time, trialNum, realDorsalTactorPos, realVentralTactorPos, boxPosX, boxPosY, boxPosZ, boxLocalRot_11, boxLocalRot_12, boxLocalRot_13, boxLocalRot_21, boxLocalRot_22, boxLocalRot_23, boxLocalRot_31, boxLocalRot_32, boxLocalRot_33, boxGlobalRot_11, boxGlobalRot_12, boxGlobalRot_13, boxGlobalRot_21, boxGlobalRot_22, boxGlobalRot_23, boxGlobalRot_31, boxGlobalRot_32, boxGlobalRot_33, indexForceX, indexForceY, indexForceZ, indexForceGlobalX, indexForceGlobalY, indexForceGlobalZ, indexContact, indexPosX, indexPosY, indexPosZ, indexRot_11, indexRot_12, indexRot_13, indexRot_21, indexRot_22, indexRot_23, indexRot_31, indexRot_32, indexRot_33, thumbForceX, thumbForceY, thumbForceZ, thumbForceGlobalX, thumbForceGlobalY, thumbForceGlobalZ, thumbContact, thumbPosX, thumbPosY, thumbPosZ, thumbRot_11, thumbRot_12, thumbRot_13, thumbRot_21, thumbRot_22, thumbRot_23, thumbRot_31, thumbRot_32, thumbRot_33, manipForceTooHigh, cceExpType, mapping, trialSuccess, 
155.46621, 13, 0.1, 0.1, 0.0327738225, 0.366476976, -0.0349711667, 0.98802983, 2.47897488e-005, 0.154262942, 0.154262942, 2.05843288e-005, -0.98802983, -2.76684104e-005, 0.999999999, 1.65137913e-005, 0.988029843, 2.95975523e-005, 0.154262854, 0.154262853, 2.86876033e-005, -0.988029843, -3.36686965e-005, 0.999999999, 2.37784054e-005, 0, 0, 0, 0, 0, 0, 0, 0.329868799, -0.181606787, -0.144075537, -0.316218524, 0.560346631, -0.765445378, -0.916381836, 0.0283203125, 0.399291992, 0.24535935, 0.827807597, 0.504616818, 0, 0, -0, 0, 0, 0, 0, 0.375917187, -0.112532568, -0.10404751, 0.173829734, 0.384436355, -0.906476466, 0.729736328, -0.668457031, -0.143554687, -0.661233401, -0.636520156, -0.396853354, 0, 1, 1, 1, 
155.509032, 13, 0.1, 0.1, 0.0327738547, 0.366476977, -0.0349679658, 0.98802853, 4.20789868e-006, 0.15427127, 0.15427127, -5.37007407e-006, -0.98802853, -3.3290758e-006, 1, -5.95494426e-006, 0.988028529, -2.44645583e-006, 0.154271272, 0.154271272, 2.31474298e-006, -0.988028529, 2.06006981e-006, 1, 2.66444996e-006, 0, 0, 0, 0, 0, 0, 0, 0.327854761, -0.179981006, -0.142063208, -0.312640076, 0.557123511, -0.769250735, -0.914306641, 0.0426025391, 0.40246582, 0.257028181, 0.829306825, 0.496197316, 0, 0, -0, 0, 0, 0, 0, 0.375094629, -0.110897119, -0.102020752, 0.174237315, 0.383159639, -0.906974465, 0.721801758, -0.676269531, -0.146972656, -0.669782552, -0.629044296, -0.394450842, 0, 1, 1, 1, 
155.509729, 13, 0.1, 0.1, 0.0327738546, 0.366476977, -0.0349686347, 0.988028541, 1.73405211e-006, 0.154271195, 0.154271195, 3.46209246e-006, -0.988028541, -2.24739412e-006, 1, 3.15313187e-006, 0.988028537, 1.54012532e-006, 0.15427122, 0.15427122, 6.38768973e-006, -0.988028537, -2.50712445e-006, 1, 6.07362273e-006, 0, 0, 0, 0, 0, 0, 0, 0.327854761, -0.179981006, -0.142063208, -0.312640076, 0.557123511, -0.769250735, -0.914306641, 0.0426025391, 0.40246582, 0.257028181, 0.829306825, 0.496197316, 0, 0, -0, 0, 0, 0, 0, 0.375094629, -0.110897119, -0.102020752, 0.174237315, 0.383159639, -0.906974465, 0.721801758, -0.676269531, -0.146972656, -0.669782552, -0.629044296, -0.394450842, 0, 1, 1, 1, 
155.510433, 13, 0.1, 0.1, 0.0327738553, 0.366476977, -0.0349694663, 0.988028556, -5.51700608e-006, 0.154271102, 0.154271102, 5.66539122e-006, -0.988028556, 4.5769534e-006, 1, 6.44868291e-006, 0.988028555, 4.50196003e-007, 0.154271107, 0.154271107, 3.80991157e-006, -0.988028555, -1.03256578e-006, 1, 3.69484919e-006, 0, 0, 0, 0, 0, 0, 0, 0.327854761, -0.179981006, -0.142063208, -0.312640076, 0.557123511, -0.769250735, -0.914306641, 0.0426025391, 0.40246582, 0.257028181, 0.829306825, 0.496197316, 0, 0, -0, 0, 0, 0, 0, 0.375094629, -0.110897119, -0.102020752, 0.174237315, 0.383159639, -0.906974465, 0.721801758, -0.676269531, -0.146972656, -0.669782552, -0.629044296, -0.394450842, 0, 1, 1, 1, 
155.511151, 13, 0.1, 0.1, 0.0327738561, 0.366476977, -0.034970106, 0.988028558, -5.05613367e-006, 0.154271085, 0.154271085, 3.75712834e-006, -0.988028558, 4.4159882e-006, 1, 4.49216533e-006, 0.988028557, -4.10083389e-006, 0.154271096, 0.154271096, -4.43976002e-006, -0.988028557, 4.73666764e-006, 1, -3.75396955e-006, 0, 0, 0, 0, 0, 0, 0, 0.327854761, -0.179981006, -0.142063208, -0.312640076, 0.557123511, -0.769250735, -0.914306641, 0.0426025391, 0.40246582, 0.257028181, 0.829306825, 0.496197316, 0, 0, -0, 0, 0, 0, 0, 0.375094629, -0.110897119, -0.102020752, 0.174237315, 0.383159639, -0.906974465, 0.721801758, -0.676269531, -0.146972656, -0.669782552, -0.629044296, -0.394450842, 0, 1, 1, 1, 
155.511855, 13, 0.1, 0.1, 0.0327738563, 0.366476977, -0.0349703893, 0.988028574, 2.60241614e-006, 0.154270983, 0.154270983, -2.96095263e-006, -0.988028574, -2.11447243e-006, 1, -3.3269831e-006, 0.988028572, -2.50158767e-006, 0.154271, 0.154271, -6.79823638e-006, -0.988028572, 3.52041082e-006, 1, -6.33092935e-006, 0, 0, 0, 0, 0, 0, 0, 0.327854761, -0.179981006, -0.142063208, -0.312640076, 0.557123511, -0.769250735, -0.914306641, 0.0426025391, 0.40246582, 0.257028181, 0.829306825, 0.496197316, 0, 0, -0, 0, 0, 0, 0, 0.375094629, -0.110897119, -0.102020752, 0.174237315, 0.383159639, -0.906974465, 0.721801758, -0.676269531, -0.146972656, -0.669782552, -0.629044296, -0.394450842, 0, 1, 1, 1, 
155.512554, 13, 0.1, 0.1, 0.0327738563, 0.366476976, -0.0349703391, 0.988028575, 3.90782257e-006, 0.15427098, 0.15427098, -5.99159328e-006, -0.988028575, -2.93671139e-006, 1, -6.52272899e-006, 0.988028575, 3.41447167e-006, 0.154270979, 0.154270979, -3.43506864e-006, -0.988028575, -2.84366418e-006, 1, -3.92069986e-006, 0, 0, 0, 0, 0, 0, 0, 0.327854761, -0.179981006, -0.142063208, -0.312640076, 0.557123511, -0.769250735, -0.914306641, 0.0426025391, 0.40246582, 0.257028181, 0.829306825, 0.496197316, 0, 0, -0, 0, 0, 0, 0, 0.375094629, -0.110897119, -0.102020752, 0.174237315, 0.383159639, -0.906974465, 0.721801758, -0.676269531, -0.146972656, -0.669782552, -0.629044296, -0.394450842, 0, 1, 1, 1, 
155.513283, 13, 0.1, 0.1, 0.0327738565, 0.366476975, -0.0349696739, 0.988028586, -1.14381088e-006, 0.154270911, 0.154270911, -3.90181688e-006, -0.988028586, 1.73205469e-006, 1, -3.67864987e-006, 0.988028582, 2.68690108e-006, 0.154270933, 0.154270933, 5.26296463e-006, -0.988028582, -3.46665752e-006, 1, 4.78544875e-006, 0, 0, 0, 0, 0, 0, 0, 0.327952905, -0.18085835, -0.141643823, -0.310805355, 0.557447021, -0.769771197, -0.914550781, 0.0447998047, 0.401733398, 0.258467877, 0.829008402, 0.496032565, 0, 0, -0, 0, 0, 0, 0, 0.375142236, -0.111534619, -0.101796045, 0.175348886, 0.383102403, -0.906802025, 0.720336914, -0.677734375, -0.147094727, -0.671015891, -0.627331914, -0.394923688, 0, 1, 1, 1, 
155.513988, 13, 0.1, 0.1, 0.0327738564, 0.366476974, -0.0349689482, 0.988028591, -2.12857052e-006, 0.154270874, 0.154270874, 2.81934818e-006, -0.988028591, 1.66814522e-006, 1, 3.11397304e-006, 0.988028592, -2.76491888e-006, 0.15427087, 0.15427087, 6.21856237e-006, -0.988028592, 1.77247588e-006, 1, 6.57066387e-006, 0, 0, 0, 0, 0, 0, 0, 0.327952905, -0.18085835, -0.141643823, -0.310805355, 0.557447021, -0.769771197, -0.914550781, 0.0447998047, 0.401733398, 0.258467877, 0.829008402, 0.496032565, 0, 0, -0, 0, 0, 0, 0, 0.375142236, -0.111534619, -0.101796045, 0.175348886, 0.383102403, -0.906802025, 0.720336914, -0.677734375, -0.147094727, -0.671015891, -0.627331914, -0.394923688, 0, 1, 1, 1, 
155.514683, 13, 0.1, 0.1, 0.0327738556, 0.366476975, -0.0349684095, 0.988028593, 3.65018396e-006, 0.154270866, 0.154270866, 5.52375222e-006, -0.988028593, -4.45864016e-006, 1, 4.89450809e-006, 0.98802859, -1.56205928e-006, 0.15427088, 0.15427088, 2.18115209e-006, -0.98802859, 1.20687098e-006, 1, 2.39602088e-006, 0, 0, 0, 0, 0, 0, 0, 0.327952905, -0.18085835, -0.141643823, -0.310805355, 0.557447021, -0.769771197, -0.914550781, 0.0447998047, 0.401733398, 0.258467877, 0.829008402, 0.496032565, 0, 0, -0, 0, 0, 0, 0, 0.375142236, -0.111534619, -0.101796045, 0.175348886, 0.383102403, -0.906802025, 0.720336914, -0.677734375, -0.147094727, -0.671015891, -0.627331914, -0.394923688, 0, 1, 1, 1, 
155.515386, 13, 0.1, 0.1, 0.0327738548, 0.366476975, -0.0349681978, 0.988028604, 3.29455867e-006, 0.154270792, 0.154270792, 2.78691938e-006, -0.988028604, -3.68505847e-006, 1, 2.24530188e-006, 0.988028603, 4.98646169e-006, 0.154270798, 0.154270798, -5.81484598e-006, -0.988028603, -4.02970585e-006, 1, -6.51449958e-006, 0, 0, 0, 0, 0, 0, 0, 0.327952905, -0.18085835, -0.141643823, -0.310805355, 0.557447021, -0.769771197, -0.914550781, 0.0447998047, 0.401733398, 0.258467877, 0.829008402, 0.496032565, 0, 0, -0, 0, 0, 0, 0, 0.375142236, -0.111534619, -0.101796045, 0.175348886, 0.383102403, -0.906802025, 0.720336914, -0.677734375, -0.147094727, -0.671015891, -0.627331914, -0.394923688, 0, 1, 1, 1, 
155.516087, 13, 0.1, 0.1, 0.0327738548, 0.366476976, -0.0349683652, 0.988028599, -1.85868757e-006, 0.154270822, 0.154270822, -5.52475993e-006, -0.988028599, 2.68874574e-006, 1, -5.17187955e-006, 0.9880286, 4.25750443e-006, 0.154270818, 0.154270818, -8.0889382e-006, -0.9880286, -2.95864903e-006, 1, -8.64891098e-006, 0, 0, 0, 0, 0, 0, 0, 0.327952905, -0.18085835, -0.141643823, -0.310805355, 0.557447021, -0.769771197, -0.914550781, 0.0447998047, 0.401733398, 0.258467877, 0.829008402, 0.496032565, 0, 0, -0, 0, 0, 0, 0, 0.375142236, -0.111534619, -0.101796045, 0.175348886, 0.383102403, -0.906802025, 0.720336914, -0.677734375, -0.147094727, -0.671015891, -0.627331914, -0.394923688, 0, 1, 1, 1, 
155.516791, 13, 0.1, 0.1, 0.0327738552, 0.366476975, -0.034968845, 0.98802861, -1.94055151e-006, 0.154270757, 0.154270757, -6.94454426e-006, -0.98802861, 2.98866051e-006, 1, -6.56203806e-006, 0.988028607, -2.31300122e-006, 0.154270772, 0.154270772, -4.56939885e-006, -0.988028607, 2.99023606e-006, 1, -4.1578683e-006, 0, 0, 0, 0, 0, 0, 0, 0.327952905, -0.18085835, -0.141643823, -0.310805355, 0.557447021, -0.769771197, -0.914550781, 0.0447998047, 0.401733398, 0.258467877, 0.829008402, 0.496032565, 0, 0, -0, 0, 0, 0, 0, 0.375142236, -0.111534619, -0.101796045, 0.175348886, 0.383102403, -0.906802025, 0.720336914, -0.677734375, -0.147094727, -0.671015891, -0.627331914, -0.394923688, 0, 1, 1, 1, 
155.517503, 13, 0.1, 0.1, 0.0327738553, 0.366476974, -0.0349693921, 0.988028609, 3.1444434e-006, 0.154270764, 0.154270764, -3.12173149e-006, -0.988028609, -2.62520813e-006, 1, -3.56945571e-006, 0.98802861, -4.08390692e-006, 0.154270753, 0.154270753, 4.92620015e-006, -0.98802861, 3.27504828e-006, 1, 5.49725408e-006, 0, 0, 0, 0, 0, 0, 0, 0.327952905, -0.18085835, -0.141643823, -0.311762781, 0.557649964, -0.769244744, -0.913696289, 0.0457763672, 0.403564453, 0.260226214, 0.828729075, 0.495454816, 0, 0, -0, 0, 0, 0, 0, 0.375142236, -0.111534619, -0.101796045, 0.175348886, 0.383102403, -0.906802025, 0.720336914, -0.677734375, -0.147094727, -0.671015891, -0.627331914, -0.394923688, 0, 1, 1, 1, 
155.518221, 13, 0.1, 0.1, 0.0327738554, 0.366476973, -0.0349695641, 0.988028611, 1.60988739e-006, 0.154270748, 0.154270748, 5.14839958e-006, -0.988028611, -2.38486225e-006, 1, 4.83840755e-006, 0.988028609, 1.18575283e-006, 0.154270762, 0.154270762, 8.18593714e-006, -0.988028609, -2.43440848e-006, 1, 7.90501309e-006, 0, 0, 0, 0, 0, 0, 0, 0.327686084, -0.181295312, -0.141618677, -0.311762781, 0.557649964, -0.769244744, -0.913696289, 0.0457763672, 0.403564453, 0.260226214, 0.828729075, 0.495454816, 0, 0, -0, 0, 0, 0, 0, 0.374753955, -0.111975732, -0.102233496, 0.173463697, 0.382878923, -0.907236225, 0.718994141, -0.678833008, -0.148925781, -0.67293243, -0.626373461, -0.393128184, 0, 1, 1, 1, 
155.518925, 13, 0.1, 0.1, 0.0327738558, 0.366476973, -0.0349696584, 0.988028617, -4.45172864e-006, 0.15427071, 0.15427071, 6.63819614e-006, -0.988028617, 3.37435607e-006, 1, 7.24549909e-006, 0.988028618, 1.40131025e-006, 0.154270704, 0.154270704, 5.06649526e-006, -0.988028618, -2.16614642e-006, 1, 4.78966119e-006, 0, 0, 0, 0, 0, 0, 0, 0.327686084, -0.181295312, -0.141618677, -0.311762781, 0.557649964, -0.769244744, -0.913696289, 0.0457763672, 0.403564453, 0.260226214, 0.828729075, 0.495454816, 0, 0, -0, 0, 0, 0, 0, 0.374753955, -0.111975732, -0.102233496, 0.173463697, 0.382878923, -0.907236225, 0.718994141, -0.678833008, -0.148925781, -0.67293243, -0.626373461, -0.393128184, 0, 1, 1, 1, 
155.519622, 13, 0.1, 0.1, 0.0327738561, 0.366476973, -0.0349696648, 0.988028612, -3.43428041e-006, 0.15427074, 0.15427074, 3.3873779e-006, -0.988028612, 2.87059401e-006, 1, 3.87663526e-006, 0.988028612, -2.41283195e-006, 0.154270742, 0.154270742, -4.70305602e-006, -0.988028612, 3.10949094e-006, 1, -4.27452453e-006, 0, 0, 0, 0, 0, 0, 0, 0.327686084, -0.181295312, -0.141618677, -0.311762781, 0.557649964, -0.769244744, -0.913696289, 0.0457763672, 0.403564453, 0.260226214, 0.828729075, 0.495454816, 0, 0, -0, 0, 0, 0, 0, 0.374753955, -0.111975732, -0.102233496, 0.173463697, 0.382878923, -0.907236225, 0.718994141, -0.678833008, -0.148925781, -0.67293243, -0.626373461, -0.393128184, 0, 1, 1, 1, 
155.520326, 13, 0.1, 0.1, 0.0327738558, 0.366476973, -0.0349695778, 0.988028622, 3.59245407e-006, 0.154270678, 0.154270678, -4.44787336e-006, -0.988028622, -2.863271e-006, 1, -4.94883651e-006, 0.98802862, -1.27445985e-006, 0.154270688, 0.154270688, -8.22583408e-006, -0.98802862, 2.52820789e-006, 1, -7.9307477e-006, 0, 0, 0, 0, 0, 0, 0, 0.327686084, -0.181295312, -0.141618677, -0.311762781, 0.557649964, -0.769244744, -0.913696289, 0.0457763672, 0.403564453, 0.260226214, 0.828729075, 0.495454816, 0, 0, -0, 0, 0, 0, 0, 0.374753955, -0.111975732, -0.102233496, 0.173463697, 0.382878923, -0.907236225, 0.718994141, -0.678833008, -0.148925781, -0.67293243, -0.626373461, -0.393128184, 0, 1, 1, 1, 
155.521033, 13, 0.1, 0.1, 0.0327738556, 0.366476973, -0.0349694114, 0.988028617, 4.13667549e-006, 0.154270712, 0.154270712, -7.7770973e-006, -0.988028617, -2.88737542e-006, 1, -8.32216256e-006, 0.988028618, 3.8154057e-006, 0.154270704, 0.154270704, -5.22682407e-006, -0.988028618, -2.96338419e-006, 1, -5.75285708e-006, 0, 0, 0, 0, 0, 0, 0, 0.327686084, -0.181295312, -0.141618677, -0.311762781, 0.557649964, -0.769244744, -0.913696289, 0.0457763672, 0.403564453, 0.260226214, 0.828729075, 0.495454816, 0, 0, -0, 0, 0, 0, 0, 0.374753955, -0.111975732, -0.102233496, 0.173463697, 0.382878923, -0.907236225, 0.718994141, -0.678833008, -0.148925781, -0.67293243, -0.626373461, -0.393128184, 0, 1, 1, 1, 
155.521729, 13, 0.1, 0.1, 0.0327738558, 0.366476972, -0.0349692399, 0.988028622, -1.57288849e-006, 0.154270681, 0.154270681, -5.63598099e-006, -0.988028622, 2.42352547e-006, 1, -5.32585996e-006, 0.988028619, 2.60257772e-006, 0.154270695, 0.154270695, 3.31892989e-006, -0.988028619, -3.0834349e-006, 1, 2.87769624e-006, 0, 0, 0, 0, 0, 0, 0, 0.327686084, -0.181295312, -0.141618677, -0.311762781, 0.557649964, -0.769244744, -0.913696289, 0.0457763672, 0.403564453, 0.260226214, 0.828729075, 0.495454816, 0, 0, -0, 0, 0, 0, 0, 0.374753955, -0.111975732, -0.102233496, 0.173463697, 0.382878923, -0.907236225, 0.718994141, -0.678833008, -0.148925781, -0.67293243, -0.626373461, -0.393128184, 0, 1, 1, 1, 
155.522449, 13, 0.1, 0.1, 0.0327738561, 0.366476972, -0.0349690348, 0.988028622, -3.31643304e-006, 0.154270676, 0.154270676, 3.03059387e-006, -0.988028622, 2.809199e-006, 1, 3.50594186e-006, 0.988028624, -3.82625393e-006, 0.154270665, 0.154270665, 6.20593288e-006, -0.988028624, 2.82305501e-006, 1, 6.72191807e-006, 0, 0, 0, 0, 0, 0, 0, 0.327686084, -0.181295312, -0.141618677, -0.313952091, 0.558233705, -0.767943589, -0.912963867, 0.0444335937, 0.405395508, 0.260449374, 0.828513028, 0.495866693, 0, 0, -0, 0, 0, 0, 0, 0.374753955, -0.111975732, -0.102233496, 0.173463697, 0.382878923, -0.907236225, 0.718994141, -0.678833008, -0.148925781, -0.67293243, -0.626373461, -0.393128184, 0, 1, 1, 1, 
155.523165, 13, 0.1, 0.1, 0.0327738557, 0.366476972, -0.0349686477, 0.988028619, 2.11200762e-006, 0.154270698, 0.154270698, 7.27250457e-006, -0.988028619, -3.20865834e-006, 1, 6.85962176e-006, 0.988028617, -3.01814763e-006, 0.154270708, 0.154270708, 3.62164772e-006, -0.988028617, 2.42330208e-006, 1, 4.04390336e-006, 0, 0, 0, 0, 0, 0, 0, 0.327128394, -0.181042896, -0.14177417, -0.313952091, 0.558233705, -0.767943589, -0.912963867, 0.0444335937, 0.405395508, 0.260449374, 0.828513028, 0.495866693, 0, 0, -0, 0, 0, 0, 0, 0.374338086, -0.111932764, -0.102669482, 0.17068422, 0.383658372, -0.907497985, 0.719238281, -0.677978516, -0.151367187, -0.673347308, -0.626782509, -0.391805526, 0, 1, 1, 1, 
155.523875, 13, 0.1, 0.1, 0.0327738554, 0.366476972, -0.0349685061, 0.988028626, 1.74233347e-006, 0.154270653, 0.154270653, 6.15160373e-006, -0.988028626, -2.67048727e-006, 1, 5.80916966e-006, 0.988028626, 3.51014213e-006, 0.154270652, 0.154270652, -3.27143316e-006, -0.988028626, -2.96343478e-006, 1, -3.77378152e-006, 0, 0, 0, 0, 0, 0, 0, 0.327128394, -0.181042896, -0.14177417, -0.313952091, 0.558233705, -0.767943589, -0.912963867, 0.0444335937, 0.405395508, 0.260449374, 0.828513028, 0.495866693, 0, 0, -0, 0, 0, 0, 0, 0.374338086, -0.111932764, -0.102669482, 0.17068422, 0.383658372, -0.907497985, 0.719238281, -0.677978516, -0.151367187, -0.673347308, -0.626782509, -0.391805526, 0, 1, 1, 1, 
155.524573, 13, 0.1, 0.1, 0.0327738559, 0.366476971, -0.0349685366, 0.988028617, -3.11005708e-006, 0.154270707, 0.154270707, -3.18537603e-006, -0.988028617, 3.56423561e-006, 1, -2.66745197e-006, 0.988028619, 2.98463459e-006, 0.154270699, 0.154270699, -5.35732526e-006, -0.988028619, -2.12242608e-006, 1, -5.75363234e-006, 0, 0, 0, 0, 0, 0, 0, 0.327128394, -0.181042896, -0.14177417, -0.313952091, 0.558233705, -0.767943589, -0.912963867, 0.0444335937, 0.405395508, 0.260449374, 0.828513028, 0.495866693, 0, 0, -0, 0, 0, 0, 0, 0.374338086, -0.111932764, -0.102669482, 0.17068422, 0.383658372, -0.907497985, 0.719238281, -0.677978516, -0.151367187, -0.673347308, -0.626782509, -0.391805526, 0, 1, 1, 1, 
155.5253, 13, 0.1, 0.1, 0.0327738564, 0.36647697, -0.0349685482, 0.988028625, -1.90201369e-006, 0.154270657, 0.154270657, -6.92786117e-006, -0.988028625, 2.94800967e-006, 1, -6.55150025e-006, 0.988028623, -2.48554022e-006, 0.154270669, 0.154270669, -4.06888272e-006, -0.988028623, 3.08349414e-006, 1, -3.63672664e-006, 0, 0, 0, 0, 0, 0, 0, 0.326992407, -0.179685132, -0.141923682, -0.316460041, 0.558595407, -0.766591139, -0.912841797, 0.0402832031, 0.40625, 0.257880388, 0.82845574, 0.497382773, 0, 0, -0, 0, 0, 0, 0, 0.37393125, -0.110737695, -0.102867578, 0.167470542, 0.38545351, -0.907318981, 0.721313477, -0.675170898, -0.153686523, -0.671966681, -0.628680458, -0.391172998, 0, 1, 1, 1, 
155.526008, 13, 0.1, 0.1, 0.0327738564, 0.366476969, -0.0349687233, 0.988028622, 3.68881481e-006, 0.154270679, 0.154270679, -5.03643272e-006, -0.988028622, -2.86768072e-006, 1, -5.54521564e-006, 0.988028624, -3.28046464e-006, 0.154270666, 0.154270666, 2.8784539e-006, -0.988028624, 2.79713196e-006, 1, 3.35007431e-006, 0, 0, 0, 0, 0, 0, 0, 0.326992407, -0.179685132, -0.141923682, -0.316460041, 0.558595407, -0.766591139, -0.912841797, 0.0402832031, 0.40625, 0.257880388, 0.82845574, 0.497382773, 0, 0, -0, 0, 0, 0, 0, 0.37393125, -0.110737695, -0.102867578, 0.167470542, 0.38545351, -0.907318981, 0.721313477, -0.675170898, -0.153686523, -0.671966681, -0.628680458, -0.391172998, 0, 1, 1, 1, 
155.526705, 13, 0.1, 0.1, 0.0327738561, 0.366476969, -0.0349690481, 0.988028622, 2.86226898e-006, 0.154270676, 0.154270676, 2.41458506e-006, -0.988028622, -3.20050335e-006, 1, 1.94411498e-006, 0.98802862, 2.40203295e-006, 0.154270688, 0.154270688, 5.53128409e-006, -0.98802862, -3.2265923e-006, 1, 5.09450372e-006, 0, 0, 0, 0, 0, 0, 0, 0.326992407, -0.179685132, -0.141923682, -0.316460041, 0.558595407, -0.766591139, -0.912841797, 0.0402832031, 0.40625, 0.257880388, 0.82845574, 0.497382773, 0, 0, -0, 0, 0, 0, 0, 0.37393125, -0.110737695, -0.102867578, 0.167470542, 0.38545351, -0.907318981, 0.721313477, -0.675170898, -0.153686523, -0.671966681, -0.628680458, -0.391172998, 0, 1, 1, 1, 
155.527406, 13, 0.1, 0.1, 0.0327738562, 0.36647697, -0.0349694432, 0.988028627, -3.85275796e-006, 0.154270648, 0.154270648, 4.14817162e-006, -0.988028627, 3.16669403e-006, 1, 4.69287978e-006, 0.988028628, 2.08754204e-006, 0.154270641, 0.154270641, 2.27917033e-006, -0.988028628, -2.41416036e-006, 1, 1.92983909e-006, 0, 0, 0, 0, 0, 0, 0, 0.326992407, -0.179685132, -0.141923682, -0.316460041, 0.558595407, -0.766591139, -0.912841797, 0.0402832031, 0.40625, 0.257880388, 0.82845574, 0.497382773, 0, 0, -0, 0, 0, 0, 0, 0.37393125, -0.110737695, -0.102867578, 0.167470542, 0.38545351, -0.907318981, 0.721313477, -0.675170898, -0.153686523, -0.671966681, -0.628680458, -0.391172998, 0, 1, 1, 1, 
155.528109, 13, 0.1, 0.1, 0.0327738565, 0.366476971, -0.0349698212, 0.98802862, -3.52906021e-006, 0.154270688, 0.154270688, 2.95141887e-006, -0.98802862, 3.03149507e-006, 1, 3.46051686e-006, 0.98802862, -2.40884716e-006, 0.154270689, 0.154270689, -5.50407709e-006, -0.98802862, 3.22912769e-006, 1, -5.06657118e-006, 0, 0, 0, 0, 0, 0, 0, 0.326992407, -0.179685132, -0.141923682, -0.316460041, 0.558595407, -0.766591139, -0.912841797, 0.0402832031, 0.40625, 0.257880388, 0.82845574, 0.497382773, 0, 0, -0, 0, 0, 0, 0, 0.37393125, -0.110737695, -0.102867578, 0.167470542, 0.38545351, -0.907318981, 0.721313477, -0.675170898, -0.153686523, -0.671966681, -0.628680458, -0.391172998, 0, 1, 1, 1, 
155.528809, 13, 0.1, 0.1, 0.0327738563, 0.36647697, -0.034970071, 0.988028629, 3.19496498e-006, 0.154270635, 0.154270635, -2.50565862e-006, -0.988028629, -2.77016733e-006, 1, -2.96855173e-006, 0.988028627, -1.70729979e-006, 0.154270643, 0.154270643, -6.66047529e-006, -0.988028627, 2.71437688e-006, 1, -6.31735403e-006, 0, 0, 0, 0, 0, 0, 0, 0.326992407, -0.179685132, -0.141923682, -0.316460041, 0.558595407, -0.766591139, -0.912841797, 0.0402832031, 0.40625, 0.257880388, 0.82845574, 0.497382773, 0, 0, -0, 0, 0, 0, 0, 0.37393125, -0.110737695, -0.102867578, 0.167470542, 0.38545351, -0.907318981, 0.721313477, -0.675170898, -0.153686523, -0.671966681, -0.628680458, -0.391172998, 0, 1, 1, 1, 
155.529507, 13, 0.1, 0.1, 0.0327738563, 0.366476969, -0.0349701123, 0.988028623, 3.1498206e-006, 0.154270675, 0.154270675, -4.6060488e-006, -0.988028623, -2.40153465e-006, 1, -5.036833e-006, 0.988028624, 2.92615019e-006, 0.154270665, 0.154270665, -2.06141693e-006, -0.988028624, -2.57310399e-006, 1, -2.48815807e-006, 0, 0, 0, 0, 0, 0, 0, 0.326992407, -0.179685132, -0.141923682, -0.316460041, 0.558595407, -0.766591139, -0.912841797, 0.0402832031, 0.40625, 0.257880388, 0.82845574, 0.497382773, 0, 0, -0, 0, 0, 0, 0, 0.37393125, -0.110737695, -0.102867578, 0.167470542, 0.38545351, -0.907318981, 0.721313477, -0.675170898, -0.153686523, -0.671966681, -0.628680458, -0.391172998, 0, 1, 1, 1, 
155.530235, 13, 0.1, 0.1, 0.0327738571, 0.366476967, -0.0349696218, 0.988028627, -2.84000197e-006, 0.154270643, 0.154270643, -2.8504957e-006, -0.988028627, 3.24575105e-006, 1, -2.37824243e-006, 0.988028625, 1.12826675e-006, 0.154270658, 0.154270658, 6.51412607e-006, -0.988028625, -2.11969836e-006, 1, 6.26208457e-006, 0, 0, 0, 0, 0, 0, 0, 0.326511719, -0.177837427, -0.142887549, -0.321404427, 0.559845265, -0.763715495, -0.911499023, 0.0354003906, 0.409545898, 0.256315255, 0.827763414, 0.49915197, 0, 0, -0, 0, 0, 0, 0, 0.373689551, -0.109321094, -0.103513623, 0.163407054, 0.387261408, -0.907312417, 0.723388672, -0.672363281, -0.156616211, -0.670675373, -0.630699809, -0.390067624, 0, 1, 1, 1, 
155.530939, 13, 0.1, 0.1, 0.0327738575, 0.366476967, -0.0349690821, 0.988028628, -3.50741267e-006, 0.154270639, 0.154270639, 3.29487165e-006, -0.988028628, 2.95712218e-006, 1, 3.79651831e-006, 0.98802863, -4.2583786e-006, 0.154270629, 0.154270629, 6.79482409e-006, -0.98802863, 3.15915819e-006, 1, 7.37042348e-006, 0, 0, 0, 0, 0, 0, 0, 0.326511719, -0.177837427, -0.142887549, -0.321404427, 0.559845265, -0.763715495, -0.911499023, 0.0354003906, 0.409545898, 0.256315255, 0.827763414, 0.49915197, 0, 0, -0, 0, 0, 0, 0, 0.373689551, -0.109321094, -0.103513623, 0.163407054, 0.387261408, -0.907312417, 0.723388672, -0.672363281, -0.156616211, -0.670675373, -0.630699809, -0.390067624, 0, 1, 1, 1, 
155.531634, 13, 0.1, 0.1, 0.0327738571, 0.366476967, -0.0349686781, 0.988028625, 2.75196619e-006, 0.15427066, 0.15427066, 5.3602744e-006, -0.988028625, -3.54595444e-006, 1, 4.87155691e-006, 0.988028623, -2.50435333e-006, 0.154270669, 0.154270669, 2.21601715e-006, -0.988028623, 2.13250632e-006, 1, 2.57583664e-006, 0, 0, 0, 0, 0, 0, 0, 0.326511719, -0.177837427, -0.142887549, -0.321404427, 0.559845265, -0.763715495, -0.911499023, 0.0354003906, 0.409545898, 0.256315255, 0.827763414, 0.49915197, 0, 0, -0, 0, 0, 0, 0, 0.373689551, -0.109321094, -0.103513623, 0.163407054, 0.387261408, -0.907312417, 0.723388672, -0.672363281, -0.156616211, -0.670675373, -0.630699809, -0.390067624, 0, 1, 1, 1, 
155.532335, 13, 0.1, 0.1, 0.0327738565, 0.366476968, -0.034968529, 0.988028632, 2.99516615e-006, 0.154270612, 0.154270612, 2.07542743e-006, -0.988028632, -3.27948738e-006, 1, 1.58851561e-006, 0.988028632, 4.55083858e-006, 0.154270613, 0.154270613, -6.3948267e-006, -0.988028632, -3.50982498e-006, 1, -7.02033253e-006, 0, 0, 0, 0, 0, 0, 0, 0.326511719, -0.177837427, -0.142887549, -0.321404427, 0.559845265, -0.763715495, -0.911499023, 0.0354003906, 0.409545898, 0.256315255, 0.827763414, 0.49915197, 0, 0, -0, 0, 0, 0, 0, 0.373689551, -0.109321094, -0.103513623, 0.163407054, 0.387261408, -0.907312417, 0.723388672, -0.672363281, -0.156616211, -0.670675373, -0.630699809, -0.390067624, 0, 1, 1, 1, 
155.533038, 13, 0.1, 0.1, 0.0327738565, 0.366476969, -0.0349686664, 0.988028624, -1.69044885e-006, 0.154270664, 0.154270664, -6.25893644e-006, -0.988028624, 2.63578213e-006, 1, -5.92322169e-006, 0.988028626, 4.32051138e-006, 0.154270656, 0.154270656, -8.80390973e-006, -0.988028625, -2.910604e-006, 1, -9.36504295e-006, 0, 0, 0, 0, 0, 0, 0, 0.326511719, -0.177837427, -0.142887549, -0.321404427, 0.559845265, -0.763715495, -0.911499023, 0.0354003906, 0.409545898, 0.256315255, 0.827763414, 0.49915197, 0, 0, -0, 0, 0, 0, 0, 0.373689551, -0.109321094, -0.103513623, 0.163407054, 0.387261408, -0.907312417, 0.723388672, -0.672363281, -0.156616211, -0.670675373, -0.630699809, -0.390067624, 0, 1, 1, 1, 
155.533737, 13, 0.1, 0.1, 0.0327738566, 0.366476968, -0.0349690304, 0.988028631, -1.2354781e-006, 0.154270618, 0.154270618, -7.47392263e-006, -0.988028631, 2.3736944e-006, 1, -7.19385158e-006, 0.98802863, -1.6637736e-006, 0.154270629, 0.154270629, -5.20815131e-006, -0.98802863, 2.44732073e-006, 1, -4.8891312e-006, 0, 0, 0, 0, 0, 0, 0, 0.326511719, -0.177837427, -0.142887549, -0.321404427, 0.559845265, -0.763715495, -0.911499023, 0.0354003906, 0.409545898, 0.256315255, 0.827763414, 0.49915197, 0, 0, -0, 0, 0, 0, 0, 0.373689551, -0.109321094, -0.103513623, 0.163407054, 0.387261408, -0.907312417, 0.723388672, -0.672363281, -0.156616211, -0.670675373, -0.630699809, -0.390067624, 0, 1, 1, 1, 
155.534449, 13, 0.1, 0.1, 0.0327738564, 0.366476967, -0.0349694323, 0.988028628, 4.1727894e-006, 0.154270642, 0.154270642, -3.30145312e-006, -0.988028628, -3.61351809e-006, 1, -3.90566909e-006, 0.98802863, -3.03035208e-006, 0.154270627, 0.154270627, 4.61805831e-006, -0.98802863, 2.28164386e-006, 1, 5.03026815e-006, 0, 0, 0, 0, 0, 0, 0, 0.326511719, -0.177837427, -0.142887549, -0.324196574, 0.559743794, -0.762528916, -0.910400391, 0.0340576172, 0.412109375, 0.256633896, 0.827903077, 0.498840443, 0, 0, -0, 0, 0, 0, 0, 0.373689551, -0.109321094, -0.103513623, 0.163407054, 0.387261408, -0.907312417, 0.723388672, -0.672363281, -0.156616211, -0.670675373, -0.630699809, -0.390067624, 0, 1, 1, 1, 
155.535163, 13, 0.1, 0.1, 0.032773856, 0.366476966, -0.0349694992, 0.988028628, 2.53500276e-006, 0.15427064, 0.15427064, 5.49868876e-006, -0.988028628, -3.35294154e-006, 1, 5.04178541e-006, 0.988028626, 2.20968318e-006, 0.154270651, 0.154270651, 8.40462273e-006, -0.988028626, -3.47981686e-006, 1, 7.96311858e-006, 0, 0, 0, 0, 0, 0, 0, 0.325923511, -0.176949219, -0.143720825, -0.324196574, 0.559743794, -0.762528916, -0.910400391, 0.0340576172, 0.412109375, 0.256633896, 0.827903077, 0.498840443, 0, 0, -0, 0, 0, 0, 0, 0.373322021, -0.108450098, -0.103956201, 0.161183545, 0.387242084, -0.907708338, 0.723999023, -0.671386719, -0.157836914, -0.670540845, -0.631683782, -0.388636325, 0, 1, 1, 1, 
155.535863, 13, 0.1, 0.1, 0.0327738562, 0.366476966, -0.034969577, 0.988028632, -4.07457368e-006, 0.154270614, 0.154270614, 7.15087694e-006, -0.988028632, 2.92262528e-006, 1, 7.69385814e-006, 0.988028633, 1.94222401e-006, 0.154270607, 0.154270607, 5.59910124e-006, -0.988028633, -2.78274968e-006, 1, 5.23244427e-006, 0, 0, 0, 0, 0, 0, 0, 0.325923511, -0.176949219, -0.143720825, -0.324196574, 0.559743794, -0.762528916, -0.910400391, 0.0340576172, 0.412109375, 0.256633896, 0.827903077, 0.498840443, 0, 0, -0, 0, 0, 0, 0, 0.373322021, -0.108450098, -0.103956201, 0.161183545, 0.387242084, -0.907708338, 0.723999023, -0.671386719, -0.157836914, -0.670540845, -0.631683782, -0.388636325, 0, 1, 1, 1, 
155.536564, 13, 0.1, 0.1, 0.0327738565, 0.366476966, -0.0349695766, 0.988028625, -3.77671275e-006, 0.154270656, 0.154270656, 3.69523483e-006, -0.988028625, 3.16143401e-006, 1, 4.23363375e-006, 0.988028625, -2.63001373e-006, 0.154270656, 0.154270656, -4.3888002e-006, -0.988028625, 3.27559194e-006, 1, -3.93052628e-006, 0, 0, 0, 0, 0, 0, 0, 0.325923511, -0.176949219, -0.143720825, -0.324196574, 0.559743794, -0.762528916, -0.910400391, 0.0340576172, 0.412109375, 0.256633896, 0.827903077, 0.498840443, 0, 0, -0, 0, 0, 0, 0, 0.373322021, -0.108450098, -0.103956201, 0.161183545, 0.387242084, -0.907708338, 0.723999023, -0.671386719, -0.157836914, -0.670540845, -0.631683782, -0.388636325, 0, 1, 1, 1, 
155.537296, 13, 0.1, 0.1, 0.0327738566, 0.366476967, -0.0349693037, 0.988028634, 2.4807721e-006, 0.1542706, 0.1542706, -5.37834786e-006, -0.988028634, -1.62135292e-006, 1, -5.69667189e-006, 0.988028633, -2.39042432e-006, 0.154270608, 0.154270608, -9.26519193e-006, -0.988028633, 3.79115447e-006, 1, -8.7855027e-006, 0, 0, 0, 0, 0, 0, 0, 0.324974023, -0.176715112, -0.144357227, -0.325439319, 0.559965833, -0.761818616, -0.909301758, 0.0352783203, 0.414428711, 0.25893179, 0.827744318, 0.497862799, 0, 0, -0, 0, 0, 0, 0, 0.372573926, -0.108469873, -0.104180664, 0.160301651, 0.3868396, -0.90806598, 0.723388672, -0.67199707, -0.158569336, -0.671492735, -0.631357856, -0.38756923, 0, 1, 1, 1, 
155.538002, 13, 0.1, 0.1, 0.0327738569, 0.366476967, -0.034968873, 0.988028627, 2.92190623e-006, 0.154270643, 0.154270643, -8.35409812e-006, -0.988028627, -1.59813491e-006, 1, -8.70485245e-006, 0.988028629, 2.55443652e-006, 0.154270633, 0.154270633, -5.91071085e-006, -0.988028629, -1.61200731e-006, 1, -6.23402608e-006, 0, 0, 0, 0, 0, 0, 0, 0.324974023, -0.176715112, -0.144357227, -0.325439319, 0.559965833, -0.761818616, -0.909301758, 0.0352783203, 0.414428711, 0.25893179, 0.827744318, 0.497862799, 0, 0, -0, 0, 0, 0, 0, 0.372573926, -0.108469873, -0.104180664, 0.160301651, 0.3868396, -0.90806598, 0.723388672, -0.67199707, -0.158569336, -0.671492735, -0.631357856, -0.38756923, 0, 1, 1, 1, 
155.538699, 13, 0.1, 0.1, 0.0327738574, 0.366476966, -0.034968601, 0.988028631, -2.27818494e-006, 0.154270618, 0.154270618, -5.1273389e-006, -0.988028631, 3.04190969e-006, 1, -4.71450064e-006, 0.988028629, 1.71777461e-006, 0.154270631, 0.154270631, 3.78789797e-006, -0.988028629, -2.28157191e-006, 1, 3.47754947e-006, 0, 0, 0, 0, 0, 0, 0, 0.324974023, -0.176715112, -0.144357227, -0.325439319, 0.559965833, -0.761818616, -0.909301758, 0.0352783203, 0.414428711, 0.25893179, 0.827744318, 0.497862799, 0, 0, -0, 0, 0, 0, 0, 0.372573926, -0.108469873, -0.104180664, 0.160301651, 0.3868396, -0.90806598, 0.723388672, -0.67199707, -0.158569336, -0.671492735, -0.631357856, -0.38756923, 0, 1, 1, 1, 
155.539402, 13, 0.1, 0.1, 0.0327738576, 0.366476965, -0.0349685783, 0.988028631, -3.03923752e-006, 0.154270618, 0.154270618, 4.33591153e-006, -0.988028631, 2.33394994e-006, 1, 4.75286978e-006, 0.988028633, -3.69249592e-006, 0.154270607, 0.154270607, 7.2111985e-006, -0.988028633, 2.53581573e-006, 1, 7.69451418e-006, 0, 0, 0, 0, 0, 0, 0, 0.324974023, -0.176715112, -0.144357227, -0.325439319, 0.559965833, -0.761818616, -0.909301758, 0.0352783203, 0.414428711, 0.25893179, 0.827744318, 0.497862799, 0, 0, -0, 0, 0, 0, 0, 0.372573926, -0.108469873, -0.104180664, 0.160301651, 0.3868396, -0.90806598, 0.723388672, -0.67199707, -0.158569336, -0.671492735, -0.631357856, -0.38756923, 0, 1, 1, 1, 
155.54011, 13, 0.1, 0.1, 0.0327738573, 0.366476965, -0.0349687408, 0.988028628, 2.14334272e-006, 0.154270642, 0.154270642, 8.81673497e-006, -0.988028628, -3.47784734e-006, 1, 8.3805317e-006, 0.988028626, -2.9883124e-006, 0.15427065, 0.15427065, 5.3836407e-006, -0.988028626, 2.12200045e-006, 1, 5.78020002e-006, 0, 0, 0, 0, 0, 0, 0, 0.324974023, -0.176715112, -0.144357227, -0.325439319, 0.559965833, -0.761818616, -0.909301758, 0.0352783203, 0.414428711, 0.25893179, 0.827744318, 0.497862799, 0, 0, -0, 0, 0, 0, 0, 0.372573926, -0.108469873, -0.104180664, 0.160301651, 0.3868396, -0.90806598, 0.723388672, -0.67199707, -0.158569336, -0.671492735, -0.631357856, -0.38756923, 0, 1, 1, 1, 
155.540811, 13, 0.1, 0.1, 0.0327738568, 0.366476965, -0.0349691188, 0.988028634, 2.61920825e-006, 0.154270599, 0.154270599, 6.2699231e-006, -0.988028634, -3.55511755e-006, 1, 5.79079673e-006, 0.988028634, 4.17234087e-006, 0.154270599, 0.154270599, -2.26719136e-006, -0.988028634, -3.77263128e-006, 1, -2.88371951e-006, 0, 0, 0, 0, 0, 0, 0, 0.324974023, -0.176715112, -0.144357227, -0.325439319, 0.559965833, -0.761818616, -0.909301758, 0.0352783203, 0.414428711, 0.25893179, 0.827744318, 0.497862799, 0, 0, -0, 0, 0, 0, 0, 0.372573926, -0.108469873, -0.104180664, 0.160301651, 0.3868396, -0.90806598, 0.723388672, -0.67199707, -0.158569336, -0.671492735, -0.631357856, -0.38756923, 0, 1, 1, 1, 
155.541502, 13, 0.1, 0.1, 0.0327738568, 0.366476964, -0.0349695679, 0.988028626, -1.48849391e-006, 0.154270651, 0.154270651, -4.04553584e-006, -0.988028626, 2.09478204e-006, 1, -3.76747429e-006, 0.988028627, 4.17505176e-006, 0.154270644, 0.154270644, -5.90246831e-006, -0.988028627, -3.21449308e-006, 1, -6.47589558e-006, 0, 0, 0, 0, 0, 0, 0, 0.324974023, -0.176715112, -0.144357227, -0.325439319, 0.559965833, -0.761818616, -0.909301758, 0.0352783203, 0.414428711, 0.25893179, 0.827744318, 0.497862799, 0, 0, -0, 0, 0, 0, 0, 0.372573926, -0.108469873, -0.104180664, 0.160301651, 0.3868396, -0.90806598, 0.723388672, -0.67199707, -0.158569336, -0.671492735, -0.631357856, -0.38756923, 0, 1, 1, 1, 
155.54223, 13, 0.1, 0.1, 0.0327738567, 0.366476964, -0.0349697386, 0.988028634, -4.57701254e-007, 0.154270604, 0.154270604, -7.89837473e-006, -0.988028633, 1.67070899e-006, 1, -7.73321054e-006, 0.988028632, -7.90748239e-007, 0.154270615, 0.154270615, -5.21507284e-006, -0.988028632, 1.5858144e-006, 1, -5.03065207e-006, 0, 0, 0, 0, 0, 0, 0, 0.324679395, -0.177027954, -0.143156567, -0.322469316, 0.55815133, -0.76443403, -0.910400391, 0.0379638672, 0.411743164, 0.258955756, 0.828773258, 0.496175977, 0, 0, -0, 0, 0, 0, 0, 0.372246826, -0.108502832, -0.103521191, 0.162160955, 0.386168793, -0.907989421, 0.72277832, -0.672851563, -0.157104492, -0.671665542, -0.630814648, -0.38829764, 0, 1, 1, 1, 
155.542924, 13, 0.1, 0.1, 0.0327738564, 0.366476963, -0.0349697519, 0.98802863, 3.57231283e-006, 0.154270624, 0.154270624, -5.18290827e-006, -0.98802863, -2.72997686e-006, 1, -5.67196469e-006, 0.988028632, -2.82654841e-006, 0.154270612, 0.154270612, 2.17949338e-006, -0.988028632, 2.45647899e-006, 1, 2.58945521e-006, 0, 0, 0, 0, 0, 0, 0, 0.324679395, -0.177027954, -0.143156567, -0.322469316, 0.55815133, -0.76443403, -0.910400391, 0.0379638672, 0.411743164, 0.258955756, 0.828773258, 0.496175977, 0, 0, -0, 0, 0, 0, 0, 0.372246826, -0.108502832, -0.103521191, 0.162160955, 0.386168793, -0.907989421, 0.72277832, -0.672851563, -0.157104492, -0.671665542, -0.630814648, -0.38829764, 0, 1, 1, 1, 
155.543617, 13, 0.1, 0.1, 0.0327738563, 0.366476963, -0.0349697611, 0.988028631, 1.89815304e-006, 0.15427062, 0.15427062, 2.79222513e-006, -0.988028631, -2.30618785e-006, 1, 2.46596913e-006, 0.988028629, 1.61901047e-006, 0.154270631, 0.154270631, 5.70850994e-006, -0.988028629, -2.48028413e-006, 1, 5.39040548e-006, 0, 0, 0, 0, 0, 0, 0, 0.324679395, -0.177027954, -0.143156567, -0.322469316, 0.55815133, -0.76443403, -0.910400391, 0.0379638672, 0.411743164, 0.258955756, 0.828773258, 0.496175977, 0, 0, -0, 0, 0, 0, 0, 0.372246826, -0.108502832, -0.103521191, 0.162160955, 0.386168793, -0.907989421, 0.72277832, -0.672851563, -0.157104492, -0.671665542, -0.630814648, -0.38829764, 0, 1, 1, 1, 
155.544309, 13, 0.1, 0.1, 0.0327738568, 0.366476964, -0.0349697634, 0.988028635, -4.69805487e-006, 0.154270593, 0.154270593, 4.97547328e-006, -0.988028635, 3.87424353e-006, 1, 5.64068179e-006, 0.988028636, 1.11285463e-006, 0.154270586, 0.154270586, 3.21951696e-006, -0.988028636, -1.59620901e-006, 1, 3.00929421e-006, 0, 0, 0, 0, 0, 0, 0, 0.324679395, -0.177027954, -0.143156567, -0.322469316, 0.55815133, -0.76443403, -0.910400391, 0.0379638672, 0.411743164, 0.258955756, 0.828773258, 0.496175977, 0, 0, -0, 0, 0, 0, 0, 0.372246826, -0.108502832, -0.103521191, 0.162160955, 0.386168793, -0.907989421, 0.72277832, -0.672851563, -0.157104492, -0.671665542, -0.630814648, -0.38829764, 0, 1, 1, 1, 
155.545005, 13, 0.1, 0.1, 0.0327738573, 0.366476964, -0.0349697455, 0.988028629, -4.22193111e-006, 0.154270632, 0.154270632, 3.52008063e-006, -0.988028629, 3.62834374e-006, 1, 4.12926042e-006, 0.988028629, -3.16162421e-006, 0.154270633, 0.154270633, -4.87344124e-006, -0.988028629, 3.8756041e-006, 1, -4.3273537e-006, 0, 0, 0, 0, 0, 0, 0, 0.324679395, -0.177027954, -0.143156567, -0.322469316, 0.55815133, -0.76443403, -0.910400391, 0.0379638672, 0.411743164, 0.258955756, 0.828773258, 0.496175977, 0, 0, -0, 0, 0, 0, 0, 0.372246826, -0.108502832, -0.103521191, 0.162160955, 0.386168793, -0.907989421, 0.72277832, -0.672851563, -0.157104492, -0.671665542, -0.630814648, -0.38829764, 0, 1, 1, 1, 
155.545696, 13, 0.1, 0.1, 0.0327738573, 0.366476964, -0.0349697377, 0.988028637, 2.65887384e-006, 0.154270579, 0.154270579, -2.78279727e-006, -0.988028637, -2.19773975e-006, 1, -3.1596694e-006, 0.988028636, -2.18378573e-006, 0.154270587, 0.154270587, -6.71845514e-006, -0.988028636, 3.19410286e-006, 1, -6.30113217e-006, 0, 0, 0, 0, 0, 0, 0, 0.324679395, -0.177027954, -0.143156567, -0.322469316, 0.55815133, -0.76443403, -0.910400391, 0.0379638672, 0.411743164, 0.258955756, 0.828773258, 0.496175977, 0, 0, -0, 0, 0, 0, 0, 0.372246826, -0.108502832, -0.103521191, 0.162160955, 0.386168793, -0.907989421, 0.72277832, -0.672851563, -0.157104492, -0.671665542, -0.630814648, -0.38829764, 0, 1, 1, 1, 
155.546392, 13, 0.1, 0.1, 0.0327738575, 0.366476963, -0.0349696986, 0.988028631, 2.99406607e-006, 0.15427062, 0.15427062, -5.21292406e-006, -0.988028631, -2.15402197e-006, 1, -5.61241465e-006, 0.988028633, 2.63820342e-006, 0.15427061, 0.15427061, -2.6785148e-006, -0.988028633, -2.19340441e-006, 1, -3.05344657e-006, 0, 0, 0, 0, 0, 0, 0, 0.324679395, -0.177027954, -0.143156567, -0.322469316, 0.55815133, -0.76443403, -0.910400391, 0.0379638672, 0.411743164, 0.258955756, 0.828773258, 0.496175977, 0, 0, -0, 0, 0, 0, 0, 0.372246826, -0.108502832, -0.103521191, 0.162160955, 0.386168793, -0.907989421, 0.72277832, -0.672851563, -0.157104492, -0.671665542, -0.630814648, -0.38829764, 0, 1, 1, 1, 
155.547112, 13, 0.1, 0.1, 0.0327738579, 0.366476962, -0.0349694565, 0.988028636, -1.92425151e-006, 0.15427059, 0.15427059, -3.8484234e-006, -0.988028636, 2.49491415e-006, 1, -3.5054971e-006, 0.988028633, 1.94745383e-006, 0.154270605, 0.154270605, 5.33091743e-006, -0.988028633, -2.746544e-006, 1, 4.96666418e-006, 0, 0, 0, 0, 0, 0, 0, 0.324397461, -0.177748584, -0.142156079, -0.319352538, 0.557123511, -0.766586269, -0.911010742, 0.0419921875, 0.41003418, 0.260686761, 0.829306825, 0.494292203, 0, 0, -0, 0, 0, 0, 0, 0.371922656, -0.108778564, -0.102864893, 0.16436514, 0.384910301, -0.908072543, 0.721191406, -0.674926758, -0.155395508, -0.672784043, -0.629351265, -0.388674604, 0, 1, 1, 1, 
