time, trialNum, realDorsalTactorPos, realVentralTactorPos, boxPosX, boxPosY, boxPosZ, boxLocalRot_11, boxLocalRot_12, boxLocalRot_13, boxLocalRot_21, boxLocalRot_22, boxLocalRot_23, boxLocalRot_31, boxLocalRot_32, boxLocalRot_33, boxGlobalRot_11, boxGlobalRot_12, boxGlobalRot_13, boxGlobalRot_21, boxGlobalRot_22, boxGlobalRot_23, boxGlobalRot_31, boxGlobalRot_32, boxGlobalRot_33, indexForceX, indexForceY, indexForceZ, indexForceGlobalX, indexForceGlobalY, indexForceGlobalZ, indexContact, indexPosX, indexPosY, indexPosZ, indexRot_11, indexRot_12, indexRot_13, indexRot_21, indexRot_22, indexRot_23, indexRot_31, indexRot_32, indexRot_33, thumbForceX, thumbForceY, thumbForceZ, thumbForceGlobalX, thumbForceGlobalY, thumbForceGlobalZ, thumbContact, thumbPosX, thumbPosY, thumbPosZ, thumbRot_11, thumbRot_12, thumbRot_13, thumbRot_21, thumbRot_22, thumbRot_23, thumbRot_31, thumbRot_32, thumbRot_33, manipForceTooHigh, cceExpType, mapping, trialSuccess, 
133.448458, 10, 0.1, 0.1, 0.0126597287, 0.359494749, -0.0349811587, 0.851213157, -0.524820123, -5.55506183e-007, 0.524820123, 0.851213157, -1.69648293e-006, 1.36320255e-006, 1.15252777e-006, 1, 0.851213158, -0.524820121, 1.09078209e-006, 0.524820121, 0.851213158, 4.99386419e-006, -3.54936848e-006, -3.67837852e-006, 1, 0, 0, 0, 0, 0, 0, 0, 0.289629346, -0.145201489, -0.177452979, -0.495164421, 0.421409871, -0.759743475, -0.865234375, -0.161132813, 0.474609375, 0.077684788, 0.892452236, 0.444636781, 0, 0, -0, 0, 0, 0, 0, 0.349146094, -0.0808329102, -0.13523252, 0.0331966382, 0.437394875, -0.898568866, 0.610717773, -0.720581055, -0.32824707, -0.791147197, -0.537792275, -0.291077215, 0, 1, 1, 1, 
133.454147, 10, 0.1, 0.1, 0.0126597282, 0.359494747, -0.0349817484, 0.851213103, -0.524820211, 2.37155282e-006, 0.524820211, 0.851213103, -2.61322986e-006, -6.47220983e-007, 3.46905435e-006, 1, 0.851213103, -0.52482021, 2.82418601e-006, 0.52482021, 0.851213103, 1.10384146e-007, -2.46191597e-006, 1.38822946e-006, 1, 0, 0, 0, 0, 0, 0, 0, 0.289440259, -0.147165259, -0.175065161, -0.499204181, 0.422292035, -0.756621827, -0.862426758, -0.158203125, 0.480712891, 0.0833918926, 0.892559698, 0.443277217, 0, 0, -0, 0, 0, 0, 0, 0.348701611, -0.0825944336, -0.133955664, 0.0236952306, 0.438129481, -0.898484644, 0.608642578, -0.719238281, -0.334716797, -0.793005034, -0.538942491, -0.2837038, 0, 1, 1, 1, 
133.454848, 10, 0.1, 0.1, 0.0126597287, 0.359494747, -0.0349809407, 0.851213133, -0.524820162, 5.13918122e-006, 0.524820163, 0.851213133, -2.38938218e-006, -3.1205426e-006, 4.73101941e-006, 1, 0.851213122, -0.52482018, 8.61751163e-007, 0.52482018, 0.851213122, 1.48764282e-006, -1.51427887e-006, -8.14036692e-007, 1, 0, 0, 0, 0, 0, 0, 0, 0.289440259, -0.147165259, -0.175065161, -0.499204181, 0.422292035, -0.756621827, -0.862426758, -0.158203125, 0.480712891, 0.0833918926, 0.892559698, 0.443277217, 0, 0, -0, 0, 0, 0, 0, 0.348701611, -0.0825944336, -0.133955664, 0.0236952306, 0.438129481, -0.898484644, 0.608642578, -0.719238281, -0.334716797, -0.793005034, -0.538942491, -0.2837038, 0, 1, 1, 1, 
133.455547, 10, 0.1, 0.1, 0.0126597288, 0.359494748, -0.0349768086, 0.851213216, -0.524820027, 3.21718958e-006, 0.524820027, 0.851213216, 2.31572674e-006, -3.95385406e-006, -2.82731683e-007, 1, 0.851213195, -0.524820061, -3.93091996e-006, 0.524820061, 0.851213195, 9.24923563e-007, 2.86063249e-006, -2.85033279e-006, 1, 0, 0, 0, 0, 0, 0, 0, 0.289440259, -0.147165259, -0.175065161, -0.499204181, 0.422292035, -0.756621827, -0.862426758, -0.158203125, 0.480712891, 0.0833918926, 0.892559698, 0.443277217, 0, 0, -0, 0, 0, 0, 0, 0.348701611, -0.0825944336, -0.133955664, 0.0236952306, 0.438129481, -0.898484644, 0.608642578, -0.719238281, -0.334716797, -0.793005034, -0.538942491, -0.2837038, 0, 1, 1, 1, 
133.456244, 10, 0.1, 0.1, 0.0126597285, 0.359494749, -0.0349708264, 0.851213361, -0.524819793, -4.72553051e-006, 0.524819793, 0.851213361, 3.86827293e-006, 1.99228851e-006, -5.77277754e-006, 1, 0.851213327, -0.524819848, -6.27419296e-006, 0.524819848, 0.851213327, -1.65646709e-007, 5.42761134e-006, -3.15182031e-006, 1, 0, 0, 0, 0, 0, 0, 0, 0.289440259, -0.147165259, -0.175065161, -0.499204181, 0.422292035, -0.756621827, -0.862426758, -0.158203125, 0.480712891, 0.0833918926, 0.892559698, 0.443277217, 0, 0, -0, 0, 0, 0, 0, 0.348701611, -0.0825944336, -0.133955664, 0.0236952306, 0.438129481, -0.898484644, 0.608642578, -0.719238281, -0.334716797, -0.793005034, -0.538942491, -0.2837038, 0, 1, 1, 1, 
133.456943, 10, 0.1, 0.1, 0.0126597275, 0.359494749, -0.0349648507, 0.851213577, -0.524819441, -8.72690197e-006, 0.524819441, 0.851213577, 2.26856632e-006, 6.23786974e-006, -6.51108227e-006, 1, 0.851213526, -0.524819525, -9.01907724e-007, 0.524819525, 0.851213526, -5.08436532e-006, 3.43609024e-006, 3.85454174e-006, 1, 0, 0, 0, 0, 0, 0, 0, 0.289440259, -0.147165259, -0.175065161, -0.499204181, 0.422292035, -0.756621827, -0.862426758, -0.158203125, 0.480712891, 0.0833918926, 0.892559698, 0.443277217, 0, 0, -0, 0, 0, 0, 0, 0.348701611, -0.0825944336, -0.133955664, 0.0236952306, 0.438129481, -0.898484644, 0.608642578, -0.719238281, -0.334716797, -0.793005034, -0.538942491, -0.2837038, 0, 1, 1, 1, 
133.457643, 10, 0.1, 0.1, 0.0126597266, 0.359494748, -0.0349605939, 0.851213872, -0.524818963, -2.74141037e-006, 0.524818963, 0.851213872, -5.3206685e-006, 5.12591427e-006, 3.09028269e-006, 1, 0.851213808, -0.524819066, 8.88088442e-006, 0.524819066, 0.851213808, -3.12418144e-006, -5.91990146e-006, 7.32020386e-006, 1, 0, 0, 0, 0, 0, 0, 0, 0.289440259, -0.147165259, -0.175065161, -0.499204181, 0.422292035, -0.756621827, -0.862426758, -0.158203125, 0.480712891, 0.0833918926, 0.892559698, 0.443277217, 0, 0, -0, 0, 0, 0, 0, 0.348701611, -0.0825944336, -0.133955664, 0.0236952306, 0.438129481, -0.898484644, 0.608642578, -0.719238281, -0.334716797, -0.793005034, -0.538942491, -0.2837038, 0, 1, 1, 1, 
133.458373, 10, 0.1, 0.1, 0.0126597265, 0.359494747, -0.0349590191, 0.851214268, -0.524818321, 8.50369801e-006, 0.524818321, 0.851214268, -3.681582e-006, -5.30630739e-006, 7.59671163e-006, 1, 0.851214178, -0.524818466, 1.07220404e-005, 0.524818466, 0.851214178, 2.08736925e-006, -1.02222428e-005, 3.85032651e-006, 1, 0, 0, 0, 0, 0, 0, 0, 0.28891626, -0.147799707, -0.174765991, -0.50084682, 0.422996343, -0.755136825, -0.861206055, -0.157348633, 0.483154297, 0.08550594, 0.892324555, 0.443289199, 0, 0, -0, 0, 0, 0, 0, 0.348701611, -0.0825944336, -0.133955664, 0.0216441633, 0.438276402, -0.89851636, 0.608276367, -0.718994141, -0.3359375, -0.793343352, -0.539172535, -0.282234221, 0, 1, 1, 1, 
133.459077, 10, 0.1, 0.1, 0.0126597278, 0.359494746, -0.034960451, 0.851214724, -0.524817581, 8.76257747e-006, 0.524817581, 0.851214724, 6.51729114e-007, -7.80087386e-006, 4.04399329e-006, 1, 0.851214626, -0.52481774, 1.93020046e-007, 0.52481774, 0.851214626, 8.33639825e-006, -4.53939118e-006, -6.99476377e-006, 1, 0, 0, 0, 0, 0, 0, 0, 0.28891626, -0.147799707, -0.174765991, -0.50084682, 0.422996343, -0.755136825, -0.861206055, -0.157348633, 0.483154297, 0.08550594, 0.892324555, 0.443289199, 0, 0, -0, 0, 0, 0, 0, 0.348558789, -0.082812793, -0.133480371, 0.0216441633, 0.438276402, -0.89851636, 0.608276367, -0.718994141, -0.3359375, -0.793343352, -0.539172535, -0.282234221, 0, 1, 1, 1, 
133.459773, 10, 0.1, 0.1, 0.0126597289, 0.359494746, -0.0349643895, 0.851215234, -0.524816755, 2.03594875e-007, 0.524816755, 0.851215234, 6.07998601e-006, -3.36418159e-006, -5.06852671e-006, 1, 0.85121513, -0.524816923, -9.76663111e-006, 0.524816923, 0.85121513, 4.10766419e-006, 6.15773249e-006, -8.6221992e-006, 1, 0, 0, 0, 0, 0, 0, 0, 0.28891626, -0.147799707, -0.174765991, -0.50084682, 0.422996343, -0.755136825, -0.861206055, -0.157348633, 0.483154297, 0.08550594, 0.892324555, 0.443289199, 0, 0, -0, 0, 0, 0, 0, 0.348558789, -0.082812793, -0.133480371, 0.0216441633, 0.438276402, -0.89851636, 0.608276367, -0.718994141, -0.3359375, -0.793343352, -0.539172535, -0.282234221, 0, 1, 1, 1, 
133.460486, 10, 0.1, 0.1, 0.0126597289, 0.359494747, -0.0349695238, 0.851215798, -0.524815839, -6.85811046e-006, 0.524815839, 0.851215798, 1.99630732e-006, 4.79003827e-006, -5.29853333e-006, 1, 0.851215686, -0.524816022, -7.9576821e-006, 0.524816022, 0.851215686, -1.77091024e-006, 7.70310589e-006, -2.66889249e-006, 1, 0, 0, 0, 0, 0, 0, 0, 0.28891626, -0.147799707, -0.174765991, -0.50084682, 0.422996343, -0.755136825, -0.861206055, -0.157348633, 0.483154297, 0.08550594, 0.892324555, 0.443289199, 0, 0, -0, 0, 0, 0, 0, 0.348558789, -0.082812793, -0.133480371, 0.0216441633, 0.438276402, -0.89851636, 0.608276367, -0.718994141, -0.3359375, -0.793343352, -0.539172535, -0.282234221, 0, 1, 1, 1, 
133.461187, 10, 0.1, 0.1, 0.0126597282, 0.359494748, -0.0349741899, 0.851216372, -0.524814909, -6.04429899e-006, 0.524814909, 0.851216372, -1.74625166e-006, 6.06146516e-006, -1.68570022e-006, 1, 0.851216257, -0.524815095, -5.30626529e-007, 0.524815095, 0.851216257, -6.51311234e-006, 3.8698576e-006, 5.26558629e-006, 1, 0, 0, 0, 0, 0, 0, 0, 0.28891626, -0.147799707, -0.174765991, -0.50084682, 0.422996343, -0.755136825, -0.861206055, -0.157348633, 0.483154297, 0.08550594, 0.892324555, 0.443289199, 0, 0, -0, 0, 0, 0, 0, 0.348558789, -0.082812793, -0.133480371, 0.0216441633, 0.438276402, -0.89851636, 0.608276367, -0.718994141, -0.3359375, -0.793343352, -0.539172535, -0.282234221, 0, 1, 1, 1, 
133.461902, 10, 0.1, 0.1, 0.0126597276, 0.359494749, -0.0349770781, 0.85121696, -0.524813954, -9.50962633e-007, 0.524813954, 0.85121696, -5.35150519e-006, 3.61802012e-006, 4.05621352e-006, 1, 0.851216843, -0.524814144, 5.75741628e-006, 0.524814144, 0.851216843, -4.13236125e-006, -2.73208808e-006, 6.53910899e-006, 1, 0, 0, 0, 0, 0, 0, 0, 0.28891626, -0.147799707, -0.174765991, -0.50084682, 0.422996343, -0.755136825, -0.861206055, -0.157348633, 0.483154297, 0.08550594, 0.892324555, 0.443289199, 0, 0, -0, 0, 0, 0, 0, 0.348558789, -0.082812793, -0.133480371, 0.0216441633, 0.438276402, -0.89851636, 0.608276367, -0.718994141, -0.3359375, -0.793343352, -0.539172535, -0.282234221, 0, 1, 1, 1, 
133.462599, 10, 0.1, 0.1, 0.0126597276, 0.359494749, -0.0349773945, 0.851217533, -0.524813024, 4.35112177e-006, 0.524813024, 0.851217533, -3.0749479e-006, -2.08997843e-006, 4.90097494e-006, 1, 0.85121742, -0.524813208, 5.50754991e-006, 0.524813208, 0.85121742, -4.59426276e-007, -4.44700945e-006, 3.28150659e-006, 1, 0, 0, 0, 0, 0, 0, 0, 0.28891626, -0.147799707, -0.174765991, -0.50084682, 0.422996343, -0.755136825, -0.861206055, -0.157348633, 0.483154297, 0.08550594, 0.892324555, 0.443289199, 0, 0, -0, 0, 0, 0, 0, 0.348558789, -0.082812793, -0.133480371, 0.0216441633, 0.438276402, -0.89851636, 0.608276367, -0.718994141, -0.3359375, -0.793343352, -0.539172535, -0.282234221, 0, 1, 1, 1, 
133.463328, 10, 0.1, 0.1, 0.0126597284, 0.359494748, -0.0349750464, 0.85121813, -0.524812057, 6.21429162e-006, 0.524812057, 0.85121813, 8.09594747e-007, -5.71460278e-006, 2.57219345e-006, 1, 0.851218014, -0.524812245, 8.93807455e-007, 0.524812245, 0.851218014, 5.59237133e-006, -3.69576996e-006, -4.29124612e-006, 1, 0, 0, 0, 0, 0, 0, 0, 0.28886853, -0.148466748, -0.174058179, -0.501930805, 0.423034536, -0.754325054, -0.860351562, -0.155517578, 0.485229492, 0.0880258731, 0.89256569, 0.442171892, 0, 0, -0, 0, 0, 0, 0, 0.348692187, -0.0835223145, -0.132796729, 0.0204811866, 0.437656634, -0.89880364, 0.607543945, -0.719360352, -0.336425781, -0.793956557, -0.539114932, -0.28066876, 0, 1, 1, 1, 
133.464029, 10, 0.1, 0.1, 0.012659729, 0.359494748, -0.034971153, 0.851218708, -0.524811119, 2.03261808e-006, 0.524811119, 0.851218708, 6.61512786e-006, -5.20189519e-006, -4.56418002e-006, 1, 0.851218592, -0.524811308, -6.56942864e-006, 0.524811308, 0.851218592, 5.07898258e-006, 2.9265123e-006, -7.77103484e-006, 1, 0, 0, 0, 0, 0, 0, 0, 0.28886853, -0.148466748, -0.174058179, -0.501930805, 0.423034536, -0.754325054, -0.860351562, -0.155517578, 0.485229492, 0.0880258731, 0.89256569, 0.442171892, 0, 0, -0, 0, 0, 0, 0, 0.348692187, -0.0835223145, -0.132796729, 0.0204811866, 0.437656634, -0.89880364, 0.607543945, -0.719360352, -0.336425781, -0.793956557, -0.539114932, -0.28066876, 0, 1, 1, 1, 
133.464725, 10, 0.1, 0.1, 0.0126597292, 0.359494748, -0.034967041, 0.851219301, -0.524810157, -7.1336496e-006, 0.524810157, 0.851219301, 5.25886081e-006, 3.31239666e-006, -8.22025559e-006, 1, 0.851219182, -0.524810351, -8.7585775e-006, 0.524810351, 0.851219182, 1.21222144e-006, 6.81928281e-006, -5.62845827e-006, 1, 0, 0, 0, 0, 0, 0, 0, 0.28886853, -0.148466748, -0.174058179, -0.501930805, 0.423034536, -0.754325054, -0.860351562, -0.155517578, 0.485229492, 0.0880258731, 0.89256569, 0.442171892, 0, 0, -0, 0, 0, 0, 0, 0.348692187, -0.0835223145, -0.132796729, 0.0204811866, 0.437656634, -0.89880364, 0.607543945, -0.719360352, -0.336425781, -0.793956557, -0.539114932, -0.28066876, 0, 1, 1, 1, 
133.465428, 10, 0.1, 0.1, 0.0126597284, 0.359494748, -0.0349638547, 0.851219925, -0.524809145, -9.31885146e-006, 0.524809145, 0.851219925, 6.08912138e-007, 7.61282938e-006, -5.40893661e-006, 1, 0.851219798, -0.524809351, -1.63880773e-006, 0.524809351, 0.851219798, -6.2116688e-006, 4.65492746e-006, 4.42743384e-006, 1, 0, 0, 0, 0, 0, 0, 0, 0.28886853, -0.148466748, -0.174058179, -0.501930805, 0.423034536, -0.754325054, -0.860351562, -0.155517578, 0.485229492, 0.0880258731, 0.89256569, 0.442171892, 0, 0, -0, 0, 0, 0, 0, 0.348692187, -0.0835223145, -0.132796729, 0.0204811866, 0.437656634, -0.89880364, 0.607543945, -0.719360352, -0.336425781, -0.793956557, -0.539114932, -0.28066876, 0, 1, 1, 1, 
133.466156, 10, 0.1, 0.1, 0.0126597274, 0.359494748, -0.0349623637, 0.851220604, -0.524808045, -2.36772388e-006, 0.524808045, 0.851220604, -7.8893444e-006, 6.15584676e-006, 5.47297197e-006, 1, 0.85122047, -0.524808262, 8.64204865e-006, 0.524808262, 0.85122047, -5.68860542e-006, -4.3708616e-006, 9.37767591e-006, 1, 0, 0, 0, 0, 0, 0, 0, 0.28886853, -0.148466748, -0.174058179, -0.501930805, 0.423034536, -0.754325054, -0.860351562, -0.155517578, 0.485229492, 0.0880258731, 0.89256569, 0.442171892, 0, 0, -0, 0, 0, 0, 0, 0.348692187, -0.0835223145, -0.132796729, 0.0204811866, 0.437656634, -0.89880364, 0.607543945, -0.719360352, -0.336425781, -0.793956557, -0.539114932, -0.28066876, 0, 1, 1, 1, 
133.466852, 10, 0.1, 0.1, 0.0126597275, 0.359494748, -0.0349628782, 0.851221288, -0.524806936, 8.204885e-006, 0.524806936, 0.851221288, -5.40401879e-006, -4.14810624e-006, 8.90599639e-006, 1, 0.85122115, -0.524807158, 9.53255198e-006, 0.524807158, 0.85122115, -7.6714228e-007, -7.7117081e-006, 5.65575925e-006, 1, 0, 0, 0, 0, 0, 0, 0, 0.28886853, -0.148466748, -0.174058179, -0.501930805, 0.423034536, -0.754325054, -0.860351562, -0.155517578, 0.485229492, 0.0880258731, 0.89256569, 0.442171892, 0, 0, -0, 0, 0, 0, 0, 0.348692187, -0.0835223145, -0.132796729, 0.0204811866, 0.437656634, -0.89880364, 0.607543945, -0.719360352, -0.336425781, -0.793956557, -0.539114932, -0.28066876, 0, 1, 1, 1, 
133.467557, 10, 0.1, 0.1, 0.0126597282, 0.359494748, -0.0349652767, 0.851222001, -0.524805778, 9.13328881e-006, 0.524805778, 0.851222001, -6.93424559e-007, -7.41054316e-006, 5.38346098e-006, 1, 0.851221857, -0.524806012, 1.58246262e-006, 0.524806012, 0.851221857, 5.70610364e-006, -4.34162426e-006, -4.02667424e-006, 1, 0, 0, 0, 0, 0, 0, 0, 0.28886853, -0.148466748, -0.174058179, -0.501930805, 0.423034536, -0.754325054, -0.860351562, -0.155517578, 0.485229492, 0.0880258731, 0.89256569, 0.442171892, 0, 0, -0, 0, 0, 0, 0, 0.348692187, -0.0835223145, -0.132796729, 0.0204811866, 0.437656634, -0.89880364, 0.607543945, -0.719360352, -0.336425781, -0.793956557, -0.539114932, -0.28066876, 0, 1, 1, 1, 
133.468286, 10, 0.1, 0.1, 0.0126597287, 0.359494749, -0.0349685222, 0.851222755, -0.524804556, 1.51034273e-006, 0.524804556, 0.851222755, 4.85511584e-006, -3.83362501e-006, -3.34015033e-006, 1, 0.851222609, -0.524804792, -7.59037107e-006, 0.524804792, 0.851222609, 2.86931269e-006, 4.95526642e-006, -6.42588694e-006, 1, 0, 0, 0, 0, 0, 0, 0, 0.288617944, -0.148904443, -0.173358545, -0.502589808, 0.423193295, -0.75369713, -0.859741211, -0.153930664, 0.486938477, 0.0901077199, 0.892787729, 0.441454479, 0, 0, -0, 0, 0, 0, 0, 0.348647021, -0.0841983887, -0.131898389, 0.0200848989, 0.437337272, -0.89902712, 0.606445312, -0.720214844, -0.336791992, -0.794857407, -0.538412042, -0.279710307, 0, 1, 1, 1, 
133.468986, 10, 0.1, 0.1, 0.0126597285, 0.359494749, -0.0349716684, 0.851223482, -0.524803377, -5.5309943e-006, 0.524803377, 0.851223482, 3.12761771e-006, 3.06672789e-006, -5.56498612e-006, 1, 0.851223332, -0.524803619, -6.61639613e-006, 0.524803619, 0.851223333, -6.76761038e-007, 5.9871974e-006, -2.89623384e-006, 1, 0, 0, 0, 0, 0, 0, 0, 0.288617944, -0.148904443, -0.173358545, -0.502589808, 0.423193295, -0.75369713, -0.859741211, -0.153930664, 0.486938477, 0.0901077199, 0.892787729, 0.441454479, 0, 0, -0, 0, 0, 0, 0, 0.348647021, -0.0841983887, -0.131898389, 0.0200848989, 0.437337272, -0.89902712, 0.606445312, -0.720214844, -0.336791992, -0.794857407, -0.538412042, -0.279710307, 0, 1, 1, 1, 
133.469684, 10, 0.1, 0.1, 0.0126597277, 0.359494749, -0.0349739153, 0.851224199, -0.524802212, -5.95865611e-006, 0.524802212, 0.851224199, 4.0154368e-007, 4.86142127e-006, -3.46891961e-006, 1, 0.851224058, -0.524802442, -3.24417178e-007, 0.524802442, 0.851224058, -4.53539419e-006, 2.65633765e-006, 3.69038172e-006, 1, 0, 0, 0, 0, 0, 0, 0, 0.288617944, -0.148904443, -0.173358545, -0.502589808, 0.423193295, -0.75369713, -0.859741211, -0.153930664, 0.486938477, 0.0901077199, 0.892787729, 0.441454479, 0, 0, -0, 0, 0, 0, 0, 0.348647021, -0.0841983887, -0.131898389, 0.0200848989, 0.437337272, -0.89902712, 0.606445312, -0.720214844, -0.336791992, -0.794857407, -0.538412042, -0.279710307, 0, 1, 1, 1, 
133.470412, 10, 0.1, 0.1, 0.0126597269, 0.359494749, -0.034974545, 0.851224935, -0.52480102, -1.23177899e-006, 0.52480102, 0.851224935, -4.32811353e-006, 3.31991939e-006, 3.03775928e-006, 1, 0.851224795, -0.524801246, 6.2814144e-006, 0.524801246, 0.851224795, -2.99352694e-006, -3.77588902e-006, 5.84465846e-006, 1, 0, 0, 0, 0, 0, 0, 0, 0.288579736, -0.149329932, -0.172882153, -0.503470851, 0.423593189, -0.753069205, -0.859008789, -0.15234375, 0.488647461, 0.0923483262, 0.892971575, 0.440737066, 0, 0, -0, 0, 0, 0, 0, 0.348490527, -0.0846246094, -0.131629492, 0.0181359102, 0.437369355, -0.899001234, 0.604736328, -0.720703125, -0.338500977, -0.796166939, -0.537549471, -0.27762096, 0, 1, 1, 1, 
133.471111, 10, 0.1, 0.1, 0.0126597269, 0.359494749, -0.03497346, 0.851225632, -0.524799888, 5.41494909e-006, 0.524799888, 0.851225632, -2.81223951e-006, -3.13348048e-006, 5.23561503e-006, 1, 0.851225494, -0.524800113, 6.69912489e-006, 0.524800113, 0.851225494, 4.77573128e-007, -5.95309633e-006, 3.10917908e-006, 1, 0, 0, 0, 0, 0, 0, 0, 0.288579736, -0.149329932, -0.172882153, -0.503470851, 0.423593189, -0.753069205, -0.859008789, -0.15234375, 0.488647461, 0.0923483262, 0.892971575, 0.440737066, 0, 0, -0, 0, 0, 0, 0, 0.348490527, -0.0846246094, -0.131629492, 0.0181359102, 0.437369355, -0.899001234, 0.604736328, -0.720703125, -0.338500977, -0.796166939, -0.537549471, -0.27762096, 0, 1, 1, 1, 
133.471812, 10, 0.1, 0.1, 0.0126597275, 0.359494748, -0.0349712488, 0.851226325, -0.524798765, 7.38420714e-006, 0.524798765, 0.851226325, 4.02759905e-007, -6.49699941e-006, 3.53238295e-006, 1, 0.851226187, -0.524798989, 1.2135033e-006, 0.524798989, 0.851226187, 5.96872182e-006, -4.16534496e-006, -4.44388701e-006, 1, 0, 0, 0, 0, 0, 0, 0, 0.288579736, -0.149329932, -0.172882153, -0.503470851, 0.423593189, -0.753069205, -0.859008789, -0.15234375, 0.488647461, 0.0923483262, 0.892971575, 0.440737066, 0, 0, -0, 0, 0, 0, 0, 0.348490527, -0.0846246094, -0.131629492, 0.0181359102, 0.437369355, -0.899001234, 0.604736328, -0.720703125, -0.338500977, -0.796166939, -0.537549471, -0.27762096, 0, 1, 1, 1, 
133.472515, 10, 0.1, 0.1, 0.0126597282, 0.359494748, -0.0349686119, 0.85122702, -0.524797638, 2.14489255e-006, 0.524797638, 0.851227019, 6.13470768e-006, -5.04527059e-006, -4.09639439e-006, 1, 0.851226882, -0.524797862, -7.09926518e-006, 0.524797862, 0.851226882, 4.45191217e-006, 3.70673137e-006, -7.5152665e-006, 1, 0, 0, 0, 0, 0, 0, 0, 0.288579736, -0.149329932, -0.172882153, -0.503470851, 0.423593189, -0.753069205, -0.859008789, -0.15234375, 0.488647461, 0.0923483262, 0.892971575, 0.440737066, 0, 0, -0, 0, 0, 0, 0, 0.348490527, -0.0846246094, -0.131629492, 0.0181359102, 0.437369355, -0.899001234, 0.604736328, -0.720703125, -0.338500977, -0.796166939, -0.537549471, -0.27762096, 0, 1, 1, 1, 
133.473218, 10, 0.1, 0.1, 0.0126597282, 0.359494749, -0.0349663556, 0.851227727, -0.524796491, -7.15235927e-006, 0.524796491, 0.851227727, 4.39178932e-006, 3.7834909e-006, -7.49194589e-006, 1, 0.851227586, -0.524796719, -8.75589776e-006, 0.524796719, 0.851227586, 2.21063417e-007, 7.33724836e-006, -4.78324169e-006, 1, 0, 0, 0, 0, 0, 0, 0, 0.288579736, -0.149329932, -0.172882153, -0.503470851, 0.423593189, -0.753069205, -0.859008789, -0.15234375, 0.488647461, 0.0923483262, 0.892971575, 0.440737066, 0, 0, -0, 0, 0, 0, 0, 0.348490527, -0.0846246094, -0.131629492, 0.0181359102, 0.437369355, -0.899001234, 0.604736328, -0.720703125, -0.338500977, -0.796166939, -0.537549471, -0.27762096, 0, 1, 1, 1, 
133.473923, 10, 0.1, 0.1, 0.0126597274, 0.359494749, -0.034965101, 0.851228448, -0.524795321, -8.74872182e-006, 0.524795321, 0.851228448, -1.33833054e-007, 7.51739586e-006, -4.47736578e-006, 1, 0.851228303, -0.524795557, -1.2097533e-006, 0.524795557, 0.851228303, -6.75688864e-006, 4.57576138e-006, 5.1167817e-006, 1, 0, 0, 0, 0, 0, 0, 0, 0.288579736, -0.149329932, -0.172882153, -0.503470851, 0.423593189, -0.753069205, -0.859008789, -0.15234375, 0.488647461, 0.0923483262, 0.892971575, 0.440737066, 0, 0, -0, 0, 0, 0, 0, 0.348490527, -0.0846246094, -0.131629492, 0.0181359102, 0.437369355, -0.899001234, 0.604736328, -0.720703125, -0.338500977, -0.796166939, -0.537549471, -0.27762096, 0, 1, 1, 1, 
133.474625, 10, 0.1, 0.1, 0.0126597266, 0.359494749, -0.034965165, 0.851229182, -0.524794131, -1.86389209e-006, 0.524794131, 0.851229182, -6.50617319e-006, 5.00100084e-006, 4.56008485e-006, 1, 0.851229036, -0.524794367, 8.20063776e-006, 0.524794367, 0.851229036, -4.5031345e-006, -4.61740135e-006, 8.13684735e-006, 1, 0, 0, 0, 0, 0, 0, 0, 0.288579736, -0.149329932, -0.172882153, -0.503470851, 0.423593189, -0.753069205, -0.859008789, -0.15234375, 0.488647461, 0.0923483262, 0.892971575, 0.440737066, 0, 0, -0, 0, 0, 0, 0, 0.348490527, -0.0846246094, -0.131629492, 0.0181359102, 0.437369355, -0.899001234, 0.604736328, -0.720703125, -0.338500977, -0.796166939, -0.537549471, -0.27762096, 0, 1, 1, 1, 
133.475359, 10, 0.1, 0.1, 0.0126597265, 0.359494748, -0.0349661984, 0.851229965, -0.524792861, 7.91050698e-006, 0.524792861, 0.851229965, -3.48365878e-006, -4.90546132e-006, 7.11677233e-006, 1, 0.851229815, -0.524793104, 9.44767659e-006, 0.524793104, 0.851229815, 8.23191347e-007, -8.47414914e-006, 4.25735051e-006, 1, 0, 0, 0, 0, 0, 0, 0, 0.288298145, -0.149543652, -0.17215957, -0.504638333, 0.423796132, -0.752047378, -0.858276367, -0.152709961, 0.489868164, 0.0927804211, 0.892692249, 0.440946, 0, 0, -0, 0, 0, 0, 0, 0.348089795, -0.0848100098, -0.131352539, 0.0154267955, 0.438187083, -0.898668745, 0.604858398, -0.719726563, -0.340576172, -0.79608345, -0.538322724, -0.276113102, 0, 1, 1, 1, 
133.476063, 10, 0.1, 0.1, 0.0126597272, 0.359494748, -0.0349679323, 0.851230723, -0.524791631, 7.97008167e-006, 0.524791631, 0.851230723, 4.34640897e-007, -7.01247429e-006, 3.81265247e-006, 1, 0.851230571, -0.524791877, 1.12282921e-006, 0.524791877, 0.851230571, 6.53700582e-006, -4.38635411e-006, -4.97524755e-006, 1, 0, 0, 0, 0, 0, 0, 0, 0.288298145, -0.149543652, -0.17215957, -0.504638333, 0.423796132, -0.752047378, -0.858276367, -0.152709961, 0.489868164, 0.0927804211, 0.892692249, 0.440946, 0, 0, -0, 0, 0, 0, 0, 0.348089795, -0.0848100098, -0.131352539, 0.0154267955, 0.438187083, -0.898668745, 0.604858398, -0.719726563, -0.340576172, -0.79608345, -0.538322724, -0.276113102, 0, 1, 1, 1, 
133.476767, 10, 0.1, 0.1, 0.0126597279, 0.359494748, -0.0349699314, 0.85123148, -0.524790403, 1.2060829e-006, 0.524790403, 0.85123148, 5.29045254e-006, -3.80303445e-006, -3.87045902e-006, 1, 0.851231331, -0.524790645, -7.34645835e-006, 0.524790645, 0.851231331, 3.60855264e-006, 4.35980085e-006, -6.92706568e-006, 1, 0, 0, 0, 0, 0, 0, 0, 0.288298145, -0.149543652, -0.17215957, -0.504638333, 0.423796132, -0.752047378, -0.858276367, -0.152709961, 0.489868164, 0.0927804211, 0.892692249, 0.440946, 0, 0, -0, 0, 0, 0, 0, 0.348089795, -0.0848100098, -0.131352539, 0.0154267955, 0.438187083, -0.898668745, 0.604858398, -0.719726563, -0.340576172, -0.79608345, -0.538322724, -0.276113102, 0, 1, 1, 1, 
133.47747, 10, 0.1, 0.1, 0.0126597279, 0.359494749, -0.0349716109, 0.851232235, -0.524789178, -6.23756954e-006, 0.524789178, 0.851232235, 2.74331122e-006, 3.86996022e-006, -5.60860394e-006, 1, 0.851232086, -0.52478942, -7.39685064e-006, 0.52478942, 0.851232086, -7.82197436e-007, 6.70692554e-006, -3.2159574e-006, 1, 0, 0, 0, 0, 0, 0, 0, 0.288298145, -0.149543652, -0.17215957, -0.504638333, 0.423796132, -0.752047378, -0.858276367, -0.152709961, 0.489868164, 0.0927804211, 0.892692249, 0.440946, 0, 0, -0, 0, 0, 0, 0, 0.348089795, -0.0848100098, -0.131352539, 0.0154267955, 0.438187083, -0.898668745, 0.604858398, -0.719726563, -0.340576172, -0.79608345, -0.538322724, -0.276113102, 0, 1, 1, 1, 
133.478181, 10, 0.1, 0.1, 0.0126597273, 0.359494749, -0.0349724925, 0.851232981, -0.524787969, -7.13684384e-006, 0.524787969, 0.851232981, -6.41331264e-007, 6.41167978e-006, -3.19940746e-006, 1, 0.851232831, -0.524788212, -1.11426677e-006, 0.524788212, 0.851232831, -5.941233e-006, 4.0663895e-006, 4.47261852e-006, 1, 0, 0, 0, 0, 0, 0, 0, 0.288298145, -0.149543652, -0.17215957, -0.504638333, 0.423796132, -0.752047378, -0.858276367, -0.152709961, 0.489868164, 0.0927804211, 0.892692249, 0.440946, 0, 0, -0, 0, 0, 0, 0, 0.348089795, -0.0848100098, -0.131352539, 0.0154267955, 0.438187083, -0.898668745, 0.604858398, -0.719726563, -0.340576172, -0.79608345, -0.538322724, -0.276113102, 0, 1, 1, 1, 
133.478893, 10, 0.1, 0.1, 0.0126597269, 0.359494749, -0.0349721938, 0.851233731, -0.524786752, -2.16728087e-006, 0.524786752, 0.851233731, -5.30633385e-006, 4.62955628e-006, 3.37957007e-006, 1, 0.851233584, -0.52478699, 6.07984878e-006, 0.52478699, 0.851233584, -3.75511757e-006, -3.20473462e-006, 6.38710773e-006, 1, 0, 0, 0, 0, 0, 0, 0, 0.288298145, -0.149543652, -0.17215957, -0.504638333, 0.423796132, -0.752047378, -0.858276367, -0.152709961, 0.489868164, 0.0927804211, 0.892692249, 0.440946, 0, 0, -0, 0, 0, 0, 0, 0.348089795, -0.0848100098, -0.131352539, 0.0154267955, 0.438187083, -0.898668745, 0.604858398, -0.719726563, -0.340576172, -0.79608345, -0.538322724, -0.276113102, 0, 1, 1, 1, 
133.479593, 10, 0.1, 0.1, 0.012659727, 0.359494749, -0.0349710559, 0.851234458, -0.524785573, 5.84547361e-006, 0.524785573, 0.851234458, -3.66977281e-006, -3.05002473e-006, 6.19145728e-006, 1, 0.851234314, -0.524785807, 7.07107011e-006, 0.524785807, 0.851234314, -4.95643999e-008, -5.99312681e-006, 3.75298815e-006, 1, 0, 0, 0, 0, 0, 0, 0, 0.288298145, -0.149543652, -0.17215957, -0.504638333, 0.423796132, -0.752047378, -0.858276367, -0.152709961, 0.489868164, 0.0927804211, 0.892692249, 0.440946, 0, 0, -0, 0, 0, 0, 0, 0.348089795, -0.0848100098, -0.131352539, 0.0154267955, 0.438187083, -0.898668745, 0.604858398, -0.719726563, -0.340576172, -0.79608345, -0.538322724, -0.276113102, 0, 1, 1, 1, 
133.48032, 10, 0.1, 0.1, 0.0126597281, 0.359494749, -0.0349691394, 0.851235211, -0.524784351, 7.08640306e-006, 0.524784351, 0.851235211, 2.83476126e-007, -6.18095964e-006, 3.47752857e-006, 1, 0.851235065, -0.524784589, 1.66744431e-007, 0.524784589, 0.851235065, 6.25860766e-006, -3.42635956e-006, -5.24004139e-006, 1, 0, 0, 0, 0, 0, 0, 0, 0.288673584, -0.149541577, -0.171669141, -0.505952592, 0.423859411, -0.751253581, -0.857666016, -0.154907227, 0.490234375, 0.091505476, 0.89231145, 0.442056194, 0, 0, -0, 0, 0, 0, 0, 0.348138965, -0.0847689941, -0.131080713, 0.0126921612, 0.439164493, -0.898297977, 0.60534668, -0.718261719, -0.342529297, -0.795757158, -0.539447421, -0.274969448, 0, 1, 1, 1, 
133.481023, 10, 0.1, 0.1, 0.0126597288, 0.359494749, -0.0349674533, 0.851235942, -0.524783166, 2.49137605e-006, 0.524783166, 0.851235942, 6.25378136e-006, -5.40262802e-006, -4.01601126e-006, 1, 0.851235797, -0.524783401, -7.25358796e-006, 0.524783401, 0.851235797, 4.46993628e-006, 3.82876536e-006, -7.61153233e-006, 1, 0, 0, 0, 0, 0, 0, 0, 0.288673584, -0.149541577, -0.171669141, -0.505952592, 0.423859411, -0.751253581, -0.857666016, -0.154907227, 0.490234375, 0.091505476, 0.89231145, 0.442056194, 0, 0, -0, 0, 0, 0, 0, 0.348138965, -0.0847689941, -0.131080713, 0.0126921612, 0.439164493, -0.898297977, 0.60534668, -0.718261719, -0.342529297, -0.795757158, -0.539447421, -0.274969448, 0, 1, 1, 1, 
133.48172, 10, 0.1, 0.1, 0.0126597285, 0.359494749, -0.0349664772, 0.851236677, -0.524781974, -5.95555398e-006, 0.524781974, 0.851236677, 4.23894151e-006, 2.84506589e-006, -6.73370985e-006, 1, 0.85123653, -0.524782213, -7.4645703e-006, 0.524782213, 0.85123653, 4.96729837e-008, 6.32804742e-006, -3.95955718e-006, 1, 0, 0, 0, 0, 0, 0, 0, 0.288673584, -0.149541577, -0.171669141, -0.505952592, 0.423859411, -0.751253581, -0.857666016, -0.154907227, 0.490234375, 0.091505476, 0.89231145, 0.442056194, 0, 0, -0, 0, 0, 0, 0, 0.348138965, -0.0847689941, -0.131080713, 0.0126921612, 0.439164493, -0.898297977, 0.60534668, -0.718261719, -0.342529297, -0.795757158, -0.539447421, -0.274969448, 0, 1, 1, 1, 
133.482827, 10, 0.1, 0.1, 0.0126597277, 0.359494752, -0.0349621955, 0.851237878, -0.524780025, -1.87603156e-005, 0.524780025, 0.851237878, 1.98699907e-007, 1.58652175e-005, -1.00141798e-005, 1, 0.851237621, -0.524780443, -6.48630277e-006, 0.524780443, 0.851237621, -1.29393876e-005, 1.23117225e-005, 7.61060869e-006, 1, 0, 0, 0, 0, 0, 0, 0, 0.288673584, -0.149541577, -0.171669141, -0.505952592, 0.423859411, -0.751253581, -0.857666016, -0.154907227, 0.490234375, 0.091505476, 0.89231145, 0.442056194, 0, 0, -0, 0, 0, 0, 0, 0.348442871, -0.0849211914, -0.130577588, 0.0104558932, 0.440467827, -0.897620607, 0.605834961, -0.716918945, -0.344726562, -0.795501229, -0.540169634, -0.274407283, 0, 1, 1, 1, 
133.483966, 10, 0.1, 0.1, 0.0126597254, 0.359494751, -0.0349525551, 0.851239258, -0.524777787, -6.81667723e-006, 0.524777787, 0.851239258, -1.10095417e-005, 1.15801862e-005, 5.79451334e-006, 1, 0.851238974, -0.524778247, 1.61324088e-005, 0.524778247, 0.851238974, -7.90488461e-006, -9.58422366e-006, 1.51948831e-005, 1, 0, 0, 0, 0, 0, 0, 0, 0.288673584, -0.149541577, -0.171669141, -0.505952592, 0.423859411, -0.751253581, -0.857666016, -0.154907227, 0.490234375, 0.091505476, 0.89231145, 0.442056194, 0, 0, -0, 0, 0, 0, 0, 0.348442871, -0.0849211914, -0.130577588, 0.0104558932, 0.440467827, -0.897620607, 0.605834961, -0.716918945, -0.344726562, -0.795501229, -0.540169634, -0.274407283, 0, 1, 1, 1, 
133.48513, 10, 0.1, 0.1, 0.0126597235, 0.359494748, -0.0349424631, 0.851240864, -0.524775181, 2.1933798e-005, 0.524775181, 0.851240864, -1.31133198e-005, -1.17894004e-005, 2.26729065e-005, 1, 0.851240533, -0.524775719, 2.755831e-005, 0.524775719, 0.851240533, -6.84259169e-007, -2.30996679e-005, 1.50444011e-005, 1, 0, 0, 0, 0, 0, 0, 0, 0.289059155, -0.149733569, -0.171378271, -0.507088995, 0.424506432, -0.750021697, -0.857055664, -0.156860352, 0.490600586, 0.0905731372, 0.891714605, 0.44359137, 0, 0, -0, 0, 0, 0, 0, 0.348442871, -0.0849211914, -0.130577588, 0.0104558932, 0.440467827, -0.897620607, 0.605834961, -0.716918945, -0.344726562, -0.795501229, -0.540169634, -0.274407283, 0, 1, 1, 1, 
133.486269, 10, 0.1, 0.1, 0.0126597264, 0.359494747, -0.0349368874, 0.851242669, -0.524772254, 2.74228875e-005, 0.524772254, 0.851242669, -2.56164039e-006, -2.19992541e-005, 1.65713481e-005, 1, 0.851242285, -0.524772876, 6.18170686e-006, 0.524772876, 0.851242285, 1.74862108e-005, -1.44384194e-005, -1.16410099e-005, 1, 0, 0, 0, 0, 0, 0, 0, 0.289059155, -0.149733569, -0.171378271, -0.507088995, 0.424506432, -0.750021697, -0.857055664, -0.156860352, 0.490600586, 0.0905731372, 0.891714605, 0.44359137, 0, 0, -0, 0, 0, 0, 0, 0.348442871, -0.0849211914, -0.130577588, 0.0104558932, 0.440467827, -0.897620607, 0.605834961, -0.716918945, -0.344726562, -0.795501229, -0.540169634, -0.274407283, 0, 1, 1, 1, 
133.487427, 10, 0.1, 0.1, 0.01265973, 0.359494749, -0.0349380092, 0.851244737, -0.524768899, 6.47514198e-006, 0.524768899, 0.851244737, 1.66006962e-005, -1.42234596e-005, -1.07333022e-005, 1, 0.851244282, -0.524769636, -2.47504938e-005, 0.524769637, 0.851244282, 1.05075955e-005, 1.55546492e-005, -2.19328382e-005, 1, 0, 0, 0, 0, 0, 0, 0, 0.289059155, -0.149733569, -0.171378271, -0.507972281, 0.424188913, -0.749570506, -0.856811523, -0.159912109, 0.490112305, 0.0881176053, 0.891270527, 0.44487942, 0, 0, -0, 0, 0, 0, 0, 0.348442871, -0.0849211914, -0.130577588, 0.0104558932, 0.440467827, -0.897620607, 0.605834961, -0.716918945, -0.344726562, -0.795501229, -0.540169634, -0.274407283, 0, 1, 1, 1, 
133.488589, 10, 0.1, 0.1, 0.0126597286, 0.359494753, -0.0349438381, 0.851247026, -0.524765187, -2.04128197e-005, 0.524765187, 0.851247026, 8.25497699e-006, 1.30444275e-005, -1.77389618e-005, 1, 0.851246569, -0.524765928, -2.29407459e-005, 0.524765928, 0.851246569, -3.83171592e-006, 2.15389852e-005, -8.77678678e-006, 1, 0, 0, 0, 0, 0, 0, 0, 0.289453027, -0.149527905, -0.17090481, -0.507972281, 0.424188913, -0.749570506, -0.856811523, -0.159912109, 0.490112305, 0.0881176053, 0.891270527, 0.44487942, 0, 0, -0, 0, 0, 0, 0, 0.348593604, -0.0848953125, -0.130109619, 0.00898011755, 0.441374875, -0.897230882, 0.607421875, -0.715087891, -0.345703125, -0.794306169, -0.541792697, -0.274611807, 0, 1, 1, 1, 
133.489725, 10, 0.1, 0.1, 0.0126597272, 0.359494755, -0.0349519238, 0.851249366, -0.524761389, -2.33712158e-005, 0.52476139, 0.851249367, -4.82977291e-007, 2.01481805e-005, -1.18531776e-005, 1, 0.851248889, -0.524762165, -6.19870751e-006, 0.524762165, 0.851248889, -1.544165e-005, 1.33798365e-005, 9.89184021e-006, 1, 0, 0, 0, 0, 0, 0, 0, 0.289453027, -0.149527905, -0.17090481, -0.507972281, 0.424188913, -0.749570506, -0.856811523, -0.159912109, 0.490112305, 0.0881176053, 0.891270527, 0.44487942, 0, 0, -0, 0, 0, 0, 0, 0.348593604, -0.0848953125, -0.130109619, 0.00898011755, 0.441374875, -0.897230882, 0.607421875, -0.715087891, -0.345703125, -0.794306169, -0.541792697, -0.274611807, 0, 1, 1, 1, 
133.49087, 10, 0.1, 0.1, 0.0126597279, 0.359494753, -0.0349582969, 0.851251751, -0.524757522, -7.38720247e-006, 0.524757522, 0.851251751, -1.02717127e-005, 1.16785275e-005, 4.86732336e-006, 1, 0.851251284, -0.524758279, 1.13925766e-005, 0.524758279, 0.851251284, -6.5966147e-006, -6.23631724e-006, 1.15937256e-005, 1, 0, 0, 0, 0, 0, 0, 0, 0.289453027, -0.149527905, -0.17090481, -0.507972281, 0.424188913, -0.749570506, -0.856811523, -0.159912109, 0.490112305, 0.0881176053, 0.891270527, 0.44487942, 0, 0, -0, 0, 0, 0, 0, 0.348593604, -0.0848953125, -0.130109619, 0.00898011755, 0.441374875, -0.897230882, 0.607421875, -0.715087891, -0.345703125, -0.794306169, -0.541792697, -0.274611807, 0, 1, 1, 1, 
133.492009, 10, 0.1, 0.1, 0.012659729, 0.359494751, -0.0349602828, 0.851254116, -0.524753686, 1.31541905e-005, 0.524753686, 0.851254116, -6.32379835e-006, -7.87912234e-006, 1.22858693e-005, 1, 0.851253649, -0.524754442, 1.53383248e-005, 0.524754443, 0.851253649, 1.94865961e-006, -1.40793728e-005, 6.39005048e-006, 1, 0, 0, 0, 0, 0, 0, 0, 0.289453027, -0.149527905, -0.17090481, -0.507972281, 0.424188913, -0.749570506, -0.856811523, -0.159912109, 0.490112305, 0.0881176053, 0.891270527, 0.44487942, 0, 0, -0, 0, 0, 0, 0, 0.348593604, -0.0848953125, -0.130109619, 0.00898011755, 0.441374875, -0.897230882, 0.607421875, -0.715087891, -0.345703125, -0.794306169, -0.541792697, -0.274611807, 0, 1, 1, 1, 
133.493193, 10, 0.1, 0.1, 0.0126597311, 0.359494748, -0.0349566151, 0.851256554, -0.52474973, 2.05852171e-005, 0.52474973, 0.851256554, -3.29390162e-007, -1.73504536e-005, 1.10824827e-005, 1, 0.851256086, -0.524750489, 5.30264333e-006, 0.524750489, 0.851256086, 1.45105459e-005, -1.21283235e-005, -9.56962583e-006, 1, 0, 0, 0, 0, 0, 0, 0, 0.289626221, -0.149530591, -0.170208716, -0.508886646, 0.424150721, -0.749094228, -0.856323242, -0.161499023, 0.490356445, 0.0870265071, 0.891029392, 0.445545536, 0, 0, -0, 0, 0, 0, 0, 0.34852915, -0.0850907227, -0.129413281, 0.00781094423, 0.442083961, -0.896879437, 0.608154297, -0.713989258, -0.346679687, -0.793692598, -0.542700111, -0.274452126, 0, 1, 1, 1, 
133.494333, 10, 0.1, 0.1, 0.012659732, 0.359494749, -0.0349503176, 0.85125892, -0.524745893, 1.02382455e-005, 0.524745892, 0.85125892, 1.12912926e-005, -1.46404572e-005, -4.2393363e-006, 1, 0.851258451, -0.524746653, -1.40874572e-005, 0.524746653, 0.851258451, 7.8693427e-006, 7.86265578e-006, -1.40911905e-005, 1, 0, 0, 0, 0, 0, 0, 0, 0.289626221, -0.149530591, -0.170208716, -0.508886646, 0.424150721, -0.749094228, -0.856323242, -0.161499023, 0.490356445, 0.0870265071, 0.891029392, 0.445545536, 0, 0, -0, 0, 0, 0, 0, 0.34852915, -0.0850907227, -0.129413281, 0.00781094423, 0.442083961, -0.896879437, 0.608154297, -0.713989258, -0.346679687, -0.793692598, -0.542700111, -0.274452126, 0, 1, 1, 1, 
133.495495, 10, 0.1, 0.1, 0.0126597314, 0.359494754, -0.0349442546, 0.851261403, -0.524741863, -1.8906346e-005, 0.524741863, 0.851261404, 6.93118437e-006, 1.245716e-005, -1.5821201e-005, 1, 0.851260911, -0.524742661, -2.31305098e-005, 0.524742661, 0.851260912, -4.70315389e-006, 2.21580443e-005, -8.13395418e-006, 1, 0, 0, 0, 0, 0, 0, 0, 0.289626221, -0.149530591, -0.170208716, -0.508886646, 0.424150721, -0.749094228, -0.856323242, -0.161499023, 0.490356445, 0.0870265071, 0.891029392, 0.445545536, 0, 0, -0, 0, 0, 0, 0, 0.348641553, -0.085361084, -0.128953125, 0.00588784168, 0.441885634, -0.896981516, 0.60925293, -0.712768555, -0.347167969, -0.792912782, -0.544316611, -0.273480913, 0, 1, 1, 1, 
133.496387, 10, 0.1, 0.1, 0.012659725, 0.359494756, -0.0349429503, 0.851263391, -0.524738638, -5.48496063e-006, 0.524738638, 0.851263391, -4.91879813e-006, 7.25022962e-006, 1.309022e-006, 1, 0.851263083, -0.524739138, 7.77202713e-006, 0.524739138, 0.851263083, -1.65585255e-005, 2.07286664e-006, 1.81739483e-005, 1, 0, 0, 0, 0, 0, 0, 0, 0.289626221, -0.149530591, -0.170208716, -0.508886646, 0.424150721, -0.749094228, -0.856323242, -0.161499023, 0.490356445, 0.0870265071, 0.891029392, 0.445545536, 0, 0, -0, 0, 0, 0, 0, 0.348641553, -0.085361084, -0.128953125, 0.00588784168, 0.441885634, -0.896981516, 0.60925293, -0.712768555, -0.347167969, -0.792912782, -0.544316611, -0.273480913, 0, 1, 1, 1, 
133.497091, 10, 0.1, 0.1, 0.0126597289, 0.359494745, -0.0349498849, 0.851264947, -0.524736115, -1.21420617e-005, 0.524736115, 0.851264947, 1.81998873e-005, 7.85973301e-007, -2.18643044e-005, 1, 0.85126465, -0.524736597, -9.2081151e-006, 0.524736597, 0.851264649, 3.83913806e-005, -1.23068195e-005, -3.75130601e-005, 0.999999999, 0, 0, 0, 0, 0, 0, 0, 0.289626221, -0.149530591, -0.170208716, -0.508886646, 0.424150721, -0.749094228, -0.856323242, -0.161499023, 0.490356445, 0.0870265071, 0.891029392, 0.445545536, 0, 0, -0, 0, 0, 0, 0, 0.348641553, -0.085361084, -0.128953125, 0.00588784168, 0.441885634, -0.896981516, 0.60925293, -0.712768555, -0.347167969, -0.792912782, -0.544316611, -0.273480913, 0, 1, 1, 1, 
