time, trialNum, realDorsalTactorPos, realVentralTactorPos, boxPosX, boxPosY, boxPosZ, boxLocalRot_11, boxLocalRot_12, boxLocalRot_13, boxLocalRot_21, boxLocalRot_22, boxLocalRot_23, boxLocalRot_31, boxLocalRot_32, boxLocalRot_33, boxGlobalRot_11, boxGlobalRot_12, boxGlobalRot_13, boxGlobalRot_21, boxGlobalRot_22, boxGlobalRot_23, boxGlobalRot_31, boxGlobalRot_32, boxGlobalRot_33, indexForceX, indexForceY, indexForceZ, indexForceGlobalX, indexForceGlobalY, indexForceGlobalZ, indexContact, indexPosX, indexPosY, indexPosZ, indexRot_11, indexRot_12, indexRot_13, indexRot_21, indexRot_22, indexRot_23, indexRot_31, indexRot_32, indexRot_33, thumbForceX, thumbForceY, thumbForceZ, thumbForceGlobalX, thumbForceGlobalY, thumbForceGlobalZ, thumbContact, thumbPosX, thumbPosY, thumbPosZ, thumbRot_11, thumbRot_12, thumbRot_13, thumbRot_21, thumbRot_22, thumbRot_23, thumbRot_31, thumbRot_32, thumbRot_33, manipForceTooHigh, cceExpType, mapping, trialSuccess, 
99.7468179, 8, 0.1, 0.1, 0.0187381638, 0.358502569, -0.034968071, 0.950428147, 4.08786427e-005, 0.310944264, 0.310944265, -1.84447234e-005, -0.950428148, -3.31169317e-005, 0.999999999, -3.02413638e-005, 0.950428147, 3.50317021e-005, 0.310944267, 0.310944267, -1.52637666e-005, -0.950428147, -2.8548935e-005, 0.999999999, -2.54000204e-005, 0, 0, 0, 0, 0, 0, 0, 0.279761816, -0.113980591, -0.264827563, -0.084012446, 0.524993044, -0.846963541, -0.958007812, 0.191162109, 0.213500977, 0.274085246, 0.829328521, 0.487000819, 0, 0, -0, 0, 0, 0, 0, 0.331721436, -0.0814541992, -0.228809473, 0.0366806621, 0.0833611789, -0.99574024, 0.178955078, -0.980834961, -0.0755615234, -0.983118837, -0.175352452, -0.0508952095, 0, 1, 1, 1, 
99.7866788, 8, 0.1, 0.1, 0.0187381528, 0.358502589, -0.0349657291, 0.950430995, 8.90008562e-007, 0.310935561, 0.310935561, 1.67461687e-005, -0.950430995, -6.05287107e-006, 1, 1.56393424e-005, 0.950430984, 3.84117852e-006, 0.310935594, 0.310935594, 1.84160988e-005, -0.950430984, -9.3769957e-006, 1, 1.63088718e-005, 0, 0, 0, 0, 0, 0, 0, 0.289804077, -0.128481445, -0.257364258, -0.0991608546, 0.524660917, -0.845424999, -0.967163086, 0.148925781, 0.205810547, 0.2338453, 0.838156153, 0.492813143, 0, 0, -0, 0, 0, 0, 0, 0.340346045, -0.0941145508, -0.220282471, 0.0425604444, 0.0814949105, -0.995684104, 0.223510742, -0.972045898, -0.0699462891, -0.973663372, -0.219490495, -0.0596040417, 0, 1, 1, 1, 
99.7873763, 8, 0.1, 0.1, 0.0187381521, 0.35850259, -0.0349661906, 0.950431008, 1.01072816e-005, 0.310935522, 0.310935522, -1.17805496e-006, -0.950431008, -9.23997469e-006, 1, -4.26237283e-006, 0.950431012, 9.33513627e-006, 0.310935511, 0.310935511, -8.00327984e-006, -0.950431012, -6.3838991e-006, 1, -1.05091907e-005, 0, 0, 0, 0, 0, 0, 0, 0.289804077, -0.128481445, -0.257364258, -0.0991608546, 0.524660917, -0.845424999, -0.967163086, 0.148925781, 0.205810547, 0.2338453, 0.838156153, 0.492813143, 0, 0, -0, 0, 0, 0, 0, 0.340346045, -0.0941145508, -0.220282471, 0.0425604444, 0.0814949105, -0.995684104, 0.223510742, -0.972045898, -0.0699462891, -0.973663372, -0.219490495, -0.0596040417, 0, 1, 1, 1, 
99.7880714, 8, 0.1, 0.1, 0.018738153, 0.358502589, -0.0349676198, 0.950430955, 7.09126581e-006, 0.310935685, 0.310935685, -5.0444436e-006, -0.950430955, -5.171261e-006, 1, -6.99932294e-006, 0.950430968, -4.77110162e-006, 0.310935645, 0.310935645, 4.05324599e-006, -0.950430968, 3.27430407e-006, 1, 5.33583606e-006, 0, 0, 0, 0, 0, 0, 0, 0.289804077, -0.128481445, -0.257364258, -0.0991608546, 0.524660917, -0.845424999, -0.967163086, 0.148925781, 0.205810547, 0.2338453, 0.838156153, 0.492813143, 0, 0, -0, 0, 0, 0, 0, 0.340346045, -0.0941145508, -0.220282471, 0.0425604444, 0.0814949105, -0.995684104, 0.223510742, -0.972045898, -0.0699462891, -0.973663372, -0.219490495, -0.0596040417, 0, 1, 1, 1, 
99.7887672, 8, 0.1, 0.1, 0.0187381524, 0.35850259, -0.0349695512, 0.950430915, -5.41951458e-006, 0.310935805, 0.310935805, 7.09816965e-006, -0.950430915, 2.9437991e-006, 1, 8.43144101e-006, 0.950430918, -6.65124689e-006, 0.310935798, 0.310935798, 1.29756647e-006, -0.950430918, 5.91809082e-006, 1, 3.30135805e-006, 0, 0, 0, 0, 0, 0, 0, 0.289804077, -0.128481445, -0.257364258, -0.0991608546, 0.524660917, -0.845424999, -0.967163086, 0.148925781, 0.205810547, 0.2338453, 0.838156153, 0.492813143, 0, 0, -0, 0, 0, 0, 0, 0.340346045, -0.0941145508, -0.220282471, 0.0425604444, 0.0814949105, -0.995684104, 0.223510742, -0.972045898, -0.0699462891, -0.973663372, -0.219490495, -0.0596040417, 0, 1, 1, 1, 
99.7894658, 8, 0.1, 0.1, 0.0187381513, 0.358502592, -0.0349713875, 0.950430941, -1.07881846e-006, 0.310935728, 0.310935728, -1.3867255e-005, -0.950430941, 5.33716747e-006, 1, -1.2844425e-005, 0.950430931, 1.51234449e-006, 0.310935757, 0.310935757, -1.35915009e-005, -0.950430931, 2.78870465e-006, 1, -1.33880249e-005, 0, 0, 0, 0, 0, 0, 0, 0.289804077, -0.128481445, -0.257364258, -0.0991608546, 0.524660917, -0.845424999, -0.967163086, 0.148925781, 0.205810547, 0.2338453, 0.838156153, 0.492813143, 0, 0, -0, 0, 0, 0, 0, 0.340346045, -0.0941145508, -0.220282471, 0.0425604444, 0.0814949105, -0.995684104, 0.223510742, -0.972045898, -0.0699462891, -0.973663372, -0.219490495, -0.0596040417, 0, 1, 1, 1, 
99.7901625, 8, 0.1, 0.1, 0.0187381511, 0.358502591, -0.0349725461, 0.950430987, -4.47848452e-006, 0.310935586, 0.310935586, 2.65946625e-006, -0.950430987, 3.42956777e-006, 1, 3.92015934e-006, 0.95043098, 9.99188786e-007, 0.310935608, 0.310935608, 9.67695122e-006, -0.95043098, -3.95856869e-006, 1, 8.88659086e-006, 0, 0, 0, 0, 0, 0, 0, 0.289804077, -0.128481445, -0.257364258, -0.0991608546, 0.524660917, -0.845424999, -0.967163086, 0.148925781, 0.205810547, 0.2338453, 0.838156153, 0.492813143, 0, 0, -0, 0, 0, 0, 0, 0.340346045, -0.0941145508, -0.220282471, 0.0425604444, 0.0814949105, -0.995684104, 0.223510742, -0.972045898, -0.0699462891, -0.973663372, -0.219490495, -0.0596040417, 0, 1, 1, 1, 
99.7908847, 8, 0.1, 0.1, 0.0187381502, 0.358502593, -0.0349725915, 0.950430983, 1.26583395e-006, 0.3109356, 0.3109356, 8.14763417e-006, -0.950430983, -3.73647732e-006, 1, 7.35017111e-006, 0.950430988, 7.323028e-006, 0.310935584, 0.310935584, -6.32711325e-007, -0.950430988, -6.76330028e-006, 1, -2.87833844e-006, 0, 0, 0, 0, 0, 0, 0, 0.29014021, -0.129855566, -0.256708691, -0.10123671, 0.523931521, -0.845660143, -0.967285156, 0.146850586, 0.206787109, 0.232443797, 0.839013229, 0.492108834, 0, 0, -0, 0, 0, 0, 0, 0.340238379, -0.0956227051, -0.220031885, 0.0407970229, 0.0798204412, -0.995888261, 0.226074219, -0.971557617, -0.0686035156, -0.973235002, -0.222244085, -0.0576616162, 0, 1, 1, 1, 
99.7915819, 8, 0.1, 0.1, 0.0187381511, 0.358502592, -0.0349715969, 0.950430931, 7.80123893e-006, 0.310935757, 0.310935757, -7.02283338e-006, -0.950430931, -5.23088877e-006, 1, -9.1004022e-006, 0.950430941, 4.3218455e-006, 0.310935726, 0.310935726, -3.00414907e-006, -0.950430941, -3.17351842e-006, 1, -4.19905239e-006, 0, 0, 0, 0, 0, 0, 0, 0.29014021, -0.129855566, -0.256708691, -0.10123671, 0.523931521, -0.845660143, -0.967285156, 0.146850586, 0.206787109, 0.232443797, 0.839013229, 0.492108834, 0, 0, -0, 0, 0, 0, 0, 0.340238379, -0.0956227051, -0.220031885, 0.0407970229, 0.0798204412, -0.995888261, 0.226074219, -0.971557617, -0.0686035156, -0.973235002, -0.222244085, -0.0576616162, 0, 1, 1, 1, 
99.7922785, 8, 0.1, 0.1, 0.0187381524, 0.358502591, -0.0349700752, 0.950430909, -7.01699261e-007, 0.310935824, 0.310935824, 1.23927655e-005, -0.950430909, -3.18643809e-006, 1, 1.19966508e-005, 0.950430908, -8.67741139e-006, 0.310935827, 0.310935827, 1.06195815e-005, -0.950430908, 4.94527163e-006, 1, 1.27912966e-005, 0, 0, 0, 0, 0, 0, 0, 0.29014021, -0.129855566, -0.256708691, -0.10123671, 0.523931521, -0.845660143, -0.967285156, 0.146850586, 0.206787109, 0.232443797, 0.839013229, 0.492108834, 0, 0, -0, 0, 0, 0, 0, 0.340238379, -0.0956227051, -0.220031885, 0.0407970229, 0.0798204412, -0.995888261, 0.226074219, -0.971557617, -0.0686035156, -0.973235002, -0.222244085, -0.0576616162, 0, 1, 1, 1, 
99.7929757, 8, 0.1, 0.1, 0.0187381525, 0.358502594, -0.0349684943, 0.950430951, -3.26480651e-006, 0.310935696, 0.310935696, -5.5359443e-006, -0.950430951, 4.82429585e-006, 1, -4.24638792e-006, 0.95043094, -4.22780106e-006, 0.310935731, 0.310935731, -1.25310736e-005, -0.95043094, 7.91459148e-006, 1, -1.05953457e-005, 0, 0, 0, 0, 0, 0, 0, 0.29014021, -0.129855566, -0.256708691, -0.10123671, 0.523931521, -0.845660143, -0.967285156, 0.146850586, 0.206787109, 0.232443797, 0.839013229, 0.492108834, 0, 0, -0, 0, 0, 0, 0, 0.340238379, -0.0956227051, -0.220031885, 0.0407970229, 0.0798204412, -0.995888261, 0.226074219, -0.971557617, -0.0686035156, -0.973235002, -0.222244085, -0.0576616162, 0, 1, 1, 1, 
99.7936865, 8, 0.1, 0.1, 0.0187381531, 0.358502592, -0.0349672321, 0.950430999, -4.79511932e-006, 0.31093555, 0.31093555, -8.62903223e-006, -0.950430999, 7.24050292e-006, 1, -6.71032666e-006, 0.950430994, -6.39291515e-006, 0.310935564, 0.310935564, 3.72543086e-006, -0.950430994, 4.91765576e-006, 1, 5.52854963e-006, 0, 0, 0, 0, 0, 0, 0, 0.29014021, -0.129855566, -0.256708691, -0.10123671, 0.523931521, -0.845660143, -0.967285156, 0.146850586, 0.206787109, 0.232443797, 0.839013229, 0.492108834, 0, 0, -0, 0, 0, 0, 0, 0.340187354, -0.0964069336, -0.21979668, 0.0397109717, 0.0793917041, -0.99597758, 0.229980469, -0.970703125, -0.0682373047, -0.972244466, -0.226339657, -0.056811805, 0, 1, 1, 1, 
99.7943819, 8, 0.1, 0.1, 0.0187381519, 0.358502593, -0.0349667069, 0.950430977, -6.61230978e-006, 0.310935617, 0.310935617, 9.66621875e-006, -0.950430977, 3.27897235e-006, 1, 1.12430764e-005, 0.950430988, 3.50323139e-006, 0.310935583, 0.310935583, 7.22424229e-006, -0.950430988, -5.57585366e-006, 1, 5.77686445e-006, 0, 0, 0, 0, 0, 0, 0, 0.29014021, -0.129855566, -0.256708691, -0.10123671, 0.523931521, -0.845660143, -0.967285156, 0.146850586, 0.206787109, 0.232443797, 0.839013229, 0.492108834, 0, 0, -0, 0, 0, 0, 0, 0.340187354, -0.0964069336, -0.21979668, 0.0397109717, 0.0793917041, -0.99597758, 0.229980469, -0.970703125, -0.0682373047, -0.972244466, -0.226339657, -0.056811805, 0, 1, 1, 1, 
99.7950775, 8, 0.1, 0.1, 0.0187381506, 0.358502594, -0.0349670738, 0.950430916, 1.03074489e-005, 0.310935802, 0.310935802, -1.17582785e-005, -0.950430916, -6.14044834e-006, 1, -1.43803863e-005, 0.950430927, 1.31945675e-005, 0.310935769, 0.310935769, -1.11867027e-005, -0.950430927, -9.06217905e-006, 1, -1.47348512e-005, 0, 0, 0, 0, 0, 0, 0, 0.29014021, -0.129855566, -0.256708691, -0.10123671, 0.523931521, -0.845660143, -0.967285156, 0.146850586, 0.206787109, 0.232443797, 0.839013229, 0.492108834, 0, 0, -0, 0, 0, 0, 0, 0.340187354, -0.0964069336, -0.21979668, 0.0397109717, 0.0793917041, -0.99597758, 0.229980469, -0.970703125, -0.0682373047, -0.972244466, -0.226339657, -0.056811805, 0, 1, 1, 1, 
99.7957899, 8, 0.1, 0.1, 0.0187381504, 0.358502593, -0.0349681012, 0.950430902, 9.25023825e-006, 0.310935846, 0.310935846, 6.69313339e-006, -0.950430902, -1.08728474e-005, 1, 3.48513015e-006, 0.950430899, 4.67646984e-006, 0.310935856, 0.310935856, 1.15947748e-005, -0.950430899, -8.04989266e-006, 1, 9.5659501e-006, 0, 0, 0, 0, 0, 0, 0, 0.290443262, -0.130524683, -0.256025415, -0.103884324, 0.523906433, -0.845399912, -0.967651367, 0.143066406, 0.207641602, 0.229773339, 0.839635162, 0.492191209, 0, 0, -0, 0, 0, 0, 0, 0.340187354, -0.0964069336, -0.21979668, 0.0397109717, 0.0793917041, -0.99597758, 0.229980469, -0.970703125, -0.0682373047, -0.972244466, -0.226339657, -0.056811805, 0, 1, 1, 1, 
99.7964868, 8, 0.1, 0.1, 0.018738149, 0.358502596, -0.0349693709, 0.950430952, 5.2998839e-006, 0.310935695, 0.310935695, 7.78874381e-006, -0.950430952, -7.45897217e-006, 1, 5.75474011e-006, 0.950430939, 1.24711039e-006, 0.310935732, 0.310935732, -5.83745648e-006, -0.950430939, 6.29781504e-007, 1, -5.93587043e-006, 0, 0, 0, 0, 0, 0, 0, 0.290443262, -0.130524683, -0.256025415, -0.103884324, 0.523906433, -0.845399912, -0.967651367, 0.143066406, 0.207641602, 0.229773339, 0.839635162, 0.492191209, 0, 0, -0, 0, 0, 0, 0, 0.340187354, -0.0964069336, -0.21979668, 0.0397109717, 0.0793917041, -0.99597758, 0.229980469, -0.970703125, -0.0682373047, -0.972244466, -0.226339657, -0.056811805, 0, 1, 1, 1, 
99.7971839, 8, 0.1, 0.1, 0.0187381488, 0.358502595, -0.0349706167, 0.950430986, 1.47782098e-006, 0.310935588, 0.310935588, -8.90009945e-006, -0.950430986, 1.36279081e-006, 1, -8.91843744e-006, 0.950430985, -2.49247247e-006, 0.310935594, 0.310935594, -5.16874727e-006, -0.950430985, 3.97607057e-006, 1, -4.13753915e-006, 0, 0, 0, 0, 0, 0, 0, 0.290443262, -0.130524683, -0.256025415, -0.103884324, 0.523906433, -0.845399912, -0.967651367, 0.143066406, 0.207641602, 0.229773339, 0.839635162, 0.492191209, 0, 0, -0, 0, 0, 0, 0, 0.340187354, -0.0964069336, -0.21979668, 0.0397109717, 0.0793917041, -0.99597758, 0.229980469, -0.970703125, -0.0682373047, -0.972244466, -0.226339657, -0.056811805, 0, 1, 1, 1, 
99.7978812, 8, 0.1, 0.1, 0.0187381486, 0.358502593, -0.0349714611, 0.95043096, -9.20839842e-006, 0.31093567, 0.31093567, 1.06041293e-005, -0.95043096, 5.4547449e-006, 1, 1.29417123e-005, 0.950430969, -6.75774105e-006, 0.310935641, 0.310935641, 1.18788326e-005, -0.950430969, 2.72921396e-006, 1, 1.33912329e-005, 0, 0, 0, 0, 0, 0, 0, 0.290443262, -0.130524683, -0.256025415, -0.103884324, 0.523906433, -0.845399912, -0.967651367, 0.143066406, 0.207641602, 0.229773339, 0.839635162, 0.492191209, 0, 0, -0, 0, 0, 0, 0, 0.340187354, -0.0964069336, -0.21979668, 0.0397109717, 0.0793917041, -0.99597758, 0.229980469, -0.970703125, -0.0682373047, -0.972244466, -0.226339657, -0.056811805, 0, 1, 1, 1, 
99.7986134, 8, 0.1, 0.1, 0.0187381476, 0.358502595, -0.0349713771, 0.950430908, -3.07647953e-006, 0.310935828, 0.310935828, -5.44845577e-006, -0.950430908, 4.61810134e-006, 1, -4.22179306e-006, 0.950430916, 6.35516887e-006, 0.310935803, 0.310935803, -8.22047911e-006, -0.950430916, -3.4841077e-006, 1, -9.78904703e-006, 0, 0, 0, 0, 0, 0, 0, 0.290532349, -0.131370166, -0.255748706, -0.106467536, 0.524851877, -0.844403172, -0.967529297, 0.140869141, 0.209594727, 0.229070152, 0.839361827, 0.493022077, 0, 0, -0, 0, 0, 0, 0, 0.340375928, -0.097294043, -0.21957002, 0.0390529245, 0.0800814677, -0.996003099, 0.231933594, -0.970214844, -0.0688476562, -0.971822659, -0.228231043, -0.0565690018, 0, 1, 1, 1, 
99.7993116, 8, 0.1, 0.1, 0.0187381483, 0.358502593, -0.0349706348, 0.950430913, 4.24184923e-006, 0.310935812, 0.310935812, -5.40696253e-006, -0.950430913, -2.35036635e-006, 1, -6.45788717e-006, 0.950430907, 3.83994687e-006, 0.31093583, 0.31093583, 5.94339552e-006, -0.950430907, -5.49761881e-006, 1, 4.45480973e-006, 0, 0, 0, 0, 0, 0, 0, 0.290532349, -0.131370166, -0.255748706, -0.106467536, 0.524851877, -0.844403172, -0.967529297, 0.140869141, 0.209594727, 0.229070152, 0.839361827, 0.493022077, 0, 0, -0, 0, 0, 0, 0, 0.340375928, -0.097294043, -0.21957002, 0.0390529245, 0.0800814677, -0.996003099, 0.231933594, -0.970214844, -0.0688476562, -0.971822659, -0.228231043, -0.0565690018, 0, 1, 1, 1, 
99.8000089, 8, 0.1, 0.1, 0.018738149, 0.358502595, -0.0349696242, 0.950430967, 1.06174546e-006, 0.310935647, 0.310935647, 1.20039257e-005, -0.950430967, -4.74156417e-006, 1, 1.10787682e-005, 0.950430957, 2.71140748e-007, 0.31093568, 0.31093568, 6.27681784e-006, -0.950430956, -2.20938718e-006, 1, 5.88137465e-006, 0, 0, 0, 0, 0, 0, 0, 0.290532349, -0.131370166, -0.255748706, -0.106467536, 0.524851877, -0.844403172, -0.967529297, 0.140869141, 0.209594727, 0.229070152, 0.839361827, 0.493022077, 0, 0, -0, 0, 0, 0, 0, 0.340375928, -0.097294043, -0.21957002, 0.0390529245, 0.0800814677, -0.996003099, 0.231933594, -0.970214844, -0.0688476562, -0.971822659, -0.228231043, -0.0565690018, 0, 1, 1, 1, 
99.8007837, 8, 0.1, 0.1, 0.0187381495, 0.358502598, -0.0349679497, 0.950430987, 8.66757327e-006, 0.310935585, 0.310935586, -1.39606751e-005, -0.950430987, -3.89705953e-006, 1, -1.59637152e-005, 0.95043099, 4.97100546e-007, 0.310935578, 0.310935578, -1.80140857e-005, -0.95043099, 5.1287604e-006, 1, -1.72757116e-005, 0, 0, 0, 0, 0, 0, 0, 0.290532349, -0.131370166, -0.255748706, -0.106467536, 0.524851877, -0.844403172, -0.967529297, 0.140869141, 0.209594727, 0.229070152, 0.839361827, 0.493022077, 0, 0, -0, 0, 0, 0, 0, 0.340375928, -0.097294043, -0.21957002, 0.0390529245, 0.0800814677, -0.996003099, 0.231933594, -0.970214844, -0.0688476562, -0.971822659, -0.228231043, -0.0565690018, 0, 1, 1, 1, 
99.8014766, 8, 0.1, 0.1, 0.0187381503, 0.358502597, -0.0349666344, 0.950430934, -4.83963823e-006, 0.310935747, 0.310935747, 3.16375008e-006, -0.950430934, 3.61601889e-006, 1, 4.51174247e-006, 0.950430948, -9.98218335e-006, 0.310935706, 0.310935706, 7.75817271e-006, -0.950430948, 7.07508308e-006, 1, 1.04774247e-005, 0, 0, 0, 0, 0, 0, 0, 0.290532349, -0.131370166, -0.255748706, -0.106467536, 0.524851877, -0.844403172, -0.967529297, 0.140869141, 0.209594727, 0.229070152, 0.839361827, 0.493022077, 0, 0, -0, 0, 0, 0, 0, 0.340375928, -0.097294043, -0.21957002, 0.0390529245, 0.0800814677, -0.996003099, 0.231933594, -0.970214844, -0.0688476562, -0.971822659, -0.228231043, -0.0565690018, 0, 1, 1, 1, 
99.802164, 8, 0.1, 0.1, 0.0187381489, 0.358502599, -0.0349663397, 0.950430878, -7.58577328e-006, 0.31093592, 0.31093592, 6.38512796e-006, -0.950430878, 5.22438752e-006, 1, 8.42731216e-006, 0.950430884, -1.47558101e-006, 0.3109359, 0.3109359, -4.80328131e-006, -0.950430884, 2.89595036e-006, 1, -4.1063758e-006, 0, 0, 0, 0, 0, 0, 0, 0.290532349, -0.131370166, -0.255748706, -0.106467536, 0.524851877, -0.844403172, -0.967529297, 0.140869141, 0.209594727, 0.229070152, 0.839361827, 0.493022077, 0, 0, -0, 0, 0, 0, 0, 0.340375928, -0.097294043, -0.21957002, 0.0390529245, 0.0800814677, -0.996003099, 0.231933594, -0.970214844, -0.0688476562, -0.971822659, -0.228231043, -0.0565690018, 0, 1, 1, 1, 
99.802872, 8, 0.1, 0.1, 0.0187381481, 0.358502597, -0.0349670275, 0.950430891, 9.18112052e-007, 0.310935878, 0.310935878, -9.87128331e-006, -0.950430891, 2.19673409e-006, 1, -9.66744657e-006, 0.950430882, 7.77105581e-006, 0.310935907, 0.310935907, -1.9558558e-006, -0.950430882, -6.77770564e-006, 1, -4.27520604e-006, 0, 0, 0, 0, 0, 0, 0, 0.29110332, -0.132034521, -0.255518018, -0.108277169, 0.524928261, -0.844263508, -0.967773437, 0.138305664, 0.210083008, 0.227008523, 0.839844097, 0.493123548, 0, 0, -0, 0, 0, 0, 0, 0.340375928, -0.097294043, -0.21957002, 0.0390529245, 0.0800814677, -0.996003099, 0.231933594, -0.970214844, -0.0688476562, -0.971822659, -0.228231043, -0.0565690018, 0, 1, 1, 1, 
99.8035754, 8, 0.1, 0.1, 0.018738148, 0.358502595, -0.0349682208, 0.950430946, 6.02398145e-007, 0.310935711, 0.310935711, 1.55383032e-005, -0.950430946, -5.40395121e-006, 1, 1.45807772e-005, 0.950430937, 3.27408199e-006, 0.310935741, 0.310935741, 1.6891407e-005, -0.950430936, -8.36393095e-006, 1, 1.50360867e-005, 0, 0, 0, 0, 0, 0, 0, 0.29110332, -0.132034521, -0.255518018, -0.108277169, 0.524928261, -0.844263508, -0.967773437, 0.138305664, 0.210083008, 0.227008523, 0.839844097, 0.493123548, 0, 0, -0, 0, 0, 0, 0, 0.340705615, -0.0982692871, -0.219150635, 0.0404587044, 0.0795954947, -0.995984143, 0.234375, -0.969726563, -0.0679931641, -0.971183934, -0.230614233, -0.0579171792, 0, 1, 1, 1, 
99.8042636, 8, 0.1, 0.1, 0.0187381476, 0.358502597, -0.0349698027, 0.950430957, 8.76618202e-006, 0.310935679, 0.310935679, -6.99073479e-007, -0.950430957, -8.11428388e-006, 1, -3.39013984e-006, 0.95043096, 8.03535852e-006, 0.310935669, 0.310935669, -6.65732083e-006, -0.95043096, -5.567055e-006, 1, -8.8258034e-006, 0, 0, 0, 0, 0, 0, 0, 0.29110332, -0.132034521, -0.255518018, -0.108277169, 0.524928261, -0.844263508, -0.967773437, 0.138305664, 0.210083008, 0.227008523, 0.839844097, 0.493123548, 0, 0, -0, 0, 0, 0, 0, 0.340705615, -0.0982692871, -0.219150635, 0.0404587044, 0.0795954947, -0.995984143, 0.234375, -0.969726563, -0.0679931641, -0.971183934, -0.230614233, -0.0579171792, 0, 1, 1, 1, 
99.8049535, 8, 0.1, 0.1, 0.0187381483, 0.358502595, -0.0349713194, 0.95043091, 6.2786713e-006, 0.310935823, 0.310935823, -4.18170497e-006, -0.95043091, -4.6672014e-006, 1, -5.92668549e-006, 0.950430921, -4.14332095e-006, 0.310935788, 0.310935788, 3.8055415e-006, -0.950430921, 2.7546613e-006, 1, 4.90521107e-006, 0, 0, 0, 0, 0, 0, 0, 0.29110332, -0.132034521, -0.255518018, -0.108277169, 0.524928261, -0.844263508, -0.967773437, 0.138305664, 0.210083008, 0.227008523, 0.839844097, 0.493123548, 0, 0, -0, 0, 0, 0, 0, 0.340705615, -0.0982692871, -0.219150635, 0.0404587044, 0.0795954947, -0.995984143, 0.234375, -0.969726563, -0.0679931641, -0.971183934, -0.230614233, -0.0579171792, 0, 1, 1, 1, 
99.8056457, 8, 0.1, 0.1, 0.0187381479, 0.358502597, -0.0349723079, 0.950430875, -4.81104447e-006, 0.310935929, 0.310935929, 6.80285458e-006, -0.950430875, 2.45731329e-006, 1, 7.96156961e-006, 0.950430877, -6.00074722e-006, 0.310935922, 0.310935922, 1.6656487e-006, -0.950430877, 5.18538543e-006, 1, 3.44893183e-006, 0, 0, 0, 0, 0, 0, 0, 0.29110332, -0.132034521, -0.255518018, -0.108277169, 0.524928261, -0.844263508, -0.967773437, 0.138305664, 0.210083008, 0.227008523, 0.839844097, 0.493123548, 0, 0, -0, 0, 0, 0, 0, 0.340705615, -0.0982692871, -0.219150635, 0.0404587044, 0.0795954947, -0.995984143, 0.234375, -0.969726563, -0.0679931641, -0.971183934, -0.230614233, -0.0579171792, 0, 1, 1, 1, 
99.8063304, 8, 0.1, 0.1, 0.0187381469, 0.358502598, -0.0349725688, 0.950430898, -1.05103441e-006, 0.310935857, 0.310935857, -1.28640293e-005, -0.950430898, 4.99882355e-006, 1, -1.18995666e-005, 0.95043089, 1.34434098e-006, 0.310935884, 0.310935884, -1.26912309e-005, -0.95043089, 2.66845591e-006, 1, -1.24801418e-005, 0, 0, 0, 0, 0, 0, 0, 0.29110332, -0.132034521, -0.255518018, -0.108277169, 0.524928261, -0.844263508, -0.967773437, 0.138305664, 0.210083008, 0.227008523, 0.839844097, 0.493123548, 0, 0, -0, 0, 0, 0, 0, 0.340705615, -0.0982692871, -0.219150635, 0.0404587044, 0.0795954947, -0.995984143, 0.234375, -0.969726563, -0.0679931641, -0.971183934, -0.230614233, -0.0579171792, 0, 1, 1, 1, 
99.8070198, 8, 0.1, 0.1, 0.0187381468, 0.358502597, -0.0349720459, 0.950430942, -4.38986963e-006, 0.310935725, 0.310935725, 2.64256307e-006, -0.950430942, 3.35060067e-006, 1, 3.876541e-006, 0.950430935, 1.06308082e-006, 0.310935746, 0.310935746, 9.85821596e-006, -0.950430935, -4.07565663e-006, 1, 9.03900358e-006, 0, 0, 0, 0, 0, 0, 0, 0.29110332, -0.132034521, -0.255518018, -0.108277169, 0.524928261, -0.844263508, -0.967773437, 0.138305664, 0.210083008, 0.227008523, 0.839844097, 0.493123548, 0, 0, -0, 0, 0, 0, 0, 0.340705615, -0.0982692871, -0.219150635, 0.0404587044, 0.0795954947, -0.995984143, 0.234375, -0.969726563, -0.0679931641, -0.971183934, -0.230614233, -0.0579171792, 0, 1, 1, 1, 
99.8077358, 8, 0.1, 0.1, 0.018738146, 0.358502598, -0.0349707915, 0.950430933, 3.5705061e-007, 0.310935752, 0.310935752, 9.12438675e-006, -0.950430933, -3.17645e-006, 1, 8.56107961e-006, 0.95043094, 7.40105664e-006, 0.31093573, 0.31093573, -1.03978768e-006, -0.95043094, -6.71088608e-006, 1, -3.28949933e-006, 0, 0, 0, 0, 0, 0, 0, 0.291440063, -0.133405225, -0.25507959, -0.110378112, 0.52428124, -0.844378085, -0.967651367, 0.13671875, 0.211425781, 0.226228953, 0.840440942, 0.492400144, 0, 0, -0, 0, 0, 0, 0, 0.340705615, -0.0982692871, -0.219150635, 0.0416344409, 0.0789370809, -0.995990706, 0.236328125, -0.969238281, -0.0668945312, -0.970692131, -0.232524575, -0.0590225534, 0, 1, 1, 1, 
99.8084245, 8, 0.1, 0.1, 0.0187381471, 0.358502598, -0.0349691982, 0.950430876, 7.82560303e-006, 0.310935924, 0.310935924, -7.68862977e-006, -0.950430876, -5.04702354e-006, 1, -9.74077224e-006, 0.950430888, 3.97249282e-006, 0.31093589, 0.31093589, -3.23609154e-006, -0.950430888, -2.76936287e-006, 1, -4.31087194e-006, 0, 0, 0, 0, 0, 0, 0, 0.291440063, -0.133405225, -0.25507959, -0.110378112, 0.52428124, -0.844378085, -0.967651367, 0.13671875, 0.211425781, 0.226228953, 0.840440942, 0.492400144, 0, 0, -0, 0, 0, 0, 0, 0.341016992, -0.0996924805, -0.218727832, 0.0416344409, 0.0789370809, -0.995990706, 0.236328125, -0.969238281, -0.0668945312, -0.970692131, -0.232524575, -0.0590225534, 0, 1, 1, 1, 
99.8091146, 8, 0.1, 0.1, 0.0187381487, 0.358502597, -0.0349679077, 0.950430851, -8.24765361e-007, 0.310936003, 0.310936003, 1.25343888e-005, -0.950430851, -3.1135103e-006, 1, 1.21695191e-005, 0.95043085, -9.43133558e-006, 0.310936004, 0.310936004, 1.06484802e-005, -0.95043085, 5.65283641e-006, 1, 1.30531859e-005, 0, 0, 0, 0, 0, 0, 0, 0.291440063, -0.133405225, -0.25507959, -0.110378112, 0.52428124, -0.844378085, -0.967651367, 0.13671875, 0.211425781, 0.226228953, 0.840440942, 0.492400144, 0, 0, -0, 0, 0, 0, 0, 0.341016992, -0.0996924805, -0.218727832, 0.0416344409, 0.0789370809, -0.995990706, 0.236328125, -0.969238281, -0.0668945312, -0.970692131, -0.232524575, -0.0590225534, 0, 1, 1, 1, 
99.8098899, 8, 0.1, 0.1, 0.0187381487, 0.358502602, -0.0349662636, 0.950430904, -3.99754823e-006, 0.310935841, 0.31093584, -1.22541583e-005, -0.950430904, 7.6096504e-006, 1, -1.04037498e-005, 0.950430891, -4.93921554e-006, 0.310935881, 0.310935881, -2.0097202e-005, -0.95043089, 1.09433242e-005, 1, -1.75652222e-005, 0, 0, 0, 0, 0, 0, 0, 0.291440063, -0.133405225, -0.25507959, -0.110378112, 0.52428124, -0.844378085, -0.967651367, 0.13671875, 0.211425781, 0.226228953, 0.840440942, 0.492400144, 0, 0, -0, 0, 0, 0, 0, 0.341016992, -0.0996924805, -0.218727832, 0.0416344409, 0.0789370809, -0.995990706, 0.236328125, -0.969238281, -0.0668945312, -0.970692131, -0.232524575, -0.0590225534, 0, 1, 1, 1, 
99.810609, 8, 0.1, 0.1, 0.0187381496, 0.3585026, -0.0349653924, 0.950430962, -6.4473144e-006, 0.310935664, 0.310935664, -9.61741784e-006, -0.950430962, 9.11812543e-006, 1, -7.13599171e-006, 0.950430956, -7.89317899e-006, 0.310935681, 0.310935681, 2.36184741e-006, -0.950430956, 6.76753902e-006, 1, 4.69904388e-006, 0, 0, 0, 0, 0, 0, 0, 0.292174243, -0.135259033, -0.254013428, -0.109090063, 0.522910815, -0.845292449, -0.968017578, 0.137329102, 0.209838867, 0.225777762, 0.841152364, 0.491309045, 0, 0, -0, 0, 0, 0, 0, 0.341695898, -0.101320117, -0.217672656, 0.0450336856, 0.078138309, -0.995901754, 0.237060547, -0.969238281, -0.0653076172, -0.970334856, -0.2330995, -0.0622045146, 0, 1, 1, 1, 
99.8112973, 8, 0.1, 0.1, 0.0187381491, 0.358502601, -0.0349658699, 0.950430946, -8.36867587e-006, 0.310935713, 0.310935713, 1.27127316e-005, -0.950430945, 4.00100624e-006, 1, 1.46846938e-005, 0.950430956, 1.85642953e-006, 0.310935682, 0.310935682, 9.53677519e-006, -0.950430956, -4.72973179e-006, 1, 8.48681618e-006, 0, 0, 0, 0, 0, 0, 0, 0.292174243, -0.135259033, -0.254013428, -0.109090063, 0.522910815, -0.845292449, -0.968017578, 0.137329102, 0.209838867, 0.225777762, 0.841152364, 0.491309045, 0, 0, -0, 0, 0, 0, 0, 0.341695898, -0.101320117, -0.217672656, 0.0450336856, 0.078138309, -0.995901754, 0.237060547, -0.969238281, -0.0653076172, -0.970334856, -0.2330995, -0.0622045146, 0, 1, 1, 1, 
99.8119859, 8, 0.1, 0.1, 0.0187381485, 0.358502601, -0.0349674951, 0.95043089, 8.07612859e-006, 0.310935883, 0.310935883, -7.05070694e-006, -0.95043089, -5.4834843e-006, 1, -9.21236784e-006, 0.9504309, 1.08817213e-005, 0.310935853, 0.310935853, -6.39370068e-006, -0.9504309, -8.35429337e-006, 1, -9.46028797e-006, 0, 0, 0, 0, 0, 0, 0, 0.292174243, -0.135259033, -0.254013428, -0.109090063, 0.522910815, -0.845292449, -0.968017578, 0.137329102, 0.209838867, 0.225777762, 0.841152364, 0.491309045, 0, 0, -0, 0, 0, 0, 0, 0.341695898, -0.101320117, -0.217672656, 0.0450336856, 0.078138309, -0.995901754, 0.237060547, -0.969238281, -0.0653076172, -0.970334856, -0.2330995, -0.0622045146, 0, 1, 1, 1, 
99.812676, 8, 0.1, 0.1, 0.0187381491, 0.358502599, -0.0349697303, 0.950430878, 6.06354535e-006, 0.310935921, 0.310935921, 8.78707624e-006, -0.950430878, -8.49519837e-006, 1, 6.46613452e-006, 0.950430875, 1.68539382e-006, 0.31093593, 0.31093593, 1.37687645e-005, -0.950430875, -5.88305393e-006, 1, 1.25622094e-005, 0, 0, 0, 0, 0, 0, 0, 0.292174243, -0.135259033, -0.254013428, -0.109090063, 0.522910815, -0.845292449, -0.968017578, 0.137329102, 0.209838867, 0.225777762, 0.841152364, 0.491309045, 0, 0, -0, 0, 0, 0, 0, 0.341695898, -0.101320117, -0.217672656, 0.0450336856, 0.078138309, -0.995901754, 0.237060547, -0.969238281, -0.0653076172, -0.970334856, -0.2330995, -0.0622045146, 0, 1, 1, 1, 
99.8133675, 8, 0.1, 0.1, 0.0187381487, 0.358502601, -0.0349718609, 0.950430924, 2.73621051e-006, 0.31093578, 0.31093578, 5.99099778e-006, -0.950430924, -4.46339465e-006, 1, 4.8432438e-006, 0.950430913, -9.92672671e-007, 0.310935814, 0.310935814, -5.65449925e-006, -0.950430913, 2.70165312e-006, 1, -5.0655534e-006, 0, 0, 0, 0, 0, 0, 0, 0.292174243, -0.135259033, -0.254013428, -0.109090063, 0.522910815, -0.845292449, -0.968017578, 0.137329102, 0.209838867, 0.225777762, 0.841152364, 0.491309045, 0, 0, -0, 0, 0, 0, 0, 0.341695898, -0.101320117, -0.217672656, 0.0450336856, 0.078138309, -0.995901754, 0.237060547, -0.969238281, -0.0653076172, -0.970334856, -0.2330995, -0.0622045146, 0, 1, 1, 1, 
99.8140661, 8, 0.1, 0.1, 0.0187381489, 0.3585026, -0.0349731764, 0.950430958, 5.18571887e-007, 0.310935675, 0.310935675, -1.13215261e-005, -0.950430958, 3.02739957e-006, 1, -1.09215714e-005, 0.950430956, -3.26339162e-006, 0.310935681, 0.310935681, -7.56876498e-006, -0.950430956, 5.45502751e-006, 1, -6.17888364e-006, 0, 0, 0, 0, 0, 0, 0, 0.292174243, -0.135259033, -0.254013428, -0.109090063, 0.522910815, -0.845292449, -0.968017578, 0.137329102, 0.209838867, 0.225777762, 0.841152364, 0.491309045, 0, 0, -0, 0, 0, 0, 0, 0.341695898, -0.101320117, -0.217672656, 0.0450336856, 0.078138309, -0.995901754, 0.237060547, -0.969238281, -0.0653076172, -0.970334856, -0.2330995, -0.0622045146, 0, 1, 1, 1, 
99.8147568, 8, 0.1, 0.1, 0.0187381488, 0.3585026, -0.034973418, 0.950430936, -8.59669906e-006, 0.310935743, 0.310935743, 5.31655071e-006, -0.950430936, 6.51746309e-006, 1, 7.72603528e-006, 0.950430944, -6.49760235e-006, 0.310935718, 0.310935718, 6.62119511e-006, -0.950430944, 4.11675628e-006, 1, 8.31332537e-006, 0, 0, 0, 0, 0, 0, 0, 0.292174243, -0.135259033, -0.254013428, -0.109090063, 0.522910815, -0.845292449, -0.968017578, 0.137329102, 0.209838867, 0.225777762, 0.841152364, 0.491309045, 0, 0, -0, 0, 0, 0, 0, 0.341695898, -0.101320117, -0.217672656, 0.0450336856, 0.078138309, -0.995901754, 0.237060547, -0.969238281, -0.0653076172, -0.970334856, -0.2330995, -0.0622045146, 0, 1, 1, 1, 
99.8155437, 8, 0.1, 0.1, 0.0187381481, 0.358502603, -0.0349718956, 0.950430888, -5.55549649e-006, 0.31093589, 0.31093589, -6.63168148e-006, -0.950430888, 7.34214325e-006, 1, -4.57555166e-006, 0.950430898, 7.16045136e-006, 0.310935859, 0.310935859, -1.13092319e-005, -0.950430898, -3.28906848e-006, 1, -1.29750845e-005, 0, 0, 0, 0, 0, 0, 0, 0.292869727, -0.137055835, -0.252910767, -0.108588697, 0.522688776, -0.84555268, -0.968017578, 0.137573242, 0.209350586, 0.225821945, 0.841311123, 0.49122667, 0, 0, -0, 0, 0, 0, 0, 0.342399951, -0.102216016, -0.216619434, 0.0486119345, 0.0790770723, -0.995614841, 0.240478516, -0.968383789, -0.0651855469, -0.969345054, -0.236192143, -0.0661021256, 0, 1, 1, 1, 
99.8162465, 8, 0.1, 0.1, 0.0187381491, 0.358502602, -0.0349691827, 0.950430899, 4.48050107e-006, 0.310935856, 0.310935856, -4.85840546e-006, -0.950430899, -2.7477542e-006, 1, -6.0107271e-006, 0.950430892, 3.69013895e-006, 0.310935878, 0.310935878, 6.66116954e-006, -0.950430892, -5.57841866e-006, 1, 5.18358471e-006, 0, 0, 0, 0, 0, 0, 0, 0.292869727, -0.137055835, -0.252910767, -0.108588697, 0.522688776, -0.84555268, -0.968017578, 0.137573242, 0.209350586, 0.225821945, 0.841311123, 0.49122667, 0, 0, -0, 0, 0, 0, 0, 0.342399951, -0.102216016, -0.216619434, 0.0486119345, 0.0790770723, -0.995614841, 0.240478516, -0.968383789, -0.0651855469, -0.969345054, -0.236192143, -0.0661021256, 0, 1, 1, 1, 
99.8169579, 8, 0.1, 0.1, 0.0187381495, 0.358502602, -0.0349667904, 0.950430961, 3.10068792e-006, 0.310935666, 0.310935666, 1.58202662e-005, -0.950430961, -7.86607481e-006, 1, 1.40719564e-005, 0.950430949, 1.91142842e-006, 0.310935703, 0.310935703, 9.43531529e-006, -0.950430949, -4.75045711e-006, 1, 8.37328433e-006, 0, 0, 0, 0, 0, 0, 0, 0.292869727, -0.137055835, -0.252910767, -0.108588697, 0.522688776, -0.84555268, -0.968017578, 0.137573242, 0.209350586, 0.225821945, 0.841311123, 0.49122667, 0, 0, -0, 0, 0, 0, 0, 0.342399951, -0.102216016, -0.216619434, 0.0486119345, 0.0790770723, -0.995614841, 0.240478516, -0.968383789, -0.0651855469, -0.969345054, -0.236192143, -0.0661021256, 0, 1, 1, 1, 
99.8176951, 8, 0.1, 0.1, 0.0187381496, 0.358502604, -0.0349646516, 0.950430992, 1.02964097e-005, 0.31093557, 0.31093557, -1.09592597e-005, -0.950430992, -6.37840328e-006, 1, -1.36175401e-005, 0.950430993, 1.20603576e-006, 0.310935567, 0.310935567, -1.48111274e-005, -0.950430993, 3.45905254e-006, 1, -1.44519539e-005, 0, 0, 0, 0, 0, 0, 0, 0.292869727, -0.137055835, -0.252910767, -0.108588697, 0.522688776, -0.84555268, -0.968017578, 0.137573242, 0.209350586, 0.225821945, 0.841311123, 0.49122667, 0, 0, -0, 0, 0, 0, 0, 0.342399951, -0.102216016, -0.216619434, 0.0486119345, 0.0790770723, -0.995614841, 0.240478516, -0.968383789, -0.0651855469, -0.969345054, -0.236192143, -0.0661021256, 0, 1, 1, 1, 
99.8183917, 8, 0.1, 0.1, 0.01873815, 0.358502602, -0.0349641762, 0.950430943, -3.85422519e-006, 0.31093572, 0.31093572, 4.40102458e-006, -0.950430943, 2.29473913e-006, 1, 5.38128623e-006, 0.950430957, -9.44111556e-006, 0.310935679, 0.310935679, 1.00675702e-005, -0.950430957, 5.84276173e-006, 1, 1.250411e-005, 0, 0, 0, 0, 0, 0, 0, 0.292869727, -0.137055835, -0.252910767, -0.108588697, 0.522688776, -0.84555268, -0.968017578, 0.137573242, 0.209350586, 0.225821945, 0.841311123, 0.49122667, 0, 0, -0, 0, 0, 0, 0, 0.342399951, -0.102216016, -0.216619434, 0.0486119345, 0.0790770723, -0.995614841, 0.240478516, -0.968383789, -0.0651855469, -0.969345054, -0.236192143, -0.0661021256, 0, 1, 1, 1, 
99.8190834, 8, 0.1, 0.1, 0.0187381478, 0.358502604, -0.0349653333, 0.950430889, -5.55789238e-006, 0.310935887, 0.310935887, 4.16700621e-006, -0.950430889, 3.98672082e-006, 1, 5.68859961e-006, 0.950430894, 9.08220311e-007, 0.31093587, 0.31093587, -7.12325702e-006, -0.950430894, 1.35167547e-006, 1, -7.05256182e-006, 0, 0, 0, 0, 0, 0, 0, 0.292869727, -0.137055835, -0.252910767, -0.108588697, 0.522688776, -0.84555268, -0.968017578, 0.137573242, 0.209350586, 0.225821945, 0.841311123, 0.49122667, 0, 0, -0, 0, 0, 0, 0, 0.342399951, -0.102216016, -0.216619434, 0.0486119345, 0.0790770723, -0.995614841, 0.240478516, -0.968383789, -0.0651855469, -0.969345054, -0.236192143, -0.0661021256, 0, 1, 1, 1, 
99.8198614, 8, 0.1, 0.1, 0.0187381459, 0.358502604, -0.0349674332, 0.950430911, 3.15612424e-006, 0.310935818, 0.310935818, -1.58614462e-005, -0.950430911, 1.9322137e-006, 1, -1.60565608e-005, 0.950430899, 1.0789158e-005, 0.310935856, 0.310935857, -7.19616618e-006, -0.950430899, -8.01680303e-006, 1, -1.01941948e-005, 0, 0, 0, 0, 0, 0, 0, 0.293524561, -0.138846533, -0.252242383, -0.108868024, 0.522587305, -0.845571776, -0.968017578, 0.137329102, 0.209472656, 0.225619002, 0.841450787, 0.491106103, 0, 0, -0, 0, 0, 0, 0, 0.342399951, -0.102216016, -0.216619434, 0.0534169591, 0.0804631626, -0.995308972, 0.243530273, -0.967651367, -0.0651855469, -0.968349054, -0.238869541, -0.071347914, 0, 1, 1, 1, 
99.820553, 8, 0.1, 0.1, 0.0187381452, 0.358502604, -0.0349692954, 0.950430974, 1.55483401e-006, 0.310935627, 0.310935627, 1.1167005e-005, -0.950430974, -4.9499821e-006, 1, 1.01300141e-005, 0.950430963, 4.6419108e-006, 0.310935661, 0.310935661, 1.17534546e-005, -0.950430963, -8.06638393e-006, 1, 9.7275116e-006, 0, 0, 0, 0, 0, 0, 0, 0.293524561, -0.138846533, -0.252242383, -0.108868024, 0.522587305, -0.845571776, -0.968017578, 0.137329102, 0.209472656, 0.225619002, 0.841450787, 0.491106103, 0, 0, -0, 0, 0, 0, 0, 0.343631787, -0.103520068, -0.215370068, 0.0534169591, 0.0804631626, -0.995308972, 0.243530273, -0.967651367, -0.0651855469, -0.968349054, -0.238869541, -0.071347914, 0, 1, 1, 1, 
99.8212518, 8, 0.1, 0.1, 0.018738145, 0.358502606, -0.0349711432, 0.950430992, 7.12500713e-006, 0.310935572, 0.310935572, -1.01401851e-006, -0.950430992, -6.45653316e-006, 1, -3.17917278e-006, 0.950430993, 6.82894047e-006, 0.310935567, 0.310935567, -7.46063361e-006, -0.950430993, -4.17066033e-006, 1, -9.21417789e-006, 0, 0, 0, 0, 0, 0, 0, 0.293524561, -0.138846533, -0.252242383, -0.108868024, 0.522587305, -0.845571776, -0.968017578, 0.137329102, 0.209472656, 0.225619002, 0.841450787, 0.491106103, 0, 0, -0, 0, 0, 0, 0, 0.343631787, -0.103520068, -0.215370068, 0.0534169591, 0.0804631626, -0.995308972, 0.243530273, -0.967651367, -0.0651855469, -0.968349054, -0.238869541, -0.071347914, 0, 1, 1, 1, 
99.821996, 8, 0.1, 0.1, 0.0187381464, 0.358502604, -0.0349722421, 0.950430949, 5.38294394e-006, 0.310935704, 0.310935704, -3.32388437e-006, -0.950430949, -4.08260219e-006, 1, -4.83287203e-006, 0.950430961, -6.30823995e-006, 0.310935667, 0.310935667, 5.32521858e-006, -0.950430961, 4.33974616e-006, 1, 7.02270941e-006, 0, 0, 0, 0, 0, 0, 0, 0.293524561, -0.138846533, -0.252242383, -0.108868024, 0.522587305, -0.845571776, -0.968017578, 0.137329102, 0.209472656, 0.225619002, 0.841450787, 0.491106103, 0, 0, -0, 0, 0, 0, 0, 0.343631787, -0.103520068, -0.215370068, 0.0534169591, 0.0804631626, -0.995308972, 0.243530273, -0.967651367, -0.0651855469, -0.968349054, -0.238869541, -0.071347914, 0, 1, 1, 1, 
99.8227239, 8, 0.1, 0.1, 0.018738147, 0.358502604, -0.03497178, 0.950430919, -8.51398469e-006, 0.310935795, 0.310935795, 1.05775462e-005, -0.950430919, 4.80301656e-006, 1, 1.27005295e-005, 0.950430919, -9.87753365e-006, 0.310935793, 0.310935793, 5.00507721e-006, -0.950430919, 7.83165573e-006, 1, 7.82825889e-006, 0, 0, 0, 0, 0, 0, 0, 0.293524561, -0.138846533, -0.252242383, -0.108868024, 0.522587305, -0.845571776, -0.968017578, 0.137329102, 0.209472656, 0.225619002, 0.841450787, 0.491106103, 0, 0, -0, 0, 0, 0, 0, 0.344193262, -0.104606494, -0.215175879, 0.0547589399, 0.0822579338, -0.995092055, 0.247924805, -0.966430664, -0.0662841797, -0.967103322, -0.243099641, -0.0734117411, 0, 1, 1, 1, 
99.8234276, 8, 0.1, 0.1, 0.018738147, 0.358502605, -0.0349705084, 0.950430952, -3.72967422e-006, 0.310935692, 0.310935692, -1.10527888e-005, -0.950430952, 6.98150437e-006, 1, -9.34522377e-006, 0.950430941, -1.43246372e-006, 0.310935726, 0.310935726, -1.08074334e-005, -0.950430941, 4.72187498e-006, 1, -9.82631494e-006, 0, 0, 0, 0, 0, 0, 0, 0.293524561, -0.138846533, -0.252242383, -0.108868024, 0.522587305, -0.845571776, -0.968017578, 0.137329102, 0.209472656, 0.225619002, 0.841450787, 0.491106103, 0, 0, -0, 0, 0, 0, 0, 0.344193262, -0.104606494, -0.215175879, 0.0547589399, 0.0822579338, -0.995092055, 0.247924805, -0.966430664, -0.0662841797, -0.967103322, -0.243099641, -0.0734117411, 0, 1, 1, 1, 
99.8241252, 8, 0.1, 0.1, 0.0187381472, 0.358502602, -0.0349690194, 0.950431006, -4.8560269e-006, 0.310935527, 0.310935527, 3.96278383e-006, -0.950431006, 3.38314826e-006, 1, 5.27626391e-006, 0.950430997, 7.0243461e-007, 0.310935556, 0.310935556, 1.26316923e-005, -0.950430997, -4.59525789e-006, 1, 1.178714e-005, 0, 0, 0, 0, 0, 0, 0, 0.293524561, -0.138846533, -0.252242383, -0.108868024, 0.522587305, -0.845571776, -0.968017578, 0.137329102, 0.209472656, 0.225619002, 0.841450787, 0.491106103, 0, 0, -0, 0, 0, 0, 0, 0.344193262, -0.104606494, -0.215175879, 0.0547589399, 0.0822579338, -0.995092055, 0.247924805, -0.966430664, -0.0662841797, -0.967103322, -0.243099641, -0.0734117411, 0, 1, 1, 1, 
