time, trialNum, realDorsalTactorPos, realVentralTactorPos, boxPosX, boxPosY, boxPosZ, boxLocalRot_11, boxLocalRot_12, boxLocalRot_13, boxLocalRot_21, boxLocalRot_22, boxLocalRot_23, boxLocalRot_31, boxLocalRot_32, boxLocalRot_33, boxGlobalRot_11, boxGlobalRot_12, boxGlobalRot_13, boxGlobalRot_21, boxGlobalRot_22, boxGlobalRot_23, boxGlobalRot_31, boxGlobalRot_32, boxGlobalRot_33, indexForceX, indexForceY, indexForceZ, indexForceGlobalX, indexForceGlobalY, indexForceGlobalZ, indexContact, indexPosX, indexPosY, indexPosZ, indexRot_11, indexRot_12, indexRot_13, indexRot_21, indexRot_22, indexRot_23, indexRot_31, indexRot_32, indexRot_33, thumbForceX, thumbForceY, thumbForceZ, thumbForceGlobalX, thumbForceGlobalY, thumbForceGlobalZ, thumbContact, thumbPosX, thumbPosY, thumbPosZ, thumbRot_11, thumbRot_12, thumbRot_13, thumbRot_21, thumbRot_22, thumbRot_23, thumbRot_31, thumbRot_32, thumbRot_33, manipForceTooHigh, cceExpType, mapping, trialSuccess, 
191.604759, 22, 0.1, 0.1, 0.007335716, 0.367156728, -0.0349773384, 0.898125042, -1.91463947e-007, 0.439740161, 0.439740161, -5.45661865e-006, -0.898125042, 2.57145293e-006, 1, -4.81653147e-006, 0.898125037, -9.99331425e-007, 0.43974017, 0.43974017, -3.90027971e-006, -0.898125037, 2.61263424e-006, 1, -3.06349269e-006, 0, 0, 0, 0, 0, 0, 0, 0.237230811, -0.0210891602, -0.208473682, -0.147617562, 0.799849854, -0.581585384, -0.807617187, 0.241943359, 0.537719727, 0.570892594, 0.549116925, 0.610458648, 0, 0, 0, 0, 0, 0, 0, 0.324949658, -0.00745, -0.185354053, 0.180666955, 0.330034444, -0.926364263, 0.0205078125, -0.942993164, -0.33203125, -0.983205364, 0.0410706387, -0.177270312, 0, 1, 3, 1, 
191.643222, 22, 0.1, 0.1, 0.00733568969, 0.367156777, -0.0349707305, 0.898128468, 1.61907958e-006, 0.439733163, 0.439733163, 9.38562102e-006, -0.898128468, -5.58131028e-006, 1, 7.71753044e-006, 0.898128527, 4.84624286e-006, 0.439733043, 0.439733043, 1.17285696e-005, -0.898128527, -9.50998856e-006, 1, 8.40270985e-006, 0, 0, 0, 0, 0, 0, 0, 0.252525513, -0.041036377, -0.205412915, -0.169465327, 0.787856748, -0.591926852, -0.827514648, 0.212524414, 0.51965332, 0.535174297, 0.577959488, 0.616175109, 0, 0, -0, 0, 0, 0, 0, 0.338562939, -0.0231003906, -0.180193408, 0.182884633, 0.330658174, -0.925792637, 0.0798339844, -0.943481445, -0.321289062, -0.979780966, -0.0150799658, -0.199058434, 0, 1, 3, 1, 
191.643917, 22, 0.1, 0.1, 0.00733568864, 0.367156781, -0.034968629, 0.898128145, 7.11363351e-006, 0.439733823, 0.439733823, -4.26687591e-006, -0.898128145, -4.51266482e-006, 1, -6.9603066e-006, 0.898128213, 8.47859939e-006, 0.439733685, 0.439733685, -1.09333991e-005, -0.898128213, -2.80708545e-006, 1, -1.35479199e-005, 0, 0, 0, 0, 0, 0, 0, 0.252525513, -0.041036377, -0.205412915, -0.169465327, 0.787856748, -0.591926852, -0.827514648, 0.212524414, 0.51965332, 0.535174297, 0.577959488, 0.616175109, 0, 0, -0, 0, 0, 0, 0, 0.338562939, -0.0231003906, -0.180193408, 0.182884633, 0.330658174, -0.925792637, 0.0798339844, -0.943481445, -0.321289062, -0.979780966, -0.0150799658, -0.199058434, 0, 1, 3, 1, 
191.644609, 22, 0.1, 0.1, 0.00733569102, 0.367156781, -0.0349670039, 0.89812778, 2.47306196e-006, 0.439734568, 0.439734568, -6.1615031e-006, -0.89812778, 4.88300256e-007, 1, -6.62130793e-006, 0.898127852, -1.03653186e-005, 0.439734421, 0.439734421, 2.9809176e-007, -0.898127852, 9.17830012e-006, 1, 4.82571188e-006, 0, 0, 0, 0, 0, 0, 0, 0.252525513, -0.041036377, -0.205412915, -0.169465327, 0.787856748, -0.591926852, -0.827514648, 0.212524414, 0.51965332, 0.535174297, 0.577959488, 0.616175109, 0, 0, -0, 0, 0, 0, 0, 0.338562939, -0.0231003906, -0.180193408, 0.182884633, 0.330658174, -0.925792637, 0.0798339844, -0.943481445, -0.321289062, -0.979780966, -0.0150799658, -0.199058434, 0, 1, 3, 1, 
191.645321, 22, 0.1, 0.1, 0.00733568573, 0.36715678, -0.0349662015, 0.898127354, -2.74270299e-006, 0.439735439, 0.439735439, 1.42782114e-005, -0.898127354, -3.81533896e-006, 1, 1.40297159e-005, 0.898127451, 1.14603481e-005, 0.439735241, 0.43973524, 1.42682145e-005, -0.898127451, -1.65670899e-005, 1, 7.7751562e-006, 0, 0, 0, 0, 0, 0, 0, 0.252525513, -0.041036377, -0.205412915, -0.171098227, 0.785294875, -0.594833574, -0.829711914, 0.210693359, 0.516723633, 0.531107205, 0.582073007, 0.615770346, 0, 0, -0, 0, 0, 0, 0, 0.338562939, -0.0231003906, -0.180193408, 0.182884633, 0.330658174, -0.925792637, 0.0798339844, -0.943481445, -0.321289062, -0.979780966, -0.0150799658, -0.199058434, 0, 1, 3, 1, 
191.646032, 22, 0.1, 0.1, 0.00733569182, 0.367156784, -0.0349661985, 0.898126834, -7.7789367e-006, 0.439736501, 0.439736501, -1.67972453e-005, -0.898126834, 1.43728336e-005, 1, -1.16653743e-005, 0.89812694, -1.63920753e-005, 0.439736284, 0.439736284, -2.13924598e-005, -0.89812694, 2.41292052e-005, 1, -1.20049542e-005, 0, 0, 0, 0, 0, 0, 0, 0.253992383, -0.043387207, -0.204892969, -0.171098227, 0.785294875, -0.594833574, -0.829711914, 0.210693359, 0.516723633, 0.531107205, 0.582073007, 0.615770346, 0, 0, -0, 0, 0, 0, 0, 0.340010547, -0.0251207031, -0.17939126, 0.184277653, 0.328740534, -0.926214811, 0.0852050781, -0.944091797, -0.318115234, -0.979020841, -0.0201912261, -0.202048631, 0, 1, 3, 1, 
191.646727, 22, 0.1, 0.1, 0.00733569031, 0.367156782, -0.0349671725, 0.898126282, -1.91909587e-006, 0.439737629, 0.439737629, 5.05593125e-006, -0.898126282, -4.99692779e-007, 1, 5.3847634e-006, 0.89812639, 3.47873751e-006, 0.439737407, 0.439737407, 1.48316482e-005, -0.89812639, -9.64637647e-006, 1, 1.17909636e-005, 0, 0, 0, 0, 0, 0, 0, 0.253992383, -0.043387207, -0.204892969, -0.171098227, 0.785294875, -0.594833574, -0.829711914, 0.210693359, 0.516723633, 0.531107205, 0.582073007, 0.615770346, 0, 0, -0, 0, 0, 0, 0, 0.340010547, -0.0251207031, -0.17939126, 0.184277653, 0.328740534, -0.926214811, 0.0852050781, -0.944091797, -0.318115234, -0.979020841, -0.0201912261, -0.202048631, 0, 1, 3, 1, 
191.647422, 22, 0.1, 0.1, 0.00733569444, 0.367156788, -0.0349688155, 0.898125777, -9.45078626e-006, 0.43973866, 0.43973866, -2.00417806e-006, -0.898125777, 9.36930933e-006, 1, 2.35587212e-006, 0.898125872, -1.40587884e-005, 0.439738466, 0.439738466, -1.58997253e-005, -0.898125872, 1.96182824e-005, 1, -8.09776455e-006, 0, 0, 0, 0, 0, 0, 0, 0.253992383, -0.043387207, -0.204892969, -0.171098227, 0.785294875, -0.594833574, -0.829711914, 0.210693359, 0.516723633, 0.531107205, 0.582073007, 0.615770346, 0, 0, -0, 0, 0, 0, 0, 0.340010547, -0.0251207031, -0.17939126, 0.184277653, 0.328740534, -0.926214811, 0.0852050781, -0.944091797, -0.318115234, -0.979020841, -0.0201912261, -0.202048631, 0, 1, 3, 1, 
191.64819, 22, 0.1, 0.1, 0.00733568929, 0.367156786, -0.034970147, 0.898125383, 8.609415e-006, 0.439739465, 0.439739465, 4.95042044e-006, -0.898125383, -9.90922938e-006, 1, 6.60198711e-007, 0.898125445, 1.77178347e-005, 0.439739338, 0.439739338, 4.41757376e-006, -0.898125445, -1.78554192e-005, 1, -3.82369352e-006, 0, 0, 0, 0, 0, 0, 0, 0.253992383, -0.043387207, -0.204892969, -0.171098227, 0.785294875, -0.594833574, -0.829711914, 0.210693359, 0.516723633, 0.531107205, 0.582073007, 0.615770346, 0, 0, -0, 0, 0, 0, 0, 0.340010547, -0.0251207031, -0.17939126, 0.184277653, 0.328740534, -0.926214811, 0.0852050781, -0.944091797, -0.318115234, -0.979020841, -0.0201912261, -0.202048631, 0, 1, 3, 1, 
191.648892, 22, 0.1, 0.1, 0.00733569112, 0.367156788, -0.0349707552, 0.898125075, 2.49329117e-006, 0.439740093, 0.439740093, -3.15385923e-006, -0.898125075, -8.52408969e-007, 1, -3.92896015e-006, 0.898125137, -5.98236889e-006, 0.439739968, 0.439739967, -6.52907431e-006, -0.898125137, 8.2440108e-006, 1, -3.23323905e-006, 0, 0, 0, 0, 0, 0, 0, 0.253992383, -0.043387207, -0.204892969, -0.171098227, 0.785294875, -0.594833574, -0.829711914, 0.210693359, 0.516723633, 0.531107205, 0.582073007, 0.615770346, 0, 0, -0, 0, 0, 0, 0, 0.340010547, -0.0251207031, -0.17939126, 0.184277653, 0.328740534, -0.926214811, 0.0852050781, -0.944091797, -0.318115234, -0.979020841, -0.0201912261, -0.202048631, 0, 1, 3, 1, 
191.649588, 22, 0.1, 0.1, 0.00733569126, 0.367156789, -0.0349709456, 0.898124772, -4.19332533e-007, 0.439740711, 0.439740711, -3.2593047e-006, -0.898124772, 1.8098619e-006, 1, -2.74286471e-006, 0.89812483, -6.41131224e-006, 0.439740594, 0.439740594, 4.30946446e-007, -0.89812483, 5.56865407e-006, 1, 3.20635795e-006, 0, 0, 0, 0, 0, 0, 0, 0.253992383, -0.043387207, -0.204892969, -0.171098227, 0.785294875, -0.594833574, -0.829711914, 0.210693359, 0.516723633, 0.531107205, 0.582073007, 0.615770346, 0, 0, -0, 0, 0, 0, 0, 0.340010547, -0.0251207031, -0.17939126, 0.184277653, 0.328740534, -0.926214811, 0.0852050781, -0.944091797, -0.318115234, -0.979020841, -0.0201912261, -0.202048631, 0, 1, 3, 1, 
191.650313, 22, 0.1, 0.1, 0.00733568917, 0.36715679, -0.0349706014, 0.898124455, 3.43113039e-007, 0.439741359, 0.439741359, -6.93637941e-006, -0.898124455, 2.7420547e-006, 1, -6.38061298e-006, 0.898124519, 2.21891342e-006, 0.439741229, 0.439741229, -5.59047292e-006, -0.898124519, 4.65500891e-007, 1, -5.99668852e-006, 0, 0, 0, 0, 0, 0, 0, 0.255055249, -0.0456883545, -0.20453999, -0.172025696, 0.783810996, -0.596636094, -0.830810547, 0.209838867, 0.515258789, 0.529153039, 0.584409093, 0.615314285, 0, 0, -0, 0, 0, 0, 0, 0.340010547, -0.0251207031, -0.17939126, 0.185574792, 0.32765375, -0.926323819, 0.0892333984, -0.944335938, -0.31628418, -0.978516278, -0.0238649904, -0.204514942, 0, 1, 3, 1, 
191.651009, 22, 0.1, 0.1, 0.00733568995, 0.367156789, -0.0349697729, 0.898124182, -8.94115615e-008, 0.439741918, 0.439741918, 4.84281879e-006, -0.898124182, -2.04928774e-006, 1, 4.38877068e-006, 0.898124234, -5.88020349e-006, 0.43974181, 0.439741811, 9.73143682e-006, -0.898124234, 1.00183361e-006, 1, 1.13258106e-005, 0, 0, 0, 0, 0, 0, 0, 0.255055249, -0.0456883545, -0.20453999, -0.172025696, 0.783810996, -0.596636094, -0.830810547, 0.209838867, 0.515258789, 0.529153039, 0.584409093, 0.615314285, 0, 0, -0, 0, 0, 0, 0, 0.340999951, -0.0270558105, -0.178780615, 0.185574792, 0.32765375, -0.926323819, 0.0892333984, -0.944335938, -0.31628418, -0.978516278, -0.0238649904, -0.204514942, 0, 1, 3, 1, 
191.651704, 22, 0.1, 0.1, 0.00733568811, 0.367156792, -0.0349689852, 0.898123945, -8.37632503e-007, 0.439742401, 0.439742401, 2.1914594e-006, -0.898123945, -2.11379809e-007, 1, 2.33654469e-006, 0.898123993, 6.39186693e-006, 0.439742303, 0.439742303, -6.52196486e-006, -0.898123993, -2.8727052e-006, 1, -8.66830741e-006, 0, 0, 0, 0, 0, 0, 0, 0.255055249, -0.0456883545, -0.20453999, -0.172025696, 0.783810996, -0.596636094, -0.830810547, 0.209838867, 0.515258789, 0.529153039, 0.584409093, 0.615314285, 0, 0, -0, 0, 0, 0, 0, 0.340999951, -0.0270558105, -0.178780615, 0.185574792, 0.32765375, -0.926323819, 0.0892333984, -0.944335938, -0.31628418, -0.978516278, -0.0238649904, -0.204514942, 0, 1, 3, 1, 
191.652403, 22, 0.1, 0.1, 0.00733568832, 0.367156794, -0.0349684018, 0.898123689, 1.34892035e-005, 0.439742925, 0.439742925, -1.15797798e-005, -0.898123689, -7.02284697e-006, 1, -1.63318564e-005, 0.898123737, 7.9729269e-006, 0.439742826, 0.439742826, -8.44206233e-006, -0.898123737, -3.44833856e-006, 1, -1.1088054e-005, 0, 0, 0, 0, 0, 0, 0, 0.255055249, -0.0456883545, -0.20453999, -0.172025696, 0.783810996, -0.596636094, -0.830810547, 0.209838867, 0.515258789, 0.529153039, 0.584409093, 0.615314285, 0, 0, -0, 0, 0, 0, 0, 0.340999951, -0.0270558105, -0.178780615, 0.185574792, 0.32765375, -0.926323819, 0.0892333984, -0.944335938, -0.31628418, -0.978516278, -0.0238649904, -0.204514942, 0, 1, 3, 1, 
191.6531, 22, 0.1, 0.1, 0.00733568819, 0.367156795, -0.0349682228, 0.89812349, -5.45923341e-006, 0.43974333, 0.43974333, 7.81629563e-006, -0.89812349, 1.4659019e-006, 1, 9.42066019e-006, 0.898123523, -4.05711584e-006, 0.439743263, 0.439743263, 8.46691401e-006, -0.898123523, -7.94772244e-008, 1, 9.388424e-006, 0, 0, 0, 0, 0, 0, 0, 0.255055249, -0.0456883545, -0.20453999, -0.172025696, 0.783810996, -0.596636094, -0.830810547, 0.209838867, 0.515258789, 0.529153039, 0.584409093, 0.615314285, 0, 0, -0, 0, 0, 0, 0, 0.340999951, -0.0270558105, -0.178780615, 0.185574792, 0.32765375, -0.926323819, 0.0892333984, -0.944335938, -0.31628418, -0.978516278, -0.0238649904, -0.204514942, 0, 1, 3, 1, 
191.653797, 22, 0.1, 0.1, 0.00733568775, 0.367156798, -0.0349684461, 0.898123368, -8.02712469e-007, 0.439743581, 0.439743581, -5.49131332e-006, -0.898123368, 3.13570461e-006, 1, -4.57888916e-006, 0.898123386, -1.62687522e-006, 0.439743542, 0.439743542, -1.34615849e-005, -0.898123386, 7.38077971e-006, 1, -1.13747563e-005, 0, 0, 0, 0, 0, 0, 0, 0.255055249, -0.0456883545, -0.20453999, -0.172025696, 0.783810996, -0.596636094, -0.830810547, 0.209838867, 0.515258789, 0.529153039, 0.584409093, 0.615314285, 0, 0, -0, 0, 0, 0, 0, 0.340999951, -0.0270558105, -0.178780615, 0.185574792, 0.32765375, -0.926323819, 0.0892333984, -0.944335938, -0.31628418, -0.978516278, -0.0238649904, -0.204514942, 0, 1, 3, 1, 
191.654494, 22, 0.1, 0.1, 0.00733568769, 0.367156796, -0.0349689826, 0.898123278, -8.24164772e-006, 0.439743763, 0.439743763, -7.42921253e-006, -0.898123278, 1.06689655e-005, 1, -3.04813552e-006, 0.898123296, -2.17766133e-006, 0.439743727, 0.439743727, 7.89961832e-006, -0.898123296, -1.51799923e-006, 1, 8.05244415e-006, 0, 0, 0, 0, 0, 0, 0, 0.255055249, -0.0456883545, -0.20453999, -0.172025696, 0.783810996, -0.596636094, -0.830810547, 0.209838867, 0.515258789, 0.529153039, 0.584409093, 0.615314285, 0, 0, -0, 0, 0, 0, 0, 0.340999951, -0.0270558105, -0.178780615, 0.185574792, 0.32765375, -0.926323819, 0.0892333984, -0.944335938, -0.31628418, -0.978516278, -0.0238649904, -0.204514942, 0, 1, 3, 1, 
191.655218, 22, 0.1, 0.1, 0.00733569001, 0.367156797, -0.0349695824, 0.898123192, -6.68337943e-007, 0.43974394, 0.43974394, 1.473386e-005, -0.898123192, -5.87887582e-006, 1, 1.35267189e-005, 0.898123209, -3.53605992e-006, 0.439743905, 0.439743905, 7.68726975e-006, -0.898123209, -2.04612532e-007, 1, 8.45907617e-006, 0, 0, 0, 0, 0, 0, 0, 0.256525415, -0.0477574707, -0.204153198, -0.173645491, 0.782485876, -0.597822673, -0.832519531, 0.207519531, 0.513427734, 0.525949015, 0.586967219, 0.615625812, 0, 0, -0, 0, 0, 0, 0, 0.340999951, -0.0270558105, -0.178780615, 0.185766555, 0.328042741, -0.926132422, 0.0943603516, -0.944091797, -0.315429687, -0.978005152, -0.0287338141, -0.206335966, 0, 1, 3, 1, 
191.655915, 22, 0.1, 0.1, 0.00733569146, 0.3671568, -0.034969912, 0.898123121, -7.05248964e-006, 0.439744085, 0.439744084, -1.77079553e-005, -0.898123121, 1.41209726e-005, 1, -1.28026335e-005, 0.898123135, -8.2906498e-006, 0.439744056, 0.439744056, -1.75980905e-005, -0.898123135, 1.51846801e-005, 1, -1.21594882e-005, 0, 0, 0, 0, 0, 0, 0, 0.256525415, -0.0477574707, -0.204153198, -0.173645491, 0.782485876, -0.597822673, -0.832519531, 0.207519531, 0.513427734, 0.525949015, 0.586967219, 0.615625812, 0, 0, -0, 0, 0, 0, 0, 0.3421396, -0.028695166, -0.178136523, 0.185766555, 0.328042741, -0.926132422, 0.0943603516, -0.944091797, -0.315429687, -0.978005152, -0.0287338141, -0.206335966, 0, 1, 3, 1, 
191.65661, 22, 0.1, 0.1, 0.00733568993, 0.3671568, -0.0349701208, 0.89812305, 4.94391653e-006, 0.439744229, 0.439744229, 1.30615339e-006, -0.89812305, -5.01461881e-006, 1, -1.0009723e-006, 0.898123063, 6.97170482e-006, 0.439744203, 0.439744203, 9.19965947e-006, -0.898123063, -1.03069458e-005, 1, 5.19665956e-006, 0, 0, 0, 0, 0, 0, 0, 0.256525415, -0.0477574707, -0.204153198, -0.173645491, 0.782485876, -0.597822673, -0.832519531, 0.207519531, 0.513427734, 0.525949015, 0.586967219, 0.615625812, 0, 0, -0, 0, 0, 0, 0, 0.3421396, -0.028695166, -0.178136523, 0.185766555, 0.328042741, -0.926132422, 0.0943603516, -0.944091797, -0.315429687, -0.978005152, -0.0287338141, -0.206335966, 0, 1, 3, 1, 
191.657306, 22, 0.1, 0.1, 0.0073356907, 0.367156801, -0.0349701779, 0.898123024, 9.60514311e-006, 0.439744282, 0.439744282, -3.95798671e-007, -0.898123024, -8.45254997e-006, 1, -4.57928266e-006, 0.898123032, -6.74609038e-007, 0.439744266, 0.439744266, -4.96635878e-006, -0.898123032, 2.78980971e-006, 1, -4.16374575e-006, 0, 0, 0, 0, 0, 0, 0, 0.256525415, -0.0477574707, -0.204153198, -0.173645491, 0.782485876, -0.597822673, -0.832519531, 0.207519531, 0.513427734, 0.525949015, 0.586967219, 0.615625812, 0, 0, -0, 0, 0, 0, 0, 0.3421396, -0.028695166, -0.178136523, 0.185766555, 0.328042741, -0.926132422, 0.0943603516, -0.944091797, -0.315429687, -0.978005152, -0.0287338141, -0.206335966, 0, 1, 3, 1, 
191.658035, 22, 0.1, 0.1, 0.00733568835, 0.367156802, -0.0349697594, 0.898122974, -7.31434364e-006, 0.439744384, 0.439744384, -5.27642359e-006, -0.898122974, 8.8894577e-006, 1, -1.52243571e-006, 0.898122977, -3.82850478e-007, 0.439744379, 0.439744379, -7.62193756e-006, -0.898122977, 3.69555101e-006, 1, -6.6770809e-006, 0, 0, 0, 0, 0, 0, 0, 0.257957007, -0.0495945557, -0.203751514, -0.175982699, 0.781319515, -0.598729924, -0.834472656, 0.204345703, 0.51171875, 0.522117067, 0.589747383, 0.616140283, 0, 0, -0, 0, 0, 0, 0, 0.34371084, -0.0303298828, -0.177719092, 0.185702756, 0.328763855, -0.925915505, 0.100463867, -0.943603516, -0.314941406, -0.977398144, -0.0344269294, -0.208399794, 0, 1, 3, 1, 
191.658733, 22, 0.1, 0.1, 0.00733568763, 0.3671568, -0.0349692259, 0.898123027, 1.43403708e-005, 0.439744276, 0.439744276, -1.55101226e-006, -0.898123027, -1.21973685e-005, 1, -7.69909581e-006, 0.898123007, 9.85269927e-006, 0.439744316, 0.439744316, 9.77944917e-006, -0.898123008, -1.31493931e-005, 1, 4.4504798e-006, 0, 0, 0, 0, 0, 0, 0, 0.257957007, -0.0495945557, -0.203751514, -0.175982699, 0.781319515, -0.598729924, -0.834472656, 0.204345703, 0.51171875, 0.522117067, 0.589747383, 0.616140283, 0, 0, -0, 0, 0, 0, 0, 0.34371084, -0.0303298828, -0.177719092, 0.185702756, 0.328763855, -0.925915505, 0.100463867, -0.943603516, -0.314941406, -0.977398144, -0.0344269294, -0.208399794, 0, 1, 3, 1, 
191.659429, 22, 0.1, 0.1, 0.0073356883, 0.367156804, -0.0349688331, 0.898123192, -7.86847564e-006, 0.43974394, 0.43974394, 3.46016175e-006, -0.898123192, 5.54527529e-006, 1, 6.56776599e-006, 0.898123151, -1.10608614e-005, 0.439744022, 0.439744022, -3.41380518e-006, -0.898123151, 1.14352161e-005, 1, 1.79793022e-006, 0, 0, 0, 0, 0, 0, 0, 0.257957007, -0.0495945557, -0.203751514, -0.175982699, 0.781319515, -0.598729924, -0.834472656, 0.204345703, 0.51171875, 0.522117067, 0.589747383, 0.616140283, 0, 0, -0, 0, 0, 0, 0, 0.34371084, -0.0303298828, -0.177719092, 0.185702756, 0.328763855, -0.925915505, 0.100463867, -0.943603516, -0.314941406, -0.977398144, -0.0344269294, -0.208399794, 0, 1, 3, 1, 
191.660126, 22, 0.1, 0.1, 0.00733568694, 0.367156803, -0.0349687023, 0.898123421, -8.35298864e-006, 0.439743472, 0.439743472, -1.91361078e-006, -0.898123421, 8.34351258e-006, 1, 1.95451356e-006, 0.898123379, 1.69784039e-006, 0.439743557, 0.439743557, 4.1523174e-006, -0.898123379, -3.35082496e-006, 1, 2.98267896e-006, 0, 0, 0, 0, 0, 0, 0, 0.257957007, -0.0495945557, -0.203751514, -0.175982699, 0.781319515, -0.598729924, -0.834472656, 0.204345703, 0.51171875, 0.522117067, 0.589747383, 0.616140283, 0, 0, -0, 0, 0, 0, 0, 0.34371084, -0.0303298828, -0.177719092, 0.185702756, 0.328763855, -0.925915505, 0.100463867, -0.943603516, -0.314941406, -0.977398144, -0.0344269294, -0.208399794, 0, 1, 3, 1, 
191.660825, 22, 0.1, 0.1, 0.00733568844, 0.367156804, -0.0349688452, 0.898123588, 2.68021629e-006, 0.43974313, 0.43974313, 1.64755277e-005, -0.898123588, -9.6521656e-006, 1, 1.36184534e-005, 0.898123556, -6.83613815e-007, 0.439743196, 0.439743196, 1.02902678e-005, -0.898123556, -3.91110556e-006, 1, 9.5425464e-006, 0, 0, 0, 0, 0, 0, 0, 0.257957007, -0.0495945557, -0.203751514, -0.175982699, 0.781319515, -0.598729924, -0.834472656, 0.204345703, 0.51171875, 0.522117067, 0.589747383, 0.616140283, 0, 0, -0, 0, 0, 0, 0, 0.34371084, -0.0303298828, -0.177719092, 0.185702756, 0.328763855, -0.925915505, 0.100463867, -0.943603516, -0.314941406, -0.977398144, -0.0344269294, -0.208399794, 0, 1, 3, 1, 
191.661519, 22, 0.1, 0.1, 0.00733568845, 0.367156807, -0.0349691938, 0.898123743, -3.0713056e-006, 0.439742814, 0.439742814, -1.89487405e-005, -0.898123743, 1.10909849e-005, 1, -1.56677291e-005, 0.898123714, -3.80841878e-006, 0.439742873, 0.439742873, -1.86533452e-005, -0.898123714, 1.16231069e-005, 1, -1.50782867e-005, 0, 0, 0, 0, 0, 0, 0, 0.257957007, -0.0495945557, -0.203751514, -0.175982699, 0.781319515, -0.598729924, -0.834472656, 0.204345703, 0.51171875, 0.522117067, 0.589747383, 0.616140283, 0, 0, -0, 0, 0, 0, 0, 0.34371084, -0.0303298828, -0.177719092, 0.185702756, 0.328763855, -0.925915505, 0.100463867, -0.943603516, -0.314941406, -0.977398144, -0.0344269294, -0.208399794, 0, 1, 3, 1, 
191.662232, 22, 0.1, 0.1, 0.00733568645, 0.367156807, -0.0349695988, 0.898123882, 4.21252674e-006, 0.439742531, 0.439742531, -1.00974642e-007, -0.898123882, -3.73896803e-006, 1, -1.94311491e-006, 0.898123853, 7.466111e-006, 0.439742589, 0.439742589, 8.73336311e-006, -0.898123853, -1.05459241e-005, 1, 4.56047474e-006, 0, 0, 0, 0, 0, 0, 0, 0.257957007, -0.0495945557, -0.203751514, -0.179994747, 0.780375194, -0.59874902, -0.835327148, 0.200073242, 0.511962891, 0.51941553, 0.592368787, 0.616019715, 0, 0, -0, 0, 0, 0, 0, 0.34371084, -0.0303298828, -0.177719092, 0.185702756, 0.328763855, -0.925915505, 0.100463867, -0.943603516, -0.314941406, -0.977398144, -0.0344269294, -0.208399794, 0, 1, 3, 1, 
191.662943, 22, 0.1, 0.1, 0.00733568849, 0.367156809, -0.0349696964, 0.898124045, 5.34963128e-006, 0.439742197, 0.439742197, -1.05969833e-006, -0.898124045, -4.33863841e-006, 1, -3.30419916e-006, 0.898124017, -4.84515506e-006, 0.439742254, 0.439742254, -5.86037557e-006, -0.898124017, 6.92860489e-006, 1, -3.13272464e-006, 0, 0, 0, 0, 0, 0, 0, 0.258859961, -0.0514207764, -0.203752856, -0.179994747, 0.780375194, -0.59874902, -0.835327148, 0.200073242, 0.511962891, 0.51941553, 0.592368787, 0.616019715, 0, 0, -0, 0, 0, 0, 0, 0.344701074, -0.031723291, -0.177719092, 0.183709291, 0.329900212, -0.925915505, 0.106445312, -0.942993164, -0.314941406, -0.977116694, -0.0405673717, -0.208399794, 0, 1, 3, 1, 
191.66364, 22, 0.1, 0.1, 0.00733568792, 0.367156809, -0.0349697149, 0.898124166, -1.15408214e-005, 0.43974195, 0.43974195, -4.40648078e-006, -0.898124166, 1.2302805e-005, 1, 1.11741644e-006, 0.898124136, -4.76018472e-006, 0.43974201, 0.43974201, -6.96737919e-006, -0.898124136, 7.33908612e-006, 1, -4.16431822e-006, 0, 0, 0, 0, 0, 0, 0, 0.258859961, -0.0514207764, -0.203752856, -0.179994747, 0.780375194, -0.59874902, -0.835327148, 0.200073242, 0.511962891, 0.51941553, 0.592368787, 0.616019715, 0, 0, -0, 0, 0, 0, 0, 0.344701074, -0.031723291, -0.177719092, 0.183709291, 0.329900212, -0.925915505, 0.106445312, -0.942993164, -0.314941406, -0.977116694, -0.0405673717, -0.208399794, 0, 1, 3, 1, 
191.664348, 22, 0.1, 0.1, 0.00733568676, 0.36715681, -0.0349695488, 0.898124286, 9.88311894e-006, 0.439741705, 0.439741705, 5.92362386e-006, -0.898124286, -1.14811336e-005, 1, 9.74130884e-007, 0.898124268, 1.01091915e-005, 0.43974174, 0.43974174, 6.10640894e-006, -0.898124269, -1.17645531e-005, 1, 1.03888062e-006, 0, 0, 0, 0, 0, 0, 0, 0.258859961, -0.0514207764, -0.203752856, -0.179994747, 0.780375194, -0.59874902, -0.835327148, 0.200073242, 0.511962891, 0.51941553, 0.592368787, 0.616019715, 0, 0, -0, 0, 0, 0, 0, 0.344701074, -0.031723291, -0.177719092, 0.183709291, 0.329900212, -0.925915505, 0.106445312, -0.942993164, -0.314941406, -0.977116694, -0.0405673717, -0.208399794, 0, 1, 3, 1, 
191.665044, 22, 0.1, 0.1, 0.00733568771, 0.367156812, -0.0349694275, 0.898124401, -1.62844706e-006, 0.43974147, 0.43974147, -5.13984061e-006, -0.898124401, 3.7227491e-006, 1, -3.90012056e-006, 0.898124376, -9.45257923e-006, 0.439741521, 0.439741521, -3.12508592e-006, -0.898124376, 9.86382185e-006, 1, 1.34997573e-006, 0, 0, 0, 0, 0, 0, 0, 0.258859961, -0.0514207764, -0.203752856, -0.179994747, 0.780375194, -0.59874902, -0.835327148, 0.200073242, 0.511962891, 0.51941553, 0.592368787, 0.616019715, 0, 0, -0, 0, 0, 0, 0, 0.344701074, -0.031723291, -0.177719092, 0.183709291, 0.329900212, -0.925915505, 0.106445312, -0.942993164, -0.314941406, -0.977116694, -0.0405673717, -0.208399794, 0, 1, 3, 1, 
191.665744, 22, 0.1, 0.1, 0.00733568516, 0.367156812, -0.0349693425, 0.898124481, -3.59693744e-006, 0.439741306, 0.439741306, -4.1894342e-006, -0.898124481, 5.07276484e-006, 1, -2.18091146e-006, 0.898124463, 6.96883277e-006, 0.439741342, 0.439741342, 4.66799511e-007, -0.898124463, -6.46415023e-006, 1, -2.64523982e-006, 0, 0, 0, 0, 0, 0, 0, 0.258859961, -0.0514207764, -0.203752856, -0.179994747, 0.780375194, -0.59874902, -0.835327148, 0.200073242, 0.511962891, 0.51941553, 0.592368787, 0.616019715, 0, 0, -0, 0, 0, 0, 0, 0.344701074, -0.031723291, -0.177719092, 0.183709291, 0.329900212, -0.925915505, 0.106445312, -0.942993164, -0.314941406, -0.977116694, -0.0405673717, -0.208399794, 0, 1, 3, 1, 
191.666442, 22, 0.1, 0.1, 0.00733568568, 0.367156812, -0.0349693209, 0.898124577, 8.5521715e-006, 0.439741109, 0.439741109, 9.67887403e-006, -0.898124577, -1.19371142e-005, 1, 4.93209326e-006, 0.898124566, 6.41665631e-006, 0.439741134, 0.439741134, 2.25840951e-006, -0.898124566, -6.75607221e-006, 1, -7.93334662e-007, 0, 0, 0, 0, 0, 0, 0, 0.258859961, -0.0514207764, -0.203752856, -0.179994747, 0.780375194, -0.59874902, -0.835327148, 0.200073242, 0.511962891, 0.51941553, 0.592368787, 0.616019715, 0, 0, -0, 0, 0, 0, 0, 0.344701074, -0.031723291, -0.177719092, 0.183709291, 0.329900212, -0.925915505, 0.106445312, -0.942993164, -0.314941406, -0.977116694, -0.0405673717, -0.208399794, 0, 1, 3, 1, 
191.667156, 22, 0.1, 0.1, 0.00733568626, 0.367156813, -0.0349693231, 0.898124637, -8.68802901e-006, 0.439740988, 0.439740988, -8.60503272e-006, -0.898124637, 1.15869185e-005, 1, -3.90790942e-006, 0.898124625, -8.76615917e-006, 0.439741011, 0.439741011, -9.42589005e-006, -0.898124625, 1.20180539e-005, 1, -4.61078427e-006, 0, 0, 0, 0, 0, 0, 0, 0.258859961, -0.0514207764, -0.203752856, -0.184559456, 0.779589632, -0.598431501, -0.836669922, 0.194824219, 0.51184082, 0.515565608, 0.59521223, 0.616463793, 0, 0, -0, 0, 0, 0, 0, 0.344701074, -0.031723291, -0.177719092, 0.183709291, 0.329900212, -0.925915505, 0.106445312, -0.942993164, -0.314941406, -0.977116694, -0.0405673717, -0.208399794, 0, 1, 3, 1, 
191.66787, 22, 0.1, 0.1, 0.00733568427, 0.367156813, -0.0349691013, 0.898124721, 2.67162144e-006, 0.439740816, 0.439740816, 5.69946405e-006, -0.898124721, -4.90573623e-006, 1, 3.94400857e-006, 0.898124702, 1.10714182e-005, 0.439740855, 0.439740855, 3.14917835e-006, -0.898124702, -1.13283365e-005, 1, -2.04020004e-006, 0, 0, 0, 0, 0, 0, 0, 0.260177661, -0.0527917236, -0.203735278, -0.184559456, 0.779589632, -0.598431501, -0.836669922, 0.194824219, 0.51184082, 0.515565608, 0.59521223, 0.616463793, 0, 0, -0, 0, 0, 0, 0, 0.345684717, -0.0328770996, -0.1777125, 0.181581665, 0.331464573, -0.925781344, 0.113037109, -0.942138672, -0.315185547, -0.976726603, -0.0472765424, -0.208508435, 0, 1, 3, 1, 
191.668565, 22, 0.1, 0.1, 0.00733568637, 0.367156813, -0.0349689957, 0.898124772, 2.78777197e-006, 0.439740713, 0.439740713, 6.92149284e-006, -0.898124772, -5.54742926e-006, 1, 4.99046735e-006, 0.898124759, -7.40270412e-006, 0.439740738, 0.439740738, 1.93487893e-006, -0.898124759, 5.79770676e-006, 1, 4.99303325e-006, 0, 0, 0, 0, 0, 0, 0, 0.260177661, -0.0527917236, -0.203735278, -0.184559456, 0.779589632, -0.598431501, -0.836669922, 0.194824219, 0.51184082, 0.515565608, 0.59521223, 0.616463793, 0, 0, -0, 0, 0, 0, 0, 0.345684717, -0.0328770996, -0.1777125, 0.181581665, 0.331464573, -0.925781344, 0.113037109, -0.942138672, -0.315185547, -0.976726603, -0.0472765424, -0.208508435, 0, 1, 3, 1, 
191.669265, 22, 0.1, 0.1, 0.00733568594, 0.367156813, -0.0349690459, 0.898124842, -1.06404817e-005, 0.43974057, 0.43974057, -5.916141e-006, -0.898124842, 1.21580481e-005, 1, -6.34381728e-007, 0.898124835, -8.38781672e-006, 0.439740583, 0.439740583, 1.44374718e-006, -0.898124835, 6.89843228e-006, 1, 4.98512862e-006, 0, 0, 0, 0, 0, 0, 0, 0.260177661, -0.0527917236, -0.203735278, -0.184559456, 0.779589632, -0.598431501, -0.836669922, 0.194824219, 0.51184082, 0.515565608, 0.59521223, 0.616463793, 0, 0, -0, 0, 0, 0, 0, 0.345684717, -0.0328770996, -0.1777125, 0.181581665, 0.331464573, -0.925781344, 0.113037109, -0.942138672, -0.315185547, -0.976726603, -0.0472765424, -0.208508435, 0, 1, 3, 1, 
191.669976, 22, 0.1, 0.1, 0.00733568506, 0.367156813, -0.0349692124, 0.898124896, 1.06993852e-005, 0.439740459, 0.439740459, 3.66669929e-006, -0.898124896, -1.12217803e-005, 1, -1.41179865e-006, 0.89812488, 1.10291825e-005, 0.439740492, 0.439740492, 3.94796612e-006, -0.89812488, -1.16416637e-005, 1, -1.30421153e-006, 0, 0, 0, 0, 0, 0, 0, 0.260177661, -0.0527917236, -0.203735278, -0.184559456, 0.779589632, -0.598431501, -0.836669922, 0.194824219, 0.51184082, 0.515565608, 0.59521223, 0.616463793, 0, 0, -0, 0, 0, 0, 0, 0.345684717, -0.0328770996, -0.1777125, 0.17957544, 0.33355282, -0.92535334, 0.120117187, -0.941040039, -0.315917969, -0.976323753, -0.0542988787, -0.209077164, 0, 1, 3, 1, 
191.670675, 22, 0.1, 0.1, 0.00733568676, 0.367156814, -0.0349693214, 0.898124935, -5.47446202e-006, 0.439740378, 0.439740378, 6.2856507e-007, -0.898124935, 4.6403454e-006, 1, 2.97187196e-006, 0.898124931, -8.76260512e-006, 0.439740387, 0.439740387, -6.78111123e-006, -0.898124931, 1.08518426e-005, 1, -2.23701369e-006, 0, 0, 0, 0, 0, 0, 0, 0.260177661, -0.0527917236, -0.203735278, -0.184559456, 0.779589632, -0.598431501, -0.836669922, 0.194824219, 0.51184082, 0.515565608, 0.59521223, 0.616463793, 0, 0, -0, 0, 0, 0, 0, 0.34667666, -0.0337795898, -0.1774729, 0.17957544, 0.33355282, -0.92535334, 0.120117187, -0.941040039, -0.315917969, -0.976323753, -0.0542988787, -0.209077164, 0, 1, 3, 1, 
191.671376, 22, 0.1, 0.1, 0.00733568448, 0.367156814, -0.034969472, 0.898124994, -5.39967699e-006, 0.439740258, 0.439740258, -1.24142983e-006, -0.898124994, 5.39549154e-006, 1, 1.2594962e-006, 0.898124985, 4.62114352e-006, 0.439740276, 0.439740276, 4.17698445e-006, -0.898124985, -5.98715275e-006, 1, 1.71935117e-006, 0, 0, 0, 0, 0, 0, 0, 0.260177661, -0.0527917236, -0.203735278, -0.184559456, 0.779589632, -0.598431501, -0.836669922, 0.194824219, 0.51184082, 0.515565608, 0.59521223, 0.616463793, 0, 0, -0, 0, 0, 0, 0, 0.34667666, -0.0337795898, -0.1774729, 0.17957544, 0.33355282, -0.92535334, 0.120117187, -0.941040039, -0.315917969, -0.976323753, -0.0542988787, -0.209077164, 0, 1, 3, 1, 
191.672073, 22, 0.1, 0.1, 0.00733568458, 0.367156815, -0.0349696255, 0.898125014, 8.66195371e-006, 0.439740218, 0.439740218, 9.52441393e-006, -0.898125014, -1.19677852e-005, 1, 4.74510499e-006, 0.898125011, 6.10588006e-006, 0.439740223, 0.439740223, 2.94996709e-006, -0.898125011, -6.78106279e-006, 1, -3.55618397e-008, 0, 0, 0, 0, 0, 0, 0, 0.260177661, -0.0527917236, -0.203735278, -0.184559456, 0.779589632, -0.598431501, -0.836669922, 0.194824219, 0.51184082, 0.515565608, 0.59521223, 0.616463793, 0, 0, -0, 0, 0, 0, 0, 0.34667666, -0.0337795898, -0.1774729, 0.17957544, 0.33355282, -0.92535334, 0.120117187, -0.941040039, -0.315917969, -0.976323753, -0.0542988787, -0.209077164, 0, 1, 3, 1, 
191.672791, 22, 0.1, 0.1, 0.00733568517, 0.367156815, -0.0349695941, 0.898125051, -1.07439515e-005, 0.439740142, 0.439740142, -2.84117332e-006, -0.898125051, 1.089879e-005, 1, 2.17281783e-006, 0.89812504, -1.13824368e-005, 0.439740166, 0.439740166, -2.56577935e-006, -0.89812504, 1.13511277e-005, 1, 2.70092396e-006, 0, 0, 0, 0, 0, 0, 0, 0.261296533, -0.0541653564, -0.203497876, -0.188641896, 0.778765878, -0.598196358, -0.838256836, 0.189575195, 0.511230469, 0.511639301, 0.597814539, 0.617168102, 0, 0, -0, 0, 0, 0, 0, 0.34667666, -0.0337795898, -0.1774729, 0.17957544, 0.33355282, -0.92535334, 0.120117187, -0.941040039, -0.315917969, -0.976323753, -0.0542988787, -0.209077164, 0, 1, 3, 1, 
191.673494, 22, 0.1, 0.1, 0.00733568269, 0.367156816, -0.0349694446, 0.898125075, 6.81487287e-006, 0.439740094, 0.439740094, -2.44465822e-006, -0.898125075, -5.04559397e-006, 1, -5.19238168e-006, 0.898125073, 9.88939068e-006, 0.439740096, 0.439740096, 5.44296241e-006, -0.898125074, -1.12753985e-005, 1, 5.39699403e-007, 0, 0, 0, 0, 0, 0, 0, 0.261296533, -0.0541653564, -0.203497876, -0.188641896, 0.778765878, -0.598196358, -0.838256836, 0.189575195, 0.511230469, 0.511639301, 0.597814539, 0.617168102, 0, 0, -0, 0, 0, 0, 0, 0.34667666, -0.0337795898, -0.1774729, 0.17957544, 0.33355282, -0.92535334, 0.120117187, -0.941040039, -0.315917969, -0.976323753, -0.0542988787, -0.209077164, 0, 1, 3, 1, 
191.674191, 22, 0.1, 0.1, 0.00733568377, 0.367156818, -0.0349693102, 0.898125119, 7.75845175e-006, 0.439740003, 0.439740003, -1.5711661e-006, -0.898125119, -6.27715582e-006, 1, -4.82280533e-006, 0.898125113, -2.13762163e-006, 0.439740015, 0.439740015, -6.81381989e-006, -0.898125113, 4.91616092e-006, 1, -5.17966499e-006, 0, 0, 0, 0, 0, 0, 0, 0.261296533, -0.0541653564, -0.203497876, -0.188641896, 0.778765878, -0.598196358, -0.838256836, 0.189575195, 0.511230469, 0.511639301, 0.597814539, 0.617168102, 0, 0, -0, 0, 0, 0, 0, 0.34667666, -0.0337795898, -0.1774729, 0.17957544, 0.33355282, -0.92535334, 0.120117187, -0.941040039, -0.315917969, -0.976323753, -0.0542988787, -0.209077164, 0, 1, 3, 1, 
191.674915, 22, 0.1, 0.1, 0.007335683, 0.367156819, -0.0349691225, 0.898125136, -1.23981799e-005, 0.439739968, 0.439739968, -3.51956419e-006, -0.898125136, 1.268281e-005, 1, 2.29096616e-006, 0.898125126, -4.43553359e-006, 0.43973999, 0.43973999, -6.76921256e-006, -0.898125126, 6.96035763e-006, 1, -4.12911839e-006, 0, 0, 0, 0, 0, 0, 0, 0.26217312, -0.0555172607, -0.20322251, -0.193130222, 0.778386201, -0.597218714, -0.839233398, 0.184204102, 0.511474609, 0.508271648, 0.600099329, 0.617878402, 0, 0, -0, 0, 0, 0, 0, 0.34667666, -0.0337795898, -0.1774729, 0.17705809, 0.335353422, -0.925206418, 0.127685547, -0.939941406, -0.316162109, -0.975729138, -0.062087904, -0.209307207, 0, 1, 3, 1, 
191.675611, 22, 0.1, 0.1, 0.00733568235, 0.367156819, -0.0349688934, 0.898125163, 8.03696991e-006, 0.439739913, 0.439739913, 8.50093009e-006, -0.898125163, -1.09564032e-005, 1, 4.10072278e-006, 0.898125163, 8.48940874e-006, 0.439739914, 0.439739914, 8.43734222e-006, -0.898125163, -1.13347877e-005, 1, 3.84465749e-006, 0, 0, 0, 0, 0, 0, 0, 0.26217312, -0.0555172607, -0.20322251, -0.193130222, 0.778386201, -0.597218714, -0.839233398, 0.184204102, 0.511474609, 0.508271648, 0.600099329, 0.617878402, 0, 0, -0, 0, 0, 0, 0, 0.347192334, -0.034270752, -0.177244775, 0.17705809, 0.335353422, -0.925206418, 0.127685547, -0.939941406, -0.316162109, -0.975729138, -0.062087904, -0.209307207, 0, 1, 3, 1, 
191.676308, 22, 0.1, 0.1, 0.00733568426, 0.36715682, -0.0349688903, 0.898125195, -4.49270141e-006, 0.439739848, 0.439739848, -1.91402695e-006, -0.898125195, 4.87668225e-006, 1, 2.56584006e-007, 0.898125185, -1.24566282e-005, 0.439739868, 0.439739868, -2.29843862e-008, -0.898125185, 1.11977186e-005, 1, 5.45703317e-006, 0, 0, 0, 0, 0, 0, 0, 0.26217312, -0.0555172607, -0.20322251, -0.193130222, 0.778386201, -0.597218714, -0.839233398, 0.184204102, 0.511474609, 0.508271648, 0.600099329, 0.617878402, 0, 0, -0, 0, 0, 0, 0, 0.347192334, -0.034270752, -0.177244775, 0.17705809, 0.335353422, -0.925206418, 0.127685547, -0.939941406, -0.316162109, -0.975729138, -0.062087904, -0.209307207, 0, 1, 3, 1, 
191.67701, 22, 0.1, 0.1, 0.00733568044, 0.367156821, -0.0349690477, 0.898125236, -5.41348669e-006, 0.439739764, 0.439739764, 4.29262202e-006, -0.898125236, 2.97435241e-006, 1, 6.23583752e-006, 0.89812523, 9.68660343e-006, 0.439739777, 0.439739777, -2.10524613e-006, -0.89812523, -7.77402247e-006, 1, -6.1503595e-006, 0, 0, 0, 0, 0, 0, 0, 0.26217312, -0.0555172607, -0.20322251, -0.193130222, 0.778386201, -0.597218714, -0.839233398, 0.184204102, 0.511474609, 0.508271648, 0.600099329, 0.617878402, 0, 0, -0, 0, 0, 0, 0, 0.347192334, -0.034270752, -0.177244775, 0.17705809, 0.335353422, -0.925206418, 0.127685547, -0.939941406, -0.316162109, -0.975729138, -0.062087904, -0.209307207, 0, 1, 3, 1, 
191.677705, 22, 0.1, 0.1, 0.00733568057, 0.36715682, -0.0349693515, 0.898125271, 1.63344848e-005, 0.439739693, 0.439739693, -3.22738924e-007, -0.898125271, -1.45284925e-005, 1, -7.47278134e-006, 0.898125264, 9.59061092e-006, 0.439739707, 0.439739707, 1.83583886e-006, -0.898125264, -9.42086121e-006, 1, -2.56855918e-006, 0, 0, 0, 0, 0, 0, 0, 0.26217312, -0.0555172607, -0.20322251, -0.193130222, 0.778386201, -0.597218714, -0.839233398, 0.184204102, 0.511474609, 0.508271648, 0.600099329, 0.617878402, 0, 0, -0, 0, 0, 0, 0, 0.347192334, -0.034270752, -0.177244775, 0.17705809, 0.335353422, -0.925206418, 0.127685547, -0.939941406, -0.316162109, -0.975729138, -0.062087904, -0.209307207, 0, 1, 3, 1, 
191.678401, 22, 0.1, 0.1, 0.00733568152, 0.367156819, -0.034969717, 0.898125304, -1.5690466e-005, 0.439739625, 0.439739625, 8.18439556e-006, -0.898125304, 1.04930015e-005, 1, 1.42503324e-005, 0.898125298, -1.56434222e-005, 0.439739637, 0.439739637, 9.04137499e-006, -0.898125298, 1.00739022e-005, 1, 1.49993204e-005, 0, 0, 0, 0, 0, 0, 0, 0.26217312, -0.0555172607, -0.20322251, -0.193130222, 0.778386201, -0.597218714, -0.839233398, 0.184204102, 0.511474609, 0.508271648, 0.600099329, 0.617878402, 0, 0, -0, 0, 0, 0, 0, 0.347192334, -0.034270752, -0.177244775, 0.17705809, 0.335353422, -0.925206418, 0.127685547, -0.939941406, -0.316162109, -0.975729138, -0.062087904, -0.209307207, 0, 1, 3, 1, 
191.679131, 22, 0.1, 0.1, 0.00733567932, 0.36715682, -0.0349697906, 0.898125332, 3.78266504e-006, 0.439739569, 0.439739569, -3.97028264e-006, -0.898125332, -1.65141691e-006, 1, -5.2291989e-006, 0.898125326, 1.20489113e-005, 0.439739581, 0.439739581, -6.070836e-006, -0.898125326, -8.15184552e-006, 1, -1.07507548e-005, 0, 0, 0, 0, 0, 0, 0, 0.26217312, -0.0555172607, -0.20322251, -0.193130222, 0.778386201, -0.597218714, -0.839233398, 0.184204102, 0.511474609, 0.508271648, 0.600099329, 0.617878402, 0, 0, -0, 0, 0, 0, 0, 0.347192334, -0.034270752, -0.177244775, 0.17705809, 0.335353422, -0.925206418, 0.127685547, -0.939941406, -0.316162109, -0.975729138, -0.062087904, -0.209307207, 0, 1, 3, 1, 
191.679859, 22, 0.1, 0.1, 0.00733568276, 0.367156821, -0.0349694577, 0.898125362, 6.79887231e-006, 0.439739508, 0.439739508, -5.46480107e-006, -0.898125362, -3.70315072e-006, 1, -7.8978092e-006, 0.898125355, -9.86130902e-006, 0.439739521, 0.439739521, -1.51924122e-007, -0.898125355, 8.9234987e-006, 1, 4.1999604e-006, 0, 0, 0, 0, 0, 0, 0, 0.263326538, -0.0569187256, -0.202813989, -0.196552537, 0.776997802, -0.597961214, -0.840576172, 0.180419922, 0.510620117, 0.504611564, 0.603038252, 0.61787241, 0, 0, -0, 0, 0, 0, 0, 0.347192334, -0.034270752, -0.177244775, 0.175780275, 0.335397164, -0.925494064, 0.133789062, -0.939453125, -0.315063477, -0.975249728, -0.0683431847, -0.210073896, 0, 1, 3, 1, 
191.680554, 22, 0.1, 0.1, 0.00733568192, 0.367156822, -0.0349689517, 0.898125383, -1.57877105e-005, 0.439739463, 0.439739464, 6.28354721e-006, -0.898125383, 1.14162199e-005, 1, 1.25858926e-005, 0.898125379, -8.96756998e-006, 0.439739472, 0.439739472, 2.93997803e-006, -0.898125379, 6.7611778e-006, 1, 6.58386337e-006, 0, 0, 0, 0, 0, 0, 0, 0.263326538, -0.0569187256, -0.202813989, -0.196552537, 0.776997802, -0.597961214, -0.840576172, 0.180419922, 0.510620117, 0.504611564, 0.603038252, 0.61787241, 0, 0, -0, 0, 0, 0, 0, 0.347787598, -0.035515625, -0.176833447, 0.175780275, 0.335397164, -0.925494064, 0.133789062, -0.939453125, -0.315063477, -0.975249728, -0.0683431847, -0.210073896, 0, 1, 3, 1, 
