time, trialNum, realDorsalTactorPos, realVentralTactorPos, boxPosX, boxPosY, boxPosZ, boxLocalRot_11, boxLocalRot_12, boxLocalRot_13, boxLocalRot_21, boxLocalRot_22, boxLocalRot_23, boxLocalRot_31, boxLocalRot_32, boxLocalRot_33, boxGlobalRot_11, boxGlobalRot_12, boxGlobalRot_13, boxGlobalRot_21, boxGlobalRot_22, boxGlobalRot_23, boxGlobalRot_31, boxGlobalRot_32, boxGlobalRot_33, indexForceX, indexForceY, indexForceZ, indexForceGlobalX, indexForceGlobalY, indexForceGlobalZ, indexContact, indexPosX, indexPosY, indexPosZ, indexRot_11, indexRot_12, indexRot_13, indexRot_21, indexRot_22, indexRot_23, indexRot_31, indexRot_32, indexRot_33, thumbForceX, thumbForceY, thumbForceZ, thumbForceGlobalX, thumbForceGlobalY, thumbForceGlobalZ, thumbContact, thumbPosX, thumbPosY, thumbPosZ, thumbRot_11, thumbRot_12, thumbRot_13, thumbRot_21, thumbRot_22, thumbRot_23, thumbRot_31, thumbRot_32, thumbRot_33, manipForceTooHigh, cceExpType, mapping, trialSuccess, 
275.57974, 34, 0.1, 0.1, 0.00562707444, 0.365609359, -0.0349602996, 0.866792328, -0.498669286, 5.27217636e-005, 0.498669286, 0.86679233, 1.00826477e-005, -5.07267271e-005, 1.75511626e-005, 0.999999999, 0.866792434, -0.498669102, 5.46835356e-005, 0.498669103, 0.866792435, -4.85137033e-006, -4.49800465e-005, 3.14741207e-005, 0.999999998, 0, 0, 0, 0, 0, 0, 0, 0.282772827, -0.129510596, -0.176600854, -0.43251701, 0.553018227, -0.712096549, -0.874267578, -0.0640869141, 0.481079102, 0.220398452, 0.830698589, 0.511369002, 0, 0, -0, 0, 0, 0, 0, 0.351423389, -0.0769143555, -0.138455762, 0.0421452707, 0.445379802, -0.894285493, 0.451049805, -0.807128906, -0.380737305, -0.891469393, -0.387206919, -0.234901824, 0, 1, 5, 1, 
275.602795, 34, 0.1, 0.1, 0.00562744556, 0.365608755, -0.0349448031, 0.866785541, -0.498681086, 4.02610581e-006, 0.498681085, 0.866785541, 3.65325649e-005, -2.17078694e-005, -2.96581562e-005, 0.999999999, 0.866785617, -0.498680954, -2.60441177e-005, 0.498680954, 0.866785617, 4.21329879e-006, 2.04735747e-005, -1.66397322e-005, 1, 0, 0, 0, 0, 0, 0, 0, 0.291019922, -0.142385571, -0.167942529, -0.460393887, 0.523020522, -0.717137537, -0.87109375, -0.110839844, 0.478393555, 0.17080404, 0.844966338, 0.506852962, 0, 0, -0, 0, 0, 0, 0, 0.357591602, -0.0864034668, -0.130526123, 0.0262905363, 0.439353063, -0.897870671, 0.497924805, -0.784545898, -0.369262695, -0.86674611, -0.437305667, -0.239329151, 0, 1, 5, 1, 
275.603942, 34, 0.1, 0.1, 0.0056274412, 0.365608733, -0.0349467092, 0.866785526, -0.498681112, -3.39975473e-006, 0.498681111, 0.866785525, -4.78590933e-005, 2.6813284e-005, 3.97881759e-005, 0.999999999, 0.866785473, -0.498681204, 3.27670323e-005, 0.498681205, 0.866785472, -2.95395074e-005, -1.36711904e-005, 4.1944719e-005, 0.999999999, 0, 0, 0, 0, 0, 0, 0, 0.291019922, -0.142385571, -0.167942529, -0.460393887, 0.523020522, -0.717137537, -0.87109375, -0.110839844, 0.478393555, 0.17080404, 0.844966338, 0.506852962, 0, 0, -0, 0, 0, 0, 0, 0.357591602, -0.0864034668, -0.130526123, 0.0262905363, 0.439353063, -0.897870671, 0.497924805, -0.784545898, -0.369262695, -0.86674611, -0.437305667, -0.239329151, 0, 1, 5, 1, 
275.605085, 34, 0.1, 0.1, 0.00562747142, 0.365608715, -0.0349499966, 0.866786166, -0.498679999, 1.16620894e-005, 0.498679999, 0.866786166, 1.8955977e-005, -1.95615044e-005, -1.06151279e-005, 1, 0.866786005, -0.498680279, -2.94413409e-005, 0.49868028, 0.866786005, 1.28487444e-005, 1.91119268e-005, -2.58189279e-005, 0.999999999, 0, 0, 0, 0, 0, 0, 0, 0.291019922, -0.142385571, -0.167942529, -0.460393887, 0.523020522, -0.717137537, -0.87109375, -0.110839844, 0.478393555, 0.17080404, 0.844966338, 0.506852962, 0, 0, -0, 0, 0, 0, 0, 0.357591602, -0.0864034668, -0.130526123, 0.0262905363, 0.439353063, -0.897870671, 0.497924805, -0.784545898, -0.369262695, -0.86674611, -0.437305667, -0.239329151, 0, 1, 5, 1, 
275.60628, 34, 0.1, 0.1, 0.00562746504, 0.365608695, -0.0349522311, 0.866787234, -0.498678144, -2.52517042e-005, 0.498678144, 0.866787234, -2.10854065e-006, 2.2939338e-005, -1.07648169e-005, 1, 0.866787029, -0.4986785, 2.12189358e-005, 0.4986785, 0.866787029, -8.47986021e-006, -1.41635743e-005, 1.79316599e-005, 1, 0, 0, 0, 0, 0, 0, 0, 0.290873779, -0.144162598, -0.168812158, -0.467571766, 0.523248552, -0.71241519, -0.867431641, -0.116577148, 0.483642578, 0.169963433, 0.844065078, 0.508576855, 0, 0, -0, 0, 0, 0, 0, 0.357170947, -0.0877700195, -0.131091602, 0.0193454921, 0.440655665, -0.897365375, 0.501342773, -0.780761719, -0.372558594, -0.864898467, -0.44269218, -0.235961989, 0, 1, 5, 1, 
275.607419, 34, 0.1, 0.1, 0.00562749162, 0.365608678, -0.0349530617, 0.866788097, -0.498676644, 2.9778324e-005, 0.498676644, 0.866788097, -8.4441266e-006, -2.16006081e-005, 2.21690231e-005, 1, 0.866787967, -0.49867687, -7.68335755e-006, 0.49867687, 0.866787967, -1.80137978e-005, 1.56429062e-005, 1.17826304e-005, 1, 0, 0, 0, 0, 0, 0, 0, 0.290873779, -0.144162598, -0.168812158, -0.467571766, 0.523248552, -0.71241519, -0.867431641, -0.116577148, 0.483642578, 0.169963433, 0.844065078, 0.508576855, 0, 0, -0, 0, 0, 0, 0, 0.357170947, -0.0877700195, -0.131091602, 0.0193454921, 0.440655665, -0.897365375, 0.501342773, -0.780761719, -0.372558594, -0.864898467, -0.44269218, -0.235961989, 0, 1, 5, 1, 
275.608584, 34, 0.1, 0.1, 0.00562749704, 0.36560864, -0.0349521915, 0.866788395, -0.498676124, -4.02336013e-005, 0.498676125, 0.866788395, 2.49366322e-005, 2.24387156e-005, -4.16783198e-005, 0.999999999, 0.86678839, -0.498676134, -1.05306848e-005, 0.498676134, 0.866788389, 4.49089723e-005, -1.32671574e-005, -4.4177977e-005, 0.999999999, 0, 0, 0, 0, 0, 0, 0, 0.290873779, -0.144162598, -0.168812158, -0.467571766, 0.523248552, -0.71241519, -0.867431641, -0.116577148, 0.483642578, 0.169963433, 0.844065078, 0.508576855, 0, 0, -0, 0, 0, 0, 0, 0.356543164, -0.0898021484, -0.131888379, 0.0130136525, 0.441377144, -0.897166681, 0.502685547, -0.778442383, -0.375732422, -0.8642138, -0.446053145, -0.232013338, 0, 1, 5, 1, 
275.609724, 34, 0.1, 0.1, 0.00562751777, 0.365608628, -0.0349503581, 0.866788052, -0.498676721, 2.7092195e-005, 0.498676721, 0.866788052, 1.07536888e-005, -2.88458052e-005, 4.18907797e-006, 1, 0.866788157, -0.49867654, 1.59450358e-006, 0.49867654, 0.866788156, -2.14965284e-005, 9.3377176e-006, 1.94280778e-005, 1, 0, 0, 0, 0, 0, 0, 0, 0.290873779, -0.144162598, -0.168812158, -0.467571766, 0.523248552, -0.71241519, -0.867431641, -0.116577148, 0.483642578, 0.169963433, 0.844065078, 0.508576855, 0, 0, -0, 0, 0, 0, 0, 0.356543164, -0.0898021484, -0.131888379, 0.0130136525, 0.441377144, -0.897166681, 0.502685547, -0.778442383, -0.375732422, -0.8642138, -0.446053145, -0.232013338, 0, 1, 5, 1, 
275.61089, 34, 0.1, 0.1, 0.00562752155, 0.365608589, -0.034948252, 0.866787284, -0.498678057, -1.68521449e-005, 0.498678056, 0.866787284, -2.42600525e-005, 2.67051807e-005, 1.26245102e-005, 1, 0.866787441, -0.498677785, 3.0752967e-006, 0.498677784, 0.86678744, 2.37943355e-005, -1.45313351e-005, -1.90910491e-005, 1, 0, 0, 0, 0, 0, 0, 0, 0.290544922, -0.146389526, -0.169703394, -0.474038223, 0.523394207, -0.708067649, -0.863769531, -0.120727539, 0.489013672, 0.170493252, 0.843424049, 0.509494967, 0, 0, -0, 0, 0, 0, 0, 0.356543164, -0.0898021484, -0.131888379, 0.0130136525, 0.441377144, -0.897166681, 0.502685547, -0.778442383, -0.375732422, -0.8642138, -0.446053145, -0.232013338, 0, 1, 5, 1, 
275.612027, 34, 0.1, 0.1, 0.00562754515, 0.365608581, -0.0349472617, 0.866786658, -0.498679144, 7.80212034e-006, 0.498679144, 0.866786658, 3.29549357e-005, -2.31967129e-005, -2.46741439e-005, 0.999999999, 0.86678674, -0.498679003, -2.20778042e-005, 0.498679003, 0.86678674, 2.6277912e-006, 1.78263236e-005, -1.32874719e-005, 1, 0, 0, 0, 0, 0, 0, 0, 0.290544922, -0.146389526, -0.169703394, -0.474038223, 0.523394207, -0.708067649, -0.863769531, -0.120727539, 0.489013672, 0.170493252, 0.843424049, 0.509494967, 0, 0, -0, 0, 0, 0, 0, 0.356543164, -0.0898021484, -0.131888379, 0.0130136525, 0.441377144, -0.897166681, 0.502685547, -0.778442383, -0.375732422, -0.8642138, -0.446053145, -0.232013338, 0, 1, 5, 1, 
275.61322, 34, 0.1, 0.1, 0.00562753648, 0.365608565, -0.0349472332, 0.866786628, -0.498679197, 4.71219908e-007, 0.498679196, 0.866786627, -5.63010788e-005, 2.76677296e-005, 4.90360098e-005, 0.999999998, 0.866786576, -0.498679286, 3.61383658e-005, 0.498679287, 0.866786575, -3.87745181e-005, -1.19882013e-005, 5.16306862e-005, 0.999999999, 0, 0, 0, 0, 0, 0, 0, 0.290462012, -0.147504272, -0.170378345, -0.479877878, 0.523482574, -0.703954131, -0.861083984, -0.127441406, 0.4921875, 0.167957588, 0.842421318, 0.51205684, 0, 0, -0, 0, 0, 0, 0, 0.356164014, -0.0906838867, -0.132672461, 0.00667561631, 0.443127073, -0.896329264, 0.506103516, -0.774536133, -0.379150391, -0.862302358, -0.451024414, -0.229470468, 0, 1, 5, 1, 
275.614367, 34, 0.1, 0.1, 0.00562756189, 0.365608553, -0.0349480343, 0.866787273, -0.498678076, 2.08375408e-005, 0.498678076, 0.866787273, 1.56940561e-005, -2.58879968e-005, -3.21218337e-006, 1, 0.866787105, -0.498678367, -2.30215083e-005, 0.498678368, 0.866787105, 8.57848483e-006, 1.56768417e-005, -1.89160482e-005, 1, 0, 0, 0, 0, 0, 0, 0, 0.290462012, -0.147504272, -0.170378345, -0.479877878, 0.523482574, -0.703954131, -0.861083984, -0.127441406, 0.4921875, 0.167957588, 0.842421318, 0.51205684, 0, 0, -0, 0, 0, 0, 0, 0.356164014, -0.0906838867, -0.132672461, 0.00667561631, 0.443127073, -0.896329264, 0.506103516, -0.774536133, -0.379150391, -0.862302358, -0.451024414, -0.229470468, 0, 1, 5, 1, 
275.615505, 34, 0.1, 0.1, 0.00562755263, 0.365608537, -0.0349497913, 0.866788293, -0.498676302, -2.53526127e-005, 0.498676302, 0.866788293, -1.4587546e-006, 2.27027943e-005, -1.13783158e-005, 1, 0.866788083, -0.498676667, 2.50912687e-005, 0.498676667, 0.866788083, -8.68545779e-006, -1.74175775e-005, 2.00408815e-005, 1, 0, 0, 0, 0, 0, 0, 0, 0.290462012, -0.147504272, -0.170378345, -0.479877878, 0.523482574, -0.703954131, -0.861083984, -0.127441406, 0.4921875, 0.167957588, 0.842421318, 0.51205684, 0, 0, -0, 0, 0, 0, 0, 0.356164014, -0.0906838867, -0.132672461, 0.00667561631, 0.443127073, -0.896329264, 0.506103516, -0.774536133, -0.379150391, -0.862302358, -0.451024414, -0.229470468, 0, 1, 5, 1, 
275.616646, 34, 0.1, 0.1, 0.00562757855, 0.365608522, -0.0349515442, 0.866789152, -0.498674808, 2.90585743e-005, 0.498674809, 0.866789153, -7.48607766e-006, -2.14545387e-005, 2.09796299e-005, 1, 0.866789026, -0.498675029, -8.38116506e-006, 0.498675029, 0.866789026, -1.72039334e-005, 1.58438739e-005, 1.07327029e-005, 1, 0, 0, 0, 0, 0, 0, 0, 0.290462012, -0.147504272, -0.170378345, -0.479877878, 0.523482574, -0.703954131, -0.861083984, -0.127441406, 0.4921875, 0.167957588, 0.842421318, 0.51205684, 0, 0, -0, 0, 0, 0, 0, 0.356164014, -0.0906838867, -0.132672461, 0.00667561631, 0.443127073, -0.896329264, 0.506103516, -0.774536133, -0.379150391, -0.862302358, -0.451024414, -0.229470468, 0, 1, 5, 1, 
275.61784, 34, 0.1, 0.1, 0.00562758447, 0.365608487, -0.0349521675, 0.86678945, -0.498674289, -4.56799656e-005, 0.49867429, 0.866789451, 1.94953335e-005, 2.98730907e-005, -3.96777738e-005, 0.999999999, 0.866789449, -0.498674294, -1.22860481e-005, 0.498674294, 0.866789448, 4.21417207e-005, -1.0365576e-005, -4.26547352e-005, 0.999999999, 0, 0, 0, 0, 0, 0, 0, 0.290696094, -0.148919653, -0.169845923, -0.483776471, 0.521997572, -0.702360545, -0.859619141, -0.133544922, 0.493041992, 0.163631387, 0.842409335, 0.513534728, 0, 0, -0, 0, 0, 0, 0, 0.356164014, -0.0906838867, -0.132672461, 0.002350368, 0.443605383, -0.896188539, 0.510742187, -0.770996094, -0.380249023, -0.859688392, -0.456743049, -0.228473736, 0, 1, 5, 1, 
275.618983, 34, 0.1, 0.1, 0.00562760676, 0.365608481, -0.0349511249, 0.866789089, -0.498674919, 2.22882385e-005, 0.498674919, 0.866789089, 4.53487051e-006, -2.15806281e-005, 7.18380925e-006, 1, 0.866789198, -0.498674729, -3.60754309e-006, 0.498674729, 0.866789198, -2.77323554e-005, 1.69564042e-005, 2.22391156e-005, 1, 0, 0, 0, 0, 0, 0, 0, 0.290696094, -0.148919653, -0.169845923, -0.483776471, 0.521997572, -0.702360545, -0.859619141, -0.133544922, 0.493041992, 0.163631387, 0.842409335, 0.513534728, 0, 0, -0, 0, 0, 0, 0, 0.356156055, -0.0916654785, -0.132418945, 0.002350368, 0.443605383, -0.896188539, 0.510742187, -0.770996094, -0.380249023, -0.859688392, -0.456743049, -0.228473736, 0, 1, 5, 1, 
275.620124, 34, 0.1, 0.1, 0.00562761026, 0.365608449, -0.0349497447, 0.866788332, -0.498676236, -1.6040643e-005, 0.498676235, 0.866788332, -2.70372736e-005, 2.7386688e-005, 1.54365058e-005, 1, 0.866788486, -0.498675967, 2.43467175e-006, 0.498675967, 0.866788486, 1.86527972e-005, -1.14120471e-005, -1.49539176e-005, 1, 0, 0, 0, 0, 0, 0, 0, 0.290696094, -0.148919653, -0.169845923, -0.483776471, 0.521997572, -0.702360545, -0.859619141, -0.133544922, 0.493041992, 0.163631387, 0.842409335, 0.513534728, 0, 0, -0, 0, 0, 0, 0, 0.356156055, -0.0916654785, -0.132418945, 0.002350368, 0.443605383, -0.896188539, 0.510742187, -0.770996094, -0.380249023, -0.859688392, -0.456743049, -0.228473736, 0, 1, 5, 1, 
275.621267, 34, 0.1, 0.1, 0.00562763077, 0.365608444, -0.0349487182, 0.8667877, -0.498677334, 1.13856433e-005, 0.498677333, 0.8667877, 3.21823511e-005, -2.59175446e-005, -2.22175038e-005, 0.999999999, 0.866787783, -0.498677189, -1.82079393e-005, 0.498677189, 0.866787783, 2.08732777e-006, 1.47415166e-005, -1.08891542e-005, 1, 0, 0, 0, 0, 0, 0, 0, 0.290696094, -0.148919653, -0.169845923, -0.483776471, 0.521997572, -0.702360545, -0.859619141, -0.133544922, 0.493041992, 0.163631387, 0.842409335, 0.513534728, 0, 0, -0, 0, 0, 0, 0, 0.356156055, -0.0916654785, -0.132418945, 0.002350368, 0.443605383, -0.896188539, 0.510742187, -0.770996094, -0.380249023, -0.859688392, -0.456743049, -0.228473736, 0, 1, 5, 1, 
275.622455, 34, 0.1, 0.1, 0.00562762258, 0.365608428, -0.0349482672, 0.866787641, -0.498677436, -7.05802953e-006, 0.498677435, 0.86678764, -4.90817406e-005, 3.05937693e-005, 3.90237661e-005, 0.999999999, 0.866787586, -0.49867753, 3.63209373e-005, 0.498677531, 0.866787586, -2.86021145e-005, -1.72193057e-005, 4.29043931e-005, 0.999999999, 0, 0, 0, 0, 0, 0, 0, 0.290696094, -0.148919653, -0.169845923, -0.486113679, 0.519097963, -0.702995583, -0.859130859, -0.13684082, 0.493041992, 0.159799439, 0.84361014, 0.512646573, 0, 0, -0, 0, 0, 0, 0, 0.356156055, -0.0916654785, -0.132418945, 0.00113671859, 0.441841228, -0.897089389, 0.514404297, -0.76953125, -0.378295898, -0.85748384, -0.460978978, -0.228077448, 0, 1, 5, 1, 
275.623595, 34, 0.1, 0.1, 0.00562765017, 0.365608414, -0.0349480777, 0.866788242, -0.498676392, 1.40355347e-005, 0.498676391, 0.866788242, 2.21954273e-005, -2.3234172e-005, -1.22395456e-005, 1, 0.866788087, -0.498676661, -2.88613526e-005, 0.498676662, 0.866788087, 1.56006236e-005, 1.72370097e-005, -2.79149176e-005, 0.999999999, 0, 0, 0, 0, 0, 0, 0, 0.291681201, -0.15062688, -0.168764868, -0.486113679, 0.519097963, -0.702995583, -0.859130859, -0.13684082, 0.493041992, 0.159799439, 0.84361014, 0.512646573, 0, 0, -0, 0, 0, 0, 0, 0.356568604, -0.0932107422, -0.131577246, 0.00113671859, 0.441841228, -0.897089389, 0.514404297, -0.76953125, -0.378295898, -0.85748384, -0.460978978, -0.228077448, 0, 1, 5, 1, 
275.624759, 34, 0.1, 0.1, 0.00562764367, 0.365608397, -0.0349488309, 0.866789258, -0.498674624, -3.56741481e-005, 0.498674624, 0.866789259, 3.01057614e-006, 2.94206705e-005, -2.03993275e-005, 0.999999999, 0.866789035, -0.498675012, 1.92223466e-005, 0.498675012, 0.866789035, -3.69394609e-006, -1.48196406e-005, 1.27875759e-005, 1, 0, 0, 0, 0, 0, 0, 0, 0.291681201, -0.15062688, -0.168764868, -0.489651692, 0.515455853, -0.703198525, -0.858398437, -0.143432617, 0.492431641, 0.153067881, 0.844804953, 0.512925899, 0, 0, -0, 0, 0, 0, 0, 0.356568604, -0.0932107422, -0.131577246, 0.00113671859, 0.441841228, -0.897089389, 0.514404297, -0.76953125, -0.378295898, -0.85748384, -0.460978978, -0.228077448, 0, 1, 5, 1, 
275.625925, 34, 0.1, 0.1, 0.00562767355, 0.365608383, -0.0349493089, 0.866790109, -0.498673146, 2.73965638e-005, 0.498673146, 0.866790109, -6.31845068e-006, -2.05962289e-005, 1.91387012e-005, 1, 0.86678999, -0.498673354, -1.40463606e-005, 0.498673353, 0.86678999, -1.61826007e-005, 2.02450765e-005, 7.02237054e-006, 1, 0, 0, 0, 0, 0, 0, 0, 0.29281936, -0.151479102, -0.167881421, -0.489651692, 0.515455853, -0.703198525, -0.858398437, -0.143432617, 0.492431641, 0.153067881, 0.844804953, 0.512925899, 0, 0, -0, 0, 0, 0, 0, 0.357586914, -0.0936576172, -0.130720898, -0.00161650556, 0.440760274, -0.897549476, 0.520996094, -0.765625, -0.376953125, -0.853477221, -0.468211668, -0.228371291, 0, 1, 5, 1, 
275.627063, 34, 0.1, 0.1, 0.00562767474, 0.36560835, -0.0349501643, 0.866790358, -0.498672711, -3.76347018e-005, 0.498672712, 0.866790358, 2.29207991e-005, 2.11914197e-005, -3.86349265e-005, 0.999999999, 0.866790361, -0.498672708, -7.42917486e-006, 0.498672708, 0.86679036, 4.4155326e-005, -1.55795188e-005, -4.19781378e-005, 0.999999999, 0, 0, 0, 0, 0, 0, 0, 0.29281936, -0.151479102, -0.167881421, -0.489651692, 0.515455853, -0.703198525, -0.858398437, -0.143432617, 0.492431641, 0.153067881, 0.844804953, 0.512925899, 0, 0, -0, 0, 0, 0, 0, 0.357586914, -0.0936576172, -0.130720898, -0.00161650556, 0.440760274, -0.897549476, 0.520996094, -0.765625, -0.376953125, -0.853477221, -0.468211668, -0.228371291, 0, 1, 5, 1, 
275.628206, 34, 0.1, 0.1, 0.00562769097, 0.365608347, -0.0349510006, 0.866789962, -0.498673401, 3.03586159e-005, 0.498673401, 0.866789963, 2.96177317e-006, -2.77915011e-005, 1.2571799e-005, 1, 0.866790079, -0.498673199, 4.69930542e-006, 0.498673199, 0.866790078, -2.85560375e-005, 1.01668192e-005, 2.70955077e-005, 1, 0, 0, 0, 0, 0, 0, 0, 0.29281936, -0.151479102, -0.167881421, -0.489651692, 0.515455853, -0.703198525, -0.858398437, -0.143432617, 0.492431641, 0.153067881, 0.844804953, 0.512925899, 0, 0, -0, 0, 0, 0, 0, 0.357586914, -0.0936576172, -0.130720898, -0.00161650556, 0.440760274, -0.897549476, 0.520996094, -0.765625, -0.376953125, -0.853477221, -0.468211668, -0.228371291, 0, 1, 5, 1, 
275.629355, 34, 0.1, 0.1, 0.00562768921, 0.365608317, -0.0349512745, 0.866789163, -0.498674791, -1.07112097e-005, 0.49867479, 0.866789163, -2.85974518e-005, 2.35451887e-005, 1.9446551e-005, 1, 0.866789331, -0.498674498, 9.32314292e-006, 0.498674498, 0.866789331, 1.70718222e-005, -1.65944832e-005, -1.01484597e-005, 1, 0, 0, 0, 0, 0, 0, 0, 0.29281936, -0.151479102, -0.167881421, -0.489651692, 0.515455853, -0.703198525, -0.858398437, -0.143432617, 0.492431641, 0.153067881, 0.844804953, 0.512925899, 0, 0, -0, 0, 0, 0, 0, 0.357586914, -0.0936576172, -0.130720898, -0.00161650556, 0.440760274, -0.897549476, 0.520996094, -0.765625, -0.376953125, -0.853477221, -0.468211668, -0.228371291, 0, 1, 5, 1, 
275.630542, 34, 0.1, 0.1, 0.00562770949, 0.365608317, -0.0349501592, 0.866788484, -0.49867597, 8.10831766e-006, 0.49867597, 0.866788484, 2.67069182e-005, -2.03462947e-005, -1.9105826e-005, 1, 0.86678857, -0.498675821, -1.9616872e-005, 0.498675821, 0.86678857, -2.52883908e-006, 1.82647514e-005, -7.59049097e-006, 1, 0, 0, 0, 0, 0, 0, 0, 0.29418064, -0.152260034, -0.167606787, -0.493258976, 0.513266543, -0.702265065, -0.857177734, -0.150024414, 0.492553711, 0.147459622, 0.845028113, 0.514137565, 0, 0, -0, 0, 0, 0, 0, 0.358626709, -0.0940095215, -0.130296387, -0.00398000527, 0.440804017, -0.897568799, 0.527099609, -0.76171875, -0.376464844, -0.849675125, -0.474466949, -0.229355263, 0, 1, 5, 1, 
275.631683, 34, 0.1, 0.1, 0.00562770892, 0.365608293, -0.0349491721, 0.866788273, -0.498676337, -2.81632297e-005, 0.498676337, 0.866788273, -7.90237961e-006, 2.83522869e-005, -7.19464624e-006, 1, 0.866788321, -0.498676254, 3.76986576e-006, 0.498676253, 0.866788321, 1.42794141e-005, -1.03884803e-005, -1.04972868e-005, 1, 0, 0, 0, 0, 0, 0, 0, 0.29418064, -0.152260034, -0.167606787, -0.493258976, 0.513266543, -0.702265065, -0.857177734, -0.150024414, 0.492553711, 0.147459622, 0.845028113, 0.514137565, 0, 0, -0, 0, 0, 0, 0, 0.358626709, -0.0940095215, -0.130296387, -0.00398000527, 0.440804017, -0.897568799, 0.527099609, -0.76171875, -0.376464844, -0.849675125, -0.474466949, -0.229355263, 0, 1, 5, 1, 
275.63282, 34, 0.1, 0.1, 0.00562772954, 0.365608288, -0.0349488413, 0.866787925, -0.498676942, 1.74765599e-005, 0.498676942, 0.866787925, 2.02064677e-005, -2.52249707e-005, -8.79956477e-006, 1, 0.866787994, -0.498676822, -1.09216404e-005, 0.498676822, 0.866787995, -9.54637008e-006, 1.42273003e-005, 2.82831004e-006, 1, 0, 0, 0, 0, 0, 0, 0, 0.29418064, -0.152260034, -0.167606787, -0.493258976, 0.513266543, -0.702265065, -0.857177734, -0.150024414, 0.492553711, 0.147459622, 0.845028113, 0.514137565, 0, 0, -0, 0, 0, 0, 0, 0.358626709, -0.0940095215, -0.130296387, -0.00398000527, 0.440804017, -0.897568799, 0.527099609, -0.76171875, -0.376464844, -0.849675125, -0.474466949, -0.229355263, 0, 1, 5, 1, 
275.633962, 34, 0.1, 0.1, 0.00562772225, 0.365608266, -0.0349493272, 0.866787782, -0.498677191, -1.71564629e-005, 0.498677191, 0.866787782, -1.11097365e-005, 2.04111846e-005, 1.0742471e-006, 1, 0.866787819, -0.498677127, 1.56489858e-005, 0.498677127, 0.866787819, 1.04260203e-005, -1.87635681e-005, -1.23335614e-006, 1, 0, 0, 0, 0, 0, 0, 0, 0.29418064, -0.152260034, -0.167606787, -0.493258976, 0.513266543, -0.702265065, -0.857177734, -0.150024414, 0.492553711, 0.147459622, 0.845028113, 0.514137565, 0, 0, -0, 0, 0, 0, 0, 0.358626709, -0.0940095215, -0.130296387, -0.00398000527, 0.440804017, -0.897568799, 0.527099609, -0.76171875, -0.376464844, -0.849675125, -0.474466949, -0.229355263, 0, 1, 5, 1, 
275.635151, 34, 0.1, 0.1, 0.00562774207, 0.365608259, -0.0349495314, 0.866787633, -0.49867745, 2.3588733e-005, 0.49867745, 0.866787633, 1.51012271e-005, -2.79770635e-005, -1.3263877e-006, 1, 0.866787692, -0.498677347, -2.79243914e-006, 0.498677347, 0.866787692, -1.58239451e-005, 1.03114949e-005, 1.23234748e-005, 1, 0, 0, 0, 0, 0, 0, 0, 0.29511106, -0.153304248, -0.167378174, -0.496542749, 0.510271454, -0.702188681, -0.856323242, -0.156005859, 0.49206543, 0.14155294, 0.845626081, 0.514619835, 0, 0, -0, 0, 0, 0, 0, 0.359218066, -0.0945810059, -0.129865039, -0.00614554445, 0.440637039, -0.897639161, 0.532104492, -0.758422852, -0.375976562, -0.846588679, -0.479885178, -0.229853629, 0, 1, 5, 1, 
275.636292, 34, 0.1, 0.1, 0.00562773491, 0.365608239, -0.0349498241, 0.866787516, -0.498677653, -2.10141777e-005, 0.498677653, 0.866787516, -1.13080019e-005, 2.38538748e-005, -6.7766597e-007, 1, 0.86678755, -0.498677594, 1.28848794e-005, 0.498677594, 0.86678755, 9.0129497e-006, -1.56630091e-005, -1.38691196e-006, 1, 0, 0, 0, 0, 0, 0, 0, 0.29511106, -0.153304248, -0.167378174, -0.496542749, 0.510271454, -0.702188681, -0.856323242, -0.156005859, 0.49206543, 0.14155294, 0.845626081, 0.514619835, 0, 0, -0, 0, 0, 0, 0, 0.359218066, -0.0945810059, -0.129865039, -0.00614554445, 0.440637039, -0.897639161, 0.532104492, -0.758422852, -0.375976562, -0.846588679, -0.479885178, -0.229853629, 0, 1, 5, 1, 
275.637432, 34, 0.1, 0.1, 0.00562775848, 0.365608229, -0.0349503586, 0.866787279, -0.498678066, -5.11950424e-007, 0.498678066, 0.866787278, 4.27215677e-005, -2.08605567e-005, -3.72858099e-005, 0.999999999, 0.866787289, -0.498678047, -2.83768674e-005, 0.498678047, 0.866787289, 1.48867628e-005, 1.71730062e-005, -2.70545776e-005, 0.999999999, 0, 0, 0, 0, 0, 0, 0, 0.29511106, -0.153304248, -0.167378174, -0.496542749, 0.510271454, -0.702188681, -0.856323242, -0.156005859, 0.49206543, 0.14155294, 0.845626081, 0.514619835, 0, 0, -0, 0, 0, 0, 0, 0.359218066, -0.0945810059, -0.129865039, -0.00614554445, 0.440637039, -0.897639161, 0.532104492, -0.758422852, -0.375976562, -0.846588679, -0.479885178, -0.229853629, 0, 1, 5, 1, 
275.638569, 34, 0.1, 0.1, 0.00562775299, 0.365608214, -0.0349508402, 0.866787548, -0.498677598, -6.71723198e-006, 0.498677597, 0.866787547, -4.25387441e-005, 2.70355318e-005, 3.35223206e-005, 0.999999999, 0.866787443, -0.49867778, 2.64231793e-005, 0.498677781, 0.866787442, -2.40800911e-005, -1.08950736e-005, 3.4048973e-005, 0.999999999, 0, 0, 0, 0, 0, 0, 0, 0.29511106, -0.153304248, -0.167378174, -0.496542749, 0.510271454, -0.702188681, -0.856323242, -0.156005859, 0.49206543, 0.14155294, 0.845626081, 0.514619835, 0, 0, -0, 0, 0, 0, 0, 0.359218066, -0.0945810059, -0.129865039, -0.00614554445, 0.440637039, -0.897639161, 0.532104492, -0.758422852, -0.375976562, -0.846588679, -0.479885178, -0.229853629, 0, 1, 5, 1, 
275.639759, 34, 0.1, 0.1, 0.00562777775, 0.365608203, -0.0349503851, 0.866788423, -0.498676076, 1.71347837e-005, 0.498676076, 0.866788423, 1.6764345e-005, -2.32122099e-005, -5.98643351e-006, 1, 0.866788229, -0.498676413, -2.4168223e-005, 0.498676414, 0.866788229, 1.26420012e-005, 1.46444634e-005, -2.30100606e-005, 1, 0, 0, 0, 0, 0, 0, 0, 0.295462085, -0.155855615, -0.166715771, -0.498339278, 0.508336383, -0.702259073, -0.85546875, -0.157226563, 0.493286133, 0.140354379, 0.846674118, 0.513395065, 0, 0, -0, 0, 0, 0, 0, 0.35960376, -0.0965041504, -0.129433203, -0.00752543812, 0.439460936, -0.898079925, 0.534423828, -0.757324219, -0.37512207, -0.845138057, -0.482709131, -0.229163499, 0, 1, 5, 1, 
275.640901, 34, 0.1, 0.1, 0.00562776718, 0.365608194, -0.0349495269, 0.866789601, -0.498674028, -2.76904002e-005, 0.498674028, 0.866789602, -5.40107772e-006, 2.66951282e-005, -9.12688544e-006, 1, 0.866789367, -0.498674436, 2.10193312e-005, 0.498674436, 0.866789367, -1.30314664e-005, -1.17208736e-005, 2.17773397e-005, 1, 0, 0, 0, 0, 0, 0, 0, 0.295462085, -0.155855615, -0.166715771, -0.498339278, 0.508336383, -0.702259073, -0.85546875, -0.157226563, 0.493286133, 0.140354379, 0.846674118, 0.513395065, 0, 0, -0, 0, 0, 0, 0, 0.35960376, -0.0965041504, -0.129433203, -0.00752543812, 0.439460936, -0.898079925, 0.534423828, -0.757324219, -0.37512207, -0.845138057, -0.482709131, -0.229163499, 0, 1, 5, 1, 
275.642085, 34, 0.1, 0.1, 0.00562778764, 0.365608186, -0.0349485696, 0.866790643, -0.498672217, 4.1398131e-005, 0.498672218, 0.866790643, -1.02851297e-005, -3.07546042e-005, 2.9559152e-005, 0.999999999, 0.86679049, -0.498672484, 1.77730377e-006, 0.498672484, 0.86679049, -2.14722178e-005, 9.16705418e-006, 1.94982067e-005, 1, 0, 0, 0, 0, 0, 0, 0, 0.295860718, -0.158698096, -0.165701001, -0.499121092, 0.505030888, -0.704106899, -0.85546875, -0.158081055, 0.493041992, 0.137759184, 0.848433576, 0.511092301, 0, 0, -0, 0, 0, 0, 0, 0.360050977, -0.098697168, -0.128594922, -0.00808104025, 0.437716105, -0.898955256, 0.537231445, -0.756347656, -0.373046875, -0.843355312, -0.485961088, -0.229010015, 0, 1, 5, 1, 
275.643225, 34, 0.1, 0.1, 0.00562778428, 0.365608158, -0.0349481085, 0.866791036, -0.498671533, -3.99402706e-005, 0.498671534, 0.866791036, 2.20243556e-005, 2.36369494e-005, -3.900759e-005, 0.999999999, 0.866791018, -0.498671566, -5.81965722e-006, 0.498671565, 0.866791017, 4.38999994e-005, -1.68472548e-005, -4.09542228e-005, 0.999999999, 0, 0, 0, 0, 0, 0, 0, 0.295860718, -0.158698096, -0.165701001, -0.499121092, 0.505030888, -0.704106899, -0.85546875, -0.158081055, 0.493041992, 0.137759184, 0.848433576, 0.511092301, 0, 0, -0, 0, 0, 0, 0, 0.360050977, -0.098697168, -0.128594922, -0.00808104025, 0.437716105, -0.898955256, 0.537231445, -0.756347656, -0.373046875, -0.843355312, -0.485961088, -0.229010015, 0, 1, 5, 1, 
275.644376, 34, 0.1, 0.1, 0.0056278031, 0.365608158, -0.034948589, 0.866790724, -0.498672077, 2.26886117e-005, 0.498672077, 0.866790724, 4.43990471e-006, -2.18803346e-005, 7.46570889e-006, 1, 0.866790825, -0.498671901, -3.51006835e-006, 0.498671901, 0.866790825, -2.98544498e-005, 1.79300703e-005, 2.41271907e-005, 1, 0, 0, 0, 0, 0, 0, 0, 0.295860718, -0.158698096, -0.165701001, -0.499121092, 0.505030888, -0.704106899, -0.85546875, -0.158081055, 0.493041992, 0.137759184, 0.848433576, 0.511092301, 0, 0, -0, 0, 0, 0, 0, 0.360050977, -0.098697168, -0.128594922, -0.00808104025, 0.437716105, -0.898955256, 0.537231445, -0.756347656, -0.373046875, -0.843355312, -0.485961088, -0.229010015, 0, 1, 5, 1, 
275.645516, 34, 0.1, 0.1, 0.00562780519, 0.365608129, -0.0349497244, 0.866789994, -0.498673346, -2.09875161e-005, 0.498673346, 0.866789994, -2.53002519e-005, 3.08083302e-005, 1.14640903e-005, 0.999999999, 0.86679015, -0.498673075, -1.17367915e-006, 0.498673075, 0.86679015, 2.1445078e-005, -9.67674949e-006, -1.91736646e-005, 1, 0, 0, 0, 0, 0, 0, 0, 0.295860718, -0.158698096, -0.165701001, -0.499121092, 0.505030888, -0.704106899, -0.85546875, -0.158081055, 0.493041992, 0.137759184, 0.848433576, 0.511092301, 0, 0, -0, 0, 0, 0, 0, 0.360050977, -0.098697168, -0.128594922, -0.00808104025, 0.437716105, -0.898955256, 0.537231445, -0.756347656, -0.373046875, -0.843355312, -0.485961088, -0.229010015, 0, 1, 5, 1, 
275.646706, 34, 0.1, 0.1, 0.00562782661, 0.365608127, -0.0349506821, 0.866789364, -0.498674441, 6.40008646e-006, 0.498674441, 0.866789364, 3.57332597e-005, -2.33667902e-005, -2.77816499e-005, 0.999999999, 0.866789449, -0.498674293, -2.48957847e-005, 0.498674293, 0.866789449, 4.23621781e-006, 1.94669106e-005, -1.60867967e-005, 1, 0, 0, 0, 0, 0, 0, 0, 0.297078589, -0.160848389, -0.164609814, -0.501255357, 0.502213654, -0.704564081, -0.854858398, -0.161743164, 0.492919922, 0.133647908, 0.84937415, 0.510546752, 0, 0, -0, 0, 0, 0, 0, 0.360050977, -0.098697168, -0.128594922, -0.0102659024, 0.437019045, -0.89938326, 0.540527344, -0.754150391, -0.372680664, -0.841252839, -0.489839376, -0.228441286, 0, 1, 5, 1, 
275.647845, 34, 0.1, 0.1, 0.00562781541, 0.365608115, -0.0349506787, 0.866789325, -0.498674509, 1.71046181e-006, 0.498674509, 0.866789324, -4.33612883e-005, 2.01405591e-005, 3.84380655e-005, 0.999999999, 0.86678928, -0.498674586, 3.47167502e-005, 0.498674587, 0.86678928, -2.63268053e-005, -1.69635982e-005, 4.01321537e-005, 0.999999999, 0, 0, 0, 0, 0, 0, 0, 0.297078589, -0.160848389, -0.164609814, -0.501255357, 0.502213654, -0.704564081, -0.854858398, -0.161743164, 0.492919922, 0.133647908, 0.84937415, 0.510546752, 0, 0, -0, 0, 0, 0, 0, 0.360843604, -0.100387549, -0.127941553, -0.0102659024, 0.437019045, -0.89938326, 0.540527344, -0.754150391, -0.372680664, -0.841252839, -0.489839376, -0.228441286, 0, 1, 5, 1, 
275.648984, 34, 0.1, 0.1, 0.00562783419, 0.365608106, -0.0349505088, 0.866789893, -0.498673521, 2.19220819e-005, 0.498673521, 0.866789893, 1.87096596e-005, -2.83318509e-005, -5.28538206e-006, 1, 0.866789748, -0.498673774, -1.88847162e-005, 0.498673774, 0.866789748, 1.34838998e-005, 9.64501119e-006, -2.11050188e-005, 1, 0, 0, 0, 0, 0, 0, 0, 0.297078589, -0.160848389, -0.164609814, -0.501255357, 0.502213654, -0.704564081, -0.854858398, -0.161743164, 0.492919922, 0.133647908, 0.84937415, 0.510546752, 0, 0, -0, 0, 0, 0, 0, 0.360843604, -0.100387549, -0.127941553, -0.0102659024, 0.437019045, -0.89938326, 0.540527344, -0.754150391, -0.372680664, -0.841252839, -0.489839376, -0.228441286, 0, 1, 5, 1, 
275.650125, 34, 0.1, 0.1, 0.00562782139, 0.365608097, -0.0349502669, 0.866790833, -0.498671887, -2.65488607e-005, 0.498671887, 0.866790834, -3.81349416e-006, 2.49139914e-005, -9.93366865e-006, 1, 0.86679064, -0.498672222, 2.28022639e-005, 0.498672222, 0.866790641, -9.87299837e-006, -1.48413989e-005, 1.99286782e-005, 1, 0, 0, 0, 0, 0, 0, 0, 0.297078589, -0.160848389, -0.164609814, -0.501255357, 0.502213654, -0.704564081, -0.854858398, -0.161743164, 0.492919922, 0.133647908, 0.84937415, 0.510546752, 0, 0, -0, 0, 0, 0, 0, 0.360843604, -0.100387549, -0.127941553, -0.0102659024, 0.437019045, -0.89938326, 0.540527344, -0.754150391, -0.372680664, -0.841252839, -0.489839376, -0.228441286, 0, 1, 5, 1, 
275.651383, 34, 0.1, 0.1, 0.00562783853, 0.36560809, -0.0349492783, 0.866791649, -0.498670466, 5.04228887e-005, 0.498670467, 0.86679165, -7.60829166e-006, -3.99121085e-005, 3.17392091e-005, 0.999999999, 0.866791509, -0.498670713, -7.58704571e-006, 0.498670713, 0.866791509, -2.28085887e-005, 1.7950362e-005, 1.59868535e-005, 1, 0, 0, 0, 0, 0, 0, 0, 0.297078589, -0.160848389, -0.164609814, -0.505402198, 0.498653919, -0.704183283, -0.853271484, -0.16809082, 0.493530273, 0.127754331, 0.850308732, 0.510610031, 0, 0, -0, 0, 0, 0, 0, 0.360843604, -0.100387549, -0.127941553, -0.013524056, 0.436353701, -0.89958122, 0.544921875, -0.750976563, -0.372558594, -0.838281232, -0.495187243, -0.227725636, 0, 1, 5, 1, 
275.652523, 34, 0.1, 0.1, 0.0056278321, 0.365608064, -0.0349471982, 0.866791783, -0.498670236, -3.99287066e-005, 0.498670237, 0.866791783, 1.69602205e-005, 2.61523176e-005, -3.46122373e-005, 0.999999999, 0.866791815, -0.49867018, -3.05092967e-006, 0.49867018, 0.866791815, 4.1166177e-005, -1.7883824e-005, -3.72039129e-005, 0.999999999, 0, 0, 0, 0, 0, 0, 0, 0.298188184, -0.161920435, -0.16347395, -0.505402198, 0.498653919, -0.704183283, -0.853271484, -0.16809082, 0.493530273, 0.127754331, 0.850308732, 0.510610031, 0, 0, -0, 0, 0, 0, 0, 0.361360254, -0.101437012, -0.127269873, -0.013524056, 0.436353701, -0.89958122, 0.544921875, -0.750976563, -0.372558594, -0.838281232, -0.495187243, -0.227725636, 0, 1, 5, 1, 
275.653662, 34, 0.1, 0.1, 0.00562785097, 0.36560807, -0.034946801, 0.866791233, -0.498671193, 2.01224318e-005, 0.498671193, 0.866791233, -3.77834245e-006, -1.55577969e-005, 1.33095112e-005, 1, 0.866791376, -0.498670944, -5.56046314e-006, 0.498670943, 0.866791376, -3.81312518e-005, 2.38347088e-005, 3.02789988e-005, 0.999999999, 0, 0, 0, 0, 0, 0, 0, 0.298188184, -0.161920435, -0.16347395, -0.505402198, 0.498653919, -0.704183283, -0.853271484, -0.16809082, 0.493530273, 0.127754331, 0.850308732, 0.510610031, 0, 0, -0, 0, 0, 0, 0, 0.361360254, -0.101437012, -0.127269873, -0.013524056, 0.436353701, -0.89958122, 0.544921875, -0.750976563, -0.372558594, -0.838281232, -0.495187243, -0.227725636, 0, 1, 5, 1, 
275.654825, 34, 0.1, 0.1, 0.00562785385, 0.365608045, -0.0349475766, 0.866790251, -0.498672899, -2.32020683e-005, 0.498672898, 0.866790251, -3.2034481e-005, 3.60860541e-005, 1.61969332e-005, 0.999999999, 0.866790446, -0.498672561, -4.42015079e-006, 0.498672561, 0.866790446, 1.62270387e-005, -4.26063449e-006, -1.62696501e-005, 1, 0, 0, 0, 0, 0, 0, 0, 0.298188184, -0.161920435, -0.16347395, -0.505402198, 0.498653919, -0.704183283, -0.853271484, -0.16809082, 0.493530273, 0.127754331, 0.850308732, 0.510610031, 0, 0, -0, 0, 0, 0, 0, 0.361380615, -0.102025098, -0.126579639, -0.0175106192, 0.435943921, -0.899734338, 0.549194336, -0.747680664, -0.373046875, -0.835386183, -0.500630992, -0.226268817, 0, 1, 5, 1, 
275.655964, 34, 0.1, 0.1, 0.00562787358, 0.365608051, -0.0349495573, 0.866789426, -0.498674333, 7.64307533e-006, 0.498674333, 0.866789426, 2.26750662e-005, -1.79324104e-005, -1.58431021e-005, 1, 0.866789547, -0.498674123, -2.26363877e-005, 0.498674123, 0.866789547, -6.92519126e-006, 2.30743979e-005, -5.28549738e-006, 1, 0, 0, 0, 0, 0, 0, 0, 0.298188184, -0.161920435, -0.16347395, -0.505402198, 0.498653919, -0.704183283, -0.853271484, -0.16809082, 0.493530273, 0.127754331, 0.850308732, 0.510610031, 0, 0, -0, 0, 0, 0, 0, 0.361380615, -0.102025098, -0.126579639, -0.0175106192, 0.435943921, -0.899734338, 0.549194336, -0.747680664, -0.373046875, -0.835386183, -0.500630992, -0.226268817, 0, 1, 5, 1, 
275.657128, 34, 0.1, 0.1, 0.00562786517, 0.365608031, -0.034951268, 0.866789071, -0.49867495, -1.45493144e-005, 0.49867495, 0.866789071, -8.4633706e-006, 1.68316576e-005, 8.05785037e-008, 1, 0.866789143, -0.498674824, 1.5370188e-005, 0.498674824, 0.866789144, 1.25689495e-005, -1.95905308e-005, -3.22990321e-006, 1, 0, 0, 0, 0, 0, 0, 0, 0.29831167, -0.162214111, -0.163511646, -0.511515189, 0.497314573, -0.70066661, -0.850097656, -0.175048828, 0.496459961, 0.124273224, 0.84965572, 0.512524883, 0, 0, -0, 0, 0, 0, 0, 0.361380615, -0.102025098, -0.126579639, -0.0175106192, 0.435943921, -0.899734338, 0.549194336, -0.747680664, -0.373046875, -0.835386183, -0.500630992, -0.226268817, 0, 1, 5, 1, 
275.65827, 34, 0.1, 0.1, 0.00562787919, 0.365608026, -0.0349523536, 0.866788754, -0.4986755, 2.64590949e-005, 0.4986755, 0.866788755, 1.44228123e-005, -3.01267491e-005, 6.92970885e-007, 1, 0.866788845, -0.498675343, 9.46481969e-007, 0.498675343, 0.866788845, -1.39688522e-005, 6.14552216e-006, 1.25800325e-005, 1, 0, 0, 0, 0, 0, 0, 0, 0.29831167, -0.162214111, -0.163511646, -0.511515189, 0.497314573, -0.70066661, -0.850097656, -0.175048828, 0.496459961, 0.124273224, 0.84965572, 0.512524883, 0, 0, -0, 0, 0, 0, 0, 0.361380615, -0.102025098, -0.126579639, -0.0175106192, 0.435943921, -0.899734338, 0.549194336, -0.747680664, -0.373046875, -0.835386183, -0.500630992, -0.226268817, 0, 1, 5, 1, 
275.659468, 34, 0.1, 0.1, 0.00562787489, 0.365607995, -0.0349512958, 0.866788046, -0.498676732, -1.15826474e-005, 0.498676732, 0.866788046, -2.49136903e-005, 2.24635779e-005, 1.58188922e-005, 1, 0.866788186, -0.498676488, 7.81555875e-006, 0.498676488, 0.866788186, 2.22334198e-005, -1.78617177e-005, -1.53742303e-005, 1, 0, 0, 0, 0, 0, 0, 0, 0.298691479, -0.162962451, -0.163355151, -0.517056421, 0.49579138, -0.697664407, -0.847167969, -0.180297852, 0.499755859, 0.12206107, 0.849402603, 0.513532484, 0, 0, -0, 0, 0, 0, 0, 0.361638867, -0.103079199, -0.126127539, -0.0210564186, 0.434946455, -0.900143019, 0.552612305, -0.745239258, -0.373046875, -0.833181265, -0.505154568, -0.224716116, 0, 1, 5, 1, 
275.660607, 34, 0.1, 0.1, 0.00562789067, 0.365608, -0.0349498069, 0.866787494, -0.498677691, 9.59804015e-006, 0.498677691, 0.866787494, 2.30670452e-005, -1.9822482e-005, -1.52078979e-005, 1, 0.866787565, -0.498677568, -1.85788459e-005, 0.498677568, 0.866787565, -4.8320914e-006, 1.85135682e-005, -5.07645698e-006, 1, 0, 0, 0, 0, 0, 0, 0, 0.298691479, -0.162962451, -0.163355151, -0.517056421, 0.49579138, -0.697664407, -0.847167969, -0.180297852, 0.499755859, 0.12206107, 0.849402603, 0.513532484, 0, 0, -0, 0, 0, 0, 0, 0.361638867, -0.103079199, -0.126127539, -0.0210564186, 0.434946455, -0.900143019, 0.552612305, -0.745239258, -0.373046875, -0.833181265, -0.505154568, -0.224716116, 0, 1, 5, 1, 
275.661615, 34, 0.1, 0.1, 0.00562788414, 0.365607984, -0.0349492734, 0.8667874, -0.498677854, -2.09830166e-005, 0.498677854, 0.8667874, 6.1077126e-006, 1.51420334e-005, -1.5757854e-005, 1, 0.866787398, -0.498677858, 9.21392943e-006, 0.498677858, 0.866787399, 4.84050332e-006, -1.04003697e-005, 3.99095307e-007, 1, 0, 0, 0, 0, 0, 0, 0, 0.298691479, -0.162962451, -0.163355151, -0.517056421, 0.49579138, -0.697664407, -0.847167969, -0.180297852, 0.499755859, 0.12206107, 0.849402603, 0.513532484, 0, 0, -0, 0, 0, 0, 0, 0.361638867, -0.103079199, -0.126127539, -0.0210564186, 0.434946455, -0.900143019, 0.552612305, -0.745239258, -0.373046875, -0.833181265, -0.505154568, -0.224716116, 0, 1, 5, 1, 
275.662312, 34, 0.1, 0.1, 0.005627895, 0.365607981, -0.0349538798, 0.866787343, -0.498677954, 1.27638637e-005, 0.498677955, 0.866787343, -1.62748784e-005, -2.94763248e-006, 2.04719161e-005, 1, 0.86678737, -0.498677908, -1.04321826e-005, 0.498677907, 0.86678737, -1.82199733e-005, 1.81283823e-005, 1.05905437e-005, 1, 0, 0, 0, 0, 0, 0, 0, 0.298691479, -0.162962451, -0.163355151, -0.517056421, 0.49579138, -0.697664407, -0.847167969, -0.180297852, 0.499755859, 0.12206107, 0.849402603, 0.513532484, 0, 0, -0, 0, 0, 0, 0, 0.361638867, -0.103079199, -0.126127539, -0.0210564186, 0.434946455, -0.900143019, 0.552612305, -0.745239258, -0.373046875, -0.833181265, -0.505154568, -0.224716116, 0, 1, 5, 1, 
275.663009, 34, 0.1, 0.1, 0.00562789573, 0.365607973, -0.0349626831, 0.866787134, -0.498678318, -2.35554903e-005, 0.498678318, 0.866787133, 2.06249108e-005, 1.01324e-005, -2.96240196e-005, 1, 0.86678719, -0.49867822, -3.37795292e-006, 0.49867822, 0.86678719, 1.84900033e-005, -6.29259561e-006, -1.77114096e-005, 1, 0, 0, 0, 0, 0, 0, 0, 0.298691479, -0.162962451, -0.163355151, -0.517056421, 0.49579138, -0.697664407, -0.847167969, -0.180297852, 0.499755859, 0.12206107, 0.849402603, 0.513532484, 0, 0, -0, 0, 0, 0, 0, 0.361638867, -0.103079199, -0.126127539, -0.0210564186, 0.434946455, -0.900143019, 0.552612305, -0.745239258, -0.373046875, -0.833181265, -0.505154568, -0.224716116, 0, 1, 5, 1, 
