time, trialNum, realDorsalTactorPos, realVentralTactorPos, boxPosX, boxPosY, boxPosZ, boxLocalRot_11, boxLocalRot_12, boxLocalRot_13, boxLocalRot_21, boxLocalRot_22, boxLocalRot_23, boxLocalRot_31, boxLocalRot_32, boxLocalRot_33, boxGlobalRot_11, boxGlobalRot_12, boxGlobalRot_13, boxGlobalRot_21, boxGlobalRot_22, boxGlobalRot_23, boxGlobalRot_31, boxGlobalRot_32, boxGlobalRot_33, indexForceX, indexForceY, indexForceZ, indexForceGlobalX, indexForceGlobalY, indexForceGlobalZ, indexContact, indexPosX, indexPosY, indexPosZ, indexRot_11, indexRot_12, indexRot_13, indexRot_21, indexRot_22, indexRot_23, indexRot_31, indexRot_32, indexRot_33, thumbForceX, thumbForceY, thumbForceZ, thumbForceGlobalX, thumbForceGlobalY, thumbForceGlobalZ, thumbContact, thumbPosX, thumbPosY, thumbPosZ, thumbRot_11, thumbRot_12, thumbRot_13, thumbRot_21, thumbRot_22, thumbRot_23, thumbRot_31, thumbRot_32, thumbRot_33, manipForceTooHigh, cceExpType, mapping, trialSuccess, 
237.402492, 22, 0.1, 0.1, -0.000405123256, 0.350962535, -0.03497085, 0.970651177, -1.96143343e-005, 0.240491774, 0.240491774, 9.0905774e-006, -0.970651177, 1.68524676e-005, 1, 1.35408657e-005, 0.970651116, -1.71442734e-005, 0.240492019, 0.240492019, -9.08168431e-006, -0.970651116, 1.88251807e-005, 1, -4.69208609e-006, 0, 0, 0, 0, 0, 0, 0, 0.364879663, -0.182463721, -0.120350928, -0.504393526, 0.565283164, -0.652718992, -0.838378906, -0.139648438, 0.526855469, 0.206693411, 0.812936247, 0.544480146, 0, 0, 0, 0, 0, 0, 0, 0.38919375, -0.13687373, -0.0825158203, -0.347339926, 0.175072062, -0.921252425, 0.730712891, -0.565063477, -0.38293457, -0.587621665, -0.80618471, 0.0683841559, 0, 1, 3, 1, 
237.445332, 22, 0.1, 0.1, -0.000405141126, 0.350962551, -0.0349700141, 0.970654348, -1.60886777e-005, 0.240478972, 0.240478972, 4.87574739e-006, -0.970654348, 1.44440302e-005, 1, 8.60165407e-006, 0.970654329, -6.40221762e-006, 0.240479051, 0.240479051, 1.96857175e-006, -0.970654329, 5.74093998e-006, 1, 3.45040191e-006, 0, 0, 0, 0, 0, 0, 0, 0.360711865, -0.184311548, -0.117440088, -0.510511768, 0.565010951, -0.648108595, -0.831542969, -0.13269043, 0.539306641, 0.218785719, 0.814338872, 0.537693926, 0, 0, 0, 0, 0, 0, 0, 0.385374609, -0.138858643, -0.080820752, -0.361581826, 0.171973223, -0.916222087, 0.724731445, -0.56628418, -0.392333984, -0.586418209, -0.805896698, 0.0800824523, 0, 1, 3, 1, 
237.44603, 22, 0.1, 0.1, -0.000405139981, 0.350962553, -0.0349716025, 0.970654422, 1.54140779e-005, 0.240478673, 0.240478673, -6.81900388e-006, -0.970654422, -1.33219179e-005, 1, -1.03256533e-005, 0.970654413, 8.74527027e-006, 0.240478712, 0.240478712, -9.44717023e-006, -0.970654413, -6.21679185e-006, 1, -1.12729888e-005, 0, 0, 0, 0, 0, 0, 0, 0.360711865, -0.184311548, -0.117440088, -0.510511768, 0.565010951, -0.648108595, -0.831542969, -0.13269043, 0.539306641, 0.218785719, 0.814338872, 0.537693926, 0, 0, 0, 0, 0, 0, 0, 0.385374609, -0.138858643, -0.080820752, -0.361581826, 0.171973223, -0.916222087, 0.724731445, -0.56628418, -0.392333984, -0.586418209, -0.805896698, 0.0800824523, 0, 1, 3, 1, 
237.446739, 22, 0.1, 0.1, -0.000405139374, 0.350962552, -0.0349724852, 0.970654433, -1.89021198e-005, 0.240478628, 0.240478628, 4.8709108e-007, -0.970654434, 1.82302914e-005, 1, 5.01835295e-006, 0.970654438, -1.22076845e-005, 0.240478611, 0.240478611, 8.11459585e-006, -0.970654438, 9.89805645e-006, 1, 1.08121555e-005, 0, 0, 0, 0, 0, 0, 0, 0.360711865, -0.184311548, -0.117440088, -0.514491615, 0.564896375, -0.645112383, -0.829467773, -0.137451172, 0.541259766, 0.217067818, 0.813615468, 0.539444027, 0, 0, 0, 0, 0, 0, 0, 0.385374609, -0.138858643, -0.080820752, -0.361581826, 0.171973223, -0.916222087, 0.724731445, -0.56628418, -0.392333984, -0.586418209, -0.805896698, 0.0800824523, 0, 1, 3, 1, 
237.447451, 22, 0.1, 0.1, -0.00040513749, 0.350962555, -0.0349721555, 0.97065438, 9.74015585e-006, 0.240478845, 0.240478845, 8.71232105e-006, -0.97065438, -1.15494538e-005, 1, 6.11435116e-006, 0.970654396, 5.02976945e-006, 0.240478782, 0.240478782, -3.10233145e-006, -0.970654396, -4.13612294e-006, 1, -4.22084449e-006, 0, 0, 0, 0, 0, 0, 0, 0.360949731, -0.182756909, -0.118174609, -0.514491615, 0.564896375, -0.645112383, -0.829467773, -0.137451172, 0.541259766, 0.217067818, 0.813615468, 0.539444027, 0, 0, 0, 0, 0, 0, 0, 0.385209814, -0.137969824, -0.0813874512, -0.364935862, 0.172554345, -0.914790788, 0.725341797, -0.563354492, -0.395507812, -0.583702165, -0.807922245, 0.0804783734, 0, 1, 3, 1, 
237.448148, 22, 0.1, 0.1, -0.000405137007, 0.350962554, -0.0349710752, 0.970654299, -1.51274962e-005, 0.240479173, 0.240479172, -1.36706583e-005, -0.970654299, 1.79710778e-005, 1, -9.63163548e-006, 0.970654314, -9.44099073e-006, 0.240479109, 0.240479109, -7.14652112e-006, -0.970654314, 1.08825274e-005, 1, -4.66644051e-006, 0, 0, 0, 0, 0, 0, 0, 0.360949731, -0.182756909, -0.118174609, -0.514491615, 0.564896375, -0.645112383, -0.829467773, -0.137451172, 0.541259766, 0.217067818, 0.813615468, 0.539444027, 0, 0, 0, 0, 0, 0, 0, 0.385209814, -0.137969824, -0.0813874512, -0.364935862, 0.172554345, -0.914790788, 0.725341797, -0.563354492, -0.395507812, -0.583702165, -0.807922245, 0.0804783734, 0, 1, 3, 1, 
237.448848, 22, 0.1, 0.1, -0.000405135838, 0.350962554, -0.0349696018, 0.970654238, 1.49822617e-005, 0.240479416, 0.240479415, 1.36039754e-005, -0.970654238, -1.78140719e-005, 1, 9.60183081e-006, 0.970654245, 6.41901663e-006, 0.240479389, 0.240479389, 1.28106983e-005, -0.970654245, -9.31135463e-006, 1, 1.08911174e-005, 0, 0, 0, 0, 0, 0, 0, 0.360949731, -0.182756909, -0.118174609, -0.514491615, 0.564896375, -0.645112383, -0.829467773, -0.137451172, 0.541259766, 0.217067818, 0.813615468, 0.539444027, 0, 0, 0, 0, 0, 0, 0, 0.385209814, -0.137969824, -0.0813874512, -0.364935862, 0.172554345, -0.914790788, 0.725341797, -0.563354492, -0.395507812, -0.583702165, -0.807922245, 0.0804783734, 0, 1, 3, 1, 
237.449548, 22, 0.1, 0.1, -0.000405138021, 0.350962558, -0.0349682001, 0.970654245, -1.27654199e-005, 0.240479388, 0.240479388, -1.08661115e-005, -0.970654245, 1.50038849e-005, 1, -7.47741689e-006, 0.970654237, -3.3898556e-006, 0.24047942, 0.24047942, -1.50225617e-005, -0.970654237, 6.90299461e-006, 1, -1.37665226e-005, 0, 0, 0, 0, 0, 0, 0, 0.360949731, -0.182756909, -0.118174609, -0.514491615, 0.564896375, -0.645112383, -0.829467773, -0.137451172, 0.541259766, 0.217067818, 0.813615468, 0.539444027, 0, 0, 0, 0, 0, 0, 0, 0.385209814, -0.137969824, -0.0813874512, -0.364935862, 0.172554345, -0.914790788, 0.725341797, -0.563354492, -0.395507812, -0.583702165, -0.807922245, 0.0804783734, 0, 1, 3, 1, 
237.450244, 22, 0.1, 0.1, -0.000405137722, 0.350962557, -0.0349673053, 0.970654321, 2.24920942e-005, 0.240479083, 0.240479083, -3.30473848e-006, -0.970654321, -2.10373279e-005, 1, -8.61663686e-006, 0.9706543, 1.1424654e-005, 0.240479166, 0.240479166, 5.95897724e-006, -0.9706543, -1.25223994e-005, 1, 3.03671561e-006, 0, 0, 0, 0, 0, 0, 0, 0.360949731, -0.182756909, -0.118174609, -0.514491615, 0.564896375, -0.645112383, -0.829467773, -0.137451172, 0.541259766, 0.217067818, 0.813615468, 0.539444027, 0, 0, 0, 0, 0, 0, 0, 0.385209814, -0.137969824, -0.0813874512, -0.364935862, 0.172554345, -0.914790788, 0.725341797, -0.563354492, -0.395507812, -0.583702165, -0.807922245, 0.0804783734, 0, 1, 3, 1, 
237.450941, 22, 0.1, 0.1, -0.00040513989, 0.350962559, -0.0349671555, 0.970654429, -1.82612253e-005, 0.240478646, 0.240478646, 5.06277555e-006, -0.970654429, 1.65078498e-005, 1, 9.30564024e-006, 0.970654408, -7.8512048e-006, 0.24047873, 0.24047873, 1.92433741e-006, -0.970654408, 7.15804433e-006, 1, 3.75591435e-006, 0, 0, 0, 0, 0, 0, 0, 0.360949731, -0.182756909, -0.118174609, -0.514491615, 0.564896375, -0.645112383, -0.829467773, -0.137451172, 0.541259766, 0.217067818, 0.813615468, 0.539444027, 0, 0, 0, 0, 0, 0, 0, 0.385209814, -0.137969824, -0.0813874512, -0.364935862, 0.172554345, -0.914790788, 0.725341797, -0.563354492, -0.395507812, -0.583702165, -0.807922245, 0.0804783734, 0, 1, 3, 1, 
237.451669, 22, 0.1, 0.1, -0.000405139496, 0.350962561, -0.034967634, 0.970654509, 2.1152402e-005, 0.240478325, 0.240478325, -7.96128525e-006, -0.970654509, -1.86171578e-005, 1, -1.28143516e-005, 0.970654499, 1.26908542e-005, 0.240478365, 0.240478366, -1.13949602e-005, -0.970654499, -9.57819336e-006, 1, -1.41124453e-005, 0, 0, 0, 0, 0, 0, 0, 0.360605151, -0.181867969, -0.118743384, -0.51685878, 0.564839087, -0.6431702, -0.82800293, -0.139526367, 0.54284668, 0.216948373, 0.813253766, 0.540001559, 0, 0, 0, 0, 0, 0, 0, 0.385209814, -0.137969824, -0.0813874512, -0.366360598, 0.172349821, -0.914368981, 0.725219727, -0.562744141, -0.396606445, -0.582992712, -0.80831197, 0.0811364207, 0, 1, 3, 1, 
237.452366, 22, 0.1, 0.1, -0.000405139998, 0.35096256, -0.0349683654, 0.970654513, -1.87991033e-005, 0.240478306, 0.240478306, 1.14566324e-006, -0.970654513, 1.79719273e-005, 1, 5.6328197e-006, 0.970654519, -1.15582416e-005, 0.240478282, 0.240478282, 9.11033097e-006, -0.970654519, 9.02822271e-006, 1, 1.162249e-005, 0, 0, 0, 0, 0, 0, 0, 0.360605151, -0.181867969, -0.118743384, -0.51685878, 0.564839087, -0.6431702, -0.82800293, -0.139526367, 0.54284668, 0.216948373, 0.813253766, 0.540001559, 0, 0, 0, 0, 0, 0, 0, 0.385130469, -0.137321826, -0.0817921875, -0.366360598, 0.172349821, -0.914368981, 0.725219727, -0.562744141, -0.396606445, -0.582992712, -0.80831197, 0.0811364207, 0, 1, 3, 1, 
237.453063, 22, 0.1, 0.1, -0.000405138425, 0.350962563, -0.0349694233, 0.970654448, 1.12443786e-005, 0.240478569, 0.240478569, 9.49980581e-006, -0.970654448, -1.31989059e-005, 1, 6.51699669e-006, 0.970654467, 6.28809035e-006, 0.240478495, 0.240478495, -3.20794236e-006, -0.970654467, -5.33212183e-006, 1, -4.62595408e-006, 0, 0, 0, 0, 0, 0, 0, 0.360605151, -0.181867969, -0.118743384, -0.51685878, 0.564839087, -0.6431702, -0.82800293, -0.139526367, 0.54284668, 0.216948373, 0.813253766, 0.540001559, 0, 0, 0, 0, 0, 0, 0, 0.385130469, -0.137321826, -0.0817921875, -0.366360598, 0.172349821, -0.914368981, 0.725219727, -0.562744141, -0.396606445, -0.582992712, -0.80831197, 0.0811364207, 0, 1, 3, 1, 
237.45376, 22, 0.1, 0.1, -0.000405138088, 0.350962562, -0.0349704432, 0.970654353, -1.58075091e-005, 0.240478954, 0.240478954, -1.40709348e-005, -0.970654353, 1.87273912e-005, 1, -9.85664088e-006, 0.970654371, -9.62153552e-006, 0.24047888, 0.24047888, -7.11332939e-006, -0.970654371, 1.1049791e-005, 1, -4.59080817e-006, 0, 0, 0, 0, 0, 0, 0, 0.360605151, -0.181867969, -0.118743384, -0.51685878, 0.564839087, -0.6431702, -0.82800293, -0.139526367, 0.54284668, 0.216948373, 0.813253766, 0.540001559, 0, 0, 0, 0, 0, 0, 0, 0.385130469, -0.137321826, -0.0817921875, -0.366360598, 0.172349821, -0.914368981, 0.725219727, -0.562744141, -0.396606445, -0.582992712, -0.80831197, 0.0811364207, 0, 1, 3, 1, 
237.454459, 22, 0.1, 0.1, -0.000405136176, 0.350962563, -0.0349711521, 0.970654282, 1.18899248e-005, 0.240479241, 0.240479241, 1.14415647e-005, -0.970654282, -1.42924653e-005, 1, 8.24652366e-006, 0.970654291, 3.60297801e-006, 0.240479205, 0.240479205, 1.04749013e-005, -0.970654291, -6.01624202e-006, 1, 9.30106664e-006, 0, 0, 0, 0, 0, 0, 0, 0.360605151, -0.181867969, -0.118743384, -0.51685878, 0.564839087, -0.6431702, -0.82800293, -0.139526367, 0.54284668, 0.216948373, 0.813253766, 0.540001559, 0, 0, 0, 0, 0, 0, 0, 0.385130469, -0.137321826, -0.0817921875, -0.366360598, 0.172349821, -0.914368981, 0.725219727, -0.562744141, -0.396606445, -0.582992712, -0.80831197, 0.0811364207, 0, 1, 3, 1, 
237.455155, 22, 0.1, 0.1, -0.000405137864, 0.350962566, -0.0349713576, 0.970654275, -1.18093084e-005, 0.240479269, 0.240479269, -1.07642824e-005, -0.970654275, 1.40513424e-005, 1, -7.6085029e-006, 0.97065427, -3.51245382e-006, 0.240479287, 0.240479287, -1.44898863e-005, -0.97065427, 6.89389582e-006, 1, -1.32199976e-005, 0, 0, 0, 0, 0, 0, 0, 0.360605151, -0.181867969, -0.118743384, -0.51685878, 0.564839087, -0.6431702, -0.82800293, -0.139526367, 0.54284668, 0.216948373, 0.813253766, 0.540001559, 0, 0, 0, 0, 0, 0, 0, 0.385130469, -0.137321826, -0.0817921875, -0.366360598, 0.172349821, -0.914368981, 0.725219727, -0.562744141, -0.396606445, -0.582992712, -0.80831197, 0.0811364207, 0, 1, 3, 1, 
237.455859, 22, 0.1, 0.1, -0.000405137495, 0.350962565, -0.0349709674, 0.970654332, 2.01138859e-005, 0.240479036, 0.240479036, -3.43497427e-006, -0.970654332, -1.86975912e-005, 1, -8.17114055e-006, 0.970654316, 1.0088241e-005, 0.240479104, 0.240479104, 4.79643795e-006, -0.970654316, -1.09456378e-005, 1, 2.22967204e-006, 0, 0, 0, 0, 0, 0, 0, 0.360605151, -0.181867969, -0.118743384, -0.51685878, 0.564839087, -0.6431702, -0.82800293, -0.139526367, 0.54284668, 0.216948373, 0.813253766, 0.540001559, 0, 0, 0, 0, 0, 0, 0, 0.385130469, -0.137321826, -0.0817921875, -0.366360598, 0.172349821, -0.914368981, 0.725219727, -0.562744141, -0.396606445, -0.582992712, -0.80831197, 0.0811364207, 0, 1, 3, 1, 
237.456614, 22, 0.1, 0.1, -0.000405138387, 0.350962567, -0.0349697347, 0.970654428, -2.17828033e-005, 0.240478651, 0.240478651, 7.03199841e-006, -0.970654428, 1.9452529e-005, 1, 1.20639395e-005, 0.97065441, -1.26558005e-005, 0.240478721, 0.240478722, 4.10175749e-006, -0.97065441, 1.12980232e-005, 1, 7.02483972e-006, 0, 0, 0, 0, 0, 0, 0, 0.35988916, -0.18160603, -0.11933584, -0.517854399, 0.565625771, -0.641666103, -0.827026367, -0.139526367, 0.544555664, 0.218465575, 0.812758391, 0.540134109, 0, 0, 0, 0, 0, 0, 0, 0.384639062, -0.137276904, -0.0819888184, -0.366942087, 0.172931309, -0.914017536, 0.724609375, -0.562988281, -0.397338867, -0.583299314, -0.808005367, 0.0812961017, 0, 1, 3, 1, 
237.457309, 22, 0.1, 0.1, -0.000405136906, 0.350962568, -0.0349682788, 0.97065449, 1.79429494e-005, 0.240478399, 0.240478399, -5.1547999e-006, -0.97065449, -1.61767864e-005, 1, -9.31842143e-006, 0.970654483, 9.57650829e-006, 0.240478427, 0.240478427, -8.1714393e-006, -0.970654483, -7.33042583e-006, 1, -1.02345878e-005, 0, 0, 0, 0, 0, 0, 0, 0.35988916, -0.18160603, -0.11933584, -0.517854399, 0.565625771, -0.641666103, -0.827026367, -0.139526367, 0.544555664, 0.218465575, 0.812758391, 0.540134109, 0, 0, 0, 0, 0, 0, 0, 0.384639062, -0.137276904, -0.0819888184, -0.366942087, 0.172931309, -0.914017536, 0.724609375, -0.562988281, -0.397338867, -0.583299314, -0.808005367, 0.0812961017, 0, 1, 3, 1, 
237.458005, 22, 0.1, 0.1, -0.000405137064, 0.350962566, -0.0349673009, 0.970654485, -1.8516473e-005, 0.240478422, 0.240478422, 2.4877474e-006, -0.970654485, 1.73748479e-005, 1, 6.86755536e-006, 0.970654492, -1.20106154e-005, 0.24047839, 0.240478391, 1.10447054e-005, -0.970654492, 9.00214477e-006, 1, 1.36088864e-005, 0, 0, 0, 0, 0, 0, 0, 0.35988916, -0.18160603, -0.11933584, -0.517854399, 0.565625771, -0.641666103, -0.827026367, -0.139526367, 0.544555664, 0.218465575, 0.812758391, 0.540134109, 0, 0, 0, 0, 0, 0, 0, 0.384639062, -0.137276904, -0.0819888184, -0.366942087, 0.172931309, -0.914017536, 0.724609375, -0.562988281, -0.397338867, -0.583299314, -0.808005367, 0.0812961017, 0, 1, 3, 1, 
237.458706, 22, 0.1, 0.1, -0.000405136839, 0.350962568, -0.0349670427, 0.970654407, 1.74671158e-005, 0.240478736, 0.240478736, 1.09724488e-005, -0.970654407, -1.95931735e-005, 1, 6.44998582e-006, 0.970654428, 1.16623977e-005, 0.240478649, 0.240478649, -2.52855821e-006, -0.970654428, -1.07120937e-005, 1, -5.25891388e-006, 0, 0, 0, 0, 0, 0, 0, 0.35988916, -0.18160603, -0.11933584, -0.517854399, 0.565625771, -0.641666103, -0.827026367, -0.139526367, 0.544555664, 0.218465575, 0.812758391, 0.540134109, 0, 0, 0, 0, 0, 0, 0, 0.384639062, -0.137276904, -0.0819888184, -0.366942087, 0.172931309, -0.914017536, 0.724609375, -0.562988281, -0.397338867, -0.583299314, -0.808005367, 0.0812961017, 0, 1, 3, 1, 
237.459401, 22, 0.1, 0.1, -0.000405138234, 0.350962568, -0.0349675825, 0.970654297, -1.30421198e-005, 0.240479177, 0.240479177, -1.53757251e-005, -0.970654297, 1.63569314e-005, 1, -1.17881554e-005, 0.970654319, -5.54680887e-006, 0.240479091, 0.240479091, -7.70720506e-006, -0.970654319, 7.23745566e-006, 1, -6.14714032e-006, 0, 0, 0, 0, 0, 0, 0, 0.35988916, -0.18160603, -0.11933584, -0.517854399, 0.565625771, -0.641666103, -0.827026367, -0.139526367, 0.544555664, 0.218465575, 0.812758391, 0.540134109, 0, 0, 0, 0, 0, 0, 0, 0.384639062, -0.137276904, -0.0819888184, -0.366942087, 0.172931309, -0.914017536, 0.724609375, -0.562988281, -0.397338867, -0.583299314, -0.808005367, 0.0812961017, 0, 1, 3, 1, 
237.460096, 22, 0.1, 0.1, -0.000405136919, 0.350962568, -0.0349686695, 0.970654217, 1.37988867e-005, 0.2404795, 0.2404795, 1.31068371e-005, -0.970654217, -1.65458732e-005, 1, 9.40385733e-006, 0.970654228, 5.40087421e-006, 0.240479459, 0.240479459, 1.18803122e-005, -0.970654228, -8.09935243e-006, 1, 1.0232876e-005, 0, 0, 0, 0, 0, 0, 0, 0.35988916, -0.18160603, -0.11933584, -0.517854399, 0.565625771, -0.641666103, -0.827026367, -0.139526367, 0.544555664, 0.218465575, 0.812758391, 0.540134109, 0, 0, 0, 0, 0, 0, 0, 0.384639062, -0.137276904, -0.0819888184, -0.366942087, 0.172931309, -0.914017536, 0.724609375, -0.562988281, -0.397338867, -0.583299314, -0.808005367, 0.0812961017, 0, 1, 3, 1, 
237.460794, 22, 0.1, 0.1, -0.000405138664, 0.350962571, -0.034969962, 0.970654205, -1.3594749e-005, 0.240479549, 0.240479549, -1.07056187e-005, -0.970654205, 1.57702827e-005, 1, -7.12219467e-006, 0.970654201, -4.35684495e-006, 0.240479565, 0.240479565, -1.45340816e-005, -0.970654201, 7.72413949e-006, 1, -1.30598352e-005, 0, 0, 0, 0, 0, 0, 0, 0.35988916, -0.18160603, -0.11933584, -0.517854399, 0.565625771, -0.641666103, -0.827026367, -0.139526367, 0.544555664, 0.218465575, 0.812758391, 0.540134109, 0, 0, 0, 0, 0, 0, 0, 0.384639062, -0.137276904, -0.0819888184, -0.366942087, 0.172931309, -0.914017536, 0.724609375, -0.562988281, -0.397338867, -0.583299314, -0.808005367, 0.0812961017, 0, 1, 3, 1, 
237.461504, 22, 0.1, 0.1, -0.000405137315, 0.35096257, -0.0349709951, 0.970654262, 1.70095164e-005, 0.240479319, 0.240479319, -2.54949949e-006, -0.970654262, -1.58972577e-005, 1, -6.56511947e-006, 0.970654246, 7.25704315e-006, 0.240479385, 0.240479385, 5.52899441e-006, -0.970654246, -8.37368892e-006, 1, 3.62157262e-006, 0, 0, 0, 0, 0, 0, 0, 0.359678735, -0.181817065, -0.119343286, -0.517638351, 0.565866906, -0.641805766, -0.827026367, -0.138916016, 0.544555664, 0.219049316, 0.812720199, 0.540032638, 0, 0, 0, 0, 0, 0, 0, 0.384639062, -0.137276904, -0.0819888184, -0.366367161, 0.174107046, -0.914036859, 0.724243164, -0.563232422, -0.397583008, -0.584098086, -0.807513564, 0.0803121291, 0, 1, 3, 1, 
237.462198, 22, 0.1, 0.1, -0.000405138418, 0.350962571, -0.0349714807, 0.970654348, -1.76083122e-005, 0.240478975, 0.240478975, 5.65725038e-006, -0.970654348, 1.5731135e-005, 1, 9.72566353e-006, 0.970654331, -8.87507502e-006, 0.240479041, 0.240479041, 2.64201577e-006, -0.970654331, 7.97928059e-006, 1, 4.69875359e-006, 0, 0, 0, 0, 0, 0, 0, 0.359678735, -0.181817065, -0.119343286, -0.517638351, 0.565866906, -0.641805766, -0.827026367, -0.138916016, 0.544555664, 0.219049316, 0.812720199, 0.540032638, 0, 0, 0, 0, 0, 0, 0, 0.384660303, -0.13718877, -0.082010791, -0.366367161, 0.174107046, -0.914036859, 0.724243164, -0.563232422, -0.397583008, -0.584098086, -0.807513564, 0.0803121291, 0, 1, 3, 1, 
237.462897, 22, 0.1, 0.1, -0.000405137262, 0.350962573, -0.0349713629, 0.97065441, 1.62529409e-005, 0.240478724, 0.240478725, -4.51138185e-006, -0.97065441, -1.46910974e-005, 1, -8.28747919e-006, 0.970654402, 9.11454182e-006, 0.240478754, 0.240478754, -7.35366498e-006, -0.970654402, -7.07866996e-006, 1, -9.32972094e-006, 0, 0, 0, 0, 0, 0, 0, 0.359678735, -0.181817065, -0.119343286, -0.517638351, 0.565866906, -0.641805766, -0.827026367, -0.138916016, 0.544555664, 0.219049316, 0.812720199, 0.540032638, 0, 0, 0, 0, 0, 0, 0, 0.384660303, -0.13718877, -0.082010791, -0.366367161, 0.174107046, -0.914036859, 0.724243164, -0.563232422, -0.397583008, -0.584098086, -0.807513564, 0.0803121291, 0, 1, 3, 1, 
237.463593, 22, 0.1, 0.1, -0.000405137201, 0.35096257, -0.0349707496, 0.970654409, -1.75566559e-005, 0.240478726, 0.240478726, 3.1913985e-006, -0.970654409, 1.6273982e-005, 1, 7.31974727e-006, 0.970654415, -1.15927027e-005, 0.240478701, 0.240478702, 1.06574193e-005, -0.970654415, 8.68962567e-006, 1, 1.31324692e-005, 0, 0, 0, 0, 0, 0, 0, 0.359678735, -0.181817065, -0.119343286, -0.517638351, 0.565866906, -0.641805766, -0.827026367, -0.138916016, 0.544555664, 0.219049316, 0.812720199, 0.540032638, 0, 0, 0, 0, 0, 0, 0, 0.384660303, -0.13718877, -0.082010791, -0.366367161, 0.174107046, -0.914036859, 0.724243164, -0.563232422, -0.397583008, -0.584098086, -0.807513564, 0.0803121291, 0, 1, 3, 1, 
237.464316, 22, 0.1, 0.1, -0.000405136653, 0.350962573, -0.0349695523, 0.97065434, 1.5232757e-005, 0.240479005, 0.240479004, 1.1623459e-005, -0.97065434, -1.75809395e-005, 1, 7.61920273e-006, 0.970654359, 1.01591355e-005, 0.240478929, 0.240478929, -9.26238812e-007, -0.970654359, -9.63826827e-006, 1, -3.34211577e-006, 0, 0, 0, 0, 0, 0, 0, 0.359714014, -0.181849658, -0.118948926, -0.516934043, 0.565200789, -0.64278341, -0.827514648, -0.138061523, 0.544067383, 0.218814172, 0.813196477, 0.539322338, 0, 0, 0, 0, 0, 0, 0, 0.38425166, -0.137118945, -0.0818195312, -0.365549433, 0.175052739, -0.914164823, 0.723999023, -0.563598633, -0.397460937, -0.584871338, -0.807168683, 0.0791939951, 0, 1, 3, 1, 
237.465012, 22, 0.1, 0.1, -0.000405137289, 0.350962572, -0.0349684329, 0.970654243, -1.45563568e-005, 0.240479399, 0.240479398, -1.41884272e-005, -0.970654243, 1.75412139e-005, 1, -1.02715531e-005, 0.970654261, -7.64161001e-006, 0.240479323, 0.240479323, -6.88065282e-006, -0.970654261, 9.07201605e-006, 1, -4.84108578e-006, 0, 0, 0, 0, 0, 0, 0, 0.359714014, -0.181849658, -0.118948926, -0.516934043, 0.565200789, -0.64278341, -0.827514648, -0.138061523, 0.544067383, 0.218814172, 0.813196477, 0.539322338, 0, 0, 0, 0, 0, 0, 0, 0.38425166, -0.137118945, -0.0818195312, -0.365549433, 0.175052739, -0.914164823, 0.723999023, -0.563598633, -0.397460937, -0.584871338, -0.807168683, 0.0791939951, 0, 1, 3, 1, 
237.465706, 22, 0.1, 0.1, -0.000405135859, 0.350962572, -0.0349677606, 0.970654172, 1.40795526e-005, 0.240479684, 0.240479683, 1.40844437e-005, -0.970654172, -1.7053399e-005, 1, 1.02852777e-005, 0.970654181, 5.49704001e-006, 0.24047965, 0.240479649, 1.3254741e-005, -0.97065418, -8.52322033e-006, 1, 1.15438435e-005, 0, 0, 0, 0, 0, 0, 0, 0.359714014, -0.181849658, -0.118948926, -0.516934043, 0.565200789, -0.64278341, -0.827514648, -0.138061523, 0.544067383, 0.218814172, 0.813196477, 0.539322338, 0, 0, 0, 0, 0, 0, 0, 0.38425166, -0.137118945, -0.0818195312, -0.365549433, 0.175052739, -0.914164823, 0.723999023, -0.563598633, -0.397460937, -0.584871338, -0.807168683, 0.0791939951, 0, 1, 3, 1, 
237.466404, 22, 0.1, 0.1, -0.000405137432, 0.350962575, -0.0349676829, 0.970654171, -1.54171894e-005, 0.240479687, 0.240479687, -1.18633721e-005, -0.970654171, 1.78176592e-005, 1, -7.8077107e-006, 0.970654164, -5.33835024e-006, 0.240479714, 0.240479714, -1.5936684e-005, -0.970654164, 9.0141411e-006, 1, -1.41852437e-005, 0, 0, 0, 0, 0, 0, 0, 0.359714014, -0.181849658, -0.118948926, -0.516934043, 0.565200789, -0.64278341, -0.827514648, -0.138061523, 0.544067383, 0.218814172, 0.813196477, 0.539322338, 0, 0, 0, 0, 0, 0, 0, 0.38425166, -0.137118945, -0.0818195312, -0.365549433, 0.175052739, -0.914164823, 0.723999023, -0.563598633, -0.397460937, -0.584871338, -0.807168683, 0.0791939951, 0, 1, 3, 1, 
237.4671, 22, 0.1, 0.1, -0.000405135869, 0.350962574, -0.0349681959, 0.970654241, 1.81614372e-005, 0.240479404, 0.240479404, -4.20742434e-006, -0.970654241, -1.66166772e-005, 1, -8.45140589e-006, 0.970654222, 7.33689352e-006, 0.240479483, 0.240479483, 4.77900072e-006, -0.970654222, -8.27083829e-006, 1, 2.87438486e-006, 0, 0, 0, 0, 0, 0, 0, 0.359714014, -0.181849658, -0.118948926, -0.516934043, 0.565200789, -0.64278341, -0.827514648, -0.138061523, 0.544067383, 0.218814172, 0.813196477, 0.539322338, 0, 0, 0, 0, 0, 0, 0, 0.38425166, -0.137118945, -0.0818195312, -0.365549433, 0.175052739, -0.914164823, 0.723999023, -0.563598633, -0.397460937, -0.584871338, -0.807168683, 0.0791939951, 0, 1, 3, 1, 
237.467797, 22, 0.1, 0.1, -0.000405137107, 0.350962576, -0.0349690718, 0.970654343, -1.90492623e-005, 0.240478995, 0.240478995, 4.24361586e-006, -0.970654343, 1.74697487e-005, 1, 8.70003162e-006, 0.970654323, -9.66870803e-006, 0.240479073, 0.240479073, 1.01319359e-006, -0.970654323, 9.14132139e-006, 1, 3.30858268e-006, 0, 0, 0, 0, 0, 0, 0, 0.359714014, -0.181849658, -0.118948926, -0.516934043, 0.565200789, -0.64278341, -0.827514648, -0.138061523, 0.544067383, 0.218814172, 0.813196477, 0.539322338, 0, 0, 0, 0, 0, 0, 0, 0.38425166, -0.137118945, -0.0818195312, -0.365549433, 0.175052739, -0.914164823, 0.723999023, -0.563598633, -0.397460937, -0.584871338, -0.807168683, 0.0791939951, 0, 1, 3, 1, 
237.468495, 22, 0.1, 0.1, -0.000405135883, 0.350962578, -0.0349700517, 0.970654418, 1.73011213e-005, 0.240478692, 0.240478692, -6.66537591e-006, -0.970654418, -1.5190529e-005, 1, -1.06303276e-005, 0.970654408, 9.51827066e-006, 0.24047873, 0.24047873, -9.65248573e-006, -0.970654408, -6.91773386e-006, 1, -1.16581695e-005, 0, 0, 0, 0, 0, 0, 0, 0.359714014, -0.181849658, -0.118948926, -0.516934043, 0.565200789, -0.64278341, -0.827514648, -0.138061523, 0.544067383, 0.218814172, 0.813196477, 0.539322338, 0, 0, 0, 0, 0, 0, 0, 0.38425166, -0.137118945, -0.0818195312, -0.365549433, 0.175052739, -0.914164823, 0.723999023, -0.563598633, -0.397460937, -0.584871338, -0.807168683, 0.0791939951, 0, 1, 3, 1, 
237.469218, 22, 0.1, 0.1, -0.000405136253, 0.350962576, -0.0349705849, 0.970654425, -1.70901689e-005, 0.240478662, 0.240478662, 2.71741061e-006, -0.970654425, 1.59351688e-005, 1, 6.74748758e-006, 0.97065443, -1.10649384e-005, 0.240478642, 0.240478642, 1.01363797e-005, -0.97065443, 8.30264869e-006, 1, 1.24998032e-005, 0, 0, 0, 0, 0, 0, 0, 0.359695093, -0.181674634, -0.11876084, -0.517270657, 0.564211162, -0.643418448, -0.827392578, -0.137939453, 0.544189453, 0.218249527, 0.813971179, 0.538434183, 0, 0, 0, 0, 0, 0, 0, 0.38424165, -0.137315576, -0.0820361816, -0.365658075, 0.175404184, -0.914030662, 0.723876953, -0.563598633, -0.397705078, -0.5850055, -0.807009002, 0.0790853533, 0, 1, 3, 1, 
237.469915, 22, 0.1, 0.1, -0.000405135676, 0.350962578, -0.0349707173, 0.970654366, 1.41466338e-005, 0.240478901, 0.240478901, 1.1148302e-005, -0.970654366, -1.64124233e-005, 1, 7.41918103e-006, 0.970654383, 9.05789126e-006, 0.240478831, 0.240478831, -9.92820431e-007, -0.970654383, -8.55332956e-006, 1, -3.14191661e-006, 0, 0, 0, 0, 0, 0, 0, 0.359695093, -0.181674634, -0.11876084, -0.517270657, 0.564211162, -0.643418448, -0.827392578, -0.137939453, 0.544189453, 0.218249527, 0.813971179, 0.538434183, 0, 0, 0, 0, 0, 0, 0, 0.38424165, -0.137315576, -0.0820361816, -0.365658075, 0.175404184, -0.914030662, 0.723876953, -0.563598633, -0.397705078, -0.5850055, -0.807009002, 0.0790853533, 0, 1, 3, 1, 
237.470628, 22, 0.1, 0.1, -0.000405136288, 0.350962577, -0.0349703792, 0.970654275, -1.37813791e-005, 0.240479268, 0.240479268, -1.33908101e-005, -0.970654275, 1.65971667e-005, 1, -9.68371107e-006, 0.970654292, -7.38424412e-006, 0.240479199, 0.240479199, -6.54279732e-006, -0.970654292, 8.74095491e-006, 1, -4.57503719e-006, 0, 0, 0, 0, 0, 0, 0, 0.359695093, -0.181674634, -0.11876084, -0.517270657, 0.564211162, -0.643418448, -0.827392578, -0.137939453, 0.544189453, 0.218249527, 0.813971179, 0.538434183, 0, 0, 0, 0, 0, 0, 0, 0.38424165, -0.137315576, -0.0820361816, -0.365658075, 0.175404184, -0.914030662, 0.723876953, -0.563598633, -0.397705078, -0.5850055, -0.807009002, 0.0790853533, 0, 1, 3, 1, 
237.471322, 22, 0.1, 0.1, -0.000405135033, 0.350962577, -0.0349697939, 0.970654211, 1.36266368e-005, 0.240479528, 0.240479528, 1.30934275e-005, -0.970654211, -1.63754537e-005, 1, 9.43226333e-006, 0.970654218, 5.35834721e-006, 0.240479497, 0.240479497, 1.22782787e-005, -0.970654218, -8.1537766e-006, 1, 1.06293904e-005, 0, 0, 0, 0, 0, 0, 0, 0.359695093, -0.181674634, -0.11876084, -0.517270657, 0.564211162, -0.643418448, -0.827392578, -0.137939453, 0.544189453, 0.218249527, 0.813971179, 0.538434183, 0, 0, 0, 0, 0, 0, 0, 0.38424165, -0.137315576, -0.0820361816, -0.365658075, 0.175404184, -0.914030662, 0.723876953, -0.563598633, -0.397705078, -0.5850055, -0.807009002, 0.0790853533, 0, 1, 3, 1, 
237.47202, 22, 0.1, 0.1, -0.000405136594, 0.35096258, -0.0349691952, 0.970654212, -1.43641623e-005, 0.240479522, 0.240479522, -1.10640787e-005, -0.970654212, 1.6603319e-005, 1, -7.2851077e-006, 0.970654205, -4.97943872e-006, 0.240479549, 0.240479549, -1.50205369e-005, -0.970654205, 8.44544507e-006, 1, -1.33822941e-005, 0, 0, 0, 0, 0, 0, 0, 0.359695093, -0.181674634, -0.11876084, -0.517270657, 0.564211162, -0.643418448, -0.827392578, -0.137939453, 0.544189453, 0.218249527, 0.813971179, 0.538434183, 0, 0, 0, 0, 0, 0, 0, 0.38424165, -0.137315576, -0.0820361816, -0.365658075, 0.175404184, -0.914030662, 0.723876953, -0.563598633, -0.397705078, -0.5850055, -0.807009002, 0.0790853533, 0, 1, 3, 1, 
237.47272, 22, 0.1, 0.1, -0.000405135423, 0.350962579, -0.0349687129, 0.970654281, 1.89446102e-005, 0.240479242, 0.240479242, -3.66189108e-006, -0.970654282, -1.75080582e-005, 1, -8.11021575e-006, 0.970654262, 8.393739e-006, 0.240479319, 0.240479319, 5.19233662e-006, -0.970654262, -9.39606811e-006, 1, 3.02144303e-006, 0, 0, 0, 0, 0, 0, 0, 0.359695093, -0.181674634, -0.11876084, -0.517270657, 0.564211162, -0.643418448, -0.827392578, -0.137939453, 0.544189453, 0.218249527, 0.813971179, 0.538434183, 0, 0, 0, 0, 0, 0, 0, 0.38424165, -0.137315576, -0.0820361816, -0.365658075, 0.175404184, -0.914030662, 0.723876953, -0.563598633, -0.397705078, -0.5850055, -0.807009002, 0.0790853533, 0, 1, 3, 1, 
237.473413, 22, 0.1, 0.1, -0.000405136698, 0.350962581, -0.0349685692, 0.970654381, -1.91693854e-005, 0.24047884, 0.24047884, 5.05696832e-006, -0.970654381, 1.73907541e-005, 1, 9.51840002e-006, 0.970654362, -9.50167101e-006, 0.240478918, 0.240478918, 1.77788177e-006, -0.970654362, 8.79529533e-006, 1, 4.01066026e-006, 0, 0, 0, 0, 0, 0, 0, 0.359695093, -0.181674634, -0.11876084, -0.517270657, 0.564211162, -0.643418448, -0.827392578, -0.137939453, 0.544189453, 0.218249527, 0.813971179, 0.538434183, 0, 0, 0, 0, 0, 0, 0, 0.38424165, -0.137315576, -0.0820361816, -0.365658075, 0.175404184, -0.914030662, 0.723876953, -0.563598633, -0.397705078, -0.5850055, -0.807009002, 0.0790853533, 0, 1, 3, 1, 
237.474127, 22, 0.1, 0.1, -0.000405135374, 0.350962582, -0.0349685014, 0.970654457, 1.79969767e-005, 0.240478535, 0.240478535, -6.59010469e-006, -0.970654457, -1.58840669e-005, 1, -1.07246011e-005, 0.970654448, 1.02126158e-005, 0.240478571, 0.240478571, -9.82622886e-006, -0.970654448, -7.54992345e-006, 1, -1.1993788e-005, 0, 0, 0, 0, 0, 0, 0, 0.360430127, -0.182223657, -0.117801733, -0.515869154, 0.562111341, -0.646395563, -0.828857422, -0.137084961, 0.542236328, 0.216173672, 0.815539677, 0.536804649, 0, 0, 0, 0, 0, 0, 0, 0.384585986, -0.137396875, -0.0812096191, -0.363811531, 0.174177408, -0.915001875, 0.724731445, -0.564086914, -0.395507812, -0.585056905, -0.807015198, 0.0789832747, 0, 1, 3, 1, 
237.474824, 22, 0.1, 0.1, -0.00040513535, 0.35096258, -0.0349687778, 0.970654461, -1.91821326e-005, 0.240478517, 0.240478517, 3.05178686e-006, -0.970654461, 1.78853334e-005, 1, 7.57512135e-006, 0.970654467, -1.25828189e-005, 0.240478494, 0.240478494, 1.07814973e-005, -0.970654467, 9.62085112e-006, 1, 1.34910058e-005, 0, 0, 0, 0, 0, 0, 0, 0.360430127, -0.182223657, -0.117801733, -0.515869154, 0.562111341, -0.646395563, -0.828857422, -0.137084961, 0.542236328, 0.216173672, 0.815539677, 0.536804649, 0, 0, 0, 0, 0, 0, 0, 0.384585986, -0.137396875, -0.0812096191, -0.363811531, 0.174177408, -0.915001875, 0.724731445, -0.564086914, -0.395507812, -0.585056905, -0.807015198, 0.0789832747, 0, 1, 3, 1, 
237.475528, 22, 0.1, 0.1, -0.000405134304, 0.350962582, -0.0349692625, 0.970654396, 1.36454021e-005, 0.240478781, 0.240478781, 1.24660846e-005, -0.970654396, -1.62427984e-005, 1, 8.81883015e-006, 0.970654414, 8.43354201e-006, 0.240478707, 0.240478707, -1.81324115e-007, -0.970654414, -8.14245018e-006, 1, -2.20409033e-006, 0, 0, 0, 0, 0, 0, 0, 0.360430127, -0.182223657, -0.117801733, -0.515869154, 0.562111341, -0.646395563, -0.828857422, -0.137084961, 0.542236328, 0.216173672, 0.815539677, 0.536804649, 0, 0, 0, 0, 0, 0, 0, 0.384585986, -0.137396875, -0.0812096191, -0.363811531, 0.174177408, -0.915001875, 0.724731445, -0.564086914, -0.395507812, -0.585056905, -0.807015198, 0.0789832747, 0, 1, 3, 1, 
237.476254, 22, 0.1, 0.1, -0.000405134433, 0.35096258, -0.0349695989, 0.970654296, -1.59019553e-005, 0.240479184, 0.240479183, -1.30777797e-005, -0.970654296, 1.8580235e-005, 1, -8.8699138e-006, 0.970654316, -8.57902679e-006, 0.240479101, 0.240479101, -5.26288296e-006, -0.970654316, 9.59288275e-006, 1, -3.04536341e-006, 0, 0, 0, 0, 0, 0, 0, 0.361072998, -0.182068286, -0.116952832, -0.516251074, 0.560740916, -0.647258631, -0.829223633, -0.138671875, 0.541259766, 0.213762323, 0.816251099, 0.536817753, 0, 0, 0, 0, 0, 0, 0, 0.384585986, -0.137396875, -0.0812096191, -0.36340868, 0.17310375, -0.9153278, 0.7265625, -0.562255859, -0.394775391, -0.583050681, -0.808478214, 0.0785807905, 0, 1, 3, 1, 
237.476954, 22, 0.1, 0.1, -0.000405132483, 0.35096258, -0.0349696784, 0.970654226, 1.21501761e-005, 0.240479467, 0.240479467, 1.40873571e-005, -0.970654226, -1.51813399e-005, 1, 1.07520848e-005, 0.970654234, 3.68287261e-006, 0.240479432, 0.240479432, 1.30883257e-005, -0.970654234, -6.72226904e-006, 1, 1.18185837e-005, 0, 0, 0, 0, 0, 0, 0, 0.361072998, -0.182068286, -0.116952832, -0.516251074, 0.560740916, -0.647258631, -0.829223633, -0.138671875, 0.541259766, 0.213762323, 0.816251099, 0.536817753, 0, 0, 0, 0, 0, 0, 0, 0.384878076, -0.137052197, -0.0805699219, -0.36340868, 0.17310375, -0.9153278, 0.7265625, -0.562255859, -0.394775391, -0.583050681, -0.808478214, 0.0785807905, 0, 1, 3, 1, 
237.477656, 22, 0.1, 0.1, -0.000405133828, 0.350962583, -0.0349696972, 0.970654223, -1.44802251e-005, 0.240479477, 0.240479477, -9.7120029e-006, -0.970654223, 1.6390829e-005, 1, -5.94479967e-006, 0.970654217, -5.44837898e-006, 0.240479501, 0.240479501, -1.36156154e-005, -0.970654217, 8.56276842e-006, 1, -1.1905831e-005, 0, 0, 0, 0, 0, 0, 0, 0.361072998, -0.182068286, -0.116952832, -0.516251074, 0.560740916, -0.647258631, -0.829223633, -0.138671875, 0.541259766, 0.213762323, 0.816251099, 0.536817753, 0, 0, 0, 0, 0, 0, 0, 0.384878076, -0.137052197, -0.0805699219, -0.36340868, 0.17310375, -0.9153278, 0.7265625, -0.562255859, -0.394775391, -0.583050681, -0.808478214, 0.0785807905, 0, 1, 3, 1, 
237.478354, 22, 0.1, 0.1, -0.000405132766, 0.350962582, -0.0349696553, 0.970654287, 1.88686399e-005, 0.240479218, 0.240479218, -2.6036702e-006, -0.970654287, -1.76887976e-005, 1, -7.06477941e-006, 0.970654269, 8.32406499e-006, 0.240479292, 0.240479292, 6.06479846e-006, -0.970654269, -9.53824766e-006, 1, 3.88505726e-006, 0, 0, 0, 0, 0, 0, 0, 0.361072998, -0.182068286, -0.116952832, -0.516251074, 0.560740916, -0.647258631, -0.829223633, -0.138671875, 0.541259766, 0.213762323, 0.816251099, 0.536817753, 0, 0, 0, 0, 0, 0, 0, 0.384878076, -0.137052197, -0.0805699219, -0.36340868, 0.17310375, -0.9153278, 0.7265625, -0.562255859, -0.394775391, -0.583050681, -0.808478214, 0.0785807905, 0, 1, 3, 1, 
237.479057, 22, 0.1, 0.1, -0.000405134391, 0.350962583, -0.0349695346, 0.970654383, -1.77509661e-005, 0.240478831, 0.240478831, 5.26131908e-006, -0.970654383, 1.59648172e-005, 1, 9.37565402e-006, 0.970654365, -8.3210666e-006, 0.240478906, 0.240478906, 2.30141782e-006, -0.970654365, 7.52343717e-006, 1, 4.23492225e-006, 0, 0, 0, 0, 0, 0, 0, 0.361072998, -0.182068286, -0.116952832, -0.516251074, 0.560740916, -0.647258631, -0.829223633, -0.138671875, 0.541259766, 0.213762323, 0.816251099, 0.536817753, 0, 0, 0, 0, 0, 0, 0, 0.384878076, -0.137052197, -0.0805699219, -0.36340868, 0.17310375, -0.9153278, 0.7265625, -0.562255859, -0.394775391, -0.583050681, -0.808478214, 0.0785807905, 0, 1, 3, 1, 
237.479758, 22, 0.1, 0.1, -0.000405133733, 0.350962585, -0.0349693813, 0.970654452, 1.87815084e-005, 0.240478555, 0.240478555, -6.97182925e-006, -0.970654452, -1.65537793e-005, 1, -1.12837871e-005, 0.970654443, 1.11937148e-005, 0.240478588, 0.240478588, -9.96566093e-006, -0.970654443, -8.46870091e-006, 1, -1.23650618e-005, 0, 0, 0, 0, 0, 0, 0, 0.361072998, -0.182068286, -0.116952832, -0.516251074, 0.560740916, -0.647258631, -0.829223633, -0.138671875, 0.541259766, 0.213762323, 0.816251099, 0.536817753, 0, 0, 0, 0, 0, 0, 0, 0.384878076, -0.137052197, -0.0805699219, -0.36340868, 0.17310375, -0.9153278, 0.7265625, -0.562255859, -0.394775391, -0.583050681, -0.808478214, 0.0785807905, 0, 1, 3, 1, 
237.480456, 22, 0.1, 0.1, -0.000405134005, 0.350962583, -0.0349692808, 0.970654453, -1.8205996e-005, 0.240478548, 0.240478548, 1.22721055e-006, -0.970654453, 1.73766133e-005, 1, 5.56934887e-006, 0.97065446, -1.15608628e-005, 0.240478523, 0.240478523, 9.06942309e-006, -0.97065446, 9.04060155e-006, 1, 1.15834152e-005, 0, 0, 0, 0, 0, 0, 0, 0.361072998, -0.182068286, -0.116952832, -0.516251074, 0.560740916, -0.647258631, -0.829223633, -0.138671875, 0.541259766, 0.213762323, 0.816251099, 0.536817753, 0, 0, 0, 0, 0, 0, 0, 0.384878076, -0.137052197, -0.0805699219, -0.36340868, 0.17310375, -0.9153278, 0.7265625, -0.562255859, -0.394775391, -0.583050681, -0.808478214, 0.0785807905, 0, 1, 3, 1, 
237.481184, 22, 0.1, 0.1, -0.000405133459, 0.350962585, -0.0349691276, 0.970654383, 1.52125449e-005, 0.240478834, 0.240478834, 1.22846259e-005, -0.970654383, -1.77203159e-005, 1, 8.26583088e-006, 0.970654404, 9.74329661e-006, 0.240478749, 0.240478749, -1.55654981e-006, -0.970654404, -9.08305661e-006, 1, -3.85392771e-006, 0, 0, 0, 0, 0, 0, 0, 0.360945825, -0.183386743, -0.116123462, -0.514479632, 0.56114081, -0.648433227, -0.829956055, -0.135620117, 0.541015625, 0.215582817, 0.816434946, 0.53564428, 0, 0, 0, 0, 0, 0, 0, 0.384878076, -0.137052197, -0.0805699219, -0.363274519, 0.172471222, -0.915500241, 0.7265625, -0.56262207, -0.394165039, -0.583159322, -0.80829921, 0.079053637, 0, 1, 3, 1, 
237.481882, 22, 0.1, 0.1, -0.000405134045, 0.350962584, -0.0349688612, 0.970654282, -1.49425741e-005, 0.240479239, 0.240479239, -1.30799892e-005, -0.970654282, 1.76495394e-005, 1, -9.10276865e-006, 0.970654302, -7.83463116e-006, 0.24047916, 0.24047916, -5.673661e-006, -0.970654302, 8.96911567e-006, 1, -3.62309793e-006, 0, 0, 0, 0, 0, 0, 0, 0.360945825, -0.183386743, -0.116123462, -0.514479632, 0.56114081, -0.648433227, -0.829956055, -0.135620117, 0.541015625, 0.215582817, 0.816434946, 0.53564428, 0, 0, 0, 0, 0, 0, 0, 0.38510791, -0.13776001, -0.0799016602, -0.363274519, 0.172471222, -0.915500241, 0.7265625, -0.56262207, -0.394165039, -0.583159322, -0.80829921, 0.079053637, 0, 1, 3, 1, 
237.482581, 22, 0.1, 0.1, -0.000405132205, 0.350962583, -0.0349687999, 0.970654209, 1.21926797e-005, 0.240479536, 0.240479535, 1.40500711e-005, -0.970654209, -1.52136305e-005, 1, 1.07056707e-005, 0.970654218, 3.98982672e-006, 0.240479499, 0.240479499, 1.3326057e-005, -0.970654218, -7.07738565e-006, 1, 1.19755219e-005, 0, 0, 0, 0, 0, 0, 0, 0.360945825, -0.183386743, -0.116123462, -0.514479632, 0.56114081, -0.648433227, -0.829956055, -0.135620117, 0.541015625, 0.215582817, 0.816434946, 0.53564428, 0, 0, 0, 0, 0, 0, 0, 0.38510791, -0.13776001, -0.0799016602, -0.363274519, 0.172471222, -0.915500241, 0.7265625, -0.56262207, -0.394165039, -0.583159322, -0.80829921, 0.079053637, 0, 1, 3, 1, 
