time, trialNum, realDorsalTactorPos, realVentralTactorPos, boxPosX, boxPosY, boxPosZ, boxLocalRot_11, boxLocalRot_12, boxLocalRot_13, boxLocalRot_21, boxLocalRot_22, boxLocalRot_23, boxLocalRot_31, boxLocalRot_32, boxLocalRot_33, boxGlobalRot_11, boxGlobalRot_12, boxGlobalRot_13, boxGlobalRot_21, boxGlobalRot_22, boxGlobalRot_23, boxGlobalRot_31, boxGlobalRot_32, boxGlobalRot_33, indexForceX, indexForceY, indexForceZ, indexForceGlobalX, indexForceGlobalY, indexForceGlobalZ, indexContact, indexPosX, indexPosY, indexPosZ, indexRot_11, indexRot_12, indexRot_13, indexRot_21, indexRot_22, indexRot_23, indexRot_31, indexRot_32, indexRot_33, thumbForceX, thumbForceY, thumbForceZ, thumbForceGlobalX, thumbForceGlobalY, thumbForceGlobalZ, thumbContact, thumbPosX, thumbPosY, thumbPosZ, thumbRot_11, thumbRot_12, thumbRot_13, thumbRot_21, thumbRot_22, thumbRot_23, thumbRot_31, thumbRot_32, thumbRot_33, manipForceTooHigh, cceExpType, mapping, trialSuccess, 
142.321568, 12, 0.1, 0.1, 0.0136736405, 0.377587129, -0.03498194, 0.926487298, 2.45419996e-006, 0.376326038, 0.376326038, 8.1546572e-007, -0.926487298, -2.58066607e-006, 1, -1.68060715e-007, 0.926487298, 3.9853637e-006, 0.376326038, 0.376326038, 1.61032662e-006, -0.926487298, -4.29839668e-006, 1, -7.84897522e-009, 0, 0, 0, 0, 0, 0, 0, 0.250896973, -0.0521986572, -0.195277173, -0.218967192, 0.61612259, -0.756473571, -0.857910156, 0.247558594, 0.450073242, 0.464533744, 0.747661007, 0.474646087, 0, 0, -0, 0, 0, 0, 0, 0.333567627, -0.0187666992, -0.154415283, 0.238197122, 0.403124995, -0.883517634, 0.221679687, -0.908203125, -0.354614258, -0.945491081, -0.111303728, -0.305820047, 0, 1, 1, 1, 
142.354647, 12, 0.1, 0.1, 0.013673644, 0.377587117, -0.0349653384, 0.926484052, 9.87641263e-006, 0.37633403, 0.376334029, 1.70038367e-005, -0.926484052, -1.55494612e-005, 1, 1.20369533e-005, 0.92648406, 1.32135011e-005, 0.37633401, 0.376334009, 2.1409333e-005, -0.92648406, -2.02991583e-005, 1, 1.48627159e-005, 0, 0, 0, 0, 0, 0, 0, 0.262563721, -0.0727335937, -0.189800977, -0.250393324, 0.60161442, -0.758403772, -0.869995117, 0.203613281, 0.448852539, 0.42452369, 0.772329016, 0.472603554, 0, 0, -0, 0, 0, 0, 0, 0.343083301, -0.0356982422, -0.147784424, 0.217815879, 0.412433137, -0.884488847, 0.267944336, -0.896606445, -0.352172852, -0.938427533, -0.160158944, -0.305922125, 0, 1, 1, 1, 
142.355377, 12, 0.1, 0.1, 0.0136736473, 0.377587125, -0.0349676168, 0.926484008, -1.46005095e-005, 0.376334138, 0.376334138, -2.68106972e-005, -0.926484008, 2.36169191e-005, 1, -1.9345012e-005, 0.926484015, -1.64906025e-005, 0.376334119, 0.376334118, -3.18273758e-005, -0.926484015, 2.72560071e-005, 0.999999999, -2.32815786e-005, 0, 0, 0, 0, 0, 0, 0, 0.263491089, -0.0752654297, -0.189143335, -0.253923102, 0.599990877, -0.758575636, -0.870361328, 0.200317383, 0.449707031, 0.42174577, 0.77456363, 0.471518447, 0, 0, -0, 0, 0, 0, 0, 0.343787305, -0.0377640625, -0.147345752, 0.214825682, 0.413039412, -0.88498065, 0.271850586, -0.895507813, -0.352050781, -0.938005359, -0.164759444, -0.304746389, 0, 1, 1, 1, 
142.356079, 12, 0.1, 0.1, 0.0136736464, 0.377587122, -0.0349701069, 0.926483973, 6.4872249e-006, 0.376334224, 0.376334223, 1.60202576e-005, -0.926483973, -1.20392811e-005, 1, 1.24011472e-005, 0.926483979, 7.05682049e-006, 0.376334209, 0.376334209, 1.97219653e-005, -0.926483979, -1.39600813e-005, 1, 1.56163619e-005, 0, 0, 0, 0, 0, 0, 0, 0.263491089, -0.0752654297, -0.189143335, -0.253923102, 0.599990877, -0.758575636, -0.870361328, 0.200317383, 0.449707031, 0.42174577, 0.77456363, 0.471518447, 0, 0, -0, 0, 0, 0, 0, 0.343787305, -0.0377640625, -0.147345752, 0.214825682, 0.413039412, -0.88498065, 0.271850586, -0.895507813, -0.352050781, -0.938005359, -0.164759444, -0.304746389, 0, 1, 1, 1, 
142.356784, 12, 0.1, 0.1, 0.0136736473, 0.377587127, -0.0349722116, 0.926483949, -4.93539697e-006, 0.376334283, 0.376334283, -1.95161518e-005, -0.926483949, 1.19171631e-005, 1, -1.62240423e-005, 0.926483953, -6.88046242e-006, 0.376334272, 0.376334271, -2.40064631e-005, -0.926483953, 1.54090928e-005, 1, -1.96522491e-005, 0, 0, 0, 0, 0, 0, 0, 0.263491089, -0.0752654297, -0.189143335, -0.253923102, 0.599990877, -0.758575636, -0.870361328, 0.200317383, 0.449707031, 0.42174577, 0.77456363, 0.471518447, 0, 0, -0, 0, 0, 0, 0, 0.343787305, -0.0377640625, -0.147345752, 0.214825682, 0.413039412, -0.88498065, 0.271850586, -0.895507813, -0.352050781, -0.938005359, -0.164759444, -0.304746389, 0, 1, 1, 1, 
142.357562, 12, 0.1, 0.1, 0.0136736443, 0.377587123, -0.0349731276, 0.926483923, 7.08429801e-006, 0.376334346, 0.376334346, 1.7526727e-005, -0.926483923, -1.31593975e-005, 1, 1.35721661e-005, 0.926483931, 1.06201977e-005, 0.376334327, 0.376334326, 2.20194772e-005, -0.926483931, -1.81261276e-005, 1, 1.64039469e-005, 0, 0, 0, 0, 0, 0, 0, 0.263491089, -0.0752654297, -0.189143335, -0.253923102, 0.599990877, -0.758575636, -0.870361328, 0.200317383, 0.449707031, 0.42174577, 0.77456363, 0.471518447, 0, 0, -0, 0, 0, 0, 0, 0.343787305, -0.0377640625, -0.147345752, 0.214825682, 0.413039412, -0.88498065, 0.271850586, -0.895507813, -0.352050781, -0.938005359, -0.164759444, -0.304746389, 0, 1, 1, 1, 
142.358519, 12, 0.1, 0.1, 0.0136736418, 0.37758713, -0.0349685249, 0.92648383, 6.87835637e-006, 0.376334575, 0.376334576, -1.56961555e-005, -0.92648383, -4.65679924e-007, 1, -1.71307976e-005, 0.926483846, 6.68495784e-006, 0.376334537, 0.376334537, -2.33542713e-005, -0.926483845, 2.59551342e-006, 1, -2.41531356e-005, 0, 0, 0, 0, 0, 0, 0, 0.263491089, -0.0752654297, -0.189143335, -0.253923102, 0.599990877, -0.758575636, -0.870361328, 0.200317383, 0.449707031, 0.42174577, 0.77456363, 0.471518447, 0, 0, -0, 0, 0, 0, 0, 0.343787305, -0.0377640625, -0.147345752, 0.214825682, 0.413039412, -0.88498065, 0.271850586, -0.895507813, -0.352050781, -0.938005359, -0.164759444, -0.304746389, 0, 1, 1, 1, 
142.359214, 12, 0.1, 0.1, 0.0136736439, 0.377587125, -0.0349649125, 0.926483755, -1.08878822e-005, 0.376334761, 0.376334761, 2.26127343e-005, -0.926483754, 1.57748805e-006, 1, 2.50478195e-005, 0.926483768, -9.37214913e-006, 0.376334728, 0.376334728, 2.6412423e-005, -0.926483768, -1.25676799e-006, 1, 2.79977464e-005, 0, 0, 0, 0, 0, 0, 0, 0.263491089, -0.0752654297, -0.189143335, -0.253923102, 0.599990877, -0.758575636, -0.870361328, 0.200317383, 0.449707031, 0.42174577, 0.77456363, 0.471518447, 0, 0, -0, 0, 0, 0, 0, 0.343787305, -0.0377640625, -0.147345752, 0.214825682, 0.413039412, -0.88498065, 0.271850586, -0.895507813, -0.352050781, -0.938005359, -0.164759444, -0.304746389, 0, 1, 1, 1, 
142.359945, 12, 0.1, 0.1, 0.0136736428, 0.377587126, -0.0349626254, 0.926483686, 5.07021804e-006, 0.37633493, 0.37633493, -5.52896687e-006, -0.926483686, -2.61673094e-006, 1, -7.03059776e-006, 0.926483698, 3.82187158e-006, 0.376334901, 0.376334901, -1.17700117e-005, -0.926483698, 8.88564462e-007, 1, -1.23430276e-005, 0, 0, 0, 0, 0, 0, 0, 0.264710913, -0.0778712402, -0.188124536, -0.256063358, 0.596876342, -0.760366173, -0.871337891, 0.197875977, 0.448730469, 0.418376995, 0.777528763, 0.469577385, 0, 0, -0, 0, 0, 0, 0, 0.34484248, -0.0401458984, -0.14671582, 0.213630989, 0.412137829, -0.885600417, 0.275390625, -0.895141602, -0.350097656, -0.937148984, -0.169027457, -0.304688786, 0, 1, 1, 1, 
142.360652, 12, 0.1, 0.1, 0.0136736427, 0.377587125, -0.034962369, 0.926483623, 1.09255814e-006, 0.376335085, 0.376335085, -4.17728108e-006, -0.926483623, 5.59820205e-007, 1, -4.28135047e-006, 0.926483634, 3.39767571e-006, 0.376335058, 0.376335058, -9.4973382e-007, -0.926483634, -2.79047281e-006, 1, -2.15857733e-006, 0, 0, 0, 0, 0, 0, 0, 0.264710913, -0.0778712402, -0.188124536, -0.256063358, 0.596876342, -0.760366173, -0.871337891, 0.197875977, 0.448730469, 0.418376995, 0.777528763, 0.469577385, 0, 0, -0, 0, 0, 0, 0, 0.34484248, -0.0401458984, -0.14671582, 0.213630989, 0.412137829, -0.885600417, 0.275390625, -0.895141602, -0.350097656, -0.937148984, -0.169027457, -0.304688786, 0, 1, 1, 1, 
142.36135, 12, 0.1, 0.1, 0.0136736418, 0.377587126, -0.0349641924, 0.926483571, 5.29807199e-006, 0.376335212, 0.376335212, -6.1532291e-006, -0.926483571, -2.59289988e-006, 1, -7.69471672e-006, 0.926483583, -7.85134269e-007, 0.376335184, 0.376335184, 3.62694389e-007, -0.926483583, 5.90919351e-007, 1, 6.31504047e-007, 0, 0, 0, 0, 0, 0, 0, 0.264710913, -0.0778712402, -0.188124536, -0.256063358, 0.596876342, -0.760366173, -0.871337891, 0.197875977, 0.448730469, 0.418376995, 0.777528763, 0.469577385, 0, 0, -0, 0, 0, 0, 0, 0.34484248, -0.0401458984, -0.14671582, 0.213630989, 0.412137829, -0.885600417, 0.275390625, -0.895141602, -0.350097656, -0.937148984, -0.169027457, -0.304688786, 0, 1, 1, 1, 
142.362055, 12, 0.1, 0.1, 0.0136736416, 0.377587125, -0.0349673834, 0.926483525, -3.53966755e-006, 0.376335326, 0.376335326, 7.14227116e-006, -0.926483525, 5.91554731e-007, 1, 7.9492985e-006, 0.926483534, -1.57906729e-006, 0.376335305, 0.376335305, 1.0044196e-005, -0.926483534, -2.31700574e-006, 1, 9.90004099e-006, 0, 0, 0, 0, 0, 0, 0, 0.264710913, -0.0778712402, -0.188124536, -0.256063358, 0.596876342, -0.760366173, -0.871337891, 0.197875977, 0.448730469, 0.418376995, 0.777528763, 0.469577385, 0, 0, -0, 0, 0, 0, 0, 0.34484248, -0.0401458984, -0.14671582, 0.213630989, 0.412137829, -0.885600417, 0.275390625, -0.895141602, -0.350097656, -0.937148984, -0.169027457, -0.304688786, 0, 1, 1, 1, 
142.362774, 12, 0.1, 0.1, 0.0136736391, 0.37758713, -0.0349708694, 0.926483486, 7.1938639e-006, 0.376335423, 0.376335424, -1.48246384e-005, -0.926483485, -1.08595952e-006, 1, -1.64420885e-005, 0.926483492, 6.85811226e-006, 0.376335408, 0.376335408, -2.01857973e-005, -0.926483492, 1.24270247e-006, 1, -2.12827584e-005, 0, 0, 0, 0, 0, 0, 0, 0.264710913, -0.0778712402, -0.188124536, -0.256063358, 0.596876342, -0.760366173, -0.871337891, 0.197875977, 0.448730469, 0.418376995, 0.777528763, 0.469577385, 0, 0, -0, 0, 0, 0, 0, 0.34584126, -0.0418584961, -0.145869238, 0.211573725, 0.411606646, -0.886354347, 0.280151367, -0.894287109, -0.348510742, -0.936260527, -0.174483966, -0.304522542, 0, 1, 1, 1, 
142.363481, 12, 0.1, 0.1, 0.0136736407, 0.377587127, -0.0349735766, 0.926483452, -8.99220056e-006, 0.376335506, 0.376335506, 1.71805966e-005, -0.926483452, 1.86545651e-006, 1, 1.93016228e-005, 0.926483458, -7.39616829e-006, 0.376335491, 0.376335491, 1.96498566e-005, -0.926483458, -5.42510863e-007, 1, 2.09887077e-005, 0, 0, 0, 0, 0, 0, 0, 0.264710913, -0.0778712402, -0.188124536, -0.256063358, 0.596876342, -0.760366173, -0.871337891, 0.197875977, 0.448730469, 0.418376995, 0.777528763, 0.469577385, 0, 0, -0, 0, 0, 0, 0, 0.34584126, -0.0418584961, -0.145869238, 0.211573725, 0.411606646, -0.886354347, 0.280151367, -0.894287109, -0.348510742, -0.936260527, -0.174483966, -0.304522542, 0, 1, 1, 1, 
142.364181, 12, 0.1, 0.1, 0.0136736393, 0.37758713, -0.0349748406, 0.926483421, 1.08925758e-005, 0.376335582, 0.376335582, -2.50099648e-005, -0.926483421, -6.79651233e-007, 1, -2.72705816e-005, 0.926483428, 7.10664725e-006, 0.376335566, 0.376335566, -2.18158856e-005, -0.926483427, 1.62590277e-006, 1, -2.28865406e-005, 0, 0, 0, 0, 0, 0, 0, 0.264710913, -0.0778712402, -0.188124536, -0.256063358, 0.596876342, -0.760366173, -0.871337891, 0.197875977, 0.448730469, 0.418376995, 0.777528763, 0.469577385, 0, 0, -0, 0, 0, 0, 0, 0.34584126, -0.0418584961, -0.145869238, 0.211573725, 0.411606646, -0.886354347, 0.280151367, -0.894287109, -0.348510742, -0.936260527, -0.174483966, -0.304522542, 0, 1, 1, 1, 
142.364901, 12, 0.1, 0.1, 0.0136736381, 0.377587133, -0.0349742972, 0.926483393, -6.11588147e-006, 0.376335651, 0.376335652, 1.26307611e-005, -0.926483393, 9.12856926e-007, 1, 1.40038146e-005, 0.9264834, -7.69390144e-007, 0.376335635, 0.376335635, 4.93682155e-006, -0.9264834, -1.14507467e-006, 1, 4.86343214e-006, 0, 0, 0, 0, 0, 0, 0, 0.265683203, -0.0800217773, -0.187086816, -0.258616614, 0.593920566, -0.761820095, -0.872680664, 0.194335937, 0.447753906, 0.413961305, 0.780715934, 0.468200969, 0, 0, -0, 0, 0, 0, 0, 0.34584126, -0.0418584961, -0.145869238, 0.211573725, 0.411606646, -0.886354347, 0.280151367, -0.894287109, -0.348510742, -0.936260527, -0.174483966, -0.304522542, 0, 1, 1, 1, 
142.365616, 12, 0.1, 0.1, 0.0136736385, 0.37758713, -0.0349721961, 0.92648337, 4.59449269e-006, 0.376335707, 0.376335707, -5.41697352e-006, -0.92648337, -2.21812051e-006, 1, -6.74780754e-006, 0.926483376, -3.83176333e-008, 0.376335694, 0.376335694, -1.11771114e-006, -0.926483376, 4.56135247e-007, 1, -1.02112049e-006, 0, 0, 0, 0, 0, 0, 0, 0.265683203, -0.0800217773, -0.187086816, -0.258616614, 0.593920566, -0.761820095, -0.872680664, 0.194335937, 0.447753906, 0.413961305, 0.780715934, 0.468200969, 0, 0, -0, 0, 0, 0, 0, 0.34584126, -0.0418584961, -0.145869238, 0.211573725, 0.411606646, -0.886354347, 0.280151367, -0.894287109, -0.348510742, -0.936260527, -0.174483966, -0.304522542, 0, 1, 1, 1, 
142.366316, 12, 0.1, 0.1, 0.0136736386, 0.377587129, -0.0349693596, 0.92648335, -4.51402463e-006, 0.376335756, 0.376335756, 9.59731886e-006, -0.92648335, 5.70354413e-007, 1, 1.0590545e-005, 0.926483354, -2.50299327e-006, 0.376335747, 0.376335747, 1.22044034e-005, -0.926483354, -2.27397169e-006, 1, 1.22491425e-005, 0, 0, 0, 0, 0, 0, 0, 0.265683203, -0.0800217773, -0.187086816, -0.258616614, 0.593920566, -0.761820095, -0.872680664, 0.194335937, 0.447753906, 0.413961305, 0.780715934, 0.468200969, 0, 0, -0, 0, 0, 0, 0, 0.34584126, -0.0418584961, -0.145869238, 0.211573725, 0.411606646, -0.886354347, 0.280151367, -0.894287109, -0.348510742, -0.936260527, -0.174483966, -0.304522542, 0, 1, 1, 1, 
142.367044, 12, 0.1, 0.1, 0.0136736367, 0.377587132, -0.0349664878, 0.926483333, 5.20958781e-006, 0.376335799, 0.376335799, -7.60585327e-006, -0.926483333, -1.96424141e-006, 1, -9.00725068e-006, 0.926483335, 4.93682592e-006, 0.376335794, 0.376335794, -1.53398657e-005, -0.926483335, 1.19905357e-006, 1, -1.60700342e-005, 0, 0, 0, 0, 0, 0, 0, 0.265683203, -0.0800217773, -0.187086816, -0.262450806, 0.59248087, -0.761490594, -0.872680664, 0.190795898, 0.44934082, 0.411602375, 0.782550655, 0.467160045, 0, 0, -0, 0, 0, 0, 0, 0.34584126, -0.0418584961, -0.145869238, 0.211573725, 0.411606646, -0.886354347, 0.280151367, -0.894287109, -0.348510742, -0.936260527, -0.174483966, -0.304522542, 0, 1, 1, 1, 
142.367766, 12, 0.1, 0.1, 0.0136736371, 0.377587132, -0.0349643396, 0.926483316, 1.86373321e-006, 0.376335841, 0.376335841, -1.22843898e-005, -0.926483316, 2.89633843e-006, 1, -1.20826718e-005, 0.926483317, -2.49072209e-008, 0.376335839, 0.376335839, 1.9259887e-006, -0.926483317, -7.01742448e-007, 1, 1.79376987e-006, 0, 0, 0, 0, 0, 0, 0, 0.266373047, -0.0820989502, -0.186849902, -0.262450806, 0.59248087, -0.761490594, -0.872680664, 0.190795898, 0.44934082, 0.411602375, 0.782550655, 0.467160045, 0, 0, -0, 0, 0, 0, 0, 0.34652207, -0.0435278809, -0.145665283, 0.208206563, 0.411669712, -0.887127232, 0.284301758, -0.893310547, -0.34777832, -0.935755231, -0.179755274, -0.303008121, 0, 1, 1, 1, 
142.368467, 12, 0.1, 0.1, 0.013673635, 0.377587133, -0.0349638382, 0.926483306, 6.48159914e-006, 0.376335865, 0.376335865, 1.33253128e-005, -0.926483306, -1.10198865e-005, 1, 9.90642161e-006, 0.926483307, 6.84211462e-006, 0.376335862, 0.376335862, 6.11534951e-006, -0.926483307, -8.64053031e-006, 1, 3.09083613e-006, 0, 0, 0, 0, 0, 0, 0, 0.266373047, -0.0820989502, -0.186849902, -0.262450806, 0.59248087, -0.761490594, -0.872680664, 0.190795898, 0.44934082, 0.411602375, 0.782550655, 0.467160045, 0, 0, -0, 0, 0, 0, 0, 0.34652207, -0.0435278809, -0.145665283, 0.208206563, 0.411669712, -0.887127232, 0.284301758, -0.893310547, -0.34777832, -0.935755231, -0.179755274, -0.303008121, 0, 1, 1, 1, 
142.369188, 12, 0.1, 0.1, 0.0136736345, 0.377587136, -0.0349648962, 0.926483257, 8.87834038e-006, 0.376335987, 0.376335987, -1.16616372e-005, -0.926483257, -3.83693998e-006, 1, -1.41455506e-005, 0.926483273, 1.26516925e-006, 0.376335947, 0.376335947, -1.6267657e-005, -0.926483273, 4.94994594e-006, 1, -1.55478407e-005, 0, 0, 0, 0, 0, 0, 0, 0.266373047, -0.0820989502, -0.186849902, -0.262450806, 0.59248087, -0.761490594, -0.872680664, 0.190795898, 0.44934082, 0.411602375, 0.782550655, 0.467160045, 0, 0, -0, 0, 0, 0, 0, 0.34652207, -0.0435278809, -0.145665283, 0.208206563, 0.411669712, -0.887127232, 0.284301758, -0.893310547, -0.34777832, -0.935755231, -0.179755274, -0.303008121, 0, 1, 1, 1, 
142.369895, 12, 0.1, 0.1, 0.0136736365, 0.377587133, -0.0349670303, 0.926483127, -1.12825036e-005, 0.376336305, 0.376336305, 5.38943993e-006, -0.926483127, 8.42480727e-006, 1, 9.23924086e-006, 0.926483156, -1.57945393e-005, 0.376336234, 0.376336234, 9.77679986e-006, -0.926483156, 1.09540106e-005, 1, 1.50020978e-005, 0, 0, 0, 0, 0, 0, 0, 0.266373047, -0.0820989502, -0.186849902, -0.262450806, 0.59248087, -0.761490594, -0.872680664, 0.190795898, 0.44934082, 0.411602375, 0.782550655, 0.467160045, 0, 0, -0, 0, 0, 0, 0, 0.34652207, -0.0435278809, -0.145665283, 0.208206563, 0.411669712, -0.887127232, 0.284301758, -0.893310547, -0.34777832, -0.935755231, -0.179755274, -0.303008121, 0, 1, 1, 1, 
142.370594, 12, 0.1, 0.1, 0.0136736314, 0.377587132, -0.0349696927, 0.926482945, 1.17543792e-005, 0.376336754, 0.376336754, 1.42244374e-005, -0.926482945, -1.62434104e-005, 1, 8.75509376e-006, 0.926482985, 2.0295079e-005, 0.376336656, 0.376336656, 6.29471172e-006, -0.926482985, -2.11719761e-005, 1, -1.80583884e-006, 0, 0, 0, 0, 0, 0, 0, 0.266373047, -0.0820989502, -0.186849902, -0.262450806, 0.59248087, -0.761490594, -0.872680664, 0.190795898, 0.44934082, 0.411602375, 0.782550655, 0.467160045, 0, 0, -0, 0, 0, 0, 0, 0.34652207, -0.0435278809, -0.145665283, 0.208206563, 0.411669712, -0.887127232, 0.284301758, -0.893310547, -0.34777832, -0.935755231, -0.179755274, -0.303008121, 0, 1, 1, 1, 
142.371295, 12, 0.1, 0.1, 0.0136736359, 0.377587133, -0.0349721294, 0.926482682, -1.49476657e-005, 0.376337402, 0.376337401, -1.57254121e-005, -0.926482682, 1.97668141e-005, 1, -8.94395632e-006, 0.92648274, -1.88333654e-005, 0.376337257, 0.376337257, -1.1477194e-005, -0.926482741, 2.17680837e-005, 1, -3.54572505e-006, 0, 0, 0, 0, 0, 0, 0, 0.266373047, -0.0820989502, -0.186849902, -0.262450806, 0.59248087, -0.761490594, -0.872680664, 0.190795898, 0.44934082, 0.411602375, 0.782550655, 0.467160045, 0, 0, -0, 0, 0, 0, 0, 0.34652207, -0.0435278809, -0.145665283, 0.208206563, 0.411669712, -0.887127232, 0.284301758, -0.893310547, -0.34777832, -0.935755231, -0.179755274, -0.303008121, 0, 1, 1, 1, 
142.372026, 12, 0.1, 0.1, 0.0136736314, 0.37758713, -0.0349734993, 0.926482372, 2.7051093e-005, 0.376338164, 0.376338164, 2.07686271e-005, -0.926482372, -3.28783878e-005, 0.999999999, 9.06140822e-006, 0.926482432, 2.20438785e-005, 0.376338016, 0.376338016, 1.92439355e-005, -0.926482432, -2.76654907e-005, 1, 9.53321867e-006, 0, 0, 0, 0, 0, 0, 0, 0.267296997, -0.084191748, -0.186418188, -0.266062959, 0.590717664, -0.76170065, -0.872802734, 0.18762207, 0.450561523, 0.409084686, 0.784683798, 0.465833804, 0, 0, -0, 0, 0, 0, 0, 0.34652207, -0.0435278809, -0.145665283, 0.205120484, 0.41087677, -0.888168441, 0.287231445, -0.892822266, -0.346679687, -0.93558862, -0.183889125, -0.301276415, 0, 1, 1, 1, 
142.372919, 12, 0.1, 0.1, 0.0136736295, 0.377587132, -0.0349719755, 0.926482137, -2.36848643e-005, 0.376338743, 0.376338743, -9.30564283e-006, -0.926482137, 2.54456776e-005, 1, 2.92020209e-007, 0.926482172, -6.93642003e-006, 0.376338658, 0.376338658, -1.19724715e-005, -0.926482172, 1.09321734e-005, 1, -8.48183842e-006, 0, 0, 0, 0, 0, 0, 0, 0.267296997, -0.084191748, -0.186418188, -0.266062959, 0.590717664, -0.76170065, -0.872802734, 0.18762207, 0.450561523, 0.409084686, 0.784683798, 0.465833804, 0, 0, -0, 0, 0, 0, 0, 0.347214355, -0.0454532227, -0.14525127, 0.205120484, 0.41087677, -0.888168441, 0.287231445, -0.892822266, -0.346679687, -0.93558862, -0.183889125, -0.301276415, 0, 1, 1, 1, 
142.373738, 12, 0.1, 0.1, 0.0136736348, 0.377587135, -0.0349666216, 0.926481995, 1.47171824e-005, 0.376339094, 0.376339094, 8.33865117e-006, -0.926481995, -1.67733649e-005, 1, 2.18695909e-006, 0.926482015, -3.57161926e-006, 0.376339045, 0.376339045, 6.20815086e-007, -0.926482015, 3.07540405e-006, 1, 1.91931379e-006, 0, 0, 0, 0, 0, 0, 0, 0.267296997, -0.084191748, -0.186418188, -0.266062959, 0.590717664, -0.76170065, -0.872802734, 0.18762207, 0.450561523, 0.409084686, 0.784683798, 0.465833804, 0, 0, -0, 0, 0, 0, 0, 0.347214355, -0.0454532227, -0.14525127, 0.205120484, 0.41087677, -0.888168441, 0.287231445, -0.892822266, -0.346679687, -0.93558862, -0.183889125, -0.301276415, 0, 1, 1, 1, 
142.374448, 12, 0.1, 0.1, 0.013673626, 0.377587131, -0.0349630747, 0.926481909, 8.71027786e-006, 0.376339305, 0.376339305, 5.632811e-007, -0.926481909, -8.28189968e-006, 1, -2.75615016e-006, 0.926481932, 2.12671523e-005, 0.376339247, 0.376339247, 1.29373917e-005, -0.926481932, -2.45724806e-005, 1, 3.98259562e-006, 0, 0, 0, 0, 0, 0, 0, 0.267296997, -0.084191748, -0.186418188, -0.266062959, 0.590717664, -0.76170065, -0.872802734, 0.18762207, 0.450561523, 0.409084686, 0.784683798, 0.465833804, 0, 0, -0, 0, 0, 0, 0, 0.347214355, -0.0454532227, -0.14525127, 0.205120484, 0.41087677, -0.888168441, 0.287231445, -0.892822266, -0.346679687, -0.93558862, -0.183889125, -0.301276415, 0, 1, 1, 1, 
142.375147, 12, 0.1, 0.1, 0.0136736342, 0.377587134, -0.0349616261, 0.926481862, -1.99629262e-005, 0.37633942, 0.37633942, -8.7589397e-006, -0.926481862, 2.17916234e-005, 1, -6.0216268e-007, 0.926481873, -2.81975101e-005, 0.376339391, 0.376339391, -1.27121919e-005, -0.926481874, 3.09085806e-005, 1, -1.16578155e-006, 0, 0, 0, 0, 0, 0, 0, 0.267296997, -0.084191748, -0.186418188, -0.266062959, 0.590717664, -0.76170065, -0.872802734, 0.18762207, 0.450561523, 0.409084686, 0.784683798, 0.465833804, 0, 0, -0, 0, 0, 0, 0, 0.347214355, -0.0454532227, -0.14525127, 0.205120484, 0.41087677, -0.888168441, 0.287231445, -0.892822266, -0.346679687, -0.93558862, -0.183889125, -0.301276415, 0, 1, 1, 1, 
142.375849, 12, 0.1, 0.1, 0.0136736262, 0.377587133, -0.0349626025, 0.926481861, 3.94386351e-005, 0.376339421, 0.376339421, -3.69648253e-006, -0.926481862, -3.5148048e-005, 0.999999999, -1.82670371e-005, 0.92648185, 3.86404714e-005, 0.376339448, 0.376339448, 2.1458099e-006, -0.926481851, -3.66072483e-005, 0.999999999, -1.25538797e-005, 0, 0, 0, 0, 0, 0, 0, 0.267296997, -0.084191748, -0.186418188, -0.266062959, 0.590717664, -0.76170065, -0.872802734, 0.18762207, 0.450561523, 0.409084686, 0.784683798, 0.465833804, 0, 0, -0, 0, 0, 0, 0, 0.347214355, -0.0454532227, -0.14525127, 0.205120484, 0.41087677, -0.888168441, 0.287231445, -0.892822266, -0.346679687, -0.93558862, -0.183889125, -0.301276415, 0, 1, 1, 1, 
142.376565, 12, 0.1, 0.1, 0.0136736281, 0.377587134, -0.034965566, 0.92648194, -3.35959971e-005, 0.376339226, 0.376339226, -1.8781338e-006, -0.926481941, 3.18329001e-005, 0.999999999, 1.09034345e-005, 0.926481927, -2.63537929e-005, 0.376339261, 0.376339261, 3.21027479e-007, -0.926481927, 2.42954975e-005, 1, 1.02153931e-005, 0, 0, 0, 0, 0, 0, 0, 0.267296997, -0.084191748, -0.186418188, -0.27072914, 0.589113218, -0.761332956, -0.873046875, 0.182739258, 0.451904297, 0.405374427, 0.787038981, 0.465034015, 0, 0, -0, 0, 0, 0, 0, 0.347214355, -0.0454532227, -0.14525127, 0.205120484, 0.41087677, -0.888168441, 0.287231445, -0.892822266, -0.346679687, -0.93558862, -0.183889125, -0.301276415, 0, 1, 1, 1, 
142.377273, 12, 0.1, 0.1, 0.0136736309, 0.377587136, -0.0349692066, 0.926481948, 1.52291642e-005, 0.376339208, 0.376339208, 4.25579804e-006, -0.926481948, -1.57111694e-005, 1, -1.78841152e-006, 0.926481959, 7.2464824e-006, 0.376339182, 0.376339182, -6.13646887e-006, -0.926481959, -4.40434153e-006, 1, -8.41246296e-006, 0, 0, 0, 0, 0, 0, 0, 0.268163452, -0.0856060303, -0.186178589, -0.27072914, 0.589113218, -0.761332956, -0.873046875, 0.182739258, 0.451904297, 0.405374427, 0.787038981, 0.465034015, 0, 0, -0, 0, 0, 0, 0, 0.348062012, -0.0469411133, -0.145060254, 0.200890751, 0.410518029, -0.88939485, 0.291625977, -0.891723633, -0.345825195, -0.935051241, -0.18981848, -0.298950462, 0, 1, 1, 1, 
142.377975, 12, 0.1, 0.1, 0.0136736289, 0.377587131, -0.0349726585, 0.926481845, -1.06753756e-005, 0.376339462, 0.376339462, -1.47577979e-006, -0.926481845, 1.04459358e-005, 1, 2.65028191e-006, 0.926481869, -5.1586797e-007, 0.376339403, 0.376339403, 1.29981845e-005, -0.926481869, -4.41378668e-006, 1, 1.22367237e-005, 0, 0, 0, 0, 0, 0, 0, 0.268163452, -0.0856060303, -0.186178589, -0.27072914, 0.589113218, -0.761332956, -0.873046875, 0.182739258, 0.451904297, 0.405374427, 0.787038981, 0.465034015, 0, 0, -0, 0, 0, 0, 0, 0.348062012, -0.0469411133, -0.145060254, 0.200890751, 0.410518029, -0.88939485, 0.291625977, -0.891723633, -0.345825195, -0.935051241, -0.18981848, -0.298950462, 0, 1, 1, 1, 
142.378677, 12, 0.1, 0.1, 0.0136736321, 0.37758714, -0.034974931, 0.926481676, -3.50238923e-007, 0.376339879, 0.376339879, -1.74499823e-005, -0.926481675, 6.89161416e-006, 1, -1.60352799e-005, 0.926481711, -7.09467028e-006, 0.376339793, 0.376339793, -2.70356444e-005, -0.92648171, 1.67476711e-005, 1, -2.23780233e-005, 0, 0, 0, 0, 0, 0, 0, 0.268163452, -0.0856060303, -0.186178589, -0.27072914, 0.589113218, -0.761332956, -0.873046875, 0.182739258, 0.451904297, 0.405374427, 0.787038981, 0.465034015, 0, 0, -0, 0, 0, 0, 0, 0.348062012, -0.0469411133, -0.145060254, 0.200890751, 0.410518029, -0.88939485, 0.291625977, -0.891723633, -0.345825195, -0.935051241, -0.18981848, -0.298950462, 0, 1, 1, 1, 
142.379406, 12, 0.1, 0.1, 0.0136736289, 0.377587133, -0.0349752257, 0.926481452, 3.60179524e-006, 0.37634043, 0.376340429, 2.79776051e-005, -0.926481452, -1.38661004e-005, 1, 2.4565231e-005, 0.926481498, 8.05512266e-006, 0.376340317, 0.376340316, 3.05154801e-005, -0.926481498, -1.89471275e-005, 1, 2.52405603e-005, 0, 0, 0, 0, 0, 0, 0, 0.26930332, -0.0874729004, -0.185509473, -0.274411686, 0.587388203, -0.761307869, -0.873657227, 0.178344727, 0.452636719, 0.401631967, 0.789413259, 0.464412082, 0, 0, -0, 0, 0, 0, 0, 0.34872793, -0.0482006348, -0.144637939, 0.197268026, 0.410121008, -0.890314657, 0.296020508, -0.89074707, -0.344726562, -0.934450063, -0.19538363, -0.297205997, 0, 1, 1, 1, 
142.380103, 12, 0.1, 0.1, 0.013673632, 0.377587135, -0.0349736489, 0.926481199, -8.40082119e-006, 0.376341054, 0.376341053, -2.38942298e-005, -0.926481198, 1.67755825e-005, 1, -1.89759808e-005, 0.926481253, -1.22388546e-005, 0.376340919, 0.376340919, -2.09703852e-005, -0.926481253, 1.92310834e-005, 1, -1.48226869e-005, 0, 0, 0, 0, 0, 0, 0, 0.26930332, -0.0874729004, -0.185509473, -0.274411686, 0.587388203, -0.761307869, -0.873657227, 0.178344727, 0.452636719, 0.401631967, 0.789413259, 0.464412082, 0, 0, -0, 0, 0, 0, 0, 0.34872793, -0.0482006348, -0.144637939, 0.197268026, 0.410121008, -0.890314657, 0.296020508, -0.89074707, -0.344726562, -0.934450063, -0.19538363, -0.297205997, 0, 1, 1, 1, 
142.380801, 12, 0.1, 0.1, 0.0136736313, 0.377587134, -0.0349709722, 0.92648089, -5.36821263e-006, 0.376341813, 0.376341813, 2.47605861e-005, -0.92648089, -4.34489745e-006, 1, 2.49604927e-005, 0.926480959, 2.21684004e-006, 0.376341644, 0.376341644, 1.76264272e-005, -0.926480959, -8.68741866e-006, 1, 1.54962599e-005, 0, 0, 0, 0, 0, 0, 0, 0.26930332, -0.0874729004, -0.185509473, -0.274411686, 0.587388203, -0.761307869, -0.873657227, 0.178344727, 0.452636719, 0.401631967, 0.789413259, 0.464412082, 0, 0, -0, 0, 0, 0, 0, 0.34872793, -0.0482006348, -0.144637939, 0.197268026, 0.410121008, -0.890314657, 0.296020508, -0.89074707, -0.344726562, -0.934450063, -0.19538363, -0.297205997, 0, 1, 1, 1, 
142.381498, 12, 0.1, 0.1, 0.0136736338, 0.377587131, -0.0349681065, 0.926480535, 7.19033148e-006, 0.376342688, 0.376342688, -1.35988191e-005, -0.926480535, -1.54388604e-006, 1, -1.53050698e-005, 0.926480599, -1.16435169e-006, 0.37634253, 0.37634253, 3.56220484e-006, -0.926480599, -2.61859928e-007, 1, 3.73850874e-006, 0, 0, 0, 0, 0, 0, 0, 0.26930332, -0.0874729004, -0.185509473, -0.274411686, 0.587388203, -0.761307869, -0.873657227, 0.178344727, 0.452636719, 0.401631967, 0.789413259, 0.464412082, 0, 0, -0, 0, 0, 0, 0, 0.34872793, -0.0482006348, -0.144637939, 0.197268026, 0.410121008, -0.890314657, 0.296020508, -0.89074707, -0.344726562, -0.934450063, -0.19538363, -0.297205997, 0, 1, 1, 1, 
142.382198, 12, 0.1, 0.1, 0.0136736297, 0.377587139, -0.0349659014, 0.92648024, 5.09074296e-006, 0.376343413, 0.376343413, -8.42135083e-006, -0.92648024, -1.54715285e-006, 1, -9.71808272e-006, 0.926480303, 1.51390253e-005, 0.376343259, 0.376343259, -1.96015898e-005, -0.926480302, -6.64908252e-006, 1, -2.38579569e-005, 0, 0, 0, 0, 0, 0, 0, 0.26930332, -0.0874729004, -0.185509473, -0.274411686, 0.587388203, -0.761307869, -0.873657227, 0.178344727, 0.452636719, 0.401631967, 0.789413259, 0.464412082, 0, 0, -0, 0, 0, 0, 0, 0.34872793, -0.0482006348, -0.144637939, 0.197268026, 0.410121008, -0.890314657, 0.296020508, -0.89074707, -0.344726562, -0.934450063, -0.19538363, -0.297205997, 0, 1, 1, 1, 
142.3829, 12, 0.1, 0.1, 0.0136736345, 0.377587133, -0.0349648631, 0.926479962, 9.4738506e-007, 0.376344097, 0.376344097, 2.04050784e-005, -0.926479962, -8.5570641e-006, 1, 1.85483535e-005, 0.92648001, -1.46031197e-005, 0.37634398, 0.37634398, 2.30917777e-005, -0.92648001, 4.83904698e-006, 1, 2.68898666e-005, 0, 0, 0, 0, 0, 0, 0, 0.26930332, -0.0874729004, -0.185509473, -0.274411686, 0.587388203, -0.761307869, -0.873657227, 0.178344727, 0.452636719, 0.401631967, 0.789413259, 0.464412082, 0, 0, -0, 0, 0, 0, 0, 0.34872793, -0.0482006348, -0.144637939, 0.197268026, 0.410121008, -0.890314657, 0.296020508, -0.89074707, -0.344726562, -0.934450063, -0.19538363, -0.297205997, 0, 1, 1, 1, 
142.383601, 12, 0.1, 0.1, 0.0136736296, 0.377587139, -0.0349652696, 0.926479842, 4.24557833e-006, 0.376344392, 0.376344392, -3.33315702e-005, -0.926479842, 8.6107068e-006, 0.999999999, -3.24788275e-005, 0.926479855, 9.97189136e-006, 0.376344362, 0.376344362, -3.28142179e-005, -0.926479854, 3.11068944e-006, 0.999999999, -3.41545769e-005, 0, 0, 0, 0, 0, 0, 0, 0.26930332, -0.0874729004, -0.185509473, -0.274411686, 0.587388203, -0.761307869, -0.873657227, 0.178344727, 0.452636719, 0.401631967, 0.789413259, 0.464412082, 0, 0, -0, 0, 0, 0, 0, 0.34872793, -0.0482006348, -0.144637939, 0.197268026, 0.410121008, -0.890314657, 0.296020508, -0.89074707, -0.344726562, -0.934450063, -0.19538363, -0.297205997, 0, 1, 1, 1, 
142.384334, 12, 0.1, 0.1, 0.0136736277, 0.377587135, -0.0349666643, 0.926479813, 5.29542492e-006, 0.376344465, 0.376344465, 3.75833262e-005, -0.926479812, -1.90503811e-005, 0.999999999, 3.28272891e-005, 0.92647982, 7.50894108e-006, 0.376344448, 0.376344448, 3.20641484e-005, -0.926479819, -1.90240466e-005, 0.999999999, 2.68808382e-005, 0, 0, 0, 0, 0, 0, 0, 0.270677295, -0.0893641846, -0.184862695, -0.277872193, 0.58518092, -0.761701771, -0.874389648, 0.174194336, 0.452758789, 0.397730748, 0.791863921, 0.463485735, 0, 0, -0, 0, 0, 0, 0, 0.349460254, -0.0499513184, -0.14401582, 0.194616514, 0.408957298, -0.891426228, 0.300048828, -0.890136719, -0.342773437, -0.933746807, -0.200661135, -0.295972658, 0, 1, 1, 1, 
142.38504, 12, 0.1, 0.1, 0.0136736318, 0.377587134, -0.0349685572, 0.92647974, -1.7817201e-005, 0.376344644, 0.376344644, -2.72576537e-005, -0.92647974, 2.67655477e-005, 0.999999999, -1.85482557e-005, 0.926479763, -1.93854374e-005, 0.376344587, 0.376344587, -1.50651466e-005, -0.926479763, 2.36299018e-005, 1, -6.66194903e-006, 0, 0, 0, 0, 0, 0, 0, 0.270677295, -0.0893641846, -0.184862695, -0.277872193, 0.58518092, -0.761701771, -0.874389648, 0.174194336, 0.452758789, 0.397730748, 0.791863921, 0.463485735, 0, 0, -0, 0, 0, 0, 0, 0.349460254, -0.0499513184, -0.14401582, 0.194616514, 0.408957298, -0.891426228, 0.300048828, -0.890136719, -0.342773437, -0.933746807, -0.200661135, -0.295972658, 0, 1, 1, 1, 
142.385757, 12, 0.1, 0.1, 0.0136736296, 0.377587138, -0.034970538, 0.926479577, 2.24526216e-005, 0.376345044, 0.376345044, 2.02475335e-005, -0.926479578, -2.84219543e-005, 1, 1.03089934e-005, 0.926479619, 1.79747323e-005, 0.376344942, 0.376344942, 1.02616733e-006, -0.926479619, -1.7039416e-005, 1, -5.81397645e-006, 0, 0, 0, 0, 0, 0, 0, 0.270677295, -0.0893641846, -0.184862695, -0.277872193, 0.58518092, -0.761701771, -0.874389648, 0.174194336, 0.452758789, 0.397730748, 0.791863921, 0.463485735, 0, 0, -0, 0, 0, 0, 0, 0.349460254, -0.0499513184, -0.14401582, 0.194616514, 0.408957298, -0.891426228, 0.300048828, -0.890136719, -0.342773437, -0.933746807, -0.200661135, -0.295972658, 0, 1, 1, 1, 
142.386457, 12, 0.1, 0.1, 0.0136736253, 0.377587129, -0.0349719455, 0.926479354, -5.296936e-006, 0.376345594, 0.376345594, 8.41080746e-006, -0.926479354, 1.74213151e-006, 1, 9.78591799e-006, 0.926479402, 6.02745856e-006, 0.376345477, 0.376345477, 2.45415096e-005, -0.926479402, -1.48204023e-005, 1, 2.04687964e-005, 0, 0, 0, 0, 0, 0, 0, 0.270677295, -0.0893641846, -0.184862695, -0.277872193, 0.58518092, -0.761701771, -0.874389648, 0.174194336, 0.452758789, 0.397730748, 0.791863921, 0.463485735, 0, 0, -0, 0, 0, 0, 0, 0.349460254, -0.0499513184, -0.14401582, 0.194616514, 0.408957298, -0.891426228, 0.300048828, -0.890136719, -0.342773437, -0.933746807, -0.200661135, -0.295972658, 0, 1, 1, 1, 
142.387155, 12, 0.1, 0.1, 0.0136736273, 0.377587135, -0.0349725234, 0.926479075, 2.11219341e-006, 0.376346281, 0.376346281, -1.21592369e-005, -0.926479075, 2.61918058e-006, 1, -1.20601947e-005, 0.926479131, -4.47897188e-006, 0.376346145, 0.376346144, -2.16963878e-005, -0.92647913, 1.23150259e-005, 1, -1.84156067e-005, 0, 0, 0, 0, 0, 0, 0, 0.270677295, -0.0893641846, -0.184862695, -0.277872193, 0.58518092, -0.761701771, -0.874389648, 0.174194336, 0.452758789, 0.397730748, 0.791863921, 0.463485735, 0, 0, -0, 0, 0, 0, 0, 0.349460254, -0.0499513184, -0.14401582, 0.194616514, 0.408957298, -0.891426228, 0.300048828, -0.890136719, -0.342773437, -0.933746807, -0.200661135, -0.295972658, 0, 1, 1, 1, 
142.387857, 12, 0.1, 0.1, 0.0136736239, 0.377587127, -0.0349721546, 0.926478762, 2.63093492e-006, 0.376347052, 0.376347052, 3.07315627e-005, -0.926478761, -1.40032383e-005, 1, 2.74819955e-005, 0.926478826, 8.35592361e-006, 0.376346894, 0.376346893, 3.48400674e-005, -0.926478826, -2.08535374e-005, 0.999999999, 2.91338588e-005, 0, 0, 0, 0, 0, 0, 0, 0.270677295, -0.0893641846, -0.184862695, -0.277872193, 0.58518092, -0.761701771, -0.874389648, 0.174194336, 0.452758789, 0.397730748, 0.791863921, 0.463485735, 0, 0, -0, 0, 0, 0, 0, 0.349460254, -0.0499513184, -0.14401582, 0.194616514, 0.408957298, -0.891426228, 0.300048828, -0.890136719, -0.342773437, -0.933746807, -0.200661135, -0.295972658, 0, 1, 1, 1, 
142.38857, 12, 0.1, 0.1, 0.0136736287, 0.377587131, -0.0349709446, 0.926478404, -1.39033068e-005, 0.376347932, 0.376347931, -3.36261627e-005, -0.926478404, 2.55362503e-005, 0.999999999, -2.59214328e-005, 0.926478483, -1.79356201e-005, 0.376347739, 0.376347738, -2.90281279e-005, -0.926478483, 2.75416364e-005, 0.999999999, -2.01439059e-005, 0, 0, 0, 0, 0, 0, 0, 0.270677295, -0.0893641846, -0.184862695, -0.277872193, 0.58518092, -0.761701771, -0.874389648, 0.174194336, 0.452758789, 0.397730748, 0.791863921, 0.463485735, 0, 0, -0, 0, 0, 0, 0, 0.349460254, -0.0499513184, -0.14401582, 0.194616514, 0.408957298, -0.891426228, 0.300048828, -0.890136719, -0.342773437, -0.933746807, -0.200661135, -0.295972658, 0, 1, 1, 1, 
142.389297, 12, 0.1, 0.1, 0.0136736258, 0.377587131, -0.0349689304, 0.926477996, 1.6203099e-005, 0.376348937, 0.376348936, 2.95869387e-005, -0.926477996, -2.61468276e-005, 0.999999999, 2.13136286e-005, 0.92647808, 1.65760048e-005, 0.376348731, 0.37634873, 1.81888535e-005, -0.92647808, -2.2202657e-005, 1, 1.06132157e-005, 0, 0, 0, 0, 0, 0, 0, 0.271462109, -0.0914705322, -0.184019775, -0.279815498, 0.583157483, -0.762616136, -0.875, 0.17175293, 0.452392578, 0.394825147, 0.793914689, 0.462394636, 0, 0, -0, 0, 0, 0, 0, 0.350257275, -0.0519098633, -0.143179004, 0.192948975, 0.40767875, -0.892474, 0.303344727, -0.889648438, -0.340942383, -0.933062873, -0.204846025, -0.295346327, 0, 1, 1, 1, 
142.389999, 12, 0.1, 0.1, 0.0136736269, 0.377587128, -0.0349672208, 0.926477566, -1.86596912e-005, 0.376349996, 0.376349996, -2.50057378e-005, -0.926477566, 2.66986946e-005, 1, -1.61446803e-005, 0.926477659, -1.52146621e-005, 0.376349766, 0.376349766, -3.18239212e-006, -0.926477659, 1.52937371e-005, 1, 2.77761934e-006, 0, 0, 0, 0, 0, 0, 0, 0.271462109, -0.0914705322, -0.184019775, -0.279815498, 0.583157483, -0.762616136, -0.875, 0.17175293, 0.452392578, 0.394825147, 0.793914689, 0.462394636, 0, 0, -0, 0, 0, 0, 0, 0.350257275, -0.0519098633, -0.143179004, 0.192948975, 0.40767875, -0.892474, 0.303344727, -0.889648438, -0.340942383, -0.933062873, -0.204846025, -0.295346327, 0, 1, 1, 1, 
142.390703, 12, 0.1, 0.1, 0.0136736283, 0.377587139, -0.0349662424, 0.926477094, 1.48914358e-005, 0.376351158, 0.376351158, -6.58999949e-006, -0.926477094, -1.13164202e-005, 1, -1.17098927e-005, 0.926477188, 2.64794528e-006, 0.376350927, 0.376350927, -2.68084143e-005, -0.926477187, 7.63611068e-006, 1, -2.58339409e-005, 0, 0, 0, 0, 0, 0, 0, 0.271462109, -0.0914705322, -0.184019775, -0.279815498, 0.583157483, -0.762616136, -0.875, 0.17175293, 0.452392578, 0.394825147, 0.793914689, 0.462394636, 0, 0, -0, 0, 0, 0, 0, 0.350257275, -0.0519098633, -0.143179004, 0.192948975, 0.40767875, -0.892474, 0.303344727, -0.889648438, -0.340942383, -0.933062873, -0.204846025, -0.295346327, 0, 1, 1, 1, 
142.391419, 12, 0.1, 0.1, 0.0136736242, 0.37758713, -0.0349662432, 0.926476567, -2.77167994e-006, 0.376352455, 0.376352455, 1.95329428e-005, -0.926476567, -4.78337448e-006, 1, 1.91399424e-005, 0.926476682, 7.77043989e-006, 0.376352173, 0.376352173, 3.23035939e-005, -0.926476681, -1.93566591e-005, 0.999999999, 2.70041046e-005, 0, 0, 0, 0, 0, 0, 0, 0.271462109, -0.0914705322, -0.184019775, -0.279815498, 0.583157483, -0.762616136, -0.875, 0.17175293, 0.452392578, 0.394825147, 0.793914689, 0.462394636, 0, 0, -0, 0, 0, 0, 0, 0.350257275, -0.0519098633, -0.143179004, 0.190080179, 0.406764407, -0.893393806, 0.306274414, -0.889160156, -0.33972168, -0.93262794, -0.208992636, -0.293601862, 0, 1, 1, 1, 
142.392121, 12, 0.1, 0.1, 0.0136736293, 0.377587139, -0.0349670058, 0.926476021, -7.65237474e-006, 0.3763538, 0.3763538, -3.41453231e-005, -0.92647602, 1.99404638e-005, 0.999999999, -2.87548227e-005, 0.926476131, -1.4451813e-005, 0.376353529, 0.376353528, -3.82974687e-005, -0.926476131, 2.78026473e-005, 0.999999999, -3.00426999e-005, 0, 0, 0, 0, 0, 0, 0, 0.271462109, -0.0914705322, -0.184019775, -0.279815498, 0.583157483, -0.762616136, -0.875, 0.17175293, 0.452392578, 0.394825147, 0.793914689, 0.462394636, 0, 0, -0, 0, 0, 0, 0, 0.350746338, -0.0536202637, -0.142533447, 0.190080179, 0.406764407, -0.893393806, 0.306274414, -0.889160156, -0.33972168, -0.93262794, -0.208992636, -0.293601862, 0, 1, 1, 1, 
142.392823, 12, 0.1, 0.1, 0.0136736246, 0.377587134, -0.0349684172, 0.926475451, 1.40777001e-005, 0.376355202, 0.376355201, 3.79423994e-005, -0.926475451, -2.73224629e-005, 0.999999999, 2.98544859e-005, 0.926475567, 1.76706408e-005, 0.376354916, 0.376354915, 3.2653939e-005, -0.926475567, -2.86608874e-005, 0.999999999, 2.36026441e-005, 0, 0, 0, 0, 0, 0, 0, 0.271462109, -0.0914705322, -0.184019775, -0.279815498, 0.583157483, -0.762616136, -0.875, 0.17175293, 0.452392578, 0.394825147, 0.793914689, 0.462394636, 0, 0, -0, 0, 0, 0, 0, 0.350746338, -0.0536202637, -0.142533447, 0.190080179, 0.406764407, -0.893393806, 0.306274414, -0.889160156, -0.33972168, -0.93262794, -0.208992636, -0.293601862, 0, 1, 1, 1, 
