time, trialNum, realDorsalTactorPos, realVentralTactorPos, boxPosX, boxPosY, boxPosZ, boxLocalRot_11, boxLocalRot_12, boxLocalRot_13, boxLocalRot_21, boxLocalRot_22, boxLocalRot_23, boxLocalRot_31, boxLocalRot_32, boxLocalRot_33, boxGlobalRot_11, boxGlobalRot_12, boxGlobalRot_13, boxGlobalRot_21, boxGlobalRot_22, boxGlobalRot_23, boxGlobalRot_31, boxGlobalRot_32, boxGlobalRot_33, indexForceX, indexForceY, indexForceZ, indexForceGlobalX, indexForceGlobalY, indexForceGlobalZ, indexContact, indexPosX, indexPosY, indexPosZ, indexRot_11, indexRot_12, indexRot_13, indexRot_21, indexRot_22, indexRot_23, indexRot_31, indexRot_32, indexRot_33, thumbForceX, thumbForceY, thumbForceZ, thumbForceGlobalX, thumbForceGlobalY, thumbForceGlobalZ, thumbContact, thumbPosX, thumbPosY, thumbPosZ, thumbRot_11, thumbRot_12, thumbRot_13, thumbRot_21, thumbRot_22, thumbRot_23, thumbRot_31, thumbRot_32, thumbRot_33, manipForceTooHigh, cceExpType, mapping, trialSuccess, 
128.365253, 9, 0.1, 0.1, 0.00707651449, 0.359902022, -0.0349690036, 0.975205625, 0.221300677, -6.58422709e-006, 0.221300677, -0.975205625, 1.70171766e-006, -6.04438402e-006, -3.11661854e-006, -1, 0.975205562, 0.221300955, -2.41086565e-006, 0.221300955, -0.975205562, -5.55368273e-006, -3.58012488e-006, 4.88245542e-006, -1, 0, 0, 0, 0, 0, 0, 0, 0.296463989, -0.10834021, -0.220336719, -0.26977118, 0.524857486, -0.807292753, -0.950683594, -0.0125732422, 0.309570313, 0.152353603, 0.851102172, 0.502593356, 0, 0, -0, 0, 0, 0, 0, 0.350139307, -0.0489210449, -0.165997852, 0.18609812, 0.517444541, -0.835133206, 0.598388672, -0.733886719, -0.321289062, -0.779127113, -0.43989928, -0.44618475, 0, 1, 1, 1, 
128.36809, 9, 0.1, 0.1, 0.00707652692, 0.359902027, -0.0349639853, 0.975207249, 0.221293517, 1.00528472e-005, 0.221293517, -0.975207249, 7.84807364e-006, 1.15403373e-005, -5.4288684e-006, -1, 0.975207195, 0.221293754, 1.27357488e-005, 0.221293754, -0.975207196, 2.23530291e-006, 1.29146525e-005, 6.38458196e-007, -1, 0, 0, 0, 0, 0, 0, 0, 0.296004907, -0.109958569, -0.219627563, -0.274340759, 0.523728196, -0.806461886, -0.949584961, -0.0153808594, 0.312988281, 0.15159425, 0.851775402, 0.501596616, 0, 0, -0, 0, 0, 0, 0, 0.350088867, -0.050639502, -0.165596533, 0.181906667, 0.516223595, -0.836813139, 0.599975586, -0.732543945, -0.321411133, -0.778953939, -0.443464403, -0.443047265, 0, 1, 1, 1, 
128.368789, 9, 0.1, 0.1, 0.00707652304, 0.359902027, -0.0349734243, 0.975207489, 0.221292463, -1.32750469e-005, 0.221292463, -0.975207489, -5.22729683e-007, -1.30616013e-005, -2.42789793e-006, -1, 0.975207442, 0.221292667, -1.70122756e-005, 0.221292667, -0.975207442, -8.78078871e-007, -1.67848102e-005, -2.9083828e-006, -1, 0, 0, 0, 0, 0, 0, 0, 0.296004907, -0.109958569, -0.219627563, -0.274340759, 0.523728196, -0.806461886, -0.949584961, -0.0153808594, 0.312988281, 0.15159425, 0.851775402, 0.501596616, 0, 0, -0, 0, 0, 0, 0, 0.350088867, -0.050639502, -0.165596533, 0.181906667, 0.516223595, -0.836813139, 0.599975586, -0.732543945, -0.321411133, -0.778953939, -0.443464403, -0.443047265, 0, 1, 1, 1, 
128.369516, 9, 0.1, 0.1, 0.00707652671, 0.359902027, -0.0349809428, 0.975207701, 0.221291527, 1.68727727e-005, 0.221291527, -0.975207701, 7.0710828e-006, 1.80192286e-005, -3.16197276e-006, -1, 0.97520766, 0.221291705, 1.80510715e-005, 0.221291705, -0.97520766, 4.08349847e-006, 1.85071876e-005, 1.22934212e-008, -1, 0, 0, 0, 0, 0, 0, 0, 0.296279395, -0.110210986, -0.219365015, -0.277597201, 0.523144455, -0.805700289, -0.948852539, -0.0185546875, 0.314941406, 0.149761773, 0.851991449, 0.501723175, 0, 0, -0, 0, 0, 0, 0, 0.350088867, -0.050639502, -0.165596533, 0.179063391, 0.515737622, -0.837637064, 0.601074219, -0.731445313, -0.321899414, -0.778761808, -0.445847592, -0.441047237, 0, 1, 1, 1, 
128.370214, 9, 0.1, 0.1, 0.0070765261, 0.359902027, -0.0349840985, 0.975207876, 0.221290757, -1.2511857e-005, 0.221290757, -0.975207876, -1.03444861e-006, -1.24305754e-005, -1.75995587e-006, -1, 0.975207841, 0.221290908, -9.41579671e-006, 0.221290908, -0.975207841, -8.52294125e-008, -9.20121928e-006, -2.00051381e-006, -1, 0, 0, 0, 0, 0, 0, 0, 0.296279395, -0.110210986, -0.219365015, -0.277597201, 0.523144455, -0.805700289, -0.948852539, -0.0185546875, 0.314941406, 0.149761773, 0.851991449, 0.501723175, 0, 0, -0, 0, 0, 0, 0, 0.350128027, -0.0511682617, -0.165608984, 0.179063391, 0.515737622, -0.837637064, 0.601074219, -0.731445313, -0.321899414, -0.778761808, -0.445847592, -0.441047237, 0, 1, 1, 1, 
128.370915, 9, 0.1, 0.1, 0.00707652512, 0.359902027, -0.0349827698, 0.975208033, 0.221290063, 1.02839682e-005, 0.221290063, -0.975208033, 1.77004255e-007, 1.00681777e-005, 2.103124e-006, -1, 0.975208001, 0.221290204, 4.56208312e-006, 0.221290204, -0.975208001, 2.25439593e-006, 4.9478557e-006, -1.18896065e-006, -1, 0, 0, 0, 0, 0, 0, 0, 0.296279395, -0.110210986, -0.219365015, -0.277597201, 0.523144455, -0.805700289, -0.948852539, -0.0185546875, 0.314941406, 0.149761773, 0.851991449, 0.501723175, 0, 0, -0, 0, 0, 0, 0, 0.350128027, -0.0511682617, -0.165608984, 0.179063391, 0.515737622, -0.837637064, 0.601074219, -0.731445313, -0.321899414, -0.778761808, -0.445847592, -0.441047237, 0, 1, 1, 1, 
128.371611, 9, 0.1, 0.1, 0.00707652558, 0.359902026, -0.0349776697, 0.975208174, 0.221289444, -9.24562357e-006, 0.221289444, -0.975208174, -5.54737008e-006, -1.02439821e-005, 3.36388174e-006, -1, 0.975208147, 0.221289559, -4.54250198e-006, 0.221289559, -0.975208147, -4.42072104e-006, -5.40814435e-006, 3.30591491e-006, -1, 0, 0, 0, 0, 0, 0, 0, 0.296279395, -0.110210986, -0.219365015, -0.277597201, 0.523144455, -0.805700289, -0.948852539, -0.0185546875, 0.314941406, 0.149761773, 0.851991449, 0.501723175, 0, 0, -0, 0, 0, 0, 0, 0.350128027, -0.0511682617, -0.165608984, 0.179063391, 0.515737622, -0.837637064, 0.601074219, -0.731445313, -0.321899414, -0.778761808, -0.445847592, -0.441047237, 0, 1, 1, 1, 
128.372339, 9, 0.1, 0.1, 0.00707652558, 0.359902025, -0.0349700903, 0.975208309, 0.221288847, 5.65692945e-006, 0.221288847, -0.975208309, 1.4142106e-006, 5.82963364e-006, -1.27334532e-007, -1, 0.975208285, 0.221288953, 8.79789709e-006, 0.221288953, -0.975208285, -3.40871162e-006, 7.82547191e-006, 5.27108125e-006, -1, 0, 0, 0, 0, 0, 0, 0, 0.29635896, -0.110858984, -0.219523926, -0.280383357, 0.523588532, -0.80448151, -0.948120117, -0.0207519531, 0.317016602, 0.149337913, 0.851673931, 0.502395282, 0, 0, -0, 0, 0, 0, 0, 0.350201855, -0.0518433594, -0.165605078, 0.176878162, 0.515961102, -0.838032985, 0.60144043, -0.73059082, -0.322875977, -0.778991485, -0.446806045, -0.439615937, 0, 1, 1, 1, 
128.373038, 9, 0.1, 0.1, 0.00707652531, 0.359902025, -0.0349631638, 0.975208422, 0.22128835, 5.21562669e-006, 0.22128835, -0.975208422, -2.64892887e-006, 4.50014598e-006, 3.73741516e-006, -1, 0.9752084, 0.221288446, 4.97519838e-007, 0.221288446, -0.9752084, -3.25823737e-006, -2.35824758e-007, 3.28755584e-006, -1, 0, 0, 0, 0, 0, 0, 0, 0.29635896, -0.110858984, -0.219523926, -0.280383357, 0.523588532, -0.80448151, -0.948120117, -0.0207519531, 0.317016602, 0.149337913, 0.851673931, 0.502395282, 0, 0, -0, 0, 0, 0, 0, 0.350201855, -0.0518433594, -0.165605078, 0.176878162, 0.515961102, -0.838032985, 0.60144043, -0.73059082, -0.322875977, -0.778991485, -0.446806045, -0.439615937, 0, 1, 1, 1, 
128.373737, 9, 0.1, 0.1, 0.00707652487, 0.359902024, -0.0349586187, 0.975208502, 0.221287998, 1.03220749e-005, 0.221287998, -0.975208502, 2.76933754e-006, 1.06789964e-005, -4.16530223e-007, -1, 0.97520849, 0.221288051, -7.03183326e-007, 0.221288051, -0.97520849, -6.97576464e-006, -2.22940371e-006, 6.64721884e-006, -1, 0, 0, 0, 0, 0, 0, 0, 0.29635896, -0.110858984, -0.219523926, -0.280383357, 0.523588532, -0.80448151, -0.948120117, -0.0207519531, 0.317016602, 0.149337913, 0.851673931, 0.502395282, 0, 0, -0, 0, 0, 0, 0, 0.350201855, -0.0518433594, -0.165605078, 0.176878162, 0.515961102, -0.838032985, 0.60144043, -0.73059082, -0.322875977, -0.778991485, -0.446806045, -0.439615937, 0, 1, 1, 1, 
128.374451, 9, 0.1, 0.1, 0.00707652357, 0.359902024, -0.0349574314, 0.975208552, 0.221287774, -2.46018652e-005, 0.221287773, -0.975208553, -9.46230766e-006, -2.60858424e-005, 3.78363137e-006, -1, 0.975208544, 0.221287812, -1.58025229e-005, 0.221287812, -0.975208544, -6.55568185e-006, -1.68614478e-005, 2.89625125e-006, -1, 0, 0, 0, 0, 0, 0, 0, 0.29635896, -0.110858984, -0.219523926, -0.280383357, 0.523588532, -0.80448151, -0.948120117, -0.0207519531, 0.317016602, 0.149337913, 0.851673931, 0.502395282, 0, 0, -0, 0, 0, 0, 0, 0.350201855, -0.0518433594, -0.165605078, 0.176878162, 0.515961102, -0.838032985, 0.60144043, -0.73059082, -0.322875977, -0.778991485, -0.446806045, -0.439615937, 0, 1, 1, 1, 
128.375195, 9, 0.1, 0.1, 0.00707652421, 0.359902023, -0.0349597675, 0.975208594, 0.221287589, 3.36729248e-005, 0.221287589, -0.975208595, 7.00894536e-006, 3.43891183e-005, 6.16216591e-007, -0.999999999, 0.975208593, 0.221287595, 2.28411277e-005, 0.221287595, -0.975208593, -2.11235824e-006, 2.18074253e-005, 7.11444812e-006, -1, 0, 0, 0, 0, 0, 0, 0, 0.29635896, -0.110858984, -0.219523926, -0.280383357, 0.523588532, -0.80448151, -0.948120117, -0.0207519531, 0.317016602, 0.149337913, 0.851673931, 0.502395282, 0, 0, -0, 0, 0, 0, 0, 0.350201855, -0.0518433594, -0.165605078, 0.176878162, 0.515961102, -0.838032985, 0.60144043, -0.73059082, -0.322875977, -0.778991485, -0.446806045, -0.439615937, 0, 1, 1, 1, 
128.3759, 9, 0.1, 0.1, 0.00707652934, 0.359902028, -0.0349643306, 0.975208562, 0.221287731, -1.42090804e-005, 0.221287731, -0.975208562, -7.89529303e-006, -1.56039483e-005, 4.55526221e-006, -1, 0.975208573, 0.221287686, 5.21942734e-006, 0.221287686, -0.975208573, 1.0962821e-005, 7.51596756e-006, -9.53604199e-006, -1, 0, 0, 0, 0, 0, 0, 0, 0.29635896, -0.110858984, -0.219523926, -0.280383357, 0.523588532, -0.80448151, -0.948120117, -0.0207519531, 0.317016602, 0.149337913, 0.851673931, 0.502395282, 0, 0, -0, 0, 0, 0, 0, 0.350201855, -0.0518433594, -0.165605078, 0.176878162, 0.515961102, -0.838032985, 0.60144043, -0.73059082, -0.322875977, -0.778991485, -0.446806045, -0.439615937, 0, 1, 1, 1, 
128.376597, 9, 0.1, 0.1, 0.00707651757, 0.359902024, -0.0349700824, 0.975208535, 0.221287849, -2.81906852e-005, 0.221287849, -0.975208536, 7.29697634e-006, -2.58770646e-005, -1.33543297e-005, -1, 0.975208538, 0.221287835, -3.55045049e-005, 0.221287835, -0.975208539, -8.60667816e-006, -3.65288495e-005, 5.3659101e-007, -0.999999999, 0, 0, 0, 0, 0, 0, 0, 0.29635896, -0.110858984, -0.219523926, -0.280383357, 0.523588532, -0.80448151, -0.948120117, -0.0207519531, 0.317016602, 0.149337913, 0.851673931, 0.502395282, 0, 0, -0, 0, 0, 0, 0, 0.350201855, -0.0518433594, -0.165605078, 0.176878162, 0.515961102, -0.838032985, 0.60144043, -0.73059082, -0.322875977, -0.778991485, -0.446806045, -0.439615937, 0, 1, 1, 1, 
128.377323, 9, 0.1, 0.1, 0.00707652298, 0.359902032, -0.0349752432, 0.975208589, 0.221287611, 3.6326413e-005, 0.221287611, -0.97520859, 1.24598369e-005, 3.81830375e-005, -4.11235481e-006, -0.999999999, 0.975208572, 0.221287686, 3.10531915e-005, 0.221287685, -0.975208573, 2.23689347e-005, 3.52333083e-005, -1.49426881e-005, -0.999999999, 0, 0, 0, 0, 0, 0, 0, 0.296240796, -0.111741089, -0.219924268, -0.282806688, 0.523810571, -0.803555163, -0.947143555, -0.0203857422, 0.320068359, 0.151204834, 0.851515171, 0.50200138, 0, 0, -0, 0, 0, 0, 0, 0.350025342, -0.0527578125, -0.165825635, 0.174711889, 0.515571378, -0.838786548, 0.600097656, -0.731079102, -0.32434082, -0.780569339, -0.446601521, -0.437117543, 0, 1, 1, 1, 
128.378023, 9, 0.1, 0.1, 0.00707652927, 0.359902025, -0.0349781565, 0.975208715, 0.221287056, -8.58945896e-006, 0.221287056, -0.975208715, -2.50709654e-005, -1.39243953e-005, 2.25486878e-005, -1, 0.975208686, 0.221287188, 9.17919759e-006, 0.221287188, -0.975208685, -2.49480084e-005, 3.43095858e-006, 2.63607533e-005, -1, 0, 0, 0, 0, 0, 0, 0, 0.296240796, -0.111741089, -0.219924268, -0.282806688, 0.523810571, -0.803555163, -0.947143555, -0.0203857422, 0.320068359, 0.151204834, 0.851515171, 0.50200138, 0, 0, -0, 0, 0, 0, 0, 0.350025342, -0.0527578125, -0.165825635, 0.174711889, 0.515571378, -0.838786548, 0.600097656, -0.731079102, -0.32434082, -0.780569339, -0.446601521, -0.437117543, 0, 1, 1, 1, 
128.378722, 9, 0.1, 0.1, 0.00707651689, 0.359902025, -0.0349783459, 0.975208913, 0.221286184, -3.63520632e-005, 0.221286185, -0.975208913, 1.89808184e-005, -3.12506631e-005, -2.65544727e-005, -0.999999999, 0.97520887, 0.221286373, -4.08198578e-005, 0.221286374, -0.97520887, 1.20510337e-005, -3.71411579e-005, -2.07851533e-005, -0.999999999, 0, 0, 0, 0, 0, 0, 0, 0.296240796, -0.111741089, -0.219924268, -0.282806688, 0.523810571, -0.803555163, -0.947143555, -0.0203857422, 0.320068359, 0.151204834, 0.851515171, 0.50200138, 0, 0, -0, 0, 0, 0, 0, 0.350025342, -0.0527578125, -0.165825635, 0.174711889, 0.515571378, -0.838786548, 0.600097656, -0.731079102, -0.32434082, -0.780569339, -0.446601521, -0.437117543, 0, 1, 1, 1, 
128.379423, 9, 0.1, 0.1, 0.00707651785, 0.35990203, -0.034975944, 0.975209157, 0.221285109, 3.04002575e-005, 0.221285109, -0.975209157, -2.4693594e-006, 2.91001771e-005, 9.13526618e-006, -1, 0.975209103, 0.221285349, 2.02762729e-005, 0.221285349, -0.975209103, 1.08702333e-005, 2.21790293e-005, -6.11390833e-006, -1, 0, 0, 0, 0, 0, 0, 0, 0.296240796, -0.111741089, -0.219924268, -0.282806688, 0.523810571, -0.803555163, -0.947143555, -0.0203857422, 0.320068359, 0.151204834, 0.851515171, 0.50200138, 0, 0, -0, 0, 0, 0, 0, 0.350025342, -0.0527578125, -0.165825635, 0.174711889, 0.515571378, -0.838786548, 0.600097656, -0.731079102, -0.32434082, -0.780569339, -0.446601521, -0.437117543, 0, 1, 1, 1, 
128.380121, 9, 0.1, 0.1, 0.00707652405, 0.359902024, -0.0349718485, 0.975209437, 0.221283877, -8.82407681e-006, 0.221283876, -0.975209437, -1.28685031e-005, -1.14529152e-005, 1.05968598e-005, -1, 0.975209381, 0.221284123, 1.02469575e-005, 0.221284123, -0.975209381, -1.89343687e-005, 5.80305394e-006, 2.0732463e-005, -1, 0, 0, 0, 0, 0, 0, 0, 0.296240796, -0.111741089, -0.219924268, -0.282806688, 0.523810571, -0.803555163, -0.947143555, -0.0203857422, 0.320068359, 0.151204834, 0.851515171, 0.50200138, 0, 0, -0, 0, 0, 0, 0, 0.350025342, -0.0527578125, -0.165825635, 0.174711889, 0.515571378, -0.838786548, 0.600097656, -0.731079102, -0.32434082, -0.780569339, -0.446601521, -0.437117543, 0, 1, 1, 1, 
128.380821, 9, 0.1, 0.1, 0.00707651591, 0.359902026, -0.0349673314, 0.975209737, 0.221282555, -7.48961852e-006, 0.221282555, -0.975209737, 4.96562184e-006, -6.20514342e-006, -6.49984469e-006, -1, 0.975209678, 0.221282813, -2.21790745e-005, 0.221282813, -0.975209678, 9.91849062e-006, -1.94344566e-005, -1.45804561e-005, -1, 0, 0, 0, 0, 0, 0, 0, 0.296240796, -0.111741089, -0.219924268, -0.282806688, 0.523810571, -0.803555163, -0.947143555, -0.0203857422, 0.320068359, 0.151204834, 0.851515171, 0.50200138, 0, 0, -0, 0, 0, 0, 0, 0.350025342, -0.0527578125, -0.165825635, 0.174711889, 0.515571378, -0.838786548, 0.600097656, -0.731079102, -0.32434082, -0.780569339, -0.446601521, -0.437117543, 0, 1, 1, 1, 
128.381519, 9, 0.1, 0.1, 0.00707652388, 0.359902024, -0.0349637708, 0.975210007, 0.221281364, 1.63785399e-005, 0.221281364, -0.975210007, 3.86291939e-006, 1.68273081e-005, -1.42891988e-007, -1, 0.975209957, 0.221281583, 2.8103785e-005, 0.221281583, -0.975209957, -4.98026366e-006, 2.63050503e-005, 1.10756527e-005, -1, 0, 0, 0, 0, 0, 0, 0, 0.296240796, -0.111741089, -0.219924268, -0.282806688, 0.523810571, -0.803555163, -0.947143555, -0.0203857422, 0.320068359, 0.151204834, 0.851515171, 0.50200138, 0, 0, -0, 0, 0, 0, 0, 0.350025342, -0.0527578125, -0.165825635, 0.174711889, 0.515571378, -0.838786548, 0.600097656, -0.731079102, -0.32434082, -0.780569339, -0.446601521, -0.437117543, 0, 1, 1, 1, 
128.382246, 9, 0.1, 0.1, 0.0070765221, 0.359902023, -0.0349617529, 0.975210203, 0.221280502, 6.49247333e-006, 0.221280502, -0.975210203, -1.95968073e-006, 5.8978871e-006, 3.3477584e-006, -1, 0.975210171, 0.221280641, -4.05050314e-006, 0.221280641, -0.975210171, -9.64658705e-006, -6.08469482e-006, 8.51115188e-006, -1, 0, 0, 0, 0, 0, 0, 0, 0.296143628, -0.112851196, -0.220101367, -0.284830125, 0.523931138, -0.802628816, -0.946166992, -0.0197753906, 0.322875977, 0.153255602, 0.851496075, 0.501607477, 0, 0, -0, 0, 0, 0, 0, 0.350108691, -0.0538737793, -0.166039844, 0.173005704, 0.515386177, -0.839220748, 0.598754883, -0.731567383, -0.325805664, -0.781853351, -0.446007273, -0.435322039, 0, 1, 1, 1, 
128.382948, 9, 0.1, 0.1, 0.00707652277, 0.359902024, -0.0349621856, 0.975210316, 0.221280003, 5.40790757e-006, 0.221280003, -0.975210316, -1.42493968e-005, 2.12074068e-006, 1.50928205e-005, -1, 0.975210299, 0.221280079, -2.91734033e-006, 0.221280079, -0.975210299, 2.03587509e-007, -2.79997048e-006, -8.44089934e-007, -1, 0, 0, 0, 0, 0, 0, 0, 0.296143628, -0.112851196, -0.220101367, -0.284830125, 0.523931138, -0.802628816, -0.946166992, -0.0197753906, 0.322875977, 0.153255602, 0.851496075, 0.501607477, 0, 0, -0, 0, 0, 0, 0, 0.350108691, -0.0538737793, -0.166039844, 0.173005704, 0.515386177, -0.839220748, 0.598754883, -0.731567383, -0.325805664, -0.781853351, -0.446007273, -0.435322039, 0, 1, 1, 1, 
128.383647, 9, 0.1, 0.1, 0.00707652256, 0.35990202, -0.0349647413, 0.975210422, 0.221279535, 4.22100127e-006, 0.221279535, -0.975210422, 1.34747989e-005, 7.09806167e-006, -1.22067431e-005, -1, 0.975210399, 0.221279638, -2.50140884e-006, 0.221279638, -0.975210399, -6.70133231e-006, -3.92226829e-006, 5.98169811e-006, -1, 0, 0, 0, 0, 0, 0, 0, 0.296143628, -0.112851196, -0.220101367, -0.284830125, 0.523931138, -0.802628816, -0.946166992, -0.0197753906, 0.322875977, 0.153255602, 0.851496075, 0.501607477, 0, 0, -0, 0, 0, 0, 0, 0.350108691, -0.0538737793, -0.166039844, 0.173005704, 0.515386177, -0.839220748, 0.598754883, -0.731567383, -0.325805664, -0.781853351, -0.446007273, -0.435322039, 0, 1, 1, 1, 
128.384346, 9, 0.1, 0.1, 0.00707652098, 0.359902026, -0.0349685409, 0.97521051, 0.221279148, -1.51573359e-005, 0.221279148, -0.97521051, 2.73379575e-007, -1.47211001e-005, -3.620605e-006, -1, 0.975210498, 0.2212792, -1.22441719e-005, 0.2212792, -0.975210498, 1.4990788e-005, -8.62349543e-006, -1.73285544e-005, -1, 0, 0, 0, 0, 0, 0, 0, 0.296143628, -0.112851196, -0.220101367, -0.284830125, 0.523931138, -0.802628816, -0.946166992, -0.0197753906, 0.322875977, 0.153255602, 0.851496075, 0.501607477, 0, 0, -0, 0, 0, 0, 0, 0.350108691, -0.0538737793, -0.166039844, 0.173005704, 0.515386177, -0.839220748, 0.598754883, -0.731567383, -0.325805664, -0.781853351, -0.446007273, -0.435322039, 0, 1, 1, 1, 
128.385046, 9, 0.1, 0.1, 0.00707652364, 0.359902017, -0.0349723996, 0.975210512, 0.221279137, 2.83552492e-005, 0.221279138, -0.975210512, -2.21311134e-005, 2.27551835e-005, 2.78569196e-005, -0.999999999, 0.975210518, 0.221279111, 2.11593134e-005, 0.221279111, -0.975210518, -2.93156966e-005, 1.41478337e-005, 3.32710897e-005, -0.999999999, 0, 0, 0, 0, 0, 0, 0, 0.296143628, -0.112851196, -0.220101367, -0.284830125, 0.523931138, -0.802628816, -0.946166992, -0.0197753906, 0.322875977, 0.153255602, 0.851496075, 0.501607477, 0, 0, -0, 0, 0, 0, 0, 0.350108691, -0.0538737793, -0.166039844, 0.173005704, 0.515386177, -0.839220748, 0.598754883, -0.731567383, -0.325805664, -0.781853351, -0.446007273, -0.435322039, 0, 1, 1, 1, 
128.385744, 9, 0.1, 0.1, 0.00707652693, 0.359902022, -0.034975153, 0.975210436, 0.221279473, -1.63381088e-005, 0.221279473, -0.975210436, 3.37571418e-005, -8.46333169e-006, -3.65356051e-005, -0.999999999, 0.975210459, 0.221279371, -8.64241528e-008, 0.221279371, -0.975210459, 2.96845964e-005, 6.48430709e-006, -2.89678528e-005, -1, 0, 0, 0, 0, 0, 0, 0, 0.296143628, -0.112851196, -0.220101367, -0.284830125, 0.523931138, -0.802628816, -0.946166992, -0.0197753906, 0.322875977, 0.153255602, 0.851496075, 0.501607477, 0, 0, -0, 0, 0, 0, 0, 0.350108691, -0.0538737793, -0.166039844, 0.173005704, 0.515386177, -0.839220748, 0.598754883, -0.731567383, -0.325805664, -0.781853351, -0.446007273, -0.435322039, 0, 1, 1, 1, 
128.38646, 9, 0.1, 0.1, 0.00707651741, 0.359902028, -0.0349760527, 0.975210298, 0.221280082, -1.38573099e-005, 0.221280082, -0.975210298, -4.36881254e-006, -1.44805225e-005, 1.19416431e-006, -1, 0.97521033, 0.22127994, -2.60254539e-005, 0.22127994, -0.97521033, 1.07879098e-005, -2.29931435e-005, -1.6279392e-005, -1, 0, 0, 0, 0, 0, 0, 0, 0.296143628, -0.112851196, -0.220101367, -0.285102339, 0.523487061, -0.802902151, -0.945922852, -0.0185546875, 0.323730469, 0.154658228, 0.851813594, 0.500662033, 0, 0, -0, 0, 0, 0, 0, 0.350108691, -0.0538737793, -0.166039844, 0.173005704, 0.515386177, -0.839220748, 0.598754883, -0.731567383, -0.325805664, -0.781853351, -0.446007273, -0.435322039, 0, 1, 1, 1, 
128.387171, 9, 0.1, 0.1, 0.00707652497, 0.359902024, -0.0349746885, 0.975210103, 0.22128094, 3.08848279e-005, 0.221280941, -0.975210103, -2.15545474e-006, 2.96422352e-005, 8.93624502e-006, -1, 0.975210143, 0.221280763, 3.28255779e-005, 0.221280763, -0.975210143, -9.45874768e-006, 2.99187977e-005, 1.64879356e-005, -0.999999999, 0, 0, 0, 0, 0, 0, 0, 0.296133984, -0.113989136, -0.219671729, -0.285102339, 0.523487061, -0.802902151, -0.945922852, -0.0185546875, 0.323730469, 0.154658228, 0.851813594, 0.500662033, 0, 0, -0, 0, 0, 0, 0, 0.350306787, -0.0550280762, -0.165383057, 0.1728267, 0.514753649, -0.839674272, 0.598022461, -0.732177734, -0.325805664, -0.782485879, -0.445828269, -0.434510507, 0, 1, 1, 1, 
128.387868, 9, 0.1, 0.1, 0.00707652507, 0.359902026, -0.0349719321, 0.975209877, 0.221281937, -1.35952978e-005, 0.221281937, -0.975209877, -3.69305534e-006, -1.40754751e-005, 5.93110209e-007, -1, 0.975209926, 0.221281722, -1.17014473e-005, 0.221281722, -0.975209926, 5.13300556e-006, -1.02755272e-005, -7.59507439e-006, -1, 0, 0, 0, 0, 0, 0, 0, 0.296133984, -0.113989136, -0.219671729, -0.285102339, 0.523487061, -0.802902151, -0.945922852, -0.0185546875, 0.323730469, 0.154658228, 0.851813594, 0.500662033, 0, 0, -0, 0, 0, 0, 0, 0.350306787, -0.0550280762, -0.165383057, 0.1728267, 0.514753649, -0.839674272, 0.598022461, -0.732177734, -0.325805664, -0.782485879, -0.445828269, -0.434510507, 0, 1, 1, 1, 
128.388571, 9, 0.1, 0.1, 0.00707652551, 0.359902027, -0.0349686104, 0.97520964, 0.221282983, 1.14575816e-005, 0.221282983, -0.97520964, 7.5165299e-006, 1.28368241e-005, -4.7948246e-006, -1, 0.975209684, 0.221282787, 1.06686224e-005, 0.221282787, -0.975209684, 1.1066852e-005, 1.28530477e-005, -8.43171871e-006, -1, 0, 0, 0, 0, 0, 0, 0, 0.296133984, -0.113989136, -0.219671729, -0.285102339, 0.523487061, -0.802902151, -0.945922852, -0.0185546875, 0.323730469, 0.154658228, 0.851813594, 0.500662033, 0, 0, -0, 0, 0, 0, 0, 0.350306787, -0.0550280762, -0.165383057, 0.1728267, 0.514753649, -0.839674272, 0.598022461, -0.732177734, -0.325805664, -0.782485879, -0.445828269, -0.434510507, 0, 1, 1, 1, 
128.389299, 9, 0.1, 0.1, 0.0070765236, 0.359902026, -0.0349654223, 0.975209457, 0.22128379, -4.11048446e-006, 0.22128379, -0.975209457, 7.48629968e-006, -2.35198655e-006, -8.21029382e-006, -1, 0.975209485, 0.221283664, -1.0808409e-005, 0.221283664, -0.975209485, 3.3597543e-006, -9.79700427e-006, -5.66818861e-006, -1, 0, 0, 0, 0, 0, 0, 0, 0.29608186, -0.114637134, -0.218963428, -0.286079983, 0.523931138, -0.802184738, -0.945678711, -0.0198974609, 0.32421875, 0.153947928, 0.851496075, 0.501289958, 0, 0, -0, 0, 0, 0, 0, 0.350438965, -0.0554401367, -0.164914844, 0.171306081, 0.515596897, -0.839469748, 0.599121094, -0.730834961, -0.326660156, -0.782031988, -0.446844324, -0.434120782, 0, 1, 1, 1, 
128.390007, 9, 0.1, 0.1, 0.0070765268, 0.359902026, -0.0349636006, 0.97520935, 0.221284261, -6.10723468e-006, 0.221284261, -0.97520935, 3.26108945e-006, -5.23420459e-006, -4.53167983e-006, -1, 0.975209369, 0.221284177, 1.05441534e-005, 0.221284177, -0.975209369, -3.46275339e-006, 9.51650463e-006, 5.71016385e-006, -1, 0, 0, 0, 0, 0, 0, 0, 0.29608186, -0.114637134, -0.218963428, -0.286079983, 0.523931138, -0.802184738, -0.945678711, -0.0198974609, 0.32421875, 0.153947928, 0.851496075, 0.501289958, 0, 0, -0, 0, 0, 0, 0, 0.350438965, -0.0554401367, -0.164914844, 0.171306081, 0.515596897, -0.839469748, 0.599121094, -0.730834961, -0.326660156, -0.782031988, -0.446844324, -0.434120782, 0, 1, 1, 1, 
128.390707, 9, 0.1, 0.1, 0.00707652628, 0.359902025, -0.0349635211, 0.97520925, 0.221284701, 1.5726476e-005, 0.221284701, -0.97520925, -2.18780854e-006, 1.48524763e-005, 5.61359966e-006, -1, 0.975209273, 0.221284599, 1.0433169e-005, 0.221284599, -0.975209273, -7.21328852e-006, 8.57833355e-006, 9.34316548e-006, -1, 0, 0, 0, 0, 0, 0, 0, 0.29608186, -0.114637134, -0.218963428, -0.286079983, 0.523931138, -0.802184738, -0.945678711, -0.0198974609, 0.32421875, 0.153947928, 0.851496075, 0.501289958, 0, 0, -0, 0, 0, 0, 0, 0.350438965, -0.0554401367, -0.164914844, 0.171306081, 0.515596897, -0.839469748, 0.599121094, -0.730834961, -0.326660156, -0.782031988, -0.446844324, -0.434120782, 0, 1, 1, 1, 
128.391408, 9, 0.1, 0.1, 0.00707652521, 0.359902025, -0.0349651735, 0.97520911, 0.221285317, -1.03685693e-005, 0.221285317, -0.97520911, -1.0806392e-005, -1.25028191e-005, 8.24407976e-006, -1, 0.97520914, 0.221285185, -1.13549527e-005, 0.221285185, -0.97520914, -7.9685328e-006, -1.28367719e-005, 5.25830321e-006, -1, 0, 0, 0, 0, 0, 0, 0, 0.29608186, -0.114637134, -0.218963428, -0.286079983, 0.523931138, -0.802184738, -0.945678711, -0.0198974609, 0.32421875, 0.153947928, 0.851496075, 0.501289958, 0, 0, -0, 0, 0, 0, 0, 0.350438965, -0.0554401367, -0.164914844, 0.171306081, 0.515596897, -0.839469748, 0.599121094, -0.730834961, -0.326660156, -0.782031988, -0.446844324, -0.434120782, 0, 1, 1, 1, 
128.392106, 9, 0.1, 0.1, 0.00707652697, 0.359902026, -0.0349680005, 0.975208967, 0.22128595, 7.05192992e-006, 0.22128595, -0.975208967, -3.12779283e-006, 6.18496868e-006, 4.61074462e-006, -1, 0.975208993, 0.221285835, 1.11639625e-005, 0.221285834, -0.975208993, 6.35290328e-006, 1.22930042e-005, -3.72498164e-006, -1, 0, 0, 0, 0, 0, 0, 0, 0.29608186, -0.114637134, -0.218963428, -0.286079983, 0.523931138, -0.802184738, -0.945678711, -0.0198974609, 0.32421875, 0.153947928, 0.851496075, 0.501289958, 0, 0, -0, 0, 0, 0, 0, 0.350438965, -0.0554401367, -0.164914844, 0.171306081, 0.515596897, -0.839469748, 0.599121094, -0.730834961, -0.326660156, -0.782031988, -0.446844324, -0.434120782, 0, 1, 1, 1, 
128.392804, 9, 0.1, 0.1, 0.00707652463, 0.359902025, -0.0349710701, 0.975208877, 0.221286344, 3.63580262e-006, 0.221286344, -0.975208877, 5.06816417e-006, 4.66718251e-006, -4.13796522e-006, -1, 0.97520889, 0.221286286, -6.91713177e-006, 0.221286286, -0.97520889, 5.39637826e-006, -5.55150389e-006, -6.79326246e-006, -1, 0, 0, 0, 0, 0, 0, 0, 0.29608186, -0.114637134, -0.218963428, -0.286079983, 0.523931138, -0.802184738, -0.945678711, -0.0198974609, 0.32421875, 0.153947928, 0.851496075, 0.501289958, 0, 0, -0, 0, 0, 0, 0, 0.350438965, -0.0554401367, -0.164914844, 0.171306081, 0.515596897, -0.839469748, 0.599121094, -0.730834961, -0.326660156, -0.782031988, -0.446844324, -0.434120782, 0, 1, 1, 1, 
128.393501, 9, 0.1, 0.1, 0.00707652473, 0.359902025, -0.0349735039, 0.975208833, 0.221286539, -1.21318651e-005, 0.221286539, -0.975208833, 3.55698591e-006, -1.10439889e-005, -6.15342252e-006, -1, 0.975208841, 0.221286504, -6.89142712e-006, 0.221286504, -0.975208841, 2.37110514e-006, -6.19588709e-006, -3.83730251e-006, -1, 0, 0, 0, 0, 0, 0, 0, 0.29608186, -0.114637134, -0.218963428, -0.286079983, 0.523931138, -0.802184738, -0.945678711, -0.0198974609, 0.32421875, 0.153947928, 0.851496075, 0.501289958, 0, 0, -0, 0, 0, 0, 0, 0.350438965, -0.0554401367, -0.164914844, 0.171306081, 0.515596897, -0.839469748, 0.599121094, -0.730834961, -0.326660156, -0.782031988, -0.446844324, -0.434120782, 0, 1, 1, 1, 
128.394229, 9, 0.1, 0.1, 0.0070765249, 0.359902024, -0.034974376, 0.975208777, 0.221286786, 7.6321552e-006, 0.221286786, -0.975208777, 6.0368174e-006, 8.77881266e-006, -4.19826222e-006, -1, 0.97520879, 0.221286726, 9.6622612e-006, 0.221286726, -0.97520879, -7.90083223e-007, 9.24788713e-006, 2.90862626e-006, -1, 0, 0, 0, 0, 0, 0, 0, 0.296468774, -0.115285132, -0.218259888, -0.28719729, 0.524375216, -0.801568796, -0.94543457, -0.0213623047, 0.324707031, 0.153136157, 0.851178556, 0.502057546, 0, 0, -0, 0, 0, 0, 0, 0.350796094, -0.0560605469, -0.164435156, 0.169772703, 0.516695708, -0.838984142, 0.600341797, -0.729370117, -0.327636719, -0.781456697, -0.447956262, -0.434069743, 0, 1, 1, 1, 
128.394931, 9, 0.1, 0.1, 0.00707652284, 0.359902024, -0.0349735943, 0.975208691, 0.221287162, -3.33923716e-006, 0.221287162, -0.975208691, -2.98297328e-006, -3.91654679e-006, 2.17009116e-006, -1, 0.97520871, 0.221287081, -8.16780765e-006, 0.221287081, -0.97520871, -6.8450219e-006, -9.48003208e-006, 4.86789466e-006, -1, 0, 0, 0, 0, 0, 0, 0, 0.296468774, -0.115285132, -0.218259888, -0.28719729, 0.524375216, -0.801568796, -0.94543457, -0.0213623047, 0.324707031, 0.153136157, 0.851178556, 0.502057546, 0, 0, -0, 0, 0, 0, 0, 0.350796094, -0.0560605469, -0.164435156, 0.169772703, 0.516695708, -0.838984142, 0.600341797, -0.729370117, -0.327636719, -0.781456697, -0.447956262, -0.434069743, 0, 1, 1, 1, 
128.395626, 9, 0.1, 0.1, 0.00707652421, 0.359902025, -0.0349716963, 0.975208611, 0.221287515, -4.43418781e-006, 0.221287515, -0.975208611, -5.65767212e-006, -5.57623035e-006, 4.53618017e-006, -1, 0.975208624, 0.22128746, 5.30137964e-006, 0.22128746, -0.975208624, -1.33612578e-006, 4.87428326e-006, 2.47613022e-006, -1, 0, 0, 0, 0, 0, 0, 0, 0.296468774, -0.115285132, -0.218259888, -0.28719729, 0.524375216, -0.801568796, -0.94543457, -0.0213623047, 0.324707031, 0.153136157, 0.851178556, 0.502057546, 0, 0, -0, 0, 0, 0, 0, 0.350796094, -0.0560605469, -0.164435156, 0.169772703, 0.516695708, -0.838984142, 0.600341797, -0.729370117, -0.327636719, -0.781456697, -0.447956262, -0.434069743, 0, 1, 1, 1, 
128.396325, 9, 0.1, 0.1, 0.00707652337, 0.359902026, -0.034969269, 0.975208579, 0.221287656, 1.28711195e-005, 0.221287656, -0.975208579, 1.28926552e-007, 1.2580556e-005, 2.72248959e-006, -1, 0.975208581, 0.22128765, 6.03527968e-006, 0.22128765, -0.975208581, 7.24034012e-006, 7.48785438e-006, -5.72530896e-006, -1, 0, 0, 0, 0, 0, 0, 0, 0.296468774, -0.115285132, -0.218259888, -0.28719729, 0.524375216, -0.801568796, -0.94543457, -0.0213623047, 0.324707031, 0.153136157, 0.851178556, 0.502057546, 0, 0, -0, 0, 0, 0, 0, 0.350796094, -0.0560605469, -0.164435156, 0.169772703, 0.516695708, -0.838984142, 0.600341797, -0.729370117, -0.327636719, -0.781456697, -0.447956262, -0.434069743, 0, 1, 1, 1, 
128.397025, 9, 0.1, 0.1, 0.00707652187, 0.359902026, -0.034967068, 0.975208579, 0.221287656, -1.31752716e-005, 0.221287656, -0.975208579, 2.57357833e-006, -1.22791367e-005, -5.42530063e-006, -1, 0.97520858, 0.221287655, -1.44604633e-005, 0.221287655, -0.97520858, 5.63617664e-006, -1.28547515e-005, -8.69636982e-006, -1, 0, 0, 0, 0, 0, 0, 0, 0.296468774, -0.115285132, -0.218259888, -0.28719729, 0.524375216, -0.801568796, -0.94543457, -0.0213623047, 0.324707031, 0.153136157, 0.851178556, 0.502057546, 0, 0, -0, 0, 0, 0, 0, 0.350796094, -0.0560605469, -0.164435156, 0.169772703, 0.516695708, -0.838984142, 0.600341797, -0.729370117, -0.327636719, -0.781456697, -0.447956262, -0.434069743, 0, 1, 1, 1, 
128.397721, 9, 0.1, 0.1, 0.00707652367, 0.359902026, -0.0349657461, 0.975208551, 0.221287781, 2.98114894e-006, 0.221287781, -0.975208551, 9.39744695e-006, 4.98678212e-006, -8.50477879e-006, -1, 0.975208561, 0.221287739, 1.03436039e-005, 0.221287739, -0.975208561, 8.29482016e-006, 1.19227131e-005, -5.80026691e-006, -1, 0, 0, 0, 0, 0, 0, 0, 0.296468774, -0.115285132, -0.218259888, -0.28719729, 0.524375216, -0.801568796, -0.94543457, -0.0213623047, 0.324707031, 0.153136157, 0.851178556, 0.502057546, 0, 0, -0, 0, 0, 0, 0, 0.350796094, -0.0560605469, -0.164435156, 0.169772703, 0.516695708, -0.838984142, 0.600341797, -0.729370117, -0.327636719, -0.781456697, -0.447956262, -0.434069743, 0, 1, 1, 1, 
128.398419, 9, 0.1, 0.1, 0.00707652113, 0.359902025, -0.0349656319, 0.975208479, 0.221288098, 5.43747266e-006, 0.221288098, -0.975208479, 5.49123117e-006, 6.51781354e-006, -4.15184722e-006, -1, 0.975208495, 0.221288028, -5.09564413e-006, 0.221288028, -0.975208495, -6.09061859e-006, -6.31709642e-006, 4.81201794e-006, -1, 0, 0, 0, 0, 0, 0, 0, 0.296468774, -0.115285132, -0.218259888, -0.28719729, 0.524375216, -0.801568796, -0.94543457, -0.0213623047, 0.324707031, 0.153136157, 0.851178556, 0.502057546, 0, 0, -0, 0, 0, 0, 0, 0.350796094, -0.0560605469, -0.164435156, 0.169772703, 0.516695708, -0.838984142, 0.600341797, -0.729370117, -0.327636719, -0.781456697, -0.447956262, -0.434069743, 0, 1, 1, 1, 
128.399142, 9, 0.1, 0.1, 0.00707652211, 0.359902024, -0.0349664369, 0.97520842, 0.221288358, -1.04493289e-005, 0.221288358, -0.97520842, -7.82646801e-006, -1.19221798e-005, 5.32012268e-006, -1, 0.975208427, 0.221288329, -4.13155767e-006, 0.221288329, -0.975208427, -9.97163134e-006, -6.23573549e-006, 8.81015342e-006, -1, 0, 0, 0, 0, 0, 0, 0, 0.296818457, -0.116178101, -0.218005518, -0.289012915, 0.524375216, -0.800991047, -0.94519043, -0.0235595703, 0.325561523, 0.151817028, 0.851178556, 0.502583999, 0, 0, -0, 0, 0, 0, 0, 0.351154932, -0.056682666, -0.16396377, 0.168226565, 0.517807279, -0.838619937, 0.6015625, -0.727905273, -0.328735352, -0.780760003, -0.449189601, -0.434031464, 0, 1, 1, 1, 
128.399838, 9, 0.1, 0.1, 0.00707652283, 0.359902025, -0.0349680519, 0.975208418, 0.221288367, 1.34303661e-005, 0.221288367, -0.975208418, -4.22486757e-006, 1.21624921e-005, 7.09211021e-006, -1, 0.975208415, 0.221288381, 1.32782432e-005, 0.221288381, -0.975208415, -1.56087258e-006, 1.26036515e-005, 4.46049701e-006, -1, 0, 0, 0, 0, 0, 0, 0, 0.296818457, -0.116178101, -0.218005518, -0.289012915, 0.524375216, -0.800991047, -0.94519043, -0.0235595703, 0.325561523, 0.151817028, 0.851178556, 0.502583999, 0, 0, -0, 0, 0, 0, 0, 0.351154932, -0.056682666, -0.16396377, 0.168226565, 0.517807279, -0.838619937, 0.6015625, -0.727905273, -0.328735352, -0.780760003, -0.449189601, -0.434031464, 0, 1, 1, 1, 
128.400534, 9, 0.1, 0.1, 0.00707652057, 0.359902025, -0.0349700092, 0.975208436, 0.22128829, -4.57115044e-006, 0.22128829, -0.975208436, -4.46990487e-006, -5.44696208e-006, 3.34754687e-006, -1, 0.975208433, 0.2212883, -1.17763691e-005, 0.2212883, -0.975208433, 1.7865577e-006, -1.10890701e-005, -4.34823884e-006, -1, 0, 0, 0, 0, 0, 0, 0, 0.296818457, -0.116178101, -0.218005518, -0.289012915, 0.524375216, -0.800991047, -0.94519043, -0.0235595703, 0.325561523, 0.151817028, 0.851178556, 0.502583999, 0, 0, -0, 0, 0, 0, 0, 0.351154932, -0.056682666, -0.16396377, 0.168226565, 0.517807279, -0.838619937, 0.6015625, -0.727905273, -0.328735352, -0.780760003, -0.449189601, -0.434031464, 0, 1, 1, 1, 
128.401246, 9, 0.1, 0.1, 0.0070765218, 0.359902026, -0.0349717026, 0.975208416, 0.221288377, -7.31414111e-006, 0.221288377, -0.975208416, 3.45254294e-006, -6.36880434e-006, -4.98548334e-006, -1, 0.975208424, 0.221288342, 2.94834e-006, 0.221288342, -0.975208424, 8.81918083e-006, 4.82682791e-006, -7.94810616e-006, -1, 0, 0, 0, 0, 0, 0, 0, 0.296818457, -0.116178101, -0.218005518, -0.289940384, 0.523347397, -0.801168902, -0.94519043, -0.0255126953, 0.325317383, 0.149862862, 0.851712123, 0.502241393, 0, 0, -0, 0, 0, 0, 0, 0.351154932, -0.056682666, -0.16396377, 0.168226565, 0.517807279, -0.838619937, 0.6015625, -0.727905273, -0.328735352, -0.780760003, -0.449189601, -0.434031464, 0, 1, 1, 1, 
128.401958, 9, 0.1, 0.1, 0.0070765206, 0.359902025, -0.0349723322, 0.975208363, 0.221288611, 8.46978846e-006, 0.221288611, -0.975208363, 8.91894764e-006, 1.02334701e-005, -6.82356459e-006, -1, 0.975208373, 0.221288566, 4.01805117e-006, 0.221288566, -0.975208373, 5.49174785e-006, 5.13369815e-006, -4.4664497e-006, -1, 0, 0, 0, 0, 0, 0, 0, 0.297434839, -0.117121973, -0.217345923, -0.289940384, 0.523347397, -0.801168902, -0.94519043, -0.0255126953, 0.325317383, 0.149862862, 0.851712123, 0.502241393, 0, 0, -0, 0, 0, 0, 0, 0.351615088, -0.0573777832, -0.163307471, 0.168124487, 0.517813476, -0.838703059, 0.602905273, -0.727172852, -0.328125, -0.779788791, -0.450416376, -0.434408428, 0, 1, 1, 1, 
128.402651, 9, 0.1, 0.1, 0.00707651976, 0.359902025, -0.0349721191, 0.975208332, 0.221288747, -9.89049795e-006, 0.221288747, -0.975208332, 3.22100197e-006, -8.93252452e-006, -5.32980385e-006, -1, 0.975208334, 0.221288735, -8.94537081e-006, 0.221288735, -0.975208334, -4.2527083e-006, -9.66467661e-006, 2.16776678e-006, -1, 0, 0, 0, 0, 0, 0, 0, 0.297434839, -0.117121973, -0.217345923, -0.289940384, 0.523347397, -0.801168902, -0.94519043, -0.0255126953, 0.325317383, 0.149862862, 0.851712123, 0.502241393, 0, 0, -0, 0, 0, 0, 0, 0.351615088, -0.0573777832, -0.163307471, 0.168124487, 0.517813476, -0.838703059, 0.602905273, -0.727172852, -0.328125, -0.779788791, -0.450416376, -0.434408428, 0, 1, 1, 1, 
128.403351, 9, 0.1, 0.1, 0.00707652183, 0.359902025, -0.0349711574, 0.975208345, 0.221288689, 6.33131316e-006, 0.221288689, -0.975208345, -1.37600163e-006, 5.86985583e-006, 2.74293626e-006, -1, 0.97520834, 0.22128871, 1.27278102e-005, 0.22128871, -0.97520834, -2.69906469e-006, 1.18149942e-005, 5.44867111e-006, -1, 0, 0, 0, 0, 0, 0, 0, 0.297434839, -0.117121973, -0.217345923, -0.289940384, 0.523347397, -0.801168902, -0.94519043, -0.0255126953, 0.325317383, 0.149862862, 0.851712123, 0.502241393, 0, 0, -0, 0, 0, 0, 0, 0.351615088, -0.0573777832, -0.163307471, 0.168124487, 0.517813476, -0.838703059, 0.602905273, -0.727172852, -0.328125, -0.779788791, -0.450416376, -0.434408428, 0, 1, 1, 1, 
128.404046, 9, 0.1, 0.1, 0.00707651992, 0.359902025, -0.0349698166, 0.975208363, 0.221288609, 8.0835583e-006, 0.221288609, -0.975208363, -4.34337276e-006, 6.92201474e-006, 6.02449281e-006, -1, 0.975208363, 0.221288611, -3.10128295e-006, 0.221288611, -0.975208363, -4.45159678e-006, -4.00948473e-006, 3.65495581e-006, -1, 0, 0, 0, 0, 0, 0, 0, 0.297434839, -0.117121973, -0.217345923, -0.289940384, 0.523347397, -0.801168902, -0.94519043, -0.0255126953, 0.325317383, 0.149862862, 0.851712123, 0.502241393, 0, 0, -0, 0, 0, 0, 0, 0.351615088, -0.0573777832, -0.163307471, 0.168124487, 0.517813476, -0.838703059, 0.602905273, -0.727172852, -0.328125, -0.779788791, -0.450416376, -0.434408428, 0, 1, 1, 1, 
128.404743, 9, 0.1, 0.1, 0.00707652014, 0.359902026, -0.0349685024, 0.975208338, 0.221288718, -1.09417969e-005, 0.221288718, -0.975208338, -7.03570606e-006, -1.22274539e-005, 4.43998302e-006, -1, 0.975208348, 0.221288677, -7.60033318e-006, 0.221288677, -0.975208348, 2.61930871e-006, -6.832285e-006, -4.23623939e-006, -1, 0, 0, 0, 0, 0, 0, 0, 0.297434839, -0.117121973, -0.217345923, -0.289940384, 0.523347397, -0.801168902, -0.94519043, -0.0255126953, 0.325317383, 0.149862862, 0.851712123, 0.502241393, 0, 0, -0, 0, 0, 0, 0, 0.351615088, -0.0573777832, -0.163307471, 0.168124487, 0.517813476, -0.838703059, 0.602905273, -0.727172852, -0.328125, -0.779788791, -0.450416376, -0.434408428, 0, 1, 1, 1, 
128.40553, 9, 0.1, 0.1, 0.00707652164, 0.359902027, -0.0349664536, 0.97520828, 0.221288977, 1.37415409e-005, 0.221288977, -0.97520828, 8.95654382e-006, 1.53828489e-005, -5.69364418e-006, -1, 0.975208289, 0.221288935, 1.40425377e-005, 0.221288935, -0.975208289, 1.24322856e-005, 1.64455265e-005, -9.01660978e-006, -1, 0, 0, 0, 0, 0, 0, 0, 0.297434839, -0.117121973, -0.217345923, -0.289940384, 0.523347397, -0.801168902, -0.94519043, -0.0255126953, 0.325317383, 0.149862862, 0.851712123, 0.502241393, 0, 0, -0, 0, 0, 0, 0, 0.351615088, -0.0573777832, -0.163307471, 0.168124487, 0.517813476, -0.838703059, 0.602905273, -0.727172852, -0.328125, -0.779788791, -0.450416376, -0.434408428, 0, 1, 1, 1, 
