time, trialNum, realDorsalTactorPos, realVentralTactorPos, boxPosX, boxPosY, boxPosZ, boxLocalRot_11, boxLocalRot_12, boxLocalRot_13, boxLocalRot_21, boxLocalRot_22, boxLocalRot_23, boxLocalRot_31, boxLocalRot_32, boxLocalRot_33, boxGlobalRot_11, boxGlobalRot_12, boxGlobalRot_13, boxGlobalRot_21, boxGlobalRot_22, boxGlobalRot_23, boxGlobalRot_31, boxGlobalRot_32, boxGlobalRot_33, indexForceX, indexForceY, indexForceZ, indexForceGlobalX, indexForceGlobalY, indexForceGlobalZ, indexContact, indexPosX, indexPosY, indexPosZ, indexRot_11, indexRot_12, indexRot_13, indexRot_21, indexRot_22, indexRot_23, indexRot_31, indexRot_32, indexRot_33, thumbForceX, thumbForceY, thumbForceZ, thumbForceGlobalX, thumbForceGlobalY, thumbForceGlobalZ, thumbContact, thumbPosX, thumbPosY, thumbPosZ, thumbRot_11, thumbRot_12, thumbRot_13, thumbRot_21, thumbRot_22, thumbRot_23, thumbRot_31, thumbRot_32, thumbRot_33, manipForceTooHigh, cceExpType, mapping, trialSuccess, 
111.549972, 6, 0.1, 0.1, 0.0192650286, 0.370226585, -0.0349688062, 0.880511648, -0.474024512, 1.3781098e-008, 0.474024512, 0.880511648, 8.29044188e-006, -3.94200709e-006, -7.29329807e-006, 1, 0.880511653, -0.474024502, 6.10628668e-006, 0.474024502, 0.880511653, 8.65200031e-006, -9.47791672e-006, -4.72365759e-006, 1, 0, 0, 0, 0, 0, 0, 0, 0.324300684, -0.176063574, -0.20447832, -0.253588655, 0.402564283, -0.87955221, -0.920166016, 0.179931641, 0.34765625, 0.298224456, 0.897538146, 0.32494247, 0, 0, -0, 0, 0, 0, 0, 0.401161182, -0.123593896, -0.164973926, 0.313988236, 0.184326689, -0.931306522, 0.384887695, -0.921386719, -0.0526123047, -0.867807255, -0.34185828, -0.360308174, 0, 1, 1, 1, 
111.587615, 6, 0.1, 0.1, 0.0192650499, 0.370226621, -0.0349889563, 0.880523361, -0.474002754, 3.26752373e-006, 0.474002754, 0.880523361, -4.10460576e-006, -9.31536542e-007, 5.1630165e-006, 1, 0.880523425, -0.474002636, 3.43896282e-006, 0.474002636, 0.880523425, -9.68823503e-006, 1.56416162e-006, 1.01607953e-005, 1, 0, 0, 0, 0, 0, 0, 0, 0.326569458, -0.180394141, -0.20145105, -0.257124424, 0.405216766, -0.877266298, -0.919799805, 0.17565918, 0.350708008, 0.296189036, 0.897118034, 0.327670215, 0, 0, -0, 0, 0, 0, 0, 0.403532471, -0.127046631, -0.162298926, 0.308583133, 0.188938484, -0.932194246, 0.39465332, -0.917114258, -0.0552978516, -0.865429529, -0.350702006, -0.357701138, 0, 1, 1, 1, 
111.588323, 6, 0.1, 0.1, 0.0192650498, 0.37022662, -0.0349796042, 0.880523038, -0.474003354, 3.10542406e-006, 0.474003354, 0.880523038, 2.22043338e-007, -2.83964672e-006, 1.27646715e-006, 1, 0.880523099, -0.47400324, 2.0015793e-007, 0.47400324, 0.880523099, 5.77525384e-006, -2.91373272e-006, -4.9903689e-006, 1, 0, 0, 0, 0, 0, 0, 0, 0.326569458, -0.180394141, -0.20145105, -0.257124424, 0.405216766, -0.877266298, -0.919799805, 0.17565918, 0.350708008, 0.296189036, 0.897118034, 0.327670215, 0, 0, -0, 0, 0, 0, 0, 0.403532471, -0.127046631, -0.162298926, 0.308583133, 0.188938484, -0.932194246, 0.39465332, -0.917114258, -0.0552978516, -0.865429529, -0.350702006, -0.357701138, 0, 1, 1, 1, 
111.589059, 6, 0.1, 0.1, 0.0192650491, 0.37022662, -0.0349673689, 0.880522771, -0.474003851, -1.43003296e-006, 0.474003851, 0.880522771, -2.31425484e-006, 2.35614229e-006, 1.35991296e-006, 1, 0.880522822, -0.474003754, 2.8789142e-006, 0.474003754, 0.880522822, 3.11796138e-006, -4.01287505e-006, -1.38082002e-006, 1, 0, 0, 0, 0, 0, 0, 0, 0.326326294, -0.178900757, -0.202636938, -0.261764396, 0.408250048, -0.874440829, -0.919189453, 0.170776367, 0.354858398, 0.294204913, 0.896761202, 0.330683279, 0, 0, -0, 0, 0, 0, 0, 0.403295166, -0.126249951, -0.163184326, 0.305036967, 0.191474791, -0.932800888, 0.397094727, -0.915893555, -0.0582275391, -0.86555676, -0.352644799, -0.355432787, 0, 1, 1, 1, 
111.589758, 6, 0.1, 0.1, 0.0192650488, 0.37022662, -0.0349573656, 0.88052255, -0.474004261, -3.72185449e-006, 0.474004261, 0.88052255, 2.04516667e-006, 2.30775909e-006, -3.56499025e-006, 1, 0.880522592, -0.474004183, -2.01062408e-006, 0.474004183, 0.880522592, -1.68288069e-006, 2.56809241e-006, 5.28770243e-007, 1, 0, 0, 0, 0, 0, 0, 0, 0.326326294, -0.178900757, -0.202636938, -0.261764396, 0.408250048, -0.874440829, -0.919189453, 0.170776367, 0.354858398, 0.294204913, 0.896761202, 0.330683279, 0, 0, -0, 0, 0, 0, 0, 0.403295166, -0.126249951, -0.163184326, 0.305036967, 0.191474791, -0.932800888, 0.397094727, -0.915893555, -0.0582275391, -0.86555676, -0.352644799, -0.355432787, 0, 1, 1, 1, 
111.590469, 6, 0.1, 0.1, 0.019265048, 0.370226619, -0.0349517268, 0.880522356, -0.47400462, 5.10158956e-006, 0.47400462, 0.880522356, 1.89850727e-006, -5.39196488e-006, 7.46498929e-007, 1, 0.880522391, -0.474004556, -4.69778779e-006, 0.474004556, 0.880522391, 1.8477306e-006, 3.26067462e-006, -3.85374098e-006, 1, 0, 0, 0, 0, 0, 0, 0, 0.326326294, -0.178900757, -0.202636938, -0.261764396, 0.408250048, -0.874440829, -0.919189453, 0.170776367, 0.354858398, 0.294204913, 0.896761202, 0.330683279, 0, 0, -0, 0, 0, 0, 0, 0.403295166, -0.126249951, -0.163184326, 0.305036967, 0.191474791, -0.932800888, 0.397094727, -0.915893555, -0.0582275391, -0.86555676, -0.352644799, -0.355432787, 0, 1, 1, 1, 
111.59117, 6, 0.1, 0.1, 0.0192650477, 0.370226619, -0.0349516167, 0.880522187, -0.474004935, 2.20998875e-006, 0.474004935, 0.880522187, 3.74539277e-006, -3.72127878e-006, -2.25035585e-006, 1, 0.880522219, -0.474004876, 4.41983447e-006, 0.474004876, 0.880522219, 4.11066004e-007, -4.08660974e-006, 1.73307034e-006, 1, 0, 0, 0, 0, 0, 0, 0, 0.326326294, -0.178900757, -0.202636938, -0.261764396, 0.408250048, -0.874440829, -0.919189453, 0.170776367, 0.354858398, 0.294204913, 0.896761202, 0.330683279, 0, 0, -0, 0, 0, 0, 0, 0.403295166, -0.126249951, -0.163184326, 0.305036967, 0.191474791, -0.932800888, 0.397094727, -0.915893555, -0.0582275391, -0.86555676, -0.352644799, -0.355432787, 0, 1, 1, 1, 
111.591875, 6, 0.1, 0.1, 0.0192650478, 0.37022662, -0.0349567141, 0.880522035, -0.474005217, -3.05630254e-006, 0.474005217, 0.880522035, -5.73862675e-006, 5.41128075e-006, 3.60428396e-006, 1, 0.880522065, -0.474005162, 1.78850051e-006, 0.474005162, 0.880522065, 1.51317424e-006, -2.29206656e-006, -4.84624832e-007, 1, 0, 0, 0, 0, 0, 0, 0, 0.326326294, -0.178900757, -0.202636938, -0.261764396, 0.408250048, -0.874440829, -0.919189453, 0.170776367, 0.354858398, 0.294204913, 0.896761202, 0.330683279, 0, 0, -0, 0, 0, 0, 0, 0.403295166, -0.126249951, -0.163184326, 0.305036967, 0.191474791, -0.932800888, 0.397094727, -0.915893555, -0.0582275391, -0.86555676, -0.352644799, -0.355432787, 0, 1, 1, 1, 
111.592574, 6, 0.1, 0.1, 0.0192650491, 0.370226619, -0.0349650965, 0.880521899, -0.474005469, -2.86522896e-006, 0.474005469, 0.880521899, -2.54662304e-006, 3.7300101e-006, 8.8422316e-007, 1, 0.880521929, -0.474005414, -7.80128561e-006, 0.474005414, 0.880521929, 6.01253331e-006, 4.01922972e-006, -8.99201904e-006, 1, 0, 0, 0, 0, 0, 0, 0, 0.326326294, -0.178900757, -0.202636938, -0.261764396, 0.408250048, -0.874440829, -0.919189453, 0.170776367, 0.354858398, 0.294204913, 0.896761202, 0.330683279, 0, 0, -0, 0, 0, 0, 0, 0.403295166, -0.126249951, -0.163184326, 0.305036967, 0.191474791, -0.932800888, 0.397094727, -0.915893555, -0.0582275391, -0.86555676, -0.352644799, -0.355432787, 0, 1, 1, 1, 
111.593292, 6, 0.1, 0.1, 0.0192650485, 0.370226618, -0.0349740412, 0.880521729, -0.474005785, 1.7764111e-006, 0.474005785, 0.880521729, 4.03996008e-006, -3.47913303e-006, -2.7152435e-006, 1, 0.880521763, -0.474005722, -4.28176718e-006, 0.474005722, 0.880521763, 4.41277757e-006, 1.67850737e-006, -5.91512883e-006, 1, 0, 0, 0, 0, 0, 0, 0, 0.326326294, -0.178900757, -0.202636938, -0.264264111, 0.41102909, -0.872409157, -0.91796875, 0.170043945, 0.358154297, 0.295589564, 0.895579493, 0.332586149, 0, 0, -0, 0, 0, 0, 0, 0.403295166, -0.126249951, -0.163184326, 0.305036967, 0.191474791, -0.932800888, 0.397094727, -0.915893555, -0.0582275391, -0.86555676, -0.352644799, -0.355432787, 0, 1, 1, 1, 
111.594006, 6, 0.1, 0.1, 0.019265047, 0.370226619, -0.0349804737, 0.880521612, -0.474006002, -3.3279008e-007, 0.474006002, 0.880521612, 7.82284825e-006, -3.41504817e-006, -7.04593145e-006, 1, 0.880521636, -0.474005959, 3.6418163e-006, 0.474005959, 0.880521636, 5.59256303e-007, -3.47178887e-006, 1.23380536e-006, 1, 0, 0, 0, 0, 0, 0, 0, 0.325756274, -0.178762329, -0.203420288, -0.264264111, 0.41102909, -0.872409157, -0.91796875, 0.170043945, 0.358154297, 0.295589564, 0.895579493, 0.332586149, 0, 0, -0, 0, 0, 0, 0, 0.402865869, -0.126368701, -0.164073145, 0.302174368, 0.193078531, -0.93338201, 0.397583008, -0.915527344, -0.0606689453, -0.866348602, -0.352721724, -0.353407239, 0, 1, 1, 1, 
111.594709, 6, 0.1, 0.1, 0.0192650497, 0.370226618, -0.0349830439, 0.880521458, -0.474006288, -2.98427498e-006, 0.474006288, 0.880521458, -5.73210172e-006, 5.34477042e-006, 3.63267346e-006, 1, 0.880521492, -0.474006226, -9.90148848e-006, 0.474006226, 0.880521492, -1.4011471e-007, 8.78488865e-006, -4.56999317e-006, 1, 0, 0, 0, 0, 0, 0, 0, 0.325756274, -0.178762329, -0.203420288, -0.264264111, 0.41102909, -0.872409157, -0.91796875, 0.170043945, 0.358154297, 0.295589564, 0.895579493, 0.332586149, 0, 0, -0, 0, 0, 0, 0, 0.402865869, -0.126368701, -0.164073145, 0.302174368, 0.193078531, -0.93338201, 0.397583008, -0.915527344, -0.0606689453, -0.866348602, -0.352721724, -0.353407239, 0, 1, 1, 1, 
111.595417, 6, 0.1, 0.1, 0.0192650482, 0.37022662, -0.0349813808, 0.880521265, -0.474006647, -7.57286367e-006, 0.474006647, 0.880521265, 2.09890622e-006, 5.673172e-006, -5.43771928e-006, 1, 0.880521306, -0.474006572, 2.60699662e-006, 0.474006572, 0.880521306, -2.44378323e-006, -1.13714676e-006, 3.38753673e-006, 1, 0, 0, 0, 0, 0, 0, 0, 0.325756274, -0.178762329, -0.203420288, -0.264264111, 0.41102909, -0.872409157, -0.91796875, 0.170043945, 0.358154297, 0.295589564, 0.895579493, 0.332586149, 0, 0, -0, 0, 0, 0, 0, 0.402865869, -0.126368701, -0.164073145, 0.302174368, 0.193078531, -0.93338201, 0.397583008, -0.915527344, -0.0606689453, -0.866348602, -0.352721724, -0.353407239, 0, 1, 1, 1, 
111.596142, 6, 0.1, 0.1, 0.0192650484, 0.370226618, -0.0349758821, 0.880521091, -0.474006971, 1.26866176e-005, 0.474006971, 0.880521091, 1.12024812e-006, -1.17018398e-005, 5.02714309e-006, 1, 0.880521122, -0.474006913, 7.71260217e-006, 0.474006913, 0.880521122, 2.0149872e-006, -7.74622698e-006, 1.88158795e-006, 1, 0, 0, 0, 0, 0, 0, 0, 0.325789478, -0.178945532, -0.202964404, -0.263623082, 0.41183487, -0.872275485, -0.91809082, 0.170043945, 0.357788086, 0.295735219, 0.895204686, 0.333430121, 0, 0, -0, 0, 0, 0, 0, 0.4029125, -0.126562158, -0.16340708, 0.302743097, 0.193589657, -0.933171289, 0.397949219, -0.915283203, -0.0607910156, -0.865920599, -0.352913488, -0.35424429, 0, 1, 1, 1, 
111.596842, 6, 0.1, 0.1, 0.0192650488, 0.370226619, -0.0349689257, 0.880520919, -0.474007291, -8.7528919e-006, 0.474007291, 0.880520919, -4.38019235e-006, 9.78334753e-006, -2.92083589e-007, 1, 0.880520956, -0.474007222, -9.06651923e-006, 0.474007222, 0.880520956, -5.89760972e-006, 1.07787698e-005, 8.95373355e-007, 1, 0, 0, 0, 0, 0, 0, 0, 0.325789478, -0.178945532, -0.202964404, -0.263623082, 0.41183487, -0.872275485, -0.91809082, 0.170043945, 0.357788086, 0.295735219, 0.895204686, 0.333430121, 0, 0, -0, 0, 0, 0, 0, 0.4029125, -0.126562158, -0.16340708, 0.302743097, 0.193589657, -0.933171289, 0.397949219, -0.915283203, -0.0607910156, -0.865920599, -0.352913488, -0.35424429, 0, 1, 1, 1, 
111.597544, 6, 0.1, 0.1, 0.019265046, 0.370226617, -0.0349626415, 0.88052071, -0.474007679, 4.76762131e-006, 0.474007679, 0.88052071, 3.34036495e-006, -5.78134794e-006, -6.81371405e-007, 1, 0.880520754, -0.474007597, 9.3471565e-006, 0.474007596, 0.880520754, 1.20543439e-005, -1.39442159e-005, -6.18347678e-006, 1, 0, 0, 0, 0, 0, 0, 0, 0.325789478, -0.178945532, -0.202964404, -0.263623082, 0.41183487, -0.872275485, -0.91809082, 0.170043945, 0.357788086, 0.295735219, 0.895204686, 0.333430121, 0, 0, -0, 0, 0, 0, 0, 0.4029125, -0.126562158, -0.16340708, 0.302743097, 0.193589657, -0.933171289, 0.397949219, -0.915283203, -0.0607910156, -0.865920599, -0.352913488, -0.35424429, 0, 1, 1, 1, 
111.598239, 6, 0.1, 0.1, 0.0192650472, 0.370226621, -0.0349588257, 0.880520508, -0.474008053, 6.41480549e-008, 0.474008053, 0.880520508, 1.48202008e-005, -7.08137821e-006, -1.30190841e-005, 1, 0.880520544, -0.474007986, -5.32941104e-006, 0.474007986, 0.880520544, -6.7912114e-006, 7.91174435e-006, 3.45361776e-006, 1, 0, 0, 0, 0, 0, 0, 0, 0.325789478, -0.178945532, -0.202964404, -0.263623082, 0.41183487, -0.872275485, -0.91809082, 0.170043945, 0.357788086, 0.295735219, 0.895204686, 0.333430121, 0, 0, -0, 0, 0, 0, 0, 0.4029125, -0.126562158, -0.16340708, 0.302743097, 0.193589657, -0.933171289, 0.397949219, -0.915283203, -0.0607910156, -0.865920599, -0.352913488, -0.35424429, 0, 1, 1, 1, 
111.598943, 6, 0.1, 0.1, 0.0192650476, 0.370226617, -0.0349583497, 0.880520333, -0.47400838, -8.93984359e-006, 0.47400838, 0.880520333, -1.34791017e-005, 1.42609212e-005, 7.63106232e-006, 1, 0.880520366, -0.474008317, -6.51119193e-006, 0.474008317, 0.880520366, -4.00994894e-006, 7.63398625e-006, 4.44482575e-007, 1, 0, 0, 0, 0, 0, 0, 0, 0.325789478, -0.178945532, -0.202964404, -0.263623082, 0.41183487, -0.872275485, -0.91809082, 0.170043945, 0.357788086, 0.295735219, 0.895204686, 0.333430121, 0, 0, -0, 0, 0, 0, 0, 0.4029125, -0.126562158, -0.16340708, 0.302743097, 0.193589657, -0.933171289, 0.397949219, -0.915283203, -0.0607910156, -0.865920599, -0.352913488, -0.35424429, 0, 1, 1, 1, 
111.599643, 6, 0.1, 0.1, 0.0192650446, 0.370226618, -0.0349611993, 0.880520205, -0.474008616, 1.9604528e-005, 0.474008616, 0.880520205, 3.38519139e-006, -1.88667929e-005, 6.31198576e-006, 1, 0.880520222, -0.474008584, 1.96453943e-005, 0.474008584, 0.880520223, 3.14785066e-006, -1.87902752e-005, 6.54033938e-006, 1, 0, 0, 0, 0, 0, 0, 0, 0.325789478, -0.178945532, -0.202964404, -0.263623082, 0.41183487, -0.872275485, -0.91809082, 0.170043945, 0.357788086, 0.295735219, 0.895204686, 0.333430121, 0, 0, -0, 0, 0, 0, 0, 0.4029125, -0.126562158, -0.16340708, 0.302743097, 0.193589657, -0.933171289, 0.397949219, -0.915283203, -0.0607910156, -0.865920599, -0.352913488, -0.35424429, 0, 1, 1, 1, 
111.600348, 6, 0.1, 0.1, 0.0192650444, 0.370226619, -0.0349663377, 0.88052008, -0.474008849, -1.64763048e-006, 0.474008849, 0.88052008, 1.89506689e-007, 1.36094387e-006, -9.47855871e-007, 1, 0.880520109, -0.474008796, -4.34051466e-006, 0.474008796, 0.880520109, -8.43290607e-006, 7.81918209e-006, 5.36790124e-006, 1, 0, 0, 0, 0, 0, 0, 0, 0.325789478, -0.178945532, -0.202964404, -0.263623082, 0.41183487, -0.872275485, -0.91809082, 0.170043945, 0.357788086, 0.295735219, 0.895204686, 0.333430121, 0, 0, -0, 0, 0, 0, 0, 0.4029125, -0.126562158, -0.16340708, 0.302743097, 0.193589657, -0.933171289, 0.397949219, -0.915283203, -0.0607910156, -0.865920599, -0.352913488, -0.35424429, 0, 1, 1, 1, 
111.601074, 6, 0.1, 0.1, 0.0192650404, 0.370226618, -0.034971891, 0.880519993, -0.474009011, -5.78290832e-007, 0.474009011, 0.880519993, 1.7941241e-007, 4.2415354e-007, -4.32091279e-007, 1, 0.880520011, -0.474008976, 8.79204817e-006, 0.474008976, 0.880520011, 5.20791878e-006, -1.02101746e-005, -4.18166952e-007, 1, 0, 0, 0, 0, 0, 0, 0, 0.325866748, -0.179422534, -0.202107324, -0.262118985, 0.411232033, -0.872954706, -0.918457031, 0.171020508, 0.356445313, 0.295867769, 0.895300166, 0.333043331, 0, 0, -0, 0, 0, 0, 0, 0.402743945, -0.127028174, -0.162735889, 0.303618428, 0.193001972, -0.932998848, 0.396972656, -0.915771484, -0.0601806641, -0.866074083, -0.351993314, -0.354717137, 0, 1, 1, 1, 
111.601776, 6, 0.1, 0.1, 0.0192650397, 0.370226618, -0.0349760584, 0.880519893, -0.474009195, 1.00866866e-005, 0.474009195, 0.880519893, 1.03618726e-006, -9.37269048e-006, 3.8687987e-006, 1, 0.880519907, -0.474009171, 5.02573802e-006, 0.474009171, 0.880519907, 2.9588288e-006, -5.82777436e-006, -2.23061743e-007, 1, 0, 0, 0, 0, 0, 0, 0, 0.325866748, -0.179422534, -0.202107324, -0.262118985, 0.411232033, -0.872954706, -0.918457031, 0.171020508, 0.356445313, 0.295867769, 0.895300166, 0.333043331, 0, 0, -0, 0, 0, 0, 0, 0.402743945, -0.127028174, -0.162735889, 0.303618428, 0.193001972, -0.932998848, 0.396972656, -0.915771484, -0.0601806641, -0.866074083, -0.351993314, -0.354717137, 0, 1, 1, 1, 
111.602477, 6, 0.1, 0.1, 0.0192650398, 0.37022662, -0.0349780082, 0.880519813, -0.474009344, -6.92334346e-006, 0.474009344, 0.880519813, -7.88941955e-006, 9.83579968e-006, 3.66506074e-006, 1, 0.880519832, -0.474009309, -6.71311811e-006, 0.474009309, 0.880519832, -7.89493987e-006, 9.65330862e-006, 3.76957065e-006, 1, 0, 0, 0, 0, 0, 0, 0, 0.325866748, -0.179422534, -0.202107324, -0.262118985, 0.411232033, -0.872954706, -0.918457031, 0.171020508, 0.356445313, 0.295867769, 0.895300166, 0.333043331, 0, 0, -0, 0, 0, 0, 0, 0.402743945, -0.127028174, -0.162735889, 0.303618428, 0.193001972, -0.932998848, 0.396972656, -0.915771484, -0.0601806641, -0.866074083, -0.351993314, -0.354717137, 0, 1, 1, 1, 
111.603172, 6, 0.1, 0.1, 0.0192650391, 0.37022662, -0.034977332, 0.880519748, -0.474009465, -6.40218375e-007, 0.474009465, 0.880519748, 2.96315924e-007, 4.23268369e-007, -5.64381592e-007, 1, 0.880519758, -0.474009446, 5.51287529e-006, 0.474009446, 0.880519758, -1.03308582e-006, -4.36450319e-006, 3.52280744e-006, 1, 0, 0, 0, 0, 0, 0, 0, 0.325866748, -0.179422534, -0.202107324, -0.262118985, 0.411232033, -0.872954706, -0.918457031, 0.171020508, 0.356445313, 0.295867769, 0.895300166, 0.333043331, 0, 0, -0, 0, 0, 0, 0, 0.402743945, -0.127028174, -0.162735889, 0.303618428, 0.193001972, -0.932998848, 0.396972656, -0.915771484, -0.0601806641, -0.866074083, -0.351993314, -0.354717137, 0, 1, 1, 1, 
111.603874, 6, 0.1, 0.1, 0.0192650388, 0.370226621, -0.034974357, 0.880519699, -0.474009557, -3.70236964e-006, 0.474009557, 0.880519699, -7.02866888e-007, 3.59317502e-006, -1.13607045e-006, 1, 0.880519708, -0.47400954, -3.35909542e-006, 0.47400954, 0.880519708, -5.78738265e-007, 3.23207718e-006, -1.08265283e-006, 1, 0, 0, 0, 0, 0, 0, 0, 0.325866748, -0.179422534, -0.202107324, -0.262118985, 0.411232033, -0.872954706, -0.918457031, 0.171020508, 0.356445313, 0.295867769, 0.895300166, 0.333043331, 0, 0, -0, 0, 0, 0, 0, 0.402743945, -0.127028174, -0.162735889, 0.303618428, 0.193001972, -0.932998848, 0.396972656, -0.915771484, -0.0601806641, -0.866074083, -0.351993314, -0.354717137, 0, 1, 1, 1, 
111.604571, 6, 0.1, 0.1, 0.019265039, 0.370226621, -0.0349701973, 0.880519653, -0.474009642, 1.24692306e-006, 0.474009642, 0.880519653, -2.24219274e-006, -3.51192775e-008, 2.56534833e-006, 1, 0.880519662, -0.474009626, -5.82486403e-006, 0.474009626, 0.880519662, -2.778414e-007, 5.2606068e-006, -2.5163968e-006, 1, 0, 0, 0, 0, 0, 0, 0, 0.325866748, -0.179422534, -0.202107324, -0.262118985, 0.411232033, -0.872954706, -0.918457031, 0.171020508, 0.356445313, 0.295867769, 0.895300166, 0.333043331, 0, 0, -0, 0, 0, 0, 0, 0.402743945, -0.127028174, -0.162735889, 0.303618428, 0.193001972, -0.932998848, 0.396972656, -0.915771484, -0.0601806641, -0.866074083, -0.351993314, -0.354717137, 0, 1, 1, 1, 
111.605272, 6, 0.1, 0.1, 0.0192650386, 0.370226621, -0.0349661073, 0.880519611, -0.47400972, -1.88322481e-006, 0.47400972, 0.880519611, -2.00028742e-006, 2.60637206e-006, 8.68625441e-007, 1, 0.880519619, -0.474009705, -1.40598262e-006, 0.474009705, 0.880519619, -2.23603365e-006, 2.29789693e-006, 1.3024221e-006, 1, 0, 0, 0, 0, 0, 0, 0, 0.325866748, -0.179422534, -0.202107324, -0.262118985, 0.411232033, -0.872954706, -0.918457031, 0.171020508, 0.356445313, 0.295867769, 0.895300166, 0.333043331, 0, 0, -0, 0, 0, 0, 0, 0.402743945, -0.127028174, -0.162735889, 0.303618428, 0.193001972, -0.932998848, 0.396972656, -0.915771484, -0.0601806641, -0.866074083, -0.351993314, -0.354717137, 0, 1, 1, 1, 
111.606023, 6, 0.1, 0.1, 0.0192650388, 0.37022662, -0.0349624666, 0.880519569, -0.474009798, -7.01262027e-007, 0.474009798, 0.880519569, 6.34960812e-006, -2.39230152e-006, -5.92335927e-006, 1, 0.880519577, -0.474009784, -3.36158269e-006, 0.474009784, 0.880519577, -2.64817112e-006, 4.21519838e-006, 7.38343432e-007, 1, 0, 0, 0, 0, 0, 0, 0, 0.325899219, -0.180128882, -0.201465308, -0.261522139, 0.410508628, -0.873450081, -0.918457031, 0.172119141, 0.355957031, 0.29651479, 0.895414742, 0.332256647, 0, 0, -0, 0, 0, 0, 0, 0.402733936, -0.127522754, -0.162069336, 0.303509786, 0.192260803, -0.933158529, 0.396606445, -0.915893555, -0.0596923828, -0.866208244, -0.351948472, -0.354365692, 0, 1, 1, 1, 
111.606726, 6, 0.1, 0.1, 0.0192650391, 0.37022662, -0.0349612197, 0.880519533, -0.474009864, -7.94984422e-008, 0.474009864, 0.880519533, 4.38343901e-006, -2.0077934e-006, -3.89738672e-006, 1, 0.88051954, -0.474009852, -3.13980244e-007, 0.474009852, 0.88051954, 4.91002657e-006, -2.05093523e-006, -4.47220406e-006, 1, 0, 0, 0, 0, 0, 0, 0, 0.325899219, -0.180128882, -0.201465308, -0.261522139, 0.410508628, -0.873450081, -0.918457031, 0.172119141, 0.355957031, 0.29651479, 0.895414742, 0.332256647, 0, 0, -0, 0, 0, 0, 0, 0.402733936, -0.127522754, -0.162069336, 0.303509786, 0.192260803, -0.933158529, 0.396606445, -0.915893555, -0.0596923828, -0.866208244, -0.351948472, -0.354365692, 0, 1, 1, 1, 
111.607429, 6, 0.1, 0.1, 0.0192650391, 0.370226621, -0.0349624743, 0.8805195, -0.474009926, -9.60982934e-007, 0.474009926, 0.8805195, -7.08228628e-006, 4.2032382e-006, 5.78057572e-006, 1, 0.880519507, -0.474009914, 1.46556115e-006, 0.474009914, 0.880519507, 2.57215842e-006, -2.50968378e-006, -1.57014515e-006, 1, 0, 0, 0, 0, 0, 0, 0, 0.325899219, -0.180128882, -0.201465308, -0.261522139, 0.410508628, -0.873450081, -0.918457031, 0.172119141, 0.355957031, 0.29651479, 0.895414742, 0.332256647, 0, 0, -0, 0, 0, 0, 0, 0.402733936, -0.127522754, -0.162069336, 0.303509786, 0.192260803, -0.933158529, 0.396606445, -0.915893555, -0.0596923828, -0.866208244, -0.351948472, -0.354365692, 0, 1, 1, 1, 
111.608123, 6, 0.1, 0.1, 0.0192650386, 0.370226622, -0.0349656754, 0.88051947, -0.474009982, -2.00941454e-007, 0.474009982, 0.88051947, -7.18696529e-006, 3.58362615e-006, 6.23301462e-006, 1, 0.880519476, -0.474009971, -2.11631276e-007, 0.474009971, 0.880519476, -7.26717567e-006, 3.63105919e-006, 6.29857438e-006, 1, 0, 0, 0, 0, 0, 0, 0, 0.325899219, -0.180128882, -0.201465308, -0.261522139, 0.410508628, -0.873450081, -0.918457031, 0.172119141, 0.355957031, 0.29651479, 0.895414742, 0.332256647, 0, 0, -0, 0, 0, 0, 0, 0.402733936, -0.127522754, -0.162069336, 0.303509786, 0.192260803, -0.933158529, 0.396606445, -0.915893555, -0.0596923828, -0.866208244, -0.351948472, -0.354365692, 0, 1, 1, 1, 
111.608833, 6, 0.1, 0.1, 0.0192650379, 0.370226623, -0.0349696892, 0.880519442, -0.474010034, 1.31246897e-006, 0.474010034, 0.880519442, 1.78784985e-006, -2.00311322e-006, -9.52113089e-007, 1, 0.880519447, -0.474010025, -5.16557303e-007, 0.474010025, 0.880519447, -5.49597589e-006, 3.05998642e-006, 4.59446031e-006, 1, 0, 0, 0, 0, 0, 0, 0, 0.325899219, -0.180128882, -0.201465308, -0.261522139, 0.410508628, -0.873450081, -0.918457031, 0.172119141, 0.355957031, 0.29651479, 0.895414742, 0.332256647, 0, 0, -0, 0, 0, 0, 0, 0.403008691, -0.128035645, -0.161403027, 0.304225436, 0.19128959, -0.93313301, 0.396484375, -0.916137695, -0.0584716797, -0.866010284, -0.35205055, -0.354608495, 0, 1, 1, 1, 
111.609539, 6, 0.1, 0.1, 0.0192650378, 0.370226623, -0.034973333, 0.880519416, -0.474010082, 7.27443374e-008, 0.474010082, 0.880519416, 2.93876114e-006, -1.45705521e-006, -2.55315469e-006, 1, 0.880519421, -0.474010073, 2.17549705e-007, 0.474010073, 0.880519421, 2.76303373e-006, -1.50126256e-006, -2.32978411e-006, 1, 0, 0, 0, 0, 0, 0, 0, 0.325899219, -0.180128882, -0.201465308, -0.261522139, 0.410508628, -0.873450081, -0.918457031, 0.172119141, 0.355957031, 0.29651479, 0.895414742, 0.332256647, 0, 0, -0, 0, 0, 0, 0, 0.403008691, -0.128035645, -0.161403027, 0.304225436, 0.19128959, -0.93313301, 0.396484375, -0.916137695, -0.0584716797, -0.866010284, -0.35205055, -0.354608495, 0, 1, 1, 1, 
111.610232, 6, 0.1, 0.1, 0.0192650379, 0.370226623, -0.0349755431, 0.880519392, -0.474010126, -1.64045811e-006, 0.474010126, 0.880519392, -2.31862415e-006, 2.5435065e-006, 1.26399977e-006, 1, 0.880519397, -0.474010118, -1.67055969e-008, 0.474010118, 0.880519397, 3.36733331e-006, -1.58144046e-006, -2.97292092e-006, 1, 0, 0, 0, 0, 0, 0, 0, 0.325899219, -0.180128882, -0.201465308, -0.261522139, 0.410508628, -0.873450081, -0.918457031, 0.172119141, 0.355957031, 0.29651479, 0.895414742, 0.332256647, 0, 0, -0, 0, 0, 0, 0, 0.403008691, -0.128035645, -0.161403027, 0.304225436, 0.19128959, -0.93313301, 0.396484375, -0.916137695, -0.0584716797, -0.866010284, -0.35205055, -0.354608495, 0, 1, 1, 1, 
111.61095, 6, 0.1, 0.1, 0.0192650377, 0.370226623, -0.0349756759, 0.88051937, -0.474010168, -2.68730841e-007, 0.474010168, 0.88051937, -1.3540079e-006, 8.78436225e-007, 1.06484904e-006, 1, 0.880519374, -0.474010161, -5.85667205e-007, 0.474010161, 0.880519374, -1.47378277e-006, 1.21427933e-006, 1.02008207e-006, 1, 0, 0, 0, 0, 0, 0, 0, 0.326245142, -0.180876611, -0.200203003, -0.259135878, 0.408960347, -0.874884907, -0.919067383, 0.173828125, 0.353515625, 0.296754803, 0.895783558, 0.331000798, 0, 0, -0, 0, 0, 0, 0, 0.403008691, -0.128035645, -0.161403027, 0.304225436, 0.19128959, -0.93313301, 0.396484375, -0.916137695, -0.0584716797, -0.866010284, -0.35205055, -0.354608495, 0, 1, 1, 1, 
111.611679, 6, 0.1, 0.1, 0.0192650371, 0.370226623, -0.0349736322, 0.880519348, -0.474010208, 1.87672919e-006, 0.474010208, 0.880519348, 3.80391898e-006, -3.45559279e-006, -2.45983547e-006, 1, 0.880519352, -0.474010201, -1.01515967e-007, 0.474010201, 0.880519352, -2.77824311e-006, 1.40630235e-006, 2.39817722e-006, 1, 0, 0, 0, 0, 0, 0, 0, 0.326245142, -0.180876611, -0.200203003, -0.259135878, 0.408960347, -0.874884907, -0.919067383, 0.173828125, 0.353515625, 0.296754803, 0.895783558, 0.331000798, 0, 0, -0, 0, 0, 0, 0, 0.403008691, -0.128035645, -0.161403027, 0.304225436, 0.19128959, -0.93313301, 0.396484375, -0.916137695, -0.0584716797, -0.866010284, -0.35205055, -0.354608495, 0, 1, 1, 1, 
111.612377, 6, 0.1, 0.1, 0.0192650366, 0.370226622, -0.0349704494, 0.880519329, -0.474010243, 1.15344844e-006, 0.474010243, 0.880519329, 3.97360078e-006, -2.89916112e-006, -2.95208592e-006, 1, 0.880519333, -0.474010236, 1.45827425e-006, 0.474010236, 0.880519333, 4.15859566e-006, -3.25525558e-006, -2.97048696e-006, 1, 0, 0, 0, 0, 0, 0, 0, 0.326245142, -0.180876611, -0.200203003, -0.259135878, 0.408960347, -0.874884907, -0.919067383, 0.173828125, 0.353515625, 0.296754803, 0.895783558, 0.331000798, 0, 0, -0, 0, 0, 0, 0, 0.403008691, -0.128035645, -0.161403027, 0.304225436, 0.19128959, -0.93313301, 0.396484375, -0.916137695, -0.0584716797, -0.866010284, -0.35205055, -0.354608495, 0, 1, 1, 1, 
111.613087, 6, 0.1, 0.1, 0.0192650365, 0.370226623, -0.0349670555, 0.880519312, -0.474010276, -1.64997824e-006, 0.474010276, 0.880519312, -4.26852316e-006, 3.47616154e-006, 2.97641043e-006, 1, 0.880519315, -0.47401027, 7.50428835e-007, 0.47401027, 0.880519315, 3.89868719e-006, -2.50878485e-006, -3.0771584e-006, 1, 0, 0, 0, 0, 0, 0, 0, 0.327008496, -0.181581616, -0.199132202, -0.257264087, 0.408256039, -0.875767071, -0.919799805, 0.174194336, 0.35144043, 0.296087565, 0.896018701, 0.330893335, 0, 0, -0, 0, 0, 0, 0, 0.403008691, -0.128035645, -0.161403027, 0.304225436, 0.19128959, -0.93313301, 0.396484375, -0.916137695, -0.0584716797, -0.866010284, -0.35205055, -0.354608495, 0, 1, 1, 1, 
111.613807, 6, 0.1, 0.1, 0.0192650363, 0.370226623, -0.0349642493, 0.880519295, -0.474010307, -9.40909677e-007, 0.474010307, 0.880519295, -4.41049789e-006, 2.91911059e-006, 3.43752761e-006, 1, 0.880519298, -0.474010302, -1.06690811e-006, 0.474010302, 0.880519298, -4.55604095e-006, 3.09904353e-006, 3.50595654e-006, 1, 0, 0, 0, 0, 0, 0, 0, 0.327008496, -0.181581616, -0.199132202, -0.257264087, 0.408256039, -0.875767071, -0.919799805, 0.174194336, 0.35144043, 0.296087565, 0.896018701, 0.330893335, 0, 0, -0, 0, 0, 0, 0, 0.403753369, -0.128315771, -0.160512012, 0.305132849, 0.190797421, -0.932935049, 0.397338867, -0.915771484, -0.0573730469, -0.865301197, -0.353206964, -0.355324145, 0, 1, 1, 1, 
111.614507, 6, 0.1, 0.1, 0.0192650359, 0.370226623, -0.0349632123, 0.88051928, -0.474010335, 1.29110271e-006, 0.474010335, 0.88051928, 4.81768824e-006, -3.42047484e-006, -3.63007135e-006, 1, 0.880519283, -0.47401033, -1.19992799e-006, 0.47401033, 0.880519283, -4.21688447e-006, 3.05540653e-006, 3.14426983e-006, 1, 0, 0, 0, 0, 0, 0, 0, 0.327008496, -0.181581616, -0.199132202, -0.257264087, 0.408256039, -0.875767071, -0.919799805, 0.174194336, 0.35144043, 0.296087565, 0.896018701, 0.330893335, 0, 0, -0, 0, 0, 0, 0, 0.403753369, -0.128315771, -0.160512012, 0.305132849, 0.190797421, -0.932935049, 0.397338867, -0.915771484, -0.0573730469, -0.865301197, -0.353206964, -0.355324145, 0, 1, 1, 1, 
111.615204, 6, 0.1, 0.1, 0.0192650357, 0.370226623, -0.034964063, 0.880519266, -0.47401036, 1.07104251e-006, 0.47401036, 0.880519266, 4.30774334e-006, -2.98498854e-006, -3.28536576e-006, 1, 0.880519269, -0.474010355, 1.01580036e-006, 0.474010355, 0.880519269, 4.49857822e-006, -3.02680445e-006, -3.47958491e-006, 1, 0, 0, 0, 0, 0, 0, 0, 0.327008496, -0.181581616, -0.199132202, -0.257264087, 0.408256039, -0.875767071, -0.919799805, 0.174194336, 0.35144043, 0.296087565, 0.896018701, 0.330893335, 0, 0, -0, 0, 0, 0, 0, 0.403753369, -0.128315771, -0.160512012, 0.305132849, 0.190797421, -0.932935049, 0.397338867, -0.915771484, -0.0573730469, -0.865301197, -0.353206964, -0.355324145, 0, 1, 1, 1, 
111.615905, 6, 0.1, 0.1, 0.0192650355, 0.370226623, -0.0349664397, 0.880519254, -0.474010383, -9.4037657e-007, 0.474010383, 0.880519254, -4.65822739e-006, 3.03606783e-006, 3.65591065e-006, 1, 0.880519256, -0.474010379, 1.45033293e-006, 0.474010379, 0.880519256, 3.43255688e-006, -2.90411366e-006, -2.33495957e-006, 1, 0, 0, 0, 0, 0, 0, 0, 0.327008496, -0.181581616, -0.199132202, -0.257264087, 0.408256039, -0.875767071, -0.919799805, 0.174194336, 0.35144043, 0.296087565, 0.896018701, 0.330893335, 0, 0, -0, 0, 0, 0, 0, 0.403753369, -0.128315771, -0.160512012, 0.305132849, 0.190797421, -0.932935049, 0.397338867, -0.915771484, -0.0573730469, -0.865301197, -0.353206964, -0.355324145, 0, 1, 1, 1, 
111.616607, 6, 0.1, 0.1, 0.0192650353, 0.370226624, -0.0349695397, 0.880519242, -0.474010405, -1.44564632e-006, 0.474010405, 0.880519242, -4.1205311e-006, 3.22609402e-006, 2.94295553e-006, 1, 0.880519244, -0.474010401, -1.26178365e-006, 0.474010401, 0.880519244, -4.2630219e-006, 3.13174151e-006, 3.15557425e-006, 1, 0, 0, 0, 0, 0, 0, 0, 0.327008496, -0.181581616, -0.199132202, -0.257264087, 0.408256039, -0.875767071, -0.919799805, 0.174194336, 0.35144043, 0.296087565, 0.896018701, 0.330893335, 0, 0, -0, 0, 0, 0, 0, 0.403753369, -0.128315771, -0.160512012, 0.305132849, 0.190797421, -0.932935049, 0.397338867, -0.915771484, -0.0573730469, -0.865301197, -0.353206964, -0.355324145, 0, 1, 1, 1, 
111.617305, 6, 0.1, 0.1, 0.0192650352, 0.370226624, -0.0349723772, 0.880519232, -0.474010425, 5.02994966e-007, 0.474010425, 0.880519232, 3.25776468e-006, -1.98711116e-006, -2.63009959e-006, 1, 0.880519234, -0.474010421, -1.54448254e-006, 0.474010421, 0.880519234, -3.37881111e-006, 2.96153826e-006, 2.24300735e-006, 1, 0, 0, 0, 0, 0, 0, 0, 0.327008496, -0.181581616, -0.199132202, -0.257264087, 0.408256039, -0.875767071, -0.919799805, 0.174194336, 0.35144043, 0.296087565, 0.896018701, 0.330893335, 0, 0, -0, 0, 0, 0, 0, 0.403753369, -0.128315771, -0.160512012, 0.305132849, 0.190797421, -0.932935049, 0.397338867, -0.915771484, -0.0573730469, -0.865301197, -0.353206964, -0.355324145, 0, 1, 1, 1, 
111.618018, 6, 0.1, 0.1, 0.0192650349, 0.370226623, -0.0349741694, 0.880519222, -0.474010443, 1.26168759e-006, 0.474010443, 0.880519222, 3.02155302e-006, -2.54318786e-006, -2.06248242e-006, 1, 0.880519224, -0.474010439, 1.11720695e-006, 0.474010439, 0.880519224, 3.14115723e-006, -2.47266352e-006, -2.23628157e-006, 1, 0, 0, 0, 0, 0, 0, 0, 0.327008496, -0.181581616, -0.199132202, -0.255721798, 0.407431163, -0.876744715, -0.920166016, 0.175415039, 0.349975586, 0.29646125, 0.896272941, 0.330183035, 0, 0, -0, 0, 0, 0, 0, 0.403753369, -0.128315771, -0.160512012, 0.305132849, 0.190797421, -0.932935049, 0.397338867, -0.915771484, -0.0573730469, -0.865301197, -0.353206964, -0.355324145, 0, 1, 1, 1, 
111.618732, 6, 0.1, 0.1, 0.0192650346, 0.370226624, -0.0349741505, 0.880519212, -0.47401046, -5.55678932e-007, 0.47401046, 0.880519212, -3.24098185e-006, 2.02554528e-006, 2.59034916e-006, 1, 0.880519214, -0.474010457, 1.41564687e-006, 0.474010457, 0.880519214, 3.03518665e-006, -2.68521448e-006, -2.00150875e-006, 1, 0, 0, 0, 0, 0, 0, 0, 0.327534937, -0.182515967, -0.197844873, -0.255721798, 0.407431163, -0.876744715, -0.920166016, 0.175415039, 0.349975586, 0.29646125, 0.896272941, 0.330183035, 0, 0, -0, 0, 0, 0, 0, 0.404056201, -0.129521338, -0.159402637, 0.306372385, 0.189264043, -0.93288401, 0.396362305, -0.916259766, -0.0556640625, -0.865416402, -0.352631672, -0.355809751, 0, 1, 1, 1, 
111.619428, 6, 0.1, 0.1, 0.0192650344, 0.370226624, -0.0349727286, 0.880519204, -0.474010476, -1.21153835e-006, 0.474010476, 0.880519204, -2.87879631e-006, 2.4313624e-006, 1.96055357e-006, 1, 0.880519206, -0.474010473, -1.17490877e-006, 0.474010473, 0.880519206, -3.09896584e-006, 2.503472e-006, 2.17177987e-006, 1, 0, 0, 0, 0, 0, 0, 0, 0.327534937, -0.182515967, -0.197844873, -0.255721798, 0.407431163, -0.876744715, -0.920166016, 0.175415039, 0.349975586, 0.29646125, 0.896272941, 0.330183035, 0, 0, -0, 0, 0, 0, 0, 0.404056201, -0.129521338, -0.159402637, 0.306372385, 0.189264043, -0.93288401, 0.396362305, -0.916259766, -0.0556640625, -0.865416402, -0.352631672, -0.355809751, 0, 1, 1, 1, 
111.620129, 6, 0.1, 0.1, 0.0192650342, 0.370226624, -0.0349704327, 0.880519196, -0.47401049, 1.20359759e-006, 0.47401049, 0.880519196, 4.30764678e-006, -3.10166055e-006, -3.2224478e-006, 1, 0.880519198, -0.474010487, -1.11523035e-006, 0.474010487, 0.880519198, -2.93674708e-006, 2.37403065e-006, 2.0572313e-006, 1, 0, 0, 0, 0, 0, 0, 0, 0.327534937, -0.182515967, -0.197844873, -0.255721798, 0.407431163, -0.876744715, -0.920166016, 0.175415039, 0.349975586, 0.29646125, 0.896272941, 0.330183035, 0, 0, -0, 0, 0, 0, 0, 0.404056201, -0.129521338, -0.159402637, 0.306372385, 0.189264043, -0.93288401, 0.396362305, -0.916259766, -0.0556640625, -0.865416402, -0.352631672, -0.355809751, 0, 1, 1, 1, 
111.620851, 6, 0.1, 0.1, 0.0192650338, 0.370226624, -0.0349677948, 0.880519189, -0.474010504, 1.42041751e-006, 0.474010504, 0.880519189, 3.74718796e-006, -3.02691133e-006, -2.62617809e-006, 1, 0.880519191, -0.474010501, 1.53963578e-006, 0.474010501, 0.880519191, 3.99159152e-006, -3.24773515e-006, -2.7848694e-006, 1, 0, 0, 0, 0, 0, 0, 0, 0.327534937, -0.182515967, -0.197844873, -0.255721798, 0.407431163, -0.876744715, -0.920166016, 0.175415039, 0.349975586, 0.29646125, 0.896272941, 0.330183035, 0, 0, -0, 0, 0, 0, 0, 0.404056201, -0.129521338, -0.159402637, 0.306423424, 0.188312153, -0.933043691, 0.395263672, -0.916870117, -0.0551757812, -0.865902009, -0.351749778, -0.355458306, 0, 1, 1, 1, 
111.621553, 6, 0.1, 0.1, 0.0192650337, 0.370226624, -0.0349656849, 0.880519183, -0.474010516, -1.75107455e-006, 0.474010515, 0.880519183, -4.53890174e-006, 3.69334189e-006, 3.16656231e-006, 1, 0.880519184, -0.474010513, 8.32297945e-007, 0.474010513, 0.880519184, 3.78940997e-006, -2.52907447e-006, -2.9421302e-006, 1, 0, 0, 0, 0, 0, 0, 0, 0.327534937, -0.182515967, -0.197844873, -0.255721798, 0.407431163, -0.876744715, -0.920166016, 0.175415039, 0.349975586, 0.29646125, 0.896272941, 0.330183035, 0, 0, -0, 0, 0, 0, 0, 0.404049365, -0.130235498, -0.158959326, 0.306423424, 0.188312153, -0.933043691, 0.395263672, -0.916870117, -0.0551757812, -0.865902009, -0.351749778, -0.355458306, 0, 1, 1, 1, 
111.622263, 6, 0.1, 0.1, 0.0192650337, 0.370226625, -0.0349647716, 0.880519177, -0.474010526, -1.26160865e-006, 0.474010526, 0.880519177, -4.64959349e-006, 3.31482687e-006, 3.49604045e-006, 1, 0.880519178, -0.474010524, -1.52317913e-006, 0.474010524, 0.880519178, -4.77960876e-006, 3.60677329e-006, 3.48653424e-006, 1, 0, 0, 0, 0, 0, 0, 0, 0.327534937, -0.182515967, -0.197844873, -0.255721798, 0.407431163, -0.876744715, -0.920166016, 0.175415039, 0.349975586, 0.29646125, 0.896272941, 0.330183035, 0, 0, -0, 0, 0, 0, 0, 0.404049365, -0.130235498, -0.158959326, 0.306423424, 0.188312153, -0.933043691, 0.395263672, -0.916870117, -0.0551757812, -0.865902009, -0.351749778, -0.355458306, 0, 1, 1, 1, 
111.622967, 6, 0.1, 0.1, 0.0192650332, 0.370226624, -0.0349651426, 0.880519171, -0.474010537, 1.52399219e-006, 0.474010537, 0.880519171, 4.3826708e-006, -3.41933648e-006, -3.1366373e-006, 1, 0.880519172, -0.474010535, -9.09995872e-007, 0.474010535, 0.880519172, -4.08469069e-006, 2.73745523e-006, 3.16530083e-006, 1, 0, 0, 0, 0, 0, 0, 0, 0.327534937, -0.182515967, -0.197844873, -0.255721798, 0.407431163, -0.876744715, -0.920166016, 0.175415039, 0.349975586, 0.29646125, 0.896272941, 0.330183035, 0, 0, -0, 0, 0, 0, 0, 0.404049365, -0.130235498, -0.158959326, 0.306423424, 0.188312153, -0.933043691, 0.395263672, -0.916870117, -0.0551757812, -0.865902009, -0.351749778, -0.355458306, 0, 1, 1, 1, 
111.623683, 6, 0.1, 0.1, 0.019265033, 0.370226624, -0.0349665968, 0.880519166, -0.474010547, 8.19869454e-007, 0.474010547, 0.880519166, 4.2284492e-006, -2.72624029e-006, -3.3346038e-006, 1, 0.880519167, -0.474010545, 8.70140832e-007, 0.474010545, 0.880519167, 4.32406721e-006, -2.81582914e-006, -3.39496813e-006, 1, 0, 0, 0, 0, 0, 0, 0, 0.327484644, -0.182942065, -0.197815698, -0.256774704, 0.407856145, -0.876160974, -0.919433594, 0.176147461, 0.35144043, 0.297616749, 0.895834854, 0.329966988, 0, 0, -0, 0, 0, 0, 0, 0.404049365, -0.130235498, -0.158959326, 0.306423424, 0.188312153, -0.933043691, 0.395263672, -0.916870117, -0.0551757812, -0.865902009, -0.351749778, -0.355458306, 0, 1, 1, 1, 
111.624384, 6, 0.1, 0.1, 0.0192650329, 0.370226625, -0.0349687354, 0.880519161, -0.474010557, -1.0038513e-006, 0.474010557, 0.880519161, -3.92014866e-006, 2.74210216e-006, 2.97592989e-006, 1, 0.880519161, -0.474010555, 1.1463603e-006, 0.474010555, 0.880519161, 3.71086067e-006, -2.76837933e-006, -2.72409704e-006, 1, 0, 0, 0, 0, 0, 0, 0, 0.327484644, -0.182942065, -0.197815698, -0.256774704, 0.407856145, -0.876160974, -0.919433594, 0.176147461, 0.35144043, 0.297616749, 0.895834854, 0.329966988, 0, 0, -0, 0, 0, 0, 0, 0.404049365, -0.130235498, -0.158959326, 0.306423424, 0.188312153, -0.933043691, 0.395263672, -0.916870117, -0.0551757812, -0.865902009, -0.351749778, -0.355458306, 0, 1, 1, 1, 
111.625079, 6, 0.1, 0.1, 0.0192650327, 0.370226625, -0.0349709498, 0.880519156, -0.474010565, -1.00542499e-006, 0.474010565, 0.880519156, -3.52273047e-006, 2.55510742e-006, 2.62524959e-006, 1, 0.880519157, -0.474010563, -9.20663156e-007, 0.474010563, 0.880519157, -3.64586455e-006, 2.53883985e-006, 2.77384952e-006, 1, 0, 0, 0, 0, 0, 0, 0, 0.327484644, -0.182942065, -0.197815698, -0.256774704, 0.407856145, -0.876160974, -0.919433594, 0.176147461, 0.35144043, 0.297616749, 0.895834854, 0.329966988, 0, 0, -0, 0, 0, 0, 0, 0.404049365, -0.130235498, -0.158959326, 0.306423424, 0.188312153, -0.933043691, 0.395263672, -0.916870117, -0.0551757812, -0.865902009, -0.351749778, -0.355458306, 0, 1, 1, 1, 
111.625806, 6, 0.1, 0.1, 0.0192650325, 0.370226625, -0.0349725297, 0.880519152, -0.474010572, 1.05396907e-006, 0.474010572, 0.880519152, 4.33278585e-006, -2.98182625e-006, -3.31550844e-006, 1, 0.880519153, -0.474010571, -1.18522367e-006, 0.474010571, 0.880519153, -2.99020307e-006, 2.461e-006, 2.07112252e-006, 1, 0, 0, 0, 0, 0, 0, 0, 0.327198779, -0.183550024, -0.197764185, -0.258138016, 0.409106002, -0.875158242, -0.918334961, 0.177246094, 0.353759766, 0.299933739, 0.895142529, 0.330055355, 0, 0, -0, 0, 0, 0, 0, 0.404049365, -0.130235498, -0.158959326, 0.305151806, 0.188599799, -0.933401333, 0.39453125, -0.917114258, -0.0562744141, -0.866649375, -0.350983089, -0.354391212, 0, 1, 1, 1, 
