time, trialNum, realDorsalTactorPos, realVentralTactorPos, boxPosX, boxPosY, boxPosZ, boxLocalRot_11, boxLocalRot_12, boxLocalRot_13, boxLocalRot_21, boxLocalRot_22, boxLocalRot_23, boxLocalRot_31, boxLocalRot_32, boxLocalRot_33, boxGlobalRot_11, boxGlobalRot_12, boxGlobalRot_13, boxGlobalRot_21, boxGlobalRot_22, boxGlobalRot_23, boxGlobalRot_31, boxGlobalRot_32, boxGlobalRot_33, indexForceX, indexForceY, indexForceZ, indexForceGlobalX, indexForceGlobalY, indexForceGlobalZ, indexContact, indexPosX, indexPosY, indexPosZ, indexRot_11, indexRot_12, indexRot_13, indexRot_21, indexRot_22, indexRot_23, indexRot_31, indexRot_32, indexRot_33, thumbForceX, thumbForceY, thumbForceZ, thumbForceGlobalX, thumbForceGlobalY, thumbForceGlobalZ, thumbContact, thumbPosX, thumbPosY, thumbPosZ, thumbRot_11, thumbRot_12, thumbRot_13, thumbRot_21, thumbRot_22, thumbRot_23, thumbRot_31, thumbRot_32, thumbRot_33, manipForceTooHigh, cceExpType, mapping, trialSuccess, 
131.316757, 9, 0.1, 0.1, 0.0206142302, 0.352353256, -0.0349715287, 0.927370577, -0.374144107, 1.05242365e-005, 0.374144107, 0.927370577, -1.66218084e-006, -9.13797213e-006, 5.47903868e-006, 1, 0.927370566, -0.374144134, -1.14003202e-005, 0.374144134, 0.927370566, 9.38745403e-006, 7.06006057e-006, -1.29710115e-005, 1, 0, 0, 0, 0, 0, 0, 0, 0.366313818, -0.203890918, -0.185754492, -0.219433553, 0.502220385, -0.836423618, -0.958984375, 0.0463867187, 0.279418945, 0.17911024, 0.863462564, 0.471612754, 0, 0, -0, 0, 0, 0, 0, 0.422166016, -0.145366211, -0.137271143, 0.22391162, 0.363360357, -0.904220142, 0.591430664, -0.788085938, -0.170166016, -0.77453904, -0.496722017, -0.391461011, 0, 1, 1, 1, 
131.333622, 9, 0.1, 0.1, 0.020614227, 0.352353272, -0.0349608874, 0.927377286, -0.374127478, -5.07691062e-006, 0.374127478, 0.927377286, 2.25423951e-006, 3.86483865e-006, -3.98994229e-006, 1, 0.927377212, -0.374127661, 5.80614347e-006, 0.374127661, 0.927377212, 8.24912406e-006, -8.47071063e-006, -5.4778108e-006, 1, 0, 0, 0, 0, 0, 0, 0, 0.365502197, -0.211800073, -0.182058789, -0.253298773, 0.504777388, -0.825172655, -0.948974609, 0.0358886719, 0.313232422, 0.187687354, 0.862439615, 0.470077961, 0, 0, -0, 0, 0, 0, 0, 0.421688037, -0.154276465, -0.13334248, 0.191669467, 0.369250333, -0.909251544, 0.594482422, -0.780761719, -0.191650391, -0.780750909, -0.503713004, -0.369282431, 0, 1, 1, 1, 
131.334335, 9, 0.1, 0.1, 0.0206142292, 0.352353271, -0.0349614668, 0.927377591, -0.374126722, -6.68444529e-006, 0.374126722, 0.92737759, 1.56807787e-005, 3.32406409e-007, -1.70428324e-005, 1, 0.927377541, -0.374126845, -4.23157233e-007, 0.374126845, 0.927377541, 1.31087427e-005, -4.51190603e-006, -1.23150681e-005, 1, 0, 0, 0, 0, 0, 0, 0, 0.365502197, -0.211800073, -0.182058789, -0.253298773, 0.504777388, -0.825172655, -0.948974609, 0.0358886719, 0.313232422, 0.187687354, 0.862439615, 0.470077961, 0, 0, -0, 0, 0, 0, 0, 0.421602686, -0.154179297, -0.133524951, 0.187005167, 0.371275515, -0.909372579, 0.596069336, -0.778686523, -0.1953125, -0.780750176, -0.505464032, -0.366963041, 0, 1, 1, 1, 
131.335035, 9, 0.1, 0.1, 0.0206142287, 0.352353272, -0.0349643238, 0.9273778, -0.374126203, 1.55495994e-005, 0.374126203, 0.9273778, -1.47580334e-005, -8.89898628e-006, 1.95037851e-005, 1, 0.927377767, -0.374126286, 1.35702459e-005, 0.374126286, 0.927377766, -1.42780011e-005, -7.24296877e-006, 1.83180864e-005, 1, 0, 0, 0, 0, 0, 0, 0, 0.365502197, -0.211800073, -0.182058789, -0.253298773, 0.504777388, -0.825172655, -0.948974609, 0.0358886719, 0.313232422, 0.187687354, 0.862439615, 0.470077961, 0, 0, -0, 0, 0, 0, 0, 0.421602686, -0.154179297, -0.133524951, 0.187005167, 0.371275515, -0.909372579, 0.596069336, -0.778686523, -0.1953125, -0.780750176, -0.505464032, -0.366963041, 0, 1, 1, 1, 
131.33573, 9, 0.1, 0.1, 0.0206142322, 0.352353269, -0.0349685266, 0.927377988, -0.374125737, -1.07184836e-005, 0.374125737, 0.927377988, 2.53878889e-005, 4.41823096e-007, -2.75542299e-005, 1, 0.927377944, -0.374125845, -1.60211578e-005, 0.374125846, 0.927377944, 1.94539157e-005, 7.57945574e-006, -2.40350616e-005, 1, 0, 0, 0, 0, 0, 0, 0, 0.365502197, -0.211800073, -0.182058789, -0.253298773, 0.504777388, -0.825172655, -0.948974609, 0.0358886719, 0.313232422, 0.187687354, 0.862439615, 0.470077961, 0, 0, -0, 0, 0, 0, 0, 0.421602686, -0.154179297, -0.133524951, 0.187005167, 0.371275515, -0.909372579, 0.596069336, -0.778686523, -0.1953125, -0.780750176, -0.505464032, -0.366963041, 0, 1, 1, 1, 
131.336438, 9, 0.1, 0.1, 0.0206142291, 0.352353266, -0.0349727954, 0.927378267, -0.374125044, 1.3479658e-005, 0.374125045, 0.927378267, -2.1597153e-005, -4.42070607e-006, 2.5071808e-005, 1, 0.927378203, -0.374125204, 1.80954012e-005, 0.374125205, 0.927378203, -7.34609165e-006, -1.40329226e-005, 1.3582551e-005, 1, 0, 0, 0, 0, 0, 0, 0, 0.365505835, -0.211513721, -0.182394922, -0.25756993, 0.506046342, -0.8230968, -0.947875977, 0.0327148437, 0.316772461, 0.187251511, 0.861867857, 0.471479465, 0, 0, -0, 0, 0, 0, 0, 0.421602686, -0.154179297, -0.133524951, 0.187005167, 0.371275515, -0.909372579, 0.596069336, -0.778686523, -0.1953125, -0.780750176, -0.505464032, -0.366963041, 0, 1, 1, 1, 
131.337132, 9, 0.1, 0.1, 0.0206142328, 0.352353275, -0.0349757513, 0.927378628, -0.374124151, -1.3245468e-005, 0.374124151, 0.927378628, -9.97387273e-006, 1.60150306e-005, 4.29410695e-006, 1, 0.927378554, -0.374124334, -1.32753015e-005, 0.374124333, 0.927378554, -2.40772495e-005, 2.13191148e-005, 1.73621115e-005, 1, 0, 0, 0, 0, 0, 0, 0, 0.365505835, -0.211513721, -0.182394922, -0.25756993, 0.506046342, -0.8230968, -0.947875977, 0.0327148437, 0.316772461, 0.187251511, 0.861867857, 0.471479465, 0, 0, -0, 0, 0, 0, 0, 0.421602686, -0.154179297, -0.133524951, 0.187005167, 0.371275515, -0.909372579, 0.596069336, -0.778686523, -0.1953125, -0.780750176, -0.505464032, -0.366963041, 0, 1, 1, 1, 
131.337836, 9, 0.1, 0.1, 0.0206142334, 0.352353264, -0.0349766875, 0.927379033, -0.374123148, 8.46242182e-006, 0.374123147, 0.927379032, 3.53619601e-005, -2.10776004e-005, -2.96279525e-005, 0.999999999, 0.927378953, -0.374123346, 7.00347892e-006, 0.374123345, 0.927378952, 3.83459703e-005, -2.08410016e-005, -3.29410808e-005, 0.999999999, 0, 0, 0, 0, 0, 0, 0, 0.365505835, -0.211513721, -0.182394922, -0.25756993, 0.506046342, -0.8230968, -0.947875977, 0.0327148437, 0.316772461, 0.187251511, 0.861867857, 0.471479465, 0, 0, -0, 0, 0, 0, 0, 0.421602686, -0.154179297, -0.133524951, 0.187005167, 0.371275515, -0.909372579, 0.596069336, -0.778686523, -0.1953125, -0.780750176, -0.505464032, -0.366963041, 0, 1, 1, 1, 
131.338558, 9, 0.1, 0.1, 0.0206142341, 0.352353265, -0.0349753011, 0.927379429, -0.374122166, -3.35660427e-006, 0.374122166, 0.927379428, -2.79188647e-005, 1.35579119e-005, 2.46356007e-005, 1, 0.927379347, -0.374122368, -2.84083745e-006, 0.374122368, 0.927379347, -2.05764413e-005, 1.03326409e-005, 1.80193459e-005, 1, 0, 0, 0, 0, 0, 0, 0, 0.365505835, -0.211513721, -0.182394922, -0.258650167, 0.504593541, -0.823573078, -0.948120117, 0.0300292969, 0.316162109, 0.184332806, 0.862839509, 0.470813348, 0, 0, -0, 0, 0, 0, 0, 0.421602686, -0.154179297, -0.133524951, 0.187005167, 0.371275515, -0.909372579, 0.596069336, -0.778686523, -0.1953125, -0.780750176, -0.505464032, -0.366963041, 0, 1, 1, 1, 
131.339272, 9, 0.1, 0.1, 0.0206142335, 0.352353268, -0.0349719415, 0.927379744, -0.374121385, 4.97355837e-006, 0.374121384, 0.927379744, 1.47192031e-005, -1.01191459e-005, -1.17895762e-005, 1, 0.927379693, -0.374121512, 8.34422775e-006, 0.374121512, 0.927379693, 6.76052325e-006, -1.02675245e-005, -3.14781687e-006, 1, 0, 0, 0, 0, 0, 0, 0, 0.366557959, -0.211808252, -0.180858594, -0.258650167, 0.504593541, -0.823573078, -0.948120117, 0.0300292969, 0.316162109, 0.184332806, 0.862839509, 0.470813348, 0, 0, -0, 0, 0, 0, 0, 0.422638086, -0.154363477, -0.132621973, 0.18540799, 0.372450885, -0.909263937, 0.598144531, -0.776977539, -0.196166992, -0.779567877, -0.507304379, -0.36682888, 0, 1, 1, 1, 
131.339968, 9, 0.1, 0.1, 0.0206142358, 0.352353267, -0.0349681559, 0.927379929, -0.374120926, 5.34452385e-006, 0.374120926, 0.927379929, -1.55538562e-005, 8.62618943e-007, 1.64238323e-005, 1, 0.927379903, -0.37412099, -3.70344964e-006, 0.37412099, 0.927379903, -1.1824309e-005, 7.85822694e-006, 9.58008825e-006, 1, 0, 0, 0, 0, 0, 0, 0, 0.366557959, -0.211808252, -0.180858594, -0.258650167, 0.504593541, -0.823573078, -0.948120117, 0.0300292969, 0.316162109, 0.184332806, 0.862839509, 0.470813348, 0, 0, -0, 0, 0, 0, 0, 0.422638086, -0.154363477, -0.132621973, 0.18540799, 0.372450885, -0.909263937, 0.598144531, -0.776977539, -0.196166992, -0.779567877, -0.507304379, -0.36682888, 0, 1, 1, 1, 
131.340669, 9, 0.1, 0.1, 0.0206142328, 0.352353267, -0.0349650078, 0.927379985, -0.374120786, -3.89050997e-006, 0.374120786, 0.927379985, 2.22743502e-006, 2.77465134e-006, -3.52119931e-006, 1, 0.927379983, -0.374120792, 7.56018192e-006, 0.374120792, 0.927379983, 8.48090199e-006, -1.01840431e-005, -5.0365975e-006, 1, 0, 0, 0, 0, 0, 0, 0, 0.366557959, -0.211808252, -0.180858594, -0.258650167, 0.504593541, -0.823573078, -0.948120117, 0.0300292969, 0.316162109, 0.184332806, 0.862839509, 0.470813348, 0, 0, -0, 0, 0, 0, 0, 0.422638086, -0.154363477, -0.132621973, 0.18540799, 0.372450885, -0.909263937, 0.598144531, -0.776977539, -0.196166992, -0.779567877, -0.507304379, -0.36682888, 0, 1, 1, 1, 
131.341366, 9, 0.1, 0.1, 0.0206142336, 0.352353265, -0.0349634159, 0.927379965, -0.374120838, 1.04552184e-005, 0.374120837, 0.927379965, 2.13426875e-005, -1.76807042e-005, -1.58812658e-005, 1, 0.927379969, -0.374120827, 6.61048437e-006, 0.374120827, 0.927379969, 1.47944168e-005, -1.16653302e-005, -1.12469259e-005, 1, 0, 0, 0, 0, 0, 0, 0, 0.366557959, -0.211808252, -0.180858594, -0.258650167, 0.504593541, -0.823573078, -0.948120117, 0.0300292969, 0.316162109, 0.184332806, 0.862839509, 0.470813348, 0, 0, -0, 0, 0, 0, 0, 0.422638086, -0.154363477, -0.132621973, 0.18540799, 0.372450885, -0.909263937, 0.598144531, -0.776977539, -0.196166992, -0.779567877, -0.507304379, -0.36682888, 0, 1, 1, 1, 
131.342063, 9, 0.1, 0.1, 0.0206142345, 0.352353266, -0.0349637251, 0.927379947, -0.37412088, -6.33414972e-006, 0.37412088, 0.927379947, -2.01847073e-005, 1.34256839e-005, 1.63491551e-005, 1, 0.92737995, -0.374120873, -5.78999974e-006, 0.374120873, 0.92737995, -1.96409193e-005, 1.27176076e-005, 1.60484351e-005, 1, 0, 0, 0, 0, 0, 0, 0, 0.366557959, -0.211808252, -0.180858594, -0.258650167, 0.504593541, -0.823573078, -0.948120117, 0.0300292969, 0.316162109, 0.184332806, 0.862839509, 0.470813348, 0, 0, -0, 0, 0, 0, 0, 0.422638086, -0.154363477, -0.132621973, 0.18540799, 0.372450885, -0.909263937, 0.598144531, -0.776977539, -0.196166992, -0.779567877, -0.507304379, -0.36682888, 0, 1, 1, 1, 
131.342759, 9, 0.1, 0.1, 0.020614235, 0.352353265, -0.0349657276, 0.927379933, -0.374120915, -7.69233712e-007, 0.374120915, 0.927379933, 1.87185167e-006, 1.30730493e-008, -2.0237041e-006, 1, 0.927379937, -0.374120907, 3.70012685e-006, 0.374120907, 0.927379937, 1.06972477e-005, -7.4334874e-006, -8.53611804e-006, 1, 0, 0, 0, 0, 0, 0, 0, 0.366557959, -0.211808252, -0.180858594, -0.258650167, 0.504593541, -0.823573078, -0.948120117, 0.0300292969, 0.316162109, 0.184332806, 0.862839509, 0.470813348, 0, 0, -0, 0, 0, 0, 0, 0.422638086, -0.154363477, -0.132621973, 0.18540799, 0.372450885, -0.909263937, 0.598144531, -0.776977539, -0.196166992, -0.779567877, -0.507304379, -0.36682888, 0, 1, 1, 1, 
131.343474, 9, 0.1, 0.1, 0.0206142353, 0.352353268, -0.0349687871, 0.927379886, -0.374121033, -6.97287627e-006, 0.374121033, 0.927379886, 2.08172036e-006, 5.68768983e-006, -4.53924527e-006, 1, 0.927379892, -0.374121019, -8.98004658e-007, 0.374121019, 0.927379892, -1.00941319e-005, 4.60921837e-006, 9.02513253e-006, 1, 0, 0, 0, 0, 0, 0, 0, 0.366557959, -0.211808252, -0.180858594, -0.259063166, 0.502779038, -0.824684394, -0.948242187, 0.0296630859, 0.315917969, 0.183285891, 0.86386845, 0.469259076, 0, 0, -0, 0, 0, 0, 0, 0.422638086, -0.154363477, -0.132621973, 0.18540799, 0.372450885, -0.909263937, 0.598144531, -0.776977539, -0.196166992, -0.779567877, -0.507304379, -0.36682888, 0, 1, 1, 1, 
131.344181, 9, 0.1, 0.1, 0.0206142345, 0.352353265, -0.0349715123, 0.927379915, -0.374120959, 7.25848871e-006, 0.374120959, 0.927379915, -6.2287892e-006, -4.40105606e-006, 8.49200677e-006, 1, 0.927379903, -0.374120991, 1.17304118e-005, 0.374120991, 0.927379903, 5.63755467e-007, -1.10894609e-005, 3.86577781e-006, 1, 0, 0, 0, 0, 0, 0, 0, 0.366533667, -0.212567578, -0.179357422, -0.259063166, 0.502779038, -0.824684394, -0.948242187, 0.0296630859, 0.315917969, 0.183285891, 0.86386845, 0.469259076, 0, 0, -0, 0, 0, 0, 0, 0.42257998, -0.155261572, -0.13172876, 0.184558179, 0.372489164, -0.909449138, 0.598266602, -0.776733398, -0.196777344, -0.779657195, -0.507668584, -0.366234631, 0, 1, 1, 1, 
131.344878, 9, 0.1, 0.1, 0.020614239, 0.352353264, -0.034973452, 0.927380032, -0.37412067, -5.62518712e-006, 0.37412067, 0.927380032, 1.12188225e-005, 1.01949283e-006, -1.25086107e-005, 1, 0.927380004, -0.374120741, -1.37152314e-005, 0.374120741, 0.927380004, 8.22722932e-006, 9.64125423e-006, -1.27609205e-005, 1, 0, 0, 0, 0, 0, 0, 0, 0.366533667, -0.212567578, -0.179357422, -0.259063166, 0.502779038, -0.824684394, -0.948242187, 0.0296630859, 0.315917969, 0.183285891, 0.86386845, 0.469259076, 0, 0, -0, 0, 0, 0, 0, 0.42257998, -0.155261572, -0.13172876, 0.184558179, 0.372489164, -0.909449138, 0.598266602, -0.776733398, -0.196777344, -0.779657195, -0.507668584, -0.366234631, 0, 1, 1, 1, 
131.345583, 9, 0.1, 0.1, 0.0206142343, 0.352353263, -0.0349741318, 0.927380213, -0.374120223, 1.13931742e-005, 0.374120223, 0.927380213, 2.32508959e-006, -1.14356674e-005, 2.1061748e-006, 1, 0.927380175, -0.374120315, 2.01874466e-005, 0.374120315, 0.927380175, 9.4178242e-007, -1.90737777e-005, 6.67914353e-006, 1, 0, 0, 0, 0, 0, 0, 0, 0.366533667, -0.212567578, -0.179357422, -0.259063166, 0.502779038, -0.824684394, -0.948242187, 0.0296630859, 0.315917969, 0.183285891, 0.86386845, 0.469259076, 0, 0, -0, 0, 0, 0, 0, 0.42257998, -0.155261572, -0.13172876, 0.184558179, 0.372489164, -0.909449138, 0.598266602, -0.776733398, -0.196777344, -0.779657195, -0.507668584, -0.366234631, 0, 1, 1, 1, 
131.346279, 9, 0.1, 0.1, 0.0206142376, 0.352353261, -0.0349733832, 0.927380378, -0.374119813, 2.44220108e-006, 0.374119813, 0.927380378, -5.45972833e-006, -2.22256813e-007, 5.97692074e-006, 1, 0.927380349, -0.374119885, -8.33233106e-006, 0.374119885, 0.927380349, 1.08314938e-006, 7.32201236e-006, -4.12178219e-006, 1, 0, 0, 0, 0, 0, 0, 0, 0.366533667, -0.212567578, -0.179357422, -0.259063166, 0.502779038, -0.824684394, -0.948242187, 0.0296630859, 0.315917969, 0.183285891, 0.86386845, 0.469259076, 0, 0, -0, 0, 0, 0, 0, 0.42257998, -0.155261572, -0.13172876, 0.184558179, 0.372489164, -0.909449138, 0.598266602, -0.776733398, -0.196777344, -0.779657195, -0.507668584, -0.366234631, 0, 1, 1, 1, 
131.346972, 9, 0.1, 0.1, 0.0206142391, 0.352353262, -0.0349716014, 0.927380532, -0.374119431, -7.2556393e-006, 0.374119431, 0.927380532, 6.91755746e-006, 4.14074598e-006, -9.12968377e-006, 1, 0.927380498, -0.374119515, -8.85070566e-006, 0.374119515, 0.927380498, 1.3678045e-006, 7.69624947e-006, -4.57969692e-006, 1, 0, 0, 0, 0, 0, 0, 0, 0.366533667, -0.212567578, -0.179357422, -0.259063166, 0.502779038, -0.824684394, -0.948242187, 0.0296630859, 0.315917969, 0.183285891, 0.86386845, 0.469259076, 0, 0, -0, 0, 0, 0, 0, 0.42257998, -0.155261572, -0.13172876, 0.184558179, 0.372489164, -0.909449138, 0.598266602, -0.776733398, -0.196777344, -0.779657195, -0.507668584, -0.366234631, 0, 1, 1, 1, 
131.347668, 9, 0.1, 0.1, 0.0206142389, 0.352353263, -0.0349693886, 0.927380739, -0.374118919, 4.15284212e-007, 0.374118919, 0.927380739, -1.3889598e-005, 4.81123482e-006, 1.30363114e-005, 1, 0.927380695, -0.374119028, 2.59353914e-006, 0.374119028, 0.927380695, -1.38705007e-005, 2.7840201e-006, 1.38335269e-005, 1, 0, 0, 0, 0, 0, 0, 0, 0.366533667, -0.212567578, -0.179357422, -0.259063166, 0.502779038, -0.824684394, -0.948242187, 0.0296630859, 0.315917969, 0.183285891, 0.86386845, 0.469259076, 0, 0, -0, 0, 0, 0, 0, 0.42257998, -0.155261572, -0.13172876, 0.184558179, 0.372489164, -0.909449138, 0.598266602, -0.776733398, -0.196777344, -0.779657195, -0.507668584, -0.366234631, 0, 1, 1, 1, 
131.348393, 9, 0.1, 0.1, 0.0206142391, 0.35235326, -0.0349671912, 0.927380957, -0.374118377, -3.57056599e-006, 0.374118377, 0.927380957, 2.9770117e-006, 2.19752012e-006, -4.09663831e-006, 1, 0.927380915, -0.374118481, 2.55752329e-006, 0.374118481, 0.927380915, 1.29754682e-005, -7.22616076e-006, -1.10763849e-005, 1, 0, 0, 0, 0, 0, 0, 0, 0.366512671, -0.214443115, -0.177848071, -0.25946306, 0.500964536, -0.825611863, -0.948120117, 0.0299072266, 0.316162109, 0.183102044, 0.86489739, 0.46730491, 0, 0, -0, 0, 0, 0, 0, 0.42257998, -0.155261572, -0.13172876, 0.182590234, 0.372604002, -0.909710897, 0.598999023, -0.775878906, -0.197631836, -0.779618549, -0.508761198, -0.364911974, 0, 1, 1, 1, 
131.349091, 9, 0.1, 0.1, 0.0206142379, 0.352353262, -0.0349656579, 0.927381077, -0.37411808, 4.17533418e-006, 0.37411808, 0.927381077, 9.78793047e-006, -7.53396766e-006, -7.51507349e-006, 1, 0.927381061, -0.374118119, 1.22255388e-005, 0.374118119, 0.927381062, -7.39550756e-007, -1.10610538e-005, 5.25964094e-006, 1, 0, 0, 0, 0, 0, 0, 0, 0.366512671, -0.214443115, -0.177848071, -0.25946306, 0.500964536, -0.825611863, -0.948120117, 0.0299072266, 0.316162109, 0.183102044, 0.86489739, 0.46730491, 0, 0, -0, 0, 0, 0, 0, 0.422673828, -0.156393164, -0.130825293, 0.182590234, 0.372604002, -0.909710897, 0.598999023, -0.775878906, -0.197631836, -0.779618549, -0.508761198, -0.364911974, 0, 1, 1, 1, 
131.349785, 9, 0.1, 0.1, 0.020614239, 0.35235326, -0.0349654091, 0.927381111, -0.374117995, 1.25376544e-005, 0.374117995, 0.927381111, -7.27091963e-006, -8.90700197e-006, 1.14334756e-005, 1, 0.927381105, -0.37411801, 8.06762458e-006, 0.37411801, 0.927381105, -2.63087377e-006, -6.49750534e-006, 5.45806628e-006, 1, 0, 0, 0, 0, 0, 0, 0, 0.366512671, -0.214443115, -0.177848071, -0.25946306, 0.500964536, -0.825611863, -0.948120117, 0.0299072266, 0.316162109, 0.183102044, 0.86489739, 0.46730491, 0, 0, -0, 0, 0, 0, 0, 0.422673828, -0.156393164, -0.130825293, 0.182590234, 0.372604002, -0.909710897, 0.598999023, -0.775878906, -0.197631836, -0.779618549, -0.508761198, -0.364911974, 0, 1, 1, 1, 
131.350483, 9, 0.1, 0.1, 0.0206142409, 0.352353259, -0.0349664247, 0.927381174, -0.374117839, -7.70041607e-007, 0.374117839, 0.927381174, 1.40409254e-005, -4.53883857e-006, -1.33093762e-005, 1, 0.927381156, -0.374117885, -9.14926697e-006, 0.374117885, 0.927381156, 1.13714216e-005, 4.23060556e-006, -1.39685465e-005, 1, 0, 0, 0, 0, 0, 0, 0, 0.366512671, -0.214443115, -0.177848071, -0.25946306, 0.500964536, -0.825611863, -0.948120117, 0.0299072266, 0.316162109, 0.183102044, 0.86489739, 0.46730491, 0, 0, -0, 0, 0, 0, 0, 0.422673828, -0.156393164, -0.130825293, 0.182590234, 0.372604002, -0.909710897, 0.598999023, -0.775878906, -0.197631836, -0.779618549, -0.508761198, -0.364911974, 0, 1, 1, 1, 
131.351202, 9, 0.1, 0.1, 0.0206142416, 0.352353261, -0.0349680461, 0.927381316, -0.374117489, -3.25818716e-006, 0.374117489, 0.927381316, -8.09839686e-006, 6.0513338e-006, 6.29135714e-006, 1, 0.927381285, -0.374117564, -3.33517475e-006, 0.374117564, 0.927381285, -1.48274336e-005, 8.640182e-006, 1.2502937e-005, 1, 0, 0, 0, 0, 0, 0, 0, 0.366503149, -0.216296924, -0.17699563, -0.259666003, 0.499594111, -0.826323285, -0.947998047, 0.0306396484, 0.31640625, 0.183381371, 0.865608812, 0.465934485, 0, 0, -0, 0, 0, 0, 0, 0.42305415, -0.157544775, -0.12971543, 0.18143382, 0.372501557, -0.91003026, 0.599975586, -0.775146484, -0.197631836, -0.77912638, -0.510122136, -0.364209084, 0, 1, 1, 1, 
131.351902, 9, 0.1, 0.1, 0.0206142437, 0.352353259, -0.0349699401, 0.927381451, -0.374117154, -6.45110478e-006, 0.374117154, 0.927381451, -8.24867803e-006, 9.06860686e-006, 5.23620204e-006, 1, 0.92738143, -0.374117205, -8.24290629e-006, 0.374117205, 0.92738143, 2.62769174e-006, 6.66125354e-006, -5.52068558e-006, 1, 0, 0, 0, 0, 0, 0, 0, 0.366503149, -0.216296924, -0.17699563, -0.259666003, 0.499594111, -0.826323285, -0.947998047, 0.0306396484, 0.31640625, 0.183381371, 0.865608812, 0.465934485, 0, 0, -0, 0, 0, 0, 0, 0.42305415, -0.157544775, -0.12971543, 0.18143382, 0.372501557, -0.91003026, 0.599975586, -0.775146484, -0.197631836, -0.77912638, -0.510122136, -0.364209084, 0, 1, 1, 1, 
131.352598, 9, 0.1, 0.1, 0.0206142447, 0.352353259, -0.0349715988, 0.9273815, -0.374117031, -9.40868144e-006, 0.374117031, 0.9273815, 8.43064128e-006, 5.57139063e-006, -1.13383687e-005, 1, 0.927381498, -0.374117036, -7.32590588e-007, 0.374117036, 0.927381498, 6.67234128e-006, -1.81684559e-006, -6.46188047e-006, 1, 0, 0, 0, 0, 0, 0, 0, 0.366503149, -0.216296924, -0.17699563, -0.259666003, 0.499594111, -0.826323285, -0.947998047, 0.0306396484, 0.31640625, 0.183381371, 0.865608812, 0.465934485, 0, 0, -0, 0, 0, 0, 0, 0.42305415, -0.157544775, -0.12971543, 0.18143382, 0.372501557, -0.91003026, 0.599975586, -0.775146484, -0.197631836, -0.77912638, -0.510122136, -0.364209084, 0, 1, 1, 1, 
131.353294, 9, 0.1, 0.1, 0.0206142457, 0.352353259, -0.034972568, 0.927381502, -0.374117027, 5.72638829e-006, 0.374117027, 0.927381502, -8.04330528e-006, -2.30140911e-006, 9.60155189e-006, 1, 0.927381501, -0.37411703, 8.05828011e-006, 0.37411703, 0.927381501, -7.36191376e-006, -4.71888259e-006, 9.84204245e-006, 1, 0, 0, 0, 0, 0, 0, 0, 0.366503149, -0.216296924, -0.17699563, -0.259666003, 0.499594111, -0.826323285, -0.947998047, 0.0306396484, 0.31640625, 0.183381371, 0.865608812, 0.465934485, 0, 0, -0, 0, 0, 0, 0, 0.42305415, -0.157544775, -0.12971543, 0.18143382, 0.372501557, -0.91003026, 0.599975586, -0.775146484, -0.197631836, -0.77912638, -0.510122136, -0.364209084, 0, 1, 1, 1, 
131.35399, 9, 0.1, 0.1, 0.0206142476, 0.352353257, -0.0349725978, 0.927381542, -0.374116929, 4.61134519e-006, 0.374116929, 0.927381542, 6.04538474e-006, -6.53815718e-006, -3.88119592e-006, 1, 0.927381528, -0.374116962, 7.65860195e-008, 0.374116962, 0.927381528, 1.02558781e-005, -3.90792242e-006, -9.48245979e-006, 1, 0, 0, 0, 0, 0, 0, 0, 0.366503149, -0.216296924, -0.17699563, -0.259666003, 0.499594111, -0.826323285, -0.947998047, 0.0306396484, 0.31640625, 0.183381371, 0.865608812, 0.465934485, 0, 0, -0, 0, 0, 0, 0, 0.42305415, -0.157544775, -0.12971543, 0.18143382, 0.372501557, -0.91003026, 0.599975586, -0.775146484, -0.197631836, -0.77912638, -0.510122136, -0.364209084, 0, 1, 1, 1, 
131.354682, 9, 0.1, 0.1, 0.0206142478, 0.352353259, -0.0349718099, 0.92738164, -0.374116686, 3.07169014e-006, 0.374116686, 0.92738164, 7.31135185e-006, -5.58392777e-006, -5.63124293e-006, 1, 0.927381618, -0.374116738, -2.05525731e-007, 0.374116738, 0.927381618, -5.30291102e-006, 2.17450856e-006, 4.84093159e-006, 1, 0, 0, 0, 0, 0, 0, 0, 0.366503149, -0.216296924, -0.17699563, -0.259666003, 0.499594111, -0.826323285, -0.947998047, 0.0306396484, 0.31640625, 0.183381371, 0.865608812, 0.465934485, 0, 0, -0, 0, 0, 0, 0, 0.42305415, -0.157544775, -0.12971543, 0.18143382, 0.372501557, -0.91003026, 0.599975586, -0.775146484, -0.197631836, -0.77912638, -0.510122136, -0.364209084, 0, 1, 1, 1, 
131.355396, 9, 0.1, 0.1, 0.0206142484, 0.352353258, -0.0349703362, 0.927381718, -0.374116491, 3.90523752e-006, 0.374116491, 0.927381718, -1.12338063e-005, 5.81106325e-007, 1.18790404e-005, 1, 0.927381708, -0.374116515, -1.40944174e-006, 0.374116515, 0.927381708, -7.4052261e-006, 4.07750787e-006, 6.3401758e-006, 1, 0, 0, 0, 0, 0, 0, 0, 0.366503149, -0.216296924, -0.17699563, -0.26155202, 0.499391168, -0.826005766, -0.947998047, 0.02734375, 0.316772461, 0.180837472, 0.865888139, 0.466378563, 0, 0, -0, 0, 0, 0, 0, 0.42305415, -0.157544775, -0.12971543, 0.18143382, 0.372501557, -0.91003026, 0.599975586, -0.775146484, -0.197631836, -0.77912638, -0.510122136, -0.364209084, 0, 1, 1, 1, 
131.356106, 9, 0.1, 0.1, 0.0206142483, 0.352353256, -0.0349684406, 0.927381711, -0.374116508, -8.56438856e-006, 0.374116508, 0.927381711, 9.42088295e-006, 4.4179495e-006, -1.19408337e-005, 1, 0.927381719, -0.37411649, -6.08445175e-006, 0.37411649, 0.927381719, 1.10457062e-005, 1.51022851e-006, -1.25198797e-005, 1, 0, 0, 0, 0, 0, 0, 0, 0.367738477, -0.217422656, -0.176085083, -0.26155202, 0.499391168, -0.826005766, -0.947998047, 0.02734375, 0.316772461, 0.180837472, 0.865888139, 0.466378563, 0, 0, -0, 0, 0, 0, 0, 0.424070264, -0.157751416, -0.128367676, 0.179063757, 0.374028006, -0.909908858, 0.604125977, -0.771728516, -0.198242187, -0.776429658, -0.514134951, -0.364196324, 0, 1, 1, 1, 
131.356811, 9, 0.1, 0.1, 0.0206142474, 0.352353257, -0.0349669438, 0.927381672, -0.374116605, -1.52478864e-006, 0.374116605, 0.927381672, -6.47484107e-006, 3.8364066e-006, 5.43420019e-006, 1, 0.927381678, -0.374116591, 9.53837148e-006, 0.374116591, 0.927381678, -9.14353749e-006, -5.42496187e-006, 1.20480122e-005, 1, 0, 0, 0, 0, 0, 0, 0, 0.367738477, -0.217422656, -0.176085083, -0.26155202, 0.499391168, -0.826005766, -0.947998047, 0.02734375, 0.316772461, 0.180837472, 0.865888139, 0.466378563, 0, 0, -0, 0, 0, 0, 0, 0.424070264, -0.157751416, -0.128367676, 0.179063757, 0.374028006, -0.909908858, 0.604125977, -0.771728516, -0.198242187, -0.776429658, -0.514134951, -0.364196324, 0, 1, 1, 1, 
131.357512, 9, 0.1, 0.1, 0.0206142488, 0.352353255, -0.0349662798, 0.927381704, -0.374116525, 5.60639641e-006, 0.374116525, 0.927381704, -5.63764944e-006, -3.09013164e-006, 7.32569849e-006, 1, 0.927381692, -0.374116557, 4.51339906e-006, 0.374116557, 0.927381692, 7.50284604e-006, -6.99258259e-006, -5.26946474e-006, 1, 0, 0, 0, 0, 0, 0, 0, 0.367738477, -0.217422656, -0.176085083, -0.26155202, 0.499391168, -0.826005766, -0.947998047, 0.02734375, 0.316772461, 0.180837472, 0.865888139, 0.466378563, 0, 0, -0, 0, 0, 0, 0, 0.424070264, -0.157751416, -0.128367676, 0.179063757, 0.374028006, -0.909908858, 0.604125977, -0.771728516, -0.198242187, -0.776429658, -0.514134951, -0.364196324, 0, 1, 1, 1, 
131.358208, 9, 0.1, 0.1, 0.0206142505, 0.352353256, -0.0349665856, 0.927381801, -0.374116286, -6.88580526e-007, 0.374116286, 0.927381801, 1.29881904e-005, -4.2205165e-006, -1.23026206e-005, 1, 0.927381782, -0.374116332, -9.24697881e-007, 0.374116332, 0.927381782, 6.61112466e-006, -1.61578174e-006, -6.47698115e-006, 1, 0, 0, 0, 0, 0, 0, 0, 0.367738477, -0.217422656, -0.176085083, -0.26155202, 0.499391168, -0.826005766, -0.947998047, 0.02734375, 0.316772461, 0.180837472, 0.865888139, 0.466378563, 0, 0, -0, 0, 0, 0, 0, 0.424070264, -0.157751416, -0.128367676, 0.179063757, 0.374028006, -0.909908858, 0.604125977, -0.771728516, -0.198242187, -0.776429658, -0.514134951, -0.364196324, 0, 1, 1, 1, 
131.358937, 9, 0.1, 0.1, 0.0206142529, 0.352353258, -0.0349675112, 0.927381857, -0.374116146, 5.68243558e-006, 0.374116146, 0.927381857, -1.16085581e-005, -9.26838637e-007, 1.28914571e-005, 1, 0.927381854, -0.374116153, -2.62946197e-006, 0.374116153, 0.927381854, -1.5672023e-005, 8.30167229e-006, 1.35502256e-005, 1, 0, 0, 0, 0, 0, 0, 0, 0.367738477, -0.217422656, -0.176085083, -0.26155202, 0.499391168, -0.826005766, -0.947998047, 0.02734375, 0.316772461, 0.180837472, 0.865888139, 0.466378563, 0, 0, -0, 0, 0, 0, 0, 0.424070264, -0.157751416, -0.128367676, 0.179063757, 0.374028006, -0.909908858, 0.604125977, -0.771728516, -0.198242187, -0.776429658, -0.514134951, -0.364196324, 0, 1, 1, 1, 
131.359637, 9, 0.1, 0.1, 0.0206142553, 0.352353256, -0.0349688359, 0.927381824, -0.374116229, -6.79143923e-006, 0.374116229, 0.927381824, 2.66160589e-006, 5.30250734e-006, -5.00911256e-006, 1, 0.927381834, -0.374116203, -1.21249046e-005, 0.374116203, 0.927381834, 6.9247197e-006, 8.65376641e-006, -1.09579825e-005, 1, 0, 0, 0, 0, 0, 0, 0, 0.367738477, -0.217422656, -0.176085083, -0.26155202, 0.499391168, -0.826005766, -0.947998047, 0.02734375, 0.316772461, 0.180837472, 0.865888139, 0.466378563, 0, 0, -0, 0, 0, 0, 0, 0.424070264, -0.157751416, -0.128367676, 0.179063757, 0.374028006, -0.909908858, 0.604125977, -0.771728516, -0.198242187, -0.776429658, -0.514134951, -0.364196324, 0, 1, 1, 1, 
131.360346, 9, 0.1, 0.1, 0.020614255, 0.352353257, -0.0349702392, 0.927381783, -0.374116331, -7.09566578e-006, 0.374116331, 0.927381783, 4.79373951e-006, 4.78697494e-006, -7.10023114e-006, 1, 0.927381786, -0.374116323, -7.4297612e-007, 0.374116323, 0.927381786, -5.63584858e-006, 2.79748547e-006, 4.94862383e-006, 1, 0, 0, 0, 0, 0, 0, 0, 0.367738477, -0.217422656, -0.176085083, -0.262884253, 0.49894709, -0.82575864, -0.947509766, 0.0278320312, 0.318359375, 0.181790029, 0.866205658, 0.46559787, 0, 0, -0, 0, 0, 0, 0, 0.424070264, -0.157751416, -0.128367676, 0.179063757, 0.374028006, -0.909908858, 0.604125977, -0.771728516, -0.198242187, -0.776429658, -0.514134951, -0.364196324, 0, 1, 1, 1, 
131.361066, 9, 0.1, 0.1, 0.0206142547, 0.352353255, -0.0349709813, 0.927381818, -0.374116245, 3.49193137e-006, 0.374116245, 0.927381818, -8.09006904e-006, -2.11727416e-007, 8.80897118e-006, 1, 0.927381804, -0.374116279, 8.82834841e-006, 0.374116279, 0.927381804, -5.46893942e-007, -7.98264775e-006, 3.81000835e-006, 1, 0, 0, 0, 0, 0, 0, 0, 0.368119775, -0.219676807, -0.174958618, -0.262884253, 0.49894709, -0.82575864, -0.947509766, 0.0278320312, 0.318359375, 0.181790029, 0.866205658, 0.46559787, 0, 0, -0, 0, 0, 0, 0, 0.424490137, -0.159785498, -0.127029688, 0.178712312, 0.373663801, -0.910081299, 0.604003906, -0.771850586, -0.198242187, -0.776589339, -0.514173231, -0.363723477, 0, 1, 1, 1, 
131.361769, 9, 0.1, 0.1, 0.0206142608, 0.352353255, -0.0349711789, 0.927381944, -0.37411593, -9.52761119e-006, 0.37411593, 0.927381944, 8.79814683e-006, 5.5442077e-006, -1.17236736e-005, 1, 0.927381913, -0.374116007, -1.88282048e-005, 0.374116008, 0.927381913, 5.67456008e-006, 1.53379928e-005, -1.23064172e-005, 1, 0, 0, 0, 0, 0, 0, 0, 0.368119775, -0.219676807, -0.174958618, -0.262884253, 0.49894709, -0.82575864, -0.947509766, 0.0278320312, 0.318359375, 0.181790029, 0.866205658, 0.46559787, 0, 0, -0, 0, 0, 0, 0, 0.424490137, -0.159785498, -0.127029688, 0.178712312, 0.373663801, -0.910081299, 0.604003906, -0.771850586, -0.198242187, -0.776589339, -0.514173231, -0.363723477, 0, 1, 1, 1, 
131.36247, 9, 0.1, 0.1, 0.0206142562, 0.352353254, -0.0349708563, 0.927382138, -0.374115451, 1.02593879e-005, 0.374115451, 0.927382138, -1.22524672e-006, -9.05598935e-006, 4.97446746e-006, 1, 0.927382097, -0.374115552, 2.0049065e-005, 0.374115552, 0.927382097, -2.91284862e-006, -1.7503402e-005, 1.02019907e-005, 1, 0, 0, 0, 0, 0, 0, 0, 0.368119775, -0.219676807, -0.174958618, -0.262884253, 0.49894709, -0.82575864, -0.947509766, 0.0278320312, 0.318359375, 0.181790029, 0.866205658, 0.46559787, 0, 0, -0, 0, 0, 0, 0, 0.424490137, -0.159785498, -0.127029688, 0.178712312, 0.373663801, -0.910081299, 0.604003906, -0.771850586, -0.198242187, -0.776589339, -0.514173231, -0.363723477, 0, 1, 1, 1, 
131.36318, 9, 0.1, 0.1, 0.0206142601, 0.352353254, -0.0349700848, 0.927382322, -0.374114995, 3.03493949e-006, 0.374114995, 0.927382322, -8.53752779e-006, 3.79467942e-007, 9.05296872e-006, 1, 0.927382286, -0.374115083, -1.07165997e-005, 0.374115083, 0.927382286, -1.10837579e-006, 1.03530449e-005, -2.98135352e-006, 1, 0, 0, 0, 0, 0, 0, 0, 0.368119775, -0.219676807, -0.174958618, -0.267230672, 0.498705955, -0.824527878, -0.945922852, 0.0268554687, 0.322875977, 0.183219985, 0.86624385, 0.464784977, 0, 0, -0, 0, 0, 0, 0, 0.424490137, -0.159785498, -0.127029688, 0.178712312, 0.373663801, -0.910081299, 0.604003906, -0.771850586, -0.198242187, -0.776589339, -0.514173231, -0.363723477, 0, 1, 1, 1, 
131.363894, 9, 0.1, 0.1, 0.0206142541, 0.352353253, -0.0349688745, 0.927382408, -0.37411478, 6.15147543e-006, 0.37411478, 0.927382408, 1.04616518e-005, -9.61862868e-006, -7.400594e-006, 1, 0.9273824, -0.374114801, 1.73602188e-005, 0.374114801, 0.9273824, 9.67787547e-006, -1.97201978e-005, -2.4803766e-006, 1, 0, 0, 0, 0, 0, 0, 0, 0.36767876, -0.221251709, -0.174898193, -0.267230672, 0.498705955, -0.824527878, -0.945922852, 0.0268554687, 0.322875977, 0.183219985, 0.86624385, 0.464784977, 0, 0, -0, 0, 0, 0, 0, 0.424272363, -0.161574854, -0.126572217, 0.175753831, 0.37368932, -0.91071346, 0.603637695, -0.771606445, -0.200073242, -0.777636744, -0.514416034, -0.361212323, 0, 1, 1, 1, 
131.364596, 9, 0.1, 0.1, 0.020614258, 0.352353257, -0.0349679727, 0.927382373, -0.374114867, -3.45502921e-007, 0.374114867, 0.927382373, -1.74329947e-005, 6.84235582e-006, 1.60377942e-005, 1, 0.927382387, -0.374114832, -7.96928063e-006, 0.374114832, 0.927382387, -2.13922953e-005, 1.53937455e-005, 1.68574118e-005, 1, 0, 0, 0, 0, 0, 0, 0, 0.36767876, -0.221251709, -0.174898193, -0.267230672, 0.498705955, -0.824527878, -0.945922852, 0.0268554687, 0.322875977, 0.183219985, 0.86624385, 0.464784977, 0, 0, -0, 0, 0, 0, 0, 0.424272363, -0.161574854, -0.126572217, 0.175753831, 0.37368932, -0.91071346, 0.603637695, -0.771606445, -0.200073242, -0.777636744, -0.514416034, -0.361212323, 0, 1, 1, 1, 
131.365291, 9, 0.1, 0.1, 0.020614256, 0.352353254, -0.0349675968, 0.927382257, -0.374115155, -1.0452488e-006, 0.374115155, 0.927382257, 4.14148102e-006, -5.80045622e-007, -4.23177943e-006, 1, 0.927382284, -0.374115088, 6.79340607e-006, 0.374115088, 0.927382284, 1.31876867e-005, -1.1233797e-005, -9.68851133e-006, 1, 0, 0, 0, 0, 0, 0, 0, 0.36767876, -0.221251709, -0.174898193, -0.267230672, 0.498705955, -0.824527878, -0.945922852, 0.0268554687, 0.322875977, 0.183219985, 0.86624385, 0.464784977, 0, 0, -0, 0, 0, 0, 0, 0.424272363, -0.161574854, -0.126572217, 0.175753831, 0.37368932, -0.91071346, 0.603637695, -0.771606445, -0.200073242, -0.777636744, -0.514416034, -0.361212323, 0, 1, 1, 1, 
131.365993, 9, 0.1, 0.1, 0.020614263, 0.352353259, -0.0349677827, 0.927382134, -0.37411546, -1.55406375e-005, 0.37411546, 0.927382134, 5.1764695e-007, 1.42184498e-005, -6.29404926e-006, 1, 0.927382155, -0.374115407, -2.02886645e-005, 0.374115407, 0.927382155, -1.39076377e-005, 2.40184069e-005, 5.30739304e-006, 1, 0, 0, 0, 0, 0, 0, 0, 0.36767876, -0.221251709, -0.174898193, -0.267230672, 0.498705955, -0.824527878, -0.945922852, 0.0268554687, 0.322875977, 0.183219985, 0.86624385, 0.464784977, 0, 0, -0, 0, 0, 0, 0, 0.424272363, -0.161574854, -0.126572217, 0.175753831, 0.37368932, -0.91071346, 0.603637695, -0.771606445, -0.200073242, -0.777636744, -0.514416034, -0.361212323, 0, 1, 1, 1, 
131.366692, 9, 0.1, 0.1, 0.0206142615, 0.352353257, -0.0349684884, 0.927382108, -0.374115524, 6.44927791e-006, 0.374115524, 0.927382108, -1.04756226e-005, -2.06185191e-006, 1.212768e-005, 1, 0.927382105, -0.374115532, 1.22711044e-005, 0.374115532, 0.927382105, -2.17595304e-006, -1.05659448e-005, 6.60875066e-006, 1, 0, 0, 0, 0, 0, 0, 0, 0.36767876, -0.221251709, -0.174898193, -0.267230672, 0.498705955, -0.824527878, -0.945922852, 0.0268554687, 0.322875977, 0.183219985, 0.86624385, 0.464784977, 0, 0, -0, 0, 0, 0, 0, 0.424272363, -0.161574854, -0.126572217, 0.175753831, 0.37368932, -0.91071346, 0.603637695, -0.771606445, -0.200073242, -0.777636744, -0.514416034, -0.361212323, 0, 1, 1, 1, 
131.367391, 9, 0.1, 0.1, 0.0206142671, 0.352353258, -0.0349694461, 0.927382189, -0.374115323, -8.4744445e-006, 0.374115323, 0.927382189, 7.22210248e-006, 5.15714969e-006, -9.86806876e-006, 1, 0.927382166, -0.374115381, -1.81430952e-005, 0.374115381, 0.927382166, 3.7786569e-006, 1.54119293e-005, -1.029187e-005, 1, 0, 0, 0, 0, 0, 0, 0, 0.36767876, -0.221251709, -0.174898193, -0.267230672, 0.498705955, -0.824527878, -0.945922852, 0.0268554687, 0.322875977, 0.183219985, 0.86624385, 0.464784977, 0, 0, -0, 0, 0, 0, 0, 0.424272363, -0.161574854, -0.126572217, 0.175753831, 0.37368932, -0.91071346, 0.603637695, -0.771606445, -0.200073242, -0.777636744, -0.514416034, -0.361212323, 0, 1, 1, 1, 
131.368099, 9, 0.1, 0.1, 0.0206142617, 0.352353258, -0.0349703838, 0.927382349, -0.374114927, 1.17613275e-005, 0.374114927, 0.927382349, -2.37844499e-006, -1.00174358e-005, 6.6058161e-006, 1, 0.927382313, -0.374115017, 2.23732504e-005, 0.374115017, 0.927382313, -4.27045252e-006, -1.91509163e-005, 1.23305111e-005, 1, 0, 0, 0, 0, 0, 0, 0, 0.36767876, -0.221251709, -0.174898193, -0.271837321, 0.498845619, -0.822998694, -0.944458008, 0.0257568359, 0.327514648, 0.184567567, 0.866345321, 0.464295594, 0, 0, -0, 0, 0, 0, 0, 0.424272363, -0.161574854, -0.126572217, 0.175753831, 0.37368932, -0.91071346, 0.603637695, -0.771606445, -0.200073242, -0.777636744, -0.514416034, -0.361212323, 0, 1, 1, 1, 
131.368812, 9, 0.1, 0.1, 0.0206142659, 0.352353257, -0.0349707055, 0.927382504, -0.374114544, 8.91937164e-007, 0.374114544, 0.927382504, -7.45445603e-006, 1.96165349e-006, 7.24681876e-006, 1, 0.927382477, -0.37411461, -1.12679688e-005, 0.37411461, 0.927382477, -1.04108287e-006, 1.08392011e-005, -3.25002972e-006, 1, 0, 0, 0, 0, 0, 0, 0, 0.367224194, -0.222806958, -0.174598291, -0.271837321, 0.498845619, -0.822998694, -0.944458008, 0.0257568359, 0.327514648, 0.184567567, 0.866345321, 0.464295594, 0, 0, -0, 0, 0, 0, 0, 0.424108057, -0.163417676, -0.12589834, 0.173313039, 0.373197151, -0.911294582, 0.604003906, -0.771118164, -0.200927734, -0.777770539, -0.515572448, -0.359186776, 0, 1, 1, 1, 
131.369511, 9, 0.1, 0.1, 0.0206142611, 0.352353256, -0.0349706765, 0.927382566, -0.37411439, 4.3249843e-006, 0.37411439, 0.927382566, 1.26814023e-005, -8.75521011e-006, -1.01424725e-005, 1, 0.927382561, -0.374114401, 1.48489099e-005, 0.374114401, 0.927382561, 1.13420867e-005, -1.80138581e-005, -4.96326237e-006, 1, 0, 0, 0, 0, 0, 0, 0, 0.367224194, -0.222806958, -0.174598291, -0.271837321, 0.498845619, -0.822998694, -0.944458008, 0.0257568359, 0.327514648, 0.184567567, 0.866345321, 0.464295594, 0, 0, -0, 0, 0, 0, 0, 0.424108057, -0.163417676, -0.12589834, 0.173313039, 0.373197151, -0.911294582, 0.604003906, -0.771118164, -0.200927734, -0.777770539, -0.515572448, -0.359186776, 0, 1, 1, 1, 
131.370209, 9, 0.1, 0.1, 0.0206142646, 0.352353258, -0.0349702791, 0.927382519, -0.374114507, 9.46508809e-007, 0.374114507, 0.927382518, -1.23341615e-005, 3.73661301e-006, 1.17925884e-005, 1, 0.927382534, -0.374114468, -6.61089359e-006, 0.374114467, 0.927382534, -1.60563889e-005, 1.21377546e-005, 1.24171837e-005, 1, 0, 0, 0, 0, 0, 0, 0, 0.367224194, -0.222806958, -0.174598291, -0.271837321, 0.498845619, -0.822998694, -0.944458008, 0.0257568359, 0.327514648, 0.184567567, 0.866345321, 0.464295594, 0, 0, -0, 0, 0, 0, 0, 0.424108057, -0.163417676, -0.12589834, 0.173313039, 0.373197151, -0.911294582, 0.604003906, -0.771118164, -0.200927734, -0.777770539, -0.515572448, -0.359186776, 0, 1, 1, 1, 
131.370909, 9, 0.1, 0.1, 0.020614262, 0.352353254, -0.0349696865, 0.927382395, -0.374114812, 1.85766815e-006, 0.374114812, 0.927382395, 6.67818637e-006, -4.22117718e-006, -5.4982513e-006, 1, 0.927382423, -0.374114744, 8.97891143e-006, 0.374114744, 0.927382423, 1.54202489e-005, -1.40958271e-005, -1.09413246e-005, 1, 0, 0, 0, 0, 0, 0, 0, 0.367224194, -0.222806958, -0.174598291, -0.271837321, 0.498845619, -0.822998694, -0.944458008, 0.0257568359, 0.327514648, 0.184567567, 0.866345321, 0.464295594, 0, 0, -0, 0, 0, 0, 0, 0.424108057, -0.163417676, -0.12589834, 0.173313039, 0.373197151, -0.911294582, 0.604003906, -0.771118164, -0.200927734, -0.777770539, -0.515572448, -0.359186776, 0, 1, 1, 1, 
131.371608, 9, 0.1, 0.1, 0.0206142672, 0.352353258, -0.0349690969, 0.927382271, -0.374115121, -1.10886067e-005, 0.374115121, 0.927382271, 2.85956839e-006, 9.2135695e-006, -6.80032847e-006, 1, 0.927382293, -0.374115067, -1.55169789e-005, 0.374115067, 0.927382293, -1.06767386e-005, 1.83845002e-005, 4.09628269e-006, 1, 0, 0, 0, 0, 0, 0, 0, 0.367224194, -0.222806958, -0.174598291, -0.271837321, 0.498845619, -0.822998694, -0.944458008, 0.0257568359, 0.327514648, 0.184567567, 0.866345321, 0.464295594, 0, 0, -0, 0, 0, 0, 0, 0.424108057, -0.163417676, -0.12589834, 0.173313039, 0.373197151, -0.911294582, 0.604003906, -0.771118164, -0.200927734, -0.777770539, -0.515572448, -0.359186776, 0, 1, 1, 1, 
