time, trialNum, realDorsalTactorPos, realVentralTactorPos, boxPosX, boxPosY, boxPosZ, boxLocalRot_11, boxLocalRot_12, boxLocalRot_13, boxLocalRot_21, boxLocalRot_22, boxLocalRot_23, boxLocalRot_31, boxLocalRot_32, boxLocalRot_33, boxGlobalRot_11, boxGlobalRot_12, boxGlobalRot_13, boxGlobalRot_21, boxGlobalRot_22, boxGlobalRot_23, boxGlobalRot_31, boxGlobalRot_32, boxGlobalRot_33, indexForceX, indexForceY, indexForceZ, indexForceGlobalX, indexForceGlobalY, indexForceGlobalZ, indexContact, indexPosX, indexPosY, indexPosZ, indexRot_11, indexRot_12, indexRot_13, indexRot_21, indexRot_22, indexRot_23, indexRot_31, indexRot_32, indexRot_33, thumbForceX, thumbForceY, thumbForceZ, thumbForceGlobalX, thumbForceGlobalY, thumbForceGlobalZ, thumbContact, thumbPosX, thumbPosY, thumbPosZ, thumbRot_11, thumbRot_12, thumbRot_13, thumbRot_21, thumbRot_22, thumbRot_23, thumbRot_31, thumbRot_32, thumbRot_33, manipForceTooHigh, cceExpType, mapping, trialSuccess, 
104.275133, 9, 0.1, 0.1, 0.0288271773, 0.356197286, -0.0349717397, 0.914105206, -0.405477091, 6.46738116e-006, 0.405477091, 0.914105206, 8.28489287e-006, -9.27120105e-006, -4.95088881e-006, 1, 0.914105208, -0.405477087, 9.93377074e-006, 0.405477087, 0.914105208, 1.52806294e-006, -9.70010608e-006, 2.63110613e-006, 1, 0, 0, 0, 0, 0, 0, 0, 0.315695288, -0.204813989, -0.156397925, -0.251611976, 0.465655872, -0.848444004, -0.94128418, 0.0859375, 0.326293945, 0.224868548, 0.880747864, 0.416787899, 0, 0, -0, 0, 0, 0, 0, 0.368955811, -0.158353564, -0.127365381, 0.0173778783, 0.120093513, -0.992560845, 0.428222656, -0.897949219, -0.101196289, -0.903400997, -0.423237026, -0.0671313074, 0, 1, 1, 1, 
104.317999, 9, 0.1, 0.1, 0.0288272954, 0.356197074, -0.0349694042, 0.914109881, -0.405466554, 1.12931353e-005, 0.405466554, 0.914109881, 2.58727993e-006, -1.1372222e-005, 2.2139305e-006, 1, 0.914109861, -0.405466598, 3.41580779e-006, 0.405466598, 0.914109861, 8.07830159e-006, -6.39790505e-006, -5.99945918e-006, 1, 0, 0, 0, 0, 0, 0, 0, 0.315331763, -0.213025244, -0.153006885, -0.280456043, 0.466551141, -0.838823697, -0.93347168, 0.0704345703, 0.351318359, 0.223010219, 0.881718395, 0.415882151, 0, 0, -0, 0, 0, 0, 0, 0.369926758, -0.165317285, -0.124871631, 0.0120442374, 0.125917491, -0.991928317, 0.448608398, -0.887207031, -0.107177734, -0.893528455, -0.443613905, -0.0673103115, 0, 1, 1, 1, 
104.318698, 9, 0.1, 0.1, 0.0288272975, 0.356197072, -0.0349705604, 0.914109986, -0.405466315, -1.2865961e-005, 0.405466315, 0.914109986, -2.9407266e-007, 1.188014e-005, -4.94789904e-006, 1, 0.914109967, -0.405466359, -1.4204534e-005, 0.405466359, 0.914109967, 2.2342644e-006, 1.2078587e-005, -7.80182402e-006, 1, 0, 0, 0, 0, 0, 0, 0, 0.315331763, -0.213025244, -0.153006885, -0.280456043, 0.466551141, -0.838823697, -0.93347168, 0.0704345703, 0.351318359, 0.223010219, 0.881718395, 0.415882151, 0, 0, -0, 0, 0, 0, 0, 0.369926758, -0.165317285, -0.124871631, 0.0120442374, 0.125917491, -0.991928317, 0.448608398, -0.887207031, -0.107177734, -0.893528455, -0.443613905, -0.0673103115, 0, 1, 1, 1, 
104.319394, 9, 0.1, 0.1, 0.0288272972, 0.356197069, -0.0349713275, 0.914110033, -0.405466209, 1.08225651e-007, 0.405466209, 0.914110033, 8.25081382e-006, -3.44435636e-006, -7.49826985e-006, 1, 0.914110031, -0.405466215, 6.12585507e-006, 0.405466214, 0.914110031, 8.32707772e-006, -8.97605425e-006, -5.128038e-006, 1, 0, 0, 0, 0, 0, 0, 0, 0.315331763, -0.213025244, -0.153006885, -0.280456043, 0.466551141, -0.838823697, -0.93347168, 0.0704345703, 0.351318359, 0.223010219, 0.881718395, 0.415882151, 0, 0, -0, 0, 0, 0, 0, 0.369926758, -0.165317285, -0.124871631, 0.0120442374, 0.125917491, -0.991928317, 0.448608398, -0.887207031, -0.107177734, -0.893528455, -0.443613905, -0.0673103115, 0, 1, 1, 1, 
104.32009, 9, 0.1, 0.1, 0.0288272999, 0.356197067, -0.0349715557, 0.914110003, -0.405466278, 3.05407094e-006, 0.405466278, 0.914110003, 6.10135429e-006, -5.26565021e-006, -4.33898621e-006, 1, 0.914110012, -0.405466258, -3.67022809e-006, 0.405466258, 0.914110012, -5.0564774e-006, 5.40522321e-006, 3.13402297e-006, 1, 0, 0, 0, 0, 0, 0, 0, 0.315331763, -0.213025244, -0.153006885, -0.280456043, 0.466551141, -0.838823697, -0.93347168, 0.0704345703, 0.351318359, 0.223010219, 0.881718395, 0.415882151, 0, 0, -0, 0, 0, 0, 0, 0.369926758, -0.165317285, -0.124871631, 0.0120442374, 0.125917491, -0.991928317, 0.448608398, -0.887207031, -0.107177734, -0.893528455, -0.443613905, -0.0673103115, 0, 1, 1, 1, 
104.320792, 9, 0.1, 0.1, 0.0288273, 0.356197065, -0.0349711571, 0.914109986, -0.405466317, -8.37204632e-006, 0.405466317, 0.914109986, -7.04841834e-006, 1.05108674e-005, 3.0484468e-006, 1, 0.914109983, -0.405466324, -2.68408623e-006, 0.405466324, 0.914109983, -7.81039844e-006, 5.62040356e-006, 6.05125661e-006, 1, 0, 0, 0, 0, 0, 0, 0, 0.315331763, -0.213025244, -0.153006885, -0.280456043, 0.466551141, -0.838823697, -0.93347168, 0.0704345703, 0.351318359, 0.223010219, 0.881718395, 0.415882151, 0, 0, -0, 0, 0, 0, 0, 0.369926758, -0.165317285, -0.124871631, 0.0120442374, 0.125917491, -0.991928317, 0.448608398, -0.887207031, -0.107177734, -0.893528455, -0.443613905, -0.0673103115, 0, 1, 1, 1, 
104.321489, 9, 0.1, 0.1, 0.0288273001, 0.356197062, -0.0349703002, 0.914110047, -0.405466179, 1.26234271e-005, 0.405466179, 0.914110047, -9.92552236e-007, -1.11367552e-005, 6.02567472e-006, 1, 0.914110029, -0.405466219, 1.22082611e-005, 0.405466219, 0.914110029, 1.55872231e-006, -1.17917032e-005, 3.52519378e-006, 1, 0, 0, 0, 0, 0, 0, 0, 0.315331763, -0.213025244, -0.153006885, -0.280456043, 0.466551141, -0.838823697, -0.93347168, 0.0704345703, 0.351318359, 0.223010219, 0.881718395, 0.415882151, 0, 0, -0, 0, 0, 0, 0, 0.369926758, -0.165317285, -0.124871631, 0.0120442374, 0.125917491, -0.991928317, 0.448608398, -0.887207031, -0.107177734, -0.893528455, -0.443613905, -0.0673103115, 0, 1, 1, 1, 
104.322188, 9, 0.1, 0.1, 0.0288273031, 0.35619706, -0.0349692662, 0.914110134, -0.405465983, -3.24004583e-006, 0.405465983, 0.914110134, -5.5644828e-006, 5.21796721e-006, 3.77282175e-006, 1, 0.914110119, -0.405466017, -1.21615361e-005, 0.405466017, 0.914110119, -5.43771355e-007, 1.1337464e-005, -4.43402271e-006, 1, 0, 0, 0, 0, 0, 0, 0, 0.315331763, -0.213025244, -0.153006885, -0.280456043, 0.466551141, -0.838823697, -0.93347168, 0.0704345703, 0.351318359, 0.223010219, 0.881718395, 0.415882151, 0, 0, -0, 0, 0, 0, 0, 0.369926758, -0.165317285, -0.124871631, 0.0120442374, 0.125917491, -0.991928317, 0.448608398, -0.887207031, -0.107177734, -0.893528455, -0.443613905, -0.0673103115, 0, 1, 1, 1, 
104.322912, 9, 0.1, 0.1, 0.0288273025, 0.356197056, -0.034968121, 0.914110143, -0.405465962, -8.77103849e-006, 0.405465962, 0.914110143, 2.05028213e-006, 7.18637563e-006, -5.43054125e-006, 1, 0.914110148, -0.40546595, 7.13927957e-007, 0.40546595, 0.914110148, 1.00719714e-005, -4.73645026e-006, -8.91741783e-006, 1, 0, 0, 0, 0, 0, 0, 0, 0.314623071, -0.212314136, -0.153333496, -0.285501901, 0.467376017, -0.836544899, -0.932373047, 0.0662841797, 0.35534668, 0.221584749, 0.881464155, 0.417004328, 0, 0, -0, 0, 0, 0, 0, 0.369358203, -0.165078906, -0.125062891, 0.0096548515, 0.127271498, -0.991800352, 0.452026367, -0.885253906, -0.109130859, -0.891815706, -0.447153874, -0.0661921775, 0, 1, 1, 1, 
104.32362, 9, 0.1, 0.1, 0.028827304, 0.356197054, -0.0349673531, 0.914110078, -0.405466108, 8.5142554e-006, 0.405466108, 0.914110078, 1.19044896e-005, -1.26098338e-005, -7.42977195e-006, 1, 0.914110092, -0.405466078, 4.01995846e-006, 0.405466078, 0.914110092, 7.01982191e-006, -6.52098426e-006, -4.78693325e-006, 1, 0, 0, 0, 0, 0, 0, 0, 0.314623071, -0.212314136, -0.153333496, -0.285501901, 0.467376017, -0.836544899, -0.932373047, 0.0662841797, 0.35534668, 0.221584749, 0.881464155, 0.417004328, 0, 0, -0, 0, 0, 0, 0, 0.369358203, -0.165078906, -0.125062891, 0.0096548515, 0.127271498, -0.991800352, 0.452026367, -0.885253906, -0.109130859, -0.891815706, -0.447153874, -0.0661921775, 0, 1, 1, 1, 
104.324315, 9, 0.1, 0.1, 0.0288273053, 0.356197053, -0.0349672228, 0.914110055, -0.405466159, -1.23817722e-005, 0.405466159, 0.914110055, -3.26597642e-007, 1.14507267e-005, -4.72184342e-006, 1, 0.914110052, -0.405466166, -9.23567664e-006, 0.405466166, 0.914110052, -8.60885779e-006, 1.19330254e-005, 4.12468905e-006, 1, 0, 0, 0, 0, 0, 0, 0, 0.314623071, -0.212314136, -0.153333496, -0.285501901, 0.467376017, -0.836544899, -0.932373047, 0.0662841797, 0.35534668, 0.221584749, 0.881464155, 0.417004328, 0, 0, -0, 0, 0, 0, 0, 0.369358203, -0.165078906, -0.125062891, 0.0096548515, 0.127271498, -0.991800352, 0.452026367, -0.885253906, -0.109130859, -0.891815706, -0.447153874, -0.0661921775, 0, 1, 1, 1, 
104.325022, 9, 0.1, 0.1, 0.028827304, 0.35619705, -0.0349677851, 0.914110123, -0.405466008, 6.00205672e-006, 0.405466008, 0.914110123, -1.83804294e-006, -4.74127687e-006, 4.11380363e-006, 1, 0.914110104, -0.40546605, 1.37037631e-005, 0.40546605, 0.914110104, -1.87014381e-006, -1.17684685e-005, 7.26592805e-006, 1, 0, 0, 0, 0, 0, 0, 0, 0.314623071, -0.212314136, -0.153333496, -0.288845588, 0.466811372, -0.835790416, -0.930908203, 0.06640625, 0.358764648, 0.223103073, 0.88180077, 0.415525319, 0, 0, -0, 0, 0, 0, 0, 0.369358203, -0.165078906, -0.125062891, 0.0096548515, 0.127271498, -0.991800352, 0.452026367, -0.885253906, -0.109130859, -0.891815706, -0.447153874, -0.0661921775, 0, 1, 1, 1, 
104.325732, 9, 0.1, 0.1, 0.0288273077, 0.356197048, -0.0349685905, 0.914110198, -0.405465839, 5.92088226e-006, 0.405465839, 0.914110198, -3.86774236e-006, -3.84410145e-006, 5.93625823e-006, 1, 0.914110189, -0.405465857, -5.80204332e-006, 0.405465857, 0.914110189, -6.30407862e-006, 7.85979557e-006, 3.41009203e-006, 1, 0, 0, 0, 0, 0, 0, 0, 0.313787085, -0.212788452, -0.153299438, -0.288845588, 0.466811372, -0.835790416, -0.930908203, 0.06640625, 0.358764648, 0.223103073, 0.88180077, 0.415525319, 0, 0, -0, 0, 0, 0, 0, 0.368375635, -0.165793555, -0.125034082, 0.00830667409, 0.12669001, -0.991832069, 0.452026367, -0.885131836, -0.109375, -0.891834663, -0.447460476, -0.0647225985, 0, 1, 1, 1, 
104.326423, 9, 0.1, 0.1, 0.0288273086, 0.356197045, -0.0349696573, 0.914110185, -0.405465867, -9.91529854e-006, 0.405465867, 0.914110185, -7.68426109e-006, 1.2179381e-005, 3.0039462e-006, 1, 0.914110195, -0.405465844, -8.72423948e-006, 0.405465844, 0.914110195, 1.74516853e-006, 7.26731002e-006, -5.13265747e-006, 1, 0, 0, 0, 0, 0, 0, 0, 0.313787085, -0.212788452, -0.153299438, -0.288845588, 0.466811372, -0.835790416, -0.930908203, 0.06640625, 0.358764648, 0.223103073, 0.88180077, 0.415525319, 0, 0, -0, 0, 0, 0, 0, 0.368375635, -0.165793555, -0.125034082, 0.00830667409, 0.12669001, -0.991832069, 0.452026367, -0.885131836, -0.109375, -0.891834663, -0.447460476, -0.0647225985, 0, 1, 1, 1, 
104.327116, 9, 0.1, 0.1, 0.0288273089, 0.356197042, -0.0349706909, 0.914110124, -0.405466004, 8.56995652e-006, 0.405466004, 0.914110124, 8.67096195e-006, -1.13496643e-005, -4.45138808e-006, 1, 0.914110135, -0.40546598, 7.51911126e-006, 0.40546598, 0.914110135, 1.12475804e-005, -1.1433807e-005, -7.23278341e-006, 1, 0, 0, 0, 0, 0, 0, 0, 0.313787085, -0.212788452, -0.153299438, -0.288845588, 0.466811372, -0.835790416, -0.930908203, 0.06640625, 0.358764648, 0.223103073, 0.88180077, 0.415525319, 0, 0, -0, 0, 0, 0, 0, 0.368375635, -0.165793555, -0.125034082, 0.00830667409, 0.12669001, -0.991832069, 0.452026367, -0.885131836, -0.109375, -0.891834663, -0.447460476, -0.0647225985, 0, 1, 1, 1, 
104.327809, 9, 0.1, 0.1, 0.0288273109, 0.356197041, -0.0349713883, 0.914110116, -0.405466022, -5.9030453e-006, 0.405466022, 0.914110116, 5.61356865e-006, 3.11992207e-006, -7.52490419e-006, 1, 0.914110111, -0.405466034, -1.00660798e-005, 0.405466034, 0.914110111, 1.13715186e-006, 8.74042883e-006, -5.12093545e-006, 1, 0, 0, 0, 0, 0, 0, 0, 0.313787085, -0.212788452, -0.153299438, -0.288845588, 0.466811372, -0.835790416, -0.930908203, 0.06640625, 0.358764648, 0.223103073, 0.88180077, 0.415525319, 0, 0, -0, 0, 0, 0, 0, 0.368375635, -0.165793555, -0.125034082, 0.00830667409, 0.12669001, -0.991832069, 0.452026367, -0.885131836, -0.109375, -0.891834663, -0.447460476, -0.0647225985, 0, 1, 1, 1, 
104.328502, 9, 0.1, 0.1, 0.0288273095, 0.356197038, -0.0349715659, 0.91411018, -0.405465879, -6.25355955e-006, 0.405465879, 0.91411018, 2.4284736e-006, 4.73177927e-006, -4.75549746e-006, 1, 0.914110165, -0.405465914, 6.53947063e-006, 0.405465914, 0.914110165, -1.20566854e-007, -5.92891082e-006, 2.76174382e-006, 1, 0, 0, 0, 0, 0, 0, 0, 0.313787085, -0.212788452, -0.153299438, -0.288845588, 0.466811372, -0.835790416, -0.930908203, 0.06640625, 0.358764648, 0.223103073, 0.88180077, 0.415525319, 0, 0, -0, 0, 0, 0, 0, 0.368375635, -0.165793555, -0.125034082, 0.00830667409, 0.12669001, -0.991832069, 0.452026367, -0.885131836, -0.109375, -0.891834663, -0.447460476, -0.0647225985, 0, 1, 1, 1, 
104.329229, 9, 0.1, 0.1, 0.0288273113, 0.356197036, -0.034970775, 0.914110227, -0.405465773, 1.03682216e-005, 0.405465773, 0.914110227, 1.39648573e-006, -1.00439246e-005, 2.92741711e-006, 1, 0.914110225, -0.405465778, 7.04704854e-006, 0.405465778, 0.914110225, -3.25410435e-006, -5.12235117e-006, 5.83194708e-006, 1, 0, 0, 0, 0, 0, 0, 0, 0.313787085, -0.212788452, -0.153299438, -0.288845588, 0.466811372, -0.835790416, -0.930908203, 0.06640625, 0.358764648, 0.223103073, 0.88180077, 0.415525319, 0, 0, -0, 0, 0, 0, 0, 0.368375635, -0.165793555, -0.125034082, 0.00830667409, 0.12669001, -0.991832069, 0.452026367, -0.885131836, -0.109375, -0.891834663, -0.447460476, -0.0647225985, 0, 1, 1, 1, 
104.329951, 9, 0.1, 0.1, 0.0288273136, 0.356197035, -0.0349695759, 0.914110186, -0.405465866, -8.05428627e-006, 0.405465866, 0.914110186, -1.1808071e-005, 1.21502748e-005, 7.52813978e-006, 1, 0.914110201, -0.405465832, -1.0014069e-005, 0.405465832, 0.914110201, -9.55431112e-006, 1.30279093e-005, 4.67333043e-006, 1, 0, 0, 0, 0, 0, 0, 0, 0.312955127, -0.213039526, -0.15348252, -0.292131988, 0.466246726, -0.834915365, -0.929443359, 0.0668945312, 0.362548828, 0.224983098, 0.882137385, 0.414027213, 0, 0, -0, 0, 0, 0, 0, 0.368375635, -0.165793555, -0.125034082, 0.00740582361, 0.126657927, -0.991921387, 0.452880859, -0.884765625, -0.10949707, -0.891438375, -0.448323047, -0.0638727873, 0, 1, 1, 1, 
104.330643, 9, 0.1, 0.1, 0.0288273126, 0.356197032, -0.0349683172, 0.914110116, -0.405466022, 6.87676157e-006, 0.405466022, 0.914110116, -2.94382788e-006, -5.09249514e-006, 5.479276e-006, 1, 0.914110128, -0.405465996, 9.04965717e-006, 0.405465996, 0.914110128, 7.268272e-006, -1.12194204e-005, -2.97467279e-006, 1, 0, 0, 0, 0, 0, 0, 0, 0.312955127, -0.213039526, -0.15348252, -0.292131988, 0.466246726, -0.834915365, -0.929443359, 0.0668945312, 0.362548828, 0.224983098, 0.882137385, 0.414027213, 0, 0, -0, 0, 0, 0, 0, 0.367654639, -0.166037061, -0.124798877, 0.00740582361, 0.126657927, -0.991921387, 0.452880859, -0.884765625, -0.10949707, -0.891438375, -0.448323047, -0.0638727873, 0, 1, 1, 1, 
104.33134, 9, 0.1, 0.1, 0.0288273152, 0.35619703, -0.0349675014, 0.914110123, -0.405466006, 4.94452755e-006, 0.405466006, 0.914110123, 6.97125484e-006, -7.34644955e-006, -4.36765679e-006, 1, 0.914110115, -0.405466025, -7.24998527e-006, 0.405466025, 0.914110115, 4.92730338e-006, 4.62943075e-006, -7.44372057e-006, 1, 0, 0, 0, 0, 0, 0, 0, 0.312955127, -0.213039526, -0.15348252, -0.292131988, 0.466246726, -0.834915365, -0.929443359, 0.0668945312, 0.362548828, 0.224983098, 0.882137385, 0.414027213, 0, 0, -0, 0, 0, 0, 0, 0.367654639, -0.166037061, -0.124798877, 0.00740582361, 0.126657927, -0.991921387, 0.452880859, -0.884765625, -0.10949707, -0.891438375, -0.448323047, -0.0638727873, 0, 1, 1, 1, 
104.332034, 9, 0.1, 0.1, 0.0288273149, 0.356197028, -0.0349674037, 0.9141102, -0.405465833, -1.37033776e-005, 0.405465833, 0.9141102, 2.44860915e-006, 1.15335699e-005, -7.79455004e-006, 1, 0.914110185, -0.405465867, -7.29904223e-006, 0.405465867, 0.914110185, 2.20208542e-006, 5.77925837e-006, -4.9724612e-006, 1, 0, 0, 0, 0, 0, 0, 0, 0.312955127, -0.213039526, -0.15348252, -0.292131988, 0.466246726, -0.834915365, -0.929443359, 0.0668945312, 0.362548828, 0.224983098, 0.882137385, 0.414027213, 0, 0, -0, 0, 0, 0, 0, 0.367654639, -0.166037061, -0.124798877, 0.00740582361, 0.126657927, -0.991921387, 0.452880859, -0.884765625, -0.10949707, -0.891438375, -0.448323047, -0.0638727873, 0, 1, 1, 1, 
104.332727, 9, 0.1, 0.1, 0.0288273146, 0.356197026, -0.0349679938, 0.914110236, -0.405465753, 8.44781515e-006, 0.405465752, 0.914110236, 1.00995644e-005, -1.18172618e-005, -5.80681549e-006, 1, 0.914110236, -0.405465752, 1.24324014e-005, 0.405465752, 0.914110236, 2.59264446e-006, -1.24158139e-005, 2.67095013e-006, 1, 0, 0, 0, 0, 0, 0, 0, 0.312955127, -0.213039526, -0.15348252, -0.292131988, 0.466246726, -0.834915365, -0.929443359, 0.0668945312, 0.362548828, 0.224983098, 0.882137385, 0.414027213, 0, 0, -0, 0, 0, 0, 0, 0.367654639, -0.166037061, -0.124798877, 0.00740582361, 0.126657927, -0.991921387, 0.452880859, -0.884765625, -0.10949707, -0.891438375, -0.448323047, -0.0638727873, 0, 1, 1, 1, 
104.333421, 9, 0.1, 0.1, 0.0288273172, 0.356197025, -0.0349690456, 0.914110184, -0.405465869, -3.55159895e-006, 0.405465869, 0.914110184, -4.70894926e-006, 5.15587097e-006, 2.86444633e-006, 1, 0.914110199, -0.405465836, -7.94678594e-006, 0.405465836, 0.914110199, -9.68774267e-006, 1.11922868e-005, 5.63351417e-006, 1, 0, 0, 0, 0, 0, 0, 0, 0.312955127, -0.213039526, -0.15348252, -0.292131988, 0.466246726, -0.834915365, -0.929443359, 0.0668945312, 0.362548828, 0.224983098, 0.882137385, 0.414027213, 0, 0, -0, 0, 0, 0, 0, 0.367654639, -0.166037061, -0.124798877, 0.00740582361, 0.126657927, -0.991921387, 0.452880859, -0.884765625, -0.10949707, -0.891438375, -0.448323047, -0.0638727873, 0, 1, 1, 1, 
104.334113, 9, 0.1, 0.1, 0.0288273162, 0.356197021, -0.034970234, 0.914110125, -0.405466002, -2.5391376e-006, 0.405466002, 0.914110125, -6.94939492e-006, 5.13879476e-006, 5.32297829e-006, 1, 0.914110131, -0.405465989, 6.29975139e-006, 0.405465989, 0.914110131, -4.51902833e-007, -5.57543534e-006, 2.96742389e-006, 1, 0, 0, 0, 0, 0, 0, 0, 0.312955127, -0.213039526, -0.15348252, -0.292131988, 0.466246726, -0.834915365, -0.929443359, 0.0668945312, 0.362548828, 0.224983098, 0.882137385, 0.414027213, 0, 0, -0, 0, 0, 0, 0, 0.367654639, -0.166037061, -0.124798877, 0.00740582361, 0.126657927, -0.991921387, 0.452880859, -0.884765625, -0.10949707, -0.891438375, -0.448323047, -0.0638727873, 0, 1, 1, 1, 
104.334831, 9, 0.1, 0.1, 0.0288273176, 0.356197019, -0.0349711586, 0.914110148, -0.405465951, 1.22655368e-005, 0.405465951, 0.914110148, 1.2916854e-006, -1.17357861e-005, 3.79251483e-006, 1, 0.914110135, -0.405465981, 4.21978878e-006, 0.405465981, 0.914110135, 6.94377217e-006, -6.67281508e-006, -4.63639172e-006, 1, 0, 0, 0, 0, 0, 0, 0, 0.312545752, -0.213750635, -0.152408179, -0.291502941, 0.46542185, -0.835645883, -0.929199219, 0.0692138672, 0.362670898, 0.226613754, 0.882391624, 0.412536221, 0, 0, -0, 0, 0, 0, 0, 0.367654639, -0.166037061, -0.124798877, 0.00886264279, 0.126804848, -0.991889671, 0.45324707, -0.884643555, -0.109008789, -0.891285257, -0.448553091, -0.0653423663, 0, 1, 1, 1, 
104.335516, 9, 0.1, 0.1, 0.028827319, 0.356197017, -0.0349714246, 0.914110215, -0.4054658, -1.12605025e-005, 0.4054658, 0.914110215, -1.22727922e-006, 1.07909601e-005, -3.4438802e-006, 1, 0.914110203, -0.405465827, -1.24580035e-005, 0.405465827, 0.914110203, 1.1609806e-006, 1.09172501e-005, -6.11255889e-006, 1, 0, 0, 0, 0, 0, 0, 0, 0.312545752, -0.213750635, -0.152408179, -0.291502941, 0.46542185, -0.835645883, -0.929199219, 0.0692138672, 0.362670898, 0.226613754, 0.882391624, 0.412536221, 0, 0, -0, 0, 0, 0, 0, 0.367531006, -0.166478662, -0.124157959, 0.00886264279, 0.126804848, -0.991889671, 0.45324707, -0.884643555, -0.109008789, -0.891285257, -0.448553091, -0.0653423663, 0, 1, 1, 1, 
104.336206, 9, 0.1, 0.1, 0.0288273183, 0.356197015, -0.0349712285, 0.91411023, -0.405465765, 2.45416244e-007, 0.405465765, 0.91411023, 7.30307831e-006, -3.18548573e-006, -6.57631071e-006, 1, 0.914110234, -0.405465757, 6.48008389e-006, 0.405465757, 0.914110234, 7.38088147e-006, -8.9162057e-006, -4.11948717e-006, 1, 0, 0, 0, 0, 0, 0, 0, 0.312545752, -0.213750635, -0.152408179, -0.291502941, 0.46542185, -0.835645883, -0.929199219, 0.0692138672, 0.362670898, 0.226613754, 0.882391624, 0.412536221, 0, 0, -0, 0, 0, 0, 0, 0.367531006, -0.166478662, -0.124157959, 0.00886264279, 0.126804848, -0.991889671, 0.45324707, -0.884643555, -0.109008789, -0.891285257, -0.448553091, -0.0653423663, 0, 1, 1, 1, 
104.336895, 9, 0.1, 0.1, 0.0288273208, 0.356197015, -0.0349706835, 0.914110173, -0.405465895, 2.90930717e-006, 0.405465895, 0.914110173, 5.93249759e-006, -5.06485273e-006, -4.24333156e-006, 1, 0.914110187, -0.405465863, -3.88742115e-006, 0.405465863, 0.914110187, -5.61269427e-006, 5.8292872e-006, 3.55440444e-006, 1, 0, 0, 0, 0, 0, 0, 0, 0.312545752, -0.213750635, -0.152408179, -0.291502941, 0.46542185, -0.835645883, -0.929199219, 0.0692138672, 0.362670898, 0.226613754, 0.882391624, 0.412536221, 0, 0, -0, 0, 0, 0, 0, 0.367531006, -0.166478662, -0.124157959, 0.00886264279, 0.126804848, -0.991889671, 0.45324707, -0.884643555, -0.109008789, -0.891285257, -0.448553091, -0.0653423663, 0, 1, 1, 1, 
104.3376, 9, 0.1, 0.1, 0.0288273211, 0.356197013, -0.0349698557, 0.914110133, -0.405465985, -9.89129946e-006, 0.405465985, 0.914110133, -7.91799361e-006, 1.22522141e-005, 3.22733271e-006, 1, 0.914110134, -0.405465983, -4.16542828e-006, 0.405465983, 0.914110134, -8.7374299e-006, 7.3503908e-006, 6.29803374e-006, 1, 0, 0, 0, 0, 0, 0, 0, 0.312164697, -0.215132812, -0.151563794, -0.290403608, 0.464577879, -0.83647188, -0.928833008, 0.0728759766, 0.363037109, 0.229653027, 0.882525296, 0.410442391, 0, 0, -0, 0, 0, 0, 0, 0.367531006, -0.166478662, -0.124157959, 0.00886264279, 0.126804848, -0.991889671, 0.45324707, -0.884643555, -0.109008789, -0.891285257, -0.448553091, -0.0653423663, 0, 1, 1, 1, 
104.338306, 9, 0.1, 0.1, 0.0288273212, 0.35619701, -0.0349687828, 0.914110178, -0.405465883, 1.28932377e-005, 0.405465883, 0.914110178, -8.48800623e-007, -1.14416801e-005, 6.0036653e-006, 1, 0.914110163, -0.405465916, 1.22197558e-005, 0.405465916, 0.914110163, 1.81877402e-006, -1.19076538e-005, 3.29213467e-006, 1, 0, 0, 0, 0, 0, 0, 0, 0.312164697, -0.215132812, -0.151563794, -0.290403608, 0.464577879, -0.83647188, -0.928833008, 0.0728759766, 0.363037109, 0.229653027, 0.882525296, 0.410442391, 0, 0, -0, 0, 0, 0, 0, 0.367402246, -0.167369678, -0.123513623, 0.0103577414, 0.126606888, -0.991883474, 0.452636719, -0.885009766, -0.108154297, -0.891496344, -0.447837441, -0.0665691421, 0, 1, 1, 1, 
104.339004, 9, 0.1, 0.1, 0.028827324, 0.356197009, -0.0349680543, 0.914110253, -0.405465713, -2.71753682e-006, 0.405465713, 0.914110253, -5.69957323e-006, 4.7951098e-006, 4.10817033e-006, 1, 0.914110241, -0.405465742, -1.21579705e-005, 0.405465742, 0.914110241, -4.36026451e-007, 1.12905191e-005, -4.53106429e-006, 1, 0, 0, 0, 0, 0, 0, 0, 0.312164697, -0.215132812, -0.151563794, -0.290403608, 0.464577879, -0.83647188, -0.928833008, 0.0728759766, 0.363037109, 0.229653027, 0.882525296, 0.410442391, 0, 0, -0, 0, 0, 0, 0, 0.367402246, -0.167369678, -0.123513623, 0.0103577414, 0.126606888, -0.991883474, 0.452636719, -0.885009766, -0.108154297, -0.891496344, -0.447837441, -0.0665691421, 0, 1, 1, 1, 
104.339731, 9, 0.1, 0.1, 0.028827323, 0.356197005, -0.0349677021, 0.914110249, -0.405465723, -8.77095001e-006, 0.405465723, 0.914110249, 2.03642323e-007, 7.93504532e-006, -3.74247112e-006, 1, 0.914110258, -0.405465703, 1.65717628e-006, 0.405465703, 0.914110258, 9.05904361e-006, -5.18797332e-006, -7.60903654e-006, 1, 0, 0, 0, 0, 0, 0, 0, 0.312164697, -0.215132812, -0.151563794, -0.290403608, 0.464577879, -0.83647188, -0.928833008, 0.0728759766, 0.363037109, 0.229653027, 0.882525296, 0.410442391, 0, 0, -0, 0, 0, 0, 0, 0.367402246, -0.167369678, -0.123513623, 0.0103577414, 0.126606888, -0.991883474, 0.452636719, -0.885009766, -0.108154297, -0.891496344, -0.447837441, -0.0665691421, 0, 1, 1, 1, 
104.340435, 9, 0.1, 0.1, 0.0288273243, 0.356197005, -0.03496756, 0.914110171, -0.405465898, 8.95785149e-006, 0.405465898, 0.914110172, 9.8239215e-006, -1.21717283e-005, -5.34804327e-006, 1, 0.914110187, -0.405465864, 4.52020258e-006, 0.405465864, 0.914110187, 5.04124877e-006, -6.17601752e-006, -2.77546901e-006, 1, 0, 0, 0, 0, 0, 0, 0, 0.312164697, -0.215132812, -0.151563794, -0.290403608, 0.464577879, -0.83647188, -0.928833008, 0.0728759766, 0.363037109, 0.229653027, 0.882525296, 0.410442391, 0, 0, -0, 0, 0, 0, 0, 0.367402246, -0.167369678, -0.123513623, 0.0103577414, 0.126606888, -0.991883474, 0.452636719, -0.885009766, -0.108154297, -0.891496344, -0.447837441, -0.0665691421, 0, 1, 1, 1, 
104.341133, 9, 0.1, 0.1, 0.028827325, 0.356197005, -0.0349680055, 0.914110137, -0.405465976, -1.05974301e-005, 0.405465976, 0.914110137, -9.80563732e-007, 1.00848035e-005, -3.40055409e-006, 1, 0.914110136, -0.405465978, -7.70003134e-006, 0.405465978, 0.914110136, -9.35993424e-006, 1.08338116e-005, 5.43391002e-006, 1, 0, 0, 0, 0, 0, 0, 0, 0.312164697, -0.215132812, -0.151563794, -0.290403608, 0.464577879, -0.83647188, -0.928833008, 0.0728759766, 0.363037109, 0.229653027, 0.882525296, 0.410442391, 0, 0, -0, 0, 0, 0, 0, 0.367402246, -0.167369678, -0.123513623, 0.0103577414, 0.126606888, -0.991883474, 0.452636719, -0.885009766, -0.108154297, -0.891496344, -0.447837441, -0.0665691421, 0, 1, 1, 1, 
104.341827, 9, 0.1, 0.1, 0.028827323, 0.356197002, -0.0349689001, 0.91411019, -0.405465856, 8.16115524e-006, 0.405465856, 0.91411019, -9.04982954e-007, -7.09325548e-006, 4.13632394e-006, 1, 0.914110175, -0.405465889, 1.49826312e-005, 0.405465889, 0.914110175, -1.18555914e-006, -1.32150718e-005, 7.15867754e-006, 1, 0, 0, 0, 0, 0, 0, 0, 0.312164697, -0.215132812, -0.151563794, -0.290403608, 0.464577879, -0.83647188, -0.928833008, 0.0728759766, 0.363037109, 0.229653027, 0.882525296, 0.410442391, 0, 0, -0, 0, 0, 0, 0, 0.367402246, -0.167369678, -0.123513623, 0.0103577414, 0.126606888, -0.991883474, 0.452636719, -0.885009766, -0.108154297, -0.891496344, -0.447837441, -0.0665691421, 0, 1, 1, 1, 
104.342549, 9, 0.1, 0.1, 0.0288273251, 0.356197001, -0.0349698723, 0.914110251, -0.405465718, 9.60370957e-006, 0.405465718, 0.914110251, -2.47639716e-006, -7.77475521e-006, 6.15767503e-006, 1, 0.914110245, -0.405465732, -2.32107074e-006, 0.405465732, 0.914110245, -5.10199038e-006, 4.19039681e-006, 3.72266703e-006, 1, 0, 0, 0, 0, 0, 0, 0, 0.312897144, -0.215182373, -0.151322852, -0.293463099, 0.463569156, -0.836085091, -0.928222656, 0.0705566406, 0.364990234, 0.228283724, 0.88317943, 0.40976317, 0, 0, -0, 0, 0, 0, 0, 0.367402246, -0.167369678, -0.123513623, 0.00984041878, 0.126536159, -0.991896234, 0.455444336, -0.883544922, -0.108154297, -0.890077804, -0.450667957, -0.0664477405, 0, 1, 1, 1, 
104.343245, 9, 0.1, 0.1, 0.028827325, 0.356196998, -0.0349704535, 0.914110228, -0.405465771, -8.29314953e-006, 0.405465771, 0.914110228, -7.1356976e-006, 1.04741339e-005, 3.1602259e-006, 1, 0.91411024, -0.405465743, -6.69028405e-006, 0.405465743, 0.91411024, 2.12563921e-006, 5.25378328e-006, -4.65574957e-006, 1, 0, 0, 0, 0, 0, 0, 0, 0.312897144, -0.215182373, -0.151322852, -0.293463099, 0.463569156, -0.836085091, -0.928222656, 0.0705566406, 0.364990234, 0.228283724, 0.88317943, 0.40976317, 0, 0, -0, 0, 0, 0, 0, 0.368067578, -0.167210645, -0.123288672, 0.00984041878, 0.126536159, -0.991896234, 0.455444336, -0.883544922, -0.108154297, -0.890077804, -0.450667957, -0.0664477405, 0, 1, 1, 1, 
104.343947, 9, 0.1, 0.1, 0.028827325, 0.356196995, -0.0349707185, 0.914110158, -0.405465927, 7.91322581e-006, 0.405465927, 0.914110158, 8.722338e-006, -1.0770171e-005, -4.76463433e-006, 1, 0.914110171, -0.405465899, 7.39050347e-006, 0.405465899, 0.914110171, 1.15483875e-005, -1.14382117e-005, -7.55990129e-006, 1, 0, 0, 0, 0, 0, 0, 0, 0.312897144, -0.215182373, -0.151322852, -0.293463099, 0.463569156, -0.836085091, -0.928222656, 0.0705566406, 0.364990234, 0.228283724, 0.88317943, 0.40976317, 0, 0, -0, 0, 0, 0, 0, 0.368067578, -0.167210645, -0.123288672, 0.00984041878, 0.126536159, -0.991896234, 0.455444336, -0.883544922, -0.108154297, -0.890077804, -0.450667957, -0.0664477405, 0, 1, 1, 1, 
104.344639, 9, 0.1, 0.1, 0.0288273275, 0.356196994, -0.0349706643, 0.914110143, -0.405465962, -7.96155977e-006, 0.405465962, 0.914110143, 4.78331853e-006, 5.33826969e-006, -7.60062148e-006, 1, 0.914110139, -0.405465971, -1.21941439e-005, 0.405465971, 0.914110139, 3.48336133e-007, 1.10055521e-005, -5.26272798e-006, 1, 0, 0, 0, 0, 0, 0, 0, 0.312897144, -0.215182373, -0.151322852, -0.293463099, 0.463569156, -0.836085091, -0.928222656, 0.0705566406, 0.364990234, 0.228283724, 0.88317943, 0.40976317, 0, 0, -0, 0, 0, 0, 0, 0.368067578, -0.167210645, -0.123288672, 0.00984041878, 0.126536159, -0.991896234, 0.455444336, -0.883544922, -0.108154297, -0.890077804, -0.450667957, -0.0664477405, 0, 1, 1, 1, 
104.34533, 9, 0.1, 0.1, 0.0288273265, 0.356196993, -0.0349703352, 0.914110202, -0.40546583, -8.34573372e-006, 0.40546583, 0.914110202, 7.49942591e-007, 7.32484424e-006, -4.06944002e-006, 1, 0.914110187, -0.405465862, 4.82312402e-006, 0.405465862, 0.914110187, -1.82326985e-006, -3.66959311e-006, 3.62228169e-006, 1, 0, 0, 0, 0, 0, 0, 0, 0.312897144, -0.215182373, -0.151322852, -0.293463099, 0.463569156, -0.836085091, -0.928222656, 0.0705566406, 0.364990234, 0.228283724, 0.88317943, 0.40976317, 0, 0, -0, 0, 0, 0, 0, 0.368067578, -0.167210645, -0.123288672, 0.00984041878, 0.126536159, -0.991896234, 0.455444336, -0.883544922, -0.108154297, -0.890077804, -0.450667957, -0.0664477405, 0, 1, 1, 1, 
104.346028, 9, 0.1, 0.1, 0.0288273281, 0.356196992, -0.0349698554, 0.914110244, -0.405465735, 1.04681622e-005, 0.405465735, 0.914110244, 5.09085474e-007, -9.77547104e-006, 3.77912085e-006, 1, 0.914110242, -0.405465738, 6.88954314e-006, 0.405465738, 0.914110242, -4.50431224e-006, -4.47145766e-006, 6.91091165e-006, 1, 0, 0, 0, 0, 0, 0, 0, 0.312897144, -0.215182373, -0.151322852, -0.293463099, 0.463569156, -0.836085091, -0.928222656, 0.0705566406, 0.364990234, 0.228283724, 0.88317943, 0.40976317, 0, 0, -0, 0, 0, 0, 0, 0.368067578, -0.167210645, -0.123288672, 0.00984041878, 0.126536159, -0.991896234, 0.455444336, -0.883544922, -0.108154297, -0.890077804, -0.450667957, -0.0664477405, 0, 1, 1, 1, 
104.346726, 9, 0.1, 0.1, 0.02882733, 0.356196991, -0.0349693138, 0.914110201, -0.40546583, -8.10398977e-006, 0.40546583, 0.914110201, -1.11129662e-005, 1.19138678e-005, 6.87258481e-006, 1, 0.914110216, -0.405465798, -9.89542212e-006, 0.405465798, 0.914110216, -9.1052417e-006, 1.27373705e-005, 4.31093922e-006, 1, 0, 0, 0, 0, 0, 0, 0, 0.312897144, -0.215182373, -0.151322852, -0.293463099, 0.463569156, -0.836085091, -0.928222656, 0.0705566406, 0.364990234, 0.228283724, 0.88317943, 0.40976317, 0, 0, -0, 0, 0, 0, 0, 0.368067578, -0.167210645, -0.123288672, 0.00984041878, 0.126536159, -0.991896234, 0.455444336, -0.883544922, -0.108154297, -0.890077804, -0.450667957, -0.0664477405, 0, 1, 1, 1, 
104.347453, 9, 0.1, 0.1, 0.0288273286, 0.356196987, -0.0349686581, 0.914110127, -0.405465997, 7.50241077e-006, 0.405465997, 0.914110127, -1.58907211e-006, -6.21371495e-006, 4.49455937e-006, 1, 0.914110139, -0.405465971, 9.70828326e-006, 0.40546597, 0.914110139, 8.59227521e-006, -1.23583154e-005, -3.9179074e-006, 1, 0, 0, 0, 0, 0, 0, 0, 0.313470679, -0.215174927, -0.15105896, -0.295303811, 0.463708819, -0.835304398, -0.927856445, 0.0690917969, 0.366333008, 0.227586529, 0.883280902, 0.410010296, 0, 0, -0, 0, 0, 0, 0, 0.368610742, -0.167386523, -0.122866113, 0.0109523562, 0.12783293, -0.991717597, 0.457519531, -0.882446289, -0.108764648, -0.888978993, -0.452495544, -0.0681473629, 0, 1, 1, 1, 
104.348156, 9, 0.1, 0.1, 0.0288273309, 0.356196986, -0.0349680893, 0.914110134, -0.405465983, 5.04844621e-006, 0.405465983, 0.914110134, 7.42969403e-006, -7.62732403e-006, -4.7445854e-006, 1, 0.914110126, -0.405466001, -6.9621676e-006, 0.405466001, 0.914110126, 5.57310468e-006, 4.10448343e-006, -7.91735368e-006, 1, 0, 0, 0, 0, 0, 0, 0, 0.313470679, -0.215174927, -0.15105896, -0.295303811, 0.463708819, -0.835304398, -0.927856445, 0.0690917969, 0.366333008, 0.227586529, 0.883280902, 0.410010296, 0, 0, -0, 0, 0, 0, 0, 0.368610742, -0.167386523, -0.122866113, 0.0109523562, 0.12783293, -0.991717597, 0.457519531, -0.882446289, -0.108764648, -0.888978993, -0.452495544, -0.0681473629, 0, 1, 1, 1, 
104.348856, 9, 0.1, 0.1, 0.0288273306, 0.356196984, -0.03496796, 0.91411021, -0.405465811, -1.41921538e-005, 0.405465811, 0.91411021, 2.20868122e-006, 1.20776479e-005, -7.77341119e-006, 1, 0.914110195, -0.405465845, -7.84772527e-006, 0.405465845, 0.914110195, 2.10726443e-006, 6.31926192e-006, -5.10825646e-006, 1, 0, 0, 0, 0, 0, 0, 0, 0.313470679, -0.215174927, -0.15105896, -0.295303811, 0.463708819, -0.835304398, -0.927856445, 0.0690917969, 0.366333008, 0.227586529, 0.883280902, 0.410010296, 0, 0, -0, 0, 0, 0, 0, 0.368610742, -0.167386523, -0.122866113, 0.0109523562, 0.12783293, -0.991717597, 0.457519531, -0.882446289, -0.108764648, -0.888978993, -0.452495544, -0.0681473629, 0, 1, 1, 1, 
104.349561, 9, 0.1, 0.1, 0.0288273303, 0.356196983, -0.0349682614, 0.914110244, -0.405465733, 7.90999772e-006, 0.405465733, 0.914110244, 9.88804073e-006, -1.12398716e-005, -5.8315263e-006, 1, 0.914110245, -0.405465732, 1.19592858e-005, 0.405465732, 0.914110245, 2.13847912e-006, -1.17991857e-005, 2.8942749e-006, 1, 0, 0, 0, 0, 0, 0, 0, 0.313470679, -0.215174927, -0.15105896, -0.295303811, 0.463708819, -0.835304398, -0.927856445, 0.0690917969, 0.366333008, 0.227586529, 0.883280902, 0.410010296, 0, 0, -0, 0, 0, 0, 0, 0.368610742, -0.167386523, -0.122866113, 0.0109523562, 0.12783293, -0.991717597, 0.457519531, -0.882446289, -0.108764648, -0.888978993, -0.452495544, -0.0681473629, 0, 1, 1, 1, 
104.350276, 9, 0.1, 0.1, 0.0288273332, 0.356196982, -0.0349687059, 0.914110188, -0.405465861, -4.39666397e-006, 0.405465861, 0.914110188, -5.06520296e-006, 6.07280221e-006, 2.84745648e-006, 1, 0.914110203, -0.405465826, -9.10855645e-006, 0.405465826, 0.914110203, -1.03909617e-005, 1.25394043e-005, 5.80527578e-006, 1, 0, 0, 0, 0, 0, 0, 0, 0.313470679, -0.215174927, -0.15105896, -0.295303811, 0.463708819, -0.835304398, -0.927856445, 0.0690917969, 0.366333008, 0.227586529, 0.883280902, 0.410010296, 0, 0, -0, 0, 0, 0, 0, 0.369284619, -0.166798926, -0.122648486, 0.0103712344, 0.131180403, -0.991308916, 0.461547852, -0.880004883, -0.111572266, -0.886953446, -0.456316963, -0.069700064, 0, 1, 1, 1, 
104.350978, 9, 0.1, 0.1, 0.0288273322, 0.356196979, -0.0349692605, 0.914110124, -0.405466004, -2.85160381e-006, 0.405466004, 0.914110124, -6.96898543e-006, 5.43236659e-006, 5.21419173e-006, 1, 0.914110131, -0.40546599, 6.32483686e-006, 0.40546599, 0.914110131, -2.55627638e-007, -5.67794913e-006, 2.79817805e-006, 1, 0, 0, 0, 0, 0, 0, 0, 0.313470679, -0.215174927, -0.15105896, -0.295303811, 0.463708819, -0.835304398, -0.927856445, 0.0690917969, 0.366333008, 0.227586529, 0.883280902, 0.410010296, 0, 0, -0, 0, 0, 0, 0, 0.369284619, -0.166798926, -0.122648486, 0.0103712344, 0.131180403, -0.991308916, 0.461547852, -0.880004883, -0.111572266, -0.886953446, -0.456316963, -0.069700064, 0, 1, 1, 1, 
104.35168, 9, 0.1, 0.1, 0.0288273334, 0.356196977, -0.034969842, 0.914110144, -0.405465959, 1.2726046e-005, 0.405465959, 0.914110144, 2.26773258e-006, -1.25524961e-005, 3.0870211e-006, 1, 0.914110132, -0.405465987, 4.52605234e-006, 0.405465987, 0.914110132, 7.80069699e-006, -7.3002276e-006, -5.29553588e-006, 1, 0, 0, 0, 0, 0, 0, 0, 0.313470679, -0.215174927, -0.15105896, -0.295303811, 0.463708819, -0.835304398, -0.927856445, 0.0690917969, 0.366333008, 0.227586529, 0.883280902, 0.410010296, 0, 0, -0, 0, 0, 0, 0, 0.369284619, -0.166798926, -0.122648486, 0.0103712344, 0.131180403, -0.991308916, 0.461547852, -0.880004883, -0.111572266, -0.886953446, -0.456316963, -0.069700064, 0, 1, 1, 1, 
104.352394, 9, 0.1, 0.1, 0.0288273349, 0.356196975, -0.0349701402, 0.914110215, -0.405465801, -1.21182298e-005, 0.405465801, 0.914110215, -2.68006942e-007, 1.11860653e-005, -4.66853986e-006, 1, 0.914110202, -0.405465828, -1.37120538e-005, 0.405465828, 0.914110202, 2.31171287e-006, 1.15970077e-005, -7.67292958e-006, 1, 0, 0, 0, 0, 0, 0, 0, 0.314199097, -0.214651782, -0.151177344, -0.29842059, 0.465238004, -0.833374198, -0.927246094, 0.0653076172, 0.368530273, 0.225855523, 0.882791519, 0.412052829, 0, 0, -0, 0, 0, 0, 0, 0.369284619, -0.166798926, -0.122648486, 0.0103712344, 0.131180403, -0.991308916, 0.461547852, -0.880004883, -0.111572266, -0.886953446, -0.456316963, -0.069700064, 0, 1, 1, 1, 
104.353093, 9, 0.1, 0.1, 0.0288273337, 0.356196973, -0.0349701401, 0.914110227, -0.405465772, 1.39910253e-006, 0.405465772, 0.914110227, 8.6803937e-006, -4.79853646e-006, -7.36754848e-006, 1, 0.914110232, -0.405465762, 7.76015452e-006, 0.405465762, 0.914110232, 8.82196522e-006, -1.06706415e-005, -4.91777171e-006, 1, 0, 0, 0, 0, 0, 0, 0, 0.314199097, -0.214651782, -0.151177344, -0.29842059, 0.465238004, -0.833374198, -0.927246094, 0.0653076172, 0.368530273, 0.225855523, 0.882791519, 0.412052829, 0, 0, -0, 0, 0, 0, 0, 0.369284619, -0.166798926, -0.122648486, 0.0103712344, 0.131180403, -0.991308916, 0.461547852, -0.880004883, -0.111572266, -0.886953446, -0.456316963, -0.069700064, 0, 1, 1, 1, 
104.353797, 9, 0.1, 0.1, 0.0288273357, 0.356196973, -0.0349699089, 0.914110163, -0.405465917, 4.72585381e-006, 0.405465917, 0.914110163, 6.70905047e-006, -7.04024229e-006, -4.21663857e-006, 1, 0.914110179, -0.405465882, -2.48196412e-006, 0.405465882, 0.914110179, -5.29906178e-006, 4.41737742e-006, 3.83757455e-006, 1, 0, 0, 0, 0, 0, 0, 0, 0.314199097, -0.214651782, -0.151177344, -0.29842059, 0.465238004, -0.833374198, -0.927246094, 0.0653076172, 0.368530273, 0.225855523, 0.882791519, 0.412052829, 0, 0, -0, 0, 0, 0, 0, 0.369284619, -0.166798926, -0.122648486, 0.0103712344, 0.131180403, -0.991308916, 0.461547852, -0.880004883, -0.111572266, -0.886953446, -0.456316963, -0.069700064, 0, 1, 1, 1, 
104.354509, 9, 0.1, 0.1, 0.0288273352, 0.356196971, -0.0349695101, 0.914110117, -0.405466021, -8.41729672e-006, 0.405466021, 0.914110117, -7.24516065e-006, 1.06320025e-005, 3.20994684e-006, 1, 0.914110119, -0.405466016, -1.67804111e-006, 0.405466016, 0.914110119, -8.05121287e-006, 4.79840757e-006, 6.67930651e-006, 1, 0, 0, 0, 0, 0, 0, 0, 0.314199097, -0.214651782, -0.151177344, -0.299022305, 0.466931939, -0.832136323, -0.926513672, 0.0666503906, 0.370239258, 0.228299072, 0.881781674, 0.412845504, 0, 0, -0, 0, 0, 0, 0, 0.369284619, -0.166798926, -0.122648486, 0.0103712344, 0.131180403, -0.991308916, 0.461547852, -0.880004883, -0.111572266, -0.886953446, -0.456316963, -0.069700064, 0, 1, 1, 1, 
104.355223, 9, 0.1, 0.1, 0.028827335, 0.356196968, -0.0349688066, 0.91411016, -0.405465924, 1.30429445e-005, 0.405465924, 0.91411016, -3.79709999e-007, -1.17687286e-005, 5.63556633e-006, 1, 0.914110145, -0.405465957, 1.26507767e-005, 0.405465957, 0.914110145, 2.41729066e-006, -1.25443324e-005, 2.91978937e-006, 1, 0, 0, 0, 0, 0, 0, 0, 0.314399023, -0.216354224, -0.150888428, -0.299022305, 0.466931939, -0.832136323, -0.926513672, 0.0666503906, 0.370239258, 0.228299072, 0.881781674, 0.412845504, 0, 0, -0, 0, 0, 0, 0, 0.369299512, -0.167970654, -0.122427441, 0.0106267974, 0.133595675, -0.990925755, 0.461425781, -0.879760742, -0.113647461, -0.887049327, -0.455940365, -0.071009962, 0, 1, 1, 1, 
