time, trialNum, realDorsalTactorPos, realVentralTactorPos, boxPosX, boxPosY, boxPosZ, boxLocalRot_11, boxLocalRot_12, boxLocalRot_13, boxLocalRot_21, boxLocalRot_22, boxLocalRot_23, boxLocalRot_31, boxLocalRot_32, boxLocalRot_33, boxGlobalRot_11, boxGlobalRot_12, boxGlobalRot_13, boxGlobalRot_21, boxGlobalRot_22, boxGlobalRot_23, boxGlobalRot_31, boxGlobalRot_32, boxGlobalRot_33, indexForceX, indexForceY, indexForceZ, indexForceGlobalX, indexForceGlobalY, indexForceGlobalZ, indexContact, indexPosX, indexPosY, indexPosZ, indexRot_11, indexRot_12, indexRot_13, indexRot_21, indexRot_22, indexRot_23, indexRot_31, indexRot_32, indexRot_33, thumbForceX, thumbForceY, thumbForceZ, thumbForceGlobalX, thumbForceGlobalY, thumbForceGlobalZ, thumbContact, thumbPosX, thumbPosY, thumbPosZ, thumbRot_11, thumbRot_12, thumbRot_13, thumbRot_21, thumbRot_22, thumbRot_23, thumbRot_31, thumbRot_32, thumbRot_33, manipForceTooHigh, cceExpType, mapping, trialSuccess, 
136.800221, 10, 0.1, 0.1, 0.024135722, 0.356260235, -0.0349759726, 0.999106445, -6.91129323e-006, 0.0422647838, 0.0422647837, -1.59724993e-005, -0.999106445, 7.58019184e-006, 1, -1.56661227e-005, 0.999106455, -1.75484037e-005, 0.0422645432, 0.0422645434, 5.70950256e-006, -0.999106455, 1.72914139e-005, 1, 6.44607613e-006, 0, 0, 0, 0, 0, 0, 0, 0.228508838, -0.129625879, -0.184153296, -0.279653067, 0.589912649, -0.757389389, -0.813964844, 0.272460937, 0.512939453, 0.508998367, 0.760092914, 0.404096551, 0, 0, -0, 0, 0, 0, 0, 0.305301807, -0.0899163086, -0.15085332, 0.0892071105, 0.372562303, -0.923586986, 0.297973633, -0.894775391, -0.33215332, -0.950349204, -0.245605211, -0.190848334, 0, 1, 1, 1, 
136.832434, 10, 0.1, 0.1, 0.024135693, 0.356260273, -0.0349656725, 0.9991067, 1.10657105e-005, 0.0422587512, 0.0422587513, -1.26352905e-005, -0.9991067, -1.05218739e-005, 1, -1.30916265e-005, 0.999106696, 5.95145024e-006, 0.0422588399, 0.0422588399, 2.79140343e-006, -0.999106696, -6.06409526e-006, 1, 2.53740847e-006, 0, 0, 0, 0, 0, 0, 0, 0.229808789, -0.133486011, -0.182675732, -0.29284583, 0.597262392, -0.746576895, -0.81652832, 0.25, 0.520385742, 0.497492783, 0.762018627, 0.414619622, 0, 0, -0, 0, 0, 0, 0, 0.305001562, -0.0927867188, -0.149064551, 0.0727934748, 0.38057734, -0.921790748, 0.318969727, -0.884521484, -0.33996582, -0.944832526, -0.269311339, -0.185749834, 0, 1, 1, 1, 
136.833147, 10, 0.1, 0.1, 0.0241356968, 0.356260278, -0.0349646398, 0.999106725, -1.94910338e-005, 0.0422581657, 0.0422581659, 1.04447875e-005, -0.999106725, 1.90322454e-005, 1, 1.12591128e-005, 0.999106719, -1.91738246e-005, 0.0422583037, 0.0422583036, -6.56735645e-006, -0.999106719, 1.94342224e-005, 1, -5.75123665e-006, 0, 0, 0, 0, 0, 0, 0, 0.229933276, -0.133465747, -0.18261958, -0.294655464, 0.597618103, -0.745541963, -0.817016602, 0.246948242, 0.520874023, 0.495431154, 0.762703839, 0.415691624, 0, 0, -0, 0, 0, 0, 0, 0.305001562, -0.0927867188, -0.149064551, 0.0727934748, 0.38057734, -0.921790748, 0.318969727, -0.884521484, -0.33996582, -0.944832526, -0.269311339, -0.185749834, 0, 1, 1, 1, 
136.833859, 10, 0.1, 0.1, 0.0241356977, 0.356260272, -0.0349648583, 0.999106761, 1.13609105e-006, 0.0422573034, 0.0422573034, -4.72545008e-006, -0.999106761, -9.35391476e-007, 1, -4.76923727e-006, 0.999106754, 6.89244173e-006, 0.0422574821, 0.042257482, 1.16392781e-005, -0.999106754, -7.37813167e-006, 1, 1.13376241e-005, 0, 0, 0, 0, 0, 0, 0, 0.229933276, -0.133465747, -0.18261958, -0.294655464, 0.597618103, -0.745541963, -0.817016602, 0.246948242, 0.520874023, 0.495431154, 0.762703839, 0.415691624, 0, 0, -0, 0, 0, 0, 0, 0.304652588, -0.0928445801, -0.148832764, 0.0706148092, 0.380825973, -0.921854547, 0.322143555, -0.883300781, -0.340209961, -0.943956829, -0.272844745, -0.185142826, 0, 1, 1, 1, 
136.834553, 10, 0.1, 0.1, 0.024135702, 0.356260275, -0.0349664811, 0.999106802, 3.55920003e-006, 0.0422563405, 0.0422563404, 1.07813371e-005, -0.999106802, -4.01160081e-006, 1, 1.06213085e-005, 0.999106794, -8.6805868e-006, 0.042256524, 0.042256524, -4.29880806e-006, -0.999106794, 8.85448593e-006, 1, -3.92815692e-006, 0, 0, 0, 0, 0, 0, 0, 0.229933276, -0.133465747, -0.18261958, -0.294655464, 0.597618103, -0.745541963, -0.817016602, 0.246948242, 0.520874023, 0.495431154, 0.762703839, 0.415691624, 0, 0, -0, 0, 0, 0, 0, 0.304652588, -0.0928445801, -0.148832764, 0.0706148092, 0.380825973, -0.921854547, 0.322143555, -0.883300781, -0.340209961, -0.943956829, -0.272844745, -0.185142826, 0, 1, 1, 1, 
136.835249, 10, 0.1, 0.1, 0.0241357016, 0.356260272, -0.0349689252, 0.999106837, -6.24167326e-006, 0.042255503, 0.042255503, -8.96218408e-006, -0.999106837, 6.61480003e-006, 1, -8.69043435e-006, 0.999106831, -2.83674428e-006, 0.0422556457, 0.0422556457, 6.34759183e-006, -0.999106831, 2.565989e-006, 1, 6.46179083e-006, 0, 0, 0, 0, 0, 0, 0, 0.229933276, -0.133465747, -0.18261958, -0.294655464, 0.597618103, -0.745541963, -0.817016602, 0.246948242, 0.520874023, 0.495431154, 0.762703839, 0.415691624, 0, 0, -0, 0, 0, 0, 0, 0.304652588, -0.0928445801, -0.148832764, 0.0706148092, 0.380825973, -0.921854547, 0.322143555, -0.883300781, -0.340209961, -0.943956829, -0.272844745, -0.185142826, 0, 1, 1, 1, 
136.835956, 10, 0.1, 0.1, 0.0241357026, 0.356260277, -0.0349713312, 0.999106862, -3.55221207e-007, 0.0422549273, 0.0422549273, 2.12746724e-006, -0.999106862, 2.65007972e-007, 1, 2.14057696e-006, 0.999106857, -1.03328292e-006, 0.0422550381, 0.0422550381, -1.084811e-005, -0.999106857, 1.49074736e-006, 1, -1.07947597e-005, 0, 0, 0, 0, 0, 0, 0, 0.229933276, -0.133465747, -0.18261958, -0.294655464, 0.597618103, -0.745541963, -0.817016602, 0.246948242, 0.520874023, 0.495431154, 0.762703839, 0.415691624, 0, 0, -0, 0, 0, 0, 0, 0.304652588, -0.0928445801, -0.148832764, 0.0706148092, 0.380825973, -0.921854547, 0.322143555, -0.883300781, -0.340209961, -0.943956829, -0.272844745, -0.185142826, 0, 1, 1, 1, 
136.83665, 10, 0.1, 0.1, 0.0241357035, 0.356260275, -0.0349730632, 0.999106885, -8.21511191e-006, 0.042254373, 0.0422543729, -1.20111857e-005, -0.999106885, 8.71529999e-006, 1, -1.1653334e-005, 0.999106881, -5.55675625e-006, 0.0422544637, 0.0422544637, 2.14182328e-007, -0.999106881, 5.54274325e-006, 1, 4.48788793e-007, 0, 0, 0, 0, 0, 0, 0, 0.229933276, -0.133465747, -0.18261958, -0.294655464, 0.597618103, -0.745541963, -0.817016602, 0.246948242, 0.520874023, 0.495431154, 0.762703839, 0.415691624, 0, 0, -0, 0, 0, 0, 0, 0.304652588, -0.0928445801, -0.148832764, 0.0706148092, 0.380825973, -0.921854547, 0.322143555, -0.883300781, -0.340209961, -0.943956829, -0.272844745, -0.185142826, 0, 1, 1, 1, 
136.837346, 10, 0.1, 0.1, 0.0241357023, 0.356260279, -0.0349737008, 0.999106898, 1.39050275e-005, 0.0422540709, 0.0422540709, 4.94713215e-006, -0.999106898, -1.41016453e-005, 1, 4.35516984e-006, 0.999106896, 1.44366294e-005, 0.0422541062, 0.0422541063, -7.68149676e-006, -0.999106896, -1.40991612e-005, 1, -8.28464325e-006, 0, 0, 0, 0, 0, 0, 0, 0.229933276, -0.133465747, -0.18261958, -0.294655464, 0.597618103, -0.745541963, -0.817016602, 0.246948242, 0.520874023, 0.495431154, 0.762703839, 0.415691624, 0, 0, -0, 0, 0, 0, 0, 0.304652588, -0.0928445801, -0.148832764, 0.0706148092, 0.380825973, -0.921854547, 0.322143555, -0.883300781, -0.340209961, -0.943956829, -0.272844745, -0.185142826, 0, 1, 1, 1, 
136.838068, 10, 0.1, 0.1, 0.0241357071, 0.356260278, -0.0349729776, 0.999106897, -2.36505256e-005, 0.0422540901, 0.0422540899, -1.03331785e-005, -0.999106897, 2.40660223e-005, 1, -9.32461842e-006, 0.999106898, -2.17981429e-005, 0.0422540563, 0.0422540564, 2.46003717e-006, -0.999106899, 2.16747284e-005, 1, 3.37890007e-006, 0, 0, 0, 0, 0, 0, 0, 0.230131006, -0.133691797, -0.182170532, -0.295018288, 0.59751064, -0.745573042, -0.818359375, 0.244628906, 0.519897461, 0.493140373, 0.763586003, 0.417056058, 0, 0, -0, 0, 0, 0, 0, 0.304652588, -0.0928445801, -0.148832764, 0.0697715612, 0.380927685, -0.921937669, 0.325317383, -0.882324219, -0.33996582, -0.942940774, -0.276148108, -0.18551979, 0, 1, 1, 1, 
136.838766, 10, 0.1, 0.1, 0.024135709, 0.35626028, -0.0349711136, 0.999106885, 9.09842374e-006, 0.0422543871, 0.042254387, 1.03103387e-005, -0.999106885, -9.52595483e-006, 1, 9.91668201e-006, 0.999106888, 7.97499921e-006, 0.0422543051, 0.0422543051, -3.29589302e-006, -0.999106888, -7.82861097e-006, 1, -3.62992747e-006, 0, 0, 0, 0, 0, 0, 0, 0.230131006, -0.133691797, -0.182170532, -0.295018288, 0.59751064, -0.745573042, -0.818359375, 0.244628906, 0.519897461, 0.493140373, 0.763586003, 0.417056058, 0, 0, -0, 0, 0, 0, 0, 0.304841406, -0.0929073242, -0.148399707, 0.0697715612, 0.380927685, -0.921937669, 0.325317383, -0.882324219, -0.33996582, -0.942940774, -0.276148108, -0.18551979, 0, 1, 1, 1, 
136.839464, 10, 0.1, 0.1, 0.0241357099, 0.356260277, -0.0349689349, 0.999106863, 5.8323346e-006, 0.0422549068, 0.0422549068, -7.74298942e-006, -0.999106863, -5.49994623e-006, 1, -7.98251862e-006, 0.999106867, -2.76177025e-006, 0.0422547955, 0.0422547955, 6.42124244e-006, -0.999106867, 2.48797533e-006, 1, 6.53220546e-006, 0, 0, 0, 0, 0, 0, 0, 0.230131006, -0.133691797, -0.182170532, -0.295018288, 0.59751064, -0.745573042, -0.818359375, 0.244628906, 0.519897461, 0.493140373, 0.763586003, 0.417056058, 0, 0, -0, 0, 0, 0, 0, 0.304841406, -0.0929073242, -0.148399707, 0.0697715612, 0.380927685, -0.921937669, 0.325317383, -0.882324219, -0.33996582, -0.942940774, -0.276148108, -0.18551979, 0, 1, 1, 1, 
136.840161, 10, 0.1, 0.1, 0.0241357108, 0.35626028, -0.0349671101, 0.999106845, -3.99153779e-006, 0.0422553283, 0.0422553284, 1.0615584e-005, -0.999106845, 3.53940774e-006, 1, 1.07747663e-005, 0.999106847, -6.75375825e-006, 0.0422552686, 0.0422552685, -4.71444707e-006, -0.999106847, 6.94693634e-006, 1, -4.42485448e-006, 0, 0, 0, 0, 0, 0, 0, 0.230131006, -0.133691797, -0.182170532, -0.295018288, 0.59751064, -0.745573042, -0.818359375, 0.244628906, 0.519897461, 0.493140373, 0.763586003, 0.417056058, 0, 0, -0, 0, 0, 0, 0, 0.304841406, -0.0929073242, -0.148399707, 0.0697715612, 0.380927685, -0.921937669, 0.325317383, -0.882324219, -0.33996582, -0.942940774, -0.276148108, -0.18551979, 0, 1, 1, 1, 
136.840886, 10, 0.1, 0.1, 0.0241357107, 0.356260276, -0.034965778, 0.999106836, -4.73595431e-006, 0.0422555288, 0.0422555288, -9.72442637e-006, -0.999106836, 5.14263511e-006, 1, -9.51562061e-006, 0.999106838, -2.86421678e-006, 0.0422554789, 0.042255479, 6.85214572e-006, -0.999106838, 2.57211787e-006, 1, 6.9670545e-006, 0, 0, 0, 0, 0, 0, 0, 0.230538428, -0.133896118, -0.181917627, -0.295641343, 0.597847255, -0.745083659, -0.819580078, 0.24206543, 0.519287109, 0.490767217, 0.764150649, 0.418585243, 0, 0, -0, 0, 0, 0, 0, 0.304808691, -0.0929734863, -0.147960059, 0.0689155534, 0.381054917, -0.92188663, 0.328735352, -0.881103516, -0.339599609, -0.941803316, -0.279694274, -0.186005397, 0, 1, 1, 1, 
136.841585, 10, 0.1, 0.1, 0.02413571, 0.35626028, -0.0349656736, 0.99910682, -2.5110214e-006, 0.0422559072, 0.0422559073, 8.06310792e-006, -0.99910682, 2.16806466e-006, 1, 8.1620116e-006, 0.999106824, 7.41458969e-006, 0.0422558215, 0.0422558216, -7.46846958e-006, -0.999106824, -7.09238084e-006, 1, -7.7751085e-006, 0, 0, 0, 0, 0, 0, 0, 0.230538428, -0.133896118, -0.181917627, -0.295641343, 0.597847255, -0.745083659, -0.819580078, 0.24206543, 0.519287109, 0.490767217, 0.764150649, 0.418585243, 0, 0, -0, 0, 0, 0, 0, 0.304808691, -0.0929734863, -0.147960059, 0.0689155534, 0.381054917, -0.92188663, 0.328735352, -0.881103516, -0.339599609, -0.941803316, -0.279694274, -0.186005397, 0, 1, 1, 1, 
136.842282, 10, 0.1, 0.1, 0.0241357101, 0.356260276, -0.0349667062, 0.999106808, 5.42307285e-006, 0.0422562065, 0.0422562065, -8.93716367e-006, -0.999106808, -5.04057837e-006, 1, -9.15833955e-006, 0.999106809, 8.5062916e-006, 0.0422561698, 0.0422561697, 6.43471803e-006, -0.999106809, -8.77060039e-006, 1, 6.06952729e-006, 0, 0, 0, 0, 0, 0, 0, 0.230538428, -0.133896118, -0.181917627, -0.295641343, 0.597847255, -0.745083659, -0.819580078, 0.24206543, 0.519287109, 0.490767217, 0.764150649, 0.418585243, 0, 0, -0, 0, 0, 0, 0, 0.304808691, -0.0929734863, -0.147960059, 0.0689155534, 0.381054917, -0.92188663, 0.328735352, -0.881103516, -0.339599609, -0.941803316, -0.279694274, -0.186005397, 0, 1, 1, 1, 
136.842994, 10, 0.1, 0.1, 0.0241357116, 0.35626028, -0.0349685116, 0.999106804, 4.3822379e-006, 0.0422562993, 0.0422562993, 9.0031031e-006, -0.999106804, -4.75876152e-006, 1, 8.8098844e-006, 0.999106805, 2.9670892e-006, 0.0422562683, 0.0422562683, -6.67813048e-006, -0.999106805, -2.68224613e-006, 1, -6.79754372e-006, 0, 0, 0, 0, 0, 0, 0, 0.230538428, -0.133896118, -0.181917627, -0.295641343, 0.597847255, -0.745083659, -0.819580078, 0.24206543, 0.519287109, 0.490767217, 0.764150649, 0.418585243, 0, 0, -0, 0, 0, 0, 0, 0.304808691, -0.0929734863, -0.147960059, 0.0689155534, 0.381054917, -0.92188663, 0.328735352, -0.881103516, -0.339599609, -0.941803316, -0.279694274, -0.186005397, 0, 1, 1, 1, 
136.843692, 10, 0.1, 0.1, 0.0241357143, 0.356260276, -0.0349703689, 0.999106792, 4.22336537e-008, 0.0422565719, 0.0422565719, -6.08947649e-006, -0.999106792, 2.15124471e-007, 1, -6.08582197e-006, 0.999106795, -8.16503783e-006, 0.0422565067, 0.0422565068, 7.50809556e-006, -0.999106795, 7.84047889e-006, 1, 7.84641527e-006, 0, 0, 0, 0, 0, 0, 0, 0.230538428, -0.133896118, -0.181917627, -0.295641343, 0.597847255, -0.745083659, -0.819580078, 0.24206543, 0.519287109, 0.490767217, 0.764150649, 0.418585243, 0, 0, -0, 0, 0, 0, 0, 0.304808691, -0.0929734863, -0.147960059, 0.0689155534, 0.381054917, -0.92188663, 0.328735352, -0.881103516, -0.339599609, -0.941803316, -0.279694274, -0.186005397, 0, 1, 1, 1, 
136.844389, 10, 0.1, 0.1, 0.0241357099, 0.356260279, -0.0349718569, 0.999106774, 5.60214772e-006, 0.042257006, 0.042257006, 6.31395173e-006, -0.999106774, -5.86395243e-006, 1, 6.07158195e-006, 0.999106777, 1.58092111e-005, 0.0422569173, 0.0422569174, -5.53570217e-006, -0.999106778, -1.55611682e-005, 1, -6.19880608e-006, 0, 0, 0, 0, 0, 0, 0, 0.230538428, -0.133896118, -0.181917627, -0.295641343, 0.597847255, -0.745083659, -0.819580078, 0.24206543, 0.519287109, 0.490767217, 0.764150649, 0.418585243, 0, 0, -0, 0, 0, 0, 0, 0.304808691, -0.0929734863, -0.147960059, 0.0689155534, 0.381054917, -0.92188663, 0.328735352, -0.881103516, -0.339599609, -0.941803316, -0.279694274, -0.186005397, 0, 1, 1, 1, 
136.845095, 10, 0.1, 0.1, 0.024135716, 0.356260278, -0.0349725649, 0.999106749, -9.26931067e-006, 0.0422575851, 0.042257585, -1.16378787e-005, -0.999106749, 9.7528195e-006, 1, -1.12357845e-005, 0.999106755, -1.78745561e-005, 0.0422574563, 0.0422574563, 1.53617766e-006, -0.999106755, 1.77936747e-005, 1, 2.29013875e-006, 0, 0, 0, 0, 0, 0, 0, 0.230538428, -0.133896118, -0.181917627, -0.295851399, 0.597904543, -0.74482942, -0.82019043, 0.240478516, 0.518920898, 0.489440975, 0.764512351, 0.419410119, 0, 0, -0, 0, 0, 0, 0, 0.304808691, -0.0929734863, -0.147960059, 0.0689155534, 0.381054917, -0.92188663, 0.328735352, -0.881103516, -0.339599609, -0.941803316, -0.279694274, -0.186005397, 0, 1, 1, 1, 
136.845807, 10, 0.1, 0.1, 0.0241357142, 0.356260282, -0.0349720785, 0.999106719, -1.58009277e-007, 0.0422583049, 0.0422583049, 5.81432277e-006, -0.999106719, -8.78352939e-008, 1, 5.81580615e-006, 0.999106725, 8.81739334e-006, 0.0422581608, 0.0422581608, -7.33036338e-006, -0.999106725, -8.49974931e-006, 1, -7.69642218e-006, 0, 0, 0, 0, 0, 0, 0, 0.230746899, -0.134561816, -0.18145564, -0.295851399, 0.597904543, -0.74482942, -0.82019043, 0.240478516, 0.518920898, 0.489440975, 0.764512351, 0.419410119, 0, 0, -0, 0, 0, 0, 0, 0.304769141, -0.0934988281, -0.147526758, 0.0681105849, 0.380543424, -0.922154953, 0.330688477, -0.880615234, -0.338989258, -0.941151466, -0.28183466, -0.185788113, 0, 1, 1, 1, 
136.846504, 10, 0.1, 0.1, 0.0241357208, 0.356260279, -0.0349709038, 0.999106685, -8.11350034e-006, 0.0422591133, 0.0422591132, -7.37285771e-006, -0.999106685, 8.41782286e-006, 1, -7.0234021e-006, 0.999106691, -1.80185605e-005, 0.0422589535, 0.0422589536, 4.63819725e-006, -0.999106691, 1.7806459e-005, 1, 5.39549942e-006, 0, 0, 0, 0, 0, 0, 0, 0.230746899, -0.134561816, -0.18145564, -0.295851399, 0.597904543, -0.74482942, -0.82019043, 0.240478516, 0.518920898, 0.489440975, 0.764512351, 0.419410119, 0, 0, -0, 0, 0, 0, 0, 0.304769141, -0.0934988281, -0.147526758, 0.0681105849, 0.380543424, -0.922154953, 0.330688477, -0.880615234, -0.338989258, -0.941151466, -0.28183466, -0.185788113, 0, 1, 1, 1, 
136.8472, 10, 0.1, 0.1, 0.0241357174, 0.356260281, -0.0349694236, 0.999106646, 5.61012283e-006, 0.0422600239, 0.0422600238, 1.4207369e-005, -0.999106646, -6.20551476e-006, 1, 1.39575929e-005, 0.999106654, 1.46862877e-005, 0.0422598398, 0.0422598398, 9.15942159e-008, -0.999106654, -1.46770385e-005, 1, -5.29127775e-007, 0, 0, 0, 0, 0, 0, 0, 0.230746899, -0.134561816, -0.18145564, -0.295851399, 0.597904543, -0.74482942, -0.82019043, 0.240478516, 0.518920898, 0.489440975, 0.764512351, 0.419410119, 0, 0, -0, 0, 0, 0, 0, 0.304769141, -0.0934988281, -0.147526758, 0.0681105849, 0.380543424, -0.922154953, 0.330688477, -0.880615234, -0.338989258, -0.941151466, -0.28183466, -0.185788113, 0, 1, 1, 1, 
136.847906, 10, 0.1, 0.1, 0.0241357225, 0.356260276, -0.0349679906, 0.999106602, -3.65531192e-006, 0.0422610626, 0.0422610626, -4.82199548e-006, -0.999106602, 3.85582893e-006, 1, -4.66321015e-006, 0.999106611, -1.40602073e-005, 0.0422608575, 0.0422608577, 9.9765019e-006, -0.999106611, 1.36260306e-005, 1, 1.05617854e-005, 0, 0, 0, 0, 0, 0, 0, 0.230746899, -0.134561816, -0.18145564, -0.295851399, 0.597904543, -0.74482942, -0.82019043, 0.240478516, 0.518920898, 0.489440975, 0.764512351, 0.419410119, 0, 0, -0, 0, 0, 0, 0, 0.304769141, -0.0934988281, -0.147526758, 0.0681105849, 0.380543424, -0.922154953, 0.330688477, -0.880615234, -0.338989258, -0.941151466, -0.28183466, -0.185788113, 0, 1, 1, 1, 
136.848606, 10, 0.1, 0.1, 0.0241357177, 0.356260278, -0.0349671043, 0.999106555, 7.13018565e-006, 0.0422621856, 0.0422621855, 1.07997014e-005, -0.999106555, -7.5802342e-006, 1, 1.04887152e-005, 0.999106564, 1.7956908e-005, 0.0422619657, 0.0422619657, -2.93218534e-006, -0.999106564, -1.78169447e-005, 1, -3.68845985e-006, 0, 0, 0, 0, 0, 0, 0, 0.230746899, -0.134561816, -0.18145564, -0.295851399, 0.597904543, -0.74482942, -0.82019043, 0.240478516, 0.518920898, 0.489440975, 0.764512351, 0.419410119, 0, 0, -0, 0, 0, 0, 0, 0.304769141, -0.0934988281, -0.147526758, 0.0681105849, 0.380543424, -0.922154953, 0.330688477, -0.880615234, -0.338989258, -0.941151466, -0.28183466, -0.185788113, 0, 1, 1, 1, 
136.849306, 10, 0.1, 0.1, 0.0241357235, 0.356260276, -0.0349669709, 0.999106503, -6.92170572e-006, 0.0422633965, 0.0422633964, -1.28852443e-005, -0.999106503, 7.46009538e-006, 1, -1.25811965e-005, 0.999106514, -1.71818912e-005, 0.0422631527, 0.0422631527, 2.78008629e-006, -0.999106514, 1.70490442e-005, 1, 3.50376321e-006, 0, 0, 0, 0, 0, 0, 0, 0.230746899, -0.134561816, -0.18145564, -0.295851399, 0.597904543, -0.74482942, -0.82019043, 0.240478516, 0.518920898, 0.489440975, 0.764512351, 0.419410119, 0, 0, -0, 0, 0, 0, 0, 0.304769141, -0.0934988281, -0.147526758, 0.0681105849, 0.380543424, -0.922154953, 0.330688477, -0.880615234, -0.338989258, -0.941151466, -0.28183466, -0.185788113, 0, 1, 1, 1, 
136.850029, 10, 0.1, 0.1, 0.0241357196, 0.356260281, -0.0349675303, 0.999106446, 4.53689003e-006, 0.0422647467, 0.0422647466, 6.25338134e-006, -0.999106446, -4.79713366e-006, 1, 6.0560431e-006, 0.999106458, 1.54507833e-005, 0.0422644631, 0.0422644633, -9.74782609e-006, -0.999106458, -1.50249907e-005, 1, -1.03921351e-005, 0, 0, 0, 0, 0, 0, 0, 0.231010913, -0.135207129, -0.18078335, -0.295001435, 0.598386813, -0.744860499, -0.821166992, 0.239746094, 0.517822266, 0.488564802, 0.764435967, 0.420774552, 0, 0, -0, 0, 0, 0, 0, 0.304769141, -0.0934988281, -0.147526758, 0.0676698212, 0.379801888, -0.922493638, 0.332885742, -0.880249023, -0.338012695, -0.940461336, -0.284121967, -0.186069196, 0, 1, 1, 1, 
136.850732, 10, 0.1, 0.1, 0.0241357255, 0.356260278, -0.0349683635, 0.999106388, -5.58625209e-006, 0.0422661178, 0.0422661178, -9.73178873e-006, -0.999106388, 5.99258508e-006, 1, -9.48698311e-006, 0.999106399, -1.61473997e-005, 0.0422658519, 0.042265852, 3.78256012e-006, -0.9991064, 1.59730972e-005, 1, 4.46166363e-006, 0, 0, 0, 0, 0, 0, 0, 0.231010913, -0.135207129, -0.18078335, -0.295001435, 0.598386813, -0.744860499, -0.821166992, 0.239746094, 0.517822266, 0.488564802, 0.764435967, 0.420774552, 0, 0, -0, 0, 0, 0, 0, 0.304754492, -0.0942657227, -0.146885352, 0.0676698212, 0.379801888, -0.922493638, 0.332885742, -0.880249023, -0.338012695, -0.940461336, -0.284121967, -0.186069196, 0, 1, 1, 1, 
136.85143, 10, 0.1, 0.1, 0.0241357207, 0.356260281, -0.034969447, 0.999106328, 9.53809e-006, 0.0422675332, 0.0422675331, 1.0079475e-005, -0.999106328, -9.95560062e-006, 1, 9.66731577e-006, 0.99910634, 1.87187338e-005, 0.0422672536, 0.0422672537, -3.98495794e-006, -0.99910634, -1.85335724e-005, 1, -4.77258622e-006, 0, 0, 0, 0, 0, 0, 0, 0.231010913, -0.135207129, -0.18078335, -0.295001435, 0.598386813, -0.744860499, -0.821166992, 0.239746094, 0.517822266, 0.488564802, 0.764435967, 0.420774552, 0, 0, -0, 0, 0, 0, 0, 0.304754492, -0.0942657227, -0.146885352, 0.0676698212, 0.379801888, -0.922493638, 0.332885742, -0.880249023, -0.338012695, -0.940461336, -0.284121967, -0.186069196, 0, 1, 1, 1, 
136.852123, 10, 0.1, 0.1, 0.0241357246, 0.356260277, -0.0349705421, 0.999106267, -2.95387531e-006, 0.0422689809, 0.0422689809, -4.60401352e-006, -0.999106267, 3.14584229e-006, 1, -4.47504146e-006, 0.999106279, -1.1666313e-005, 0.0422686971, 0.0422686972, 8.38915315e-006, -0.999106279, 1.1301288e-005, 1, 8.87477544e-006, 0, 0, 0, 0, 0, 0, 0, 0.231010913, -0.135207129, -0.18078335, -0.295001435, 0.598386813, -0.744860499, -0.821166992, 0.239746094, 0.517822266, 0.488564802, 0.764435967, 0.420774552, 0, 0, -0, 0, 0, 0, 0, 0.304754492, -0.0942657227, -0.146885352, 0.0676698212, 0.379801888, -0.922493638, 0.332885742, -0.880249023, -0.338012695, -0.940461336, -0.284121967, -0.186069196, 0, 1, 1, 1, 
136.852836, 10, 0.1, 0.1, 0.0241357206, 0.356260279, -0.0349712045, 0.999106203, 5.01176184e-006, 0.0422704893, 0.0422704892, 1.04626723e-005, -0.999106203, -5.44954462e-006, 1, 1.02414711e-005, 0.999106215, 1.47003921e-005, 0.042270206, 0.042270206, -1.67905643e-006, -0.999106215, -1.4616279e-005, 1, -2.29894432e-006, 0, 0, 0, 0, 0, 0, 0, 0.231010913, -0.135207129, -0.18078335, -0.295001435, 0.598386813, -0.744860499, -0.821166992, 0.239746094, 0.517822266, 0.488564802, 0.764435967, 0.420774552, 0, 0, -0, 0, 0, 0, 0, 0.304978223, -0.0948164551, -0.14602583, 0.0672994197, 0.379296592, -0.922794044, 0.336181641, -0.879394531, -0.337036133, -0.939272839, -0.287489129, -0.186714483, 0, 1, 1, 1, 
136.853597, 10, 0.1, 0.1, 0.0241357267, 0.356260277, -0.0349708419, 0.999106134, -6.75879816e-006, 0.0422721234, 0.0422721233, -1.33292776e-005, -0.999106134, 7.31621357e-006, 1, -1.30316543e-005, 0.999106148, -1.60587022e-005, 0.0422718082, 0.0422718082, 8.94838961e-007, -0.999106148, 1.60065216e-005, 1, 1.57286948e-006, 0, 0, 0, 0, 0, 0, 0, 0.231010913, -0.135207129, -0.18078335, -0.295001435, 0.598386813, -0.744860499, -0.821166992, 0.239746094, 0.517822266, 0.488564802, 0.764435967, 0.420774552, 0, 0, -0, 0, 0, 0, 0, 0.304978223, -0.0948164551, -0.14602583, 0.0672994197, 0.379296592, -0.922794044, 0.336181641, -0.879394531, -0.337036133, -0.939272839, -0.287489129, -0.186714483, 0, 1, 1, 1, 
136.854292, 10, 0.1, 0.1, 0.024135724, 0.356260282, -0.034969732, 0.99910607, 2.01264374e-006, 0.0422736455, 0.0422736455, 5.18912083e-006, -0.99910607, -2.23020763e-006, 1, 5.09940033e-006, 0.999106082, 1.15947632e-005, 0.042273349, 0.0422733491, -8.70151581e-006, -0.999106082, -1.12165562e-005, 1, -9.18388684e-006, 0, 0, 0, 0, 0, 0, 0, 0.231010913, -0.135207129, -0.18078335, -0.295001435, 0.598386813, -0.744860499, -0.821166992, 0.239746094, 0.517822266, 0.488564802, 0.764435967, 0.420774552, 0, 0, -0, 0, 0, 0, 0, 0.304978223, -0.0948164551, -0.14602583, 0.0672994197, 0.379296592, -0.922794044, 0.336181641, -0.879394531, -0.337036133, -0.939272839, -0.287489129, -0.186714483, 0, 1, 1, 1, 
136.854996, 10, 0.1, 0.1, 0.0241357303, 0.356260279, -0.0349686209, 0.999106004, -6.77136488e-006, 0.0422752104, 0.0422752104, -1.00958193e-005, -0.999106004, 7.19211419e-006, 1, -9.80053282e-006, 0.999106016, -1.72361471e-005, 0.042274912, 0.0422749121, 2.89374019e-006, -0.999106016, 1.70984056e-005, 1, 3.61980984e-006, 0, 0, 0, 0, 0, 0, 0, 0.231484619, -0.135607471, -0.180081274, -0.294411703, 0.59931316, -0.744332924, -0.821899414, 0.238525391, 0.517211914, 0.487606254, 0.764042064, 0.422544872, 0, 0, -0, 0, 0, 0, 0, 0.304978223, -0.0948164551, -0.14602583, 0.0672994197, 0.379296592, -0.922794044, 0.336181641, -0.879394531, -0.337036133, -0.939272839, -0.287489129, -0.186714483, 0, 1, 1, 1, 
136.855685, 10, 0.1, 0.1, 0.0241357262, 0.356260282, -0.0349678739, 0.999105938, 6.68407189e-006, 0.0422767665, 0.0422767664, 1.30872735e-005, -0.999105938, -7.23138352e-006, 1, 1.27929917e-005, 0.999105951, 1.64523581e-005, 0.0422764582, 0.0422764583, -1.94512442e-006, -0.999105951, -1.63554159e-005, 1, -2.63893282e-006, 0, 0, 0, 0, 0, 0, 0, 0.231484619, -0.135607471, -0.180081274, -0.294411703, 0.59931316, -0.744332924, -0.821899414, 0.238525391, 0.517211914, 0.487606254, 0.764042064, 0.422544872, 0, 0, -0, 0, 0, 0, 0, 0.304978223, -0.0948164551, -0.14602583, 0.0672994197, 0.379296592, -0.922794044, 0.336181641, -0.879394531, -0.337036133, -0.939272839, -0.287489129, -0.186714483, 0, 1, 1, 1, 
136.856373, 10, 0.1, 0.1, 0.0241357311, 0.356260277, -0.0349677962, 0.999105871, -4.62844099e-006, 0.0422783529, 0.0422783529, -3.95694574e-006, -0.999105871, 4.79159571e-006, 1, -3.75772486e-006, 0.999105884, -1.45242096e-005, 0.0422780415, 0.0422780417, 1.04061757e-005, -0.999105884, 1.40712705e-005, 1, 1.10109265e-005, 0, 0, 0, 0, 0, 0, 0, 0.231484619, -0.135607471, -0.180081274, -0.294411703, 0.59931316, -0.744332924, -0.821899414, 0.238525391, 0.517211914, 0.487606254, 0.764042064, 0.422544872, 0, 0, -0, 0, 0, 0, 0, 0.304978223, -0.0948164551, -0.14602583, 0.0672994197, 0.379296592, -0.922794044, 0.336181641, -0.879394531, -0.337036133, -0.939272839, -0.287489129, -0.186714483, 0, 1, 1, 1, 
136.857061, 10, 0.1, 0.1, 0.0241357267, 0.356260279, -0.0349683483, 0.999105803, 6.49781319e-006, 0.042279959, 0.0422799589, 1.04214471e-005, -0.999105803, -6.93262121e-006, 1, 1.0137401e-005, 0.999105816, 1.66810079e-005, 0.0422796488, 0.0422796489, -2.62329479e-006, -0.999105816, -1.655518e-005, 1, -3.32621624e-006, 0, 0, 0, 0, 0, 0, 0, 0.231484619, -0.135607471, -0.180081274, -0.294411703, 0.59931316, -0.744332924, -0.821899414, 0.238525391, 0.517211914, 0.487606254, 0.764042064, 0.422544872, 0, 0, -0, 0, 0, 0, 0, 0.304978223, -0.0948164551, -0.14602583, 0.0672994197, 0.379296592, -0.922794044, 0.336181641, -0.879394531, -0.337036133, -0.939272839, -0.287489129, -0.186714483, 0, 1, 1, 1, 
136.857772, 10, 0.1, 0.1, 0.0241357328, 0.356260276, -0.0349691295, 0.999105731, -8.77578804e-006, 0.0422816446, 0.0422816445, -1.0482891e-005, -0.999105731, 9.211174e-006, 1, -1.01024617e-005, 0.999105745, -1.80602179e-005, 0.0422813264, 0.0422813265, 3.67557722e-006, -0.999105745, 1.78886592e-005, 1, 4.43590029e-006, 0, 0, 0, 0, 0, 0, 0, 0.231971997, -0.136222266, -0.179375903, -0.293492469, 0.600398267, -0.743792244, -0.823364258, 0.236572266, 0.51574707, 0.485606783, 0.7638702, 0.425178259, 0, 0, -0, 0, 0, 0, 0, 0.305203662, -0.0953540039, -0.145376367, 0.0669162585, 0.379059619, -0.922826127, 0.33984375, -0.878295898, -0.33605957, -0.937962941, -0.291073575, -0.187577054, 0, 1, 1, 1, 
136.858463, 10, 0.1, 0.1, 0.02413573, 0.35626028, -0.0349700201, 0.999105661, 3.4068631e-006, 0.0422832987, 0.0422832987, 4.56115411e-006, -0.999105661, -3.59667685e-006, 1, 4.41302149e-006, 0.999105675, 1.24168468e-005, 0.0422829745, 0.0422829747, -8.74451487e-006, -0.999105675, -1.2035998e-005, 1, -9.26171565e-006, 0, 0, 0, 0, 0, 0, 0, 0.231971997, -0.136222266, -0.179375903, -0.293492469, 0.600398267, -0.743792244, -0.823364258, 0.236572266, 0.51574707, 0.485606783, 0.7638702, 0.425178259, 0, 0, -0, 0, 0, 0, 0, 0.305203662, -0.0953540039, -0.145376367, 0.0669162585, 0.379059619, -0.922826127, 0.33984375, -0.878295898, -0.33605957, -0.937962941, -0.291073575, -0.187577054, 0, 1, 1, 1, 
136.859152, 10, 0.1, 0.1, 0.0241357352, 0.356260278, -0.0349708238, 0.999105592, -5.37255476e-006, 0.0422849419, 0.0422849419, -9.78700211e-006, -0.999105592, 5.78159232e-006, 1, -9.55107037e-006, 0.999105605, -1.50771849e-005, 0.0422846229, 0.0422846229, 2.519917e-006, -0.999105605, 1.49571463e-005, 1, 3.15519628e-006, 0, 0, 0, 0, 0, 0, 0, 0.231971997, -0.136222266, -0.179375903, -0.293492469, 0.600398267, -0.743792244, -0.823364258, 0.236572266, 0.51574707, 0.485606783, 0.7638702, 0.425178259, 0, 0, -0, 0, 0, 0, 0, 0.305203662, -0.0953540039, -0.145376367, 0.0669162585, 0.379059619, -0.922826127, 0.33984375, -0.878295898, -0.33605957, -0.937962941, -0.291073575, -0.187577054, 0, 1, 1, 1, 
136.859842, 10, 0.1, 0.1, 0.024135731, 0.356260281, -0.0349712947, 0.999105522, 8.30446289e-006, 0.0422865834, 0.0422865833, 9.07176903e-006, -0.999105522, -8.68064885e-006, 1, 8.71248717e-006, 0.999105536, 1.68725554e-005, 0.0422862611, 0.0422862612, -4.1023132e-006, -0.999105536, -1.6683992e-005, 1, -4.81212111e-006, 0, 0, 0, 0, 0, 0, 0, 0.231971997, -0.136222266, -0.179375903, -0.293492469, 0.600398267, -0.743792244, -0.823364258, 0.236572266, 0.51574707, 0.485606783, 0.7638702, 0.425178259, 0, 0, -0, 0, 0, 0, 0, 0.305203662, -0.0953540039, -0.145376367, 0.0669162585, 0.379059619, -0.922826127, 0.33984375, -0.878295898, -0.33605957, -0.937962941, -0.291073575, -0.187577054, 0, 1, 1, 1, 
136.860532, 10, 0.1, 0.1, 0.0241357345, 0.356260278, -0.0349713432, 0.999105453, -1.65610431e-006, 0.0422882237, 0.0422882237, -6.10482034e-006, -0.999105453, 1.91278486e-006, 1, -6.02932559e-006, 0.999105466, -1.03617256e-005, 0.0422879073, 0.0422879073, 6.48174477e-006, -0.999105466, 1.00783573e-005, 1, 6.91412232e-006, 0, 0, 0, 0, 0, 0, 0, 0.231971997, -0.136222266, -0.179375903, -0.293492469, 0.600398267, -0.743792244, -0.823364258, 0.236572266, 0.51574707, 0.485606783, 0.7638702, 0.425178259, 0, 0, -0, 0, 0, 0, 0, 0.305203662, -0.0953540039, -0.145376367, 0.0669162585, 0.379059619, -0.922826127, 0.33984375, -0.878295898, -0.33605957, -0.937962941, -0.291073575, -0.187577054, 0, 1, 1, 1, 
136.861217, 10, 0.1, 0.1, 0.0241357301, 0.35626028, -0.0349710063, 0.999105385, 6.51103955e-006, 0.0422898388, 0.0422898388, 8.63487902e-006, -0.999105385, -6.87038231e-006, 1, 8.35180331e-006, 0.999105398, 1.61041688e-005, 0.0422895285, 0.0422895286, -3.46906721e-006, -0.999105398, -1.59430567e-005, 1, -4.14700148e-006, 0, 0, 0, 0, 0, 0, 0, 0.231971997, -0.136222266, -0.179375903, -0.293492469, 0.600398267, -0.743792244, -0.823364258, 0.236572266, 0.51574707, 0.485606783, 0.7638702, 0.425178259, 0, 0, -0, 0, 0, 0, 0, 0.305203662, -0.0953540039, -0.145376367, 0.0669162585, 0.379059619, -0.922826127, 0.33984375, -0.878295898, -0.33605957, -0.937962941, -0.291073575, -0.187577054, 0, 1, 1, 1, 
136.861904, 10, 0.1, 0.1, 0.0241357352, 0.356260278, -0.0349704055, 0.999105316, -6.7276526e-006, 0.0422914597, 0.0422914596, -1.07544521e-005, -0.999105316, 7.17645495e-006, 1, -1.0460308e-005, 0.999105329, -1.55415336e-005, 0.0422911422, 0.0422911422, 2.67590513e-006, -0.999105329, 1.5414462e-005, 1, 3.33078028e-006, 0, 0, 0, 0, 0, 0, 0, 0.231971997, -0.136222266, -0.179375903, -0.293492469, 0.600398267, -0.743792244, -0.823364258, 0.236572266, 0.51574707, 0.485606783, 0.7638702, 0.425178259, 0, 0, -0, 0, 0, 0, 0, 0.305203662, -0.0953540039, -0.145376367, 0.0669162585, 0.379059619, -0.922826127, 0.33984375, -0.878295898, -0.33605957, -0.937962941, -0.291073575, -0.187577054, 0, 1, 1, 1, 
136.862622, 10, 0.1, 0.1, 0.0241357315, 0.356260282, -0.0349693802, 0.999105244, 4.21658964e-006, 0.0422931684, 0.0422931684, 6.32872202e-006, -0.999105244, -4.48047852e-006, 1, 6.14472642e-006, 0.999105257, 1.39123644e-005, 0.0422928489, 0.042292849, -7.51131434e-006, -0.999105257, -1.35822415e-005, 1, -8.09298717e-006, 0, 0, 0, 0, 0, 0, 0, 0.232180347, -0.136298901, -0.179687134, -0.293771795, 0.603361156, -0.741328477, -0.823364258, 0.234130859, 0.516845703, 0.48540384, 0.762288597, 0.428248611, 0, 0, -0, 0, 0, 0, 0, 0.305011523, -0.0953803711, -0.145560791, 0.0637663801, 0.379806618, -0.922749201, 0.342651367, -0.876708984, -0.337158203, -0.937189323, -0.294677343, -0.185973314, 0, 1, 1, 1, 
136.863311, 10, 0.1, 0.1, 0.024135737, 0.35626028, -0.0349685891, 0.999105174, -5.89907156e-006, 0.0422948089, 0.0422948089, -8.77560555e-006, -0.999105174, 6.26495548e-006, 1, -8.51825281e-006, 0.999105187, -1.60414098e-005, 0.0422944934, 0.0422944934, 4.21916353e-006, -0.999105188, 1.58486084e-005, 1, 4.89385148e-006, 0, 0, 0, 0, 0, 0, 0, 0.232180347, -0.136298901, -0.179687134, -0.293771795, 0.603361156, -0.741328477, -0.823364258, 0.234130859, 0.516845703, 0.48540384, 0.762288597, 0.428248611, 0, 0, -0, 0, 0, 0, 0, 0.305011523, -0.0953803711, -0.145560791, 0.0637663801, 0.379806618, -0.922749201, 0.342651367, -0.876708984, -0.337158203, -0.937189323, -0.294677343, -0.185973314, 0, 1, 1, 1, 
136.86402, 10, 0.1, 0.1, 0.0241357322, 0.356260283, -0.034967992, 0.999105102, 7.28319473e-006, 0.042296524, 0.0422965239, 1.13652195e-005, -0.999105102, -7.75738628e-006, 1, 1.1046995e-005, 0.999105115, 1.77901584e-005, 0.0422961929, 0.042296193, -3.23957704e-006, -0.999105116, -1.76372165e-005, 1, -3.98913397e-006, 0, 0, 0, 0, 0, 0, 0, 0.232180347, -0.136298901, -0.179687134, -0.293771795, 0.603361156, -0.741328477, -0.823364258, 0.234130859, 0.516845703, 0.48540384, 0.762288597, 0.428248611, 0, 0, -0, 0, 0, 0, 0, 0.305011523, -0.0953803711, -0.145560791, 0.0637663801, 0.379806618, -0.922749201, 0.342651367, -0.876708984, -0.337158203, -0.937189323, -0.294677343, -0.185973314, 0, 1, 1, 1, 
136.86471, 10, 0.1, 0.1, 0.0241357373, 0.356260279, -0.0349679991, 0.99910503, -5.88411679e-006, 0.04229821, 0.0422982099, -6.79691042e-006, -0.99910503, 6.16634783e-006, 1, -6.54193978e-006, 0.999105044, -1.57179355e-005, 0.0422978784, 0.0422978785, 7.42683107e-006, -0.999105044, 1.53897294e-005, 1, 8.0850197e-006, 0, 0, 0, 0, 0, 0, 0, 0.232180347, -0.136298901, -0.179687134, -0.293771795, 0.603361156, -0.741328477, -0.823364258, 0.234130859, 0.516845703, 0.48540384, 0.762288597, 0.428248611, 0, 0, -0, 0, 0, 0, 0, 0.305011523, -0.0953803711, -0.145560791, 0.0637663801, 0.379806618, -0.922749201, 0.342651367, -0.876708984, -0.337158203, -0.937189323, -0.294677343, -0.185973314, 0, 1, 1, 1, 
136.865409, 10, 0.1, 0.1, 0.0241357334, 0.356260281, -0.0349685179, 0.999104958, 4.97218609e-006, 0.0422999263, 0.0422999262, 1.12540133e-005, -0.999104958, -5.4437797e-006, 1, 1.10336173e-005, 0.999104972, 1.54286761e-005, 0.0422995787, 0.0422995788, -3.22816907e-006, -0.999104972, -1.52783169e-005, 1, -3.87790627e-006, 0, 0, 0, 0, 0, 0, 0, 0.232180347, -0.136298901, -0.179687134, -0.293771795, 0.603361156, -0.741328477, -0.823364258, 0.234130859, 0.516845703, 0.48540384, 0.762288597, 0.428248611, 0, 0, -0, 0, 0, 0, 0, 0.305011523, -0.0953803711, -0.145560791, 0.0637663801, 0.379806618, -0.922749201, 0.342651367, -0.876708984, -0.337158203, -0.937189323, -0.294677343, -0.185973314, 0, 1, 1, 1, 
136.866104, 10, 0.1, 0.1, 0.0241357392, 0.356260277, -0.0349692733, 0.999104885, -7.88721562e-006, 0.0423016457, 0.0423016457, -6.99651301e-006, -0.999104885, 8.17611967e-006, 1, -6.65660812e-006, 0.999104899, -1.74996622e-005, 0.0423013099, 0.04230131, 6.89044072e-006, -0.999104899, 1.71925236e-005, 1, 7.62453172e-006, 0, 0, 0, 0, 0, 0, 0, 0.232180347, -0.136298901, -0.179687134, -0.293771795, 0.603361156, -0.741328477, -0.823364258, 0.234130859, 0.516845703, 0.48540384, 0.762288597, 0.428248611, 0, 0, -0, 0, 0, 0, 0, 0.305011523, -0.0953803711, -0.145560791, 0.0637663801, 0.379806618, -0.922749201, 0.342651367, -0.876708984, -0.337158203, -0.937189323, -0.294677343, -0.185973314, 0, 1, 1, 1, 
136.866812, 10, 0.1, 0.1, 0.0241357357, 0.35626028, -0.0349700872, 0.999104811, 4.2682862e-006, 0.0423033995, 0.0423033995, 8.92817855e-006, -0.99910481, -4.64215757e-006, 1, 8.73962312e-006, 0.999104826, 1.42291161e-005, 0.0423030326, 0.0423030327, -5.14138984e-006, -0.999104826, -1.39988821e-005, 1, -5.73872216e-006, 0, 0, 0, 0, 0, 0, 0, 0.232180347, -0.136298901, -0.179687134, -0.294254065, 0.606768123, -0.738344249, -0.823242187, 0.231445312, 0.518310547, 0.485480224, 0.760389475, 0.431483713, 0, 0, -0, 0, 0, 0, 0, 0.305011523, -0.0953803711, -0.145560791, 0.0637663801, 0.379806618, -0.922749201, 0.342651367, -0.876708984, -0.337158203, -0.937189323, -0.294677343, -0.185973314, 0, 1, 1, 1, 
136.867507, 10, 0.1, 0.1, 0.024135741, 0.356260278, -0.0349705907, 0.999104738, -5.73335098e-006, 0.0423051153, 0.0423051152, -9.78669952e-006, -0.999104738, 6.14224558e-006, 1, -9.53538778e-006, 0.999104752, -1.52358428e-005, 0.0423047802, 0.0423047802, 3.64483372e-006, -0.999104752, 1.50680091e-005, 1, 4.28611967e-006, 0, 0, 0, 0, 0, 0, 0, 0.232379175, -0.136353809, -0.179748022, -0.294254065, 0.606768123, -0.738344249, -0.823242187, 0.231445312, 0.518310547, 0.485480224, 0.760389475, 0.431483713, 0, 0, -0, 0, 0, 0, 0, 0.305074365, -0.0954387207, -0.145542236, 0.0609296673, 0.380425653, -0.922704358, 0.346801758, -0.87487793, -0.337768555, -0.935891818, -0.299399246, -0.185232144, 0, 1, 1, 1, 
136.868199, 10, 0.1, 0.1, 0.0241357371, 0.356260281, -0.0349708113, 0.999104666, 6.35904112e-006, 0.0423068173, 0.0423068173, 5.74431691e-006, -0.999104666, -6.59637142e-006, 1, 5.47014304e-006, 0.99910468, 1.53272158e-005, 0.0423064862, 0.0423064863, -6.98989988e-006, -0.99910468, -1.5017775e-005, 1, -7.63208233e-006, 0, 0, 0, 0, 0, 0, 0, 0.232379175, -0.136353809, -0.179748022, -0.294254065, 0.606768123, -0.738344249, -0.823242187, 0.231445312, 0.518310547, 0.485480224, 0.760389475, 0.431483713, 0, 0, -0, 0, 0, 0, 0, 0.305074365, -0.0954387207, -0.145542236, 0.0609296673, 0.380425653, -0.922704358, 0.346801758, -0.87487793, -0.337768555, -0.935891818, -0.299399246, -0.185232144, 0, 1, 1, 1, 
136.86889, 10, 0.1, 0.1, 0.0241357417, 0.356260279, -0.0349707256, 0.999104594, -4.68952977e-006, 0.0423085095, 0.0423085095, -1.04463677e-005, -0.999104594, 5.12730099e-006, 1, -1.0238607e-005, 0.999104608, -1.37351273e-005, 0.0423081837, 0.0423081837, 2.24401139e-006, -0.999104608, 1.3627889e-005, 1, 2.82311041e-006, 0, 0, 0, 0, 0, 0, 0, 0.232379175, -0.136353809, -0.179748022, -0.294254065, 0.606768123, -0.738344249, -0.823242187, 0.231445312, 0.518310547, 0.485480224, 0.760389475, 0.431483713, 0, 0, -0, 0, 0, 0, 0, 0.305074365, -0.0954387207, -0.145542236, 0.0609296673, 0.380425653, -0.922704358, 0.346801758, -0.87487793, -0.337768555, -0.935891818, -0.299399246, -0.185232144, 0, 1, 1, 1, 
136.869612, 10, 0.1, 0.1, 0.0241357376, 0.356260283, -0.0349702051, 0.999104519, 4.84868239e-006, 0.0423102735, 0.0423102735, 9.56676088e-006, -0.999104519, -5.24911276e-006, 1, 9.35304495e-006, 0.999104535, 1.53235351e-005, 0.042309909, 0.0423099091, -5.18730232e-006, -0.999104535, -1.50903392e-005, 1, -5.83099465e-006, 0, 0, 0, 0, 0, 0, 0, 0.232827124, -0.136184131, -0.179816479, -0.294165698, 0.610194186, -0.735568954, -0.823730469, 0.228271484, 0.518798828, 0.484477493, 0.758610921, 0.435740643, 0, 0, -0, 0, 0, 0, 0, 0.305074365, -0.0954387207, -0.145542236, 0.0584316396, 0.381313011, -0.922487075, 0.35144043, -0.872802734, -0.338500977, -0.934313231, -0.304338432, -0.184963822, 0, 1, 1, 1, 
