time, trialNum, realDorsalTactorPos, realVentralTactorPos, boxPosX, boxPosY, boxPosZ, boxLocalRot_11, boxLocalRot_12, boxLocalRot_13, boxLocalRot_21, boxLocalRot_22, boxLocalRot_23, boxLocalRot_31, boxLocalRot_32, boxLocalRot_33, boxGlobalRot_11, boxGlobalRot_12, boxGlobalRot_13, boxGlobalRot_21, boxGlobalRot_22, boxGlobalRot_23, boxGlobalRot_31, boxGlobalRot_32, boxGlobalRot_33, indexForceX, indexForceY, indexForceZ, indexForceGlobalX, indexForceGlobalY, indexForceGlobalZ, indexContact, indexPosX, indexPosY, indexPosZ, indexRot_11, indexRot_12, indexRot_13, indexRot_21, indexRot_22, indexRot_23, indexRot_31, indexRot_32, indexRot_33, thumbForceX, thumbForceY, thumbForceZ, thumbForceGlobalX, thumbForceGlobalY, thumbForceGlobalZ, thumbContact, thumbPosX, thumbPosY, thumbPosZ, thumbRot_11, thumbRot_12, thumbRot_13, thumbRot_21, thumbRot_22, thumbRot_23, thumbRot_31, thumbRot_32, thumbRot_33, manipForceTooHigh, cceExpType, mapping, trialSuccess, 
118.391846, 7, 0.1, 0.1, 0.0290720951, 0.366701321, -0.0349740912, 0.977528073, 4.03455426e-005, 0.210805275, 0.210805275, 1.31991486e-005, -0.977528074, -4.22213507e-005, 0.999999999, 4.39748508e-006, 0.977528075, 2.7760188e-005, 0.210805268, 0.210805268, 1.76047405e-005, -0.977528076, -3.08475352e-005, 0.999999999, 1.13571343e-005, 0, 0, 0, 0, 0, 0, 0, 0.374152417, -0.22448457, -0.207262183, -0.0489459885, 0.33247453, -0.941823028, -0.983032227, 0.150512695, 0.104248047, 0.176331681, 0.931009413, 0.319603391, 0, 0, -0, 0, 0, 0, 0, 0.423434961, -0.159424414, -0.163055664, 0.324037689, 0.230321329, -0.917440889, 0.572143555, -0.820068359, -0.00378417968, -0.753214008, -0.52371571, -0.397637533, 0, 1, 1, 1, 
118.394004, 7, 0.1, 0.1, 0.0290720675, 0.366701366, -0.034949481, 0.97752875, 3.52106763e-005, 0.210802141, 0.210802142, -5.72342785e-005, -0.977528748, -2.23543399e-005, 0.999999998, -6.33706386e-005, 0.977528675, 4.32920096e-005, 0.210802484, 0.210802486, -4.19946308e-005, -0.977528675, -3.34666083e-005, 0.999999998, -5.01770191e-005, 0, 0, 0, 0, 0, 0, 0, 0.374329028, -0.224388257, -0.206546558, -0.0479908059, 0.333794781, -0.941358733, -0.98425293, 0.14453125, 0.10144043, 0.169877207, 0.931541857, 0.321754508, 0, 0, -0, 0, 0, 0, 0, 0.424062842, -0.158904932, -0.161472461, 0.326350882, 0.231426703, -0.916310362, 0.572753906, -0.819702148, -0.0030517578, -0.751866197, -0.523722273, -0.40021905, 0, 1, 1, 1, 
118.394709, 7, 0.1, 0.1, 0.0290720755, 0.366701378, -0.0349593519, 0.977529133, -4.656519e-005, 0.210800361, 0.210800361, 3.88970165e-006, -0.977529134, 4.46988793e-005, 0.999999999, 1.36182555e-005, 0.97752905, -4.10461961e-005, 0.210800745, 0.210800744, -2.53500923e-005, -0.977529051, 4.54676674e-005, 0.999999999, -1.6127883e-005, 0, 0, 0, 0, 0, 0, 0, 0.375717065, -0.22389978, -0.205190991, -0.0479908059, 0.333794781, -0.941358733, -0.98425293, 0.14453125, 0.10144043, 0.169877207, 0.931541857, 0.321754508, 0, 0, -0, 0, 0, 0, 0, 0.424769922, -0.158038428, -0.160786865, 0.326255367, 0.234908703, -0.915511956, 0.575439453, -0.817749023, -0.00476074218, -0.74978961, -0.525320183, -0.401976274, 0, 1, 1, 1, 
118.395407, 7, 0.1, 0.1, 0.0290720799, 0.366701359, -0.0349712117, 0.977529607, 2.4965468e-005, 0.210798165, 0.210798164, 5.76691954e-005, -0.977529606, -3.65610446e-005, 0.999999998, 5.11106711e-005, 0.977529509, 6.77755521e-006, 0.210798624, 0.210798623, 6.01609175e-005, -0.977529507, -1.93070988e-005, 0.999999998, 5.73803728e-005, 0, 0, 0, 0, 0, 0, 0, 0.375717065, -0.22389978, -0.205190991, -0.0479908059, 0.333794781, -0.941358733, -0.98425293, 0.14453125, 0.10144043, 0.169877207, 0.931541857, 0.321754508, 0, 0, -0, 0, 0, 0, 0, 0.424769922, -0.158038428, -0.160786865, 0.326255367, 0.234908703, -0.915511956, 0.575439453, -0.817749023, -0.00476074218, -0.74978961, -0.525320183, -0.401976274, 0, 1, 1, 1, 
118.396105, 7, 0.1, 0.1, 0.0290720635, 0.366701352, -0.0349815035, 0.977530134, 4.9658884e-005, 0.210795719, 0.21079572, -2.17292176e-005, -0.977530134, -4.39626295e-005, 0.999999999, -3.17088453e-005, 0.977530026, 5.38478624e-005, 0.210796216, 0.210796216, -3.86319834e-006, -0.977530028, -5.18235548e-005, 0.999999999, -1.5127318e-005, 0, 0, 0, 0, 0, 0, 0, 0.375717065, -0.22389978, -0.205190991, -0.0479908059, 0.333794781, -0.941358733, -0.98425293, 0.14453125, 0.10144043, 0.169877207, 0.931541857, 0.321754508, 0, 0, -0, 0, 0, 0, 0, 0.424769922, -0.158038428, -0.160786865, 0.326255367, 0.234908703, -0.915511956, 0.575439453, -0.817749023, -0.00476074218, -0.74978961, -0.525320183, -0.401976274, 0, 1, 1, 1, 
118.396811, 7, 0.1, 0.1, 0.0290720598, 0.36670137, -0.034987444, 0.97753071, -1.49251113e-005, 0.210793054, 0.210793053, -6.17930255e-005, -0.977530708, 2.76152952e-005, 0.999999998, -5.72584703e-005, 0.977530595, -9.32028247e-007, 0.210793587, 0.210793586, -6.11245024e-005, -0.977530593, 1.37957392e-005, 0.999999998, -5.95546056e-005, 0, 0, 0, 0, 0, 0, 0, 0.375717065, -0.22389978, -0.205190991, -0.0479908059, 0.333794781, -0.941358733, -0.98425293, 0.14453125, 0.10144043, 0.169877207, 0.931541857, 0.321754508, 0, 0, -0, 0, 0, 0, 0, 0.424261182, -0.159598438, -0.159901953, 0.325986677, 0.234155141, -0.915818559, 0.572875977, -0.819580078, -0.00561523437, -0.751904477, -0.522821789, -0.401394786, 0, 1, 1, 1, 
118.397503, 7, 0.1, 0.1, 0.029072075, 0.366701382, -0.0349877094, 0.977531285, -4.95313702e-005, 0.210790381, 0.210790381, -2.01680396e-005, -0.977531286, 5.26696928e-005, 0.999999999, -9.27415326e-006, 0.977531171, -4.8622523e-005, 0.21079091, 0.210790909, -3.3139621e-005, -0.977531172, 5.45155627e-005, 0.999999998, -2.21458267e-005, 0, 0, 0, 0, 0, 0, 0, 0.375717065, -0.22389978, -0.205190991, -0.0479908059, 0.333794781, -0.941358733, -0.98425293, 0.14453125, 0.10144043, 0.169877207, 0.931541857, 0.321754508, 0, 0, -0, 0, 0, 0, 0, 0.424261182, -0.159598438, -0.159901953, 0.325986677, 0.234155141, -0.915818559, 0.572875977, -0.819580078, -0.00561523437, -0.751904477, -0.522821789, -0.401394786, 0, 1, 1, 1, 
118.398199, 7, 0.1, 0.1, 0.0290720858, 0.366701375, -0.0349827512, 0.977531868, -4.4966306e-006, 0.210787684, 0.210787684, 3.21707838e-005, -0.977531867, -2.38560528e-006, 0.999999999, 3.23958007e-005, 0.977531751, -2.0169131e-005, 0.210788226, 0.210788226, 2.74394921e-005, -0.97753175, 1.39320441e-005, 0.999999999, 3.10743901e-005, 0, 0, 0, 0, 0, 0, 0, 0.375717065, -0.22389978, -0.205190991, -0.0479908059, 0.333794781, -0.941358733, -0.98425293, 0.14453125, 0.10144043, 0.169877207, 0.931541857, 0.321754508, 0, 0, -0, 0, 0, 0, 0, 0.424261182, -0.159598438, -0.159901953, 0.325986677, 0.234155141, -0.915818559, 0.572875977, -0.819580078, -0.00561523437, -0.751904477, -0.522821789, -0.401394786, 0, 1, 1, 1, 
118.398906, 7, 0.1, 0.1, 0.0290720799, 0.366701369, -0.0349743011, 0.977532467, 2.08271963e-005, 0.210784903, 0.210784903, -5.83764257e-006, -0.977532467, -1.91287737e-005, 1, -1.00965437e-005, 0.977532337, 2.54557612e-005, 0.210785507, 0.210785507, 5.09532728e-006, -0.977532337, -2.59578508e-005, 1, -3.84858345e-007, 0, 0, 0, 0, 0, 0, 0, 0.375717065, -0.22389978, -0.205190991, -0.0463459236, 0.332550914, -0.941930491, -0.983886719, 0.147583008, 0.100585938, 0.172459297, 0.931491682, 0.320485555, 0, 0, -0, 0, 0, 0, 0, 0.424261182, -0.159598438, -0.159901953, 0.325986677, 0.234155141, -0.915818559, 0.572875977, -0.819580078, -0.00561523437, -0.751904477, -0.522821789, -0.401394786, 0, 1, 1, 1, 
118.39961, 7, 0.1, 0.1, 0.0290720847, 0.366701369, -0.0349651702, 0.977533067, -2.03392955e-005, 0.210782123, 0.210782123, 1.24302097e-005, -0.977533067, 1.7262268e-005, 1, 1.64381009e-005, 0.977532949, -2.25873465e-005, 0.210782669, 0.21078267, 5.28227778e-006, -0.977532949, 2.09664628e-005, 1, 9.92462176e-006, 0, 0, 0, 0, 0, 0, 0, 0.375808984, -0.225972681, -0.203661377, -0.0463459236, 0.332550914, -0.941930491, -0.983886719, 0.147583008, 0.100585938, 0.172459297, 0.931491682, 0.320485555, 0, 0, -0, 0, 0, 0, 0, 0.424261182, -0.159598438, -0.159901953, 0.325986677, 0.234155141, -0.915818559, 0.572875977, -0.819580078, -0.00561523437, -0.751904477, -0.522821789, -0.401394786, 0, 1, 1, 1, 
118.400314, 7, 0.1, 0.1, 0.0290720817, 0.366701367, -0.0349581079, 0.977533654, 1.50219753e-005, 0.210779399, 0.210779399, -7.26780719e-006, -0.977533654, -1.31525824e-005, 1, -1.02708491e-005, 0.977533542, 2.21211232e-005, 0.21077992, 0.21077992, -7.09258281e-006, -0.977533542, -2.01291659e-005, 1, -1.15959262e-005, 0, 0, 0, 0, 0, 0, 0, 0.375808984, -0.225972681, -0.203661377, -0.0463459236, 0.332550914, -0.941930491, -0.983886719, 0.147583008, 0.100585938, 0.172459297, 0.931491682, 0.320485555, 0, 0, -0, 0, 0, 0, 0, 0.424261182, -0.159598438, -0.159901953, 0.325986677, 0.234155141, -0.915818559, 0.572875977, -0.819580078, -0.00561523437, -0.751904477, -0.522821789, -0.401394786, 0, 1, 1, 1, 
118.401016, 7, 0.1, 0.1, 0.0290720841, 0.366701361, -0.0349549667, 0.977534221, 1.72164923e-006, 0.210776769, 0.210776769, 1.19525766e-005, -0.977534221, -4.20229651e-006, 1, 1.1321169e-005, 0.97753411, -1.43223921e-006, 0.210777287, 0.210777287, 2.10884159e-005, -0.977534109, -3.04489641e-006, 1, 2.09165294e-005, 0, 0, 0, 0, 0, 0, 0, 0.375808984, -0.225972681, -0.203661377, -0.0463459236, 0.332550914, -0.941930491, -0.983886719, 0.147583008, 0.100585938, 0.172459297, 0.931491682, 0.320485555, 0, 0, -0, 0, 0, 0, 0, 0.424261182, -0.159598438, -0.159901953, 0.325986677, 0.234155141, -0.915818559, 0.572875977, -0.819580078, -0.00561523437, -0.751904477, -0.522821789, -0.401394786, 0, 1, 1, 1, 
118.401736, 7, 0.1, 0.1, 0.0290720835, 0.366701363, -0.0349561858, 0.977534743, -7.10479731e-007, 0.210774348, 0.210774348, 8.59778326e-006, -0.977534743, -1.11767354e-006, 1, 8.55438275e-006, 0.977534652, 9.49947143e-006, 0.210774771, 0.210774771, -4.83086307e-006, -0.977534652, -8.26783844e-006, 1, -6.72458496e-006, 0, 0, 0, 0, 0, 0, 0, 0.374533716, -0.227011499, -0.204069287, -0.049688489, 0.334124282, -0.941213078, -0.983032227, 0.150024414, 0.105102539, 0.17632569, 0.930500934, 0.321113479, 0, 0, -0, 0, 0, 0, 0, 0.423126514, -0.160907129, -0.160139111, 0.323206834, 0.233925464, -0.916814925, 0.570800781, -0.820922852, -0.00817871093, -0.754651504, -0.52063656, -0.398921911, 0, 1, 1, 1, 
118.402431, 7, 0.1, 0.1, 0.0290720883, 0.366701362, -0.0349610915, 0.97753513, 9.21373843e-006, 0.210772553, 0.210772553, -1.36098798e-005, -0.97753513, -6.13816387e-006, 1, -1.52461388e-005, 0.977535063, -7.45264215e-006, 0.210772867, 0.210772867, -9.80482168e-006, -0.977535063, 9.35180939e-006, 1, -8.01374222e-006, 0, 0, 0, 0, 0, 0, 0, 0.374533716, -0.227011499, -0.204069287, -0.049688489, 0.334124282, -0.941213078, -0.983032227, 0.150024414, 0.105102539, 0.17632569, 0.930500934, 0.321113479, 0, 0, -0, 0, 0, 0, 0, 0.423126514, -0.160907129, -0.160139111, 0.323206834, 0.233925464, -0.916814925, 0.570800781, -0.820922852, -0.00817871093, -0.754651504, -0.52063656, -0.398921911, 0, 1, 1, 1, 
118.40313, 7, 0.1, 0.1, 0.029072087, 0.36670136, -0.0349681787, 0.977535417, -1.62767509e-005, 0.210771224, 0.210771224, 5.93667106e-006, -0.977535417, 1.46598211e-005, 1, 9.23397693e-006, 0.977535369, -1.11911212e-006, 0.210771448, 0.210771448, 9.36226334e-006, -0.977535369, -8.79326122e-007, 1, 9.38782043e-006, 0, 0, 0, 0, 0, 0, 0, 0.374533716, -0.227011499, -0.204069287, -0.049688489, 0.334124282, -0.941213078, -0.983032227, 0.150024414, 0.105102539, 0.17632569, 0.930500934, 0.321113479, 0, 0, -0, 0, 0, 0, 0, 0.423126514, -0.160907129, -0.160139111, 0.323206834, 0.233925464, -0.916814925, 0.570800781, -0.820922852, -0.00817871093, -0.754651504, -0.52063656, -0.398921911, 0, 1, 1, 1, 
118.403826, 7, 0.1, 0.1, 0.0290720942, 0.366701363, -0.0349750293, 0.977535608, -5.16236553e-006, 0.210770338, 0.210770338, -8.12813185e-006, -0.977535608, 6.75956522e-006, 1, -6.85746478e-006, 0.977535575, -1.56315924e-005, 0.210770492, 0.210770492, -1.47386126e-005, -0.977535575, 1.83869023e-005, 1, -1.11128397e-005, 0, 0, 0, 0, 0, 0, 0, 0.374533716, -0.227011499, -0.204069287, -0.049688489, 0.334124282, -0.941213078, -0.983032227, 0.150024414, 0.105102539, 0.17632569, 0.930500934, 0.321113479, 0, 0, -0, 0, 0, 0, 0, 0.423126514, -0.160907129, -0.160139111, 0.323206834, 0.233925464, -0.916814925, 0.570800781, -0.820922852, -0.00817871093, -0.754651504, -0.52063656, -0.398921911, 0, 1, 1, 1, 
118.404521, 7, 0.1, 0.1, 0.0290720879, 0.36670136, -0.0349798024, 0.977535763, 2.41545331e-005, 0.210769616, 0.210769616, 2.32202717e-006, -0.977535763, -2.41013327e-005, 1, -2.82117707e-006, 0.977535732, 2.54170748e-005, 0.21076976, 0.21076976, 9.05784592e-006, -0.977535732, -2.67552188e-005, 1, 3.49721728e-006, 0, 0, 0, 0, 0, 0, 0, 0.374533716, -0.227011499, -0.204069287, -0.049688489, 0.334124282, -0.941213078, -0.983032227, 0.150024414, 0.105102539, 0.17632569, 0.930500934, 0.321113479, 0, 0, -0, 0, 0, 0, 0, 0.423126514, -0.160907129, -0.160139111, 0.323206834, 0.233925464, -0.916814925, 0.570800781, -0.820922852, -0.00817871093, -0.754651504, -0.52063656, -0.398921911, 0, 1, 1, 1, 
118.405217, 7, 0.1, 0.1, 0.0290720894, 0.366701359, -0.0349813373, 0.977535937, -2.05862138e-005, 0.210768811, 0.210768811, 5.21133151e-006, -0.977535937, 1.90253776e-005, 1, 9.43319562e-006, 0.977535902, -1.50221831e-005, 0.210768974, 0.210768974, 2.86559654e-006, -0.977535902, 1.40807444e-005, 1, 5.96743361e-006, 0, 0, 0, 0, 0, 0, 0, 0.374533716, -0.227011499, -0.204069287, -0.049688489, 0.334124282, -0.941213078, -0.983032227, 0.150024414, 0.105102539, 0.17632569, 0.930500934, 0.321113479, 0, 0, -0, 0, 0, 0, 0, 0.423126514, -0.160907129, -0.160139111, 0.323206834, 0.233925464, -0.916814925, 0.570800781, -0.820922852, -0.00817871093, -0.754651504, -0.52063656, -0.398921911, 0, 1, 1, 1, 
118.405913, 7, 0.1, 0.1, 0.0290720925, 0.366701359, -0.0349793657, 0.9775361, 1.45770296e-005, 0.210768053, 0.210768053, -1.19416039e-005, -0.9775361, -1.17326641e-005, 1, -1.4745721e-005, 0.977536072, 6.30708596e-007, 0.210768184, 0.210768184, -9.4617416e-006, -0.977536072, 1.37769369e-006, 1, -9.38212703e-006, 0, 0, 0, 0, 0, 0, 0, 0.374533716, -0.227011499, -0.204069287, -0.049688489, 0.334124282, -0.941213078, -0.983032227, 0.150024414, 0.105102539, 0.17632569, 0.930500934, 0.321113479, 0, 0, -0, 0, 0, 0, 0, 0.423126514, -0.160907129, -0.160139111, 0.323206834, 0.233925464, -0.916814925, 0.570800781, -0.820922852, -0.00817871093, -0.754651504, -0.52063656, -0.398921911, 0, 1, 1, 1, 
118.406635, 7, 0.1, 0.1, 0.0290720862, 0.366701358, -0.0349743195, 0.977536212, 4.73326618e-006, 0.210767538, 0.210767538, 1.26877155e-005, -0.977536212, -7.30109765e-006, 1, 1.14050825e-005, 0.977536195, 1.60185173e-005, 0.210767612, 0.210767612, 9.26782217e-006, -0.977536196, -1.76120372e-005, 1, 5.68344698e-006, 0, 0, 0, 0, 0, 0, 0, 0.373683447, -0.227547559, -0.20445022, -0.0533365906, 0.336801853, -0.940044474, -0.982421875, 0.150390625, 0.109619141, 0.178263004, 0.929458889, 0.323029453, 0, 0, -0, 0, 0, 0, 0, 0.422263672, -0.161754932, -0.159931738, 0.320797758, 0.234321752, -0.91761333, 0.57019043, -0.821411133, -0.0103759766, -0.756254878, -0.51973571, -0.397164687, 0, 1, 1, 1, 
118.407373, 7, 0.1, 0.1, 0.0290720924, 0.366701358, -0.0349675059, 0.977536248, -8.0713587e-006, 0.21076737, 0.21076737, -7.98423007e-006, -0.977536248, 9.57286088e-006, 1, -6.10369525e-006, 0.977536245, -1.65420196e-005, 0.210767382, 0.210767382, -1.17793506e-005, -0.977536245, 1.86531266e-005, 1, -8.02822396e-006, 0, 0, 0, 0, 0, 0, 0, 0.373683447, -0.227547559, -0.20445022, -0.0533365906, 0.336801853, -0.940044474, -0.982421875, 0.150390625, 0.109619141, 0.178263004, 0.929458889, 0.323029453, 0, 0, -0, 0, 0, 0, 0, 0.422263672, -0.161754932, -0.159931738, 0.320797758, 0.234321752, -0.91761333, 0.57019043, -0.821411133, -0.0103759766, -0.756254878, -0.51973571, -0.397164687, 0, 1, 1, 1, 
118.408066, 7, 0.1, 0.1, 0.0290720903, 0.366701356, -0.0349620991, 0.977536261, -1.9169216e-006, 0.21076731, 0.21076731, -5.04579052e-006, -0.977536261, 2.93734807e-006, 1, -4.52841879e-006, 0.977536258, 8.95286956e-006, 0.210767321, 0.210767321, 2.28958494e-006, -0.977536258, -9.2343243e-006, 1, 3.51179956e-007, 0, 0, 0, 0, 0, 0, 0, 0.373683447, -0.227547559, -0.20445022, -0.0533365906, 0.336801853, -0.940044474, -0.982421875, 0.150390625, 0.109619141, 0.178263004, 0.929458889, 0.323029453, 0, 0, -0, 0, 0, 0, 0, 0.422263672, -0.161754932, -0.159931738, 0.320797758, 0.234321752, -0.91761333, 0.57019043, -0.821411133, -0.0103759766, -0.756254878, -0.51973571, -0.397164687, 0, 1, 1, 1, 
118.408762, 7, 0.1, 0.1, 0.0290720913, 0.366701355, -0.0349592602, 0.977536296, 2.03570671e-006, 0.210767149, 0.210767149, -1.0538098e-005, -0.977536295, 2.3110767e-007, 1, -1.07304334e-005, 0.977536286, 4.7860812e-006, 0.210767194, 0.210767194, 3.03585112e-006, -0.977536286, -5.31842586e-006, 1, 1.95890572e-006, 0, 0, 0, 0, 0, 0, 0, 0.373683447, -0.227547559, -0.20445022, -0.0533365906, 0.336801853, -0.940044474, -0.982421875, 0.150390625, 0.109619141, 0.178263004, 0.929458889, 0.323029453, 0, 0, -0, 0, 0, 0, 0, 0.422263672, -0.161754932, -0.159931738, 0.320797758, 0.234321752, -0.91761333, 0.57019043, -0.821411133, -0.0103759766, -0.756254878, -0.51973571, -0.397164687, 0, 1, 1, 1, 
118.409453, 7, 0.1, 0.1, 0.0290720912, 0.366701354, -0.0349596827, 0.977536343, 3.62449742e-006, 0.210766927, 0.210766927, 2.37511618e-005, -0.977536343, -8.54903733e-006, 1, 2.24536997e-005, 0.977536334, 3.81110107e-006, 0.210766971, 0.210766971, 1.48877316e-005, -0.977536334, -6.86333186e-006, 1, 1.37500443e-005, 0, 0, 0, 0, 0, 0, 0, 0.373683447, -0.227547559, -0.20445022, -0.0533365906, 0.336801853, -0.940044474, -0.982421875, 0.150390625, 0.109619141, 0.178263004, 0.929458889, 0.323029453, 0, 0, -0, 0, 0, 0, 0, 0.422263672, -0.161754932, -0.159931738, 0.320797758, 0.234321752, -0.91761333, 0.57019043, -0.821411133, -0.0103759766, -0.756254878, -0.51973571, -0.397164687, 0, 1, 1, 1, 
118.410169, 7, 0.1, 0.1, 0.029072094, 0.366701354, -0.0349629505, 0.977536355, 4.14577785e-006, 0.210766872, 0.210766872, -2.81106769e-005, -0.977536355, 1.87215087e-006, 1, -2.83530013e-005, 0.97753636, -6.86307183e-006, 0.210766848, 0.210766848, -1.89298216e-005, -0.97753636, 1.06986811e-005, 1, -1.70580809e-005, 0, 0, 0, 0, 0, 0, 0, 0.373683447, -0.227547559, -0.20445022, -0.0533365906, 0.336801853, -0.940044474, -0.982421875, 0.150390625, 0.109619141, 0.178263004, 0.929458889, 0.323029453, 0, 0, -0, 0, 0, 0, 0, 0.422263672, -0.161754932, -0.159931738, 0.320797758, 0.234321752, -0.91761333, 0.57019043, -0.821411133, -0.0103759766, -0.756254878, -0.51973571, -0.397164687, 0, 1, 1, 1, 
118.410859, 7, 0.1, 0.1, 0.029072088, 0.366701357, -0.034967808, 0.977536292, 4.00360915e-006, 0.210767164, 0.210767164, 1.51465627e-005, -0.977536292, -7.1060713e-006, 1, 1.39624854e-005, 0.977536308, 1.85701308e-005, 0.210767089, 0.210767089, -1.85983684e-006, -0.977536308, -1.77609847e-005, 1, -5.73203045e-006, 0, 0, 0, 0, 0, 0, 0, 0.373683447, -0.227547559, -0.20445022, -0.0533365906, 0.336801853, -0.940044474, -0.982421875, 0.150390625, 0.109619141, 0.178263004, 0.929458889, 0.323029453, 0, 0, -0, 0, 0, 0, 0, 0.422263672, -0.161754932, -0.159931738, 0.320797758, 0.234321752, -0.91761333, 0.57019043, -0.821411133, -0.0103759766, -0.756254878, -0.51973571, -0.397164687, 0, 1, 1, 1, 
118.411581, 7, 0.1, 0.1, 0.0290720978, 0.366701347, -0.0349728696, 0.977536174, -2.27143202e-005, 0.210767711, 0.210767712, 1.65891343e-005, -0.977536174, 1.87076158e-005, 1, 2.10039242e-005, 0.977536197, -3.00710986e-005, 0.210767603, 0.210767604, 2.54266583e-005, -0.977536197, 2.40364716e-005, 0.999999999, 3.11934922e-005, 0, 0, 0, 0, 0, 0, 0, 0.373703076, -0.225312549, -0.20479209, -0.0570764243, 0.341262848, -0.938252815, -0.982910156, 0.144775391, 0.112426758, 0.174158842, 0.928752336, 0.327318584, 0, 0, -0, 0, 0, 0, 0, 0.422176514, -0.159989111, -0.159702148, 0.318881219, 0.238123114, -0.917293968, 0.573730469, -0.818847656, -0.0131835937, -0.754369688, -0.52203651, -0.397867577, 0, 1, 1, 1, 
118.412276, 7, 0.1, 0.1, 0.0290720933, 0.366701352, -0.0349764031, 0.977536061, 2.76765056e-005, 0.210768234, 0.210768235, -3.24439139e-005, -0.977536061, -2.02166358e-005, 0.999999999, -3.7548424e-005, 0.977536081, 2.64138387e-005, 0.21076814, 0.210768141, -2.97212642e-005, -0.977536081, -1.95561848e-005, 0.999999999, -3.46208038e-005, 0, 0, 0, 0, 0, 0, 0, 0.373703076, -0.225312549, -0.20479209, -0.0570764243, 0.341262848, -0.938252815, -0.982910156, 0.144775391, 0.112426758, 0.174158842, 0.928752336, 0.327318584, 0, 0, -0, 0, 0, 0, 0, 0.422176514, -0.159989111, -0.159702148, 0.318881219, 0.238123114, -0.917293968, 0.573730469, -0.818847656, -0.0131835937, -0.754369688, -0.52203651, -0.397867577, 0, 1, 1, 1, 
118.41297, 7, 0.1, 0.1, 0.0290720921, 0.366701356, -0.0349777761, 0.97753598, -1.16131631e-005, 0.21076861, 0.21076861, 1.22383291e-005, -0.97753598, 8.77282916e-006, 1, 1.44110973e-005, 0.97753599, -6.06042156e-006, 0.210768566, 0.210768566, -4.71401119e-006, -0.97753599, 6.91784557e-006, 1, -3.33076923e-006, 0, 0, 0, 0, 0, 0, 0, 0.373703076, -0.225312549, -0.20479209, -0.0570764243, 0.341262848, -0.938252815, -0.982910156, 0.144775391, 0.112426758, 0.174158842, 0.928752336, 0.327318584, 0, 0, -0, 0, 0, 0, 0, 0.422176514, -0.159989111, -0.159702148, 0.318881219, 0.238123114, -0.917293968, 0.573730469, -0.818847656, -0.0131835937, -0.754369688, -0.52203651, -0.397867577, 0, 1, 1, 1, 
118.413692, 7, 0.1, 0.1, 0.0290720933, 0.366701343, -0.0349765634, 0.977535974, 7.44032063e-006, 0.210768637, 0.210768637, 3.1233647e-005, -0.977535974, -1.38562543e-005, 0.999999999, 2.89638274e-005, 0.977535972, 5.24989445e-006, 0.210768651, 0.21076865, 3.81734809e-005, -0.977535971, -1.31777337e-005, 0.999999999, 3.62094375e-005, 0, 0, 0, 0, 0, 0, 0, 0.373097754, -0.222286353, -0.206849585, -0.0644010802, 0.348160278, -0.935191081, -0.982910156, 0.139038086, 0.119506836, 0.171611195, 0.927041931, 0.333384025, 0, 0, -0, 0, 0, 0, 0, 0.422176514, -0.159989111, -0.159702148, 0.313814435, 0.243764824, -0.917517448, 0.576904297, -0.81652832, -0.01953125, -0.75404303, -0.523161941, -0.396909124, 0, 1, 1, 1, 
118.414387, 7, 0.1, 0.1, 0.0290720951, 0.366701347, -0.0349732709, 0.977536001, -1.0444694e-005, 0.210768513, 0.210768513, -4.16528856e-005, -0.977536001, 1.89891812e-005, 0.999999999, -3.85157826e-005, 0.977535997, -9.8325328e-006, 0.210768533, 0.210768532, -3.36805971e-005, -0.977535997, 1.67104648e-005, 0.999999999, -3.08516075e-005, 0, 0, 0, 0, 0, 0, 0, 0.373097754, -0.222286353, -0.206849585, -0.0644010802, 0.348160278, -0.935191081, -0.982910156, 0.139038086, 0.119506836, 0.171611195, 0.927041931, 0.333384025, 0, 0, -0, 0, 0, 0, 0, 0.421624902, -0.158076807, -0.161259473, 0.313814435, 0.243764824, -0.917517448, 0.576904297, -0.81652832, -0.01953125, -0.75404303, -0.523161941, -0.396909124, 0, 1, 1, 1, 
118.41509, 7, 0.1, 0.1, 0.0290720944, 0.366701354, -0.0349690867, 0.977536001, 7.59295316e-006, 0.210768516, 0.210768516, 1.13847599e-005, -0.977536001, -9.82193403e-006, 1, 9.52865722e-006, 0.977536007, 1.1448236e-005, 0.210768486, 0.210768486, -8.3140498e-006, -0.977536007, -9.43872323e-006, 1, -1.05402104e-005, 0, 0, 0, 0, 0, 0, 0, 0.373097754, -0.222286353, -0.206849585, -0.0644010802, 0.348160278, -0.935191081, -0.982910156, 0.139038086, 0.119506836, 0.171611195, 0.927041931, 0.333384025, 0, 0, -0, 0, 0, 0, 0, 0.421624902, -0.158076807, -0.161259473, 0.313814435, 0.243764824, -0.917517448, 0.576904297, -0.81652832, -0.01953125, -0.75404303, -0.523161941, -0.396909124, 0, 1, 1, 1, 
118.415783, 7, 0.1, 0.1, 0.0290720982, 0.366701345, -0.0349654299, 0.977535932, -3.87180751e-006, 0.210768835, 0.210768835, 1.11298883e-005, -0.977535932, 1.43899737e-006, 1, 1.16959221e-005, 0.977535947, -1.38372828e-005, 0.210768763, 0.210768763, 2.18520103e-005, -0.977535947, 8.92072019e-006, 1, 2.42775925e-005, 0, 0, 0, 0, 0, 0, 0, 0.373097754, -0.222286353, -0.206849585, -0.0644010802, 0.348160278, -0.935191081, -0.982910156, 0.139038086, 0.119506836, 0.171611195, 0.927041931, 0.333384025, 0, 0, -0, 0, 0, 0, 0, 0.421624902, -0.158076807, -0.161259473, 0.313814435, 0.243764824, -0.917517448, 0.576904297, -0.81652832, -0.01953125, -0.75404303, -0.523161941, -0.396909124, 0, 1, 1, 1, 
118.416478, 7, 0.1, 0.1, 0.0290720934, 0.366701349, -0.0349632337, 0.977535863, 1.92327751e-006, 0.210769153, 0.210769153, -1.07743161e-005, -0.977535863, 3.90820742e-007, 1, -1.0937648e-005, 0.977535874, 1.61083025e-005, 0.210769101, 0.210769101, -1.74352402e-005, -0.977535874, -1.20716337e-005, 1, -2.04387052e-005, 0, 0, 0, 0, 0, 0, 0, 0.373097754, -0.222286353, -0.206849585, -0.0644010802, 0.348160278, -0.935191081, -0.982910156, 0.139038086, 0.119506836, 0.171611195, 0.927041931, 0.333384025, 0, 0, -0, 0, 0, 0, 0, 0.421624902, -0.158076807, -0.161259473, 0.313814435, 0.243764824, -0.917517448, 0.576904297, -0.81652832, -0.01953125, -0.75404303, -0.523161941, -0.396909124, 0, 1, 1, 1, 
118.417177, 7, 0.1, 0.1, 0.0290720951, 0.366701345, -0.0349630529, 0.977535849, -2.13689374e-006, 0.210769219, 0.210769219, -1.82112798e-006, -0.977535849, 2.47272795e-006, 1, -1.32982646e-006, 0.977535849, 9.82988351e-007, 0.21076922, 0.21076922, 1.0944852e-005, -0.977535849, -3.26774426e-006, 1, 1.04918015e-005, 0, 0, 0, 0, 0, 0, 0, 0.373097754, -0.222286353, -0.206849585, -0.0644010802, 0.348160278, -0.935191081, -0.982910156, 0.139038086, 0.119506836, 0.171611195, 0.927041931, 0.333384025, 0, 0, -0, 0, 0, 0, 0, 0.421624902, -0.158076807, -0.161259473, 0.313814435, 0.243764824, -0.917517448, 0.576904297, -0.81652832, -0.01953125, -0.75404303, -0.523161941, -0.396909124, 0, 1, 1, 1, 
118.417873, 7, 0.1, 0.1, 0.0290720957, 0.366701345, -0.0349648336, 0.977535831, -1.13890927e-005, 0.210769304, 0.210769304, -2.27818009e-006, -0.977535831, 1.16134166e-005, 1, 1.73468471e-007, 0.977535837, -8.60258783e-007, 0.210769274, 0.210769274, 5.02034277e-006, -0.977535837, -2.17200209e-007, 1, 5.08888109e-006, 0, 0, 0, 0, 0, 0, 0, 0.373097754, -0.222286353, -0.206849585, -0.0644010802, 0.348160278, -0.935191081, -0.982910156, 0.139038086, 0.119506836, 0.171611195, 0.927041931, 0.333384025, 0, 0, -0, 0, 0, 0, 0, 0.421624902, -0.158076807, -0.161259473, 0.313814435, 0.243764824, -0.917517448, 0.576904297, -0.81652832, -0.01953125, -0.75404303, -0.523161941, -0.396909124, 0, 1, 1, 1, 
118.41858, 7, 0.1, 0.1, 0.0290720972, 0.366701346, -0.0349679182, 0.977535769, 1.0611111e-005, 0.210769589, 0.210769589, 1.13831229e-005, -0.977535769, -1.27719567e-005, 1, 8.89091032e-006, 0.977535787, 6.47094293e-006, 0.210769507, 0.210769507, -3.9937568e-006, -0.977535787, -5.48381614e-006, 1, -5.26791764e-006, 0, 0, 0, 0, 0, 0, 0, 0.373097754, -0.222286353, -0.206849585, -0.0708353371, 0.352747832, -0.933031728, -0.982299805, 0.137573242, 0.126586914, 0.173124649, 0.925573782, 0.336873368, 0, 0, -0, 0, 0, 0, 0, 0.421624902, -0.158076807, -0.161259473, 0.313814435, 0.243764824, -0.917517448, 0.576904297, -0.81652832, -0.01953125, -0.75404303, -0.523161941, -0.396909124, 0, 1, 1, 1, 
118.419287, 7, 0.1, 0.1, 0.0290720974, 0.366701343, -0.0349710422, 0.97753567, -1.4675547e-006, 0.210770052, 0.210770052, -1.25335925e-005, -0.977535669, 4.076293e-006, 1, -1.19427171e-005, 0.977535692, -5.74728434e-006, 0.210769945, 0.210769945, 1.25977774e-006, -0.977535692, 5.35265229e-006, 1, 2.44283251e-006, 0, 0, 0, 0, 0, 0, 0, 0.371880566, -0.220493677, -0.208737793, -0.0708353371, 0.352747832, -0.933031728, -0.982299805, 0.137573242, 0.126586914, 0.173124649, 0.925573782, 0.336873368, 0, 0, -0, 0, 0, 0, 0, 0.421105762, -0.157192725, -0.16238667, 0.309788859, 0.246748824, -0.918168932, 0.577270508, -0.816162109, -0.0245361328, -0.755448077, -0.522357339, -0.395381942, 0, 1, 1, 1, 
118.419981, 7, 0.1, 0.1, 0.0290720965, 0.366701348, -0.0349735307, 0.977535551, -2.10858722e-006, 0.210770604, 0.210770604, -2.98510211e-006, -0.977535551, 2.69039075e-006, 1, -2.47361524e-006, 0.977535573, 3.72679211e-006, 0.210770499, 0.210770499, -1.36657045e-005, -0.977535573, -7.62744511e-007, 1, -1.41442101e-005, 0, 0, 0, 0, 0, 0, 0, 0.371880566, -0.220493677, -0.208737793, -0.0708353371, 0.352747832, -0.933031728, -0.982299805, 0.137573242, 0.126586914, 0.173124649, 0.925573782, 0.336873368, 0, 0, -0, 0, 0, 0, 0, 0.421105762, -0.157192725, -0.16238667, 0.309788859, 0.246748824, -0.918168932, 0.577270508, -0.816162109, -0.0245361328, -0.755448077, -0.522357339, -0.395381942, 0, 1, 1, 1, 
118.420673, 7, 0.1, 0.1, 0.0290720985, 0.366701339, -0.0349747891, 0.977535467, -1.00388124e-005, 0.210770989, 0.210770989, 2.19359632e-005, -0.977535467, 5.18983053e-006, 1, 2.35590725e-005, 0.977535484, -3.91996365e-006, 0.210770913, 0.210770913, 2.85099894e-005, -0.977535483, -2.17717296e-006, 1, 2.86957406e-005, 0, 0, 0, 0, 0, 0, 0, 0.371880566, -0.220493677, -0.208737793, -0.0708353371, 0.352747832, -0.933031728, -0.982299805, 0.137573242, 0.126586914, 0.173124649, 0.925573782, 0.336873368, 0, 0, -0, 0, 0, 0, 0, 0.421105762, -0.157192725, -0.16238667, 0.309788859, 0.246748824, -0.918168932, 0.577270508, -0.816162109, -0.0245361328, -0.755448077, -0.522357339, -0.395381942, 0, 1, 1, 1, 
118.42137, 7, 0.1, 0.1, 0.0290720996, 0.36670134, -0.0349744879, 0.977535362, 1.64818776e-006, 0.210771479, 0.210771479, -1.24740751e-005, -0.977535362, 1.01801743e-006, 1, -1.25412405e-005, 0.977535383, 4.56799909e-006, 0.210771381, 0.210771381, -1.27387192e-005, -0.977535383, -1.7804233e-006, 1, -1.34153523e-005, 0, 0, 0, 0, 0, 0, 0, 0.371880566, -0.220493677, -0.208737793, -0.0708353371, 0.352747832, -0.933031728, -0.982299805, 0.137573242, 0.126586914, 0.173124649, 0.925573782, 0.336873368, 0, 0, -0, 0, 0, 0, 0, 0.421105762, -0.157192725, -0.16238667, 0.309788859, 0.246748824, -0.918168932, 0.577270508, -0.816162109, -0.0245361328, -0.755448077, -0.522357339, -0.395381942, 0, 1, 1, 1, 
118.422063, 7, 0.1, 0.1, 0.0290720995, 0.366701338, -0.0349728401, 0.977535271, 6.63490674e-006, 0.210771902, 0.210771902, 4.33373599e-006, -0.977535271, -7.39928513e-006, 1, 2.83792787e-006, 0.977535286, 4.3055016e-006, 0.210771832, 0.210771832, 8.9388144e-006, -0.977535286, -6.09283002e-006, 1, 7.83052802e-006, 0, 0, 0, 0, 0, 0, 0, 0.371880566, -0.220493677, -0.208737793, -0.0708353371, 0.352747832, -0.933031728, -0.982299805, 0.137573242, 0.126586914, 0.173124649, 0.925573782, 0.336873368, 0, 0, -0, 0, 0, 0, 0, 0.421105762, -0.157192725, -0.16238667, 0.309788859, 0.246748824, -0.918168932, 0.577270508, -0.816162109, -0.0245361328, -0.755448077, -0.522357339, -0.395381942, 0, 1, 1, 1, 
118.422757, 7, 0.1, 0.1, 0.0290721006, 0.366701339, -0.0349703984, 0.977535221, -2.44579808e-007, 0.210772132, 0.210772132, 8.03578092e-006, -0.977535221, -1.4546333e-006, 1, 7.90680949e-006, 0.977535228, -5.01953592e-006, 0.210772098, 0.210772098, -4.64342372e-006, -0.977535228, 5.88547735e-006, 1, -3.48113215e-006, 0, 0, 0, 0, 0, 0, 0, 0.371880566, -0.220493677, -0.208737793, -0.0708353371, 0.352747832, -0.933031728, -0.982299805, 0.137573242, 0.126586914, 0.173124649, 0.925573782, 0.336873368, 0, 0, -0, 0, 0, 0, 0, 0.421105762, -0.157192725, -0.16238667, 0.309788859, 0.246748824, -0.918168932, 0.577270508, -0.816162109, -0.0245361328, -0.755448077, -0.522357339, -0.395381942, 0, 1, 1, 1, 
118.423449, 7, 0.1, 0.1, 0.0290721011, 0.366701337, -0.034967941, 0.977535181, 2.42566893e-006, 0.210772319, 0.210772319, -8.96023639e-006, -0.977535181, -4.82606912e-007, 1, -9.27021016e-006, 0.977535189, -7.01507773e-007, 0.210772281, 0.210772281, -4.31921903e-006, -0.977535189, 1.59612018e-006, 1, -4.0743302e-006, 0, 0, 0, 0, 0, 0, 0, 0.371880566, -0.220493677, -0.208737793, -0.0708353371, 0.352747832, -0.933031728, -0.982299805, 0.137573242, 0.126586914, 0.173124649, 0.925573782, 0.336873368, 0, 0, -0, 0, 0, 0, 0, 0.421105762, -0.157192725, -0.16238667, 0.309788859, 0.246748824, -0.918168932, 0.577270508, -0.816162109, -0.0245361328, -0.755448077, -0.522357339, -0.395381942, 0, 1, 1, 1, 
118.424169, 7, 0.1, 0.1, 0.029072101, 0.366701334, -0.0349658406, 0.977535148, 1.93452061e-006, 0.210772472, 0.210772472, 1.75659628e-005, -0.977535148, -5.59348329e-006, 1, 1.67636024e-005, 0.977535154, 5.67356504e-006, 0.210772442, 0.210772442, 1.92973899e-005, -0.977535154, -9.61346727e-006, 1, 1.76680458e-005, 0, 0, 0, 0, 0, 0, 0, 0.370938135, -0.219378174, -0.210402759, -0.0762668626, 0.357195722, -0.930872375, -0.981567383, 0.13671875, 0.1328125, 0.17472647, 0.924004162, 0.34036271, 0, 0, -0, 0, 0, 0, 0, 0.420391699, -0.156290332, -0.163725635, 0.306101968, 0.249962868, -0.918539334, 0.577636719, -0.815673828, -0.0295410156, -0.756572041, -0.521405815, -0.394193446, 0, 1, 1, 1, 
118.424864, 7, 0.1, 0.1, 0.0290721017, 0.366701334, -0.0349650216, 0.977535091, 7.05629148e-006, 0.210772733, 0.210772733, -2.44058567e-006, -0.977535091, -6.38336362e-006, 1, -3.87303198e-006, 0.977535106, 6.0035724e-006, 0.210772665, 0.210772665, -9.21849419e-006, -0.977535106, -3.92569619e-006, 1, -1.02767907e-005, 0, 0, 0, 0, 0, 0, 0, 0.370938135, -0.219378174, -0.210402759, -0.0762668626, 0.357195722, -0.930872375, -0.981567383, 0.13671875, 0.1328125, 0.17472647, 0.924004162, 0.34036271, 0, 0, -0, 0, 0, 0, 0, 0.420391699, -0.156290332, -0.163725635, 0.306101968, 0.249962868, -0.918539334, 0.577636719, -0.815673828, -0.0295410156, -0.756572041, -0.521405815, -0.394193446, 0, 1, 1, 1, 
118.42556, 7, 0.1, 0.1, 0.0290721042, 0.366701332, -0.0349656024, 0.977534997, 2.4823507e-006, 0.210773172, 0.210773172, -7.54651459e-006, -0.977534997, -8.35981869e-007, 1, -7.90019504e-006, 0.977535017, -9.01013434e-006, 0.210773079, 0.210773079, 3.40656212e-006, -0.977535017, 8.08971024e-006, 1, 5.22912751e-006, 0, 0, 0, 0, 0, 0, 0, 0.370938135, -0.219378174, -0.210402759, -0.0762668626, 0.357195722, -0.930872375, -0.981567383, 0.13671875, 0.1328125, 0.17472647, 0.924004162, 0.34036271, 0, 0, -0, 0, 0, 0, 0, 0.420391699, -0.156290332, -0.163725635, 0.306101968, 0.249962868, -0.918539334, 0.577636719, -0.815673828, -0.0295410156, -0.756572041, -0.521405815, -0.394193446, 0, 1, 1, 1, 
118.426656, 7, 0.1, 0.1, 0.0290721048, 0.366701328, -0.034964213, 0.977534865, -3.24780786e-006, 0.210773783, 0.210773783, 2.59378348e-005, -0.977534865, -2.29217015e-006, 1, 2.60396906e-005, 0.97753489, -5.97178797e-006, 0.210773667, 0.210773667, 1.78310908e-005, -0.97753489, 2.0793067e-006, 1, 1.86892091e-005, 0, 0, 0, 0, 0, 0, 0, 0.371481543, -0.219327271, -0.209496362, -0.0743819672, 0.358223541, -0.930681415, -0.981689453, 0.137451172, 0.131347656, 0.1749223, 0.923470596, 0.341568384, 0, 0, -0, 0, 0, 0, 0, 0.420674756, -0.155907422, -0.163033447, 0.30693902, 0.252071538, -0.917606767, 0.577514648, -0.815673828, -0.0308837891, -0.75636132, -0.520447729, -0.396059312, 0, 1, 1, 1, 
118.427808, 7, 0.1, 0.1, 0.0290721034, 0.366701334, -0.0349561035, 0.977534735, 2.25897655e-005, 0.210774386, 0.210774387, -2.74625826e-005, -0.977534734, -1.62938714e-005, 0.999999999, -3.16069724e-005, 0.977534765, 6.5414083e-006, 0.210774249, 0.210774249, -3.29239849e-005, -0.977534764, 5.45074167e-007, 0.999999999, -3.35631002e-005, 0, 0, 0, 0, 0, 0, 0, 0.371481543, -0.219327271, -0.209496362, -0.0743819672, 0.358223541, -0.930681415, -0.981689453, 0.137451172, 0.131347656, 0.1749223, 0.923470596, 0.341568384, 0, 0, -0, 0, 0, 0, 0, 0.420674756, -0.155907422, -0.163033447, 0.30693902, 0.252071538, -0.917606767, 0.577514648, -0.815673828, -0.0308837891, -0.75636132, -0.520447729, -0.396059312, 0, 1, 1, 1, 
118.428938, 7, 0.1, 0.1, 0.0290721088, 0.366701328, -0.0349462837, 0.977534499, -1.78684609e-005, 0.210775481, 0.210775481, -1.26165752e-006, -0.977534499, 1.77329635e-005, 1, 2.53291969e-006, 0.977534555, -2.95139665e-005, 0.210775218, 0.210775219, 1.57214871e-005, -0.977534555, 2.55372223e-005, 0.999999999, 2.15891096e-005, 0, 0, 0, 0, 0, 0, 0, 0.371481543, -0.219327271, -0.209496362, -0.0743819672, 0.358223541, -0.930681415, -0.981689453, 0.137451172, 0.131347656, 0.1749223, 0.923470596, 0.341568384, 0, 0, -0, 0, 0, 0, 0, 0.420674756, -0.155907422, -0.163033447, 0.30693902, 0.252071538, -0.917606767, 0.577514648, -0.815673828, -0.0308837891, -0.75636132, -0.520447729, -0.396059312, 0, 1, 1, 1, 
118.430092, 7, 0.1, 0.1, 0.0290721094, 0.366701342, -0.0349390812, 0.977534253, -3.17473262e-005, 0.210776619, 0.210776619, 1.14555311e-005, -0.977534253, 2.86195407e-005, 0.999999999, 1.78897681e-005, 0.977534284, -1.79474461e-005, 0.210776476, 0.210776475, -2.40993809e-005, -0.977534284, 2.26238265e-005, 1, -1.97750716e-005, 0, 0, 0, 0, 0, 0, 0, 0.371481543, -0.219327271, -0.209496362, -0.0743819672, 0.358223541, -0.930681415, -0.981689453, 0.137451172, 0.131347656, 0.1749223, 0.923470596, 0.341568384, 0, 0, -0, 0, 0, 0, 0, 0.420674756, -0.155907422, -0.163033447, 0.30693902, 0.252071538, -0.917606767, 0.577514648, -0.815673828, -0.0308837891, -0.75636132, -0.520447729, -0.396059312, 0, 1, 1, 1, 
118.431237, 7, 0.1, 0.1, 0.0290721093, 0.366701338, -0.0349380149, 0.977534258, -7.3636038e-006, 0.210776598, 0.210776597, -3.94658027e-005, -0.977534257, 1.55166426e-005, 0.999999999, -3.70270988e-005, 0.977534232, 1.66275771e-005, 0.210776718, 0.210776718, -1.67916155e-005, -0.977534232, -1.27147442e-005, 1, -1.99190851e-005, 0, 0, 0, 0, 0, 0, 0, 0.371481543, -0.219327271, -0.209496362, -0.0724397838, 0.359010225, -0.930528647, -0.981689453, 0.138549805, 0.129760742, 0.175479831, 0.922975222, 0.342532923, 0, 0, -0, 0, 0, 0, 0, 0.420674756, -0.155907422, -0.163033447, 0.30693902, 0.252071538, -0.917606767, 0.577514648, -0.815673828, -0.0308837891, -0.75636132, -0.520447729, -0.396059312, 0, 1, 1, 1, 
118.432382, 7, 0.1, 0.1, 0.02907211, 0.366701329, -0.034942111, 0.977534405, 7.17028932e-006, 0.210775916, 0.210775916, 4.56313357e-005, -0.977534404, -1.66271911e-005, 0.999999999, 4.30948763e-005, 0.977534379, 1.36450463e-005, 0.210776037, 0.210776036, 4.76036917e-005, -0.977534378, -2.33722194e-005, 0.999999999, 4.36581964e-005, 0, 0, 0, 0, 0, 0, 0, 0.371136011, -0.219511816, -0.208592651, -0.0724397838, 0.359010225, -0.930528647, -0.981689453, 0.138549805, 0.129760742, 0.175479831, 0.922975222, 0.342532923, 0, 0, -0, 0, 0, 0, 0, 0.420291504, -0.155302979, -0.162572803, 0.307750551, 0.254192968, -0.916795602, 0.577636719, -0.815551758, -0.0322265625, -0.755907797, -0.519611044, -0.397937939, 0, 1, 1, 1, 
118.433404, 7, 0.1, 0.1, 0.0290721072, 0.366701332, -0.0349495465, 0.977534427, 2.98842598e-005, 0.210775812, 0.210775812, -6.94596232e-006, -0.977534428, -2.7748852e-005, 1, -1.30887964e-005, 0.977534435, 2.66518266e-005, 0.210775778, 0.210775778, -1.7758289e-005, -0.977534435, -2.23100611e-005, 0.999999999, -2.29768985e-005, 0, 0, 0, 0, 0, 0, 0, 0.371136011, -0.219511816, -0.208592651, -0.0724397838, 0.359010225, -0.930528647, -0.981689453, 0.138549805, 0.129760742, 0.175479831, 0.922975222, 0.342532923, 0, 0, -0, 0, 0, 0, 0, 0.420291504, -0.155302979, -0.162572803, 0.307750551, 0.254192968, -0.916795602, 0.577636719, -0.815551758, -0.0322265625, -0.755907797, -0.519611044, -0.397937939, 0, 1, 1, 1, 
118.434107, 7, 0.1, 0.1, 0.0290721095, 0.36670133, -0.0349587485, 0.977534341, -2.23291098e-005, 0.210776213, 0.210776213, -1.41146619e-005, -0.977534341, 2.48025066e-005, 1, -9.09112156e-006, 0.977534365, -2.20803821e-005, 0.210776101, 0.210776101, 8.96150271e-007, -0.977534365, 2.13954452e-005, 1, 5.53003454e-006, 0, 0, 0, 0, 0, 0, 0, 0.371136011, -0.219511816, -0.208592651, -0.0724397838, 0.359010225, -0.930528647, -0.981689453, 0.138549805, 0.129760742, 0.175479831, 0.922975222, 0.342532923, 0, 0, -0, 0, 0, 0, 0, 0.420291504, -0.155302979, -0.162572803, 0.307750551, 0.254192968, -0.916795602, 0.577636719, -0.815551758, -0.0322265625, -0.755907797, -0.519611044, -0.397937939, 0, 1, 1, 1, 
