time, trialNum, realDorsalTactorPos, realVentralTactorPos, boxPosX, boxPosY, boxPosZ, boxLocalRot_11, boxLocalRot_12, boxLocalRot_13, boxLocalRot_21, boxLocalRot_22, boxLocalRot_23, boxLocalRot_31, boxLocalRot_32, boxLocalRot_33, boxGlobalRot_11, boxGlobalRot_12, boxGlobalRot_13, boxGlobalRot_21, boxGlobalRot_22, boxGlobalRot_23, boxGlobalRot_31, boxGlobalRot_32, boxGlobalRot_33, indexForceX, indexForceY, indexForceZ, indexForceGlobalX, indexForceGlobalY, indexForceGlobalZ, indexContact, indexPosX, indexPosY, indexPosZ, indexRot_11, indexRot_12, indexRot_13, indexRot_21, indexRot_22, indexRot_23, indexRot_31, indexRot_32, indexRot_33, thumbForceX, thumbForceY, thumbForceZ, thumbForceGlobalX, thumbForceGlobalY, thumbForceGlobalZ, thumbContact, thumbPosX, thumbPosY, thumbPosZ, thumbRot_11, thumbRot_12, thumbRot_13, thumbRot_21, thumbRot_22, thumbRot_23, thumbRot_31, thumbRot_32, thumbRot_33, manipForceTooHigh, cceExpType, mapping, trialSuccess, 
247.937271, 24, 0.1, 0.1, 0.0213104564, 0.356099414, -0.0349676851, 0.974327504, 4.41585839e-005, -0.22513532, 0.22513532, 3.44580397e-006, 0.974327505, 4.38006951e-005, -0.999999999, -6.58431532e-006, 0.974327433, 2.55961397e-005, -0.22513563, 0.22513563, 7.7890609e-006, 0.974327434, 2.66926162e-005, -1, 1.82649267e-006, 0, 0, 0, 0, 0, 0, 0, 0.375141333, -0.141309937, -0.187592163, -0.191029586, 0.720045004, -0.666944495, -0.895385742, 0.150512695, 0.418945313, 0.402144244, 0.67731523, 0.616191911, 0, 0, -0, 0, 0, 0, 0, 0.43877373, -0.111376318, -0.139892139, 0.171285553, 0.421175413, -0.8905458, 0.37097168, -0.864990234, -0.337646484, -0.912632389, -0.272531615, -0.304349368, 0, 1, 3, 1, 
247.982683, 24, 0.1, 0.1, 0.0213104734, 0.356099422, -0.0349494697, 0.97432702, 1.30167546e-005, -0.225137419, 0.225137419, -1.20388409e-005, 0.97432702, 9.97218214e-006, -1, -1.46603265e-005, 0.974327033, 1.63105859e-005, -0.225137364, 0.225137364, -4.07846667e-006, 0.974327033, 1.49736295e-005, -1, -7.64588265e-006, 0, 0, 0, 0, 0, 0, 0, 0.374116992, -0.139556885, -0.180119824, -0.220017064, 0.733018737, -0.643460438, -0.887084961, 0.123901367, 0.444458008, 0.405623082, 0.66871002, 0.6232249, 0, 0, -0, 0, 0, 0, 0, 0.437970361, -0.109458008, -0.134539844, 0.139606299, 0.449779515, -0.882134807, 0.378540039, -0.847412109, -0.372070312, -0.914857329, -0.281922216, -0.288613469, 0, 1, 3, 1, 
247.983378, 24, 0.1, 0.1, 0.0213104722, 0.356099425, -0.0349653013, 0.974327002, 1.10339036e-006, -0.2251375, 0.2251375, 2.47515164e-005, 0.974327001, 6.64755753e-006, -1, 2.38676562e-005, 0.974327001, -1.26849576e-006, -0.225137504, 0.225137503, 2.2121921e-005, 0.974327001, 3.7445444e-006, -1, 2.18395709e-005, 0, 0, 0, 0, 0, 0, 0, 0.374116992, -0.139556885, -0.180119824, -0.220017064, 0.733018737, -0.643460438, -0.887084961, 0.123901367, 0.444458008, 0.405623082, 0.66871002, 0.6232249, 0, 0, -0, 0, 0, 0, 0, 0.437970361, -0.109458008, -0.134539844, 0.139606299, 0.449779515, -0.882134807, 0.378540039, -0.847412109, -0.372070312, -0.914857329, -0.281922216, -0.288613469, 0, 1, 3, 1, 
247.984073, 24, 0.1, 0.1, 0.0213104715, 0.356099425, -0.0349808608, 0.974326992, 3.71547547e-006, -0.225137541, 0.225137541, -1.56660784e-005, 0.974326992, 9.30656602e-008, -1, -1.61003761e-005, 0.974326998, -1.69202054e-006, -0.225137515, 0.225137515, -1.19435533e-005, 0.974326998, -4.33752319e-006, -1, -1.12559891e-005, 0, 0, 0, 0, 0, 0, 0, 0.374116992, -0.139556885, -0.180119824, -0.220017064, 0.733018737, -0.643460438, -0.887084961, 0.123901367, 0.444458008, 0.405623082, 0.66871002, 0.6232249, 0, 0, -0, 0, 0, 0, 0, 0.437970361, -0.109458008, -0.134539844, 0.139606299, 0.449779515, -0.882134807, 0.378540039, -0.847412109, -0.372070312, -0.914857329, -0.281922216, -0.288613469, 0, 1, 3, 1, 
247.984781, 24, 0.1, 0.1, 0.0213104722, 0.356099421, -0.0349917488, 0.974326966, -1.67376869e-006, -0.225137656, 0.225137656, -1.76970885e-006, 0.974326966, -2.02922607e-006, -1, -1.34744669e-006, 0.974326969, -7.63323098e-007, -0.225137643, 0.225137643, -8.22670961e-006, 0.974326969, -2.59586829e-006, -1, -7.84365227e-006, 0, 0, 0, 0, 0, 0, 0, 0.374116992, -0.139556885, -0.180119824, -0.220017064, 0.733018737, -0.643460438, -0.887084961, 0.123901367, 0.444458008, 0.405623082, 0.66871002, 0.6232249, 0, 0, -0, 0, 0, 0, 0, 0.437849023, -0.109250244, -0.134216748, 0.137944956, 0.452629354, -0.880863189, 0.377929687, -0.846069336, -0.375610352, -0.915400171, -0.281008972, -0.287866103, 0, 1, 3, 1, 
247.985481, 24, 0.1, 0.1, 0.021310472, 0.356099426, -0.0349950384, 0.974326961, 2.51575536e-007, -0.225137676, 0.225137676, 2.25390338e-005, 0.974326961, 5.31950252e-006, -1, 2.19037492e-005, 0.974326962, 5.49663787e-007, -0.22513767, 0.22513767, 2.07057095e-005, 0.974326962, 5.19718744e-006, -1, 2.0050381e-005, 0, 0, 0, 0, 0, 0, 0, 0.374116992, -0.139556885, -0.180119824, -0.220017064, 0.733018737, -0.643460438, -0.887084961, 0.123901367, 0.444458008, 0.405623082, 0.66871002, 0.6232249, 0, 0, -0, 0, 0, 0, 0, 0.437849023, -0.109250244, -0.134216748, 0.137944956, 0.452629354, -0.880863189, 0.377929687, -0.846069336, -0.375610352, -0.915400171, -0.281008972, -0.287866103, 0, 1, 3, 1, 
247.986171, 24, 0.1, 0.1, 0.0213104706, 0.356099432, -0.0349907523, 0.974326952, -7.18731352e-006, -0.225137716, 0.225137716, 6.82331429e-006, 0.974326952, -5.46660788e-006, -1, 8.26627436e-006, 0.974326955, -6.54440613e-006, -0.225137702, 0.225137702, 1.31073366e-005, 0.974326955, -3.42543565e-006, -1, 1.42442239e-005, 0, 0, 0, 0, 0, 0, 0, 0.374116992, -0.139556885, -0.180119824, -0.220017064, 0.733018737, -0.643460438, -0.887084961, 0.123901367, 0.444458008, 0.405623082, 0.66871002, 0.6232249, 0, 0, -0, 0, 0, 0, 0, 0.437849023, -0.109250244, -0.134216748, 0.137944956, 0.452629354, -0.880863189, 0.377929687, -0.846069336, -0.375610352, -0.915400171, -0.281008972, -0.287866103, 0, 1, 3, 1, 
247.986882, 24, 0.1, 0.1, 0.0213104717, 0.356099427, -0.0349804219, 0.974326914, 6.57637708e-006, -0.225137878, 0.225137878, -1.79361256e-005, 0.974326914, 2.36943994e-006, -1, -1.89562414e-005, 0.974326922, 8.42401102e-006, -0.225137843, 0.225137843, -1.8656696e-005, 0.974326922, 4.00741242e-006, -1, -2.00742849e-005, 0, 0, 0, 0, 0, 0, 0, 0.374079028, -0.139290186, -0.17939187, -0.220759565, 0.733906892, -0.642362227, -0.886962891, 0.122802734, 0.44519043, 0.405617091, 0.668074983, 0.623916104, 0, 0, -0, 0, 0, 0, 0, 0.437849023, -0.109250244, -0.134216748, 0.137944956, 0.452629354, -0.880863189, 0.377929687, -0.846069336, -0.375610352, -0.915400171, -0.281008972, -0.287866103, 0, 1, 3, 1, 
247.987575, 24, 0.1, 0.1, 0.0213104708, 0.35609943, -0.0349682535, 0.974326889, -1.42555119e-006, -0.225137986, 0.225137986, 2.03109546e-005, 0.974326889, 3.18381457e-006, -1, 2.0110455e-005, 0.974326893, -5.21291924e-006, -0.225137971, 0.225137971, 1.75031724e-005, 0.974326893, -1.13845868e-006, -1, 1.82274377e-005, 0, 0, 0, 0, 0, 0, 0, 0.374079028, -0.139290186, -0.17939187, -0.220759565, 0.733906892, -0.642362227, -0.886962891, 0.122802734, 0.44519043, 0.405617091, 0.668074983, 0.623916104, 0, 0, -0, 0, 0, 0, 0, 0.437849023, -0.109250244, -0.134216748, 0.137944956, 0.452629354, -0.880863189, 0.377929687, -0.846069336, -0.375610352, -0.915400171, -0.281008972, -0.287866103, 0, 1, 3, 1, 
247.98827, 24, 0.1, 0.1, 0.0213104712, 0.356099427, -0.0349576833, 0.974326857, 1.70012022e-005, -0.225138125, 0.225138125, -1.97394988e-005, 0.974326857, 1.21206141e-005, -1, -2.30603426e-005, 0.974326869, 3.80185003e-006, -0.225138072, 0.225138072, -2.18324942e-005, 0.974326869, -1.21108102e-006, -1, -2.21279269e-005, 0, 0, 0, 0, 0, 0, 0, 0.374079028, -0.139290186, -0.17939187, -0.220759565, 0.733906892, -0.642362227, -0.886962891, 0.122802734, 0.44519043, 0.405617091, 0.668074983, 0.623916104, 0, 0, -0, 0, 0, 0, 0, 0.437849023, -0.109250244, -0.134216748, 0.137944956, 0.452629354, -0.880863189, 0.377929687, -0.846069336, -0.375610352, -0.915400171, -0.281008972, -0.287866103, 0, 1, 3, 1, 
247.988975, 24, 0.1, 0.1, 0.0213104688, 0.356099432, -0.0349515003, 0.974326753, -3.66395865e-005, -0.225138572, 0.225138573, 2.97766237e-005, 0.974326753, -2.89950629e-005, -0.999999999, 3.72611453e-005, 0.974326782, -2.49979953e-005, -0.22513845, 0.225138451, 2.92101646e-005, 0.974326782, -1.77798851e-005, -0.999999999, 3.40882556e-005, 0, 0, 0, 0, 0, 0, 0, 0.374079028, -0.139290186, -0.17939187, -0.222187278, 0.734452441, -0.641080169, -0.886352539, 0.121582031, 0.446533203, 0.405966811, 0.6676178, 0.624207414, 0, 0, -0, 0, 0, 0, 0, 0.437849023, -0.109250244, -0.134216748, 0.137944956, 0.452629354, -0.880863189, 0.377929687, -0.846069336, -0.375610352, -0.915400171, -0.281008972, -0.287866103, 0, 1, 3, 1, 
247.989679, 24, 0.1, 0.1, 0.0213104682, 0.356099432, -0.0349508356, 0.974326592, 3.88463943e-005, -0.225139271, 0.225139272, -1.60812523e-005, 0.974326592, 3.42285535e-005, -0.999999999, -2.44142407e-005, 0.97432663, 2.33682883e-005, -0.225139109, 0.225139109, -1.60172534e-005, 0.97432663, 1.91622354e-005, -1, -2.08671521e-005, 0, 0, 0, 0, 0, 0, 0, 0.374230371, -0.139486938, -0.178655737, -0.222187278, 0.734452441, -0.641080169, -0.886352539, 0.121582031, 0.446533203, 0.405966811, 0.6676178, 0.624207414, 0, 0, -0, 0, 0, 0, 0, 0.437724268, -0.109728564, -0.134124951, 0.136309133, 0.45505119, -0.879898173, 0.376464844, -0.845214844, -0.37890625, -0.916185817, -0.279527, -0.286537249, 0, 1, 3, 1, 
247.990376, 24, 0.1, 0.1, 0.0213104726, 0.356099436, -0.0349558046, 0.974326371, -3.05010242e-005, -0.225140229, 0.225140229, 2.16265051e-005, 0.974326371, -2.48489559e-005, -0.999999999, 2.79382818e-005, 0.974326423, -3.39869143e-006, -0.225140003, 0.225140003, 2.51392738e-005, 0.974326423, 2.34842132e-006, -1, 2.52590402e-005, 0, 0, 0, 0, 0, 0, 0, 0.374230371, -0.139486938, -0.178655737, -0.222187278, 0.734452441, -0.641080169, -0.886352539, 0.121582031, 0.446533203, 0.405966811, 0.6676178, 0.624207414, 0, 0, -0, 0, 0, 0, 0, 0.437724268, -0.109728564, -0.134124951, 0.136309133, 0.45505119, -0.879898173, 0.376464844, -0.845214844, -0.37890625, -0.916185817, -0.279527, -0.286537249, 0, 1, 3, 1, 
247.99107, 24, 0.1, 0.1, 0.0213104569, 0.356099432, -0.0349644251, 0.97432606, -2.99763951e-005, -0.225141575, 0.225141574, -3.05278402e-005, 0.97432606, -3.60798689e-005, -0.999999999, -2.29951375e-005, 0.974326125, -4.35400993e-005, -0.225141288, 0.225141287, -2.90789743e-005, 0.974326126, -4.8969134e-005, -0.999999999, -1.85297303e-005, 0, 0, 0, 0, 0, 0, 0, 0.374230371, -0.139486938, -0.178655737, -0.222187278, 0.734452441, -0.641080169, -0.886352539, 0.121582031, 0.446533203, 0.405966811, 0.6676178, 0.624207414, 0, 0, -0, 0, 0, 0, 0, 0.437724268, -0.109728564, -0.134124951, 0.136309133, 0.45505119, -0.879898173, 0.376464844, -0.845214844, -0.37890625, -0.916185817, -0.279527, -0.286537249, 0, 1, 3, 1, 
247.991806, 24, 0.1, 0.1, 0.0213104645, 0.356099435, -0.0349740443, 0.974325656, 3.70290379e-005, -0.225143319, 0.225143318, 4.05847291e-005, 0.974325657, 4.52157222e-005, -0.999999998, 3.12059023e-005, 0.974325739, 3.40612962e-005, -0.225142962, 0.225142961, 2.78849641e-005, 0.974325739, 3.9464901e-005, -0.999999999, 1.95003772e-005, 0, 0, 0, 0, 0, 0, 0, 0.374230371, -0.139486938, -0.178655737, -0.222187278, 0.734452441, -0.641080169, -0.886352539, 0.121582031, 0.446533203, 0.405966811, 0.6676178, 0.624207414, 0, 0, -0, 0, 0, 0, 0, 0.437724268, -0.109728564, -0.134124951, 0.136309133, 0.45505119, -0.879898173, 0.376464844, -0.845214844, -0.37890625, -0.916185817, -0.279527, -0.286537249, 0, 1, 3, 1, 
247.992503, 24, 0.1, 0.1, 0.0213104719, 0.356099449, -0.0349807839, 0.974325261, 1.46132507e-006, -0.225145033, 0.225145033, 2.22389967e-005, 0.974325261, 6.43080558e-006, -1, 2.13390062e-005, 0.974325338, 1.31134729e-005, -0.225144699, 0.225144698, 3.57703769e-005, 0.974325338, 2.08302997e-005, -0.999999999, 3.18995557e-005, 0, 0, 0, 0, 0, 0, 0, 0.374230371, -0.139486938, -0.178655737, -0.222187278, 0.734452441, -0.641080169, -0.886352539, 0.121582031, 0.446533203, 0.405966811, 0.6676178, 0.624207414, 0, 0, -0, 0, 0, 0, 0, 0.437724268, -0.109728564, -0.134124951, 0.136309133, 0.45505119, -0.879898173, 0.376464844, -0.845214844, -0.37890625, -0.916185817, -0.279527, -0.286537249, 0, 1, 3, 1, 
247.993195, 24, 0.1, 0.1, 0.0213104639, 0.35609944, -0.034983774, 0.974324872, -2.91130342e-005, -0.225146713, 0.225146712, -4.42819695e-005, 0.974324872, -3.83354932e-005, -0.999999999, -3.65903204e-005, 0.974324949, -2.93945508e-005, -0.225146382, 0.225146381, -3.80461734e-005, 0.974324949, -3.72058024e-005, -0.999999999, -3.04512593e-005, 0, 0, 0, 0, 0, 0, 0, 0.374230371, -0.139486938, -0.178655737, -0.222187278, 0.734452441, -0.641080169, -0.886352539, 0.121582031, 0.446533203, 0.405966811, 0.6676178, 0.624207414, 0, 0, -0, 0, 0, 0, 0, 0.437724268, -0.109728564, -0.134124951, 0.136309133, 0.45505119, -0.879898173, 0.376464844, -0.845214844, -0.37890625, -0.916185817, -0.279527, -0.286537249, 0, 1, 3, 1, 
247.99392, 24, 0.1, 0.1, 0.0213104598, 0.356099428, -0.0349822465, 0.974324488, 6.36392288e-006, -0.22514838, 0.22514838, -1.14142886e-005, 0.974324487, 3.63061733e-006, -1, -1.25540478e-005, 0.974324565, -4.73725443e-006, -0.225148046, 0.225148046, -2.6906685e-005, 0.974324564, -1.06736109e-005, -1, -2.51492606e-005, 0, 0, 0, 0, 0, 0, 0, 0.374648535, -0.139732642, -0.177348145, -0.222657565, 0.73396418, -0.641702102, -0.886962891, 0.120605469, 0.445800781, 0.404558193, 0.668436685, 0.624182326, 0, 0, -0, 0, 0, 0, 0, 0.437724268, -0.109728564, -0.134124951, 0.137280346, 0.456201406, -0.879150807, 0.376464844, -0.844970703, -0.379638672, -0.916083738, -0.278792394, -0.287808867, 0, 1, 3, 1, 
247.994619, 24, 0.1, 0.1, 0.0213104639, 0.356099435, -0.0349769553, 0.974324119, 5.64526386e-006, -0.225149974, 0.225149974, 2.07145677e-005, 0.974324119, 1.01642011e-005, -1, 1.89116719e-005, 0.974324191, 1.15424376e-005, -0.225149664, 0.225149664, 2.48329578e-005, 0.974324191, 1.68372083e-005, -1, 2.15965756e-005, 0, 0, 0, 0, 0, 0, 0, 0.374648535, -0.139732642, -0.177348145, -0.222657565, 0.73396418, -0.641702102, -0.886962891, 0.120605469, 0.445800781, 0.404558193, 0.668436685, 0.624182326, 0, 0, -0, 0, 0, 0, 0, 0.438013916, -0.110306738, -0.132539551, 0.137280346, 0.456201406, -0.879150807, 0.376464844, -0.844970703, -0.379638672, -0.916083738, -0.278792394, -0.287808867, 0, 1, 3, 1, 
247.995332, 24, 0.1, 0.1, 0.0213104637, 0.356099434, -0.0349697398, 0.974323754, 9.05803348e-006, -0.225151556, 0.225151556, -8.74231494e-007, 0.974323754, 8.6286226e-006, -1, -2.89121484e-006, 0.974323834, -5.41938081e-007, -0.225151209, 0.225151209, -8.22113313e-006, 0.974323834, -2.37902125e-006, -1, -7.88802794e-006, 0, 0, 0, 0, 0, 0, 0, 0.374648535, -0.139732642, -0.177348145, -0.222657565, 0.73396418, -0.641702102, -0.886962891, 0.120605469, 0.445800781, 0.404558193, 0.668436685, 0.624182326, 0, 0, -0, 0, 0, 0, 0, 0.438013916, -0.110306738, -0.132539551, 0.137280346, 0.456201406, -0.879150807, 0.376464844, -0.844970703, -0.379638672, -0.916083738, -0.278792394, -0.287808867, 0, 1, 3, 1, 
247.996037, 24, 0.1, 0.1, 0.0213104626, 0.356099435, -0.0349630572, 0.974323398, -1.95447946e-005, -0.225153092, 0.225153092, -9.0281165e-006, 0.974323399, -2.1075659e-005, -1, -4.39573422e-006, 0.974323465, -1.3147488e-005, -0.225152803, 0.225152803, -4.87552535e-006, 0.974323465, -1.39076443e-005, -1, -1.79014499e-006, 0, 0, 0, 0, 0, 0, 0, 0.374648535, -0.139732642, -0.177348145, -0.222657565, 0.73396418, -0.641702102, -0.886962891, 0.120605469, 0.445800781, 0.404558193, 0.668436685, 0.624182326, 0, 0, -0, 0, 0, 0, 0, 0.438013916, -0.110306738, -0.132539551, 0.137280346, 0.456201406, -0.879150807, 0.376464844, -0.844970703, -0.379638672, -0.916083738, -0.278792394, -0.287808867, 0, 1, 3, 1, 
247.99674, 24, 0.1, 0.1, 0.0213104608, 0.356099437, -0.0349585904, 0.974323106, 7.64817555e-006, -0.225154357, 0.225154357, -2.585631e-007, 0.974323106, 7.39357755e-006, -1, -1.97394405e-006, 0.974323155, 5.85538685e-006, -0.225154146, 0.225154146, 1.12229363e-005, 0.974323155, 8.23192962e-006, -1, 9.61640207e-006, 0, 0, 0, 0, 0, 0, 0, 0.374648535, -0.139732642, -0.177348145, -0.222657565, 0.73396418, -0.641702102, -0.886962891, 0.120605469, 0.445800781, 0.404558193, 0.668436685, 0.624182326, 0, 0, -0, 0, 0, 0, 0, 0.438013916, -0.110306738, -0.132539551, 0.137280346, 0.456201406, -0.879150807, 0.376464844, -0.844970703, -0.379638672, -0.916083738, -0.278792394, -0.287808867, 0, 1, 3, 1, 
247.997436, 24, 0.1, 0.1, 0.0213104608, 0.356099438, -0.034957757, 0.974322896, -4.86819806e-006, -0.225155267, 0.225155267, 6.38155794e-006, 0.974322896, -3.30635544e-006, -1, 7.31379844e-006, 0.974322936, 1.86043846e-006, -0.225155093, 0.225155093, 1.27841386e-005, 0.974322936, 4.69108178e-006, -1, 1.20369923e-005, 0, 0, 0, 0, 0, 0, 0, 0.374648535, -0.139732642, -0.177348145, -0.222657565, 0.73396418, -0.641702102, -0.886962891, 0.120605469, 0.445800781, 0.404558193, 0.668436685, 0.624182326, 0, 0, -0, 0, 0, 0, 0, 0.438013916, -0.110306738, -0.132539551, 0.137280346, 0.456201406, -0.879150807, 0.376464844, -0.844970703, -0.379638672, -0.916083738, -0.278792394, -0.287808867, 0, 1, 3, 1, 
247.998133, 24, 0.1, 0.1, 0.0213104604, 0.356099438, -0.0349604369, 0.974322683, -6.5796222e-006, -0.225156189, 0.225156189, 6.44560551e-006, 0.974322683, -4.95940718e-006, -1, 7.76154231e-006, 0.974322725, -5.50948113e-006, -0.225156009, 0.225156009, 3.51837704e-006, 0.974322725, -4.57582893e-006, -1, 4.66852748e-006, 0, 0, 0, 0, 0, 0, 0, 0.374648535, -0.139732642, -0.177348145, -0.222657565, 0.73396418, -0.641702102, -0.886962891, 0.120605469, 0.445800781, 0.404558193, 0.668436685, 0.624182326, 0, 0, -0, 0, 0, 0, 0, 0.438013916, -0.110306738, -0.132539551, 0.137280346, 0.456201406, -0.879150807, 0.376464844, -0.844970703, -0.379638672, -0.916083738, -0.278792394, -0.287808867, 0, 1, 3, 1, 
247.998855, 24, 0.1, 0.1, 0.0213104601, 0.356099436, -0.0349655693, 0.974322508, -6.83225498e-007, -0.225156945, 0.225156945, 1.17330914e-006, 0.974322508, -4.0150328e-007, -1, 1.29701447e-006, 0.974322538, -4.17673088e-006, -0.225156818, 0.225156818, -9.05389785e-006, 0.974322538, -6.10802985e-006, -1, -7.8809973e-006, 0, 0, 0, 0, 0, 0, 0, 0.374778271, -0.13970481, -0.176161499, -0.224460085, 0.734528825, -0.640362756, -0.88671875, 0.118530273, 0.446777344, 0.404102133, 0.66810007, 0.624835338, 0, 0, -0, 0, 0, 0, 0, 0.438432324, -0.11039082, -0.131360596, 0.13675646, 0.458463194, -0.877968874, 0.377563477, -0.843505859, -0.381713867, -0.915770573, -0.279291127, -0.28854384, 0, 1, 3, 1, 
247.999548, 24, 0.1, 0.1, 0.0213104636, 0.356099435, -0.0349712436, 0.974322404, -1.21786669e-006, -0.225157395, 0.225157395, -6.22730159e-006, 0.974322404, -2.58871781e-006, -1, -5.79318776e-006, 0.97432242, 1.02016338e-005, -0.225157326, 0.225157327, -6.58715336e-006, 0.97432242, 8.45653473e-006, -1, -8.7149838e-006, 0, 0, 0, 0, 0, 0, 0, 0.374778271, -0.13970481, -0.176161499, -0.224460085, 0.734528825, -0.640362756, -0.88671875, 0.118530273, 0.446777344, 0.404102133, 0.66810007, 0.624835338, 0, 0, -0, 0, 0, 0, 0, 0.438432324, -0.11039082, -0.131360596, 0.13675646, 0.458463194, -0.877968874, 0.377563477, -0.843505859, -0.381713867, -0.915770573, -0.279291127, -0.28854384, 0, 1, 3, 1, 
248.000243, 24, 0.1, 0.1, 0.0213104625, 0.356099435, -0.0349761132, 0.974322347, 6.76517513e-006, -0.225157641, 0.225157641, -2.90161851e-006, 0.974322347, 5.93813973e-006, -1, -4.35034264e-006, 0.974322358, 2.91848552e-006, -0.225157596, 0.225157596, -2.20466815e-006, 0.974322358, 2.34714792e-006, -1, -2.80517666e-006, 0, 0, 0, 0, 0, 0, 0, 0.374778271, -0.13970481, -0.176161499, -0.224460085, 0.734528825, -0.640362756, -0.88671875, 0.118530273, 0.446777344, 0.404102133, 0.66810007, 0.624835338, 0, 0, -0, 0, 0, 0, 0, 0.438432324, -0.11039082, -0.131360596, 0.13675646, 0.458463194, -0.877968874, 0.377563477, -0.843505859, -0.381713867, -0.915770573, -0.279291127, -0.28854384, 0, 1, 3, 1, 
248.000963, 24, 0.1, 0.1, 0.0213104604, 0.356099436, -0.0349787293, 0.974322282, -1.13961607e-005, -0.225157925, 0.225157925, -3.54936261e-006, 0.974322282, -1.19027004e-005, -1, -8.92287199e-007, 0.974322298, -1.28730926e-005, -0.225157855, 0.225157855, 2.04434314e-006, 0.974322298, -1.20822413e-005, -1, 4.89032703e-006, 0, 0, 0, 0, 0, 0, 0, 0.374778271, -0.13970481, -0.176161499, -0.225055808, 0.734934711, -0.639576072, -0.885742187, 0.119018555, 0.448486328, 0.405803181, 0.667541416, 0.624339964, 0, 0, -0, 0, 0, 0, 0, 0.438432324, -0.11039082, -0.131360596, 0.13675646, 0.458463194, -0.877968874, 0.377563477, -0.843505859, -0.381713867, -0.915770573, -0.279291127, -0.28854384, 0, 1, 3, 1, 
248.001667, 24, 0.1, 0.1, 0.0213104601, 0.356099437, -0.0349781375, 0.974322195, -1.54522309e-006, -0.225158303, 0.225158303, 5.15976136e-006, 0.974322195, -3.43782037e-007, -1, 5.37518982e-006, 0.974322212, 1.84148099e-006, -0.225158226, 0.225158226, 8.22660246e-006, 0.974322212, 3.64648305e-006, -1, 7.60073692e-006, 0, 0, 0, 0, 0, 0, 0, 0.374529761, -0.140578735, -0.175229834, -0.225055808, 0.734934711, -0.639576072, -0.885742187, 0.119018555, 0.448486328, 0.405803181, 0.667541416, 0.624339964, 0, 0, -0, 0, 0, 0, 0, 0.438395703, -0.111165625, -0.129976221, 0.136296373, 0.459964856, -0.877387385, 0.376953125, -0.843017578, -0.383422852, -0.916064415, -0.278396839, -0.288237238, 0, 1, 3, 1, 
248.00236, 24, 0.1, 0.1, 0.0213104603, 0.356099437, -0.0349751421, 0.974322098, -3.0890554e-006, -0.22515872, 0.22515872, 7.04882743e-006, 0.974322098, -1.42262997e-006, -1, 7.56335609e-006, 0.974322117, -2.54607709e-006, -0.22515864, 0.22515864, 5.42816451e-006, 0.974322116, -1.25850108e-006, -1, 5.86205199e-006, 0, 0, 0, 0, 0, 0, 0, 0.374529761, -0.140578735, -0.175229834, -0.225055808, 0.734934711, -0.639576072, -0.885742187, 0.119018555, 0.448486328, 0.405803181, 0.667541416, 0.624339964, 0, 0, -0, 0, 0, 0, 0, 0.438395703, -0.111165625, -0.129976221, 0.136296373, 0.459964856, -0.877387385, 0.376953125, -0.843017578, -0.383422852, -0.916064415, -0.278396839, -0.288237238, 0, 1, 3, 1, 
248.003056, 24, 0.1, 0.1, 0.0213104604, 0.356099437, -0.0349707304, 0.974322025, 8.28945979e-007, -0.225159035, 0.225159035, 5.20304433e-006, 0.974322025, 1.97917277e-006, -1, 4.88279602e-006, 0.974322037, -2.38732588e-006, -0.225158984, 0.225158984, -3.50798851e-006, 0.974322037, -3.11587934e-006, -1, -2.88038264e-006, 0, 0, 0, 0, 0, 0, 0, 0.374529761, -0.140578735, -0.175229834, -0.225055808, 0.734934711, -0.639576072, -0.885742187, 0.119018555, 0.448486328, 0.405803181, 0.667541416, 0.624339964, 0, 0, -0, 0, 0, 0, 0, 0.438395703, -0.111165625, -0.129976221, 0.136296373, 0.459964856, -0.877387385, 0.376953125, -0.843017578, -0.383422852, -0.916064415, -0.278396839, -0.288237238, 0, 1, 3, 1, 
248.003751, 24, 0.1, 0.1, 0.0213104604, 0.356099436, -0.0349663271, 0.974321956, 2.90401611e-006, -0.225159334, 0.225159334, -4.39194935e-006, 0.974321956, 1.84055826e-006, -1, -4.93303901e-006, 0.974321972, 3.83840055e-006, -0.225159267, 0.225159267, -7.65465731e-006, 0.974321972, 2.01632096e-006, -1, -8.32235226e-006, 0, 0, 0, 0, 0, 0, 0, 0.374529761, -0.140578735, -0.175229834, -0.225055808, 0.734934711, -0.639576072, -0.885742187, 0.119018555, 0.448486328, 0.405803181, 0.667541416, 0.624339964, 0, 0, -0, 0, 0, 0, 0, 0.438395703, -0.111165625, -0.129976221, 0.136296373, 0.459964856, -0.877387385, 0.376953125, -0.843017578, -0.383422852, -0.916064415, -0.278396839, -0.288237238, 0, 1, 3, 1, 
248.004443, 24, 0.1, 0.1, 0.0213104597, 0.356099436, -0.034963201, 0.97432189, -2.72437916e-006, -0.225159619, 0.225159619, -1.02022101e-005, 0.97432189, -4.951548e-006, -1, -9.32681647e-006, 0.974321899, 2.98057772e-006, -0.22515958, 0.22515958, -5.7874228e-006, 0.974321899, 1.60094845e-006, -1, -6.3099184e-006, 0, 0, 0, 0, 0, 0, 0, 0.374529761, -0.140578735, -0.175229834, -0.225055808, 0.734934711, -0.639576072, -0.885742187, 0.119018555, 0.448486328, 0.405803181, 0.667541416, 0.624339964, 0, 0, -0, 0, 0, 0, 0, 0.438395703, -0.111165625, -0.129976221, 0.136296373, 0.459964856, -0.877387385, 0.376953125, -0.843017578, -0.383422852, -0.916064415, -0.278396839, -0.288237238, 0, 1, 3, 1, 
248.005136, 24, 0.1, 0.1, 0.021310459, 0.356099436, -0.0349621801, 0.97432185, -2.89453608e-006, -0.225159795, 0.225159795, -6.3978531e-006, 0.97432185, -4.26074905e-006, -1, -5.58183492e-006, 0.974321859, -5.53241562e-006, -0.225159753, 0.225159753, 3.28955102e-006, 0.974321859, -4.64967898e-006, -1, 4.45075881e-006, 0, 0, 0, 0, 0, 0, 0, 0.374529761, -0.140578735, -0.175229834, -0.225055808, 0.734934711, -0.639576072, -0.885742187, 0.119018555, 0.448486328, 0.405803181, 0.667541416, 0.624339964, 0, 0, -0, 0, 0, 0, 0, 0.438395703, -0.111165625, -0.129976221, 0.136296373, 0.459964856, -0.877387385, 0.376953125, -0.843017578, -0.383422852, -0.916064415, -0.278396839, -0.288237238, 0, 1, 3, 1, 
248.005843, 24, 0.1, 0.1, 0.021310459, 0.356099437, -0.0349634116, 0.974321788, 1.88868396e-006, -0.22516006, 0.22516006, 6.27892393e-006, 0.974321788, 3.25394882e-006, -1, 5.6924362e-006, 0.974321799, -5.28188062e-006, -0.225160013, 0.225160013, 8.12678807e-006, 0.974321799, -3.31642372e-006, -1, 9.10737509e-006, 0, 0, 0, 0, 0, 0, 0, 0.373733569, -0.141187305, -0.175113135, -0.227732257, 0.736209656, -0.637241107, -0.883544922, 0.118774414, 0.452880859, 0.409193296, 0.666227157, 0.623475774, 0, 0, -0, 0, 0, 0, 0, 0.438395703, -0.111165625, -0.129976221, 0.136296373, 0.459964856, -0.877387385, 0.376953125, -0.843017578, -0.383422852, -0.916064415, -0.278396839, -0.288237238, 0, 1, 3, 1, 
248.006551, 24, 0.1, 0.1, 0.0213104594, 0.356099436, -0.0349661202, 0.974321759, 1.43784349e-006, -0.225160186, 0.225160186, 8.69243085e-006, 0.974321759, 3.35811154e-006, -1, 8.14547941e-006, 0.974321764, 2.07399248e-006, -0.225160165, 0.225160165, 5.6993177e-006, 0.974321764, 3.30399532e-006, -1, 5.08598878e-006, 0, 0, 0, 0, 0, 0, 0, 0.373733569, -0.141187305, -0.175113135, -0.227732257, 0.736209656, -0.637241107, -0.883544922, 0.118774414, 0.452880859, 0.409193296, 0.666227157, 0.623475774, 0, 0, -0, 0, 0, 0, 0, 0.437706543, -0.111724023, -0.129887109, 0.132973687, 0.461517557, -0.876952452, 0.375610352, -0.842285156, -0.386352539, -0.9171501, -0.277988158, -0.285368442, 0, 1, 3, 1, 
248.007282, 24, 0.1, 0.1, 0.0213104598, 0.356099436, -0.0349694841, 0.974321716, -1.91940598e-006, -0.225160371, 0.225160371, 3.69221846e-006, 0.974321716, -1.03877765e-006, -1, 4.02958279e-006, 0.974321726, 5.09825176e-006, -0.225160329, 0.225160329, -3.24425499e-006, 0.974321726, 4.23685994e-006, -1, -4.30887216e-006, 0, 0, 0, 0, 0, 0, 0, 0.373733569, -0.141187305, -0.175113135, -0.227732257, 0.736209656, -0.637241107, -0.883544922, 0.118774414, 0.452880859, 0.409193296, 0.666227157, 0.623475774, 0, 0, -0, 0, 0, 0, 0, 0.437706543, -0.111724023, -0.129887109, 0.132973687, 0.461517557, -0.876952452, 0.375610352, -0.842285156, -0.386352539, -0.9171501, -0.277988158, -0.285368442, 0, 1, 3, 1, 
248.007977, 24, 0.1, 0.1, 0.0213104601, 0.356099436, -0.0349723752, 0.974321684, -5.73530046e-007, -0.225160511, 0.225160511, -3.00886802e-006, 0.974321684, -1.23628102e-006, -1, -2.80246904e-006, 0.974321688, 1.04797213e-007, -0.225160494, 0.225160494, -5.57195259e-006, 0.974321688, -1.1524774e-006, -1, -5.45247045e-006, 0, 0, 0, 0, 0, 0, 0, 0.373733569, -0.141187305, -0.175113135, -0.227732257, 0.736209656, -0.637241107, -0.883544922, 0.118774414, 0.452880859, 0.409193296, 0.666227157, 0.623475774, 0, 0, -0, 0, 0, 0, 0, 0.437706543, -0.111724023, -0.129887109, 0.132973687, 0.461517557, -0.876952452, 0.375610352, -0.842285156, -0.386352539, -0.9171501, -0.277988158, -0.285368442, 0, 1, 3, 1, 
248.008669, 24, 0.1, 0.1, 0.0213104605, 0.356099436, -0.0349743066, 0.974321661, 4.08753432e-006, -0.22516061, 0.22516061, -3.9497441e-006, 0.974321661, 3.09324644e-006, -1, -4.76867295e-006, 0.974321668, -7.1863711e-007, -0.225160581, 0.225160581, -2.84016093e-006, 0.974321668, -1.33967599e-006, -1, -2.60542159e-006, 0, 0, 0, 0, 0, 0, 0, 0.373733569, -0.141187305, -0.175113135, -0.227732257, 0.736209656, -0.637241107, -0.883544922, 0.118774414, 0.452880859, 0.409193296, 0.666227157, 0.623475774, 0, 0, -0, 0, 0, 0, 0, 0.437706543, -0.111724023, -0.129887109, 0.132973687, 0.461517557, -0.876952452, 0.375610352, -0.842285156, -0.386352539, -0.9171501, -0.277988158, -0.285368442, 0, 1, 3, 1, 
248.009364, 24, 0.1, 0.1, 0.0213104607, 0.356099437, -0.0349747763, 0.974321629, 2.86287417e-006, -0.225160749, 0.225160749, -2.62268407e-006, 0.974321629, 2.19883472e-006, -1, -3.19994471e-006, 0.974321634, 1.61401818e-006, -0.225160729, 0.225160729, 4.2648406e-006, 0.974321634, 2.53284745e-006, -1, 3.79191295e-006, 0, 0, 0, 0, 0, 0, 0, 0.373733569, -0.141187305, -0.175113135, -0.227732257, 0.736209656, -0.637241107, -0.883544922, 0.118774414, 0.452880859, 0.409193296, 0.666227157, 0.623475774, 0, 0, -0, 0, 0, 0, 0, 0.437706543, -0.111724023, -0.129887109, 0.132973687, 0.461517557, -0.876952452, 0.375610352, -0.842285156, -0.386352539, -0.9171501, -0.277988158, -0.285368442, 0, 1, 3, 1, 
248.010058, 24, 0.1, 0.1, 0.0213104603, 0.356099437, -0.0349737257, 0.974321618, -3.79750622e-006, -0.225160799, 0.225160799, 2.50771252e-006, 0.974321618, -3.13535385e-006, -1, 3.29836805e-006, 0.97432162, 2.15662206e-007, -0.225160788, 0.225160788, 6.27774773e-006, 0.97432162, 1.62362698e-006, -1, 6.06798667e-006, 0, 0, 0, 0, 0, 0, 0, 0.373733569, -0.141187305, -0.175113135, -0.227732257, 0.736209656, -0.637241107, -0.883544922, 0.118774414, 0.452880859, 0.409193296, 0.666227157, 0.623475774, 0, 0, -0, 0, 0, 0, 0, 0.437706543, -0.111724023, -0.129887109, 0.132973687, 0.461517557, -0.876952452, 0.375610352, -0.842285156, -0.386352539, -0.9171501, -0.277988158, -0.285368442, 0, 1, 3, 1, 
248.010778, 24, 0.1, 0.1, 0.0213104599, 0.356099437, -0.0349713307, 0.974321589, -4.8564297e-006, -0.225160924, 0.225160924, 5.67553706e-006, 0.974321589, -3.45381513e-006, -1, 6.62327649e-006, 0.974321595, -4.3707515e-006, -0.225160897, 0.225160897, 3.24077651e-006, 0.974321595, -3.52882142e-006, -1, 4.14168087e-006, 0, 0, 0, 0, 0, 0, 0, 0.373572681, -0.141357568, -0.174989722, -0.230999561, 0.737300754, -0.634810663, -0.881713867, 0.11706543, 0.45690918, 0.411193889, 0.665312793, 0.623214422, 0, 0, -0, 0, 0, 0, 0, 0.437706543, -0.111724023, -0.129887109, 0.129344399, 0.4634279, -0.876479238, 0.375488281, -0.841064453, -0.389282227, -0.917654296, -0.278646572, -0.282863851, 0, 1, 3, 1, 
248.011473, 24, 0.1, 0.1, 0.0213104598, 0.356099436, -0.0349685062, 0.974321578, 6.10283231e-007, -0.225160969, 0.225160969, 4.88428893e-006, 0.974321578, 1.69436335e-006, -1, 4.62145614e-006, 0.974321578, -2.93926873e-006, -0.225160969, 0.225160969, -4.87537149e-006, 0.974321578, -3.96153632e-006, -1, -4.08837105e-006, 0, 0, 0, 0, 0, 0, 0, 0.373572681, -0.141357568, -0.174989722, -0.230999561, 0.737300754, -0.634810663, -0.881713867, 0.11706543, 0.45690918, 0.411193889, 0.665312793, 0.623214422, 0, 0, -0, 0, 0, 0, 0, 0.437679053, -0.112057959, -0.129579883, 0.129344399, 0.4634279, -0.876479238, 0.375488281, -0.841064453, -0.389282227, -0.917654296, -0.278646572, -0.282863851, 0, 1, 3, 1, 
248.012166, 24, 0.1, 0.1, 0.0213104598, 0.356099436, -0.0349662111, 0.974321564, 3.01140976e-006, -0.225161032, 0.225161032, -3.37104817e-006, 0.974321564, 2.17505278e-006, -1, -3.96253705e-006, 0.974321569, 3.81254204e-006, -0.225161009, 0.225161009, -6.80694903e-006, 0.974321569, 2.18198243e-006, -1, -7.49059307e-006, 0, 0, 0, 0, 0, 0, 0, 0.373572681, -0.141357568, -0.174989722, -0.230999561, 0.737300754, -0.634810663, -0.881713867, 0.11706543, 0.45690918, 0.411193889, 0.665312793, 0.623214422, 0, 0, -0, 0, 0, 0, 0, 0.437679053, -0.112057959, -0.129579883, 0.129344399, 0.4634279, -0.876479238, 0.375488281, -0.841064453, -0.389282227, -0.917654296, -0.278646572, -0.282863851, 0, 1, 3, 1, 
248.012861, 24, 0.1, 0.1, 0.0213104592, 0.356099436, -0.0349650796, 0.974321545, -2.14321003e-006, -0.225161113, 0.225161113, -7.71846579e-006, 0.974321545, -3.82607405e-006, -1, -7.03769996e-006, 0.974321545, 3.19266119e-006, -0.225161112, 0.225161112, -3.57619609e-006, 0.974321545, 2.3054583e-006, -1, -4.20322804e-006, 0, 0, 0, 0, 0, 0, 0, 0.373572681, -0.141357568, -0.174989722, -0.230999561, 0.737300754, -0.634810663, -0.881713867, 0.11706543, 0.45690918, 0.411193889, 0.665312793, 0.623214422, 0, 0, -0, 0, 0, 0, 0, 0.437679053, -0.112057959, -0.129579883, 0.129344399, 0.4634279, -0.876479238, 0.375488281, -0.841064453, -0.389282227, -0.917654296, -0.278646572, -0.282863851, 0, 1, 3, 1, 
248.013559, 24, 0.1, 0.1, 0.0213104588, 0.356099437, -0.0349653418, 0.974321545, -1.74807914e-006, -0.225161112, 0.225161112, -4.58383862e-006, 0.974321545, -2.73529337e-006, -1, -4.07253329e-006, 0.974321547, -4.25336447e-006, -0.225161103, 0.225161103, 4.57724601e-006, 0.974321547, -3.11352689e-006, -1, 5.41740166e-006, 0, 0, 0, 0, 0, 0, 0, 0.373572681, -0.141357568, -0.174989722, -0.230999561, 0.737300754, -0.634810663, -0.881713867, 0.11706543, 0.45690918, 0.411193889, 0.665312793, 0.623214422, 0, 0, -0, 0, 0, 0, 0, 0.437679053, -0.112057959, -0.129579883, 0.129344399, 0.4634279, -0.876479238, 0.375488281, -0.841064453, -0.389282227, -0.917654296, -0.278646572, -0.282863851, 0, 1, 3, 1, 
248.014255, 24, 0.1, 0.1, 0.0213104593, 0.356099437, -0.0349668287, 0.974321523, 2.99236498e-006, -0.22516121, 0.22516121, 5.4785941e-006, 0.974321523, 4.14909248e-006, -1, 4.66414762e-006, 0.974321526, -3.50047822e-006, -0.225161193, 0.225161193, 7.33836268e-006, 0.974321526, -1.75827678e-006, -1, 7.93809658e-006, 0, 0, 0, 0, 0, 0, 0, 0.373572681, -0.141357568, -0.174989722, -0.230999561, 0.737300754, -0.634810663, -0.881713867, 0.11706543, 0.45690918, 0.411193889, 0.665312793, 0.623214422, 0, 0, -0, 0, 0, 0, 0, 0.437679053, -0.112057959, -0.129579883, 0.129344399, 0.4634279, -0.876479238, 0.375488281, -0.841064453, -0.389282227, -0.917654296, -0.278646572, -0.282863851, 0, 1, 3, 1, 
248.014951, 24, 0.1, 0.1, 0.02131046, 0.356099437, -0.0349690141, 0.974321524, 2.37274887e-006, -0.225161203, 0.225161203, 7.42142409e-006, 0.974321524, 3.98283707e-006, -1, 6.69660224e-006, 0.974321523, 3.08407394e-006, -0.225161207, 0.225161207, 4.79647525e-006, 0.974321523, 4.08485978e-006, -1, 3.97889526e-006, 0, 0, 0, 0, 0, 0, 0, 0.373572681, -0.141357568, -0.174989722, -0.230999561, 0.737300754, -0.634810663, -0.881713867, 0.11706543, 0.45690918, 0.411193889, 0.665312793, 0.623214422, 0, 0, -0, 0, 0, 0, 0, 0.437679053, -0.112057959, -0.129579883, 0.129344399, 0.4634279, -0.876479238, 0.375488281, -0.841064453, -0.389282227, -0.917654296, -0.278646572, -0.282863851, 0, 1, 3, 1, 
248.015683, 24, 0.1, 0.1, 0.0213104606, 0.356099436, -0.0349710818, 0.97432151, -1.81515431e-006, -0.225161264, 0.225161264, 3.61113658e-006, 0.97432151, -9.55455814e-007, -1, 3.92711049e-006, 0.974321515, 5.09752283e-006, -0.225161245, 0.225161245, -2.82812655e-006, 0.974321515, 4.32984167e-006, -1, -3.90326913e-006, 0, 0, 0, 0, 0, 0, 0, 0.373551904, -0.140184351, -0.174823706, -0.235752987, 0.738449141, -0.631605517, -0.880615234, 0.112426758, 0.460083008, 0.41083443, 0.664760131, 0.623942696, 0, 0, -0, 0, 0, 0, 0, 0.437461768, -0.111228076, -0.12903501, 0.126015517, 0.466449813, -0.875380061, 0.377075195, -0.838745117, -0.392578125, -0.917513205, -0.280538325, -0.281643639, 0, 1, 3, 1, 
248.016377, 24, 0.1, 0.1, 0.0213104608, 0.356099436, -0.0349723077, 0.974321502, -1.19006485e-006, -0.225161299, 0.225161299, -3.63010623e-006, 0.974321502, -1.97686521e-006, -1, -3.268934e-006, 0.974321501, -4.266381e-007, -0.225161302, 0.225161302, -6.29370282e-006, 0.974321501, -1.832781e-006, -1, -6.03602759e-006, 0, 0, 0, 0, 0, 0, 0, 0.373551904, -0.140184351, -0.174823706, -0.235752987, 0.738449141, -0.631605517, -0.880615234, 0.112426758, 0.460083008, 0.41083443, 0.664760131, 0.623942696, 0, 0, -0, 0, 0, 0, 0, 0.437461768, -0.111228076, -0.12903501, 0.126015517, 0.466449813, -0.875380061, 0.377075195, -0.838745117, -0.392578125, -0.917513205, -0.280538325, -0.281643639, 0, 1, 3, 1, 
248.017068, 24, 0.1, 0.1, 0.0213104609, 0.356099436, -0.0349727006, 0.9743215, 3.52848724e-006, -0.225161309, 0.225161309, -4.89567905e-006, 0.9743215, 2.33556348e-006, -1, -5.56444416e-006, 0.974321503, -1.60356072e-006, -0.225161296, 0.225161296, -3.76424872e-006, 0.974321503, -2.40994681e-006, -1, -3.30652866e-006, 0, 0, 0, 0, 0, 0, 0, 0.373551904, -0.140184351, -0.174823706, -0.235752987, 0.738449141, -0.631605517, -0.880615234, 0.112426758, 0.460083008, 0.41083443, 0.664760131, 0.623942696, 0, 0, -0, 0, 0, 0, 0, 0.437461768, -0.111228076, -0.12903501, 0.126015517, 0.466449813, -0.875380061, 0.377075195, -0.838745117, -0.392578125, -0.917513205, -0.280538325, -0.281643639, 0, 1, 3, 1, 
248.01778, 24, 0.1, 0.1, 0.0213104607, 0.356099437, -0.0349721156, 0.974321485, 2.31734837e-006, -0.225161372, 0.225161372, -3.79616253e-006, 0.974321485, 1.40309314e-006, -1, -4.22046005e-006, 0.974321486, 7.91304776e-007, -0.225161367, 0.225161367, 4.44393697e-006, 0.974321486, 1.77158817e-006, -1, 4.15165201e-006, 0, 0, 0, 0, 0, 0, 0, 0.373551904, -0.140184351, -0.174823706, -0.241115241, 0.740143076, -0.627638775, -0.87890625, 0.107543945, 0.464477539, 0.411312952, 0.663750286, 0.624797529, 0, 0, -0, 0, 0, 0, 0, 0.437461768, -0.111228076, -0.12903501, 0.126015517, 0.466449813, -0.875380061, 0.377075195, -0.838745117, -0.392578125, -0.917513205, -0.280538325, -0.281643639, 0, 1, 3, 1, 
248.018492, 24, 0.1, 0.1, 0.0213104599, 0.356099437, -0.0349704936, 0.974321492, -5.15049857e-006, -0.22516134, 0.22516134, 2.33496278e-006, 0.974321493, -4.4924981e-006, -1, 3.43469758e-006, 0.974321492, -7.79115302e-007, -0.225161345, 0.225161345, 6.44569834e-006, 0.974321492, 6.92213323e-007, -1, 6.45560907e-006, 0, 0, 0, 0, 0, 0, 0, 0.373056079, -0.138761401, -0.174841626, -0.241115241, 0.740143076, -0.627638775, -0.87890625, 0.107543945, 0.464477539, 0.411312952, 0.663750286, 0.624797529, 0, 0, -0, 0, 0, 0, 0, 0.436911621, -0.109955127, -0.128916113, 0.121121173, 0.469497247, -0.874434001, 0.378417969, -0.836303711, -0.396606445, -0.917659393, -0.282672881, -0.278966607, 0, 1, 3, 1, 
248.019184, 24, 0.1, 0.1, 0.0213104594, 0.356099436, -0.0349687763, 0.974321479, -4.9492493e-006, -0.225161398, 0.225161398, 6.21079622e-006, 0.974321479, -3.42372835e-006, -1, 7.16569205e-006, 0.974321482, -4.60868143e-006, -0.225161384, 0.225161384, 3.51109872e-006, 0.974321482, -3.69977347e-006, -1, 4.458636e-006, 0, 0, 0, 0, 0, 0, 0, 0.373056079, -0.138761401, -0.174841626, -0.241115241, 0.740143076, -0.627638775, -0.87890625, 0.107543945, 0.464477539, 0.411312952, 0.663750286, 0.624797529, 0, 0, -0, 0, 0, 0, 0, 0.436911621, -0.109955127, -0.128916113, 0.121121173, 0.469497247, -0.874434001, 0.378417969, -0.836303711, -0.396606445, -0.917659393, -0.282672881, -0.278966607, 0, 1, 3, 1, 
248.01988, 24, 0.1, 0.1, 0.0213104597, 0.356099436, -0.0349674178, 0.974321483, 1.70715448e-006, -0.225161383, 0.225161383, 5.70518216e-006, 0.974321483, 2.947904e-006, -1, 5.17429627e-006, 0.97432148, -2.04066853e-006, -0.225161395, 0.225161395, -4.4140257e-006, 0.97432148, -2.98213537e-006, -1, -3.84120028e-006, 0, 0, 0, 0, 0, 0, 0, 0.373056079, -0.138761401, -0.174841626, -0.241115241, 0.740143076, -0.627638775, -0.87890625, 0.107543945, 0.464477539, 0.411312952, 0.663750286, 0.624797529, 0, 0, -0, 0, 0, 0, 0, 0.436911621, -0.109955127, -0.128916113, 0.121121173, 0.469497247, -0.874434001, 0.378417969, -0.836303711, -0.396606445, -0.917659393, -0.282672881, -0.278966607, 0, 1, 3, 1, 
