time, trialNum, realDorsalTactorPos, realVentralTactorPos, boxPosX, boxPosY, boxPosZ, boxLocalRot_11, boxLocalRot_12, boxLocalRot_13, boxLocalRot_21, boxLocalRot_22, boxLocalRot_23, boxLocalRot_31, boxLocalRot_32, boxLocalRot_33, boxGlobalRot_11, boxGlobalRot_12, boxGlobalRot_13, boxGlobalRot_21, boxGlobalRot_22, boxGlobalRot_23, boxGlobalRot_31, boxGlobalRot_32, boxGlobalRot_33, indexForceX, indexForceY, indexForceZ, indexForceGlobalX, indexForceGlobalY, indexForceGlobalZ, indexContact, indexPosX, indexPosY, indexPosZ, indexRot_11, indexRot_12, indexRot_13, indexRot_21, indexRot_22, indexRot_23, indexRot_31, indexRot_32, indexRot_33, thumbForceX, thumbForceY, thumbForceZ, thumbForceGlobalX, thumbForceGlobalY, thumbForceGlobalZ, thumbContact, thumbPosX, thumbPosY, thumbPosZ, thumbRot_11, thumbRot_12, thumbRot_13, thumbRot_21, thumbRot_22, thumbRot_23, thumbRot_31, thumbRot_32, thumbRot_33, manipForceTooHigh, cceExpType, mapping, trialSuccess, 
220.25542, 19, 0.1, 0.1, 0.0283488932, 0.368329246, -0.034971981, 0.958017421, 1.13925732e-005, 0.286709994, 0.286709994, -1.25052923e-007, -0.958017421, -1.08784297e-005, 1, -3.38616747e-006, 0.958017402, 6.58216083e-006, 0.28671006, 0.28671006, 9.51599958e-007, -0.958017402, -6.5786579e-006, 1, -9.75522406e-007, 0, 0, 0, 0, 0, 0, 0, 0.367539966, -0.185150122, -0.159307886, -0.313513954, 0.465784675, -0.827514707, -0.932006836, 0.0153808594, 0.361816406, 0.181281142, 0.884682406, 0.429539975, 0, 0, -0, 0, 0, 0, 0, 0.411795703, -0.128269482, -0.123130176, 0.0826384736, 0.215519358, -0.972960256, 0.657348633, -0.745483398, -0.10925293, -0.748882352, -0.630461962, -0.203402237, 0, 1, 3, 1, 
220.292613, 19, 0.1, 0.1, 0.028348899, 0.368329246, -0.0349729465, 0.958005705, 1.16044999e-005, 0.286749141, 0.286749141, -1.12170303e-006, -0.958005705, -1.07955297e-005, 1, -4.40217828e-006, 0.958005793, 1.39750192e-005, 0.286748845, 0.286748845, -6.53793893e-006, -0.958005793, -1.15134029e-005, 1, -1.0270704e-005, 0, 0, 0, 0, 0, 0, 0, 0.365800146, -0.184194043, -0.158077173, -0.31707968, 0.467053628, -0.825312293, -0.930541992, 0.0145263672, 0.365722656, 0.182958225, 0.884110647, 0.430179882, 0, 0, -0, 0, 0, 0, 0, 0.40968418, -0.126985059, -0.122817334, 0.0740831258, 0.218847874, -0.972895724, 0.659423828, -0.742553711, -0.116821289, -0.748063157, -0.632935203, -0.199344945, 0, 1, 3, 1, 
220.293314, 19, 0.1, 0.1, 0.0283489011, 0.368329244, -0.0349713117, 0.958005261, -3.03963757e-006, 0.286750623, 0.286750623, -6.4380285e-006, -0.958005261, 4.75809746e-006, 1, -5.2960472e-006, 0.958005348, -1.12639146e-005, 0.286750333, 0.286750333, 1.91451801e-006, -0.958005348, 1.02419018e-005, 1, 5.06404976e-006, 0, 0, 0, 0, 0, 0, 0, 0.365800146, -0.184194043, -0.158077173, -0.31707968, 0.467053628, -0.825312293, -0.930541992, 0.0145263672, 0.365722656, 0.182958225, 0.884110647, 0.430179882, 0, 0, -0, 0, 0, 0, 0, 0.40968418, -0.126985059, -0.122817334, 0.0740831258, 0.218847874, -0.972895724, 0.659423828, -0.742553711, -0.116821289, -0.748063157, -0.632935203, -0.199344945, 0, 1, 3, 1, 
220.294013, 19, 0.1, 0.1, 0.0283488996, 0.368329244, -0.0349692192, 0.958004817, -1.17935183e-005, 0.286752107, 0.286752107, 1.0134472e-005, -0.958004817, 8.3921662e-006, 1, 1.30906892e-005, 0.958004905, 6.4568678e-007, 0.286751812, 0.286751812, 8.63168416e-006, -0.958004905, -3.09372217e-006, 1, 8.08404391e-006, 0, 0, 0, 0, 0, 0, 0, 0.365800146, -0.184194043, -0.158077173, -0.31707968, 0.467053628, -0.825312293, -0.930541992, 0.0145263672, 0.365722656, 0.182958225, 0.884110647, 0.430179882, 0, 0, -0, 0, 0, 0, 0, 0.40968418, -0.126985059, -0.122817334, 0.0740831258, 0.218847874, -0.972895724, 0.659423828, -0.742553711, -0.116821289, -0.748063157, -0.632935203, -0.199344945, 0, 1, 3, 1, 
220.294712, 19, 0.1, 0.1, 0.0283489006, 0.368329245, -0.0349673599, 0.958004371, 1.31597583e-005, 0.286753596, 0.286753596, -7.30483307e-006, -0.958004371, -1.05124188e-005, 1, -1.077167e-005, 0.95800446, 7.88655889e-006, 0.286753299, 0.286753299, -9.61679789e-006, -0.95800446, -4.79771008e-006, 1, -1.14744321e-005, 0, 0, 0, 0, 0, 0, 0, 0.365800146, -0.184194043, -0.158077173, -0.31707968, 0.467053628, -0.825312293, -0.930541992, 0.0145263672, 0.365722656, 0.182958225, 0.884110647, 0.430179882, 0, 0, -0, 0, 0, 0, 0, 0.40968418, -0.126985059, -0.122817334, 0.0740831258, 0.218847874, -0.972895724, 0.659423828, -0.742553711, -0.116821289, -0.748063157, -0.632935203, -0.199344945, 0, 1, 3, 1, 
220.295415, 19, 0.1, 0.1, 0.0283489026, 0.368329243, -0.03496625, 0.958003918, -1.36940869e-005, 0.286755108, 0.286755109, 2.25784579e-006, -0.958003918, 1.24715401e-005, 1, 6.0898745e-006, 0.958004012, -1.66338161e-005, 0.286754796, 0.286754796, 8.59550518e-006, -0.958004012, 1.34704602e-005, 1, 1.3004355e-005, 0, 0, 0, 0, 0, 0, 0, 0.365800146, -0.184194043, -0.158077173, -0.31707968, 0.467053628, -0.825312293, -0.930541992, 0.0145263672, 0.365722656, 0.182958225, 0.884110647, 0.430179882, 0, 0, -0, 0, 0, 0, 0, 0.40968418, -0.126985059, -0.122817334, 0.0740831258, 0.218847874, -0.972895724, 0.659423828, -0.742553711, -0.116821289, -0.748063157, -0.632935203, -0.199344945, 0, 1, 3, 1, 
220.296112, 19, 0.1, 0.1, 0.0283488996, 0.368329244, -0.0349661299, 0.958003465, 4.53249392e-006, 0.286756624, 0.286756624, 9.43602943e-006, -0.958003465, -7.04798882e-006, 1, 7.74002624e-006, 0.958003555, 1.4305353e-005, 0.286756323, 0.286756323, -4.83110756e-007, -0.958003555, -1.35660439e-005, 1, -4.56497224e-006, 0, 0, 0, 0, 0, 0, 0, 0.365800146, -0.184194043, -0.158077173, -0.31707968, 0.467053628, -0.825312293, -0.930541992, 0.0145263672, 0.365722656, 0.182958225, 0.884110647, 0.430179882, 0, 0, -0, 0, 0, 0, 0, 0.40968418, -0.126985059, -0.122817334, 0.0740831258, 0.218847874, -0.972895724, 0.659423828, -0.742553711, -0.116821289, -0.748063157, -0.632935203, -0.199344945, 0, 1, 3, 1, 
220.296813, 19, 0.1, 0.1, 0.0283489014, 0.368329244, -0.034966974, 0.958002999, 1.05032433e-005, 0.286758179, 0.28675818, -9.57241621e-006, -0.958002999, -7.31716996e-006, 1, -1.21822944e-005, 0.958003092, -2.46396351e-006, 0.28675787, 0.28675787, -7.39950884e-006, -0.958003092, 4.48235205e-006, 1, -6.38219142e-006, 0, 0, 0, 0, 0, 0, 0, 0.365800146, -0.184194043, -0.158077173, -0.31707968, 0.467053628, -0.825312293, -0.930541992, 0.0145263672, 0.365722656, 0.182958225, 0.884110647, 0.430179882, 0, 0, -0, 0, 0, 0, 0, 0.40968418, -0.126985059, -0.122817334, 0.0740831258, 0.218847874, -0.972895724, 0.659423828, -0.742553711, -0.116821289, -0.748063157, -0.632935203, -0.199344945, 0, 1, 3, 1, 
220.29754, 19, 0.1, 0.1, 0.0283489002, 0.368329243, -0.0349682426, 0.958002514, -1.39564498e-005, 0.2867598, 0.2867598, 6.79946515e-006, -0.958002514, 1.14205007e-005, 1, 1.05160535e-005, 0.958002608, -8.48032896e-006, 0.286759488, 0.286759488, 9.24617994e-006, -0.958002607, 5.47274743e-006, 1, 1.12896793e-005, 0, 0, 0, 0, 0, 0, 0, 0.365669897, -0.183468652, -0.158661572, -0.319674875, 0.468182918, -0.82369362, -0.929443359, 0.0135498047, 0.368408203, 0.183740039, 0.883437417, 0.431035837, 0, 0, -0, 0, 0, 0, 0, 0.409508154, -0.126745215, -0.123454834, 0.0715464521, 0.219090677, -0.97295296, 0.659179687, -0.742431641, -0.118652344, -0.748452515, -0.632909684, -0.197632562, 0, 1, 3, 1, 
220.298237, 19, 0.1, 0.1, 0.0283488988, 0.368329245, -0.0349697189, 0.958002049, 1.16572577e-005, 0.286761355, 0.286761355, -2.72858641e-006, -0.958002049, -1.03852236e-005, 1, -5.95684238e-006, 0.95800214, 1.37018294e-005, 0.286761049, 0.286761049, -8.36835081e-006, -0.95800214, -1.07266648e-005, 1, -1.1946049e-005, 0, 0, 0, 0, 0, 0, 0, 0.365669897, -0.183468652, -0.158661572, -0.319674875, 0.468182918, -0.82369362, -0.929443359, 0.0135498047, 0.368408203, 0.183740039, 0.883437417, 0.431035837, 0, 0, -0, 0, 0, 0, 0, 0.409508154, -0.126745215, -0.123454834, 0.0715464521, 0.219090677, -0.97295296, 0.659179687, -0.742431641, -0.118652344, -0.748452515, -0.632909684, -0.197632562, 0, 1, 3, 1, 
220.298937, 19, 0.1, 0.1, 0.0283489013, 0.368329244, -0.0349710259, 0.958001585, -3.63830338e-006, 0.286762905, 0.286762905, -6.79705551e-006, -0.958001585, 5.43464379e-006, 1, -5.46825951e-006, 0.958001675, -1.20681913e-005, 0.286762604, 0.286762604, 1.3203368e-006, -0.958001675, 1.11827243e-005, 1, 4.72559084e-006, 0, 0, 0, 0, 0, 0, 0, 0.365669897, -0.183468652, -0.158661572, -0.319674875, 0.468182918, -0.82369362, -0.929443359, 0.0135498047, 0.368408203, 0.183740039, 0.883437417, 0.431035837, 0, 0, -0, 0, 0, 0, 0, 0.409508154, -0.126745215, -0.123454834, 0.0715464521, 0.219090677, -0.97295296, 0.659179687, -0.742431641, -0.118652344, -0.748452515, -0.632909684, -0.197632562, 0, 1, 3, 1, 
220.299659, 19, 0.1, 0.1, 0.0283488995, 0.368329244, -0.0349716496, 0.958001109, -9.58578247e-006, 0.286764495, 0.286764495, 1.04861647e-005, -0.958001109, 6.1761305e-006, 1, 1.27946195e-005, 0.9580012, 1.49007489e-006, 0.28676419, 0.28676419, 8.88657783e-006, -0.9580012, -3.97584583e-006, 1, 8.08605211e-006, 0, 0, 0, 0, 0, 0, 0, 0.364982349, -0.183165332, -0.159053247, -0.320130936, 0.469794478, -0.822677784, -0.928955078, 0.0144042969, 0.369750977, 0.185542559, 0.882687804, 0.431987272, 0, 0, -0, 0, 0, 0, 0, 0.408936914, -0.126471924, -0.123887646, 0.0699106288, 0.219633886, -0.973055039, 0.658569336, -0.742797852, -0.120361328, -0.749238161, -0.632238877, -0.19666135, 0, 1, 3, 1, 
220.300358, 19, 0.1, 0.1, 0.0283489001, 0.368329244, -0.0349714496, 0.958000652, 1.22943402e-005, 0.28676602, 0.28676602, -5.8069107e-006, -0.958000652, -1.01127612e-005, 1, -9.08862324e-006, 0.958000744, 7.57591937e-006, 0.286765715, 0.286765715, -7.51300209e-006, -0.958000744, -5.10326497e-006, 1, -9.36997552e-006, 0, 0, 0, 0, 0, 0, 0, 0.364982349, -0.183165332, -0.159053247, -0.320130936, 0.469794478, -0.822677784, -0.928955078, 0.0144042969, 0.369750977, 0.185542559, 0.882687804, 0.431987272, 0, 0, -0, 0, 0, 0, 0, 0.408936914, -0.126471924, -0.123887646, 0.0699106288, 0.219633886, -0.973055039, 0.658569336, -0.742797852, -0.120361328, -0.749238161, -0.632238877, -0.19666135, 0, 1, 3, 1, 
220.301058, 19, 0.1, 0.1, 0.0283489017, 0.368329243, -0.0349706693, 0.9580002, -1.1758139e-005, 0.286767531, 0.286767531, 1.80456399e-007, -0.9580002, 1.12125505e-005, 1, 3.54472976e-006, 0.95800029, -1.41455935e-005, 0.28676723, 0.28676723, 5.95759389e-006, -0.95800029, 1.184304e-005, 1, 9.76386934e-006, 0, 0, 0, 0, 0, 0, 0, 0.364982349, -0.183165332, -0.159053247, -0.320130936, 0.469794478, -0.822677784, -0.928955078, 0.0144042969, 0.369750977, 0.185542559, 0.882687804, 0.431987272, 0, 0, -0, 0, 0, 0, 0, 0.408936914, -0.126471924, -0.123887646, 0.0699106288, 0.219633886, -0.973055039, 0.658569336, -0.742797852, -0.120361328, -0.749238161, -0.632238877, -0.19666135, 0, 1, 3, 1, 
220.301769, 19, 0.1, 0.1, 0.0283488988, 0.368329245, -0.0349694736, 0.957999742, 3.82585871e-006, 0.28676906, 0.28676906, 6.33360414e-006, -0.957999742, -5.48145337e-006, 1, 4.97045322e-006, 0.957999831, 1.27990213e-005, 0.286768762, 0.286768762, -2.77785942e-006, -0.957999832, -1.14648569e-005, 1, -6.33154834e-006, 0, 0, 0, 0, 0, 0, 0, 0.364982349, -0.183165332, -0.159053247, -0.320130936, 0.469794478, -0.822677784, -0.928955078, 0.0144042969, 0.369750977, 0.185542559, 0.882687804, 0.431987272, 0, 0, -0, 0, 0, 0, 0, 0.408936914, -0.126471924, -0.123887646, 0.0699106288, 0.219633886, -0.973055039, 0.658569336, -0.742797852, -0.120361328, -0.749238161, -0.632238877, -0.19666135, 0, 1, 3, 1, 
220.302486, 19, 0.1, 0.1, 0.0283489005, 0.368329245, -0.0349681404, 0.957999277, 1.09845769e-005, 0.286770613, 0.286770613, -1.00912233e-005, -0.957999277, -7.62935038e-006, 1, -1.28174385e-005, 0.957999369, -1.80079776e-006, 0.286770307, 0.286770307, -8.69319368e-006, -0.957999369, 4.21811293e-006, 1, -7.81165873e-006, 0, 0, 0, 0, 0, 0, 0, 0.364982349, -0.183165332, -0.159053247, -0.320130936, 0.469794478, -0.822677784, -0.928955078, 0.0144042969, 0.369750977, 0.185542559, 0.882687804, 0.431987272, 0, 0, -0, 0, 0, 0, 0, 0.408936914, -0.126471924, -0.123887646, 0.0699106288, 0.219633886, -0.973055039, 0.658569336, -0.742797852, -0.120361328, -0.749238161, -0.632238877, -0.19666135, 0, 1, 3, 1, 
220.303185, 19, 0.1, 0.1, 0.0283488997, 0.368329244, -0.0349672668, 0.957998821, -1.42850552e-005, 0.286772138, 0.286772139, 8.22419149e-006, -0.957998821, 1.1326597e-005, 1, 1.19753216e-005, 0.957998914, -8.8762527e-006, 0.286771828, 0.286771829, 1.04628405e-005, -0.957998913, 5.50299255e-006, 1, 1.2568849e-005, 0, 0, 0, 0, 0, 0, 0, 0.364982349, -0.183165332, -0.159053247, -0.320130936, 0.469794478, -0.822677784, -0.928955078, 0.0144042969, 0.369750977, 0.185542559, 0.882687804, 0.431987272, 0, 0, -0, 0, 0, 0, 0, 0.408936914, -0.126471924, -0.123887646, 0.0699106288, 0.219633886, -0.973055039, 0.658569336, -0.742797852, -0.120361328, -0.749238161, -0.632238877, -0.19666135, 0, 1, 3, 1, 
220.303893, 19, 0.1, 0.1, 0.0283488979, 0.368329245, -0.0349670238, 0.957998355, 1.30187859e-005, 0.286773695, 0.286773695, -1.68402278e-006, -0.957998355, -1.19890421e-005, 1, -5.34673641e-006, 0.957998448, 1.56859713e-005, 0.286773384, 0.286773385, -7.70450275e-006, -0.957998448, -1.28176899e-005, 1, -1.18792208e-005, 0, 0, 0, 0, 0, 0, 0, 0.364982349, -0.183165332, -0.159053247, -0.320130936, 0.469794478, -0.822677784, -0.928955078, 0.0144042969, 0.369750977, 0.185542559, 0.882687804, 0.431987272, 0, 0, -0, 0, 0, 0, 0, 0.408936914, -0.126471924, -0.123887646, 0.0699106288, 0.219633886, -0.973055039, 0.658569336, -0.742797852, -0.120361328, -0.749238161, -0.632238877, -0.19666135, 0, 1, 3, 1, 
220.304628, 19, 0.1, 0.1, 0.0283489015, 0.368329244, -0.0349671469, 0.957997867, -6.20751963e-006, 0.286775326, 0.286775326, -8.68856065e-006, -0.957997867, 8.43845538e-006, 1, -6.5434591e-006, 0.957997959, -1.59797583e-005, 0.286775018, 0.286775018, 9.83981625e-007, -0.957997959, 1.50263945e-005, 1, 5.52524785e-006, 0, 0, 0, 0, 0, 0, 0, 0.365267969, -0.182982129, -0.158430884, -0.318906166, 0.468988698, -0.823553957, -0.929321289, 0.0153808594, 0.368652344, 0.185472167, 0.883062611, 0.431137309, 0, 0, -0, 0, 0, 0, 0, 0.408933496, -0.126493408, -0.123659277, 0.0699361484, 0.219244161, -0.973093318, 0.658203125, -0.743041992, -0.119995117, -0.749480964, -0.632034353, -0.196297145, 0, 1, 3, 1, 
220.305331, 19, 0.1, 0.1, 0.0283488998, 0.368329245, -0.0349677906, 0.957997391, -1.04016946e-005, 0.286776913, 0.286776913, 9.29801471e-006, -0.957997391, 7.29834035e-006, 1, 1.18904397e-005, 0.957997487, 2.08614457e-006, 0.286776593, 0.286776593, 7.28180817e-006, -0.957997487, -4.08677339e-006, 1, 6.3776965e-006, 0, 0, 0, 0, 0, 0, 0, 0.365267969, -0.182982129, -0.158430884, -0.318906166, 0.468988698, -0.823553957, -0.929321289, 0.0153808594, 0.368652344, 0.185472167, 0.883062611, 0.431137309, 0, 0, -0, 0, 0, 0, 0, 0.408933496, -0.126493408, -0.123659277, 0.0699361484, 0.219244161, -0.973093318, 0.658203125, -0.743041992, -0.119995117, -0.749480964, -0.632034353, -0.196297145, 0, 1, 3, 1, 
220.306034, 19, 0.1, 0.1, 0.0283489001, 0.368329246, -0.0349688476, 0.957996918, 1.54605806e-005, 0.286778495, 0.286778495, -6.60332423e-006, -0.957996918, -1.29174971e-005, 1, -1.07597263e-005, 0.957997013, 9.93270492e-006, 0.286778178, 0.286778178, -8.97827124e-006, -0.957997013, -6.94072938e-006, 1, -1.144964e-005, 0, 0, 0, 0, 0, 0, 0, 0.365267969, -0.182982129, -0.158430884, -0.318906166, 0.468988698, -0.823553957, -0.929321289, 0.0153808594, 0.368652344, 0.185472167, 0.883062611, 0.431137309, 0, 0, -0, 0, 0, 0, 0, 0.408933496, -0.126493408, -0.123659277, 0.0699361484, 0.219244161, -0.973093318, 0.658203125, -0.743041992, -0.119995117, -0.749480964, -0.632034353, -0.196297145, 0, 1, 3, 1, 
220.306744, 19, 0.1, 0.1, 0.0283489009, 0.368329244, -0.0349699208, 0.95799644, -1.05551994e-005, 0.286780093, 0.286780093, 2.71843702e-006, -0.95799644, 9.33224981e-006, 1, 5.63127405e-006, 0.957996533, -1.25068356e-005, 0.286779782, 0.286779782, 8.36955961e-006, -0.957996533, 9.58128465e-006, 1, 1.16047167e-005, 0, 0, 0, 0, 0, 0, 0, 0.365267969, -0.182982129, -0.158430884, -0.318906166, 0.468988698, -0.823553957, -0.929321289, 0.0153808594, 0.368652344, 0.185472167, 0.883062611, 0.431137309, 0, 0, -0, 0, 0, 0, 0, 0.408933496, -0.126493408, -0.123659277, 0.0699361484, 0.219244161, -0.973093318, 0.658203125, -0.743041992, -0.119995117, -0.749480964, -0.632034353, -0.196297145, 0, 1, 3, 1, 
220.307447, 19, 0.1, 0.1, 0.0283488981, 0.368329245, -0.0349706941, 0.957995971, 3.54077438e-006, 0.286781659, 0.286781659, 7.33003812e-006, -0.957995971, -5.49416808e-006, 1, 6.00671784e-006, 0.957996063, 1.24469134e-005, 0.28678135, 0.28678135, -1.07558935e-006, -0.957996063, -1.1615635e-005, 1, -4.59995298e-006, 0, 0, 0, 0, 0, 0, 0, 0.365267969, -0.182982129, -0.158430884, -0.318906166, 0.468988698, -0.823553957, -0.929321289, 0.0153808594, 0.368652344, 0.185472167, 0.883062611, 0.431137309, 0, 0, -0, 0, 0, 0, 0, 0.408933496, -0.126493408, -0.123659277, 0.0699361484, 0.219244161, -0.973093318, 0.658203125, -0.743041992, -0.119995117, -0.749480964, -0.632034353, -0.196297145, 0, 1, 3, 1, 
220.308145, 19, 0.1, 0.1, 0.0283488999, 0.368329245, -0.0349710316, 0.957995506, 8.28783776e-006, 0.28678321, 0.28678321, -9.2359741e-006, -0.957995506, -5.29098904e-006, 1, -1.12248344e-005, 0.957995599, -3.03699142e-006, 0.286782901, 0.286782901, -7.53552123e-006, -0.957995599, 5.07048305e-006, 1, -6.34803897e-006, 0, 0, 0, 0, 0, 0, 0, 0.365267969, -0.182982129, -0.158430884, -0.318906166, 0.468988698, -0.823553957, -0.929321289, 0.0153808594, 0.368652344, 0.185472167, 0.883062611, 0.431137309, 0, 0, -0, 0, 0, 0, 0, 0.408933496, -0.126493408, -0.123659277, 0.0699361484, 0.219244161, -0.973093318, 0.658203125, -0.743041992, -0.119995117, -0.749480964, -0.632034353, -0.196297145, 0, 1, 3, 1, 
220.308848, 19, 0.1, 0.1, 0.0283488996, 0.368329244, -0.0349708716, 0.957995044, -1.38321539e-005, 0.286784754, 0.286784754, 6.80156042e-006, -0.957995044, 1.13005511e-005, 1, 1.0482712e-005, 0.957995135, -9.2549391e-006, 0.286784451, 0.286784451, 8.75332085e-006, -0.957995135, 6.35587033e-006, 1, 1.10398114e-005, 0, 0, 0, 0, 0, 0, 0, 0.365267969, -0.182982129, -0.158430884, -0.318906166, 0.468988698, -0.823553957, -0.929321289, 0.0153808594, 0.368652344, 0.185472167, 0.883062611, 0.431137309, 0, 0, -0, 0, 0, 0, 0, 0.408933496, -0.126493408, -0.123659277, 0.0699361484, 0.219244161, -0.973093318, 0.658203125, -0.743041992, -0.119995117, -0.749480964, -0.632034353, -0.196297145, 0, 1, 3, 1, 
220.309578, 19, 0.1, 0.1, 0.0283488978, 0.368329245, -0.0349699715, 0.957994566, 1.30482633e-005, 0.286786351, 0.286786351, -7.55764775e-007, -0.957994566, -1.22834223e-005, 1, -4.46608237e-006, 0.957994658, 1.53908203e-005, 0.286786045, 0.286786045, -6.54857237e-006, -0.957994658, -1.28662845e-005, 1, -1.06873698e-005, 0, 0, 0, 0, 0, 0, 0, 0.364244409, -0.18368103, -0.157821338, -0.3172171, 0.468404957, -0.824646177, -0.92956543, 0.0183105469, 0.368041992, 0.187552892, 0.883278658, 0.429703604, 0, 0, -0, 0, 0, 0, 0, 0.408283301, -0.126767676, -0.1234375, 0.0705238334, 0.21815811, -0.973265759, 0.657104492, -0.744262695, -0.119140625, -0.750401137, -0.631043817, -0.195824298, 0, 1, 3, 1, 
220.310279, 19, 0.1, 0.1, 0.0283488999, 0.368329244, -0.0349688984, 0.957994107, -2.32451343e-006, 0.286787885, 0.286787885, -7.35632911e-006, -0.957994107, 4.33657624e-006, 1, -6.38067764e-006, 0.957994197, -1.13754681e-005, 0.286787584, 0.286787584, 1.93455554e-006, -0.957994197, 1.03428259e-005, 1, 5.11563599e-006, 0, 0, 0, 0, 0, 0, 0, 0.364244409, -0.18368103, -0.157821338, -0.3172171, 0.468404957, -0.824646177, -0.92956543, 0.0183105469, 0.368041992, 0.187552892, 0.883278658, 0.429703604, 0, 0, -0, 0, 0, 0, 0, 0.408283301, -0.126767676, -0.1234375, 0.0705238334, 0.21815811, -0.973265759, 0.657104492, -0.744262695, -0.119140625, -0.750401137, -0.631043817, -0.195824298, 0, 1, 3, 1, 
220.310983, 19, 0.1, 0.1, 0.0283488976, 0.368329244, -0.0349679861, 0.957993644, -9.81028604e-006, 0.286789433, 0.286789433, 8.90547267e-006, -0.957993643, 6.84419621e-006, 1, 1.13448726e-005, 0.957993736, 3.19843137e-006, 0.286789124, 0.286789124, 7.38920808e-006, -0.957993736, -5.18322173e-006, 1, 6.16153973e-006, 0, 0, 0, 0, 0, 0, 0, 0.364244409, -0.18368103, -0.157821338, -0.3172171, 0.468404957, -0.824646177, -0.92956543, 0.0183105469, 0.368041992, 0.187552892, 0.883278658, 0.429703604, 0, 0, -0, 0, 0, 0, 0, 0.408283301, -0.126767676, -0.1234375, 0.0705238334, 0.21815811, -0.973265759, 0.657104492, -0.744262695, -0.119140625, -0.750401137, -0.631043817, -0.195824298, 0, 1, 3, 1, 
220.31177, 19, 0.1, 0.1, 0.0283488972, 0.368329247, -0.0349667835, 0.95799312, 1.84242042e-005, 0.28679118, 0.28679118, -1.2482805e-005, -0.95799312, -1.40703025e-005, 1, -1.72423406e-005, 0.957993223, 1.30621643e-005, 0.286790838, 0.286790838, -1.54794106e-005, -0.957993223, -8.0741117e-006, 1, -1.85752795e-005, 0, 0, 0, 0, 0, 0, 0, 0.364244409, -0.18368103, -0.157821338, -0.3172171, 0.468404957, -0.824646177, -0.92956543, 0.0183105469, 0.368041992, 0.187552892, 0.883278658, 0.429703604, 0, 0, -0, 0, 0, 0, 0, 0.408283301, -0.126767676, -0.1234375, 0.0709456407, 0.217870464, -0.973361641, 0.657836914, -0.743652344, -0.118530273, -0.74974309, -0.631810506, -0.196079861, 0, 1, 3, 1, 
220.31247, 19, 0.1, 0.1, 0.0283488982, 0.368329246, -0.0349661315, 0.95799265, -1.25361126e-005, 0.286792753, 0.286792753, 3.72043625e-007, -0.95799265, 1.19028043e-005, 1, 3.95168131e-006, 0.957992743, -1.45382955e-005, 0.286792439, 0.286792439, 5.83984817e-006, -0.957992744, 1.22527573e-005, 1, 9.76400541e-006, 0, 0, 0, 0, 0, 0, 0, 0.364244409, -0.18368103, -0.157821338, -0.3172171, 0.468404957, -0.824646177, -0.92956543, 0.0183105469, 0.368041992, 0.187552892, 0.883278658, 0.429703604, 0, 0, -0, 0, 0, 0, 0, 0.408101807, -0.126356348, -0.123225977, 0.0709456407, 0.217870464, -0.973361641, 0.657836914, -0.743652344, -0.118530273, -0.74974309, -0.631810506, -0.196079861, 0, 1, 3, 1, 
220.313165, 19, 0.1, 0.1, 0.0283488955, 0.368329247, -0.0349665259, 0.957992181, 2.29234233e-006, 0.286794319, 0.286794319, 1.0215015e-005, -0.957992181, -5.1256543e-006, 1, 9.12847375e-006, 0.957992274, 1.25398667e-005, 0.286794008, 0.286794008, -1.42043399e-007, -0.957992274, -1.19723583e-005, 1, -3.73243512e-006, 0, 0, 0, 0, 0, 0, 0, 0.364244409, -0.18368103, -0.157821338, -0.3172171, 0.468404957, -0.824646177, -0.92956543, 0.0183105469, 0.368041992, 0.187552892, 0.883278658, 0.429703604, 0, 0, -0, 0, 0, 0, 0, 0.408101807, -0.126356348, -0.123225977, 0.0709456407, 0.217870464, -0.973361641, 0.657836914, -0.743652344, -0.118530273, -0.74974309, -0.631810506, -0.196079861, 0, 1, 3, 1, 
220.313878, 19, 0.1, 0.1, 0.0283488984, 0.368329246, -0.0349677721, 0.957991692, 7.18798256e-006, 0.286795952, 0.286795953, -6.58551759e-006, -0.957991692, -4.99732778e-006, 1, -8.37035544e-006, 0.957991797, -6.50348709e-006, 0.286795601, 0.286795601, -4.51102109e-006, -0.957991797, 7.52402829e-006, 1, -2.45634972e-006, 0, 0, 0, 0, 0, 0, 0, 0.364244409, -0.18368103, -0.157821338, -0.316392224, 0.467599177, -0.825243022, -0.92980957, 0.0187988281, 0.3671875, 0.187298652, 0.883653465, 0.429056584, 0, 0, -0, 0, 0, 0, 0, 0.408101807, -0.126356348, -0.123225977, 0.0709456407, 0.217870464, -0.973361641, 0.657836914, -0.743652344, -0.118530273, -0.74974309, -0.631810506, -0.196079861, 0, 1, 3, 1, 
220.314581, 19, 0.1, 0.1, 0.0283488988, 0.368329244, -0.0349692754, 0.957991211, -1.68571834e-005, 0.286797559, 0.286797559, 9.26703401e-006, -0.957991211, 1.34912708e-005, 1, 1.37123362e-005, 0.957991308, -1.16679889e-005, 0.286797236, 0.286797236, 1.16676484e-005, -0.957991308, 7.83158268e-006, 1, 1.45238527e-005, 0, 0, 0, 0, 0, 0, 0, 0.363839307, -0.183721069, -0.157407324, -0.316392224, 0.467599177, -0.825243022, -0.92980957, 0.0187988281, 0.3671875, 0.187298652, 0.883653465, 0.429056584, 0, 0, -0, 0, 0, 0, 0, 0.408101807, -0.126356348, -0.123225977, 0.0709456407, 0.217870464, -0.973361641, 0.657836914, -0.743652344, -0.118530273, -0.74974309, -0.631810506, -0.196079861, 0, 1, 3, 1, 
220.315276, 19, 0.1, 0.1, 0.0283488985, 0.368329246, -0.0349707356, 0.957990737, 8.5971555e-006, 0.286799142, 0.286799142, -2.10837293e-006, -0.957990737, -7.63131579e-006, 1, -4.48545855e-006, 0.957990831, 1.02877719e-005, 0.286798826, 0.286798826, -7.09613171e-006, -0.957990831, -7.82042895e-006, 1, -9.74855003e-006, 0, 0, 0, 0, 0, 0, 0, 0.363839307, -0.183721069, -0.157407324, -0.316392224, 0.467599177, -0.825243022, -0.92980957, 0.0187988281, 0.3671875, 0.187298652, 0.883653465, 0.429056584, 0, 0, -0, 0, 0, 0, 0, 0.408101807, -0.126356348, -0.123225977, 0.0709456407, 0.217870464, -0.973361641, 0.657836914, -0.743652344, -0.118530273, -0.74974309, -0.631810506, -0.196079861, 0, 1, 3, 1, 
220.315975, 19, 0.1, 0.1, 0.0283489013, 0.368329245, -0.0349717607, 0.957990268, -3.96983926e-006, 0.286800707, 0.286800707, -8.54086703e-006, -0.957990268, 6.25259409e-006, 1, -7.04351479e-006, 0.957990361, -1.27070917e-005, 0.286800398, 0.286800398, -1.19766737e-007, -0.957990361, 1.22076205e-005, 1, 3.52966357e-006, 0, 0, 0, 0, 0, 0, 0, 0.363839307, -0.183721069, -0.157407324, -0.316392224, 0.467599177, -0.825243022, -0.92980957, 0.0187988281, 0.3671875, 0.187298652, 0.883653465, 0.429056584, 0, 0, -0, 0, 0, 0, 0, 0.408101807, -0.126356348, -0.123225977, 0.0709456407, 0.217870464, -0.973361641, 0.657836914, -0.743652344, -0.118530273, -0.74974309, -0.631810506, -0.196079861, 0, 1, 3, 1, 
220.316701, 19, 0.1, 0.1, 0.0283488992, 0.368329246, -0.0349718346, 0.957989784, -7.78772514e-006, 0.286802325, 0.286802325, 7.99107014e-006, -0.957989784, 5.16870363e-006, 1, 9.88890123e-006, 0.957989878, 2.99764161e-006, 0.286802012, 0.286802012, 6.30363379e-006, -0.957989878, -4.67960518e-006, 1, 5.17908772e-006, 0, 0, 0, 0, 0, 0, 0, 0.363206079, -0.183674927, -0.157842334, -0.31573809, 0.468525525, -0.825046071, -0.929931641, 0.0197753906, 0.3671875, 0.188307375, 0.883259562, 0.429519757, 0, 0, -0, 0, 0, 0, 0, 0.408171631, -0.125853467, -0.123013232, 0.0718913338, 0.218733035, -0.973099881, 0.658081055, -0.743530273, -0.118530273, -0.749398208, -0.631842589, -0.197402519, 0, 1, 3, 1, 
220.317413, 19, 0.1, 0.1, 0.0283488986, 0.368329247, -0.0349710345, 0.957989317, 1.64887437e-005, 0.286803886, 0.286803886, -6.00296879e-006, -0.957989317, -1.40743656e-005, 1, -1.04798157e-005, 0.957989417, 1.11707463e-005, 0.286803551, 0.286803551, -8.53825147e-006, -0.957989417, -8.25265588e-006, 1, -1.13833643e-005, 0, 0, 0, 0, 0, 0, 0, 0.363206079, -0.183674927, -0.157842334, -0.31573809, 0.468525525, -0.825046071, -0.929931641, 0.0197753906, 0.3671875, 0.188307375, 0.883259562, 0.429519757, 0, 0, -0, 0, 0, 0, 0, 0.408171631, -0.125853467, -0.123013232, 0.0718913338, 0.218733035, -0.973099881, 0.658081055, -0.743530273, -0.118530273, -0.749398208, -0.631842589, -0.197402519, 0, 1, 3, 1, 
220.318105, 19, 0.1, 0.1, 0.0283488989, 0.368329245, -0.0349697579, 0.957988864, -8.81828514e-006, 0.2868054, 0.2868054, 2.08075765e-006, -0.957988864, 7.85104643e-006, 1, 4.52247445e-006, 0.957988954, -1.07904644e-005, 0.286805098, 0.286805098, 7.8544982e-006, -0.957988954, 8.08443554e-006, 1, 1.06192827e-005, 0, 0, 0, 0, 0, 0, 0, 0.363206079, -0.183674927, -0.157842334, -0.31573809, 0.468525525, -0.825046071, -0.929931641, 0.0197753906, 0.3671875, 0.188307375, 0.883259562, 0.429519757, 0, 0, -0, 0, 0, 0, 0, 0.408171631, -0.125853467, -0.123013232, 0.0718913338, 0.218733035, -0.973099881, 0.658081055, -0.743530273, -0.118530273, -0.749398208, -0.631842589, -0.197402519, 0, 1, 3, 1, 
220.318804, 19, 0.1, 0.1, 0.0283488955, 0.368329246, -0.0349685127, 0.957988409, 4.30914268e-006, 0.286806917, 0.286806917, 7.61012591e-006, -0.957988409, -6.31074549e-006, 1, 6.05452049e-006, 0.957988497, 1.39912417e-005, 0.286806624, 0.286806624, -1.2132376e-006, -0.957988497, -1.3055484e-005, 1, -5.17504846e-006, 0, 0, 0, 0, 0, 0, 0, 0.363206079, -0.183674927, -0.157842334, -0.31573809, 0.468525525, -0.825046071, -0.929931641, 0.0197753906, 0.3671875, 0.188307375, 0.883259562, 0.429519757, 0, 0, -0, 0, 0, 0, 0, 0.408171631, -0.125853467, -0.123013232, 0.0718913338, 0.218733035, -0.973099881, 0.658081055, -0.743530273, -0.118530273, -0.749398208, -0.631842589, -0.197402519, 0, 1, 3, 1, 
220.319502, 19, 0.1, 0.1, 0.0283488977, 0.368329246, -0.0349676718, 0.95798795, 8.43551338e-006, 0.286808451, 0.286808451, -1.03082716e-005, -0.95798795, -5.12462075e-006, 1, -1.22945765e-005, 0.957988043, -3.98483411e-006, 0.286808141, 0.286808141, -8.55685333e-006, -0.957988043, 6.27159862e-006, 1, -7.05448031e-006, 0, 0, 0, 0, 0, 0, 0, 0.363206079, -0.183674927, -0.157842334, -0.31573809, 0.468525525, -0.825046071, -0.929931641, 0.0197753906, 0.3671875, 0.188307375, 0.883259562, 0.429519757, 0, 0, -0, 0, 0, 0, 0, 0.408171631, -0.125853467, -0.123013232, 0.0718913338, 0.218733035, -0.973099881, 0.658081055, -0.743530273, -0.118530273, -0.749398208, -0.631842589, -0.197402519, 0, 1, 3, 1, 
220.320202, 19, 0.1, 0.1, 0.028348898, 0.368329245, -0.0349674045, 0.957987487, -1.77301813e-005, 0.286809996, 0.286809996, 8.28344898e-006, -0.957987487, 1.46095159e-005, 1, 1.30206337e-005, 0.95798758, -1.22784916e-005, 0.286809687, 0.286809687, 1.03719476e-005, -0.95798758, 8.78786743e-006, 1, 1.34577873e-005, 0, 0, 0, 0, 0, 0, 0, 0.363206079, -0.183674927, -0.157842334, -0.31573809, 0.468525525, -0.825046071, -0.929931641, 0.0197753906, 0.3671875, 0.188307375, 0.883259562, 0.429519757, 0, 0, -0, 0, 0, 0, 0, 0.408171631, -0.125853467, -0.123013232, 0.0718913338, 0.218733035, -0.973099881, 0.658081055, -0.743530273, -0.118530273, -0.749398208, -0.631842589, -0.197402519, 0, 1, 3, 1, 
220.320897, 19, 0.1, 0.1, 0.0283488974, 0.368329246, -0.0349677837, 0.957987026, 1.05281177e-005, 0.286811536, 0.286811536, 6.35851204e-009, -0.957987026, -1.00876239e-005, 1, -3.01349425e-006, 0.957987117, 1.25479305e-005, 0.286811232, 0.286811233, -5.90973236e-006, -0.957987117, -1.03257781e-005, 1, -9.26033487e-006, 0, 0, 0, 0, 0, 0, 0, 0.363206079, -0.183674927, -0.157842334, -0.31573809, 0.468525525, -0.825046071, -0.929931641, 0.0197753906, 0.3671875, 0.188307375, 0.883259562, 0.429519757, 0, 0, -0, 0, 0, 0, 0, 0.408171631, -0.125853467, -0.123013232, 0.0718913338, 0.218733035, -0.973099881, 0.658081055, -0.743530273, -0.118530273, -0.749398208, -0.631842589, -0.197402519, 0, 1, 3, 1, 
220.321625, 19, 0.1, 0.1, 0.0283489009, 0.368329244, -0.0349684693, 0.957986541, -5.3891726e-006, 0.286813159, 0.286813159, -6.82505514e-006, -0.957986541, 7.12027044e-006, 1, -4.99262535e-006, 0.957986633, -1.49146057e-005, 0.286812849, 0.286812849, 2.7529154e-006, -0.957986633, 1.34984214e-005, 1, 6.9149567e-006, 0, 0, 0, 0, 0, 0, 0, 0.364348291, -0.183016064, -0.157636792, -0.315098183, 0.468303486, -0.825432861, -0.930541992, 0.0180664062, 0.365478516, 0.186104961, 0.883418321, 0.430198978, 0, 0, -0, 0, 0, 0, 0, 0.408969531, -0.12515249, -0.122584082, 0.0735016375, 0.219416602, -0.972787082, 0.659057617, -0.742675781, -0.117675781, -0.74836976, -0.632507199, -0.199210783, 0, 1, 3, 1, 
220.322321, 19, 0.1, 0.1, 0.0283488989, 0.368329245, -0.0349692596, 0.957986073, -8.57670263e-006, 0.286814722, 0.286814722, 8.67801575e-006, -0.957986073, 5.727379e-006, 1, 1.07733428e-005, 0.957986166, 3.03565833e-006, 0.28681441, 0.286814409, 7.06099565e-006, -0.957986166, -4.93331398e-006, 1, 5.8936656e-006, 0, 0, 0, 0, 0, 0, 0, 0.364348291, -0.183016064, -0.157636792, -0.315098183, 0.468303486, -0.825432861, -0.930541992, 0.0180664062, 0.365478516, 0.186104961, 0.883418321, 0.430198978, 0, 0, -0, 0, 0, 0, 0, 0.408969531, -0.12515249, -0.122584082, 0.0735016375, 0.219416602, -0.972787082, 0.659057617, -0.742675781, -0.117675781, -0.74836976, -0.632507199, -0.199210783, 0, 1, 3, 1, 
220.323015, 19, 0.1, 0.1, 0.0283488987, 0.368329246, -0.0349701268, 0.957985609, 1.60308303e-005, 0.286816271, 0.286816271, -7.5544603e-006, -0.957985609, -1.31905626e-005, 1, -1.18349672e-005, 0.957985701, 1.08323179e-005, 0.286815962, 0.286815962, -9.63842949e-006, -0.957985701, -7.61275026e-006, 1, -1.23403593e-005, 0, 0, 0, 0, 0, 0, 0, 0.364348291, -0.183016064, -0.157636792, -0.315098183, 0.468303486, -0.825432861, -0.930541992, 0.0180664062, 0.365478516, 0.186104961, 0.883418321, 0.430198978, 0, 0, -0, 0, 0, 0, 0, 0.408969531, -0.12515249, -0.122584082, 0.0735016375, 0.219416602, -0.972787082, 0.659057617, -0.742675781, -0.117675781, -0.74836976, -0.632507199, -0.199210783, 0, 1, 3, 1, 
220.323716, 19, 0.1, 0.1, 0.028348899, 0.368329244, -0.0349707425, 0.957985144, -8.88118644e-006, 0.286817823, 0.286817824, 6.230321e-007, -0.957985144, 8.32934796e-006, 1, 3.14413806e-006, 0.957985236, -1.07644123e-005, 0.286817516, 0.286817516, 6.21510456e-006, -0.957985236, 8.52954719e-006, 1, 9.0414004e-006, 0, 0, 0, 0, 0, 0, 0, 0.364348291, -0.183016064, -0.157636792, -0.315098183, 0.468303486, -0.825432861, -0.930541992, 0.0180664062, 0.365478516, 0.186104961, 0.883418321, 0.430198978, 0, 0, -0, 0, 0, 0, 0, 0.408969531, -0.12515249, -0.122584082, 0.0735016375, 0.219416602, -0.972787082, 0.659057617, -0.742675781, -0.117675781, -0.74836976, -0.632507199, -0.199210783, 0, 1, 3, 1, 
220.324415, 19, 0.1, 0.1, 0.028348896, 0.368329246, -0.0349709654, 0.957984686, 4.01662689e-006, 0.286819354, 0.286819354, 5.43865316e-006, -0.957984686, -5.40777804e-006, 1, 4.05810011e-006, 0.957984776, 1.29899033e-005, 0.286819052, 0.286819052, -2.90118439e-006, -0.957984776, -1.16120146e-005, 1, -6.50504221e-006, 0, 0, 0, 0, 0, 0, 0, 0.364348291, -0.183016064, -0.157636792, -0.315098183, 0.468303486, -0.825432861, -0.930541992, 0.0180664062, 0.365478516, 0.186104961, 0.883418321, 0.430198978, 0, 0, -0, 0, 0, 0, 0, 0.408969531, -0.12515249, -0.122584082, 0.0735016375, 0.219416602, -0.972787082, 0.659057617, -0.742675781, -0.117675781, -0.74836976, -0.632507199, -0.199210783, 0, 1, 3, 1, 
220.325113, 19, 0.1, 0.1, 0.0283488979, 0.368329247, -0.0349707447, 0.957984229, 7.85371253e-006, 0.28682088, 0.28682088, -1.04114859e-005, -0.957984229, -4.53750118e-006, 1, -1.22266481e-005, 0.95798432, -3.35875058e-006, 0.286820575, 0.286820575, -8.92059691e-006, -0.95798432, 5.77624113e-006, 1, -7.5824332e-006, 0, 0, 0, 0, 0, 0, 0, 0.364348291, -0.183016064, -0.157636792, -0.315098183, 0.468303486, -0.825432861, -0.930541992, 0.0180664062, 0.365478516, 0.186104961, 0.883418321, 0.430198978, 0, 0, -0, 0, 0, 0, 0, 0.408969531, -0.12515249, -0.122584082, 0.0735016375, 0.219416602, -0.972787082, 0.659057617, -0.742675781, -0.117675781, -0.74836976, -0.632507199, -0.199210783, 0, 1, 3, 1, 
220.325818, 19, 0.1, 0.1, 0.0283488981, 0.368329246, -0.0349700983, 0.95798377, -1.59355516e-005, 0.286822412, 0.286822412, 7.22380583e-006, -0.95798377, 1.31940504e-005, 1, 1.14909621e-005, 0.95798386, -1.10911948e-005, 0.286822112, 0.286822112, 9.07030429e-006, -0.95798386, 8.02362177e-006, 1, 1.1870405e-005, 0, 0, 0, 0, 0, 0, 0, 0.364348291, -0.183016064, -0.157636792, -0.315098183, 0.468303486, -0.825432861, -0.930541992, 0.0180664062, 0.365478516, 0.186104961, 0.883418321, 0.430198978, 0, 0, -0, 0, 0, 0, 0, 0.408969531, -0.12515249, -0.122584082, 0.0735016375, 0.219416602, -0.972787082, 0.659057617, -0.742675781, -0.117675781, -0.74836976, -0.632507199, -0.199210783, 0, 1, 3, 1, 
220.32654, 19, 0.1, 0.1, 0.0283488969, 0.368329247, -0.0349690585, 0.957983301, 1.16057248e-005, 0.286823978, 0.286823978, 1.6033695e-007, -0.957983301, -1.11640791e-005, 1, -3.17520004e-006, 0.957983391, 1.38263161e-005, 0.286823677, 0.286823677, -5.7858168e-006, -0.957983391, -1.15858719e-005, 1, -9.50843121e-006, 0, 0, 0, 0, 0, 0, 0, 0.364862402, -0.183697998, -0.157447363, -0.313866299, 0.468062351, -0.826048802, -0.930664062, 0.0202636719, 0.365112305, 0.187640137, 0.883456513, 0.429431391, 0, 0, -0, 0, 0, 0, 0, 0.409055225, -0.125836377, -0.122152734, 0.0752457359, 0.218605437, -0.972857445, 0.657226562, -0.744506836, -0.116455078, -0.749782103, -0.630628573, -0.199709149, 0, 1, 3, 1, 
220.327237, 19, 0.1, 0.1, 0.0283488996, 0.368329245, -0.0349681865, 0.957982847, -3.45198972e-006, 0.286825497, 0.286825497, -6.37864994e-006, -0.957982847, 5.13650638e-006, 1, -5.12051856e-006, 0.957982936, -1.28417449e-005, 0.286825199, 0.286825199, 3.0897899e-006, -0.957982936, 1.14159429e-005, 1, 6.64330203e-006, 0, 0, 0, 0, 0, 0, 0, 0.364862402, -0.183697998, -0.157447363, -0.313866299, 0.468062351, -0.826048802, -0.930664062, 0.0202636719, 0.365112305, 0.187640137, 0.883456513, 0.429431391, 0, 0, -0, 0, 0, 0, 0, 0.409055225, -0.125836377, -0.122152734, 0.0752457359, 0.218605437, -0.972857445, 0.657226562, -0.744506836, -0.116455078, -0.749782103, -0.630628573, -0.199709149, 0, 1, 3, 1, 
220.327946, 19, 0.1, 0.1, 0.0283488974, 0.368329245, -0.0349677453, 0.957982381, -1.02828165e-005, 0.286827053, 0.286827053, 9.51692592e-006, -0.957982381, 7.12104524e-006, 1, 1.20664373e-005, 0.957982479, 3.25352635e-006, 0.286826723, 0.286826723, 8.04416032e-006, -0.957982479, -5.42410138e-006, 1, 6.77296635e-006, 0, 0, 0, 0, 0, 0, 0, 0.364862402, -0.183697998, -0.157447363, -0.313866299, 0.468062351, -0.826048802, -0.930664062, 0.0202636719, 0.365112305, 0.187640137, 0.883456513, 0.429431391, 0, 0, -0, 0, 0, 0, 0, 0.409055225, -0.125836377, -0.122152734, 0.0752457359, 0.218605437, -0.972857445, 0.657226562, -0.744506836, -0.116455078, -0.749782103, -0.630628573, -0.199709149, 0, 1, 3, 1, 
220.328673, 19, 0.1, 0.1, 0.0283488975, 0.368329247, -0.0349675845, 0.957981898, 1.65120367e-005, 0.286828666, 0.286828666, -9.72814714e-006, -0.957981898, -1.30279208e-005, 1, -1.40555143e-005, 0.957981999, 1.07100586e-005, 0.286828327, 0.286828327, -1.2124082e-005, -0.957981999, -6.78251324e-006, 1, -1.46866005e-005, 0, 0, 0, 0, 0, 0, 0, 0.36516145, -0.184407764, -0.157052271, -0.312450569, 0.467256571, -0.826982263, -0.930908203, 0.0222167969, 0.364379883, 0.188775418, 0.88383132, 0.428219725, 0, 0, -0, 0, 0, 0, 0, 0.409055225, -0.125836377, -0.122152734, 0.0767342714, 0.217455587, -0.972966086, 0.655639648, -0.74609375, -0.115112305, -0.751098564, -0.629031029, -0.199843311, 0, 1, 3, 1, 
220.329372, 19, 0.1, 0.1, 0.0283488983, 0.368329246, -0.0349678113, 0.957981431, -1.08110213e-005, 0.286830223, 0.286830223, 7.29042976e-007, -0.957981431, 1.01476461e-005, 1, 3.7993373e-006, 0.957981525, -1.30734408e-005, 0.286829909, 0.286829909, 6.36214434e-006, -0.957981525, 1.06992615e-005, 1, 9.84467058e-006, 0, 0, 0, 0, 0, 0, 0, 0.36516145, -0.184407764, -0.157052271, -0.312450569, 0.467256571, -0.826982263, -0.930908203, 0.0222167969, 0.364379883, 0.188775418, 0.88383132, 0.428219725, 0, 0, -0, 0, 0, 0, 0, 0.409126025, -0.126548584, -0.121939502, 0.0767342714, 0.217455587, -0.972966086, 0.655639648, -0.74609375, -0.115112305, -0.751098564, -0.629031029, -0.199843311, 0, 1, 3, 1, 
220.33007, 19, 0.1, 0.1, 0.0283488952, 0.368329247, -0.0349685297, 0.957980966, 4.45327842e-006, 0.286831777, 0.286831777, 8.34282201e-006, -0.957980966, -6.65914242e-006, 1, 6.71492292e-006, 0.957981059, 1.39744581e-005, 0.286831467, 0.286831467, -1.15262305e-006, -0.957981059, -1.30566576e-005, 1, -5.11250536e-006, 0, 0, 0, 0, 0, 0, 0, 0.36516145, -0.184407764, -0.157052271, -0.312450569, 0.467256571, -0.826982263, -0.930908203, 0.0222167969, 0.364379883, 0.188775418, 0.88383132, 0.428219725, 0, 0, -0, 0, 0, 0, 0, 0.409126025, -0.126548584, -0.121939502, 0.0767342714, 0.217455587, -0.972966086, 0.655639648, -0.74609375, -0.115112305, -0.751098564, -0.629031029, -0.199843311, 0, 1, 3, 1, 
