time, trialNum, realDorsalTactorPos, realVentralTactorPos, boxPosX, boxPosY, boxPosZ, boxLocalRot_11, boxLocalRot_12, boxLocalRot_13, boxLocalRot_21, boxLocalRot_22, boxLocalRot_23, boxLocalRot_31, boxLocalRot_32, boxLocalRot_33, boxGlobalRot_11, boxGlobalRot_12, boxGlobalRot_13, boxGlobalRot_21, boxGlobalRot_22, boxGlobalRot_23, boxGlobalRot_31, boxGlobalRot_32, boxGlobalRot_33, indexForceX, indexForceY, indexForceZ, indexForceGlobalX, indexForceGlobalY, indexForceGlobalZ, indexContact, indexPosX, indexPosY, indexPosZ, indexRot_11, indexRot_12, indexRot_13, indexRot_21, indexRot_22, indexRot_23, indexRot_31, indexRot_32, indexRot_33, thumbForceX, thumbForceY, thumbForceZ, thumbForceGlobalX, thumbForceGlobalY, thumbForceGlobalZ, thumbContact, thumbPosX, thumbPosY, thumbPosZ, thumbRot_11, thumbRot_12, thumbRot_13, thumbRot_21, thumbRot_22, thumbRot_23, thumbRot_31, thumbRot_32, thumbRot_33, manipForceTooHigh, cceExpType, mapping, trialSuccess, 
245.284256, 16, 0.1, 0.1, -0.0020594145, 0.35841169, -0.0199683828, 0.997797835, 0.0663285784, 1.74136405e-005, 0.0663285788, -0.997797835, -1.90135452e-005, 1.61141514e-005, 2.01266962e-005, -1, 0.997797836, 0.0663285525, 3.33104373e-005, 0.0663285536, -0.997797836, -3.48196921e-005, 3.09275425e-005, 3.69524466e-005, -0.999999999, 0, 0, 0, 0, 0, 0, 0, 0.220915674, -0.0106392578, -0.165348511, -0.375813301, 0.702151207, -0.604631379, -0.880371094, -0.0671386719, 0.469238281, 0.288909609, 0.708699066, 0.643647247, 0, -0, 0, 0, 0, 0, 0, 0.27972583, 0.0406037598, -0.119674951, -0.168633093, 0.720304834, -0.672679011, -0.255371094, -0.691040039, -0.676025391, -0.951918817, 0.0579093958, 0.300595284, 0, 1, 1, 1, 
245.306704, 16, 0.1, 0.1, -0.00205939179, 0.358411716, -0.0199706787, 0.997796391, 0.0663503014, 7.79009399e-006, 0.0663503015, -0.997796391, -1.76623174e-005, 6.60102758e-006, 1.81402717e-005, -1, 0.997796364, 0.0663506963, 1.85639778e-005, 0.0663506967, -0.997796364, -1.85227344e-005, 1.72940732e-005, 1.97136499e-005, -1, 0, 0, 0, 0, 0, 0, 0, 0.23545791, -0.0312747559, -0.163566235, -0.394818745, 0.691143623, -0.605223738, -0.883544922, -0.105224609, 0.456176758, 0.251628806, 0.714891806, 0.652392503, 0, -0, 0, 0, 0, 0, 0, 0.289266895, 0.0210479492, -0.119009814, -0.201041489, 0.69089243, -0.694335538, -0.200073242, -0.72277832, -0.661254883, -0.958884616, 0.00608917172, 0.283589967, 0, 1, 1, 1, 
245.307407, 16, 0.1, 0.1, -0.00205939209, 0.358411717, -0.0199674419, 0.997796528, 0.0663482444, 1.08952237e-005, 0.0663482443, -0.997796528, 1.092446e-005, 1.15960351e-005, -1.01775093e-005, -1, 0.9977965, 0.0663486524, -1.0602367e-005, 0.0663486527, -0.9977965, 2.12257253e-005, -9.17070646e-006, -2.18824072e-005, -1, 0, 0, 0, 0, 0, 0, 0, 0.23545791, -0.0312747559, -0.163566235, -0.394818745, 0.691143623, -0.605223738, -0.883544922, -0.105224609, 0.456176758, 0.251628806, 0.714891806, 0.652392503, 0, -0, 0, 0, 0, 0, 0, 0.289266895, 0.0210479492, -0.119009814, -0.201041489, 0.69089243, -0.694335538, -0.200073242, -0.72277832, -0.661254883, -0.958884616, 0.00608917172, 0.283589967, 0, 1, 1, 1, 
245.308105, 16, 0.1, 0.1, -0.00205938963, 0.358411714, -0.0199650208, 0.997796672, 0.0663460697, -2.58086734e-005, 0.06634607, -0.997796672, 1.26101855e-005, -2.49151722e-005, -1.42947051e-005, -1, 0.997796643, 0.0663465126, -1.44104402e-005, 0.0663465124, -0.997796643, -8.92046914e-006, -1.49705308e-005, 7.94473171e-006, -1, 0, 0, 0, 0, 0, 0, 0, 0.23545791, -0.0312747559, -0.163566235, -0.394818745, 0.691143623, -0.605223738, -0.883544922, -0.105224609, 0.456176758, 0.251628806, 0.714891806, 0.652392503, 0, -0, 0, 0, 0, 0, 0, 0.289266895, 0.0210479492, -0.119009814, -0.201041489, 0.69089243, -0.694335538, -0.200073242, -0.72277832, -0.661254883, -0.958884616, 0.00608917172, 0.283589967, 0, 1, 1, 1, 
245.308803, 16, 0.1, 0.1, -0.00205938694, 0.358411714, -0.0199640797, 0.997796824, 0.0663437761, 2.24802989e-005, 0.0663437765, -0.997796824, -2.11855258e-005, 2.10252431e-005, 2.26302783e-005, -1, 0.997796794, 0.0663442402, 2.3119954e-005, 0.0663442405, -0.997796794, -1.0035809e-005, 2.24031979e-005, 1.15475739e-005, -1, 0, 0, 0, 0, 0, 0, 0, 0.23545791, -0.0312747559, -0.163566235, -0.394818745, 0.691143623, -0.605223738, -0.883544922, -0.105224609, 0.456176758, 0.251628806, 0.714891806, 0.652392503, 0, -0, 0, 0, 0, 0, 0, 0.289266895, 0.0210479492, -0.119009814, -0.201041489, 0.69089243, -0.694335538, -0.200073242, -0.72277832, -0.661254883, -0.958884616, 0.00608917172, 0.283589967, 0, 1, 1, 1, 
245.309531, 16, 0.1, 0.1, -0.0020593881, 0.358411715, -0.0199644985, 0.997796991, 0.0663412658, -1.47960846e-005, 0.0663412661, -0.997796991, 2.43397871e-005, -1.31487564e-005, -2.52677573e-005, -1, 0.997796959, 0.0663417574, -2.79594066e-005, 0.0663417581, -0.997796959, 2.39625901e-005, -2.63080906e-005, -2.57646757e-005, -0.999999999, 0, 0, 0, 0, 0, 0, 0, 0.237511255, -0.0337649658, -0.163495312, -0.398007039, 0.690483498, -0.60397875, -0.883666992, -0.111694336, 0.454467773, 0.246324961, 0.714625584, 0.654790747, 0, -0, 0, 0, 0, 0, 0, 0.290442871, 0.0188071777, -0.119201221, -0.206772884, 0.686769872, -0.696757373, -0.191894531, -0.72668457, -0.659423828, -0.959241524, -0.0025678881, 0.282107994, 0, 1, 1, 1, 
245.31023, 16, 0.1, 0.1, -0.00205938378, 0.358411712, -0.0199663024, 0.997797159, 0.0663387549, -8.88503921e-006, 0.0663387549, -0.997797159, -9.64346607e-006, -9.50520241e-006, 9.03280061e-006, -1, 0.997797125, 0.0663392562, 1.26685242e-005, 0.0663392564, -0.997797125, -1.92019186e-005, 1.1366776e-005, 2.00000396e-005, -1, 0, 0, 0, 0, 0, 0, 0, 0.237511255, -0.0337649658, -0.163495312, -0.398007039, 0.690483498, -0.60397875, -0.883666992, -0.111694336, 0.454467773, 0.246324961, 0.714625584, 0.654790747, 0, -0, 0, 0, 0, 0, 0, 0.290442871, 0.0188071777, -0.119201221, -0.206772884, 0.686769872, -0.696757373, -0.191894531, -0.72668457, -0.659423828, -0.959241524, -0.0025678881, 0.282107994, 0, 1, 1, 1, 
245.310931, 16, 0.1, 0.1, -0.00205938231, 0.358411713, -0.0199689052, 0.997797331, 0.0663361622, 2.36675629e-005, 0.0663361624, -0.997797331, -9.16483541e-006, 2.30074711e-005, 1.07146636e-005, -1, 0.997797296, 0.0663366846, 1.28693824e-005, 0.0663366845, -0.997797296, 1.03725353e-005, 1.35291146e-005, -9.49597555e-006, -1, 0, 0, 0, 0, 0, 0, 0, 0.237511255, -0.0337649658, -0.163495312, -0.398007039, 0.690483498, -0.60397875, -0.883666992, -0.111694336, 0.454467773, 0.246324961, 0.714625584, 0.654790747, 0, -0, 0, 0, 0, 0, 0, 0.290442871, 0.0188071777, -0.119201221, -0.206772884, 0.686769872, -0.696757373, -0.191894531, -0.72668457, -0.659423828, -0.959241524, -0.0025678881, 0.282107994, 0, 1, 1, 1, 
245.311679, 16, 0.1, 0.1, -0.00205938096, 0.358411711, -0.0199713573, 0.997797517, 0.0663333641, -2.04183799e-005, 0.0663333645, -0.997797517, 1.62710687e-005, -1.9294094e-005, -1.75896518e-005, -1, 0.997797479, 0.0663339316, -2.03497336e-005, 0.0663339318, -0.997797479, 7.29395674e-006, -1.98210761e-005, -8.62776949e-006, -1, 0, 0, 0, 0, 0, 0, 0, 0.239375781, -0.0364220215, -0.163590747, -0.400604478, 0.690996847, -0.601654646, -0.883544922, -0.117675781, 0.45324707, 0.242410637, 0.713184766, 0.657759627, 0, -0, 0, 0, 0, 0, 0, 0.291665234, 0.0161399414, -0.11916792, -0.21175035, 0.682864599, -0.699006768, -0.18359375, -0.730224609, -0.657836914, -0.959764677, -0.0109566251, 0.280153175, 0, 1, 1, 1, 
245.312385, 16, 0.1, 0.1, -0.0020593775, 0.35841171, -0.0199725785, 0.997797693, 0.0663307205, 7.57768413e-006, 0.0663307207, -0.997797693, -1.8171403e-005, 6.35567348e-006, 1.86340173e-005, -1, 0.997797657, 0.066331255, 1.71355927e-005, 0.0663312553, -0.997797657, -1.81869418e-005, 1.58914915e-005, 1.92835133e-005, -1, 0, 0, 0, 0, 0, 0, 0, 0.239375781, -0.0364220215, -0.163590747, -0.400604478, 0.690996847, -0.601654646, -0.883544922, -0.117675781, 0.45324707, 0.242410637, 0.713184766, 0.657759627, 0, -0, 0, 0, 0, 0, 0, 0.291665234, 0.0161399414, -0.11916792, -0.21175035, 0.682864599, -0.699006768, -0.18359375, -0.730224609, -0.657836914, -0.959764677, -0.0109566251, 0.280153175, 0, 1, 1, 1, 
245.313079, 16, 0.1, 0.1, -0.0020593775, 0.35841171, -0.0199727909, 0.997797864, 0.0663281425, 9.53091266e-006, 0.0663281425, -0.997797864, 7.48015633e-006, 1.00060692e-005, -6.83151627e-006, -1, 0.99779783, 0.066328649, -8.73337388e-006, 0.0663286491, -0.99779783, 1.53979592e-005, -7.69281568e-006, -1.59433231e-005, -1, 0, 0, 0, 0, 0, 0, 0, 0.239375781, -0.0364220215, -0.163590747, -0.400604478, 0.690996847, -0.601654646, -0.883544922, -0.117675781, 0.45324707, 0.242410637, 0.713184766, 0.657759627, 0, -0, 0, 0, 0, 0, 0, 0.291665234, 0.0161399414, -0.11916792, -0.21175035, 0.682864599, -0.699006768, -0.18359375, -0.730224609, -0.657836914, -0.959764677, -0.0109566251, 0.280153175, 0, 1, 1, 1, 
245.313783, 16, 0.1, 0.1, -0.00205937469, 0.358411708, -0.0199719989, 0.997798037, 0.066325536, -1.69007779e-005, 0.0663255361, -0.997798037, 1.0192217e-005, -1.61875588e-005, -1.12907272e-005, -1, 0.997798002, 0.0663260614, -7.96057006e-006, 0.0663260613, -0.997798002, -7.81255863e-006, -8.46121715e-006, 7.26736214e-006, -1, 0, 0, 0, 0, 0, 0, 0, 0.239375781, -0.0364220215, -0.163590747, -0.400604478, 0.690996847, -0.601654646, -0.883544922, -0.117675781, 0.45324707, 0.242410637, 0.713184766, 0.657759627, 0, -0, 0, 0, 0, 0, 0, 0.291665234, 0.0161399414, -0.11916792, -0.21175035, 0.682864599, -0.699006768, -0.18359375, -0.730224609, -0.657836914, -0.959764677, -0.0109566251, 0.280153175, 0, 1, 1, 1, 
245.31448, 16, 0.1, 0.1, -0.00205937138, 0.358411708, -0.0199705229, 0.997798208, 0.066322957, 2.25804058e-005, 0.0663229573, -0.997798209, -1.60652188e-005, 2.14651957e-005, 1.75274459e-005, -1, 0.997798174, 0.0663234724, 2.33107287e-005, 0.0663234726, -0.997798174, -7.29235585e-006, 2.27757482e-005, 8.82234784e-006, -1, 0, 0, 0, 0, 0, 0, 0, 0.239375781, -0.0364220215, -0.163590747, -0.400604478, 0.690996847, -0.601654646, -0.883544922, -0.117675781, 0.45324707, 0.242410637, 0.713184766, 0.657759627, 0, -0, 0, 0, 0, 0, 0, 0.291665234, 0.0161399414, -0.11916792, -0.21175035, 0.682864599, -0.699006768, -0.18359375, -0.730224609, -0.657836914, -0.959764677, -0.0109566251, 0.280153175, 0, 1, 1, 1, 
245.315183, 16, 0.1, 0.1, -0.0020593714, 0.358411708, -0.0199687668, 0.997798382, 0.0663203427, -9.07938163e-006, 0.0663203429, -0.997798382, 2.03996603e-005, -7.70647984e-006, -2.09568958e-005, -1, 0.997798348, 0.0663208559, -1.96743915e-005, 0.0663208564, -0.997798348, 2.11266678e-005, -1.82299366e-005, -2.23849767e-005, -1, 0, 0, 0, 0, 0, 0, 0, 0.239375781, -0.0364220215, -0.163590747, -0.400604478, 0.690996847, -0.601654646, -0.883544922, -0.117675781, 0.45324707, 0.242410637, 0.713184766, 0.657759627, 0, -0, 0, 0, 0, 0, 0, 0.291665234, 0.0161399414, -0.11916792, -0.21175035, 0.682864599, -0.699006768, -0.18359375, -0.730224609, -0.657836914, -0.959764677, -0.0109566251, 0.280153175, 0, 1, 1, 1, 
245.315883, 16, 0.1, 0.1, -0.00205936752, 0.358411705, -0.019967349, 0.997798556, 0.0663177256, -1.23533376e-005, 0.0663177254, -0.997798556, -1.05909776e-005, -1.3028512e-005, 9.74841688e-006, -1, 0.997798522, 0.0663182373, 9.27674966e-006, 0.0663182375, -0.997798522, -2.04284838e-005, 7.90154607e-006, 2.09987286e-005, -1, 0, 0, 0, 0, 0, 0, 0, 0.239375781, -0.0364220215, -0.163590747, -0.400604478, 0.690996847, -0.601654646, -0.883544922, -0.117675781, 0.45324707, 0.242410637, 0.713184766, 0.657759627, 0, -0, 0, 0, 0, 0, 0, 0.291665234, 0.0161399414, -0.11916792, -0.21175035, 0.682864599, -0.699006768, -0.18359375, -0.730224609, -0.657836914, -0.959764677, -0.0109566251, 0.280153175, 0, 1, 1, 1, 
245.31661, 16, 0.1, 0.1, -0.00205936692, 0.358411707, -0.019966345, 0.997798742, 0.0663149277, 2.18289367e-005, 0.0663149279, -0.997798742, -1.08715878e-005, 2.10599371e-005, 1.2295241e-005, -1, 0.997798707, 0.0663154635, 1.10084938e-005, 0.0663154634, -0.997798707, 1.0031441e-005, 1.16495005e-005, -9.27932544e-006, -1, 0, 0, 0, 0, 0, 0, 0, 0.241494067, -0.0393227051, -0.163506274, -0.402599079, 0.691085214, -0.600149427, -0.883666992, -0.122680664, 0.451416016, 0.238400833, 0.712182034, 0.660240247, 0, -0, 0, 0, 0, 0, 0, 0.2929125, 0.013484668, -0.119149512, -0.21636361, 0.678870006, -0.701511725, -0.17590332, -0.733886719, -0.656005859, -0.96024955, -0.0184955508, 0.278294239, 0, 1, 1, 1, 
245.317314, 16, 0.1, 0.1, -0.00205936639, 0.358411705, -0.0199662481, 0.997798925, 0.0663121773, -2.41333281e-005, 0.0663121778, -0.997798925, 1.90877597e-005, -2.2814458e-005, -2.06460797e-005, -1, 0.997798888, 0.0663127347, -2.47260901e-005, 0.066312735, -0.997798888, 8.60426164e-006, -2.41010931e-005, -1.02249773e-005, -1, 0, 0, 0, 0, 0, 0, 0, 0.241494067, -0.0393227051, -0.163506274, -0.402599079, 0.691085214, -0.600149427, -0.883666992, -0.122680664, 0.451416016, 0.238400833, 0.712182034, 0.660240247, 0, -0, 0, 0, 0, 0, 0, 0.2929125, 0.013484668, -0.119149512, -0.21636361, 0.678870006, -0.701511725, -0.17590332, -0.733886719, -0.656005859, -0.96024955, -0.0184955508, 0.278294239, 0, 1, 1, 1, 
245.318013, 16, 0.1, 0.1, -0.00205936248, 0.358411703, -0.0199670964, 0.997799109, 0.0663094073, 1.15926026e-005, 0.0663094075, -0.997799109, -2.05898871e-005, 1.02017853e-005, 2.13132696e-005, -1, 0.997799073, 0.0663099555, 2.23242955e-005, 0.066309956, -0.997799073, -2.09967122e-005, 2.08828703e-005, 2.24308231e-005, -1, 0, 0, 0, 0, 0, 0, 0, 0.241494067, -0.0393227051, -0.163506274, -0.402599079, 0.691085214, -0.600149427, -0.883666992, -0.122680664, 0.451416016, 0.238400833, 0.712182034, 0.660240247, 0, -0, 0, 0, 0, 0, 0, 0.2929125, 0.013484668, -0.119149512, -0.21636361, 0.678870006, -0.701511725, -0.17590332, -0.733886719, -0.656005859, -0.96024955, -0.0184955508, 0.278294239, 0, 1, 1, 1, 
245.318714, 16, 0.1, 0.1, -0.00205936255, 0.358411704, -0.0199685804, 0.997799294, 0.0663066231, 1.23474818e-005, 0.0663066229, -0.997799294, 1.18610544e-005, 1.31067751e-005, -1.10162319e-005, -1, 0.997799258, 0.0663071699, -8.38489631e-006, 0.0663071701, -0.997799258, 2.10438535e-005, -6.97108495e-006, -2.15535202e-005, -1, 0, 0, 0, 0, 0, 0, 0, 0.241494067, -0.0393227051, -0.163506274, -0.402599079, 0.691085214, -0.600149427, -0.883666992, -0.122680664, 0.451416016, 0.238400833, 0.712182034, 0.660240247, 0, -0, 0, 0, 0, 0, 0, 0.2929125, 0.013484668, -0.119149512, -0.21636361, 0.678870006, -0.701511725, -0.17590332, -0.733886719, -0.656005859, -0.96024955, -0.0184955508, 0.278294239, 0, 1, 1, 1, 
245.319413, 16, 0.1, 0.1, -0.00205935954, 0.358411702, -0.0199702249, 0.997799481, 0.0663038144, -1.81984104e-005, 0.0663038146, -0.997799481, 9.70833278e-006, -1.75146649e-005, -1.08935934e-005, -1, 0.997799443, 0.0663043776, -7.85511302e-006, 0.0663043776, -0.997799443, -8.30205747e-006, -8.38829015e-006, 7.76295994e-006, -1, 0, 0, 0, 0, 0, 0, 0, 0.241494067, -0.0393227051, -0.163506274, -0.402599079, 0.691085214, -0.600149427, -0.883666992, -0.122680664, 0.451416016, 0.238400833, 0.712182034, 0.660240247, 0, -0, 0, 0, 0, 0, 0, 0.2929125, 0.013484668, -0.119149512, -0.21636361, 0.678870006, -0.701511725, -0.17590332, -0.733886719, -0.656005859, -0.96024955, -0.0184955508, 0.278294239, 0, 1, 1, 1, 
245.320111, 16, 0.1, 0.1, -0.00205935712, 0.358411702, -0.019971527, 0.997799665, 0.0663010409, 1.81809802e-005, 0.0663010412, -0.997799665, -1.73008187e-005, 1.69939136e-005, 1.8468169e-005, -1, 0.997799629, 0.0663015891, 1.89459067e-005, 0.0663015893, -0.997799629, -8.23490458e-006, 1.83582314e-005, 9.47292846e-006, -1, 0, 0, 0, 0, 0, 0, 0, 0.241494067, -0.0393227051, -0.163506274, -0.402599079, 0.691085214, -0.600149427, -0.883666992, -0.122680664, 0.451416016, 0.238400833, 0.712182034, 0.660240247, 0, -0, 0, 0, 0, 0, 0, 0.2929125, 0.013484668, -0.119149512, -0.21636361, 0.678870006, -0.701511725, -0.17590332, -0.733886719, -0.656005859, -0.96024955, -0.0184955508, 0.278294239, 0, 1, 1, 1, 
245.320832, 16, 0.1, 0.1, -0.00205935768, 0.358411702, -0.0199720435, 0.997799854, 0.0662981994, -1.02165567e-005, 0.0662981996, -0.997799854, 1.69182454e-005, -9.07242957e-006, -1.75583621e-005, -1, 0.997799814, 0.0662987995, -2.11505502e-005, 0.0662987999, -0.997799814, 1.68561293e-005, -1.99864739e-005, -1.82212987e-005, -1, 0, 0, 0, 0, 0, 0, 0, 0.241494067, -0.0393227051, -0.163506274, -0.40452441, 0.691255956, -0.5986502, -0.884155273, -0.128662109, 0.448852539, 0.23326773, 0.710919072, 0.663463367, 0, -0, 0, 0, 0, 0, 0, 0.2929125, 0.013484668, -0.119149512, -0.21636361, 0.678870006, -0.701511725, -0.17590332, -0.733886719, -0.656005859, -0.96024955, -0.0184955508, 0.278294239, 0, 1, 1, 1, 
245.321549, 16, 0.1, 0.1, -0.00205935388, 0.358411699, -0.0199713902, 0.99780004, 0.0662954037, -8.85066446e-006, 0.0662954036, -0.99780004, -8.56288842e-006, -9.39887349e-006, 7.95729203e-006, -1, 0.997800004, 0.0662959384, 9.89929322e-006, 0.0662959386, -0.997800004, -1.77732056e-005, 8.69922347e-006, 1.83903876e-005, -1, 0, 0, 0, 0, 0, 0, 0, 0.243389233, -0.0417734863, -0.163419849, -0.40452441, 0.691255956, -0.5986502, -0.884155273, -0.128662109, 0.448852539, 0.23326773, 0.710919072, 0.663463367, 0, -0, 0, 0, 0, 0, 0, 0.294128271, 0.0110289551, -0.11911792, -0.221475237, 0.67486885, -0.70374836, -0.167236328, -0.737182617, -0.654418945, -0.960664061, -0.0271398508, 0.276218018, 0, 1, 1, 1, 
245.322247, 16, 0.1, 0.1, -0.00205935262, 0.3584117, -0.0199702355, 0.99780022, 0.0662926891, 2.19902059e-005, 0.0662926893, -0.99780022, -8.34906989e-006, 2.138835e-005, 9.78849366e-006, -1, 0.997800184, 0.0662932326, 1.22649161e-005, 0.0662932325, -0.997800184, 9.85039873e-006, 1.28909504e-005, -9.01564873e-006, -1, 0, 0, 0, 0, 0, 0, 0, 0.243389233, -0.0417734863, -0.163419849, -0.40452441, 0.691255956, -0.5986502, -0.884155273, -0.128662109, 0.448852539, 0.23326773, 0.710919072, 0.663463367, 0, -0, 0, 0, 0, 0, 0, 0.294128271, 0.0110289551, -0.11911792, -0.221475237, 0.67486885, -0.70374836, -0.167236328, -0.737182617, -0.654418945, -0.960664061, -0.0271398508, 0.276218018, 0, 1, 1, 1, 
245.322946, 16, 0.1, 0.1, -0.00205935178, 0.358411699, -0.0199689194, 0.997800401, 0.0662899602, -2.07296715e-005, 0.0662899606, -0.997800401, 1.94942212e-005, -1.93918034e-005, -2.08255108e-005, -1, 0.997800365, 0.0662905031, -2.10782021e-005, 0.0662905033, -0.997800365, 1.02650426e-005, -2.0351363e-005, -1.16397479e-005, -1, 0, 0, 0, 0, 0, 0, 0, 0.243389233, -0.0417734863, -0.163419849, -0.40452441, 0.691255956, -0.5986502, -0.884155273, -0.128662109, 0.448852539, 0.23326773, 0.710919072, 0.663463367, 0, -0, 0, 0, 0, 0, 0, 0.294128271, 0.0110289551, -0.11911792, -0.221475237, 0.67486885, -0.70374836, -0.167236328, -0.737182617, -0.654418945, -0.960664061, -0.0271398508, 0.276218018, 0, 1, 1, 1, 
245.323651, 16, 0.1, 0.1, -0.00205934824, 0.358411697, -0.0199678268, 0.997800584, 0.0662872129, 8.00528486e-006, 0.066287213, -0.997800584, -2.15358892e-005, 6.56012384e-006, 2.20191709e-005, -1, 0.997800547, 0.0662877615, 1.96743364e-005, 0.0662877619, -0.997800547, -2.16598135e-005, 1.81952831e-005, 2.29163415e-005, -1, 0, 0, 0, 0, 0, 0, 0, 0.243389233, -0.0417734863, -0.163419849, -0.40452441, 0.691255956, -0.5986502, -0.884155273, -0.128662109, 0.448852539, 0.23326773, 0.710919072, 0.663463367, 0, -0, 0, 0, 0, 0, 0, 0.294128271, 0.0110289551, -0.11911792, -0.221475237, 0.67486885, -0.70374836, -0.167236328, -0.737182617, -0.654418945, -0.960664061, -0.0271398508, 0.276218018, 0, 1, 1, 1, 
245.32435, 16, 0.1, 0.1, -0.00205934929, 0.358411698, -0.0199672812, 0.997800767, 0.0662844612, 9.50043036e-006, 0.0662844611, -0.997800767, 8.86027202e-006, 1.00668351e-005, -8.21105531e-006, -1, 0.99780073, 0.0662850174, -1.29382105e-005, 0.0662850176, -0.99780073, 1.87598686e-005, -1.16662577e-005, -1.95762201e-005, -1, 0, 0, 0, 0, 0, 0, 0, 0.243389233, -0.0417734863, -0.163419849, -0.40452441, 0.691255956, -0.5986502, -0.884155273, -0.128662109, 0.448852539, 0.23326773, 0.710919072, 0.663463367, 0, -0, 0, 0, 0, 0, 0, 0.294128271, 0.0110289551, -0.11911792, -0.221475237, 0.67486885, -0.70374836, -0.167236328, -0.737182617, -0.654418945, -0.960664061, -0.0271398508, 0.276218018, 0, 1, 1, 1, 
245.32505, 16, 0.1, 0.1, -0.0020593469, 0.358411695, -0.0199673826, 0.997800952, 0.0662816655, -2.15194128e-005, 0.0662816657, -0.997800952, 1.01006679e-005, -2.08026015e-005, -1.15047985e-005, -1, 0.997800915, 0.0662822252, -1.10388953e-005, 0.0662822251, -0.997800915, -1.04224891e-005, -1.17054456e-005, 9.66788661e-006, -1, 0, 0, 0, 0, 0, 0, 0, 0.243389233, -0.0417734863, -0.163419849, -0.40452441, 0.691255956, -0.5986502, -0.884155273, -0.128662109, 0.448852539, 0.23326773, 0.710919072, 0.663463367, 0, -0, 0, 0, 0, 0, 0, 0.294128271, 0.0110289551, -0.11911792, -0.221475237, 0.67486885, -0.70374836, -0.167236328, -0.737182617, -0.654418945, -0.960664061, -0.0271398508, 0.276218018, 0, 1, 1, 1, 
245.325766, 16, 0.1, 0.1, -0.00205934403, 0.358411696, -0.019968022, 0.997801143, 0.0662787864, 2.39558321e-005, 0.0662787868, -0.997801144, -1.94429952e-005, 2.26144985e-005, 2.09880063e-005, -1, 0.997801106, 0.0662793511, 2.4375423e-005, 0.0662793513, -0.997801106, -9.81485055e-006, 2.36713021e-005, 1.1408856e-005, -1, 0, 0, 0, 0, 0, 0, 0, 0.245040527, -0.0441366211, -0.163644409, -0.407013265, 0.693247192, -0.594548664, -0.883666992, -0.134399414, 0.448242188, 0.230819312, 0.707884669, 0.667510241, 0, -0, 0, 0, 0, 0, 0, 0.294128271, 0.0110289551, -0.11911792, -0.221475237, 0.67486885, -0.70374836, -0.167236328, -0.737182617, -0.654418945, -0.960664061, -0.0271398508, 0.276218018, 0, 1, 1, 1, 
245.326487, 16, 0.1, 0.1, -0.00205934442, 0.358411696, -0.0199687133, 0.997801338, 0.0662758649, -1.02964183e-005, 0.0662758651, -0.997801338, 1.91255282e-005, -9.00621902e-006, -1.97658816e-005, -1, 0.9978013, 0.0662764275, -2.07057278e-005, 0.0662764279, -0.9978013, 1.94074673e-005, -1.93739445e-005, -2.07370978e-005, -1, 0, 0, 0, 0, 0, 0, 0, 0.245040527, -0.0441366211, -0.163644409, -0.407013265, 0.693247192, -0.594548664, -0.883666992, -0.134399414, 0.448242188, 0.230819312, 0.707884669, 0.667510241, 0, -0, 0, 0, 0, 0, 0, 0.295094434, 0.0088362793, -0.119239502, -0.22712351, 0.671487462, -0.705224502, -0.159301758, -0.739990234, -0.653320312, -0.960644005, -0.0358417533, 0.275080928, 0, 1, 1, 1, 
245.327184, 16, 0.1, 0.1, -0.00205934103, 0.358411693, -0.0199695093, 0.997801524, 0.0662730587, -1.12012772e-005, 0.0662730586, -0.997801524, -1.0651885e-005, -1.18825845e-005, 9.88612419e-006, -1, 0.997801488, 0.0662736088, 8.87072363e-006, 0.0662736089, -0.997801487, -1.97609787e-005, 7.54158986e-006, 2.03054288e-005, -1, 0, 0, 0, 0, 0, 0, 0, 0.245040527, -0.0441366211, -0.163644409, -0.407013265, 0.693247192, -0.594548664, -0.883666992, -0.134399414, 0.448242188, 0.230819312, 0.707884669, 0.667510241, 0, -0, 0, 0, 0, 0, 0, 0.295094434, 0.0088362793, -0.119239502, -0.22712351, 0.671487462, -0.705224502, -0.159301758, -0.739990234, -0.653320312, -0.960644005, -0.0358417533, 0.275080928, 0, 1, 1, 1, 
245.327886, 16, 0.1, 0.1, -0.00205934057, 0.358411694, -0.019970246, 0.997801713, 0.0662702135, 1.92880231e-005, 0.0662702137, -0.997801713, -8.72759009e-006, 1.86672432e-005, 9.98662575e-006, -1, 0.997801675, 0.066270787, 8.98245675e-006, 0.0662707869, -0.997801675, 9.44715626e-006, 9.58878087e-006, -8.83111386e-006, -1, 0, 0, 0, 0, 0, 0, 0, 0.245040527, -0.0441366211, -0.163644409, -0.407013265, 0.693247192, -0.594548664, -0.883666992, -0.134399414, 0.448242188, 0.230819312, 0.707884669, 0.667510241, 0, -0, 0, 0, 0, 0, 0, 0.295094434, 0.0088362793, -0.119239502, -0.22712351, 0.671487462, -0.705224502, -0.159301758, -0.739990234, -0.653320312, -0.960644005, -0.0358417533, 0.275080928, 0, 1, 1, 1, 
245.328625, 16, 0.1, 0.1, -0.00205934017, 0.358411693, -0.0199703216, 0.99780191, 0.0662672436, -2.17215668e-005, 0.066267244, -0.99780191, 2.12926394e-005, -2.02628163e-005, -2.26852646e-005, -1, 0.997801873, 0.0662678039, -2.28340692e-005, 0.0662678042, -0.997801873, 1.18855133e-005, -2.19962501e-005, -1.3372551e-005, -1, 0, 0, 0, 0, 0, 0, 0, 0.246936182, -0.0465249023, -0.163481445, -0.409032954, 0.694711975, -0.591589523, -0.883666992, -0.140014648, 0.446533203, 0.227431441, 0.705428015, 0.671367276, 0, -0, 0, 0, 0, 0, 0, 0.296106982, 0.00618076172, -0.119182764, -0.232017854, 0.66767807, -0.707282133, -0.151489258, -0.743041992, -0.651733398, -0.960790193, -0.0439749273, 0.273637235, 0, 1, 1, 1, 
245.329321, 16, 0.1, 0.1, -0.00205933686, 0.358411692, -0.0199700409, 0.997802095, 0.0662644598, 9.42217358e-006, 0.06626446, -0.997802095, -1.6316168e-005, 8.32028247e-006, 1.69046619e-005, -1, 0.997802058, 0.0662650187, 1.9637704e-005, 0.066265019, -0.997802058, -1.583031e-005, 1.85455457e-005, 1.70968087e-005, -1, 0, 0, 0, 0, 0, 0, 0, 0.246936182, -0.0465249023, -0.163481445, -0.409032954, 0.694711975, -0.591589523, -0.883666992, -0.140014648, 0.446533203, 0.227431441, 0.705428015, 0.671367276, 0, -0, 0, 0, 0, 0, 0, 0.296106982, 0.00618076172, -0.119182764, -0.232017854, 0.66767807, -0.707282133, -0.151489258, -0.743041992, -0.651733398, -0.960790193, -0.0439749273, 0.273637235, 0, 1, 1, 1, 
245.330019, 16, 0.1, 0.1, -0.00205933731, 0.358411693, -0.0199696042, 0.99780228, 0.0662616819, 1.12009121e-005, 0.0662616818, -0.99780228, 8.35749427e-006, 1.17300772e-005, -7.59693556e-006, -1, 0.997802244, 0.0662622229, -8.88399837e-006, 0.0662622231, -0.997802244, 1.83416547e-005, -7.64911469e-006, -1.88900177e-005, -1, 0, 0, 0, 0, 0, 0, 0, 0.246936182, -0.0465249023, -0.163481445, -0.409032954, 0.694711975, -0.591589523, -0.883666992, -0.140014648, 0.446533203, 0.227431441, 0.705428015, 0.671367276, 0, -0, 0, 0, 0, 0, 0, 0.296106982, 0.00618076172, -0.119182764, -0.232017854, 0.66767807, -0.707282133, -0.151489258, -0.743041992, -0.651733398, -0.960790193, -0.0439749273, 0.273637235, 0, 1, 1, 1, 
245.330723, 16, 0.1, 0.1, -0.00205933484, 0.35841169, -0.0199691426, 0.997802466, 0.0662588705, -1.98403168e-005, 0.0662588707, -0.997802466, 6.36098052e-006, -1.93752456e-005, -7.66159904e-006, -1, 0.997802429, 0.0662594363, -9.44308084e-006, 0.0662594362, -0.997802429, -1.28150758e-005, -1.02714487e-005, 1.21612206e-005, -1, 0, 0, 0, 0, 0, 0, 0, 0.246936182, -0.0465249023, -0.163481445, -0.409032954, 0.694711975, -0.591589523, -0.883666992, -0.140014648, 0.446533203, 0.227431441, 0.705428015, 0.671367276, 0, -0, 0, 0, 0, 0, 0, 0.296106982, 0.00618076172, -0.119182764, -0.232017854, 0.66767807, -0.707282133, -0.151489258, -0.743041992, -0.651733398, -0.960790193, -0.0439749273, 0.273637235, 0, 1, 1, 1, 
245.331428, 16, 0.1, 0.1, -0.00205933217, 0.35841169, -0.0199687648, 0.997802653, 0.0662560528, 2.2696777e-005, 0.0662560532, -0.997802653, -2.11658412e-005, 2.12445393e-005, 2.26231314e-005, -1, 0.997802615, 0.0662566221, 2.31985747e-005, 0.0662566224, -0.997802616, -1.18050729e-005, 2.23654342e-005, 1.33161918e-005, -1, 0, 0, 0, 0, 0, 0, 0, 0.246936182, -0.0465249023, -0.163481445, -0.409032954, 0.694711975, -0.591589523, -0.883666992, -0.140014648, 0.446533203, 0.227431441, 0.705428015, 0.671367276, 0, -0, 0, 0, 0, 0, 0, 0.296106982, 0.00618076172, -0.119182764, -0.232017854, 0.66767807, -0.707282133, -0.151489258, -0.743041992, -0.651733398, -0.960790193, -0.0439749273, 0.273637235, 0, 1, 1, 1, 
245.332126, 16, 0.1, 0.1, -0.00205933242, 0.35841169, -0.0199685827, 0.997802839, 0.0662532622, -8.16819933e-006, 0.0662532624, -0.997802839, 2.06884214e-005, -6.77957707e-006, -2.11841355e-005, -1, 0.997802802, 0.0662538177, -1.88562503e-005, 0.0662538181, -0.997802802, 2.02259275e-005, -1.74747745e-005, -2.14307857e-005, -1, 0, 0, 0, 0, 0, 0, 0, 0.246936182, -0.0465249023, -0.163481445, -0.409032954, 0.694711975, -0.591589523, -0.883666992, -0.140014648, 0.446533203, 0.227431441, 0.705428015, 0.671367276, 0, -0, 0, 0, 0, 0, 0, 0.296106982, 0.00618076172, -0.119182764, -0.232017854, 0.66767807, -0.707282133, -0.151489258, -0.743041992, -0.651733398, -0.960790193, -0.0439749273, 0.273637235, 0, 1, 1, 1, 
245.33284, 16, 0.1, 0.1, -0.00205932878, 0.358411688, -0.0199686289, 0.997803028, 0.0662504063, -1.24829495e-005, 0.0662504062, -0.997803028, -6.25026602e-006, -1.28696074e-005, 5.40953389e-006, -1, 0.997802989, 0.0662510054, 1.06330779e-005, 0.0662510056, -0.997802989, -1.66652956e-005, 9.50562437e-006, 1.73331339e-005, -1, 0, 0, 0, 0, 0, 0, 0, 0.246936182, -0.0465249023, -0.163481445, -0.41091298, 0.696056191, -0.588668573, -0.883666992, -0.145385742, 0.444824219, 0.224145042, 0.702990457, 0.674983177, 0, -0, 0, 0, 0, 0, 0, 0.296106982, 0.00618076172, -0.119182764, -0.232017854, 0.66767807, -0.707282133, -0.151489258, -0.743041992, -0.651733398, -0.960790193, -0.0439749273, 0.273637235, 0, 1, 1, 1, 
245.333552, 16, 0.1, 0.1, -0.00205932893, 0.35841169, -0.0199686445, 0.997803219, 0.0662475326, 1.70833928e-005, 0.0662475328, -0.997803219, -6.24329139e-006, 1.66322617e-005, 7.36130887e-006, -1, 0.997803182, 0.066248091, 6.96559293e-006, 0.0662480909, -0.997803182, 1.35029103e-005, 7.84483282e-006, -1.30117896e-005, -1, 0, 0, 0, 0, 0, 0, 0, 0.248839282, -0.0489192871, -0.163321167, -0.41091298, 0.696056191, -0.588668573, -0.883666992, -0.145385742, 0.444824219, 0.224145042, 0.702990457, 0.674983177, 0, -0, 0, 0, 0, 0, 0, 0.297137842, 0.00375678711, -0.119122852, -0.236682154, 0.66399008, -0.709180082, -0.143432617, -0.745727539, -0.650390625, -0.96078946, -0.0520953414, 0.271842097, 0, 1, 1, 1, 
245.334255, 16, 0.1, 0.1, -0.00205932921, 0.358411689, -0.019968877, 0.997803407, 0.0662447023, -2.45072443e-005, 0.0662447028, -0.997803407, 1.94250214e-005, -2.31666071e-005, -2.10058276e-005, -1, 0.997803369, 0.0662452742, -2.52252527e-005, 0.0662452745, -0.997803369, 1.02244204e-005, -2.44925226e-005, -1.18730149e-005, -1, 0, 0, 0, 0, 0, 0, 0, 0.248839282, -0.0489192871, -0.163321167, -0.41091298, 0.696056191, -0.588668573, -0.883666992, -0.145385742, 0.444824219, 0.224145042, 0.702990457, 0.674983177, 0, -0, 0, 0, 0, 0, 0, 0.297137842, 0.00375678711, -0.119122852, -0.236682154, 0.66399008, -0.709180082, -0.143432617, -0.745727539, -0.650390625, -0.96078946, -0.0520953414, 0.271842097, 0, 1, 1, 1, 
245.334952, 16, 0.1, 0.1, -0.00205932615, 0.358411687, -0.0199692396, 0.997803594, 0.0662418905, 9.50942564e-006, 0.0662418906, -0.997803594, -1.90728879e-005, 8.22511492e-006, 1.96609185e-005, -1, 0.997803557, 0.0662424419, 1.93426656e-005, 0.0662424423, -0.997803557, -1.91286736e-005, 1.80330505e-005, 2.0367964e-005, -1, 0, 0, 0, 0, 0, 0, 0, 0.248839282, -0.0489192871, -0.163321167, -0.41091298, 0.696056191, -0.588668573, -0.883666992, -0.145385742, 0.444824219, 0.224145042, 0.702990457, 0.674983177, 0, -0, 0, 0, 0, 0, 0, 0.297137842, 0.00375678711, -0.119122852, -0.236682154, 0.66399008, -0.709180082, -0.143432617, -0.745727539, -0.650390625, -0.96078946, -0.0520953414, 0.271842097, 0, 1, 1, 1, 
245.335648, 16, 0.1, 0.1, -0.00205932654, 0.358411688, -0.0199696993, 0.997803779, 0.0662391067, 1.22531651e-005, 0.0662391066, -0.997803779, 9.10134853e-006, 1.28291197e-005, -8.26972124e-006, -1, 0.997803742, 0.066239652, -7.91978237e-006, 0.0662396522, -0.997803742, 1.83397368e-005, -6.6875707e-006, -1.88240617e-005, -1, 0, 0, 0, 0, 0, 0, 0, 0.248839282, -0.0489192871, -0.163321167, -0.41091298, 0.696056191, -0.588668573, -0.883666992, -0.145385742, 0.444824219, 0.224145042, 0.702990457, 0.674983177, 0, -0, 0, 0, 0, 0, 0, 0.297137842, 0.00375678711, -0.119122852, -0.236682154, 0.66399008, -0.709180082, -0.143432617, -0.745727539, -0.650390625, -0.96078946, -0.0520953414, 0.271842097, 0, 1, 1, 1, 
245.336398, 16, 0.1, 0.1, -0.00205932414, 0.358411686, -0.0199699388, 0.997803977, 0.0662361102, -2.08638051e-005, 0.0662361104, -0.997803978, 1.23212303e-005, -2.00018774e-005, -1.36761099e-005, -1, 0.997803929, 0.0662368477, -7.6619883e-006, 0.0662368477, -0.997803929, -1.11818188e-005, -8.38581045e-006, 1.06497567e-005, -1, 0, 0, 0, 0, 0, 0, 0, 0.248839282, -0.0489192871, -0.163321167, -0.41091298, 0.696056191, -0.588668573, -0.883666992, -0.145385742, 0.444824219, 0.224145042, 0.702990457, 0.674983177, 0, -0, 0, 0, 0, 0, 0, 0.297137842, 0.00375678711, -0.119122852, -0.236682154, 0.66399008, -0.709180082, -0.143432617, -0.745727539, -0.650390625, -0.96078946, -0.0520953414, 0.271842097, 0, 1, 1, 1, 
245.337105, 16, 0.1, 0.1, -0.00205932211, 0.358411687, -0.0199694335, 0.997804169, 0.0662332176, 1.94087094e-005, 0.0662332179, -0.997804169, -1.86660448e-005, 1.8129779e-005, 1.99105586e-005, -1, 0.997804132, 0.0662337811, 2.00539684e-005, 0.0662337813, -0.997804132, -8.53249229e-006, 1.94447933e-005, 9.84200623e-006, -1, 0, 0, 0, 0, 0, 0, 0, 0.248839282, -0.0489192871, -0.163321167, -0.41091298, 0.696056191, -0.588668573, -0.883666992, -0.145385742, 0.444824219, 0.224145042, 0.702990457, 0.674983177, 0, -0, 0, 0, 0, 0, 0, 0.297137842, 0.00375678711, -0.119122852, -0.236682154, 0.66399008, -0.709180082, -0.143432617, -0.745727539, -0.650390625, -0.96078946, -0.0520953414, 0.271842097, 0, 1, 1, 1, 
245.337872, 16, 0.1, 0.1, -0.00205932346, 0.358411687, -0.0199684638, 0.997804376, 0.0662301075, -1.04782488e-005, 0.0662301077, -0.997804376, 1.97421397e-005, -9.14771845e-006, -2.03927689e-005, -1, 0.997804334, 0.066230741, -2.31447875e-005, 0.0662307415, -0.997804334, 2.10371032e-005, -2.17006664e-005, -2.25238091e-005, -1, 0, 0, 0, 0, 0, 0, 0, 0.250280273, -0.0515212891, -0.163355688, -0.413116516, 0.697723917, -0.585208067, -0.883300781, -0.151000977, 0.443603516, 0.221157065, 0.700254477, 0.678884396, 0, -0, 0, 0, 0, 0, 0, 0.297137842, 0.00375678711, -0.119122852, -0.241078131, 0.660314849, -0.711052512, -0.135131836, -0.748413086, -0.649169922, -0.96100601, -0.0603371571, 0.269804156, 0, 1, 1, 1, 
245.338581, 16, 0.1, 0.1, -0.00205931988, 0.358411684, -0.0199673578, 0.997804567, 0.0662272233, -1.08466584e-005, 0.0662272231, -0.997804567, -1.41866083e-005, -1.17623849e-005, 1.34371185e-005, -1, 0.99780453, 0.0662277826, 1.04938195e-005, 0.0662277828, -0.99780453, -2.38884371e-005, 8.88870239e-006, 2.45309731e-005, -1, 0, 0, 0, 0, 0, 0, 0, 0.250280273, -0.0515212891, -0.163355688, -0.413116516, 0.697723917, -0.585208067, -0.883300781, -0.151000977, 0.443603516, 0.221157065, 0.700254477, 0.678884396, 0, -0, 0, 0, 0, 0, 0, 0.298181885, 0.00110786133, -0.118843115, -0.241078131, 0.660314849, -0.711052512, -0.135131836, -0.748413086, -0.649169922, -0.96100601, -0.0603371571, 0.269804156, 0, 1, 1, 1, 
245.339288, 16, 0.1, 0.1, -0.00205931929, 0.358411685, -0.0199668732, 0.997804761, 0.0662243076, 2.37840405e-005, 0.0662243079, -0.997804761, -1.29006178e-005, 2.28774943e-005, 1.44473794e-005, -1, 0.997804722, 0.0662248991, 1.23145227e-005, 0.066224899, -0.997804722, 7.4552501e-006, 1.27812121e-005, -6.62335572e-006, -1, 0, 0, 0, 0, 0, 0, 0, 0.250280273, -0.0515212891, -0.163355688, -0.413116516, 0.697723917, -0.585208067, -0.883300781, -0.151000977, 0.443603516, 0.221157065, 0.700254477, 0.678884396, 0, -0, 0, 0, 0, 0, 0, 0.298181885, 0.00110786133, -0.118843115, -0.241078131, 0.660314849, -0.711052512, -0.135131836, -0.748413086, -0.649169922, -0.96100601, -0.0603371571, 0.269804156, 0, 1, 1, 1, 
245.340015, 16, 0.1, 0.1, -0.00205931866, 0.358411683, -0.0199670552, 0.99780496, 0.0662212994, -2.05224312e-005, 0.0662212998, -0.99780496, 2.30053873e-005, -1.8953937e-005, -2.43139117e-005, -1, 0.997804917, 0.0662219503, -2.10712374e-005, 0.0662219505, -0.997804917, 1.07919825e-005, -2.03103181e-005, -1.21636717e-005, -1, 0, 0, 0, 0, 0, 0, 0, 0.250280273, -0.0515212891, -0.163355688, -0.413116516, 0.697723917, -0.585208067, -0.883300781, -0.151000977, 0.443603516, 0.221157065, 0.700254477, 0.678884396, 0, -0, 0, 0, 0, 0, 0, 0.298181885, 0.00110786133, -0.118843115, -0.241078131, 0.660314849, -0.711052512, -0.135131836, -0.748413086, -0.649169922, -0.96100601, -0.0603371571, 0.269804156, 0, 1, 1, 1, 
245.340742, 16, 0.1, 0.1, -0.00205931454, 0.358411682, -0.0199674642, 0.997805163, 0.0662182518, 1.25048665e-005, 0.0662182521, -0.997805163, -1.85434381e-005, 1.12495063e-005, 1.93307887e-005, -1, 0.997805124, 0.0662188351, 2.45710292e-005, 0.0662188355, -0.997805124, -1.8626301e-005, 2.32836869e-005, 2.02124836e-005, -1, 0, 0, 0, 0, 0, 0, 0, 0.250280273, -0.0515212891, -0.163355688, -0.413116516, 0.697723917, -0.585208067, -0.883300781, -0.151000977, 0.443603516, 0.221157065, 0.700254477, 0.678884396, 0, -0, 0, 0, 0, 0, 0, 0.299307227, -0.00198022461, -0.118634912, -0.244247332, 0.656218178, -0.713857875, -0.127563477, -0.751464844, -0.647216797, -0.961216364, -0.0669048701, 0.267299932, 0, 1, 1, 1, 
245.34145, 16, 0.1, 0.1, -0.00205931551, 0.358411684, -0.0199682582, 0.99780536, 0.0662152838, 8.86521461e-006, 0.0662152837, -0.99780536, 1.15460032e-005, 9.61028054e-006, -1.09336512e-005, -1, 0.997805322, 0.0662158607, -1.12533627e-005, 0.066215861, -0.997805321, 2.1374458e-005, -9.81333702e-006, -2.20726991e-005, -1, 0, 0, 0, 0, 0, 0, 0, 0.250280273, -0.0515212891, -0.163355688, -0.413116516, 0.697723917, -0.585208067, -0.883300781, -0.151000977, 0.443603516, 0.221157065, 0.700254477, 0.678884396, 0, -0, 0, 0, 0, 0, 0, 0.299307227, -0.00198022461, -0.118634912, -0.244247332, 0.656218178, -0.713857875, -0.127563477, -0.751464844, -0.647216797, -0.961216364, -0.0669048701, 0.267299932, 0, 1, 1, 1, 
245.342152, 16, 0.1, 0.1, -0.00205931392, 0.358411681, -0.0199692597, 0.997805555, 0.0662123364, -2.36956833e-005, 0.0662123367, -0.997805555, 8.55493962e-006, -2.30772419e-005, -1.01051128e-005, -1, 0.997805516, 0.0662129342, -1.3012748e-005, 0.066212934, -0.997805516, -1.03451119e-005, -1.36691719e-005, 9.46079745e-006, -1, 0, 0, 0, 0, 0, 0, 0, 0.250280273, -0.0515212891, -0.163355688, -0.413116516, 0.697723917, -0.585208067, -0.883300781, -0.151000977, 0.443603516, 0.221157065, 0.700254477, 0.678884396, 0, -0, 0, 0, 0, 0, 0, 0.299307227, -0.00198022461, -0.118634912, -0.244247332, 0.656218178, -0.713857875, -0.127563477, -0.751464844, -0.647216797, -0.961216364, -0.0669048701, 0.267299932, 0, 1, 1, 1, 
245.342908, 16, 0.1, 0.1, -0.0020593117, 0.358411681, -0.0199698796, 0.997805766, 0.0662091664, 2.18789439e-005, 0.0662091669, -0.997805766, -2.24874108e-005, 2.03420637e-005, 2.38866548e-005, -1, 0.997805726, 0.0662097611, 2.24248086e-005, 0.0662097614, -0.997805726, -1.34116991e-005, 2.14876171e-005, 1.48670114e-005, -1, 0, 0, 0, 0, 0, 0, 0, 0.252224023, -0.0541531982, -0.163016846, -0.414215849, 0.698763719, -0.583125098, -0.883544922, -0.155273438, 0.441650391, 0.218117792, 0.698235909, 0.681891469, 0, -0, 0, 0, 0, 0, 0, 0.299307227, -0.00198022461, -0.118634912, -0.244247332, 0.656218178, -0.713857875, -0.127563477, -0.751464844, -0.647216797, -0.961216364, -0.0669048701, 0.267299932, 0, 1, 1, 1, 
245.343613, 16, 0.1, 0.1, -0.00205931219, 0.358411681, -0.0199699247, 0.997805961, 0.0662062287, -8.32105987e-006, 0.0662062288, -0.997805961, 1.83750313e-005, -7.08626161e-006, -1.88856218e-005, -1, 0.997805922, 0.0662068116, -1.85734855e-005, 0.066206812, -0.997805922, 1.78642229e-005, -1.73500005e-005, -1.90547187e-005, -1, 0, 0, 0, 0, 0, 0, 0, 0.252224023, -0.0541531982, -0.163016846, -0.414215849, 0.698763719, -0.583125098, -0.883544922, -0.155273438, 0.441650391, 0.218117792, 0.698235909, 0.681891469, 0, -0, 0, 0, 0, 0, 0, 0.299307227, -0.00198022461, -0.118634912, -0.244247332, 0.656218178, -0.713857875, -0.127563477, -0.751464844, -0.647216797, -0.961216364, -0.0669048701, 0.267299932, 0, 1, 1, 1, 
245.344311, 16, 0.1, 0.1, -0.00205930902, 0.358411679, -0.0199698239, 0.997806152, 0.0662033454, -1.15059778e-005, 0.0662033453, -0.997806152, -7.26838172e-006, -1.19619267e-005, 6.49070178e-006, -1, 0.997806114, 0.0662039174, 9.17866489e-006, 0.0662039175, -0.997806114, -1.67157627e-005, 8.05187898e-006, 1.72867538e-005, -1, 0, 0, 0, 0, 0, 0, 0, 0.252224023, -0.0541531982, -0.163016846, -0.414215849, 0.698763719, -0.583125098, -0.883544922, -0.155273438, 0.441650391, 0.218117792, 0.698235909, 0.681891469, 0, -0, 0, 0, 0, 0, 0, 0.299307227, -0.00198022461, -0.118634912, -0.244247332, 0.656218178, -0.713857875, -0.127563477, -0.751464844, -0.647216797, -0.961216364, -0.0669048701, 0.267299932, 0, 1, 1, 1, 
