time, trialNum, realDorsalTactorPos, realVentralTactorPos, boxPosX, boxPosY, boxPosZ, boxLocalRot_11, boxLocalRot_12, boxLocalRot_13, boxLocalRot_21, boxLocalRot_22, boxLocalRot_23, boxLocalRot_31, boxLocalRot_32, boxLocalRot_33, boxGlobalRot_11, boxGlobalRot_12, boxGlobalRot_13, boxGlobalRot_21, boxGlobalRot_22, boxGlobalRot_23, boxGlobalRot_31, boxGlobalRot_32, boxGlobalRot_33, indexForceX, indexForceY, indexForceZ, indexForceGlobalX, indexForceGlobalY, indexForceGlobalZ, indexContact, indexPosX, indexPosY, indexPosZ, indexRot_11, indexRot_12, indexRot_13, indexRot_21, indexRot_22, indexRot_23, indexRot_31, indexRot_32, indexRot_33, thumbForceX, thumbForceY, thumbForceZ, thumbForceGlobalX, thumbForceGlobalY, thumbForceGlobalZ, thumbContact, thumbPosX, thumbPosY, thumbPosZ, thumbRot_11, thumbRot_12, thumbRot_13, thumbRot_21, thumbRot_22, thumbRot_23, thumbRot_31, thumbRot_32, thumbRot_33, manipForceTooHigh, cceExpType, mapping, trialSuccess, 
187.956788, 21, 0.1, 0.1, 0.0117351144, 0.356476343, -0.0349753121, 0.917579784, -0.397551681, 9.64567841e-006, 0.397551681, 0.917579784, 1.49141079e-005, -1.47798082e-005, -9.85022825e-006, 1, 0.917579829, -0.397551578, 2.11184892e-005, 0.397551578, 0.917579829, 2.59408104e-006, -2.04091808e-005, 6.01541229e-006, 1, 0, 0, 0, 0, 0, 0, 0, 0.211555835, -0.00694875488, -0.211245776, -0.112254236, 0.797352765, -0.592907122, -0.818603516, 0.263916016, 0.510009766, 0.56319053, 0.542714869, 0.623251517, 0, 0, 0, 0, 0, 0, 0, 0.294551221, 0.00785751953, -0.179650391, 0.176929025, 0.488554681, -0.85428926, 0.0219726562, -0.869628906, -0.492919922, -0.983843722, 0.0685331456, -0.164662472, 0, 1, 3, 1, 
187.978674, 21, 0.1, 0.1, 0.0117351351, 0.356476345, -0.0349744066, 0.917582221, -0.397546057, 1.5361061e-005, 0.397546057, 0.917582221, -2.8259402e-005, -2.86062264e-006, 3.20370541e-005, 0.999999999, 0.917582127, -0.397546273, 1.27472669e-005, 0.397546273, 0.917582127, -3.77629984e-005, 3.31587496e-006, 3.97182809e-005, 0.999999999, 0, 0, 0, 0, 0, 0, 0, 0.221598462, -0.0218648926, -0.207456445, -0.129052039, 0.788312069, -0.601432582, -0.824584961, 0.251464844, 0.506713867, 0.550772825, 0.561326053, 0.617804261, 0, 0, 0, 0, 0, 0, 0, 0.304061865, -0.00568017578, -0.175262744, 0.172290245, 0.479970148, -0.860098313, 0.0426025391, -0.875976563, -0.48034668, -0.984085792, 0.0462736432, -0.171287421, 0, 1, 3, 1, 
187.979365, 21, 0.1, 0.1, 0.0117351374, 0.356476341, -0.0349713337, 0.917582605, -0.397545169, -2.40331265e-005, 0.39754517, 0.917582605, 3.55179587e-005, 7.9323859e-006, -4.21449145e-005, 0.999999999, 0.91758253, -0.397545343, -2.23375032e-005, 0.397545344, 0.91758253, 2.68242388e-005, 9.83265145e-006, -3.34936233e-005, 0.999999999, 0, 0, 0, 0, 0, 0, 0, 0.221598462, -0.0218648926, -0.207456445, -0.129052039, 0.788312069, -0.601432582, -0.824584961, 0.251464844, 0.506713867, 0.550772825, 0.561326053, 0.617804261, 0, 0, 0, 0, 0, 0, 0, 0.304061865, -0.00568017578, -0.175262744, 0.172290245, 0.479970148, -0.860098313, 0.0426025391, -0.875976563, -0.48034668, -0.984085792, 0.0462736432, -0.171287421, 0, 1, 3, 1, 
187.980054, 21, 0.1, 0.1, 0.0117351369, 0.356476332, -0.0349681098, 0.91758302, -0.397544213, 1.09008045e-005, 0.397544213, 0.91758302, -2.54547157e-007, -9.9011994e-006, 4.56711991e-006, 1, 0.91758293, -0.39754442, 8.34357474e-006, 0.39754442, 0.91758293, 2.09009091e-005, -1.59649616e-005, -1.58613759e-005, 1, 0, 0, 0, 0, 0, 0, 0, 0.221598462, -0.0218648926, -0.207456445, -0.129052039, 0.788312069, -0.601432582, -0.824584961, 0.251464844, 0.506713867, 0.550772825, 0.561326053, 0.617804261, 0, 0, 0, 0, 0, 0, 0, 0.304061865, -0.00568017578, -0.175262744, 0.172290245, 0.479970148, -0.860098313, 0.0426025391, -0.875976563, -0.48034668, -0.984085792, 0.0462736432, -0.171287421, 0, 1, 3, 1, 
187.980747, 21, 0.1, 0.1, 0.0117351337, 0.356476339, -0.034965621, 0.917583485, -0.39754314, 1.36157497e-005, 0.397543141, 0.917583485, -3.31198155e-006, -1.11769315e-005, 8.45186746e-006, 1, 0.917583397, -0.397543343, 7.53885692e-006, 0.397543343, 0.917583397, -1.90285151e-005, 6.47129569e-007, 2.04572719e-005, 1, 0, 0, 0, 0, 0, 0, 0, 0.221598462, -0.0218648926, -0.207456445, -0.129052039, 0.788312069, -0.601432582, -0.824584961, 0.251464844, 0.506713867, 0.550772825, 0.561326053, 0.617804261, 0, 0, 0, 0, 0, 0, 0, 0.304061865, -0.00568017578, -0.175262744, 0.172290245, 0.479970148, -0.860098313, 0.0426025391, -0.875976563, -0.48034668, -0.984085792, 0.0462736432, -0.171287421, 0, 1, 3, 1, 
187.981439, 21, 0.1, 0.1, 0.011735134, 0.356476334, -0.0349645565, 0.917583808, -0.397542393, -1.59518362e-005, 0.397542393, 0.917583808, 5.33998644e-006, 1.25142756e-005, -1.12414162e-005, 1, 0.917583757, -0.397542512, -1.37082476e-005, 0.397542512, 0.917583757, 1.67233185e-005, 5.93023533e-006, -2.07946566e-005, 1, 0, 0, 0, 0, 0, 0, 0, 0.221598462, -0.0218648926, -0.207456445, -0.129052039, 0.788312069, -0.601432582, -0.824584961, 0.251464844, 0.506713867, 0.550772825, 0.561326053, 0.617804261, 0, 0, 0, 0, 0, 0, 0, 0.304061865, -0.00568017578, -0.175262744, 0.172290245, 0.479970148, -0.860098313, 0.0426025391, -0.875976563, -0.48034668, -0.984085792, 0.0462736432, -0.171287421, 0, 1, 3, 1, 
187.982158, 21, 0.1, 0.1, 0.0117351309, 0.356476337, -0.0349647817, 0.91758397, -0.397542021, 1.15658381e-005, 0.397542021, 0.91758397, 4.36231032e-006, -1.23468293e-005, 5.95120622e-007, 1, 0.91758395, -0.397542066, 1.67303006e-005, 0.397542066, 0.91758395, -5.15997486e-006, -1.33001483e-005, 1.13857084e-005, 1, 0, 0, 0, 0, 0, 0, 0, 0.223114648, -0.0244273682, -0.206713867, -0.129814758, 0.786016418, -0.604314218, -0.826049805, 0.251342773, 0.504394531, 0.548298197, 0.564779447, 0.616777564, 0, 0, 0, 0, 0, 0, 0, 0.305710986, -0.00815942383, -0.174516992, 0.173478741, 0.477228584, -0.861383058, 0.0460205078, -0.877563477, -0.476928711, -0.983715391, 0.0431624109, -0.174245536, 0, 1, 3, 1, 
187.982848, 21, 0.1, 0.1, 0.0117351357, 0.356476331, -0.0349664394, 0.917584002, -0.397541945, -1.42568141e-005, 0.397541945, 0.917584002, 8.97279573e-006, 9.51476191e-006, -1.39009755e-005, 1, 0.917584001, -0.397541948, -2.32165172e-005, 0.397541948, 0.917584001, 1.61502254e-005, 1.48827127e-005, -2.40487279e-005, 1, 0, 0, 0, 0, 0, 0, 0, 0.223114648, -0.0244273682, -0.206713867, -0.129814758, 0.786016418, -0.604314218, -0.826049805, 0.251342773, 0.504394531, 0.548298197, 0.564779447, 0.616777564, 0, 0, 0, 0, 0, 0, 0, 0.305710986, -0.00815942383, -0.174516992, 0.173478741, 0.477228584, -0.861383058, 0.0460205078, -0.877563477, -0.476928711, -0.983715391, 0.0431624109, -0.174245536, 0, 1, 3, 1, 
187.983551, 21, 0.1, 0.1, 0.0117351328, 0.356476334, -0.0349689989, 0.917584017, -0.397541911, 8.28840317e-007, 0.397541911, 0.917584017, -4.37685763e-006, 9.79453719e-007, 4.34563337e-006, 1, 0.91758401, -0.397541929, 4.61548787e-006, 0.397541929, 0.91758401, -1.17846461e-005, 4.49793067e-007, 1.26482527e-005, 1, 0, 0, 0, 0, 0, 0, 0, 0.223114648, -0.0244273682, -0.206713867, -0.129814758, 0.786016418, -0.604314218, -0.826049805, 0.251342773, 0.504394531, 0.548298197, 0.564779447, 0.616777564, 0, 0, 0, 0, 0, 0, 0, 0.305710986, -0.00815942383, -0.174516992, 0.173478741, 0.477228584, -0.861383058, 0.0460205078, -0.877563477, -0.476928711, -0.983715391, 0.0431624109, -0.174245536, 0, 1, 3, 1, 
187.984272, 21, 0.1, 0.1, 0.0117351332, 0.356476331, -0.0349714695, 0.917584043, -0.397541852, 1.31696096e-006, 0.397541852, 0.917584043, 4.21126914e-006, -2.88257809e-006, -3.34064627e-006, 1, 0.917584042, -0.397541853, -7.3105297e-006, 0.397541853, 0.917584042, 1.12628258e-005, 2.23058077e-006, -1.32408307e-005, 1, 0, 0, 0, 0, 0, 0, 0, 0.224808057, -0.0265359131, -0.206169507, -0.131434553, 0.783860431, -0.606738671, -0.827880859, 0.249755859, 0.502075195, 0.545094173, 0.568334312, 0.616296416, 0, 0, 0, 0, 0, 0, 0, 0.305710986, -0.00815942383, -0.174516992, 0.174290273, 0.475087465, -0.86241224, 0.0506591797, -0.87890625, -0.473999023, -0.983261867, 0.0390096035, -0.177299532, 0, 1, 3, 1, 
187.984963, 21, 0.1, 0.1, 0.0117351304, 0.356476336, -0.0349729767, 0.917584084, -0.397541758, 4.91170568e-006, 0.397541758, 0.917584084, -9.55788291e-006, -7.07245377e-007, 1.07227693e-005, 1, 0.917584078, -0.397541771, 8.37562491e-006, 0.397541771, 0.917584078, -1.63328996e-005, -1.1923302e-006, 1.83164694e-005, 1, 0, 0, 0, 0, 0, 0, 0, 0.224808057, -0.0265359131, -0.206169507, -0.131434553, 0.783860431, -0.606738671, -0.827880859, 0.249755859, 0.502075195, 0.545094173, 0.568334312, 0.616296416, 0, 0, 0, 0, 0, 0, 0, 0.307336914, -0.00995112305, -0.173756348, 0.174290273, 0.475087465, -0.86241224, 0.0506591797, -0.87890625, -0.473999023, -0.983261867, 0.0390096035, -0.177299532, 0, 1, 3, 1, 
187.985653, 21, 0.1, 0.1, 0.0117351298, 0.356476334, -0.034973508, 0.917584122, -0.397541668, 1.04626921e-005, 0.397541668, 0.917584122, 5.14908704e-006, -1.16473768e-005, -5.65364451e-007, 1, 0.917584109, -0.397541699, 4.40767973e-006, 0.397541699, 0.917584109, 1.04799237e-005, -8.21062356e-006, -7.86397499e-006, 1, 0, 0, 0, 0, 0, 0, 0, 0.224808057, -0.0265359131, -0.206169507, -0.131434553, 0.783860431, -0.606738671, -0.827880859, 0.249755859, 0.502075195, 0.545094173, 0.568334312, 0.616296416, 0, 0, 0, 0, 0, 0, 0, 0.307336914, -0.00995112305, -0.173756348, 0.174290273, 0.475087465, -0.86241224, 0.0506591797, -0.87890625, -0.473999023, -0.983261867, 0.0390096035, -0.177299532, 0, 1, 3, 1, 
187.986342, 21, 0.1, 0.1, 0.0117351282, 0.356476339, -0.0349729788, 0.917584245, -0.397541385, -8.6360452e-006, 0.397541384, 0.917584245, -9.52764154e-006, 1.17119308e-005, 5.30922841e-006, 1, 0.917584214, -0.397541457, -4.75172111e-006, 0.397541457, 0.917584214, -1.76459979e-005, 1.137512e-005, 1.4302683e-005, 1, 0, 0, 0, 0, 0, 0, 0, 0.224808057, -0.0265359131, -0.206169507, -0.131434553, 0.783860431, -0.606738671, -0.827880859, 0.249755859, 0.502075195, 0.545094173, 0.568334312, 0.616296416, 0, 0, 0, 0, 0, 0, 0, 0.307336914, -0.00995112305, -0.173756348, 0.174290273, 0.475087465, -0.86241224, 0.0506591797, -0.87890625, -0.473999023, -0.983261867, 0.0390096035, -0.177299532, 0, 1, 3, 1, 
187.98703, 21, 0.1, 0.1, 0.0117351287, 0.356476335, -0.0349716217, 0.917584435, -0.397540947, -2.90046228e-006, 0.397540947, 0.917584435, 6.3364768e-006, 1.42410048e-007, -6.96730501e-006, 1, 0.917584397, -0.397541036, -9.18209125e-007, 0.397541036, 0.917584396, 1.60043785e-005, -5.51986282e-006, -1.50503938e-005, 1, 0, 0, 0, 0, 0, 0, 0, 0.224808057, -0.0265359131, -0.206169507, -0.131434553, 0.783860431, -0.606738671, -0.827880859, 0.249755859, 0.502075195, 0.545094173, 0.568334312, 0.616296416, 0, 0, 0, 0, 0, 0, 0, 0.307336914, -0.00995112305, -0.173756348, 0.174290273, 0.475087465, -0.86241224, 0.0506591797, -0.87890625, -0.473999023, -0.983261867, 0.0390096035, -0.177299532, 0, 1, 3, 1, 
187.98772, 21, 0.1, 0.1, 0.0117351267, 0.356476339, -0.0349698669, 0.91758458, -0.397540613, -1.95266124e-006, 0.397540613, 0.91758458, -2.77559217e-006, 2.89514246e-006, 1.77057843e-006, 1, 0.91758455, -0.397540682, 2.01874464e-006, 0.397540682, 0.91758455, -1.11387396e-005, 2.57573325e-006, 1.10232685e-005, 1, 0, 0, 0, 0, 0, 0, 0, 0.224808057, -0.0265359131, -0.206169507, -0.131434553, 0.783860431, -0.606738671, -0.827880859, 0.249755859, 0.502075195, 0.545094173, 0.568334312, 0.616296416, 0, 0, 0, 0, 0, 0, 0, 0.307336914, -0.00995112305, -0.173756348, 0.174290273, 0.475087465, -0.86241224, 0.0506591797, -0.87890625, -0.473999023, -0.983261867, 0.0390096035, -0.177299532, 0, 1, 3, 1, 
187.98841, 21, 0.1, 0.1, 0.0117351282, 0.356476334, -0.0349682826, 0.917584712, -0.397540308, -1.43380428e-006, 0.397540308, 0.917584712, 8.58798001e-006, -2.09843134e-006, -8.45019415e-006, 1, 0.917584691, -0.397540357, -1.04699191e-005, 0.397540357, 0.91758469, 1.54674085e-005, 3.45811834e-006, -1.83548726e-005, 1, 0, 0, 0, 0, 0, 0, 0, 0.224808057, -0.0265359131, -0.206169507, -0.131434553, 0.783860431, -0.606738671, -0.827880859, 0.249755859, 0.502075195, 0.545094173, 0.568334312, 0.616296416, 0, 0, 0, 0, 0, 0, 0, 0.307336914, -0.00995112305, -0.173756348, 0.174290273, 0.475087465, -0.86241224, 0.0506591797, -0.87890625, -0.473999023, -0.983261867, 0.0390096035, -0.177299532, 0, 1, 3, 1, 
187.989125, 21, 0.1, 0.1, 0.011735126, 0.356476338, -0.0349671136, 0.917584854, -0.397539979, 2.60024048e-006, 0.397539979, 0.917584854, -3.18778222e-006, -1.11867041e-006, 3.95876023e-006, 1, 0.917584829, -0.397540038, 7.11670394e-006, 0.397540038, 0.917584829, -1.26146682e-005, -1.51534389e-006, 1.44042029e-005, 1, 0, 0, 0, 0, 0, 0, 0, 0.226275415, -0.0288473145, -0.205602075, -0.13316181, 0.782129426, -0.60869995, -0.829223633, 0.248413086, 0.500610352, 0.542772313, 0.571451091, 0.615618317, 0, 0, 0, 0, 0, 0, 0, 0.307336914, -0.00995112305, -0.173756348, 0.174277513, 0.473489555, -0.863338977, 0.0541992187, -0.880004883, -0.471679687, -0.983140465, 0.0355276032, -0.178992591, 0, 1, 3, 1, 
187.989814, 21, 0.1, 0.1, 0.0117351277, 0.356476334, -0.0349666956, 0.917584967, -0.39753972, 1.74361155e-006, 0.39753972, 0.917584967, 8.22168373e-006, -4.8683576e-006, -6.85093855e-006, 1, 0.917584944, -0.397539771, -7.1679617e-006, 0.397539771, 0.917584944, 1.55614016e-005, 3.90937704e-007, -1.71284577e-005, 1, 0, 0, 0, 0, 0, 0, 0, 0.226275415, -0.0288473145, -0.205602075, -0.13316181, 0.782129426, -0.60869995, -0.829223633, 0.248413086, 0.500610352, 0.542772313, 0.571451091, 0.615618317, 0, 0, 0, 0, 0, 0, 0, 0.308678076, -0.0116927734, -0.173183545, 0.174277513, 0.473489555, -0.863338977, 0.0541992187, -0.880004883, -0.471679687, -0.983140465, 0.0355276032, -0.178992591, 0, 1, 3, 1, 
187.99051, 21, 0.1, 0.1, 0.0117351248, 0.356476339, -0.0349672407, 0.917585116, -0.397539374, 4.44068109e-006, 0.397539374, 0.917585116, -6.69058451e-006, -1.4149321e-006, 7.90452635e-006, 1, 0.91758509, -0.397539436, 9.02812735e-006, 0.397539436, 0.91758509, -1.53250516e-005, -2.19176267e-006, 1.76510755e-005, 1, 0, 0, 0, 0, 0, 0, 0, 0.226275415, -0.0288473145, -0.205602075, -0.13316181, 0.782129426, -0.60869995, -0.829223633, 0.248413086, 0.500610352, 0.542772313, 0.571451091, 0.615618317, 0, 0, 0, 0, 0, 0, 0, 0.308678076, -0.0116927734, -0.173183545, 0.174277513, 0.473489555, -0.863338977, 0.0541992187, -0.880004883, -0.471679687, -0.983140465, 0.0355276032, -0.178992591, 0, 1, 3, 1, 
187.991205, 21, 0.1, 0.1, 0.0117351251, 0.356476335, -0.0349684485, 0.91758525, -0.397539065, 1.03062013e-005, 0.397539065, 0.91758525, 9.76666822e-006, -1.33394505e-005, -4.86463307e-006, 1, 0.917585218, -0.397539141, 2.70848389e-006, 0.397539141, 0.917585218, 1.67425611e-005, -9.14108812e-006, -1.42859982e-005, 1, 0, 0, 0, 0, 0, 0, 0, 0.226275415, -0.0288473145, -0.205602075, -0.13316181, 0.782129426, -0.60869995, -0.829223633, 0.248413086, 0.500610352, 0.542772313, 0.571451091, 0.615618317, 0, 0, 0, 0, 0, 0, 0, 0.308678076, -0.0116927734, -0.173183545, 0.174277513, 0.473489555, -0.863338977, 0.0541992187, -0.880004883, -0.471679687, -0.983140465, 0.0355276032, -0.178992591, 0, 1, 3, 1, 
187.991903, 21, 0.1, 0.1, 0.0117351237, 0.356476341, -0.0349699414, 0.917585479, -0.397538536, -1.08518329e-005, 0.397538536, 0.917585479, -1.36031871e-005, 1.53652754e-005, 8.16806523e-006, 1, 0.917585427, -0.397538657, -6.42666861e-006, 0.397538657, 0.917585427, -2.14930421e-005, 1.44413326e-005, 1.7166853e-005, 1, 0, 0, 0, 0, 0, 0, 0, 0.226275415, -0.0288473145, -0.205602075, -0.13316181, 0.782129426, -0.60869995, -0.829223633, 0.248413086, 0.500610352, 0.542772313, 0.571451091, 0.615618317, 0, 0, 0, 0, 0, 0, 0, 0.308678076, -0.0116927734, -0.173183545, 0.174277513, 0.473489555, -0.863338977, 0.0541992187, -0.880004883, -0.471679687, -0.983140465, 0.0355276032, -0.178992591, 0, 1, 3, 1, 
187.9926, 21, 0.1, 0.1, 0.0117351212, 0.356476336, -0.0349712336, 0.917585798, -0.3975378, 2.13602618e-005, 0.397537799, 0.917585799, 1.44388305e-005, -2.53398538e-005, -4.75735436e-006, 1, 0.917585728, -0.397537961, 1.56209874e-005, 0.397537961, 0.917585728, 2.06649114e-005, -2.25486819e-005, -1.27518923e-005, 1, 0, 0, 0, 0, 0, 0, 0, 0.226275415, -0.0288473145, -0.205602075, -0.13316181, 0.782129426, -0.60869995, -0.829223633, 0.248413086, 0.500610352, 0.542772313, 0.571451091, 0.615618317, 0, 0, 0, 0, 0, 0, 0, 0.308678076, -0.0116927734, -0.173183545, 0.174277513, 0.473489555, -0.863338977, 0.0541992187, -0.880004883, -0.471679687, -0.983140465, 0.0355276032, -0.178992591, 0, 1, 3, 1, 
187.993296, 21, 0.1, 0.1, 0.0117351192, 0.35647634, -0.0349719683, 0.9175862, -0.397536874, -2.22033516e-005, 0.397536873, 0.9175862, -1.41744383e-005, 2.60083509e-005, 4.17961802e-006, 1, 0.917586111, -0.397537078, -8.77189773e-006, 0.397537078, 0.917586111, -1.77004404e-005, 1.50855529e-005, 1.27545237e-005, 1, 0, 0, 0, 0, 0, 0, 0, 0.226275415, -0.0288473145, -0.205602075, -0.13316181, 0.782129426, -0.60869995, -0.829223633, 0.248413086, 0.500610352, 0.542772313, 0.571451091, 0.615618317, 0, 0, 0, 0, 0, 0, 0, 0.308678076, -0.0116927734, -0.173183545, 0.174277513, 0.473489555, -0.863338977, 0.0541992187, -0.880004883, -0.471679687, -0.983140465, 0.0355276032, -0.178992591, 0, 1, 3, 1, 
187.994477, 21, 0.1, 0.1, 0.0117351292, 0.356476334, -0.0349663124, 0.917587056, -0.397534898, 9.20016276e-006, 0.397534898, 0.917587056, 6.77145734e-006, -1.11338409e-005, -2.55601584e-006, 1, 0.917586871, -0.397535324, -5.92537606e-006, 0.397535324, 0.917586871, 1.95772775e-005, -2.34561208e-006, -2.03193991e-005, 1, 0, 0, 0, 0, 0, 0, 0, 0.227719824, -0.0309280273, -0.205232861, -0.135282971, 0.780538083, -0.610204047, -0.830932617, 0.24597168, 0.498901367, 0.539524106, 0.574669341, 0.615485767, 0, 0, 0, 0, 0, 0, 0, 0.310202686, -0.0134131836, -0.172584131, 0.173644985, 0.472466569, -0.863914268, 0.0584716797, -0.880615234, -0.469970703, -0.982961461, 0.031246831, -0.180525969, 0, 1, 3, 1, 
187.995629, 21, 0.1, 0.1, 0.0117351222, 0.356476347, -0.0349533964, 0.91758803, -0.397532649, 6.75441108e-007, 0.397532649, 0.91758803, 4.92197654e-006, -2.57642305e-006, -4.24783686e-006, 1, 0.917587854, -0.397533056, 1.41311589e-005, 0.397533056, 0.917587854, -1.91026638e-005, -5.37263944e-006, 2.31459751e-005, 1, 0, 0, 0, 0, 0, 0, 0, 0.227719824, -0.0309280273, -0.205232861, -0.135282971, 0.780538083, -0.610204047, -0.830932617, 0.24597168, 0.498901367, 0.539524106, 0.574669341, 0.615485767, 0, 0, 0, 0, 0, 0, 0, 0.310202686, -0.0134131836, -0.172584131, 0.173644985, 0.472466569, -0.863914268, 0.0584716797, -0.880615234, -0.469970703, -0.982961461, 0.031246831, -0.180525969, 0, 1, 3, 1, 
187.9968, 21, 0.1, 0.1, 0.0117351228, 0.356476346, -0.0349403138, 0.917588751, -0.397530985, 1.30519754e-005, 0.397530985, 0.917588751, 1.14235703e-005, -1.6517569e-005, -5.29357493e-006, 1, 0.917588606, -0.397531319, 3.90922519e-006, 0.397531319, 0.917588606, -1.07187736e-005, 6.7398771e-007, 1.1389464e-005, 1, 0, 0, 0, 0, 0, 0, 0, 0.227719824, -0.0309280273, -0.205232861, -0.137086613, 0.778585039, -0.612285894, -0.832519531, 0.244384766, 0.497192383, 0.536719977, 0.57794488, 0.614826763, 0, 0, 0, 0, 0, 0, 0, 0.310202686, -0.0134131836, -0.172584131, 0.173644985, 0.472466569, -0.863914268, 0.0584716797, -0.880615234, -0.469970703, -0.982961461, 0.031246831, -0.180525969, 0, 1, 3, 1, 
187.997913, 21, 0.1, 0.1, 0.0117351211, 0.356476348, -0.0349328028, 0.917589334, -0.39752964, -9.28237711e-006, 0.39752964, 0.917589333, 2.64329006e-005, -1.99045121e-006, -2.79445676e-005, 1, 0.917589255, -0.397529821, 5.24806228e-006, 0.397529821, 0.917589255, 2.56635275e-007, -4.91758574e-006, 1.85077549e-006, 1, 0, 0, 0, 0, 0, 0, 0, 0.229181812, -0.033250293, -0.204448291, -0.137086613, 0.778585039, -0.612285894, -0.832519531, 0.244384766, 0.497192383, 0.536719977, 0.57794488, 0.614826763, 0, 0, 0, 0, 0, 0, 0, 0.311502344, -0.0153766113, -0.172229443, 0.173025218, 0.4710411, -0.864879285, 0.0622558594, -0.881591797, -0.467773437, -0.982903859, 0.0272919841, -0.181854824, 0, 1, 3, 1, 
187.998628, 21, 0.1, 0.1, 0.0117351214, 0.356476344, -0.0349374457, 0.917589552, -0.397529134, 3.37819431e-005, 0.397529135, 0.917589552, -1.14366949e-005, -2.64515386e-005, 2.39234984e-005, 0.999999999, 0.917589513, -0.397529225, 1.99532437e-005, 0.397529225, 0.917589513, -1.47618287e-006, -1.77220613e-005, 9.28652741e-006, 1, 0, 0, 0, 0, 0, 0, 0, 0.229181812, -0.033250293, -0.204448291, -0.137086613, 0.778585039, -0.612285894, -0.832519531, 0.244384766, 0.497192383, 0.536719977, 0.57794488, 0.614826763, 0, 0, 0, 0, 0, 0, 0, 0.311502344, -0.0153766113, -0.172229443, 0.173025218, 0.4710411, -0.864879285, 0.0622558594, -0.881591797, -0.467773437, -0.982903859, 0.0272919841, -0.181854824, 0, 1, 3, 1, 
187.999325, 21, 0.1, 0.1, 0.0117351227, 0.356476344, -0.034950842, 0.917589793, -0.397528578, -3.7698521e-005, 0.397528579, 0.917589793, 2.49114525e-005, 2.46887639e-005, -3.7844734e-005, 0.999999999, 0.917589734, -0.397528715, -2.92799534e-005, 0.397528716, 0.917589734, 1.18239506e-005, 2.21666248e-005, -2.24891579e-005, 1, 0, 0, 0, 0, 0, 0, 0, 0.229181812, -0.033250293, -0.204448291, -0.137086613, 0.778585039, -0.612285894, -0.832519531, 0.244384766, 0.497192383, 0.536719977, 0.57794488, 0.614826763, 0, 0, 0, 0, 0, 0, 0, 0.311502344, -0.0153766113, -0.172229443, 0.173025218, 0.4710411, -0.864879285, 0.0622558594, -0.881591797, -0.467773437, -0.982903859, 0.0272919841, -0.181854824, 0, 1, 3, 1, 
188.000027, 21, 0.1, 0.1, 0.0117351231, 0.356476335, -0.0349684278, 0.917590148, -0.397527759, 2.83400042e-005, 0.397527759, 0.917590149, 5.24639261e-006, -2.80900953e-005, 6.45190016e-006, 1, 0.917590064, -0.397527953, 1.53822222e-005, 0.397527953, 0.917590064, 2.27391402e-005, -2.31540181e-005, -1.47503458e-005, 1, 0, 0, 0, 0, 0, 0, 0, 0.229181812, -0.033250293, -0.204448291, -0.137086613, 0.778585039, -0.612285894, -0.832519531, 0.244384766, 0.497192383, 0.536719977, 0.57794488, 0.614826763, 0, 0, 0, 0, 0, 0, 0, 0.311502344, -0.0153766113, -0.172229443, 0.173025218, 0.4710411, -0.864879285, 0.0622558594, -0.881591797, -0.467773437, -0.982903859, 0.0272919841, -0.181854824, 0, 1, 3, 1, 
188.000723, 21, 0.1, 0.1, 0.0117351145, 0.356476345, -0.0349844784, 0.91759062, -0.397526671, 5.11772276e-006, 0.397526671, 0.917590619, -3.88651808e-005, 1.07539715e-005, 3.76967567e-005, 0.999999999, 0.917590523, -0.397526895, 1.7889821e-005, 0.397526895, 0.917590522, -3.56668971e-005, -2.23697933e-006, 3.98392917e-005, 0.999999999, 0, 0, 0, 0, 0, 0, 0, 0.229181812, -0.033250293, -0.204448291, -0.137086613, 0.778585039, -0.612285894, -0.832519531, 0.244384766, 0.497192383, 0.536719977, 0.57794488, 0.614826763, 0, 0, 0, 0, 0, 0, 0, 0.311502344, -0.0153766113, -0.172229443, 0.173025218, 0.4710411, -0.864879285, 0.0622558594, -0.881591797, -0.467773437, -0.982903859, 0.0272919841, -0.181854824, 0, 1, 3, 1, 
188.00146, 21, 0.1, 0.1, 0.0117351236, 0.356476355, -0.034994904, 0.917591198, -0.397525335, -4.08788211e-005, 0.397525335, 0.917591199, -1.57067803e-005, 4.37538896e-005, -1.8379637e-006, 0.999999999, 0.917591083, -0.397525601, -3.56166893e-005, 0.3975256, 0.917591084, -2.32142294e-005, 4.1909807e-005, 7.14262415e-006, 0.999999999, 0, 0, 0, 0, 0, 0, 0, 0.229181812, -0.033250293, -0.204448291, -0.137086613, 0.778585039, -0.612285894, -0.832519531, 0.244384766, 0.497192383, 0.536719977, 0.57794488, 0.614826763, 0, 0, 0, 0, 0, 0, 0, 0.311502344, -0.0153766113, -0.172229443, 0.173025218, 0.4710411, -0.864879285, 0.0622558594, -0.881591797, -0.467773437, -0.982903859, 0.0272919841, -0.181854824, 0, 1, 3, 1, 
188.002184, 21, 0.1, 0.1, 0.0117351393, 0.356476352, -0.0349962998, 0.917591799, -0.397523948, -4.31882647e-005, 0.397523949, 0.917591799, 2.05727173e-005, 3.14510497e-005, -3.60457262e-005, 0.999999999, 0.917591682, -0.397524217, -4.59251701e-005, 0.397524218, 0.917591683, 1.40798102e-005, 3.65434885e-005, -3.1175884e-005, 0.999999999, 0, 0, 0, 0, 0, 0, 0, 0.230368311, -0.0355651123, -0.204089819, -0.139937169, 0.776771658, -0.613942759, -0.833496094, 0.2421875, 0.496459961, 0.534328846, 0.581321889, 0.613729674, 0, 0, 0, 0, 0, 0, 0, 0.312547266, -0.0173668945, -0.171656396, 0.171907084, 0.469449386, -0.865991222, 0.06640625, -0.882568359, -0.465209961, -0.982775894, 0.022583208, -0.182953635, 0, 1, 3, 1, 
188.002883, 21, 0.1, 0.1, 0.0117351472, 0.356476342, -0.0349896114, 0.917592383, -0.397522602, -6.55174094e-006, 0.397522602, 0.917592382, 2.91078823e-005, -5.55921351e-006, -2.93136362e-005, 1, 0.917592268, -0.397522866, -1.77843457e-005, 0.397522867, 0.917592268, 3.07904723e-005, 4.07886133e-006, -3.53227834e-005, 0.999999999, 0, 0, 0, 0, 0, 0, 0, 0.230368311, -0.0355651123, -0.204089819, -0.139937169, 0.776771658, -0.613942759, -0.833496094, 0.2421875, 0.496459961, 0.534328846, 0.581321889, 0.613729674, 0, 0, 0, 0, 0, 0, 0, 0.312547266, -0.0173668945, -0.171656396, 0.171907084, 0.469449386, -0.865991222, 0.06640625, -0.882568359, -0.465209961, -0.982775894, 0.022583208, -0.182953635, 0, 1, 3, 1, 
188.00358, 21, 0.1, 0.1, 0.0117351421, 0.356476341, -0.034977782, 0.917592994, -0.397521191, 1.32576987e-005, 0.397521191, 0.917592994, -1.48050697e-005, -6.27984252e-006, 1.88552445e-005, 1, 0.917592867, -0.397521484, 1.80344281e-005, 0.397521484, 0.917592867, -6.96940055e-006, -1.37777762e-005, 1.35641449e-005, 1, 0, 0, 0, 0, 0, 0, 0, 0.230368311, -0.0355651123, -0.204089819, -0.139937169, 0.776771658, -0.613942759, -0.833496094, 0.2421875, 0.496459961, 0.534328846, 0.581321889, 0.613729674, 0, 0, 0, 0, 0, 0, 0, 0.312547266, -0.0173668945, -0.171656396, 0.171907084, 0.469449386, -0.865991222, 0.06640625, -0.882568359, -0.465209961, -0.982775894, 0.022583208, -0.182953635, 0, 1, 3, 1, 
188.004277, 21, 0.1, 0.1, 0.0117351433, 0.356476342, -0.0349647543, 0.917593645, -0.397519687, -3.78632696e-006, 0.397519687, 0.917593645, 2.1032363e-005, -4.8864688e-006, -2.08043021e-005, 1, 0.917593513, -0.397519992, -1.08199407e-005, 0.397519992, 0.917593513, 8.79862368e-006, 6.43067858e-006, -1.23747028e-005, 1, 0, 0, 0, 0, 0, 0, 0, 0.230368311, -0.0355651123, -0.204089819, -0.139937169, 0.776771658, -0.613942759, -0.833496094, 0.2421875, 0.496459961, 0.534328846, 0.581321889, 0.613729674, 0, 0, 0, 0, 0, 0, 0, 0.312547266, -0.0173668945, -0.171656396, 0.171907084, 0.469449386, -0.865991222, 0.06640625, -0.882568359, -0.465209961, -0.982775894, 0.022583208, -0.182953635, 0, 1, 3, 1, 
188.004975, 21, 0.1, 0.1, 0.0117351418, 0.356476343, -0.0349544013, 0.917594263, -0.397518263, 1.36190535e-005, 0.397518263, 0.917594262, -2.73438217e-005, -1.62709686e-006, 3.05043563e-005, 1, 0.917594157, -0.397518507, 3.30511663e-006, 0.397518507, 0.917594157, -1.91802909e-005, 4.59176488e-006, 1.89135679e-005, 1, 0, 0, 0, 0, 0, 0, 0, 0.230368311, -0.0355651123, -0.204089819, -0.139937169, 0.776771658, -0.613942759, -0.833496094, 0.2421875, 0.496459961, 0.534328846, 0.581321889, 0.613729674, 0, 0, 0, 0, 0, 0, 0, 0.312547266, -0.0173668945, -0.171656396, 0.171907084, 0.469449386, -0.865991222, 0.06640625, -0.882568359, -0.465209961, -0.982775894, 0.022583208, -0.182953635, 0, 1, 3, 1, 
188.005671, 21, 0.1, 0.1, 0.0117351411, 0.356476345, -0.0349494912, 0.917594744, -0.39751715, -2.02676316e-005, 0.39751715, 0.917594744, 2.12476411e-005, 1.01511705e-005, -2.75534549e-005, 1, 0.917594655, -0.397517356, -1.28198174e-005, 0.397517356, 0.917594655, 9.38141103e-006, 8.03412223e-006, -1.37044325e-005, 1, 0, 0, 0, 0, 0, 0, 0, 0.230368311, -0.0355651123, -0.204089819, -0.139937169, 0.776771658, -0.613942759, -0.833496094, 0.2421875, 0.496459961, 0.534328846, 0.581321889, 0.613729674, 0, 0, 0, 0, 0, 0, 0, 0.312547266, -0.0173668945, -0.171656396, 0.171907084, 0.469449386, -0.865991222, 0.06640625, -0.882568359, -0.465209961, -0.982775894, 0.022583208, -0.182953635, 0, 1, 3, 1, 
188.006368, 21, 0.1, 0.1, 0.0117351389, 0.356476342, -0.0349508491, 0.917595243, -0.397516, 1.09902287e-005, 0.397516, 0.917595242, -2.2486336e-005, -1.14590322e-006, 2.50021467e-005, 1, 0.917595131, -0.397516257, 1.71504109e-005, 0.397516257, 0.917595131, -5.24700409e-006, -1.36513642e-005, 1.16321926e-005, 1, 0, 0, 0, 0, 0, 0, 0, 0.230368311, -0.0355651123, -0.204089819, -0.139937169, 0.776771658, -0.613942759, -0.833496094, 0.2421875, 0.496459961, 0.534328846, 0.581321889, 0.613729674, 0, 0, 0, 0, 0, 0, 0, 0.312547266, -0.0173668945, -0.171656396, 0.171907084, 0.469449386, -0.865991222, 0.06640625, -0.882568359, -0.465209961, -0.982775894, 0.022583208, -0.182953635, 0, 1, 3, 1, 
188.007091, 21, 0.1, 0.1, 0.0117351459, 0.356476348, -0.034957535, 0.917595893, -0.3975145, -2.08342262e-005, 0.3975145, 0.917595893, 1.41117127e-005, 1.35077899e-005, -2.12307566e-005, 1, 0.91759576, -0.397514805, -2.92956183e-005, 0.397514805, 0.917595761, -2.04861983e-006, 2.76958919e-005, -9.76563713e-006, 1, 0, 0, 0, 0, 0, 0, 0, 0.231772681, -0.0376662109, -0.20351897, -0.14286411, 0.774755334, -0.615821663, -0.834838867, 0.239746094, 0.495361328, 0.531455446, 0.584978226, 0.612791344, 0, 0, 0, 0, 0, 0, 0, 0.313840332, -0.0191654297, -0.170871826, 0.171153154, 0.467359306, -0.867199041, 0.0705566406, -0.883789063, -0.462280273, -0.98260965, 0.0179447941, -0.184308009, 0, 1, 3, 1, 
188.007788, 21, 0.1, 0.1, 0.0117351401, 0.356476343, -0.0349668374, 0.917596619, -0.397512823, 2.19071916e-005, 0.397512823, 0.917596619, -5.87388559e-006, -1.77670201e-005, 1.40982472e-005, 1, 0.917596471, -0.397513165, 2.50641336e-005, 0.397513165, 0.917596471, 5.56027946e-006, -2.52090448e-005, 4.86123027e-006, 1, 0, 0, 0, 0, 0, 0, 0, 0.231772681, -0.0376662109, -0.20351897, -0.14286411, 0.774755334, -0.615821663, -0.834838867, 0.239746094, 0.495361328, 0.531455446, 0.584978226, 0.612791344, 0, 0, 0, 0, 0, 0, 0, 0.313840332, -0.0191654297, -0.170871826, 0.171153154, 0.467359306, -0.867199041, 0.0705566406, -0.883789063, -0.462280273, -0.98260965, 0.0179447941, -0.184308009, 0, 1, 3, 1, 
188.008486, 21, 0.1, 0.1, 0.011735145, 0.356476348, -0.0349760579, 0.917597406, -0.397511004, -3.37031478e-005, 0.397511004, 0.917597407, -4.30441349e-006, 3.26369727e-005, -9.44765346e-006, 0.999999999, 0.917597248, -0.397511371, -2.97347824e-005, 0.397511371, 0.917597248, -9.8878993e-006, 3.12151069e-005, -2.74680493e-006, 1, 0, 0, 0, 0, 0, 0, 0, 0.231772681, -0.0376662109, -0.20351897, -0.14286411, 0.774755334, -0.615821663, -0.834838867, 0.239746094, 0.495361328, 0.531455446, 0.584978226, 0.612791344, 0, 0, 0, 0, 0, 0, 0, 0.313840332, -0.0191654297, -0.170871826, 0.171153154, 0.467359306, -0.867199041, 0.0705566406, -0.883789063, -0.462280273, -0.98260965, 0.0179447941, -0.184308009, 0, 1, 3, 1, 
188.009206, 21, 0.1, 0.1, 0.0117351477, 0.356476348, -0.0349826202, 0.917598199, -0.397509177, 1.53553288e-005, 0.397509177, 0.917598199, 6.26241824e-007, -1.43389589e-005, 5.52924574e-006, 1, 0.917598038, -0.397509549, 3.23112639e-006, 0.397509549, 0.917598038, 3.93378203e-007, -3.12124682e-006, 9.23440526e-007, 1, 0, 0, 0, 0, 0, 0, 0, 0.23315752, -0.0395135498, -0.202905518, -0.146102578, 0.773341848, -0.616925866, -0.836914062, 0.235839844, 0.493774414, 0.527395467, 0.588539082, 0.61284264, 0, 0, 0, 0, 0, 0, 0, 0.313840332, -0.0191654297, -0.170871826, 0.170143662, 0.466259395, -0.867991617, 0.0764160156, -0.884399414, -0.460205078, -0.982347524, 0.0120602815, -0.18610971, 0, 1, 3, 1, 
188.00994, 21, 0.1, 0.1, 0.0117351397, 0.356476345, -0.0349843081, 0.917598883, -0.397507598, 9.59129608e-006, 0.397507598, 0.917598883, 1.4263663e-005, -1.4470877e-005, -9.27570817e-006, 1, 0.917598768, -0.397507864, 1.68333808e-005, 0.397507863, 0.917598768, 1.36497781e-005, -2.08721836e-005, -5.83361831e-006, 1, 0, 0, 0, 0, 0, 0, 0, 0.23315752, -0.0395135498, -0.202905518, -0.146102578, 0.773341848, -0.616925866, -0.836914062, 0.235839844, 0.493774414, 0.527395467, 0.588539082, 0.61284264, 0, 0, 0, 0, 0, 0, 0, 0.315118506, -0.020701416, -0.170069189, 0.170143662, 0.466259395, -0.867991617, 0.0764160156, -0.884399414, -0.460205078, -0.982347524, 0.0120602815, -0.18610971, 0, 1, 3, 1, 
188.010644, 21, 0.1, 0.1, 0.0117351427, 0.356476346, -0.0349812909, 0.917599372, -0.397506469, -1.41142955e-005, 0.397506469, 0.917599372, -1.91314245e-005, 2.05561337e-005, 1.19444594e-005, 1, 0.917599288, -0.397506663, -1.54609248e-005, 0.397506662, 0.917599288, -1.44773152e-005, 1.99417629e-005, 7.13855348e-006, 1, 0, 0, 0, 0, 0, 0, 0, 0.23315752, -0.0395135498, -0.202905518, -0.146102578, 0.773341848, -0.616925866, -0.836914062, 0.235839844, 0.493774414, 0.527395467, 0.588539082, 0.61284264, 0, 0, 0, 0, 0, 0, 0, 0.315118506, -0.020701416, -0.170069189, 0.170143662, 0.466259395, -0.867991617, 0.0764160156, -0.884399414, -0.460205078, -0.982347524, 0.0120602815, -0.18610971, 0, 1, 3, 1, 
188.011364, 21, 0.1, 0.1, 0.0117351423, 0.356476347, -0.0349747258, 0.917599736, -0.397505629, 3.38244883e-006, 0.397505629, 0.917599736, 1.65698593e-005, -9.69034649e-006, -1.38599561e-005, 1, 0.917599676, -0.397505766, 4.19866323e-006, 0.397505766, 0.917599676, 1.0978466e-005, -8.21669555e-006, -8.40484398e-006, 1, 0, 0, 0, 0, 0, 0, 0, 0.23315752, -0.0395135498, -0.202905518, -0.146102578, 0.773341848, -0.616925866, -0.836914062, 0.235839844, 0.493774414, 0.527395467, 0.588539082, 0.61284264, 0, 0, 0, 0, 0, 0, 0, 0.315118506, -0.020701416, -0.170069189, 0.170143662, 0.466259395, -0.867991617, 0.0764160156, -0.884399414, -0.460205078, -0.982347524, 0.0120602815, -0.18610971, 0, 1, 3, 1, 
188.012059, 21, 0.1, 0.1, 0.0117351415, 0.356476346, -0.034967313, 0.91759998, -0.397505064, 8.51782099e-006, 0.397505064, 0.91759998, -5.22228543e-007, -7.60836388e-006, 3.86507388e-006, 1, 0.917599941, -0.397505156, 1.23608142e-006, 0.397505156, 0.917599941, -5.54275022e-006, 1.06904355e-006, 5.57737601e-006, 1, 0, 0, 0, 0, 0, 0, 0, 0.23315752, -0.0395135498, -0.202905518, -0.146102578, 0.773341848, -0.616925866, -0.836914062, 0.235839844, 0.493774414, 0.527395467, 0.588539082, 0.61284264, 0, 0, 0, 0, 0, 0, 0, 0.315118506, -0.020701416, -0.170069189, 0.170143662, 0.466259395, -0.867991617, 0.0764160156, -0.884399414, -0.460205078, -0.982347524, 0.0120602815, -0.18610971, 0, 1, 3, 1, 
188.012755, 21, 0.1, 0.1, 0.0117351411, 0.356476346, -0.0349612305, 0.917600137, -0.397504704, -2.80471765e-006, 0.397504704, 0.917600136, -6.29164582e-006, 5.0745681e-006, 4.6583266e-006, 1, 0.917600108, -0.39750477, -8.28505459e-006, 0.39750477, 0.917600108, -2.69868986e-006, 8.67510908e-006, -8.17030615e-007, 1, 0, 0, 0, 0, 0, 0, 0, 0.23315752, -0.0395135498, -0.202905518, -0.146102578, 0.773341848, -0.616925866, -0.836914062, 0.235839844, 0.493774414, 0.527395467, 0.588539082, 0.61284264, 0, 0, 0, 0, 0, 0, 0, 0.315118506, -0.020701416, -0.170069189, 0.170143662, 0.466259395, -0.867991617, 0.0764160156, -0.884399414, -0.460205078, -0.982347524, 0.0120602815, -0.18610971, 0, 1, 3, 1, 
188.013455, 21, 0.1, 0.1, 0.0117351405, 0.356476346, -0.0349580223, 0.917600219, -0.397504514, -5.46991103e-006, 0.397504514, 0.917600219, -1.70109796e-005, 1.17811327e-005, 1.34349643e-005, 1, 0.917600212, -0.39750453, -7.50461664e-006, 0.39750453, 0.917600212, -2.64372816e-006, 7.93713173e-006, -5.57233593e-007, 1, 0, 0, 0, 0, 0, 0, 0, 0.23315752, -0.0395135498, -0.202905518, -0.146102578, 0.773341848, -0.616925866, -0.836914062, 0.235839844, 0.493774414, 0.527395467, 0.588539082, 0.61284264, 0, 0, 0, 0, 0, 0, 0, 0.315118506, -0.020701416, -0.170069189, 0.170143662, 0.466259395, -0.867991617, 0.0764160156, -0.884399414, -0.460205078, -0.982347524, 0.0120602815, -0.18610971, 0, 1, 3, 1, 
188.014162, 21, 0.1, 0.1, 0.0117351403, 0.356476347, -0.0349583319, 0.917600187, -0.397504587, -1.85588574e-005, 0.397504587, 0.917600187, 1.68242536e-005, 1.0341893e-005, -2.28151692e-005, 1, 0.917600205, -0.397504545, -4.49938852e-006, 0.397504545, 0.917600205, 1.31353579e-005, -1.09272463e-006, -1.38415345e-005, 1, 0, 0, 0, 0, 0, 0, 0, 0.233867627, -0.0410893066, -0.202659204, -0.149581059, 0.772987259, -0.616462692, -0.837280273, 0.232421875, 0.494750977, 0.525721749, 0.590201939, 0.612645689, 0, 0, 0, 0, 0, 0, 0, 0.315118506, -0.020701416, -0.170069189, 0.170143662, 0.466259395, -0.867991617, 0.0764160156, -0.884399414, -0.460205078, -0.982347524, 0.0120602815, -0.18610971, 0, 1, 3, 1, 
188.014873, 21, 0.1, 0.1, 0.0117351387, 0.356476346, -0.0349617071, 0.917600083, -0.397504826, 3.49932852e-005, 0.397504827, 0.917600083, -1.69051504e-005, -2.53899626e-005, 2.94221672e-005, 0.999999999, 0.917600103, -0.39750478, 2.15044878e-005, 0.397504781, 0.917600103, -9.39129904e-006, -1.59994339e-005, 1.71655937e-005, 1, 0, 0, 0, 0, 0, 0, 0, 0.233867627, -0.0410893066, -0.202659204, -0.149581059, 0.772987259, -0.616462692, -0.837280273, 0.232421875, 0.494750977, 0.525721749, 0.590201939, 0.612645689, 0, 0, 0, 0, 0, 0, 0, 0.315838867, -0.0219191895, -0.169874023, 0.167581469, 0.466284182, -0.868515502, 0.0804443359, -0.884521484, -0.459350586, -0.982494078, 0.00715317827, -0.185796544, 0, 1, 3, 1, 
188.015568, 21, 0.1, 0.1, 0.0117351323, 0.35647635, -0.0349671009, 0.917600008, -0.397505001, -1.48411208e-005, 0.397505001, 0.917600008, 9.48801038e-006, 9.84668102e-006, -1.46056181e-005, 1, 0.917600013, -0.39750499, 1.6583791e-006, 0.39750499, 0.917600013, -6.10306968e-006, 9.04271967e-007, 6.25939078e-006, 1, 0, 0, 0, 0, 0, 0, 0, 0.233867627, -0.0410893066, -0.202659204, -0.149581059, 0.772987259, -0.616462692, -0.837280273, 0.232421875, 0.494750977, 0.525721749, 0.590201939, 0.612645689, 0, 0, 0, 0, 0, 0, 0, 0.315838867, -0.0219191895, -0.169874023, 0.167581469, 0.466284182, -0.868515502, 0.0804443359, -0.884521484, -0.459350586, -0.982494078, 0.00715317827, -0.185796544, 0, 1, 3, 1, 
188.016261, 21, 0.1, 0.1, 0.0117351366, 0.35647634, -0.0349729105, 0.917600041, -0.397504924, 3.16961974e-006, 0.397504924, 0.917600041, 2.7228282e-005, -1.37318194e-005, -2.37247332e-005, 1, 0.917600026, -0.397504958, -6.36950398e-006, 0.397504958, 0.917600026, 3.34365942e-005, -7.44655497e-006, -3.32133292e-005, 0.999999999, 0, 0, 0, 0, 0, 0, 0, 0.233867627, -0.0410893066, -0.202659204, -0.149581059, 0.772987259, -0.616462692, -0.837280273, 0.232421875, 0.494750977, 0.525721749, 0.590201939, 0.612645689, 0, 0, 0, 0, 0, 0, 0, 0.315838867, -0.0219191895, -0.169874023, 0.167581469, 0.466284182, -0.868515502, 0.0804443359, -0.884521484, -0.459350586, -0.982494078, 0.00715317827, -0.185796544, 0, 1, 3, 1, 
188.016958, 21, 0.1, 0.1, 0.0117351329, 0.356476345, -0.0349774222, 0.917600202, -0.397504553, 4.59538837e-007, 0.397504553, 0.917600201, -3.50876114e-005, 1.35258124e-005, 3.23790681e-005, 0.999999999, 0.917600162, -0.397504646, 5.59159849e-006, 0.397504646, 0.917600161, -2.96128308e-005, 6.64038613e-006, 2.93954247e-005, 1, 0, 0, 0, 0, 0, 0, 0, 0.233867627, -0.0410893066, -0.202659204, -0.149581059, 0.772987259, -0.616462692, -0.837280273, 0.232421875, 0.494750977, 0.525721749, 0.590201939, 0.612645689, 0, 0, 0, 0, 0, 0, 0, 0.315838867, -0.0219191895, -0.169874023, 0.167581469, 0.466284182, -0.868515502, 0.0804443359, -0.884521484, -0.459350586, -0.982494078, 0.00715317827, -0.185796544, 0, 1, 3, 1, 
188.017671, 21, 0.1, 0.1, 0.0117351329, 0.35647635, -0.0349793458, 0.91760043, -0.397504026, 4.76518341e-006, 0.397504026, 0.91760043, 1.24576256e-005, -9.32449067e-006, -9.53694299e-006, 1, 0.917600378, -0.397504147, -1.9746619e-006, 0.397504147, 0.917600378, -6.79935922e-007, 2.08222785e-006, -1.61026835e-007, 1, 0, 0, 0, 0, 0, 0, 0, 0.233867627, -0.0410893066, -0.202659204, -0.149581059, 0.772987259, -0.616462692, -0.837280273, 0.232421875, 0.494750977, 0.525721749, 0.590201939, 0.612645689, 0, 0, 0, 0, 0, 0, 0, 0.315838867, -0.0219191895, -0.169874023, 0.167581469, 0.466284182, -0.868515502, 0.0804443359, -0.884521484, -0.459350586, -0.982494078, 0.00715317827, -0.185796544, 0, 1, 3, 1, 
