time, trialNum, realDorsalTactorPos, realVentralTactorPos, boxPosX, boxPosY, boxPosZ, boxLocalRot_11, boxLocalRot_12, boxLocalRot_13, boxLocalRot_21, boxLocalRot_22, boxLocalRot_23, boxLocalRot_31, boxLocalRot_32, boxLocalRot_33, boxGlobalRot_11, boxGlobalRot_12, boxGlobalRot_13, boxGlobalRot_21, boxGlobalRot_22, boxGlobalRot_23, boxGlobalRot_31, boxGlobalRot_32, boxGlobalRot_33, indexForceX, indexForceY, indexForceZ, indexForceGlobalX, indexForceGlobalY, indexForceGlobalZ, indexContact, indexPosX, indexPosY, indexPosZ, indexRot_11, indexRot_12, indexRot_13, indexRot_21, indexRot_22, indexRot_23, indexRot_31, indexRot_32, indexRot_33, thumbForceX, thumbForceY, thumbForceZ, thumbForceGlobalX, thumbForceGlobalY, thumbForceGlobalZ, thumbContact, thumbPosX, thumbPosY, thumbPosZ, thumbRot_11, thumbRot_12, thumbRot_13, thumbRot_21, thumbRot_22, thumbRot_23, thumbRot_31, thumbRot_32, thumbRot_33, manipForceTooHigh, cceExpType, mapping, trialSuccess, 
297.617269, 28, 0.1, 0.1, 0.000416884543, 0.367401988, -0.0349668556, 0.91750982, -0.397713125, 5.30281617e-006, 0.397713125, 0.91750982, -1.94785834e-005, 2.88150237e-006, 1.99807911e-005, 1, 0.917509808, -0.397713152, 1.58840554e-005, 0.397713153, 0.917509808, -1.26297509e-005, -9.55075856e-006, 1.7905218e-005, 1, 0, 0, 0, 0, 0, 0, 0, 0.385595215, -0.127714917, -0.201579785, -0.192490163, 0.481322906, -0.85508383, -0.944091797, 0.146606445, 0.295043945, 0.267289593, 0.864176969, 0.426367387, 0, 0, -0, 0, 0, 0, 0, 0.45123833, -0.0750435547, -0.158447656, 0.276540774, 0.314620855, -0.907911396, 0.427368164, -0.886474609, -0.177001953, -0.860696298, -0.338965169, -0.379697449, 0, 1, 5, 1, 
297.643216, 28, 0.1, 0.1, 0.00041687653, 0.367401984, -0.0349657356, 0.917509036, -0.397714933, 1.15575845e-005, 0.397714933, 0.917509036, -3.61784409e-006, -9.16531757e-006, 7.91602858e-006, 1, 0.917509046, -0.397714912, 1.23091868e-006, 0.397714912, 0.917509046, -1.20073747e-005, 3.64613297e-006, 1.15064297e-005, 1, 0, 0, 0, 0, 0, 0, 0, 0.387586938, -0.131859863, -0.201181372, -0.214015183, 0.478577187, -0.851512112, -0.942504883, 0.127441406, 0.30859375, 0.256238565, 0.868690382, 0.423947804, 0, 0, -0, 0, 0, 0, 0, 0.45250918, -0.0793657715, -0.156764014, 0.256836169, 0.315556685, -0.913410548, 0.445068359, -0.877563477, -0.177978516, -0.857734884, -0.360715012, -0.365914536, 0, 1, 5, 1, 
297.643916, 28, 0.1, 0.1, 0.00041687477, 0.367401984, -0.0349680772, 0.917508955, -0.397715121, -6.90430918e-006, 0.39771512, 0.917508955, -1.29229517e-005, 1.14744188e-005, 9.11097572e-006, 1, 0.917508971, -0.397715083, -1.96094714e-006, 0.397715083, 0.917508971, -8.08402677e-006, 5.01432597e-006, 6.63726883e-006, 1, 0, 0, 0, 0, 0, 0, 0, 0.387586938, -0.131859863, -0.201181372, -0.214015183, 0.478577187, -0.851512112, -0.942504883, 0.127441406, 0.30859375, 0.256238565, 0.868690382, 0.423947804, 0, 0, -0, 0, 0, 0, 0, 0.45250918, -0.0793657715, -0.156764014, 0.256836169, 0.315556685, -0.913410548, 0.445068359, -0.877563477, -0.177978516, -0.857734884, -0.360715012, -0.365914536, 0, 1, 5, 1, 
297.644625, 28, 0.1, 0.1, 0.000416874175, 0.367401984, -0.034970667, 0.917508916, -0.39771521, 1.01789331e-005, 0.39771521, 0.917508916, -1.57040063e-006, -8.71468962e-006, 5.48917308e-006, 1, 0.917508917, -0.397715208, 7.78215461e-006, 0.397715208, 0.917508917, 5.66000028e-006, -9.39126445e-006, -2.09801949e-006, 1, 0, 0, 0, 0, 0, 0, 0, 0.388421191, -0.133096924, -0.199906128, -0.215019036, 0.476115663, -0.85266162, -0.942993164, 0.125610352, 0.307983398, 0.253802129, 0.870316168, 0.422152397, 0, 0, -0, 0, 0, 0, 0, 0.45250918, -0.0793657715, -0.156764014, 0.256836169, 0.315556685, -0.913410548, 0.445068359, -0.877563477, -0.177978516, -0.857734884, -0.360715012, -0.365914536, 0, 1, 5, 1, 
297.645337, 28, 0.1, 0.1, 0.000416876427, 0.367401985, -0.0349724886, 0.917508959, -0.397715111, -8.37006092e-006, 0.397715111, 0.917508959, -1.44701941e-007, 7.73715603e-006, -3.19613438e-006, 1, 0.917508947, -0.39771514, -1.42279888e-005, 0.39771514, 0.917508947, -2.12249521e-007, 1.31387219e-005, -5.46394573e-006, 1, 0, 0, 0, 0, 0, 0, 0, 0.388421191, -0.133096924, -0.199906128, -0.215019036, 0.476115663, -0.85266162, -0.942993164, 0.125610352, 0.307983398, 0.253802129, 0.870316168, 0.422152397, 0, 0, -0, 0, 0, 0, 0, 0.453369434, -0.0804411133, -0.155683936, 0.255980161, 0.313984295, -0.914241036, 0.447875977, -0.876586914, -0.17565918, -0.856597427, -0.364439816, -0.365019882, 0, 1, 5, 1, 
297.646037, 28, 0.1, 0.1, 0.000416875207, 0.367401984, -0.0349732658, 0.917509008, -0.397714998, -8.87977605e-006, 0.397714998, 0.917509008, 3.44444285e-006, 6.77736794e-006, -6.69192746e-006, 1, 0.917509004, -0.397715008, 7.27079822e-007, 0.397715008, 0.917509004, 5.10459737e-006, -2.69727727e-006, -4.39434349e-006, 1, 0, 0, 0, 0, 0, 0, 0, 0.388421191, -0.133096924, -0.199906128, -0.215019036, 0.476115663, -0.85266162, -0.942993164, 0.125610352, 0.307983398, 0.253802129, 0.870316168, 0.422152397, 0, 0, -0, 0, 0, 0, 0, 0.453369434, -0.0804411133, -0.155683936, 0.255980161, 0.313984295, -0.914241036, 0.447875977, -0.876586914, -0.17565918, -0.856597427, -0.364439816, -0.365019882, 0, 1, 5, 1, 
297.64673, 28, 0.1, 0.1, 0.000416875511, 0.367401984, -0.0349729223, 0.917508988, -0.397715046, 7.70190262e-006, 0.397715046, 0.917508988, 9.54693171e-006, -1.08635233e-005, -5.69623309e-006, 1, 0.917508999, -0.39771502, 6.16767973e-006, 0.39771502, 0.917508999, 7.77686277e-007, -5.96819917e-006, 1.73944471e-006, 1, 0, 0, 0, 0, 0, 0, 0, 0.388421191, -0.133096924, -0.199906128, -0.215019036, 0.476115663, -0.85266162, -0.942993164, 0.125610352, 0.307983398, 0.253802129, 0.870316168, 0.422152397, 0, 0, -0, 0, 0, 0, 0, 0.453369434, -0.0804411133, -0.155683936, 0.255980161, 0.313984295, -0.914241036, 0.447875977, -0.876586914, -0.17565918, -0.856597427, -0.364439816, -0.365019882, 0, 1, 5, 1, 
297.647427, 28, 0.1, 0.1, 0.000416875844, 0.367401984, -0.0349716353, 0.917508925, -0.397715189, -7.29942599e-006, 0.397715189, 0.917508925, -4.55813639e-006, 8.51012857e-006, 1.27903824e-006, 1, 0.917508936, -0.397715164, -6.93598659e-006, 0.397715164, 0.917508936, -7.39689691e-006, 9.30568774e-006, 4.02817197e-006, 1, 0, 0, 0, 0, 0, 0, 0, 0.388421191, -0.133096924, -0.199906128, -0.215019036, 0.476115663, -0.85266162, -0.942993164, 0.125610352, 0.307983398, 0.253802129, 0.870316168, 0.422152397, 0, 0, -0, 0, 0, 0, 0, 0.453369434, -0.0804411133, -0.155683936, 0.255980161, 0.313984295, -0.914241036, 0.447875977, -0.876586914, -0.17565918, -0.856597427, -0.364439816, -0.365019882, 0, 1, 5, 1, 
297.648126, 28, 0.1, 0.1, 0.000416873424, 0.367401982, -0.0349698301, 0.917508915, -0.397715214, 8.5310693e-006, 0.397715214, 0.917508915, -2.7658756e-006, -6.72730133e-006, 5.93065157e-006, 1, 0.91750891, -0.397715226, 1.30268355e-005, 0.397715226, 0.91750891, 2.19743155e-006, -1.28261897e-005, 3.16480782e-006, 1, 0, 0, 0, 0, 0, 0, 0, 0.388421191, -0.133096924, -0.199906128, -0.215019036, 0.476115663, -0.85266162, -0.942993164, 0.125610352, 0.307983398, 0.253802129, 0.870316168, 0.422152397, 0, 0, -0, 0, 0, 0, 0, 0.453369434, -0.0804411133, -0.155683936, 0.255980161, 0.313984295, -0.914241036, 0.447875977, -0.876586914, -0.17565918, -0.856597427, -0.364439816, -0.365019882, 0, 1, 5, 1, 
297.648818, 28, 0.1, 0.1, 0.000416874577, 0.367401982, -0.0349681018, 0.91750898, -0.397715064, 9.80396851e-006, 0.397715064, 0.91750898, -1.49411246e-006, -8.40099811e-006, 5.27004756e-006, 1, 0.917508964, -0.397715099, -4.36491724e-006, 0.397715099, 0.917508964, 2.08008467e-006, 3.17756961e-006, -3.64448983e-006, 1, 0, 0, 0, 0, 0, 0, 0, 0.388421191, -0.133096924, -0.199906128, -0.215019036, 0.476115663, -0.85266162, -0.942993164, 0.125610352, 0.307983398, 0.253802129, 0.870316168, 0.422152397, 0, 0, -0, 0, 0, 0, 0, 0.453369434, -0.0804411133, -0.155683936, 0.255980161, 0.313984295, -0.914241036, 0.447875977, -0.876586914, -0.17565918, -0.856597427, -0.364439816, -0.365019882, 0, 1, 5, 1, 
297.649543, 28, 0.1, 0.1, 0.000416873395, 0.367401982, -0.0349667222, 0.917509028, -0.397714952, -1.26131415e-005, 0.397714952, 0.917509028, -3.847955e-006, 1.31030604e-005, -1.48590151e-006, 1, 0.917509026, -0.397714957, -8.34272194e-006, 0.397714957, 0.917509026, 2.40011829e-006, 6.69995974e-006, -5.52015549e-006, 1, 0, 0, 0, 0, 0, 0, 0, 0.388480493, -0.134048975, -0.199456104, -0.218160902, 0.474903998, -0.852509974, -0.942504883, 0.123657227, 0.310058594, 0.252693056, 0.871249629, 0.420768867, 0, 0, -0, 0, 0, 0, 0, 0.453369434, -0.0804411133, -0.155683936, 0.252542637, 0.313766644, -0.91514152, 0.449707031, -0.875610352, -0.176147461, -0.856590497, -0.367040288, -0.362291445, 0, 1, 5, 1, 
297.650244, 28, 0.1, 0.1, 0.000416871802, 0.367401983, -0.0349660916, 0.917508981, -0.39771506, 8.96334882e-006, 0.39771506, 0.917508981, 8.75645466e-006, -1.17065269e-005, -4.46926698e-006, 1, 0.917508997, -0.397715024, 1.07208009e-005, 0.397715024, 0.917508997, 6.2929721e-006, -1.23392408e-005, -1.51003493e-006, 1, 0, 0, 0, 0, 0, 0, 0, 0.388480493, -0.134048975, -0.199456104, -0.218160902, 0.474903998, -0.852509974, -0.942504883, 0.123657227, 0.310058594, 0.252693056, 0.871249629, 0.420768867, 0, 0, -0, 0, 0, 0, 0, 0.453142139, -0.0814031738, -0.155686133, 0.252542637, 0.313766644, -0.91514152, 0.449707031, -0.875610352, -0.176147461, -0.856590497, -0.367040288, -0.362291445, 0, 1, 5, 1, 
297.650948, 28, 0.1, 0.1, 0.000416873286, 0.367401985, -0.0349665196, 0.917508902, -0.397715243, -6.66032419e-006, 0.397715243, 0.917508902, -1.35030329e-007, 6.16461035e-006, -2.52502092e-006, 1, 0.917508916, -0.397715211, -9.32631896e-006, 0.397715211, 0.917508916, -1.1606006e-005, 1.31728659e-005, 6.93939512e-006, 1, 0, 0, 0, 0, 0, 0, 0, 0.388480493, -0.134048975, -0.199456104, -0.218160902, 0.474903998, -0.852509974, -0.942504883, 0.123657227, 0.310058594, 0.252693056, 0.871249629, 0.420768867, 0, 0, -0, 0, 0, 0, 0, 0.453142139, -0.0814031738, -0.155686133, 0.252542637, 0.313766644, -0.91514152, 0.449707031, -0.875610352, -0.176147461, -0.856590497, -0.367040288, -0.362291445, 0, 1, 5, 1, 
297.651647, 28, 0.1, 0.1, 0.000416870744, 0.367401985, -0.034967708, 0.917508903, -0.397715241, -3.42130626e-006, 0.397715241, 0.917508903, -7.65744304e-006, 6.18456076e-006, 5.66506652e-006, 1, 0.917508896, -0.397715257, 8.64725091e-006, 0.397715257, 0.917508896, -6.14853893e-006, -5.48856189e-006, 9.08048279e-006, 1, 0, 0, 0, 0, 0, 0, 0, 0.388480493, -0.134048975, -0.199456104, -0.218160902, 0.474903998, -0.852509974, -0.942504883, 0.123657227, 0.310058594, 0.252693056, 0.871249629, 0.420768867, 0, 0, -0, 0, 0, 0, 0, 0.453142139, -0.0814031738, -0.155686133, 0.252542637, 0.313766644, -0.91514152, 0.449707031, -0.875610352, -0.176147461, -0.856590497, -0.367040288, -0.362291445, 0, 1, 5, 1, 
297.652341, 28, 0.1, 0.1, 0.000416871251, 0.367401985, -0.0349693525, 0.917508972, -0.397715081, 1.34346078e-005, 0.397715081, 0.917508972, -1.25686775e-006, -1.18264979e-005, 6.49633356e-006, 1, 0.917508959, -0.397715113, 7.49813992e-006, 0.397715113, 0.917508959, -1.30383801e-006, -6.36105447e-006, 4.17840662e-006, 1, 0, 0, 0, 0, 0, 0, 0, 0.388480493, -0.134048975, -0.199456104, -0.218160902, 0.474903998, -0.852509974, -0.942504883, 0.123657227, 0.310058594, 0.252693056, 0.871249629, 0.420768867, 0, 0, -0, 0, 0, 0, 0, 0.453142139, -0.0814031738, -0.155686133, 0.252542637, 0.313766644, -0.91514152, 0.449707031, -0.875610352, -0.176147461, -0.856590497, -0.367040288, -0.362291445, 0, 1, 5, 1, 
297.653039, 28, 0.1, 0.1, 0.00041687173, 0.367401984, -0.0349710081, 0.917509003, -0.39771501, -7.54525037e-006, 0.39771501, 0.917509003, -7.15944605e-006, 9.7702543e-006, 3.56799689e-006, 1, 0.917509004, -0.397715008, -1.09500454e-005, 0.397715008, 0.917509004, -2.00414939e-007, 1.01264732e-005, -4.17111487e-006, 1, 0, 0, 0, 0, 0, 0, 0, 0.388480493, -0.134048975, -0.199456104, -0.218160902, 0.474903998, -0.852509974, -0.942504883, 0.123657227, 0.310058594, 0.252693056, 0.871249629, 0.420768867, 0, 0, -0, 0, 0, 0, 0, 0.453142139, -0.0814031738, -0.155686133, 0.252542637, 0.313766644, -0.91514152, 0.449707031, -0.875610352, -0.176147461, -0.856590497, -0.367040288, -0.362291445, 0, 1, 5, 1, 
297.653731, 28, 0.1, 0.1, 0.000416869969, 0.367401983, -0.0349721521, 0.917508957, -0.397715116, 2.43715355e-006, 0.397715116, 0.917508957, 5.75241031e-006, -4.52393074e-006, -4.30859518e-006, 1, 0.91750897, -0.397715087, 6.5608127e-006, 0.397715086, 0.91750897, 1.02706665e-005, -1.01044035e-005, -6.81409444e-006, 1, 0, 0, 0, 0, 0, 0, 0, 0.388480493, -0.134048975, -0.199456104, -0.218160902, 0.474903998, -0.852509974, -0.942504883, 0.123657227, 0.310058594, 0.252693056, 0.871249629, 0.420768867, 0, 0, -0, 0, 0, 0, 0, 0.453142139, -0.0814031738, -0.155686133, 0.252542637, 0.313766644, -0.91514152, 0.449707031, -0.875610352, -0.176147461, -0.856590497, -0.367040288, -0.362291445, 0, 1, 5, 1, 
297.654459, 28, 0.1, 0.1, 0.000416871737, 0.367401984, -0.0349722719, 0.917508902, -0.397715242, 1.42999106e-006, 0.397715242, 0.917508902, 8.50579717e-006, -4.69491471e-006, -7.23541539e-006, 1, 0.917508907, -0.397715231, -6.86937052e-006, 0.397715231, 0.917508907, 2.77968949e-006, 5.19718379e-006, -5.28244315e-006, 1, 0, 0, 0, 0, 0, 0, 0, 0.388319116, -0.135442749, -0.199008765, -0.221333847, 0.473793804, -0.85239652, -0.941772461, 0.122802734, 0.312866211, 0.252948418, 0.872043426, 0.419144203, 0, 0, -0, 0, 0, 0, 0, 0.45312124, -0.0825931152, -0.155699805, 0.24904751, 0.313216872, -0.916323086, 0.450561523, -0.875, -0.176635742, -0.857203335, -0.36881647, -0.359224322, 0, 1, 5, 1, 
297.655156, 28, 0.1, 0.1, 0.000416871287, 0.367401984, -0.034971435, 0.917508925, -0.397715191, -1.29135652e-005, 0.397715191, 0.917508925, -1.24482367e-006, 1.23433966e-005, -3.99378423e-006, 1, 0.917508913, -0.397715218, -5.57382899e-006, 0.397715218, 0.917508913, -6.20351624e-006, 7.58127059e-006, 3.47498483e-006, 1, 0, 0, 0, 0, 0, 0, 0, 0.388319116, -0.135442749, -0.199008765, -0.221333847, 0.473793804, -0.85239652, -0.941772461, 0.122802734, 0.312866211, 0.252948418, 0.872043426, 0.419144203, 0, 0, -0, 0, 0, 0, 0, 0.45312124, -0.0825931152, -0.155699805, 0.24904751, 0.313216872, -0.916323086, 0.450561523, -0.875, -0.176635742, -0.857203335, -0.36881647, -0.359224322, 0, 1, 5, 1, 
297.655848, 28, 0.1, 0.1, 0.000416870347, 0.367401984, -0.0349701409, 0.91750899, -0.397715041, 1.11211441e-005, 0.397715041, 0.91750899, -1.27396805e-007, -1.01530821e-005, 4.53993399e-006, 1, 0.917508978, -0.397715067, 1.25572322e-005, 0.397715067, 0.917508978, -2.45777971e-006, -1.05438772e-005, 7.24923539e-006, 1, 0, 0, 0, 0, 0, 0, 0, 0.388319116, -0.135442749, -0.199008765, -0.221333847, 0.473793804, -0.85239652, -0.941772461, 0.122802734, 0.312866211, 0.252948418, 0.872043426, 0.419144203, 0, 0, -0, 0, 0, 0, 0, 0.45312124, -0.0825931152, -0.155699805, 0.24904751, 0.313216872, -0.916323086, 0.450561523, -0.875, -0.176635742, -0.857203335, -0.36881647, -0.359224322, 0, 1, 5, 1, 
297.656557, 28, 0.1, 0.1, 0.000416871959, 0.367401985, -0.0349687114, 0.917509001, -0.397715014, -3.08478655e-007, 0.397715014, 0.917509001, -9.45975846e-006, 4.04531991e-006, 8.55672694e-006, 1, 0.917509007, -0.397715002, -7.90239287e-006, 0.397715002, 0.917509007, -9.65398616e-006, 1.10900518e-005, 5.71471906e-006, 1, 0, 0, 0, 0, 0, 0, 0, 0.388319116, -0.135442749, -0.199008765, -0.2230158, 0.473229158, -0.852231769, -0.94152832, 0.121826172, 0.314086914, 0.252473261, 0.872380041, 0.418623741, 0, 0, -0, 0, 0, 0, 0, 0.45312124, -0.0825931152, -0.155699805, 0.24904751, 0.313216872, -0.916323086, 0.450561523, -0.875, -0.176635742, -0.857203335, -0.36881647, -0.359224322, 0, 1, 5, 1, 
297.657269, 28, 0.1, 0.1, 0.000416869282, 0.367401983, -0.0349673561, 0.917508931, -0.397715178, -2.72766908e-006, 0.397715177, 0.91750893, -6.92333839e-006, 5.2561775e-006, 5.26738941e-006, 1, 0.917508947, -0.397715139, 5.01791557e-006, 0.397715139, 0.917508947, 5.84684605e-006, -6.92936162e-006, -3.36883257e-006, 1, 0, 0, 0, 0, 0, 0, 0, 0.388231714, -0.136140308, -0.198332202, -0.2230158, 0.473229158, -0.852231769, -0.94152832, 0.121826172, 0.314086914, 0.252473261, 0.872380041, 0.418623741, 0, 0, -0, 0, 0, 0, 0, 0.452750293, -0.083266748, -0.155477539, 0.246849522, 0.313612793, -0.916865929, 0.451660156, -0.874267578, -0.177490234, -0.85731161, -0.370247769, -0.357562979, 0, 1, 5, 1, 
297.658034, 28, 0.1, 0.1, 0.000416869014, 0.367401983, -0.0349664991, 0.917508883, -0.397715287, 1.28715082e-005, 0.397715287, 0.917508883, 8.86278463e-006, -1.5334588e-005, -3.01248806e-006, 1, 0.917508884, -0.397715285, 4.49247504e-006, 0.397715285, 0.917508884, 9.98526504e-006, -8.09317829e-006, -7.3748434e-006, 1, 0, 0, 0, 0, 0, 0, 0, 0.388231714, -0.136140308, -0.198332202, -0.2230158, 0.473229158, -0.852231769, -0.94152832, 0.121826172, 0.314086914, 0.252473261, 0.872380041, 0.418623741, 0, 0, -0, 0, 0, 0, 0, 0.452750293, -0.083266748, -0.155477539, 0.246849522, 0.313612793, -0.916865929, 0.451660156, -0.874267578, -0.177490234, -0.85731161, -0.370247769, -0.357562979, 0, 1, 5, 1, 
297.658739, 28, 0.1, 0.1, 0.00041686913, 0.367401984, -0.0349658973, 0.917508934, -0.397715169, -1.43384928e-005, 0.397715169, 0.917508934, 1.76039553e-006, 1.24555593e-005, -7.31781472e-006, 1, 0.917508917, -0.397715207, -1.3244746e-005, 0.397715207, 0.917508918, -1.2878564e-006, 1.26643726e-005, -4.08601717e-006, 1, 0, 0, 0, 0, 0, 0, 0, 0.388231714, -0.136140308, -0.198332202, -0.2230158, 0.473229158, -0.852231769, -0.94152832, 0.121826172, 0.314086914, 0.252473261, 0.872380041, 0.418623741, 0, 0, -0, 0, 0, 0, 0, 0.452750293, -0.083266748, -0.155477539, 0.246849522, 0.313612793, -0.916865929, 0.451660156, -0.874267578, -0.177490234, -0.85731161, -0.370247769, -0.357562979, 0, 1, 5, 1, 
297.659472, 28, 0.1, 0.1, 0.000416866462, 0.367401983, -0.0349659636, 0.917509023, -0.397714963, 3.28233067e-006, 0.397714963, 0.917509023, 6.85740164e-006, -5.73885925e-006, -4.98629586e-006, 1, 0.917509009, -0.397714997, 1.35292921e-005, 0.397714997, 0.917509009, 1.153463e-006, -1.28719969e-005, 4.32248965e-006, 1, 0, 0, 0, 0, 0, 0, 0, 0.388231714, -0.136140308, -0.198332202, -0.2230158, 0.473229158, -0.852231769, -0.94152832, 0.121826172, 0.314086914, 0.252473261, 0.872380041, 0.418623741, 0, 0, -0, 0, 0, 0, 0, 0.452750293, -0.083266748, -0.155477539, 0.246849522, 0.313612793, -0.916865929, 0.451660156, -0.874267578, -0.177490234, -0.85731161, -0.370247769, -0.357562979, 0, 1, 5, 1, 
297.660172, 28, 0.1, 0.1, 0.000416868694, 0.367401984, -0.0349670556, 0.917509025, -0.397714958, 5.28335848e-006, 0.397714958, 0.917509025, -1.89359404e-006, -4.09441842e-006, 3.83866032e-006, 1, 0.917509032, -0.397714943, -4.2535939e-006, 0.397714943, 0.917509032, -9.50515657e-006, 7.68305362e-006, 7.02934915e-006, 1, 0, 0, 0, 0, 0, 0, 0, 0.388231714, -0.136140308, -0.198332202, -0.2230158, 0.473229158, -0.852231769, -0.94152832, 0.121826172, 0.314086914, 0.252473261, 0.872380041, 0.418623741, 0, 0, -0, 0, 0, 0, 0, 0.452750293, -0.083266748, -0.155477539, 0.246849522, 0.313612793, -0.916865929, 0.451660156, -0.874267578, -0.177490234, -0.85731161, -0.370247769, -0.357562979, 0, 1, 5, 1, 
297.660871, 28, 0.1, 0.1, 0.000416868808, 0.367401984, -0.0349687992, 0.917508958, -0.397715115, -1.06493739e-005, 0.397715115, 0.917508958, -1.17033168e-005, 1.4425482e-005, 6.50248105e-006, 1, 0.917508971, -0.397715084, -6.66340801e-006, 0.397715084, 0.917508971, -6.89378953e-006, 8.8555007e-006, 3.67497586e-006, 1, 0, 0, 0, 0, 0, 0, 0, 0.388231714, -0.136140308, -0.198332202, -0.2230158, 0.473229158, -0.852231769, -0.94152832, 0.121826172, 0.314086914, 0.252473261, 0.872380041, 0.418623741, 0, 0, -0, 0, 0, 0, 0, 0.452750293, -0.083266748, -0.155477539, 0.246849522, 0.313612793, -0.916865929, 0.451660156, -0.874267578, -0.177490234, -0.85731161, -0.370247769, -0.357562979, 0, 1, 5, 1, 
297.661597, 28, 0.1, 0.1, 0.000416868588, 0.367401983, -0.034970535, 0.917508928, -0.397715182, 1.09442977e-005, 0.397715182, 0.917508928, -1.5086578e-006, -9.44147477e-006, 5.73692037e-006, 1, 0.917508926, -0.397715187, 7.5833768e-006, 0.397715187, 0.917508926, 6.74066746e-006, -9.63868173e-006, -3.16859845e-006, 1, 0, 0, 0, 0, 0, 0, 0, 0.387866748, -0.136796484, -0.198061475, -0.225807947, 0.473489389, -0.851286325, -0.940673828, 0.120727539, 0.316772461, 0.252791902, 0.872462416, 0.418350406, 0, 0, -0, 0, 0, 0, 0, 0.452750293, -0.083266748, -0.155477539, 0.244140407, 0.313465506, -0.917593972, 0.453125, -0.873413086, -0.177856445, -0.857228122, -0.372349876, -0.355307388, 0, 1, 5, 1, 
297.662297, 28, 0.1, 0.1, 0.000416869946, 0.367401985, -0.0349715922, 0.917508982, -0.39771506, -4.41191458e-006, 0.39771506, 0.917508982, -5.27053942e-007, 4.25758854e-006, -1.27110815e-006, 1, 0.917508967, -0.397715093, -1.09386323e-005, 0.397715093, 0.917508967, -3.67711744e-007, 1.01825377e-005, -4.01308032e-006, 1, 0, 0, 0, 0, 0, 0, 0, 0.387866748, -0.136796484, -0.198061475, -0.225807947, 0.473489389, -0.851286325, -0.940673828, 0.120727539, 0.316772461, 0.252791902, 0.872462416, 0.418350406, 0, 0, -0, 0, 0, 0, 0, 0.452126318, -0.0837671875, -0.155031787, 0.244140407, 0.313465506, -0.917593972, 0.453125, -0.873413086, -0.177856445, -0.857228122, -0.372349876, -0.355307388, 0, 1, 5, 1, 
297.662997, 28, 0.1, 0.1, 0.000416867122, 0.367401985, -0.0349719478, 0.917509041, -0.397714923, -4.71475023e-006, 0.397714923, 0.917509041, 1.38012912e-006, 3.77692802e-006, -3.14140748e-006, 1, 0.917509034, -0.397714938, 5.46762814e-006, 0.397714938, 0.917509034, 3.47471114e-006, -6.39854274e-006, -1.01352148e-006, 1, 0, 0, 0, 0, 0, 0, 0, 0.387866748, -0.136796484, -0.198061475, -0.225807947, 0.473489389, -0.851286325, -0.940673828, 0.120727539, 0.316772461, 0.252791902, 0.872462416, 0.418350406, 0, 0, -0, 0, 0, 0, 0, 0.452126318, -0.0837671875, -0.155031787, 0.244140407, 0.313465506, -0.917593972, 0.453125, -0.873413086, -0.177856445, -0.857228122, -0.372349876, -0.355307388, 0, 1, 5, 1, 
297.663692, 28, 0.1, 0.1, 0.000416866262, 0.367401986, -0.0349715867, 0.917509025, -0.39771496, 1.10663692e-005, 0.39771496, 0.917509025, 6.09446729e-006, -1.25773545e-005, -1.19046815e-006, 1, 0.917509035, -0.397714936, 9.86308501e-006, 0.397714936, 0.917509035, -2.85975323e-006, -7.91210305e-006, 6.54654565e-006, 1, 0, 0, 0, 0, 0, 0, 0, 0.387866748, -0.136796484, -0.198061475, -0.225807947, 0.473489389, -0.851286325, -0.940673828, 0.120727539, 0.316772461, 0.252791902, 0.872462416, 0.418350406, 0, 0, -0, 0, 0, 0, 0, 0.452126318, -0.0837671875, -0.155031787, 0.244140407, 0.313465506, -0.917593972, 0.453125, -0.873413086, -0.177856445, -0.857228122, -0.372349876, -0.355307388, 0, 1, 5, 1, 
297.664394, 28, 0.1, 0.1, 0.00041686618, 0.367401987, -0.0349706469, 0.917508965, -0.397715099, -7.32660147e-006, 0.397715098, 0.917508965, -8.89902791e-006, 1.02615003e-005, 5.25103786e-006, 1, 0.917508975, -0.397715074, -6.28770704e-006, 0.397715074, 0.917508975, -1.19197681e-005, 1.05096991e-005, 8.43577835e-006, 1, 0, 0, 0, 0, 0, 0, 0, 0.387866748, -0.136796484, -0.198061475, -0.225807947, 0.473489389, -0.851286325, -0.940673828, 0.120727539, 0.316772461, 0.252791902, 0.872462416, 0.418350406, 0, 0, -0, 0, 0, 0, 0, 0.452126318, -0.0837671875, -0.155031787, 0.244140407, 0.313465506, -0.917593972, 0.453125, -0.873413086, -0.177856445, -0.857228122, -0.372349876, -0.355307388, 0, 1, 5, 1, 
297.665094, 28, 0.1, 0.1, 0.000416864291, 0.367401986, -0.0349694081, 0.917508959, -0.397715112, 6.29000901e-006, 0.397715112, 0.917508959, -5.1729159e-006, -3.71379279e-006, 7.24782832e-006, 1, 0.917508953, -0.397715125, 1.13211917e-005, 0.397715125, 0.917508953, -5.9950248e-007, -1.01488635e-005, 5.05265806e-006, 1, 0, 0, 0, 0, 0, 0, 0, 0.387866748, -0.136796484, -0.198061475, -0.225807947, 0.473489389, -0.851286325, -0.940673828, 0.120727539, 0.316772461, 0.252791902, 0.872462416, 0.418350406, 0, 0, -0, 0, 0, 0, 0, 0.452126318, -0.0837671875, -0.155031787, 0.244140407, 0.313465506, -0.917593972, 0.453125, -0.873413086, -0.177856445, -0.857228122, -0.372349876, -0.355307388, 0, 1, 5, 1, 
297.665791, 28, 0.1, 0.1, 0.000416866755, 0.367401986, -0.0349682767, 0.917509029, -0.397714949, 5.93482878e-006, 0.397714949, 0.91750903, -5.51872041e-007, -5.22577123e-006, 2.86671771e-006, 1, 0.917509012, -0.397714989, -8.28168167e-006, 0.397714989, 0.917509012, 2.28376955e-006, 6.69022819e-006, -5.38912808e-006, 1, 0, 0, 0, 0, 0, 0, 0, 0.387866748, -0.136796484, -0.198061475, -0.225807947, 0.473489389, -0.851286325, -0.940673828, 0.120727539, 0.316772461, 0.252791902, 0.872462416, 0.418350406, 0, 0, -0, 0, 0, 0, 0, 0.452126318, -0.0837671875, -0.155031787, 0.244140407, 0.313465506, -0.917593972, 0.453125, -0.873413086, -0.177856445, -0.857228122, -0.372349876, -0.355307388, 0, 1, 5, 1, 
297.666535, 28, 0.1, 0.1, 0.000416866699, 0.367401985, -0.0349671129, 0.917509082, -0.397714828, -1.57830365e-005, 0.397714828, 0.917509082, 6.045369e-007, 1.42406461e-005, -6.83181575e-006, 1, 0.91750908, -0.397714832, -1.21331618e-005, 0.397714832, 0.91750908, 6.01414963e-006, 8.74036963e-006, -1.03435753e-005, 1, 0, 0, 0, 0, 0, 0, 0, 0.387570996, -0.137521875, -0.197405176, -0.227210572, 0.472360099, -0.851477285, -0.940429687, 0.120239258, 0.317749023, 0.252519688, 0.873135646, 0.417144731, 0, 0, -0, 0, 0, 0, 0, 0.451881836, -0.0843623535, -0.154170068, 0.243565482, 0.31200832, -0.918277539, 0.454956055, -0.872802734, -0.17590332, -0.85642935, -0.374835144, -0.354642777, 0, 1, 5, 1, 
297.667234, 28, 0.1, 0.1, 0.000416866025, 0.367401984, -0.0349666382, 0.917509038, -0.397714931, 7.26940833e-006, 0.39771493, 0.917509038, 1.28896185e-005, -1.17961415e-005, -8.9351892e-006, 1, 0.917509052, -0.397714896, 8.58014894e-006, 0.397714896, 0.917509052, 1.07163782e-005, -1.21344276e-005, -6.41992095e-006, 1, 0, 0, 0, 0, 0, 0, 0, 0.387570996, -0.137521875, -0.197405176, -0.227210572, 0.472360099, -0.851477285, -0.940429687, 0.120239258, 0.317749023, 0.252519688, 0.873135646, 0.417144731, 0, 0, -0, 0, 0, 0, 0, 0.451881836, -0.0843623535, -0.154170068, 0.243565482, 0.31200832, -0.918277539, 0.454956055, -0.872802734, -0.17590332, -0.85642935, -0.374835144, -0.354642777, 0, 1, 5, 1, 
297.667936, 28, 0.1, 0.1, 0.000416867664, 0.367401985, -0.0349670214, 0.917508962, -0.397715104, -6.20991393e-006, 0.397715104, 0.917508962, 1.73415107e-006, 5.00795361e-006, -4.06087571e-006, 1, 0.917508975, -0.397715074, -9.09474546e-006, 0.397715074, 0.917508975, -8.7120345e-006, 1.1809418e-005, 4.37625248e-006, 1, 0, 0, 0, 0, 0, 0, 0, 0.387570996, -0.137521875, -0.197405176, -0.227210572, 0.472360099, -0.851477285, -0.940429687, 0.120239258, 0.317749023, 0.252519688, 0.873135646, 0.417144731, 0, 0, -0, 0, 0, 0, 0, 0.451881836, -0.0843623535, -0.154170068, 0.243565482, 0.31200832, -0.918277539, 0.454956055, -0.872802734, -0.17590332, -0.85642935, -0.374835144, -0.354642777, 0, 1, 5, 1, 
297.668632, 28, 0.1, 0.1, 0.000416864859, 0.367401985, -0.0349680968, 0.917508964, -0.3977151, -1.85217367e-006, 0.3977151, 0.917508964, -7.49833679e-006, 4.68158772e-006, 6.14315378e-006, 1, 0.917508957, -0.397715117, 9.88826711e-006, 0.397715117, 0.917508957, -5.66051273e-006, -6.82130216e-006, 9.12628444e-006, 1, 0, 0, 0, 0, 0, 0, 0, 0.387570996, -0.137521875, -0.197405176, -0.227210572, 0.472360099, -0.851477285, -0.940429687, 0.120239258, 0.317749023, 0.252519688, 0.873135646, 0.417144731, 0, 0, -0, 0, 0, 0, 0, 0.451881836, -0.0843623535, -0.154170068, 0.243565482, 0.31200832, -0.918277539, 0.454956055, -0.872802734, -0.17590332, -0.85642935, -0.374835144, -0.354642777, 0, 1, 5, 1, 
297.669345, 28, 0.1, 0.1, 0.000416864704, 0.367401985, -0.0349694455, 0.917509036, -0.397714934, 1.57586509e-005, 0.397714934, 0.917509036, -2.60615541e-006, -1.34221977e-005, 8.65862197e-006, 1, 0.917509022, -0.397714967, 9.90054891e-006, 0.397714967, 0.917509022, -2.38120959e-006, -8.13680026e-006, 6.12237776e-006, 1, 0, 0, 0, 0, 0, 0, 0, 0.387570996, -0.137521875, -0.197405176, -0.227210572, 0.472360099, -0.851477285, -0.940429687, 0.120239258, 0.317749023, 0.252519688, 0.873135646, 0.417144731, 0, 0, -0, 0, 0, 0, 0, 0.452082373, -0.0847064453, -0.153295166, 0.242818116, 0.311260221, -0.918692783, 0.457885742, -0.871582031, -0.174316406, -0.855157731, -0.378227825, -0.35419545, 0, 1, 5, 1, 
297.670043, 28, 0.1, 0.1, 0.000416864685, 0.367401985, -0.0349706288, 0.917509068, -0.397714859, -6.36603312e-006, 0.397714859, 0.917509068, -9.69523038e-006, 9.6968303e-006, 6.36359583e-006, 1, 0.917509069, -0.397714858, -9.62197599e-006, 0.397714858, 0.917509069, -2.48219318e-006, 9.81545535e-006, -1.54936806e-006, 1, 0, 0, 0, 0, 0, 0, 0, 0.387570996, -0.137521875, -0.197405176, -0.227210572, 0.472360099, -0.851477285, -0.940429687, 0.120239258, 0.317749023, 0.252519688, 0.873135646, 0.417144731, 0, 0, -0, 0, 0, 0, 0, 0.452082373, -0.0847064453, -0.153295166, 0.242818116, 0.311260221, -0.918692783, 0.457885742, -0.871582031, -0.174316406, -0.855157731, -0.378227825, -0.35419545, 0, 1, 5, 1, 
297.670741, 28, 0.1, 0.1, 0.000416862684, 0.367401985, -0.0349714136, 0.917509022, -0.397714967, 2.73036912e-006, 0.397714967, 0.917509022, 3.11879582e-006, -3.74553008e-006, -1.77561464e-006, 1, 0.917509035, -0.397714937, 7.23279104e-006, 0.397714937, 0.917509035, 7.88567899e-006, -9.77240345e-006, -4.35859269e-006, 1, 0, 0, 0, 0, 0, 0, 0, 0.387570996, -0.137521875, -0.197405176, -0.227210572, 0.472360099, -0.851477285, -0.940429687, 0.120239258, 0.317749023, 0.252519688, 0.873135646, 0.417144731, 0, 0, -0, 0, 0, 0, 0, 0.452082373, -0.0847064453, -0.153295166, 0.242818116, 0.311260221, -0.918692783, 0.457885742, -0.871582031, -0.174316406, -0.855157731, -0.378227825, -0.35419545, 0, 1, 5, 1, 
297.671455, 28, 0.1, 0.1, 0.000416864562, 0.367401987, -0.0349714695, 0.917508967, -0.397715094, 1.32534207e-006, 0.397715094, 0.917508967, 5.76664185e-006, -3.50949374e-006, -4.76383706e-006, 1, 0.917508972, -0.397715082, -7.34384001e-006, 0.397715082, 0.917508972, -4.73973206e-007, 6.92654539e-006, -2.48588127e-006, 1, 0, 0, 0, 0, 0, 0, 0, 0.387682544, -0.138010474, -0.196960645, -0.229305524, 0.47149104, -0.851471294, -0.940429687, 0.118286133, 0.318725586, 0.250997617, 0.873891251, 0.416402231, 0, 0, -0, 0, 0, 0, 0, 0.452082373, -0.0847064453, -0.153295166, 0.242818116, 0.311260221, -0.918692783, 0.457885742, -0.871582031, -0.174316406, -0.855157731, -0.378227825, -0.35419545, 0, 1, 5, 1, 
297.672153, 28, 0.1, 0.1, 0.00041686413, 0.367401987, -0.0349708689, 0.91750899, -0.397715041, -1.29322029e-005, 0.397715041, 0.91750899, -2.85598373e-006, 1.30012801e-005, -2.52294085e-006, 1, 0.917508978, -0.397715068, -5.55016585e-006, 0.397715068, 0.917508978, -8.17931513e-006, 8.34536387e-006, 5.29721047e-006, 1, 0, 0, 0, 0, 0, 0, 0, 0.387682544, -0.138010474, -0.196960645, -0.229305524, 0.47149104, -0.851471294, -0.940429687, 0.118286133, 0.318725586, 0.250997617, 0.873891251, 0.416402231, 0, 0, -0, 0, 0, 0, 0, 0.452082373, -0.0847064453, -0.153295166, 0.242818116, 0.311260221, -0.918692783, 0.457885742, -0.871582031, -0.174316406, -0.855157731, -0.378227825, -0.35419545, 0, 1, 5, 1, 
297.672851, 28, 0.1, 0.1, 0.000416863152, 0.367401988, -0.034969921, 0.917509057, -0.397714885, 1.16991548e-005, 0.397714885, 0.917509057, 2.22208606e-007, -1.08224561e-005, 4.44904958e-006, 1, 0.917509045, -0.397714913, 1.30780267e-005, 0.397714913, 0.917509045, -2.59799066e-006, -1.09659481e-005, 7.58500616e-006, 1, 0, 0, 0, 0, 0, 0, 0, 0.387682544, -0.138010474, -0.196960645, -0.229305524, 0.47149104, -0.851471294, -0.940429687, 0.118286133, 0.318725586, 0.250997617, 0.873891251, 0.416402231, 0, 0, -0, 0, 0, 0, 0, 0.452082373, -0.0847064453, -0.153295166, 0.242818116, 0.311260221, -0.918692783, 0.457885742, -0.871582031, -0.174316406, -0.855157731, -0.378227825, -0.35419545, 0, 1, 5, 1, 
297.673553, 28, 0.1, 0.1, 0.000416864734, 0.367401988, -0.0349688879, 0.917509068, -0.39771486, -5.89065063e-007, 0.39771486, 0.917509068, -8.11058008e-006, 3.76617076e-006, 7.20725085e-006, 1, 0.917509073, -0.397714849, -7.49006713e-006, 0.397714849, 0.917509073, -8.39066017e-006, 1.02092947e-005, 4.71959592e-006, 1, 0, 0, 0, 0, 0, 0, 0, 0.387682544, -0.138010474, -0.196960645, -0.229305524, 0.47149104, -0.851471294, -0.940429687, 0.118286133, 0.318725586, 0.250997617, 0.873891251, 0.416402231, 0, 0, -0, 0, 0, 0, 0, 0.452082373, -0.0847064453, -0.153295166, 0.242818116, 0.311260221, -0.918692783, 0.457885742, -0.871582031, -0.174316406, -0.855157731, -0.378227825, -0.35419545, 0, 1, 5, 1, 
297.674304, 28, 0.1, 0.1, 0.000416862124, 0.367401986, -0.0349675277, 0.917508992, -0.397715037, -3.5103004e-006, 0.397715037, 0.917508992, -4.50672195e-006, 5.01312327e-006, 2.73885866e-006, 1, 0.917509009, -0.397714997, 4.32757669e-006, 0.397714997, 0.917509009, 8.34393165e-006, -7.28909735e-006, -5.93449031e-006, 1, 0, 0, 0, 0, 0, 0, 0, 0.387791895, -0.138655786, -0.197360376, -0.231533026, 0.471973309, -0.850570034, -0.939819336, 0.116943359, 0.320678711, 0.250979643, 0.873814867, 0.416630261, 0, 0, -0, 0, 0, 0, 0, 0.452154736, -0.085122168, -0.153732861, 0.240460446, 0.312314189, -0.918941783, 0.459594727, -0.870483398, -0.175537109, -0.854914561, -0.380080932, -0.352994194, 0, 1, 5, 1, 
297.675012, 28, 0.1, 0.1, 0.000416862822, 0.367401985, -0.0349666465, 0.917508938, -0.397715159, 9.64711351e-006, 0.397715159, 0.917508939, 9.83025324e-006, -1.27609536e-005, -5.18254193e-006, 1, 0.917508941, -0.397715152, 3.00603593e-006, 0.397715152, 0.917508941, 1.10321573e-005, -7.14572097e-006, -8.92655693e-006, 1, 0, 0, 0, 0, 0, 0, 0, 0.387791895, -0.138655786, -0.197360376, -0.231533026, 0.471973309, -0.850570034, -0.939819336, 0.116943359, 0.320678711, 0.250979643, 0.873814867, 0.416630261, 0, 0, -0, 0, 0, 0, 0, 0.452154736, -0.085122168, -0.153732861, 0.240460446, 0.312314189, -0.918941783, 0.459594727, -0.870483398, -0.175537109, -0.854914561, -0.380080932, -0.352994194, 0, 1, 5, 1, 
297.675707, 28, 0.1, 0.1, 0.000416863569, 0.367401985, -0.0349666731, 0.917508979, -0.397715066, -1.4518771e-005, 0.397715066, 0.917508979, 1.35653381e-006, 1.27815888e-005, -7.01896592e-006, 1, 0.917508965, -0.397715099, -1.38645239e-005, 0.397715099, 0.917508965, -1.24036791e-006, 1.3214138e-005, -4.37608182e-006, 1, 0, 0, 0, 0, 0, 0, 0, 0.387791895, -0.138655786, -0.197360376, -0.231533026, 0.471973309, -0.850570034, -0.939819336, 0.116943359, 0.320678711, 0.250979643, 0.873814867, 0.416630261, 0, 0, -0, 0, 0, 0, 0, 0.452154736, -0.085122168, -0.153732861, 0.240460446, 0.312314189, -0.918941783, 0.459594727, -0.870483398, -0.175537109, -0.854914561, -0.380080932, -0.352994194, 0, 1, 5, 1, 
297.676405, 28, 0.1, 0.1, 0.000416861277, 0.367401985, -0.0349675551, 0.91750905, -0.397714901, 3.5499884e-006, 0.397714901, 0.91750905, 4.89675949e-006, -5.2046607e-006, -3.08093786e-006, 1, 0.917509038, -0.397714928, 1.2691594e-005, 0.397714929, 0.917509038, -2.90714253e-007, -1.15290308e-005, 5.31436936e-006, 1, 0, 0, 0, 0, 0, 0, 0, 0.387791895, -0.138655786, -0.197360376, -0.231533026, 0.471973309, -0.850570034, -0.939819336, 0.116943359, 0.320678711, 0.250979643, 0.873814867, 0.416630261, 0, 0, -0, 0, 0, 0, 0, 0.452154736, -0.085122168, -0.153732861, 0.240460446, 0.312314189, -0.918941783, 0.459594727, -0.870483398, -0.175537109, -0.854914561, -0.380080932, -0.352994194, 0, 1, 5, 1, 
297.677103, 28, 0.1, 0.1, 0.000416862793, 0.367401987, -0.034968975, 0.917509047, -0.397714909, 7.43700785e-006, 0.397714909, 0.917509047, -3.01650831e-006, -5.62381165e-006, 5.72548256e-006, 1, 0.917509054, -0.397714892, -1.73964823e-006, 0.397714892, 0.917509054, -1.038493e-005, 5.7263843e-006, 8.83638325e-006, 1, 0, 0, 0, 0, 0, 0, 0, 0.387791895, -0.138655786, -0.197360376, -0.231533026, 0.471973309, -0.850570034, -0.939819336, 0.116943359, 0.320678711, 0.250979643, 0.873814867, 0.416630261, 0, 0, -0, 0, 0, 0, 0, 0.452154736, -0.085122168, -0.153732861, 0.240460446, 0.312314189, -0.918941783, 0.459594727, -0.870483398, -0.175537109, -0.854914561, -0.380080932, -0.352994194, 0, 1, 5, 1, 
297.677797, 28, 0.1, 0.1, 0.000416861972, 0.367401986, -0.0349704706, 0.917508977, -0.39771507, -7.25011514e-006, 0.39771507, 0.917508977, -1.0476428e-005, 1.0818679e-005, 6.72873673e-006, 1, 0.917508991, -0.397715039, -3.43324198e-006, 0.397715039, 0.917508991, -6.35430801e-006, 5.67723424e-006, 4.46468277e-006, 1, 0, 0, 0, 0, 0, 0, 0, 0.387791895, -0.138655786, -0.197360376, -0.231533026, 0.471973309, -0.850570034, -0.939819336, 0.116943359, 0.320678711, 0.250979643, 0.873814867, 0.416630261, 0, 0, -0, 0, 0, 0, 0, 0.452154736, -0.085122168, -0.153732861, 0.240460446, 0.312314189, -0.918941783, 0.459594727, -0.870483398, -0.175537109, -0.854914561, -0.380080932, -0.352994194, 0, 1, 5, 1, 
297.678507, 28, 0.1, 0.1, 0.000416861144, 0.367401986, -0.0349716182, 0.917508945, -0.397715145, 1.15746186e-005, 0.397715145, 0.917508945, -4.28511656e-008, -1.06027735e-005, 4.64271743e-006, 1, 0.917508944, -0.397715146, 8.62138002e-006, 0.397715146, 0.917508944, 7.68513475e-006, -1.09666878e-005, -3.62232646e-006, 1, 0, 0, 0, 0, 0, 0, 0, 0.387791895, -0.138655786, -0.197360376, -0.232795988, 0.471630703, -0.850506755, -0.939575195, 0.116455078, 0.321777344, 0.250808901, 0.873992723, 0.416249463, 0, 0, -0, 0, 0, 0, 0, 0.452154736, -0.085122168, -0.153732861, 0.240460446, 0.312314189, -0.918941783, 0.459594727, -0.870483398, -0.175537109, -0.854914561, -0.380080932, -0.352994194, 0, 1, 5, 1, 
297.679218, 28, 0.1, 0.1, 0.000416862566, 0.367401986, -0.0349717843, 0.917508992, -0.397715036, -4.84384544e-006, 0.397715036, 0.917508992, 1.64990959e-006, 3.7880779e-006, -3.44027704e-006, 1, 0.917508979, -0.397715065, -1.11352881e-005, 0.397715066, 0.917508979, 1.67694505e-006, 9.54978049e-006, -5.96728397e-006, 1, 0, 0, 0, 0, 0, 0, 0, 0.388173315, -0.13934248, -0.197358301, -0.232795988, 0.471630703, -0.850506755, -0.939575195, 0.116455078, 0.321777344, 0.250808901, 0.873992723, 0.416249463, 0, 0, -0, 0, 0, 0, 0, 0.452261523, -0.0862664551, -0.154178613, 0.238946025, 0.311790303, -0.919497385, 0.458862305, -0.870849609, -0.176025391, -0.855687447, -0.379767767, -0.35121145, 0, 1, 5, 1, 
297.67992, 28, 0.1, 0.1, 0.000416860207, 0.367401985, -0.0349712576, 0.917509046, -0.397714912, -6.58287969e-006, 0.397714912, 0.917509046, 4.03115089e-006, 4.43660284e-006, -6.31672682e-006, 1, 0.917509041, -0.397714923, 4.13458423e-006, 0.397714923, 0.917509041, 6.18834651e-006, -6.25471617e-006, -4.03347802e-006, 1, 0, 0, 0, 0, 0, 0, 0, 0.388173315, -0.13934248, -0.197358301, -0.232795988, 0.471630703, -0.850506755, -0.939575195, 0.116455078, 0.321777344, 0.250808901, 0.873992723, 0.416249463, 0, 0, -0, 0, 0, 0, 0, 0.452261523, -0.0862664551, -0.154178613, 0.238946025, 0.311790303, -0.919497385, 0.458862305, -0.870849609, -0.176025391, -0.855687447, -0.379767767, -0.35121145, 0, 1, 5, 1, 
297.680619, 28, 0.1, 0.1, 0.000416860014, 0.367401986, -0.0349702146, 0.917509022, -0.397714967, 9.71117633e-006, 0.397714967, 0.917509022, 8.43931655e-006, -1.22665344e-005, -3.8808689e-006, 1, 0.917509034, -0.397714939, 8.46789542e-006, 0.397714939, 0.917509034, -8.48985532e-007, -7.43171632e-006, 4.14676041e-006, 1, 0, 0, 0, 0, 0, 0, 0, 0.388173315, -0.13934248, -0.197358301, -0.232795988, 0.471630703, -0.850506755, -0.939575195, 0.116455078, 0.321777344, 0.250808901, 0.873992723, 0.416249463, 0, 0, -0, 0, 0, 0, 0, 0.452261523, -0.0862664551, -0.154178613, 0.238946025, 0.311790303, -0.919497385, 0.458862305, -0.870849609, -0.176025391, -0.855687447, -0.379767767, -0.35121145, 0, 1, 5, 1, 
