time, trialNum, realDorsalTactorPos, realVentralTactorPos, boxPosX, boxPosY, boxPosZ, boxLocalRot_11, boxLocalRot_12, boxLocalRot_13, boxLocalRot_21, boxLocalRot_22, boxLocalRot_23, boxLocalRot_31, boxLocalRot_32, boxLocalRot_33, boxGlobalRot_11, boxGlobalRot_12, boxGlobalRot_13, boxGlobalRot_21, boxGlobalRot_22, boxGlobalRot_23, boxGlobalRot_31, boxGlobalRot_32, boxGlobalRot_33, indexForceX, indexForceY, indexForceZ, indexForceGlobalX, indexForceGlobalY, indexForceGlobalZ, indexContact, indexPosX, indexPosY, indexPosZ, indexRot_11, indexRot_12, indexRot_13, indexRot_21, indexRot_22, indexRot_23, indexRot_31, indexRot_32, indexRot_33, thumbForceX, thumbForceY, thumbForceZ, thumbForceGlobalX, thumbForceGlobalY, thumbForceGlobalZ, thumbContact, thumbPosX, thumbPosY, thumbPosZ, thumbRot_11, thumbRot_12, thumbRot_13, thumbRot_21, thumbRot_22, thumbRot_23, thumbRot_31, thumbRot_32, thumbRot_33, manipForceTooHigh, cceExpType, mapping, trialSuccess, 
200.149664, 21, 0.1, 0.1, 0.00757633223, 0.364558518, -0.019969701, 0.999276138, -0.0380420875, -1.63945192e-005, -0.0380420881, -0.999276137, -3.94416869e-005, -1.48822077e-005, 4.00368183e-005, -0.999999999, 0.999276157, -0.0380415891, -2.01404882e-005, -0.03804159, -0.999276156, -4.71746852e-005, -1.83313096e-005, 4.79067143e-005, -0.999999999, 0, 0, 0, 0, 0, 0, 0, 0.202289404, 0.137789307, 0.152739648, -0.487935014, 0.758218702, 0.432340689, -0.817504883, -0.57043457, 0.078125, 0.305926393, -0.315365301, 0.898260072, 0, 0, -0, 0, 0, 0, 0, 0.26388999, 0.132368018, 0.191462598, -0.367832116, 0.870013323, 0.327899621, 0.591674805, 0.491088867, -0.639282227, -0.717305156, -0.040997299, -0.695364514, 0, 1, 5, 1, 
200.178531, 21, 0.1, 0.1, 0.00757644696, 0.364558714, -0.0199661207, 0.999275344, -0.0380629386, 2.19034659e-005, -0.0380629392, -0.999275343, 2.4654272e-005, 2.09491794e-005, -2.54701164e-005, -0.999999999, 0.999275344, -0.0380629342, 7.91233555e-006, -0.0380629343, -0.999275344, 1.49350018e-005, 7.33813184e-006, -1.52253458e-005, -1, 0, 0, 0, 0, 0, 0, 0, 0.204062793, 0.135134302, 0.142346118, -0.485377654, 0.77335138, 0.407707864, -0.80859375, -0.57434082, 0.126708984, 0.332217204, -0.268201716, 0.904262591, 0, 0, -0, 0, 0, 0, 0, 0.271095752, 0.133058838, 0.179480957, -0.293621492, 0.913086837, 0.282620491, 0.610473633, 0.406616211, -0.67956543, -0.73552676, -0.0268961589, -0.676802428, 0, 1, 5, 1, 
200.179415, 21, 0.1, 0.1, 0.00757644714, 0.364558718, -0.0199635498, 0.999275336, -0.0380631292, -2.14814253e-005, -0.0380631292, -0.999275337, 1.72623023e-006, -2.15315642e-005, -9.0732903e-007, -1, 0.999275338, -0.0380630741, -2.5865742e-005, -0.038063074, -0.999275339, 3.85672763e-006, -2.5993797e-005, -2.86940315e-006, -1, 0, 0, 0, 0, 0, 0, 0, 0.204062793, 0.135134302, 0.142346118, -0.485377654, 0.77335138, 0.407707864, -0.80859375, -0.57434082, 0.126708984, 0.332217204, -0.268201716, 0.904262591, 0, 0, -0, 0, 0, 0, 0, 0.271095752, 0.133058838, 0.179480957, -0.293621492, 0.913086837, 0.282620491, 0.610473633, 0.406616211, -0.67956543, -0.73552676, -0.0268961589, -0.676802428, 0, 1, 5, 1, 
200.180122, 21, 0.1, 0.1, 0.00757645296, 0.364558722, -0.019962976, 0.999275335, -0.0380631588, 2.57198914e-005, -0.0380631595, -0.999275335, 2.67284735e-005, 2.46838829e-005, -2.76880847e-005, -0.999999999, 0.999275333, -0.0380631978, 3.68063862e-005, -0.0380631984, -0.999275334, 1.72775279e-005, 3.61220759e-005, -1.86659763e-005, -0.999999999, 0, 0, 0, 0, 0, 0, 0, 0.204062793, 0.135134302, 0.142346118, -0.485377654, 0.77335138, 0.407707864, -0.80859375, -0.57434082, 0.126708984, 0.332217204, -0.268201716, 0.904262591, 0, 0, -0, 0, 0, 0, 0, 0.271095752, 0.133058838, 0.179480957, -0.293621492, 0.913086837, 0.282620491, 0.610473633, 0.406616211, -0.67956543, -0.73552676, -0.0268961589, -0.676802428, 0, 1, 5, 1, 
200.180831, 21, 0.1, 0.1, 0.00757644659, 0.364558723, -0.0199642465, 0.999275353, -0.0380626625, -5.19839149e-005, -0.0380626641, -0.999275354, -3.1372914e-005, -5.07521083e-005, 3.3328826e-005, -0.999999998, 0.999275348, -0.0380627885, -5.81621273e-005, -0.0380627902, -0.999275349, -2.8898413e-005, -5.70200259e-005, 3.10912845e-005, -0.999999998, 0, 0, 0, 0, 0, 0, 0, 0.204062793, 0.135134302, 0.142346118, -0.485377654, 0.77335138, 0.407707864, -0.80859375, -0.57434082, 0.126708984, 0.332217204, -0.268201716, 0.904262591, 0, 0, -0, 0, 0, 0, 0, 0.271095752, 0.133058838, 0.179480957, -0.293621492, 0.913086837, 0.282620491, 0.610473633, 0.406616211, -0.67956543, -0.73552676, -0.0268961589, -0.676802428, 0, 1, 5, 1, 
200.181629, 21, 0.1, 0.1, 0.00757645034, 0.364558731, -0.0199665059, 0.999275391, -0.0380616903, 2.47882575e-005, -0.0380616916, -0.99927539, 5.44248286e-005, 2.26987947e-005, -5.53288749e-005, -0.999999998, 0.999275382, -0.0380619118, 2.9880061e-005, -0.0380619132, -0.999275382, 4.9629955e-005, 2.79693984e-005, -5.07312845e-005, -0.999999998, 0, 0, 0, 0, 0, 0, 0, 0.204380273, 0.134927075, 0.140923267, -0.483530951, 0.777631893, 0.401591126, -0.809814453, -0.571533203, 0.131835937, 0.332171899, -0.261464167, 0.906220123, 0, 0, -0, 0, 0, 0, 0, 0.271095752, 0.133058838, 0.179480957, -0.288101184, 0.917252404, 0.27449971, 0.611694336, 0.396972656, -0.684204102, -0.73666495, -0.0291586798, -0.675446587, 0, 1, 5, 1, 
200.18234, 21, 0.1, 0.1, 0.00757644793, 0.364558733, -0.0199686231, 0.999275437, -0.0380604718, -2.51140734e-005, -0.0380604732, -0.999275436, -5.94726976e-005, -2.28323177e-005, 6.03854594e-005, -0.999999998, 0.999275426, -0.0380607725, -3.22042833e-005, -0.0380607736, -0.999275426, -3.43694359e-005, -3.08728216e-005, 3.55702527e-005, -0.999999999, 0, 0, 0, 0, 0, 0, 0, 0.204380273, 0.134927075, 0.140923267, -0.483530951, 0.777631893, 0.401591126, -0.809814453, -0.571533203, 0.131835937, 0.332171899, -0.261464167, 0.906220123, 0, 0, -0, 0, 0, 0, 0, 0.271660303, 0.133510107, 0.177632715, -0.288101184, 0.917252404, 0.27449971, 0.611694336, 0.396972656, -0.684204102, -0.73666495, -0.0291586798, -0.675446587, 0, 1, 5, 1, 
200.183049, 21, 0.1, 0.1, 0.0075764537, 0.364558725, -0.0199707611, 0.999275504, -0.0380587109, 3.47540359e-005, -0.0380587104, -0.999275505, -1.5989704e-005, 3.53374043e-005, 1.46554257e-005, -0.999999999, 0.999275489, -0.0380590944, 3.78642342e-005, -0.0380590926, -0.999275489, -4.53532069e-005, 3.95629032e-005, 4.38792696e-005, -0.999999998, 0, 0, 0, 0, 0, 0, 0, 0.204380273, 0.134927075, 0.140923267, -0.483530951, 0.777631893, 0.401591126, -0.809814453, -0.571533203, 0.131835937, 0.332171899, -0.261464167, 0.906220123, 0, 0, -0, 0, 0, 0, 0, 0.271660303, 0.133510107, 0.177632715, -0.288101184, 0.917252404, 0.27449971, 0.611694336, 0.396972656, -0.684204102, -0.73666495, -0.0291586798, -0.675446587, 0, 1, 5, 1, 
200.183812, 21, 0.1, 0.1, 0.00757645418, 0.364558739, -0.0199721104, 0.999275589, -0.0380564885, -1.04388492e-005, -0.0380564877, -0.999275588, 6.28763098e-005, -1.28241387e-005, -6.24334956e-005, -0.999999998, 0.999275571, -0.0380569698, -1.57973664e-005, -0.0380569686, -0.999275569, 7.00638483e-005, -1.84523401e-005, -6.94118921e-005, -0.999999997, 0, 0, 0, 0, 0, 0, 0, 0.204380273, 0.134927075, 0.140923267, -0.481804815, 0.78198879, 0.395112685, -0.810791016, -0.568847656, 0.137207031, 0.33214569, -0.254244348, 0.908234942, 0, 0, -0, 0, 0, 0, 0, 0.271660303, 0.133510107, 0.177632715, -0.288101184, 0.917252404, 0.27449971, 0.611694336, 0.396972656, -0.684204102, -0.73666495, -0.0291586798, -0.675446587, 0, 1, 5, 1, 
200.18456, 21, 0.1, 0.1, 0.00757645468, 0.364558741, -0.0199715469, 0.999275654, -0.0380547777, -1.91306744e-005, -0.0380547786, -0.999275653, -4.79398341e-005, -1.72924774e-005, 4.86331227e-005, -0.999999999, 0.999275644, -0.0380550494, -1.42612223e-005, -0.0380550499, -0.999275644, -3.68278181e-005, -1.28494076e-005, 3.73438531e-005, -0.999999999, 0, 0, 0, 0, 0, 0, 0, 0.204914893, 0.13472522, 0.139258862, -0.481804815, 0.78198879, 0.395112685, -0.810791016, -0.568847656, 0.137207031, 0.33214569, -0.254244348, 0.908234942, 0, 0, -0, 0, 0, 0, 0, 0.272248047, 0.133533203, 0.175752979, -0.282203911, 0.921648015, 0.265880563, 0.613037109, 0.386474609, -0.688964844, -0.737886262, -0.0312742794, -0.674020385, 0, 1, 5, 1, 
200.185271, 21, 0.1, 0.1, 0.00757645545, 0.36455874, -0.0199702472, 0.999275707, -0.0380533928, 2.72052009e-006, -0.0380533928, -0.999275707, 2.27936472e-005, 1.85117403e-006, -2.28806629e-005, -1, 0.999275697, -0.0380536623, -1.50524675e-006, -0.0380536623, -0.999275697, 5.85951828e-006, -1.72713263e-006, -5.79799406e-006, -1, 0, 0, 0, 0, 0, 0, 0, 0.204914893, 0.13472522, 0.139258862, -0.481804815, 0.78198879, 0.395112685, -0.810791016, -0.568847656, 0.137207031, 0.33214569, -0.254244348, 0.908234942, 0, 0, -0, 0, 0, 0, 0, 0.272248047, 0.133533203, 0.175752979, -0.282203911, 0.921648015, 0.265880563, 0.613037109, 0.386474609, -0.688964844, -0.737886262, -0.0312742794, -0.674020385, 0, 1, 5, 1, 
200.185977, 21, 0.1, 0.1, 0.00757645798, 0.364558744, -0.0199687121, 0.999275754, -0.0380521625, 6.60875907e-006, -0.0380521623, -0.999275754, -2.34151399e-005, 7.49496941e-006, 2.3146704e-005, -1, 0.999275746, -0.0380523637, 1.4681698e-005, -0.0380523635, -0.999275746, -1.16194785e-005, 1.51132133e-005, 1.10523898e-005, -1, 0, 0, 0, 0, 0, 0, 0, 0.204914893, 0.13472522, 0.139258862, -0.481804815, 0.78198879, 0.395112685, -0.810791016, -0.568847656, 0.137207031, 0.33214569, -0.254244348, 0.908234942, 0, 0, -0, 0, 0, 0, 0, 0.272248047, 0.133533203, 0.175752979, -0.282203911, 0.921648015, 0.265880563, 0.613037109, 0.386474609, -0.688964844, -0.737886262, -0.0312742794, -0.674020385, 0, 1, 5, 1, 
200.186744, 21, 0.1, 0.1, 0.00757645735, 0.364558746, -0.0199666639, 0.999275782, -0.038051431, 5.19931293e-006, -0.038051431, -0.999275782, 1.15841316e-005, 4.75475472e-006, -1.17735834e-005, -1, 0.999275778, -0.0380515283, 1.19255356e-006, -0.0380515283, -0.999275778, 1.48004261e-005, 6.2851106e-007, -1.48350858e-005, -1, 0, 0, 0, 0, 0, 0, 0, 0.204914893, 0.13472522, 0.139258862, -0.481804815, 0.78198879, 0.395112685, -0.810791016, -0.568847656, 0.137207031, 0.33214569, -0.254244348, 0.908234942, 0, 0, -0, 0, 0, 0, 0, 0.272248047, 0.133533203, 0.175752979, -0.282203911, 0.921648015, 0.265880563, 0.613037109, 0.386474609, -0.688964844, -0.737886262, -0.0312742794, -0.674020385, 0, 1, 5, 1, 
200.187457, 21, 0.1, 0.1, 0.00757645813, 0.364558748, -0.0199654447, 0.999275799, -0.0380509951, -6.90108058e-006, -0.0380509952, -0.999275799, -1.18670399e-005, -6.44453013e-006, 1.21210388e-005, -1, 0.999275796, -0.0380510724, 1.37012922e-007, -0.0380510724, -0.999275796, 1.19361343e-006, 9.14954255e-008, -1.1979625e-006, -1, 0, 0, 0, 0, 0, 0, 0, 0.204914893, 0.13472522, 0.139258862, -0.481804815, 0.78198879, 0.395112685, -0.810791016, -0.568847656, 0.137207031, 0.33214569, -0.254244348, 0.908234942, 0, 0, -0, 0, 0, 0, 0, 0.272248047, 0.133533203, 0.175752979, -0.282203911, 0.921648015, 0.265880563, 0.613037109, 0.386474609, -0.688964844, -0.737886262, -0.0312742794, -0.674020385, 0, 1, 5, 1, 
200.188165, 21, 0.1, 0.1, 0.00757646044, 0.364558752, -0.0199653566, 0.999275818, -0.038050473, -9.17366749e-006, -0.0380504728, -0.999275818, 2.04854516e-005, -9.94650521e-006, -2.0121554e-005, -1, 0.999275814, -0.0380506029, 9.27060064e-006, -0.0380506031, -0.999275813, 2.33296454e-005, 8.37617992e-006, -2.36655023e-005, -1, 0, 0, 0, 0, 0, 0, 0, 0.204914893, 0.13472522, 0.139258862, -0.481804815, 0.78198879, 0.395112685, -0.810791016, -0.568847656, 0.137207031, 0.33214569, -0.254244348, 0.908234942, 0, 0, -0, 0, 0, 0, 0, 0.272248047, 0.133533203, 0.175752979, -0.282203911, 0.921648015, 0.265880563, 0.613037109, 0.386474609, -0.688964844, -0.737886262, -0.0312742794, -0.674020385, 0, 1, 5, 1, 
200.188963, 21, 0.1, 0.1, 0.00757646093, 0.36455875, -0.0199658791, 0.999275857, -0.0380494566, -1.87929473e-007, -0.0380494566, -0.999275857, -2.23097174e-005, 6.61079237e-007, 2.23007126e-005, -1, 0.999275848, -0.0380496918, 7.57103812e-006, -0.0380496915, -0.999275848, -3.59859419e-005, 8.93480953e-006, 3.56718069e-005, -0.999999999, 0, 0, 0, 0, 0, 0, 0, 0.204914893, 0.13472522, 0.139258862, -0.479493816, 0.786066361, 0.389865007, -0.811401367, -0.56628418, 0.144287109, 0.334251502, -0.247227471, 0.909436869, 0, 0, -0, 0, 0, 0, 0, 0.272248047, 0.133533203, 0.175752979, -0.282203911, 0.921648015, 0.265880563, 0.613037109, 0.386474609, -0.688964844, -0.737886262, -0.0312742794, -0.674020385, 0, 1, 5, 1, 
200.189692, 21, 0.1, 0.1, 0.0075764605, 0.364558753, -0.0199664688, 0.999275891, -0.0380485554, 2.3770308e-005, -0.0380485549, -0.999275891, -2.15748352e-005, 2.4573987e-005, 2.06547868e-005, -0.999999999, 0.999275886, -0.0380487085, -1.58155633e-006, -0.0380487085, -0.999275886, 5.38624343e-007, -1.60090506e-006, -4.78058142e-007, -1, 0, 0, 0, 0, 0, 0, 0, 0.205262646, 0.134508472, 0.137208398, -0.479493816, 0.786066361, 0.389865007, -0.811401367, -0.56628418, 0.144287109, 0.334251502, -0.247227471, 0.909436869, 0, 0, -0, 0, 0, 0, 0, 0.273053662, 0.13375293, 0.173490234, -0.276083159, 0.92569218, 0.257887747, 0.61315918, 0.376342773, -0.694458008, -0.740066028, -0.0335495601, -0.67154641, 0, 1, 5, 1, 
200.1904, 21, 0.1, 0.1, 0.00757646609, 0.364558752, -0.0199677584, 0.999275922, -0.0380477629, -1.47016685e-005, -0.0380477627, -0.999275922, 1.01609198e-005, -1.50776236e-005, -9.5941969e-006, -1, 0.999275915, -0.0380479469, 1.38557111e-005, -0.0380479469, -0.999275915, -3.41726962e-007, 1.38586804e-005, -1.85701837e-007, -1, 0, 0, 0, 0, 0, 0, 0, 0.205262646, 0.134508472, 0.137208398, -0.479493816, 0.786066361, 0.389865007, -0.811401367, -0.56628418, 0.144287109, 0.334251502, -0.247227471, 0.909436869, 0, 0, -0, 0, 0, 0, 0, 0.273053662, 0.13375293, 0.173490234, -0.276083159, 0.92569218, 0.257887747, 0.61315918, 0.376342773, -0.694458008, -0.740066028, -0.0335495601, -0.67154641, 0, 1, 5, 1, 
200.19113, 21, 0.1, 0.1, 0.00757646265, 0.364558756, -0.0199693603, 0.999275961, -0.0380467387, 8.56309093e-006, -0.0380467387, -0.999275961, 5.65845848e-006, 8.34160503e-006, -5.98015922e-006, -1, 0.999275953, -0.0380469418, -1.90851435e-005, -0.0380469417, -0.999275953, 7.76985723e-006, -1.93669443e-005, -7.03810014e-006, -1, 0, 0, 0, 0, 0, 0, 0, 0.205262646, 0.134508472, 0.137208398, -0.479493816, 0.786066361, 0.389865007, -0.811401367, -0.56628418, 0.144287109, 0.334251502, -0.247227471, 0.909436869, 0, 0, -0, 0, 0, 0, 0, 0.273053662, 0.13375293, 0.173490234, -0.276083159, 0.92569218, 0.257887747, 0.61315918, 0.376342773, -0.694458008, -0.740066028, -0.0335495601, -0.67154641, 0, 1, 5, 1, 
200.19187, 21, 0.1, 0.1, 0.00757646608, 0.364558758, -0.0199701997, 0.99927599, -0.0380459578, -2.27172024e-005, -0.038045958, -0.99927599, -7.51170815e-006, -2.24149648e-005, 8.37056732e-006, -1, 0.999275984, -0.0380461206, 2.71858722e-006, -0.0380461206, -0.999275984, 1.70731025e-006, 2.65166239e-006, -1.80950583e-006, -1, 0, 0, 0, 0, 0, 0, 0, 0.205262646, 0.134508472, 0.137208398, -0.479493816, 0.786066361, 0.389865007, -0.811401367, -0.56628418, 0.144287109, 0.334251502, -0.247227471, 0.909436869, 0, 0, -0, 0, 0, 0, 0, 0.273053662, 0.13375293, 0.173490234, -0.276083159, 0.92569218, 0.257887747, 0.61315918, 0.376342773, -0.694458008, -0.740066028, -0.0335495601, -0.67154641, 0, 1, 5, 1, 
200.192582, 21, 0.1, 0.1, 0.00757646216, 0.364558762, -0.0199705526, 0.999276012, -0.0380454035, 6.1828164e-006, -0.0380454036, -0.999276011, 1.96681743e-005, 5.43005649e-006, -1.98891625e-005, -1, 0.999276009, -0.0380454701, -1.78672025e-005, -0.0380454697, -0.999276009, 2.37482379e-005, -1.87577797e-005, -2.30512782e-005, -1, 0, 0, 0, 0, 0, 0, 0, 0.205262646, 0.134508472, 0.137208398, -0.479493816, 0.786066361, 0.389865007, -0.811401367, -0.56628418, 0.144287109, 0.334251502, -0.247227471, 0.909436869, 0, 0, -0, 0, 0, 0, 0, 0.273053662, 0.13375293, 0.173490234, -0.276083159, 0.92569218, 0.257887747, 0.61315918, 0.376342773, -0.694458008, -0.740066028, -0.0335495601, -0.67154641, 0, 1, 5, 1, 
200.193289, 21, 0.1, 0.1, 0.00757646501, 0.364558762, -0.0199704746, 0.999276011, -0.0380454106, -2.04131142e-005, -0.0380454109, -0.999276011, -1.52845948e-005, -1.98168266e-005, 1.60501543e-005, -1, 0.999276013, -0.0380453776, 2.28601675e-006, -0.0380453775, -0.999276012, -2.52875359e-005, 3.24643555e-006, 2.51822556e-005, -1, 0, 0, 0, 0, 0, 0, 0, 0.205262646, 0.134508472, 0.137208398, -0.479493816, 0.786066361, 0.389865007, -0.811401367, -0.56628418, 0.144287109, 0.334251502, -0.247227471, 0.909436869, 0, 0, -0, 0, 0, 0, 0, 0.273053662, 0.13375293, 0.173490234, -0.276083159, 0.92569218, 0.257887747, 0.61315918, 0.376342773, -0.694458008, -0.740066028, -0.0335495601, -0.67154641, 0, 1, 5, 1, 
200.194197, 21, 0.1, 0.1, 0.00757646388, 0.364558764, -0.0199681336, 0.999275993, -0.0380458983, 1.69927495e-005, -0.0380458981, -0.999275993, -1.35212632e-005, 1.74948752e-005, 1.28649693e-005, -1, 0.999275996, -0.0380458128, 9.1293294e-006, -0.0380458127, -0.999275996, -1.26983539e-005, 9.60583893e-006, 1.23418274e-005, -1, 0, 0, 0, 0, 0, 0, 0, 0.205751855, 0.134284888, 0.135303784, -0.478649844, 0.78997918, 0.38304396, -0.811889648, -0.564208984, 0.149169922, 0.33411783, -0.239690133, 0.911629544, 0, 0, -0, 0, 0, 0, 0, 0.273053662, 0.13375293, 0.173490234, -0.271380579, 0.929691503, 0.24861675, 0.614868164, 0.366333008, -0.698364258, -0.740430966, -0.0365660102, -0.670925176, 0, 1, 5, 1, 
200.195045, 21, 0.1, 0.1, 0.0075764654, 0.364558772, -0.0199634896, 0.999275977, -0.038046313, -1.56296149e-006, -0.0380463129, -0.999275977, 1.0324116e-005, -1.95462442e-006, -1.02571762e-005, -1, 0.99927598, -0.0380462339, 2.53307616e-006, -0.038046234, -0.99927598, 2.63284688e-005, 1.52954308e-006, -2.64057805e-005, -1, 0, 0, 0, 0, 0, 0, 0, 0.205751855, 0.134284888, 0.135303784, -0.478649844, 0.78997918, 0.38304396, -0.811889648, -0.564208984, 0.149169922, 0.33411783, -0.239690133, 0.911629544, 0, 0, -0, 0, 0, 0, 0, 0.273580371, 0.133954102, 0.171550439, -0.271380579, 0.929691503, 0.24861675, 0.614868164, 0.366333008, -0.698364258, -0.740430966, -0.0365660102, -0.670925176, 0, 1, 5, 1, 
200.195757, 21, 0.1, 0.1, 0.00757646549, 0.36455877, -0.0199608959, 0.99927596, -0.0380467504, -4.87977708e-006, -0.0380467504, -0.99927596, 2.63099571e-006, -4.97634477e-006, -2.44343111e-006, -1, 0.999275964, -0.0380466379, -1.55897004e-005, -0.0380466383, -0.999275964, -2.09957808e-005, -1.47795941e-005, 2.15737148e-005, -1, 0, 0, 0, 0, 0, 0, 0, 0.205751855, 0.134284888, 0.135303784, -0.478649844, 0.78997918, 0.38304396, -0.811889648, -0.564208984, 0.149169922, 0.33411783, -0.239690133, 0.911629544, 0, 0, -0, 0, 0, 0, 0, 0.273580371, 0.133954102, 0.171550439, -0.271380579, 0.929691503, 0.24861675, 0.614868164, 0.366333008, -0.698364258, -0.740430966, -0.0365660102, -0.670925176, 0, 1, 5, 1, 
200.196541, 21, 0.1, 0.1, 0.0075764692, 0.364558773, -0.0199604143, 0.999275926, -0.03804765, -5.77285592e-006, -0.03804765, -0.999275926, 6.74912475e-006, -6.02546428e-006, -6.52459428e-006, -1, 0.999275934, -0.0380474462, -1.29828464e-006, -0.0380474462, -0.999275934, -5.7539138e-006, -1.07842287e-006, 5.799144e-006, -1, 0, 0, 0, 0, 0, 0, 0, 0.206281104, 0.133852344, 0.133631934, -0.477000092, 0.794196414, 0.376425856, -0.813110352, -0.561279297, 0.154052734, 0.333609351, -0.232571786, 0.913542892, 0, 0, -0, 0, 0, 0, 0, 0.273580371, 0.133954102, 0.171550439, -0.271380579, 0.929691503, 0.24861675, 0.614868164, 0.366333008, -0.698364258, -0.740430966, -0.0365660102, -0.670925176, 0, 1, 5, 1, 
200.197265, 21, 0.1, 0.1, 0.00757646998, 0.364558775, -0.0199618877, 0.999275892, -0.0380485535, -1.54640738e-005, -0.0380485535, -0.999275892, 3.28400426e-007, -1.54653713e-005, 2.60223013e-007, -1, 0.999275897, -0.0380484051, 9.49086874e-007, -0.0380484051, -0.999275897, 8.16197481e-007, 9.17344625e-007, -8.51717712e-007, -1, 0, 0, 0, 0, 0, 0, 0, 0.206281104, 0.133852344, 0.133631934, -0.477000092, 0.794196414, 0.376425856, -0.813110352, -0.561279297, 0.154052734, 0.333609351, -0.232571786, 0.913542892, 0, 0, -0, 0, 0, 0, 0, 0.274401611, 0.133729053, 0.169610645, -0.265559866, 0.933722909, 0.239345752, 0.616821289, 0.35546875, -0.702148438, -0.740923868, -0.0387198892, -0.670303942, 0, 1, 5, 1, 
200.197977, 21, 0.1, 0.1, 0.00757647128, 0.364558778, -0.0199653726, 0.999275861, -0.0380493466, 1.20105696e-005, -0.0380493467, -0.999275861, 4.27439472e-006, 1.18392343e-005, -4.72829379e-006, -1, 0.999275867, -0.0380492006, 1.55981984e-005, -0.0380492005, -0.999275867, -5.38564996e-006, 1.57918229e-005, 4.78825106e-006, -1, 0, 0, 0, 0, 0, 0, 0, 0.206281104, 0.133852344, 0.133631934, -0.477000092, 0.794196414, 0.376425856, -0.813110352, -0.561279297, 0.154052734, 0.333609351, -0.232571786, 0.913542892, 0, 0, -0, 0, 0, 0, 0, 0.274401611, 0.133729053, 0.169610645, -0.265559866, 0.933722909, 0.239345752, 0.616821289, 0.35546875, -0.702148438, -0.740923868, -0.0387198892, -0.670303942, 0, 1, 5, 1, 
200.198724, 21, 0.1, 0.1, 0.00757647196, 0.364558779, -0.0199697337, 0.999275841, -0.0380498874, 2.97991894e-006, -0.0380498874, -0.999275841, -7.15427699e-007, 3.00498295e-006, 6.01524036e-007, -1, 0.999275845, -0.0380497858, -3.62956509e-006, -0.0380497858, -0.999275845, 5.25977173e-007, -3.64695004e-006, -3.87492109e-007, -1, 0, 0, 0, 0, 0, 0, 0, 0.206281104, 0.133852344, 0.133631934, -0.477000092, 0.794196414, 0.376425856, -0.813110352, -0.561279297, 0.154052734, 0.333609351, -0.232571786, 0.913542892, 0, 0, -0, 0, 0, 0, 0, 0.274401611, 0.133729053, 0.169610645, -0.265559866, 0.933722909, 0.239345752, 0.616821289, 0.35546875, -0.702148438, -0.740923868, -0.0387198892, -0.670303942, 0, 1, 5, 1, 
200.199454, 21, 0.1, 0.1, 0.00757647234, 0.364558782, -0.0199729372, 0.999275822, -0.0380503854, -1.28820056e-005, -0.0380503853, -0.999275822, 4.78680505e-006, -1.30548165e-005, -4.29317327e-006, -1, 0.999275826, -0.0380502767, -1.06090552e-005, -0.0380502768, -0.999275826, -2.5509272e-006, -1.05043089e-005, 2.95275737e-006, -1, 0, 0, 0, 0, 0, 0, 0, 0.206281104, 0.133852344, 0.133631934, -0.477000092, 0.794196414, 0.376425856, -0.813110352, -0.561279297, 0.154052734, 0.333609351, -0.232571786, 0.913542892, 0, 0, -0, 0, 0, 0, 0, 0.274401611, 0.133729053, 0.169610645, -0.265559866, 0.933722909, 0.239345752, 0.616821289, 0.35546875, -0.702148438, -0.740923868, -0.0387198892, -0.670303942, 0, 1, 5, 1, 
200.200159, 21, 0.1, 0.1, 0.0075764742, 0.364558785, -0.0199746303, 0.999275802, -0.0380509099, -1.1283166e-006, -0.0380509099, -0.999275802, 1.40648101e-005, -1.6626783e-006, -1.4011691e-005, -1, 0.999275805, -0.0380508171, 9.33560401e-006, -0.0380508171, -0.999275805, -7.18052105e-007, 9.35616568e-006, 3.62304735e-007, -1, 0, 0, 0, 0, 0, 0, 0, 0.206281104, 0.133852344, 0.133631934, -0.477000092, 0.794196414, 0.376425856, -0.813110352, -0.561279297, 0.154052734, 0.333609351, -0.232571786, 0.913542892, 0, 0, -0, 0, 0, 0, 0, 0.274401611, 0.133729053, 0.169610645, -0.265559866, 0.933722909, 0.239345752, 0.616821289, 0.35546875, -0.702148438, -0.740923868, -0.0387198892, -0.670303942, 0, 1, 5, 1, 
200.200868, 21, 0.1, 0.1, 0.007576475, 0.364558787, -0.0199745925, 0.999275784, -0.0380513771, -1.71269548e-006, -0.0380513772, -0.999275784, -2.07153703e-005, -9.23206745e-007, 2.07655383e-005, -1, 0.999275788, -0.0380512836, 1.64725979e-006, -0.0380512836, -0.999275788, -1.1525719e-005, 2.08463523e-006, 1.14546915e-005, -1, 0, 0, 0, 0, 0, 0, 0, 0.206281104, 0.133852344, 0.133631934, -0.477000092, 0.794196414, 0.376425856, -0.813110352, -0.561279297, 0.154052734, 0.333609351, -0.232571786, 0.913542892, 0, 0, -0, 0, 0, 0, 0, 0.274401611, 0.133729053, 0.169610645, -0.265559866, 0.933722909, 0.239345752, 0.616821289, 0.35546875, -0.702148438, -0.740923868, -0.0387198892, -0.670303942, 0, 1, 5, 1, 
200.201694, 21, 0.1, 0.1, 0.00757647426, 0.36455879, -0.0199715065, 0.999275767, -0.0380518147, -1.08845265e-005, -0.0380518145, -0.999275767, 1.73329477e-005, -1.15361937e-005, -1.69062187e-005, -1, 0.99927577, -0.0380517411, -1.76278267e-005, -0.0380517408, -0.99927577, 2.02852951e-005, -1.83869509e-005, -1.95998344e-005, -1, 0, 0, 0, 0, 0, 0, 0, 0.206827808, 0.133400146, 0.131546191, -0.475102092, 0.79803285, 0.370473869, -0.813842773, -0.55859375, 0.159912109, 0.334668249, -0.225516718, 0.914979962, 0, 0, -0, 0, 0, 0, 0, 0.275209424, 0.133492285, 0.167471045, -0.259822274, 0.937658433, 0.230266518, 0.618164063, 0.344848633, -0.706298828, -0.741793736, -0.0411293313, -0.669171582, 0, 1, 5, 1, 
200.202404, 21, 0.1, 0.1, 0.00757647528, 0.364558789, -0.0199677634, 0.999275747, -0.0380523592, -1.13111438e-005, -0.0380523594, -0.999275747, -1.40448991e-005, -1.07685101e-005, 1.44651427e-005, -1, 0.999275752, -0.038052224, -8.53932022e-006, -0.0380522242, -0.999275752, -2.56070787e-005, -7.55872933e-006, 2.5913473e-005, -1, 0, 0, 0, 0, 0, 0, 0, 0.206827808, 0.133400146, 0.131546191, -0.475102092, 0.79803285, 0.370473869, -0.813842773, -0.55859375, 0.159912109, 0.334668249, -0.225516718, 0.914979962, 0, 0, -0, 0, 0, 0, 0, 0.275209424, 0.133492285, 0.167471045, -0.259822274, 0.937658433, 0.230266518, 0.618164063, 0.344848633, -0.706298828, -0.741793736, -0.0411293313, -0.669171582, 0, 1, 5, 1, 
200.203112, 21, 0.1, 0.1, 0.00757647805, 0.364558792, -0.0199646742, 0.999275715, -0.038053191, -3.15514876e-006, -0.0380531911, -0.999275715, -1.97304773e-005, -2.40205591e-006, 1.98362503e-005, -1, 0.999275722, -0.0380530165, 1.44884201e-005, -0.0380530166, -0.999275722, 2.51345475e-006, 1.4382282e-005, -3.0629624e-006, -1, 0, 0, 0, 0, 0, 0, 0, 0.206827808, 0.133400146, 0.131546191, -0.475102092, 0.79803285, 0.370473869, -0.813842773, -0.55859375, 0.159912109, 0.334668249, -0.225516718, 0.914979962, 0, 0, -0, 0, 0, 0, 0, 0.275209424, 0.133492285, 0.167471045, -0.259822274, 0.937658433, 0.230266518, 0.618164063, 0.344848633, -0.706298828, -0.741793736, -0.0411293313, -0.669171582, 0, 1, 5, 1, 
200.20388, 21, 0.1, 0.1, 0.00757648142, 0.364558793, -0.0199625952, 0.999275687, -0.0380539131, 1.68042116e-005, -0.0380539135, -0.999275687, 2.84618501e-005, 1.57089553e-005, -2.90807009e-005, -0.999999999, 0.999275691, -0.038053823, 2.46168924e-005, -0.0380538234, -0.999275691, 1.58613798e-005, 2.3995476e-005, -1.67866581e-005, -1, 0, 0, 0, 0, 0, 0, 0, 0.206827808, 0.133400146, 0.131546191, -0.475102092, 0.79803285, 0.370473869, -0.813842773, -0.55859375, 0.159912109, 0.334668249, -0.225516718, 0.914979962, 0, 0, -0, 0, 0, 0, 0, 0.275209424, 0.133492285, 0.167471045, -0.259822274, 0.937658433, 0.230266518, 0.618164063, 0.344848633, -0.706298828, -0.741793736, -0.0411293313, -0.669171582, 0, 1, 5, 1, 
200.204604, 21, 0.1, 0.1, 0.00757648285, 0.364558795, -0.0199622382, 0.999275683, -0.038054027, 1.65578603e-005, -0.0380540266, -0.999275683, -2.30221811e-005, 1.74219538e-005, 2.23754125e-005, -1, 0.999275683, -0.0380540404, 1.21223273e-005, -0.0380540401, -0.999275682, -2.39240706e-005, 1.30239545e-005, 2.34454385e-005, -1, 0, 0, 0, 0, 0, 0, 0, 0.206827808, 0.133400146, 0.131546191, -0.475102092, 0.79803285, 0.370473869, -0.813842773, -0.55859375, 0.159912109, 0.334668249, -0.225516718, 0.914979962, 0, 0, -0, 0, 0, 0, 0, 0.275209424, 0.133492285, 0.167471045, -0.259822274, 0.937658433, 0.230266518, 0.618164063, 0.344848633, -0.706298828, -0.741793736, -0.0411293313, -0.669171582, 0, 1, 5, 1, 
200.205314, 21, 0.1, 0.1, 0.00757648294, 0.3645588, -0.0199638245, 0.999275687, -0.038053939, 4.33286344e-006, -0.038053939, -0.999275686, 1.33306472e-005, 3.82244145e-006, -1.34858741e-005, -1, 0.999275686, -0.0380539507, -1.0979495e-005, -0.0380539504, -0.999275686, 2.68575487e-005, -1.19935782e-005, -2.64202823e-005, -1, 0, 0, 0, 0, 0, 0, 0, 0.206827808, 0.133400146, 0.131546191, -0.475102092, 0.79803285, 0.370473869, -0.813842773, -0.55859375, 0.159912109, 0.334668249, -0.225516718, 0.914979962, 0, 0, -0, 0, 0, 0, 0, 0.275209424, 0.133492285, 0.167471045, -0.259822274, 0.937658433, 0.230266518, 0.618164063, 0.344848633, -0.706298828, -0.741793736, -0.0411293313, -0.669171582, 0, 1, 5, 1, 
200.206063, 21, 0.1, 0.1, 0.00757648172, 0.3645588, -0.0199668647, 0.999275676, -0.0380542179, -1.67340669e-005, -0.0380542176, -0.999275676, 1.59650549e-005, -1.73294836e-005, -1.53166892e-005, -1, 0.999275679, -0.0380541178, -2.35951294e-005, -0.038054118, -0.99927568, -8.27134069e-006, -2.32632804e-005, 9.16324143e-006, -1, 0, 0, 0, 0, 0, 0, 0, 0.206827808, 0.133400146, 0.131546191, -0.475102092, 0.79803285, 0.370473869, -0.813842773, -0.55859375, 0.159912109, 0.334668249, -0.225516718, 0.914979962, 0, 0, -0, 0, 0, 0, 0, 0.275209424, 0.133492285, 0.167471045, -0.259822274, 0.937658433, 0.230266518, 0.618164063, 0.344848633, -0.706298828, -0.741793736, -0.0411293313, -0.669171582, 0, 1, 5, 1, 
200.206812, 21, 0.1, 0.1, 0.00757648194, 0.364558805, -0.0199694915, 0.999275652, -0.0380548393, -1.83071969e-005, -0.0380548396, -0.999275652, -1.5846093e-005, -1.76909156e-005, 1.65312924e-005, -1, 0.999275656, -0.0380547264, -1.36339402e-005, -0.0380547264, -0.999275657, -5.54940452e-006, -1.34128835e-005, 6.06422071e-006, -1, 0, 0, 0, 0, 0, 0, 0, 0.207265625, 0.133156177, 0.129598853, -0.475191581, 0.801520688, 0.362808851, -0.814208984, -0.556884766, 0.163818359, 0.333322911, -0.217541293, 0.917306309, 0, 0, -0, 0, 0, 0, 0, 0.275708545, 0.13365, 0.165626074, -0.256013982, 0.941248709, 0.219570418, 0.62109375, 0.334350586, -0.708862305, -0.740657012, -0.0449252303, -0.670173045, 0, 1, 5, 1, 
200.207519, 21, 0.1, 0.1, 0.00757648257, 0.364558807, -0.0199716546, 0.999275638, -0.0380552145, -8.97890682e-006, -0.0380552144, -0.999275638, 1.56997333e-005, -9.56985956e-006, -1.53466668e-005, -1, 0.99927564, -0.03805517, 3.70862028e-006, -0.03805517, -0.99927564, 1.69289284e-005, 3.06170065e-006, -1.7057798e-005, -1, 0, 0, 0, 0, 0, 0, 0, 0.207265625, 0.133156177, 0.129598853, -0.475191581, 0.801520688, 0.362808851, -0.814208984, -0.556884766, 0.163818359, 0.333322911, -0.217541293, 0.917306309, 0, 0, -0, 0, 0, 0, 0, 0.275708545, 0.13365, 0.165626074, -0.256013982, 0.941248709, 0.219570418, 0.62109375, 0.334350586, -0.708862305, -0.740657012, -0.0449252303, -0.670173045, 0, 1, 5, 1, 
200.208237, 21, 0.1, 0.1, 0.00757648361, 0.364558806, -0.0199729163, 0.999275638, -0.0380552199, 6.71786557e-006, -0.0380552198, -0.999275638, -1.34641243e-005, 7.22537961e-006, 1.31987216e-005, -1, 0.999275637, -0.0380552394, 1.0319658e-005, -0.0380552392, -0.999275637, -2.33631274e-005, 1.12012722e-005, 2.2953487e-005, -1, 0, 0, 0, 0, 0, 0, 0, 0.207265625, 0.133156177, 0.129598853, -0.475191581, 0.801520688, 0.362808851, -0.814208984, -0.556884766, 0.163818359, 0.333322911, -0.217541293, 0.917306309, 0, 0, -0, 0, 0, 0, 0, 0.275708545, 0.13365, 0.165626074, -0.256013982, 0.941248709, 0.219570418, 0.62109375, 0.334350586, -0.708862305, -0.740657012, -0.0449252303, -0.670173045, 0, 1, 5, 1, 
200.209018, 21, 0.1, 0.1, 0.0075764856, 0.364558809, -0.0199723223, 0.999275639, -0.038055175, 1.85919772e-005, -0.0380551746, -0.999275639, -1.94063232e-005, 1.93170209e-005, 1.86847451e-005, -1, 0.99927564, -0.0380551556, 1.48839262e-005, -0.0380551556, -0.99927564, 1.31321821e-007, 1.48681474e-005, -6.97636826e-007, -1, 0, 0, 0, 0, 0, 0, 0, 0.207729199, 0.132687012, 0.127893066, -0.474779703, 0.805014517, 0.355505534, -0.815063477, -0.55456543, 0.167358398, 0.332021757, -0.21030837, 0.919575368, 0, 0, -0, 0, 0, 0, 0, 0.275708545, 0.13365, 0.165626074, -0.251330359, 0.944896587, 0.209117121, 0.624267578, 0.323364258, -0.71105957, -0.739673772, -0.0481013615, -0.671148988, 0, 1, 5, 1, 
200.209728, 21, 0.1, 0.1, 0.00757648341, 0.364558809, -0.0199703344, 0.999275628, -0.0380554682, -3.39702848e-005, -0.0380554677, -0.999275628, 1.70717322e-005, -3.45953504e-005, -1.57666108e-005, -0.999999999, 0.999275631, -0.0380553803, -3.32389997e-005, -0.0380553801, -0.999275632, 7.15910478e-006, -3.34873649e-005, -5.88899618e-006, -0.999999999, 0, 0, 0, 0, 0, 0, 0, 0.207729199, 0.132687012, 0.127893066, -0.474779703, 0.805014517, 0.355505534, -0.815063477, -0.55456543, 0.167358398, 0.332021757, -0.21030837, 0.919575368, 0, 0, -0, 0, 0, 0, 0, 0.276485596, 0.133378076, 0.163797705, -0.251330359, 0.944896587, 0.209117121, 0.624267578, 0.323364258, -0.71105957, -0.739673772, -0.0481013615, -0.671148988, 0, 1, 5, 1, 
200.210437, 21, 0.1, 0.1, 0.00757648708, 0.36455881, -0.0199681213, 0.999275609, -0.0380559611, 4.19854103e-005, -0.0380559603, -0.999275609, -2.05901908e-005, 4.27385759e-005, 1.89774803e-005, -0.999999999, 0.999275612, -0.0380558723, 3.68441025e-005, -0.0380558715, -0.999275613, -2.20974394e-005, 3.76583504e-005, 2.06792978e-005, -0.999999999, 0, 0, 0, 0, 0, 0, 0, 0.207729199, 0.132687012, 0.127893066, -0.474779703, 0.805014517, 0.355505534, -0.815063477, -0.55456543, 0.167358398, 0.332021757, -0.21030837, 0.919575368, 0, 0, -0, 0, 0, 0, 0, 0.276485596, 0.133378076, 0.163797705, -0.251330359, 0.944896587, 0.209117121, 0.624267578, 0.323364258, -0.71105957, -0.739673772, -0.0481013615, -0.671148988, 0, 1, 5, 1, 
200.21133, 21, 0.1, 0.1, 0.00757648706, 0.364558812, -0.0199635362, 0.999275595, -0.0380563349, -3.71960339e-005, -0.0380563346, -0.999275595, 9.35651448e-006, -3.75251635e-005, -7.93419186e-006, -0.999999999, 0.999275597, -0.0380562617, -3.51460098e-005, -0.0380562619, -0.999275598, -4.07335404e-006, -3.49655334e-005, 5.40792905e-006, -0.999999999, 0, 0, 0, 0, 0, 0, 0, 0.207729199, 0.132687012, 0.127893066, -0.474779703, 0.805014517, 0.355505534, -0.815063477, -0.55456543, 0.167358398, 0.332021757, -0.21030837, 0.919575368, 0, 0, -0, 0, 0, 0, 0, 0.276485596, 0.133378076, 0.163797705, -0.251330359, 0.944896587, 0.209117121, 0.624267578, 0.323364258, -0.71105957, -0.739673772, -0.0481013615, -0.671148988, 0, 1, 5, 1, 
200.212077, 21, 0.1, 0.1, 0.00757649238, 0.364558815, -0.0199608851, 0.999275583, -0.0380566119, 5.59108787e-005, -0.0380566124, -0.999275585, 6.44561078e-006, 5.56250779e-005, -8.56872011e-006, -0.999999998, 0.999275584, -0.0380565896, 5.11128361e-005, -0.0380565899, -0.999275586, 6.31364617e-006, 5.08355334e-005, -8.25425271e-006, -0.999999999, 0, 0, 0, 0, 0, 0, 0, 0.207729199, 0.132687012, 0.127893066, -0.474779703, 0.805014517, 0.355505534, -0.815063477, -0.55456543, 0.167358398, 0.332021757, -0.21030837, 0.919575368, 0, 0, -0, 0, 0, 0, 0, 0.276485596, 0.133378076, 0.163797705, -0.251330359, 0.944896587, 0.209117121, 0.624267578, 0.323364258, -0.71105957, -0.739673772, -0.0481013615, -0.671148988, 0, 1, 5, 1, 
200.212783, 21, 0.1, 0.1, 0.00757649337, 0.364558817, -0.0199610182, 0.999275577, -0.0380568124, -3.38515573e-005, -0.0380568124, -0.999275577, 9.35854576e-007, -3.38626501e-005, 3.53105742e-007, -0.999999999, 0.999275578, -0.0380567884, -2.72641181e-005, -0.038056788, -0.999275578, 1.22335573e-005, -2.77099372e-005, -1.11871103e-005, -1, 0, 0, 0, 0, 0, 0, 0, 0.207729199, 0.132687012, 0.127893066, -0.474779703, 0.805014517, 0.355505534, -0.815063477, -0.55456543, 0.167358398, 0.332021757, -0.21030837, 0.919575368, 0, 0, -0, 0, 0, 0, 0, 0.276485596, 0.133378076, 0.163797705, -0.251330359, 0.944896587, 0.209117121, 0.624267578, 0.323364258, -0.71105957, -0.739673772, -0.0481013615, -0.671148988, 0, 1, 5, 1, 
200.213492, 21, 0.1, 0.1, 0.00757649678, 0.364558818, -0.0199635776, 0.999275577, -0.0380567878, 4.14631935e-005, -0.038056788, -0.999275578, 3.08556262e-006, 4.13157301e-005, -4.66128333e-006, -0.999999999, 0.999275576, -0.0380568176, 3.77536256e-005, -0.0380568177, -0.999275577, 2.10009472e-006, 3.7646353e-005, -3.53535621e-006, -0.999999999, 0, 0, 0, 0, 0, 0, 0, 0.207729199, 0.132687012, 0.127893066, -0.474779703, 0.805014517, 0.355505534, -0.815063477, -0.55456543, 0.167358398, 0.332021757, -0.21030837, 0.919575368, 0, 0, -0, 0, 0, 0, 0, 0.276485596, 0.133378076, 0.163797705, -0.251330359, 0.944896587, 0.209117121, 0.624267578, 0.323364258, -0.71105957, -0.739673772, -0.0481013615, -0.671148988, 0, 1, 5, 1, 
200.214285, 21, 0.1, 0.1, 0.00757649436, 0.364558821, -0.0199673294, 0.999275579, -0.0380567411, -4.90098667e-005, -0.038056741, -0.99927558, 3.87653472e-006, -4.91218913e-005, -2.00857067e-006, -0.999999999, 0.999275578, -0.0380567618, -4.27798722e-005, -0.0380567613, -0.999275579, 1.29337024e-005, -4.32410963e-005, -1.12962695e-005, -0.999999999, 0, 0, 0, 0, 0, 0, 0, 0.208447021, 0.131982397, 0.125565771, -0.473859348, 0.808267211, 0.349191845, -0.815429687, -0.552490234, 0.172363281, 0.332370355, -0.203037254, 0.921069726, 0, 0, -0, 0, 0, 0, 0, 0.276485596, 0.133378076, 0.163797705, -0.245995252, 0.948423063, 0.198958032, 0.625610352, 0.312255859, -0.71484375, -0.740217714, -0.0512902525, -0.670252868, 0, 1, 5, 1, 
200.214996, 21, 0.1, 0.1, 0.00757649567, 0.36455882, -0.0199705432, 0.999275593, -0.038056353, 5.51947846e-005, -0.0380563536, -0.999275595, 9.96134651e-006, 5.47757087e-005, -1.20546427e-005, -0.999999998, 0.999275589, -0.0380564884, 3.1957549e-005, -0.0380564881, -0.999275589, -9.98942012e-006, 3.23145608e-005, 8.7659916e-006, -0.999999999, 0, 0, 0, 0, 0, 0, 0, 0.208447021, 0.131982397, 0.125565771, -0.473859348, 0.808267211, 0.349191845, -0.815429687, -0.552490234, 0.172363281, 0.332370355, -0.203037254, 0.921069726, 0, 0, -0, 0, 0, 0, 0, 0.277496875, 0.133097852, 0.161135205, -0.245995252, 0.948423063, 0.198958032, 0.625610352, 0.312255859, -0.71484375, -0.740217714, -0.0512902525, -0.670252868, 0, 1, 5, 1, 
200.215707, 21, 0.1, 0.1, 0.00757650646, 0.364558824, -0.0199731204, 0.99927562, -0.0380556963, 1.19133567e-005, -0.0380556961, -0.999275619, -1.69667758e-005, 1.25504094e-005, 1.65011144e-005, -1, 0.999275614, -0.0380558281, 3.96715582e-005, -0.0380558283, -0.999275615, 3.88134299e-006, 3.9495113e-005, -5.38826541e-006, -0.999999999, 0, 0, 0, 0, 0, 0, 0, 0.208447021, 0.131982397, 0.125565771, -0.473859348, 0.808267211, 0.349191845, -0.815429687, -0.552490234, 0.172363281, 0.332370355, -0.203037254, 0.921069726, 0, 0, -0, 0, 0, 0, 0, 0.277496875, 0.133097852, 0.161135205, -0.245995252, 0.948423063, 0.198958032, 0.625610352, 0.312255859, -0.71484375, -0.740217714, -0.0512902525, -0.670252868, 0, 1, 5, 1, 
200.21646, 21, 0.1, 0.1, 0.00757649598, 0.364558823, -0.0199741331, 0.999275625, -0.0380554963, -5.9965181e-005, -0.0380554957, -0.999275627, 1.13564044e-005, -6.03539175e-005, -9.06617338e-006, -0.999999998, 0.999275625, -0.0380554968, -6.69587731e-005, -0.0380554975, -0.999275627, -1.02833458e-005, -6.65189321e-005, 1.28240462e-005, -0.999999998, 0, 0, 0, 0, 0, 0, 0, 0.208447021, 0.131982397, 0.125565771, -0.473859348, 0.808267211, 0.349191845, -0.815429687, -0.552490234, 0.172363281, 0.332370355, -0.203037254, 0.921069726, 0, 0, -0, 0, 0, 0, 0, 0.277496875, 0.133097852, 0.161135205, -0.245995252, 0.948423063, 0.198958032, 0.625610352, 0.312255859, -0.71484375, -0.740217714, -0.0512902525, -0.670252868, 0, 1, 5, 1, 
200.217182, 21, 0.1, 0.1, 0.00757649715, 0.364558826, -0.0199730521, 0.999275611, -0.0380558993, 3.87689943e-005, -0.0380558984, -0.999275612, -2.20829136e-005, 3.95812957e-005, 2.05915281e-005, -0.999999999, 0.999275617, -0.0380557607, 2.91056222e-005, -0.0380557607, -0.999275617, 8.27242639e-007, 2.90530572e-005, -1.93427999e-006, -1, 0, 0, 0, 0, 0, 0, 0, 0.208447021, 0.131982397, 0.125565771, -0.473859348, 0.808267211, 0.349191845, -0.815429687, -0.552490234, 0.172363281, 0.332370355, -0.203037254, 0.921069726, 0, 0, -0, 0, 0, 0, 0, 0.277496875, 0.133097852, 0.161135205, -0.245995252, 0.948423063, 0.198958032, 0.625610352, 0.312255859, -0.71484375, -0.740217714, -0.0512902525, -0.670252868, 0, 1, 5, 1, 
