time, trialNum, realDorsalTactorPos, realVentralTactorPos, boxPosX, boxPosY, boxPosZ, boxLocalRot_11, boxLocalRot_12, boxLocalRot_13, boxLocalRot_21, boxLocalRot_22, boxLocalRot_23, boxLocalRot_31, boxLocalRot_32, boxLocalRot_33, boxGlobalRot_11, boxGlobalRot_12, boxGlobalRot_13, boxGlobalRot_21, boxGlobalRot_22, boxGlobalRot_23, boxGlobalRot_31, boxGlobalRot_32, boxGlobalRot_33, indexForceX, indexForceY, indexForceZ, indexForceGlobalX, indexForceGlobalY, indexForceGlobalZ, indexContact, indexPosX, indexPosY, indexPosZ, indexRot_11, indexRot_12, indexRot_13, indexRot_21, indexRot_22, indexRot_23, indexRot_31, indexRot_32, indexRot_33, thumbForceX, thumbForceY, thumbForceZ, thumbForceGlobalX, thumbForceGlobalY, thumbForceGlobalZ, thumbContact, thumbPosX, thumbPosY, thumbPosZ, thumbRot_11, thumbRot_12, thumbRot_13, thumbRot_21, thumbRot_22, thumbRot_23, thumbRot_31, thumbRot_32, thumbRot_33, manipForceTooHigh, cceExpType, mapping, trialSuccess, 
290.259329, 33, 0.1, 0.1, 0.0255831808, 0.374976987, -0.0349807217, 0.884685204, -0.466188898, 1.2383728e-005, 0.466188899, 0.884685204, -7.18430047e-006, -7.60645983e-006, 1.21290009e-005, 1, 0.88468514, -0.46618902, 4.42682614e-006, 0.46618902, 0.88468514, 6.79356091e-006, -7.08343081e-006, -3.94642465e-006, 1, 0, 0, 0, 0, 0, 0, 0, 0.306662451, -0.0939347168, -0.258940698, -0.0685102639, 0.544704352, -0.8357253, -0.90612793, 0.31628418, 0.280517578, 0.41722124, 0.776646191, 0.472120111, 0, 0, -0, 0, 0, 0, 0, 0.376625146, -0.0539641602, -0.211881494, 0.337241172, 0.275322957, -0.900214622, 0.283691406, -0.94140625, -0.181762695, -0.897521863, -0.193963152, -0.395704237, 0, 1, 5, 1, 
290.27456, 33, 0.1, 0.1, 0.0255831839, 0.37497703, -0.0349740892, 0.884667559, -0.466222383, -5.93228582e-006, 0.466222383, 0.884667559, -1.75349469e-005, 1.34232855e-005, 1.27468342e-005, 1, 0.884667523, -0.46622245, 7.36372508e-006, 0.46622245, 0.884667523, -2.03514609e-005, 2.97385954e-006, 2.14374105e-005, 1, 0, 0, 0, 0, 0, 0, 0, 0.314232324, -0.102441333, -0.25433999, -0.0648146135, 0.548896881, -0.833286621, -0.904296875, 0.320800781, 0.281616211, 0.421826768, 0.771903626, 0.475812396, 0, 0, -0, 0, 0, 0, 0, 0.384291455, -0.0621578125, -0.207114063, 0.341241228, 0.279029171, -0.89750624, 0.284057617, -0.940795898, -0.184570312, -0.895874013, -0.191855216, -0.400452026, 0, 1, 5, 1, 
290.275262, 33, 0.1, 0.1, 0.0255831862, 0.37497703, -0.0349688682, 0.8846678, -0.466221926, 1.49740808e-005, 0.466221926, 0.8846678, 6.05586494e-006, -1.60704641e-005, 1.62381608e-006, 1, 0.884667748, -0.466222024, -3.36893869e-006, 0.466222024, 0.884667748, 6.2349452e-006, 7.35226315e-008, -7.08652834e-006, 1, 0, 0, 0, 0, 0, 0, 0, 0.314232324, -0.102441333, -0.25433999, -0.0648146135, 0.548896881, -0.833286621, -0.904296875, 0.320800781, 0.281616211, 0.421826768, 0.771903626, 0.475812396, 0, 0, -0, 0, 0, 0, 0, 0.384291455, -0.0621578125, -0.207114063, 0.341241228, 0.279029171, -0.89750624, 0.284057617, -0.940795898, -0.184570312, -0.895874013, -0.191855216, -0.400452026, 0, 1, 5, 1, 
290.276003, 33, 0.1, 0.1, 0.0255831806, 0.374977026, -0.0349638598, 0.884668002, -0.466221542, -6.40055217e-006, 0.466221542, 0.884668002, 3.98730477e-007, 5.47646696e-006, -3.3368194e-006, 1, 0.884667969, -0.466221604, 9.21631792e-006, 0.466221604, 0.884667969, 1.48648259e-005, -1.50836842e-005, -8.85358878e-006, 1, 0, 0, 0, 0, 0, 0, 0, 0.314232324, -0.102441333, -0.25433999, -0.0648146135, 0.548896881, -0.833286621, -0.904296875, 0.320800781, 0.281616211, 0.421826768, 0.771903626, 0.475812396, 0, 0, -0, 0, 0, 0, 0, 0.384291455, -0.0621578125, -0.207114063, 0.341241228, 0.279029171, -0.89750624, 0.284057617, -0.940795898, -0.184570312, -0.895874013, -0.191855216, -0.400452026, 0, 1, 5, 1, 
290.276762, 33, 0.1, 0.1, 0.0255831816, 0.374977029, -0.0349599574, 0.884668076, -0.466221402, 4.50667821e-006, 0.466221402, 0.884668076, 8.75872665e-006, -8.07042016e-006, -5.64745602e-006, 1, 0.884668062, -0.466221428, 1.06574995e-006, 0.466221428, 0.884668062, 3.43389732e-006, -2.54379145e-006, -2.54098382e-006, 1, 0, 0, 0, 0, 0, 0, 0, 0.315371973, -0.10438252, -0.253619482, -0.0645150689, 0.550336577, -0.832328073, -0.903076172, 0.322631836, 0.283325195, 0.424498347, 0.770068906, 0.476402129, 0, 0, -0, 0, 0, 0, 0, 0.384291455, -0.0621578125, -0.207114063, 0.341969638, 0.279681022, -0.897065477, 0.283691406, -0.940795898, -0.185180664, -0.895797454, -0.191050247, -0.401142156, 0, 1, 5, 1, 
290.277466, 33, 0.1, 0.1, 0.0255831799, 0.374977032, -0.0349590156, 0.884668137, -0.466221285, 8.56689336e-006, 0.466221285, 0.884668137, 6.45368542e-006, -1.05877031e-005, -1.71530183e-006, 1, 0.884668126, -0.466221306, 3.19955635e-006, 0.466221306, 0.884668126, -9.36009698e-006, 1.53333112e-006, 9.7722808e-006, 1, 0, 0, 0, 0, 0, 0, 0, 0.315371973, -0.10438252, -0.253619482, -0.0645150689, 0.550336577, -0.832328073, -0.903076172, 0.322631836, 0.283325195, 0.424498347, 0.770068906, 0.476402129, 0, 0, -0, 0, 0, 0, 0, 0.385903955, -0.0638836914, -0.206429688, 0.341969638, 0.279681022, -0.897065477, 0.283691406, -0.940795898, -0.185180664, -0.895797454, -0.191050247, -0.401142156, 0, 1, 5, 1, 
290.278171, 33, 0.1, 0.1, 0.0255831798, 0.374977033, -0.0349611635, 0.884668213, -0.466221141, -1.93447884e-005, 0.466221141, 0.884668213, -1.75257997e-005, 2.52846177e-005, 6.48556852e-006, 1, 0.884668189, -0.466221188, -9.413505e-006, 0.466221188, 0.884668189, -1.70059945e-005, 1.62563834e-005, 1.06558869e-005, 1, 0, 0, 0, 0, 0, 0, 0, 0.315371973, -0.10438252, -0.253619482, -0.0645150689, 0.550336577, -0.832328073, -0.903076172, 0.322631836, 0.283325195, 0.424498347, 0.770068906, 0.476402129, 0, 0, -0, 0, 0, 0, 0, 0.385903955, -0.0638836914, -0.206429688, 0.341969638, 0.279681022, -0.897065477, 0.283691406, -0.940795898, -0.185180664, -0.895797454, -0.191050247, -0.401142156, 0, 1, 5, 1, 
290.278902, 33, 0.1, 0.1, 0.0255831807, 0.374977034, -0.0349656392, 0.884668395, -0.466220795, 2.37709305e-005, 0.466220795, 0.884668396, 4.00276155e-006, -2.28955616e-005, 7.54138547e-006, 1, 0.884668357, -0.466220867, 1.16848715e-005, 0.466220867, 0.884668358, 1.00528368e-006, -1.08059203e-005, 4.55838826e-006, 1, 0, 0, 0, 0, 0, 0, 0, 0.315371973, -0.10438252, -0.253619482, -0.0645150689, 0.550336577, -0.832328073, -0.903076172, 0.322631836, 0.283325195, 0.424498347, 0.770068906, 0.476402129, 0, 0, -0, 0, 0, 0, 0, 0.385903955, -0.0638836914, -0.206429688, 0.341969638, 0.279681022, -0.897065477, 0.283691406, -0.940795898, -0.185180664, -0.895797454, -0.191050247, -0.401142156, 0, 1, 5, 1, 
290.279615, 33, 0.1, 0.1, 0.0255831766, 0.374977032, -0.034970479, 0.884668504, -0.46622059, -1.07514753e-005, 0.46622059, 0.884668504, -9.89180575e-006, 1.41232551e-005, 3.73840982e-006, 1, 0.884668493, -0.46622061, 1.52211475e-006, 0.46622061, 0.884668493, 5.72416923e-006, -4.01529264e-006, -4.3543509e-006, 1, 0, 0, 0, 0, 0, 0, 0, 0.315371973, -0.10438252, -0.253619482, -0.0645150689, 0.550336577, -0.832328073, -0.903076172, 0.322631836, 0.283325195, 0.424498347, 0.770068906, 0.476402129, 0, 0, -0, 0, 0, 0, 0, 0.385903955, -0.0638836914, -0.206429688, 0.341969638, 0.279681022, -0.897065477, 0.283691406, -0.940795898, -0.185180664, -0.895797454, -0.191050247, -0.401142156, 0, 1, 5, 1, 
290.280319, 33, 0.1, 0.1, 0.0255831847, 0.374977037, -0.0349745994, 0.884668606, -0.466220396, -1.70325845e-005, 0.466220396, 0.884668606, -8.07599952e-006, 1.88333884e-005, -7.96355045e-007, 1, 0.88466858, -0.466220444, -2.6633598e-005, 0.466220444, 0.88466858, -1.00979968e-005, 2.82697999e-005, -3.48374735e-006, 1, 0, 0, 0, 0, 0, 0, 0, 0.315371973, -0.10438252, -0.253619482, -0.0645150689, 0.550336577, -0.832328073, -0.903076172, 0.322631836, 0.283325195, 0.424498347, 0.770068906, 0.476402129, 0, 0, -0, 0, 0, 0, 0, 0.385903955, -0.0638836914, -0.206429688, 0.341969638, 0.279681022, -0.897065477, 0.283691406, -0.940795898, -0.185180664, -0.895797454, -0.191050247, -0.401142156, 0, 1, 5, 1, 
290.28102, 33, 0.1, 0.1, 0.0255831777, 0.374977035, -0.0349769339, 0.88466867, -0.466220275, 2.60368983e-005, 0.466220274, 0.88466867, 2.38069576e-005, -3.41333145e-005, -8.92233971e-006, 0.999999999, 0.88466867, -0.466220274, 2.8591264e-005, 0.466220274, 0.88466867, 1.44385799e-005, -3.20253541e-005, 5.56467669e-007, 0.999999999, 0, 0, 0, 0, 0, 0, 0, 0.315371973, -0.10438252, -0.253619482, -0.0645150689, 0.550336577, -0.832328073, -0.903076172, 0.322631836, 0.283325195, 0.424498347, 0.770068906, 0.476402129, 0, 0, -0, 0, 0, 0, 0, 0.385903955, -0.0638836914, -0.206429688, 0.341969638, 0.279681022, -0.897065477, 0.283691406, -0.940795898, -0.185180664, -0.895797454, -0.191050247, -0.401142156, 0, 1, 5, 1, 
290.281788, 33, 0.1, 0.1, 0.0255831757, 0.374977031, -0.0349763954, 0.884668597, -0.466220413, -1.09806063e-005, 0.466220413, 0.884668597, -1.5473899e-005, 1.69284452e-005, 8.56988974e-006, 1, 0.884668626, -0.466220358, -6.92602887e-006, 0.466220358, 0.884668626, 7.56968337e-007, 5.7743264e-006, -3.8987218e-006, 1, 0, 0, 0, 0, 0, 0, 0, 0.316449365, -0.106078125, -0.253329224, -0.0653710237, 0.552195263, -0.831071102, -0.90222168, 0.322875977, 0.285522461, 0.42611702, 0.768538599, 0.477315372, 0, 0, -0, 0, 0, 0, 0, 0.385903955, -0.0638836914, -0.206429688, 0.341848236, 0.280166628, -0.896944075, 0.283813477, -0.940673828, -0.185668945, -0.895810213, -0.190999208, -0.401129396, 0, 1, 5, 1, 
290.282493, 33, 0.1, 0.1, 0.0255831775, 0.374977037, -0.0349734423, 0.884668461, -0.466220671, 4.13015938e-006, 0.466220671, 0.884668461, 6.61698092e-006, -6.73879503e-006, -3.92826865e-006, 1, 0.884668488, -0.466220619, -2.81685061e-006, 0.466220619, 0.884668488, -1.01179462e-005, 7.20917411e-006, 7.63775433e-006, 1, 0, 0, 0, 0, 0, 0, 0, 0.316449365, -0.106078125, -0.253329224, -0.0653710237, 0.552195263, -0.831071102, -0.90222168, 0.322875977, 0.285522461, 0.42611702, 0.768538599, 0.477315372, 0, 0, -0, 0, 0, 0, 0, 0.38745835, -0.065859668, -0.20575166, 0.341848236, 0.280166628, -0.896944075, 0.283813477, -0.940673828, -0.185668945, -0.895810213, -0.190999208, -0.401129396, 0, 1, 5, 1, 
290.283199, 33, 0.1, 0.1, 0.0255831747, 0.374977034, -0.0349694357, 0.884668348, -0.466220886, -3.28133845e-006, 0.466220886, 0.884668348, -6.14796539e-006, 5.76920614e-006, 3.90908187e-006, 1, 0.884668362, -0.466220858, 7.13264437e-006, 0.466220858, 0.884668362, 2.85110255e-006, -7.63926829e-006, 8.0310736e-007, 1, 0, 0, 0, 0, 0, 0, 0, 0.316449365, -0.106078125, -0.253329224, -0.0653710237, 0.552195263, -0.831071102, -0.90222168, 0.322875977, 0.285522461, 0.42611702, 0.768538599, 0.477315372, 0, 0, -0, 0, 0, 0, 0, 0.38745835, -0.065859668, -0.20575166, 0.341848236, 0.280166628, -0.896944075, 0.283813477, -0.940673828, -0.185668945, -0.895810213, -0.190999208, -0.401129396, 0, 1, 5, 1, 
290.283919, 33, 0.1, 0.1, 0.0255831761, 0.374977034, -0.0349655603, 0.884668342, -0.466220896, 1.01659329e-005, 0.466220897, 0.884668342, -2.42274028e-006, -7.8639469e-006, 6.882892e-006, 1, 0.884668333, -0.466220914, 8.63463468e-007, 0.466220914, 0.884668333, 4.86282717e-006, -3.03103052e-006, -3.89942448e-006, 1, 0, 0, 0, 0, 0, 0, 0, 0.316449365, -0.106078125, -0.253329224, -0.0653710237, 0.552195263, -0.831071102, -0.90222168, 0.322875977, 0.285522461, 0.42611702, 0.768538599, 0.477315372, 0, 0, -0, 0, 0, 0, 0, 0.38745835, -0.065859668, -0.20575166, 0.341848236, 0.280166628, -0.896944075, 0.283813477, -0.940673828, -0.185668945, -0.895810213, -0.190999208, -0.401129396, 0, 1, 5, 1, 
290.284667, 33, 0.1, 0.1, 0.0255831756, 0.374977035, -0.0349622564, 0.884668437, -0.466220717, -1.758326e-006, 0.466220717, 0.884668437, 1.2681151e-006, 9.64313986e-007, -1.94162941e-006, 1, 0.884668414, -0.46622076, -2.33461227e-006, 0.46622076, 0.884668414, 5.58305655e-006, -5.37579135e-007, -6.02759849e-006, 1, 0, 0, 0, 0, 0, 0, 0, 0.317449487, -0.107311011, -0.253021997, -0.0677310755, 0.554352372, -0.829471525, -0.901367187, 0.322387695, 0.2890625, 0.427603143, 0.767331803, 0.478050759, 0, 0, -0, 0, 0, 0, 0, 0.388479834, -0.0673859863, -0.205074854, 0.340538338, 0.280811915, -0.897180315, 0.284057617, -0.940429688, -0.186523437, -0.896193375, -0.191299614, -0.400049541, 0, 1, 5, 1, 
290.285377, 33, 0.1, 0.1, 0.0255831747, 0.374977037, -0.0349613032, 0.884668562, -0.466220479, -3.25661042e-006, 0.466220479, 0.884668562, 4.53543766e-006, 7.66506944e-007, -5.53065758e-006, 1, 0.884668531, -0.466220538, -6.80549246e-006, 0.466220538, 0.884668531, -1.24543844e-006, 6.601254e-006, -2.07106016e-006, 1, 0, 0, 0, 0, 0, 0, 0, 0.317449487, -0.107311011, -0.253021997, -0.0677310755, 0.554352372, -0.829471525, -0.901367187, 0.322387695, 0.2890625, 0.427603143, 0.767331803, 0.478050759, 0, 0, -0, 0, 0, 0, 0, 0.388479834, -0.0673859863, -0.205074854, 0.340538338, 0.280811915, -0.897180315, 0.284057617, -0.940429688, -0.186523437, -0.896193375, -0.191299614, -0.400049541, 0, 1, 5, 1, 
290.286082, 33, 0.1, 0.1, 0.0255831713, 0.374977038, -0.0349627759, 0.884668771, -0.466220083, -1.05454711e-005, 0.466220083, 0.884668771, -2.47505114e-006, 1.04831675e-005, -2.72690994e-006, 1, 0.884668726, -0.466220168, 7.89685642e-006, 0.466220168, 0.884668726, -4.4434416e-006, -4.91447982e-006, 7.61264754e-006, 1, 0, 0, 0, 0, 0, 0, 0, 0.317449487, -0.107311011, -0.253021997, -0.0677310755, 0.554352372, -0.829471525, -0.901367187, 0.322387695, 0.2890625, 0.427603143, 0.767331803, 0.478050759, 0, 0, -0, 0, 0, 0, 0, 0.388479834, -0.0673859863, -0.205074854, 0.340538338, 0.280811915, -0.897180315, 0.284057617, -0.940429688, -0.186523437, -0.896193375, -0.191299614, -0.400049541, 0, 1, 5, 1, 
290.286826, 33, 0.1, 0.1, 0.0255831732, 0.37497704, -0.0349659039, 0.884668948, -0.466219746, 1.61188657e-005, 0.466219746, 0.884668948, 3.3128464e-006, -1.58043744e-005, 4.58416114e-006, 1, 0.884668927, -0.466219787, 2.74575758e-006, 0.466219787, 0.884668927, -8.40557532e-006, 1.48975912e-006, 8.71627782e-006, 1, 0, 0, 0, 0, 0, 0, 0, 0.317449487, -0.107311011, -0.253021997, -0.0677310755, 0.554352372, -0.829471525, -0.901367187, 0.322387695, 0.2890625, 0.427603143, 0.767331803, 0.478050759, 0, 0, -0, 0, 0, 0, 0, 0.388479834, -0.0673859863, -0.205074854, 0.340538338, 0.280811915, -0.897180315, 0.284057617, -0.940429688, -0.186523437, -0.896193375, -0.191299614, -0.400049541, 0, 1, 5, 1, 
290.287533, 33, 0.1, 0.1, 0.0255831669, 0.374977036, -0.0349694887, 0.884669007, -0.466219635, 4.48365027e-006, 0.466219635, 0.884669007, 1.22209782e-007, -4.02352304e-006, 1.98225059e-006, 1, 0.884668991, -0.466219666, 1.62593841e-005, 0.466219666, 0.884668991, 8.25517289e-006, -1.82328969e-005, 2.77349177e-007, 1, 0, 0, 0, 0, 0, 0, 0, 0.317449487, -0.107311011, -0.253021997, -0.0677310755, 0.554352372, -0.829471525, -0.901367187, 0.322387695, 0.2890625, 0.427603143, 0.767331803, 0.478050759, 0, 0, -0, 0, 0, 0, 0, 0.388479834, -0.0673859863, -0.205074854, 0.340538338, 0.280811915, -0.897180315, 0.284057617, -0.940429688, -0.186523437, -0.896193375, -0.191299614, -0.400049541, 0, 1, 5, 1, 
290.288237, 33, 0.1, 0.1, 0.025583175, 0.374977042, -0.034972776, 0.884669075, -0.466219506, -2.54495635e-005, 0.466219506, 0.884669075, -1.71929285e-005, 3.05301205e-005, 3.34496923e-006, 1, 0.884669066, -0.466219522, -2.80329042e-005, 0.466219522, 0.884669066, -2.25059899e-005, 3.52925751e-005, 6.8408659e-006, 0.999999999, 0, 0, 0, 0, 0, 0, 0, 0.317449487, -0.107311011, -0.253021997, -0.0677310755, 0.554352372, -0.829471525, -0.901367187, 0.322387695, 0.2890625, 0.427603143, 0.767331803, 0.478050759, 0, 0, -0, 0, 0, 0, 0, 0.388479834, -0.0673859863, -0.205074854, 0.340538338, 0.280811915, -0.897180315, 0.284057617, -0.940429688, -0.186523437, -0.896193375, -0.191299614, -0.400049541, 0, 1, 5, 1, 
290.28896, 33, 0.1, 0.1, 0.0255831722, 0.374977039, -0.0349748264, 0.884669182, -0.466219302, 3.0849424e-005, 0.466219302, 0.884669182, 1.35722363e-005, -3.36191733e-005, 2.3756577e-006, 0.999999999, 0.884669153, -0.466219357, 2.33291723e-005, 0.466219356, 0.884669154, 1.15996728e-005, -2.60465911e-005, 6.1463895e-007, 1, 0, 0, 0, 0, 0, 0, 0, 0.317449487, -0.107311011, -0.253021997, -0.0677310755, 0.554352372, -0.829471525, -0.901367187, 0.322387695, 0.2890625, 0.427603143, 0.767331803, 0.478050759, 0, 0, -0, 0, 0, 0, 0, 0.388479834, -0.0673859863, -0.205074854, 0.340538338, 0.280811915, -0.897180315, 0.284057617, -0.940429688, -0.186523437, -0.896193375, -0.191299614, -0.400049541, 0, 1, 5, 1, 
290.289707, 33, 0.1, 0.1, 0.0255831651, 0.374977036, -0.0349745044, 0.88466931, -0.46621906, -6.14184744e-006, 0.46621906, 0.88466931, -4.33353929e-007, 5.6355418e-006, -2.48007142e-006, 1, 0.884669284, -0.466219109, 9.97687585e-006, 0.466219109, 0.884669284, 5.02068993e-006, -1.11669772e-005, 2.09759998e-007, 1, 0, 0, 0, 0, 0, 0, 0, 0.318679688, -0.108543896, -0.25293667, -0.0699263766, 0.556509481, -0.827852852, -0.900756836, 0.321289062, 0.292114258, 0.428568804, 0.766125007, 0.478906714, 0, 0, -0, 0, 0, 0, 0, 0.389986133, -0.069134082, -0.204406592, 0.339675767, 0.281629644, -0.897352756, 0.28503418, -0.939941406, -0.187133789, -0.896161292, -0.192072866, -0.399576695, 0, 1, 5, 1, 
290.290415, 33, 0.1, 0.1, 0.0255831703, 0.37497704, -0.0349725621, 0.884669375, -0.466218937, -1.03958925e-005, 0.466218937, 0.884669375, -8.08252256e-007, 9.57375019e-006, -4.13172591e-006, 1, 0.884669365, -0.466218955, -1.52759302e-005, 0.466218955, 0.884669365, -1.23646232e-005, 1.92787692e-005, 3.81667515e-006, 1, 0, 0, 0, 0, 0, 0, 0, 0.318679688, -0.108543896, -0.25293667, -0.0699263766, 0.556509481, -0.827852852, -0.900756836, 0.321289062, 0.292114258, 0.428568804, 0.766125007, 0.478906714, 0, 0, -0, 0, 0, 0, 0, 0.389986133, -0.069134082, -0.204406592, 0.339675767, 0.281629644, -0.897352756, 0.28503418, -0.939941406, -0.187133789, -0.896161292, -0.192072866, -0.399576695, 0, 1, 5, 1, 
290.291125, 33, 0.1, 0.1, 0.0255831664, 0.374977038, -0.0349697183, 0.884669502, -0.466218695, 6.4113898e-006, 0.466218695, 0.884669502, 1.17614359e-006, -6.22030116e-006, 1.94861142e-006, 1, 0.884669472, -0.466218752, 1.53550192e-005, 0.466218752, 0.884669472, 2.05145441e-006, -1.45405433e-005, 5.34393881e-006, 1, 0, 0, 0, 0, 0, 0, 0, 0.318679688, -0.108543896, -0.25293667, -0.0699263766, 0.556509481, -0.827852852, -0.900756836, 0.321289062, 0.292114258, 0.428568804, 0.766125007, 0.478906714, 0, 0, -0, 0, 0, 0, 0, 0.389986133, -0.069134082, -0.204406592, 0.339675767, 0.281629644, -0.897352756, 0.28503418, -0.939941406, -0.187133789, -0.896161292, -0.192072866, -0.399576695, 0, 1, 5, 1, 
290.291849, 33, 0.1, 0.1, 0.0255831699, 0.374977039, -0.0349667066, 0.884669634, -0.466218445, 2.20106575e-006, 0.466218445, 0.884669634, -3.4347176e-006, -3.45887331e-007, 4.06476782e-006, 1, 0.884669617, -0.466218477, -8.65875522e-006, 0.466218477, 0.884669617, -6.63031364e-006, 1.07513124e-005, 1.82876536e-006, 1, 0, 0, 0, 0, 0, 0, 0, 0.318679688, -0.108543896, -0.25293667, -0.0699263766, 0.556509481, -0.827852852, -0.900756836, 0.321289062, 0.292114258, 0.428568804, 0.766125007, 0.478906714, 0, 0, -0, 0, 0, 0, 0, 0.389986133, -0.069134082, -0.204406592, 0.339675767, 0.281629644, -0.897352756, 0.28503418, -0.939941406, -0.187133789, -0.896161292, -0.192072866, -0.399576695, 0, 1, 5, 1, 
290.292583, 33, 0.1, 0.1, 0.0255831696, 0.374977039, -0.0349641917, 0.884669697, -0.466218325, -1.74874372e-006, 0.466218325, 0.884669697, 2.74853233e-006, 2.65644437e-007, -3.24683964e-006, 1, 0.884669687, -0.466218346, -4.51934741e-006, 0.466218346, 0.884669687, -3.21278239e-006, 5.49598775e-006, 7.35248519e-007, 1, 0, 0, 0, 0, 0, 0, 0, 0.318679688, -0.108543896, -0.25293667, -0.0699263766, 0.556509481, -0.827852852, -0.900756836, 0.321289062, 0.292114258, 0.428568804, 0.766125007, 0.478906714, 0, 0, -0, 0, 0, 0, 0, 0.391530762, -0.0699230469, -0.203487256, 0.339260523, 0.283603786, -0.89681611, 0.286987305, -0.939086914, -0.188354492, -0.895713965, -0.193338288, -0.400011262, 0, 1, 5, 1, 
290.29329, 33, 0.1, 0.1, 0.0255831667, 0.37497704, -0.0349633968, 0.884669803, -0.466218124, -1.29781828e-005, 0.466218124, 0.884669803, -1.15452156e-006, 1.20196653e-005, -5.02929369e-006, 1, 0.884669778, -0.466218172, 5.87397502e-006, 0.466218172, 0.884669778, -3.6336234e-006, -3.50246692e-006, 5.9531107e-006, 1, 0, 0, 0, 0, 0, 0, 0, 0.318679688, -0.108543896, -0.25293667, -0.0699263766, 0.556509481, -0.827852852, -0.900756836, 0.321289062, 0.292114258, 0.428568804, 0.766125007, 0.478906714, 0, 0, -0, 0, 0, 0, 0, 0.391530762, -0.0699230469, -0.203487256, 0.339260523, 0.283603786, -0.89681611, 0.286987305, -0.939086914, -0.188354492, -0.895713965, -0.193338288, -0.400011262, 0, 1, 5, 1, 
290.293994, 33, 0.1, 0.1, 0.0255831696, 0.374977041, -0.0349644035, 0.884669883, -0.466217973, 1.26437847e-005, 0.466217973, 0.884669883, 7.99413062e-006, -1.49125829e-005, -1.17740694e-006, 1, 0.884669878, -0.466217983, -1.16522296e-006, 0.466217983, 0.884669878, -4.5656368e-006, 3.15941964e-006, 3.49583345e-006, 1, 0, 0, 0, 0, 0, 0, 0, 0.318679688, -0.108543896, -0.25293667, -0.0699263766, 0.556509481, -0.827852852, -0.900756836, 0.321289062, 0.292114258, 0.428568804, 0.766125007, 0.478906714, 0, 0, -0, 0, 0, 0, 0, 0.391530762, -0.0699230469, -0.203487256, 0.339260523, 0.283603786, -0.89681611, 0.286987305, -0.939086914, -0.188354492, -0.895713965, -0.193338288, -0.400011262, 0, 1, 5, 1, 
290.294744, 33, 0.1, 0.1, 0.0255831621, 0.374977037, -0.034966482, 0.884669926, -0.466217891, 4.86433077e-006, 0.466217891, 0.884669926, -4.43844107e-006, -2.23404651e-006, 6.19439337e-006, 1, 0.884669914, -0.466217914, 1.7785806e-005, 0.466217914, 0.884669914, 3.75681843e-006, -1.74860635e-005, 4.96851715e-006, 1, 0, 0, 0, 0, 0, 0, 0, 0.319714478, -0.109318091, -0.252167456, -0.0715570325, 0.558907725, -0.825999035, -0.900268555, 0.32019043, 0.294677734, 0.42919785, 0.764880019, 0.480466977, 0, 0, -0, 0, 0, 0, 0, 0.391530762, -0.0699230469, -0.203487256, 0.339260523, 0.283603786, -0.89681611, 0.286987305, -0.939086914, -0.188354492, -0.895713965, -0.193338288, -0.400011262, 0, 1, 5, 1, 
290.295454, 33, 0.1, 0.1, 0.0255831733, 0.37497704, -0.0349689901, 0.884670058, -0.466217639, -3.18958237e-005, 0.466217639, 0.884670059, -1.02713057e-005, 3.30059441e-005, -5.78367898e-006, 0.999999999, 0.884670031, -0.46621769, -4.05917095e-005, 0.46621769, 0.884670032, -7.39825709e-006, 3.93594672e-005, -1.23795567e-005, 0.999999999, 0, 0, 0, 0, 0, 0, 0, 0.319714478, -0.109318091, -0.252167456, -0.0715570325, 0.558907725, -0.825999035, -0.900268555, 0.32019043, 0.294677734, 0.42919785, 0.764880019, 0.480466977, 0, 0, -0, 0, 0, 0, 0, 0.391530762, -0.0699230469, -0.203487256, 0.339260523, 0.283603786, -0.89681611, 0.286987305, -0.939086914, -0.188354492, -0.895713965, -0.193338288, -0.400011262, 0, 1, 5, 1, 
290.296157, 33, 0.1, 0.1, 0.0255831676, 0.37497704, -0.0349714281, 0.884670087, -0.466217584, 3.58395848e-005, 0.466217584, 0.884670088, 2.22884632e-005, -4.20974821e-005, -3.00889201e-006, 0.999999999, 0.8846701, -0.46621756, 3.2599265e-005, 0.46621756, 0.884670101, 9.88804122e-006, -3.34495735e-005, 6.45069535e-006, 0.999999999, 0, 0, 0, 0, 0, 0, 0, 0.319714478, -0.109318091, -0.252167456, -0.0715570325, 0.558907725, -0.825999035, -0.900268555, 0.32019043, 0.294677734, 0.42919785, 0.764880019, 0.480466977, 0, 0, -0, 0, 0, 0, 0, 0.391530762, -0.0699230469, -0.203487256, 0.339260523, 0.283603786, -0.89681611, 0.286987305, -0.939086914, -0.188354492, -0.895713965, -0.193338288, -0.400011262, 0, 1, 5, 1, 
290.296925, 33, 0.1, 0.1, 0.0255831585, 0.374977037, -0.0349728716, 0.884670012, -0.466217728, 2.34717145e-006, 0.466217728, 0.884670012, -1.4872307e-005, 4.85726098e-006, 1.42513769e-005, 1, 0.884670019, -0.466217715, 1.8313746e-005, 0.466217715, 0.884670019, -1.12044268e-006, -1.56792517e-005, 9.52941484e-006, 1, 0, 0, 0, 0, 0, 0, 0, 0.320223926, -0.109800439, -0.252462939, -0.0748494232, 0.562720577, -0.823142487, -0.898803711, 0.319458008, 0.300048828, 0.431820377, 0.762422244, 0.482115607, 0, 0, -0, 0, 0, 0, 0, 0.391530762, -0.0699230469, -0.203487256, 0.336155121, 0.286593983, -0.897020267, 0.287963867, -0.938110352, -0.191772461, -0.896531327, -0.193760461, -0.398068836, 0, 1, 5, 1, 
290.297632, 33, 0.1, 0.1, 0.0255831646, 0.374977041, -0.0349726066, 0.884670065, -0.466217627, -1.47805339e-005, 0.466217627, 0.884670065, 5.38703432e-007, 1.28247429e-005, -7.36752025e-006, 1, 0.884670046, -0.466217664, -2.29424557e-005, 0.466217664, 0.884670046, -3.67805849e-006, 2.20112791e-005, -7.44230991e-006, 1, 0, 0, 0, 0, 0, 0, 0, 0.320223926, -0.109800439, -0.252462939, -0.0748494232, 0.562720577, -0.823142487, -0.898803711, 0.319458008, 0.300048828, 0.431820377, 0.762422244, 0.482115607, 0, 0, -0, 0, 0, 0, 0, 0.392201074, -0.0704038086, -0.203683154, 0.336155121, 0.286593983, -0.897020267, 0.287963867, -0.938110352, -0.191772461, -0.896531327, -0.193760461, -0.398068836, 0, 1, 5, 1, 
290.298337, 33, 0.1, 0.1, 0.0255831609, 0.374977042, -0.0349713575, 0.884670212, -0.466217349, 4.85562945e-006, 0.466217349, 0.884670212, -3.03991929e-006, -2.87836762e-006, 4.95310473e-006, 1, 0.884670181, -0.466217406, 1.43054693e-005, 0.466217407, 0.884670181, -4.97645157e-006, -1.03355138e-005, 1.10719771e-005, 1, 0, 0, 0, 0, 0, 0, 0, 0.320223926, -0.109800439, -0.252462939, -0.0748494232, 0.562720577, -0.823142487, -0.898803711, 0.319458008, 0.300048828, 0.431820377, 0.762422244, 0.482115607, 0, 0, -0, 0, 0, 0, 0, 0.392201074, -0.0704038086, -0.203683154, 0.336155121, 0.286593983, -0.897020267, 0.287963867, -0.938110352, -0.191772461, -0.896531327, -0.193760461, -0.398068836, 0, 1, 5, 1, 
290.299068, 33, 0.1, 0.1, 0.025583165, 0.374977042, -0.0349694201, 0.884670361, -0.466217066, 2.79809163e-006, 0.466217066, 0.884670361, -4.00837797e-006, -6.06614516e-007, 4.85061125e-006, 1, 0.88467033, -0.466217125, -1.31642976e-005, 0.466217125, 0.88467033, 7.08612434e-007, 1.13156962e-005, -6.76430935e-006, 1, 0, 0, 0, 0, 0, 0, 0, 0.320223926, -0.109800439, -0.252462939, -0.0748494232, 0.562720577, -0.823142487, -0.898803711, 0.319458008, 0.300048828, 0.431820377, 0.762422244, 0.482115607, 0, 0, -0, 0, 0, 0, 0, 0.392201074, -0.0704038086, -0.203683154, 0.336155121, 0.286593983, -0.897020267, 0.287963867, -0.938110352, -0.191772461, -0.896531327, -0.193760461, -0.398068836, 0, 1, 5, 1, 
290.299798, 33, 0.1, 0.1, 0.0255831637, 0.374977043, -0.0349670356, 0.884670491, -0.466216819, 3.13208085e-006, 0.466216819, 0.884670491, -1.55660741e-006, -2.04514295e-006, 2.83731341e-006, 1, 0.884670467, -0.466216864, -3.60764934e-006, 0.466216864, 0.884670467, -7.39582958e-008, 3.22606143e-006, -1.61651824e-006, 1, 0, 0, 0, 0, 0, 0, 0, 0.320223926, -0.109800439, -0.252462939, -0.0748494232, 0.562720577, -0.823142487, -0.898803711, 0.319458008, 0.300048828, 0.431820377, 0.762422244, 0.482115607, 0, 0, -0, 0, 0, 0, 0, 0.392201074, -0.0704038086, -0.203683154, 0.336155121, 0.286593983, -0.897020267, 0.287963867, -0.938110352, -0.191772461, -0.896531327, -0.193760461, -0.398068836, 0, 1, 5, 1, 
290.300513, 33, 0.1, 0.1, 0.0255831637, 0.374977043, -0.0349653187, 0.884670603, -0.466216607, 1.36073741e-005, 0.466216607, 0.884670603, -2.6170372e-006, -1.08179376e-005, 8.65919965e-006, 1, 0.884670582, -0.466216647, -1.74335821e-006, 0.466216647, 0.884670582, 1.92332754e-006, 6.45610405e-007, -2.51429391e-006, 1, 0, 0, 0, 0, 0, 0, 0, 0.320223926, -0.109800439, -0.252462939, -0.0748494232, 0.562720577, -0.823142487, -0.898803711, 0.319458008, 0.300048828, 0.431820377, 0.762422244, 0.482115607, 0, 0, -0, 0, 0, 0, 0, 0.392201074, -0.0704038086, -0.203683154, 0.336155121, 0.286593983, -0.897020267, 0.287963867, -0.938110352, -0.191772461, -0.896531327, -0.193760461, -0.398068836, 0, 1, 5, 1, 
290.301223, 33, 0.1, 0.1, 0.0255831629, 0.374977043, -0.0349648921, 0.884670704, -0.466216415, -2.32900887e-005, 0.466216415, 0.884670704, 6.75432695e-006, 1.74550811e-005, -1.68335769e-005, 1, 0.884670685, -0.466216451, -1.31820616e-005, 0.466216451, 0.884670685, 4.34229862e-006, 9.6373324e-006, -9.98719827e-006, 1, 0, 0, 0, 0, 0, 0, 0, 0.320223926, -0.109800439, -0.252462939, -0.0748494232, 0.562720577, -0.823142487, -0.898803711, 0.319458008, 0.300048828, 0.431820377, 0.762422244, 0.482115607, 0, 0, -0, 0, 0, 0, 0, 0.392201074, -0.0704038086, -0.203683154, 0.336155121, 0.286593983, -0.897020267, 0.287963867, -0.938110352, -0.191772461, -0.896531327, -0.193760461, -0.398068836, 0, 1, 5, 1, 
290.301981, 33, 0.1, 0.1, 0.0255831643, 0.374977043, -0.0349652463, 0.8846708, -0.466216233, 7.95806975e-006, 0.466216233, 0.8846708, -2.58030935e-006, -5.83728983e-006, 5.99290564e-006, 1, 0.884670783, -0.466216265, 9.47190121e-006, 0.466216265, 0.884670783, -3.3925772e-006, -6.79783959e-006, 7.41726834e-006, 1, 0, 0, 0, 0, 0, 0, 0, 0.320829565, -0.110847314, -0.252186108, -0.0763011019, 0.564179369, -0.822076476, -0.897094727, 0.320922852, 0.303588867, 0.435140098, 0.76070809, 0.481823176, 0, 0, -0, 0, 0, 0, 0, 0.393205713, -0.0719411133, -0.203460889, 0.33478762, 0.286587786, -0.89756311, 0.286499023, -0.938354492, -0.192749023, -0.897534256, -0.192533686, -0.396407493, 0, 1, 5, 1, 
290.30269, 33, 0.1, 0.1, 0.0255831645, 0.374977043, -0.0349664946, 0.884670877, -0.466216086, -7.25971487e-006, 0.466216086, 0.884670877, 3.68235755e-006, 4.705684e-006, -6.64227034e-006, 1, 0.884670863, -0.466216114, 2.20198593e-006, 0.466216114, 0.884670863, 5.66981828e-007, -2.21236886e-006, 5.2500902e-007, 1, 0, 0, 0, 0, 0, 0, 0, 0.320829565, -0.110847314, -0.252186108, -0.0763011019, 0.564179369, -0.822076476, -0.897094727, 0.320922852, 0.303588867, 0.435140098, 0.76070809, 0.481823176, 0, 0, -0, 0, 0, 0, 0, 0.393205713, -0.0719411133, -0.203460889, 0.33478762, 0.286587786, -0.89756311, 0.286499023, -0.938354492, -0.192749023, -0.897534256, -0.192533686, -0.396407493, 0, 1, 5, 1, 
290.303394, 33, 0.1, 0.1, 0.0255831615, 0.374977044, -0.0349684284, 0.884670947, -0.466215954, 1.71198111e-005, 0.466215954, 0.884670947, -4.87152069e-006, -1.28742188e-005, 1.22912219e-005, 1, 0.884670933, -0.466215979, 1.91798751e-005, 0.466215979, 0.884670934, -4.96009815e-006, -1.46554009e-005, 1.33300189e-005, 1, 0, 0, 0, 0, 0, 0, 0, 0.320829565, -0.110847314, -0.252186108, -0.0763011019, 0.564179369, -0.822076476, -0.897094727, 0.320922852, 0.303588867, 0.435140098, 0.76070809, 0.481823176, 0, 0, -0, 0, 0, 0, 0, 0.393205713, -0.0719411133, -0.203460889, 0.33478762, 0.286587786, -0.89756311, 0.286499023, -0.938354492, -0.192749023, -0.897534256, -0.192533686, -0.396407493, 0, 1, 5, 1, 
290.30414, 33, 0.1, 0.1, 0.0255831658, 0.374977043, -0.0349702548, 0.884671017, -0.466215821, -1.46825931e-005, 0.466215821, 0.884671017, 3.10380157e-006, 1.15422232e-005, -9.59110048e-006, 1, 0.884671004, -0.466215845, -2.14397687e-005, 0.466215846, 0.884671004, 5.01172498e-006, 1.66305961e-005, -1.44292877e-005, 1, 0, 0, 0, 0, 0, 0, 0, 0.320829565, -0.110847314, -0.252186108, -0.0763011019, 0.564179369, -0.822076476, -0.897094727, 0.320922852, 0.303588867, 0.435140098, 0.76070809, 0.481823176, 0, 0, -0, 0, 0, 0, 0, 0.393205713, -0.0719411133, -0.203460889, 0.33478762, 0.286587786, -0.89756311, 0.286499023, -0.938354492, -0.192749023, -0.897534256, -0.192533686, -0.396407493, 0, 1, 5, 1, 
290.304846, 33, 0.1, 0.1, 0.0255831601, 0.374977041, -0.0349713309, 0.88467102, -0.466215815, 1.90933269e-005, 0.466215815, 0.88467102, 1.37164681e-005, -2.32861474e-005, -3.23295089e-006, 1, 0.884671027, -0.466215802, 2.18047355e-005, 0.466215802, 0.884671027, 1.42746116e-005, -2.59450672e-005, -2.46262305e-006, 1, 0, 0, 0, 0, 0, 0, 0, 0.320829565, -0.110847314, -0.252186108, -0.0763011019, 0.564179369, -0.822076476, -0.897094727, 0.320922852, 0.303588867, 0.435140098, 0.76070809, 0.481823176, 0, 0, -0, 0, 0, 0, 0, 0.393205713, -0.0719411133, -0.203460889, 0.33478762, 0.286587786, -0.89756311, 0.286499023, -0.938354492, -0.192749023, -0.897534256, -0.192533686, -0.396407493, 0, 1, 5, 1, 
290.305551, 33, 0.1, 0.1, 0.0255831638, 0.374977042, -0.0349717204, 0.884671002, -0.466215849, -2.99567017e-005, 0.466215849, 0.884671002, -1.25510447e-005, 3.23533213e-005, -2.86274383e-006, 0.999999999, 0.884671008, -0.466215837, -2.70276313e-005, 0.466215837, 0.884671009, -6.62053371e-006, 2.69971595e-005, -6.74371552e-006, 1, 0, 0, 0, 0, 0, 0, 0, 0.320829565, -0.110847314, -0.252186108, -0.0763011019, 0.564179369, -0.822076476, -0.897094727, 0.320922852, 0.303588867, 0.435140098, 0.76070809, 0.481823176, 0, 0, -0, 0, 0, 0, 0, 0.393205713, -0.0719411133, -0.203460889, 0.33478762, 0.286587786, -0.89756311, 0.286499023, -0.938354492, -0.192749023, -0.897534256, -0.192533686, -0.396407493, 0, 1, 5, 1, 
290.306285, 33, 0.1, 0.1, 0.0255831666, 0.374977045, -0.0349712574, 0.884670898, -0.466216047, 6.81066812e-006, 0.466216047, 0.884670898, 1.77760326e-005, -1.43126715e-005, -1.25506959e-005, 1, 0.884670935, -0.466215976, 2.62574689e-006, 0.466215976, 0.884670935, 1.08573518e-006, -2.82910904e-006, 2.63646795e-007, 1, 0, 0, 0, 0, 0, 0, 0, 0.320829565, -0.110847314, -0.252186108, -0.0763011019, 0.564179369, -0.822076476, -0.897094727, 0.320922852, 0.303588867, 0.435140098, 0.76070809, 0.481823176, 0, 0, -0, 0, 0, 0, 0, 0.393205713, -0.0719411133, -0.203460889, 0.33478762, 0.286587786, -0.89756311, 0.286499023, -0.938354492, -0.192749023, -0.897534256, -0.192533686, -0.396407493, 0, 1, 5, 1, 
290.307144, 33, 0.1, 0.1, 0.0255831642, 0.374977043, -0.034968694, 0.884670675, -0.46621647, 4.11652605e-006, 0.46621647, 0.884670675, -2.73914985e-005, 9.12859787e-006, 2.61516477e-005, 1, 0.884670755, -0.466216319, -9.42544699e-007, 0.466216319, 0.884670755, 4.85297734e-007, 6.07588007e-007, -8.68758432e-007, 1, 0, 0, 0, 0, 0, 0, 0, 0.32126958, -0.112109253, -0.251903906, -0.0766294817, 0.565822008, -0.820934082, -0.895385742, 0.323120117, 0.306274414, 0.438529091, 0.758594043, 0.482013014, 0, 0, -0, 0, 0, 0, 0, 0.393747266, -0.0732568848, -0.203458447, 0.333177317, 0.286594349, -0.898131472, 0.28515625, -0.938598633, -0.193847656, -0.898562704, -0.191428311, -0.394503347, 0, 1, 5, 1, 
290.307851, 33, 0.1, 0.1, 0.0255831578, 0.374977051, -0.0349657307, 0.884670384, -0.466217022, 1.46038754e-005, 0.466217022, 0.884670384, 1.25238796e-006, -1.35035006e-005, 5.70062475e-006, 1, 0.884670451, -0.466216895, 2.34926411e-005, 0.466216896, 0.884670451, -1.32280765e-005, -1.46160926e-005, 2.26551546e-005, 1, 0, 0, 0, 0, 0, 0, 0, 0.32126958, -0.112109253, -0.251903906, -0.0766294817, 0.565822008, -0.820934082, -0.895385742, 0.323120117, 0.306274414, 0.438529091, 0.758594043, 0.482013014, 0, 0, -0, 0, 0, 0, 0, 0.393747266, -0.0732568848, -0.203458447, 0.333177317, 0.286594349, -0.898131472, 0.28515625, -0.938598633, -0.193847656, -0.898562704, -0.191428311, -0.394503347, 0, 1, 5, 1, 
290.308547, 33, 0.1, 0.1, 0.0255831652, 0.374977043, -0.0349641267, 0.884669991, -0.466217768, -2.25908068e-005, 0.466217768, 0.88466999, 2.43906566e-005, 8.61405141e-006, -3.21099175e-005, 0.999999999, 0.884670069, -0.466217619, -3.11344461e-005, 0.46621762, 0.884670069, 2.79976842e-005, 1.44906989e-005, -3.92841406e-005, 0.999999999, 0, 0, 0, 0, 0, 0, 0, 0.32126958, -0.112109253, -0.251903906, -0.0766294817, 0.565822008, -0.820934082, -0.895385742, 0.323120117, 0.306274414, 0.438529091, 0.758594043, 0.482013014, 0, 0, -0, 0, 0, 0, 0, 0.393747266, -0.0732568848, -0.203458447, 0.333177317, 0.286594349, -0.898131472, 0.28515625, -0.938598633, -0.193847656, -0.898562704, -0.191428311, -0.394503347, 0, 1, 5, 1, 
290.309279, 33, 0.1, 0.1, 0.0255831623, 0.374977045, -0.0349640884, 0.884669687, -0.466218344, 7.6789814e-006, 0.466218344, 0.884669687, -1.9116331e-005, 2.11902213e-006, 2.04917206e-005, 1, 0.884669736, -0.466218251, 9.56182616e-006, 0.466218251, 0.884669736, -1.9848889e-005, 7.94856099e-007, 2.20176093e-005, 1, 0, 0, 0, 0, 0, 0, 0, 0.322548267, -0.113669751, -0.250348047, -0.0735759823, 0.565954558, -0.821098832, -0.89453125, 0.326293945, 0.305175781, 0.440640895, 0.757089946, 0.482533476, 0, 0, -0, 0, 0, 0, 0, 0.393747266, -0.0732568848, -0.203458447, 0.333349758, 0.28633259, -0.898156991, 0.283691406, -0.938964844, -0.193969727, -0.899035551, -0.190105654, -0.394260544, 0, 1, 5, 1, 
290.309981, 33, 0.1, 0.1, 0.025583163, 0.374977045, -0.0349654212, 0.88466944, -0.466218814, -3.66799059e-006, 0.466218814, 0.88466944, 2.7669994e-006, 1.954932e-006, -4.15796603e-006, 1, 0.884669491, -0.466218716, -1.07790757e-005, 0.466218716, 0.884669491, 5.46684966e-006, 6.9871718e-006, -9.86176194e-006, 1, 0, 0, 0, 0, 0, 0, 0, 0.322548267, -0.113669751, -0.250348047, -0.0735759823, 0.565954558, -0.821098832, -0.89453125, 0.326293945, 0.305175781, 0.440640895, 0.757089946, 0.482533476, 0, 0, -0, 0, 0, 0, 0, 0.394864941, -0.074809082, -0.202785303, 0.333349758, 0.28633259, -0.898156991, 0.283691406, -0.938964844, -0.193969727, -0.899035551, -0.190105654, -0.394260544, 0, 1, 5, 1, 
290.31068, 33, 0.1, 0.1, 0.02558316, 0.374977046, -0.0349678122, 0.884669202, -0.466219264, -1.14447318e-005, 0.466219265, 0.884669202, 1.9169823e-006, 9.23106765e-006, -7.03164963e-006, 1, 0.884669246, -0.466219181, 5.83652643e-006, 0.466219181, 0.884669246, -2.93570737e-006, -3.79471235e-006, 5.3182306e-006, 1, 0, 0, 0, 0, 0, 0, 0, 0.322548267, -0.113669751, -0.250348047, -0.0735759823, 0.565954558, -0.821098832, -0.89453125, 0.326293945, 0.305175781, 0.440640895, 0.757089946, 0.482533476, 0, 0, -0, 0, 0, 0, 0, 0.394864941, -0.074809082, -0.202785303, 0.333349758, 0.28633259, -0.898156991, 0.283691406, -0.938964844, -0.193969727, -0.899035551, -0.190105654, -0.394260544, 0, 1, 5, 1, 
290.311378, 33, 0.1, 0.1, 0.0255831628, 0.374977045, -0.0349705385, 0.884668987, -0.466219672, 1.38025972e-005, 0.466219672, 0.884668988, 2.64301754e-006, -1.34429565e-005, 4.09684669e-006, 1, 0.884669035, -0.466219582, -1.30263929e-006, 0.466219582, 0.884669035, -7.48922331e-007, 1.5015669e-006, 5.52324513e-008, 1, 0, 0, 0, 0, 0, 0, 0, 0.322548267, -0.113669751, -0.250348047, -0.0735759823, 0.565954558, -0.821098832, -0.89453125, 0.326293945, 0.305175781, 0.440640895, 0.757089946, 0.482533476, 0, 0, -0, 0, 0, 0, 0, 0.394864941, -0.074809082, -0.202785303, 0.333349758, 0.28633259, -0.898156991, 0.283691406, -0.938964844, -0.193969727, -0.899035551, -0.190105654, -0.394260544, 0, 1, 5, 1, 
290.312077, 33, 0.1, 0.1, 0.0255831569, 0.374977042, -0.0349728209, 0.884668725, -0.466220171, 3.61918549e-006, 0.466220171, 0.884668725, 2.4590286e-006, -4.34822895e-006, -4.88088417e-007, 1, 0.884668772, -0.46622008, 1.47874076e-005, 0.46622008, 0.884668772, 7.30965391e-006, -1.64898651e-005, 4.27563786e-007, 1, 0, 0, 0, 0, 0, 0, 0, 0.322548267, -0.113669751, -0.250348047, -0.0735759823, 0.565954558, -0.821098832, -0.89453125, 0.326293945, 0.305175781, 0.440640895, 0.757089946, 0.482533476, 0, 0, -0, 0, 0, 0, 0, 0.394864941, -0.074809082, -0.202785303, 0.333349758, 0.28633259, -0.898156991, 0.283691406, -0.938964844, -0.193969727, -0.899035551, -0.190105654, -0.394260544, 0, 1, 5, 1, 
290.312778, 33, 0.1, 0.1, 0.0255831638, 0.374977047, -0.0349739902, 0.884668508, -0.466220582, -2.04252664e-005, 0.466220582, 0.884668508, -1.17999586e-005, 2.35709735e-005, 9.16372159e-007, 1, 0.884668545, -0.466220511, -2.67808563e-005, 0.466220511, 0.884668545, -1.07802979e-005, 2.87181771e-005, -2.94879405e-006, 1, 0, 0, 0, 0, 0, 0, 0, 0.322548267, -0.113669751, -0.250348047, -0.0735759823, 0.565954558, -0.821098832, -0.89453125, 0.326293945, 0.305175781, 0.440640895, 0.757089946, 0.482533476, 0, 0, -0, 0, 0, 0, 0, 0.394864941, -0.074809082, -0.202785303, 0.333349758, 0.28633259, -0.898156991, 0.283691406, -0.938964844, -0.193969727, -0.899035551, -0.190105654, -0.394260544, 0, 1, 5, 1, 
