time, trialNum, realDorsalTactorPos, realVentralTactorPos, boxPosX, boxPosY, boxPosZ, boxLocalRot_11, boxLocalRot_12, boxLocalRot_13, boxLocalRot_21, boxLocalRot_22, boxLocalRot_23, boxLocalRot_31, boxLocalRot_32, boxLocalRot_33, boxGlobalRot_11, boxGlobalRot_12, boxGlobalRot_13, boxGlobalRot_21, boxGlobalRot_22, boxGlobalRot_23, boxGlobalRot_31, boxGlobalRot_32, boxGlobalRot_33, indexForceX, indexForceY, indexForceZ, indexForceGlobalX, indexForceGlobalY, indexForceGlobalZ, indexContact, indexPosX, indexPosY, indexPosZ, indexRot_11, indexRot_12, indexRot_13, indexRot_21, indexRot_22, indexRot_23, indexRot_31, indexRot_32, indexRot_33, thumbForceX, thumbForceY, thumbForceZ, thumbForceGlobalX, thumbForceGlobalY, thumbForceGlobalZ, thumbContact, thumbPosX, thumbPosY, thumbPosZ, thumbRot_11, thumbRot_12, thumbRot_13, thumbRot_21, thumbRot_22, thumbRot_23, thumbRot_31, thumbRot_32, thumbRot_33, manipForceTooHigh, cceExpType, mapping, trialSuccess, 
170.658448, 17, 0.1, 0.1, 0.00974494675, 0.379154032, -0.0349765201, 0.912421339, 2.44488059e-006, 0.409252122, 0.409252122, -7.44970327e-006, -0.912421339, 8.18045648e-007, 1, -7.79784081e-006, 0.912421568, -3.52374999e-006, 0.409251613, 0.409251613, -8.01218835e-006, -0.912421568, 6.4941465e-006, 1, -5.86839308e-006, 0, 0, 0, 0, 0, 0, 0, 0.306994824, -0.110467383, -0.170040234, -0.131700317, 0.786704232, -0.602960313, -0.900634766, 0.159057617, 0.404174805, 0.413881632, 0.596433635, 0.687752081, 0, 0, -0, 0, 0, 0, 0, 0.376349365, -0.0850458984, -0.132038086, 0.161241635, 0.444826575, -0.880877747, 0.262329102, -0.879760742, -0.396362305, -0.95137006, -0.167064644, -0.258532126, 0, 1, 3, 1, 
170.661282, 17, 0.1, 0.1, 0.00974491894, 0.379154014, -0.0349708538, 0.91241596, 3.80574999e-005, 0.409264113, 0.409264112, 1.09163733e-005, -0.912415961, -3.91919501e-005, 0.999999999, -5.61529567e-006, 0.9124161, 3.04254969e-005, 0.409263801, 0.409263801, 9.88268211e-006, -0.912416101, -3.18053373e-005, 0.999999999, -3.43493624e-006, 0, 0, 0, 0, 0, 0, 0, 0.308704565, -0.112936353, -0.169555664, -0.136701608, 0.786211101, -0.602519983, -0.90637207, 0.145996094, 0.396240234, 0.399471951, 0.600343089, 0.692873201, 0, 0, -0, 0, 0, 0, 0, 0.378243799, -0.0870382324, -0.130610645, 0.174302701, 0.447451468, -0.87711723, 0.276977539, -0.876953125, -0.392333984, -0.944842093, -0.174521547, -0.276793771, 0, 1, 3, 1, 
170.66199, 17, 0.1, 0.1, 0.00974491522, 0.379154011, -0.0349632408, 0.912415267, -1.62695601e-005, 0.409265661, 0.409265661, -1.34847016e-005, -0.912415267, 2.03634203e-005, 1, -5.64507537e-006, 0.912415407, 1.30824953e-006, 0.409265349, 0.409265349, 6.07204708e-006, -0.912415407, -3.67874549e-006, 1, 5.00480811e-006, 0, 0, 0, 0, 0, 0, 0, 0.308704565, -0.112936353, -0.169555664, -0.136701608, 0.786211101, -0.602519983, -0.90637207, 0.145996094, 0.396240234, 0.399471951, 0.600343089, 0.692873201, 0, 0, -0, 0, 0, 0, 0, 0.379021826, -0.0874522461, -0.129968994, 0.178245522, 0.449776321, -0.875073825, 0.285766602, -0.874633789, -0.391357422, -0.94148186, -0.180291588, -0.284557277, 0, 1, 3, 1, 
170.662687, 17, 0.1, 0.1, 0.00974492751, 0.379154016, -0.0349582312, 0.912414682, -1.75004991e-005, 0.409266964, 0.409266964, -7.03212371e-006, -0.912414682, 1.88457282e-005, 1, 7.46163206e-007, 0.912414783, -3.44081161e-005, 0.409266737, 0.409266737, -9.1419461e-006, -0.912414784, 3.51359683e-005, 0.999999999, 5.74085061e-006, 0, 0, 0, 0, 0, 0, 0, 0.308704565, -0.112936353, -0.169555664, -0.136701608, 0.786211101, -0.602519983, -0.90637207, 0.145996094, 0.396240234, 0.399471951, 0.600343089, 0.692873201, 0, 0, -0, 0, 0, 0, 0, 0.379021826, -0.0874522461, -0.129968994, 0.178245522, 0.449776321, -0.875073825, 0.285766602, -0.874633789, -0.391357422, -0.94148186, -0.180291588, -0.284557277, 0, 1, 3, 1, 
170.663387, 17, 0.1, 0.1, 0.00974492222, 0.379154015, -0.0349569197, 0.912414191, 6.01234051e-006, 0.409268058, 0.409268058, 2.09261464e-005, -0.912414191, -1.40501481e-005, 1, 1.66326541e-005, 0.912414291, 2.26039729e-005, 0.409267835, 0.409267835, 8.7292537e-006, -0.912414291, -2.41967907e-005, 1, -1.28638323e-006, 0, 0, 0, 0, 0, 0, 0, 0.308704565, -0.112936353, -0.169555664, -0.136701608, 0.786211101, -0.602519983, -0.90637207, 0.145996094, 0.396240234, 0.399471951, 0.600343089, 0.692873201, 0, 0, -0, 0, 0, 0, 0, 0.379021826, -0.0874522461, -0.129968994, 0.178245522, 0.449776321, -0.875073825, 0.285766602, -0.874633789, -0.391357422, -0.94148186, -0.180291588, -0.284557277, 0, 1, 3, 1, 
170.664096, 17, 0.1, 0.1, 0.00974492719, 0.379154012, -0.0349593472, 0.912413636, 1.12070676e-005, 0.409269295, 0.409269295, -1.26929773e-005, -0.912413636, -5.03063538e-006, 1, -1.61679543e-005, 0.912413745, -9.04618653e-006, 0.409269054, 0.409269054, 8.97218056e-007, -0.912413745, 7.88666134e-006, 1, 4.52095829e-006, 0, 0, 0, 0, 0, 0, 0, 0.309526831, -0.113375635, -0.169484131, -0.141928687, 0.786212223, -0.601300083, -0.909423828, 0.136230469, 0.392700195, 0.390659668, 0.602691159, 0.695893378, 0, 0, -0, 0, 0, 0, 0, 0.379021826, -0.0874522461, -0.129968994, 0.178245522, 0.449776321, -0.875073825, 0.285766602, -0.874633789, -0.391357422, -0.94148186, -0.180291588, -0.284557277, 0, 1, 3, 1, 
170.664791, 17, 0.1, 0.1, 0.00974492509, 0.37915402, -0.034964565, 0.912413167, -1.35043943e-005, 0.409270341, 0.409270341, -1.30809631e-005, -0.912413167, 1.76752374e-005, 1, -6.40829492e-006, 0.912413247, -1.00395724e-006, 0.409270164, 0.409270163, -2.46886056e-005, -0.912413247, 1.10203335e-005, 1, -2.2115321e-005, 0, 0, 0, 0, 0, 0, 0, 0.309526831, -0.113375635, -0.169484131, -0.141928687, 0.786212223, -0.601300083, -0.909423828, 0.136230469, 0.392700195, 0.390659668, 0.602691159, 0.695893378, 0, 0, -0, 0, 0, 0, 0, 0.379021826, -0.0874522461, -0.129968994, 0.178245522, 0.449776321, -0.875073825, 0.285766602, -0.874633789, -0.391357422, -0.94148186, -0.180291588, -0.284557277, 0, 1, 3, 1, 
170.665489, 17, 0.1, 0.1, 0.00974492974, 0.37915401, -0.034970966, 0.912412912, 9.93821957e-006, 0.40927091, 0.40927091, 4.05337203e-005, -0.912412911, -2.56570325e-005, 0.999999999, 3.29160657e-005, 0.912412947, -1.28220129e-006, 0.409270832, 0.409270832, 4.06709459e-005, -0.912412946, -1.54755348e-005, 0.999999999, 3.76334652e-005, 0, 0, 0, 0, 0, 0, 0, 0.309526831, -0.113375635, -0.169484131, -0.141928687, 0.786212223, -0.601300083, -0.909423828, 0.136230469, 0.392700195, 0.390659668, 0.602691159, 0.695893378, 0, 0, -0, 0, 0, 0, 0, 0.379021826, -0.0874522461, -0.129968994, 0.178245522, 0.449776321, -0.875073825, 0.285766602, -0.874633789, -0.391357422, -0.94148186, -0.180291588, -0.284557277, 0, 1, 3, 1, 
170.66618, 17, 0.1, 0.1, 0.00974492375, 0.379154008, -0.0349765322, 0.912412842, 1.23714062e-005, 0.409271067, 0.409271067, -2.6738398e-005, -0.912412841, -3.44577216e-007, 1, -2.94597164e-005, 0.91241284, 2.1644217e-005, 0.409271071, 0.409271071, -1.42818699e-005, -0.91241284, -1.39033054e-005, 1, -2.18893134e-005, 0, 0, 0, 0, 0, 0, 0, 0.309526831, -0.113375635, -0.169484131, -0.141928687, 0.786212223, -0.601300083, -0.909423828, 0.136230469, 0.392700195, 0.390659668, 0.602691159, 0.695893378, 0, 0, -0, 0, 0, 0, 0, 0.379021826, -0.0874522461, -0.129968994, 0.178245522, 0.449776321, -0.875073825, 0.285766602, -0.874633789, -0.391357422, -0.94148186, -0.180291588, -0.284557277, 0, 1, 3, 1, 
170.666902, 17, 0.1, 0.1, 0.0097449327, 0.379154021, -0.0349796394, 0.912412947, -3.43903204e-005, 0.409270832, 0.409270831, -2.15360926e-005, -0.912412947, 4.01922682e-005, 0.999999999, -5.57485472e-006, 0.912412918, -3.15612185e-005, 0.409270895, 0.409270894, -3.2802578e-005, -0.912412919, 4.2222004e-005, 0.999999999, -1.70124078e-005, 0, 0, 0, 0, 0, 0, 0, 0.309791187, -0.11404353, -0.168997974, -0.144991543, 0.78613696, -0.600702115, -0.912475586, 0.128295898, 0.388183594, 0.382246157, 0.604556958, 0.698888467, 0, 0, -0, 0, 0, 0, 0, 0.379321875, -0.0872016602, -0.129550342, 0.181689976, 0.452139454, -0.873215621, 0.294799805, -0.872192383, -0.390258789, -0.938051266, -0.186425834, -0.291726535, 0, 1, 3, 1, 
170.667597, 17, 0.1, 0.1, 0.00974493933, 0.379154015, -0.034979501, 0.91241317, 6.91841053e-006, 0.409270334, 0.409270334, 3.10834823e-005, -0.91241317, -1.90339961e-005, 0.999999999, 2.55294784e-005, 0.912413114, -5.25530913e-006, 0.409270459, 0.409270459, 2.80240811e-005, -0.912413114, -6.67441557e-006, 1, 2.77203819e-005, 0, 0, 0, 0, 0, 0, 0, 0.309791187, -0.11404353, -0.168997974, -0.144991543, 0.78613696, -0.600702115, -0.912475586, 0.128295898, 0.388183594, 0.382246157, 0.604556958, 0.698888467, 0, 0, -0, 0, 0, 0, 0, 0.379321875, -0.0872016602, -0.129550342, 0.181689976, 0.452139454, -0.873215621, 0.294799805, -0.872192383, -0.390258789, -0.938051266, -0.186425834, -0.291726535, 0, 1, 3, 1, 
170.66829, 17, 0.1, 0.1, 0.00974493235, 0.379154011, -0.0349765667, 0.912413509, 1.92116355e-005, 0.409269579, 0.409269579, -8.85124158e-006, -0.912413509, -1.39064118e-005, 1, -1.59387303e-005, 0.912413434, 2.66595763e-005, 0.409269747, 0.409269747, -9.80315914e-007, -0.912413434, -2.39233419e-005, 1, -1.18054115e-005, 0, 0, 0, 0, 0, 0, 0, 0.309791187, -0.11404353, -0.168997974, -0.144991543, 0.78613696, -0.600702115, -0.912475586, 0.128295898, 0.388183594, 0.382246157, 0.604556958, 0.698888467, 0, 0, -0, 0, 0, 0, 0, 0.379321875, -0.0872016602, -0.129550342, 0.181689976, 0.452139454, -0.873215621, 0.294799805, -0.872192383, -0.390258789, -0.938051266, -0.186425834, -0.291726535, 0, 1, 3, 1, 
170.668987, 17, 0.1, 0.1, 0.00974493535, 0.379154013, -0.0349718134, 0.912413931, -6.57322035e-006, 0.409268639, 0.409268639, 2.04069243e-006, -0.912413931, 5.16230641e-006, 1, 4.55216915e-006, 0.912413844, -1.25767907e-005, 0.409268833, 0.409268833, -2.91429981e-007, -0.912413844, 1.15945112e-005, 1, 4.88138373e-006, 0, 0, 0, 0, 0, 0, 0, 0.309791187, -0.11404353, -0.168997974, -0.144991543, 0.78613696, -0.600702115, -0.912475586, 0.128295898, 0.388183594, 0.382246157, 0.604556958, 0.698888467, 0, 0, -0, 0, 0, 0, 0, 0.379321875, -0.0872016602, -0.129550342, 0.181689976, 0.452139454, -0.873215621, 0.294799805, -0.872192383, -0.390258789, -0.938051266, -0.186425834, -0.291726535, 0, 1, 3, 1, 
170.66968, 17, 0.1, 0.1, 0.00974493467, 0.379154012, -0.0349667778, 0.91241432, -5.27992588e-006, 0.409267771, 0.409267771, -5.13453715e-006, -0.91241432, 6.91888055e-006, 1, -2.52392173e-006, 0.912414251, 3.12873591e-006, 0.409267926, 0.409267926, 5.61010046e-006, -0.912414251, -5.15073741e-006, 1, 3.83824435e-006, 0, 0, 0, 0, 0, 0, 0, 0.309791187, -0.11404353, -0.168997974, -0.144991543, 0.78613696, -0.600702115, -0.912475586, 0.128295898, 0.388183594, 0.382246157, 0.604556958, 0.698888467, 0, 0, -0, 0, 0, 0, 0, 0.379321875, -0.0872016602, -0.129550342, 0.181689976, 0.452139454, -0.873215621, 0.294799805, -0.872192383, -0.390258789, -0.938051266, -0.186425834, -0.291726535, 0, 1, 3, 1, 
170.670381, 17, 0.1, 0.1, 0.00974493546, 0.379154012, -0.0349628721, 0.912414673, 1.74309581e-005, 0.409266983, 0.409266983, 2.43878399e-006, -0.912414674, -1.69023757e-005, 1, -4.90873335e-006, 0.912414605, 1.1244191e-005, 0.409267136, 0.409267136, 4.00451645e-008, -0.912414605, -1.02757532e-005, 1, -4.56534004e-006, 0, 0, 0, 0, 0, 0, 0, 0.309791187, -0.11404353, -0.168997974, -0.144991543, 0.78613696, -0.600702115, -0.912475586, 0.128295898, 0.388183594, 0.382246157, 0.604556958, 0.698888467, 0, 0, -0, 0, 0, 0, 0, 0.379321875, -0.0872016602, -0.129550342, 0.181689976, 0.452139454, -0.873215621, 0.294799805, -0.872192383, -0.390258789, -0.938051266, -0.186425834, -0.291726535, 0, 1, 3, 1, 
170.671084, 17, 0.1, 0.1, 0.00974493647, 0.379154013, -0.0349612093, 0.912414968, -1.08129804e-005, 0.409266325, 0.409266325, -4.70402454e-006, -0.912414969, 1.17911241e-005, 1, 1.33366366e-007, 0.912414906, -8.39013949e-006, 0.409266465, 0.409266465, -1.13700939e-005, -0.912414906, 1.23086864e-005, 1, -6.94044039e-006, 0, 0, 0, 0, 0, 0, 0, 0.309791187, -0.11404353, -0.168997974, -0.149665959, 0.786042602, -0.599539502, -0.914916992, 0.119628906, 0.385253906, 0.374582261, 0.60630219, 0.701546942, 0, 0, -0, 0, 0, 0, 0, 0.379321875, -0.0872016602, -0.129550342, 0.181689976, 0.452139454, -0.873215621, 0.294799805, -0.872192383, -0.390258789, -0.938051266, -0.186425834, -0.291726535, 0, 1, 3, 1, 
170.671792, 17, 0.1, 0.1, 0.00974493452, 0.379154011, -0.0349618892, 0.912415255, 8.57136831e-006, 0.409265686, 0.409265686, 2.20413044e-006, -0.912415255, -8.72272217e-006, 1, -1.49688469e-006, 0.912415197, 1.56475092e-005, 0.409265816, 0.409265816, 5.74130041e-006, -0.912415197, -1.66267432e-005, 1, -1.16554088e-006, 0, 0, 0, 0, 0, 0, 0, 0.309752222, -0.114489526, -0.168707227, -0.149665959, 0.786042602, -0.599539502, -0.914916992, 0.119628906, 0.385253906, 0.374582261, 0.60630219, 0.701546942, 0, 0, -0, 0, 0, 0, 0, 0.379307373, -0.0870211426, -0.12891626, 0.183799012, 0.453742095, -0.871849221, 0.303833008, -0.869750977, -0.388549805, -0.93476103, -0.193499209, -0.297720056, 0, 1, 3, 1, 
170.672487, 17, 0.1, 0.1, 0.00974493778, 0.379154011, -0.034964787, 0.912415512, 3.7425648e-006, 0.409265113, 0.409265113, 5.73082256e-006, -0.912415512, -5.76019992e-006, 1, 3.6971902e-006, 0.912415469, -5.08671032e-006, 0.409265209, 0.409265209, -4.79157916e-006, -0.912415469, 6.60221983e-006, 1, -2.29009738e-006, 0, 0, 0, 0, 0, 0, 0, 0.309752222, -0.114489526, -0.168707227, -0.149665959, 0.786042602, -0.599539502, -0.914916992, 0.119628906, 0.385253906, 0.374582261, 0.60630219, 0.701546942, 0, 0, -0, 0, 0, 0, 0, 0.379307373, -0.0870211426, -0.12891626, 0.183799012, 0.453742095, -0.871849221, 0.303833008, -0.869750977, -0.388549805, -0.93476103, -0.193499209, -0.297720056, 0, 1, 3, 1, 
170.673181, 17, 0.1, 0.1, 0.00974493838, 0.37915401, -0.0349689208, 0.912415743, -1.31301533e-005, 0.409264599, 0.409264599, -2.41600575e-006, -0.912415743, 1.29689442e-005, 1, 3.16930523e-006, 0.912415698, -7.78369943e-006, 0.409264699, 0.409264699, -4.09226872e-008, -0.912415698, 7.11871776e-006, 1, 3.1482549e-006, 0, 0, 0, 0, 0, 0, 0, 0.309752222, -0.114489526, -0.168707227, -0.149665959, 0.786042602, -0.599539502, -0.914916992, 0.119628906, 0.385253906, 0.374582261, 0.60630219, 0.701546942, 0, 0, -0, 0, 0, 0, 0, 0.379307373, -0.0870211426, -0.12891626, 0.183799012, 0.453742095, -0.871849221, 0.303833008, -0.869750977, -0.388549805, -0.93476103, -0.193499209, -0.297720056, 0, 1, 3, 1, 
170.673879, 17, 0.1, 0.1, 0.0097449396, 0.37915401, -0.0349729918, 0.912415933, 7.22984245e-006, 0.409264176, 0.409264176, 1.56411109e-006, -0.912415933, -7.23675808e-006, 1, -1.53179563e-006, 0.912415896, 5.47931011e-006, 0.409264258, 0.409264258, 5.7970885e-006, -0.912415896, -7.37195076e-006, 1, 3.04686992e-006, 0, 0, 0, 0, 0, 0, 0, 0.309752222, -0.114489526, -0.168707227, -0.149665959, 0.786042602, -0.599539502, -0.914916992, 0.119628906, 0.385253906, 0.374582261, 0.60630219, 0.701546942, 0, 0, -0, 0, 0, 0, 0, 0.379307373, -0.0870211426, -0.12891626, 0.184489509, 0.45622663, -0.870393135, 0.311767578, -0.86706543, -0.388427734, -0.931988116, -0.199620695, -0.302231238, 0, 1, 3, 1, 
170.674779, 17, 0.1, 0.1, 0.00974494342, 0.379154011, -0.0349750053, 0.912416154, -2.34051969e-006, 0.409263683, 0.409263683, -3.41831695e-006, -0.912416154, 3.53452096e-006, 1, -2.1610379e-006, 0.912416108, -9.28425218e-006, 0.409263784, 0.409263784, -7.28564554e-006, -0.912416108, 1.14528521e-005, 1, -2.84783216e-006, 0, 0, 0, 0, 0, 0, 0, 0.309752222, -0.114489526, -0.168707227, -0.149665959, 0.786042602, -0.599539502, -0.914916992, 0.119628906, 0.385253906, 0.374582261, 0.60630219, 0.701546942, 0, 0, -0, 0, 0, 0, 0, 0.379411377, -0.0867622559, -0.128914795, 0.184489509, 0.45622663, -0.870393135, 0.311767578, -0.86706543, -0.388427734, -0.931988116, -0.199620695, -0.302231238, 0, 1, 3, 1, 
170.675873, 17, 0.1, 0.1, 0.00974494238, 0.379154008, -0.0349682839, 0.912416385, -1.72844966e-005, 0.409263168, 0.409263168, 2.49757383e-006, -0.912416385, 1.47484929e-005, 1, 9.35273513e-006, 0.912416331, 4.07700092e-006, 0.409263288, 0.409263288, 1.22415217e-006, -0.912416331, -4.22092276e-006, 1, -5.51630368e-007, 0, 0, 0, 0, 0, 0, 0, 0.309752222, -0.114489526, -0.168707227, -0.149665959, 0.786042602, -0.599539502, -0.914916992, 0.119628906, 0.385253906, 0.374582261, 0.60630219, 0.701546942, 0, 0, -0, 0, 0, 0, 0, 0.379411377, -0.0867622559, -0.128914795, 0.184489509, 0.45622663, -0.870393135, 0.311767578, -0.86706543, -0.388427734, -0.931988116, -0.199620695, -0.302231238, 0, 1, 3, 1, 
170.677009, 17, 0.1, 0.1, 0.00974494257, 0.379154008, -0.0349543174, 0.912416583, 3.32473347e-005, 0.409262725, 0.409262725, 6.15614062e-006, -0.912416584, -3.28548985e-005, 0.999999999, -7.98993001e-006, 0.912416552, 2.41172614e-005, 0.409262794, 0.409262794, -6.56472633e-007, -0.912416552, -2.17363187e-005, 1, -1.04692743e-005, 0, 0, 0, 0, 0, 0, 0, 0.309716675, -0.11493894, -0.168660718, -0.154258, 0.785865869, -0.598776784, -0.917358398, 0.110961914, 0.381958008, 0.366658133, 0.608307653, 0.70402157, 0, 0, -0, 0, 0, 0, 0, 0.379411377, -0.0867622559, -0.128914795, 0.184489509, 0.45622663, -0.870393135, 0.311767578, -0.86706543, -0.388427734, -0.931988116, -0.199620695, -0.302231238, 0, 1, 3, 1, 
170.678117, 17, 0.1, 0.1, 0.00974495063, 0.379154009, -0.0349411651, 0.912416639, -3.72642199e-005, 0.4092626, 0.4092626, -3.49829787e-006, -0.91241664, 3.54322168e-005, 0.999999999, 1.20589463e-005, 0.912416622, -3.32434945e-005, 0.409262637, 0.409262636, -2.02418874e-005, -0.912416623, 3.86161652e-005, 0.999999999, -4.86371438e-006, 0, 0, 0, 0, 0, 0, 0, 0.309716675, -0.11493894, -0.168660718, -0.154258, 0.785865869, -0.598776784, -0.917358398, 0.110961914, 0.381958008, 0.366658133, 0.608307653, 0.70402157, 0, 0, -0, 0, 0, 0, 0, 0.379411377, -0.0867622559, -0.128914795, 0.184489509, 0.45622663, -0.870393135, 0.311767578, -0.86706543, -0.388427734, -0.931988116, -0.199620695, -0.302231238, 0, 1, 3, 1, 
170.679274, 17, 0.1, 0.1, 0.00974493867, 0.379154002, -0.0349330664, 0.912416775, 1.51022707e-005, 0.409262298, 0.409262298, 1.6401317e-005, -0.912416775, -2.04920059e-005, 1, 8.78404675e-006, 0.91241677, 3.5275751e-005, 0.409262308, 0.409262307, 2.67684243e-005, -0.91241677, -4.31414939e-005, 0.999999999, 9.986924e-006, 0, 0, 0, 0, 0, 0, 0, 0.309613989, -0.114958838, -0.168607373, -0.160176282, 0.785346529, -0.597849315, -0.919433594, 0.1015625, 0.379760742, 0.358944062, 0.610490971, 0.705975736, 0, 0, -0, 0, 0, 0, 0, 0.37898418, -0.0863284668, -0.128927734, 0.183978749, 0.458155196, -0.869563013, 0.319458008, -0.864501953, -0.387939453, -0.929464202, -0.206291586, -0.305458042, 0, 1, 3, 1, 
170.679974, 17, 0.1, 0.1, 0.00974494242, 0.379154003, -0.0349369111, 0.912416807, 1.25187904e-005, 0.409262227, 0.409262227, -1.4703013e-006, -0.912416807, -1.0820616e-005, 1, -6.46499566e-006, 0.912416792, -1.19060967e-005, 0.409262259, 0.409262259, 4.55222468e-007, -0.912416792, 1.06770171e-005, 1, 5.28806864e-006, 0, 0, 0, 0, 0, 0, 0, 0.309613989, -0.114958838, -0.168607373, -0.160176282, 0.785346529, -0.597849315, -0.919433594, 0.1015625, 0.379760742, 0.358944062, 0.610490971, 0.705975736, 0, 0, -0, 0, 0, 0, 0, 0.37898418, -0.0863284668, -0.128927734, 0.183978749, 0.458155196, -0.869563013, 0.319458008, -0.864501953, -0.387939453, -0.929464202, -0.206291586, -0.305458042, 0, 1, 3, 1, 
170.680669, 17, 0.1, 0.1, 0.00974494159, 0.379154004, -0.0349498728, 0.912416828, -1.61080329e-005, 0.409262181, 0.40926218, -1.79657676e-005, -0.912416828, 2.20499494e-005, 1, -9.79986001e-006, 0.912416825, -7.0631971e-006, 0.409262186, 0.409262185, -1.27745831e-005, -0.912416825, 1.16727337e-005, 1, -8.76504511e-006, 0, 0, 0, 0, 0, 0, 0, 0.309613989, -0.114958838, -0.168607373, -0.160176282, 0.785346529, -0.597849315, -0.919433594, 0.1015625, 0.379760742, 0.358944062, 0.610490971, 0.705975736, 0, 0, -0, 0, 0, 0, 0, 0.37898418, -0.0863284668, -0.128927734, 0.183978749, 0.458155196, -0.869563013, 0.319458008, -0.864501953, -0.387939453, -0.929464202, -0.206291586, -0.305458042, 0, 1, 3, 1, 
170.681361, 17, 0.1, 0.1, 0.00974494376, 0.379154001, -0.034967265, 0.912416911, 2.15211347e-005, 0.409261995, 0.409261994, 2.1823725e-005, -0.912416911, -2.85678685e-005, 1, 1.11045532e-005, 0.912416881, 7.46466884e-006, 0.409262062, 0.409262061, 2.24289084e-005, -0.912416881, -1.59901912e-005, 1, 1.74095089e-005, 0, 0, 0, 0, 0, 0, 0, 0.309613989, -0.114958838, -0.168607373, -0.160176282, 0.785346529, -0.597849315, -0.919433594, 0.1015625, 0.379760742, 0.358944062, 0.610490971, 0.705975736, 0, 0, -0, 0, 0, 0, 0, 0.37898418, -0.0863284668, -0.128927734, 0.183978749, 0.458155196, -0.869563013, 0.319458008, -0.864501953, -0.387939453, -0.929464202, -0.206291586, -0.305458042, 0, 1, 3, 1, 
170.682054, 17, 0.1, 0.1, 0.00974493466, 0.379153998, -0.0349837206, 0.912417107, 1.59730086e-005, 0.409261557, 0.409261557, 2.73239621e-006, -0.912417108, -1.5692311e-005, 1, -4.0440533e-006, 0.912417065, 2.68499485e-005, 0.409261652, 0.409261652, 3.594088e-006, -0.912417065, -2.59692736e-005, 1, -7.70934706e-006, 0, 0, 0, 0, 0, 0, 0, 0.309613989, -0.114958838, -0.168607373, -0.160176282, 0.785346529, -0.597849315, -0.919433594, 0.1015625, 0.379760742, 0.358944062, 0.610490971, 0.705975736, 0, 0, -0, 0, 0, 0, 0, 0.37898418, -0.0863284668, -0.128927734, 0.183978749, 0.458155196, -0.869563013, 0.319458008, -0.864501953, -0.387939453, -0.929464202, -0.206291586, -0.305458042, 0, 1, 3, 1, 
170.682745, 17, 0.1, 0.1, 0.00974494278, 0.379153999, -0.034994566, 0.912417268, -3.87996461e-005, 0.409261197, 0.409261197, -8.10174935e-006, -0.912417269, 3.87171988e-005, 0.999999999, 8.48701361e-006, 0.912417245, -3.20070705e-005, 0.409261249, 0.409261249, -5.22260147e-006, -0.912417246, 3.13412115e-005, 0.999999999, 8.334062e-006, 0, 0, 0, 0, 0, 0, 0, 0.309613989, -0.114958838, -0.168607373, -0.160176282, 0.785346529, -0.597849315, -0.919433594, 0.1015625, 0.379760742, 0.358944062, 0.610490971, 0.705975736, 0, 0, -0, 0, 0, 0, 0, 0.37898418, -0.0863284668, -0.128927734, 0.183978749, 0.458155196, -0.869563013, 0.319458008, -0.864501953, -0.387939453, -0.929464202, -0.206291586, -0.305458042, 0, 1, 3, 1, 
170.683458, 17, 0.1, 0.1, 0.00974496048, 0.379154004, -0.0349973291, 0.912417354, -4.87492778e-005, 0.409261004, 0.409261003, -1.67870762e-005, -0.912417356, 5.13499828e-005, 0.999999999, 4.63435867e-006, 0.912417339, -4.97213058e-005, 0.409261037, 0.409261037, -1.60288966e-005, -0.912417341, 5.19265845e-005, 0.999999999, 5.72394999e-006, 0, 0, 0, 0, 0, 0, 0, 0.309581128, -0.114959692, -0.168324072, -0.164730131, 0.785233074, -0.596826366, -0.921630859, 0.0928955078, 0.376586914, 0.351261069, 0.612115635, 0.70853274, 0, 0, -0, 0, 0, 0, 0, 0.37898418, -0.0863284668, -0.128927734, 0.183978749, 0.458155196, -0.869563013, 0.319458008, -0.864501953, -0.387939453, -0.929464202, -0.206291586, -0.305458042, 0, 1, 3, 1, 
170.684166, 17, 0.1, 0.1, 0.00974497341, 0.37915401, -0.0349916023, 0.912417425, -2.12068796e-005, 0.409260848, 0.409260848, -1.20321481e-005, -0.912417426, 2.42738136e-005, 1, -2.29919607e-006, 0.912417416, -2.910449e-005, 0.409260867, 0.409260867, -1.56981155e-005, -0.912417417, 3.2980068e-005, 0.999999999, -2.4119052e-006, 0, 0, 0, 0, 0, 0, 0, 0.309581128, -0.114959692, -0.168324072, -0.164730131, 0.785233074, -0.596826366, -0.921630859, 0.0928955078, 0.376586914, 0.351261069, 0.612115635, 0.70853274, 0, 0, -0, 0, 0, 0, 0, 0.378959668, -0.0858661133, -0.128270215, 0.185979144, 0.460237246, -0.868004849, 0.327392578, -0.861938477, -0.386962891, -0.926308127, -0.212087147, -0.310940437, 0, 1, 3, 1, 
170.68486, 17, 0.1, 0.1, 0.00974497042, 0.379154008, -0.0349802114, 0.912417467, 2.95829717e-005, 0.409260754, 0.409260753, 1.08769645e-005, -0.912417468, -3.14435348e-005, 1, -2.18281688e-006, 0.912417451, 2.17523936e-005, 0.40926079, 0.40926079, 1.29040959e-005, -0.912417451, -2.5128404e-005, 1, 2.87152051e-006, 0, 0, 0, 0, 0, 0, 0, 0.309581128, -0.114959692, -0.168324072, -0.164730131, 0.785233074, -0.596826366, -0.921630859, 0.0928955078, 0.376586914, 0.351261069, 0.612115635, 0.70853274, 0, 0, -0, 0, 0, 0, 0, 0.378959668, -0.0858661133, -0.128270215, 0.185979144, 0.460237246, -0.868004849, 0.327392578, -0.861938477, -0.386962891, -0.926308127, -0.212087147, -0.310940437, 0, 1, 3, 1, 
170.685555, 17, 0.1, 0.1, 0.00974496668, 0.379154004, -0.0349669422, 0.912417527, -1.42340205e-005, 0.409260621, 0.409260621, -6.59103632e-008, -0.912417527, 1.30143443e-005, 1, 5.7652863e-006, 0.912417525, 1.78890536e-006, 0.409260626, 0.409260626, 1.16042493e-005, -0.912417525, -6.38139093e-006, 1, 9.85579187e-006, 0, 0, 0, 0, 0, 0, 0, 0.309581128, -0.114959692, -0.168324072, -0.164730131, 0.785233074, -0.596826366, -0.921630859, 0.0928955078, 0.376586914, 0.351261069, 0.612115635, 0.70853274, 0, 0, -0, 0, 0, 0, 0, 0.378959668, -0.0858661133, -0.128270215, 0.185979144, 0.460237246, -0.868004849, 0.327392578, -0.861938477, -0.386962891, -0.926308127, -0.212087147, -0.310940437, 0, 1, 3, 1, 
170.686252, 17, 0.1, 0.1, 0.0097449731, 0.379154007, -0.0349557904, 0.912417507, -7.06557487e-007, 0.409260667, 0.409260667, 1.09630446e-005, -0.912417506, -3.84206754e-006, 1, 1.029204e-005, 0.912417503, -1.67599601e-005, 0.409260674, 0.409260675, 6.44885036e-007, -0.912417503, 1.50281549e-005, 1, 7.44759697e-006, 0, 0, 0, 0, 0, 0, 0, 0.309581128, -0.114959692, -0.168324072, -0.164730131, 0.785233074, -0.596826366, -0.921630859, 0.0928955078, 0.376586914, 0.351261069, 0.612115635, 0.70853274, 0, 0, -0, 0, 0, 0, 0, 0.378959668, -0.0858661133, -0.128270215, 0.185979144, 0.460237246, -0.868004849, 0.327392578, -0.861938477, -0.386962891, -0.926308127, -0.212087147, -0.310940437, 0, 1, 3, 1, 
170.686948, 17, 0.1, 0.1, 0.0097449722, 0.379154008, -0.034949718, 0.912417605, -1.63434134e-005, 0.409260446, 0.409260446, -1.62600767e-006, -0.912417606, 1.55774787e-005, 1, 5.20511463e-006, 0.912417575, -4.98592088e-006, 0.409260516, 0.409260516, -1.1198983e-005, -0.912417575, 9.1325434e-006, 1, -8.17760837e-006, 0, 0, 0, 0, 0, 0, 0, 0.309581128, -0.114959692, -0.168324072, -0.164730131, 0.785233074, -0.596826366, -0.921630859, 0.0928955078, 0.376586914, 0.351261069, 0.612115635, 0.70853274, 0, 0, -0, 0, 0, 0, 0, 0.378959668, -0.0858661133, -0.128270215, 0.185979144, 0.460237246, -0.868004849, 0.327392578, -0.861938477, -0.386962891, -0.926308127, -0.212087147, -0.310940437, 0, 1, 3, 1, 
170.687645, 17, 0.1, 0.1, 0.00974496776, 0.379154007, -0.0349498968, 0.912417775, 3.23593625e-005, 0.409260067, 0.409260067, 3.22572603e-006, -0.912417776, -3.08454184e-005, 0.999999999, -1.03001851e-005, 0.912417744, 3.35247892e-005, 0.409260136, 0.409260136, -7.61653189e-007, -0.912417745, -3.02768983e-005, 0.999999999, -1.44153057e-005, 0, 0, 0, 0, 0, 0, 0, 0.309581128, -0.114959692, -0.168324072, -0.164730131, 0.785233074, -0.596826366, -0.921630859, 0.0928955078, 0.376586914, 0.351261069, 0.612115635, 0.70853274, 0, 0, -0, 0, 0, 0, 0, 0.378959668, -0.0858661133, -0.128270215, 0.185979144, 0.460237246, -0.868004849, 0.327392578, -0.861938477, -0.386962891, -0.926308127, -0.212087147, -0.310940437, 0, 1, 3, 1, 
170.688378, 17, 0.1, 0.1, 0.0097449728, 0.379154011, -0.0349561139, 0.912417832, -3.23911657e-005, 0.40925994, 0.409259939, -3.49143201e-005, -0.912417832, 4.38433097e-005, 0.999999999, -1.86000417e-005, 0.912417833, -2.8036564e-005, 0.409259938, 0.409259938, -2.71403543e-005, -0.912417833, 3.66885207e-005, 0.999999999, -1.32891008e-005, 0, 0, 0, 0, 0, 0, 0, 0.309867578, -0.115888794, -0.168105713, -0.167512539, 0.784415312, -0.596997108, -0.923339844, 0.0872802734, 0.373779297, 0.34539857, 0.613975443, 0.709795702, 0, 0, -0, 0, 0, 0, 0, 0.378959668, -0.0858661133, -0.128270215, 0.188011255, 0.461559537, -0.866880884, 0.330932617, -0.860717773, -0.386474609, -0.924621631, -0.214157537, -0.314627327, 0, 1, 3, 1, 
170.689075, 17, 0.1, 0.1, 0.00974497708, 0.379154011, -0.0349650859, 0.912417858, 1.47170348e-005, 0.409259884, 0.409259883, 2.91367619e-005, -0.912417858, -2.53525932e-005, 0.999999999, 2.05618099e-005, 0.912417841, 7.4694419e-007, 0.409259921, 0.409259921, 2.06763522e-005, -0.912417841, -9.14352747e-006, 1, 1.85597783e-005, 0, 0, 0, 0, 0, 0, 0, 0.309867578, -0.115888794, -0.168105713, -0.167512539, 0.784415312, -0.596997108, -0.923339844, 0.0872802734, 0.373779297, 0.34539857, 0.613975443, 0.709795702, 0, 0, -0, 0, 0, 0, 0, 0.378906348, -0.0864918945, -0.128050146, 0.188011255, 0.461559537, -0.866880884, 0.330932617, -0.860717773, -0.386474609, -0.924621631, -0.214157537, -0.314627327, 0, 1, 3, 1, 
170.689771, 17, 0.1, 0.1, 0.00974496805, 0.379154008, -0.0349744953, 0.91241801, 1.79021364e-005, 0.409259544, 0.409259544, -1.01784547e-005, -0.91241801, -1.21686019e-005, 1, -1.66136256e-005, 0.912417969, 2.85730519e-005, 0.409259635, 0.409259636, -1.70051652e-006, -0.912417969, -2.53746132e-005, 1, -1.32453786e-005, 0, 0, 0, 0, 0, 0, 0, 0.309867578, -0.115888794, -0.168105713, -0.167512539, 0.784415312, -0.596997108, -0.923339844, 0.0872802734, 0.373779297, 0.34539857, 0.613975443, 0.709795702, 0, 0, -0, 0, 0, 0, 0, 0.378906348, -0.0864918945, -0.128050146, 0.188011255, 0.461559537, -0.866880884, 0.330932617, -0.860717773, -0.386474609, -0.924621631, -0.214157537, -0.314627327, 0, 1, 3, 1, 
170.690521, 17, 0.1, 0.1, 0.00974497609, 0.37915401, -0.0349817877, 0.912418315, -3.44746618e-005, 0.409258863, 0.409258863, 8.34128033e-006, -0.912418316, 2.804157e-005, 0.999999999, 2.17197979e-005, 0.912418241, -3.12830575e-005, 0.409259029, 0.409259029, -1.34902649e-007, -0.912418241, 2.85984424e-005, 1, 1.26797861e-005, 0, 0, 0, 0, 0, 0, 0, 0.309867578, -0.115888794, -0.168105713, -0.167512539, 0.784415312, -0.596997108, -0.923339844, 0.0872802734, 0.373779297, 0.34539857, 0.613975443, 0.709795702, 0, 0, -0, 0, 0, 0, 0, 0.378906348, -0.0864918945, -0.128050146, 0.188011255, 0.461559537, -0.866880884, 0.330932617, -0.860717773, -0.386474609, -0.924621631, -0.214157537, -0.314627327, 0, 1, 3, 1, 
170.691286, 17, 0.1, 0.1, 0.00974498169, 0.379154003, -0.034983795, 0.912418702, 1.00277134e-005, 0.409258002, 0.409258002, 1.43496369e-005, -0.912418702, -1.5022177e-005, 1, 8.98895508e-006, 0.91241862, -1.99023155e-006, 0.409258184, 0.409258184, 1.95147669e-005, -0.91241862, -6.17065373e-006, 1, 1.86201552e-005, 0, 0, 0, 0, 0, 0, 0, 0.310128882, -0.116823999, -0.167897485, -0.170821399, 0.783476982, -0.597345706, -0.924682617, 0.0817871094, 0.371704102, 0.340113821, 0.615854347, 0.710716058, 0, 0, -0, 0, 0, 0, 0, 0.379009863, -0.0869361816, -0.127833008, 0.189072153, 0.462460021, -0.866101802, 0.334716797, -0.85949707, -0.385986328, -0.923037213, -0.216885975, -0.317368525, 0, 1, 3, 1, 
170.691987, 17, 0.1, 0.1, 0.00974497545, 0.379154005, -0.0349809619, 0.912419119, 9.19905542e-006, 0.409257072, 0.409257072, -1.18033468e-005, -0.912419119, -3.56279089e-006, 1, -1.45343778e-005, 0.912419035, 1.85499507e-005, 0.409257259, 0.409257259, -1.04579391e-005, -0.912419035, -1.26453406e-005, 1, -1.71337247e-005, 0, 0, 0, 0, 0, 0, 0, 0.310128882, -0.116823999, -0.167897485, -0.170821399, 0.783476982, -0.597345706, -0.924682617, 0.0817871094, 0.371704102, 0.340113821, 0.615854347, 0.710716058, 0, 0, -0, 0, 0, 0, 0, 0.379009863, -0.0869361816, -0.127833008, 0.189072153, 0.462460021, -0.866101802, 0.334716797, -0.85949707, -0.385986328, -0.923037213, -0.216885975, -0.317368525, 0, 1, 3, 1, 
170.692689, 17, 0.1, 0.1, 0.00974498104, 0.379154006, -0.0349749084, 0.912419555, -1.28341205e-005, 0.4092561, 0.4092561, 1.04633662e-007, -0.912419555, 1.16672805e-005, 1, 5.34791189e-006, 0.912419469, -2.00269801e-005, 0.409256291, 0.409256291, 4.78360657e-007, -0.912419469, 1.80772344e-005, 1, 8.63263317e-006, 0, 0, 0, 0, 0, 0, 0, 0.310128882, -0.116823999, -0.167897485, -0.170821399, 0.783476982, -0.597345706, -0.924682617, 0.0817871094, 0.371704102, 0.340113821, 0.615854347, 0.710716058, 0, 0, -0, 0, 0, 0, 0, 0.379009863, -0.0869361816, -0.127833008, 0.189072153, 0.462460021, -0.866101802, 0.334716797, -0.85949707, -0.385986328, -0.923037213, -0.216885975, -0.317368525, 0, 1, 3, 1, 
170.693421, 17, 0.1, 0.1, 0.00974498115, 0.379154006, -0.0349671739, 0.912419961, -1.2704119e-005, 0.409255195, 0.409255195, 2.52178392e-006, -0.912419961, 1.05594386e-005, 1, 7.50015268e-006, 0.912419893, -1.68901588e-006, 0.409255346, 0.409255346, 5.34457227e-006, -0.912419893, -6.46203087e-007, 1, 5.56773284e-006, 0, 0, 0, 0, 0, 0, 0, 0.310128882, -0.116823999, -0.167897485, -0.170821399, 0.783476982, -0.597345706, -0.924682617, 0.0817871094, 0.371704102, 0.340113821, 0.615854347, 0.710716058, 0, 0, -0, 0, 0, 0, 0, 0.379009863, -0.0869361816, -0.127833008, 0.189072153, 0.462460021, -0.866101802, 0.334716797, -0.85949707, -0.385986328, -0.923037213, -0.216885975, -0.317368525, 0, 1, 3, 1, 
170.694122, 17, 0.1, 0.1, 0.00974498108, 0.379154007, -0.0349610101, 0.912420215, 1.56303826e-005, 0.409254628, 0.409254628, 1.17916537e-005, -0.912420215, -1.90872659e-005, 1, 4.36213683e-006, 0.912420178, 1.31183425e-005, 0.40925471, 0.40925471, -8.40052232e-007, -0.912420179, -1.16256451e-005, 1, -6.13522408e-006, 0, 0, 0, 0, 0, 0, 0, 0.310128882, -0.116823999, -0.167897485, -0.170821399, 0.783476982, -0.597345706, -0.924682617, 0.0817871094, 0.371704102, 0.340113821, 0.615854347, 0.710716058, 0, 0, -0, 0, 0, 0, 0, 0.379009863, -0.0869361816, -0.127833008, 0.189072153, 0.462460021, -0.866101802, 0.334716797, -0.85949707, -0.385986328, -0.923037213, -0.216885975, -0.317368525, 0, 1, 3, 1, 
170.694823, 17, 0.1, 0.1, 0.00974498063, 0.379154008, -0.0349577333, 0.912420374, -6.65398557e-006, 0.409254275, 0.409254275, -1.02622529e-005, -0.912420374, 1.02711029e-005, 1, -6.64031656e-006, 0.912420343, -5.4255812e-006, 0.409254344, 0.409254344, -1.46074675e-005, -0.912420343, 1.09285802e-005, 1, -1.11077078e-005, 0, 0, 0, 0, 0, 0, 0, 0.310128882, -0.116823999, -0.167897485, -0.170821399, 0.783476982, -0.597345706, -0.924682617, 0.0817871094, 0.371704102, 0.340113821, 0.615854347, 0.710716058, 0, 0, -0, 0, 0, 0, 0, 0.379009863, -0.0869361816, -0.127833008, 0.189072153, 0.462460021, -0.866101802, 0.334716797, -0.85949707, -0.385986328, -0.923037213, -0.216885975, -0.317368525, 0, 1, 3, 1, 
170.695579, 17, 0.1, 0.1, 0.00974497646, 0.379154006, -0.0349579405, 0.912420601, 1.3706134e-005, 0.409253768, 0.409253768, -7.01832557e-006, -0.912420601, -9.63348283e-006, 1, -1.20129518e-005, 0.912420544, 2.1445636e-005, 0.409253894, 0.409253894, 3.93432909e-007, -0.912420544, -1.97284528e-005, 1, -8.41773377e-006, 0, 0, 0, 0, 0, 0, 0, 0.310451221, -0.117754443, -0.167253638, -0.172924586, 0.782640123, -0.597916342, -0.926269531, 0.0770263672, 0.368652344, 0.334638112, 0.617593588, 0.711795173, 0, 0, -0, 0, 0, 0, 0, 0.379009863, -0.0869361816, -0.127833008, 0.192510044, 0.463213584, -0.864958882, 0.339233398, -0.858520508, -0.384277344, -0.920711993, -0.219384369, -0.322403593, 0, 1, 3, 1, 
170.696285, 17, 0.1, 0.1, 0.00974497949, 0.379154007, -0.0349609701, 0.9124209, 7.23379217e-006, 0.409253102, 0.409253102, -8.07859261e-007, -0.9124209, -6.26964426e-006, 1, -3.69755956e-006, 0.912420839, -9.55778084e-006, 0.409253238, 0.409253238, 2.3597719e-006, -0.912420839, 7.75497413e-006, 1, 6.06465781e-006, 0, 0, 0, 0, 0, 0, 0, 0.310451221, -0.117754443, -0.167253638, -0.172924586, 0.782640123, -0.597916342, -0.926269531, 0.0770263672, 0.368652344, 0.334638112, 0.617593588, 0.711795173, 0, 0, -0, 0, 0, 0, 0, 0.37928623, -0.0876085938, -0.12674707, 0.192510044, 0.463213584, -0.864958882, 0.339233398, -0.858520508, -0.384277344, -0.920711993, -0.219384369, -0.322403593, 0, 1, 3, 1, 
170.696987, 17, 0.1, 0.1, 0.00974497962, 0.379154005, -0.034966258, 0.912421149, -1.56551539e-005, 0.409252545, 0.409252545, 1.16794005e-006, -0.91242115, 1.3806111e-005, 1, 7.47256476e-006, 0.91242111, -1.10426411e-005, 0.409252633, 0.409252633, 6.56187925e-006, -0.91242111, 7.39007253e-006, 1, 1.05064271e-005, 0, 0, 0, 0, 0, 0, 0, 0.310451221, -0.117754443, -0.167253638, -0.172924586, 0.782640123, -0.597916342, -0.926269531, 0.0770263672, 0.368652344, 0.334638112, 0.617593588, 0.711795173, 0, 0, -0, 0, 0, 0, 0, 0.37928623, -0.0876085938, -0.12674707, 0.192510044, 0.463213584, -0.864958882, 0.339233398, -0.858520508, -0.384277344, -0.920711993, -0.219384369, -0.322403593, 0, 1, 3, 1, 
170.69771, 17, 0.1, 0.1, 0.0097449804, 0.379154005, -0.034972172, 0.912421283, 3.57556713e-006, 0.409252248, 0.409252248, 1.17251662e-005, -0.912421283, -8.06097419e-006, 1, 9.23498234e-006, 0.912421263, 4.65427046e-006, 0.409252292, 0.409252292, 9.41046183e-006, -0.912421263, -8.0979084e-006, 1, 6.68153462e-006, 0, 0, 0, 0, 0, 0, 0, 0.310451221, -0.117754443, -0.167253638, -0.172924586, 0.782640123, -0.597916342, -0.926269531, 0.0770263672, 0.368652344, 0.334638112, 0.617593588, 0.711795173, 0, 0, -0, 0, 0, 0, 0, 0.37928623, -0.0876085938, -0.12674707, 0.192510044, 0.463213584, -0.864958882, 0.339233398, -0.858520508, -0.384277344, -0.920711993, -0.219384369, -0.322403593, 0, 1, 3, 1, 
170.698423, 17, 0.1, 0.1, 0.00974498273, 0.379154005, -0.0349764972, 0.912421367, -6.51329854e-006, 0.40925206, 0.40925206, 1.10852305e-006, -0.912421367, 5.48920742e-006, 1, 3.67702096e-006, 0.912421351, -8.51744914e-006, 0.409252096, 0.409252096, -5.98855995e-006, -0.912421351, 1.02223332e-005, 1, -1.97830605e-006, 0, 0, 0, 0, 0, 0, 0, 0.310451221, -0.117754443, -0.167253638, -0.172924586, 0.782640123, -0.597916342, -0.926269531, 0.0770263672, 0.368652344, 0.334638112, 0.617593588, 0.711795173, 0, 0, -0, 0, 0, 0, 0, 0.37928623, -0.0876085938, -0.12674707, 0.192510044, 0.463213584, -0.864958882, 0.339233398, -0.858520508, -0.384277344, -0.920711993, -0.219384369, -0.322403593, 0, 1, 3, 1, 
170.699133, 17, 0.1, 0.1, 0.00974498162, 0.379154005, -0.0349783165, 0.91242149, -1.80392776e-006, 0.409251787, 0.409251787, -5.370534e-006, -0.91242149, 3.8438431e-006, 1, -4.16192997e-006, 0.91242146, 6.25982861e-006, 0.409251853, 0.409251853, -3.8735598e-006, -0.91242146, -4.12634043e-006, 1, -6.09616555e-006, 0, 0, 0, 0, 0, 0, 0, 0.310451221, -0.117754443, -0.167253638, -0.172924586, 0.782640123, -0.597916342, -0.926269531, 0.0770263672, 0.368652344, 0.334638112, 0.617593588, 0.711795173, 0, 0, -0, 0, 0, 0, 0, 0.37928623, -0.0876085938, -0.12674707, 0.192510044, 0.463213584, -0.864958882, 0.339233398, -0.858520508, -0.384277344, -0.920711993, -0.219384369, -0.322403593, 0, 1, 3, 1, 
170.699835, 17, 0.1, 0.1, 0.00974498163, 0.379154006, -0.034977261, 0.912421646, 1.28424551e-005, 0.409251439, 0.409251439, -2.19343934e-006, -0.912421646, -1.08200658e-005, 1, -7.25713478e-006, 0.912421616, 8.32511851e-006, 0.409251505, 0.409251505, -2.01829475e-006, -0.912421616, -6.77002792e-006, 1, -5.24860303e-006, 0, 0, 0, 0, 0, 0, 0, 0.310451221, -0.117754443, -0.167253638, -0.172924586, 0.782640123, -0.597916342, -0.926269531, 0.0770263672, 0.368652344, 0.334638112, 0.617593588, 0.711795173, 0, 0, -0, 0, 0, 0, 0, 0.37928623, -0.0876085938, -0.12674707, 0.192510044, 0.463213584, -0.864958882, 0.339233398, -0.858520508, -0.384277344, -0.920711993, -0.219384369, -0.322403593, 0, 1, 3, 1, 
170.700601, 17, 0.1, 0.1, 0.00974498253, 0.379154006, -0.0349730986, 0.912421765, -5.60531095e-006, 0.409251173, 0.409251173, -1.02447141e-005, -0.912421765, 9.30706898e-006, 1, -7.05352006e-006, 0.912421751, -9.73791615e-006, 0.409251205, 0.409251205, -3.7763853e-006, -0.912421751, 1.04305767e-005, 1, 5.39597835e-007, 0, 0, 0, 0, 0, 0, 0, 0.310903296, -0.11818335, -0.166941162, -0.176830292, 0.782957642, -0.596309652, -0.927612305, 0.0698242187, 0.366699219, 0.328706343, 0.618037666, 0.714136129, 0, 0, -0, 0, 0, 0, 0, 0.379606641, -0.0877256348, -0.126049023, 0.19325158, 0.46608821, -0.863336551, 0.344970703, -0.855957031, -0.384887695, -0.918424686, -0.223378228, -0.326160846, 0, 1, 3, 1, 
