time, trialNum, realDorsalTactorPos, realVentralTactorPos, boxPosX, boxPosY, boxPosZ, boxLocalRot_11, boxLocalRot_12, boxLocalRot_13, boxLocalRot_21, boxLocalRot_22, boxLocalRot_23, boxLocalRot_31, boxLocalRot_32, boxLocalRot_33, boxGlobalRot_11, boxGlobalRot_12, boxGlobalRot_13, boxGlobalRot_21, boxGlobalRot_22, boxGlobalRot_23, boxGlobalRot_31, boxGlobalRot_32, boxGlobalRot_33, indexForceX, indexForceY, indexForceZ, indexForceGlobalX, indexForceGlobalY, indexForceGlobalZ, indexContact, indexPosX, indexPosY, indexPosZ, indexRot_11, indexRot_12, indexRot_13, indexRot_21, indexRot_22, indexRot_23, indexRot_31, indexRot_32, indexRot_33, thumbForceX, thumbForceY, thumbForceZ, thumbForceGlobalX, thumbForceGlobalY, thumbForceGlobalZ, thumbContact, thumbPosX, thumbPosY, thumbPosZ, thumbRot_11, thumbRot_12, thumbRot_13, thumbRot_21, thumbRot_22, thumbRot_23, thumbRot_31, thumbRot_32, thumbRot_33, manipForceTooHigh, cceExpType, mapping, trialSuccess, 
195.904826, 18, 0.1, 0.1, 0.0170601989, 0.358772915, -0.0349768815, 0.982710094, -6.94364852e-006, 0.185150944, 0.185150944, -5.25625348e-006, -0.982710094, 7.79679378e-006, 1, -3.87975027e-006, 0.982710089, 3.87512614e-006, 0.185150969, 0.185150969, -1.35180755e-005, -0.982710089, -1.30524078e-006, 1, -1.40018325e-005, 0, 0, 0, 0, 0, 0, 0, 0.328793457, -0.166177173, -0.199571851, -0.1847019, 0.295973297, -0.937203988, -0.966552734, 0.117553711, 0.227661133, 0.177564228, 0.947913914, 0.264491355, 0, 0, -0, 0, 0, 0, 0, 0.395203662, -0.101329053, -0.152412354, 0.33525764, 0.288001385, -0.896961967, 0.5078125, -0.857177734, -0.0854492187, -0.793399037, -0.426700944, -0.433658094, 0, 1, 3, 1, 
195.927371, 18, 0.1, 0.1, 0.0170602009, 0.358772882, -0.034973472, 0.982708784, -5.17620744e-006, 0.185157895, 0.185157896, 2.00762211e-005, -0.982708784, 1.36943367e-006, 1, 2.06874945e-005, 0.982708798, 4.0903047e-007, 0.185157821, 0.185157821, 2.59383307e-005, -0.982708797, -5.20464265e-006, 1, 2.54140906e-005, 0, 0, 0, 0, 0, 0, 0, 0.337394019, -0.173594824, -0.198366895, -0.193198882, 0.294712579, -0.935874381, -0.971191406, 0.0773925781, 0.224853516, 0.138742639, 0.95243931, 0.271325507, 0, 0, -0, 0, 0, 0, 0, 0.401150391, -0.107619434, -0.150087891, 0.328525882, 0.305485379, -0.893614861, 0.538208008, -0.838012695, -0.0886230469, -0.776063395, -0.451743955, -0.439811663, 0, 1, 3, 1, 
195.928079, 18, 0.1, 0.1, 0.0170602, 0.358772885, -0.034969913, 0.982708704, 3.12350127e-006, 0.185158319, 0.185158319, -1.19326997e-005, -0.982708704, -8.60053265e-007, 1, -1.23047101e-005, 0.982708719, 5.44905295e-006, 0.185158237, 0.185158237, -1.43952676e-005, -0.982708719, -2.68942949e-006, 1, -1.5155292e-005, 0, 0, 0, 0, 0, 0, 0, 0.337394019, -0.173594824, -0.198366895, -0.193198882, 0.294712579, -0.935874381, -0.971191406, 0.0773925781, 0.224853516, 0.138742639, 0.95243931, 0.271325507, 0, 0, -0, 0, 0, 0, 0, 0.401150391, -0.107619434, -0.150087891, 0.328525882, 0.305485379, -0.893614861, 0.538208008, -0.838012695, -0.0886230469, -0.776063395, -0.451743955, -0.439811663, 0, 1, 3, 1, 
195.928791, 18, 0.1, 0.1, 0.0170602002, 0.358772882, -0.0349662984, 0.982708653, 8.63768105e-006, 0.185158591, 0.185158591, 1.40186052e-005, -0.982708653, -1.10839891e-005, 1, 1.21768638e-005, 0.982708658, 3.82110328e-006, 0.185158561, 0.185158561, 1.90084849e-005, -0.982708658, -7.274615e-006, 1, 1.79722927e-005, 0, 0, 0, 0, 0, 0, 0, 0.337394019, -0.173594824, -0.198366895, -0.193198882, 0.294712579, -0.935874381, -0.971191406, 0.0773925781, 0.224853516, 0.138742639, 0.95243931, 0.271325507, 0, 0, -0, 0, 0, 0, 0, 0.401150391, -0.107619434, -0.150087891, 0.328525882, 0.305485379, -0.893614861, 0.538208008, -0.838012695, -0.0886230469, -0.776063395, -0.451743955, -0.439811663, 0, 1, 3, 1, 
195.929506, 18, 0.1, 0.1, 0.0170601979, 0.358772891, -0.0349637534, 0.982708634, 4.04534083e-006, 0.185158691, 0.185158691, -2.61914957e-005, -0.982708634, 8.7419168e-007, 1, -2.64876389e-005, 0.982708639, 7.3136494e-006, 0.185158665, 0.185158665, -2.98282606e-005, -0.982708638, -1.66422553e-006, 1, -3.06666749e-005, 0, 0, 0, 0, 0, 0, 0, 0.337394019, -0.173594824, -0.198366895, -0.193198882, 0.294712579, -0.935874381, -0.971191406, 0.0773925781, 0.224853516, 0.138742639, 0.95243931, 0.271325507, 0, 0, -0, 0, 0, 0, 0, 0.401150391, -0.107619434, -0.150087891, 0.328525882, 0.305485379, -0.893614861, 0.538208008, -0.838012695, -0.0886230469, -0.776063395, -0.451743955, -0.439811663, 0, 1, 3, 1, 
195.930214, 18, 0.1, 0.1, 0.0170601994, 0.35877289, -0.0349629528, 0.982708597, -8.32745856e-006, 0.185158885, 0.185158885, 9.14638498e-006, -0.982708597, 6.48993068e-006, 1, 1.05301341e-005, 0.982708606, -1.35263687e-005, 0.185158838, 0.185158838, 1.25887413e-005, -0.982708606, 1.09615622e-005, 1, 1.48755911e-005, 0, 0, 0, 0, 0, 0, 0, 0.337394019, -0.173594824, -0.198366895, -0.193198882, 0.294712579, -0.935874381, -0.971191406, 0.0773925781, 0.224853516, 0.138742639, 0.95243931, 0.271325507, 0, 0, -0, 0, 0, 0, 0, 0.401150391, -0.107619434, -0.150087891, 0.328525882, 0.305485379, -0.893614861, 0.538208008, -0.838012695, -0.0886230469, -0.776063395, -0.451743955, -0.439811663, 0, 1, 3, 1, 
195.930931, 18, 0.1, 0.1, 0.0170601987, 0.35877289, -0.0349640064, 0.982708557, -9.4722971e-006, 0.185159101, 0.185159101, 8.11221539e-006, -0.982708557, 7.8064569e-006, 1, 9.7258255e-006, 0.982708564, -6.42190013e-006, 0.185159061, 0.185159061, 6.6285356e-006, -0.982708564, 5.08352282e-006, 1, 7.7029917e-006, 0, 0, 0, 0, 0, 0, 0, 0.337928735, -0.174223901, -0.198319653, -0.195524108, 0.295493271, -0.935067479, -0.971435547, 0.0714111328, 0.225708008, 0.13342569, 0.952686436, 0.273298769, 0, 0, -0, 0, 0, 0, 0, 0.401150391, -0.107619434, -0.150087891, 0.328525882, 0.305485379, -0.893614861, 0.538208008, -0.838012695, -0.0886230469, -0.776063395, -0.451743955, -0.439811663, 0, 1, 3, 1, 
195.931644, 18, 0.1, 0.1, 0.0170601971, 0.358772892, -0.0349663086, 0.98270852, -2.65319432e-006, 0.185159296, 0.185159296, 4.38280966e-007, -0.98270852, 2.52616487e-006, 1, 9.21966032e-007, 0.982708527, 7.62811e-006, 0.18515926, 0.18515926, -6.33737683e-006, -0.982708527, -6.32278474e-006, 1, -7.64020945e-006, 0, 0, 0, 0, 0, 0, 0, 0.337928735, -0.174223901, -0.198319653, -0.195524108, 0.295493271, -0.935067479, -0.971435547, 0.0714111328, 0.225708008, 0.13342569, 0.952686436, 0.273298769, 0, 0, -0, 0, 0, 0, 0, 0.401553662, -0.107477344, -0.149623584, 0.326647989, 0.309375694, -0.893014416, 0.544799805, -0.833618164, -0.0894775391, -0.77221026, -0.457226717, -0.440853238, 0, 1, 3, 1, 
195.932349, 18, 0.1, 0.1, 0.0170601955, 0.358772893, -0.0349693089, 0.982708487, 6.94945871e-006, 0.185159469, 0.185159469, 2.45597514e-006, -0.982708487, -7.28403911e-006, 1, 1.12674954e-006, 0.982708493, 1.01440361e-005, 0.185159438, 0.185159438, 7.72539314e-007, -0.982708493, -1.01116734e-005, 1, -1.11908308e-006, 0, 0, 0, 0, 0, 0, 0, 0.337928735, -0.174223901, -0.198319653, -0.195524108, 0.295493271, -0.935067479, -0.971435547, 0.0714111328, 0.225708008, 0.13342569, 0.952686436, 0.273298769, 0, 0, -0, 0, 0, 0, 0, 0.401553662, -0.107477344, -0.149623584, 0.326647989, 0.309375694, -0.893014416, 0.544799805, -0.833618164, -0.0894775391, -0.77221026, -0.457226717, -0.440853238, 0, 1, 3, 1, 
195.933052, 18, 0.1, 0.1, 0.0170601945, 0.358772893, -0.0349720962, 0.982708455, 7.30270668e-006, 0.185159639, 0.185159639, 7.82902393e-006, -0.982708455, -8.62605084e-006, 1, 6.34148148e-006, 0.982708463, 6.49992079e-006, 0.185159598, 0.185159598, 6.23388936e-007, -0.982708463, -6.50295361e-006, 1, -5.90913134e-007, 0, 0, 0, 0, 0, 0, 0, 0.337928735, -0.174223901, -0.198319653, -0.195524108, 0.295493271, -0.935067479, -0.971435547, 0.0714111328, 0.225708008, 0.13342569, 0.952686436, 0.273298769, 0, 0, -0, 0, 0, 0, 0, 0.401553662, -0.107477344, -0.149623584, 0.326647989, 0.309375694, -0.893014416, 0.544799805, -0.833618164, -0.0894775391, -0.77221026, -0.457226717, -0.440853238, 0, 1, 3, 1, 
195.933784, 18, 0.1, 0.1, 0.0170601943, 0.358772894, -0.0349736257, 0.982708401, 4.46945609e-006, 0.185159927, 0.185159927, -2.8980681e-006, -0.982708401, -3.85556597e-006, 1, -3.67552004e-006, 0.982708413, -1.96109341e-006, 0.185159862, 0.185159862, -6.22018083e-006, -0.982708413, 3.07891082e-006, 1, -5.74950825e-006, 0, 0, 0, 0, 0, 0, 0, 0.337924683, -0.174335937, -0.199122778, -0.199702028, 0.297682581, -0.933485876, -0.971313477, 0.0651855469, 0.228515625, 0.128896546, 0.952463276, 0.276261658, 0, 0, -0, 0, 0, 0, 0, 0.401585742, -0.107088818, -0.150281592, 0.322757307, 0.313642973, -0.892918535, 0.551513672, -0.828979492, -0.091796875, -0.769059648, -0.4627926, -0.440597675, 0, 1, 3, 1, 
195.934488, 18, 0.1, 0.1, 0.0170601943, 0.358772896, -0.0349736444, 0.982708326, -2.74741144e-006, 0.185160323, 0.185160323, -9.17583738e-006, -0.982708326, 4.39890511e-006, 1, -8.5084602e-006, 0.982708343, -5.73598411e-006, 0.185160236, 0.185160236, -7.05624653e-006, -0.982708343, 6.94333571e-006, 1, -5.87215617e-006, 0, 0, 0, 0, 0, 0, 0, 0.337924683, -0.174335937, -0.199122778, -0.199702028, 0.297682581, -0.933485876, -0.971313477, 0.0651855469, 0.228515625, 0.128896546, 0.952463276, 0.276261658, 0, 0, -0, 0, 0, 0, 0, 0.401585742, -0.107088818, -0.150281592, 0.322757307, 0.313642973, -0.892918535, 0.551513672, -0.828979492, -0.091796875, -0.769059648, -0.4627926, -0.440597675, 0, 1, 3, 1, 
195.9352, 18, 0.1, 0.1, 0.0170601941, 0.358772897, -0.0349722861, 0.982708232, -6.43843251e-006, 0.185160823, 0.185160823, -8.80050304e-006, -0.982708232, 7.95660902e-006, 1, -7.45618133e-006, 0.982708252, -5.68222325e-006, 0.185160716, 0.185160716, -8.6611521e-007, -0.982708252, 5.74433819e-006, 1, 2.0098596e-007, 0, 0, 0, 0, 0, 0, 0, 0.337924683, -0.174335937, -0.199122778, -0.199702028, 0.297682581, -0.933485876, -0.971313477, 0.0651855469, 0.228515625, 0.128896546, 0.952463276, 0.276261658, 0, 0, -0, 0, 0, 0, 0, 0.401585742, -0.107088818, -0.150281592, 0.322757307, 0.313642973, -0.892918535, 0.551513672, -0.828979492, -0.091796875, -0.769059648, -0.4627926, -0.440597675, 0, 1, 3, 1, 
195.935925, 18, 0.1, 0.1, 0.0170601934, 0.358772899, -0.0349697821, 0.982708117, -5.39049692e-006, 0.185161433, 0.185161433, -2.62060599e-007, -0.982708117, 5.3458086e-006, 1, 7.40583057e-007, 0.982708141, 2.23661041e-006, 0.185161307, 0.185161307, 4.18195979e-006, -0.982708141, -2.9722724e-006, 1, 3.69551222e-006, 0, 0, 0, 0, 0, 0, 0, 0.337924683, -0.174335937, -0.199122778, -0.199702028, 0.297682581, -0.933485876, -0.971313477, 0.0651855469, 0.228515625, 0.128896546, 0.952463276, 0.276261658, 0, 0, -0, 0, 0, 0, 0, 0.401585742, -0.107088818, -0.150281592, 0.322757307, 0.313642973, -0.892918535, 0.551513672, -0.828979492, -0.091796875, -0.769059648, -0.4627926, -0.440597675, 0, 1, 3, 1, 
195.936632, 18, 0.1, 0.1, 0.0170601925, 0.358772901, -0.0349673191, 0.982707986, 3.07541521e-006, 0.185162131, 0.185162131, 6.87586503e-006, -0.982707986, -4.2953849e-006, 1, 6.18751704e-006, 0.982708013, 6.79854191e-006, 0.185161986, 0.185161986, 4.36678806e-006, -0.982708013, -7.48954476e-006, 1, 3.0324461e-006, 0, 0, 0, 0, 0, 0, 0, 0.337924683, -0.174335937, -0.199122778, -0.199702028, 0.297682581, -0.933485876, -0.971313477, 0.0651855469, 0.228515625, 0.128896546, 0.952463276, 0.276261658, 0, 0, -0, 0, 0, 0, 0, 0.401585742, -0.107088818, -0.150281592, 0.322757307, 0.313642973, -0.892918535, 0.551513672, -0.828979492, -0.091796875, -0.769059648, -0.4627926, -0.440597675, 0, 1, 3, 1, 
195.937332, 18, 0.1, 0.1, 0.0170601921, 0.358772902, -0.0349656362, 0.982707837, 7.79967927e-006, 0.18516292, 0.18516292, 7.30597716e-006, -0.982707837, -9.01760201e-006, 1, 5.73542963e-006, 0.982707868, 6.75021804e-006, 0.185162755, 0.185162755, -2.73161509e-006, -0.982707868, -6.127699e-006, 1, -3.93426861e-006, 0, 0, 0, 0, 0, 0, 0, 0.337924683, -0.174335937, -0.199122778, -0.199702028, 0.297682581, -0.933485876, -0.971313477, 0.0651855469, 0.228515625, 0.128896546, 0.952463276, 0.276261658, 0, 0, -0, 0, 0, 0, 0, 0.401585742, -0.107088818, -0.150281592, 0.322757307, 0.313642973, -0.892918535, 0.551513672, -0.828979492, -0.091796875, -0.769059648, -0.4627926, -0.440597675, 0, 1, 3, 1, 
195.938057, 18, 0.1, 0.1, 0.0170601917, 0.358772903, -0.0349650725, 0.982707665, 7.72881258e-006, 0.185163833, 0.185163833, -9.5694041e-007, -0.982707665, -7.4179726e-006, 1, -2.37148924e-006, 0.982707703, -1.98157959e-006, 0.185163629, 0.185163629, -6.98215839e-006, -0.982707703, 3.24015532e-006, 1, -6.49450436e-006, 0, 0, 0, 0, 0, 0, 0, 0.337924683, -0.174335937, -0.199122778, -0.203415652, 0.298767688, -0.932393656, -0.970825195, 0.0615234375, 0.231567383, 0.12651852, 0.952291412, 0.277695362, 0, 0, -0, 0, 0, 0, 0, 0.401585742, -0.107088818, -0.150281592, 0.322757307, 0.313642973, -0.892918535, 0.551513672, -0.828979492, -0.091796875, -0.769059648, -0.4627926, -0.440597675, 0, 1, 3, 1, 
195.938777, 18, 0.1, 0.1, 0.0170601912, 0.358772902, -0.0349654145, 0.982707476, -1.96976951e-006, 0.185164838, 0.185164838, -5.30715618e-006, -0.982707476, 2.91840594e-006, 1, -4.85065e-006, 0.982707514, -5.66438454e-006, 0.185164635, 0.185164635, -2.76289975e-006, -0.982707514, 6.07802457e-006, 1, -1.66627864e-006, 0, 0, 0, 0, 0, 0, 0, 0.338174146, -0.174950732, -0.199732324, -0.203415652, 0.298767688, -0.932393656, -0.970825195, 0.0615234375, 0.231567383, 0.12651852, 0.952291412, 0.277695362, 0, 0, -0, 0, 0, 0, 0, 0.40170498, -0.107759766, -0.150509473, 0.320783166, 0.314568977, -0.893250656, 0.55456543, -0.826904297, -0.0920410156, -0.767794226, -0.465763841, -0.439773384, 0, 1, 3, 1, 
195.939481, 18, 0.1, 0.1, 0.0170601904, 0.358772901, -0.034966836, 0.982707277, -6.53789452e-006, 0.185165893, 0.185165893, -4.119412e-006, -0.982707277, 7.18761112e-006, 1, -2.83758107e-006, 0.982707317, -5.1333053e-006, 0.185165678, 0.185165678, 5.68994742e-006, -0.982707317, 3.99095371e-006, 1, 6.54206492e-006, 0, 0, 0, 0, 0, 0, 0, 0.338174146, -0.174950732, -0.199732324, -0.203415652, 0.298767688, -0.932393656, -0.970825195, 0.0615234375, 0.231567383, 0.12651852, 0.952291412, 0.277695362, 0, 0, -0, 0, 0, 0, 0, 0.40170498, -0.107759766, -0.150509473, 0.320783166, 0.314568977, -0.893250656, 0.55456543, -0.826904297, -0.0920410156, -0.767794226, -0.465763841, -0.439773384, 0, 1, 3, 1, 
195.940183, 18, 0.1, 0.1, 0.01706019, 0.358772902, -0.0349689146, 0.982707069, -6.52895154e-006, 0.185166995, 0.185166995, 2.5694542e-006, -0.982707069, 5.94026872e-006, 1, 3.73396715e-006, 0.98270711, 1.42181261e-006, 0.185166776, 0.185166776, 7.56007527e-006, -0.98270711, -2.79710012e-006, 1, 7.16606726e-006, 0, 0, 0, 0, 0, 0, 0, 0.338174146, -0.174950732, -0.199732324, -0.203415652, 0.298767688, -0.932393656, -0.970825195, 0.0615234375, 0.231567383, 0.12651852, 0.952291412, 0.277695362, 0, 0, -0, 0, 0, 0, 0, 0.40170498, -0.107759766, -0.150509473, 0.320783166, 0.314568977, -0.893250656, 0.55456543, -0.826904297, -0.0920410156, -0.767794226, -0.465763841, -0.439773384, 0, 1, 3, 1, 
195.940884, 18, 0.1, 0.1, 0.01706019, 0.358772904, -0.0349709984, 0.982706855, 1.95298367e-007, 0.185168134, 0.185168134, 4.77856427e-006, -0.982706855, -1.07675887e-006, 1, 4.65976483e-006, 0.982706898, 3.53083038e-006, 0.185167903, 0.185167903, 3.02890332e-006, -0.982706898, -4.03062705e-006, 1, 2.32272773e-006, 0, 0, 0, 0, 0, 0, 0, 0.338174146, -0.174950732, -0.199732324, -0.203415652, 0.298767688, -0.932393656, -0.970825195, 0.0615234375, 0.231567383, 0.12651852, 0.952291412, 0.277695362, 0, 0, -0, 0, 0, 0, 0, 0.40170498, -0.107759766, -0.150509473, 0.320783166, 0.314568977, -0.893250656, 0.55456543, -0.826904297, -0.0920410156, -0.767794226, -0.465763841, -0.439773384, 0, 1, 3, 1, 
195.941584, 18, 0.1, 0.1, 0.0170601907, 0.358772906, -0.0349724537, 0.982706637, 3.18924298e-006, 0.185169288, 0.185169288, 2.24509467e-006, -0.982706637, -3.54981282e-006, 1, 1.61571958e-006, 0.982706681, 2.17463619e-006, 0.185169055, 0.185169055, -5.6098098e-006, -0.982706681, -1.09826633e-006, 1, -5.9154729e-006, 0, 0, 0, 0, 0, 0, 0, 0.338174146, -0.174950732, -0.199732324, -0.203415652, 0.298767688, -0.932393656, -0.970825195, 0.0615234375, 0.231567383, 0.12651852, 0.952291412, 0.277695362, 0, 0, -0, 0, 0, 0, 0, 0.40170498, -0.107759766, -0.150509473, 0.320783166, 0.314568977, -0.893250656, 0.55456543, -0.826904297, -0.0920410156, -0.767794226, -0.465763841, -0.439773384, 0, 1, 3, 1, 
195.942291, 18, 0.1, 0.1, 0.0170601913, 0.358772908, -0.0349728926, 0.982706416, 3.52856833e-006, 0.18517046, 0.18517046, -4.42204072e-006, -0.982706416, -2.64871542e-006, 1, -4.99895441e-006, 0.98270646, -3.54855425e-006, 0.185170227, 0.185170227, -8.77855776e-006, -0.98270646, 5.11271472e-006, 1, -7.96965882e-006, 0, 0, 0, 0, 0, 0, 0, 0.338174146, -0.174950732, -0.199732324, -0.203415652, 0.298767688, -0.932393656, -0.970825195, 0.0615234375, 0.231567383, 0.12651852, 0.952291412, 0.277695362, 0, 0, -0, 0, 0, 0, 0, 0.40170498, -0.107759766, -0.150509473, 0.320783166, 0.314568977, -0.893250656, 0.55456543, -0.826904297, -0.0920410156, -0.767794226, -0.465763841, -0.439773384, 0, 1, 3, 1, 
195.943018, 18, 0.1, 0.1, 0.0170601913, 0.358772909, -0.0349720914, 0.982706186, -1.15089632e-006, 0.185171682, 0.185171682, -7.566971e-006, -0.982706186, 2.53218168e-006, 1, -7.22299581e-006, 0.982706235, -5.11310795e-006, 0.185171422, 0.185171422, -6.08228698e-006, -0.982706235, 6.1509488e-006, 1, -5.03029987e-006, 0, 0, 0, 0, 0, 0, 0, 0.338395898, -0.175105493, -0.200547534, -0.207624651, 0.300113025, -0.930983918, -0.970336914, 0.0567626953, 0.234741211, 0.12335381, 0.952201923, 0.279573145, 0, 0, -0, 0, 0, 0, 0, 0.40170498, -0.107759766, -0.150509473, 0.318112697, 0.316108185, -0.89371694, 0.55871582, -0.82409668, -0.0925292969, -0.765742792, -0.469898059, -0.43884045, 0, 1, 3, 1, 
195.943721, 18, 0.1, 0.1, 0.0170601902, 0.358772909, -0.0349703327, 0.982705961, -3.85541032e-006, 0.185172874, 0.185172874, -4.65078462e-006, -0.982705961, 4.64993386e-006, 1, -3.85643636e-006, 0.982706007, -3.11270383e-006, 0.185172633, 0.185172633, 3.61242955e-006, -0.982706007, 2.38994966e-006, 1, 4.12634379e-006, 0, 0, 0, 0, 0, 0, 0, 0.338395898, -0.175105493, -0.200547534, -0.207624651, 0.300113025, -0.930983918, -0.970336914, 0.0567626953, 0.234741211, 0.12335381, 0.952201923, 0.279573145, 0, 0, -0, 0, 0, 0, 0, 0.401794678, -0.107744873, -0.150743945, 0.318112697, 0.316108185, -0.89371694, 0.55871582, -0.82409668, -0.0925292969, -0.765742792, -0.469898059, -0.43884045, 0, 1, 3, 1, 
195.944449, 18, 0.1, 0.1, 0.0170601885, 0.358772909, -0.0349680354, 0.982705724, -3.20422969e-006, 0.185174133, 0.185174133, 4.57013949e-006, -0.982705724, 2.30254324e-006, 1, 5.08444269e-006, 0.982705771, 5.13047336e-006, 0.185173885, 0.185173885, 9.50121896e-006, -0.982705771, -6.80112341e-006, 1, 8.38687302e-006, 0, 0, 0, 0, 0, 0, 0, 0.338395898, -0.175105493, -0.200547534, -0.207624651, 0.300113025, -0.930983918, -0.970336914, 0.0567626953, 0.234741211, 0.12335381, 0.952201923, 0.279573145, 0, 0, -0, 0, 0, 0, 0, 0.401794678, -0.107744873, -0.150743945, 0.318112697, 0.316108185, -0.89371694, 0.55871582, -0.82409668, -0.0925292969, -0.765742792, -0.469898059, -0.43884045, 0, 1, 3, 1, 
195.94515, 18, 0.1, 0.1, 0.0170601872, 0.358772909, -0.034966312, 0.982705489, 3.95569229e-006, 0.185175381, 0.185175381, 9.42118057e-006, -0.982705489, -5.63185123e-006, 1, 8.52574903e-006, 0.982705536, 8.15236745e-006, 0.185175134, 0.185175134, 7.41900972e-006, -0.982705536, -9.38519274e-006, 1, 5.78108619e-006, 0, 0, 0, 0, 0, 0, 0, 0.338395898, -0.175105493, -0.200547534, -0.207624651, 0.300113025, -0.930983918, -0.970336914, 0.0567626953, 0.234741211, 0.12335381, 0.952201923, 0.279573145, 0, 0, -0, 0, 0, 0, 0, 0.401794678, -0.107744873, -0.150743945, 0.318112697, 0.316108185, -0.89371694, 0.55871582, -0.82409668, -0.0925292969, -0.765742792, -0.469898059, -0.43884045, 0, 1, 3, 1, 
195.94587, 18, 0.1, 0.1, 0.017060187, 0.358772911, -0.0349654889, 0.982705241, 6.52054556e-006, 0.185176696, 0.185176696, 6.34962777e-006, -0.982705241, -7.58357739e-006, 1, 5.03235941e-006, 0.982705292, 5.84007205e-006, 0.185176426, 0.185176426, -3.53251104e-006, -0.982705292, -5.08493194e-006, 1, -4.55286097e-006, 0, 0, 0, 0, 0, 0, 0, 0.338395898, -0.175105493, -0.200547534, -0.207624651, 0.300113025, -0.930983918, -0.970336914, 0.0567626953, 0.234741211, 0.12335381, 0.952201923, 0.279573145, 0, 0, -0, 0, 0, 0, 0, 0.402533496, -0.107919531, -0.150286475, 0.318330347, 0.317762598, -0.893065456, 0.562255859, -0.821777344, -0.0919189453, -0.76314232, -0.472792741, -0.440367632, 0, 1, 3, 1, 
195.946591, 18, 0.1, 0.1, 0.0170601878, 0.358772912, -0.0349655583, 0.982704986, 3.38664405e-006, 0.18517805, 0.18517805, -4.58603918e-006, -0.982704986, -2.4788382e-006, 1, -5.13385571e-006, 0.982705036, -5.05933454e-006, 0.185177786, 0.185177786, -9.60532955e-006, -0.982705036, 6.75052719e-006, 1, -8.50232935e-006, 0, 0, 0, 0, 0, 0, 0, 0.338395898, -0.175105493, -0.200547534, -0.207624651, 0.300113025, -0.930983918, -0.970336914, 0.0567626953, 0.234741211, 0.12335381, 0.952201923, 0.279573145, 0, 0, -0, 0, 0, 0, 0, 0.402533496, -0.107919531, -0.150286475, 0.318330347, 0.317762598, -0.893065456, 0.562255859, -0.821777344, -0.0919189453, -0.76314232, -0.472792741, -0.440367632, 0, 1, 3, 1, 
195.947293, 18, 0.1, 0.1, 0.0170601887, 0.358772913, -0.0349667002, 0.982704731, -5.13931437e-006, 0.185179403, 0.185179403, -8.9963122e-006, -0.982704731, 6.71636027e-006, 1, -7.88902339e-006, 0.982704782, -9.05577338e-006, 0.185179132, 0.185179132, -6.8348287e-006, -0.982704782, 1.01648195e-005, 1, -5.03967859e-006, 0, 0, 0, 0, 0, 0, 0, 0.338395898, -0.175105493, -0.200547534, -0.207624651, 0.300113025, -0.930983918, -0.970336914, 0.0567626953, 0.234741211, 0.12335381, 0.952201923, 0.279573145, 0, 0, -0, 0, 0, 0, 0, 0.402533496, -0.107919531, -0.150286475, 0.318330347, 0.317762598, -0.893065456, 0.562255859, -0.821777344, -0.0919189453, -0.76314232, -0.472792741, -0.440367632, 0, 1, 3, 1, 
195.94801, 18, 0.1, 0.1, 0.0170601889, 0.358772913, -0.034968506, 0.982704468, -8.05275082e-006, 0.185180799, 0.185180799, -6.04046698e-006, -0.982704468, 9.03205271e-006, 1, -4.44477907e-006, 0.98270452, -7.32932795e-006, 0.185180522, 0.185180522, 2.67639228e-006, -0.98270452, 6.70694799e-006, 1, 3.98735156e-006, 0, 0, 0, 0, 0, 0, 0, 0.339295947, -0.175966602, -0.200092383, -0.207321359, 0.300734958, -0.930894429, -0.970703125, 0.0540771484, 0.233642578, 0.120586751, 0.95222701, 0.280918482, 0, 0, -0, 0, 0, 0, 0, 0.402533496, -0.107919531, -0.150286475, 0.318330347, 0.317762598, -0.893065456, 0.562255859, -0.821777344, -0.0919189453, -0.76314232, -0.472792741, -0.440367632, 0, 1, 3, 1, 
195.948713, 18, 0.1, 0.1, 0.0170601885, 0.358772913, -0.0349702778, 0.982704209, -4.97613554e-006, 0.185182173, 0.185182173, 3.79128971e-006, -0.982704209, 4.18799008e-006, 1, 4.64720795e-006, 0.98270426, 2.05348384e-006, 0.185181902, 0.185181902, 7.8946518e-006, -0.98270426, -3.47991395e-006, 1, 7.37783991e-006, 0, 0, 0, 0, 0, 0, 0, 0.339295947, -0.175966602, -0.200092383, -0.207321359, 0.300734958, -0.930894429, -0.970703125, 0.0540771484, 0.233642578, 0.120586751, 0.95222701, 0.280918482, 0, 0, -0, 0, 0, 0, 0, 0.402533496, -0.107919531, -0.150286475, 0.318330347, 0.317762598, -0.893065456, 0.562255859, -0.821777344, -0.0919189453, -0.76314232, -0.472792741, -0.440367632, 0, 1, 3, 1, 
195.949423, 18, 0.1, 0.1, 0.0170601877, 0.358772914, -0.0349716024, 0.982703948, 3.34225077e-006, 0.185183559, 0.185183558, 8.07329944e-006, -0.982703948, -4.77948534e-006, 1, 7.31473335e-006, 0.982704, 6.47367774e-006, 0.185183282, 0.185183282, 6.10486111e-006, -0.982704, -7.49222723e-006, 1, 4.80045454e-006, 0, 0, 0, 0, 0, 0, 0, 0.339295947, -0.175966602, -0.200092383, -0.207321359, 0.300734958, -0.930894429, -0.970703125, 0.0540771484, 0.233642578, 0.120586751, 0.95222701, 0.280918482, 0, 0, -0, 0, 0, 0, 0, 0.402533496, -0.107919531, -0.150286475, 0.318330347, 0.317762598, -0.893065456, 0.562255859, -0.821777344, -0.0919189453, -0.76314232, -0.472792741, -0.440367632, 0, 1, 3, 1, 
195.950131, 18, 0.1, 0.1, 0.0170601871, 0.358772915, -0.0349720658, 0.98270369, 6.7982674e-006, 0.185184927, 0.185184927, 5.70105943e-006, -0.98270369, -7.73643274e-006, 1, 4.34351549e-006, 0.98270374, 5.96613968e-006, 0.18518466, 0.18518466, -1.97583278e-006, -0.982703741, -5.49705386e-006, 1, -3.04649581e-006, 0, 0, 0, 0, 0, 0, 0, 0.339295947, -0.175966602, -0.200092383, -0.207321359, 0.300734958, -0.930894429, -0.970703125, 0.0540771484, 0.233642578, 0.120586751, 0.95222701, 0.280918482, 0, 0, -0, 0, 0, 0, 0, 0.402533496, -0.107919531, -0.150286475, 0.318330347, 0.317762598, -0.893065456, 0.562255859, -0.821777344, -0.0919189453, -0.76314232, -0.472792741, -0.440367632, 0, 1, 3, 1, 
195.95086, 18, 0.1, 0.1, 0.017060187, 0.358772916, -0.0349713482, 0.982703426, 5.27866555e-006, 0.185186328, 0.185186328, -2.8185836e-006, -0.982703426, -4.66539958e-006, 1, -3.74736846e-006, 0.982703477, -1.97291902e-006, 0.18518606, 0.18518606, -7.11971166e-006, -0.982703477, 3.25726573e-006, 1, -6.6312083e-006, 0, 0, 0, 0, 0, 0, 0, 0.339986914, -0.176847363, -0.199420703, -0.206782923, 0.300976093, -0.93090042, -0.971069336, 0.0521240234, 0.232543945, 0.118524, 0.952188818, 0.281660983, 0, 0, -0, 0, 0, 0, 0, 0.402760645, -0.108530176, -0.150048584, 0.317934426, 0.319155251, -0.892624692, 0.564453125, -0.82019043, -0.0922851562, -0.76171102, -0.474364765, -0.441057762, 0, 1, 3, 1, 
195.951562, 18, 0.1, 0.1, 0.0170601869, 0.358772916, -0.0349700834, 0.982703173, -1.93957297e-006, 0.185187672, 0.185187672, -7.85111078e-006, -0.982703173, 3.35995345e-006, 1, -7.35612647e-006, 0.982703223, -5.47695586e-006, 0.185187404, 0.185187404, -5.90892431e-006, -0.982703223, 6.47648053e-006, 1, -4.79245573e-006, 0, 0, 0, 0, 0, 0, 0, 0.339986914, -0.176847363, -0.199420703, -0.206782923, 0.300976093, -0.93090042, -0.971069336, 0.0521240234, 0.232543945, 0.118524, 0.952188818, 0.281660983, 0, 0, -0, 0, 0, 0, 0, 0.402760645, -0.108530176, -0.150048584, 0.317934426, 0.319155251, -0.892624692, 0.564453125, -0.82019043, -0.0922851562, -0.76171102, -0.474364765, -0.441057762, 0, 1, 3, 1, 
195.952269, 18, 0.1, 0.1, 0.0170601863, 0.358772917, -0.0349686203, 0.982702917, -5.84951251e-006, 0.185189029, 0.185189029, -6.40972284e-006, -0.982702917, 6.93534336e-006, 1, -5.21558779e-006, 0.982702968, -4.9126346e-006, 0.185188757, 0.185188757, 2.58364636e-006, -0.982702968, 4.34919834e-006, 1, 3.44872164e-006, 0, 0, 0, 0, 0, 0, 0, 0.339986914, -0.176847363, -0.199420703, -0.206782923, 0.300976093, -0.93090042, -0.971069336, 0.0521240234, 0.232543945, 0.118524, 0.952188818, 0.281660983, 0, 0, -0, 0, 0, 0, 0, 0.402760645, -0.108530176, -0.150048584, 0.317934426, 0.319155251, -0.892624692, 0.564453125, -0.82019043, -0.0922851562, -0.76171102, -0.474364765, -0.441057762, 0, 1, 3, 1, 
195.952973, 18, 0.1, 0.1, 0.0170601855, 0.358772917, -0.034967441, 0.982702661, -5.50519788e-006, 0.185190389, 0.185190389, 2.46774122e-006, -0.982702661, 4.95297065e-006, 1, 3.4445656e-006, 0.982702711, 2.70233432e-006, 0.185190121, 0.185190121, 7.40843245e-006, -0.982702711, -4.02755976e-006, 1, 6.77984103e-006, 0, 0, 0, 0, 0, 0, 0, 0.339986914, -0.176847363, -0.199420703, -0.206782923, 0.300976093, -0.93090042, -0.971069336, 0.0521240234, 0.232543945, 0.118524, 0.952188818, 0.281660983, 0, 0, -0, 0, 0, 0, 0, 0.402760645, -0.108530176, -0.150048584, 0.317934426, 0.319155251, -0.892624692, 0.564453125, -0.82019043, -0.0922851562, -0.76171102, -0.474364765, -0.441057762, 0, 1, 3, 1, 
195.953674, 18, 0.1, 0.1, 0.0170601848, 0.358772918, -0.0349668766, 0.982702402, 2.71295514e-006, 0.185191762, 0.185191762, 7.49832986e-006, -0.982702402, -4.05465645e-006, 1, 6.86620983e-006, 0.982702453, 6.48773967e-006, 0.18519149, 0.18519149, 5.22011175e-006, -0.982702453, -7.34223797e-006, 1, 3.92834245e-006, 0, 0, 0, 0, 0, 0, 0, 0.339986914, -0.176847363, -0.199420703, -0.206782923, 0.300976093, -0.93090042, -0.971069336, 0.0521240234, 0.232543945, 0.118524, 0.952188818, 0.281660983, 0, 0, -0, 0, 0, 0, 0, 0.402760645, -0.108530176, -0.150048584, 0.317934426, 0.319155251, -0.892624692, 0.564453125, -0.82019043, -0.0922851562, -0.76171102, -0.474364765, -0.441057762, 0, 1, 3, 1, 
195.954379, 18, 0.1, 0.1, 0.0170601849, 0.35877292, -0.0349670572, 0.98270214, 6.33701754e-006, 0.185193154, 0.185193154, 5.97551839e-006, -0.98270214, -7.3340258e-006, 1, 4.69858244e-006, 0.982702192, 5.19399613e-006, 0.185192875, 0.185192875, -3.62988551e-006, -0.982702192, -4.43192245e-006, 1, -4.52898752e-006, 0, 0, 0, 0, 0, 0, 0, 0.339986914, -0.176847363, -0.199420703, -0.206782923, 0.300976093, -0.93090042, -0.971069336, 0.0521240234, 0.232543945, 0.118524, 0.952188818, 0.281660983, 0, 0, -0, 0, 0, 0, 0, 0.402760645, -0.108530176, -0.150048584, 0.317934426, 0.319155251, -0.892624692, 0.564453125, -0.82019043, -0.0922851562, -0.76171102, -0.474364765, -0.441057762, 0, 1, 3, 1, 
195.955094, 18, 0.1, 0.1, 0.0170601849, 0.358772921, -0.0349678896, 0.982701871, 6.17331394e-006, 0.185194578, 0.185194578, -1.86620912e-006, -0.982701871, -5.72091535e-006, 1, -2.97719147e-006, 0.982701928, -2.52564688e-006, 0.185194278, 0.185194278, -7.12801651e-006, -0.982701928, 3.80202593e-006, 1, -6.53698022e-006, 0, 0, 0, 0, 0, 0, 0, 0.339986914, -0.176847363, -0.199420703, -0.206923708, 0.301236324, -0.930766748, -0.971313477, 0.0495605469, 0.231933594, 0.116074459, 0.952271194, 0.282504955, 0, 0, -0, 0, 0, 0, 0, 0.402760645, -0.108530176, -0.150048584, 0.317934426, 0.319155251, -0.892624692, 0.564453125, -0.82019043, -0.0922851562, -0.76171102, -0.474364765, -0.441057762, 0, 1, 3, 1, 
195.95581, 18, 0.1, 0.1, 0.0170601846, 0.35877292, -0.0349688023, 0.9827016, -1.85660738e-006, 0.185196017, 0.185196017, -5.50727146e-006, -0.9827016, 2.84441578e-006, 1, -5.06816819e-006, 0.982701654, -5.32695239e-006, 0.185195733, 0.185195733, -3.24493727e-006, -0.982701654, 5.83575346e-006, 1, -2.20227637e-006, 0, 0, 0, 0, 0, 0, 0, 0.341088477, -0.177950024, -0.198964819, -0.206923708, 0.301236324, -0.930766748, -0.971313477, 0.0495605469, 0.231933594, 0.116074459, 0.952271194, 0.282504955, 0, 0, -0, 0, 0, 0, 0, 0.40342915, -0.10982373, -0.149823877, 0.317576784, 0.320279582, -0.892452251, 0.566040039, -0.819091797, -0.0925292969, -0.760643925, -0.475719506, -0.441530609, 0, 1, 3, 1, 
195.956509, 18, 0.1, 0.1, 0.0170601839, 0.35877292, -0.0349697985, 0.982701335, -5.68730714e-006, 0.185197422, 0.185197422, -4.38700276e-006, -0.982701335, 6.40138592e-006, 1, -3.25783885e-006, 0.982701388, -4.55891975e-006, 0.185197145, 0.185197145, 4.36300802e-006, -0.982701388, 3.67204014e-006, 1, 5.13183296e-006, 0, 0, 0, 0, 0, 0, 0, 0.341088477, -0.177950024, -0.198964819, -0.206923708, 0.301236324, -0.930766748, -0.971313477, 0.0495605469, 0.231933594, 0.116074459, 0.952271194, 0.282504955, 0, 0, -0, 0, 0, 0, 0, 0.40342915, -0.10982373, -0.149823877, 0.317576784, 0.320279582, -0.892452251, 0.566040039, -0.819091797, -0.0925292969, -0.760643925, -0.475719506, -0.441530609, 0, 1, 3, 1, 
195.95721, 18, 0.1, 0.1, 0.0170601833, 0.35877292, -0.0349706321, 0.982701072, -5.51595282e-006, 0.18519882, 0.18519882, 2.32418607e-006, -0.982701072, 4.99009623e-006, 1, 3.30552809e-006, 0.982701123, 1.89997113e-006, 0.185198548, 0.185198548, 6.98395289e-006, -0.982701123, -3.1605217e-006, 1, 6.51126645e-006, 0, 0, 0, 0, 0, 0, 0, 0.341088477, -0.177950024, -0.198964819, -0.206923708, 0.301236324, -0.930766748, -0.971313477, 0.0495605469, 0.231933594, 0.116074459, 0.952271194, 0.282504955, 0, 0, -0, 0, 0, 0, 0, 0.40342915, -0.10982373, -0.149823877, 0.317576784, 0.320279582, -0.892452251, 0.566040039, -0.819091797, -0.0925292969, -0.760643925, -0.475719506, -0.441530609, 0, 1, 3, 1, 
195.957913, 18, 0.1, 0.1, 0.0170601831, 0.358772921, -0.034971024, 0.982700809, 1.19577623e-006, 0.185200217, 0.185200217, 5.26289551e-006, -0.982700809, -2.14977966e-006, 1, 4.95039366e-006, 0.982700861, 4.57631438e-006, 0.185199941, 0.185199941, 3.49897953e-006, -0.982700861, -5.14515888e-006, 1, 2.59091704e-006, 0, 0, 0, 0, 0, 0, 0, 0.341088477, -0.177950024, -0.198964819, -0.206923708, 0.301236324, -0.930766748, -0.971313477, 0.0495605469, 0.231933594, 0.116074459, 0.952271194, 0.282504955, 0, 0, -0, 0, 0, 0, 0, 0.40342915, -0.10982373, -0.149823877, 0.317576784, 0.320279582, -0.892452251, 0.566040039, -0.819091797, -0.0925292969, -0.760643925, -0.475719506, -0.441530609, 0, 1, 3, 1, 
195.958617, 18, 0.1, 0.1, 0.0170601834, 0.358772923, -0.0349708881, 0.982700548, 4.645785e-006, 0.185201601, 0.185201601, 3.44873668e-006, -0.982700548, -5.20412702e-006, 1, 2.52866861e-006, 0.9827006, 3.68005034e-006, 0.185201324, 0.185201324, -4.98058681e-006, -0.9827006, -2.6939764e-006, 1, -5.57597584e-006, 0, 0, 0, 0, 0, 0, 0, 0.341088477, -0.177950024, -0.198964819, -0.206923708, 0.301236324, -0.930766748, -0.971313477, 0.0495605469, 0.231933594, 0.116074459, 0.952271194, 0.282504955, 0, 0, -0, 0, 0, 0, 0, 0.40342915, -0.10982373, -0.149823877, 0.317576784, 0.320279582, -0.892452251, 0.566040039, -0.819091797, -0.0925292969, -0.760643925, -0.475719506, -0.441530609, 0, 1, 3, 1, 
195.959322, 18, 0.1, 0.1, 0.0170601838, 0.358772925, -0.0349702698, 0.982700288, 4.66399752e-006, 0.185202981, 0.185202981, -3.78474979e-006, -0.982700288, -3.88236477e-006, 1, -4.58306095e-006, 0.982700339, -2.97957902e-006, 0.185202708, 0.185202708, -8.53889143e-006, -0.982700339, 4.50945913e-006, 1, -7.8393454e-006, 0, 0, 0, 0, 0, 0, 0, 0.341088477, -0.177950024, -0.198964819, -0.206923708, 0.301236324, -0.930766748, -0.971313477, 0.0495605469, 0.231933594, 0.116074459, 0.952271194, 0.282504955, 0, 0, -0, 0, 0, 0, 0, 0.40342915, -0.10982373, -0.149823877, 0.317576784, 0.320279582, -0.892452251, 0.566040039, -0.819091797, -0.0925292969, -0.760643925, -0.475719506, -0.441530609, 0, 1, 3, 1, 
195.96006, 18, 0.1, 0.1, 0.0170601839, 0.358772925, -0.0349692048, 0.982700015, -1.2869997e-006, 0.18520443, 0.18520443, -8.2868453e-006, -0.982700015, 2.79949508e-006, 1, -7.90512495e-006, 0.982700072, -5.54137502e-006, 0.185204125, 0.185204125, -6.56132511e-006, -0.982700072, 6.66069411e-006, 1, -5.42152915e-006, 0, 0, 0, 0, 0, 0, 0, 0.341713647, -0.179006543, -0.198935156, -0.207692418, 0.302422902, -0.930277365, -0.971435547, 0.0473632812, 0.232299805, 0.114342332, 0.951959666, 0.284034139, 0, 0, -0, 0, 0, 0, 0, 0.40342915, -0.10982373, -0.149823877, 0.317947552, 0.321691559, -0.891717645, 0.567260742, -0.818115234, -0.0928955078, -0.759500272, -0.476307557, -0.442680825, 0, 1, 3, 1, 
195.960768, 18, 0.1, 0.1, 0.0170601828, 0.358772925, -0.0349679225, 0.982699752, -4.41147402e-006, 0.185205823, 0.185205823, -4.91163081e-006, -0.982699752, 5.24481705e-006, 1, -4.0096277e-006, 0.982699805, -3.47504942e-006, 0.185205544, 0.185205544, 4.06236453e-006, -0.982699805, 2.66255795e-006, 1, 4.63568324e-006, 0, 0, 0, 0, 0, 0, 0, 0.341713647, -0.179006543, -0.198935156, -0.207692418, 0.302422902, -0.930277365, -0.971435547, 0.0473632812, 0.232299805, 0.114342332, 0.951959666, 0.284034139, 0, 0, -0, 0, 0, 0, 0, 0.403924219, -0.110858887, -0.149352979, 0.317947552, 0.321691559, -0.891717645, 0.567260742, -0.818115234, -0.0928955078, -0.759500272, -0.476307557, -0.442680825, 0, 1, 3, 1, 
195.961474, 18, 0.1, 0.1, 0.0170601814, 0.358772925, -0.0349671014, 0.982699488, -4.03843335e-006, 0.185207225, 0.185207225, 4.75205033e-006, -0.982699488, 3.08845233e-006, 1, 5.41778446e-006, 0.982699541, 4.39062531e-006, 0.185206946, 0.185206946, 9.72363891e-006, -0.982699541, -6.11555094e-006, 1, 8.74224119e-006, 0, 0, 0, 0, 0, 0, 0, 0.341713647, -0.179006543, -0.198935156, -0.207692418, 0.302422902, -0.930277365, -0.971435547, 0.0473632812, 0.232299805, 0.114342332, 0.951959666, 0.284034139, 0, 0, -0, 0, 0, 0, 0, 0.403924219, -0.110858887, -0.149352979, 0.317947552, 0.321691559, -0.891717645, 0.567260742, -0.818115234, -0.0928955078, -0.759500272, -0.476307557, -0.442680825, 0, 1, 3, 1, 
195.962189, 18, 0.1, 0.1, 0.0170601805, 0.358772925, -0.0349669633, 0.982699217, 2.57733037e-006, 0.185208661, 0.185208661, 9.14424381e-006, -0.982699217, -4.22633368e-006, 1, 8.50869733e-006, 0.982699276, 7.10390947e-006, 0.185208348, 0.185208348, 6.94460833e-006, -0.982699276, -8.26720613e-006, 1, 5.50875825e-006, 0, 0, 0, 0, 0, 0, 0, 0.341713647, -0.179006543, -0.198935156, -0.208006189, 0.30376824, -0.92971759, -0.972045898, 0.0412597656, 0.230834961, 0.108459616, 0.951870178, 0.286788094, 0, 0, -0, 0, 0, 0, 0, 0.403924219, -0.110858887, -0.149352979, 0.317947552, 0.321691559, -0.891717645, 0.567260742, -0.818115234, -0.0928955078, -0.759500272, -0.476307557, -0.442680825, 0, 1, 3, 1, 
195.962927, 18, 0.1, 0.1, 0.0170601807, 0.358772927, -0.0349671265, 0.982698936, 6.13305231e-006, 0.185210156, 0.185210156, 5.96841245e-006, -0.982698936, -7.13235457e-006, 1, 4.72924899e-006, 0.982698991, 5.29421646e-006, 0.185209862, 0.185209862, -3.44332432e-006, -0.982698991, -4.56488355e-006, 1, -4.36429243e-006, 0, 0, 0, 0, 0, 0, 0, 0.343019165, -0.179161304, -0.198451685, -0.208006189, 0.30376824, -0.92971759, -0.972045898, 0.0412597656, 0.230834961, 0.108459616, 0.951870178, 0.286788094, 0, 0, -0, 0, 0, 0, 0, 0.404596631, -0.111120557, -0.149097266, 0.31719399, 0.325262878, -0.890676436, 0.571166992, -0.815307617, -0.0943603516, -0.757001877, -0.478755279, -0.444412531, 0, 1, 3, 1, 
195.963632, 18, 0.1, 0.1, 0.0170601811, 0.358772928, -0.034967709, 0.982698664, 4.4873129e-006, 0.185211595, 0.185211595, -3.56016433e-006, -0.982698664, -3.75029268e-006, 1, -4.32967111e-006, 0.982698719, -3.62438557e-006, 0.185211306, 0.185211306, -8.3813346e-006, -0.982698719, 5.11399699e-006, 1, -7.56504959e-006, 0, 0, 0, 0, 0, 0, 0, 0.343019165, -0.179161304, -0.198451685, -0.208006189, 0.30376824, -0.92971759, -0.972045898, 0.0412597656, 0.230834961, 0.108459616, 0.951870178, 0.286788094, 0, 0, -0, 0, 0, 0, 0, 0.404596631, -0.111120557, -0.149097266, 0.31719399, 0.325262878, -0.890676436, 0.571166992, -0.815307617, -0.0943603516, -0.757001877, -0.478755279, -0.444412531, 0, 1, 3, 1, 
195.964342, 18, 0.1, 0.1, 0.0170601815, 0.358772928, -0.0349686636, 0.98269839, -3.32713483e-006, 0.185213049, 0.185213049, -7.70530732e-006, -0.98269839, 4.6966935e-006, 1, -6.95576431e-006, 0.982698446, -7.08546363e-006, 0.185212755, 0.185212755, -5.64805014e-006, -0.982698446, 8.00896503e-006, 1, -4.23801185e-006, 0, 0, 0, 0, 0, 0, 0, 0.343019165, -0.179161304, -0.198451685, -0.208006189, 0.30376824, -0.92971759, -0.972045898, 0.0412597656, 0.230834961, 0.108459616, 0.951870178, 0.286788094, 0, 0, -0, 0, 0, 0, 0, 0.404596631, -0.111120557, -0.149097266, 0.31719399, 0.325262878, -0.890676436, 0.571166992, -0.815307617, -0.0943603516, -0.757001877, -0.478755279, -0.444412531, 0, 1, 3, 1, 
195.965063, 18, 0.1, 0.1, 0.0170601813, 0.358772928, -0.0349696094, 0.982698113, -6.74860007e-006, 0.185214521, 0.185214521, -5.60020166e-006, -0.982698113, 7.66907523e-006, 1, -4.25336888e-006, 0.982698169, -5.90184027e-006, 0.185214224, 0.185214224, 3.21285125e-006, -0.982698169, 5.20466188e-006, 1, 4.25036781e-006, 0, 0, 0, 0, 0, 0, 0, 0.343019165, -0.179161304, -0.198451685, -0.208006189, 0.30376824, -0.92971759, -0.972045898, 0.0412597656, 0.230834961, 0.108459616, 0.951870178, 0.286788094, 0, 0, -0, 0, 0, 0, 0, 0.404596631, -0.111120557, -0.149097266, 0.31719399, 0.325262878, -0.890676436, 0.571166992, -0.815307617, -0.0943603516, -0.757001877, -0.478755279, -0.444412531, 0, 1, 3, 1, 
