time, trialNum, realDorsalTactorPos, realVentralTactorPos, boxPosX, boxPosY, boxPosZ, boxLocalRot_11, boxLocalRot_12, boxLocalRot_13, boxLocalRot_21, boxLocalRot_22, boxLocalRot_23, boxLocalRot_31, boxLocalRot_32, boxLocalRot_33, boxGlobalRot_11, boxGlobalRot_12, boxGlobalRot_13, boxGlobalRot_21, boxGlobalRot_22, boxGlobalRot_23, boxGlobalRot_31, boxGlobalRot_32, boxGlobalRot_33, indexForceX, indexForceY, indexForceZ, indexForceGlobalX, indexForceGlobalY, indexForceGlobalZ, indexContact, indexPosX, indexPosY, indexPosZ, indexRot_11, indexRot_12, indexRot_13, indexRot_21, indexRot_22, indexRot_23, indexRot_31, indexRot_32, indexRot_33, thumbForceX, thumbForceY, thumbForceZ, thumbForceGlobalX, thumbForceGlobalY, thumbForceGlobalZ, thumbContact, thumbPosX, thumbPosY, thumbPosZ, thumbRot_11, thumbRot_12, thumbRot_13, thumbRot_21, thumbRot_22, thumbRot_23, thumbRot_31, thumbRot_32, thumbRot_33, manipForceTooHigh, cceExpType, mapping, trialSuccess, 
175.190797, 18, 0.1, 0.1, 0.00484756621, 0.372335774, -0.034967106, 0.979213568, 0.202831921, -4.71872488e-006, 0.202831921, -0.979213568, 8.01750589e-006, -2.9944333e-006, -8.80795859e-006, -1, 0.979213585, 0.202831836, -2.14676414e-005, 0.202831836, -0.979213585, 2.81235607e-005, -1.53170527e-005, -3.18932939e-005, -0.999999999, 0, 0, 0, 0, 0, 0, 0, 0.283506323, -0.128854053, -0.195622241, -0.251331935, 0.667149941, -0.701230566, -0.926513672, 0.0435791016, 0.373535156, 0.279699012, 0.743657602, 0.607285627, 0, 0, -0, 0, 0, 0, 0, 0.330717725, -0.0792040527, -0.158751562, -0.0884135516, 0.433884859, -0.89657746, 0.483520508, -0.768188477, -0.419433594, -0.87082372, -0.470529959, -0.14185826, 0, 1, 3, 1, 
175.192914, 18, 0.1, 0.1, 0.00484766151, 0.372335673, -0.0349601829, 0.979212757, 0.202835771, -0.000164842399, 0.202835789, -0.979212761, 0.000102129316, -0.000140700303, -0.000133442267, -0.999999981, 0.979212812, 0.202835507, -0.000163792922, 0.202835525, -0.979212816, 0.000105841885, -0.000138919636, -0.000136864753, -0.999999981, 0, 0, 0, 0, 0, 0, 0, 0.28323728, -0.130930762, -0.194717822, -0.256171102, 0.661123814, -0.705154247, -0.927368164, 0.0375976562, 0.372070313, 0.272555577, 0.749308541, 0.603581359, 0, 0, -0, 0, 0, 0, 0, 0.330515332, -0.0812033203, -0.158262012, -0.0927705162, 0.423423899, -0.901100302, 0.489990234, -0.768310547, -0.411499023, -0.866740175, -0.479607726, -0.136196494, 0, 1, 3, 1, 
175.193627, 18, 0.1, 0.1, 0.00484762688, 0.372335696, -0.0349670914, 0.979212512, 0.202837017, -2.12394318e-005, 0.202837018, -0.979212512, 2.06180792e-005, -1.66158077e-005, -2.44976241e-005, -1, 0.979212556, 0.202836799, -6.44834132e-005, 0.202836802, -0.979212556, 4.51895101e-005, -5.39768723e-005, -5.7329745e-005, -0.999999997, 0, 0, 0, 0, 0, 0, 0, 0.28323728, -0.130930762, -0.194717822, -0.256171102, 0.661123814, -0.705154247, -0.927368164, 0.0375976562, 0.372070313, 0.272555577, 0.749308541, 0.603581359, 0, 0, -0, 0, 0, 0, 0, 0.329804199, -0.0818101074, -0.158933203, -0.0973961702, 0.41913583, -0.902556388, 0.492553711, -0.767700195, -0.409667969, -0.864771496, -0.484354415, -0.131685312, 0, 1, 3, 1, 
175.194323, 18, 0.1, 0.1, 0.00484765814, 0.372335679, -0.0349739585, 0.979212296, 0.202838016, 0.000135909701, 0.202838027, -0.9792123, -7.93225216e-005, 0.000116994828, 0.000105241244, -0.999999988, 0.979212337, 0.20283783, 0.000121991329, 0.202837839, -0.97921234, -6.73394739e-005, 0.000105796422, 9.0684101e-005, -0.99999999, 0, 0, 0, 0, 0, 0, 0, 0.28323728, -0.130930762, -0.194717822, -0.256171102, 0.661123814, -0.705154247, -0.927368164, 0.0375976562, 0.372070313, 0.272555577, 0.749308541, 0.603581359, 0, 0, -0, 0, 0, 0, 0, 0.329804199, -0.0818101074, -0.158933203, -0.0973961702, 0.41913583, -0.902556388, 0.492553711, -0.767700195, -0.409667969, -0.864771496, -0.484354415, -0.131685312, 0, 1, 3, 1, 
175.195018, 18, 0.1, 0.1, 0.00484770156, 0.372335649, -0.0349791737, 0.979212135, 0.202838811, 0.000103563594, 0.202838819, -0.979212136, -7.64515592e-005, 8.59033849e-005, 9.58690117e-005, -0.999999992, 0.979212164, 0.202838666, 0.000119769541, 0.202838677, -0.979212165, -8.75901006e-005, 9.95131323e-005, 0.000110063187, -0.999999989, 0, 0, 0, 0, 0, 0, 0, 0.28323728, -0.130930762, -0.194717822, -0.256171102, 0.661123814, -0.705154247, -0.927368164, 0.0375976562, 0.372070313, 0.272555577, 0.749308541, 0.603581359, 0, 0, -0, 0, 0, 0, 0, 0.329804199, -0.0818101074, -0.158933203, -0.0973961702, 0.41913583, -0.902556388, 0.492553711, -0.767700195, -0.409667969, -0.864771496, -0.484354415, -0.131685312, 0, 1, 3, 1, 
175.195725, 18, 0.1, 0.1, 0.00484771027, 0.372335644, -0.0349810588, 0.979211975, 0.202839608, -3.29937317e-005, 0.202839609, -0.979211975, 2.63465403e-005, -2.69637353e-005, -3.24912834e-005, -0.999999999, 0.979212016, 0.202839414, -1.01983012e-006, 0.202839414, -0.979212016, 7.27863723e-006, 4.77764607e-007, -7.33419078e-006, -1, 0, 0, 0, 0, 0, 0, 0, 0.283026099, -0.131475757, -0.195188599, -0.26011987, 0.659081281, -0.705567245, -0.927124023, 0.0334472656, 0.373046875, 0.269473243, 0.751238741, 0.602534444, 0, 0, -0, 0, 0, 0, 0, 0.329804199, -0.0818101074, -0.158933203, -0.0973961702, 0.41913583, -0.902556388, 0.492553711, -0.767700195, -0.409667969, -0.864771496, -0.484354415, -0.131685312, 0, 1, 3, 1, 
175.196432, 18, 0.1, 0.1, 0.00484767719, 0.372335665, -0.0349793414, 0.979211774, 0.202840553, -0.000107954224, 0.202840561, -0.979211776, 6.92621795e-005, -9.16608687e-005, -8.9719837e-005, -0.999999992, 0.979211811, 0.202840377, -0.000106536601, 0.202840385, -0.979211813, 6.65273409e-005, -9.08274668e-005, -8.6754283e-005, -0.999999992, 0, 0, 0, 0, 0, 0, 0, 0.283026099, -0.131475757, -0.195188599, -0.26011987, 0.659081281, -0.705567245, -0.927124023, 0.0334472656, 0.373046875, 0.269473243, 0.751238741, 0.602534444, 0, 0, -0, 0, 0, 0, 0, 0.329804199, -0.0818101074, -0.158933203, -0.0973961702, 0.41913583, -0.902556388, 0.492553711, -0.767700195, -0.409667969, -0.864771496, -0.484354415, -0.131685312, 0, 1, 3, 1, 
175.197131, 18, 0.1, 0.1, 0.0048476512, 0.372335683, -0.0349748341, 0.979211612, 0.202841363, -3.32212024e-005, 0.202841364, -0.979211612, 2.12835285e-005, -2.82134072e-005, -2.75797122e-005, -0.999999999, 0.979211643, 0.202841208, -5.75835066e-005, 0.202841211, -0.979211643, 3.97898343e-005, -4.8315422e-005, -5.06429772e-005, -0.999999998, 0, 0, 0, 0, 0, 0, 0, 0.283026099, -0.131475757, -0.195188599, -0.26011987, 0.659081281, -0.705567245, -0.927124023, 0.0334472656, 0.373046875, 0.269473243, 0.751238741, 0.602534444, 0, 0, -0, 0, 0, 0, 0, 0.329804199, -0.0818101074, -0.158933203, -0.0973961702, 0.41913583, -0.902556388, 0.492553711, -0.767700195, -0.409667969, -0.864771496, -0.484354415, -0.131685312, 0, 1, 3, 1, 
175.197857, 18, 0.1, 0.1, 0.00484766797, 0.372335676, -0.0349686647, 0.979211406, 0.202842343, 8.02949608e-005, 0.202842347, -0.979211408, -3.51607564e-005, 7.14936514e-005, 5.0717032e-005, -0.999999996, 0.979211451, 0.202842127, 7.19847342e-005, 0.202842129, -0.979211453, -3.28088139e-005, 6.38332665e-005, 4.6728303e-005, -0.999999997, 0, 0, 0, 0, 0, 0, 0, 0.282854224, -0.132280005, -0.195273804, -0.263307042, 0.656290256, -0.707116648, -0.927124023, 0.0302734375, 0.373413086, 0.266517467, 0.753905451, 0.600555191, 0, 0, -0, 0, 0, 0, 0, 0.329804199, -0.0818101074, -0.158933203, -0.10164486, 0.414592199, -0.904255277, 0.494995117, -0.767333984, -0.407470703, -0.86288594, -0.489005222, -0.127199649, 0, 1, 3, 1, 
175.198553, 18, 0.1, 0.1, 0.00484768253, 0.372335672, -0.034963233, 0.979211223, 0.202843244, -6.68272981e-006, 0.202843244, -0.979211222, 1.59872849e-005, -3.30089131e-006, -1.70104754e-005, -1, 0.979211256, 0.202843082, 2.56598966e-005, 0.202843082, -0.979211256, -2.44797976e-006, 2.46299038e-005, 7.60202183e-006, -1, 0, 0, 0, 0, 0, 0, 0, 0.282854224, -0.132280005, -0.195273804, -0.263307042, 0.656290256, -0.707116648, -0.927124023, 0.0302734375, 0.373413086, 0.266517467, 0.753905451, 0.600555191, 0, 0, -0, 0, 0, 0, 0, 0.32911626, -0.0822085449, -0.159397754, -0.10164486, 0.414592199, -0.904255277, 0.494995117, -0.767333984, -0.407470703, -0.86288594, -0.489005222, -0.127199649, 0, 1, 3, 1, 
175.19925, 18, 0.1, 0.1, 0.00484766684, 0.372335682, -0.0349600664, 0.97921105, 0.202844072, -3.72738974e-005, 0.202844072, -0.979211051, 1.60731151e-005, -3.32386762e-005, -2.32997611e-005, -0.999999999, 0.979211084, 0.202843905, -4.91559843e-005, 0.202843906, -0.979211085, 2.77847266e-005, -4.24981222e-005, -3.71781042e-005, -0.999999998, 0, 0, 0, 0, 0, 0, 0, 0.282854224, -0.132280005, -0.195273804, -0.263307042, 0.656290256, -0.707116648, -0.927124023, 0.0302734375, 0.373413086, 0.266517467, 0.753905451, 0.600555191, 0, 0, -0, 0, 0, 0, 0, 0.32911626, -0.0822085449, -0.159397754, -0.10164486, 0.414592199, -0.904255277, 0.494995117, -0.767333984, -0.407470703, -0.86288594, -0.489005222, -0.127199649, 0, 1, 3, 1, 
175.199947, 18, 0.1, 0.1, 0.00484767384, 0.372335672, -0.0349598945, 0.979210886, 0.202844862, 4.22936145e-005, 0.202844864, -0.979210886, -4.46316451e-005, 3.23610678e-005, 5.22828352e-005, -0.999999998, 0.979210917, 0.202844713, 4.11222666e-005, 0.202844715, -0.979210917, -4.39863217e-005, 3.13449796e-005, 5.14133208e-005, -0.999999998, 0, 0, 0, 0, 0, 0, 0, 0.282854224, -0.132280005, -0.195273804, -0.263307042, 0.656290256, -0.707116648, -0.927124023, 0.0302734375, 0.373413086, 0.266517467, 0.753905451, 0.600555191, 0, 0, -0, 0, 0, 0, 0, 0.32911626, -0.0822085449, -0.159397754, -0.10164486, 0.414592199, -0.904255277, 0.494995117, -0.767333984, -0.407470703, -0.86288594, -0.489005222, -0.127199649, 0, 1, 3, 1, 
175.200643, 18, 0.1, 0.1, 0.00484767348, 0.372335671, -0.0349626237, 0.979210754, 0.202845505, -2.74846211e-005, 0.202845506, -0.979210753, 3.36851592e-005, -2.00803534e-005, -3.8560002e-005, -0.999999999, 0.979210772, 0.202845416, -1.93227051e-005, 0.202845417, -0.979210772, 1.5455714e-005, -1.57858802e-005, -1.90539238e-005, -1, 0, 0, 0, 0, 0, 0, 0, 0.282854224, -0.132280005, -0.195273804, -0.263307042, 0.656290256, -0.707116648, -0.927124023, 0.0302734375, 0.373413086, 0.266517467, 0.753905451, 0.600555191, 0, 0, -0, 0, 0, 0, 0, 0.32911626, -0.0822085449, -0.159397754, -0.10164486, 0.414592199, -0.904255277, 0.494995117, -0.767333984, -0.407470703, -0.86288594, -0.489005222, -0.127199649, 0, 1, 3, 1, 
175.201343, 18, 0.1, 0.1, 0.00484766948, 0.372335686, -0.0349672556, 0.979210706, 0.202845737, 6.76908561e-006, 0.202845737, -0.979210706, 2.58967584e-005, 1.18814081e-005, -2.39853029e-005, -1, 0.979210709, 0.202845724, 2.28762985e-006, 0.202845724, -0.979210708, 4.14450172e-005, 1.06470162e-005, -4.01193687e-005, -0.999999999, 0, 0, 0, 0, 0, 0, 0, 0.282854224, -0.132280005, -0.195273804, -0.263307042, 0.656290256, -0.707116648, -0.927124023, 0.0302734375, 0.373413086, 0.266517467, 0.753905451, 0.600555191, 0, 0, -0, 0, 0, 0, 0, 0.32911626, -0.0822085449, -0.159397754, -0.10164486, 0.414592199, -0.904255277, 0.494995117, -0.767333984, -0.407470703, -0.86288594, -0.489005222, -0.127199649, 0, 1, 3, 1, 
175.202038, 18, 0.1, 0.1, 0.00484767069, 0.372335674, -0.034972311, 0.979210707, 0.202845735, 1.08342445e-005, 0.202845735, -0.979210705, -6.17502484e-005, -1.91676628e-006, 6.26641847e-005, -0.999999998, 0.97921071, 0.202845717, 4.93614699e-006, 0.202845717, -0.979210709, -5.65901901e-005, -6.64554968e-006, 5.64149965e-005, -0.999999998, 0, 0, 0, 0, 0, 0, 0, 0.282854224, -0.132280005, -0.195273804, -0.263307042, 0.656290256, -0.707116648, -0.927124023, 0.0302734375, 0.373413086, 0.266517467, 0.753905451, 0.600555191, 0, 0, -0, 0, 0, 0, 0, 0.32911626, -0.0822085449, -0.159397754, -0.10164486, 0.414592199, -0.904255277, 0.494995117, -0.767333984, -0.407470703, -0.86288594, -0.489005222, -0.127199649, 0, 1, 3, 1, 
175.202762, 18, 0.1, 0.1, 0.00484767563, 0.372335661, -0.0349763085, 0.979210657, 0.202845974, 1.23422255e-006, 0.202845974, -0.979210657, -1.00087312e-005, -8.21666955e-007, 1.00510133e-005, -1, 0.979210671, 0.202845908, 1.31543483e-005, 0.202845908, -0.97921067, -2.74655799e-005, 7.30959774e-006, 2.95628946e-005, -1, 0, 0, 0, 0, 0, 0, 0, 0.283342065, -0.132857593, -0.195559302, -0.266602798, 0.653581606, -0.708272147, -0.927368164, 0.0257568359, 0.372924805, 0.262095786, 0.75631193, 0.599502285, 0, 0, -0, 0, 0, 0, 0, 0.328908252, -0.082588916, -0.159861084, -0.105593143, 0.410463811, -0.905596525, 0.498413086, -0.766235352, -0.405395508, -0.860355096, -0.494103356, -0.123781082, 0, 1, 3, 1, 
175.203469, 18, 0.1, 0.1, 0.00484767258, 0.372335675, -0.034977772, 0.97921065, 0.202846009, -6.00410415e-007, 0.202846009, -0.979210648, 5.44067701e-005, 1.04482679e-005, -5.33974796e-005, -0.999999999, 0.979210647, 0.202846022, -3.61656971e-006, 0.202846022, -0.979210646, 5.19423772e-005, 6.99492104e-006, -5.15961356e-005, -0.999999999, 0, 0, 0, 0, 0, 0, 0, 0.283342065, -0.132857593, -0.195559302, -0.266602798, 0.653581606, -0.708272147, -0.927368164, 0.0257568359, 0.372924805, 0.262095786, 0.75631193, 0.599502285, 0, 0, -0, 0, 0, 0, 0, 0.328908252, -0.082588916, -0.159861084, -0.105593143, 0.410463811, -0.905596525, 0.498413086, -0.766235352, -0.405395508, -0.860355096, -0.494103356, -0.123781082, 0, 1, 3, 1, 
175.204168, 18, 0.1, 0.1, 0.0048476704, 0.372335684, -0.0349767895, 0.97921066, 0.20284596, -2.67433122e-006, 0.20284596, -0.97921066, -7.34677965e-006, -4.10899821e-006, 6.65156767e-006, -1, 0.979210663, 0.202845946, -7.59385857e-006, 0.202845946, -0.979210663, 1.19567587e-005, -5.01060725e-006, -1.32485691e-005, -1, 0, 0, 0, 0, 0, 0, 0, 0.283342065, -0.132857593, -0.195559302, -0.266602798, 0.653581606, -0.708272147, -0.927368164, 0.0257568359, 0.372924805, 0.262095786, 0.75631193, 0.599502285, 0, 0, -0, 0, 0, 0, 0, 0.328908252, -0.082588916, -0.159861084, -0.105593143, 0.410463811, -0.905596525, 0.498413086, -0.766235352, -0.405395508, -0.860355096, -0.494103356, -0.123781082, 0, 1, 3, 1, 
175.204869, 18, 0.1, 0.1, 0.00484767207, 0.372335674, -0.0349737861, 0.979210638, 0.202846066, 9.92929688e-006, 0.202846066, -0.979210638, -2.6767398e-005, 4.29321175e-006, 2.82250397e-005, -1, 0.979210641, 0.202846052, 6.00833883e-006, 0.202846052, -0.97921064, -3.41211031e-005, -1.03790172e-006, 3.4630515e-005, -0.999999999, 0, 0, 0, 0, 0, 0, 0, 0.283342065, -0.132857593, -0.195559302, -0.266602798, 0.653581606, -0.708272147, -0.927368164, 0.0257568359, 0.372924805, 0.262095786, 0.75631193, 0.599502285, 0, 0, -0, 0, 0, 0, 0, 0.328908252, -0.082588916, -0.159861084, -0.105593143, 0.410463811, -0.905596525, 0.498413086, -0.766235352, -0.405395508, -0.860355096, -0.494103356, -0.123781082, 0, 1, 3, 1, 
175.205563, 18, 0.1, 0.1, 0.00484766824, 0.372335679, -0.0349698282, 0.979210603, 0.202846232, -2.01497031e-005, 0.202846233, -0.979210603, 3.77657557e-005, -1.20701617e-005, -4.10679198e-005, -0.999999999, 0.979210609, 0.202846207, -1.98158538e-005, 0.202846207, -0.979210608, 3.02055226e-005, -1.32768186e-005, -3.35971389e-005, -0.999999999, 0, 0, 0, 0, 0, 0, 0, 0.283342065, -0.132857593, -0.195559302, -0.266602798, 0.653581606, -0.708272147, -0.927368164, 0.0257568359, 0.372924805, 0.262095786, 0.75631193, 0.599502285, 0, 0, -0, 0, 0, 0, 0, 0.328908252, -0.082588916, -0.159861084, -0.105593143, 0.410463811, -0.905596525, 0.498413086, -0.766235352, -0.405395508, -0.860355096, -0.494103356, -0.123781082, 0, 1, 3, 1, 
175.206277, 18, 0.1, 0.1, 0.00484766828, 0.372335687, -0.0349658691, 0.97921061, 0.202846199, 7.9756624e-006, 0.202846199, -0.97921061, -1.53492044e-005, 4.69632548e-006, 1.66479366e-005, -1, 0.979210603, 0.202846236, 1.02836464e-005, 0.202846236, -0.979210603, 8.41665246e-006, 1.17771419e-005, -6.15567637e-006, -1, 0, 0, 0, 0, 0, 0, 0, 0.283342065, -0.132857593, -0.195559302, -0.266602798, 0.653581606, -0.708272147, -0.927368164, 0.0257568359, 0.372924805, 0.262095786, 0.75631193, 0.599502285, 0, 0, -0, 0, 0, 0, 0, 0.328908252, -0.082588916, -0.159861084, -0.105593143, 0.410463811, -0.905596525, 0.498413086, -0.766235352, -0.405395508, -0.860355096, -0.494103356, -0.123781082, 0, 1, 3, 1, 
175.206972, 18, 0.1, 0.1, 0.00484766721, 0.372335675, -0.0349633528, 0.979210672, 0.202845902, 8.64250071e-006, 0.202845903, -0.979210672, -1.91811175e-005, 4.57201783e-006, 2.05354508e-005, -1, 0.97921066, 0.20284596, -7.53390974e-007, 0.20284596, -0.979210659, -3.49232583e-005, -7.82177032e-006, 3.40444045e-005, -0.999999999, 0, 0, 0, 0, 0, 0, 0, 0.283342065, -0.132857593, -0.195559302, -0.266602798, 0.653581606, -0.708272147, -0.927368164, 0.0257568359, 0.372924805, 0.262095786, 0.75631193, 0.599502285, 0, 0, -0, 0, 0, 0, 0, 0.328908252, -0.082588916, -0.159861084, -0.105593143, 0.410463811, -0.905596525, 0.498413086, -0.766235352, -0.405395508, -0.860355096, -0.494103356, -0.123781082, 0, 1, 3, 1, 
175.207697, 18, 0.1, 0.1, 0.00484766521, 0.372335689, -0.0349626177, 0.979210671, 0.202845908, -8.19617496e-006, 0.202845908, -0.979210669, 5.58865675e-005, 3.31057957e-006, -5.63872838e-005, -0.999999998, 0.979210672, 0.202845901, -1.27853966e-005, 0.202845901, -0.979210671, 5.38731695e-005, -1.59164518e-006, -5.53466478e-005, -0.999999998, 0, 0, 0, 0, 0, 0, 0, 0.283727393, -0.133880322, -0.195002002, -0.267506301, 0.650892052, -0.710411282, -0.928588867, 0.0227050781, 0.370361328, 0.257171618, 0.758838976, 0.598481579, 0, 0, -0, 0, 0, 0, 0, 0.328876025, -0.083157373, -0.159493701, -0.106819552, 0.406623069, -0.907206462, 0.502197266, -0.765380859, -0.40222168, -0.858029143, -0.498434801, -0.12247738, 0, 1, 3, 1, 
175.208397, 18, 0.1, 0.1, 0.00484766348, 0.372335693, -0.0349639773, 0.979210647, 0.202846022, 1.55722734e-005, 0.202846022, -0.979210647, -2.63029404e-005, 9.91308912e-006, 2.8914893e-005, -1, 0.97921066, 0.202845959, 7.28750457e-007, 0.202845959, -0.97921066, -1.06516341e-005, -1.44704071e-006, 1.05780177e-005, -1, 0, 0, 0, 0, 0, 0, 0, 0.283727393, -0.133880322, -0.195002002, -0.267506301, 0.650892052, -0.710411282, -0.928588867, 0.0227050781, 0.370361328, 0.257171618, 0.758838976, 0.598481579, 0, 0, -0, 0, 0, 0, 0, 0.328876025, -0.083157373, -0.159493701, -0.106819552, 0.406623069, -0.907206462, 0.502197266, -0.765380859, -0.40222168, -0.858029143, -0.498434801, -0.12247738, 0, 1, 3, 1, 
175.209095, 18, 0.1, 0.1, 0.00484766645, 0.372335683, -0.0349669314, 0.979210602, 0.202846238, -8.72402382e-006, 0.202846238, -0.979210602, -1.58585347e-005, -1.17595007e-005, 1.37592099e-005, -1, 0.979210606, 0.202846218, 6.58893467e-007, 0.202846218, -0.979210606, -3.04149775e-005, -5.52436769e-006, 2.99163226e-005, -1, 0, 0, 0, 0, 0, 0, 0, 0.283727393, -0.133880322, -0.195002002, -0.267506301, 0.650892052, -0.710411282, -0.928588867, 0.0227050781, 0.370361328, 0.257171618, 0.758838976, 0.598481579, 0, 0, -0, 0, 0, 0, 0, 0.328876025, -0.083157373, -0.159493701, -0.106819552, 0.406623069, -0.907206462, 0.502197266, -0.765380859, -0.40222168, -0.858029143, -0.498434801, -0.12247738, 0, 1, 3, 1, 
175.209809, 18, 0.1, 0.1, 0.00484766431, 0.372335692, -0.0349704792, 0.979210634, 0.202846086, 3.16588092e-006, 0.202846085, -0.979210633, 3.12659061e-005, 9.44223094e-006, -2.99737212e-005, -1, 0.979210625, 0.202846129, 2.64573101e-006, 0.202846129, -0.979210624, 3.50066593e-005, 9.69169325e-006, -3.37422164e-005, -0.999999999, 0, 0, 0, 0, 0, 0, 0, 0.284087085, -0.13445791, -0.194439331, -0.2688419, 0.648183403, -0.712474033, -0.92980957, 0.0181884766, 0.367431641, 0.251079967, 0.761245455, 0.597943143, 0, 0, -0, 0, 0, 0, 0, 0.328876025, -0.083157373, -0.159493701, -0.106819552, 0.406623069, -0.907206462, 0.502197266, -0.765380859, -0.40222168, -0.858029143, -0.498434801, -0.12247738, 0, 1, 3, 1, 
175.21052, 18, 0.1, 0.1, 0.00484766231, 0.372335689, -0.0349732561, 0.979210664, 0.20284594, 1.51319888e-006, 0.20284594, -0.979210663, -3.2725211e-005, -5.15643572e-006, 3.23518218e-005, -0.999999999, 0.979210664, 0.202845943, -4.73490299e-006, 0.202845942, -0.979210663, -2.70400924e-005, -1.01214405e-005, 2.5517491e-005, -1, 0, 0, 0, 0, 0, 0, 0, 0.284087085, -0.13445791, -0.194439331, -0.2688419, 0.648183403, -0.712474033, -0.92980957, 0.0181884766, 0.367431641, 0.251079967, 0.761245455, 0.597943143, 0, 0, -0, 0, 0, 0, 0, 0.328630566, -0.0835060059, -0.15935127, -0.10793732, 0.402807847, -0.908803639, 0.506103516, -0.764526367, -0.398925781, -0.855569028, -0.503009049, -0.121295081, 0, 1, 3, 1, 
175.21122, 18, 0.1, 0.1, 0.00484766416, 0.372335684, -0.0349747268, 0.979210639, 0.202846061, -7.01789918e-006, 0.202846061, -0.979210639, 8.67667393e-006, -5.11197241e-006, -9.91984463e-006, -1, 0.979210647, 0.202846022, 5.31500636e-006, 0.202846022, -0.979210647, -6.6009896e-006, 3.86552634e-006, 7.54188719e-006, -1, 0, 0, 0, 0, 0, 0, 0, 0.284087085, -0.13445791, -0.194439331, -0.2688419, 0.648183403, -0.712474033, -0.92980957, 0.0181884766, 0.367431641, 0.251079967, 0.761245455, 0.597943143, 0, 0, -0, 0, 0, 0, 0, 0.328630566, -0.0835060059, -0.15935127, -0.10793732, 0.402807847, -0.908803639, 0.506103516, -0.764526367, -0.398925781, -0.855569028, -0.503009049, -0.121295081, 0, 1, 3, 1, 
175.211926, 18, 0.1, 0.1, 0.00484766085, 0.372335693, -0.0349745906, 0.979210622, 0.202846145, 3.8248643e-006, 0.202846145, -0.979210621, 1.88263788e-005, 7.56420612e-006, -1.76591312e-005, -1, 0.979210621, 0.202846145, -1.95305108e-006, 0.202846145, -0.979210621, 2.68423416e-005, 3.53241717e-006, -2.66804749e-005, -1, 0, 0, 0, 0, 0, 0, 0, 0.284087085, -0.13445791, -0.194439331, -0.2688419, 0.648183403, -0.712474033, -0.92980957, 0.0181884766, 0.367431641, 0.251079967, 0.761245455, 0.597943143, 0, 0, -0, 0, 0, 0, 0, 0.328630566, -0.0835060059, -0.15935127, -0.10793732, 0.402807847, -0.908803639, 0.506103516, -0.764526367, -0.398925781, -0.855569028, -0.503009049, -0.121295081, 0, 1, 3, 1, 
175.212625, 18, 0.1, 0.1, 0.00484765949, 0.372335686, -0.0349728977, 0.979210655, 0.202845984, -7.62135448e-006, 0.202845983, -0.979210655, -3.19829048e-005, -1.39505153e-005, 2.977204e-005, -0.999999999, 0.979210647, 0.202846024, -7.57584704e-006, 0.202846024, -0.979210646, -3.19000468e-005, -1.38891477e-005, 2.9700135e-005, -0.999999999, 0, 0, 0, 0, 0, 0, 0, 0.284087085, -0.13445791, -0.194439331, -0.2688419, 0.648183403, -0.712474033, -0.92980957, 0.0181884766, 0.367431641, 0.251079967, 0.761245455, 0.597943143, 0, 0, -0, 0, 0, 0, 0, 0.328630566, -0.0835060059, -0.15935127, -0.10793732, 0.402807847, -0.908803639, 0.506103516, -0.764526367, -0.398925781, -0.855569028, -0.503009049, -0.121295081, 0, 1, 3, 1, 
175.213327, 18, 0.1, 0.1, 0.00484765861, 0.372335686, -0.0349703358, 0.979210679, 0.202845869, -6.59412643e-006, 0.202845869, -0.979210679, 1.43290201e-005, -3.55045647e-006, -1.53687208e-005, -1, 0.979210679, 0.202845869, 5.4561855e-007, 0.202845869, -0.979210679, 1.18557137e-005, 2.93915806e-006, -1.1498565e-005, -1, 0, 0, 0, 0, 0, 0, 0, 0.284087085, -0.13445791, -0.194439331, -0.2688419, 0.648183403, -0.712474033, -0.92980957, 0.0181884766, 0.367431641, 0.251079967, 0.761245455, 0.597943143, 0, 0, -0, 0, 0, 0, 0, 0.328630566, -0.0835060059, -0.15935127, -0.10793732, 0.402807847, -0.908803639, 0.506103516, -0.764526367, -0.398925781, -0.855569028, -0.503009049, -0.121295081, 0, 1, 3, 1, 
175.214028, 18, 0.1, 0.1, 0.00484765817, 0.372335685, -0.0349676908, 0.979210677, 0.20284588, 4.6716886e-006, 0.20284588, -0.979210676, -1.32952104e-005, 1.8776887e-006, 1.39664448e-005, -1, 0.979210677, 0.202845877, 5.9934532e-006, 0.202845877, -0.979210677, -1.26901593e-005, 3.29470688e-006, 1.36420868e-005, -1, 0, 0, 0, 0, 0, 0, 0, 0.284087085, -0.13445791, -0.194439331, -0.2688419, 0.648183403, -0.712474033, -0.92980957, 0.0181884766, 0.367431641, 0.251079967, 0.761245455, 0.597943143, 0, 0, -0, 0, 0, 0, 0, 0.328630566, -0.0835060059, -0.15935127, -0.10793732, 0.402807847, -0.908803639, 0.506103516, -0.764526367, -0.398925781, -0.855569028, -0.503009049, -0.121295081, 0, 1, 3, 1, 
175.214753, 18, 0.1, 0.1, 0.00484765828, 0.372335687, -0.0349655421, 0.979210698, 0.202845776, 1.43381825e-005, 0.202845776, -0.979210698, 2.63442104e-006, 1.45744829e-005, 3.28786498e-007, -1, 0.979210689, 0.20284582, 8.38744054e-006, 0.20284582, -0.979210689, 9.50700479e-006, 1.01415276e-005, -7.60800346e-006, -1, 0, 0, 0, 0, 0, 0, 0, 0.284226099, -0.135269604, -0.193878613, -0.270208577, 0.645252715, -0.714530792, -0.930664062, 0.0148925781, 0.365356445, 0.24635275, 0.763810694, 0.596662207, 0, 0, -0, 0, 0, 0, 0, 0.328630566, -0.0835060059, -0.15935127, -0.108895406, 0.398794665, -0.910426336, 0.509399414, -0.764038086, -0.395629883, -0.853460358, -0.506867648, -0.119869978, 0, 1, 3, 1, 
175.215453, 18, 0.1, 0.1, 0.00484765545, 0.372335686, -0.0349645489, 0.979210729, 0.202845623, -1.77403535e-005, 0.202845623, -0.97921073, -9.43509311e-006, -1.92854119e-005, 5.64039134e-006, -1, 0.979210726, 0.202845639, -1.73596185e-005, 0.202845639, -0.979210726, -8.38149068e-006, -1.86988735e-005, 4.68592267e-006, -1, 0, 0, 0, 0, 0, 0, 0, 0.284226099, -0.135269604, -0.193878613, -0.270208577, 0.645252715, -0.714530792, -0.930664062, 0.0148925781, 0.365356445, 0.24635275, 0.763810694, 0.596662207, 0, 0, -0, 0, 0, 0, 0, 0.328388281, -0.0842991699, -0.158982178, -0.108895406, 0.398794665, -0.910426336, 0.509399414, -0.764038086, -0.395629883, -0.853460358, -0.506867648, -0.119869978, 0, 1, 3, 1, 
175.216155, 18, 0.1, 0.1, 0.00484765847, 0.37233569, -0.0349650866, 0.979210763, 0.20284546, 2.94748025e-005, 0.20284546, -0.979210763, 1.14587711e-005, 3.11864036e-005, -5.24172208e-006, -0.999999999, 0.979210752, 0.202845515, 2.46515638e-005, 0.202845515, -0.979210752, 1.84847857e-005, 2.78886322e-005, -1.31000418e-005, -1, 0, 0, 0, 0, 0, 0, 0, 0.284226099, -0.135269604, -0.193878613, -0.270208577, 0.645252715, -0.714530792, -0.930664062, 0.0148925781, 0.365356445, 0.24635275, 0.763810694, 0.596662207, 0, 0, -0, 0, 0, 0, 0, 0.328388281, -0.0842991699, -0.158982178, -0.108895406, 0.398794665, -0.910426336, 0.509399414, -0.764038086, -0.395629883, -0.853460358, -0.506867648, -0.119869978, 0, 1, 3, 1, 
175.216851, 18, 0.1, 0.1, 0.00484765827, 0.372335687, -0.0349669063, 0.979210859, 0.202844999, -3.20285509e-005, 0.202844999, -0.979210859, -6.03077665e-006, -3.25860177e-005, -5.91429387e-007, -0.999999999, 0.979210833, 0.202845124, -1.62602278e-005, 0.202845124, -0.979210833, -1.40711304e-005, -1.87764514e-005, 1.04802954e-005, -1, 0, 0, 0, 0, 0, 0, 0, 0.284226099, -0.135269604, -0.193878613, -0.270208577, 0.645252715, -0.714530792, -0.930664062, 0.0148925781, 0.365356445, 0.24635275, 0.763810694, 0.596662207, 0, 0, -0, 0, 0, 0, 0, 0.328388281, -0.0842991699, -0.158982178, -0.108895406, 0.398794665, -0.910426336, 0.509399414, -0.764038086, -0.395629883, -0.853460358, -0.506867648, -0.119869978, 0, 1, 3, 1, 
175.217548, 18, 0.1, 0.1, 0.00484764785, 0.372335687, -0.034969465, 0.979210972, 0.202844455, -5.96647611e-006, 0.202844455, -0.979210972, 3.2834917e-006, -5.17640078e-006, -4.42549769e-006, -1, 0.979210954, 0.202844541, -2.14923422e-005, 0.202844541, -0.979210954, -5.04685094e-006, -2.20692631e-005, 5.82327424e-007, -1, 0, 0, 0, 0, 0, 0, 0, 0.284226099, -0.135269604, -0.193878613, -0.270208577, 0.645252715, -0.714530792, -0.930664062, 0.0148925781, 0.365356445, 0.24635275, 0.763810694, 0.596662207, 0, 0, -0, 0, 0, 0, 0, 0.328388281, -0.0842991699, -0.158982178, -0.108895406, 0.398794665, -0.910426336, 0.509399414, -0.764038086, -0.395629883, -0.853460358, -0.506867648, -0.119869978, 0, 1, 3, 1, 
175.218254, 18, 0.1, 0.1, 0.00484765942, 0.37233569, -0.0349718952, 0.979211084, 0.202843908, 4.0237068e-005, 0.202843908, -0.979211085, 1.00932622e-005, 4.14479398e-005, -1.72159012e-006, -0.999999999, 0.979211064, 0.202844004, 4.31359804e-005, 0.202844004, -0.979211065, 1.12457367e-005, 4.45203595e-005, -2.2620748e-006, -0.999999999, 0, 0, 0, 0, 0, 0, 0, 0.284226099, -0.135269604, -0.193878613, -0.270208577, 0.645252715, -0.714530792, -0.930664062, 0.0148925781, 0.365356445, 0.24635275, 0.763810694, 0.596662207, 0, 0, -0, 0, 0, 0, 0, 0.328388281, -0.0842991699, -0.158982178, -0.108895406, 0.398794665, -0.910426336, 0.509399414, -0.764038086, -0.395629883, -0.853460358, -0.506867648, -0.119869978, 0, 1, 3, 1, 
175.218952, 18, 0.1, 0.1, 0.00484765856, 0.372335689, -0.0349735143, 0.979211179, 0.202843449, -3.54135023e-005, 0.202843449, -0.97921118, -1.22986613e-005, -3.71720003e-005, 4.85958969e-006, -0.999999999, 0.979211166, 0.202843516, -2.02744709e-005, 0.202843516, -0.979211166, -4.05749332e-006, -2.06760245e-005, -1.39402203e-007, -1, 0, 0, 0, 0, 0, 0, 0, 0.284226099, -0.135269604, -0.193878613, -0.270208577, 0.645252715, -0.714530792, -0.930664062, 0.0148925781, 0.365356445, 0.24635275, 0.763810694, 0.596662207, 0, 0, -0, 0, 0, 0, 0, 0.328388281, -0.0842991699, -0.158982178, -0.108895406, 0.398794665, -0.910426336, 0.509399414, -0.764038086, -0.395629883, -0.853460358, -0.506867648, -0.119869978, 0, 1, 3, 1, 
175.219679, 18, 0.1, 0.1, 0.00484764191, 0.372335688, -0.0349737505, 0.979211273, 0.202842999, -3.12966376e-005, 0.202842999, -0.979211273, 3.61107101e-006, -2.99135399e-005, -9.88430527e-006, -1, 0.979211251, 0.2028431, -4.35701953e-005, 0.202843101, -0.979211252, 2.41166209e-006, -4.21752365e-005, -1.11994402e-005, -0.999999999, 0, 0, 0, 0, 0, 0, 0, 0.284353638, -0.13632627, -0.193340234, -0.271772206, 0.641877948, -0.717006542, -0.931518555, 0.0112304687, 0.36315918, 0.241162359, 0.766693451, 0.595076856, 0, 0, -0, 0, 0, 0, 0, 0.328448828, -0.085087207, -0.158430127, -0.108613957, 0.394743203, -0.912298399, 0.512939453, -0.763793945, -0.391601562, -0.851466894, -0.510362041, -0.119575769, 0, 1, 3, 1, 
175.220374, 18, 0.1, 0.1, 0.0048476479, 0.372335687, -0.0349726185, 0.979211378, 0.202842492, 3.75191601e-005, 0.202842492, -0.979211378, -4.35409771e-007, 3.66508689e-005, 8.03683814e-006, -0.999999999, 0.979211361, 0.202842575, 3.48547623e-005, 0.202842575, -0.979211361, -5.22330804e-006, 3.307067e-005, 1.21847523e-005, -0.999999999, 0, 0, 0, 0, 0, 0, 0, 0.284353638, -0.13632627, -0.193340234, -0.271772206, 0.641877948, -0.717006542, -0.931518555, 0.0112304687, 0.36315918, 0.241162359, 0.766693451, 0.595076856, 0, 0, -0, 0, 0, 0, 0, 0.328448828, -0.085087207, -0.158430127, -0.108613957, 0.394743203, -0.912298399, 0.512939453, -0.763793945, -0.391601562, -0.851466894, -0.510362041, -0.119575769, 0, 1, 3, 1, 
175.221073, 18, 0.1, 0.1, 0.00484765121, 0.372335688, -0.0349707265, 0.979211435, 0.20284222, -1.41245451e-005, 0.20284222, -0.979211435, -7.97055562e-006, -1.54476812e-005, 4.93980513e-006, -1, 0.979211425, 0.202842267, -2.71374275e-006, 0.202842267, -0.979211425, -4.40638538e-006, -3.55112911e-006, 3.76432117e-006, -1, 0, 0, 0, 0, 0, 0, 0, 0.284353638, -0.13632627, -0.193340234, -0.271772206, 0.641877948, -0.717006542, -0.931518555, 0.0112304687, 0.36315918, 0.241162359, 0.766693451, 0.595076856, 0, 0, -0, 0, 0, 0, 0, 0.328448828, -0.085087207, -0.158430127, -0.108613957, 0.394743203, -0.912298399, 0.512939453, -0.763793945, -0.391601562, -0.851466894, -0.510362041, -0.119575769, 0, 1, 3, 1, 
175.221768, 18, 0.1, 0.1, 0.00484764698, 0.37233569, -0.0349686516, 0.979211506, 0.202841875, 1.23187014e-005, 0.202841875, -0.979211506, 3.59897134e-006, 1.27926362e-005, -1.02540567e-006, -1, 0.979211489, 0.202841956, -5.2788088e-006, 0.202841956, -0.979211489, 8.03844039e-006, -3.53853725e-006, -8.94209709e-006, -1, 0, 0, 0, 0, 0, 0, 0, 0.284353638, -0.13632627, -0.193340234, -0.271772206, 0.641877948, -0.717006542, -0.931518555, 0.0112304687, 0.36315918, 0.241162359, 0.766693451, 0.595076856, 0, 0, -0, 0, 0, 0, 0, 0.328448828, -0.085087207, -0.158430127, -0.108613957, 0.394743203, -0.912298399, 0.512939453, -0.763793945, -0.391601562, -0.851466894, -0.510362041, -0.119575769, 0, 1, 3, 1, 
175.222475, 18, 0.1, 0.1, 0.00484765335, 0.372335686, -0.0349669561, 0.979211617, 0.20284134, -2.84489589e-008, 0.20284134, -0.979211617, -4.45374855e-006, -9.31261874e-007, 4.35539169e-006, -1, 0.979211593, 0.202841453, 1.72295324e-005, 0.202841453, -0.979211593, -1.24388988e-005, 1.43482336e-005, 1.56751773e-005, -1, 0, 0, 0, 0, 0, 0, 0, 0.284353638, -0.13632627, -0.193340234, -0.271772206, 0.641877948, -0.717006542, -0.931518555, 0.0112304687, 0.36315918, 0.241162359, 0.766693451, 0.595076856, 0, 0, -0, 0, 0, 0, 0, 0.328448828, -0.085087207, -0.158430127, -0.108613957, 0.394743203, -0.912298399, 0.512939453, -0.763793945, -0.391601562, -0.851466894, -0.510362041, -0.119575769, 0, 1, 3, 1, 
175.223174, 18, 0.1, 0.1, 0.00484765017, 0.372335693, -0.034966044, 0.97921176, 0.202840651, 3.5550404e-006, 0.202840651, -0.97921176, 1.1184673e-005, 5.74984371e-006, -1.02310566e-005, -1, 0.979211729, 0.202840799, -1.79607425e-006, 0.202840799, -0.979211729, 2.04623616e-005, 2.3918648e-006, -2.04013016e-005, -1, 0, 0, 0, 0, 0, 0, 0, 0.284353638, -0.13632627, -0.193340234, -0.271772206, 0.641877948, -0.717006542, -0.931518555, 0.0112304687, 0.36315918, 0.241162359, 0.766693451, 0.595076856, 0, 0, -0, 0, 0, 0, 0, 0.328448828, -0.085087207, -0.158430127, -0.108613957, 0.394743203, -0.912298399, 0.512939453, -0.763793945, -0.391601562, -0.851466894, -0.510362041, -0.119575769, 0, 1, 3, 1, 
175.223869, 18, 0.1, 0.1, 0.00484764975, 0.372335689, -0.0349662743, 0.979211927, 0.202839844, 5.74953434e-006, 0.202839844, -0.979211927, -2.33385322e-006, 5.15661418e-006, 3.45157155e-006, -1, 0.979211894, 0.202840002, -1.4438041e-006, 0.202840002, -0.979211894, -1.40648657e-005, -4.26670752e-006, 1.34796225e-005, -1, 0, 0, 0, 0, 0, 0, 0, 0.284353638, -0.13632627, -0.193340234, -0.271772206, 0.641877948, -0.717006542, -0.931518555, 0.0112304687, 0.36315918, 0.241162359, 0.766693451, 0.595076856, 0, 0, -0, 0, 0, 0, 0, 0.328448828, -0.085087207, -0.158430127, -0.108613957, 0.394743203, -0.912298399, 0.512939453, -0.763793945, -0.391601562, -0.851466894, -0.510362041, -0.119575769, 0, 1, 3, 1, 
175.224591, 18, 0.1, 0.1, 0.00484764785, 0.372335696, -0.0349672681, 0.979212044, 0.202839278, -5.2644717e-006, 0.202839278, -0.979212044, 8.38253323e-006, -3.45472711e-006, -9.27611914e-006, -1, 0.979212026, 0.202839364, -1.05940376e-005, 0.202839364, -0.979212026, 1.77058258e-005, -6.7823706e-006, -1.94866454e-005, -1, 0, 0, 0, 0, 0, 0, 0, 0.285127222, -0.137150171, -0.192778174, -0.273773921, 0.638706125, -0.719044205, -0.932373047, 0.00683593749, 0.361083984, 0.235546987, 0.769296881, 0.593916487, 0, 0, -0, 0, 0, 0, 0, 0.328687939, -0.0856090332, -0.157833154, -0.109099197, 0.39147119, -0.913588974, 0.516601563, -0.762817383, -0.388549805, -0.849185783, -0.514265482, -0.118974957, 0, 1, 3, 1, 
175.225293, 18, 0.1, 0.1, 0.00484764933, 0.372335691, -0.0349687383, 0.979212134, 0.202838845, -2.23572985e-006, 0.202838845, -0.979212134, -8.2960969e-006, -3.87202451e-006, 7.67014589e-006, -1, 0.979212114, 0.202838941, 1.67489171e-006, 0.202838941, -0.979212114, -1.63927473e-005, -1.68501325e-006, 1.639171e-005, -1, 0, 0, 0, 0, 0, 0, 0, 0.285127222, -0.137150171, -0.192778174, -0.273773921, 0.638706125, -0.719044205, -0.932373047, 0.00683593749, 0.361083984, 0.235546987, 0.769296881, 0.593916487, 0, 0, -0, 0, 0, 0, 0, 0.328687939, -0.0856090332, -0.157833154, -0.109099197, 0.39147119, -0.913588974, 0.516601563, -0.762817383, -0.388549805, -0.849185783, -0.514265482, -0.118974957, 0, 1, 3, 1, 
175.225991, 18, 0.1, 0.1, 0.00484764997, 0.372335696, -0.0349703344, 0.97921225, 0.202838282, 3.16511554e-007, 0.202838282, -0.97921225, 3.53279817e-006, 1.0265187e-006, -3.39515858e-006, -1, 0.979212228, 0.202838392, 5.80301349e-006, 0.202838392, -0.979212227, 1.39043243e-005, 8.50271256e-006, -1.24382105e-005, -1, 0, 0, 0, 0, 0, 0, 0, 0.285127222, -0.137150171, -0.192778174, -0.273773921, 0.638706125, -0.719044205, -0.932373047, 0.00683593749, 0.361083984, 0.235546987, 0.769296881, 0.593916487, 0, 0, -0, 0, 0, 0, 0, 0.328687939, -0.0856090332, -0.157833154, -0.109099197, 0.39147119, -0.913588974, 0.516601563, -0.762817383, -0.388549805, -0.849185783, -0.514265482, -0.118974957, 0, 1, 3, 1, 
175.226718, 18, 0.1, 0.1, 0.00484764554, 0.372335689, -0.0349714913, 0.979212362, 0.202837745, -4.21038597e-006, 0.202837745, -0.979212362, -1.04996669e-005, -6.25259074e-006, 9.42737838e-006, -1, 0.97921234, 0.20283785, -1.15217215e-005, 0.20283785, -0.97921234, -2.14189212e-005, -1.56267798e-005, 1.86366307e-005, -1, 0, 0, 0, 0, 0, 0, 0, 0.285308716, -0.13865332, -0.191812842, -0.274435168, 0.635331359, -0.721831483, -0.932861328, 0.00598144531, 0.359863281, 0.232932696, 0.772179638, 0.591144558, 0, 0, -0, 0, 0, 0, 0, 0.328687939, -0.0856090332, -0.157833154, -0.108715669, 0.387752216, -0.915282034, 0.518432617, -0.763427734, -0.385009766, -0.848163531, -0.516252017, -0.118048221, 0, 1, 3, 1, 
175.227417, 18, 0.1, 0.1, 0.0048476483, 0.372335694, -0.0349717102, 0.979212453, 0.202837305, 3.86034988e-006, 0.202837305, -0.979212453, 5.92948939e-006, 4.98282432e-006, -5.02320689e-006, -1, 0.979212436, 0.202837386, 1.07799328e-005, 0.202837386, -0.979212436, 1.4828341e-005, 1.35635862e-005, -1.23335225e-005, -1, 0, 0, 0, 0, 0, 0, 0, 0.285308716, -0.13865332, -0.191812842, -0.274435168, 0.635331359, -0.721831483, -0.932861328, 0.00598144531, 0.359863281, 0.232932696, 0.772179638, 0.591144558, 0, 0, -0, 0, 0, 0, 0, 0.328511572, -0.0870130859, -0.157255957, -0.108715669, 0.387752216, -0.915282034, 0.518432617, -0.763427734, -0.385009766, -0.848163531, -0.516252017, -0.118048221, 0, 1, 3, 1, 
175.228127, 18, 0.1, 0.1, 0.00484764425, 0.37233569, -0.0349712027, 0.979212532, 0.202836922, -4.3194976e-006, 0.202836922, -0.979212532, -4.12563535e-006, -5.06653736e-006, 3.16372024e-006, -1, 0.979212517, 0.202836993, -1.12868586e-005, 0.202836993, -0.979212517, -1.42271174e-005, -1.39380189e-005, 1.1641979e-005, -1, 0, 0, 0, 0, 0, 0, 0, 0.285308716, -0.13865332, -0.191812842, -0.274435168, 0.635331359, -0.721831483, -0.932861328, 0.00598144531, 0.359863281, 0.232932696, 0.772179638, 0.591144558, 0, 0, -0, 0, 0, 0, 0, 0.328511572, -0.0870130859, -0.157255957, -0.108715669, 0.387752216, -0.915282034, 0.518432617, -0.763427734, -0.385009766, -0.848163531, -0.516252017, -0.118048221, 0, 1, 3, 1, 
175.228824, 18, 0.1, 0.1, 0.00484764758, 0.372335696, -0.0349701596, 0.979212601, 0.202836589, 6.45166992e-006, 0.202836589, -0.979212601, 8.30017742e-006, 8.00113616e-006, -6.81900361e-006, -1, 0.979212588, 0.202836653, 1.31892556e-005, 0.202836653, -0.979212588, 1.87586086e-005, 1.67200184e-005, -1.56934012e-005, -1, 0, 0, 0, 0, 0, 0, 0, 0.285308716, -0.13865332, -0.191812842, -0.274435168, 0.635331359, -0.721831483, -0.932861328, 0.00598144531, 0.359863281, 0.232932696, 0.772179638, 0.591144558, 0, 0, -0, 0, 0, 0, 0, 0.328511572, -0.0870130859, -0.157255957, -0.108715669, 0.387752216, -0.915282034, 0.518432617, -0.763427734, -0.385009766, -0.848163531, -0.516252017, -0.118048221, 0, 1, 3, 1, 
175.229539, 18, 0.1, 0.1, 0.00484764383, 0.372335691, -0.0349687833, 0.979212666, 0.202836277, -4.27396603e-006, 0.202836277, -0.979212666, -4.78449978e-006, -5.1555918e-006, 3.81812742e-006, -1, 0.979212653, 0.202836336, -1.11262748e-005, 0.202836336, -0.979212653, -1.60004716e-005, -1.41404661e-005, 1.34110514e-005, -1, 0, 0, 0, 0, 0, 0, 0, 0.285308716, -0.13865332, -0.191812842, -0.274435168, 0.635331359, -0.721831483, -0.932861328, 0.00598144531, 0.359863281, 0.232932696, 0.772179638, 0.591144558, 0, 0, -0, 0, 0, 0, 0, 0.328511572, -0.0870130859, -0.157255957, -0.108715669, 0.387752216, -0.915282034, 0.518432617, -0.763427734, -0.385009766, -0.848163531, -0.516252017, -0.118048221, 0, 1, 3, 1, 
