time, trialNum, realDorsalTactorPos, realVentralTactorPos, boxPosX, boxPosY, boxPosZ, boxLocalRot_11, boxLocalRot_12, boxLocalRot_13, boxLocalRot_21, boxLocalRot_22, boxLocalRot_23, boxLocalRot_31, boxLocalRot_32, boxLocalRot_33, boxGlobalRot_11, boxGlobalRot_12, boxGlobalRot_13, boxGlobalRot_21, boxGlobalRot_22, boxGlobalRot_23, boxGlobalRot_31, boxGlobalRot_32, boxGlobalRot_33, indexForceX, indexForceY, indexForceZ, indexForceGlobalX, indexForceGlobalY, indexForceGlobalZ, indexContact, indexPosX, indexPosY, indexPosZ, indexRot_11, indexRot_12, indexRot_13, indexRot_21, indexRot_22, indexRot_23, indexRot_31, indexRot_32, indexRot_33, thumbForceX, thumbForceY, thumbForceZ, thumbForceGlobalX, thumbForceGlobalY, thumbForceGlobalZ, thumbContact, thumbPosX, thumbPosY, thumbPosZ, thumbRot_11, thumbRot_12, thumbRot_13, thumbRot_21, thumbRot_22, thumbRot_23, thumbRot_31, thumbRot_32, thumbRot_33, manipForceTooHigh, cceExpType, mapping, trialSuccess, 
117.729252, 10, 0.1, 0.1, 0.0185988751, 0.370394321, -0.0199572243, 0.982161895, 0.188037261, 1.30583052e-005, 0.18803726, -0.982161895, 2.09822314e-005, 1.67708111e-005, -1.81525002e-005, -1, 0.982161899, 0.188037239, 2.58981457e-005, 0.188037238, -0.982161899, 3.57543732e-005, 3.21593256e-005, -3.02467673e-005, -0.999999999, 0, -0, 0, 0, 0, 0, 0, 0.213529443, 0.135705176, 0.16450271, -0.471900236, 0.761373723, 0.444263759, -0.856445312, -0.515380859, -0.0263671875, 0.208962495, -0.392986374, 0.8955065, 0, 0, -0, 0, 0, 0, 0, 0.26509834, 0.122304053, 0.154542187, -0.524187146, 0.829321843, -0.193241447, 0.471313477, 0.0935058594, -0.876953125, -0.709312933, -0.550728625, -0.439845077, 0, 1, 1, 1, 
117.741694, 10, 0.1, 0.1, 0.0185988287, 0.370394283, -0.0199781085, 0.982157055, 0.188062538, 3.79974317e-005, 0.188062539, -0.982157054, -4.94051894e-005, 2.80281803e-005, 5.56695488e-005, -0.999999998, 0.982157129, 0.188062152, 3.37998933e-005, 0.188062154, -0.982157128, -4.71571632e-005, 2.43283286e-005, 5.26722248e-005, -0.999999998, 0, -0, 0, 0, 0, 0, 0, 0.214543384, 0.13539126, 0.165319019, -0.468998, 0.76417074, 0.442734574, -0.860229492, -0.508666992, -0.0330810547, 0.199974983, -0.396395585, 0.895995883, 0, 0, -0, 0, 0, 0, 0, 0.266336572, 0.122240674, 0.156655469, -0.509927022, 0.837981469, -0.194002306, 0.475952148, 0.0869140625, -0.87512207, -0.716528866, -0.538526133, -0.443116357, 0, 1, 1, 1, 
117.74241, 10, 0.1, 0.1, 0.0185988292, 0.370394281, -0.0199790521, 0.982156701, 0.188064384, -3.91701639e-005, 0.188064385, -0.982156702, 1.84562825e-005, -3.50002696e-005, -2.54934743e-005, -0.999999999, 0.982156768, 0.188064036, -2.24046804e-005, 0.188064036, -0.982156769, 3.17849363e-006, -2.14071481e-005, -7.33529365e-006, -1, 0, -0, 0, 0, 0, 0, 0, 0.214543384, 0.13539126, 0.165319019, -0.468998, 0.76417074, 0.442734574, -0.860229492, -0.508666992, -0.0330810547, 0.199974983, -0.396395585, 0.895995883, 0, 0, -0, 0, 0, 0, 0, 0.266336572, 0.122240674, 0.156655469, -0.509927022, 0.837981469, -0.194002306, 0.475952148, 0.0869140625, -0.87512207, -0.716528866, -0.538526133, -0.443116357, 0, 1, 1, 1, 
117.743121, 10, 0.1, 0.1, 0.0185988242, 0.370394287, -0.0199769014, 0.982156406, 0.188065928, 7.37134606e-006, 0.188065928, -0.982156407, 5.79094097e-006, 8.32889344e-006, -4.30131074e-006, -1, 0.982156461, 0.188065642, -1.82648581e-005, 0.188065643, -0.982156461, 2.08271953e-005, -1.40220685e-005, -2.38905567e-005, -1, 0, -0, 0, 0, 0, 0, 0, 0.214543384, 0.13539126, 0.165319019, -0.468998, 0.76417074, 0.442734574, -0.860229492, -0.508666992, -0.0330810547, 0.199974983, -0.396395585, 0.895995883, 0, 0, -0, 0, 0, 0, 0, 0.266336572, 0.122240674, 0.156655469, -0.509927022, 0.837981469, -0.194002306, 0.475952148, 0.0869140625, -0.87512207, -0.716528866, -0.538526133, -0.443116357, 0, 1, 1, 1, 
117.743834, 10, 0.1, 0.1, 0.0185988298, 0.370394282, -0.0199724715, 0.982156208, 0.188066964, 1.57944618e-006, 0.188066964, -0.982156208, -3.21355522e-005, -4.49237288e-006, 3.18591738e-005, -0.999999999, 0.982156242, 0.188066787, 2.2190579e-005, 0.188066788, -0.982156241, -4.05108796e-005, 1.41758647e-005, 4.39613242e-005, -0.999999999, 0, -0, 0, 0, 0, 0, 0, 0.214543384, 0.13539126, 0.165319019, -0.468998, 0.76417074, 0.442734574, -0.860229492, -0.508666992, -0.0330810547, 0.199974983, -0.396395585, 0.895995883, 0, 0, -0, 0, 0, 0, 0, 0.266336572, 0.122240674, 0.156655469, -0.509927022, 0.837981469, -0.194002306, 0.475952148, 0.0869140625, -0.87512207, -0.716528866, -0.538526133, -0.443116357, 0, 1, 1, 1, 
117.74455, 10, 0.1, 0.1, 0.01859883, 0.370394288, -0.0199672951, 0.982156125, 0.188067395, 1.82788843e-005, 0.188067394, -0.982156125, 4.38703072e-005, 2.62032926e-005, -3.96498288e-005, -0.999999999, 0.982156133, 0.188067357, 9.00465196e-006, 0.188067356, -0.982156132, 4.69282348e-005, 1.76696432e-005, -4.43973725e-005, -0.999999999, 0, -0, 0, 0, 0, 0, 0, 0.214543384, 0.13539126, 0.165319019, -0.468998, 0.76417074, 0.442734574, -0.860229492, -0.508666992, -0.0330810547, 0.199974983, -0.396395585, 0.895995883, 0, 0, -0, 0, 0, 0, 0, 0.266336572, 0.122240674, 0.156655469, -0.509927022, 0.837981469, -0.194002306, 0.475952148, 0.0869140625, -0.87512207, -0.716528866, -0.538526133, -0.443116357, 0, 1, 1, 1, 
117.745259, 10, 0.1, 0.1, 0.0185988295, 0.370394288, -0.019963005, 0.98215614, 0.188067318, -2.33505999e-005, 0.188067317, -0.98215614, -1.3045408e-005, -2.538735e-005, 8.42114284e-006, -1, 0.982156131, 0.188067363, -2.21362497e-005, 0.188067363, -0.982156131, -2.29698725e-005, -2.60611367e-005, 1.8396895e-005, -0.999999999, 0, -0, 0, 0, 0, 0, 0, 0.214543384, 0.13539126, 0.165319019, -0.468998, 0.76417074, 0.442734574, -0.860229492, -0.508666992, -0.0330810547, 0.199974983, -0.396395585, 0.895995883, 0, 0, -0, 0, 0, 0, 0, 0.266336572, 0.122240674, 0.156655469, -0.509927022, 0.837981469, -0.194002306, 0.475952148, 0.0869140625, -0.87512207, -0.716528866, -0.538526133, -0.443116357, 0, 1, 1, 1, 
117.74597, 10, 0.1, 0.1, 0.0185988319, 0.370394291, -0.019960771, 0.982156229, 0.188066854, 7.71015587e-006, 0.188066854, -0.982156229, -2.56516045e-006, 7.09015595e-006, 3.96941307e-006, -1, 0.982156205, 0.188066978, 2.12141098e-005, 0.188066978, -0.982156205, 3.99831692e-006, 2.1587521e-005, 6.27017436e-008, -1, 0, -0, 0, 0, 0, 0, 0, 0.214543384, 0.13539126, 0.165319019, -0.468998, 0.76417074, 0.442734574, -0.860229492, -0.508666992, -0.0330810547, 0.199974983, -0.396395585, 0.895995883, 0, 0, -0, 0, 0, 0, 0, 0.266336572, 0.122240674, 0.156655469, -0.509927022, 0.837981469, -0.194002306, 0.475952148, 0.0869140625, -0.87512207, -0.716528866, -0.538526133, -0.443116357, 0, 1, 1, 1, 
117.746712, 10, 0.1, 0.1, 0.0185988286, 0.37039429, -0.0199608658, 0.982156329, 0.188066332, 8.40880525e-006, 0.188066332, -0.982156329, -7.63871747e-006, 6.82217572e-006, 9.08382787e-006, -1, 0.982156317, 0.188066394, -1.48161334e-005, 0.188066394, -0.982156317, -2.24605108e-005, -1.87758263e-005, 1.92733158e-005, -1, 0, -0, 0, 0, 0, 0, 0, 0.214618701, 0.13505708, 0.165663696, -0.467487912, 0.766240604, 0.440678937, -0.861206055, -0.507080078, -0.0314941406, 0.199365033, -0.39425158, 0.897063015, 0, 0, -0, 0, 0, 0, 0, 0.266446436, 0.122147559, 0.156010156, -0.507263117, 0.839393812, -0.194551345, 0.474121094, 0.0833740234, -0.876464844, -0.719685674, -0.536782034, -0.440228238, 0, 1, 1, 1, 
117.747447, 10, 0.1, 0.1, 0.0185988287, 0.370394292, -0.019963296, 0.982156329, 0.188066329, -2.45800564e-005, 0.188066328, -0.982156329, -3.26174893e-005, -3.02757094e-005, 2.74127927e-005, -0.999999999, 0.982156338, 0.188066283, -1.87134027e-005, 0.188066283, -0.982156338, -2.01609017e-006, -1.87586457e-005, -1.53924436e-006, -1, 0, -0, 0, 0, 0, 0, 0, 0.214618701, 0.13505708, 0.165663696, -0.467487912, 0.766240604, 0.440678937, -0.861206055, -0.507080078, -0.0314941406, 0.199365033, -0.39425158, 0.897063015, 0, 0, -0, 0, 0, 0, 0, 0.266446436, 0.122147559, 0.156010156, -0.507263117, 0.839393812, -0.194551345, 0.474121094, 0.0833740234, -0.876464844, -0.719685674, -0.536782034, -0.440228238, 0, 1, 1, 1, 
117.748156, 10, 0.1, 0.1, 0.0185988301, 0.370394289, -0.0199669363, 0.982156245, 0.188066773, 1.42912323e-005, 0.188066772, -0.982156245, 2.2559929e-005, 1.82789961e-005, -1.94696693e-005, -1, 0.98215627, 0.188066638, 2.00586204e-005, 0.188066638, -0.98215627, -7.28398076e-006, 1.8330826e-005, 1.09263647e-005, -1, 0, -0, 0, 0, 0, 0, 0, 0.214618701, 0.13505708, 0.165663696, -0.467487912, 0.766240604, 0.440678937, -0.861206055, -0.507080078, -0.0314941406, 0.199365033, -0.39425158, 0.897063015, 0, 0, -0, 0, 0, 0, 0, 0.266446436, 0.122147559, 0.156010156, -0.507263117, 0.839393812, -0.194551345, 0.474121094, 0.0833740234, -0.876464844, -0.719685674, -0.536782034, -0.440228238, 0, 1, 1, 1, 
117.748874, 10, 0.1, 0.1, 0.0185988274, 0.370394296, -0.0199709199, 0.982156063, 0.188067722, -1.07886687e-005, 0.188067722, -0.982156063, 5.1002594e-006, -9.6369622e-006, -7.03825104e-006, -1, 0.982156102, 0.188067518, -2.46253965e-005, 0.188067518, -0.982156102, 2.5403189e-005, -1.94084687e-005, -2.95811343e-005, -0.999999999, 0, -0, 0, 0, 0, 0, 0, 0.214618701, 0.13505708, 0.165663696, -0.467487912, 0.766240604, 0.440678937, -0.861206055, -0.507080078, -0.0314941406, 0.199365033, -0.39425158, 0.897063015, 0, 0, -0, 0, 0, 0, 0, 0.266446436, 0.122147559, 0.156010156, -0.507263117, 0.839393812, -0.194551345, 0.474121094, 0.0833740234, -0.876464844, -0.719685674, -0.536782034, -0.440228238, 0, 1, 1, 1, 
117.749593, 10, 0.1, 0.1, 0.0185988321, 0.370394288, -0.0199740074, 0.982155883, 0.188068659, 6.62824937e-006, 0.188068659, -0.982155882, -4.56342181e-005, -2.07239211e-006, 4.60664818e-005, -0.999999999, 0.982155914, 0.188068498, 2.28072073e-005, 0.188068499, -0.982155913, -5.18255874e-005, 1.26534731e-005, 5.51901244e-005, -0.999999998, 0, -0, 0, 0, 0, 0, 0, 0.214618701, 0.13505708, 0.165663696, -0.467487912, 0.766240604, 0.440678937, -0.861206055, -0.507080078, -0.0314941406, 0.199365033, -0.39425158, 0.897063015, 0, 0, -0, 0, 0, 0, 0, 0.266446436, 0.122147559, 0.156010156, -0.507263117, 0.839393812, -0.194551345, 0.474121094, 0.0833740234, -0.876464844, -0.719685674, -0.536782034, -0.440228238, 0, 1, 1, 1, 
117.750308, 10, 0.1, 0.1, 0.0185988316, 0.370394294, -0.0199753364, 0.98215578, 0.188069198, -1.19580544e-005, 0.188069198, -0.982155778, 6.27217649e-005, 5.13598069e-008, -6.38514856e-005, -0.999999998, 0.982155803, 0.188069081, -4.2010272e-006, 0.188069081, -0.982155801, 5.10308268e-005, 5.47125745e-006, -5.0910306e-005, -0.999999999, 0, -0, 0, 0, 0, 0, 0, 0.214618701, 0.13505708, 0.165663696, -0.467487912, 0.766240604, 0.440678937, -0.861206055, -0.507080078, -0.0314941406, 0.199365033, -0.39425158, 0.897063015, 0, 0, -0, 0, 0, 0, 0, 0.266446436, 0.122147559, 0.156010156, -0.507263117, 0.839393812, -0.194551345, 0.474121094, 0.0833740234, -0.876464844, -0.719685674, -0.536782034, -0.440228238, 0, 1, 1, 1, 
117.751032, 10, 0.1, 0.1, 0.0185988298, 0.370394302, -0.0199746335, 0.982155641, 0.188069927, 1.91339875e-005, 0.188069927, -0.982155641, -6.29021965e-006, 1.76095526e-005, 9.77650233e-006, -1, 0.982155674, 0.188069754, -6.74981795e-006, 0.188069754, -0.982155674, 2.23020948e-005, -2.43502252e-006, -2.31735655e-005, -1, 0, -0, 0, 0, 0, 0, 0, 0.214618701, 0.13505708, 0.165663696, -0.466153435, 0.767657456, 0.439568743, -0.861083984, -0.50769043, -0.0262451172, 0.203108614, -0.390768229, 0.897856812, 0, 0, -0, 0, 0, 0, 0, 0.266446436, 0.122147559, 0.156010156, -0.507263117, 0.839393812, -0.194551345, 0.474121094, 0.0833740234, -0.876464844, -0.719685674, -0.536782034, -0.440228238, 0, 1, 1, 1, 
117.751758, 10, 0.1, 0.1, 0.0185988346, 0.370394296, -0.019971977, 0.982155524, 0.188070535, -1.36026054e-005, 0.188070535, -0.982155524, -2.26168174e-005, -1.7613431e-005, 1.96549829e-005, -1, 0.982155543, 0.188070437, 1.28605169e-005, 0.188070437, -0.982155542, -3.55883972e-005, 5.93790259e-006, 3.73720246e-005, -0.999999999, 0, -0, 0, 0, 0, 0, 0, 0.214921533, 0.13536333, 0.165386133, -0.466153435, 0.767657456, 0.439568743, -0.861083984, -0.50769043, -0.0262451172, 0.203108614, -0.390768229, 0.897856812, 0, 0, -0, 0, 0, 0, 0, 0.266794678, 0.121829492, 0.155772998, -0.504528849, 0.840818915, -0.19554771, 0.472900391, 0.0795898437, -0.877441406, -0.722344116, -0.535159337, -0.437755364, 0, 1, 1, 1, 
117.75247, 10, 0.1, 0.1, 0.018598831, 0.3703943, -0.0199686511, 0.982155497, 0.188070678, 1.24330626e-005, 0.188070677, -0.982155497, 1.24904739e-005, 1.45602927e-005, -9.92929311e-006, -1, 0.982155498, 0.188070674, -1.51508865e-005, 0.188070674, -0.982155497, 2.21978874e-005, -1.07057549e-005, -2.46512146e-005, -1, 0, -0, 0, 0, 0, 0, 0, 0.214921533, 0.13536333, 0.165386133, -0.466153435, 0.767657456, 0.439568743, -0.861083984, -0.50769043, -0.0262451172, 0.203108614, -0.390768229, 0.897856812, 0, 0, -0, 0, 0, 0, 0, 0.266794678, 0.121829492, 0.155772998, -0.504528849, 0.840818915, -0.19554771, 0.472900391, 0.0795898437, -0.877441406, -0.722344116, -0.535159337, -0.437755364, 0, 1, 1, 1, 
117.753176, 10, 0.1, 0.1, 0.0185988347, 0.370394298, -0.0199656824, 0.982155546, 0.188070418, -2.42895325e-005, 0.188070418, -0.982155547, -4.45927531e-006, -2.46947569e-005, -1.88440562e-007, -1, 0.982155534, 0.188070485, 7.58044238e-006, 0.188070485, -0.982155534, -1.89305828e-005, 3.88488954e-006, 2.00184341e-005, -1, 0, -0, 0, 0, 0, 0, 0, 0.214921533, 0.13536333, 0.165386133, -0.466153435, 0.767657456, 0.439568743, -0.861083984, -0.50769043, -0.0262451172, 0.203108614, -0.390768229, 0.897856812, 0, 0, -0, 0, 0, 0, 0, 0.266794678, 0.121829492, 0.155772998, -0.504528849, 0.840818915, -0.19554771, 0.472900391, 0.0795898437, -0.877441406, -0.722344116, -0.535159337, -0.437755364, 0, 1, 1, 1, 
117.753911, 10, 0.1, 0.1, 0.0185988302, 0.370394298, -0.0199636914, 0.982155582, 0.188070236, 1.46270908e-005, 0.188070235, -0.982155582, 5.44253889e-006, 1.53896585e-005, -2.59449953e-006, -1, 0.982155582, 0.188070236, -1.34391929e-005, 0.188070236, -0.982155582, -1.02115886e-005, -1.51198742e-005, 7.50185659e-006, -1, 0, -0, 0, 0, 0, 0, 0, 0.215068994, 0.135037207, 0.165118091, -0.463448533, 0.769841896, 0.438661491, -0.861694336, -0.506713867, -0.0211181641, 0.206140774, -0.38790082, 0.898371283, 0, 0, -0, 0, 0, 0, 0, 0.267129736, 0.121704639, 0.155289404, -0.502062904, 0.841918092, -0.196921041, 0.471679688, 0.0758056641, -0.878417969, -0.724785274, -0.533939125, -0.435199367, 0, 1, 1, 1, 
117.754618, 10, 0.1, 0.1, 0.0185988346, 0.3703943, -0.0199634084, 0.982155621, 0.188070031, -2.16376457e-005, 0.188070031, -0.982155621, 1.67517627e-005, -1.81010308e-005, -2.05222306e-005, -1, 0.98215561, 0.188070088, 1.17651873e-005, 0.188070088, -0.98215561, 1.15549467e-006, 1.17725587e-005, 1.07780424e-006, -1, 0, -0, 0, 0, 0, 0, 0, 0.215068994, 0.135037207, 0.165118091, -0.463448533, 0.769841896, 0.438661491, -0.861694336, -0.506713867, -0.0211181641, 0.206140774, -0.38790082, 0.898371283, 0, 0, -0, 0, 0, 0, 0, 0.267129736, 0.121704639, 0.155289404, -0.502062904, 0.841918092, -0.196921041, 0.471679688, 0.0758056641, -0.878417969, -0.724785274, -0.533939125, -0.435199367, 0, 1, 1, 1, 
117.755326, 10, 0.1, 0.1, 0.0185988306, 0.370394302, -0.0199648646, 0.982155646, 0.1880699, 1.92942435e-005, 0.1880699, -0.982155646, -1.79896257e-005, 1.55666431e-005, 2.12972789e-005, -1, 0.982155649, 0.188069885, -1.213855e-005, 0.188069885, -0.982155649, -1.19521949e-005, -1.41697933e-005, 9.45602005e-006, -1, 0, -0, 0, 0, 0, 0, 0, 0.215068994, 0.135037207, 0.165118091, -0.463448533, 0.769841896, 0.438661491, -0.861694336, -0.506713867, -0.0211181641, 0.206140774, -0.38790082, 0.898371283, 0, 0, -0, 0, 0, 0, 0, 0.267129736, 0.121704639, 0.155289404, -0.502062904, 0.841918092, -0.196921041, 0.471679688, 0.0758056641, -0.878417969, -0.724785274, -0.533939125, -0.435199367, 0, 1, 1, 1, 
117.756033, 10, 0.1, 0.1, 0.0185988355, 0.370394304, -0.0199674762, 0.982155584, 0.188070221, -1.31224829e-005, 0.188070222, -0.982155584, 1.39671173e-005, -1.0261521e-005, -1.61858305e-005, -1, 0.982155604, 0.188070118, 1.20719554e-005, 0.188070118, -0.982155604, 2.07600986e-005, 1.57608929e-005, -1.81192731e-005, -1, 0, -0, 0, 0, 0, 0, 0, 0.215068994, 0.135037207, 0.165118091, -0.463448533, 0.769841896, 0.438661491, -0.861694336, -0.506713867, -0.0211181641, 0.206140774, -0.38790082, 0.898371283, 0, 0, -0, 0, 0, 0, 0, 0.267129736, 0.121704639, 0.155289404, -0.502062904, 0.841918092, -0.196921041, 0.471679688, 0.0758056641, -0.878417969, -0.724785274, -0.533939125, -0.435199367, 0, 1, 1, 1, 
117.756741, 10, 0.1, 0.1, 0.0185988339, 0.370394301, -0.0199704131, 0.982155431, 0.188071019, 1.79562358e-005, 0.18807102, -0.982155431, -1.50183325e-005, 1.48113014e-005, 1.81273844e-005, -1, 0.982155466, 0.188070839, -3.26309777e-006, 0.188070839, -0.982155466, -2.90222419e-005, -8.66310668e-006, 2.789066e-005, -1, 0, -0, 0, 0, 0, 0, 0, 0.215068994, 0.135037207, 0.165118091, -0.463448533, 0.769841896, 0.438661491, -0.861694336, -0.506713867, -0.0211181641, 0.206140774, -0.38790082, 0.898371283, 0, 0, -0, 0, 0, 0, 0, 0.267129736, 0.121704639, 0.155289404, -0.502062904, 0.841918092, -0.196921041, 0.471679688, 0.0758056641, -0.878417969, -0.724785274, -0.533939125, -0.435199367, 0, 1, 1, 1, 
117.75745, 10, 0.1, 0.1, 0.0185988378, 0.370394303, -0.0199727861, 0.982155228, 0.18807208, -8.54757371e-006, 0.188072079, -0.982155228, -1.61637784e-005, -1.14349996e-005, 1.42677795e-005, -1, 0.982155269, 0.188071866, 1.08725127e-005, 0.188071866, -0.982155269, 4.30499804e-006, 1.14881447e-005, -2.18336274e-006, -1, 0, -0, 0, 0, 0, 0, 0, 0.215068994, 0.135037207, 0.165118091, -0.463448533, 0.769841896, 0.438661491, -0.861694336, -0.506713867, -0.0211181641, 0.206140774, -0.38790082, 0.898371283, 0, 0, -0, 0, 0, 0, 0, 0.267129736, 0.121704639, 0.155289404, -0.502062904, 0.841918092, -0.196921041, 0.471679688, 0.0758056641, -0.878417969, -0.724785274, -0.533939125, -0.435199367, 0, 1, 1, 1, 
117.758159, 10, 0.1, 0.1, 0.0185988354, 0.370394302, -0.0199738904, 0.982155058, 0.188072968, 6.99715539e-006, 0.188072968, -0.982155058, 1.61136099e-005, 9.90282601e-006, -1.45100877e-005, -1, 0.982155085, 0.188072828, -1.22861729e-005, 0.188072828, -0.982155085, 4.05129812e-006, -1.13049881e-005, -6.28969833e-006, -1, 0, -0, 0, 0, 0, 0, 0, 0.215068994, 0.135037207, 0.165118091, -0.463448533, 0.769841896, 0.438661491, -0.861694336, -0.506713867, -0.0211181641, 0.206140774, -0.38790082, 0.898371283, 0, 0, -0, 0, 0, 0, 0, 0.267129736, 0.121704639, 0.155289404, -0.502062904, 0.841918092, -0.196921041, 0.471679688, 0.0758056641, -0.878417969, -0.724785274, -0.533939125, -0.435199367, 0, 1, 1, 1, 
117.758894, 10, 0.1, 0.1, 0.0185988388, 0.370394302, -0.019973168, 0.98215497, 0.188073431, -1.22652007e-005, 0.188073431, -0.98215497, -1.94554547e-005, -1.57053819e-005, 1.68015132e-005, -1, 0.982154979, 0.188073383, 9.54813648e-006, 0.188073383, -0.982154979, -1.72291968e-005, 6.13739644e-006, 1.87174918e-005, -1, 0, -0, 0, 0, 0, 0, 0, 0.215434204, 0.134681299, 0.164890088, -0.460889286, 0.771467682, 0.43856002, -0.862182617, -0.506103516, -0.0157470703, 0.209813963, -0.385439297, 0.898510946, 0, 0, -0, 0, 0, 0, 0, 0.267433301, 0.121803027, 0.155070557, -0.500095326, 0.84301727, -0.197687363, 0.470092773, 0.0726318359, -0.879516602, -0.72715607, -0.532718912, -0.432579571, 0, 1, 1, 1, 
117.7596, 10, 0.1, 0.1, 0.0185988357, 0.370394305, -0.0199712979, 0.98215498, 0.188073376, 1.16647468e-005, 0.188073376, -0.98215498, 1.43218549e-005, 1.41501487e-005, -1.18724528e-005, -1, 0.982154972, 0.188073417, -1.34039218e-005, 0.188073417, -0.982154972, 1.92906707e-005, -9.53666615e-006, -2.14673495e-005, -1, 0, -0, 0, 0, 0, 0, 0, 0.215434204, 0.134681299, 0.164890088, -0.460889286, 0.771467682, 0.43856002, -0.862182617, -0.506103516, -0.0157470703, 0.209813963, -0.385439297, 0.898510946, 0, 0, -0, 0, 0, 0, 0, 0.267433301, 0.121803027, 0.155070557, -0.500095326, 0.84301727, -0.197687363, 0.470092773, 0.0726318359, -0.879516602, -0.72715607, -0.532718912, -0.432579571, 0, 1, 1, 1, 
117.760312, 10, 0.1, 0.1, 0.0185988391, 0.370394306, -0.0199688868, 0.982155056, 0.188072977, -2.29868988e-005, 0.188072977, -0.982155056, 1.35041421e-005, -2.00369347e-005, -1.75863759e-005, -1, 0.98215504, 0.188073066, 6.97768533e-006, 0.188073066, -0.98215504, -1.63052041e-006, 6.54651184e-006, 2.91373851e-006, -1, 0, -0, 0, 0, 0, 0, 0, 0.215434204, 0.134681299, 0.164890088, -0.460889286, 0.771467682, 0.43856002, -0.862182617, -0.506103516, -0.0157470703, 0.209813963, -0.385439297, 0.898510946, 0, 0, -0, 0, 0, 0, 0, 0.267433301, 0.121803027, 0.155070557, -0.500095326, 0.84301727, -0.197687363, 0.470092773, 0.0726318359, -0.879516602, -0.72715607, -0.532718912, -0.432579571, 0, 1, 1, 1, 
117.761024, 10, 0.1, 0.1, 0.0185988352, 0.370394308, -0.0199666192, 0.982155117, 0.188072661, 1.82652148e-005, 0.188072661, -0.982155117, -1.03317159e-005, 1.59961609e-005, 1.35825352e-005, -1, 0.982155112, 0.188072687, -1.14507553e-005, 0.188072687, -0.982155112, -6.62577792e-006, -1.24925457e-005, 4.35396734e-006, -1, 0, -0, 0, 0, 0, 0, 0, 0.215434204, 0.134681299, 0.164890088, -0.460889286, 0.771467682, 0.43856002, -0.862182617, -0.506103516, -0.0157470703, 0.209813963, -0.385439297, 0.898510946, 0, 0, -0, 0, 0, 0, 0, 0.267433301, 0.121803027, 0.155070557, -0.500095326, 0.84301727, -0.197687363, 0.470092773, 0.0726318359, -0.879516602, -0.72715607, -0.532718912, -0.432579571, 0, 1, 1, 1, 
117.761731, 10, 0.1, 0.1, 0.0185988389, 0.370394312, -0.0199652657, 0.982155089, 0.188072805, -2.25782039e-005, 0.188072806, -0.982155089, 2.60153348e-005, -1.72825208e-005, -2.97974396e-005, -0.999999999, 0.982155103, 0.188072732, 4.80912811e-006, 0.188072732, -0.982155103, 3.32090602e-005, 1.09690284e-005, -3.17119821e-005, -0.999999999, 0, -0, 0, 0, 0, 0, 0, 0.215434204, 0.134681299, 0.164890088, -0.460889286, 0.771467682, 0.43856002, -0.862182617, -0.506103516, -0.0157470703, 0.209813963, -0.385439297, 0.898510946, 0, 0, -0, 0, 0, 0, 0, 0.267433301, 0.121803027, 0.155070557, -0.500095326, 0.84301727, -0.197687363, 0.470092773, 0.0726318359, -0.879516602, -0.72715607, -0.532718912, -0.432579571, 0, 1, 1, 1, 
117.76244, 10, 0.1, 0.1, 0.018598836, 0.370394311, -0.0199651635, 0.982154955, 0.188073505, 1.91574113e-005, 0.188073505, -0.982154956, -4.31222253e-006, 1.80045316e-005, 7.83827221e-006, -1, 0.982154988, 0.188073336, -6.85311467e-006, 0.188073336, -0.982154988, -2.05567711e-005, -1.05970013e-005, 1.89010471e-005, -1, 0, -0, 0, 0, 0, 0, 0, 0.215434204, 0.134681299, 0.164890088, -0.460889286, 0.771467682, 0.43856002, -0.862182617, -0.506103516, -0.0157470703, 0.209813963, -0.385439297, 0.898510946, 0, 0, -0, 0, 0, 0, 0, 0.267433301, 0.121803027, 0.155070557, -0.500095326, 0.84301727, -0.197687363, 0.470092773, 0.0726318359, -0.879516602, -0.72715607, -0.532718912, -0.432579571, 0, 1, 1, 1, 
117.763161, 10, 0.1, 0.1, 0.0185988401, 0.370394315, -0.0199662147, 0.982154755, 0.188074554, -1.47419442e-005, 0.188074553, -0.982154755, -1.58170093e-005, -1.74536475e-005, 1.27621663e-005, -1, 0.982154798, 0.188074327, 1.12745307e-005, 0.188074327, -0.982154798, 1.34063355e-005, 1.35947219e-005, -1.1046647e-005, -1, 0, -0, 0, 0, 0, 0, 0, 0.215434204, 0.134681299, 0.164890088, -0.461573377, 0.772218418, 0.436504382, -0.861206055, -0.5078125, -0.0119628906, 0.212517743, -0.381479668, 0.899578079, 0, 0, -0, 0, 0, 0, 0, 0.267433301, 0.121803027, 0.155070557, -0.500095326, 0.84301727, -0.197687363, 0.470092773, 0.0726318359, -0.879516602, -0.72715607, -0.532718912, -0.432579571, 0, 1, 1, 1, 
117.763906, 10, 0.1, 0.1, 0.0185988357, 0.370394312, -0.0199675006, 0.98215458, 0.188075467, 6.06802246e-006, 0.188075466, -0.98215458, 1.42223784e-005, 8.63461651e-006, -1.2827328e-005, -1, 0.982154605, 0.188075337, -1.87668767e-005, 0.188075337, -0.982154605, 5.02910809e-007, -1.83373893e-005, -4.02352283e-006, -1, 0, -0, 0, 0, 0, 0, 0, 0.215407471, 0.134731714, 0.164788281, -0.461573377, 0.772218418, 0.436504382, -0.861206055, -0.5078125, -0.0119628906, 0.212517743, -0.381479668, 0.899578079, 0, 0, -0, 0, 0, 0, 0, 0.267768848, 0.121638135, 0.154733301, -0.497999782, 0.84368188, -0.199770147, 0.470458984, 0.0693359375, -0.879638672, -0.728408732, -0.532035345, -0.43144831, 0, 1, 1, 1, 
117.764621, 10, 0.1, 0.1, 0.018598839, 0.370394314, -0.0199691045, 0.982154493, 0.18807592, -1.66895651e-005, 0.188075921, -0.982154493, 2.33137671e-006, -1.59532555e-005, -5.42867743e-006, -1, 0.982154511, 0.188075827, 7.2238178e-006, 0.188075827, -0.982154511, 8.54561387e-006, 8.70212864e-006, -7.0344877e-006, -1, 0, -0, 0, 0, 0, 0, 0, 0.215407471, 0.134731714, 0.164788281, -0.461573377, 0.772218418, 0.436504382, -0.861206055, -0.5078125, -0.0119628906, 0.212517743, -0.381479668, 0.899578079, 0, 0, -0, 0, 0, 0, 0, 0.267768848, 0.121638135, 0.154733301, -0.497999782, 0.84368188, -0.199770147, 0.470458984, 0.0693359375, -0.879638672, -0.728408732, -0.532035345, -0.43144831, 0, 1, 1, 1, 
117.765329, 10, 0.1, 0.1, 0.0185988362, 0.370394314, -0.0199705676, 0.982154392, 0.188076449, 1.38101394e-005, 0.188076449, -0.982154392, 1.04320573e-005, 1.55257134e-005, -7.64852894e-006, -1, 0.982154412, 0.188076343, -9.57109228e-006, 0.188076343, -0.982154412, -2.12314258e-006, -9.7996034e-006, 2.8515781e-007, -1, 0, -0, 0, 0, 0, 0, 0, 0.215407471, 0.134731714, 0.164788281, -0.461573377, 0.772218418, 0.436504382, -0.861206055, -0.5078125, -0.0119628906, 0.212517743, -0.381479668, 0.899578079, 0, 0, -0, 0, 0, 0, 0, 0.267768848, 0.121638135, 0.154733301, -0.497999782, 0.84368188, -0.199770147, 0.470458984, 0.0693359375, -0.879638672, -0.728408732, -0.532035345, -0.43144831, 0, 1, 1, 1, 
117.766048, 10, 0.1, 0.1, 0.0185988407, 0.370394316, -0.0199714651, 0.982154326, 0.188076794, -1.00605135e-005, 0.188076794, -0.982154326, 6.49154993e-007, -9.75888584e-006, -2.5297195e-006, -1, 0.982154339, 0.188076722, 1.23330908e-005, 0.188076722, -0.982154339, 6.30316171e-006, 1.32984767e-005, -3.87111033e-006, -1, 0, -0, 0, 0, 0, 0, 0, 0.215407471, 0.134731714, 0.164788281, -0.461573377, 0.772218418, 0.436504382, -0.861206055, -0.5078125, -0.0119628906, 0.212517743, -0.381479668, 0.899578079, 0, 0, -0, 0, 0, 0, 0, 0.26812417, 0.121503271, 0.154620996, -0.495501755, 0.844672416, -0.20186569, 0.470825195, 0.0657958984, -0.879760742, -0.72998732, -0.530949294, -0.430195648, 0, 1, 1, 1, 
117.766756, 10, 0.1, 0.1, 0.0185988388, 0.370394317, -0.0199715144, 0.982154249, 0.188077195, 1.39023501e-005, 0.188077195, -0.982154249, 2.50467613e-005, 1.83649768e-005, -2.1985068e-005, -1, 0.982154259, 0.188077144, -7.84416911e-006, 0.188077144, -0.982154259, 1.44056955e-005, -4.99480202e-006, -1.56239241e-005, -1, 0, -0, 0, 0, 0, 0, 0, 0.215407471, 0.134731714, 0.164788281, -0.461573377, 0.772218418, 0.436504382, -0.861206055, -0.5078125, -0.0119628906, 0.212517743, -0.381479668, 0.899578079, 0, 0, -0, 0, 0, 0, 0, 0.26812417, 0.121503271, 0.154620996, -0.495501755, 0.844672416, -0.20186569, 0.470825195, 0.0657958984, -0.879760742, -0.72998732, -0.530949294, -0.430195648, 0, 1, 1, 1, 
117.767465, 10, 0.1, 0.1, 0.0185988434, 0.370394317, -0.0199708564, 0.982154252, 0.18807718, -6.74665433e-006, 0.188077179, -0.982154252, -2.53121002e-005, -1.13868836e-005, 2.35914951e-005, -1, 0.982154243, 0.188077225, 1.68416274e-005, 0.188077225, -0.982154243, -2.06930036e-005, 1.26491931e-005, 2.34912479e-005, -1, 0, -0, 0, 0, 0, 0, 0, 0.215407471, 0.134731714, 0.164788281, -0.461573377, 0.772218418, 0.436504382, -0.861206055, -0.5078125, -0.0119628906, 0.212517743, -0.381479668, 0.899578079, 0, 0, -0, 0, 0, 0, 0, 0.26812417, 0.121503271, 0.154620996, -0.495501755, 0.844672416, -0.20186569, 0.470825195, 0.0657958984, -0.879760742, -0.72998732, -0.530949294, -0.430195648, 0, 1, 1, 1, 
117.768187, 10, 0.1, 0.1, 0.0185988412, 0.370394318, -0.0199696245, 0.982154348, 0.188076676, 1.88257585e-005, 0.188076676, -0.982154348, 2.8258221e-006, 1.90212718e-005, 7.65292605e-007, -1, 0.982154325, 0.188076798, -7.47907882e-006, 0.188076798, -0.982154325, 9.29701501e-006, -5.59705679e-006, -1.05377447e-005, -1, 0, -0, 0, 0, 0, 0, 0, 0.215656226, 0.134579272, 0.164691235, -0.461210553, 0.773394135, 0.434550216, -0.860839844, -0.508666992, -0.00817871094, 0.214808524, -0.377958125, 0.900505548, 0, 0, -0, 0, 0, 0, 0, 0.26812417, 0.121503271, 0.154620996, -0.495501755, 0.844672416, -0.20186569, 0.470825195, 0.0657958984, -0.879760742, -0.72998732, -0.530949294, -0.430195648, 0, 1, 1, 1, 
117.768896, 10, 0.1, 0.1, 0.0185988454, 0.370394319, -0.0199682508, 0.982154439, 0.188076204, -1.44454554e-005, 0.188076204, -0.982154439, -1.19245109e-005, -1.64303849e-005, 8.99486489e-006, -1, 0.982154419, 0.188076308, 1.20575435e-005, 0.188076308, -0.982154419, -5.72379806e-006, 1.07658589e-005, 7.88939183e-006, -1, 0, -0, 0, 0, 0, 0, 0, 0.215656226, 0.134579272, 0.164691235, -0.461210553, 0.773394135, 0.434550216, -0.860839844, -0.508666992, -0.00817871094, 0.214808524, -0.377958125, 0.900505548, 0, 0, -0, 0, 0, 0, 0, 0.26812417, 0.121503271, 0.154620996, -0.495501755, 0.844672416, -0.20186569, 0.470825195, 0.0657958984, -0.879760742, -0.72998732, -0.530949294, -0.430195648, 0, 1, 1, 1, 
117.769605, 10, 0.1, 0.1, 0.018598842, 0.37039432, -0.0199672316, 0.982154559, 0.188075578, 1.49901199e-005, 0.188075578, -0.982154559, -4.00981615e-006, 1.39684661e-005, 6.75753466e-006, -1, 0.982154532, 0.188075715, -1.34332975e-005, 0.188075715, -0.982154532, 2.79032854e-006, -1.2668781e-005, -5.26701086e-006, -1, 0, -0, 0, 0, 0, 0, 0, 0.215656226, 0.134579272, 0.164691235, -0.461210553, 0.773394135, 0.434550216, -0.860839844, -0.508666992, -0.00817871094, 0.214808524, -0.377958125, 0.900505548, 0, 0, -0, 0, 0, 0, 0, 0.26812417, 0.121503271, 0.154620996, -0.495501755, 0.844672416, -0.20186569, 0.470825195, 0.0657958984, -0.879760742, -0.72998732, -0.530949294, -0.430195648, 0, 1, 1, 1, 
117.770311, 10, 0.1, 0.1, 0.0185988456, 0.370394321, -0.019966878, 0.982154656, 0.188075069, -1.96066055e-005, 0.188075069, -0.982154656, 4.47278464e-007, -1.91725969e-005, -4.1268103e-006, -1, 0.982154641, 0.188075146, 6.97444085e-006, 0.188075146, -0.982154641, 7.97284173e-006, 8.34947283e-006, -6.51884452e-006, -1, 0, -0, 0, 0, 0, 0, 0, 0.215656226, 0.134579272, 0.164691235, -0.461210553, 0.773394135, 0.434550216, -0.860839844, -0.508666992, -0.00817871094, 0.214808524, -0.377958125, 0.900505548, 0, 0, -0, 0, 0, 0, 0, 0.26812417, 0.121503271, 0.154620996, -0.495501755, 0.844672416, -0.20186569, 0.470825195, 0.0657958984, -0.879760742, -0.72998732, -0.530949294, -0.430195648, 0, 1, 1, 1, 
117.771045, 10, 0.1, 0.1, 0.0185988413, 0.370394321, -0.0199669648, 0.982154707, 0.188074804, 8.44085967e-006, 0.188074803, -0.982154707, 2.46694886e-005, 1.29299393e-005, -2.26417413e-005, -1, 0.982154692, 0.18807488, -1.73138644e-005, 0.18807488, -0.982154692, 1.28906882e-005, -1.45804785e-005, -1.59169529e-005, -1, 0, -0, 0, 0, 0, 0, 0, 0.215944043, 0.134187354, 0.163782642, -0.460224674, 0.774271429, 0.434226706, -0.860229492, -0.509765625, -0.00244140625, 0.219472461, -0.374760093, 0.900803971, 0, 0, -0, 0, 0, 0, 0, 0.268677832, 0.121360107, 0.154338672, -0.493367932, 0.84554155, -0.203258344, 0.470336914, 0.0628662109, -0.880126953, -0.731604187, -0.529876003, -0.428623624, 0, 1, 1, 1, 
117.771756, 10, 0.1, 0.1, 0.0185988457, 0.37039432, -0.0199675994, 0.982154833, 0.188074146, -9.07356122e-006, 0.188074146, -0.982154832, -3.48677437e-005, -1.54693631e-005, 3.25390207e-005, -0.999999999, 0.9821548, 0.188074317, 1.62400163e-005, 0.188074317, -0.9821548, -2.91380898e-005, 1.04700837e-005, 3.16724447e-005, -0.999999999, 0, -0, 0, 0, 0, 0, 0, 0.215944043, 0.134187354, 0.163782642, -0.460224674, 0.774271429, 0.434226706, -0.860229492, -0.509765625, -0.00244140625, 0.219472461, -0.374760093, 0.900803971, 0, 0, -0, 0, 0, 0, 0, 0.268677832, 0.121360107, 0.154338672, -0.493367932, 0.84554155, -0.203258344, 0.470336914, 0.0628662109, -0.880126953, -0.731604187, -0.529876003, -0.428623624, 0, 1, 1, 1, 
117.772463, 10, 0.1, 0.1, 0.0185988421, 0.370394324, -0.0199686734, 0.982155055, 0.188072986, 6.83527085e-006, 0.188072985, -0.982155054, 4.89408179e-005, 1.59177416e-005, -4.67819419e-005, -0.999999999, 0.982155002, 0.188073262, -1.75607678e-005, 0.188073263, -0.982155001, 3.86577088e-005, -9.97691456e-006, -4.1270573e-005, -0.999999999, 0, -0, 0, 0, 0, 0, 0, 0.215944043, 0.134187354, 0.163782642, -0.460224674, 0.774271429, 0.434226706, -0.860229492, -0.509765625, -0.00244140625, 0.219472461, -0.374760093, 0.900803971, 0, 0, -0, 0, 0, 0, 0, 0.268677832, 0.121360107, 0.154338672, -0.493367932, 0.84554155, -0.203258344, 0.470336914, 0.0628662109, -0.880126953, -0.731604187, -0.529876003, -0.428623624, 0, 1, 1, 1, 
117.773172, 10, 0.1, 0.1, 0.0185988469, 0.370394325, -0.0199698016, 0.98215536, 0.188071391, 1.22022899e-006, 0.188071391, -0.982155359, -5.24333193e-005, -8.66275286e-006, 5.17271558e-005, -0.999999999, 0.982155292, 0.188071748, 2.09205845e-005, 0.188071749, -0.982155292, -2.73332688e-005, 1.54066471e-005, 3.07800855e-005, -0.999999999, 0, -0, 0, 0, 0, 0, 0, 0.215944043, 0.134187354, 0.163782642, -0.460224674, 0.774271429, 0.434226706, -0.860229492, -0.509765625, -0.00244140625, 0.219472461, -0.374760093, 0.900803971, 0, 0, -0, 0, 0, 0, 0, 0.268677832, 0.121360107, 0.154338672, -0.493367932, 0.84554155, -0.203258344, 0.470336914, 0.0628662109, -0.880126953, -0.731604187, -0.529876003, -0.428623624, 0, 1, 1, 1, 
117.773884, 10, 0.1, 0.1, 0.018598846, 0.370394317, -0.0199706463, 0.982155697, 0.188069631, 1.23026191e-005, 0.188069631, -0.982155697, 4.76501639e-006, 1.29792423e-005, -2.36623896e-006, -1, 0.982155631, 0.18806998, -4.01840446e-006, 0.188069979, -0.98215563, -2.94113232e-005, -9.47808552e-006, 2.81307554e-005, -1, 0, -0, 0, 0, 0, 0, 0, 0.215944043, 0.134187354, 0.163782642, -0.460224674, 0.774271429, 0.434226706, -0.860229492, -0.509765625, -0.00244140625, 0.219472461, -0.374760093, 0.900803971, 0, 0, -0, 0, 0, 0, 0, 0.268677832, 0.121360107, 0.154338672, -0.493367932, 0.84554155, -0.203258344, 0.470336914, 0.0628662109, -0.880126953, -0.731604187, -0.529876003, -0.428623624, 0, 1, 1, 1, 
117.774595, 10, 0.1, 0.1, 0.0185988479, 0.370394323, -0.0199709497, 0.982155985, 0.188068129, -1.97629898e-005, 0.188068129, -0.982155985, 1.0165531e-007, -1.93912206e-005, -3.81662989e-006, -1, 0.982155933, 0.188068399, 1.87126411e-007, 0.188068399, -0.982155933, 2.33643162e-005, 4.57787685e-006, -2.29122092e-005, -1, 0, -0, 0, 0, 0, 0, 0, 0.215944043, 0.134187354, 0.163782642, -0.460224674, 0.774271429, 0.434226706, -0.860229492, -0.509765625, -0.00244140625, 0.219472461, -0.374760093, 0.900803971, 0, 0, -0, 0, 0, 0, 0, 0.268677832, 0.121360107, 0.154338672, -0.493367932, 0.84554155, -0.203258344, 0.470336914, 0.0628662109, -0.880126953, -0.731604187, -0.529876003, -0.428623624, 0, 1, 1, 1, 
117.775316, 10, 0.1, 0.1, 0.0185988456, 0.370394316, -0.0199706382, 0.98215617, 0.188067164, 1.44283509e-005, 0.188067164, -0.982156169, -2.50223559e-005, 9.4650103e-006, 2.72893602e-005, -1, 0.982156136, 0.188067339, -7.50906217e-006, 0.188067338, -0.982156135, -4.51537828e-005, -1.58670233e-005, 4.29358556e-005, -0.999999999, 0, -0, 0, 0, 0, 0, 0, 0.215944043, 0.134187354, 0.163782642, -0.461880417, 0.774761934, 0.431587327, -0.859008789, -0.51171875, -0.000244140629, 0.220723441, -0.370882839, 0.902087151, 0, 0, -0, 0, 0, 0, 0, 0.268677832, 0.121360107, 0.154338672, -0.493367932, 0.84554155, -0.203258344, 0.470336914, 0.0628662109, -0.880126953, -0.731604187, -0.529876003, -0.428623624, 0, 1, 1, 1, 
117.776034, 10, 0.1, 0.1, 0.0185988467, 0.370394324, -0.0199696233, 0.982156225, 0.188066875, -3.07812638e-005, 0.188066877, -0.982156224, 5.02121563e-005, -2.07887665e-005, -5.5105118e-005, -0.999999998, 0.982156224, 0.188066881, -7.68995043e-006, 0.188066881, -0.982156222, 5.71986714e-005, 3.20444304e-006, -5.76242561e-005, -0.999999998, 0, -0, 0, 0, 0, 0, 0, 0.216086475, 0.134224219, 0.16365166, -0.461880417, 0.774761934, 0.431587327, -0.859008789, -0.51171875, -0.000244140629, 0.220723441, -0.370882839, 0.902087151, 0, 0, -0, 0, 0, 0, 0, 0.268980664, 0.12135498, 0.154153125, -0.492128396, 0.84557983, -0.206274061, 0.471435547, 0.0596923828, -0.879760742, -0.731719392, -0.530240207, -0.427958647, 0, 1, 1, 1, 
117.776744, 10, 0.1, 0.1, 0.0185988432, 0.370394323, -0.0199685645, 0.982156151, 0.188067261, 1.99870917e-005, 0.188067261, -0.98215615, -3.91917064e-005, 1.22597682e-005, 4.22512931e-005, -0.999999999, 0.982156177, 0.188067124, -7.32739302e-006, 0.188067123, -0.982156177, -3.53090107e-005, -1.38371084e-005, 3.33009212e-005, -0.999999999, 0, -0, 0, 0, 0, 0, 0, 0.216086475, 0.134224219, 0.16365166, -0.461880417, 0.774761934, 0.431587327, -0.859008789, -0.51171875, -0.000244140629, 0.220723441, -0.370882839, 0.902087151, 0, 0, -0, 0, 0, 0, 0, 0.268980664, 0.12135498, 0.154153125, -0.492128396, 0.84557983, -0.206274061, 0.471435547, 0.0596923828, -0.879760742, -0.731719392, -0.530240207, -0.427958647, 0, 1, 1, 1, 
117.777455, 10, 0.1, 0.1, 0.0185988469, 0.370394324, -0.0199677147, 0.982155977, 0.188068168, -2.45295269e-005, 0.188068169, -0.982155977, 4.10167457e-005, -1.63778772e-005, -4.48980652e-005, -0.999999999, 0.98215602, 0.188067944, 4.42476699e-006, 0.188067944, -0.98215602, 2.7203852e-005, 9.46198406e-006, -2.58862702e-005, -1, 0, -0, 0, 0, 0, 0, 0, 0.216086475, 0.134224219, 0.16365166, -0.461880417, 0.774761934, 0.431587327, -0.859008789, -0.51171875, -0.000244140629, 0.220723441, -0.370882839, 0.902087151, 0, 0, -0, 0, 0, 0, 0, 0.268980664, 0.12135498, 0.154153125, -0.492128396, 0.84557983, -0.206274061, 0.471435547, 0.0596923828, -0.879760742, -0.731719392, -0.530240207, -0.427958647, 0, 1, 1, 1, 
117.778162, 10, 0.1, 0.1, 0.0185988426, 0.370394329, -0.0199673571, 0.982155755, 0.188069332, 1.72838902e-005, 0.188069332, -0.982155754, -2.48441737e-005, 1.23030451e-005, 2.76514178e-005, -1, 0.9821558, 0.188069095, -1.46777492e-005, 0.188069095, -0.9821558, 4.34039893e-006, -1.35995416e-005, -7.02337899e-006, -1, 0, -0, 0, 0, 0, 0, 0, 0.216086475, 0.134224219, 0.16365166, -0.461880417, 0.774761934, 0.431587327, -0.859008789, -0.51171875, -0.000244140629, 0.220723441, -0.370882839, 0.902087151, 0, 0, -0, 0, 0, 0, 0, 0.268980664, 0.12135498, 0.154153125, -0.492128396, 0.84557983, -0.206274061, 0.471435547, 0.0596923828, -0.879760742, -0.731719392, -0.530240207, -0.427958647, 0, 1, 1, 1, 
117.778885, 10, 0.1, 0.1, 0.0185988488, 0.37039432, -0.0199673572, 0.982155554, 0.188070382, -7.28196589e-006, 0.188070381, -0.982155553, -2.70765356e-005, -1.22443176e-005, 2.52238478e-005, -1, 0.98215559, 0.188070193, 2.15661179e-005, 0.188070193, -0.982155589, -4.57681343e-005, 1.25736614e-005, 4.90073729e-005, -0.999999999, 0, -0, 0, 0, 0, 0, 0, 0.216086475, 0.134224219, 0.16365166, -0.461880417, 0.774761934, 0.431587327, -0.859008789, -0.51171875, -0.000244140629, 0.220723441, -0.370882839, 0.902087151, 0, 0, -0, 0, 0, 0, 0, 0.268980664, 0.12135498, 0.154153125, -0.492128396, 0.84557983, -0.206274061, 0.471435547, 0.0596923828, -0.879760742, -0.731719392, -0.530240207, -0.427958647, 0, 1, 1, 1, 
117.779599, 10, 0.1, 0.1, 0.0185988458, 0.370394326, -0.0199678861, 0.98215546, 0.18807087, 1.68082909e-005, 0.188070869, -0.98215546, 3.16807614e-005, 2.2466583e-005, -2.79542829e-005, -0.999999999, 0.982155472, 0.188070809, -1.11610517e-005, 0.188070809, -0.982155471, 3.86396756e-005, -3.69489294e-006, -4.00492369e-005, -0.999999999, 0, -0, 0, 0, 0, 0, 0, 0.216086475, 0.134224219, 0.16365166, -0.461880417, 0.774761934, 0.431587327, -0.859008789, -0.51171875, -0.000244140629, 0.220723441, -0.370882839, 0.902087151, 0, 0, -0, 0, 0, 0, 0, 0.268980664, 0.12135498, 0.154153125, -0.492128396, 0.84557983, -0.206274061, 0.471435547, 0.0596923828, -0.879760742, -0.731719392, -0.530240207, -0.427958647, 0, 1, 1, 1, 
