time, trialNum, realDorsalTactorPos, realVentralTactorPos, boxPosX, boxPosY, boxPosZ, boxLocalRot_11, boxLocalRot_12, boxLocalRot_13, boxLocalRot_21, boxLocalRot_22, boxLocalRot_23, boxLocalRot_31, boxLocalRot_32, boxLocalRot_33, boxGlobalRot_11, boxGlobalRot_12, boxGlobalRot_13, boxGlobalRot_21, boxGlobalRot_22, boxGlobalRot_23, boxGlobalRot_31, boxGlobalRot_32, boxGlobalRot_33, indexForceX, indexForceY, indexForceZ, indexForceGlobalX, indexForceGlobalY, indexForceGlobalZ, indexContact, indexPosX, indexPosY, indexPosZ, indexRot_11, indexRot_12, indexRot_13, indexRot_21, indexRot_22, indexRot_23, indexRot_31, indexRot_32, indexRot_33, thumbForceX, thumbForceY, thumbForceZ, thumbForceGlobalX, thumbForceGlobalY, thumbForceGlobalZ, thumbContact, thumbPosX, thumbPosY, thumbPosZ, thumbRot_11, thumbRot_12, thumbRot_13, thumbRot_21, thumbRot_22, thumbRot_23, thumbRot_31, thumbRot_32, thumbRot_33, manipForceTooHigh, cceExpType, mapping, trialSuccess, 
111.924816, 11, 0.1, 0.1, 0.00994138006, 0.359044805, -0.0349681243, 0.964181262, -2.41275574e-005, 0.265244214, 0.265244214, -2.02299836e-006, -0.964181262, 2.37999273e-005, 1, 4.44915788e-006, 0.96418136, -2.87814239e-005, 0.265243858, 0.265243858, -1.33487433e-005, -0.96418136, 3.12911846e-005, 0.999999999, -5.23651357e-006, 0, 0, 0, 0, 0, 0, 0, 0.391559668, -0.0180483154, -0.288253247, 0.646841583, 0.593272855, -0.479035459, -0.548583984, 0.798339844, 0.248046875, 0.52959951, 0.102422395, 0.842018164, 0, -0, 0, 0, 0, 0, 0, 0.421394971, -0.0696819824, -0.245674072, 0.512722342, 0.0487232936, -0.857074933, -0.778686523, -0.393554688, -0.48828125, -0.361103813, 0.917958558, -0.163850574, 0, 1, 1, 1, 
111.962971, 11, 0.1, 0.1, 0.00994138778, 0.359044789, -0.0349711899, 0.96418034, -2.52470431e-005, 0.265247567, 0.265247567, -2.20647758e-006, -0.96418034, 2.49279655e-005, 1, 4.56927446e-006, 0.964180269, -3.85926981e-005, 0.265247823, 0.265247824, 5.47856682e-006, -0.964180269, 3.57571401e-005, 0.999999999, 1.55189552e-005, 0, 0, 0, 0, 0, 0, 0, 0.399775, -0.0257019531, -0.289428418, 0.654616308, 0.583624096, -0.480177854, -0.537841797, 0.806152344, 0.246582031, 0.531087137, 0.0969058676, 0.841828326, 0, -0, 0, 0, 0, 0, 0, 0.428453906, -0.0769062012, -0.248182227, 0.509121506, 0.0416386245, -0.859617071, -0.78918457, -0.375732422, -0.485595703, -0.343193612, 0.925805919, -0.158348856, 0, 1, 1, 1, 
111.963694, 11, 0.1, 0.1, 0.00994138011, 0.359044793, -0.0349693295, 0.964180608, 3.51334001e-005, 0.265246592, 0.265246593, -1.91336137e-006, -0.964180608, -3.33674305e-005, 0.999999999, -1.11638406e-005, 0.964180561, 3.66269108e-005, 0.265246763, 0.265246763, -1.04328129e-005, -0.964180561, -3.25476856e-005, 0.999999999, -1.97742849e-005, 0, 0, 0, 0, 0, 0, 0, 0.399775, -0.0257019531, -0.289428418, 0.655282424, 0.583141826, -0.480019094, -0.537597656, 0.806518555, 0.24597168, 0.530610859, 0.0969822516, 0.842050364, 0, -0, 0, 0, 0, 0, 0, 0.428453906, -0.0769062012, -0.248182227, 0.509121506, 0.0416386245, -0.859617071, -0.78918457, -0.375732422, -0.485595703, -0.343193612, 0.925805919, -0.158348856, 0, 1, 1, 1, 
111.96441, 11, 0.1, 0.1, 0.00994137981, 0.359044791, -0.0349673211, 0.964180758, -1.34069877e-005, 0.265246049, 0.265246049, -8.3599114e-006, -0.964180758, 1.5144193e-005, 1, -4.5043152e-006, 0.964180738, -1.23915012e-005, 0.265246119, 0.265246119, 2.89518381e-006, -0.964180738, 1.11797105e-005, 1, 6.07827807e-006, 0, 0, 0, 0, 0, 0, 0, 0.400700562, -0.0263960937, -0.288973145, 0.655282424, 0.583141826, -0.480019094, -0.537597656, 0.806518555, 0.24597168, 0.530610859, 0.0969822516, 0.842050364, 0, -0, 0, 0, 0, 0, 0, 0.429350537, -0.0781601074, -0.248006104, 0.508910786, 0.0395492777, -0.859815398, -0.789672852, -0.375854492, -0.484741211, -0.342356561, 0.925831805, -0.159965356, 0, 1, 1, 1, 
111.965112, 11, 0.1, 0.1, 0.00994137825, 0.359044791, -0.034966104, 0.964180831, 1.73086257e-005, 0.265245783, 0.265245783, 3.11029332e-006, -0.964180831, -1.75136373e-005, 1, -1.59215478e-006, 0.964180816, 1.56014663e-005, 0.265245836, 0.265245836, 6.98260539e-006, -0.964180816, -1.68947415e-005, 1, 2.59427019e-006, 0, 0, 0, 0, 0, 0, 0, 0.400700562, -0.0263960937, -0.288973145, 0.655282424, 0.583141826, -0.480019094, -0.537597656, 0.806518555, 0.24597168, 0.530610859, 0.0969822516, 0.842050364, 0, -0, 0, 0, 0, 0, 0, 0.429350537, -0.0781601074, -0.248006104, 0.508910786, 0.0395492777, -0.859815398, -0.789672852, -0.375854492, -0.484741211, -0.342356561, 0.925831805, -0.159965356, 0, 1, 1, 1, 
111.965819, 11, 0.1, 0.1, 0.0099413786, 0.359044791, -0.03496589, 0.964180909, 6.86162234e-007, 0.265245501, 0.265245501, 7.87252287e-006, -0.964180909, -2.74973579e-006, 1, 7.40853481e-006, 0.964180891, -5.77806326e-006, 0.265245565, 0.265245565, 4.65597356e-006, -0.964180891, 4.33612184e-006, 1, 6.02180639e-006, 0, 0, 0, 0, 0, 0, 0, 0.400700562, -0.0263960937, -0.288973145, 0.655282424, 0.583141826, -0.480019094, -0.537597656, 0.806518555, 0.24597168, 0.530610859, 0.0969822516, 0.842050364, 0, -0, 0, 0, 0, 0, 0, 0.429350537, -0.0781601074, -0.248006104, 0.508910786, 0.0395492777, -0.859815398, -0.789672852, -0.375854492, -0.484741211, -0.342356561, 0.925831805, -0.159965356, 0, 1, 1, 1, 
111.966531, 11, 0.1, 0.1, 0.00994137764, 0.359044792, -0.0349666881, 0.964180996, 6.51805933e-006, 0.265245181, 0.265245181, 5.1593451e-007, -0.964180996, -6.42143809e-006, 1, -1.23142958e-006, 0.964180983, 8.35007128e-006, 0.265245231, 0.265245231, -7.59611499e-006, -0.964180983, -6.03614666e-006, 1, -9.53884621e-006, 0, 0, 0, 0, 0, 0, 0, 0.400700562, -0.0263960937, -0.288973145, 0.655282424, 0.583141826, -0.480019094, -0.537597656, 0.806518555, 0.24597168, 0.530610859, 0.0969822516, 0.842050364, 0, -0, 0, 0, 0, 0, 0, 0.429350537, -0.0781601074, -0.248006104, 0.508910786, 0.0395492777, -0.859815398, -0.789672852, -0.375854492, -0.484741211, -0.342356561, 0.925831805, -0.159965356, 0, 1, 1, 1, 
111.967234, 11, 0.1, 0.1, 0.00994138266, 0.359044789, -0.0349681298, 0.964181024, -8.46888892e-006, 0.265245081, 0.265245081, 1.37637684e-006, -0.964181024, 7.80046481e-006, 1, 3.57340756e-006, 0.964181022, -1.7949969e-005, 0.265245088, 0.265245089, 1.0672505e-005, -0.964181022, 1.44761899e-005, 1, 1.50513679e-005, 0, 0, 0, 0, 0, 0, 0, 0.400700562, -0.0263960937, -0.288973145, 0.655282424, 0.583141826, -0.480019094, -0.537597656, 0.806518555, 0.24597168, 0.530610859, 0.0969822516, 0.842050364, 0, -0, 0, 0, 0, 0, 0, 0.429350537, -0.0781601074, -0.248006104, 0.508910786, 0.0395492777, -0.859815398, -0.789672852, -0.375854492, -0.484741211, -0.342356561, 0.925831805, -0.159965356, 0, 1, 1, 1, 
111.967934, 11, 0.1, 0.1, 0.00994137921, 0.359044795, -0.0349698449, 0.964181036, 1.28322015e-006, 0.265245039, 0.265245039, -1.62453987e-005, -0.964181035, 3.07175489e-006, 1, -1.60038732e-005, 0.964181032, 1.27792585e-005, 0.265245051, 0.265245051, -2.15496528e-005, -0.964181032, -6.60557988e-006, 1, -2.41674016e-005, 0, 0, 0, 0, 0, 0, 0, 0.400700562, -0.0263960937, -0.288973145, 0.655282424, 0.583141826, -0.480019094, -0.537597656, 0.806518555, 0.24597168, 0.530610859, 0.0969822516, 0.842050364, 0, -0, 0, 0, 0, 0, 0, 0.429350537, -0.0781601074, -0.248006104, 0.508910786, 0.0395492777, -0.859815398, -0.789672852, -0.375854492, -0.484741211, -0.342356561, 0.925831805, -0.159965356, 0, 1, 1, 1, 
111.968666, 11, 0.1, 0.1, 0.00994138258, 0.359044788, -0.0349712444, 0.964181104, -1.02797583e-005, 0.265244791, 0.265244791, 3.15466772e-005, -0.964181103, 1.54395691e-006, 0.999999999, 3.31433624e-005, 0.964181089, -6.64035812e-006, 0.265244845, 0.265244845, 3.29883546e-005, -0.964181088, -2.34748329e-006, 0.999999999, 3.35680684e-005, 0, 0, 0, 0, 0, 0, 0, 0.401152295, -0.0273343506, -0.289020508, 0.655289537, 0.582328933, -0.480895267, -0.535888672, 0.807250977, 0.247192383, 0.532216427, 0.09575149, 0.841200401, 0, -0, 0, 0, 0, 0, 0, 0.429350537, -0.0781601074, -0.248006104, 0.507556412, 0.037798616, -0.860735571, -0.791015625, -0.37512207, -0.483032227, -0.341148741, 0.926138774, -0.160553041, 0, 1, 1, 1, 
111.969367, 11, 0.1, 0.1, 0.00994138263, 0.359044786, -0.0349717494, 0.964181179, -1.19376021e-006, 0.265244516, 0.265244516, -1.62898959e-005, -0.964181179, 5.47180668e-006, 1, -1.53897727e-005, 0.964181159, 5.92643727e-006, 0.265244592, 0.265244592, -9.41604655e-006, -0.964181159, -3.21660373e-006, 1, -1.06507301e-005, 0, 0, 0, 0, 0, 0, 0, 0.401152295, -0.0273343506, -0.289020508, 0.655289537, 0.582328933, -0.480895267, -0.535888672, 0.807250977, 0.247192383, 0.532216427, 0.09575149, 0.841200401, 0, -0, 0, 0, 0, 0, 0, 0.429732812, -0.0793856934, -0.248079346, 0.507556412, 0.037798616, -0.860735571, -0.791015625, -0.37512207, -0.483032227, -0.341148741, 0.926138774, -0.160553041, 0, 1, 1, 1, 
111.970073, 11, 0.1, 0.1, 0.00994138245, 0.359044787, -0.0349714906, 0.9641813, 1.30840173e-005, 0.265244076, 0.265244076, 1.15995502e-005, -0.9641813, -1.56920768e-005, 1, 7.71361132e-006, 0.964181274, 7.8528348e-006, 0.265244173, 0.265244173, 1.00090393e-005, -0.964181274, -1.02263956e-005, 1, 7.56760963e-006, 0, 0, 0, 0, 0, 0, 0, 0.401152295, -0.0273343506, -0.289020508, 0.655289537, 0.582328933, -0.480895267, -0.535888672, 0.807250977, 0.247192383, 0.532216427, 0.09575149, 0.841200401, 0, -0, 0, 0, 0, 0, 0, 0.429732812, -0.0793856934, -0.248079346, 0.507556412, 0.037798616, -0.860735571, -0.791015625, -0.37512207, -0.483032227, -0.341148741, 0.926138774, -0.160553041, 0, 1, 1, 1, 
111.970786, 11, 0.1, 0.1, 0.00994138146, 0.359044788, -0.0349706206, 0.964181456, -4.28751673e-006, 0.265243512, 0.265243512, -3.61499824e-006, -0.964181456, 5.09279895e-006, 1, -2.34827827e-006, 0.96418142, -2.74164345e-006, 0.265243642, 0.265243642, -1.06524606e-005, -0.96418142, 5.46893913e-006, 1, -9.54370113e-006, 0, 0, 0, 0, 0, 0, 0, 0.401152295, -0.0273343506, -0.289020508, 0.655289537, 0.582328933, -0.480895267, -0.535888672, 0.807250977, 0.247192383, 0.532216427, 0.09575149, 0.841200401, 0, -0, 0, 0, 0, 0, 0, 0.429732812, -0.0793856934, -0.248079346, 0.507556412, 0.037798616, -0.860735571, -0.791015625, -0.37512207, -0.483032227, -0.341148741, 0.926138774, -0.160553041, 0, 1, 1, 1, 
111.971486, 11, 0.1, 0.1, 0.00994138294, 0.359044785, -0.0349693495, 0.964181604, 3.20480074e-006, 0.265242974, 0.265242974, -9.78663888e-007, -0.964181604, -2.8304262e-006, 1, -1.7936606e-006, 0.964181579, -5.48965651e-006, 0.265243065, 0.265243065, 8.14013169e-006, -0.964181578, 3.1339122e-006, 1, 9.30465834e-006, 0, 0, 0, 0, 0, 0, 0, 0.401152295, -0.0273343506, -0.289020508, 0.655289537, 0.582328933, -0.480895267, -0.535888672, 0.807250977, 0.247192383, 0.532216427, 0.09575149, 0.841200401, 0, -0, 0, 0, 0, 0, 0, 0.429732812, -0.0793856934, -0.248079346, 0.507556412, 0.037798616, -0.860735571, -0.791015625, -0.37512207, -0.483032227, -0.341148741, 0.926138774, -0.160553041, 0, 1, 1, 1, 
111.97219, 11, 0.1, 0.1, 0.00994138298, 0.359044784, -0.0349681668, 0.964181738, 6.60306615e-007, 0.265242485, 0.265242485, 1.72395255e-005, -0.964181738, -5.20931016e-006, 1, 1.64468943e-005, 0.964181712, 1.61000504e-006, 0.265242578, 0.265242578, 1.21321054e-005, -0.964181712, -4.77028833e-006, 1, 1.12705123e-005, 0, 0, 0, 0, 0, 0, 0, 0.401152295, -0.0273343506, -0.289020508, 0.655289537, 0.582328933, -0.480895267, -0.535888672, 0.807250977, 0.247192383, 0.532216427, 0.09575149, 0.841200401, 0, -0, 0, 0, 0, 0, 0, 0.429732812, -0.0793856934, -0.248079346, 0.507556412, 0.037798616, -0.860735571, -0.791015625, -0.37512207, -0.483032227, -0.341148741, 0.926138774, -0.160553041, 0, 1, 1, 1, 
111.9729, 11, 0.1, 0.1, 0.00994138369, 0.359044785, -0.0349674025, 0.964181849, 5.93151753e-006, 0.265242082, 0.265242082, -9.03570595e-006, -0.964181849, -3.32241208e-006, 1, -1.02853517e-005, 0.96418183, -5.8929055e-007, 0.265242152, 0.265242152, -1.0855106e-005, -0.96418183, 3.4474149e-006, 1, -1.03099912e-005, 0, 0, 0, 0, 0, 0, 0, 0.401152295, -0.0273343506, -0.289020508, 0.655289537, 0.582328933, -0.480895267, -0.535888672, 0.807250977, 0.247192383, 0.532216427, 0.09575149, 0.841200401, 0, -0, 0, 0, 0, 0, 0, 0.429732812, -0.0793856934, -0.248079346, 0.507556412, 0.037798616, -0.860735571, -0.791015625, -0.37512207, -0.483032227, -0.341148741, 0.926138774, -0.160553041, 0, 1, 1, 1, 
111.973622, 11, 0.1, 0.1, 0.00994138401, 0.359044782, -0.0349670142, 0.964181931, 4.07806462e-006, 0.265241784, 0.265241784, 6.54423329e-006, -0.964181931, -5.66780034e-006, 1, 5.22815835e-006, 0.964181913, 1.98867606e-006, 0.265241848, 0.265241848, 1.33035057e-005, -0.964181913, -5.44609191e-006, 1, 1.22995194e-005, 0, 0, 0, 0, 0, 0, 0, 0.401620264, -0.0285372314, -0.289325659, 0.655595073, 0.580691164, -0.482431565, -0.533447266, 0.80859375, 0.248168945, 0.534145506, 0.0947749678, 0.840084215, 0, -0, 0, 0, 0, 0, 0, 0.430116797, -0.0806178711, -0.24836582, 0.506189278, 0.0359137929, -0.861547103, -0.792480469, -0.374389648, -0.481201172, -0.33981952, 0.926554385, -0.161006565, 0, 1, 1, 1, 
111.974324, 11, 0.1, 0.1, 0.00994138304, 0.359044785, -0.0349672682, 0.964182007, -1.5345956e-006, 0.265241509, 0.265241509, 3.88295064e-006, -0.964182007, 4.49709775e-007, 1, 4.1509096e-006, 0.964181996, 7.34393546e-006, 0.265241549, 0.265241549, -5.9596233e-006, -0.964181996, -5.50015063e-006, 1, -7.6940783e-006, 0, 0, 0, 0, 0, 0, 0, 0.401620264, -0.0285372314, -0.289325659, 0.655595073, 0.580691164, -0.482431565, -0.533447266, 0.80859375, 0.248168945, 0.534145506, 0.0947749678, 0.840084215, 0, -0, 0, 0, 0, 0, 0, 0.430116797, -0.0806178711, -0.24836582, 0.506189278, 0.0359137929, -0.861547103, -0.792480469, -0.374389648, -0.481201172, -0.33981952, 0.926554385, -0.161006565, 0, 1, 1, 1, 
111.97502, 11, 0.1, 0.1, 0.00994138306, 0.359044785, -0.0349681878, 0.964182076, 2.07155118e-006, 0.265241256, 0.265241256, -1.44513971e-005, -0.964182076, 1.83575418e-006, 1, -1.44832389e-005, 0.964182063, 9.68242185e-007, 0.265241306, 0.265241306, -9.0964063e-006, -0.964182062, 1.47918094e-006, 1, -9.02740961e-006, 0, 0, 0, 0, 0, 0, 0, 0.401620264, -0.0285372314, -0.289325659, 0.655595073, 0.580691164, -0.482431565, -0.533447266, 0.80859375, 0.248168945, 0.534145506, 0.0947749678, 0.840084215, 0, -0, 0, 0, 0, 0, 0, 0.430116797, -0.0806178711, -0.24836582, 0.506189278, 0.0359137929, -0.861547103, -0.792480469, -0.374389648, -0.481201172, -0.33981952, 0.926554385, -0.161006565, 0, 1, 1, 1, 
111.975724, 11, 0.1, 0.1, 0.00994138347, 0.359044785, -0.0349694192, 0.964182129, -1.19778546e-006, 0.265241063, 0.265241063, 9.59130981e-006, -0.964182129, -1.38912588e-006, 1, 9.56547141e-006, 0.964182118, -6.03741964e-006, 0.265241104, 0.265241104, 8.41134806e-006, -0.964182118, 3.59013682e-006, 1, 9.71144324e-006, 0, 0, 0, 0, 0, 0, 0, 0.401620264, -0.0285372314, -0.289325659, 0.655595073, 0.580691164, -0.482431565, -0.533447266, 0.80859375, 0.248168945, 0.534145506, 0.0947749678, 0.840084215, 0, -0, 0, 0, 0, 0, 0, 0.430116797, -0.0806178711, -0.24836582, 0.506189278, 0.0359137929, -0.861547103, -0.792480469, -0.374389648, -0.481201172, -0.33981952, 0.926554385, -0.161006565, 0, 1, 1, 1, 
111.976445, 11, 0.1, 0.1, 0.00994138363, 0.359044788, -0.0349703679, 0.964182188, 9.41539522e-006, 0.265240851, 0.265240851, -3.6511438e-006, -0.964182188, -8.10972387e-006, 1, -6.01771526e-006, 0.964182178, 1.7451775e-006, 0.265240884, 0.265240884, -1.23240214e-005, -0.964182178, 1.58616528e-006, 1, -1.23454942e-005, 0, 0, 0, 0, 0, 0, 0, 0.401620264, -0.0285372314, -0.289325659, 0.655595073, 0.580691164, -0.482431565, -0.533447266, 0.80859375, 0.248168945, 0.534145506, 0.0947749678, 0.840084215, 0, -0, 0, 0, 0, 0, 0, 0.430578662, -0.0810990234, -0.24814917, 0.506074439, 0.0352557456, -0.861681264, -0.79296875, -0.373413086, -0.481079102, -0.338726906, 0.926976192, -0.160897923, 0, 1, 1, 1, 
111.977145, 11, 0.1, 0.1, 0.00994138424, 0.359044786, -0.0349708795, 0.964182191, -1.17484803e-005, 0.265240837, 0.265240837, -8.05335197e-006, -0.964182191, 1.34637533e-005, 1, -4.64872178e-006, 0.964182196, -9.03331821e-006, 0.265240821, 0.265240821, 3.24449072e-006, -0.964182196, 7.84919321e-006, 1, 5.52428492e-006, 0, 0, 0, 0, 0, 0, 0, 0.401620264, -0.0285372314, -0.289325659, 0.655595073, 0.580691164, -0.482431565, -0.533447266, 0.80859375, 0.248168945, 0.534145506, 0.0947749678, 0.840084215, 0, -0, 0, 0, 0, 0, 0, 0.430578662, -0.0810990234, -0.24814917, 0.506074439, 0.0352557456, -0.861681264, -0.79296875, -0.373413086, -0.481079102, -0.338726906, 0.926976192, -0.160897923, 0, 1, 1, 1, 
111.977856, 11, 0.1, 0.1, 0.00994138518, 0.359044786, -0.0349709152, 0.964182145, 2.1892032e-006, 0.265241007, 0.265241007, 1.38597812e-005, -0.964182145, -5.78697295e-006, 1, 1.27826871e-005, 0.964182158, 4.24278784e-006, 0.265240957, 0.265240957, 9.02289337e-006, -0.964182158, -6.48406121e-006, 1, 7.5743517e-006, 0, 0, 0, 0, 0, 0, 0, 0.401620264, -0.0285372314, -0.289325659, 0.655595073, 0.580691164, -0.482431565, -0.533447266, 0.80859375, 0.248168945, 0.534145506, 0.0947749678, 0.840084215, 0, -0, 0, 0, 0, 0, 0, 0.430578662, -0.0810990234, -0.24814917, 0.506074439, 0.0352557456, -0.861681264, -0.79296875, -0.373413086, -0.481079102, -0.338726906, 0.926976192, -0.160897923, 0, 1, 1, 1, 
111.978568, 11, 0.1, 0.1, 0.00994138489, 0.359044787, -0.0349703201, 0.964182069, 1.61666449e-006, 0.265241282, 0.265241282, -1.06226315e-005, -0.964182069, 1.25880149e-006, 1, -1.0670957e-005, 0.964182082, 7.12468374e-006, 0.265241235, 0.265241235, -9.58381837e-006, -0.964182082, -4.32746858e-006, 1, -1.11303059e-005, 0, 0, 0, 0, 0, 0, 0, 0.402087622, -0.029022168, -0.289569165, 0.655925697, 0.580043021, -0.482787275, -0.531738281, 0.809204102, 0.249633789, 0.535452652, 0.0930237444, 0.839399003, 0, -0, 0, 0, 0, 0, 0, 0.430578662, -0.0810990234, -0.24814917, 0.506074439, 0.0352557456, -0.861681264, -0.79296875, -0.373413086, -0.481079102, -0.338726906, 0.926976192, -0.160897923, 0, 1, 1, 1, 
111.979315, 11, 0.1, 0.1, 0.00994138582, 0.359044784, -0.0349689871, 0.96418201, -3.5961185e-006, 0.265241496, 0.265241496, 5.30848237e-006, -0.96418201, 2.05928296e-006, 1, 6.07218305e-006, 0.964182023, -5.31475696e-006, 0.265241449, 0.265241449, 1.15880757e-005, -0.964182023, 2.05075513e-006, 1, 1.25827081e-005, 0, 0, 0, 0, 0, 0, 0, 0.402087622, -0.029022168, -0.289569165, 0.655925697, 0.580043021, -0.482787275, -0.531738281, 0.809204102, 0.249633789, 0.535452652, 0.0930237444, 0.839399003, 0, -0, 0, 0, 0, 0, 0, 0.430578662, -0.0810990234, -0.24814917, 0.506074439, 0.0352557456, -0.861681264, -0.79296875, -0.373413086, -0.481079102, -0.338726906, 0.926976192, -0.160897923, 0, 1, 1, 1, 
111.980024, 11, 0.1, 0.1, 0.00994138514, 0.359044786, -0.0349676289, 0.964181955, 2.1818432e-006, 0.265241696, 0.265241696, 6.92092719e-006, -0.964181955, -3.93941231e-006, 1, 6.09431732e-006, 0.964181962, -3.17041972e-007, 0.26524167, 0.26524167, -5.91501832e-006, -0.964181962, 1.87459549e-006, 1, -5.61906122e-006, 0, 0, 0, 0, 0, 0, 0, 0.402087622, -0.029022168, -0.289569165, 0.655925697, 0.580043021, -0.482787275, -0.531738281, 0.809204102, 0.249633789, 0.535452652, 0.0930237444, 0.839399003, 0, -0, 0, 0, 0, 0, 0, 0.430578662, -0.0810990234, -0.24814917, 0.506074439, 0.0352557456, -0.861681264, -0.79296875, -0.373413086, -0.481079102, -0.338726906, 0.926976192, -0.160897923, 0, 1, 1, 1, 
111.98074, 11, 0.1, 0.1, 0.00994138482, 0.359044786, -0.0349668012, 0.964181902, 9.10549984e-006, 0.26524189, 0.26524189, -1.32256069e-005, -0.964181902, -5.27137316e-006, 1, -1.51670508e-005, 0.964181912, 7.48628641e-006, 0.265241852, 0.265241852, -7.71688995e-006, -0.964181912, -5.17129976e-006, 1, -9.42616218e-006, 0, 0, 0, 0, 0, 0, 0, 0.40203916, -0.0290178955, -0.290084619, 0.654797529, 0.580238851, -0.484038255, -0.530151367, 0.809326172, 0.252807617, 0.538473951, 0.091138849, 0.83774326, 0, -0, 0, 0, 0, 0, 0, 0.430578662, -0.0810990234, -0.24814917, 0.506074439, 0.0352557456, -0.861681264, -0.79296875, -0.373413086, -0.481079102, -0.338726906, 0.926976192, -0.160897923, 0, 1, 1, 1, 
111.981456, 11, 0.1, 0.1, 0.00994138472, 0.359044786, -0.0349665098, 0.964181865, -3.0547087e-006, 0.265242024, 0.265242024, 1.02215575e-005, -0.964181865, 2.3410814e-007, 1, 1.06656774e-005, 0.964181873, 2.41655829e-006, 0.265241995, 0.265241995, 1.20154294e-005, -0.964181873, -5.51699819e-006, 1, 1.09440865e-005, 0, 0, 0, 0, 0, 0, 0, 0.40203916, -0.0290178955, -0.290084619, 0.654797529, 0.580238851, -0.484038255, -0.530151367, 0.809326172, 0.252807617, 0.538473951, 0.091138849, 0.83774326, 0, -0, 0, 0, 0, 0, 0, 0.430472461, -0.0813205566, -0.248420264, 0.504483459, 0.0352429858, -0.862607634, -0.793945313, -0.373168945, -0.479736328, -0.338771382, 0.927097594, -0.160258832, 0, 1, 1, 1, 
111.982157, 11, 0.1, 0.1, 0.00994138505, 0.359044789, -0.0349671025, 0.964181818, 2.67229789e-006, 0.265242195, 0.265242195, -5.32906876e-006, -0.964181818, -1.16308714e-006, 1, -5.84699737e-006, 0.964181829, 4.32077517e-006, 0.265242154, 0.265242154, -1.18282751e-005, -0.964181829, -1.02865574e-006, 1, -1.25506597e-005, 0, 0, 0, 0, 0, 0, 0, 0.40203916, -0.0290178955, -0.290084619, 0.654797529, 0.580238851, -0.484038255, -0.530151367, 0.809326172, 0.252807617, 0.538473951, 0.091138849, 0.83774326, 0, -0, 0, 0, 0, 0, 0, 0.430472461, -0.0813205566, -0.248420264, 0.504483459, 0.0352429858, -0.862607634, -0.793945313, -0.373168945, -0.479736328, -0.338771382, 0.927097594, -0.160258832, 0, 1, 1, 1, 
111.982862, 11, 0.1, 0.1, 0.00994138683, 0.359044787, -0.0349683732, 0.964181771, -2.95005886e-006, 0.265242365, 0.265242365, -6.25520303e-006, -0.964181771, 4.50353782e-006, 1, -5.24867215e-006, 0.964181777, -4.89287414e-007, 0.265242343, 0.265242343, 6.79925519e-006, -0.964181777, -1.33168837e-006, 1, 6.68549769e-006, 0, 0, 0, 0, 0, 0, 0, 0.40203916, -0.0290178955, -0.290084619, 0.654797529, 0.580238851, -0.484038255, -0.530151367, 0.809326172, 0.252807617, 0.538473951, 0.091138849, 0.83774326, 0, -0, 0, 0, 0, 0, 0, 0.430472461, -0.0813205566, -0.248420264, 0.504483459, 0.0352429858, -0.862607634, -0.793945313, -0.373168945, -0.479736328, -0.338771382, 0.927097594, -0.160258832, 0, 1, 1, 1, 
111.983559, 11, 0.1, 0.1, 0.00994138788, 0.359044787, -0.0349698143, 0.964181727, -7.60043163e-006, 0.265242525, 0.265242525, 1.08976555e-005, -0.964181727, 4.43767564e-006, 1, 1.25232779e-005, 0.964181736, -6.14403859e-006, 0.265242493, 0.265242493, 5.73907501e-006, -0.964181736, 4.40172323e-006, 1, 7.16317142e-006, 0, 0, 0, 0, 0, 0, 0, 0.40203916, -0.0290178955, -0.290084619, 0.654797529, 0.580238851, -0.484038255, -0.530151367, 0.809326172, 0.252807617, 0.538473951, 0.091138849, 0.83774326, 0, -0, 0, 0, 0, 0, 0, 0.430472461, -0.0813205566, -0.248420264, 0.504483459, 0.0352429858, -0.862607634, -0.793945313, -0.373168945, -0.479736328, -0.338771382, 0.927097594, -0.160258832, 0, 1, 1, 1, 
111.98426, 11, 0.1, 0.1, 0.00994138873, 0.359044788, -0.0349710965, 0.964181697, 2.67542371e-006, 0.265242635, 0.265242635, -8.94841643e-006, -0.964181697, -2.06093021e-007, 1, -9.33753578e-006, 0.964181704, -2.10102559e-006, 0.26524261, 0.26524261, -1.05699694e-005, -0.964181704, 4.82937672e-006, 1, -9.63408963e-006, 0, 0, 0, 0, 0, 0, 0, 0.40203916, -0.0290178955, -0.290084619, 0.654797529, 0.580238851, -0.484038255, -0.530151367, 0.809326172, 0.252807617, 0.538473951, 0.091138849, 0.83774326, 0, -0, 0, 0, 0, 0, 0, 0.430472461, -0.0813205566, -0.248420264, 0.504483459, 0.0352429858, -0.862607634, -0.793945313, -0.373168945, -0.479736328, -0.338771382, 0.927097594, -0.160258832, 0, 1, 1, 1, 
111.984957, 11, 0.1, 0.1, 0.00994138974, 0.359044786, -0.0349718243, 0.964181661, 7.56883089e-006, 0.265242765, 0.265242765, 7.0920932e-006, -0.964181661, -9.17885435e-006, 1, 4.83048857e-006, 0.964181666, -3.1300018e-006, 0.265242747, 0.265242747, 1.01405288e-005, -0.964181666, 3.28188647e-007, 1, 1.06075222e-005, 0, 0, 0, 0, 0, 0, 0, 0.40203916, -0.0290178955, -0.290084619, 0.654797529, 0.580238851, -0.484038255, -0.530151367, 0.809326172, 0.252807617, 0.538473951, 0.091138849, 0.83774326, 0, -0, 0, 0, 0, 0, 0, 0.430472461, -0.0813205566, -0.248420264, 0.504483459, 0.0352429858, -0.862607634, -0.793945313, -0.373168945, -0.479736328, -0.338771382, 0.927097594, -0.160258832, 0, 1, 1, 1, 
111.985683, 11, 0.1, 0.1, 0.00994138903, 0.359044788, -0.0349717026, 0.964181676, -1.39149574e-005, 0.265242712, 0.265242712, 2.26746667e-006, -0.964181676, 1.2815118e-005, 1, 5.87709086e-006, 0.964181667, -5.23140289e-006, 0.265242744, 0.265242744, -6.66794559e-006, -0.964181667, 6.81264694e-006, 1, -5.04151923e-006, 0, 0, 0, 0, 0, 0, 0, 0.402227734, -0.0289676025, -0.289853198, 0.654068133, 0.581291757, -0.483854408, -0.530273438, 0.80859375, 0.254760742, 0.539331027, 0.0899833496, 0.837343365, 0, -0, 0, 0, 0, 0, 0, 0.430472461, -0.0813205566, -0.248420264, 0.50466866, 0.0351598637, -0.862556595, -0.793579102, -0.374023438, -0.479614258, -0.33936563, 0.926720629, -0.160744439, 0, 1, 1, 1, 
111.986387, 11, 0.1, 0.1, 0.00994138981, 0.359044788, -0.0349706967, 0.964181737, 9.25154605e-006, 0.265242488, 0.265242488, -1.01378071e-005, -0.964181737, -6.23119456e-006, 1, -1.22285916e-005, 0.964181721, 8.71667667e-006, 0.265242547, 0.265242547, -4.6924686e-006, -0.964181721, -7.15981798e-006, 1, -6.83642597e-006, 0, 0, 0, 0, 0, 0, 0, 0.402227734, -0.0289676025, -0.289853198, 0.654068133, 0.581291757, -0.483854408, -0.530273438, 0.80859375, 0.254760742, 0.539331027, 0.0899833496, 0.837343365, 0, -0, 0, 0, 0, 0, 0, 0.430918701, -0.0813339844, -0.247980615, 0.50466866, 0.0351598637, -0.862556595, -0.793579102, -0.374023438, -0.479614258, -0.33936563, 0.926720629, -0.160744439, 0, 1, 1, 1, 
111.98709, 11, 0.1, 0.1, 0.00994139367, 0.359044788, -0.0349693257, 0.964181841, -1.06231403e-005, 0.26524211, 0.26524211, 7.37958338e-006, -0.964181841, 8.2852627e-006, 1, 9.93296443e-006, 0.964181817, -1.71202154e-005, 0.265242196, 0.265242196, 6.03821596e-006, -0.964181818, 1.49054107e-005, 1, 1.03629416e-005, 0, 0, 0, 0, 0, 0, 0, 0.402227734, -0.0289676025, -0.289853198, 0.654068133, 0.581291757, -0.483854408, -0.530273438, 0.80859375, 0.254760742, 0.539331027, 0.0899833496, 0.837343365, 0, -0, 0, 0, 0, 0, 0, 0.430918701, -0.0813339844, -0.247980615, 0.50466866, 0.0351598637, -0.862556595, -0.793579102, -0.374023438, -0.479614258, -0.33936563, 0.926720629, -0.160744439, 0, 1, 1, 1, 
111.987799, 11, 0.1, 0.1, 0.00994139205, 0.35904479, -0.0349679649, 0.964181987, -5.91614577e-006, 0.265241581, 0.265241581, -7.88986722e-006, -0.964181987, 7.79696203e-006, 1, -6.03806e-006, 0.964181956, 6.76784325e-006, 0.265241692, 0.265241692, -1.14423364e-005, -0.964181956, -3.49044768e-006, 1, -1.28276085e-005, 0, 0, 0, 0, 0, 0, 0, 0.402227734, -0.0289676025, -0.289853198, 0.654068133, 0.581291757, -0.483854408, -0.530273438, 0.80859375, 0.254760742, 0.539331027, 0.0899833496, 0.837343365, 0, -0, 0, 0, 0, 0, 0, 0.430918701, -0.0813339844, -0.247980615, 0.50466866, 0.0351598637, -0.862556595, -0.793579102, -0.374023438, -0.479614258, -0.33936563, 0.926720629, -0.160744439, 0, 1, 1, 1, 
111.988497, 11, 0.1, 0.1, 0.00994139347, 0.359044789, -0.0349671228, 0.964182169, 1.47450785e-005, 0.265240919, 0.265240919, -2.4922173e-006, -0.964182169, -1.35559038e-005, 1, -6.31394966e-006, 0.964182129, 6.05351635e-006, 0.265241063, 0.265241063, 7.30013658e-006, -0.964182129, -7.77298827e-006, 1, 5.43302012e-006, 0, 0, 0, 0, 0, 0, 0, 0.402227734, -0.0289676025, -0.289853198, 0.654068133, 0.581291757, -0.483854408, -0.530273438, 0.80859375, 0.254760742, 0.539331027, 0.0899833496, 0.837343365, 0, -0, 0, 0, 0, 0, 0, 0.430918701, -0.0813339844, -0.247980615, 0.50466866, 0.0351598637, -0.862556595, -0.793579102, -0.374023438, -0.479614258, -0.33936563, 0.926720629, -0.160744439, 0, 1, 1, 1, 
111.989193, 11, 0.1, 0.1, 0.00994139403, 0.359044789, -0.0349670785, 0.964182383, -1.30170455e-005, 0.265240141, 0.265240141, 9.18682585e-006, -0.964182383, 1.0114091e-005, 1, 1.23104186e-005, 0.964182338, -1.21828426e-005, 0.265240305, 0.265240305, 3.56380237e-006, -0.964182338, 1.08012176e-005, 1, 6.66753619e-006, 0, 0, 0, 0, 0, 0, 0, 0.402227734, -0.0289676025, -0.289853198, 0.654068133, 0.581291757, -0.483854408, -0.530273438, 0.80859375, 0.254760742, 0.539331027, 0.0899833496, 0.837343365, 0, -0, 0, 0, 0, 0, 0, 0.430918701, -0.0813339844, -0.247980615, 0.50466866, 0.0351598637, -0.862556595, -0.793579102, -0.374023438, -0.479614258, -0.33936563, 0.926720629, -0.160744439, 0, 1, 1, 1, 
111.989903, 11, 0.1, 0.1, 0.00994139153, 0.35904479, -0.0349677097, 0.964182629, 9.22023718e-006, 0.265239245, 0.265239245, -1.07398593e-005, -0.964182629, -6.04136035e-006, 1, -1.28007546e-005, 0.964182577, 1.60079658e-005, 0.265239436, 0.265239436, -8.97826646e-006, -0.964182577, -1.30532114e-005, 1, -1.29026319e-005, 0, 0, 0, 0, 0, 0, 0, 0.402227734, -0.0289676025, -0.289853198, 0.654068133, 0.581291757, -0.483854408, -0.530273438, 0.80859375, 0.254760742, 0.539331027, 0.0899833496, 0.837343365, 0, -0, 0, 0, 0, 0, 0, 0.430918701, -0.0813339844, -0.247980615, 0.50466866, 0.0351598637, -0.862556595, -0.793579102, -0.374023438, -0.479614258, -0.33936563, 0.926720629, -0.160744439, 0, 1, 1, 1, 
111.990628, 11, 0.1, 0.1, 0.00994139468, 0.359044789, -0.0349685575, 0.96418291, 3.74188013e-006, 0.265238225, 0.265238225, 6.21373927e-006, -0.96418291, -5.25597805e-006, 1, 4.99869157e-006, 0.964182856, -8.65497544e-006, 0.265238423, 0.265238423, 9.1214336e-006, -0.964182856, 5.92562427e-006, 1, 1.10903619e-005, 0, 0, 0, 0, 0, 0, 0, 0.402237134, -0.0291995117, -0.289627881, 0.654201805, 0.581202268, -0.483791129, -0.529174805, 0.808837891, 0.255981445, 0.540174999, 0.0886380119, 0.836962567, 0, -0, 0, 0, 0, 0, 0, 0.431126807, -0.0815938477, -0.247777637, 0.504598297, 0.0346997769, -0.862588678, -0.793457031, -0.374755859, -0.479248047, -0.339863996, 0.926426787, -0.16160701, 0, 1, 1, 1, 
111.991328, 11, 0.1, 0.1, 0.00994139422, 0.359044791, -0.0349694372, 0.964183202, -1.38814257e-005, 0.265237163, 0.265237163, 2.33159457e-006, -0.964183202, 1.2765812e-005, 1, 5.9299543e-006, 0.964183143, -6.00249919e-006, 0.26523738, 0.26523738, -7.05848574e-006, -0.964183143, 7.65968279e-006, 1, -5.21358581e-006, 0, 0, 0, 0, 0, 0, 0, 0.402237134, -0.0291995117, -0.289627881, 0.654201805, 0.581202268, -0.483791129, -0.529174805, 0.808837891, 0.255981445, 0.540174999, 0.0886380119, 0.836962567, 0, -0, 0, 0, 0, 0, 0, 0.431126807, -0.0815938477, -0.247777637, 0.504598297, 0.0346997769, -0.862588678, -0.793457031, -0.374755859, -0.479248047, -0.339863996, 0.926426787, -0.16160701, 0, 1, 1, 1, 
111.992028, 11, 0.1, 0.1, 0.00994139427, 0.35904479, -0.034970289, 0.96418351, 1.26738899e-005, 0.265236042, 0.265236043, -7.08560414e-006, -0.96418351, -1.0340598e-005, 1, -1.01933951e-005, 0.964183448, 1.15670404e-005, 0.265236269, 0.265236269, -2.15630561e-006, -0.964183448, -1.05808184e-005, 1, -5.14707282e-006, 0, 0, 0, 0, 0, 0, 0, 0.402237134, -0.0291995117, -0.289627881, 0.654201805, 0.581202268, -0.483791129, -0.529174805, 0.808837891, 0.255981445, 0.540174999, 0.0886380119, 0.836962567, 0, -0, 0, 0, 0, 0, 0, 0.431126807, -0.0815938477, -0.247777637, 0.504598297, 0.0346997769, -0.862588678, -0.793457031, -0.374755859, -0.479248047, -0.339863996, 0.926426787, -0.16160701, 0, 1, 1, 1, 
111.992742, 11, 0.1, 0.1, 0.00994139665, 0.359044789, -0.0349707809, 0.964183837, -6.47657353e-006, 0.265234857, 0.265234857, 9.60801074e-006, -0.964183837, 3.69622816e-006, 1, 1.09817017e-005, 0.964183766, -1.27932927e-005, 0.265235113, 0.265235113, 8.53857904e-006, -0.964183766, 1.00703542e-005, 1, 1.16259897e-005, 0, 0, 0, 0, 0, 0, 0, 0.402237134, -0.0291995117, -0.289627881, 0.655534038, 0.580548135, -0.482832581, -0.528564453, 0.809448242, 0.255737305, 0.539222442, 0.0876292891, 0.837552299, 0, -0, 0, 0, 0, 0, 0, 0.431126807, -0.0815938477, -0.247777637, 0.504598297, 0.0346997769, -0.862588678, -0.793457031, -0.374755859, -0.479248047, -0.339863996, 0.926426787, -0.16160701, 0, 1, 1, 1, 
111.993468, 11, 0.1, 0.1, 0.0099413938, 0.359044791, -0.0349704049, 0.964184179, -2.97019646e-006, 0.265233612, 0.265233612, -7.20326878e-006, -0.964184179, 4.77436543e-006, 1, -6.15748186e-006, 0.964184112, 9.4945808e-006, 0.265233855, 0.265233855, -9.79565713e-006, -0.964184112, -6.55638406e-006, 1, -1.19631012e-005, 0, 0, 0, 0, 0, 0, 0, 0.403195288, -0.0299057373, -0.289130615, 0.655534038, 0.580548135, -0.482832581, -0.528564453, 0.809448242, 0.255737305, 0.539222442, 0.0876292891, 0.837552299, 0, -0, 0, 0, 0, 0, 0, 0.432124512, -0.0821133301, -0.247086914, 0.506016837, 0.0335944027, -0.861828552, -0.79284668, -0.375, -0.480224609, -0.339346674, 0.92643335, -0.16300003, 0, 1, 1, 1, 
111.994173, 11, 0.1, 0.1, 0.00994139521, 0.35904479, -0.0349696676, 0.964184525, 1.19532467e-005, 0.265232355, 0.265232355, -4.497935e-006, -0.964184525, -1.03321376e-005, 1, -7.5072271e-006, 0.964184456, 4.62210698e-006, 0.265232605, 0.265232605, 4.99042484e-006, -0.964184456, -5.78018708e-006, 1, 3.58575658e-006, 0, 0, 0, 0, 0, 0, 0, 0.403195288, -0.0299057373, -0.289130615, 0.655534038, 0.580548135, -0.482832581, -0.528564453, 0.809448242, 0.255737305, 0.539222442, 0.0876292891, 0.837552299, 0, -0, 0, 0, 0, 0, 0, 0.432124512, -0.0821133301, -0.247086914, 0.506016837, 0.0335944027, -0.861828552, -0.79284668, -0.375, -0.480224609, -0.339346674, 0.92643335, -0.16300003, 0, 1, 1, 1, 
111.994881, 11, 0.1, 0.1, 0.00994139691, 0.359044791, -0.0349689126, 0.964184881, -1.58115743e-005, 0.265231061, 0.265231061, 6.82309048e-006, -0.964184881, 1.34355854e-005, 1, 1.07724413e-005, 0.964184805, -1.48573455e-005, 0.265231337, 0.265231338, 1.06306167e-006, -0.964184805, 1.40432695e-005, 1, 4.96562153e-006, 0, 0, 0, 0, 0, 0, 0, 0.403195288, -0.0299057373, -0.289130615, 0.655534038, 0.580548135, -0.482832581, -0.528564453, 0.809448242, 0.255737305, 0.539222442, 0.0876292891, 0.837552299, 0, -0, 0, 0, 0, 0, 0, 0.432124512, -0.0821133301, -0.247086914, 0.506016837, 0.0335944027, -0.861828552, -0.79284668, -0.375, -0.480224609, -0.339346674, 0.92643335, -0.16300003, 0, 1, 1, 1, 
111.995581, 11, 0.1, 0.1, 0.0099413956, 0.359044792, -0.0349682779, 0.964185242, 6.27440329e-006, 0.265229746, 0.265229746, -1.00669827e-005, -0.964185242, -3.37962379e-006, 1, -1.13705945e-005, 0.964185171, 1.23082827e-005, 0.265230006, 0.265230007, -9.23622207e-006, -0.964185171, -9.41774045e-006, 1, -1.21699543e-005, 0, 0, 0, 0, 0, 0, 0, 0.403195288, -0.0299057373, -0.289130615, 0.655534038, 0.580548135, -0.482832581, -0.528564453, 0.809448242, 0.255737305, 0.539222442, 0.0876292891, 0.837552299, 0, -0, 0, 0, 0, 0, 0, 0.432124512, -0.0821133301, -0.247086914, 0.506016837, 0.0335944027, -0.861828552, -0.79284668, -0.375, -0.480224609, -0.339346674, 0.92643335, -0.16300003, 0, 1, 1, 1, 
111.996282, 11, 0.1, 0.1, 0.00994139881, 0.35904479, -0.0349680386, 0.964185612, 4.10798965e-006, 0.265228402, 0.265228402, 7.90609097e-006, -0.964185612, -6.05778438e-006, 1, 6.53338364e-006, 0.964185538, -9.04189372e-006, 0.26522867, 0.26522867, 1.08737281e-005, -0.964185538, 5.83403873e-006, 1, 1.28824608e-005, 0, 0, 0, 0, 0, 0, 0, 0.403195288, -0.0299057373, -0.289130615, 0.655534038, 0.580548135, -0.482832581, -0.528564453, 0.809448242, 0.255737305, 0.539222442, 0.0876292891, 0.837552299, 0, -0, 0, 0, 0, 0, 0, 0.432124512, -0.0821133301, -0.247086914, 0.506016837, 0.0335944027, -0.861828552, -0.79284668, -0.375, -0.480224609, -0.339346674, 0.92643335, -0.16300003, 0, 1, 1, 1, 
111.996983, 11, 0.1, 0.1, 0.00994139789, 0.359044792, -0.0349682046, 0.964185995, -1.2925085e-005, 0.265227011, 0.265227011, 2.97355715e-006, -0.964185995, 1.16735182e-005, 1, 6.29514382e-006, 0.964185918, -4.88406424e-006, 0.265227291, 0.265227291, -6.48668144e-006, -0.964185918, 6.42959091e-006, 1, -4.95897977e-006, 0, 0, 0, 0, 0, 0, 0, 0.403195288, -0.0299057373, -0.289130615, 0.655534038, 0.580548135, -0.482832581, -0.528564453, 0.809448242, 0.255737305, 0.539222442, 0.0876292891, 0.837552299, 0, -0, 0, 0, 0, 0, 0, 0.432124512, -0.0821133301, -0.247086914, 0.506016837, 0.0335944027, -0.861828552, -0.79284668, -0.375, -0.480224609, -0.339346674, 0.92643335, -0.16300003, 0, 1, 1, 1, 
111.99772, 11, 0.1, 0.1, 0.00994139688, 0.359044792, -0.034968557, 0.964186403, 1.59064606e-005, 0.265225525, 0.265225526, -1.14019438e-005, -0.964186403, -1.23127065e-005, 1, -1.52123985e-005, 0.964186317, 1.5061716e-005, 0.265225839, 0.265225839, -5.12750271e-006, -0.964186317, -1.31623542e-005, 1, -8.93862422e-006, 0, 0, 0, 0, 0, 0, 0, 0.403738818, -0.0308983154, -0.288657764, 0.657488204, 0.578625047, -0.482356302, -0.527099609, 0.810913086, 0.254150391, 0.538294973, 0.0871923247, 0.838218416, 0, -0, 0, 0, 0, 0, 0, 0.432124512, -0.0821133301, -0.247086914, 0.507627141, 0.0318820205, -0.860870466, -0.792236328, -0.37512207, -0.481079102, -0.338318225, 0.926376114, -0.1651087, 0, 1, 1, 1, 
111.998418, 11, 0.1, 0.1, 0.00994139879, 0.359044792, -0.0349688244, 0.964186798, -6.54073765e-006, 0.265224092, 0.265224092, 7.27491697e-006, -0.964186798, 4.37700964e-006, 1, 8.74914011e-006, 0.964186719, -1.24391065e-005, 0.265224377, 0.265224377, 5.64406429e-006, -0.964186719, 1.04966779e-005, 1, 8.74108611e-006, 0, 0, 0, 0, 0, 0, 0, 0.403738818, -0.0308983154, -0.288657764, 0.657488204, 0.578625047, -0.482356302, -0.527099609, 0.810913086, 0.254150391, 0.538294973, 0.0871923247, 0.838218416, 0, -0, 0, 0, 0, 0, 0, 0.432922412, -0.0828975586, -0.246398145, 0.507627141, 0.0318820205, -0.860870466, -0.792236328, -0.37512207, -0.481079102, -0.338318225, 0.926376114, -0.1651087, 0, 1, 1, 1, 
111.99912, 11, 0.1, 0.1, 0.00994139631, 0.359044794, -0.0349692787, 0.964187197, -3.78699699e-006, 0.265222642, 0.265222642, -6.48048976e-006, -0.964187197, 5.37014663e-006, 1, -5.24400791e-006, 0.964187119, 8.6386315e-006, 0.265222925, 0.265222925, -9.90829443e-006, -0.964187119, -5.70135039e-006, 1, -1.1844613e-005, 0, 0, 0, 0, 0, 0, 0, 0.403738818, -0.0308983154, -0.288657764, 0.657488204, 0.578625047, -0.482356302, -0.527099609, 0.810913086, 0.254150391, 0.538294973, 0.0871923247, 0.838218416, 0, -0, 0, 0, 0, 0, 0, 0.432922412, -0.0828975586, -0.246398145, 0.507627141, 0.0318820205, -0.860870466, -0.792236328, -0.37512207, -0.481079102, -0.338318225, 0.926376114, -0.1651087, 0, 1, 1, 1, 
111.999823, 11, 0.1, 0.1, 0.00994139763, 0.359044792, -0.0349697258, 0.964187602, 1.26499178e-005, 0.265221169, 0.265221169, -6.71434119e-007, -0.964187602, -1.20188154e-005, 1, -4.00241445e-006, 0.964187519, 4.88928297e-006, 0.265221469, 0.265221469, 8.48393692e-006, -0.964187519, -6.96430783e-006, 1, 6.88336328e-006, 0, 0, 0, 0, 0, 0, 0, 0.403738818, -0.0308983154, -0.288657764, 0.657488204, 0.578625047, -0.482356302, -0.527099609, 0.810913086, 0.254150391, 0.538294973, 0.0871923247, 0.838218416, 0, -0, 0, 0, 0, 0, 0, 0.432922412, -0.0828975586, -0.246398145, 0.507627141, 0.0318820205, -0.860870466, -0.792236328, -0.37512207, -0.481079102, -0.338318225, 0.926376114, -0.1651087, 0, 1, 1, 1, 
112.000529, 11, 0.1, 0.1, 0.0099413988, 0.359044792, -0.0349699936, 0.96418801, -1.44661048e-005, 0.265219685, 0.265219685, 1.0148487e-005, -0.96418801, 1.12564663e-005, 1, 1.36217452e-005, 0.964187928, -1.34333328e-005, 0.265219985, 0.265219985, 4.88695867e-006, -0.964187928, 1.16561382e-005, 1, 8.27473487e-006, 0, 0, 0, 0, 0, 0, 0, 0.403738818, -0.0308983154, -0.288657764, 0.657488204, 0.578625047, -0.482356302, -0.527099609, 0.810913086, 0.254150391, 0.538294973, 0.0871923247, 0.838218416, 0, -0, 0, 0, 0, 0, 0, 0.432922412, -0.0828975586, -0.246398145, 0.507627141, 0.0318820205, -0.860870466, -0.792236328, -0.37512207, -0.481079102, -0.338318225, 0.926376114, -0.1651087, 0, 1, 1, 1, 
