time, trialNum, realDorsalTactorPos, realVentralTactorPos, boxPosX, boxPosY, boxPosZ, boxLocalRot_11, boxLocalRot_12, boxLocalRot_13, boxLocalRot_21, boxLocalRot_22, boxLocalRot_23, boxLocalRot_31, boxLocalRot_32, boxLocalRot_33, boxGlobalRot_11, boxGlobalRot_12, boxGlobalRot_13, boxGlobalRot_21, boxGlobalRot_22, boxGlobalRot_23, boxGlobalRot_31, boxGlobalRot_32, boxGlobalRot_33, indexForceX, indexForceY, indexForceZ, indexForceGlobalX, indexForceGlobalY, indexForceGlobalZ, indexContact, indexPosX, indexPosY, indexPosZ, indexRot_11, indexRot_12, indexRot_13, indexRot_21, indexRot_22, indexRot_23, indexRot_31, indexRot_32, indexRot_33, thumbForceX, thumbForceY, thumbForceZ, thumbForceGlobalX, thumbForceGlobalY, thumbForceGlobalZ, thumbContact, thumbPosX, thumbPosY, thumbPosZ, thumbRot_11, thumbRot_12, thumbRot_13, thumbRot_21, thumbRot_22, thumbRot_23, thumbRot_31, thumbRot_32, thumbRot_33, manipForceTooHigh, cceExpType, mapping, trialSuccess, 
146.558769, 13, 0.1, 0.1, 0.0288540308, 0.3796473, -0.0349823179, 0.915151439, 3.17084549e-006, 0.403110212, 0.403110212, 6.01051348e-006, -0.915151439, -5.32470317e-006, 1, 4.22232986e-006, 0.915151461, 3.91180145e-006, 0.403110162, 0.403110162, 5.12467631e-006, -0.915151461, -5.64569991e-006, 1, 3.1129681e-006, 0, 0, 0, 0, 0, 0, 0, 0.269933374, -0.0741072021, -0.196646362, -0.233941875, 0.538109449, -0.809649746, -0.865600586, 0.263793945, 0.425415039, 0.442557889, 0.800555229, 0.404216711, 0, 0, -0, 0, 0, 0, 0, 0.352364014, -0.0374570801, -0.158089844, 0.250089015, 0.294892703, -0.922180211, 0.23840332, -0.941772461, -0.236572266, -0.938349542, -0.160606898, -0.305833138, 0, 1, 1, 1, 
146.578792, 13, 0.1, 0.1, 0.0288539104, 0.379646582, -0.0349705778, 0.915152182, -5.29951925e-006, 0.403108527, 0.403108527, 2.07355545e-006, -0.915152182, 4.01399872e-006, 1, 4.03390019e-006, 0.915152211, 3.98520594e-006, 0.403108461, 0.403108461, -3.32066738e-006, -0.915152211, -2.30848092e-006, 1, -4.64538632e-006, 0, 0, 0, 0, 0, 0, 0, 0.275683594, -0.0867668945, -0.192081201, -0.255075975, 0.525222579, -0.811803107, -0.874267578, 0.233154297, 0.425537109, 0.412906156, 0.818292485, 0.399984869, 0, 0, -0, 0, 0, 0, 0, 0.356346289, -0.0472835449, -0.153419336, 0.23738779, 0.302822784, -0.922965857, 0.27355957, -0.932495117, -0.235595703, -0.931951704, -0.196350741, -0.304197315, 0, 1, 1, 1, 
146.579495, 13, 0.1, 0.1, 0.0288539054, 0.379646561, -0.0349728198, 0.915152055, 9.97362619e-006, 0.403108813, 0.403108813, 2.15141783e-006, -0.915152056, -9.99463999e-006, 1, -2.05158216e-006, 0.915152079, 1.25446908e-005, 0.403108759, 0.403108759, 4.09343763e-007, -0.915152079, -1.16453099e-005, 1, -4.68226295e-006, 0, 0, 0, 0, 0, 0, 0, 0.275683594, -0.0867668945, -0.192081201, -0.255075975, 0.525222579, -0.811803107, -0.874267578, 0.233154297, 0.425537109, 0.412906156, 0.818292485, 0.399984869, 0, 0, -0, 0, 0, 0, 0, 0.356346289, -0.0472835449, -0.153419336, 0.23738779, 0.302822784, -0.922965857, 0.27355957, -0.932495117, -0.235595703, -0.931951704, -0.196350741, -0.304197315, 0, 1, 1, 1, 
146.580202, 13, 0.1, 0.1, 0.0288539048, 0.379646541, -0.0349738573, 0.915151904, -6.71288219e-006, 0.403109157, 0.403109157, -7.73277227e-006, -0.915151904, 9.26045823e-006, 1, -4.37063699e-006, 0.915151939, -1.17187338e-005, 0.403109077, 0.403109077, -7.50365797e-006, -0.915151939, 1.37492146e-005, 1, -2.14305918e-006, 0, 0, 0, 0, 0, 0, 0, 0.275683594, -0.0867668945, -0.192081201, -0.255075975, 0.525222579, -0.811803107, -0.874267578, 0.233154297, 0.425537109, 0.412906156, 0.818292485, 0.399984869, 0, 0, -0, 0, 0, 0, 0, 0.356346289, -0.0472835449, -0.153419336, 0.23738779, 0.302822784, -0.922965857, 0.27355957, -0.932495117, -0.235595703, -0.931951704, -0.196350741, -0.304197315, 0, 1, 1, 1, 
146.580969, 13, 0.1, 0.1, 0.0288539013, 0.379646518, -0.034972968, 0.915151683, -1.19474172e-006, 0.403109659, 0.403109658, -5.14444581e-006, -0.915151683, 3.16714568e-006, 1, -4.22633631e-006, 0.915151731, -4.2700634e-006, 0.40310955, 0.40310955, 2.85439109e-006, -0.915151731, 2.7571236e-006, 1, 4.33350428e-006, 0, 0, 0, 0, 0, 0, 0, 0.275683594, -0.0867668945, -0.192081201, -0.255075975, 0.525222579, -0.811803107, -0.874267578, 0.233154297, 0.425537109, 0.412906156, 0.818292485, 0.399984869, 0, 0, -0, 0, 0, 0, 0, 0.356346289, -0.0472835449, -0.153419336, 0.23738779, 0.302822784, -0.922965857, 0.27355957, -0.932495117, -0.235595703, -0.931951704, -0.196350741, -0.304197315, 0, 1, 1, 1, 
146.581681, 13, 0.1, 0.1, 0.0288538983, 0.379646499, -0.0349706277, 0.915151463, -1.0496849e-006, 0.403110158, 0.403110158, 2.51909356e-006, -0.915151463, -5.48515236e-008, 1, 2.7284908e-006, 0.915151505, -6.98953207e-006, 0.403110064, 0.403110064, 3.41472851e-006, -0.915151505, 5.01996936e-006, 1, 5.94254465e-006, 0, 0, 0, 0, 0, 0, 0, 0.275683594, -0.0867668945, -0.192081201, -0.255075975, 0.525222579, -0.811803107, -0.874267578, 0.233154297, 0.425537109, 0.412906156, 0.818292485, 0.399984869, 0, 0, -0, 0, 0, 0, 0, 0.356346289, -0.0472835449, -0.153419336, 0.23738779, 0.302822784, -0.922965857, 0.27355957, -0.932495117, -0.235595703, -0.931951704, -0.196350741, -0.304197315, 0, 1, 1, 1, 
146.582384, 13, 0.1, 0.1, 0.0288538946, 0.37964648, -0.0349680268, 0.915151276, -5.86187581e-006, 0.403110583, 0.403110583, 4.54194529e-006, -0.915151276, 3.53359691e-006, 1, 6.51955121e-006, 0.915151312, -4.2644818e-006, 0.403110501, 0.403110501, 2.25789924e-006, -0.915151312, 2.99246322e-006, 1, 3.78537685e-006, 0, 0, 0, 0, 0, 0, 0, 0.275683594, -0.0867668945, -0.192081201, -0.255075975, 0.525222579, -0.811803107, -0.874267578, 0.233154297, 0.425537109, 0.412906156, 0.818292485, 0.399984869, 0, 0, -0, 0, 0, 0, 0, 0.356346289, -0.0472835449, -0.153419336, 0.23738779, 0.302822784, -0.922965857, 0.27355957, -0.932495117, -0.235595703, -0.931951704, -0.196350741, -0.304197315, 0, 1, 1, 1, 
146.583116, 13, 0.1, 0.1, 0.0288538914, 0.379646461, -0.0349657823, 0.915151135, -2.19796981e-006, 0.403110902, 0.403110902, 5.56631813e-006, -0.915151135, -2.32368958e-007, 1, 5.98004795e-006, 0.915151159, -3.84288348e-006, 0.403110849, 0.403110849, -6.65626853e-006, -0.915151159, 6.20003333e-006, 1, -4.54238383e-006, 0, 0, 0, 0, 0, 0, 0, 0.275683594, -0.0867668945, -0.192081201, -0.255075975, 0.525222579, -0.811803107, -0.874267578, 0.233154297, 0.425537109, 0.412906156, 0.818292485, 0.399984869, 0, 0, -0, 0, 0, 0, 0, 0.356346289, -0.0472835449, -0.153419336, 0.23738779, 0.302822784, -0.922965857, 0.27355957, -0.932495117, -0.235595703, -0.931951704, -0.196350741, -0.304197315, 0, 1, 1, 1, 
146.58388, 13, 0.1, 0.1, 0.0288538874, 0.37964644, -0.0349637684, 0.915151046, -1.2080858e-006, 0.403111106, 0.403111106, -5.40369957e-006, -0.915151046, 3.28387229e-006, 1, -4.4582085e-006, 0.915151055, 9.3749972e-007, 0.403111084, 0.403111084, -8.72682657e-006, -0.915151055, 2.65992666e-006, 1, -8.36428108e-006, 0, 0, 0, 0, 0, 0, 0, 0.276642334, -0.0885984863, -0.191395239, -0.257889462, 0.524201873, -0.811504684, -0.875488281, 0.228271484, 0.42578125, 0.408408091, 0.820431619, 0.400308379, 0, 0, -0, 0, 0, 0, 0, 0.357140137, -0.0485902832, -0.152736426, 0.235560569, 0.304962437, -0.922697534, 0.278930664, -0.930664063, -0.236450195, -0.930916326, -0.201526533, -0.304414598, 0, 1, 1, 1, 
146.584592, 13, 0.1, 0.1, 0.0288538846, 0.37964642, -0.0349635131, 0.915150986, 3.94037697e-006, 0.40311124, 0.40311124, -6.52232793e-006, -0.915150986, -9.76816171e-007, 1, -7.55732509e-006, 0.915151005, -3.20235599e-006, 0.403111199, 0.403111199, -6.15910305e-006, -0.915151005, 5.41344271e-006, 1, -4.34560378e-006, 0, 0, 0, 0, 0, 0, 0, 0.276642334, -0.0885984863, -0.191395239, -0.257889462, 0.524201873, -0.811504684, -0.875488281, 0.228271484, 0.42578125, 0.408408091, 0.820431619, 0.400308379, 0, 0, -0, 0, 0, 0, 0, 0.357140137, -0.0485902832, -0.152736426, 0.235560569, 0.304962437, -0.922697534, 0.278930664, -0.930664063, -0.236450195, -0.930916326, -0.201526533, -0.304414598, 0, 1, 1, 1, 
146.585297, 13, 0.1, 0.1, 0.0288538817, 0.379646401, -0.0349648676, 0.9151509, 1.23811364e-005, 0.403111437, 0.403111437, 1.16758936e-006, -0.9151509, -1.18012767e-005, 1, -3.92245721e-006, 0.915150915, -2.53854596e-006, 0.403111403, 0.403111403, 5.14703074e-006, -0.915150915, 2.48325876e-007, 1, 5.73362671e-006, 0, 0, 0, 0, 0, 0, 0, 0.276642334, -0.0885984863, -0.191395239, -0.257889462, 0.524201873, -0.811504684, -0.875488281, 0.228271484, 0.42578125, 0.408408091, 0.820431619, 0.400308379, 0, 0, -0, 0, 0, 0, 0, 0.357140137, -0.0485902832, -0.152736426, 0.235560569, 0.304962437, -0.922697534, 0.278930664, -0.930664063, -0.236450195, -0.930916326, -0.201526533, -0.304414598, 0, 1, 1, 1, 
146.586216, 13, 0.1, 0.1, 0.0288538789, 0.379646375, -0.0349664294, 0.915150769, -2.32286822e-005, 0.403111734, 0.403111734, -4.17787448e-006, -0.915150769, 2.29418966e-005, 1, 5.5403693e-006, 0.915150811, -1.74507909e-005, 0.403111639, 0.403111639, 4.6234136e-006, -0.915150811, 1.41063536e-005, 1, 1.12657376e-005, 0, 0, 0, 0, 0, 0, 0, 0.277366846, -0.0906695557, -0.190726123, -0.260994258, 0.522882745, -0.811479597, -0.876220703, 0.224487305, 0.426391602, 0.405192084, 0.822247244, 0.399686446, 0, 0, -0, 0, 0, 0, 0, 0.357140137, -0.0485902832, -0.152736426, 0.233624707, 0.306431283, -0.922748573, 0.283447266, -0.929199219, -0.236816406, -0.930015109, -0.206159117, -0.303928992, 0, 1, 1, 1, 
146.586923, 13, 0.1, 0.1, 0.0288538753, 0.379646357, -0.0349669178, 0.915150585, 2.21678176e-005, 0.403112151, 0.403112151, 1.68443144e-005, -0.915150585, -2.7077039e-005, 1, 6.47896753e-006, 0.915150621, 1.29763701e-005, 0.403112069, 0.403112069, 9.90330176e-006, -0.915150621, -1.58674737e-005, 1, 3.83208135e-006, 0, 0, 0, 0, 0, 0, 0, 0.277366846, -0.0906695557, -0.190726123, -0.260994258, 0.522882745, -0.811479597, -0.876220703, 0.224487305, 0.426391602, 0.405192084, 0.822247244, 0.399686446, 0, 0, -0, 0, 0, 0, 0, 0.357700732, -0.0501532227, -0.152059863, 0.233624707, 0.306431283, -0.922748573, 0.283447266, -0.929199219, -0.236816406, -0.930015109, -0.206159117, -0.303928992, 0, 1, 1, 1, 
146.58763, 13, 0.1, 0.1, 0.028853867, 0.379646338, -0.0349681102, 0.915150466, -1.34247218e-005, 0.403112422, 0.403112422, -1.00351649e-006, -0.915150466, 1.26901704e-005, 1, 4.49330356e-006, 0.91515048, 8.48881781e-006, 0.403112389, 0.403112389, -1.2934904e-006, -0.91515048, -7.24712369e-006, 1, -4.60568599e-006, 0, 0, 0, 0, 0, 0, 0, 0.277366846, -0.0906695557, -0.190726123, -0.260994258, 0.522882745, -0.811479597, -0.876220703, 0.224487305, 0.426391602, 0.405192084, 0.822247244, 0.399686446, 0, 0, -0, 0, 0, 0, 0, 0.357700732, -0.0501532227, -0.152059863, 0.233624707, 0.306431283, -0.922748573, 0.283447266, -0.929199219, -0.236816406, -0.930015109, -0.206159117, -0.303928992, 0, 1, 1, 1, 
146.588387, 13, 0.1, 0.1, 0.0288538722, 0.379646322, -0.0349693219, 0.915150337, -9.58380009e-006, 0.403112714, 0.403112714, -6.94683939e-006, -0.915150337, 1.15709772e-005, 1, -2.49405075e-006, 0.915150369, -1.98482843e-005, 0.403112641, 0.403112641, -1.55414413e-005, -0.915150369, 2.44291161e-005, 1, -6.22166141e-006, 0, 0, 0, 0, 0, 0, 0, 0.277366846, -0.0906695557, -0.190726123, -0.260994258, 0.522882745, -0.811479597, -0.876220703, 0.224487305, 0.426391602, 0.405192084, 0.822247244, 0.399686446, 0, 0, -0, 0, 0, 0, 0, 0.357700732, -0.0501532227, -0.152059863, 0.233624707, 0.306431283, -0.922748573, 0.283447266, -0.929199219, -0.236816406, -0.930015109, -0.206159117, -0.303928992, 0, 1, 1, 1, 
146.589099, 13, 0.1, 0.1, 0.0288538644, 0.379646301, -0.0349699996, 0.915150211, 1.37117471e-005, 0.403113, 0.403113, 2.92342125e-006, -0.915150211, -1.37267774e-005, 1, -2.85201395e-006, 0.915150228, 1.9191599e-005, 0.403112961, 0.403112961, 7.56344705e-006, -0.915150229, -2.06121198e-005, 1, -8.14692003e-007, 0, 0, 0, 0, 0, 0, 0, 0.277366846, -0.0906695557, -0.190726123, -0.260994258, 0.522882745, -0.811479597, -0.876220703, 0.224487305, 0.426391602, 0.405192084, 0.822247244, 0.399686446, 0, 0, -0, 0, 0, 0, 0, 0.357700732, -0.0501532227, -0.152059863, 0.233624707, 0.306431283, -0.922748573, 0.283447266, -0.929199219, -0.236816406, -0.930015109, -0.206159117, -0.303928992, 0, 1, 1, 1, 
146.589803, 13, 0.1, 0.1, 0.0288538677, 0.379646286, -0.0349703633, 0.915150137, -2.72040361e-005, 0.403113169, 0.403113168, -9.49920233e-006, -0.915150137, 2.87250309e-005, 1, 2.27310886e-006, 0.915150151, -2.74935163e-005, 0.403113137, 0.403113136, -1.28647789e-005, -0.915150151, 3.0346657e-005, 1, -6.90206745e-007, 0, 0, 0, 0, 0, 0, 0, 0.277366846, -0.0906695557, -0.190726123, -0.260994258, 0.522882745, -0.811479597, -0.876220703, 0.224487305, 0.426391602, 0.405192084, 0.822247244, 0.399686446, 0, 0, -0, 0, 0, 0, 0, 0.357700732, -0.0501532227, -0.152059863, 0.233624707, 0.306431283, -0.922748573, 0.283447266, -0.929199219, -0.236816406, -0.930015109, -0.206159117, -0.303928992, 0, 1, 1, 1, 
146.590543, 13, 0.1, 0.1, 0.0288538621, 0.379646268, -0.0349703293, 0.915150097, 2.81146168e-005, 0.403113258, 0.403113258, 2.06357688e-006, -0.915150098, -2.65609495e-005, 1, -9.44489219e-006, 0.9151501, 2.20470932e-005, 0.403113253, 0.403113253, 1.71889037e-006, -0.9151501, -2.0869307e-005, 1, -7.31443275e-006, 0, 0, 0, 0, 0, 0, 0, 0.277366846, -0.0906695557, -0.190726123, -0.260994258, 0.522882745, -0.811479597, -0.876220703, 0.224487305, 0.426391602, 0.405192084, 0.822247244, 0.399686446, 0, 0, -0, 0, 0, 0, 0, 0.357700732, -0.0501532227, -0.152059863, 0.233624707, 0.306431283, -0.922748573, 0.283447266, -0.929199219, -0.236816406, -0.930015109, -0.206159117, -0.303928992, 0, 1, 1, 1, 
146.591292, 13, 0.1, 0.1, 0.0288538573, 0.379646248, -0.0349690394, 0.915150043, -1.82278578e-005, 0.403113382, 0.403113381, -1.28815659e-005, -0.915150043, 2.18739564e-005, 1, -4.44067217e-006, 0.915150065, -1.19555222e-005, 0.403113332, 0.403113332, -1.07001557e-006, -0.915150065, 1.13724345e-005, 1, 3.84020558e-006, 0, 0, 0, 0, 0, 0, 0, 0.277803784, -0.0925364258, -0.190265967, -0.265317833, 0.521157731, -0.811150095, -0.876586914, 0.219848633, 0.427978516, 0.401303969, 0.824621522, 0.398645522, 0, 0, -0, 0, 0, 0, 0, 0.357955078, -0.0515263672, -0.151609473, 0.230474828, 0.307599723, -0.923144494, 0.288452148, -0.927612305, -0.237182617, -0.92924149, -0.211436988, -0.302497693, 0, 1, 1, 1, 
146.591999, 13, 0.1, 0.1, 0.0288538578, 0.379646233, -0.034967952, 0.915149963, 1.37151314e-005, 0.403113563, 0.403113563, 9.14655477e-006, -0.915149963, -1.62385022e-005, 1, 2.8417138e-006, 0.91514997, -4.64771499e-006, 0.403113549, 0.403113549, 5.03890434e-006, -0.915149969, 2.22210562e-006, 1, 6.48491004e-006, 0, 0, 0, 0, 0, 0, 0, 0.277803784, -0.0925364258, -0.190265967, -0.265317833, 0.521157731, -0.811150095, -0.876586914, 0.219848633, 0.427978516, 0.401303969, 0.824621522, 0.398645522, 0, 0, -0, 0, 0, 0, 0, 0.357955078, -0.0515263672, -0.151609473, 0.230474828, 0.307599723, -0.923144494, 0.288452148, -0.927612305, -0.237182617, -0.92924149, -0.211436988, -0.302497693, 0, 1, 1, 1, 
146.592703, 13, 0.1, 0.1, 0.0288538461, 0.379646213, -0.0349673772, 0.915149964, 8.09498419e-006, 0.40311356, 0.40311356, 7.08060419e-006, -0.915149964, -1.02624121e-005, 1, 3.21661677e-006, 0.915149969, 2.15600737e-005, 0.403113549, 0.403113548, 1.07341428e-005, -0.91514997, -2.40577792e-005, 1, 1.13219268e-006, 0, 0, 0, 0, 0, 0, 0, 0.277803784, -0.0925364258, -0.190265967, -0.265317833, 0.521157731, -0.811150095, -0.876586914, 0.219848633, 0.427978516, 0.401303969, 0.824621522, 0.398645522, 0, 0, -0, 0, 0, 0, 0, 0.357955078, -0.0515263672, -0.151609473, 0.230474828, 0.307599723, -0.923144494, 0.288452148, -0.927612305, -0.237182617, -0.92924149, -0.211436988, -0.302497693, 0, 1, 1, 1, 
146.593459, 13, 0.1, 0.1, 0.0288538514, 0.379646199, -0.0349668303, 0.915149914, -2.34164756e-005, 0.403113675, 0.403113675, -3.54196451e-006, -0.915149914, 2.28573999e-005, 1, 6.198073e-006, 0.915149923, -2.74372115e-005, 0.403113654, 0.403113654, -1.36529607e-005, -0.915149923, 3.06128569e-005, 1, -1.43419137e-006, 0, 0, 0, 0, 0, 0, 0, 0.277803784, -0.0925364258, -0.190265967, -0.265317833, 0.521157731, -0.811150095, -0.876586914, 0.219848633, 0.427978516, 0.401303969, 0.824621522, 0.398645522, 0, 0, -0, 0, 0, 0, 0, 0.357955078, -0.0515263672, -0.151609473, 0.230474828, 0.307599723, -0.923144494, 0.288452148, -0.927612305, -0.237182617, -0.92924149, -0.211436988, -0.302497693, 0, 1, 1, 1, 
146.594163, 13, 0.1, 0.1, 0.028853843, 0.379646181, -0.0349670106, 0.915149948, 2.84512203e-005, 0.403113597, 0.403113597, 2.98849159e-006, -0.915149948, -2.72418344e-005, 1, -8.73415583e-006, 0.915149937, 3.02626833e-005, 0.403113621, 0.403113621, 1.68421956e-006, -0.915149938, -2.83738246e-005, 1, -1.06579864e-005, 0, 0, 0, 0, 0, 0, 0, 0.277803784, -0.0925364258, -0.190265967, -0.265317833, 0.521157731, -0.811150095, -0.876586914, 0.219848633, 0.427978516, 0.401303969, 0.824621522, 0.398645522, 0, 0, -0, 0, 0, 0, 0, 0.357955078, -0.0515263672, -0.151609473, 0.230474828, 0.307599723, -0.923144494, 0.288452148, -0.927612305, -0.237182617, -0.92924149, -0.211436988, -0.302497693, 0, 1, 1, 1, 
146.594869, 13, 0.1, 0.1, 0.0288538444, 0.379646162, -0.0349678781, 0.915149956, -3.22987786e-005, 0.403113578, 0.403113578, -1.11823419e-007, -0.915149957, 2.96033033e-005, 0.999999999, 1.2917741e-005, 0.915149965, -2.97648589e-005, 0.403113558, 0.403113558, 7.06791533e-006, -0.915149965, 2.43901371e-005, 1, 1.84668206e-005, 0, 0, 0, 0, 0, 0, 0, 0.277803784, -0.0925364258, -0.190265967, -0.265317833, 0.521157731, -0.811150095, -0.876586914, 0.219848633, 0.427978516, 0.401303969, 0.824621522, 0.398645522, 0, 0, -0, 0, 0, 0, 0, 0.357955078, -0.0515263672, -0.151609473, 0.230474828, 0.307599723, -0.923144494, 0.288452148, -0.927612305, -0.237182617, -0.92924149, -0.211436988, -0.302497693, 0, 1, 1, 1, 
146.595638, 13, 0.1, 0.1, 0.0288538389, 0.379646151, -0.0349688522, 0.915149815, 3.51398056e-005, 0.403113899, 0.403113899, -1.13489715e-005, -0.915149815, -2.75832585e-005, 0.999999999, -2.45513533e-005, 0.915149863, 2.39006612e-005, 0.40311379, 0.40311379, -2.04451636e-005, -0.915149863, -1.36309595e-005, 1, -2.83450748e-005, 0, 0, 0, 0, 0, 0, 0, 0.277803784, -0.0925364258, -0.190265967, -0.26961632, 0.519109206, -0.811061728, -0.877319336, 0.214599609, 0.429077148, 0.396793922, 0.827294223, 0.397642791, 0, 0, -0, 0, 0, 0, 0, 0.357955078, -0.0515263672, -0.151609473, 0.230474828, 0.307599723, -0.923144494, 0.288452148, -0.927612305, -0.237182617, -0.92924149, -0.211436988, -0.302497693, 0, 1, 1, 1, 
146.596353, 13, 0.1, 0.1, 0.0288538317, 0.379646129, -0.0349691866, 0.915149541, -2.01000008e-005, 0.403114521, 0.403114522, 2.76108615e-005, -0.915149541, 7.26416726e-006, 0.999999999, 3.33706694e-005, 0.915149608, -1.61055637e-006, 0.40311437, 0.40311437, 3.00452496e-005, -0.915149607, -1.06377718e-005, 1, 2.81451368e-005, 0, 0, 0, 0, 0, 0, 0, 0.278463354, -0.0944189209, -0.189594775, -0.26961632, 0.519109206, -0.811061728, -0.877319336, 0.214599609, 0.429077148, 0.396793922, 0.827294223, 0.397642791, 0, 0, -0, 0, 0, 0, 0, 0.358485889, -0.0531461914, -0.150937793, 0.22802784, 0.3085764, -0.923342455, 0.293823242, -0.92590332, -0.236816406, -0.928148509, -0.217225985, -0.301782043, 0, 1, 1, 1, 
146.597057, 13, 0.1, 0.1, 0.0288538366, 0.379646112, -0.0349695673, 0.915149151, -1.0354564e-006, 0.403115406, 0.403115406, -1.61352859e-005, -0.915149151, 7.45197939e-006, 1, -1.43487848e-005, 0.915149237, -1.59208901e-005, 0.403115212, 0.403115212, -1.10052008e-005, -0.915149237, 1.90063543e-005, 1, -3.65344808e-006, 0, 0, 0, 0, 0, 0, 0, 0.278463354, -0.0944189209, -0.189594775, -0.26961632, 0.519109206, -0.811061728, -0.877319336, 0.214599609, 0.429077148, 0.396793922, 0.827294223, 0.397642791, 0, 0, -0, 0, 0, 0, 0, 0.358485889, -0.0531461914, -0.150937793, 0.22802784, 0.3085764, -0.923342455, 0.293823242, -0.92590332, -0.236816406, -0.928148509, -0.217225985, -0.301782043, 0, 1, 1, 1, 
146.597776, 13, 0.1, 0.1, 0.0288538269, 0.379646096, -0.0349698383, 0.915148655, 9.93204697e-006, 0.403116532, 0.403116532, 1.14580917e-005, -0.915148655, -1.37082456e-005, 1, 6.48208487e-006, 0.915148769, 2.01778506e-005, 0.403116275, 0.403116275, 8.95548253e-006, -0.915148769, -2.20758359e-005, 1, 6.15788491e-008, 0, 0, 0, 0, 0, 0, 0, 0.278463354, -0.0944189209, -0.189594775, -0.26961632, 0.519109206, -0.811061728, -0.877319336, 0.214599609, 0.429077148, 0.396793922, 0.827294223, 0.397642791, 0, 0, -0, 0, 0, 0, 0, 0.358485889, -0.0531461914, -0.150937793, 0.22802784, 0.3085764, -0.923342455, 0.293823242, -0.92590332, -0.236816406, -0.928148509, -0.217225985, -0.301782043, 0, 1, 1, 1, 
146.598547, 13, 0.1, 0.1, 0.0288538316, 0.379646086, -0.0349691644, 0.915148055, -2.61187726e-005, 0.403117894, 0.403117893, -2.92036238e-005, -0.915148056, 3.56750472e-005, 0.999999999, -1.61966949e-005, 0.915148164, -2.76927713e-005, 0.403117648, 0.403117647, -3.0858255e-005, -0.915148164, 3.7782496e-005, 0.999999999, -1.70764306e-005, 0, 0, 0, 0, 0, 0, 0, 0.279110229, -0.0953874512, -0.188901367, -0.274061584, 0.517460576, -0.810623642, -0.87878418, 0.207519531, 0.42956543, 0.390576834, 0.830150771, 0.398067773, 0, 0, -0, 0, 0, 0, 0, 0.358800293, -0.0538337402, -0.150268066, 0.225529812, 0.310543245, -0.923342455, 0.30078125, -0.923583984, -0.237182617, -0.926569922, -0.224261082, -0.301782043, 0, 1, 1, 1, 
146.599254, 13, 0.1, 0.1, 0.0288538285, 0.37964607, -0.0349683153, 0.915147583, 2.28524277e-005, 0.403118967, 0.403118967, 1.08637258e-005, -0.915147583, -2.52927179e-005, 1, 7.29665342e-007, 0.915147661, 1.47216275e-005, 0.40311879, 0.40311879, 1.37672115e-005, -0.915147661, -1.90222846e-005, 1, 6.66446673e-006, 0, 0, 0, 0, 0, 0, 0, 0.279110229, -0.0953874512, -0.188901367, -0.274061584, 0.517460576, -0.810623642, -0.87878418, 0.207519531, 0.42956543, 0.390576834, 0.830150771, 0.398067773, 0, 0, -0, 0, 0, 0, 0, 0.358800293, -0.0538337402, -0.150268066, 0.225529812, 0.310543245, -0.923342455, 0.30078125, -0.923583984, -0.237182617, -0.926569922, -0.224261082, -0.301782043, 0, 1, 1, 1, 
146.599961, 13, 0.1, 0.1, 0.0288538233, 0.379646057, -0.0349678187, 0.915147289, -2.11894765e-005, 0.403119633, 0.403119633, -4.59723692e-006, -0.915147289, 2.12447284e-005, 1, 4.33474509e-006, 0.915147332, -6.70556875e-006, 0.403119537, 0.403119537, -1.15191346e-005, -0.915147332, 1.07801716e-005, 1, -7.83855956e-006, 0, 0, 0, 0, 0, 0, 0, 0.279110229, -0.0953874512, -0.188901367, -0.274061584, 0.517460576, -0.810623642, -0.87878418, 0.207519531, 0.42956543, 0.390576834, 0.830150771, 0.398067773, 0, 0, -0, 0, 0, 0, 0, 0.358800293, -0.0538337402, -0.150268066, 0.225529812, 0.310543245, -0.923342455, 0.30078125, -0.923583984, -0.237182617, -0.926569922, -0.224261082, -0.301782043, 0, 1, 1, 1, 
146.600831, 13, 0.1, 0.1, 0.0288538219, 0.37964604, -0.034966857, 0.915147067, 2.15087645e-005, 0.403120137, 0.403120138, -7.73557517e-006, -0.915147067, -1.65653167e-005, 1, -1.57498051e-005, 0.915147127, 6.22299075e-006, 0.403120001, 0.403120001, -5.98252653e-006, -0.915147127, -3.28327601e-006, 1, -7.983504e-006, 0, 0, 0, 0, 0, 0, 0, 0.279110229, -0.0953874512, -0.188901367, -0.274061584, 0.517460576, -0.810623642, -0.87878418, 0.207519531, 0.42956543, 0.390576834, 0.830150771, 0.398067773, 0, 0, -0, 0, 0, 0, 0, 0.358800293, -0.0538337402, -0.150268066, 0.225529812, 0.310543245, -0.923342455, 0.30078125, -0.923583984, -0.237182617, -0.926569922, -0.224261082, -0.301782043, 0, 1, 1, 1, 
146.601944, 13, 0.1, 0.1, 0.0288538222, 0.37964601, -0.0349600797, 0.915146793, -2.42842444e-005, 0.40312076, 0.403120761, 1.90442512e-005, -0.915146792, 1.45465153e-005, 1, 2.72177684e-005, 0.915146844, -2.88300536e-005, 0.403120643, 0.403120644, 2.05463884e-005, -0.915146844, 1.81010593e-005, 0.999999999, 3.04249523e-005, 0, 0, 0, 0, 0, 0, 0, 0.279110229, -0.0953874512, -0.188901367, -0.274061584, 0.517460576, -0.810623642, -0.87878418, 0.207519531, 0.42956543, 0.390576834, 0.830150771, 0.398067773, 0, 0, -0, 0, 0, 0, 0, 0.358800293, -0.0538337402, -0.150268066, 0.225529812, 0.310543245, -0.923342455, 0.30078125, -0.923583984, -0.237182617, -0.926569922, -0.224261082, -0.301782043, 0, 1, 1, 1, 
146.603085, 13, 0.1, 0.1, 0.0288538146, 0.379645993, -0.0349497512, 0.915146664, 1.47267879e-005, 0.403121053, 0.403121053, -1.07098234e-006, -0.915146664, -1.30454353e-005, 1, -6.91678417e-006, 0.91514668, 5.4640409e-006, 0.403121017, 0.403121017, -2.59143104e-005, -0.91514668, 5.44620427e-006, 1, -2.59180649e-005, 0, 0, 0, 0, 0, 0, 0, 0.279110229, -0.0953874512, -0.188901367, -0.278087858, 0.51611636, -0.810045892, -0.880126953, 0.200683594, 0.430175781, 0.384664161, 0.832588329, 0.398594226, 0, 0, -0, 0, 0, 0, 0, 0.358800293, -0.0538337402, -0.150268066, 0.225529812, 0.310543245, -0.923342455, 0.30078125, -0.923583984, -0.237182617, -0.926569922, -0.224261082, -0.301782043, 0, 1, 1, 1, 
146.604245, 13, 0.1, 0.1, 0.0288538098, 0.379645957, -0.0349399566, 0.915146428, 2.53940695e-005, 0.403121588, 0.403121588, -1.59957342e-005, -0.915146428, -1.67910662e-005, 1, -2.48753366e-005, 0.915146459, 1.09380733e-005, 0.403121518, 0.403121518, 1.94141541e-005, -0.915146459, -1.78362024e-005, 1, 1.33574216e-005, 0, 0, 0, 0, 0, 0, 0, 0.279556201, -0.0963416992, -0.187977271, -0.278087858, 0.51611636, -0.810045892, -0.880126953, 0.200683594, 0.430175781, 0.384664161, 0.832588329, 0.398594226, 0, 0, -0, 0, 0, 0, 0, 0.359118115, -0.0545395996, -0.149373389, 0.223006265, 0.312280047, -0.923355215, 0.307983398, -0.921264648, -0.237182617, -0.924748531, -0.231443099, -0.301660641, 0, 1, 1, 1, 
146.605374, 13, 0.1, 0.1, 0.028853801, 0.379645938, -0.0349363874, 0.915146339, -1.83135689e-005, 0.40312179, 0.403121791, 3.2457233e-005, -0.915146338, 3.67537766e-006, 0.999999999, 3.70857166e-005, 0.915146388, 6.12253876e-006, 0.40312168, 0.403121679, 2.41035712e-005, -0.915146388, -1.53196913e-005, 1, 1.9590168e-005, 0, 0, 0, 0, 0, 0, 0, 0.279556201, -0.0963416992, -0.187977271, -0.278087858, 0.51611636, -0.810045892, -0.880126953, 0.200683594, 0.430175781, 0.384664161, 0.832588329, 0.398594226, 0, 0, -0, 0, 0, 0, 0, 0.359118115, -0.0545395996, -0.149373389, 0.223006265, 0.312280047, -0.923355215, 0.307983398, -0.921264648, -0.237182617, -0.924748531, -0.231443099, -0.301660641, 0, 1, 1, 1, 
146.606505, 13, 0.1, 0.1, 0.028853794, 0.379645921, -0.0349396147, 0.915146208, 8.85502045e-006, 0.403122088, 0.403122088, -3.98414078e-005, -0.915146207, 7.95731311e-006, 0.999999999, -4.00303676e-005, 0.915146209, 1.02590684e-005, 0.403122086, 0.403122086, -4.08901178e-005, -0.915146208, 7.09516206e-006, 0.999999999, -4.15560933e-005, 0, 0, 0, 0, 0, 0, 0, 0.279556201, -0.0963416992, -0.187977271, -0.278087858, 0.51611636, -0.810045892, -0.880126953, 0.200683594, 0.430175781, 0.384664161, 0.832588329, 0.398594226, 0, 0, -0, 0, 0, 0, 0, 0.359118115, -0.0545395996, -0.149373389, 0.223006265, 0.312280047, -0.923355215, 0.307983398, -0.921264648, -0.237182617, -0.924748531, -0.231443099, -0.301660641, 0, 1, 1, 1, 
146.607623, 13, 0.1, 0.1, 0.0288537938, 0.379645893, -0.0349477788, 0.915146073, -3.73038401e-006, 0.403122395, 0.403122395, 1.34803402e-005, -0.915146073, -2.02038076e-006, 1, 1.38402817e-005, 0.915146114, -2.27030653e-005, 0.403122301, 0.403122302, 2.25740556e-005, -0.915146114, 1.16765167e-005, 0.999999999, 2.98106712e-005, 0, 0, 0, 0, 0, 0, 0, 0.279556201, -0.0963416992, -0.187977271, -0.278087858, 0.51611636, -0.810045892, -0.880126953, 0.200683594, 0.430175781, 0.384664161, 0.832588329, 0.398594226, 0, 0, -0, 0, 0, 0, 0, 0.359118115, -0.0545395996, -0.149373389, 0.223006265, 0.312280047, -0.923355215, 0.307983398, -0.921264648, -0.237182617, -0.924748531, -0.231443099, -0.301660641, 0, 1, 1, 1, 
146.608784, 13, 0.1, 0.1, 0.0288537873, 0.379645881, -0.03495609, 0.915146064, 1.30766408e-005, 0.403122416, 0.403122415, 1.76953214e-005, -0.915146064, -1.9100417e-005, 1, 1.09223167e-005, 0.915146057, 2.6297451e-006, 0.40312243, 0.40312243, -1.67716491e-005, -0.915146057, 4.3544271e-006, 1, -1.64086178e-005, 0, 0, 0, 0, 0, 0, 0, 0.280263867, -0.0980049805, -0.187095044, -0.281465989, 0.514010548, -0.810198661, -0.880859375, 0.196411133, 0.430664063, 0.380502711, 0.834899328, 0.397629686, 0, 0, -0, 0, 0, 0, 0, 0.359430566, -0.0557407715, -0.148714893, 0.220706198, 0.312547637, -0.923821498, 0.3125, -0.919921875, -0.236572266, -0.923885594, -0.236324682, -0.300727708, 0, 1, 1, 1, 
146.609905, 13, 0.1, 0.1, 0.0288537828, 0.379645853, -0.0349609403, 0.915146058, -1.69824395e-005, 0.403122427, 0.403122427, -2.37046672e-005, -0.915146058, 2.50972956e-005, 1, -1.48472305e-005, 0.915146061, -9.85426798e-006, 0.403122422, 0.403122421, -9.66321243e-006, -0.915146061, 1.29135521e-005, 1, -4.87077442e-006, 0, 0, 0, 0, 0, 0, 0, 0.280263867, -0.0980049805, -0.187095044, -0.281465989, 0.514010548, -0.810198661, -0.880859375, 0.196411133, 0.430664063, 0.380502711, 0.834899328, 0.397629686, 0, 0, -0, 0, 0, 0, 0, 0.359430566, -0.0557407715, -0.148714893, 0.220706198, 0.312547637, -0.923821498, 0.3125, -0.919921875, -0.236572266, -0.923885594, -0.236324682, -0.300727708, 0, 1, 1, 1, 
146.61103, 13, 0.1, 0.1, 0.0288537808, 0.379645826, -0.0349607659, 0.915146052, 6.68014295e-006, 0.403122442, 0.403122442, 3.20130217e-005, -0.915146052, -1.90184739e-005, 0.999999999, 2.66036749e-005, 0.915146052, 6.18389946e-006, 0.403122443, 0.403122443, 3.5145582e-005, -0.915146051, -1.98271441e-005, 0.999999999, 2.9670472e-005, 0, 0, 0, 0, 0, 0, 0, 0.280263867, -0.0980049805, -0.187095044, -0.281465989, 0.514010548, -0.810198661, -0.880859375, 0.196411133, 0.430664063, 0.380502711, 0.834899328, 0.397629686, 0, 0, -0, 0, 0, 0, 0, 0.359430566, -0.0557407715, -0.148714893, 0.220706198, 0.312547637, -0.923821498, 0.3125, -0.919921875, -0.236572266, -0.923885594, -0.236324682, -0.300727708, 0, 1, 1, 1, 
146.612165, 13, 0.1, 0.1, 0.0288537804, 0.379645816, -0.0349558381, 0.915146061, -1.42392731e-006, 0.403122422, 0.403122422, -1.59700331e-005, -0.915146061, 7.7409799e-006, 1, -1.40408959e-005, 0.915146061, -9.73905271e-006, 0.403122421, 0.40312242, -3.5162133e-005, -0.915146061, 2.30872999e-005, 0.999999999, -2.8252457e-005, 0, 0, 0, 0, 0, 0, 0, 0.280263867, -0.0980049805, -0.187095044, -0.281465989, 0.514010548, -0.810198661, -0.880859375, 0.196411133, 0.430664063, 0.380502711, 0.834899328, 0.397629686, 0, 0, -0, 0, 0, 0, 0, 0.359430566, -0.0557407715, -0.148714893, 0.220706198, 0.312547637, -0.923821498, 0.3125, -0.919921875, -0.236572266, -0.923885594, -0.236324682, -0.300727708, 0, 1, 1, 1, 
146.613338, 13, 0.1, 0.1, 0.0288537711, 0.379645785, -0.0349482189, 0.915146049, -1.12167185e-005, 0.40312245, 0.403122449, -2.76591528e-005, -0.915146048, 2.14149611e-005, 1, -2.07904534e-005, 0.915146054, 6.64068317e-006, 0.403122438, 0.403122438, 1.27552712e-005, -0.915146054, -1.1219131e-005, 1, 8.99592776e-006, 0, 0, 0, 0, 0, 0, 0, 0.280510034, -0.0996743652, -0.186442773, -0.285192719, 0.511784168, -0.810446909, -0.880981445, 0.192871094, 0.431762695, 0.377261617, 0.837229423, 0.39606231, 0, 0, -0, 0, 0, 0, 0, 0.359478271, -0.0572000977, -0.148061035, 0.217799122, 0.31234238, -0.924619903, 0.316650391, -0.918701172, -0.235717773, -0.923086455, -0.241378707, -0.298970483, 0, 1, 1, 1, 
146.614457, 13, 0.1, 0.1, 0.0288537698, 0.37964577, -0.0349426683, 0.915146028, 1.8580537e-005, 0.403122496, 0.403122495, 4.37746735e-005, -0.915146028, -3.46504603e-005, 0.999999999, 3.25699862e-005, 0.915146032, 9.08103864e-006, 0.403122488, 0.403122488, 2.36276628e-005, -0.915146032, -1.78353187e-005, 1, 1.7961991e-005, 0, 0, 0, 0, 0, 0, 0, 0.280510034, -0.0996743652, -0.186442773, -0.285192719, 0.511784168, -0.810446909, -0.880981445, 0.192871094, 0.431762695, 0.377261617, 0.837229423, 0.39606231, 0, 0, -0, 0, 0, 0, 0, 0.359478271, -0.0572000977, -0.148061035, 0.217799122, 0.31234238, -0.924619903, 0.316650391, -0.918701172, -0.235717773, -0.923086455, -0.241378707, -0.298970483, 0, 1, 1, 1, 
146.615639, 13, 0.1, 0.1, 0.0288537701, 0.379645761, -0.0349407051, 0.915146012, -2.20413357e-005, 0.403122532, 0.40312253, -5.41993095e-005, -0.915146012, 4.20200034e-005, 0.999999998, -4.0714923e-005, 0.915146015, -2.3124736e-005, 0.403122527, 0.403122525, -5.73103259e-005, -0.915146014, 4.42655933e-005, 0.999999998, -4.31252143e-005, 0, 0, 0, 0, 0, 0, 0, 0.280523315, -0.101292114, -0.186181445, -0.289191661, 0.51062979, -0.809635137, -0.880493164, 0.189697266, 0.434326172, 0.375423148, 0.838524586, 0.394945002, 0, 0, -0, 0, 0, 0, 0, 0.35952915, -0.0585559082, -0.147602344, 0.215051728, 0.313198021, -0.924894423, 0.319702148, -0.917480469, -0.236328125, -0.922638762, -0.244848314, -0.297526424, 0, 1, 1, 1, 
146.61678, 13, 0.1, 0.1, 0.0288537621, 0.37964573, -0.0349427497, 0.915145994, 7.53983272e-006, 0.403122573, 0.403122573, 2.05729989e-005, -0.915145994, -1.5193488e-005, 1, 1.57878208e-005, 0.915145998, 1.63411013e-005, 0.403122564, 0.403122563, 4.31660103e-005, -0.915145998, -3.23556862e-005, 0.999999999, 3.29157349e-005, 0, 0, 0, 0, 0, 0, 0, 0.280523315, -0.101292114, -0.186181445, -0.289191661, 0.51062979, -0.809635137, -0.880493164, 0.189697266, 0.434326172, 0.375423148, 0.838524586, 0.394945002, 0, 0, -0, 0, 0, 0, 0, 0.35952915, -0.0585559082, -0.147602344, 0.215051728, 0.313198021, -0.924894423, 0.319702148, -0.917480469, -0.236328125, -0.922638762, -0.244848314, -0.297526424, 0, 1, 1, 1, 
146.617913, 13, 0.1, 0.1, 0.0288537633, 0.379645723, -0.0349480734, 0.915145976, 8.33302855e-006, 0.403122615, 0.403122615, 2.14537765e-005, -0.915145976, -1.627444e-005, 1, 1.6274105e-005, 0.915145979, -7.13128515e-006, 0.403122608, 0.403122607, -1.98670273e-005, -0.915145979, 1.45350148e-005, 1, -1.53064478e-005, 0, 0, 0, 0, 0, 0, 0, 0.280523315, -0.101292114, -0.186181445, -0.289191661, 0.51062979, -0.809635137, -0.880493164, 0.189697266, 0.434326172, 0.375423148, 0.838524586, 0.394945002, 0, 0, -0, 0, 0, 0, 0, 0.35952915, -0.0585559082, -0.147602344, 0.215051728, 0.313198021, -0.924894423, 0.319702148, -0.917480469, -0.236328125, -0.922638762, -0.244848314, -0.297526424, 0, 1, 1, 1, 
146.61904, 13, 0.1, 0.1, 0.0288537569, 0.379645697, -0.03495396, 0.915145961, -9.45156602e-006, 0.40312265, 0.403122649, -3.0183366e-005, -0.91514596, 2.08171609e-005, 0.999999999, -2.38120452e-005, 0.915145963, -3.79106441e-006, 0.403122644, 0.403122644, -1.30541785e-005, -0.915145963, 8.73181225e-006, 1, -1.04182149e-005, 0, 0, 0, 0, 0, 0, 0, 0.280523315, -0.101292114, -0.186181445, -0.289191661, 0.51062979, -0.809635137, -0.880493164, 0.189697266, 0.434326172, 0.375423148, 0.838524586, 0.394945002, 0, 0, -0, 0, 0, 0, 0, 0.35952915, -0.0585559082, -0.147602344, 0.215051728, 0.313198021, -0.924894423, 0.319702148, -0.917480469, -0.236328125, -0.922638762, -0.244848314, -0.297526424, 0, 1, 1, 1, 
146.61998, 13, 0.1, 0.1, 0.0288537527, 0.37964568, -0.0349582099, 0.91514595, 1.11804089e-005, 0.403122673, 0.403122672, 2.99525494e-005, -0.91514595, -2.23062577e-005, 0.999999999, 2.2903878e-005, 0.915145952, 1.23566318e-005, 0.403122668, 0.403122668, 3.01286688e-005, -0.915145952, -2.34536709e-005, 0.999999999, 2.2590891e-005, 0, 0, 0, 0, 0, 0, 0, 0.280789624, -0.103160937, -0.185736792, -0.292631951, 0.508910768, -0.809559875, -0.880004883, 0.187744141, 0.436157227, 0.373990566, 0.840156363, 0.393079203, 0, 0, -0, 0, 0, 0, 0, 0.35952915, -0.0585559082, -0.147602344, 0.215051728, 0.313198021, -0.924894423, 0.319702148, -0.917480469, -0.236328125, -0.922638762, -0.244848314, -0.297526424, 0, 1, 1, 1, 
146.620703, 13, 0.1, 0.1, 0.0288537513, 0.379645668, -0.0349636869, 0.915145939, -2.92124508e-006, 0.4031227, 0.4031227, -2.95337204e-006, -0.915145939, 3.86393688e-006, 1, -1.52514623e-006, 0.915145941, -6.18633339e-006, 0.403122694, 0.403122694, -1.10924726e-005, -0.915145941, 1.01330253e-005, 1, -7.65737985e-006, 0, 0, 0, 0, 0, 0, 0, 0.280789624, -0.103160937, -0.185736792, -0.292631951, 0.508910768, -0.809559875, -0.880004883, 0.187744141, 0.436157227, 0.373990566, 0.840156363, 0.393079203, 0, 0, -0, 0, 0, 0, 0, 0.359612988, -0.0604106934, -0.147388379, 0.212975141, 0.312795171, -0.925558667, 0.321166992, -0.916992188, -0.236083984, -0.922734277, -0.246854539, -0.29587784, 0, 1, 1, 1, 
146.621401, 13, 0.1, 0.1, 0.0288537478, 0.379645653, -0.0349702678, 0.915145931, -4.98987805e-007, 0.403122717, 0.403122717, -3.74528775e-006, -0.915145931, 1.96645723e-006, 1, -3.22633153e-006, 0.915145932, 4.64722929e-006, 0.403122715, 0.403122715, 1.12740036e-005, -0.915145932, -8.79769991e-006, 1, 8.44395481e-006, 0, 0, 0, 0, 0, 0, 0, 0.280789624, -0.103160937, -0.185736792, -0.292631951, 0.508910768, -0.809559875, -0.880004883, 0.187744141, 0.436157227, 0.373990566, 0.840156363, 0.393079203, 0, 0, -0, 0, 0, 0, 0, 0.359612988, -0.0604106934, -0.147388379, 0.212975141, 0.312795171, -0.925558667, 0.321166992, -0.916992188, -0.236083984, -0.922734277, -0.246854539, -0.29587784, 0, 1, 1, 1, 
146.62211, 13, 0.1, 0.1, 0.0288537457, 0.379645643, -0.0349761709, 0.915145925, 5.16085757e-006, 0.403122731, 0.403122731, 7.7814255e-006, -0.915145925, -7.85980728e-006, 1, 5.04068083e-006, 0.915145926, 3.29198563e-006, 0.403122728, 0.403122728, 2.85562245e-006, -0.915145926, -4.16381355e-006, 1, 1.28623702e-006, 0, 0, 0, 0, 0, 0, 0, 0.280789624, -0.103160937, -0.185736792, -0.292631951, 0.508910768, -0.809559875, -0.880004883, 0.187744141, 0.436157227, 0.373990566, 0.840156363, 0.393079203, 0, 0, -0, 0, 0, 0, 0, 0.359612988, -0.0604106934, -0.147388379, 0.212975141, 0.312795171, -0.925558667, 0.321166992, -0.916992188, -0.236083984, -0.922734277, -0.246854539, -0.29587784, 0, 1, 1, 1, 
146.622812, 13, 0.1, 0.1, 0.0288537441, 0.379645634, -0.0349795909, 0.915145918, -5.41145598e-006, 0.403122747, 0.403122747, -1.43661524e-005, -0.915145918, 1.07435947e-005, 1, -1.09656448e-005, 0.915145919, -4.76742175e-006, 0.403122745, 0.403122745, -1.43739491e-005, -0.915145919, 1.01573524e-005, 1, -1.12324047e-005, 0, 0, 0, 0, 0, 0, 0, 0.280789624, -0.103160937, -0.185736792, -0.292631951, 0.508910768, -0.809559875, -0.880004883, 0.187744141, 0.436157227, 0.373990566, 0.840156363, 0.393079203, 0, 0, -0, 0, 0, 0, 0, 0.359612988, -0.0604106934, -0.147388379, 0.212975141, 0.312795171, -0.925558667, 0.321166992, -0.916992188, -0.236083984, -0.922734277, -0.246854539, -0.29587784, 0, 1, 1, 1, 
146.623512, 13, 0.1, 0.1, 0.0288537403, 0.379645622, -0.0349797662, 0.915145938, 1.41945969e-005, 0.403122701, 0.403122701, 6.96650681e-006, -0.915145938, -1.57984848e-005, 1, 6.53206155e-007, 0.915145929, 1.13859169e-005, 0.403122721, 0.403122721, 9.52793171e-006, -0.915145929, -1.42607012e-005, 1, 4.12952613e-006, 0, 0, 0, 0, 0, 0, 0, 0.280789624, -0.103160937, -0.185736792, -0.292631951, 0.508910768, -0.809559875, -0.880004883, 0.187744141, 0.436157227, 0.373990566, 0.840156363, 0.393079203, 0, 0, -0, 0, 0, 0, 0, 0.359612988, -0.0604106934, -0.147388379, 0.212975141, 0.312795171, -0.925558667, 0.321166992, -0.916992188, -0.236083984, -0.922734277, -0.246854539, -0.29587784, 0, 1, 1, 1, 
146.624212, 13, 0.1, 0.1, 0.0288537379, 0.379645613, -0.0349768978, 0.915146025, -1.11415479e-005, 0.403122503, 0.403122503, 1.83398051e-006, -0.915146025, 9.45682443e-006, 1, 6.16976863e-006, 0.915146001, -6.6821915e-006, 0.403122557, 0.403122557, -5.94437132e-006, -0.915146001, 8.51149099e-006, 1, -2.74622552e-006, 0, 0, 0, 0, 0, 0, 0, 0.280789624, -0.103160937, -0.185736792, -0.292631951, 0.508910768, -0.809559875, -0.880004883, 0.187744141, 0.436157227, 0.373990566, 0.840156363, 0.393079203, 0, 0, -0, 0, 0, 0, 0, 0.359612988, -0.0604106934, -0.147388379, 0.212975141, 0.312795171, -0.925558667, 0.321166992, -0.916992188, -0.236083984, -0.922734277, -0.246854539, -0.29587784, 0, 1, 1, 1, 
