time, trialNum, realDorsalTactorPos, realVentralTactorPos, boxPosX, boxPosY, boxPosZ, boxLocalRot_11, boxLocalRot_12, boxLocalRot_13, boxLocalRot_21, boxLocalRot_22, boxLocalRot_23, boxLocalRot_31, boxLocalRot_32, boxLocalRot_33, boxGlobalRot_11, boxGlobalRot_12, boxGlobalRot_13, boxGlobalRot_21, boxGlobalRot_22, boxGlobalRot_23, boxGlobalRot_31, boxGlobalRot_32, boxGlobalRot_33, indexForceX, indexForceY, indexForceZ, indexForceGlobalX, indexForceGlobalY, indexForceGlobalZ, indexContact, indexPosX, indexPosY, indexPosZ, indexRot_11, indexRot_12, indexRot_13, indexRot_21, indexRot_22, indexRot_23, indexRot_31, indexRot_32, indexRot_33, thumbForceX, thumbForceY, thumbForceZ, thumbForceGlobalX, thumbForceGlobalY, thumbForceGlobalZ, thumbContact, thumbPosX, thumbPosY, thumbPosZ, thumbRot_11, thumbRot_12, thumbRot_13, thumbRot_21, thumbRot_22, thumbRot_23, thumbRot_31, thumbRot_32, thumbRot_33, manipForceTooHigh, cceExpType, mapping, trialSuccess, 
179.833287, 19, 0.1, 0.1, 0.016607302, 0.378988176, -0.0349587522, 0.911118824, 5.94853167e-007, 0.412143771, 0.412143771, -2.84731897e-005, -0.911118824, 1.11930658e-005, 1, -2.61876242e-005, 0.911118793, -1.64874667e-006, 0.412143839, 0.412143839, -1.40578337e-005, -0.911118793, 7.29605362e-006, 1, -1.21288357e-005, 0, 0, 0, 0, 0, 0, 0, 0.27842981, -0.0682395508, -0.271475269, -0.0898158461, 0.745494113, -0.66040693, -0.922973633, 0.186645508, 0.336181641, 0.374001553, 0.639791073, 0.671514385, 0, 0, -0, 0, 0, 0, 0, 0.34335874, -0.0370226074, -0.226639844, 0.234165751, 0.430324311, -0.871622512, 0.361328125, -0.870849609, -0.332885742, -0.902463876, -0.236956582, -0.359435811, 0, 1, 3, 1, 
179.878548, 19, 0.1, 0.1, 0.016607316, 0.378988186, -0.0349575782, 0.911115285, -8.46458198e-006, 0.412151595, 0.412151595, -1.88105938e-005, -0.911115285, 1.54650263e-005, 1, -1.36499286e-005, 0.911115283, -1.60633645e-005, 0.4121516, 0.412151599, -3.49287899e-005, -0.911115283, 2.90315335e-005, 0.999999999, -2.52036129e-005, 0, 0, 0, 0, 0, 0, 0, 0.284453613, -0.089619458, -0.265756006, -0.105741632, 0.691546908, -0.714504583, -0.901123047, 0.236938477, 0.362792969, 0.420151903, 0.682323253, 0.598388343, 0, 0, -0, 0, 0, 0, 0, 0.353277344, -0.0573211426, -0.222997656, 0.237116936, 0.384402791, -0.892053694, 0.347167969, -0.891113281, -0.291870117, -0.907186145, -0.240310216, -0.344890206, 0, 1, 3, 1, 
179.879667, 19, 0.1, 0.1, 0.0166073131, 0.37898818, -0.034960089, 0.911115293, -5.68604534e-006, 0.412151577, 0.412151577, -2.17189523e-005, -0.911115293, 1.41321433e-005, 1, -1.7444957e-005, 0.911115291, 6.03359532e-006, 0.412151581, 0.412151581, 8.7748404e-006, -0.911115291, -9.1138653e-006, 1, 5.50813542e-006, 0, 0, 0, 0, 0, 0, 0, 0.284453613, -0.089619458, -0.265756006, -0.105741632, 0.691546908, -0.714504583, -0.901123047, 0.236938477, 0.362792969, 0.420151903, 0.682323253, 0.598388343, 0, 0, -0, 0, 0, 0, 0, 0.353277344, -0.0573211426, -0.222997656, 0.237116936, 0.384402791, -0.892053694, 0.347167969, -0.891113281, -0.291870117, -0.907186145, -0.240310216, -0.344890206, 0, 1, 3, 1, 
179.88084, 19, 0.1, 0.1, 0.016607316, 0.378988183, -0.0349574359, 0.911115319, 8.75221642e-006, 0.41215152, 0.41215152, 3.59748897e-005, -0.911115318, -2.28013839e-005, 0.999999999, 2.91700338e-005, 0.911115313, 3.94244838e-006, 0.412151533, 0.412151533, 2.05016734e-005, -0.911115313, -1.20418212e-005, 1, 1.70545024e-005, 0, 0, 0, 0, 0, 0, 0, 0.284926099, -0.0918417725, -0.265091553, -0.105473167, 0.68723269, -0.718632328, -0.899291992, 0.24230957, 0.363769531, 0.424187916, 0.684736845, 0.592615333, 0, 0, -0, 0, 0, 0, 0, 0.353749951, -0.0594601074, -0.22243999, 0.237838782, 0.378786601, -0.894334438, 0.344238281, -0.893798828, -0.287109375, -0.90821496, -0.239427589, -0.343043296, 0, 1, 3, 1, 
179.881971, 19, 0.1, 0.1, 0.0166073204, 0.378988188, -0.0349516572, 0.911115346, -1.36789145e-005, 0.412151461, 0.41215146, -3.79972612e-005, -0.911115345, 2.81236956e-005, 0.999999999, -2.89821032e-005, 0.911115343, -1.69118459e-005, 0.412151467, 0.412151466, -4.03283971e-005, -0.911115342, 3.20300503e-005, 0.999999999, -2.97735792e-005, 0, 0, 0, 0, 0, 0, 0, 0.284926099, -0.0918417725, -0.265091553, -0.105473167, 0.68723269, -0.718632328, -0.899291992, 0.24230957, 0.363769531, 0.424187916, 0.684736845, 0.592615333, 0, 0, -0, 0, 0, 0, 0, 0.353749951, -0.0594601074, -0.22243999, 0.237838782, 0.378786601, -0.894334438, 0.344238281, -0.893798828, -0.287109375, -0.90821496, -0.239427589, -0.343043296, 0, 1, 3, 1, 
179.883121, 19, 0.1, 0.1, 0.0166073151, 0.378988176, -0.034945917, 0.911115349, 6.08805161e-006, 0.412151454, 0.412151454, 1.49823221e-005, -0.911115349, -1.17219031e-005, 1, 1.11414243e-005, 0.91111535, 1.74346768e-005, 0.412151451, 0.41215145, 4.01362968e-005, -0.91111535, -3.24272347e-005, 0.999999999, 2.93830688e-005, 0, 0, 0, 0, 0, 0, 0, 0.284926099, -0.0918417725, -0.265091553, -0.105473167, 0.68723269, -0.718632328, -0.899291992, 0.24230957, 0.363769531, 0.424187916, 0.684736845, 0.592615333, 0, 0, -0, 0, 0, 0, 0, 0.353749951, -0.0594601074, -0.22243999, 0.23845855, 0.374575824, -0.895893336, 0.343505859, -0.895385742, -0.282958984, -0.908272563, -0.240238388, -0.342225201, 0, 1, 3, 1, 
179.884245, 19, 0.1, 0.1, 0.0166073218, 0.37898819, -0.034942621, 0.911115334, 8.97689138e-006, 0.412151486, 0.412151486, 2.31320215e-005, -0.911115334, -1.77128804e-005, 1, 1.73761004e-005, 0.911115339, -9.48121606e-006, 0.412151477, 0.412151476, -2.15482467e-005, -0.911115339, 1.75196231e-005, 1, -1.57252409e-005, 0, 0, 0, 0, 0, 0, 0, 0.284926099, -0.0918417725, -0.265091553, -0.105473167, 0.68723269, -0.718632328, -0.899291992, 0.24230957, 0.363769531, 0.424187916, 0.684736845, 0.592615333, 0, 0, -0, 0, 0, 0, 0, 0.354459473, -0.0610952148, -0.221632959, 0.23845855, 0.374575824, -0.895893336, 0.343505859, -0.895385742, -0.282958984, -0.908272563, -0.240238388, -0.342225201, 0, 1, 3, 1, 
179.885391, 19, 0.1, 0.1, 0.0166073209, 0.378988186, -0.0349432683, 0.911115313, -1.9871832e-005, 0.412151534, 0.412151532, -4.68023073e-005, -0.911115312, 3.73951731e-005, 0.999999999, -3.44520929e-005, 0.911115318, -1.15484729e-005, 0.412151523, 0.412151523, -2.67018464e-005, -0.911115317, 2.15271972e-005, 1, -1.95687406e-005, 0, 0, 0, 0, 0, 0, 0, 0.285359399, -0.0935640137, -0.264373022, -0.105897026, 0.683984483, -0.721788421, -0.897949219, 0.245849609, 0.364868164, 0.426974071, 0.686858006, 0.588295123, 0, 0, -0, 0, 0, 0, 0, 0.354459473, -0.0610952148, -0.221632959, 0.23845855, 0.374575824, -0.895893336, 0.343505859, -0.895385742, -0.282958984, -0.908272563, -0.240238388, -0.342225201, 0, 1, 3, 1, 
179.886524, 19, 0.1, 0.1, 0.0166073192, 0.378988181, -0.034947072, 0.911115283, 1.80428861e-005, 0.4121516, 0.412151599, 4.09019585e-005, -0.911115282, -3.32969568e-005, 0.999999999, 2.98299951e-005, 0.911115289, 1.81163767e-005, 0.412151586, 0.412151586, 4.14254028e-005, -0.911115288, -3.35796533e-005, 0.999999999, 3.02766244e-005, 0, 0, 0, 0, 0, 0, 0, 0.285359399, -0.0935640137, -0.264373022, -0.105897026, 0.683984483, -0.721788421, -0.897949219, 0.245849609, 0.364868164, 0.426974071, 0.686858006, 0.588295123, 0, 0, -0, 0, 0, 0, 0, 0.354459473, -0.0610952148, -0.221632959, 0.23845855, 0.374575824, -0.895893336, 0.343505859, -0.895385742, -0.282958984, -0.908272563, -0.240238388, -0.342225201, 0, 1, 3, 1, 
179.887686, 19, 0.1, 0.1, 0.0166073237, 0.37898819, -0.0349517623, 0.911115252, -6.56535377e-006, 0.412151668, 0.412151668, -1.30651519e-005, -0.911115252, 1.13666181e-005, 1, -9.19793769e-006, 0.911115257, -1.51904812e-005, 0.412151656, 0.412151655, -3.53566925e-005, -0.911115257, 2.84125986e-005, 0.999999999, -2.595324e-005, 0, 0, 0, 0, 0, 0, 0, 0.285359399, -0.0935640137, -0.264373022, -0.106345974, 0.680355478, -0.725039994, -0.896240234, 0.25, 0.366088867, 0.43038216, 0.688915887, 0.583372077, 0, 0, -0, 0, 0, 0, 0, 0.354459473, -0.0610952148, -0.221632959, 0.23845855, 0.374575824, -0.895893336, 0.343505859, -0.895385742, -0.282958984, -0.908272563, -0.240238388, -0.342225201, 0, 1, 3, 1, 
179.888837, 19, 0.1, 0.1, 0.0166073187, 0.378988175, -0.0349544769, 0.911115227, -5.10721564e-006, 0.412151724, 0.412151724, -1.06229421e-005, -0.911115227, 9.03152583e-006, 1, -7.57377657e-006, 0.911115232, 8.79252501e-006, 0.412151712, 0.412151712, 2.54387296e-005, -0.911115232, -1.84956194e-005, 1, 1.95537598e-005, 0, 0, 0, 0, 0, 0, 0, 0.285793311, -0.0955291504, -0.263661206, -0.106345974, 0.680355478, -0.725039994, -0.896240234, 0.25, 0.366088867, 0.43038216, 0.688915887, 0.583372077, 0, 0, -0, 0, 0, 0, 0, 0.355397119, -0.0629848145, -0.221062354, 0.239225239, 0.369681481, -0.897720556, 0.342163086, -0.897338867, -0.278442383, -0.908560208, -0.240384576, -0.341189822, 0, 1, 3, 1, 
179.889952, 19, 0.1, 0.1, 0.0166073192, 0.378988175, -0.034955313, 0.911115197, 1.61752354e-005, 0.41215179, 0.412151789, 3.77955818e-005, -0.911115197, -3.03150195e-005, 0.999999999, 2.77694767e-005, 0.911115203, 1.02189941e-005, 0.412151776, 0.412151775, 2.28010116e-005, -0.911115203, -1.87081583e-005, 1, 1.65625717e-005, 0, 0, 0, 0, 0, 0, 0, 0.285793311, -0.0955291504, -0.263661206, -0.106345974, 0.680355478, -0.725039994, -0.896240234, 0.25, 0.366088867, 0.43038216, 0.688915887, 0.583372077, 0, 0, -0, 0, 0, 0, 0, 0.355397119, -0.0629848145, -0.221062354, 0.239225239, 0.369681481, -0.897720556, 0.342163086, -0.897338867, -0.278442383, -0.908560208, -0.240384576, -0.341189822, 0, 1, 3, 1, 
179.891073, 19, 0.1, 0.1, 0.0166073217, 0.37898818, -0.0349541063, 0.911115158, -1.4650582e-005, 0.412151875, 0.412151875, -3.65223707e-005, -0.911115158, 2.84011309e-005, 0.999999999, -2.72378207e-005, 0.911115166, -1.55752005e-005, 0.412151858, 0.412151857, -3.76736709e-005, -0.911115166, 2.97180749e-005, 0.999999999, -2.79057051e-005, 0, 0, 0, 0, 0, 0, 0, 0.285793311, -0.0955291504, -0.263661206, -0.106345974, 0.680355478, -0.725039994, -0.896240234, 0.25, 0.366088867, 0.43038216, 0.688915887, 0.583372077, 0, 0, -0, 0, 0, 0, 0, 0.355397119, -0.0629848145, -0.221062354, 0.239225239, 0.369681481, -0.897720556, 0.342163086, -0.897338867, -0.278442383, -0.908560208, -0.240384576, -0.341189822, 0, 1, 3, 1, 
179.892195, 19, 0.1, 0.1, 0.0166073183, 0.378988171, -0.0349515745, 0.911115112, 4.27949281e-006, 0.412151978, 0.412151978, 1.14883805e-005, -0.911115112, -8.63406932e-006, 1, 8.70343566e-006, 0.911115122, 1.32439499e-005, 0.412151956, 0.412151956, 3.21364441e-005, -0.911115121, -2.53118613e-005, 0.999999999, 2.38214803e-005, 0, 0, 0, 0, 0, 0, 0, 0.285793311, -0.0955291504, -0.263661206, -0.106345974, 0.680355478, -0.725039994, -0.896240234, 0.25, 0.366088867, 0.43038216, 0.688915887, 0.583372077, 0, 0, -0, 0, 0, 0, 0, 0.355397119, -0.0629848145, -0.221062354, 0.239225239, 0.369681481, -0.897720556, 0.342163086, -0.897338867, -0.278442383, -0.908560208, -0.240384576, -0.341189822, 0, 1, 3, 1, 
179.893376, 19, 0.1, 0.1, 0.016607325, 0.378988188, -0.0349478454, 0.911115053, 9.15849063e-006, 0.412152108, 0.412152108, 1.51651646e-005, -0.911115053, -1.45947932e-005, 1, 1.00425186e-005, 0.911115066, -7.917882e-006, 0.412152079, 0.412152079, -2.653577e-005, -0.911115066, 1.81508744e-005, 1, -2.09137683e-005, 0, 0, 0, 0, 0, 0, 0, 0.286173633, -0.0974773193, -0.263155664, -0.107860932, 0.677069078, -0.72794896, -0.894287109, 0.253662109, 0.368408203, 0.43408268, 0.690795913, 0.578271175, 0, 0, -0, 0, 0, 0, 0, 0.355990186, -0.0650895996, -0.220926025, 0.238330585, 0.36509374, -0.899822296, 0.340698242, -0.899047852, -0.274536133, -0.909390697, -0.241112252, -0.338710384, 0, 1, 3, 1, 
179.894499, 19, 0.1, 0.1, 0.0166073235, 0.378988187, -0.0349458793, 0.911114993, -1.71935453e-005, 0.41215224, 0.412152239, -4.60588753e-005, -0.911114992, 3.46485655e-005, 0.999999999, -3.48785736e-005, 0.911115004, -8.67872245e-006, 0.412152216, 0.412152216, -2.82183617e-005, -0.911115004, 1.95375746e-005, 1, -2.21332181e-005, 0, 0, 0, 0, 0, 0, 0, 0.286173633, -0.0974773193, -0.263155664, -0.107860932, 0.677069078, -0.72794896, -0.894287109, 0.253662109, 0.368408203, 0.43408268, 0.690795913, 0.578271175, 0, 0, -0, 0, 0, 0, 0, 0.355990186, -0.0650895996, -0.220926025, 0.238330585, 0.36509374, -0.899822296, 0.340698242, -0.899047852, -0.274536133, -0.909390697, -0.241112252, -0.338710384, 0, 1, 3, 1, 
179.895609, 19, 0.1, 0.1, 0.016607324, 0.378988181, -0.0349465254, 0.911114961, 1.23677624e-005, 0.412152311, 0.41215231, 4.47793562e-005, -0.91111496, -2.97243685e-005, 0.999999999, 3.57017395e-005, 0.911114966, 1.19501499e-005, 0.4121523, 0.412152299, 4.57968028e-005, -0.911114965, -2.9763218e-005, 0.999999999, 3.68008707e-005, 0, 0, 0, 0, 0, 0, 0, 0.286173633, -0.0974773193, -0.263155664, -0.107860932, 0.677069078, -0.72794896, -0.894287109, 0.253662109, 0.368408203, 0.43408268, 0.690795913, 0.578271175, 0, 0, -0, 0, 0, 0, 0, 0.355990186, -0.0650895996, -0.220926025, 0.238330585, 0.36509374, -0.899822296, 0.340698242, -0.899047852, -0.274536133, -0.909390697, -0.241112252, -0.338710384, 0, 1, 3, 1, 
179.896724, 19, 0.1, 0.1, 0.0166073272, 0.37898819, -0.0349493368, 0.911114944, -1.63390588e-006, 0.41215235, 0.41215235, -1.49892892e-005, -0.911114944, 7.66654682e-006, 1, -1.29835472e-005, 0.911114948, -1.00596237e-005, 0.412152339, 0.412152338, -3.58655534e-005, -0.911114948, 2.39475453e-005, 0.999999999, -2.85315444e-005, 0, 0, 0, 0, 0, 0, 0, 0.286173633, -0.0974773193, -0.263155664, -0.107860932, 0.677069078, -0.72794896, -0.894287109, 0.253662109, 0.368408203, 0.43408268, 0.690795913, 0.578271175, 0, 0, -0, 0, 0, 0, 0, 0.355990186, -0.0650895996, -0.220926025, 0.238330585, 0.36509374, -0.899822296, 0.340698242, -0.899047852, -0.274536133, -0.909390697, -0.241112252, -0.338710384, 0, 1, 3, 1, 
179.897896, 19, 0.1, 0.1, 0.0166073217, 0.378988176, -0.0349522114, 0.911114906, -8.28585521e-006, 0.412152432, 0.412152432, -1.53081241e-005, -0.911114906, 1.38586468e-005, 1, -1.05324247e-005, 0.911114917, 7.22073517e-006, 0.41215241, 0.41215241, 2.10899608e-005, -0.911114916, -1.52711977e-005, 1, 1.62393344e-005, 0, 0, 0, 0, 0, 0, 0, 0.286794897, -0.099445874, -0.262660986, -0.1089891, 0.673357697, -0.731079965, -0.892700195, 0.257080078, 0.369873047, 0.437103978, 0.693114025, 0.573329032, 0, 0, -0, 0, 0, 0, 0, 0.357109814, -0.0665185547, -0.22057207, 0.238305066, 0.361010562, -0.901515355, 0.341186523, -0.900146484, -0.270263672, -0.909147893, -0.243137067, -0.337783648, 0, 1, 3, 1, 
179.899031, 19, 0.1, 0.1, 0.0166073244, 0.378988177, -0.0349534375, 0.911114864, 1.37901776e-005, 0.412152525, 0.412152525, 4.09149295e-005, -0.911114864, -2.94276273e-005, 0.999999999, 3.1594544e-005, 0.911114872, 6.36337332e-006, 0.412152509, 0.412152508, 2.46628532e-005, -0.911114872, -1.59626209e-005, 1, 1.9848012e-005, 0, 0, 0, 0, 0, 0, 0, 0.286794897, -0.099445874, -0.262660986, -0.1089891, 0.673357697, -0.731079965, -0.892700195, 0.257080078, 0.369873047, 0.437103978, 0.693114025, 0.573329032, 0, 0, -0, 0, 0, 0, 0, 0.357109814, -0.0665185547, -0.22057207, 0.238305066, 0.361010562, -0.901515355, 0.341186523, -0.900146484, -0.270263672, -0.909147893, -0.243137067, -0.337783648, 0, 1, 3, 1, 
179.900205, 19, 0.1, 0.1, 0.0166073262, 0.378988183, -0.0349526289, 0.911114844, -1.35078022e-005, 0.41215257, 0.412152569, -3.98868063e-005, -0.911114844, 2.87466088e-005, 0.999999999, -3.07741859e-005, 0.911114847, -1.35051436e-005, 0.412152564, 0.412152563, -4.23021727e-005, -0.911114846, 2.97396858e-005, 0.999999999, -3.2975958e-005, 0, 0, 0, 0, 0, 0, 0, 0.287208545, -0.10095708, -0.261946484, -0.109793758, 0.669868355, -0.734293346, -0.891235352, 0.260620117, 0.37097168, 0.439826854, 0.695273377, 0.56864712, 0, 0, -0, 0, 0, 0, 0, 0.357822754, -0.068163916, -0.219991699, 0.238899314, 0.356876344, -0.903048734, 0.341430664, -0.901367188, -0.265991211, -0.908962693, -0.244676275, -0.337208356, 0, 1, 3, 1, 
179.900975, 19, 0.1, 0.1, 0.0166073265, 0.378988182, -0.0349535366, 0.911114841, 3.83171575e-007, 0.412152576, 0.412152576, 6.49348672e-006, -0.911114841, -3.02542059e-006, 1, 5.75838697e-006, 0.911114842, 4.55835101e-006, 0.412152575, 0.412152575, 1.73114277e-005, -0.911114842, -1.12881308e-005, 1, 1.38939626e-005, 0, 0, 0, 0, 0, 0, 0, 0.287208545, -0.10095708, -0.261946484, -0.109793758, 0.669868355, -0.734293346, -0.891235352, 0.260620117, 0.37097168, 0.439826854, 0.695273377, 0.56864712, 0, 0, -0, 0, 0, 0, 0, 0.357822754, -0.068163916, -0.219991699, 0.238899314, 0.356876344, -0.903048734, 0.341430664, -0.901367188, -0.265991211, -0.908962693, -0.244676275, -0.337208356, 0, 1, 3, 1, 
179.901678, 19, 0.1, 0.1, 0.0166073289, 0.378988187, -0.0349591727, 0.911114835, 3.19583327e-006, 0.412152591, 0.412152591, 6.04833546e-006, -0.911114835, -5.40460823e-006, 1, 4.1935572e-006, 0.911114837, -5.39120026e-006, 0.412152586, 0.412152586, -1.37875049e-005, -0.911114837, 1.05945583e-005, 1, -1.03400031e-005, 0, 0, 0, 0, 0, 0, 0, 0.287208545, -0.10095708, -0.261946484, -0.109793758, 0.669868355, -0.734293346, -0.891235352, 0.260620117, 0.37097168, 0.439826854, 0.695273377, 0.56864712, 0, 0, -0, 0, 0, 0, 0, 0.357822754, -0.068163916, -0.219991699, 0.238899314, 0.356876344, -0.903048734, 0.341430664, -0.901367188, -0.265991211, -0.908962693, -0.244676275, -0.337208356, 0, 1, 3, 1, 
179.902387, 19, 0.1, 0.1, 0.0166073277, 0.378988185, -0.0349673638, 0.911114829, -2.15966403e-006, 0.412152604, 0.412152604, -1.39153042e-005, -0.911114829, 7.70293079e-006, 1, -1.17883289e-005, 0.91111483, 7.77140563e-007, 0.412152602, 0.412152602, -6.01007927e-006, -0.91111483, 1.76900552e-006, 1, -5.79617285e-006, 0, 0, 0, 0, 0, 0, 0, 0.287208545, -0.10095708, -0.261946484, -0.109793758, 0.669868355, -0.734293346, -0.891235352, 0.260620117, 0.37097168, 0.439826854, 0.695273377, 0.56864712, 0, 0, -0, 0, 0, 0, 0, 0.357822754, -0.068163916, -0.219991699, 0.238899314, 0.356876344, -0.903048734, 0.341430664, -0.901367188, -0.265991211, -0.908962693, -0.244676275, -0.337208356, 0, 1, 3, 1, 
179.903083, 19, 0.1, 0.1, 0.0166073268, 0.378988184, -0.0349751399, 0.911114825, 6.46923824e-006, 0.412152612, 0.412152612, 1.52766807e-005, -0.911114825, -1.21905427e-005, 1, 1.12524968e-005, 0.911114826, 6.90564769e-006, 0.412152609, 0.412152609, 1.43959248e-005, -0.911114826, -1.2225156e-005, 1, 1.02701598e-005, 0, 0, 0, 0, 0, 0, 0, 0.287208545, -0.10095708, -0.261946484, -0.109793758, 0.669868355, -0.734293346, -0.891235352, 0.260620117, 0.37097168, 0.439826854, 0.695273377, 0.56864712, 0, 0, -0, 0, 0, 0, 0, 0.357822754, -0.068163916, -0.219991699, 0.238899314, 0.356876344, -0.903048734, 0.341430664, -0.901367188, -0.265991211, -0.908962693, -0.244676275, -0.337208356, 0, 1, 3, 1, 
179.903785, 19, 0.1, 0.1, 0.0166073265, 0.378988186, -0.0349806152, 0.911114792, 5.43105585e-006, 0.412152685, 0.412152685, -1.76420823e-005, -0.911114792, 2.32291624e-006, 1, -1.83123864e-005, 0.911114804, 1.87804053e-006, 0.412152659, 0.412152659, -1.67397612e-005, -0.911114804, 5.18822656e-006, 1, -1.60258836e-005, 0, 0, 0, 0, 0, 0, 0, 0.287208545, -0.10095708, -0.261946484, -0.109793758, 0.669868355, -0.734293346, -0.891235352, 0.260620117, 0.37097168, 0.439826854, 0.695273377, 0.56864712, 0, 0, -0, 0, 0, 0, 0, 0.357822754, -0.068163916, -0.219991699, 0.238899314, 0.356876344, -0.903048734, 0.341430664, -0.901367188, -0.265991211, -0.908962693, -0.244676275, -0.337208356, 0, 1, 3, 1, 
179.904499, 19, 0.1, 0.1, 0.0166073259, 0.378988186, -0.0349824138, 0.911114694, -1.13898993e-005, 0.412152902, 0.412152903, 1.10060044e-005, -0.911114694, 5.84134792e-006, 1, 1.47221124e-005, 0.911114723, -1.48525977e-006, 0.412152838, 0.412152838, 7.0243197e-006, -0.911114723, -1.54185125e-006, 1, 7.01211512e-006, 0, 0, 0, 0, 0, 0, 0, 0.287208545, -0.10095708, -0.261946484, -0.111455493, 0.665973127, -0.737564015, -0.890014648, 0.263061523, 0.372070313, 0.441820334, 0.697991384, 0.563603506, 0, 0, -0, 0, 0, 0, 0, 0.357822754, -0.068163916, -0.219991699, 0.238899314, 0.356876344, -0.903048734, 0.341430664, -0.901367188, -0.265991211, -0.908962693, -0.244676275, -0.337208356, 0, 1, 3, 1, 
179.905207, 19, 0.1, 0.1, 0.0166073288, 0.378988183, -0.0349800147, 0.911114564, 1.03606228e-005, 0.41215319, 0.41215319, -2.77662803e-007, -0.911114564, -9.32527471e-006, 1, -4.52314636e-006, 0.911114589, -2.97869367e-006, 0.412153134, 0.412153134, 5.7590267e-006, -0.911114589, 3.4033036e-007, 1, 6.47481117e-006, 0, 0, 0, 0, 0, 0, 0, 0.287799414, -0.102487329, -0.261012769, -0.111455493, 0.665973127, -0.737564015, -0.890014648, 0.263061523, 0.372070313, 0.441820334, 0.697991384, 0.563603506, 0, 0, -0, 0, 0, 0, 0, 0.358497607, -0.0694030762, -0.219414502, 0.238861034, 0.35249276, -0.904741793, 0.342407227, -0.90234375, -0.261230469, -0.908598488, -0.247346377, -0.336281619, 0, 1, 3, 1, 
179.905905, 19, 0.1, 0.1, 0.0166073252, 0.378988185, -0.0349747224, 0.911114456, -7.28128567e-006, 0.412153428, 0.412153428, 1.37180015e-008, -0.911114456, 6.62843071e-006, 1, 3.01350552e-006, 0.911114475, 7.67669484e-006, 0.412153386, 0.412153386, -4.56936255e-006, -0.911114475, -5.11106954e-006, 1, -7.32718813e-006, 0, 0, 0, 0, 0, 0, 0, 0.287799414, -0.102487329, -0.261012769, -0.111455493, 0.665973127, -0.737564015, -0.890014648, 0.263061523, 0.372070313, 0.441820334, 0.697991384, 0.563603506, 0, 0, -0, 0, 0, 0, 0, 0.358497607, -0.0694030762, -0.219414502, 0.238861034, 0.35249276, -0.904741793, 0.342407227, -0.90234375, -0.261230469, -0.908598488, -0.247346377, -0.336281619, 0, 1, 3, 1, 
179.906607, 19, 0.1, 0.1, 0.0166073277, 0.378988185, -0.0349681929, 0.911114362, 8.24403285e-006, 0.412153636, 0.412153636, -7.80024827e-006, -0.911114362, -4.29635604e-006, 1, -1.05047263e-005, 0.91111438, 3.04855682e-006, 0.412153596, 0.412153596, -5.83973995e-006, -0.91111438, -3.70714135e-007, 1, -6.5771447e-006, 0, 0, 0, 0, 0, 0, 0, 0.287799414, -0.102487329, -0.261012769, -0.111455493, 0.665973127, -0.737564015, -0.890014648, 0.263061523, 0.372070313, 0.441820334, 0.697991384, 0.563603506, 0, 0, -0, 0, 0, 0, 0, 0.358497607, -0.0694030762, -0.219414502, 0.238861034, 0.35249276, -0.904741793, 0.342407227, -0.90234375, -0.261230469, -0.908598488, -0.247346377, -0.336281619, 0, 1, 3, 1, 
179.907309, 19, 0.1, 0.1, 0.0166073278, 0.378988186, -0.0349625066, 0.911114274, 9.50250762e-006, 0.41215383, 0.41215383, 4.11092864e-006, -0.911114274, -1.03522053e-005, 1, -1.70969141e-007, 0.911114294, -5.51215236e-007, 0.412153785, 0.412153785, -3.01613334e-006, -0.911114294, 1.74533085e-006, 1, -2.52085676e-006, 0, 0, 0, 0, 0, 0, 0, 0.287799414, -0.102487329, -0.261012769, -0.111455493, 0.665973127, -0.737564015, -0.890014648, 0.263061523, 0.372070313, 0.441820334, 0.697991384, 0.563603506, 0, 0, -0, 0, 0, 0, 0, 0.358497607, -0.0694030762, -0.219414502, 0.238861034, 0.35249276, -0.904741793, 0.342407227, -0.90234375, -0.261230469, -0.908598488, -0.247346377, -0.336281619, 0, 1, 3, 1, 
179.908006, 19, 0.1, 0.1, 0.016607329, 0.378988186, -0.0349592282, 0.911114142, -1.70811771e-005, 0.412154121, 0.41215412, -2.13480562e-005, -0.911114143, 2.43615914e-005, 1, -1.24104384e-005, 0.911114168, -1.11188801e-005, 0.412154064, 0.412154064, -1.31783813e-005, -0.911114168, 1.55620926e-005, 1, -7.42431834e-006, 0, 0, 0, 0, 0, 0, 0, 0.287799414, -0.102487329, -0.261012769, -0.111455493, 0.665973127, -0.737564015, -0.890014648, 0.263061523, 0.372070313, 0.441820334, 0.697991384, 0.563603506, 0, 0, -0, 0, 0, 0, 0, 0.358497607, -0.0694030762, -0.219414502, 0.238861034, 0.35249276, -0.904741793, 0.342407227, -0.90234375, -0.261230469, -0.908598488, -0.247346377, -0.336281619, 0, 1, 3, 1, 
179.908707, 19, 0.1, 0.1, 0.0166073308, 0.378988183, -0.03495919, 0.911114061, 1.77721846e-005, 0.4121543, 0.4121543, 3.3808052e-005, -0.911114061, -3.01266213e-005, 0.999999999, 2.34781093e-005, 0.911114065, 6.05444536e-006, 0.412154292, 0.412154292, 2.86076951e-005, -0.911114065, -1.73070746e-005, 1, 2.35695077e-005, 0, 0, 0, 0, 0, 0, 0, 0.287799414, -0.102487329, -0.261012769, -0.111455493, 0.665973127, -0.737564015, -0.890014648, 0.263061523, 0.372070313, 0.441820334, 0.697991384, 0.563603506, 0, 0, -0, 0, 0, 0, 0, 0.358497607, -0.0694030762, -0.219414502, 0.238861034, 0.35249276, -0.904741793, 0.342407227, -0.90234375, -0.261230469, -0.908598488, -0.247346377, -0.336281619, 0, 1, 3, 1, 
179.909438, 19, 0.1, 0.1, 0.0166073252, 0.378988185, -0.034962219, 0.911114139, -8.09437413e-006, 0.412154129, 0.412154128, -4.243531e-005, -0.911114138, 2.48647869e-005, 0.999999999, -3.53272812e-005, 0.911114101, 1.33532183e-005, 0.412154212, 0.412154212, -2.75574004e-005, -0.911114101, -8.08406898e-007, 1, -3.06115212e-005, 0, 0, 0, 0, 0, 0, 0, 0.28817522, -0.103803857, -0.260083813, -0.112933381, 0.661874957, -0.740936155, -0.889038086, 0.26550293, 0.372680664, 0.44341392, 0.700988717, 0.558699556, 0, 0, -0, 0, 0, 0, 0, 0.358497607, -0.0694030762, -0.219414502, 0.238254026, 0.347789814, -0.906645572, 0.342529297, -0.903686523, -0.256591797, -0.908662287, -0.249313589, -0.334517831, 0, 1, 3, 1, 
179.910132, 19, 0.1, 0.1, 0.0166073378, 0.378988193, -0.0349668227, 0.911114395, -3.62067461e-005, 0.412153562, 0.412153562, 1.04192514e-005, -0.911114395, 2.8694156e-005, 0.999999999, 2.44158693e-005, 0.91111433, -4.26601693e-005, 0.412153703, 0.412153704, -7.07262884e-006, -0.911114331, 4.17833018e-005, 0.999999999, 1.11385733e-005, 0, 0, 0, 0, 0, 0, 0, 0.28817522, -0.103803857, -0.260083813, -0.112933381, 0.661874957, -0.740936155, -0.889038086, 0.26550293, 0.372680664, 0.44341392, 0.700988717, 0.558699556, 0, 0, -0, 0, 0, 0, 0, 0.35912583, -0.0708718262, -0.218833643, 0.238254026, 0.347789814, -0.906645572, 0.342529297, -0.903686523, -0.256591797, -0.908662287, -0.249313589, -0.334517831, 0, 1, 3, 1, 
179.910831, 19, 0.1, 0.1, 0.0166073335, 0.378988182, -0.0349719675, 0.911114832, 4.04194473e-005, 0.412152594, 0.412152594, 2.16187083e-005, -0.911114833, -4.57369647e-005, 0.999999999, 3.03814576e-006, 0.911114734, 3.07704863e-005, 0.412152812, 0.412152811, 3.28255694e-005, -0.911114734, -4.15645942e-005, 0.999999999, 1.72257175e-005, 0, 0, 0, 0, 0, 0, 0, 0.28817522, -0.103803857, -0.260083813, -0.112933381, 0.661874957, -0.740936155, -0.889038086, 0.26550293, 0.372680664, 0.44341392, 0.700988717, 0.558699556, 0, 0, -0, 0, 0, 0, 0, 0.35912583, -0.0708718262, -0.218833643, 0.238254026, 0.347789814, -0.906645572, 0.342529297, -0.903686523, -0.256591797, -0.908662287, -0.249313589, -0.334517831, 0, 1, 3, 1, 
179.911529, 19, 0.1, 0.1, 0.0166073227, 0.378988189, -0.0349761366, 0.911115402, 6.29849747e-006, 0.412151337, 0.412151337, -3.65177254e-005, -0.911115401, 9.31217131e-006, 0.999999999, -3.58677962e-005, 0.91111528, 2.4582333e-005, 0.412151605, 0.412151606, -3.1257072e-005, -0.91111528, -9.51468679e-006, 0.999999999, -3.86104439e-005, 0, 0, 0, 0, 0, 0, 0, 0.28817522, -0.103803857, -0.260083813, -0.112933381, 0.661874957, -0.740936155, -0.889038086, 0.26550293, 0.372680664, 0.44341392, 0.700988717, 0.558699556, 0, 0, -0, 0, 0, 0, 0, 0.35912583, -0.0708718262, -0.218833643, 0.238254026, 0.347789814, -0.906645572, 0.342529297, -0.903686523, -0.256591797, -0.908662287, -0.249313589, -0.334517831, 0, 1, 3, 1, 
179.912238, 19, 0.1, 0.1, 0.0166073334, 0.378988193, -0.0349780906, 0.911116094, -4.18563872e-005, 0.412149804, 0.412149805, 1.38668533e-005, -0.911116095, 3.24208072e-005, 0.999999999, 2.9885415e-005, 0.911115952, -4.09215382e-005, 0.412150119, 0.412150119, -7.75547271e-008, -0.911115953, 3.73162305e-005, 0.999999999, 1.67951555e-005, 0, 0, 0, 0, 0, 0, 0, 0.28817522, -0.103803857, -0.260083813, -0.112933381, 0.661874957, -0.740936155, -0.889038086, 0.26550293, 0.372680664, 0.44341392, 0.700988717, 0.558699556, 0, 0, -0, 0, 0, 0, 0, 0.359485889, -0.0723605957, -0.218482373, 0.23706553, 0.342869584, -0.908868714, 0.342651367, -0.904907227, -0.251953125, -0.909032688, -0.251549124, -0.332051153, 0, 1, 3, 1, 
179.912934, 19, 0.1, 0.1, 0.0166073382, 0.378988181, -0.0349773794, 0.911116868, 1.08233714e-005, 0.412148095, 0.412148094, 3.31112521e-005, -0.911116868, -2.35080957e-005, 0.999999999, 2.57073885e-005, 0.91111671, 3.25679141e-007, 0.412148445, 0.412148445, 3.95545931e-005, -0.911116709, -1.65990958e-005, 0.999999999, 3.59046226e-005, 0, 0, 0, 0, 0, 0, 0, 0.28817522, -0.103803857, -0.260083813, -0.112933381, 0.661874957, -0.740936155, -0.889038086, 0.26550293, 0.372680664, 0.44341392, 0.700988717, 0.558699556, 0, 0, -0, 0, 0, 0, 0, 0.359485889, -0.0723605957, -0.218482373, 0.23706553, 0.342869584, -0.908868714, 0.342651367, -0.904907227, -0.251953125, -0.909032688, -0.251549124, -0.332051153, 0, 1, 3, 1, 
179.913643, 19, 0.1, 0.1, 0.0166073324, 0.378988184, -0.0349743393, 0.911117726, 3.84697054e-006, 0.412146199, 0.412146199, -3.1281117e-005, -0.911117726, 9.38735043e-006, 1, -3.00862945e-005, 0.911117553, 1.63975365e-005, 0.412146581, 0.412146581, -2.3479676e-005, -0.911117553, -5.26301512e-006, 1, -2.81509336e-005, 0, 0, 0, 0, 0, 0, 0, 0.28817522, -0.103803857, -0.260083813, -0.112933381, 0.661874957, -0.740936155, -0.889038086, 0.26550293, 0.372680664, 0.44341392, 0.700988717, 0.558699556, 0, 0, -0, 0, 0, 0, 0, 0.359485889, -0.0723605957, -0.218482373, 0.23706553, 0.342869584, -0.908868714, 0.342651367, -0.904907227, -0.251953125, -0.909032688, -0.251549124, -0.332051153, 0, 1, 3, 1, 
179.914356, 19, 0.1, 0.1, 0.0166073375, 0.378988187, -0.0349699583, 0.911118631, -1.24782309e-005, 0.412144197, 0.412144197, 2.24387771e-005, -0.911118631, 2.12113688e-006, 1, 2.55872183e-005, 0.911118446, -1.90301961e-005, 0.412144608, 0.412144608, 6.62759986e-006, -0.911118446, 1.46072332e-005, 1, 1.38817212e-005, 0, 0, 0, 0, 0, 0, 0, 0.288558472, -0.105344971, -0.259162305, -0.114271606, 0.65775769, -0.744447958, -0.888061523, 0.268066406, 0.373168945, 0.445108977, 0.703865483, 0.553694134, 0, 0, -0, 0, 0, 0, 0, 0.359485889, -0.0723605957, -0.218482373, 0.23706553, 0.342869584, -0.908868714, 0.342651367, -0.904907227, -0.251953125, -0.909032688, -0.251549124, -0.332051153, 0, 1, 3, 1, 
179.91505, 19, 0.1, 0.1, 0.0166073325, 0.378988179, -0.0349657507, 0.911119558, 2.16604589e-005, 0.412142149, 0.41214215, -1.36666905e-006, -0.911119558, -1.91720058e-005, 1, -1.0172387e-005, 0.911119375, 2.21164746e-005, 0.412142552, 0.412142552, 1.90693262e-005, -0.911119375, -2.80100294e-005, 1, 8.2592923e-006, 0, 0, 0, 0, 0, 0, 0, 0.288558472, -0.105344971, -0.259162305, -0.114271606, 0.65775769, -0.744447958, -0.888061523, 0.268066406, 0.373168945, 0.445108977, 0.703865483, 0.553694134, 0, 0, -0, 0, 0, 0, 0, 0.359485889, -0.0723605957, -0.218482373, 0.23706553, 0.342869584, -0.908868714, 0.342651367, -0.904907227, -0.251953125, -0.909032688, -0.251549124, -0.332051153, 0, 1, 3, 1, 
179.915749, 19, 0.1, 0.1, 0.0166073374, 0.378988187, -0.0349629461, 0.911120544, -3.06382205e-005, 0.412139968, 0.412139968, -1.42666046e-005, -0.911120544, 3.37949501e-005, 0.999999999, -3.71361271e-007, 0.911120347, -2.63824556e-005, 0.412140405, 0.412140404, -2.85366493e-005, -0.911120347, 3.57986983e-005, 0.999999999, -1.51270459e-005, 0, 0, 0, 0, 0, 0, 0, 0.288558472, -0.105344971, -0.259162305, -0.114271606, 0.65775769, -0.744447958, -0.888061523, 0.268066406, 0.373168945, 0.445108977, 0.703865483, 0.553694134, 0, 0, -0, 0, 0, 0, 0, 0.359485889, -0.0723605957, -0.218482373, 0.23706553, 0.342869584, -0.908868714, 0.342651367, -0.904907227, -0.251953125, -0.909032688, -0.251549124, -0.332051153, 0, 1, 3, 1, 
179.916452, 19, 0.1, 0.1, 0.0166073392, 0.378988176, -0.0349622858, 0.911121591, 2.06091408e-005, 0.412137654, 0.412137653, 3.85005142e-005, -0.911121591, -3.46449447e-005, 0.999999999, 2.65848468e-005, 0.911121377, 1.01492319e-005, 0.412138128, 0.412138127, 4.44810897e-005, -0.911121376, -2.75795352e-005, 0.999999999, 3.63447863e-005, 0, 0, 0, 0, 0, 0, 0, 0.288558472, -0.105344971, -0.259162305, -0.114271606, 0.65775769, -0.744447958, -0.888061523, 0.268066406, 0.373168945, 0.445108977, 0.703865483, 0.553694134, 0, 0, -0, 0, 0, 0, 0, 0.359485889, -0.0723605957, -0.218482373, 0.23706553, 0.342869584, -0.908868714, 0.342651367, -0.904907227, -0.251953125, -0.909032688, -0.251549124, -0.332051153, 0, 1, 3, 1, 
179.917174, 19, 0.1, 0.1, 0.0166073342, 0.378988181, -0.0349635735, 0.911122734, -7.85050637e-006, 0.412135128, 0.412135127, -3.99414812e-005, -0.911122733, 2.36140623e-005, 0.999999999, -3.31561221e-005, 0.911122509, 4.51261313e-006, 0.412135626, 0.412135626, -3.53350051e-005, -0.911122508, 1.04512711e-005, 0.999999999, -3.40543271e-005, 0, 0, 0, 0, 0, 0, 0, 0.28893147, -0.106867041, -0.258661523, -0.115856956, 0.654046309, -0.747458396, -0.88659668, 0.270996094, 0.374633789, 0.447584727, 0.706183595, 0.548732895, 0, 0, -0, 0, 0, 0, 0, 0.359615869, -0.0737756348, -0.218336035, 0.235928073, 0.338499127, -0.910861812, 0.341064453, -0.906494141, -0.248535156, -0.909888696, -0.252008477, -0.329437554, 0, 1, 3, 1, 
179.917888, 19, 0.1, 0.1, 0.0166073401, 0.378988183, -0.0349663179, 0.911123904, -1.16404093e-006, 0.412132542, 0.412132542, 2.8069119e-005, -0.911123903, -1.05076118e-005, 1, 2.60541844e-005, 0.911123671, -1.61938049e-005, 0.412133057, 0.412133057, 1.54571183e-005, -0.91112367, 8.38416956e-006, 1, 2.07573487e-005, 0, 0, 0, 0, 0, 0, 0, 0.28893147, -0.106867041, -0.258661523, -0.115856956, 0.654046309, -0.747458396, -0.88659668, 0.270996094, 0.374633789, 0.447584727, 0.706183595, 0.548732895, 0, 0, -0, 0, 0, 0, 0, 0.359615869, -0.0737756348, -0.218336035, 0.235928073, 0.338499127, -0.910861812, 0.341064453, -0.906494141, -0.248535156, -0.909888696, -0.252008477, -0.329437554, 0, 1, 3, 1, 
179.918594, 19, 0.1, 0.1, 0.0166073333, 0.378988179, -0.0349697739, 0.911125081, 1.97942462e-005, 0.412129938, 0.412129938, -1.70359381e-005, -0.911125081, -1.1014014e-005, 1, -2.36796719e-005, 0.911124847, 2.59534173e-005, 0.412130456, 0.412130457, -1.98056323e-006, -0.911124847, -2.28305529e-005, 1, -1.25007341e-005, 0, 0, 0, 0, 0, 0, 0, 0.28893147, -0.106867041, -0.258661523, -0.115856956, 0.654046309, -0.747458396, -0.88659668, 0.270996094, 0.374633789, 0.447584727, 0.706183595, 0.548732895, 0, 0, -0, 0, 0, 0, 0, 0.359615869, -0.0737756348, -0.218336035, 0.235928073, 0.338499127, -0.910861812, 0.341064453, -0.906494141, -0.248535156, -0.909888696, -0.252008477, -0.329437554, 0, 1, 3, 1, 
179.919295, 19, 0.1, 0.1, 0.0166073363, 0.378988186, -0.0349728906, 0.911126254, -1.74054998e-005, 0.412127345, 0.412127345, -1.43387582e-006, -0.911126254, 1.64495473e-005, 1, 5.86684054e-006, 0.911126018, -1.55746584e-005, 0.412127868, 0.412127868, -1.81825722e-005, -0.911126018, 2.16840212e-005, 1, -1.01478639e-005, 0, 0, 0, 0, 0, 0, 0, 0.28893147, -0.106867041, -0.258661523, -0.115856956, 0.654046309, -0.747458396, -0.88659668, 0.270996094, 0.374633789, 0.447584727, 0.706183595, 0.548732895, 0, 0, -0, 0, 0, 0, 0, 0.359615869, -0.0737756348, -0.218336035, 0.235928073, 0.338499127, -0.910861812, 0.341064453, -0.906494141, -0.248535156, -0.909888696, -0.252008477, -0.329437554, 0, 1, 3, 1, 
179.919994, 19, 0.1, 0.1, 0.0166073352, 0.378988179, -0.0349747848, 0.911127417, 1.47961832e-005, 0.412124775, 0.412124775, 1.3949583e-005, -0.911127417, -1.9230177e-005, 1, 6.61197386e-006, 0.91112719, 1.19769737e-005, 0.412125277, 0.412125277, 2.28806039e-005, -0.91112719, -2.03422216e-005, 1, 1.59111267e-005, 0, 0, 0, 0, 0, 0, 0, 0.28893147, -0.106867041, -0.258661523, -0.115856956, 0.654046309, -0.747458396, -0.88659668, 0.270996094, 0.374633789, 0.447584727, 0.706183595, 0.548732895, 0, 0, -0, 0, 0, 0, 0, 0.359615869, -0.0737756348, -0.218336035, 0.235928073, 0.338499127, -0.910861812, 0.341064453, -0.906494141, -0.248535156, -0.909888696, -0.252008477, -0.329437554, 0, 1, 3, 1, 
179.920698, 19, 0.1, 0.1, 0.0166073361, 0.378988185, -0.0349749561, 0.911128557, -1.77495179e-005, 0.412122254, 0.412122254, -2.01917441e-005, -0.911128557, 2.44935598e-005, 1, -1.10823034e-005, 0.911128336, -1.18854937e-005, 0.412122743, 0.412122743, -2.39807469e-005, -0.911128336, 2.07122213e-005, 1, -1.69512557e-005, 0, 0, 0, 0, 0, 0, 0, 0.28893147, -0.106867041, -0.258661523, -0.115856956, 0.654046309, -0.747458396, -0.88659668, 0.270996094, 0.374633789, 0.447584727, 0.706183595, 0.548732895, 0, 0, -0, 0, 0, 0, 0, 0.359615869, -0.0737756348, -0.218336035, 0.235928073, 0.338499127, -0.910861812, 0.341064453, -0.906494141, -0.248535156, -0.909888696, -0.252008477, -0.329437554, 0, 1, 3, 1, 
179.921413, 19, 0.1, 0.1, 0.0166073395, 0.37898818, -0.0349734306, 0.911129696, 8.32007053e-006, 0.412119737, 0.412119736, 2.91193563e-005, -0.911129696, -1.95813248e-005, 1, 2.3102645e-005, 0.911129451, -2.13873692e-006, 0.412120277, 0.412120277, 2.67081284e-005, -0.911129451, -9.05829509e-006, 1, 2.52159792e-005, 0, 0, 0, 0, 0, 0, 0, 0.28893147, -0.106867041, -0.258661523, -0.117023317, 0.649529148, -0.751224439, -0.885131836, 0.274780273, 0.375488281, 0.450364891, 0.708876514, 0.542902597, 0, 0, -0, 0, 0, 0, 0, 0.359615869, -0.0737756348, -0.218336035, 0.235928073, 0.338499127, -0.910861812, 0.341064453, -0.906494141, -0.248535156, -0.909888696, -0.252008477, -0.329437554, 0, 1, 3, 1, 
179.922126, 19, 0.1, 0.1, 0.0166073349, 0.378988181, -0.0349705238, 0.91113083, 2.58636217e-007, 0.412117229, 0.412117229, -2.89920777e-005, -0.91113083, 1.17124833e-005, 1, -2.65221643e-005, 0.911130603, 1.36728228e-005, 0.412117731, 0.412117731, -1.84436304e-005, -0.911130603, -4.85678013e-006, 1, -2.24393688e-005, 0, 0, 0, 0, 0, 0, 0, 0.288880322, -0.108652393, -0.258202002, -0.117023317, 0.649529148, -0.751224439, -0.885131836, 0.274780273, 0.375488281, 0.450364891, 0.708876514, 0.542902597, 0, 0, -0, 0, 0, 0, 0, 0.359803955, -0.0754634766, -0.217971582, 0.235640427, 0.333215059, -0.912816631, 0.339111328, -0.908447266, -0.244018555, -0.910655385, -0.251950142, -0.327188159, 0, 1, 3, 1, 
179.922833, 19, 0.1, 0.1, 0.0166073411, 0.378988184, -0.0349674654, 0.91113196, -1.40957782e-005, 0.412114731, 0.412114731, 2.16109336e-005, -0.91113196, 3.93692989e-006, 1, 2.54994901e-005, 0.911131736, -2.18571582e-005, 0.412115227, 0.412115227, 5.70378564e-006, -0.911131736, 1.75641336e-005, 1, 1.42045678e-005, 0, 0, 0, 0, 0, 0, 0, 0.288880322, -0.108652393, -0.258202002, -0.117023317, 0.649529148, -0.751224439, -0.885131836, 0.274780273, 0.375488281, 0.450364891, 0.708876514, 0.542902597, 0, 0, -0, 0, 0, 0, 0, 0.359803955, -0.0754634766, -0.217971582, 0.235640427, 0.333215059, -0.912816631, 0.339111328, -0.908447266, -0.244018555, -0.910655385, -0.251950142, -0.327188159, 0, 1, 3, 1, 
179.923539, 19, 0.1, 0.1, 0.0166073349, 0.378988176, -0.0349651837, 0.911133114, 2.73614174e-005, 0.412112179, 0.412112179, -4.59254997e-006, -0.911133114, -2.30372477e-005, 1, -1.54603977e-005, 0.911132886, 2.68213359e-005, 0.412112683, 0.412112682, 1.69093312e-005, -0.911132886, -3.14063511e-005, 0.999999999, 4.35323503e-006, 0, 0, 0, 0, 0, 0, 0, 0.288880322, -0.108652393, -0.258202002, -0.117023317, 0.649529148, -0.751224439, -0.885131836, 0.274780273, 0.375488281, 0.450364891, 0.708876514, 0.542902597, 0, 0, -0, 0, 0, 0, 0, 0.359803955, -0.0754634766, -0.217971582, 0.235640427, 0.333215059, -0.912816631, 0.339111328, -0.908447266, -0.244018555, -0.910655385, -0.251950142, -0.327188159, 0, 1, 3, 1, 
179.924243, 19, 0.1, 0.1, 0.0166073372, 0.378988186, -0.0349642964, 0.911134298, -2.37944907e-005, 0.412109562, 0.412109561, -2.00552929e-005, -0.911134298, 2.99449546e-005, 1, -8.46712806e-006, 0.911134063, -1.88516898e-005, 0.412110082, 0.412110081, -3.37843181e-005, -0.911134063, 3.10992748e-005, 0.999999999, -2.30130716e-005, 0, 0, 0, 0, 0, 0, 0, 0.288880322, -0.108652393, -0.258202002, -0.117023317, 0.649529148, -0.751224439, -0.885131836, 0.274780273, 0.375488281, 0.450364891, 0.708876514, 0.542902597, 0, 0, -0, 0, 0, 0, 0, 0.359803955, -0.0754634766, -0.217971582, 0.235640427, 0.333215059, -0.912816631, 0.339111328, -0.908447266, -0.244018555, -0.910655385, -0.251950142, -0.327188159, 0, 1, 3, 1, 
