time, trialNum, realDorsalTactorPos, realVentralTactorPos, boxPosX, boxPosY, boxPosZ, boxLocalRot_11, boxLocalRot_12, boxLocalRot_13, boxLocalRot_21, boxLocalRot_22, boxLocalRot_23, boxLocalRot_31, boxLocalRot_32, boxLocalRot_33, boxGlobalRot_11, boxGlobalRot_12, boxGlobalRot_13, boxGlobalRot_21, boxGlobalRot_22, boxGlobalRot_23, boxGlobalRot_31, boxGlobalRot_32, boxGlobalRot_33, indexForceX, indexForceY, indexForceZ, indexForceGlobalX, indexForceGlobalY, indexForceGlobalZ, indexContact, indexPosX, indexPosY, indexPosZ, indexRot_11, indexRot_12, indexRot_13, indexRot_21, indexRot_22, indexRot_23, indexRot_31, indexRot_32, indexRot_33, thumbForceX, thumbForceY, thumbForceZ, thumbForceGlobalX, thumbForceGlobalY, thumbForceGlobalZ, thumbContact, thumbPosX, thumbPosY, thumbPosZ, thumbRot_11, thumbRot_12, thumbRot_13, thumbRot_21, thumbRot_22, thumbRot_23, thumbRot_31, thumbRot_32, thumbRot_33, manipForceTooHigh, cceExpType, mapping, trialSuccess, 
294.345098, 34, 0.1, 0.1, 0.0128867681, 0.345810893, -0.0349825317, 0.912564883, -0.408931942, -6.86348726e-007, 0.408931942, 0.912564883, 6.86387676e-006, -2.18052071e-006, -6.54440281e-006, 1, 0.912564883, -0.408931944, -2.43700198e-006, 0.408931944, 0.912564883, 2.87198277e-006, 1.04947693e-006, -3.61743857e-006, 1, 0, 0, 0, 0, 0, 0, 0, 0.321974341, -0.160556567, -0.2438927, -0.182819018, 0.478230858, -0.859021711, -0.89831543, 0.273681641, 0.34362793, 0.399360715, 0.834510269, 0.379655375, 0, 0, -0, 0, 0, 0, 0, 0.39193999, -0.105601172, -0.198707422, 0.280487993, 0.326676024, -0.90241954, 0.483154297, -0.860473633, -0.161376953, -0.829350265, -0.390600228, -0.399250036, 0, 1, 5, 1, 
294.346576, 34, 0.1, 0.1, 0.0128867716, 0.345810899, -0.034948322, 0.912564898, -0.408931909, -2.06215703e-005, 0.408931907, 0.912564898, -5.09182548e-005, 3.96406203e-005, 3.8033394e-005, 0.999999998, 0.912564899, -0.408931907, -1.27104805e-005, 0.408931907, 0.912564899, -3.12522716e-005, 2.43791894e-005, 2.3322005e-005, 0.999999999, 0, 0, 0, 0, 0, 0, 0, 0.322362476, -0.161649731, -0.242218823, -0.1839865, 0.474201958, -0.860953034, -0.897949219, 0.275146484, 0.343505859, 0.39979281, 0.836384304, 0.375264773, 0, 0, -0, 0, 0, 0, 0, 0.392241846, -0.107287305, -0.197439014, 0.281184687, 0.322662842, -0.903722875, 0.485229492, -0.860229492, -0.15612793, -0.827804127, -0.394458826, -0.398527823, 0, 1, 5, 1, 
294.347273, 34, 0.1, 0.1, 0.0128867741, 0.345810905, -0.0349486948, 0.912564892, -0.408931922, 1.54441112e-005, 0.408931921, 0.912564892, 3.96432191e-005, -3.03051314e-005, -2.98614199e-005, 0.999999999, 0.912564894, -0.408931919, -7.09658061e-008, 0.408931919, 0.912564894, -1.42462376e-006, 6.47335032e-007, 1.27104145e-006, 1, 0, 0, 0, 0, 0, 0, 0, 0.322362476, -0.161649731, -0.242218823, -0.1839865, 0.474201958, -0.860953034, -0.897949219, 0.275146484, 0.343505859, 0.39979281, 0.836384304, 0.375264773, 0, 0, -0, 0, 0, 0, 0, 0.392241846, -0.107287305, -0.197439014, 0.281184687, 0.322662842, -0.903722875, 0.485229492, -0.860229492, -0.15612793, -0.827804127, -0.394458826, -0.398527823, 0, 1, 5, 1, 
294.347973, 34, 0.1, 0.1, 0.0128867639, 0.345810878, -0.0349551468, 0.912564887, -0.408931933, 2.12216951e-005, 0.408931932, 0.912564887, 5.39997154e-005, -4.14483818e-005, -4.06000154e-005, 0.999999998, 0.912564888, -0.408931932, 2.99327823e-005, 0.408931929, 0.912564887, 7.45044314e-005, -5.77828471e-005, -5.57496577e-005, 0.999999997, 0, 0, 0, 0, 0, 0, 0, 0.322362476, -0.161649731, -0.242218823, -0.1839865, 0.474201958, -0.860953034, -0.897949219, 0.275146484, 0.343505859, 0.39979281, 0.836384304, 0.375264773, 0, 0, -0, 0, 0, 0, 0, 0.392241846, -0.107287305, -0.197439014, 0.281184687, 0.322662842, -0.903722875, 0.485229492, -0.860229492, -0.15612793, -0.827804127, -0.394458826, -0.398527823, 0, 1, 5, 1, 
294.348677, 34, 0.1, 0.1, 0.0128867693, 0.345810889, -0.0349651263, 0.912564877, -0.408931956, -3.0492028e-005, 0.408931953, 0.912564876, -7.33884326e-005, 5.7836829e-005, 5.45025414e-005, 0.999999997, 0.912564879, -0.408931951, -2.77853134e-005, 0.408931949, 0.912564878, -6.41706244e-005, 5.15973198e-005, 4.71975557e-005, 0.999999998, 0, 0, 0, 0, 0, 0, 0, 0.322362476, -0.161649731, -0.242218823, -0.1839865, 0.474201958, -0.860953034, -0.897949219, 0.275146484, 0.343505859, 0.39979281, 0.836384304, 0.375264773, 0, 0, -0, 0, 0, 0, 0, 0.392241846, -0.107287305, -0.197439014, 0.281184687, 0.322662842, -0.903722875, 0.485229492, -0.860229492, -0.15612793, -0.827804127, -0.394458826, -0.398527823, 0, 1, 5, 1, 
294.349379, 34, 0.1, 0.1, 0.012886774, 0.345810904, -0.0349753152, 0.912564853, -0.40893201, 2.88246895e-006, 0.40893201, 0.912564853, -5.65460397e-006, -3.18091284e-007, 6.33892666e-006, 1, 0.912564859, -0.408931997, -7.46212804e-006, 0.408931997, 0.912564858, -3.19484217e-005, 1.98744077e-005, 2.6103504e-005, 0.999999999, 0, 0, 0, 0, 0, 0, 0, 0.322362476, -0.161649731, -0.242218823, -0.1839865, 0.474201958, -0.860953034, -0.897949219, 0.275146484, 0.343505859, 0.39979281, 0.836384304, 0.375264773, 0, 0, -0, 0, 0, 0, 0, 0.392241846, -0.107287305, -0.197439014, 0.281184687, 0.322662842, -0.903722875, 0.485229492, -0.860229492, -0.15612793, -0.827804127, -0.394458826, -0.398527823, 0, 1, 5, 1, 
294.350088, 34, 0.1, 0.1, 0.0128867697, 0.345810883, -0.0349828117, 0.912564727, -0.408932291, 1.13952521e-005, 0.408932289, 0.912564725, 7.09964811e-005, -3.94316588e-005, -6.01289978e-005, 0.999999997, 0.912564755, -0.408932228, 1.20313237e-005, 0.408932226, 0.912564754, 6.72030498e-005, -3.84608548e-005, -5.64071388e-005, 0.999999998, 0, 0, 0, 0, 0, 0, 0, 0.322362476, -0.161649731, -0.242218823, -0.1839865, 0.474201958, -0.860953034, -0.897949219, 0.275146484, 0.343505859, 0.39979281, 0.836384304, 0.375264773, 0, 0, -0, 0, 0, 0, 0, 0.392241846, -0.107287305, -0.197439014, 0.281184687, 0.322662842, -0.903722875, 0.485229492, -0.860229492, -0.15612793, -0.827804127, -0.394458826, -0.398527823, 0, 1, 5, 1, 
294.350814, 34, 0.1, 0.1, 0.0128867676, 0.345810864, -0.0349856198, 0.912564604, -0.408932567, -2.49507225e-006, 0.408932566, 0.912564604, 1.90783619e-005, -5.52484887e-006, -1.84305541e-005, 1, 0.912564624, -0.408932522, 1.57765541e-006, 0.408932521, 0.912564623, 3.6524227e-005, -1.63756568e-005, -3.26855629e-005, 0.999999999, 0, 0, 0, 0, 0, 0, 0, 0.322804199, -0.162436157, -0.24162002, -0.184087972, 0.471866994, -0.862198022, -0.897827148, 0.276123047, 0.342895508, 0.399932473, 0.837248493, 0.37286653, 0, 0, -0, 0, 0, 0, 0, 0.392766699, -0.108138672, -0.197025732, 0.282066581, 0.320534849, -0.904208481, 0.486328125, -0.860107422, -0.153198242, -0.826852237, -0.396400885, -0.398578863, 0, 1, 5, 1, 
294.351512, 34, 0.1, 0.1, 0.0128867697, 0.345810875, -0.0349832581, 0.912564455, -0.408932899, -4.55413878e-006, 0.408932898, 0.912564453, -5.66588231e-005, 2.7325602e-005, 4.98424908e-005, 0.999999998, 0.91256449, -0.40893282, -6.9226237e-006, 0.408932819, 0.912564489, -5.06020855e-005, 2.70101941e-005, 4.33467783e-005, 0.999999999, 0, 0, 0, 0, 0, 0, 0, 0.322804199, -0.162436157, -0.24162002, -0.184087972, 0.471866994, -0.862198022, -0.897827148, 0.276123047, 0.342895508, 0.399932473, 0.837248493, 0.37286653, 0, 0, -0, 0, 0, 0, 0, 0.392766699, -0.108138672, -0.197025732, 0.282066581, 0.320534849, -0.904208481, 0.486328125, -0.860107422, -0.153198242, -0.826852237, -0.396400885, -0.398578863, 0, 1, 5, 1, 
294.352207, 34, 0.1, 0.1, 0.0128867665, 0.345810886, -0.034977152, 0.912564264, -0.408933325, 1.5241112e-005, 0.408933325, 0.912564264, -1.05210657e-005, -9.6060798e-006, 1.58337472e-005, 1, 0.912564308, -0.408933227, 1.45743574e-005, 0.408933227, 0.912564307, -2.75024935e-005, -2.05335494e-006, 3.10577329e-005, 1, 0, 0, 0, 0, 0, 0, 0, 0.322804199, -0.162436157, -0.24162002, -0.184087972, 0.471866994, -0.862198022, -0.897827148, 0.276123047, 0.342895508, 0.399932473, 0.837248493, 0.37286653, 0, 0, -0, 0, 0, 0, 0, 0.392766699, -0.108138672, -0.197025732, 0.282066581, 0.320534849, -0.904208481, 0.486328125, -0.860107422, -0.153198242, -0.826852237, -0.396400885, -0.398578863, 0, 1, 5, 1, 
294.352906, 34, 0.1, 0.1, 0.0128867685, 0.345810878, -0.0349693838, 0.912563957, -0.408934009, -2.14279169e-005, 0.40893401, 0.912563957, 1.73064864e-005, 1.24771338e-005, -2.45558797e-005, 1, 0.912564025, -0.408933857, -1.8002842e-005, 0.408933858, 0.912564025, 2.3090209e-005, 6.98637771e-006, -2.84332657e-005, 1, 0, 0, 0, 0, 0, 0, 0, 0.322804199, -0.162436157, -0.24162002, -0.184087972, 0.471866994, -0.862198022, -0.897827148, 0.276123047, 0.342895508, 0.399932473, 0.837248493, 0.37286653, 0, 0, -0, 0, 0, 0, 0, 0.392766699, -0.108138672, -0.197025732, 0.282066581, 0.320534849, -0.904208481, 0.486328125, -0.860107422, -0.153198242, -0.826852237, -0.396400885, -0.398578863, 0, 1, 5, 1, 
294.353631, 34, 0.1, 0.1, 0.0128867664, 0.345810878, -0.0349618709, 0.912563562, -0.40893489, 1.45495272e-005, 0.40893489, 0.912563562, -3.45878319e-006, -1.18629512e-005, 9.10616882e-006, 1, 0.91256364, -0.408934718, 1.79915559e-005, 0.408934718, 0.91256364, -7.76635388e-006, -1.3242508e-005, 1.4444664e-005, 1, 0, 0, 0, 0, 0, 0, 0, 0.322919531, -0.163473657, -0.241240918, -0.186264177, 0.468967384, -0.863291364, -0.896850586, 0.27746582, 0.344360352, 0.401018702, 0.838449298, 0.369084756, 0, 0, -0, 0, 0, 0, 0, 0.393201953, -0.109003711, -0.196836914, 0.281600297, 0.318508935, -0.905051729, 0.48815918, -0.85949707, -0.150512695, -0.825919304, -0.399314157, -0.397562807, 0, 1, 5, 1, 
294.354334, 34, 0.1, 0.1, 0.0128867696, 0.345810878, -0.0349573673, 0.912563134, -0.408935846, -5.52728715e-006, 0.408935846, 0.912563134, -1.10930723e-005, 9.58035337e-006, 7.86282295e-006, 1, 0.912563224, -0.408935646, -1.44969732e-005, 0.408935646, 0.912563224, -1.26260509e-005, 1.83926469e-005, 5.59374062e-006, 1, 0, 0, 0, 0, 0, 0, 0, 0.322919531, -0.163473657, -0.241240918, -0.186264177, 0.468967384, -0.863291364, -0.896850586, 0.27746582, 0.344360352, 0.401018702, 0.838449298, 0.369084756, 0, 0, -0, 0, 0, 0, 0, 0.393201953, -0.109003711, -0.196836914, 0.281600297, 0.318508935, -0.905051729, 0.48815918, -0.85949707, -0.150512695, -0.825919304, -0.399314157, -0.397562807, 0, 1, 5, 1, 
294.355035, 34, 0.1, 0.1, 0.0128867679, 0.345810874, -0.0349567196, 0.912562653, -0.408936919, -8.50026216e-006, 0.408936919, 0.912562653, -3.79454491e-006, 9.3087513e-006, -1.33110495e-008, 1, 0.91256275, -0.408936704, 1.00539904e-006, 0.408936704, 0.91256275, 1.30574992e-005, -6.25718039e-006, -1.15046428e-005, 1, 0, 0, 0, 0, 0, 0, 0, 0.322919531, -0.163473657, -0.241240918, -0.186264177, 0.468967384, -0.863291364, -0.896850586, 0.27746582, 0.344360352, 0.401018702, 0.838449298, 0.369084756, 0, 0, -0, 0, 0, 0, 0, 0.393201953, -0.109003711, -0.196836914, 0.281600297, 0.318508935, -0.905051729, 0.48815918, -0.85949707, -0.150512695, -0.825919304, -0.399314157, -0.397562807, 0, 1, 5, 1, 
294.355731, 34, 0.1, 0.1, 0.0128867657, 0.34581088, -0.0349598867, 0.912562121, -0.408938107, 1.61605378e-005, 0.408938107, 0.912562121, -2.6178228e-006, -1.36769672e-005, 8.99758567e-006, 1, 0.912562233, -0.408937857, 1.54053652e-005, 0.408937857, 0.912562233, -1.8062171e-005, -6.67204894e-006, 2.27826921e-005, 1, 0, 0, 0, 0, 0, 0, 0, 0.322919531, -0.163473657, -0.241240918, -0.186264177, 0.468967384, -0.863291364, -0.896850586, 0.27746582, 0.344360352, 0.401018702, 0.838449298, 0.369084756, 0, 0, -0, 0, 0, 0, 0, 0.393201953, -0.109003711, -0.196836914, 0.281600297, 0.318508935, -0.905051729, 0.48815918, -0.85949707, -0.150512695, -0.825919304, -0.399314157, -0.397562807, 0, 1, 5, 1, 
294.356434, 34, 0.1, 0.1, 0.0128867695, 0.345810872, -0.0349657161, 0.912561497, -0.4089395, -2.10673006e-005, 0.4089395, 0.912561497, 1.05615011e-005, 1.49061924e-005, -1.82532706e-005, 1, 0.912561624, -0.408939214, -2.41453551e-005, 0.408939215, 0.912561624, 1.85477487e-005, 1.44492227e-005, -2.67999463e-005, 1, 0, 0, 0, 0, 0, 0, 0, 0.322919531, -0.163473657, -0.241240918, -0.186264177, 0.468967384, -0.863291364, -0.896850586, 0.27746582, 0.344360352, 0.401018702, 0.838449298, 0.369084756, 0, 0, -0, 0, 0, 0, 0, 0.393201953, -0.109003711, -0.196836914, 0.281600297, 0.318508935, -0.905051729, 0.48815918, -0.85949707, -0.150512695, -0.825919304, -0.399314157, -0.397562807, 0, 1, 5, 1, 
294.357131, 34, 0.1, 0.1, 0.0128867652, 0.345810878, -0.0349722483, 0.912560894, -0.408940844, 1.72483447e-005, 0.408940845, 0.912560894, -3.15938035e-005, -2.82016821e-006, 3.58848222e-005, 0.999999999, 0.912561005, -0.408940597, 2.0872488e-005, 0.408940598, 0.912561004, -2.89855794e-005, -7.19403849e-006, 3.49867172e-005, 0.999999999, 0, 0, 0, 0, 0, 0, 0, 0.322919531, -0.163473657, -0.241240918, -0.186264177, 0.468967384, -0.863291364, -0.896850586, 0.27746582, 0.344360352, 0.401018702, 0.838449298, 0.369084756, 0, 0, -0, 0, 0, 0, 0, 0.393201953, -0.109003711, -0.196836914, 0.281600297, 0.318508935, -0.905051729, 0.48815918, -0.85949707, -0.150512695, -0.825919304, -0.399314157, -0.397562807, 0, 1, 5, 1, 
294.357842, 34, 0.1, 0.1, 0.0128867655, 0.345810879, -0.0349776434, 0.912560439, -0.408941861, -4.67585388e-006, 0.408941861, 0.912560438, 2.18380809e-005, -4.66350615e-006, -2.1840721e-005, 1, 0.912560517, -0.408941687, -7.61747297e-006, 0.408941687, 0.912560517, 5.91834852e-006, 4.53114564e-006, -8.51595343e-006, 1, 0, 0, 0, 0, 0, 0, 0, 0.322919531, -0.163473657, -0.241240918, -0.188750787, 0.467177969, -0.863826052, -0.895385742, 0.279296875, 0.346679688, 0.403266421, 0.838856306, 0.365708868, 0, 0, -0, 0, 0, 0, 0, 0.393201953, -0.109003711, -0.196836914, 0.281600297, 0.318508935, -0.905051729, 0.48815918, -0.85949707, -0.150512695, -0.825919304, -0.399314157, -0.397562807, 0, 1, 5, 1, 
294.358553, 34, 0.1, 0.1, 0.0128867675, 0.345810868, -0.0349800294, 0.91256009, -0.40894264, -1.3624239e-005, 0.40894264, 0.912560089, 1.23228923e-005, 7.39358063e-006, -1.68169119e-005, 1, 0.912560154, -0.408942497, -9.15627979e-006, 0.408942497, 0.912560153, 2.45077918e-005, -1.66662148e-006, -2.61092262e-005, 1, 0, 0, 0, 0, 0, 0, 0, 0.322799292, -0.164456836, -0.241055273, -0.188750787, 0.467177969, -0.863826052, -0.895385742, 0.279296875, 0.346679688, 0.403266421, 0.838856306, 0.365708868, 0, 0, -0, 0, 0, 0, 0, 0.393608887, -0.109625488, -0.196646387, 0.280795329, 0.316700304, -0.905907737, 0.489746094, -0.859008789, -0.1484375, -0.825267453, -0.401959106, -0.39642535, 0, 1, 5, 1, 
294.359254, 34, 0.1, 0.1, 0.0128867669, 0.345810874, -0.0349791239, 0.912559692, -0.408943526, 1.68723451e-005, 0.408943527, 0.912559692, -2.82369383e-005, -3.84970894e-006, 3.2667728e-005, 0.999999999, 0.912559778, -0.408943336, 7.54401239e-006, 0.408943336, 0.912559777, -2.99490381e-005, 5.36309728e-006, 3.04153611e-005, 1, 0, 0, 0, 0, 0, 0, 0, 0.322799292, -0.164456836, -0.241055273, -0.188750787, 0.467177969, -0.863826052, -0.895385742, 0.279296875, 0.346679688, 0.403266421, 0.838856306, 0.365708868, 0, 0, -0, 0, 0, 0, 0, 0.393608887, -0.109625488, -0.196646387, 0.280795329, 0.316700304, -0.905907737, 0.489746094, -0.859008789, -0.1484375, -0.825267453, -0.401959106, -0.39642535, 0, 1, 5, 1, 
294.359966, 34, 0.1, 0.1, 0.0128867639, 0.345810876, -0.034975389, 0.912559238, -0.408944541, -1.48991836e-005, 0.408944541, 0.912559238, 6.59526532e-006, 1.08992899e-005, -1.21115101e-005, 1, 0.91255934, -0.408944312, -1.44009736e-008, 0.408944312, 0.91255934, 1.82638817e-006, -7.33749311e-007, -1.67257678e-006, 1, 0, 0, 0, 0, 0, 0, 0, 0.322799292, -0.164456836, -0.241055273, -0.188750787, 0.467177969, -0.863826052, -0.895385742, 0.279296875, 0.346679688, 0.403266421, 0.838856306, 0.365708868, 0, 0, -0, 0, 0, 0, 0, 0.393608887, -0.109625488, -0.196646387, 0.280795329, 0.316700304, -0.905907737, 0.489746094, -0.859008789, -0.1484375, -0.825267453, -0.401959106, -0.39642535, 0, 1, 5, 1, 
294.361036, 34, 0.1, 0.1, 0.012886767, 0.345810873, -0.0349636411, 0.912558551, -0.408946072, 1.98894027e-005, 0.408946073, 0.912558551, -9.16273229e-006, -1.44031811e-005, 1.64952228e-005, 1, 0.912558679, -0.408945789, 1.00942258e-005, 0.408945789, 0.912558679, -5.71123808e-006, -6.87598656e-006, 9.339831e-006, 1, 0, 0, 0, 0, 0, 0, 0, 0.322799292, -0.164456836, -0.241055273, -0.188750787, 0.467177969, -0.863826052, -0.895385742, 0.279296875, 0.346679688, 0.403266421, 0.838856306, 0.365708868, 0, 0, -0, 0, 0, 0, 0, 0.393608887, -0.109625488, -0.196646387, 0.280795329, 0.316700304, -0.905907737, 0.489746094, -0.859008789, -0.1484375, -0.825267453, -0.401959106, -0.39642535, 0, 1, 5, 1, 
294.362068, 34, 0.1, 0.1, 0.0128867645, 0.345810872, -0.0349499018, 0.912557964, -0.408947382, 3.7842737e-006, 0.408947382, 0.912557964, 6.51033946e-007, -3.71960773e-006, 9.53462611e-007, 1, 0.912558075, -0.408947135, 7.86956249e-006, 0.408947135, 0.912558075, -1.34882804e-006, -6.62983343e-006, 4.44911896e-006, 1, 0, 0, 0, 0, 0, 0, 0, 0.322799292, -0.164456836, -0.241055273, -0.188750787, 0.467177969, -0.863826052, -0.895385742, 0.279296875, 0.346679688, 0.403266421, 0.838856306, 0.365708868, 0, 0, -0, 0, 0, 0, 0, 0.393608887, -0.109625488, -0.196646387, 0.280795329, 0.316700304, -0.905907737, 0.489746094, -0.859008789, -0.1484375, -0.825267453, -0.401959106, -0.39642535, 0, 1, 5, 1, 
294.363146, 34, 0.1, 0.1, 0.0128867641, 0.345810875, -0.0349391358, 0.912557455, -0.408948518, 2.4935369e-005, 0.408948519, 0.912557454, -3.27861061e-005, -9.34712735e-006, 4.01164877e-005, 0.999999999, 0.912557548, -0.408948312, 9.39030659e-006, 0.408948312, 0.912557547, -2.84163633e-005, 3.05162868e-006, 2.97717169e-005, 1, 0, 0, 0, 0, 0, 0, 0, 0.323312769, -0.165612354, -0.241266675, -0.19198589, 0.466416372, -0.863421288, -0.893310547, 0.28112793, 0.350585938, 0.40625065, 0.838729747, 0.362802145, 0, 0, -0, 0, 0, 0, 0, 0.39390791, -0.110136182, -0.19710874, 0.27841214, 0.316629575, -0.906706143, 0.49206543, -0.857666016, -0.1484375, -0.824781481, -0.404789622, -0.394668125, 0, 1, 5, 1, 
294.364178, 34, 0.1, 0.1, 0.012886767, 0.345810865, -0.0349360966, 0.912557134, -0.408949235, 4.89851041e-006, 0.408949234, 0.912557133, 5.74641543e-005, -2.79700926e-005, -5.04360819e-005, 0.999999998, 0.912557159, -0.408949179, -2.19939075e-005, 0.40894918, 0.912557158, 4.47701214e-005, 1.76199331e-006, -4.98496852e-005, 0.999999999, 0, 0, 0, 0, 0, 0, 0, 0.323312769, -0.165612354, -0.241266675, -0.19198589, 0.466416372, -0.863421288, -0.893310547, 0.28112793, 0.350585938, 0.40625065, 0.838729747, 0.362802145, 0, 0, -0, 0, 0, 0, 0, 0.39390791, -0.110136182, -0.19710874, 0.27841214, 0.316629575, -0.906706143, 0.49206543, -0.857666016, -0.1484375, -0.824781481, -0.404789622, -0.394668125, 0, 1, 5, 1, 
294.365221, 34, 0.1, 0.1, 0.0128867584, 0.345810878, -0.0349412958, 0.912557286, -0.408948896, -1.04384595e-005, 0.408948893, 0.912557283, -9.33597223e-005, 4.77050475e-005, 8.09272983e-005, 0.999999996, 0.912557219, -0.408949045, 5.18230321e-006, 0.408949045, 0.912557216, -7.70531345e-005, 2.67816576e-005, 7.24346921e-005, 0.999999997, 0, 0, 0, 0, 0, 0, 0, 0.323312769, -0.165612354, -0.241266675, -0.19198589, 0.466416372, -0.863421288, -0.893310547, 0.28112793, 0.350585938, 0.40625065, 0.838729747, 0.362802145, 0, 0, -0, 0, 0, 0, 0, 0.39390791, -0.110136182, -0.19710874, 0.27841214, 0.316629575, -0.906706143, 0.49206543, -0.857666016, -0.1484375, -0.824781481, -0.404789622, -0.394668125, 0, 1, 5, 1, 
294.366257, 34, 0.1, 0.1, 0.0128867636, 0.34581088, -0.0349515244, 0.912557706, -0.408947959, 1.83860799e-006, 0.408947957, 0.912557703, 8.57453092e-005, -3.67432051e-005, -7.74956477e-005, 0.999999996, 0.912557623, -0.408948143, -4.06353198e-006, 0.408948143, 0.912557622, 4.63359262e-005, -1.52407839e-005, -4.39459765e-005, 0.999999999, 0, 0, 0, 0, 0, 0, 0, 0.323312769, -0.165612354, -0.241266675, -0.19198589, 0.466416372, -0.863421288, -0.893310547, 0.28112793, 0.350585938, 0.40625065, 0.838729747, 0.362802145, 0, 0, -0, 0, 0, 0, 0, 0.39390791, -0.110136182, -0.19710874, 0.27841214, 0.316629575, -0.906706143, 0.49206543, -0.857666016, -0.1484375, -0.824781481, -0.404789622, -0.394668125, 0, 1, 5, 1, 
294.367295, 34, 0.1, 0.1, 0.0128867678, 0.345810839, -0.0349620279, 0.912558064, -0.40894716, -2.93370736e-005, 0.408947161, 0.912558063, 1.95763619e-005, 1.87660855e-005, -2.98618798e-005, 0.999999999, 0.912557993, -0.408947318, -1.5998095e-005, 0.408947318, 0.912557991, 6.33994553e-005, -1.13278477e-005, -6.43980577e-005, 0.999999998, 0, 0, 0, 0, 0, 0, 0, 0.323312769, -0.165612354, -0.241266675, -0.19198589, 0.466416372, -0.863421288, -0.893310547, 0.28112793, 0.350585938, 0.40625065, 0.838729747, 0.362802145, 0, 0, -0, 0, 0, 0, 0, 0.39390791, -0.110136182, -0.19710874, 0.27841214, 0.316629575, -0.906706143, 0.49206543, -0.857666016, -0.1484375, -0.824781481, -0.404789622, -0.394668125, 0, 1, 5, 1, 
294.368372, 34, 0.1, 0.1, 0.0128867735, 0.345810876, -0.0349679439, 0.912558075, -0.408947136, 1.08482401e-005, 0.408947135, 0.912558072, -7.61961697e-005, 2.12605563e-005, 7.39697866e-005, 0.999999997, 0.912558093, -0.408947096, -2.47316074e-006, 0.408947094, 0.912558089, -8.64796837e-005, 3.76225184e-005, 7.79063434e-005, 0.999999996, 0, 0, 0, 0, 0, 0, 0, 0.322668408, -0.166811206, -0.241277661, -0.19618441, 0.464835891, -0.863341156, -0.889892578, 0.28527832, 0.355834961, 0.411735716, 0.838114927, 0.357845776, 0, 0, -0, 0, 0, 0, 0, 0.393753369, -0.111383984, -0.197129248, 0.27626519, 0.315044791, -0.90783667, 0.49230957, -0.857666016, -0.147827148, -0.825375362, -0.406060874, -0.392086609, 0, 1, 5, 1, 
294.369408, 34, 0.1, 0.1, 0.0128867659, 0.345810874, -0.0349675074, 0.912557754, -0.408947851, -1.77228407e-005, 0.408947851, 0.912557753, 5.54784427e-005, -6.51467421e-006, -5.78750008e-005, 0.999999998, 0.912557857, -0.408947621, 3.67028168e-006, 0.408947621, 0.912557857, 3.67127891e-005, -1.83629522e-005, -3.20015912e-005, 0.999999999, 0, 0, 0, 0, 0, 0, 0, 0.322668408, -0.166811206, -0.241277661, -0.19618441, 0.464835891, -0.863341156, -0.889892578, 0.28527832, 0.355834961, 0.411735716, 0.838114927, 0.357845776, 0, 0, -0, 0, 0, 0, 0, 0.393753369, -0.111383984, -0.197129248, 0.27626519, 0.315044791, -0.90783667, 0.49230957, -0.857666016, -0.147827148, -0.825375362, -0.406060874, -0.392086609, 0, 1, 5, 1, 
294.37049, 34, 0.1, 0.1, 0.0128867844, 0.345810851, -0.0349610847, 0.912557098, -0.408949317, -2.83829487e-006, 0.408949317, 0.912557098, 1.44523972e-005, -3.32019185e-006, -1.43493564e-005, 1, 0.912557229, -0.408949022, -3.23887179e-005, 0.408949023, 0.912557228, 3.4810926e-005, 1.53206645e-005, -4.50122967e-005, 0.999999999, 0, 0, 0, 0, 0, 0, 0, 0.321564014, -0.167785474, -0.240837402, -0.200643161, 0.463274506, -0.863159553, -0.886352539, 0.289306641, 0.361328125, 0.417138406, 0.837620674, 0.352749744, 0, 0, -0, 0, 0, 0, 0, 0.393570752, -0.11244541, -0.197167822, 0.273594355, 0.313185121, -0.909382441, 0.493164062, -0.857299805, -0.146850586, -0.825656078, -0.408220217, -0.389057765, 0, 1, 5, 1, 
294.37153, 34, 0.1, 0.1, 0.012886773, 0.345810874, -0.034952605, 0.912556751, -0.408950091, 1.72710803e-005, 0.408950091, 0.91255675, -4.18922289e-005, 1.37098993e-006, 4.52920461e-005, 0.999999999, 0.9125568, -0.40894998, 1.53539246e-005, 0.40894998, 0.912556798, -6.0898812e-005, 1.08932396e-005, 6.18526122e-005, 0.999999998, 0, 0, 0, 0, 0, 0, 0, 0.321564014, -0.167785474, -0.240837402, -0.200643161, 0.463274506, -0.863159553, -0.886352539, 0.289306641, 0.361328125, 0.417138406, 0.837620674, 0.352749744, 0, 0, -0, 0, 0, 0, 0, 0.393570752, -0.11244541, -0.197167822, 0.273594355, 0.313185121, -0.909382441, 0.493164062, -0.857299805, -0.146850586, -0.825656078, -0.408220217, -0.389057765, 0, 1, 5, 1, 
294.372569, 34, 0.1, 0.1, 0.0128867742, 0.345810856, -0.0349459365, 0.912556335, -0.408951017, -2.97128768e-005, 0.408951018, 0.912556334, 4.4919811e-005, 8.74467152e-006, -5.31429693e-005, 0.999999999, 0.912556443, -0.408950776, -2.69510922e-005, 0.408950777, 0.912556441, 5.41141352e-005, 2.46437519e-006, -6.04038728e-005, 0.999999998, 0, 0, 0, 0, 0, 0, 0, 0.321564014, -0.167785474, -0.240837402, -0.200643161, 0.463274506, -0.863159553, -0.886352539, 0.289306641, 0.361328125, 0.417138406, 0.837620674, 0.352749744, 0, 0, -0, 0, 0, 0, 0, 0.393570752, -0.11244541, -0.197167822, 0.273594355, 0.313185121, -0.909382441, 0.493164062, -0.857299805, -0.146850586, -0.825656078, -0.408220217, -0.389057765, 0, 1, 5, 1, 
294.373405, 34, 0.1, 0.1, 0.0128867675, 0.345810855, -0.0349449267, 0.912555886, -0.40895202, 1.03311704e-005, 0.40895202, 0.912555886, -1.54567662e-005, -3.10669464e-006, 1.83301159e-005, 1, 0.91255595, -0.408951878, 2.75955531e-005, 0.408951878, 0.91255595, -1.51765455e-005, -1.89760093e-005, 2.51347002e-005, 1, 0, 0, 0, 0, 0, 0, 0, 0.321564014, -0.167785474, -0.240837402, -0.200643161, 0.463274506, -0.863159553, -0.886352539, 0.289306641, 0.361328125, 0.417138406, 0.837620674, 0.352749744, 0, 0, -0, 0, 0, 0, 0, 0.393570752, -0.11244541, -0.197167822, 0.273594355, 0.313185121, -0.909382441, 0.493164062, -0.857299805, -0.146850586, -0.825656078, -0.408220217, -0.389057765, 0, 1, 5, 1, 
294.37411, 34, 0.1, 0.1, 0.0128867803, 0.34581085, -0.0349514338, 0.912555694, -0.408952448, -3.23251775e-005, 0.408952448, 0.912555694, 2.85707485e-005, 1.78144473e-005, -3.92918597e-005, 0.999999999, 0.912555719, -0.408952391, -4.77913468e-005, 0.408952393, 0.912555719, 2.65854074e-005, 3.27401009e-005, -4.38050512e-005, 0.999999999, 0, 0, 0, 0, 0, 0, 0, 0.321564014, -0.167785474, -0.240837402, -0.200643161, 0.463274506, -0.863159553, -0.886352539, 0.289306641, 0.361328125, 0.417138406, 0.837620674, 0.352749744, 0, 0, -0, 0, 0, 0, 0, 0.393570752, -0.11244541, -0.197167822, 0.273594355, 0.313185121, -0.909382441, 0.493164062, -0.857299805, -0.146850586, -0.825656078, -0.408220217, -0.389057765, 0, 1, 5, 1, 
294.374877, 34, 0.1, 0.1, 0.0128867694, 0.345810856, -0.0349629766, 0.91255573, -0.408952368, 3.86824422e-005, 0.408952369, 0.912555728, -4.92150405e-005, -1.51732769e-005, 6.07307436e-005, 0.999999998, 0.912555703, -0.408952427, 4.20239418e-005, 0.408952429, 0.912555702, -3.6830857e-005, -2.32871193e-005, 5.07960016e-005, 0.999999998, 0, 0, 0, 0, 0, 0, 0, 0.321110913, -0.168957837, -0.240828003, -0.205532885, 0.462239574, -0.862654439, -0.882080078, 0.294189453, 0.367797852, 0.423721683, 0.836548672, 0.347355289, 0, 0, -0, 0, 0, 0, 0, 0.393174902, -0.113520264, -0.197199805, 0.271032162, 0.311242329, -0.910794051, 0.494384766, -0.856811523, -0.145629883, -0.825802633, -0.410756524, -0.386137564, 0, 1, 5, 1, 
294.375592, 34, 0.1, 0.1, 0.0128867706, 0.345810873, -0.0349741085, 0.912555963, -0.408951847, -3.07714663e-005, 0.408951846, 0.912555964, -2.52345369e-005, 3.84003956e-005, 1.04438792e-005, 0.999999999, 0.912555903, -0.408951982, -2.16378133e-005, 0.408951981, 0.912555903, -4.30944796e-005, 3.73692871e-005, 3.04772951e-005, 0.999999999, 0, 0, 0, 0, 0, 0, 0, 0.321110913, -0.168957837, -0.240828003, -0.205532885, 0.462239574, -0.862654439, -0.882080078, 0.294189453, 0.367797852, 0.423721683, 0.836548672, 0.347355289, 0, 0, -0, 0, 0, 0, 0, 0.393174902, -0.113520264, -0.197199805, 0.271032162, 0.311242329, -0.910794051, 0.494384766, -0.856811523, -0.145629883, -0.825802633, -0.410756524, -0.386137564, 0, 1, 5, 1, 
294.376296, 34, 0.1, 0.1, 0.0128867794, 0.345810861, -0.0349826142, 0.912556384, -0.408950908, -9.57070139e-006, 0.408950908, 0.912556382, 5.93280575e-005, -1.55284584e-005, -5.80541446e-005, 0.999999998, 0.912556286, -0.408951126, -2.25519167e-005, 0.408951127, 0.912556285, 4.90744261e-005, 5.10851534e-007, -5.40058078e-005, 0.999999999, 0, 0, 0, 0, 0, 0, 0, 0.321110913, -0.168957837, -0.240828003, -0.205532885, 0.462239574, -0.862654439, -0.882080078, 0.294189453, 0.367797852, 0.423721683, 0.836548672, 0.347355289, 0, 0, -0, 0, 0, 0, 0, 0.393174902, -0.113520264, -0.197199805, 0.271032162, 0.311242329, -0.910794051, 0.494384766, -0.856811523, -0.145629883, -0.825802633, -0.410756524, -0.386137564, 0, 1, 5, 1, 
294.377038, 34, 0.1, 0.1, 0.0128867705, 0.34581084, -0.0349865302, 0.912556948, -0.408949649, 3.72325315e-005, 0.408949648, 0.912556948, 3.98862123e-005, -5.02882578e-005, -2.11722095e-005, 0.999999999, 0.912556825, -0.408949923, 3.14892674e-005, 0.408949921, 0.912556825, 5.19823902e-005, -4.99939403e-005, -3.45593515e-005, 0.999999998, 0, 0, 0, 0, 0, 0, 0, 0.321110913, -0.168957837, -0.240828003, -0.205532885, 0.462239574, -0.862654439, -0.882080078, 0.294189453, 0.367797852, 0.423721683, 0.836548672, 0.347355289, 0, 0, -0, 0, 0, 0, 0, 0.393174902, -0.113520264, -0.197199805, 0.271032162, 0.311242329, -0.910794051, 0.494384766, -0.856811523, -0.145629883, -0.825802633, -0.410756524, -0.386137564, 0, 1, 5, 1, 
294.377739, 34, 0.1, 0.1, 0.0128867582, 0.345810842, -0.0349847193, 0.91255756, -0.408948285, 1.91686779e-005, 0.408948286, 0.912557559, -3.12128718e-005, -4.72807146e-006, 3.63225401e-005, 0.999999999, 0.912557429, -0.408948576, 2.98430404e-005, 0.408948577, 0.912557429, -2.03880538e-005, -1.88958227e-005, 3.08095389e-005, 0.999999999, 0, 0, 0, 0, 0, 0, 0, 0.321110913, -0.168957837, -0.240828003, -0.205532885, 0.462239574, -0.862654439, -0.882080078, 0.294189453, 0.367797852, 0.423721683, 0.836548672, 0.347355289, 0, 0, -0, 0, 0, 0, 0, 0.393174902, -0.113520264, -0.197199805, 0.271032162, 0.311242329, -0.910794051, 0.494384766, -0.856811523, -0.145629883, -0.825802633, -0.410756524, -0.386137564, 0, 1, 5, 1, 
294.378443, 34, 0.1, 0.1, 0.0128867629, 0.345810854, -0.0349785289, 0.912558263, -0.408946714, -3.06525241e-005, 0.408946714, 0.912558264, -2.20548589e-005, 3.69914763e-005, 7.59109475e-006, 0.999999999, 0.912558121, -0.408947032, -2.62276809e-005, 0.408947031, 0.912558121, -3.38163709e-005, 3.77633877e-005, 2.01336717e-005, 0.999999999, 0, 0, 0, 0, 0, 0, 0, 0.321110913, -0.168957837, -0.240828003, -0.205532885, 0.462239574, -0.862654439, -0.882080078, 0.294189453, 0.367797852, 0.423721683, 0.836548672, 0.347355289, 0, 0, -0, 0, 0, 0, 0, 0.393174902, -0.113520264, -0.197199805, 0.271032162, 0.311242329, -0.910794051, 0.494384766, -0.856811523, -0.145629883, -0.825802633, -0.410756524, -0.386137564, 0, 1, 5, 1, 
294.379155, 34, 0.1, 0.1, 0.0128867658, 0.345810847, -0.0349701034, 0.912559042, -0.408944977, 1.70287996e-005, 0.408944977, 0.912559042, 2.90293893e-005, -2.7411208e-005, -1.95271896e-005, 0.999999999, 0.912558872, -0.408945357, 1.88051636e-006, 0.408945357, 0.912558872, 2.89353116e-005, -1.35490432e-005, -2.56361469e-005, 1, 0, 0, 0, 0, 0, 0, 0, 0.321110913, -0.168957837, -0.240828003, -0.205532885, 0.462239574, -0.862654439, -0.882080078, 0.294189453, 0.367797852, 0.423721683, 0.836548672, 0.347355289, 0, 0, -0, 0, 0, 0, 0, 0.393174902, -0.113520264, -0.197199805, 0.271032162, 0.311242329, -0.910794051, 0.494384766, -0.856811523, -0.145629883, -0.825802633, -0.410756524, -0.386137564, 0, 1, 5, 1, 
294.379912, 34, 0.1, 0.1, 0.0128867562, 0.345810849, -0.0349611837, 0.912559965, -0.408942917, -1.65055774e-006, 0.408942917, 0.912559965, -2.19977815e-005, 1.05020699e-005, 1.93993109e-005, 1, 0.912559788, -0.408943312, 1.96491349e-005, 0.408943313, 0.912559788, -1.83276561e-005, -1.0436038e-005, 2.47604643e-005, 1, 0, 0, 0, 0, 0, 0, 0, 0.32089021, -0.168522827, -0.240556299, -0.210056038, 0.462042623, -0.861526271, -0.879394531, 0.295654297, 0.373046875, 0.427157103, 0.836085498, 0.34433399, 0, 0, -0, 0, 0, 0, 0, 0.393517383, -0.113381494, -0.196992676, 0.26905802, 0.311139517, -0.911407256, 0.497680664, -0.855102539, -0.145019531, -0.824537211, -0.414449611, -0.384974587, 0, 1, 5, 1, 
294.380623, 34, 0.1, 0.1, 0.0128867632, 0.345810846, -0.034955746, 0.912560915, -0.408940799, -2.35703338e-006, 0.408940799, 0.912560914, 2.19454001e-005, -6.8234329e-006, -2.09904015e-005, 1, 0.912560726, -0.408941219, -2.23075113e-005, 0.40894122, 0.912560726, 1.94828327e-005, 1.23896253e-005, -2.69017288e-005, 1, 0, 0, 0, 0, 0, 0, 0, 0.32089021, -0.168522827, -0.240556299, -0.210056038, 0.462042623, -0.861526271, -0.879394531, 0.295654297, 0.373046875, 0.427157103, 0.836085498, 0.34433399, 0, 0, -0, 0, 0, 0, 0, 0.393517383, -0.113381494, -0.196992676, 0.26905802, 0.311139517, -0.911407256, 0.497680664, -0.855102539, -0.145019531, -0.824537211, -0.414449611, -0.384974587, 0, 1, 5, 1, 
294.381326, 34, 0.1, 0.1, 0.0128867575, 0.345810851, -0.0349547921, 0.912561921, -0.408938553, 3.11497413e-006, 0.408938553, 0.912561921, -2.54208773e-005, 7.55296997e-006, 2.44719576e-005, 1, 0.912561718, -0.408939007, 1.07721662e-005, 0.408939007, 0.912561717, -2.80198478e-005, 1.6281422e-006, 2.99749994e-005, 1, 0, 0, 0, 0, 0, 0, 0, 0.32089021, -0.168522827, -0.240556299, -0.210056038, 0.462042623, -0.861526271, -0.879394531, 0.295654297, 0.373046875, 0.427157103, 0.836085498, 0.34433399, 0, 0, -0, 0, 0, 0, 0, 0.393517383, -0.113381494, -0.196992676, 0.26905802, 0.311139517, -0.911407256, 0.497680664, -0.855102539, -0.145019531, -0.824537211, -0.414449611, -0.384974587, 0, 1, 5, 1, 
294.382066, 34, 0.1, 0.1, 0.0128867594, 0.345810845, -0.0349581146, 0.91256293, -0.408936301, -1.99901139e-005, 0.408936301, 0.91256293, 1.78667411e-005, 1.09358779e-005, -2.44792089e-005, 1, 0.912562743, -0.408936719, -9.89617314e-006, 0.408936719, 0.912562742, 2.76570079e-005, -2.2790872e-006, -2.92856636e-005, 1, 0, 0, 0, 0, 0, 0, 0, 0.32089021, -0.168522827, -0.240556299, -0.210056038, 0.462042623, -0.861526271, -0.879394531, 0.295654297, 0.373046875, 0.427157103, 0.836085498, 0.34433399, 0, 0, -0, 0, 0, 0, 0, 0.393517383, -0.113381494, -0.196992676, 0.26905802, 0.311139517, -0.911407256, 0.497680664, -0.855102539, -0.145019531, -0.824537211, -0.414449611, -0.384974587, 0, 1, 5, 1, 
294.382782, 34, 0.1, 0.1, 0.0128867574, 0.345810848, -0.0349640837, 0.912563656, -0.408934681, 2.65907627e-005, 0.408934681, 0.912563656, -7.75480428e-006, -2.10945553e-005, 1.79506376e-005, 1, 0.912563537, -0.408934947, 2.0030358e-005, 0.408934947, 0.912563537, -1.45012535e-005, -1.2348905e-005, 2.14244286e-005, 1, 0, 0, 0, 0, 0, 0, 0, 0.32089021, -0.168522827, -0.240556299, -0.210056038, 0.462042623, -0.861526271, -0.879394531, 0.295654297, 0.373046875, 0.427157103, 0.836085498, 0.34433399, 0, 0, -0, 0, 0, 0, 0, 0.39305708, -0.113159473, -0.197661426, 0.265326653, 0.312065521, -0.912148059, 0.500366211, -0.853271484, -0.146362305, -0.824070194, -0.417420852, -0.382597594, 0, 1, 5, 1, 
294.383481, 34, 0.1, 0.1, 0.0128867564, 0.345810845, -0.0349710736, 0.912564136, -0.408933609, -2.03532161e-005, 0.408933609, 0.912564137, 6.52043491e-006, 1.59071901e-005, -1.42734292e-005, 1, 0.912564058, -0.408933783, -1.30961441e-005, 0.408933784, 0.912564058, 1.30562991e-005, 6.61190862e-006, -1.7270165e-005, 1, 0, 0, 0, 0, 0, 0, 0, 0.32089021, -0.168522827, -0.240556299, -0.210056038, 0.462042623, -0.861526271, -0.879394531, 0.295654297, 0.373046875, 0.427157103, 0.836085498, 0.34433399, 0, 0, -0, 0, 0, 0, 0, 0.39305708, -0.113159473, -0.197661426, 0.265326653, 0.312065521, -0.912148059, 0.500366211, -0.853271484, -0.146362305, -0.824070194, -0.417420852, -0.382597594, 0, 1, 5, 1, 
294.384193, 34, 0.1, 0.1, 0.0128867572, 0.345810848, -0.0349771057, 0.912564437, -0.408932939, 1.62607772e-005, 0.408932939, 0.912564437, -5.83745444e-006, -1.24518796e-005, 1.19766207e-005, 1, 0.912564388, -0.408933049, 4.17858973e-006, 0.408933049, 0.912564388, -1.39323586e-005, 1.88416971e-006, 1.44229377e-005, 1, 0, 0, 0, 0, 0, 0, 0, 0.32089021, -0.168522827, -0.240556299, -0.210056038, 0.462042623, -0.861526271, -0.879394531, 0.295654297, 0.373046875, 0.427157103, 0.836085498, 0.34433399, 0, 0, -0, 0, 0, 0, 0, 0.39305708, -0.113159473, -0.197661426, 0.265326653, 0.312065521, -0.912148059, 0.500366211, -0.853271484, -0.146362305, -0.824070194, -0.417420852, -0.382597594, 0, 1, 5, 1, 
294.384932, 34, 0.1, 0.1, 0.0128867498, 0.345810842, -0.0349800577, 0.912564591, -0.408932595, 9.49402666e-006, 0.408932595, 0.912564591, 1.55044161e-005, -1.50041737e-005, -1.02663642e-005, 1, 0.912564569, -0.408932644, 1.61203198e-005, 0.408932643, 0.912564569, 2.05651717e-005, -2.31206027e-005, -1.21749221e-005, 1, 0, 0, 0, 0, 0, 0, 0, 0.320408057, -0.168196313, -0.241110547, -0.215460232, 0.464186627, -0.859141132, -0.875244141, 0.298095703, 0.380615234, 0.432833128, 0.834015634, 0.342225934, 0, 0, -0, 0, 0, 0, 0, 0.39305708, -0.113159473, -0.197661426, 0.265326653, 0.312065521, -0.912148059, 0.500366211, -0.853271484, -0.146362305, -0.824070194, -0.417420852, -0.382597594, 0, 1, 5, 1, 
294.385639, 34, 0.1, 0.1, 0.0128867541, 0.345810847, -0.0349793967, 0.912564682, -0.408932392, -2.32107905e-005, 0.408932392, 0.912564682, -1.95090612e-005, 2.91592348e-005, 8.31163617e-006, 1, 0.912564662, -0.408932436, -2.1086124e-005, 0.408932435, 0.912564662, -2.09446268e-005, 2.78073889e-005, 1.04905262e-005, 1, 0, 0, 0, 0, 0, 0, 0, 0.320408057, -0.168196313, -0.241110547, -0.215460232, 0.464186627, -0.859141132, -0.875244141, 0.298095703, 0.380615234, 0.432833128, 0.834015634, 0.342225934, 0, 0, -0, 0, 0, 0, 0, 0.39305708, -0.113159473, -0.197661426, 0.265326653, 0.312065521, -0.912148059, 0.500366211, -0.853271484, -0.146362305, -0.824070194, -0.417420852, -0.382597594, 0, 1, 5, 1, 
294.386338, 34, 0.1, 0.1, 0.0128867564, 0.345810845, -0.0349758751, 0.912564818, -0.408932089, 1.26545259e-005, 0.408932089, 0.912564818, 1.38113915e-005, -1.71959963e-005, -7.42894822e-006, 1, 0.912564781, -0.408932171, 1.79610463e-006, 0.408932171, 0.912564781, 1.36265807e-005, -7.21140908e-006, -1.17006527e-005, 1, 0, 0, 0, 0, 0, 0, 0, 0.320408057, -0.168196313, -0.241110547, -0.215460232, 0.464186627, -0.859141132, -0.875244141, 0.298095703, 0.380615234, 0.432833128, 0.834015634, 0.342225934, 0, 0, -0, 0, 0, 0, 0, 0.39305708, -0.113159473, -0.197661426, 0.265326653, 0.312065521, -0.912148059, 0.500366211, -0.853271484, -0.146362305, -0.824070194, -0.417420852, -0.382597594, 0, 1, 5, 1, 
294.387102, 34, 0.1, 0.1, 0.0128867524, 0.345810844, -0.0349697592, 0.912565045, -0.408931582, -1.44439143e-005, 0.408931582, 0.912565045, -1.61728529e-006, 1.38423704e-005, -4.43069472e-006, 1, 0.912565008, -0.408931665, 5.16739061e-007, 0.408931665, 0.912565008, 4.34719871e-006, -2.24926519e-006, -3.75579046e-006, 1, 0, 0, 0, 0, 0, 0, 0, 0.319778589, -0.167969531, -0.241285937, -0.219379426, 0.464338273, -0.857987876, -0.871459961, 0.302001953, 0.386230469, 0.438521137, 0.832632105, 0.338582702, 0, 0, -0, 0, 0, 0, 0, 0.39293623, -0.113273486, -0.197685596, 0.263294909, 0.311266382, -0.913067866, 0.502441406, -0.852172852, -0.145629883, -0.82342454, -0.420327927, -0.380853129, 0, 1, 5, 1, 
294.387809, 34, 0.1, 0.1, 0.0128867569, 0.345810846, -0.0349640304, 0.91256518, -0.408931282, 2.48264533e-006, 0.408931282, 0.912565179, 6.61198766e-006, -4.96942427e-006, -5.01863836e-006, 1, 0.912565159, -0.408931327, -9.51012902e-006, 0.408931327, 0.912565159, -7.37226244e-006, 1.16933615e-005, 2.83868017e-006, 1, 0, 0, 0, 0, 0, 0, 0, 0.319778589, -0.167969531, -0.241285937, -0.219379426, 0.464338273, -0.857987876, -0.871459961, 0.302001953, 0.386230469, 0.438521137, 0.832632105, 0.338582702, 0, 0, -0, 0, 0, 0, 0, 0.39293623, -0.113273486, -0.197685596, 0.263294909, 0.311266382, -0.913067866, 0.502441406, -0.852172852, -0.145629883, -0.82342454, -0.420327927, -0.380853129, 0, 1, 5, 1, 
294.388513, 34, 0.1, 0.1, 0.012886753, 0.345810847, -0.0349602483, 0.912565327, -0.408930952, 6.37710579e-007, 0.408930952, 0.912565327, -1.4477981e-005, 5.33854197e-006, 1.3472883e-005, 1, 0.912565291, -0.408931032, 6.00525634e-006, 0.408931032, 0.912565291, -1.5394811e-005, 8.1522747e-007, 1.65045059e-005, 1, 0, 0, 0, 0, 0, 0, 0, 0.319778589, -0.167969531, -0.241285937, -0.219379426, 0.464338273, -0.857987876, -0.871459961, 0.302001953, 0.386230469, 0.438521137, 0.832632105, 0.338582702, 0, 0, -0, 0, 0, 0, 0, 0.39293623, -0.113273486, -0.197685596, 0.263294909, 0.311266382, -0.913067866, 0.502441406, -0.852172852, -0.145629883, -0.82342454, -0.420327927, -0.380853129, 0, 1, 5, 1, 
