time, trialNum, realDorsalTactorPos, realVentralTactorPos, boxPosX, boxPosY, boxPosZ, boxLocalRot_11, boxLocalRot_12, boxLocalRot_13, boxLocalRot_21, boxLocalRot_22, boxLocalRot_23, boxLocalRot_31, boxLocalRot_32, boxLocalRot_33, boxGlobalRot_11, boxGlobalRot_12, boxGlobalRot_13, boxGlobalRot_21, boxGlobalRot_22, boxGlobalRot_23, boxGlobalRot_31, boxGlobalRot_32, boxGlobalRot_33, indexForceX, indexForceY, indexForceZ, indexForceGlobalX, indexForceGlobalY, indexForceGlobalZ, indexContact, indexPosX, indexPosY, indexPosZ, indexRot_11, indexRot_12, indexRot_13, indexRot_21, indexRot_22, indexRot_23, indexRot_31, indexRot_32, indexRot_33, thumbForceX, thumbForceY, thumbForceZ, thumbForceGlobalX, thumbForceGlobalY, thumbForceGlobalZ, thumbContact, thumbPosX, thumbPosY, thumbPosZ, thumbRot_11, thumbRot_12, thumbRot_13, thumbRot_21, thumbRot_22, thumbRot_23, thumbRot_31, thumbRot_32, thumbRot_33, manipForceTooHigh, cceExpType, mapping, trialSuccess, 
292.313008, 22, 0.1, 0.1, 0.0162394881, 0.376554987, -0.0349717282, 0.83950617, -0.543350154, 1.84475427e-005, 0.543350154, 0.83950617, -4.26529239e-007, -1.52550712e-005, 1.03815491e-005, 1, 0.839506048, -0.543350343, 3.01990648e-005, 0.543350343, 0.839506048, 9.70973062e-007, -2.58798761e-005, 1.55935345e-005, 1, 0, 0, 0, 0, 0, 0, 0, 0.248849146, -0.216544897, -0.158921069, -0.569979376, 0.355236355, -0.74095933, -0.814331055, -0.363891602, 0.451904297, -0.109077925, 0.860911833, 0.496907259, 0, 0, -0, 0, 0, 0, 0, 0.298793311, -0.14500332, -0.138100293, 0.0526189204, 0.168144267, -0.984348214, 0.259399414, -0.954101563, -0.149169922, -0.96425968, -0.247451579, -0.0938852349, 0, 1, 5, 1, 
292.326406, 22, 0.1, 0.1, 0.0162395204, 0.376554964, -0.0349804618, 0.839516056, -0.54333488, 1.91812745e-005, 0.54333488, 0.839516056, -1.5247052e-005, -7.81873274e-006, 2.32220004e-005, 1, 0.839515984, -0.543334991, 2.74990106e-005, 0.543334992, 0.839515984, -1.88149781e-005, -1.2863023e-005, 3.07366496e-005, 0.999999999, 0, 0, 0, 0, 0, 0, 0, 0.247142773, -0.214774463, -0.157694507, -0.572765532, 0.354982115, -0.738883475, -0.812255859, -0.366210938, 0.453735352, -0.109501785, 0.860086957, 0.498308763, 0, 0, -0, 0, 0, 0, 0, 0.297999561, -0.14362749, -0.138063428, 0.050427495, 0.1700732, -0.984073328, 0.263671875, -0.952636719, -0.151123047, -0.963262581, -0.25179032, -0.0929971443, 0, 1, 5, 1, 
292.327105, 22, 0.1, 0.1, 0.0162395219, 0.376554961, -0.0349775918, 0.839516454, -0.543334265, -6.85341467e-006, 0.543334265, 0.839516454, 1.9238838e-005, -4.69956551e-006, -1.98750161e-005, 1, 0.839516369, -0.543334397, -1.205735e-005, 0.543334397, 0.839516369, 1.45357854e-005, 2.22455049e-006, -1.87542028e-005, 1, 0, 0, 0, 0, 0, 0, 0, 0.247142773, -0.214774463, -0.157694507, -0.572765532, 0.354982115, -0.738883475, -0.812255859, -0.366210938, 0.453735352, -0.109501785, 0.860086957, 0.498308763, 0, 0, -0, 0, 0, 0, 0, 0.297999561, -0.14362749, -0.138063428, 0.050427495, 0.1700732, -0.984073328, 0.263671875, -0.952636719, -0.151123047, -0.963262581, -0.25179032, -0.0929971443, 0, 1, 5, 1, 
292.3278, 22, 0.1, 0.1, 0.0162395206, 0.376554961, -0.0349726252, 0.839516877, -0.543333611, 7.95329709e-006, 0.543333611, 0.839516877, -9.16343941e-006, -1.69812252e-006, 1.20141557e-005, 1, 0.8395168, -0.543333731, 4.18076944e-006, 0.543333731, 0.8395168, -9.63367058e-006, 1.724472e-006, 1.03591814e-005, 1, 0, 0, 0, 0, 0, 0, 0, 0.247142773, -0.214774463, -0.157694507, -0.572765532, 0.354982115, -0.738883475, -0.812255859, -0.366210938, 0.453735352, -0.109501785, 0.860086957, 0.498308763, 0, 0, -0, 0, 0, 0, 0, 0.297999561, -0.14362749, -0.138063428, 0.050427495, 0.1700732, -0.984073328, 0.263671875, -0.952636719, -0.151123047, -0.963262581, -0.25179032, -0.0929971443, 0, 1, 5, 1, 
292.328524, 22, 0.1, 0.1, 0.0162395202, 0.376554961, -0.0349666408, 0.839517243, -0.543333046, -2.32813591e-006, 0.543333045, 0.839517243, -9.32034013e-006, 7.01855903e-006, 6.55963308e-006, 1, 0.839517184, -0.543333137, -5.90938874e-006, 0.543333137, 0.839517184, -1.52012545e-006, 5.78696793e-006, -1.93459528e-006, 1, 0, 0, 0, 0, 0, 0, 0, 0.246094556, -0.215567212, -0.157914941, -0.571697277, 0.356880115, -0.738776012, -0.813598633, -0.361938477, 0.454833984, -0.105098079, 0.861145855, 0.497426599, 0, 0, -0, 0, 0, 0, 0, 0.297562842, -0.143766992, -0.138280078, 0.0507213375, 0.170731613, -0.983939167, 0.26184082, -0.95300293, -0.151855469, -0.963722667, -0.249879977, -0.0931057861, 0, 1, 5, 1, 
292.329225, 22, 0.1, 0.1, 0.0162395182, 0.37655496, -0.034961974, 0.839517457, -0.543332714, -3.15590948e-006, 0.543332714, 0.839517457, 5.83075001e-006, -5.18596125e-007, -6.60972529e-006, 1, 0.839517426, -0.543332763, 2.91387879e-006, 0.543332763, 0.839517426, 1.39323956e-005, -1.0016179e-005, -1.01132831e-005, 1, 0, 0, 0, 0, 0, 0, 0, 0.246094556, -0.215567212, -0.157914941, -0.571697277, 0.356880115, -0.738776012, -0.813598633, -0.361938477, 0.454833984, -0.105098079, 0.861145855, 0.497426599, 0, 0, -0, 0, 0, 0, 0, 0.297562842, -0.143766992, -0.138280078, 0.0507213375, 0.170731613, -0.983939167, 0.26184082, -0.95300293, -0.151855469, -0.963722667, -0.249879977, -0.0931057861, 0, 1, 5, 1, 
292.329924, 22, 0.1, 0.1, 0.0162395227, 0.376554963, -0.0349598686, 0.839517619, -0.543332464, -7.9368447e-006, 0.543332464, 0.839517619, 6.77566968e-006, 2.98167966e-006, -1.00006395e-005, 1, 0.839517578, -0.543332527, -1.82856997e-005, 0.543332527, 0.839517579, -3.50363889e-006, 1.72548073e-005, -6.99384901e-006, 1, 0, 0, 0, 0, 0, 0, 0, 0.246094556, -0.215567212, -0.157914941, -0.571697277, 0.356880115, -0.738776012, -0.813598633, -0.361938477, 0.454833984, -0.105098079, 0.861145855, 0.497426599, 0, 0, -0, 0, 0, 0, 0, 0.297562842, -0.143766992, -0.138280078, 0.0507213375, 0.170731613, -0.983939167, 0.26184082, -0.95300293, -0.151855469, -0.963722667, -0.249879977, -0.0931057861, 0, 1, 5, 1, 
292.330617, 22, 0.1, 0.1, 0.0162395139, 0.376554958, -0.0349607869, 0.839517897, -0.543332036, 1.50168692e-005, 0.543332036, 0.839517897, 1.33803338e-005, -1.98768945e-005, -3.07388356e-006, 1, 0.839517841, -0.543332122, 2.93806386e-005, 0.543332121, 0.839517841, 1.12027522e-005, -3.07523854e-005, 6.55853433e-006, 1, 0, 0, 0, 0, 0, 0, 0, 0.246094556, -0.215567212, -0.157914941, -0.571697277, 0.356880115, -0.738776012, -0.813598633, -0.361938477, 0.454833984, -0.105098079, 0.861145855, 0.497426599, 0, 0, -0, 0, 0, 0, 0, 0.297562842, -0.143766992, -0.138280078, 0.0507213375, 0.170731613, -0.983939167, 0.26184082, -0.95300293, -0.151855469, -0.963722667, -0.249879977, -0.0931057861, 0, 1, 5, 1, 
292.331314, 22, 0.1, 0.1, 0.0162395209, 0.376554965, -0.0349642932, 0.839518029, -0.543331831, -3.17061777e-005, 0.54333183, 0.839518029, -3.36361075e-005, 4.48934757e-005, 1.10111432e-005, 0.999999999, 0.839518009, -0.543331862, -3.02538368e-005, 0.543331861, 0.839518009, -3.53415492e-005, 4.46008305e-005, 1.32319936e-005, 0.999999999, 0, 0, 0, 0, 0, 0, 0, 0.246094556, -0.215567212, -0.157914941, -0.571697277, 0.356880115, -0.738776012, -0.813598633, -0.361938477, 0.454833984, -0.105098079, 0.861145855, 0.497426599, 0, 0, -0, 0, 0, 0, 0, 0.297562842, -0.143766992, -0.138280078, 0.0507213375, 0.170731613, -0.983939167, 0.26184082, -0.95300293, -0.151855469, -0.963722667, -0.249879977, -0.0931057861, 0, 1, 5, 1, 
292.33201, 22, 0.1, 0.1, 0.0162395236, 0.376554963, -0.0349691846, 0.839518202, -0.543331564, 2.13830791e-005, 0.543331563, 0.839518202, 2.96554318e-005, -3.40642163e-005, -1.3278173e-005, 0.999999999, 0.839518147, -0.543331649, 4.48946342e-006, 0.543331648, 0.839518147, 2.46140034e-005, -1.71425531e-005, -1.8224635e-005, 1, 0, 0, 0, 0, 0, 0, 0, 0.246094556, -0.215567212, -0.157914941, -0.571697277, 0.356880115, -0.738776012, -0.813598633, -0.361938477, 0.454833984, -0.105098079, 0.861145855, 0.497426599, 0, 0, -0, 0, 0, 0, 0, 0.297562842, -0.143766992, -0.138280078, 0.0507213375, 0.170731613, -0.983939167, 0.26184082, -0.95300293, -0.151855469, -0.963722667, -0.249879977, -0.0931057861, 0, 1, 5, 1, 
292.332705, 22, 0.1, 0.1, 0.0162395084, 0.376554959, -0.0349739471, 0.839518583, -0.543330974, 3.4508379e-005, 0.543330975, 0.839518583, -4.434433e-006, -2.65610607e-005, 2.24722601e-005, 0.999999999, 0.839518497, -0.543331107, 4.56081265e-005, 0.543331107, 0.839518498, 1.78725156e-006, -3.92599352e-005, 2.32798831e-005, 0.999999999, 0, 0, 0, 0, 0, 0, 0, 0.246094556, -0.215567212, -0.157914941, -0.571697277, 0.356880115, -0.738776012, -0.813598633, -0.361938477, 0.454833984, -0.105098079, 0.861145855, 0.497426599, 0, 0, -0, 0, 0, 0, 0, 0.297562842, -0.143766992, -0.138280078, 0.0507213375, 0.170731613, -0.983939167, 0.26184082, -0.95300293, -0.151855469, -0.963722667, -0.249879977, -0.0931057861, 0, 1, 5, 1, 
292.333429, 22, 0.1, 0.1, 0.0162395157, 0.376554962, -0.0349769796, 0.8395191, -0.543330175, -4.85602865e-005, 0.543330175, 0.839519101, -6.19782618e-006, 4.41347541e-005, -2.11810755e-005, 0.999999999, 0.839518998, -0.543330332, -4.2129816e-005, 0.543330332, 0.839518999, -7.58823445e-006, 3.94916989e-005, -1.65199399e-005, 0.999999999, 0, 0, 0, 0, 0, 0, 0, 0.246398853, -0.216209961, -0.157741016, -0.570274434, 0.357331306, -0.739646193, -0.814941406, -0.358398438, 0.455200195, -0.102357229, 0.862433905, 0.495834135, 0, 0, -0, 0, 0, 0, 0, 0.297610693, -0.143949219, -0.138285205, 0.0516477076, 0.170425378, -0.983900888, 0.259033203, -0.953857422, -0.151611328, -0.964361758, -0.246966339, -0.0934699908, 0, 1, 5, 1, 
292.334174, 22, 0.1, 0.1, 0.016239524, 0.376554964, -0.0349771487, 0.839519619, -0.543329375, 9.21842644e-006, 0.543329375, 0.839519619, -2.68904781e-006, -6.27801119e-006, 7.26615027e-006, 1, 0.839519535, -0.543329505, -8.75116537e-006, 0.543329504, 0.839519535, -7.11537065e-006, 1.12127651e-005, 1.21872631e-006, 1, 0, 0, 0, 0, 0, 0, 0, 0.246398853, -0.216209961, -0.157741016, -0.570274434, 0.357331306, -0.739646193, -0.814941406, -0.358398438, 0.455200195, -0.102357229, 0.862433905, 0.495834135, 0, 0, -0, 0, 0, 0, 0, 0.297610693, -0.143949219, -0.138285205, 0.0516477076, 0.170425378, -0.983900888, 0.259033203, -0.953857422, -0.151611328, -0.964361758, -0.246966339, -0.0934699908, 0, 1, 5, 1, 
292.334872, 22, 0.1, 0.1, 0.0162395166, 0.376554959, -0.0349748705, 0.839519929, -0.543328895, 8.12070402e-006, 0.543328895, 0.839519929, 2.3591288e-005, -1.96353213e-005, -1.53931433e-005, 1, 0.839519881, -0.54332897, 1.73335948e-005, 0.54332897, 0.839519881, 2.2967793e-005, -2.70309648e-005, -9.86407458e-006, 1, 0, 0, 0, 0, 0, 0, 0, 0.246398853, -0.216209961, -0.157741016, -0.570274434, 0.357331306, -0.739646193, -0.814941406, -0.358398438, 0.455200195, -0.102357229, 0.862433905, 0.495834135, 0, 0, -0, 0, 0, 0, 0, 0.297610693, -0.143949219, -0.138285205, 0.0516477076, 0.170425378, -0.983900888, 0.259033203, -0.953857422, -0.151611328, -0.964361758, -0.246966339, -0.0934699908, 0, 1, 5, 1, 
292.335567, 22, 0.1, 0.1, 0.01623952, 0.376554961, -0.0349712208, 0.839520039, -0.543328726, -8.75980454e-006, 0.543328725, 0.839520039, -2.85597938e-005, 2.28713878e-005, 1.92170657e-005, 1, 0.839520034, -0.543328734, -1.38309813e-005, 0.543328734, 0.839520034, -2.24657122e-005, 2.38176529e-005, 1.13456459e-005, 1, 0, 0, 0, 0, 0, 0, 0, 0.246398853, -0.216209961, -0.157741016, -0.570274434, 0.357331306, -0.739646193, -0.814941406, -0.358398438, 0.455200195, -0.102357229, 0.862433905, 0.495834135, 0, 0, -0, 0, 0, 0, 0, 0.297610693, -0.143949219, -0.138285205, 0.0516477076, 0.170425378, -0.983900888, 0.259033203, -0.953857422, -0.151611328, -0.964361758, -0.246966339, -0.0934699908, 0, 1, 5, 1, 
292.336264, 22, 0.1, 0.1, 0.0162395161, 0.376554961, -0.0349673508, 0.839519985, -0.543328809, 1.40875825e-005, 0.543328809, 0.839519985, 2.49959966e-005, -2.54078521e-005, -1.33304492e-005, 1, 0.839520007, -0.543328775, 1.56601998e-005, 0.543328774, 0.839520007, 1.63689117e-005, -2.20407518e-005, -5.23339166e-006, 1, 0, 0, 0, 0, 0, 0, 0, 0.246398853, -0.216209961, -0.157741016, -0.570274434, 0.357331306, -0.739646193, -0.814941406, -0.358398438, 0.455200195, -0.102357229, 0.862433905, 0.495834135, 0, 0, -0, 0, 0, 0, 0, 0.297610693, -0.143949219, -0.138285205, 0.0516477076, 0.170425378, -0.983900888, 0.259033203, -0.953857422, -0.151611328, -0.964361758, -0.246966339, -0.0934699908, 0, 1, 5, 1, 
292.336967, 22, 0.1, 0.1, 0.0162395148, 0.376554961, -0.034964362, 0.839519816, -0.54332907, 1.19361924e-006, 0.54332907, 0.839519816, -2.66042402e-005, 1.34527901e-005, 2.29833149e-005, 1, 0.839519861, -0.543329001, -1.75648462e-006, 0.543329001, 0.839519861, -1.83669363e-005, 1.14538929e-005, 1.44650587e-005, 1, 0, 0, 0, 0, 0, 0, 0, 0.246398853, -0.216209961, -0.157741016, -0.570274434, 0.357331306, -0.739646193, -0.814941406, -0.358398438, 0.455200195, -0.102357229, 0.862433905, 0.495834135, 0, 0, -0, 0, 0, 0, 0, 0.297610693, -0.143949219, -0.138285205, 0.0516477076, 0.170425378, -0.983900888, 0.259033203, -0.953857422, -0.151611328, -0.964361758, -0.246966339, -0.0934699908, 0, 1, 5, 1, 
292.337679, 22, 0.1, 0.1, 0.0162395144, 0.376554962, -0.0349630181, 0.839519528, -0.543329515, -1.95777135e-005, 0.543329515, 0.839519528, 1.55863156e-005, 7.9673675e-006, -2.37221659e-005, 1, 0.839519606, -0.543329395, -4.70239741e-006, 0.543329395, 0.839519606, 1.12131033e-005, -2.14465382e-006, -1.19685708e-005, 1, 0, 0, 0, 0, 0, 0, 0, 0.246398853, -0.216209961, -0.157741016, -0.571740339, 0.35682994, -0.738783125, -0.813964844, -0.359008789, 0.456542969, -0.102248644, 0.862389721, 0.49582103, 0, 0, -0, 0, 0, 0, 0, 0.297610693, -0.143949219, -0.138285205, 0.0516477076, 0.170425378, -0.983900888, 0.259033203, -0.953857422, -0.151611328, -0.964361758, -0.246966339, -0.0934699908, 0, 1, 5, 1, 
292.338392, 22, 0.1, 0.1, 0.0162395161, 0.37655496, -0.0349634061, 0.839519219, -0.543329992, 1.05728095e-005, 0.543329992, 0.839519219, -9.72250823e-006, -3.59354644e-006, 1.3906757e-005, 1, 0.839519264, -0.543329923, 7.99600739e-006, 0.543329923, 0.839519264, 2.81690066e-007, -6.86585288e-006, 4.10798584e-006, 1, 0, 0, 0, 0, 0, 0, 0, 0.247217236, -0.216235718, -0.158143433, -0.571740339, 0.35682994, -0.738783125, -0.813964844, -0.359008789, 0.456542969, -0.102248644, 0.862389721, 0.49582103, 0, 0, -0, 0, 0, 0, 0, 0.298025439, -0.144380078, -0.138721436, 0.0513345421, 0.170125339, -0.983977446, 0.257324219, -0.954223633, -0.151611328, -0.964885644, -0.245279476, -0.0927415813, 0, 1, 5, 1, 
292.339085, 22, 0.1, 0.1, 0.0162395161, 0.37655496, -0.0349656016, 0.839519072, -0.54333022, -5.44496189e-006, 0.54333022, 0.839519072, 2.3430061e-005, -8.15911085e-006, -2.26283954e-005, 1, 0.839519098, -0.54333018, -3.44324508e-006, 0.54333018, 0.839519098, 1.40988128e-005, -4.76964049e-006, -1.37070416e-005, 1, 0, 0, 0, 0, 0, 0, 0, 0.247217236, -0.216235718, -0.158143433, -0.571740339, 0.35682994, -0.738783125, -0.813964844, -0.359008789, 0.456542969, -0.102248644, 0.862389721, 0.49582103, 0, 0, -0, 0, 0, 0, 0, 0.298025439, -0.144380078, -0.138721436, 0.0513345421, 0.170125339, -0.983977446, 0.257324219, -0.954223633, -0.151611328, -0.964885644, -0.245279476, -0.0927415813, 0, 1, 5, 1, 
292.339778, 22, 0.1, 0.1, 0.0162395168, 0.376554957, -0.0349688838, 0.83951889, -0.543330501, 1.38416036e-005, 0.543330501, 0.83951889, -6.81787764e-006, -7.91592679e-006, 1.32443025e-005, 1, 0.839518939, -0.543330425, 1.50843954e-006, 0.543330425, 0.839518939, -3.91957188e-006, 8.63259094e-007, 4.11013592e-006, 1, 0, 0, 0, 0, 0, 0, 0, 0.247217236, -0.216235718, -0.158143433, -0.571740339, 0.35682994, -0.738783125, -0.813964844, -0.359008789, 0.456542969, -0.102248644, 0.862389721, 0.49582103, 0, 0, -0, 0, 0, 0, 0, 0.298025439, -0.144380078, -0.138721436, 0.0513345421, 0.170125339, -0.983977446, 0.257324219, -0.954223633, -0.151611328, -0.964885644, -0.245279476, -0.0927415813, 0, 1, 5, 1, 
292.340501, 22, 0.1, 0.1, 0.0162395163, 0.376554958, -0.034972114, 0.839518652, -0.543330869, -2.32435301e-005, 0.543330869, 0.839518652, 3.32710976e-006, 1.77056556e-005, -1.54220981e-005, 1, 0.839518695, -0.543330802, -1.41120313e-005, 0.543330802, 0.839518695, 6.21463237e-007, 1.1509654e-005, -8.1892313e-006, 1, 0, 0, 0, 0, 0, 0, 0, 0.248136694, -0.216291382, -0.15774834, -0.57119479, 0.35570065, -0.739716586, -0.814331055, -0.358520508, 0.456420898, -0.102705826, 0.863062951, 0.494609365, 0, 0, -0, 0, 0, 0, 0, 0.2985979, -0.144875635, -0.13809541, 0.053328007, 0.168841327, -0.984201293, 0.255615234, -0.954956055, -0.150024414, -0.965167093, -0.243573291, -0.0941152783, 0, 1, 5, 1, 
292.341196, 22, 0.1, 0.1, 0.0162395175, 0.376554957, -0.034974137, 0.839518461, -0.543331164, 1.93706598e-005, 0.543331164, 0.839518461, -1.08838578e-006, -1.56706726e-005, 1.14384031e-005, 1, 0.839518496, -0.543331109, 8.95703392e-006, 0.543331109, 0.839518496, 5.30161068e-007, -7.80764865e-006, 4.42155515e-006, 1, 0, 0, 0, 0, 0, 0, 0, 0.248136694, -0.216291382, -0.15774834, -0.57119479, 0.35570065, -0.739716586, -0.814331055, -0.358520508, 0.456420898, -0.102705826, 0.863062951, 0.494609365, 0, 0, -0, 0, 0, 0, 0, 0.2985979, -0.144875635, -0.13809541, 0.053328007, 0.168841327, -0.984201293, 0.255615234, -0.954956055, -0.150024414, -0.965167093, -0.243573291, -0.0941152783, 0, 1, 5, 1, 
292.341904, 22, 0.1, 0.1, 0.0162395147, 0.376554956, -0.0349746954, 0.839518293, -0.543331424, -1.38072303e-005, 0.543331424, 0.839518293, 4.95727997e-006, 8.89797645e-006, -1.16636293e-005, 1, 0.839518327, -0.543331371, -4.49724505e-006, 0.543331371, 0.839518327, 3.5431341e-006, 1.85042374e-006, -5.41802033e-006, 1, 0, 0, 0, 0, 0, 0, 0, 0.248136694, -0.216291382, -0.15774834, -0.57119479, 0.35570065, -0.739716586, -0.814331055, -0.358520508, 0.456420898, -0.102705826, 0.863062951, 0.494609365, 0, 0, -0, 0, 0, 0, 0, 0.2985979, -0.144875635, -0.13809541, 0.053328007, 0.168841327, -0.984201293, 0.255615234, -0.954956055, -0.150024414, -0.965167093, -0.243573291, -0.0941152783, 0, 1, 5, 1, 
292.3426, 22, 0.1, 0.1, 0.0162395143, 0.376554955, -0.0349735903, 0.83951812, -0.543331691, 1.54302006e-005, 0.543331691, 0.83951812, 6.93020619e-006, -1.67193336e-005, 2.56568329e-006, 1, 0.839518161, -0.543331628, 1.09085461e-005, 0.543331628, 0.839518161, 2.72319123e-006, -1.06375185e-005, 3.64078961e-006, 1, 0, 0, 0, 0, 0, 0, 0, 0.248136694, -0.216291382, -0.15774834, -0.57119479, 0.35570065, -0.739716586, -0.814331055, -0.358520508, 0.456420898, -0.102705826, 0.863062951, 0.494609365, 0, 0, -0, 0, 0, 0, 0, 0.2985979, -0.144875635, -0.13809541, 0.053328007, 0.168841327, -0.984201293, 0.255615234, -0.954956055, -0.150024414, -0.965167093, -0.243573291, -0.0941152783, 0, 1, 5, 1, 
292.343295, 22, 0.1, 0.1, 0.0162395136, 0.376554955, -0.0349714267, 0.839517902, -0.543332027, -1.30508918e-005, 0.543332027, 0.839517902, -1.22997699e-005, 1.76393162e-005, 3.23490952e-006, 1, 0.839517946, -0.54333196, -8.49088766e-006, 0.54333196, 0.839517946, -4.70397169e-006, 9.68407073e-006, -6.64301981e-007, 1, 0, 0, 0, 0, 0, 0, 0, 0.248136694, -0.216291382, -0.15774834, -0.57119479, 0.35570065, -0.739716586, -0.814331055, -0.358520508, 0.456420898, -0.102705826, 0.863062951, 0.494609365, 0, 0, -0, 0, 0, 0, 0, 0.2985979, -0.144875635, -0.13809541, 0.053328007, 0.168841327, -0.984201293, 0.255615234, -0.954956055, -0.150024414, -0.965167093, -0.243573291, -0.0941152783, 0, 1, 5, 1, 
292.343996, 22, 0.1, 0.1, 0.0162395143, 0.376554956, -0.0349688769, 0.839517747, -0.543332267, 1.74852708e-005, 0.543332267, 0.839517747, -6.67062426e-007, -1.43167586e-005, 1.00603226e-005, 1, 0.839517764, -0.543332241, 5.10272058e-006, 0.543332241, 0.839517764, 3.5316122e-006, -6.20266334e-006, -1.92378563e-007, 1, 0, 0, 0, 0, 0, 0, 0, 0.248136694, -0.216291382, -0.15774834, -0.57119479, 0.35570065, -0.739716586, -0.814331055, -0.358520508, 0.456420898, -0.102705826, 0.863062951, 0.494609365, 0, 0, -0, 0, 0, 0, 0, 0.2985979, -0.144875635, -0.13809541, 0.053328007, 0.168841327, -0.984201293, 0.255615234, -0.954956055, -0.150024414, -0.965167093, -0.243573291, -0.0941152783, 0, 1, 5, 1, 
292.344687, 22, 0.1, 0.1, 0.016239514, 0.376554956, -0.0349667281, 0.839517689, -0.543332356, -2.7041524e-005, 0.543332356, 0.839517689, 1.31566657e-006, 2.19869935e-005, -1.57970603e-005, 1, 0.8395177, -0.54333234, -1.60408671e-005, 0.54333234, 0.8395177, 4.55198636e-008, 1.34418595e-005, -8.7537366e-006, 1, 0, 0, 0, 0, 0, 0, 0, 0.248136694, -0.216291382, -0.15774834, -0.57119479, 0.35570065, -0.739716586, -0.814331055, -0.358520508, 0.456420898, -0.102705826, 0.863062951, 0.494609365, 0, 0, -0, 0, 0, 0, 0, 0.2985979, -0.144875635, -0.13809541, 0.053328007, 0.168841327, -0.984201293, 0.255615234, -0.954956055, -0.150024414, -0.965167093, -0.243573291, -0.0941152783, 0, 1, 5, 1, 
292.345408, 22, 0.1, 0.1, 0.0162395141, 0.376554958, -0.0349653611, 0.839517637, -0.543332436, 3.16754783e-005, 0.543332437, 0.839517637, -1.11570416e-005, -2.05301401e-005, 2.6576848e-005, 0.999999999, 0.839517647, -0.543332421, 1.83887171e-005, 0.543332422, 0.839517647, -8.8607075e-006, -1.06233428e-005, 1.74299065e-005, 1, 0, 0, 0, 0, 0, 0, 0, 0.249004028, -0.216051782, -0.157722705, -0.571626885, 0.356068344, -0.739284491, -0.813842773, -0.360107422, 0.455810547, -0.103873308, 0.862263162, 0.495776847, 0, 0, -0, 0, 0, 0, 0, 0.299110791, -0.144837549, -0.137657715, 0.0542992197, 0.169473855, -0.983952293, 0.256103516, -0.954833984, -0.150390625, -0.965065015, -0.243752295, -0.0953165345, 0, 1, 5, 1, 
292.346102, 22, 0.1, 0.1, 0.0162395091, 0.376554959, -0.0349652574, 0.839517579, -0.543332526, -1.57648835e-005, 0.543332526, 0.839517579, 6.96978316e-006, 9.44798696e-006, -1.44168295e-005, 1, 0.839517591, -0.543332508, -3.41681514e-006, 0.543332508, 0.839517591, 2.5339541e-006, 1.49169678e-006, -3.98376579e-006, 1, 0, 0, 0, 0, 0, 0, 0, 0.249004028, -0.216051782, -0.157722705, -0.571626885, 0.356068344, -0.739284491, -0.813842773, -0.360107422, 0.455810547, -0.103873308, 0.862263162, 0.495776847, 0, 0, -0, 0, 0, 0, 0, 0.299110791, -0.144837549, -0.137657715, 0.0542992197, 0.169473855, -0.983952293, 0.256103516, -0.954833984, -0.150390625, -0.965065015, -0.243752295, -0.0953165345, 0, 1, 5, 1, 
292.346796, 22, 0.1, 0.1, 0.0162395092, 0.376554958, -0.0349664479, 0.83951756, -0.543332555, 1.36195577e-005, 0.543332555, 0.83951756, -1.13453997e-005, -5.26953285e-006, 1.69246114e-005, 1, 0.839517553, -0.543332566, 1.10463964e-005, 0.543332566, 0.839517553, -3.46398099e-006, -7.39154998e-006, 8.90993973e-006, 1, 0, 0, 0, 0, 0, 0, 0, 0.249004028, -0.216051782, -0.157722705, -0.571626885, 0.356068344, -0.739284491, -0.813842773, -0.360107422, 0.455810547, -0.103873308, 0.862263162, 0.495776847, 0, 0, -0, 0, 0, 0, 0, 0.299110791, -0.144837549, -0.137657715, 0.0542992197, 0.169473855, -0.983952293, 0.256103516, -0.954833984, -0.150390625, -0.965065015, -0.243752295, -0.0953165345, 0, 1, 5, 1, 
292.347494, 22, 0.1, 0.1, 0.0162395079, 0.376554958, -0.0349685089, 0.839517645, -0.543332425, -8.47947217e-007, 0.543332425, 0.839517644, 2.4304061e-005, -1.24933178e-005, -2.08644053e-005, 1, 0.839517627, -0.543332453, 1.09101059e-006, 0.543332452, 0.839517627, 1.46110744e-005, -8.85459353e-006, -1.16734731e-005, 1, 0, 0, 0, 0, 0, 0, 0, 0.249004028, -0.216051782, -0.157722705, -0.571626885, 0.356068344, -0.739284491, -0.813842773, -0.360107422, 0.455810547, -0.103873308, 0.862263162, 0.495776847, 0, 0, -0, 0, 0, 0, 0, 0.299110791, -0.144837549, -0.137657715, 0.0542992197, 0.169473855, -0.983952293, 0.256103516, -0.954833984, -0.150390625, -0.965065015, -0.243752295, -0.0953165345, 0, 1, 5, 1, 
292.348192, 22, 0.1, 0.1, 0.0162395106, 0.376554956, -0.03497075, 0.839517675, -0.543332378, -7.47823477e-006, 0.543332378, 0.839517675, -1.6618712e-005, 1.53075946e-005, 9.88853537e-006, 1, 0.83951768, -0.54333237, -1.13607069e-005, 0.54333237, 0.83951768, -9.51459804e-006, 1.47071034e-005, 1.81503346e-006, 1, 0, 0, 0, 0, 0, 0, 0, 0.249004028, -0.216051782, -0.157722705, -0.571626885, 0.356068344, -0.739284491, -0.813842773, -0.360107422, 0.455810547, -0.103873308, 0.862263162, 0.495776847, 0, 0, -0, 0, 0, 0, 0, 0.299110791, -0.144837549, -0.137657715, 0.0542992197, 0.169473855, -0.983952293, 0.256103516, -0.954833984, -0.150390625, -0.965065015, -0.243752295, -0.0953165345, 0, 1, 5, 1, 
292.34889, 22, 0.1, 0.1, 0.0162395075, 0.376554954, -0.0349725106, 0.839517585, -0.543332518, 1.09564851e-005, 0.543332517, 0.839517585, 2.70730178e-005, -2.39078128e-005, -1.67752599e-005, 1, 0.839517613, -0.543332475, 1.24677699e-005, 0.543332474, 0.839517613, 1.97285994e-005, -2.11861012e-005, -9.78836241e-006, 1, 0, 0, 0, 0, 0, 0, 0, 0.249004028, -0.216051782, -0.157722705, -0.571626885, 0.356068344, -0.739284491, -0.813842773, -0.360107422, 0.455810547, -0.103873308, 0.862263162, 0.495776847, 0, 0, -0, 0, 0, 0, 0, 0.299110791, -0.144837549, -0.137657715, 0.0542992197, 0.169473855, -0.983952293, 0.256103516, -0.954833984, -0.150390625, -0.965065015, -0.243752295, -0.0953165345, 0, 1, 5, 1, 
292.349586, 22, 0.1, 0.1, 0.0162395083, 0.376554952, -0.0349732827, 0.839517426, -0.543332762, -1.51487049e-005, 0.543332762, 0.839517426, -2.41415072e-005, 2.58344735e-005, 1.20364283e-005, 1, 0.839517458, -0.543332714, -1.01977509e-005, 0.543332714, 0.839517458, -1.20766093e-005, 1.51228068e-005, 4.59775261e-006, 1, 0, 0, 0, 0, 0, 0, 0, 0.249004028, -0.216051782, -0.157722705, -0.571626885, 0.356068344, -0.739284491, -0.813842773, -0.360107422, 0.455810547, -0.103873308, 0.862263162, 0.495776847, 0, 0, -0, 0, 0, 0, 0, 0.299110791, -0.144837549, -0.137657715, 0.0542992197, 0.169473855, -0.983952293, 0.256103516, -0.954833984, -0.150390625, -0.965065015, -0.243752295, -0.0953165345, 0, 1, 5, 1, 
292.350309, 22, 0.1, 0.1, 0.0162395132, 0.376554957, -0.0349727453, 0.839517299, -0.543332959, -4.50083503e-006, 0.543332959, 0.839517299, 1.11368463e-005, -2.27248678e-006, -1.17950271e-005, 1, 0.839517313, -0.543332938, -1.4209564e-005, 0.543332938, 0.839517313, -1.83621566e-006, 1.29268515e-005, -6.17898934e-006, 1, 0, 0, 0, 0, 0, 0, 0, 0.249466748, -0.216241089, -0.157486646, -0.571328462, 0.356753556, -0.739068443, -0.814086914, -0.360107422, 0.455566406, -0.103549798, 0.861907451, 0.496360588, 0, 0, -0, 0, 0, 0, 0, 0.299621973, -0.14502417, -0.137224902, 0.0552831924, 0.169933941, -0.983850215, 0.255859375, -0.954833984, -0.150512695, -0.965084338, -0.243458452, -0.0962877473, 0, 1, 5, 1, 
292.351007, 22, 0.1, 0.1, 0.0162395101, 0.376554955, -0.0349711959, 0.839517306, -0.543332948, 1.90000447e-007, 0.543332948, 0.839517306, -4.05200492e-006, 2.04207911e-006, 3.50496176e-006, 1, 0.839517295, -0.543332966, 1.04451824e-005, 0.543332966, 0.839517295, 8.28588074e-007, -9.21911052e-006, 4.97959793e-006, 1, 0, 0, 0, 0, 0, 0, 0, 0.249466748, -0.216241089, -0.157486646, -0.571328462, 0.356753556, -0.739068443, -0.814086914, -0.360107422, 0.455566406, -0.103549798, 0.861907451, 0.496360588, 0, 0, -0, 0, 0, 0, 0, 0.299621973, -0.14502417, -0.137224902, 0.0552831924, 0.169933941, -0.983850215, 0.255859375, -0.954833984, -0.150512695, -0.965084338, -0.243458452, -0.0962877473, 0, 1, 5, 1, 
292.351704, 22, 0.1, 0.1, 0.0162395091, 0.376554955, -0.0349692956, 0.839517397, -0.543332807, 1.70971984e-005, 0.543332807, 0.839517397, -3.77791063e-006, -1.23007327e-005, 1.24610905e-005, 1, 0.83951738, -0.543332834, 1.1357217e-005, 0.543332834, 0.83951738, -3.49609615e-006, -7.6350372e-006, 9.10578236e-006, 1, 0, 0, 0, 0, 0, 0, 0, 0.249466748, -0.216241089, -0.157486646, -0.571328462, 0.356753556, -0.739068443, -0.814086914, -0.360107422, 0.455566406, -0.103549798, 0.861907451, 0.496360588, 0, 0, -0, 0, 0, 0, 0, 0.299621973, -0.14502417, -0.137224902, 0.0552831924, 0.169933941, -0.983850215, 0.255859375, -0.954833984, -0.150512695, -0.965084338, -0.243458452, -0.0962877473, 0, 1, 5, 1, 
292.3524, 22, 0.1, 0.1, 0.0162395112, 0.376554954, -0.0349675841, 0.839517471, -0.543332693, -2.1853734e-005, 0.543332693, 0.839517471, 8.00044719e-006, 1.3999687e-005, -1.85903634e-005, 1, 0.839517457, -0.543332714, -2.13956392e-005, 0.543332715, 0.839517457, 7.73848345e-006, 1.37574414e-005, -1.81215427e-005, 1, 0, 0, 0, 0, 0, 0, 0, 0.249466748, -0.216241089, -0.157486646, -0.571328462, 0.356753556, -0.739068443, -0.814086914, -0.360107422, 0.455566406, -0.103549798, 0.861907451, 0.496360588, 0, 0, -0, 0, 0, 0, 0, 0.299621973, -0.14502417, -0.137224902, 0.0552831924, 0.169933941, -0.983850215, 0.255859375, -0.954833984, -0.150512695, -0.965084338, -0.243458452, -0.0962877473, 0, 1, 5, 1, 
292.35311, 22, 0.1, 0.1, 0.0162395079, 0.376554957, -0.0349664443, 0.839517587, -0.543332514, 1.59955855e-005, 0.543332514, 0.839517587, -2.49507506e-005, 1.27978702e-007, 2.96375156e-005, 1, 0.839517553, -0.543332566, 2.01967324e-005, 0.543332566, 0.839517553, -1.86129342e-005, -6.8424981e-006, 2.65994274e-005, 1, 0, 0, 0, 0, 0, 0, 0, 0.249466748, -0.216241089, -0.157486646, -0.571328462, 0.356753556, -0.739068443, -0.814086914, -0.360107422, 0.455566406, -0.103549798, 0.861907451, 0.496360588, 0, 0, -0, 0, 0, 0, 0, 0.299524072, -0.144967773, -0.137416162, 0.0538136133, 0.170796512, -0.98372225, 0.255981445, -0.954589844, -0.151733398, -0.965116054, -0.243490535, -0.0951696132, 0, 1, 5, 1, 
292.353805, 22, 0.1, 0.1, 0.0162395081, 0.376554956, -0.0349663283, 0.839517737, -0.543332282, -2.31188964e-005, 0.543332282, 0.839517737, 2.47109384e-005, 5.98247305e-006, -3.33065138e-005, 0.999999999, 0.839517711, -0.543332323, -1.46937009e-005, 0.543332323, 0.839517711, 1.40110706e-005, 4.72295461e-006, -1.97461046e-005, 1, 0, 0, 0, 0, 0, 0, 0, 0.249466748, -0.216241089, -0.157486646, -0.571328462, 0.356753556, -0.739068443, -0.814086914, -0.360107422, 0.455566406, -0.103549798, 0.861907451, 0.496360588, 0, 0, -0, 0, 0, 0, 0, 0.299524072, -0.144967773, -0.137416162, 0.0538136133, 0.170796512, -0.98372225, 0.255981445, -0.954589844, -0.151733398, -0.965116054, -0.243490535, -0.0951696132, 0, 1, 5, 1, 
292.354503, 22, 0.1, 0.1, 0.0162395109, 0.376554947, -0.0349672302, 0.839517945, -0.543331962, 1.23269066e-006, 0.543331962, 0.839517945, 2.39986162e-006, -2.33878745e-006, -1.34496666e-006, 1, 0.839517894, -0.54333204, -2.34808804e-006, 0.54333204, 0.839517894, 2.22690773e-005, -1.01282413e-005, -1.99710804e-005, 1, 0, 0, 0, 0, 0, 0, 0, 0.249466748, -0.216241089, -0.157486646, -0.571328462, 0.356753556, -0.739068443, -0.814086914, -0.360107422, 0.455566406, -0.103549798, 0.861907451, 0.496360588, 0, 0, -0, 0, 0, 0, 0, 0.299524072, -0.144967773, -0.137416162, 0.0538136133, 0.170796512, -0.98372225, 0.255981445, -0.954589844, -0.151733398, -0.965116054, -0.243490535, -0.0951696132, 0, 1, 5, 1, 
292.355212, 22, 0.1, 0.1, 0.0162395069, 0.376554963, -0.0349687274, 0.83951817, -0.543331613, 1.93422892e-005, 0.543331614, 0.839518169, -4.46211249e-005, 8.00586457e-006, 4.79695223e-005, 0.999999999, 0.839518135, -0.543331668, 1.42481713e-005, 0.543331668, 0.839518133, -5.28795628e-005, 1.67695429e-005, 5.21348346e-005, 0.999999999, 0, 0, 0, 0, 0, 0, 0, 0.249369702, -0.215958765, -0.157817407, -0.573282628, 0.357965222, -0.736916204, -0.812744141, -0.361206055, 0.456787109, -0.102622329, 0.860973991, 0.498244362, 0, 0, -0, 0, 0, 0, 0, 0.299524072, -0.144967773, -0.137416162, 0.0538136133, 0.170796512, -0.98372225, 0.255981445, -0.954589844, -0.151733398, -0.965116054, -0.243490535, -0.0951696132, 0, 1, 5, 1, 
292.355908, 22, 0.1, 0.1, 0.0162395038, 0.37655496, -0.0349703663, 0.839518203, -0.543331562, -2.03373263e-005, 0.543331562, 0.839518202, 3.82052234e-005, -3.68454804e-006, -4.31238918e-005, 0.999999999, 0.839518223, -0.543331532, -3.22774108e-006, 0.543331532, 0.839518223, 2.73257814e-005, -1.21372112e-005, -2.46942249e-005, 1, 0, 0, 0, 0, 0, 0, 0, 0.249369702, -0.215958765, -0.157817407, -0.573282628, 0.357965222, -0.736916204, -0.812744141, -0.361206055, 0.456787109, -0.102622329, 0.860973991, 0.498244362, 0, 0, -0, 0, 0, 0, 0, 0.299524072, -0.144967773, -0.137416162, 0.0538136133, 0.170796512, -0.98372225, 0.255981445, -0.954589844, -0.151733398, -0.965116054, -0.243490535, -0.0951696132, 0, 1, 5, 1, 
292.356603, 22, 0.1, 0.1, 0.0162395176, 0.376554948, -0.0349717717, 0.839518028, -0.543331832, -2.94782608e-005, 0.543331832, 0.839518028, 2.66549308e-005, 1.0265059e-005, -3.83937725e-005, 0.999999999, 0.839518066, -0.543331772, -4.24430835e-005, 0.543331774, 0.839518066, 3.37883994e-005, 1.72734244e-005, -5.14266475e-005, 0.999999999, 0, 0, 0, 0, 0, 0, 0, 0.249369702, -0.215958765, -0.157817407, -0.573282628, 0.357965222, -0.736916204, -0.812744141, -0.361206055, 0.456787109, -0.102622329, 0.860973991, 0.498244362, 0, 0, -0, 0, 0, 0, 0, 0.299524072, -0.144967773, -0.137416162, 0.0538136133, 0.170796512, -0.98372225, 0.255981445, -0.954589844, -0.151733398, -0.965116054, -0.243490535, -0.0951696132, 0, 1, 5, 1, 
292.357313, 22, 0.1, 0.1, 0.0162395132, 0.376554951, -0.034972487, 0.839517939, -0.543331971, 1.6818944e-005, 0.543331971, 0.839517938, -3.24010562e-005, 3.48472456e-006, 3.63395379e-005, 0.999999999, 0.839517938, -0.543331971, 2.12347468e-005, 0.543331972, 0.839517938, -2.30269787e-005, -5.31565709e-006, 3.08690786e-005, 1, 0, 0, 0, 0, 0, 0, 0, 0.249369702, -0.215958765, -0.157817407, -0.575554313, 0.359684245, -0.734370062, -0.811279297, -0.36340332, 0.457885742, -0.102138937, 0.859342213, 0.501054483, 0, 0, -0, 0, 0, 0, 0, 0.299524072, -0.144967773, -0.137416162, 0.0538136133, 0.170796512, -0.98372225, 0.255981445, -0.954589844, -0.151733398, -0.965116054, -0.243490535, -0.0951696132, 0, 1, 5, 1, 
292.358125, 22, 0.1, 0.1, 0.0162395122, 0.376554954, -0.0349716195, 0.839517924, -0.543331993, -2.05439848e-005, 0.543331993, 0.839517924, 2.3830008e-005, 4.29943773e-006, -3.1167923e-005, 1, 0.839517952, -0.543331951, 3.10873555e-006, 0.543331951, 0.839517952, -6.6900152e-007, -2.2463494e-006, 2.25071414e-006, 1, 0, 0, 0, 0, 0, 0, 0, 0.249031836, -0.215429395, -0.15812522, -0.575554313, 0.359684245, -0.734370062, -0.811279297, -0.36340332, 0.457885742, -0.102138937, 0.859342213, 0.501054483, 0, 0, -0, 0, 0, 0, 0, 0.299611328, -0.144638818, -0.137818945, 0.0517115067, 0.172757894, -0.983498403, 0.256958008, -0.953979492, -0.154052734, -0.964968766, -0.244634556, -0.0937959162, 0, 1, 5, 1, 
292.35928, 22, 0.1, 0.1, 0.0162395259, 0.376554929, -0.0349627824, 0.839517965, -0.54333193, -1.22032531e-005, 0.543331931, 0.839517965, 1.95008486e-005, -3.50583534e-007, -2.30017298e-005, 1, 0.839517967, -0.543331927, -2.7307621e-005, 0.543331928, 0.839517966, 3.93568095e-005, 1.54142729e-006, -4.78778511e-005, 0.999999999, 0, 0, 0, 0, 0, 0, 0, 0.249031836, -0.215429395, -0.15812522, -0.575554313, 0.359684245, -0.734370062, -0.811279297, -0.36340332, 0.457885742, -0.102138937, 0.859342213, 0.501054483, 0, 0, -0, 0, 0, 0, 0, 0.299611328, -0.144638818, -0.137818945, 0.0517115067, 0.172757894, -0.983498403, 0.256958008, -0.953979492, -0.154052734, -0.964968766, -0.244634556, -0.0937959162, 0, 1, 5, 1, 
292.360431, 22, 0.1, 0.1, 0.0162395174, 0.376554941, -0.0349492407, 0.839517905, -0.543332023, -2.70232376e-008, 0.543332023, 0.839517905, -7.61124202e-006, 4.15811801e-006, 6.37509136e-006, 1, 0.83951794, -0.543331968, 2.44458459e-005, 0.543331969, 0.83951794, -2.05145422e-005, -9.37651963e-006, 3.05045358e-005, 0.999999999, 0, 0, 0, 0, 0, 0, 0, 0.249031836, -0.215429395, -0.15812522, -0.575554313, 0.359684245, -0.734370062, -0.811279297, -0.36340332, 0.457885742, -0.102138937, 0.859342213, 0.501054483, 0, 0, -0, 0, 0, 0, 0, 0.299611328, -0.144638818, -0.137818945, 0.0517115067, 0.172757894, -0.983498403, 0.256958008, -0.953979492, -0.154052734, -0.964968766, -0.244634556, -0.0937959162, 0, 1, 5, 1, 
292.361584, 22, 0.1, 0.1, 0.0162395272, 0.376554925, -0.0349377863, 0.839518031, -0.543331828, -2.54681958e-005, 0.543331828, 0.839518031, -2.09549916e-005, 3.27665235e-005, 3.75441195e-006, 0.999999999, 0.839517996, -0.543331882, -1.76673237e-005, 0.543331882, 0.839517996, 2.82199627e-005, -5.00769203e-007, -3.32903868e-005, 0.999999999, 0, 0, 0, 0, 0, 0, 0, 0.249031836, -0.215429395, -0.15812522, -0.575554313, 0.359684245, -0.734370062, -0.811279297, -0.36340332, 0.457885742, -0.102138937, 0.859342213, 0.501054483, 0, 0, -0, 0, 0, 0, 0, 0.299611328, -0.144638818, -0.137818945, 0.0517115067, 0.172757894, -0.983498403, 0.256958008, -0.953979492, -0.154052734, -0.964968766, -0.244634556, -0.0937959162, 0, 1, 5, 1, 
292.362778, 22, 0.1, 0.1, 0.016239521, 0.376554929, -0.0349326491, 0.839518255, -0.543331479, 6.32756556e-005, 0.543331478, 0.839518257, 2.35577505e-005, -6.59207356e-005, 1.46024939e-005, 0.999999998, 0.839518164, -0.543331621, 3.46194028e-005, 0.543331621, 0.839518165, 2.68928142e-005, -4.36753338e-005, -3.76718977e-006, 0.999999999, 0, 0, 0, 0, 0, 0, 0, 0.248556177, -0.214895996, -0.158278882, -0.576138054, 0.361460555, -0.73314417, -0.810913086, -0.364624023, 0.457519531, -0.10192289, 0.858072138, 0.503332159, 0, 0, -0, 0, 0, 0, 0, 0.299341699, -0.144284717, -0.138015576, 0.0509575775, 0.17489828, -0.983146958, 0.257446289, -0.953491211, -0.15637207, -0.964802522, -0.245146048, -0.0936362351, 0, 1, 5, 1, 
292.363918, 22, 0.1, 0.1, 0.0162395207, 0.376554933, -0.0349359121, 0.839518548, -0.543331025, -6.42145907e-005, 0.543331022, 0.839518551, -5.78536991e-005, 8.53430498e-005, 1.36794743e-005, 0.999999996, 0.839518503, -0.543331098, -3.59445354e-005, 0.543331097, 0.839518504, -3.84003255e-005, 5.10401936e-005, 1.2708e-005, 0.999999999, 0, 0, 0, 0, 0, 0, 0, 0.248556177, -0.214895996, -0.158278882, -0.576138054, 0.361460555, -0.73314417, -0.810913086, -0.364624023, 0.457519531, -0.10192289, 0.858072138, 0.503332159, 0, 0, -0, 0, 0, 0, 0, 0.299341699, -0.144284717, -0.138015576, 0.0509575775, 0.17489828, -0.983146958, 0.257446289, -0.953491211, -0.15637207, -0.964802522, -0.245146048, -0.0936362351, 0, 1, 5, 1, 
292.365071, 22, 0.1, 0.1, 0.0162395389, 0.37655495, -0.0349455122, 0.839518823, -0.543330603, 3.55147804e-005, 0.543330602, 0.839518824, 2.3021896e-005, -4.23238273e-005, -3.10480122e-008, 0.999999999, 0.83951882, -0.543330608, -3.6490427e-006, 0.543330608, 0.83951882, -2.17778662e-005, 1.48960213e-005, 1.63002919e-005, 1, 0, 0, 0, 0, 0, 0, 0, 0.248556177, -0.214895996, -0.158278882, -0.576138054, 0.361460555, -0.73314417, -0.810913086, -0.364624023, 0.457519531, -0.10192289, 0.858072138, 0.503332159, 0, 0, -0, 0, 0, 0, 0, 0.299341699, -0.144284717, -0.138015576, 0.0509575775, 0.17489828, -0.983146958, 0.257446289, -0.953491211, -0.15637207, -0.964802522, -0.245146048, -0.0936362351, 0, 1, 5, 1, 
292.366082, 22, 0.1, 0.1, 0.0162394989, 0.376554926, -0.0349557607, 0.839519048, -0.543330255, 5.73695302e-005, 0.543330253, 0.839519049, 4.20654602e-005, -7.10182507e-005, -4.14415373e-006, 0.999999997, 0.839519023, -0.543330291, 7.31137245e-005, 0.543330289, 0.839519026, 5.14213304e-005, -8.93191292e-005, -3.44428404e-006, 0.999999996, 0, 0, 0, 0, 0, 0, 0, 0.248556177, -0.214895996, -0.158278882, -0.576138054, 0.361460555, -0.73314417, -0.810913086, -0.364624023, 0.457519531, -0.10192289, 0.858072138, 0.503332159, 0, 0, -0, 0, 0, 0, 0, 0.299341699, -0.144284717, -0.138015576, 0.0509575775, 0.17489828, -0.983146958, 0.257446289, -0.953491211, -0.15637207, -0.964802522, -0.245146048, -0.0936362351, 0, 1, 5, 1, 
292.366778, 22, 0.1, 0.1, 0.0162395053, 0.37655493, -0.0349651584, 0.839519172, -0.543330062, -6.61286192e-005, 0.54333006, 0.839519174, -3.9337862e-005, 7.68896868e-005, -2.90477732e-006, 0.999999997, 0.839519159, -0.543330082, -5.07201379e-005, 0.543330082, 0.839519161, -2.42279509e-005, 5.57443022e-005, -7.2179477e-006, 0.999999998, 0, 0, 0, 0, 0, 0, 0, 0.248556177, -0.214895996, -0.158278882, -0.576138054, 0.361460555, -0.73314417, -0.810913086, -0.364624023, 0.457519531, -0.10192289, 0.858072138, 0.503332159, 0, 0, -0, 0, 0, 0, 0, 0.299341699, -0.144284717, -0.138015576, 0.0509575775, 0.17489828, -0.983146958, 0.257446289, -0.953491211, -0.15637207, -0.964802522, -0.245146048, -0.0936362351, 0, 1, 5, 1, 
