time, trialNum, realDorsalTactorPos, realVentralTactorPos, boxPosX, boxPosY, boxPosZ, boxLocalRot_11, boxLocalRot_12, boxLocalRot_13, boxLocalRot_21, boxLocalRot_22, boxLocalRot_23, boxLocalRot_31, boxLocalRot_32, boxLocalRot_33, boxGlobalRot_11, boxGlobalRot_12, boxGlobalRot_13, boxGlobalRot_21, boxGlobalRot_22, boxGlobalRot_23, boxGlobalRot_31, boxGlobalRot_32, boxGlobalRot_33, indexForceX, indexForceY, indexForceZ, indexForceGlobalX, indexForceGlobalY, indexForceGlobalZ, indexContact, indexPosX, indexPosY, indexPosZ, indexRot_11, indexRot_12, indexRot_13, indexRot_21, indexRot_22, indexRot_23, indexRot_31, indexRot_32, indexRot_33, thumbForceX, thumbForceY, thumbForceZ, thumbForceGlobalX, thumbForceGlobalY, thumbForceGlobalZ, thumbContact, thumbPosX, thumbPosY, thumbPosZ, thumbRot_11, thumbRot_12, thumbRot_13, thumbRot_21, thumbRot_22, thumbRot_23, thumbRot_31, thumbRot_32, thumbRot_33, manipForceTooHigh, cceExpType, mapping, trialSuccess, 
108.109927, 10, 0.1, 0.1, 0.0197975216, 0.374500043, -0.0349628531, 0.919326366, -1.05486358e-005, 0.393495912, 0.393495912, -2.5382649e-005, -0.919326366, 1.96856076e-005, 1, -1.91840933e-005, 0.919326359, 7.27088063e-006, 0.393495929, 0.393495929, -9.91754955e-006, -0.919326359, -2.78179684e-006, 1, -1.19785266e-005, 0, 0, 0, 0, 0, 0, 0, 0.297127124, -0.164156421, -0.200731616, -0.232444025, 0.426094026, -0.874296322, -0.937988281, 0.139160156, 0.317260742, 0.256932752, 0.893934993, 0.367490788, 0, 0, -0, 0, 0, 0, 0, 0.360938281, -0.11237832, -0.1701229, 0.110514392, 0.204567207, -0.97254098, 0.376831055, -0.9140625, -0.149414062, -0.919510667, -0.34991856, -0.178195913, 0, 1, 1, 1, 
108.140062, 10, 0.1, 0.1, 0.0197974625, 0.374500141, -0.0349696673, 0.919325133, 4.19659562e-006, 0.393498792, 0.393498792, 4.0111103e-006, -0.919325133, -5.43640288e-006, 1, 2.03615921e-006, 0.919325139, -4.57597432e-006, 0.39349878, 0.39349878, -2.68418804e-006, -0.919325139, 5.26303294e-006, 1, -6.67001238e-007, 0, 0, 0, 0, 0, 0, 0, 0.301160132, -0.177768579, -0.190946851, -0.274856784, 0.425937511, -0.861934043, -0.930908203, 0.106323242, 0.349365234, 0.240414989, 0.898409092, 0.367510266, 0, 0, -0, 0, 0, 0, 0, 0.364836279, -0.124449121, -0.15960083, 0.0883894173, 0.217871408, -0.971862143, 0.407836914, -0.898071289, -0.16418457, -0.908702625, -0.38190625, -0.168305148, 0, 1, 1, 1, 
108.140786, 10, 0.1, 0.1, 0.0197974607, 0.374500142, -0.0349669636, 0.91932512, -1.44560737e-005, 0.393498824, 0.393498824, -7.45113461e-006, -0.91932512, 1.62218444e-005, 1, -1.16156723e-006, 0.919325123, -1.02092979e-005, 0.393498815, 0.393498815, -2.60264976e-006, -0.919325123, 1.04098037e-005, 1, 1.62466532e-006, 0, 0, 0, 0, 0, 0, 0, 0.301967749, -0.178171729, -0.18992937, -0.280596089, 0.426756395, -0.859623044, -0.930419922, 0.0986328125, 0.352661133, 0.235391593, 0.898897353, 0.369616079, 0, 0, -0, 0, 0, 0, 0, 0.365302881, -0.124583496, -0.158212793, 0.0845880549, 0.221058833, -0.971491375, 0.413696289, -0.894775391, -0.167480469, -0.906401825, -0.387708373, -0.167161494, 0, 1, 1, 1, 
108.141481, 10, 0.1, 0.1, 0.0197974592, 0.374500143, -0.0349653024, 0.919325108, 7.22966228e-006, 0.393498852, 0.393498852, 5.83979784e-006, -0.919325108, -8.9443638e-006, 1, 2.52380898e-006, 0.91932511, 8.99692795e-006, 0.393498846, 0.393498846, 3.05929845e-006, -0.91932511, -9.47493219e-006, 1, -7.27790883e-007, 0, 0, 0, 0, 0, 0, 0, 0.301967749, -0.178171729, -0.18992937, -0.280596089, 0.426756395, -0.859623044, -0.930419922, 0.0986328125, 0.352661133, 0.235391593, 0.898897353, 0.369616079, 0, 0, -0, 0, 0, 0, 0, 0.365302881, -0.124583496, -0.158212793, 0.0845880549, 0.221058833, -0.971491375, 0.413696289, -0.894775391, -0.167480469, -0.906401825, -0.387708373, -0.167161494, 0, 1, 1, 1, 
108.142172, 10, 0.1, 0.1, 0.0197974605, 0.374500145, -0.0349650328, 0.919325098, -7.71958105e-006, 0.393498874, 0.393498874, -3.04785247e-006, -0.919325098, 8.29613112e-006, 1, 2.35679183e-007, 0.919325099, -1.54324843e-005, 0.393498873, 0.393498873, -3.20747652e-006, -0.919325099, 1.54496086e-005, 1, 3.12395153e-006, 0, 0, 0, 0, 0, 0, 0, 0.301967749, -0.178171729, -0.18992937, -0.280596089, 0.426756395, -0.859623044, -0.930419922, 0.0986328125, 0.352661133, 0.235391593, 0.898897353, 0.369616079, 0, 0, -0, 0, 0, 0, 0, 0.365302881, -0.124583496, -0.158212793, 0.0845880549, 0.221058833, -0.971491375, 0.413696289, -0.894775391, -0.167480469, -0.906401825, -0.387708373, -0.167161494, 0, 1, 1, 1, 
108.142869, 10, 0.1, 0.1, 0.0197974563, 0.374500147, -0.0349661669, 0.919325085, -7.69592174e-006, 0.393498905, 0.393498906, 2.38885761e-006, -0.919325085, 6.13504105e-006, 1, 5.2244735e-006, 0.919325094, 4.54702115e-006, 0.393498884, 0.393498884, 4.15653617e-006, -0.919325094, -5.81578299e-006, 1, 2.03196025e-006, 0, 0, 0, 0, 0, 0, 0, 0.301967749, -0.178171729, -0.18992937, -0.280596089, 0.426756395, -0.859623044, -0.930419922, 0.0986328125, 0.352661133, 0.235391593, 0.898897353, 0.369616079, 0, 0, -0, 0, 0, 0, 0, 0.365302881, -0.124583496, -0.158212793, 0.0845880549, 0.221058833, -0.971491375, 0.413696289, -0.894775391, -0.167480469, -0.906401825, -0.387708373, -0.167161494, 0, 1, 1, 1, 
108.143563, 10, 0.1, 0.1, 0.0197974545, 0.374500149, -0.0349682365, 0.919324995, 1.07249862e-005, 0.393499115, 0.393499115, 9.51420748e-006, -0.919324995, -1.36035801e-005, 1, 4.52637615e-006, 0.91932502, 8.96676126e-006, 0.393499056, 0.393499056, -9.36073873e-007, -0.91932502, -7.87502379e-006, 1, -4.38896823e-006, 0, 0, 0, 0, 0, 0, 0, 0.301967749, -0.178171729, -0.18992937, -0.280596089, 0.426756395, -0.859623044, -0.930419922, 0.0986328125, 0.352661133, 0.235391593, 0.898897353, 0.369616079, 0, 0, -0, 0, 0, 0, 0, 0.365302881, -0.124583496, -0.158212793, 0.0845880549, 0.221058833, -0.971491375, 0.413696289, -0.894775391, -0.167480469, -0.906401825, -0.387708373, -0.167161494, 0, 1, 1, 1, 
108.144255, 10, 0.1, 0.1, 0.0197974529, 0.374500149, -0.0349706114, 0.919324865, -7.42926199e-006, 0.393499419, 0.393499419, -4.0874775e-006, -0.919324865, 8.4383253e-006, 1, -8.34309421e-007, 0.919324888, -6.39136254e-006, 0.393499364, 0.393499364, -6.99430502e-006, -0.919324888, 8.62799323e-006, 1, -3.91504158e-006, 0, 0, 0, 0, 0, 0, 0, 0.301967749, -0.178171729, -0.18992937, -0.280596089, 0.426756395, -0.859623044, -0.930419922, 0.0986328125, 0.352661133, 0.235391593, 0.898897353, 0.369616079, 0, 0, -0, 0, 0, 0, 0, 0.365302881, -0.124583496, -0.158212793, 0.0845880549, 0.221058833, -0.971491375, 0.413696289, -0.894775391, -0.167480469, -0.906401825, -0.387708373, -0.167161494, 0, 1, 1, 1, 
108.144953, 10, 0.1, 0.1, 0.0197974495, 0.374500148, -0.0349725749, 0.919324794, 6.5936423e-006, 0.393499584, 0.393499584, -7.46711872e-008, -0.919324794, -6.03231577e-006, 1, -2.66324258e-006, 0.919324801, 1.07100963e-005, 0.393499567, 0.393499567, 4.20074234e-006, -0.919324801, -1.14990475e-005, 1, -3.52571659e-007, 0, 0, 0, 0, 0, 0, 0, 0.301967749, -0.178171729, -0.18992937, -0.280596089, 0.426756395, -0.859623044, -0.930419922, 0.0986328125, 0.352661133, 0.235391593, 0.898897353, 0.369616079, 0, 0, -0, 0, 0, 0, 0, 0.365302881, -0.124583496, -0.158212793, 0.0845880549, 0.221058833, -0.971491375, 0.413696289, -0.894775391, -0.167480469, -0.906401825, -0.387708373, -0.167161494, 0, 1, 1, 1, 
108.145673, 10, 0.1, 0.1, 0.0197974496, 0.374500149, -0.0349734214, 0.919324799, 6.11577174e-006, 0.393499574, 0.393499574, 6.48033001e-007, -0.919324799, -5.87738133e-006, 1, -1.81080076e-006, 0.919324795, -6.35636092e-006, 0.393499581, 0.393499581, 4.25290709e-006, -0.919324795, 4.17004304e-006, 1, 6.4110283e-006, 0, 0, 0, 0, 0, 0, 0, 0.302754248, -0.178517871, -0.189323218, -0.28680456, 0.428723666, -0.856677008, -0.92956543, 0.0913085937, 0.356933594, 0.231307649, 0.898832952, 0.372610046, 0, 0, -0, 0, 0, 0, 0, 0.365302881, -0.124583496, -0.158212793, 0.0780199753, 0.225447514, -0.971094721, 0.418945312, -0.891235352, -0.173217773, -0.904637304, -0.393261497, -0.163928494, 0, 1, 1, 1, 
108.146366, 10, 0.1, 0.1, 0.0197974477, 0.374500149, -0.034972925, 0.919324796, -1.14571428e-005, 0.393499581, 0.393499581, -2.42203978e-006, -0.919324796, 1.14859071e-005, 1, 2.28173967e-006, 0.919324802, -8.2222813e-006, 0.393499567, 0.393499567, 2.51592146e-006, -0.919324802, 6.56893312e-006, 1, 5.54841312e-006, 0, 0, 0, 0, 0, 0, 0, 0.302754248, -0.178517871, -0.189323218, -0.28680456, 0.428723666, -0.856677008, -0.92956543, 0.0913085937, 0.356933594, 0.231307649, 0.898832952, 0.372610046, 0, 0, -0, 0, 0, 0, 0, 0.365575146, -0.124856396, -0.158118555, 0.0780199753, 0.225447514, -0.971094721, 0.418945312, -0.891235352, -0.173217773, -0.904637304, -0.393261497, -0.163928494, 0, 1, 1, 1, 
108.14706, 10, 0.1, 0.1, 0.0197974453, 0.374500151, -0.0349715235, 0.919324723, 6.01867723e-006, 0.39349975, 0.39349975, 6.7498751e-006, -0.919324723, -8.18919294e-006, 1, 3.83697908e-006, 0.919324742, 7.50946049e-006, 0.393499705, 0.393499705, 5.00276675e-006, -0.919324742, -8.87222007e-006, 1, 1.64419676e-006, 0, 0, 0, 0, 0, 0, 0, 0.302754248, -0.178517871, -0.189323218, -0.28680456, 0.428723666, -0.856677008, -0.92956543, 0.0913085937, 0.356933594, 0.231307649, 0.898832952, 0.372610046, 0, 0, -0, 0, 0, 0, 0, 0.365575146, -0.124856396, -0.158118555, 0.0780199753, 0.225447514, -0.971094721, 0.418945312, -0.891235352, -0.173217773, -0.904637304, -0.393261497, -0.163928494, 0, 1, 1, 1, 
108.147754, 10, 0.1, 0.1, 0.0197974455, 0.374500155, -0.0349696777, 0.919324629, -6.57299021e-006, 0.393499969, 0.393499969, -1.64780607e-006, -0.919324629, 6.69112342e-006, 1, 1.07160274e-006, 0.919324646, -9.23902754e-006, 0.393499931, 0.393499931, -1.14143453e-005, -0.919324646, 1.29852098e-005, 1, -6.85793226e-006, 0, 0, 0, 0, 0, 0, 0, 0.302754248, -0.178517871, -0.189323218, -0.28680456, 0.428723666, -0.856677008, -0.92956543, 0.0913085937, 0.356933594, 0.231307649, 0.898832952, 0.372610046, 0, 0, -0, 0, 0, 0, 0, 0.365575146, -0.124856396, -0.158118555, 0.0780199753, 0.225447514, -0.971094721, 0.418945312, -0.891235352, -0.173217773, -0.904637304, -0.393261497, -0.163928494, 0, 1, 1, 1, 
108.148461, 10, 0.1, 0.1, 0.0197974419, 0.374500156, -0.0349679136, 0.91932461, -5.19906596e-006, 0.393500014, 0.393500013, -9.88418346e-006, -0.91932461, 8.66905562e-006, 1, -7.04094059e-006, 0.919324607, 7.89945717e-006, 0.393500021, 0.393500021, -8.38144084e-006, -0.919324607, -3.96406821e-006, 1, -1.08137014e-005, 0, 0, 0, 0, 0, 0, 0, 0.302754248, -0.178517871, -0.189323218, -0.28680456, 0.428723666, -0.856677008, -0.92956543, 0.0913085937, 0.356933594, 0.231307649, 0.898832952, 0.372610046, 0, 0, -0, 0, 0, 0, 0, 0.365575146, -0.124856396, -0.158118555, 0.0722185848, 0.228628742, -0.970793949, 0.423095703, -0.888427734, -0.177734375, -0.903160428, -0.397836845, -0.160951056, 0, 1, 1, 1, 
108.149154, 10, 0.1, 0.1, 0.0197974409, 0.374500158, -0.0349666916, 0.919324663, 1.5644016e-005, 0.393499891, 0.393499892, -3.41124014e-006, -0.919324663, -1.30396071e-005, 1, -9.29195577e-006, 0.919324652, 9.01562244e-006, 0.393499916, 0.393499916, -3.49193728e-006, -0.919324652, -6.91420694e-006, 1, -6.7578707e-006, 0, 0, 0, 0, 0, 0, 0, 0.302754248, -0.178517871, -0.189323218, -0.28680456, 0.428723666, -0.856677008, -0.92956543, 0.0913085937, 0.356933594, 0.231307649, 0.898832952, 0.372610046, 0, 0, -0, 0, 0, 0, 0, 0.365668848, -0.125188623, -0.157812793, 0.0722185848, 0.228628742, -0.970793949, 0.423095703, -0.888427734, -0.177734375, -0.903160428, -0.397836845, -0.160951056, 0, 1, 1, 1, 
108.149846, 10, 0.1, 0.1, 0.0197974397, 0.37450016, -0.034966464, 0.919324676, -7.06053058e-006, 0.393499861, 0.393499861, -9.94463549e-006, -0.919324676, 1.04041327e-005, 1, -6.364031e-006, 0.91932468, -1.11802473e-005, 0.39349985, 0.39349985, -2.03967374e-006, -0.91932468, 1.10808886e-005, 1, 2.52430324e-006, 0, 0, 0, 0, 0, 0, 0, 0.302754248, -0.178517871, -0.189323218, -0.28680456, 0.428723666, -0.856677008, -0.92956543, 0.0913085937, 0.356933594, 0.231307649, 0.898832952, 0.372610046, 0, 0, -0, 0, 0, 0, 0, 0.365668848, -0.125188623, -0.157812793, 0.0722185848, 0.228628742, -0.970793949, 0.423095703, -0.888427734, -0.177734375, -0.903160428, -0.397836845, -0.160951056, 0, 1, 1, 1, 
108.150538, 10, 0.1, 0.1, 0.0197974355, 0.37450016, -0.0349672336, 0.919324603, 5.05695257e-006, 0.39350003, 0.39350003, 5.76460002e-006, -0.919324603, -6.91735119e-006, 1, 3.30962764e-006, 0.919324622, 9.97904479e-006, 0.393499986, 0.393499986, 1.09924682e-005, -0.919324622, -1.34995177e-005, 1, 6.17889265e-006, 0, 0, 0, 0, 0, 0, 0, 0.302754248, -0.178517871, -0.189323218, -0.28680456, 0.428723666, -0.856677008, -0.92956543, 0.0913085937, 0.356933594, 0.231307649, 0.898832952, 0.372610046, 0, 0, -0, 0, 0, 0, 0, 0.365668848, -0.125188623, -0.157812793, 0.0722185848, 0.228628742, -0.970793949, 0.423095703, -0.888427734, -0.177734375, -0.903160428, -0.397836845, -0.160951056, 0, 1, 1, 1, 
108.151247, 10, 0.1, 0.1, 0.0197974356, 0.374500162, -0.034968513, 0.919324523, 2.59001953e-006, 0.393500218, 0.393500218, 7.20346707e-006, -0.919324523, -5.21563433e-006, 1, 5.60315068e-006, 0.919324532, -6.83388839e-006, 0.393500197, 0.393500197, 3.0949325e-007, -0.919324532, 6.16077559e-006, 1, 2.97366116e-006, 0, 0, 0, 0, 0, 0, 0, 0.30310708, -0.178889771, -0.188732568, -0.292796982, 0.430189571, -0.85398521, -0.928588867, 0.0848388672, 0.361083984, 0.227807446, 0.898724368, 0.374779138, 0, 0, -0, 0, 0, 0, 0, 0.365668848, -0.125188623, -0.157812793, 0.0722185848, 0.228628742, -0.970793949, 0.423095703, -0.888427734, -0.177734375, -0.903160428, -0.397836845, -0.160951056, 0, 1, 1, 1, 
108.151945, 10, 0.1, 0.1, 0.0197974331, 0.374500164, -0.0349700087, 0.919324528, -1.15765526e-005, 0.393500206, 0.393500206, -1.64823649e-006, -0.919324528, 1.12911902e-005, 1, 3.04011161e-006, 0.919324519, -3.73596868e-006, 0.393500227, 0.393500227, -7.20075243e-006, -0.919324519, 6.26806533e-006, 1, -5.14972375e-006, 0, 0, 0, 0, 0, 0, 0, 0.30310708, -0.178889771, -0.188732568, -0.292796982, 0.430189571, -0.85398521, -0.928588867, 0.0848388672, 0.361083984, 0.227807446, 0.898724368, 0.374779138, 0, 0, -0, 0, 0, 0, 0, 0.365668848, -0.125188623, -0.157812793, 0.0722185848, 0.228628742, -0.970793949, 0.423095703, -0.888427734, -0.177734375, -0.903160428, -0.397836845, -0.160951056, 0, 1, 1, 1, 
108.152639, 10, 0.1, 0.1, 0.0197974305, 0.374500165, -0.034971299, 0.919324581, 1.17144212e-005, 0.393500083, 0.393500083, 9.05650927e-007, -0.919324581, -1.11257291e-005, 1, -3.77703857e-006, 0.919324571, 1.29926244e-005, 0.393500104, 0.393500104, -1.5697741e-006, -0.919324572, -1.13267326e-005, 1, -6.55573095e-006, 0, 0, 0, 0, 0, 0, 0, 0.30310708, -0.178889771, -0.188732568, -0.292796982, 0.430189571, -0.85398521, -0.928588867, 0.0848388672, 0.361083984, 0.227807446, 0.898724368, 0.374779138, 0, 0, -0, 0, 0, 0, 0, 0.365668848, -0.125188623, -0.157812793, 0.0722185848, 0.228628742, -0.970793949, 0.423095703, -0.888427734, -0.177734375, -0.903160428, -0.397836845, -0.160951056, 0, 1, 1, 1, 
108.153345, 10, 0.1, 0.1, 0.0197974303, 0.374500166, -0.0349720108, 0.919324583, -3.0967223e-007, 0.393500077, 0.393500077, -7.20393779e-006, -0.919324583, 3.11943937e-006, 1, -6.50090106e-006, 0.919324589, -6.74867449e-006, 0.393500063, 0.393500063, -7.21570511e-006, -0.919324589, 9.04360282e-006, 1, -3.9779713e-006, 0, 0, 0, 0, 0, 0, 0, 0.30310708, -0.178889771, -0.188732568, -0.29757774, 0.431655476, -0.851419972, -0.928100586, 0.0778808594, 0.363891602, 0.223373782, 0.898615783, 0.377709827, 0, 0, -0, 0, 0, 0, 0, 0.365668848, -0.125188623, -0.157812793, 0.0722185848, 0.228628742, -0.970793949, 0.423095703, -0.888427734, -0.177734375, -0.903160428, -0.397836845, -0.160951056, 0, 1, 1, 1, 
108.154094, 10, 0.1, 0.1, 0.0197974262, 0.374500165, -0.0349712454, 0.919324507, -2.81932653e-006, 0.393500256, 0.393500256, -3.84991344e-006, -0.919324507, 4.10681789e-006, 1, -2.42991406e-006, 0.919324524, 4.47516512e-006, 0.393500216, 0.393500216, 7.73569486e-006, -0.919324524, -7.15812664e-006, 1, 5.35063555e-006, 0, 0, 0, 0, 0, 0, 0, 0.303742236, -0.179484912, -0.187922827, -0.29757774, 0.431655476, -0.851419972, -0.928100586, 0.0778808594, 0.363891602, 0.223373782, 0.898615783, 0.377709827, 0, 0, -0, 0, 0, 0, 0, 0.365834082, -0.125487891, -0.157292578, 0.0673501276, 0.232480777, -0.970244177, 0.427978516, -0.885131836, -0.182373047, -0.90121727, -0.402955402, -0.159174875, 0, 1, 1, 1, 
108.154788, 10, 0.1, 0.1, 0.0197974255, 0.374500165, -0.0349700204, 0.919324453, 7.85514998e-006, 0.393500382, 0.393500382, 8.30004356e-006, -0.919324453, -1.04875018e-005, 1, 4.53942849e-006, 0.919324457, 2.32475076e-006, 0.393500372, 0.393500372, 9.56715881e-006, -0.919324457, -5.90188078e-006, 1, 7.88053279e-006, 0, 0, 0, 0, 0, 0, 0, 0.303742236, -0.179484912, -0.187922827, -0.29757774, 0.431655476, -0.851419972, -0.928100586, 0.0778808594, 0.363891602, 0.223373782, 0.898615783, 0.377709827, 0, 0, -0, 0, 0, 0, 0, 0.365834082, -0.125487891, -0.157292578, 0.0673501276, 0.232480777, -0.970244177, 0.427978516, -0.885131836, -0.182373047, -0.90121727, -0.402955402, -0.159174875, 0, 1, 1, 1, 
108.155483, 10, 0.1, 0.1, 0.0197974254, 0.374500167, -0.0349687959, 0.919324482, -1.50694851e-005, 0.393500314, 0.393500314, 5.16242524e-007, -0.919324482, 1.3650605e-005, 1, 6.40444153e-006, 0.91932447, -1.45213608e-005, 0.393500342, 0.393500342, -1.89295305e-006, -0.91932447, 1.409472e-005, 1, 3.97392239e-006, 0, 0, 0, 0, 0, 0, 0, 0.303742236, -0.179484912, -0.187922827, -0.29757774, 0.431655476, -0.851419972, -0.928100586, 0.0778808594, 0.363891602, 0.223373782, 0.898615783, 0.377709827, 0, 0, -0, 0, 0, 0, 0, 0.365834082, -0.125487891, -0.157292578, 0.0673501276, 0.232480777, -0.970244177, 0.427978516, -0.885131836, -0.182373047, -0.90121727, -0.402955402, -0.159174875, 0, 1, 1, 1, 
108.156173, 10, 0.1, 0.1, 0.0197974224, 0.374500168, -0.0349679398, 0.919324539, 1.73563136e-006, 0.393500181, 0.393500181, 4.45598541e-006, -0.919324539, -3.34903956e-006, 1, 3.41352548e-006, 0.91932453, 1.06659175e-005, 0.393500202, 0.393500202, -8.35266254e-007, -0.91932453, -9.47676218e-006, 1, -4.96492146e-006, 0, 0, 0, 0, 0, 0, 0, 0.303742236, -0.179484912, -0.187922827, -0.29757774, 0.431655476, -0.851419972, -0.928100586, 0.0778808594, 0.363891602, 0.223373782, 0.898615783, 0.377709827, 0, 0, -0, 0, 0, 0, 0, 0.365834082, -0.125487891, -0.157292578, 0.0673501276, 0.232480777, -0.970244177, 0.427978516, -0.885131836, -0.182373047, -0.90121727, -0.402955402, -0.159174875, 0, 1, 1, 1, 
108.156871, 10, 0.1, 0.1, 0.0197974228, 0.374500171, -0.0349676397, 0.919324524, 7.74019244e-006, 0.393500215, 0.393500216, -2.70648469e-006, -0.919324524, -6.05074642e-006, 1, -5.53390515e-006, 0.919324534, -2.11327985e-006, 0.393500193, 0.393500193, -1.05615492e-005, -0.919324534, 6.09876168e-006, 1, -8.8779153e-006, 0, 0, 0, 0, 0, 0, 0, 0.303742236, -0.179484912, -0.187922827, -0.29757774, 0.431655476, -0.851419972, -0.928100586, 0.0778808594, 0.363891602, 0.223373782, 0.898615783, 0.377709827, 0, 0, -0, 0, 0, 0, 0, 0.365834082, -0.125487891, -0.157292578, 0.0673501276, 0.232480777, -0.970244177, 0.427978516, -0.885131836, -0.182373047, -0.90121727, -0.402955402, -0.159174875, 0, 1, 1, 1, 
108.157567, 10, 0.1, 0.1, 0.0197974206, 0.374500171, -0.0349679306, 0.919324442, -7.70568861e-006, 0.393500408, 0.393500408, -1.1543923e-005, -0.919324442, 1.16265663e-005, 1, -7.58041899e-006, 0.919324458, -3.72036474e-006, 0.39350037, 0.39350037, -7.0947639e-006, -0.919324458, 6.21201451e-006, 1, -5.05842507e-006, 0, 0, 0, 0, 0, 0, 0, 0.303742236, -0.179484912, -0.187922827, -0.29757774, 0.431655476, -0.851419972, -0.928100586, 0.0778808594, 0.363891602, 0.223373782, 0.898615783, 0.377709827, 0, 0, -0, 0, 0, 0, 0, 0.365834082, -0.125487891, -0.157292578, 0.0673501276, 0.232480777, -0.970244177, 0.427978516, -0.885131836, -0.182373047, -0.90121727, -0.402955402, -0.159174875, 0, 1, 1, 1, 
108.158264, 10, 0.1, 0.1, 0.0197974182, 0.374500172, -0.0349687069, 0.9193244, 1.31205446e-005, 0.393500504, 0.393500504, 5.74954587e-007, -0.9193244, -1.22882817e-005, 1, -4.63437114e-006, 0.919324401, 1.02957788e-005, 0.393500502, 0.393500502, 8.33541739e-006, -0.919324401, -1.27451516e-005, 1, 3.61155846e-006, 0, 0, 0, 0, 0, 0, 0, 0.303742236, -0.179484912, -0.187922827, -0.29757774, 0.431655476, -0.851419972, -0.928100586, 0.0778808594, 0.363891602, 0.223373782, 0.898615783, 0.377709827, 0, 0, -0, 0, 0, 0, 0, 0.365834082, -0.125487891, -0.157292578, 0.0673501276, 0.232480777, -0.970244177, 0.427978516, -0.885131836, -0.182373047, -0.90121727, -0.402955402, -0.159174875, 0, 1, 1, 1, 
108.158988, 10, 0.1, 0.1, 0.0197974187, 0.374500173, -0.0349694301, 0.919324447, -6.38427946e-006, 0.393500395, 0.393500395, 2.84688556e-006, -0.919324447, 4.74897359e-006, 1, 5.12942798e-006, 0.919324434, -1.30963085e-005, 0.393500426, 0.393500426, 2.90473808e-006, -0.919324434, 1.08967407e-005, 1, 7.82379966e-006, 0, 0, 0, 0, 0, 0, 0, 0.304879541, -0.179896851, -0.186501587, -0.301229207, 0.432315601, -0.849952945, -0.928100586, 0.0710449219, 0.365112305, 0.218266889, 0.898882005, 0.379949311, 0, 0, -0, 0, 0, 0, 0, 0.366381982, -0.125610303, -0.156136572, 0.064775541, 0.235578883, -0.969624409, 0.433105469, -0.881958008, -0.185424805, -0.898910273, -0.407907714, -0.159232478, 0, 1, 1, 1, 
108.159685, 10, 0.1, 0.1, 0.0197974152, 0.374500173, -0.0349700652, 0.919324502, -7.55604914e-006, 0.393500267, 0.393500267, 4.71402843e-006, -0.919324502, 5.09148967e-006, 1, 7.3070292e-006, 0.919324497, 3.46871821e-006, 0.393500279, 0.393500279, 6.94617132e-006, -0.919324497, -5.92219797e-006, 1, 5.02084387e-006, 0, 0, 0, 0, 0, 0, 0, 0.304879541, -0.179896851, -0.186501587, -0.301229207, 0.432315601, -0.849952945, -0.928100586, 0.0710449219, 0.365112305, 0.218266889, 0.898882005, 0.379949311, 0, 0, -0, 0, 0, 0, 0, 0.366381982, -0.125610303, -0.156136572, 0.064775541, 0.235578883, -0.969624409, 0.433105469, -0.881958008, -0.185424805, -0.898910273, -0.407907714, -0.159232478, 0, 1, 1, 1, 
108.160378, 10, 0.1, 0.1, 0.0197974141, 0.374500174, -0.0349705383, 0.919324478, 8.5309248e-006, 0.393500322, 0.393500322, 7.90104406e-006, -0.919324478, -1.09517514e-005, 1, 3.90670155e-006, 0.91932449, 7.1489168e-006, 0.393500294, 0.393500294, -1.09073931e-006, -0.91932449, -6.14296805e-006, 1, -3.81584423e-006, 0, 0, 0, 0, 0, 0, 0, 0.304879541, -0.179896851, -0.186501587, -0.301229207, 0.432315601, -0.849952945, -0.928100586, 0.0710449219, 0.365112305, 0.218266889, 0.898882005, 0.379949311, 0, 0, -0, 0, 0, 0, 0, 0.366381982, -0.125610303, -0.156136572, 0.064775541, 0.235578883, -0.969624409, 0.433105469, -0.881958008, -0.185424805, -0.898910273, -0.407907714, -0.159232478, 0, 1, 1, 1, 
108.161103, 10, 0.1, 0.1, 0.0197974137, 0.374500176, -0.0349706028, 0.919324409, -9.51473222e-006, 0.393500485, 0.393500485, -8.54517872e-006, -0.919324409, 1.21096575e-005, 1, -4.11173963e-006, 0.919324422, -8.7060678e-006, 0.393500455, 0.393500454, -1.14206582e-005, -0.919324422, 1.24977349e-005, 1, -7.07344839e-006, 0, 0, 0, 0, 0, 0, 0, 0.305582568, -0.180796655, -0.184869922, -0.304639539, 0.43215085, -0.848701966, -0.928222656, 0.0645751953, 0.366088867, 0.213121803, 0.899402467, 0.381605054, 0, 0, -0, 0, 0, 0, 0, 0.366381982, -0.125610303, -0.156136572, 0.0630507655, 0.237948579, -0.969209165, 0.438232422, -0.87902832, -0.187255859, -0.896513957, -0.412936585, -0.159679804, 0, 1, 1, 1, 
108.161798, 10, 0.1, 0.1, 0.019797411, 0.374500176, -0.034970157, 0.919324395, 6.19335567e-006, 0.393500517, 0.393500517, -6.20644287e-006, -0.919324395, -3.25146447e-006, 1, -8.14282299e-006, 0.919324391, 1.05466924e-005, 0.393500527, 0.393500527, -1.46923072e-006, -0.919324391, -9.11768847e-006, 1, -5.50082864e-006, 0, 0, 0, 0, 0, 0, 0, 0.305582568, -0.180796655, -0.184869922, -0.304639539, 0.43215085, -0.848701966, -0.928222656, 0.0645751953, 0.366088867, 0.213121803, 0.899402467, 0.381605054, 0, 0, -0, 0, 0, 0, 0, 0.366987988, -0.126229004, -0.154555811, 0.0630507655, 0.237948579, -0.969209165, 0.438232422, -0.87902832, -0.187255859, -0.896513957, -0.412936585, -0.159679804, 0, 1, 1, 1, 
108.162492, 10, 0.1, 0.1, 0.0197974116, 0.374500178, -0.0349696093, 0.919324455, 7.91000451e-006, 0.393500376, 0.393500376, -2.93037688e-006, -0.919324455, -6.11875618e-006, 1, -5.80655687e-006, 0.91932444, -5.96719965e-006, 0.393500411, 0.393500411, 5.60572567e-008, -0.91932444, 5.46373392e-006, 1, 2.39963032e-006, 0, 0, 0, 0, 0, 0, 0, 0.305582568, -0.180796655, -0.184869922, -0.304639539, 0.43215085, -0.848701966, -0.928222656, 0.0645751953, 0.366088867, 0.213121803, 0.899402467, 0.381605054, 0, 0, -0, 0, 0, 0, 0, 0.366987988, -0.126229004, -0.154555811, 0.0630507655, 0.237948579, -0.969209165, 0.438232422, -0.87902832, -0.187255859, -0.896513957, -0.412936585, -0.159679804, 0, 1, 1, 1, 
108.163184, 10, 0.1, 0.1, 0.0197974093, 0.374500179, -0.0349691298, 0.919324498, -1.03445965e-005, 0.393500275, 0.393500275, -2.46920844e-006, -0.919324498, 1.04816752e-005, 1, 1.80059776e-006, 0.919324496, -6.86370491e-006, 0.39350028, 0.39350028, 2.35643696e-006, -0.919324496, 5.38271346e-006, 1, 4.86720003e-006, 0, 0, 0, 0, 0, 0, 0, 0.305582568, -0.180796655, -0.184869922, -0.304639539, 0.43215085, -0.848701966, -0.928222656, 0.0645751953, 0.366088867, 0.213121803, 0.899402467, 0.381605054, 0, 0, -0, 0, 0, 0, 0, 0.366987988, -0.126229004, -0.154555811, 0.0630507655, 0.237948579, -0.969209165, 0.438232422, -0.87902832, -0.187255859, -0.896513957, -0.412936585, -0.159679804, 0, 1, 1, 1, 
108.16388, 10, 0.1, 0.1, 0.0197974062, 0.37450018, -0.0349688561, 0.919324459, 9.539571e-006, 0.393500367, 0.393500367, 9.90896117e-006, -0.919324459, -1.26691408e-005, 1, 5.35572568e-006, 0.919324473, 1.11926668e-005, 0.393500335, 0.393500335, 7.58340506e-006, -0.919324473, -1.3273765e-005, 1, 2.56729171e-006, 0, 0, 0, 0, 0, 0, 0, 0.305582568, -0.180796655, -0.184869922, -0.304639539, 0.43215085, -0.848701966, -0.928222656, 0.0645751953, 0.366088867, 0.213121803, 0.899402467, 0.381605054, 0, 0, -0, 0, 0, 0, 0, 0.366987988, -0.126229004, -0.154555811, 0.0630507655, 0.237948579, -0.969209165, 0.438232422, -0.87902832, -0.187255859, -0.896513957, -0.412936585, -0.159679804, 0, 1, 1, 1, 
108.164576, 10, 0.1, 0.1, 0.0197974062, 0.374500182, -0.0349688377, 0.919324392, -5.99118285e-006, 0.393500525, 0.393500525, 1.86060931e-006, -0.919324392, 4.77568979e-006, 1, 4.06803711e-006, 0.919324403, -8.09597512e-006, 0.393500499, 0.393500499, -8.40709298e-006, -0.919324403, 1.07510228e-005, 1, -4.54307548e-006, 0, 0, 0, 0, 0, 0, 0, 0.305582568, -0.180796655, -0.184869922, -0.304639539, 0.43215085, -0.848701966, -0.928222656, 0.0645751953, 0.366088867, 0.213121803, 0.899402467, 0.381605054, 0, 0, -0, 0, 0, 0, 0, 0.366987988, -0.126229004, -0.154555811, 0.0630507655, 0.237948579, -0.969209165, 0.438232422, -0.87902832, -0.187255859, -0.896513957, -0.412936585, -0.159679804, 0, 1, 1, 1, 
108.165272, 10, 0.1, 0.1, 0.019797403, 0.374500182, -0.0349690364, 0.919324397, -4.50846514e-006, 0.393500512, 0.393500512, -5.85398824e-006, -0.919324397, 6.44828937e-006, 1, -3.60763086e-006, 0.91932439, 7.32273083e-006, 0.393500529, 0.393500529, -4.35008178e-006, -0.91932439, -5.02020557e-006, 1, -6.88063473e-006, 0, 0, 0, 0, 0, 0, 0, 0.305582568, -0.180796655, -0.184869922, -0.304639539, 0.43215085, -0.848701966, -0.928222656, 0.0645751953, 0.366088867, 0.213121803, 0.899402467, 0.381605054, 0, 0, -0, 0, 0, 0, 0, 0.366987988, -0.126229004, -0.154555811, 0.0630507655, 0.237948579, -0.969209165, 0.438232422, -0.87902832, -0.187255859, -0.896513957, -0.412936585, -0.159679804, 0, 1, 1, 1, 
108.165991, 10, 0.1, 0.1, 0.0197974025, 0.374500183, -0.034969269, 0.91932447, 1.34931692e-005, 0.393500341, 0.393500341, -7.87520334e-007, -0.91932447, -1.20947111e-005, 1, -6.03355342e-006, 0.919324455, 7.15370081e-006, 0.393500377, 0.393500377, -5.20750916e-007, -0.919324455, -6.37165642e-006, 1, -3.29372302e-006, 0, 0, 0, 0, 0, 0, 0, 0.305862549, -0.182150391, -0.183257788, -0.307750326, 0.431846436, -0.847762514, -0.927856445, 0.0610351562, 0.367797852, 0.210648297, 0.899821457, 0.38207422, 0, 0, -0, 0, 0, 0, 0, 0.366987988, -0.126229004, -0.154555811, 0.061402549, 0.23955815, -0.96884496, 0.442016602, -0.876831055, -0.188842773, -0.894846051, -0.416572437, -0.159641525, 0, 1, 1, 1, 
108.166683, 10, 0.1, 0.1, 0.0197974021, 0.374500183, -0.0349694498, 0.919324502, -8.46836802e-006, 0.393500266, 0.393500266, -8.22390266e-006, -0.919324502, 1.10212861e-005, 1, -4.22813016e-006, 0.919324503, -1.20358622e-005, 0.393500264, 0.393500264, -7.1854975e-007, -0.919324503, 1.13476126e-005, 1, 4.07553457e-006, 0, 0, 0, 0, 0, 0, 0, 0.305862549, -0.182150391, -0.183257788, -0.307750326, 0.431846436, -0.847762514, -0.927856445, 0.0610351562, 0.367797852, 0.210648297, 0.899821457, 0.38207422, 0, 0, -0, 0, 0, 0, 0, 0.367360498, -0.127091943, -0.153191455, 0.061402549, 0.23955815, -0.96884496, 0.442016602, -0.876831055, -0.188842773, -0.894846051, -0.416572437, -0.159641525, 0, 1, 1, 1, 
108.167378, 10, 0.1, 0.1, 0.0197973994, 0.374500183, -0.0349697062, 0.919324454, 1.99428019e-006, 0.39350038, 0.39350038, 4.6911136e-006, -0.919324454, -3.67934553e-006, 1, 3.52790543e-006, 0.919324467, 6.57741093e-006, 0.393500348, 0.393500348, 9.82365867e-006, -0.919324467, -9.9123879e-006, 1, 6.44291629e-006, 0, 0, 0, 0, 0, 0, 0, 0.305862549, -0.182150391, -0.183257788, -0.307750326, 0.431846436, -0.847762514, -0.927856445, 0.0610351562, 0.367797852, 0.210648297, 0.899821457, 0.38207422, 0, 0, -0, 0, 0, 0, 0, 0.367360498, -0.127091943, -0.153191455, 0.061402549, 0.23955815, -0.96884496, 0.442016602, -0.876831055, -0.188842773, -0.894846051, -0.416572437, -0.159641525, 0, 1, 1, 1, 
108.168075, 10, 0.1, 0.1, 0.0197974003, 0.374500186, -0.0349698979, 0.919324398, 1.17505389e-006, 0.393500511, 0.393500511, 6.30632753e-006, -0.919324398, -3.56179881e-006, 1, 5.33517645e-006, 0.919324403, -7.99143783e-006, 0.393500498, 0.393500498, -3.84499756e-008, -0.919324403, 7.3618539e-006, 1, 3.10928677e-006, 0, 0, 0, 0, 0, 0, 0, 0.305862549, -0.182150391, -0.183257788, -0.307750326, 0.431846436, -0.847762514, -0.927856445, 0.0610351562, 0.367797852, 0.210648297, 0.899821457, 0.38207422, 0, 0, -0, 0, 0, 0, 0, 0.367360498, -0.127091943, -0.153191455, 0.061402549, 0.23955815, -0.96884496, 0.442016602, -0.876831055, -0.188842773, -0.894846051, -0.416572437, -0.159641525, 0, 1, 1, 1, 
108.168803, 10, 0.1, 0.1, 0.0197973987, 0.374500188, -0.034969766, 0.919324424, -1.36625281e-005, 0.39350045, 0.39350045, -3.57682743e-006, -0.919324424, 1.3967779e-005, 1, 2.08794615e-006, 0.919324411, -5.9995083e-006, 0.39350048, 0.39350048, -9.24238733e-006, -0.919324411, 9.15237829e-006, 1, -6.13594289e-006, 0, 0, 0, 0, 0, 0, 0, 0.305862549, -0.182150391, -0.183257788, -0.307750326, 0.431846436, -0.847762514, -0.927856445, 0.0610351562, 0.367797852, 0.210648297, 0.899821457, 0.38207422, 0, 0, -0, 0, 0, 0, 0, 0.367360498, -0.127091943, -0.153191455, 0.061402549, 0.23955815, -0.96884496, 0.442016602, -0.876831055, -0.188842773, -0.894846051, -0.416572437, -0.159641525, 0, 1, 1, 1, 
108.169499, 10, 0.1, 0.1, 0.0197973966, 0.374500189, -0.0349694485, 0.919324495, 1.24801982e-005, 0.393500283, 0.393500283, -5.44067379e-007, -0.919324495, -1.12592612e-005, 1, -5.41113599e-006, 0.919324483, 1.36358814e-005, 0.393500312, 0.393500312, -3.44089864e-006, -0.919324483, -1.11818049e-005, 1, -8.52902595e-006, 0, 0, 0, 0, 0, 0, 0, 0.305862549, -0.182150391, -0.183257788, -0.307750326, 0.431846436, -0.847762514, -0.927856445, 0.0610351562, 0.367797852, 0.210648297, 0.899821457, 0.38207422, 0, 0, -0, 0, 0, 0, 0, 0.367360498, -0.127091943, -0.153191455, 0.061402549, 0.23955815, -0.96884496, 0.442016602, -0.876831055, -0.188842773, -0.894846051, -0.416572437, -0.159641525, 0, 1, 1, 1, 
108.170194, 10, 0.1, 0.1, 0.0197973966, 0.37450019, -0.0349692119, 0.919324511, 7.12100087e-007, 0.393500247, 0.393500247, -8.5465615e-006, -0.91932451, 2.708423e-006, 1, -8.13727502e-006, 0.919324514, -6.15889134e-006, 0.393500238, 0.393500238, -8.79567333e-006, -0.919324514, 9.12311934e-006, 1, -5.66255291e-006, 0, 0, 0, 0, 0, 0, 0, 0.305862549, -0.182150391, -0.183257788, -0.307750326, 0.431846436, -0.847762514, -0.927856445, 0.0610351562, 0.367797852, 0.210648297, 0.899821457, 0.38207422, 0, 0, -0, 0, 0, 0, 0, 0.367360498, -0.127091943, -0.153191455, 0.061402549, 0.23955815, -0.96884496, 0.442016602, -0.876831055, -0.188842773, -0.894846051, -0.416572437, -0.159641525, 0, 1, 1, 1, 
108.170908, 10, 0.1, 0.1, 0.0197973928, 0.37450019, -0.0349689859, 0.919324447, -2.18865478e-006, 0.393500396, 0.393500396, -6.00298986e-006, -0.919324447, 4.37426274e-006, 1, -4.65745881e-006, 0.919324462, 5.28728915e-006, 0.39350036, 0.39350036, 6.06021393e-006, -0.919324462, -7.24543062e-006, 1, 3.49075273e-006, 0, 0, 0, 0, 0, 0, 0, 0.30609834, -0.183653394, -0.18247771, -0.311793452, 0.433033014, -0.845686658, -0.926757812, 0.0574951172, 0.37109375, 0.209311194, 0.89950993, 0.383475723, 0, 0, -0, 0, 0, 0, 0, 0.367360498, -0.127091943, -0.153191455, 0.061402549, 0.23955815, -0.96884496, 0.442016602, -0.876831055, -0.188842773, -0.894846051, -0.416572437, -0.159641525, 0, 1, 1, 1, 
108.171617, 10, 0.1, 0.1, 0.0197973922, 0.37450019, -0.0349686697, 0.919324402, 9.42989173e-006, 0.3935005, 0.3935005, 8.43069492e-006, -0.919324402, -1.19866122e-005, 1, 4.03987646e-006, 0.919324404, 3.47576811e-006, 0.393500496, 0.393500496, 9.2634993e-006, -0.919324404, -6.84055002e-006, 1, 7.1484445e-006, 0, 0, 0, 0, 0, 0, 0, 0.30609834, -0.183653394, -0.18247771, -0.311793452, 0.433033014, -0.845686658, -0.926757812, 0.0574951172, 0.37109375, 0.209311194, 0.89950993, 0.383475723, 0, 0, -0, 0, 0, 0, 0, 0.367664893, -0.128106592, -0.152036914, 0.0587958795, 0.242100653, -0.968397633, 0.44519043, -0.874633789, -0.191650391, -0.893401625, -0.419742005, -0.159226281, 0, 1, 1, 1, 
108.172314, 10, 0.1, 0.1, 0.0197973919, 0.374500192, -0.0349686702, 0.919324443, -1.36123606e-005, 0.393500403, 0.393500404, 1.93077763e-006, -0.919324443, 1.17544141e-005, 1, 7.13148046e-006, 0.919324429, -1.29761256e-005, 0.393500436, 0.393500436, -7.65984011e-007, -0.919324429, 1.22306843e-005, 1, 4.40192328e-006, 0, 0, 0, 0, 0, 0, 0, 0.30609834, -0.183653394, -0.18247771, -0.311793452, 0.433033014, -0.845686658, -0.926757812, 0.0574951172, 0.37109375, 0.209311194, 0.89950993, 0.383475723, 0, 0, -0, 0, 0, 0, 0, 0.367664893, -0.128106592, -0.152036914, 0.0587958795, 0.242100653, -0.968397633, 0.44519043, -0.874633789, -0.191650391, -0.893401625, -0.419742005, -0.159226281, 0, 1, 1, 1, 
108.173011, 10, 0.1, 0.1, 0.0197973887, 0.374500192, -0.0349689375, 0.919324514, 2.8362004e-006, 0.39350024, 0.39350024, 6.2596722e-006, -0.919324514, -5.07057107e-006, 1, 4.63862456e-006, 0.919324502, 1.16744066e-005, 0.393500267, 0.393500267, 1.08996255e-006, -0.919324502, -1.11614686e-005, 1, -3.59185285e-006, 0, 0, 0, 0, 0, 0, 0, 0.30609834, -0.183653394, -0.18247771, -0.311793452, 0.433033014, -0.845686658, -0.926757812, 0.0574951172, 0.37109375, 0.209311194, 0.89950993, 0.383475723, 0, 0, -0, 0, 0, 0, 0, 0.367664893, -0.128106592, -0.152036914, 0.0587958795, 0.242100653, -0.968397633, 0.44519043, -0.874633789, -0.191650391, -0.893401625, -0.419742005, -0.159226281, 0, 1, 1, 1, 
108.173736, 10, 0.1, 0.1, 0.0197973892, 0.374500194, -0.0349692334, 0.919324509, 7.9601611e-006, 0.393500251, 0.393500251, -1.56627612e-006, -0.919324509, -6.70164114e-006, 1, -4.57224142e-006, 0.919324517, -1.86899907e-006, 0.393500232, 0.393500232, -9.44636235e-006, -0.919324517, 5.43536244e-006, 1, -7.94882094e-006, 0, 0, 0, 0, 0, 0, 0, 0.306518921, -0.184685498, -0.181669312, -0.316484721, 0.434701862, -0.843140516, -0.92578125, 0.0516357422, 0.374267578, 0.206222868, 0.899122018, 0.386285844, 0, 0, -0, 0, 0, 0, 0, 0.367664893, -0.128106592, -0.152036914, 0.0564768559, 0.245039078, -0.967765106, 0.449829102, -0.871582031, -0.194458008, -0.89119051, -0.424342872, -0.159405285, 0, 1, 1, 1, 
108.174432, 10, 0.1, 0.1, 0.0197973875, 0.374500194, -0.0349694036, 0.919324438, -8.43479104e-006, 0.393500416, 0.393500416, -1.11639617e-005, -0.919324438, 1.21473331e-005, 1, -6.94420902e-006, 0.919324452, -4.23799659e-006, 0.393500383, 0.393500383, -6.58299298e-006, -0.919324452, 6.48650416e-006, 1, -4.38425313e-006, 0, 0, 0, 0, 0, 0, 0, 0.306518921, -0.184685498, -0.181669312, -0.316484721, 0.434701862, -0.843140516, -0.92578125, 0.0516357422, 0.374267578, 0.206222868, 0.899122018, 0.386285844, 0, 0, -0, 0, 0, 0, 0, 0.368004443, -0.128678662, -0.150882617, 0.0564768559, 0.245039078, -0.967765106, 0.449829102, -0.871582031, -0.194458008, -0.89119051, -0.424342872, -0.159405285, 0, 1, 1, 1, 
108.175129, 10, 0.1, 0.1, 0.019797386, 0.374500194, -0.0349696233, 0.919324406, 1.09996878e-005, 0.39350049, 0.39350049, -8.22260838e-007, -0.919324406, -9.78872145e-006, 1, -5.08430701e-006, 0.919324406, 8.25058543e-006, 0.393500491, 0.393500491, 6.95568682e-006, -0.919324406, -1.03220307e-005, 1, 3.14792323e-006, 0, 0, 0, 0, 0, 0, 0, 0.306518921, -0.184685498, -0.181669312, -0.316484721, 0.434701862, -0.843140516, -0.92578125, 0.0516357422, 0.374267578, 0.206222868, 0.899122018, 0.386285844, 0, 0, -0, 0, 0, 0, 0, 0.368004443, -0.128678662, -0.150882617, 0.0564768559, 0.245039078, -0.967765106, 0.449829102, -0.871582031, -0.194458008, -0.89119051, -0.424342872, -0.159405285, 0, 1, 1, 1, 
108.175826, 10, 0.1, 0.1, 0.019797387, 0.374500196, -0.0349698238, 0.919324456, -6.33321066e-006, 0.393500374, 0.393500374, 6.51680975e-007, -0.919324456, 5.56583874e-006, 1, 3.09122702e-006, 0.919324442, -1.31238299e-005, 0.393500406, 0.393500406, 8.44397795e-007, -0.919324442, 1.17327867e-005, 1, 5.94050792e-006, 0, 0, 0, 0, 0, 0, 0, 0.306518921, -0.184685498, -0.181669312, -0.316484721, 0.434701862, -0.843140516, -0.92578125, 0.0516357422, 0.374267578, 0.206222868, 0.899122018, 0.386285844, 0, 0, -0, 0, 0, 0, 0, 0.368004443, -0.128678662, -0.150882617, 0.0564768559, 0.245039078, -0.967765106, 0.449829102, -0.871582031, -0.194458008, -0.89119051, -0.424342872, -0.159405285, 0, 1, 1, 1, 
108.176523, 10, 0.1, 0.1, 0.0197973838, 0.374500196, -0.0349699292, 0.919324513, -7.19835161e-006, 0.393500241, 0.393500241, 2.85323408e-006, -0.919324513, 5.49487279e-006, 1, 5.45560113e-006, 0.919324508, 3.76142969e-006, 0.393500254, 0.393500254, 5.01285354e-006, -0.919324508, -5.43053364e-006, 1, 3.12831558e-006, 0, 0, 0, 0, 0, 0, 0, 0.306518921, -0.184685498, -0.181669312, -0.316484721, 0.434701862, -0.843140516, -0.92578125, 0.0516357422, 0.374267578, 0.206222868, 0.899122018, 0.386285844, 0, 0, -0, 0, 0, 0, 0, 0.368004443, -0.128678662, -0.150882617, 0.0564768559, 0.245039078, -0.967765106, 0.449829102, -0.871582031, -0.194458008, -0.89119051, -0.424342872, -0.159405285, 0, 1, 1, 1, 
108.177218, 10, 0.1, 0.1, 0.0197973827, 0.374500198, -0.0349699422, 0.919324491, 9.89907476e-006, 0.393500291, 0.393500291, 7.79644699e-006, -0.919324491, -1.2168366e-005, 1, 3.27217586e-006, 0.919324503, 8.40391815e-006, 0.393500264, 0.393500264, -1.75401769e-006, -0.919324503, -7.03572145e-006, 1, -4.91945545e-006, 0, 0, 0, 0, 0, 0, 0, 0.306518921, -0.184685498, -0.181669312, -0.316484721, 0.434701862, -0.843140516, -0.92578125, 0.0516357422, 0.374267578, 0.206222868, 0.899122018, 0.386285844, 0, 0, -0, 0, 0, 0, 0, 0.368004443, -0.128678662, -0.150882617, 0.0564768559, 0.245039078, -0.967765106, 0.449829102, -0.871582031, -0.194458008, -0.89119051, -0.424342872, -0.159405285, 0, 1, 1, 1, 
