time, trialNum, realDorsalTactorPos, realVentralTactorPos, boxPosX, boxPosY, boxPosZ, boxLocalRot_11, boxLocalRot_12, boxLocalRot_13, boxLocalRot_21, boxLocalRot_22, boxLocalRot_23, boxLocalRot_31, boxLocalRot_32, boxLocalRot_33, boxGlobalRot_11, boxGlobalRot_12, boxGlobalRot_13, boxGlobalRot_21, boxGlobalRot_22, boxGlobalRot_23, boxGlobalRot_31, boxGlobalRot_32, boxGlobalRot_33, indexForceX, indexForceY, indexForceZ, indexForceGlobalX, indexForceGlobalY, indexForceGlobalZ, indexContact, indexPosX, indexPosY, indexPosZ, indexRot_11, indexRot_12, indexRot_13, indexRot_21, indexRot_22, indexRot_23, indexRot_31, indexRot_32, indexRot_33, thumbForceX, thumbForceY, thumbForceZ, thumbForceGlobalX, thumbForceGlobalY, thumbForceGlobalZ, thumbContact, thumbPosX, thumbPosY, thumbPosZ, thumbRot_11, thumbRot_12, thumbRot_13, thumbRot_21, thumbRot_22, thumbRot_23, thumbRot_31, thumbRot_32, thumbRot_33, manipForceTooHigh, cceExpType, mapping, trialSuccess, 
268.048413, 32, 0.1, 0.1, 0.00997439579, 0.375011979, -0.0349162851, 0.923417644, -0.383796631, 2.99089147e-005, 0.383796632, 0.923417644, -2.17264834e-005, -1.92798684e-005, 3.15415588e-005, 0.999999999, 0.923417525, -0.383796918, -1.43524438e-005, 0.383796918, 0.923417525, -3.99869219e-006, 1.47879839e-005, -1.81596126e-006, 1, 0, 0, 0, 0, 0, 0, 0, 0.277660352, -0.118509985, -0.209630884, -0.24557435, 0.641940488, -0.726276339, -0.887573242, 0.152099609, 0.434570313, 0.389401882, 0.751481737, 0.532648017, 0, 0, -0, 0, 0, 0, 0, 0.351187695, -0.0813417969, -0.173491943, 0.142502779, 0.354174892, -0.9241244, 0.302246094, -0.904663086, -0.300170898, -0.942415492, -0.236490962, -0.235951393, 0, 1, 5, 1, 
268.071092, 32, 0.1, 0.1, 0.00997471181, 0.375012031, -0.0349412248, 0.923423923, -0.383781521, -4.72928957e-005, 0.383781523, 0.923423923, 3.53650844e-005, 3.00989254e-005, -5.08071045e-005, 0.999999998, 0.923423898, -0.383781581, -4.32839496e-005, 0.383781582, 0.923423899, 1.80720428e-005, 3.30337163e-005, -3.32997388e-005, 0.999999999, 0, 0, 0, 0, 0, 0, 0, 0.286049365, -0.130166821, -0.205406372, -0.259342237, 0.636087347, -0.726688216, -0.892211914, 0.130126953, 0.432373047, 0.369583136, 0.760565852, 0.533949172, 0, 0, -0, 0, 0, 0, 0, 0.358968555, -0.0907563477, -0.169795703, 0.13634448, 0.35486099, -0.924853176, 0.326660156, -0.897460938, -0.296142578, -0.935207222, -0.261703848, -0.238360102, 0, 1, 5, 1, 
268.072203, 32, 0.1, 0.1, 0.00997471687, 0.375012028, -0.0349354392, 0.923424253, -0.38378073, 2.35738416e-005, 0.38378073, 0.923424253, -2.09377303e-005, -1.37331596e-005, 2.83815941e-005, 1, 0.923424158, -0.383780955, 4.46503821e-005, 0.383780956, 0.923424159, -1.26105045e-005, -3.63915701e-005, 2.87808108e-005, 0.999999999, 0, 0, 0, 0, 0, 0, 0, 0.286049365, -0.130166821, -0.205406372, -0.259342237, 0.636087347, -0.726688216, -0.892211914, 0.130126953, 0.432373047, 0.369583136, 0.760565852, 0.533949172, 0, 0, -0, 0, 0, 0, 0, 0.358968555, -0.0907563477, -0.169795703, 0.13634448, 0.35486099, -0.924853176, 0.326660156, -0.897460938, -0.296142578, -0.935207222, -0.261703848, -0.238360102, 0, 1, 5, 1, 
268.073347, 32, 0.1, 0.1, 0.00997475096, 0.375012023, -0.0349373107, 0.923424954, -0.383779042, 5.40734649e-006, 0.383779042, 0.923424954, 2.06481774e-005, -1.29176165e-005, -1.69918161e-005, 1, 0.923424795, -0.383779424, -3.80936701e-005, 0.383779425, 0.923424795, 2.85027215e-005, 2.42378814e-005, -4.09396866e-005, 0.999999999, 0, 0, 0, 0, 0, 0, 0, 0.286049365, -0.130166821, -0.205406372, -0.259342237, 0.636087347, -0.726688216, -0.892211914, 0.130126953, 0.432373047, 0.369583136, 0.760565852, 0.533949172, 0, 0, -0, 0, 0, 0, 0, 0.358968555, -0.0907563477, -0.169795703, 0.13634448, 0.35486099, -0.924853176, 0.326660156, -0.897460938, -0.296142578, -0.935207222, -0.261703848, -0.238360102, 0, 1, 5, 1, 
268.074487, 32, 0.1, 0.1, 0.00997475982, 0.375012039, -0.0349447607, 0.923425968, -0.383776603, -3.81272616e-005, 0.383776603, 0.923425968, -1.18762656e-005, 3.97655363e-005, -3.66549887e-006, 0.999999999, 0.923425739, -0.383777154, -1.12688596e-005, 0.383777153, 0.923425739, -3.5696902e-005, 2.41056104e-005, 2.86387073e-005, 0.999999999, 0, 0, 0, 0, 0, 0, 0, 0.286049365, -0.130166821, -0.205406372, -0.259342237, 0.636087347, -0.726688216, -0.892211914, 0.130126953, 0.432373047, 0.369583136, 0.760565852, 0.533949172, 0, 0, -0, 0, 0, 0, 0, 0.358968555, -0.0907563477, -0.169795703, 0.13634448, 0.35486099, -0.924853176, 0.326660156, -0.897460938, -0.296142578, -0.935207222, -0.261703848, -0.238360102, 0, 1, 5, 1, 
268.075663, 32, 0.1, 0.1, 0.00997477428, 0.375012043, -0.0349536429, 0.923427231, -0.383773563, 3.71794576e-005, 0.383773564, 0.923427231, -2.24326038e-005, -2.57234833e-005, 3.49833701e-005, 0.999999999, 0.923426978, -0.383774172, 3.29946485e-005, 0.383774173, 0.923426978, -1.0875948e-005, -2.62942406e-005, 2.27056378e-005, 0.999999999, 0, 0, 0, 0, 0, 0, 0, 0.286956348, -0.131287183, -0.205115381, -0.263296996, 0.635960788, -0.725387062, -0.892089844, 0.125732422, 0.433959961, 0.367243302, 0.761327448, 0.534361049, 0, 0, -0, 0, 0, 0, 0, 0.359906055, -0.0914529297, -0.169325537, 0.133277724, 0.355978391, -0.924846613, 0.331054687, -0.895507813, -0.29699707, -0.934056638, -0.266496113, -0.237254728, 0, 1, 5, 1, 
268.076789, 32, 0.1, 0.1, 0.00997479402, 0.375012046, -0.034959672, 0.923428546, -0.383770401, -1.6597165e-005, 0.383770402, 0.923428545, 1.93272665e-005, 7.90906315e-006, -2.42168503e-005, 1, 0.923428278, -0.383771044, -2.79546098e-005, 0.383771045, 0.923428278, 1.35541123e-005, 2.06124014e-005, -2.32444204e-005, 1, 0, 0, 0, 0, 0, 0, 0, 0.286956348, -0.131287183, -0.205115381, -0.263296996, 0.635960788, -0.725387062, -0.892089844, 0.125732422, 0.433959961, 0.367243302, 0.761327448, 0.534361049, 0, 0, -0, 0, 0, 0, 0, 0.359906055, -0.0914529297, -0.169325537, 0.133277724, 0.355978391, -0.924846613, 0.331054687, -0.895507813, -0.29699707, -0.934056638, -0.266496113, -0.237254728, 0, 1, 5, 1, 
268.077935, 32, 0.1, 0.1, 0.00997480146, 0.375012049, -0.0349609742, 0.923429954, -0.383767012, -1.46007438e-005, 0.383767012, 0.923429954, -6.6900526e-006, 1.60501857e-005, 5.74511143e-007, 1, 0.923429651, -0.383767741, 1.51605363e-005, 0.383767741, 0.923429651, -1.04373689e-005, -9.99416322e-006, 1.54563007e-005, 1, 0, 0, 0, 0, 0, 0, 0, 0.286956348, -0.131287183, -0.205115381, -0.263296996, 0.635960788, -0.725387062, -0.892089844, 0.125732422, 0.433959961, 0.367243302, 0.761327448, 0.534361049, 0, 0, -0, 0, 0, 0, 0, 0.359906055, -0.0914529297, -0.169325537, 0.131814708, 0.357210997, -0.92457829, 0.334716797, -0.893920898, -0.297729492, -0.93298298, -0.270048842, -0.237472011, 0, 1, 5, 1, 
268.079053, 32, 0.1, 0.1, 0.00997482246, 0.375012043, -0.0349573277, 0.92343139, -0.383763556, 2.43658135e-005, 0.383763557, 0.92343139, -1.9944674e-007, -2.24236167e-005, 9.53488664e-006, 1, 0.923431095, -0.383764267, 4.49451963e-006, 0.383764267, 0.923431095, 2.02432953e-005, -1.19190326e-005, -1.69684524e-005, 1, 0, 0, 0, 0, 0, 0, 0, 0.286956348, -0.131287183, -0.205115381, -0.263296996, 0.635960788, -0.725387062, -0.892089844, 0.125732422, 0.433959961, 0.367243302, 0.761327448, 0.534361049, 0, 0, -0, 0, 0, 0, 0, 0.360724805, -0.0923390625, -0.168865869, 0.131814708, 0.357210997, -0.92457829, 0.334716797, -0.893920898, -0.297729492, -0.93298298, -0.270048842, -0.237472011, 0, 1, 5, 1, 
268.080227, 32, 0.1, 0.1, 0.00997484478, 0.375012047, -0.0349503999, 0.923432983, -0.383759721, -4.34790677e-005, 0.383759722, 0.923432984, 2.13835362e-005, 3.19438654e-005, -3.64317775e-005, 0.999999999, 0.923432658, -0.383760505, -4.28957882e-005, 0.383760505, 0.923432658, 8.15808782e-006, 3.64806198e-005, -2.39951541e-005, 0.999999999, 0, 0, 0, 0, 0, 0, 0, 0.287902026, -0.131954956, -0.204607983, -0.266465072, 0.635954796, -0.724250658, -0.892211914, 0.121337891, 0.434814453, 0.364408094, 0.762069949, 0.535293388, 0, 0, -0, 0, 0, 0, 0, 0.360724805, -0.0923390625, -0.168865869, 0.131814708, 0.357210997, -0.92457829, 0.334716797, -0.893920898, -0.297729492, -0.93298298, -0.270048842, -0.237472011, 0, 1, 5, 1, 
268.081369, 32, 0.1, 0.1, 0.00997484707, 0.375012051, -0.034943848, 0.923434639, -0.383755737, 2.63697986e-005, 0.383755738, 0.923434639, -3.06047983e-005, -1.26060185e-005, 3.83810924e-005, 0.999999999, 0.923434301, -0.38375655, 4.41398428e-005, 0.383756551, 0.923434301, -2.4882603e-005, -3.12113831e-005, 3.9916403e-005, 0.999999999, 0, 0, 0, 0, 0, 0, 0, 0.287902026, -0.131954956, -0.204607983, -0.266465072, 0.635954796, -0.724250658, -0.892211914, 0.121337891, 0.434814453, 0.364408094, 0.762069949, 0.535293388, 0, 0, -0, 0, 0, 0, 0, 0.360724805, -0.0923390625, -0.168865869, 0.131814708, 0.357210997, -0.92457829, 0.334716797, -0.893920898, -0.297729492, -0.93298298, -0.270048842, -0.237472011, 0, 1, 5, 1, 
268.082521, 32, 0.1, 0.1, 0.00997487006, 0.37501205, -0.0349410109, 0.923436441, -0.383751401, 2.46264571e-005, 0.383751401, 0.923436442, 1.8486056e-005, -2.98350178e-005, -7.62026038e-006, 1, 0.923436046, -0.383752353, -2.07828602e-005, 0.383752354, 0.923436046, 2.27002345e-005, 1.04803738e-005, -2.89376863e-005, 1, 0, 0, 0, 0, 0, 0, 0, 0.287902026, -0.131954956, -0.204607983, -0.270857917, 0.635967901, -0.722530514, -0.891967773, 0.116210937, 0.436645508, 0.361643278, 0.762933017, 0.536009679, 0, 0, -0, 0, 0, 0, 0, 0.360724805, -0.0923390625, -0.168865869, 0.131814708, 0.357210997, -0.92457829, 0.334716797, -0.893920898, -0.297729492, -0.93298298, -0.270048842, -0.237472011, 0, 1, 5, 1, 
268.083662, 32, 0.1, 0.1, 0.00997486792, 0.375012061, -0.0349422143, 0.923438384, -0.383746726, -2.65448223e-005, 0.383746727, 0.923438384, 5.0856866e-006, 2.25608922e-005, -1.48828069e-005, 1, 0.923437997, -0.383747659, 1.4513426e-006, 0.383747659, 0.923437997, -2.21535702e-005, 7.1611558e-006, 2.10143978e-005, 1, 0, 0, 0, 0, 0, 0, 0, 0.288562085, -0.132621387, -0.204294653, -0.270857917, 0.635967901, -0.722530514, -0.891967773, 0.116210937, 0.436645508, 0.361643278, 0.762933017, 0.536009679, 0, 0, -0, 0, 0, 0, 0, 0.361004053, -0.0929887695, -0.168389111, 0.129029034, 0.358711926, -0.924437565, 0.338134766, -0.892211914, -0.299072266, -0.932171082, -0.273818855, -0.236475279, 0, 1, 5, 1, 
268.084782, 32, 0.1, 0.1, 0.0099748751, 0.375012054, -0.0349473479, 0.923440379, -0.383741925, 4.3119921e-005, 0.383741926, 0.923440379, -8.33406678e-006, -3.66205454e-005, 2.42429353e-005, 0.999999999, 0.923439976, -0.383742895, 4.09665784e-005, 0.383742895, 0.923439976, 5.47647924e-006, -3.99317362e-005, 1.06634336e-005, 0.999999999, 0, 0, 0, 0, 0, 0, 0, 0.288562085, -0.132621387, -0.204294653, -0.270857917, 0.635967901, -0.722530514, -0.891967773, 0.116210937, 0.436645508, 0.361643278, 0.762933017, 0.536009679, 0, 0, -0, 0, 0, 0, 0, 0.361004053, -0.0929887695, -0.168389111, 0.129029034, 0.358711926, -0.924437565, 0.338134766, -0.892211914, -0.299072266, -0.932171082, -0.273818855, -0.236475279, 0, 1, 5, 1, 
268.085918, 32, 0.1, 0.1, 0.00997489845, 0.375012052, -0.0349536271, 0.923442444, -0.383736956, -2.98984074e-005, 0.383736957, 0.923442444, 2.62808875e-005, 1.75245106e-005, -3.57420109e-005, 0.999999999, 0.923442028, -0.383737957, -4.1834812e-005, 0.383737958, 0.923442028, 2.25643955e-005, 2.99732086e-005, -3.68905165e-005, 0.999999999, 0, 0, 0, 0, 0, 0, 0, 0.288562085, -0.132621387, -0.204294653, -0.270857917, 0.635967901, -0.722530514, -0.891967773, 0.116210937, 0.436645508, 0.361643278, 0.762933017, 0.536009679, 0, 0, -0, 0, 0, 0, 0, 0.361004053, -0.0929887695, -0.168389111, 0.129029034, 0.358711926, -0.924437565, 0.338134766, -0.892211914, -0.299072266, -0.932171082, -0.273818855, -0.236475279, 0, 1, 5, 1, 
268.087069, 32, 0.1, 0.1, 0.00997490782, 0.375012058, -0.0349574914, 0.923444537, -0.38373192, -2.01269708e-005, 0.38373192, 0.923444537, -1.77417466e-005, 2.53942157e-005, 8.66015786e-006, 1, 0.923444128, -0.383732906, 8.84929497e-006, 0.383732906, 0.923444127, -1.98304415e-005, -5.6223651e-007, 2.17080705e-005, 1, 0, 0, 0, 0, 0, 0, 0, 0.288562085, -0.132621387, -0.204294653, -0.270857917, 0.635967901, -0.722530514, -0.891967773, 0.116210937, 0.436645508, 0.361643278, 0.762933017, 0.536009679, 0, 0, -0, 0, 0, 0, 0, 0.361004053, -0.0929887695, -0.168389111, 0.129029034, 0.358711926, -0.924437565, 0.338134766, -0.892211914, -0.299072266, -0.932171082, -0.273818855, -0.236475279, 0, 1, 5, 1, 
268.088245, 32, 0.1, 0.1, 0.00997493032, 0.375012056, -0.0349570024, 0.923446674, -0.383726776, 2.50772379e-005, 0.383726777, 0.923446675, -6.79291241e-006, -2.05508696e-005, 1.58957e-005, 1, 0.923446261, -0.383727773, 3.57939664e-006, 0.383727773, 0.92344626, 1.26371044e-005, -8.15458838e-006, -1.02961729e-005, 1, 0, 0, 0, 0, 0, 0, 0, 0.289258032, -0.133561963, -0.204051025, -0.274571542, 0.634953187, -0.722105532, -0.891845703, 0.112426758, 0.437988281, 0.359265252, 0.764329651, 0.535571593, 0, 0, -0, 0, 0, 0, 0, 0.361382666, -0.0941738281, -0.167948975, 0.127885381, 0.358309075, -0.924756927, 0.339599609, -0.891845703, -0.298583984, -0.931800314, -0.27582508, -0.235772389, 0, 1, 5, 1, 
268.089373, 32, 0.1, 0.1, 0.00997494594, 0.375012062, -0.0349533916, 0.92344871, -0.383721878, -3.29860873e-005, 0.383721878, 0.92344871, 1.61951284e-005, 2.42465347e-005, -2.76128538e-005, 0.999999999, 0.923448304, -0.383722855, -3.23118721e-005, 0.383722855, 0.923448304, 2.91970338e-006, 2.87179866e-005, -1.50949989e-005, 0.999999999, 0, 0, 0, 0, 0, 0, 0, 0.289258032, -0.133561963, -0.204051025, -0.274571542, 0.634953187, -0.722105532, -0.891845703, 0.112426758, 0.437988281, 0.359265252, 0.764329651, 0.535571593, 0, 0, -0, 0, 0, 0, 0, 0.361382666, -0.0941738281, -0.167948975, 0.127885381, 0.358309075, -0.924756927, 0.339599609, -0.891845703, -0.298583984, -0.931800314, -0.27582508, -0.235772389, 0, 1, 5, 1, 
268.09052, 32, 0.1, 0.1, 0.0099749443, 0.375012066, -0.0349487749, 0.923450795, -0.383716859, 2.88960743e-005, 0.38371686, 0.923450795, -2.48714905e-005, -1.71404925e-005, 3.40555086e-005, 0.999999999, 0.923450382, -0.383717852, 4.53375375e-005, 0.383717853, 0.923450382, -2.0993922e-005, -3.38112237e-005, 3.67836679e-005, 0.999999999, 0, 0, 0, 0, 0, 0, 0, 0.289258032, -0.133561963, -0.204051025, -0.274571542, 0.634953187, -0.722105532, -0.891845703, 0.112426758, 0.437988281, 0.359265252, 0.764329651, 0.535571593, 0, 0, -0, 0, 0, 0, 0, 0.361959863, -0.0951212402, -0.167727197, 0.126192321, 0.358532188, -0.924929368, 0.342651367, -0.89074707, -0.298461914, -0.930873577, -0.279115683, -0.235299543, 0, 1, 5, 1, 
268.09163, 32, 0.1, 0.1, 0.0099749631, 0.375012062, -0.0349456526, 0.923452835, -0.383711952, 1.90135818e-005, 0.383711951, 0.923452835, 2.20624577e-005, -2.60237747e-005, -1.30779005e-005, 1, 0.923452425, -0.383712937, -1.68467452e-005, 0.383712937, 0.923452425, 2.6020497e-005, 5.57276642e-006, -3.04930052e-005, 1, 0, 0, 0, 0, 0, 0, 0, 0.289258032, -0.133561963, -0.204051025, -0.274571542, 0.634953187, -0.722105532, -0.891845703, 0.112426758, 0.437988281, 0.359265252, 0.764329651, 0.535571593, 0, 0, -0, 0, 0, 0, 0, 0.361959863, -0.0951212402, -0.167727197, 0.126192321, 0.358532188, -0.924929368, 0.342651367, -0.89074707, -0.298461914, -0.930873577, -0.279115683, -0.235299543, 0, 1, 5, 1, 
268.092802, 32, 0.1, 0.1, 0.00997496874, 0.375012071, -0.0349447071, 0.92345508, -0.383706546, -4.42632291e-005, 0.383706547, 0.923455081, 4.23521632e-006, 3.92500236e-005, -2.08951228e-005, 0.999999999, 0.923454637, -0.383707613, -1.69879666e-005, 0.383707613, 0.923454637, -1.98398288e-005, 2.33003099e-005, 1.18027697e-005, 1, 0, 0, 0, 0, 0, 0, 0, 0.289766016, -0.134497778, -0.203362988, -0.277580858, 0.634039944, -0.72174383, -0.891967773, 0.108764648, 0.438720703, 0.356652083, 0.765586622, 0.535514305, 0, 0, -0, 0, 0, 0, 0, 0.361959863, -0.0951212402, -0.167727197, 0.126192321, 0.358532188, -0.924929368, 0.342651367, -0.89074707, -0.298461914, -0.930873577, -0.279115683, -0.235299543, 0, 1, 5, 1, 
268.093948, 32, 0.1, 0.1, 0.00997498085, 0.375012067, -0.0349459527, 0.923457329, -0.383701134, 3.77416517e-005, 0.383701135, 0.923457329, -1.72540635e-005, -2.82324012e-005, 3.0414906e-005, 0.999999999, 0.923456885, -0.383702203, 3.3259818e-005, 0.383702203, 0.923456885, -2.36416991e-006, -2.98068707e-005, 1.49450744e-005, 0.999999999, 0, 0, 0, 0, 0, 0, 0, 0.289766016, -0.134497778, -0.203362988, -0.277580858, 0.634039944, -0.72174383, -0.891967773, 0.108764648, 0.438720703, 0.356652083, 0.765586622, 0.535514305, 0, 0, -0, 0, 0, 0, 0, 0.361959863, -0.0951212402, -0.167727197, 0.126192321, 0.358532188, -0.924929368, 0.342651367, -0.89074707, -0.298461914, -0.930873577, -0.279115683, -0.235299543, 0, 1, 5, 1, 
268.09512, 32, 0.1, 0.1, 0.00997500291, 0.375012067, -0.0349489705, 0.923459652, -0.383695545, -2.1532746e-005, 0.383695545, 0.923459651, 2.71298314e-005, 9.47502671e-006, -3.33153233e-005, 0.999999999, 0.923459159, -0.383696729, -3.95357149e-005, 0.38369673, 0.923459159, 2.17685168e-005, 2.81571094e-005, -3.52720607e-005, 0.999999999, 0, 0, 0, 0, 0, 0, 0, 0.290617114, -0.135829785, -0.202894897, -0.278311376, 0.634179607, -0.721369023, -0.892333984, 0.106933594, 0.438354492, 0.35516109, 0.765688093, 0.536320085, 0, 0, -0, 0, 0, 0, 0, 0.361959863, -0.0951212402, -0.167727197, 0.126588609, 0.359343353, -0.924546207, 0.344848633, -0.889770508, -0.298583984, -0.929972727, -0.280994309, -0.23660944, 0, 1, 5, 1, 
268.096229, 32, 0.1, 0.1, 0.00997500149, 0.375012072, -0.0349518379, 0.923461862, -0.383690227, -5.82983118e-006, 0.383690227, 0.923461861, -1.78914621e-005, 1.22484059e-005, 1.42852336e-005, 1, 0.923461433, -0.383691256, 2.57499153e-005, 0.383691257, 0.923461433, -2.00423388e-005, -1.60889835e-005, 2.83883443e-005, 0.999999999, 0, 0, 0, 0, 0, 0, 0, 0.290617114, -0.135829785, -0.202894897, -0.278311376, 0.634179607, -0.721369023, -0.892333984, 0.106933594, 0.438354492, 0.35516109, 0.765688093, 0.536320085, 0, 0, -0, 0, 0, 0, 0, 0.362674756, -0.0960000488, -0.167059668, 0.126588609, 0.359343353, -0.924546207, 0.344848633, -0.889770508, -0.298583984, -0.929972727, -0.280994309, -0.23660944, 0, 1, 5, 1, 
268.097353, 32, 0.1, 0.1, 0.00997501709, 0.375012069, -0.0349542586, 0.923464099, -0.383684841, 3.04538612e-005, 0.383684841, 0.923464099, -4.90321618e-006, -2.62417578e-005, 1.6212629e-005, 1, 0.923463653, -0.383685915, 9.92961607e-006, 0.383685915, 0.923463653, 1.50775746e-005, -1.49546925e-005, -1.01137383e-005, 1, 0, 0, 0, 0, 0, 0, 0, 0.290617114, -0.135829785, -0.202894897, -0.278311376, 0.634179607, -0.721369023, -0.892333984, 0.106933594, 0.438354492, 0.35516109, 0.765688093, 0.536320085, 0, 0, -0, 0, 0, 0, 0, 0.362674756, -0.0960000488, -0.167059668, 0.126588609, 0.359343353, -0.924546207, 0.344848633, -0.889770508, -0.298583984, -0.929972727, -0.280994309, -0.23660944, 0, 1, 5, 1, 
268.098487, 32, 0.1, 0.1, 0.00997503147, 0.375012074, -0.0349548589, 0.923466322, -0.383679489, -3.67132262e-005, 0.383679489, 0.923466323, 1.68336176e-005, 2.74447142e-005, -2.96313909e-005, 0.999999999, 0.923465865, -0.38368059, -3.36659417e-005, 0.383680591, 0.923465865, 3.36734324e-006, 2.97973637e-005, -1.60265949e-005, 0.999999999, 0, 0, 0, 0, 0, 0, 0, 0.290617114, -0.135829785, -0.202894897, -0.278311376, 0.634179607, -0.721369023, -0.892333984, 0.106933594, 0.438354492, 0.35516109, 0.765688093, 0.536320085, 0, 0, -0, 0, 0, 0, 0, 0.362674756, -0.0960000488, -0.167059668, 0.126588609, 0.359343353, -0.924546207, 0.344848633, -0.889770508, -0.298583984, -0.929972727, -0.280994309, -0.23660944, 0, 1, 5, 1, 
268.099629, 32, 0.1, 0.1, 0.00997503462, 0.375012077, -0.0349531728, 0.923468541, -0.383674149, 1.71463925e-005, 0.38367415, 0.923468541, -2.06849688e-005, -7.89786627e-006, 2.56805455e-005, 1, 0.923468105, -0.383675198, 3.26283862e-005, 0.383675199, 0.923468105, -1.6664276e-005, -2.37376046e-005, 2.790763e-005, 0.999999999, 0, 0, 0, 0, 0, 0, 0, 0.290617114, -0.135829785, -0.202894897, -0.278311376, 0.634179607, -0.721369023, -0.892333984, 0.106933594, 0.438354492, 0.35516109, 0.765688093, 0.536320085, 0, 0, -0, 0, 0, 0, 0, 0.362674756, -0.0960000488, -0.167059668, 0.126588609, 0.359343353, -0.924546207, 0.344848633, -0.889770508, -0.298583984, -0.929972727, -0.280994309, -0.23660944, 0, 1, 5, 1, 
268.100812, 32, 0.1, 0.1, 0.00997506074, 0.375012071, -0.0349493991, 0.923470831, -0.383668639, 6.96088948e-006, 0.383668639, 0.923470831, 2.11197272e-005, -1.45311554e-005, -1.6832777e-005, 1, 0.923470401, -0.383669672, -2.82352956e-005, 0.383669673, 0.923470401, 2.6347402e-005, 1.59657607e-005, -3.51640725e-005, 0.999999999, 0, 0, 0, 0, 0, 0, 0, 0.291945337, -0.137225635, -0.202044653, -0.278369785, 0.633006134, -0.722212995, -0.893432617, 0.10534668, 0.436645508, 0.352451319, 0.766862689, 0.536453757, 0, 0, -0, 0, 0, 0, 0, 0.363877637, -0.0971335938, -0.166182324, 0.127591905, 0.359656152, -0.924246168, 0.347167969, -0.889038086, -0.297973633, -0.929008077, -0.282802573, -0.238296303, 0, 1, 5, 1, 
268.101938, 32, 0.1, 0.1, 0.00997506582, 0.37501208, -0.0349466399, 0.923473054, -0.383663285, -3.58754966e-005, 0.383663286, 0.923473055, 2.96219496e-006, 3.1993569e-005, -1.64996181e-005, 0.999999999, 0.923472611, -0.383664354, -1.26953597e-005, 0.383664354, 0.923472611, -2.03269163e-005, 1.95225302e-005, 1.39005935e-005, 1, 0, 0, 0, 0, 0, 0, 0, 0.291945337, -0.137225635, -0.202044653, -0.278369785, 0.633006134, -0.722212995, -0.893432617, 0.10534668, 0.436645508, 0.352451319, 0.766862689, 0.536453757, 0, 0, -0, 0, 0, 0, 0, 0.363877637, -0.0971335938, -0.166182324, 0.127591905, 0.359656152, -0.924246168, 0.347167969, -0.889038086, -0.297973633, -0.929008077, -0.282802573, -0.238296303, 0, 1, 5, 1, 
268.103057, 32, 0.1, 0.1, 0.00997506981, 0.375012079, -0.034946199, 0.923475281, -0.383657924, 4.80054465e-005, 0.383657925, 0.923475282, -2.30806945e-005, -3.54767519e-005, 3.97321208e-005, 0.999999999, 0.92347483, -0.383659011, 4.38552165e-005, 0.383659012, 0.923474831, -7.47390795e-006, -3.76317565e-005, 2.37274149e-005, 0.999999999, 0, 0, 0, 0, 0, 0, 0, 0.291945337, -0.137225635, -0.202044653, -0.278369785, 0.633006134, -0.722212995, -0.893432617, 0.10534668, 0.436645508, 0.352451319, 0.766862689, 0.536453757, 0, 0, -0, 0, 0, 0, 0, 0.363877637, -0.0971335938, -0.166182324, 0.127591905, 0.359656152, -0.924246168, 0.347167969, -0.889038086, -0.297973633, -0.929008077, -0.282802573, -0.238296303, 0, 1, 5, 1, 
268.104175, 32, 0.1, 0.1, 0.00997508497, 0.375012083, -0.0349479753, 0.923477526, -0.383652524, -1.75697714e-005, 0.383652524, 0.923477526, 2.09909307e-005, 8.17206544e-006, -2.61253399e-005, 1, 0.923477079, -0.383653598, -3.27751198e-005, 0.383653599, 0.923477079, 1.53771129e-005, 2.43675872e-005, -2.6774704e-005, 0.999999999, 0, 0, 0, 0, 0, 0, 0, 0.291945337, -0.137225635, -0.202044653, -0.278369785, 0.633006134, -0.722212995, -0.893432617, 0.10534668, 0.436645508, 0.352451319, 0.766862689, 0.536453757, 0, 0, -0, 0, 0, 0, 0, 0.363877637, -0.0971335938, -0.166182324, 0.127591905, 0.359656152, -0.924246168, 0.347167969, -0.889038086, -0.297973633, -0.929008077, -0.282802573, -0.238296303, 0, 1, 5, 1, 
268.105378, 32, 0.1, 0.1, 0.00997507946, 0.375012091, -0.0349500471, 0.923479946, -0.383646699, -6.29823102e-006, 0.383646699, 0.923479946, -2.06002772e-005, 1.37195184e-005, 1.66076473e-005, 1, 0.923479493, -0.383647789, 2.88657646e-005, 0.38364779, 0.923479492, -2.60883577e-005, -1.66482008e-005, 3.51663501e-005, 0.999999999, 0, 0, 0, 0, 0, 0, 0, 0.293056909, -0.13885083, -0.201218701, -0.278401986, 0.631712093, -0.723469966, -0.893798828, 0.105224609, 0.435913086, 0.351467683, 0.76805638, 0.535540514, 0, 0, -0, 0, 0, 0, 0, 0.365043896, -0.0985250488, -0.165311328, 0.128135114, 0.359310904, -0.924265491, 0.348754883, -0.888793945, -0.297119141, -0.92833727, -0.28418903, -0.239280276, 0, 1, 5, 1, 
268.106509, 32, 0.1, 0.1, 0.00997509564, 0.375012085, -0.0349516102, 0.923482251, -0.383641149, 2.87441423e-005, 0.383641149, 0.923482251, 9.4311037e-007, -2.69065212e-005, 1.01564901e-005, 1, 0.923481789, -0.383642263, 6.83368382e-006, 0.383642262, 0.923481789, 2.20857283e-005, -1.47838013e-005, -1.7774078e-005, 1, 0, 0, 0, 0, 0, 0, 0, 0.293056909, -0.13885083, -0.201218701, -0.278401986, 0.631712093, -0.723469966, -0.893798828, 0.105224609, 0.435913086, 0.351467683, 0.76805638, 0.535540514, 0, 0, -0, 0, 0, 0, 0, 0.365043896, -0.0985250488, -0.165311328, 0.128135114, 0.359310904, -0.924265491, 0.348754883, -0.888793945, -0.297119141, -0.92833727, -0.28418903, -0.239280276, 0, 1, 5, 1, 
268.107688, 32, 0.1, 0.1, 0.00997511442, 0.375012088, -0.0349519561, 0.923484636, -0.383635406, -4.99533663e-005, 0.383635407, 0.923484636, 1.95258077e-005, 3.86403752e-005, -3.71956635e-005, 0.999999999, 0.923484181, -0.383636501, -4.73400652e-005, 0.383636502, 0.923484182, 6.79478759e-006, 4.11110729e-005, -2.44362559e-005, 0.999999999, 0, 0, 0, 0, 0, 0, 0, 0.293909351, -0.140492993, -0.200390674, -0.279113408, 0.630075445, -0.724663657, -0.894042969, 0.104614258, 0.435302734, 0.350097258, 0.769427927, 0.534246473, 0, 0, -0, 0, 0, 0, 0, 0.366245068, -0.0999448242, -0.164230518, 0.129151169, 0.358626971, -0.924367936, 0.350708008, -0.888427734, -0.295776367, -0.927494022, -0.28585657, -0.240641213, 0, 1, 5, 1, 
268.108808, 32, 0.1, 0.1, 0.00997511949, 0.375012088, -0.0349514087, 0.923486896, -0.383629968, 1.6259762e-005, 0.383629968, 0.923486896, -1.81127451e-005, -8.06708534e-006, 2.29646148e-005, 1, 0.923486445, -0.383631053, 2.95633838e-005, 0.383631054, 0.923486445, -1.3632942e-005, -2.20713643e-005, 2.39312692e-005, 0.999999999, 0, 0, 0, 0, 0, 0, 0, 0.293909351, -0.140492993, -0.200390674, -0.279113408, 0.630075445, -0.724663657, -0.894042969, 0.104614258, 0.435302734, 0.350097258, 0.769427927, 0.534246473, 0, 0, -0, 0, 0, 0, 0, 0.366245068, -0.0999448242, -0.164230518, 0.129151169, 0.358626971, -0.924367936, 0.350708008, -0.888427734, -0.295776367, -0.927494022, -0.28585657, -0.240641213, 0, 1, 5, 1, 
268.109931, 32, 0.1, 0.1, 0.00997513844, 0.375012083, -0.0349506856, 0.923489136, -0.383624577, 1.56683317e-005, 0.383624577, 0.923489136, 2.06181765e-005, -2.23791733e-005, -1.30299049e-005, 1, 0.923488698, -0.383625631, -1.91120503e-005, 0.383625632, 0.923488697, 2.535121e-005, 7.92438848e-006, -3.07434283e-005, 0.999999999, 0, 0, 0, 0, 0, 0, 0, 0.293909351, -0.140492993, -0.200390674, -0.279113408, 0.630075445, -0.724663657, -0.894042969, 0.104614258, 0.435302734, 0.350097258, 0.769427927, 0.534246473, 0, 0, -0, 0, 0, 0, 0, 0.366245068, -0.0999448242, -0.164230518, 0.129151169, 0.358626971, -0.924367936, 0.350708008, -0.888427734, -0.295776367, -0.927494022, -0.28585657, -0.240641213, 0, 1, 5, 1, 
268.11108, 32, 0.1, 0.1, 0.00997513847, 0.375012092, -0.0349499588, 0.923491448, -0.383619009, -2.9547704e-005, 0.383619009, 0.923491449, 8.80624037e-007, 2.69492278e-005, -1.21483097e-005, 1, 0.923490972, -0.383620157, -4.89953122e-006, 0.383620157, 0.923490972, -2.11255389e-005, 1.26288554e-005, 1.76296855e-005, 1, 0, 0, 0, 0, 0, 0, 0, 0.293909351, -0.140492993, -0.200390674, -0.279113408, 0.630075445, -0.724663657, -0.894042969, 0.104614258, 0.435302734, 0.350097258, 0.769427927, 0.534246473, 0, 0, -0, 0, 0, 0, 0, 0.366245068, -0.0999448242, -0.164230518, 0.129151169, 0.358626971, -0.924367936, 0.350708008, -0.888427734, -0.295776367, -0.927494022, -0.28585657, -0.240641213, 0, 1, 5, 1, 
268.112266, 32, 0.1, 0.1, 0.00997514093, 0.375012094, -0.03494889, 0.92349384, -0.383613249, 4.40809001e-005, 0.38361325, 0.92349384, -3.02296489e-005, -2.91119459e-005, 4.48269119e-005, 0.999999999, 0.923493338, -0.383614458, 4.19693374e-005, 0.383614459, 0.923493339, -1.39376894e-005, -3.34117043e-005, 2.8971408e-005, 0.999999999, 0, 0, 0, 0, 0, 0, 0, 0.295151392, -0.141867114, -0.199713501, -0.280903945, 0.62934605, -0.724523994, -0.894287109, 0.102172852, 0.435546875, 0.348156197, 0.770285004, 0.534347944, 0, 0, -0, 0, 0, 0, 0, 0.366245068, -0.0999448242, -0.164230518, 0.128672126, 0.359514695, -0.924182735, 0.353393555, -0.887329102, -0.296020508, -0.926439687, -0.288463606, -0.241235461, 0, 1, 5, 1, 
268.113412, 32, 0.1, 0.1, 0.00997515912, 0.375012099, -0.0349480184, 0.923496168, -0.383607647, -2.39589004e-005, 0.383607647, 0.923496168, 1.81452106e-005, 1.51653112e-005, -2.59478499e-005, 1, 0.923495676, -0.383608831, -4.05155596e-005, 0.383608832, 0.923495676, 1.01503157e-005, 3.35221934e-005, -2.49158991e-005, 0.999999999, 0, 0, 0, 0, 0, 0, 0, 0.295151392, -0.141867114, -0.199713501, -0.280903945, 0.62934605, -0.724523994, -0.894287109, 0.102172852, 0.435546875, 0.348156197, 0.770285004, 0.534347944, 0, 0, -0, 0, 0, 0, 0, 0.367351758, -0.101057129, -0.163561035, 0.128672126, 0.359514695, -0.924182735, 0.353393555, -0.887329102, -0.296020508, -0.926439687, -0.288463606, -0.241235461, 0, 1, 5, 1, 
268.114529, 32, 0.1, 0.1, 0.00997515814, 0.375012105, -0.0349482907, 0.923498445, -0.383602165, -1.54619788e-005, 0.383602165, 0.923498445, -1.33506117e-005, 1.9400437e-005, 6.39802063e-006, 1, 0.923498005, -0.383603224, 1.93705194e-005, 0.383603225, 0.923498005, -1.95234618e-005, -1.03993731e-005, 2.54604717e-005, 1, 0, 0, 0, 0, 0, 0, 0, 0.295151392, -0.141867114, -0.199713501, -0.280903945, 0.62934605, -0.724523994, -0.894287109, 0.102172852, 0.435546875, 0.348156197, 0.770285004, 0.534347944, 0, 0, -0, 0, 0, 0, 0, 0.367351758, -0.101057129, -0.163561035, 0.128672126, 0.359514695, -0.924182735, 0.353393555, -0.887329102, -0.296020508, -0.926439687, -0.288463606, -0.241235461, 0, 1, 5, 1, 
268.11565, 32, 0.1, 0.1, 0.00997517528, 0.375012094, -0.0349498838, 0.923500739, -0.383596643, 2.85151469e-005, 0.383596643, 0.923500739, 7.77154966e-006, -2.93148996e-005, 3.76128277e-006, 1, 0.923500278, -0.383597755, 4.62019831e-006, 0.383597754, 0.923500277, 2.9916243e-005, -1.57425581e-005, -2.5855361e-005, 1, 0, 0, 0, 0, 0, 0, 0, 0.295151392, -0.141867114, -0.199713501, -0.280903945, 0.62934605, -0.724523994, -0.894287109, 0.102172852, 0.435546875, 0.348156197, 0.770285004, 0.534347944, 0, 0, -0, 0, 0, 0, 0, 0.367351758, -0.101057129, -0.163561035, 0.128672126, 0.359514695, -0.924182735, 0.353393555, -0.887329102, -0.296020508, -0.926439687, -0.288463606, -0.241235461, 0, 1, 5, 1, 
268.116769, 32, 0.1, 0.1, 0.00997518767, 0.375012095, -0.0349519714, 0.923503022, -0.383591145, -3.88875628e-005, 0.383591146, 0.923503023, 2.16282723e-005, 2.76163681e-005, -3.48906996e-005, 0.999999999, 0.92350255, -0.383592283, -3.59033737e-005, 0.383592283, 0.92350255, 9.33974033e-006, 2.95742048e-005, -2.23975311e-005, 0.999999999, 0, 0, 0, 0, 0, 0, 0, 0.295151392, -0.141867114, -0.199713501, -0.280903945, 0.62934605, -0.724523994, -0.894287109, 0.102172852, 0.435546875, 0.348156197, 0.770285004, 0.534347944, 0, 0, -0, 0, 0, 0, 0, 0.367351758, -0.101057129, -0.163561035, 0.128672126, 0.359514695, -0.924182735, 0.353393555, -0.887329102, -0.296020508, -0.926439687, -0.288463606, -0.241235461, 0, 1, 5, 1, 
268.117971, 32, 0.1, 0.1, 0.00997518556, 0.375012097, -0.0349521045, 0.923505446, -0.383585312, 2.42158451e-005, 0.383585312, 0.923505445, -2.64346104e-005, -1.22235365e-005, 3.37013492e-005, 0.999999999, 0.923504989, -0.383586409, 3.99951768e-005, 0.38358641, 0.92350499, -2.08029935e-005, -2.89559998e-005, 3.45532746e-005, 0.999999999, 0, 0, 0, 0, 0, 0, 0, 0.296563208, -0.142785962, -0.199013989, -0.283691222, 0.628775413, -0.72396534, -0.89453125, 0.0983886719, 0.435913086, 0.345384268, 0.771364119, 0.53475383, 0, 0, -0, 0, 0, 0, 0, 0.368658496, -0.101936426, -0.162884961, 0.127816118, 0.360696261, -0.923863373, 0.356689453, -0.885864258, -0.296508789, -0.92530223, -0.291530729, -0.241938351, 0, 1, 5, 1, 
268.119101, 32, 0.1, 0.1, 0.0099752029, 0.375012097, -0.0349512466, 0.923507713, -0.383579852, 1.31825959e-005, 0.383579852, 0.923507714, 1.24580509e-005, -1.69528864e-005, -6.4485279e-006, 1, 0.923507271, -0.383580918, -1.97832903e-005, 0.383580918, 0.923507271, 1.58159048e-005, 1.22033331e-005, -2.21945957e-005, 1, 0, 0, 0, 0, 0, 0, 0, 0.296563208, -0.142785962, -0.199013989, -0.283691222, 0.628775413, -0.72396534, -0.89453125, 0.0983886719, 0.435913086, 0.345384268, 0.771364119, 0.53475383, 0, 0, -0, 0, 0, 0, 0, 0.368658496, -0.101936426, -0.162884961, 0.127816118, 0.360696261, -0.923863373, 0.356689453, -0.885864258, -0.296508789, -0.92530223, -0.291530729, -0.241938351, 0, 1, 5, 1, 
268.120273, 32, 0.1, 0.1, 0.00997520423, 0.375012107, -0.0349495594, 0.923510074, -0.383574168, -3.42234513e-005, 0.383574168, 0.923510074, 2.74596121e-006, 3.05524223e-005, -1.56631547e-005, 0.999999999, 0.923509624, -0.383575252, -1.12795246e-005, 0.383575252, 0.923509624, -2.10527083e-005, 1.84920474e-005, 1.51158323e-005, 1, 0, 0, 0, 0, 0, 0, 0, 0.296950952, -0.143158472, -0.199724707, -0.289187149, 0.630266406, -0.720461772, -0.892822266, 0.0936279297, 0.440307617, 0.345018818, 0.770633601, 0.535805614, 0, 0, -0, 0, 0, 0, 0, 0.368988135, -0.102502881, -0.163683691, 0.122653452, 0.363226005, -0.923466719, 0.358764648, -0.883789063, -0.300048828, -0.925231135, -0.294578895, -0.238705351, 0, 1, 5, 1, 
268.121381, 32, 0.1, 0.1, 0.00997520832, 0.375012103, -0.0349487152, 0.923512306, -0.383568794, 3.97256731e-005, 0.383568795, 0.923512306, -1.50409231e-005, -3.09179192e-005, 2.91280061e-005, 0.999999999, 0.923511848, -0.383569897, 3.6498604e-005, 0.383569897, 0.923511848, -1.26428929e-006, -3.32219499e-005, 1.51673519e-005, 0.999999999, 0, 0, 0, 0, 0, 0, 0, 0.296950952, -0.143158472, -0.199724707, -0.289187149, 0.630266406, -0.720461772, -0.892822266, 0.0936279297, 0.440307617, 0.345018818, 0.770633601, 0.535805614, 0, 0, -0, 0, 0, 0, 0, 0.368988135, -0.102502881, -0.163683691, 0.122653452, 0.363226005, -0.923466719, 0.358764648, -0.883789063, -0.300048828, -0.925231135, -0.294578895, -0.238705351, 0, 1, 5, 1, 
268.122502, 32, 0.1, 0.1, 0.00997522589, 0.375012103, -0.0349490052, 0.923514565, -0.383563356, -2.48176381e-005, 0.383563357, 0.923514565, 2.27094544e-005, 1.42089357e-005, -3.04916484e-005, 0.999999999, 0.923514118, -0.383564431, -4.03561457e-005, 0.383564432, 0.923514118, 1.86649518e-005, 3.01102587e-005, -3.27165286e-005, 0.999999999, 0, 0, 0, 0, 0, 0, 0, 0.296950952, -0.143158472, -0.199724707, -0.289187149, 0.630266406, -0.720461772, -0.892822266, 0.0936279297, 0.440307617, 0.345018818, 0.770633601, 0.535805614, 0, 0, -0, 0, 0, 0, 0, 0.368988135, -0.102502881, -0.163683691, 0.122653452, 0.363226005, -0.923466719, 0.358764648, -0.883789063, -0.300048828, -0.925231135, -0.294578895, -0.238705351, 0, 1, 5, 1, 
268.123653, 32, 0.1, 0.1, 0.00997522387, 0.375012111, -0.0349499549, 0.923516879, -0.383557785, -1.45399044e-005, 0.383557785, 0.923516879, -2.25036681e-005, 2.20593042e-005, 1.52056238e-005, 1, 0.923516419, -0.383558891, 2.00395794e-005, 0.383558891, 0.923516419, -2.65989592e-005, -8.30461333e-006, 3.22509344e-005, 0.999999999, 0, 0, 0, 0, 0, 0, 0, 0.296950952, -0.143158472, -0.199724707, -0.289187149, 0.630266406, -0.720461772, -0.892822266, 0.0936279297, 0.440307617, 0.345018818, 0.770633601, 0.535805614, 0, 0, -0, 0, 0, 0, 0, 0.368988135, -0.102502881, -0.163683691, 0.122653452, 0.363226005, -0.923466719, 0.358764648, -0.883789063, -0.300048828, -0.925231135, -0.294578895, -0.238705351, 0, 1, 5, 1, 
268.124835, 32, 0.1, 0.1, 0.00997523713, 0.375012106, -0.0349502882, 0.923519286, -0.383551986, 3.89723537e-005, 0.383551987, 0.923519287, -3.24175398e-006, -3.47483391e-005, 1.7941746e-005, 0.999999999, 0.923518828, -0.383553093, 1.55398548e-005, 0.383553092, 0.923518828, 1.76412292e-005, -2.11176965e-005, -1.03316479e-005, 1, 0, 0, 0, 0, 0, 0, 0, 0.297578906, -0.143774609, -0.200233179, -0.294340469, 0.631332416, -0.717358097, -0.891357422, 0.0891113281, 0.444213867, 0.344475512, 0.77034117, 0.536673552, 0, 0, -0, 0, 0, 0, 0, 0.369594238, -0.102879297, -0.164062793, 0.118193675, 0.365270143, -0.923236309, 0.361328125, -0.881835938, -0.302612305, -0.924840677, -0.297678101, -0.236226279, 0, 1, 5, 1, 
268.125965, 32, 0.1, 0.1, 0.00997524498, 0.375012111, -0.0349502639, 0.923521578, -0.383546468, -3.53234169e-005, 0.383546469, 0.923521578, 1.81067987e-005, 2.5677139e-005, -3.02701911e-005, 0.999999999, 0.923521121, -0.383547568, -3.17453242e-005, 0.383547569, 0.923521122, 4.47302494e-006, 2.76018596e-005, -1.63067749e-005, 0.999999999, 0, 0, 0, 0, 0, 0, 0, 0.297578906, -0.143774609, -0.200233179, -0.294340469, 0.631332416, -0.717358097, -0.891357422, 0.0891113281, 0.444213867, 0.344475512, 0.77034117, 0.536673552, 0, 0, -0, 0, 0, 0, 0, 0.369594238, -0.102879297, -0.164062793, 0.118193675, 0.365270143, -0.923236309, 0.361328125, -0.881835938, -0.302612305, -0.924840677, -0.297678101, -0.236226279, 0, 1, 5, 1, 
268.127086, 32, 0.1, 0.1, 0.00997524222, 0.375012113, -0.034950435, 0.923523844, -0.383541015, 2.23727067e-005, 0.383541015, 0.923523843, -2.35237078e-005, -1.16394213e-005, 3.03055556e-005, 0.999999999, 0.923523403, -0.383542075, 3.82575152e-005, 0.383542076, 0.923523403, -1.88263744e-005, -2.81110039e-005, 3.20599642e-005, 0.999999999, 0, 0, 0, 0, 0, 0, 0, 0.297578906, -0.143774609, -0.200233179, -0.294340469, 0.631332416, -0.717358097, -0.891357422, 0.0891113281, 0.444213867, 0.344475512, 0.77034117, 0.536673552, 0, 0, -0, 0, 0, 0, 0, 0.369594238, -0.102879297, -0.164062793, 0.118193675, 0.365270143, -0.923236309, 0.361328125, -0.881835938, -0.302612305, -0.924840677, -0.297678101, -0.236226279, 0, 1, 5, 1, 
268.12821, 32, 0.1, 0.1, 0.00997526053, 0.37501211, -0.0349508742, 0.923526101, -0.38353558, 8.54743652e-006, 0.38353558, 0.923526101, 1.65343705e-005, -1.42353001e-005, -1.19916767e-005, 1, 0.92352566, -0.383536641, -2.38670419e-005, 0.383536642, 0.92352566, 2.08061446e-005, 1.40619068e-005, -2.83688935e-005, 0.999999999, 0, 0, 0, 0, 0, 0, 0, 0.297578906, -0.143774609, -0.200233179, -0.294340469, 0.631332416, -0.717358097, -0.891357422, 0.0891113281, 0.444213867, 0.344475512, 0.77034117, 0.536673552, 0, 0, -0, 0, 0, 0, 0, 0.369594238, -0.102879297, -0.164062793, 0.118193675, 0.365270143, -0.923236309, 0.361328125, -0.881835938, -0.302612305, -0.924840677, -0.297678101, -0.236226279, 0, 1, 5, 1, 
268.129404, 32, 0.1, 0.1, 0.00997526537, 0.375012119, -0.0349506684, 0.923528504, -0.38352979, -4.27668681e-005, 0.383529791, 0.923528505, 4.90841031e-006, 3.76139002e-005, -2.09354248e-005, 0.999999999, 0.923527988, -0.383531035, -1.73777449e-005, 0.383531035, 0.923527988, -2.01436051e-005, 2.37745315e-005, 1.19382786e-005, 1, 0, 0, 0, 0, 0, 0, 0, 0.298064307, -0.143936084, -0.200321655, -0.297907317, 0.632582274, -0.714799972, -0.89050293, 0.0855712891, 0.446777344, 0.343804526, 0.769648844, 0.537998672, 0, 0, -0, 0, 0, 0, 0, 0.369594238, -0.102879297, -0.164062793, 0.115203478, 0.367614686, -0.922744139, 0.36340332, -0.880126953, -0.305297852, -0.924418503, -0.300132019, -0.235069866, 0, 1, 5, 1, 
268.130544, 32, 0.1, 0.1, 0.00997527223, 0.375012115, -0.0349495869, 0.923530814, -0.383524229, 3.5999287e-005, 0.38352423, 0.923530814, -1.85967302e-005, -2.61141542e-005, 3.09812522e-005, 0.999999999, 0.923530352, -0.383525343, 3.15731042e-005, 0.383525343, 0.923530352, -3.68974882e-006, -2.77436079e-005, 1.55166806e-005, 0.999999999, 0, 0, 0, 0, 0, 0, 0, 0.298064307, -0.143936084, -0.200321655, -0.297907317, 0.632582274, -0.714799972, -0.89050293, 0.0855712891, 0.446777344, 0.343804526, 0.769648844, 0.537998672, 0, 0, -0, 0, 0, 0, 0, 0.369851758, -0.103222266, -0.164452393, 0.115203478, 0.367614686, -0.922744139, 0.36340332, -0.880126953, -0.305297852, -0.924418503, -0.300132019, -0.235069866, 0, 1, 5, 1, 
