time, trialNum, realDorsalTactorPos, realVentralTactorPos, boxPosX, boxPosY, boxPosZ, boxLocalRot_11, boxLocalRot_12, boxLocalRot_13, boxLocalRot_21, boxLocalRot_22, boxLocalRot_23, boxLocalRot_31, boxLocalRot_32, boxLocalRot_33, boxGlobalRot_11, boxGlobalRot_12, boxGlobalRot_13, boxGlobalRot_21, boxGlobalRot_22, boxGlobalRot_23, boxGlobalRot_31, boxGlobalRot_32, boxGlobalRot_33, indexForceX, indexForceY, indexForceZ, indexForceGlobalX, indexForceGlobalY, indexForceGlobalZ, indexContact, indexPosX, indexPosY, indexPosZ, indexRot_11, indexRot_12, indexRot_13, indexRot_21, indexRot_22, indexRot_23, indexRot_31, indexRot_32, indexRot_33, thumbForceX, thumbForceY, thumbForceZ, thumbForceGlobalX, thumbForceGlobalY, thumbForceGlobalZ, thumbContact, thumbPosX, thumbPosY, thumbPosZ, thumbRot_11, thumbRot_12, thumbRot_13, thumbRot_21, thumbRot_22, thumbRot_23, thumbRot_31, thumbRot_32, thumbRot_33, manipForceTooHigh, cceExpType, mapping, trialSuccess, 
213.279454, 22, 0.1, 0.1, 0.0173801328, 0.368839889, -0.0349776428, 0.985776818, 4.97523358e-006, 0.168059704, 0.168059704, -1.39027947e-006, -0.985776818, -4.67081997e-006, 1, -2.20664155e-006, 0.985776872, 3.57436752e-006, 0.168059391, 0.168059391, -3.86903846e-006, -0.985776872, -2.87330058e-006, 1, -4.41471466e-006, 0, 0, 0, 0, 0, 0, 0, 0.334868335, -0.0931477295, -0.231717944, -0.198718162, 0.580955068, -0.789267171, -0.913330078, 0.182006836, 0.364013672, 0.355161141, 0.793274782, 0.494671115, 0, 0, -0, 0, 0, 0, 0, 0.411480273, -0.0531633301, -0.175755615, 0.369201212, 0.436344416, -0.820364558, 0.444213867, -0.858276367, -0.256591797, -0.816221106, -0.269709861, -0.510790823, 0, 1, 3, 1, 
213.28299, 22, 0.1, 0.1, 0.0173801585, 0.368839869, -0.034968337, 0.985776176, -2.27194648e-005, 0.168063469, 0.168063468, -3.89460516e-005, -0.985776176, 2.89417157e-005, 0.999999999, -3.45737778e-005, 0.985776143, -1.50907517e-005, 0.168063664, 0.168063663, -4.57492841e-005, -0.985776143, 2.25648953e-005, 0.999999999, -4.25623458e-005, 0, 0, 0, 0, 0, 0, 0, 0.336993164, -0.0962716797, -0.230200659, -0.208556377, 0.57617992, -0.790149335, -0.917602539, 0.16418457, 0.361938477, 0.338304163, 0.800581464, 0.494563652, 0, 0, -0, 0, 0, 0, 0, 0.411720801, -0.0537296875, -0.174506982, 0.361036322, 0.439990095, -0.822070377, 0.460205078, -0.850830078, -0.253173828, -0.810942135, -0.286878892, -0.509742685, 0, 1, 3, 1, 
213.283687, 22, 0.1, 0.1, 0.017380163, 0.368839865, -0.0349770443, 0.985776371, 6.47933094e-006, 0.168062326, 0.168062326, 4.68303283e-005, -0.98577637, -1.42575852e-005, 0.999999999, 4.50752997e-005, 0.985776327, -8.01381725e-006, 0.168062587, 0.168062587, 3.37536868e-005, -0.985776326, 2.22709943e-006, 0.999999999, 3.46204082e-005, 0, 0, 0, 0, 0, 0, 0, 0.336993164, -0.0962716797, -0.230200659, -0.208556377, 0.57617992, -0.790149335, -0.917602539, 0.16418457, 0.361938477, 0.338304163, 0.800581464, 0.494563652, 0, 0, -0, 0, 0, 0, 0, 0.411720801, -0.0537296875, -0.174506982, 0.361036322, 0.439990095, -0.822070377, 0.460205078, -0.850830078, -0.253173828, -0.810942135, -0.286878892, -0.509742685, 0, 1, 3, 1, 
213.284382, 22, 0.1, 0.1, 0.0173801528, 0.368839849, -0.0349828681, 0.985776596, 3.35766086e-005, 0.168061004, 0.168061003, 3.56765078e-005, -0.985776596, -3.90948647e-005, 0.999999999, 2.9526148e-005, 0.985776551, 3.43561773e-005, 0.168061269, 0.168061268, 4.63315364e-005, -0.985776551, -4.16540508e-005, 0.999999998, 3.98985995e-005, 0, 0, 0, 0, 0, 0, 0, 0.336993164, -0.0962716797, -0.230200659, -0.208556377, 0.57617992, -0.790149335, -0.917602539, 0.16418457, 0.361938477, 0.338304163, 0.800581464, 0.494563652, 0, 0, -0, 0, 0, 0, 0, 0.411720801, -0.0537296875, -0.174506982, 0.361036322, 0.439990095, -0.822070377, 0.460205078, -0.850830078, -0.253173828, -0.810942135, -0.286878892, -0.509742685, 0, 1, 3, 1, 
213.285075, 22, 0.1, 0.1, 0.0173801488, 0.368839853, -0.0349844295, 0.985776827, -8.35394048e-006, 0.168059654, 0.168059654, -3.98527549e-005, -0.985776826, 1.49327611e-005, 0.999999999, -3.78819619e-005, 0.98577678, 1.17311731e-006, 0.168059927, 0.168059927, -2.87950012e-005, -0.98577678, 3.68285399e-006, 1, -2.85825976e-005, 0, 0, 0, 0, 0, 0, 0, 0.336993164, -0.0962716797, -0.230200659, -0.208556377, 0.57617992, -0.790149335, -0.917602539, 0.16418457, 0.361938477, 0.338304163, 0.800581464, 0.494563652, 0, 0, -0, 0, 0, 0, 0, 0.411720801, -0.0537296875, -0.174506982, 0.361036322, 0.439990095, -0.822070377, 0.460205078, -0.850830078, -0.253173828, -0.810942135, -0.286878892, -0.509742685, 0, 1, 3, 1, 
213.28577, 22, 0.1, 0.1, 0.0173801559, 0.368839869, -0.0349816705, 0.985777055, -2.10836239e-005, 0.168058317, 0.168058317, -3.0194856e-005, -0.985777055, 2.58582494e-005, 0.999999999, -2.62221179e-005, 0.98577701, -2.34264682e-005, 0.16805858, 0.168058579, -4.08539124e-005, -0.98577701, 2.99591242e-005, 0.999999999, -3.63358286e-005, 0, 0, 0, 0, 0, 0, 0, 0.336993164, -0.0962716797, -0.230200659, -0.208556377, 0.57617992, -0.790149335, -0.917602539, 0.16418457, 0.361938477, 0.338304163, 0.800581464, 0.494563652, 0, 0, -0, 0, 0, 0, 0, 0.411720801, -0.0537296875, -0.174506982, 0.361036322, 0.439990095, -0.822070377, 0.460205078, -0.850830078, -0.253173828, -0.810942135, -0.286878892, -0.509742685, 0, 1, 3, 1, 
213.286491, 22, 0.1, 0.1, 0.0173801544, 0.368839864, -0.0349752144, 0.985777295, 1.93666016e-005, 0.168056906, 0.168056905, 3.09134276e-005, -0.985777295, -2.42863711e-005, 0.999999999, 2.72190639e-005, 0.985777245, 1.40660357e-005, 0.168057204, 0.168057204, 2.7632833e-005, -0.985777244, -1.85098746e-005, 1, 2.48759194e-005, 0, 0, 0, 0, 0, 0, 0, 0.337066504, -0.0970223389, -0.229339551, -0.211160929, 0.574454906, -0.790771268, -0.918945312, 0.158813477, 0.360717773, 0.33278427, 0.802955742, 0.494538564, 0, 0, -0, 0, 0, 0, 0, 0.411720801, -0.0537296875, -0.174506982, 0.35699872, 0.442538062, -0.822555984, 0.469116211, -0.846313477, -0.251708984, -0.80756148, -0.295939536, -0.509793724, 0, 1, 3, 1, 
213.287189, 22, 0.1, 0.1, 0.0173801523, 0.368839865, -0.0349676682, 0.985777518, -1.18459531e-005, 0.168055599, 0.168055598, -2.81236715e-005, -0.985777518, 1.64038147e-005, 1, -2.57329043e-005, 0.985777476, -4.17477769e-006, 0.168055848, 0.168055848, -1.54871737e-005, -0.985777476, 6.71811191e-006, 1, -1.45653112e-005, 0, 0, 0, 0, 0, 0, 0, 0.337066504, -0.0970223389, -0.229339551, -0.211160929, 0.574454906, -0.790771268, -0.918945312, 0.158813477, 0.360717773, 0.33278427, 0.802955742, 0.494538564, 0, 0, -0, 0, 0, 0, 0, 0.411524756, -0.053528418, -0.173647217, 0.35699872, 0.442538062, -0.822555984, 0.469116211, -0.846313477, -0.251708984, -0.80756148, -0.295939536, -0.509793724, 0, 1, 3, 1, 
213.287882, 22, 0.1, 0.1, 0.0173801532, 0.368839869, -0.0349614564, 0.985777709, 1.11305719e-005, 0.168054482, 0.168054482, 2.33235637e-005, -0.985777709, -1.48918991e-005, 1, 2.11213067e-005, 0.985777676, 7.36161897e-006, 0.168054671, 0.168054671, 5.59944739e-008, -0.985777676, -7.26632978e-006, 1, -1.18195635e-006, 0, 0, 0, 0, 0, 0, 0, 0.337066504, -0.0970223389, -0.229339551, -0.211160929, 0.574454906, -0.790771268, -0.918945312, 0.158813477, 0.360717773, 0.33278427, 0.802955742, 0.494538564, 0, 0, -0, 0, 0, 0, 0, 0.411524756, -0.053528418, -0.173647217, 0.35699872, 0.442538062, -0.822555984, 0.469116211, -0.846313477, -0.251708984, -0.80756148, -0.295939536, -0.509793724, 0, 1, 3, 1, 
213.288574, 22, 0.1, 0.1, 0.0173801545, 0.368839859, -0.0349581027, 0.985777827, -8.69943531e-006, 0.168053787, 0.168053787, 8.67493663e-006, -0.985777827, 7.11785448e-006, 1, 1.00135332e-005, 0.98577781, -1.37589439e-005, 0.16805389, 0.16805389, 2.58815191e-005, -0.985777809, 9.21377165e-006, 1, 2.78256713e-005, 0, 0, 0, 0, 0, 0, 0, 0.337066504, -0.0970223389, -0.229339551, -0.211160929, 0.574454906, -0.790771268, -0.918945312, 0.158813477, 0.360717773, 0.33278427, 0.802955742, 0.494538564, 0, 0, -0, 0, 0, 0, 0, 0.411524756, -0.053528418, -0.173647217, 0.35699872, 0.442538062, -0.822555984, 0.469116211, -0.846313477, -0.251708984, -0.80756148, -0.295939536, -0.509793724, 0, 1, 3, 1, 
213.289294, 22, 0.1, 0.1, 0.0173801523, 0.368839871, -0.0349581834, 0.985777916, 1.19160046e-006, 0.168053269, 0.168053269, -3.12391227e-005, -0.985777915, 4.07518327e-006, 1, -3.09950897e-005, 0.985777899, 7.7591001e-006, 0.168053367, 0.168053367, -3.92803756e-005, -0.985777898, -1.04755e-006, 0.999999999, -4.0025669e-005, 0, 0, 0, 0, 0, 0, 0, 0.337032788, -0.0975687988, -0.22891333, -0.215828232, 0.572324006, -0.791126979, -0.920043945, 0.151855469, 0.360961914, 0.326725942, 0.805888674, 0.493853352, 0, 0, -0, 0, 0, 0, 0, 0.41094751, -0.052890918, -0.173689697, 0.350839688, 0.445162588, -0.823705834, 0.478149414, -0.841430664, -0.251098633, -0.80501751, -0.305728589, -0.50819618, 0, 1, 3, 1, 
213.290154, 22, 0.1, 0.1, 0.0173801539, 0.368839864, -0.0349616392, 0.985778013, -2.02590445e-005, 0.168052695, 0.168052695, 2.97081399e-005, -0.985778013, 1.49783877e-005, 0.999999999, 3.26902182e-005, 0.985777994, -2.9598068e-006, 0.168052807, 0.168052807, 3.38708213e-005, -0.985777994, -2.77437418e-006, 0.999999999, 3.38865142e-005, 0, 0, 0, 0, 0, 0, 0, 0.337032788, -0.0975687988, -0.22891333, -0.215828232, 0.572324006, -0.791126979, -0.920043945, 0.151855469, 0.360961914, 0.326725942, 0.805888674, 0.493853352, 0, 0, -0, 0, 0, 0, 0, 0.41094751, -0.052890918, -0.173689697, 0.350839688, 0.445162588, -0.823705834, 0.478149414, -0.841430664, -0.251098633, -0.80501751, -0.305728589, -0.50819618, 0, 1, 3, 1, 
213.29127, 22, 0.1, 0.1, 0.0173801568, 0.368839866, -0.0349622212, 0.985778033, 3.3230642e-007, 0.168052579, 0.168052579, -7.52748434e-007, -0.985778033, -2.01079054e-007, 1, -7.97887822e-007, 0.985778035, 7.92052421e-006, 0.168052567, 0.168052567, -1.09921239e-005, -0.985778035, -5.96062415e-006, 1, -1.21668588e-005, 0, 0, 0, 0, 0, 0, 0, 0.337032788, -0.0975687988, -0.22891333, -0.215828232, 0.572324006, -0.791126979, -0.920043945, 0.151855469, 0.360961914, 0.326725942, 0.805888674, 0.493853352, 0, 0, -0, 0, 0, 0, 0, 0.41094751, -0.052890918, -0.173689697, 0.350839688, 0.445162588, -0.823705834, 0.478149414, -0.841430664, -0.251098633, -0.80501751, -0.305728589, -0.50819618, 0, 1, 3, 1, 
213.292415, 22, 0.1, 0.1, 0.0173801625, 0.36883986, -0.0349573756, 0.985778033, 1.13381215e-005, 0.168052581, 0.168052582, -1.64391767e-005, -0.985778033, -8.41422502e-006, 1, -1.81107799e-005, 0.985778025, 1.93250693e-006, 0.168052628, 0.168052628, 1.03475773e-005, -0.985778025, -3.64396043e-006, 1, 9.87565147e-006, 0, 0, 0, 0, 0, 0, 0, 0.337032788, -0.0975687988, -0.22891333, -0.215828232, 0.572324006, -0.791126979, -0.920043945, 0.151855469, 0.360961914, 0.326725942, 0.805888674, 0.493853352, 0, 0, -0, 0, 0, 0, 0, 0.41094751, -0.052890918, -0.173689697, 0.350839688, 0.445162588, -0.823705834, 0.478149414, -0.841430664, -0.251098633, -0.80501751, -0.305728589, -0.50819618, 0, 1, 3, 1, 
213.293554, 22, 0.1, 0.1, 0.017380167, 0.368839866, -0.0349497241, 0.98577815, 4.17300329e-006, 0.168051891, 0.168051891, 2.83785864e-005, -0.98577815, -8.88273059e-006, 1, 2.72737094e-005, 0.985778114, -1.71068383e-005, 0.168052102, 0.168052103, 1.20018584e-005, -0.985778114, 1.48466092e-005, 1, 1.47060095e-005, 0, 0, 0, 0, 0, 0, 0, 0.337032788, -0.0975687988, -0.22891333, -0.215828232, 0.572324006, -0.791126979, -0.920043945, 0.151855469, 0.360961914, 0.326725942, 0.805888674, 0.493853352, 0, 0, -0, 0, 0, 0, 0, 0.41094751, -0.052890918, -0.173689697, 0.350839688, 0.445162588, -0.823705834, 0.478149414, -0.841430664, -0.251098633, -0.80501751, -0.305728589, -0.50819618, 0, 1, 3, 1, 
213.294747, 22, 0.1, 0.1, 0.0173801667, 0.368839878, -0.0349418932, 0.985778359, -3.75217386e-006, 0.16805067, 0.16805067, -4.50701694e-005, -0.985778358, 1.1272884e-005, 0.999999999, -4.37986423e-005, 0.985778322, -1.28485067e-005, 0.168050886, 0.168050885, -5.04592901e-005, -0.985778321, 2.11455078e-005, 0.999999999, -4.75824714e-005, 0, 0, 0, 0, 0, 0, 0, 0.337045093, -0.0983920898, -0.228312573, -0.219638459, 0.569127096, -0.792377959, -0.921020508, 0.146606445, 0.360595703, 0.32139701, 0.809114037, 0.492197609, 0, 0, -0, 0, 0, 0, 0, 0.410471338, -0.0530337402, -0.173317188, 0.346309916, 0.445678811, -0.825354051, 0.485229492, -0.838134766, -0.248901367, -0.802793269, -0.314143579, -0.506528274, 0, 1, 3, 1, 
213.295877, 22, 0.1, 0.1, 0.0173801664, 0.368839869, -0.0349390167, 0.985778431, -2.56468846e-005, 0.168050246, 0.168050246, 1.25805332e-005, -0.985778431, 2.3167984e-005, 1, 1.67115836e-005, 0.985778433, -2.0430073e-005, 0.168050233, 0.168050233, 3.22631407e-005, -0.985778433, 1.47176971e-005, 0.999999999, 3.52375868e-005, 0, 0, 0, 0, 0, 0, 0, 0.337045093, -0.0983920898, -0.228312573, -0.219638459, 0.569127096, -0.792377959, -0.921020508, 0.146606445, 0.360595703, 0.32139701, 0.809114037, 0.492197609, 0, 0, -0, 0, 0, 0, 0, 0.410471338, -0.0530337402, -0.173317188, 0.346309916, 0.445678811, -0.825354051, 0.485229492, -0.838134766, -0.248901367, -0.802793269, -0.314143579, -0.506528274, 0, 1, 3, 1, 
213.296993, 22, 0.1, 0.1, 0.0173801627, 0.368839877, -0.0349419751, 0.985778331, -1.7021149e-005, 0.168050833, 0.168050833, 2.41584761e-005, -0.985778331, 1.27192278e-005, 1, 2.66753205e-005, 0.985778357, 1.39183373e-005, 0.168050677, 0.168050677, -7.12441612e-006, -0.985778357, -1.25231327e-005, 1, -9.36208123e-006, 0, 0, 0, 0, 0, 0, 0, 0.337045093, -0.0983920898, -0.228312573, -0.219638459, 0.569127096, -0.792377959, -0.921020508, 0.146606445, 0.360595703, 0.32139701, 0.809114037, 0.492197609, 0, 0, -0, 0, 0, 0, 0, 0.410471338, -0.0530337402, -0.173317188, 0.346309916, 0.445678811, -0.825354051, 0.485229492, -0.838134766, -0.248901367, -0.802793269, -0.314143579, -0.506528274, 0, 1, 3, 1, 
213.297997, 22, 0.1, 0.1, 0.0173801659, 0.368839866, -0.0349485663, 0.985778256, 8.25116927e-006, 0.168051274, 0.168051274, -1.00444497e-005, -0.985778256, -6.44584068e-006, 1, -1.12882196e-005, 0.985778259, 1.23952525e-005, 0.168051255, 0.168051255, 1.27691888e-006, -0.985778259, -1.24335583e-005, 1, -8.2427887e-007, 0, 0, 0, 0, 0, 0, 0, 0.337045093, -0.0983920898, -0.228312573, -0.219638459, 0.569127096, -0.792377959, -0.921020508, 0.146606445, 0.360595703, 0.32139701, 0.809114037, 0.492197609, 0, 0, -0, 0, 0, 0, 0, 0.410471338, -0.0530337402, -0.173317188, 0.346309916, 0.445678811, -0.825354051, 0.485229492, -0.838134766, -0.248901367, -0.802793269, -0.314143579, -0.506528274, 0, 1, 3, 1, 
213.298727, 22, 0.1, 0.1, 0.0173801677, 0.368839864, -0.0349580052, 0.985778276, 2.60831258e-006, 0.168051154, 0.168051154, 2.1592385e-005, -0.985778276, -6.19984311e-006, 1, 2.08469741e-005, 0.985778268, -8.44815764e-007, 0.168051199, 0.168051199, 2.19349559e-005, -0.985778268, -2.85339461e-006, 1, 2.17649751e-005, 0, 0, 0, 0, 0, 0, 0, 0.336981592, -0.0987675537, -0.227907959, -0.224864415, 0.565949281, -0.793108476, -0.92199707, 0.139404297, 0.360961914, 0.314932796, 0.812459968, 0.490706616, 0, 0, -0, 0, 0, 0, 0, 0.409980273, -0.0529567383, -0.173174512, 0.34152458, 0.446220554, -0.827136429, 0.49230957, -0.834594727, -0.246948242, -0.800473145, -0.322801372, -0.504751726, 0, 1, 3, 1, 
213.299431, 22, 0.1, 0.1, 0.0173801689, 0.368839866, -0.0349693175, 0.985778314, 9.16784235e-007, 0.168050933, 0.168050933, -8.55696697e-006, -0.985778314, 5.3426027e-007, 1, -8.58933892e-006, 0.985778308, -6.30397454e-006, 0.168050968, 0.168050968, -1.36887958e-005, -0.985778308, 8.51473674e-006, 1, -1.24347289e-005, 0, 0, 0, 0, 0, 0, 0, 0.336981592, -0.0987675537, -0.227907959, -0.224864415, 0.565949281, -0.793108476, -0.92199707, 0.139404297, 0.360961914, 0.314932796, 0.812459968, 0.490706616, 0, 0, -0, 0, 0, 0, 0, 0.409980273, -0.0529567383, -0.173174512, 0.34152458, 0.446220554, -0.827136429, 0.49230957, -0.834594727, -0.246948242, -0.800473145, -0.322801372, -0.504751726, 0, 1, 3, 1, 
213.300136, 22, 0.1, 0.1, 0.0173801627, 0.368839866, -0.0349795254, 0.985778342, 1.48097888e-005, 0.168050765, 0.168050765, -4.69847469e-006, -0.985778342, -1.38095868e-005, 1, -7.12045093e-006, 0.985778336, 1.94607241e-005, 0.1680508, 0.1680508, 3.49588939e-006, -0.985778336, -1.97714473e-005, 1, 1.75781768e-007, 0, 0, 0, 0, 0, 0, 0, 0.336981592, -0.0987675537, -0.227907959, -0.224864415, 0.565949281, -0.793108476, -0.92199707, 0.139404297, 0.360961914, 0.314932796, 0.812459968, 0.490706616, 0, 0, -0, 0, 0, 0, 0, 0.409980273, -0.0529567383, -0.173174512, 0.34152458, 0.446220554, -0.827136429, 0.49230957, -0.834594727, -0.246948242, -0.800473145, -0.322801372, -0.504751726, 0, 1, 3, 1, 
213.300839, 22, 0.1, 0.1, 0.0173801667, 0.368839869, -0.0349857641, 0.985778399, -2.35665099e-005, 0.168050431, 0.168050431, 3.78122287e-007, -0.985778399, 2.31678128e-005, 1, 4.33310694e-006, 0.985778385, -2.0311802e-005, 0.168050516, 0.168050516, -6.64865248e-006, -0.985778385, 2.11402448e-005, 1, -3.1406891e-006, 0, 0, 0, 0, 0, 0, 0, 0.336981592, -0.0987675537, -0.227907959, -0.224864415, 0.565949281, -0.793108476, -0.92199707, 0.139404297, 0.360961914, 0.314932796, 0.812459968, 0.490706616, 0, 0, -0, 0, 0, 0, 0, 0.409980273, -0.0529567383, -0.173174512, 0.34152458, 0.446220554, -0.827136429, 0.49230957, -0.834594727, -0.246948242, -0.800473145, -0.322801372, -0.504751726, 0, 1, 3, 1, 
213.30154, 22, 0.1, 0.1, 0.0173801707, 0.368839867, -0.0349867213, 0.985778479, 5.52510775e-006, 0.168049961, 0.168049961, 5.2475636e-006, -0.985778479, -6.32838518e-006, 1, 4.24444112e-006, 0.985778463, -5.43506945e-006, 0.16805006, 0.16805006, 8.26654776e-006, -0.985778463, 3.96858056e-006, 1, 9.06234849e-006, 0, 0, 0, 0, 0, 0, 0, 0.336981592, -0.0987675537, -0.227907959, -0.224864415, 0.565949281, -0.793108476, -0.92199707, 0.139404297, 0.360961914, 0.314932796, 0.812459968, 0.490706616, 0, 0, -0, 0, 0, 0, 0, 0.409980273, -0.0529567383, -0.173174512, 0.34152458, 0.446220554, -0.827136429, 0.49230957, -0.834594727, -0.246948242, -0.800473145, -0.322801372, -0.504751726, 0, 1, 3, 1, 
213.302241, 22, 0.1, 0.1, 0.0173801648, 0.368839869, -0.0349825356, 0.985778571, 1.15847759e-005, 0.168049425, 0.168049425, -9.55615255e-007, -0.985778571, -1.12594332e-005, 1, -2.88883997e-006, 0.985778553, 1.78847824e-005, 0.168049527, 0.168049527, -4.33877049e-006, -0.985778553, -1.69013066e-005, 1, -7.28259613e-006, 0, 0, 0, 0, 0, 0, 0, 0.336981592, -0.0987675537, -0.227907959, -0.224864415, 0.565949281, -0.793108476, -0.92199707, 0.139404297, 0.360961914, 0.314932796, 0.812459968, 0.490706616, 0, 0, -0, 0, 0, 0, 0, 0.409980273, -0.0529567383, -0.173174512, 0.34152458, 0.446220554, -0.827136429, 0.49230957, -0.834594727, -0.246948242, -0.800473145, -0.322801372, -0.504751726, 0, 1, 3, 1, 
213.302943, 22, 0.1, 0.1, 0.0173801692, 0.368839869, -0.0349748214, 0.985778636, -1.67149643e-005, 0.168049039, 0.168049039, -8.53133253e-006, -0.985778637, 1.7910937e-005, 1, -5.60107165e-006, 0.985778627, -2.0512452e-005, 0.168049097, 0.168049097, -2.62099786e-007, -0.985778627, 2.02647824e-005, 1, 3.18872667e-006, 0, 0, 0, 0, 0, 0, 0, 0.336981592, -0.0987675537, -0.227907959, -0.224864415, 0.565949281, -0.793108476, -0.92199707, 0.139404297, 0.360961914, 0.314932796, 0.812459968, 0.490706616, 0, 0, -0, 0, 0, 0, 0, 0.409980273, -0.0529567383, -0.173174512, 0.34152458, 0.446220554, -0.827136429, 0.49230957, -0.834594727, -0.246948242, -0.800473145, -0.322801372, -0.504751726, 0, 1, 3, 1, 
213.303668, 22, 0.1, 0.1, 0.0173801676, 0.36883987, -0.0349657999, 0.985778659, 4.43921501e-006, 0.168048909, 0.168048909, -2.30550841e-006, -0.985778659, -3.98864524e-006, 1, -3.01872623e-006, 0.985778656, 9.6209355e-006, 0.168048924, 0.168048924, 3.44509714e-006, -0.985778656, -1.00630577e-005, 1, 1.77931538e-006, 0, 0, 0, 0, 0, 0, 0, 0.337473706, -0.0993506348, -0.227077246, -0.227964342, 0.563094977, -0.794263976, -0.923339844, 0.133544922, 0.359741211, 0.30862622, 0.815507476, 0.48965371, 0, 0, -0, 0, 0, 0, 0, 0.409823779, -0.0532908203, -0.172556055, 0.338291947, 0.446864742, -0.828037279, 0.498901367, -0.831298828, -0.244873047, -0.797744341, -0.330098228, -0.504355439, 0, 1, 3, 1, 
213.30437, 22, 0.1, 0.1, 0.0173801688, 0.368839871, -0.0349588685, 0.98577869, 1.64777303e-005, 0.168048723, 0.168048723, -8.46988938e-006, -0.98577869, -1.48200413e-005, 1, -1.1118498e-005, 0.985778683, -2.01152336e-006, 0.168048767, 0.168048767, 1.77955436e-006, -0.985778683, 1.68386494e-006, 1, 2.09228077e-006, 0, 0, 0, 0, 0, 0, 0, 0.337473706, -0.0993506348, -0.227077246, -0.227964342, 0.563094977, -0.794263976, -0.923339844, 0.133544922, 0.359741211, 0.30862622, 0.815507476, 0.48965371, 0, 0, -0, 0, 0, 0, 0, 0.409823779, -0.0532908203, -0.172556055, 0.338291947, 0.446864742, -0.828037279, 0.498901367, -0.831298828, -0.244873047, -0.797744341, -0.330098228, -0.504355439, 0, 1, 3, 1, 
213.305088, 22, 0.1, 0.1, 0.0173801655, 0.36883987, -0.0349553897, 0.985778721, -1.56885903e-005, 0.168048542, 0.168048543, 2.12629363e-005, -0.985778721, 1.1892273e-005, 1, 2.35969948e-005, 0.985778716, -6.32314084e-006, 0.168048575, 0.168048575, 1.41208741e-005, -0.985778716, 3.86022488e-006, 1, 1.4982652e-005, 0, 0, 0, 0, 0, 0, 0, 0.337473706, -0.0993506348, -0.227077246, -0.227964342, 0.563094977, -0.794263976, -0.923339844, 0.133544922, 0.359741211, 0.30862622, 0.815507476, 0.48965371, 0, 0, -0, 0, 0, 0, 0, 0.409823779, -0.0532908203, -0.172556055, 0.338291947, 0.446864742, -0.828037279, 0.498901367, -0.831298828, -0.244873047, -0.797744341, -0.330098228, -0.504355439, 0, 1, 3, 1, 
213.30581, 22, 0.1, 0.1, 0.017380163, 0.368839869, -0.0349561334, 0.985778748, 1.97098233e-005, 0.168048387, 0.168048387, -7.68723363e-006, -0.985778748, -1.81376977e-005, 1, -1.08901156e-005, 0.985778742, 2.11763172e-005, 0.168048418, 0.168048418, -7.33127691e-006, -0.985778742, -1.96431539e-005, 1, -1.07856635e-005, 0, 0, 0, 0, 0, 0, 0, 0.33776272, -0.100401196, -0.226715967, -0.230777828, 0.559840778, -0.795813378, -0.924194336, 0.129516602, 0.35925293, 0.304128155, 0.818371138, 0.487674456, 0, 0, -0, 0, 0, 0, 0, 0.409823779, -0.0532908203, -0.172556055, 0.338291947, 0.446864742, -0.828037279, 0.498901367, -0.831298828, -0.244873047, -0.797744341, -0.330098228, -0.504355439, 0, 1, 3, 1, 
213.306535, 22, 0.1, 0.1, 0.0173801671, 0.368839866, -0.0349603467, 0.985778773, -1.5011318e-005, 0.168048237, 0.168048237, 7.27884885e-006, -0.985778773, 1.3574641e-005, 1, 9.69796022e-006, 0.985778769, -2.26310244e-005, 0.168048261, 0.168048261, 1.44018354e-005, -0.985778769, 1.988898e-005, 1, 1.80001279e-005, 0, 0, 0, 0, 0, 0, 0, 0.33776272, -0.100401196, -0.226715967, -0.230777828, 0.559840778, -0.795813378, -0.924194336, 0.129516602, 0.35925293, 0.304128155, 0.818371138, 0.487674456, 0, 0, -0, 0, 0, 0, 0, 0.409473584, -0.0538991699, -0.172175488, 0.335755639, 0.446422878, -0.829378893, 0.50378418, -0.829101563, -0.24230957, -0.795801549, -0.336404548, -0.503269021, 0, 1, 3, 1, 
213.307236, 22, 0.1, 0.1, 0.0173801585, 0.368839868, -0.0349668439, 0.985778764, 3.13072587e-005, 0.168048287, 0.168048287, 7.43068296e-006, -0.985778765, -3.21107443e-005, 0.999999999, 2.06387828e-006, 0.985778769, 3.54546676e-005, 0.168048256, 0.168048257, -2.47804972e-006, -0.98577877, -3.45340267e-005, 0.999999999, -8.40090389e-006, 0, 0, 0, 0, 0, 0, 0, 0.33776272, -0.100401196, -0.226715967, -0.230777828, 0.559840778, -0.795813378, -0.924194336, 0.129516602, 0.35925293, 0.304128155, 0.818371138, 0.487674456, 0, 0, -0, 0, 0, 0, 0, 0.409473584, -0.0538991699, -0.172175488, 0.335755639, 0.446422878, -0.829378893, 0.50378418, -0.829101563, -0.24230957, -0.795801549, -0.336404548, -0.503269021, 0, 1, 3, 1, 
213.307951, 22, 0.1, 0.1, 0.0173801607, 0.368839868, -0.0349736828, 0.98577872, -2.97574143e-005, 0.168048548, 0.168048548, -2.50020703e-006, -0.98577872, 2.97543819e-005, 1, 2.53603938e-006, 0.985778727, -2.17291619e-005, 0.168048506, 0.168048506, -4.77396995e-006, -0.985778728, 2.22224041e-005, 1, -1.05452483e-006, 0, 0, 0, 0, 0, 0, 0, 0.33776272, -0.100401196, -0.226715967, -0.230777828, 0.559840778, -0.795813378, -0.924194336, 0.129516602, 0.35925293, 0.304128155, 0.818371138, 0.487674456, 0, 0, -0, 0, 0, 0, 0, 0.409473584, -0.0538991699, -0.172175488, 0.335755639, 0.446422878, -0.829378893, 0.50378418, -0.829101563, -0.24230957, -0.795801549, -0.336404548, -0.503269021, 0, 1, 3, 1, 
213.308655, 22, 0.1, 0.1, 0.0173801667, 0.36883987, -0.0349786144, 0.985778677, 3.88752834e-006, 0.168048804, 0.168048804, 6.40058858e-006, -0.985778677, -4.9078538e-006, 1, 5.65626925e-006, 0.985778687, -9.60750436e-006, 0.168048741, 0.168048741, -2.7071616e-006, -0.985778687, 9.92580814e-006, 1, -1.0541332e-006, 0, 0, 0, 0, 0, 0, 0, 0.33776272, -0.100401196, -0.226715967, -0.230777828, 0.559840778, -0.795813378, -0.924194336, 0.129516602, 0.35925293, 0.304128155, 0.818371138, 0.487674456, 0, 0, -0, 0, 0, 0, 0, 0.409473584, -0.0538991699, -0.172175488, 0.335755639, 0.446422878, -0.829378893, 0.50378418, -0.829101563, -0.24230957, -0.795801549, -0.336404548, -0.503269021, 0, 1, 3, 1, 
213.309363, 22, 0.1, 0.1, 0.0173801596, 0.368839868, -0.0349804667, 0.985778644, 1.76624483e-005, 0.168048997, 0.168048997, -4.51816658e-006, -0.985778644, -1.66519909e-005, 1, -7.42206883e-006, 0.985778647, 2.27133542e-005, 0.168048975, 0.168048975, 2.4532289e-008, -0.985778648, -2.23944622e-005, 1, -3.79277249e-006, 0, 0, 0, 0, 0, 0, 0, 0.33776272, -0.100401196, -0.226715967, -0.230777828, 0.559840778, -0.795813378, -0.924194336, 0.129516602, 0.35925293, 0.304128155, 0.818371138, 0.487674456, 0, 0, -0, 0, 0, 0, 0, 0.409473584, -0.0538991699, -0.172175488, 0.335755639, 0.446422878, -0.829378893, 0.50378418, -0.829101563, -0.24230957, -0.795801549, -0.336404548, -0.503269021, 0, 1, 3, 1, 
213.310065, 22, 0.1, 0.1, 0.0173801628, 0.368839869, -0.0349788952, 0.985778647, -1.78348073e-005, 0.168048979, 0.168048979, 3.01030282e-006, -0.985778647, 1.70752939e-005, 1, 5.9646134e-006, 0.985778645, -1.82466409e-005, 0.168048989, 0.168048989, 3.52628514e-006, -0.985778645, 1.73945602e-005, 1, 6.54246614e-006, 0, 0, 0, 0, 0, 0, 0, 0.33776272, -0.100401196, -0.226715967, -0.230777828, 0.559840778, -0.795813378, -0.924194336, 0.129516602, 0.35925293, 0.304128155, 0.818371138, 0.487674456, 0, 0, -0, 0, 0, 0, 0, 0.409473584, -0.0538991699, -0.172175488, 0.335755639, 0.446422878, -0.829378893, 0.50378418, -0.829101563, -0.24230957, -0.795801549, -0.336404548, -0.503269021, 0, 1, 3, 1, 
213.310799, 22, 0.1, 0.1, 0.0173801602, 0.368839871, -0.0349741975, 0.985778643, 1.99497828e-005, 0.168048999, 0.168048999, -1.5522292e-007, -0.985778644, -1.96399848e-005, 1, -3.50555647e-006, 0.985778647, 1.87407317e-005, 0.168048977, 0.168048977, -6.24521029e-006, -0.985778647, -1.74247119e-005, 1, -9.30575573e-006, 0, 0, 0, 0, 0, 0, 0, 0.33781958, -0.101916553, -0.226133398, -0.233819345, 0.556224877, -0.797356789, -0.924560547, 0.126220703, 0.35925293, 0.30053135, 0.821292087, 0.484952702, 0, 0, -0, 0, 0, 0, 0, 0.409473584, -0.0538991699, -0.172175488, 0.335755639, 0.446422878, -0.829378893, 0.50378418, -0.829101563, -0.24230957, -0.795801549, -0.336404548, -0.503269021, 0, 1, 3, 1, 
213.311515, 22, 0.1, 0.1, 0.0173801608, 0.36883987, -0.0349681418, 0.985778599, -1.20203498e-005, 0.168049262, 0.168049261, -9.11013868e-006, -0.985778599, 1.33803557e-005, 1, -6.96056884e-006, 0.985778611, -1.31342469e-005, 0.168049187, 0.168049187, 2.76345592e-006, -0.985778611, 1.24830631e-005, 1, 4.93135525e-006, 0, 0, 0, 0, 0, 0, 0, 0.33781958, -0.101916553, -0.226133398, -0.233819345, 0.556224877, -0.797356789, -0.924560547, 0.126220703, 0.35925293, 0.30053135, 0.821292087, 0.484952702, 0, 0, -0, 0, 0, 0, 0, 0.409285107, -0.0549972168, -0.172032813, 0.332395041, 0.445386767, -0.831161271, 0.508422852, -0.826904297, -0.239746094, -0.794190879, -0.342896068, -0.501492473, 0, 1, 3, 1, 
213.312224, 22, 0.1, 0.1, 0.0173801605, 0.368839871, -0.0349628705, 0.985778512, -6.34008876e-006, 0.168049772, 0.168049772, 1.46032383e-005, -0.985778512, 3.7958524e-006, 1, 1.5461009e-005, 0.985778532, 3.50869564e-006, 0.16804965, 0.16804965, 1.00673332e-005, -0.985778532, -5.15060867e-006, 1, 9.33452592e-006, 0, 0, 0, 0, 0, 0, 0, 0.33781958, -0.101916553, -0.226133398, -0.233819345, 0.556224877, -0.797356789, -0.924560547, 0.126220703, 0.35925293, 0.30053135, 0.821292087, 0.484952702, 0, 0, -0, 0, 0, 0, 0, 0.409285107, -0.0549972168, -0.172032813, 0.332395041, 0.445386767, -0.831161271, 0.508422852, -0.826904297, -0.239746094, -0.794190879, -0.342896068, -0.501492473, 0, 1, 3, 1, 
213.312927, 22, 0.1, 0.1, 0.017380158, 0.368839872, -0.03495989, 0.985778412, 1.43785619e-005, 0.168050358, 0.168050358, -1.36711335e-005, -0.985778412, -1.18766371e-005, 1, -1.58930307e-005, 0.98577843, 1.75586333e-005, 0.168050249, 0.16805025, -1.35179786e-005, -0.98577843, -1.50372223e-005, 1, -1.62764645e-005, 0, 0, 0, 0, 0, 0, 0, 0.33781958, -0.101916553, -0.226133398, -0.233819345, 0.556224877, -0.797356789, -0.924560547, 0.126220703, 0.35925293, 0.30053135, 0.821292087, 0.484952702, 0, 0, -0, 0, 0, 0, 0, 0.409285107, -0.0549972168, -0.172032813, 0.332395041, 0.445386767, -0.831161271, 0.508422852, -0.826904297, -0.239746094, -0.794190879, -0.342896068, -0.501492473, 0, 1, 3, 1, 
213.313628, 22, 0.1, 0.1, 0.0173801639, 0.368839871, -0.0349599097, 0.985778328, -1.89409313e-005, 0.168050851, 0.168050851, 4.14378814e-006, -0.985778328, 1.79751924e-005, 1, 7.26789617e-006, 0.985778344, -2.68385604e-005, 0.168050756, 0.168050756, 9.90034494e-006, -0.985778344, 2.47931111e-005, 1, 1.4269786e-005, 0, 0, 0, 0, 0, 0, 0, 0.33781958, -0.101916553, -0.226133398, -0.233819345, 0.556224877, -0.797356789, -0.924560547, 0.126220703, 0.35925293, 0.30053135, 0.821292087, 0.484952702, 0, 0, -0, 0, 0, 0, 0, 0.409285107, -0.0549972168, -0.172032813, 0.332395041, 0.445386767, -0.831161271, 0.508422852, -0.826904297, -0.239746094, -0.794190879, -0.342896068, -0.501492473, 0, 1, 3, 1, 
213.31433, 22, 0.1, 0.1, 0.0173801563, 0.368839872, -0.0349627034, 0.985778223, 2.81327004e-005, 0.168051461, 0.16805146, 1.38007922e-005, -0.985778224, -3.00518467e-005, 1, 8.87677902e-006, 0.985778247, 3.34584033e-005, 0.168051321, 0.168051321, 1.05765639e-006, -0.985778248, -3.31603067e-005, 0.999999999, -4.5801142e-006, 0, 0, 0, 0, 0, 0, 0, 0.33781958, -0.101916553, -0.226133398, -0.233819345, 0.556224877, -0.797356789, -0.924560547, 0.126220703, 0.35925293, 0.30053135, 0.821292087, 0.484952702, 0, 0, -0, 0, 0, 0, 0, 0.409285107, -0.0549972168, -0.172032813, 0.332395041, 0.445386767, -0.831161271, 0.508422852, -0.826904297, -0.239746094, -0.794190879, -0.342896068, -0.501492473, 0, 1, 3, 1, 
213.31503, 22, 0.1, 0.1, 0.0173801611, 0.368839872, -0.034967331, 0.985778073, -3.72226223e-005, 0.168052341, 0.168052341, -1.52542022e-005, -0.985778074, 3.92567493e-005, 0.999999999, -8.7819092e-006, 0.985778106, -3.09858464e-005, 0.168052152, 0.168052151, -8.15526138e-006, -0.985778106, 3.19156782e-005, 0.999999999, -2.83203996e-006, 0, 0, 0, 0, 0, 0, 0, 0.33781958, -0.101916553, -0.226133398, -0.233819345, 0.556224877, -0.797356789, -0.924560547, 0.126220703, 0.35925293, 0.30053135, 0.821292087, 0.484952702, 0, 0, -0, 0, 0, 0, 0, 0.409285107, -0.0549972168, -0.172032813, 0.332395041, 0.445386767, -0.831161271, 0.508422852, -0.826904297, -0.239746094, -0.794190879, -0.342896068, -0.501492473, 0, 1, 3, 1, 
213.315744, 22, 0.1, 0.1, 0.0173801673, 0.368839872, -0.0349723869, 0.985777928, 1.29562437e-005, 0.168053194, 0.168053194, 1.07361342e-005, -0.985777928, -1.45762207e-005, 1, 8.40610595e-006, 0.985777953, -8.98636252e-006, 0.16805305, 0.16805305, 8.22293908e-006, -0.985777953, 7.47666806e-006, 1, 9.61617768e-006, 0, 0, 0, 0, 0, 0, 0, 0.33781958, -0.101916553, -0.226133398, -0.235946497, 0.553497131, -0.798703248, -0.924804687, 0.124145508, 0.35925293, 0.298025643, 0.823577998, 0.482694122, 0, 0, -0, 0, 0, 0, 0, 0.409285107, -0.0549972168, -0.172032813, 0.332395041, 0.445386767, -0.831161271, 0.508422852, -0.826904297, -0.239746094, -0.794190879, -0.342896068, -0.501492473, 0, 1, 3, 1, 
213.316458, 22, 0.1, 0.1, 0.017380154, 0.368839874, -0.0349759912, 0.985777853, 3.34168617e-005, 0.168053632, 0.168053632, -4.60423454e-006, -0.985777854, -3.21678438e-005, 0.999999999, -1.01545774e-005, 0.985777865, 4.10945511e-005, 0.16805356, 0.168053561, -6.79153932e-006, -0.985777866, -3.93687566e-005, 0.999999999, -1.36010348e-005, 0, 0, 0, 0, 0, 0, 0, 0.337926489, -0.103611694, -0.22598584, -0.235946497, 0.553497131, -0.798703248, -0.924804687, 0.124145508, 0.35925293, 0.298025643, 0.823577998, 0.482694122, 0, 0, -0, 0, 0, 0, 0, 0.408964697, -0.0560349609, -0.171647363, 0.33036986, 0.444817305, -0.832355964, 0.512451172, -0.825073242, -0.237548828, -0.792439851, -0.347988372, -0.500636099, 0, 1, 3, 1, 
213.317159, 22, 0.1, 0.1, 0.0173801585, 0.368839871, -0.034977356, 0.985777785, -3.95993884e-005, 0.168054029, 0.16805403, 7.93963437e-006, -0.985777786, 3.77019099e-005, 0.999999999, 1.4481552e-005, 0.985777803, -3.10246536e-005, 0.168053929, 0.168053929, 1.15584831e-005, -0.985777803, 2.86409663e-005, 0.999999999, 1.6607911e-005, 0, 0, 0, 0, 0, 0, 0, 0.337926489, -0.103611694, -0.22598584, -0.235946497, 0.553497131, -0.798703248, -0.924804687, 0.124145508, 0.35925293, 0.298025643, 0.823577998, 0.482694122, 0, 0, -0, 0, 0, 0, 0, 0.408964697, -0.0560349609, -0.171647363, 0.33036986, 0.444817305, -0.832355964, 0.512451172, -0.825073242, -0.237548828, -0.792439851, -0.347988372, -0.500636099, 0, 1, 3, 1, 
213.317866, 22, 0.1, 0.1, 0.0173801687, 0.368839874, -0.0349763084, 0.985777682, -8.36803514e-006, 0.168054641, 0.168054641, -5.22972226e-006, -0.985777682, 9.12790138e-006, 1, -3.74905634e-006, 0.985777705, -2.24489223e-005, 0.168054502, 0.168054502, -1.09938944e-005, -0.985777705, 2.39772206e-005, 1, -7.06489351e-006, 0, 0, 0, 0, 0, 0, 0, 0.337926489, -0.103611694, -0.22598584, -0.235946497, 0.553497131, -0.798703248, -0.924804687, 0.124145508, 0.35925293, 0.298025643, 0.823577998, 0.482694122, 0, 0, -0, 0, 0, 0, 0, 0.408964697, -0.0560349609, -0.171647363, 0.33036986, 0.444817305, -0.832355964, 0.512451172, -0.825073242, -0.237548828, -0.792439851, -0.347988372, -0.500636099, 0, 1, 3, 1, 
213.318596, 22, 0.1, 0.1, 0.0173801594, 0.368839872, -0.0349729685, 0.985777575, 3.02710741e-005, 0.168055263, 0.168055263, 2.8971853e-006, -0.985777576, -3.03274333e-005, 1, -2.23123304e-006, 0.985777592, 3.34999954e-005, 0.168055165, 0.168055165, 4.5109293e-006, -0.985777592, -3.37816297e-005, 0.999999999, -1.18307423e-006, 0, 0, 0, 0, 0, 0, 0, 0.337982007, -0.104826416, -0.225569751, -0.239007109, 0.551454598, -0.799236815, -0.925292969, 0.120117187, 0.359619141, 0.294308271, 0.825508199, 0.481666303, 0, 0, -0, 0, 0, 0, 0, 0.408822852, -0.0568116211, -0.171247021, 0.327577989, 0.445065572, -0.833295094, 0.517456055, -0.822509766, -0.235839844, -0.790401177, -0.353853929, -0.499875606, 0, 1, 3, 1, 
213.319295, 22, 0.1, 0.1, 0.0173801615, 0.368839874, -0.0349688395, 0.985777493, -2.80701396e-005, 0.168055745, 0.168055745, -7.9156241e-006, -0.985777493, 2.90011779e-005, 1, -3.08569587e-006, 0.985777508, -2.15950627e-005, 0.168055661, 0.16805566, -1.11851402e-005, -0.985777508, 2.31676533e-005, 1, -7.39688713e-006, 0, 0, 0, 0, 0, 0, 0, 0.337982007, -0.104826416, -0.225569751, -0.239007109, 0.551454598, -0.799236815, -0.925292969, 0.120117187, 0.359619141, 0.294308271, 0.825508199, 0.481666303, 0, 0, -0, 0, 0, 0, 0, 0.408822852, -0.0568116211, -0.171247021, 0.327577989, 0.445065572, -0.833295094, 0.517456055, -0.822509766, -0.235839844, -0.790401177, -0.353853929, -0.499875606, 0, 1, 3, 1, 
213.320055, 22, 0.1, 0.1, 0.0173801618, 0.368839874, -0.034964546, 0.985777446, 3.01490402e-005, 0.168056019, 0.16805602, -1.8412043e-006, -0.985777447, -2.94108184e-005, 1, -6.88174536e-006, 0.985777454, 1.85163547e-005, 0.168055977, 0.168055977, -1.55303231e-006, -0.985777454, -1.79920086e-005, 1, -4.64272831e-006, 0, 0, 0, 0, 0, 0, 0, 0.337982007, -0.104826416, -0.225569751, -0.239007109, 0.551454598, -0.799236815, -0.925292969, 0.120117187, 0.359619141, 0.294308271, 0.825508199, 0.481666303, 0, 0, -0, 0, 0, 0, 0, 0.408822852, -0.0568116211, -0.171247021, 0.327577989, 0.445065572, -0.833295094, 0.517456055, -0.822509766, -0.235839844, -0.790401177, -0.353853929, -0.499875606, 0, 1, 3, 1, 
213.320758, 22, 0.1, 0.1, 0.0173801576, 0.368839872, -0.0349618427, 0.985777389, -2.00276614e-005, 0.168056355, 0.168056355, -6.65678436e-006, -0.985777389, 2.08615307e-005, 1, -3.19633174e-006, 0.985777404, 9.00618512e-007, 0.168056268, 0.168056268, 7.42542494e-006, -0.985777404, -2.13569858e-006, 1, 7.16846154e-006, 0, 0, 0, 0, 0, 0, 0, 0.337982007, -0.104826416, -0.225569751, -0.239007109, 0.551454598, -0.799236815, -0.925292969, 0.120117187, 0.359619141, 0.294308271, 0.825508199, 0.481666303, 0, 0, -0, 0, 0, 0, 0, 0.408822852, -0.0568116211, -0.171247021, 0.327577989, 0.445065572, -0.833295094, 0.517456055, -0.822509766, -0.235839844, -0.790401177, -0.353853929, -0.499875606, 0, 1, 3, 1, 
213.321461, 22, 0.1, 0.1, 0.0173801697, 0.368839874, -0.0349615599, 0.985777345, -1.86437397e-005, 0.168056615, 0.168056615, 1.42043014e-006, -0.985777345, 1.81398636e-005, 1, 4.53343164e-006, 0.985777349, -3.46985252e-005, 0.168056587, 0.168056587, 2.87669361e-006, -0.98577735, 3.37215729e-005, 0.999999999, 8.66709514e-006, 0, 0, 0, 0, 0, 0, 0, 0.337982007, -0.104826416, -0.225569751, -0.239007109, 0.551454598, -0.799236815, -0.925292969, 0.120117187, 0.359619141, 0.294308271, 0.825508199, 0.481666303, 0, 0, -0, 0, 0, 0, 0, 0.408822852, -0.0568116211, -0.171247021, 0.327577989, 0.445065572, -0.833295094, 0.517456055, -0.822509766, -0.235839844, -0.790401177, -0.353853929, -0.499875606, 0, 1, 3, 1, 
213.322172, 22, 0.1, 0.1, 0.0173801629, 0.368839874, -0.0349636847, 0.985777316, 1.72298294e-005, 0.168056787, 0.168056787, 7.75954232e-006, -0.985777316, -1.82888187e-005, 1, 4.75359103e-006, 0.985777325, 2.50463527e-005, 0.168056733, 0.168056733, 6.37946065e-006, -0.985777325, -2.57622379e-005, 1, 2.07951944e-006, 0, 0, 0, 0, 0, 0, 0, 0.337982007, -0.104826416, -0.225569751, -0.239007109, 0.551454598, -0.799236815, -0.925292969, 0.120117187, 0.359619141, 0.294308271, 0.825508199, 0.481666303, 0, 0, -0, 0, 0, 0, 0, 0.408822852, -0.0568116211, -0.171247021, 0.327577989, 0.445065572, -0.833295094, 0.517456055, -0.822509766, -0.235839844, -0.790401177, -0.353853929, -0.499875606, 0, 1, 3, 1, 
213.322899, 22, 0.1, 0.1, 0.0173801702, 0.368839879, -0.0349671166, 0.985777265, -3.18653558e-005, 0.168057083, 0.168057082, -9.38149418e-006, -0.985777265, 3.29887698e-005, 0.999999999, -3.89286495e-006, 0.985777272, -3.23980651e-005, 0.168057039, 0.168057039, -1.75633442e-005, -0.985777273, 3.48889199e-005, 0.999999999, -1.18688226e-005, 0, 0, 0, 0, 0, 0, 0, 0.337982007, -0.104826416, -0.225569751, -0.239007109, 0.551454598, -0.799236815, -0.925292969, 0.120117187, 0.359619141, 0.294308271, 0.825508199, 0.481666303, 0, 0, -0, 0, 0, 0, 0, 0.408822852, -0.0568116211, -0.171247021, 0.327577989, 0.445065572, -0.833295094, 0.517456055, -0.822509766, -0.235839844, -0.790401177, -0.353853929, -0.499875606, 0, 1, 3, 1, 
213.323625, 22, 0.1, 0.1, 0.0173801689, 0.368839875, -0.0349707646, 0.985777267, 2.79440554e-005, 0.168057069, 0.168057069, 7.49614795e-006, -0.985777268, -2.88063953e-005, 1, 2.69333618e-006, 0.985777261, 2.02555952e-005, 0.168057107, 0.168057107, 1.5826005e-005, -0.985777261, -2.26271778e-005, 1, 1.21968191e-005, 0, 0, 0, 0, 0, 0, 0, 0.33883186, -0.105121069, -0.225544727, -0.243808084, 0.549932527, -0.798779632, -0.926147461, 0.112060547, 0.359863281, 0.287405971, 0.82760315, 0.482211852, 0, 0, -0, 0, 0, 0, 0, 0.409321436, -0.0565981445, -0.171038672, 0.323904592, 0.447339019, -0.833550657, 0.525024414, -0.817871094, -0.234985352, -0.786982242, -0.361470513, -0.499779724, 0, 1, 3, 1, 
