time, trialNum, realDorsalTactorPos, realVentralTactorPos, boxPosX, boxPosY, boxPosZ, boxLocalRot_11, boxLocalRot_12, boxLocalRot_13, boxLocalRot_21, boxLocalRot_22, boxLocalRot_23, boxLocalRot_31, boxLocalRot_32, boxLocalRot_33, boxGlobalRot_11, boxGlobalRot_12, boxGlobalRot_13, boxGlobalRot_21, boxGlobalRot_22, boxGlobalRot_23, boxGlobalRot_31, boxGlobalRot_32, boxGlobalRot_33, indexForceX, indexForceY, indexForceZ, indexForceGlobalX, indexForceGlobalY, indexForceGlobalZ, indexContact, indexPosX, indexPosY, indexPosZ, indexRot_11, indexRot_12, indexRot_13, indexRot_21, indexRot_22, indexRot_23, indexRot_31, indexRot_32, indexRot_33, thumbForceX, thumbForceY, thumbForceZ, thumbForceGlobalX, thumbForceGlobalY, thumbForceGlobalZ, thumbContact, thumbPosX, thumbPosY, thumbPosZ, thumbRot_11, thumbRot_12, thumbRot_13, thumbRot_21, thumbRot_22, thumbRot_23, thumbRot_31, thumbRot_32, thumbRot_33, manipForceTooHigh, cceExpType, mapping, trialSuccess, 
174.208111, 17, 0.1, 0.1, 0.00879248151, 0.354788742, -0.0199606931, 0.985238626, -2.01628008e-005, 0.171186593, 0.171186593, -5.55897704e-006, -0.985238626, 2.08167925e-005, 1, -2.02531774e-006, 0.985238631, -7.41485377e-006, 0.171186567, 0.171186567, -2.88390168e-006, -0.985238631, 7.7990856e-006, 1, -1.57200798e-006, 0, 0, 0, 0, 0, 0, 0, 0.21116145, 0.118565601, 0.156048608, -0.724994792, 0.678063266, 0.120496016, -0.669799805, -0.734863281, 0.105224609, 0.15993895, -0.00444258964, 0.987077243, 0, 0, -0, 0, 0, 0, 0, 0.288152393, 0.137875146, 0.179276025, -0.31366768, 0.928725839, -0.197036387, 0.629760742, 0.0482177734, -0.775268555, -0.710630303, -0.367213623, -0.599932207, 0, 1, 5, 1, 
174.228765, 17, 0.1, 0.1, 0.00879236903, 0.354788546, -0.019973542, 0.985248581, 1.4027074e-005, 0.171129289, 0.171129289, 1.60207991e-005, -0.985248581, -1.65617827e-005, 1, 1.33840263e-005, 0.98524854, 2.151522e-005, 0.171129523, 0.171129523, 2.0194252e-005, -0.98524854, -2.46536718e-005, 1, 1.62144679e-005, 0, 0, 0, 0, 0, 0, 0, 0.212313696, 0.118788159, 0.151332495, -0.719382785, 0.686260347, 0.106757321, -0.677856445, -0.727172852, 0.106689453, 0.150893028, 0.00439365894, 0.988511687, 0, 0, -0, 0, 0, 0, 0, 0.289811768, 0.137447607, 0.174578174, -0.295400204, 0.931135281, -0.213202122, 0.638671875, 0.0266113281, -0.768920898, -0.710428712, -0.363278099, -0.602613236, 0, 1, 5, 1, 
174.229476, 17, 0.1, 0.1, 0.00879236551, 0.354788544, -0.0199747798, 0.98524874, 4.5629979e-006, 0.171128374, 0.171128374, -1.76030349e-005, -0.98524874, -1.48330919e-006, 1, -1.81242263e-005, 0.985248714, 5.6731276e-006, 0.171128526, 0.171128526, -2.53674333e-005, -0.985248713, -1.2483502e-006, 1, -2.5964065e-005, 0, 0, 0, 0, 0, 0, 0, 0.212313696, 0.118788159, 0.151332495, -0.719382785, 0.686260347, 0.106757321, -0.677856445, -0.727172852, 0.106689453, 0.150893028, 0.00439365894, 0.988511687, 0, 0, -0, 0, 0, 0, 0, 0.289811768, 0.137447607, 0.174578174, -0.295400204, 0.931135281, -0.213202122, 0.638671875, 0.0266113281, -0.768920898, -0.710428712, -0.363278099, -0.602613236, 0, 1, 5, 1, 
174.230191, 17, 0.1, 0.1, 0.00879236333, 0.354788534, -0.0199741747, 0.98524888, -9.85739875e-006, 0.171127566, 0.171127566, 3.30997814e-005, -0.98524888, 4.04770604e-006, 0.999999999, 3.42983952e-005, 0.985248852, -3.28507397e-006, 0.171127728, 0.171127728, 3.90736695e-005, -0.985248851, -3.44997293e-006, 0.999999999, 3.90594553e-005, 0, 0, 0, 0, 0, 0, 0, 0.212313696, 0.118788159, 0.151332495, -0.719382785, 0.686260347, 0.106757321, -0.677856445, -0.727172852, 0.106689453, 0.150893028, 0.00439365894, 0.988511687, 0, 0, -0, 0, 0, 0, 0, 0.289811768, 0.137447607, 0.174578174, -0.295400204, 0.931135281, -0.213202122, 0.638671875, 0.0266113281, -0.768920898, -0.710428712, -0.363278099, -0.602613236, 0, 1, 5, 1, 
174.230909, 17, 0.1, 0.1, 0.00879235951, 0.35478853, -0.0199720054, 0.985249003, 8.5532285e-007, 0.171126862, 0.171126862, -9.63292311e-006, -0.985249003, 8.05745919e-007, 1, -9.6371966e-006, 0.985248977, 1.08320093e-006, 0.171127009, 0.171127009, -1.61715393e-005, -0.985248977, 1.70016454e-006, 1, -1.61183575e-005, 0, 0, 0, 0, 0, 0, 0, 0.212313696, 0.118788159, 0.151332495, -0.719382785, 0.686260347, 0.106757321, -0.677856445, -0.727172852, 0.106689453, 0.150893028, 0.00439365894, 0.988511687, 0, 0, -0, 0, 0, 0, 0, 0.289811768, 0.137447607, 0.174578174, -0.295400204, 0.931135281, -0.213202122, 0.638671875, 0.0266113281, -0.768920898, -0.710428712, -0.363278099, -0.602613236, 0, 1, 5, 1, 
174.231623, 17, 0.1, 0.1, 0.00879235719, 0.354788525, -0.0199690248, 0.985249118, -2.35457107e-005, 0.171126199, 0.171126198, -1.44757834e-005, -0.985249118, 2.56755765e-005, 1, -1.02329649e-005, 0.985249096, -1.67992057e-005, 0.171126321, 0.17112632, -9.53838232e-006, -0.985249097, 1.81836705e-005, 1, -6.5228963e-006, 0, 0, 0, 0, 0, 0, 0, 0.212313696, 0.118788159, 0.151332495, -0.719382785, 0.686260347, 0.106757321, -0.677856445, -0.727172852, 0.106689453, 0.150893028, 0.00439365894, 0.988511687, 0, 0, -0, 0, 0, 0, 0, 0.289811768, 0.137447607, 0.174578174, -0.295400204, 0.931135281, -0.213202122, 0.638671875, 0.0266113281, -0.768920898, -0.710428712, -0.363278099, -0.602613236, 0, 1, 5, 1, 
174.232336, 17, 0.1, 0.1, 0.0087923526, 0.354788518, -0.0199662074, 0.985249243, 2.7303728e-005, 0.171125475, 0.171125475, -1.32805406e-006, -0.985249243, -2.66737135e-005, 1, -5.98082769e-006, 0.985249213, 2.43540469e-005, 0.171125647, 0.171125647, 1.48548611e-005, -0.985249214, -2.65368533e-005, 1, 1.04681382e-005, 0, 0, 0, 0, 0, 0, 0, 0.212313696, 0.118788159, 0.151332495, -0.719382785, 0.686260347, 0.106757321, -0.677856445, -0.727172852, 0.106689453, 0.150893028, 0.00439365894, 0.988511687, 0, 0, -0, 0, 0, 0, 0, 0.289811768, 0.137447607, 0.174578174, -0.295400204, 0.931135281, -0.213202122, 0.638671875, 0.0266113281, -0.768920898, -0.710428712, -0.363278099, -0.602613236, 0, 1, 5, 1, 
174.233061, 17, 0.1, 0.1, 0.00879235021, 0.354788513, -0.0199643396, 0.985249426, -1.15805213e-006, 0.171124423, 0.171124423, 8.75940151e-006, -0.985249426, -3.57977331e-007, 1, 8.82836631e-006, 0.985249385, -1.6619767e-005, 0.171124661, 0.171124662, 1.36943221e-005, -0.985249385, 1.4031179e-005, 1, 1.63363745e-005, 0, 0, 0, 0, 0, 0, 0, 0.212313696, 0.118788159, 0.151332495, -0.718740634, 0.68706837, 0.105456167, -0.678100586, -0.726318359, 0.111694336, 0.153386752, 0.00871499021, 0.98809981, 0, 0, -0, 0, 0, 0, 0, 0.289811768, 0.137447607, 0.174578174, -0.295400204, 0.931135281, -0.213202122, 0.638671875, 0.0266113281, -0.768920898, -0.710428712, -0.363278099, -0.602613236, 0, 1, 5, 1, 
174.233787, 17, 0.1, 0.1, 0.00879234685, 0.354788508, -0.0199637145, 0.985249636, 5.10855089e-006, 0.171123213, 0.171123213, 1.52730173e-005, -0.985249636, -7.64676571e-006, 1, 1.41735431e-005, 0.985249597, 4.68056922e-006, 0.17112344, 0.17112344, 9.78991462e-006, -0.985249597, -6.28681281e-006, 1, 8.84455432e-006, 0, 0, 0, 0, 0, 0, 0, 0.212577344, 0.11861936, 0.150148535, -0.718740634, 0.68706837, 0.105456167, -0.678100586, -0.726318359, 0.111694336, 0.153386752, 0.00871499021, 0.98809981, 0, 0, -0, 0, 0, 0, 0, 0.290070654, 0.137372168, 0.173029492, -0.294199314, 0.930598269, -0.217508047, 0.636962891, 0.0213623047, -0.770507812, -0.712511862, -0.365175682, -0.599015297, 0, 1, 5, 1, 
174.234496, 17, 0.1, 0.1, 0.0087923425, 0.354788504, -0.0199646538, 0.985249794, 1.71330044e-006, 0.171122305, 0.171122305, 7.85963151e-006, -0.985249794, -3.03298716e-006, 1, 7.45051641e-006, 0.985249768, 1.46641518e-005, 0.171122455, 0.171122455, -6.95702286e-006, -0.985249768, -1.32573494e-005, 1, -9.36377082e-006, 0, 0, 0, 0, 0, 0, 0, 0.212577344, 0.11861936, 0.150148535, -0.718740634, 0.68706837, 0.105456167, -0.678100586, -0.726318359, 0.111694336, 0.153386752, 0.00871499021, 0.98809981, 0, 0, -0, 0, 0, 0, 0, 0.290070654, 0.137372168, 0.173029492, -0.294199314, 0.930598269, -0.217508047, 0.636962891, 0.0213623047, -0.770507812, -0.712511862, -0.365175682, -0.599015297, 0, 1, 5, 1, 
174.235208, 17, 0.1, 0.1, 0.00879234185, 0.3547885, -0.0199668282, 0.98524987, 1.46909376e-005, 0.17112187, 0.17112187, -5.34445705e-006, -0.98524987, -1.35596909e-005, 1, -7.77956633e-006, 0.985249861, -7.42818453e-006, 0.171121919, 0.171121918, -1.53789517e-005, -0.985249861, 9.9502935e-006, 1, -1.38809849e-005, 0, 0, 0, 0, 0, 0, 0, 0.212577344, 0.11861936, 0.150148535, -0.718740634, 0.68706837, 0.105456167, -0.678100586, -0.726318359, 0.111694336, 0.153386752, 0.00871499021, 0.98809981, 0, 0, -0, 0, 0, 0, 0, 0.290070654, 0.137372168, 0.173029492, -0.294199314, 0.930598269, -0.217508047, 0.636962891, 0.0213623047, -0.770507812, -0.712511862, -0.365175682, -0.599015297, 0, 1, 5, 1, 
174.235946, 17, 0.1, 0.1, 0.00879233658, 0.354788494, -0.01996942, 0.98524988, -1.13685647e-005, 0.171121812, 0.171121811, -1.32499856e-005, -0.98524988, 1.34682385e-005, 1, -1.11091373e-005, 0.985249878, -3.30632934e-006, 0.17112182, 0.17112182, -7.78319751e-006, -0.985249878, 4.5894355e-006, 1, -7.10260931e-006, 0, 0, 0, 0, 0, 0, 0, 0.212619824, 0.118466797, 0.149386646, -0.718035204, 0.688174817, 0.103672743, -0.678344727, -0.725219727, 0.116577148, 0.155499678, 0.0133598317, 0.987764317, 0, 0, -0, 0, 0, 0, 0, 0.290104834, 0.137503369, 0.171707227, -0.293170866, 0.929818454, -0.221654292, 0.635620117, 0.0163574219, -0.771850586, -0.714122166, -0.367098785, -0.595768804, 0, 1, 5, 1, 
174.236737, 17, 0.1, 0.1, 0.00879233034, 0.354788488, -0.0199712864, 0.985249919, 2.72852169e-005, 0.171121586, 0.171121586, -6.6384104e-006, -0.985249919, -2.57467824e-005, 1, -1.12095829e-005, 0.9852499, 2.52117002e-005, 0.171121692, 0.171121692, 1.34560103e-005, -0.9852499, -2.71424404e-005, 1, 8.943264e-006, 0, 0, 0, 0, 0, 0, 0, 0.212619824, 0.118466797, 0.149386646, -0.718035204, 0.688174817, 0.103672743, -0.678344727, -0.725219727, 0.116577148, 0.155499678, 0.0133598317, 0.987764317, 0, 0, -0, 0, 0, 0, 0, 0.290104834, 0.137503369, 0.171707227, -0.293170866, 0.929818454, -0.221654292, 0.635620117, 0.0163574219, -0.771850586, -0.714122166, -0.367098785, -0.595768804, 0, 1, 5, 1, 
174.237449, 17, 0.1, 0.1, 0.00879232801, 0.354788484, -0.0199714255, 0.98525001, -4.87977276e-006, 0.171121063, 0.171121063, 5.03755513e-006, -0.98525001, 3.94576436e-006, 1, 5.79828314e-006, 0.985249989, -1.47985098e-005, 0.17112118, 0.17112118, 7.56998056e-006, -0.985249989, 1.32848476e-005, 1, 9.99066173e-006, 0, 0, 0, 0, 0, 0, 0, 0.212619824, 0.118466797, 0.149386646, -0.718035204, 0.688174817, 0.103672743, -0.678344727, -0.725219727, 0.116577148, 0.155499678, 0.0133598317, 0.987764317, 0, 0, -0, 0, 0, 0, 0, 0.290104834, 0.137503369, 0.171707227, -0.293170866, 0.929818454, -0.221654292, 0.635620117, 0.0163574219, -0.771850586, -0.714122166, -0.367098785, -0.595768804, 0, 1, 5, 1, 
174.238162, 17, 0.1, 0.1, 0.00879232266, 0.354788479, -0.019970795, 0.985250099, -1.26334108e-005, 0.171120547, 0.171120547, 1.00250601e-005, -0.985250099, 1.07315755e-005, 1, 1.20390276e-005, 0.985250087, 7.91476337e-006, 0.171120621, 0.171120621, 9.25791092e-006, -0.985250087, -9.38224076e-006, 1, 7.76697832e-006, 0, 0, 0, 0, 0, 0, 0, 0.212619824, 0.118466797, 0.149386646, -0.718035204, 0.688174817, 0.103672743, -0.678344727, -0.725219727, 0.116577148, 0.155499678, 0.0133598317, 0.987764317, 0, 0, -0, 0, 0, 0, 0, 0.290104834, 0.137503369, 0.171707227, -0.293170866, 0.929818454, -0.221654292, 0.635620117, 0.0163574219, -0.771850586, -0.714122166, -0.367098785, -0.595768804, 0, 1, 5, 1, 
174.238876, 17, 0.1, 0.1, 0.00879232083, 0.354788475, -0.019969624, 0.985250121, 1.41289186e-005, 0.171120421, 0.171120421, 1.12407473e-005, -0.985250121, -1.58440402e-005, 1, 8.65720111e-006, 0.985250123, 8.57658948e-006, 0.17112041, 0.17112041, -4.7182245e-006, -0.985250123, -7.64270133e-006, 1, -6.11626077e-006, 0, 0, 0, 0, 0, 0, 0, 0.212619824, 0.118466797, 0.149386646, -0.718035204, 0.688174817, 0.103672743, -0.678344727, -0.725219727, 0.116577148, 0.155499678, 0.0133598317, 0.987764317, 0, 0, -0, 0, 0, 0, 0, 0.290104834, 0.137503369, 0.171707227, -0.293170866, 0.929818454, -0.221654292, 0.635620117, 0.0163574219, -0.771850586, -0.714122166, -0.367098785, -0.595768804, 0, 1, 5, 1, 
174.239594, 17, 0.1, 0.1, 0.00879232026, 0.354788471, -0.0199683277, 0.985250101, -2.69510721e-005, 0.171120533, 0.171120533, -1.10499746e-005, -0.985250102, 2.84444241e-005, 1, -6.27510674e-006, 0.985250105, -2.69136845e-005, 0.171120515, 0.171120514, -1.6322973e-005, -0.985250105, 2.9309906e-005, 1, -1.14767273e-005, 0, 0, 0, 0, 0, 0, 0, 0.212619824, 0.118466797, 0.149386646, -0.718035204, 0.688174817, 0.103672743, -0.678344727, -0.725219727, 0.116577148, 0.155499678, 0.0133598317, 0.987764317, 0, 0, -0, 0, 0, 0, 0, 0.290104834, 0.137503369, 0.171707227, -0.293170866, 0.929818454, -0.221654292, 0.635620117, 0.0163574219, -0.771850586, -0.714122166, -0.367098785, -0.595768804, 0, 1, 5, 1, 
174.240311, 17, 0.1, 0.1, 0.00879231643, 0.354788466, -0.0199671755, 0.985250123, 5.92082857e-006, 0.171120409, 0.171120409, -1.31369748e-005, -0.985250123, -3.58549259e-006, 1, -1.39563806e-005, 0.985250113, 1.62425508e-005, 0.171120467, 0.171120467, -5.91150787e-006, -0.985250113, -1.4991395e-005, 1, -8.60374668e-006, 0, 0, 0, 0, 0, 0, 0, 0.212619824, 0.118466797, 0.149386646, -0.718035204, 0.688174817, 0.103672743, -0.678344727, -0.725219727, 0.116577148, 0.155499678, 0.0133598317, 0.987764317, 0, 0, -0, 0, 0, 0, 0, 0.290104834, 0.137503369, 0.171707227, -0.293170866, 0.929818454, -0.221654292, 0.635620117, 0.0163574219, -0.771850586, -0.714122166, -0.367098785, -0.595768804, 0, 1, 5, 1, 
174.241055, 17, 0.1, 0.1, 0.00879231704, 0.354788462, -0.0199662225, 0.985250213, 1.05608012e-005, 0.171119893, 0.171119893, -6.50716115e-006, -0.985250213, -9.29152695e-006, 1, -8.21834508e-006, 0.985250193, -1.58868999e-005, 0.171120006, 0.171120006, 5.76483692e-006, -0.985250193, 1.46660923e-005, 1, 8.3983731e-006, 0, 0, 0, 0, 0, 0, 0, 0.212591748, 0.118455322, 0.148392725, -0.718738391, 0.687606424, 0.101730559, -0.677001953, -0.725585938, 0.122436523, 0.15808289, 0.0191350853, 0.987206785, 0, 0, -0, 0, 0, 0, 0, 0.290364209, 0.137619434, 0.170326611, -0.292340377, 0.928968276, -0.226465146, 0.635009766, 0.0115966797, -0.772338867, -0.71501682, -0.369520254, -0.593205877, 0, 1, 5, 1, 
174.241767, 17, 0.1, 0.1, 0.00879231313, 0.354788457, -0.0199661364, 0.98525028, -2.02206156e-005, 0.171119506, 0.171119506, 2.01297613e-006, -0.98525028, 1.95779077e-005, 1, 5.44342705e-006, 0.985250273, -1.1759822e-005, 0.171119548, 0.171119549, 1.01656799e-005, -0.985250273, 9.8468213e-006, 1, 1.20280743e-005, 0, 0, 0, 0, 0, 0, 0, 0.212591748, 0.118455322, 0.148392725, -0.718738391, 0.687606424, 0.101730559, -0.677001953, -0.725585938, 0.122436523, 0.15808289, 0.0191350853, 0.987206785, 0, 0, -0, 0, 0, 0, 0, 0.290364209, 0.137619434, 0.170326611, -0.292340377, 0.928968276, -0.226465146, 0.635009766, 0.0115966797, -0.772338867, -0.71501682, -0.369520254, -0.593205877, 0, 1, 5, 1, 
174.24248, 17, 0.1, 0.1, 0.00879230811, 0.354788454, -0.0199668923, 0.985250271, 2.51640338e-005, 0.171119558, 0.171119558, 1.39985801e-005, -0.985250271, -2.71883019e-005, 1, 9.48604649e-006, 0.985250278, 2.66906764e-005, 0.171119518, 0.171119518, 9.29962583e-006, -0.985250278, -2.78883438e-005, 1, 4.59516325e-006, 0, 0, 0, 0, 0, 0, 0, 0.212591748, 0.118455322, 0.148392725, -0.718738391, 0.687606424, 0.101730559, -0.677001953, -0.725585938, 0.122436523, 0.15808289, 0.0191350853, 0.987206785, 0, 0, -0, 0, 0, 0, 0, 0.290364209, 0.137619434, 0.170326611, -0.292340377, 0.928968276, -0.226465146, 0.635009766, 0.0115966797, -0.772338867, -0.71501682, -0.369520254, -0.593205877, 0, 1, 5, 1, 
174.243192, 17, 0.1, 0.1, 0.00879230627, 0.354788451, -0.0199682042, 0.985250235, -6.84517354e-006, 0.171119765, 0.171119765, 3.23167207e-006, -0.985250235, 6.19120588e-006, 1, 4.35535015e-006, 0.98525024, -1.463332e-005, 0.171119734, 0.171119734, -1.35071866e-005, -0.98525024, 1.67288282e-005, 1, -1.0803909e-005, 0, 0, 0, 0, 0, 0, 0, 0.212591748, 0.118455322, 0.148392725, -0.718738391, 0.687606424, 0.101730559, -0.677001953, -0.725585938, 0.122436523, 0.15808289, 0.0191350853, 0.987206785, 0, 0, -0, 0, 0, 0, 0, 0.290364209, 0.137619434, 0.170326611, -0.292340377, 0.928968276, -0.226465146, 0.635009766, 0.0115966797, -0.772338867, -0.71501682, -0.369520254, -0.593205877, 0, 1, 5, 1, 
174.243908, 17, 0.1, 0.1, 0.00879230079, 0.354788447, -0.0199696102, 0.985250255, -7.76232379e-006, 0.171119651, 0.171119651, -1.03536039e-005, -0.985250255, 9.41953658e-006, 1, -8.87260474e-006, 0.985250246, 1.33071735e-005, 0.171119701, 0.171119701, -1.26662671e-005, -0.985250246, -1.09434481e-005, 1, -1.47565623e-005, 0, 0, 0, 0, 0, 0, 0, 0.212591748, 0.118455322, 0.148392725, -0.718738391, 0.687606424, 0.101730559, -0.677001953, -0.725585938, 0.122436523, 0.15808289, 0.0191350853, 0.987206785, 0, 0, -0, 0, 0, 0, 0, 0.290364209, 0.137619434, 0.170326611, -0.292340377, 0.928968276, -0.226465146, 0.635009766, 0.0115966797, -0.772338867, -0.71501682, -0.369520254, -0.593205877, 0, 1, 5, 1, 
174.244621, 17, 0.1, 0.1, 0.00879229885, 0.354788443, -0.0199706851, 0.985250324, 2.02501918e-005, 0.171119254, 0.171119255, -6.91497231e-006, -0.985250324, -1.87682231e-005, 1, -1.02781764e-005, 0.98525031, 1.08202509e-005, 0.171119332, 0.171119332, -4.59889007e-006, -0.98525031, -9.87369658e-006, 1, -6.38261197e-006, 0, 0, 0, 0, 0, 0, 0, 0.212591748, 0.118455322, 0.148392725, -0.718738391, 0.687606424, 0.101730559, -0.677001953, -0.725585938, 0.122436523, 0.15808289, 0.0191350853, 0.987206785, 0, 0, -0, 0, 0, 0, 0, 0.290364209, 0.137619434, 0.170326611, -0.292340377, 0.928968276, -0.226465146, 0.635009766, 0.0115966797, -0.772338867, -0.71501682, -0.369520254, -0.593205877, 0, 1, 5, 1, 
174.245345, 17, 0.1, 0.1, 0.0087922973, 0.354788438, -0.0199711328, 0.985250362, -1.82215437e-005, 0.171119037, 0.171119037, -1.05175364e-005, -0.985250362, 1.97525332e-005, 1, -7.24435351e-006, 0.985250359, -2.16755748e-005, 0.171119049, 0.171119049, 4.40504052e-006, -0.98525036, 2.06020815e-005, 1, 8.04917151e-006, 0, 0, 0, 0, 0, 0, 0, 0.212591748, 0.118455322, 0.148392725, -0.718058048, 0.688802359, 0.0995472409, -0.677124023, -0.724365234, 0.12878418, 0.160817749, 0.0251252645, 0.986687445, 0, 0, -0, 0, 0, 0, 0, 0.290364209, 0.137619434, 0.170326611, -0.292340377, 0.928968276, -0.226465146, 0.635009766, 0.0115966797, -0.772338867, -0.71501682, -0.369520254, -0.593205877, 0, 1, 5, 1, 
174.246073, 17, 0.1, 0.1, 0.00879229264, 0.354788433, -0.0199705801, 0.985250334, 6.05672422e-006, 0.171119198, 0.171119197, 8.81377874e-006, -0.985250334, -7.4755963e-006, 1, 7.64735665e-006, 0.985250342, 1.60121526e-005, 0.171119148, 0.171119147, 1.56528462e-005, -0.985250342, -1.84544806e-005, 1, 1.26819862e-005, 0, 0, 0, 0, 0, 0, 0, 0.212858081, 0.118088184, 0.147386597, -0.718058048, 0.688802359, 0.0995472409, -0.677124023, -0.724365234, 0.12878418, 0.160817749, 0.0251252645, 0.986687445, 0, 0, -0, 0, 0, 0, 0, 0.290696338, 0.137325879, 0.169169238, -0.290219314, 0.928392984, -0.231276001, 0.634277344, 0.00573730468, -0.772949219, -0.716512285, -0.371053632, -0.590642951, 0, 1, 5, 1, 
174.246789, 17, 0.1, 0.1, 0.00879229215, 0.35478843, -0.0199695179, 0.985250299, 7.87893528e-006, 0.171119396, 0.171119396, 1.3067993e-005, -0.985250299, -9.99891041e-006, 1, 1.15270054e-005, 0.985250302, -1.16305724e-005, 0.171119382, 0.171119382, 5.63439565e-006, -0.985250302, 1.04948707e-005, 1, 7.54150639e-006, 0, 0, 0, 0, 0, 0, 0, 0.212858081, 0.118088184, 0.147386597, -0.718058048, 0.688802359, 0.0995472409, -0.677124023, -0.724365234, 0.12878418, 0.160817749, 0.0251252645, 0.986687445, 0, 0, -0, 0, 0, 0, 0, 0.290696338, 0.137325879, 0.169169238, -0.290219314, 0.928392984, -0.231276001, 0.634277344, 0.00573730468, -0.772949219, -0.716512285, -0.371053632, -0.590642951, 0, 1, 5, 1, 
174.247502, 17, 0.1, 0.1, 0.0087922888, 0.354788426, -0.0199682887, 0.985250328, -2.24361971e-005, 0.171119227, 0.171119227, 1.55305851e-006, -0.985250329, 2.18395124e-005, 1, 5.36941611e-006, 0.985250317, -1.074919e-005, 0.171119296, 0.171119296, -1.16974634e-005, -0.985250317, 1.25923046e-005, 1, -9.68553571e-006, 0, 0, 0, 0, 0, 0, 0, 0.212858081, 0.118088184, 0.147386597, -0.718058048, 0.688802359, 0.0995472409, -0.677124023, -0.724365234, 0.12878418, 0.160817749, 0.0251252645, 0.986687445, 0, 0, -0, 0, 0, 0, 0, 0.290696338, 0.137325879, 0.169169238, -0.290219314, 0.928392984, -0.231276001, 0.634277344, 0.00573730468, -0.772949219, -0.716512285, -0.371053632, -0.590642951, 0, 1, 5, 1, 
174.248229, 17, 0.1, 0.1, 0.00879228457, 0.354788423, -0.0199672079, 0.985250395, 2.54223492e-005, 0.17111884, 0.171118841, -6.72877285e-006, -0.985250396, -2.38959598e-005, 1, -1.0979769e-005, 0.985250384, 2.72017724e-005, 0.171118907, 0.171118907, -1.19066916e-005, -0.985250384, -2.47630966e-005, 1, -1.638581e-005, 0, 0, 0, 0, 0, 0, 0, 0.212858081, 0.118088184, 0.147386597, -0.718058048, 0.688802359, 0.0995472409, -0.677124023, -0.724365234, 0.12878418, 0.160817749, 0.0251252645, 0.986687445, 0, 0, -0, 0, 0, 0, 0, 0.290795215, 0.137032324, 0.167563916, -0.288206893, 0.927817692, -0.236259297, 0.633300781, -0.000244140634, -0.773803711, -0.718141911, -0.37258701, -0.587607178, 0, 1, 5, 1, 
174.248944, 17, 0.1, 0.1, 0.00879228368, 0.35478842, -0.0199666257, 0.985250414, -4.2610832e-006, 0.171118735, 0.171118735, -1.84692998e-005, -0.985250414, 7.35867721e-006, 1, -1.74677341e-005, 0.985250416, -1.68415123e-005, 0.171118721, 0.171118721, -1.56522898e-005, -0.985250416, 1.92715068e-005, 1, -1.2539527e-005, 0, 0, 0, 0, 0, 0, 0, 0.212858081, 0.118088184, 0.147386597, -0.718058048, 0.688802359, 0.0995472409, -0.677124023, -0.724365234, 0.12878418, 0.160817749, 0.0251252645, 0.986687445, 0, 0, -0, 0, 0, 0, 0, 0.290795215, 0.137032324, 0.167563916, -0.288206893, 0.927817692, -0.236259297, 0.633300781, -0.000244140634, -0.773803711, -0.718141911, -0.37258701, -0.587607178, 0, 1, 5, 1, 
174.249658, 17, 0.1, 0.1, 0.00879227852, 0.354788416, -0.0199667645, 0.985250365, -9.0488159e-006, 0.171119017, 0.171119017, -1.23436398e-005, -0.985250365, 1.10275807e-005, 1, -1.06131511e-005, 0.985250377, 1.03496421e-005, 0.171118946, 0.171118946, 6.83937643e-006, -0.985250377, -1.13673356e-005, 1, 4.96747836e-006, 0, 0, 0, 0, 0, 0, 0, 0.212858081, 0.118088184, 0.147386597, -0.718058048, 0.688802359, 0.0995472409, -0.677124023, -0.724365234, 0.12878418, 0.160817749, 0.0251252645, 0.986687445, 0, 0, -0, 0, 0, 0, 0, 0.290795215, 0.137032324, 0.167563916, -0.288206893, 0.927817692, -0.236259297, 0.633300781, -0.000244140634, -0.773803711, -0.718141911, -0.37258701, -0.587607178, 0, 1, 5, 1, 
174.250386, 17, 0.1, 0.1, 0.00879227664, 0.354788412, -0.0199674444, 0.985250331, 2.11239477e-005, 0.171119214, 0.171119214, 9.91285081e-006, -0.985250331, -2.25086557e-005, 1, 6.15192622e-006, 0.985250332, 1.07073651e-005, 0.171119209, 0.171119209, 1.36734675e-005, -0.985250332, -1.28892279e-005, 1, 1.16395526e-005, 0, 0, 0, 0, 0, 0, 0, 0.212933521, 0.117507935, 0.145750781, -0.71685013, 0.690176149, 0.0981697027, -0.677368164, -0.72277832, 0.13659668, 0.165322927, 0.03145805, 0.985793298, 0, 0, -0, 0, 0, 0, 0, 0.290795215, 0.137032324, 0.167563916, -0.288206893, 0.927817692, -0.236259297, 0.633300781, -0.000244140634, -0.773803711, -0.718141911, -0.37258701, -0.587607178, 0, 1, 5, 1, 
174.251097, 17, 0.1, 0.1, 0.00879227501, 0.354788409, -0.0199683955, 0.985250367, -2.30973847e-005, 0.171119007, 0.171119008, 8.82403637e-006, -0.985250367, 2.12467464e-005, 1, 1.26462866e-005, 0.985250355, -2.28385661e-005, 0.171119076, 0.171119076, 3.56948525e-006, -0.985250355, 2.18908984e-005, 1, 7.42495095e-006, 0, 0, 0, 0, 0, 0, 0, 0.212933521, 0.117507935, 0.145750781, -0.71685013, 0.690176149, 0.0981697027, -0.677368164, -0.72277832, 0.13659668, 0.165322927, 0.03145805, 0.985793298, 0, 0, -0, 0, 0, 0, 0, 0.290795215, 0.137032324, 0.167563916, -0.288206893, 0.927817692, -0.236259297, 0.633300781, -0.000244140634, -0.773803711, -0.718141911, -0.37258701, -0.587607178, 0, 1, 5, 1, 
174.251812, 17, 0.1, 0.1, 0.00879227058, 0.354788405, -0.0199694472, 0.985250426, 6.56731918e-006, 0.171118668, 0.171118667, 1.07881195e-005, -0.985250426, -8.31650265e-006, 1, 9.50520841e-006, 0.985250416, 1.98179418e-005, 0.171118725, 0.171118726, -2.03943631e-006, -0.985250416, -1.91766497e-005, 1, -5.40057642e-006, 0, 0, 0, 0, 0, 0, 0, 0.212933521, 0.117507935, 0.145750781, -0.71685013, 0.690176149, 0.0981697027, -0.677368164, -0.72277832, 0.13659668, 0.165322927, 0.03145805, 0.985793298, 0, 0, -0, 0, 0, 0, 0, 0.290795215, 0.137032324, 0.167563916, -0.288206893, 0.927817692, -0.236259297, 0.633300781, -0.000244140634, -0.773803711, -0.718141911, -0.37258701, -0.587607178, 0, 1, 5, 1, 
174.252527, 17, 0.1, 0.1, 0.00879227023, 0.354788401, -0.0199702153, 0.985250427, 1.07570399e-005, 0.171118659, 0.171118659, -4.33617708e-006, -0.985250427, -9.85637732e-006, 1, -6.11295057e-006, 0.985250432, -7.53560059e-006, 0.171118632, 0.171118632, -1.27581825e-005, -0.985250432, 9.60761646e-006, 1, -1.12805231e-005, 0, 0, 0, 0, 0, 0, 0, 0.212933521, 0.117507935, 0.145750781, -0.71685013, 0.690176149, 0.0981697027, -0.677368164, -0.72277832, 0.13659668, 0.165322927, 0.03145805, 0.985793298, 0, 0, -0, 0, 0, 0, 0, 0.290795215, 0.137032324, 0.167563916, -0.288206893, 0.927817692, -0.236259297, 0.633300781, -0.000244140634, -0.773803711, -0.718141911, -0.37258701, -0.587607178, 0, 1, 5, 1, 
174.253281, 17, 0.1, 0.1, 0.00879226693, 0.354788396, -0.0199700382, 0.985250372, -1.88434373e-005, 0.171118977, 0.171118977, -1.31075042e-005, -0.985250372, 2.08084463e-005, 1, -9.68970364e-006, 0.985250382, -1.03686272e-005, 0.171118917, 0.171118917, -6.61212307e-006, -0.985250382, 1.13471532e-005, 1, -4.74032853e-006, 0, 0, 0, 0, 0, 0, 0, 0.212940234, 0.117121021, 0.144626001, -0.71675465, 0.690922015, 0.0936574113, -0.677246094, -0.721801758, 0.142211914, 0.165925764, 0.0385082486, 0.985395648, 0, 0, -0, 0, 0, 0, 0, 0.290973779, 0.1370146, 0.166273975, -0.288973582, 0.925765892, -0.243197778, 0.633300781, -0.00549316407, -0.773803711, -0.717854266, -0.377589629, -0.58465416, 0, 1, 5, 1, 
174.253995, 17, 0.1, 0.1, 0.00879226375, 0.354788392, -0.0199694681, 0.985250348, 2.07077124e-005, 0.171119112, 0.171119112, -5.65218121e-006, -0.985250349, -1.94350847e-005, 1, -9.11229888e-006, 0.985250347, 1.89938397e-005, 0.171119118, 0.171119118, 9.67513223e-006, -0.985250348, -2.03692872e-005, 1, 6.28221831e-006, 0, 0, 0, 0, 0, 0, 0, 0.212940234, 0.117121021, 0.144626001, -0.71675465, 0.690922015, 0.0936574113, -0.677246094, -0.721801758, 0.142211914, 0.165925764, 0.0385082486, 0.985395648, 0, 0, -0, 0, 0, 0, 0, 0.290973779, 0.1370146, 0.166273975, -0.288973582, 0.925765892, -0.243197778, 0.633300781, -0.00549316407, -0.773803711, -0.717854266, -0.377589629, -0.58465416, 0, 1, 5, 1, 
174.254717, 17, 0.1, 0.1, 0.00879226329, 0.354788389, -0.0199687358, 0.985250392, -7.4710751e-006, 0.171118863, 0.171118863, 1.9462144e-006, -0.985250392, 7.02784567e-006, 1, 3.19595038e-006, 0.985250379, -2.0578977e-005, 0.171118934, 0.171118934, 5.8348553e-006, -0.98525038, 1.92769907e-005, 1, 9.27024601e-006, 0, 0, 0, 0, 0, 0, 0, 0.212940234, 0.117121021, 0.144626001, -0.71675465, 0.690922015, 0.0936574113, -0.677246094, -0.721801758, 0.142211914, 0.165925764, 0.0385082486, 0.985395648, 0, 0, -0, 0, 0, 0, 0, 0.290973779, 0.1370146, 0.166273975, -0.288973582, 0.925765892, -0.243197778, 0.633300781, -0.00549316407, -0.773803711, -0.717854266, -0.377589629, -0.58465416, 0, 1, 5, 1, 
174.255429, 17, 0.1, 0.1, 0.00879225805, 0.354788386, -0.0199680177, 0.98525044, -9.93907167e-006, 0.171118588, 0.171118588, 5.04401666e-006, -0.98525044, 8.92934973e-006, 1, 6.67037954e-006, 0.985250435, 1.14461827e-005, 0.171118615, 0.171118615, 4.58826749e-006, -0.985250435, -1.20624945e-005, 1, 2.56193761e-006, 0, 0, 0, 0, 0, 0, 0, 0.212940234, 0.117121021, 0.144626001, -0.71675465, 0.690922015, 0.0936574113, -0.677246094, -0.721801758, 0.142211914, 0.165925764, 0.0385082486, 0.985395648, 0, 0, -0, 0, 0, 0, 0, 0.290973779, 0.1370146, 0.166273975, -0.288973582, 0.925765892, -0.243197778, 0.633300781, -0.00549316407, -0.773803711, -0.717854266, -0.377589629, -0.58465416, 0, 1, 5, 1, 
174.256143, 17, 0.1, 0.1, 0.00879225564, 0.354788385, -0.0199676018, 0.985250421, 2.32339774e-005, 0.171118696, 0.171118696, 6.17942804e-006, -0.985250421, -2.39487017e-005, 1, 2.11251615e-006, 0.985250431, 1.62623568e-005, 0.171118636, 0.171118637, -1.15264689e-005, -0.985250431, -1.40501004e-005, 1, -1.41392507e-005, 0, 0, 0, 0, 0, 0, 0, 0.212940234, 0.117121021, 0.144626001, -0.71675465, 0.690922015, 0.0936574113, -0.677246094, -0.721801758, 0.142211914, 0.165925764, 0.0385082486, 0.985395648, 0, 0, -0, 0, 0, 0, 0, 0.290973779, 0.1370146, 0.166273975, -0.288973582, 0.925765892, -0.243197778, 0.633300781, -0.00549316407, -0.773803711, -0.717854266, -0.377589629, -0.58465416, 0, 1, 5, 1, 
174.25686, 17, 0.1, 0.1, 0.00879225386, 0.354788382, -0.0199675839, 0.985250362, -1.87356167e-005, 0.171119034, 0.171119034, -1.28514004e-005, -0.985250362, 2.06583923e-005, 1, -9.45582632e-006, 0.985250372, -1.81108302e-005, 0.171118975, 0.171118974, -1.92527262e-005, -0.985250372, 2.1138209e-005, 1, -1.58696489e-005, 0, 0, 0, 0, 0, 0, 0, 0.212940234, 0.117121021, 0.144626001, -0.71675465, 0.690922015, 0.0936574113, -0.677246094, -0.721801758, 0.142211914, 0.165925764, 0.0385082486, 0.985395648, 0, 0, -0, 0, 0, 0, 0, 0.290973779, 0.1370146, 0.166273975, -0.288973582, 0.925765892, -0.243197778, 0.633300781, -0.00549316407, -0.773803711, -0.717854266, -0.377589629, -0.58465416, 0, 1, 5, 1, 
174.257586, 17, 0.1, 0.1, 0.00879224947, 0.354788378, -0.0199678946, 0.985250352, 9.88708286e-006, 0.171119094, 0.171119094, -1.10906712e-005, -0.985250352, -7.84342627e-006, 1, -1.26189564e-005, 0.985250348, 2.14022412e-005, 0.171119117, 0.171119117, -4.29752436e-006, -0.985250348, -2.03511771e-005, 1, -7.89647e-006, 0, 0, 0, 0, 0, 0, 0, 0.212940234, 0.117121021, 0.144626001, -0.716138708, 0.692207439, 0.0888848892, -0.677734375, -0.720092773, 0.148193359, 0.166693352, 0.0458437655, 0.984915622, 0, 0, -0, 0, 0, 0, 0, 0.290973779, 0.1370146, 0.166273975, -0.288973582, 0.925765892, -0.243197778, 0.633300781, -0.00549316407, -0.773803711, -0.717854266, -0.377589629, -0.58465416, 0, 1, 5, 1, 
174.258311, 17, 0.1, 0.1, 0.00879224999, 0.354788374, -0.0199682007, 0.985250407, 1.00742158e-005, 0.171118773, 0.171118773, -1.81824328e-006, -0.985250408, -9.61448965e-006, 1, -3.51531237e-006, 0.985250394, -1.31929779e-005, 0.171118849, 0.171118849, 9.30155218e-006, -0.985250394, 1.14067158e-005, 1, 1.14219252e-005, 0, 0, 0, 0, 0, 0, 0, 0.21319729, 0.116539307, 0.143487671, -0.716138708, 0.692207439, 0.0888848892, -0.677734375, -0.720092773, 0.148193359, 0.166693352, 0.0458437655, 0.984915622, 0, 0, -0, 0, 0, 0, 0, 0.291289551, 0.136430908, 0.164777393, -0.287280523, 0.924589789, -0.249893455, 0.633056641, -0.0124511719, -0.773925781, -0.718781002, -0.380413582, -0.581675623, 0, 1, 5, 1, 
174.259021, 17, 0.1, 0.1, 0.00879224724, 0.354788369, -0.0199686879, 0.985250448, -2.18907005e-005, 0.171118536, 0.171118536, 6.13106741e-006, -0.985250449, 2.05186832e-005, 1, 9.78654154e-006, 0.985250446, -1.36222612e-005, 0.171118552, 0.171118552, 1.38245381e-005, -0.985250446, 1.10557039e-005, 1, 1.59516539e-005, 0, 0, 0, 0, 0, 0, 0, 0.21319729, 0.116539307, 0.143487671, -0.716138708, 0.692207439, 0.0888848892, -0.677734375, -0.720092773, 0.148193359, 0.166693352, 0.0458437655, 0.984915622, 0, 0, -0, 0, 0, 0, 0, 0.291289551, 0.136430908, 0.164777393, -0.287280523, 0.924589789, -0.249893455, 0.633056641, -0.0124511719, -0.773925781, -0.718781002, -0.380413582, -0.581675623, 0, 1, 5, 1, 
174.259735, 17, 0.1, 0.1, 0.0087922439, 0.354788366, -0.0199692266, 0.985250421, 1.84485675e-005, 0.171118693, 0.171118692, 1.571631e-005, -0.985250421, -2.08658133e-005, 1, 1.23276063e-005, 0.985250431, 2.00819348e-005, 0.171118635, 0.171118635, 1.16383044e-005, -0.985250431, -2.17772657e-005, 1, 8.03025116e-006, 0, 0, 0, 0, 0, 0, 0, 0.21319729, 0.116539307, 0.143487671, -0.716138708, 0.692207439, 0.0888848892, -0.677734375, -0.720092773, 0.148193359, 0.166693352, 0.0458437655, 0.984915622, 0, 0, -0, 0, 0, 0, 0, 0.291289551, 0.136430908, 0.164777393, -0.287280523, 0.924589789, -0.249893455, 0.633056641, -0.0124511719, -0.773925781, -0.718781002, -0.380413582, -0.581675623, 0, 1, 5, 1, 
174.260446, 17, 0.1, 0.1, 0.00879224354, 0.354788363, -0.0199696377, 0.985250372, -9.68834881e-006, 0.171118978, 0.171118978, 4.29421367e-006, -0.985250372, 8.81062781e-006, 1, 5.88873597e-006, 0.98525038, -1.77551386e-005, 0.17111893, 0.17111893, -1.13750207e-005, -0.98525038, 1.94397384e-005, 1, -8.16900319e-006, 0, 0, 0, 0, 0, 0, 0, 0.21319729, 0.116539307, 0.143487671, -0.716138708, 0.692207439, 0.0888848892, -0.677734375, -0.720092773, 0.148193359, 0.166693352, 0.0458437655, 0.984915622, 0, 0, -0, 0, 0, 0, 0, 0.291289551, 0.136430908, 0.164777393, -0.287280523, 0.924589789, -0.249893455, 0.633056641, -0.0124511719, -0.773925781, -0.718781002, -0.380413582, -0.581675623, 0, 1, 5, 1, 
174.261157, 17, 0.1, 0.1, 0.00879223927, 0.354788361, -0.0199698046, 0.985250377, -9.29057496e-006, 0.171118948, 0.171118948, -1.16653773e-005, -0.985250377, 1.11497096e-005, 1, -9.90352398e-006, 0.985250371, 1.09449593e-005, 0.171118983, 0.171118983, -1.35866943e-005, -0.985250371, -8.45858391e-006, 1, -1.52591859e-005, 0, 0, 0, 0, 0, 0, 0, 0.21319729, 0.116539307, 0.143487671, -0.716138708, 0.692207439, 0.0888848892, -0.677734375, -0.720092773, 0.148193359, 0.166693352, 0.0458437655, 0.984915622, 0, 0, -0, 0, 0, 0, 0, 0.291289551, 0.136430908, 0.164777393, -0.287280523, 0.924589789, -0.249893455, 0.633056641, -0.0124511719, -0.773925781, -0.718781002, -0.380413582, -0.581675623, 0, 1, 5, 1, 
174.261872, 17, 0.1, 0.1, 0.0087922377, 0.354788358, -0.0199696913, 0.985250433, 2.34103138e-005, 0.171118627, 0.171118627, -1.07983762e-005, -0.985250433, -2.12172185e-005, 1, -1.46450455e-005, 0.985250422, 1.33334615e-005, 0.17111869, 0.17111869, -8.10648383e-006, -0.985250422, -1.17496277e-005, 1, -1.02685211e-005, 0, 0, 0, 0, 0, 0, 0, 0.21319729, 0.116539307, 0.143487671, -0.716138708, 0.692207439, 0.0888848892, -0.677734375, -0.720092773, 0.148193359, 0.166693352, 0.0458437655, 0.984915622, 0, 0, -0, 0, 0, 0, 0, 0.291289551, 0.136430908, 0.164777393, -0.287280523, 0.924589789, -0.249893455, 0.633056641, -0.0124511719, -0.773925781, -0.718781002, -0.380413582, -0.581675623, 0, 1, 5, 1, 
174.262602, 17, 0.1, 0.1, 0.00879223636, 0.354788355, -0.0199692593, 0.985250458, -1.6681213e-005, 0.171118482, 0.171118482, -1.51170215e-005, -0.985250458, 1.90219745e-005, 1, -1.20395885e-005, 0.985250459, -2.0611708e-005, 0.171118478, 0.171118478, 4.92529087e-007, -0.985250459, 2.02234139e-005, 1, 4.01230861e-006, 0, 0, 0, 0, 0, 0, 0, 0.21319729, 0.116539307, 0.143487671, -0.714823327, 0.693829478, 0.0858826864, -0.678100586, -0.717895508, 0.156616211, 0.170316366, 0.0537439275, 0.983908021, 0, 0, -0, 0, 0, 0, 0, 0.291289551, 0.136430908, 0.164777393, -0.287280523, 0.924589789, -0.249893455, 0.633056641, -0.0124511719, -0.773925781, -0.718781002, -0.380413582, -0.581675623, 0, 1, 5, 1, 
174.263329, 17, 0.1, 0.1, 0.00879223174, 0.354788351, -0.0199684024, 0.985250415, 8.71886586e-006, 0.17111873, 0.171118729, 6.46154065e-006, -0.985250415, -9.69595684e-006, 1, 4.87427436e-006, 0.985250427, 1.94401975e-005, 0.171118661, 0.171118661, 1.33628821e-005, -0.985250427, -2.14401013e-005, 1, 9.8392047e-006, 0, 0, 0, 0, 0, 0, 0, 0.213498779, 0.116199756, 0.141768481, -0.714823327, 0.693829478, 0.0858826864, -0.678100586, -0.717895508, 0.156616211, 0.170316366, 0.0537439275, 0.983908021, 0, 0, -0, 0, 0, 0, 0, 0.29160166, 0.135615674, 0.163064648, -0.285376743, 0.923292284, -0.256825373, 0.631958008, -0.0201416016, -0.774658203, -0.72054479, -0.383250294, -0.577617231, 0, 1, 5, 1, 
174.26404, 17, 0.1, 0.1, 0.0087922318, 0.354788349, -0.0199677814, 0.985250367, 8.38458776e-006, 0.171119006, 0.171119006, 1.35282516e-005, -0.985250367, -1.05758591e-005, 1, 1.18939526e-005, 0.985250371, -1.14670162e-005, 0.17111898, 0.17111898, 5.2368781e-006, -0.985250371, 1.04017527e-005, 1, 7.12186022e-006, 0, 0, 0, 0, 0, 0, 0, 0.213498779, 0.116199756, 0.141768481, -0.714823327, 0.693829478, 0.0858826864, -0.678100586, -0.717895508, 0.156616211, 0.170316366, 0.0537439275, 0.983908021, 0, 0, -0, 0, 0, 0, 0, 0.29160166, 0.135615674, 0.163064648, -0.285376743, 0.923292284, -0.256825373, 0.631958008, -0.0201416016, -0.774658203, -0.72054479, -0.383250294, -0.577617231, 0, 1, 5, 1, 
174.264756, 17, 0.1, 0.1, 0.00879222905, 0.354788347, -0.0199675089, 0.985250387, -2.37518959e-005, 0.171118892, 0.171118892, 3.95101261e-006, -0.985250387, 2.27254717e-005, 1, 7.95713483e-006, 0.985250376, -1.12851846e-005, 0.171118954, 0.171118954, -1.02194283e-005, -0.985250376, 1.28674702e-005, 1, -8.13758661e-006, 0, 0, 0, 0, 0, 0, 0, 0.213498779, 0.116199756, 0.141768481, -0.714823327, 0.693829478, 0.0858826864, -0.678100586, -0.717895508, 0.156616211, 0.170316366, 0.0537439275, 0.983908021, 0, 0, -0, 0, 0, 0, 0, 0.29160166, 0.135615674, 0.163064648, -0.285376743, 0.923292284, -0.256825373, 0.631958008, -0.0201416016, -0.774658203, -0.72054479, -0.383250294, -0.577617231, 0, 1, 5, 1, 
174.265498, 17, 0.1, 0.1, 0.00879222538, 0.354788344, -0.0199673874, 0.985250449, 2.60453e-005, 0.171118534, 0.171118534, -3.89539982e-006, -0.985250449, -2.49945684e-005, 1, -8.29477797e-006, 0.985250438, 2.78857554e-005, 0.171118595, 0.171118596, -9.34449189e-006, -0.985250438, -2.58754364e-005, 1, -1.3978436e-005, 0, 0, 0, 0, 0, 0, 0, 0.213781714, 0.115432031, 0.140338428, -0.713636749, 0.695813218, 0.0797648265, -0.679443359, -0.715454102, 0.162231445, 0.170004839, 0.0615868015, 0.983517483, 0, 0, -0, 0, 0, 0, 0, 0.291856641, 0.135123145, 0.161212012, -0.285063578, 0.920901799, -0.265463477, 0.63269043, -0.0272216797, -0.773925781, -0.720020904, -0.388533996, -0.574842851, 0, 1, 5, 1, 
174.266207, 17, 0.1, 0.1, 0.00879222495, 0.354788341, -0.0199676348, 0.985250462, -4.69856578e-006, 0.171118457, 0.171118456, -1.48959098e-005, -0.985250462, 7.1782292e-006, 1, -1.38721907e-005, 0.985250466, -1.63771057e-005, 0.171118438, 0.171118438, -1.19492559e-005, -0.985250466, 1.8180289e-005, 1, -8.97058519e-006, 0, 0, 0, 0, 0, 0, 0, 0.213781714, 0.115432031, 0.140338428, -0.713636749, 0.695813218, 0.0797648265, -0.679443359, -0.715454102, 0.162231445, 0.170004839, 0.0615868015, 0.983517483, 0, 0, -0, 0, 0, 0, 0, 0.291856641, 0.135123145, 0.161212012, -0.285063578, 0.920901799, -0.265463477, 0.63269043, -0.0272216797, -0.773925781, -0.720020904, -0.388533996, -0.574842851, 0, 1, 5, 1, 
174.266919, 17, 0.1, 0.1, 0.00879222083, 0.354788337, -0.0199682825, 0.985250412, -1.0584609e-005, 0.171118746, 0.171118746, -9.82468427e-006, -0.985250412, 1.2109678e-005, 1, -7.86854921e-006, 0.985250425, 8.08199712e-006, 0.171118675, 0.171118675, 8.65973232e-006, -0.985250425, -9.44463302e-006, 1, 7.14902431e-006, 0, 0, 0, 0, 0, 0, 0, 0.213781714, 0.115432031, 0.140338428, -0.713636749, 0.695813218, 0.0797648265, -0.679443359, -0.715454102, 0.162231445, 0.170004839, 0.0615868015, 0.983517483, 0, 0, -0, 0, 0, 0, 0, 0.291856641, 0.135123145, 0.161212012, -0.285063578, 0.920901799, -0.265463477, 0.63269043, -0.0272216797, -0.773925781, -0.720020904, -0.388533996, -0.574842851, 0, 1, 5, 1, 
