time, trialNum, realDorsalTactorPos, realVentralTactorPos, boxPosX, boxPosY, boxPosZ, boxLocalRot_11, boxLocalRot_12, boxLocalRot_13, boxLocalRot_21, boxLocalRot_22, boxLocalRot_23, boxLocalRot_31, boxLocalRot_32, boxLocalRot_33, boxGlobalRot_11, boxGlobalRot_12, boxGlobalRot_13, boxGlobalRot_21, boxGlobalRot_22, boxGlobalRot_23, boxGlobalRot_31, boxGlobalRot_32, boxGlobalRot_33, indexForceX, indexForceY, indexForceZ, indexForceGlobalX, indexForceGlobalY, indexForceGlobalZ, indexContact, indexPosX, indexPosY, indexPosZ, indexRot_11, indexRot_12, indexRot_13, indexRot_21, indexRot_22, indexRot_23, indexRot_31, indexRot_32, indexRot_33, thumbForceX, thumbForceY, thumbForceZ, thumbForceGlobalX, thumbForceGlobalY, thumbForceGlobalZ, thumbContact, thumbPosX, thumbPosY, thumbPosZ, thumbRot_11, thumbRot_12, thumbRot_13, thumbRot_21, thumbRot_22, thumbRot_23, thumbRot_31, thumbRot_32, thumbRot_33, manipForceTooHigh, cceExpType, mapping, trialSuccess, 
854.880203, 56, 0.1, 0.1, -0.00839637795, 0.379896474, -0.0199726742, 0.967652385, -6.14747355e-005, 0.252287252, 0.252287247, -8.2020769e-005, -0.967652385, 8.01789688e-005, 0.999999995, -6.3858301e-005, 0.967652083, -3.69868004e-005, 0.252288416, 0.252288413, -6.82561825e-005, -0.967652082, 5.30105986e-005, 0.999999997, -5.6716896e-005, 0, 0, 0, 0, 0, 0, 0, 0.259784302, -0.0900580078, -0.156214575, -0.266614193, 0.76025127, -0.592338703, -0.813232422, 0.15234375, 0.561645508, 0.517191343, 0.631521356, 0.577679657, 0, 0, -0, 0, 0, 0, 0, 0.312886133, -0.055964502, -0.122531934, -0.192418903, 0.512940148, -0.836498663, 0.600708008, -0.612304688, -0.513793945, -0.775828164, -0.601411146, -0.190286972, 0, 2, 5, 1, 
854.906714, 56, 0.1, 0.1, -0.00839639345, 0.379896472, -0.0199666052, 0.967658964, 3.30718328e-005, 0.252262022, 0.252262022, -1.06272008e-005, -0.967658965, -2.93214163e-005, 0.999999999, -1.86262736e-005, 0.967659021, 2.53083759e-005, 0.252261804, 0.252261804, -1.69938581e-005, -0.967659021, -2.0202977e-005, 1, -2.28285967e-005, 0, 0, 0, 0, 0, 0, 0, 0.262592114, -0.099394165, -0.153356836, -0.285686308, 0.756193535, -0.588546069, -0.809448242, 0.138305664, 0.570678711, 0.513043737, 0.639455963, 0.572753245, 0, 0, -0, 0, 0, 0, 0, 0.31525332, -0.0645721191, -0.120322217, -0.211680911, 0.49764681, -0.841096965, 0.612060547, -0.603271484, -0.511108398, -0.76189613, -0.62290286, -0.176900347, 0, 2, 5, 1, 
854.90741, 56, 0.1, 0.1, -0.00839639286, 0.379896468, -0.0199699838, 0.96765864, -2.35444997e-005, 0.252263265, 0.252263266, 1.88007309e-005, -0.96765864, 1.80403048e-005, 1, 2.41321021e-005, 0.967658709, -2.42022907e-005, 0.252263004, 0.252263005, 2.71347691e-005, -0.967658708, 1.6574459e-005, 0.999999999, 3.23625382e-005, 0, 0, 0, 0, 0, 0, 0, 0.262592114, -0.099394165, -0.153356836, -0.285686308, 0.756193535, -0.588546069, -0.809448242, 0.138305664, 0.570678711, 0.513043737, 0.639455963, 0.572753245, 0, 0, -0, 0, 0, 0, 0, 0.31525332, -0.0645721191, -0.120322217, -0.211680911, 0.49764681, -0.841096965, 0.612060547, -0.603271484, -0.511108398, -0.76189613, -0.62290286, -0.176900347, 0, 2, 5, 1, 
854.908105, 56, 0.1, 0.1, -0.00839639534, 0.379896473, -0.0199730576, 0.967658313, 1.22692453e-005, 0.252264521, 0.252264521, -3.49322934e-005, -0.967658313, -3.06025897e-006, 0.999999999, -3.68976194e-005, 0.967658372, 2.1972567e-005, 0.252264294, 0.252264295, -3.60222141e-005, -0.967658372, -1.217482e-005, 0.999999999, -4.04000912e-005, 0, 0, 0, 0, 0, 0, 0, 0.262592114, -0.099394165, -0.153356836, -0.285686308, 0.756193535, -0.588546069, -0.809448242, 0.138305664, 0.570678711, 0.513043737, 0.639455963, 0.572753245, 0, 0, -0, 0, 0, 0, 0, 0.31525332, -0.0645721191, -0.120322217, -0.211680911, 0.49764681, -0.841096965, 0.612060547, -0.603271484, -0.511108398, -0.76189613, -0.62290286, -0.176900347, 0, 2, 5, 1, 
854.908823, 56, 0.1, 0.1, -0.00839639196, 0.37989647, -0.0199748367, 0.967658103, -1.02891512e-005, 0.252265327, 0.252265327, 5.00255527e-005, -0.967658102, -2.66333191e-006, 0.999999999, 5.10032275e-005, 0.967658129, -2.30825366e-005, 0.252265229, 0.25226523, 3.8523654e-005, -0.967658128, 1.26178257e-005, 0.999999999, 4.31006483e-005, 0, 0, 0, 0, 0, 0, 0, 0.262913965, -0.100297388, -0.153090869, -0.288066577, 0.755946408, -0.587702097, -0.809082031, 0.135986328, 0.571655273, 0.512061224, 0.640236655, 0.572619573, 0, 0, -0, 0, 0, 0, 0, 0.315432617, -0.0656403809, -0.119905273, -0.213003203, 0.49583818, -0.841793291, 0.614135742, -0.602172852, -0.510009766, -0.75982574, -0.625547809, -0.176114335, 0, 2, 5, 1, 
854.909513, 56, 0.1, 0.1, -0.00839639091, 0.379896466, -0.0199749087, 0.967658013, -1.46631963e-005, 0.252265671, 0.252265671, -2.17216896e-005, -0.967658013, 1.9668596e-005, 1, -1.7320146e-005, 0.96765803, -1.22608565e-005, 0.252265609, 0.252265609, -4.33626614e-006, -0.96765803, 1.2958207e-005, 1, -1.10303032e-006, 0, 0, 0, 0, 0, 0, 0, 0.262913965, -0.100297388, -0.153090869, -0.288066577, 0.755946408, -0.587702097, -0.809082031, 0.135986328, 0.571655273, 0.512061224, 0.640236655, 0.572619573, 0, 0, -0, 0, 0, 0, 0, 0.315432617, -0.0656403809, -0.119905273, -0.213003203, 0.49583818, -0.841793291, 0.614135742, -0.602172852, -0.510009766, -0.75982574, -0.625547809, -0.176114335, 0, 2, 5, 1, 
854.910205, 56, 0.1, 0.1, -0.0083963922, 0.379896468, -0.0199734866, 0.967657899, 1.22888528e-005, 0.252266109, 0.252266109, 1.33382103e-005, -0.967657899, -1.52561839e-005, 1, 9.80676349e-006, 0.967657927, 1.50286865e-005, 0.252266002, 0.252266002, 5.46664358e-006, -0.967657927, -1.5921676e-005, 1, 1.49861433e-006, 0, 0, 0, 0, 0, 0, 0, 0.262913965, -0.100297388, -0.153090869, -0.288066577, 0.755946408, -0.587702097, -0.809082031, 0.135986328, 0.571655273, 0.512061224, 0.640236655, 0.572619573, 0, 0, -0, 0, 0, 0, 0, 0.315432617, -0.0656403809, -0.119905273, -0.213003203, 0.49583818, -0.841793291, 0.614135742, -0.602172852, -0.510009766, -0.75982574, -0.625547809, -0.176114335, 0, 2, 5, 1, 
854.910905, 56, 0.1, 0.1, -0.00839639116, 0.379896471, -0.0199710248, 0.967657723, -1.02408809e-006, 0.252266787, 0.252266787, -2.31238742e-005, -0.967657722, 6.82435218e-006, 1, -2.2117652e-005, 0.967657762, -1.06228276e-005, 0.252266637, 0.252266637, -2.8009165e-005, -0.967657761, 1.73450394e-005, 1, -2.4423501e-005, 0, 0, 0, 0, 0, 0, 0, 0.262913965, -0.100297388, -0.153090869, -0.288066577, 0.755946408, -0.587702097, -0.809082031, 0.135986328, 0.571655273, 0.512061224, 0.640236655, 0.572619573, 0, 0, -0, 0, 0, 0, 0, 0.315432617, -0.0656403809, -0.119905273, -0.213003203, 0.49583818, -0.841793291, 0.614135742, -0.602172852, -0.510009766, -0.75982574, -0.625547809, -0.176114335, 0, 2, 5, 1, 
854.911599, 56, 0.1, 0.1, -0.00839639292, 0.379896468, -0.0199683242, 0.967657489, -1.32541493e-005, 0.252267682, 0.252267682, 6.50776471e-006, -0.967657489, 1.11837781e-005, 1, 9.64088079e-006, 0.96765754, 3.63587716e-006, 0.252267488, 0.252267488, 2.17970762e-005, -0.96765754, -9.01697761e-006, 1, 2.01748915e-005, 0, 0, 0, 0, 0, 0, 0, 0.262913965, -0.100297388, -0.153090869, -0.288066577, 0.755946408, -0.587702097, -0.809082031, 0.135986328, 0.571655273, 0.512061224, 0.640236655, 0.572619573, 0, 0, -0, 0, 0, 0, 0, 0.315432617, -0.0656403809, -0.119905273, -0.213003203, 0.49583818, -0.841793291, 0.614135742, -0.602172852, -0.510009766, -0.75982574, -0.625547809, -0.176114335, 0, 2, 5, 1, 
854.912287, 56, 0.1, 0.1, -0.00839639323, 0.37989647, -0.0199662746, 0.967657196, 1.86794154e-005, 0.252268808, 0.252268807, 2.2623626e-005, -0.967657196, -2.37825059e-005, 1, 1.71796806e-005, 0.96765726, 1.48480746e-005, 0.25226856, 0.25226856, -1.11366538e-006, -0.96765726, -1.40869045e-005, 1, -4.8233488e-006, 0, 0, 0, 0, 0, 0, 0, 0.262913965, -0.100297388, -0.153090869, -0.288066577, 0.755946408, -0.587702097, -0.809082031, 0.135986328, 0.571655273, 0.512061224, 0.640236655, 0.572619573, 0, 0, -0, 0, 0, 0, 0, 0.315432617, -0.0656403809, -0.119905273, -0.213003203, 0.49583818, -0.841793291, 0.614135742, -0.602172852, -0.510009766, -0.75982574, -0.625547809, -0.176114335, 0, 2, 5, 1, 
854.912983, 56, 0.1, 0.1, -0.0083963923, 0.379896468, -0.0199653649, 0.967656841, -1.51956262e-005, 0.252270167, 0.252270166, -2.16291311e-005, -0.967656841, 2.01605362e-005, 1, -1.70961735e-005, 0.967656918, -1.90557922e-005, 0.252269874, 0.252269874, -1.13808604e-005, -0.967656918, 2.13105173e-005, 1, -6.20556605e-006, 0, 0, 0, 0, 0, 0, 0, 0.262913965, -0.100297388, -0.153090869, -0.288066577, 0.755946408, -0.587702097, -0.809082031, 0.135986328, 0.571655273, 0.512061224, 0.640236655, 0.572619573, 0, 0, -0, 0, 0, 0, 0, 0.315432617, -0.0656403809, -0.119905273, -0.213003203, 0.49583818, -0.841793291, 0.614135742, -0.602172852, -0.510009766, -0.75982574, -0.625547809, -0.176114335, 0, 2, 5, 1, 
854.913708, 56, 0.1, 0.1, -0.0083963948, 0.379896465, -0.0199656236, 0.967656415, 4.7638133e-006, 0.252271804, 0.252271804, 2.79797146e-005, -0.967656414, -1.16682276e-005, 1, 2.58729745e-005, 0.967656507, 1.6511815e-005, 0.252271449, 0.252271449, 3.3077681e-005, -0.967656507, -2.43223197e-005, 0.999999999, 2.78423738e-005, 0, 0, 0, 0, 0, 0, 0, 0.263413037, -0.100756201, -0.152807324, -0.291303924, 0.755636003, -0.586540606, -0.808959961, 0.132446289, 0.572631836, 0.510349314, 0.641398146, 0.572929978, 0, 0, -0, 0, 0, 0, 0, 0.315432617, -0.0656403809, -0.119905273, -0.215264624, 0.493646021, -0.842489618, 0.616821289, -0.600097656, -0.509277344, -0.756994857, -0.62921501, -0.175328323, 0, 2, 5, 1, 
854.914398, 56, 0.1, 0.1, -0.00839639383, 0.379896467, -0.0199668238, 0.967655964, 1.46339717e-005, 0.252273532, 0.252273532, -8.33145894e-006, -0.967655964, -1.20588434e-005, 1, -1.17537496e-005, 0.967656055, -2.58962033e-006, 0.252273182, 0.252273182, -2.33415364e-005, -0.967656055, 8.39430548e-006, 1, -2.19332873e-005, 0, 0, 0, 0, 0, 0, 0, 0.263413037, -0.100756201, -0.152807324, -0.291303924, 0.755636003, -0.586540606, -0.808959961, 0.132446289, 0.572631836, 0.510349314, 0.641398146, 0.572929978, 0, 0, -0, 0, 0, 0, 0, 0.315789014, -0.066085791, -0.11948833, -0.215264624, 0.493646021, -0.842489618, 0.616821289, -0.600097656, -0.509277344, -0.756994857, -0.62921501, -0.175328323, 0, 2, 5, 1, 
854.915091, 56, 0.1, 0.1, -0.0083963945, 0.379896466, -0.0199688047, 0.967655473, -1.69043451e-005, 0.252275417, 0.252275416, -1.91070836e-005, -0.967655473, 2.11778295e-005, 1, -1.42245233e-005, 0.967655573, -1.25061754e-005, 0.252275032, 0.252275032, 2.37757799e-006, -0.967655573, 1.15018668e-005, 1, 5.4556724e-006, 0, 0, 0, 0, 0, 0, 0, 0.263413037, -0.100756201, -0.152807324, -0.291303924, 0.755636003, -0.586540606, -0.808959961, 0.132446289, 0.572631836, 0.510349314, 0.641398146, 0.572929978, 0, 0, -0, 0, 0, 0, 0, 0.315789014, -0.066085791, -0.11948833, -0.215264624, 0.493646021, -0.842489618, 0.616821289, -0.600097656, -0.509277344, -0.756994857, -0.62921501, -0.175328323, 0, 2, 5, 1, 
854.915787, 56, 0.1, 0.1, -0.00839639533, 0.379896467, -0.0199709539, 0.967654956, 1.00213355e-005, 0.2522774, 0.2522774, 1.77795876e-005, -0.967654956, -1.41825831e-005, 1, 1.46763496e-005, 0.967655061, 1.34122716e-005, 0.252276996, 0.252276996, 9.0817674e-006, -0.967655061, -1.52695735e-005, 1, 5.4044106e-006, 0, 0, 0, 0, 0, 0, 0, 0.263413037, -0.100756201, -0.152807324, -0.291303924, 0.755636003, -0.586540606, -0.808959961, 0.132446289, 0.572631836, 0.510349314, 0.641398146, 0.572929978, 0, 0, -0, 0, 0, 0, 0, 0.315789014, -0.066085791, -0.11948833, -0.215264624, 0.493646021, -0.842489618, 0.616821289, -0.600097656, -0.509277344, -0.756994857, -0.62921501, -0.175328323, 0, 2, 5, 1, 
854.916493, 56, 0.1, 0.1, -0.00839639339, 0.379896469, -0.0199724858, 0.967654413, -6.89198998e-006, 0.25227948, 0.25227948, -2.32176305e-005, -0.967654413, 1.25263963e-005, 1, -2.0727935e-005, 0.967654519, -1.55607629e-005, 0.252279073, 0.252279073, -2.66914055e-005, -0.967654519, 2.17911255e-005, 1, -2.19024043e-005, 0, 0, 0, 0, 0, 0, 0, 0.263413037, -0.100756201, -0.152807324, -0.291303924, 0.755636003, -0.586540606, -0.808959961, 0.132446289, 0.572631836, 0.510349314, 0.641398146, 0.572929978, 0, 0, -0, 0, 0, 0, 0, 0.3161354, -0.0665145996, -0.119284619, -0.217634687, 0.491696666, -0.843077303, 0.619384766, -0.597900391, -0.508666992, -0.754298136, -0.632856691, -0.174408149, 0, 2, 5, 1, 
854.917187, 56, 0.1, 0.1, -0.00839639413, 0.379896468, -0.0199730281, 0.967653872, -1.42574217e-005, 0.252281558, 0.252281558, 4.42907804e-006, -0.967653872, 1.26788745e-005, 1, 7.88269906e-006, 0.967653979, -4.64041438e-007, 0.252281148, 0.252281148, 1.68707483e-005, -0.967653978, -3.80714021e-006, 1, 1.64421156e-005, 0, 0, 0, 0, 0, 0, 0, 0.263413037, -0.100756201, -0.152807324, -0.291303924, 0.755636003, -0.586540606, -0.808959961, 0.132446289, 0.572631836, 0.510349314, 0.641398146, 0.572929978, 0, 0, -0, 0, 0, 0, 0, 0.3161354, -0.0665145996, -0.119284619, -0.217634687, 0.491696666, -0.843077303, 0.619384766, -0.597900391, -0.508666992, -0.754298136, -0.632856691, -0.174408149, 0, 2, 5, 1, 
854.917877, 56, 0.1, 0.1, -0.008396394, 0.379896469, -0.0199726035, 0.96765332, 1.45951146e-005, 0.252283673, 0.252283672, 1.6240515e-005, -0.96765332, -1.82202279e-005, 1, 1.20330791e-005, 0.967653432, 1.0690284e-005, 0.252283245, 0.252283245, -2.82644555e-006, -0.967653432, -9.63142516e-006, 1, -5.43199928e-006, 0, 0, 0, 0, 0, 0, 0, 0.263413037, -0.100756201, -0.152807324, -0.291303924, 0.755636003, -0.586540606, -0.808959961, 0.132446289, 0.572631836, 0.510349314, 0.641398146, 0.572929978, 0, 0, -0, 0, 0, 0, 0, 0.3161354, -0.0665145996, -0.119284619, -0.217634687, 0.491696666, -0.843077303, 0.619384766, -0.597900391, -0.508666992, -0.754298136, -0.632856691, -0.174408149, 0, 2, 5, 1, 
854.918607, 56, 0.1, 0.1, -0.00839639359, 0.379896469, -0.0199712228, 0.967652736, -8.76899628e-006, 0.252285914, 0.252285914, -2.25844488e-005, -0.967652736, 1.41830816e-005, 1, -1.96416095e-005, 0.967652861, -1.31614046e-005, 0.252285433, 0.252285432, -1.38150223e-005, -0.967652862, 1.62209996e-005, 1, -1.00477152e-005, 0, 0, 0, 0, 0, 0, 0, 0.263922974, -0.101450464, -0.152537329, -0.294319231, 0.755084462, -0.585639346, -0.809204102, 0.12902832, 0.573120117, 0.508478645, 0.642597829, 0.573158009, 0, 0, -0, 0, 0, 0, 0, 0.3161354, -0.0665145996, -0.119284619, -0.217634687, 0.491696666, -0.843077303, 0.619384766, -0.597900391, -0.508666992, -0.754298136, -0.632856691, -0.174408149, 0, 2, 5, 1, 
854.919297, 56, 0.1, 0.1, -0.00839639651, 0.379896467, -0.0199691637, 0.967652155, 7.74467007e-006, 0.252288142, 0.252288142, 2.1947533e-005, -0.967652155, -1.3031249e-005, 1, 1.92836892e-005, 0.967652268, 1.82782192e-005, 0.252287708, 0.252287707, 2.53735681e-005, -0.967652268, -2.40883996e-005, 1, 1.99414207e-005, 0, 0, 0, 0, 0, 0, 0, 0.263922974, -0.101450464, -0.152537329, -0.294319231, 0.755084462, -0.585639346, -0.809204102, 0.12902832, 0.573120117, 0.508478645, 0.642597829, 0.573158009, 0, 0, -0, 0, 0, 0, 0, 0.3161354, -0.0665145996, -0.119284619, -0.217634687, 0.491696666, -0.843077303, 0.619384766, -0.597900391, -0.508666992, -0.754298136, -0.632856691, -0.174408149, 0, 2, 5, 1, 
854.919987, 56, 0.1, 0.1, -0.008396396, 0.379896469, -0.0199675149, 0.967651568, 1.5206088e-005, 0.252290396, 0.252290396, -4.46574102e-006, -0.967651568, -1.35875314e-005, 1, -8.15763126e-006, 0.967651683, -8.88723355e-007, 0.252289953, 0.252289953, -2.05369594e-005, -0.967651683, 6.04124316e-006, 1, -1.96484073e-005, 0, 0, 0, 0, 0, 0, 0, 0.263922974, -0.101450464, -0.152537329, -0.294319231, 0.755084462, -0.585639346, -0.809204102, 0.12902832, 0.573120117, 0.508478645, 0.642597829, 0.573158009, 0, 0, -0, 0, 0, 0, 0, 0.3161354, -0.0665145996, -0.119284619, -0.217634687, 0.491696666, -0.843077303, 0.619384766, -0.597900391, -0.508666992, -0.754298136, -0.632856691, -0.174408149, 0, 2, 5, 1, 
854.920681, 56, 0.1, 0.1, -0.00839639622, 0.379896467, -0.0199666421, 0.967650957, -2.01092298e-005, 0.252292738, 0.252292737, -1.6135771e-005, -0.967650957, 2.35296533e-005, 1, -1.05403817e-005, 0.967651083, -1.55377932e-005, 0.252292253, 0.252292253, 7.23311692e-006, -0.967651083, 1.3210303e-005, 1, 1.09191983e-005, 0, 0, 0, 0, 0, 0, 0, 0.263922974, -0.101450464, -0.152537329, -0.294319231, 0.755084462, -0.585639346, -0.809204102, 0.12902832, 0.573120117, 0.508478645, 0.642597829, 0.573158009, 0, 0, -0, 0, 0, 0, 0, 0.3161354, -0.0665145996, -0.119284619, -0.217634687, 0.491696666, -0.843077303, 0.619384766, -0.597900391, -0.508666992, -0.754298136, -0.632856691, -0.174408149, 0, 2, 5, 1, 
854.921406, 56, 0.1, 0.1, -0.00839639742, 0.379896467, -0.0199664079, 0.967650297, 1.43543631e-005, 0.25229527, 0.252295269, 2.64471024e-005, -0.967650297, -2.05624825e-005, 1, 2.19700086e-005, 0.967650426, 1.81962332e-005, 0.252294775, 0.252294774, 1.7144155e-005, -0.967650426, -2.19329736e-005, 1, 1.19987343e-005, 0, 0, 0, 0, 0, 0, 0, 0.264447925, -0.101950049, -0.152100366, -0.296985941, 0.753924093, -0.585842289, -0.809936523, 0.125976562, 0.572753906, 0.50568762, 0.644635492, 0.573437336, 0, 0, -0, 0, 0, 0, 0, 0.316533057, -0.067172998, -0.118882568, -0.219103899, 0.489427948, -0.844029193, 0.621704102, -0.596679688, -0.507324219, -0.751997702, -0.635795483, -0.173526255, 0, 2, 5, 1, 
854.922105, 56, 0.1, 0.1, -0.00839639579, 0.379896469, -0.0199670237, 0.967649647, -3.8976837e-006, 0.252297761, 0.252297761, -2.50749115e-005, -0.967649647, 1.00979363e-005, 1, -2.32803524e-005, 0.967649776, -1.4557475e-005, 0.252297265, 0.252297265, -2.8386993e-005, -0.967649776, 2.12484981e-005, 0.999999999, -2.37958563e-005, 0, 0, 0, 0, 0, 0, 0, 0.264447925, -0.101950049, -0.152100366, -0.296985941, 0.753924093, -0.585842289, -0.809936523, 0.125976562, 0.572753906, 0.50568762, 0.644635492, 0.573437336, 0, 0, -0, 0, 0, 0, 0, 0.316533057, -0.067172998, -0.118882568, -0.219103899, 0.489427948, -0.844029193, 0.621704102, -0.596679688, -0.507324219, -0.751997702, -0.635795483, -0.173526255, 0, 2, 5, 1, 
854.922807, 56, 0.1, 0.1, -0.00839639757, 0.379896467, -0.0199682947, 0.967648981, -1.28388634e-005, 0.252300315, 0.252300315, 5.9645251e-006, -0.967648981, 1.09186615e-005, 1, 9.01081591e-006, 0.967649112, 4.19962089e-006, 0.252299812, 0.252299812, 2.1120789e-005, -0.967649112, -9.39253052e-006, 1, 1.93779492e-005, 0, 0, 0, 0, 0, 0, 0, 0.264447925, -0.101950049, -0.152100366, -0.296985941, 0.753924093, -0.585842289, -0.809936523, 0.125976562, 0.572753906, 0.50568762, 0.644635492, 0.573437336, 0, 0, -0, 0, 0, 0, 0, 0.316533057, -0.067172998, -0.118882568, -0.219103899, 0.489427948, -0.844029193, 0.621704102, -0.596679688, -0.507324219, -0.751997702, -0.635795483, -0.173526255, 0, 2, 5, 1, 
854.923498, 56, 0.1, 0.1, -0.0083963975, 0.379896469, -0.0199698849, 0.967648317, 1.59135259e-005, 0.252302863, 0.252302863, 1.4975329e-005, -0.967648317, -1.91770149e-005, 1, 1.04758238e-005, 0.967648451, 1.19750027e-005, 0.252302348, 0.252302348, -5.68147152e-006, -0.967648451, -1.01541443e-005, 1, -8.51898843e-006, 0, 0, 0, 0, 0, 0, 0, 0.264447925, -0.101950049, -0.152100366, -0.296985941, 0.753924093, -0.585842289, -0.809936523, 0.125976562, 0.572753906, 0.50568762, 0.644635492, 0.573437336, 0, 0, -0, 0, 0, 0, 0, 0.316533057, -0.067172998, -0.118882568, -0.219103899, 0.489427948, -0.844029193, 0.621704102, -0.596679688, -0.507324219, -0.751997702, -0.635795483, -0.173526255, 0, 2, 5, 1, 
854.924192, 56, 0.1, 0.1, -0.00839639693, 0.379896468, -0.0199713189, 0.967647649, -1.14674309e-005, 0.252305426, 0.252305426, -2.15952254e-005, -0.967647649, 1.65450251e-005, 1, -1.80032741e-005, 0.967647779, -1.47790821e-005, 0.252304926, 0.252304926, -1.34990058e-005, -0.967647779, 1.77068116e-005, 1, -9.33344774e-006, 0, 0, 0, 0, 0, 0, 0, 0.264447925, -0.101950049, -0.152100366, -0.296985941, 0.753924093, -0.585842289, -0.809936523, 0.125976562, 0.572753906, 0.50568762, 0.644635492, 0.573437336, 0, 0, -0, 0, 0, 0, 0, 0.316533057, -0.067172998, -0.118882568, -0.219103899, 0.489427948, -0.844029193, 0.621704102, -0.596679688, -0.507324219, -0.751997702, -0.635795483, -0.173526255, 0, 2, 5, 1, 
854.924885, 56, 0.1, 0.1, -0.00839639889, 0.379896467, -0.0199721977, 0.967646986, 4.02375038e-006, 0.252307968, 0.252307968, 1.98544821e-005, -0.967646986, -8.90301397e-006, 1, 1.81969055e-005, 0.967647117, 1.3384402e-005, 0.252307465, 0.252307464, 2.26572132e-005, -0.967647117, -1.86679621e-005, 1, 1.85472025e-005, 0, 0, 0, 0, 0, 0, 0, 0.264447925, -0.101950049, -0.152100366, -0.296985941, 0.753924093, -0.585842289, -0.809936523, 0.125976562, 0.572753906, 0.50568762, 0.644635492, 0.573437336, 0, 0, -0, 0, 0, 0, 0, 0.316533057, -0.067172998, -0.118882568, -0.219103899, 0.489427948, -0.844029193, 0.621704102, -0.596679688, -0.507324219, -0.751997702, -0.635795483, -0.173526255, 0, 2, 5, 1, 
854.925581, 56, 0.1, 0.1, -0.00839639802, 0.379896468, -0.0199723095, 0.967646326, 1.21172e-005, 0.252310498, 0.252310498, -3.00967144e-006, -0.967646326, -1.09657924e-005, 1, -5.96959428e-006, 0.96764646, -3.0041009e-006, 0.252309984, 0.252309984, -1.71419772e-005, -0.96764646, 7.23199959e-006, 1, -1.58294089e-005, 0, 0, 0, 0, 0, 0, 0, 0.264447925, -0.101950049, -0.152100366, -0.298338392, 0.752807908, -0.58652151, -0.810302734, 0.124755859, 0.572387695, 0.50417154, 0.64617179, 0.573050546, 0, 0, -0, 0, 0, 0, 0, 0.316533057, -0.067172998, -0.118882568, -0.219103899, 0.489427948, -0.844029193, 0.621704102, -0.596679688, -0.507324219, -0.751997702, -0.635795483, -0.173526255, 0, 2, 5, 1, 
854.926301, 56, 0.1, 0.1, -0.00839639856, 0.379896466, -0.0199712881, 0.96764564, -1.50085617e-005, 0.252313129, 0.252313129, -1.22422547e-005, -0.96764564, 1.76118508e-005, 1, -8.05930719e-006, 0.967645772, -1.16775638e-005, 0.252312624, 0.252312624, 8.10237645e-006, -0.967645772, 9.25541335e-006, 1, 1.07866271e-005, 0, 0, 0, 0, 0, 0, 0, 0.264820679, -0.102895386, -0.151466528, -0.298338392, 0.752807908, -0.58652151, -0.810302734, 0.124755859, 0.572387695, 0.50417154, 0.64617179, 0.573050546, 0, 0, -0, 0, 0, 0, 0, 0.316727002, -0.068264209, -0.118480273, -0.219985426, 0.487057152, -0.845166283, 0.622924805, -0.596557617, -0.505981445, -0.750617442, -0.637763061, -0.172050113, 0, 2, 5, 1, 
854.926996, 56, 0.1, 0.1, -0.00839639991, 0.379896466, -0.0199698746, 0.967644979, 1.29356948e-005, 0.252315664, 0.252315664, 2.35636978e-005, -0.967644979, -1.84626501e-005, 1, 1.95374154e-005, 0.96764511, 1.6682617e-005, 0.25231516, 0.25231516, 1.58098199e-005, -0.967645111, -2.013191e-005, 1, 1.10890177e-005, 0, 0, 0, 0, 0, 0, 0, 0.264820679, -0.102895386, -0.151466528, -0.298338392, 0.752807908, -0.58652151, -0.810302734, 0.124755859, 0.572387695, 0.50417154, 0.64617179, 0.573050546, 0, 0, -0, 0, 0, 0, 0, 0.316727002, -0.068264209, -0.118480273, -0.219985426, 0.487057152, -0.845166283, 0.622924805, -0.596557617, -0.505981445, -0.750617442, -0.637763061, -0.172050113, 0, 2, 5, 1, 
854.927687, 56, 0.1, 0.1, -0.00839639837, 0.379896468, -0.0199685197, 0.967644321, -3.50274962e-006, 0.252318189, 0.252318189, -2.47818953e-005, -0.967644321, 9.64233871e-006, 1, -2.30962528e-005, 0.967644451, -1.35726659e-005, 0.25231769, 0.25231769, -2.80853113e-005, -0.967644451, 2.02199358e-005, 1, -2.3751972e-005, 0, 0, 0, 0, 0, 0, 0, 0.264820679, -0.102895386, -0.151466528, -0.298338392, 0.752807908, -0.58652151, -0.810302734, 0.124755859, 0.572387695, 0.50417154, 0.64617179, 0.573050546, 0, 0, -0, 0, 0, 0, 0, 0.316727002, -0.068264209, -0.118480273, -0.219985426, 0.487057152, -0.845166283, 0.622924805, -0.596557617, -0.505981445, -0.750617442, -0.637763061, -0.172050113, 0, 2, 5, 1, 
854.928375, 56, 0.1, 0.1, -0.0083963998, 0.379896466, -0.0199676651, 0.967643659, -1.48365841e-005, 0.252320726, 0.252320726, 2.92456486e-006, -0.967643659, 1.36185982e-005, 1, 6.57351432e-006, 0.967643791, 2.58551172e-006, 0.25232022, 0.252320219, 1.86187156e-005, -0.967643791, -7.19973277e-006, 1, 1.73639077e-005, 0, 0, 0, 0, 0, 0, 0, 0.264820679, -0.102895386, -0.151466528, -0.298338392, 0.752807908, -0.58652151, -0.810302734, 0.124755859, 0.572387695, 0.50417154, 0.64617179, 0.573050546, 0, 0, -0, 0, 0, 0, 0, 0.316727002, -0.068264209, -0.118480273, -0.219985426, 0.487057152, -0.845166283, 0.622924805, -0.596557617, -0.505981445, -0.750617442, -0.637763061, -0.172050113, 0, 2, 5, 1, 
854.929066, 56, 0.1, 0.1, -0.00839639941, 0.379896468, -0.0199674997, 0.967642984, 1.47755588e-005, 0.252323313, 0.252323313, 1.56038663e-005, -0.967642985, -1.8234685e-005, 1, 1.13707538e-005, 0.967643119, 1.10798172e-005, 0.252322797, 0.252322797, -7.21752574e-006, -0.967643119, -8.90016258e-006, 1, -9.77967958e-006, 0, 0, 0, 0, 0, 0, 0, 0.264820679, -0.102895386, -0.151466528, -0.298338392, 0.752807908, -0.58652151, -0.810302734, 0.124755859, 0.572387695, 0.50417154, 0.64617179, 0.573050546, 0, 0, -0, 0, 0, 0, 0, 0.316727002, -0.068264209, -0.118480273, -0.219985426, 0.487057152, -0.845166283, 0.622924805, -0.596557617, -0.505981445, -0.750617442, -0.637763061, -0.172050113, 0, 2, 5, 1, 
854.929758, 56, 0.1, 0.1, -0.00839639804, 0.379896467, -0.0199680259, 0.967642304, -1.64769144e-005, 0.252325924, 0.252325924, -2.19964246e-005, -0.967642304, 2.14940276e-005, 1, -1.71271183e-005, 0.967642439, -2.01355785e-005, 0.252325404, 0.252325404, -1.34642952e-005, -0.967642439, 2.2881424e-005, 1, -7.94790547e-006, 0, 0, 0, 0, 0, 0, 0, 0.264820679, -0.102895386, -0.151466528, -0.298338392, 0.752807908, -0.58652151, -0.810302734, 0.124755859, 0.572387695, 0.50417154, 0.64617179, 0.573050546, 0, 0, -0, 0, 0, 0, 0, 0.316727002, -0.068264209, -0.118480273, -0.219985426, 0.487057152, -0.845166283, 0.622924805, -0.596557617, -0.505981445, -0.750617442, -0.637763061, -0.172050113, 0, 2, 5, 1, 
854.930459, 56, 0.1, 0.1, -0.00839639976, 0.379896465, -0.0199690508, 0.96764161, 3.30717907e-006, 0.252328584, 0.252328584, 2.41862408e-005, -0.96764161, -9.30304396e-006, 1, 2.25691172e-005, 0.967641759, 1.3370373e-005, 0.252328013, 0.252328013, 2.77445915e-005, -0.967641759, -1.99384689e-005, 1, 2.34731057e-005, 0, 0, 0, 0, 0, 0, 0, 0.264820679, -0.102895386, -0.151466528, -0.300071641, 0.751609347, -0.587359491, -0.810668945, 0.123413086, 0.572143555, 0.502592181, 0.647968319, 0.572441717, 0, 0, -0, 0, 0, 0, 0, 0.316727002, -0.068264209, -0.118480273, -0.219985426, 0.487057152, -0.845166283, 0.622924805, -0.596557617, -0.505981445, -0.750617442, -0.637763061, -0.172050113, 0, 2, 5, 1, 
854.931164, 56, 0.1, 0.1, -0.00839639882, 0.379896467, -0.0199699758, 0.967640912, 1.39766953e-005, 0.252331263, 0.252331263, -5.89951059e-006, -0.967640912, -1.20357912e-005, 1, -9.23536498e-006, 0.967641046, -1.92416568e-006, 0.252330749, 0.252330748, -2.03044068e-005, -0.967641046, 6.98532787e-006, 1, -1.91618513e-005, 0, 0, 0, 0, 0, 0, 0, 0.264950537, -0.103844141, -0.150841479, -0.300071641, 0.751609347, -0.587359491, -0.810668945, 0.123413086, 0.572143555, 0.502592181, 0.647968319, 0.572441717, 0, 0, -0, 0, 0, 0, 0, 0.316960742, -0.0693703125, -0.117886475, -0.220247186, 0.484430793, -0.846616539, 0.624511719, -0.596557617, -0.50378418, -0.749294784, -0.639634758, -0.171097857, 0, 2, 5, 1, 
854.931854, 56, 0.1, 0.1, -0.00839639958, 0.379896465, -0.019970762, 0.967640224, -1.41895338e-005, 0.252333899, 0.252333899, -1.4269207e-005, -0.967640224, 1.73309683e-005, 1, -1.02269582e-005, 0.967640361, -1.0426451e-005, 0.252333375, 0.252333375, 5.41484885e-006, -0.967640361, 8.7227077e-006, 1, 7.87056785e-006, 0, 0, 0, 0, 0, 0, 0, 0.264950537, -0.103844141, -0.150841479, -0.300071641, 0.751609347, -0.587359491, -0.810668945, 0.123413086, 0.572143555, 0.502592181, 0.647968319, 0.572441717, 0, 0, -0, 0, 0, 0, 0, 0.316960742, -0.0693703125, -0.117886475, -0.220247186, 0.484430793, -0.846616539, 0.624511719, -0.596557617, -0.50378418, -0.749294784, -0.639634758, -0.171097857, 0, 2, 5, 1, 
854.932547, 56, 0.1, 0.1, -0.00839640082, 0.379896466, -0.0199712139, 0.967639541, 1.20948047e-005, 0.252336518, 0.252336518, 2.28504546e-005, -0.967639541, -1.74694155e-005, 1, 1.90590425e-005, 0.967639678, 1.56990112e-005, 0.252335993, 0.252335993, 1.4492044e-005, -0.967639678, -1.88478505e-005, 1, 1.00616512e-005, 0, 0, 0, 0, 0, 0, 0, 0.264950537, -0.103844141, -0.150841479, -0.300071641, 0.751609347, -0.587359491, -0.810668945, 0.123413086, 0.572143555, 0.502592181, 0.647968319, 0.572441717, 0, 0, -0, 0, 0, 0, 0, 0.316960742, -0.0693703125, -0.117886475, -0.220247186, 0.484430793, -0.846616539, 0.624511719, -0.596557617, -0.50378418, -0.749294784, -0.639634758, -0.171097857, 0, 2, 5, 1, 
854.933263, 56, 0.1, 0.1, -0.00839639906, 0.379896467, -0.0199710334, 0.96763884, -4.99082204e-006, 0.252339207, 0.252339207, -2.06866201e-005, -0.96763884, 1.00493586e-005, 1, -1.8757797e-005, 0.967638973, -1.41578122e-005, 0.252338697, 0.252338697, -2.42155522e-005, -0.967638973, 1.98101718e-005, 1, -1.98593482e-005, 0, 0, 0, 0, 0, 0, 0, 0.265320483, -0.10478606, -0.150200806, -0.301531555, 0.750575536, -0.587873961, -0.810546875, 0.122680664, 0.572509766, 0.501958265, 0.649244385, 0.571534466, 0, 0, -0, 0, 0, 0, 0, 0.316901416, -0.0704131836, -0.117450977, -0.221454639, 0.482615966, -0.847268023, 0.62512207, -0.596557617, -0.503173828, -0.748317008, -0.641052931, -0.169570675, 0, 2, 5, 1, 
854.933969, 56, 0.1, 0.1, -0.00839640012, 0.379896465, -0.0199702305, 0.967638151, -1.48975645e-005, 0.25234185, 0.25234185, 6.3852688e-006, -0.967638151, 1.28041813e-005, 1, 9.93790869e-006, 0.967638283, 5.59565446e-007, 0.252341343, 0.252341343, 2.10853017e-005, -0.967638283, -5.8621503e-006, 1, 2.02617436e-005, 0, 0, 0, 0, 0, 0, 0, 0.265320483, -0.10478606, -0.150200806, -0.301531555, 0.750575536, -0.587873961, -0.810546875, 0.122680664, 0.572509766, 0.501958265, 0.649244385, 0.571534466, 0, 0, -0, 0, 0, 0, 0, 0.316901416, -0.0704131836, -0.117450977, -0.221454639, 0.482615966, -0.847268023, 0.62512207, -0.596557617, -0.503173828, -0.748317008, -0.641052931, -0.169570675, 0, 2, 5, 1, 
854.934662, 56, 0.1, 0.1, -0.00839639999, 0.379896466, -0.0199693163, 0.96763747, 1.64789248e-005, 0.252344458, 0.252344458, 1.62252205e-005, -0.967637471, -2.00399696e-005, 1, 1.1541766e-005, 0.967637609, 1.2250273e-005, 0.252343928, 0.252343928, -4.77465475e-006, -0.967637609, -1.06489698e-005, 1, -7.71141752e-006, 0, 0, 0, 0, 0, 0, 0, 0.265320483, -0.10478606, -0.150200806, -0.301531555, 0.750575536, -0.587873961, -0.810546875, 0.122680664, 0.572509766, 0.501958265, 0.649244385, 0.571534466, 0, 0, -0, 0, 0, 0, 0, 0.316901416, -0.0704131836, -0.117450977, -0.221454639, 0.482615966, -0.847268023, 0.62512207, -0.596557617, -0.503173828, -0.748317008, -0.641052931, -0.169570675, 0, 2, 5, 1, 
854.935349, 56, 0.1, 0.1, -0.00839639947, 0.379896466, -0.0199686464, 0.967636796, -1.06160853e-005, 0.252347044, 0.252347044, -2.52663028e-005, -0.967636796, 1.66483916e-005, 1, -2.17696666e-005, 0.967636932, -1.47154458e-005, 0.252346523, 0.252346522, -1.61428666e-005, -0.967636932, 1.83128051e-005, 1, -1.19070424e-005, 0, 0, 0, 0, 0, 0, 0, 0.265320483, -0.10478606, -0.150200806, -0.301531555, 0.750575536, -0.587873961, -0.810546875, 0.122680664, 0.572509766, 0.501958265, 0.649244385, 0.571534466, 0, 0, -0, 0, 0, 0, 0, 0.316901416, -0.0704131836, -0.117450977, -0.221454639, 0.482615966, -0.847268023, 0.62512207, -0.596557617, -0.503173828, -0.748317008, -0.641052931, -0.169570675, 0, 2, 5, 1, 
854.936043, 56, 0.1, 0.1, -0.00839640214, 0.379896465, -0.0199683458, 0.967636113, 7.00165603e-006, 0.252349664, 0.252349664, 2.07305778e-005, -0.967636113, -1.20064096e-005, 1, 1.82927902e-005, 0.967636248, 1.77017008e-005, 0.252349145, 0.252349145, 2.41640032e-005, -0.967636248, -2.32265729e-005, 1, 1.89149564e-005, 0, 0, 0, 0, 0, 0, 0, 0.265320483, -0.10478606, -0.150200806, -0.301531555, 0.750575536, -0.587873961, -0.810546875, 0.122680664, 0.572509766, 0.501958265, 0.649244385, 0.571534466, 0, 0, -0, 0, 0, 0, 0, 0.316901416, -0.0704131836, -0.117450977, -0.221454639, 0.482615966, -0.847268023, 0.62512207, -0.596557617, -0.503173828, -0.748317008, -0.641052931, -0.169570675, 0, 2, 5, 1, 
854.936733, 56, 0.1, 0.1, -0.00839640141, 0.379896467, -0.0199685051, 0.96763543, 1.40017652e-005, 0.252352282, 0.252352283, -6.2040011e-006, -0.96763543, -1.19830103e-005, 1, -9.53658868e-006, 0.967635563, -1.71117946e-006, 0.252351772, 0.252351772, -2.171612e-005, -0.967635563, 7.13589947e-006, 1, -2.05814708e-005, 0, 0, 0, 0, 0, 0, 0, 0.265320483, -0.10478606, -0.150200806, -0.301531555, 0.750575536, -0.587873961, -0.810546875, 0.122680664, 0.572509766, 0.501958265, 0.649244385, 0.571534466, 0, 0, -0, 0, 0, 0, 0, 0.316901416, -0.0704131836, -0.117450977, -0.221454639, 0.482615966, -0.847268023, 0.62512207, -0.596557617, -0.503173828, -0.748317008, -0.641052931, -0.169570675, 0, 2, 5, 1, 
854.937424, 56, 0.1, 0.1, -0.00839640169, 0.379896465, -0.0199690255, 0.967634741, -1.79325019e-005, 0.252354923, 0.252354923, -1.43040642e-005, -0.967634741, 2.09618129e-005, 1, -9.31575434e-006, 0.967634879, -1.38294392e-005, 0.252354396, 0.252354396, 6.62317395e-006, -0.967634879, 1.17104606e-005, 1, 9.89873389e-006, 0, 0, 0, 0, 0, 0, 0, 0.265320483, -0.10478606, -0.150200806, -0.301531555, 0.750575536, -0.587873961, -0.810546875, 0.122680664, 0.572509766, 0.501958265, 0.649244385, 0.571534466, 0, 0, -0, 0, 0, 0, 0, 0.316901416, -0.0704131836, -0.117450977, -0.221454639, 0.482615966, -0.847268023, 0.62512207, -0.596557617, -0.503173828, -0.748317008, -0.641052931, -0.169570675, 0, 2, 5, 1, 
854.938147, 56, 0.1, 0.1, -0.00839640273, 0.379896465, -0.0199696333, 0.967634018, 1.21078223e-005, 0.252357695, 0.252357695, 2.60477634e-005, -0.967634018, -1.82892943e-005, 1, 2.21491999e-005, 0.967634171, 1.56864857e-005, 0.252357109, 0.252357109, 1.68631701e-005, -0.967634171, -1.94343205e-005, 1, 1.23587834e-005, 0, 0, 0, 0, 0, 0, 0, 0.265642334, -0.105954639, -0.149986963, -0.303911824, 0.749459351, -0.588007633, -0.810302734, 0.12121582, 0.573242188, 0.500975751, 0.650780683, 0.570690494, 0, 0, -0, 0, 0, 0, 0, 0.316901416, -0.0704131836, -0.117450977, -0.223856785, 0.48044313, -0.847957787, 0.626586914, -0.595458984, -0.502807617, -0.746482858, -0.643736159, -0.167679289, 0, 2, 5, 1, 
854.93885, 56, 0.1, 0.1, -0.00839640129, 0.379896466, -0.0199699562, 0.96763332, -2.42604254e-006, 0.252360373, 0.252360373, -2.03149537e-005, -0.96763332, 7.47420889e-006, 1, -1.90451891e-005, 0.967633463, -1.26940022e-005, 0.252359826, 0.252359826, -2.34605275e-005, -0.967633463, 1.82036359e-005, 1, -1.94977353e-005, 0, 0, 0, 0, 0, 0, 0, 0.265642334, -0.105954639, -0.149986963, -0.303911824, 0.749459351, -0.588007633, -0.810302734, 0.12121582, 0.573242188, 0.500975751, 0.650780683, 0.570690494, 0, 0, -0, 0, 0, 0, 0, 0.317450781, -0.0712831055, -0.117233594, -0.223856785, 0.48044313, -0.847957787, 0.626586914, -0.595458984, -0.502807617, -0.746482858, -0.643736159, -0.167679289, 0, 2, 5, 1, 
854.939548, 56, 0.1, 0.1, -0.00839640303, 0.379896464, -0.0199700564, 0.967632622, -1.20018379e-005, 0.252363048, 0.252363048, 4.86278767e-006, -0.967632622, 1.0386182e-005, 1, 7.73421238e-006, 0.967632761, 4.47800743e-006, 0.252362515, 0.252362515, 2.00397641e-005, -0.967632761, -9.39035195e-006, 1, 1.8261051e-005, 0, 0, 0, 0, 0, 0, 0, 0.265642334, -0.105954639, -0.149986963, -0.303911824, 0.749459351, -0.588007633, -0.810302734, 0.12121582, 0.573242188, 0.500975751, 0.650780683, 0.570690494, 0, 0, -0, 0, 0, 0, 0, 0.317450781, -0.0712831055, -0.117233594, -0.223856785, 0.48044313, -0.847957787, 0.626586914, -0.595458984, -0.502807617, -0.746482858, -0.643736159, -0.167679289, 0, 2, 5, 1, 
854.940238, 56, 0.1, 0.1, -0.00839640292, 0.379896466, -0.0199700528, 0.967631934, 1.45134598e-005, 0.252365687, 0.252365687, 1.43694135e-005, -0.967631934, -1.76700341e-005, 1, 1.02416041e-005, 0.967632072, 1.13677801e-005, 0.252365159, 0.252365159, -6.12616966e-006, -0.967632072, -9.45379681e-006, 1, -8.79670987e-006, 0, 0, 0, 0, 0, 0, 0, 0.265642334, -0.105954639, -0.149986963, -0.303911824, 0.749459351, -0.588007633, -0.810302734, 0.12121582, 0.573242188, 0.500975751, 0.650780683, 0.570690494, 0, 0, -0, 0, 0, 0, 0, 0.317450781, -0.0712831055, -0.117233594, -0.223856785, 0.48044313, -0.847957787, 0.626586914, -0.595458984, -0.502807617, -0.746482858, -0.643736159, -0.167679289, 0, 2, 5, 1, 
854.940935, 56, 0.1, 0.1, -0.00839640152, 0.379896466, -0.0199699337, 0.967631242, -1.63522187e-005, 0.252368341, 0.252368341, -2.44632424e-005, -0.967631242, 2.19966655e-005, 1, -1.95446153e-005, 0.967631378, -1.97151867e-005, 0.252367819, 0.252367819, -1.60928364e-005, -0.967631378, 2.31383473e-005, 1, -1.05964548e-005, 0, 0, 0, 0, 0, 0, 0, 0.265642334, -0.105954639, -0.149986963, -0.303911824, 0.749459351, -0.588007633, -0.810302734, 0.12121582, 0.573242188, 0.500975751, 0.650780683, 0.570690494, 0, 0, -0, 0, 0, 0, 0, 0.317450781, -0.0712831055, -0.117233594, -0.223856785, 0.48044313, -0.847957787, 0.626586914, -0.595458984, -0.502807617, -0.746482858, -0.643736159, -0.167679289, 0, 2, 5, 1, 
854.941628, 56, 0.1, 0.1, -0.00839640296, 0.379896465, -0.0199697768, 0.967630556, 2.37039005e-006, 0.252370972, 0.252370972, 1.94545824e-005, -0.967630556, -7.20343372e-006, 1, 1.82266308e-005, 0.967630693, 1.15782272e-005, 0.252370445, 0.252370444, 2.28300882e-005, -0.967630693, -1.69650875e-005, 1, 1.91690918e-005, 0, 0, 0, 0, 0, 0, 0, 0.265642334, -0.105954639, -0.149986963, -0.303911824, 0.749459351, -0.588007633, -0.810302734, 0.12121582, 0.573242188, 0.500975751, 0.650780683, 0.570690494, 0, 0, -0, 0, 0, 0, 0, 0.317450781, -0.0712831055, -0.117233594, -0.223856785, 0.48044313, -0.847957787, 0.626586914, -0.595458984, -0.502807617, -0.746482858, -0.643736159, -0.167679289, 0, 2, 5, 1, 
854.942317, 56, 0.1, 0.1, -0.00839640205, 0.379896467, -0.0199696235, 0.967629876, 1.45305339e-005, 0.252373577, 0.252373577, -6.17684695e-006, -0.967629876, -1.25013057e-005, 1, -9.64402445e-006, 0.967630009, -1.62919748e-006, 0.252373068, 0.252373068, -2.1226713e-005, -0.967630009, 6.93351105e-006, 1, -2.01284389e-005, 0, 0, 0, 0, 0, 0, 0, 0.265642334, -0.105954639, -0.149986963, -0.303911824, 0.749459351, -0.588007633, -0.810302734, 0.12121582, 0.573242188, 0.500975751, 0.650780683, 0.570690494, 0, 0, -0, 0, 0, 0, 0, 0.317450781, -0.0712831055, -0.117233594, -0.223856785, 0.48044313, -0.847957787, 0.626586914, -0.595458984, -0.502807617, -0.746482858, -0.643736159, -0.167679289, 0, 2, 5, 1, 
854.94302, 56, 0.1, 0.1, -0.0083964027, 0.379896465, -0.0199695004, 0.967629178, -1.56260069e-005, 0.252376254, 0.252376254, -1.53022146e-005, -0.967629178, 1.89820958e-005, 1, -1.08632362e-005, 0.967629317, -1.18287665e-005, 0.252375721, 0.252375721, 5.24598481e-006, -0.967629317, 1.0121902e-005, 1, 8.06146218e-006, 0, 0, 0, 0, 0, 0, 0, 0.26575376, -0.106870068, -0.149739917, -0.306076046, 0.74897109, -0.587500276, -0.809692383, 0.119628906, 0.574462891, 0.500576979, 0.651599568, 0.569992177, 0, 0, -0, 0, 0, 0, 0, 0.317450781, -0.0712831055, -0.117233594, -0.223856785, 0.48044313, -0.847957787, 0.626586914, -0.595458984, -0.502807617, -0.746482858, -0.643736159, -0.167679289, 0, 2, 5, 1, 
854.943726, 56, 0.1, 0.1, -0.00839640409, 0.379896465, -0.0199692507, 0.967628479, 1.37271103e-005, 0.252378936, 0.252378935, 2.69767543e-005, -0.967628478, -2.00911074e-005, 1, 2.26390423e-005, 0.967628615, 1.75223737e-005, 0.252378413, 0.252378413, 1.80013261e-005, -0.967628615, -2.14982963e-005, 1, 1.29963294e-005, 0, 0, 0, 0, 0, 0, 0, 0.26575376, -0.106870068, -0.149739917, -0.306076046, 0.74897109, -0.587500276, -0.809692383, 0.119628906, 0.574462891, 0.500576979, 0.651599568, 0.569992177, 0, 0, -0, 0, 0, 0, 0, 0.317741992, -0.072126416, -0.117204541, -0.226731777, 0.47862174, -0.848174704, 0.627563477, -0.594116211, -0.503051758, -0.744821148, -0.646259707, -0.165615462, 0, 2, 5, 1, 
