time, trialNum, realDorsalTactorPos, realVentralTactorPos, boxPosX, boxPosY, boxPosZ, boxLocalRot_11, boxLocalRot_12, boxLocalRot_13, boxLocalRot_21, boxLocalRot_22, boxLocalRot_23, boxLocalRot_31, boxLocalRot_32, boxLocalRot_33, boxGlobalRot_11, boxGlobalRot_12, boxGlobalRot_13, boxGlobalRot_21, boxGlobalRot_22, boxGlobalRot_23, boxGlobalRot_31, boxGlobalRot_32, boxGlobalRot_33, indexForceX, indexForceY, indexForceZ, indexForceGlobalX, indexForceGlobalY, indexForceGlobalZ, indexContact, indexPosX, indexPosY, indexPosZ, indexRot_11, indexRot_12, indexRot_13, indexRot_21, indexRot_22, indexRot_23, indexRot_31, indexRot_32, indexRot_33, thumbForceX, thumbForceY, thumbForceZ, thumbForceGlobalX, thumbForceGlobalY, thumbForceGlobalZ, thumbContact, thumbPosX, thumbPosY, thumbPosZ, thumbRot_11, thumbRot_12, thumbRot_13, thumbRot_21, thumbRot_22, thumbRot_23, thumbRot_31, thumbRot_32, thumbRot_33, manipForceTooHigh, cceExpType, mapping, trialSuccess, 
695.733531, 57, 0.1, 0.1, 0.00956617445, 0.356063875, -0.0199768132, 0.989060123, 1.21707088e-005, -0.147512957, 0.147512957, 3.85244862e-006, 0.989060123, 1.26058488e-005, -1, 2.01496606e-006, 0.989060109, -8.23291072e-006, -0.147513056, 0.147513056, -1.22076091e-005, 0.989060109, -9.94362529e-006, -1, -1.08595974e-005, 0, 0, 0, 0, 0, 0, 0, 0.324922437, -0.140180884, -0.204501221, -0.229077111, 0.427725804, -0.874304939, -0.943847656, 0.121704102, 0.306884766, 0.237613511, 0.895654016, 0.376019996, 0, -0, 0, 0, 0, 0, 0, 0.374589746, -0.0782554199, -0.170854883, 0.0497093143, 0.381873172, -0.922853233, -0.340209961, -0.862182617, -0.37512207, -0.938912265, 0.332632365, 0.0871182816, 0, 2, 5, 1, 
695.740572, 57, 0.1, 0.1, 0.00956619032, 0.356063904, -0.0199760987, 0.989060022, 8.73893799e-007, -0.147513636, 0.147513636, 4.36299871e-006, 0.989060022, 1.50793522e-006, -1, 4.18635635e-006, 0.989060035, -1.55605879e-005, -0.147513547, 0.147513547, 7.32481648e-007, 0.989060035, -1.52823047e-005, -1, 3.01986584e-006, 0, 0, 0, 0, 0, 0, 0, 0.331319922, -0.148354346, -0.20416897, -0.251442356, 0.420310155, -0.871876738, -0.942138672, 0.099609375, 0.319824219, 0.221257516, 0.901895808, 0.371062505, 0, -0, 0, 0, 0, 0, 0, 0.379888086, -0.085512207, -0.169613037, 0.0313638134, 0.389318747, -0.920506857, -0.317138672, -0.869384766, -0.378540039, -0.947714047, 0.303833934, 0.0963251135, 0, 2, 5, 1, 
695.741262, 57, 0.1, 0.1, 0.00956619097, 0.356063906, -0.0199663381, 0.989059971, 8.16031761e-006, -0.147513981, 0.147513981, 1.91760699e-006, 0.989059971, 8.35391734e-006, -1, 6.92867374e-007, 0.98905998, -3.14759183e-006, -0.147513915, 0.147513915, 1.01777931e-005, 0.98905998, -1.61179101e-006, -1, 1.05307614e-005, 0, 0, 0, 0, 0, 0, 0, 0.331319922, -0.148354346, -0.20416897, -0.251442356, 0.420310155, -0.871876738, -0.942138672, 0.099609375, 0.319824219, 0.221257516, 0.901895808, 0.371062505, 0, -0, 0, 0, 0, 0, 0, 0.379888086, -0.085512207, -0.169613037, 0.0313638134, 0.389318747, -0.920506857, -0.317138672, -0.869384766, -0.378540039, -0.947714047, 0.303833934, 0.0963251135, 0, 2, 5, 1, 
695.741956, 57, 0.1, 0.1, 0.00956619122, 0.356063906, -0.0199584806, 0.989059949, 2.46874575e-007, -0.147514126, 0.147514126, 2.46657938e-005, 0.989059949, 3.88272676e-006, -1, 2.43595313e-005, 0.989059955, 6.16838024e-006, -0.147514086, 0.147514086, -4.22373826e-006, 0.989059955, 5.47783699e-006, -1, -5.08745335e-006, 0, 0, 0, 0, 0, 0, 0, 0.331319922, -0.148354346, -0.20416897, -0.251442356, 0.420310155, -0.871876738, -0.942138672, 0.099609375, 0.319824219, 0.221257516, 0.901895808, 0.371062505, 0, -0, 0, 0, 0, 0, 0, 0.379888086, -0.085512207, -0.169613037, 0.0313638134, 0.389318747, -0.920506857, -0.317138672, -0.869384766, -0.378540039, -0.947714047, 0.303833934, 0.0963251135, 0, 2, 5, 1, 
695.74265, 57, 0.1, 0.1, 0.00956618911, 0.356063911, -0.019954552, 0.989059911, -1.24619644e-005, -0.147514382, 0.147514382, -1.71914878e-005, 0.989059911, -1.48616211e-005, -1, -1.51650925e-005, 0.989059913, 4.52634381e-007, -0.14751437, 0.14751437, -2.500482e-006, 0.989059913, 7.8825496e-008, -1, -2.53989658e-006, 0, 0, 0, 0, 0, 0, 0, 0.331319922, -0.148354346, -0.20416897, -0.251442356, 0.420310155, -0.871876738, -0.942138672, 0.099609375, 0.319824219, 0.221257516, 0.901895808, 0.371062505, 0, -0, 0, 0, 0, 0, 0, 0.379888086, -0.085512207, -0.169613037, 0.0313638134, 0.389318747, -0.920506857, -0.317138672, -0.869384766, -0.378540039, -0.947714047, 0.303833934, 0.0963251135, 0, 2, 5, 1, 
695.743339, 57, 0.1, 0.1, 0.00956619203, 0.356063912, -0.0199553597, 0.989059923, 3.40346004e-005, -0.147514295, 0.147514295, -1.85380941e-006, 0.989059924, 3.33887959e-005, -0.999999999, -6.85411868e-006, 0.989059917, 3.73054874e-005, -0.147514337, 0.147514337, -2.90856664e-006, 0.989059917, 3.6468307e-005, -0.999999999, -8.37984093e-006, 0, 0, 0, 0, 0, 0, 0, 0.331319922, -0.148354346, -0.20416897, -0.251442356, 0.420310155, -0.871876738, -0.942138672, 0.099609375, 0.319824219, 0.221257516, 0.901895808, 0.371062505, 0, -0, 0, 0, 0, 0, 0, 0.379888086, -0.085512207, -0.169613037, 0.0313638134, 0.389318747, -0.920506857, -0.317138672, -0.869384766, -0.378540039, -0.947714047, 0.303833934, 0.0963251135, 0, 2, 5, 1, 
695.744029, 57, 0.1, 0.1, 0.00956618876, 0.356063914, -0.0199603745, 0.989059928, -2.08425319e-005, -0.147514267, 0.147514267, 8.10288134e-006, 0.989059928, -1.94192225e-005, -1, 1.1088806e-005, 0.989059929, -2.97349721e-005, -0.147514259, 0.147514259, -6.11270982e-006, 0.989059929, -3.03113813e-005, -1, -1.65950397e-006, 0, 0, 0, 0, 0, 0, 0, 0.331319922, -0.148354346, -0.20416897, -0.251442356, 0.420310155, -0.871876738, -0.942138672, 0.099609375, 0.319824219, 0.221257516, 0.901895808, 0.371062505, 0, -0, 0, 0, 0, 0, 0, 0.379888086, -0.085512207, -0.169613037, 0.0313638134, 0.389318747, -0.920506857, -0.317138672, -0.869384766, -0.378540039, -0.947714047, 0.303833934, 0.0963251135, 0, 2, 5, 1, 
695.744736, 57, 0.1, 0.1, 0.00956618939, 0.356063913, -0.0199678248, 0.989059969, -1.51431207e-005, -0.147513994, 0.147513993, -3.10261257e-005, 0.989059968, -1.95542422e-005, -0.999999999, -2.84528767e-005, 0.989059955, 5.05097373e-006, -0.147514083, 0.147514083, -2.95881027e-005, 0.989059955, 6.31054026e-007, -1, -3.00094973e-005, 0, 0, 0, 0, 0, 0, 0, 0.33347749, -0.148830127, -0.203871997, -0.256795993, 0.419657143, -0.870524287, -0.942626953, 0.08984375, 0.321411133, 0.21320683, 0.903235155, 0.372578585, 0, -0, 0, 0, 0, 0, 0, 0.379888086, -0.085512207, -0.169613037, 0.027274072, 0.392588561, -0.919260758, -0.308227539, -0.871459961, -0.381347656, -0.950844236, 0.293744475, 0.0973152827, 0, 2, 5, 1, 
695.745443, 57, 0.1, 0.1, 0.00956618626, 0.356063916, -0.0199748595, 0.989060075, 1.71227988e-005, -0.14751328, 0.14751328, 1.18831338e-005, 0.989060075, 1.86883967e-005, -1, 9.22729303e-006, 0.98906005, -7.75121281e-006, -0.147513452, 0.147513452, 1.46198854e-005, 0.989060049, -5.50978517e-006, -1, 1.56033527e-005, 0, 0, 0, 0, 0, 0, 0, 0.33347749, -0.148830127, -0.203871997, -0.256795993, 0.419657143, -0.870524287, -0.942626953, 0.08984375, 0.321411133, 0.21320683, 0.903235155, 0.372578585, 0, -0, 0, 0, 0, 0, 0, 0.38156084, -0.085954541, -0.169063281, 0.027274072, 0.392588561, -0.919260758, -0.308227539, -0.871459961, -0.381347656, -0.950844236, 0.293744475, 0.0973152827, 0, 2, 5, 1, 
695.746136, 57, 0.1, 0.1, 0.00956619276, 0.356063918, -0.0199797716, 0.989060213, 1.62302818e-005, -0.147512353, 0.147512353, 1.29715897e-005, 0.989060213, 1.79661957e-005, -1, 1.04355162e-005, 0.989060186, 3.22478827e-005, -0.14751253, 0.14751253, 2.58300881e-006, 0.989060187, 3.22761231e-005, -0.999999999, -2.20221561e-006, 0, 0, 0, 0, 0, 0, 0, 0.33347749, -0.148830127, -0.203871997, -0.256795993, 0.419657143, -0.870524287, -0.942626953, 0.08984375, 0.321411133, 0.21320683, 0.903235155, 0.372578585, 0, -0, 0, 0, 0, 0, 0, 0.38156084, -0.085954541, -0.169063281, 0.027274072, 0.392588561, -0.919260758, -0.308227539, -0.871459961, -0.381347656, -0.950844236, 0.293744475, 0.0973152827, 0, 2, 5, 1, 
695.746858, 57, 0.1, 0.1, 0.00956618863, 0.356063921, -0.0199812395, 0.989060303, -1.87948676e-005, -0.147511749, 0.147511748, -7.97554555e-006, 0.989060304, -1.97657442e-005, -1, -5.11583172e-006, 0.989060291, -2.54230796e-005, -0.147511834, 0.147511834, -3.93315411e-006, 0.989060291, -2.57251453e-005, -1, -1.39921453e-007, 0, 0, 0, 0, 0, 0, 0, 0.33347749, -0.148830127, -0.203871997, -0.256795993, 0.419657143, -0.870524287, -0.942626953, 0.08984375, 0.321411133, 0.21320683, 0.903235155, 0.372578585, 0, -0, 0, 0, 0, 0, 0, 0.38156084, -0.085954541, -0.169063281, 0.027274072, 0.392588561, -0.919260758, -0.308227539, -0.871459961, -0.381347656, -0.950844236, 0.293744475, 0.0973152827, 0, 2, 5, 1, 
695.747635, 57, 0.1, 0.1, 0.00956619183, 0.356063923, -0.0199782845, 0.989060365, 2.12657308e-005, -0.147511338, 0.147511338, -4.16496696e-007, 0.989060365, 2.09716534e-005, -1, -3.54887678e-006, 0.989060351, 2.57705596e-005, -0.147511425, 0.147511425, -1.14262858e-006, 0.989060352, 2.53200879e-005, -1, -4.9315806e-006, 0, 0, 0, 0, 0, 0, 0, 0.33347749, -0.148830127, -0.203871997, -0.256795993, 0.419657143, -0.870524287, -0.942626953, 0.08984375, 0.321411133, 0.21320683, 0.903235155, 0.372578585, 0, -0, 0, 0, 0, 0, 0, 0.383175488, -0.0862336914, -0.168516699, 0.0223345193, 0.395206524, -0.91817434, -0.298583984, -0.873779297, -0.383422852, -0.954063743, 0.282850047, 0.0986568969, 0, 2, 5, 1, 
695.748343, 57, 0.1, 0.1, 0.0095661897, 0.356063925, -0.019972601, 0.989060407, -1.21133998e-005, -0.147511056, 0.147511056, 7.37846024e-006, 0.989060407, -1.08924797e-005, -1, 9.08460328e-006, 0.9890604, -1.88753465e-005, -0.147511103, 0.147511103, -3.47949455e-006, 0.9890604, -1.91821219e-005, -1, -6.57107083e-007, 0, 0, 0, 0, 0, 0, 0, 0.33347749, -0.148830127, -0.203871997, -0.256795993, 0.419657143, -0.870524287, -0.942626953, 0.08984375, 0.321411133, 0.21320683, 0.903235155, 0.372578585, 0, -0, 0, 0, 0, 0, 0, 0.383175488, -0.0862336914, -0.168516699, 0.0223345193, 0.395206524, -0.91817434, -0.298583984, -0.873779297, -0.383422852, -0.954063743, 0.282850047, 0.0986568969, 0, 2, 5, 1, 
695.749037, 57, 0.1, 0.1, 0.00956619041, 0.356063926, -0.0199664319, 0.98906046, -4.85074278e-006, -0.147510701, 0.147510701, -7.94008198e-006, 0.98906046, -5.96892494e-006, -1, -7.13768467e-006, 0.989060449, -2.11597473e-006, -0.147510773, 0.147510773, -9.0313061e-006, 0.989060449, -3.42504186e-006, -1, -8.6203786e-006, 0, 0, 0, 0, 0, 0, 0, 0.33347749, -0.148830127, -0.203871997, -0.256795993, 0.419657143, -0.870524287, -0.942626953, 0.08984375, 0.321411133, 0.21320683, 0.903235155, 0.372578585, 0, -0, 0, 0, 0, 0, 0, 0.383175488, -0.0862336914, -0.168516699, 0.0223345193, 0.395206524, -0.91817434, -0.298583984, -0.873779297, -0.383422852, -0.954063743, 0.282850047, 0.0986568969, 0, 2, 5, 1, 
695.749811, 57, 0.1, 0.1, 0.00956619053, 0.356063928, -0.0199604538, 0.989060516, -1.22811824e-005, -0.147510326, 0.147510327, 6.24967897e-006, 0.989060516, -1.12249404e-005, -1, 7.99291193e-006, 0.989060506, 5.33886607e-006, -0.147510392, 0.147510392, -4.75775532e-006, 0.989060506, 4.57864323e-006, -1, -5.4932461e-006, 0, 0, 0, 0, 0, 0, 0, 0.336053955, -0.149385986, -0.203394385, -0.262575734, 0.417392572, -0.869946537, -0.943237305, 0.0788574219, 0.322509766, 0.203246161, 0.905324115, 0.373105038, 0, -0, 0, 0, 0, 0, 0, 0.383175488, -0.0862336914, -0.168516699, 0.0223345193, 0.395206524, -0.91817434, -0.298583984, -0.873779297, -0.383422852, -0.954063743, 0.282850047, 0.0986568969, 0, 2, 5, 1, 
695.750505, 57, 0.1, 0.1, 0.00956619223, 0.356063931, -0.0199577296, 0.989060542, 2.00629888e-005, -0.147510148, 0.147510148, 1.65166095e-005, 0.989060542, 2.22798781e-005, -1, 1.33764323e-005, 0.989060541, 2.53423307e-005, -0.147510156, 0.147510155, 1.6726533e-005, 0.989060541, 2.75324328e-005, -1, 1.28053026e-005, 0, 0, 0, 0, 0, 0, 0, 0.336053955, -0.149385986, -0.203394385, -0.262575734, 0.417392572, -0.869946537, -0.943237305, 0.0788574219, 0.322509766, 0.203246161, 0.905324115, 0.373105038, 0, -0, 0, 0, 0, 0, 0, 0.383175488, -0.0862336914, -0.168516699, 0.0223345193, 0.395206524, -0.91817434, -0.298583984, -0.873779297, -0.383422852, -0.954063743, 0.282850047, 0.0986568969, 0, 2, 5, 1, 
695.751195, 57, 0.1, 0.1, 0.00956618712, 0.356063928, -0.0199586803, 0.989060543, -3.01418603e-005, -0.147510143, 0.147510142, -2.39802315e-005, 0.989060543, -3.33494521e-005, -0.999999999, -1.92716707e-005, 0.989060541, -3.97789641e-005, -0.147510149, 0.147510147, -3.97889492e-005, 0.989060542, -4.52130776e-005, -0.999999998, -3.34858788e-005, 0, 0, 0, 0, 0, 0, 0, 0.336053955, -0.149385986, -0.203394385, -0.262575734, 0.417392572, -0.869946537, -0.943237305, 0.0788574219, 0.322509766, 0.203246161, 0.905324115, 0.373105038, 0, -0, 0, 0, 0, 0, 0, 0.383175488, -0.0862336914, -0.168516699, 0.0223345193, 0.395206524, -0.91817434, -0.298583984, -0.873779297, -0.383422852, -0.954063743, 0.282850047, 0.0986568969, 0, 2, 5, 1, 
695.751931, 57, 0.1, 0.1, 0.00956619458, 0.356063932, -0.0199629147, 0.989060596, 5.57954521e-005, -0.147509777, 0.147509778, -7.57247795e-006, 0.989060597, 5.40680687e-005, -0.999999998, -1.57200143e-005, 0.989060577, 5.75358911e-005, -0.147509905, 0.147509904, 1.78560879e-005, 0.989060579, 5.95404316e-005, -0.999999998, 9.17363882e-006, 0, 0, 0, 0, 0, 0, 0, 0.336053955, -0.149385986, -0.203394385, -0.262575734, 0.417392572, -0.869946537, -0.943237305, 0.0788574219, 0.322509766, 0.203246161, 0.905324115, 0.373105038, 0, -0, 0, 0, 0, 0, 0, 0.383175488, -0.0862336914, -0.168516699, 0.0223345193, 0.395206524, -0.91817434, -0.298583984, -0.873779297, -0.383422852, -0.954063743, 0.282850047, 0.0986568969, 0, 2, 5, 1, 
695.752682, 57, 0.1, 0.1, 0.00956619009, 0.356063931, -0.0199679998, 0.989060741, -7.20094372e-005, -0.147508799, 0.1475088, 1.06925906e-005, 0.989060743, -6.96444563e-005, -0.999999997, 2.11976472e-005, 0.989060709, -5.83982343e-005, -0.147509016, 0.147509017, 8.93308347e-007, 0.989060711, -5.76276281e-005, -0.999999998, 9.4978023e-006, 0, 0, 0, 0, 0, 0, 0, 0.338160986, -0.14972605, -0.202907983, -0.268749378, 0.414988336, -0.869210028, -0.943725586, 0.0667724609, 0.323608398, 0.192359144, 0.907311603, 0.37385353, 0, -0, 0, 0, 0, 0, 0, 0.384768408, -0.0863137695, -0.16798208, 0.0171904429, 0.398188325, -0.916998604, -0.286743164, -0.876586914, -0.386108398, -0.957672975, 0.269661749, 0.0991486999, 0, 2, 5, 1, 
695.75338, 57, 0.1, 0.1, 0.00956618379, 0.356063931, -0.0199728389, 0.989060891, 2.82717092e-005, -0.147507807, 0.147507808, -3.16215709e-005, 0.989060891, 2.32980133e-005, -0.999999999, -3.54459569e-005, 0.989060868, -9.52464751e-006, -0.147507966, 0.147507965, -2.34846544e-005, 0.989060867, -1.28846297e-005, -1, -2.18227913e-005, 0, 0, 0, 0, 0, 0, 0, 0.338160986, -0.14972605, -0.202907983, -0.268749378, 0.414988336, -0.869210028, -0.943725586, 0.0667724609, 0.323608398, 0.192359144, 0.907311603, 0.37385353, 0, -0, 0, 0, 0, 0, 0, 0.384768408, -0.0863137695, -0.16798208, 0.0171904429, 0.398188325, -0.916998604, -0.286743164, -0.876586914, -0.386108398, -0.957672975, 0.269661749, 0.0991486999, 0, 2, 5, 1, 
695.754089, 57, 0.1, 0.1, 0.00956619646, 0.356063931, -0.019976432, 0.989060957, 5.38765837e-005, -0.147507357, 0.147507355, 2.3914911e-005, 0.989060958, 5.68148508e-005, -0.999999998, 1.57061124e-005, 0.989060948, 6.88705258e-005, -0.147507414, 0.147507414, 2.24104139e-006, 0.98906095, 6.84477179e-005, -0.999999998, -7.94238665e-006, 0, 0, 0, 0, 0, 0, 0, 0.338160986, -0.14972605, -0.202907983, -0.268749378, 0.414988336, -0.869210028, -0.943725586, 0.0667724609, 0.323608398, 0.192359144, 0.907311603, 0.37385353, 0, -0, 0, 0, 0, 0, 0, 0.384768408, -0.0863137695, -0.16798208, 0.0171904429, 0.398188325, -0.916998604, -0.286743164, -0.876586914, -0.386108398, -0.957672975, 0.269661749, 0.0991486999, 0, 2, 5, 1, 
695.754824, 57, 0.1, 0.1, 0.00956619155, 0.356063939, -0.0199773491, 0.989060921, -6.46374177e-005, -0.147507596, 0.147507596, 7.54755847e-006, 0.989060923, -6.28170218e-005, -0.999999998, 1.69995053e-005, 0.989060937, -5.37690743e-005, -0.147507492, 0.147507493, 2.4478037e-005, 0.989060938, -4.95701972e-005, -0.999999998, 3.21416116e-005, 0, 0, 0, 0, 0, 0, 0, 0.338160986, -0.14972605, -0.202907983, -0.268749378, 0.414988336, -0.869210028, -0.943725586, 0.0667724609, 0.323608398, 0.192359144, 0.907311603, 0.37385353, 0, -0, 0, 0, 0, 0, 0, 0.384768408, -0.0863137695, -0.16798208, 0.0171904429, 0.398188325, -0.916998604, -0.286743164, -0.876586914, -0.386108398, -0.957672975, 0.269661749, 0.0991486999, 0, 2, 5, 1, 
695.755521, 57, 0.1, 0.1, 0.00956618344, 0.356063936, -0.0199758016, 0.989060806, -1.71376015e-006, -0.147508376, 0.147508376, -1.46437069e-005, 0.989060806, -3.85508242e-006, -1, -1.42307225e-005, 0.989060833, -2.70966032e-005, -0.147508195, 0.147508194, -2.72363581e-005, 0.989060833, -3.08177749e-005, -0.999999999, -2.2941444e-005, 0, 0, 0, 0, 0, 0, 0, 0.338160986, -0.14972605, -0.202907983, -0.268749378, 0.414988336, -0.869210028, -0.943725586, 0.0667724609, 0.323608398, 0.192359144, 0.907311603, 0.37385353, 0, -0, 0, 0, 0, 0, 0, 0.384768408, -0.0863137695, -0.16798208, 0.0171904429, 0.398188325, -0.916998604, -0.286743164, -0.876586914, -0.386108398, -0.957672975, 0.269661749, 0.0991486999, 0, 2, 5, 1, 
695.756214, 57, 0.1, 0.1, 0.00956619457, 0.35606394, -0.0199726227, 0.989060684, 6.67276234e-005, -0.14750918, 0.14750918, -1.22324811e-006, 0.989060687, 6.58172287e-005, -0.999999998, -1.10528037e-005, 0.989060704, 7.05584511e-005, -0.147509049, 0.147509048, 1.45806369e-005, 0.989060706, 7.19373673e-005, -0.999999997, 4.01312503e-006, 0, 0, 0, 0, 0, 0, 0, 0.338160986, -0.14972605, -0.202907983, -0.268749378, 0.414988336, -0.869210028, -0.943725586, 0.0667724609, 0.323608398, 0.192359144, 0.907311603, 0.37385353, 0, -0, 0, 0, 0, 0, 0, 0.384768408, -0.0863137695, -0.16798208, 0.0171904429, 0.398188325, -0.916998604, -0.286743164, -0.876586914, -0.386108398, -0.957672975, 0.269661749, 0.0991486999, 0, 2, 5, 1, 
695.756995, 57, 0.1, 0.1, 0.00956619208, 0.356063943, -0.0199678131, 0.989060645, -5.81670451e-005, -0.147509447, 0.147509449, 2.8577969e-005, 0.989060646, -5.33152148e-005, -0.999999998, 3.68455332e-005, 0.989060646, -4.39933281e-005, -0.147509443, 0.147509444, 1.81035173e-005, 0.989060647, -4.08416299e-005, -0.999999999, 2.43949079e-005, 0, 0, 0, 0, 0, 0, 0, 0.339650781, -0.151208081, -0.202223242, -0.274109006, 0.412082735, -0.868861431, -0.943603516, 0.05859375, 0.325439453, 0.185050958, 0.909254909, 0.372933174, 0, -0, 0, 0, 0, 0, 0, 0.384768408, -0.0863137695, -0.16798208, 0.0119825674, 0.400077878, -0.916276391, -0.27722168, -0.87902832, -0.387451172, -0.960675199, 0.258690762, 0.100452035, 0, 2, 5, 1, 
695.757691, 57, 0.1, 0.1, 0.00956619021, 0.356063944, -0.019963759, 0.989060647, 4.77209264e-005, -0.147509437, 0.147509439, -3.71166859e-005, 0.989060647, 4.17238289e-005, -0.999999998, -4.37499404e-005, 0.989060647, 2.35975563e-005, -0.147509441, 0.147509441, -2.26633495e-005, 0.989060647, 1.99963563e-005, -0.999999999, -2.58962895e-005, 0, 0, 0, 0, 0, 0, 0, 0.339650781, -0.151208081, -0.202223242, -0.274109006, 0.412082735, -0.868861431, -0.943603516, 0.05859375, 0.325439453, 0.185050958, 0.909254909, 0.372933174, 0, -0, 0, 0, 0, 0, 0, 0.385923389, -0.087089209, -0.167237158, 0.0119825674, 0.400077878, -0.916276391, -0.27722168, -0.87902832, -0.387451172, -0.960675199, 0.258690762, 0.100452035, 0, 2, 5, 1, 
695.758393, 57, 0.1, 0.1, 0.00956619469, 0.356063942, -0.0199616499, 0.989060635, -3.69250889e-005, -0.147509524, 0.147509525, 1.49146442e-005, 0.989060635, -3.43210998e-005, -0.999999999, 2.01982898e-005, 0.989060645, 4.57136857e-006, -0.147509461, 0.147509461, 4.75232406e-006, 0.989060645, 5.2223735e-006, -1, 4.02601658e-006, 0, 0, 0, 0, 0, 0, 0, 0.339650781, -0.151208081, -0.202223242, -0.274109006, 0.412082735, -0.868861431, -0.943603516, 0.05859375, 0.325439453, 0.185050958, 0.909254909, 0.372933174, 0, -0, 0, 0, 0, 0, 0, 0.385923389, -0.087089209, -0.167237158, 0.0119825674, 0.400077878, -0.916276391, -0.27722168, -0.87902832, -0.387451172, -0.960675199, 0.258690762, 0.100452035, 0, 2, 5, 1, 
695.759131, 57, 0.1, 0.1, 0.00956618415, 0.356063943, -0.0199619186, 0.989060543, -1.34493489e-005, -0.147510139, 0.147510139, -7.27761425e-006, 0.989060544, -1.43757422e-005, -1, -5.21408579e-006, 0.98906057, -4.53473663e-005, -0.147509957, 0.147509956, -1.797001e-005, 0.989060571, -4.75020474e-005, -0.999999999, -1.10842403e-005, 0, 0, 0, 0, 0, 0, 0, 0.339650781, -0.151208081, -0.202223242, -0.274109006, 0.412082735, -0.868861431, -0.943603516, 0.05859375, 0.325439453, 0.185050958, 0.909254909, 0.372933174, 0, -0, 0, 0, 0, 0, 0, 0.385923389, -0.087089209, -0.167237158, 0.0119825674, 0.400077878, -0.916276391, -0.27722168, -0.87902832, -0.387451172, -0.960675199, 0.258690762, 0.100452035, 0, 2, 5, 1, 
695.759844, 57, 0.1, 0.1, 0.00956619443, 0.356063947, -0.0199638452, 0.989060441, 5.16021373e-005, -0.147510817, 0.147510818, -3.94431326e-006, 0.989060442, 5.04558038e-005, -0.999999999, -1.15130377e-005, 0.989060453, 6.43672609e-005, -0.147510729, 0.147510729, 3.72286282e-006, 0.989060456, 6.42122746e-005, -0.999999998, -5.8127252e-006, 0, 0, 0, 0, 0, 0, 0, 0.339650781, -0.151208081, -0.202223242, -0.274109006, 0.412082735, -0.868861431, -0.943603516, 0.05859375, 0.325439453, 0.185050958, 0.909254909, 0.372933174, 0, -0, 0, 0, 0, 0, 0, 0.385923389, -0.087089209, -0.167237158, 0.0119825674, 0.400077878, -0.916276391, -0.27722168, -0.87902832, -0.387451172, -0.960675199, 0.258690762, 0.100452035, 0, 2, 5, 1, 
695.76054, 57, 0.1, 0.1, 0.00956618998, 0.356063949, -0.0199673521, 0.989060391, -4.29464985e-005, -0.147511159, 0.147511159, -1.21728321e-005, 0.989060391, -4.42723092e-005, -0.999999999, -5.70457833e-006, 0.989060404, -4.52786523e-005, -0.147511071, 0.147511071, 2.32658599e-006, 0.989060405, -4.4440125e-005, -0.999999999, 8.98023657e-006, 0, 0, 0, 0, 0, 0, 0, 0.339650781, -0.151208081, -0.202223242, -0.274109006, 0.412082735, -0.868861431, -0.943603516, 0.05859375, 0.325439453, 0.185050958, 0.909254909, 0.372933174, 0, -0, 0, 0, 0, 0, 0, 0.385923389, -0.087089209, -0.167237158, 0.0119825674, 0.400077878, -0.916276391, -0.27722168, -0.87902832, -0.387451172, -0.960675199, 0.258690762, 0.100452035, 0, 2, 5, 1, 
695.761236, 57, 0.1, 0.1, 0.00956619155, 0.356063951, -0.0199713052, 0.989060309, 4.07211487e-005, -0.147511707, 0.147511707, 1.54302532e-005, 0.98906031, 4.25518149e-005, -0.999999999, 9.2546049e-006, 0.989060323, 3.19554384e-005, -0.147511612, 0.147511612, 1.81681587e-005, 0.989060324, 3.42858706e-005, -0.999999999, 1.32556067e-005, 0, 0, 0, 0, 0, 0, 0, 0.339650781, -0.151208081, -0.202223242, -0.274109006, 0.412082735, -0.868861431, -0.943603516, 0.05859375, 0.325439453, 0.185050958, 0.909254909, 0.372933174, 0, -0, 0, 0, 0, 0, 0, 0.385923389, -0.087089209, -0.167237158, 0.0119825674, 0.400077878, -0.916276391, -0.27722168, -0.87902832, -0.387451172, -0.960675199, 0.258690762, 0.100452035, 0, 2, 5, 1, 
695.762029, 57, 0.1, 0.1, 0.00956619264, 0.356063953, -0.0199738672, 0.989060265, -3.9233827e-005, -0.147512001, 0.147512001, 8.04021876e-006, 0.989060266, -3.76185906e-005, -0.999999999, 1.37397212e-005, 0.989060272, -2.22359348e-005, -0.147511962, 0.147511962, 5.92044234e-006, 0.989060272, -2.11193436e-005, -1, 9.13574067e-006, 0, 0, 0, 0, 0, 0, 0, 0.341164868, -0.152863794, -0.20174624, -0.279055636, 0.410185857, -0.868258594, -0.943481445, 0.0511474609, 0.327392578, 0.178789687, 0.91054408, 0.372837694, 0, -0, 0, 0, 0, 0, 0, 0.387131592, -0.0880495605, -0.166490771, 0.00747758189, 0.402414759, -0.915381737, -0.267822266, -0.881103516, -0.389648437, -0.963358061, 0.24813502, 0.101282523, 0, 2, 5, 1, 
695.762768, 57, 0.1, 0.1, 0.00956618771, 0.356063954, -0.0199741403, 0.989060215, 1.50717536e-005, -0.147512339, 0.147512339, 9.76531417e-007, 0.989060215, 1.50509223e-005, -1, -1.25742125e-006, 0.989060224, -1.0774698e-005, -0.147512281, 0.147512281, 7.74654984e-008, 0.989060224, -1.06453981e-005, -1, 1.66601832e-006, 0, 0, 0, 0, 0, 0, 0, 0.341164868, -0.152863794, -0.20174624, -0.279055636, 0.410185857, -0.868258594, -0.943481445, 0.0511474609, 0.327392578, 0.178789687, 0.91054408, 0.372837694, 0, -0, 0, 0, 0, 0, 0, 0.387131592, -0.0880495605, -0.166490771, 0.00747758189, 0.402414759, -0.915381737, -0.267822266, -0.881103516, -0.389648437, -0.963358061, 0.24813502, 0.101282523, 0, 2, 5, 1, 
695.763465, 57, 0.1, 0.1, 0.00956619311, 0.356063955, -0.0199728909, 0.989060176, 6.49575526e-006, -0.147512607, 0.147512607, -5.02083705e-006, 0.989060176, 5.68405607e-006, -1, -5.92411576e-006, 0.989060179, 2.68285296e-005, -0.147512579, 0.147512579, -8.33966776e-006, 0.98906018, 2.53048244e-005, -1, -1.22059789e-005, 0, 0, 0, 0, 0, 0, 0, 0.341164868, -0.152863794, -0.20174624, -0.279055636, 0.410185857, -0.868258594, -0.943481445, 0.0511474609, 0.327392578, 0.178789687, 0.91054408, 0.372837694, 0, -0, 0, 0, 0, 0, 0, 0.387131592, -0.0880495605, -0.166490771, 0.00747758189, 0.402414759, -0.915381737, -0.267822266, -0.881103516, -0.389648437, -0.963358061, 0.24813502, 0.101282523, 0, 2, 5, 1, 
695.764234, 57, 0.1, 0.1, 0.00956618484, 0.356063957, -0.0199700196, 0.989060146, -2.71640466e-005, -0.147512804, 0.147512803, -8.94765622e-006, 0.989060146, -2.81867698e-005, -1, -4.84272549e-006, 0.989060155, -4.203632e-005, -0.14751274, 0.14751274, -8.7997515e-006, 0.989060156, -4.28745246e-005, -0.999999999, -2.50259086e-006, 0, 0, 0, 0, 0, 0, 0, 0.344069067, -0.153934619, -0.200651025, -0.282741547, 0.406575948, -0.868658488, -0.944335937, 0.0405273437, 0.326416016, 0.16800302, 0.912722529, 0.372653847, 0, -0, 0, 0, 0, 0, 0, 0.387131592, -0.0880495605, -0.166490771, 0.00747758189, 0.402414759, -0.915381737, -0.267822266, -0.881103516, -0.389648437, -0.963358061, 0.24813502, 0.101282523, 0, 2, 5, 1, 
695.764943, 57, 0.1, 0.1, 0.00956619216, 0.356063958, -0.0199667836, 0.989060117, 5.36754815e-005, -0.147512988, 0.147512988, 2.5765253e-006, 0.989060119, 5.3468349e-005, -0.999999999, -5.36949222e-006, 0.98906012, 5.84576948e-005, -0.147512966, 0.147512966, -4.71891032e-006, 0.989060122, 5.71220743e-005, -0.999999998, -1.3290554e-005, 0, 0, 0, 0, 0, 0, 0, 0.344069067, -0.153934619, -0.200651025, -0.282741547, 0.406575948, -0.868658488, -0.944335937, 0.0405273437, 0.326416016, 0.16800302, 0.912722529, 0.372653847, 0, -0, 0, 0, 0, 0, 0, 0.388837793, -0.0890494629, -0.165324756, 0.00368824611, 0.403946671, -0.914653327, -0.258789063, -0.883056641, -0.391113281, -0.965842962, 0.238231128, 0.101359082, 0, 2, 5, 1, 
695.76564, 57, 0.1, 0.1, 0.00956618902, 0.356063961, -0.019964734, 0.98906006, -5.32321917e-005, -0.147513375, 0.147513375, -1.36450471e-005, 0.989060061, -5.46626618e-005, -0.999999998, -5.64331085e-006, 0.989060076, -4.4455016e-005, -0.147513268, 0.147513268, -8.20763271e-006, 0.989060077, -4.51794162e-005, -0.999999999, -1.56013717e-006, 0, 0, 0, 0, 0, 0, 0, 0.344069067, -0.153934619, -0.200651025, -0.282741547, 0.406575948, -0.868658488, -0.944335937, 0.0405273437, 0.326416016, 0.16800302, 0.912722529, 0.372653847, 0, -0, 0, 0, 0, 0, 0, 0.388837793, -0.0890494629, -0.165324756, 0.00368824611, 0.403946671, -0.914653327, -0.258789063, -0.883056641, -0.391113281, -0.965842962, 0.238231128, 0.101359082, 0, 2, 5, 1, 
695.766374, 57, 0.1, 0.1, 0.00956618819, 0.356063962, -0.0199642268, 0.989059987, 4.94499429e-005, -0.147513861, 0.147513861, 1.23945078e-005, 0.989059988, 5.07373217e-005, -0.999999999, 4.96435971e-006, 0.989060005, 2.54579633e-005, -0.147513749, 0.147513749, 1.92132242e-006, 0.989060005, 2.54628747e-005, -1, -1.85509643e-006, 0, 0, 0, 0, 0, 0, 0, 0.344069067, -0.153934619, -0.200651025, -0.282741547, 0.406575948, -0.868658488, -0.944335937, 0.0405273437, 0.326416016, 0.16800302, 0.912722529, 0.372653847, 0, -0, 0, 0, 0, 0, 0, 0.388837793, -0.0890494629, -0.165324756, 0.00368824611, 0.403946671, -0.914653327, -0.258789063, -0.883056641, -0.391113281, -0.965842962, 0.238231128, 0.101359082, 0, 2, 5, 1, 
695.767083, 57, 0.1, 0.1, 0.00956619539, 0.356063963, -0.0199647892, 0.989059925, -1.36264594e-005, -0.147514283, 0.147514283, -2.07589331e-005, 0.989059925, -1.6539624e-005, -1, -1.85217315e-005, 0.989059934, 2.10582556e-005, -0.147514227, 0.147514227, -1.1803517e-005, 0.989059934, 1.90866902e-005, -1, -1.4780778e-005, 0, 0, 0, 0, 0, 0, 0, 0.344069067, -0.153934619, -0.200651025, -0.282741547, 0.406575948, -0.868658488, -0.944335937, 0.0405273437, 0.326416016, 0.16800302, 0.912722529, 0.372653847, 0, -0, 0, 0, 0, 0, 0, 0.388837793, -0.0890494629, -0.165324756, 0.00368824611, 0.403946671, -0.914653327, -0.258789063, -0.883056641, -0.391113281, -0.965842962, 0.238231128, 0.101359082, 0, 2, 5, 1, 
695.767774, 57, 0.1, 0.1, 0.00956618733, 0.356063964, -0.0199668121, 0.98905993, -1.69084072e-005, -0.147514249, 0.147514249, -7.75026023e-006, 0.989059931, -1.78667019e-005, -1, -5.17124085e-006, 0.989059926, -4.04983046e-005, -0.147514275, 0.147514275, 2.47260256e-006, 0.989059927, -3.9690506e-005, -0.999999999, 8.41963014e-006, 0, 0, 0, 0, 0, 0, 0, 0.344069067, -0.153934619, -0.200651025, -0.282741547, 0.406575948, -0.868658488, -0.944335937, 0.0405273437, 0.326416016, 0.16800302, 0.912722529, 0.372653847, 0, -0, 0, 0, 0, 0, 0, 0.388837793, -0.0890494629, -0.165324756, 0.00368824611, 0.403946671, -0.914653327, -0.258789063, -0.883056641, -0.391113281, -0.965842962, 0.238231128, 0.101359082, 0, 2, 5, 1, 
695.768518, 57, 0.1, 0.1, 0.00956619351, 0.356063968, -0.0199696457, 0.989059891, 2.31155782e-005, -0.147514511, 0.147514511, 1.76998769e-005, 0.989059891, 2.54736799e-005, -1, 1.40963551e-005, 0.989059905, 3.82060629e-005, -0.147514413, 0.147514412, 2.51309361e-005, 0.989059906, 4.14952603e-005, -0.999999999, 1.92200563e-005, 0, 0, 0, 0, 0, 0, 0, 0.344069067, -0.153934619, -0.200651025, -0.282741547, 0.406575948, -0.868658488, -0.944335937, 0.0405273437, 0.326416016, 0.16800302, 0.912722529, 0.372653847, 0, -0, 0, 0, 0, 0, 0, 0.388837793, -0.0890494629, -0.165324756, 0.00368824611, 0.403946671, -0.914653327, -0.258789063, -0.883056641, -0.391113281, -0.965842962, 0.238231128, 0.101359082, 0, 2, 5, 1, 
695.769291, 57, 0.1, 0.1, 0.00956618459, 0.356063968, -0.0199711153, 0.98905986, -5.86220803e-005, -0.147514708, 0.147514708, -3.38225544e-006, 0.989059862, -5.8479679e-005, -0.999999998, 5.30236595e-006, 0.989059863, -6.06773005e-005, -0.147514688, 0.147514688, -9.28949647e-006, 0.989059865, -6.13838198e-005, -0.999999998, -2.37075078e-007, 0, 0, 0, 0, 0, 0, 0, 0.346332349, -0.155919409, -0.199138989, -0.28605153, 0.402566144, -0.869547765, -0.944580078, 0.0333251953, 0.326171875, 0.160370202, 0.91471713, 0.370940816, 0, -0, 0, 0, 0, 0, 0, 0.390304395, -0.0905449219, -0.164411523, -0.000529093572, 0.404194571, -0.914621244, -0.251708984, -0.885131836, -0.391113281, -0.967759135, 0.230033422, 0.102221653, 0, 2, 5, 1, 
695.769982, 57, 0.1, 0.1, 0.00956618446, 0.356063968, -0.0199716844, 0.989059836, 3.37540348e-005, -0.147514879, 0.147514878, 1.41305082e-005, 0.989059837, 3.54692204e-005, -0.999999999, 8.99669578e-006, 0.989059848, 2.62469296e-005, -0.147514803, 0.147514803, -1.46860522e-006, 0.989059848, 2.57431432e-005, -1, -5.32434911e-006, 0, 0, 0, 0, 0, 0, 0, 0.346332349, -0.155919409, -0.199138989, -0.28605153, 0.402566144, -0.869547765, -0.944580078, 0.0333251953, 0.326171875, 0.160370202, 0.91471713, 0.370940816, 0, -0, 0, 0, 0, 0, 0, 0.390304395, -0.0905449219, -0.164411523, -0.000529093572, 0.404194571, -0.914621244, -0.251708984, -0.885131836, -0.391113281, -0.967759135, 0.230033422, 0.102221653, 0, 2, 5, 1, 
695.770671, 57, 0.1, 0.1, 0.00956618542, 0.356063969, -0.0199717357, 0.989059773, -2.82447702e-005, -0.147515306, 0.147515305, -3.40186245e-005, 0.989059773, -3.29540338e-005, -0.999999999, -2.94799171e-005, 0.989059785, -1.36490522e-005, -0.147515223, 0.147515223, -2.17833656e-005, 0.989059785, -1.67131067e-005, -1, -1.95316079e-005, 0, 0, 0, 0, 0, 0, 0, 0.346332349, -0.155919409, -0.199138989, -0.28605153, 0.402566144, -0.869547765, -0.944580078, 0.0333251953, 0.326171875, 0.160370202, 0.91471713, 0.370940816, 0, -0, 0, 0, 0, 0, 0, 0.390304395, -0.0905449219, -0.164411523, -0.000529093572, 0.404194571, -0.914621244, -0.251708984, -0.885131836, -0.391113281, -0.967759135, 0.230033422, 0.102221653, 0, 2, 5, 1, 
695.771419, 57, 0.1, 0.1, 0.00956618241, 0.35606397, -0.0199708831, 0.989059719, 1.18175967e-005, -0.147515665, 0.147515665, 4.04092238e-005, 0.989059719, 1.76493024e-005, -0.999999999, 3.82238549e-005, 0.989059729, 8.40788841e-007, -0.147515598, 0.147515598, 2.34692463e-005, 0.989059729, 4.29367027e-006, -1, 2.30884569e-005, 0, 0, 0, 0, 0, 0, 0, 0.346332349, -0.155919409, -0.199138989, -0.28605153, 0.402566144, -0.869547765, -0.944580078, 0.0333251953, 0.326171875, 0.160370202, 0.91471713, 0.370940816, 0, -0, 0, 0, 0, 0, 0, 0.390304395, -0.0905449219, -0.164411523, -0.000529093572, 0.404194571, -0.914621244, -0.251708984, -0.885131836, -0.391113281, -0.967759135, 0.230033422, 0.102221653, 0, 2, 5, 1, 
695.772112, 57, 0.1, 0.1, 0.00956618298, 0.356063974, -0.0199694257, 0.989059666, 1.1086656e-006, -0.147516021, 0.147516021, -2.13080565e-005, 0.989059666, -2.04674329e-006, -1, -2.12384852e-005, 0.989059681, -5.1800182e-006, -0.147515923, 0.147515922, -7.47950604e-006, 0.989059681, -6.22669338e-006, -1, -6.6335427e-006, 0, 0, 0, 0, 0, 0, 0, 0.346332349, -0.155919409, -0.199138989, -0.28605153, 0.402566144, -0.869547765, -0.944580078, 0.0333251953, 0.326171875, 0.160370202, 0.91471713, 0.370940816, 0, -0, 0, 0, 0, 0, 0, 0.390304395, -0.0905449219, -0.164411523, -0.000529093572, 0.404194571, -0.914621244, -0.251708984, -0.885131836, -0.391113281, -0.967759135, 0.230033422, 0.102221653, 0, 2, 5, 1, 
695.772803, 57, 0.1, 0.1, 0.00956618339, 0.356063976, -0.0199681885, 0.989059575, -1.87525102e-005, -0.147516631, 0.147516632, 3.20973332e-005, 0.989059575, -1.38124593e-005, -0.999999999, 3.45124818e-005, 0.989059593, -1.08442532e-005, -0.147516512, 0.147516512, 1.94828648e-005, 0.989059593, -7.8515684e-006, -1, 2.08694207e-005, 0, 0, 0, 0, 0, 0, 0, 0.346332349, -0.155919409, -0.199138989, -0.28605153, 0.402566144, -0.869547765, -0.944580078, 0.0333251953, 0.326171875, 0.160370202, 0.91471713, 0.370940816, 0, -0, 0, 0, 0, 0, 0, 0.390304395, -0.0905449219, -0.164411523, -0.000529093572, 0.404194571, -0.914621244, -0.251708984, -0.885131836, -0.391113281, -0.967759135, 0.230033422, 0.102221653, 0, 2, 5, 1, 
695.773519, 57, 0.1, 0.1, 0.00956618326, 0.356063978, -0.0199674771, 0.98905951, 7.37437543e-006, -0.147517067, 0.147517068, -3.31096316e-005, 0.98905951, 2.40946039e-006, -0.999999999, -3.38352423e-005, 0.989059523, 1.69191979e-006, -0.147516984, 0.147516984, -1.61799629e-005, 0.989059523, -7.1340994e-007, -1, -1.62525333e-005, 0, 0, 0, 0, 0, 0, 0, 0.346332349, -0.155919409, -0.199138989, -0.28605153, 0.402566144, -0.869547765, -0.944580078, 0.0333251953, 0.326171875, 0.160370202, 0.91471713, 0.370940816, 0, -0, 0, 0, 0, 0, 0, 0.390304395, -0.0905449219, -0.164411523, -0.000529093572, 0.404194571, -0.914621244, -0.251708984, -0.885131836, -0.391113281, -0.967759135, 0.230033422, 0.102221653, 0, 2, 5, 1, 
695.774263, 57, 0.1, 0.1, 0.00956618433, 0.356063976, -0.0199666168, 0.989059456, 1.356946e-006, -0.147517429, 0.147517429, 2.72797449e-005, 0.989059456, 5.36633811e-006, -1, 2.67811165e-005, 0.98905947, 1.16311664e-005, -0.147517334, 0.147517334, 1.36080373e-005, 0.98905947, 1.35113367e-005, -1, 1.17433595e-005, 0, 0, 0, 0, 0, 0, 0, 0.347591333, -0.157599536, -0.198655151, -0.291620093, 0.400186996, -0.868780177, -0.943969727, 0.0258789062, 0.328735352, 0.154083844, 0.916082686, 0.370324874, 0, -0, 0, 0, 0, 0, 0, 0.39133623, -0.0922069824, -0.163236719, -0.0046505513, 0.405119841, -0.914141835, -0.245117187, -0.88671875, -0.391723633, -0.969419745, 0.222397881, 0.103499468, 0, 2, 5, 1, 
695.774955, 57, 0.1, 0.1, 0.00956618298, 0.356063977, -0.0199667123, 0.989059352, 2.54320533e-005, -0.147518129, 0.14751813, -3.229371e-005, 0.989059351, 2.03899025e-005, -0.999999999, -3.56920848e-005, 0.989059378, 2.11501175e-007, -0.147517952, 0.147517952, -2.07412056e-005, 0.989059378, -2.85051296e-006, -1, -2.05454841e-005, 0, 0, 0, 0, 0, 0, 0, 0.347591333, -0.157599536, -0.198655151, -0.291620093, 0.400186996, -0.868780177, -0.943969727, 0.0258789062, 0.328735352, 0.154083844, 0.916082686, 0.370324874, 0, -0, 0, 0, 0, 0, 0, 0.39133623, -0.0922069824, -0.163236719, -0.0046505513, 0.405119841, -0.914141835, -0.245117187, -0.88671875, -0.391723633, -0.969419745, 0.222397881, 0.103499468, 0, 2, 5, 1, 
695.775645, 57, 0.1, 0.1, 0.00956618629, 0.356063977, -0.0199677391, 0.989059206, -2.47239893e-005, -0.147519104, 0.147519104, 2.18188431e-005, 0.989059206, -2.1234793e-005, -0.999999999, 2.52273883e-005, 0.98905924, 4.92067813e-006, -0.14751888, 0.14751888, 1.14480175e-005, 0.98905924, 6.55564089e-006, -1, 1.05968746e-005, 0, 0, 0, 0, 0, 0, 0, 0.347591333, -0.157599536, -0.198655151, -0.291620093, 0.400186996, -0.868780177, -0.943969727, 0.0258789062, 0.328735352, 0.154083844, 0.916082686, 0.370324874, 0, -0, 0, 0, 0, 0, 0, 0.39133623, -0.0922069824, -0.163236719, -0.0046505513, 0.405119841, -0.914141835, -0.245117187, -0.88671875, -0.391723633, -0.969419745, 0.222397881, 0.103499468, 0, 2, 5, 1, 
695.776403, 57, 0.1, 0.1, 0.0095661798, 0.356063978, -0.0199689375, 0.989059002, 7.07362734e-006, -0.147520478, 0.147520478, -3.13298213e-005, 0.989059001, 2.37444457e-006, -0.999999999, -3.20305467e-005, 0.98905905, -2.29638357e-005, -0.147520152, 0.147520151, -2.06690738e-005, 0.98905905, -2.57616945e-005, -1, -1.7055306e-005, 0, 0, 0, 0, 0, 0, 0, 0.347591333, -0.157599536, -0.198655151, -0.291620093, 0.400186996, -0.868780177, -0.943969727, 0.0258789062, 0.328735352, 0.154083844, 0.916082686, 0.370324874, 0, -0, 0, 0, 0, 0, 0, 0.39133623, -0.0922069824, -0.163236719, -0.0046505513, 0.405119841, -0.914141835, -0.245117187, -0.88671875, -0.391723633, -0.969419745, 0.222397881, 0.103499468, 0, 2, 5, 1, 
695.777112, 57, 0.1, 0.1, 0.00956618152, 0.356063978, -0.0199696847, 0.989058771, -2.56575165e-005, -0.14752202, 0.147522021, 2.75965434e-005, 0.989058771, -2.13056939e-005, -0.999999999, 3.10796519e-005, 0.989058821, -2.49076494e-007, -0.147521691, 0.147521691, 1.60657561e-005, 0.989058821, 2.12369619e-006, -1, 1.59267219e-005, 0, 0, 0, 0, 0, 0, 0, 0.347591333, -0.157599536, -0.198655151, -0.291620093, 0.400186996, -0.868780177, -0.943969727, 0.0258789062, 0.328735352, 0.154083844, 0.916082686, 0.370324874, 0, -0, 0, 0, 0, 0, 0, 0.392543213, -0.0936328613, -0.162261719, -0.00951317844, 0.406498635, -0.913470661, -0.23815918, -0.888061523, -0.392822266, -0.971035512, 0.213950808, 0.105288409, 0, 2, 5, 1, 
695.777807, 57, 0.1, 0.1, 0.00956617686, 0.356063981, -0.0199703707, 0.989058522, 1.21130037e-005, -0.147523693, 0.147523693, -1.7811336e-005, 0.989058522, 9.35287543e-006, -1, -1.94034087e-005, 0.989058575, -1.43622719e-005, -0.147523338, 0.147523338, -8.90163839e-006, 0.989058575, -1.55183276e-005, -1, -6.68547149e-006, 0, 0, 0, 0, 0, 0, 0, 0.347591333, -0.157599536, -0.198655151, -0.291620093, 0.400186996, -0.868780177, -0.943969727, 0.0258789062, 0.328735352, 0.154083844, 0.916082686, 0.370324874, 0, -0, 0, 0, 0, 0, 0, 0.392543213, -0.0936328613, -0.162261719, -0.00951317844, 0.406498635, -0.913470661, -0.23815918, -0.888061523, -0.392822266, -0.971035512, 0.213950808, 0.105288409, 0, 2, 5, 1, 
