time, trialNum, realDorsalTactorPos, realVentralTactorPos, boxPosX, boxPosY, boxPosZ, boxLocalRot_11, boxLocalRot_12, boxLocalRot_13, boxLocalRot_21, boxLocalRot_22, boxLocalRot_23, boxLocalRot_31, boxLocalRot_32, boxLocalRot_33, boxGlobalRot_11, boxGlobalRot_12, boxGlobalRot_13, boxGlobalRot_21, boxGlobalRot_22, boxGlobalRot_23, boxGlobalRot_31, boxGlobalRot_32, boxGlobalRot_33, indexForceX, indexForceY, indexForceZ, indexForceGlobalX, indexForceGlobalY, indexForceGlobalZ, indexContact, indexPosX, indexPosY, indexPosZ, indexRot_11, indexRot_12, indexRot_13, indexRot_21, indexRot_22, indexRot_23, indexRot_31, indexRot_32, indexRot_33, thumbForceX, thumbForceY, thumbForceZ, thumbForceGlobalX, thumbForceGlobalY, thumbForceGlobalZ, thumbContact, thumbPosX, thumbPosY, thumbPosZ, thumbRot_11, thumbRot_12, thumbRot_13, thumbRot_21, thumbRot_22, thumbRot_23, thumbRot_31, thumbRot_32, thumbRot_33, manipForceTooHigh, cceExpType, mapping, trialSuccess, 
680.276318, 54, 0.1, 0.1, 0.0075563579, 0.354664929, -0.0199719296, 0.956809709, 1.28807113e-005, 0.290714948, 0.290714948, -1.07569162e-005, -0.956809709, -9.19719329e-006, 1, -1.40369372e-005, 0.956809743, 2.06011272e-005, 0.290714834, 0.290714834, 8.88107222e-006, -0.956809744, -2.22932187e-005, 1, 2.50844315e-006, 0, 0, 0, 0, 0, 0, 0, 0.203173975, 0.0551845703, -0.212156714, 0.0738880486, 0.657782446, -0.749462023, -0.87512207, 0.403076172, 0.267578125, 0.47821571, 0.636133182, 0.605531752, 0, -0, 0, 0, 0, 0, 0, 0.267865039, 0.0975068848, -0.17318916, 0.167413969, 0.569446516, -0.804683028, -0.642822266, -0.555664063, -0.526977539, -0.747336651, 0.605688072, 0.273096662, 0, 2, 5, 1, 
680.321858, 54, 0.1, 0.1, 0.00755632551, 0.354664988, -0.0199719702, 0.956808023, 7.27942855e-006, 0.290720496, 0.290720496, 1.46190877e-005, -0.956808023, -1.12150841e-005, 1, 1.18713813e-005, 0.956808023, 4.79414187e-006, 0.290720496, 0.290720496, 9.41240619e-006, -0.956808023, -7.3234528e-006, 1, 7.61211046e-006, 0, 0, 0, 0, 0, 0, 0, 0.244204443, -0.00437104492, -0.209844409, 0.130071015, 0.657953928, -0.741604948, -0.907226563, 0.380737305, 0.178588867, 0.399858536, 0.649701135, 0.646555755, 0, -0, 0, 0, 0, 0, 0, 0.297053809, 0.0421644043, -0.175759717, 0.129967903, 0.482139042, -0.866297508, -0.567871094, -0.679931641, -0.463745117, -0.812643746, 0.552324311, 0.185487788, 0, 2, 5, 1, 
680.322549, 54, 0.1, 0.1, 0.00755632486, 0.354664989, -0.0199713009, 0.956808022, 5.37372184e-006, 0.290720498, 0.290720498, 9.29504076e-006, -0.956808022, -7.84387905e-006, 1, 7.33131848e-006, 0.956808023, -3.77491003e-006, 0.290720497, 0.290720497, -7.31903022e-006, -0.956808023, 5.7396563e-006, 1, -5.90546311e-006, 0, 0, 0, 0, 0, 0, 0, 0.244204443, -0.00437104492, -0.209844409, 0.130071015, 0.657953928, -0.741604948, -0.907226563, 0.380737305, 0.178588867, 0.399858536, 0.649701135, 0.646555755, 0, -0, 0, 0, 0, 0, 0, 0.297053809, 0.0421644043, -0.175759717, 0.129967903, 0.482139042, -0.866297508, -0.567871094, -0.679931641, -0.463745117, -0.812643746, 0.552324311, 0.185487788, 0, 2, 5, 1, 
680.32324, 54, 0.1, 0.1, 0.00755632408, 0.354664989, -0.0199702548, 0.956808021, -4.33058284e-006, 0.290720503, 0.290720503, -7.41750629e-006, -0.956808021, 6.29995756e-006, 1, -5.8381403e-006, 0.956808021, -7.59962571e-006, 0.290720502, 0.290720502, -1.38054415e-005, -0.956808021, 1.12849077e-005, 1, -1.09997901e-005, 0, 0, 0, 0, 0, 0, 0, 0.244204443, -0.00437104492, -0.209844409, 0.130071015, 0.657953928, -0.741604948, -0.907226563, 0.380737305, 0.178588867, 0.399858536, 0.649701135, 0.646555755, 0, -0, 0, 0, 0, 0, 0, 0.297053809, 0.0421644043, -0.175759717, 0.129967903, 0.482139042, -0.866297508, -0.567871094, -0.679931641, -0.463745117, -0.812643746, 0.552324311, 0.185487788, 0, 2, 5, 1, 
680.323931, 54, 0.1, 0.1, 0.00755632294, 0.354664989, -0.0199691431, 0.956808021, -7.6001676e-006, 0.290720503, 0.290720503, -1.51012306e-005, -0.956808021, 1.16621387e-005, 1, -1.2239454e-005, 0.956808021, -4.70442493e-006, 0.290720504, 0.290720504, -9.55213942e-006, -0.956808021, 7.27823429e-006, 1, -7.77189083e-006, 0, 0, 0, 0, 0, 0, 0, 0.244204443, -0.00437104492, -0.209844409, 0.130071015, 0.657953928, -0.741604948, -0.907226563, 0.380737305, 0.178588867, 0.399858536, 0.649701135, 0.646555755, 0, -0, 0, 0, 0, 0, 0, 0.297053809, 0.0421644043, -0.175759717, 0.129967903, 0.482139042, -0.866297508, -0.567871094, -0.679931641, -0.463745117, -0.812643746, 0.552324311, 0.185487788, 0, 2, 5, 1, 
680.324624, 54, 0.1, 0.1, 0.00755632169, 0.354664989, -0.019968268, 0.956808022, -5.09815036e-006, 0.2907205, 0.2907205, -9.54066969e-006, -0.956808022, 7.65161943e-006, 1, -7.64645247e-006, 0.956808022, 4.92166172e-006, 0.290720501, 0.290720501, 9.20109138e-006, -0.956808022, -7.38403131e-006, 1, 7.37285008e-006, 0, 0, 0, 0, 0, 0, 0, 0.244204443, -0.00437104492, -0.209844409, 0.130071015, 0.657953928, -0.741604948, -0.907226563, 0.380737305, 0.178588867, 0.399858536, 0.649701135, 0.646555755, 0, -0, 0, 0, 0, 0, 0, 0.297053809, 0.0421644043, -0.175759717, 0.129967903, 0.482139042, -0.866297508, -0.567871094, -0.679931641, -0.463745117, -0.812643746, 0.552324311, 0.185487788, 0, 2, 5, 1, 
680.325319, 54, 0.1, 0.1, 0.00755632066, 0.354664989, -0.0199678543, 0.956808023, 4.48360451e-006, 0.290720496, 0.290720496, 8.66711664e-006, -0.956808023, -6.80965722e-006, 1, 6.98929101e-006, 0.956808023, 8.02702014e-006, 0.290720497, 0.290720497, 1.56114422e-005, -0.956808023, -1.22188835e-005, 1, 1.26035338e-005, 0, 0, 0, 0, 0, 0, 0, 0.244204443, -0.00437104492, -0.209844409, 0.130071015, 0.657953928, -0.741604948, -0.907226563, 0.380737305, 0.178588867, 0.399858536, 0.649701135, 0.646555755, 0, -0, 0, 0, 0, 0, 0, 0.297053809, 0.0421644043, -0.175759717, 0.129967903, 0.482139042, -0.866297508, -0.567871094, -0.679931641, -0.463745117, -0.812643746, 0.552324311, 0.185487788, 0, 2, 5, 1, 
680.326064, 54, 0.1, 0.1, 0.00755632025, 0.35466499, -0.0199674966, 0.956808025, 7.37443576e-006, 0.290720488, 0.290720488, 1.49147284e-005, -0.956808025, -1.13919365e-005, 1, 1.21266323e-005, 0.956808025, 4.3390055e-006, 0.29072049, 0.29072049, 8.82039282e-006, -0.956808025, -6.71586421e-006, 1, 7.17798483e-006, 0, 0, 0, 0, 0, 0, 0, 0.247473022, -0.00827551269, -0.209251318, 0.13332297, 0.660181429, -0.7390135, -0.91003418, 0.376708984, 0.172485352, 0.392298736, 0.649719109, 0.65121258, 0, -0, 0, 0, 0, 0, 0, 0.299463672, 0.0381921387, -0.175597168, 0.127392217, 0.477793371, -0.869128757, -0.561645508, -0.687255859, -0.460327148, -0.817333199, 0.546957854, 0.180894217, 0, 2, 5, 1, 
680.326762, 54, 0.1, 0.1, 0.00755631982, 0.354664991, -0.0199676453, 0.956808027, 5.71791464e-006, 0.290720483, 0.290720483, 9.06644065e-006, -0.956808027, -8.10674663e-006, 1, 7.01252829e-006, 0.956808027, -5.09649675e-006, 0.290720483, 0.290720483, -1.04527618e-005, -0.956808027, 7.91520096e-006, 1, -8.51963038e-006, 0, 0, 0, 0, 0, 0, 0, 0.247473022, -0.00827551269, -0.209251318, 0.13332297, 0.660181429, -0.7390135, -0.91003418, 0.376708984, 0.172485352, 0.392298736, 0.649719109, 0.65121258, 0, -0, 0, 0, 0, 0, 0, 0.299463672, 0.0381921387, -0.175597168, 0.127392217, 0.477793371, -0.869128757, -0.561645508, -0.687255859, -0.460327148, -0.817333199, 0.546957854, 0.180894217, 0, 2, 5, 1, 
680.327457, 54, 0.1, 0.1, 0.00755631903, 0.354664992, -0.0199683216, 0.956808028, -4.6825419e-006, 0.290720481, 0.290720481, -8.55189772e-006, -0.956808028, 6.9665055e-006, 1, -6.82121355e-006, 0.956808027, -7.80255572e-006, 0.290720482, 0.290720482, -1.54816607e-005, -0.956808027, 1.19663838e-005, 1, -1.25446145e-005, 0, 0, 0, 0, 0, 0, 0, 0.247473022, -0.00827551269, -0.209251318, 0.13332297, 0.660181429, -0.7390135, -0.91003418, 0.376708984, 0.172485352, 0.392298736, 0.649719109, 0.65121258, 0, -0, 0, 0, 0, 0, 0, 0.299463672, 0.0381921387, -0.175597168, 0.127392217, 0.477793371, -0.869128757, -0.561645508, -0.687255859, -0.460327148, -0.817333199, 0.546957854, 0.180894217, 0, 2, 5, 1, 
680.328151, 54, 0.1, 0.1, 0.00755631795, 0.354664991, -0.0199693461, 0.95680803, -7.40035774e-006, 0.290720474, 0.290720474, -1.34637351e-005, -0.95680803, 1.09949052e-005, 1, -1.07307743e-005, 0.956808029, -4.64932813e-006, 0.290720475, 0.290720475, -7.70675984e-006, -0.956808029, 6.68902737e-006, 1, -6.02223481e-006, 0, 0, 0, 0, 0, 0, 0, 0.247473022, -0.00827551269, -0.209251318, 0.13332297, 0.660181429, -0.7390135, -0.91003418, 0.376708984, 0.172485352, 0.392298736, 0.649719109, 0.65121258, 0, -0, 0, 0, 0, 0, 0, 0.299463672, 0.0381921387, -0.175597168, 0.127392217, 0.477793371, -0.869128757, -0.561645508, -0.687255859, -0.460327148, -0.817333199, 0.546957854, 0.180894217, 0, 2, 5, 1, 
680.328843, 54, 0.1, 0.1, 0.00755631656, 0.354664991, -0.0199704122, 0.95680803, -3.52044851e-006, 0.290720474, 0.290720474, -7.67442412e-006, -0.95680803, 5.59950562e-006, 1, -6.31948417e-006, 0.95680803, 5.87171872e-006, 0.290720474, 0.290720473, 9.47632817e-006, -0.95680803, -8.37307024e-006, 1, 7.35999804e-006, 0, 0, 0, 0, 0, 0, 0, 0.247473022, -0.00827551269, -0.209251318, 0.13332297, 0.660181429, -0.7390135, -0.91003418, 0.376708984, 0.172485352, 0.392298736, 0.649719109, 0.65121258, 0, -0, 0, 0, 0, 0, 0, 0.299463672, 0.0381921387, -0.175597168, 0.127392217, 0.477793371, -0.869128757, -0.561645508, -0.687255859, -0.460327148, -0.817333199, 0.546957854, 0.180894217, 0, 2, 5, 1, 
680.329533, 54, 0.1, 0.1, 0.00755631555, 0.354664991, -0.0199712363, 0.956808031, 4.02917111e-006, 0.290720469, 0.290720469, 9.20516677e-006, -0.956808031, -6.53127368e-006, 1, 7.63621498e-006, 0.956808031, 7.23973089e-006, 0.29072047, 0.29072047, 1.52831481e-005, -0.956808031, -1.13701566e-005, 1, 1.25183008e-005, 0, 0, 0, 0, 0, 0, 0, 0.247473022, -0.00827551269, -0.209251318, 0.13332297, 0.660181429, -0.7390135, -0.91003418, 0.376708984, 0.172485352, 0.392298736, 0.649719109, 0.65121258, 0, -0, 0, 0, 0, 0, 0, 0.299463672, 0.0381921387, -0.175597168, 0.127392217, 0.477793371, -0.869128757, -0.561645508, -0.687255859, -0.460327148, -0.817333199, 0.546957854, 0.180894217, 0, 2, 5, 1, 
680.330241, 54, 0.1, 0.1, 0.00755631484, 0.354664991, -0.0199715375, 0.956808032, 8.18887453e-006, 0.290720468, 0.290720467, 1.40047135e-005, -0.956808032, -1.19066378e-005, 1, 1.1019149e-005, 0.956808032, 5.07186842e-006, 0.290720467, 0.290720467, 8.58298672e-006, -0.956808032, -7.34805435e-006, 1, 6.73777467e-006, 0, 0, 0, 0, 0, 0, 0, 0.247473022, -0.00827551269, -0.209251318, 0.134608776, 0.663563308, -0.735857408, -0.911987305, 0.373168945, 0.169555664, 0.387151407, 0.64844192, 0.655532789, 0, -0, 0, 0, 0, 0, 0, 0.299463672, 0.0381921387, -0.175597168, 0.127392217, 0.477793371, -0.869128757, -0.561645508, -0.687255859, -0.460327148, -0.817333199, 0.546957854, 0.180894217, 0, 2, 5, 1, 
680.331, 54, 0.1, 0.1, 0.00755631425, 0.354664992, -0.0199705908, 0.956808033, 5.14638198e-006, 0.290720465, 0.290720465, 1.13052258e-005, -0.956808033, -8.21076012e-006, 1, 9.32077232e-006, 0.956808032, -3.66552168e-006, 0.290720466, 0.290720466, -5.91643268e-006, -0.956808032, 5.22722865e-006, 1, -4.59524814e-006, 0, 0, 0, 0, 0, 0, 0, 0.249978735, -0.0123481689, -0.20907688, 0.134608776, 0.663563308, -0.735857408, -0.911987305, 0.373168945, 0.169555664, 0.387151407, 0.64844192, 0.655532789, 0, -0, 0, 0, 0, 0, 0, 0.301570703, 0.0342064453, -0.175644189, 0.123576995, 0.473364578, -0.872062085, -0.555786133, -0.694824219, -0.456054687, -0.821907447, 0.541214432, 0.177271859, 0, 2, 5, 1, 
680.331691, 54, 0.1, 0.1, 0.00755631366, 0.354664992, -0.0199691762, 0.956808034, -4.05017921e-006, 0.29072046, 0.29072046, -7.94948502e-006, -0.956808034, 6.18632195e-006, 1, -6.42866118e-006, 0.956808034, -7.93166258e-006, 0.29072046, 0.29072046, -1.41370881e-005, -0.956808034, 1.16990192e-005, 1, -1.12205829e-005, 0, 0, 0, 0, 0, 0, 0, 0.249978735, -0.0123481689, -0.20907688, 0.134608776, 0.663563308, -0.735857408, -0.911987305, 0.373168945, 0.169555664, 0.387151407, 0.64844192, 0.655532789, 0, -0, 0, 0, 0, 0, 0, 0.301570703, 0.0342064453, -0.175644189, 0.123576995, 0.473364578, -0.872062085, -0.555786133, -0.694824219, -0.456054687, -0.821907447, 0.541214432, 0.177271859, 0, 2, 5, 1, 
680.332387, 54, 0.1, 0.1, 0.00755631252, 0.354664992, -0.0199679896, 0.956808034, -8.14596664e-006, 0.29072046, 0.29072046, -1.57694473e-005, -0.956808034, 1.23786273e-005, 1, -1.27201347e-005, 0.956808034, -4.64877199e-006, 0.29072046, 0.29072046, -9.87004746e-006, -0.956808034, 7.31740713e-006, 1, -8.09224757e-006, 0, 0, 0, 0, 0, 0, 0, 0.249978735, -0.0123481689, -0.20907688, 0.134608776, 0.663563308, -0.735857408, -0.911987305, 0.373168945, 0.169555664, 0.387151407, 0.64844192, 0.655532789, 0, -0, 0, 0, 0, 0, 0, 0.301570703, 0.0342064453, -0.175644189, 0.123576995, 0.473364578, -0.872062085, -0.555786133, -0.694824219, -0.456054687, -0.821907447, 0.541214432, 0.177271859, 0, 2, 5, 1, 
680.333107, 54, 0.1, 0.1, 0.00755631129, 0.354664992, -0.0199671051, 0.956808036, -5.28788139e-006, 0.290720454, 0.290720454, -8.8268807e-006, -0.956808036, 7.62564218e-006, 1, -6.90833511e-006, 0.956808035, 4.98750468e-006, 0.290720455, 0.290720455, 1.09364356e-005, -0.956808035, -7.95153008e-006, 1, 9.01409979e-006, 0, 0, 0, 0, 0, 0, 0, 0.253227539, -0.0167031494, -0.20848916, 0.137410662, 0.665733522, -0.733342344, -0.914428711, 0.369750977, 0.164428711, 0.380651627, 0.648098192, 0.659707344, 0, -0, 0, 0, 0, 0, 0, 0.303952246, 0.0299376953, -0.175288428, 0.120662623, 0.468098733, -0.87521926, -0.549072266, -0.70300293, -0.451782227, -0.826877983, 0.535260291, 0.172275803, 0, 2, 5, 1, 
680.333805, 54, 0.1, 0.1, 0.00755631019, 0.354664992, -0.019966956, 0.956808036, 5.50896678e-006, 0.290720453, 0.290720453, 8.07720402e-006, -0.956808036, -7.6192321e-006, 1, 6.12676439e-006, 0.956808036, 9.4913974e-006, 0.290720453, 0.290720453, 1.55185858e-005, -0.956808036, -1.35930156e-005, 1, 1.20889643e-005, 0, 0, 0, 0, 0, 0, 0, 0.253227539, -0.0167031494, -0.20848916, 0.137410662, 0.665733522, -0.733342344, -0.914428711, 0.369750977, 0.164428711, 0.380651627, 0.648098192, 0.659707344, 0, -0, 0, 0, 0, 0, 0, 0.303952246, 0.0299376953, -0.175288428, 0.120662623, 0.468098733, -0.87521926, -0.549072266, -0.70300293, -0.451782227, -0.826877983, 0.535260291, 0.172275803, 0, 2, 5, 1, 
680.334502, 54, 0.1, 0.1, 0.00755630991, 0.354664993, -0.0199675276, 0.956808037, 6.019607e-006, 0.29072045, 0.29072045, 1.37774359e-005, -0.956808037, -9.76499073e-006, 1, 1.14323386e-005, 0.956808037, 3.35239674e-006, 0.290720451, 0.290720451, 7.62626606e-006, -0.956808037, -5.42471165e-006, 1, 6.32226237e-006, 0, 0, 0, 0, 0, 0, 0, 0.253227539, -0.0167031494, -0.20848916, 0.137410662, 0.665733522, -0.733342344, -0.914428711, 0.369750977, 0.164428711, 0.380651627, 0.648098192, 0.659707344, 0, -0, 0, 0, 0, 0, 0, 0.303952246, 0.0299376953, -0.175288428, 0.120662623, 0.468098733, -0.87521926, -0.549072266, -0.70300293, -0.451782227, -0.826877983, 0.535260291, 0.172275803, 0, 2, 5, 1, 
680.335197, 54, 0.1, 0.1, 0.00755631004, 0.354664994, -0.0199686852, 0.956808037, 2.62983891e-006, 0.29072045, 0.29072045, 7.02842583e-006, -0.956808037, -4.55955813e-006, 1, 5.96030638e-006, 0.956808037, -7.60007856e-006, 0.290720449, 0.290720449, -1.11941613e-005, -0.956808037, 1.05261879e-005, 1, -8.50116526e-006, 0, 0, 0, 0, 0, 0, 0, 0.253227539, -0.0167031494, -0.20848916, 0.137410662, 0.665733522, -0.733342344, -0.914428711, 0.369750977, 0.164428711, 0.380651627, 0.648098192, 0.659707344, 0, -0, 0, 0, 0, 0, 0, 0.303952246, 0.0299376953, -0.175288428, 0.120662623, 0.468098733, -0.87521926, -0.549072266, -0.70300293, -0.451782227, -0.826877983, 0.535260291, 0.172275803, 0, 2, 5, 1, 
680.335893, 54, 0.1, 0.1, 0.00755630961, 0.354664995, -0.0199700363, 0.956808039, -4.56868294e-006, 0.290720445, 0.290720445, -1.11605877e-005, -0.956808039, 7.61596358e-006, 1, -9.35033048e-006, 0.956808038, -8.06365272e-006, 0.290720446, 0.290720446, -1.75090695e-005, -0.956808038, 1.28056122e-005, 1, -1.44085497e-005, 0, 0, 0, 0, 0, 0, 0, 0.253227539, -0.0167031494, -0.20848916, 0.137410662, 0.665733522, -0.733342344, -0.914428711, 0.369750977, 0.164428711, 0.380651627, 0.648098192, 0.659707344, 0, -0, 0, 0, 0, 0, 0, 0.303952246, 0.0299376953, -0.175288428, 0.120662623, 0.468098733, -0.87521926, -0.549072266, -0.70300293, -0.451782227, -0.826877983, 0.535260291, 0.172275803, 0, 2, 5, 1, 
680.336587, 54, 0.1, 0.1, 0.00755630869, 0.354664995, -0.0199711757, 0.956808039, -8.13297457e-006, 0.290720443, 0.290720443, -1.43289346e-005, -0.956808039, 1.19474097e-005, 1, -1.13456179e-005, 0.956808039, -4.95011981e-006, 0.290720443, 0.290720443, -9.56669015e-006, -0.956808039, 7.51754683e-006, 1, -7.71438502e-006, 0, 0, 0, 0, 0, 0, 0, 0.253227539, -0.0167031494, -0.20848916, 0.137410662, 0.665733522, -0.733342344, -0.914428711, 0.369750977, 0.164428711, 0.380651627, 0.648098192, 0.659707344, 0, -0, 0, 0, 0, 0, 0, 0.303952246, 0.0299376953, -0.175288428, 0.120662623, 0.468098733, -0.87521926, -0.549072266, -0.70300293, -0.451782227, -0.826877983, 0.535260291, 0.172275803, 0, 2, 5, 1, 
680.337284, 54, 0.1, 0.1, 0.00755630777, 0.354664995, -0.0199717798, 0.956808041, -4.79605742e-006, 0.290720438, 0.290720438, -7.71271753e-006, -0.956808041, 6.83115091e-006, 1, -5.98527824e-006, 0.95680804, 3.80883758e-006, 0.290720439, 0.290720439, 8.99251097e-006, -0.95680804, -6.25863316e-006, 1, 7.49679986e-006, 0, 0, 0, 0, 0, 0, 0, 0.253227539, -0.0167031494, -0.20848916, 0.137410662, 0.665733522, -0.733342344, -0.914428711, 0.369750977, 0.164428711, 0.380651627, 0.648098192, 0.659707344, 0, -0, 0, 0, 0, 0, 0, 0.303952246, 0.0299376953, -0.175288428, 0.120662623, 0.468098733, -0.87521926, -0.549072266, -0.70300293, -0.451782227, -0.826877983, 0.535260291, 0.172275803, 0, 2, 5, 1, 
680.338008, 54, 0.1, 0.1, 0.00755630662, 0.354664995, -0.0199713665, 0.956808041, 6.04657824e-006, 0.290720437, 0.290720437, 8.97007314e-006, -0.956808041, -8.39319827e-006, 1, 6.82477424e-006, 0.956808041, 9.26461366e-006, 0.290720437, 0.290720437, 1.50195218e-005, -0.956808041, -1.32309388e-005, 1, 1.16773867e-005, 0, 0, 0, 0, 0, 0, 0, 0.256622559, -0.0198612305, -0.207613257, 0.138846992, 0.669490208, -0.729633589, -0.91784668, 0.363647461, 0.158935547, 0.371772699, 0.647626783, 0.66517594, 0, -0, 0, 0, 0, 0, 0, 0.306015332, 0.0268486328, -0.174867725, 0.116808755, 0.464742865, -0.877577663, -0.539916992, -0.711791992, -0.448974609, -0.833420176, 0.526315585, 0.167854673, 0, 2, 5, 1, 
680.338704, 54, 0.1, 0.1, 0.00755630587, 0.354664995, -0.0199704463, 0.956808042, 8.1435477e-006, 0.290720435, 0.290720435, 1.63429116e-005, -0.956808042, -1.25430303e-005, 1, 1.32695335e-005, 0.956808041, 5.53845736e-006, 0.290720436, 0.290720436, 1.07690573e-005, -0.956808041, -8.43002556e-006, 1, 8.69377787e-006, 0, 0, 0, 0, 0, 0, 0, 0.256622559, -0.0198612305, -0.207613257, 0.138846992, 0.669490208, -0.729633589, -0.91784668, 0.363647461, 0.158935547, 0.371772699, 0.647626783, 0.66517594, 0, -0, 0, 0, 0, 0, 0, 0.306015332, 0.0268486328, -0.174867725, 0.116808755, 0.464742865, -0.877577663, -0.539916992, -0.711791992, -0.448974609, -0.833420176, 0.526315585, 0.167854673, 0, 2, 5, 1, 
680.339401, 54, 0.1, 0.1, 0.00755630541, 0.354664996, -0.0199693015, 0.956808042, 5.78729957e-006, 0.290720434, 0.290720434, 1.0282692e-005, -0.956808042, -8.52672346e-006, 1, 8.15607619e-006, 0.956808042, -4.03992043e-006, 0.290720433, 0.290720433, -7.59939415e-006, -0.956808042, 6.07472752e-006, 1, -6.09667402e-006, 0, 0, 0, 0, 0, 0, 0, 0.256622559, -0.0198612305, -0.207613257, 0.138846992, 0.669490208, -0.729633589, -0.91784668, 0.363647461, 0.158935547, 0.371772699, 0.647626783, 0.66517594, 0, -0, 0, 0, 0, 0, 0, 0.306015332, 0.0268486328, -0.174867725, 0.116808755, 0.464742865, -0.877577663, -0.539916992, -0.711791992, -0.448974609, -0.833420176, 0.526315585, 0.167854673, 0, 2, 5, 1, 
680.340095, 54, 0.1, 0.1, 0.00755630484, 0.354664996, -0.0199683541, 0.956808041, -4.47867252e-006, 0.290720437, 0.290720436, -8.23128339e-006, -0.956808041, 6.67823219e-006, 1, -6.57371651e-006, 0.956808041, -8.15898782e-006, 0.290720436, 0.290720436, -1.4928413e-005, -0.956808041, 1.21465799e-005, 1, -1.19116411e-005, 0, 0, 0, 0, 0, 0, 0, 0.256622559, -0.0198612305, -0.207613257, 0.138846992, 0.669490208, -0.729633589, -0.91784668, 0.363647461, 0.158935547, 0.371772699, 0.647626783, 0.66517594, 0, -0, 0, 0, 0, 0, 0, 0.306015332, 0.0268486328, -0.174867725, 0.116808755, 0.464742865, -0.877577663, -0.539916992, -0.711791992, -0.448974609, -0.833420176, 0.526315585, 0.167854673, 0, 2, 5, 1, 
680.340793, 54, 0.1, 0.1, 0.00755630391, 0.354664996, -0.0199678657, 0.95680804, -8.35687793e-006, 0.290720442, 0.290720442, -1.57287532e-005, -0.95680804, 1.25685981e-005, 1, -1.26198822e-005, 0.95680804, -5.11816494e-006, 0.290720441, 0.290720441, -9.46886414e-006, -0.95680804, 7.64989372e-006, 1, -7.57193018e-006, 0, 0, 0, 0, 0, 0, 0, 0.256622559, -0.0198612305, -0.207613257, 0.138846992, 0.669490208, -0.729633589, -0.91784668, 0.363647461, 0.158935547, 0.371772699, 0.647626783, 0.66517594, 0, -0, 0, 0, 0, 0, 0, 0.306015332, 0.0268486328, -0.174867725, 0.116808755, 0.464742865, -0.877577663, -0.539916992, -0.711791992, -0.448974609, -0.833420176, 0.526315585, 0.167854673, 0, 2, 5, 1, 
680.341488, 54, 0.1, 0.1, 0.00755630287, 0.354664996, -0.0199678567, 0.956808038, -5.24604337e-006, 0.290720446, 0.290720446, -9.79200326e-006, -0.956808038, 7.86619202e-006, 1, -7.84393536e-006, 0.956808039, 4.8808804e-006, 0.290720445, 0.290720445, 9.26408178e-006, -0.956808038, -7.36332358e-006, 1, 7.44497619e-006, 0, 0, 0, 0, 0, 0, 0, 0.256622559, -0.0198612305, -0.207613257, 0.138846992, 0.669490208, -0.729633589, -0.91784668, 0.363647461, 0.158935547, 0.371772699, 0.647626783, 0.66517594, 0, -0, 0, 0, 0, 0, 0, 0.306015332, 0.0268486328, -0.174867725, 0.116808755, 0.464742865, -0.877577663, -0.539916992, -0.711791992, -0.448974609, -0.833420176, 0.526315585, 0.167854673, 0, 2, 5, 1, 
680.342187, 54, 0.1, 0.1, 0.007556302, 0.354664996, -0.0199683075, 0.956808037, 4.79009754e-006, 0.29072045, 0.29072045, 8.79767493e-006, -0.956808037, -7.14086784e-006, 1, 7.02510677e-006, 0.956808037, 8.17737187e-006, 0.29072045, 0.290720449, 1.55268793e-005, -0.956808037, -1.23381565e-005, 1, 1.24789137e-005, 0, 0, 0, 0, 0, 0, 0, 0.256622559, -0.0198612305, -0.207613257, 0.138846992, 0.669490208, -0.729633589, -0.91784668, 0.363647461, 0.158935547, 0.371772699, 0.647626783, 0.66517594, 0, -0, 0, 0, 0, 0, 0, 0.306015332, 0.0268486328, -0.174867725, 0.116808755, 0.464742865, -0.877577663, -0.539916992, -0.711791992, -0.448974609, -0.833420176, 0.526315585, 0.167854673, 0, 2, 5, 1, 
680.3429, 54, 0.1, 0.1, 0.00755630188, 0.354664997, -0.019968888, 0.956808037, 6.19118279e-006, 0.290720449, 0.290720449, 1.28118759e-005, -0.956808037, -9.64844777e-006, 1, 1.04586024e-005, 0.956808037, 3.21255988e-006, 0.29072045, 0.29072045, 7.09475368e-006, -0.956808037, -5.13639309e-006, 1, 5.85436049e-006, 0, 0, 0, 0, 0, 0, 0, 0.258827026, -0.0231677246, -0.207574048, 0.138584518, 0.674851341, -0.724820631, -0.919799805, 0.359008789, 0.158325195, 0.366994186, 0.644800192, 0.670593239, 0, -0, 0, 0, 0, 0, 0, 0.307739453, 0.0236261719, -0.17502251, 0.110884863, 0.462549973, -0.879539411, -0.532592773, -0.719482422, -0.44543457, -0.838952511, 0.517984084, 0.166666543, 0, 2, 5, 1, 
680.343586, 54, 0.1, 0.1, 0.00755630175, 0.354664998, -0.0199697124, 0.956808038, 4.01296816e-006, 0.290720447, 0.290720447, 7.2302282e-006, -0.956808038, -5.94161537e-006, 1, 5.75128856e-006, 0.956808038, -5.46198547e-006, 0.290720447, 0.290720447, -1.06240849e-005, -0.956808038, 8.31471032e-006, 1, -8.57729899e-006, 0, 0, 0, 0, 0, 0, 0, 0.258827026, -0.0231677246, -0.207574048, 0.138584518, 0.674851341, -0.724820631, -0.919799805, 0.359008789, 0.158325195, 0.366994186, 0.644800192, 0.670593239, 0, -0, 0, 0, 0, 0, 0, 0.307739453, 0.0236261719, -0.17502251, 0.110884863, 0.462549973, -0.879539411, -0.532592773, -0.719482422, -0.44543457, -0.838952511, 0.517984084, 0.166666543, 0, 2, 5, 1, 
680.344272, 54, 0.1, 0.1, 0.00755630133, 0.354664999, -0.0199705575, 0.956808038, -4.6273681e-006, 0.290720447, 0.290720447, -8.44290518e-006, -0.956808038, 6.88202816e-006, 1, -6.73296902e-006, 0.956808038, -7.84619387e-006, 0.290720447, 0.290720447, -1.47507206e-005, -0.956808038, 1.17956375e-005, 1, -1.18325591e-005, 0, 0, 0, 0, 0, 0, 0, 0.258827026, -0.0231677246, -0.207574048, 0.138584518, 0.674851341, -0.724820631, -0.919799805, 0.359008789, 0.158325195, 0.366994186, 0.644800192, 0.670593239, 0, -0, 0, 0, 0, 0, 0, 0.307739453, 0.0236261719, -0.17502251, 0.110884863, 0.462549973, -0.879539411, -0.532592773, -0.719482422, -0.44543457, -0.838952511, 0.517984084, 0.166666543, 0, 2, 5, 1, 
680.344957, 54, 0.1, 0.1, 0.00755630038, 0.354664999, -0.0199712134, 0.956808039, -6.3306762e-006, 0.290720444, 0.290720444, -1.29747794e-005, -0.956808039, 9.82927552e-006, 1, -1.05739163e-005, 0.956808039, -3.70196761e-006, 0.290720445, 0.290720445, -7.94349427e-006, -0.956808039, 5.85140856e-006, 1, -6.52416151e-006, 0, 0, 0, 0, 0, 0, 0, 0.258827026, -0.0231677246, -0.207574048, 0.138584518, 0.674851341, -0.724820631, -0.919799805, 0.359008789, 0.158325195, 0.366994186, 0.644800192, 0.670593239, 0, -0, 0, 0, 0, 0, 0, 0.307739453, 0.0236261719, -0.17502251, 0.110884863, 0.462549973, -0.879539411, -0.532592773, -0.719482422, -0.44543457, -0.838952511, 0.517984084, 0.166666543, 0, 2, 5, 1, 
680.345655, 54, 0.1, 0.1, 0.00755629922, 0.354664998, -0.0199713588, 0.95680804, -3.68510646e-006, 0.29072044, 0.29072044, -6.38423793e-006, -0.95680804, 5.38196795e-006, 1, -5.03715441e-006, 0.95680804, 5.15505392e-006, 0.290720441, 0.290720441, 1.02469509e-005, -0.95680804, -7.91139512e-006, 1, 8.30568549e-006, 0, 0, 0, 0, 0, 0, 0, 0.258827026, -0.0231677246, -0.207574048, 0.138584518, 0.674851341, -0.724820631, -0.919799805, 0.359008789, 0.158325195, 0.366994186, 0.644800192, 0.670593239, 0, -0, 0, 0, 0, 0, 0, 0.309350439, 0.0196287598, -0.175265674, 0.106156031, 0.458025298, -0.882491696, -0.526977539, -0.7265625, -0.440551758, -0.84300907, 0.511985099, 0.164392362, 0, 2, 5, 1, 
680.346344, 54, 0.1, 0.1, 0.00755629817, 0.354664997, -0.0199710768, 0.95680804, 5.29548133e-006, 0.29072044, 0.29072044, 9.5494462e-006, -0.95680804, -7.84297832e-006, 1, 7.59748224e-006, 0.95680804, 8.83722847e-006, 0.29072044, 0.29072044, 1.57569623e-005, -0.95680804, -1.30364023e-005, 1, 1.25072252e-005, 0, 0, 0, 0, 0, 0, 0, 0.258827026, -0.0231677246, -0.207574048, 0.138584518, 0.674851341, -0.724820631, -0.919799805, 0.359008789, 0.158325195, 0.366994186, 0.644800192, 0.670593239, 0, -0, 0, 0, 0, 0, 0, 0.309350439, 0.0196287598, -0.175265674, 0.106156031, 0.458025298, -0.882491696, -0.526977539, -0.7265625, -0.440551758, -0.84300907, 0.511985099, 0.164392362, 0, 2, 5, 1, 
680.347039, 54, 0.1, 0.1, 0.00755629764, 0.354664998, -0.0199704157, 0.956808039, 8.11126898e-006, 0.290720444, 0.290720443, 1.52237441e-005, -0.956808039, -1.2186781e-005, 1, 1.22080891e-005, 0.956808039, 5.1309871e-006, 0.290720443, 0.290720443, 1.01434261e-005, -0.956808039, -7.85827105e-006, 1, 8.21362884e-006, 0, 0, 0, 0, 0, 0, 0, 0.258827026, -0.0231677246, -0.207574048, 0.138584518, 0.674851341, -0.724820631, -0.919799805, 0.359008789, 0.158325195, 0.366994186, 0.644800192, 0.670593239, 0, -0, 0, 0, 0, 0, 0, 0.309350439, 0.0196287598, -0.175265674, 0.106156031, 0.458025298, -0.882491696, -0.526977539, -0.7265625, -0.440551758, -0.84300907, 0.511985099, 0.164392362, 0, 2, 5, 1, 
680.347745, 54, 0.1, 0.1, 0.00755629733, 0.354664999, -0.0199694486, 0.95680804, 4.76299729e-006, 0.290720441, 0.290720441, 7.91079968e-006, -0.95680804, -6.85710527e-006, 1, 6.18441607e-006, 0.95680804, -4.69192282e-006, 0.290720442, 0.290720442, -1.03590039e-005, -0.95680804, 7.50084366e-006, 1, -8.54754031e-006, 0, 0, 0, 0, 0, 0, 0, 0.261538281, -0.027002124, -0.207366406, 0.139483534, 0.678581818, -0.72102351, -0.921386719, 0.355712891, 0.15637207, 0.362526078, 0.642602648, 0.675059103, 0, -0, 0, 0, 0, 0, 0, 0.309350439, 0.0196287598, -0.175265674, 0.106156031, 0.458025298, -0.882491696, -0.526977539, -0.7265625, -0.440551758, -0.84300907, 0.511985099, 0.164392362, 0, 2, 5, 1, 
680.348436, 54, 0.1, 0.1, 0.00755629715, 0.354665, -0.0199686178, 0.956808039, -6.17456336e-006, 0.290720442, 0.290720442, -9.34352226e-006, -0.956808039, 8.62422478e-006, 1, -7.14488543e-006, 0.95680804, -9.7890553e-006, 0.290720442, 0.290720442, -1.60656354e-005, -0.95680804, 1.40368554e-005, 1, -1.25258506e-005, 0, 0, 0, 0, 0, 0, 0, 0.261538281, -0.027002124, -0.207366406, 0.139483534, 0.678581818, -0.72102351, -0.921386719, 0.355712891, 0.15637207, 0.362526078, 0.642602648, 0.675059103, 0, -0, 0, 0, 0, 0, 0, 0.309350439, 0.0196287598, -0.175265674, 0.106156031, 0.458025298, -0.882491696, -0.526977539, -0.7265625, -0.440551758, -0.84300907, 0.511985099, 0.164392362, 0, 2, 5, 1, 
680.349126, 54, 0.1, 0.1, 0.0075562964, 0.354665, -0.0199681833, 0.95680804, -7.69116994e-006, 0.290720441, 0.290720441, -1.62718784e-005, -0.95680804, 1.20895409e-005, 1, -1.33330837e-005, 0.95680804, -5.03349563e-006, 0.290720442, 0.290720442, -1.04493261e-005, -0.95680804, 7.85392177e-006, 1, -8.53465911e-006, 0, 0, 0, 0, 0, 0, 0, 0.261538281, -0.027002124, -0.207366406, 0.139483534, 0.678581818, -0.72102351, -0.921386719, 0.355712891, 0.15637207, 0.362526078, 0.642602648, 0.675059103, 0, -0, 0, 0, 0, 0, 0, 0.309350439, 0.0196287598, -0.175265674, 0.106156031, 0.458025298, -0.882491696, -0.526977539, -0.7265625, -0.440551758, -0.84300907, 0.511985099, 0.164392362, 0, 2, 5, 1, 
680.349843, 54, 0.1, 0.1, 0.00755629538, 0.354664999, -0.0199681759, 0.956808039, -6.41547487e-006, 0.290720442, 0.290720442, -1.21164817e-005, -0.956808039, 9.66088684e-006, 1, -9.72803737e-006, 0.95680804, 4.91268788e-006, 0.290720441, 0.290720441, 8.05160361e-006, -0.95680804, -7.04126501e-006, 1, 6.27562028e-006, 0, 0, 0, 0, 0, 0, 0, 0.264185327, -0.0296518311, -0.206886816, 0.139233043, 0.683657633, -0.716331119, -0.923828125, 0.349975586, 0.154418945, 0.356262563, 0.640315615, 0.680495498, 0, -0, 0, 0, 0, 0, 0, 0.309350439, 0.0196287598, -0.175265674, 0.0997592927, 0.454924993, -0.884792129, -0.519042969, -0.734741211, -0.436401367, -0.848713845, 0.502944512, 0.16292315, 0, 2, 5, 1, 
680.350534, 54, 0.1, 0.1, 0.00755629495, 0.354665, -0.0199684108, 0.95680804, 3.05575477e-006, 0.290720441, 0.290720441, 7.49813301e-006, -0.95680804, -5.10363126e-006, 1, 6.28590358e-006, 0.95680804, 6.30728432e-006, 0.290720442, 0.290720442, 1.39776534e-005, -0.95680804, -1.00984499e-005, 1, 1.15402747e-005, 0, 0, 0, 0, 0, 0, 0, 0.264185327, -0.0296518311, -0.206886816, 0.139233043, 0.683657633, -0.716331119, -0.923828125, 0.349975586, 0.154418945, 0.356262563, 0.640315615, 0.680495498, 0, -0, 0, 0, 0, 0, 0, 0.311039648, 0.016777832, -0.175448779, 0.0997592927, 0.454924993, -0.884792129, -0.519042969, -0.734741211, -0.436401367, -0.848713845, 0.502944512, 0.16292315, 0, 2, 5, 1, 
680.351232, 54, 0.1, 0.1, 0.00755629466, 0.354665001, -0.0199689712, 0.95680804, 8.63677059e-006, 0.290720442, 0.290720442, 1.32860714e-005, -0.95680804, -1.21262641e-005, 1, 1.02013341e-005, 0.95680804, 5.06431019e-006, 0.290720441, 0.290720441, 7.30810486e-006, -0.95680804, -6.97018818e-006, 1, 5.52015499e-006, 0, 0, 0, 0, 0, 0, 0, 0.264185327, -0.0296518311, -0.206886816, 0.139233043, 0.683657633, -0.716331119, -0.923828125, 0.349975586, 0.154418945, 0.356262563, 0.640315615, 0.680495498, 0, -0, 0, 0, 0, 0, 0, 0.311039648, 0.016777832, -0.175448779, 0.0997592927, 0.454924993, -0.884792129, -0.519042969, -0.734741211, -0.436401367, -0.848713845, 0.502944512, 0.16292315, 0, 2, 5, 1, 
680.351923, 54, 0.1, 0.1, 0.00755629418, 0.354665002, -0.019969717, 0.95680804, 5.62663765e-006, 0.290720442, 0.290720442, 9.66020159e-006, -0.956808039, -8.19203022e-006, 1, 7.60717996e-006, 0.956808039, -3.631341e-006, 0.290720443, 0.290720443, -8.71596659e-006, -0.956808039, 6.00840593e-006, 1, -7.28380184e-006, 0, 0, 0, 0, 0, 0, 0, 0.264185327, -0.0296518311, -0.206886816, 0.139233043, 0.683657633, -0.716331119, -0.923828125, 0.349975586, 0.154418945, 0.356262563, 0.640315615, 0.680495498, 0, -0, 0, 0, 0, 0, 0, 0.311039648, 0.016777832, -0.175448779, 0.0997592927, 0.454924993, -0.884792129, -0.519042969, -0.734741211, -0.436401367, -0.848713845, 0.502944512, 0.16292315, 0, 2, 5, 1, 
680.352613, 54, 0.1, 0.1, 0.0075562937, 0.354665002, -0.0199704298, 0.956808039, -4.02806194e-006, 0.290720444, 0.290720444, -6.03828809e-006, -0.956808039, 5.60953584e-006, 1, -4.60644263e-006, 0.956808039, -7.48525899e-006, 0.290720444, 0.290720444, -1.22772296e-005, -0.956808039, 1.07311976e-005, 1, -9.57083418e-006, 0, 0, 0, 0, 0, 0, 0, 0.264185327, -0.0296518311, -0.206886816, 0.139233043, 0.683657633, -0.716331119, -0.923828125, 0.349975586, 0.154418945, 0.356262563, 0.640315615, 0.680495498, 0, -0, 0, 0, 0, 0, 0, 0.311039648, 0.016777832, -0.175448779, 0.0997592927, 0.454924993, -0.884792129, -0.519042969, -0.734741211, -0.436401367, -0.848713845, 0.502944512, 0.16292315, 0, 2, 5, 1, 
680.353303, 54, 0.1, 0.1, 0.00755629258, 0.354665001, -0.0199709162, 0.956808039, -5.04669942e-006, 0.290720444, 0.290720444, -1.17406631e-005, -0.956808039, 8.24197338e-006, 1, -9.76638218e-006, 0.956808039, -2.47849242e-006, 0.290720445, 0.290720445, -6.34768962e-006, -0.956808039, 4.21684462e-006, 1, -5.35297204e-006, 0, 0, 0, 0, 0, 0, 0, 0.264185327, -0.0296518311, -0.206886816, 0.139233043, 0.683657633, -0.716331119, -0.923828125, 0.349975586, 0.154418945, 0.356262563, 0.640315615, 0.680495498, 0, -0, 0, 0, 0, 0, 0, 0.311039648, 0.016777832, -0.175448779, 0.0997592927, 0.454924993, -0.884792129, -0.519042969, -0.734741211, -0.436401367, -0.848713845, 0.502944512, 0.16292315, 0, 2, 5, 1, 
680.353996, 54, 0.1, 0.1, 0.00755629127, 0.354665, -0.0199710582, 0.956808039, -3.32357478e-006, 0.290720446, 0.290720445, -6.39430807e-006, -0.956808038, 5.03897915e-006, 1, -5.15189422e-006, 0.956808039, 6.30149085e-006, 0.290720444, 0.290720444, 1.04923088e-005, -0.956808039, -9.07964579e-006, 1, 8.20715323e-006, 0, 0, 0, 0, 0, 0, 0, 0.264185327, -0.0296518311, -0.206886816, 0.139233043, 0.683657633, -0.716331119, -0.923828125, 0.349975586, 0.154418945, 0.356262563, 0.640315615, 0.680495498, 0, -0, 0, 0, 0, 0, 0, 0.311039648, 0.016777832, -0.175448779, 0.0997592927, 0.454924993, -0.884792129, -0.519042969, -0.734741211, -0.436401367, -0.848713845, 0.502944512, 0.16292315, 0, 2, 5, 1, 
680.354713, 54, 0.1, 0.1, 0.00755629043, 0.354665, -0.0199706992, 0.956808039, 3.87483256e-006, 0.290720444, 0.290720444, 9.79908027e-006, -0.956808039, -6.55626392e-006, 1, 8.24934573e-006, 0.956808039, 7.56092724e-006, 0.290720445, 0.290720445, 1.70119205e-005, -0.956808039, -1.21800691e-005, 1, 1.40790262e-005, 0, 0, 0, 0, 0, 0, 0, 0.266196216, -0.0327050537, -0.20678938, 0.139459951, 0.689715961, -0.71041995, -0.925048828, 0.346557617, 0.154785156, 0.353013234, 0.635648312, 0.686604001, 0, -0, 0, 0, 0, 0, 0, 0.311039648, 0.016777832, -0.175448779, 0.0939057632, 0.45258518, -0.886670756, -0.511962891, -0.741821289, -0.432861328, -0.853747813, 0.494843054, 0.162111985, 0, 2, 5, 1, 
680.355403, 54, 0.1, 0.1, 0.00755629006, 0.354665, -0.0199698888, 0.956808039, 8.18720283e-006, 0.290720445, 0.290720445, 1.37820541e-005, -0.956808039, -1.18403064e-005, 1, 1.08065929e-005, 0.956808039, 5.1913731e-006, 0.290720444, 0.290720444, 8.75794982e-006, -0.956808039, -7.51326257e-006, 1, 6.8704385e-006, 0, 0, 0, 0, 0, 0, 0, 0.266196216, -0.0327050537, -0.20678938, 0.139459951, 0.689715961, -0.71041995, -0.925048828, 0.346557617, 0.154785156, 0.353013234, 0.635648312, 0.686604001, 0, -0, 0, 0, 0, 0, 0, 0.312555664, 0.0137737305, -0.175590137, 0.0939057632, 0.45258518, -0.886670756, -0.511962891, -0.741821289, -0.432861328, -0.853747813, 0.494843054, 0.162111985, 0, 2, 5, 1, 
680.356102, 54, 0.1, 0.1, 0.00755628996, 0.354665001, -0.0199690356, 0.956808039, 3.53541935e-006, 0.290720444, 0.290720444, 7.57754825e-006, -0.956808039, -5.58566585e-006, 1, 6.2224404e-006, 0.956808039, -5.5313985e-006, 0.290720445, 0.290720445, -1.05670649e-005, -0.956808038, 8.36454836e-006, 1, -8.50256201e-006, 0, 0, 0, 0, 0, 0, 0, 0.266196216, -0.0327050537, -0.20678938, 0.139459951, 0.689715961, -0.71041995, -0.925048828, 0.346557617, 0.154785156, 0.353013234, 0.635648312, 0.686604001, 0, -0, 0, 0, 0, 0, 0, 0.312555664, 0.0137737305, -0.175590137, 0.0939057632, 0.45258518, -0.886670756, -0.511962891, -0.741821289, -0.432861328, -0.853747813, 0.494843054, 0.162111985, 0, 2, 5, 1, 
680.356806, 54, 0.1, 0.1, 0.00755629, 0.354665002, -0.0199684331, 0.956808039, -5.98240405e-006, 0.290720444, 0.290720444, -9.60504994e-006, -0.956808039, 8.51639667e-006, 1, -7.45098184e-006, 0.956808039, -1.03001506e-005, 0.290720444, 0.290720444, -1.69258105e-005, -0.956808039, 1.4775946e-005, 1, -1.32002872e-005, 0, 0, 0, 0, 0, 0, 0, 0.266196216, -0.0327050537, -0.20678938, 0.139459951, 0.689715961, -0.71041995, -0.925048828, 0.346557617, 0.154785156, 0.353013234, 0.635648312, 0.686604001, 0, -0, 0, 0, 0, 0, 0, 0.312555664, 0.0137737305, -0.175590137, 0.0939057632, 0.45258518, -0.886670756, -0.511962891, -0.741821289, -0.432861328, -0.853747813, 0.494843054, 0.162111985, 0, 2, 5, 1, 
680.357496, 54, 0.1, 0.1, 0.00755628922, 0.354665002, -0.0199681191, 0.956808039, -7.72001984e-006, 0.290720445, 0.290720445, -1.61957509e-005, -0.956808039, 1.20950129e-005, 1, -1.3251857e-005, 0.956808039, -4.65057832e-006, 0.290720445, 0.290720445, -1.03773329e-005, -0.956808039, 7.46661357e-006, 1, -8.57709735e-006, 0, 0, 0, 0, 0, 0, 0, 0.266196216, -0.0327050537, -0.20678938, 0.139459951, 0.689715961, -0.71041995, -0.925048828, 0.346557617, 0.154785156, 0.353013234, 0.635648312, 0.686604001, 0, -0, 0, 0, 0, 0, 0, 0.312555664, 0.0137737305, -0.175590137, 0.0939057632, 0.45258518, -0.886670756, -0.511962891, -0.741821289, -0.432861328, -0.853747813, 0.494843054, 0.162111985, 0, 2, 5, 1, 
680.358188, 54, 0.1, 0.1, 0.00755628832, 0.354665002, -0.0199683092, 0.956808039, -5.29137074e-006, 0.290720443, 0.290720443, -9.07806417e-006, -0.956808039, 7.7020049e-006, 1, -7.14765513e-006, 0.956808039, 4.7136857e-006, 0.290720443, 0.290720443, 9.53546894e-006, -0.956808039, -7.28224813e-006, 1, 7.75324854e-006, 0, 0, 0, 0, 0, 0, 0, 0.266196216, -0.0327050537, -0.20678938, 0.139459951, 0.689715961, -0.71041995, -0.925048828, 0.346557617, 0.154785156, 0.353013234, 0.635648312, 0.686604001, 0, -0, 0, 0, 0, 0, 0, 0.312555664, 0.0137737305, -0.175590137, 0.0939057632, 0.45258518, -0.886670756, -0.511962891, -0.741821289, -0.432861328, -0.853747813, 0.494843054, 0.162111985, 0, 2, 5, 1, 
680.358879, 54, 0.1, 0.1, 0.00755628753, 0.354665002, -0.0199689387, 0.956808038, 5.24809876e-006, 0.290720446, 0.290720446, 8.57178043e-006, -0.956808038, -7.5134149e-006, 1, 6.6758188e-006, 0.956808039, 8.71266795e-006, 0.290720445, 0.290720445, 1.5074271e-005, -0.956808039, -1.27187495e-005, 1, 1.1890233e-005, 0, 0, 0, 0, 0, 0, 0, 0.266196216, -0.0327050537, -0.20678938, 0.139459951, 0.689715961, -0.71041995, -0.925048828, 0.346557617, 0.154785156, 0.353013234, 0.635648312, 0.686604001, 0, -0, 0, 0, 0, 0, 0, 0.312555664, 0.0137737305, -0.175590137, 0.0939057632, 0.45258518, -0.886670756, -0.511962891, -0.741821289, -0.432861328, -0.853747813, 0.494843054, 0.162111985, 0, 2, 5, 1, 
680.359599, 54, 0.1, 0.1, 0.00755628713, 0.354665002, -0.0199695936, 0.956808038, 8.23364598e-006, 0.290720445, 0.290720445, 1.70507317e-005, -0.956808038, -1.2835015e-005, 1, 1.39205879e-005, 0.956808038, 5.39897841e-006, 0.290720446, 0.290720446, 1.14461528e-005, -0.956808038, -8.4934166e-006, 1, 9.38217762e-006, 0, 0, 0, 0, 0, 0, 0, 0.268955566, -0.036274707, -0.206303687, 0.141279323, 0.694340585, -0.705606992, -0.926391602, 0.34387207, 0.152954102, 0.348893724, 0.632073229, 0.6920213, 0, -0, 0, 0, 0, 0, 0, 0.314199854, 0.0102176758, -0.175595166, 0.0896625373, 0.448098784, -0.889367477, -0.505981445, -0.748535156, -0.428222656, -0.857753333, 0.488479865, 0.159741922, 0, 2, 5, 1, 
