time, trialNum, realDorsalTactorPos, realVentralTactorPos, boxPosX, boxPosY, boxPosZ, boxLocalRot_11, boxLocalRot_12, boxLocalRot_13, boxLocalRot_21, boxLocalRot_22, boxLocalRot_23, boxLocalRot_31, boxLocalRot_32, boxLocalRot_33, boxGlobalRot_11, boxGlobalRot_12, boxGlobalRot_13, boxGlobalRot_21, boxGlobalRot_22, boxGlobalRot_23, boxGlobalRot_31, boxGlobalRot_32, boxGlobalRot_33, indexForceX, indexForceY, indexForceZ, indexForceGlobalX, indexForceGlobalY, indexForceGlobalZ, indexContact, indexPosX, indexPosY, indexPosZ, indexRot_11, indexRot_12, indexRot_13, indexRot_21, indexRot_22, indexRot_23, indexRot_31, indexRot_32, indexRot_33, thumbForceX, thumbForceY, thumbForceZ, thumbForceGlobalX, thumbForceGlobalY, thumbForceGlobalZ, thumbContact, thumbPosX, thumbPosY, thumbPosZ, thumbRot_11, thumbRot_12, thumbRot_13, thumbRot_21, thumbRot_22, thumbRot_23, thumbRot_31, thumbRot_32, thumbRot_33, manipForceTooHigh, cceExpType, mapping, trialSuccess, 
391.153811, 21, 0.1, 0.1, 0.00870984006, 0.370867939, -0.0199684471, 0.995249266, -0.0973596232, 3.96102009e-005, -0.0973596212, -0.995249266, -5.01371765e-005, 4.430336e-005, 4.60425539e-005, -0.999999998, 0.995249268, -0.0973596054, 3.15319416e-005, -0.0973596042, -0.995249268, -3.60210291e-005, 3.4889135e-005, 3.27799655e-005, -0.999999999, 0, 0, 0, 0, 0, 0, 0, 0.297033105, -0.114378394, -0.208306519, -0.017333383, 0.589312413, -0.807645889, -0.977905273, 0.158203125, 0.136474609, 0.208155133, 0.792198293, 0.573714649, 0, 0, -0, 0, 0, 0, 0, 0.337575879, -0.0623652832, -0.17519248, 0.0439425375, 0.316405502, -0.947550072, 0.272338867, -0.916259766, -0.293334961, -0.961121095, -0.245002165, -0.126349436, 0, 2, 1, 1, 
391.182367, 21, 0.1, 0.1, 0.00870983588, 0.370867927, -0.0199705605, 0.995256446, -0.0972862031, 3.35860027e-005, -0.0972862042, -0.995256446, 3.35208513e-005, 3.01655694e-005, -3.66292981e-005, -0.999999999, 0.995256387, -0.0972868138, 2.8468933e-005, -0.0972868144, -0.995256387, 2.04185567e-005, 2.63474311e-005, -2.30913507e-005, -0.999999999, 0, 0, 0, 0, 0, 0, 0, 0.310836157, -0.124039941, -0.203646509, -0.0367525656, 0.587483301, -0.808349075, -0.987182617, 0.104125977, 0.120605469, 0.154996499, 0.802498942, 0.576297862, 0, 0, -0, 0, 0, 0, 0, 0.347345508, -0.069801123, -0.170199023, 0.0313514202, 0.3155345, -0.948330254, 0.324584961, -0.900512695, -0.28894043, -0.945260495, -0.298609533, -0.130604689, 0, 2, 1, 1, 
391.183055, 21, 0.1, 0.1, 0.00870983535, 0.370867929, -0.0199711042, 0.995256739, -0.0972832041, -2.69762941e-005, -0.0972832046, -0.99525674, -1.88351473e-005, -2.5015995e-005, 2.13701477e-005, -0.999999999, 0.995256682, -0.0972837971, -2.31645871e-005, -0.0972837973, -0.995256682, -4.64807996e-006, -2.26025272e-005, 6.87957163e-006, -1, 0, 0, 0, 0, 0, 0, 0, 0.310836157, -0.124039941, -0.203646509, -0.0367525656, 0.587483301, -0.808349075, -0.987182617, 0.104125977, 0.120605469, 0.154996499, 0.802498942, 0.576297862, 0, 0, -0, 0, 0, 0, 0, 0.347345508, -0.069801123, -0.170199023, 0.0313514202, 0.3155345, -0.948330254, 0.324584961, -0.900512695, -0.28894043, -0.945260495, -0.298609533, -0.130604689, 0, 2, 1, 1, 
391.18377, 21, 0.1, 0.1, 0.00870983854, 0.370867929, -0.0199711149, 0.995257043, -0.0972800909, 4.22909217e-005, -0.0972800919, -0.995257044, 2.29078015e-005, 3.98618647e-005, -2.69132155e-005, -0.999999999, 0.995256985, -0.0972806851, 3.82746281e-005, -0.0972806856, -0.995256986, 1.16245416e-005, 3.69622477e-005, -1.52927882e-005, -0.999999999, 0, 0, 0, 0, 0, 0, 0, 0.311568237, -0.125895215, -0.203029517, -0.0396484274, 0.586024509, -0.809301632, -0.987670898, 0.0992431641, 0.120239258, 0.150758665, 0.804213095, 0.574965629, 0, 0, -0, 0, 0, 0, 0, 0.348252393, -0.0715449707, -0.16912627, 0.0310641409, 0.314319751, -0.948739302, 0.329223633, -0.899414063, -0.287231445, -0.943695034, -0.303401431, -0.131384138, 0, 2, 1, 1, 
391.184457, 21, 0.1, 0.1, 0.0087098385, 0.370867929, -0.0199706387, 0.995257334, -0.0972771238, -2.84905232e-005, -0.0972771245, -0.995257334, -2.71546454e-005, -2.57138764e-005, 2.97973361e-005, -0.999999999, 0.995257276, -0.0972777143, -2.28057167e-005, -0.0972777146, -0.995257276, -1.37344178e-005, -2.13615027e-005, 1.58877673e-005, -1, 0, 0, 0, 0, 0, 0, 0, 0.311568237, -0.125895215, -0.203029517, -0.0396484274, 0.586024509, -0.809301632, -0.987670898, 0.0992431641, 0.120239258, 0.150758665, 0.804213095, 0.574965629, 0, 0, -0, 0, 0, 0, 0, 0.348252393, -0.0715449707, -0.16912627, 0.0310641409, 0.314319751, -0.948739302, 0.329223633, -0.899414063, -0.287231445, -0.943695034, -0.303401431, -0.131384138, 0, 2, 1, 1, 
391.185144, 21, 0.1, 0.1, 0.00870983973, 0.370867928, -0.0199700316, 0.99525762, -0.0972741915, 2.89958322e-005, -0.0972741921, -0.99525762, 2.24658319e-005, 2.66729773e-005, -2.51798365e-005, -0.999999999, 0.995257563, -0.0972747753, 2.63494577e-005, -0.0972747756, -0.995257564, 9.00055407e-006, 2.53489702e-005, -1.15210071e-005, -1, 0, 0, 0, 0, 0, 0, 0, 0.311568237, -0.125895215, -0.203029517, -0.0396484274, 0.586024509, -0.809301632, -0.987670898, 0.0992431641, 0.120239258, 0.150758665, 0.804213095, 0.574965629, 0, 0, -0, 0, 0, 0, 0, 0.348252393, -0.0715449707, -0.16912627, 0.0310641409, 0.314319751, -0.948739302, 0.329223633, -0.899414063, -0.287231445, -0.943695034, -0.303401431, -0.131384138, 0, 2, 1, 1, 
391.185831, 21, 0.1, 0.1, 0.00870983645, 0.370867929, -0.0199694728, 0.995257907, -0.0972712538, -4.55834257e-005, -0.097271255, -0.995257907, -2.51604847e-005, -4.29198729e-005, 2.94751284e-005, -0.999999999, 0.995257849, -0.097271845, -4.01958776e-005, -0.0972718455, -0.99525785, -1.19086629e-005, -3.88468852e-005, 1.57621174e-005, -0.999999999, 0, 0, 0, 0, 0, 0, 0, 0.311568237, -0.125895215, -0.203029517, -0.0396484274, 0.586024509, -0.809301632, -0.987670898, 0.0992431641, 0.120239258, 0.150758665, 0.804213095, 0.574965629, 0, 0, -0, 0, 0, 0, 0, 0.348252393, -0.0715449707, -0.16912627, 0.0310641409, 0.314319751, -0.948739302, 0.329223633, -0.899414063, -0.287231445, -0.943695034, -0.303401431, -0.131384138, 0, 2, 1, 1, 
391.186535, 21, 0.1, 0.1, 0.00870983596, 0.370867927, -0.0199689227, 0.995258203, -0.0972682325, 2.66207463e-005, -0.0972682331, -0.995258203, 2.35197886e-005, 2.42067878e-005, -2.59976155e-005, -0.999999999, 0.995258144, -0.0972688309, 2.1271892e-005, -0.0972688311, -0.995258145, 9.90259905e-006, 2.02078095e-005, -1.19247344e-005, -1, 0, 0, 0, 0, 0, 0, 0, 0.311568237, -0.125895215, -0.203029517, -0.0396484274, 0.586024509, -0.809301632, -0.987670898, 0.0992431641, 0.120239258, 0.150758665, 0.804213095, 0.574965629, 0, 0, -0, 0, 0, 0, 0, 0.349589404, -0.0728262207, -0.167825391, 0.0303488577, 0.313718206, -0.949001428, 0.335205078, -0.897583008, -0.286010742, -0.941560845, -0.309356306, -0.13239363, 0, 2, 1, 1, 
391.187226, 21, 0.1, 0.1, 0.0087098335, 0.370867928, -0.019968673, 0.99525849, -0.0972652935, -3.76862933e-005, -0.0972652946, -0.99525849, -3.0972009e-005, -3.44951018e-005, 3.44907233e-005, -0.999999999, 0.995258432, -0.0972658826, -3.43301596e-005, -0.0972658832, -0.995258433, -1.64295329e-005, -3.25693478e-005, 1.96907844e-005, -0.999999999, 0, 0, 0, 0, 0, 0, 0, 0.311568237, -0.125895215, -0.203029517, -0.0396484274, 0.586024509, -0.809301632, -0.987670898, 0.0992431641, 0.120239258, 0.150758665, 0.804213095, 0.574965629, 0, 0, -0, 0, 0, 0, 0, 0.349589404, -0.0728262207, -0.167825391, 0.0303488577, 0.313718206, -0.949001428, 0.335205078, -0.897583008, -0.286010742, -0.941560845, -0.309356306, -0.13239363, 0, 2, 1, 1, 
391.187918, 21, 0.1, 0.1, 0.00870983535, 0.370867925, -0.0199687857, 0.99525878, -0.0972623179, 3.92269274e-005, -0.0972623187, -0.995258781, 1.80399896e-005, 3.72863328e-005, -2.17697599e-005, -0.999999999, 0.995258722, -0.097262921, 3.3416239e-005, -0.0972629212, -0.995258722, 4.06261119e-006, 3.28626619e-005, -7.29351023e-006, -0.999999999, 0, 0, 0, 0, 0, 0, 0, 0.311568237, -0.125895215, -0.203029517, -0.0396484274, 0.586024509, -0.809301632, -0.987670898, 0.0992431641, 0.120239258, 0.150758665, 0.804213095, 0.574965629, 0, 0, -0, 0, 0, 0, 0, 0.349589404, -0.0728262207, -0.167825391, 0.0303488577, 0.313718206, -0.949001428, 0.335205078, -0.897583008, -0.286010742, -0.941560845, -0.309356306, -0.13239363, 0, 2, 1, 1, 
391.18862, 21, 0.1, 0.1, 0.00870983465, 0.370867925, -0.019969117, 0.995259076, -0.0972592964, -3.16577244e-005, -0.0972592973, -0.995259076, -2.93099319e-005, -2.86569742e-005, 3.22499838e-005, -0.999999999, 0.995259018, -0.0972598919, -2.69814994e-005, -0.0972598924, -0.995259018, -1.63991875e-005, -2.52585974e-005, 1.8945657e-005, -1, 0, 0, 0, 0, 0, 0, 0, 0.312934277, -0.127282275, -0.202161572, -0.0431542395, 0.585009795, -0.809758814, -0.98840332, 0.0926513672, 0.119628906, 0.145010743, 0.80560973, 0.574420079, 0, 0, -0, 0, 0, 0, 0, 0.349589404, -0.0728262207, -0.167825391, 0.0303488577, 0.313718206, -0.949001428, 0.335205078, -0.897583008, -0.286010742, -0.941560845, -0.309356306, -0.13239363, 0, 2, 1, 1, 
391.18931, 21, 0.1, 0.1, 0.00870983632, 0.370867924, -0.0199695841, 0.995259364, -0.0972563506, 3.44098698e-005, -0.0972563515, -0.995259364, 2.74836356e-005, 3.1573787e-005, -3.06999241e-005, -0.999999999, 0.995259306, -0.0972569384, 3.03600046e-005, -0.0972569389, -0.995259307, 1.25460688e-005, 2.89958849e-005, -1.54393129e-005, -0.999999999, 0, 0, 0, 0, 0, 0, 0, 0.312934277, -0.127282275, -0.202161572, -0.0431542395, 0.585009795, -0.809758814, -0.98840332, 0.0926513672, 0.119628906, 0.145010743, 0.80560973, 0.574420079, 0, 0, -0, 0, 0, 0, 0, 0.349589404, -0.0728262207, -0.167825391, 0.0303488577, 0.313718206, -0.949001428, 0.335205078, -0.897583008, -0.286010742, -0.941560845, -0.309356306, -0.13239363, 0, 2, 1, 1, 
391.189998, 21, 0.1, 0.1, 0.00870983469, 0.370867927, -0.0199701179, 0.995259653, -0.0972533881, -3.64341344e-005, -0.0972533887, -0.995259654, -1.54655081e-005, -3.4757351e-005, 1.89355393e-005, -0.999999999, 0.995259596, -0.0972539787, -3.10816764e-005, -0.0972539788, -0.995259596, -2.70486434e-006, -3.06712778e-005, 5.71485888e-006, -1, 0, 0, 0, 0, 0, 0, 0, 0.312934277, -0.127282275, -0.202161572, -0.0431542395, 0.585009795, -0.809758814, -0.98840332, 0.0926513672, 0.119628906, 0.145010743, 0.80560973, 0.574420079, 0, 0, -0, 0, 0, 0, 0, 0.349589404, -0.0728262207, -0.167825391, 0.0303488577, 0.313718206, -0.949001428, 0.335205078, -0.897583008, -0.286010742, -0.941560845, -0.309356306, -0.13239363, 0, 2, 1, 1, 
391.190686, 21, 0.1, 0.1, 0.00870983536, 0.370867927, -0.0199706095, 0.995259941, -0.0972504451, 2.94840223e-005, -0.097250446, -0.995259941, 3.0155099e-005, 2.64116695e-005, -3.28794963e-005, -0.999999999, 0.995259883, -0.0972510393, 2.48284634e-005, -0.0972510398, -0.995259883, 1.75419914e-005, 2.30047967e-005, -1.98734342e-005, -1, 0, 0, 0, 0, 0, 0, 0, 0.312934277, -0.127282275, -0.202161572, -0.0431542395, 0.585009795, -0.809758814, -0.98840332, 0.0926513672, 0.119628906, 0.145010743, 0.80560973, 0.574420079, 0, 0, -0, 0, 0, 0, 0, 0.349589404, -0.0728262207, -0.167825391, 0.0303488577, 0.313718206, -0.949001428, 0.335205078, -0.897583008, -0.286010742, -0.941560845, -0.309356306, -0.13239363, 0, 2, 1, 1, 
391.191547, 21, 0.1, 0.1, 0.00870983573, 0.370867929, -0.0199687816, 0.995260301, -0.0972467616, 5.46196775e-006, -0.0972467614, -0.995260301, -3.60430636e-005, 8.94115087e-006, 3.53410716e-005, -0.999999999, 0.995260242, -0.097247367, -7.79262347e-006, -0.0972473671, -0.995260242, -2.04302448e-005, -5.7689008e-006, 2.10912225e-005, -1, 0, 0, 0, 0, 0, 0, 0, 0.314696265, -0.127946021, -0.201254443, -0.047480058, 0.585061092, -0.809523671, -0.989379883, 0.0831298828, 0.118041992, 0.13642649, 0.806713932, 0.575124388, 0, 0, -0, 0, 0, 0, 0, 0.350931543, -0.0736580566, -0.166521338, 0.029595295, 0.313461544, -0.949103873, 0.342163086, -0.895263672, -0.28503418, -0.93906245, -0.316256874, -0.133754567, 0, 2, 1, 1, 
391.192255, 21, 0.1, 0.1, 0.00870983563, 0.370867927, -0.0199671507, 0.995260577, -0.097243942, -1.57447561e-006, -0.0972439419, -0.995260576, 2.9390621e-005, -4.42507334e-006, -2.90982182e-005, -1, 0.995260529, -0.0972444332, -9.11070429e-006, -0.097244433, -0.995260529, 1.45469407e-005, -1.04821334e-005, -1.35920306e-005, -1, 0, 0, 0, 0, 0, 0, 0, 0.314696265, -0.127946021, -0.201254443, -0.047480058, 0.585061092, -0.809523671, -0.989379883, 0.0831298828, 0.118041992, 0.13642649, 0.806713932, 0.575124388, 0, 0, -0, 0, 0, 0, 0, 0.350931543, -0.0736580566, -0.166521338, 0.029595295, 0.313461544, -0.949103873, 0.342163086, -0.895263672, -0.28503418, -0.93906245, -0.316256874, -0.133754567, 0, 2, 1, 1, 
391.192945, 21, 0.1, 0.1, 0.0087098367, 0.370867927, -0.0199664218, 0.99526078, -0.0972418652, -1.30672964e-005, -0.0972418656, -0.995260779, -3.17089312e-005, -9.92193194e-006, 3.28293439e-005, -0.999999999, 0.995260741, -0.0972422615, -6.32098601e-006, -0.0972422616, -0.995260741, -1.67566663e-005, -4.66157309e-006, 1.72919191e-005, -1, 0, 0, 0, 0, 0, 0, 0, 0.314696265, -0.127946021, -0.201254443, -0.047480058, 0.585061092, -0.809523671, -0.989379883, 0.0831298828, 0.118041992, 0.13642649, 0.806713932, 0.575124388, 0, 0, -0, 0, 0, 0, 0, 0.350931543, -0.0736580566, -0.166521338, 0.029595295, 0.313461544, -0.949103873, 0.342163086, -0.895263672, -0.28503418, -0.93906245, -0.316256874, -0.133754567, 0, 2, 1, 1, 
391.193669, 21, 0.1, 0.1, 0.00870983768, 0.370867926, -0.0199663652, 0.995260985, -0.0972397646, -3.66476146e-006, -0.0972397644, -0.995260984, 3.34338486e-005, -6.89849367e-006, -3.29190445e-005, -0.999999999, 0.995260944, -0.0972401825, 1.10785003e-005, -0.0972401827, -0.995260944, 1.67143669e-005, 9.40069062e-006, -1.7712432e-005, -1, 0, 0, 0, 0, 0, 0, 0, 0.314696265, -0.127946021, -0.201254443, -0.047480058, 0.585061092, -0.809523671, -0.989379883, 0.0831298828, 0.118041992, 0.13642649, 0.806713932, 0.575124388, 0, 0, -0, 0, 0, 0, 0, 0.350931543, -0.0736580566, -0.166521338, 0.029595295, 0.313461544, -0.949103873, 0.342163086, -0.895263672, -0.28503418, -0.93906245, -0.316256874, -0.133754567, 0, 2, 1, 1, 
391.194393, 21, 0.1, 0.1, 0.00870983768, 0.370867928, -0.0199669769, 0.995261183, -0.0972377336, 7.68202392e-008, -0.0972377335, -0.995261183, -3.13070019e-005, 3.12067812e-006, 3.1151174e-005, -1, 0.995261151, -0.0972380656, 8.14404307e-006, -0.0972380655, -0.995261151, -1.65698169e-005, 9.71666662e-006, 1.56993841e-005, -1, 0, 0, 0, 0, 0, 0, 0, 0.314696265, -0.127946021, -0.201254443, -0.047480058, 0.585061092, -0.809523671, -0.989379883, 0.0831298828, 0.118041992, 0.13642649, 0.806713932, 0.575124388, 0, 0, -0, 0, 0, 0, 0, 0.350931543, -0.0736580566, -0.166521338, 0.029595295, 0.313461544, -0.949103873, 0.342163086, -0.895263672, -0.28503418, -0.93906245, -0.316256874, -0.133754567, 0, 2, 1, 1, 
391.195082, 21, 0.1, 0.1, 0.00870983664, 0.370867926, -0.0199682975, 0.99526131, -0.0972364301, 2.56330612e-005, -0.0972364307, -0.99526131, 2.54755822e-005, 2.30344394e-005, -2.78473287e-005, -0.999999999, 0.995261291, -0.097236633, 1.2074085e-006, -0.097236633, -0.995261291, 1.31975251e-005, -8.15959556e-008, -1.32523902e-005, -1, 0, 0, 0, 0, 0, 0, 0, 0.314696265, -0.127946021, -0.201254443, -0.047480058, 0.585061092, -0.809523671, -0.989379883, 0.0831298828, 0.118041992, 0.13642649, 0.806713932, 0.575124388, 0, 0, -0, 0, 0, 0, 0, 0.350931543, -0.0736580566, -0.166521338, 0.029595295, 0.313461544, -0.949103873, 0.342163086, -0.895263672, -0.28503418, -0.93906245, -0.316256874, -0.133754567, 0, 2, 1, 1, 
391.195823, 21, 0.1, 0.1, 0.00870984049, 0.370867927, -0.0199698194, 0.995261394, -0.0972355708, -2.24430395e-005, -0.0972355714, -0.995261394, -2.76617226e-005, -1.96469874e-005, 2.97129064e-005, -0.999999999, 0.995261383, -0.0972356913, 6.53203143e-006, -0.0972356911, -0.995261383, -1.72293781e-005, 8.17638913e-006, 1.65125881e-005, -1, 0, 0, 0, 0, 0, 0, 0, 0.315999194, -0.12849563, -0.201366113, -0.0522548238, 0.587478431, -0.80749799, -0.989868164, 0.0758056641, 0.119140625, 0.131250326, 0.805589512, 0.577769758, 0, 0, -0, 0, 0, 0, 0, 0.350931543, -0.0736580566, -0.166521338, 0.029595295, 0.313461544, -0.949103873, 0.342163086, -0.895263672, -0.28503418, -0.93906245, -0.316256874, -0.133754567, 0, 2, 1, 1, 
391.196526, 21, 0.1, 0.1, 0.00870983469, 0.370867926, -0.0199706548, 0.995261427, -0.0972352394, 2.56401751e-006, -0.0972352394, -0.995261427, 2.70261363e-005, -7.60251151e-008, -2.71473839e-005, -1, 0.995261425, -0.0972352599, -2.19325082e-005, -0.0972352595, -0.995261425, 1.56838465e-005, -2.33536023e-005, -1.34769143e-005, -1, 0, 0, 0, 0, 0, 0, 0, 0.315999194, -0.12849563, -0.201366113, -0.0522548238, 0.587478431, -0.80749799, -0.989868164, 0.0758056641, 0.119140625, 0.131250326, 0.805589512, 0.577769758, 0, 0, -0, 0, 0, 0, 0, 0.351383008, -0.0743368164, -0.166462744, 0.0257235703, 0.315179389, -0.948624463, 0.347412109, -0.892578125, -0.287109375, -0.937260016, -0.322090714, -0.132476752, 0, 2, 1, 1, 
391.197218, 21, 0.1, 0.1, 0.00870984478, 0.370867927, -0.0199711958, 0.995261398, -0.0972355283, 4.66111311e-005, -0.0972355271, -0.995261399, -2.60058682e-005, 4.89189539e-005, 2.13503788e-005, -0.999999999, 0.995261407, -0.0972354305, 5.86674168e-005, -0.0972354297, -0.995261408, -1.51144636e-005, 5.98590773e-005, 9.33829083e-006, -0.999999998, 0, 0, 0, 0, 0, 0, 0, 0.315999194, -0.12849563, -0.201366113, -0.0522548238, 0.587478431, -0.80749799, -0.989868164, 0.0758056641, 0.119140625, 0.131250326, 0.805589512, 0.577769758, 0, 0, -0, 0, 0, 0, 0, 0.351383008, -0.0743368164, -0.166462744, 0.0257235703, 0.315179389, -0.948624463, 0.347412109, -0.892578125, -0.287109375, -0.937260016, -0.322090714, -0.132476752, 0, 2, 1, 1, 
391.197933, 21, 0.1, 0.1, 0.00870984273, 0.370867927, -0.0199712428, 0.995261315, -0.0972363832, -2.45108995e-005, -0.0972363823, -0.995261315, 3.6380739e-005, -2.79322816e-005, -3.38249909e-005, -0.999999999, 0.995261337, -0.0972361529, -2.68705419e-005, -0.0972361523, -0.995261338, 2.1870257e-005, -2.88697911e-005, -1.91538332e-005, -0.999999999, 0, 0, 0, 0, 0, 0, 0, 0.315999194, -0.12849563, -0.201366113, -0.0522548238, 0.587478431, -0.80749799, -0.989868164, 0.0758056641, 0.119140625, 0.131250326, 0.805589512, 0.577769758, 0, 0, -0, 0, 0, 0, 0, 0.351383008, -0.0743368164, -0.166462744, 0.0257235703, 0.315179389, -0.948624463, 0.347412109, -0.892578125, -0.287109375, -0.937260016, -0.322090714, -0.132476752, 0, 2, 1, 1, 
391.198641, 21, 0.1, 0.1, 0.00870984281, 0.370867929, -0.0199704856, 0.995261197, -0.0972375969, -3.97202526e-006, -0.097237597, -0.995261196, -2.48450974e-005, -1.53732505e-006, 2.51135915e-005, -1, 0.995261223, -0.0972373304, 7.22435562e-006, -0.0972373303, -0.995261223, -1.17254515e-005, 8.33027261e-006, 1.09674102e-005, -1, 0, 0, 0, 0, 0, 0, 0, 0.315999194, -0.12849563, -0.201366113, -0.0522548238, 0.587478431, -0.80749799, -0.989868164, 0.0758056641, 0.119140625, 0.131250326, 0.805589512, 0.577769758, 0, 0, -0, 0, 0, 0, 0, 0.351383008, -0.0743368164, -0.166462744, 0.0257235703, 0.315179389, -0.948624463, 0.347412109, -0.892578125, -0.287109375, -0.937260016, -0.322090714, -0.132476752, 0, 2, 1, 1, 
391.19933, 21, 0.1, 0.1, 0.00870984261, 0.370867928, -0.0199696133, 0.995261083, -0.0972387632, -3.57086947e-006, -0.097238763, -0.995261082, 2.83300123e-005, -6.30872277e-006, -2.78485317e-005, -1, 0.995261104, -0.0972385488, -3.93690518e-006, -0.0972385488, -0.995261104, 1.51914807e-005, -5.39544613e-006, -1.47366709e-005, -1, 0, 0, 0, 0, 0, 0, 0, 0.315999194, -0.12849563, -0.201366113, -0.0522548238, 0.587478431, -0.80749799, -0.989868164, 0.0758056641, 0.119140625, 0.131250326, 0.805589512, 0.577769758, 0, 0, -0, 0, 0, 0, 0, 0.351383008, -0.0743368164, -0.166462744, 0.0257235703, 0.315179389, -0.948624463, 0.347412109, -0.892578125, -0.287109375, -0.937260016, -0.322090714, -0.132476752, 0, 2, 1, 1, 
391.200022, 21, 0.1, 0.1, 0.00870984191, 0.370867929, -0.0199689027, 0.995260982, -0.0972397909, -4.33272015e-006, -0.097239791, -0.995260982, -3.26957842e-005, -1.13285609e-006, 3.29621511e-005, -0.999999999, 0.995260998, -0.0972396266, -1.18395325e-005, -0.0972396268, -0.995260998, -1.74870194e-005, -1.00829937e-005, 1.85554201e-005, -1, 0, 0, 0, 0, 0, 0, 0, 0.315999194, -0.12849563, -0.201366113, -0.0522548238, 0.587478431, -0.80749799, -0.989868164, 0.0758056641, 0.119140625, 0.131250326, 0.805589512, 0.577769758, 0, 0, -0, 0, 0, 0, 0, 0.351383008, -0.0743368164, -0.166462744, 0.0257235703, 0.315179389, -0.948624463, 0.347412109, -0.892578125, -0.287109375, -0.937260016, -0.322090714, -0.132476752, 0, 2, 1, 1, 
391.200774, 21, 0.1, 0.1, 0.00870984445, 0.370867928, -0.0199679847, 0.99526093, -0.0972403255, -1.00923255e-005, -0.0972403251, -0.99526093, 3.51934814e-005, -1.34667229e-005, -3.4045316e-005, -0.999999999, 0.995260935, -0.0972402789, 1.00320497e-005, -0.0972402791, -0.995260935, 1.89471937e-005, 8.14207674e-006, -1.98329211e-005, -1, 0, 0, 0, 0, 0, 0, 0, 0.317501807, -0.128591309, -0.201244409, -0.0573984051, 0.590035435, -0.805294454, -0.990478516, 0.0670166016, 0.119628906, 0.124525881, 0.804566563, 0.580757735, 0, 0, -0, 0, 0, 0, 0, 0.352057959, -0.0745712891, -0.166177734, 0.0216666448, 0.317280396, -0.947985373, 0.354003906, -0.889160156, -0.289550781, -0.934863334, -0.329234452, -0.131550382, 0, 2, 1, 1, 
391.201467, 21, 0.1, 0.1, 0.00870984248, 0.370867929, -0.0199674094, 0.995260919, -0.0972404382, 8.39004528e-006, -0.0972404379, -0.995260919, -3.17974764e-005, 1.14422847e-005, 3.0830934e-005, -0.999999999, 0.995260921, -0.0972404209, 1.31592997e-006, -0.0972404208, -0.995260921, -1.5313745e-005, 2.79880868e-006, 1.51132104e-005, -1, 0, 0, 0, 0, 0, 0, 0, 0.317501807, -0.128591309, -0.201244409, -0.0573984051, 0.590035435, -0.805294454, -0.990478516, 0.0670166016, 0.119628906, 0.124525881, 0.804566563, 0.580757735, 0, 0, -0, 0, 0, 0, 0, 0.352057959, -0.0745712891, -0.166177734, 0.0216666448, 0.317280396, -0.947985373, 0.354003906, -0.889160156, -0.289550781, -0.934863334, -0.329234452, -0.131550382, 0, 2, 1, 1, 
391.202158, 21, 0.1, 0.1, 0.0087098431, 0.370867928, -0.019967589, 0.9952609, -0.0972406297, 8.75463409e-006, -0.0972406299, -0.9952609, 2.68577858e-005, 6.101477e-006, -2.75818103e-005, -1, 0.995260904, -0.0972405882, 8.25480295e-006, -0.0972405883, -0.995260904, 1.20938635e-005, 7.03966825e-006, -1.28392514e-005, -1, 0, 0, 0, 0, 0, 0, 0, 0.317501807, -0.128591309, -0.201244409, -0.0573984051, 0.590035435, -0.805294454, -0.990478516, 0.0670166016, 0.119628906, 0.124525881, 0.804566563, 0.580757735, 0, 0, -0, 0, 0, 0, 0, 0.352057959, -0.0745712891, -0.166177734, 0.0216666448, 0.317280396, -0.947985373, 0.354003906, -0.889160156, -0.289550781, -0.934863334, -0.329234452, -0.131550382, 0, 2, 1, 1, 
391.202911, 21, 0.1, 0.1, 0.00870984246, 0.370867928, -0.0199681316, 0.995260884, -0.0972408, -1.32173652e-005, -0.0972408004, -0.995260883, -3.7754219e-005, -9.48347615e-006, 3.88605646e-005, -0.999999999, 0.995260891, -0.0972407223, 1.05543822e-006, -0.0972407223, -0.995260891, -2.12049858e-005, 3.11242452e-006, 2.10018615e-005, -1, 0, 0, 0, 0, 0, 0, 0, 0.317501807, -0.128591309, -0.201244409, -0.0617040057, 0.592452775, -0.803230582, -0.990966797, 0.0590820312, 0.119628906, 0.118410265, 0.803442142, 0.58364424, 0, 0, -0, 0, 0, 0, 0, 0.352057959, -0.0745712891, -0.166177734, 0.0216666448, 0.317280396, -0.947985373, 0.354003906, -0.889160156, -0.289550781, -0.934863334, -0.329234452, -0.131550382, 0, 2, 1, 1, 
391.203617, 21, 0.1, 0.1, 0.00870984421, 0.370867925, -0.0199684839, 0.995260865, -0.0972409942, 2.44978025e-005, -0.0972409948, -0.995260865, 2.11585064e-005, 2.23242299e-005, -2.34404241e-005, -0.999999999, 0.995260865, -0.097240994, 2.54902077e-005, -0.0972409942, -0.995260865, 5.07594843e-006, 2.48758159e-005, -7.53058596e-006, -1, 0, 0, 0, 0, 0, 0, 0, 0.318602612, -0.128917676, -0.200906909, -0.0617040057, 0.592452775, -0.803230582, -0.990966797, 0.0590820312, 0.119628906, 0.118410265, 0.803442142, 0.58364424, 0, 0, -0, 0, 0, 0, 0, 0.352772705, -0.0747757324, -0.165902979, 0.0182294872, 0.319707328, -0.947269723, 0.360351562, -0.885742188, -0.292114258, -0.932524254, -0.335975705, -0.131352422, 0, 2, 1, 1, 
391.204322, 21, 0.1, 0.1, 0.00870984202, 0.370867926, -0.0199691117, 0.995260892, -0.0972407128, -1.49918505e-005, -0.0972407132, -0.995260892, -2.7090919e-005, -1.22864622e-005, 2.84203505e-005, -1, 0.995260883, -0.0972408097, -2.33706069e-005, -0.09724081, -0.995260883, -1.30406978e-005, -2.19917628e-005, 1.52514731e-005, -1, 0, 0, 0, 0, 0, 0, 0, 0.318602612, -0.128917676, -0.200906909, -0.0617040057, 0.592452775, -0.803230582, -0.990966797, 0.0590820312, 0.119628906, 0.118410265, 0.803442142, 0.58364424, 0, 0, -0, 0, 0, 0, 0, 0.352772705, -0.0747757324, -0.165902979, 0.0182294872, 0.319707328, -0.947269723, 0.360351562, -0.885742188, -0.292114258, -0.932524254, -0.335975705, -0.131352422, 0, 2, 1, 1, 
391.205026, 21, 0.1, 0.1, 0.00870984291, 0.370867925, -0.0199698345, 0.995260965, -0.0972399702, -1.3224164e-005, -0.0972399697, -0.995260964, 3.4967386e-005, -1.65617218e-005, -3.3515757e-005, -0.999999999, 0.995260946, -0.0972401673, 5.80980975e-006, -0.0972401674, -0.995260945, 1.74234754e-005, 4.08801508e-006, -1.79058515e-005, -1, 0, 0, 0, 0, 0, 0, 0, 0.318602612, -0.128917676, -0.200906909, -0.0617040057, 0.592452775, -0.803230582, -0.990966797, 0.0590820312, 0.119628906, 0.118410265, 0.803442142, 0.58364424, 0, 0, -0, 0, 0, 0, 0, 0.352772705, -0.0747757324, -0.165902979, 0.0182294872, 0.319707328, -0.947269723, 0.360351562, -0.885742188, -0.292114258, -0.932524254, -0.335975705, -0.131352422, 0, 2, 1, 1, 
391.205744, 21, 0.1, 0.1, 0.00870984055, 0.370867928, -0.0199700734, 0.995261059, -0.0972390092, 7.46485391e-006, -0.097239009, -0.995261059, -2.29252431e-005, 9.65870633e-006, 2.20907267e-005, -1, 0.995261042, -0.0972391852, 7.17033882e-008, -0.0972391852, -0.995261042, -8.2553424e-006, 8.74106358e-007, 8.2092483e-006, -1, 0, 0, 0, 0, 0, 0, 0, 0.318602612, -0.128917676, -0.200906909, -0.0617040057, 0.592452775, -0.803230582, -0.990966797, 0.0590820312, 0.119628906, 0.118410265, 0.803442142, 0.58364424, 0, 0, -0, 0, 0, 0, 0, 0.352772705, -0.0747757324, -0.165902979, 0.0182294872, 0.319707328, -0.947269723, 0.360351562, -0.885742188, -0.292114258, -0.932524254, -0.335975705, -0.131352422, 0, 2, 1, 1, 
391.206434, 21, 0.1, 0.1, 0.00870984159, 0.370867928, -0.0199701933, 0.99526113, -0.0972382758, 1.17784298e-005, -0.0972382761, -0.99526113, 3.02492101e-005, 8.78123231e-006, -3.12511772e-005, -0.999999999, 0.995261117, -0.0972384091, 1.06234141e-005, -0.0972384093, -0.995261117, 1.71696e-005, 8.90352636e-006, -1.81212392e-005, -1, 0, 0, 0, 0, 0, 0, 0, 0.318602612, -0.128917676, -0.200906909, -0.0617040057, 0.592452775, -0.803230582, -0.990966797, 0.0590820312, 0.119628906, 0.118410265, 0.803442142, 0.58364424, 0, 0, -0, 0, 0, 0, 0, 0.352772705, -0.0747757324, -0.165902979, 0.0182294872, 0.319707328, -0.947269723, 0.360351562, -0.885742188, -0.292114258, -0.932524254, -0.335975705, -0.131352422, 0, 2, 1, 1, 
391.207154, 21, 0.1, 0.1, 0.00870984249, 0.370867929, -0.0199701047, 0.995261196, -0.0972375994, -3.3164497e-006, -0.0972375994, -0.995261196, -2.92643408e-005, -4.55139454e-007, 2.94481464e-005, -1, 0.995261187, -0.0972376977, 7.87434763e-006, -0.0972376975, -0.995261187, -1.58986262e-005, 9.38297837e-006, 1.50576022e-005, -1, 0, 0, 0, 0, 0, 0, 0, 0.318602612, -0.128917676, -0.200906909, -0.0617040057, 0.592452775, -0.803230582, -0.990966797, 0.0590820312, 0.119628906, 0.118410265, 0.803442142, 0.58364424, 0, 0, -0, 0, 0, 0, 0, 0.352772705, -0.0747757324, -0.165902979, 0.0182294872, 0.319707328, -0.947269723, 0.360351562, -0.885742188, -0.292114258, -0.932524254, -0.335975705, -0.131352422, 0, 2, 1, 1, 
391.207981, 21, 0.1, 0.1, 0.00870984288, 0.370867927, -0.0199681406, 0.99526126, -0.0972369488, -9.36689865e-007, -0.0972369487, -0.995261259, 3.54904727e-005, -4.38323641e-006, -3.52312117e-005, -0.999999999, 0.995261249, -0.0972370586, -1.45616812e-006, -0.0972370586, -0.995261249, 2.15667892e-005, -3.54635885e-006, -2.1322996e-005, -1, 0, 0, 0, 0, 0, 0, 0, 0.319695361, -0.129049976, -0.200140503, -0.0661241824, 0.594286373, -0.801484228, -0.991455078, 0.0506591797, 0.119384766, 0.111571244, 0.802533769, 0.586086667, 0, 0, -0, 0, 0, 0, 0, 0.353325732, -0.0750351074, -0.165208594, 0.0156166211, 0.321444131, -0.946720317, 0.36730957, -0.882446289, -0.293579102, -0.929853052, -0.343157723, -0.13190839, 0, 2, 1, 1, 
391.20867, 21, 0.1, 0.1, 0.00870984273, 0.370867929, -0.019966734, 0.995261308, -0.0972364627, -2.00459782e-006, -0.0972364627, -0.995261307, -3.15049405e-005, 1.06833032e-006, 3.15505683e-005, -1, 0.995261295, -0.0972365866, -9.79041149e-006, -0.0972365867, -0.995261295, -1.46950162e-005, -8.31512441e-006, 1.5577367e-005, -1, 0, 0, 0, 0, 0, 0, 0, 0.319695361, -0.129049976, -0.200140503, -0.0661241824, 0.594286373, -0.801484228, -0.991455078, 0.0506591797, 0.119384766, 0.111571244, 0.802533769, 0.586086667, 0, 0, -0, 0, 0, 0, 0, 0.353325732, -0.0750351074, -0.165208594, 0.0156166211, 0.321444131, -0.946720317, 0.36730957, -0.882446289, -0.293579102, -0.929853052, -0.343157723, -0.13190839, 0, 2, 1, 1, 
391.209363, 21, 0.1, 0.1, 0.00870984249, 0.370867927, -0.0199663429, 0.995261349, -0.097236039, 2.18647859e-005, -0.0972360396, -0.995261349, 2.69223824e-005, 1.91433504e-005, -2.89208518e-005, -0.999999999, 0.995261345, -0.0972360746, 7.47911327e-007, -0.0972360746, -0.995261345, 1.38282827e-005, -6.00240699e-007, -1.38354792e-005, -1, 0, 0, 0, 0, 0, 0, 0, 0.319695361, -0.129049976, -0.200140503, -0.0661241824, 0.594286373, -0.801484228, -0.991455078, 0.0506591797, 0.119384766, 0.111571244, 0.802533769, 0.586086667, 0, 0, -0, 0, 0, 0, 0, 0.353325732, -0.0750351074, -0.165208594, 0.0156166211, 0.321444131, -0.946720317, 0.36730957, -0.882446289, -0.293579102, -0.929853052, -0.343157723, -0.13190839, 0, 2, 1, 1, 
391.210088, 21, 0.1, 0.1, 0.00870984369, 0.370867927, -0.0199668628, 0.995261359, -0.0972359371, -2.74051513e-005, -0.0972359381, -0.995261358, -3.5628073e-005, -2.3810959e-005, 3.812401e-005, -0.999999999, 0.995261357, -0.0972359539, -1.37598349e-005, -0.0972359542, -0.995261357, -2.11285379e-005, -1.16401784e-005, 2.23663679e-005, -1, 0, 0, 0, 0, 0, 0, 0, 0.319695361, -0.129049976, -0.200140503, -0.0661241824, 0.594286373, -0.801484228, -0.991455078, 0.0506591797, 0.119384766, 0.111571244, 0.802533769, 0.586086667, 0, 0, -0, 0, 0, 0, 0, 0.353325732, -0.0750351074, -0.165208594, 0.0156166211, 0.321444131, -0.946720317, 0.36730957, -0.882446289, -0.293579102, -0.929853052, -0.343157723, -0.13190839, 0, 2, 1, 1, 
391.210778, 21, 0.1, 0.1, 0.00870984242, 0.370867925, -0.0199679087, 0.995261376, -0.0972357651, 9.14272442e-006, -0.0972357653, -0.995261375, 2.5218633e-005, 6.64724741e-006, -2.59881312e-005, -1, 0.995261369, -0.0972358318, 9.96298778e-006, -0.0972358319, -0.995261369, 9.22832049e-006, 9.01845344e-006, -1.01533503e-005, -1, 0, 0, 0, 0, 0, 0, 0, 0.319695361, -0.129049976, -0.200140503, -0.0661241824, 0.594286373, -0.801484228, -0.991455078, 0.0506591797, 0.119384766, 0.111571244, 0.802533769, 0.586086667, 0, 0, -0, 0, 0, 0, 0, 0.353325732, -0.0750351074, -0.165208594, 0.0156166211, 0.321444131, -0.946720317, 0.36730957, -0.882446289, -0.293579102, -0.929853052, -0.343157723, -0.13190839, 0, 2, 1, 1, 
391.211466, 21, 0.1, 0.1, 0.00870984219, 0.370867926, -0.0199695009, 0.995261416, -0.0972353482, 2.7214485e-006, -0.0972353481, -0.995261416, -2.59976159e-005, 5.23643992e-006, 2.5609803e-005, -1, 0.995261408, -0.0972354351, -3.00500039e-006, -0.0972354351, -0.995261408, -1.19850607e-005, -1.82538832e-006, 1.2220461e-005, -1, 0, 0, 0, 0, 0, 0, 0, 0.319695361, -0.129049976, -0.200140503, -0.0661241824, 0.594286373, -0.801484228, -0.991455078, 0.0506591797, 0.119384766, 0.111571244, 0.802533769, 0.586086667, 0, 0, -0, 0, 0, 0, 0, 0.353325732, -0.0750351074, -0.165208594, 0.0156166211, 0.321444131, -0.946720317, 0.36730957, -0.882446289, -0.293579102, -0.929853052, -0.343157723, -0.13190839, 0, 2, 1, 1, 
391.212163, 21, 0.1, 0.1, 0.00870984203, 0.370867926, -0.0199711204, 0.995261441, -0.0972350935, 1.66787582e-005, -0.097235094, -0.995261441, 2.9300537e-005, 1.37506845e-005, -3.07834553e-005, -0.999999999, 0.995261441, -0.0972351016, -3.74825791e-007, -0.0972351016, -0.99526144, 1.72885396e-005, -2.05410256e-006, -1.71701706e-005, -1, 0, 0, 0, 0, 0, 0, 0, 0.319695361, -0.129049976, -0.200140503, -0.0661241824, 0.594286373, -0.801484228, -0.991455078, 0.0506591797, 0.119384766, 0.111571244, 0.802533769, 0.586086667, 0, 0, -0, 0, 0, 0, 0, 0.353325732, -0.0750351074, -0.165208594, 0.0156166211, 0.321444131, -0.946720317, 0.36730957, -0.882446289, -0.293579102, -0.929853052, -0.343157723, -0.13190839, 0, 2, 1, 1, 
391.212906, 21, 0.1, 0.1, 0.00870984284, 0.370867928, -0.0199717979, 0.99526144, -0.0972351052, -2.48094638e-005, -0.0972351057, -0.99526144, -2.3311529e-005, -2.24252037e-005, 2.56134168e-005, -0.999999999, 0.99526144, -0.0972351015, -1.42304381e-005, -0.0972351017, -0.99526144, -1.07369585e-005, -1.31189971e-005, 1.20697789e-005, -1, 0, 0, 0, 0, 0, 0, 0, 0.32028877, -0.129126611, -0.199771875, -0.0715661866, 0.597249262, -0.798842606, -0.991821289, 0.0412597656, 0.119750977, 0.104523289, 0.800952166, 0.589499625, 0, 0, -0, 0, 0, 0, 0, 0.35360083, -0.0752598145, -0.164490771, 0.0121284241, 0.32383898, -0.945979148, 0.374633789, -0.878540039, -0.296020508, -0.927028366, -0.350761547, -0.131953233, 0, 2, 1, 1, 
391.213607, 21, 0.1, 0.1, 0.00870984196, 0.370867927, -0.0199715422, 0.995261449, -0.0972350168, 9.6850334e-006, -0.097235017, -0.995261448, 2.63012987e-005, 7.08173315e-006, -2.7118393e-005, -1, 0.995261444, -0.097235065, 1.02494993e-005, -0.0972350651, -0.995261444, 1.31956319e-005, 8.91785335e-006, -1.41297144e-005, -1, 0, 0, 0, 0, 0, 0, 0, 0.32028877, -0.129126611, -0.199771875, -0.0715661866, 0.597249262, -0.798842606, -0.991821289, 0.0412597656, 0.119750977, 0.104523289, 0.800952166, 0.589499625, 0, 0, -0, 0, 0, 0, 0, 0.35360083, -0.0752598145, -0.164490771, 0.0121284241, 0.32383898, -0.945979148, 0.374633789, -0.878540039, -0.296020508, -0.927028366, -0.350761547, -0.131953233, 0, 2, 1, 1, 
391.214298, 21, 0.1, 0.1, 0.00870984152, 0.370867928, -0.0199707432, 0.995261475, -0.0972347492, -1.18727096e-005, -0.0972347495, -0.995261475, -2.79956919e-005, -9.09429642e-006, 2.90174736e-005, -1, 0.995261473, -0.0972347727, -3.85210976e-007, -0.0972347727, -0.995261473, -1.55796087e-005, 1.13149407e-006, 1.55432402e-005, -1, 0, 0, 0, 0, 0, 0, 0, 0.32028877, -0.129126611, -0.199771875, -0.0715661866, 0.597249262, -0.798842606, -0.991821289, 0.0412597656, 0.119750977, 0.104523289, 0.800952166, 0.589499625, 0, 0, -0, 0, 0, 0, 0, 0.35360083, -0.0752598145, -0.164490771, 0.0121284241, 0.32383898, -0.945979148, 0.374633789, -0.878540039, -0.296020508, -0.927028366, -0.350761547, -0.131953233, 0, 2, 1, 1, 
391.215016, 21, 0.1, 0.1, 0.0087098433, 0.370867927, -0.0199695303, 0.995261496, -0.0972345352, 2.15716134e-005, -0.0972345358, -0.995261495, 2.88147951e-005, 1.8667603e-005, -3.07757618e-005, -0.999999999, 0.995261488, -0.097234608, 2.39774139e-005, -0.0972346084, -0.995261489, 1.46327066e-005, 2.24409911e-005, -1.68948038e-005, -1, 0, 0, 0, 0, 0, 0, 0, 0.32028877, -0.129126611, -0.199771875, -0.0715661866, 0.597249262, -0.798842606, -0.991821289, 0.0412597656, 0.119750977, 0.104523289, 0.800952166, 0.589499625, 0, 0, -0, 0, 0, 0, 0, 0.35360083, -0.0752598145, -0.164490771, 0.0121284241, 0.32383898, -0.945979148, 0.374633789, -0.878540039, -0.296020508, -0.927028366, -0.350761547, -0.131953233, 0, 2, 1, 1, 
391.215742, 21, 0.1, 0.1, 0.00870983944, 0.370867928, -0.0199679619, 0.99526156, -0.0972338763, -2.4084215e-005, -0.097233877, -0.99526156, -3.03144724e-005, -2.10224997e-005, 3.25126307e-005, -0.999999999, 0.995261543, -0.0972340442, -3.27411827e-005, -0.0972340448, -0.995261544, -1.45780172e-005, -3.11685605e-005, 1.76924975e-005, -0.999999999, 0, 0, 0, 0, 0, 0, 0, 0.32028877, -0.129126611, -0.199771875, -0.0715661866, 0.597249262, -0.798842606, -0.991821289, 0.0412597656, 0.119750977, 0.104523289, 0.800952166, 0.589499625, 0, 0, -0, 0, 0, 0, 0, 0.354044482, -0.0752913086, -0.163985937, 0.00776489634, 0.325907904, -0.945314537, 0.381958008, -0.874633789, -0.298339844, -0.924050196, -0.358767856, -0.131269666, 0, 2, 1, 1, 
391.216437, 21, 0.1, 0.1, 0.00870984579, 0.370867926, -0.0199669917, 0.995261672, -0.0972327182, 4.69691309e-005, -0.0972327195, -0.995261673, 2.57325755e-005, 4.42445275e-005, -3.01775824e-005, -0.999999999, 0.995261646, -0.0972329889, 5.1220206e-005, -0.0972329896, -0.995261647, 9.77557365e-006, 5.00269983e-005, -1.47095473e-005, -0.999999999, 0, 0, 0, 0, 0, 0, 0, 0.32028877, -0.129126611, -0.199771875, -0.0715661866, 0.597249262, -0.798842606, -0.991821289, 0.0412597656, 0.119750977, 0.104523289, 0.800952166, 0.589499625, 0, 0, -0, 0, 0, 0, 0, 0.354044482, -0.0752913086, -0.163985937, 0.00776489634, 0.325907904, -0.945314537, 0.381958008, -0.874633789, -0.298339844, -0.924050196, -0.358767856, -0.131269666, 0, 2, 1, 1, 
391.217125, 21, 0.1, 0.1, 0.00870984108, 0.370867928, -0.0199669695, 0.995261824, -0.0972311502, -6.81903385e-005, -0.097231152, -0.995261826, -2.29485894e-005, -6.5635923e-005, 2.94700801e-005, -0.999999997, 0.995261792, -0.0972314884, -5.64069443e-005, -0.097231489, -0.995261793, -8.93648504e-006, -5.52707688e-005, 1.43786733e-005, -0.999999998, 0, 0, 0, 0, 0, 0, 0, 0.32028877, -0.129126611, -0.199771875, -0.0715661866, 0.597249262, -0.798842606, -0.991821289, 0.0412597656, 0.119750977, 0.104523289, 0.800952166, 0.589499625, 0, 0, -0, 0, 0, 0, 0, 0.354044482, -0.0752913086, -0.163985937, 0.00776489634, 0.325907904, -0.945314537, 0.381958008, -0.874633789, -0.298339844, -0.924050196, -0.358767856, -0.131269666, 0, 2, 1, 1, 
391.217864, 21, 0.1, 0.1, 0.00870983653, 0.370867927, -0.0199674025, 0.995262001, -0.0972293589, 3.30858793e-005, -0.0972293596, -0.995262001, 2.30541457e-005, 3.06875786e-005, -2.6161834e-005, -0.999999999, 0.99526197, -0.0972296824, 1.0161237e-005, -0.0972296825, -0.99526197, 1.17761796e-005, 8.96809852e-006, -1.27083576e-005, -1, 0, 0, 0, 0, 0, 0, 0, 0.320630981, -0.129461768, -0.199422168, -0.0776421066, 0.599507843, -0.796537598, -0.991943359, 0.0328369141, 0.121337891, 0.0989352475, 0.799605706, 0.592347938, 0, 0, -0, 0, 0, 0, 0, 0.354044482, -0.0752913086, -0.163985937, 0.00776489634, 0.325907904, -0.945314537, 0.381958008, -0.874633789, -0.298339844, -0.924050196, -0.358767856, -0.131269666, 0, 2, 1, 1, 
391.218553, 21, 0.1, 0.1, 0.00870984029, 0.370867927, -0.0199683372, 0.995262135, -0.0972279915, -2.60918276e-005, -0.0972279922, -0.995262135, -3.0023146e-005, -2.30491178e-005, 3.24177564e-005, -0.999999999, 0.995262114, -0.0972282104, 5.05111905e-006, -0.0972282103, -0.995262114, -1.91274986e-005, 6.88691988e-006, 1.85457635e-005, -1, 0, 0, 0, 0, 0, 0, 0, 0.320630981, -0.129461768, -0.199422168, -0.0776421066, 0.599507843, -0.796537598, -0.991943359, 0.0328369141, 0.121337891, 0.0989352475, 0.799605706, 0.592347938, 0, 0, -0, 0, 0, 0, 0, 0.354044482, -0.0752913086, -0.163985937, 0.00776489634, 0.325907904, -0.945314537, 0.381958008, -0.874633789, -0.298339844, -0.924050196, -0.358767856, -0.131269666, 0, 2, 1, 1, 
391.21924, 21, 0.1, 0.1, 0.00870983272, 0.370867925, -0.0199697043, 0.995262213, -0.0972271941, -1.09881e-005, -0.0972271938, -0.995262213, 2.34781482e-005, -1.32187552e-005, -2.22985716e-005, -1, 0.995262202, -0.0972273032, -3.42208659e-005, -0.0972273028, -0.995262202, 1.23076501e-005, -3.5255374e-005, -8.9221364e-006, -0.999999999, 0, 0, 0, 0, 0, 0, 0, 0.320630981, -0.129461768, -0.199422168, -0.0776421066, 0.599507843, -0.796537598, -0.991943359, 0.0328369141, 0.121337891, 0.0989352475, 0.799605706, 0.592347938, 0, 0, -0, 0, 0, 0, 0, 0.354044482, -0.0752913086, -0.163985937, 0.00776489634, 0.325907904, -0.945314537, 0.381958008, -0.874633789, -0.298339844, -0.924050196, -0.358767856, -0.131269666, 0, 2, 1, 1, 
