time, realDorsalTactorPos, realVentralTactorPos, boxPosX, boxPosY, boxPosZ, boxLocalRot_11, boxLocalRot_12, boxLocalRot_13, boxLocalRot_21, boxLocalRot_22, boxLocalRot_23, boxLocalRot_31, boxLocalRot_32, boxLocalRot_33, boxGlobalRot_11, boxGlobalRot_12, boxGlobalRot_13], boxGlobalRot_21, boxGlobalRot_22, boxGlobalRot_23, boxGlobalRot_31, boxGlobalRot_32, boxGlobalRot_33, indexPosX, indexPosY, indexPosZ, indexContact, indexForceX, indexForceY, indexForceZ, indexForceGlobalX, indexForceGlobalY, indexForceGlobalZ, thumbPosX, thumbPosY, thumbPosZ, thumbContact, thumbForceX, thumbForceY, thumbForceZ, thumbForceGlobalX, thumbForceGlobalY, thumbForceGlobalZ, hoopSuccess, targetSuccess, trialSuccess, 
81.9743569, 0.1, 0.1, 0.134952184, 0.181462478, -0.0199623666, 0.963836275, 0.266495093, -2.03261044e-005, 0.266495092, -0.963836275, -3.73915586e-005, -2.95557037e-005, 3.06225335e-005, -0.999999999, 0.963836259, 0.266495151, -1.554538e-005, 0.26649515, -0.963836259, -3.02489261e-005, -2.30443931e-005, 2.50122434e-005, -0.999999999, 0.106377002, 0.0303384033, -0.151118799, 0, 0, 0, 0, 0, 0, 0, 0.171241748, 0.0679769043, -0.130137793, 0, 0, 0, 0, 0, 0, 0, 1, 1, 1, 
82.0005364, 0.1, 0.1, 0.13495243, 0.181462277, -0.0199653402, 0.96383543, 0.266498146, -3.70430893e-005, 0.266498145, -0.963835431, -1.35018813e-005, -3.93016683e-005, 3.14167702e-006, -0.999999999, 0.963835474, 0.266497991, -1.96154756e-005, 0.266497992, -0.963835474, 1.69530419e-005, -1.43881396e-005, -2.1567428e-005, -1, 0.1097073, 0.0111897217, -0.149792944, 0, 0, 0, 0, 0, 0, 0, 0.169961816, 0.0476630859, -0.12979043, 0, 0, 0, 0, 0, 0, 0, 1, 1, 1, 
82.0012939, 0.1, 0.1, 0.13495243, 0.181462271, -0.0199666913, 0.963835252, 0.266498792, 1.96298144e-005, 0.266498791, -0.963835252, 3.62246597e-005, 2.85737351e-005, -2.96832822e-005, -0.999999999, 0.963835275, 0.26649871, -1.09952931e-005, 0.26649871, -0.963835275, 1.77763197e-005, -5.86028511e-006, -2.00636754e-005, -1, 0.110214111, 0.00842062988, -0.149709668, 0, 0, 0, 0, 0, 0, 0, 0.169961816, 0.0476630859, -0.12979043, 0, 0, 0, 0, 0, 0, 0, 1, 1, 1, 
82.00201, 0.1, 0.1, 0.134952445, 0.18146227, -0.0199683914, 0.963835235, 0.266498855, 2.96044862e-005, 0.266498855, -0.963835235, -6.42315196e-006, 2.68220843e-005, 1.40804219e-005, -1, 0.963835225, 0.266498886, 5.14336092e-005, 0.266498886, -0.963835226, -3.93492433e-007, 4.9468659e-005, 1.40862614e-005, -0.999999999, 0.110214111, 0.00842062988, -0.149709668, 0, 0, 0, 0, 0, 0, 0, 0.169857178, 0.0449577637, -0.129519971, 0, 0, 0, 0, 0, 0, 0, 1, 1, 1, 
82.0028048, 0.1, 0.1, 0.134952443, 0.181462267, -0.0199698301, 0.963835361, 0.266498397, -2.95487155e-005, 0.266498397, -0.963835362, 5.62761588e-006, -2.69803462e-005, -1.32987805e-005, -1, 0.963835333, 0.266498497, -4.53013033e-005, 0.266498498, -0.963835334, 1.39123352e-005, -3.99553803e-005, -2.54819295e-005, -0.999999999, 0.110214111, 0.00842062988, -0.149709668, 0, 0, 0, 0, 0, 0, 0, 0.169857178, 0.0449577637, -0.129519971, 0, 0, 0, 0, 0, 0, 0, 1, 1, 1, 
82.0035215, 0.1, 0.1, 0.134952454, 0.181462263, -0.0199702239, 0.963835408, 0.266498227, 3.84299887e-005, 0.266498227, -0.963835408, 2.56295412e-005, 4.38704112e-005, -1.44611354e-005, -0.999999999, 0.963835409, 0.266498223, 4.73766431e-005, 0.266498223, -0.96383541, 7.83841532e-006, 4.77522099e-005, 5.07084895e-006, -0.999999999, 0.110214111, 0.00842062988, -0.149709668, 0, 0, 0, 0, 0, 0, 0, 0.169857178, 0.0449577637, -0.129519971, 0, 0, 0, 0, 0, 0, 0, 1, 1, 1, 
82.0042433, 0.1, 0.1, 0.134952455, 0.181462259, -0.0199700778, 0.963835313, 0.266498568, -4.68631013e-005, 0.266498567, -0.963835314, -3.30900055e-005, -5.39867511e-005, 1.94043665e-005, -0.999999998, 0.963835341, 0.266498469, -4.09938192e-005, 0.266498468, -0.963835342, -2.11685015e-005, -4.5152665e-005, 9.47815987e-006, -0.999999999, 0.110540405, 0.00564067383, -0.14946687, 0, 0, 0, 0, 0, 0, 0, 0.169778662, 0.0418345215, -0.12923584, 0, 0, 0, 0, 0, 0, 0, 1, 1, 1, 
82.0050367, 0.1, 0.1, 0.134952458, 0.181462255, -0.0199686942, 0.963835183, 0.26649904, 3.5836702e-005, 0.266499039, -0.963835184, 2.82735346e-005, 4.20755441e-005, -1.77005807e-005, -0.999999999, 0.963835195, 0.266498999, 1.6442801e-005, 0.266498999, -0.963835195, 2.5930861e-005, 2.27586989e-005, -2.06110865e-005, -1, 0.110540405, 0.00564067383, -0.14946687, 0, 0, 0, 0, 0, 0, 0, 0.169778662, 0.0418345215, -0.12923584, 0, 0, 0, 0, 0, 0, 0, 1, 1, 1, 
82.0057532, 0.1, 0.1, 0.134952467, 0.181462248, -0.0199672608, 0.963835215, 0.266498927, -2.2531337e-005, 0.266498926, -0.963835215, -2.33805003e-005, -2.79473743e-005, 1.65303724e-005, -0.999999999, 0.963835197, 0.266498994, 1.33060933e-005, 0.266498994, -0.963835196, -2.49933742e-005, 6.16417194e-006, 2.76355542e-005, -1, 0.110540405, 0.00564067383, -0.14946687, 0, 0, 0, 0, 0, 0, 0, 0.169778662, 0.0418345215, -0.12923584, 0, 0, 0, 0, 0, 0, 0, 1, 1, 1, 
82.0065317, 0.1, 0.1, 0.134952463, 0.181462242, -0.0199661432, 0.963835363, 0.266498393, -9.67472512e-006, 0.266498393, -0.963835363, -3.19222513e-006, -1.01755651e-005, 4.9848077e-007, -1, 0.963835338, 0.266498479, -3.70806178e-005, 0.266498479, -0.963835339, -1.07494385e-005, -3.86043188e-005, 4.78760493e-007, -0.999999999, 0.110540405, 0.00564067383, -0.14946687, 0, 0, 0, 0, 0, 0, 0, 0.169778662, 0.0418345215, -0.12923584, 0, 0, 0, 0, 0, 0, 0, 1, 1, 1, 
82.0072952, 0.1, 0.1, 0.134952479, 0.18146224, -0.0199648136, 0.963835484, 0.266497951, 4.96598202e-005, 0.266497952, -0.963835485, -1.54819355e-005, 4.37379928e-005, 2.81562791e-005, -0.999999999, 0.963835447, 0.266498081, 6.3951349e-005, 0.266498082, -0.963835449, -1.43368802e-006, 6.1256502e-005, 1.84247512e-005, -0.999999998, 0.110540405, 0.00564067383, -0.14946687, 0, 0, 0, 0, 0, 0, 0, 0.169778662, 0.0418345215, -0.12923584, 0, 0, 0, 0, 0, 0, 0, 1, 1, 1, 
82.008, 0.1, 0.1, 0.134952476, 0.181462236, -0.0199648194, 0.963835731, 0.266497055, -5.99166174e-005, 0.266497056, -0.963835732, 1.07593165e-005, -5.48824507e-005, -2.63378158e-005, -0.999999998, 0.963835677, 0.26649725, -6.09089858e-005, 0.266497251, -0.963835678, 9.10480498e-006, -5.62798482e-005, -2.50076131e-005, -0.999999998, 0.110540405, 0.00564067383, -0.14946687, 0, 0, 0, 0, 0, 0, 0, 0.169778662, 0.0418345215, -0.12923584, 0, 0, 0, 0, 0, 0, 0, 1, 1, 1, 
82.0088318, 0.1, 0.1, 0.134952487, 0.181462232, -0.0199655309, 0.963835954, 0.266496249, 6.2200239e-005, 0.266496248, -0.963835956, 2.23175174e-005, 6.58983615e-005, -4.93429538e-006, -0.999999998, 0.963835927, 0.266496347, 5.61454089e-005, 0.266496347, -0.963835929, 3.30104047e-006, 5.49946775e-005, 1.17808849e-005, -0.999999998, 0.110840942, 0.00263747559, -0.149201001, 0, 0, 0, 0, 0, 0, 0, 0.169654004, 0.038909375, -0.128926807, 0, 0, 0, 0, 0, 0, 0, 1, 1, 1, 
82.0095614, 0.1, 0.1, 0.134952494, 0.181462228, -0.0199661269, 0.963836052, 0.266495897, -3.96213282e-005, 0.266495897, -0.963836053, -1.59388835e-005, -4.24361116e-005, 4.80354916e-006, -0.999999999, 0.963836032, 0.266495973, -1.62761468e-005, 0.266495973, -0.963836032, -1.18235026e-005, -1.88384526e-005, 7.05839022e-006, -1, 0.110840942, 0.00263747559, -0.149201001, 0, 0, 0, 0, 0, 0, 0, 0.169654004, 0.038909375, -0.128926807, 0, 0, 0, 0, 0, 0, 0, 1, 1, 1, 
82.0102777, 0.1, 0.1, 0.134952492, 0.181462222, -0.0199675417, 0.963836178, 0.266495443, 2.1061301e-005, 0.266495443, -0.963836178, -1.98230568e-005, 1.50168896e-005, 2.47189201e-005, -1, 0.963836161, 0.266495505, -1.38428216e-005, 0.266495504, -0.963836161, -2.16142611e-005, -1.91023154e-005, 1.71435567e-005, -1, 0.110840942, 0.00263747559, -0.149201001, 0, 0, 0, 0, 0, 0, 0, 0.169654004, 0.038909375, -0.128926807, 0, 0, 0, 0, 0, 0, 0, 1, 1, 1, 
82.0110814, 0.1, 0.1, 0.134952505, 0.181462222, -0.0199683502, 0.963836149, 0.266495549, 1.72932062e-006, 0.266495549, -0.963836149, 3.52408113e-005, 1.10583011e-005, -3.35055116e-005, -0.999999999, 0.963836168, 0.266495481, 2.47978676e-005, 0.26649548, -0.963836167, 4.07647548e-005, 3.47647046e-005, -3.26820255e-005, -0.999999999, 0.110840942, 0.00263747559, -0.149201001, 0, 0, 0, 0, 0, 0, 0, 0.169654004, 0.038909375, -0.128926807, 0, 0, 0, 0, 0, 0, 0, 1, 1, 1, 
82.0117944, 0.1, 0.1, 0.134952502, 0.181462212, -0.0199689494, 0.963835945, 0.266496287, -2.37869501e-005, 0.266496285, -0.963835944, -5.79128528e-005, -3.83602777e-005, 4.94793554e-005, -0.999999998, 0.963835996, 0.2664961, -3.77202295e-005, 0.266496097, -0.963835996, -5.44439712e-005, -5.08652209e-005, 4.24227652e-005, -0.999999998, 0.110840942, 0.00263747559, -0.149201001, 0, 0, 0, 0, 0, 0, 0, 0.169654004, 0.038909375, -0.128926807, 0, 0, 0, 0, 0, 0, 0, 1, 1, 1, 
82.0125677, 0.1, 0.1, 0.134952511, 0.18146221, -0.0199693278, 0.963835566, 0.266497657, 2.14538194e-005, 0.266497655, -0.963835565, 6.54910292e-005, 3.81311599e-005, -5.74051907e-005, -0.999999998, 0.963835675, 0.266497263, 3.21079397e-005, 0.266497261, -0.963835675, 3.99643652e-005, 4.15971717e-005, -2.99624029e-005, -0.999999999, 0.110840942, 0.00263747559, -0.149201001, 0, 0, 0, 0, 0, 0, 0, 0.169654004, 0.038909375, -0.128926807, 0, 0, 0, 0, 0, 0, 0, 1, 1, 1, 
82.0133338, 0.1, 0.1, 0.134952508, 0.181462214, -0.0199684672, 0.963835033, 0.26649958, -4.98299299e-005, 0.266499579, -0.963835034, -2.16460771e-005, -5.37965027e-005, 7.58359205e-006, -0.999999999, 0.963835156, 0.266499136, -5.25831559e-005, 0.266499137, -0.963835157, 1.41666793e-005, -4.69060865e-005, -2.76677092e-005, -0.999999999, 0.111345801, -0.000156762695, -0.148943311, 0, 0, 0, 0, 0, 0, 0, 0.169654004, 0.038909375, -0.128926807, 0, 0, 0, 0, 0, 0, 0, 1, 1, 1, 
82.0140377, 0.1, 0.1, 0.134952513, 0.181462205, -0.019967718, 0.96383442, 0.266501798, 4.52610603e-005, 0.266501798, -0.963834421, 8.4021299e-006, 4.58633506e-005, 3.96389192e-006, -0.999999999, 0.963834553, 0.26650132, 3.01520565e-005, 0.266501321, -0.963834553, -1.85532784e-005, 2.41171207e-005, 2.59178536e-005, -0.999999999, 0.111345801, -0.000156762695, -0.148943311, 0, 0, 0, 0, 0, 0, 0, 0.169585742, 0.0359910645, -0.12865293, 0, 0, 0, 0, 0, 0, 0, 1, 1, 1, 
82.0148413, 0.1, 0.1, 0.13495252, 0.181462213, -0.0199666513, 0.96383359, 0.266504801, -3.2333424e-005, 0.266504802, -0.96383359, 3.28514405e-005, -2.24089735e-005, -4.02803345e-005, -0.999999999, 0.963833746, 0.26650424, -4.86427117e-006, 0.266504239, -0.963833745, 5.69235872e-005, 1.04820286e-005, -5.61612232e-005, -0.999999998, 0.111345801, -0.000156762695, -0.148943311, 0, 0, 0, 0, 0, 0, 0, 0.169585742, 0.0359910645, -0.12865293, 0, 0, 0, 0, 0, 0, 0, 1, 1, 1, 
82.0155527, 0.1, 0.1, 0.134952519, 0.181462201, -0.0199659539, 0.963832748, 0.26650785, 1.04264139e-005, 0.26650785, -0.963832746, -5.39665626e-005, -4.33319335e-006, 5.47934615e-005, -0.999999998, 0.963832919, 0.26650723, -1.36331062e-005, 0.266507229, -0.963832918, -6.17068611e-005, -2.95853611e-005, 5.58417827e-005, -0.999999998, 0.111345801, -0.000156762695, -0.148943311, 0, 0, 0, 0, 0, 0, 0, 0.169585742, 0.0359910645, -0.12865293, 0, 0, 0, 0, 0, 0, 0, 1, 1, 1, 
82.0163055, 0.1, 0.1, 0.134952533, 0.181462202, -0.0199660272, 0.963831767, 0.266511395, 3.26871655e-005, 0.266511393, -0.963831766, 6.15550616e-005, 4.79100538e-005, -5.06172217e-005, -0.999999998, 0.963831974, 0.266510645, 5.02555534e-005, 0.266510642, -0.963831974, 5.56523252e-005, 6.32698463e-005, -4.02458507e-005, -0.999999997, 0.111650488, -0.00317290039, -0.148498999, 0, 0, 0, 0, 0, 0, 0, 0.169302295, 0.032649707, -0.128133838, 0, 0, 0, 0, 0, 0, 0, 1, 1, 1, 
82.0170826, 0.1, 0.1, 0.134952531, 0.181462196, -0.0199659335, 0.963830629, 0.266515511, -3.57389287e-005, 0.266515508, -0.963830628, -6.55787137e-005, -5.19240185e-005, 5.36817941e-005, -0.999999997, 0.963830838, 0.266514754, -4.47830508e-005, 0.266514752, -0.963830838, -4.55617913e-005, -5.5306175e-005, 3.19785159e-005, -0.999999998, 0.111650488, -0.00317290039, -0.148498999, 0, 0, 0, 0, 0, 0, 0, 0.169302295, 0.032649707, -0.128133838, 0, 0, 0, 0, 0, 0, 0, 1, 1, 1, 
82.0177897, 0.1, 0.1, 0.134952539, 0.181462187, -0.0199666746, 0.963829545, 0.266519428, 4.19201853e-005, 0.266519427, -0.963829546, 2.75821986e-005, 4.7755105e-005, -1.54119942e-005, -0.999999999, 0.96382977, 0.266518615, 4.2821827e-005, 0.266518616, -0.963829771, -8.12489645e-006, 3.91075156e-005, 1.92438311e-005, -0.999999999, 0.111650488, -0.00317290039, -0.148498999, 0, 0, 0, 0, 0, 0, 0, 0.169302295, 0.032649707, -0.128133838, 0, 0, 0, 0, 0, 0, 0, 1, 1, 1, 
82.0185631, 0.1, 0.1, 0.13495254, 0.18146219, -0.0199680045, 0.963828309, 0.266523897, -5.58460652e-005, 0.266523897, -0.963828311, -3.39847564e-006, -5.47317936e-005, -1.16087639e-005, -0.999999998, 0.963828592, 0.266522878, -3.91388517e-005, 0.266522879, -0.963828592, 2.7593387e-005, -3.03688754e-005, -3.70266948e-005, -0.999999999, 0.111650488, -0.00317290039, -0.148498999, 0, 0, 0, 0, 0, 0, 0, 0.169302295, 0.032649707, -0.128133838, 0, 0, 0, 0, 0, 0, 0, 1, 1, 1, 
82.0193004, 0.1, 0.1, 0.134952538, 0.181462176, -0.0199685455, 0.963827039, 0.266528494, 1.75016391e-005, 0.266528494, -0.963827039, -3.18401687e-005, 8.38224076e-006, 3.53531011e-005, -0.999999999, 0.963827278, 0.266527631, -9.72296553e-006, 0.266527631, -0.963827277, -5.43226513e-005, -2.3849747e-005, 4.97662142e-005, -0.999999998, 0.111650488, -0.00317290039, -0.148498999, 0, 0, 0, 0, 0, 0, 0, 0.169302295, 0.032649707, -0.128133838, 0, 0, 0, 0, 0, 0, 0, 1, 1, 1, 
82.0200027, 0.1, 0.1, 0.134952546, 0.18146218, -0.0199692248, 0.96382581, 0.266532938, -5.52342702e-006, 0.266532938, -0.963825809, 5.16406546e-005, 8.4403139e-006, -5.1244771e-005, -0.999999999, 0.963826052, 0.266532063, 1.26705566e-005, 0.266532062, -0.963826051, 5.79988744e-005, 2.76707721e-005, -5.25237166e-005, -0.999999998, 0.111650488, -0.00317290039, -0.148498999, 0, 0, 0, 0, 0, 0, 0, 0.169302295, 0.032649707, -0.128133838, 0, 0, 0, 0, 0, 0, 0, 1, 1, 1, 
82.0208267, 0.1, 0.1, 0.134952543, 0.18146217, -0.019969126, 0.963824344, 0.266538242, -8.58810499e-006, 0.266538241, -0.963824342, -5.84671744e-005, -2.38611625e-005, 5.40630276e-005, -0.999999998, 0.963824649, 0.266537136, -2.70089531e-005, 0.266537135, -0.963824648, -5.44803843e-005, -4.05529404e-005, 4.53106483e-005, -0.999999998, 0.111886694, -0.00597873535, -0.148234473, 0, 0, 0, 0, 0, 0, 0, 0.169302295, 0.032649707, -0.128133838, 0, 0, 0, 0, 0, 0, 0, 1, 1, 1, 
82.0215341, 0.1, 0.1, 0.134952555, 0.181462168, -0.0199682777, 0.963823058, 0.266542889, 4.22814168e-005, 0.266542886, -0.963823058, 5.68906071e-005, 5.59155911e-005, -4.3562668e-005, -0.999999997, 0.963823315, 0.266541957, 5.10513235e-005, 0.266541955, -0.963823316, 3.68685239e-005, 5.90314644e-005, -2.19274233e-005, -0.999999998, 0.111886694, -0.00597873535, -0.148234473, 0, 0, 0, 0, 0, 0, 0, 0.169164697, 0.0299260742, -0.128035107, 0, 0, 0, 0, 0, 0, 0, 1, 1, 1, 
82.0222387, 0.1, 0.1, 0.134952556, 0.18146217, -0.0199678091, 0.963821753, 0.266547606, -3.8759698e-005, 0.266547605, -0.963821754, -2.19661613e-005, -4.32124678e-005, 1.08401595e-005, -0.999999999, 0.963822019, 0.266546646, -3.83973605e-005, 0.266546647, -0.963822019, 1.02184674e-005, -3.42845233e-005, -2.00834715e-005, -0.999999999, 0.111886694, -0.00597873535, -0.148234473, 0, 0, 0, 0, 0, 0, 0, 0.169164697, 0.0299260742, -0.128035107, 0, 0, 0, 0, 0, 0, 0, 1, 1, 1, 
82.0230337, 0.1, 0.1, 0.134952559, 0.181462159, -0.019966828, 0.963820256, 0.266553022, 1.35596882e-005, 0.266553022, -0.963820256, -4.53240439e-007, 1.29482895e-005, 4.05121818e-006, -1, 0.963820524, 0.266552053, 1.95571907e-005, 0.266552053, -0.963820524, -2.40878828e-005, 1.24289471e-005, 2.84294052e-005, -1, 0.111886694, -0.00597873535, -0.148234473, 0, 0, 0, 0, 0, 0, 0, 0.169164697, 0.0299260742, -0.128035107, 0, 0, 0, 0, 0, 0, 0, 1, 1, 1, 
82.0237389, 0.1, 0.1, 0.134952557, 0.181462164, -0.0199664938, 0.963818956, 0.266557722, -2.36698441e-005, 0.266557722, -0.963818956, 3.61759832e-005, -1.31704567e-005, -4.11764781e-005, -0.999999999, 0.963819204, 0.266556825, -3.89770207e-005, 0.266556827, -0.963819203, 4.73379075e-005, -2.49485587e-005, -5.60147753e-005, -0.999999998, 0.111886694, -0.00597873535, -0.148234473, 0, 0, 0, 0, 0, 0, 0, 0.169164697, 0.0299260742, -0.128035107, 0, 0, 0, 0, 0, 0, 0, 1, 1, 1, 
82.0244952, 0.1, 0.1, 0.134952564, 0.181462154, -0.0199668339, 0.963817812, 0.266561859, -1.44196475e-006, 0.266561858, -0.963817811, -5.58658566e-005, -1.62814979e-005, 5.34601349e-005, -0.999999998, 0.963818032, 0.266561064, 2.10129752e-005, 0.266561065, -0.963818031, -5.13513918e-005, 6.56440273e-006, 5.50946384e-005, -0.999999998, 0.111886694, -0.00597873535, -0.148234473, 0, 0, 0, 0, 0, 0, 0, 0.169164697, 0.0299260742, -0.128035107, 0, 0, 0, 0, 0, 0, 0, 1, 1, 1, 
82.0252414, 0.1, 0.1, 0.134952566, 0.181462152, -0.0199669137, 0.963816974, 0.266564891, 8.16387502e-006, 0.26656489, -0.963816972, 5.18146062e-005, 2.16804362e-005, -4.77635944e-005, -0.999999999, 0.963817112, 0.266564393, -7.17942554e-007, 0.266564393, -0.963817111, 4.0664603e-005, 1.01477699e-005, -3.93846181e-005, -0.999999999, 0.111886694, -0.00597873535, -0.148234473, 0, 0, 0, 0, 0, 0, 0, 0.169164697, 0.0299260742, -0.128035107, 0, 0, 0, 0, 0, 0, 0, 1, 1, 1, 
82.0259723, 0.1, 0.1, 0.134952569, 0.181462149, -0.0199673808, 0.9638163, 0.266567327, 2.26194294e-006, 0.266567327, -0.963816299, -5.17619223e-005, -1.16179398e-005, 5.04919445e-005, -0.999999999, 0.963816433, 0.266566846, -5.74726584e-006, 0.266566846, -0.963816433, -3.19128712e-005, -1.40462227e-005, 2.92261191e-005, -0.999999999, 0.11206394, -0.00879750977, -0.147945532, 0, 0, 0, 0, 0, 0, 0, 0.169056885, 0.0272158691, -0.12748501, 0, 0, 0, 0, 0, 0, 0, 1, 1, 1, 
82.0267749, 0.1, 0.1, 0.134952575, 0.181462139, -0.0199678215, 0.96381558, 0.266569929, 2.99396372e-006, 0.266569929, -0.96381558, 2.61304529e-005, 9.85122187e-006, -2.43868369e-005, -1, 0.963815707, 0.266569473, -7.9061675e-007, 0.266569473, -0.963815706, -1.27899946e-005, -4.17143095e-006, 1.21164434e-005, -1, 0.11206394, -0.00879750977, -0.147945532, 0, 0, 0, 0, 0, 0, 0, 0.169056885, 0.0272158691, -0.12748501, 0, 0, 0, 0, 0, 0, 0, 1, 1, 1, 
82.0274813, 0.1, 0.1, 0.134952575, 0.181462144, -0.0199679415, 0.963814991, 0.266572058, -1.82462063e-005, 0.266572059, -0.963814991, 9.94127261e-006, -1.49359016e-005, -1.44454763e-005, -1, 0.963815111, 0.266571625, -2.81636974e-005, 0.266571626, -0.963815111, 3.16691932e-005, -1.87024889e-005, -3.80308895e-005, -0.999999999, 0.11206394, -0.00879750977, -0.147945532, 0, 0, 0, 0, 0, 0, 0, 0.169056885, 0.0272158691, -0.12748501, 0, 0, 0, 0, 0, 0, 0, 1, 1, 1, 
82.0281859, 0.1, 0.1, 0.134952585, 0.181462135, -0.0199684601, 0.963814357, 0.26657435, 3.76545226e-005, 0.266574351, -0.963814357, -2.54924309e-005, 2.94963413e-005, 3.46077008e-005, -0.999999999, 0.96381448, 0.266573901, 4.83689408e-005, 0.266573903, -0.963814481, -3.5643728e-005, 3.71169979e-005, 4.72478386e-005, -0.999999998, 0.11206394, -0.00879750977, -0.147945532, 0, 0, 0, 0, 0, 0, 0, 0.169056885, 0.0272158691, -0.12748501, 0, 0, 0, 0, 0, 0, 0, 1, 1, 1, 
82.0289858, 0.1, 0.1, 0.13495258, 0.181462138, -0.0199682179, 0.963813692, 0.266576751, -5.76171329e-005, 0.266576754, -0.963813692, 4.57661492e-005, -4.33319902e-005, -5.94694295e-005, -0.999999997, 0.963813801, 0.266576354, -6.3143528e-005, 0.266576357, -0.963813801, 4.82477084e-005, -4.79969056e-005, -6.33343789e-005, -0.999999997, 0.11206394, -0.00879750977, -0.147945532, 0, 0, 0, 0, 0, 0, 0, 0.169056885, 0.0272158691, -0.12748501, 0, 0, 0, 0, 0, 0, 0, 1, 1, 1, 
82.0296958, 0.1, 0.1, 0.134952587, 0.181462135, -0.0199679562, 0.963813177, 0.26657861, 7.01483779e-005, 0.266578613, -0.963813178, -3.5614476e-005, 5.81158735e-005, 5.30257586e-005, -0.999999997, 0.963813272, 0.266578268, 5.81701705e-005, 0.26657827, -0.963813273, -2.57934832e-005, 4.91892004e-005, 4.03670049e-005, -0.999999998, 0.11206394, -0.00879750977, -0.147945532, 0, 0, 0, 0, 0, 0, 0, 0.169056885, 0.0272158691, -0.12748501, 0, 0, 0, 0, 0, 0, 0, 1, 1, 1, 
82.0304737, 0.1, 0.1, 0.134952594, 0.181462129, -0.0199677562, 0.963812706, 0.266580317, -4.71760181e-005, 0.266580318, -0.963812707, 1.9919831e-005, -4.01586109e-005, -3.17751841e-005, -0.999999999, 0.963812815, 0.266579928, -1.5580913e-005, 0.266579928, -0.963812815, 3.03805038e-006, -1.42072003e-005, -7.08167054e-006, -1, 0.112472607, -0.0118416016, -0.147684424, 0, 0, 0, 0, 0, 0, 0, 0.169056885, 0.0272158691, -0.12748501, 0, 0, 0, 0, 0, 0, 0, 1, 1, 1, 
82.0312265, 0.1, 0.1, 0.134952592, 0.181462128, -0.0199667964, 0.96381231, 0.266581749, 3.7745549e-005, 0.26658175, -0.963812311, -2.02289287e-005, 3.09869616e-005, 2.9559165e-005, -0.999999999, 0.96381238, 0.266581501, -4.96335926e-006, 0.266581501, -0.96381238, 1.58273199e-006, -4.36182003e-006, -2.84859645e-006, -1, 0.112472607, -0.0118416016, -0.147684424, 0, 0, 0, 0, 0, 0, 0, 0.168722412, 0.0245190918, -0.127124707, 0, 0, 0, 0, 0, 0, 0, 1, 1, 1, 
82.0319268, 0.1, 0.1, 0.134952607, 0.181462118, -0.0199666174, 0.963811995, 0.26658289, 2.94240441e-005, 0.266582891, -0.963811995, -1.90593716e-005, 2.32783443e-005, 2.62135977e-005, -0.999999999, 0.963812052, 0.26658268, 5.89538884e-005, 0.266582682, -0.963812052, -3.2945343e-005, 4.80378103e-005, 4.74692043e-005, -0.999999998, 0.112472607, -0.0118416016, -0.147684424, 0, 0, 0, 0, 0, 0, 0, 0.168722412, 0.0245190918, -0.127124707, 0, 0, 0, 0, 0, 0, 0, 1, 1, 1, 
82.0327482, 0.1, 0.1, 0.134952601, 0.181462119, -0.0199666338, 0.963811681, 0.266584026, -3.46823038e-005, 0.266584026, -0.963811681, 1.27390824e-005, -3.00311737e-005, -2.15238246e-005, -0.999999999, 0.963811744, 0.266583793, -5.36204894e-005, 0.266583795, -0.963811745, 2.24446191e-005, -4.56966858e-005, -3.5926741e-005, -0.999999998, 0.112832446, -0.0144487305, -0.147384619, 0, 0, 0, 0, 0, 0, 0, 0.168722412, 0.0245190918, -0.127124707, 0, 0, 0, 0, 0, 0, 0, 1, 1, 1, 
82.0334599, 0.1, 0.1, 0.134952611, 0.181462117, -0.0199664599, 0.963811371, 0.266585144, 4.97016589e-005, 0.266585144, -0.963811372, 1.40646539e-005, 5.16524519e-005, -3.05949473e-007, -0.999999999, 0.963811437, 0.266584905, 5.34234324e-005, 0.266584904, -0.963811438, 1.49091018e-005, 5.54646567e-005, -1.27682179e-007, -0.999999998, 0.112832446, -0.0144487305, -0.147384619, 0, 0, 0, 0, 0, 0, 0, 0.168556738, 0.0217888672, -0.126741211, 0, 0, 0, 0, 0, 0, 0, 1, 1, 1, 
82.034165, 0.1, 0.1, 0.134952611, 0.181462113, -0.0199671515, 0.963811084, 0.266586182, -5.34261882e-005, 0.266586181, -0.963811085, -2.109841e-005, -5.7117297e-005, 6.09219788e-006, -0.999999998, 0.963811143, 0.26658597, -4.54712937e-005, 0.26658597, -0.963811144, -9.51311378e-006, -4.63618022e-005, -2.95316388e-006, -0.999999999, 0.112832446, -0.0144487305, -0.147384619, 0, 0, 0, 0, 0, 0, 0, 0.168556738, 0.0217888672, -0.126741211, 0, 0, 0, 0, 0, 0, 0, 1, 1, 1, 
82.0349602, 0.1, 0.1, 0.134952611, 0.181462109, -0.0199676534, 0.96381081, 0.266587173, 3.81913677e-005, 0.266587172, -0.963810811, 9.10394687e-006, 3.92362485e-005, 1.40684632e-006, -0.999999999, 0.963810854, 0.266587016, 1.91515885e-005, 0.266587016, -0.963810854, 3.45581357e-006, 1.93797839e-005, 1.77481422e-006, -1, 0.112832446, -0.0144487305, -0.147384619, 0, 0, 0, 0, 0, 0, 0, 0.168556738, 0.0217888672, -0.126741211, 0, 0, 0, 0, 0, 0, 0, 1, 1, 1, 
82.0356672, 0.1, 0.1, 0.134952618, 0.181462109, -0.0199682313, 0.963810597, 0.266587946, -2.62664937e-005, 0.266587946, -0.963810597, 2.75442034e-006, -2.45816297e-005, -9.65707011e-006, -1, 0.963810629, 0.266587829, 7.72451545e-006, 0.266587829, -0.963810629, 1.47080891e-006, 7.83706985e-006, 6.41680543e-007, -1, 0.112832446, -0.0144487305, -0.147384619, 0, 0, 0, 0, 0, 0, 0, 0.168556738, 0.0217888672, -0.126741211, 0, 0, 0, 0, 0, 0, 0, 1, 1, 1, 
82.0364082, 0.1, 0.1, 0.134952613, 0.181462101, -0.0199690797, 0.963810364, 0.266588789, -7.81406117e-006, 0.266588789, -0.963810364, -2.50709106e-005, -1.42148968e-005, 2.20804624e-005, -1, 0.963810427, 0.26658856, -3.27079208e-005, 0.266588559, -0.963810427, -3.46343685e-005, -4.07573616e-005, 2.4661408e-005, -0.999999999, 0.112832446, -0.0144487305, -0.147384619, 0, 0, 0, 0, 0, 0, 0, 0.168556738, 0.0217888672, -0.126741211, 0, 0, 0, 0, 0, 0, 0, 1, 1, 1, 
82.0371695, 0.1, 0.1, 0.134952625, 0.181462105, -0.0199688835, 0.963810003, 0.266590092, 3.11276083e-005, 0.266590091, -0.963810003, 3.0756025e-005, 3.82003518e-005, -2.13446526e-005, -0.999999999, 0.96381007, 0.266589849, 4.23962133e-005, 0.266589847, -0.96381007, 4.30463557e-005, 5.23376187e-005, -3.01861111e-005, -0.999999998, 0.112832446, -0.0144487305, -0.147384619, 0, 0, 0, 0, 0, 0, 0, 0.168556738, 0.0217888672, -0.126741211, 0, 0, 0, 0, 0, 0, 0, 1, 1, 1, 
82.0379109, 0.1, 0.1, 0.134952621, 0.1814621, -0.0199683037, 0.963809739, 0.266591042, -5.4042569e-005, 0.266591042, -0.963809741, -6.49399575e-006, -5.38179955e-005, -8.14828841e-006, -0.999999999, 0.963809777, 0.266590906, -5.53275195e-005, 0.266590906, -0.963809778, -8.59877468e-006, -5.56175594e-005, -6.46223043e-006, -0.999999998, 0.112986011, -0.0172756836, -0.14686499, 0, 0, 0, 0, 0, 0, 0, 0.16844917, 0.0190520508, -0.126192822, 0, 0, 0, 0, 0, 0, 0, 1, 1, 1, 
82.0387043, 0.1, 0.1, 0.134952627, 0.181462098, -0.0199675156, 0.96380953, 0.266591801, 4.8788241e-005, 0.2665918, -0.963809531, 2.31776179e-005, 5.32015346e-005, -9.33226402e-006, -0.999999999, 0.963809584, 0.266591606, 4.27443664e-005, 0.266591606, -0.963809585, 6.30134732e-006, 4.28773164e-005, 5.32199035e-006, -0.999999999, 0.112986011, -0.0172756836, -0.14686499, 0, 0, 0, 0, 0, 0, 0, 0.16844917, 0.0190520508, -0.126192822, 0, 0, 0, 0, 0, 0, 0, 1, 1, 1, 
82.0394133, 0.1, 0.1, 0.134952632, 0.181462094, -0.0199666503, 0.963809341, 0.266592484, -3.86881495e-005, 0.266592483, -0.963809342, -3.11734901e-005, -4.55986181e-005, 1.97313311e-005, -0.999999999, 0.963809366, 0.266592398, -1.6449453e-005, 0.266592397, -0.963809365, -2.92049351e-005, -2.36399505e-005, 2.37626909e-005, -0.999999999, 0.112986011, -0.0172756836, -0.14686499, 0, 0, 0, 0, 0, 0, 0, 0.16844917, 0.0190520508, -0.126192822, 0, 0, 0, 0, 0, 0, 0, 1, 1, 1, 
82.0401156, 0.1, 0.1, 0.134952628, 0.181462093, -0.0199666637, 0.963809321, 0.266592559, 1.07365488e-005, 0.266592559, -0.963809321, 2.50359033e-005, 1.70223713e-005, -2.12675529e-005, -1, 0.963809312, 0.266592591, -2.37986665e-005, 0.266592591, -0.963809312, 2.57660982e-005, -1.60683255e-005, -3.11781536e-005, -0.999999999, 0.112986011, -0.0172756836, -0.14686499, 0, 0, 0, 0, 0, 0, 0, 0.16844917, 0.0190520508, -0.126192822, 0, 0, 0, 0, 0, 0, 0, 1, 1, 1, 
82.0409131, 0.1, 0.1, 0.134952642, 0.181462083, -0.0199667033, 0.963809523, 0.266591829, 2.63135803e-005, 0.26659183, -0.963809521, -5.1077101e-005, 1.17445415e-005, 5.62435819e-005, -0.999999998, 0.963809476, 0.266591994, 4.98099927e-005, 0.266591996, -0.963809475, -5.20117056e-005, 3.41414387e-005, 6.34083202e-005, -0.999999997, 0.112986011, -0.0172756836, -0.14686499, 0, 0, 0, 0, 0, 0, 0, 0.16844917, 0.0190520508, -0.126192822, 0, 0, 0, 0, 0, 0, 0, 1, 1, 1, 
82.0416224, 0.1, 0.1, 0.134952636, 0.181462083, -0.0199670528, 0.963809856, 0.26659062, -4.61053935e-005, 0.266590622, -0.963809855, 5.71286432e-005, -2.92068722e-005, -6.73524149e-005, -0.999999997, 0.963809775, 0.266590913, -5.61031623e-005, 0.266590916, -0.963809775, 4.0888001e-005, -4.31724067e-005, -5.43648485e-005, -0.999999998, 0.112986011, -0.0172756836, -0.14686499, 0, 0, 0, 0, 0, 0, 0, 0.16844917, 0.0190520508, -0.126192822, 0, 0, 0, 0, 0, 0, 0, 1, 1, 1, 
82.0423915, 0.1, 0.1, 0.134952645, 0.181462086, -0.019967898, 0.963810389, 0.266588692, 6.23602781e-005, 0.266588694, -0.96381039, -3.13929304e-005, 5.17344837e-005, 4.68813775e-005, -0.999999998, 0.963810241, 0.26658923, 5.31119867e-005, 0.266589229, -0.963810242, 1.77083154e-005, 5.59107229e-005, -2.90837217e-006, -0.999999998, 0.113205981, -0.0205552246, -0.146444971, 0, 0, 0, 0, 0, 0, 0, 0.16844917, 0.0190520508, -0.126192822, 0, 0, 0, 0, 0, 0, 0, 1, 1, 1, 
82.0431502, 0.1, 0.1, 0.13495265, 0.181462065, -0.0199678233, 0.963811139, 0.266585983, -3.46315814e-005, 0.26658598, -0.963811138, -7.76504169e-005, -5.40788166e-005, 6.56080427e-005, -0.999999996, 0.963810992, 0.266586517, -1.95241049e-005, 0.266586514, -0.963810988, -9.6452009e-005, -4.4530352e-005, 8.77566434e-005, -0.999999995, 0.113205981, -0.0205552246, -0.146444971, 0, 0, 0, 0, 0, 0, 0, 0.168152783, 0.0159073242, -0.125635645, 0, 0, 0, 0, 0, 0, 0, 1, 1, 1, 
82.0438531, 0.1, 0.1, 0.134952649, 0.181462067, -0.0199681642, 0.963811963, 0.266583006, 1.43029086e-005, 0.266583004, -0.963811962, 6.75653806e-005, 3.17970967e-005, -6.13074098e-005, -0.999999998, 0.963811792, 0.266583628, -3.31911925e-006, 0.266583627, -0.96381179, 5.67055537e-005, 1.1917766e-005, -5.55383042e-005, -0.999999998, 0.113205981, -0.0205552246, -0.146444971, 0, 0, 0, 0, 0, 0, 0, 0.168152783, 0.0159073242, -0.125635645, 0, 0, 0, 0, 0, 0, 0, 1, 1, 1, 
82.0446443, 0.1, 0.1, 0.134952654, 0.181462065, -0.0199684921, 0.963812935, 0.266579494, -1.76290122e-005, 0.266579493, -0.963812933, -6.32246076e-005, -3.38454539e-005, 5.62371614e-005, -0.999999998, 0.963812716, 0.266580286, 9.7236215e-006, 0.266580286, -0.963812715, -2.87397725e-005, 1.71029327e-006, 3.0291884e-005, -1, 0.113205981, -0.0205552246, -0.146444971, 0, 0, 0, 0, 0, 0, 0, 0.168152783, 0.0159073242, -0.125635645, 0, 0, 0, 0, 0, 0, 0, 1, 1, 1, 
82.0454323, 0.1, 0.1, 0.134952649, 0.181462051, -0.0199678136, 0.963813931, 0.266575893, -1.90711643e-005, 0.266575894, -0.963813931, 8.89491157e-006, -1.60098849e-005, -1.36569524e-005, -1, 0.963813688, 0.266576767, -3.95267705e-005, 0.266576766, -0.963813689, -4.20542318e-005, -4.93071236e-005, 2.99955256e-005, -0.999999998, 0.113205981, -0.0205552246, -0.146444971, 0, 0, 0, 0, 0, 0, 0, 0.167833447, 0.0129641113, -0.125281934, 0, 0, 0, 0, 0, 0, 0, 1, 1, 1, 
82.0461415, 0.1, 0.1, 0.134952658, 0.181462057, -0.0199668973, 0.963814861, 0.266572527, 3.66044928e-005, 0.266572526, -0.963814862, 1.44404569e-005, 3.91293833e-005, -4.16017484e-006, -0.999999999, 0.963814682, 0.266573173, 4.28493473e-005, 0.266573171, -0.963814683, 3.9966822e-005, 5.19529126e-005, -2.70981235e-005, -0.999999998, 0.113205981, -0.0205552246, -0.146444971, 0, 0, 0, 0, 0, 0, 0, 0.167833447, 0.0129641113, -0.125281934, 0, 0, 0, 0, 0, 0, 0, 1, 1, 1, 
82.0469371, 0.1, 0.1, 0.134952656, 0.181462042, -0.0199658679, 0.963815909, 0.266568737, -4.52675978e-005, 0.266568734, -0.963815909, -5.62855504e-005, -5.8633599e-005, 4.21819827e-005, -0.999999997, 0.963815722, 0.266569414, -4.42569687e-005, 0.266569411, -0.963815721, -7.21901422e-005, -6.18992461e-005, 5.778044e-005, -0.999999996, 0.113205981, -0.0205552246, -0.146444971, 0, 0, 0, 0, 0, 0, 0, 0.167833447, 0.0129641113, -0.125281934, 0, 0, 0, 0, 0, 0, 0, 1, 1, 1, 
82.0476639, 0.1, 0.1, 0.134952659, 0.181462047, -0.0199654227, 0.96381688, 0.266565227, 4.2658992e-005, 0.266565224, -0.96381688, 6.53245683e-005, 5.85287149e-005, -5.15895178e-005, -0.999999997, 0.963816691, 0.266565913, 3.04597657e-005, 0.266565911, -0.963816689, 6.48495147e-005, 4.66443007e-005, -5.43835095e-005, -0.999999997, 0.113398853, -0.0236088379, -0.145775952, 0, 0, 0, 0, 0, 0, 0, 0.167833447, 0.0129641113, -0.125281934, 0, 0, 0, 0, 0, 0, 0, 1, 1, 1, 
82.0484061, 0.1, 0.1, 0.134952665, 0.181462043, -0.0199660611, 0.963817863, 0.266561673, -2.45362311e-005, 0.266561671, -0.963817862, -5.73852842e-005, -3.89451752e-005, 4.87685432e-005, -0.999999998, 0.963817634, 0.266562505, -1.90502042e-006, 0.266562504, -0.963817633, -4.03158575e-005, -1.25827882e-005, 3.83493274e-005, -0.999999999, 0.113398853, -0.0236088379, -0.145775952, 0, 0, 0, 0, 0, 0, 0, 0.167833447, 0.0129641113, -0.125281934, 0, 0, 0, 0, 0, 0, 0, 1, 1, 1, 
82.0491606, 0.1, 0.1, 0.134952662, 0.181462038, -0.0199666025, 0.963818903, 0.266557916, 5.85703965e-006, 0.266557916, -0.963818902, 4.92670764e-005, 1.87776548e-005, -4.59232992e-005, -0.999999999, 0.96381871, 0.266558613, -2.04177485e-005, 0.266558614, -0.96381871, 2.15003715e-005, -1.39478988e-005, -2.61649871e-005, -1, 0.113398853, -0.0236088379, -0.145775952, 0, 0, 0, 0, 0, 0, 0, 0.167833447, 0.0129641113, -0.125281934, 0, 0, 0, 0, 0, 0, 0, 1, 1, 1, 
82.0498934, 0.1, 0.1, 0.134952671, 0.181462043, -0.0199676701, 0.963819895, 0.266554328, 1.8532489e-005, 0.266554329, -0.963819895, -1.70251634e-005, 1.33238506e-005, 2.13491064e-005, -1, 0.963819709, 0.266554999, 3.21638187e-005, 0.266554998, -0.96381971, 1.98169283e-005, 3.62824237e-005, -1.05265194e-005, -0.999999999, 0.113580859, -0.0266651367, -0.145735278, 0, 0, 0, 0, 0, 0, 0, 0.167545605, 0.0100243164, -0.12473501, 0, 0, 0, 0, 0, 0, 0, 1, 1, 1, 
82.0506949, 0.1, 0.1, 0.134952667, 0.181462031, -0.0199684931, 0.963820985, 0.266550386, -3.23982305e-005, 0.266550386, -0.963820985, -1.55110012e-005, -3.53605578e-005, 6.31406763e-006, -0.999999999, 0.963820751, 0.266551231, -4.01265804e-005, 0.266551229, -0.963820751, -4.50197708e-005, -5.06749062e-005, 3.26952e-005, -0.999999998, 0.113580859, -0.0266651367, -0.145735278, 0, 0, 0, 0, 0, 0, 0, 0.167545605, 0.0100243164, -0.12473501, 0, 0, 0, 0, 0, 0, 0, 1, 1, 1, 
82.0514028, 0.1, 0.1, 0.134952672, 0.181462038, -0.0199686422, 0.963821946, 0.266546909, 3.6714775e-005, 0.266546907, -0.963821946, 4.43509439e-005, 4.72081129e-005, -3.29602034e-005, -0.999999998, 0.963821757, 0.266547593, 3.47827269e-005, 0.26654759, -0.963821757, 5.79594323e-005, 4.89732961e-005, -4.65913098e-005, -0.999999998, 0.113580859, -0.0266651367, -0.145735278, 0, 0, 0, 0, 0, 0, 0, 0.167545605, 0.0100243164, -0.12473501, 0, 0, 0, 0, 0, 0, 0, 1, 1, 1, 
82.0521057, 0.1, 0.1, 0.134952674, 0.18146203, -0.0199689695, 0.963822892, 0.266543489, -3.48141739e-005, 0.266543486, -0.963822892, -5.85027069e-005, -4.91482133e-005, 4.71067568e-005, -0.999999998, 0.963822704, 0.26654417, -2.46383544e-005, 0.266544168, -0.963822703, -5.827845e-005, -3.92807865e-005, 4.96028836e-005, -0.999999998, 0.113580859, -0.0266651367, -0.145735278, 0, 0, 0, 0, 0, 0, 0, 0.167545605, 0.0100243164, -0.12473501, 0, 0, 0, 0, 0, 0, 0, 1, 1, 1, 
82.0529024, 0.1, 0.1, 0.134952675, 0.181462031, -0.0199685995, 0.963823955, 0.266539647, 3.27418168e-005, 0.266539644, -0.963823954, 6.52274883e-005, 4.8943059e-005, -5.41408235e-005, -0.999999997, 0.963823759, 0.266540357, 1.52210919e-005, 0.266540356, -0.963823758, 5.3634266e-005, 2.89661464e-005, -4.76369446e-005, -0.999999998, 0.113580859, -0.0266651367, -0.145735278, 0, 0, 0, 0, 0, 0, 0, 0.167545605, 0.0100243164, -0.12473501, 0, 0, 0, 0, 0, 0, 0, 1, 1, 1, 
82.0536084, 0.1, 0.1, 0.134952683, 0.181462032, -0.0199680058, 0.963824898, 0.266536236, -3.86709268e-006, 0.266536235, -0.963824898, -4.45097034e-005, -1.5590649e-005, 4.18688401e-005, -0.999999999, 0.963824708, 0.266536925, 2.21958957e-005, 0.266536926, -0.963824708, -1.62373106e-005, 1.70651098e-005, 2.15659469e-005, -1, 0.113580859, -0.0266651367, -0.145735278, 0, 0, 0, 0, 0, 0, 0, 0.167545605, 0.0100243164, -0.12473501, 0, 0, 0, 0, 0, 0, 0, 1, 1, 1, 
82.0543525, 0.1, 0.1, 0.13495268, 0.181462023, -0.0199677271, 0.963825885, 0.266532669, -1.42029428e-005, 0.266532669, -0.963825885, 2.11568157e-005, -8.05018132e-006, -2.41770349e-005, -1, 0.963825651, 0.266533512, -3.10272721e-005, 0.266533511, -0.963825652, -2.38740914e-005, -3.62681262e-005, 1.47406539e-005, -0.999999999, 0.113580859, -0.0266651367, -0.145735278, 0, 0, 0, 0, 0, 0, 0, 0.167545605, 0.0100243164, -0.12473501, 0, 0, 0, 0, 0, 0, 0, 1, 1, 1, 
82.0551343, 0.1, 0.1, 0.134952691, 0.181462033, -0.0199665338, 0.963826954, 0.266528801, 3.61475696e-005, 0.2665288, -0.963826954, 2.47320721e-005, 4.14318114e-005, -1.42030694e-005, -0.999999999, 0.963826769, 0.266529468, 4.59812804e-005, 0.266529466, -0.963826769, 5.19454379e-005, 5.81629789e-005, -3.78110375e-005, -0.999999998, 0.113756885, -0.0299678711, -0.145147681, 0, 0, 0, 0, 0, 0, 0, 0.167064062, 0.00688813477, -0.123969482, 0, 0, 0, 0, 0, 0, 0, 1, 1, 1, 
82.0558432, 0.1, 0.1, 0.134952688, 0.181462022, -0.0199661811, 0.963827913, 0.266525331, -5.19501589e-005, 0.266525328, -0.963827914, -4.82880283e-005, -6.29409959e-005, 3.26953164e-005, -0.999999997, 0.963827722, 0.266526022, -4.7627483e-005, 0.266526019, -0.963827722, -6.11927285e-005, -6.22141429e-005, 4.62852846e-005, -0.999999997, 0.113756885, -0.0299678711, -0.145147681, 0, 0, 0, 0, 0, 0, 0, 0.167064062, 0.00688813477, -0.123969482, 0, 0, 0, 0, 0, 0, 0, 1, 1, 1, 
82.0566318, 0.1, 0.1, 0.134952689, 0.181462028, -0.0199664014, 0.963828993, 0.266521428, 2.84239916e-005, 0.266521425, -0.963828992, 6.2908495e-005, 4.4162329e-005, -5.30574287e-005, -0.999999998, 0.963828758, 0.266522278, 1.62907634e-005, 0.266522277, -0.963828756, 6.38118695e-005, 3.27087911e-005, -5.71618636e-005, -0.999999998, 0.113756885, -0.0299678711, -0.145147681, 0, 0, 0, 0, 0, 0, 0, 0.167064062, 0.00688813477, -0.123969482, 0, 0, 0, 0, 0, 0, 0, 1, 1, 1, 
82.0573546, 0.1, 0.1, 0.134952692, 0.181462023, -0.0199665417, 0.96383, 0.266517785, -3.16313668e-005, 0.266517783, -0.963829999, -6.49381399e-005, -4.77944294e-005, 5.41590056e-005, -0.999999997, 0.963829802, 0.266518504, -1.36941188e-005, 0.266518503, -0.963829801, -5.01510509e-005, -2.65649828e-005, 4.46873414e-005, -0.999999999, 0.113756885, -0.0299678711, -0.145147681, 0, 0, 0, 0, 0, 0, 0, 0.167064062, 0.00688813477, -0.123969482, 0, 0, 0, 0, 0, 0, 0, 1, 1, 1, 
82.0580596, 0.1, 0.1, 0.134952689, 0.181462017, -0.0199674567, 0.963830968, 0.266514287, 6.13448367e-006, 0.266514286, -0.963830967, 3.72232863e-005, 1.58331429e-005, -3.42420285e-005, -0.999999999, 0.963830771, 0.266514998, -2.10014467e-005, 0.266514998, -0.963830771, 9.1644079e-006, -1.77993884e-005, -1.44301389e-005, -1, 0.113756885, -0.0299678711, -0.145147681, 0, 0, 0, 0, 0, 0, 0, 0.167064062, 0.00688813477, -0.123969482, 0, 0, 0, 0, 0, 0, 0, 1, 1, 1, 
82.0588744, 0.1, 0.1, 0.134952699, 0.181462022, -0.0199680558, 0.963832093, 0.266510218, 2.03645389e-005, 0.266510218, -0.963832093, -7.84388515e-006, 1.75375206e-005, 1.29875459e-005, -1, 0.96383189, 0.266510949, 3.86882445e-005, 0.266510948, -0.963831891, 8.7838661e-006, 3.96299603e-005, 1.84467046e-006, -0.999999999, 0.113756885, -0.0299678711, -0.145147681, 0, 0, 0, 0, 0, 0, 0, 0.167064062, 0.00688813477, -0.123969482, 0, 0, 0, 0, 0, 0, 0, 1, 1, 1, 
82.0596108, 0.1, 0.1, 0.134952695, 0.18146202, -0.0199680745, 0.963833149, 0.266506398, -3.10869585e-005, 0.266506399, -0.963833149, 1.61232643e-005, -2.5665688e-005, -2.382501e-005, -0.999999999, 0.963832948, 0.266507121, -4.52441368e-005, 0.266507122, -0.963832949, 1.44667745e-005, -3.97522914e-005, -2.60014386e-005, -0.999999999, 0.1140552, -0.0328282715, -0.144703369, 0, 0, 0, 0, 0, 0, 0, 0.166915234, 0.00408979492, -0.123595752, 0, 0, 0, 0, 0, 0, 0, 1, 1, 1, 
82.0603463, 0.1, 0.1, 0.134952706, 0.181462018, -0.019968252, 0.963834122, 0.266502875, 6.04234135e-005, 0.266502875, -0.963834123, 3.37104021e-006, 5.91365397e-005, 1.28538898e-005, -0.999999998, 0.963833912, 0.266503632, 6.56523598e-005, 0.266503633, -0.963833914, -5.48533503e-006, 6.18161092e-005, 2.27835443e-005, -0.999999998, 0.1140552, -0.0328282715, -0.144703369, 0, 0, 0, 0, 0, 0, 0, 0.166915234, 0.00408979492, -0.123595752, 0, 0, 0, 0, 0, 0, 0, 1, 1, 1, 
82.0611115, 0.1, 0.1, 0.134952706, 0.181462017, -0.0199677285, 0.963834918, 0.266499997, -4.50111028e-005, 0.266499997, -0.963834919, -1.75826371e-005, -4.80690454e-005, 4.95130087e-006, -0.999999999, 0.963834793, 0.266500452, -3.76449037e-005, 0.266500452, -0.963834793, -1.21560292e-005, -3.95230552e-005, 1.68402005e-006, -0.999999999, 0.1140552, -0.0328282715, -0.144703369, 0, 0, 0, 0, 0, 0, 0, 0.166915234, 0.00408979492, -0.123595752, 0, 0, 0, 0, 0, 0, 0, 1, 1, 1, 
82.0618439, 0.1, 0.1, 0.134952708, 0.181462015, -0.0199675048, 0.963835561, 0.266497671, 5.13095317e-005, 0.266497672, -0.963835562, -3.78752763e-007, 4.93530146e-005, 1.40389261e-005, -0.999999999, 0.963835422, 0.266498178, 2.5798213e-005, 0.266498178, -0.963835422, 7.76235776e-006, 2.69338857e-005, -6.06458603e-007, -1, 0.114308105, -0.035694165, -0.144471436, 0, 0, 0, 0, 0, 0, 0, 0.166915234, 0.00408979492, -0.123595752, 0, 0, 0, 0, 0, 0, 0, 1, 1, 1, 
