time, realDorsalTactorPos, realVentralTactorPos, boxPosX, boxPosY, boxPosZ, boxLocalRot_11, boxLocalRot_12, boxLocalRot_13, boxLocalRot_21, boxLocalRot_22, boxLocalRot_23, boxLocalRot_31, boxLocalRot_32, boxLocalRot_33, boxGlobalRot_11, boxGlobalRot_12, boxGlobalRot_13], boxGlobalRot_21, boxGlobalRot_22, boxGlobalRot_23, boxGlobalRot_31, boxGlobalRot_32, boxGlobalRot_33, indexPosX, indexPosY, indexPosZ, indexContact, indexForceX, indexForceY, indexForceZ, indexForceGlobalX, indexForceGlobalY, indexForceGlobalZ, thumbPosX, thumbPosY, thumbPosZ, thumbContact, thumbForceX, thumbForceY, thumbForceZ, thumbForceGlobalX, thumbForceGlobalY, thumbForceGlobalZ, hoopSuccess, targetSuccess, trialSuccess, 
140.264122, 0.1, 0.1, 0.0872482831, 0.198577725, -0.0199736673, 0.939468781, 6.25083053e-006, -0.342634512, 0.342634512, -1.91737258e-005, 0.939468781, -6.97120028e-007, -1, -2.01548671e-005, 0.939468977, 3.09921257e-005, -0.342633975, 0.342633976, -3.59456216e-005, 0.939468976, 1.67999494e-005, -0.999999999, -4.43887516e-005, 0.104991992, 0.0114280273, -0.151287793, 0, 0, 0, 0, 0, 0, 0, 0.173456836, 0.0592797852, -0.128686279, 0, 0, 0, 0, 0, 0, 0, 1, 1, 1, 
140.300687, 0.1, 0.1, 0.0872489677, 0.198575911, -0.0199697465, 0.939485001, 1.21877491e-005, -0.342590035, 0.342590035, -1.69362205e-005, 0.939485001, 5.64802708e-006, -1, -2.00867266e-005, 0.939484809, 2.20248304e-005, -0.342590561, 0.342590561, -1.35536784e-005, 0.939484809, 1.60486313e-005, -1, -2.0278974e-005, 0.112253418, -0.0192650879, -0.147255078, 0, 0, 0, 0, 0, 0, 0, 0.179519287, 0.0302367676, -0.126223779, 0, 0, 0, 0, 0, 0, 0, 1, 1, 1, 
140.301403, 0.1, 0.1, 0.0872489749, 0.198575884, -0.0199712242, 0.939485982, 4.87827921e-006, -0.342587345, 0.342587345, 9.3554515e-006, 0.939485982, 7.78813423e-006, -1, 7.11807881e-006, 0.939485789, -1.65979831e-005, -0.342587874, 0.342587874, 1.22497617e-005, 0.939485789, -1.13969494e-005, -1, 1.71947447e-005, 0.112253418, -0.0192650879, -0.147255078, 0, 0, 0, 0, 0, 0, 0, 0.179519287, 0.0302367676, -0.126223779, 0, 0, 0, 0, 0, 0, 0, 1, 1, 1, 
140.302113, 0.1, 0.1, 0.0872489862, 0.198575856, -0.0199718812, 0.939486952, -1.96035392e-005, -0.342584685, 0.342584685, 2.12433655e-006, 0.939486952, -1.76895041e-005, -1, 8.71165877e-006, 0.939486759, -6.02283048e-006, -0.342585217, 0.342585216, -1.25376253e-005, 0.939486758, -9.95357455e-006, -1, -9.71560025e-006, 0.112253418, -0.0192650879, -0.147255078, 0, 0, 0, 0, 0, 0, 0, 0.179519287, 0.0302367676, -0.126223779, 0, 0, 0, 0, 0, 0, 0, 1, 1, 1, 
140.302824, 0.1, 0.1, 0.0872489972, 0.19857583, -0.0199716337, 0.939487914, 2.59335954e-005, -0.342582048, 0.342582048, -1.11612977e-005, 0.939487914, 2.05406393e-005, -1, -1.93702885e-005, 0.939487723, 2.39060317e-005, -0.342582571, 0.342582571, -2.75326292e-006, 0.939487723, 2.15162034e-005, -1, -1.07764465e-005, 0.112253418, -0.0192650879, -0.147255078, 0, 0, 0, 0, 0, 0, 0, 0.179519287, 0.0302367676, -0.126223779, 0, 0, 0, 0, 0, 0, 0, 1, 1, 1, 
140.30356, 0.1, 0.1, 0.0872490051, 0.198575803, -0.0199703635, 0.939488904, -1.41704045e-005, -0.342579332, 0.342579332, 1.61098182e-005, 0.939488904, -7.79404703e-006, -1, 1.99894831e-005, 0.939488713, -2.46003765e-005, -0.342579856, 0.342579856, 1.39052369e-005, 0.939488713, -1.8348122e-005, -1, 2.14914066e-005, 0.112857104, -0.0217397949, -0.146689697, 0, 0, 0, 0, 0, 0, 0, 0.180002734, 0.0277189453, -0.125831494, 0, 0, 0, 0, 0, 0, 0, 1, 1, 1, 
140.304275, 0.1, 0.1, 0.0872490174, 0.198575775, -0.0199686809, 0.939489865, -9.65268051e-006, -0.342576697, 0.342576697, -1.3003702e-005, 0.939489865, -1.35233608e-005, -1, -8.91006288e-006, 0.939489669, 1.4318526e-005, -0.342577235, 0.342577236, -1.65969585e-005, 0.939489669, 7.76636708e-006, -1, -2.04978721e-005, 0.112857104, -0.0217397949, -0.146689697, 0, 0, 0, 0, 0, 0, 0, 0.180002734, 0.0277189453, -0.125831494, 0, 0, 0, 0, 0, 0, 0, 1, 1, 1, 
140.304983, 0.1, 0.1, 0.0872490254, 0.198575751, -0.0199671644, 0.939490829, 2.42190633e-005, -0.342574053, 0.342574053, -5.56456443e-006, 0.939490829, 2.08473124e-005, -1, -1.35246799e-005, 0.939490636, 7.83199113e-006, -0.342574583, 0.342574583, 1.13743525e-005, 0.939490636, 1.12546464e-005, -1, 8.00305661e-006, 0.112857104, -0.0217397949, -0.146689697, 0, 0, 0, 0, 0, 0, 0, 0.180002734, 0.0277189453, -0.125831494, 0, 0, 0, 0, 0, 0, 0, 1, 1, 1, 
140.305719, 0.1, 0.1, 0.0872490342, 0.198575723, -0.0199661859, 0.939491843, -2.91572497e-005, -0.342571272, 0.342571272, 1.44434629e-005, 0.939491843, -2.24450828e-005, -0.999999999, 2.35579517e-005, 0.939491627, -2.70635863e-005, -0.342571865, 0.342571865, 3.19238513e-006, 0.939491627, -2.43323914e-005, -1, 1.22704423e-005, 0.113675366, -0.0244724121, -0.145987866, 0, 0, 0, 0, 0, 0, 0, 0.180002734, 0.0277189453, -0.125831494, 0, 0, 0, 0, 0, 0, 0, 1, 1, 1, 
140.306433, 0.1, 0.1, 0.0872490461, 0.198575698, -0.0199658922, 0.939492839, 1.65007911e-005, -0.34256854, 0.34256854, -1.83030058e-005, 0.939492839, 9.23234106e-006, -1, -2.28481948e-005, 0.939492635, 2.81442401e-005, -0.3425691, 0.3425691, -1.48708173e-005, 0.939492635, 2.13470238e-005, -0.999999999, -2.36123703e-005, 0.113675366, -0.0244724121, -0.145987866, 0, 0, 0, 0, 0, 0, 0, 0.180487891, 0.0251911133, -0.125205957, 0, 0, 0, 0, 0, 0, 0, 1, 1, 1, 
140.30714, 0.1, 0.1, 0.0872490528, 0.198575674, -0.0199665345, 0.939493837, 8.91175707e-006, -0.342565805, 0.342565805, 1.21026343e-005, 0.939493837, 1.25184895e-005, -1, 8.31748711e-006, 0.939493638, -1.56984394e-005, -0.342566348, 0.342566349, 1.58835209e-005, 0.939493638, -9.30742424e-006, -1, 2.03002239e-005, 0.113675366, -0.0244724121, -0.145987866, 0, 0, 0, 0, 0, 0, 0, 0.180487891, 0.0251911133, -0.125205957, 0, 0, 0, 0, 0, 0, 0, 1, 1, 1, 
140.307849, 0.1, 0.1, 0.0872490639, 0.198575647, -0.0199678654, 0.939494847, -2.11416119e-005, -0.342563034, 0.342563034, 1.35391813e-006, 0.939494847, -1.93986331e-005, -1, 8.51433381e-006, 0.939494645, -4.88536169e-006, -0.342563588, 0.342563588, -1.50391057e-005, 0.939494645, -9.74162118e-006, -1, -1.24556123e-005, 0.113675366, -0.0244724121, -0.145987866, 0, 0, 0, 0, 0, 0, 0, 0.180487891, 0.0251911133, -0.125205957, 0, 0, 0, 0, 0, 0, 0, 1, 1, 1, 
140.308559, 0.1, 0.1, 0.0872490738, 0.198575624, -0.0199694704, 0.93949586, 2.55878988e-005, -0.342560256, 0.342560257, -1.24322634e-005, 0.93949586, 1.97809256e-005, -1, -2.04454572e-005, 0.939495658, 2.35831936e-005, -0.342560809, 0.342560809, -3.2656058e-006, 0.939495658, 2.10376394e-005, -1, -1.11467004e-005, 0.113675366, -0.0244724121, -0.145987866, 0, 0, 0, 0, 0, 0, 0, 0.180487891, 0.0251911133, -0.125205957, 0, 0, 0, 0, 0, 0, 0, 1, 1, 1, 
140.309271, 0.1, 0.1, 0.0872490808, 0.198575599, -0.0199708281, 0.939496866, -1.4880634e-005, -0.342557497, 0.342557497, 1.58738941e-005, 0.939496866, -8.54258756e-006, -1, 2.00109465e-005, 0.939496663, -2.44934839e-005, -0.342558052, 0.342558053, 1.28629224e-005, 0.939496663, -1.86052488e-005, -1, 2.04751129e-005, 0.113675366, -0.0244724121, -0.145987866, 0, 0, 0, 0, 0, 0, 0, 0.180487891, 0.0251911133, -0.125205957, 0, 0, 0, 0, 0, 0, 0, 1, 1, 1, 
140.309979, 0.1, 0.1, 0.0872490918, 0.198575575, -0.0199715422, 0.939497855, -8.88119915e-006, -0.342554785, 0.342554785, -1.064554e-005, 0.939497855, -1.19905482e-005, -1, -6.95916475e-006, 0.93949766, 1.21913319e-005, -0.342555318, 0.342555318, -1.33852212e-005, 0.93949766, 6.8685491e-006, -1, -1.67515896e-005, 0.113675366, -0.0244724121, -0.145987866, 0, 0, 0, 0, 0, 0, 0, 0.180487891, 0.0251911133, -0.125205957, 0, 0, 0, 0, 0, 0, 0, 1, 1, 1, 
140.310698, 0.1, 0.1, 0.0872490992, 0.198575552, -0.0199714107, 0.939498855, 2.02148672e-005, -0.34255204, 0.34255204, -3.04974736e-006, 0.939498856, 1.79471475e-005, -1, -9.78987818e-006, 0.939498659, 6.10954744e-006, -0.342552578, 0.342552578, 1.12948668e-005, 0.939498659, 9.60899739e-006, -1, 8.51867101e-006, 0.114239868, -0.0269892334, -0.145255518, 0, 0, 0, 0, 0, 0, 0, 0.180487891, 0.0251911133, -0.125205957, 0, 0, 0, 0, 0, 0, 0, 1, 1, 1, 
140.311424, 0.1, 0.1, 0.0872491073, 0.198575527, -0.0199703061, 0.939499854, -2.55212417e-005, -0.3425493, 0.3425493, 1.32858934e-005, 0.939499855, -1.94261294e-005, -1, 2.12243784e-005, 0.939499658, -2.37989945e-005, -0.342549838, 0.342549838, 3.96731132e-006, 0.939499659, -2.10001454e-005, -1, 1.18796293e-005, 0.114239868, -0.0269892334, -0.145255518, 0, 0, 0, 0, 0, 0, 0, 0.181148437, 0.0226364258, -0.124785352, 0, 0, 0, 0, 0, 0, 0, 1, 1, 1, 
140.312133, 0.1, 0.1, 0.0872491181, 0.198575504, -0.0199688872, 0.939500828, 1.40680592e-005, -0.34254663, 0.342546631, -1.4939383e-005, 0.939500828, 8.09951798e-006, -1, -1.8854529e-005, 0.939500634, 2.48116104e-005, -0.342547162, 0.342547163, -1.22372974e-005, 0.939500634, 1.91186722e-005, -1, -1.99960954e-005, 0.114239868, -0.0269892334, -0.145255518, 0, 0, 0, 0, 0, 0, 0, 0.181148437, 0.0226364258, -0.124785352, 0, 0, 0, 0, 0, 0, 0, 1, 1, 1, 
140.312843, 0.1, 0.1, 0.0872491239, 0.198575482, -0.019967591, 0.939501803, 7.75728837e-006, -0.342543958, 0.342543958, 1.41395875e-005, 0.939501803, 1.21314167e-005, -1, 1.06269557e-005, 0.939501612, -1.59231412e-005, -0.34254448, 0.34254448, 1.80003755e-005, 0.939501612, -8.79388753e-006, -1, 2.2365766e-005, 0.114239868, -0.0269892334, -0.145255518, 0, 0, 0, 0, 0, 0, 0, 0.181148437, 0.0226364258, -0.124785352, 0, 0, 0, 0, 0, 0, 0, 1, 1, 1, 
140.313582, 0.1, 0.1, 0.0872491338, 0.198575457, -0.0199666011, 0.93950283, -2.86179946e-005, -0.342541138, 0.342541139, 4.78041713e-006, 0.93950283, -2.52491974e-005, -1, 1.42940559e-005, 0.93950263, -1.21594191e-005, -0.342541689, 0.342541689, -1.23030814e-005, 0.93950263, -1.56381245e-005, -1, -7.39366931e-006, 0.114239868, -0.0269892334, -0.145255518, 0, 0, 0, 0, 0, 0, 0, 0.181148437, 0.0226364258, -0.124785352, 0, 0, 0, 0, 0, 0, 0, 1, 1, 1, 
140.314295, 0.1, 0.1, 0.0872491426, 0.198575435, -0.019966247, 0.939503835, 2.67220572e-005, -0.342538384, 0.342538384, -1.46105686e-005, 0.939503835, 2.01007946e-005, -1, -2.28800155e-005, 0.939503625, 2.35276192e-005, -0.342538958, 0.342538958, -3.42873164e-006, 0.939503625, 2.09298094e-005, -1, -1.1280432e-005, 0.114239868, -0.0269892334, -0.145255518, 0, 0, 0, 0, 0, 0, 0, 0.181148437, 0.0226364258, -0.124785352, 0, 0, 0, 0, 0, 0, 0, 1, 1, 1, 
140.315001, 0.1, 0.1, 0.0872491487, 0.198575413, -0.0199667076, 0.939504835, -1.40302025e-005, -0.342535641, 0.342535641, 1.49801531e-005, 0.939504835, -8.05020677e-006, -1, 1.88797706e-005, 0.939504635, -2.57596845e-005, -0.342536189, 0.342536189, 1.20070431e-005, 0.939504635, -2.00884962e-005, -1, 2.01042968e-005, 0.114239868, -0.0269892334, -0.145255518, 0, 0, 0, 0, 0, 0, 0, 0.181148437, 0.0226364258, -0.124785352, 0, 0, 0, 0, 0, 0, 0, 1, 1, 1, 
140.315721, 0.1, 0.1, 0.0872491608, 0.198575389, -0.0199677858, 0.939505858, -2.09775888e-006, -0.342532834, 0.342532834, -1.60369477e-005, 0.939505858, -7.4640379e-006, -1, -1.4348255e-005, 0.939505661, 2.07064383e-005, -0.342533374, 0.342533374, -1.96891084e-005, 0.939505661, 1.27096393e-005, -1, -2.5590675e-005, 0.114794116, -0.0297197754, -0.144679272, 0, 0, 0, 0, 0, 0, 0, 0.181148437, 0.0226364258, -0.124785352, 0, 0, 0, 0, 0, 0, 0, 1, 1, 1, 
140.316444, 0.1, 0.1, 0.0872491684, 0.198575368, -0.01996897, 0.939506898, 2.63635491e-005, -0.34252998, 0.34252998, -3.27907878e-006, 0.939506899, 2.36455535e-005, -1, -1.21110231e-005, 0.939506693, 1.09773737e-005, -0.342530544, 0.342530544, 1.2196229e-005, 0.939506693, 1.4490897e-005, -1, 7.69835298e-006, 0.114794116, -0.0297197754, -0.144679272, 0, 0, 0, 0, 0, 0, 0, 0.181360791, 0.0200851562, -0.124133203, 0, 0, 0, 0, 0, 0, 0, 1, 1, 1, 
140.317153, 0.1, 0.1, 0.0872491764, 0.198575345, -0.019970039, 0.939507913, -2.39792196e-005, -0.342527197, 0.342527197, 1.07976486e-005, 0.939507913, -1.88301783e-005, -1, 1.83580111e-005, 0.939507712, -2.09098133e-005, -0.34252775, 0.34252775, 1.75805472e-006, 0.939507712, -1.90427483e-005, -1, 8.81389727e-006, 0.114794116, -0.0297197754, -0.144679272, 0, 0, 0, 0, 0, 0, 0, 0.181360791, 0.0200851562, -0.124133203, 0, 0, 0, 0, 0, 0, 0, 1, 1, 1, 
140.317876, 0.1, 0.1, 0.0872491865, 0.198575323, -0.0199706006, 0.939508939, 1.26636574e-005, -0.342524385, 0.342524385, -1.40938919e-005, 0.939508938, 7.07011767e-006, -1, -1.75789489e-005, 0.939508741, 2.30436637e-005, -0.342524927, 0.342524927, -1.17842158e-005, 0.939508741, 1.76133358e-005, -1, -1.8964403e-005, 0.114794116, -0.0297197754, -0.144679272, 0, 0, 0, 0, 0, 0, 0, 0.181360791, 0.0200851562, -0.124133203, 0, 0, 0, 0, 0, 0, 0, 1, 1, 1, 
140.318617, 0.1, 0.1, 0.0872491912, 0.198575303, -0.0199703183, 0.93950998, 2.37550702e-006, -0.342521528, 0.342521527, 1.52578513e-005, 0.93950998, 7.45795508e-006, -1, 1.35212413e-005, 0.939509784, -1.91558274e-005, -0.342522066, 0.342522067, 1.87129833e-005, 0.939509784, -1.15874776e-005, -1, 2.41423245e-005, 0.115362646, -0.0322447754, -0.143941431, 0, 0, 0, 0, 0, 0, 0, 0.181792969, 0.0175355957, -0.123475928, 0, 0, 0, 0, 0, 0, 0, 1, 1, 1, 
140.319332, 0.1, 0.1, 0.0872491994, 0.198575281, -0.0199695733, 0.939510985, -2.75196939e-005, -0.34251877, 0.342518771, 6.64378732e-006, 0.939510985, -2.35794329e-005, -1, 1.56679229e-005, 0.939510774, -1.19301568e-005, -0.342519351, 0.342519351, -9.42460185e-006, 0.939510774, -1.44366194e-005, -1, -4.76820541e-006, 0.115362646, -0.0322447754, -0.143941431, 0, 0, 0, 0, 0, 0, 0, 0.181792969, 0.0175355957, -0.123475928, 0, 0, 0, 0, 0, 0, 0, 1, 1, 1, 
140.320046, 0.1, 0.1, 0.0872492073, 0.198575261, -0.0199685772, 0.939511986, 2.4288586e-005, -0.342516025, 0.342516025, -1.23636182e-005, 0.939511986, 1.85846803e-005, -1, -1.99349974e-005, 0.939511789, 2.14926113e-005, -0.342516565, 0.342516565, -2.17072782e-006, 0.939511789, 1.94490514e-005, -1, -9.40099977e-006, 0.115362646, -0.0322447754, -0.143941431, 0, 0, 0, 0, 0, 0, 0, 0.181792969, 0.0175355957, -0.123475928, 0, 0, 0, 0, 0, 0, 0, 1, 1, 1, 
140.320756, 0.1, 0.1, 0.0872492127, 0.198575241, -0.0199678054, 0.939512982, -1.35276927e-005, -0.342513293, 0.342513293, 1.48186481e-005, 0.939512982, -7.63385893e-006, -1, 1.85557268e-005, 0.939512785, -2.5214302e-005, -0.342513833, 0.342513833, 1.24505637e-005, 0.939512785, -1.94246688e-005, -1, 2.0333711e-005, 0.115362646, -0.0322447754, -0.143941431, 0, 0, 0, 0, 0, 0, 0, 0.181792969, 0.0175355957, -0.123475928, 0, 0, 0, 0, 0, 0, 0, 1, 1, 1, 
140.321468, 0.1, 0.1, 0.0872492239, 0.198575218, -0.0199674184, 0.939513983, -3.16346161e-006, -0.342510549, 0.342510549, -1.67456483e-005, 0.939513983, -8.70767761e-006, -1, -1.46492518e-005, 0.939513787, 2.01206751e-005, -0.342511086, 0.342511086, -2.03006128e-005, 0.939513787, 1.19504667e-005, -1, -2.59642598e-005, 0.115362646, -0.0322447754, -0.143941431, 0, 0, 0, 0, 0, 0, 0, 0.181792969, 0.0175355957, -0.123475928, 0, 0, 0, 0, 0, 0, 0, 1, 1, 1, 
140.322173, 0.1, 0.1, 0.0872492309, 0.1985752, -0.0199675605, 0.939514985, 2.8709164e-005, -0.342507798, 0.342507798, -4.66810342e-006, 0.939514986, 2.5373828e-005, -1, -1.42188657e-005, 0.939514784, 1.26016425e-005, -0.34250835, 0.34250835, 1.09562307e-005, 0.939514784, 1.559203e-005, -1, 5.9773729e-006, 0.115362646, -0.0322447754, -0.143941431, 0, 0, 0, 0, 0, 0, 0, 0.181792969, 0.0175355957, -0.123475928, 0, 0, 0, 0, 0, 0, 0, 1, 1, 1, 
140.323053, 0.1, 0.1, 0.0872492392, 0.198575175, -0.0199672614, 0.939516241, -2.54970147e-005, -0.342504353, 0.342504353, 2.57325109e-005, 0.939516241, -1.51413624e-005, -0.999999999, 3.29089504e-005, 0.939515813, -2.04443083e-005, -0.342505527, 0.342505527, 4.43771693e-006, 0.939515813, -1.76878084e-005, -1, 1.11715938e-005, 0.115362646, -0.0322447754, -0.143941431, 0, 0, 0, 0, 0, 0, 0, 0.181792969, 0.0175355957, -0.123475928, 0, 0, 0, 0, 0, 0, 0, 1, 1, 1, 
140.323784, 0.1, 0.1, 0.0872492498, 0.198575157, -0.019965895, 0.939517305, 1.82141534e-005, -0.342501435, 0.342501435, -9.50437571e-006, 0.939517305, 1.385725e-005, -1, -1.51678991e-005, 0.939517098, 3.04372186e-005, -0.342502002, 0.342502003, -4.97540476e-006, 0.939517098, 2.68922012e-005, -1, -1.50992862e-005, 0.115695117, -0.0349943604, -0.14298584, 0, 0, 0, 0, 0, 0, 0, 0.182203906, 0.0151841309, -0.122807178, 0, 0, 0, 0, 0, 0, 0, 1, 1, 1, 
140.324496, 0.1, 0.1, 0.0872492543, 0.19857514, -0.0199655508, 0.939518346, 8.08294518e-006, -0.342498581, 0.342498581, 1.46220403e-005, 0.939518346, 1.26021033e-005, -1, 1.09692779e-005, 0.939518141, -1.67485637e-005, -0.342499142, 0.342499142, 1.99868812e-005, 0.939518141, -8.89008978e-006, -1, 2.45144062e-005, 0.115695117, -0.0349943604, -0.14298584, 0, 0, 0, 0, 0, 0, 0, 0.182203906, 0.0151841309, -0.122807178, 0, 0, 0, 0, 0, 0, 0, 1, 1, 1, 
140.325204, 0.1, 0.1, 0.0872492628, 0.198575118, -0.0199662373, 0.939519392, -2.6367107e-005, -0.342495711, 0.342495711, -2.3818395e-006, 0.939519392, -2.55881781e-005, -1, 6.79283666e-006, 0.939519183, -9.36407933e-006, -0.342496285, 0.342496285, -1.83245731e-005, 0.939519183, -1.50738304e-005, -1, -1.40091256e-005, 0.115695117, -0.0349943604, -0.14298584, 0, 0, 0, 0, 0, 0, 0, 0.182203906, 0.0151841309, -0.122807178, 0, 0, 0, 0, 0, 0, 0, 1, 1, 1, 
140.325914, 0.1, 0.1, 0.08724927, 0.198575098, -0.0199677172, 0.939520443, 2.48609203e-005, -0.342492827, 0.342492827, -1.91624236e-005, 0.939520443, 1.67943503e-005, -1, -2.65181756e-005, 0.939520234, 2.21608364e-005, -0.342493401, 0.342493402, -9.27211267e-006, 0.939520234, 1.76449168e-005, -1, -1.63012777e-005, 0.115695117, -0.0349943604, -0.14298584, 0, 0, 0, 0, 0, 0, 0, 0.182203906, 0.0151841309, -0.122807178, 0, 0, 0, 0, 0, 0, 0, 1, 1, 1, 
140.326622, 0.1, 0.1, 0.0872492747, 0.198575078, -0.0199695101, 0.939521485, -1.63116204e-005, -0.34248997, 0.34248997, 1.19600828e-005, 0.939521485, -1.12289094e-005, -1, 1.68233211e-005, 0.939521278, -2.64730664e-005, -0.342490535, 0.342490536, 7.85762789e-006, 0.939521279, -2.21808461e-005, -1, 1.64491833e-005, 0.115695117, -0.0349943604, -0.14298584, 0, 0, 0, 0, 0, 0, 0, 0.182203906, 0.0151841309, -0.122807178, 0, 0, 0, 0, 0, 0, 0, 1, 1, 1, 
140.327339, 0.1, 0.1, 0.087249284, 0.198575058, -0.0199710533, 0.939522527, -7.60193908e-006, -0.34248711, 0.34248711, -9.46915641e-006, 0.939522527, -1.0385257e-005, -1, -6.29291962e-006, 0.939522315, 1.42412779e-005, -0.342487693, 0.342487694, -1.38462868e-005, 0.939522315, 8.63781554e-006, -1, -1.78863579e-005, 0.115695117, -0.0349943604, -0.14298584, 0, 0, 0, 0, 0, 0, 0, 0.182203906, 0.0151841309, -0.122807178, 0, 0, 0, 0, 0, 0, 0, 1, 1, 1, 
140.328071, 0.1, 0.1, 0.08724929, 0.198575042, -0.0199716558, 0.939523585, 2.31206286e-005, -0.342484209, 0.342484209, 2.86128685e-006, 0.939523585, 2.27023215e-005, -1, -5.23020374e-006, 0.93952338, 8.97713361e-006, -0.342484772, 0.342484772, 1.67760967e-005, 0.939523379, 1.41797845e-005, -1, 1.26870035e-005, 0.11603894, -0.0374812744, -0.142379077, 0, 0, 0, 0, 0, 0, 0, 0.182328369, 0.0128526855, -0.122301611, 0, 0, 0, 0, 0, 0, 0, 1, 1, 1, 
140.32878, 0.1, 0.1, 0.0872492965, 0.198575023, -0.0199712645, 0.939524594, -2.28420613e-005, -0.342481439, 0.34248144, 1.72206898e-005, 0.939524594, -1.55629117e-005, -1, 2.40022436e-005, 0.939524395, -2.06653203e-005, -0.342481986, 0.342481986, 8.82950715e-006, 0.939524395, -1.63916254e-005, -1, 1.53730373e-005, 0.11603894, -0.0374812744, -0.142379077, 0, 0, 0, 0, 0, 0, 0, 0.182328369, 0.0128526855, -0.122301611, 0, 0, 0, 0, 0, 0, 0, 1, 1, 1, 
140.329489, 0.1, 0.1, 0.0872493053, 0.198575006, -0.0199702666, 0.939525588, 1.24460714e-005, -0.342478714, 0.342478714, -1.31849835e-005, 0.939525588, 7.1778264e-006, -1, -1.66501439e-005, 0.939525391, 2.33183358e-005, -0.342479255, 0.342479255, -9.48874731e-006, 0.939525391, 1.86584695e-005, -1, -1.69009653e-005, 0.11603894, -0.0374812744, -0.142379077, 0, 0, 0, 0, 0, 0, 0, 0.182328369, 0.0128526855, -0.122301611, 0, 0, 0, 0, 0, 0, 0, 1, 1, 1, 
140.330194, 0.1, 0.1, 0.0872493089, 0.198574989, -0.0199690046, 0.939526573, 5.1122356e-006, -0.342476012, 0.342476012, 1.04249763e-005, 0.939526573, 8.37338549e-006, -1, 8.04372419e-006, 0.939526376, -1.78431869e-005, -0.342476552, 0.342476552, 1.43880691e-005, 0.939526376, -1.18365684e-005, -1, 1.96288435e-005, 0.11603894, -0.0374812744, -0.142379077, 0, 0, 0, 0, 0, 0, 0, 0.182328369, 0.0128526855, -0.122301611, 0, 0, 0, 0, 0, 0, 0, 1, 1, 1, 
140.330917, 0.1, 0.1, 0.0872493164, 0.198574968, -0.0199676982, 0.939527586, -2.77295863e-005, -0.342473231, 0.342473231, 5.68797542e-007, 0.939527587, -2.58579133e-005, -1, 1.0031042e-005, 0.939527389, -1.21382874e-005, -0.342473772, 0.342473772, -1.56664991e-005, 0.939527389, -1.67696185e-005, -1, -1.056206e-005, 0.11603894, -0.0374812744, -0.142379077, 0, 0, 0, 0, 0, 0, 0, 0.182553906, 0.0102699219, -0.121670703, 0, 0, 0, 0, 0, 0, 0, 1, 1, 1, 
140.331631, 0.1, 0.1, 0.0872493235, 0.198574951, -0.0199668013, 0.939528596, 2.73835149e-005, -0.342470461, 0.342470462, -1.44575124e-005, 0.939528596, 2.07763243e-005, -1, -2.29612913e-005, 0.939528394, 2.45992981e-005, -0.342471015, 0.342471016, -4.81699625e-006, 0.939528394, 2.14620575e-005, -1, -1.29502514e-005, 0.11603894, -0.0374812744, -0.142379077, 0, 0, 0, 0, 0, 0, 0, 0.182553906, 0.0102699219, -0.121670703, 0, 0, 0, 0, 0, 0, 0, 1, 1, 1, 
140.332341, 0.1, 0.1, 0.0872493279, 0.198574934, -0.0199666355, 0.939529599, -1.33827658e-005, -0.342467711, 0.342467711, 1.93651676e-005, 0.939529599, -5.94156e-006, -1, 2.27773133e-005, 0.939529396, -2.52093807e-005, -0.342468268, 0.342468268, 1.57388784e-005, 0.939529396, -1.82948878e-005, -1, 2.34205519e-005, 0.11603894, -0.0374812744, -0.142379077, 0, 0, 0, 0, 0, 0, 0, 0.182553906, 0.0102699219, -0.121670703, 0, 0, 0, 0, 0, 0, 0, 1, 1, 1, 
140.33306, 0.1, 0.1, 0.087249338, 0.198574916, -0.0199671117, 0.939530625, -4.1502247e-006, -0.342464896, 0.342464896, -1.13409131e-005, 0.939530625, -7.78312785e-006, -1, -9.23382893e-006, 0.939530425, 1.99629145e-005, -0.342465443, 0.342465443, -1.46517026e-005, 0.939530425, 1.37380637e-005, -1, -2.06023287e-005, 0.116624438, -0.040230249, -0.141695435, 0, 0, 0, 0, 0, 0, 0, 0.182553906, 0.0102699219, -0.121670703, 0, 0, 0, 0, 0, 0, 0, 1, 1, 1, 
140.333769, 0.1, 0.1, 0.0872493432, 0.198574901, -0.0199680618, 0.939531645, 2.35878517e-005, -0.342462096, 0.342462096, -2.16934118e-006, 0.939531645, 2.1418616e-005, -1, -1.01161098e-005, 0.939531441, 8.19410804e-006, -0.342462657, 0.342462657, 1.42664984e-005, 0.939531441, 1.25843651e-005, -1, 1.05976478e-005, 0.116624438, -0.040230249, -0.141695435, 0, 0, 0, 0, 0, 0, 0, 0.182553906, 0.0102699219, -0.121670703, 0, 0, 0, 0, 0, 0, 0, 1, 1, 1, 
140.334488, 0.1, 0.1, 0.0872493486, 0.198574882, -0.0199692381, 0.939532678, -2.8260449e-005, -0.342459262, 0.342459262, 1.3506173e-005, 0.939532678, -2.19263013e-005, -1, 2.23675434e-005, 0.939532472, -2.56245662e-005, -0.342459827, 0.342459828, 4.18980556e-006, 0.939532472, -2.26402719e-005, -1, 1.27118429e-005, 0.116624438, -0.040230249, -0.141695435, 0, 0, 0, 0, 0, 0, 0, 0.182553906, 0.0102699219, -0.121670703, 0, 0, 0, 0, 0, 0, 0, 1, 1, 1, 
140.335231, 0.1, 0.1, 0.0872493569, 0.198574864, -0.0199699925, 0.939533744, 1.1945699e-005, -0.342456339, 0.342456339, -1.86811462e-005, 0.939533744, 4.82591039e-006, -1, -2.16424476e-005, 0.939533525, 2.27687972e-005, -0.342456938, 0.342456938, -1.53771415e-005, 0.939533525, 1.61260395e-005, -1, -2.22446725e-005, 0.116624438, -0.040230249, -0.141695435, 0, 0, 0, 0, 0, 0, 0, 0.182553906, 0.0102699219, -0.121670703, 0, 0, 0, 0, 0, 0, 0, 1, 1, 1, 
140.335952, 0.1, 0.1, 0.08724936, 0.198574848, -0.0199700044, 0.939534774, 5.02486115e-006, -0.342453511, 0.342453511, 1.01468827e-005, 0.939534774, 8.1958674e-006, -1, 7.81256781e-006, 0.939534576, -1.73234558e-005, -0.342454055, 0.342454055, 1.30972197e-005, 0.939534576, -1.17907897e-005, -1, 1.82377785e-005, 0.116963013, -0.0427634277, -0.140772314, 0, 0, 0, 0, 0, 0, 0, 0.182723291, 0.00787036133, -0.121003174, 0, 0, 0, 0, 0, 0, 0, 1, 1, 1, 
140.336662, 0.1, 0.1, 0.0872493674, 0.19857483, -0.0199697052, 0.939535788, -2.18499308e-005, -0.342450729, 0.342450729, 3.7772987e-006, 0.939535789, -1.92352532e-005, -1, 1.1031432e-005, 0.939535586, -7.34766089e-006, -0.342451286, 0.342451286, -1.21549962e-005, 0.939535586, -1.1065883e-005, -1, -8.90383559e-006, 0.116963013, -0.0427634277, -0.140772314, 0, 0, 0, 0, 0, 0, 0, 0.182723291, 0.00787036133, -0.121003174, 0, 0, 0, 0, 0, 0, 0, 1, 1, 1, 
140.337375, 0.1, 0.1, 0.0872493746, 0.198574815, -0.0199692259, 0.9395368, 2.81043273e-005, -0.342447954, 0.342447955, -1.11858787e-005, 0.9395368, 2.25744684e-005, -1, -2.01338141e-005, 0.939536588, 2.55872979e-005, -0.342448534, 0.342448534, -1.52252468e-006, 0.939536589, 2.35188162e-005, -1, -1.01928003e-005, 0.116963013, -0.0427634277, -0.140772314, 0, 0, 0, 0, 0, 0, 0, 0.182723291, 0.00787036133, -0.121003174, 0, 0, 0, 0, 0, 0, 0, 1, 1, 1, 
140.338086, 0.1, 0.1, 0.0872493788, 0.198574799, -0.019968666, 0.939537805, -1.31764407e-005, -0.342445198, 0.342445198, 1.65314168e-005, 0.939537804, -6.71865987e-006, -1, 2.00440998e-005, 0.939537606, -2.35293389e-005, -0.342445743, 0.342445744, 1.39496375e-005, 0.939537606, -1.73297048e-005, -1, 2.1163731e-005, 0.116963013, -0.0427634277, -0.140772314, 0, 0, 0, 0, 0, 0, 0, 0.182723291, 0.00787036133, -0.121003174, 0, 0, 0, 0, 0, 0, 0, 1, 1, 1, 
140.338797, 0.1, 0.1, 0.0872493877, 0.198574781, -0.0199681982, 0.939538808, -6.94399902e-006, -0.342442445, 0.342442445, -1.38460828e-005, 0.939538808, -1.1265643e-005, -1, -1.06310122e-005, 0.939538613, 1.6387242e-005, -0.342442979, 0.342442979, -1.73640712e-005, 0.939538613, 9.45024233e-006, -1, -2.19259113e-005, 0.116963013, -0.0427634277, -0.140772314, 0, 0, 0, 0, 0, 0, 0, 0.182723291, 0.00787036133, -0.121003174, 0, 0, 0, 0, 0, 0, 0, 1, 1, 1, 
140.339497, 0.1, 0.1, 0.0872493921, 0.198574767, -0.0199681043, 0.939539804, 2.32114654e-005, -0.342439713, 0.342439713, -2.99359958e-006, 0.939539804, 2.07829683e-005, -1, -1.07611335e-005, 0.939539603, 7.52844179e-006, -0.342440263, 0.342440263, 1.25173687e-005, 0.939539603, 1.13597202e-005, -1, 9.18252202e-006, 0.116963013, -0.0427634277, -0.140772314, 0, 0, 0, 0, 0, 0, 0, 0.182723291, 0.00787036133, -0.121003174, 0, 0, 0, 0, 0, 0, 0, 1, 1, 1, 
140.340208, 0.1, 0.1, 0.087249397, 0.198574751, -0.0199683834, 0.939540812, -2.7469074e-005, -0.342436945, 0.342436945, 1.7173521e-005, 0.939540812, -1.9927468e-005, -0.999999999, 2.55416496e-005, 0.939540614, -2.53396208e-005, -0.342437489, 0.342437489, 7.29996117e-006, 0.939540614, -2.13078225e-005, -1, 1.55358461e-005, 0.117528857, -0.0452918457, -0.140062915, 0, 0, 0, 0, 0, 0, 0, 0.182723291, 0.00787036133, -0.121003174, 0, 0, 0, 0, 0, 0, 0, 1, 1, 1, 
140.340926, 0.1, 0.1, 0.087249405, 0.198574736, -0.0199686347, 0.939541834, 1.5315837e-005, -0.342434142, 0.342434142, -1.23581282e-005, 0.939541834, 1.01580245e-005, -1, -1.68556439e-005, 0.939541635, 2.57400553e-005, -0.342434688, 0.342434688, -8.62605832e-006, 0.939541635, 2.1229992e-005, -1, -1.69188287e-005, 0.117528857, -0.0452918457, -0.140062915, 0, 0, 0, 0, 0, 0, 0, 0.182886084, 0.00545908203, -0.120340527, 0, 0, 0, 0, 0, 0, 0, 1, 1, 1, 
140.341637, 0.1, 0.1, 0.0872494081, 0.198574723, -0.0199690072, 0.939542843, 7.52298916e-006, -0.342431374, 0.342431374, 1.1979637e-005, 0.939542843, 1.11703742e-005, -1, 8.67927473e-006, 0.939542645, -1.5155023e-005, -0.342431917, 0.342431917, 1.62965934e-005, 0.939542645, -8.65831673e-006, -1, 2.0500908e-005, 0.117528857, -0.0452918457, -0.140062915, 0, 0, 0, 0, 0, 0, 0, 0.182886084, 0.00545908203, -0.120340527, 0, 0, 0, 0, 0, 0, 0, 1, 1, 1, 
140.342346, 0.1, 0.1, 0.0872494151, 0.198574705, -0.019969366, 0.93954385, -2.26526974e-005, -0.342428611, 0.342428611, -9.11471736e-008, 0.93954385, -2.13144139e-005, -1, 7.67129494e-006, 0.939543644, -6.77427976e-006, -0.342429177, 0.342429177, -1.55968873e-005, 0.939543644, -1.17055608e-005, -1, -1.23342453e-005, 0.117528857, -0.0452918457, -0.140062915, 0, 0, 0, 0, 0, 0, 0, 0.182886084, 0.00545908203, -0.120340527, 0, 0, 0, 0, 0, 0, 0, 1, 1, 1, 
140.343056, 0.1, 0.1, 0.0872494212, 0.198574691, -0.0199695838, 0.939544856, 2.45817141e-005, -0.34242585, 0.342425851, -1.45650946e-005, 0.939544856, 1.81081581e-005, -1, -2.21019741e-005, 0.939544657, 2.24845942e-005, -0.342426397, 0.342426397, -5.65039671e-006, 0.939544657, 1.91904353e-005, -1, -1.30081186e-005, 0.117528857, -0.0452918457, -0.140062915, 0, 0, 0, 0, 0, 0, 0, 0.182886084, 0.00545908203, -0.120340527, 0, 0, 0, 0, 0, 0, 0, 1, 1, 1, 
140.343765, 0.1, 0.1, 0.0872494245, 0.198574676, -0.0199696203, 0.939545853, -1.49793814e-005, -0.342423116, 0.342423117, 1.56412118e-005, 0.939545852, -8.71790322e-006, -1, 1.98249221e-005, 0.939545656, -2.52667557e-005, -0.342423655, 0.342423655, 1.25134587e-005, 0.939545656, -1.94543663e-005, -1, 2.04089006e-005, 0.117528857, -0.0452918457, -0.140062915, 0, 0, 0, 0, 0, 0, 0, 0.182886084, 0.00545908203, -0.120340527, 0, 0, 0, 0, 0, 0, 0, 1, 1, 1, 
140.344472, 0.1, 0.1, 0.0872494324, 0.19857466, -0.0199695142, 0.939546841, -7.59736807e-006, -0.342420406, 0.342420406, -1.04281929e-005, 0.939546841, -1.07089092e-005, -1, -7.19628186e-006, 0.939546647, 1.44644074e-005, -0.342420937, 0.342420937, -1.41440205e-005, 0.939546647, 8.74677672e-006, -1, -1.8241883e-005, 0.117528857, -0.0452918457, -0.140062915, 0, 0, 0, 0, 0, 0, 0, 0.182886084, 0.00545908203, -0.120340527, 0, 0, 0, 0, 0, 0, 0, 1, 1, 1, 
140.345216, 0.1, 0.1, 0.0872494373, 0.198574647, -0.0199690715, 0.93954788, 2.80787121e-005, -0.342417552, 0.342417552, -1.90079837e-006, 0.939547881, 2.57304277e-005, -1, -1.1400535e-005, 0.93954768, 1.28932678e-005, -0.342418102, 0.342418102, 1.38594218e-005, 0.93954768, 1.68595568e-005, -1, 8.60669933e-006, 0.118092749, -0.0480686523, -0.139174341, 0, 0, 0, 0, 0, 0, 0, 0.182886084, 0.00545908203, -0.120340527, 0, 0, 0, 0, 0, 0, 0, 1, 1, 1, 
140.345938, 0.1, 0.1, 0.0872494428, 0.198574631, -0.0199682394, 0.939548897, -2.50574674e-005, -0.342414761, 0.342414762, 1.24812621e-005, 0.939548898, -1.92689475e-005, -1, 2.03068028e-005, 0.939548696, -2.19881511e-005, -0.342415313, 0.342415313, 3.00134113e-006, 0.939548696, -1.96312336e-005, -1, 1.03489858e-005, 0.118092749, -0.0480686523, -0.139174341, 0, 0, 0, 0, 0, 0, 0, 0.183101855, 0.00279648437, -0.119742578, 0, 0, 0, 0, 0, 0, 0, 1, 1, 1, 
140.346651, 0.1, 0.1, 0.0872494502, 0.198574616, -0.0199676663, 0.939549899, 1.272063e-005, -0.342412014, 0.342412014, -1.91061887e-005, 0.939549899, 5.40947802e-006, -1, -2.23069142e-005, 0.939549701, 2.44908506e-005, -0.342412556, 0.342412557, -1.60010722e-005, 0.939549701, 1.75314033e-005, -1, -2.34197774e-005, 0.118092749, -0.0480686523, -0.139174341, 0, 0, 0, 0, 0, 0, 0, 0.183101855, 0.00279648437, -0.119742578, 0, 0, 0, 0, 0, 0, 0, 1, 1, 1, 
140.347358, 0.1, 0.1, 0.0872494519, 0.198574603, -0.0199675573, 0.939550895, 3.01210078e-006, -0.342409282, 0.342409281, 1.13793542e-005, 0.939550895, 6.72641848e-006, -1, 9.66011114e-006, 0.939550697, -2.06359152e-005, -0.342409825, 0.342409825, 1.44403238e-005, 0.939550697, -1.44439798e-005, -1, 2.06333564e-005, 0.118092749, -0.0480686523, -0.139174341, 0, 0, 0, 0, 0, 0, 0, 0.183101855, 0.00279648437, -0.119742578, 0, 0, 0, 0, 0, 0, 0, 1, 1, 1, 
140.348091, 0.1, 0.1, 0.0872494579, 0.198574586, -0.0199677029, 0.939551938, -2.75577184e-005, -0.342406418, 0.342406419, 3.4729162e-006, 0.939551938, -2.47027589e-005, -1, 1.26989248e-005, 0.939551733, -1.17980376e-005, -0.34240698, 0.34240698, -1.35877777e-005, 0.939551733, -1.57374166e-005, -1, -8.72668967e-006, 0.118607813, -0.0504159424, -0.138236938, 0, 0, 0, 0, 0, 0, 0, 0.183456641, 0.000291943359, -0.119092871, 0, 0, 0, 0, 0, 0, 0, 1, 1, 1, 
140.348802, 0.1, 0.1, 0.0872494634, 0.198574574, -0.0199680994, 0.939552952, 2.61190122e-005, -0.342403635, 0.342403635, -1.13827327e-005, 0.939552952, 2.06427059e-005, -1, -1.96379248e-005, 0.939552752, 2.3033468e-005, -0.342404184, 0.342404184, -1.76983587e-006, 0.939552753, 2.10351591e-005, -1, -9.54960999e-006, 0.118607813, -0.0504159424, -0.138236938, 0, 0, 0, 0, 0, 0, 0, 0.183456641, 0.000291943359, -0.119092871, 0, 0, 0, 0, 0, 0, 0, 1, 1, 1, 
140.349525, 0.1, 0.1, 0.0872494665, 0.19857456, -0.0199687124, 0.939553983, -1.27666773e-005, -0.342400807, 0.342400807, 1.58422154e-005, 0.939553983, -6.57059518e-006, -1, 1.92559371e-005, 0.93955378, -2.37728747e-005, -0.342401364, 0.342401364, 1.34131009e-005, 0.93955378, -1.77432303e-005, -1, 2.07421943e-005, 0.118607813, -0.0504159424, -0.138236938, 0, 0, 0, 0, 0, 0, 0, 0.183456641, 0.000291943359, -0.119092871, 0, 0, 0, 0, 0, 0, 0, 1, 1, 1, 
140.350236, 0.1, 0.1, 0.0872494749, 0.198574545, -0.0199692375, 0.939554991, -3.49459091e-006, -0.342398042, 0.342398042, -1.45264202e-005, 0.939554991, -8.25717815e-006, -1, -1.24518295e-005, 0.939554792, 1.8809599e-005, -0.342398587, 0.342398587, -1.773176e-005, 0.939554792, 1.16013193e-005, -1, -2.31003402e-005, 0.118607813, -0.0504159424, -0.138236938, 0, 0, 0, 0, 0, 0, 0, 0.183456641, 0.000291943359, -0.119092871, 0, 0, 0, 0, 0, 0, 0, 1, 1, 1, 
140.350948, 0.1, 0.1, 0.0872494791, 0.198574533, -0.0199696334, 0.939556006, 2.47872483e-005, -0.342395257, 0.342395257, -5.23233959e-006, 0.939556006, 2.14974797e-005, -1, -1.34031123e-005, 0.939555804, 9.98276967e-006, -0.342395811, 0.342395811, 1.01552053e-005, 0.939555804, 1.28564689e-005, -1, 6.12332355e-006, 0.118607813, -0.0504159424, -0.138236938, 0, 0, 0, 0, 0, 0, 0, 0.183456641, 0.000291943359, -0.119092871, 0, 0, 0, 0, 0, 0, 0, 1, 1, 1, 
140.351662, 0.1, 0.1, 0.0872494836, 0.198574518, -0.0199697703, 0.939557015, -2.49226733e-005, -0.342392486, 0.342392487, 1.13540021e-005, 0.939557015, -1.95287476e-005, -1, 1.92010684e-005, 0.939556816, -2.2602733e-005, -0.342393033, 0.342393033, 1.95526649e-006, 0.939556816, -2.05670822e-005, -1, 9.57610226e-006, 0.118607813, -0.0504159424, -0.138236938, 0, 0, 0, 0, 0, 0, 0, 0.183456641, 0.000291943359, -0.119092871, 0, 0, 0, 0, 0, 0, 0, 1, 1, 1, 
140.352371, 0.1, 0.1, 0.0872494906, 0.198574505, -0.0199696414, 0.939558012, 1.42961612e-005, -0.342389751, 0.342389751, -1.37915868e-005, 0.939558012, 8.70997482e-006, -1, -1.7852855e-005, 0.939557815, 2.48640368e-005, -0.342390291, 0.342390291, -1.10241839e-005, 0.939557815, 1.95866265e-005, -1, -1.8871063e-005, 0.118607813, -0.0504159424, -0.138236938, 0, 0, 0, 0, 0, 0, 0, 0.183456641, 0.000291943359, -0.119092871, 0, 0, 0, 0, 0, 0, 0, 1, 1, 1, 
140.353109, 0.1, 0.1, 0.0872494924, 0.198574493, -0.0199690529, 0.939559045, 4.68637716e-006, -0.342386917, 0.342386917, 1.45004041e-005, 0.939559045, 9.36787669e-006, -1, 1.20194316e-005, 0.939558848, -1.80694706e-005, -0.342387457, 0.342387457, 1.83954007e-005, 0.939558848, -1.06789765e-005, -1, 2.34703216e-005, 0.118963843, -0.0529157959, -0.137446851, 0, 0, 0, 0, 0, 0, 0, 0.183578174, -0.00219086914, -0.118639795, 0, 0, 0, 0, 0, 0, 0, 1, 1, 1, 
140.353819, 0.1, 0.1, 0.0872494981, 0.198574479, -0.0199684233, 0.939560045, -2.49382699e-005, -0.342384171, 0.342384171, 3.39580148e-006, 0.939560046, -2.22683334e-005, -1, 1.17290283e-005, 0.939559845, -9.57669949e-006, -0.342384721, 0.342384721, -1.23223567e-005, 0.939559845, -1.3216869e-005, -1, -8.29867601e-006, 0.118963843, -0.0529157959, -0.137446851, 0, 0, 0, 0, 0, 0, 0, 0.183578174, -0.00219086914, -0.118639795, 0, 0, 0, 0, 0, 0, 0, 1, 1, 1, 
140.354529, 0.1, 0.1, 0.0872495035, 0.198574467, -0.0199680305, 0.939561045, 2.6840635e-005, -0.342381426, 0.342381427, -1.54707929e-005, 0.939561046, 1.99215029e-005, -1, -2.37254893e-005, 0.939560845, 2.43853005e-005, -0.342381976, 0.342381976, -5.32885054e-006, 0.939560845, 2.10869711e-005, -1, -1.33558667e-005, 0.118963843, -0.0529157959, -0.137446851, 0, 0, 0, 0, 0, 0, 0, 0.183578174, -0.00219086914, -0.118639795, 0, 0, 0, 0, 0, 0, 0, 1, 1, 1, 
140.355235, 0.1, 0.1, 0.0872495061, 0.198574454, -0.019967985, 0.939562039, -1.41608751e-005, -0.342378701, 0.342378701, 1.44713829e-005, 0.939562039, -8.35032744e-006, -1, 1.8445144e-005, 0.939561841, -2.50588037e-005, -0.342379242, 0.342379243, 1.08294837e-005, 0.939561842, -1.98365053e-005, -1, 1.87545839e-005, 0.118963843, -0.0529157959, -0.137446851, 0, 0, 0, 0, 0, 0, 0, 0.183578174, -0.00219086914, -0.118639795, 0, 0, 0, 0, 0, 0, 0, 1, 1, 1, 
140.355944, 0.1, 0.1, 0.0872495139, 0.19857444, -0.0199682426, 0.939563042, -5.47683554e-006, -0.342375949, 0.342375949, -1.27025451e-005, 0.939563042, -9.49487819e-006, -1, -1.00597052e-005, 0.939562846, 1.77988458e-005, -0.342376486, 0.342376486, -1.62429521e-005, 0.939562846, 1.11619293e-005, -1, -2.13551806e-005, 0.118963843, -0.0529157959, -0.137446851, 0, 0, 0, 0, 0, 0, 0, 0.183578174, -0.00219086914, -0.118639795, 0, 0, 0, 0, 0, 0, 0, 1, 1, 1, 
140.356652, 0.1, 0.1, 0.0872495171, 0.198574429, -0.019968747, 0.939564048, 2.17555647e-005, -0.342373186, 0.342373186, -2.47761048e-006, 0.939564049, 1.9592479e-005, -1, -9.77639572e-006, 0.939563847, 6.74454434e-006, -0.34237374, 0.34237374, 1.3307256e-005, 0.939563847, 1.0892985e-005, -1, 1.01938618e-005, 0.118963843, -0.0529157959, -0.137446851, 0, 0, 0, 0, 0, 0, 0, 0.183578174, -0.00219086914, -0.118639795, 0, 0, 0, 0, 0, 0, 0, 1, 1, 1, 
140.357362, 0.1, 0.1, 0.0872495205, 0.198574416, -0.0199693253, 0.939565052, -2.85765883e-005, -0.34237043, 0.342370431, 1.35916674e-005, 0.939565053, -2.21961787e-005, -0.999999999, 2.25540346e-005, 0.93956485, -2.6073773e-005, -0.342370985, 0.342370985, 4.05789014e-006, 0.939564851, -2.31086968e-005, -1, 1.27395543e-005, 0.118963843, -0.0529157959, -0.137446851, 0, 0, 0, 0, 0, 0, 0, 0.183578174, -0.00219086914, -0.118639795, 0, 0, 0, 0, 0, 0, 0, 1, 1, 1, 
140.358093, 0.1, 0.1, 0.0872495269, 0.198574404, -0.0199695117, 0.939566083, 1.24963375e-005, -0.342367603, 0.342367603, -1.53050992e-005, 0.939566083, 6.50116477e-006, -1, -1.86584932e-005, 0.939565887, 2.2962837e-005, -0.342368141, 0.342368142, -1.24461789e-005, 0.939565887, 1.73139232e-005, -1, -1.95557489e-005, 0.119335376, -0.0556158203, -0.136641138, 0, 0, 0, 0, 0, 0, 0, 0.183689453, -0.00465024414, -0.118171582, 0, 0, 0, 0, 0, 0, 0, 1, 1, 1, 
140.358802, 0.1, 0.1, 0.0872495282, 0.198574393, -0.0199695011, 0.939567078, 4.8122222e-006, -0.342364872, 0.342364872, 1.32365539e-005, 0.939567078, 9.05313663e-006, -1, 1.07890944e-005, 0.939566882, -1.7616976e-005, -0.342365409, 0.342365409, 1.62107741e-005, 0.939566882, -1.10023189e-005, -1, 2.12625496e-005, 0.119335376, -0.0556158203, -0.136641138, 0, 0, 0, 0, 0, 0, 0, 0.183689453, -0.00465024414, -0.118171582, 0, 0, 0, 0, 0, 0, 0, 1, 1, 1, 
140.359511, 0.1, 0.1, 0.0872495337, 0.19857438, -0.0199693826, 0.939568073, -2.28445219e-005, -0.34236214, 0.34236214, 5.7836743e-006, 0.939568074, -1.94838723e-005, -1, 1.32552551e-005, 0.939567875, -8.20143658e-006, -0.342362686, 0.342362686, -9.94787949e-006, 0.939567875, -1.11115891e-005, -1, -6.53884213e-006, 0.119335376, -0.0556158203, -0.136641138, 0, 0, 0, 0, 0, 0, 0, 0.183689453, -0.00465024414, -0.118171582, 0, 0, 0, 0, 0, 0, 0, 1, 1, 1, 
140.360235, 0.1, 0.1, 0.0872495393, 0.198574369, -0.0199691081, 0.939569084, 2.86870003e-005, -0.342359367, 0.342359368, -1.1515042e-005, 0.939569084, 2.30111361e-005, -1, -2.06404408e-005, 0.939568885, 2.63978515e-005, -0.342359912, 0.342359912, -2.08262894e-006, 0.939568885, 2.40895913e-005, -1, -1.09943395e-005, 0.119677734, -0.0581048096, -0.136009839, 0, 0, 0, 0, 0, 0, 0, 0.183689453, -0.00465024414, -0.118171582, 0, 0, 0, 0, 0, 0, 0, 1, 1, 1, 
140.36096, 0.1, 0.1, 0.0872495418, 0.198574357, -0.0199684733, 0.939570109, -1.38180396e-005, -0.342356555, 0.342356555, 1.4502279e-005, 0.939570109, -8.01806673e-006, -1, 1.83566043e-005, 0.939569912, -2.44635111e-005, -0.342357094, 0.342357095, 1.21434642e-005, 0.939569912, -1.88277778e-005, -1, 1.97848901e-005, 0.119677734, -0.0581048096, -0.136009839, 0, 0, 0, 0, 0, 0, 0, 0.183769482, -0.00714306641, -0.117671875, 0, 0, 0, 0, 0, 0, 0, 1, 1, 1, 
