time, realDorsalTactorPos, realVentralTactorPos, boxPosX, boxPosY, boxPosZ, boxLocalRot_11, boxLocalRot_12, boxLocalRot_13, boxLocalRot_21, boxLocalRot_22, boxLocalRot_23, boxLocalRot_31, boxLocalRot_32, boxLocalRot_33, boxGlobalRot_11, boxGlobalRot_12, boxGlobalRot_13], boxGlobalRot_21, boxGlobalRot_22, boxGlobalRot_23, boxGlobalRot_31, boxGlobalRot_32, boxGlobalRot_33, indexPosX, indexPosY, indexPosZ, indexContact, indexForceX, indexForceY, indexForceZ, indexForceGlobalX, indexForceGlobalY, indexForceGlobalZ, thumbPosX, thumbPosY, thumbPosZ, thumbContact, thumbForceX, thumbForceY, thumbForceZ, thumbForceGlobalX, thumbForceGlobalY, thumbForceGlobalZ, hoopSuccess, targetSuccess, trialSuccess, 
108.19692, 0.1, 0.1, 0.0999603373, 0.199493606, -0.0199473337, 0.889942784, -5.96038486e-006, 0.456072189, 0.456072189, -1.32256469e-005, -0.889942784, 1.13362512e-005, 1, -9.05170322e-006, 0.889942779, 8.04510372e-006, 0.456072199, 0.456072199, 1.16177338e-005, -0.889942779, -1.24582073e-005, 1, 6.66997012e-006, 0.150412695, -0.148513574, -0.146344189, 0, 0, 0, 0, 0, 0, 0, 0.217438574, -0.0979581543, -0.123373584, 0, 0, 0, 0, 0, 0, 0, 1, 1, 1, 
108.245859, 0.1, 0.1, 0.0999603803, 0.199493557, -0.0199680523, 0.889933718, -8.88448667e-006, 0.456089879, 0.456089879, -2.02242627e-005, -0.889933718, 1.71306858e-005, 1, -1.39461288e-005, 0.889933738, 1.67154169e-005, 0.45608984, 0.45608984, -1.31884557e-006, -0.889933738, -1.42741014e-005, 1, -8.797417e-006, 0.153338818, -0.155446191, -0.149771021, 0, 0, 0, 0, 0, 0, 0, 0.219375195, -0.104620605, -0.124475879, 0, 0, 0, 0, 0, 0, 0, 1, 1, 1, 
108.246573, 0.1, 0.1, 0.0999603869, 0.19949356, -0.0199704946, 0.889933737, -3.38640079e-006, 0.456089841, 0.456089841, -1.365863e-005, -0.889933737, 9.24323468e-006, 1, -1.06107726e-005, 0.889933725, -2.91936345e-005, 0.456089864, 0.456089864, -1.0956227e-005, -0.889933725, 3.09774239e-005, 1, 3.56460491e-006, 0.153338818, -0.155446191, -0.149771021, 0, 0, 0, 0, 0, 0, 0, 0.219375195, -0.104620605, -0.124475879, 0, 0, 0, 0, 0, 0, 0, 1, 1, 1, 
108.247305, 0.1, 0.1, 0.0999603801, 0.199493556, -0.0199722719, 0.889933631, 3.09094413e-005, 0.456090048, 0.456090048, 1.86971501e-005, -0.889933631, -3.60349354e-005, 0.999999999, 2.54173417e-006, 0.889933663, 3.9411115e-005, 0.456089984, 0.456089983, 2.85740044e-005, -0.889933664, -4.81055952e-005, 0.999999999, 7.45395363e-006, 0.153338818, -0.155446191, -0.149771021, 0, 0, 0, 0, 0, 0, 0, 0.219375195, -0.104620605, -0.124475879, 0, 0, 0, 0, 0, 0, 0, 1, 1, 1, 
108.248023, 0.1, 0.1, 0.0999603841, 0.199493559, -0.0199727181, 0.889933585, -3.74809971e-005, 0.456090136, 0.456090136, -8.7386629e-006, -0.889933586, 3.73412161e-005, 0.999999999, 9.31788345e-006, 0.889933578, -3.67175494e-005, 0.45609015, 0.45609015, -1.35042671e-005, -0.889933579, 3.88353434e-005, 0.999999999, 4.72861184e-006, 0.153338818, -0.155446191, -0.149771021, 0, 0, 0, 0, 0, 0, 0, 0.21899082, -0.104965771, -0.12518623, 0, 0, 0, 0, 0, 0, 0, 1, 1, 1, 
108.248738, 0.1, 0.1, 0.0999603822, 0.199493558, -0.019971952, 0.889933576, 3.49178511e-005, 0.456090155, 0.456090155, 2.82560723e-005, -0.889933576, -4.39618845e-005, 0.999999999, 9.22033932e-006, 0.889933596, 3.54662243e-005, 0.456090115, 0.456090115, 1.29356259e-005, -0.889933597, -3.74623956e-005, 0.999999999, -4.66394628e-006, 0.153338818, -0.155446191, -0.149771021, 0, 0, 0, 0, 0, 0, 0, 0.21899082, -0.104965771, -0.12518623, 0, 0, 0, 0, 0, 0, 0, 1, 1, 1, 
108.249474, 0.1, 0.1, 0.0999603833, 0.199493557, -0.0199701314, 0.889933477, -4.2721196e-005, 0.456090347, 0.456090347, -2.34399212e-005, -0.889933478, 4.87097444e-005, 0.999999999, -1.37524547e-006, 0.889933478, -2.28929488e-005, 0.456090346, 0.456090346, -1.99438339e-005, -0.889933479, 2.94693917e-005, 1, -7.30743258e-006, 0.153338818, -0.155446191, -0.149771021, 0, 0, 0, 0, 0, 0, 0, 0.21899082, -0.104965771, -0.12518623, 0, 0, 0, 0, 0, 0, 0, 1, 1, 1, 
108.250197, 0.1, 0.1, 0.0999603904, 0.199493558, -0.019967827, 0.889933547, 1.74460509e-005, 0.456090211, 0.456090211, 4.26282526e-006, -0.889933548, -1.74700589e-005, 1, -4.16334185e-006, 0.889933543, -1.39273369e-005, 0.456090219, 0.456090219, -7.35091882e-006, -0.889933543, 1.57470864e-005, 1, -1.89707106e-007, 0.152726953, -0.156434595, -0.151116797, 0, 0, 0, 0, 0, 0, 0, 0.21899082, -0.104965771, -0.12518623, 0, 0, 0, 0, 0, 0, 0, 1, 1, 1, 
108.250912, 0.1, 0.1, 0.0999603846, 0.199493554, -0.0199660622, 0.889933523, 5.53215801e-006, 0.45609026, 0.45609026, 9.61849294e-006, -0.889933523, -9.31015381e-006, 1, 6.03665592e-006, 0.889933522, 3.00631185e-005, 0.45609026, 0.45609026, 1.51166791e-005, -0.889933523, -3.3648747e-005, 0.999999999, -2.58656025e-007, 0.152726953, -0.156434595, -0.151116797, 0, 0, 0, 0, 0, 0, 0, 0.21899082, -0.104965771, -0.12518623, 0, 0, 0, 0, 0, 0, 0, 1, 1, 1, 
108.251638, 0.1, 0.1, 0.0999603926, 0.19949356, -0.0199651922, 0.8899334, -3.56610575e-005, 0.456090497, 0.456090497, -1.16259749e-005, -0.889933401, 3.70384628e-005, 0.999999999, 5.91832603e-006, 0.889933424, -4.16760146e-005, 0.456090451, 0.45609045, -3.41218619e-005, -0.889933425, 5.26515338e-005, 0.999999999, -1.13581531e-005, 0.152726953, -0.156434595, -0.151116797, 0, 0, 0, 0, 0, 0, 0, 0.21899082, -0.104965771, -0.12518623, 0, 0, 0, 0, 0, 0, 0, 1, 1, 1, 
108.252376, 0.1, 0.1, 0.0999603854, 0.199493557, -0.0199653106, 0.889933471, 5.89341494e-005, 0.456090357, 0.456090357, 1.707966e-005, -0.889933473, -6.02373405e-005, 0.999999998, -1.16795361e-005, 0.88993345, 6.36324636e-005, 0.456090397, 0.456090398, 1.30070021e-005, -0.889933452, -6.25610268e-005, 0.999999998, -1.74467894e-005, 0.152191992, -0.157705444, -0.151145972, 0, 0, 0, 0, 0, 0, 0, 0.218787598, -0.105842139, -0.125194775, 0, 0, 0, 0, 0, 0, 0, 1, 1, 1, 
108.253093, 0.1, 0.1, 0.0999603871, 0.199493558, -0.0199663393, 0.889933438, -3.48453386e-005, 0.456090423, 0.456090422, -3.85927957e-005, -0.889933439, 4.86118366e-005, 0.999999999, -1.84523941e-005, 0.889933462, -2.78795632e-005, 0.456090377, 0.456090377, -2.89015975e-005, -0.889933462, 3.79926967e-005, 0.999999999, -1.30048982e-005, 0.152191992, -0.157705444, -0.151145972, 0, 0, 0, 0, 0, 0, 0, 0.218787598, -0.105842139, -0.125194775, 0, 0, 0, 0, 0, 0, 0, 1, 1, 1, 
108.253808, 0.1, 0.1, 0.0999603888, 0.199493558, -0.0199680356, 0.88993339, 3.49714153e-005, 0.456090517, 0.456090516, 2.18640187e-005, -0.889933391, -4.10942018e-005, 0.999999999, 3.50738941e-006, 0.889933396, 1.84921775e-005, 0.456090506, 0.456090506, 9.27841448e-006, -0.889933397, -2.06886031e-005, 1, -1.76935699e-007, 0.152191992, -0.157705444, -0.151145972, 0, 0, 0, 0, 0, 0, 0, 0.218787598, -0.105842139, -0.125194775, 0, 0, 0, 0, 0, 0, 0, 1, 1, 1, 
108.254525, 0.1, 0.1, 0.0999603847, 0.199493556, -0.0199698929, 0.889933411, -2.11821619e-005, 0.456090477, 0.456090477, 2.90183202e-006, -0.889933411, 1.75272156e-005, 1, 1.22434196e-005, 0.889933397, 1.21292149e-005, 0.456090505, 0.456090505, 5.26089268e-006, -0.889933397, -1.31936366e-005, 1, -8.50175641e-007, 0.152191992, -0.157705444, -0.151145972, 0, 0, 0, 0, 0, 0, 0, 0.218787598, -0.105842139, -0.125194775, 0, 0, 0, 0, 0, 0, 0, 1, 1, 1, 
108.255239, 0.1, 0.1, 0.099960392, 0.199493559, -0.01997135, 0.889933376, -1.02804927e-005, 0.456090546, 0.456090546, -1.00552789e-005, -0.889933376, 1.37350712e-005, 1, -4.25969276e-006, 0.889933397, -2.66527779e-005, 0.456090505, 0.456090505, -2.33755539e-005, -0.889933397, 3.43805653e-005, 0.999999999, -8.64660715e-006, 0.152191992, -0.157705444, -0.151145972, 0, 0, 0, 0, 0, 0, 0, 0.218787598, -0.105842139, -0.125194775, 0, 0, 0, 0, 0, 0, 0, 1, 1, 1, 
108.255953, 0.1, 0.1, 0.0999603871, 0.199493555, -0.019971978, 0.889933303, 2.94173711e-005, 0.456090688, 0.456090688, 4.99431891e-006, -0.889933303, -2.84573606e-005, 1, -8.97237829e-006, 0.889933304, 3.78009741e-005, 0.456090686, 0.456090686, 1.38313502e-005, -0.889933304, -3.99486958e-005, 0.999999999, -4.93169299e-006, 0.152191992, -0.157705444, -0.151145972, 0, 0, 0, 0, 0, 0, 0, 0.218787598, -0.105842139, -0.125194775, 0, 0, 0, 0, 0, 0, 0, 1, 1, 1, 
108.256667, 0.1, 0.1, 0.0999603932, 0.199493556, -0.0199716488, 0.889933324, -3.75412798e-005, 0.456090645, 0.456090645, -2.25501339e-005, -0.889933325, 4.36941411e-005, 0.999999999, -2.94588906e-006, 0.889933328, -4.56774105e-005, 0.456090637, 0.456090637, -1.24026459e-005, -0.889933329, 4.63065807e-005, 0.999999999, 9.79551139e-006, 0.152191992, -0.157705444, -0.151145972, 0, 0, 0, 0, 0, 0, 0, 0.218787598, -0.105842139, -0.125194775, 0, 0, 0, 0, 0, 0, 0, 1, 1, 1, 
108.257404, 0.1, 0.1, 0.0999603918, 0.199493553, -0.0199702908, 0.889933235, 3.72785238e-005, 0.45609082, 0.456090819, 3.64507448e-005, -0.889933236, -4.98002474e-005, 0.999999999, 1.54363368e-005, 0.889933247, 2.85377351e-005, 0.456090796, 0.456090795, 3.67725969e-005, -0.889933248, -4.21683223e-005, 0.999999999, 1.97093583e-005, 0.152653735, -0.158655542, -0.150428662, 0, 0, 0, 0, 0, 0, 0, 0.219332471, -0.106605127, -0.124649805, 0, 0, 0, 0, 0, 0, 0, 1, 1, 1, 
108.258119, 0.1, 0.1, 0.0999603896, 0.199493556, -0.0199685378, 0.889933306, -2.79923907e-005, 0.456090682, 0.45609068, -3.90261699e-005, -0.889933306, 4.27108333e-005, 0.999999999, -2.19636199e-005, 0.889933266, -5.10929603e-006, 0.456090761, 0.45609076, -3.86438467e-005, -0.889933265, 2.2172034e-005, 0.999999999, -3.2060142e-005, 0.152653735, -0.158655542, -0.150428662, 0, 0, 0, 0, 0, 0, 0, 0.219332471, -0.106605127, -0.124649805, 0, 0, 0, 0, 0, 0, 0, 1, 1, 1, 
108.258836, 0.1, 0.1, 0.0999603976, 0.199493553, -0.0199669788, 0.889933685, -1.79828754e-007, 0.456089944, 0.456089943, 4.67968145e-005, -0.889933684, -2.11835208e-005, 0.999999999, 4.17280796e-005, 0.889933589, -3.22042266e-005, 0.45609013, 0.456090131, 3.81120903e-005, -0.889933588, 1.12770747e-005, 0.999999999, 4.86052592e-005, 0.152653735, -0.158655542, -0.150428662, 0, 0, 0, 0, 0, 0, 0, 0.219332471, -0.106605127, -0.124649805, 0, 0, 0, 0, 0, 0, 0, 1, 1, 1, 
108.259552, 0.1, 0.1, 0.0999603909, 0.199493551, -0.0199661101, 0.889934337, 1.41592867e-005, 0.456088672, 0.456088672, -1.30586994e-005, -0.889934336, -6.64491057e-006, 1, -1.80792753e-005, 0.889934194, 3.97981164e-005, 0.456088949, 0.45608895, -6.94343596e-006, -0.889934194, -3.22508803e-005, 0.999999999, -2.43306822e-005, 0.152653735, -0.158655542, -0.150428662, 0, 0, 0, 0, 0, 0, 0, 0.219332471, -0.106605127, -0.124649805, 0, 0, 0, 0, 0, 0, 0, 1, 1, 1, 
108.260278, 0.1, 0.1, 0.0999604036, 0.19949355, -0.0199660066, 0.889935161, -5.82053536e-005, 0.45608706, 0.456087061, 1.56081275e-005, -0.889935162, 4.46803258e-005, 0.999999998, 4.04369301e-005, 0.889934994, -7.4808524e-005, 0.456087383, 0.456087385, 1.49156849e-005, -0.889934996, 5.97718678e-005, 0.999999997, 4.7393214e-005, 0.152653735, -0.158655542, -0.150428662, 0, 0, 0, 0, 0, 0, 0, 0.21966582, -0.10692334, -0.124126563, 0, 0, 0, 0, 0, 0, 0, 1, 1, 1, 
108.260996, 0.1, 0.1, 0.0999603978, 0.199493549, -0.0199667135, 0.889935944, 5.54478159e-005, 0.456085532, 0.456085532, 3.69690636e-006, -0.889935945, -5.103111e-005, 0.999999998, -2.19989368e-005, 0.889935798, 5.87070256e-005, 0.456085816, 0.456085817, -3.56279069e-007, -0.8899358, -5.20829899e-005, 0.999999998, -2.70925072e-005, 0.152653735, -0.158655542, -0.150428662, 0, 0, 0, 0, 0, 0, 0, 0.21966582, -0.10692334, -0.124126563, 0, 0, 0, 0, 0, 0, 0, 1, 1, 1, 
108.26171, 0.1, 0.1, 0.0999604018, 0.199493546, -0.0199679786, 0.889936518, -5.27218151e-005, 0.456084412, 0.456084413, -7.42620567e-008, -0.889936519, 4.69529383e-005, 0.999999999, 2.39795095e-005, 0.889936431, -4.86372002e-005, 0.456084583, 0.456084584, 1.14564028e-005, -0.889936432, 3.80589277e-005, 0.999999999, 3.23781474e-005, 0.152653735, -0.158655542, -0.150428662, 0, 0, 0, 0, 0, 0, 0, 0.21966582, -0.10692334, -0.124126563, 0, 0, 0, 0, 0, 0, 0, 1, 1, 1, 
108.262444, 0.1, 0.1, 0.0999604001, 0.199493551, -0.0199692955, 0.889936777, 5.8125115e-005, 0.456083906, 0.456083907, -1.19307913e-005, -0.889936778, -4.62862357e-005, 0.999999998, -3.71275796e-005, 0.889936759, 4.26908635e-005, 0.456083942, 0.456083944, -2.68807765e-005, -0.889936759, -2.57322782e-005, 0.999999999, -4.33928086e-005, 0.153353003, -0.159168677, -0.149734424, 0, 0, 0, 0, 0, 0, 0, 0.21966582, -0.10692334, -0.124126563, 0, 0, 0, 0, 0, 0, 0, 1, 1, 1, 
108.263161, 0.1, 0.1, 0.0999603955, 0.199493547, -0.0199702859, 0.889936702, -1.72492278e-005, 0.456084056, 0.456084056, 6.80179596e-006, -0.889936702, 1.22485302e-005, 1, 1.39202656e-005, 0.88993674, 7.20683273e-006, 0.456083982, 0.456083982, 2.65148852e-005, -0.88993674, -1.85066397e-005, 1, 2.03096496e-005, 0.153353003, -0.159168677, -0.149734424, 0, 0, 0, 0, 0, 0, 0, 0.21966582, -0.10692334, -0.124126563, 0, 0, 0, 0, 0, 0, 0, 1, 1, 1, 
108.26388, 0.1, 0.1, 0.0999604016, 0.19949355, -0.0199707449, 0.889936466, -1.22031544e-005, 0.456084517, 0.456084517, 5.48357784e-006, -0.889936466, 8.35905714e-006, 1, 1.04457057e-005, 0.8899365, -2.94070477e-005, 0.456084449, 0.456084449, -6.21998233e-006, -0.889936501, 2.90072424e-005, 1, 7.87670785e-006, 0.153353003, -0.159168677, -0.149734424, 0, 0, 0, 0, 0, 0, 0, 0.21966582, -0.10692334, -0.124126563, 0, 0, 0, 0, 0, 0, 0, 1, 1, 1, 
108.264637, 0.1, 0.1, 0.0999603943, 0.199493548, -0.0199703223, 0.889936408, 2.63990237e-005, 0.45608463, 0.45608463, 1.07992478e-005, -0.889936408, -2.84188233e-005, 1, -2.42954516e-006, 0.889936415, 4.54043694e-005, 0.456084615, 0.456084615, 5.6472208e-006, -0.889936416, -4.29826123e-005, 0.999999999, -1.56825669e-005, 0.153743335, -0.159178809, -0.150132202, 0, 0, 0, 0, 0, 0, 0, 0.21966582, -0.10692334, -0.124126563, 0, 0, 0, 0, 0, 0, 0, 1, 1, 1, 
108.265355, 0.1, 0.1, 0.0999604031, 0.199493548, -0.0199691736, 0.889936253, -4.75531236e-005, 0.456084929, 0.456084928, -2.38277554e-005, -0.889936255, 5.31867289e-005, 0.999999999, 4.83079629e-007, 0.889936301, -5.84364883e-005, 0.456084835, 0.456084835, -8.16625566e-006, -0.889936303, 5.57292577e-005, 0.999999998, 1.93845488e-005, 0.153743335, -0.159178809, -0.150132202, 0, 0, 0, 0, 0, 0, 0, 0.219677783, -0.107180029, -0.12415, 0, 0, 0, 0, 0, 0, 0, 1, 1, 1, 
108.266068, 0.1, 0.1, 0.0999603985, 0.199493554, -0.0199680171, 0.889935847, 5.27057773e-005, 0.456085721, 0.456085722, -1.63061527e-006, -0.889935849, -4.61610603e-005, 0.999999999, -2.54894955e-005, 0.889935952, 5.17309931e-005, 0.456085518, 0.456085519, -2.11708633e-005, -0.889935952, -3.63815464e-005, 0.999999998, -4.24344692e-005, 0.153743335, -0.159178809, -0.150132202, 0, 0, 0, 0, 0, 0, 0, 0.219677783, -0.107180029, -0.12415, 0, 0, 0, 0, 0, 0, 0, 1, 1, 1, 
108.266787, 0.1, 0.1, 0.0999603993, 0.199493551, -0.0199671835, 0.889935176, -3.78053218e-005, 0.456087032, 0.456087032, -2.16922761e-005, -0.889935177, 4.35378516e-005, 0.999999999, -2.06220257e-006, 0.889935331, -2.77479484e-005, 0.456086731, 0.456086732, 2.05521943e-006, -0.889935331, 2.37565213e-005, 1, 1.44844835e-005, 0.153743335, -0.159178809, -0.150132202, 0, 0, 0, 0, 0, 0, 0, 0.219677783, -0.107180029, -0.12415, 0, 0, 0, 0, 0, 0, 0, 1, 1, 1, 
108.267507, 0.1, 0.1, 0.0999604042, 0.199493553, -0.019966891, 0.889934498, 2.18385189e-005, 0.456088357, 0.456088357, 1.859279e-005, -0.889934498, -2.79148063e-005, 1, 6.58607102e-006, 0.889934607, -1.26216053e-005, 0.456088143, 0.456088143, 9.55139969e-006, -0.889934607, 6.87612323e-006, 1, 1.42566857e-005, 0.153743335, -0.159178809, -0.150132202, 0, 0, 0, 0, 0, 0, 0, 0.219677783, -0.107180029, -0.12415, 0, 0, 0, 0, 0, 0, 0, 1, 1, 1, 
108.268222, 0.1, 0.1, 0.0999603958, 0.199493549, -0.0199671892, 0.889934074, 7.94350252e-006, 0.456089185, 0.456089185, 2.95179914e-005, -0.889934073, -2.05320302e-005, 1, 2.26461207e-005, 0.889934152, 3.99651233e-005, 0.45608903, 0.45608903, 1.99808108e-005, -0.889934153, -4.46793568e-005, 0.999999999, -4.46048367e-007, 0.153743335, -0.159178809, -0.150132202, 0, 0, 0, 0, 0, 0, 0, 0.219677783, -0.107180029, -0.12415, 0, 0, 0, 0, 0, 0, 0, 1, 1, 1, 
108.268939, 0.1, 0.1, 0.0999604039, 0.199493549, -0.0199679486, 0.889933509, -1.75173565e-005, 0.456090286, 0.456090285, -3.53291068e-005, -0.889933509, 3.17025449e-005, 0.999999999, -2.34510599e-005, 0.889933629, -4.15834621e-005, 0.45609005, 0.45609005, -1.60333198e-005, -0.88993363, 4.4319159e-005, 0.999999999, 4.69721283e-006, 0.153743335, -0.159178809, -0.150132202, 0, 0, 0, 0, 0, 0, 0, 0.219677783, -0.107180029, -0.12415, 0, 0, 0, 0, 0, 0, 0, 1, 1, 1, 
108.269683, 0.1, 0.1, 0.0999603953, 0.199493551, -0.0199688453, 0.889932681, 4.38957198e-005, 0.456091899, 0.456091899, 2.35855245e-005, -0.889932682, -4.98214024e-005, 0.999999999, 9.69046883e-007, 0.889932871, 5.86285185e-005, 0.456091528, 0.456091528, 1.871212e-006, -0.889932873, -5.30288898e-005, 0.999999998, -2.50747175e-005, 0.154119507, -0.159432568, -0.150539502, 0, 0, 0, 0, 0, 0, 0, 0.219677783, -0.107180029, -0.12415, 0, 0, 0, 0, 0, 0, 0, 1, 1, 1, 
108.270405, 0.1, 0.1, 0.0999603984, 0.199493552, -0.0199693415, 0.889931695, -3.7608333e-005, 0.456093825, 0.456093823, -3.3921162e-005, -0.889931696, 4.89400801e-005, 0.999999999, -1.30345889e-005, 0.889931895, -3.25616594e-005, 0.456093435, 0.456093434, -2.40213982e-005, -0.889931896, 3.99336613e-005, 0.999999999, -6.52624938e-006, 0.154119507, -0.159432568, -0.150539502, 0, 0, 0, 0, 0, 0, 0, 0.219896387, -0.107659961, -0.124380078, 0, 0, 0, 0, 0, 0, 0, 1, 1, 1, 
108.271121, 0.1, 0.1, 0.0999604001, 0.199493552, -0.0199696484, 0.889930807, 3.42375573e-005, 0.456095558, 0.456095558, 1.68618769e-005, -0.889930807, -3.81596842e-005, 0.999999999, -6.09694056e-007, 0.889930971, 1.77703545e-005, 0.456095239, 0.456095239, 6.02561022e-006, -0.889930971, -1.85626409e-005, 1, -2.74259691e-006, 0.154119507, -0.159432568, -0.150539502, 0, 0, 0, 0, 0, 0, 0, 0.219896387, -0.107659961, -0.124380078, 0, 0, 0, 0, 0, 0, 0, 1, 1, 1, 
108.271842, 0.1, 0.1, 0.0999603965, 0.19949355, -0.0199696686, 0.889929992, -1.03061395e-005, 0.456097149, 0.456097148, -2.66826372e-005, -0.889929992, 2.13416174e-005, 1, -1.90450782e-005, 0.889930135, 1.43949981e-005, 0.45609687, 0.45609687, -6.84368994e-006, -0.889930135, -9.68915706e-006, 1, -1.26559195e-005, 0.154119507, -0.159432568, -0.150539502, 0, 0, 0, 0, 0, 0, 0, 0.219896387, -0.107659961, -0.124380078, 0, 0, 0, 0, 0, 0, 0, 1, 1, 1, 
108.272584, 0.1, 0.1, 0.099960405, 0.199493551, -0.0199691754, 0.889929464, -2.28572429e-005, 0.456098179, 0.45609818, 2.48986243e-005, -0.889929463, 8.9851167e-006, 0.999999999, 3.25831662e-005, 0.889929538, -4.35453507e-005, 0.456098032, 0.456098033, 1.38466701e-005, -0.889929539, 3.24368549e-005, 0.999999999, 3.21835096e-005, 0.154119507, -0.159432568, -0.150539502, 0, 0, 0, 0, 0, 0, 0, 0.220109863, -0.108118164, -0.124381787, 0, 0, 0, 0, 0, 0, 0, 1, 1, 1, 
108.2733, 0.1, 0.1, 0.0999603965, 0.199493551, -0.0199684921, 0.88992931, 5.35168876e-005, 0.456098476, 0.456098478, -2.72422003e-005, -0.88992931, -3.52011208e-005, 0.999999998, -4.86526035e-005, 0.889929315, 6.28803449e-005, 0.456098466, 0.456098467, -1.51352739e-005, -0.889929316, -4.90558872e-005, 0.999999998, -4.21489529e-005, 0.154119507, -0.159432568, -0.150539502, 0, 0, 0, 0, 0, 0, 0, 0.220109863, -0.108118164, -0.124381787, 0, 0, 0, 0, 0, 0, 0, 1, 1, 1, 
108.274014, 0.1, 0.1, 0.0999604023, 0.199493553, -0.0199679506, 0.889929463, -6.58865539e-005, 0.456098176, 0.456098179, 2.76407299e-005, -0.889929464, 4.60274991e-005, 0.999999997, 5.46490372e-005, 0.889929403, -5.81171711e-005, 0.456098294, 0.456098295, 6.14538551e-006, -0.889929405, 4.89172796e-005, 0.999999998, 3.19761019e-005, 0.154119507, -0.159432568, -0.150539502, 0, 0, 0, 0, 0, 0, 0, 0.220109863, -0.108118164, -0.124381787, 0, 0, 0, 0, 0, 0, 0, 1, 1, 1, 
108.274741, 0.1, 0.1, 0.099960404, 0.199493544, -0.0199676668, 0.889929923, 4.66308913e-005, 0.456097281, 0.456097281, 1.54367509e-005, -0.889929924, -4.85388857e-005, 0.999999999, -7.53059621e-006, 0.889929807, 2.55370641e-005, 0.456097509, 0.456097507, 4.0729037e-005, -0.889929807, -4.13026068e-005, 0.999999999, 2.45985927e-005, 0.154519238, -0.159658496, -0.150922998, 0, 0, 0, 0, 0, 0, 0, 0.220109863, -0.108118164, -0.124381787, 0, 0, 0, 0, 0, 0, 0, 1, 1, 1, 
108.275458, 0.1, 0.1, 0.0999604018, 0.199493549, -0.0199676758, 0.889930643, -4.17926075e-005, 0.456095876, 0.456095876, -2.53480911e-005, -0.889930644, 4.87536819e-005, 0.999999999, -3.49660712e-006, 0.88993048, -1.32462563e-005, 0.456096196, 0.456096195, -3.5377075e-005, -0.88993048, 2.79235966e-005, 0.999999999, -2.54415703e-005, 0.154519238, -0.159658496, -0.150922998, 0, 0, 0, 0, 0, 0, 0, 0.220109863, -0.108118164, -0.124381787, 0, 0, 0, 0, 0, 0, 0, 1, 1, 1, 
108.276169, 0.1, 0.1, 0.099960412, 0.199493544, -0.0199680559, 0.889931583, -4.59274101e-006, 0.456094045, 0.456094045, 4.05899121e-005, -0.889931582, -1.44255919e-005, 0.999999999, 3.82169665e-005, 0.889931388, -3.94730576e-005, 0.456094423, 0.456094424, 3.87693276e-005, -0.889931388, 1.74458388e-005, 0.999999998, 5.2505483e-005, 0.154519238, -0.159658496, -0.150922998, 0, 0, 0, 0, 0, 0, 0, 0.220109863, -0.108118164, -0.124381787, 0, 0, 0, 0, 0, 0, 0, 1, 1, 1, 
108.276888, 0.1, 0.1, 0.0999604035, 0.199493546, -0.0199686492, 0.889932743, 3.17420419e-005, 0.45609178, 0.456091781, -4.30715994e-005, -0.889932742, -8.6036799e-006, 0.999999999, -5.2808111e-005, 0.8899325, 5.16461816e-005, 0.456092253, 0.456092255, -3.3532368e-005, -0.8899325, -3.06677622e-005, 0.999999998, -5.33969675e-005, 0.154519238, -0.159658496, -0.150922998, 0, 0, 0, 0, 0, 0, 0, 0.220109863, -0.108118164, -0.124381787, 0, 0, 0, 0, 0, 0, 0, 1, 1, 1, 
108.277631, 0.1, 0.1, 0.0999604123, 0.199493549, -0.0199689645, 0.889934114, -5.11264703e-005, 0.456089104, 0.456089105, 2.07020333e-005, -0.889934114, 3.60572183e-005, 0.999999998, 4.17416717e-005, 0.889933834, -5.98354089e-005, 0.456089649, 0.45608965, 6.21540167e-006, -0.889933835, 5.04147745e-005, 0.999999998, 3.28216069e-005, 0.154717456, -0.160107666, -0.151337012, 0, 0, 0, 0, 0, 0, 0, 0.22028501, -0.108539746, -0.124778467, 0, 0, 0, 0, 0, 0, 0, 1, 1, 1, 
108.278347, 0.1, 0.1, 0.0999604074, 0.199493547, -0.0199691627, 0.88993558, 6.40463316e-005, 0.45608624, 0.456086242, -2.10233872e-005, -0.889935581, -4.74086317e-005, 0.999999998, -4.7920111e-005, 0.889935275, 5.65543058e-005, 0.456086837, 0.456086838, -2.24620309e-006, -0.889935276, -4.93052081e-005, 0.999999998, -2.77926499e-005, 0.154717456, -0.160107666, -0.151337012, 0, 0, 0, 0, 0, 0, 0, 0.22028501, -0.108539746, -0.124778467, 0, 0, 0, 0, 0, 0, 0, 1, 1, 1, 
108.27906, 0.1, 0.1, 0.0999604061, 0.199493552, -0.0199692646, 0.889937144, -4.13536874e-005, 0.456083192, 0.456083192, -3.38642612e-006, -0.889937145, 3.83466746e-005, 0.999999999, 1.58470154e-005, 0.88993682, -2.07857158e-005, 0.456083826, 0.456083825, -2.86319976e-005, -0.88993682, 3.15565648e-005, 0.999999999, -1.60006402e-005, 0.154717456, -0.160107666, -0.151337012, 0, 0, 0, 0, 0, 0, 0, 0.22028501, -0.108539746, -0.124778467, 0, 0, 0, 0, 0, 0, 0, 1, 1, 1, 
108.279789, 0.1, 0.1, 0.0999604109, 0.199493546, -0.0199691306, 0.889938852, 7.78221981e-006, 0.45607986, 0.45607986, 1.73969313e-005, -0.889938852, -1.48600898e-005, 1, 1.19328914e-005, 0.889938513, -3.49667575e-006, 0.456080522, 0.456080522, 3.63151418e-005, -0.889938513, -1.34508024e-005, 0.999999999, 3.3913009e-005, 0.154717456, -0.160107666, -0.151337012, 0, 0, 0, 0, 0, 0, 0, 0.22028501, -0.108539746, -0.124778467, 0, 0, 0, 0, 0, 0, 0, 1, 1, 1, 
108.280506, 0.1, 0.1, 0.0999604098, 0.199493554, -0.0199688609, 0.889940542, 8.00358606e-006, 0.456076564, 0.456076564, -2.84893423e-005, -0.889940541, 5.87060563e-006, 1, -2.90040687e-005, 0.889940218, 3.8283206e-006, 0.456077196, 0.456077196, -4.62896726e-005, -0.889940217, 1.77046876e-005, 0.999999999, -4.2941051e-005, 0.154717456, -0.160107666, -0.151337012, 0, 0, 0, 0, 0, 0, 0, 0.22028501, -0.108539746, -0.124778467, 0, 0, 0, 0, 0, 0, 0, 1, 1, 1, 
108.281222, 0.1, 0.1, 0.0999604107, 0.199493545, -0.0199685964, 0.889941918, -2.80244789e-005, 0.456073878, 0.456073879, 4.61924632e-005, -0.889941916, 3.87298258e-006, 0.999999999, 5.38898421e-005, 0.889941676, -1.23676528e-005, 0.456074351, 0.45607435, 5.7396363e-005, -0.889941674, -1.51705193e-005, 0.999999998, 5.67199847e-005, 0.154717456, -0.160107666, -0.151337012, 0, 0, 0, 0, 0, 0, 0, 0.22028501, -0.108539746, -0.124778467, 0, 0, 0, 0, 0, 0, 0, 1, 1, 1, 
108.281949, 0.1, 0.1, 0.0999604112, 0.199493548, -0.0199684017, 0.889942966, 1.58148783e-005, 0.456071834, 0.456071834, -4.59623066e-005, -0.889942965, 6.88777381e-006, 0.999999999, -4.8116552e-005, 0.889942745, 1.88767246e-005, 0.456072264, 0.456072264, -3.24259312e-005, -0.889942745, -2.01063626e-006, 0.999999999, -3.74663728e-005, 0.154717456, -0.160107666, -0.151337012, 0, 0, 0, 0, 0, 0, 0, 0.22028501, -0.108539746, -0.124778467, 0, 0, 0, 0, 0, 0, 0, 1, 1, 1, 
108.282675, 0.1, 0.1, 0.0999604105, 0.199493549, -0.0199681157, 0.889943873, -1.79330393e-005, 0.456070064, 0.456070064, 3.64887592e-005, -0.889943872, -6.82032279e-007, 0.999999999, 4.065167e-005, 0.889943708, -9.73546637e-006, 0.456070385, 0.456070386, 1.83562981e-005, -0.889943708, 2.92253112e-007, 1, 2.07761299e-005, 0.154706592, -0.160537793, -0.151726611, 0, 0, 0, 0, 0, 0, 0, 0.220260107, -0.108979639, -0.125193457, 0, 0, 0, 0, 0, 0, 0, 1, 1, 1, 
108.283398, 0.1, 0.1, 0.0999604133, 0.199493545, -0.0199680729, 0.889944641, 7.68442281e-006, 0.456068566, 0.456068566, -2.56085624e-005, -0.88994464, 4.84054946e-006, 1, -2.62948266e-005, 0.889944474, 7.96029277e-007, 0.45606889, 0.45606889, 9.65878979e-006, -0.889944474, -5.1134954e-006, 1, 8.23274242e-006, 0.154706592, -0.160537793, -0.151726611, 0, 0, 0, 0, 0, 0, 0, 0.220260107, -0.108979639, -0.125193457, 0, 0, 0, 0, 0, 0, 0, 1, 1, 1, 
108.284108, 0.1, 0.1, 0.0999604095, 0.199493552, -0.019968239, 0.889945296, 5.68582644e-006, 0.456067287, 0.456067287, -1.75123944e-005, -0.889945296, 2.9267557e-006, 1, -1.81781924e-005, 0.889945168, 1.56956355e-005, 0.456067537, 0.456067537, -3.84298413e-005, -0.889945167, 3.55834812e-006, 0.999999999, -4.13587214e-005, 0.154706592, -0.160537793, -0.151726611, 0, 0, 0, 0, 0, 0, 0, 0.220260107, -0.108979639, -0.125193457, 0, 0, 0, 0, 0, 0, 0, 1, 1, 1, 
108.284833, 0.1, 0.1, 0.0999604129, 0.199493546, -0.0199686072, 0.889945895, -2.2579595e-005, 0.456066117, 0.456066117, 2.36163377e-005, -0.889945895, 9.32400645e-006, 0.999999999, 3.1315051e-005, 0.889945779, -2.01026988e-005, 0.456066344, 0.456066345, 3.97843562e-005, -0.889945778, -2.53993937e-007, 0.999999999, 4.45740842e-005, 0.154706592, -0.160537793, -0.151726611, 0, 0, 0, 0, 0, 0, 0, 0.220260107, -0.108979639, -0.125193457, 0, 0, 0, 0, 0, 0, 0, 1, 1, 1, 
108.285548, 0.1, 0.1, 0.0999604106, 0.199493551, -0.0199689482, 0.889946354, 1.98305953e-005, 0.456065223, 0.456065223, -4.32936143e-005, -0.889946353, 2.09654586e-006, 0.999999999, -4.75730391e-005, 0.889946261, 1.9680444e-005, 0.456065404, 0.456065404, -4.64943963e-005, -0.88994626, 3.68994807e-006, 0.999999999, -5.03530838e-005, 0.154706592, -0.160537793, -0.151726611, 0, 0, 0, 0, 0, 0, 0, 0.220417676, -0.109029932, -0.125828516, 0, 0, 0, 0, 0, 0, 0, 1, 1, 1, 
108.28626, 0.1, 0.1, 0.0999604129, 0.199493549, -0.0199692819, 0.889946683, -4.50668505e-005, 0.456064579, 0.45606458, 3.37880243e-005, -0.889946682, 2.46975731e-005, 0.999999998, 5.06229344e-005, 0.889946637, -3.39376905e-005, 0.456064668, 0.456064669, 2.9164176e-005, -0.889946637, 1.69019833e-005, 0.999999999, 4.14323419e-005, 0.154706592, -0.160537793, -0.151726611, 0, 0, 0, 0, 0, 0, 0, 0.220417676, -0.109029932, -0.125828516, 0, 0, 0, 0, 0, 0, 0, 1, 1, 1, 
108.286974, 0.1, 0.1, 0.0999604137, 0.199493547, -0.0199694916, 0.889946937, 3.32172602e-005, 0.456064083, 0.456064084, -2.49935917e-005, -0.889946937, -1.81629195e-005, 0.999999999, -3.73921698e-005, 0.88994687, 2.42841272e-005, 0.456064214, 0.456064215, -6.54745996e-006, -0.88994687, -1.86255208e-005, 1, -1.69020129e-005, 0.154706592, -0.160537793, -0.151726611, 0, 0, 0, 0, 0, 0, 0, 0.220417676, -0.109029932, -0.125828516, 0, 0, 0, 0, 0, 0, 0, 1, 1, 1, 
108.287702, 0.1, 0.1, 0.0999604135, 0.199493552, -0.0199693394, 0.889947384, -1.49860335e-005, 0.456063212, 0.456063212, 1.45905362e-005, -0.889947384, 6.68257446e-006, 1, 1.98193881e-005, 0.889947284, -1.14189501e-005, 0.456063408, 0.456063408, -1.79232693e-005, -0.889947284, 1.83364109e-005, 1, -1.07429995e-005, 0.154867578, -0.160766406, -0.152319189, 0, 0, 0, 0, 0, 0, 0, 0.220417676, -0.109029932, -0.125828516, 0, 0, 0, 0, 0, 0, 0, 1, 1, 1, 
108.28842, 0.1, 0.1, 0.0999604141, 0.199493545, -0.019969025, 0.889947961, -5.98346659e-006, 0.456062086, 0.456062087, 5.48412821e-006, -0.889947961, 2.82387094e-006, 1, 7.60942097e-006, 0.889947849, -7.71388707e-008, 0.456062306, 0.456062306, 3.49384246e-005, -0.889947848, -1.58654489e-005, 0.999999999, 3.11285559e-005, 0.154867578, -0.160766406, -0.152319189, 0, 0, 0, 0, 0, 0, 0, 0.220417676, -0.109029932, -0.125828516, 0, 0, 0, 0, 0, 0, 0, 1, 1, 1, 
108.289132, 0.1, 0.1, 0.0999604112, 0.199493553, -0.0199687093, 0.889948319, 1.36715908e-005, 0.456061387, 0.456061387, -3.7308373e-005, -0.889948318, 4.84789908e-006, 0.999999999, -3.94376085e-005, 0.88994826, 2.69142303e-005, 0.456061502, 0.456061503, -4.50473184e-005, -0.889948259, -3.40792473e-006, 0.999999999, -5.23643269e-005, 0.154867578, -0.160766406, -0.152319189, 0, 0, 0, 0, 0, 0, 0, 0.220417676, -0.109029932, -0.125828516, 0, 0, 0, 0, 0, 0, 0, 1, 1, 1, 
108.289875, 0.1, 0.1, 0.099960414, 0.199493547, -0.0199682928, 0.889948639, -3.52588296e-005, 0.456060762, 0.456060763, 3.37846516e-005, -0.889948639, 1.59706935e-005, 0.999999999, 4.61467735e-005, 0.889948594, -2.08248783e-005, 0.456060852, 0.456060852, 4.39193692e-005, -0.889948592, -1.4968338e-006, 0.999999999, 4.85833926e-005, 0.155005615, -0.160811206, -0.152519482, 0, 0, 0, 0, 0, 0, 0, 0.220813623, -0.109145166, -0.125850244, 0, 0, 0, 0, 0, 0, 0, 1, 1, 1, 
108.290587, 0.1, 0.1, 0.099960413, 0.19949355, -0.0199679411, 0.889948705, 5.03628994e-005, 0.456060632, 0.456060634, -3.23047889e-005, -0.889948705, -3.00874546e-005, 0.999999998, -5.17181409e-005, 0.889948711, 3.55664407e-005, 0.456060621, 0.456060622, -3.03161261e-005, -0.889948711, -1.78263168e-005, 0.999999999, -4.32002504e-005, 0.155005615, -0.160811206, -0.152519482, 0, 0, 0, 0, 0, 0, 0, 0.220813623, -0.109145166, -0.125850244, 0, 0, 0, 0, 0, 0, 0, 1, 1, 1, 
108.291299, 0.1, 0.1, 0.0999604128, 0.199493551, -0.0199679327, 0.889948643, -5.42746956e-005, 0.456060752, 0.456060754, 2.29566434e-005, -0.889948643, 3.78320677e-005, 0.999999998, 4.51827923e-005, 0.889948657, -2.95076344e-005, 0.456060728, 0.456060728, 1.08718985e-005, -0.889948657, 2.13020337e-005, 1, 2.31327047e-005, 0.155005615, -0.160811206, -0.152519482, 0, 0, 0, 0, 0, 0, 0, 0.220813623, -0.109145166, -0.125850244, 0, 0, 0, 0, 0, 0, 0, 1, 1, 1, 
108.292014, 0.1, 0.1, 0.0999604187, 0.199493547, -0.0199681769, 0.889948597, 3.51911577e-005, 0.456060844, 0.456060844, -4.78749096e-007, -0.889948598, -3.10999827e-005, 0.999999999, -1.64753712e-005, 0.889948606, -9.27084188e-006, 0.456060827, 0.456060827, 1.41748291e-005, -0.889948606, 1.78598852e-006, 1, 1.68429372e-005, 0.155005615, -0.160811206, -0.152519482, 0, 0, 0, 0, 0, 0, 0, 0.220813623, -0.109145166, -0.125850244, 0, 0, 0, 0, 0, 0, 0, 1, 1, 1, 
108.292728, 0.1, 0.1, 0.0999604066, 0.19949355, -0.0199686051, 0.889948577, 2.93014076e-005, 0.456060883, 0.456060883, -1.22666577e-005, -0.889948577, -2.04824033e-005, 0.999999999, -2.42799204e-005, 0.889948576, 5.92017455e-005, 0.456060883, 0.456060885, -1.75298637e-005, -0.889948576, -4.4691824e-005, 0.999999998, -4.26002777e-005, 0.155005615, -0.160811206, -0.152519482, 0, 0, 0, 0, 0, 0, 0, 0.220813623, -0.109145166, -0.125850244, 0, 0, 0, 0, 0, 0, 0, 1, 1, 1, 
108.293444, 0.1, 0.1, 0.0999604152, 0.199493549, -0.0199690656, 0.889948578, -3.74638192e-005, 0.456060882, 0.456060882, -2.49613654e-006, -0.889948578, 3.44792628e-005, 0.999999999, 1.48643492e-005, 0.889948579, -5.30992607e-005, 0.456060878, 0.456060879, 3.11815456e-006, -0.88994858, 4.58335433e-005, 0.999999999, 2.69914927e-005, 0.155005615, -0.160811206, -0.152519482, 0, 0, 0, 0, 0, 0, 0, 0.220813623, -0.109145166, -0.125850244, 0, 0, 0, 0, 0, 0, 0, 1, 1, 1, 
108.294158, 0.1, 0.1, 0.0999604101, 0.199493548, -0.0199694287, 0.889948452, 3.30914184e-005, 0.456061126, 0.456061126, 2.60724348e-005, -0.889948453, -4.13402806e-005, 0.999999999, 8.1114135e-006, 0.889948493, 4.39487781e-005, 0.456061047, 0.456061047, 1.1799601e-005, -0.889948494, -4.44934872e-005, 0.999999999, -9.5422886e-006, 0.155005615, -0.160811206, -0.152519482, 0, 0, 0, 0, 0, 0, 0, 0.220813623, -0.109145166, -0.125850244, 0, 0, 0, 0, 0, 0, 0, 1, 1, 1, 
108.294912, 0.1, 0.1, 0.0999604142, 0.199493551, -0.0199692403, 0.889948089, -3.81867663e-005, 0.456061836, 0.456061833, -5.63638297e-005, -0.889948089, 5.96896313e-005, 0.999999998, -3.27453559e-005, 0.889948173, -3.58048538e-005, 0.456061671, 0.45606167, -4.29455368e-005, -0.889948173, 5.14502775e-005, 0.999999998, -2.18900806e-005, 0.155573291, -0.160889331, -0.152555493, 0, 0, 0, 0, 0, 0, 0, 0.220996338, -0.109037158, -0.125871973, 0, 0, 0, 0, 0, 0, 0, 1, 1, 1, 
108.295629, 0.1, 0.1, 0.0999604168, 0.199493553, -0.0199687961, 0.889947668, 1.66756015e-005, 0.456062658, 0.456062656, 4.99525923e-005, -0.889947668, -3.76219247e-005, 0.999999999, 3.68500739e-005, 0.889947749, 4.0933826e-006, 0.456062501, 0.456062501, 2.55186469e-005, -0.889947748, -1.52809946e-005, 1, 2.08434241e-005, 0.155573291, -0.160889331, -0.152555493, 0, 0, 0, 0, 0, 0, 0, 0.220996338, -0.109037158, -0.125871973, 0, 0, 0, 0, 0, 0, 0, 1, 1, 1, 
108.296344, 0.1, 0.1, 0.0999604138, 0.199493547, -0.0199683793, 0.889947318, -1.50526143e-006, 0.456063341, 0.456063341, -3.67368356e-005, -0.889947318, 1.80939273e-005, 0.999999999, -3.20073537e-005, 0.889947383, 1.17951899e-005, 0.456063215, 0.456063215, 6.48798696e-006, -0.889947383, -1.34560306e-005, 1, 3.94614795e-007, 0.155573291, -0.160889331, -0.152555493, 0, 0, 0, 0, 0, 0, 0, 0.220996338, -0.109037158, -0.125871973, 0, 0, 0, 0, 0, 0, 0, 1, 1, 1, 
108.297059, 0.1, 0.1, 0.0999604167, 0.199493559, -0.0199681192, 0.88994703, -7.42105999e-006, 0.456063904, 0.456063903, -2.49147566e-005, -0.88994703, 1.79670715e-005, 1, -1.87883361e-005, 0.889947081, -1.39167955e-005, 0.456063804, 0.456063803, -5.6596774e-005, -0.88994708, 3.81969516e-005, 0.999999998, -4.40211871e-005, 0.155573291, -0.160889331, -0.152555493, 0, 0, 0, 0, 0, 0, 0, 0.220996338, -0.109037158, -0.125871973, 0, 0, 0, 0, 0, 0, 0, 1, 1, 1, 
108.297786, 0.1, 0.1, 0.0999604155, 0.199493549, -0.0199679316, 0.889946787, 4.03334687e-006, 0.456064378, 0.456064377, 4.65551879e-005, -0.889946786, -2.48216269e-005, 0.999999999, 3.9592174e-005, 0.889946834, 9.68047019e-006, 0.456064286, 0.456064285, 6.31829003e-005, -0.889946832, -3.74305681e-005, 0.999999998, 5.18145054e-005, 0.155573291, -0.160889331, -0.152555493, 0, 0, 0, 0, 0, 0, 0, 0.220988281, -0.109327051, -0.125901758, 0, 0, 0, 0, 0, 0, 0, 1, 1, 1, 
108.298499, 0.1, 0.1, 0.0999604199, 0.199493557, -0.0199680204, 0.889946567, -2.45919033e-005, 0.456064807, 0.456064804, -6.54381357e-005, -0.889946566, 5.17295106e-005, 0.999999998, -4.70209426e-005, 0.88994661, -2.82097537e-005, 0.456064721, 0.456064719, -6.74304855e-005, -0.88994661, 5.58578402e-005, 0.999999997, -4.71440587e-005, 0.155573291, -0.160889331, -0.152555493, 0, 0, 0, 0, 0, 0, 0, 0.220988281, -0.109327051, -0.125901758, 0, 0, 0, 0, 0, 0, 0, 1, 1, 1, 
108.299215, 0.1, 0.1, 0.0999604183, 0.199493554, -0.0199683326, 0.889946342, 2.9045402e-005, 0.456065245, 0.456065243, 6.27179949e-005, -0.889946341, -5.4452347e-005, 0.999999998, 4.25690518e-005, 0.889946384, 2.39582448e-005, 0.456065162, 0.456065161, 5.01908261e-005, -0.889946384, -4.42118406e-005, 0.999999998, 3.37406235e-005, 0.155573291, -0.160889331, -0.152555493, 0, 0, 0, 0, 0, 0, 0, 0.220988281, -0.109327051, -0.125901758, 0, 0, 0, 0, 0, 0, 0, 1, 1, 1, 
108.299942, 0.1, 0.1, 0.0999604167, 0.199493552, -0.0199686256, 0.889946136, -1.4675789e-005, 0.456065647, 0.456065646, -5.18462441e-005, -0.889946135, 3.67059526e-005, 0.999999999, -3.94472414e-005, 0.889946174, -4.20069194e-006, 0.456065573, 0.456065573, -2.60715741e-005, -0.889946174, 1.56287371e-005, 1, -2.12865066e-005, 0.155779688, -0.161369141, -0.152397314, 0, 0, 0, 0, 0, 0, 0, 0.220988281, -0.109327051, -0.125901758, 0, 0, 0, 0, 0, 0, 0, 1, 1, 1, 
108.30066, 0.1, 0.1, 0.0999604196, 0.199493558, -0.0199689119, 0.889945972, 6.00898787e-006, 0.456065969, 0.456065968, 2.95195952e-005, -0.889945971, -1.88105573e-005, 1, 2.35303499e-005, 0.889946002, -7.63464009e-006, 0.456065909, 0.456065909, -1.25359536e-005, -0.889946002, 1.25116385e-005, 1, -7.67442272e-006, 0.155779688, -0.161369141, -0.152397314, 0, 0, 0, 0, 0, 0, 0, 0.220988281, -0.109327051, -0.125901758, 0, 0, 0, 0, 0, 0, 0, 1, 1, 1, 
108.301377, 0.1, 0.1, 0.0999604165, 0.199493547, -0.019969098, 0.88994584, 8.38355904e-006, 0.456066226, 0.456066226, 1.95336538e-005, -0.88994584, -1.63695532e-005, 1, 1.35604358e-005, 0.889945863, 1.75604957e-005, 0.45606618, 0.456066179, 4.92769968e-005, -0.889945863, -3.81014621e-005, 0.999999999, 3.58451113e-005, 0.155779688, -0.161369141, -0.152397314, 0, 0, 0, 0, 0, 0, 0, 0.220988281, -0.109327051, -0.125901758, 0, 0, 0, 0, 0, 0, 0, 1, 1, 1, 
108.302119, 0.1, 0.1, 0.0999604199, 0.199493557, -0.0199690209, 0.889945732, -1.4953343e-005, 0.456066435, 0.456066434, -4.06508139e-005, -0.889945732, 3.18471356e-005, 0.999999999, -2.93573006e-005, 0.889945752, -1.97993575e-005, 0.456066397, 0.456066395, -5.85387164e-005, -0.889945751, 4.43178955e-005, 0.999999998, -4.30664604e-005, 0.155799951, -0.161568579, -0.152804492, 0, 0, 0, 0, 0, 0, 0, 0.220988281, -0.109327051, -0.125901758, 0, 0, 0, 0, 0, 0, 0, 1, 1, 1, 
108.302836, 0.1, 0.1, 0.0999604176, 0.199493548, -0.0199686075, 0.889945652, 2.23938251e-005, 0.456066592, 0.45606659, 6.45139241e-005, -0.889945651, -4.93519327e-005, 0.999999998, 4.72008108e-005, 0.889945665, 2.15561157e-005, 0.456066566, 0.456066563, 6.83414127e-005, -0.889945664, -5.03520051e-005, 0.999999997, 5.09891204e-005, 0.155799951, -0.161568579, -0.152804492, 0, 0, 0, 0, 0, 0, 0, 0.220976807, -0.109785254, -0.126116699, 0, 0, 0, 0, 0, 0, 0, 1, 1, 1, 
108.303551, 0.1, 0.1, 0.0999604185, 0.199493551, -0.0199682686, 0.889945595, -2.00516367e-005, 0.456066704, 0.456066702, -6.71477942e-005, -0.889945593, 4.84687389e-005, 0.999999998, -5.06129998e-005, 0.889945605, -1.49759087e-005, 0.456066684, 0.456066683, -5.48545774e-005, -0.889945604, 3.83450893e-005, 0.999999998, -4.19875771e-005, 0.155799951, -0.161568579, -0.152804492, 0, 0, 0, 0, 0, 0, 0, 0.220976807, -0.109785254, -0.126116699, 0, 0, 0, 0, 0, 0, 0, 1, 1, 1, 
108.304266, 0.1, 0.1, 0.0999604197, 0.199493553, -0.0199681012, 0.889945557, 1.53371074e-005, 0.456066777, 0.456066776, 5.17323156e-005, -0.889945556, -3.7242581e-005, 0.999999999, 3.90441993e-005, 0.889945564, 6.15444172e-006, 0.456066764, 0.456066764, 2.43848253e-005, -0.889945564, -1.65982265e-005, 1, 1.88943308e-005, 0.155799951, -0.161568579, -0.152804492, 0, 0, 0, 0, 0, 0, 0, 0.220976807, -0.109785254, -0.126116699, 0, 0, 0, 0, 0, 0, 0, 1, 1, 1, 
108.304978, 0.1, 0.1, 0.0999604176, 0.199493547, -0.0199681474, 0.889945535, -6.67721173e-006, 0.456066819, 0.456066819, -2.95445888e-005, -0.889945535, 1.94166614e-005, 1, -2.32478202e-005, 0.889945539, 7.03467198e-006, 0.456066813, 0.456066812, 1.3049273e-005, -0.889945539, -1.22118153e-005, 1, 8.40486186e-006, 0.155799951, -0.161568579, -0.152804492, 0, 0, 0, 0, 0, 0, 0, 0.220976807, -0.109785254, -0.126116699, 0, 0, 0, 0, 0, 0, 0, 1, 1, 1, 
108.305701, 0.1, 0.1, 0.0999604215, 0.199493558, -0.0199683206, 0.889945529, -8.81298193e-006, 0.456066833, 0.456066833, -2.01121027e-005, -0.889945528, 1.70155368e-005, 1, -1.38793671e-005, 0.889945528, -1.81863178e-005, 0.456066833, 0.456066832, -5.01037235e-005, -0.889945528, 3.90354787e-005, 0.999999999, -3.62954083e-005, 0.155799951, -0.161568579, -0.152804492, 0, 0, 0, 0, 0, 0, 0, 0.220976807, -0.109785254, -0.126116699, 0, 0, 0, 0, 0, 0, 0, 1, 1, 1, 
