time, realDorsalTactorPos, realVentralTactorPos, boxPosX, boxPosY, boxPosZ, boxLocalRot_11, boxLocalRot_12, boxLocalRot_13, boxLocalRot_21, boxLocalRot_22, boxLocalRot_23, boxLocalRot_31, boxLocalRot_32, boxLocalRot_33, boxGlobalRot_11, boxGlobalRot_12, boxGlobalRot_13], boxGlobalRot_21, boxGlobalRot_22, boxGlobalRot_23, boxGlobalRot_31, boxGlobalRot_32, boxGlobalRot_33, indexPosX, indexPosY, indexPosZ, indexContact, indexForceX, indexForceY, indexForceZ, indexForceGlobalX, indexForceGlobalY, indexForceGlobalZ, thumbPosX, thumbPosY, thumbPosZ, thumbContact, thumbForceX, thumbForceY, thumbForceZ, thumbForceGlobalX, thumbForceGlobalY, thumbForceGlobalZ, hoopSuccess, targetSuccess, trialSuccess, 
90.8986922, 0.1, 0.1, 0.11207794, 0.186559782, -0.0199680454, 0.753729616, -0.657184651, 1.64531766e-005, 0.657184651, 0.753729616, 4.79911658e-006, -1.55551522e-005, 7.19553884e-006, 1, 0.753729607, -0.657184662, 1.28473874e-005, 0.657184662, 0.753729607, 2.19520433e-006, -1.11261109e-005, 6.78851545e-006, 1, 0.111150073, -0.10656123, -0.150848169, 0, 0, 0, 0, 0, 0, 0, 0.17168501, -0.0592290527, -0.132888379, 0, 0, 0, 0, 0, 0, 0, 1, 1, 1, 
90.918536, 0.1, 0.1, 0.112077873, 0.186559626, -0.019961334, 0.75371918, -0.657196621, -8.72944828e-006, 0.657196621, 0.75371918, -3.2174538e-006, 8.69405236e-006, -3.31190727e-006, 1, 0.753719197, -0.6571966, -1.21882161e-005, 0.6571966, 0.753719197, 1.76840598e-005, -2.43541153e-006, -2.13388696e-005, 1, 0.112036841, -0.120760083, -0.142455859, 0, 0, 0, 0, 0, 0, 0, 0.16984248, -0.0762958984, -0.125808594, 0, 0, 0, 0, 0, 0, 0, 1, 1, 1, 
90.919248, 0.1, 0.1, 0.112077867, 0.186559627, -0.0199642405, 0.753718953, -0.65719688, 7.7837917e-006, 0.65719688, 0.753718953, -1.14716708e-005, 1.67235493e-006, 1.37618993e-005, 1, 0.753718989, -0.657196839, 2.06728099e-005, 0.657196839, 0.753718988, -2.83714621e-005, 3.06414584e-006, 3.4970215e-005, 0.999999999, 0.112036841, -0.120760083, -0.142455859, 0, 0, 0, 0, 0, 0, 0, 0.16984248, -0.0762958984, -0.125808594, 0, 0, 0, 0, 0, 0, 0, 1, 1, 1, 
90.9199579, 0.1, 0.1, 0.112077869, 0.186559617, -0.0199683707, 0.753718745, -0.657197119, -3.39191194e-005, 0.657197119, 0.753718745, 5.73416994e-006, 2.17969961e-005, -2.66134989e-005, 0.999999999, 0.753718808, -0.657197046, -3.77812894e-005, 0.657197047, 0.753718808, 2.1925594e-005, 1.40670328e-005, -4.13554844e-005, 0.999999999, 0.112036841, -0.120760083, -0.142455859, 0, 0, 0, 0, 0, 0, 0, 0.16984248, -0.0762958984, -0.125808594, 0, 0, 0, 0, 0, 0, 0, 1, 1, 1, 
90.9206686, 0.1, 0.1, 0.11207786, 0.186559618, -0.0199724121, 0.753718245, -0.657197689, 6.1335398e-005, 0.657197692, 0.753718245, -3.08822971e-005, -2.59338342e-005, 6.35860328e-005, 0.999999998, 0.753718353, -0.657197567, 5.95708682e-005, 0.657197569, 0.753718352, -3.20141944e-005, -2.3860006e-005, 6.32795156e-005, 0.999999998, 0.112036841, -0.120760083, -0.142455859, 0, 0, 0, 0, 0, 0, 0, 0.16984248, -0.0762958984, -0.125808594, 0, 0, 0, 0, 0, 0, 0, 1, 1, 1, 
90.9213757, 0.1, 0.1, 0.112077858, 0.186559616, -0.0199752334, 0.753717781, -0.657198222, -5.3921213e-005, 0.657198224, 0.753717782, 1.54846645e-005, 3.04648831e-005, -4.71079923e-005, 0.999999998, 0.753717843, -0.657198153, -3.5780205e-005, 0.657198153, 0.753717843, -3.15452095e-007, 2.71754935e-005, -2.32769228e-005, 0.999999999, 0.112036841, -0.120760083, -0.142455859, 0, 0, 0, 0, 0, 0, 0, 0.16984248, -0.0762958984, -0.125808594, 0, 0, 0, 0, 0, 0, 0, 1, 1, 1, 
90.9221097, 0.1, 0.1, 0.112077863, 0.186559603, -0.0199758363, 0.753717667, -0.657198355, -6.91449923e-006, 0.657198355, 0.753717667, 3.27817919e-005, -1.63325595e-005, -2.92524132e-005, 0.999999999, 0.75371766, -0.657198363, -2.23856443e-005, 0.657198363, 0.753717659, 4.72912041e-005, -1.42072465e-005, -5.03560245e-005, 0.999999999, 0.112663867, -0.12295625, -0.141240039, 0, 0, 0, 0, 0, 0, 0, 0.170266113, -0.0786566406, -0.124385889, 0, 0, 0, 0, 0, 0, 0, 1, 1, 1, 
90.9228181, 0.1, 0.1, 0.112077855, 0.186559606, -0.0199743395, 0.753717758, -0.657198248, 5.40684422e-005, 0.657198251, 0.753717756, -5.70850208e-005, -3.23616928e-006, 7.85596795e-005, 0.999999997, 0.753717758, -0.65719825, 4.38264246e-005, 0.657198252, 0.753717755, -5.98398843e-005, 6.29391291e-006, 7.3905033e-005, 0.999999997, 0.112663867, -0.12295625, -0.141240039, 0, 0, 0, 0, 0, 0, 0, 0.170266113, -0.0786566406, -0.124385889, 0, 0, 0, 0, 0, 0, 0, 1, 1, 1, 
90.9235426, 0.1, 0.1, 0.112077849, 0.186559606, -0.0199713648, 0.753717757, -0.657198251, -2.88535716e-005, 0.657198252, 0.753717757, 2.76791652e-005, 3.5567503e-006, -3.98247952e-005, 0.999999999, 0.753717741, -0.657198271, -3.10716039e-006, 0.657198271, 0.753717741, -6.55961297e-006, 6.65288821e-006, 2.90207623e-006, 1, 0.112663867, -0.12295625, -0.141240039, 0, 0, 0, 0, 0, 0, 0, 0.170266113, -0.0786566406, -0.124385889, 0, 0, 0, 0, 0, 0, 0, 1, 1, 1, 
90.9242821, 0.1, 0.1, 0.112077858, 0.186559589, -0.0199675198, 0.753717883, -0.657198106, -5.45281659e-005, 0.657198108, 0.753717882, 3.42516349e-005, 1.85887441e-005, -6.16518772e-005, 0.999999998, 0.753717882, -0.657198106, -6.3446157e-005, 0.657198109, 0.75371788, 5.36997675e-005, 1.25291175e-005, -8.21711694e-005, 0.999999997, 0.112663867, -0.12295625, -0.141240039, 0, 0, 0, 0, 0, 0, 0, 0.170266113, -0.0786566406, -0.124385889, 0, 0, 0, 0, 0, 0, 0, 1, 1, 1, 
90.9249912, 0.1, 0.1, 0.112077852, 0.186559589, -0.0199644117, 0.753717804, -0.657198197, 3.85247286e-005, 0.657198198, 0.753717803, -3.87259981e-005, -3.58611772e-006, 5.45068564e-005, 0.999999999, 0.753717811, -0.657198189, 3.39378444e-005, 0.65719819, 0.75371781, -4.00962999e-005, 7.71657966e-007, 5.25251853e-005, 0.999999999, 0.112663867, -0.12295625, -0.141240039, 0, 0, 0, 0, 0, 0, 0, 0.170266113, -0.0786566406, -0.124385889, 0, 0, 0, 0, 0, 0, 0, 1, 1, 1, 
90.9257033, 0.1, 0.1, 0.11207785, 0.186559584, -0.0199629816, 0.753717802, -0.6571982, -1.34147728e-005, 0.6571982, 0.753717801, 3.83106295e-005, -1.50667237e-005, -3.7691568e-005, 0.999999999, 0.753717785, -0.65719822, -2.08926369e-005, 0.65719822, 0.753717785, 2.25600724e-005, 9.20712603e-007, -3.07345316e-005, 1, 0.112663867, -0.12295625, -0.141240039, 0, 0, 0, 0, 0, 0, 0, 0.170266113, -0.0786566406, -0.124385889, 0, 0, 0, 0, 0, 0, 0, 1, 1, 1, 
90.9264956, 0.1, 0.1, 0.112077846, 0.186559583, -0.019962917, 0.753717956, -0.657198024, 1.57930311e-005, 0.657198024, 0.753717955, -4.29758989e-005, 1.63401847e-005, 4.27708555e-005, 0.999999999, 0.753717932, -0.657198052, 1.02820406e-005, 0.657198051, 0.753717931, -4.41050748e-005, 2.12360108e-005, 4.00001229e-005, 0.999999999, 0.114025415, -0.124972754, -0.139951221, 0, 0, 0, 0, 0, 0, 0, 0.170266113, -0.0786566406, -0.124385889, 0, 0, 0, 0, 0, 0, 0, 1, 1, 1, 
90.9272037, 0.1, 0.1, 0.112077842, 0.186559573, -0.0199641362, 0.753717907, -0.657198081, -9.21215112e-006, 0.65719808, 0.753717905, 5.48278896e-005, -2.90894206e-005, -4.73789702e-005, 0.999999998, 0.753717944, -0.657198037, 2.8940851e-006, 0.657198036, 0.753717943, 5.68300805e-005, -3.95299412e-005, -4.09318644e-005, 0.999999998, 0.114025415, -0.124972754, -0.139951221, 0, 0, 0, 0, 0, 0, 0, 0.170873437, -0.0808075684, -0.123340088, 0, 0, 0, 0, 0, 0, 0, 1, 1, 1, 
90.9279125, 0.1, 0.1, 0.112077845, 0.186559573, -0.0199667385, 0.753717538, -0.657198503, -1.57493357e-005, 0.657198502, 0.753717538, -4.83997899e-005, 4.367882e-005, 2.61293307e-005, 0.999999999, 0.753717631, -0.657198397, -2.31654969e-005, 0.657198395, 0.753717631, -4.74152966e-005, 4.86215003e-005, 2.05134176e-005, 0.999999999, 0.114025415, -0.124972754, -0.139951221, 0, 0, 0, 0, 0, 0, 0, 0.170873437, -0.0808075684, -0.123340088, 0, 0, 0, 0, 0, 0, 0, 1, 1, 1, 
90.9286204, 0.1, 0.1, 0.11207784, 0.186559564, -0.0199698971, 0.753717037, -0.657199077, 2.75757802e-005, 0.657199075, 0.753717037, 7.03002e-005, -6.69855619e-005, -3.48636812e-005, 0.999999997, 0.753717129, -0.657198972, 2.16019296e-005, 0.65719897, 0.753717129, 5.9718351e-005, -5.55285833e-005, -3.08139782e-005, 0.999999998, 0.114025415, -0.124972754, -0.139951221, 0, 0, 0, 0, 0, 0, 0, 0.170873437, -0.0808075684, -0.123340088, 0, 0, 0, 0, 0, 0, 0, 1, 1, 1, 
90.9293606, 0.1, 0.1, 0.112077833, 0.186559556, -0.0199724722, 0.753716704, -0.65719946, -7.19942988e-006, 0.65719946, 0.753716703, -3.70281065e-005, 2.97611821e-005, 2.31772409e-005, 0.999999999, 0.753716727, -0.657199433, 1.85303717e-005, 0.657199434, 0.753716727, -1.14800456e-005, -6.42197158e-006, 2.08308522e-005, 1, 0.114657324, -0.126493091, -0.138109253, 0, 0, 0, 0, 0, 0, 0, 0.170852051, -0.0828967285, -0.121839258, 0, 0, 0, 0, 0, 0, 0, 1, 1, 1, 
90.9300662, 0.1, 0.1, 0.112077842, 0.186559559, -0.0199736844, 0.753716847, -0.657199293, -6.04838349e-005, 0.657199294, 0.753716849, -8.81233374e-006, 5.13791449e-005, -3.31079292e-005, 0.999999998, 0.753716792, -0.657199356, -6.96032571e-005, 0.657199356, 0.753716794, -2.15708378e-005, 6.66374845e-005, -2.94849131e-005, 0.999999997, 0.114657324, -0.126493091, -0.138109253, 0, 0, 0, 0, 0, 0, 0, 0.170852051, -0.0828967285, -0.121839258, 0, 0, 0, 0, 0, 0, 0, 1, 1, 1, 
90.9307803, 0.1, 0.1, 0.112077837, 0.186559553, -0.0199734361, 0.753717297, -0.657198778, 4.63976563e-005, 0.657198779, 0.753717298, 9.67200087e-006, -4.13271433e-005, 2.32025287e-005, 0.999999999, 0.753717198, -0.657198892, 4.21749595e-005, 0.657198892, 0.753717199, 1.09286398e-005, -3.89702823e-005, 1.94802329e-005, 0.999999999, 0.114657324, -0.126493091, -0.138109253, 0, 0, 0, 0, 0, 0, 0, 0.170852051, -0.0828967285, -0.121839258, 0, 0, 0, 0, 0, 0, 0, 1, 1, 1, 
90.931491, 0.1, 0.1, 0.112077836, 0.186559548, -0.0199718785, 0.753717774, -0.657198232, -3.83511502e-005, 0.657198233, 0.753717774, 3.89202727e-006, 2.63481101e-005, -2.81377983e-005, 0.999999999, 0.753717687, -0.657198331, -3.34093895e-005, 0.657198332, 0.753717688, 6.38299132e-006, 2.09863566e-005, -2.67675685e-005, 0.999999999, 0.114657324, -0.126493091, -0.138109253, 0, 0, 0, 0, 0, 0, 0, 0.170852051, -0.0828967285, -0.121839258, 0, 0, 0, 0, 0, 0, 0, 1, 1, 1, 
90.9321984, 0.1, 0.1, 0.112077831, 0.186559546, -0.0199696139, 0.753718152, -0.657197797, 4.73746449e-005, 0.657197799, 0.753718152, -1.3169392e-005, -2.70522344e-005, 4.10605222e-005, 0.999999999, 0.75371808, -0.65719788, 4.31940265e-005, 0.657197881, 0.75371808, -1.17810343e-005, -2.48136479e-005, 3.72666012e-005, 0.999999999, 0.114657324, -0.126493091, -0.138109253, 0, 0, 0, 0, 0, 0, 0, 0.170852051, -0.0828967285, -0.121839258, 0, 0, 0, 0, 0, 0, 0, 1, 1, 1, 
90.9329059, 0.1, 0.1, 0.112077832, 0.186559544, -0.0199673488, 0.753718488, -0.657197412, -5.11804605e-005, 0.657197412, 0.753718489, -3.4633232e-006, 4.08517464e-005, -3.10252955e-005, 0.999999999, 0.753718424, -0.657197486, -4.5554781e-005, 0.657197487, 0.753718425, -5.39152149e-006, 3.78787721e-005, -2.58747985e-005, 0.999999999, 0.114657324, -0.126493091, -0.138109253, 0, 0, 0, 0, 0, 0, 0, 0.170852051, -0.0828967285, -0.121839258, 0, 0, 0, 0, 0, 0, 0, 1, 1, 1, 
90.9336127, 0.1, 0.1, 0.112077827, 0.18655954, -0.0199657937, 0.753718811, -0.657197042, 5.02460958e-005, 0.657197043, 0.753718812, 1.13851115e-006, -3.86196538e-005, 3.21634683e-005, 0.999999999, 0.753718751, -0.657197111, 4.45392295e-005, 0.657197112, 0.753718752, -9.40304698e-008, -3.35082559e-005, 2.93419255e-005, 0.999999999, 0.114657324, -0.126493091, -0.138109253, 0, 0, 0, 0, 0, 0, 0, 0.170852051, -0.0828967285, -0.121839258, 0, 0, 0, 0, 0, 0, 0, 1, 1, 1, 
90.9343464, 0.1, 0.1, 0.112077829, 0.186559535, -0.0199651061, 0.753719092, -0.657196719, -5.94629813e-005, 0.65719672, 0.753719093, 8.34273176e-006, 3.93355684e-005, -4.53669525e-005, 0.999999998, 0.753719041, -0.657196777, -5.31845669e-005, 0.657196778, 0.753719042, 9.01762047e-006, 3.41598697e-005, -4.17494783e-005, 0.999999999, 0.11526543, -0.128026978, -0.136630273, 0, 0, 0, 0, 0, 0, 0, 0.170575684, -0.0847060059, -0.120681885, 0, 0, 0, 0, 0, 0, 0, 1, 1, 1, 
90.9350532, 0.1, 0.1, 0.112077826, 0.186559532, -0.0199655199, 0.753719306, -0.657196474, 4.70275069e-005, 0.657196475, 0.753719307, -9.40665189e-006, -2.92635214e-005, 3.79962869e-005, 0.999999999, 0.753719265, -0.657196521, 4.01645115e-005, 0.657196522, 0.753719266, -7.43112274e-006, -2.53890581e-005, 3.19969576e-005, 0.999999999, 0.11526543, -0.128026978, -0.136630273, 0, 0, 0, 0, 0, 0, 0, 0.170575684, -0.0847060059, -0.120681885, 0, 0, 0, 0, 0, 0, 0, 1, 1, 1, 
90.9357638, 0.1, 0.1, 0.112077826, 0.18655953, -0.0199669574, 0.753719505, -0.657196246, -5.20289006e-005, 0.657196247, 0.753719506, -1.94279508e-006, 4.04919949e-005, -3.27288757e-005, 0.999999999, 0.753719466, -0.65719629, -4.62352686e-005, 0.657196291, 0.753719467, -3.43485802e-006, 3.7105798e-005, -2.77967277e-005, 0.999999999, 0.11526543, -0.128026978, -0.136630273, 0, 0, 0, 0, 0, 0, 0, 0.170575684, -0.0847060059, -0.120681885, 0, 0, 0, 0, 0, 0, 0, 1, 1, 1, 
90.9364746, 0.1, 0.1, 0.112077822, 0.186559526, -0.0199689164, 0.753719702, -0.65719602, 4.7475492e-005, 0.657196021, 0.753719702, 1.03142109e-006, -3.64610596e-005, 3.04233021e-005, 0.999999999, 0.753719665, -0.657196062, 4.06015725e-005, 0.657196063, 0.753719666, 1.17825975e-007, -3.06796385e-005, 2.65943859e-005, 0.999999999, 0.11526543, -0.128026978, -0.136630273, 0, 0, 0, 0, 0, 0, 0, 0.170575684, -0.0847060059, -0.120681885, 0, 0, 0, 0, 0, 0, 0, 1, 1, 1, 
90.9371776, 0.1, 0.1, 0.112077822, 0.186559522, -0.019970803, 0.753719865, -0.657195834, -3.95848622e-005, 0.657195834, 0.753719865, 6.17850728e-006, 2.57754077e-005, -3.06718702e-005, 0.999999999, 0.753719835, -0.657195868, -3.42196161e-005, 0.657195868, 0.753719835, 6.70728892e-006, 2.13840008e-005, -2.7544407e-005, 0.999999999, 0.11526543, -0.128026978, -0.136630273, 0, 0, 0, 0, 0, 0, 0, 0.170575684, -0.0847060059, -0.120681885, 0, 0, 0, 0, 0, 0, 0, 1, 1, 1, 
90.9378883, 0.1, 0.1, 0.112077817, 0.186559519, -0.0199720472, 0.75371999, -0.65719569, 4.53791949e-005, 0.65719569, 0.753719991, -6.83662907e-006, -2.97102032e-005, 3.49759153e-005, 0.999999999, 0.753719966, -0.657195717, 4.02415169e-005, 0.657195718, 0.753719967, -5.68102896e-006, -2.65972869e-005, 3.07284575e-005, 0.999999999, 0.11526543, -0.128026978, -0.136630273, 0, 0, 0, 0, 0, 0, 0, 0.170575684, -0.0847060059, -0.120681885, 0, 0, 0, 0, 0, 0, 0, 1, 1, 1, 
90.9386003, 0.1, 0.1, 0.112077816, 0.186559516, -0.0199722789, 0.753720103, -0.65719556, -3.80695548e-005, 0.657195561, 0.753720104, 1.65647175e-006, 2.76051629e-005, -2.62676585e-005, 0.999999999, 0.753720081, -0.657195586, -3.31300965e-005, 0.657195586, 0.753720081, 1.30882589e-007, 2.48848036e-005, -2.1871602e-005, 0.999999999, 0.11526543, -0.128026978, -0.136630273, 0, 0, 0, 0, 0, 0, 0, 0.170575684, -0.0847060059, -0.120681885, 0, 0, 0, 0, 0, 0, 0, 1, 1, 1, 
90.9393408, 0.1, 0.1, 0.112077811, 0.186559512, -0.0199712905, 0.753720224, -0.657195421, 4.93236293e-005, 0.657195422, 0.753720225, 2.25655341e-008, -3.71910469e-005, 3.23982553e-005, 0.999999999, 0.753720201, -0.657195448, 4.50346589e-005, 0.657195449, 0.753720202, 3.94177384e-007, -3.42025837e-005, 2.92994734e-005, 0.999999999, 0.115646265, -0.129557568, -0.134806494, 0, 0, 0, 0, 0, 0, 0, 0.170358398, -0.0871015137, -0.119540625, 0, 0, 0, 0, 0, 0, 0, 1, 1, 1, 
90.9400515, 0.1, 0.1, 0.112077811, 0.186559509, -0.0199694999, 0.753720336, -0.657195293, -4.4493408e-005, 0.657195294, 0.753720336, 6.27552085e-007, 3.31231622e-005, -2.97138571e-005, 0.999999999, 0.753720316, -0.657195317, -3.87639105e-005, 0.657195317, 0.753720316, 1.20060702e-006, 2.84281136e-005, -2.63803824e-005, 0.999999999, 0.115646265, -0.129557568, -0.134806494, 0, 0, 0, 0, 0, 0, 0, 0.170358398, -0.0871015137, -0.119540625, 0, 0, 0, 0, 0, 0, 0, 1, 1, 1, 
90.9407678, 0.1, 0.1, 0.112077806, 0.186559506, -0.0199675728, 0.753720428, -0.657195187, 4.93623194e-005, 0.657195188, 0.753720428, -3.82579945e-006, -3.46910915e-005, 3.5324262e-005, 0.999999999, 0.753720412, -0.657195206, 4.46729816e-005, 0.657195207, 0.753720412, -4.68496538e-006, -3.05920014e-005, 3.28900234e-005, 0.999999999, 0.115646265, -0.129557568, -0.134806494, 0, 0, 0, 0, 0, 0, 0, 0.170358398, -0.0871015137, -0.119540625, 0, 0, 0, 0, 0, 0, 0, 1, 1, 1, 
90.9414763, 0.1, 0.1, 0.112077807, 0.186559502, -0.0199662221, 0.753720489, -0.657195117, -5.44411892e-005, 0.657195118, 0.75372049, 7.44519132e-006, 3.61404964e-005, -4.1390077e-005, 0.999999998, 0.753720478, -0.65719513, -4.80191433e-005, 0.657195131, 0.753720479, 7.1747051e-006, 3.14778304e-005, -3.69656693e-005, 0.999999999, 0.115646265, -0.129557568, -0.134806494, 0, 0, 0, 0, 0, 0, 0, 0.170358398, -0.0871015137, -0.119540625, 0, 0, 0, 0, 0, 0, 0, 1, 1, 1, 
90.9422102, 0.1, 0.1, 0.112077803, 0.186559499, -0.0199654844, 0.753720531, -0.657195069, 5.00280515e-005, 0.65719507, 0.753720532, -5.58861524e-006, -3.40343592e-005, 3.70904429e-005, 0.999999999, 0.753720523, -0.657195078, 4.43201956e-005, 0.657195079, 0.753720524, -4.61214975e-006, -3.03739589e-005, 3.26032864e-005, 0.999999999, 0.116346265, -0.130896289, -0.132933398, 0, 0, 0, 0, 0, 0, 0, 0.170717578, -0.0885727051, -0.118400098, 0, 0, 0, 0, 0, 0, 0, 1, 1, 1, 
90.9429226, 0.1, 0.1, 0.112077805, 0.186559495, -0.0199657798, 0.753720565, -0.657195029, -5.59351578e-005, 0.65719503, 0.753720566, 4.53966507e-006, 3.91760335e-005, -4.01819466e-005, 0.999999998, 0.753720559, -0.657195037, -4.94086949e-005, 0.657195038, 0.753720559, 3.70998028e-006, 3.48021685e-005, -3.52674375e-005, 0.999999999, 0.116346265, -0.130896289, -0.132933398, 0, 0, 0, 0, 0, 0, 0, 0.170717578, -0.0885727051, -0.118400098, 0, 0, 0, 0, 0, 0, 0, 1, 1, 1, 
90.9436321, 0.1, 0.1, 0.112077801, 0.186559492, -0.019967011, 0.753720592, -0.657195, 4.57171931e-005, 0.657195, 0.753720592, -4.36779556e-006, -3.15874965e-005, 3.33372082e-005, 0.999999999, 0.753720587, -0.657195005, 3.92764928e-005, 0.657195006, 0.753720588, -4.1242795e-006, -2.68930454e-005, 2.89208693e-005, 0.999999999, 0.116346265, -0.130896289, -0.132933398, 0, 0, 0, 0, 0, 0, 0, 0.170717578, -0.0885727051, -0.118400098, 0, 0, 0, 0, 0, 0, 0, 1, 1, 1, 
90.944338, 0.1, 0.1, 0.112077802, 0.186559489, -0.0199688036, 0.753720604, -0.657194985, -4.85278368e-005, 0.657194986, 0.753720605, 5.62969401e-006, 3.28766238e-005, -3.61354674e-005, 0.999999999, 0.753720602, -0.657194988, -4.25576445e-005, 0.657194989, 0.753720603, 5.19333927e-006, 2.86635369e-005, -3.18829975e-005, 0.999999999, 0.116346265, -0.130896289, -0.132933398, 0, 0, 0, 0, 0, 0, 0, 0.170717578, -0.0885727051, -0.118400098, 0, 0, 0, 0, 0, 0, 0, 1, 1, 1, 
90.9450464, 0.1, 0.1, 0.112077799, 0.186559486, -0.0199705517, 0.753720606, -0.657194983, 4.23206209e-005, 0.657194984, 0.753720607, -5.01077584e-006, -2.86048673e-005, 3.15896248e-005, 0.999999999, 0.753720606, -0.657194984, 3.63087098e-005, 0.657194985, 0.753720606, -4.12400979e-006, -2.46563442e-005, 2.69702531e-005, 0.999999999, 0.116346265, -0.130896289, -0.132933398, 0, 0, 0, 0, 0, 0, 0, 0.170717578, -0.0885727051, -0.118400098, 0, 0, 0, 0, 0, 0, 0, 1, 1, 1, 
90.9457533, 0.1, 0.1, 0.112077799, 0.186559483, -0.0199717411, 0.753720607, -0.657194982, -4.12992014e-005, 0.657194983, 0.753720608, 3.4050968e-006, 2.88902466e-005, -2.97081196e-005, 0.999999999, 0.753720607, -0.657194983, -3.63574216e-005, 0.657194984, 0.753720607, 2.65222678e-006, 2.56603077e-005, -2.5892953e-005, 0.999999999, 0.116346265, -0.130896289, -0.132933398, 0, 0, 0, 0, 0, 0, 0, 0.170717578, -0.0885727051, -0.118400098, 0, 0, 0, 0, 0, 0, 0, 1, 1, 1, 
90.946474, 0.1, 0.1, 0.112077795, 0.18655948, -0.0199720323, 0.753720606, -0.657194984, 4.37332974e-005, 0.657194985, 0.753720606, -3.07145771e-006, -3.09441408e-005, 3.10563246e-005, 0.999999999, 0.753720607, -0.657194983, 3.82229593e-005, 0.657194984, 0.753720607, -3.12683941e-006, -2.67544889e-005, 2.74767004e-005, 0.999999999, 0.116346265, -0.130896289, -0.132933398, 0, 0, 0, 0, 0, 0, 0, 0.170717578, -0.0885727051, -0.118400098, 0, 0, 0, 0, 0, 0, 0, 1, 1, 1, 
90.9471999, 0.1, 0.1, 0.112077795, 0.186559476, -0.0199710646, 0.753720595, -0.657194996, -4.2158535e-005, 0.657194997, 0.753720596, 3.91317646e-006, 2.92040362e-005, -3.065582e-005, 0.999999999, 0.753720598, -0.657194993, -3.7471225e-005, 0.657194994, 0.753720598, 4.12330276e-006, 2.55330202e-005, -2.77337197e-005, 0.999999999, 0.117245703, -0.132246484, -0.132084839, 0, 0, 0, 0, 0, 0, 0, 0.170854736, -0.089940625, -0.117609863, 0, 0, 0, 0, 0, 0, 0, 1, 1, 1, 
90.9479096, 0.1, 0.1, 0.11207779, 0.186559474, -0.0199695244, 0.753720575, -0.657195019, 4.83565982e-005, 0.65719502, 0.753720575, -3.9387592e-006, -3.38588301e-005, 3.47484394e-005, 0.999999999, 0.753720579, -0.657195014, 4.33834273e-005, 0.657195015, 0.75372058, -4.07249208e-006, -3.00225605e-005, 3.15808933e-005, 0.999999999, 0.117245703, -0.132246484, -0.132084839, 0, 0, 0, 0, 0, 0, 0, 0.170854736, -0.089940625, -0.117609863, 0, 0, 0, 0, 0, 0, 0, 1, 1, 1, 
90.9486158, 0.1, 0.1, 0.112077791, 0.186559471, -0.0199679667, 0.753720547, -0.657195051, -4.71999449e-005, 0.657195052, 0.753720548, 3.96583254e-006, 3.29692428e-005, -3.40086997e-005, 0.999999999, 0.753720553, -0.657195044, -4.17757173e-005, 0.657195045, 0.753720553, 4.12196844e-006, 2.87782796e-005, -3.05616068e-005, 0.999999999, 0.117245703, -0.132246484, -0.132084839, 0, 0, 0, 0, 0, 0, 0, 0.170854736, -0.089940625, -0.117609863, 0, 0, 0, 0, 0, 0, 0, 1, 1, 1, 
90.9493245, 0.1, 0.1, 0.112077786, 0.186559468, -0.0199668682, 0.753720511, -0.657195092, 5.10601709e-005, 0.657195093, 0.753720511, -4.30682936e-006, -3.5654671e-005, 3.68026394e-005, 0.999999999, 0.753720518, -0.657195084, 4.53068803e-005, 0.657195085, 0.753720519, -4.46472112e-006, -3.12145325e-005, 3.31406109e-005, 0.999999999, 0.117245703, -0.132246484, -0.132084839, 0, 0, 0, 0, 0, 0, 0, 0.170854736, -0.089940625, -0.117609863, 0, 0, 0, 0, 0, 0, 0, 1, 1, 1, 
90.950032, 0.1, 0.1, 0.112077787, 0.186559465, -0.019966469, 0.753720468, -0.657195142, -5.09434632e-005, 0.657195143, 0.753720468, 4.28702216e-006, 3.55797208e-005, -3.67110129e-005, 0.999999999, 0.753720477, -0.657195132, -4.47585634e-005, 0.657195133, 0.753720477, 4.39957364e-006, 3.08440674e-005, -3.27311588e-005, 0.999999999, 0.117245703, -0.132246484, -0.132084839, 0, 0, 0, 0, 0, 0, 0, 0.170854736, -0.089940625, -0.117609863, 0, 0, 0, 0, 0, 0, 0, 1, 1, 1, 
90.9507469, 0.1, 0.1, 0.112077783, 0.186559462, -0.0199667969, 0.753720417, -0.657195199, 5.07700069e-005, 0.6571952, 0.753720418, -4.27037991e-006, -3.54599176e-005, 3.65844774e-005, 0.999999999, 0.753720428, -0.657195188, 4.47731193e-005, 0.657195189, 0.753720428, -4.40713731e-006, -3.08500652e-005, 3.2746428e-005, 0.999999999, 0.117245703, -0.132246484, -0.132084839, 0, 0, 0, 0, 0, 0, 0, 0.170854736, -0.089940625, -0.117609863, 0, 0, 0, 0, 0, 0, 0, 1, 1, 1, 
90.9514678, 0.1, 0.1, 0.112077784, 0.186559459, -0.0199677032, 0.753720362, -0.657195263, -5.03366608e-005, 0.657195264, 0.753720362, 4.2981503e-006, 3.51150422e-005, -3.63206185e-005, 0.999999999, 0.753720373, -0.657195251, -4.40594576e-005, 0.657195252, 0.753720373, 4.3841713e-006, 3.03272543e-005, -3.22601056e-005, 0.999999999, 0.117794849, -0.134016675, -0.130876465, 0, 0, 0, 0, 0, 0, 0, 0.170854736, -0.089940625, -0.117609863, 0, 0, 0, 0, 0, 0, 0, 1, 1, 1, 
90.9521862, 0.1, 0.1, 0.112077781, 0.186559456, -0.0199687136, 0.753720301, -0.657195333, 4.4795808e-005, 0.657195334, 0.753720302, -3.87806917e-006, -3.1214861e-005, 3.23625755e-005, 0.999999999, 0.753720313, -0.657195319, 3.88735348e-005, 0.65719532, 0.753720314, -3.93116025e-006, -2.67162327e-005, 2.85105005e-005, 0.999999999, 0.117794849, -0.134016675, -0.130876465, 0, 0, 0, 0, 0, 0, 0, 0.171089062, -0.0918913574, -0.116673779, 0, 0, 0, 0, 0, 0, 0, 1, 1, 1, 
90.9528964, 0.1, 0.1, 0.112077781, 0.186559453, -0.0199697329, 0.753720239, -0.657195404, -4.70728182e-005, 0.657195405, 0.75372024, 3.71265176e-006, 3.30397981e-005, -3.37343406e-005, 0.999999999, 0.753720252, -0.65719539, -4.13901109e-005, 0.657195391, 0.753720252, 3.84975754e-006, 2.86665219e-005, -3.01030303e-005, 0.999999999, 0.117794849, -0.134016675, -0.130876465, 0, 0, 0, 0, 0, 0, 0, 0.171089062, -0.0918913574, -0.116673779, 0, 0, 0, 0, 0, 0, 0, 1, 1, 1, 
90.9536037, 0.1, 0.1, 0.112077778, 0.186559451, -0.0199704754, 0.753720174, -0.657195479, 4.27530207e-005, 0.65719548, 0.753720174, -3.99761918e-006, -2.9596597e-005, 3.11101782e-005, 0.999999999, 0.753720187, -0.657195465, 3.71654376e-005, 0.657195465, 0.753720187, -4.04835661e-006, -2.53517789e-005, 2.74762851e-005, 0.999999999, 0.117794849, -0.134016675, -0.130876465, 0, 0, 0, 0, 0, 0, 0, 0.171089062, -0.0918913574, -0.116673779, 0, 0, 0, 0, 0, 0, 0, 1, 1, 1, 
90.9543455, 0.1, 0.1, 0.112077779, 0.186559448, -0.0199705501, 0.7537201, -0.657195564, -4.83438457e-005, 0.657195565, 0.7537201, 6.62511966e-006, 3.2083729e-005, -3.67648468e-005, 0.999999999, 0.753720114, -0.657195548, -4.33902778e-005, 0.657195548, 0.753720115, 6.17847715e-006, 2.86436575e-005, -3.31727399e-005, 0.999999999, 0.11777937, -0.135531641, -0.129568994, 0, 0, 0, 0, 0, 0, 0, 0.170899854, -0.0933355469, -0.115529346, 0, 0, 0, 0, 0, 0, 0, 1, 1, 1, 
90.9550554, 0.1, 0.1, 0.112077776, 0.186559445, -0.0199699153, 0.753720031, -0.657195643, 4.37773086e-005, 0.657195644, 0.753720031, -4.7083667e-006, -2.99015163e-005, 3.23190468e-005, 0.999999999, 0.753720043, -0.657195629, 3.82205289e-005, 0.65719563, 0.753720043, -3.5031288e-006, -2.65053378e-005, 2.7758743e-005, 0.999999999, 0.11777937, -0.135531641, -0.129568994, 0, 0, 0, 0, 0, 0, 0, 0.170899854, -0.0933355469, -0.115529346, 0, 0, 0, 0, 0, 0, 0, 1, 1, 1, 
90.9557834, 0.1, 0.1, 0.112077778, 0.186559442, -0.0199688887, 0.753719974, -0.657195708, -4.95925258e-005, 0.657195709, 0.753719974, 4.12589998e-006, 3.46673535e-005, -3.57017684e-005, 0.999999999, 0.753719983, -0.657195698, -4.51109645e-005, 0.657195699, 0.753719984, 2.58739335e-006, 3.23006117e-005, -3.15969019e-005, 0.999999999, 0.11777937, -0.135531641, -0.129568994, 0, 0, 0, 0, 0, 0, 0, 0.170899854, -0.0933355469, -0.115529346, 0, 0, 0, 0, 0, 0, 0, 1, 1, 1, 
90.956526, 0.1, 0.1, 0.112077773, 0.186559439, -0.0199675736, 0.753719932, -0.657195755, 5.3612829e-005, 0.657195757, 0.753719933, -4.05947349e-006, -3.77411892e-005, 3.82938298e-005, 0.999999999, 0.753719939, -0.657195748, 4.74932188e-005, 0.657195749, 0.75371994, -2.52994429e-006, -3.41339174e-005, 3.31192109e-005, 0.999999999, 0.11777937, -0.135531641, -0.129568994, 0, 0, 0, 0, 0, 0, 0, 0.170899854, -0.0933355469, -0.115529346, 0, 0, 0, 0, 0, 0, 0, 1, 1, 1, 
90.9572397, 0.1, 0.1, 0.112077773, 0.186559437, -0.0199666173, 0.753719902, -0.65719579, -4.71945909e-005, 0.657195791, 0.753719903, 3.16187183e-006, 3.34935336e-005, -3.33992522e-005, 0.999999999, 0.753719908, -0.657195784, -4.13925078e-005, 0.657195784, 0.753719909, 3.07414928e-006, 2.91780393e-005, -2.95200292e-005, 0.999999999, 0.11777937, -0.135531641, -0.129568994, 0, 0, 0, 0, 0, 0, 0, 0.170899854, -0.0933355469, -0.115529346, 0, 0, 0, 0, 0, 0, 0, 1, 1, 1, 
90.95795, 0.1, 0.1, 0.112077768, 0.186559434, -0.0199663873, 0.753719873, -0.657195823, 5.44939374e-005, 0.657195824, 0.753719874, -3.36405504e-006, -3.88623207e-005, 3.83487433e-005, 0.999999999, 0.753719879, -0.657195817, 4.8457409e-005, 0.657195818, 0.75371988, -3.57260931e-006, -3.41754086e-005, 3.45387532e-005, 0.999999999, 0.11777937, -0.135531641, -0.129568994, 0, 0, 0, 0, 0, 0, 0, 0.170899854, -0.0933355469, -0.115529346, 0, 0, 0, 0, 0, 0, 0, 1, 1, 1, 
90.9586588, 0.1, 0.1, 0.112077769, 0.186559432, -0.0199669594, 0.753719849, -0.657195851, -4.78492821e-005, 0.657195852, 0.75371985, 2.88547983e-006, 3.41686283e-005, -3.36211931e-005, 0.999999999, 0.753719853, -0.657195847, -4.13971835e-005, 0.657195848, 0.753719854, 2.01586288e-006, 2.98770624e-005, -2.87254529e-005, 0.999999999, 0.11777937, -0.135531641, -0.129568994, 0, 0, 0, 0, 0, 0, 0, 0.170899854, -0.0933355469, -0.115529346, 0, 0, 0, 0, 0, 0, 0, 1, 1, 1, 
90.9593916, 0.1, 0.1, 0.112077764, 0.186559429, -0.0199678847, 0.753719837, -0.657195864, 5.16585886e-005, 0.657195865, 0.753719838, -2.83706514e-006, -3.70715955e-005, 3.60881631e-005, 0.999999999, 0.753719839, -0.657195863, 4.61205632e-005, 0.657195864, 0.75371984, -1.78035958e-006, -3.35919385e-005, 3.16521357e-005, 0.999999999, 0.117982373, -0.13705271, -0.128245898, 0, 0, 0, 0, 0, 0, 0, 0.170735303, -0.0947313965, -0.11457666, 0, 0, 0, 0, 0, 0, 0, 1, 1, 1, 
90.960097, 0.1, 0.1, 0.112077765, 0.186559427, -0.0199690062, 0.753719841, -0.657195861, -4.56703044e-005, 0.657195861, 0.753719842, 1.62023824e-006, 3.33578007e-005, -3.12355407e-005, 0.999999999, 0.75371984, -0.657195862, -3.92769855e-005, 0.657195863, 0.753719841, 8.20957487e-007, 2.90643134e-005, -2.64314443e-005, 0.999999999, 0.117982373, -0.13705271, -0.128245898, 0, 0, 0, 0, 0, 0, 0, 0.170735303, -0.0947313965, -0.11457666, 0, 0, 0, 0, 0, 0, 0, 1, 1, 1, 
90.9608039, 0.1, 0.1, 0.112077762, 0.186559424, -0.0199700941, 0.753719856, -0.657195843, 4.25735317e-005, 0.657195844, 0.753719857, -1.44704481e-008, -3.20790063e-005, 2.79900548e-005, 0.999999999, 0.753719854, -0.657195847, 3.73925265e-005, 0.657195847, 0.753719854, 8.99852245e-008, -2.82426275e-005, 2.45063895e-005, 0.999999999, 0.117982373, -0.13705271, -0.128245898, 0, 0, 0, 0, 0, 0, 0, 0.170735303, -0.0947313965, -0.11457666, 0, 0, 0, 0, 0, 0, 0, 1, 1, 1, 
90.9615195, 0.1, 0.1, 0.112077763, 0.186559421, -0.01997077, 0.753719874, -0.657195822, -4.80046623e-005, 0.657195823, 0.753719875, 2.52243422e-006, 3.45243348e-005, -3.34496723e-005, 0.999999999, 0.753719872, -0.657195826, -4.24722331e-005, 0.657195826, 0.753719872, 2.68169157e-006, 3.02497696e-005, -2.99338186e-005, 0.999999999, 0.117982373, -0.13705271, -0.128245898, 0, 0, 0, 0, 0, 0, 0, 0.170735303, -0.0947313965, -0.11457666, 0, 0, 0, 0, 0, 0, 0, 1, 1, 1, 
90.9622289, 0.1, 0.1, 0.11207776, 0.186559419, -0.0199708327, 0.753719891, -0.657195804, 3.96039117e-005, 0.657195805, 0.753719891, -1.37816717e-006, -2.89445303e-005, 2.70662766e-005, 0.999999999, 0.753719888, -0.657195808, 3.43574798e-005, 0.657195808, 0.753719888, -1.10006452e-006, -2.51729581e-005, 2.34087322e-005, 0.999999999, 0.117982373, -0.13705271, -0.128245898, 0, 0, 0, 0, 0, 0, 0, 0.170735303, -0.0947313965, -0.11457666, 0, 0, 0, 0, 0, 0, 0, 1, 1, 1, 
90.9629331, 0.1, 0.1, 0.112077762, 0.186559416, -0.0199703792, 0.753719911, -0.65719578, -4.73819104e-005, 0.657195781, 0.753719912, 1.95518285e-006, 3.44277514e-005, -3.26128518e-005, 0.999999999, 0.753719907, -0.657195785, -4.26246628e-005, 0.657195786, 0.753719908, 1.599463e-006, 3.10758965e-005, -2.92182958e-005, 0.999999999, 0.117982373, -0.13705271, -0.128245898, 0, 0, 0, 0, 0, 0, 0, 0.170735303, -0.0947313965, -0.11457666, 0, 0, 0, 0, 0, 0, 0, 1, 1, 1, 
90.9636524, 0.1, 0.1, 0.112077758, 0.186559414, -0.0199695473, 0.753719938, -0.657195749, 4.55259671e-005, 0.65719575, 0.753719939, -1.34777648e-006, -3.34280762e-005, 3.09353181e-005, 0.999999999, 0.753719933, -0.657195756, 3.95523369e-005, 0.657195756, 0.753719933, -9.30095144e-007, -2.92001301e-005, 2.66946592e-005, 0.999999999, 0.117982373, -0.13705271, -0.128245898, 0, 0, 0, 0, 0, 0, 0, 0.170735303, -0.0947313965, -0.11457666, 0, 0, 0, 0, 0, 0, 0, 1, 1, 1, 
90.9643739, 0.1, 0.1, 0.112077759, 0.186559412, -0.0199683378, 0.753719972, -0.65719571, -4.78483866e-005, 0.657195711, 0.753719973, 1.27499919e-006, 3.52263607e-005, -3.24067468e-005, 0.999999999, 0.753719966, -0.657195718, -4.28154916e-005, 0.657195718, 0.753719966, 1.12205922e-006, 3.15334784e-005, -2.89838762e-005, 0.999999999, 0.117769409, -0.138559619, -0.126618652, 0, 0, 0, 0, 0, 0, 0, 0.17042832, -0.096775, -0.113344727, 0, 0, 0, 0, 0, 0, 0, 1, 1, 1, 
90.965084, 0.1, 0.1, 0.112077755, 0.186559409, -0.0199674128, 0.753720007, -0.65719567, 5.17517412e-005, 0.657195671, 0.753720008, -2.43225885e-006, -3.74078528e-005, 3.58442625e-005, 0.999999999, 0.753720001, -0.657195678, 4.58420678e-005, 0.657195678, 0.753720001, -2.08933009e-006, -3.31789847e-005, 3.17019787e-005, 0.999999999, 0.117769409, -0.138559619, -0.126618652, 0, 0, 0, 0, 0, 0, 0, 0.17042832, -0.096775, -0.113344727, 0, 0, 0, 0, 0, 0, 0, 1, 1, 1, 
90.9658167, 0.1, 0.1, 0.112077756, 0.186559407, -0.0199667515, 0.753720049, -0.657195622, -5.12206795e-005, 0.657195623, 0.75372005, 1.51931605e-006, 3.76075652e-005, -3.48071453e-005, 0.999999999, 0.753720041, -0.657195631, -4.57297484e-005, 0.657195632, 0.753720042, 1.0186646e-006, 3.3797966e-005, -3.08211788e-005, 0.999999999, 0.117769409, -0.138559619, -0.126618652, 0, 0, 0, 0, 0, 0, 0, 0.17042832, -0.096775, -0.113344727, 0, 0, 0, 0, 0, 0, 0, 1, 1, 1, 
90.9665415, 0.1, 0.1, 0.112077752, 0.186559405, -0.0199667231, 0.753720097, -0.657195567, 5.2510917e-005, 0.657195568, 0.753720098, -1.83204529e-006, -3.83745214e-005, 3.58907913e-005, 0.999999999, 0.753720087, -0.657195579, 4.55411309e-005, 0.657195579, 0.753720088, -1.39271852e-006, -3.34099767e-005, 3.09791498e-005, 0.999999999, 0.117769409, -0.138559619, -0.126618652, 0, 0, 0, 0, 0, 0, 0, 0.17042832, -0.096775, -0.113344727, 0, 0, 0, 0, 0, 0, 0, 1, 1, 1, 
90.9672522, 0.1, 0.1, 0.112077753, 0.186559403, -0.0199672085, 0.753720147, -0.657195509, -4.69892638e-005, 0.65719551, 0.753720148, 1.72472428e-006, 3.42832738e-005, -3.21810926e-005, 0.999999999, 0.753720138, -0.657195521, -4.09470796e-005, 0.657195521, 0.753720138, 1.32574051e-006, 2.99913678e-005, -2.79094746e-005, 0.999999999, 0.117769409, -0.138559619, -0.126618652, 0, 0, 0, 0, 0, 0, 0, 0.170793262, -0.0986654297, -0.112153076, 0, 0, 0, 0, 0, 0, 0, 1, 1, 1, 
90.9679585, 0.1, 0.1, 0.112077749, 0.1865594, -0.0199681949, 0.7537202, -0.657195449, 4.9929349e-005, 0.65719545, 0.753720201, -2.12571372e-006, -3.62357496e-005, 3.44155344e-005, 0.999999999, 0.75372019, -0.657195461, 4.39661407e-005, 0.657195462, 0.75372019, -1.60749289e-006, -3.20817309e-005, 3.0105948e-005, 0.999999999, 0.117769409, -0.138559619, -0.126618652, 0, 0, 0, 0, 0, 0, 0, 0.170793262, -0.0986654297, -0.112153076, 0, 0, 0, 0, 0, 0, 0, 1, 1, 1, 
90.9686687, 0.1, 0.1, 0.112077749, 0.186559398, -0.0199693775, 0.753720257, -0.657195384, -4.43681154e-005, 0.657195385, 0.753720257, 6.86140019e-007, 3.29902193e-005, -2.96756783e-005, 0.999999999, 0.753720246, -0.657195397, -3.84131653e-005, 0.657195397, 0.753720247, 3.82627083e-007, 2.87013196e-005, -2.55333492e-005, 0.999999999, 0.117769409, -0.138559619, -0.126618652, 0, 0, 0, 0, 0, 0, 0, 0.170793262, -0.0986654297, -0.112153076, 0, 0, 0, 0, 0, 0, 0, 1, 1, 1, 
90.9694012, 0.1, 0.1, 0.112077745, 0.186559396, -0.0199702204, 0.753720316, -0.657195316, 4.71382808e-005, 0.657195317, 0.753720317, -2.18221615e-006, -3.40949377e-005, 3.2623838e-005, 0.999999999, 0.753720304, -0.657195329, 4.16658563e-005, 0.65719533, 0.753720305, -1.96386923e-006, -3.01137563e-005, 2.88628143e-005, 0.999999999, 0.11827876, -0.140545117, -0.125190479, 0, 0, 0, 0, 0, 0, 0, 0.170793262, -0.0986654297, -0.112153076, 0, 0, 0, 0, 0, 0, 0, 1, 1, 1, 
90.9701119, 0.1, 0.1, 0.112077746, 0.186559394, -0.0199704859, 0.753720373, -0.65719525, -4.36072795e-005, 0.657195251, 0.753720374, 1.70696548e-006, 3.17458854e-005, -2.99450716e-005, 0.999999999, 0.753720362, -0.657195263, -3.79293468e-005, 0.657195264, 0.753720363, 1.20565134e-006, 2.77957727e-005, -2.5835711e-005, 0.999999999, 0.11827876, -0.140545117, -0.125190479, 0, 0, 0, 0, 0, 0, 0, 0.170793262, -0.0986654297, -0.112153076, 0, 0, 0, 0, 0, 0, 0, 1, 1, 1, 
90.9708243, 0.1, 0.1, 0.112077742, 0.186559392, -0.019970238, 0.753720433, -0.657195182, 4.42228378e-005, 0.657195183, 0.753720434, -1.16203229e-006, -3.25679745e-005, 2.99388835e-005, 0.999999999, 0.753720422, -0.657195195, 3.9358796e-005, 0.657195196, 0.753720422, -8.28980959e-007, -2.9120726e-005, 2.64912315e-005, 0.999999999, 0.11827876, -0.140545117, -0.125190479, 0, 0, 0, 0, 0, 0, 0, 0.170793262, -0.0986654297, -0.112153076, 0, 0, 0, 0, 0, 0, 0, 1, 1, 1, 
90.9715488, 0.1, 0.1, 0.112077744, 0.18655939, -0.0199695414, 0.753720495, -0.65719511, -4.97577169e-005, 0.657195111, 0.753720496, 1.63709709e-006, 3.64275188e-005, -3.39344419e-005, 0.999999999, 0.753720483, -0.657195124, -4.43856378e-005, 0.657195125, 0.753720484, 1.41582947e-006, 3.25238882e-005, -3.02371644e-005, 0.999999999, 0.118966675, -0.1429854, -0.12361438, 0, 0, 0, 0, 0, 0, 0, 0.170793262, -0.0986654297, -0.112153076, 0, 0, 0, 0, 0, 0, 0, 1, 1, 1, 
90.9722773, 0.1, 0.1, 0.112077741, 0.186559387, -0.0199684317, 0.753720557, -0.65719504, 4.53329416e-005, 0.65719504, 0.753720558, -1.07806433e-006, -3.34598715e-005, 3.06051436e-005, 0.999999999, 0.753720545, -0.657195053, 3.96683388e-005, 0.657195054, 0.753720546, -9.84628954e-007, -2.92517487e-005, 2.68119711e-005, 0.999999999, 0.118966675, -0.1429854, -0.12361438, 0, 0, 0, 0, 0, 0, 0, 0.171159668, -0.100732471, -0.111153174, 0, 0, 0, 0, 0, 0, 0, 1, 1, 1, 
90.9729819, 0.1, 0.1, 0.112077743, 0.186559385, -0.0199675483, 0.753720613, -0.657194975, -5.09201905e-005, 0.657194976, 0.753720614, 1.91426937e-006, 3.7121549e-005, -3.49073176e-005, 0.999999999, 0.753720603, -0.657194986, -4.53997492e-005, 0.657194987, 0.753720604, 2.04527723e-006, 3.28745804e-005, -3.13780551e-005, 0.999999999, 0.118966675, -0.1429854, -0.12361438, 0, 0, 0, 0, 0, 0, 0, 0.171159668, -0.100732471, -0.111153174, 0, 0, 0, 0, 0, 0, 0, 1, 1, 1, 
90.9736917, 0.1, 0.1, 0.112077739, 0.186559383, -0.0199671958, 0.753720665, -0.657194916, 4.92973665e-005, 0.657194916, 0.753720666, -2.69880315e-006, -3.53828042e-005, 3.44321224e-005, 0.999999999, 0.753720655, -0.657194927, 4.31871302e-005, 0.657194928, 0.753720656, -2.26498181e-006, -3.10624976e-005, 3.00895265e-005, 0.999999999, 0.118966675, -0.1429854, -0.12361438, 0, 0, 0, 0, 0, 0, 0, 0.171159668, -0.100732471, -0.111153174, 0, 0, 0, 0, 0, 0, 0, 1, 1, 1, 
90.974399, 0.1, 0.1, 0.11207774, 0.186559381, -0.0199674036, 0.753720719, -0.657194854, -4.89735826e-005, 0.657194854, 0.75372072, 1.04913217e-006, 3.62229197e-005, -3.29759392e-005, 0.999999999, 0.753720709, -0.657194866, -4.32149042e-005, 0.657194866, 0.753720709, 5.68131176e-007, 3.21985954e-005, -2.88288254e-005, 0.999999999, 0.118966675, -0.1429854, -0.12361438, 0, 0, 0, 0, 0, 0, 0, 0.171159668, -0.100732471, -0.111153174, 0, 0, 0, 0, 0, 0, 0, 1, 1, 1, 
90.9751055, 0.1, 0.1, 0.112077737, 0.186559379, -0.0199681179, 0.753720776, -0.657194788, 4.88073042e-005, 0.657194789, 0.753720777, -1.0241435e-006, -3.61140175e-005, 3.28478242e-005, 0.999999999, 0.753720766, -0.6571948, 4.2673095e-005, 0.657194801, 0.753720766, -9.97525758e-007, -3.15080291e-005, 2.87963921e-005, 0.999999999, 0.118966675, -0.1429854, -0.12361438, 0, 0, 0, 0, 0, 0, 0, 0.171159668, -0.100732471, -0.111153174, 0, 0, 0, 0, 0, 0, 0, 1, 1, 1, 
90.9758126, 0.1, 0.1, 0.112077738, 0.186559377, -0.0199690753, 0.75372083, -0.657194726, -4.48871472e-005, 0.657194727, 0.753720831, 1.7014226e-006, 3.27142119e-005, -3.07819941e-005, 0.999999999, 0.753720821, -0.657194738, -3.90237204e-005, 0.657194738, 0.753720821, 1.88810753e-006, 2.81721362e-005, -2.70692896e-005, 0.999999999, 0.118966675, -0.1429854, -0.12361438, 0, 0, 0, 0, 0, 0, 0, 0.171159668, -0.100732471, -0.111153174, 0, 0, 0, 0, 0, 0, 0, 1, 1, 1, 
90.9765341, 0.1, 0.1, 0.112077734, 0.186559375, -0.0199699277, 0.753720877, -0.657194673, 4.69295707e-005, 0.657194674, 0.753720877, -2.25005608e-006, -3.38930724e-005, 3.25377782e-005, 0.999999999, 0.753720868, -0.657194683, 4.09922069e-005, 0.657194684, 0.753720868, -2.17602647e-006, -2.94666087e-005, 2.8579977e-005, 0.999999999, 0.118966675, -0.1429854, -0.12361438, 0, 0, 0, 0, 0, 0, 0, 0.171159668, -0.100732471, -0.111153174, 0, 0, 0, 0, 0, 0, 0, 1, 1, 1, 
90.9772528, 0.1, 0.1, 0.112077735, 0.186559373, -0.019970216, 0.753720921, -0.657194622, -4.46681471e-005, 0.657194622, 0.753720922, 2.32720939e-006, 3.21378875e-005, -3.11097325e-005, 0.999999999, 0.753720913, -0.657194632, -3.9336743e-005, 0.657194632, 0.753720913, 1.71430065e-006, 2.85222966e-005, -2.71440006e-005, 0.999999999, 0.119745752, -0.144566772, -0.121985547, 0, 0, 0, 0, 0, 0, 0, 0.171695605, -0.102298242, -0.10998374, 0, 0, 0, 0, 0, 0, 0, 1, 1, 1, 
