time, realDorsalTactorPos, realVentralTactorPos, boxPosX, boxPosY, boxPosZ, boxLocalRot_11, boxLocalRot_12, boxLocalRot_13, boxLocalRot_21, boxLocalRot_22, boxLocalRot_23, boxLocalRot_31, boxLocalRot_32, boxLocalRot_33, boxGlobalRot_11, boxGlobalRot_12, boxGlobalRot_13], boxGlobalRot_21, boxGlobalRot_22, boxGlobalRot_23, boxGlobalRot_31, boxGlobalRot_32, boxGlobalRot_33, indexPosX, indexPosY, indexPosZ, indexContact, indexForceX, indexForceY, indexForceZ, indexForceGlobalX, indexForceGlobalY, indexForceGlobalZ, thumbPosX, thumbPosY, thumbPosZ, thumbContact, thumbForceX, thumbForceY, thumbForceZ, thumbForceGlobalX, thumbForceGlobalY, thumbForceGlobalZ, hoopSuccess, targetSuccess, trialSuccess, 
207.348852, 0.1, 0.1, 0.111561708, 0.157729977, -0.0199651066, 0.598540488, 3.16864805e-006, 0.801092557, 0.801092556, 8.64247681e-006, -0.598540488, -8.819988e-006, 1, 2.63449192e-006, 0.598540437, 1.610072e-005, 0.801092594, 0.801092594, 6.99329112e-006, -0.598540437, -1.52392057e-005, 1, -8.71240004e-006, 0.128802563, -0.0844859619, -0.165201562, 0, 0, 0, 0, 0, 0, 0, 0.196367529, -0.0297035645, -0.142555029, 0, 0, 0, 0, 0, 0, 0, 1, 1, 1, 
207.363826, 0.1, 0.1, 0.111561705, 0.157729888, -0.0199698759, 0.598582948, -3.86557126e-005, 0.801060829, 0.80106083, 8.49312375e-006, -0.598582948, 1.63351417e-005, 0.999999999, 3.60494163e-005, 0.598583094, -1.52385883e-005, 0.801060721, 0.801060721, 1.42964334e-005, -0.598583094, -2.3307499e-006, 1, 2.07646379e-005, 0.132694312, -0.0980682373, -0.159871826, 0, 0, 0, 0, 0, 0, 0, 0.199365039, -0.0422583984, -0.138380078, 0, 0, 0, 0, 0, 0, 0, 1, 1, 1, 
207.36453, 0.1, 0.1, 0.111561707, 0.157729884, -0.0199631935, 0.598582218, 3.93981963e-005, 0.801061375, 0.801061376, 1.8869641e-006, -0.598582219, -2.50946338e-005, 0.999999999, -3.04308702e-005, 0.598582357, 2.00078885e-005, 0.801061272, 0.801061272, 2.56454661e-006, -0.598582357, -1.4030728e-005, 1, -1.44924522e-005, 0.132694312, -0.0980682373, -0.159871826, 0, 0, 0, 0, 0, 0, 0, 0.199365039, -0.0422583984, -0.138380078, 0, 0, 0, 0, 0, 0, 0, 1, 1, 1, 
207.365235, 0.1, 0.1, 0.111561708, 0.15772988, -0.0199587618, 0.598581684, -5.49692824e-005, 0.801061773, 0.801061775, 1.35601599e-005, -0.598581685, 2.20410799e-005, 0.999999998, 5.21506543e-005, 0.598581749, -4.09537902e-005, 0.801061725, 0.801061726, 2.32084706e-007, -0.59858175, 2.43282773e-005, 0.999999999, 3.29454356e-005, 0.132694312, -0.0980682373, -0.159871826, 0, 0, 0, 0, 0, 0, 0, 0.199365039, -0.0422583984, -0.138380078, 0, 0, 0, 0, 0, 0, 0, 1, 1, 1, 
207.365943, 0.1, 0.1, 0.111561707, 0.157729871, -0.019957704, 0.598581675, 3.73156114e-005, 0.801061781, 0.801061782, -7.67762554e-006, -0.598581675, -1.61861888e-005, 0.999999999, -3.44877961e-005, 0.598581623, 2.95472231e-005, 0.80106182, 0.80106182, 1.72293028e-005, -0.598581623, -3.14881614e-005, 0.999999999, -1.33560083e-005, 0.132694312, -0.0980682373, -0.159871826, 0, 0, 0, 0, 0, 0, 0, 0.199365039, -0.0422583984, -0.138380078, 0, 0, 0, 0, 0, 0, 0, 1, 1, 1, 
207.366658, 0.1, 0.1, 0.111561707, 0.15772987, -0.0199601167, 0.59858224, -2.38287849e-005, 0.801061359, 0.801061359, 3.26319329e-005, -0.598582239, -1.18766931e-005, 0.999999999, 3.86212143e-005, 0.598582088, -2.42256377e-005, 0.801061473, 0.801061473, 2.31853308e-006, -0.598582089, 1.26437453e-005, 1, 2.07940574e-005, 0.132694312, -0.0980682373, -0.159871826, 0, 0, 0, 0, 0, 0, 0, 0.199365039, -0.0422583984, -0.138380078, 0, 0, 0, 0, 0, 0, 0, 1, 1, 1, 
207.367369, 0.1, 0.1, 0.111561707, 0.157729864, -0.0199650385, 0.598583032, 1.54584121e-005, 0.801060768, 0.801060767, -4.04086756e-005, -0.598583031, 2.31166615e-005, 0.999999999, -3.65710751e-005, 0.598582874, 6.8076055e-006, 0.801060886, 0.801060886, -1.94616828e-005, -0.598582874, 1.15150768e-005, 1, -1.71027365e-005, 0.132694312, -0.0980682373, -0.159871826, 0, 0, 0, 0, 0, 0, 0, 0.199365039, -0.0422583984, -0.138380078, 0, 0, 0, 0, 0, 0, 0, 1, 1, 1, 
207.368073, 0.1, 0.1, 0.111561704, 0.157729863, -0.019970788, 0.598583625, -4.22544862e-006, 0.801060324, 0.801060324, 1.86240154e-005, -0.598583625, -1.23896754e-005, 1, 1.45328699e-005, 0.59858354, 7.74216782e-006, 0.801060388, 0.801060388, 1.08085842e-005, -0.59858354, -1.32926629e-005, 1, 2.67896659e-007, 0.132694312, -0.0980682373, -0.159871826, 0, 0, 0, 0, 0, 0, 0, 0.199365039, -0.0422583984, -0.138380078, 0, 0, 0, 0, 0, 0, 0, 1, 1, 1, 
207.368805, 0.1, 0.1, 0.111561705, 0.157729862, -0.0199756128, 0.598583835, 1.37793515e-005, 0.801060168, 0.801060168, -2.98763725e-005, -0.598583835, 1.56846749e-005, 0.999999999, -2.89216033e-005, 0.598583828, 3.66939006e-008, 0.801060173, 0.801060173, -3.03079528e-005, -0.598583828, 2.42565296e-005, 1, -1.81712444e-005, 0.133386719, -0.100372803, -0.159117139, 0, 0, 0, 0, 0, 0, 0, 0.199550537, -0.0443941895, -0.137632227, 0, 0, 0, 0, 0, 0, 0, 1, 1, 1, 
207.369519, 0.1, 0.1, 0.111561703, 0.157729859, -0.0199779388, 0.598583685, -2.1503038e-005, 0.80106028, 0.80106028, 2.1104865e-006, -0.598583685, 1.11807408e-005, 1, 1.84885324e-005, 0.598583742, -4.48841226e-006, 0.801060238, 0.801060238, 5.5861326e-006, -0.598583742, -1.78813811e-006, 1, 6.93925674e-006, 0.133386719, -0.100372803, -0.159117139, 0, 0, 0, 0, 0, 0, 0, 0.199550537, -0.0443941895, -0.137632227, 0, 0, 0, 0, 0, 0, 0, 1, 1, 1, 
207.370225, 0.1, 0.1, 0.111561704, 0.157729855, -0.0199774359, 0.598583399, 2.39715795e-005, 0.801060494, 0.801060494, 3.64396279e-007, -0.598583399, -1.4640893e-005, 1, -1.89845637e-005, 0.598583453, 1.19569392e-005, 0.801060453, 0.801060453, 2.66804945e-007, -0.598583453, -7.37095286e-006, 1, -9.41852612e-006, 0.133386719, -0.100372803, -0.159117139, 0, 0, 0, 0, 0, 0, 0, 0.199550537, -0.0443941895, -0.137632227, 0, 0, 0, 0, 0, 0, 0, 1, 1, 1, 
207.37093, 0.1, 0.1, 0.111561704, 0.157729851, -0.0199745232, 0.598583208, -3.1928066e-005, 0.801060636, 0.801060637, 9.93443554e-006, -0.598583208, 1.11535189e-005, 0.999999999, 3.15229031e-005, 0.598583222, -2.38042055e-005, 0.801060626, 0.801060626, 1.297147e-006, -0.598583222, 1.32097046e-005, 1, 1.98450622e-005, 0.133386719, -0.100372803, -0.159117139, 0, 0, 0, 0, 0, 0, 0, 0.199550537, -0.0443941895, -0.137632227, 0, 0, 0, 0, 0, 0, 0, 1, 1, 1, 
207.371651, 0.1, 0.1, 0.111561702, 0.157729844, -0.0199699968, 0.598583339, 2.99391156e-005, 0.801060538, 0.801060539, -6.56919274e-006, -0.598583339, -1.26587347e-005, 1, -2.79152534e-005, 0.598583277, 2.55922284e-005, 0.801060585, 0.801060585, 1.11097098e-005, -0.598583277, -2.42186306e-005, 1, -1.3850839e-005, 0.133386719, -0.100372803, -0.159117139, 0, 0, 0, 0, 0, 0, 0, 0.199931689, -0.0463570313, -0.137094678, 0, 0, 0, 0, 0, 0, 0, 1, 1, 1, 
207.372353, 0.1, 0.1, 0.111561703, 0.157729842, -0.019965678, 0.59858386, -1.94690085e-005, 0.801060149, 0.801060149, 3.51561816e-005, -0.598583859, -1.65083818e-005, 0.999999999, 3.66397697e-005, 0.59858372, -2.03160205e-005, 0.801060254, 0.801060254, 8.53430869e-006, -0.59858372, 5.32434365e-006, 1, 2.13828548e-005, 0.133386719, -0.100372803, -0.159117139, 0, 0, 0, 0, 0, 0, 0, 0.199931689, -0.0463570313, -0.137094678, 0, 0, 0, 0, 0, 0, 0, 1, 1, 1, 
207.373055, 0.1, 0.1, 0.111561702, 0.157729837, -0.0199627338, 0.598584575, 1.79984747e-005, 0.801059615, 0.801059615, -4.25574077e-005, -0.598584574, 2.33174114e-005, 0.999999999, -3.9892059e-005, 0.598584437, 1.04828316e-005, 0.801059718, 0.801059718, -2.2393696e-005, -0.598584436, 1.1663828e-005, 1, -2.18018921e-005, 0.133386719, -0.100372803, -0.159117139, 0, 0, 0, 0, 0, 0, 0, 0.199931689, -0.0463570313, -0.137094678, 0, 0, 0, 0, 0, 0, 0, 1, 1, 1, 
207.373775, 0.1, 0.1, 0.111561699, 0.157729833, -0.0199617476, 0.598585112, -1.53167032e-005, 0.801059213, 0.801059213, 3.74331528e-005, -0.598585111, -2.08178215e-005, 0.999999999, 3.46765142e-005, 0.598585048, 1.0688623e-006, 0.801059262, 0.801059261, 2.83612909e-005, -0.598585048, -2.33588798e-005, 1, 1.61204226e-005, 0.134238037, -0.101808203, -0.158310937, 0, 0, 0, 0, 0, 0, 0, 0.199931689, -0.0463570313, -0.137094678, 0, 0, 0, 0, 0, 0, 0, 1, 1, 1, 
207.374479, 0.1, 0.1, 0.111561702, 0.157729832, -0.0199630354, 0.598585138, 1.80585317e-005, 0.801059194, 0.801059194, -3.54268621e-005, -0.598585137, 1.75694449e-005, 0.999999999, -3.56719459e-005, 0.598585179, -3.48632682e-006, 0.801059163, 0.801059163, -3.49250695e-005, -0.598585179, 3.00639105e-005, 0.999999999, -1.8112875e-005, 0.134238037, -0.101808203, -0.158310937, 0, 0, 0, 0, 0, 0, 0, 0.199931689, -0.0463570313, -0.137094678, 0, 0, 0, 0, 0, 0, 0, 1, 1, 1, 
207.375185, 0.1, 0.1, 0.111561699, 0.157729829, -0.0199660793, 0.598584679, -3.3007482e-005, 0.801059536, 0.801059537, 5.70446383e-006, -0.598584679, 1.51881579e-005, 0.999999999, 2.98555629e-005, 0.598584806, -7.37415123e-006, 0.801059442, 0.801059442, 1.28678619e-005, -0.598584806, -5.89386739e-006, 1, 1.36096401e-005, 0.134238037, -0.101808203, -0.158310937, 0, 0, 0, 0, 0, 0, 0, 0.199931689, -0.0463570313, -0.137094678, 0, 0, 0, 0, 0, 0, 0, 1, 1, 1, 
207.375917, 0.1, 0.1, 0.1115617, 0.157729826, -0.0199698841, 0.598584002, 3.4755711e-005, 0.801060043, 0.801060043, -5.50642889e-006, -0.598584002, -1.63932324e-005, 0.999999999, -3.11374716e-005, 0.598584138, 1.58505069e-005, 0.801059941, 0.801059941, -4.38303733e-006, -0.598584138, -5.9767864e-006, 1, -1.53208228e-005, 0.134977808, -0.103618677, -0.157693433, 0, 0, 0, 0, 0, 0, 0, 0.199931689, -0.0463570313, -0.137094678, 0, 0, 0, 0, 0, 0, 0, 1, 1, 1, 
207.376624, 0.1, 0.1, 0.111561699, 0.157729824, -0.0199728983, 0.598583506, -2.65418365e-005, 0.801060413, 0.801060414, 1.20234845e-006, -0.598583506, 1.49243518e-005, 1, 2.19813205e-005, 0.598583574, -1.64880984e-005, 0.801060363, 0.801060363, -8.11983433e-006, -0.598583574, 1.63739823e-005, 1, 8.34756262e-006, 0.134977808, -0.103618677, -0.157693433, 0, 0, 0, 0, 0, 0, 0, 0.200365576, -0.0482214844, -0.13633584, 0, 0, 0, 0, 0, 0, 0, 1, 1, 1, 
207.377337, 0.1, 0.1, 0.111561697, 0.157729818, -0.0199746005, 0.598583379, 2.48640408e-005, 0.801060508, 0.801060508, -5.2573287e-006, -0.59858338, -1.06717632e-005, 1, -2.30645508e-005, 0.598583371, 2.07049579e-005, 0.801060514, 0.801060514, 9.21426567e-006, -0.598583371, -1.97748279e-005, 1, -1.1070418e-005, 0.134977808, -0.103618677, -0.157693433, 0, 0, 0, 0, 0, 0, 0, 0.200365576, -0.0482214844, -0.13633584, 0, 0, 0, 0, 0, 0, 0, 1, 1, 1, 
207.378042, 0.1, 0.1, 0.111561697, 0.157729816, -0.0199745098, 0.598583602, -1.43578366e-005, 0.801060342, 0.801060342, 2.61547862e-005, -0.598583601, -1.23571964e-005, 1, 2.71573197e-005, 0.598583529, -1.44872144e-005, 0.801060396, 0.801060396, 6.06115471e-006, -0.598583529, 3.81645691e-006, 1, 1.52332411e-005, 0.134977808, -0.103618677, -0.157693433, 0, 0, 0, 0, 0, 0, 0, 0.200365576, -0.0482214844, -0.13633584, 0, 0, 0, 0, 0, 0, 0, 1, 1, 1, 
207.378752, 0.1, 0.1, 0.111561697, 0.157729811, -0.0199728017, 0.598583992, 1.1323551e-005, 0.80106005, 0.80106005, -2.69696917e-005, -0.598583992, 1.48262462e-005, 1, -2.521447e-005, 0.598583916, 6.07531756e-006, 0.801060107, 0.801060107, -1.27956128e-005, -0.598583916, 6.61346762e-006, 1, -1.25259426e-005, 0.134977808, -0.103618677, -0.157693433, 0, 0, 0, 0, 0, 0, 0, 0.200365576, -0.0482214844, -0.13633584, 0, 0, 0, 0, 0, 0, 0, 1, 1, 1, 
207.379457, 0.1, 0.1, 0.111561696, 0.157729806, -0.0199701642, 0.598584253, -1.4779629e-005, 0.801059856, 0.801059856, 3.34698879e-005, -0.598584252, -1.79645304e-005, 0.999999999, 3.18739153e-005, 0.59858423, -2.26658742e-006, 0.801059873, 0.801059873, 2.71384556e-005, -0.598584229, -2.03827843e-005, 1, 1.80603238e-005, 0.134977808, -0.103618677, -0.157693433, 0, 0, 0, 0, 0, 0, 0, 0.200365576, -0.0482214844, -0.13633584, 0, 0, 0, 0, 0, 0, 0, 1, 1, 1, 
207.380158, 0.1, 0.1, 0.111561697, 0.157729805, -0.0199674758, 0.598584138, 1.87725198e-005, 0.801059941, 0.801059942, -2.80999462e-005, -0.598584137, 1.12728087e-005, 0.999999999, -3.18580956e-005, 0.5985842, -4.29709713e-007, 0.801059895, 0.801059895, -2.81720429e-005, -0.598584199, 2.28247112e-005, 1, -1.65191165e-005, 0.134977808, -0.103618677, -0.157693433, 0, 0, 0, 0, 0, 0, 0, 0.200365576, -0.0482214844, -0.13633584, 0, 0, 0, 0, 0, 0, 0, 1, 1, 1, 
207.380891, 0.1, 0.1, 0.111561695, 0.1577298, -0.0199651958, 0.598583577, -3.93525847e-005, 0.801060359, 0.80106036, 9.65475801e-006, -0.598583578, 1.5821767e-005, 0.999999999, 3.73029753e-005, 0.598583721, -1.34475223e-005, 0.801060253, 0.801060253, 1.82537961e-005, -0.598583721, -6.57292256e-006, 1, 2.16987008e-005, 0.135549146, -0.105646899, -0.157121216, 0, 0, 0, 0, 0, 0, 0, 0.200592334, -0.0505055664, -0.13558335, 0, 0, 0, 0, 0, 0, 0, 1, 1, 1, 
207.381601, 0.1, 0.1, 0.111561697, 0.157729798, -0.0199641615, 0.598582827, 4.11913838e-005, 0.80106092, 0.801060921, -6.18379582e-006, -0.598582827, -1.97028578e-005, 0.999999999, -3.66983218e-005, 0.598582972, 2.03711339e-005, 0.801060813, 0.801060813, -4.3521939e-006, -0.598582972, -8.70744188e-006, 1, -1.89236662e-005, 0.135549146, -0.105646899, -0.157121216, 0, 0, 0, 0, 0, 0, 0, 0.200592334, -0.0505055664, -0.13558335, 0, 0, 0, 0, 0, 0, 0, 1, 1, 1, 
207.382308, 0.1, 0.1, 0.111561695, 0.157729797, -0.0199646874, 0.598582275, -3.73291566e-005, 0.801061333, 0.801061333, 6.9962284e-007, -0.598582275, 2.17841307e-005, 0.999999999, 3.03217258e-005, 0.598582347, -2.47330603e-005, 0.80106128, 0.80106128, -1.11559141e-005, -0.598582347, 2.37413441e-005, 1, 1.31349637e-005, 0.135549146, -0.105646899, -0.157121216, 0, 0, 0, 0, 0, 0, 0, 0.200592334, -0.0505055664, -0.13558335, 0, 0, 0, 0, 0, 0, 0, 1, 1, 1, 
207.383015, 0.1, 0.1, 0.111561694, 0.157729791, -0.0199664865, 0.598582188, 3.40715141e-005, 0.801061398, 0.801061398, -9.1583418e-006, -0.598582188, -1.30582074e-005, 0.999999999, -3.2775395e-005, 0.598582162, 2.8182428e-005, 0.801061417, 0.801061417, 9.35065391e-006, -0.598582163, -2.43599468e-005, 1, -1.69787211e-005, 0.135549146, -0.105646899, -0.157121216, 0, 0, 0, 0, 0, 0, 0, 0.200592334, -0.0505055664, -0.13558335, 0, 0, 0, 0, 0, 0, 0, 1, 1, 1, 
207.383722, 0.1, 0.1, 0.111561693, 0.15772979, -0.0199689837, 0.59858255, -1.49519377e-005, 0.801061128, 0.801061128, 2.56656136e-005, -0.59858255, -1.16097564e-005, 1, 2.73404045e-005, 0.598582445, -1.47249863e-005, 0.801061207, 0.801061207, 1.24342481e-006, -0.598582445, 7.81805891e-006, 1, 1.25399076e-005, 0.135549146, -0.105646899, -0.157121216, 0, 0, 0, 0, 0, 0, 0, 0.200592334, -0.0505055664, -0.13558335, 0, 0, 0, 0, 0, 0, 0, 1, 1, 1, 
207.384436, 0.1, 0.1, 0.111561693, 0.157729785, -0.0199713458, 0.598583105, 1.25563784e-005, 0.801060713, 0.801060713, -2.98730785e-005, -0.598583104, 1.64141136e-005, 0.999999999, -2.79399415e-005, 0.598582999, 6.91857702e-006, 0.801060793, 0.801060793, -1.45239061e-005, -0.598582998, 7.49318914e-006, 1, -1.4235964e-005, 0.135549146, -0.105646899, -0.157121216, 0, 0, 0, 0, 0, 0, 0, 0.200592334, -0.0505055664, -0.13558335, 0, 0, 0, 0, 0, 0, 0, 1, 1, 1, 
207.385145, 0.1, 0.1, 0.111561691, 0.157729782, -0.0199728201, 0.598583511, -1.10335383e-005, 0.80106041, 0.80106041, 2.74887527e-005, -0.59858351, -1.54156574e-005, 1, 2.52928448e-005, 0.59858346, 6.36978058e-007, 0.801060448, 0.801060448, 2.06703719e-005, -0.598583459, -1.69395019e-005, 1, 1.18626848e-005, 0.135549146, -0.105646899, -0.157121216, 0, 0, 0, 0, 0, 0, 0, 0.200592334, -0.0505055664, -0.13558335, 0, 0, 0, 0, 0, 0, 0, 1, 1, 1, 
207.385881, 0.1, 0.1, 0.111561694, 0.157729781, -0.0199727546, 0.598583553, 1.19534255e-005, 0.801060378, 0.801060378, -2.44151712e-005, -0.598583553, 1.24029024e-005, 1, -2.41899355e-005, 0.59858358, -3.67145849e-006, 0.801060359, 0.801060358, -2.49049405e-005, -0.598583579, 2.21480353e-005, 1, -1.19666286e-005, 0.136085938, -0.10767854, -0.156298657, 0, 0, 0, 0, 0, 0, 0, 0.201014502, -0.0523849121, -0.134819385, 0, 0, 0, 0, 0, 0, 0, 1, 1, 1, 
207.386589, 0.1, 0.1, 0.111561692, 0.157729777, -0.0199715925, 0.598583221, -3.3287534e-005, 0.801060626, 0.801060627, 7.77783739e-006, -0.598583221, 1.369484e-005, 0.999999999, 3.13210158e-005, 0.598583318, -1.20667292e-005, 0.801060554, 0.801060554, 1.42917418e-005, -0.598583318, -4.22560776e-006, 1, 1.8220979e-005, 0.136085938, -0.10767854, -0.156298657, 0, 0, 0, 0, 0, 0, 0, 0.201014502, -0.0523849121, -0.134819385, 0, 0, 0, 0, 0, 0, 0, 1, 1, 1, 
207.387295, 0.1, 0.1, 0.111561694, 0.157729774, -0.0199697856, 0.598582715, 3.36785053e-005, 0.801061004, 0.801061004, -3.49033655e-006, -0.598582715, -1.73633987e-005, 0.999999999, -2.90677924e-005, 0.598582814, 1.63053089e-005, 0.801060931, 0.801060931, -2.00697844e-006, -0.598582814, -8.15236565e-006, 1, -1.42628887e-005, 0.136085938, -0.10767854, -0.156298657, 0, 0, 0, 0, 0, 0, 0, 0.201014502, -0.0523849121, -0.134819385, 0, 0, 0, 0, 0, 0, 0, 1, 1, 1, 
207.388026, 0.1, 0.1, 0.111561693, 0.157729772, -0.0199677674, 0.59858236, -3.83966642e-005, 0.801061269, 0.80106127, 5.18793138e-006, -0.598582361, 1.8827715e-005, 0.999999999, 3.38634848e-005, 0.598582398, -2.73041649e-005, 0.801061241, 0.801061241, -6.55694243e-006, -0.598582398, 2.1596305e-005, 1, 1.79474379e-005, 0.136676318, -0.109938184, -0.155360034, 0, 0, 0, 0, 0, 0, 0, 0.201014502, -0.0523849121, -0.134819385, 0, 0, 0, 0, 0, 0, 0, 1, 1, 1, 
207.388738, 0.1, 0.1, 0.111561692, 0.157729766, -0.0199660753, 0.598582437, 3.67631624e-005, 0.801061212, 0.801061213, -9.65148083e-006, -0.598582437, -1.42743564e-005, 0.999999999, -3.52267504e-005, 0.598582379, 3.06971323e-005, 0.801061255, 0.801061255, 9.82340682e-006, -0.598582379, -2.62439131e-005, 0.999999999, -1.87101651e-005, 0.136676318, -0.109938184, -0.155360034, 0, 0, 0, 0, 0, 0, 0, 0.20152627, -0.0544774902, -0.133907129, 0, 0, 0, 0, 0, 0, 0, 1, 1, 1, 
207.389446, 0.1, 0.1, 0.111561691, 0.157729766, -0.0199654288, 0.598582959, -1.4244854e-005, 0.801060822, 0.801060822, 3.13997746e-005, -0.598582959, -1.66264024e-005, 0.999999999, 3.02063645e-005, 0.598582818, -1.47095109e-005, 0.801060927, 0.801060927, 4.05071523e-006, -0.598582818, 5.55999081e-006, 1, 1.4207903e-005, 0.136676318, -0.109938184, -0.155360034, 0, 0, 0, 0, 0, 0, 0, 0.20152627, -0.0544774902, -0.133907129, 0, 0, 0, 0, 0, 0, 0, 1, 1, 1, 
207.39015, 0.1, 0.1, 0.11156169, 0.157729761, -0.0199659215, 0.59858367, 1.69158617e-005, 0.801060291, 0.801060291, -3.65829031e-005, -0.59858367, 1.91795525e-005, 0.999999999, -3.54485535e-005, 0.598583534, 1.09234044e-005, 0.801060393, 0.801060393, -1.80487393e-005, -0.598583534, 7.91956025e-006, 1, -1.95539848e-005, 0.136676318, -0.109938184, -0.155360034, 0, 0, 0, 0, 0, 0, 0, 0.20152627, -0.0544774902, -0.133907129, 0, 0, 0, 0, 0, 0, 0, 1, 1, 1, 
207.390856, 0.1, 0.1, 0.111561688, 0.157729759, -0.019967354, 0.598584213, -1.4319324e-005, 0.801059885, 0.801059885, 3.04678549e-005, -0.598584213, -1.58352551e-005, 0.999999999, 2.9708213e-005, 0.598584142, 9.08242495e-008, 0.801059939, 0.801059938, 2.25081252e-005, -0.598584142, -1.80847234e-005, 1, 1.34002512e-005, 0.136676318, -0.109938184, -0.155360034, 0, 0, 0, 0, 0, 0, 0, 0.20152627, -0.0544774902, -0.133907129, 0, 0, 0, 0, 0, 0, 0, 1, 1, 1, 
207.391555, 0.1, 0.1, 0.111561691, 0.157729758, -0.0199693042, 0.598584318, 9.19571012e-006, 0.801059807, 0.801059807, -2.8694162e-005, -0.598584317, 1.7481332e-005, 1, -2.45421891e-005, 0.598584335, -7.95970259e-006, 0.801059794, 0.801059794, -2.84413298e-005, -0.598584335, 2.75477591e-005, 1, -1.06483368e-005, 0.136676318, -0.109938184, -0.155360034, 0, 0, 0, 0, 0, 0, 0, 0.20152627, -0.0544774902, -0.133907129, 0, 0, 0, 0, 0, 0, 0, 1, 1, 1, 
207.392256, 0.1, 0.1, 0.11156169, 0.157729755, -0.0199711982, 0.598584019, -3.53712713e-005, 0.80106003, 0.80106003, 4.90199257e-006, -0.598584019, 1.72458874e-005, 0.999999999, 3.12687661e-005, 0.59858411, -1.37236065e-005, 0.801059962, 0.801059962, 1.11465365e-005, -0.59858411, -7.14311317e-007, 1, 1.76655714e-005, 0.136676318, -0.109938184, -0.155360034, 0, 0, 0, 0, 0, 0, 0, 0.20152627, -0.0544774902, -0.133907129, 0, 0, 0, 0, 0, 0, 0, 1, 1, 1, 
207.39298, 0.1, 0.1, 0.111561692, 0.157729753, -0.0199723108, 0.598583526, 2.76632855e-005, 0.801060398, 0.801060399, -5.46494857e-006, -0.598583526, -1.21810331e-005, 1, -2.54311907e-005, 0.598583618, 1.19902547e-005, 0.80106033, 0.80106033, -4.41823997e-006, -0.598583618, -3.63789326e-006, 1, -1.22496034e-005, 0.137634082, -0.111808472, -0.154010327, 0, 0, 0, 0, 0, 0, 0, 0.202038525, -0.0564085938, -0.132798486, 0, 0, 0, 0, 0, 0, 0, 1, 1, 1, 
207.393685, 0.1, 0.1, 0.111561692, 0.157729752, -0.019972284, 0.598583179, -3.12800636e-005, 0.801060657, 0.801060658, 1.06272025e-006, -0.598583179, 1.78724165e-005, 1, 2.56933548e-005, 0.598583219, -2.24578689e-005, 0.801060628, 0.801060628, -8.30301499e-006, -0.598583219, 2.00941219e-005, 1, 1.30200692e-005, 0.137634082, -0.111808472, -0.154010327, 0, 0, 0, 0, 0, 0, 0, 0.202038525, -0.0564085938, -0.132798486, 0, 0, 0, 0, 0, 0, 0, 1, 1, 1, 
207.39439, 0.1, 0.1, 0.11156169, 0.157729747, -0.0199713679, 0.598583192, 3.01881748e-005, 0.801060648, 0.801060648, -9.25977327e-006, -0.598583192, -1.06524941e-005, 1, -2.97253035e-005, 0.598583154, 2.5230602e-005, 0.801060677, 0.801060677, 6.62173586e-006, -0.598583154, -2.04070255e-005, 1, -1.62475836e-005, 0.137634082, -0.111808472, -0.154010327, 0, 0, 0, 0, 0, 0, 0, 0.202038525, -0.0564085938, -0.132798486, 0, 0, 0, 0, 0, 0, 0, 1, 1, 1, 
207.395092, 0.1, 0.1, 0.11156169, 0.157729746, -0.0199699126, 0.598583578, -1.32198921e-005, 0.80106036, 0.80106036, 2.82253305e-005, -0.598583577, -1.46969831e-005, 1, 2.74851509e-005, 0.598583471, -1.38199952e-005, 0.801060439, 0.801060439, 4.83281027e-006, -0.598583471, 4.40104761e-006, 1, 1.39634918e-005, 0.137634082, -0.111808472, -0.154010327, 0, 0, 0, 0, 0, 0, 0, 0.202038525, -0.0564085938, -0.132798486, 0, 0, 0, 0, 0, 0, 0, 1, 1, 1, 
207.395794, 0.1, 0.1, 0.111561689, 0.157729742, -0.0199684079, 0.598584141, 1.76173209e-005, 0.801059939, 0.801059939, -3.28153747e-005, -0.59858414, 1.57416331e-005, 0.999999999, -3.37552929e-005, 0.598584031, 1.14091295e-005, 0.801060021, 0.801060021, -1.62978324e-005, -0.598584031, 6.22621921e-006, 1, -1.88950197e-005, 0.137634082, -0.111808472, -0.154010327, 0, 0, 0, 0, 0, 0, 0, 0.202038525, -0.0564085938, -0.132798486, 0, 0, 0, 0, 0, 0, 0, 1, 1, 1, 
207.396499, 0.1, 0.1, 0.111561686, 0.157729739, -0.019967285, 0.598584549, -1.15347529e-005, 0.801059634, 0.801059634, 3.50192038e-005, -0.598584548, -2.11479458e-005, 0.999999999, 3.02019793e-005, 0.598584502, 2.38872272e-006, 0.80105967, 0.801059669, 2.76447782e-005, -0.598584502, -2.35749693e-005, 1, 1.46342263e-005, 0.137634082, -0.111808472, -0.154010327, 0, 0, 0, 0, 0, 0, 0, 0.202038525, -0.0564085938, -0.132798486, 0, 0, 0, 0, 0, 0, 0, 1, 1, 1, 
207.397201, 0.1, 0.1, 0.111561688, 0.157729738, -0.0199668563, 0.598584531, 1.89599888e-005, 0.801059647, 0.801059647, -2.9124791e-005, -0.598584531, 1.19815388e-005, 0.999999999, -3.26217313e-005, 0.598584576, -3.01066847e-007, 0.801059614, 0.801059614, -2.88470149e-005, -0.598584576, 2.32883926e-005, 1, -1.70262057e-005, 0.137634082, -0.111808472, -0.154010327, 0, 0, 0, 0, 0, 0, 0, 0.202038525, -0.0564085938, -0.132798486, 0, 0, 0, 0, 0, 0, 0, 1, 1, 1, 
207.397927, 0.1, 0.1, 0.111561686, 0.157729734, -0.0199669586, 0.598584065, -3.44228401e-005, 0.801059996, 0.801059996, 8.74883101e-006, -0.598584065, 1.3596625e-005, 0.999999999, 3.2811671e-005, 0.598584189, -9.59726751e-006, 0.801059903, 0.801059903, 1.64809903e-005, -0.598584189, -7.45748793e-006, 1, 1.75532464e-005, 0.138443677, -0.1143104, -0.152464355, 0, 0, 0, 0, 0, 0, 0, 0.202760352, -0.0587576172, -0.13165957, 0, 0, 0, 0, 0, 0, 0, 1, 1, 1, 
207.398635, 0.1, 0.1, 0.111561687, 0.157729732, -0.0199676487, 0.59858341, 3.51931875e-005, 0.801060484, 0.801060485, -5.07638294e-006, -0.59858341, -1.69995684e-005, 0.999999999, -3.12305105e-005, 0.598583536, 1.67957544e-005, 0.801060391, 0.801060391, -3.51373701e-006, -0.598583536, -7.2389465e-006, 1, -1.55576787e-005, 0.138443677, -0.1143104, -0.152464355, 0, 0, 0, 0, 0, 0, 0, 0.202760352, -0.0587576172, -0.13165957, 0, 0, 0, 0, 0, 0, 0, 1, 1, 1, 
207.399354, 0.1, 0.1, 0.111561687, 0.157729732, -0.0199687703, 0.598582925, -3.4734483e-005, 0.801060847, 0.801060848, 2.12462586e-006, -0.598582925, 1.90895139e-005, 0.999999999, 2.90961992e-005, 0.598582994, -2.25703292e-005, 0.801060796, 0.801060796, -9.59231085e-006, -0.598582994, 2.11942394e-005, 1, 1.23384118e-005, 0.138443677, -0.1143104, -0.152464355, 0, 0, 0, 0, 0, 0, 0, 0.202760352, -0.0587576172, -0.13165957, 0, 0, 0, 0, 0, 0, 0, 1, 1, 1, 
207.400065, 0.1, 0.1, 0.111561686, 0.157729726, -0.0199696883, 0.598582859, 2.99652216e-005, 0.801060896, 0.801060897, -7.58863591e-006, -0.598582859, -1.18577086e-005, 1, -2.85463947e-005, 0.598582833, 2.46081233e-005, 0.801060916, 0.801060916, 9.36947579e-006, -0.598582833, -2.22355211e-005, 1, -1.41041985e-005, 0.138443677, -0.1143104, -0.152464355, 0, 0, 0, 0, 0, 0, 0, 0.202760352, -0.0587576172, -0.13165957, 0, 0, 0, 0, 0, 0, 0, 1, 1, 1, 
207.400784, 0.1, 0.1, 0.111561685, 0.157729726, -0.0199702634, 0.598583213, -1.51712149e-005, 0.801060632, 0.801060632, 2.55596622e-005, -0.598583213, -1.13936046e-005, 1, 2.74526477e-005, 0.598583112, -1.55231942e-005, 0.801060708, 0.801060708, 2.19809404e-006, -0.598583112, 7.53111513e-006, 1, 1.37507629e-005, 0.138443677, -0.1143104, -0.152464355, 0, 0, 0, 0, 0, 0, 0, 0.20298418, -0.0610900391, -0.130685547, 0, 0, 0, 0, 0, 0, 0, 1, 1, 1, 
207.401486, 0.1, 0.1, 0.111561685, 0.157729722, -0.0199705041, 0.598583741, 1.39373876e-005, 0.801060238, 0.801060238, -3.168322e-005, -0.598583741, 1.70374741e-005, 0.999999999, -3.01297473e-005, 0.59858364, 8.06384554e-006, 0.801060314, 0.801060314, -1.62460582e-005, -0.598583639, 8.18718648e-006, 1, -1.61842513e-005, 0.138443677, -0.1143104, -0.152464355, 0, 0, 0, 0, 0, 0, 0, 0.20298418, -0.0610900391, -0.130685547, 0, 0, 0, 0, 0, 0, 0, 1, 1, 1, 
207.40219, 0.1, 0.1, 0.111561683, 0.15772972, -0.0199703889, 0.598584123, -1.14036336e-005, 0.801059953, 0.801059953, 2.98237692e-005, -0.598584122, -1.70645932e-005, 0.999999999, 2.69870289e-005, 0.598584077, 1.25826359e-006, 0.801059987, 0.801059987, 2.25435372e-005, -0.598584077, -1.88119021e-005, 1, 1.24862578e-005, 0.138443677, -0.1143104, -0.152464355, 0, 0, 0, 0, 0, 0, 0, 0.20298418, -0.0610900391, -0.130685547, 0, 0, 0, 0, 0, 0, 0, 1, 1, 1, 
207.402908, 0.1, 0.1, 0.111561685, 0.157729719, -0.0199697835, 0.598584121, 1.58797126e-005, 0.801059954, 0.801059954, -2.74693475e-005, -0.59858412, 1.24992505e-005, 0.999999999, -2.9163317e-005, 0.598584158, -1.43885863e-006, 0.801059927, 0.801059926, -2.79124528e-005, -0.598584158, 2.32208254e-005, 1, -1.55553401e-005, 0.139178687, -0.116593848, -0.15146189, 0, 0, 0, 0, 0, 0, 0, 0.20298418, -0.0610900391, -0.130685547, 0, 0, 0, 0, 0, 0, 0, 1, 1, 1, 
207.403609, 0.1, 0.1, 0.111561683, 0.157729716, -0.0199690904, 0.598583721, -3.27485553e-005, 0.801060253, 0.801060253, 8.29841726e-006, -0.598583721, 1.29552199e-005, 0.999999999, 3.12008635e-005, 0.598583831, -9.98457695e-006, 0.801060171, 0.801060171, 1.50483605e-005, -0.598583831, -6.07803589e-006, 1, 1.70059522e-005, 0.139178687, -0.116593848, -0.15146189, 0, 0, 0, 0, 0, 0, 0, 0.20298418, -0.0610900391, -0.130685547, 0, 0, 0, 0, 0, 0, 0, 1, 1, 1, 
207.404314, 0.1, 0.1, 0.111561684, 0.157729714, -0.0199685105, 0.598583137, 3.53557909e-005, 0.801060688, 0.801060689, -3.30992143e-006, -0.598583138, -1.85119323e-005, 0.999999999, -3.03033973e-005, 0.59858325, 1.74910314e-005, 0.801060605, 0.801060605, -1.84792702e-006, -0.59858325, -8.98953691e-006, 1, -1.51175144e-005, 0.139178687, -0.116593848, -0.15146189, 0, 0, 0, 0, 0, 0, 0, 0.20298418, -0.0610900391, -0.130685547, 0, 0, 0, 0, 0, 0, 0, 1, 1, 1, 
207.405041, 0.1, 0.1, 0.111561684, 0.157729713, -0.0199680672, 0.598582706, -3.73838463e-005, 0.80106101, 0.801061011, 3.64515391e-006, -0.598582707, 1.94573332e-005, 0.999999999, 3.21286678e-005, 0.598582759, -2.61027962e-005, 0.801060971, 0.801060971, -7.79369864e-006, -0.59858276, 2.18679116e-005, 1, 1.62447576e-005, 0.140141699, -0.119114819, -0.150503491, 0, 0, 0, 0, 0, 0, 0, 0.20298418, -0.0610900391, -0.130685547, 0, 0, 0, 0, 0, 0, 0, 1, 1, 1, 
207.405742, 0.1, 0.1, 0.111561683, 0.157729708, -0.0199678694, 0.598582703, 3.21392334e-005, 0.801061013, 0.801061013, -8.41457652e-006, -0.598582703, -1.24974e-005, 0.999999999, -3.07823068e-005, 0.598582664, 2.63303245e-005, 0.801061043, 0.801061043, 9.61664561e-006, -0.598582664, -2.34643959e-005, 1, -1.53358399e-005, 0.140141699, -0.119114819, -0.150503491, 0, 0, 0, 0, 0, 0, 0, 0.20362959, -0.0634058594, -0.12967002, 0, 0, 0, 0, 0, 0, 0, 1, 1, 1, 
207.406443, 0.1, 0.1, 0.111561683, 0.157729707, -0.0199681659, 0.598583118, -1.44729453e-005, 0.801060703, 0.801060703, 2.86597882e-005, -0.598583118, -1.42949694e-005, 0.999999999, 2.87489731e-005, 0.598583003, -1.49110296e-005, 0.801060789, 0.801060789, 3.95175107e-006, -0.598583003, 5.75989607e-006, 1, 1.43100922e-005, 0.140141699, -0.119114819, -0.150503491, 0, 0, 0, 0, 0, 0, 0, 0.20362959, -0.0634058594, -0.12967002, 0, 0, 0, 0, 0, 0, 0, 1, 1, 1, 
207.407146, 0.1, 0.1, 0.111561682, 0.157729704, -0.0199687818, 0.59858372, 1.66756176e-005, 0.801060254, 0.801060254, -3.22873573e-005, -0.598583719, 1.58823654e-005, 0.999999999, -3.26848609e-005, 0.598583604, 1.0378051e-005, 0.801060341, 0.801060341, -1.55901447e-005, -0.598583603, 6.2765155e-006, 1, -1.76454501e-005, 0.140141699, -0.119114819, -0.150503491, 0, 0, 0, 0, 0, 0, 0, 0.20362959, -0.0634058594, -0.12967002, 0, 0, 0, 0, 0, 0, 0, 1, 1, 1, 
207.407855, 0.1, 0.1, 0.111561679, 0.157729701, -0.0199694802, 0.598584166, -9.42150937e-006, 0.80105992, 0.80105992, 3.06425774e-005, -0.598584165, -1.89069743e-005, 0.999999999, 2.58893552e-005, 0.59858411, 3.69576271e-006, 0.801059962, 0.801059962, 2.31630126e-005, -0.59858411, -2.07671868e-005, 1, 1.09044837e-005, 0.140141699, -0.119114819, -0.150503491, 0, 0, 0, 0, 0, 0, 0, 0.20362959, -0.0634058594, -0.12967002, 0, 0, 0, 0, 0, 0, 0, 1, 1, 1, 
207.408564, 0.1, 0.1, 0.111561681, 0.157729701, -0.0199700269, 0.598584207, 1.68940805e-005, 0.80105989, 0.80105989, -2.67074436e-005, -0.598584206, 1.12817321e-005, 1, -2.95198242e-005, 0.598584236, -1.32973024e-007, 0.801059868, 0.801059868, -2.67459989e-005, -0.598584235, 2.15047419e-005, 1, -1.5903214e-005, 0.140141699, -0.119114819, -0.150503491, 0, 0, 0, 0, 0, 0, 0, 0.20362959, -0.0634058594, -0.12967002, 0, 0, 0, 0, 0, 0, 0, 1, 1, 1, 
207.409267, 0.1, 0.1, 0.111561679, 0.157729698, -0.0199703213, 0.598583851, -3.09810591e-005, 0.801060155, 0.801060155, 7.07072374e-006, -0.598583851, 1.28806866e-005, 0.999999999, 2.90501131e-005, 0.598583955, -8.30424835e-006, 0.801060078, 0.801060078, 1.37596304e-005, -0.598583955, -6.05150077e-006, 1, 1.48884958e-005, 0.140141699, -0.119114819, -0.150503491, 0, 0, 0, 0, 0, 0, 0, 0.20362959, -0.0634058594, -0.12967002, 0, 0, 0, 0, 0, 0, 0, 1, 1, 1, 
207.409992, 0.1, 0.1, 0.11156168, 0.157729696, -0.0199701461, 0.598583298, 3.60117484e-005, 0.801060568, 0.801060569, -3.54799911e-006, -0.598583299, -1.87138689e-005, 0.999999999, -3.09713646e-005, 0.598583402, 1.96295577e-005, 0.801060491, 0.801060491, -2.48492687e-006, -0.598583402, -9.75935066e-006, 1, -1.72118991e-005, 0.140668359, -0.120957886, -0.14930415, 0, 0, 0, 0, 0, 0, 0, 0.203815332, -0.0655067383, -0.128871143, 0, 0, 0, 0, 0, 0, 0, 1, 1, 1, 
207.410697, 0.1, 0.1, 0.111561679, 0.157729695, -0.0199695794, 0.598582908, -3.36641992e-005, 0.801060859, 0.80106086, 4.35343693e-006, -0.598582909, 1.66634464e-005, 0.999999999, 2.95729653e-005, 0.598582954, -2.27121074e-005, 0.801060826, 0.801060826, -6.05336811e-006, -0.598582955, 1.84441964e-005, 1, 1.45703366e-005, 0.140668359, -0.120957886, -0.14930415, 0, 0, 0, 0, 0, 0, 0, 0.203815332, -0.0655067383, -0.128871143, 0, 0, 0, 0, 0, 0, 0, 1, 1, 1, 
207.4114, 0.1, 0.1, 0.111561678, 0.15772969, -0.0199689759, 0.598582913, 2.8645963e-005, 0.801060857, 0.801060857, -7.04201383e-006, -0.598582913, -1.15059023e-005, 1, -2.71623888e-005, 0.598582874, 2.39017245e-005, 0.801060886, 0.801060886, 1.03636865e-005, -0.598582874, -2.26091068e-005, 1, -1.29432113e-005, 0.140668359, -0.120957886, -0.14930415, 0, 0, 0, 0, 0, 0, 0, 0.203815332, -0.0655067383, -0.128871143, 0, 0, 0, 0, 0, 0, 0, 1, 1, 1, 
207.412102, 0.1, 0.1, 0.111561679, 0.15772969, -0.0199685368, 0.598583321, -1.97166849e-005, 0.801060552, 0.801060552, 3.03448018e-005, -0.59858332, -1.2505945e-005, 0.999999999, 3.39581507e-005, 0.598583206, -1.98644525e-005, 0.801060638, 0.801060638, 5.74979204e-006, -0.598583206, 7.28459561e-006, 1, 1.935436e-005, 0.140668359, -0.120957886, -0.14930415, 0, 0, 0, 0, 0, 0, 0, 0.203815332, -0.0655067383, -0.128871143, 0, 0, 0, 0, 0, 0, 0, 1, 1, 1, 
207.412802, 0.1, 0.1, 0.111561679, 0.157729686, -0.0199683772, 0.598583914, 1.20485847e-005, 0.801060109, 0.801060109, -3.1635455e-005, -0.598583914, 1.8129812e-005, 0.999999999, -2.8588115e-005, 0.5985838, 5.2592775e-006, 0.801060194, 0.801060194, -1.4840089e-005, -0.5985838, 8.7396863e-006, 1, -1.30960347e-005, 0.140668359, -0.120957886, -0.14930415, 0, 0, 0, 0, 0, 0, 0, 0.203815332, -0.0655067383, -0.128871143, 0, 0, 0, 0, 0, 0, 0, 1, 1, 1, 
207.413506, 0.1, 0.1, 0.111561677, 0.157729683, -0.0199685214, 0.598584343, -1.18630794e-005, 0.801059788, 0.801059788, 3.20089445e-005, -0.598584343, -1.85400247e-005, 0.999999999, 2.86630889e-005, 0.598584291, 7.7654113e-007, 0.801059827, 0.801059827, 2.49679105e-005, -0.598584291, -2.04656154e-005, 1, 1.43233431e-005, 0.140668359, -0.120957886, -0.14930415, 0, 0, 0, 0, 0, 0, 0, 0.203815332, -0.0655067383, -0.128871143, 0, 0, 0, 0, 0, 0, 0, 1, 1, 1, 
207.414205, 0.1, 0.1, 0.111561679, 0.157729683, -0.0199689292, 0.598584369, 1.83812553e-005, 0.801059769, 0.801059769, -2.88519344e-005, -0.598584368, 1.21093918e-005, 0.999999999, -3.19948011e-005, 0.598584402, 1.47108268e-007, 0.801059744, 0.801059744, -2.84385622e-005, -0.598584402, 2.26929307e-005, 1, -1.71407223e-005, 0.140668359, -0.120957886, -0.14930415, 0, 0, 0, 0, 0, 0, 0, 0.203815332, -0.0655067383, -0.128871143, 0, 0, 0, 0, 0, 0, 0, 1, 1, 1, 
207.414946, 0.1, 0.1, 0.111561676, 0.15772968, -0.0199690547, 0.59858395, -2.78014887e-005, 0.801060081, 0.801060082, 7.35011991e-006, -0.59858395, 1.07536373e-005, 1, 2.66703266e-005, 0.598584064, -4.43440732e-006, 0.801059997, 0.801059997, 1.47624098e-005, -0.598584064, -9.17121037e-006, 1, 1.23887695e-005, 0.141217236, -0.122747241, -0.148418359, 0, 0, 0, 0, 0, 0, 0, 0.203684814, -0.0673428711, -0.128170752, 0, 0, 0, 0, 0, 0, 0, 1, 1, 1, 
207.415649, 0.1, 0.1, 0.111561677, 0.157729679, -0.0199691709, 0.598583363, 3.77388758e-005, 0.80106052, 0.80106052, -5.06964588e-006, -0.598583363, -1.85287701e-005, 0.999999999, -3.32657292e-005, 0.598583476, 2.06045519e-005, 0.801060436, 0.801060436, -3.7579291e-006, -0.598583476, -9.32321596e-006, 1, -1.87549256e-005, 0.141217236, -0.122747241, -0.148418359, 0, 0, 0, 0, 0, 0, 0, 0.203684814, -0.0673428711, -0.128170752, 0, 0, 0, 0, 0, 0, 0, 1, 1, 1, 
207.41635, 0.1, 0.1, 0.111561675, 0.157729679, -0.0199693534, 0.598582935, -3.17699175e-005, 0.80106084, 0.801060841, 2.06237764e-006, -0.598582935, 1.73648405e-005, 0.999999999, 2.66841409e-005, 0.598582987, -2.07121169e-005, 0.801060801, 0.801060801, -8.23418485e-006, -0.598582988, 1.89940035e-005, 1, 1.1662822e-005, 0.141217236, -0.122747241, -0.148418359, 0, 0, 0, 0, 0, 0, 0, 0.203684814, -0.0673428711, -0.128170752, 0, 0, 0, 0, 0, 0, 0, 1, 1, 1, 
207.417075, 0.1, 0.1, 0.111561674, 0.157729674, -0.0199694629, 0.598582911, 3.10588615e-005, 0.801060858, 0.801060858, -1.0768391e-005, -0.598582911, -9.96516717e-006, 0.999999999, -3.13258131e-005, 0.598582874, 2.61659341e-005, 0.801060885, 0.801060886, 7.3966833e-006, -0.598582874, -2.15876737e-005, 1, -1.65329784e-005, 0.141339282, -0.124775464, -0.147387207, 0, 0, 0, 0, 0, 0, 0, 0.203684814, -0.0673428711, -0.128170752, 0, 0, 0, 0, 0, 0, 0, 1, 1, 1, 
207.417778, 0.1, 0.1, 0.111561674, 0.157729674, -0.0199693153, 0.598583295, -1.7833621e-005, 0.801060571, 0.801060571, 2.71130714e-005, -0.598583295, -1.10443048e-005, 0.999999999, 3.05152423e-005, 0.598583186, -1.76521812e-005, 0.801060653, 0.801060653, 2.86145992e-006, -0.598583186, 8.2740959e-006, 1, 1.58532896e-005, 0.141339282, -0.124775464, -0.147387207, 0, 0, 0, 0, 0, 0, 0, 0.203599219, -0.0694537598, -0.127311816, 0, 0, 0, 0, 0, 0, 0, 1, 1, 1, 
207.418479, 0.1, 0.1, 0.111561674, 0.157729671, -0.0199692031, 0.59858386, 1.12851924e-005, 0.801060149, 0.801060149, -3.15838061e-005, -0.59858386, 1.85453944e-005, 0.999999999, -2.79456745e-005, 0.598583752, 5.07055353e-006, 0.80106023, 0.80106023, -1.57096236e-005, -0.598583752, 9.54920375e-006, 1, -1.34653442e-005, 0.141339282, -0.124775464, -0.147387207, 0, 0, 0, 0, 0, 0, 0, 0.203599219, -0.0694537598, -0.127311816, 0, 0, 0, 0, 0, 0, 0, 1, 1, 1, 
207.419181, 0.1, 0.1, 0.111561673, 0.157729669, -0.0199691439, 0.598584269, -1.34551735e-005, 0.801059844, 0.801059843, 3.25141024e-005, -0.598584268, -1.79916866e-005, 0.999999999, 3.02408294e-005, 0.598584219, -7.96333696e-007, 0.801059881, 0.80105988, 2.52818322e-005, -0.598584219, -1.97755887e-005, 1, 1.57712167e-005, 0.141339282, -0.124775464, -0.147387207, 0, 0, 0, 0, 0, 0, 0, 0.203599219, -0.0694537598, -0.127311816, 0, 0, 0, 0, 0, 0, 0, 1, 1, 1, 
207.419889, 0.1, 0.1, 0.111561675, 0.157729668, -0.0199690737, 0.598584283, 1.57480429e-005, 0.801059833, 0.801059833, -2.67603802e-005, -0.598584282, 1.20101348e-005, 1, -2.86334677e-005, 0.598584318, -2.25347252e-006, 0.801059807, 0.801059806, -2.67110117e-005, -0.598584318, 2.27460111e-005, 1, -1.41836264e-005, 0.141339282, -0.124775464, -0.147387207, 0, 0, 0, 0, 0, 0, 0, 0.203599219, -0.0694537598, -0.127311816, 0, 0, 0, 0, 0, 0, 0, 1, 1, 1, 
207.420592, 0.1, 0.1, 0.111561673, 0.157729666, -0.0199691192, 0.598583889, -3.10596632e-005, 0.801060127, 0.801060127, 7.71705144e-006, -0.59858389, 1.24099918e-005, 0.999999999, 2.94999604e-005, 0.598583999, -8.30381624e-006, 0.801060045, 0.801060045, 1.47601822e-005, -0.598583999, -6.85326068e-006, 1, 1.54870643e-005, 0.141339282, -0.124775464, -0.147387207, 0, 0, 0, 0, 0, 0, 0, 0.203599219, -0.0694537598, -0.127311816, 0, 0, 0, 0, 0, 0, 0, 1, 1, 1, 
207.421293, 0.1, 0.1, 0.111561674, 0.157729664, -0.0199692626, 0.598583317, 3.57889237e-005, 0.801060554, 0.801060555, -3.98363117e-006, -0.598583317, -1.82315229e-005, 0.999999999, -3.10536303e-005, 0.598583429, 1.80157075e-005, 0.801060471, 0.801060471, -2.71770541e-006, -0.598583429, -8.60685762e-006, 1, -1.60584446e-005, 0.141339282, -0.124775464, -0.147387207, 0, 0, 0, 0, 0, 0, 0, 0.203599219, -0.0694537598, -0.127311816, 0, 0, 0, 0, 0, 0, 0, 1, 1, 1, 
207.422021, 0.1, 0.1, 0.111561674, 0.157729664, -0.0199692499, 0.598582888, -3.52903025e-005, 0.801060875, 0.801060875, 3.7113652e-006, -0.598582888, 1.81511417e-005, 0.999999999, 3.04912403e-005, 0.598582937, -2.52129423e-005, 0.801060838, 0.801060839, -6.74497301e-006, -0.598582937, 2.04951708e-005, 1, 1.61596749e-005, 0.14162915, -0.126612427, -0.146598462, 0, 0, 0, 0, 0, 0, 0, 0.203763965, -0.0711550293, -0.12648999, 0, 0, 0, 0, 0, 0, 0, 1, 1, 1, 
207.422728, 0.1, 0.1, 0.111561673, 0.157729659, -0.0199690616, 0.598582881, 3.20636721e-005, 0.80106088, 0.801060881, -7.27546444e-006, -0.598582881, -1.33646753e-005, 0.999999999, -3.00399219e-005, 0.598582843, 2.65231127e-005, 0.801060909, 0.801060909, 1.00093559e-005, -0.598582843, -2.3894384e-005, 1, -1.52552e-005, 0.14162915, -0.126612427, -0.146598462, 0, 0, 0, 0, 0, 0, 0, 0.203763965, -0.0711550293, -0.12648999, 0, 0, 0, 0, 0, 0, 0, 1, 1, 1, 
207.423433, 0.1, 0.1, 0.111561672, 0.157729659, -0.0199689484, 0.598583281, -1.34784436e-005, 0.801060581, 0.801060581, 2.97550057e-005, -0.598583281, -1.57675911e-005, 0.999999999, 2.86078988e-005, 0.598583169, -1.3920069e-005, 0.801060665, 0.801060665, 5.3704174e-006, -0.598583169, 4.03028888e-006, 1, 1.43654612e-005, 0.14162915, -0.126612427, -0.146598462, 0, 0, 0, 0, 0, 0, 0, 0.203763965, -0.0711550293, -0.12648999, 0, 0, 0, 0, 0, 0, 0, 1, 1, 1, 
