time, realDorsalTactorPos, realVentralTactorPos, boxPosX, boxPosY, boxPosZ, boxLocalRot_11, boxLocalRot_12, boxLocalRot_13, boxLocalRot_21, boxLocalRot_22, boxLocalRot_23, boxLocalRot_31, boxLocalRot_32, boxLocalRot_33, boxGlobalRot_11, boxGlobalRot_12, boxGlobalRot_13], boxGlobalRot_21, boxGlobalRot_22, boxGlobalRot_23, boxGlobalRot_31, boxGlobalRot_32, boxGlobalRot_33, indexPosX, indexPosY, indexPosZ, indexContact, indexForceX, indexForceY, indexForceZ, indexForceGlobalX, indexForceGlobalY, indexForceGlobalZ, thumbPosX, thumbPosY, thumbPosZ, thumbContact, thumbForceX, thumbForceY, thumbForceZ, thumbForceGlobalX, thumbForceGlobalY, thumbForceGlobalZ, hoopSuccess, targetSuccess, trialSuccess, 
75.1025782, 0.1, 0.1, 0.114790025, 0.184378954, -0.0199411797, 0.772084831, 0.635519482, 4.07608116e-005, 0.635519484, -0.77208483, -4.36872297e-005, 3.70671868e-006, 5.96345373e-005, -0.999999998, 0.772084866, 0.63551944, 4.04216476e-005, 0.635519441, -0.772084864, -4.07997413e-005, 5.27991353e-006, 5.71896057e-005, -0.999999998, 0.135830127, 0.02144375, -0.124465063, 0, 0, 0, 0, 0, 0, 0, 0.16164707, 0.0468179687, -0.11745127, 0, 0, 0, 0, 0, 0, 0, 1, 1, 1, 
75.1189457, 0.1, 0.1, 0.114789928, 0.184378865, -0.0199578336, 0.772075824, 0.635530424, 5.88110709e-005, 0.635530426, -0.772075822, -5.15840055e-005, 1.26234011e-005, 7.72029884e-005, -0.999999997, 0.772075928, 0.635530296, 6.01641172e-005, 0.635530299, -0.772075928, -3.56448575e-005, 2.37978798e-005, 6.57566558e-005, -0.999999998, 0.139591577, 0.00805727539, -0.123472778, 0, 0, 0, 0, 0, 0, 0, 0.163191455, 0.0328610352, -0.116177051, 0, 0, 0, 0, 0, 0, 0, 1, 1, 1, 
75.1197508, 0.1, 0.1, 0.114789925, 0.184378861, -0.0199560175, 0.772075591, 0.635530708, -3.66015241e-005, 0.635530709, -0.772075588, 6.49108067e-005, 1.29936677e-005, -7.3377442e-005, -0.999999997, 0.772075619, 0.635530674, -2.19659008e-005, 0.635530674, -0.772075619, 3.71231589e-005, 6.63356969e-006, -4.26218897e-005, -0.999999999, 0.139591577, 0.00805727539, -0.123472778, 0, 0, 0, 0, 0, 0, 0, 0.163191455, 0.0328610352, -0.116177051, 0, 0, 0, 0, 0, 0, 0, 1, 1, 1, 
75.1206048, 0.1, 0.1, 0.114789914, 0.184378866, -0.019957245, 0.772075158, 0.635531234, 2.57797879e-005, 0.635531235, -0.772075158, -1.7855953e-005, 8.55591794e-006, 3.01699982e-005, -1, 0.772075286, 0.635531078, -2.93454711e-005, 0.635531079, -0.772075286, 8.0999987e-006, -1.75091121e-005, -2.49037677e-005, -1, 0.140417407, 0.00537971191, -0.123176294, 0, 0, 0, 0, 0, 0, 0, 0.163191455, 0.0328610352, -0.116177051, 0, 0, 0, 0, 0, 0, 0, 1, 1, 1, 
75.1214105, 0.1, 0.1, 0.11478992, 0.184378853, -0.0199605969, 0.772074844, 0.635531616, 1.2002514e-005, 0.635531616, -0.772074844, -2.2639884e-005, -5.12152297e-006, 2.5107662e-005, -1, 0.772074871, 0.635531582, 2.57689683e-005, 0.635531583, -0.77207487, -5.31625955e-005, -1.38909356e-005, 5.74224973e-005, -0.999999998, 0.140417407, 0.00537971191, -0.123176294, 0, 0, 0, 0, 0, 0, 0, 0.163221094, 0.0298890137, -0.115780615, 0, 0, 0, 0, 0, 0, 0, 1, 1, 1, 
75.1222183, 0.1, 0.1, 0.114789913, 0.184378861, -0.0199649797, 0.772074676, 0.635531818, -4.86789279e-005, 0.635531819, -0.772074676, 2.5458116e-005, -2.14043248e-005, -5.05925743e-005, -0.999999998, 0.772074727, 0.635531758, -3.75246633e-005, 0.635531759, -0.772074725, 5.29692849e-005, 4.69181865e-006, -6.47443614e-005, -0.999999998, 0.140417407, 0.00537971191, -0.123176294, 0, 0, 0, 0, 0, 0, 0, 0.163221094, 0.0298890137, -0.115780615, 0, 0, 0, 0, 0, 0, 0, 1, 1, 1, 
75.1230719, 0.1, 0.1, 0.114789913, 0.184378851, -0.0199690316, 0.772073971, 0.635532674, 5.69526499e-005, 0.635532676, -0.772073971, -2.1166526e-005, 3.05196397e-005, 5.25373938e-005, -0.999999998, 0.772074166, 0.635532439, 3.19147032e-005, 0.63553244, -0.772074165, -4.39716941e-005, -3.30492025e-006, 5.42322382e-005, -0.999999999, 0.140774292, 0.0029246582, -0.12288103, 0, 0, 0, 0, 0, 0, 0, 0.163221094, 0.0298890137, -0.115780615, 0, 0, 0, 0, 0, 0, 0, 1, 1, 1, 
75.1238701, 0.1, 0.1, 0.114789916, 0.184378856, -0.0199708328, 0.772072843, 0.635534047, -2.38973239e-005, 0.635534047, -0.772072842, 3.65775559e-005, 4.7958073e-006, -4.34281006e-005, -0.999999999, 0.772073106, 0.635533727, 2.16905579e-006, 0.635533727, -0.772073105, 4.73967757e-005, 3.17969192e-005, -3.52152677e-005, -0.999999999, 0.140774292, 0.0029246582, -0.12288103, 0, 0, 0, 0, 0, 0, 0, 0.163408545, 0.0272816895, -0.11557959, 0, 0, 0, 0, 0, 0, 0, 1, 1, 1, 
75.1246816, 0.1, 0.1, 0.114789905, 0.184378845, -0.0199704876, 0.772071253, 0.635535978, -7.0685671e-006, 0.635535976, -0.772071252, -7.38151052e-005, -5.23695926e-005, 5.24981921e-005, -0.999999997, 0.772071592, 0.635535566, -3.02171874e-005, 0.635535563, -0.772071592, -6.64354357e-005, -6.55519141e-005, 3.20888154e-005, -0.999999997, 0.140774292, 0.0029246582, -0.12288103, 0, 0, 0, 0, 0, 0, 0, 0.163408545, 0.0272816895, -0.11557959, 0, 0, 0, 0, 0, 0, 0, 1, 1, 1, 
75.1254875, 0.1, 0.1, 0.114789909, 0.18437884, -0.0199684127, 0.772069317, 0.63553833, 3.66287094e-006, 0.635538329, -0.772069317, 3.95159502e-005, 2.79418913e-005, -2.81811578e-005, -0.999999999, 0.77206974, 0.635537816, 3.08545155e-005, 0.635537815, -0.772069741, 1.28422682e-005, 3.19835848e-005, 9.69408472e-006, -0.999999999, 0.140774292, 0.0029246582, -0.12288103, 0, 0, 0, 0, 0, 0, 0, 0.163408545, 0.0272816895, -0.11557959, 0, 0, 0, 0, 0, 0, 0, 1, 1, 1, 
75.1262953, 0.1, 0.1, 0.114789898, 0.184378843, -0.0199652322, 0.77206708, 0.635541047, -1.6510166e-005, 0.635541048, -0.772067081, -1.27571047e-006, -1.3557722e-005, -9.50795412e-006, -1, 0.772067549, 0.635540477, -4.61931606e-005, 0.635540478, -0.772067549, 1.49640336e-005, -2.61539912e-005, -4.09108681e-005, -0.999999999, 0.140774292, 0.0029246582, -0.12288103, 0, 0, 0, 0, 0, 0, 0, 0.163408545, 0.0272816895, -0.11557959, 0, 0, 0, 0, 0, 0, 0, 1, 1, 1, 
75.1271211, 0.1, 0.1, 0.114789906, 0.184378832, -0.0199619356, 0.772064968, 0.635543613, 1.21846788e-005, 0.635543613, -0.772064967, -4.86922588e-005, -2.15386905e-005, 4.53374821e-005, -0.999999999, 0.772065355, 0.635543142, 4.70620709e-005, 0.635543143, -0.772065354, -4.66880917e-005, 6.66269793e-006, 6.59562346e-005, -0.999999998, 0.140774292, 0.0029246582, -0.12288103, 0, 0, 0, 0, 0, 0, 0, 0.163408545, 0.0272816895, -0.11557959, 0, 0, 0, 0, 0, 0, 0, 1, 1, 1, 
75.1279534, 0.1, 0.1, 0.114789896, 0.184378838, -0.0199597373, 0.772063656, 0.635545207, -1.75488934e-005, 0.635545207, -0.772063653, 7.53129625e-005, 3.43159296e-005, -6.92995163e-005, -0.999999997, 0.77206387, 0.635544947, -3.31803344e-005, 0.635544947, -0.772063867, 6.92510378e-005, 1.83948098e-005, -7.45538181e-005, -0.999999997, 0.141124341, 0.000474365234, -0.122569409, 0, 0, 0, 0, 0, 0, 0, 0.163408545, 0.0272816895, -0.11557959, 0, 0, 0, 0, 0, 0, 0, 1, 1, 1, 
75.1287512, 0.1, 0.1, 0.114789897, 0.184378832, -0.0199591638, 0.772062918, 0.635546104, 3.04722127e-005, 0.635546104, -0.772062914, -7.46628855e-005, -2.39252406e-005, 7.70109413e-005, -0.999999997, 0.772063066, 0.635545924, 2.15284382e-005, 0.635545924, -0.772063064, -6.42466005e-005, -2.42103532e-005, 6.32847385e-005, -0.999999998, 0.141124341, 0.000474365234, -0.122569409, 0, 0, 0, 0, 0, 0, 0, 0.163663867, 0.0247126953, -0.115198779, 0, 0, 0, 0, 0, 0, 0, 1, 1, 1, 
75.1295772, 0.1, 0.1, 0.1147899, 0.18437883, -0.0199605997, 0.772061954, 0.635547275, -2.9643359e-005, 0.635547275, -0.772061952, 5.07805135e-005, 9.38690732e-006, -5.80454585e-005, -0.999999998, 0.772062198, 0.635546978, 2.76831552e-006, 0.635546978, -0.772062198, 3.89875284e-005, 2.69157176e-005, -2.83414023e-005, -0.999999999, 0.141124341, 0.000474365234, -0.122569409, 0, 0, 0, 0, 0, 0, 0, 0.163663867, 0.0247126953, -0.115198779, 0, 0, 0, 0, 0, 0, 0, 1, 1, 1, 
75.1303798, 0.1, 0.1, 0.114789889, 0.184378831, -0.0199633018, 0.772060582, 0.635548942, 2.0276903e-005, 0.635548942, -0.772060582, -1.91465763e-005, 3.4864112e-006, 2.76692811e-005, -1, 0.772060884, 0.635548575, -2.93113409e-005, 0.635548575, -0.772060884, -1.05458961e-006, -2.33003827e-005, -1.78145736e-005, -1, 0.141124341, 0.000474365234, -0.122569409, 0, 0, 0, 0, 0, 0, 0, 0.163663867, 0.0247126953, -0.115198779, 0, 0, 0, 0, 0, 0, 0, 1, 1, 1, 
75.1311753, 0.1, 0.1, 0.114789895, 0.184378819, -0.0199662665, 0.772059416, 0.635550359, -5.49195348e-006, 0.635550358, -0.772059415, -4.08103629e-005, -3.01771552e-005, 2.8017612e-005, -0.999999999, 0.772059594, 0.635550142, 1.82744313e-005, 0.635550142, -0.772059592, -5.41403279e-005, -2.02999431e-005, 5.3413877e-005, -0.999999998, 0.141124341, 0.000474365234, -0.122569409, 0, 0, 0, 0, 0, 0, 0, 0.163663867, 0.0247126953, -0.115198779, 0, 0, 0, 0, 0, 0, 0, 1, 1, 1, 
75.1319863, 0.1, 0.1, 0.114789889, 0.184378824, -0.0199686918, 0.772058859, 0.635551035, -1.11618632e-006, 0.635551034, -0.772058859, 4.15035319e-005, 2.55158511e-005, -3.27525629e-005, -0.999999999, 0.772058932, 0.635550946, -1.05756884e-005, 0.635550946, -0.772058931, 5.11824627e-005, 2.43640079e-005, -4.62372663e-005, -0.999999999, 0.141124341, 0.000474365234, -0.122569409, 0, 0, 0, 0, 0, 0, 0, 0.163663867, 0.0247126953, -0.115198779, 0, 0, 0, 0, 0, 0, 0, 1, 1, 1, 
75.1328256, 0.1, 0.1, 0.114789892, 0.184378815, -0.0199694727, 0.772058549, 0.63555141, 3.38769672e-005, 0.635551411, -0.772058548, -4.19247479e-005, -4.90330564e-007, 5.38989144e-005, -0.999999999, 0.772058626, 0.635551317, 2.63394879e-005, 0.635551318, -0.772058624, -5.37979179e-005, -1.38557088e-005, 5.82752428e-005, -0.999999998, 0.141933203, -0.00242729492, -0.121938257, 0, 0, 0, 0, 0, 0, 0, 0.163663867, 0.0247126953, -0.115198779, 0, 0, 0, 0, 0, 0, 0, 1, 1, 1, 
75.1336251, 0.1, 0.1, 0.114789891, 0.184378818, -0.0199682923, 0.772057977, 0.635552106, -4.35601276e-005, 0.635552107, -0.772057976, 4.04476902e-005, -7.92432926e-006, -5.89126928e-005, -0.999999998, 0.772058123, 0.635551929, -2.04625009e-005, 0.635551929, -0.772058122, 4.7707599e-005, 1.45224165e-005, -4.98380212e-005, -0.999999999, 0.141933203, -0.00242729492, -0.121938257, 0, 0, 0, 0, 0, 0, 0, 0.163994629, 0.0217641113, -0.114655518, 0, 0, 0, 0, 0, 0, 0, 1, 1, 1, 
75.1344445, 0.1, 0.1, 0.114789888, 0.184378817, -0.0199660703, 0.772057075, 0.6355532, 5.16190052e-005, 0.635553202, -0.772057075, -2.52830254e-005, 2.37841105e-005, 5.23265626e-005, -0.999999998, 0.772057251, 0.635552987, 2.81504663e-005, 0.635552988, -0.772057251, -1.2747271e-005, 1.36322055e-005, 2.77327359e-005, -1, 0.141933203, -0.00242729492, -0.121938257, 0, 0, 0, 0, 0, 0, 0, 0.163994629, 0.0217641113, -0.114655518, 0, 0, 0, 0, 0, 0, 0, 1, 1, 1, 
75.135261, 0.1, 0.1, 0.114789889, 0.184378809, -0.0199635539, 0.772056449, 0.635553961, -4.35190408e-005, 0.635553962, -0.772056449, 1.21392608e-005, -2.58840008e-005, -3.70308934e-005, -0.999999999, 0.772056527, 0.635553868, -1.58252006e-005, 0.635553867, -0.772056527, -2.56437012e-005, -2.85159029e-005, 9.74061944e-006, -1, 0.141933203, -0.00242729492, -0.121938257, 0, 0, 0, 0, 0, 0, 0, 0.163994629, 0.0217641113, -0.114655518, 0, 0, 0, 0, 0, 0, 0, 1, 1, 1, 
75.1360878, 0.1, 0.1, 0.114789881, 0.18437882, -0.0199612158, 0.772056466, 0.635553942, 1.39912276e-006, 0.635553942, -0.772056466, 2.17914166e-005, 1.49298225e-005, -1.59349861e-005, -1, 0.772056432, 0.635553984, -9.060859e-006, 0.635553983, -0.77205643, 5.81009751e-005, 2.99308118e-005, -5.06158965e-005, -0.999999998, 0.142473291, -0.00487575684, -0.121528149, 0, 0, 0, 0, 0, 0, 0, 0.164506152, 0.0191836426, -0.11430083, 0, 0, 0, 0, 0, 0, 0, 1, 1, 1, 
75.1368989, 0.1, 0.1, 0.114789886, 0.184378806, -0.0199603689, 0.772056587, 0.635553793, 4.72268526e-005, 0.635553795, -0.772056587, -3.23009597e-005, 1.59328051e-005, 5.49533741e-005, -0.999999998, 0.772056581, 0.635553801, 3.76965129e-005, 0.635553802, -0.772056579, -6.38729615e-005, -1.14908627e-005, 7.32717024e-005, -0.999999997, 0.142473291, -0.00487575684, -0.121528149, 0, 0, 0, 0, 0, 0, 0, 0.164506152, 0.0191836426, -0.11430083, 0, 0, 0, 0, 0, 0, 0, 1, 1, 1, 
75.1377037, 0.1, 0.1, 0.11478988, 0.184378811, -0.0199610229, 0.772056183, 0.635554283, -6.44673922e-005, 0.635554285, -0.772056183, 2.2272463e-005, -3.56170895e-005, -5.81681201e-005, -0.999999998, 0.772056309, 0.63555413, -5.52584342e-005, 0.635554132, -0.772056309, 3.51629186e-005, -2.03146846e-005, -6.22674793e-005, -0.999999998, 0.142473291, -0.00487575684, -0.121528149, 0, 0, 0, 0, 0, 0, 0, 0.164506152, 0.0191836426, -0.11430083, 0, 0, 0, 0, 0, 0, 0, 1, 1, 1, 
75.1385196, 0.1, 0.1, 0.114789881, 0.184378803, -0.0199629071, 0.772055468, 0.635555151, 6.34913384e-005, 0.635555154, -0.772055467, -5.25175894e-005, 1.56410104e-005, 8.08987394e-005, -0.999999997, 0.772055595, 0.635554998, 5.58627801e-005, 0.635555, -0.772055594, -4.24468963e-005, 1.61518348e-005, 6.8275233e-005, -0.999999998, 0.142473291, -0.00487575684, -0.121528149, 0, 0, 0, 0, 0, 0, 0, 0.164506152, 0.0191836426, -0.11430083, 0, 0, 0, 0, 0, 0, 0, 1, 1, 1, 
75.1393204, 0.1, 0.1, 0.11478988, 0.184378794, -0.0199654257, 0.772055115, 0.635555583, -3.4425942e-005, 0.635555584, -0.772055114, 2.14718289e-005, -1.29321839e-005, -3.84570349e-005, -0.999999999, 0.772055127, 0.635555568, -2.89505159e-005, 0.635555568, -0.772055128, -1.03937534e-005, -2.89572021e-005, -1.0375111e-005, -1, 0.142473291, -0.00487575684, -0.121528149, 0, 0, 0, 0, 0, 0, 0, 0.164506152, 0.0191836426, -0.11430083, 0, 0, 0, 0, 0, 0, 0, 1, 1, 1, 
75.14012, 0.1, 0.1, 0.114789878, 0.1843788, -0.0199674984, 0.772055297, 0.635555362, 1.27300729e-005, 0.635555362, -0.772055297, -1.84995842e-005, -1.92918976e-006, 2.2373368e-005, -1, 0.772055241, 0.63555543, 6.94301513e-006, 0.635555429, -0.772055241, 2.31633698e-005, 2.00819967e-005, -1.34707301e-005, -1, 0.142473291, -0.00487575684, -0.121528149, 0, 0, 0, 0, 0, 0, 0, 0.164506152, 0.0191836426, -0.11430083, 0, 0, 0, 0, 0, 0, 0, 1, 1, 1, 
75.14097, 0.1, 0.1, 0.114789881, 0.184378789, -0.019968203, 0.77205543, 0.6355552, -6.10923031e-007, 0.6355552, -0.77205543, -1.40301843e-005, -9.38862301e-006, 1.04438046e-005, -1, 0.772055428, 0.635555202, 2.5144997e-005, 0.635555202, -0.772055428, -2.85820614e-005, 1.24785362e-006, 3.80479693e-005, -0.999999999, 0.143039746, -0.00733093262, -0.12108606, 0, 0, 0, 0, 0, 0, 0, 0.164809082, 0.0166598145, -0.113932959, 0, 0, 0, 0, 0, 0, 0, 1, 1, 1, 
75.1417732, 0.1, 0.1, 0.114789872, 0.184378796, -0.0199676628, 0.772055619, 0.635554971, -3.05698963e-005, 0.635554972, -0.772055618, 3.06619437e-005, -4.11430945e-006, -4.31015755e-005, -0.999999999, 0.772055592, 0.635555003, -4.15930462e-005, 0.635555004, -0.77205559, 4.16478101e-005, -5.64266975e-006, -5.85890933e-005, -0.999999998, 0.143039746, -0.00733093262, -0.12108606, 0, 0, 0, 0, 0, 0, 0, 0.164809082, 0.0166598145, -0.113932959, 0, 0, 0, 0, 0, 0, 0, 1, 1, 1, 
75.142578, 0.1, 0.1, 0.114789876, 0.184378789, -0.0199661887, 0.772055853, 0.635554685, 4.24641662e-005, 0.635554687, -0.772055852, -3.43347539e-005, 1.09630943e-005, 5.34966476e-005, -0.999999999, 0.772055805, 0.635554744, 3.5696888e-005, 0.635554745, -0.772055804, -4.4713909e-005, -8.58147437e-007, 5.72089595e-005, -0.999999998, 0.143039746, -0.00733093262, -0.12108606, 0, 0, 0, 0, 0, 0, 0, 0.164809082, 0.0166598145, -0.113932959, 0, 0, 0, 0, 0, 0, 0, 1, 1, 1, 
75.1433933, 0.1, 0.1, 0.114789872, 0.184378793, -0.019964406, 0.772056116, 0.635554367, -3.46570683e-005, 0.635554367, -0.772056113, 6.20977092e-005, 1.27092688e-005, -6.99693673e-005, -0.999999997, 0.772056045, 0.635554453, -2.81111238e-005, 0.635554453, -0.772056043, 5.39318009e-005, 1.25732332e-005, -5.95045228e-005, -0.999999998, 0.143039746, -0.00733093262, -0.12108606, 0, 0, 0, 0, 0, 0, 0, 0.164809082, 0.0166598145, -0.113932959, 0, 0, 0, 0, 0, 0, 0, 1, 1, 1, 
75.1441921, 0.1, 0.1, 0.114789866, 0.184378791, -0.0199630172, 0.772056218, 0.635554243, 2.74124392e-005, 0.635554243, -0.772056217, -4.86733557e-005, -9.77061364e-006, 5.5000659e-005, -0.999999998, 0.772056254, 0.635554199, -4.44001383e-006, 0.635554199, -0.772056254, -3.82528913e-005, -2.77397262e-005, 2.67115146e-005, -0.999999999, 0.143039746, -0.00733093262, -0.12108606, 0, 0, 0, 0, 0, 0, 0, 0.164809082, 0.0166598145, -0.113932959, 0, 0, 0, 0, 0, 0, 0, 1, 1, 1, 
75.1449993, 0.1, 0.1, 0.114789874, 0.184378787, -0.0199622102, 0.772055762, 0.635554798, -1.33997898e-005, 0.635554798, -0.772055761, 2.15223969e-005, 3.3332777e-006, -2.51327912e-005, -1, 0.772055866, 0.635554671, 3.06935747e-005, 0.635554671, -0.772055866, 5.57776295e-006, 2.72421277e-005, 1.52011002e-005, -1, 0.143039746, -0.00733093262, -0.12108606, 0, 0, 0, 0, 0, 0, 0, 0.164809082, 0.0166598145, -0.113932959, 0, 0, 0, 0, 0, 0, 0, 1, 1, 1, 
75.1458467, 0.1, 0.1, 0.114789856, 0.184378786, -0.019962069, 0.77205488, 0.635555868, -3.85119004e-005, 0.635555868, -0.77205488, -1.42776861e-005, -3.88075679e-005, -1.3453307e-005, -0.999999999, 0.772055054, 0.635555653, -7.55165934e-005, 0.635555654, -0.772055057, -5.26109981e-006, -6.16466896e-005, -4.39331392e-005, -0.999999997, 0.143644897, -0.010010083, -0.120762012, 0, 0, 0, 0, 0, 0, 0, 0.165157666, 0.0135397461, -0.113586084, 0, 0, 0, 0, 0, 0, 0, 1, 1, 1, 
75.146645, 0.1, 0.1, 0.114789871, 0.184378784, -0.0199627597, 0.772053792, 0.635557183, 9.58942223e-005, 0.635557184, -0.772053797, 2.19913227e-005, 8.80122415e-005, 4.39677778e-005, -0.999999995, 0.772054037, 0.635556884, 0.000107181913, 0.635556887, -0.772054042, 9.85802852e-006, 8.90155671e-005, 6.05092723e-005, -0.999999994, 0.143644897, -0.010010083, -0.120762012, 0, 0, 0, 0, 0, 0, 0, 0.165157666, 0.0135397461, -0.113586084, 0, 0, 0, 0, 0, 0, 0, 1, 1, 1, 
75.1474591, 0.1, 0.1, 0.114789866, 0.18437879, -0.0199641197, 0.77205241, 0.635558866, -7.14387388e-005, 0.635558868, -0.772052411, 1.39458494e-005, -4.62910423e-005, -5.61704506e-005, -0.999999997, 0.772052714, 0.635558497, -6.27998068e-005, 0.6355585, -0.772052714, 2.68058194e-005, -3.14480949e-005, -6.06084566e-005, -0.999999998, 0.143644897, -0.010010083, -0.120762012, 0, 0, 0, 0, 0, 0, 0, 0.165157666, 0.0135397461, -0.113586084, 0, 0, 0, 0, 0, 0, 0, 1, 1, 1, 
75.148294, 0.1, 0.1, 0.114789868, 0.184378783, -0.0199654309, 0.772050728, 0.635560906, 8.9003618e-005, 0.63556091, -0.77205073, -2.29530998e-005, 5.41272154e-005, 7.42881778e-005, -0.999999996, 0.772051095, 0.635560463, 6.37425911e-005, 0.635560466, -0.772051095, -2.92912679e-005, 3.05961655e-005, 6.31266264e-005, -0.999999998, 0.144216113, -0.0126838623, -0.120200439, 0, 0, 0, 0, 0, 0, 0, 0.165682129, 0.0110010254, -0.113211377, 0, 0, 0, 0, 0, 0, 0, 1, 1, 1, 
75.1491011, 0.1, 0.1, 0.114789875, 0.184378783, -0.0199661475, 0.772048939, 0.635563085, -4.5058693e-005, 0.635563086, -0.772048939, 1.48573456e-005, -2.53447357e-005, -4.01082398e-005, -0.999999999, 0.772049335, 0.635562604, 3.37995e-006, 0.635562604, -0.772049335, 2.08336135e-005, 1.58505538e-005, -1.39364076e-005, -1, 0.144216113, -0.0126838623, -0.120200439, 0, 0, 0, 0, 0, 0, 0, 0.165682129, 0.0110010254, -0.113211377, 0, 0, 0, 0, 0, 0, 0, 1, 1, 1, 
75.1499215, 0.1, 0.1, 0.11478986, 0.184378779, -0.0199662411, 0.772046988, 0.635565456, -2.13553181e-006, 0.635565455, -0.772046988, -2.69724829e-005, -1.87915093e-005, 1.94667539e-005, -1, 0.772047364, 0.635564997, -4.63491489e-005, 0.635564997, -0.772047365, -1.83105204e-005, -4.74212641e-005, -1.53213077e-005, -0.999999999, 0.144216113, -0.0126838623, -0.120200439, 0, 0, 0, 0, 0, 0, 0, 0.165682129, 0.0110010254, -0.113211377, 0, 0, 0, 0, 0, 0, 0, 1, 1, 1, 
75.1507143, 0.1, 0.1, 0.11478987, 0.184378779, -0.0199659468, 0.772044965, 0.635567912, 2.34825844e-005, 0.635567911, -0.772044966, 3.16888506e-005, 3.82700277e-005, -9.54044038e-006, -0.999999999, 0.772045373, 0.635567415, 5.39427448e-005, 0.635567415, -0.772045375, 1.87653625e-005, 5.35728995e-005, 1.97965395e-005, -0.999999998, 0.144216113, -0.0126838623, -0.120200439, 0, 0, 0, 0, 0, 0, 0, 0.165682129, 0.0110010254, -0.113211377, 0, 0, 0, 0, 0, 0, 0, 1, 1, 1, 
75.1515292, 0.1, 0.1, 0.11478986, 0.184378774, -0.0199652109, 0.77204266, 0.635570711, -3.65199521e-005, 0.63557071, -0.772042661, -4.32709096e-005, -5.56966838e-005, 1.01959763e-005, -0.999999998, 0.772043132, 0.635570137, -4.60785274e-005, 0.635570136, -0.772043134, -4.00980343e-005, -6.10597238e-005, 1.67127607e-006, -0.999999998, 0.144216113, -0.0126838623, -0.120200439, 0, 0, 0, 0, 0, 0, 0, 0.165682129, 0.0110010254, -0.113211377, 0, 0, 0, 0, 0, 0, 0, 1, 1, 1, 
75.1523398, 0.1, 0.1, 0.114789863, 0.184378777, -0.0199643957, 0.772040549, 0.635573274, 6.9605101e-005, 0.635573273, -0.772040552, 3.36760182e-005, 7.51415377e-005, 1.82398903e-005, -0.999999997, 0.772040902, 0.635572847, 4.71686601e-005, 0.635572845, -0.772040904, 4.29722291e-005, 6.37281169e-005, -3.19719903e-006, -0.999999998, 0.144216113, -0.0126838623, -0.120200439, 0, 0, 0, 0, 0, 0, 0, 0.165682129, 0.0110010254, -0.113211377, 0, 0, 0, 0, 0, 0, 0, 1, 1, 1, 
75.1531666, 0.1, 0.1, 0.114789863, 0.184378778, -0.0199636537, 0.772039016, 0.635575135, -6.89299404e-005, 0.635575137, -0.772039018, -6.5564213e-007, -5.36333133e-005, -4.3303975e-005, -0.999999998, 0.772039293, 0.635574802, -3.80858357e-005, 0.635574802, -0.772039293, 5.96307679e-006, -2.56137803e-005, -2.88101271e-005, -0.999999999, 0.1447927, -0.0153616699, -0.120056787, 0, 0, 0, 0, 0, 0, 0, 0.165986523, 0.00849233398, -0.112606836, 0, 0, 0, 0, 0, 0, 0, 1, 1, 1, 
75.1539761, 0.1, 0.1, 0.114789855, 0.184378773, -0.0199630765, 0.772037607, 0.63557685, 4.6749979e-005, 0.635576851, -0.772037607, -2.07879527e-005, 2.28804004e-005, 4.57622857e-005, -0.999999999, 0.772037888, 0.635576509, 4.98113258e-006, 0.635576509, -0.772037888, -3.11635821e-005, -1.59612176e-005, 2.72253569e-005, -1, 0.1447927, -0.0153616699, -0.120056787, 0, 0, 0, 0, 0, 0, 0, 0.165986523, 0.00849233398, -0.112606836, 0, 0, 0, 0, 0, 0, 0, 1, 1, 1, 
75.1547906, 0.1, 0.1, 0.114789864, 0.184378775, -0.0199631491, 0.772035946, 0.635578869, -9.51106778e-006, 0.635578869, -0.772035945, 2.76298301e-005, 1.021805e-005, -2.73762557e-005, -1, 0.772036301, 0.635578437, 2.62459397e-005, 0.635578436, -0.772036301, 3.37228008e-005, 4.16963032e-005, -9.35387312e-006, -0.999999999, 0.1447927, -0.0153616699, -0.120056787, 0, 0, 0, 0, 0, 0, 0, 0.165986523, 0.00849233398, -0.112606836, 0, 0, 0, 0, 0, 0, 0, 1, 1, 1, 
75.1555982, 0.1, 0.1, 0.114789852, 0.184378767, -0.0199638538, 0.772033969, 0.635581269, -3.39119191e-005, 0.635581268, -0.77203397, -3.34530397e-005, -4.74432789e-005, 4.2731025e-006, -0.999999999, 0.77203438, 0.635580769, -4.50412146e-005, 0.635580767, -0.772034381, -4.8399645e-005, -6.55352498e-005, 8.73886019e-006, -0.999999998, 0.1447927, -0.0153616699, -0.120056787, 0, 0, 0, 0, 0, 0, 0, 0.165986523, 0.00849233398, -0.112606836, 0, 0, 0, 0, 0, 0, 0, 1, 1, 1, 
75.1564079, 0.1, 0.1, 0.114789858, 0.184378772, -0.0199647013, 0.772032297, 0.635583297, 6.38126907e-005, 0.635583297, -0.7720323, 2.41338737e-005, 6.46045454e-005, 2.19261504e-005, -0.999999998, 0.772032558, 0.635582981, 6.09561231e-005, 0.63558298, -0.772032561, 3.15699383e-005, 6.71254273e-005, 1.43696541e-005, -0.999999998, 0.1447927, -0.0153616699, -0.120056787, 0, 0, 0, 0, 0, 0, 0, 0.165986523, 0.00849233398, -0.112606836, 0, 0, 0, 0, 0, 0, 0, 1, 1, 1, 
75.1572278, 0.1, 0.1, 0.114789851, 0.184378772, -0.0199655139, 0.772031094, 0.635584757, -7.62379023e-005, 0.635584759, -0.772031097, -5.16176706e-006, -6.21387718e-005, -4.44706041e-005, -0.999999997, 0.772031329, 0.635584473, -6.57055365e-005, 0.635584474, -0.772031331, 1.31891434e-006, -4.98884513e-005, -4.27796621e-005, -0.999999998, 0.1447927, -0.0153616699, -0.120056787, 0, 0, 0, 0, 0, 0, 0, 0.165986523, 0.00849233398, -0.112606836, 0, 0, 0, 0, 0, 0, 0, 1, 1, 1, 
75.1579667, 0.1, 0.1, 0.114789848, 0.184378767, -0.0199664829, 0.772029985, 0.635586107, 5.6743375e-005, 0.635586108, -0.772029986, -3.90296554e-006, 4.13269163e-005, 3.90785073e-005, -0.999999998, 0.772030239, 0.6355858, 3.37321818e-005, 0.635585801, -0.772030239, -1.53672416e-005, 1.62750638e-005, 3.3303671e-005, -0.999999999, 0.145319238, -0.0178150146, -0.119520361, 0, 0, 0, 0, 0, 0, 0, 0.165986523, 0.00849233398, -0.112606836, 0, 0, 0, 0, 0, 0, 0, 1, 1, 1, 
75.158676, 0.1, 0.1, 0.114789852, 0.18437877, -0.0199679114, 0.77202874, 0.635587621, -2.61732245e-005, 0.635587621, -0.77202874, 6.16525618e-006, -1.62879211e-005, -2.13951325e-005, -1, 0.77202901, 0.635587294, -4.22795134e-007, 0.635587294, -0.77202901, 2.45413502e-005, 1.52717602e-005, -1.92153575e-005, -1, 0.145319238, -0.0178150146, -0.119520361, 0, 0, 0, 0, 0, 0, 0, 0.166311914, 0.00559550781, -0.112211865, 0, 0, 0, 0, 0, 0, 0, 1, 1, 1, 
75.1593942, 0.1, 0.1, 0.114789845, 0.184378764, -0.0199696143, 0.772027274, 0.635589402, -9.53423835e-006, 0.635589402, -0.772027274, -2.80231179e-006, -9.14181171e-006, -3.89639972e-006, -1, 0.77202758, 0.63558903, -1.93933256e-005, 0.63558903, -0.77202758, -2.72310873e-005, -3.22799626e-005, 8.69696541e-006, -0.999999999, 0.145319238, -0.0178150146, -0.119520361, 0, 0, 0, 0, 0, 0, 0, 0.166311914, 0.00559550781, -0.112211865, 0, 0, 0, 0, 0, 0, 0, 1, 1, 1, 
75.1601023, 0.1, 0.1, 0.11478985, 0.184378768, -0.0199709614, 0.772026093, 0.635590836, 3.06646331e-005, 0.635590836, -0.772026094, 1.97421002e-005, 3.62217949e-005, 4.24874331e-006, -0.999999999, 0.772026307, 0.635590576, 4.10752997e-005, 0.635590575, -0.772026308, 2.55028259e-005, 4.79205678e-005, 6.4182208e-006, -0.999999999, 0.145319238, -0.0178150146, -0.119520361, 0, 0, 0, 0, 0, 0, 0, 0.166311914, 0.00559550781, -0.112211865, 0, 0, 0, 0, 0, 0, 0, 1, 1, 1, 
75.1608378, 0.1, 0.1, 0.114789845, 0.184378763, -0.0199713988, 0.772024925, 0.635592255, -2.12153867e-005, 0.635592254, -0.772024925, -4.29116686e-005, -4.36531316e-005, 1.96445423e-005, -0.999999999, 0.77202516, 0.635591969, -2.67896735e-005, 0.635591968, -0.772025161, -3.93945969e-005, -4.57211914e-005, 1.33863187e-005, -0.999999999, 0.145666602, -0.0204969727, -0.118774243, 0, 0, 0, 0, 0, 0, 0, 0.166420898, 0.00313515625, -0.11181543, 0, 0, 0, 0, 0, 0, 0, 1, 1, 1, 
75.161547, 0.1, 0.1, 0.114789845, 0.184378765, -0.0199711067, 0.77202377, 0.635593659, 1.83066497e-005, 0.635593657, -0.772023769, 4.94758128e-005, 4.55796816e-005, -2.65609131e-005, -0.999999999, 0.772023988, 0.635593393, 1.26813929e-005, 0.635593392, -0.772023988, 4.32399489e-005, 3.72733653e-005, -2.53220683e-005, -0.999999999, 0.145666602, -0.0204969727, -0.118774243, 0, 0, 0, 0, 0, 0, 0, 0.166420898, 0.00313515625, -0.11181543, 0, 0, 0, 0, 0, 0, 0, 1, 1, 1, 
75.1622596, 0.1, 0.1, 0.114789846, 0.184378762, -0.0199702213, 0.772022869, 0.635594752, -5.25628294e-006, 0.635594751, -0.772022868, -5.56687978e-005, -3.94407664e-005, 3.96367192e-005, -0.999999998, 0.772023015, 0.635594576, 7.58910139e-006, 0.635594576, -0.772023014, -4.07257166e-005, -2.00260837e-005, 3.62647822e-005, -0.999999999, 0.145666602, -0.0204969727, -0.118774243, 0, 0, 0, 0, 0, 0, 0, 0.166420898, 0.00313515625, -0.11181543, 0, 0, 0, 0, 0, 0, 0, 1, 1, 1, 
75.162969, 0.1, 0.1, 0.114789841, 0.184378758, -0.0199690024, 0.772022371, 0.635595358, -2.29673561e-006, 0.635595358, -0.77202237, 3.14049304e-005, 1.81876967e-005, -2.57051033e-005, -1, 0.772022428, 0.635595288, -2.39462079e-005, 0.635595289, -0.772022428, 9.49674687e-006, -1.2450922e-005, -2.25517985e-005, -1, 0.145666602, -0.0204969727, -0.118774243, 0, 0, 0, 0, 0, 0, 0, 0.166420898, 0.00313515625, -0.11181543, 0, 0, 0, 0, 0, 0, 0, 1, 1, 1, 
75.1636762, 0.1, 0.1, 0.114789847, 0.184378759, -0.0199679121, 0.77202234, 0.635595395, 3.06736828e-005, 0.635595396, -0.772022339, -2.66557305e-005, 6.73850882e-006, 4.0074871e-005, -0.999999999, 0.772022312, 0.635595427, 4.66215097e-005, 0.635595428, -0.772022313, -1.00302112e-005, 2.96176894e-005, 3.73759653e-005, -0.999999999, 0.145666602, -0.0204969727, -0.118774243, 0, 0, 0, 0, 0, 0, 0, 0.166420898, 0.00313515625, -0.11181543, 0, 0, 0, 0, 0, 0, 0, 1, 1, 1, 
75.1643846, 0.1, 0.1, 0.114789838, 0.184378753, -0.0199672919, 0.772022734, 0.635594914, -5.23898782e-005, 0.635594915, -0.772022735, 5.11259607e-006, -3.7196637e-005, -3.72457806e-005, -0.999999999, 0.772022627, 0.635595044, -5.97168294e-005, 0.635595045, -0.772022629, -8.44021568e-006, -5.14673029e-005, -3.14396834e-005, -0.999999998, 0.145666602, -0.0204969727, -0.118774243, 0, 0, 0, 0, 0, 0, 0, 0.166420898, 0.00313515625, -0.11181543, 0, 0, 0, 0, 0, 0, 0, 1, 1, 1, 
75.1650934, 0.1, 0.1, 0.114789842, 0.184378756, -0.0199672607, 0.772023425, 0.635594075, 5.53239972e-005, 0.635594076, -0.772023426, 7.12140008e-006, 4.72377415e-005, 2.96657172e-005, -0.999999998, 0.772023274, 0.635594258, 5.4738913e-005, 0.635594259, -0.772023276, 1.19910068e-005, 4.988113e-005, 2.55344025e-005, -0.999999998, 0.145666602, -0.0204969727, -0.118774243, 0, 0, 0, 0, 0, 0, 0, 0.166420898, 0.00313515625, -0.11181543, 0, 0, 0, 0, 0, 0, 0, 1, 1, 1, 
75.165828, 0.1, 0.1, 0.114789836, 0.184378754, -0.0199674585, 0.772024198, 0.635593135, -7.03940729e-005, 0.635593136, -0.7720242, -6.5749901e-006, -5.85249464e-005, -3.96659381e-005, -0.999999998, 0.772024062, 0.635593301, -6.07300233e-005, 0.635593302, -0.772024063, -3.97491023e-006, -4.94114657e-005, -3.55308697e-005, -0.999999998, 0.14577229, -0.0231755127, -0.118429687, 0, 0, 0, 0, 0, 0, 0, 0.166533057, 0.000256640624, -0.111412402, 0, 0, 0, 0, 0, 0, 0, 1, 1, 1, 
75.1665403, 0.1, 0.1, 0.114789833, 0.184378752, -0.0199680966, 0.77202476, 0.635592455, 4.49303425e-005, 0.635592455, -0.772024761, 5.77224979e-006, 3.83561353e-005, 2.41010669e-005, -0.999999999, 0.772024683, 0.635592549, 2.58537658e-005, 0.635592549, -0.772024683, -6.07443737e-006, 1.60988782e-005, 2.11220765e-005, -1, 0.14577229, -0.0231755127, -0.118429687, 0, 0, 0, 0, 0, 0, 0, 0.166533057, 0.000256640624, -0.111412402, 0, 0, 0, 0, 0, 0, 0, 1, 1, 1, 
75.1672489, 0.1, 0.1, 0.114789834, 0.184378757, -0.0199689879, 0.772024936, 0.63559224, -3.76340342e-005, 0.635592241, -0.772024936, 2.1848004e-005, -1.5167991e-005, -4.07871041e-005, -0.999999999, 0.772024939, 0.635592238, -1.24739851e-005, 0.635592238, -0.772024938, 3.87733268e-005, 1.5013798e-005, -3.78623434e-005, -0.999999999, 0.14577229, -0.0231755127, -0.118429687, 0, 0, 0, 0, 0, 0, 0, 0.166533057, 0.000256640624, -0.111412402, 0, 0, 0, 0, 0, 0, 0, 1, 1, 1, 
75.1679567, 0.1, 0.1, 0.114789829, 0.184378752, -0.0199698712, 0.772024689, 0.635592542, 1.36888979e-005, 0.635592543, -0.772024688, -2.48874917e-005, -5.25013699e-006, 2.79143194e-005, -1, 0.772024768, 0.635592446, -6.41897662e-006, 0.635592445, -0.772024768, -3.53616173e-005, -2.74311857e-005, 2.32201913e-005, -0.999999999, 0.14577229, -0.0231755127, -0.118429687, 0, 0, 0, 0, 0, 0, 0, 0.166533057, 0.000256640624, -0.111412402, 0, 0, 0, 0, 0, 0, 0, 1, 1, 1, 
75.1686619, 0.1, 0.1, 0.114789833, 0.184378757, -0.0199705196, 0.772024076, 0.635593287, 9.50317239e-006, 0.635593286, -0.772024075, 4.76767602e-005, 3.76397066e-005, -3.07674542e-005, -0.999999999, 0.772024217, 0.635593116, 2.10804004e-005, 0.635593114, -0.772024216, 5.31620624e-005, 5.00640204e-005, -2.76438422e-005, -0.999999998, 0.14577229, -0.0231755127, -0.118429687, 0, 0, 0, 0, 0, 0, 0, 0.166533057, 0.000256640624, -0.111412402, 0, 0, 0, 0, 0, 0, 0, 1, 1, 1, 
75.1693704, 0.1, 0.1, 0.11478983, 0.184378752, -0.0199707227, 0.772023241, 0.635594301, -1.04454933e-005, 0.6355943, -0.77202324, -5.23628177e-005, -4.13456721e-005, 3.37862162e-005, -0.999999999, 0.772023418, 0.635594086, -1.45977528e-005, 0.635594084, -0.772023418, -4.99131182e-005, -4.29942898e-005, 2.92558508e-005, -0.999999999, 0.14577229, -0.0231755127, -0.118429687, 0, 0, 0, 0, 0, 0, 0, 0.166533057, 0.000256640624, -0.111412402, 0, 0, 0, 0, 0, 0, 0, 1, 1, 1, 
75.1700917, 0.1, 0.1, 0.114789831, 0.184378753, -0.0199703728, 0.772022369, 0.635595359, 2.15231537e-005, 0.635595358, -0.772022369, 4.9550595e-005, 4.81104843e-005, -2.45741511e-005, -0.999999999, 0.772022543, 0.635595148, 1.73421979e-005, 0.635595147, -0.772022543, 4.13060622e-005, 3.96425005e-005, -2.08665944e-005, -0.999999999, 0.14577229, -0.0231755127, -0.118429687, 0, 0, 0, 0, 0, 0, 0, 0.166533057, 0.000256640624, -0.111412402, 0, 0, 0, 0, 0, 0, 0, 1, 1, 1, 
75.1708136, 0.1, 0.1, 0.114789832, 0.184378751, -0.0199693586, 0.772021694, 0.63559618, -1.03320701e-005, 0.635596179, -0.772021693, -5.3180606e-005, -4.17779723e-005, 3.44895573e-005, -0.999999999, 0.772021792, 0.635596061, 4.07043726e-006, 0.635596061, -0.772021791, -3.89874632e-005, -2.16378118e-005, 3.26863251e-005, -0.999999999, 0.145889575, -0.0260848633, -0.1177479, 0, 0, 0, 0, 0, 0, 0, 0.166644482, -0.00256181641, -0.11076416, 0, 0, 0, 0, 0, 0, 0, 1, 1, 1, 
75.1715214, 0.1, 0.1, 0.114789826, 0.184378748, -0.0199683866, 0.772021415, 0.635596519, -6.84687688e-006, 0.635596518, -0.772021415, 3.86172704e-005, 1.92590671e-005, -3.41652109e-005, -0.999999999, 0.77202143, 0.6355965, -2.89367603e-005, 0.6355965, -0.77202143, 1.59233643e-005, -1.22189645e-005, -3.06852821e-005, -0.999999999, 0.145889575, -0.0260848633, -0.1177479, 0, 0, 0, 0, 0, 0, 0, 0.166644482, -0.00256181641, -0.11076416, 0, 0, 0, 0, 0, 0, 0, 1, 1, 1, 
75.1722277, 0.1, 0.1, 0.114789832, 0.184378751, -0.0199677561, 0.772021585, 0.635596312, 2.82397292e-005, 0.635596313, -0.772021584, -1.99553927e-005, 9.11810647e-006, 3.33550616e-005, -0.999999999, 0.772021519, 0.635596392, 4.39784322e-005, 0.635596392, -0.772021519, -2.0590245e-006, 3.26435875e-005, 2.95421441e-005, -0.999999999, 0.145889575, -0.0260848633, -0.1177479, 0, 0, 0, 0, 0, 0, 0, 0.166644482, -0.00256181641, -0.11076416, 0, 0, 0, 0, 0, 0, 0, 1, 1, 1, 
75.1729669, 0.1, 0.1, 0.114789822, 0.184378746, -0.0199673535, 0.772022193, 0.635595571, -5.25887087e-005, 0.635595573, -0.772022194, 6.98293955e-006, -3.61613248e-005, -3.88161347e-005, -0.999999999, 0.77202204, 0.635595757, -6.17755676e-005, 0.635595758, -0.772022042, -6.29396586e-006, -5.16925178e-005, -3.44052083e-005, -0.999999998, 0.146486157, -0.02831521, -0.117399438, 0, 0, 0, 0, 0, 0, 0, 0.166644482, -0.00256181641, -0.11076416, 0, 0, 0, 0, 0, 0, 0, 1, 1, 1, 
75.1736759, 0.1, 0.1, 0.114789827, 0.184378748, -0.0199673239, 0.77202304, 0.635594542, 6.02271972e-005, 0.635594543, -0.772023042, 3.43578533e-006, 4.86805504e-005, 3.56275724e-005, -0.999999998, 0.77202286, 0.635594761, 5.88049357e-005, 0.635594762, -0.772022861, 9.30589881e-006, 5.13135352e-005, 3.01917425e-005, -0.999999998, 0.146486157, -0.02831521, -0.117399438, 0, 0, 0, 0, 0, 0, 0, 0.166934229, -0.00486386719, -0.110549707, 0, 0, 0, 0, 0, 0, 0, 1, 1, 1, 
75.1743884, 0.1, 0.1, 0.114789823, 0.184378745, -0.0199678239, 0.772023938, 0.635593452, -5.87468432e-005, 0.635593453, -0.772023939, -1.37122444e-005, -5.4069382e-005, -2.67529279e-005, -0.999999998, 0.772023766, 0.635593661, -4.85855896e-005, 0.635593661, -0.772023768, -1.02897649e-005, -4.40493393e-005, -2.29367497e-005, -0.999999999, 0.146486157, -0.02831521, -0.117399438, 0, 0, 0, 0, 0, 0, 0, 0.166934229, -0.00486386719, -0.110549707, 0, 0, 0, 0, 0, 0, 0, 1, 1, 1, 
75.1750973, 0.1, 0.1, 0.114789822, 0.184378741, -0.0199686552, 0.772024619, 0.635592625, 5.06425301e-005, 0.635592626, -0.77202462, -4.55051193e-006, 3.62050082e-005, 3.5701126e-005, -0.999999999, 0.772024517, 0.63559275, 3.27794852e-005, 0.635592751, -0.772024517, -1.60411578e-005, 1.51109226e-005, 3.32185703e-005, -0.999999999, 0.146486157, -0.02831521, -0.117399438, 0, 0, 0, 0, 0, 0, 0, 0.166934229, -0.00486386719, -0.110549707, 0, 0, 0, 0, 0, 0, 0, 1, 1, 1, 
75.1758048, 0.1, 0.1, 0.114789824, 0.184378744, -0.0199695669, 0.772024911, 0.635592272, -3.58508071e-005, 0.635592272, -0.772024911, 1.11228554e-005, -2.06081152e-005, -3.13736173e-005, -0.999999999, 0.772024893, 0.635592295, -1.02560503e-005, 0.635592295, -0.772024892, 2.74104668e-005, 9.50395535e-006, -2.76802292e-005, -1, 0.146486157, -0.02831521, -0.117399438, 0, 0, 0, 0, 0, 0, 0, 0.166934229, -0.00486386719, -0.110549707, 0, 0, 0, 0, 0, 0, 0, 1, 1, 1, 
75.1765134, 0.1, 0.1, 0.114789818, 0.184378737, -0.0199702939, 0.772024772, 0.635592441, 1.02682949e-005, 0.635592441, -0.772024771, -3.22489963e-005, -1.25698403e-005, 3.14234746e-005, -0.999999999, 0.772024829, 0.635592372, -8.73510884e-006, 0.635592371, -0.772024828, -4.32247534e-005, -3.42170445e-005, 2.78186143e-005, -0.999999999, 0.146486157, -0.02831521, -0.117399438, 0, 0, 0, 0, 0, 0, 0, 0.166934229, -0.00486386719, -0.110549707, 0, 0, 0, 0, 0, 0, 0, 1, 1, 1, 
75.1772241, 0.1, 0.1, 0.114789822, 0.184378742, -0.0199706234, 0.772024253, 0.635593072, 3.81535468e-006, 0.635593071, -0.772024252, 4.69853626e-005, 3.28091173e-005, -3.38488265e-005, -0.999999999, 0.772024377, 0.635592921, 1.56787497e-005, 0.635592919, -0.772024377, 5.1061869e-005, 4.45589394e-005, -2.94557053e-005, -0.999999999, 0.146486157, -0.02831521, -0.117399438, 0, 0, 0, 0, 0, 0, 0, 0.166934229, -0.00486386719, -0.110549707, 0, 0, 0, 0, 0, 0, 0, 1, 1, 1, 
75.1779556, 0.1, 0.1, 0.114789818, 0.184378737, -0.0199703401, 0.772023471, 0.635594022, -1.0190222e-005, 0.63559402, -0.77202347, -4.91162817e-005, -3.90851055e-005, 3.14420781e-005, -0.999999999, 0.772023647, 0.635593807, -1.57972797e-005, 0.635593806, -0.772023647, -4.80100292e-005, -4.27107507e-005, 2.70242247e-005, -0.999999999, 0.146881836, -0.0305448242, -0.117047559, 0, 0, 0, 0, 0, 0, 0, 0.166934229, -0.00486386719, -0.110549707, 0, 0, 0, 0, 0, 0, 0, 1, 1, 1, 
75.1786696, 0.1, 0.1, 0.114789819, 0.18437874, -0.0199694814, 0.772022667, 0.635594997, 2.23591128e-005, 0.635594995, -0.772022667, 6.05327688e-005, 5.5736067e-005, -3.25213294e-005, -0.999999998, 0.772022818, 0.635594815, 1.87453236e-005, 0.635594813, -0.772022817, 5.20224006e-005, 4.75369856e-005, -2.82480498e-005, -0.999999998, 0.146881836, -0.0305448242, -0.117047559, 0, 0, 0, 0, 0, 0, 0, 0.167498486, -0.00712099609, -0.109947119, 0, 0, 0, 0, 0, 0, 0, 1, 1, 1, 
75.1793776, 0.1, 0.1, 0.11478982, 0.18437874, -0.0199685646, 0.772022054, 0.635595742, -1.36537115e-005, 0.635595741, -0.772022054, -4.47938856e-005, -3.90117694e-005, 2.59036267e-005, -0.999999999, 0.772022143, 0.635595634, 1.75141961e-006, 0.635595634, -0.772022143, -2.94779807e-005, -1.73839411e-005, 2.38708485e-005, -1, 0.146881836, -0.0305448242, -0.117047559, 0, 0, 0, 0, 0, 0, 0, 0.167498486, -0.00712099609, -0.109947119, 0, 0, 0, 0, 0, 0, 0, 1, 1, 1, 
75.1800838, 0.1, 0.1, 0.114789813, 0.184378739, -0.0199678931, 0.772021828, 0.635596017, -1.32243956e-005, 0.635596017, -0.772021827, 4.46945838e-005, 1.81981774e-005, -4.29105675e-005, -0.999999999, 0.772021834, 0.635596009, -3.51665051e-005, 0.63559601, -0.772021833, 2.24775378e-005, -1.28626764e-005, -3.97048403e-005, -0.999999999, 0.146881836, -0.0305448242, -0.117047559, 0, 0, 0, 0, 0, 0, 0, 0.167498486, -0.00712099609, -0.109947119, 0, 0, 0, 0, 0, 0, 0, 1, 1, 1, 
75.1807936, 0.1, 0.1, 0.114789817, 0.184378742, -0.0199676426, 0.772022049, 0.635595749, 2.25686311e-005, 0.635595749, -0.772022049, -1.84624361e-005, 5.68883492e-006, 2.85979337e-005, -1, 0.772021972, 0.635595841, 3.82186187e-005, 0.635595841, -0.772021973, 1.90946045e-007, 2.96269779e-005, 2.41441805e-005, -0.999999999, 0.146881836, -0.0305448242, -0.117047559, 0, 0, 0, 0, 0, 0, 0, 0.167498486, -0.00712099609, -0.109947119, 0, 0, 0, 0, 0, 0, 0, 1, 1, 1, 
75.1815045, 0.1, 0.1, 0.114789808, 0.184378737, -0.0199678652, 0.772022672, 0.635594989, -5.53204821e-005, 0.635594991, -0.772022673, 2.80968974e-006, -4.09228417e-005, -3.73305655e-005, -0.999999998, 0.772022525, 0.635595168, -6.35903684e-005, 0.635595169, -0.772022527, -8.79245556e-006, -5.46816391e-005, -3.36297572e-005, -0.999999998, 0.146881836, -0.0305448242, -0.117047559, 0, 0, 0, 0, 0, 0, 0, 0.167498486, -0.00712099609, -0.109947119, 0, 0, 0, 0, 0, 0, 0, 1, 1, 1, 
75.1822126, 0.1, 0.1, 0.114789812, 0.184378739, -0.0199684132, 0.772023543, 0.635593932, 5.60303944e-005, 0.635593933, -0.772023544, 4.10690448e-006, 4.58671072e-005, 3.24419518e-005, -0.999999998, 0.772023358, 0.635594156, 5.40502336e-005, 0.635594157, -0.77202336, 8.94227461e-006, 4.74117004e-005, 2.74503678e-005, -0.999999998, 0.146881836, -0.0305448242, -0.117047559, 0, 0, 0, 0, 0, 0, 0, 0.167498486, -0.00712099609, -0.109947119, 0, 0, 0, 0, 0, 0, 0, 1, 1, 1, 
