time, realDorsalTactorPos, realVentralTactorPos, boxPosX, boxPosY, boxPosZ, boxLocalRot_11, boxLocalRot_12, boxLocalRot_13, boxLocalRot_21, boxLocalRot_22, boxLocalRot_23, boxLocalRot_31, boxLocalRot_32, boxLocalRot_33, boxGlobalRot_11, boxGlobalRot_12, boxGlobalRot_13], boxGlobalRot_21, boxGlobalRot_22, boxGlobalRot_23, boxGlobalRot_31, boxGlobalRot_32, boxGlobalRot_33, indexPosX, indexPosY, indexPosZ, indexContact, indexForceX, indexForceY, indexForceZ, indexForceGlobalX, indexForceGlobalY, indexForceGlobalZ, thumbPosX, thumbPosY, thumbPosZ, thumbContact, thumbForceX, thumbForceY, thumbForceZ, thumbForceGlobalX, thumbForceGlobalY, thumbForceGlobalZ, hoopSuccess, targetSuccess, trialSuccess, 
121.580275, 0.1, 0.1, 0.120366782, 0.173111861, -0.019962915, 0.799241025, 0.601010636, -7.7442435e-006, 0.601010636, -0.799241025, -1.82087286e-007, -6.2989535e-006, -4.50884108e-006, -1, 0.799240983, 0.601010692, -2.72003718e-006, 0.601010692, -0.799240983, 3.10759535e-006, -3.06267156e-007, -4.11848899e-006, -1, 0.141863818, -0.0751576172, -0.164020361, 0, 0, 0, 0, 0, 0, 0, 0.219458496, -0.0254866699, -0.122713477, 0, 0, 0, 0, 0, 0, 0, 1, 1, 1, 
121.597411, 0.1, 0.1, 0.120366822, 0.173111846, -0.0199662438, 0.799233324, 0.601020877, -1.21574145e-005, 0.601020876, -0.799233323, -2.74006876e-005, -2.6184996e-005, 1.45926827e-005, -1, 0.799233474, 0.601020677, -7.35099816e-006, 0.601020676, -0.799233474, -1.87764345e-005, -1.71601891e-005, 1.05886531e-005, -1, 0.143350732, -0.0847941162, -0.162873047, 0, 0, 0, 0, 0, 0, 0, 0.22005, -0.0344669922, -0.121074268, 0, 0, 0, 0, 0, 0, 0, 1, 1, 1, 
121.598133, 0.1, 0.1, 0.120366824, 0.173111847, -0.0199673547, 0.799232779, 0.601021601, 2.57816949e-005, 0.6010216, -0.799232779, 1.44640087e-005, 2.92987573e-005, 3.9352457e-006, -1, 0.799232858, 0.601021496, 1.59690033e-005, 0.601021496, -0.799232858, 2.58326837e-005, 2.82889503e-005, -1.10486153e-005, -1, 0.144149731, -0.0865656494, -0.163346509, 0, 0, 0, 0, 0, 0, 0, 0.220253809, -0.0359990723, -0.121065967, 0, 0, 0, 0, 0, 0, 0, 1, 1, 1, 
121.598839, 0.1, 0.1, 0.120366824, 0.173111848, -0.0199688699, 0.799232538, 0.601021921, -4.10229275e-006, 0.601021921, -0.799232538, 1.11240743e-005, 3.40712667e-006, -1.135629e-005, -1, 0.799232572, 0.601021876, -1.61554934e-005, 0.601021877, -0.799232572, 9.11401288e-006, -7.43427542e-006, -1.69940209e-005, -1, 0.144149731, -0.0865656494, -0.163346509, 0, 0, 0, 0, 0, 0, 0, 0.220253809, -0.0359990723, -0.121065967, 0, 0, 0, 0, 0, 0, 0, 1, 1, 1, 
121.599564, 0.1, 0.1, 0.120366825, 0.173111847, -0.0199702724, 0.799232469, 0.601022013, -2.50191775e-006, 0.601022013, -0.799232469, 1.58924752e-005, 7.55211352e-006, -1.42054898e-005, -1, 0.79923248, 0.601021999, -6.30781982e-007, 0.601021999, -0.79923248, 1.22406771e-005, 6.8527748e-006, -1.01622606e-005, -1, 0.144149731, -0.0865656494, -0.163346509, 0, 0, 0, 0, 0, 0, 0, 0.220253809, -0.0359990723, -0.121065967, 0, 0, 0, 0, 0, 0, 0, 1, 1, 1, 
121.600276, 0.1, 0.1, 0.120366826, 0.173111847, -0.0199710701, 0.799232346, 0.601022177, -2.95781144e-006, 0.601022177, -0.799232346, 6.33144164e-006, 1.44135827e-006, -6.83800322e-006, -1, 0.799232378, 0.601022134, 1.22650702e-005, 0.601022134, -0.799232378, 8.50337574e-007, 1.03137129e-005, 6.69196133e-006, -1, 0.144149731, -0.0865656494, -0.163346509, 0, 0, 0, 0, 0, 0, 0, 0.220253809, -0.0359990723, -0.121065967, 0, 0, 0, 0, 0, 0, 0, 1, 1, 1, 
121.600995, 0.1, 0.1, 0.120366825, 0.173111844, -0.019971062, 0.799232048, 0.601022573, 1.27008305e-005, 0.601022573, -0.799232048, -1.75541782e-008, 1.01403603e-005, 7.64751568e-006, -1, 0.799232121, 0.601022476, -5.26324286e-007, 0.601022476, -0.799232121, -1.63916115e-005, -1.02723822e-005, 1.27843697e-005, -1, 0.144149731, -0.0865656494, -0.163346509, 0, 0, 0, 0, 0, 0, 0, 0.220731885, -0.0377241211, -0.121067432, 0, 0, 0, 0, 0, 0, 0, 1, 1, 1, 
121.601703, 0.1, 0.1, 0.120366826, 0.173111845, -0.0199704841, 0.799231619, 0.601023144, -4.51093279e-006, 0.601023143, -0.799231619, -1.84492648e-005, -1.46937153e-005, 1.20340608e-005, -1, 0.799231702, 0.601023034, -2.37466534e-007, 0.601023034, -0.799231702, -1.01244622e-005, -6.27482577e-006, 7.94906829e-006, -1, 0.144149731, -0.0865656494, -0.163346509, 0, 0, 0, 0, 0, 0, 0, 0.220731885, -0.0377241211, -0.121067432, 0, 0, 0, 0, 0, 0, 0, 1, 1, 1, 
121.602412, 0.1, 0.1, 0.120366828, 0.173111846, -0.01996952, 0.799231323, 0.601023536, 2.56105404e-005, 0.601023536, -0.799231324, 9.61307075e-006, 2.62464279e-005, 7.70947032e-006, -1, 0.799231361, 0.601023486, 1.79861162e-005, 0.601023486, -0.799231361, 2.18269069e-005, 2.74935519e-005, -6.63467025e-006, -1, 0.144149731, -0.0865656494, -0.163346509, 0, 0, 0, 0, 0, 0, 0, 0.220731885, -0.0377241211, -0.121067432, 0, 0, 0, 0, 0, 0, 0, 1, 1, 1, 
121.603134, 0.1, 0.1, 0.120366828, 0.173111845, -0.0199683279, 0.799231283, 0.601023591, -9.84456205e-006, 0.601023591, -0.799231283, 2.84855293e-006, -6.15603445e-006, -8.19346664e-006, -1, 0.799231278, 0.601023597, -2.18118376e-005, 0.601023597, -0.799231278, 6.47129875e-007, -1.70437625e-005, -1.36266355e-005, -1, 0.144787744, -0.0885644531, -0.163650195, 0, 0, 0, 0, 0, 0, 0, 0.220731885, -0.0377241211, -0.121067432, 0, 0, 0, 0, 0, 0, 0, 1, 1, 1, 
121.603844, 0.1, 0.1, 0.12036683, 0.173111845, -0.0199673942, 0.799231287, 0.601023585, -1.6171743e-005, 0.601023585, -0.799231287, 2.51559544e-006, -1.14130308e-005, -1.17301415e-005, -1, 0.799231301, 0.601023566, 3.77568897e-006, 0.601023566, -0.799231301, 1.23333639e-005, 1.04302912e-005, -7.58793246e-006, -1, 0.144787744, -0.0885644531, -0.163650195, 0, 0, 0, 0, 0, 0, 0, 0.220731885, -0.0377241211, -0.121067432, 0, 0, 0, 0, 0, 0, 0, 1, 1, 1, 
121.604556, 0.1, 0.1, 0.120366831, 0.173111843, -0.0199670068, 0.79923107, 0.601023873, 1.19386088e-005, 0.601023873, -0.79923107, 1.56752548e-005, 1.89629094e-005, -5.3527618e-006, -1, 0.799231135, 0.601023787, 1.39071996e-005, 0.601023787, -0.799231135, -2.81483594e-006, 9.42328355e-006, 1.06082623e-005, -1, 0.144787744, -0.0885644531, -0.163650195, 0, 0, 0, 0, 0, 0, 0, 0.220731885, -0.0377241211, -0.121067432, 0, 0, 0, 0, 0, 0, 0, 1, 1, 1, 
121.605277, 0.1, 0.1, 0.12036683, 0.173111841, -0.0199672199, 0.79923073, 0.601024326, -1.54269019e-005, 0.601024326, -0.79923073, -2.31202614e-005, -2.62254936e-005, 9.20648004e-006, -1, 0.799230796, 0.601024238, -1.24654764e-005, 0.601024237, -0.799230796, -2.83498151e-005, -2.70017186e-005, 1.51659919e-005, -1, 0.144787744, -0.0885644531, -0.163650195, 0, 0, 0, 0, 0, 0, 0, 0.220731885, -0.0377241211, -0.121067432, 0, 0, 0, 0, 0, 0, 0, 1, 1, 1, 
121.606, 0.1, 0.1, 0.120366832, 0.173111841, -0.0199677038, 0.799230574, 0.601024533, 1.5151591e-005, 0.601024533, -0.799230574, -8.02107697e-006, 7.2887507e-006, 1.55171678e-005, -1, 0.799230582, 0.601024522, 2.09634131e-005, 0.601024522, -0.799230582, 2.62892942e-006, 1.83346519e-005, 1.04984045e-005, -1, 0.14526416, -0.0907905273, -0.163994531, 0, 0, 0, 0, 0, 0, 0, 0.220980127, -0.0392359375, -0.121068896, 0, 0, 0, 0, 0, 0, 0, 1, 1, 1, 
121.606713, 0.1, 0.1, 0.12036683, 0.173111839, -0.0199684954, 0.79923066, 0.601024418, 1.51599881e-005, 0.601024418, -0.79923066, -1.0301558e-006, 1.14971785e-005, 9.93485514e-006, -1, 0.799230634, 0.601024453, -1.08787917e-005, 0.601024453, -0.799230634, -1.89391175e-006, -9.83295087e-006, -5.02474755e-006, -1, 0.14526416, -0.0907905273, -0.163994531, 0, 0, 0, 0, 0, 0, 0, 0.220980127, -0.0392359375, -0.121068896, 0, 0, 0, 0, 0, 0, 0, 1, 1, 1, 
121.607422, 0.1, 0.1, 0.120366832, 0.173111839, -0.0199693633, 0.799230709, 0.601024354, -1.65339649e-005, 0.601024353, -0.799230709, -7.45650105e-006, -1.76959912e-005, -3.97785092e-006, -1, 0.799230717, 0.601024343, -1.24238551e-005, 0.601024343, -0.799230717, 2.5346007e-006, -8.40616994e-006, -9.4927701e-006, -1, 0.14526416, -0.0907905273, -0.163994531, 0, 0, 0, 0, 0, 0, 0, 0.220980127, -0.0392359375, -0.121068896, 0, 0, 0, 0, 0, 0, 0, 1, 1, 1, 
121.608132, 0.1, 0.1, 0.120366834, 0.173111839, -0.0199700762, 0.799230539, 0.60102458, 1.18186655e-005, 0.601024579, -0.799230539, 1.96966925e-005, 2.12840347e-005, -8.63888975e-006, -1, 0.799230587, 0.601024515, 1.54848949e-005, 0.601024515, -0.799230588, 1.66871234e-005, 2.24053719e-005, -4.030058e-006, -1, 0.14526416, -0.0907905273, -0.163994531, 0, 0, 0, 0, 0, 0, 0, 0.220980127, -0.0392359375, -0.121068896, 0, 0, 0, 0, 0, 0, 0, 1, 1, 1, 
121.608842, 0.1, 0.1, 0.120366834, 0.173111836, -0.0199704158, 0.7992303, 0.601024898, -1.07921681e-005, 0.601024898, -0.7992303, -1.48580409e-006, -9.51843299e-006, -5.29886207e-006, -1, 0.79923034, 0.601024844, -1.01368323e-005, 0.601024844, -0.79923034, -1.88259756e-005, -1.9416543e-005, 8.95380279e-006, -1, 0.14526416, -0.0907905273, -0.163994531, 0, 0, 0, 0, 0, 0, 0, 0.220980127, -0.0392359375, -0.121068896, 0, 0, 0, 0, 0, 0, 0, 1, 1, 1, 
121.609551, 0.1, 0.1, 0.120366836, 0.173111836, -0.019970343, 0.799230261, 0.60102495, -5.33487167e-006, 0.60102495, -0.799230261, -1.40133213e-005, -1.26861466e-005, 7.99347948e-006, -1, 0.799230251, 0.601024962, 1.35392204e-005, 0.601024962, -0.799230251, -6.87101564e-006, 6.69130258e-006, 1.3628933e-005, -1, 0.14526416, -0.0907905273, -0.163994531, 0, 0, 0, 0, 0, 0, 0, 0.220980127, -0.0392359375, -0.121068896, 0, 0, 0, 0, 0, 0, 0, 1, 1, 1, 
121.610277, 0.1, 0.1, 0.120366836, 0.173111835, -0.0199698475, 0.799230403, 0.60102476, 2.35172016e-005, 0.60102476, -0.799230404, 3.04832757e-006, 2.06277828e-005, 1.16981043e-005, -1, 0.799230372, 0.601024801, 1.21364561e-005, 0.601024801, -0.799230372, 2.70879937e-007, 9.86262988e-006, 7.07781564e-006, -1, 0.14526416, -0.0907905273, -0.163994531, 0, 0, 0, 0, 0, 0, 0, 0.220980127, -0.0392359375, -0.121068896, 0, 0, 0, 0, 0, 0, 0, 1, 1, 1, 
121.611, 0.1, 0.1, 0.120366835, 0.173111835, -0.0199687796, 0.799230443, 0.601024708, -1.0336954e-005, 0.601024708, -0.799230443, -1.76853235e-005, -1.88909247e-005, 7.92188417e-006, -1, 0.799230454, 0.601024692, -2.05653457e-005, 0.601024692, -0.799230454, -6.22992923e-006, -2.01807919e-005, -7.3811314e-006, -1, 0.145409546, -0.0925851318, -0.16430896, 0, 0, 0, 0, 0, 0, 0, 0.220933838, -0.0407812012, -0.121265039, 0, 0, 0, 0, 0, 0, 0, 1, 1, 1, 
121.611707, 0.1, 0.1, 0.120366837, 0.173111836, -0.0199678975, 0.799230253, 0.60102496, 3.90631171e-006, 0.60102496, -0.799230253, 1.15795135e-005, 1.00816191e-005, -6.90690665e-006, -1, 0.799230301, 0.601024896, 9.85663337e-006, 0.601024895, -0.799230301, 2.29289319e-005, 2.16585789e-005, -1.24014151e-005, -1, 0.145409546, -0.0925851318, -0.16430896, 0, 0, 0, 0, 0, 0, 0, 0.220933838, -0.0407812012, -0.121265039, 0, 0, 0, 0, 0, 0, 0, 1, 1, 1, 
121.612425, 0.1, 0.1, 0.120366836, 0.173111834, -0.0199673725, 0.799230047, 0.601025234, 1.99868929e-006, 0.601025234, -0.799230047, 1.67781652e-005, 1.16815132e-005, -1.22083511e-005, -1, 0.79923007, 0.601025204, -1.22938823e-005, 0.601025204, -0.79923007, 6.15932369e-007, -9.4554495e-006, -7.88120476e-006, -1, 0.145409546, -0.0925851318, -0.16430896, 0, 0, 0, 0, 0, 0, 0, 0.220933838, -0.0407812012, -0.121265039, 0, 0, 0, 0, 0, 0, 0, 1, 1, 1, 
121.613146, 0.1, 0.1, 0.120366838, 0.173111833, -0.0199672169, 0.799230089, 0.601025177, -2.12406232e-005, 0.601025177, -0.79923009, -8.99355898e-006, -2.23815005e-005, -5.57822635e-006, -1, 0.799230058, 0.601025219, -4.18183802e-006, 0.601025219, -0.799230058, -1.55627387e-005, -1.26958491e-005, 9.92481841e-006, -1, 0.145409546, -0.0925851318, -0.16430896, 0, 0, 0, 0, 0, 0, 0, 0.221145703, -0.0423513672, -0.121291162, 0, 0, 0, 0, 0, 0, 0, 1, 1, 1, 
121.613855, 0.1, 0.1, 0.12036684, 0.173111833, -0.0199675578, 0.799230273, 0.601024934, 2.36656491e-005, 0.601024934, -0.799230273, 5.52002834e-006, 2.22319778e-005, 9.8118714e-006, -1, 0.79923024, 0.601024977, 2.73549076e-005, 0.601024977, -0.799230241, 1.60277791e-006, 2.28261789e-005, 1.51599941e-005, -1, 0.145409546, -0.0925851318, -0.16430896, 0, 0, 0, 0, 0, 0, 0, 0.221145703, -0.0423513672, -0.121291162, 0, 0, 0, 0, 0, 0, 0, 1, 1, 1, 
121.614571, 0.1, 0.1, 0.120366839, 0.173111831, -0.0199682902, 0.799230299, 0.601024899, 3.09112023e-006, 0.601024899, -0.799230299, -1.72734002e-005, -7.91122667e-006, 1.56632651e-005, -1, 0.799230314, 0.601024879, -8.69639495e-006, 0.601024879, -0.799230314, -2.03095248e-005, -1.91569521e-005, 1.10052381e-005, -1, 0.145409546, -0.0925851318, -0.16430896, 0, 0, 0, 0, 0, 0, 0, 0.221145703, -0.0423513672, -0.121291162, 0, 0, 0, 0, 0, 0, 0, 1, 1, 1, 
121.615294, 0.1, 0.1, 0.120366841, 0.173111832, -0.0199691023, 0.799230104, 0.601025158, -3.19705083e-006, 0.601025158, -0.799230104, -1.41331794e-005, -1.10495756e-005, 9.37415443e-006, -1, 0.79923015, 0.601025097, 4.54304386e-006, 0.601025097, -0.79923015, 9.70074543e-006, 9.46132909e-006, -5.02264485e-006, -1, 0.145937207, -0.0941661377, -0.164418579, 0, 0, 0, 0, 0, 0, 0, 0.221145703, -0.0423513672, -0.121291162, 0, 0, 0, 0, 0, 0, 0, 1, 1, 1, 
121.616004, 0.1, 0.1, 0.120366841, 0.173111831, -0.0199697251, 0.799229963, 0.601025346, 1.24456657e-005, 0.601025346, -0.799229963, 1.59645525e-005, 1.95420496e-005, -5.27918823e-006, -1, 0.799229972, 0.601025334, 1.60714163e-006, 0.601025334, -0.799229972, 1.45354611e-005, 1.00206561e-005, -1.06512434e-005, -1, 0.145937207, -0.0941661377, -0.164418579, 0, 0, 0, 0, 0, 0, 0, 0.221145703, -0.0423513672, -0.121291162, 0, 0, 0, 0, 0, 0, 0, 1, 1, 1, 
121.616716, 0.1, 0.1, 0.120366841, 0.173111829, -0.0199700728, 0.79923005, 0.601025229, -2.15402838e-005, 0.601025229, -0.799230051, -2.5489517e-006, -1.87476264e-005, -1.09090552e-005, -1, 0.799230017, 0.601025273, -1.96919121e-005, 0.601025273, -0.799230018, -7.01769973e-006, -1.99561822e-005, -6.22658058e-006, -1, 0.145937207, -0.0941661377, -0.164418579, 0, 0, 0, 0, 0, 0, 0, 0.221145703, -0.0423513672, -0.121291162, 0, 0, 0, 0, 0, 0, 0, 1, 1, 1, 
121.617425, 0.1, 0.1, 0.120366844, 0.17311183, -0.0199700735, 0.799230219, 0.601025005, 4.59842625e-006, 0.601025005, -0.799230219, 1.21440876e-005, 1.09741015e-005, -6.94215263e-006, -1, 0.799230191, 0.601025042, 2.13336795e-005, 0.601025042, -0.799230192, 7.1019064e-006, 2.13189444e-005, 7.14601762e-006, -1, 0.145937207, -0.0941661377, -0.164418579, 0, 0, 0, 0, 0, 0, 0, 0.221145703, -0.0423513672, -0.121291162, 0, 0, 0, 0, 0, 0, 0, 1, 1, 1, 
121.61816, 0.1, 0.1, 0.120366843, 0.173111828, -0.0199694598, 0.799230186, 0.601025049, 1.37304922e-005, 0.601025049, -0.799230186, 2.36820181e-007, 1.11161587e-005, 8.06309593e-006, -1, 0.79923021, 0.601025017, 1.11214224e-006, 0.601025017, -0.79923021, -1.62290141e-005, -8.8651858e-006, 1.36391437e-005, -1, 0.14629375, -0.0959744141, -0.164334741, 0, 0, 0, 0, 0, 0, 0, 0.221169238, -0.0441347656, -0.12110918, 0, 0, 0, 0, 0, 0, 0, 1, 1, 1, 
121.618867, 0.1, 0.1, 0.120366843, 0.173111828, -0.0199687496, 0.799229975, 0.60102533, -1.01603659e-005, 0.601025329, -0.799229975, -2.35683547e-005, -2.22856471e-005, 1.27298983e-005, -1, 0.799230016, 0.601025275, -5.07389466e-006, 0.601025275, -0.799230016, -1.41158627e-005, -1.25391992e-005, 8.23228223e-006, -1, 0.14629375, -0.0959744141, -0.164334741, 0, 0, 0, 0, 0, 0, 0, 0.221169238, -0.0441347656, -0.12110918, 0, 0, 0, 0, 0, 0, 0, 1, 1, 1, 
121.619575, 0.1, 0.1, 0.120366844, 0.173111828, -0.0199681999, 0.799229874, 0.601025463, 2.11100525e-005, 0.601025463, -0.799229875, 4.11450004e-006, 1.93447039e-005, 9.39924773e-006, -1, 0.799229874, 0.601025464, 1.25924276e-005, 0.601025463, -0.799229874, 1.69838646e-005, 2.02719794e-005, -6.00564232e-006, -1, 0.14629375, -0.0959744141, -0.164334741, 0, 0, 0, 0, 0, 0, 0, 0.221169238, -0.0441347656, -0.12110918, 0, 0, 0, 0, 0, 0, 0, 1, 1, 1, 
121.620288, 0.1, 0.1, 0.120366843, 0.173111826, -0.0199679638, 0.799230012, 0.60102528, -1.00639549e-005, 0.60102528, -0.799230012, -6.83263253e-007, -8.45407329e-006, -5.50260682e-006, -1, 0.799229972, 0.601025334, -2.31271481e-005, 0.601025334, -0.799229972, -3.49914902e-006, -2.05869871e-005, -1.11033771e-005, -1, 0.14629375, -0.0959744141, -0.164334741, 0, 0, 0, 0, 0, 0, 0, 0.221169238, -0.0441347656, -0.12110918, 0, 0, 0, 0, 0, 0, 0, 1, 1, 1, 
121.621, 0.1, 0.1, 0.120366846, 0.173111827, -0.0199680007, 0.799230171, 0.601025068, -1.3158918e-005, 0.601025068, -0.799230172, 2.6209895e-006, -8.94172391e-006, -1.00036135e-005, -1, 0.799230157, 0.601025088, 6.24563821e-006, 0.601025088, -0.799230157, 1.17073525e-005, 1.2028115e-005, -5.60308392e-006, -1, 0.14629375, -0.0959744141, -0.164334741, 0, 0, 0, 0, 0, 0, 0, 0.221169238, -0.0441347656, -0.12110918, 0, 0, 0, 0, 0, 0, 0, 1, 1, 1, 
121.621709, 0.1, 0.1, 0.120366846, 0.173111825, -0.0199683232, 0.799230098, 0.601025166, 1.52868401e-005, 0.601025166, -0.799230098, 1.68466254e-005, 2.23429485e-005, -4.27655444e-006, -1, 0.799230134, 0.601025118, 1.69769809e-005, 0.601025118, -0.799230134, -7.06165042e-007, 1.31440918e-005, 1.07679804e-005, -1, 0.14629375, -0.0959744141, -0.164334741, 0, 0, 0, 0, 0, 0, 0, 0.221169238, -0.0441347656, -0.12110918, 0, 0, 0, 0, 0, 0, 0, 1, 1, 1, 
121.622432, 0.1, 0.1, 0.120366846, 0.173111823, -0.0199688197, 0.79922989, 0.601025443, -1.13580755e-005, 0.601025443, -0.79922989, -2.02454249e-005, -2.12457289e-005, 9.35425637e-006, -1, 0.799229929, 0.60102539, -8.26713827e-006, 0.60102539, -0.799229929, -2.51943434e-005, -2.17497844e-005, 1.51673133e-005, -1, 0.14629375, -0.0959744141, -0.164334741, 0, 0, 0, 0, 0, 0, 0, 0.221169238, -0.0441347656, -0.12110918, 0, 0, 0, 0, 0, 0, 0, 1, 1, 1, 
121.623155, 0.1, 0.1, 0.120366848, 0.173111824, -0.0199690502, 0.799229844, 0.601025504, 1.50208952e-005, 0.601025504, -0.799229844, -6.23071879e-006, 8.26032681e-006, 1.40077175e-005, -1, 0.799229833, 0.601025518, 2.12760692e-005, 0.601025518, -0.799229833, 3.98822662e-006, 1.94014952e-005, 9.59995084e-006, -1, 0.146479175, -0.0979949463, -0.164444971, 0, 0, 0, 0, 0, 0, 0, 0.221195947, -0.0456548828, -0.121108936, 0, 0, 0, 0, 0, 0, 0, 1, 1, 1, 
121.623865, 0.1, 0.1, 0.120366847, 0.173111823, -0.0199692412, 0.799230014, 0.601025278, 1.24327047e-005, 0.601025278, -0.799230014, -1.56145064e-007, 9.84274358e-006, 7.59716559e-006, -1, 0.799229972, 0.601025333, -1.25500912e-005, 0.601025333, -0.799229972, -8.82164821e-007, -1.05606125e-005, -6.8378702e-006, -1, 0.146479175, -0.0979949463, -0.164444971, 0, 0, 0, 0, 0, 0, 0, 0.221195947, -0.0456548828, -0.121108936, 0, 0, 0, 0, 0, 0, 0, 1, 1, 1, 
121.624572, 0.1, 0.1, 0.120366847, 0.173111823, -0.0199693792, 0.799230136, 0.601025116, -2.12342355e-005, 0.601025116, -0.799230136, -7.22389139e-006, -2.13127811e-005, -6.98875713e-006, -1, 0.79923013, 0.601025123, -1.69398117e-005, 0.601025123, -0.79923013, 2.92411423e-006, -1.17813418e-005, -1.25182926e-005, -1, 0.146479175, -0.0979949463, -0.164444971, 0, 0, 0, 0, 0, 0, 0, 0.221195947, -0.0456548828, -0.121108936, 0, 0, 0, 0, 0, 0, 0, 1, 1, 1, 
121.625297, 0.1, 0.1, 0.120366848, 0.173111823, -0.0199693652, 0.799230023, 0.601025265, 6.73113966e-006, 0.601025265, -0.799230023, 2.12625683e-005, 1.81590697e-005, -1.2948098e-005, -1, 0.799230065, 0.60102521, 1.08137481e-005, 0.60102521, -0.799230065, 1.79624794e-005, 1.94385755e-005, -7.85681839e-006, -1, 0.146479175, -0.0979949463, -0.164444971, 0, 0, 0, 0, 0, 0, 0, 0.221195947, -0.0456548828, -0.121108936, 0, 0, 0, 0, 0, 0, 0, 1, 1, 1, 
121.626005, 0.1, 0.1, 0.120366847, 0.173111821, -0.0199690913, 0.799229835, 0.601025516, -1.32580358e-005, 0.601025516, -0.799229835, -6.86024197e-007, -1.10085358e-005, -7.42012679e-006, -1, 0.799229866, 0.601025474, -1.34731028e-005, 0.601025474, -0.799229867, -1.86694731e-005, -2.19889351e-005, 6.82352254e-006, -1, 0.146479175, -0.0979949463, -0.164444971, 0, 0, 0, 0, 0, 0, 0, 0.221083887, -0.0476395508, -0.120975049, 0, 0, 0, 0, 0, 0, 0, 1, 1, 1, 
121.626717, 0.1, 0.1, 0.120366849, 0.173111821, -0.0199688209, 0.799229847, 0.6010255, -3.5537622e-006, 0.6010255, -0.799229847, -1.43584797e-005, -1.14700853e-005, 9.33982381e-006, -1, 0.799229826, 0.601025527, 1.55973696e-005, 0.601025528, -0.799229826, -6.6985275e-006, 8.43989696e-006, 1.47280802e-005, -1, 0.146479175, -0.0979949463, -0.164444971, 0, 0, 0, 0, 0, 0, 0, 0.221083887, -0.0476395508, -0.120975049, 0, 0, 0, 0, 0, 0, 0, 1, 1, 1, 
121.627428, 0.1, 0.1, 0.120366849, 0.17311182, -0.0199686186, 0.799230041, 0.601025242, 2.80114863e-005, 0.601025242, -0.799230041, 2.30273083e-006, 2.37716207e-005, 1.49951987e-005, -1, 0.799230002, 0.601025293, 1.69887452e-005, 0.601025293, -0.799230003, -1.46457684e-008, 1.35691124e-005, 1.02223709e-005, -1, 0.146479175, -0.0979949463, -0.164444971, 0, 0, 0, 0, 0, 0, 0, 0.221083887, -0.0476395508, -0.120975049, 0, 0, 0, 0, 0, 0, 0, 1, 1, 1, 
121.628148, 0.1, 0.1, 0.12036685, 0.17311182, -0.0199683942, 0.799230129, 0.601025125, -6.4951797e-006, 0.601025125, -0.799230129, -1.97309e-005, -1.70499099e-005, 1.18657635e-005, -1, 0.799230132, 0.601025121, -1.65093125e-005, 0.601025121, -0.799230132, -7.93378388e-006, -1.79631434e-005, -3.5815924e-006, -1, 0.146914941, -0.100025, -0.164393604, 0, 0, 0, 0, 0, 0, 0, 0.221083887, -0.0476395508, -0.120975049, 0, 0, 0, 0, 0, 0, 0, 1, 1, 1, 
121.62886, 0.1, 0.1, 0.120366852, 0.173111821, -0.0199683592, 0.799229979, 0.601025325, 6.78729012e-006, 0.601025325, -0.799229979, 9.09265122e-006, 1.08895194e-005, -3.1877862e-006, -1, 0.79923002, 0.60102527, 1.30243423e-005, 0.601025269, -0.79923002, 2.03792606e-005, 2.2657896e-005, -8.45975806e-006, -1, 0.146914941, -0.100025, -0.164393604, 0, 0, 0, 0, 0, 0, 0, 0.221083887, -0.0476395508, -0.120975049, 0, 0, 0, 0, 0, 0, 0, 1, 1, 1, 
121.629575, 0.1, 0.1, 0.120366852, 0.173111818, -0.0199685061, 0.799229812, 0.601025547, 1.58872498e-006, 0.601025546, -0.799229812, 1.33049344e-005, 9.26636181e-006, -9.67883589e-006, -1, 0.799229827, 0.601025526, -1.15834443e-005, 0.601025526, -0.799229827, -2.45540127e-006, -1.07335931e-005, -4.99951579e-006, -1, 0.146914941, -0.100025, -0.164393604, 0, 0, 0, 0, 0, 0, 0, 0.221083887, -0.0476395508, -0.120975049, 0, 0, 0, 0, 0, 0, 0, 1, 1, 1, 
121.630316, 0.1, 0.1, 0.120366852, 0.173111817, -0.019968646, 0.799229885, 0.601025449, -2.64063028e-005, 0.601025449, -0.799229885, -9.34747076e-006, -2.67227742e-005, -8.40008204e-006, -1, 0.799229843, 0.601025505, -7.45581871e-006, 0.601025505, -0.799229843, -1.67490446e-005, -1.60255158e-005, 8.9051991e-006, -1, 0.147463477, -0.101378613, -0.164483447, 0, 0, 0, 0, 0, 0, 0, 0.221083887, -0.0476395508, -0.120975049, 0, 0, 0, 0, 0, 0, 0, 1, 1, 1, 
121.631024, 0.1, 0.1, 0.120366853, 0.173111817, -0.0199686027, 0.799230093, 0.601025172, 1.69311165e-005, 0.601025172, -0.799230094, 6.36021649e-006, 1.7354508e-005, 5.0927508e-006, -1, 0.799230057, 0.601025221, 2.04077272e-005, 0.601025221, -0.799230057, 2.11558183e-006, 1.7581987e-005, 1.05747221e-005, -1, 0.147463477, -0.101378613, -0.164483447, 0, 0, 0, 0, 0, 0, 0, 0.221319434, -0.0487900879, -0.120819922, 0, 0, 0, 0, 0, 0, 0, 1, 1, 1, 
121.63173, 0.1, 0.1, 0.120366851, 0.173111815, -0.0199687335, 0.799230144, 0.601025105, 3.91537156e-008, 0.601025105, -0.799230144, -1.45331074e-005, -8.70346959e-006, 1.16388299e-005, -1, 0.799230154, 0.601025092, -1.2210443e-005, 0.601025092, -0.799230154, -1.75416018e-005, -2.03018971e-005, 6.68099443e-006, -1, 0.147463477, -0.101378613, -0.164483447, 0, 0, 0, 0, 0, 0, 0, 0.221319434, -0.0487900879, -0.120819922, 0, 0, 0, 0, 0, 0, 0, 1, 1, 1, 
121.63244, 0.1, 0.1, 0.120366853, 0.173111817, -0.0199689624, 0.799229977, 0.601025327, -2.99197034e-006, 0.601025327, -0.799229977, -1.12873438e-005, -9.17525191e-006, 7.22293361e-006, -1, 0.799230017, 0.601025274, 4.26100211e-006, 0.601025274, -0.799230017, 1.27885419e-005, 1.10917577e-005, -7.6600166e-006, -1, 0.147463477, -0.101378613, -0.164483447, 0, 0, 0, 0, 0, 0, 0, 0.221319434, -0.0487900879, -0.120819922, 0, 0, 0, 0, 0, 0, 0, 1, 1, 1, 
121.63315, 0.1, 0.1, 0.120366852, 0.173111817, -0.0199691819, 0.799229857, 0.601025487, 1.40624584e-005, 0.601025487, -0.799229857, 1.76565476e-005, 2.18511717e-005, -5.65974406e-006, -1, 0.799229862, 0.60102548, 3.28325574e-006, 0.60102548, -0.799229862, 1.67403326e-005, 1.26854425e-005, -1.14060533e-005, -1, 0.147463477, -0.101378613, -0.164483447, 0, 0, 0, 0, 0, 0, 0, 0.221319434, -0.0487900879, -0.120819922, 0, 0, 0, 0, 0, 0, 0, 1, 1, 1, 
121.633869, 0.1, 0.1, 0.120366853, 0.173111815, -0.0199692329, 0.799229969, 0.601025338, -2.1479842e-005, 0.601025338, -0.799229969, -4.17840638e-006, -1.96786616e-005, -9.57042172e-006, -1, 0.799229931, 0.601025389, -1.93504645e-005, 0.601025389, -0.799229931, -8.40472867e-006, -2.05169257e-005, -4.91280971e-006, -1, 0.147463477, -0.101378613, -0.164483447, 0, 0, 0, 0, 0, 0, 0, 0.221319434, -0.0487900879, -0.120819922, 0, 0, 0, 0, 0, 0, 0, 1, 1, 1, 
121.634581, 0.1, 0.1, 0.120366855, 0.173111815, -0.0199691933, 0.799230161, 0.601025083, 4.28563367e-006, 0.601025083, -0.799230161, 9.63876214e-006, 9.21834551e-006, -5.12781608e-006, -1, 0.799230128, 0.601025126, 2.1915375e-005, 0.601025126, -0.799230128, 4.59538011e-006, 2.02773669e-005, 9.49892478e-006, -1, 0.147463477, -0.101378613, -0.164483447, 0, 0, 0, 0, 0, 0, 0, 0.221319434, -0.0487900879, -0.120819922, 0, 0, 0, 0, 0, 0, 0, 1, 1, 1, 
121.635317, 0.1, 0.1, 0.120366855, 0.173111813, -0.0199688901, 0.799230148, 0.6010251, 1.57615833e-005, 0.6010251, -0.799230148, -1.30772135e-006, 1.18111592e-005, 1.05182775e-005, -1, 0.799230168, 0.601025073, 3.25878964e-006, 0.601025073, -0.799230168, -1.82296886e-005, -8.35197693e-006, 1.65283314e-005, -1, 0.148083179, -0.102957422, -0.164601123, 0, 0, 0, 0, 0, 0, 0, 0.221794824, -0.0499289063, -0.120883154, 0, 0, 0, 0, 0, 0, 0, 1, 1, 1, 
121.636028, 0.1, 0.1, 0.120366855, 0.173111813, -0.0199684881, 0.799229949, 0.601025364, -9.89715061e-006, 0.601025364, -0.799229949, -2.40146571e-005, -2.23435172e-005, 1.32447947e-005, -1, 0.799229988, 0.601025312, -4.43523206e-006, 0.601025312, -0.799229988, -1.45857239e-005, -1.23111597e-005, 8.9916612e-006, -1, 0.148083179, -0.102957422, -0.164601123, 0, 0, 0, 0, 0, 0, 0, 0.221794824, -0.0499289063, -0.120883154, 0, 0, 0, 0, 0, 0, 0, 1, 1, 1, 
121.636736, 0.1, 0.1, 0.120366856, 0.173111813, -0.0199682844, 0.799229861, 0.601025481, 1.99471909e-005, 0.601025482, -0.799229861, 4.67621479e-006, 1.87529148e-005, 8.25139952e-006, -1, 0.799229858, 0.601025485, 1.15598941e-005, 0.601025484, -0.799229859, 1.73414807e-005, 1.96616844e-005, -6.91203822e-006, -1, 0.148083179, -0.102957422, -0.164601123, 0, 0, 0, 0, 0, 0, 0, 0.221794824, -0.0499289063, -0.120883154, 0, 0, 0, 0, 0, 0, 0, 1, 1, 1, 
121.637445, 0.1, 0.1, 0.120366854, 0.173111812, -0.019968361, 0.799230006, 0.601025289, -1.1940743e-005, 0.601025289, -0.799230006, 7.1633051e-007, -9.11286737e-006, -7.74920136e-006, -1, 0.799229965, 0.601025342, -2.43819609e-005, 0.601025343, -0.799229965, -2.12088375e-006, -2.07614986e-005, -1.29591026e-005, -1, 0.148083179, -0.102957422, -0.164601123, 0, 0, 0, 0, 0, 0, 0, 0.221794824, -0.0499289063, -0.120883154, 0, 0, 0, 0, 0, 0, 0, 1, 1, 1, 
121.638168, 0.1, 0.1, 0.120366856, 0.173111813, -0.0199685162, 0.799230173, 0.601025066, -1.51108578e-005, 0.601025066, -0.799230173, 5.02367458e-006, -9.05769915e-006, -1.30970766e-005, -1, 0.799230158, 0.601025087, 3.76917599e-006, 0.601025087, -0.799230158, 1.37959145e-005, 1.13041298e-005, -8.76074161e-006, -1, 0.148083179, -0.102957422, -0.164601123, 0, 0, 0, 0, 0, 0, 0, 0.222109961, -0.0515339844, -0.120571191, 0, 0, 0, 0, 0, 0, 0, 1, 1, 1, 
121.638876, 0.1, 0.1, 0.120366857, 0.173111812, -0.019968737, 0.799230107, 0.601025154, 1.35551258e-005, 0.601025154, -0.799230107, 1.91360573e-005, 2.23349164e-005, -7.14714153e-006, -1, 0.799230142, 0.601025108, 1.50490501e-005, 0.601025108, -0.799230142, 1.87854771e-006, 1.31567088e-005, 7.54346504e-006, -1, 0.148083179, -0.102957422, -0.164601123, 0, 0, 0, 0, 0, 0, 0, 0.222109961, -0.0515339844, -0.120571191, 0, 0, 0, 0, 0, 0, 0, 1, 1, 1, 
121.639586, 0.1, 0.1, 0.120366857, 0.173111811, -0.0199690398, 0.799229911, 0.601025415, -1.19370695e-005, 0.601025415, -0.799229911, -1.88106954e-005, -2.0846169e-005, 7.85958828e-006, -1, 0.799229946, 0.601025369, -9.26484388e-006, 0.601025368, -0.799229946, -2.31824735e-005, -2.13379954e-005, 1.29597209e-005, -1, 0.148083179, -0.102957422, -0.164601123, 0, 0, 0, 0, 0, 0, 0, 0.222109961, -0.0515339844, -0.120571191, 0, 0, 0, 0, 0, 0, 0, 1, 1, 1, 
121.640339, 0.1, 0.1, 0.120366858, 0.173111812, -0.0199691782, 0.799229873, 0.601025465, 1.44086212e-005, 0.601025465, -0.799229873, -9.52702407e-006, 5.78981643e-006, 1.62742305e-005, -1, 0.799229858, 0.601025486, 2.11903925e-005, 0.601025486, -0.799229858, 2.35719364e-006, 1.83527278e-005, 1.08520264e-005, -1, 0.148879492, -0.10454856, -0.164518018, 0, 0, 0, 0, 0, 0, 0, 0.222109961, -0.0515339844, -0.120571191, 0, 0, 0, 0, 0, 0, 0, 1, 1, 1, 
121.64116, 0.1, 0.1, 0.120366857, 0.17311181, -0.0199679634, 0.799230099, 0.601025165, 2.32813921e-005, 0.601025165, -0.799230099, -1.05251709e-006, 1.79746001e-005, 1.48339059e-005, -1, 0.79923005, 0.601025231, -4.10037825e-006, 0.601025231, -0.79923005, -1.79428678e-006, -4.35555714e-006, -1.03038287e-006, -1, 0.148879492, -0.10454856, -0.164518018, 0, 0, 0, 0, 0, 0, 0, 0.222109961, -0.0515339844, -0.120571191, 0, 0, 0, 0, 0, 0, 0, 1, 1, 1, 
121.641875, 0.1, 0.1, 0.12036686, 0.17311181, -0.0199664825, 0.799230246, 0.601024969, -1.5012685e-005, 0.601024969, -0.799230246, -1.02058823e-005, -1.8132582e-005, -8.66148696e-007, -1, 0.799230238, 0.60102498, -1.00006054e-005, 0.60102498, -0.799230238, 8.21683756e-007, -7.49893374e-006, -6.66732814e-006, -1, 0.148879492, -0.10454856, -0.164518018, 0, 0, 0, 0, 0, 0, 0, 0.222109961, -0.0515339844, -0.120571191, 0, 0, 0, 0, 0, 0, 0, 1, 1, 1, 
121.642656, 0.1, 0.1, 0.120366862, 0.17311181, -0.0199653909, 0.79923011, 0.601025151, 1.30163316e-005, 0.60102515, -0.79923011, 2.86376393e-005, 2.76149856e-005, -1.50649209e-005, -1, 0.799230159, 0.601025085, 1.87563402e-005, 0.601025085, -0.799230159, 2.54498493e-005, 3.02866306e-005, -9.06725612e-006, -1, 0.149688623, -0.106137622, -0.164429419, 0, 0, 0, 0, 0, 0, 0, 0.222109961, -0.0515339844, -0.120571191, 0, 0, 0, 0, 0, 0, 0, 1, 1, 1, 
121.643384, 0.1, 0.1, 0.120366861, 0.173111808, -0.0199647657, 0.799229875, 0.601025463, -1.69993243e-005, 0.601025463, -0.799229875, 1.2382862e-007, -1.35119436e-005, -1.03159943e-005, -1, 0.799229912, 0.601025413, -1.60097414e-005, 0.601025413, -0.799229912, -2.02802492e-005, -2.49844094e-005, 6.58632036e-006, -1, 0.149688623, -0.106137622, -0.164429419, 0, 0, 0, 0, 0, 0, 0, 0.222623437, -0.0529375488, -0.120480762, 0, 0, 0, 0, 0, 0, 0, 1, 1, 1, 
121.644096, 0.1, 0.1, 0.120366862, 0.173111809, -0.0199654307, 0.799229878, 0.601025459, -9.54360861e-006, 0.601025459, -0.799229878, -1.63383881e-005, -1.74473243e-005, 7.32217616e-006, -1, 0.799229857, 0.601025487, 1.21973941e-005, 0.601025487, -0.799229857, -7.49601359e-006, 5.24322635e-006, 1.33219826e-005, -1, 0.149688623, -0.106137622, -0.164429419, 0, 0, 0, 0, 0, 0, 0, 0.222623437, -0.0529375488, -0.120480762, 0, 0, 0, 0, 0, 0, 0, 1, 1, 1, 
121.644839, 0.1, 0.1, 0.120366861, 0.173111808, -0.0199670007, 0.799230093, 0.601025173, 2.28062156e-005, 0.601025173, -0.799230093, 1.39115637e-006, 1.90635338e-005, 1.25952556e-005, -1, 0.799230051, 0.601025228, 1.1171815e-005, 0.601025228, -0.799230051, -1.18679257e-006, 8.21555801e-006, 7.66306295e-006, -1, 0.149688623, -0.106137622, -0.164429419, 0, 0, 0, 0, 0, 0, 0, 0.222623437, -0.0529375488, -0.120480762, 0, 0, 0, 0, 0, 0, 0, 1, 1, 1, 
121.645593, 0.1, 0.1, 0.120366859, 0.173111808, -0.0199684314, 0.799230194, 0.601025038, -1.30392611e-005, 0.601025038, -0.799230194, -1.95703913e-005, -2.21836663e-005, 7.80432526e-006, -1, 0.799230197, 0.601025034, -2.40236774e-005, 0.601025034, -0.799230197, -7.37997959e-006, -2.36360009e-005, -8.54052901e-006, -1, 0.149688623, -0.106137622, -0.164429419, 0, 0, 0, 0, 0, 0, 0, 0.222623437, -0.0529375488, -0.120480762, 0, 0, 0, 0, 0, 0, 0, 1, 1, 1, 
121.646306, 0.1, 0.1, 0.120366861, 0.173111809, -0.019969676, 0.799230045, 0.601025237, 4.20849304e-006, 0.601025237, -0.799230045, 9.67589546e-006, 9.17901144e-006, -5.20385583e-006, -1, 0.799230085, 0.601025183, 9.32378707e-006, 0.601025183, -0.799230085, 2.02343171e-005, 1.96131853e-005, -1.05680442e-005, -1, 0.149688623, -0.106137622, -0.164429419, 0, 0, 0, 0, 0, 0, 0, 0.222623437, -0.0529375488, -0.120480762, 0, 0, 0, 0, 0, 0, 0, 1, 1, 1, 
121.647026, 0.1, 0.1, 0.12036686, 0.173111806, -0.0199705586, 0.799229877, 0.60102546, 4.16789608e-006, 0.60102546, -0.799229877, 1.37096312e-005, 1.15709445e-005, -8.45213518e-006, -1, 0.799229894, 0.601025437, -9.20898803e-006, 0.601025437, -0.799229895, -1.22319733e-006, -8.09527124e-006, -4.55722018e-006, -1, 0.149688623, -0.106137622, -0.164429419, 0, 0, 0, 0, 0, 0, 0, 0.222623437, -0.0529375488, -0.120480762, 0, 0, 0, 0, 0, 0, 0, 1, 1, 1, 
121.647827, 0.1, 0.1, 0.120366862, 0.173111805, -0.019970027, 0.799229949, 0.601025364, -2.08975728e-005, 0.601025364, -0.799229949, -1.12093719e-005, -2.34390829e-005, -3.60110556e-006, -1, 0.799229914, 0.601025411, -5.11964685e-006, 0.601025411, -0.799229914, -1.78552892e-005, -1.48232575e-005, 1.11934434e-005, -1, 0.150704028, -0.107731445, -0.164566748, 0, 0, 0, 0, 0, 0, 0, 0.223158643, -0.0545726563, -0.120408643, 0, 0, 0, 0, 0, 0, 0, 1, 1, 1, 
121.648547, 0.1, 0.1, 0.120366864, 0.173111805, -0.0199687661, 0.799230154, 0.601025091, 2.20639092e-005, 0.601025092, -0.799230154, 4.96104517e-006, 2.06158542e-005, 9.29594613e-006, -1, 0.799230117, 0.60102514, 2.6031847e-005, 0.60102514, -0.799230117, 6.56089702e-007, 2.11997626e-005, 1.51214279e-005, -1, 0.150704028, -0.107731445, -0.164566748, 0, 0, 0, 0, 0, 0, 0, 0.223158643, -0.0545726563, -0.120408643, 0, 0, 0, 0, 0, 0, 0, 1, 1, 1, 
121.649261, 0.1, 0.1, 0.120366862, 0.173111803, -0.0199675877, 0.799230198, 0.601025034, 3.27265256e-006, 0.601025033, -0.799230198, -1.54256235e-005, -6.6555831e-006, 1.42955702e-005, -1, 0.799230209, 0.601025018, -9.09189233e-006, 0.601025018, -0.799230209, -1.91279481e-005, -1.87628903e-005, 9.82317918e-006, -1, 0.150704028, -0.107731445, -0.164566748, 0, 0, 0, 0, 0, 0, 0, 0.223158643, -0.0545726563, -0.120408643, 0, 0, 0, 0, 0, 0, 0, 1, 1, 1, 
121.650001, 0.1, 0.1, 0.120366864, 0.173111805, -0.0199666727, 0.799230006, 0.601025289, -4.55637506e-006, 0.601025289, -0.799230006, -1.26618689e-005, -1.12516951e-005, 7.38124891e-006, -1, 0.799230052, 0.601025227, 4.05619617e-006, 0.601025227, -0.799230052, 1.37416088e-005, 1.15008875e-005, -8.54483053e-006, -1, 0.150704028, -0.107731445, -0.164566748, 0, 0, 0, 0, 0, 0, 0, 0.223158643, -0.0545726563, -0.120408643, 0, 0, 0, 0, 0, 0, 0, 1, 1, 1, 
121.650744, 0.1, 0.1, 0.120366863, 0.173111806, -0.0199660159, 0.799229867, 0.601025473, 1.27419128e-005, 0.601025473, -0.799229867, 2.30147669e-005, 2.40161785e-005, -1.0735875e-005, -1, 0.799229872, 0.601025466, 6.05365799e-007, 0.601025466, -0.799229872, 2.20663275e-005, 1.37462512e-005, -1.72722278e-005, -1, 0.150704028, -0.107731445, -0.164566748, 0, 0, 0, 0, 0, 0, 0, 0.223663818, -0.0561711426, -0.120279883, 0, 0, 0, 0, 0, 0, 0, 1, 1, 1, 
121.651469, 0.1, 0.1, 0.120366863, 0.173111805, -0.0199661386, 0.799230001, 0.601025295, -2.71789558e-005, 0.601025295, -0.799230001, -7.64043432e-007, -2.21814463e-005, -1.57245935e-005, -1, 0.799229956, 0.601025355, -2.50230561e-005, 0.601025355, -0.799229956, -5.31420321e-006, -2.31931469e-005, -1.07922208e-005, -1, 0.150704028, -0.107731445, -0.164566748, 0, 0, 0, 0, 0, 0, 0, 0.223663818, -0.0561711426, -0.120279883, 0, 0, 0, 0, 0, 0, 0, 1, 1, 1, 
121.652186, 0.1, 0.1, 0.120366865, 0.173111806, -0.0199669104, 0.799230221, 0.601025002, 4.20843738e-006, 0.601025002, -0.799230221, 1.32973733e-005, 1.13555642e-005, -8.09828652e-006, -1, 0.799230184, 0.601025052, 2.26348822e-005, 0.601025052, -0.799230184, 8.04240363e-006, 2.29241672e-005, 7.17639953e-006, -1, 0.150704028, -0.107731445, -0.164566748, 0, 0, 0, 0, 0, 0, 0, 0.223663818, -0.0561711426, -0.120279883, 0, 0, 0, 0, 0, 0, 0, 1, 1, 1, 
121.652985, 0.1, 0.1, 0.120366863, 0.173111803, -0.0199673927, 0.799230204, 0.601025025, 1.50541292e-005, 0.601025025, -0.799230204, -4.31039789e-006, 9.44105777e-006, 1.24929086e-005, -1, 0.799230228, 0.601024993, 1.36155863e-006, 0.601024993, -0.799230228, -2.21100421e-005, -1.22004891e-005, 1.84893447e-005, -1, 0.151720044, -0.109293286, -0.164622046, 0, 0, 0, 0, 0, 0, 0, 0.223663818, -0.0561711426, -0.120279883, 0, 0, 0, 0, 0, 0, 0, 1, 1, 1, 
121.653704, 0.1, 0.1, 0.120366864, 0.173111803, -0.0199679325, 0.799229982, 0.60102532, -8.52646428e-006, 0.60102532, -0.799229982, -2.47559887e-005, -2.1693582e-005, 1.46611075e-005, -1, 0.799230025, 0.601025263, -3.43282568e-006, 0.601025263, -0.799230025, -1.55428818e-005, -1.2085282e-005, 1.03591229e-005, -1, 0.151720044, -0.109293286, -0.164622046, 0, 0, 0, 0, 0, 0, 0, 0.223663818, -0.0561711426, -0.120279883, 0, 0, 0, 0, 0, 0, 0, 1, 1, 1, 
121.654417, 0.1, 0.1, 0.120366865, 0.173111803, -0.0199687054, 0.799229875, 0.601025462, 2.24584699e-005, 0.601025462, -0.799229875, 6.50175042e-006, 2.18571977e-005, 8.30171909e-006, -1, 0.799229876, 0.601025461, 1.41652682e-005, 0.601025461, -0.799229876, 1.85568493e-005, 2.24744445e-005, -6.3175015e-006, -1, 0.151720044, -0.109293286, -0.164622046, 0, 0, 0, 0, 0, 0, 0, 0.223663818, -0.0561711426, -0.120279883, 0, 0, 0, 0, 0, 0, 0, 1, 1, 1, 
121.655209, 0.1, 0.1, 0.120366863, 0.173111803, -0.0199690225, 0.799230032, 0.601025255, -1.17003307e-005, 0.601025255, -0.799230032, 6.47508631e-006, -5.45956532e-006, -1.22072777e-005, -1, 0.799229986, 0.601025314, -2.51980097e-005, 0.601025315, -0.799229986, 3.28682948e-006, -1.81635372e-005, -1.77715744e-005, -1, 0.152009717, -0.1110979, -0.164559082, 0, 0, 0, 0, 0, 0, 0, 0.223663818, -0.0561711426, -0.120279883, 0, 0, 0, 0, 0, 0, 0, 1, 1, 1, 
121.655927, 0.1, 0.1, 0.120366865, 0.173111805, -0.0199686181, 0.799230201, 0.60102503, -1.53939637e-005, 0.60102503, -0.799230201, 8.33826928e-006, -7.29181217e-006, -1.59163541e-005, -1, 0.799230184, 0.601025052, 3.88499237e-006, 0.601025052, -0.799230184, 1.76668684e-005, 1.37232337e-005, -1.17849167e-005, -1, 0.152009717, -0.1110979, -0.164559082, 0, 0, 0, 0, 0, 0, 0, 0.223768408, -0.0579591797, -0.120157471, 0, 0, 0, 0, 0, 0, 0, 1, 1, 1, 
121.656643, 0.1, 0.1, 0.120366865, 0.173111805, -0.0199682925, 0.799230133, 0.601025119, 1.30700802e-005, 0.601025119, -0.799230134, 2.08635581e-005, 2.29855244e-005, -8.81933776e-006, -1, 0.799230169, 0.601025072, 1.48281029e-005, 0.601025072, -0.799230169, 3.7132815e-006, 1.40828425e-005, 5.94429502e-006, -1, 0.152009717, -0.1110979, -0.164559082, 0, 0, 0, 0, 0, 0, 0, 0.223768408, -0.0579591797, -0.120157471, 0, 0, 0, 0, 0, 0, 0, 1, 1, 1, 
121.657399, 0.1, 0.1, 0.120366865, 0.173111803, -0.0199679961, 0.799229926, 0.601025394, -1.46978892e-005, 0.601025394, -0.799229926, -2.0796049e-005, -2.42459465e-005, 7.78702003e-006, -1, 0.799229965, 0.601025343, -1.16148832e-005, 0.601025342, -0.799229965, -2.55496979e-005, -2.46389787e-005, 1.3439245e-005, -1, 0.152009717, -0.1110979, -0.164559082, 0, 0, 0, 0, 0, 0, 0, 0.223768408, -0.0579591797, -0.120157471, 0, 0, 0, 0, 0, 0, 0, 1, 1, 1, 
121.658235, 0.1, 0.1, 0.120366868, 0.173111807, -0.019965974, 0.799229922, 0.6010254, 2.10842357e-005, 0.6010254, -0.799229922, -2.62463404e-007, 1.66934049e-005, 1.28819298e-005, -1, 0.799229897, 0.601025433, 2.89524028e-005, 0.601025433, -0.799229897, 1.27585422e-005, 3.08078342e-005, 7.20412207e-006, -0.999999999, 0.152009717, -0.1110979, -0.164559082, 0, 0, 0, 0, 0, 0, 0, 0.223768408, -0.0579591797, -0.120157471, 0, 0, 0, 0, 0, 0, 0, 1, 1, 1, 
121.658952, 0.1, 0.1, 0.120366866, 0.173111805, -0.0199649349, 0.799230177, 0.601025061, 1.46625063e-005, 0.601025061, -0.799230177, -2.27346544e-006, 1.03523078e-005, 1.06295559e-005, -1, 0.799230121, 0.601025135, -1.30658922e-005, 0.601025135, -0.799230121, -1.41707546e-006, -1.12943525e-005, -6.7203602e-006, -1, 0.152009717, -0.1110979, -0.164559082, 0, 0, 0, 0, 0, 0, 0, 0.223768408, -0.0579591797, -0.120157471, 0, 0, 0, 0, 0, 0, 0, 1, 1, 1, 
