time, realDorsalTactorPos, realVentralTactorPos, boxPosX, boxPosY, boxPosZ, boxLocalRot_11, boxLocalRot_12, boxLocalRot_13, boxLocalRot_21, boxLocalRot_22, boxLocalRot_23, boxLocalRot_31, boxLocalRot_32, boxLocalRot_33, boxGlobalRot_11, boxGlobalRot_12, boxGlobalRot_13], boxGlobalRot_21, boxGlobalRot_22, boxGlobalRot_23, boxGlobalRot_31, boxGlobalRot_32, boxGlobalRot_33, indexPosX, indexPosY, indexPosZ, indexContact, indexForceX, indexForceY, indexForceZ, indexForceGlobalX, indexForceGlobalY, indexForceGlobalZ, thumbPosX, thumbPosY, thumbPosZ, thumbContact, thumbForceX, thumbForceY, thumbForceZ, thumbForceGlobalX, thumbForceGlobalY, thumbForceGlobalZ, hoopSuccess, targetSuccess, trialSuccess, 
125.563652, 0.1, 0.1, 0.11047817, 0.179227955, -0.0199479706, 0.939629108, -3.87611028e-005, -0.34219459, 0.34219459, -3.66117323e-006, 0.939629109, -3.76738941e-005, -0.999999999, 9.82369475e-006, 0.939629072, -2.168461e-005, -0.34219469, 0.34219469, -1.26281709e-005, 0.939629073, -2.46967831e-005, -1, -4.44543813e-006, 0.109843555, -0.0360245117, -0.167621143, 0, 0, 0, 0, 0, 0, 0, 0.200212939, 0.0127791504, -0.131523584, 0, 0, 0, 0, 0, 0, 0, 1, 1, 1, 
125.574336, 0.1, 0.1, 0.110478203, 0.179227882, -0.0199668955, 0.939631606, -2.71715284e-005, -0.342187734, 0.342187735, 4.72564661e-005, 0.939631604, -9.36064379e-006, -0.999999999, 5.37014328e-005, 0.939631559, -9.58663059e-006, -0.342187861, 0.342187861, 6.05926416e-005, 0.939631558, 1.17261658e-005, -0.999999998, 6.02151869e-005, 0.111754712, -0.0465892822, -0.168842456, 0, 0, 0, 0, 0, 0, 0, 0.201928076, 0.000588671875, -0.132436084, 0, 0, 0, 0, 0, 0, 0, 1, 1, 1, 
125.575072, 0.1, 0.1, 0.1104782, 0.179227882, -0.0199781596, 0.939631686, 3.1681893e-005, -0.342187513, 0.342187514, -5.39143439e-005, 0.939631684, 1.13204953e-005, -0.999999998, -6.1500774e-005, 0.939631682, 1.7886704e-005, -0.342187526, 0.342187526, -4.16566686e-005, 0.939631681, 2.55252141e-006, -0.999999999, -4.52625326e-005, 0.112353271, -0.0499889404, -0.169096094, 0, 0, 0, 0, 0, 0, 0, 0.201928076, 0.000588671875, -0.132436084, 0, 0, 0, 0, 0, 0, 0, 1, 1, 1, 
125.575778, 0.1, 0.1, 0.110478201, 0.179227875, -0.0199851509, 0.939631724, -9.25401379e-006, -0.342187408, 0.342187408, -3.31695743e-005, 0.939631724, -2.00455756e-005, -0.999999999, -2.80005774e-005, 0.93963171, 4.16018563e-006, -0.342187448, 0.342187447, -4.74435901e-005, 0.939631709, -1.23255587e-005, -0.999999999, -4.6003065e-005, 0.112353271, -0.0499889404, -0.169096094, 0, 0, 0, 0, 0, 0, 0, 0.20230874, -0.00244667969, -0.132693164, 0, 0, 0, 0, 0, 0, 0, 1, 1, 1, 
125.576486, 0.1, 0.1, 0.110478194, 0.179227885, -0.0199869218, 0.939631915, -1.45896115e-005, -0.342186884, 0.342186884, 6.23453171e-005, 0.939631913, 7.62488516e-006, -0.999999998, 6.35740234e-005, 0.939631864, -2.37550022e-005, -0.342187025, 0.342187026, 4.99185428e-005, 0.939631862, -5.23947934e-006, -0.999999998, 5.5033707e-005, 0.112353271, -0.0499889404, -0.169096094, 0, 0, 0, 0, 0, 0, 0, 0.20230874, -0.00244667969, -0.132693164, 0, 0, 0, 0, 0, 0, 0, 1, 1, 1, 
125.57719, 0.1, 0.1, 0.110478191, 0.179227899, -0.0199833988, 0.939632194, -2.24559717e-006, -0.34218612, 0.34218612, 2.18216581e-005, 0.939632193, 5.35703312e-006, -1, 2.12727446e-005, 0.939632134, 3.46740448e-007, -0.342186282, 0.342186282, 4.37670653e-005, 0.939632134, 1.53022978e-005, -0.999999999, 4.10062912e-005, 0.112353271, -0.0499889404, -0.169096094, 0, 0, 0, 0, 0, 0, 0, 0.20230874, -0.00244667969, -0.132693164, 0, 0, 0, 0, 0, 0, 0, 1, 1, 1, 
125.577897, 0.1, 0.1, 0.110478188, 0.179227897, -0.0199759333, 0.939632456, 7.44444418e-006, -0.342185399, 0.3421854, -2.69114709e-005, 0.939632456, -2.21367106e-006, -1, -2.78342716e-005, 0.939632411, -2.15945278e-006, -0.342185522, 0.342185522, -3.72371031e-005, 0.939632411, -1.47710894e-005, -0.999999999, -3.42502555e-005, 0.112353271, -0.0499889404, -0.169096094, 0, 0, 0, 0, 0, 0, 0, 0.20230874, -0.00244667969, -0.132693164, 0, 0, 0, 0, 0, 0, 0, 1, 1, 1, 
125.578612, 0.1, 0.1, 0.110478188, 0.179227905, -0.0199670532, 0.939632587, -8.5599375e-006, -0.34218504, 0.34218504, 1.48182466e-005, 0.939632587, -2.9726139e-006, -1, 1.685279e-005, 0.939632572, 7.46780524e-006, -0.34218508, 0.342185079, 2.99404982e-005, 0.939632572, 1.72621848e-005, -1, 2.55776959e-005, 0.112353271, -0.0499889404, -0.169096094, 0, 0, 0, 0, 0, 0, 0, 0.20230874, -0.00244667969, -0.132693164, 0, 0, 0, 0, 0, 0, 0, 1, 1, 1, 
125.57932, 0.1, 0.1, 0.110478185, 0.179227908, -0.0199597222, 0.939632567, -7.86209127e-006, -0.342185094, 0.342185094, 1.28401687e-005, 0.939632567, -2.99376266e-006, -1, 1.47553312e-005, 0.939632581, 3.55226274e-006, -0.342185057, 0.342185056, 1.33934124e-005, 0.939632581, 7.92084738e-006, -1, 1.13693554e-005, 0.112353271, -0.0499889404, -0.169096094, 0, 0, 0, 0, 0, 0, 0, 0.20230874, -0.00244667969, -0.132693164, 0, 0, 0, 0, 0, 0, 0, 1, 1, 1, 
125.580042, 0.1, 0.1, 0.110478184, 0.17922791, -0.0199556056, 0.939632492, -2.18339329e-005, -0.342185299, 0.342185299, -5.28302187e-006, 0.939632493, -2.23236452e-005, -1, 2.50715185e-006, 0.939632505, 1.17369629e-005, -0.342185266, 0.342185266, -1.70018431e-005, 0.939632505, 5.21065164e-006, -1, -1.99917002e-005, 0.112353271, -0.0499889404, -0.169096094, 0, 0, 0, 0, 0, 0, 0, 0.20230874, -0.00244667969, -0.132693164, 0, 0, 0, 0, 0, 0, 0, 1, 1, 1, 
125.580761, 0.1, 0.1, 0.110478182, 0.179227911, -0.0199555222, 0.939632394, 4.49098104e-005, -0.342185568, 0.342185569, -3.09576549e-006, 0.939632394, 4.11393864e-005, -0.999999999, -1.82763706e-005, 0.939632428, 3.14647396e-005, -0.342185476, 0.342185476, -1.68617074e-005, 0.939632428, 2.37954583e-005, -0.999999999, -2.66105839e-005, 0.112974048, -0.0535921875, -0.169337402, 0, 0, 0, 0, 0, 0, 0, 0.202628125, -0.00573212891, -0.132926807, 0, 0, 0, 0, 0, 0, 0, 1, 1, 1, 
125.581472, 0.1, 0.1, 0.11047818, 0.179227913, -0.0199595556, 0.939632144, -4.50720887e-005, -0.342186254, 0.342186253, -3.83645906e-005, 0.939632144, -5.54790189e-005, -0.999999998, -2.06255534e-005, 0.939632195, -2.57173674e-005, -0.342186116, 0.342186115, -2.49375766e-005, 0.939632195, -3.26981588e-005, -0.999999999, -1.46320238e-005, 0.112974048, -0.0535921875, -0.169337402, 0, 0, 0, 0, 0, 0, 0, 0.202628125, -0.00573212891, -0.132926807, 0, 0, 0, 0, 0, 0, 0, 1, 1, 1, 
125.582176, 0.1, 0.1, 0.110478172, 0.179227914, -0.0199661332, 0.939631997, 2.65517114e-005, -0.342186658, 0.342186658, -4.32938442e-006, 0.939631998, 2.346738e-005, -1, -1.31536695e-005, 0.939632011, -1.38447743e-005, -0.342186622, 0.342186622, -2.27939426e-006, 0.939632011, -1.37889714e-005, -1, 2.59570475e-006, 0.112974048, -0.0535921875, -0.169337402, 0, 0, 0, 0, 0, 0, 0, 0.202628125, -0.00573212891, -0.132926807, 0, 0, 0, 0, 0, 0, 0, 1, 1, 1, 
125.582919, 0.1, 0.1, 0.110478182, 0.179227922, -0.0199731532, 0.939631834, 3.38233488e-005, -0.342187107, 0.342187105, 4.3457824e-005, 0.939631834, 4.66522023e-005, -0.999999998, 2.92604411e-005, 0.939631876, 5.29195382e-005, -0.342186989, 0.342186987, 3.87095136e-005, 0.939631877, 6.29707769e-005, -0.999999998, 1.82643155e-005, 0.113109521, -0.0569707275, -0.169667676, 0, 0, 0, 0, 0, 0, 0, 0.202727686, -0.00882265625, -0.132957227, 0, 0, 0, 0, 0, 0, 0, 1, 1, 1, 
125.583628, 0.1, 0.1, 0.110478174, 0.179227925, -0.0199781263, 0.939631492, -4.2427984e-005, -0.342188044, 0.342188042, -3.575717e-005, 0.939631493, -5.2102346e-005, -0.999999998, -1.90802142e-005, 0.939631572, -4.13428674e-005, -0.342187825, 0.342187825, -2.2393747e-005, 0.939631573, -4.65099311e-005, -0.999999999, -6.8948458e-006, 0.113109521, -0.0569707275, -0.169667676, 0, 0, 0, 0, 0, 0, 0, 0.202727686, -0.00882265625, -0.132957227, 0, 0, 0, 0, 0, 0, 0, 1, 1, 1, 
125.584337, 0.1, 0.1, 0.110478169, 0.179227925, -0.0199801121, 0.939631079, 1.946807e-005, -0.342189179, 0.342189179, 2.50853239e-005, 0.939631079, 2.687673e-005, -0.999999999, 1.69091871e-005, 0.939631165, -3.49839875e-007, -0.342188945, 0.342188945, -2.82428101e-006, 0.939631165, -1.29515819e-006, -1, -2.53407111e-006, 0.113109521, -0.0569707275, -0.169667676, 0, 0, 0, 0, 0, 0, 0, 0.202727686, -0.00882265625, -0.132957227, 0, 0, 0, 0, 0, 0, 0, 1, 1, 1, 
125.585042, 0.1, 0.1, 0.110478176, 0.179227938, -0.019978714, 0.939630716, 3.82590371e-005, -0.342190175, 0.342190174, 2.98617681e-005, 0.939630717, 4.61677701e-005, -0.999999999, 1.49671679e-005, 0.939630783, 4.51723726e-005, -0.342189992, 0.34218999, 4.62385897e-005, 0.939630783, 5.82677345e-005, -0.999999998, 2.79896684e-005, 0.113109521, -0.0569707275, -0.169667676, 0, 0, 0, 0, 0, 0, 0, 0.202727686, -0.00882265625, -0.132957227, 0, 0, 0, 0, 0, 0, 0, 1, 1, 1, 
125.585746, 0.1, 0.1, 0.11047817, 0.179227937, -0.0199746361, 0.939630514, -6.15749907e-005, -0.342190725, 0.342190725, -2.52901058e-005, 0.939630516, -6.65117799e-005, -0.999999998, -2.69296442e-006, 0.939630534, -4.58462282e-005, -0.342190675, 0.342190673, -3.21160252e-005, 0.939630535, -5.40683202e-005, -0.999999998, -1.44890462e-005, 0.113109521, -0.0569707275, -0.169667676, 0, 0, 0, 0, 0, 0, 0, 0.202727686, -0.00882265625, -0.132957227, 0, 0, 0, 0, 0, 0, 0, 1, 1, 1, 
125.586453, 0.1, 0.1, 0.11047816, 0.179227941, -0.01996926, 0.939630525, 1.68200078e-005, -0.342190702, 0.342190702, 7.13062431e-006, 0.939630525, 1.82446261e-005, -1, 9.44502006e-007, 0.939630511, -2.23459475e-005, -0.342190739, 0.342190739, 1.22387551e-005, 0.939630511, -1.68089454e-005, -1, 1.9146484e-005, 0.113109521, -0.0569707275, -0.169667676, 0, 0, 0, 0, 0, 0, 0, 0.202727686, -0.00882265625, -0.132957227, 0, 0, 0, 0, 0, 0, 0, 1, 1, 1, 
125.587157, 0.1, 0.1, 0.110478168, 0.17922794, -0.0199642718, 0.939630691, 2.33397014e-005, -0.342190245, 0.342190246, -1.61980948e-005, 0.939630691, 1.63878698e-005, -1, -2.32068451e-005, 0.939630655, 5.16566798e-005, -0.342190342, 0.342190343, -2.52325319e-005, 0.939630655, 3.99038711e-005, -0.999999998, -4.13856775e-005, 0.113109521, -0.0569707275, -0.169667676, 0, 0, 0, 0, 0, 0, 0, 0.202727686, -0.00882265625, -0.132957227, 0, 0, 0, 0, 0, 0, 0, 1, 1, 1, 
125.587888, 0.1, 0.1, 0.110478158, 0.179227944, -0.0199608022, 0.93963086, -1.9794348e-005, -0.342189783, 0.342189783, -6.37557355e-006, 0.93963086, -2.07810363e-005, -1, 7.82737968e-007, 0.939630829, -4.44257586e-005, -0.342189864, 0.342189865, 5.37662956e-006, 0.93963083, -3.99039843e-005, -0.999999999, 2.02540912e-005, 0.114082666, -0.0604057861, -0.169928638, 0, 0, 0, 0, 0, 0, 0, 0.203534814, -0.0123394043, -0.133218701, 0, 0, 0, 0, 0, 0, 0, 1, 1, 1, 
125.588595, 0.1, 0.1, 0.110478162, 0.179227941, -0.0199600032, 0.939630992, 9.87784822e-006, -0.342189421, 0.342189421, -1.21770248e-005, 0.939630991, 5.11468325e-006, -1, -1.48220051e-005, 0.939630968, 3.68489978e-005, -0.342189482, 0.342189483, -2.78298751e-005, 0.939630968, 2.5101369e-005, -0.999999999, -3.8759152e-005, 0.114082666, -0.0604057861, -0.169928638, 0, 0, 0, 0, 0, 0, 0, 0.203534814, -0.0123394043, -0.133218701, 0, 0, 0, 0, 0, 0, 0, 1, 1, 1, 
125.589314, 0.1, 0.1, 0.110478151, 0.179227949, -0.0199619965, 0.939631107, -2.74238666e-005, -0.342189103, 0.342189104, 2.14278351e-005, 0.939631107, -1.84359464e-005, -0.999999999, 2.95184087e-005, 0.93963108, -5.38784724e-005, -0.342189174, 0.342189176, 3.16497022e-005, 0.93963108, -3.97957018e-005, -0.999999998, 4.81756739e-005, 0.114082666, -0.0604057861, -0.169928638, 0, 0, 0, 0, 0, 0, 0, 0.203534814, -0.0123394043, -0.133218701, 0, 0, 0, 0, 0, 0, 0, 1, 1, 1, 
125.590021, 0.1, 0.1, 0.110478154, 0.179227952, -0.0199658043, 0.93963122, 1.12973119e-005, -0.342188792, 0.342188792, 4.68768331e-006, 0.93963122, 1.22193797e-005, -1, 5.38880067e-007, 0.939631198, 3.34187999e-005, -0.342188852, 0.342188852, -4.68607689e-006, 0.939631199, 2.97978237e-005, -0.999999999, -1.58387248e-005, 0.114082666, -0.0604057861, -0.169928638, 0, 0, 0, 0, 0, 0, 0, 0.203534814, -0.0123394043, -0.133218701, 0, 0, 0, 0, 0, 0, 0, 1, 1, 1, 
125.590738, 0.1, 0.1, 0.110478148, 0.179227952, -0.0199703421, 0.93963121, -1.04952609e-005, -0.342188821, 0.34218882, -1.72578323e-005, 0.93963121, -1.5767112e-005, -1, -1.26246369e-005, 0.939631221, -2.29234731e-005, -0.342188791, 0.342188791, -2.7376004e-005, 0.939631221, -3.09073727e-005, -0.999999999, -1.78791925e-005, 0.114082666, -0.0604057861, -0.169928638, 0, 0, 0, 0, 0, 0, 0, 0.203870801, -0.0154230957, -0.133247168, 0, 0, 0, 0, 0, 0, 0, 1, 1, 1, 
125.591444, 0.1, 0.1, 0.11047815, 0.179227955, -0.0199741375, 0.939631174, 1.35284711e-005, -0.34218892, 0.34218892, -7.06183451e-006, 0.939631174, 1.02952917e-005, -1, -1.12648128e-005, 0.939631173, 2.43531293e-005, -0.342188922, 0.342188922, 3.3324164e-009, 0.939631173, 2.28840998e-005, -1, -8.33023983e-006, 0.114082666, -0.0604057861, -0.169928638, 0, 0, 0, 0, 0, 0, 0, 0.203870801, -0.0154230957, -0.133247168, 0, 0, 0, 0, 0, 0, 0, 1, 1, 1, 
125.592149, 0.1, 0.1, 0.110478144, 0.179227958, -0.0199762076, 0.939631236, -4.56489127e-006, -0.342188749, 0.342188749, -2.93933363e-006, 0.939631236, -5.29512133e-006, -1, -1.19983527e-006, 0.939631221, -2.01108526e-005, -0.34218879, 0.34218879, 2.05346873e-006, 0.939631221, -1.8194111e-005, -1, 8.81121165e-006, 0.114082666, -0.0604057861, -0.169928638, 0, 0, 0, 0, 0, 0, 0, 0.203870801, -0.0154230957, -0.133247168, 0, 0, 0, 0, 0, 0, 0, 1, 1, 1, 
125.592868, 0.1, 0.1, 0.110478147, 0.179227962, -0.019975995, 0.93963125, 9.97690778e-006, -0.34218871, 0.34218871, 5.68048391e-006, 0.93963125, 1.13184118e-005, -1, 1.923575e-006, 0.939631251, 2.09983445e-005, -0.342188709, 0.342188709, 1.25023023e-005, 0.939631251, 2.40088474e-005, -1, 4.5621576e-006, 0.114892139, -0.0640444336, -0.169775586, 0, 0, 0, 0, 0, 0, 0, 0.203870801, -0.0154230957, -0.133247168, 0, 0, 0, 0, 0, 0, 0, 1, 1, 1, 
125.593584, 0.1, 0.1, 0.110478142, 0.179227964, -0.0199736102, 0.939631263, -6.75520591e-006, -0.342188675, 0.342188675, 1.19926834e-005, 0.939631263, -2.24364224e-006, -1, 1.35802552e-005, 0.939631252, -1.875176e-005, -0.342188705, 0.342188705, 2.76476962e-006, 0.939631252, -1.66736668e-005, -1, 9.01450441e-006, 0.114892139, -0.0640444336, -0.169775586, 0, 0, 0, 0, 0, 0, 0, 0.203870801, -0.0154230957, -0.133247168, 0, 0, 0, 0, 0, 0, 0, 1, 1, 1, 
125.594292, 0.1, 0.1, 0.110478145, 0.179227969, -0.019970048, 0.93963138, 4.00972185e-006, -0.342188354, 0.342188354, 1.55381021e-005, 0.93963138, 9.08461805e-006, -1, 1.32280082e-005, 0.939631354, 2.54114995e-005, -0.342188424, 0.342188424, 7.71156101e-006, 0.939631355, 2.65162486e-005, -1, -1.44949644e-006, 0.114892139, -0.0640444336, -0.169775586, 0, 0, 0, 0, 0, 0, 0, 0.203870801, -0.0154230957, -0.133247168, 0, 0, 0, 0, 0, 0, 0, 1, 1, 1, 
125.594999, 0.1, 0.1, 0.110478138, 0.179227971, -0.019966455, 0.939631389, -7.85347278e-006, -0.34218833, 0.34218833, -5.99272167e-006, 0.939631389, -9.43000896e-006, -1, -2.94358265e-006, 0.939631397, -2.30682997e-005, -0.342188307, 0.342188307, -1.77433387e-005, 0.939631397, -2.77472617e-005, -1, -8.77849574e-006, 0.114892139, -0.0640444336, -0.169775586, 0, 0, 0, 0, 0, 0, 0, 0.203870801, -0.0154230957, -0.133247168, 0, 0, 0, 0, 0, 0, 0, 1, 1, 1, 
125.595731, 0.1, 0.1, 0.110478141, 0.179227977, -0.0199635498, 0.939631364, 1.49160973e-005, -0.342188397, 0.342188397, -3.02379601e-006, 0.939631364, 1.29809249e-005, -1, -7.94536899e-006, 0.939631357, 3.21965101e-005, -0.342188414, 0.342188414, 8.40323245e-006, 0.939631358, 3.31283393e-005, -0.999999999, -3.12133203e-006, 0.114877368, -0.0675966553, -0.169858081, 0, 0, 0, 0, 0, 0, 0, 0.203949854, -0.0184315918, -0.133592236, 0, 0, 0, 0, 0, 0, 0, 1, 1, 1, 
125.596526, 0.1, 0.1, 0.110478133, 0.17922798, -0.0199619345, 0.939631502, -6.02262258e-006, -0.342188019, 0.342188019, -8.11671931e-006, 0.939631502, -8.43649e-006, -1, -5.56585587e-006, 0.939631473, -3.23629094e-005, -0.342188096, 0.342188096, 2.16581971e-006, 0.939631474, -2.96680905e-005, -0.999999999, 1.31092747e-005, 0.114877368, -0.0675966553, -0.169858081, 0, 0, 0, 0, 0, 0, 0, 0.203949854, -0.0184315918, -0.133592236, 0, 0, 0, 0, 0, 0, 0, 1, 1, 1, 
125.597236, 0.1, 0.1, 0.110478137, 0.179227986, -0.0199620362, 0.939631496, 9.55701773e-006, -0.342188034, 0.342188034, 1.86765391e-005, 0.939631496, 1.53709631e-005, -1, 1.42787673e-005, 0.939631509, 2.72231341e-005, -0.342187999, 0.342187998, 3.16948206e-005, 0.939631509, 3.64253018e-005, -0.999999999, 2.04660223e-005, 0.114877368, -0.0675966553, -0.169858081, 0, 0, 0, 0, 0, 0, 0, 0.203949854, -0.0184315918, -0.133592236, 0, 0, 0, 0, 0, 0, 0, 1, 1, 1, 
125.597943, 0.1, 0.1, 0.110478129, 0.179227987, -0.0199642602, 0.939631455, -2.38612528e-005, -0.342188147, 0.342188148, 9.61732531e-006, 0.939631455, -1.9129849e-005, -1, 1.72017793e-005, 0.939631452, -3.89064299e-005, -0.342188156, 0.342188156, -9.04465603e-007, 0.939631452, -3.68672027e-005, -0.999999999, 1.24634552e-005, 0.114877368, -0.0675966553, -0.169858081, 0, 0, 0, 0, 0, 0, 0, 0.203949854, -0.0184315918, -0.133592236, 0, 0, 0, 0, 0, 0, 0, 1, 1, 1, 
125.598647, 0.1, 0.1, 0.110478131, 0.179227991, -0.019967802, 0.939631552, 5.66579742e-006, -0.342187881, 0.342187881, 8.62156067e-006, 0.939631552, 8.2739556e-006, -1, 6.16232321e-006, 0.93963153, 2.59795349e-005, -0.342187941, 0.342187941, 1.02342685e-006, 0.93963153, 2.47613944e-005, -1, -7.92823941e-006, 0.114877368, -0.0675966553, -0.169858081, 0, 0, 0, 0, 0, 0, 0, 0.203949854, -0.0184315918, -0.133592236, 0, 0, 0, 0, 0, 0, 0, 1, 1, 1, 
125.599356, 0.1, 0.1, 0.110478125, 0.17922799, -0.0199715496, 0.939631548, -1.07257843e-005, -0.342187891, 0.342187891, -1.63001085e-005, 0.939631548, -1.56559851e-005, -1, -1.16458627e-005, 0.939631558, -2.36198503e-005, -0.342187864, 0.342187863, -2.52174313e-005, 0.939631558, -3.08230557e-005, -0.999999999, -1.56126682e-005, 0.114877368, -0.0675966553, -0.169858081, 0, 0, 0, 0, 0, 0, 0, 0.203949854, -0.0184315918, -0.133592236, 0, 0, 0, 0, 0, 0, 0, 1, 1, 1, 
125.600058, 0.1, 0.1, 0.110478127, 0.179227993, -0.0199743527, 0.939631517, 1.45736189e-005, -0.342187977, 0.342187977, -1.17052953e-005, 0.939631517, 9.68842036e-006, -1, -1.59855815e-005, 0.939631515, 2.48870587e-005, -0.342187982, 0.342187983, -3.92177519e-006, 0.939631515, 2.20426804e-005, -1, -1.2201076e-005, 0.114877368, -0.0675966553, -0.169858081, 0, 0, 0, 0, 0, 0, 0, 0.203949854, -0.0184315918, -0.133592236, 0, 0, 0, 0, 0, 0, 0, 1, 1, 1, 
125.600789, 0.1, 0.1, 0.110478122, 0.179227994, -0.0199752426, 0.939631591, -1.98026935e-006, -0.342187774, 0.342187774, -1.01493106e-005, 0.939631591, -5.33369363e-006, -1, -8.85898888e-006, 0.939631575, -1.87234391e-005, -0.342187819, 0.342187819, -4.47618214e-006, 0.939631575, -1.91248295e-005, -1, 2.20097071e-006, 0.115235474, -0.0707648926, -0.170001733, 0, 0, 0, 0, 0, 0, 0, 0.203803955, -0.0216716309, -0.133717236, 0, 0, 0, 0, 0, 0, 0, 1, 1, 1, 
125.601496, 0.1, 0.1, 0.110478124, 0.179227998, -0.0199741845, 0.939631582, 8.91809837e-006, -0.3421878, 0.3421878, 9.68749222e-006, 0.939631582, 1.16946685e-005, -1, 6.05100917e-006, 0.939631591, 2.05464582e-005, -0.342187774, 0.342187773, 1.81640391e-005, 0.939631591, 2.55216133e-005, -1, 1.00367582e-005, 0.115235474, -0.0707648926, -0.170001733, 0, 0, 0, 0, 0, 0, 0, 0.203803955, -0.0216716309, -0.133717236, 0, 0, 0, 0, 0, 0, 0, 1, 1, 1, 
125.602197, 0.1, 0.1, 0.11047812, 0.179228, -0.0199717793, 0.939631551, -8.11472184e-006, -0.342187885, 0.342187885, 1.04061423e-005, 0.939631551, -4.06399286e-006, -1, 1.25546991e-005, 0.939631548, -2.10411286e-005, -0.342187892, 0.342187892, 1.48173916e-006, 0.939631548, -1.92638751e-005, -1, 8.59230831e-006, 0.115235474, -0.0707648926, -0.170001733, 0, 0, 0, 0, 0, 0, 0, 0.203803955, -0.0216716309, -0.133717236, 0, 0, 0, 0, 0, 0, 0, 1, 1, 1, 
125.602901, 0.1, 0.1, 0.110478123, 0.179228003, -0.0199688179, 0.939631632, 6.02409699e-006, -0.342187661, 0.342187661, 1.03972221e-005, 0.939631632, 9.21823321e-006, -1, 7.70818716e-006, 0.939631613, 2.77567489e-005, -0.342187713, 0.342187713, 2.91644959e-006, 0.939631613, 2.70790919e-005, -1, -6.75763019e-006, 0.115235474, -0.0707648926, -0.170001733, 0, 0, 0, 0, 0, 0, 0, 0.203803955, -0.0216716309, -0.133717236, 0, 0, 0, 0, 0, 0, 0, 1, 1, 1, 
125.603642, 0.1, 0.1, 0.110478115, 0.179228003, -0.0199656671, 0.939631601, -1.02074739e-005, -0.342187748, 0.342187748, -1.55872142e-005, 0.939631601, -1.49250188e-005, -1, -1.11533666e-005, 0.939631617, -2.58690717e-005, -0.342187703, 0.342187702, -2.74591814e-005, 0.939631617, -3.37035919e-005, -0.999999999, -1.69494368e-005, 0.115721362, -0.0737478516, -0.170074951, 0, 0, 0, 0, 0, 0, 0, 0.204009082, -0.0240509277, -0.134022998, 0, 0, 0, 0, 0, 0, 0, 1, 1, 1, 
125.604411, 0.1, 0.1, 0.110478118, 0.179228006, -0.0199635872, 0.939631545, 8.45933422e-006, -0.3421879, 0.3421879, -1.57899352e-005, 0.939631545, 2.54553251e-006, -1, -1.7731403e-005, 0.939631541, 3.11961957e-005, -0.342187909, 0.34218791, -7.03188126e-007, 0.939631542, 2.90723069e-005, -1, -1.13356987e-005, 0.115721362, -0.0737478516, -0.170074951, 0, 0, 0, 0, 0, 0, 0, 0.204009082, -0.0240509277, -0.134022998, 0, 0, 0, 0, 0, 0, 0, 1, 1, 1, 
125.605123, 0.1, 0.1, 0.110478109, 0.179228007, -0.0199626784, 0.939631651, -1.47262229e-005, -0.342187609, 0.342187608, -1.19000701e-005, 0.939631651, -1.79092817e-005, -1, -6.14255148e-006, 0.939631626, -4.09514043e-005, -0.342187678, 0.342187678, -3.83465601e-006, 0.939631626, -3.97914067e-005, -0.999999999, 1.04099019e-005, 0.115721362, -0.0737478516, -0.170074951, 0, 0, 0, 0, 0, 0, 0, 0.204009082, -0.0240509277, -0.134022998, 0, 0, 0, 0, 0, 0, 0, 1, 1, 1, 
125.605834, 0.1, 0.1, 0.110478113, 0.179228013, -0.0199637539, 0.939631633, 1.24576013e-005, -0.342187659, 0.342187659, 2.13352223e-005, 0.939631633, 1.9006206e-005, -1, 1.57844123e-005, 0.939631647, 2.7330084e-005, -0.342187619, 0.342187618, 3.2336057e-005, 0.939631647, 3.67452102e-005, -0.999999999, 2.10319662e-005, 0.115721362, -0.0737478516, -0.170074951, 0, 0, 0, 0, 0, 0, 0, 0.204009082, -0.0240509277, -0.134022998, 0, 0, 0, 0, 0, 0, 0, 1, 1, 1, 
125.60654, 0.1, 0.1, 0.110478108, 0.179228013, -0.0199664001, 0.939631567, -6.55031213e-006, -0.34218784, 0.34218784, -7.50546306e-007, 0.939631567, -6.41170787e-006, -1, 1.53620015e-006, 0.93963158, -2.10069812e-005, -0.342187804, 0.342187804, -1.22077213e-005, 0.93963158, -2.39161563e-005, -1, -4.28242767e-006, 0.115721362, -0.0737478516, -0.170074951, 0, 0, 0, 0, 0, 0, 0, 0.204009082, -0.0240509277, -0.134022998, 0, 0, 0, 0, 0, 0, 0, 1, 1, 1, 
125.607247, 0.1, 0.1, 0.110478112, 0.179228017, -0.019969725, 0.939631522, 1.8639339e-005, -0.342187963, 0.342187963, 4.62044148e-006, 0.939631523, 1.909517e-005, -1, -2.03664498e-006, 0.939631534, 3.21790076e-005, -0.342187931, 0.34218793, 1.43071814e-005, 0.939631534, 3.51321551e-005, -0.999999999, 2.43221075e-006, 0.115721362, -0.0737478516, -0.170074951, 0, 0, 0, 0, 0, 0, 0, 0.204009082, -0.0240509277, -0.134022998, 0, 0, 0, 0, 0, 0, 0, 1, 1, 1, 
125.607977, 0.1, 0.1, 0.110478108, 0.179228019, -0.0199726749, 0.939631483, -7.49494025e-006, -0.342188072, 0.342188072, 1.94711087e-006, 0.939631483, -6.3762037e-006, -1, 4.39424583e-006, 0.939631493, -1.92809747e-005, -0.342188043, 0.342188043, -7.6751798e-006, 0.939631493, -2.07433658e-005, -1, -6.14121658e-007, 0.116075317, -0.0766736816, -0.170093237, 0, 0, 0, 0, 0, 0, 0, 0.204009082, -0.0240509277, -0.134022998, 0, 0, 0, 0, 0, 0, 0, 1, 1, 1, 
125.608684, 0.1, 0.1, 0.11047811, 0.179228021, -0.019974089, 0.9396315, 7.17986544e-006, -0.342188025, 0.342188025, 4.78311878e-006, 0.9396315, 8.38315371e-006, -1, 2.0375051e-006, 0.939631494, 2.51390761e-005, -0.342188041, 0.342188041, -1.94683653e-006, 0.939631494, 2.29552835e-005, -1, -1.04316001e-005, 0.116075317, -0.0766736816, -0.170093237, 0, 0, 0, 0, 0, 0, 0, 0.204065674, -0.0268615723, -0.134134082, 0, 0, 0, 0, 0, 0, 0, 1, 1, 1, 
125.609392, 0.1, 0.1, 0.110478105, 0.179228021, -0.0199739617, 0.939631438, -9.0466264e-006, -0.342188196, 0.342188195, -1.16972808e-005, 0.939631438, -1.2503166e-005, -1, -7.89548402e-006, 0.939631457, -2.00275609e-005, -0.342188143, 0.342188143, -2.10035948e-005, 0.939631457, -2.60057073e-005, -1, -1.28824445e-005, 0.116075317, -0.0766736816, -0.170093237, 0, 0, 0, 0, 0, 0, 0, 0.204065674, -0.0268615723, -0.134134082, 0, 0, 0, 0, 0, 0, 0, 1, 1, 1, 
125.610094, 0.1, 0.1, 0.110478106, 0.179228024, -0.0199724525, 0.939631363, 5.92345769e-006, -0.342188402, 0.342188402, -8.1156557e-006, 0.939631363, 2.78878337e-006, -1, -9.65266314e-006, 0.939631369, 1.87852893e-005, -0.342188384, 0.342188384, -1.04832005e-007, 0.939631369, 1.76153748e-005, -1, -6.52661123e-006, 0.116075317, -0.0766736816, -0.170093237, 0, 0, 0, 0, 0, 0, 0, 0.204065674, -0.0268615723, -0.134134082, 0, 0, 0, 0, 0, 0, 0, 1, 1, 1, 
125.610801, 0.1, 0.1, 0.110478099, 0.179228026, -0.0199700859, 0.939631401, -1.02596643e-005, -0.342188296, 0.342188296, -5.66688254e-006, 0.939631401, -1.15794436e-005, -1, -1.81404373e-006, 0.93963139, -3.08587682e-005, -0.342188326, 0.342188326, 1.03120817e-006, 0.93963139, -2.86429999e-005, -1, 1.15284658e-005, 0.116075317, -0.0766736816, -0.170093237, 0, 0, 0, 0, 0, 0, 0, 0.204065674, -0.0268615723, -0.134134082, 0, 0, 0, 0, 0, 0, 0, 1, 1, 1, 
125.611507, 0.1, 0.1, 0.110478102, 0.17922803, -0.0199676459, 0.939631381, 9.48984357e-006, -0.342188353, 0.342188353, 3.64028416e-006, 0.939631381, 1.01626177e-005, -1, 1.73211295e-007, 0.939631388, 2.39692068e-005, -0.342188331, 0.342188331, 1.30139769e-005, 0.939631388, 2.69754501e-005, -1, 4.02635831e-006, 0.116075317, -0.0766736816, -0.170093237, 0, 0, 0, 0, 0, 0, 0, 0.204065674, -0.0268615723, -0.134134082, 0, 0, 0, 0, 0, 0, 0, 1, 1, 1, 
125.612215, 0.1, 0.1, 0.110478097, 0.179228029, -0.019965838, 0.939631363, -1.17576455e-005, -0.342188402, 0.342188402, 9.71551848e-006, 0.939631363, -7.72331469e-006, -1, 1.31523358e-005, 0.939631355, -2.75078426e-005, -0.342188422, 0.342188422, -2.27961041e-006, 0.939631355, -2.66272877e-005, -1, 7.27087183e-006, 0.116075317, -0.0766736816, -0.170093237, 0, 0, 0, 0, 0, 0, 0, 0.204065674, -0.0268615723, -0.134134082, 0, 0, 0, 0, 0, 0, 0, 1, 1, 1, 
125.612946, 0.1, 0.1, 0.110478102, 0.179228033, -0.0199649872, 0.939631486, 9.57585815e-006, -0.342188064, 0.342188064, 1.58843117e-005, 0.939631486, 1.44331997e-005, -1, 1.1648655e-005, 0.939631457, 3.54374286e-005, -0.342188141, 0.342188141, 5.71036906e-006, 0.939631458, 3.52521433e-005, -0.999999999, -6.76062542e-006, 0.116838647, -0.079862915, -0.170196973, 0, 0, 0, 0, 0, 0, 0, 0.204065674, -0.0268615723, -0.134134082, 0, 0, 0, 0, 0, 0, 0, 1, 1, 1, 
125.613659, 0.1, 0.1, 0.110478095, 0.179228034, -0.0199652428, 0.939631482, -9.99622901e-006, -0.342188074, 0.342188074, -1.04374021e-005, 0.939631482, -1.2964326e-005, -1, -6.38672121e-006, 0.939631493, -2.49513763e-005, -0.342188043, 0.342188043, -2.19589189e-005, 0.939631493, -3.09591785e-005, -0.999999999, -1.20952291e-005, 0.116838647, -0.079862915, -0.170196973, 0, 0, 0, 0, 0, 0, 0, 0.204628564, -0.0297137207, -0.134113232, 0, 0, 0, 0, 0, 0, 0, 1, 1, 1, 
125.614368, 0.1, 0.1, 0.110478098, 0.179228038, -0.0199666193, 0.939631447, 1.38720727e-005, -0.342188171, 0.342188171, -5.7268065e-006, 0.939631447, 1.10749903e-005, -1, -1.01279467e-005, 0.939631443, 2.92352778e-005, -0.34218818, 0.34218818, 4.82550145e-006, 0.939631443, 2.91216158e-005, -1, -5.46977361e-006, 0.116838647, -0.079862915, -0.170196973, 0, 0, 0, 0, 0, 0, 0, 0.204628564, -0.0297137207, -0.134113232, 0, 0, 0, 0, 0, 0, 0, 1, 1, 1, 
125.615074, 0.1, 0.1, 0.110478091, 0.17922804, -0.0199686613, 0.939631542, -1.29099534e-005, -0.34218791, 0.34218791, -7.24796541e-006, 0.939631542, -1.46107656e-005, -1, -2.39278692e-006, 0.93963152, -3.32215872e-005, -0.342187968, 0.342187968, 5.18718832e-007, 0.939631521, -3.10385511e-005, -0.999999999, 1.1855432e-005, 0.116838647, -0.079862915, -0.170196973, 0, 0, 0, 0, 0, 0, 0, 0.204628564, -0.0297137207, -0.134113232, 0, 0, 0, 0, 0, 0, 0, 1, 1, 1, 
125.615795, 0.1, 0.1, 0.110478093, 0.179228045, -0.0199706395, 0.939631533, 4.44395163e-006, -0.342187935, 0.342187935, 1.69581151e-005, 0.939631533, 9.97853947e-006, -1, 1.44137131e-005, 0.939631543, 1.71094079e-005, -0.342187906, 0.342187905, 2.66361095e-005, 0.939631543, 2.51910939e-005, -0.999999999, 1.91734962e-005, 0.116838647, -0.079862915, -0.170196973, 0, 0, 0, 0, 0, 0, 0, 0.204713477, -0.0325775879, -0.134068945, 0, 0, 0, 0, 0, 0, 0, 1, 1, 1, 
125.616502, 0.1, 0.1, 0.11047809, 0.179228041, -0.0199719335, 0.939631404, -8.33726869e-007, -0.342188288, 0.342188288, -3.15811032e-005, 0.939631404, -1.15900796e-005, -1, -2.93893048e-005, 0.939631435, -1.13091404e-005, -0.342188203, 0.342188202, -4.32623514e-005, 0.939631434, -2.543029e-005, -0.999999999, -3.67808109e-005, 0.116838647, -0.079862915, -0.170196973, 0, 0, 0, 0, 0, 0, 0, 0.204713477, -0.0325775879, -0.134068945, 0, 0, 0, 0, 0, 0, 0, 1, 1, 1, 
125.617207, 0.1, 0.1, 0.11047809, 0.179228047, -0.0199723253, 0.939631179, -4.04891726e-006, -0.342188906, 0.342188906, 2.80039189e-005, 0.939631179, 5.77814147e-006, -1, 2.76988499e-005, 0.93963123, 7.63200329e-006, -0.342188765, 0.342188765, 3.69540781e-005, 0.93963123, 1.9816539e-005, -0.999999999, 3.21116201e-005, 0.116838647, -0.079862915, -0.170196973, 0, 0, 0, 0, 0, 0, 0, 0.204713477, -0.0325775879, -0.134068945, 0, 0, 0, 0, 0, 0, 0, 1, 1, 1, 
125.617929, 0.1, 0.1, 0.110478086, 0.179228045, -0.0199716275, 0.939630854, -1.82083037e-006, -0.342189798, 0.342189798, -1.92583598e-005, 0.939630854, -8.30092264e-006, -1, -1.74726795e-005, 0.939630922, -1.49759501e-005, -0.34218961, 0.34218961, -3.06464571e-005, 0.939630922, -2.4558765e-005, -0.999999999, -2.36717443e-005, 0.11741731, -0.0828044922, -0.169874487, 0, 0, 0, 0, 0, 0, 0, 0.204713477, -0.0325775879, -0.134068945, 0, 0, 0, 0, 0, 0, 0, 1, 1, 1, 
125.618636, 0.1, 0.1, 0.110478087, 0.179228054, -0.0199701818, 0.939630453, 3.49832421e-006, -0.3421909, 0.3421909, 3.40884818e-005, 0.939630452, 1.49519003e-005, -0.999999999, 3.08334809e-005, 0.939630535, 1.44456725e-005, -0.342190674, 0.342190673, 4.5960586e-005, 0.939630534, 2.93008789e-005, -0.999999999, 3.82427956e-005, 0.11741731, -0.0828044922, -0.169874487, 0, 0, 0, 0, 0, 0, 0, 0.204713477, -0.0325775879, -0.134068945, 0, 0, 0, 0, 0, 0, 0, 1, 1, 1, 
125.619345, 0.1, 0.1, 0.110478085, 0.179228051, -0.0199685458, 0.939629979, 1.04083946e-005, -0.3421922, 0.3421922, -2.45355859e-005, 0.939629979, 1.38415351e-006, -1, -2.66160435e-005, 0.939630081, -3.62923031e-006, -0.342191921, 0.342191921, -3.63664197e-005, 0.93963008, -1.5854429e-005, -0.999999999, -3.29290886e-005, 0.11741731, -0.0828044922, -0.169874487, 0, 0, 0, 0, 0, 0, 0, 0.204713477, -0.0325775879, -0.134068945, 0, 0, 0, 0, 0, 0, 0, 1, 1, 1, 
125.620049, 0.1, 0.1, 0.110478082, 0.179228056, -0.0199671944, 0.939629427, -1.41481628e-005, -0.342193717, 0.342193717, 2.0945211e-005, 0.939629427, -6.12671052e-006, -1, 2.4522149e-005, 0.939629536, -2.34321981e-005, -0.342193417, 0.342193418, 2.61295425e-005, 0.939629536, -1.3076228e-005, -0.999999999, 3.25704339e-005, 0.11741731, -0.0828044922, -0.169874487, 0, 0, 0, 0, 0, 0, 0, 0.204713477, -0.0325775879, -0.134068945, 0, 0, 0, 0, 0, 0, 0, 1, 1, 1, 
125.62078, 0.1, 0.1, 0.110478084, 0.179228053, -0.0199662344, 0.939628979, 7.94835736e-006, -0.342194946, 0.342194946, -3.78076925e-005, 0.939628979, -5.46909437e-006, -0.999999999, -3.82450912e-005, 0.939629048, 1.44943354e-005, -0.342194757, 0.342194757, -4.3674828e-005, 0.939629047, -1.32599859e-006, -0.999999999, -4.59980227e-005, 0.117627979, -0.0859142578, -0.16973728, 0, 0, 0, 0, 0, 0, 0, 0.205048242, -0.0352165039, -0.133599902, 0, 0, 0, 0, 0, 0, 0, 1, 1, 1, 
125.621485, 0.1, 0.1, 0.110478082, 0.179228058, -0.0199662913, 0.939628665, -4.43270453e-006, -0.342195809, 0.342195809, 2.47416535e-005, 0.939628665, 4.3013939e-006, -1, 2.47648198e-005, 0.939628726, -1.22749728e-005, -0.342195642, 0.342195642, 2.84922863e-005, 0.939628725, -1.78398078e-006, -1, 3.09726129e-005, 0.117627979, -0.0859142578, -0.16973728, 0, 0, 0, 0, 0, 0, 0, 0.205048242, -0.0352165039, -0.133599902, 0, 0, 0, 0, 0, 0, 0, 1, 1, 1, 
125.622186, 0.1, 0.1, 0.110478081, 0.179228055, -0.0199672193, 0.939628415, -4.91946759e-006, -0.342196495, 0.342196494, -3.28137736e-005, 0.939628415, -1.58512298e-005, -0.999999999, -2.91493296e-005, 0.939628454, 8.62624976e-007, -0.342196388, 0.342196388, -3.88441873e-005, 0.939628454, -1.24817936e-005, -0.999999999, -3.67942908e-005, 0.117627979, -0.0859142578, -0.16973728, 0, 0, 0, 0, 0, 0, 0, 0.205048242, -0.0352165039, -0.133599902, 0, 0, 0, 0, 0, 0, 0, 1, 1, 1, 
125.622888, 0.1, 0.1, 0.110478079, 0.179228061, -0.019968764, 0.939628247, -1.39628611e-005, -0.342196957, 0.342196957, 2.97506844e-005, 0.939628246, -2.93930504e-006, -0.999999999, 3.2732632e-005, 0.939628283, -3.65221009e-006, -0.342196857, 0.342196857, 3.93784272e-005, 0.939628283, 1.00434541e-005, -0.999999999, 3.82508587e-005, 0.117627979, -0.0859142578, -0.16973728, 0, 0, 0, 0, 0, 0, 0, 0.205048242, -0.0352165039, -0.133599902, 0, 0, 0, 0, 0, 0, 0, 1, 1, 1, 
125.623597, 0.1, 0.1, 0.110478079, 0.179228061, -0.0199703679, 0.939628032, 7.8973583e-006, -0.342197549, 0.342197549, -1.7684208e-005, 0.939628031, 1.3690866e-006, -1, -1.93190342e-005, 0.939628074, 1.27692577e-005, -0.342197431, 0.342197431, -2.2477069e-005, 0.939628074, 4.30675772e-006, -1, -2.54896922e-005, 0.117627979, -0.0859142578, -0.16973728, 0, 0, 0, 0, 0, 0, 0, 0.205048242, -0.0352165039, -0.133599902, 0, 0, 0, 0, 0, 0, 0, 1, 1, 1, 
125.62431, 0.1, 0.1, 0.110478076, 0.179228067, -0.0199714873, 0.939627898, 4.63570706e-006, -0.342197916, 0.342197915, 3.28730614e-005, 0.939627897, 1.56049328e-005, -0.999999999, 2.93021163e-005, 0.939627912, -3.47531623e-006, -0.342197878, 0.342197877, 3.7199165e-005, 0.939627911, 9.46397119e-006, -0.999999999, 3.61426196e-005, 0.117627979, -0.0859142578, -0.16973728, 0, 0, 0, 0, 0, 0, 0, 0.205048242, -0.0352165039, -0.133599902, 0, 0, 0, 0, 0, 0, 0, 1, 1, 1, 
125.625013, 0.1, 0.1, 0.110478073, 0.179228065, -0.0199718128, 0.939627913, -1.98618346e-005, -0.342197875, 0.342197874, -3.3366175e-005, 0.939627913, -3.00805683e-005, -0.999999999, -2.45551118e-005, 0.939627902, -1.78026651e-005, -0.342197905, 0.342197904, -3.75175433e-005, 0.939627901, -2.95663056e-005, -0.999999999, -2.91604958e-005, 0.117627979, -0.0859142578, -0.16973728, 0, 0, 0, 0, 0, 0, 0, 0.205048242, -0.0352165039, -0.133599902, 0, 0, 0, 0, 0, 0, 0, 1, 1, 1, 
125.625743, 0.1, 0.1, 0.110478075, 0.179228071, -0.0199710746, 0.93962803, 3.66976667e-005, -0.34219755, 0.342197549, 3.33754246e-005, 0.939628031, 4.59031448e-005, -0.999999999, 1.88026329e-005, 0.939627998, 3.00383819e-005, -0.34219764, 0.342197639, 3.82178044e-005, 0.939627998, 4.13029472e-005, -0.999999999, 2.56314557e-005, 0.118237158, -0.0888449707, -0.16944873, 0, 0, 0, 0, 0, 0, 0, 0.20542085, -0.0385214844, -0.133363623, 0, 0, 0, 0, 0, 0, 0, 1, 1, 1, 
125.626446, 0.1, 0.1, 0.110478074, 0.179228068, -0.0199698403, 0.939628282, -4.01922764e-005, -0.342196859, 0.342196857, -4.59548846e-005, 0.939628282, -5.34914168e-005, -0.999999998, -2.94268386e-005, 0.939628214, -1.73672114e-005, -0.342197047, 0.342197046, -4.54919379e-005, 0.939628214, -3.18859286e-005, -0.999999999, -3.68025e-005, 0.118237158, -0.0888449707, -0.16944873, 0, 0, 0, 0, 0, 0, 0, 0.20542085, -0.0385214844, -0.133363623, 0, 0, 0, 0, 0, 0, 0, 1, 1, 1, 
125.627151, 0.1, 0.1, 0.110478065, 0.17922807, -0.0199685306, 0.939628727, -5.65258341e-006, -0.34219564, 0.34219564, 2.31152814e-005, 0.939628726, 2.59861877e-006, -1, 2.36540718e-005, 0.939628626, -3.66843851e-005, -0.342195913, 0.342195914, 1.89508515e-005, 0.939628627, -2.79847945e-005, -0.999999999, 3.03600093e-005, 0.118237158, -0.0888449707, -0.16944873, 0, 0, 0, 0, 0, 0, 0, 0.20542085, -0.0385214844, -0.133363623, 0, 0, 0, 0, 0, 0, 0, 1, 1, 1, 
125.627856, 0.1, 0.1, 0.110478069, 0.179228069, -0.0199675453, 0.939629333, 5.54827038e-006, -0.342193976, 0.342193976, -2.86215777e-005, 0.939629332, -4.5808139e-006, -1, -2.87922587e-005, 0.939629206, 2.8584763e-005, -0.342194322, 0.342194323, -2.86877965e-005, 0.939629206, 1.70422771e-005, -0.999999999, -3.6737435e-005, 0.118237158, -0.0888449707, -0.16944873, 0, 0, 0, 0, 0, 0, 0, 0.20542085, -0.0385214844, -0.133363623, 0, 0, 0, 0, 0, 0, 0, 1, 1, 1, 
125.628575, 0.1, 0.1, 0.110478066, 0.179228074, -0.0199669729, 0.939630065, 1.17946683e-005, -0.342191965, 0.342191964, 3.7306507e-005, 0.939630065, 2.38486118e-005, -0.999999999, 3.10182749e-005, 0.939629914, 7.51063494e-007, -0.34219238, 0.34219238, 4.09661678e-005, 0.939629913, 1.47240322e-005, -0.999999999, 3.82360285e-005, 0.118237158, -0.0888449707, -0.16944873, 0, 0, 0, 0, 0, 0, 0, 0.205527246, -0.0413968262, -0.13311416, 0, 0, 0, 0, 0, 0, 0, 1, 1, 1, 
125.629281, 0.1, 0.1, 0.110478065, 0.179228072, -0.0199671191, 0.939630857, -1.28638131e-005, -0.34218979, 0.342189789, -3.32065253e-005, 0.939630857, -2.34501696e-005, -0.999999999, -2.68000104e-005, 0.939630698, -1.01125388e-005, -0.342190228, 0.342190227, -3.97414541e-005, 0.939630697, -2.31011891e-005, -0.999999999, -3.38818783e-005, 0.118237158, -0.0888449707, -0.16944873, 0, 0, 0, 0, 0, 0, 0, 0.205527246, -0.0413968262, -0.13311416, 0, 0, 0, 0, 0, 0, 0, 1, 1, 1, 
125.629983, 0.1, 0.1, 0.110478064, 0.179228078, -0.0199678949, 0.939631604, -6.63994956e-006, -0.34218774, 0.34218774, 3.01326206e-005, 0.939631603, 4.07190691e-006, -1, 3.0585672e-005, 0.939631464, 1.11673606e-006, -0.342188124, 0.342188124, 4.02113506e-005, 0.939631463, 1.4809167e-005, -0.999999999, 3.74017164e-005, 0.118237158, -0.0888449707, -0.16944873, 0, 0, 0, 0, 0, 0, 0, 0.205527246, -0.0413968262, -0.13311416, 0, 0, 0, 0, 0, 0, 0, 1, 1, 1, 
125.6307, 0.1, 0.1, 0.110478061, 0.179228076, -0.0199689271, 0.939632173, 1.63493117e-005, -0.342186177, 0.342186177, -2.35970612e-005, 0.939632172, 7.28775108e-006, -1, -2.77670664e-005, 0.939632079, -4.40405465e-007, -0.342186434, 0.342186434, -3.66269602e-005, 0.939632078, -1.2947068e-005, -0.999999999, -3.4265166e-005, 0.119064209, -0.0922282715, -0.16894646, 0, 0, 0, 0, 0, 0, 0, 0.205527246, -0.0413968262, -0.13311416, 0, 0, 0, 0, 0, 0, 0, 1, 1, 1, 
125.631405, 0.1, 0.1, 0.110478059, 0.179228081, -0.019969967, 0.939632488, -2.87483834e-005, -0.342185309, 0.34218531, 1.68120264e-005, 0.939632489, -2.12600866e-005, -0.999999999, 2.56344007e-005, 0.939632443, -2.25025442e-005, -0.342185435, 0.342185436, 2.57123924e-005, 0.939632442, -1.23457143e-005, -0.999999999, 3.1860241e-005, 0.119064209, -0.0922282715, -0.16894646, 0, 0, 0, 0, 0, 0, 0, 0.205527246, -0.0413968262, -0.13311416, 0, 0, 0, 0, 0, 0, 0, 1, 1, 1, 
125.632109, 0.1, 0.1, 0.11047806, 0.179228079, -0.0199707222, 0.93963262, 2.56381608e-005, -0.342184947, 0.342184948, -1.75011185e-005, 0.93963262, 1.81018329e-005, -1, -2.52176146e-005, 0.939632604, 2.79412422e-005, -0.342184993, 0.342184994, -2.35419037e-005, 0.939632603, 1.8198816e-005, -0.999999999, -3.1681814e-005, 0.119064209, -0.0922282715, -0.16894646, 0, 0, 0, 0, 0, 0, 0, 0.205527246, -0.0413968262, -0.13311416, 0, 0, 0, 0, 0, 0, 0, 1, 1, 1, 
125.632834, 0.1, 0.1, 0.110478056, 0.179228084, -0.0199708256, 0.939632689, -1.67740805e-005, -0.342184758, 0.342184759, 2.30792007e-005, 0.939632689, -7.86412367e-006, -1, 2.74258061e-005, 0.939632674, -2.79853072e-005, -0.342184799, 0.342184799, 2.5710792e-005, 0.939632674, -1.74980669e-005, -0.999999999, 3.37348469e-005, 0.11953938, -0.0955333252, -0.168966089, 0, 0, 0, 0, 0, 0, 0, 0.205527246, -0.0413968262, -0.13311416, 0, 0, 0, 0, 0, 0, 0, 1, 1, 1, 
125.633559, 0.1, 0.1, 0.110478058, 0.179228083, -0.0199701353, 0.939632838, -2.55402691e-006, -0.342184352, 0.342184352, -2.80551385e-005, 0.939632837, -1.19998769e-005, -1, -2.54875813e-005, 0.939632799, 1.81201994e-005, -0.342184457, 0.342184457, -2.76620504e-005, 0.939632799, 7.56080995e-006, -0.999999999, -3.21926204e-005, 0.11953938, -0.0955333252, -0.168966089, 0, 0, 0, 0, 0, 0, 0, 0.205903027, -0.0444084961, -0.133231592, 0, 0, 0, 0, 0, 0, 0, 1, 1, 1, 
