time, realDorsalTactorPos, realVentralTactorPos, boxPosX, boxPosY, boxPosZ, boxLocalRot_11, boxLocalRot_12, boxLocalRot_13, boxLocalRot_21, boxLocalRot_22, boxLocalRot_23, boxLocalRot_31, boxLocalRot_32, boxLocalRot_33, boxGlobalRot_11, boxGlobalRot_12, boxGlobalRot_13], boxGlobalRot_21, boxGlobalRot_22, boxGlobalRot_23, boxGlobalRot_31, boxGlobalRot_32, boxGlobalRot_33, indexPosX, indexPosY, indexPosZ, indexContact, indexForceX, indexForceY, indexForceZ, indexForceGlobalX, indexForceGlobalY, indexForceGlobalZ, thumbPosX, thumbPosY, thumbPosZ, thumbContact, thumbForceX, thumbForceY, thumbForceZ, thumbForceGlobalX, thumbForceGlobalY, thumbForceGlobalZ, hoopSuccess, targetSuccess, trialSuccess, 
147.151147, 0.1, 0.1, 0.101558749, 0.202978747, -0.0199652776, 0.96380076, 2.17464628e-005, 0.266623506, 0.266623506, 1.94998722e-005, -0.96380076, -2.61583816e-005, 1, 1.29958735e-005, 0.963800896, 2.90408177e-005, 0.266623014, 0.266623014, -1.84173617e-006, -0.963800897, -2.74985169e-005, 1, -9.51801734e-006, 0.105933496, 0.0691061523, -0.161981665, 0, 0, 0, 0, 0, 0, 0, 0.174042041, 0.117962793, -0.107918457, 0, 0, 0, 0, 0, 0, 0, 1, 1, 1, 
147.174664, 0.1, 0.1, 0.101558657, 0.202979671, -0.0199671913, 0.963783211, 2.56843997e-005, 0.266686936, 0.266686936, -1.38011369e-006, -0.963783211, -2.43861349e-005, 1, -8.17982426e-006, 0.9637832, 3.03793924e-005, 0.266686976, 0.266686975, 1.05223159e-005, -0.9637832, -3.20853127e-005, 0.999999999, 2.03944304e-006, 0.110301123, 0.0494189209, -0.167182544, 0, 0, 0, 0, 0, 0, 0, 0.178199219, 0.102763086, -0.112982813, 0, 0, 0, 0, 0, 0, 0, 1, 1, 1, 
147.175385, 0.1, 0.1, 0.10155866, 0.202979694, -0.0199643699, 0.963783283, -3.14113895e-005, 0.266686674, 0.266686673, -1.32628292e-005, -0.963783284, 3.38107919e-005, 0.999999999, -4.40549409e-006, 0.963783274, -3.95616461e-005, 0.266686706, 0.266686706, -1.67510355e-005, -0.963783275, 4.25961313e-005, 0.999999999, -5.59380275e-006, 0.110301123, 0.0494189209, -0.167182544, 0, 0, 0, 0, 0, 0, 0, 0.178743945, 0.100489746, -0.113688086, 0, 0, 0, 0, 0, 0, 0, 1, 1, 1, 
147.17609, 0.1, 0.1, 0.101558653, 0.202979714, -0.0199632533, 0.963783364, 2.90856025e-005, 0.266686382, 0.266686382, 1.86613163e-005, -0.963783364, -3.30089388e-005, 0.999999999, 1.02287321e-005, 0.963783346, 3.93308478e-005, 0.266686447, 0.266686447, 9.21082275e-006, -0.963783347, -4.03628177e-005, 0.999999999, -1.61176648e-006, 0.110301123, 0.0494189209, -0.167182544, 0, 0, 0, 0, 0, 0, 0, 0.178743945, 0.100489746, -0.113688086, 0, 0, 0, 0, 0, 0, 0, 1, 1, 1, 
147.176797, 0.1, 0.1, 0.101558655, 0.202979735, -0.0199639819, 0.963783427, -3.21740686e-005, 0.266686156, 0.266686156, 5.90380994e-007, -0.963783427, 3.08513877e-005, 0.999999999, 9.1493781e-006, 0.96378341, -3.96075131e-005, 0.266686215, 0.266686216, -1.01812949e-006, -0.963783411, 3.84445852e-005, 0.999999999, 9.58152147e-006, 0.110301123, 0.0494189209, -0.167182544, 0, 0, 0, 0, 0, 0, 0, 0.178743945, 0.100489746, -0.113688086, 0, 0, 0, 0, 0, 0, 0, 1, 1, 1, 
147.177502, 0.1, 0.1, 0.101558648, 0.202979754, -0.0199662662, 0.963783467, 3.22848661e-005, 0.26668601, 0.26668601, 6.38740835e-006, -0.963783468, -3.28190527e-005, 0.999999999, -2.45384356e-006, 0.963783462, 3.5785249e-005, 0.266686027, 0.266686027, 1.8268535e-005, -0.963783463, -3.93611942e-005, 0.999999999, 8.06348605e-006, 0.110301123, 0.0494189209, -0.167182544, 0, 0, 0, 0, 0, 0, 0, 0.178743945, 0.100489746, -0.113688086, 0, 0, 0, 0, 0, 0, 0, 1, 1, 1, 
147.178207, 0.1, 0.1, 0.101558649, 0.202979775, -0.0199692864, 0.963783507, -2.42400889e-005, 0.266685865, 0.266685865, -7.90187685e-006, -0.963783508, 2.54695168e-005, 1, -1.15120952e-006, 0.963783504, -2.96258947e-005, 0.266685877, 0.266685877, -9.72161602e-006, -0.963783504, 3.11455663e-005, 1, -1.46872543e-006, 0.110301123, 0.0494189209, -0.167182544, 0, 0, 0, 0, 0, 0, 0, 0.178743945, 0.100489746, -0.113688086, 0, 0, 0, 0, 0, 0, 0, 1, 1, 1, 
147.178917, 0.1, 0.1, 0.101558643, 0.202979794, -0.019972063, 0.963783555, 2.2963346e-005, 0.266685691, 0.266685691, 1.48560111e-005, -0.963783556, -2.60935808e-005, 1, 8.19398339e-006, 0.963783544, 3.0714003e-005, 0.266685732, 0.266685732, 8.22551498e-006, -0.963783544, -3.17952782e-005, 0.999999999, -2.63370404e-007, 0.110301123, 0.0494189209, -0.167182544, 0, 0, 0, 0, 0, 0, 0, 0.178743945, 0.100489746, -0.113688086, 0, 0, 0, 0, 0, 0, 0, 1, 1, 1, 
147.179642, 0.1, 0.1, 0.101558644, 0.202979815, -0.0199737272, 0.963783596, -2.47764498e-005, 0.266685545, 0.266685545, -2.3551974e-007, -0.963783596, 2.39419456e-005, 1, 6.38053097e-006, 0.963783585, -2.97841196e-005, 0.266685585, 0.266685585, -8.95057746e-007, -0.963783585, 2.89441445e-005, 1, 7.08035339e-006, 0.111145142, 0.0464684326, -0.167660034, 0, 0, 0, 0, 0, 0, 0, 0.178743945, 0.100489746, -0.113688086, 0, 0, 0, 0, 0, 0, 0, 1, 1, 1, 
147.180362, 0.1, 0.1, 0.101558639, 0.202979835, -0.0199736235, 0.963783621, 2.09865073e-005, 0.266685456, 0.266685456, 6.76237022e-007, -0.963783621, -2.04067946e-005, 1, -4.94505009e-006, 0.963783618, 2.46797331e-005, 0.266685464, 0.266685464, 1.07128389e-005, -0.963783619, -2.66428809e-005, 1, 3.74313259e-006, 0.111145142, 0.0464684326, -0.167660034, 0, 0, 0, 0, 0, 0, 0, 0.179554883, 0.097768457, -0.114186475, 0, 0, 0, 0, 0, 0, 0, 1, 1, 1, 
147.181067, 0.1, 0.1, 0.10155864, 0.202979856, -0.0199722055, 0.963783646, -2.40598459e-005, 0.266685362, 0.266685362, -1.12296755e-005, -0.963783647, 2.61832761e-005, 1, -4.40656889e-006, 0.963783645, -3.00240008e-005, 0.266685367, 0.266685367, -1.33287151e-005, -0.963783645, 3.24912143e-005, 0.999999999, -4.8390359e-006, 0.111145142, 0.0464684326, -0.167660034, 0, 0, 0, 0, 0, 0, 0, 0.179554883, 0.097768457, -0.114186475, 0, 0, 0, 0, 0, 0, 0, 1, 1, 1, 
147.181774, 0.1, 0.1, 0.101558635, 0.202979874, -0.0199700048, 0.963783684, 2.1220095e-005, 0.266685227, 0.266685227, 1.12144989e-005, -0.963783684, -2.34423225e-005, 1, 5.14926521e-006, 0.963783674, 3.03507365e-005, 0.266685262, 0.266685262, 4.00484477e-006, -0.963783675, -3.03195774e-005, 1, -4.23429009e-006, 0.111145142, 0.0464684326, -0.167660034, 0, 0, 0, 0, 0, 0, 0, 0.179554883, 0.097768457, -0.114186475, 0, 0, 0, 0, 0, 0, 0, 1, 1, 1, 
147.182508, 0.1, 0.1, 0.101558637, 0.202979896, -0.0199673971, 0.963783711, -3.11286861e-005, 0.266685129, 0.266685128, -5.91283665e-006, -0.963783711, 3.15781862e-005, 0.999999999, 2.60286201e-006, 0.963783701, -3.90786489e-005, 0.266685163, 0.266685162, -7.33592325e-006, -0.963783702, 3.96197468e-005, 0.999999999, 3.35145258e-006, 0.111927515, 0.0439359863, -0.168101636, 0, 0, 0, 0, 0, 0, 0, 0.180329443, 0.0952635742, -0.114903223, 0, 0, 0, 0, 0, 0, 0, 1, 1, 1, 
147.183212, 0.1, 0.1, 0.101558631, 0.202979915, -0.0199655249, 0.963783719, 3.08295967e-005, 0.266685098, 0.266685098, -1.21010227e-006, -0.96378372, -2.93903472e-005, 1, -9.38807089e-006, 0.96378372, 3.47940958e-005, 0.266685093, 0.266685093, 1.11626424e-005, -0.963783721, -3.65108935e-005, 0.999999999, 1.47930635e-006, 0.111927515, 0.0439359863, -0.168101636, 0, 0, 0, 0, 0, 0, 0, 0.180329443, 0.0952635742, -0.114903223, 0, 0, 0, 0, 0, 0, 0, 1, 1, 1, 
147.183918, 0.1, 0.1, 0.101558633, 0.202979936, -0.0199648565, 0.963783733, -2.69193528e-005, 0.266685048, 0.266685047, -1.49737901e-005, -0.963783734, 2.99377203e-005, 1, -7.25250643e-006, 0.963783735, -3.43077216e-005, 0.266685041, 0.26668504, -1.77660679e-005, -0.963783736, 3.78031686e-005, 0.999999999, -7.97329117e-006, 0.111927515, 0.0439359863, -0.168101636, 0, 0, 0, 0, 0, 0, 0, 0.180329443, 0.0952635742, -0.114903223, 0, 0, 0, 0, 0, 0, 0, 1, 1, 1, 
147.184629, 0.1, 0.1, 0.101558626, 0.202979954, -0.0199655421, 0.963783763, 3.14413383e-005, 0.26668494, 0.26668494, 1.40343809e-005, -0.963783764, -3.40454094e-005, 0.999999999, 5.14117706e-006, 0.963783754, 4.10594701e-005, 0.26668497, 0.26668497, 5.4511173e-006, -0.963783755, -4.10261813e-005, 0.999999999, -5.69624524e-006, 0.111927515, 0.0439359863, -0.168101636, 0, 0, 0, 0, 0, 0, 0, 0.180329443, 0.0952635742, -0.114903223, 0, 0, 0, 0, 0, 0, 0, 1, 1, 1, 
147.185334, 0.1, 0.1, 0.101558627, 0.202979973, -0.0199673037, 0.963783783, -2.62290908e-005, 0.266684868, 0.266684868, -2.93629851e-006, -0.963783783, 2.60622387e-005, 1, 4.16494472e-006, 0.963783775, -3.24845612e-005, 0.266684898, 0.266684898, -4.29794116e-006, -0.963783775, 3.2454289e-005, 0.999999999, 4.52085594e-006, 0.111927515, 0.0439359863, -0.168101636, 0, 0, 0, 0, 0, 0, 0, 0.180329443, 0.0952635742, -0.114903223, 0, 0, 0, 0, 0, 0, 0, 1, 1, 1, 
147.186038, 0.1, 0.1, 0.101558621, 0.202979991, -0.0199695075, 0.963783788, 2.92047285e-005, 0.266684851, 0.266684851, 1.85134378e-006, -0.963783788, -2.86407692e-005, 1, -6.00416354e-006, 0.963783789, 3.29374174e-005, 0.266684844, 0.266684844, 1.25395453e-005, -0.96378379, -3.50886557e-005, 0.999999999, 3.30150043e-006, 0.111927515, 0.0439359863, -0.168101636, 0, 0, 0, 0, 0, 0, 0, 0.180329443, 0.0952635742, -0.114903223, 0, 0, 0, 0, 0, 0, 0, 1, 1, 1, 
147.18675, 0.1, 0.1, 0.101558622, 0.202980011, -0.0199714686, 0.963783796, -2.47731907e-005, 0.26668482, 0.266684819, -1.04772314e-005, -0.963783797, 2.66701184e-005, 1, -3.49115196e-006, 0.963783798, -2.97678866e-005, 0.266684812, 0.266684812, -1.24479149e-005, -0.963783799, 3.20094767e-005, 0.999999999, -4.05845548e-006, 0.111927515, 0.0439359863, -0.168101636, 0, 0, 0, 0, 0, 0, 0, 0.180329443, 0.0952635742, -0.114903223, 0, 0, 0, 0, 0, 0, 0, 1, 1, 1, 
147.187482, 0.1, 0.1, 0.101558617, 0.202980028, -0.0199723481, 0.963783819, 2.0631224e-005, 0.266684738, 0.266684737, 1.30515017e-005, -0.963783819, -2.33646762e-005, 1, 7.07679361e-006, 0.963783812, 2.89260546e-005, 0.266684762, 0.266684762, 6.39566029e-006, -0.963783813, -2.95840883e-005, 1, -1.55010411e-006, 0.112533887, 0.0410066162, -0.168718994, 0, 0, 0, 0, 0, 0, 0, 0.181135498, 0.0927738281, -0.115381836, 0, 0, 0, 0, 0, 0, 0, 1, 1, 1, 
147.18819, 0.1, 0.1, 0.101558618, 0.202980046, -0.0199721559, 0.963783834, -2.6714166e-005, 0.266684683, 0.266684683, -1.64639372e-006, -0.963783835, 2.61857493e-005, 1, 5.53749122e-006, 0.963783828, -3.24956313e-005, 0.266684707, 0.266684707, -2.63226826e-006, -0.963783828, 3.20207497e-005, 0.999999999, 6.12915033e-006, 0.112533887, 0.0410066162, -0.168718994, 0, 0, 0, 0, 0, 0, 0, 0.181135498, 0.0927738281, -0.115381836, 0, 0, 0, 0, 0, 0, 0, 1, 1, 1, 
147.188902, 0.1, 0.1, 0.101558613, 0.202980064, -0.019971019, 0.963783835, 2.28538013e-005, 0.26668468, 0.26668468, 1.02896056e-006, -0.963783835, -2.23005322e-005, 1, -5.10306313e-006, 0.963783837, 2.67929404e-005, 0.266684672, 0.266684671, 1.1639104e-005, -0.963783838, -2.89265735e-005, 1, 4.07231386e-006, 0.112533887, 0.0410066162, -0.168718994, 0, 0, 0, 0, 0, 0, 0, 0.181135498, 0.0927738281, -0.115381836, 0, 0, 0, 0, 0, 0, 0, 1, 1, 1, 
147.189621, 0.1, 0.1, 0.101558615, 0.202980083, -0.0199693252, 0.963783839, -2.73647591e-005, 0.266684665, 0.266684664, -1.16670515e-005, -0.96378384, 2.94851363e-005, 1, -3.94675405e-006, 0.963783842, -3.41210838e-005, 0.266684653, 0.266684652, -1.41362857e-005, -0.963783843, 3.66552797e-005, 0.999999999, -4.52475437e-006, 0.112533887, 0.0410066162, -0.168718994, 0, 0, 0, 0, 0, 0, 0, 0.181135498, 0.0927738281, -0.115381836, 0, 0, 0, 0, 0, 0, 0, 1, 1, 1, 
147.190329, 0.1, 0.1, 0.10155861, 0.202980099, -0.0199676841, 0.963783858, 2.33449341e-005, 0.266684597, 0.266684597, 1.3718719e-005, -0.963783858, -2.61580417e-005, 1, 6.99614563e-006, 0.963783852, 3.29029374e-005, 0.26668462, 0.26668462, 5.64622696e-006, -0.963783852, -3.32170816e-005, 0.999999999, -3.33296497e-006, 0.112533887, 0.0410066162, -0.168718994, 0, 0, 0, 0, 0, 0, 0, 0.181135498, 0.0927738281, -0.115381836, 0, 0, 0, 0, 0, 0, 0, 1, 1, 1, 
147.191036, 0.1, 0.1, 0.101558612, 0.202980117, -0.0199665868, 0.963783868, -2.976767e-005, 0.266684561, 0.266684561, -2.98478608e-006, -0.963783868, 2.94855966e-005, 1, 5.06188933e-006, 0.963783861, -3.73318501e-005, 0.266684584, 0.266684584, -4.33195374e-006, -0.963783862, 3.71350999e-005, 0.999999999, 5.7807618e-006, 0.112533887, 0.0410066162, -0.168718994, 0, 0, 0, 0, 0, 0, 0, 0.181135498, 0.0927738281, -0.115381836, 0, 0, 0, 0, 0, 0, 0, 1, 1, 1, 
147.191764, 0.1, 0.1, 0.101558605, 0.202980134, -0.0199662183, 0.96378386, 3.25476453e-005, 0.26668459, 0.26668459, 6.67858552e-007, -0.96378386, -3.15470028e-005, 0.999999999, -8.03628416e-006, 0.963783864, 3.69916515e-005, 0.266684573, 0.266684572, 1.39397067e-005, -0.963783865, -3.93694615e-005, 0.999999999, 3.56976165e-006, 0.112533887, 0.0410066162, -0.168718994, 0, 0, 0, 0, 0, 0, 0, 0.181135498, 0.0927738281, -0.115381836, 0, 0, 0, 0, 0, 0, 0, 1, 1, 1, 
147.192488, 0.1, 0.1, 0.101558607, 0.202980153, -0.0199664471, 0.963783861, -2.65263573e-005, 0.266684587, 0.266684587, -1.38434463e-005, -0.963783861, 2.92575088e-005, 1, -6.26791947e-006, 0.963783865, -3.32966288e-005, 0.266684572, 0.266684571, -1.63822338e-005, -0.963783865, 3.64596426e-005, 0.999999999, -6.90923539e-006, 0.11314502, 0.0380799316, -0.169125317, 0, 0, 0, 0, 0, 0, 0, 0.181693164, 0.0900625488, -0.116065137, 0, 0, 0, 0, 0, 0, 0, 1, 1, 1, 
147.193193, 0.1, 0.1, 0.101558601, 0.202980168, -0.0199674722, 0.963783877, 2.67622385e-005, 0.26668453, 0.26668453, 1.3212316e-005, -0.963783877, -2.93165343e-005, 1, 5.5967421e-006, 0.963783871, 3.60077282e-005, 0.26668455, 0.26668455, 5.09330836e-006, -0.963783871, -3.60619743e-005, 0.999999999, -4.69385636e-006, 0.11314502, 0.0380799316, -0.169125317, 0, 0, 0, 0, 0, 0, 0, 0.181693164, 0.0900625488, -0.116065137, 0, 0, 0, 0, 0, 0, 0, 1, 1, 1, 
147.193906, 0.1, 0.1, 0.101558603, 0.202980186, -0.0199688651, 0.963783883, -2.82945414e-005, 0.266684508, 0.266684508, -3.66887988e-006, -0.963783883, 2.82482564e-005, 1, 4.00970856e-006, 0.963783877, -3.45247735e-005, 0.266684527, 0.266684527, -4.91506141e-006, -0.963783878, 3.45851909e-005, 0.999999999, 4.47016596e-006, 0.11314502, 0.0380799316, -0.169125317, 0, 0, 0, 0, 0, 0, 0, 0.181693164, 0.0900625488, -0.116065137, 0, 0, 0, 0, 0, 0, 0, 1, 1, 1, 
147.194631, 0.1, 0.1, 0.101558597, 0.202980202, -0.0199702249, 0.963783874, 2.67929388e-005, 0.266684541, 0.266684541, 3.90997398e-007, -0.963783874, -2.59268753e-005, 1, -6.7684256e-006, 0.963783878, 3.05062042e-005, 0.266684524, 0.266684524, 1.18498974e-005, -0.963783878, -3.25615721e-005, 0.999999999, 3.28520748e-006, 0.11314502, 0.0380799316, -0.169125317, 0, 0, 0, 0, 0, 0, 0, 0.181693164, 0.0900625488, -0.116065137, 0, 0, 0, 0, 0, 0, 0, 1, 1, 1, 
147.19534, 0.1, 0.1, 0.101558599, 0.20298022, -0.0199710146, 0.96378387, -2.32403379e-005, 0.266684553, 0.266684553, -1.13153045e-005, -0.96378387, 2.54162797e-005, 1, -4.70766885e-006, 0.963783874, -2.90519432e-005, 0.266684537, 0.266684537, -1.35464109e-005, -0.963783875, 3.16124127e-005, 0.999999999, -5.30810839e-006, 0.11314502, 0.0380799316, -0.169125317, 0, 0, 0, 0, 0, 0, 0, 0.182381543, 0.0877657715, -0.116482227, 0, 0, 0, 0, 0, 0, 0, 1, 1, 1, 
147.196046, 0.1, 0.1, 0.101558594, 0.202980234, -0.0199711958, 0.963783881, 2.22999777e-005, 0.266684515, 0.266684514, 1.21830895e-005, -0.963783881, -2.47414004e-005, 1, 5.79480653e-006, 0.963783876, 3.07299767e-005, 0.26668453, 0.26668453, 5.07555555e-006, -0.963783877, -3.09706282e-005, 1, -3.3034708e-006, 0.11314502, 0.0380799316, -0.169125317, 0, 0, 0, 0, 0, 0, 0, 0.182381543, 0.0877657715, -0.116482227, 0, 0, 0, 0, 0, 0, 0, 1, 1, 1, 
147.196753, 0.1, 0.1, 0.101558596, 0.202980251, -0.0199707873, 0.963783884, -2.60270035e-005, 0.266684502, 0.266684502, -2.76193154e-006, -0.963783885, 2.58209709e-005, 1, 4.27909335e-006, 0.96378388, -3.23441384e-005, 0.266684518, 0.266684518, -3.97325078e-006, -0.96378388, 3.22323636e-005, 0.999999999, 4.7963259e-006, 0.11314502, 0.0380799316, -0.169125317, 0, 0, 0, 0, 0, 0, 0, 0.182381543, 0.0877657715, -0.116482227, 0, 0, 0, 0, 0, 0, 0, 1, 1, 1, 
147.197473, 0.1, 0.1, 0.10155859, 0.202980267, -0.0199697501, 0.963783875, 2.72199959e-005, 0.266684534, 0.266684534, 5.96310238e-007, -0.963783876, -2.63932198e-005, 1, -6.68443773e-006, 0.96378388, 3.12950286e-005, 0.266684518, 0.266684518, 1.14448018e-005, -0.96378388, -3.32137955e-005, 0.999999999, 2.68441585e-006, 0.113904932, 0.0357952637, -0.169479517, 0, 0, 0, 0, 0, 0, 0, 0.182381543, 0.0877657715, -0.116482227, 0, 0, 0, 0, 0, 0, 0, 1, 1, 1, 
147.198178, 0.1, 0.1, 0.101558592, 0.202980284, -0.0199686481, 0.963783873, -2.54061112e-005, 0.266684545, 0.266684545, -1.18976634e-005, -0.963783873, 2.76589232e-005, 1, -4.69135888e-006, 0.963783877, -3.17561458e-005, 0.266684528, 0.266684528, -1.4363984e-005, -0.963783877, 3.44367136e-005, 0.999999999, -5.37490343e-006, 0.113904932, 0.0357952637, -0.169479517, 0, 0, 0, 0, 0, 0, 0, 0.182381543, 0.0877657715, -0.116482227, 0, 0, 0, 0, 0, 0, 0, 1, 1, 1, 
147.198905, 0.1, 0.1, 0.101558586, 0.202980297, -0.0199675088, 0.963783883, 2.57773566e-005, 0.266684505, 0.266684505, 1.57813027e-005, -0.963783884, -2.90524298e-005, 1, 8.33534358e-006, 0.963783878, 3.575464e-005, 0.266684523, 0.266684523, 7.94388006e-006, -0.963783879, -3.65782555e-005, 0.999999999, -1.8790256e-006, 0.113904932, 0.0357952637, -0.169479517, 0, 0, 0, 0, 0, 0, 0, 0.182381543, 0.0877657715, -0.116482227, 0, 0, 0, 0, 0, 0, 0, 1, 1, 1, 
147.19965, 0.1, 0.1, 0.101558589, 0.202980314, -0.0199667768, 0.963783891, -3.17076135e-005, 0.266684479, 0.266684479, -1.33038242e-006, -0.963783891, 3.09140795e-005, 0.999999999, 7.17372726e-006, 0.963783884, -3.92666347e-005, 0.266684503, 0.266684503, -2.57011919e-006, -0.963783884, 3.85299607e-005, 0.999999999, 7.99476352e-006, 0.114243262, 0.0331028076, -0.170000684, 0, 0, 0, 0, 0, 0, 0, 0.182381543, 0.0877657715, -0.116482227, 0, 0, 0, 0, 0, 0, 0, 1, 1, 1, 
147.200357, 0.1, 0.1, 0.101558583, 0.202980328, -0.0199665619, 0.963783883, 2.75324606e-005, 0.266684508, 0.266684508, 2.06384947e-006, -0.963783883, -2.70857385e-005, 1, -5.35337584e-006, 0.963783887, 3.17128258e-005, 0.266684492, 0.266684492, 1.44021699e-005, -0.963783887, -3.44051459e-005, 0.999999999, 5.42326045e-006, 0.114243262, 0.0331028076, -0.170000684, 0, 0, 0, 0, 0, 0, 0, 0.182868408, 0.0854523926, -0.116935938, 0, 0, 0, 0, 0, 0, 0, 1, 1, 1, 
147.201066, 0.1, 0.1, 0.101558586, 0.202980345, -0.0199671314, 0.963783882, -2.94867529e-005, 0.26668451, 0.26668451, -1.25316392e-005, -0.963783882, 3.17608512e-005, 0.999999999, -4.21413168e-006, 0.963783886, -3.60951107e-005, 0.266684494, 0.266684494, -1.48333989e-005, -0.963783887, 3.87437235e-005, 0.999999999, -4.67018451e-006, 0.114243262, 0.0331028076, -0.170000684, 0, 0, 0, 0, 0, 0, 0, 0.182868408, 0.0854523926, -0.116935938, 0, 0, 0, 0, 0, 0, 0, 1, 1, 1, 
147.201772, 0.1, 0.1, 0.101558581, 0.202980358, -0.0199682944, 0.963783896, 2.39579479e-005, 0.26668446, 0.26668446, 1.32894429e-005, -0.963783896, -2.66343723e-005, 1, 6.41893863e-006, 0.963783891, 3.2612877e-005, 0.266684479, 0.266684479, 5.44437669e-006, -0.963783891, -3.28836962e-005, 0.999999999, -3.45014555e-006, 0.114243262, 0.0331028076, -0.170000684, 0, 0, 0, 0, 0, 0, 0, 0.182868408, 0.0854523926, -0.116935938, 0, 0, 0, 0, 0, 0, 0, 1, 1, 1, 
147.202479, 0.1, 0.1, 0.101558583, 0.202980373, -0.019969641, 0.963783902, -2.74132079e-005, 0.266684437, 0.266684437, -3.30770885e-006, -0.963783903, 2.73025229e-005, 1, 4.12275937e-006, 0.963783897, -3.37670085e-005, 0.266684456, 0.266684456, -4.44536623e-006, -0.963783897, 3.37296092e-005, 0.999999999, 4.72076391e-006, 0.114243262, 0.0331028076, -0.170000684, 0, 0, 0, 0, 0, 0, 0, 0.182868408, 0.0854523926, -0.116935938, 0, 0, 0, 0, 0, 0, 0, 1, 1, 1, 
147.203186, 0.1, 0.1, 0.101558578, 0.202980387, -0.0199707876, 0.963783895, 2.71577719e-005, 0.266684465, 0.266684465, 6.11362701e-007, -0.963783895, -2.63372641e-005, 1, -6.65333433e-006, 0.963783898, 3.03487958e-005, 0.266684451, 0.26668445, 1.10627751e-005, -0.963783899, -3.21999508e-005, 0.999999999, 2.56857256e-006, 0.114243262, 0.0331028076, -0.170000684, 0, 0, 0, 0, 0, 0, 0, 0.182868408, 0.0854523926, -0.116935938, 0, 0, 0, 0, 0, 0, 0, 1, 1, 1, 
147.203893, 0.1, 0.1, 0.101558579, 0.202980403, -0.0199713813, 0.963783893, -2.14810811e-005, 0.266684471, 0.266684471, -1.1480132e-005, -0.963783893, 2.37646929e-005, 1, -5.33569555e-006, 0.963783897, -2.72243485e-005, 0.266684457, 0.266684456, -1.35757815e-005, -0.963783897, 2.98588386e-005, 1, -5.82380898e-006, 0.114243262, 0.0331028076, -0.170000684, 0, 0, 0, 0, 0, 0, 0, 0.182868408, 0.0854523926, -0.116935938, 0, 0, 0, 0, 0, 0, 0, 1, 1, 1, 
147.20463, 0.1, 0.1, 0.101558573, 0.202980417, -0.01997106, 0.963783908, 2.52450104e-005, 0.266684416, 0.266684416, 1.08106265e-005, -0.963783909, -2.72137604e-005, 1, 3.68665705e-006, 0.963783903, 3.40059283e-005, 0.266684435, 0.266684435, 3.79863099e-006, -0.963783903, -3.37874021e-005, 0.999999999, -5.40779237e-006, 0.115041748, 0.0303865479, -0.170371118, 0, 0, 0, 0, 0, 0, 0, 0.183619775, 0.082705957, -0.117406006, 0, 0, 0, 0, 0, 0, 0, 1, 1, 1, 
147.205338, 0.1, 0.1, 0.101558575, 0.202980432, -0.0199700332, 0.963783915, -2.48463418e-005, 0.26668439, 0.26668439, -4.17381863e-006, -0.963783916, 2.50595969e-005, 1, 2.60347225e-006, 0.96378391, -3.11261787e-005, 0.266684409, 0.266684409, -5.41541076e-006, -0.96378391, 3.14431158e-005, 1, 3.08158082e-006, 0.115041748, 0.0303865479, -0.170371118, 0, 0, 0, 0, 0, 0, 0, 0.183619775, 0.082705957, -0.117406006, 0, 0, 0, 0, 0, 0, 0, 1, 1, 1, 
147.206043, 0.1, 0.1, 0.101558569, 0.202980446, -0.0199688563, 0.963783908, 2.72149883e-005, 0.266684416, 0.266684416, -3.81110261e-007, -0.963783908, -2.61277317e-005, 1, -7.62512121e-006, 0.963783912, 3.15920189e-005, 0.266684401, 0.266684401, 1.08576334e-005, -0.963783913, -3.3343441e-005, 0.999999999, 2.03931372e-006, 0.115041748, 0.0303865479, -0.170371118, 0, 0, 0, 0, 0, 0, 0, 0.183619775, 0.082705957, -0.117406006, 0, 0, 0, 0, 0, 0, 0, 1, 1, 1, 
147.206749, 0.1, 0.1, 0.101558572, 0.202980461, -0.0199678842, 0.963783907, -2.77136019e-005, 0.266684421, 0.26668442, -1.2907809e-005, -0.963783907, 3.0152235e-005, 1, -5.04955273e-006, 0.963783911, -3.41845655e-005, 0.266684405, 0.266684405, -1.55009347e-005, -0.963783912, 3.70803918e-005, 0.999999999, -5.82306099e-006, 0.115041748, 0.0303865479, -0.170371118, 0, 0, 0, 0, 0, 0, 0, 0.183619775, 0.082705957, -0.117406006, 0, 0, 0, 0, 0, 0, 0, 1, 1, 1, 
147.20747, 0.1, 0.1, 0.101558566, 0.202980473, -0.0199672382, 0.963783925, 2.53350644e-005, 0.266684357, 0.266684356, 1.42652705e-005, -0.963783925, -2.82218523e-005, 1, 6.99217302e-006, 0.963783918, 3.51951331e-005, 0.266684379, 0.266684379, 6.12840689e-006, -0.963783919, -3.55548537e-005, 0.999999999, -3.47953222e-006, 0.115041748, 0.0303865479, -0.170371118, 0, 0, 0, 0, 0, 0, 0, 0.184354541, 0.0803959961, -0.117859473, 0, 0, 0, 0, 0, 0, 0, 1, 1, 1, 
147.208175, 0.1, 0.1, 0.101558569, 0.202980487, -0.0199672037, 0.963783934, -3.06286129e-005, 0.266684323, 0.266684323, -2.66745175e-006, -0.963783934, 3.02307326e-005, 1, 5.59732377e-006, 0.963783927, -3.73676304e-005, 0.266684345, 0.266684345, -3.96554477e-006, -0.963783928, 3.70718703e-005, 0.999999999, 6.14343375e-006, 0.115041748, 0.0303865479, -0.170371118, 0, 0, 0, 0, 0, 0, 0, 0.184354541, 0.0803959961, -0.117859473, 0, 0, 0, 0, 0, 0, 0, 1, 1, 1, 
147.208885, 0.1, 0.1, 0.101558564, 0.2029805, -0.0199677493, 0.963783928, 2.79528804e-005, 0.266684344, 0.266684344, 1.62433685e-006, -0.963783928, -2.73737221e-005, 1, -5.88908583e-006, 0.963783932, 3.18004353e-005, 0.26668433, 0.266684329, 1.31908898e-005, -0.963783932, -3.41665522e-005, 0.999999999, 4.23248988e-006, 0.115041748, 0.0303865479, -0.170371118, 0, 0, 0, 0, 0, 0, 0, 0.184354541, 0.0803959961, -0.117859473, 0, 0, 0, 0, 0, 0, 0, 1, 1, 1, 
147.209602, 0.1, 0.1, 0.101558566, 0.202980515, -0.0199686205, 0.963783927, -2.77018136e-005, 0.266684347, 0.266684347, -1.18166022e-005, -0.963783928, 2.98498655e-005, 1, -4.00101122e-006, 0.963783931, -3.39331989e-005, 0.266684331, 0.266684331, -1.41258994e-005, -0.963783932, 3.64714279e-005, 0.999999999, -4.56486246e-006, 0.115623096, 0.0279057373, -0.170509521, 0, 0, 0, 0, 0, 0, 0, 0.184354541, 0.0803959961, -0.117859473, 0, 0, 0, 0, 0, 0, 0, 1, 1, 1, 
147.210313, 0.1, 0.1, 0.101558561, 0.202980527, -0.0199695706, 0.96378394, 2.23404878e-005, 0.2666843, 0.2666843, 1.37060611e-005, -0.96378394, -2.51865947e-005, 1, 7.25182427e-006, 0.963783935, 3.11493749e-005, 0.266684318, 0.266684318, 5.7877743e-006, -0.963783935, -3.15647757e-005, 0.999999999, -2.72888592e-006, 0.115623096, 0.0279057373, -0.170509521, 0, 0, 0, 0, 0, 0, 0, 0.184354541, 0.0803959961, -0.117859473, 0, 0, 0, 0, 0, 0, 0, 1, 1, 1, 
147.211017, 0.1, 0.1, 0.101558564, 0.20298054, -0.0199702997, 0.963783946, -2.71250107e-005, 0.26668428, 0.26668428, -1.91545259e-006, -0.963783946, 2.6653471e-005, 1, 5.3877315e-006, 0.963783941, -3.34064534e-005, 0.266684298, 0.266684298, -3.05556388e-006, -0.963783941, 3.30114742e-005, 0.999999999, 5.96407318e-006, 0.115623096, 0.0279057373, -0.170509521, 0, 0, 0, 0, 0, 0, 0, 0.184354541, 0.0803959961, -0.117859473, 0, 0, 0, 0, 0, 0, 0, 1, 1, 1, 
147.211737, 0.1, 0.1, 0.101558558, 0.202980552, -0.0199706365, 0.963783937, 2.63509556e-005, 0.266684312, 0.266684312, 1.02110034e-006, -0.963783937, -2.56689392e-005, 1, -6.04326636e-006, 0.963783941, 3.00480319e-005, 0.266684296, 0.266684296, 1.24602665e-005, -0.963783942, -3.2282768e-005, 0.999999999, 3.99566653e-006, 0.115623096, 0.0279057373, -0.170509521, 0, 0, 0, 0, 0, 0, 0, 0.184354541, 0.0803959961, -0.117859473, 0, 0, 0, 0, 0, 0, 0, 1, 1, 1, 
147.212462, 0.1, 0.1, 0.101558561, 0.202980567, -0.0199702048, 0.963783936, -2.37582168e-005, 0.266684314, 0.266684314, -1.13477112e-005, -0.963783937, 2.59240443e-005, 1, -4.600798e-006, 0.96378394, -3.02089798e-005, 0.266684299, 0.266684299, -1.37265562e-005, -0.963783941, 3.27755866e-005, 0.999999999, -5.17317384e-006, 0.115818628, 0.0250592529, -0.170772168, 0, 0, 0, 0, 0, 0, 0, 0.184642578, 0.0776830078, -0.118266309, 0, 0, 0, 0, 0, 0, 0, 1, 1, 1, 
147.213164, 0.1, 0.1, 0.101558555, 0.202980578, -0.0199695147, 0.96378395, 2.45128256e-005, 0.266684267, 0.266684266, 1.2935686e-005, -0.96378395, -2.70748118e-005, 1, 5.93002168e-006, 0.963783944, 3.32934526e-005, 0.266684284, 0.266684284, 5.53687464e-006, -0.963783945, -3.35642926e-005, 0.999999999, -3.54248971e-006, 0.115818628, 0.0250592529, -0.170772168, 0, 0, 0, 0, 0, 0, 0, 0.184642578, 0.0776830078, -0.118266309, 0, 0, 0, 0, 0, 0, 0, 1, 1, 1, 
147.213871, 0.1, 0.1, 0.101558558, 0.202980591, -0.019968814, 0.963783955, -2.64339583e-005, 0.266684245, 0.266684245, -2.76511164e-006, -0.963783956, 2.62140366e-005, 1, 4.38455e-006, 0.96378395, -3.31836455e-005, 0.266684264, 0.266684264, -4.02154269e-006, -0.96378395, 3.30543471e-005, 0.999999999, 4.97365779e-006, 0.115818628, 0.0250592529, -0.170772168, 0, 0, 0, 0, 0, 0, 0, 0.184642578, 0.0776830078, -0.118266309, 0, 0, 0, 0, 0, 0, 0, 1, 1, 1, 
147.214581, 0.1, 0.1, 0.101558552, 0.202980603, -0.0199682615, 0.963783946, 2.9351271e-005, 0.26668428, 0.26668428, 1.25474239e-006, -0.963783946, -2.86229038e-005, 1, -6.618222e-006, 0.96378395, 3.35021341e-005, 0.266684264, 0.266684263, 1.28127664e-005, -0.963783951, -3.57057823e-005, 0.999999999, 3.41424664e-006, 0.115818628, 0.0250592529, -0.170772168, 0, 0, 0, 0, 0, 0, 0, 0.184642578, 0.0776830078, -0.118266309, 0, 0, 0, 0, 0, 0, 0, 1, 1, 1, 
147.215289, 0.1, 0.1, 0.101558554, 0.202980616, -0.0199680057, 0.963783942, -2.59421266e-005, 0.266684292, 0.266684292, -1.22345586e-005, -0.963783943, 2.82653697e-005, 1, -4.87311347e-006, 0.963783947, -3.22486954e-005, 0.266684275, 0.266684274, -1.46049382e-005, -0.963783948, 3.49756823e-005, 0.999999999, -5.47578503e-006, 0.115818628, 0.0250592529, -0.170772168, 0, 0, 0, 0, 0, 0, 0, 0.184642578, 0.0776830078, -0.118266309, 0, 0, 0, 0, 0, 0, 0, 1, 1, 1, 
147.215994, 0.1, 0.1, 0.101558549, 0.202980627, -0.0199681296, 0.963783955, 2.45287921e-005, 0.266684249, 0.266684248, 1.33705457e-005, -0.963783955, -2.72061702e-005, 1, 6.34487489e-006, 0.963783949, 3.38080118e-005, 0.266684266, 0.266684266, 5.58959137e-006, -0.96378395, -3.40742752e-005, 0.999999999, -3.62890637e-006, 0.115818628, 0.0250592529, -0.170772168, 0, 0, 0, 0, 0, 0, 0, 0.184642578, 0.0776830078, -0.118266309, 0, 0, 0, 0, 0, 0, 0, 1, 1, 1, 
147.216724, 0.1, 0.1, 0.101558552, 0.20298064, -0.0199685069, 0.96378396, -2.91838941e-005, 0.266684227, 0.266684227, -2.53894152e-006, -0.963783961, 2.88040647e-005, 1, 5.33589311e-006, 0.963783954, -3.62032135e-005, 0.266684248, 0.266684248, -3.80193115e-006, -0.963783955, 3.59059915e-005, 0.999999999, 5.99058654e-006, 0.116499341, 0.0221990967, -0.170907764, 0, 0, 0, 0, 0, 0, 0, 0.184642578, 0.0776830078, -0.118266309, 0, 0, 0, 0, 0, 0, 0, 1, 1, 1, 
147.217427, 0.1, 0.1, 0.101558547, 0.202980651, -0.0199688855, 0.963783953, 2.6434844e-005, 0.266684254, 0.266684254, 1.16030594e-006, -0.963783953, -2.57869137e-005, 1, -5.9314724e-006, 0.963783957, 3.01408468e-005, 0.26668424, 0.266684239, 1.2395807e-005, -0.963783957, -3.2355031e-005, 0.999999999, 3.90879107e-006, 0.116499341, 0.0221990967, -0.170907764, 0, 0, 0, 0, 0, 0, 0, 0.185009717, 0.07476875, -0.118709277, 0, 0, 0, 0, 0, 0, 0, 1, 1, 1, 
147.218132, 0.1, 0.1, 0.10155855, 0.202980664, -0.0199693698, 0.963783952, -2.58404431e-005, 0.266684259, 0.266684259, -1.17305446e-005, -0.963783952, 2.8032956e-005, 1, -4.41447121e-006, 0.963783956, -3.20072722e-005, 0.266684244, 0.266684243, -1.39735305e-005, -0.963783956, 3.45746159e-005, 0.999999999, -4.93162928e-006, 0.116499341, 0.0221990967, -0.170907764, 0, 0, 0, 0, 0, 0, 0, 0.185009717, 0.07476875, -0.118709277, 0, 0, 0, 0, 0, 0, 0, 1, 1, 1, 
147.218839, 0.1, 0.1, 0.101558545, 0.202980675, -0.0199697689, 0.963783965, 2.37274751e-005, 0.266684211, 0.266684211, 1.28397062e-005, -0.963783965, -2.6292307e-005, 1, 6.04695996e-006, 0.96378396, 3.22622673e-005, 0.266684229, 0.266684229, 5.48495089e-006, -0.96378396, -3.25566057e-005, 0.999999999, -3.31753021e-006, 0.116499341, 0.0221990967, -0.170907764, 0, 0, 0, 0, 0, 0, 0, 0.185009717, 0.07476875, -0.118709277, 0, 0, 0, 0, 0, 0, 0, 1, 1, 1, 
147.219563, 0.1, 0.1, 0.101558547, 0.202980687, -0.0199698859, 0.963783973, -2.73343778e-005, 0.266684183, 0.266684183, -2.83769274e-006, -0.963783973, 2.7101203e-005, 1, 4.55472342e-006, 0.963783967, -3.38754481e-005, 0.266684203, 0.266684203, -4.02719481e-006, -0.963783967, 3.3722603e-005, 0.999999999, 5.15270109e-006, 0.116499341, 0.0221990967, -0.170907764, 0, 0, 0, 0, 0, 0, 0, 0.185009717, 0.07476875, -0.118709277, 0, 0, 0, 0, 0, 0, 0, 1, 1, 1, 
147.220275, 0.1, 0.1, 0.101558542, 0.202980698, -0.0199696812, 0.963783967, 2.65701776e-005, 0.266684204, 0.266684204, 4.45775799e-007, -0.963783967, -2.57267926e-005, 1, -6.65621511e-006, 0.96378397, 3.04026881e-005, 0.266684191, 0.26668419, 1.18035727e-005, -0.963783971, -3.24494497e-005, 0.999999999, 3.2681779e-006, 0.116499341, 0.0221990967, -0.170907764, 0, 0, 0, 0, 0, 0, 0, 0.185009717, 0.07476875, -0.118709277, 0, 0, 0, 0, 0, 0, 0, 1, 1, 1, 
147.220984, 0.1, 0.1, 0.101558545, 0.202980711, -0.0199692732, 0.963783967, -2.50046984e-005, 0.266684203, 0.266684203, -1.20919023e-005, -0.963783967, 2.73238468e-005, 1, -4.9856235e-006, 0.963783971, -3.13822166e-005, 0.266684189, 0.266684188, -1.44712964e-005, -0.963783971, 3.41049433e-005, 0.999999999, -5.57806256e-006, 0.116499341, 0.0221990967, -0.170907764, 0, 0, 0, 0, 0, 0, 0, 0.185009717, 0.07476875, -0.118709277, 0, 0, 0, 0, 0, 0, 0, 1, 1, 1, 
147.221718, 0.1, 0.1, 0.101558539, 0.202980721, -0.019968727, 0.963783983, 2.43773636e-005, 0.266684144, 0.266684144, 1.38395746e-005, -0.963783984, -2.71853077e-005, 1, 6.83730394e-006, 0.963783977, 3.43564359e-005, 0.266684165, 0.266684165, 5.47255994e-006, -0.963783978, -3.45716275e-005, 0.999999999, -3.88795184e-006, 0.116887109, 0.0195358154, -0.170983789, 0, 0, 0, 0, 0, 0, 0, 0.185009717, 0.07476875, -0.118709277, 0, 0, 0, 0, 0, 0, 0, 1, 1, 1, 
147.222425, 0.1, 0.1, 0.101558542, 0.202980732, -0.0199681641, 0.963783991, -2.79290651e-005, 0.266684118, 0.266684118, -2.2864023e-006, -0.963783991, 2.7527333e-005, 1, 5.24464017e-006, 0.963783985, -3.47859342e-005, 0.266684138, 0.266684138, -3.53976158e-006, -0.963783985, 3.44701246e-005, 0.999999999, 5.86529137e-006, 0.116887109, 0.0195358154, -0.170983789, 0, 0, 0, 0, 0, 0, 0, 0.185504395, 0.0724922363, -0.119097803, 0, 0, 0, 0, 0, 0, 0, 1, 1, 1, 
147.223125, 0.1, 0.1, 0.101558537, 0.202980742, -0.019968001, 0.963783983, 2.86187831e-005, 0.266684146, 0.266684146, 1.59874601e-006, -0.963783983, -2.8008685e-005, 1, -6.09132992e-006, 0.963783987, 3.25427209e-005, 0.266684131, 0.26668413, 1.31064105e-005, -0.963783987, -3.4859425e-005, 0.999999999, 3.9531213e-006, 0.116887109, 0.0195358154, -0.170983789, 0, 0, 0, 0, 0, 0, 0, 0.185504395, 0.0724922363, -0.119097803, 0, 0, 0, 0, 0, 0, 0, 1, 1, 1, 
147.223833, 0.1, 0.1, 0.101558539, 0.202980755, -0.0199682315, 0.963783982, -2.63334334e-005, 0.26668415, 0.26668415, -1.19607758e-005, -0.963783982, 2.85694906e-005, 1, -4.50489484e-006, 0.963783986, -3.25941416e-005, 0.266684134, 0.266684134, -1.42493832e-005, -0.963783986, 3.52137961e-005, 0.999999999, -5.04098696e-006, 0.116887109, 0.0195358154, -0.170983789, 0, 0, 0, 0, 0, 0, 0, 0.185504395, 0.0724922363, -0.119097803, 0, 0, 0, 0, 0, 0, 0, 1, 1, 1, 
147.22457, 0.1, 0.1, 0.101558534, 0.202980764, -0.0199684535, 0.963783998, 2.69394577e-005, 0.266684092, 0.266684092, 1.36960773e-005, -0.963783998, -2.96163442e-005, 1, 6.01573528e-006, 0.963783991, 3.624352e-005, 0.266684114, 0.266684114, 6.08138231e-006, -0.963783992, -3.65527325e-005, 0.999999999, -3.8044321e-006, 0.117329688, 0.0169125732, -0.171065918, 0, 0, 0, 0, 0, 0, 0, 0.186087207, 0.0700059082, -0.119328271, 0, 0, 0, 0, 0, 0, 0, 1, 1, 1, 
147.225277, 0.1, 0.1, 0.101558536, 0.202980775, -0.0199688082, 0.963784007, -2.71027307e-005, 0.266684058, 0.266684058, -3.02280873e-006, -0.963784007, 2.69273133e-005, 1, 4.31453151e-006, 0.963784001, -3.33444917e-005, 0.26668408, 0.26668408, -4.16356948e-006, -0.963784001, 3.32472453e-005, 0.999999999, 4.87966345e-006, 0.117329688, 0.0169125732, -0.171065918, 0, 0, 0, 0, 0, 0, 0, 0.186087207, 0.0700059082, -0.119328271, 0, 0, 0, 0, 0, 0, 0, 1, 1, 1, 
147.225983, 0.1, 0.1, 0.101558531, 0.202980785, -0.0199692548, 0.963784001, 2.6616356e-005, 0.266684079, 0.266684079, 6.23790247e-007, -0.963784002, -2.5818773e-005, 1, -6.49695932e-006, 0.963784005, 3.05942775e-005, 0.266684065, 0.266684065, 1.17274755e-005, -0.963784006, -3.26138061e-005, 0.999999999, 3.14374698e-006, 0.117329688, 0.0169125732, -0.171065918, 0, 0, 0, 0, 0, 0, 0, 0.186087207, 0.0700059082, -0.119328271, 0, 0, 0, 0, 0, 0, 0, 1, 1, 1, 
147.226686, 0.1, 0.1, 0.101558534, 0.202980797, -0.0199696993, 0.963784001, -2.63733377e-005, 0.266684079, 0.266684079, -1.21843039e-005, -0.963784002, 2.86675608e-005, 1, -4.70968788e-006, 0.963784005, -3.22235834e-005, 0.266684065, 0.266684065, -1.43985725e-005, -0.963784006, 3.48964441e-005, 0.999999999, -5.28359768e-006, 0.117329688, 0.0169125732, -0.171065918, 0, 0, 0, 0, 0, 0, 0, 0.186087207, 0.0700059082, -0.119328271, 0, 0, 0, 0, 0, 0, 0, 1, 1, 1, 
147.227398, 0.1, 0.1, 0.10155853, 0.202980806, -0.0199699713, 0.963784016, 2.11804426e-005, 0.266684027, 0.266684027, 1.23811481e-005, -0.963784016, -2.37152265e-005, 1, 6.28426691e-006, 0.96378401, 3.01692422e-005, 0.266684046, 0.266684046, 4.69574565e-006, -0.963784011, -3.03289137e-005, 1, -3.51997099e-006, 0.117329688, 0.0169125732, -0.171065918, 0, 0, 0, 0, 0, 0, 0, 0.186087207, 0.0700059082, -0.119328271, 0, 0, 0, 0, 0, 0, 0, 1, 1, 1, 
147.228103, 0.1, 0.1, 0.101558532, 0.202980817, -0.0199699642, 0.963784023, -2.8183182e-005, 0.266684002, 0.266684002, -2.87536459e-006, -0.963784023, 2.79293143e-005, 1, 4.7447733e-006, 0.963784017, -3.46892652e-005, 0.266684021, 0.266684021, -4.07661589e-006, -0.963784018, 3.45201277e-005, 0.999999999, 5.32209547e-006, 0.117329688, 0.0169125732, -0.171065918, 0, 0, 0, 0, 0, 0, 0, 0.186087207, 0.0700059082, -0.119328271, 0, 0, 0, 0, 0, 0, 0, 1, 1, 1, 
147.22882, 0.1, 0.1, 0.101558528, 0.202980827, -0.0199697247, 0.963784015, 2.58272906e-005, 0.266684029, 0.266684029, 9.45778743e-008, -0.963784016, -2.49171523e-005, 1, -6.79657326e-006, 0.963784019, 2.96857458e-005, 0.266684014, 0.266684014, 1.18850791e-005, -0.96378402, -3.17802081e-005, 0.999999999, 3.53793549e-006, 0.117329688, 0.0169125732, -0.171065918, 0, 0, 0, 0, 0, 0, 0, 0.186087207, 0.0700059082, -0.119328271, 0, 0, 0, 0, 0, 0, 0, 1, 1, 1, 
147.229538, 0.1, 0.1, 0.10155853, 0.202980838, -0.0199690774, 0.963784016, -2.56939284e-005, 0.266684025, 0.266684025, -1.21585176e-005, -0.963784017, 2.80058799e-005, 1, -4.86602466e-006, 0.96378402, -3.23777365e-005, 0.266684011, 0.266684011, -1.46669739e-005, -0.96378402, 3.51165925e-005, 0.999999999, -5.50117047e-006, 0.118243286, 0.0142729736, -0.170997314, 0, 0, 0, 0, 0, 0, 0, 0.186998975, 0.0670950684, -0.119611475, 0, 0, 0, 0, 0, 0, 0, 1, 1, 1, 
147.230248, 0.1, 0.1, 0.101558525, 0.202980847, -0.0199685658, 0.963784032, 2.5218568e-005, 0.26668397, 0.26668397, 1.36031215e-005, -0.963784032, -2.79329876e-005, 1, 6.3850835e-006, 0.963784026, 3.41839664e-005, 0.26668399, 0.26668399, 5.74475754e-006, -0.963784026, -3.44779957e-005, 0.999999999, -3.579611e-006, 0.118243286, 0.0142729736, -0.170997314, 0, 0, 0, 0, 0, 0, 0, 0.186998975, 0.0670950684, -0.119611475, 0, 0, 0, 0, 0, 0, 0, 1, 1, 1, 
147.230953, 0.1, 0.1, 0.101558528, 0.202980857, -0.0199682392, 0.963784038, -2.68554501e-005, 0.266683945, 0.266683945, -2.36962538e-006, -0.963784039, 2.65147952e-005, 1, 4.87811026e-006, 0.963784033, -3.38004445e-005, 0.266683965, 0.266683965, -3.70108834e-006, -0.963784033, 3.35633496e-005, 0.999999999, 5.44698671e-006, 0.118243286, 0.0142729736, -0.170997314, 0, 0, 0, 0, 0, 0, 0, 0.186998975, 0.0670950684, -0.119611475, 0, 0, 0, 0, 0, 0, 0, 1, 1, 1, 
147.231656, 0.1, 0.1, 0.101558523, 0.202980866, -0.0199682753, 0.96378403, 2.99292134e-005, 0.266683976, 0.266683976, 2.14892322e-006, -0.96378403, -2.94183813e-005, 1, -5.91054376e-006, 0.963784034, 3.37724114e-005, 0.266683961, 0.26668396, 1.34985434e-005, -0.963784034, -3.6149156e-005, 0.999999999, 4.00312019e-006, 0.118243286, 0.0142729736, -0.170997314, 0, 0, 0, 0, 0, 0, 0, 0.186998975, 0.0670950684, -0.119611475, 0, 0, 0, 0, 0, 0, 0, 1, 1, 1, 
147.232361, 0.1, 0.1, 0.101558525, 0.202980877, -0.019968619, 0.963784027, -2.42004064e-005, 0.266683985, 0.266683985, -1.13078343e-005, -0.963784028, 2.63395835e-005, 1, -4.4444493e-006, 0.963784032, -3.0286759e-005, 0.266683969, 0.266683968, -1.35492796e-005, -0.963784032, 3.28032704e-005, 0.999999999, -4.98158623e-006, 0.118243286, 0.0142729736, -0.170997314, 0, 0, 0, 0, 0, 0, 0, 0.186998975, 0.0670950684, -0.119611475, 0, 0, 0, 0, 0, 0, 0, 1, 1, 1, 
147.233065, 0.1, 0.1, 0.10155852, 0.202980885, -0.0199691401, 0.963784039, 2.46357062e-005, 0.266683942, 0.266683941, 1.33509442e-005, -0.96378404, -2.73039829e-005, 1, 6.2974797e-006, 0.963784034, 3.36515779e-005, 0.266683959, 0.266683959, 5.87181037e-006, -0.963784035, -3.39987712e-005, 0.999999999, -3.31517893e-006, 0.118243286, 0.0142729736, -0.170997314, 0, 0, 0, 0, 0, 0, 0, 0.186998975, 0.0670950684, -0.119611475, 0, 0, 0, 0, 0, 0, 0, 1, 1, 1, 
147.233792, 0.1, 0.1, 0.101558523, 0.202980895, -0.0199696229, 0.963784046, -2.73744716e-005, 0.266683917, 0.266683917, -2.0809031e-006, -0.963784047, 2.69380224e-005, 1, 5.2947901e-006, 0.96378404, -3.40029197e-005, 0.266683938, 0.266683938, -3.22616138e-006, -0.963784041, 3.36318368e-005, 0.999999999, 5.9587097e-006, 0.118863208, 0.0118329346, -0.17087793, 0, 0, 0, 0, 0, 0, 0, 0.186998975, 0.0670950684, -0.119611475, 0, 0, 0, 0, 0, 0, 0, 1, 1, 1, 
147.234502, 0.1, 0.1, 0.101558518, 0.202980904, -0.0199697393, 0.963784039, 2.54712905e-005, 0.266683944, 0.266683944, 1.20288974e-006, -0.963784039, -2.48696146e-005, 1, -5.63345828e-006, 0.963784042, 2.93354673e-005, 0.26668393, 0.26668393, 1.22213172e-005, -0.963784043, -3.15322842e-005, 0.999999999, 3.95541282e-006, 0.118863208, 0.0118329346, -0.17087793, 0, 0, 0, 0, 0, 0, 0, 0.187568604, 0.0648102539, -0.119630176, 0, 0, 0, 0, 0, 0, 0, 1, 1, 1, 
