time, realDorsalTactorPos, realVentralTactorPos, boxPosX, boxPosY, boxPosZ, boxLocalRot_11, boxLocalRot_12, boxLocalRot_13, boxLocalRot_21, boxLocalRot_22, boxLocalRot_23, boxLocalRot_31, boxLocalRot_32, boxLocalRot_33, boxGlobalRot_11, boxGlobalRot_12, boxGlobalRot_13], boxGlobalRot_21, boxGlobalRot_22, boxGlobalRot_23, boxGlobalRot_31, boxGlobalRot_32, boxGlobalRot_33, indexPosX, indexPosY, indexPosZ, indexContact, indexForceX, indexForceY, indexForceZ, indexForceGlobalX, indexForceGlobalY, indexForceGlobalZ, thumbPosX, thumbPosY, thumbPosZ, thumbContact, thumbForceX, thumbForceY, thumbForceZ, thumbForceGlobalX, thumbForceGlobalY, thumbForceGlobalZ, hoopSuccess, targetSuccess, trialSuccess, 
162.512893, 0.1, 0.1, 0.124901137, 0.184635504, -0.0199665403, 0.982316489, -8.17222888e-007, 0.187227975, 0.187227975, 2.40473359e-005, -0.982316489, -3.69956249e-006, 1, 2.37751016e-005, 0.982316489, 1.93474161e-005, 0.187227975, 0.187227975, -5.01589593e-006, -0.982316489, -1.80661699e-005, 1, -8.54957483e-006, 0.114675854, 0.00834848633, -0.145633984, 0, 0, 0, 0, 0, 0, 0, 0.194422803, 0.050492627, -0.128503662, 0, 0, 0, 0, 0, 0, 0, 1, 1, 1, 
162.518585, 0.1, 0.1, 0.124900919, 0.184635317, -0.0199886474, 0.982314061, -7.78538067e-005, 0.1872407, 0.187240702, 8.43909177e-006, -0.982314064, 7.48967478e-005, 0.999999997, 2.28672399e-005, 0.982314048, -6.50725831e-005, 0.187240772, 0.187240773, 3.50429207e-006, -0.98231405, 6.32655663e-005, 0.999999998, 1.56265561e-005, 0.116159814, 0.00316276855, -0.1457198, 0, 0, 0, 0, 0, 0, 0, 0.195667139, 0.0454796875, -0.128397021, 0, 0, 0, 0, 0, 0, 0, 1, 1, 1, 
162.51932, 0.1, 0.1, 0.124900908, 0.1846353, -0.0199803344, 0.98231413, -3.43471539e-005, 0.187240352, 0.187240352, -1.46882684e-005, -0.98231413, 3.64899311e-005, 0.999999999, -7.99732044e-006, 0.982314115, -5.88931541e-005, 0.187240425, 0.187240425, -2.20544967e-006, -0.982314116, 5.82645259e-005, 0.999999998, 8.86073486e-006, 0.116811108, 0.000703686524, -0.145919849, 0, 0, 0, 0, 0, 0, 0, 0.196155225, 0.0432297852, -0.128278027, 0, 0, 0, 0, 0, 0, 0, 1, 1, 1, 
162.520023, 0.1, 0.1, 0.124900878, 0.184635285, -0.0199698092, 0.982314106, 5.93373389e-005, 0.187240471, 0.187240469, 2.36534148e-005, -0.982314108, -6.27167816e-005, 0.999999998, 1.21247318e-005, 0.982314118, 5.89275942e-005, 0.18724041, 0.187240409, 1.75321032e-005, -0.982314119, -6.1168126e-005, 0.999999998, 6.18840567e-006, 0.116811108, 0.000703686524, -0.145919849, 0, 0, 0, 0, 0, 0, 0, 0.196155225, 0.0432297852, -0.128278027, 0, 0, 0, 0, 0, 0, 0, 1, 1, 1, 
162.520732, 0.1, 0.1, 0.124900854, 0.184635271, -0.0199601401, 0.982314071, -2.48899458e-005, 0.187240661, 0.187240661, -7.24173479e-006, -0.982314071, 2.58056912e-005, 1, -2.45324807e-006, 0.982314074, -2.03181941e-005, 0.187240648, 0.187240648, -3.30040782e-006, -0.982314074, 2.05768185e-005, 1, 5.62354786e-007, 0.116811108, 0.000703686524, -0.145919849, 0, 0, 0, 0, 0, 0, 0, 0.196155225, 0.0432297852, -0.128278027, 0, 0, 0, 0, 0, 0, 0, 1, 1, 1, 
162.521439, 0.1, 0.1, 0.124900834, 0.184635258, -0.0199540601, 0.982314092, -1.64578175e-005, 0.187240552, 0.187240552, -6.74221856e-006, -0.982314092, 1.74291628e-005, 1, -3.54140548e-006, 0.982314083, 6.68398901e-006, 0.187240598, 0.187240598, -1.4981045e-005, -0.982314083, -3.7607167e-006, 1, -1.59676056e-005, 0.116811108, 0.000703686524, -0.145919849, 0, 0, 0, 0, 0, 0, 0, 0.196155225, 0.0432297852, -0.128278027, 0, 0, 0, 0, 0, 0, 0, 1, 1, 1, 
162.52214, 0.1, 0.1, 0.124900814, 0.184635242, -0.0199529341, 0.982314199, 1.47275092e-005, 0.187239991, 0.187239991, -2.53660277e-005, -0.982314199, -9.71750665e-006, 1, -2.76749879e-005, 0.98231417, 1.58273309e-005, 0.187240144, 0.187240143, 9.47463694e-006, -0.98231417, -1.73214438e-005, 1, 6.34355841e-006, 0.116811108, 0.000703686524, -0.145919849, 0, 0, 0, 0, 0, 0, 0, 0.196155225, 0.0432297852, -0.128278027, 0, 0, 0, 0, 0, 0, 0, 1, 1, 1, 
162.522842, 0.1, 0.1, 0.124900793, 0.184635234, -0.0199567294, 0.982314372, 9.31807258e-006, 0.187239085, 0.187239084, 3.28845207e-005, -0.982314371, -1.53105442e-005, 0.999999999, 3.055823e-005, 0.982314345, 1.05163327e-005, 0.187239227, 0.187239227, -6.33480153e-006, -0.982314345, -9.14422116e-006, 1, -8.19183642e-006, 0.116811108, 0.000703686524, -0.145919849, 0, 0, 0, 0, 0, 0, 0, 0.196155225, 0.0432297852, -0.128278027, 0, 0, 0, 0, 0, 0, 0, 1, 1, 1, 
162.523544, 0.1, 0.1, 0.124900775, 0.184635211, -0.0199640499, 0.982314439, 3.37450547e-006, 0.187238733, 0.187238733, 1.507583e-005, -0.982314439, -6.13760477e-006, 1, 1.41773674e-005, 0.982314431, -1.79778844e-005, 0.187238773, 0.187238774, 3.97031632e-005, -0.98231443, 1.02259637e-005, 0.999999999, 4.23671472e-005, 0.116811108, 0.000703686524, -0.145919849, 0, 0, 0, 0, 0, 0, 0, 0.196155225, 0.0432297852, -0.128278027, 0, 0, 0, 0, 0, 0, 0, 1, 1, 1, 
162.524274, 0.1, 0.1, 0.124900754, 0.18463521, -0.0199723924, 0.982314557, 2.47896882e-006, 0.187238111, 0.187238111, -6.1453255e-005, -0.982314556, 9.07126424e-006, 0.999999998, -6.08305844e-005, 0.982314529, -1.72739685e-007, 0.18723826, 0.18723826, -6.95945148e-005, -0.982314527, 1.32004406e-005, 0.999999998, -6.83313596e-005, 0.117424561, -0.00177443848, -0.145906909, 0, 0, 0, 0, 0, 0, 0, 0.196155225, 0.0432297852, -0.128278027, 0, 0, 0, 0, 0, 0, 0, 1, 1, 1, 
162.524976, 0.1, 0.1, 0.124900736, 0.184635197, -0.0199786618, 0.982314637, -2.04292668e-005, 0.18723769, 0.187237691, 4.08090403e-005, -0.982314637, 1.24269774e-005, 0.999999999, 4.39124464e-005, 0.982314627, -1.41424827e-005, 0.187237743, 0.187237743, 2.81271164e-005, -0.982314627, 8.62590983e-006, 1, 3.02776844e-005, 0.117424561, -0.00177443848, -0.145906909, 0, 0, 0, 0, 0, 0, 0, 0.196620117, 0.0407532227, -0.128373975, 0, 0, 0, 0, 0, 0, 0, 1, 1, 1, 
162.525679, 0.1, 0.1, 0.124900717, 0.184635177, -0.0199817931, 0.98231471, 1.80937102e-005, 0.18723731, 0.18723731, 1.0121314e-005, -0.98231471, -1.96688053e-005, 1, 6.55449801e-006, 0.98231469, 1.33150378e-005, 0.187237413, 0.187237412, 2.92006466e-005, -0.98231469, -1.85470107e-005, 0.999999999, 2.61911509e-005, 0.117424561, -0.00177443848, -0.145906909, 0, 0, 0, 0, 0, 0, 0, 0.196620117, 0.0407532227, -0.128373975, 0, 0, 0, 0, 0, 0, 0, 1, 1, 1, 
162.526387, 0.1, 0.1, 0.124900699, 0.184635173, -0.0199810245, 0.982314858, -1.40406343e-005, 0.187236536, 0.187236535, -4.89874912e-005, -0.982314857, 2.29645718e-005, 0.999999999, -4.54922207e-005, 0.982314825, -1.04381714e-005, 0.187236707, 0.187236706, -5.21864285e-005, -0.982314824, 2.00247855e-005, 0.999999999, -4.93090935e-005, 0.117424561, -0.00177443848, -0.145906909, 0, 0, 0, 0, 0, 0, 0, 0.196620117, 0.0407532227, -0.128373975, 0, 0, 0, 0, 0, 0, 0, 1, 1, 1, 
162.527114, 0.1, 0.1, 0.12490068, 0.18463516, -0.0199764749, 0.982315028, 9.9110366e-006, 0.187235643, 0.187235643, 3.45196811e-005, -0.982315027, -1.61990749e-005, 0.999999999, 3.20535022e-005, 0.982314998, 1.05042171e-005, 0.1872358, 0.1872358, 2.75242634e-005, -0.982314998, -1.54719775e-005, 1, 2.50707312e-005, 0.118255884, -0.00447849121, -0.146117944, 0, 0, 0, 0, 0, 0, 0, 0.197081836, 0.0385047852, -0.128228613, 0, 0, 0, 0, 0, 0, 0, 1, 1, 1, 
162.527825, 0.1, 0.1, 0.124900662, 0.184635148, -0.0199700423, 0.982315135, 1.31963386e-005, 0.187235083, 0.187235083, -3.96841249e-005, -0.982315134, -5.53270274e-006, 0.999999999, -4.14531341e-005, 0.982315124, -2.42097828e-006, 0.187235141, 0.187235141, -2.66698344e-005, -0.982315123, 7.37169378e-006, 1, -2.57448895e-005, 0.118255884, -0.00447849121, -0.146117944, 0, 0, 0, 0, 0, 0, 0, 0.197081836, 0.0385047852, -0.128228613, 0, 0, 0, 0, 0, 0, 0, 1, 1, 1, 
162.528532, 0.1, 0.1, 0.124900645, 0.18463514, -0.0199638468, 0.982315204, -1.88923822e-005, 0.187234717, 0.187234718, 1.92274478e-005, -0.982315204, 1.49582286e-005, 1, 2.24247242e-005, 0.982315184, -2.2131106e-005, 0.187234823, 0.187234823, 2.52299875e-006, -0.982315184, 2.12673282e-005, 1, 6.62209369e-006, 0.118255884, -0.00447849121, -0.146117944, 0, 0, 0, 0, 0, 0, 0, 0.197081836, 0.0385047852, -0.128228613, 0, 0, 0, 0, 0, 0, 0, 1, 1, 1, 
162.529238, 0.1, 0.1, 0.124900629, 0.184635128, -0.0199597016, 0.982315346, -2.20669601e-005, 0.187233972, 0.187233972, -1.26720648e-005, -0.982315346, 2.40493546e-005, 1, -8.31627913e-006, 0.982315313, -1.5821676e-005, 0.187234145, 0.187234145, -1.63164087e-005, -0.982315313, 1.85968634e-005, 1, -1.30655002e-005, 0.118255884, -0.00447849121, -0.146117944, 0, 0, 0, 0, 0, 0, 0, 0.197081836, 0.0385047852, -0.128228613, 0, 0, 0, 0, 0, 0, 0, 1, 1, 1, 
162.529942, 0.1, 0.1, 0.124900611, 0.184635117, -0.0199586292, 0.982315545, -8.15389717e-006, 0.187232929, 0.187232929, -2.80910454e-005, -0.982315545, 1.32692686e-005, 1, -2.60675925e-005, 0.9823155, 8.76037392e-006, 0.187233165, 0.187233165, -1.70472042e-005, -0.9823155, -5.41364909e-006, 1, -1.83859655e-005, 0.118255884, -0.00447849121, -0.146117944, 0, 0, 0, 0, 0, 0, 0, 0.197081836, 0.0385047852, -0.128228613, 0, 0, 0, 0, 0, 0, 0, 1, 1, 1, 
162.530647, 0.1, 0.1, 0.124900594, 0.184635101, -0.0199607864, 0.982315775, 2.13670427e-006, 0.187231722, 0.187231722, 4.91466245e-005, -0.982315774, -1.13007255e-005, 0.999999999, 4.78774457e-005, 0.982315733, 7.46386973e-006, 0.187231944, 0.187231944, 4.75879883e-005, -0.982315732, -1.62418682e-005, 0.999999999, 4.53489548e-005, 0.118255884, -0.00447849121, -0.146117944, 0, 0, 0, 0, 0, 0, 0, 0.197081836, 0.0385047852, -0.128228613, 0, 0, 0, 0, 0, 0, 0, 1, 1, 1, 
162.531353, 0.1, 0.1, 0.124900576, 0.184635092, -0.0199653244, 0.98231592, 3.03406801e-005, 0.187230958, 0.187230959, -4.10389641e-005, -0.98231592, -2.21203685e-005, 0.999999999, -4.59939424e-005, 0.9823159, 2.23091679e-005, 0.187231066, 0.187231067, -3.45895004e-005, -0.9823159, -1.54384213e-005, 0.999999999, -3.81547855e-005, 0.118255884, -0.00447849121, -0.146117944, 0, 0, 0, 0, 0, 0, 0, 0.197081836, 0.0385047852, -0.128228613, 0, 0, 0, 0, 0, 0, 0, 1, 1, 1, 
162.532082, 0.1, 0.1, 0.124900561, 0.18463508, -0.0199707058, 0.982316039, -4.38589805e-005, 0.187230335, 0.187230337, 4.6954487e-005, -0.982316038, 3.42920756e-005, 0.999999998, 5.43358774e-005, 0.982316009, -3.75846732e-005, 0.187230491, 0.187230492, 2.67252978e-005, -0.982316009, 3.19162355e-005, 0.999999999, 3.32896848e-005, 0.119079761, -0.00718730469, -0.146099634, 0, 0, 0, 0, 0, 0, 0, 0.197788525, 0.0359947754, -0.128138184, 0, 0, 0, 0, 0, 0, 0, 1, 1, 1, 
162.532789, 0.1, 0.1, 0.124900546, 0.184635059, -0.0199750315, 0.982316225, 2.26220194e-005, 0.187229362, 0.187229362, 1.55604781e-005, -0.982316225, -2.51353551e-005, 1, 1.10498039e-005, 0.982316181, 1.34086652e-005, 0.187229595, 0.187229594, 4.00423212e-005, -0.98231618, -2.06686564e-005, 0.999999999, 3.68237211e-005, 0.119079761, -0.00718730469, -0.146099634, 0, 0, 0, 0, 0, 0, 0, 0.197788525, 0.0359947754, -0.128138184, 0, 0, 0, 0, 0, 0, 0, 1, 1, 1, 
162.533495, 0.1, 0.1, 0.124900528, 0.184635058, -0.0199773737, 0.982316501, -8.27679011e-006, 0.187227913, 0.187227913, -6.2006065e-005, -0.982316499, 1.97396937e-005, 0.999999998, -5.93599347e-005, 0.982316443, -4.88918111e-006, 0.187228217, 0.187228217, -6.49395228e-005, -0.982316441, 1.69612341e-005, 0.999999998, -6.28757684e-005, 0.119079761, -0.00718730469, -0.146099634, 0, 0, 0, 0, 0, 0, 0, 0.197788525, 0.0359947754, -0.128138184, 0, 0, 0, 0, 0, 0, 0, 1, 1, 1, 
162.534197, 0.1, 0.1, 0.12490051, 0.184635047, -0.0199771965, 0.982316765, 1.35376455e-005, 0.18722653, 0.18722653, 5.39157957e-005, -0.982316763, -2.33927235e-005, 0.999999998, 5.04277836e-005, 0.982316722, 1.58904217e-005, 0.187226756, 0.187226756, 3.16913883e-005, -0.982316721, -2.15429028e-005, 0.999999999, 2.81558685e-005, 0.119079761, -0.00718730469, -0.146099634, 0, 0, 0, 0, 0, 0, 0, 0.197788525, 0.0359947754, -0.128138184, 0, 0, 0, 0, 0, 0, 0, 1, 1, 1, 
162.53492, 0.1, 0.1, 0.124900497, 0.184635025, -0.0199744725, 0.982316921, -3.04990875e-005, 0.18722571, 0.187225711, 2.24780908e-005, -0.982316921, 2.57512932e-005, 0.999999999, 2.77908223e-005, 0.9823169, -3.27768688e-005, 0.187225816, 0.187225818, 4.44608201e-005, -0.9823169, 2.38730588e-005, 0.999999998, 4.9811291e-005, 0.119079761, -0.00718730469, -0.146099634, 0, 0, 0, 0, 0, 0, 0, 0.198305176, 0.033469873, -0.127646191, 0, 0, 0, 0, 0, 0, 0, 1, 1, 1, 
162.535624, 0.1, 0.1, 0.124900477, 0.184635018, -0.0199704441, 0.982316944, 3.84200657e-005, 0.187225586, 0.187225586, -1.77123623e-005, -0.982316945, -3.44244741e-005, 0.999999999, -2.45923729e-005, 0.982316947, 3.71595993e-005, 0.187225572, 0.187225573, -2.76653081e-005, -0.982316947, -3.1322851e-005, 0.999999999, -3.41333282e-005, 0.119079761, -0.00718730469, -0.146099634, 0, 0, 0, 0, 0, 0, 0, 0.198305176, 0.033469873, -0.127646191, 0, 0, 0, 0, 0, 0, 0, 1, 1, 1, 
162.536329, 0.1, 0.1, 0.124900464, 0.184635003, -0.0199663485, 0.982316886, -4.20547561e-005, 0.187225889, 0.18722589, 2.71754015e-005, -0.982316886, 3.62231584e-005, 0.999999999, 3.45685949e-005, 0.982316904, -3.92829303e-005, 0.187225797, 0.187225798, 3.52070207e-005, -0.982316904, 3.1996624e-005, 0.999999999, 4.19392295e-005, 0.119079761, -0.00718730469, -0.146099634, 0, 0, 0, 0, 0, 0, 0, 0.198305176, 0.033469873, -0.127646191, 0, 0, 0, 0, 0, 0, 0, 1, 1, 1, 
162.537044, 0.1, 0.1, 0.124900445, 0.184634995, -0.0199632528, 0.982316754, 4.52423792e-005, 0.187226582, 0.187226583, -1.35563818e-005, -0.982316755, -4.1904232e-005, 0.999999999, -2.17872371e-005, 0.982316785, 4.3390792e-005, 0.187226417, 0.187226418, -2.27345455e-005, -0.982316786, -3.83669959e-005, 0.999999999, -3.04564282e-005, 0.119882031, -0.0099050293, -0.145910327, 0, 0, 0, 0, 0, 0, 0, 0.198305176, 0.033469873, -0.127646191, 0, 0, 0, 0, 0, 0, 0, 1, 1, 1, 
162.537748, 0.1, 0.1, 0.124900433, 0.184634979, -0.0199621599, 0.982316556, -5.15992464e-005, 0.187227619, 0.18722762, 3.03609795e-005, -0.982316557, 4.50023801e-005, 0.999999998, 3.94848969e-005, 0.982316601, -4.72228704e-005, 0.187227381, 0.187227383, 4.07926208e-005, -0.982316601, 3.8750314e-005, 0.999999998, 4.89126831e-005, 0.119882031, -0.0099050293, -0.145910327, 0, 0, 0, 0, 0, 0, 0, 0.198305176, 0.033469873, -0.127646191, 0, 0, 0, 0, 0, 0, 0, 1, 1, 1, 
162.538462, 0.1, 0.1, 0.124900416, 0.184634972, -0.0199632347, 0.982316287, 4.05999346e-005, 0.187229033, 0.187229034, -2.32122913e-005, -0.982316287, -3.55359622e-005, 0.999999999, -3.04032984e-005, 0.982316345, 3.63936732e-005, 0.187228729, 0.18722873, -3.09595052e-005, -0.982316345, -2.99535912e-005, 0.999999999, -3.72259692e-005, 0.119882031, -0.0099050293, -0.145910327, 0, 0, 0, 0, 0, 0, 0, 0.198305176, 0.033469873, -0.127646191, 0, 0, 0, 0, 0, 0, 0, 1, 1, 1, 
162.539164, 0.1, 0.1, 0.124900403, 0.184634959, -0.0199659381, 0.982315974, -4.30160884e-005, 0.187230672, 0.187230673, 1.91989131e-005, -0.982315975, 3.86607654e-005, 0.999999999, 2.69133302e-005, 0.982316041, -3.99529019e-005, 0.187230324, 0.187230325, 2.70699029e-005, -0.982316041, 3.41780697e-005, 0.999999999, 3.40715946e-005, 0.119882031, -0.0099050293, -0.145910327, 0, 0, 0, 0, 0, 0, 0, 0.198305176, 0.033469873, -0.127646191, 0, 0, 0, 0, 0, 0, 0, 1, 1, 1, 
162.539896, 0.1, 0.1, 0.124900385, 0.184634953, -0.0199692807, 0.982315607, 4.22752396e-005, 0.187232602, 0.187232603, -2.42696476e-005, -0.982315607, -3.69835584e-005, 0.999999999, -3.17557567e-005, 0.982315681, 3.79776685e-005, 0.187232215, 0.187232216, -3.19090185e-005, -0.98231568, -3.13316631e-005, 0.999999999, -3.84553723e-005, 0.120485474, -0.0126240967, -0.145523535, 0, 0, 0, 0, 0, 0, 0, 0.198825244, 0.0309415527, -0.12737915, 0, 0, 0, 0, 0, 0, 0, 1, 1, 1, 
162.540602, 0.1, 0.1, 0.12490037, 0.18463494, -0.0199722119, 0.982315222, -2.75519793e-005, 0.187234621, 0.187234622, 1.71864765e-005, -0.982315222, 2.38468253e-005, 0.999999999, 2.20412219e-005, 0.9823153, -2.42111838e-005, 0.187234213, 0.187234214, 2.28707671e-005, -0.9823153, 1.95008262e-005, 0.999999999, 2.69994664e-005, 0.120485474, -0.0126240967, -0.145523535, 0, 0, 0, 0, 0, 0, 0, 0.198825244, 0.0309415527, -0.12737915, 0, 0, 0, 0, 0, 0, 0, 1, 1, 1, 
162.541307, 0.1, 0.1, 0.124900353, 0.184634933, -0.0199740624, 0.982314823, 3.38840842e-005, 0.187236715, 0.187236716, -1.45391806e-005, -0.982314823, -3.05625698e-005, 0.999999999, -2.06263973e-005, 0.982314903, 3.21448639e-005, 0.187236293, 0.187236294, -2.0606848e-005, -0.982314904, -2.7718029e-005, 0.999999999, -2.6261099e-005, 0.120485474, -0.0126240967, -0.145523535, 0, 0, 0, 0, 0, 0, 0, 0.198825244, 0.0309415527, -0.12737915, 0, 0, 0, 0, 0, 0, 0, 1, 1, 1, 
162.54201, 0.1, 0.1, 0.12490034, 0.18463492, -0.0199743668, 0.982314417, -3.16431669e-005, 0.187238847, 0.187238848, 1.57783303e-005, -0.982314417, 2.81292227e-005, 0.999999999, 2.14241115e-005, 0.982314499, -2.86042164e-005, 0.187238418, 0.187238418, 2.25183313e-005, -0.982314499, 2.38820398e-005, 0.999999999, 2.74758916e-005, 0.120485474, -0.0126240967, -0.145523535, 0, 0, 0, 0, 0, 0, 0, 0.198825244, 0.0309415527, -0.12737915, 0, 0, 0, 0, 0, 0, 0, 1, 1, 1, 
162.542713, 0.1, 0.1, 0.124900324, 0.184634914, -0.0199731744, 0.982313998, 2.77718967e-005, 0.187241041, 0.187241042, -1.64725115e-005, -0.982313999, -2.41963927e-005, 0.999999999, -2.13812175e-005, 0.982314083, 2.62717555e-005, 0.187240598, 0.187240598, -2.33436505e-005, -0.982314083, -2.14362364e-005, 0.999999999, -2.78499359e-005, 0.120485474, -0.0126240967, -0.145523535, 0, 0, 0, 0, 0, 0, 0, 0.198825244, 0.0309415527, -0.12737915, 0, 0, 0, 0, 0, 0, 0, 1, 1, 1, 
162.543417, 0.1, 0.1, 0.124900313, 0.184634901, -0.019970904, 0.98231357, -4.07863824e-005, 0.187243286, 0.187243287, 1.68876852e-005, -0.982313571, 3.69029112e-005, 0.999999999, 2.42259787e-005, 0.982313657, -3.91498515e-005, 0.187242832, 0.187242833, 2.38900674e-005, -0.982313657, 3.39841899e-005, 0.999999999, 3.07980686e-005, 0.120485474, -0.0126240967, -0.145523535, 0, 0, 0, 0, 0, 0, 0, 0.198825244, 0.0309415527, -0.12737915, 0, 0, 0, 0, 0, 0, 0, 1, 1, 1, 
162.544119, 0.1, 0.1, 0.124900297, 0.184634895, -0.0199683147, 0.98231313, 3.63674287e-005, 0.187245596, 0.187245596, -1.59683723e-005, -0.982313131, -3.27341953e-005, 0.999999999, -2.24955826e-005, 0.982313219, 3.34287355e-005, 0.187245129, 0.18724513, -2.48982805e-005, -0.982313219, -2.8175407e-005, 0.999999999, -3.0717278e-005, 0.120485474, -0.0126240967, -0.145523535, 0, 0, 0, 0, 0, 0, 0, 0.198825244, 0.0309415527, -0.12737915, 0, 0, 0, 0, 0, 0, 0, 1, 1, 1, 
162.544848, 0.1, 0.1, 0.124900286, 0.18463488, -0.0199659985, 0.982312647, -4.35608503e-005, 0.187248127, 0.187248128, 2.58107576e-005, -0.982312648, 3.79573582e-005, 0.999999999, 3.35109213e-005, 0.982312751, -4.13401796e-005, 0.187247585, 0.187247586, 3.54189125e-005, -0.982312751, 3.39768797e-005, 0.999999999, 4.25332982e-005, 0.121112476, -0.0153186279, -0.145497046, 0, 0, 0, 0, 0, 0, 0, 0.198825244, 0.0309415527, -0.12737915, 0, 0, 0, 0, 0, 0, 0, 1, 1, 1, 
162.545554, 0.1, 0.1, 0.124900269, 0.184634874, -0.0199646566, 0.982312157, 4.51341918e-005, 0.187250696, 0.187250697, -1.87835243e-005, -0.982312158, -4.08186374e-005, 0.999999999, -2.69026931e-005, 0.982312256, 4.2000668e-005, 0.18725018, 0.187250181, -2.65935318e-005, -0.982312256, -3.62781273e-005, 0.999999999, -3.3987785e-005, 0.121112476, -0.0153186279, -0.145497046, 0, 0, 0, 0, 0, 0, 0, 0.199333594, 0.0284349609, -0.126860547, 0, 0, 0, 0, 0, 0, 0, 1, 1, 1, 
162.546255, 0.1, 0.1, 0.124900257, 0.184634861, -0.0199648161, 0.982311653, -4.15701029e-005, 0.187253344, 0.187253345, 2.05342398e-005, -0.982311653, 3.69896914e-005, 0.999999999, 2.79551639e-005, 0.982311756, -3.78796321e-005, 0.187252801, 0.187252803, 3.02291084e-005, -0.982311757, 3.15491228e-005, 0.999999999, 3.67874759e-005, 0.121112476, -0.0153186279, -0.145497046, 0, 0, 0, 0, 0, 0, 0, 0.199333594, 0.0284349609, -0.126860547, 0, 0, 0, 0, 0, 0, 0, 1, 1, 1, 
162.546955, 0.1, 0.1, 0.124900241, 0.184634857, -0.019966321, 0.982311127, 4.13116322e-005, 0.187256102, 0.187256103, -2.75375844e-005, -0.982311127, -3.54242953e-005, 0.999999999, -3.47863308e-005, 0.982311233, 3.77703745e-005, 0.187255549, 0.187255551, -3.50482935e-005, -0.982311233, -3.05392757e-005, 0.999999999, -4.15010446e-005, 0.121112476, -0.0153186279, -0.145497046, 0, 0, 0, 0, 0, 0, 0, 0.199333594, 0.0284349609, -0.126860547, 0, 0, 0, 0, 0, 0, 0, 1, 1, 1, 
162.547685, 0.1, 0.1, 0.124900229, 0.184634845, -0.0199684169, 0.982310566, -4.15735136e-005, 0.187259046, 0.187259047, 1.68524816e-005, -0.982310566, 3.76823221e-005, 0.999999999, 2.43393873e-005, 0.982310674, -3.84808703e-005, 0.187258479, 0.18725848, 2.34896559e-005, -0.982310674, 3.34015324e-005, 0.999999999, 3.0280009e-005, 0.121736182, -0.018251416, -0.145319214, 0, 0, 0, 0, 0, 0, 0, 0.199659961, 0.0257053711, -0.126574951, 0, 0, 0, 0, 0, 0, 0, 1, 1, 1, 
162.548396, 0.1, 0.1, 0.124900214, 0.184634839, -0.019970493, 0.982310015, 3.43564746e-005, 0.187261937, 0.187261938, -1.80369269e-005, -0.982310015, -3.03710792e-005, 0.999999999, -2.41515139e-005, 0.982310127, 3.06357785e-005, 0.18726135, 0.187261351, -2.60518864e-005, -0.982310127, -2.52153241e-005, 0.999999999, -3.13279291e-005, 0.121736182, -0.018251416, -0.145319214, 0, 0, 0, 0, 0, 0, 0, 0.199659961, 0.0257053711, -0.126574951, 0, 0, 0, 0, 0, 0, 0, 1, 1, 1, 
162.549098, 0.1, 0.1, 0.124900203, 0.184634827, -0.0199720094, 0.982309468, -3.20875606e-005, 0.187264807, 0.187264808, 2.14510088e-005, -0.982309468, 2.75028956e-005, 0.999999999, 2.70803999e-005, 0.982309577, -2.95487836e-005, 0.187264235, 0.187264236, 2.77903582e-005, -0.982309577, 2.38219129e-005, 0.999999999, 3.28321654e-005, 0.121736182, -0.018251416, -0.145319214, 0, 0, 0, 0, 0, 0, 0, 0.199659961, 0.0257053711, -0.126574951, 0, 0, 0, 0, 0, 0, 0, 1, 1, 1, 
162.549807, 0.1, 0.1, 0.124900187, 0.184634821, -0.019972579, 0.98230892, 3.54989169e-005, 0.187267682, 0.187267682, -1.31170985e-005, -0.98230892, -3.24144942e-005, 0.999999999, -1.95328427e-005, 0.982309028, 3.33154688e-005, 0.187267117, 0.187267118, -1.9329013e-005, -0.982309028, -2.91063972e-005, 0.999999999, -2.52259558e-005, 0.121736182, -0.018251416, -0.145319214, 0, 0, 0, 0, 0, 0, 0, 0.199659961, 0.0257053711, -0.126574951, 0, 0, 0, 0, 0, 0, 0, 1, 1, 1, 
162.550513, 0.1, 0.1, 0.124900176, 0.184634809, -0.0199721097, 0.98230838, -3.27252602e-005, 0.187270513, 0.187270514, 1.73271874e-005, -0.98230838, 2.8901426e-005, 0.999999999, 2.31491177e-005, 0.982308488, -2.99943716e-005, 0.187269946, 0.187269947, 2.51852238e-005, -0.982308488, 2.47472903e-005, 0.999999999, 3.03567035e-005, 0.121736182, -0.018251416, -0.145319214, 0, 0, 0, 0, 0, 0, 0, 0.199659961, 0.0257053711, -0.126574951, 0, 0, 0, 0, 0, 0, 0, 1, 1, 1, 
162.551213, 0.1, 0.1, 0.124900161, 0.184634804, -0.0199708589, 0.982307844, 3.4360625e-005, 0.187273326, 0.187273327, -1.98561755e-005, -0.982307844, -3.00341795e-005, 0.999999999, -2.59397055e-005, 0.98230795, 3.23004928e-005, 0.18727277, 0.18727277, -2.69149886e-005, -0.98230795, -2.66885864e-005, 0.999999999, -3.24878101e-005, 0.121736182, -0.018251416, -0.145319214, 0, 0, 0, 0, 0, 0, 0, 0.199659961, 0.0257053711, -0.126574951, 0, 0, 0, 0, 0, 0, 0, 1, 1, 1, 
162.551915, 0.1, 0.1, 0.124900151, 0.184634792, -0.0199692418, 0.982307307, -3.87825398e-005, 0.187276143, 0.187276144, 1.60849804e-005, -0.982307307, 3.50840391e-005, 0.999999999, 2.30634383e-005, 0.982307413, -3.67379753e-005, 0.187275583, 0.187275584, 2.33702233e-005, -0.982307414, 3.17113133e-005, 0.999999999, 2.98368693e-005, 0.121736182, -0.018251416, -0.145319214, 0, 0, 0, 0, 0, 0, 0, 0.199659961, 0.0257053711, -0.126574951, 0, 0, 0, 0, 0, 0, 0, 1, 1, 1, 
162.552642, 0.1, 0.1, 0.124900134, 0.184634788, -0.0199674706, 0.982306744, 4.32190872e-005, 0.187279094, 0.187279095, -2.05876418e-005, -0.982306744, -3.85987659e-005, 0.999999999, -2.83174109e-005, 0.982306853, 4.03882028e-005, 0.187278523, 0.187278524, -2.9855037e-005, -0.982306853, -3.40824012e-005, 0.999999999, -3.68906504e-005, 0.122508545, -0.0207581055, -0.145311035, 0, 0, 0, 0, 0, 0, 0, 0.200115332, 0.0233802734, -0.126277637, 0, 0, 0, 0, 0, 0, 0, 1, 1, 1, 
162.553347, 0.1, 0.1, 0.124900124, 0.184634776, -0.0199663706, 0.982306187, -3.7848873e-005, 0.187282014, 0.187282015, 2.38556053e-005, -0.982306188, 3.27114564e-005, 0.999999999, 3.05219219e-005, 0.982306301, -3.46867832e-005, 0.187281419, 0.187281421, 3.19722113e-005, -0.982306301, 2.80852446e-005, 0.999999999, 3.79026946e-005, 0.122508545, -0.0207581055, -0.145311035, 0, 0, 0, 0, 0, 0, 0, 0.200115332, 0.0233802734, -0.126277637, 0, 0, 0, 0, 0, 0, 0, 1, 1, 1, 
162.55405, 0.1, 0.1, 0.124900108, 0.18463477, -0.0199662034, 0.982305622, 4.29768174e-005, 0.187284977, 0.187284978, -1.7675191e-005, -0.982305623, -3.89060717e-005, 0.999999999, -2.54113518e-005, 0.982305736, 4.05281581e-005, 0.18728438, 0.187284381, -2.54255798e-005, -0.982305737, -3.50492282e-005, 0.999999999, -3.25659839e-005, 0.122508545, -0.0207581055, -0.145311035, 0, 0, 0, 0, 0, 0, 0, 0.200115332, 0.0233802734, -0.126277637, 0, 0, 0, 0, 0, 0, 0, 1, 1, 1, 
162.554755, 0.1, 0.1, 0.124900099, 0.184634758, -0.0199669501, 0.982305052, -4.24594136e-005, 0.187287968, 0.187287969, 2.14626136e-005, -0.982305053, 3.76884072e-005, 0.999999999, 2.90349711e-005, 0.982305167, -3.83771356e-005, 0.187287366, 0.187287367, 3.03558661e-005, -0.982305167, 3.20127883e-005, 0.999999999, 3.70062768e-005, 0.122508545, -0.0207581055, -0.145311035, 0, 0, 0, 0, 0, 0, 0, 0.200115332, 0.0233802734, -0.126277637, 0, 0, 0, 0, 0, 0, 0, 1, 1, 1, 
162.555469, 0.1, 0.1, 0.124900085, 0.184634754, -0.0199683278, 0.982304464, 3.58257852e-005, 0.187291052, 0.187291053, -2.38744416e-005, -0.982304465, -3.07203595e-005, 0.999999999, -3.01618196e-005, 0.98230458, 3.24285355e-005, 0.187290445, 0.187290446, -3.07327957e-005, -0.98230458, -2.609874e-005, 0.999999999, -3.62625209e-005, 0.122508545, -0.0207581055, -0.145311035, 0, 0, 0, 0, 0, 0, 0, 0.200825439, 0.0206038086, -0.125985449, 0, 0, 0, 0, 0, 0, 0, 1, 1, 1, 
162.556171, 0.1, 0.1, 0.124900075, 0.184634744, -0.0199697977, 0.982303887, -3.75005542e-005, 0.18729408, 0.187294081, 1.36312397e-005, -0.982303887, 3.42838897e-005, 0.999999999, 2.04136515e-005, 0.982304002, -3.50093158e-005, 0.187293475, 0.187293476, 2.04650349e-005, -0.982304003, 3.05568235e-005, 0.999999999, 2.66599021e-005, 0.122508545, -0.0207581055, -0.145311035, 0, 0, 0, 0, 0, 0, 0, 0.200825439, 0.0206038086, -0.125985449, 0, 0, 0, 0, 0, 0, 0, 1, 1, 1, 
162.556877, 0.1, 0.1, 0.124900061, 0.18463474, -0.0199710038, 0.982303311, 3.65378822e-005, 0.187297102, 0.187297103, -2.10879991e-005, -0.982303311, -3.19415616e-005, 0.999999999, -2.75582508e-005, 0.982303425, 3.30905576e-005, 0.187296502, 0.187296503, -2.88653164e-005, -0.982303425, -2.70985953e-005, 0.999999999, -3.45522449e-005, 0.122508545, -0.0207581055, -0.145311035, 0, 0, 0, 0, 0, 0, 0, 0.200825439, 0.0206038086, -0.125985449, 0, 0, 0, 0, 0, 0, 0, 1, 1, 1, 
162.557593, 0.1, 0.1, 0.124900051, 0.184634729, -0.0199715665, 0.982302726, -3.28282848e-005, 0.187300167, 0.187300168, 1.87112624e-005, -0.982302727, 2.87426911e-005, 0.999999999, 2.45288673e-005, 0.98230284, -3.01473452e-005, 0.187299571, 0.187299572, 2.49564238e-005, -0.98230284, 2.49394953e-005, 0.999999999, 3.01613508e-005, 0.123084033, -0.0234703369, -0.145268921, 0, 0, 0, 0, 0, 0, 0, 0.200825439, 0.0206038086, -0.125985449, 0, 0, 0, 0, 0, 0, 0, 1, 1, 1, 
162.558298, 0.1, 0.1, 0.124900037, 0.184634724, -0.0199713036, 0.982302159, 3.50730054e-005, 0.187303145, 0.187303145, -1.40316298e-005, -0.982302159, -3.18241205e-005, 0.999999999, -2.03525845e-005, 0.982302272, 3.31633578e-005, 0.187302552, 0.187302553, -2.10622317e-005, -0.982302272, -2.86314319e-005, 0.999999999, -2.69010597e-005, 0.123084033, -0.0234703369, -0.145268921, 0, 0, 0, 0, 0, 0, 0, 0.200825439, 0.0206038086, -0.125985449, 0, 0, 0, 0, 0, 0, 0, 1, 1, 1, 
162.559003, 0.1, 0.1, 0.124900028, 0.184634713, -0.0199704392, 0.982301595, -3.81540912e-005, 0.187306102, 0.187306103, 2.00362423e-005, -0.982301595, 3.37259142e-005, 0.999999999, 2.68281269e-005, 0.982301706, -3.52273656e-005, 0.187305516, 0.187305517, 2.80632282e-005, -0.982301706, 2.93475039e-005, 0.999999999, 3.41648369e-005, 0.123084033, -0.0234703369, -0.145268921, 0, 0, 0, 0, 0, 0, 0, 0.200825439, 0.0206038086, -0.125985449, 0, 0, 0, 0, 0, 0, 0, 1, 1, 1, 
162.559714, 0.1, 0.1, 0.124900014, 0.184634708, -0.019969225, 0.982301025, 3.46048799e-005, 0.187309092, 0.187309093, -1.9499284e-005, -0.982301025, -3.03400158e-005, 0.999999999, -2.56359753e-005, 0.982301138, 3.22424197e-005, 0.187308499, 0.1873085, -2.71715326e-005, -0.982301138, -2.65823066e-005, 0.999999999, -3.27299067e-005, 0.123084033, -0.0234703369, -0.145268921, 0, 0, 0, 0, 0, 0, 0, 0.200825439, 0.0206038086, -0.125985449, 0, 0, 0, 0, 0, 0, 0, 1, 1, 1, 
162.560444, 0.1, 0.1, 0.124900006, 0.184634697, -0.0199678547, 0.982300437, -4.47747138e-005, 0.187312169, 0.18731217, 2.03107065e-005, -0.982300438, 4.01777785e-005, 0.999999999, 2.83380647e-005, 0.98230055, -4.28969054e-005, 0.187311578, 0.187311579, 2.79115936e-005, -0.98230055, 3.69094892e-005, 0.999999999, 3.54526608e-005, 0.123873364, -0.0264235107, -0.14506936, 0, 0, 0, 0, 0, 0, 0, 0.201317187, 0.0180706055, -0.125461475, 0, 0, 0, 0, 0, 0, 0, 1, 1, 1, 
162.561147, 0.1, 0.1, 0.124899993, 0.184634693, -0.0199669197, 0.982299869, 3.96153458e-005, 0.187315152, 0.187315153, -1.69995029e-005, -0.982299869, -3.57298846e-005, 0.999999999, -2.4119164e-005, 0.982299984, 3.57177188e-005, 0.187314549, 0.18731455, -2.59311098e-005, -0.982299984, -3.02282405e-005, 0.999999999, -3.21625771e-005, 0.123873364, -0.0264235107, -0.14506936, 0, 0, 0, 0, 0, 0, 0, 0.201317187, 0.0180706055, -0.125461475, 0, 0, 0, 0, 0, 0, 0, 1, 1, 1, 
162.561848, 0.1, 0.1, 0.124899984, 0.184634681, -0.0199667565, 0.982299293, -3.70438413e-005, 0.187318173, 0.187318174, 2.59947968e-005, -0.982299293, 3.15188413e-005, 0.999999999, 3.24736552e-005, 0.982299408, -3.45374557e-005, 0.18731757, 0.187317571, 3.41836982e-005, -0.982299408, 2.7522915e-005, 0.999999999, 4.00480988e-005, 0.123873364, -0.0264235107, -0.14506936, 0, 0, 0, 0, 0, 0, 0, 0.201317187, 0.0180706055, -0.125461475, 0, 0, 0, 0, 0, 0, 0, 1, 1, 1, 
162.562549, 0.1, 0.1, 0.12489997, 0.184634677, -0.0199674032, 0.98229871, 4.27883351e-005, 0.187321226, 0.187321227, -2.03155684e-005, -0.982298711, -3.82253892e-005, 0.999999999, -2.79711201e-005, 0.982298827, 3.95500386e-005, 0.187320617, 0.187320618, -2.74326701e-005, -0.982298827, -3.37112519e-005, 0.999999999, -3.43556173e-005, 0.123873364, -0.0264235107, -0.14506936, 0, 0, 0, 0, 0, 0, 0, 0.201317187, 0.0180706055, -0.125461475, 0, 0, 0, 0, 0, 0, 0, 1, 1, 1, 
162.563253, 0.1, 0.1, 0.124899961, 0.184634667, -0.0199685871, 0.982298125, -3.68274033e-005, 0.187324298, 0.187324298, 1.74568312e-005, -0.982298125, 3.29054006e-005, 0.999999999, 2.40464801e-005, 0.982298243, -3.29778634e-005, 0.187323681, 0.187323682, 2.54972344e-005, -0.982298243, 2.76178615e-005, 0.999999999, 3.12234233e-005, 0.123873364, -0.0264235107, -0.14506936, 0, 0, 0, 0, 0, 0, 0, 0.201317187, 0.0180706055, -0.125461475, 0, 0, 0, 0, 0, 0, 0, 1, 1, 1, 
162.563956, 0.1, 0.1, 0.124899948, 0.184634664, -0.0199698928, 0.982297537, 3.46699021e-005, 0.187327378, 0.187327379, -2.29307324e-005, -0.982297538, -2.97606055e-005, 0.999999999, -2.90194238e-005, 0.982297654, 3.20224629e-005, 0.187326766, 0.187326767, -3.01678878e-005, -0.982297654, -2.58043373e-005, 0.999999999, -3.56325098e-005, 0.123873364, -0.0264235107, -0.14506936, 0, 0, 0, 0, 0, 0, 0, 0.201317187, 0.0180706055, -0.125461475, 0, 0, 0, 0, 0, 0, 0, 1, 1, 1, 
162.564667, 0.1, 0.1, 0.12489994, 0.184634654, -0.0199708895, 0.982296947, -3.89835846e-005, 0.187330472, 0.187330473, 1.60455083e-005, -0.982296948, 3.52876435e-005, 0.999999999, 2.30642672e-005, 0.982297063, -3.64518265e-005, 0.187329868, 0.187329868, 2.21957466e-005, -0.982297063, 3.16485959e-005, 0.999999999, 2.86313326e-005, 0.123873364, -0.0264235107, -0.14506936, 0, 0, 0, 0, 0, 0, 0, 0.201317187, 0.0180706055, -0.125461475, 0, 0, 0, 0, 0, 0, 0, 1, 1, 1, 
162.565382, 0.1, 0.1, 0.124899928, 0.18463465, -0.0199712542, 0.982296361, 3.35445762e-005, 0.187333549, 0.187333549, -1.53309767e-005, -0.982296361, -3.00787089e-005, 0.999999999, -2.13435871e-005, 0.982296476, 3.05036597e-005, 0.187332948, 0.187332948, -2.32622826e-005, -0.982296476, -2.56058455e-005, 0.999999999, -2.85647987e-005, 0.124630835, -0.0289397217, -0.144839282, 0, 0, 0, 0, 0, 0, 0, 0.201317187, 0.0180706055, -0.125461475, 0, 0, 0, 0, 0, 0, 0, 1, 1, 1, 
162.566114, 0.1, 0.1, 0.124899919, 0.184634638, -0.0199705599, 0.98229576, -3.59622881e-005, 0.187336696, 0.187336697, 2.51337404e-005, -0.982295761, 3.06171313e-005, 0.999999999, 3.14258229e-005, 0.982295876, -3.39232268e-005, 0.187336093, 0.187336094, 3.26251587e-005, -0.982295875, 2.7210776e-005, 0.999999999, 3.84026036e-005, 0.124630835, -0.0289397217, -0.144839282, 0, 0, 0, 0, 0, 0, 0, 0.201959424, 0.0154905273, -0.12513584, 0, 0, 0, 0, 0, 0, 0, 1, 1, 1, 
162.566817, 0.1, 0.1, 0.124899906, 0.184634634, -0.0199695467, 0.982295186, 3.64356451e-005, 0.187339711, 0.187339711, -1.61976917e-005, -0.982295186, -3.27560879e-005, 0.999999999, -2.27367578e-005, 0.9822953, 3.38607654e-005, 0.187339113, 0.187339114, -2.30552228e-005, -0.9822953, -2.89421257e-005, 0.999999999, -2.89904828e-005, 0.124630835, -0.0289397217, -0.144839282, 0, 0, 0, 0, 0, 0, 0, 0.201959424, 0.0154905273, -0.12513584, 0, 0, 0, 0, 0, 0, 0, 1, 1, 1, 
162.567517, 0.1, 0.1, 0.124899899, 0.184634624, -0.0199685724, 0.982294616, -3.85126963e-005, 0.187342699, 0.187342699, 1.74859076e-005, -0.982294616, 3.45549571e-005, 0.999999999, 2.43913854e-005, 0.982294729, -3.5822035e-005, 0.187342102, 0.187342103, 2.62508868e-005, -0.98229473, 3.02698999e-005, 0.999999999, 3.24970831e-005, 0.124630835, -0.0289397217, -0.144839282, 0, 0, 0, 0, 0, 0, 0, 0.201959424, 0.0154905273, -0.12513584, 0, 0, 0, 0, 0, 0, 0, 1, 1, 1, 
162.568244, 0.1, 0.1, 0.124899885, 0.184634622, -0.019967692, 0.982294019, 4.17364801e-005, 0.187345826, 0.187345827, -2.6274309e-005, -0.982294019, -3.60751126e-005, 0.999999999, -3.36282519e-005, 0.982294135, 3.89397195e-005, 0.187345217, 0.187345218, -3.43658545e-005, -0.982294135, -3.18119796e-005, 0.999999999, -4.10525475e-005, 0.125210962, -0.03164646, -0.144515576, 0, 0, 0, 0, 0, 0, 0, 0.202350098, 0.0131537109, -0.124993408, 0, 0, 0, 0, 0, 0, 0, 1, 1, 1, 
162.568943, 0.1, 0.1, 0.124899878, 0.184634613, -0.0199672786, 0.982293442, -3.87456213e-005, 0.187348854, 0.187348854, 1.5811378e-005, -0.982293442, 3.50973262e-005, 0.999999999, 2.27903607e-005, 0.982293556, -3.57675232e-005, 0.187348252, 0.187348253, 2.27254004e-005, -0.982293557, 3.08766435e-005, 0.999999999, 2.90239974e-005, 0.125210962, -0.03164646, -0.144515576, 0, 0, 0, 0, 0, 0, 0, 0.202350098, 0.0131537109, -0.124993408, 0, 0, 0, 0, 0, 0, 0, 1, 1, 1, 
162.569647, 0.1, 0.1, 0.124899865, 0.18463461, -0.0199675159, 0.982292859, 4.0813041e-005, 0.18735191, 0.187351911, -1.97367993e-005, -0.982292859, -3.63926317e-005, 0.999999999, -2.70337182e-005, 0.982292975, 3.77091333e-005, 0.187351302, 0.187351303, -2.88792216e-005, -0.982292975, -3.16308569e-005, 0.999999999, -3.54327117e-005, 0.125210962, -0.03164646, -0.144515576, 0, 0, 0, 0, 0, 0, 0, 0.202350098, 0.0131537109, -0.124993408, 0, 0, 0, 0, 0, 0, 0, 1, 1, 1, 
162.570355, 0.1, 0.1, 0.124899857, 0.1846346, -0.0199682715, 0.982292267, -3.78316215e-005, 0.187355015, 0.187355016, 2.53081339e-005, -0.982292267, 3.24201034e-005, 0.999999999, 3.19479282e-005, 0.982292389, -3.43451298e-005, 0.187354375, 0.187354376, 3.27135214e-005, -0.982292389, 2.76079382e-005, 0.999999999, 3.85689534e-005, 0.125210962, -0.03164646, -0.144515576, 0, 0, 0, 0, 0, 0, 0, 0.202350098, 0.0131537109, -0.124993408, 0, 0, 0, 0, 0, 0, 0, 1, 1, 1, 
162.571057, 0.1, 0.1, 0.124899845, 0.184634595, -0.0199692234, 0.98229168, 3.73303567e-005, 0.187358093, 0.187358094, -1.37280317e-005, -0.98229168, -3.4097241e-005, 0.999999999, -2.04790757e-005, 0.982291796, 3.46294291e-005, 0.187357484, 0.187357484, -2.04062039e-005, -0.982291796, -3.01929491e-005, 0.999999999, -2.65329294e-005, 0.125210962, -0.03164646, -0.144515576, 0, 0, 0, 0, 0, 0, 0, 0.202350098, 0.0131537109, -0.124993408, 0, 0, 0, 0, 0, 0, 0, 1, 1, 1, 
162.571759, 0.1, 0.1, 0.124899838, 0.184634585, -0.0199701574, 0.982291097, -3.72016675e-005, 0.187361147, 0.187361148, 2.05508127e-005, -0.982291097, 3.26924429e-005, 0.999999999, 2.71570275e-005, 0.982291213, -3.3966834e-005, 0.187360541, 0.187360542, 2.87314276e-005, -0.982291213, 2.79821868e-005, 0.999999999, 3.45866733e-005, 0.125210962, -0.03164646, -0.144515576, 0, 0, 0, 0, 0, 0, 0, 0.202350098, 0.0131537109, -0.124993408, 0, 0, 0, 0, 0, 0, 0, 1, 1, 1, 
162.572463, 0.1, 0.1, 0.124899827, 0.184634582, -0.0199708005, 0.982290513, 3.30427495e-005, 0.187364207, 0.187364208, -2.04083373e-005, -0.982290514, -2.86337875e-005, 0.999999999, -2.62379448e-005, 0.982290629, 3.03112074e-005, 0.1873636, 0.187363601, -2.69466984e-005, -0.982290629, -2.47255846e-005, 0.999999999, -3.21487063e-005, 0.125210962, -0.03164646, -0.144515576, 0, 0, 0, 0, 0, 0, 0, 0.202350098, 0.0131537109, -0.124993408, 0, 0, 0, 0, 0, 0, 0, 1, 1, 1, 
162.573176, 0.1, 0.1, 0.12489982, 0.184634573, -0.0199709013, 0.982289928, -3.75508845e-005, 0.187367274, 0.187367275, 1.41393707e-005, -0.982289929, 3.42366003e-005, 0.999999999, 2.09247683e-005, 0.982290042, -3.55343598e-005, 0.187366677, 0.187366678, 2.09168555e-005, -0.982290042, 3.09859261e-005, 0.999999999, 2.72043738e-005, 0.125776929, -0.0343708984, -0.144456494, 0, 0, 0, 0, 0, 0, 0, 0.202350098, 0.0131537109, -0.124993408, 0, 0, 0, 0, 0, 0, 0, 1, 1, 1, 
162.573891, 0.1, 0.1, 0.124899808, 0.184634571, -0.0199702846, 0.982289347, 3.68950374e-005, 0.187370323, 0.187370324, -2.00578244e-005, -0.982289347, -3.24833612e-005, 0.999999999, -2.66156223e-005, 0.982289461, 3.38318041e-005, 0.187369725, 0.187369726, -2.83431387e-005, -0.982289461, -2.79219784e-005, 0.999999999, -3.41802223e-005, 0.125776929, -0.0343708984, -0.144456494, 0, 0, 0, 0, 0, 0, 0, 0.202522412, 0.0105970703, -0.124620898, 0, 0, 0, 0, 0, 0, 0, 1, 1, 1, 
162.574597, 0.1, 0.1, 0.124899801, 0.184634562, -0.0199694222, 0.982288772, -3.47070277e-005, 0.187373337, 0.187373337, 2.02671094e-005, -0.982288772, 3.02948077e-005, 0.999999999, 2.64113257e-005, 0.982288886, -3.23498871e-005, 0.187372737, 0.187372738, 2.75837177e-005, -0.982288886, 2.66084979e-005, 0.999999999, 3.31566662e-005, 0.125776929, -0.0343708984, -0.144456494, 0, 0, 0, 0, 0, 0, 0, 0.202522412, 0.0105970703, -0.124620898, 0, 0, 0, 0, 0, 0, 0, 1, 1, 1, 
162.575302, 0.1, 0.1, 0.124899789, 0.184634559, -0.0199685619, 0.982288198, 4.11964709e-005, 0.187376344, 0.187376345, -1.71529911e-005, -0.982288199, -3.72527424e-005, 0.999999999, -2.45684248e-005, 0.982288313, 3.89525477e-005, 0.187375743, 0.187375744, -2.4604266e-005, -0.982288313, -3.36523898e-005, 0.999999999, -3.14672456e-005, 0.125776929, -0.0343708984, -0.144456494, 0, 0, 0, 0, 0, 0, 0, 0.202522412, 0.0105970703, -0.124620898, 0, 0, 0, 0, 0, 0, 0, 1, 1, 1, 
162.576002, 0.1, 0.1, 0.124899782, 0.184634549, -0.0199679929, 0.982287628, -3.86857594e-005, 0.187379333, 0.187379334, 1.93467961e-005, -0.982287628, 3.43753531e-005, 0.999999999, 2.62530303e-005, 0.982287742, -3.52657776e-005, 0.187378738, 0.187378739, 2.79487526e-005, -0.982287742, 2.94041391e-005, 0.999999999, 3.4061774e-005, 0.125776929, -0.0343708984, -0.144456494, 0, 0, 0, 0, 0, 0, 0, 0.202522412, 0.0105970703, -0.124620898, 0, 0, 0, 0, 0, 0, 0, 1, 1, 1, 
162.576719, 0.1, 0.1, 0.12489977, 0.184634547, -0.0199677017, 0.982287038, 3.79614274e-005, 0.187382426, 0.187382427, -2.43229291e-005, -0.982287038, -3.27313286e-005, 0.999999999, -3.10054024e-005, 0.982287154, 3.53841203e-005, 0.187381821, 0.187381822, -3.22414872e-005, -0.982287153, -2.87158982e-005, 0.999999999, -3.83007396e-005, 0.125776929, -0.0343708984, -0.144456494, 0, 0, 0, 0, 0, 0, 0, 0.202901611, 0.00825683594, -0.124242041, 0, 0, 0, 0, 0, 0, 0, 1, 1, 1, 
