time, realDorsalTactorPos, realVentralTactorPos, boxPosX, boxPosY, boxPosZ, boxLocalRot_11, boxLocalRot_12, boxLocalRot_13, boxLocalRot_21, boxLocalRot_22, boxLocalRot_23, boxLocalRot_31, boxLocalRot_32, boxLocalRot_33, boxGlobalRot_11, boxGlobalRot_12, boxGlobalRot_13], boxGlobalRot_21, boxGlobalRot_22, boxGlobalRot_23, boxGlobalRot_31, boxGlobalRot_32, boxGlobalRot_33, indexPosX, indexPosY, indexPosZ, indexContact, indexForceX, indexForceY, indexForceZ, indexForceGlobalX, indexForceGlobalY, indexForceGlobalZ, thumbPosX, thumbPosY, thumbPosZ, thumbContact, thumbForceX, thumbForceY, thumbForceZ, thumbForceGlobalX, thumbForceGlobalY, thumbForceGlobalZ, hoopSuccess, targetSuccess, trialSuccess, 
165.4994, 0.1, 0.1, 0.106886378, 0.194950812, -0.0199688333, 0.776871042, -0.629659736, 2.31955993e-005, 0.629659737, 0.776871042, -2.28658723e-005, -3.62227032e-006, 3.2369169e-005, 0.999999999, 0.776871083, -0.629659686, 6.03255598e-006, 0.629659686, 0.776871082, -3.1281406e-005, 1.5010122e-005, 2.81000771e-005, 0.999999999, 0.0936041748, 0.0451772217, -0.159386426, 0, 0, 0, 0, 0, 0, 0, 0.170955469, 0.0916158691, -0.145651904, 0, 0, 0, 0, 0, 0, 0, 1, 1, 1, 
165.525555, 0.1, 0.1, 0.106886065, 0.194950887, -0.0199665565, 0.776883398, -0.629644491, 1.04133464e-005, 0.629644491, 0.776883398, 1.55238045e-005, -1.78644339e-005, -5.50347975e-006, 1, 0.776883351, -0.62964455, -6.47440337e-007, 0.62964455, 0.77688335, 2.08480585e-005, -1.26238808e-005, -1.66041668e-005, 1, 0.0999738281, 0.0252429932, -0.164590479, 0, 0, 0, 0, 0, 0, 0, 0.175455762, 0.0725187012, -0.148685986, 0, 0, 0, 0, 0, 0, 0, 1, 1, 1, 
165.526274, 0.1, 0.1, 0.106886056, 0.194950891, -0.0199693512, 0.776883754, -0.629644052, 3.01867928e-006, 0.629644052, 0.776883754, 1.60021146e-005, -1.24207992e-005, -1.05310894e-005, 1, 0.77688367, -0.629644156, 5.21776431e-006, 0.629644156, 0.77688367, -1.14376349e-005, 3.14804411e-006, 1.21710466e-005, 1, 0.0999738281, 0.0252429932, -0.164590479, 0, 0, 0, 0, 0, 0, 0, 0.175455762, 0.0725187012, -0.148685986, 0, 0, 0, 0, 0, 0, 0, 1, 1, 1, 
165.526996, 0.1, 0.1, 0.10688605, 0.194950891, -0.0199716518, 0.776884037, -0.629643703, 6.48583885e-006, 0.629643703, 0.776884037, -1.22696707e-005, 2.68677624e-006, 1.36158789e-005, 1, 0.776884001, -0.629643748, -2.501703e-006, 0.629643748, 0.776884001, -8.59079377e-006, 7.35267262e-006, 5.09886859e-006, 1, 0.101062939, 0.0223271729, -0.164866577, 0, 0, 0, 0, 0, 0, 0, 0.176150977, 0.0696987793, -0.148869824, 0, 0, 0, 0, 0, 0, 0, 1, 1, 1, 
165.5277, 0.1, 0.1, 0.106886044, 0.19495089, -0.0199729437, 0.77688408, -0.62964365, -2.01550221e-005, 0.629643651, 0.776884079, 1.20094755e-005, 8.09642575e-006, -2.2020452e-005, 1, 0.776884087, -0.629643641, -1.72021263e-005, 0.629643641, 0.776884087, 1.55880177e-005, 3.54916197e-006, -2.29412924e-005, 1, 0.101062939, 0.0223271729, -0.164866577, 0, 0, 0, 0, 0, 0, 0, 0.176150977, 0.0696987793, -0.148869824, 0, 0, 0, 0, 0, 0, 0, 1, 1, 1, 
165.528402, 0.1, 0.1, 0.106886037, 0.194950893, -0.0199730874, 0.776884031, -0.62964371, -2.21761793e-006, 0.62964371, 0.776884031, -8.75791499e-006, 7.23719805e-006, 5.40757512e-006, 1, 0.776884036, -0.629643705, 1.3572278e-005, 0.629643705, 0.776884036, -7.28485026e-006, -5.95722596e-006, 1.42051832e-005, 1, 0.101062939, 0.0223271729, -0.164866577, 0, 0, 0, 0, 0, 0, 0, 0.176150977, 0.0696987793, -0.148869824, 0, 0, 0, 0, 0, 0, 0, 1, 1, 1, 
165.529114, 0.1, 0.1, 0.106886031, 0.194950893, -0.0199720943, 0.77688415, -0.629643563, 1.11685595e-005, 0.629643564, 0.77688415, -8.90659576e-006, -3.06869619e-006, 1.39516047e-005, 1, 0.776884108, -0.629643615, 3.0242841e-006, 0.629643615, 0.776884108, 1.06748197e-005, -9.07085032e-006, -6.38887662e-006, 1, 0.101062939, 0.0223271729, -0.164866577, 0, 0, 0, 0, 0, 0, 0, 0.176150977, 0.0696987793, -0.148869824, 0, 0, 0, 0, 0, 0, 0, 1, 1, 1, 
165.529816, 0.1, 0.1, 0.106886025, 0.194950897, -0.0199702568, 0.776884425, -0.629643224, -5.15963246e-006, 0.629643224, 0.776884425, 1.65091868e-005, -6.38645953e-006, -1.60744577e-005, 1, 0.776884372, -0.62964329, -2.51798538e-006, 0.62964329, 0.776884372, 7.04622694e-006, -2.48042602e-006, -7.05953619e-006, 1, 0.101062939, 0.0223271729, -0.164866577, 0, 0, 0, 0, 0, 0, 0, 0.176626123, 0.0666973633, -0.1488021, 0, 0, 0, 0, 0, 0, 0, 1, 1, 1, 
165.530521, 0.1, 0.1, 0.106886019, 0.194950901, -0.0199682511, 0.776884581, -0.629643032, 1.75009179e-005, 0.629643033, 0.77688458, -1.5474626e-005, -3.85270283e-006, 2.30413294e-005, 1, 0.776884571, -0.629643045, 6.44373421e-006, 0.629643045, 0.77688457, -2.6539949e-005, 1.17046566e-005, 2.46757293e-005, 1, 0.101062939, 0.0223271729, -0.164866577, 0, 0, 0, 0, 0, 0, 0, 0.176626123, 0.0666973633, -0.1488021, 0, 0, 0, 0, 0, 0, 0, 1, 1, 1, 
165.531221, 0.1, 0.1, 0.106886015, 0.194950901, -0.0199667263, 0.776884482, -0.629643155, -1.26294208e-005, 0.629643155, 0.776884482, 9.1566708e-007, 9.2350575e-006, -8.66339588e-006, 1, 0.776884513, -0.629643116, -2.45524447e-005, 0.629643116, 0.776884513, 5.85112802e-006, 1.53902915e-005, -2.00049285e-005, 1, 0.101062939, 0.0223271729, -0.164866577, 0, 0, 0, 0, 0, 0, 0, 0.176626123, 0.0666973633, -0.1488021, 0, 0, 0, 0, 0, 0, 0, 1, 1, 1, 
165.531933, 0.1, 0.1, 0.106886007, 0.194950904, -0.0199659485, 0.776884354, -0.629643311, -1.57817825e-005, 0.629643312, 0.776884354, 3.34591285e-006, 1.01538882e-005, -1.25362811e-005, 1, 0.776884362, -0.629643302, 1.29259457e-006, 0.629643302, 0.776884362, -1.15086385e-005, 6.24214065e-006, 9.75475482e-006, 1, 0.101790039, 0.0194325928, -0.165517139, 0, 0, 0, 0, 0, 0, 0, 0.176626123, 0.0666973633, -0.1488021, 0, 0, 0, 0, 0, 0, 0, 1, 1, 1, 
165.53264, 0.1, 0.1, 0.106886001, 0.194950904, -0.019966205, 0.776884477, -0.62964316, 1.02102561e-005, 0.62964316, 0.776884477, -1.75180023e-005, 3.09790085e-006, 2.00382819e-005, 1, 0.776884428, -0.62964322, 1.6481261e-005, 0.62964322, 0.776884428, 5.9211917e-007, -1.31768588e-005, 9.91730607e-006, 1, 0.101790039, 0.0194325928, -0.165517139, 0, 0, 0, 0, 0, 0, 0, 0.176626123, 0.0666973633, -0.1488021, 0, 0, 0, 0, 0, 0, 0, 1, 1, 1, 
165.53334, 0.1, 0.1, 0.106885995, 0.194950904, -0.0199673742, 0.776884739, -0.629642838, -6.22003218e-006, 0.629642838, 0.776884738, 2.54893146e-005, -1.12169163e-005, -2.37186582e-005, 1, 0.776884691, -0.629642896, -2.39486796e-006, 0.629642896, 0.776884691, 2.95110937e-005, -1.67209142e-005, -2.44346285e-005, 1, 0.101790039, 0.0194325928, -0.165517139, 0, 0, 0, 0, 0, 0, 0, 0.176626123, 0.0666973633, -0.1488021, 0, 0, 0, 0, 0, 0, 0, 1, 1, 1, 
165.534054, 0.1, 0.1, 0.106885988, 0.194950907, -0.0199690155, 0.776884829, -0.629642725, 1.83329982e-005, 0.629642725, 0.77688483, 4.46347857e-006, -1.7053025e-005, 8.07563013e-006, 1, 0.776884833, -0.629642721, 2.12579692e-005, 0.629642721, 0.776884833, -6.32816186e-006, -1.25305128e-005, 1.83011786e-005, 1, 0.102699243, 0.0163085449, -0.165764062, 0, 0, 0, 0, 0, 0, 0, 0.176626123, 0.0666973633, -0.1488021, 0, 0, 0, 0, 0, 0, 0, 1, 1, 1, 
165.534776, 0.1, 0.1, 0.106885983, 0.194950906, -0.0199703349, 0.776884686, -0.629642903, 1.3325181e-005, 0.629642903, 0.776884686, -2.10207936e-006, -9.0285697e-006, 1.00231789e-005, 1, 0.776884723, -0.629642857, -9.78180671e-006, 0.629642857, 0.776884723, 4.81806292e-006, 4.56567729e-006, -9.9021242e-006, 1, 0.102699243, 0.0163085449, -0.165764062, 0, 0, 0, 0, 0, 0, 0, 0.177379199, 0.0634429199, -0.148999121, 0, 0, 0, 0, 0, 0, 0, 1, 1, 1, 
165.535488, 0.1, 0.1, 0.106885977, 0.194950909, -0.0199711862, 0.776884588, -0.629643023, -1.46236784e-005, 0.629643023, 0.776884588, 1.02036134e-005, 4.93627636e-006, -1.71347271e-005, 1, 0.776884589, -0.629643022, -1.31923938e-005, 0.629643022, 0.776884589, 3.78105947e-007, 1.00108957e-005, -8.60024341e-006, 1, 0.102699243, 0.0163085449, -0.165764062, 0, 0, 0, 0, 0, 0, 0, 0.177379199, 0.0634429199, -0.148999121, 0, 0, 0, 0, 0, 0, 0, 1, 1, 1, 
165.536188, 0.1, 0.1, 0.10688597, 0.194950911, -0.0199713722, 0.776884711, -0.629642872, 4.91741828e-006, 0.629642872, 0.77688471, -2.21714198e-005, 1.01398094e-005, 2.03208544e-005, 1, 0.776884671, -0.62964292, 8.93022509e-006, 0.629642921, 0.776884671, -2.01333986e-005, 5.73909689e-006, 2.12641817e-005, 1, 0.102699243, 0.0163085449, -0.165764062, 0, 0, 0, 0, 0, 0, 0, 0.177379199, 0.0634429199, -0.148999121, 0, 0, 0, 0, 0, 0, 0, 1, 1, 1, 
165.536893, 0.1, 0.1, 0.106885965, 0.194950911, -0.0199709391, 0.776884908, -0.629642628, -1.00012663e-005, 0.629642628, 0.776884908, 1.28776564e-006, 6.95900071e-006, -7.29766929e-006, 1, 0.776884875, -0.629642669, -5.60918787e-006, 0.629642669, 0.776884875, 1.78869046e-005, -6.90466514e-006, -1.74278497e-005, 1, 0.102699243, 0.0163085449, -0.165764062, 0, 0, 0, 0, 0, 0, 0, 0.177379199, 0.0634429199, -0.148999121, 0, 0, 0, 0, 0, 0, 0, 1, 1, 1, 
165.537605, 0.1, 0.1, 0.106885958, 0.194950913, -0.0199699738, 0.776884908, -0.629642628, -2.32213641e-006, 0.629642628, 0.776884908, 1.32123454e-005, -6.51502314e-006, -1.17265878e-005, 1, 0.776884926, -0.629642606, 1.44460608e-005, 0.629642606, 0.776884926, 1.58219616e-006, -1.2219145e-005, 7.86667104e-006, 1, 0.102699243, 0.0163085449, -0.165764062, 0, 0, 0, 0, 0, 0, 0, 0.177379199, 0.0634429199, -0.148999121, 0, 0, 0, 0, 0, 0, 0, 1, 1, 1, 
165.538308, 0.1, 0.1, 0.106885953, 0.194950915, -0.0199688363, 0.776884724, -0.629642855, 2.11250664e-005, 0.629642855, 0.776884724, -9.6737919e-006, -1.03207074e-005, 2.08166683e-005, 1, 0.776884761, -0.62964281, 1.17201711e-005, 0.62964281, 0.776884761, -4.88084502e-006, -6.03203331e-006, 1.11713756e-005, 1, 0.102699243, 0.0163085449, -0.165764062, 0, 0, 0, 0, 0, 0, 0, 0.177379199, 0.0634429199, -0.148999121, 0, 0, 0, 0, 0, 0, 0, 1, 1, 1, 
165.539037, 0.1, 0.1, 0.106885949, 0.194950916, -0.0199677766, 0.776884654, -0.629642942, -5.62307971e-006, 0.629642942, 0.776884653, 2.19286985e-005, -9.43876589e-006, -2.05766018e-005, 1, 0.776884645, -0.629642952, -1.98493597e-005, 0.629642953, 0.776884645, 1.22441509e-005, 7.71121943e-006, -2.20103023e-005, 1, 0.103805933, 0.0131844971, -0.16598999, 0, 0, 0, 0, 0, 0, 0, 0.177379199, 0.0634429199, -0.148999121, 0, 0, 0, 0, 0, 0, 0, 1, 1, 1, 
165.539739, 0.1, 0.1, 0.106885942, 0.194950919, -0.0199670518, 0.776884833, -0.629642721, 1.45977201e-006, 0.629642721, 0.776884833, -1.10297619e-005, 5.81073457e-006, 9.48798957e-006, 1, 0.776884786, -0.629642779, 4.5166489e-006, 0.629642779, 0.776884786, -2.36505069e-005, 1.13824551e-005, 2.12175943e-005, 1, 0.103805933, 0.0131844971, -0.16598999, 0, 0, 0, 0, 0, 0, 0, 0.17827959, 0.0606178711, -0.148943115, 0, 0, 0, 0, 0, 0, 0, 1, 1, 1, 
165.540445, 0.1, 0.1, 0.106885938, 0.194950918, -0.019967035, 0.776885031, -0.629642477, -1.38737753e-006, 0.629642477, 0.776885031, -1.49554445e-005, 1.0494416e-005, 1.07451092e-005, 1, 0.77688501, -0.629642502, -1.1353935e-005, 0.629642502, 0.77688501, 4.41272213e-006, 6.04226447e-006, -1.05770977e-005, 1, 0.103805933, 0.0131844971, -0.16598999, 0, 0, 0, 0, 0, 0, 0, 0.17827959, 0.0606178711, -0.148943115, 0, 0, 0, 0, 0, 0, 0, 1, 1, 1, 
165.541157, 0.1, 0.1, 0.106885932, 0.194950919, -0.0199676488, 0.776884979, -0.62964254, -1.97507921e-005, 0.629642541, 0.776884979, 1.44369224e-005, 6.25399317e-006, -2.36517671e-005, 1, 0.776885013, -0.629642499, -1.78329342e-006, 0.629642499, 0.776885013, 1.67125374e-005, -9.1375099e-006, -1.41065572e-005, 1, 0.103805933, 0.0131844971, -0.16598999, 0, 0, 0, 0, 0, 0, 0, 0.17827959, 0.0606178711, -0.148943115, 0, 0, 0, 0, 0, 0, 0, 1, 1, 1, 
165.541872, 0.1, 0.1, 0.106885925, 0.194950921, -0.0199685405, 0.77688478, -0.629642786, 2.03724645e-005, 0.629642786, 0.77688478, -1.12734278e-005, -8.72882515e-006, 2.15855298e-005, 1, 0.776884815, -0.629642743, 2.4844412e-005, 0.629642744, 0.776884815, -8.26247864e-006, -1.40988367e-005, 2.20620979e-005, 1, 0.103805933, 0.0131844971, -0.16598999, 0, 0, 0, 0, 0, 0, 0, 0.178966504, 0.0576047363, -0.149085449, 0, 0, 0, 0, 0, 0, 0, 1, 1, 1, 
165.542577, 0.1, 0.1, 0.106885921, 0.194950921, -0.0199695138, 0.776884743, -0.629642832, 5.78453343e-006, 0.629642832, 0.776884743, 1.44801447e-005, -1.36112351e-005, -7.60721346e-006, 1, 0.77688473, -0.629642848, -4.32308508e-006, 0.629642848, 0.77688473, 1.97706847e-005, -9.08993146e-006, -1.80815427e-005, 1, 0.103805933, 0.0131844971, -0.16598999, 0, 0, 0, 0, 0, 0, 0, 0.178966504, 0.0576047363, -0.149085449, 0, 0, 0, 0, 0, 0, 0, 1, 1, 1, 
165.543282, 0.1, 0.1, 0.106885915, 0.194950925, -0.0199703448, 0.776884921, -0.629642612, -6.12819269e-007, 0.629642612, 0.776884921, 1.29599598e-005, -7.6840529e-006, -1.04542545e-005, 1, 0.776884878, -0.629642666, 1.0628614e-006, 0.629642666, 0.776884878, -1.10821444e-005, 6.15206999e-006, 9.27877327e-006, 1, 0.103805933, 0.0131844971, -0.16598999, 0, 0, 0, 0, 0, 0, 0, 0.178966504, 0.0576047363, -0.149085449, 0, 0, 0, 0, 0, 0, 0, 1, 1, 1, 
165.543999, 0.1, 0.1, 0.106885911, 0.194950925, -0.0199707375, 0.77688505, -0.629642454, 7.6846417e-006, 0.629642454, 0.776885049, -1.87826931e-005, 5.8562977e-006, 1.94305701e-005, 1, 0.776885044, -0.629642461, -2.03980008e-006, 0.629642461, 0.776885044, -1.5290783e-005, 1.12124164e-005, 1.05948359e-005, 1, 0.104554028, 0.0100755859, -0.166378003, 0, 0, 0, 0, 0, 0, 0, 0.178966504, 0.0576047363, -0.149085449, 0, 0, 0, 0, 0, 0, 0, 1, 1, 1, 
165.544702, 0.1, 0.1, 0.106885906, 0.194950926, -0.0199705615, 0.776884946, -0.629642582, -2.000261e-005, 0.629642582, 0.776884946, 7.92628295e-006, 1.05490013e-005, -1.87523049e-005, 1, 0.776884982, -0.629642537, -1.72727061e-005, 0.629642538, 0.776884982, 1.14698382e-005, 6.19700794e-006, -1.97863755e-005, 1, 0.104554028, 0.0100755859, -0.166378003, 0, 0, 0, 0, 0, 0, 0, 0.178966504, 0.0576047363, -0.149085449, 0, 0, 0, 0, 0, 0, 0, 1, 1, 1, 
165.54541, 0.1, 0.1, 0.106885899, 0.194950928, -0.0199700422, 0.776884763, -0.629642808, -4.51897336e-007, 0.629642808, 0.776884763, -1.12306699e-005, 7.42238267e-006, 8.44040239e-006, 1, 0.776884795, -0.629642768, 1.81144071e-005, 0.629642768, 0.776884795, -1.05024701e-005, -7.46000307e-006, 1.95648147e-005, 1, 0.104554028, 0.0100755859, -0.166378003, 0, 0, 0, 0, 0, 0, 0, 0.178966504, 0.0576047363, -0.149085449, 0, 0, 0, 0, 0, 0, 0, 1, 1, 1, 
165.546111, 0.1, 0.1, 0.106885895, 0.194950928, -0.0199692812, 0.776884779, -0.629642787, 1.27255823e-005, 0.629642787, 0.776884779, -4.51891718e-006, -7.0410076e-006, 1.15232491e-005, 1, 0.776884758, -0.629642813, 4.55247632e-006, 0.629642813, 0.776884758, 1.44682823e-005, -1.26465994e-005, -8.37375399e-006, 1, 0.104554028, 0.0100755859, -0.166378003, 0, 0, 0, 0, 0, 0, 0, 0.178966504, 0.0576047363, -0.149085449, 0, 0, 0, 0, 0, 0, 0, 1, 1, 1, 
165.546842, 0.1, 0.1, 0.10688589, 0.19495093, -0.019968275, 0.776884996, -0.62964252, -4.95369989e-006, 0.62964252, 0.776884996, 2.39639665e-005, -1.12402771e-005, -2.17363061e-005, 1, 0.776884955, -0.629642571, -2.54233624e-006, 0.629642571, 0.776884955, 1.33775658e-005, -6.44798214e-006, -1.19935927e-005, 1, 0.105708813, 0.00696520996, -0.16657207, 0, 0, 0, 0, 0, 0, 0, 0.179694922, 0.0543534668, -0.149037744, 0, 0, 0, 0, 0, 0, 0, 1, 1, 1, 
165.547547, 0.1, 0.1, 0.106885886, 0.194950933, -0.019967598, 0.776885092, -0.629642401, 2.02877204e-005, 0.629642401, 0.776885092, -1.06328111e-005, -9.06635886e-006, 2.10344814e-005, 1, 0.776885095, -0.629642398, 8.49340405e-006, 0.629642398, 0.776885095, -2.12894392e-005, 6.80633455e-006, 2.18872553e-005, 1, 0.105708813, 0.00696520996, -0.16657207, 0, 0, 0, 0, 0, 0, 0, 0.179694922, 0.0543534668, -0.149037744, 0, 0, 0, 0, 0, 0, 0, 1, 1, 1, 
165.548252, 0.1, 0.1, 0.106885882, 0.194950933, -0.0199674569, 0.776884939, -0.629642591, -9.06038329e-006, 0.629642591, 0.776884939, 2.46606243e-006, 5.48613738e-006, -7.62064997e-006, 1, 0.776884981, -0.629642538, -2.074801e-005, 0.629642539, 0.776884981, 8.04114978e-006, 1.10557674e-005, -1.93108782e-005, 1, 0.105708813, 0.00696520996, -0.16657207, 0, 0, 0, 0, 0, 0, 0, 0.179694922, 0.0543534668, -0.149037744, 0, 0, 0, 0, 0, 0, 0, 1, 1, 1, 
165.548951, 0.1, 0.1, 0.106885875, 0.194950936, -0.0199678897, 0.776884764, -0.629642806, -1.17657422e-005, 0.629642806, 0.776884764, 4.39286793e-007, 8.86403212e-006, -7.74949018e-006, 1, 0.776884781, -0.629642785, 4.54036049e-006, 0.629642785, 0.776884781, -1.29629012e-005, 4.63466028e-006, 1.29294859e-005, 1, 0.105708813, 0.00696520996, -0.16657207, 0, 0, 0, 0, 0, 0, 0, 0.179694922, 0.0543534668, -0.149037744, 0, 0, 0, 0, 0, 0, 0, 1, 1, 1, 
165.549664, 0.1, 0.1, 0.106885869, 0.194950936, -0.0199686851, 0.776884831, -0.629642723, 1.23240338e-005, 0.629642724, 0.776884831, -1.9609011e-005, 2.77231613e-006, 2.29936814e-005, 1, 0.776884795, -0.629642768, 1.82311517e-005, 0.629642768, 0.776884795, -3.22427553e-006, -1.21333628e-005, 1.39840035e-005, 1, 0.105708813, 0.00696520996, -0.16657207, 0, 0, 0, 0, 0, 0, 0, 0.179694922, 0.0543534668, -0.149037744, 0, 0, 0, 0, 0, 0, 0, 1, 1, 1, 
165.550368, 0.1, 0.1, 0.106885864, 0.194950936, -0.0199695367, 0.776885033, -0.629642474, -5.01649069e-006, 0.629642474, 0.776885033, 2.28361489e-005, -1.04813728e-005, -2.08996579e-005, 1, 0.776884998, -0.629642518, -7.9760737e-007, 0.629642518, 0.776884998, 2.62054421e-005, -1.58804113e-005, -2.08608223e-005, 1, 0.105708813, 0.00696520996, -0.16657207, 0, 0, 0, 0, 0, 0, 0, 0.179694922, 0.0543534668, -0.149037744, 0, 0, 0, 0, 0, 0, 0, 1, 1, 1, 
165.551073, 0.1, 0.1, 0.106885859, 0.194950938, -0.0199702464, 0.776885077, -0.62964242, 1.43929169e-005, 0.62964242, 0.776885077, 5.07865708e-006, -1.43793803e-005, 5.11685815e-006, 1, 0.776885087, -0.629642407, 1.78245927e-005, 0.629642407, 0.776885087, -5.79525692e-006, -1.01987207e-005, 1.57253681e-005, 1, 0.105708813, 0.00696520996, -0.16657207, 0, 0, 0, 0, 0, 0, 0, 0.179694922, 0.0543534668, -0.149037744, 0, 0, 0, 0, 0, 0, 0, 1, 1, 1, 
165.5518, 0.1, 0.1, 0.106885856, 0.194950937, -0.0199704415, 0.776884898, -0.629642641, 1.02788006e-005, 0.629642641, 0.776884898, -1.67529465e-006, -6.93060796e-006, 7.77348225e-006, 1, 0.77688494, -0.629642589, -1.24767712e-005, 0.629642589, 0.77688494, 4.92681189e-006, 6.59088507e-006, -1.16834725e-005, 1, 0.106584814, 0.00407331543, -0.166724146, 0, 0, 0, 0, 0, 0, 0, 0.180339111, 0.0517431152, -0.149175195, 0, 0, 0, 0, 0, 0, 0, 1, 1, 1, 
165.552503, 0.1, 0.1, 0.106885852, 0.194950939, -0.0199701647, 0.776884771, -0.629642797, -1.82860697e-005, 0.629642797, 0.776884771, 1.14876112e-005, 6.9730774e-006, -2.04382423e-005, 1, 0.776884778, -0.629642789, -1.71183512e-005, 0.629642789, 0.776884778, 1.37153203e-006, 1.24354112e-005, -1.18439688e-005, 1, 0.106584814, 0.00407331543, -0.166724146, 0, 0, 0, 0, 0, 0, 0, 0.180339111, 0.0517431152, -0.149175195, 0, 0, 0, 0, 0, 0, 0, 1, 1, 1, 
165.553207, 0.1, 0.1, 0.106885847, 0.194950941, -0.0199696542, 0.776884877, -0.629642666, 3.60425505e-006, 0.629642666, 0.776884877, -2.31525703e-005, 1.17777548e-005, 2.02562745e-005, 1, 0.776884841, -0.629642712, 7.59205782e-006, 0.629642712, 0.77688484, -2.10764729e-005, 7.37249293e-006, 2.11542762e-005, 1, 0.106584814, 0.00407331543, -0.166724146, 0, 0, 0, 0, 0, 0, 0, 0.180339111, 0.0517431152, -0.149175195, 0, 0, 0, 0, 0, 0, 0, 1, 1, 1, 
165.553911, 0.1, 0.1, 0.106885843, 0.19495094, -0.0199690498, 0.776885065, -0.629642435, -1.07669081e-005, 0.629642435, 0.776885065, 2.3569567e-006, 6.88061016e-006, -8.61038671e-006, 1, 0.776885034, -0.629642473, -6.44617593e-006, 0.629642473, 0.776885034, 1.98099949e-005, -7.4652766e-006, -1.94488747e-005, 1, 0.106584814, 0.00407331543, -0.166724146, 0, 0, 0, 0, 0, 0, 0, 0.180339111, 0.0517431152, -0.149175195, 0, 0, 0, 0, 0, 0, 0, 1, 1, 1, 
165.554641, 0.1, 0.1, 0.106885837, 0.194950943, -0.0199682814, 0.776885039, -0.629642467, 4.81454589e-007, 0.629642466, 0.776885039, 1.40288443e-005, -9.207191e-006, -1.0595655e-005, 1, 0.776885063, -0.629642437, 1.81108358e-005, 0.629642437, 0.776885063, 1.66344361e-006, -1.51174125e-005, 1.01110463e-005, 1, 0.10728335, 0.00121218262, -0.167427783, 0, 0, 0, 0, 0, 0, 0, 0.180698535, 0.0489229492, -0.149269189, 0, 0, 0, 0, 0, 0, 0, 1, 1, 1, 
165.555342, 0.1, 0.1, 0.106885833, 0.194950944, -0.0199678321, 0.776884822, -0.629642734, 2.4095774e-005, 0.629642735, 0.776884822, -9.27676456e-006, -1.28785937e-005, 2.23787066e-005, 1, 0.776884865, -0.629642681, 1.43203455e-005, 0.629642681, 0.776884865, -4.38011649e-006, -8.36735136e-006, 1.24195469e-005, 1, 0.10728335, 0.00121218262, -0.167427783, 0, 0, 0, 0, 0, 0, 0, 0.180698535, 0.0489229492, -0.149269189, 0, 0, 0, 0, 0, 0, 0, 1, 1, 1, 
165.556047, 0.1, 0.1, 0.10688583, 0.194950945, -0.0199678334, 0.776884721, -0.62964286, -6.29201566e-006, 0.62964286, 0.77688472, 2.10928219e-005, -8.39277386e-006, -2.03484138e-005, 1, 0.776884719, -0.629642861, -1.86640092e-005, 0.629642861, 0.776884719, 1.19867933e-005, 6.95238474e-006, -2.10640167e-005, 1, 0.10728335, 0.00121218262, -0.167427783, 0, 0, 0, 0, 0, 0, 0, 0.180698535, 0.0489229492, -0.149269189, 0, 0, 0, 0, 0, 0, 0, 1, 1, 1, 
165.556752, 0.1, 0.1, 0.106885824, 0.194950948, -0.019968256, 0.776884866, -0.629642681, -2.99968585e-007, 0.629642681, 0.776884866, -1.10283858e-005, 7.17698348e-006, 8.37891303e-006, 1, 0.776884825, -0.629642731, 2.88822221e-006, 0.629642731, 0.776884825, -2.32159046e-005, 1.23739096e-005, 1.98546321e-005, 1, 0.10728335, 0.00121218262, -0.167427783, 0, 0, 0, 0, 0, 0, 0, 0.180698535, 0.0489229492, -0.149269189, 0, 0, 0, 0, 0, 0, 0, 1, 1, 1, 
165.557449, 0.1, 0.1, 0.106885822, 0.194950947, -0.0199690109, 0.776885032, -0.629642476, -4.03643884e-006, 0.629642476, 0.776885032, -1.29167871e-005, 1.12688067e-005, 7.49334524e-006, 1, 0.776885016, -0.629642495, -1.31574642e-005, 0.629642496, 0.776885016, 4.96774693e-006, 7.09393223e-006, -1.21438668e-005, 1, 0.10728335, 0.00121218262, -0.167427783, 0, 0, 0, 0, 0, 0, 0, 0.180698535, 0.0489229492, -0.149269189, 0, 0, 0, 0, 0, 0, 0, 1, 1, 1, 
165.558148, 0.1, 0.1, 0.106885817, 0.194950947, -0.0199698576, 0.77688497, -0.629642552, -1.78035271e-005, 0.629642552, 0.77688497, 1.35704133e-005, 5.28678292e-006, -2.17525083e-005, 1, 0.776885004, -0.629642511, -1.41131884e-006, 0.629642511, 0.776885003, 1.56189248e-005, -8.73790658e-006, -1.30227348e-005, 1, 0.10728335, 0.00121218262, -0.167427783, 0, 0, 0, 0, 0, 0, 0, 0.180698535, 0.0489229492, -0.149269189, 0, 0, 0, 0, 0, 0, 0, 1, 1, 1, 
165.558844, 0.1, 0.1, 0.106885812, 0.194950949, -0.0199705586, 0.77688478, -0.629642786, 1.82859903e-005, 0.629642786, 0.77688478, -9.40673666e-006, -8.28322367e-006, 1.88215924e-005, 1, 0.776884814, -0.629642745, 2.22128377e-005, 0.629642745, 0.776884814, -6.64042003e-006, -1.3075724e-005, 1.91449936e-005, 1, 0.10728335, 0.00121218262, -0.167427783, 0, 0, 0, 0, 0, 0, 0, 0.180698535, 0.0489229492, -0.149269189, 0, 0, 0, 0, 0, 0, 0, 1, 1, 1, 
165.559569, 0.1, 0.1, 0.106885809, 0.194950948, -0.0199706708, 0.776884738, -0.629642838, 5.25798272e-006, 0.629642838, 0.776884738, 1.50517417e-005, -1.35620679e-005, -8.38281725e-006, 1, 0.776884727, -0.629642852, -4.74141048e-006, 0.629642852, 0.776884727, 2.03541262e-005, -9.13230071e-006, -1.8798205e-005, 1, 0.1081552, -0.00167214355, -0.167729858, 0, 0, 0, 0, 0, 0, 0, 0.181284375, 0.0460961914, -0.149346338, 0, 0, 0, 0, 0, 0, 0, 1, 1, 1, 
165.56028, 0.1, 0.1, 0.106885804, 0.194950951, -0.0199702892, 0.776884913, -0.629642623, -8.76885722e-009, 0.629642623, 0.776884913, 1.50401007e-005, -9.46307605e-006, -1.16899485e-005, 1, 0.776884869, -0.629642677, 1.43327232e-006, 0.629642677, 0.776884869, -1.01151276e-005, 5.25542847e-006, 8.76073904e-006, 1, 0.1081552, -0.00167214355, -0.167729858, 0, 0, 0, 0, 0, 0, 0, 0.181284375, 0.0460961914, -0.149346338, 0, 0, 0, 0, 0, 0, 0, 1, 1, 1, 
165.560984, 0.1, 0.1, 0.106885801, 0.194950951, -0.0199695728, 0.776885037, -0.62964247, 9.21071076e-006, 0.62964247, 0.776885037, -1.75725444e-005, 3.90875686e-006, 1.94513014e-005, 1, 0.776885031, -0.629642477, -8.86538058e-007, 0.629642477, 0.776885031, -1.37111174e-005, 9.32184006e-006, 1.00937598e-005, 1, 0.1081552, -0.00167214355, -0.167729858, 0, 0, 0, 0, 0, 0, 0, 0.181284375, 0.0460961914, -0.149346338, 0, 0, 0, 0, 0, 0, 0, 1, 1, 1, 
165.561693, 0.1, 0.1, 0.106885797, 0.194950951, -0.019968759, 0.776884925, -0.629642608, -2.09874406e-005, 0.629642608, 0.776884925, 9.24514431e-006, 1.04836894e-005, -2.0397e-005, 1, 0.776884963, -0.62964256, -1.80234006e-005, 0.62964256, 0.776884963, 1.33727121e-005, 5.58208025e-006, -2.1737359e-005, 1, 0.1081552, -0.00167214355, -0.167729858, 0, 0, 0, 0, 0, 0, 0, 0.181284375, 0.0460961914, -0.149346338, 0, 0, 0, 0, 0, 0, 0, 1, 1, 1, 
165.562399, 0.1, 0.1, 0.106885791, 0.194950954, -0.0199681179, 0.776884727, -0.629642852, 1.25679653e-006, 0.629642852, 0.776884727, -1.28146331e-005, 7.09225612e-006, 1.07468257e-005, 1, 0.776884759, -0.629642812, 1.99578682e-005, 0.629642812, 0.776884759, -1.1862753e-005, -8.03566648e-006, 2.17823203e-005, 1, 0.1081552, -0.00167214355, -0.167729858, 0, 0, 0, 0, 0, 0, 0, 0.181284375, 0.0460961914, -0.149346338, 0, 0, 0, 0, 0, 0, 0, 1, 1, 1, 
165.563104, 0.1, 0.1, 0.106885788, 0.194950953, -0.0199678549, 0.776884744, -0.629642831, 1.41159126e-005, 0.629642831, 0.776884744, -4.55740088e-006, -8.09690237e-006, 1.24285584e-005, 1, 0.776884722, -0.629642858, 5.63917117e-006, 0.629642858, 0.776884722, 1.51930016e-005, -1.39471509e-005, -8.25254699e-006, 1, 0.1081552, -0.00167214355, -0.167729858, 0, 0, 0, 0, 0, 0, 0, 0.181284375, 0.0460961914, -0.149346338, 0, 0, 0, 0, 0, 0, 0, 1, 1, 1, 
165.563811, 0.1, 0.1, 0.106885784, 0.194950955, -0.0199680003, 0.776884957, -0.629642569, -4.68132616e-006, 0.629642569, 0.776884956, 2.47698442e-005, -1.19592964e-005, -2.21908815e-005, 1, 0.776884914, -0.629642621, -1.75383195e-006, 0.629642621, 0.776884914, 1.37840874e-005, -7.3165233e-006, -1.18129369e-005, 1, 0.1081552, -0.00167214355, -0.167729858, 0, 0, 0, 0, 0, 0, 0, 0.181284375, 0.0460961914, -0.149346338, 0, 0, 0, 0, 0, 0, 0, 1, 1, 1, 
165.564548, 0.1, 0.1, 0.10688578, 0.194950957, -0.0199681814, 0.776885051, -0.629642451, 1.88835583e-005, 0.629642452, 0.776885051, -1.17534521e-005, -7.26988172e-006, 2.10209712e-005, 1, 0.776885055, -0.629642447, 7.77557092e-006, 0.629642447, 0.776885055, -2.22214789e-005, 7.9508615e-006, 2.21593643e-005, 1, 0.109058911, -0.00454560547, -0.167822241, 0, 0, 0, 0, 0, 0, 0, 0.181597412, 0.0432708984, -0.149410303, 0, 0, 0, 0, 0, 0, 0, 1, 1, 1, 
165.565253, 0.1, 0.1, 0.106885778, 0.194950957, -0.019968584, 0.776884893, -0.629642647, -1.08054888e-005, 0.629642647, 0.776884893, 2.41003109e-006, 6.87716264e-006, -8.67591329e-006, 1, 0.776884936, -0.629642593, -2.19440036e-005, 0.629642594, 0.776884936, 7.62939882e-006, 1.22441714e-005, -1.97440444e-005, 1, 0.109058911, -0.00454560547, -0.167822241, 0, 0, 0, 0, 0, 0, 0, 0.181597412, 0.0432708984, -0.149410303, 0, 0, 0, 0, 0, 0, 0, 1, 1, 1, 
165.565952, 0.1, 0.1, 0.106885772, 0.194950959, -0.0199691677, 0.776884716, -0.629642865, -1.3529934e-005, 0.629642865, 0.776884716, 7.53884876e-007, 1.00365207e-005, -9.10470805e-006, 1, 0.776884735, -0.629642842, 2.06074423e-006, 0.629642842, 0.776884735, -1.20602369e-005, 5.9926811e-006, 1.06669468e-005, 1, 0.109058911, -0.00454560547, -0.167822241, 0, 0, 0, 0, 0, 0, 0, 0.181597412, 0.0432708984, -0.149410303, 0, 0, 0, 0, 0, 0, 0, 1, 1, 1, 
165.566673, 0.1, 0.1, 0.106885768, 0.194950959, -0.0199697231, 0.776884776, -0.629642792, 9.19390807e-006, 0.629642792, 0.776884776, -1.95414217e-005, 5.16150809e-006, 2.09703109e-005, 1, 0.776884739, -0.629642837, 1.52651768e-005, 0.629642837, 0.776884739, -2.62708195e-006, -1.02051596e-005, 1.16525491e-005, 1, 0.109058911, -0.00454560547, -0.167822241, 0, 0, 0, 0, 0, 0, 0, 0.181597412, 0.0432708984, -0.149410303, 0, 0, 0, 0, 0, 0, 0, 1, 1, 1, 
165.567388, 0.1, 0.1, 0.106885765, 0.194950959, -0.0199698201, 0.776884972, -0.629642549, -6.58363292e-006, 0.629642549, 0.776884972, 2.18708579e-005, -8.65609723e-006, -2.11364762e-005, 1, 0.776884938, -0.629642592, -2.95602961e-006, 0.629642592, 0.776884937, 2.53473513e-005, -1.36632771e-005, -2.15532176e-005, 1, 0.109773804, -0.00740808105, -0.167860303, 0, 0, 0, 0, 0, 0, 0, 0.181986865, 0.0406639648, -0.149276172, 0, 0, 0, 0, 0, 0, 0, 1, 1, 1, 
165.568088, 0.1, 0.1, 0.10688576, 0.194950961, -0.019969767, 0.776885012, -0.6296425, 1.53525171e-005, 0.6296425, 0.776885012, 4.68594697e-006, -1.48776118e-005, 6.02615529e-006, 1, 0.776885024, -0.629642485, 1.84127634e-005, 0.629642486, 0.776885024, -6.39049901e-006, -1.02808705e-005, 1.65581411e-005, 1, 0.109773804, -0.00740808105, -0.167860303, 0, 0, 0, 0, 0, 0, 0, 0.181986865, 0.0406639648, -0.149276172, 0, 0, 0, 0, 0, 0, 0, 1, 1, 1, 
165.568787, 0.1, 0.1, 0.106885758, 0.19495096, -0.0199696374, 0.776884839, -0.629642714, 1.36742073e-005, 0.629642714, 0.776884839, -1.26433863e-006, -9.82720275e-006, 9.59211052e-006, 1, 0.776884881, -0.629642662, -9.92790103e-006, 0.629642662, 0.776884881, 5.38917909e-006, 4.31957915e-006, -1.04378018e-005, 1, 0.109773804, -0.00740808105, -0.167860303, 0, 0, 0, 0, 0, 0, 0, 0.181986865, 0.0406639648, -0.149276172, 0, 0, 0, 0, 0, 0, 0, 1, 1, 1, 
165.569487, 0.1, 0.1, 0.106885754, 0.194950962, -0.0199694785, 0.776884718, -0.629642862, -1.56001063e-005, 0.629642863, 0.776884718, 1.16362577e-005, 4.79279762e-006, -1.88625264e-005, 1, 0.776884723, -0.629642856, -1.41061231e-005, 0.629642856, 0.776884723, 1.35452221e-006, 1.01059663e-005, -9.93412723e-006, 1, 0.109773804, -0.00740808105, -0.167860303, 0, 0, 0, 0, 0, 0, 0, 0.181986865, 0.0406639648, -0.149276172, 0, 0, 0, 0, 0, 0, 0, 1, 1, 1, 
165.570186, 0.1, 0.1, 0.10688575, 0.194950964, -0.0199693153, 0.77688483, -0.629642725, 5.10225001e-006, 0.629642725, 0.77688483, -2.3344268e-005, 1.07346879e-005, 2.13484023e-005, 1, 0.776884792, -0.629642772, 9.38278242e-006, 0.629642772, 0.776884792, -2.11620252e-005, 6.03517527e-006, 2.23482567e-005, 1, 0.109773804, -0.00740808105, -0.167860303, 0, 0, 0, 0, 0, 0, 0, 0.181986865, 0.0406639648, -0.149276172, 0, 0, 0, 0, 0, 0, 0, 1, 1, 1, 
165.57089, 0.1, 0.1, 0.106885747, 0.194950963, -0.0199691765, 0.776885025, -0.629642485, -1.09215554e-005, 0.629642485, 0.776885025, 2.07717194e-006, 7.17691714e-006, -8.49039905e-006, 1, 0.776884992, -0.629642525, -6.2617688e-006, 0.629642525, 0.776884992, 1.9558786e-005, -7.4503692e-006, -1.91376032e-005, 1, 0.109773804, -0.00740808105, -0.167860303, 0, 0, 0, 0, 0, 0, 0, 0.181986865, 0.0406639648, -0.149276172, 0, 0, 0, 0, 0, 0, 0, 1, 1, 1, 
165.571608, 0.1, 0.1, 0.106885742, 0.194950965, -0.019969027, 0.776885012, -0.629642501, -3.39378224e-006, 0.629642501, 0.776885011, 1.38541141e-005, -6.08656048e-006, -1.28999231e-005, 1, 0.776885034, -0.629642473, 1.5268624e-005, 0.629642473, 0.776885034, 8.63249216e-007, -1.24055038e-005, 8.94312877e-006, 1, 0.109773804, -0.00740808105, -0.167860303, 0, 0, 0, 0, 0, 0, 0, 0.181986865, 0.0406639648, -0.149276172, 0, 0, 0, 0, 0, 0, 0, 1, 1, 1, 
165.572324, 0.1, 0.1, 0.10688574, 0.194950966, -0.0199686965, 0.776884801, -0.62964276, 1.93425689e-005, 0.629642761, 0.776884801, -1.00289871e-005, -8.7122687e-006, 1.99702761e-005, 1, 0.776884842, -0.62964271, 9.59086581e-006, 0.62964271, 0.776884842, -5.00079857e-006, -4.30228191e-006, 9.92386334e-006, 1, 0.110462451, -0.0105143066, -0.167987964, 0, 0, 0, 0, 0, 0, 0, 0.182422461, 0.0373660645, -0.14896665, 0, 0, 0, 0, 0, 0, 0, 1, 1, 1, 
165.573021, 0.1, 0.1, 0.106885738, 0.194950967, -0.019968603, 0.776884706, -0.629642878, -7.30190475e-006, 0.629642878, 0.776884706, 1.80628859e-005, -5.70042935e-006, -1.86303721e-005, 1, 0.776884705, -0.629642879, -1.99081578e-005, 0.629642879, 0.776884705, 9.48892527e-006, 9.49170907e-006, -1.99068307e-005, 1, 0.110462451, -0.0105143066, -0.167987964, 0, 0, 0, 0, 0, 0, 0, 0.182422461, 0.0373660645, -0.14896665, 0, 0, 0, 0, 0, 0, 0, 1, 1, 1, 
165.573724, 0.1, 0.1, 0.106885734, 0.19495097, -0.0199687578, 0.776884851, -0.629642698, 9.87213037e-007, 0.629642698, 0.776884851, -1.33979661e-005, 7.66898068e-006, 1.10302684e-005, 1, 0.776884812, -0.629642747, 3.6490301e-006, 0.629642747, 0.776884811, -2.5315064e-005, 1.31045704e-005, 2.19644741e-005, 1, 0.110462451, -0.0105143066, -0.167987964, 0, 0, 0, 0, 0, 0, 0, 0.182422461, 0.0373660645, -0.14896665, 0, 0, 0, 0, 0, 0, 0, 1, 1, 1, 
165.574424, 0.1, 0.1, 0.106885732, 0.194950969, -0.0199691072, 0.776885015, -0.629642496, -1.2764941e-006, 0.629642496, 0.776885015, -1.53438697e-005, 1.06528416e-005, 1.11166875e-005, 1, 0.776884999, -0.629642516, -1.05861672e-005, 0.629642516, 0.776884999, 2.38656011e-006, 6.7215548e-006, -8.51958372e-006, 1, 0.110462451, -0.0105143066, -0.167987964, 0, 0, 0, 0, 0, 0, 0, 0.182422461, 0.0373660645, -0.14896665, 0, 0, 0, 0, 0, 0, 0, 1, 1, 1, 
165.575126, 0.1, 0.1, 0.106885727, 0.19495097, -0.019969506, 0.776884952, -0.629642575, -1.71180591e-005, 0.629642575, 0.776884952, 1.28389138e-005, 5.21483576e-006, -2.07526178e-005, 1, 0.776884986, -0.629642532, -1.27703599e-007, 0.629642532, 0.776884986, 1.47028223e-005, -9.15831124e-006, -1.15028095e-005, 1, 0.110462451, -0.0105143066, -0.167987964, 0, 0, 0, 0, 0, 0, 0, 0.182422461, 0.0373660645, -0.14896665, 0, 0, 0, 0, 0, 0, 0, 1, 1, 1, 
165.575826, 0.1, 0.1, 0.106885723, 0.194950971, -0.0199698483, 0.776884758, -0.629642813, 1.82536084e-005, 0.629642813, 0.776884758, -9.3423546e-006, -8.29860368e-006, 1.87511862e-005, 1, 0.776884792, -0.629642771, 2.26227974e-005, 0.629642771, 0.776884792, -6.76151544e-006, -1.3317968e-005, 1.94971994e-005, 1, 0.110462451, -0.0105143066, -0.167987964, 0, 0, 0, 0, 0, 0, 0, 0.182422461, 0.0373660645, -0.14896665, 0, 0, 0, 0, 0, 0, 0, 1, 1, 1, 
165.576527, 0.1, 0.1, 0.106885721, 0.19495097, -0.0199700481, 0.776884715, -0.629642866, 4.77700249e-006, 0.629642866, 0.776884715, 1.50635009e-005, -1.31958061e-005, -8.69479804e-006, 1, 0.776884705, -0.629642879, -5.17931895e-006, 0.629642879, 0.776884704, 2.05844967e-005, -8.93714812e-006, -1.9252902e-005, 1, 0.110462451, -0.0105143066, -0.167987964, 0, 0, 0, 0, 0, 0, 0, 0.182422461, 0.0373660645, -0.14896665, 0, 0, 0, 0, 0, 0, 0, 1, 1, 1, 
165.577255, 0.1, 0.1, 0.106885717, 0.194950974, -0.0199697564, 0.776884897, -0.629642642, -1.72477704e-006, 0.629642642, 0.776884897, 1.11017793e-005, -5.65020043e-006, -9.71079786e-006, 1, 0.776884854, -0.629642695, -3.86271724e-008, 0.629642695, 0.776884854, -1.30950707e-005, 8.27522449e-006, 1.01490408e-005, 1, 0.111389233, -0.013621875, -0.167893726, 0, 0, 0, 0, 0, 0, 0, 0.18282998, 0.0345178223, -0.148638818, 0, 0, 0, 0, 0, 0, 0, 1, 1, 1, 
165.577961, 0.1, 0.1, 0.106885715, 0.194950974, -0.0199692782, 0.776885027, -0.629642482, 6.31140006e-006, 0.629642482, 0.776885026, -1.96340653e-005, 7.45920944e-006, 1.9227337e-005, 1, 0.77688502, -0.62964249, -3.94329519e-006, 0.62964249, 0.77688502, -1.63169609e-005, 1.33373388e-005, 1.01935363e-005, 1, 0.111389233, -0.013621875, -0.167893726, 0, 0, 0, 0, 0, 0, 0, 0.18282998, 0.0345178223, -0.148638818, 0, 0, 0, 0, 0, 0, 0, 1, 1, 1, 
165.578663, 0.1, 0.1, 0.106885713, 0.194950974, -0.0199688628, 0.776884916, -0.629642618, -2.2612962e-005, 0.629642619, 0.776884916, 9.6900318e-006, 1.14664121e-005, -2.17661241e-005, 1, 0.776884954, -0.629642571, -1.98459903e-005, 0.629642571, 0.776884954, 1.32776463e-005, 7.05787991e-006, -2.2811084e-005, 1, 0.111389233, -0.013621875, -0.167893726, 0, 0, 0, 0, 0, 0, 0, 0.18282998, 0.0345178223, -0.148638818, 0, 0, 0, 0, 0, 0, 0, 1, 1, 1, 
165.579398, 0.1, 0.1, 0.106885708, 0.194950976, -0.0199684358, 0.776884717, -0.629642864, -1.11641e-006, 0.629642864, 0.776884717, -1.07711771e-005, 7.64931666e-006, 7.66502327e-006, 1, 0.776884753, -0.629642819, 1.97094493e-005, 0.62964282, 0.776884753, -9.99754405e-006, -9.01708885e-006, 2.01768528e-005, 1, 0.111879541, -0.016709668, -0.16795144, 0, 0, 0, 0, 0, 0, 0, 0.18282998, 0.0345178223, -0.148638818, 0, 0, 0, 0, 0, 0, 0, 1, 1, 1, 
165.580103, 0.1, 0.1, 0.106885706, 0.194950975, -0.0199680311, 0.776884737, -0.62964284, 1.29697325e-005, 0.62964284, 0.776884737, -3.62928237e-006, -7.79083557e-006, 1.09858333e-005, 1, 0.776884713, -0.629642869, 4.09613296e-006, 0.629642868, 0.776884713, 1.65087422e-005, -1.35768349e-005, -1.02462885e-005, 1, 0.111879541, -0.016709668, -0.16795144, 0, 0, 0, 0, 0, 0, 0, 0.183050635, 0.0312399414, -0.148314404, 0, 0, 0, 0, 0, 0, 0, 1, 1, 1, 
165.580806, 0.1, 0.1, 0.106885703, 0.194950976, -0.0199680151, 0.776884949, -0.629642579, -3.94004335e-006, 0.629642578, 0.776884948, 2.44914939e-005, -1.2359927e-005, -2.1507892e-005, 1, 0.776884908, -0.629642629, -1.4092694e-006, 0.629642629, 0.776884907, 1.4096791e-005, -7.78110042e-006, -1.18389203e-005, 1, 0.111879541, -0.016709668, -0.16795144, 0, 0, 0, 0, 0, 0, 0, 0.183050635, 0.0312399414, -0.148314404, 0, 0, 0, 0, 0, 0, 0, 1, 1, 1, 
165.58151, 0.1, 0.1, 0.1068857, 0.194950978, -0.0199683844, 0.776885047, -0.629642457, 1.97162729e-005, 0.629642457, 0.776885047, -1.05735408e-005, -8.65972742e-006, 2.06286283e-005, 1, 0.776885048, -0.629642456, 8.46513148e-006, 0.629642456, 0.776885048, -2.05568903e-005, 6.36705679e-006, 2.13003468e-005, 1, 0.111879541, -0.016709668, -0.16795144, 0, 0, 0, 0, 0, 0, 0, 0.183050635, 0.0312399414, -0.148314404, 0, 0, 0, 0, 0, 0, 0, 1, 1, 1, 
165.582213, 0.1, 0.1, 0.106885698, 0.194950978, -0.0199690126, 0.776884903, -0.629642634, -8.92268066e-006, 0.629642635, 0.776884903, 1.78296173e-006, 5.80926719e-006, -7.00325621e-006, 1, 0.776884943, -0.629642585, -1.98839903e-005, 0.629642585, 0.776884943, 7.14563215e-006, 1.09483783e-005, -1.80711411e-005, 1, 0.111879541, -0.016709668, -0.16795144, 0, 0, 0, 0, 0, 0, 0, 0.183050635, 0.0312399414, -0.148314404, 0, 0, 0, 0, 0, 0, 0, 1, 1, 1, 
165.582914, 0.1, 0.1, 0.106885693, 0.19495098, -0.0199696956, 0.776884739, -0.629642837, -1.14563069e-005, 0.629642837, 0.776884739, -5.04589946e-007, 9.21794147e-006, -6.82137337e-006, 1, 0.776884755, -0.629642817, 3.99016412e-006, 0.629642817, 0.776884755, -1.31034909e-005, 5.15062128e-006, 1.26922805e-005, 1, 0.111879541, -0.016709668, -0.16795144, 0, 0, 0, 0, 0, 0, 0, 0.183050635, 0.0312399414, -0.148314404, 0, 0, 0, 0, 0, 0, 0, 1, 1, 1, 
165.583617, 0.1, 0.1, 0.106885689, 0.19495098, -0.0199702468, 0.7768848, -0.629642761, 1.05426901e-005, 0.629642761, 0.7768848, -1.90318706e-005, 3.79282383e-006, 2.14236995e-005, 1, 0.776884767, -0.629642802, 1.61253278e-005, 0.629642802, 0.776884767, -3.67958823e-006, -1.02106953e-005, 1.30118126e-005, 1, 0.111879541, -0.016709668, -0.16795144, 0, 0, 0, 0, 0, 0, 0, 0.183050635, 0.0312399414, -0.148314404, 0, 0, 0, 0, 0, 0, 0, 1, 1, 1, 
165.58433, 0.1, 0.1, 0.106885686, 0.19495098, -0.0199704567, 0.776884992, -0.629642525, -5.42417353e-006, 0.629642525, 0.776884992, 2.21845911e-005, -9.75440293e-006, -2.06501662e-005, 1, 0.776884959, -0.629642566, -1.75786577e-006, 0.629642566, 0.776884958, 2.56548645e-005, -1.47877352e-005, -2.10377054e-005, 1, 0.112749438, -0.0198172363, -0.167575732, 0, 0, 0, 0, 0, 0, 0, 0.183050635, 0.0312399414, -0.148314404, 0, 0, 0, 0, 0, 0, 0, 1, 1, 1, 
165.585043, 0.1, 0.1, 0.106885683, 0.194950981, -0.0199700821, 0.77688503, -0.629642478, 1.52280206e-005, 0.629642478, 0.77688503, 4.12612155e-006, -1.44284027e-005, 6.38268659e-006, 1, 0.776885042, -0.629642463, 1.84422546e-005, 0.629642463, 0.776885042, -6.87521604e-006, -9.9985838e-006, 1.69532791e-005, 1, 0.112749438, -0.0198172363, -0.167575732, 0, 0, 0, 0, 0, 0, 0, 0.183481348, 0.0281818848, -0.147981689, 0, 0, 0, 0, 0, 0, 0, 1, 1, 1, 
165.585749, 0.1, 0.1, 0.106885681, 0.194950981, -0.0199694849, 0.776884851, -0.629642698, 1.32805697e-005, 0.629642698, 0.776884851, -1.97726409e-006, -9.07250355e-006, 9.89812028e-006, 1, 0.776884895, -0.629642645, -1.06910524e-005, 0.629642645, 0.776884895, 4.79587239e-006, 5.28603134e-006, -1.04573833e-005, 1, 0.112749438, -0.0198172363, -0.167575732, 0, 0, 0, 0, 0, 0, 0, 0.183481348, 0.0281818848, -0.147981689, 0, 0, 0, 0, 0, 0, 0, 1, 1, 1, 
