time, realDorsalTactorPos, realVentralTactorPos, boxPosX, boxPosY, boxPosZ, boxLocalRot_11, boxLocalRot_12, boxLocalRot_13, boxLocalRot_21, boxLocalRot_22, boxLocalRot_23, boxLocalRot_31, boxLocalRot_32, boxLocalRot_33, boxGlobalRot_11, boxGlobalRot_12, boxGlobalRot_13], boxGlobalRot_21, boxGlobalRot_22, boxGlobalRot_23, boxGlobalRot_31, boxGlobalRot_32, boxGlobalRot_33, indexPosX, indexPosY, indexPosZ, indexContact, indexForceX, indexForceY, indexForceZ, indexForceGlobalX, indexForceGlobalY, indexForceGlobalZ, thumbPosX, thumbPosY, thumbPosZ, thumbContact, thumbForceX, thumbForceY, thumbForceZ, thumbForceGlobalX, thumbForceGlobalY, thumbForceGlobalZ, hoopSuccess, targetSuccess, trialSuccess, 
175.618097, 0.1, 0.1, 0.0908768948, 0.161329518, -0.0199692565, 0.897339547, 4.76420922e-008, -0.44134084, 0.44134084, 7.92187593e-006, 0.897339547, 3.53899851e-006, -1, 7.08758616e-006, 0.897339763, 1.97632476e-005, -0.441340401, 0.441340402, -6.66965211e-006, 0.897339763, 1.4790761e-005, -1, -1.47072637e-005, 0.116992603, -0.171236157, -0.0707122314, 0, 0, 0, 0, 0, 0, 0, 0.174602588, -0.112394873, -0.0490586914, 0, 0, 0, 0, 0, 0, 0, 1, 1, 1, 
175.665713, 0.1, 0.1, 0.0908768991, 0.161329492, -0.0199693249, 0.897331319, -1.80551558e-005, -0.441357568, 0.441357569, 1.55713017e-005, 0.897331319, -9.32894488e-006, -1, 2.19413964e-005, 0.897331426, 1.67440156e-005, -0.441357352, 0.441357352, -1.29826457e-006, 0.897331426, 1.44519328e-005, -1, -8.55506799e-006, 0.124070801, -0.191709839, -0.0608240479, 0, 0, 0, 0, 0, 0, 0, 0.179799365, -0.131059131, -0.0411624512, 0, 0, 0, 0, 0, 0, 0, 1, 1, 1, 
175.666433, 0.1, 0.1, 0.0908768945, 0.161329497, -0.0199688801, 0.897330839, 1.55838088e-005, -0.441358545, 0.441358545, 1.63628988e-005, 0.897330839, 2.12057374e-005, -1, 7.80488649e-006, 0.897330936, -1.97015099e-005, -0.441358348, 0.441358348, 2.76454886e-005, 0.897330935, -5.47720715e-006, -0.999999999, 3.3502578e-005, 0.124070801, -0.191709839, -0.0608240479, 0, 0, 0, 0, 0, 0, 0, 0.179799365, -0.131059131, -0.0411624512, 0, 0, 0, 0, 0, 0, 0, 1, 1, 1, 
175.667139, 0.1, 0.1, 0.0908769023, 0.161329491, -0.0199684036, 0.8973306, 4.34153902e-006, -0.441359031, 0.441359031, -4.12512714e-005, 0.897330599, -1.43108253e-005, -0.999999999, -3.89322055e-005, 0.897330632, 3.34806132e-005, -0.441358964, 0.441358966, -4.17784617e-005, 0.897330631, 1.16038812e-005, -0.999999999, -5.22660623e-005, 0.124070801, -0.191709839, -0.0608240479, 0, 0, 0, 0, 0, 0, 0, 0.179799365, -0.131059131, -0.0411624512, 0, 0, 0, 0, 0, 0, 0, 1, 1, 1, 
175.667856, 0.1, 0.1, 0.0908768974, 0.161329494, -0.0199681985, 0.897330664, -4.66728447e-006, -0.441358901, 0.4413589, 4.69626005e-005, 0.897330663, 1.65392643e-005, -0.999999999, 4.4200929e-005, 0.897330626, -3.0245922e-005, -0.441358977, 0.441358978, 3.70445225e-005, 0.897330625, -1.07906596e-005, -0.999999999, 4.65904938e-005, 0.124070801, -0.191709839, -0.0608240479, 0, 0, 0, 0, 0, 0, 0, 0.179799365, -0.131059131, -0.0411624512, 0, 0, 0, 0, 0, 0, 0, 1, 1, 1, 
175.668572, 0.1, 0.1, 0.0908769023, 0.161329493, -0.0199680466, 0.897331011, 6.26912988e-006, -0.441358196, 0.441358196, -5.26116649e-005, 0.897331009, -1.75951049e-005, -0.999999999, -4.99770103e-005, 0.897330919, 2.67309571e-005, -0.441358382, 0.441358383, -3.40062864e-005, 0.897330918, 8.97755479e-006, -0.999999999, -4.23128242e-005, 0.125207983, -0.193060547, -0.0592850586, 0, 0, 0, 0, 0, 0, 0, 0.180423437, -0.132431445, -0.0403080566, 0, 0, 0, 0, 0, 0, 0, 1, 1, 1, 
175.669276, 0.1, 0.1, 0.090876899, 0.16132949, -0.0199683233, 0.897331572, -1.25507157e-005, -0.441357055, 0.441357055, 4.13859682e-005, 0.897331571, 7.00383563e-006, -0.999999999, 4.26762828e-005, 0.89733144, -2.60805639e-005, -0.441357323, 0.441357323, 1.21715735e-005, 0.89733144, -1.80308969e-005, -1, 2.24327835e-005, 0.125207983, -0.193060547, -0.0592850586, 0, 0, 0, 0, 0, 0, 0, 0.180423437, -0.132431445, -0.0403080566, 0, 0, 0, 0, 0, 0, 0, 1, 1, 1, 
175.669978, 0.1, 0.1, 0.090876899, 0.161329495, -0.019968893, 0.897332223, -8.47140649e-006, -0.44135573, 0.44135573, -2.44521352e-005, 0.897332223, -1.8393756e-005, -1, -1.82027851e-005, 0.897332094, -1.00551257e-006, -0.441355994, 0.441355994, 1.4773993e-005, 0.897332094, 5.61831166e-006, -1, 1.3700967e-005, 0.125207983, -0.193060547, -0.0592850586, 0, 0, 0, 0, 0, 0, 0, 0.180423437, -0.132431445, -0.0403080566, 0, 0, 0, 0, 0, 0, 0, 1, 1, 1, 
175.67069, 0.1, 0.1, 0.0908768993, 0.161329487, -0.0199694949, 0.897332795, 1.6288581e-005, -0.441354567, 0.441354568, -9.2142779e-006, 0.897332795, 1.05495143e-005, -1, -1.54573134e-005, 0.897332691, 4.12624832e-006, -0.441354779, 0.441354779, -3.94079521e-005, 0.897332691, -1.36902705e-005, -0.999999999, -3.71831831e-005, 0.125207983, -0.193060547, -0.0592850586, 0, 0, 0, 0, 0, 0, 0, 0.180423437, -0.132431445, -0.0403080566, 0, 0, 0, 0, 0, 0, 0, 1, 1, 1, 
175.671395, 0.1, 0.1, 0.090876899, 0.161329494, -0.0199699663, 0.89733312, -2.85305069e-005, -0.441353908, 0.441353908, 1.92555484e-005, 0.89733312, -1.71028572e-005, -0.999999999, 2.9870692e-005, 0.89733307, -1.28332989e-005, -0.441354009, 0.441354009, 4.04566409e-005, 0.897333069, 6.33995714e-006, -0.999999999, 4.19671097e-005, 0.125207983, -0.193060547, -0.0592850586, 0, 0, 0, 0, 0, 0, 0, 0.180423437, -0.132431445, -0.0403080566, 0, 0, 0, 0, 0, 0, 0, 1, 1, 1, 
175.672095, 0.1, 0.1, 0.090876899, 0.161329487, -0.0199702358, 0.897333159, 3.30808987e-005, -0.441353826, 0.441353827, -3.4722842e-005, 0.897333159, 1.43595281e-005, -0.999999999, -4.57583388e-005, 0.897333173, 1.24731142e-005, -0.441353799, 0.441353799, -4.77065104e-005, 0.897333172, -9.86291046e-006, -0.999999999, -4.83136907e-005, 0.125207983, -0.193060547, -0.0592850586, 0, 0, 0, 0, 0, 0, 0, 0.180423437, -0.132431445, -0.0403080566, 0, 0, 0, 0, 0, 0, 0, 1, 1, 1, 
175.672796, 0.1, 0.1, 0.0908769017, 0.16132949, -0.0199702762, 0.897332921, -3.05570605e-005, -0.441354311, 0.441354311, 3.64084836e-005, 0.897332921, -1.13508152e-005, -0.999999999, 4.61570214e-005, 0.897332993, -5.71288494e-006, -0.441354165, 0.441354165, 3.91346541e-005, 0.897332993, 1.21458825e-005, -0.999999999, 3.76382219e-005, 0.125207983, -0.193060547, -0.0592850586, 0, 0, 0, 0, 0, 0, 0, 0.180423437, -0.132431445, -0.0403080566, 0, 0, 0, 0, 0, 0, 0, 1, 1, 1, 
175.673524, 0.1, 0.1, 0.0908768991, 0.16132949, -0.0199698531, 0.897332457, 3.31535556e-005, -0.441355254, 0.441355255, -2.91243375e-005, 0.897332457, 1.68955821e-005, -0.999999999, -4.07667094e-005, 0.897332565, 3.66422053e-006, -0.441355035, 0.441355035, -2.30470339e-005, 0.897332565, -6.88390004e-006, -1, -2.22980762e-005, 0.126182715, -0.194126855, -0.0576720947, 0, 0, 0, 0, 0, 0, 0, 0.180787891, -0.133598828, -0.0394070312, 0, 0, 0, 0, 0, 0, 0, 1, 1, 1, 
175.674232, 0.1, 0.1, 0.090876905, 0.161329487, -0.0199691891, 0.897331912, -1.99522107e-005, -0.441356364, 0.441356364, 1.59872031e-005, 0.897331912, -1.08477015e-005, -1, 2.31518627e-005, 0.89733202, 1.57874172e-005, -0.441356143, 0.441356143, -1.62942169e-006, 0.897332021, 1.34473997e-005, -1, -8.43000583e-006, 0.126182715, -0.194126855, -0.0576720947, 0, 0, 0, 0, 0, 0, 0, 0.180787891, -0.133598828, -0.0394070312, 0, 0, 0, 0, 0, 0, 0, 1, 1, 1, 
175.674934, 0.1, 0.1, 0.0908768989, 0.161329493, -0.0199685648, 0.897331427, 5.34281018e-006, -0.44135735, 0.441357349, 2.09006267e-005, 0.897331427, 1.40189167e-005, -1, 1.63967006e-005, 0.897331516, -2.61026196e-005, -0.441357168, 0.441357169, 3.09212222e-005, 0.897331515, -9.77540016e-006, -0.999999999, 3.92671655e-005, 0.126182715, -0.194126855, -0.0576720947, 0, 0, 0, 0, 0, 0, 0, 0.180787891, -0.133598828, -0.0394070312, 0, 0, 0, 0, 0, 0, 0, 1, 1, 1, 
175.675644, 0.1, 0.1, 0.0908769045, 0.161329488, -0.0199682487, 0.897331178, -7.21116335e-006, -0.441357857, 0.441357856, -3.7366753e-005, 0.897331177, -2.29629117e-005, -0.999999999, -3.03476489e-005, 0.897331214, 2.36719956e-005, -0.441357783, 0.441357783, -3.7288419e-005, 0.897331213, 4.78408658e-006, -0.999999999, -4.39078818e-005, 0.126182715, -0.194126855, -0.0576720947, 0, 0, 0, 0, 0, 0, 0, 0.180787891, -0.133598828, -0.0394070312, 0, 0, 0, 0, 0, 0, 0, 1, 1, 1, 
175.676362, 0.1, 0.1, 0.0908768975, 0.161329491, -0.0199680538, 0.89733123, -1.38147698e-005, -0.44135775, 0.441357751, 4.90357739e-005, 0.897331229, 9.24589456e-006, -0.999999999, 5.0098587e-005, 0.897331197, -3.83411421e-005, -0.441357815, 0.441357816, 4.07645057e-005, 0.897331197, -1.64129698e-005, -0.999999998, 5.35014255e-005, 0.126969971, -0.195332788, -0.0569890625, 0, 0, 0, 0, 0, 0, 0, 0.181370459, -0.134921338, -0.0389080566, 0, 0, 0, 0, 0, 0, 0, 1, 1, 1, 
175.677064, 0.1, 0.1, 0.0908769013, 0.16132949, -0.0199682043, 0.89733157, 5.89489872e-006, -0.44135706, 0.441357059, -5.47372783e-005, 0.897331568, -1.88690055e-005, -0.999999998, -5.1719243e-005, 0.897331476, 2.41424483e-005, -0.441357249, 0.441357249, -3.49924061e-005, 0.897331476, 6.2196267e-006, -0.999999999, -4.2055232e-005, 0.126969971, -0.195332788, -0.0569890625, 0, 0, 0, 0, 0, 0, 0, 0.181370459, -0.134921338, -0.0389080566, 0, 0, 0, 0, 0, 0, 0, 1, 1, 1, 
175.677767, 0.1, 0.1, 0.0908768988, 0.161329486, -0.019968701, 0.89733212, -7.43074993e-006, -0.441355942, 0.441355942, 3.54144279e-005, 0.897332119, 8.9625176e-006, -0.999999999, 3.50581093e-005, 0.897331992, -2.12532328e-005, -0.4413562, 0.4413562, 6.55612823e-006, 0.897331992, -1.61776179e-005, -1, 1.52632697e-005, 0.126969971, -0.195332788, -0.0569890625, 0, 0, 0, 0, 0, 0, 0, 0.181370459, -0.134921338, -0.0389080566, 0, 0, 0, 0, 0, 0, 0, 1, 1, 1, 
175.678473, 0.1, 0.1, 0.0908769, 0.161329491, -0.0199693647, 0.897332762, -2.34929602e-006, -0.441354636, 0.441354636, -2.74448643e-005, 0.897332761, -1.42210184e-005, -1, -2.35903032e-005, 0.897332633, 5.28949063e-006, -0.441354898, 0.441354898, 1.09313339e-005, 0.897332633, 9.57103029e-006, -1, 7.4745e-006, 0.126969971, -0.195332788, -0.0569890625, 0, 0, 0, 0, 0, 0, 0, 0.181370459, -0.134921338, -0.0389080566, 0, 0, 0, 0, 0, 0, 0, 1, 1, 1, 
175.679176, 0.1, 0.1, 0.0908769009, 0.161329482, -0.0199699466, 0.897333325, 1.75848751e-005, -0.44135349, 0.44135349, -7.49353995e-006, 0.897333325, 1.24721945e-005, -1, -1.44853491e-005, 0.897333221, 6.53307522e-006, -0.441353702, 0.441353702, -3.77901895e-005, 0.89733322, -1.08164946e-005, -0.999999999, -3.67937894e-005, 0.126969971, -0.195332788, -0.0569890625, 0, 0, 0, 0, 0, 0, 0, 0.181370459, -0.134921338, -0.0389080566, 0, 0, 0, 0, 0, 0, 0, 1, 1, 1, 
175.679879, 0.1, 0.1, 0.0908769006, 0.16132949, -0.0199703077, 0.89733365, -2.99607656e-005, -0.441352828, 0.441352829, 2.40233403e-005, 0.89733365, -1.6282034e-005, -0.999999999, 3.47802204e-005, 0.897333602, -1.39327365e-005, -0.441352928, 0.441352929, 4.45295531e-005, 0.8973336, 7.15093606e-006, -0.999999999, 4.61071183e-005, 0.126969971, -0.195332788, -0.0569890625, 0, 0, 0, 0, 0, 0, 0, 0.181370459, -0.134921338, -0.0389080566, 0, 0, 0, 0, 0, 0, 0, 1, 1, 1, 
175.680591, 0.1, 0.1, 0.0908769001, 0.161329484, -0.0199703089, 0.89733369, 3.02966484e-005, -0.441352748, 0.441352749, -2.91200674e-005, 0.897333689, 1.43339816e-005, -0.999999999, -3.95019266e-005, 0.897333703, 1.03154107e-005, -0.441352721, 0.441352721, -4.21158917e-005, 0.897333703, -9.33159772e-006, -0.999999999, -4.23447436e-005, 0.126969971, -0.195332788, -0.0569890625, 0, 0, 0, 0, 0, 0, 0, 0.181370459, -0.134921338, -0.0389080566, 0, 0, 0, 0, 0, 0, 0, 1, 1, 1, 
175.681324, 0.1, 0.1, 0.0908769016, 0.161329489, -0.0199697555, 0.89733344, -3.81666661e-005, -0.441353256, 0.441353257, 3.99580845e-005, 0.897333439, -1.66125951e-005, -0.999999998, 5.27007078e-005, 0.897333514, -1.30093822e-005, -0.441353106, 0.441353107, 4.44868138e-005, 0.897333513, 7.96063881e-006, -0.999999999, 4.56612402e-005, 0.127458081, -0.197024976, -0.0567507812, 0, 0, 0, 0, 0, 0, 0, 0.181678027, -0.13612251, -0.0384782715, 0, 0, 0, 0, 0, 0, 0, 1, 1, 1, 
175.682026, 0.1, 0.1, 0.0908768981, 0.161329488, -0.0199689877, 0.89733298, 2.9075915e-005, -0.441354191, 0.441354192, -3.23381716e-005, 0.897332979, 1.18181899e-005, -0.999999999, -4.18508849e-005, 0.897333092, -2.08945609e-006, -0.441353965, 0.441353965, -2.46572754e-005, 0.897333091, -1.27575243e-005, -1, -2.12035994e-005, 0.127458081, -0.197024976, -0.0567507812, 0, 0, 0, 0, 0, 0, 0, 0.181678027, -0.13612251, -0.0384782715, 0, 0, 0, 0, 0, 0, 0, 1, 1, 1, 
175.682729, 0.1, 0.1, 0.0908769038, 0.161329484, -0.019968379, 0.897332421, -2.00792398e-005, -0.441355327, 0.441355328, 8.26979589e-006, 0.897332422, -1.43678344e-005, -1, 1.62828354e-005, 0.897332532, 1.53901924e-005, -0.441355103, 0.441355104, -9.1966043e-006, 0.897332532, 9.7511521e-006, -1, -1.50449522e-005, 0.127458081, -0.197024976, -0.0567507812, 0, 0, 0, 0, 0, 0, 0, 0.181678027, -0.13612251, -0.0384782715, 0, 0, 0, 0, 0, 0, 0, 1, 1, 1, 
175.683433, 0.1, 0.1, 0.0908768984, 0.161329489, -0.0199681084, 0.897331932, 1.05297319e-005, -0.441356322, 0.441356322, 1.31152829e-005, 0.897331932, 1.52371776e-005, -1, 7.12139838e-006, 0.897332022, -2.1945842e-005, -0.44135614, 0.44135614, 2.28349896e-005, 0.897332021, -9.61434388e-006, -0.999999999, 3.01764995e-005, 0.127458081, -0.197024976, -0.0567507812, 0, 0, 0, 0, 0, 0, 0, 0.181678027, -0.13612251, -0.0384782715, 0, 0, 0, 0, 0, 0, 0, 1, 1, 1, 
175.684161, 0.1, 0.1, 0.0908769062, 0.161329481, -0.0199679239, 0.89733168, 3.5014371e-006, -0.441356836, 0.441356835, -4.52674946e-005, 0.897331679, -1.68371678e-005, -0.999999999, -4.21653402e-005, 0.897331713, 3.27180495e-005, -0.441356766, 0.441356767, -4.64896293e-005, 0.897331712, 8.84043091e-006, -0.999999998, -5.61569512e-005, 0.128256689, -0.198173047, -0.056887207, 0, 0, 0, 0, 0, 0, 0, 0.182182715, -0.137390332, -0.0382351074, 0, 0, 0, 0, 0, 0, 0, 1, 1, 1, 
175.684863, 0.1, 0.1, 0.0908769011, 0.161329484, -0.0199681646, 0.897331737, -7.06512546e-006, -0.441356719, 0.441356719, 4.65862821e-005, 0.897331736, 1.42214073e-005, -0.999999999, 4.492159e-005, 0.897331703, -3.03847676e-005, -0.441356788, 0.441356788, 3.67287926e-005, 0.897331702, -1.10547133e-005, -0.999999999, 4.63684334e-005, 0.128256689, -0.198173047, -0.056887207, 0, 0, 0, 0, 0, 0, 0, 0.182182715, -0.137390332, -0.0382351074, 0, 0, 0, 0, 0, 0, 0, 1, 1, 1, 
175.685564, 0.1, 0.1, 0.0908769058, 0.161329483, -0.019968768, 0.897332074, 8.57393683e-006, -0.441356034, 0.441356034, -4.86060963e-005, 0.897332073, -1.37589254e-005, -0.999999999, -4.73999679e-005, 0.897331983, 2.72851063e-005, -0.441356218, 0.441356219, -3.03766118e-005, 0.897331983, 1.1076892e-005, -0.999999999, -3.93003567e-005, 0.128256689, -0.198173047, -0.056887207, 0, 0, 0, 0, 0, 0, 0, 0.182182715, -0.137390332, -0.0382351074, 0, 0, 0, 0, 0, 0, 0, 1, 1, 1, 
175.686268, 0.1, 0.1, 0.0908769036, 0.161329481, -0.0199695261, 0.897332616, -5.13727063e-006, -0.441354932, 0.441354932, 4.16653138e-005, 0.897332615, 1.37793512e-005, -0.999999999, 3.96550047e-005, 0.89733249, -1.8774412e-005, -0.441355188, 0.441355188, 1.36506325e-005, 0.89733249, -1.08221124e-005, -1, 2.05353402e-005, 0.128256689, -0.198173047, -0.056887207, 0, 0, 0, 0, 0, 0, 0, 0.182182715, -0.137390332, -0.0382351074, 0, 0, 0, 0, 0, 0, 0, 1, 1, 1, 
175.686968, 0.1, 0.1, 0.0908769053, 0.161329487, -0.019970202, 0.897333244, 9.32921587e-007, -0.441353656, 0.441353656, -2.09684848e-005, 0.897333243, -8.41737589e-006, -1, -1.92274669e-005, 0.897333118, 8.11709543e-006, -0.441353911, 0.441353911, 1.64655343e-005, 0.897333118, 1.45508665e-005, -1, 1.11925575e-005, 0.128256689, -0.198173047, -0.056887207, 0, 0, 0, 0, 0, 0, 0, 0.182182715, -0.137390332, -0.0382351074, 0, 0, 0, 0, 0, 0, 0, 1, 1, 1, 
175.687668, 0.1, 0.1, 0.0908769069, 0.161329479, -0.019970622, 0.897333796, 2.11848166e-005, -0.441352532, 0.441352533, -5.62083351e-006, 0.897333796, 1.65290828e-005, -1, -1.43937363e-005, 0.897333694, 1.0222608e-005, -0.44135274, 0.44135274, -3.43706868e-005, 0.897333694, -5.99650616e-006, -0.999999999, -3.53537514e-005, 0.128256689, -0.198173047, -0.056887207, 0, 0, 0, 0, 0, 0, 0, 0.182182715, -0.137390332, -0.0382351074, 0, 0, 0, 0, 0, 0, 0, 1, 1, 1, 
175.688383, 0.1, 0.1, 0.090876907, 0.161329486, -0.0199706402, 0.897334123, -2.80257064e-005, -0.441351867, 0.441351868, 1.58344668e-005, 0.897334123, -1.81598512e-005, -0.999999999, 2.65780052e-005, 0.897334069, -1.02504252e-005, -0.441351977, 0.441351977, 3.94668502e-005, 0.897334069, 8.22071664e-006, -0.999999999, 3.99389947e-005, 0.128256689, -0.198173047, -0.056887207, 0, 0, 0, 0, 0, 0, 0, 0.182182715, -0.137390332, -0.0382351074, 0, 0, 0, 0, 0, 0, 0, 1, 1, 1, 
175.689099, 0.1, 0.1, 0.0908769067, 0.161329478, -0.0199700075, 0.897334157, 3.15172731e-005, -0.441351799, 0.4413518, -4.00533555e-005, 0.897334156, 1.06039052e-005, -0.999999999, -4.98514492e-005, 0.897334172, 1.14846236e-005, -0.441351769, 0.441351769, -5.34829492e-005, 0.89733417, -1.3299249e-005, -0.999999999, -5.30608369e-005, 0.128630542, -0.199093848, -0.0564603516, 0, 0, 0, 0, 0, 0, 0, 0.182490771, -0.138244873, -0.0376284668, 0, 0, 0, 0, 0, 0, 0, 1, 1, 1, 
175.689809, 0.1, 0.1, 0.0908769083, 0.161329481, -0.0199691361, 0.897333903, -3.83356463e-005, -0.441352313, 0.441352314, 3.46623307e-005, 0.897333903, -1.91015753e-005, -0.999999999, 4.80232108e-005, 0.897333979, -1.21901423e-005, -0.44135216, 0.44135216, 3.7537952e-005, 0.897333979, 5.62882729e-006, -0.999999999, 3.90642255e-005, 0.128630542, -0.199093848, -0.0564603516, 0, 0, 0, 0, 0, 0, 0, 0.182490771, -0.138244873, -0.0376284668, 0, 0, 0, 0, 0, 0, 0, 1, 1, 1, 
175.690517, 0.1, 0.1, 0.0908769045, 0.16132948, -0.01996837, 0.897333437, 2.86192442e-005, -0.441353262, 0.441353263, -2.86362452e-005, 0.897333437, 1.30423045e-005, -0.999999999, -3.83274571e-005, 0.897333548, -2.6899229e-006, -0.441353038, 0.441353038, -2.3351504e-005, 0.897333547, -1.27200153e-005, -1, -1.97668823e-005, 0.128630542, -0.199093848, -0.0564603516, 0, 0, 0, 0, 0, 0, 0, 0.182490771, -0.138244873, -0.0376284668, 0, 0, 0, 0, 0, 0, 0, 1, 1, 1, 
175.691223, 0.1, 0.1, 0.0908769097, 0.161329479, -0.0199678718, 0.897332867, -2.43099902e-005, -0.441354421, 0.441354422, 2.00665996e-005, 0.897332867, -1.29576708e-005, -1, 2.8735741e-005, 0.897332982, 1.29872973e-005, -0.441354189, 0.441354189, 1.90863368e-006, 0.897332982, 1.24963136e-005, -1, -4.01931809e-006, 0.128630542, -0.199093848, -0.0564603516, 0, 0, 0, 0, 0, 0, 0, 0.182490771, -0.138244873, -0.0376284668, 0, 0, 0, 0, 0, 0, 0, 1, 1, 1, 
175.691927, 0.1, 0.1, 0.0908769029, 0.161329485, -0.0199678268, 0.897332359, 2.95464968e-006, -0.441355454, 0.441355454, 2.27293418e-005, 0.897332359, 1.26830217e-005, -1, 1.90917231e-005, 0.897332454, -2.95596196e-005, -0.441355262, 0.441355263, 3.35443826e-005, 0.897332453, -1.17198162e-005, -0.999999999, 4.31467569e-005, 0.128630542, -0.199093848, -0.0564603516, 0, 0, 0, 0, 0, 0, 0, 0.182490771, -0.138244873, -0.0376284668, 0, 0, 0, 0, 0, 0, 0, 1, 1, 1, 
175.69263, 0.1, 0.1, 0.0908769085, 0.16132948, -0.0199682428, 0.897332096, -4.06474564e-006, -0.44135599, 0.441355989, -3.99974503e-005, 0.897332095, -2.1300541e-005, -0.999999999, -3.40969961e-005, 0.897332132, 2.44687137e-005, -0.441355915, 0.441355915, -3.92837854e-005, 0.897332132, 4.61843203e-006, -0.999999999, -4.60500145e-005, 0.128630542, -0.199093848, -0.0564603516, 0, 0, 0, 0, 0, 0, 0, 0.182490771, -0.138244873, -0.0376284668, 0, 0, 0, 0, 0, 0, 0, 1, 1, 1, 
175.693351, 0.1, 0.1, 0.0908769023, 0.161329483, -0.0199688902, 0.897332132, -9.75060578e-006, -0.441355915, 0.441355915, 4.36001947e-005, 0.897332131, 1.0493672e-005, -0.999999999, 4.34273432e-005, 0.897332103, -3.39793918e-005, -0.441355975, 0.441355976, 3.52167053e-005, 0.897332102, -1.49476958e-005, -0.999999999, 4.65980878e-005, 0.129141089, -0.199657153, -0.0556432861, 0, 0, 0, 0, 0, 0, 0, 0.182490771, -0.138244873, -0.0376284668, 0, 0, 0, 0, 0, 0, 0, 1, 1, 1, 
175.694067, 0.1, 0.1, 0.090876907, 0.161329481, -0.01996932, 0.897332456, 1.02590842e-005, -0.441355258, 0.441355258, -5.45836611e-005, 0.897332454, -1.48849766e-005, -0.999999998, -5.35075914e-005, 0.897332369, 2.78732646e-005, -0.441355434, 0.441355435, -3.66698069e-005, 0.897332368, 8.827164e-006, -0.999999999, -4.52070216e-005, 0.129141089, -0.199657153, -0.0556432861, 0, 0, 0, 0, 0, 0, 0, 0.182801025, -0.139217578, -0.0368449707, 0, 0, 0, 0, 0, 0, 0, 1, 1, 1, 
175.694772, 0.1, 0.1, 0.0908769053, 0.161329477, -0.0199697267, 0.897332981, -3.74789427e-006, -0.44135419, 0.44135419, 3.71488109e-005, 0.897332981, 1.30326742e-005, -0.999999999, 3.49890021e-005, 0.897332858, -1.67607986e-005, -0.44135444, 0.44135444, 8.73314795e-006, 0.897332858, -1.11856017e-005, -1, 1.52339935e-005, 0.129141089, -0.199657153, -0.0556432861, 0, 0, 0, 0, 0, 0, 0, 0.182801025, -0.139217578, -0.0368449707, 0, 0, 0, 0, 0, 0, 0, 1, 1, 1, 
175.69548, 0.1, 0.1, 0.0908769069, 0.161329482, -0.0199699777, 0.897333595, -1.26500471e-006, -0.441352942, 0.441352942, -2.47130432e-005, 0.897333595, -1.20423055e-005, -1, -2.16175303e-005, 0.897333472, 6.69240558e-006, -0.441353192, 0.441353192, 1.30014021e-005, 0.897333472, 1.17435298e-005, -1, 8.71287868e-006, 0.129141089, -0.199657153, -0.0556432861, 0, 0, 0, 0, 0, 0, 0, 0.182801025, -0.139217578, -0.0368449707, 0, 0, 0, 0, 0, 0, 0, 1, 1, 1, 
175.696197, 0.1, 0.1, 0.0908769078, 0.161329475, -0.0199698855, 0.897334143, 1.79862329e-005, -0.441351827, 0.441351827, -2.09177018e-006, 0.897334143, 1.52164543e-005, -1, -9.81527356e-006, 0.897334043, 7.0986054e-006, -0.44135203, 0.44135203, -3.24223515e-005, 0.897334043, -7.93985038e-006, -0.999999999, -3.22266637e-005, 0.129141089, -0.199657153, -0.0556432861, 0, 0, 0, 0, 0, 0, 0, 0.182966895, -0.140505176, -0.0359280762, 0, 0, 0, 0, 0, 0, 0, 1, 1, 1, 
175.6969, 0.1, 0.1, 0.0908769072, 0.161329483, -0.0199695377, 0.897334447, -3.21507181e-005, -0.441351209, 0.44135121, 2.45548259e-005, 0.897334447, -1.80126448e-005, -0.999999999, 3.62236494e-005, 0.897334402, -1.5574956e-005, -0.4413513, 0.4413513, 4.6517071e-005, 0.897334401, 6.55442594e-006, -0.999999999, 4.86153952e-005, 0.129141089, -0.199657153, -0.0556432861, 0, 0, 0, 0, 0, 0, 0, 0.182966895, -0.140505176, -0.0359280762, 0, 0, 0, 0, 0, 0, 0, 1, 1, 1, 
175.697605, 0.1, 0.1, 0.0908769062, 0.161329477, -0.0199691506, 0.897334457, 2.9249389e-005, -0.441351188, 0.441351189, -3.30474378e-005, 0.897334456, 1.16609586e-005, -0.999999999, -4.25638573e-005, 0.897334477, 8.426907e-006, -0.441351149, 0.441351149, -4.61410177e-005, 0.897334476, -1.2802637e-005, -0.999999999, -4.5123151e-005, 0.129141089, -0.199657153, -0.0556432861, 0, 0, 0, 0, 0, 0, 0, 0.182966895, -0.140505176, -0.0359280762, 0, 0, 0, 0, 0, 0, 0, 1, 1, 1, 
175.698321, 0.1, 0.1, 0.0908769074, 0.161329481, -0.0199687935, 0.897334176, -4.10360406e-005, -0.441351758, 0.441351759, 3.94127396e-005, 0.897334176, -1.94281598e-005, -0.999999998, 5.3477727e-005, 0.897334258, -1.48198498e-005, -0.441351594, 0.441351594, 4.29508232e-005, 0.897334257, 5.65805539e-006, -0.999999999, 4.50820094e-005, 0.129164648, -0.200744189, -0.0542906494, 0, 0, 0, 0, 0, 0, 0, 0.182966895, -0.140505176, -0.0359280762, 0, 0, 0, 0, 0, 0, 0, 1, 1, 1, 
175.699023, 0.1, 0.1, 0.090876903, 0.161329481, -0.0199685516, 0.897333686, 2.59873126e-005, -0.441352757, 0.441352757, -2.69261198e-005, 0.897333685, 1.14353738e-005, -0.999999999, -3.56312864e-005, 0.897333803, -5.82211649e-006, -0.44135252, 0.441352519, -2.07703826e-005, 0.897333803, -1.43914426e-005, -1, -1.60683607e-005, 0.129164648, -0.200744189, -0.0542906494, 0, 0, 0, 0, 0, 0, 0, 0.182966895, -0.140505176, -0.0359280762, 0, 0, 0, 0, 0, 0, 0, 1, 1, 1, 
175.699727, 0.1, 0.1, 0.0908769083, 0.161329479, -0.0199685277, 0.897333093, -2.14012532e-005, -0.441353963, 0.441353963, 1.83803801e-005, 0.897333093, -1.10917992e-005, -1, 2.59388512e-005, 0.89733321, 1.39425625e-005, -0.441353724, 0.441353724, 5.99489214e-007, 0.89733321, 1.27757112e-005, -1, -5.61566029e-006, 0.129164648, -0.200744189, -0.0542906494, 0, 0, 0, 0, 0, 0, 0, 0.182966895, -0.140505176, -0.0359280762, 0, 0, 0, 0, 0, 0, 0, 1, 1, 1, 
175.700434, 0.1, 0.1, 0.0908769026, 0.161329485, -0.0199687641, 0.897332567, 8.47889497e-006, -0.441355031, 0.441355031, 2.24596444e-005, 0.897332567, 1.75210656e-005, -1, 1.64115674e-005, 0.897332665, -2.37070997e-005, -0.441354832, 0.441354833, 3.26054846e-005, 0.897332664, -6.8825668e-006, -0.999999999, 3.97212094e-005, 0.129164648, -0.200744189, -0.0542906494, 0, 0, 0, 0, 0, 0, 0, 0.182966895, -0.140505176, -0.0359280762, 0, 0, 0, 0, 0, 0, 0, 1, 1, 1, 
175.701162, 0.1, 0.1, 0.0908769097, 0.16132948, -0.0199688615, 0.897332282, 1.54785306e-006, -0.44135561, 0.44135561, -3.84178048e-005, 0.897332282, -1.55669752e-005, -0.999999999, -3.51566901e-005, 0.897332321, 2.96600098e-005, -0.441355531, 0.441355532, -3.85550052e-005, 0.89733232, 9.59842056e-006, -0.999999999, -4.76872617e-005, 0.129419507, -0.202263428, -0.0535108154, 0, 0, 0, 0, 0, 0, 0, 0.18309126, -0.141757861, -0.0353614746, 0, 0, 0, 0, 0, 0, 0, 1, 1, 1, 
175.702274, 0.1, 0.1, 0.0908769, 0.161329493, -0.0199647176, 0.897332457, 8.59329884e-006, -0.441355256, 0.441355254, 7.78832608e-005, 0.897332454, 4.20852324e-005, -0.999999997, 6.60944802e-005, 0.897332376, -3.50681571e-005, -0.441355419, 0.441355421, 7.1115251e-005, 0.897332373, -8.0691242e-008, -0.999999997, 7.92915384e-005, 0.129419507, -0.202263428, -0.0535108154, 0, 0, 0, 0, 0, 0, 0, 0.18309126, -0.141757861, -0.0353614746, 0, 0, 0, 0, 0, 0, 0, 1, 1, 1, 
175.703439, 0.1, 0.1, 0.0908769111, 0.16132949, -0.0199538256, 0.897333371, -1.47059676e-005, -0.441353397, 0.441353396, -3.4613932e-005, 0.897333371, -2.84731319e-005, -0.999999999, -2.45697076e-005, 0.897333132, 1.31392725e-005, -0.441353883, 0.441353884, -4.69360232e-005, 0.897333131, -8.92509157e-006, -0.999999999, -4.79163177e-005, 0.129419507, -0.202263428, -0.0535108154, 0, 0, 0, 0, 0, 0, 0, 0.18309126, -0.141757861, -0.0353614746, 0, 0, 0, 0, 0, 0, 0, 1, 1, 1, 
175.704528, 0.1, 0.1, 0.0908769098, 0.161329494, -0.0199428951, 0.897334716, 6.00568038e-006, -0.441350663, 0.441350663, -2.00271969e-005, 0.897334716, -3.44991113e-006, -1, -2.06217101e-005, 0.897334518, -5.75079843e-007, -0.441351065, 0.441351065, -1.55995748e-005, 0.897334518, -7.40092793e-006, -1, -1.37442248e-005, 0.129419507, -0.202263428, -0.0535108154, 0, 0, 0, 0, 0, 0, 0, 0.18309126, -0.141757861, -0.0353614746, 0, 0, 0, 0, 0, 0, 0, 1, 1, 1, 
175.705236, 0.1, 0.1, 0.0908769078, 0.161329496, -0.0199425331, 0.897335364, -3.79624849e-005, -0.441349344, 0.441349344, -2.11447127e-005, 0.897335364, -4.33972853e-005, -0.999999999, -2.21918071e-006, 0.89733527, -3.74718049e-005, -0.441349534, 0.441349535, 8.31500694e-006, 0.897335271, -2.99549478e-005, -0.999999999, 2.39995127e-005, 0.129419507, -0.202263428, -0.0535108154, 0, 0, 0, 0, 0, 0, 0, 0.18309126, -0.141757861, -0.0353614746, 0, 0, 0, 0, 0, 0, 0, 1, 1, 1, 
175.705966, 0.1, 0.1, 0.0908769094, 0.161329499, -0.0199499926, 0.897335754, 3.34849863e-005, -0.44134855, 0.441348549, 4.78630068e-005, 0.897335754, 5.11715441e-005, -0.999999998, 2.81706372e-005, 0.897335681, 2.7671151e-005, -0.4413487, 0.441348698, 5.26431858e-005, 0.897335681, 4.80643127e-005, -0.999999998, 3.50259825e-005, 0.129985596, -0.203457764, -0.0527608887, 0, 0, 0, 0, 0, 0, 0, 0.183437891, -0.142918896, -0.0348512695, 0, 0, 0, 0, 0, 0, 0, 1, 1, 1, 
175.706671, 0.1, 0.1, 0.0908769089, 0.161329491, -0.0199620898, 0.897336225, -3.861536e-005, -0.441347592, 0.441347589, -6.82460456e-005, 0.897336225, -6.47711893e-005, -0.999999997, -4.41968529e-005, 0.897336115, -2.55729601e-005, -0.441347818, 0.441347816, -6.9703349e-005, 0.897336114, -5.37109616e-005, -0.999999997, -5.12607623e-005, 0.129985596, -0.203457764, -0.0527608887, 0, 0, 0, 0, 0, 0, 0, 0.183437891, -0.142918896, -0.0348512695, 0, 0, 0, 0, 0, 0, 0, 1, 1, 1, 
175.707375, 0.1, 0.1, 0.0908769047, 0.161329491, -0.0199751148, 0.897336893, 1.20759255e-005, -0.441346236, 0.441346235, 3.11192148e-005, 0.897336893, 2.45705218e-005, -0.999999999, 2.25947553e-005, 0.897336741, -7.82604137e-006, -0.441346545, 0.441346545, 2.24795148e-005, 0.897336741, 2.89866171e-006, -1, 2.36256908e-005, 0.129985596, -0.203457764, -0.0527608887, 0, 0, 0, 0, 0, 0, 0, 0.183437891, -0.142918896, -0.0348512695, 0, 0, 0, 0, 0, 0, 0, 1, 1, 1, 
175.70808, 0.1, 0.1, 0.0908769127, 0.161329491, -0.019985165, 0.897337722, 3.74776987e-005, -0.441344548, 0.441344549, -2.21934517e-005, 0.897337723, 2.38351939e-005, -0.999999999, -3.64555994e-005, 0.897337549, 4.49565694e-005, -0.441344901, 0.441344902, -1.03234141e-005, 0.89733755, 3.57850316e-005, -0.999999999, -2.91049398e-005, 0.129985596, -0.203457764, -0.0527608887, 0, 0, 0, 0, 0, 0, 0, 0.183437891, -0.142918896, -0.0348512695, 0, 0, 0, 0, 0, 0, 0, 1, 1, 1, 
175.708784, 0.1, 0.1, 0.0908769115, 0.161329485, -0.0199896666, 0.897338642, -3.36856581e-005, -0.441342678, 0.441342678, -2.32738598e-005, 0.897338643, -4.04991903e-005, -0.999999999, -6.01761516e-006, 0.897338453, -2.28408307e-005, -0.441343065, 0.441343064, -3.22755842e-005, 0.897338453, -3.4740561e-005, -0.999999999, -1.88814805e-005, 0.129985596, -0.203457764, -0.0527608887, 0, 0, 0, 0, 0, 0, 0, 0.183437891, -0.142918896, -0.0348512695, 0, 0, 0, 0, 0, 0, 0, 1, 1, 1, 
175.709489, 0.1, 0.1, 0.0908769042, 0.161329487, -0.0199878656, 0.897339626, -2.20668542e-005, -0.44134068, 0.44134068, 2.50421667e-005, 0.897339625, -8.7493358e-006, -0.999999999, 3.2210329e-005, 0.897339428, -3.47213197e-005, -0.441341081, 0.441341081, 1.97038983e-005, 0.897339428, -2.24606694e-005, -0.999999999, 3.30050296e-005, 0.129985596, -0.203457764, -0.0527608887, 0, 0, 0, 0, 0, 0, 0, 0.183437891, -0.142918896, -0.0348512695, 0, 0, 0, 0, 0, 0, 0, 1, 1, 1, 
175.710201, 0.1, 0.1, 0.0908769081, 0.161329488, -0.0199806029, 0.897340671, 3.05410696e-005, -0.441338555, 0.441338556, -2.01143905e-005, 0.897340671, 1.85284879e-005, -0.999999999, -3.15284122e-005, 0.897340441, 3.12725306e-005, -0.441339022, 0.441339022, -4.65156303e-006, 0.897340441, 2.60091902e-005, -1, -1.79758237e-005, 0.129985596, -0.203457764, -0.0527608887, 0, 0, 0, 0, 0, 0, 0, 0.183437891, -0.142918896, -0.0348512695, 0, 0, 0, 0, 0, 0, 0, 1, 1, 1, 
175.710918, 0.1, 0.1, 0.0908769063, 0.161329485, -0.019970442, 0.897341802, -2.97438198e-005, -0.441336254, 0.441336255, 1.63886782e-005, 0.897341802, -1.9457455e-005, -0.999999999, 2.78332721e-005, 0.897341575, -2.507147e-005, -0.441336716, 0.441336716, -1.27777019e-005, 0.897341576, -2.81369414e-005, -1, -4.01002925e-007, 0.131132178, -0.204077466, -0.0518237305, 0, 0, 0, 0, 0, 0, 0, 0.183994824, -0.14369668, -0.0341195312, 0, 0, 0, 0, 0, 0, 0, 1, 1, 1, 
175.711632, 0.1, 0.1, 0.090876909, 0.161329493, -0.019960926, 0.897343063, 3.29952322e-005, -0.441333691, 0.441333691, 7.46053718e-006, 0.897343063, 3.29006291e-005, -0.999999999, -7.86724632e-006, 0.897342809, 3.00386695e-005, -0.441334208, 0.441334206, 3.96652837e-005, 0.897342809, 4.44606306e-005, -0.999999999, 2.23362647e-005, 0.131132178, -0.204077466, -0.0518237305, 0, 0, 0, 0, 0, 0, 0, 0.183994824, -0.14369668, -0.0341195312, 0, 0, 0, 0, 0, 0, 0, 1, 1, 1, 
175.712341, 0.1, 0.1, 0.0908769037, 0.161329488, -0.0199547637, 0.897344478, -4.66858754e-005, -0.441330813, 0.441330813, -1.66663383e-006, 0.897344479, -4.26288494e-005, -0.999999999, 1.91083707e-005, 0.897344184, -5.19655513e-005, -0.441331409, 0.441331408, -1.51330788e-005, 0.897344186, -5.33096884e-005, -0.999999999, 9.35444969e-006, 0.131132178, -0.204077466, -0.0518237305, 0, 0, 0, 0, 0, 0, 0, 0.183994824, -0.14369668, -0.0341195312, 0, 0, 0, 0, 0, 0, 0, 1, 1, 1, 
175.713069, 0.1, 0.1, 0.0908769095, 0.161329491, -0.0199530637, 0.897345907, 3.1125172e-005, -0.441327908, 0.441327907, 3.97802663e-005, 0.897345907, 4.54861874e-005, -0.999999999, 2.19602522e-005, 0.897345657, 5.06829664e-005, -0.441328414, 0.441328413, 2.29380805e-005, 0.897345659, 5.56033666e-005, -0.999999998, -1.78444619e-006, 0.132267896, -0.204476611, -0.0510596436, 0, 0, 0, 0, 0, 0, 0, 0.184320215, -0.144449561, -0.0336012695, 0, 0, 0, 0, 0, 0, 0, 1, 1, 1, 
175.713773, 0.1, 0.1, 0.0908769053, 0.161329488, -0.019956271, 0.897346842, -1.31842742e-005, -0.441326008, 0.441326006, -6.24447525e-005, 0.897346841, -3.93893601e-005, -0.999999998, -5.02160384e-005, 0.897346696, -2.86620465e-005, -0.441326303, 0.441326302, -4.90691571e-005, 0.897346696, -4.73753024e-005, -0.999999998, -3.1382731e-005, 0.132267896, -0.204476611, -0.0510596436, 0, 0, 0, 0, 0, 0, 0, 0.184320215, -0.144449561, -0.0336012695, 0, 0, 0, 0, 0, 0, 0, 1, 1, 1, 
175.714476, 0.1, 0.1, 0.09087691, 0.161329487, -0.0199631498, 0.897347332, 1.23553206e-005, -0.441325011, 0.44132501, 4.44155993e-005, 0.897347331, 3.06887289e-005, -0.999999999, 3.44035075e-005, 0.897347269, 2.78650403e-005, -0.441325139, 0.441325138, 2.86954339e-005, 0.897347269, 3.76686341e-005, -0.999999999, 1.34522265e-005, 0.132267896, -0.204476611, -0.0510596436, 0, 0, 0, 0, 0, 0, 0, 0.184320215, -0.144449561, -0.0336012695, 0, 0, 0, 0, 0, 0, 0, 1, 1, 1, 
175.715177, 0.1, 0.1, 0.0908769052, 0.161329488, -0.0199711955, 0.897347459, -1.50413242e-005, -0.441324754, 0.441324753, -3.67198579e-005, 0.897347458, -2.97026763e-005, -0.999999999, -2.63123625e-005, 0.897347458, -3.26371238e-005, -0.441324755, 0.441324755, -1.18889674e-005, 0.897347458, -3.45337357e-005, -0.999999999, 3.735036e-006, 0.132267896, -0.204476611, -0.0510596436, 0, 0, 0, 0, 0, 0, 0, 0.184320215, -0.144449561, -0.0336012695, 0, 0, 0, 0, 0, 0, 0, 1, 1, 1, 
175.715882, 0.1, 0.1, 0.0908769115, 0.16132948, -0.0199779868, 0.897347306, 3.54631014e-005, -0.441325063, 0.441325063, -2.51014634e-005, 0.897347306, 2.07448136e-005, -0.999999999, -3.8175486e-005, 0.897347347, 4.33613908e-005, -0.441324979, 0.44132498, -3.71910876e-005, 0.897347347, 2.2496873e-005, -0.999999998, -5.25097887e-005, 0.132267896, -0.204476611, -0.0510596436, 0, 0, 0, 0, 0, 0, 0, 0.184320215, -0.144449561, -0.0336012695, 0, 0, 0, 0, 0, 0, 0, 1, 1, 1, 
175.716586, 0.1, 0.1, 0.0908769089, 0.161329483, -0.0199817316, 0.897347094, -2.79338962e-005, -0.441325495, 0.441325495, 3.91948659e-005, 0.897347093, -7.76870698e-006, -0.999999999, 4.74993396e-005, 0.897347127, -2.87857729e-005, -0.441325427, 0.441325428, 3.27848735e-005, 0.897347127, -1.13620323e-005, -0.999999999, 4.21233056e-005, 0.132267896, -0.204476611, -0.0510596436, 0, 0, 0, 0, 0, 0, 0, 0.184320215, -0.144449561, -0.0336012695, 0, 0, 0, 0, 0, 0, 0, 1, 1, 1, 
175.717291, 0.1, 0.1, 0.090876907, 0.161329487, -0.0199815834, 0.897346986, 1.22432042e-006, -0.441325715, 0.441325715, -1.9654252e-005, 0.897346986, -7.57528656e-006, -1, -1.81770078e-005, 0.89734701, -8.01561828e-006, -0.441325667, 0.441325667, 2.72953342e-006, 0.89734701, -5.98817794e-006, -1, 5.98683674e-006, 0.132267896, -0.204476611, -0.0510596436, 0, 0, 0, 0, 0, 0, 0, 0.184320215, -0.144449561, -0.0336012695, 0, 0, 0, 0, 0, 0, 0, 1, 1, 1, 
175.718021, 0.1, 0.1, 0.0908769114, 0.161329479, -0.0199774436, 0.897346779, 9.96657038e-006, -0.441326135, 0.441326136, -2.57410038e-005, 0.897346779, -2.41670791e-006, -1, -2.74971149e-005, 0.897346821, 2.52152941e-005, -0.441326049, 0.44132605, -3.38361523e-005, 0.897346821, 7.69408855e-006, -0.999999999, -4.14909298e-005, 0.133254102, -0.205493237, -0.050154834, 0, 0, 0, 0, 0, 0, 0, 0.184914746, -0.145363916, -0.0328893066, 0, 0, 0, 0, 0, 0, 0, 1, 1, 1, 
175.718727, 0.1, 0.1, 0.0908769087, 0.161329485, -0.0199712337, 0.897346657, -1.96310087e-005, -0.441326383, 0.441326383, 4.32018373e-005, 0.897346656, 1.45029062e-006, -0.999999999, 4.74307064e-005, 0.897346679, -1.77868486e-005, -0.44132634, 0.44132634, 4.62478706e-005, 0.897346677, 4.44943397e-006, -0.999999999, 4.93501778e-005, 0.133254102, -0.205493237, -0.050154834, 0, 0, 0, 0, 0, 0, 0, 0.184914746, -0.145363916, -0.0328893066, 0, 0, 0, 0, 0, 0, 0, 1, 1, 1, 
175.719449, 0.1, 0.1, 0.0908769104, 0.161329483, -0.0199646583, 0.897346446, 4.19113753e-005, -0.441326811, 0.441326812, -3.12314958e-005, 0.897346446, 2.38257272e-005, -0.999999999, -4.65220855e-005, 0.897346503, 3.26359114e-005, -0.441326697, 0.441326698, -2.84529573e-005, 0.897346502, 1.67286713e-005, -0.999999999, -3.99352607e-005, 0.133254102, -0.205493237, -0.050154834, 0, 0, 0, 0, 0, 0, 0, 0.184914746, -0.145363916, -0.0328893066, 0, 0, 0, 0, 0, 0, 0, 1, 1, 1, 
175.72015, 0.1, 0.1, 0.0908769078, 0.161329481, -0.0199599799, 0.897346181, -4.51779728e-005, -0.44132735, 0.44132735, 9.27924219e-006, 0.897346182, -3.6445098e-005, -0.999999999, 2.82649676e-005, 0.89734623, -4.37040909e-005, -0.441327251, 0.441327252, 5.71996852e-006, 0.89734623, -3.66933233e-005, -0.999999999, 2.44205985e-005, 0.133254102, -0.205493237, -0.050154834, 0, 0, 0, 0, 0, 0, 0, 0.184914746, -0.145363916, -0.0328893066, 0, 0, 0, 0, 0, 0, 0, 1, 1, 1, 
175.720854, 0.1, 0.1, 0.0908769081, 0.161329482, -0.019958327, 0.897345964, -4.79947411e-006, -0.441327794, 0.441327794, 1.22068694e-005, 0.897345964, 1.08044202e-006, -1, 1.30719263e-005, 0.897346007, 1.60583202e-005, -0.441327705, 0.441327705, 2.49840486e-006, 0.897346007, 1.55124848e-005, -1, -4.84504795e-006, 0.133254102, -0.205493237, -0.050154834, 0, 0, 0, 0, 0, 0, 0, 0.184914746, -0.145363916, -0.0328893066, 0, 0, 0, 0, 0, 0, 0, 1, 1, 1, 
175.721558, 0.1, 0.1, 0.0908769043, 0.161329479, -0.0199600442, 0.897345607, 1.17795864e-005, -0.441328519, 0.441328519, -1.06290449e-005, 0.897345607, 5.87945952e-006, -1, -1.47365941e-005, 0.897345693, -1.0285229e-005, -0.441328344, 0.441328344, -2.73321531e-005, 0.897345693, -2.12918598e-005, -1, -1.99872268e-005, 0.133254102, -0.205493237, -0.050154834, 0, 0, 0, 0, 0, 0, 0, 0.184914746, -0.145363916, -0.0328893066, 0, 0, 0, 0, 0, 0, 0, 1, 1, 1, 
175.722281, 0.1, 0.1, 0.0908769054, 0.161329478, -0.0199644824, 0.897345115, -1.0221147e-005, -0.441329519, 0.441329519, -3.13104232e-005, 0.897345115, -2.29901103e-005, -0.999999999, -2.35853615e-005, 0.897345219, -2.75764176e-006, -0.441329308, 0.441329308, -2.00886866e-005, 0.897345219, -1.13402828e-005, -1, -1.68094588e-005, 0.133254102, -0.205493237, -0.050154834, 0, 0, 0, 0, 0, 0, 0, 0.184914746, -0.145363916, -0.0328893066, 0, 0, 0, 0, 0, 0, 0, 1, 1, 1, 
175.722999, 0.1, 0.1, 0.0908769049, 0.161329481, -0.0199696474, 0.897344702, 3.67408296e-006, -0.441330359, 0.441330359, 4.6227792e-005, 0.897344701, 2.36986469e-005, -0.999999999, 3.98607799e-005, 0.897344779, 3.74354403e-006, -0.441330203, 0.441330202, 4.28165282e-005, 0.897344778, 2.22554768e-005, -0.999999999, 3.6769049e-005, 0.133515796, -0.206805591, -0.0490876953, 0, 0, 0, 0, 0, 0, 0, 0.185313623, -0.146621484, -0.0321856445, 0, 0, 0, 0, 0, 0, 0, 1, 1, 1, 
175.723702, 0.1, 0.1, 0.0908769053, 0.161329481, -0.0199742555, 0.897344285, 1.584144e-005, -0.441331206, 0.441331206, -2.36867068e-005, 0.897344285, 3.76154281e-006, -1, -2.82464528e-005, 0.897344378, 5.12021107e-006, -0.441331018, 0.441331018, -2.26360636e-005, 0.897344378, -5.39540437e-006, -1, -2.25720524e-005, 0.133515796, -0.206805591, -0.0490876953, 0, 0, 0, 0, 0, 0, 0, 0.185313623, -0.146621484, -0.0321856445, 0, 0, 0, 0, 0, 0, 0, 1, 1, 1, 
175.724408, 0.1, 0.1, 0.0908769054, 0.16132948, -0.0199771065, 0.897343842, -9.90190268e-006, -0.441332108, 0.441332108, 1.14076807e-005, 0.897343842, -3.85083561e-006, -1, 1.46066396e-005, 0.897343925, -1.03901406e-005, -0.441331938, 0.441331938, 8.93509513e-006, 0.897343925, -5.38018668e-006, -1, 1.26033542e-005, 0.133515796, -0.206805591, -0.0490876953, 0, 0, 0, 0, 0, 0, 0, 0.185313623, -0.146621484, -0.0321856445, 0, 0, 0, 0, 0, 0, 0, 1, 1, 1, 
175.725114, 0.1, 0.1, 0.0908769057, 0.16132948, -0.019977431, 0.897343492, -6.11263598e-006, -0.441332818, 0.441332818, 1.40959348e-006, 0.897343492, -4.86303426e-006, -1, 3.9625964e-006, 0.897343556, 3.36917412e-006, -0.441332689, 0.441332689, -4.50330664e-006, 0.897343556, 1.03585026e-006, -1, -5.52793987e-006, 0.133515796, -0.206805591, -0.0490876953, 0, 0, 0, 0, 0, 0, 0, 0.185313623, -0.146621484, -0.0321856445, 0, 0, 0, 0, 0, 0, 0, 1, 1, 1, 
