time, realDorsalTactorPos, realVentralTactorPos, boxPosX, boxPosY, boxPosZ, boxLocalRot_11, boxLocalRot_12, boxLocalRot_13, boxLocalRot_21, boxLocalRot_22, boxLocalRot_23, boxLocalRot_31, boxLocalRot_32, boxLocalRot_33, boxGlobalRot_11, boxGlobalRot_12, boxGlobalRot_13], boxGlobalRot_21, boxGlobalRot_22, boxGlobalRot_23, boxGlobalRot_31, boxGlobalRot_32, boxGlobalRot_33, indexPosX, indexPosY, indexPosZ, indexContact, indexForceX, indexForceY, indexForceZ, indexForceGlobalX, indexForceGlobalY, indexForceGlobalZ, thumbPosX, thumbPosY, thumbPosZ, thumbContact, thumbForceX, thumbForceY, thumbForceZ, thumbForceGlobalX, thumbForceGlobalY, thumbForceGlobalZ, hoopSuccess, targetSuccess, trialSuccess, 
55.53822, 0.1, 0.1, 0.125185515, 0.171184826, -0.0199751646, -4.55155254e-006, 0.690248731, 0.723572173, -1.23851777e-005, 0.723572173, -0.690248731, -1, -1.21032733e-005, 5.25547642e-006, 1.13178079e-006, 0.690248505, 0.723572388, -5.89375086e-006, 0.723572388, -0.690248505, -1, -3.48334539e-006, 4.88707805e-006, 0.129182397, -0.0322119141, -0.14823772, 0, -0, 0, 0, 0, 0, 0, 0.184323145, 0.0137674805, -0.139616602, 0, 0, 0, 0, 0, 0, 0, 1, 1, 1, 
55.5536963, 0.1, 0.1, 0.125183822, 0.171183301, -0.0199684609, 3.82484249e-005, 0.690268235, 0.723553566, -4.09635427e-005, 0.723553567, -0.690268233, -0.999999998, -3.23764472e-006, 5.59506166e-005, 3.20268703e-005, 0.690268163, 0.723553634, -4.94469377e-005, 0.723553635, -0.690268161, -0.999999998, -1.36703826e-005, 5.73048053e-005, 0.132551465, -0.046162915, -0.147200391, 0, -0, 0, 0, 0, 0, 0, 0.186037451, -0.00026694336, -0.135773389, 0, 0, 0, 0, 0, 0, 0, 1, 1, 1, 
55.5544136, 0.1, 0.1, 0.12518376, 0.171183246, -0.0199640934, -4.21994539e-005, 0.690268314, 0.72355349, 1.66613265e-005, 0.723553491, -0.690268314, -0.999999999, -1.7073585e-005, -4.2034348e-005, -1.92295363e-005, 0.690268348, 0.723553459, 2.94034614e-005, 0.723553459, -0.690268347, -0.999999999, 8.00143596e-006, -3.42098762e-005, 0.132551465, -0.046162915, -0.147200391, 0, -0, 0, 0, 0, 0, 0, 0.186037451, -0.00026694336, -0.135773389, 0, 0, 0, 0, 0, 0, 0, 1, 1, 1, 
55.5551212, 0.1, 0.1, 0.125183697, 0.171183188, -0.0199614841, 3.04177974e-005, 0.690267967, 0.723553822, -3.91876132e-006, 0.723553822, -0.690267967, -1, 1.81609964e-005, 2.4713909e-005, 2.12166128e-005, 0.690268063, 0.723553731, -1.0734744e-005, 0.723553731, -0.690268063, -1, 6.87798612e-006, 2.27612103e-005, 0.132551465, -0.046162915, -0.147200391, 0, -0, 0, 0, 0, 0, 0, 0.186037451, -0.00026694336, -0.135773389, 0, 0, 0, 0, 0, 0, 0, 1, 1, 1, 
55.5558281, 0.1, 0.1, 0.125183634, 0.171183131, -0.0199612999, -2.19907141e-005, 0.690267362, 0.723554399, -2.33577482e-005, 0.723554398, -0.690267363, -0.999999999, -3.20800737e-005, 2.11613356e-007, -3.38353419e-005, 0.690267498, 0.723554269, -1.4432843e-005, 0.723554269, -0.690267498, -0.999999999, -3.37983819e-005, -1.45191836e-005, 0.132551465, -0.046162915, -0.147200391, 0, -0, 0, 0, 0, 0, 0, 0.186037451, -0.00026694336, -0.135773389, 0, 0, 0, 0, 0, 0, 0, 1, 1, 1, 
55.5565585, 0.1, 0.1, 0.125183574, 0.171183076, -0.0199632479, 1.63333452e-005, 0.690266638, 0.72355509, 1.14810119e-006, 0.72355509, -0.690266638, -1, 1.21050778e-005, 1.10255791e-005, 2.31394587e-005, 0.690266753, 0.72355498, 1.1034848e-005, 0.72355498, -0.690266753, -1, 2.39567182e-005, 9.12568188e-006, 0.133475293, -0.0488941895, -0.146830786, 0, -0, 0, 0, 0, 0, 0, 0.186466699, -0.00292026367, -0.135067773, 0, 0, 0, 0, 0, 0, 0, 1, 1, 1, 
55.557266, 0.1, 0.1, 0.125183511, 0.171183022, -0.0199667695, 1.19543125e-006, 0.690266264, 0.723555447, 1.52163826e-005, 0.723555447, -0.690266264, -1, 1.18350623e-005, -9.63839475e-006, -2.35470604e-005, 0.690266319, 0.723555394, 9.52638703e-006, 0.723555394, -0.690266319, -1, -9.36087399e-006, -2.36133467e-005, 0.133475293, -0.0488941895, -0.146830786, 0, -0, 0, 0, 0, 0, 0, 0.186466699, -0.00292026367, -0.135067773, 0, 0, 0, 0, 0, 0, 0, 1, 1, 1, 
55.5579727, 0.1, 0.1, 0.125183456, 0.171182966, -0.0199707568, -9.38377099e-006, 0.69026622, 0.723555488, -1.43065175e-005, 0.723555488, -0.690266221, -1, -1.68288594e-005, 3.08562675e-006, 9.48019024e-006, 0.690266204, 0.723555504, -1.97002445e-005, 0.723555504, -0.690266204, -1, -7.71036539e-006, 2.04578568e-005, 0.133475293, -0.0488941895, -0.146830786, 0, -0, 0, 0, 0, 0, 0, 0.186466699, -0.00292026367, -0.135067773, 0, 0, 0, 0, 0, 0, 0, 1, 1, 1, 
55.5586828, 0.1, 0.1, 0.125183393, 0.171182918, -0.0199739896, -6.92228145e-006, 0.690266525, 0.723555198, 3.07499014e-005, 0.723555197, -0.690266525, -1, 1.74710318e-005, -2.62342803e-005, -1.59687931e-005, 0.690266445, 0.723555274, 3.97884066e-005, 0.723555274, -0.690266444, -0.999999999, 1.77663895e-005, -3.90189065e-005, 0.133475293, -0.0488941895, -0.146830786, 0, -0, 0, 0, 0, 0, 0, 0.186466699, -0.00292026367, -0.135067773, 0, 0, 0, 0, 0, 0, 0, 1, 1, 1, 
55.5593925, 0.1, 0.1, 0.125183339, 0.171182859, -0.0199755438, 3.12599624e-005, 0.690266942, 0.723554799, -4.09787533e-005, 0.7235548, -0.690266941, -0.999999999, -8.07265496e-006, 5.09045746e-005, 2.62200538e-005, 0.690266875, 0.723554864, -4.60223737e-005, 0.723554864, -0.690266873, -0.999999999, -1.52008778e-005, 5.07393676e-005, 0.133475293, -0.0488941895, -0.146830786, 0, -0, 0, 0, 0, 0, 0, 0.186466699, -0.00292026367, -0.135067773, 0, 0, 0, 0, 0, 0, 0, 1, 1, 1, 
55.5600981, 0.1, 0.1, 0.125183282, 0.171182807, -0.019975125, -4.64792699e-005, 0.690267066, 0.723554681, 2.24597211e-005, 0.723554682, -0.690267066, -0.999999999, -1.58322729e-005, -4.91334991e-005, -1.98285821e-005, 0.690267083, 0.723554665, 2.02060234e-005, 0.723554665, -0.690267083, -1, 9.33144988e-007, -2.82946159e-005, 0.133475293, -0.0488941895, -0.146830786, 0, -0, 0, 0, 0, 0, 0, 0.186466699, -0.00292026367, -0.135067773, 0, 0, 0, 0, 0, 0, 0, 1, 1, 1, 
55.5608123, 0.1, 0.1, 0.125183217, 0.17118276, -0.0199729125, 5.92598093e-006, 0.690266998, 0.723554747, 2.28031093e-005, 0.723554746, -0.690266998, -1, 2.05898071e-005, -1.14524622e-005, -2.83809334e-005, 0.690267012, 0.723554732, 2.38821446e-005, 0.723554733, -0.690267012, -0.999999999, -2.31038335e-006, -3.70202154e-005, 0.133475293, -0.0488941895, -0.146830786, 0, -0, 0, 0, 0, 0, 0, 0.186466699, -0.00292026367, -0.135067773, 0, 0, 0, 0, 0, 0, 0, 1, 1, 1, 
55.5615477, 0.1, 0.1, 0.12518317, 0.171182703, -0.0199693676, 2.98607489e-005, 0.69026724, 0.723554515, -4.12333773e-005, 0.723554516, -0.690267239, -0.999999999, -9.22269965e-006, 5.00679293e-005, 5.44042693e-005, 0.690267172, 0.723554578, -3.10857671e-005, 0.72355458, -0.690267172, -0.999999998, 1.5061232e-005, 6.08219428e-005, 0.133974854, -0.0518268555, -0.146809277, 0, -0, 0, 0, 0, 0, 0, 0.186632666, -0.00575849609, -0.134525586, 0, 0, 0, 0, 0, 0, 0, 1, 1, 1, 
55.5622556, 0.1, 0.1, 0.125183111, 0.171182651, -0.0199660468, -1.19412068e-005, 0.690267859, 0.723553925, 2.20026455e-005, 0.723553925, -0.690267858, -1, 7.67746921e-006, -2.38278261e-005, -1.96017096e-005, 0.690267711, 0.723554066, 1.98201715e-005, 0.723554066, -0.690267711, -1, 8.10538439e-007, -2.78641211e-005, 0.133974854, -0.0518268555, -0.146809277, 0, -0, 0, 0, 0, 0, 0, 0.186632666, -0.00575849609, -0.134525586, 0, 0, 0, 0, 0, 0, 0, 1, 1, 1, 
55.5629591, 0.1, 0.1, 0.125183059, 0.171182598, -0.0199638991, 2.19444603e-005, 0.690268575, 0.723553242, -6.06696543e-006, 0.723553242, -0.690268575, -1, 1.07577988e-005, 2.0065821e-005, 1.74453275e-005, 0.690268453, 0.723553359, -2.65595487e-005, 0.723553359, -0.690268452, -0.999999999, -7.17529151e-006, 3.09558439e-005, 0.133974854, -0.0518268555, -0.146809277, 0, -0, 0, 0, 0, 0, 0, 0.186632666, -0.00575849609, -0.134525586, 0, 0, 0, 0, 0, 0, 0, 1, 1, 1, 
55.5636784, 0.1, 0.1, 0.125183004, 0.171182549, -0.0199634743, 1.95734138e-006, 0.690268958, 0.723552876, -3.98598714e-006, 0.723552876, -0.690268958, -1, -1.53298046e-006, 4.16764318e-006, -4.64035977e-006, 0.690268902, 0.72355293, -8.44929159e-006, 0.72355293, -0.690268902, -1, -9.31660573e-006, 2.47473732e-006, 0.133974854, -0.0518268555, -0.146809277, 0, -0, 0, 0, 0, 0, 0, 0.186632666, -0.00575849609, -0.134525586, 0, 0, 0, 0, 0, 0, 0, 1, 1, 1, 
55.5643986, 0.1, 0.1, 0.12518295, 0.1711825, -0.019964514, -4.99145114e-006, 0.690269248, 0.7235526, -3.52539819e-006, 0.7235526, -0.690269248, -1, -5.99625625e-006, -1.1781035e-006, 6.30184353e-006, 0.690269174, 0.723552671, -6.53138483e-006, 0.723552671, -0.690269174, -1, -3.75832605e-007, 9.06812932e-006, 0.134741724, -0.055211499, -0.146683789, 0, -0, 0, 0, 0, 0, 0, 0.186841113, -0.0090012207, -0.133782861, 0, 0, 0, 0, 0, 0, 0, 1, 1, 1, 
55.565105, 0.1, 0.1, 0.125182899, 0.171182452, -0.0199668026, -1.39749577e-005, 0.690269605, 0.72355226, 9.16388042e-006, 0.72355226, -0.690269605, -1, -3.01594217e-006, -1.64371604e-005, 1.15582156e-005, 0.690269542, 0.72355232, 7.99284344e-006, 0.72355232, -0.690269542, -1, 1.37615246e-005, 2.84575731e-006, 0.134741724, -0.055211499, -0.146683789, 0, -0, 0, 0, 0, 0, 0, 0.186841113, -0.0090012207, -0.133782861, 0, 0, 0, 0, 0, 0, 0, 1, 1, 1, 
55.5658132, 0.1, 0.1, 0.125182846, 0.171182405, -0.0199696289, 1.96474586e-005, 0.690269966, 0.723551915, -1.27502901e-005, 0.723551916, -0.690269965, -1, 4.33655368e-006, 2.30170986e-005, 1.59442182e-005, 0.690269876, 0.723552001, -4.21912208e-007, 0.723552001, -0.690269876, -1, 1.07005381e-005, 1.18277042e-005, 0.134741724, -0.055211499, -0.146683789, 0, -0, 0, 0, 0, 0, 0, 0.186841113, -0.0090012207, -0.133782861, 0, 0, 0, 0, 0, 0, 0, 1, 1, 1, 
55.5665193, 0.1, 0.1, 0.125182793, 0.171182355, -0.0199721121, -3.02633256e-006, 0.690270533, 0.723551375, 8.14695632e-006, 0.723551375, -0.690270533, -1, 3.80575326e-006, -7.81331096e-006, -6.66483087e-006, 0.690270408, 0.723551493, 6.42267055e-006, 0.723551493, -0.690270408, -1, 4.65973411e-008, -9.25572776e-006, 0.134741724, -0.055211499, -0.146683789, 0, -0, 0, 0, 0, 0, 0, 0.186841113, -0.0090012207, -0.133782861, 0, 0, 0, 0, 0, 0, 0, 1, 1, 1, 
55.5672232, 0.1, 0.1, 0.125182742, 0.171182308, -0.0199736033, 2.74886047e-006, 0.690271117, 0.723550817, -7.40142782e-006, 0.723550817, -0.690271117, -1, -3.45785015e-006, 7.09793209e-006, -8.39470974e-007, 0.690271004, 0.723550925, 2.57332221e-006, 0.723550925, -0.690271004, -1, 1.28246719e-006, -2.38368971e-006, 0.134741724, -0.055211499, -0.146683789, 0, -0, 0, 0, 0, 0, 0, 0.186841113, -0.0090012207, -0.133782861, 0, 0, 0, 0, 0, 0, 0, 1, 1, 1, 
55.5679292, 0.1, 0.1, 0.125182691, 0.171182263, -0.0199736791, -3.66103203e-006, 0.690271672, 0.723550287, 2.23942658e-005, 0.723550287, -0.690271672, -1, 1.36762708e-005, -1.81070681e-005, -7.66567185e-006, 0.690271554, 0.7235504, 2.21158715e-005, 0.7235504, -0.690271553, -1, 1.07105525e-005, -2.08124569e-005, 0.134741724, -0.055211499, -0.146683789, 0, -0, 0, 0, 0, 0, 0, 0.186841113, -0.0090012207, -0.133782861, 0, 0, 0, 0, 0, 0, 0, 1, 1, 1, 
55.5686388, 0.1, 0.1, 0.125182641, 0.171182214, -0.0199723851, 1.35676448e-005, 0.690272246, 0.72354974, -6.06922451e-006, 0.72354974, -0.690272246, -1, 4.97398283e-006, 1.40062831e-005, 1.164574e-005, 0.690272144, 0.723549837, -2.07327496e-005, 0.723549837, -0.690272144, -1, -6.96244771e-006, 2.27375128e-005, 0.134741724, -0.055211499, -0.146683789, 0, -0, 0, 0, 0, 0, 0, 0.186841113, -0.0090012207, -0.133782861, 0, 0, 0, 0, 0, 0, 0, 1, 1, 1, 
55.5693768, 0.1, 0.1, 0.125182588, 0.171182166, -0.0199698248, 5.31116033e-006, 0.690272562, 0.723549439, -2.37476142e-005, 0.723549439, -0.690272561, -1, -1.35164247e-005, 2.02352136e-005, -1.33842701e-005, 0.690272524, 0.723549475, -1.34167412e-005, 0.723549474, -0.690272524, -1, -1.894647e-005, -4.22973796e-007, 0.135249463, -0.057929834, -0.146528516, 0, -0, 0, 0, 0, 0, 0, 0.187005615, -0.0114261719, -0.133233838, 0, 0, 0, 0, 0, 0, 0, 1, 1, 1, 
55.5700841, 0.1, 0.1, 0.12518254, 0.171182119, -0.0199672411, -1.3142979e-005, 0.690272623, 0.72354938, 1.06882611e-005, 0.72354938, -0.690272623, -1, -1.33875383e-006, -1.68874083e-005, -1.59329561e-006, 0.690272616, 0.723549387, 7.50269977e-006, 0.723549387, -0.690272616, -1, 4.32876549e-006, -6.33173627e-006, 0.135249463, -0.057929834, -0.146528516, 0, -0, 0, 0, 0, 0, 0, 0.187005615, -0.0114261719, -0.133233838, 0, 0, 0, 0, 0, 0, 0, 1, 1, 1, 
55.5707912, 0.1, 0.1, 0.125182492, 0.171182073, -0.0199654094, 1.86915056e-005, 0.690272673, 0.723549332, -1.4722423e-005, 0.723549333, -0.690272673, -1, 2.2498362e-006, 2.36867126e-005, 1.66260799e-005, 0.690272663, 0.723549342, -1.99389059e-005, 0.723549342, -0.690272663, -1, -2.9502538e-006, 2.57930708e-005, 0.135249463, -0.057929834, -0.146528516, 0, -0, 0, 0, 0, 0, 0, 0.187005615, -0.0114261719, -0.133233838, 0, 0, 0, 0, 0, 0, 0, 1, 1, 1, 
55.5715229, 0.1, 0.1, 0.12518244, 0.171182029, -0.0199647047, -1.13751511e-005, 0.690272721, 0.723549287, 6.14309797e-006, 0.723549287, -0.690272721, -1, -3.40712236e-006, -1.24708954e-005, -1.61370159e-005, 0.690272707, 0.7235493, 1.87641798e-005, 0.723549301, -0.690272706, -1, 2.43786754e-006, -2.46283277e-005, 0.135249463, -0.057929834, -0.146528516, 0, -0, 0, 0, 0, 0, 0, 0.187005615, -0.0114261719, -0.133233838, 0, 0, 0, 0, 0, 0, 0, 1, 1, 1, 
55.5722279, 0.1, 0.1, 0.125182394, 0.171181984, -0.0199651923, -9.62758927e-006, 0.690272758, 0.723549251, 1.29766954e-005, 0.723549251, -0.690272758, -1, 2.74361566e-006, -1.59234944e-005, 2.97021072e-006, 0.690272744, 0.723549265, -6.78234054e-006, 0.723549265, -0.690272744, -1, -2.85710201e-006, 6.8307586e-006, 0.135249463, -0.057929834, -0.146528516, 0, -0, 0, 0, 0, 0, 0, 0.187005615, -0.0114261719, -0.133233838, 0, 0, 0, 0, 0, 0, 0, 1, 1, 1, 
55.5729303, 0.1, 0.1, 0.125182345, 0.171181942, -0.0199668717, 1.12965637e-005, 0.690272789, 0.723549222, -1.2680943e-005, 0.723549222, -0.690272789, -1, -1.37757591e-006, 1.69269297e-005, 7.09661325e-006, 0.690272779, 0.723549232, -2.05316246e-006, 0.723549232, -0.690272779, -1, 3.41303482e-006, 6.55199122e-006, 0.135249463, -0.057929834, -0.146528516, 0, -0, 0, 0, 0, 0, 0, 0.187005615, -0.0114261719, -0.133233838, 0, 0, 0, 0, 0, 0, 0, 1, 1, 1, 
55.5736338, 0.1, 0.1, 0.125182297, 0.1711819, -0.0199691658, -2.56671454e-005, 0.690272803, 0.723549208, 6.2699764e-006, 0.723549208, -0.690272803, -1, -1.3180696e-005, -2.28994369e-005, -1.71943818e-005, 0.69027281, 0.723549202, 1.66948978e-005, 0.723549202, -0.69027281, -1, 2.10765691e-007, -2.39650152e-005, 0.135249463, -0.057929834, -0.146528516, 0, -0, 0, 0, 0, 0, 0, 0.187005615, -0.0114261719, -0.133233838, 0, 0, 0, 0, 0, 0, 0, 1, 1, 1, 
55.5743661, 0.1, 0.1, 0.12518225, 0.171181854, -0.0199712134, 1.2052509e-005, 0.69027261, 0.723549393, -8.2150785e-007, 0.723549393, -0.69027261, -1, 7.72511537e-006, 9.28764997e-006, 2.13932768e-005, 0.690272662, 0.723549343, -4.89249542e-006, 0.723549343, -0.690272662, -1, 1.12272322e-005, 1.88562472e-005, 0.135552148, -0.0608577393, -0.14652251, 0, -0, 0, 0, 0, 0, 0, 0.186918555, -0.0140726563, -0.132666504, 0, 0, 0, 0, 0, 0, 0, 1, 1, 1, 
55.5750677, 0.1, 0.1, 0.125182203, 0.171181813, -0.0199723249, 1.87394112e-005, 0.6902724, 0.723549593, 4.10944262e-006, 0.723549593, -0.6902724, -1, 1.59086839e-005, 1.07222586e-005, 2.79688817e-006, 0.690272422, 0.723549572, 1.32177773e-005, 0.723549572, -0.690272422, -1, 1.14943319e-005, -7.10017991e-006, 0.135552148, -0.0608577393, -0.14652251, 0, -0, 0, 0, 0, 0, 0, 0.186918555, -0.0140726563, -0.132666504, 0, 0, 0, 0, 0, 0, 0, 1, 1, 1, 
55.5757685, 0.1, 0.1, 0.125182159, 0.171181772, -0.0199725087, -3.11728306e-006, 0.690272432, 0.723549563, 2.02447784e-005, 0.723549563, -0.690272431, -1, 1.2496326e-005, -1.62299212e-005, -6.13270744e-006, 0.690272403, 0.723549591, 5.15927324e-006, 0.723549591, -0.690272403, -1, -5.00248657e-007, -7.99862189e-006, 0.135552148, -0.0608577393, -0.14652251, 0, -0, 0, 0, 0, 0, 0, 0.186918555, -0.0140726563, -0.132666504, 0, 0, 0, 0, 0, 0, 0, 1, 1, 1, 
55.5764861, 0.1, 0.1, 0.125182115, 0.171181729, -0.0199716817, 1.14231981e-005, 0.690272605, 0.723549398, -1.44843942e-005, 0.723549398, -0.690272605, -1, -2.595054e-006, 1.82634286e-005, 9.47341506e-006, 0.690272572, 0.723549429, -1.87837708e-005, 0.723549429, -0.690272571, -1, -7.05174807e-006, 1.98204058e-005, 0.135552148, -0.0608577393, -0.14652251, 0, -0, 0, 0, 0, 0, 0, 0.186918555, -0.0140726563, -0.132666504, 0, 0, 0, 0, 0, 0, 0, 1, 1, 1, 
55.577201, 0.1, 0.1, 0.125182068, 0.17118169, -0.0199699614, -1.72101748e-005, 0.690272608, 0.723549394, -2.77365926e-006, 0.723549395, -0.690272608, -1, -1.38865917e-005, -1.05378306e-005, -2.11353463e-005, 0.69027263, 0.723549373, 8.56278527e-006, 0.723549373, -0.69027263, -1, -8.39355315e-006, -2.12031229e-005, 0.136040967, -0.0635985352, -0.146194165, 0, -0, 0, 0, 0, 0, 0, 0.186682471, -0.0169204102, -0.131930371, 0, 0, 0, 0, 0, 0, 0, 1, 1, 1, 
55.5779008, 0.1, 0.1, 0.125182025, 0.171181648, -0.0199681702, -2.03587925e-005, 0.690272367, 0.723549624, 7.98944303e-007, 0.723549625, -0.690272367, -1, -1.3475036e-005, -1.52820858e-005, 5.60724843e-006, 0.690272423, 0.723549571, -2.2636702e-006, 0.723549571, -0.690272423, -1, 2.23265135e-006, 5.61967131e-006, 0.136040967, -0.0635985352, -0.146194165, 0, -0, 0, 0, 0, 0, 0, 0.186682471, -0.0169204102, -0.131930371, 0, 0, 0, 0, 0, 0, 0, 1, 1, 1, 
55.578601, 0.1, 0.1, 0.12518198, 0.171181609, -0.0199668924, 1.24882009e-005, 0.690272189, 0.723549794, -1.44728375e-005, 0.723549794, -0.690272189, -1, -1.85156078e-006, 1.90260325e-005, 9.49879555e-006, 0.690272201, 0.723549783, -2.85793528e-006, 0.723549783, -0.690272201, -1, 4.48889606e-006, 8.84560474e-006, 0.136040967, -0.0635985352, -0.146194165, 0, -0, 0, 0, 0, 0, 0, 0.186682471, -0.0169204102, -0.131930371, 0, 0, 0, 0, 0, 0, 0, 1, 1, 1, 
55.5793049, 0.1, 0.1, 0.125181935, 0.17118157, -0.0199664268, -1.79319213e-005, 0.690272123, 0.723549858, 1.51242439e-005, 0.723549858, -0.690272123, -1, -1.4347609e-006, -2.3414483e-005, -2.19809346e-005, 0.690272136, 0.723549845, 1.28799617e-005, 0.723549845, -0.690272136, -1, -5.85353235e-006, -2.47949805e-005, 0.136040967, -0.0635985352, -0.146194165, 0, -0, 0, 0, 0, 0, 0, 0.186682471, -0.0169204102, -0.131930371, 0, 0, 0, 0, 0, 0, 0, 1, 1, 1, 
55.580005, 0.1, 0.1, 0.125181895, 0.17118153, -0.0199668852, -3.37703516e-006, 0.690272213, 0.723549771, -1.76212049e-005, 0.723549771, -0.690272213, -1, -1.50808923e-005, 9.71997509e-006, 9.12227797e-006, 0.690272171, 0.723549812, -2.05870002e-005, 0.723549812, -0.69027217, -1, -8.5988655e-006, 2.08110558e-005, 0.136040967, -0.0635985352, -0.146194165, 0, -0, 0, 0, 0, 0, 0, 0.186682471, -0.0169204102, -0.131930371, 0, 0, 0, 0, 0, 0, 0, 1, 1, 1, 
55.5807051, 0.1, 0.1, 0.125181851, 0.171181492, -0.0199680518, -7.9108739e-007, 0.690272557, 0.723549444, -1.98057118e-005, 0.723549443, -0.690272557, -1, -1.48764776e-005, 1.30989484e-005, -5.04478681e-006, 0.690272481, 0.723549516, 6.22254709e-006, 0.723549516, -0.690272481, -1, 1.02004342e-006, -7.94540607e-006, 0.136040967, -0.0635985352, -0.146194165, 0, -0, 0, 0, 0, 0, 0, 0.186682471, -0.0169204102, -0.131930371, 0, 0, 0, 0, 0, 0, 0, 1, 1, 1, 
55.5814142, 0.1, 0.1, 0.12518181, 0.171181453, -0.0199695208, 1.14652888e-005, 0.690272866, 0.723549148, 3.55145984e-005, 0.723549148, -0.690272866, -0.999999999, 3.36107352e-005, -1.62190637e-005, 1.00905214e-005, 0.690272809, 0.723549203, 1.99791703e-005, 0.723549202, -0.690272809, -1, 2.14211253e-005, -6.49008931e-006, 0.136040967, -0.0635985352, -0.146194165, 0, -0, 0, 0, 0, 0, 0, 0.186682471, -0.0169204102, -0.131930371, 0, 0, 0, 0, 0, 0, 0, 1, 1, 1, 
55.5821395, 0.1, 0.1, 0.125181769, 0.171181413, -0.0199706021, -1.13244237e-005, 0.690273206, 0.723548824, -3.80094985e-005, 0.723548824, -0.690273206, -0.999999999, -3.53186743e-005, 1.80431649e-005, 1.24939587e-006, 0.690273119, 0.723548907, -2.80618302e-005, 0.723548907, -0.690273119, -1, -1.94416822e-005, 2.02743261e-005, 0.136472168, -0.0663536133, -0.145823096, 0, -0, 0, 0, 0, 0, 0, 0.186840625, -0.0196384277, -0.131624365, 0, 0, 0, 0, 0, 0, 0, 1, 1, 1, 
55.5828403, 0.1, 0.1, 0.125181724, 0.171181375, -0.0199711528, -4.23234799e-008, 0.690273803, 0.723548255, 1.88136274e-005, 0.723548255, -0.690273802, -1, 1.35833525e-005, -1.30171772e-005, -1.55853401e-005, 0.690273658, 0.723548393, 1.55899141e-005, 0.723548393, -0.690273658, -1, 5.21907568e-007, -2.20380548e-005, 0.136472168, -0.0663536133, -0.145823096, 0, -0, 0, 0, 0, 0, 0, 0.186840625, -0.0196384277, -0.131624365, 0, 0, 0, 0, 0, 0, 0, 1, 1, 1, 
55.5835485, 0.1, 0.1, 0.125181683, 0.171181337, -0.0199711182, -1.72615983e-005, 0.690274654, 0.723547442, 9.39965583e-006, 0.723547443, -0.690274654, -1, -5.11414689e-006, -1.89779295e-005, -6.42231709e-006, 0.690274474, 0.723547615, -6.89283598e-006, 0.723547615, -0.690274474, -1, -9.42045658e-006, 1.1109652e-007, 0.136472168, -0.0663536133, -0.145823096, 0, -0, 0, 0, 0, 0, 0, 0.186840625, -0.0196384277, -0.131624365, 0, 0, 0, 0, 0, 0, 0, 1, 1, 1, 
55.5842586, 0.1, 0.1, 0.125181641, 0.171181302, -0.0199704981, 3.44701297e-007, 0.690275607, 0.723546533, -1.88375197e-005, 0.723546533, -0.690275607, -1, -1.33918832e-005, 1.32524878e-005, -3.63352279e-006, 0.69027542, 0.723546712, -8.30592148e-006, 0.723546712, -0.69027542, -1, -8.51785365e-006, 3.10434997e-006, 0.136472168, -0.0663536133, -0.145823096, 0, -0, 0, 0, 0, 0, 0, 0.186840625, -0.0196384277, -0.131624365, 0, 0, 0, 0, 0, 0, 0, 1, 1, 1, 
55.5849841, 0.1, 0.1, 0.125181599, 0.171181265, -0.01996921, -2.11662852e-005, 0.690276359, 0.723545816, 7.54032715e-006, 0.723545817, -0.690276359, -1, -9.15481409e-006, -2.05196867e-005, -1.28577751e-005, 0.690276242, 0.723545927, 1.99498081e-005, 0.723545927, -0.690276242, -1, 5.5591857e-006, -2.30740694e-005, 0.137156396, -0.0693203369, -0.145646094, 0, -0, 0, 0, 0, 0, 0, 0.187316504, -0.0223330078, -0.130727002, 0, 0, 0, 0, 0, 0, 0, 1, 1, 1, 
55.5856847, 0.1, 0.1, 0.125181562, 0.171181227, -0.0199680566, 1.43266035e-005, 0.690276735, 0.723545457, -4.97302038e-006, 0.723545457, -0.690276735, -1, 6.2911148e-006, 1.37987092e-005, 2.55532245e-005, 0.69027668, 0.72354551, -8.43033497e-006, 0.72354551, -0.69027668, -1, 1.15390639e-005, 2.43081845e-005, 0.137156396, -0.0693203369, -0.145646094, 0, -0, 0, 0, 0, 0, 0, 0.187316504, -0.0223330078, -0.130727002, 0, 0, 0, 0, 0, 0, 0, 1, 1, 1, 
55.5863854, 0.1, 0.1, 0.125181522, 0.171181192, -0.0199674085, 2.10128872e-005, 0.690277024, 0.723545181, -2.63664252e-006, 0.723545181, -0.690277024, -1, 1.25969832e-005, 1.7023787e-005, 2.68958446e-006, 0.69027695, 0.723545252, 8.51921871e-006, 0.723545252, -0.69027695, -1, 8.02059841e-006, -3.93458425e-006, 0.137156396, -0.0693203369, -0.145646094, 0, -0, 0, 0, 0, 0, 0, 0.187316504, -0.0223330078, -0.130727002, 0, 0, 0, 0, 0, 0, 0, 1, 1, 1, 
55.5870834, 0.1, 0.1, 0.125181485, 0.171181155, -0.0199674149, -7.66024866e-006, 0.690277527, 0.723544702, 1.88461543e-005, 0.723544702, -0.690277527, -1, 8.34833757e-006, -1.85516091e-005, -1.06638406e-005, 0.690277404, 0.723544819, 5.26846174e-007, 0.723544819, -0.690277404, -1, -6.97981139e-006, -8.07943662e-006, 0.137156396, -0.0693203369, -0.145646094, 0, -0, 0, 0, 0, 0, 0, 0.187316504, -0.0223330078, -0.130727002, 0, 0, 0, 0, 0, 0, 0, 1, 1, 1, 
55.5877838, 0.1, 0.1, 0.125181447, 0.17118112, -0.0199680233, 9.62511837e-006, 0.690278139, 0.723544118, -1.89639486e-005, 0.723544118, -0.690278139, -1, -7.07724468e-006, 2.00545969e-005, 7.22920202e-006, 0.690278026, 0.723544226, -2.36514561e-005, 0.723544226, -0.690278025, -1, -1.21227152e-005, 2.15567278e-005, 0.137156396, -0.0693203369, -0.145646094, 0, -0, 0, 0, 0, 0, 0, 0.187316504, -0.0223330078, -0.130727002, 0, 0, 0, 0, 0, 0, 0, 1, 1, 1, 
55.5884819, 0.1, 0.1, 0.125181408, 0.171181087, -0.0199690348, -1.80453483e-005, 0.690278521, 0.723543753, -1.15669829e-006, 0.723543754, -0.690278521, -1, -1.32932382e-005, -1.22581551e-005, -2.22161695e-005, 0.690278471, 0.723543801, 9.31010343e-006, 0.723543801, -0.690278471, -1, -8.59907586e-006, -2.25009357e-005, 0.137156396, -0.0693203369, -0.145646094, 0, -0, 0, 0, 0, 0, 0, 0.187316504, -0.0223330078, -0.130727002, 0, 0, 0, 0, 0, 0, 0, 1, 1, 1, 
55.5891783, 0.1, 0.1, 0.125181372, 0.171181052, -0.0199701212, -1.52682632e-005, 0.690278615, 0.723543664, 4.6254627e-006, 0.723543664, -0.690278615, -1, -7.19263136e-006, -1.42401131e-005, 8.28219106e-006, 0.690278609, 0.72354367, 1.38394905e-006, 0.72354367, -0.690278609, -1, 6.71836689e-006, 5.03721649e-006, 0.137156396, -0.0693203369, -0.145646094, 0, -0, 0, 0, 0, 0, 0, 0.187316504, -0.0223330078, -0.130727002, 0, 0, 0, 0, 0, 0, 0, 1, 1, 1, 
55.589903, 0.1, 0.1, 0.125181333, 0.171181018, -0.0199707079, 1.49306645e-005, 0.690278731, 0.723543553, -7.0105144e-006, 0.723543553, -0.690278731, -1, 5.23390766e-006, 1.5642195e-005, 1.18189524e-005, 0.69027869, 0.723543593, 3.3981668e-006, 0.723543593, -0.69027869, -1, 1.06170928e-005, 6.20584518e-006, 0.137786548, -0.0723224609, -0.145311035, 0, -0, 0, 0, 0, 0, 0, 0.187593555, -0.0254538086, -0.130064111, 0, 0, 0, 0, 0, 0, 0, 1, 1, 1, 
55.5906045, 0.1, 0.1, 0.125181295, 0.171180985, -0.0199708268, -7.12037047e-006, 0.690279071, 0.723543229, 1.98626395e-005, 0.723543229, -0.690279071, -1, 9.45643558e-006, -1.88626602e-005, -1.12757255e-005, 0.690278988, 0.723543308, 1.79382407e-005, 0.723543308, -0.690278988, -1, 5.19569767e-006, -2.05408664e-005, 0.137786548, -0.0723224609, -0.145311035, 0, -0, 0, 0, 0, 0, 0, 0.187593555, -0.0254538086, -0.130064111, 0, 0, 0, 0, 0, 0, 0, 1, 1, 1, 
55.591309, 0.1, 0.1, 0.12518126, 0.171180949, -0.0199704904, 1.19032621e-005, 0.690279477, 0.723542841, -4.34689704e-006, 0.723542841, -0.690279477, -1, 5.07141129e-006, 1.16130939e-005, 9.56698464e-006, 0.690279406, 0.72354291, -2.12766576e-005, 0.72354291, -0.690279405, -1, -8.79068227e-006, 2.16089625e-005, 0.137786548, -0.0723224609, -0.145311035, 0, -0, 0, 0, 0, 0, 0, 0.187593555, -0.0254538086, -0.130064111, 0, 0, 0, 0, 0, 0, 0, 1, 1, 1, 
55.5920102, 0.1, 0.1, 0.125181222, 0.171180917, -0.0199698379, 3.87430975e-006, 0.690279631, 0.723542695, -1.75012547e-005, 0.723542695, -0.690279631, -1, -9.98854791e-006, 1.48839882e-005, -1.38510272e-005, 0.690279621, 0.723542704, -8.00361094e-006, 0.723542704, -0.690279622, -1, -1.53520361e-005, -4.49708011e-006, 0.137786548, -0.0723224609, -0.145311035, 0, -0, 0, 0, 0, 0, 0, 0.187593555, -0.0254538086, -0.130064111, 0, 0, 0, 0, 0, 0, 0, 1, 1, 1, 
55.5927148, 0.1, 0.1, 0.125181187, 0.171180883, -0.0199690512, -2.35259143e-005, 0.690279553, 0.723542768, 2.85586345e-006, 0.723542769, -0.690279554, -1, -1.41731183e-005, -1.89933493e-005, -1.33465217e-005, 0.69027957, 0.723542753, -1.12411519e-006, 0.723542753, -0.69027957, -1, -1.00261766e-005, -8.88082528e-006, 0.137786548, -0.0723224609, -0.145311035, 0, -0, 0, 0, 0, 0, 0, 0.187593555, -0.0254538086, -0.130064111, 0, 0, 0, 0, 0, 0, 0, 1, 1, 1, 
55.5934178, 0.1, 0.1, 0.125181153, 0.17118085, -0.019968409, 7.21624675e-006, 0.690279591, 0.723542733, -1.94809281e-005, 0.723542733, -0.690279591, -1, -9.11405613e-006, 1.866855e-005, 1.85099669e-005, 0.690279563, 0.723542759, -1.00852166e-005, 0.723542759, -0.690279563, -1, 5.4799664e-006, 2.03543714e-005, 0.137786548, -0.0723224609, -0.145311035, 0, -0, 0, 0, 0, 0, 0, 0.187593555, -0.0254538086, -0.130064111, 0, 0, 0, 0, 0, 0, 0, 1, 1, 1, 
55.5941308, 0.1, 0.1, 0.125181116, 0.17118082, -0.0199680733, -2.75075092e-006, 0.690279889, 0.723542448, 1.33873751e-005, 0.723542448, -0.690279889, -1, 7.78754609e-006, -1.12313208e-005, -7.75808157e-006, 0.690279811, 0.723542523, 2.55845978e-005, 0.723542523, -0.690279811, -1, 1.31562974e-005, -2.32738333e-005, 0.137786548, -0.0723224609, -0.145311035, 0, -0, 0, 0, 0, 0, 0, 0.187593555, -0.0254538086, -0.130064111, 0, 0, 0, 0, 0, 0, 0, 1, 1, 1, 
55.5948462, 0.1, 0.1, 0.125181082, 0.171180786, -0.0199678264, 4.70801522e-007, 0.690280202, 0.72354215, 1.70403634e-005, 0.723542149, -0.690280202, -1, 1.26544062e-005, -1.14219808e-005, 1.23988143e-005, 0.690280164, 0.723542186, -8.15803787e-007, 0.723542186, -0.690280164, -1, 7.96838712e-006, 9.53419838e-006, 0.138225195, -0.0750870605, -0.144530713, 0, -0, 0, 0, 0, 0, 0, 0.187801514, -0.0282082031, -0.129356299, 0, 0, 0, 0, 0, 0, 0, 1, 1, 1, 
55.5955475, 0.1, 0.1, 0.125181047, 0.171180754, -0.0199680846, 1.96847328e-005, 0.690280219, 0.723542133, -7.36172828e-006, 0.723542133, -0.690280219, -1, 8.26146107e-006, 1.9324389e-005, 2.56194205e-006, 0.690280243, 0.723542111, -1.19993525e-005, 0.723542111, -0.690280243, -1, -6.91357883e-006, 1.01365889e-005, 0.138225195, -0.0750870605, -0.144530713, 0, -0, 0, 0, 0, 0, 0, 0.187801514, -0.0282082031, -0.129356299, 0, 0, 0, 0, 0, 0, 0, 1, 1, 1, 
55.5962462, 0.1, 0.1, 0.125181012, 0.171180725, -0.0199687361, -2.09702678e-005, 0.690280067, 0.723542278, 1.13954182e-005, 0.723542278, -0.690280067, -1, -6.23029104e-006, -2.30389054e-005, -2.49060941e-005, 0.690280094, 0.723542253, 8.2083733e-006, 0.723542253, -0.690280094, -1, -1.12530761e-005, -2.36866882e-005, 0.138225195, -0.0750870605, -0.144530713, 0, -0, 0, 0, 0, 0, 0, 0.187801514, -0.0282082031, -0.129356299, 0, 0, 0, 0, 0, 0, 0, 1, 1, 1, 
55.5969614, 0.1, 0.1, 0.125180979, 0.171180692, -0.0199695187, -5.12878253e-006, 0.69028009, 0.723542256, -1.37407685e-005, 0.723542256, -0.69028009, -1, -1.34823231e-005, 5.77408802e-006, 6.59188272e-006, 0.690280061, 0.723542284, -1.76292985e-005, 0.723542284, -0.690280061, -1, -8.20529768e-006, 1.69386591e-005, 0.138225195, -0.0750870605, -0.144530713, 0, -0, 0, 0, 0, 0, 0, 0.187801514, -0.0282082031, -0.129356299, 0, 0, 0, 0, 0, 0, 0, 1, 1, 1, 
55.5976602, 0.1, 0.1, 0.125180945, 0.171180664, -0.0199700778, 1.0930311e-006, 0.690280351, 0.723542007, -1.35836346e-005, 0.723542007, -0.690280351, -1, -9.07383237e-006, 1.016737e-005, -3.63588465e-006, 0.690280291, 0.723542065, 1.03677463e-005, 0.723542065, -0.690280291, -1, 4.99172108e-006, -9.78736644e-006, 0.138225195, -0.0750870605, -0.144530713, 0, -0, 0, 0, 0, 0, 0, 0.188052686, -0.0309691895, -0.128238623, 0, 0, 0, 0, 0, 0, 0, 1, 1, 1, 
55.5983614, 0.1, 0.1, 0.125180913, 0.171180633, -0.0199704142, -1.00261831e-005, 0.69028055, 0.723541818, 1.42830587e-005, 0.723541818, -0.690280549, -1, 3.41351102e-006, -1.71136804e-005, 9.5475467e-009, 0.690280532, 0.723541835, 1.22262414e-005, 0.723541835, -0.690280532, -1, 8.85278759e-006, -8.43262834e-006, 0.138225195, -0.0750870605, -0.144530713, 0, -0, 0, 0, 0, 0, 0, 0.188052686, -0.0309691895, -0.128238623, 0, 0, 0, 0, 0, 0, 0, 1, 1, 1, 
55.5990588, 0.1, 0.1, 0.125180881, 0.171180601, -0.0199704571, 2.05973057e-005, 0.690280483, 0.723541882, -8.91056055e-006, 0.723541882, -0.690280483, -1, 7.77075435e-006, 2.10537993e-005, 1.83512734e-005, 0.690280515, 0.723541851, -1.27813912e-005, 0.723541852, -0.690280515, -1, 3.41965498e-006, 2.21006597e-005, 0.138225195, -0.0750870605, -0.144530713, 0, -0, 0, 0, 0, 0, 0, 0.188052686, -0.0309691895, -0.128238623, 0, 0, 0, 0, 0, 0, 0, 1, 1, 1, 
55.5997752, 0.1, 0.1, 0.125180846, 0.171180572, -0.0199700047, -4.45503133e-006, 0.690280313, 0.723542044, 9.35689357e-006, 0.723542044, -0.690280313, -1, 3.69488547e-006, -9.6822819e-006, -2.17238368e-005, 0.690280338, 0.723542019, 6.04977506e-006, 0.72354202, -0.690280339, -1, -1.0618271e-005, -1.98941495e-005, 0.138458789, -0.077830542, -0.144326489, 0, -0, 0, 0, 0, 0, 0, 0.188052686, -0.0309691895, -0.128238623, 0, 0, 0, 0, 0, 0, 0, 1, 1, 1, 
55.6004761, 0.1, 0.1, 0.125180815, 0.171180541, -0.0199694202, -1.54256401e-005, 0.690280371, 0.723541989, 2.88279951e-006, 0.723541989, -0.690280371, -1, -8.56219008e-006, -1.31510382e-005, -5.20261474e-006, 0.690280341, 0.723542018, -1.51688315e-005, 0.723542018, -0.690280341, -1, -1.45665496e-005, 6.7064358e-006, 0.138458789, -0.077830542, -0.144326489, 0, -0, 0, 0, 0, 0, 0, 0.188052686, -0.0309691895, -0.128238623, 0, 0, 0, 0, 0, 0, 0, 1, 1, 1, 
55.601179, 0.1, 0.1, 0.125180783, 0.171180513, -0.0199688573, 6.8428465e-006, 0.690280637, 0.723541735, -2.16293525e-005, 0.723541735, -0.690280637, -1, -1.09262548e-005, 1.98814082e-005, 2.57178136e-006, 0.690280585, 0.723541785, -1.19822046e-005, 0.723541785, -0.690280585, -1, -6.89437493e-006, 1.01318745e-005, 0.138458789, -0.077830542, -0.144326489, 0, -0, 0, 0, 0, 0, 0, 0.188052686, -0.0309691895, -0.128238623, 0, 0, 0, 0, 0, 0, 0, 1, 1, 1, 
55.6019076, 0.1, 0.1, 0.12518075, 0.171180485, -0.0199682733, -2.06511588e-005, 0.690280764, 0.723541613, 1.00882058e-005, 0.723541614, -0.690280764, -1, -6.95586098e-006, -2.19056672e-005, -1.11647853e-005, 0.690280764, 0.723541614, 2.21498101e-005, 0.723541614, -0.690280763, -1, 8.31947282e-006, -2.33677746e-005, 0.139174146, -0.0810314941, -0.143841797, 0, -0, 0, 0, 0, 0, 0, 0.188077441, -0.0344944824, -0.127520068, 0, 0, 0, 0, 0, 0, 0, 1, 1, 1, 
55.602613, 0.1, 0.1, 0.125180721, 0.171180455, -0.0199678892, 1.24945698e-005, 0.6902806, 0.72354177, 8.82544532e-009, 0.72354177, -0.6902806, -1, 8.63114475e-006, 9.03425114e-006, 2.42428646e-005, 0.690280646, 0.723541726, -3.71932115e-006, 0.723541726, -0.690280646, -1, 1.40432962e-005, 2.01080995e-005, 0.139174146, -0.0810314941, -0.143841797, 0, -0, 0, 0, 0, 0, 0, 0.188077441, -0.0344944824, -0.127520068, 0, 0, 0, 0, 0, 0, 0, 1, 1, 1, 
55.6033152, 0.1, 0.1, 0.125180689, 0.171180429, -0.0199679537, 1.66987226e-005, 0.690280412, 0.72354195, 1.33745438e-006, 0.72354195, -0.690280412, -1, 1.24945055e-005, 1.11590077e-005, -1.54756384e-006, 0.690280429, 0.723541933, 1.28344427e-005, 0.723541933, -0.690280429, -1, 8.21800444e-006, -9.97909193e-006, 0.139174146, -0.0810314941, -0.143841797, 0, -0, 0, 0, 0, 0, 0, 0.188077441, -0.0344944824, -0.127520068, 0, 0, 0, 0, 0, 0, 0, 1, 1, 1, 
55.6040131, 0.1, 0.1, 0.125180659, 0.1711804, -0.0199684515, -9.67508298e-006, 0.690280497, 0.723541869, 1.76451337e-005, 0.723541869, -0.690280496, -1, 6.08847194e-006, -1.91804193e-005, -1.31623436e-005, 0.690280454, 0.723541909, 7.16753084e-007, 0.723541909, -0.690280454, -1, -8.56710764e-006, -1.00182679e-005, 0.139174146, -0.0810314941, -0.143841797, 0, -0, 0, 0, 0, 0, 0, 0.188077441, -0.0344944824, -0.127520068, 0, 0, 0, 0, 0, 0, 0, 1, 1, 1, 
55.6047152, 0.1, 0.1, 0.125180629, 0.171180371, -0.0199691919, 1.02801634e-005, 0.690280737, 0.72354164, -2.23904859e-005, 0.72354164, -0.690280736, -1, -9.10425015e-006, 2.28938474e-005, 7.34857057e-006, 0.690280694, 0.723541681, -2.63249119e-005, 0.72354168, -0.690280694, -1, -1.39745946e-005, 2.34885756e-005, 0.139174146, -0.0810314941, -0.143841797, 0, -0, 0, 0, 0, 0, 0, 0.188077441, -0.0344944824, -0.127520068, 0, 0, 0, 0, 0, 0, 0, 1, 1, 1, 
55.6054148, 0.1, 0.1, 0.125180599, 0.171180344, -0.019969983, -1.52108212e-005, 0.690280795, 0.723541584, -7.3001193e-006, 0.723541584, -0.690280796, -1, -1.57816776e-005, -5.96652947e-006, -1.93210572e-005, 0.690280806, 0.723541573, 3.13138599e-006, 0.723541574, -0.690280806, -1, -1.1071267e-005, -1.61411238e-005, 0.139174146, -0.0810314941, -0.143841797, 0, -0, 0, 0, 0, 0, 0, 0.188077441, -0.0344944824, -0.127520068, 0, 0, 0, 0, 0, 0, 0, 1, 1, 1, 
55.606113, 0.1, 0.1, 0.125180571, 0.171180316, -0.0199705587, -1.46566698e-005, 0.690280612, 0.723541759, -8.81062156e-007, 0.723541759, -0.690280612, -1, -1.07547002e-005, -9.99653249e-006, 8.981463e-006, 0.690280658, 0.723541715, -4.49454003e-006, 0.723541715, -0.690280658, -1, 2.94774299e-006, 9.60095719e-006, 0.139174146, -0.0810314941, -0.143841797, 0, -0, 0, 0, 0, 0, 0, 0.188077441, -0.0344944824, -0.127520068, 0, 0, 0, 0, 0, 0, 0, 1, 1, 1, 
55.6068412, 0.1, 0.1, 0.12518054, 0.171180289, -0.019970655, 1.55421344e-005, 0.690280488, 0.723541877, -1.02514639e-005, 0.723541877, -0.690280488, -1, 3.31106865e-006, 1.83217706e-005, 1.27480284e-005, 0.69028049, 0.723541875, -1.8981201e-007, 0.723541875, -0.69028049, -1, 8.66237837e-006, 9.35475592e-006, 0.139640503, -0.0840153076, -0.143338794, 0, -0, 0, 0, 0, 0, 0, 0.188077441, -0.0344944824, -0.127520068, 0, 0, 0, 0, 0, 0, 0, 1, 1, 1, 
55.6075426, 0.1, 0.1, 0.12518051, 0.171180263, -0.0199701402, -9.03111521e-006, 0.690280625, 0.723541747, 2.30918031e-005, 0.723541747, -0.690280624, -1, 1.04738797e-005, -2.24742131e-005, -1.29401764e-005, 0.690280579, 0.72354179, 2.01402716e-005, 0.72354179, -0.690280579, -1, 5.63997571e-006, -2.32651967e-005, 0.139640503, -0.0840153076, -0.143338794, 0, -0, 0, 0, 0, 0, 0, 0.188283447, -0.0370153809, -0.126781982, 0, 0, 0, 0, 0, 0, 0, 1, 1, 1, 
55.6082416, 0.1, 0.1, 0.125180482, 0.171180235, -0.0199694804, 1.07060221e-005, 0.690280851, 0.72354153, 2.42214133e-006, 0.72354153, -0.690280851, -1, 9.14268187e-006, 6.07429381e-006, 7.98458041e-006, 0.690280814, 0.723541566, -1.55186161e-005, 0.723541566, -0.690280814, -1, -5.7167611e-006, 1.64893787e-005, 0.139640503, -0.0840153076, -0.143338794, 0, -0, 0, 0, 0, 0, 0, 0.188283447, -0.0370153809, -0.126781982, 0, 0, 0, 0, 0, 0, 0, 1, 1, 1, 
55.6089388, 0.1, 0.1, 0.125180453, 0.171180211, -0.0199688652, 3.88327983e-006, 0.690280842, 0.723541539, -1.0720918e-005, 0.723541539, -0.690280842, -1, -5.07647587e-006, 1.02101586e-005, -1.46872719e-005, 0.690280864, 0.723541518, -7.78154546e-007, 0.723541518, -0.690280864, -1, -1.07013698e-005, -1.00897058e-005, 0.139640503, -0.0840153076, -0.143338794, 0, -0, 0, 0, 0, 0, 0, 0.188283447, -0.0370153809, -0.126781982, 0, 0, 0, 0, 0, 0, 0, 1, 1, 1, 
55.6096533, 0.1, 0.1, 0.125180425, 0.171180185, -0.0199683521, -2.3323294e-005, 0.690280613, 0.723541758, 7.67488067e-006, 0.723541758, -0.690280613, -1, -1.0546521e-005, -2.21731985e-005, -1.32278648e-005, 0.690280657, 0.723541715, 4.64929345e-006, 0.723541716, -0.690280657, -1, -5.76698147e-006, -1.27802293e-005, 0.139640503, -0.0840153076, -0.143338794, 0, -0, 0, 0, 0, 0, 0, 0.188494092, -0.0396762695, -0.126020947, 0, 0, 0, 0, 0, 0, 0, 1, 1, 1, 
55.6103553, 0.1, 0.1, 0.125180399, 0.17118016, -0.0199681255, 9.60026984e-006, 0.690280515, 0.723541851, -2.07678053e-005, 0.723541851, -0.690280515, -1, -8.39949705e-006, 2.12818083e-005, 2.08177251e-005, 0.69028051, 0.723541855, -9.77455297e-006, 0.723541856, -0.69028051, -1, 7.29777168e-006, 2.18096788e-005, 0.139640503, -0.0840153076, -0.143338794, 0, -0, 0, 0, 0, 0, 0, 0.188494092, -0.0396762695, -0.126020947, 0, 0, 0, 0, 0, 0, 0, 1, 1, 1, 
55.6110548, 0.1, 0.1, 0.12518037, 0.171180136, -0.0199682983, -3.50848673e-007, 0.690280694, 0.723541681, 7.75748292e-006, 0.723541681, -0.690280694, -1, 5.37067817e-006, -5.60869433e-006, -4.87284939e-006, 0.690280645, 0.723541727, 1.96143857e-005, 0.723541727, -0.690280645, -1, 1.08281929e-005, -1.70651407e-005, 0.139640503, -0.0840153076, -0.143338794, 0, -0, 0, 0, 0, 0, 0, 0.188494092, -0.0396762695, -0.126020947, 0, 0, 0, 0, 0, 0, 0, 1, 1, 1, 
55.6117691, 0.1, 0.1, 0.125180344, 0.171180108, -0.0199687221, 1.73909781e-006, 0.690280899, 0.723541485, 1.15979361e-005, 0.723541485, -0.690280899, -1, 9.5920539e-006, -6.74752434e-006, 1.35746231e-005, 0.690280879, 0.723541504, -5.19406705e-006, 0.723541504, -0.690280879, -1, 5.61217965e-006, 1.34071683e-005, 0.139953931, -0.087180127, -0.142947095, 0, -0, 0, 0, 0, 0, 0, 0.188494092, -0.0396762695, -0.126020947, 0, 0, 0, 0, 0, 0, 0, 1, 1, 1, 
55.612467, 0.1, 0.1, 0.125180317, 0.171180083, -0.0199692495, 1.8622249e-005, 0.690280833, 0.723541548, -1.30924659e-005, 0.723541548, -0.690280833, -1, 3.38163852e-006, 2.25114492e-005, 2.3803975e-006, 0.690280871, 0.723541511, -1.74456731e-005, 0.723541511, -0.690280871, -1, -1.09795258e-005, 1.37647308e-005, 0.139953931, -0.087180127, -0.142947095, 0, -0, 0, 0, 0, 0, 0, 0.188494092, -0.0396762695, -0.126020947, 0, 0, 0, 0, 0, 0, 0, 1, 1, 1, 
55.6131642, 0.1, 0.1, 0.125180289, 0.171180058, -0.0199698155, -2.21775242e-005, 0.690280616, 0.723541755, 6.62121594e-006, 0.723541755, -0.690280616, -1, -1.05179888e-005, -2.06168618e-005, -2.57076911e-005, 0.690280653, 0.723541719, 2.90582073e-006, 0.723541719, -0.690280653, -1, -1.56430393e-005, -2.06064188e-005, 0.139953931, -0.087180127, -0.142947095, 0, -0, 0, 0, 0, 0, 0, 0.188494092, -0.0396762695, -0.126020947, 0, 0, 0, 0, 0, 0, 0, 1, 1, 1, 
