time, realDorsalTactorPos, realVentralTactorPos, boxPosX, boxPosY, boxPosZ, boxLocalRot_11, boxLocalRot_12, boxLocalRot_13, boxLocalRot_21, boxLocalRot_22, boxLocalRot_23, boxLocalRot_31, boxLocalRot_32, boxLocalRot_33, boxGlobalRot_11, boxGlobalRot_12, boxGlobalRot_13], boxGlobalRot_21, boxGlobalRot_22, boxGlobalRot_23, boxGlobalRot_31, boxGlobalRot_32, boxGlobalRot_33, indexPosX, indexPosY, indexPosZ, indexContact, indexForceX, indexForceY, indexForceZ, indexForceGlobalX, indexForceGlobalY, indexForceGlobalZ, thumbPosX, thumbPosY, thumbPosZ, thumbContact, thumbForceX, thumbForceY, thumbForceZ, thumbForceGlobalX, thumbForceGlobalY, thumbForceGlobalZ, hoopSuccess, targetSuccess, trialSuccess, 
117.322102, 0.1, 0.1, 0.0962552592, 0.178818901, -0.0199721115, 0.914233103, -4.67019749e-006, -0.405188638, 0.405188638, 2.78864596e-005, 0.914233103, 7.02962745e-006, -1, 2.73870355e-005, 0.914233063, 4.79333787e-006, -0.40518873, 0.40518873, 2.08826635e-005, 0.914233063, 1.28436479e-005, -1, 1.71494149e-005, 0.163474048, -0.136215112, -0.135889673, 0, 0, 0, 0, 0, 0, 0, 0.221622217, -0.0862639648, -0.0989305176, 0, 0, 0, 0, 0, 0, 0, 1, 1, 1, 
117.368322, 0.1, 0.1, 0.0962552334, 0.178818889, -0.0199699535, 0.914206426, 6.44090825e-006, -0.405248825, 0.405248825, -7.55096959e-006, 0.914206426, 2.82829816e-006, -1, -9.51331542e-006, 0.914206386, 1.35226665e-005, -0.405248915, 0.405248915, 1.58329251e-006, 0.914206386, 1.30041356e-005, -1, -4.03258979e-006, 0.166572803, -0.143979175, -0.136614331, 0, 0, 0, 0, 0, 0, 0, 0.223287891, -0.0954854004, -0.0975717285, 0, 0, 0, 0, 0, 0, 0, 1, 1, 1, 
117.369057, 0.1, 0.1, 0.0962552309, 0.178818889, -0.0199690854, 0.914206699, 1.5683505e-005, -0.40524821, 0.40524821, -4.78799938e-006, 0.914206699, 1.23976372e-005, -1, -1.07329335e-005, 0.914206638, -1.25853893e-005, -0.405248348, 0.405248348, 1.31413916e-006, 0.914206638, -1.09730937e-005, -1, 6.30160297e-006, 0.166693628, -0.144892529, -0.136986841, 0, 0, 0, 0, 0, 0, 0, 0.223287891, -0.0954854004, -0.0975717285, 0, 0, 0, 0, 0, 0, 0, 1, 1, 1, 
117.369771, 0.1, 0.1, 0.0962552326, 0.178818889, -0.0199680216, 0.914206912, -1.57326671e-005, -0.405247728, 0.405247728, -6.8651207e-006, 0.914206912, -1.71649876e-005, -1, 9.94868108e-008, 0.914206884, -9.81843465e-006, -0.405247792, 0.405247792, 2.65049321e-006, 0.914206884, -7.90197403e-006, -1, 6.4019981e-006, 0.166693628, -0.144892529, -0.136986841, 0, 0, 0, 0, 0, 0, 0, 0.223387109, -0.0964418457, -0.0974918945, 0, 0, 0, 0, 0, 0, 0, 1, 1, 1, 
117.370476, 0.1, 0.1, 0.0962552352, 0.178818888, -0.0199673781, 0.914206949, 1.99105219e-005, -0.405247645, 0.405247645, 1.54733193e-005, 0.914206949, 2.44728637e-005, -1, 6.07712393e-006, 0.914206954, 2.33875931e-005, -0.405247634, 0.405247634, 1.13753119e-005, 0.914206954, 2.59909185e-005, -1, 9.2162242e-007, 0.166693628, -0.144892529, -0.136986841, 0, 0, 0, 0, 0, 0, 0, 0.223387109, -0.0964418457, -0.0974918945, 0, 0, 0, 0, 0, 0, 0, 1, 1, 1, 
117.371186, 0.1, 0.1, 0.0962552341, 0.178818886, -0.0199673086, 0.914206916, -1.07767037e-005, -0.40524772, 0.40524772, -4.69476419e-007, 0.914206916, -1.00423913e-005, -1, 3.93803602e-006, 0.914206918, -1.41607981e-005, -0.405247715, 0.405247714, -1.95800692e-005, 0.914206918, -2.08806779e-005, -1, -1.21616036e-005, 0.166693628, -0.144892529, -0.136986841, 0, 0, 0, 0, 0, 0, 0, 0.223387109, -0.0964418457, -0.0974918945, 0, 0, 0, 0, 0, 0, 0, 1, 1, 1, 
117.371894, 0.1, 0.1, 0.0962552361, 0.178818886, -0.0199677612, 0.914207012, -9.7624939e-006, -0.405247503, 0.405247503, -1.33366143e-005, 0.914207012, -1.432957e-005, -1, -8.2362e-006, 0.914206982, 1.24284599e-005, -0.405247571, 0.405247571, -1.06023801e-005, 0.914206982, 7.06559608e-006, -1, -1.47293731e-005, 0.166693628, -0.144892529, -0.136986841, 0, 0, 0, 0, 0, 0, 0, 0.223387109, -0.0964418457, -0.0974918945, 0, 0, 0, 0, 0, 0, 0, 1, 1, 1, 
117.3726, 0.1, 0.1, 0.0962552345, 0.178818886, -0.0199685931, 0.914207225, 1.95623592e-005, -0.405247024, 0.405247024, -9.88918881e-007, 0.914207225, 1.74832937e-005, -1, -8.83166463e-006, 0.914207184, 8.89474053e-006, -0.405247116, 0.405247116, -1.38793642e-006, 0.914207184, 7.56917845e-006, -1, -4.8734294e-006, 0.166693628, -0.144892529, -0.136986841, 0, 0, 0, 0, 0, 0, 0, 0.223387109, -0.0964418457, -0.0974918945, 0, 0, 0, 0, 0, 0, 0, 1, 1, 1, 
117.37331, 0.1, 0.1, 0.0962552328, 0.178818887, -0.0199695346, 0.914207354, -1.80195066e-005, -0.405246731, 0.405246731, -1.16282152e-005, 0.914207354, -2.11858616e-005, -1, -3.32825368e-006, 0.914207342, -2.50706372e-005, -0.405246759, 0.405246759, 1.32103734e-006, 0.914207342, -2.23844145e-005, -1, 1.13674965e-005, 0.166693628, -0.144892529, -0.136986841, 0, 0, 0, 0, 0, 0, 0, 0.223387109, -0.0964418457, -0.0974918945, 0, 0, 0, 0, 0, 0, 0, 1, 1, 1, 
117.374046, 0.1, 0.1, 0.0962552345, 0.178818889, -0.0199700359, 0.914207317, 5.37843677e-006, -0.405246815, 0.405246815, 1.48234943e-005, 0.914207317, 1.09241801e-005, -1, 1.13721526e-005, 0.914207332, 1.28285563e-005, -0.405246781, 0.405246781, 2.40205271e-005, 0.914207332, 2.14622015e-005, -1, 1.67610109e-005, 0.166716577, -0.145757544, -0.136897363, 0, 0, 0, 0, 0, 0, 0, 0.223291162, -0.097128418, -0.0976289551, 0, 0, 0, 0, 0, 0, 0, 1, 1, 1, 
117.374754, 0.1, 0.1, 0.0962552331, 0.178818889, -0.0199700904, 0.914207259, 6.56592146e-006, -0.405246945, 0.405246945, 1.66534797e-005, 0.914207259, 1.27513848e-005, -1, 1.25639124e-005, 0.914207261, -9.62836146e-006, -0.405246941, 0.405246941, 5.91611018e-006, 0.914207261, -6.40483241e-006, -1, 9.31041492e-006, 0.166716577, -0.145757544, -0.136897363, 0, 0, 0, 0, 0, 0, 0, 0.223291162, -0.097128418, -0.0976289551, 0, 0, 0, 0, 0, 0, 0, 1, 1, 1, 
117.375471, 0.1, 0.1, 0.0962552343, 0.178818888, -0.0199697996, 0.914207343, -2.10920353e-005, -0.405246755, 0.405246755, -3.171171e-006, 0.914207344, -2.05676003e-005, -1, 5.64837104e-006, 0.914207312, -6.77831485e-006, -0.405246826, 0.405246826, -1.23323066e-005, 0.914207312, -1.11944131e-005, -1, -8.52739429e-006, 0.166716577, -0.145757544, -0.136897363, 0, 0, 0, 0, 0, 0, 0, 0.223291162, -0.097128418, -0.0976289551, 0, 0, 0, 0, 0, 0, 0, 1, 1, 1, 
117.376182, 0.1, 0.1, 0.0962552356, 0.178818888, -0.0199692265, 0.914207507, 2.24089213e-005, -0.405246387, 0.405246387, -1.55293178e-006, 0.914207507, 1.98570841e-005, -1, -1.05008363e-005, 0.914207477, 2.5340102e-005, -0.405246454, 0.405246454, -5.656647e-006, 0.914207477, 2.08737745e-005, -1, -1.54403354e-005, 0.166716577, -0.145757544, -0.136897363, 0, 0, 0, 0, 0, 0, 0, 0.223291162, -0.097128418, -0.0976289551, 0, 0, 0, 0, 0, 0, 0, 1, 1, 1, 
117.376895, 0.1, 0.1, 0.0962552338, 0.178818887, -0.0199685835, 0.914207564, -1.57748696e-006, -0.405246258, 0.405246258, -1.97562468e-005, 0.914207564, -9.44829561e-006, -1, -1.74220396e-005, 0.914207567, -1.37010111e-005, -0.405246252, 0.405246252, -2.00039412e-005, 0.914207567, -2.06320902e-005, -1, -1.27354711e-005, 0.166716577, -0.145757544, -0.136897363, 0, 0, 0, 0, 0, 0, 0, 0.223291162, -0.097128418, -0.0976289551, 0, 0, 0, 0, 0, 0, 0, 1, 1, 1, 
117.377607, 0.1, 0.1, 0.0962552358, 0.178818887, -0.0199680942, 0.91420747, -7.11688429e-006, -0.40524647, 0.40524647, -1.56773761e-005, 0.91420747, -1.28595101e-005, -1, -1.14482821e-005, 0.914207494, 6.14371166e-006, -0.405246416, 0.405246416, 6.59853835e-006, 0.914207494, 8.29066126e-006, -1, 3.54271608e-006, 0.166716577, -0.145757544, -0.136897363, 0, 0, 0, 0, 0, 0, 0, 0.223291162, -0.097128418, -0.0976289551, 0, 0, 0, 0, 0, 0, 0, 1, 1, 1, 
117.378318, 0.1, 0.1, 0.096255235, 0.178818886, -0.0199679005, 0.914207406, 1.66991897e-005, -0.405246614, 0.405246613, 1.14234039e-005, 0.914207407, 1.98958186e-005, -1, 3.6760704e-006, 0.914207406, 5.23503101e-006, -0.405246614, 0.405246614, 1.24445858e-005, 0.914207406, 9.8290304e-006, -1, 9.25545394e-006, 0.166716577, -0.145757544, -0.136897363, 0, 0, 0, 0, 0, 0, 0, 0.223291162, -0.097128418, -0.0976289551, 0, 0, 0, 0, 0, 0, 0, 1, 1, 1, 
117.379054, 0.1, 0.1, 0.0962552342, 0.178818885, -0.0199677835, 0.914207507, -2.5376316e-005, -0.405246386, 0.405246387, 2.78471786e-007, 0.914207507, -2.30863689e-005, -1, 1.05382414e-005, 0.914207476, -2.4527028e-005, -0.405246456, 0.405246456, -5.20960688e-006, 0.914207476, -2.45339671e-005, -1, 5.17682962e-006, 0.166890381, -0.146425195, -0.137054932, 0, 0, 0, 0, 0, 0, 0, 0.223205469, -0.0978633301, -0.0975842773, 0, 0, 0, 0, 0, 0, 0, 1, 1, 1, 
117.379763, 0.1, 0.1, 0.0962552365, 0.178818885, -0.0199679851, 0.914207661, 6.20266182e-006, -0.405246039, 0.405246039, 1.12165054e-005, 0.914207661, 1.02159653e-005, -1, 7.74061103e-006, 0.914207635, 2.23322101e-005, -0.405246097, 0.405246097, 1.45911306e-006, 0.914207636, 2.10075769e-005, -1, -7.71610868e-006, 0.166890381, -0.146425195, -0.137054932, 0, 0, 0, 0, 0, 0, 0, 0.223205469, -0.0978633301, -0.0975842773, 0, 0, 0, 0, 0, 0, 0, 1, 1, 1, 
117.380471, 0.1, 0.1, 0.096255235, 0.178818884, -0.0199684917, 0.914207672, 1.39272368e-005, -0.405246014, 0.405246014, -1.0440312e-006, 0.914207672, 1.23092973e-005, -1, -6.59841854e-006, 0.914207682, -2.45506356e-006, -0.405245992, 0.405245991, -1.46139742e-005, 0.914207682, -8.16669243e-006, -1, -1.23653028e-005, 0.166890381, -0.146425195, -0.137054932, 0, 0, 0, 0, 0, 0, 0, 0.223205469, -0.0978633301, -0.0975842773, 0, 0, 0, 0, 0, 0, 0, 1, 1, 1, 
117.381193, 0.1, 0.1, 0.0962552355, 0.178818885, -0.0199691092, 0.914207555, -1.51493852e-005, -0.405246278, 0.405246278, -1.81049971e-005, 0.914207555, -2.11866651e-005, -1, -1.04124931e-005, 0.91420758, -7.30500246e-006, -0.405246223, 0.405246223, -9.39003884e-006, 0.91420758, -1.04835664e-005, -1, -5.62412003e-006, 0.166890381, -0.146425195, -0.137054932, 0, 0, 0, 0, 0, 0, 0, 0.223205469, -0.0978633301, -0.0975842773, 0, 0, 0, 0, 0, 0, 0, 1, 1, 1, 
117.381915, 0.1, 0.1, 0.0962552358, 0.178818886, -0.0199693717, 0.91420751, 1.92791521e-005, -0.405246381, 0.405246381, 1.1195478e-006, 0.91420751, 1.80788384e-005, -1, -6.78930762e-006, 0.914207505, 1.42451453e-005, -0.40524639, 0.40524639, 1.52190953e-005, 0.914207506, 1.91905022e-005, -1, 8.14061745e-006, 0.166950806, -0.147305225, -0.136628223, 0, 0, 0, 0, 0, 0, 0, 0.223174463, -0.0983515625, -0.0973480957, 0, 0, 0, 0, 0, 0, 0, 1, 1, 1, 
117.382625, 0.1, 0.1, 0.0962552335, 0.178818886, -0.0199695193, 0.914207618, -1.19812612e-005, -0.405246135, 0.405246135, 1.7891503e-006, 0.914207618, -1.0228314e-005, -1, 6.49101462e-006, 0.91420759, -2.41833947e-005, -0.4052462, 0.4052462, 2.26290415e-006, 0.91420759, -2.11916096e-005, -1, 1.18689929e-005, 0.166950806, -0.147305225, -0.136628223, 0, 0, 0, 0, 0, 0, 0, 0.223174463, -0.0983515625, -0.0973480957, 0, 0, 0, 0, 0, 0, 0, 1, 1, 1, 
117.383335, 0.1, 0.1, 0.0962552357, 0.178818886, -0.0199695075, 0.914207738, -1.3802606e-005, -0.405245867, 0.405245867, 4.62320043e-006, 0.914207738, -1.07449163e-005, -1, 9.82001462e-006, 0.914207725, 5.90156068e-006, -0.405245895, 0.405245895, 9.01931183e-006, 0.914207725, 9.05029146e-006, -1, 5.85394131e-006, 0.166950806, -0.147305225, -0.136628223, 0, 0, 0, 0, 0, 0, 0, 0.223174463, -0.0983515625, -0.0973480957, 0, 0, 0, 0, 0, 0, 0, 1, 1, 1, 
117.384046, 0.1, 0.1, 0.0962552357, 0.178818885, -0.0199693302, 0.914207706, 1.79117597e-005, -0.405245937, 0.405245937, 1.3267812e-005, 0.914207706, 2.17517957e-005, -1, 4.87086816e-006, 0.914207727, 1.53809656e-005, -0.40524589, 0.40524589, -3.9373025e-006, 0.914207727, 1.2465822e-005, -1, -9.83258548e-006, 0.166950806, -0.147305225, -0.136628223, 0, 0, 0, 0, 0, 0, 0, 0.223174463, -0.0983515625, -0.0973480957, 0, 0, 0, 0, 0, 0, 0, 1, 1, 1, 
117.384766, 0.1, 0.1, 0.0962552353, 0.178818884, -0.0199689748, 0.914207584, -1.47184333e-005, -0.405246212, 0.405246212, -1.66833834e-005, 0.914207585, -2.02165813e-005, -1, -9.28748632e-006, 0.914207606, -1.33548139e-005, -0.405246164, 0.405246163, -2.20033615e-005, 0.914207606, -2.11258503e-005, -1, -1.47036533e-005, 0.166950806, -0.147305225, -0.136628223, 0, 0, 0, 0, 0, 0, 0, 0.223174463, -0.0983515625, -0.0973480957, 0, 0, 0, 0, 0, 0, 0, 1, 1, 1, 
117.385489, 0.1, 0.1, 0.0962552374, 0.178818885, -0.0199685417, 0.914207568, 1.41463913e-005, -0.40524625, 0.40524625, -1.06671821e-005, 0.914207568, 8.60990242e-006, -1, -1.54847906e-005, 0.914207558, 2.27027247e-005, -0.405246272, 0.405246272, -2.05136911e-006, 0.914207558, 1.99236928e-005, -1, -1.10755717e-005, 0.166950806, -0.147305225, -0.136628223, 0, 0, 0, 0, 0, 0, 0, 0.223174463, -0.0983515625, -0.0973480957, 0, 0, 0, 0, 0, 0, 0, 1, 1, 1, 
117.386228, 0.1, 0.1, 0.0962552354, 0.178818884, -0.0199679772, 0.914207704, 1.55475055e-005, -0.405245942, 0.405245942, -2.44721113e-006, 0.914207704, 1.32219269e-005, -1, -8.53782278e-006, 0.914207673, -1.00031731e-005, -0.405246013, 0.405246013, 2.57911428e-006, 0.914207673, -8.09980183e-006, -1, 6.41159209e-006, 0.166901978, -0.147744873, -0.136544849, 0, 0, 0, 0, 0, 0, 0, 0.222853809, -0.0988449219, -0.0972851074, 0, 0, 0, 0, 0, 0, 0, 1, 1, 1, 
117.386937, 0.1, 0.1, 0.0962552364, 0.178818885, -0.0199675893, 0.914207801, -2.097879e-005, -0.405245723, 0.405245723, -1.78806824e-006, 0.914207801, -1.99035804e-005, -1, 6.86689898e-006, 0.914207795, -1.39383256e-005, -0.405245736, 0.405245736, 7.68046214e-006, 0.914207795, -9.63005139e-006, -1, 1.26699854e-005, 0.166901978, -0.147744873, -0.136544849, 0, 0, 0, 0, 0, 0, 0, 0.222853809, -0.0988449219, -0.0972851074, 0, 0, 0, 0, 0, 0, 0, 1, 1, 1, 
117.387651, 0.1, 0.1, 0.0962552377, 0.178818885, -0.0199676273, 0.914207732, 1.41614876e-005, -0.40524588, 0.40524588, 2.0279407e-005, 0.914207732, 2.11646876e-005, -1, 1.28007061e-005, 0.914207757, 1.75488299e-005, -0.405245824, 0.405245823, 1.63173326e-005, 0.914207757, 2.26558073e-005, -1, 7.80584196e-006, 0.166901978, -0.147744873, -0.136544849, 0, 0, 0, 0, 0, 0, 0, 0.222853809, -0.0988449219, -0.0972851074, 0, 0, 0, 0, 0, 0, 0, 1, 1, 1, 
117.388358, 0.1, 0.1, 0.0962552357, 0.178818884, -0.0199680863, 0.914207605, -1.44148969e-005, -0.405246166, 0.405246166, 2.42684653e-006, 0.914207605, -1.21947381e-005, -1, 8.06022325e-006, 0.914207626, -1.81546955e-005, -0.405246119, 0.405246119, -1.55941753e-005, 0.914207626, -2.29166401e-005, -1, -6.89919404e-006, 0.166901978, -0.147744873, -0.136544849, 0, 0, 0, 0, 0, 0, 0, 0.222853809, -0.0988449219, -0.0972851074, 0, 0, 0, 0, 0, 0, 0, 1, 1, 1, 
117.389066, 0.1, 0.1, 0.0962552373, 0.178818884, -0.0199688213, 0.914207616, -9.16860991e-006, -0.405246141, 0.405246141, -1.26001298e-005, 0.914207616, -1.3488167e-005, -1, -7.80359084e-006, 0.914207602, 1.13566522e-005, -0.405246173, 0.405246173, -9.42647275e-006, 0.914207602, 6.56229579e-006, -1, -1.32199929e-005, 0.166901978, -0.147744873, -0.136544849, 0, 0, 0, 0, 0, 0, 0, 0.222853809, -0.0988449219, -0.0972851074, 0, 0, 0, 0, 0, 0, 0, 1, 1, 1, 
117.389777, 0.1, 0.1, 0.0962552363, 0.178818884, -0.0199695756, 0.914207749, 2.30326437e-005, -0.40524584, 0.405245841, -3.25538391e-006, 0.914207749, 1.97373906e-005, -1, -1.23099803e-005, 0.914207723, 1.21867278e-005, -0.405245899, 0.405245899, -3.14880313e-006, 0.914207723, 9.86516113e-006, -1, -7.81728161e-006, 0.166901978, -0.147744873, -0.136544849, 0, 0, 0, 0, 0, 0, 0, 0.222853809, -0.0988449219, -0.0972851074, 0, 0, 0, 0, 0, 0, 0, 1, 1, 1, 
117.390483, 0.1, 0.1, 0.0962552356, 0.178818884, -0.019970141, 0.914207811, -1.26592354e-005, -0.405245701, 0.405245701, -1.57077838e-005, 0.914207811, -1.79386837e-005, -1, -9.23007793e-006, 0.914207811, -1.94488581e-005, -0.4052457, 0.4052457, -2.86890848e-006, 0.914207811, -1.89429108e-005, -1, 5.25878759e-006, 0.166901978, -0.147744873, -0.136544849, 0, 0, 0, 0, 0, 0, 0, 0.222853809, -0.0988449219, -0.0972851074, 0, 0, 0, 0, 0, 0, 0, 1, 1, 1, 
117.391223, 0.1, 0.1, 0.0962552381, 0.178818886, -0.01997008, 0.914207715, 7.59838772e-006, -0.405245918, 0.405245918, 1.05291356e-005, 0.914207715, 1.12133939e-005, -1, 6.54660136e-006, 0.914207741, 1.56953481e-005, -0.405245859, 0.405245859, 1.97277388e-005, 0.914207741, 2.23433932e-005, -1, 1.16747767e-005, 0.166424243, -0.148404346, -0.136679956, 0, 0, 0, 0, 0, 0, 0, 0.222567822, -0.0993414551, -0.0972501953, 0, 0, 0, 0, 0, 0, 0, 1, 1, 1, 
117.391928, 0.1, 0.1, 0.0962552366, 0.178818885, -0.0199696156, 0.914207608, 5.20156081e-006, -0.405246159, 0.405246159, 1.42591419e-005, 0.914207608, 1.0533769e-005, -1, 1.09279035e-005, 0.914207618, -1.06273897e-005, -0.405246136, 0.405246136, 2.83438297e-006, 0.914207618, -8.56701787e-006, -1, 6.89792311e-006, 0.166424243, -0.148404346, -0.136679956, 0, 0, 0, 0, 0, 0, 0, 0.222567822, -0.0993414551, -0.0972501953, 0, 0, 0, 0, 0, 0, 0, 1, 1, 1, 
117.392642, 0.1, 0.1, 0.0962552374, 0.178818884, -0.0199690061, 0.914207651, -2.30198514e-005, -0.405246061, 0.405246061, -3.89085057e-006, 0.914207651, -2.26216761e-005, -1, 5.77165875e-006, 0.914207628, -8.52443897e-006, -0.405246114, 0.405246114, -1.36515586e-005, 0.914207628, -1.33253482e-005, -1, -9.02586322e-006, 0.166424243, -0.148404346, -0.136679956, 0, 0, 0, 0, 0, 0, 0, 0.222567822, -0.0993414551, -0.0972501953, 0, 0, 0, 0, 0, 0, 0, 1, 1, 1, 
117.393352, 0.1, 0.1, 0.0962552385, 0.178818884, -0.0199684095, 0.914207782, 2.19139918e-005, -0.405245766, 0.405245766, 1.52550064e-008, 0.914207782, 2.00401238e-005, -1, -8.86660614e-006, 0.914207759, 2.47909765e-005, -0.405245819, 0.405245819, -4.60508859e-006, 0.914207759, 2.07979101e-005, -1, -1.42564473e-005, 0.166424243, -0.148404346, -0.136679956, 0, 0, 0, 0, 0, 0, 0, 0.222567822, -0.0993414551, -0.0972501953, 0, 0, 0, 0, 0, 0, 0, 1, 1, 1, 
117.394056, 0.1, 0.1, 0.0962552366, 0.178818883, -0.0199680895, 0.914207808, -1.92322015e-006, -0.405245707, 0.405245707, -1.67567925e-005, 0.914207808, -8.54884109e-006, -1, -1.45398138e-005, 0.914207816, -1.42498966e-005, -0.405245689, 0.405245689, -1.72035319e-005, 0.914207816, -1.9999024e-005, -1, -9.95289419e-006, 0.166424243, -0.148404346, -0.136679956, 0, 0, 0, 0, 0, 0, 0, 0.222567822, -0.0993414551, -0.0972501953, 0, 0, 0, 0, 0, 0, 0, 1, 1, 1, 
117.394768, 0.1, 0.1, 0.0962552386, 0.178818884, -0.0199680892, 0.914207687, -6.92964645e-006, -0.405245981, 0.405245981, -1.18670924e-005, 0.914207687, -1.11442276e-005, -1, -8.04077575e-006, 0.914207716, 6.36647831e-006, -0.405245914, 0.405245914, 1.03675918e-005, 0.914207716, 1.00217078e-005, -1, 6.89814312e-006, 0.166424243, -0.148404346, -0.136679956, 0, 0, 0, 0, 0, 0, 0, 0.222567822, -0.0993414551, -0.0972501953, 0, 0, 0, 0, 0, 0, 0, 1, 1, 1, 
117.395489, 0.1, 0.1, 0.0962552378, 0.178818884, -0.0199683266, 0.9142076, 1.72174257e-005, -0.405246177, 0.405246177, 1.43954851e-005, 0.9142076, 2.15740167e-005, -1, 6.18316598e-006, 0.914207604, 4.86246258e-006, -0.405246168, 0.405246168, 1.56999196e-005, 0.914207604, 1.08076325e-005, -1, 1.23824915e-005, 0.166424243, -0.148404346, -0.136679956, 0, 0, 0, 0, 0, 0, 0, 0.222567822, -0.0993414551, -0.0972501953, 0, 0, 0, 0, 0, 0, 0, 1, 1, 1, 
117.396208, 0.1, 0.1, 0.0962552374, 0.178818884, -0.0199685393, 0.914207677, -2.24022782e-005, -0.405246002, 0.405246002, 2.41869478e-006, 0.914207678, -1.95001684e-005, -1, 1.1289623e-005, 0.914207651, -2.1521832e-005, -0.405246061, 0.405246061, -2.54632291e-006, 0.914207651, -2.07073109e-005, -1, 6.39376978e-006, 0.166655273, -0.148439624, -0.137168774, 0, 0, 0, 0, 0, 0, 0, 0.2226646, -0.0994967285, -0.0972272461, 0, 0, 0, 0, 0, 0, 0, 1, 1, 1, 
117.396924, 0.1, 0.1, 0.0962552401, 0.178818884, -0.0199687936, 0.914207812, 8.16470868e-006, -0.4052457, 0.4052457, 1.09410883e-005, 0.914207812, 1.18980694e-005, -1, 6.69371528e-006, 0.914207789, 2.42127282e-005, -0.40524575, 0.40524575, 1.82863809e-006, 0.914207789, 2.28765125e-005, -1, -8.14035002e-006, 0.166655273, -0.148439624, -0.137168774, 0, 0, 0, 0, 0, 0, 0, 0.2226646, -0.0994967285, -0.0972272461, 0, 0, 0, 0, 0, 0, 0, 1, 1, 1, 
117.397634, 0.1, 0.1, 0.0962552389, 0.178818883, -0.0199690961, 0.914207807, 1.49943659e-005, -0.405245709, 0.405245709, -2.87189824e-006, 0.914207807, 1.25441419e-005, -1, -8.70191424e-006, 0.91420782, -8.43586031e-007, -0.40524568, 0.40524568, -1.59693246e-005, 0.91420782, -7.24271277e-006, -1, -1.42574219e-005, 0.166655273, -0.148439624, -0.137168774, 0, 0, 0, 0, 0, 0, 0, 0.2226646, -0.0994967285, -0.0972272461, 0, 0, 0, 0, 0, 0, 0, 1, 1, 1, 
117.398366, 0.1, 0.1, 0.0962552395, 0.178818883, -0.0199691307, 0.914207676, -1.54723193e-005, -0.405246007, 0.405246006, -2.10877829e-005, 0.914207676, -2.26906528e-005, -1, -1.30085174e-005, 0.914207701, -8.16284077e-006, -0.405245949, 0.405245949, -1.29343737e-005, 0.914207701, -1.27041344e-005, -1, -8.51674588e-006, 0.166927563, -0.148662744, -0.138040356, 0, 0, 0, 0, 0, 0, 0, 0.222711328, -0.0998203125, -0.0975611816, 0, 0, 0, 0, 0, 0, 0, 1, 1, 1, 
117.399075, 0.1, 0.1, 0.0962552398, 0.178818884, -0.0199690659, 0.914207619, 1.9420333e-005, -0.405246133, 0.405246133, -2.1254357e-006, 0.914207619, 1.68928918e-005, -1, -9.81310435e-006, 0.914207617, 1.41608263e-005, -0.405246138, 0.405246138, 1.20674906e-005, 0.914207617, 1.78362392e-005, -1, 5.29357163e-006, 0.166927563, -0.148662744, -0.138040356, 0, 0, 0, 0, 0, 0, 0, 0.222711328, -0.0998203125, -0.0975611816, 0, 0, 0, 0, 0, 0, 0, 1, 1, 1, 
117.399786, 0.1, 0.1, 0.0962552374, 0.178818883, -0.0199689786, 0.914207718, -1.19589879e-005, -0.405245912, 0.405245912, 3.83260796e-007, 0.914207718, -1.07776842e-005, -1, 5.19671094e-006, 0.91420769, -2.45468895e-005, -0.405245973, 0.405245973, 4.55069151e-007, 0.91420769, -2.22565402e-005, -1, 1.03635558e-005, 0.166927563, -0.148662744, -0.138040356, 0, 0, 0, 0, 0, 0, 0, 0.222711328, -0.0998203125, -0.0975611816, 0, 0, 0, 0, 0, 0, 0, 1, 1, 1, 
117.400493, 0.1, 0.1, 0.0962552397, 0.178818883, -0.019968929, 0.914207828, -1.31343991e-005, -0.405245662, 0.405245662, 5.13076143e-006, 0.914207828, -9.9283517e-006, -1, 1.00132405e-005, 0.914207818, 6.6630701e-006, -0.405245686, 0.405245686, 9.21487572e-006, 0.914207818, 9.82571941e-006, -1, 5.72413101e-006, 0.166927563, -0.148662744, -0.138040356, 0, 0, 0, 0, 0, 0, 0, 0.222711328, -0.0998203125, -0.0975611816, 0, 0, 0, 0, 0, 0, 0, 1, 1, 1, 
117.401199, 0.1, 0.1, 0.0962552398, 0.178818882, -0.0199689764, 0.914207787, 1.82808901e-005, -0.405245754, 0.405245754, 1.38676418e-005, 0.914207788, 2.2332335e-005, -1, 5.26965308e-006, 0.91420781, 1.5803007e-005, -0.405245702, 0.405245702, -3.49906913e-006, 0.91420781, 1.30292497e-005, -1, -9.60297701e-006, 0.166927563, -0.148662744, -0.138040356, 0, 0, 0, 0, 0, 0, 0, 0.222711328, -0.0998203125, -0.0975611816, 0, 0, 0, 0, 0, 0, 0, 1, 1, 1, 
117.401905, 0.1, 0.1, 0.0962552394, 0.178818881, -0.0199690651, 0.91420766, -1.4522944e-005, -0.405246042, 0.405246042, -1.57803919e-005, 0.91420766, -1.9671928e-005, -1, -8.54118959e-006, 0.914207682, -1.2941773e-005, -0.405245991, 0.405245991, -2.08613372e-005, 0.914207682, -2.02854416e-005, -1, -1.38269932e-005, 0.166927563, -0.148662744, -0.138040356, 0, 0, 0, 0, 0, 0, 0, 0.222711328, -0.0998203125, -0.0975611816, 0, 0, 0, 0, 0, 0, 0, 1, 1, 1, 
117.402615, 0.1, 0.1, 0.0962552413, 0.178818882, -0.0199691586, 0.914207634, 1.31516145e-005, -0.405246101, 0.405246101, -9.10665909e-006, 0.914207634, 8.33286828e-006, -1, -1.36550178e-005, 0.914207626, 2.1455384e-005, -0.405246118, 0.405246118, -6.7699717e-007, 0.914207626, 1.93403252e-005, -1, -9.31362707e-006, 0.166927563, -0.148662744, -0.138040356, 0, 0, 0, 0, 0, 0, 0, 0.222711328, -0.0998203125, -0.0975611816, 0, 0, 0, 0, 0, 0, 0, 1, 1, 1, 
117.403346, 0.1, 0.1, 0.0962552385, 0.178818882, -0.0199689406, 0.914207759, 1.02424503e-005, -0.405245818, 0.405245818, -1.51473047e-006, 0.914207759, 8.74988939e-006, -1, -5.53548852e-006, 0.91420773, -1.46274034e-005, -0.405245885, 0.405245885, 3.32582353e-006, 0.91420773, -1.2024709e-005, -1, 8.96818861e-006, 0.167210107, -0.148928101, -0.138622681, 0, 0, 0, 0, 0, 0, 0, 0.223072119, -0.100348584, -0.0979744629, 0, 0, 0, 0, 0, 0, 0, 1, 1, 1, 
117.404054, 0.1, 0.1, 0.0962552387, 0.178818883, -0.0199687743, 0.914207849, -2.23915056e-005, -0.405245615, 0.405245615, -6.34697836e-007, 0.914207849, -2.07276987e-005, -1, 8.49381373e-006, 0.914207844, -1.64496945e-005, -0.405245627, 0.405245627, 8.53116412e-006, 0.914207844, -1.15812228e-005, -1, 1.44654239e-005, 0.167210107, -0.148928101, -0.138622681, 0, 0, 0, 0, 0, 0, 0, 0.223072119, -0.100348584, -0.0979744629, 0, 0, 0, 0, 0, 0, 0, 1, 1, 1, 
117.404763, 0.1, 0.1, 0.09625524, 0.178818883, -0.0199687117, 0.914207779, 1.48648505e-005, -0.405245772, 0.405245772, 2.01023001e-005, 0.91420778, 2.17359341e-005, -1, 1.23537614e-005, 0.914207804, 1.74629669e-005, -0.405245716, 0.405245716, 1.63762203e-005, 0.914207804, 2.26011738e-005, -1, 7.89447588e-006, 0.167210107, -0.148928101, -0.138622681, 0, 0, 0, 0, 0, 0, 0, 0.223072119, -0.100348584, -0.0979744629, 0, 0, 0, 0, 0, 0, 0, 1, 1, 1, 
117.405469, 0.1, 0.1, 0.0962552385, 0.178818882, -0.0199687837, 0.914207657, -1.01335064e-005, -0.405246049, 0.405246049, 2.82450509e-006, 0.914207657, -8.11950962e-006, -1, 6.68874761e-006, 0.914207677, -1.42081544e-005, -0.405246003, 0.405246002, -1.48580774e-005, 0.914207677, -1.90103803e-005, -1, -7.82557071e-006, 0.167210107, -0.148928101, -0.138622681, 0, 0, 0, 0, 0, 0, 0, 0.223072119, -0.100348584, -0.0979744629, 0, 0, 0, 0, 0, 0, 0, 1, 1, 1, 
117.406176, 0.1, 0.1, 0.0962552408, 0.178818883, -0.0199689603, 0.914207666, -6.15993251e-006, -0.405246027, 0.405246027, -1.23778916e-005, 0.914207666, -1.06475489e-005, -1, -8.81967526e-006, 0.914207653, 1.45080934e-005, -0.405246058, 0.405246058, -9.30558723e-006, 0.914207653, 9.49235747e-006, -1, -1.43865867e-005, 0.167210107, -0.148928101, -0.138622681, 0, 0, 0, 0, 0, 0, 0, 0.223072119, -0.100348584, -0.0979744629, 0, 0, 0, 0, 0, 0, 0, 1, 1, 1, 
117.406929, 0.1, 0.1, 0.0962552396, 0.178818883, -0.0199686434, 0.914207816, 2.40100246e-005, -0.405245688, 0.405245688, -1.11568313e-006, 0.914207817, 2.14980264e-005, -1, -1.07499252e-005, 0.914207788, 1.29202e-005, -0.405245752, 0.405245752, -8.95403563e-007, 0.914207789, 1.1448889e-005, -1, -6.05444107e-006, 0.167210107, -0.148928101, -0.138622681, 0, 0, 0, 0, 0, 0, 0, 0.223072119, -0.100348584, -0.0979744629, 0, 0, 0, 0, 0, 0, 0, 1, 1, 1, 
117.407654, 0.1, 0.1, 0.0962552385, 0.178818883, -0.0199683264, 0.914207883, -1.52277814e-005, -0.405245538, 0.405245537, -1.61248405e-005, 0.914207883, -2.04558775e-005, -1, -8.57046584e-006, 0.914207884, -2.25049768e-005, -0.405245536, 0.405245536, -2.32995152e-006, 0.914207884, -2.15184297e-005, -1, 6.98998133e-006, 0.167015186, -0.149806787, -0.139052808, 0, 0, 0, 0, 0, 0, 0, 0.223072119, -0.100348584, -0.0979744629, 0, 0, 0, 0, 0, 0, 0, 1, 1, 1, 
117.408375, 0.1, 0.1, 0.0962552406, 0.178818884, -0.0199679869, 0.914207784, 5.9513988e-006, -0.405245761, 0.405245761, 9.20091508e-006, 0.914207784, 9.16944695e-006, -1, 5.99976905e-006, 0.914207812, 1.44158992e-005, -0.4052457, 0.405245699, 1.89670467e-005, 0.914207812, 2.08654417e-005, -1, 1.14978411e-005, 0.167015186, -0.149806787, -0.139052808, 0, 0, 0, 0, 0, 0, 0, 0.223015479, -0.101249854, -0.0983674805, 0, 0, 0, 0, 0, 0, 0, 1, 1, 1, 
117.409078, 0.1, 0.1, 0.0962552387, 0.178818883, -0.0199680343, 0.914207674, 4.55456728e-006, -0.405246011, 0.405246011, 1.29464037e-005, 0.914207674, 9.41029882e-006, -1, 9.98998139e-006, 0.914207684, -1.25632191e-005, -0.405245987, 0.405245987, 6.53248431e-007, 0.914207684, -1.12206651e-005, -1, 5.68839886e-006, 0.167015186, -0.149806787, -0.139052808, 0, 0, 0, 0, 0, 0, 0, 0.223015479, -0.101249854, -0.0983674805, 0, 0, 0, 0, 0, 0, 0, 1, 1, 1, 
117.409784, 0.1, 0.1, 0.0962552396, 0.178818882, -0.019968447, 0.914207717, -2.18677467e-005, -0.405245912, 0.405245912, -4.93246829e-006, 0.914207717, -2.19905255e-005, -1, 4.3525144e-006, 0.914207694, -7.26129404e-006, -0.405245966, 0.405245965, -1.4923492e-005, 0.914207694, -1.26860158e-005, -1, -1.07005611e-005, 0.167015186, -0.149806787, -0.139052808, 0, 0, 0, 0, 0, 0, 0, 0.223015479, -0.101249854, -0.0983674805, 0, 0, 0, 0, 0, 0, 0, 1, 1, 1, 
117.410502, 0.1, 0.1, 0.0962552411, 0.178818882, -0.0199689997, 0.914207851, 2.40747696e-005, -0.405245611, 0.405245611, -5.70859944e-007, 0.914207851, 2.17780049e-005, -1, -1.02780794e-005, 0.914207828, 2.66838781e-005, -0.405245663, 0.405245663, -5.13116206e-006, 0.914207828, 2.23152291e-005, -1, -1.55044744e-005, 0.167015186, -0.149806787, -0.139052808, 0, 0, 0, 0, 0, 0, 0, 0.222865479, -0.101974512, -0.0978188477, 0, 0, 0, 0, 0, 0, 0, 1, 1, 1, 
117.411206, 0.1, 0.1, 0.0962552397, 0.178818881, -0.0199694689, 0.914207879, -1.45417097e-007, -0.405245547, 0.405245547, -1.71829442e-005, 0.914207879, -7.09625308e-006, -1, -1.56498534e-005, 0.914207887, -1.15863327e-005, -0.405245531, 0.40524553, -1.73035684e-005, 0.914207887, -1.76045105e-005, -1, -1.11237491e-005, 0.167015186, -0.149806787, -0.139052808, 0, 0, 0, 0, 0, 0, 0, 0.222865479, -0.101974512, -0.0978188477, 0, 0, 0, 0, 0, 0, 0, 1, 1, 1, 
117.411912, 0.1, 0.1, 0.0962552418, 0.178818882, -0.0199698396, 0.914207767, -5.74625804e-006, -0.4052458, 0.4052458, -1.30356333e-005, 0.914207767, -1.05359094e-005, -1, -9.58863031e-006, 0.914207795, 6.93282328e-006, -0.405245738, 0.405245738, 7.93150303e-006, 0.914207795, 9.55224888e-006, -1, 4.44154481e-006, 0.167015186, -0.149806787, -0.139052808, 0, 0, 0, 0, 0, 0, 0, 0.222865479, -0.101974512, -0.0978188477, 0, 0, 0, 0, 0, 0, 0, 1, 1, 1, 
117.412629, 0.1, 0.1, 0.0962552411, 0.178818881, -0.0199699739, 0.914207687, 1.59653276e-005, -0.405245981, 0.405245981, 1.13587219e-005, 0.914207687, 1.91987016e-005, -1, 3.91434604e-006, 0.914207691, 4.58882557e-006, -0.405245973, 0.405245973, 1.2669972e-005, 0.914207691, 9.32959474e-006, -1, 9.72338272e-006, 0.167015186, -0.149806787, -0.139052808, 0, 0, 0, 0, 0, 0, 0, 0.222865479, -0.101974512, -0.0978188477, 0, 0, 0, 0, 0, 0, 0, 1, 1, 1, 
117.413337, 0.1, 0.1, 0.0962552405, 0.17881888, -0.0199697441, 0.914207759, -2.2137854e-005, -0.405245819, 0.405245819, 9.2061051e-007, 0.914207759, -1.98655243e-005, -1, 9.81290203e-006, 0.914207734, -2.12746327e-005, -0.405245874, 0.405245874, -3.86677238e-006, 0.914207734, -2.10164273e-005, -1, 5.08642391e-006, 0.167064136, -0.150946924, -0.13834624, 0, 0, 0, 0, 0, 0, 0, 0.222865479, -0.101974512, -0.0978188477, 0, 0, 0, 0, 0, 0, 0, 1, 1, 1, 
117.414044, 0.1, 0.1, 0.0962552428, 0.178818881, -0.0199693386, 0.914207884, 6.27010528e-006, -0.405245537, 0.405245537, 9.70762871e-006, 0.914207884, 9.66615289e-006, -1, 6.33385853e-006, 0.914207863, 2.20329309e-005, -0.405245584, 0.405245584, 6.93543376e-007, 0.914207863, 2.04237341e-005, -1, -8.29470513e-006, 0.167064136, -0.150946924, -0.13834624, 0, 0, 0, 0, 0, 0, 0, 0.222865479, -0.101974512, -0.0978188477, 0, 0, 0, 0, 0, 0, 0, 1, 1, 1, 
117.414756, 0.1, 0.1, 0.0962552412, 0.178818879, -0.0199688285, 0.914207875, 1.40014169e-005, -0.405245556, 0.405245556, -2.26005828e-006, 0.914207875, 1.1884327e-005, -1, -7.74017505e-006, 0.914207889, -1.96417333e-006, -0.405245526, 0.405245526, -1.57421219e-005, 0.914207889, -8.17508722e-006, -1, -1.35955996e-005, 0.167064136, -0.150946924, -0.13834624, 0, 0, 0, 0, 0, 0, 0, 0.222865479, -0.101974512, -0.0978188477, 0, 0, 0, 0, 0, 0, 0, 1, 1, 1, 
117.415487, 0.1, 0.1, 0.0962552417, 0.17881888, -0.0199682171, 0.914207738, -1.61569919e-005, -0.405245865, 0.405245865, -1.97120568e-005, 0.914207738, -2.27590765e-005, -1, -1.14733607e-005, 0.914207765, -8.91474532e-006, -0.405245806, 0.405245806, -1.17071636e-005, 0.914207765, -1.28942083e-005, -1, -7.0901167e-006, 0.167285547, -0.151871265, -0.137809448, 0, 0, 0, 0, 0, 0, 0, 0.223112646, -0.102750928, -0.097460498, 0, 0, 0, 0, 0, 0, 0, 1, 1, 1, 
117.416193, 0.1, 0.1, 0.0962552421, 0.178818881, -0.0199678487, 0.91420768, 2.11214368e-005, -0.405245996, 0.405245997, 1.50061726e-006, 0.91420768, 1.99174989e-005, -1, -7.18750187e-006, 0.914207678, 1.56493615e-005, -0.405246001, 0.405246001, 1.58001852e-005, 0.914207678, 2.07097283e-005, -1, 8.10280941e-006, 0.167285547, -0.151871265, -0.137809448, 0, 0, 0, 0, 0, 0, 0, 0.223112646, -0.102750928, -0.097460498, 0, 0, 0, 0, 0, 0, 0, 1, 1, 1, 
117.416899, 0.1, 0.1, 0.09625524, 0.178818881, -0.0199679152, 0.91420778, -1.07124333e-005, -0.40524577, 0.40524577, 4.06488993e-006, 0.91420778, -8.14611042e-006, -1, 8.05732228e-006, 0.914207753, -2.36058809e-005, -0.405245832, 0.405245833, 4.23179191e-006, 0.914207753, -1.98657633e-005, -1, 1.34349218e-005, 0.167285547, -0.151871265, -0.137809448, 0, 0, 0, 0, 0, 0, 0, 0.223112646, -0.102750928, -0.097460498, 0, 0, 0, 0, 0, 0, 0, 1, 1, 1, 
117.417608, 0.1, 0.1, 0.0962552426, 0.178818882, -0.019968329, 0.914207895, -1.20252671e-005, -0.405245512, 0.405245512, 7.96588686e-006, 0.914207895, -7.76545423e-006, -1, 1.21556622e-005, 0.914207883, 8.32979568e-006, -0.405245538, 0.405245537, 1.23565592e-005, 0.914207883, 1.26226054e-005, -1, 7.92085131e-006, 0.167285547, -0.151871265, -0.137809448, 0, 0, 0, 0, 0, 0, 0, 0.223112646, -0.102750928, -0.097460498, 0, 0, 0, 0, 0, 0, 0, 1, 1, 1, 
117.418316, 0.1, 0.1, 0.0962552427, 0.178818881, -0.0199689285, 0.914207854, 1.8363133e-005, -0.405245605, 0.405245604, 1.43837722e-005, 0.914207854, 2.26166808e-005, -1, 5.70817864e-006, 0.914207876, 1.59927245e-005, -0.405245553, 0.405245554, -2.66521797e-006, 0.914207876, 1.35406069e-005, -1, -8.91754374e-006, 0.167285547, -0.151871265, -0.137809448, 0, 0, 0, 0, 0, 0, 0, 0.223112646, -0.102750928, -0.097460498, 0, 0, 0, 0, 0, 0, 0, 1, 1, 1, 
117.419024, 0.1, 0.1, 0.0962552422, 0.178818881, -0.0199695604, 0.914207726, -1.48543108e-005, -0.405245894, 0.405245893, -1.62203971e-005, 0.914207726, -2.0153175e-005, -1, -8.8091639e-006, 0.914207749, -1.31085911e-005, -0.405245842, 0.405245842, -2.09845999e-005, 0.914207749, -2.04878974e-005, -1, -1.38720818e-005, 0.167285547, -0.151871265, -0.137809448, 0, 0, 0, 0, 0, 0, 0, 0.223112646, -0.102750928, -0.097460498, 0, 0, 0, 0, 0, 0, 0, 1, 1, 1, 
117.419732, 0.1, 0.1, 0.0962552439, 0.178818881, -0.01997, 0.914207698, 1.25991443e-005, -0.405245955, 0.405245955, -1.06313593e-005, 0.914207698, 7.20991935e-006, -1, -1.48250227e-005, 0.914207691, 2.04334434e-005, -0.405245972, 0.405245972, -2.11410236e-006, 0.914207691, 1.78236796e-005, -1, -1.02132993e-005, 0.167285547, -0.151871265, -0.137809448, 0, 0, 0, 0, 0, 0, 0, 0.223112646, -0.102750928, -0.097460498, 0, 0, 0, 0, 0, 0, 0, 1, 1, 1, 
117.420468, 0.1, 0.1, 0.0962552415, 0.178818881, -0.0199698889, 0.914207819, 1.22156398e-005, -0.405245683, 0.405245683, -3.71599132e-006, 0.914207819, 9.66174398e-006, -1, -8.34752361e-006, 0.914207791, -1.1879424e-005, -0.405245746, 0.405245746, 1.19941033e-006, 0.914207791, -1.03742061e-005, -1, 5.91059633e-006, 0.167662329, -0.15235791, -0.137414478, 0, 0, 0, 0, 0, 0, 0, 0.223290234, -0.103110889, -0.0970638184, 0, 0, 0, 0, 0, 0, 0, 1, 1, 1, 
117.421177, 0.1, 0.1, 0.096255242, 0.178818881, -0.0199694568, 0.914207904, -2.09135455e-005, -0.405245491, 0.405245491, -3.38461331e-006, 0.914207904, -2.04909279e-005, -1, 5.38087977e-006, 0.914207899, -1.49764967e-005, -0.405245501, 0.405245501, 5.2110256e-006, 0.9142079, -1.15798869e-005, -1, 1.08331187e-005, 0.167662329, -0.15235791, -0.137414478, 0, 0, 0, 0, 0, 0, 0, 0.223290234, -0.103110889, -0.0970638184, 0, 0, 0, 0, 0, 0, 0, 1, 1, 1, 
117.421882, 0.1, 0.1, 0.0962552433, 0.178818881, -0.0199689553, 0.914207835, 1.45209777e-005, -0.405245646, 0.405245646, 1.88531344e-005, 0.914207835, 2.09153422e-005, -1, 1.13511202e-005, 0.91420786, 1.73066224e-005, -0.405245591, 0.405245591, 1.48153059e-005, 0.91420786, 2.18256876e-005, -1, 6.53083665e-006, 0.167662329, -0.15235791, -0.137414478, 0, 0, 0, 0, 0, 0, 0, 0.223290234, -0.103110889, -0.0970638184, 0, 0, 0, 0, 0, 0, 0, 1, 1, 1, 
117.422591, 0.1, 0.1, 0.0962552417, 0.17881888, -0.01996856, 0.914207713, -1.07413739e-005, -0.405245923, 0.405245923, 3.99975112e-006, 0.914207713, -8.19896403e-006, -1, 8.0095013e-006, 0.914207733, -1.48903641e-005, -0.405245876, 0.405245876, -1.4473279e-005, 0.914207733, -1.94781227e-005, -1, -7.19732491e-006, 0.167662329, -0.15235791, -0.137414478, 0, 0, 0, 0, 0, 0, 0, 0.223290234, -0.103110889, -0.0970638184, 0, 0, 0, 0, 0, 0, 0, 1, 1, 1, 
117.42331, 0.1, 0.1, 0.0962552441, 0.178818881, -0.0199681926, 0.914207727, -6.72701526e-006, -0.405245891, 0.405245891, -1.04244696e-005, 0.914207727, -1.03743628e-005, -1, -6.80403541e-006, 0.914207712, 1.47424214e-005, -0.405245924, 0.405245924, -7.4551254e-006, 0.914207712, 1.04564762e-005, -1, -1.27898393e-005, 0.167662329, -0.15235791, -0.137414478, 0, 0, 0, 0, 0, 0, 0, 0.223359668, -0.103427637, -0.0971955078, 0, 0, 0, 0, 0, 0, 0, 1, 1, 1, 
117.424016, 0.1, 0.1, 0.0962552434, 0.178818881, -0.0199681321, 0.914207865, 2.48595069e-005, -0.405245579, 0.405245579, -1.01762794e-006, 0.914207865, 2.23143675e-005, -1, -1.10045287e-005, 0.914207838, 1.4075617e-005, -0.40524564, 0.40524564, -6.6362527e-007, 0.914207838, 1.25991081e-005, -1, -6.31077385e-006, 0.167662329, -0.15235791, -0.137414478, 0, 0, 0, 0, 0, 0, 0, 0.223359668, -0.103427637, -0.0971955078, 0, 0, 0, 0, 0, 0, 0, 1, 1, 1, 
117.42474, 0.1, 0.1, 0.0962552419, 0.178818881, -0.0199682395, 0.914207928, -1.77448187e-005, -0.405245436, 0.405245436, -1.6227073e-005, 0.914207928, -2.27984012e-005, -1, -7.64391194e-006, 0.91420793, -2.47084915e-005, -0.405245432, 0.405245432, -2.28811101e-006, 0.91420793, -2.35159454e-005, -1, 7.92119407e-006, 0.167662329, -0.15235791, -0.137414478, 0, 0, 0, 0, 0, 0, 0, 0.223359668, -0.103427637, -0.0971955078, 0, 0, 0, 0, 0, 0, 0, 1, 1, 1, 
117.425462, 0.1, 0.1, 0.0962552435, 0.178818883, -0.0199683732, 0.914207825, 3.4135782e-006, -0.405245668, 0.405245668, 9.31170112e-006, 0.914207825, 6.89424645e-006, -1, 7.12949226e-006, 0.914207853, 1.17472519e-005, -0.405245606, 0.405245606, 1.90069992e-005, 0.914207853, 1.84419328e-005, -1, 1.26158257e-005, 0.167782422, -0.152366699, -0.137512231, 0, 0, 0, 0, 0, 0, 0, 0.223359668, -0.103427637, -0.0971955078, 0, 0, 0, 0, 0, 0, 0, 1, 1, 1, 
117.426168, 0.1, 0.1, 0.0962552413, 0.178818881, -0.0199686884, 0.914207711, 3.39599185e-006, -0.405245928, 0.405245928, 1.19084877e-005, 0.914207711, 7.93050808e-006, -1, 9.5106194e-006, 0.914207722, -1.38449066e-005, -0.405245901, 0.405245901, -8.86886312e-008, 0.914207722, -1.26930612e-005, -1, 5.5295118e-006, 0.167782422, -0.152366699, -0.137512231, 0, 0, 0, 0, 0, 0, 0, 0.223359668, -0.103427637, -0.0971955078, 0, 0, 0, 0, 0, 0, 0, 1, 1, 1, 
117.426874, 0.1, 0.1, 0.0962552422, 0.17881888, -0.0199691175, 0.914207749, -2.04986344e-005, -0.405245842, 0.405245841, -6.1237316e-006, 0.914207749, -2.12216272e-005, -1, 2.70862348e-006, 0.914207727, -6.60662627e-006, -0.405245891, 0.405245891, -1.57456833e-005, 0.914207727, -1.24207022e-005, -1, -1.17175172e-005, 0.167782422, -0.152366699, -0.137512231, 0, 0, 0, 0, 0, 0, 0, 0.223359668, -0.103427637, -0.0971955078, 0, 0, 0, 0, 0, 0, 0, 1, 1, 1, 
117.427619, 0.1, 0.1, 0.0962552443, 0.178818879, -0.0199693719, 0.914207879, 2.69841968e-005, -0.405245548, 0.405245548, -1.14306663e-006, 0.914207879, 2.42059426e-005, -1, -1.19802261e-005, 0.914207855, 2.97405719e-005, -0.405245601, 0.405245601, -6.43184005e-006, 0.914207855, 2.45825895e-005, -1, -1.79322746e-005, 0.167308472, -0.15277229, -0.138205737, 0, 0, 0, 0, 0, 0, 0, 0.223359668, -0.103427637, -0.0971955078, 0, 0, 0, 0, 0, 0, 0, 1, 1, 1, 
117.428325, 0.1, 0.1, 0.0962552436, 0.178818879, -0.0199692507, 0.914207899, 3.71097189e-006, -0.405245503, 0.405245503, -1.67251039e-005, 0.914207899, -3.38517334e-006, -1, -1.67940768e-005, 0.914207907, -7.93231364e-006, -0.405245484, 0.405245483, -1.71284496e-005, 0.914207907, -1.41930107e-005, -1, -1.24444298e-005, 0.167308472, -0.15277229, -0.138205737, 0, 0, 0, 0, 0, 0, 0, 0.223177295, -0.103909277, -0.0976889648, 0, 0, 0, 0, 0, 0, 0, 1, 1, 1, 
117.429028, 0.1, 0.1, 0.0962552463, 0.17881888, -0.0199691258, 0.914207779, -3.5212819e-006, -0.405245774, 0.405245774, -1.22092892e-005, 0.914207778, -8.16694615e-006, -1, -9.73484255e-006, 0.914207808, 9.80966511e-006, -0.405245708, 0.405245708, 9.17687637e-006, 0.914207808, 1.26869622e-005, -1, 4.41424735e-006, 0.167308472, -0.15277229, -0.138205737, 0, 0, 0, 0, 0, 0, 0, 0.223177295, -0.103909277, -0.0976889648, 0, 0, 0, 0, 0, 0, 0, 1, 1, 1, 
