time, realDorsalTactorPos, realVentralTactorPos, boxPosX, boxPosY, boxPosZ, boxLocalRot_11, boxLocalRot_12, boxLocalRot_13, boxLocalRot_21, boxLocalRot_22, boxLocalRot_23, boxLocalRot_31, boxLocalRot_32, boxLocalRot_33, boxGlobalRot_11, boxGlobalRot_12, boxGlobalRot_13], boxGlobalRot_21, boxGlobalRot_22, boxGlobalRot_23, boxGlobalRot_31, boxGlobalRot_32, boxGlobalRot_33, indexPosX, indexPosY, indexPosZ, indexContact, indexForceX, indexForceY, indexForceZ, indexForceGlobalX, indexForceGlobalY, indexForceGlobalZ, thumbPosX, thumbPosY, thumbPosZ, thumbContact, thumbForceX, thumbForceY, thumbForceZ, thumbForceGlobalX, thumbForceGlobalY, thumbForceGlobalZ, hoopSuccess, targetSuccess, trialSuccess, 
150.331386, 0.1, 0.1, 0.120336606, 0.189927948, -0.0199560298, 0.999985847, 0.00532036553, 2.0102716e-005, 0.00532036534, -0.999985847, 9.4444417e-006, 2.01526794e-005, -9.33735424e-006, -1, 0.99998585, 0.00531979238, 1.32596521e-005, 0.00531979243, -0.99998585, -3.69296458e-006, 1.32398187e-005, 3.76345092e-006, -1, 0.0932561279, -0.129718408, -0.156679541, 0, 0, 0, 0, 0, 0, 0, 0.17631709, -0.0759062988, -0.146129102, 0, 0, 0, 0, 0, 0, 0, 1, 1, 1, 
150.333554, 0.1, 0.1, 0.120336596, 0.189927935, -0.0199512606, 0.999985805, 0.00532814547, -1.21388903e-005, 0.00532814562, -0.999985805, 1.31682831e-005, -1.20685554e-005, -1.32327739e-005, -1, 0.999985806, 0.00532802242, 3.54600832e-007, 0.00532802242, -0.999985806, -1.05719509e-005, 2.98268207e-007, 1.05736902e-005, -1, 0.0940155762, -0.131872095, -0.156163477, 0, 0, 0, 0, 0, 0, 0, 0.176606055, -0.0807331543, -0.1464146, 0, 0, 0, 0, 0, 0, 0, 1, 1, 1, 
150.334262, 0.1, 0.1, 0.120336597, 0.189927937, -0.0199673204, 0.999985803, 0.00532854484, -4.86164345e-007, 0.00532854484, -0.999985803, -1.6079562e-006, -4.9472551e-007, 1.60534282e-006, -1, 0.999985803, 0.00532849032, -1.84632167e-006, 0.00532849031, -0.999985803, -6.34908984e-006, -1.88012652e-006, 6.3391616e-006, -1, 0.0940155762, -0.131872095, -0.156163477, 0, 0, 0, 0, 0, 0, 0, 0.176606055, -0.0807331543, -0.1464146, 0, 0, 0, 0, 0, 0, 0, 1, 1, 1, 
150.334968, 0.1, 0.1, 0.120336599, 0.189927938, -0.019982273, 0.999985802, 0.00532881983, -9.53552387e-006, 0.00532881973, -0.999985802, -1.01267929e-005, -9.58935234e-006, 1.00758361e-005, -1, 0.999985802, 0.0053287496, -4.39602316e-006, 0.00532874962, -0.999985802, 4.38950575e-006, -4.37257017e-006, -4.41286874e-006, -1, 0.0940155762, -0.131872095, -0.156163477, 0, 0, 0, 0, 0, 0, 0, 0.176606055, -0.0807331543, -0.1464146, 0, 0, 0, 0, 0, 0, 0, 1, 1, 1, 
150.335675, 0.1, 0.1, 0.120336601, 0.189927935, -0.0199919121, 0.999985799, 0.00532925992, 1.52007249e-005, 0.00532926014, -0.999985799, -1.45760219e-005, 1.51228297e-005, 1.46568236e-005, -1, 0.9999858, 0.00532916014, 9.08578185e-006, 0.00532916032, -0.9999858, -2.04730218e-005, 8.97654882e-006, 2.05211507e-005, -1, 0.0940155762, -0.131872095, -0.156163477, 0, 0, 0, 0, 0, 0, 0, 0.176606055, -0.0807331543, -0.1464146, 0, 0, 0, 0, 0, 0, 0, 1, 1, 1, 
150.336393, 0.1, 0.1, 0.120336605, 0.189927936, -0.0199939869, 0.999985796, 0.00532987945, 9.05789676e-006, 0.00532987929, -0.999985796, 1.75869596e-005, 9.15150448e-006, -1.75384323e-005, -1, 0.999985797, 0.00532973564, 1.4608725e-005, 0.00532973542, -0.999985797, 1.4774682e-005, 1.46872627e-005, -1.46966115e-005, -1, 0.0940155762, -0.131872095, -0.156163477, 0, 0, 0, 0, 0, 0, 0, 0.176606055, -0.0807331543, -0.1464146, 0, 0, 0, 0, 0, 0, 0, 1, 1, 1, 
150.337107, 0.1, 0.1, 0.120336605, 0.189927938, -0.0199883215, 0.999985792, 0.00533062291, -1.28890686e-005, 0.00533062277, -0.999985792, -1.10010961e-005, -1.29475281e-005, 1.09322331e-005, -1, 0.999985793, 0.00533046538, -1.50388501e-005, 0.00533046539, -0.999985793, 6.6154533e-007, -1.50351101e-005, -7.41700001e-007, -1, 0.0945144287, -0.133361426, -0.155753345, 0, 0, 0, 0, 0, 0, 0, 0.176497754, -0.0828759277, -0.146002539, 0, 0, 0, 0, 0, 0, 0, 1, 1, 1, 
150.337811, 0.1, 0.1, 0.120336606, 0.189927937, -0.0199776287, 0.999985787, 0.00533152586, -2.38425327e-007, 0.00533152587, -0.999985787, 1.3712271e-005, -1.65314611e-007, -1.37133472e-005, -1, 0.999985788, 0.0053313375, 8.45329014e-006, 0.00533133753, -0.999985788, -3.70893762e-006, 8.4333964e-006, 3.75395225e-006, -1, 0.0945144287, -0.133361426, -0.155753345, 0, 0, 0, 0, 0, 0, 0, 0.176497754, -0.0828759277, -0.146002539, 0, 0, 0, 0, 0, 0, 0, 1, 1, 1, 
150.338515, 0.1, 0.1, 0.120336607, 0.189927938, -0.0199656036, 0.999985783, 0.00533230722, -7.715065e-006, 0.00533230709, -0.999985783, -1.65665634e-005, -7.80329332e-006, 1.65251888e-005, -1, 0.999985784, 0.00533216375, -7.04603998e-006, 0.00533216369, -0.999985784, -8.32639548e-006, -7.09033752e-006, 8.28870647e-006, -1, 0.0945144287, -0.133361426, -0.155753345, 0, 0, 0, 0, 0, 0, 0, 0.176497754, -0.0828759277, -0.146002539, 0, 0, 0, 0, 0, 0, 0, 1, 1, 1, 
150.339253, 0.1, 0.1, 0.120336608, 0.189927938, -0.0199555394, 0.999985779, 0.00533316875, 1.79289957e-006, 0.00533316875, -0.999985779, -8.57931587e-007, 1.78829858e-006, 8.67481222e-007, -1, 0.99998578, 0.00533296723, -1.33502849e-005, 0.00533296716, -0.99998578, -4.81172722e-006, -1.33757559e-005, 4.74046216e-006, -1, 0.0945144287, -0.133361426, -0.155753345, 0, 0, 0, 0, 0, 0, 0, 0.176497754, -0.0828759277, -0.146002539, 0, 0, 0, 0, 0, 0, 0, 1, 1, 1, 
150.340007, 0.1, 0.1, 0.120336608, 0.189927939, -0.0199492167, 0.999985772, 0.00533439996, 2.97874445e-005, 0.00533440093, -0.999985771, -3.27288619e-005, 2.96124318e-005, 3.28872944e-005, -0.999999999, 0.999985773, 0.00533412893, -1.67673568e-006, 0.0053341289, -0.999985773, -2.10466629e-005, -1.78897743e-006, 2.10374196e-005, -1, 0.0945144287, -0.133361426, -0.155753345, 0, 0, 0, 0, 0, 0, 0, 0.176408496, -0.0853863281, -0.146003027, 0, 0, 0, 0, 0, 0, 0, 1, 1, 1, 
150.340722, 0.1, 0.1, 0.120336611, 0.189927943, -0.0199496452, 0.999985763, 0.00533598741, -3.50599241e-005, 0.00533598911, -0.999985762, 4.84753299e-005, -3.48007612e-005, -4.86617191e-005, -0.999999998, 0.999985765, 0.00533563583, -1.6710741e-005, 0.00533563663, -0.999985764, 4.81510768e-005, -1.64535865e-005, -4.82395538e-005, -0.999999999, 0.0945144287, -0.133361426, -0.155753345, 0, 0, 0, 0, 0, 0, 0, 0.176408496, -0.0853863281, -0.146003027, 0, 0, 0, 0, 0, 0, 0, 1, 1, 1, 
150.341451, 0.1, 0.1, 0.120336612, 0.189927936, -0.0199559268, 0.999985753, 0.00533783821, 1.99068147e-005, 0.00533783982, -0.99998575, -8.16283284e-005, 1.94708122e-005, 8.17334248e-005, -0.999999996, 0.999985755, 0.00533747756, 1.99694629e-005, 0.00533747895, -0.999985753, -6.99468136e-005, 1.95958388e-005, 7.00524038e-005, -0.999999997, 0.0945144287, -0.133361426, -0.155753345, 0, 0, 0, 0, 0, 0, 0, 0.176408496, -0.0853863281, -0.146003027, 0, 0, 0, 0, 0, 0, 0, 1, 1, 1, 
150.34216, 0.1, 0.1, 0.120336609, 0.189927932, -0.0199651983, 0.999985747, 0.00533907814, -1.62439452e-005, 0.0053390788, -0.999985746, 4.10742127e-005, -1.60244152e-005, -4.1160355e-005, -0.999999999, 0.999985747, 0.00533892073, -2.83679122e-005, 0.0053389211, -0.999985748, 1.3009995e-005, -2.82980486e-005, -1.31612636e-005, -1, 0.0950004639, -0.135106714, -0.155017944, 0, 0, 0, 0, 0, 0, 0, 0.176408496, -0.0853863281, -0.146003027, 0, 0, 0, 0, 0, 0, 0, 1, 1, 1, 
150.342878, 0.1, 0.1, 0.120336613, 0.189927942, -0.01997473, 0.999985744, 0.00533955279, 1.97886381e-006, 0.00533955275, -0.999985744, 1.94661614e-005, 2.0827762e-006, -1.94553177e-005, -1, 0.999985745, 0.0053394835, 1.52062764e-005, 0.00533948285, -0.999985744, 4.25105971e-005, 1.54330443e-005, -4.24287974e-005, -0.999999999, 0.0950004639, -0.135106714, -0.155017944, 0, 0, 0, 0, 0, 0, 0, 0.176408496, -0.0853863281, -0.146003027, 0, 0, 0, 0, 0, 0, 0, 1, 1, 1, 
150.343596, 0.1, 0.1, 0.120336608, 0.189927935, -0.0199815939, 0.999985742, 0.00533991576, -2.90599758e-005, 0.00533991424, -0.999985741, -5.22368098e-005, -2.93385016e-005, 5.20808872e-005, -0.999999998, 0.999985742, 0.00533983312, -3.54085681e-005, 0.00533983122, -0.999985742, -5.34063637e-005, -3.56932443e-005, 5.32165265e-005, -0.999999998, 0.0950004639, -0.135106714, -0.155017944, 0, 0, 0, 0, 0, 0, 0, 0.176408496, -0.0853863281, -0.146003027, 0, 0, 0, 0, 0, 0, 0, 1, 1, 1, 
150.344336, 0.1, 0.1, 0.12033661, 0.189927933, -0.0199839112, 0.999985739, 0.00534049423, 1.34917227e-005, 0.00534049383, -0.999985739, 2.95660145e-005, 1.36494274e-005, -2.94935404e-005, -0.999999999, 0.99998574, 0.00534034065, 1.47405839e-005, 0.00534034046, -0.99998574, 1.23333411e-005, 1.4806238e-005, -1.22544455e-005, -1, 0.0958903809, -0.137104419, -0.15448418, 0, 0, 0, 0, 0, 0, 0, 0.176943311, -0.0877472168, -0.145983984, 0, 0, 0, 0, 0, 0, 0, 1, 1, 1, 
150.345047, 0.1, 0.1, 0.12033661, 0.18992794, -0.019981446, 0.999985735, 0.00534136988, -1.52568424e-006, 0.0053413699, -0.999985735, 1.77456386e-005, -1.43087645e-006, -1.77535347e-005, -1, 0.999985736, 0.00534118676, -7.85046699e-006, 0.00534118701, -0.999985735, 3.25718826e-005, -7.67638249e-006, -3.26133488e-005, -0.999999999, 0.0958903809, -0.137104419, -0.15448418, 0, 0, 0, 0, 0, 0, 0, 0.176943311, -0.0877472168, -0.145983984, 0, 0, 0, 0, 0, 0, 0, 1, 1, 1, 
150.345765, 0.1, 0.1, 0.120336613, 0.189927938, -0.0199753359, 0.99998573, 0.00534219672, -1.13608852e-005, 0.0053421966, -0.99998573, -1.00468827e-005, -1.14143955e-005, 9.98604729e-006, -1, 0.999985731, 0.00534205574, 5.15969155e-006, 0.00534205584, -0.999985731, -2.06226259e-005, 5.04945071e-006, 2.0649895e-005, -1, 0.0958903809, -0.137104419, -0.15448418, 0, 0, 0, 0, 0, 0, 0, 0.176943311, -0.0877472168, -0.145983984, 0, 0, 0, 0, 0, 0, 0, 1, 1, 1, 
150.34648, 0.1, 0.1, 0.120336613, 0.189927939, -0.0199677924, 0.999985728, 0.00534260813, 2.43070117e-005, 0.0053426085, -0.999985728, -1.51003639e-005, 2.42259895e-005, 1.52300112e-005, -1, 0.999985728, 0.00534256698, 1.53095923e-005, 0.0053425669, -0.999985728, 5.43521848e-006, 1.53384118e-005, -5.35334839e-006, -1, 0.0958903809, -0.137104419, -0.15448418, 0, 0, 0, 0, 0, 0, 0, 0.176943311, -0.0877472168, -0.145983984, 0, 0, 0, 0, 0, 0, 0, 1, 1, 1, 
150.34719, 0.1, 0.1, 0.120336613, 0.189927939, -0.0199613418, 0.999985728, 0.00534258795, -2.4561117e-005, 0.00534258871, -0.999985728, 3.08627001e-005, -2.43958797e-005, -3.09934796e-005, -0.999999999, 0.999985728, 0.00534263148, -2.6709977e-005, 0.00534263198, -0.999985728, 1.84101847e-005, -2.6611237e-005, -1.85526235e-005, -0.999999999, 0.0958903809, -0.137104419, -0.15448418, 0, 0, 0, 0, 0, 0, 0, 0.176943311, -0.0877472168, -0.145983984, 0, 0, 0, 0, 0, 0, 0, 1, 1, 1, 
150.347903, 0.1, 0.1, 0.120336617, 0.189927939, -0.0199575523, 0.999985731, 0.00534211695, 1.06709859e-005, 0.0053421172, -0.999985731, -2.31183829e-005, 1.05473326e-005, 2.31750587e-005, -1, 0.99998573, 0.00534224467, 2.67340625e-005, 0.00534224532, -0.99998573, -2.41837583e-005, 2.66044854e-005, 2.43262331e-005, -0.999999999, 0.0958903809, -0.137104419, -0.15448418, 0, 0, 0, 0, 0, 0, 0, 0.176943311, -0.0877472168, -0.145983984, 0, 0, 0, 0, 0, 0, 0, 1, 1, 1, 
150.348638, 0.1, 0.1, 0.120336614, 0.189927943, -0.0199573427, 0.999985736, 0.00534118567, 1.25065919e-005, 0.00534118548, -0.999985736, 1.51413096e-005, 1.25872861e-005, -1.50742936e-005, -1, 0.999985734, 0.00534140537, -1.70813546e-005, 0.00534140592, -0.999985734, 3.21859556e-005, -1.69091927e-005, -3.22767349e-005, -0.999999999, 0.0958903809, -0.137104419, -0.15448418, 0, 0, 0, 0, 0, 0, 0, 0.176943311, -0.0877472168, -0.145983984, 0, 0, 0, 0, 0, 0, 0, 1, 1, 1, 
150.349368, 0.1, 0.1, 0.120336616, 0.18992794, -0.0199602836, 0.999985743, 0.00533983018, -2.83788829e-005, 0.00533983043, -0.999985743, 8.5971481e-006, -2.8332571e-005, -8.74856395e-006, -1, 0.999985741, 0.00534013908, -1.52014563e-005, 0.00534013881, -0.999985741, -1.7740613e-005, -1.52959769e-005, 1.76591821e-005, -1, 0.0969515625, -0.139648193, -0.153958594, 0, 0, 0, 0, 0, 0, 0, 0.177186914, -0.0901711914, -0.145577295, 0, 0, 0, 0, 0, 0, 0, 1, 1, 1, 
150.350082, 0.1, 0.1, 0.120336617, 0.189927941, -0.0199655217, 0.999985751, 0.00533820833, 2.05448446e-005, 0.00533820881, -0.999985751, -2.3768639e-005, 2.041767e-005, 2.3877973e-005, -1, 0.99998575, 0.00533855027, 2.05703934e-005, 0.00533855054, -0.99998575, -1.27977066e-005, 2.05017791e-005, 1.29073403e-005, -1, 0.0969515625, -0.139648193, -0.153958594, 0, 0, 0, 0, 0, 0, 0, 0.177186914, -0.0901711914, -0.145577295, 0, 0, 0, 0, 0, 0, 0, 1, 1, 1, 
150.350801, 0.1, 0.1, 0.120336616, 0.189927941, -0.0199713428, 0.999985761, 0.00533640067, -1.01184458e-005, 0.00533640087, -0.999985761, 1.97894971e-005, -1.00126971e-005, -1.98432114e-005, -1, 0.999985759, 0.00533676116, -2.00071737e-005, 0.00533676154, -0.999985759, 1.88463491e-005, -1.99063104e-005, -1.89528542e-005, -1, 0.0969515625, -0.139648193, -0.153958594, 0, 0, 0, 0, 0, 0, 0, 0.177186914, -0.0901711914, -0.145577295, 0, 0, 0, 0, 0, 0, 0, 1, 1, 1, 
150.351511, 0.1, 0.1, 0.120336618, 0.189927941, -0.0199760095, 0.999985771, 0.00533450868, -4.6405533e-006, 0.00533450866, -0.999985771, -4.01875637e-006, -4.66192536e-006, 3.99394412e-006, -1, 0.999985769, 0.0053348858, 1.03068567e-005, 0.00533488592, -0.999985769, -1.20681555e-005, 1.02423278e-005, 1.21229697e-005, -1, 0.0969515625, -0.139648193, -0.153958594, 0, 0, 0, 0, 0, 0, 0, 0.177186914, -0.0901711914, -0.145577295, 0, 0, 0, 0, 0, 0, 0, 1, 1, 1, 
150.352214, 0.1, 0.1, 0.120336619, 0.189927943, -0.0199783014, 0.999985781, 0.00533260188, 1.73476292e-005, 0.00533260195, -0.999985782, -3.78141801e-006, 1.73272177e-005, 3.87387224e-006, -1, 0.999985779, 0.005332985, 1.09683927e-005, 0.00533298489, -0.999985779, 1.00253897e-005, 1.10217019e-005, -9.96675286e-006, -1, 0.0969515625, -0.139648193, -0.153958594, 0, 0, 0, 0, 0, 0, 0, 0.177186914, -0.0901711914, -0.145577295, 0, 0, 0, 0, 0, 0, 0, 1, 1, 1, 
150.352922, 0.1, 0.1, 0.12033662, 0.189927943, -0.0199777209, 0.999985792, 0.00533066105, -1.17636335e-005, 0.00533066124, -0.999985792, 1.62301263e-005, -1.16769491e-005, -1.62926037e-005, -1, 0.99998579, 0.00533104581, -1.25012056e-005, 0.00533104593, -0.99998579, 1.0055074e-005, -1.24474239e-005, -1.01215756e-005, -1, 0.0969515625, -0.139648193, -0.153958594, 0, 0, 0, 0, 0, 0, 0, 0.177186914, -0.0901711914, -0.145577295, 0, 0, 0, 0, 0, 0, 0, 1, 1, 1, 
150.353658, 0.1, 0.1, 0.120336623, 0.189927942, -0.0199743687, 0.999985803, 0.00532863654, 4.17954025e-006, 0.00532863662, -0.999985803, -1.78722266e-005, 4.08424631e-006, 1.78942442e-005, -1, 0.9999858, 0.00532906061, 1.48609311e-005, 0.00532906089, -0.9999858, -1.90641614e-005, 1.4759126e-005, 1.91430855e-005, -1, 0.098143335, -0.141568994, -0.153564331, 0, 0, 0, 0, 0, 0, 0, 0.177186914, -0.0901711914, -0.145577295, 0, 0, 0, 0, 0, 0, 0, 1, 1, 1, 
150.354373, 0.1, 0.1, 0.120336621, 0.189927944, -0.0199694992, 0.999985813, 0.00532660245, 1.22672048e-005, 0.00532660238, -0.999985814, 5.28528585e-006, 1.22951834e-005, -5.21986835e-006, -1, 0.999985811, 0.00532702676, -9.12516918e-006, 0.00532702691, -0.999985811, 1.69681175e-005, -9.03465009e-006, -1.70164868e-005, -1, 0.098143335, -0.141568994, -0.153564331, 0, 0, 0, 0, 0, 0, 0, 0.17783916, -0.0923638672, -0.145564111, 0, 0, 0, 0, 0, 0, 0, 1, 1, 1, 
150.355076, 0.1, 0.1, 0.120336623, 0.189927942, -0.0199648497, 0.999985825, 0.00532447642, -2.36367041e-005, 0.00532447673, -0.999985825, 1.2934427e-005, -2.35675e-005, -1.30600967e-005, -1, 0.999985822, 0.00532491437, -1.37357918e-005, 0.00532491423, -0.999985822, -1.02919571e-005, -1.37904009e-005, 1.02186693e-005, -1, 0.098143335, -0.141568994, -0.153564331, 0, 0, 0, 0, 0, 0, 0, 0.17783916, -0.0923638672, -0.145564111, 0, 0, 0, 0, 0, 0, 0, 1, 1, 1, 
150.355783, 0.1, 0.1, 0.120336625, 0.189927943, -0.0199617989, 0.999985837, 0.00532219936, 2.60797832e-005, 0.00532220002, -0.999985837, -2.53568937e-005, 2.59444593e-005, 2.54953364e-005, -0.999999999, 0.999985834, 0.00532266103, 2.77620137e-005, 0.00532266142, -0.999985834, -1.40117755e-005, 2.76870405e-005, 1.41593448e-005, -1, 0.098143335, -0.141568994, -0.153564331, 0, 0, 0, 0, 0, 0, 0, 0.17783916, -0.0923638672, -0.145564111, 0, 0, 0, 0, 0, 0, 0, 1, 1, 1, 
150.356514, 0.1, 0.1, 0.120336623, 0.189927944, -0.0199608377, 0.99998585, 0.00531967436, -1.40983033e-005, 0.00531967474, -0.99998585, 2.69073582e-005, -1.39549654e-005, -2.69819759e-005, -1, 0.999985847, 0.00532017024, -2.81163312e-005, 0.00532017101, -0.999985847, 2.75887728e-005, -2.79691563e-005, -2.7737966e-005, -0.999999999, 0.0991694824, -0.143471484, -0.152810376, 0, 0, 0, 0, 0, 0, 0, 0.178294775, -0.0943433105, -0.145137891, 0, 0, 0, 0, 0, 0, 0, 1, 1, 1, 
150.357218, 0.1, 0.1, 0.120336626, 0.189927942, -0.0199624258, 0.999985864, 0.00531711418, -1.16325122e-005, 0.00531711405, -0.999985864, -1.06919737e-005, -1.16891983e-005, 1.06299712e-005, -1, 0.999985861, 0.00531762515, 1.17154686e-005, 0.00531762542, -0.999985861, -2.33821417e-005, 1.15909655e-005, 2.34441096e-005, -1, 0.0991694824, -0.143471484, -0.152810376, 0, 0, 0, 0, 0, 0, 0, 0.178294775, -0.0943433105, -0.145137891, 0, 0, 0, 0, 0, 0, 0, 1, 1, 1, 
150.357919, 0.1, 0.1, 0.120336626, 0.189927945, -0.0199659452, 0.999985878, 0.00531442806, 2.42816649e-005, 0.00531442828, -0.999985878, -9.03995811e-006, 2.42332798e-005, 9.16887362e-006, -1, 0.999985875, 0.00531497184, 1.35866067e-005, 0.00531497167, -0.999985875, 1.26741081e-005, 1.36537773e-005, -1.26017167e-005, -1, 0.0991694824, -0.143471484, -0.152810376, 0, 0, 0, 0, 0, 0, 0, 0.178294775, -0.0943433105, -0.145137891, 0, 0, 0, 0, 0, 0, 0, 1, 1, 1, 
150.358626, 0.1, 0.1, 0.120336626, 0.189927944, -0.0199702308, 0.999985893, 0.0053116836, -1.74896479e-005, 0.00531168391, -0.999985893, 1.76111524e-005, -1.73958563e-005, -1.77038034e-005, -1, 0.99998589, 0.00531222823, -1.75696763e-005, 0.00531222838, -0.99998589, 8.52442367e-006, -1.75241447e-005, -8.61763753e-006, -1, 0.0991694824, -0.143471484, -0.152810376, 0, 0, 0, 0, 0, 0, 0, 0.178294775, -0.0943433105, -0.145137891, 0, 0, 0, 0, 0, 0, 0, 1, 1, 1, 
150.359334, 0.1, 0.1, 0.120336629, 0.189927943, -0.019973914, 0.999985907, 0.00530895652, 6.76875768e-006, 0.00530895665, -0.999985907, -1.89731777e-005, 6.66793451e-006, 1.90088453e-005, -1, 0.999985904, 0.00530950496, 1.59893737e-005, 0.00530950527, -0.999985904, -1.90896632e-005, 1.58877917e-005, 1.91742898e-005, -1, 0.0991694824, -0.143471484, -0.152810376, 0, 0, 0, 0, 0, 0, 0, 0.178294775, -0.0943433105, -0.145137891, 0, 0, 0, 0, 0, 0, 0, 1, 1, 1, 
150.360033, 0.1, 0.1, 0.120336627, 0.189927945, -0.0199759427, 0.999985921, 0.00530630112, 5.32011378e-006, 0.00530630109, -0.999985921, 5.78161405e-006, 5.35071786e-006, -5.75330253e-006, -1, 0.999985919, 0.00530681936, -9.83495917e-006, 0.00530681949, -0.999985919, 1.34433519e-005, -9.76347924e-006, -1.3495355e-005, -1, 0.0991694824, -0.143471484, -0.152810376, 0, 0, 0, 0, 0, 0, 0, 0.178294775, -0.0943433105, -0.145137891, 0, 0, 0, 0, 0, 0, 0, 1, 1, 1, 
150.360751, 0.1, 0.1, 0.120336628, 0.189927943, -0.0199758361, 0.999985936, 0.00530362595, -1.83513696e-005, 0.00530362615, -0.999985936, 1.0604659e-005, -1.82948683e-005, -1.07018387e-005, -1, 0.999985933, 0.00530419759, -1.1062239e-005, 0.00530419752, -0.999985933, -6.65921422e-006, -1.10974051e-005, 6.60044424e-006, -1, 0.0991694824, -0.143471484, -0.152810376, 0, 0, 0, 0, 0, 0, 0, 0.178294775, -0.0943433105, -0.145137891, 0, 0, 0, 0, 0, 0, 0, 1, 1, 1, 
150.361477, 0.1, 0.1, 0.12033663, 0.189927944, -0.0199734303, 0.99998595, 0.00530095876, 1.67951978e-005, 0.00530095905, -0.99998595, -1.71367201e-005, 1.67041208e-005, 1.722551e-005, -1, 0.999985947, 0.00530147171, 1.80886047e-005, 0.00530147187, -0.999985947, -9.34074054e-006, 1.80388308e-005, 9.43650551e-006, -1, 0.0999377197, -0.145146582, -0.152335425, 0, 0, 0, 0, 0, 0, 0, 0.178518848, -0.0963027344, -0.144678467, 0, 0, 0, 0, 0, 0, 0, 1, 1, 1, 
150.362184, 0.1, 0.1, 0.120336628, 0.189927946, -0.0199698771, 0.999985963, 0.00529837516, -6.59618112e-006, 0.00529837529, -0.999985963, 2.10134803e-005, -6.48475123e-006, -2.10481343e-005, -1, 0.999985961, 0.00529888604, -1.76556623e-005, 0.00529888644, -0.999985961, 2.23529359e-005, -1.75369688e-005, -2.24461774e-005, -1, 0.0999377197, -0.145146582, -0.152335425, 0, 0, 0, 0, 0, 0, 0, 0.178518848, -0.0963027344, -0.144678467, 0, 0, 0, 0, 0, 0, 0, 1, 1, 1, 
150.362892, 0.1, 0.1, 0.120336632, 0.189927944, -0.0199662976, 0.999985977, 0.00529575659, -1.24814421e-005, 0.00529575648, -0.999985977, -8.96933193e-006, -1.25287664e-005, 8.90310748e-006, -1, 0.999985975, 0.00529626934, 9.80276736e-006, 0.00529626954, -0.999985974, -2.06076307e-005, 9.69348631e-006, 2.06592597e-005, -1, 0.0999377197, -0.145146582, -0.152335425, 0, 0, 0, 0, 0, 0, 0, 0.178518848, -0.0963027344, -0.144678467, 0, 0, 0, 0, 0, 0, 0, 1, 1, 1, 
150.363603, 0.1, 0.1, 0.120336632, 0.189927946, -0.0199638193, 0.999985991, 0.00529304752, 2.39126463e-005, 0.00529304791, -0.999985992, -1.59880426e-005, 2.38276859e-005, 1.61143894e-005, -1, 0.999985989, 0.00529359596, 1.37199762e-005, 0.00529359586, -0.999985989, 7.91699886e-006, 1.37616934e-005, -7.84425992e-006, -1, 0.0999377197, -0.145146582, -0.152335425, 0, 0, 0, 0, 0, 0, 0, 0.178518848, -0.0963027344, -0.144678467, 0, 0, 0, 0, 0, 0, 0, 1, 1, 1, 
150.36432, 0.1, 0.1, 0.120336631, 0.189927945, -0.0199630072, 0.999986006, 0.00529023355, -2.61370933e-005, 0.00529023411, -0.999986006, 2.17260712e-005, -2.60217915e-005, -2.18640386e-005, -0.999999999, 0.999986003, 0.00529082084, -2.73885864e-005, 0.00529082111, -0.999986003, 9.7540622e-006, -2.73365961e-005, -9.89883378e-006, -1, 0.0999377197, -0.145146582, -0.152335425, 0, 0, 0, 0, 0, 0, 0, 0.178518848, -0.0963027344, -0.144678467, 0, 0, 0, 0, 0, 0, 0, 1, 1, 1, 
150.365035, 0.1, 0.1, 0.120336634, 0.189927944, -0.019963951, 0.999986022, 0.00528734561, 1.05468071e-005, 0.00528734587, -0.999986022, -2.44646891e-005, 1.04173064e-005, 2.45201117e-005, -1, 0.999986019, 0.00528791997, 2.26010235e-005, 0.00528792055, -0.999986019, -2.57168133e-005, 2.24647191e-005, 2.58359661e-005, -0.999999999, 0.0999377197, -0.145146582, -0.152335425, 0, 0, 0, 0, 0, 0, 0, 0.178518848, -0.0963027344, -0.144678467, 0, 0, 0, 0, 0, 0, 0, 1, 1, 1, 
150.365748, 0.1, 0.1, 0.120336632, 0.189927946, -0.019966268, 0.999986037, 0.00528441477, 1.19612501e-005, 0.00528441461, -0.999986037, 1.28177331e-005, 1.20288173e-005, -1.27543459e-005, -1, 0.999986034, 0.00528499017, -9.97242281e-006, 0.00528499041, -0.999986034, 2.40290831e-005, -9.84529007e-006, -2.40814517e-005, -1, 0.0999377197, -0.145146582, -0.152335425, 0, 0, 0, 0, 0, 0, 0, 0.178518848, -0.0963027344, -0.144678467, 0, 0, 0, 0, 0, 0, 0, 1, 1, 1, 
150.36649, 0.1, 0.1, 0.120336634, 0.189927944, -0.0199690433, 0.999986054, 0.00528130323, -1.90736507e-005, 0.0052813034, -0.999986054, 9.16824575e-006, -1.90249644e-005, -9.26885163e-006, -1, 0.999986051, 0.00528190527, -9.33890962e-006, 0.00528190517, -0.999986051, -1.06350457e-005, -9.39495265e-006, 1.05855701e-005, -1, 0.100891357, -0.146867944, -0.151756494, 0, 0, 0, 0, 0, 0, 0, 0.179448779, -0.0985083496, -0.144271777, 0, 0, 0, 0, 0, 0, 0, 1, 1, 1, 
150.367202, 0.1, 0.1, 0.120336635, 0.189927945, -0.0199713852, 0.999986069, 0.0052783409, 1.74243587e-005, 0.00527834124, -0.999986069, -1.98733226e-005, 1.73192178e-005, 1.99650174e-005, -1, 0.999986066, 0.00527893253, 1.85428328e-005, 0.00527893273, -0.999986066, -1.06171135e-005, 1.84865274e-005, 1.07148519e-005, -1, 0.100891357, -0.146867944, -0.151756494, 0, 0, 0, 0, 0, 0, 0, 0.179448779, -0.0985083496, -0.144271777, 0, 0, 0, 0, 0, 0, 0, 1, 1, 1, 
150.367916, 0.1, 0.1, 0.120336634, 0.189927946, -0.0199727891, 0.999986085, 0.00527540893, -9.06958186e-006, 0.00527540907, -0.999986085, 1.62673091e-005, -8.98363894e-006, -1.63149285e-005, -1, 0.999986082, 0.00527597994, -1.87613302e-005, 0.00527598025, -0.999986082, 1.65201432e-005, -1.86739092e-005, -1.66188977e-005, -1, 0.100891357, -0.146867944, -0.151756494, 0, 0, 0, 0, 0, 0, 0, 0.179448779, -0.0985083496, -0.144271777, 0, 0, 0, 0, 0, 0, 0, 1, 1, 1, 
150.368647, 0.1, 0.1, 0.120336636, 0.189927944, -0.0199728318, 0.9999861, 0.00527246019, -1.05472694e-005, 0.00527246012, -0.9999861, -7.03560263e-006, -1.05842177e-005, 6.97989478e-006, -1, 0.999986097, 0.00527302645, 6.89848779e-006, 0.00527302657, -0.999986097, -1.71865073e-005, 6.80776698e-006, 1.72226443e-005, -1, 0.101568555, -0.149165405, -0.150724023, 0, 0, 0, 0, 0, 0, 0, 0.179448779, -0.0985083496, -0.144271777, 0, 0, 0, 0, 0, 0, 0, 1, 1, 1, 
150.369391, 0.1, 0.1, 0.120336637, 0.189927946, -0.0199712891, 0.999986116, 0.00526947287, 2.14434972e-005, 0.00526947309, -0.999986116, -1.02525657e-005, 2.13891739e-005, 1.03654193e-005, -1, 0.999986113, 0.00527012806, 1.16568382e-005, 0.00527012793, -0.999986113, 1.09209677e-005, 1.17142312e-005, -1.0859383e-005, -1, 0.101568555, -0.149165405, -0.150724023, 0, 0, 0, 0, 0, 0, 0, 0.179793213, -0.100886914, -0.143676758, 0, 0, 0, 0, 0, 0, 0, 1, 1, 1, 
150.370101, 0.1, 0.1, 0.120336637, 0.189927946, -0.0199690299, 0.999986131, 0.0052666226, -1.8740914e-005, 0.00526662299, -0.999986131, 2.09414389e-005, -1.86303635e-005, -2.10398498e-005, -1, 0.999986128, 0.00526719603, -1.99390585e-005, 0.00526719626, -0.999986128, 1.16233486e-005, -1.98775595e-005, -1.17282103e-005, -1, 0.101568555, -0.149165405, -0.150724023, 0, 0, 0, 0, 0, 0, 0, 0.179793213, -0.100886914, -0.143676758, 0, 0, 0, 0, 0, 0, 0, 1, 1, 1, 
150.370818, 0.1, 0.1, 0.12033664, 0.189927945, -0.0199668147, 0.999986146, 0.00526374582, 8.63541706e-006, 0.00526374602, -0.999986146, -2.34125044e-005, 8.51205996e-006, 2.34576347e-005, -1, 0.999986143, 0.00526431063, 2.08081135e-005, 0.00526431114, -0.999986143, -2.44733737e-005, 2.06789898e-005, 2.4582575e-005, -0.999999999, 0.101568555, -0.149165405, -0.150724023, 0, 0, 0, 0, 0, 0, 0, 0.179793213, -0.100886914, -0.143676758, 0, 0, 0, 0, 0, 0, 0, 1, 1, 1, 
150.37154, 0.1, 0.1, 0.120336638, 0.189927947, -0.0199653196, 0.999986162, 0.00526081837, 1.29368844e-005, 0.00526081825, -0.999986162, 9.16243915e-006, 1.29849073e-005, -9.09425376e-006, -1, 0.999986159, 0.00526139121, -1.00221347e-005, 0.00526139143, -0.999986159, 2.11219945e-005, -9.91086487e-006, -2.11744325e-005, -1, 0.101568555, -0.149165405, -0.150724023, 0, 0, 0, 0, 0, 0, 0, 0.179793213, -0.100886914, -0.143676758, 0, 0, 0, 0, 0, 0, 0, 1, 1, 1, 
150.372253, 0.1, 0.1, 0.120336639, 0.189927945, -0.0199649693, 0.999986177, 0.00525786368, -2.22098832e-005, 0.00525786399, -0.999986177, 1.39587498e-005, -2.2136183e-005, -1.40753334e-005, -1, 0.999986174, 0.00525847559, -1.16473347e-005, 0.00525847547, -0.999986174, -9.84109972e-006, -1.16989229e-005, 9.77971644e-006, -1, 0.101568555, -0.149165405, -0.150724023, 0, 0, 0, 0, 0, 0, 0, 0.179793213, -0.100886914, -0.143676758, 0, 0, 0, 0, 0, 0, 0, 1, 1, 1, 
150.372966, 0.1, 0.1, 0.120336641, 0.189927947, -0.0199657945, 0.999986193, 0.00525486489, 2.33956041e-005, 0.00525486535, -0.999986193, -1.95294785e-005, 2.32926563e-005, 1.96521496e-005, -1, 0.99998619, 0.00525546862, 2.453155e-005, 0.00525546884, -0.99998619, -8.80880537e-006, 2.44849168e-005, 8.93760851e-006, -1, 0.101568555, -0.149165405, -0.150724023, 0, 0, 0, 0, 0, 0, 0, 0.179793213, -0.100886914, -0.143676758, 0, 0, 0, 0, 0, 0, 0, 1, 1, 1, 
150.373696, 0.1, 0.1, 0.120336639, 0.189927948, -0.0199674356, 0.999986209, 0.0052517735, -1.04110859e-005, 0.00525177374, -0.999986209, 2.25846907e-005, -1.02923326e-005, -2.26390559e-005, -1, 0.999986206, 0.00525242664, -2.21662576e-005, 0.00525242716, -0.999986206, 2.37748807e-005, -2.2041076e-005, -2.38909794e-005, -0.999999999, 0.101568555, -0.149165405, -0.150724023, 0, 0, 0, 0, 0, 0, 0, 0.179793213, -0.100886914, -0.143676758, 0, 0, 0, 0, 0, 0, 0, 1, 1, 1, 
150.374427, 0.1, 0.1, 0.120336642, 0.189927946, -0.0199690917, 0.999986225, 0.00524868106, -1.26532487e-005, 0.00524868091, -0.999986226, -1.16523113e-005, -1.27142337e-005, 1.15857379e-005, -1, 0.999986222, 0.00524927342, 7.58202445e-006, 0.00524927359, -0.999986222, -2.21306381e-005, 7.46575022e-006, 2.21701333e-005, -1, 0.102678687, -0.151918872, -0.149686792, 0, 0, 0, 0, 0, 0, 0, 0.180145459, -0.103375439, -0.143268604, 0, 0, 0, 0, 0, 0, 0, 1, 1, 1, 
150.375136, 0.1, 0.1, 0.120336641, 0.189927948, -0.0199704869, 0.999986241, 0.00524567012, 1.76618874e-005, 0.00524567032, -0.999986241, -1.13431628e-005, 1.76021419e-005, 1.14356552e-005, -1, 0.999986238, 0.00524627274, 8.45895583e-006, 0.00524627268, -0.999986238, 7.38687269e-006, 8.49759297e-006, -7.34239304e-006, -1, 0.102678687, -0.151918872, -0.149686792, 0, 0, 0, 0, 0, 0, 0, 0.180145459, -0.103375439, -0.143268604, 0, 0, 0, 0, 0, 0, 0, 1, 1, 1, 
150.375852, 0.1, 0.1, 0.120336641, 0.189927947, -0.0199712904, 0.999986257, 0.00524267922, -1.790903e-005, 0.00524267956, -0.999986257, 1.89027761e-005, -1.78096827e-005, -1.89964076e-005, -1, 0.999986254, 0.00524326792, -1.93537957e-005, 0.0052432681, -0.999986254, 9.63567097e-006, -1.93030073e-005, -9.73701565e-006, -1, 0.102678687, -0.151918872, -0.149686792, 0, 0, 0, 0, 0, 0, 0, 0.180145459, -0.103375439, -0.143268604, 0, 0, 0, 0, 0, 0, 0, 1, 1, 1, 
150.376567, 0.1, 0.1, 0.120336644, 0.189927946, -0.0199713187, 0.999986273, 0.00523972503, 9.07473411e-006, 0.0052397252, -0.999986272, -1.83764418e-005, 8.97832203e-006, 1.84237387e-005, -1, 0.999986269, 0.00524030575, 1.94283434e-005, 0.00524030612, -0.999986269, -1.90276599e-005, 1.93283659e-005, 1.91292091e-005, -1, 0.102678687, -0.151918872, -0.149686792, 0, 0, 0, 0, 0, 0, 0, 0.180145459, -0.103375439, -0.143268604, 0, 0, 0, 0, 0, 0, 0, 1, 1, 1, 
150.377304, 0.1, 0.1, 0.120336642, 0.189927949, -0.0199703445, 0.999986288, 0.00523671381, 1.0797906e-005, 0.00523671373, -0.999986288, 7.92239594e-006, 1.08392453e-005, -7.86574177e-006, -1, 0.999986285, 0.00523731154, -9.31481634e-006, 0.00523731172, -0.999986285, 1.93705328e-005, -9.21323907e-006, -1.94190518e-005, -1, 0.102678687, -0.151918872, -0.149686792, 0, 0, 0, 0, 0, 0, 0, 0.180749512, -0.105705664, -0.142692139, 0, 0, 0, 0, 0, 0, 0, 1, 1, 1, 
150.378019, 0.1, 0.1, 0.120336643, 0.189927946, -0.0199689077, 0.999986303, 0.00523378349, -2.22554784e-005, 0.00523378372, -0.999986304, 1.02114798e-005, -2.22017289e-005, -1.03278203e-005, -1, 0.9999863, 0.00523437485, -1.29616631e-005, 0.00523437472, -0.999986301, -1.01645142e-005, -1.30146904e-005, 1.00965288e-005, -1, 0.102678687, -0.151918872, -0.149686792, 0, 0, 0, 0, 0, 0, 0, 0.180749512, -0.105705664, -0.142692139, 0, 0, 0, 0, 0, 0, 0, 1, 1, 1, 
150.37874, 0.1, 0.1, 0.120336645, 0.189927947, -0.0199674653, 0.999986319, 0.0052308276, 2.18733655e-005, 0.00523082809, -0.999986319, -2.22570896e-005, 2.17566433e-005, 2.23712009e-005, -1, 0.999986316, 0.00523141771, 2.29662559e-005, 0.005231418, -0.999986316, -1.24135154e-005, 2.29010014e-005, 1.25334916e-005, -1, 0.102678687, -0.151918872, -0.149686792, 0, 0, 0, 0, 0, 0, 0, 0.180749512, -0.105705664, -0.142692139, 0, 0, 0, 0, 0, 0, 0, 1, 1, 1, 
150.379474, 0.1, 0.1, 0.120336643, 0.189927949, -0.0199663328, 0.999986335, 0.00522780936, -7.91280157e-006, 0.00522780955, -0.999986335, 2.48816839e-005, -7.78261674e-006, -2.49227105e-005, -1, 0.999986332, 0.00522840682, -2.0459719e-005, 0.00522840735, -0.999986331, 2.57748823e-005, -2.03246777e-005, -2.58815018e-005, -0.999999999, 0.10365564, -0.153893506, -0.148284619, 0, 0, 0, 0, 0, 0, 0, 0.180749512, -0.105705664, -0.142692139, 0, 0, 0, 0, 0, 0, 0, 1, 1, 1, 
150.380186, 0.1, 0.1, 0.120336647, 0.189927947, -0.0199659616, 0.99998635, 0.00522484596, -1.0743872e-005, 0.00522484587, -0.99998635, -8.1422403e-006, -1.07862673e-005, 8.08599408e-006, -1, 0.999986347, 0.00522543187, 1.18447749e-005, 0.0052254321, -0.999986347, -1.97239989e-005, 1.17415468e-005, 1.97856236e-005, -1, 0.10365564, -0.153893506, -0.148284619, 0, 0, 0, 0, 0, 0, 0, 0.180749512, -0.105705664, -0.142692139, 0, 0, 0, 0, 0, 0, 0, 1, 1, 1, 
150.380903, 0.1, 0.1, 0.120336646, 0.18992795, -0.0199664452, 0.999986366, 0.00522182069, 2.14756039e-005, 0.00522182093, -0.999986366, -1.12177377e-005, 2.1416734e-005, 1.13297265e-005, -1, 0.999986363, 0.00522242362, 1.17957392e-005, 0.00522242349, -0.999986363, 1.10301033e-005, 1.18531822e-005, -1.09683505e-005, -1, 0.10365564, -0.153893506, -0.148284619, 0, 0, 0, 0, 0, 0, 0, 0.180749512, -0.105705664, -0.142692139, 0, 0, 0, 0, 0, 0, 0, 1, 1, 1, 
150.381645, 0.1, 0.1, 0.120336645, 0.189927949, -0.0199675023, 0.999986382, 0.00521867329, -2.48202834e-005, 0.00521867383, -0.999986382, 2.14650409e-005, -2.47079264e-005, -2.15942775e-005, -0.999999999, 0.999986379, 0.00521933139, -2.59985802e-005, 0.00521933167, -0.999986379, 1.0767085e-005, -2.59420291e-005, -1.09026335e-005, -1, 0.10365564, -0.153893506, -0.148284619, 0, 0, 0, 0, 0, 0, 0, 0.180749512, -0.105705664, -0.142692139, 0, 0, 0, 0, 0, 0, 0, 1, 1, 1, 
150.382373, 0.1, 0.1, 0.120336648, 0.189927948, -0.0199685341, 0.999986399, 0.00521557956, 8.8897324e-006, 0.00521557975, -0.999986399, -2.07918566e-005, 8.78116991e-006, 2.08379389e-005, -1, 0.999986395, 0.00521619827, 1.96818211e-005, 0.0052161987, -0.999986395, -2.16653277e-005, 1.95685427e-005, 2.17676973e-005, -1, 0.10479834, -0.155905493, -0.14687439, 0, 0, 0, 0, 0, 0, 0, 0.181345508, -0.10761626, -0.142109082, 0, 0, 0, 0, 0, 0, 0, 1, 1, 1, 
150.383085, 0.1, 0.1, 0.120336646, 0.189927951, -0.0199695069, 0.999986414, 0.00521257707, 1.21121155e-005, 0.00521257695, -0.999986414, 9.43541013e-006, 1.21611337e-005, -9.37214661e-006, -1, 0.999986411, 0.00521316509, -7.92245798e-006, 0.00521316525, -0.999986411, 2.00117356e-005, -7.81802585e-006, -2.00527647e-005, -1, 0.10479834, -0.155905493, -0.14687439, 0, 0, 0, 0, 0, 0, 0, 0.181345508, -0.10761626, -0.142109082, 0, 0, 0, 0, 0, 0, 0, 1, 1, 1, 
150.383798, 0.1, 0.1, 0.120336648, 0.189927949, -0.0199702329, 0.99998643, 0.00520956715, -1.85258373e-005, 0.00520956732, -0.99998643, 9.36926986e-006, -1.84767761e-005, -9.46565432e-006, -1, 0.999986427, 0.00521016806, -9.16056222e-006, 0.00521016797, -0.999986427, -9.78147357e-006, -9.211401e-006, 9.73361274e-006, -1, 0.10479834, -0.155905493, -0.14687439, 0, 0, 0, 0, 0, 0, 0, 0.181345508, -0.10761626, -0.142109082, 0, 0, 0, 0, 0, 0, 0, 1, 1, 1, 
150.384518, 0.1, 0.1, 0.120336649, 0.189927949, -0.0199704857, 0.999986446, 0.00520656689, 1.77970363e-005, 0.00520656728, -0.999986445, -2.19347759e-005, 1.76825902e-005, 2.20271401e-005, -1, 0.999986442, 0.00520716276, 1.94165163e-005, 0.005207163, -0.999986443, -1.2629359e-005, 1.93504899e-005, 1.27302927e-005, -1, 0.10479834, -0.155905493, -0.14687439, 0, 0, 0, 0, 0, 0, 0, 0.181345508, -0.10761626, -0.142109082, 0, 0, 0, 0, 0, 0, 0, 1, 1, 1, 
150.385229, 0.1, 0.1, 0.120336647, 0.18992795, -0.0199701991, 0.999986461, 0.00520362646, -1.00878824e-005, 0.00520362664, -0.999986461, 1.80183968e-005, -9.99398482e-006, -1.80706464e-005, -1, 0.999986458, 0.0052042068, -2.08338655e-005, 0.00520420718, -0.999986458, 1.83372302e-005, -2.07381526e-005, -1.84454056e-005, -1, 0.10479834, -0.155905493, -0.14687439, 0, 0, 0, 0, 0, 0, 0, 0.181345508, -0.10761626, -0.142109082, 0, 0, 0, 0, 0, 0, 0, 1, 1, 1, 
150.385942, 0.1, 0.1, 0.12033665, 0.189927948, -0.0199695392, 0.999986476, 0.00520069425, -1.1766045e-005, 0.00520069416, -0.999986476, -7.30225759e-006, -1.18038627e-005, 7.24096723e-006, -1, 0.999986473, 0.00520126781, 7.82599559e-006, 0.00520126796, -0.999986473, -1.86865917e-005, 7.72869576e-006, 1.8727044e-005, -1, 0.10479834, -0.155905493, -0.14687439, 0, 0, 0, 0, 0, 0, 0, 0.181345508, -0.10761626, -0.142109082, 0, 0, 0, 0, 0, 0, 0, 1, 1, 1, 
150.386657, 0.1, 0.1, 0.12033665, 0.189927951, -0.0199687122, 0.999986491, 0.00519775339, 2.23192196e-005, 0.00519775358, -0.999986492, -8.47647847e-006, 2.22748595e-005, 8.59237377e-006, -1, 0.999986488, 0.0051983437, 1.28856921e-005, 0.00519834355, -0.999986488, 1.17183738e-005, 1.29464341e-005, -1.16512312e-005, -1, 0.10479834, -0.155905493, -0.14687439, 0, 0, 0, 0, 0, 0, 0, 0.181345508, -0.10761626, -0.142109082, 0, 0, 0, 0, 0, 0, 0, 1, 1, 1, 
150.387397, 0.1, 0.1, 0.120336649, 0.189927951, -0.0199677169, 0.999986507, 0.00519469841, -2.12938637e-005, 0.00519469894, -0.999986507, 2.49560288e-005, -2.11639373e-005, -2.50663073e-005, -0.999999999, 0.999986504, 0.00519529812, -2.24490101e-005, 0.00519529846, -0.999986504, 1.5094748e-005, -2.23702854e-005, -1.52111736e-005, -1, 0.105872437, -0.157261914, -0.146549341, 0, 0, 0, 0, 0, 0, 0, 0.181610352, -0.109485352, -0.141857764, 0, 0, 0, 0, 0, 0, 0, 1, 1, 1, 
150.388108, 0.1, 0.1, 0.120336652, 0.18992795, -0.0199670523, 0.999986523, 0.00519175125, 7.40833516e-006, 0.0051917514, -0.999986523, -2.07678918e-005, 7.30041358e-006, 2.08060742e-005, -1, 0.99998652, 0.0051923329, 1.91379244e-005, 0.00519233331, -0.99998652, -2.12895563e-005, 1.90271239e-005, 2.13886398e-005, -1, 0.105872437, -0.157261914, -0.146549341, 0, 0, 0, 0, 0, 0, 0, 0.181610352, -0.109485352, -0.141857764, 0, 0, 0, 0, 0, 0, 0, 1, 1, 1, 
150.388821, 0.1, 0.1, 0.12033665, 0.189927952, -0.0199670032, 0.999986538, 0.00518878458, 1.06175072e-005, 0.00518878448, -0.999986538, 9.51383142e-006, 1.06667295e-005, -9.45861139e-006, -1, 0.999986535, 0.00518937349, -1.14637769e-005, 0.00518937374, -0.999986535, 2.11410264e-005, -1.13539138e-005, -2.12002315e-005, -1, 0.105872437, -0.157261914, -0.146549341, 0, 0, 0, 0, 0, 0, 0, 0.181610352, -0.109485352, -0.141857764, 0, 0, 0, 0, 0, 0, 0, 1, 1, 1, 
150.389547, 0.1, 0.1, 0.120336651, 0.18992795, -0.019967457, 0.999986554, 0.00518573087, -2.25657613e-005, 0.00518573115, -0.999986554, 1.26363588e-005, -2.24999291e-005, -1.27532088e-005, -1, 0.999986551, 0.00518633421, -1.3292444e-005, 0.0051863341, -0.999986551, -8.63112719e-006, -1.33370292e-005, 8.56207205e-006, -1, 0.106413403, -0.15918479, -0.146414087, 0, 0, 0, 0, 0, 0, 0, 0.181610352, -0.109485352, -0.141857764, 0, 0, 0, 0, 0, 0, 0, 1, 1, 1, 
150.39027, 0.1, 0.1, 0.120336652, 0.189927952, -0.0199680518, 0.99998657, 0.00518268675, 2.1302332e-005, 0.00518268716, -0.99998657, -1.89646819e-005, 2.12037579e-005, 1.90748306e-005, -1, 0.999986566, 0.00518328848, 2.21038248e-005, 0.00518328867, -0.999986567, -8.73184586e-006, 2.20582682e-005, 8.84629907e-006, -1, 0.106413403, -0.15918479, -0.146414087, 0, 0, 0, 0, 0, 0, 0, 0.181840039, -0.111509326, -0.141764746, 0, 0, 0, 0, 0, 0, 0, 1, 1, 1, 
150.390985, 0.1, 0.1, 0.120336651, 0.189927953, -0.0199688611, 0.999986585, 0.0051796802, -8.81297499e-006, 0.00517968037, -0.999986585, 1.94442307e-005, -8.71214187e-006, -1.94896182e-005, -1, 0.999986582, 0.00518027893, -1.96031633e-005, 0.00518027933, -0.999986582, 2.07801863e-005, -1.94952531e-005, -2.08814574e-005, -1, 0.106413403, -0.15918479, -0.146414087, 0, 0, 0, 0, 0, 0, 0, 0.181840039, -0.111509326, -0.141764746, 0, 0, 0, 0, 0, 0, 0, 1, 1, 1, 
150.391705, 0.1, 0.1, 0.120336653, 0.18992795, -0.0199695272, 0.999986601, 0.00517666742, -1.07652871e-005, 0.00517666728, -0.999986601, -1.30614999e-005, -1.08327578e-005, 1.30055965e-005, -1, 0.999986598, 0.00517725298, 9.09165524e-006, 0.00517725319, -0.999986598, -2.35637105e-005, 8.9695381e-006, 2.36104645e-005, -1, 0.106413403, -0.15918479, -0.146414087, 0, 0, 0, 0, 0, 0, 0, 0.181840039, -0.111509326, -0.141764746, 0, 0, 0, 0, 0, 0, 0, 1, 1, 1, 
150.392413, 0.1, 0.1, 0.120336653, 0.189927952, -0.0199699773, 0.999986616, 0.00517369833, 1.96512678e-005, 0.00517369857, -0.999986616, -1.23639983e-005, 1.95870372e-005, 1.24655026e-005, -1, 0.999986613, 0.0051742939, 1.05878404e-005, 0.00517429384, -0.999986613, 6.41203937e-006, 1.06208765e-005, -6.35716894e-006, -1, 0.106413403, -0.15918479, -0.146414087, 0, 0, 0, 0, 0, 0, 0, 0.181840039, -0.111509326, -0.141764746, 0, 0, 0, 0, 0, 0, 0, 1, 1, 1, 
150.393122, 0.1, 0.1, 0.120336653, 0.189927951, -0.0199701206, 0.999986631, 0.00517076423, -1.82543442e-005, 0.00517076461, -0.999986631, 2.08998076e-005, -1.81460322e-005, -2.09939171e-005, -1, 0.999986628, 0.00517134903, -1.95333954e-005, 0.00517134925, -0.999986628, 1.10212295e-005, -1.94761396e-005, -1.11220962e-005, -1, 0.106413403, -0.15918479, -0.146414087, 0, 0, 0, 0, 0, 0, 0, 0.181840039, -0.111509326, -0.141764746, 0, 0, 0, 0, 0, 0, 0, 1, 1, 1, 
