time, realDorsalTactorPos, realVentralTactorPos, boxPosX, boxPosY, boxPosZ, boxLocalRot_11, boxLocalRot_12, boxLocalRot_13, boxLocalRot_21, boxLocalRot_22, boxLocalRot_23, boxLocalRot_31, boxLocalRot_32, boxLocalRot_33, boxGlobalRot_11, boxGlobalRot_12, boxGlobalRot_13], boxGlobalRot_21, boxGlobalRot_22, boxGlobalRot_23, boxGlobalRot_31, boxGlobalRot_32, boxGlobalRot_33, indexPosX, indexPosY, indexPosZ, indexContact, indexForceX, indexForceY, indexForceZ, indexForceGlobalX, indexForceGlobalY, indexForceGlobalZ, thumbPosX, thumbPosY, thumbPosZ, thumbContact, thumbForceX, thumbForceY, thumbForceZ, thumbForceGlobalX, thumbForceGlobalY, thumbForceGlobalZ, hoopSuccess, targetSuccess, trialSuccess, 
129.313736, 0.1, 0.1, 0.0989505504, 0.196895008, -0.0199698206, 0.927083334, -6.13127144e-006, 0.374855294, 0.374855294, -1.87583595e-005, -0.927083334, 1.271587e-005, 1, -1.50922229e-005, 0.927083333, 3.22309094e-006, 0.374855296, 0.374855296, 4.34504964e-006, -0.927083333, -4.61683876e-006, 1, 2.82003039e-006, 0.139108936, -0.0306543213, -0.172594141, 0, 0, 0, 0, 0, 0, 0, 0.210270605, 0.0374358887, -0.120074512, 0, 0, 0, 0, 0, 0, 0, 1, 1, 1, 
129.345707, 0.1, 0.1, 0.0989504367, 0.196894987, -0.0199673182, 0.927083357, 1.8322951e-005, 0.374855236, 0.374855235, 4.31709775e-005, -0.927083357, -3.31697699e-005, 0.999999999, 3.31546407e-005, 0.927083354, 1.1008057e-005, 0.374855245, 0.374855245, 2.32197977e-005, -0.927083354, -1.89094493e-005, 1, 1.740026e-005, 0.141204028, -0.0483838867, -0.169958057, 0, 0, 0, 0, 0, 0, 0, 0.211424414, 0.0201845703, -0.11769668, 0, 0, 0, 0, 0, 0, 0, 1, 1, 1, 
129.34643, 0.1, 0.1, 0.0989504345, 0.196894985, -0.0199661368, 0.927083368, -2.10381425e-005, 0.37485521, 0.374855209, -4.36889669e-005, -0.927083368, 3.58811489e-005, 0.999999999, -3.26170573e-005, 0.927083366, -1.25561422e-005, 0.374855214, 0.374855214, -2.27497941e-005, -0.927083366, 2.01684695e-005, 1, -1.63842203e-005, 0.141204028, -0.0483838867, -0.169958057, 0, 0, 0, 0, 0, 0, 0, 0.211424414, 0.0201845703, -0.11769668, 0, 0, 0, 0, 0, 0, 0, 1, 1, 1, 
129.347133, 0.1, 0.1, 0.0989504332, 0.196894986, -0.0199658272, 0.927083368, 1.87068336e-005, 0.37485521, 0.374855209, 3.82043534e-005, -0.927083368, -3.16638952e-005, 0.999999999, 2.84062666e-005, 0.927083369, 9.56021369e-006, 0.374855208, 0.374855208, 1.75815879e-005, -0.927083369, -1.54536649e-005, 1, 1.27159018e-005, 0.141204028, -0.0483838867, -0.169958057, 0, 0, 0, 0, 0, 0, 0, 0.211424414, 0.0201845703, -0.11769668, 0, 0, 0, 0, 0, 0, 0, 1, 1, 1, 
129.347846, 0.1, 0.1, 0.0989504306, 0.196894984, -0.0199664782, 0.927083361, -1.94973754e-005, 0.374855227, 0.374855226, -4.15636959e-005, -0.927083361, 3.3656061e-005, 0.999999999, -3.12243178e-005, 0.927083363, -1.02866571e-005, 0.374855223, 0.374855222, -2.15593177e-005, -0.927083363, 1.76182115e-005, 1, -1.61312776e-005, 0.141204028, -0.0483838867, -0.169958057, 0, 0, 0, 0, 0, 0, 0, 0.211424414, 0.0201845703, -0.11769668, 0, 0, 0, 0, 0, 0, 0, 1, 1, 1, 
129.348581, 0.1, 0.1, 0.0989504291, 0.196894985, -0.0199677083, 0.927083349, 1.94146109e-005, 0.374855257, 0.374855256, 4.192108e-005, -0.927083349, -3.37132997e-005, 0.999999999, 3.15866663e-005, 0.927083352, 1.04482278e-005, 0.37485525, 0.37485525, 2.20752319e-005, -0.927083352, -1.79613946e-005, 1, 1.65490069e-005, 0.141574585, -0.0506937012, -0.1694979, 0, 0, 0, 0, 0, 0, 0, 0.211737354, 0.0182182129, -0.117306348, 0, 0, 0, 0, 0, 0, 0, 1, 1, 1, 
129.349285, 0.1, 0.1, 0.0989504262, 0.196894982, -0.0199690631, 0.927083333, -1.59099399e-005, 0.374855298, 0.374855297, -3.17017756e-005, -0.927083332, 2.66334187e-005, 0.999999999, -2.34262625e-005, 0.927083336, -7.14463045e-006, 0.374855289, 0.374855289, -1.28190053e-005, -0.927083336, 1.14289398e-005, 1, -9.20608373e-006, 0.141574585, -0.0506937012, -0.1694979, 0, 0, 0, 0, 0, 0, 0, 0.211737354, 0.0182182129, -0.117306348, 0, 0, 0, 0, 0, 0, 0, 1, 1, 1, 
129.349987, 0.1, 0.1, 0.0989504248, 0.196894982, -0.0199703944, 0.927083315, 1.63141004e-005, 0.374855342, 0.374855341, 3.67418067e-005, -0.927083315, -2.88973928e-005, 0.999999999, 2.79472883e-005, 0.927083318, 7.77028056e-006, 0.374855333, 0.374855333, 1.94723431e-005, -0.927083318, -1.45030091e-005, 1, 1.51397534e-005, 0.141574585, -0.0506937012, -0.1694979, 0, 0, 0, 0, 0, 0, 0, 0.211737354, 0.0182182129, -0.117306348, 0, 0, 0, 0, 0, 0, 0, 1, 1, 1, 
129.350692, 0.1, 0.1, 0.0989504221, 0.19689498, -0.0199712966, 0.9270833, -1.51343102e-005, 0.374855379, 0.374855379, -3.35577218e-005, -0.927083299, 2.66100588e-005, 0.999999999, -2.54376258e-005, 0.927083303, -6.70187764e-006, 0.374855372, 0.374855372, -1.59052199e-005, -0.927083303, 1.2175356e-005, 1, -1.2233229e-005, 0.141574585, -0.0506937012, -0.1694979, 0, 0, 0, 0, 0, 0, 0, 0.211737354, 0.0182182129, -0.117306348, 0, 0, 0, 0, 0, 0, 0, 1, 1, 1, 
129.3514, 0.1, 0.1, 0.0989504208, 0.196894981, -0.0199714943, 0.927083285, 1.51950986e-005, 0.374855415, 0.374855414, 3.34013492e-005, -0.927083285, -2.66077985e-005, 0.999999999, 2.52698676e-005, 0.927083288, 7.47907455e-006, 0.374855407, 0.374855407, 1.65451343e-005, -0.927083288, -1.31357581e-005, 1, 1.25351459e-005, 0.141574585, -0.0506937012, -0.1694979, 0, 0, 0, 0, 0, 0, 0, 0.211737354, 0.0182182129, -0.117306348, 0, 0, 0, 0, 0, 0, 0, 1, 1, 1, 
129.352102, 0.1, 0.1, 0.0989504186, 0.196894979, -0.0199709942, 0.927083269, -1.71949131e-005, 0.374855454, 0.374855454, -3.68368062e-005, -0.927083269, 2.9749594e-005, 0.999999999, -2.77051798e-005, 0.927083273, -9.51286898e-006, 0.374855446, 0.374855446, -1.96640651e-005, -0.927083273, 1.61904036e-005, 1, -1.4664275e-005, 0.141574585, -0.0506937012, -0.1694979, 0, 0, 0, 0, 0, 0, 0, 0.211737354, 0.0182182129, -0.117306348, 0, 0, 0, 0, 0, 0, 0, 1, 1, 1, 
129.352803, 0.1, 0.1, 0.0989504173, 0.19689498, -0.0199700483, 0.92708325, 1.67509015e-005, 0.374855503, 0.374855502, 3.40960332e-005, -0.927083249, -2.83105659e-005, 0.999999999, 2.53306937e-005, 0.927083254, 8.61433883e-006, 0.374855493, 0.374855493, 1.64684316e-005, -0.927083254, -1.41594913e-005, 1, 1.20384749e-005, 0.141574585, -0.0506937012, -0.1694979, 0, 0, 0, 0, 0, 0, 0, 0.211737354, 0.0182182129, -0.117306348, 0, 0, 0, 0, 0, 0, 0, 1, 1, 1, 
129.35354, 0.1, 0.1, 0.0989504152, 0.19689498, -0.019968723, 0.927083226, -2.0575228e-005, 0.37485556, 0.374855559, -4.61562269e-005, -0.927083226, 3.6376867e-005, 0.999999999, -3.50779252e-005, 0.927083232, -1.1370646e-005, 0.374855548, 0.374855547, -2.61131284e-005, -0.927083231, 2.03301863e-005, 1, -1.99466938e-005, 0.141731421, -0.0527741699, -0.169047266, 0, 0, 0, 0, 0, 0, 0, 0.211737354, 0.0182182129, -0.117306348, 0, 0, 0, 0, 0, 0, 0, 1, 1, 1, 
129.354284, 0.1, 0.1, 0.0989504138, 0.196894981, -0.0199672384, 0.9270832, 1.99663052e-005, 0.374855624, 0.374855623, 3.95743913e-005, -0.9270832, -3.33451093e-005, 0.999999999, 2.92042715e-005, 0.927083207, 8.57900814e-006, 0.374855609, 0.374855609, 1.48085888e-005, -0.927083207, -1.3504537e-005, 1, 1.05129047e-005, 0.141731421, -0.0527741699, -0.169047266, 0, 0, 0, 0, 0, 0, 0, 0.211835352, 0.0162635742, -0.116702783, 0, 0, 0, 0, 0, 0, 0, 1, 1, 1, 
129.355001, 0.1, 0.1, 0.098950411, 0.196894979, -0.0199659187, 0.927083173, -1.82069947e-005, 0.374855692, 0.374855692, -4.02996572e-005, -0.927083173, 3.19859543e-005, 0.999999999, -3.05361384e-005, 0.927083179, -8.69260123e-006, 0.374855679, 0.374855679, -2.03149376e-005, -0.927083178, 1.56739341e-005, 1, -1.5575166e-005, 0.141731421, -0.0527741699, -0.169047266, 0, 0, 0, 0, 0, 0, 0, 0.211835352, 0.0162635742, -0.116702783, 0, 0, 0, 0, 0, 0, 0, 1, 1, 1, 
129.35571, 0.1, 0.1, 0.0989504097, 0.196894979, -0.0199656262, 0.927083146, 2.0120053e-005, 0.374855759, 0.374855757, 4.44616942e-005, -0.927083146, -3.53196841e-005, 0.999999999, 3.36775696e-005, 0.927083152, 1.06277529e-005, 0.374855745, 0.374855745, 2.34860748e-005, -0.927083152, -1.86567007e-005, 1, 1.778967e-005, 0.141731421, -0.0527741699, -0.169047266, 0, 0, 0, 0, 0, 0, 0, 0.211835352, 0.0162635742, -0.116702783, 0, 0, 0, 0, 0, 0, 0, 1, 1, 1, 
129.356446, 0.1, 0.1, 0.0989504068, 0.196894976, -0.0199660533, 0.927083116, -1.8657718e-005, 0.374855834, 0.374855833, -3.69095884e-005, -0.927083116, 3.11330299e-005, 0.999999999, -2.72243018e-005, 0.927083122, -9.35294031e-006, 0.374855819, 0.374855819, -1.66591406e-005, -0.927083122, 1.49157289e-005, 1, -1.1938404e-005, 0.141865796, -0.0548416992, -0.16875481, 0, 0, 0, 0, 0, 0, 0, 0.211861816, 0.0143072266, -0.116477344, 0, 0, 0, 0, 0, 0, 0, 1, 1, 1, 
129.357155, 0.1, 0.1, 0.0989504058, 0.196894976, -0.0199672904, 0.927083085, 1.85472998e-005, 0.374855909, 0.374855908, 4.06204504e-005, -0.927083085, -3.24217038e-005, 0.999999999, 3.07059676e-005, 0.927083091, 8.81305949e-006, 0.374855895, 0.374855894, 2.11946932e-005, -0.927083091, -1.61153941e-005, 1, 1.63456144e-005, 0.141865796, -0.0548416992, -0.16875481, 0, 0, 0, 0, 0, 0, 0, 0.211861816, 0.0143072266, -0.116477344, 0, 0, 0, 0, 0, 0, 0, 1, 1, 1, 
129.357865, 0.1, 0.1, 0.0989504029, 0.196894974, -0.0199689624, 0.927083059, -1.48991853e-005, 0.374855974, 0.374855973, -3.49726015e-005, -0.927083059, 2.69224709e-005, 0.999999999, -2.68374578e-005, 0.927083064, -5.88563305e-006, 0.374855962, 0.374855961, -1.60313219e-005, -0.927083064, 1.14659073e-005, 1, -1.26561024e-005, 0.141865796, -0.0548416992, -0.16875481, 0, 0, 0, 0, 0, 0, 0, 0.211861816, 0.0143072266, -0.116477344, 0, 0, 0, 0, 0, 0, 0, 1, 1, 1, 
129.358573, 0.1, 0.1, 0.0989504017, 0.196894975, -0.019970541, 0.927083036, 1.56531916e-005, 0.374856031, 0.37485603, 3.46013781e-005, -0.927083036, -2.74823437e-005, 0.999999999, 2.62106574e-005, 0.927083041, 7.99020251e-006, 0.374856019, 0.374856019, 1.69058647e-005, -0.927083041, -1.37448464e-005, 1, 1.26779649e-005, 0.141865796, -0.0548416992, -0.16875481, 0, 0, 0, 0, 0, 0, 0, 0.211861816, 0.0143072266, -0.116477344, 0, 0, 0, 0, 0, 0, 0, 1, 1, 1, 
129.359278, 0.1, 0.1, 0.0989503995, 0.196894973, -0.0199715824, 0.927083011, -1.51644085e-005, 0.374856092, 0.374856091, -3.36978593e-005, -0.927083011, 2.66905133e-005, 0.999999999, -2.5556242e-005, 0.927083017, -7.80990611e-006, 0.37485608, 0.374856079, -1.61955479e-005, -0.927083017, 1.33114309e-005, 1, -1.20870266e-005, 0.141865796, -0.0548416992, -0.16875481, 0, 0, 0, 0, 0, 0, 0, 0.211861816, 0.0143072266, -0.116477344, 0, 0, 0, 0, 0, 0, 0, 1, 1, 1, 
129.359989, 0.1, 0.1, 0.0989503982, 0.196894974, -0.019971806, 0.927082984, 1.56607545e-005, 0.37485616, 0.374856159, 3.26167924e-005, -0.927082984, -2.67454246e-005, 0.999999999, 2.4367943e-005, 0.92708299, 8.45463948e-006, 0.374856146, 0.374856146, 1.57804944e-005, -0.92708299, -1.37535678e-005, 1, 1.14605543e-005, 0.141865796, -0.0548416992, -0.16875481, 0, 0, 0, 0, 0, 0, 0, 0.211861816, 0.0143072266, -0.116477344, 0, 0, 0, 0, 0, 0, 0, 1, 1, 1, 
129.360697, 0.1, 0.1, 0.0989503963, 0.196894972, -0.0199711879, 0.927082953, -1.82577027e-005, 0.374856237, 0.374856236, -3.62022146e-005, -0.927082953, 3.04970309e-005, 0.999999999, -2.67184423e-005, 0.927082959, -1.02698201e-005, 0.374856221, 0.374856221, -1.91729517e-005, -0.927082959, 1.67080754e-005, 1, -1.39252109e-005, 0.141865796, -0.0548416992, -0.16875481, 0, 0, 0, 0, 0, 0, 0, 0.211861816, 0.0143072266, -0.116477344, 0, 0, 0, 0, 0, 0, 0, 1, 1, 1, 
129.361435, 0.1, 0.1, 0.0989503955, 0.196894973, -0.0199695871, 0.92708292, 1.68479263e-005, 0.374856318, 0.374856318, 3.73496814e-005, -0.92708292, -2.96201888e-005, 0.999999999, 2.83107001e-005, 0.927082926, 8.00338985e-006, 0.374856303, 0.374856303, 1.97233259e-005, -0.927082926, -1.48132191e-005, 1, 1.52850375e-005, 0.141764722, -0.0569166748, -0.168447461, 0, 0, 0, 0, 0, 0, 0, 0.211633789, 0.0125506836, -0.11624873, 0, 0, 0, 0, 0, 0, 0, 1, 1, 1, 
129.362144, 0.1, 0.1, 0.0989503932, 0.196894972, -0.0199679444, 0.927082893, -1.76457935e-005, 0.374856385, 0.374856384, -4.13022586e-005, -0.927082893, 3.18415286e-005, 0.999999999, -3.1675979e-005, 0.927082898, -8.67556974e-006, 0.374856372, 0.374856372, -2.23033573e-005, -0.927082898, 1.64035279e-005, 1, -1.74249685e-005, 0.141764722, -0.0569166748, -0.168447461, 0, 0, 0, 0, 0, 0, 0, 0.211633789, 0.0125506836, -0.11624873, 0, 0, 0, 0, 0, 0, 0, 1, 1, 1, 
129.36285, 0.1, 0.1, 0.0989503922, 0.196894973, -0.0199667613, 0.92708287, 1.75569892e-005, 0.374856441, 0.374856441, 4.05396062e-005, -0.92708287, -3.14733164e-005, 0.999999999, 3.1002224e-005, 0.927082875, 8.60312859e-006, 0.374856431, 0.374856431, 2.03317651e-005, -0.927082874, -1.55973061e-005, 1, 1.56242932e-005, 0.141764722, -0.0569166748, -0.168447461, 0, 0, 0, 0, 0, 0, 0, 0.211633789, 0.0125506836, -0.11624873, 0, 0, 0, 0, 0, 0, 0, 1, 1, 1, 
129.363558, 0.1, 0.1, 0.0989503901, 0.196894971, -0.0199663463, 0.927082848, -1.84422556e-005, 0.374856497, 0.374856496, -4.1463021e-005, -0.927082847, 3.26401816e-005, 0.999999999, -3.15264563e-005, 0.927082852, -9.91624165e-006, 0.374856486, 0.374856485, -2.07335531e-005, -0.927082852, 1.69652844e-005, 1, -1.55045541e-005, 0.141764722, -0.0569166748, -0.168447461, 0, 0, 0, 0, 0, 0, 0, 0.211633789, 0.0125506836, -0.11624873, 0, 0, 0, 0, 0, 0, 0, 1, 1, 1, 
129.364273, 0.1, 0.1, 0.0989503892, 0.196894972, -0.0199667574, 0.927082825, 1.71381108e-005, 0.374856553, 0.374856552, 4.11526646e-005, -0.927082825, -3.13147942e-005, 0.999999999, 3.17275954e-005, 0.92708283, 7.91019992e-006, 0.374856542, 0.374856542, 1.96986785e-005, -0.92708283, -1.4717589e-005, 1, 1.52971164e-005, 0.141764722, -0.0569166748, -0.168447461, 0, 0, 0, 0, 0, 0, 0, 0.211633789, 0.0125506836, -0.11624873, 0, 0, 0, 0, 0, 0, 0, 1, 1, 1, 
129.36498, 0.1, 0.1, 0.0989503868, 0.196894969, -0.0199677295, 0.927082807, -1.61918542e-005, 0.374856598, 0.374856597, -3.70367514e-005, -0.927082807, 2.88946603e-005, 0.999999999, -2.8266512e-005, 0.927082811, -7.81934989e-006, 0.374856589, 0.374856588, -1.735328e-005, -0.927082811, 1.37541762e-005, 1, -1.31567928e-005, 0.141764722, -0.0569166748, -0.168447461, 0, 0, 0, 0, 0, 0, 0, 0.211633789, 0.0125506836, -0.11624873, 0, 0, 0, 0, 0, 0, 0, 1, 1, 1, 
129.365689, 0.1, 0.1, 0.0989503858, 0.19689497, -0.0199690165, 0.927082788, 1.62561353e-005, 0.374856644, 0.374856643, 3.75063472e-005, -0.927082788, -2.91302866e-005, 0.999999999, 2.86777687e-005, 0.927082792, 8.36911312e-006, 0.374856635, 0.374856634, 1.86148516e-005, -0.927082792, -1.47367614e-005, 1, 1.4120291e-005, 0.141764722, -0.0569166748, -0.168447461, 0, 0, 0, 0, 0, 0, 0, 0.211633789, 0.0125506836, -0.11624873, 0, 0, 0, 0, 0, 0, 0, 1, 1, 1, 
129.366423, 0.1, 0.1, 0.0989503836, 0.196894968, -0.019970061, 0.92708277, -1.59513818e-005, 0.374856689, 0.374856688, -3.85399087e-005, -0.92708277, 2.92351938e-005, 0.999999999, -2.97502031e-005, 0.927082773, -8.17006017e-006, 0.374856681, 0.374856681, -2.03059897e-005, -0.927082773, 1.5186158e-005, 1, -1.57627316e-005, 0.142083765, -0.0587846436, -0.168345776, 0, 0, 0, 0, 0, 0, 0, 0.211845654, 0.0107841309, -0.116010107, 0, 0, 0, 0, 0, 0, 0, 1, 1, 1, 
129.36713, 0.1, 0.1, 0.0989503828, 0.19689497, -0.0199705665, 0.927082756, 1.48386079e-005, 0.374856724, 0.374856724, 3.31462956e-005, -0.927082756, -2.61817293e-005, 0.999999999, 2.51670071e-005, 0.927082759, 7.13884773e-006, 0.374856717, 0.374856717, 1.51457961e-005, -0.927082759, -1.22958061e-005, 1, 1.13653614e-005, 0.142083765, -0.0587846436, -0.168345776, 0, 0, 0, 0, 0, 0, 0, 0.211845654, 0.0107841309, -0.116010107, 0, 0, 0, 0, 0, 0, 0, 1, 1, 1, 
129.36784, 0.1, 0.1, 0.0989503809, 0.196894968, -0.0199705801, 0.927082738, -1.66657995e-005, 0.374856767, 0.374856766, -3.61661519e-005, -0.927082738, 2.90077018e-005, 0.999999999, -2.72817275e-005, 0.927082742, -9.23225992e-006, 0.374856758, 0.374856758, -1.85289221e-005, -0.927082742, 1.55047605e-005, 1, -1.37170689e-005, 0.142083765, -0.0587846436, -0.168345776, 0, 0, 0, 0, 0, 0, 0, 0.211845654, 0.0107841309, -0.116010107, 0, 0, 0, 0, 0, 0, 0, 1, 1, 1, 
129.368562, 0.1, 0.1, 0.0989503797, 0.196894969, -0.0199700729, 0.927082717, 1.79484957e-005, 0.374856821, 0.37485682, 3.85860764e-005, -0.927082716, -3.11039941e-005, 0.999999999, 2.90443685e-005, 0.927082722, 9.46592802e-006, 0.374856809, 0.374856809, 1.88003361e-005, -0.927082722, -1.58231323e-005, 1, 1.38810992e-005, 0.142083765, -0.0587846436, -0.168345776, 0, 0, 0, 0, 0, 0, 0, 0.211845654, 0.0107841309, -0.116010107, 0, 0, 0, 0, 0, 0, 0, 1, 1, 1, 
129.369289, 0.1, 0.1, 0.0989503775, 0.196894967, -0.0199690174, 0.927082691, -1.67880923e-005, 0.374856883, 0.374856883, -3.70486302e-005, -0.927082691, 2.94518839e-005, 0.999999999, -2.80540118e-005, 0.927082697, -8.42133298e-006, 0.37485687, 0.37485687, -1.73916731e-005, -0.927082697, 1.43266603e-005, 1, -1.29667247e-005, 0.142213501, -0.0610903076, -0.168073706, 0, 0, 0, 0, 0, 0, 0, 0.211870654, 0.00882607422, -0.115553369, 0, 0, 0, 0, 0, 0, 0, 1, 1, 1, 
129.369994, 0.1, 0.1, 0.0989503764, 0.196894967, -0.0199679795, 0.927082664, 1.86444107e-005, 0.374856951, 0.37485695, 4.03859267e-005, -0.927082664, -3.24238553e-005, 0.999999999, 3.04521056e-005, 0.92708267, 1.04156876e-005, 0.374856938, 0.374856937, 2.09941085e-005, -0.92708267, -1.75259907e-005, 1, 1.55588814e-005, 0.142213501, -0.0610903076, -0.168073706, 0, 0, 0, 0, 0, 0, 0, 0.211870654, 0.00882607422, -0.115553369, 0, 0, 0, 0, 0, 0, 0, 1, 1, 1, 
129.370699, 0.1, 0.1, 0.0989503743, 0.196894965, -0.0199673824, 0.927082633, -1.78208642e-005, 0.374857027, 0.374857026, -3.8612768e-005, -0.927082633, 3.09956812e-005, 0.999999999, -2.91169505e-005, 0.92708264, -9.33244133e-006, 0.374857012, 0.374857012, -1.87529342e-005, -0.92708264, 1.56816132e-005, 1, -1.38871887e-005, 0.142213501, -0.0610903076, -0.168073706, 0, 0, 0, 0, 0, 0, 0, 0.211870654, 0.00882607422, -0.115553369, 0, 0, 0, 0, 0, 0, 0, 1, 1, 1, 
129.371407, 0.1, 0.1, 0.0989503734, 0.196894966, -0.0199673474, 0.9270826, 1.82768871e-005, 0.374857109, 0.374857108, 4.03962272e-005, -0.9270826, -3.2086997e-005, 0.999999999, 3.05994183e-005, 0.927082607, 9.83567992e-006, 0.374857092, 0.374857092, 2.04867911e-005, -0.927082607, -1.67981067e-005, 1, 1.53059733e-005, 0.142213501, -0.0610903076, -0.168073706, 0, 0, 0, 0, 0, 0, 0, 0.211870654, 0.00882607422, -0.115553369, 0, 0, 0, 0, 0, 0, 0, 1, 1, 1, 
129.372112, 0.1, 0.1, 0.0989503713, 0.196894964, -0.0199678101, 0.927082565, -1.759069e-005, 0.374857196, 0.374857195, -3.72728503e-005, -0.927082565, 3.02800182e-005, 0.999999999, -2.79610129e-005, 0.927082572, -9.22362286e-006, 0.374857179, 0.374857179, -1.76701309e-005, -0.927082572, 1.51748354e-005, 1, -1.29241292e-005, 0.142213501, -0.0610903076, -0.168073706, 0, 0, 0, 0, 0, 0, 0, 0.211870654, 0.00882607422, -0.115553369, 0, 0, 0, 0, 0, 0, 0, 1, 1, 1, 
129.37282, 0.1, 0.1, 0.0989503704, 0.196894965, -0.0199686276, 0.927082526, 1.8993812e-005, 0.374857293, 0.374857292, 3.59777803e-005, -0.927082526, -3.10953646e-005, 0.999999999, 2.62344025e-005, 0.927082534, 1.01873348e-005, 0.374857274, 0.374857273, 1.73939648e-005, -0.927082534, -1.59647544e-005, 1, 1.23068444e-005, 0.142213501, -0.0610903076, -0.168073706, 0, 0, 0, 0, 0, 0, 0, 0.211870654, 0.00882607422, -0.115553369, 0, 0, 0, 0, 0, 0, 0, 1, 1, 1, 
129.373529, 0.1, 0.1, 0.0989503679, 0.196894963, -0.019969515, 0.927082488, -1.55237778e-005, 0.374857388, 0.374857387, -3.73109115e-005, -0.927082487, 2.83780933e-005, 0.999999999, -2.87710898e-005, 0.927082495, -6.5613866e-006, 0.37485737, 0.37485737, -1.92999588e-005, -0.927082495, 1.33176784e-005, 1, -1.54330698e-005, 0.142213501, -0.0610903076, -0.168073706, 0, 0, 0, 0, 0, 0, 0, 0.211870654, 0.00882607422, -0.115553369, 0, 0, 0, 0, 0, 0, 0, 1, 1, 1, 
129.374269, 0.1, 0.1, 0.0989503676, 0.196894964, -0.01997001, 0.92708246, 1.35092527e-005, 0.374857455, 0.374857454, 3.98315788e-005, -0.92708246, -2.74553555e-005, 0.999999999, 3.1863114e-005, 0.927082465, 5.4810569e-006, 0.374857443, 0.374857443, 2.11834881e-005, -0.927082465, -1.30221799e-005, 1, 1.75842254e-005, 0.142772998, -0.0632263184, -0.167633325, 0, 0, 0, 0, 0, 0, 0, 0.211917627, 0.0068362793, -0.115153271, 0, 0, 0, 0, 0, 0, 0, 1, 1, 1, 
129.374976, 0.1, 0.1, 0.0989503654, 0.196894962, -0.0199699927, 0.927082447, -1.24288785e-005, 0.374857489, 0.374857488, -3.66326077e-005, -0.927082446, 2.52546024e-005, 0.999999999, -2.93023894e-005, 0.927082449, -5.49438711e-006, 0.374857483, 0.374857483, -1.75598895e-005, -0.927082449, 1.16762058e-005, 1, -1.42198533e-005, 0.142772998, -0.0632263184, -0.167633325, 0, 0, 0, 0, 0, 0, 0, 0.211917627, 0.0068362793, -0.115153271, 0, 0, 0, 0, 0, 0, 0, 1, 1, 1, 
129.375684, 0.1, 0.1, 0.0989503642, 0.196894963, -0.0199697055, 0.927082437, 1.64117953e-005, 0.374857512, 0.374857511, 3.64460001e-005, -0.927082437, -2.88771441e-005, 0.999999999, 2.76363618e-005, 0.927082439, 9.67302248e-006, 0.374857508, 0.374857507, 1.79820351e-005, -0.927082439, -1.57083901e-005, 1, 1.30448239e-005, 0.142772998, -0.0632263184, -0.167633325, 0, 0, 0, 0, 0, 0, 0, 0.211917627, 0.0068362793, -0.115153271, 0, 0, 0, 0, 0, 0, 0, 1, 1, 1, 
129.376406, 0.1, 0.1, 0.0989503627, 0.196894961, -0.0199692114, 0.927082422, -1.89059426e-005, 0.37485755, 0.374857549, -4.02741413e-005, -0.927082422, 3.2624433e-005, 0.999999999, -3.02504132e-005, 0.927082426, -1.02593142e-005, 0.374857541, 0.374857541, -1.9380529e-005, -0.927082426, 1.67761673e-005, 1, -1.41215665e-005, 0.142772998, -0.0632263184, -0.167633325, 0, 0, 0, 0, 0, 0, 0, 0.211917627, 0.0068362793, -0.115153271, 0, 0, 0, 0, 0, 0, 0, 1, 1, 1, 
129.377136, 0.1, 0.1, 0.098950362, 0.196894963, -0.0199682841, 0.927082401, 1.76000209e-005, 0.374857602, 0.374857601, 3.64114048e-005, -0.927082401, -2.99657616e-005, 0.999999999, 2.7158871e-005, 0.927082405, 9.37595783e-006, 0.374857592, 0.374857591, 1.75394068e-005, -0.927082405, -1.52670653e-005, 1, 1.27458264e-005, 0.14332041, -0.0651627686, -0.167193677, 0, 0, 0, 0, 0, 0, 0, 0.212158301, 0.00503969727, -0.114741699, 0, 0, 0, 0, 0, 0, 0, 1, 1, 1, 
129.377845, 0.1, 0.1, 0.0989503604, 0.196894961, -0.0199676206, 0.927082375, -1.98035768e-005, 0.374857665, 0.374857664, -4.06692053e-005, -0.927082375, 3.36047104e-005, 0.999999999, -3.02801809e-005, 0.927082381, -1.08323724e-005, 0.374857652, 0.374857652, -2.13446859e-005, -0.927082381, 1.80437205e-005, 1, -1.57276846e-005, 0.14332041, -0.0651627686, -0.167193677, 0, 0, 0, 0, 0, 0, 0, 0.212158301, 0.00503969727, -0.114741699, 0, 0, 0, 0, 0, 0, 0, 1, 1, 1, 
129.378552, 0.1, 0.1, 0.0989503599, 0.196894963, -0.019967459, 0.927082348, 1.77607216e-005, 0.374857733, 0.374857732, 3.8398234e-005, -0.927082347, -3.08595264e-005, 0.999999999, 2.89405811e-005, 0.927082353, 8.4552824e-006, 0.374857719, 0.374857719, 1.8807305e-005, -0.927082353, -1.48888066e-005, 1, 1.42663927e-005, 0.14332041, -0.0651627686, -0.167193677, 0, 0, 0, 0, 0, 0, 0, 0.212158301, 0.00503969727, -0.114741699, 0, 0, 0, 0, 0, 0, 0, 1, 1, 1, 
129.37926, 0.1, 0.1, 0.0989503579, 0.196894961, -0.0199677935, 0.927082321, -1.73825714e-005, 0.3748578, 0.3748578, -3.84793112e-005, -0.92708232, 3.05393446e-005, 0.999999999, -2.91574966e-005, 0.927082326, -8.35090824e-006, 0.374857787, 0.374857787, -1.8869134e-005, -0.927082326, 1.48152213e-005, 1, -1.43628377e-005, 0.14332041, -0.0651627686, -0.167193677, 0, 0, 0, 0, 0, 0, 0, 0.212158301, 0.00503969727, -0.114741699, 0, 0, 0, 0, 0, 0, 0, 1, 1, 1, 
129.379965, 0.1, 0.1, 0.0989503572, 0.196894962, -0.0199684812, 0.927082293, 1.76813867e-005, 0.374857869, 0.374857868, 3.75794719e-005, -0.927082293, -3.04790613e-005, 0.999999999, 2.8211256e-005, 0.927082299, 9.15337354e-006, 0.374857855, 0.374857855, 1.85623849e-005, -0.927082299, -1.54441864e-005, 1, 1.37776445e-005, 0.14332041, -0.0651627686, -0.167193677, 0, 0, 0, 0, 0, 0, 0, 0.212158301, 0.00503969727, -0.114741699, 0, 0, 0, 0, 0, 0, 0, 1, 1, 1, 
129.380676, 0.1, 0.1, 0.0989503552, 0.19689496, -0.0199692903, 0.927082263, -1.70415807e-005, 0.374857943, 0.374857943, -3.52067034e-005, -0.927082263, 2.89964596e-005, 0.999999999, -2.62513384e-005, 0.927082269, -8.49817836e-006, 0.374857928, 0.374857928, -1.6644719e-005, -0.927082269, 1.41179154e-005, 1, -1.22454144e-005, 0.14332041, -0.0651627686, -0.167193677, 0, 0, 0, 0, 0, 0, 0, 0.212158301, 0.00503969727, -0.114741699, 0, 0, 0, 0, 0, 0, 0, 1, 1, 1, 
129.381383, 0.1, 0.1, 0.0989503547, 0.196894961, -0.0199699737, 0.927082232, 1.67838326e-005, 0.37485802, 0.374858019, 3.63126135e-005, -0.927082232, -2.91720674e-005, 0.999999999, 2.73732245e-005, 0.927082238, 8.22776436e-006, 0.374858004, 0.374858004, 1.81472584e-005, -0.927082238, -1.44304593e-005, 1, 1.37397576e-005, 0.14332041, -0.0651627686, -0.167193677, 0, 0, 0, 0, 0, 0, 0, 0.212158301, 0.00503969727, -0.114741699, 0, 0, 0, 0, 0, 0, 0, 1, 1, 1, 
129.382114, 0.1, 0.1, 0.0989503528, 0.196894959, -0.019970228, 0.9270822, -1.7428818e-005, 0.374858097, 0.374858097, -3.75943238e-005, -0.9270822, 3.02504837e-005, 0.999999999, -2.83196949e-005, 0.927082207, -8.45367204e-006, 0.374858081, 0.374858081, -1.82285561e-005, -0.927082207, 1.46703705e-005, 1, -1.37304428e-005, 0.143381055, -0.0668175049, -0.16724895, 0, 0, 0, 0, 0, 0, 0, 0.212158301, 0.00503969727, -0.114741699, 0, 0, 0, 0, 0, 0, 0, 1, 1, 1, 
129.382825, 0.1, 0.1, 0.0989503523, 0.19689496, -0.0199698924, 0.92708217, 1.63357052e-005, 0.374858173, 0.374858173, 3.54467796e-005, -0.92708217, -2.8432056e-005, 0.999999999, 2.67385047e-005, 0.927082176, 8.06042123e-006, 0.374858158, 0.374858158, 1.70856247e-005, -0.927082176, -1.38773587e-005, 1, 1.28182635e-005, 0.143381055, -0.0668175049, -0.16724895, 0, 0, 0, 0, 0, 0, 0, 0.212079053, 0.00350297852, -0.114665039, 0, 0, 0, 0, 0, 0, 0, 1, 1, 1, 
129.383535, 0.1, 0.1, 0.0989503506, 0.196894959, -0.0199693154, 0.927082138, -1.79311553e-005, 0.374858252, 0.374858251, -3.74839473e-005, -0.927082138, 3.06748208e-005, 0.999999999, -2.80290564e-005, 0.927082144, -9.69493421e-006, 0.374858236, 0.374858236, -1.93320308e-005, -0.927082144, 1.62347714e-005, 1, -1.42881546e-005, 0.143381055, -0.0668175049, -0.16724895, 0, 0, 0, 0, 0, 0, 0, 0.212079053, 0.00350297852, -0.114665039, 0, 0, 0, 0, 0, 0, 0, 1, 1, 1, 
129.384253, 0.1, 0.1, 0.09895035, 0.19689496, -0.0199686979, 0.927082104, 1.86081306e-005, 0.374858335, 0.374858334, 3.86234286e-005, -0.927082104, -3.17295791e-005, 0.999999999, 2.88316766e-005, 0.927082111, 9.70610821e-006, 0.374858319, 0.374858318, 1.98649086e-005, -0.927082111, -1.64448855e-005, 1, 1.4777986e-005, 0.143381055, -0.0668175049, -0.16724895, 0, 0, 0, 0, 0, 0, 0, 0.212079053, 0.00350297852, -0.114665039, 0, 0, 0, 0, 0, 0, 0, 1, 1, 1, 
129.384973, 0.1, 0.1, 0.0989503479, 0.196894958, -0.0199679822, 0.92708207, -1.76933945e-005, 0.37485842, 0.374858419, -3.99228601e-005, -0.92708207, 3.13686491e-005, 0.999999999, -3.03792499e-005, 0.927082077, -8.98044617e-006, 0.374858404, 0.374858403, -2.11656012e-005, -0.927082077, 1.62597142e-005, 1, -1.62558538e-005, 0.143381055, -0.0668175049, -0.16724895, 0, 0, 0, 0, 0, 0, 0, 0.211754834, 0.00198457031, -0.114551758, 0, 0, 0, 0, 0, 0, 0, 1, 1, 1, 
129.38568, 0.1, 0.1, 0.0989503472, 0.196894959, -0.0199675958, 0.927082037, 1.85355944e-005, 0.374858501, 0.3748585, 3.92481823e-005, -0.927082037, -3.18965314e-005, 0.999999999, 2.94380597e-005, 0.927082044, 9.7938695e-006, 0.374858485, 0.374858485, 1.96382718e-005, -0.927082044, -1.64412934e-005, 1, 1.45349741e-005, 0.143381055, -0.0668175049, -0.16724895, 0, 0, 0, 0, 0, 0, 0, 0.211754834, 0.00198457031, -0.114551758, 0, 0, 0, 0, 0, 0, 0, 1, 1, 1, 
129.386388, 0.1, 0.1, 0.0989503454, 0.196894957, -0.0199676891, 0.927082002, -1.83916365e-005, 0.374858588, 0.374858587, -3.77833e-005, -0.927082002, 3.12139497e-005, 0.999999999, -2.81339545e-005, 0.927082009, -9.36626583e-006, 0.37485857, 0.37485857, -1.82375867e-005, -0.927082009, 1.55198122e-005, 1, -1.33967135e-005, 0.143381055, -0.0668175049, -0.16724895, 0, 0, 0, 0, 0, 0, 0, 0.211754834, 0.00198457031, -0.114551758, 0, 0, 0, 0, 0, 0, 0, 1, 1, 1, 
129.387093, 0.1, 0.1, 0.098950345, 0.196894958, -0.019968194, 0.927081967, 1.76251312e-005, 0.374858676, 0.374858675, 3.84402626e-005, -0.927081966, -3.07496073e-005, 0.999999999, 2.90303409e-005, 0.927081974, 8.55371995e-006, 0.374858659, 0.374858658, 1.91831085e-005, -0.927081974, -1.51209539e-005, 1, 1.45778781e-005, 0.143381055, -0.0668175049, -0.16724895, 0, 0, 0, 0, 0, 0, 0, 0.211754834, 0.00198457031, -0.114551758, 0, 0, 0, 0, 0, 0, 0, 1, 1, 1, 
129.387813, 0.1, 0.1, 0.098950343, 0.196894955, -0.0199687636, 0.927081931, -1.66303261e-005, 0.374858763, 0.374858763, -3.5299443e-005, -0.927081931, 2.86499804e-005, 0.999999999, -2.64914524e-005, 0.927081938, -7.93978944e-006, 0.374858747, 0.374858746, -1.67147711e-005, -0.927081938, 1.36265135e-005, 1, -1.25196628e-005, 0.143453052, -0.0686575195, -0.167267603, 0, 0, 0, 0, 0, 0, 0, 0.211754834, 0.00198457031, -0.114551758, 0, 0, 0, 0, 0, 0, 0, 1, 1, 1, 
129.388517, 0.1, 0.1, 0.0989503425, 0.196894956, -0.019969425, 0.927081898, 1.69442879e-005, 0.374858846, 0.374858845, 3.73459187e-005, -0.927081898, -2.97081906e-005, 0.999999999, 2.8271009e-005, 0.927081905, 8.53992191e-006, 0.37485883, 0.37485883, 1.91659673e-005, -0.927081904, -1.51017391e-005, 1, 1.45671563e-005, 0.143453052, -0.0686575195, -0.167267603, 0, 0, 0, 0, 0, 0, 0, 0.211754834, 0.00198457031, -0.114551758, 0, 0, 0, 0, 0, 0, 0, 1, 1, 1, 
129.389226, 0.1, 0.1, 0.0989503407, 0.196894954, -0.0199699536, 0.927081864, -1.63791702e-005, 0.374858929, 0.374858928, -3.48946168e-005, -0.927081864, 2.82653903e-005, 0.999999999, -2.62102883e-005, 0.927081871, -8.14732912e-006, 0.374858912, 0.374858912, -1.65811222e-005, -0.927081871, 1.37688226e-005, 1, -1.23179589e-005, 0.143453052, -0.0686575195, -0.167267603, 0, 0, 0, 0, 0, 0, 0, 0.211754834, 0.00198457031, -0.114551758, 0, 0, 0, 0, 0, 0, 0, 1, 1, 1, 
129.389942, 0.1, 0.1, 0.09895034, 0.196894955, -0.0199701151, 0.92708183, 1.77537858e-005, 0.374859015, 0.374859014, 3.74430173e-005, -0.927081829, -3.04950648e-005, 0.999999999, 2.80575744e-005, 0.927081836, 9.7956199e-006, 0.374858998, 0.374858998, 1.99442534e-005, -0.927081836, -1.65576241e-005, 1, 1.48179788e-005, 0.14350271, -0.0702844238, -0.167711743, 0, 0, 0, 0, 0, 0, 0, 0.211754834, 0.00198457031, -0.114551758, 0, 0, 0, 0, 0, 0, 0, 1, 1, 1, 
129.390669, 0.1, 0.1, 0.0989503382, 0.196894953, -0.019969684, 0.927081793, -1.72702892e-005, 0.374859106, 0.374859105, -3.67357716e-005, -0.927081793, 2.97817091e-005, 0.999999999, -2.75831398e-005, 0.9270818, -8.93982977e-006, 0.374859088, 0.374859088, -1.85078143e-005, -0.9270818, 1.52257759e-005, 1, -1.38070813e-005, 0.14350271, -0.0702844238, -0.167711743, 0, 0, 0, 0, 0, 0, 0, 0.211657275, 0.000236328124, -0.114665137, 0, 0, 0, 0, 0, 0, 0, 1, 1, 1, 
129.391376, 0.1, 0.1, 0.0989503377, 0.196894954, -0.0199691012, 0.927081757, 1.71230329e-005, 0.374859195, 0.374859194, 3.70271967e-005, -0.927081756, -2.97544365e-005, 0.999999999, 2.79085122e-005, 0.927081764, 8.73456341e-006, 0.374859177, 0.374859177, 1.85003661e-005, -0.927081764, -1.50326865e-005, 1, 1.38771208e-005, 0.14350271, -0.0702844238, -0.167711743, 0, 0, 0, 0, 0, 0, 0, 0.211657275, 0.000236328124, -0.114665137, 0, 0, 0, 0, 0, 0, 0, 1, 1, 1, 
129.39208, 0.1, 0.1, 0.0989503362, 0.196894952, -0.0199685584, 0.92708172, -1.83934522e-005, 0.374859286, 0.374859285, -3.8794122e-005, -0.927081719, 3.15945702e-005, 0.999999999, -2.9070365e-005, 0.927081727, -9.88356831e-006, 0.374859268, 0.374859268, -2.00125375e-005, -0.927081727, 1.66647607e-005, 1, -1.48483106e-005, 0.14350271, -0.0702844238, -0.167711743, 0, 0, 0, 0, 0, 0, 0, 0.211657275, 0.000236328124, -0.114665137, 0, 0, 0, 0, 0, 0, 0, 1, 1, 1, 
129.39279, 0.1, 0.1, 0.0989503358, 0.196894954, -0.0199681904, 0.927081682, 1.76651376e-005, 0.374859381, 0.37485938, 3.75391545e-005, -0.927081681, -3.04489297e-005, 0.999999999, 2.817992e-005, 0.927081689, 9.0113832e-006, 0.374859362, 0.374859362, 1.86119415e-005, -0.927081689, -1.53311489e-005, 1, 1.38767888e-005, 0.14350271, -0.0702844238, -0.167711743, 0, 0, 0, 0, 0, 0, 0, 0.211657275, 0.000236328124, -0.114665137, 0, 0, 0, 0, 0, 0, 0, 1, 1, 1, 
129.393499, 0.1, 0.1, 0.0989503342, 0.196894952, -0.0199681074, 0.927081643, -1.8740015e-005, 0.374859476, 0.374859475, -3.91443047e-005, -0.927081643, 3.20471375e-005, 0.999999999, -2.92650942e-005, 0.927081651, -9.74079319e-006, 0.374859457, 0.374859457, -2.00201741e-005, -0.927081651, 1.65352622e-005, 1, -1.49089076e-005, 0.14350271, -0.0702844238, -0.167711743, 0, 0, 0, 0, 0, 0, 0, 0.211657275, 0.000236328124, -0.114665137, 0, 0, 0, 0, 0, 0, 0, 1, 1, 1, 
129.39421, 0.1, 0.1, 0.098950334, 0.196894953, -0.0199682804, 0.927081605, 1.70339254e-005, 0.37485957, 0.374859569, 3.75428753e-005, -0.927081605, -2.9865145e-005, 0.999999999, 2.84199792e-005, 0.927081613, 8.03045897e-006, 0.374859551, 0.374859551, 1.83218013e-005, -0.927081613, -1.43129931e-005, 1, 1.39755108e-005, 0.14350271, -0.0702844238, -0.167711743, 0, 0, 0, 0, 0, 0, 0, 0.211657275, 0.000236328124, -0.114665137, 0, 0, 0, 0, 0, 0, 0, 1, 1, 1, 
129.394939, 0.1, 0.1, 0.0989503324, 0.196894952, -0.0199685352, 0.927081568, -1.85007673e-005, 0.374859662, 0.374859661, -3.91375219e-005, -0.927081567, 3.18227986e-005, 0.999999999, -2.93484838e-005, 0.927081576, -8.96864827e-006, 0.374859643, 0.374859643, -1.85939413e-005, -0.927081576, 1.52847868e-005, 1, -1.38761161e-005, 0.14350271, -0.0702844238, -0.167711743, 0, 0, 0, 0, 0, 0, 0, 0.211657275, 0.000236328124, -0.114665137, 0, 0, 0, 0, 0, 0, 0, 1, 1, 1, 
129.395662, 0.1, 0.1, 0.0989503321, 0.196894953, -0.0199686258, 0.927081531, 1.75907893e-005, 0.374859753, 0.374859753, 3.71326694e-005, -0.927081531, -3.02276392e-005, 0.999999999, 2.78309331e-005, 0.927081538, 8.63173092e-006, 0.374859736, 0.374859735, 1.81480863e-005, -0.927081538, -1.48053052e-005, 1, 1.35890674e-005, 0.143592529, -0.072161792, -0.167376074, 0, 0, 0, 0, 0, 0, 0, 0.211409961, -0.00132871094, -0.114210352, 0, 0, 0, 0, 0, 0, 0, 1, 1, 1, 
129.39637, 0.1, 0.1, 0.0989503304, 0.196894951, -0.0199688247, 0.927081496, -1.70060037e-005, 0.37485984, 0.374859839, -3.78374299e-005, -0.927081496, 2.99496843e-005, 0.999999999, -2.87035133e-005, 0.927081503, -8.21765062e-006, 0.374859823, 0.374859822, -1.88767455e-005, -0.927081503, 1.46945654e-005, 1, -1.44198146e-005, 0.143592529, -0.072161792, -0.167376074, 0, 0, 0, 0, 0, 0, 0, 0.211409961, -0.00132871094, -0.114210352, 0, 0, 0, 0, 0, 0, 0, 1, 1, 1, 
129.39708, 0.1, 0.1, 0.0989503299, 0.196894953, -0.0199690449, 0.927081461, 1.7496506e-005, 0.374859925, 0.374859924, 3.7428581e-005, -0.927081461, -3.02511614e-005, 0.999999999, 2.81406047e-005, 0.927081468, 9.03227247e-006, 0.374859908, 0.374859908, 1.84799479e-005, -0.927081468, -1.5301044e-005, 1, 1.37465804e-005, 0.143592529, -0.072161792, -0.167376074, 0, 0, 0, 0, 0, 0, 0, 0.211409961, -0.00132871094, -0.114210352, 0, 0, 0, 0, 0, 0, 0, 1, 1, 1, 
129.397815, 0.1, 0.1, 0.0989503286, 0.196894951, -0.0199691064, 0.927081424, -1.9494894e-005, 0.374860018, 0.374860017, -4.02557109e-005, -0.927081424, 3.31636106e-005, 0.999999999, -3.00124654e-005, 0.927081432, -1.03936503e-005, 0.374859998, 0.374859998, -2.03873121e-005, -0.927081432, 1.7278148e-005, 1, -1.50045347e-005, 0.143674902, -0.0738186035, -0.167031616, 0, 0, 0, 0, 0, 0, 0, 0.211409961, -0.00132871094, -0.114210352, 0, 0, 0, 0, 0, 0, 0, 1, 1, 1, 
129.398523, 0.1, 0.1, 0.0989503284, 0.196894953, -0.0199689211, 0.927081387, 1.71955061e-005, 0.37486011, 0.37486011, 3.54312165e-005, -0.927081386, -2.92233833e-005, 0.999999999, 2.6401712e-005, 0.927081394, 8.12285609e-006, 0.374860092, 0.374860092, 1.66591697e-005, -0.927081394, -1.37754066e-005, 1, 1.23994717e-005, 0.143674902, -0.0738186035, -0.167031616, 0, 0, 0, 0, 0, 0, 0, 0.211419092, -0.00313530273, -0.11378877, 0, 0, 0, 0, 0, 0, 0, 1, 1, 1, 
129.399233, 0.1, 0.1, 0.0989503266, 0.196894951, -0.0199688087, 0.927081352, -1.61487241e-005, 0.374860196, 0.374860195, -3.78541396e-005, -0.927081352, 2.91611911e-005, 0.999999999, -2.90403531e-005, 0.927081359, -7.38116125e-006, 0.37486018, 0.374860179, -1.97655569e-005, -0.927081359, 1.42522572e-005, 1, -1.55573759e-005, 0.143674902, -0.0738186035, -0.167031616, 0, 0, 0, 0, 0, 0, 0, 0.211419092, -0.00313530273, -0.11378877, 0, 0, 0, 0, 0, 0, 0, 1, 1, 1, 
129.399938, 0.1, 0.1, 0.0989503262, 0.196894952, -0.0199687719, 0.927081321, 1.73086134e-005, 0.374860271, 0.374860271, 3.91062607e-005, -0.927081321, -3.07058757e-005, 0.999999999, 2.97663723e-005, 0.927081328, 9.03989884e-006, 0.374860256, 0.374860256, 1.98633136e-005, -0.927081328, -1.58266883e-005, 1, 1.50262084e-005, 0.143674902, -0.0738186035, -0.167031616, 0, 0, 0, 0, 0, 0, 0, 0.211419092, -0.00313530273, -0.11378877, 0, 0, 0, 0, 0, 0, 0, 1, 1, 1, 
129.400643, 0.1, 0.1, 0.0989503246, 0.19689495, -0.0199688349, 0.92708129, -1.63155148e-005, 0.37486035, 0.37486035, -3.47495322e-005, -0.927081289, 2.81520303e-005, 0.999999999, -2.60996016e-005, 0.927081296, -8.39862017e-006, 0.374860335, 0.374860334, -1.59911176e-005, -0.927081296, 1.37806394e-005, 1, -1.16767565e-005, 0.143674902, -0.0738186035, -0.167031616, 0, 0, 0, 0, 0, 0, 0, 0.211419092, -0.00313530273, -0.11378877, 0, 0, 0, 0, 0, 0, 0, 1, 1, 1, 
129.401349, 0.1, 0.1, 0.098950324, 0.196894951, -0.0199690086, 0.927081256, 1.79266184e-005, 0.374860434, 0.374860434, 3.93844847e-005, -0.927081255, -3.13831169e-005, 0.999999999, 2.97926375e-005, 0.927081263, 9.82904636e-006, 0.374860417, 0.374860417, 2.04521472e-005, -0.927081262, -1.67790252e-005, 1, 1.52762821e-005, 0.143674902, -0.0738186035, -0.167031616, 0, 0, 0, 0, 0, 0, 0, 0.211419092, -0.00313530273, -0.11378877, 0, 0, 0, 0, 0, 0, 0, 1, 1, 1, 
129.402055, 0.1, 0.1, 0.0989503224, 0.196894948, -0.0199691983, 0.92708122, -1.6130328e-005, 0.374860523, 0.374860522, -3.48300845e-005, -0.92708122, 2.80105479e-005, 0.999999999, -2.62436941e-005, 0.927081227, -8.08926894e-006, 0.374860505, 0.374860505, -1.59248089e-005, -0.927081227, 1.34689913e-005, 1, -1.17312439e-005, 0.143674902, -0.0738186035, -0.167031616, 0, 0, 0, 0, 0, 0, 0, 0.211419092, -0.00313530273, -0.11378877, 0, 0, 0, 0, 0, 0, 0, 1, 1, 1, 
129.402779, 0.1, 0.1, 0.0989503218, 0.196894949, -0.0199692923, 0.927081182, 1.79016565e-005, 0.374860617, 0.374860616, 3.94943175e-005, -0.927081181, -3.14011531e-005, 0.999999999, 2.99038126e-005, 0.92708119, 9.35505767e-006, 0.374860597, 0.374860597, 1.93757032e-005, -0.92708119, -1.59360857e-005, 1, 1.44560075e-005, 0.143674902, -0.0738186035, -0.167031616, 0, 0, 0, 0, 0, 0, 0, 0.211419092, -0.00313530273, -0.11378877, 0, 0, 0, 0, 0, 0, 0, 1, 1, 1, 
129.403503, 0.1, 0.1, 0.0989503203, 0.196894947, -0.019969004, 0.927081142, -1.7832946e-005, 0.374860716, 0.374860715, -3.77807588e-005, -0.927081141, 3.06951102e-005, 0.999999999, -2.83409581e-005, 0.92708115, -9.692696e-006, 0.374860697, 0.374860697, -1.86977829e-005, -0.927081149, 1.59949797e-005, 1, -1.37009513e-005, 0.143747144, -0.0754876221, -0.166679712, 0, 0, 0, 0, 0, 0, 0, 0.211413574, -0.00473867188, -0.113140771, 0, 0, 0, 0, 0, 0, 0, 1, 1, 1, 
129.404207, 0.1, 0.1, 0.0989503199, 0.196894949, -0.0199687265, 0.927081099, 1.86207873e-005, 0.374860821, 0.37486082, 3.50586815e-005, -0.927081099, -3.0405106e-005, 0.999999999, 2.55220374e-005, 0.927081108, 9.85162039e-006, 0.3748608, 0.374860799, 1.66160429e-005, -0.927081108, -1.53619543e-005, 1, 1.17114332e-005, 0.143747144, -0.0754876221, -0.166679712, 0, 0, 0, 0, 0, 0, 0, 0.211413574, -0.00473867188, -0.113140771, 0, 0, 0, 0, 0, 0, 0, 1, 1, 1, 
129.404942, 0.1, 0.1, 0.0989503179, 0.196894947, -0.0199682366, 0.927081057, -1.672172e-005, 0.374860925, 0.374860924, -4.07662491e-005, -0.927081057, 3.07840637e-005, 0.999999999, -3.15252979e-005, 0.927081065, -7.52890383e-006, 0.374860906, 0.374860906, -2.21702958e-005, -0.927081065, 1.52906813e-005, 1, -1.77313697e-005, 0.143747144, -0.0754876221, -0.166679712, 0, 0, 0, 0, 0, 0, 0, 0.211413574, -0.00473867188, -0.113140771, 0, 0, 0, 0, 0, 0, 0, 1, 1, 1, 
