time, realDorsalTactorPos, realVentralTactorPos, boxPosX, boxPosY, boxPosZ, boxLocalRot_11, boxLocalRot_12, boxLocalRot_13, boxLocalRot_21, boxLocalRot_22, boxLocalRot_23, boxLocalRot_31, boxLocalRot_32, boxLocalRot_33, boxGlobalRot_11, boxGlobalRot_12, boxGlobalRot_13], boxGlobalRot_21, boxGlobalRot_22, boxGlobalRot_23, boxGlobalRot_31, boxGlobalRot_32, boxGlobalRot_33, indexPosX, indexPosY, indexPosZ, indexContact, indexForceX, indexForceY, indexForceZ, indexForceGlobalX, indexForceGlobalY, indexForceGlobalZ, thumbPosX, thumbPosY, thumbPosZ, thumbContact, thumbForceX, thumbForceY, thumbForceZ, thumbForceGlobalX, thumbForceGlobalY, thumbForceGlobalZ, hoopSuccess, targetSuccess, trialSuccess, 
51.3841463, 0.1, 0.1, 0.105222517, 0.173712993, -0.019967329, 0.545193706, 1.10302005e-005, 0.8383101, 0.8383101, 6.14657163e-006, -0.545193706, -1.11663289e-005, 1, -5.89565629e-006, 0.545193685, -5.36148699e-006, 0.838310113, 0.838310113, -4.93713589e-007, -0.545193685, 3.33693394e-006, 1, 4.22541923e-006, 0.138856519, -0.00747873535, -0.136044507, 0, 0, 0, 0, 0, 0, 0, 0.198211572, 0.0388598633, -0.117414502, 0, 0, 0, 0, 0, 0, 0, 1, 1, 1, 
51.4276551, 0.1, 0.1, 0.105222663, 0.173712632, -0.019969317, 0.54506484, -2.94194283e-006, 0.838393893, 0.838393893, -2.41644285e-005, -0.54506484, 2.18628588e-005, 1, -1.07046734e-005, 0.545065482, -1.98399691e-005, 0.838393476, 0.838393475, -1.46037427e-005, -0.545065482, 2.30577649e-005, 1, 8.67370457e-006, 0.146728711, -0.037613916, -0.134191821, 0, 0, 0, 0, 0, 0, 0, 0.202095605, 0.00980351562, -0.113628809, 0, 0, 0, 0, 0, 0, 0, 1, 1, 1, 
51.4283653, 0.1, 0.1, 0.105222664, 0.173712626, -0.019970159, 0.545061579, -1.30584628e-005, 0.838396013, 0.838396013, 1.76906238e-005, -0.545061579, -7.71408212e-006, 1, 2.05906425e-005, 0.545062245, 7.12769784e-007, 0.83839558, 0.83839558, 2.11619061e-005, -0.545062245, -1.81305524e-005, 1, 1.0936973e-005, 0.146728711, -0.037613916, -0.134191821, 0, 0, 0, 0, 0, 0, 0, 0.202095605, 0.00980351562, -0.113628809, 0, 0, 0, 0, 0, 0, 0, 1, 1, 1, 
51.4290634, 0.1, 0.1, 0.105222666, 0.173712624, -0.0199706549, 0.545058393, 1.99554686e-005, 0.838398085, 0.838398085, -4.97842366e-007, -0.545058393, -1.04595055e-005, 1, -1.70019798e-005, 0.545059019, 1.04870464e-005, 0.838397677, 0.838397677, -1.68159168e-005, -0.545059019, 8.38236636e-006, 1, -1.79579824e-005, 0.146728711, -0.037613916, -0.134191821, 0, 0, 0, 0, 0, 0, 0, 0.202095605, 0.00980351562, -0.113628809, 0, 0, 0, 0, 0, 0, 0, 1, 1, 1, 
51.4298062, 0.1, 0.1, 0.10522267, 0.173712618, -0.0199703952, 0.545055021, -2.13326498e-005, 0.838400277, 0.838400277, -9.75181817e-006, -0.545055021, 1.98033949e-005, 1, 1.2570022e-005, 0.545055652, -2.56179779e-005, 0.838399866, 0.838399867, 3.38693621e-006, -0.545055652, 1.11236168e-005, 1, 2.3324178e-005, 0.147528784, -0.0403329834, -0.133965039, 0, 0, 0, 0, 0, 0, 0, 0.202339697, 0.00693427734, -0.113274365, 0, 0, 0, 0, 0, 0, 0, 1, 1, 1, 
51.430515, 0.1, 0.1, 0.105222669, 0.173712614, -0.0199696625, 0.545051813, -1.78655628e-007, 0.838402362, 0.838402362, 2.4819247e-005, -0.545051813, -2.07111387e-005, 1, 1.36775609e-005, 0.545052443, 1.62602008e-005, 0.838401952, 0.838401952, 1.52520394e-005, -0.545052443, -2.16500017e-005, 1, -5.31942274e-006, 0.147528784, -0.0403329834, -0.133965039, 0, 0, 0, 0, 0, 0, 0, 0.202339697, 0.00693427734, -0.113274365, 0, 0, 0, 0, 0, 0, 0, 1, 1, 1, 
51.4312247, 0.1, 0.1, 0.105222673, 0.173712611, -0.0199688512, 0.545048639, 1.384225e-005, 0.838404425, 0.838404426, -1.69283406e-005, -0.545048639, 6.6480961e-006, 1, -2.08321727e-005, 0.545049274, -5.76475943e-007, 0.838404013, 0.838404012, -2.08173661e-005, -0.545049274, 1.77675711e-005, 1, -1.08631706e-005, 0.147528784, -0.0403329834, -0.133965039, 0, 0, 0, 0, 0, 0, 0, 0.202339697, 0.00693427734, -0.113274365, 0, 0, 0, 0, 0, 0, 0, 1, 1, 1, 
51.4319448, 0.1, 0.1, 0.105222673, 0.173712604, -0.0199680276, 0.545045346, -2.11360805e-005, 0.838406566, 0.838406567, 1.48396974e-006, -0.545045346, 1.02759523e-005, 1, 1.85294595e-005, 0.545046035, -1.0243381e-005, 0.838406119, 0.838406119, 2.12375891e-005, -0.545046035, -1.22226104e-005, 1, 2.01635771e-005, 0.147528784, -0.0403329834, -0.133965039, 0, 0, 0, 0, 0, 0, 0, 0.202339697, 0.00693427734, -0.113274365, 0, 0, 0, 0, 0, 0, 0, 1, 1, 1, 
51.4326794, 0.1, 0.1, 0.105222673, 0.173712603, -0.0199671844, 0.545041985, 2.45625522e-005, 0.838408751, 0.838408751, 1.15179244e-005, -0.545041985, -2.30443508e-005, 1, -1.43157063e-005, 0.545042626, 2.90052155e-005, 0.838408334, 0.838408335, -3.13456111e-006, -0.545042626, -1.31810367e-005, 1, -2.60266839e-005, 0.148306519, -0.0428274658, -0.133508911, 0, 0, 0, 0, 0, 0, 0, 0.202743066, 0.00466616211, -0.112896973, 0, 0, 0, 0, 0, 0, 0, 1, 1, 1, 
51.4333932, 0.1, 0.1, 0.105222676, 0.173712599, -0.0199669422, 0.545038695, 2.06925336e-006, 0.83841089, 0.83841089, -2.6998065e-005, -0.545038695, 2.15076486e-005, 1, -1.64498747e-005, 0.545039356, -1.63237322e-005, 0.838410461, 0.83841046, -1.61933058e-005, -0.545039356, 2.24737134e-005, 1, 4.85999888e-006, 0.148306519, -0.0428274658, -0.133508911, 0, 0, 0, 0, 0, 0, 0, 0.202743066, 0.00466616211, -0.112896973, 0, 0, 0, 0, 0, 0, 0, 1, 1, 1, 
51.4340956, 0.1, 0.1, 0.105222675, 0.173712594, -0.0199673288, 0.545035437, -1.10729053e-005, 0.838413008, 0.838413008, 1.77289355e-005, -0.545035437, -8.8290444e-006, 1, 1.89465659e-005, 0.545036085, 3.97740928e-006, 0.838412587, 0.838412587, 2.15571039e-005, -0.545036085, -2.02415788e-005, 1, 8.41468953e-006, 0.148306519, -0.0428274658, -0.133508911, 0, 0, 0, 0, 0, 0, 0, 0.202743066, 0.00466616211, -0.112896973, 0, 0, 0, 0, 0, 0, 0, 1, 1, 1, 
51.4348045, 0.1, 0.1, 0.105222677, 0.173712593, -0.0199682105, 0.545032135, 2.17774064e-005, 0.838415155, 0.838415155, -3.70328174e-006, -0.545032135, -8.76449878e-006, 1, -2.02769151e-005, 0.545032779, 1.1940628e-005, 0.838414736, 0.838414736, -2.14320077e-005, -0.545032779, 1.14608774e-005, 1, -2.16923452e-005, 0.148306519, -0.0428274658, -0.133508911, 0, 0, 0, 0, 0, 0, 0, 0.202743066, 0.00466616211, -0.112896973, 0, 0, 0, 0, 0, 0, 0, 1, 1, 1, 
51.4355154, 0.1, 0.1, 0.10522268, 0.173712588, -0.0199693381, 0.545028826, -2.16951521e-005, 0.838417306, 0.838417305, -1.27117876e-005, -0.545028826, 2.2482266e-005, 1, 1.12613003e-005, 0.545029471, -2.52456636e-005, 0.838416886, 0.838416887, 5.40985388e-007, -0.545029471, 1.33060594e-005, 1, 2.14612436e-005, 0.148306519, -0.0428274658, -0.133508911, 0, 0, 0, 0, 0, 0, 0, 0.202743066, 0.00466616211, -0.112896973, 0, 0, 0, 0, 0, 0, 0, 1, 1, 1, 
51.43622, 0.1, 0.1, 0.10522268, 0.173712585, -0.0199703284, 0.545025582, -1.42583685e-006, 0.838419414, 0.838419414, 2.19478883e-005, -0.545025582, -1.76244181e-005, 1, 1.31576099e-005, 0.545026222, 1.47654176e-005, 0.838418999, 0.838418999, 1.21089257e-005, -0.545026222, -1.81998931e-005, 1, -5.77992464e-006, 0.148306519, -0.0428274658, -0.133508911, 0, 0, 0, 0, 0, 0, 0, 0.202743066, 0.00466616211, -0.112896973, 0, 0, 0, 0, 0, 0, 0, 1, 1, 1, 
51.4369608, 0.1, 0.1, 0.105222684, 0.173712582, -0.0199706862, 0.545022158, 1.00462037e-005, 0.83842164, 0.83842164, -1.63446101e-005, -0.545022158, 8.22827118e-006, 1, -1.73311293e-005, 0.54502287, -4.65773083e-006, 0.838421178, 0.838421178, -2.08147285e-005, -0.54502287, 1.9990079e-005, 1, -7.43936288e-006, 0.14887981, -0.0452987549, -0.133398193, 0, 0, 0, 0, 0, 0, 0, 0.202743066, 0.00466616211, -0.112896973, 0, 0, 0, 0, 0, 0, 0, 1, 1, 1, 
51.4376746, 0.1, 0.1, 0.105222686, 0.173712576, -0.0199702774, 0.545018888, -2.27831145e-005, 0.838423766, 0.838423766, 4.11348242e-006, -0.545018888, 8.96838634e-006, 1, 2.13438303e-005, 0.545019527, -1.35379693e-005, 0.838423351, 0.838423351, 2.0668807e-005, -0.545019527, -9.95075278e-006, 1, 2.2615453e-005, 0.14887981, -0.0452987549, -0.133398193, 0, 0, 0, 0, 0, 0, 0, 0.203134717, 0.00219482422, -0.112709619, 0, 0, 0, 0, 0, 0, 0, 1, 1, 1, 
51.4383857, 0.1, 0.1, 0.105222686, 0.173712573, -0.0199695526, 0.545015651, 1.85482532e-005, 0.838425871, 0.83842587, 1.61572636e-005, -0.545015651, -2.36557561e-005, 1, -6.74537381e-006, 0.545016306, 2.24488125e-005, 0.838425444, 0.838425444, 2.28341194e-006, -0.545016306, -1.41494395e-005, 1, -1.75771588e-005, 0.14887981, -0.0452987549, -0.133398193, 0, 0, 0, 0, 0, 0, 0, 0.203134717, 0.00219482422, -0.112709619, 0, 0, 0, 0, 0, 0, 0, 1, 1, 1, 
51.439089, 0.1, 0.1, 0.105222689, 0.173712569, -0.0199687449, 0.545012454, 6.60177231e-008, 0.838427949, 0.838427948, -2.06158575e-005, -0.545012454, 1.72489306e-005, 1, -1.12912502e-005, 0.545013097, -1.77763889e-005, 0.83842753, 0.83842753, -1.01731718e-005, -0.545013098, 1.8217832e-005, 1, 9.35970196e-006, 0.14887981, -0.0452987549, -0.133398193, 0, 0, 0, 0, 0, 0, 0, 0.203134717, 0.00219482422, -0.112709619, 0, 0, 0, 0, 0, 0, 0, 1, 1, 1, 
51.4398017, 0.1, 0.1, 0.105222688, 0.173712564, -0.0199680456, 0.545009208, -1.08005944e-005, 0.838430059, 0.838430059, 2.02914112e-005, -0.545009208, -1.11265057e-005, 1, 2.0114549e-005, 0.545009854, 3.76154782e-006, 0.838429639, 0.838429638, 2.49058644e-005, -0.545009854, -2.29318955e-005, 1, 1.04201483e-005, 0.14887981, -0.0452987549, -0.133398193, 0, 0, 0, 0, 0, 0, 0, 0.203134717, 0.00219482422, -0.112709619, 0, 0, 0, 0, 0, 0, 0, 1, 1, 1, 
51.4405098, 0.1, 0.1, 0.105222689, 0.173712563, -0.0199677492, 0.545005969, 2.56113652e-005, 0.838432164, 0.838432164, -1.89496201e-006, -0.545005969, -1.23695498e-005, 1, -2.25061579e-005, 0.545006613, 1.53601812e-005, 0.838431745, 0.838431746, -1.95702535e-005, -0.545006612, 8.0369215e-006, 1, -2.35443812e-005, 0.14887981, -0.0452987549, -0.133398193, 0, 0, 0, 0, 0, 0, 0, 0.203134717, 0.00219482422, -0.112709619, 0, 0, 0, 0, 0, 0, 0, 1, 1, 1, 
51.441212, 0.1, 0.1, 0.105222692, 0.173712558, -0.0199679053, 0.545002748, -1.83649144e-005, 0.838434257, 0.838434257, -1.44923119e-005, -0.545002749, 2.21597796e-005, 1, 7.49942361e-006, 0.545003392, -2.2167584e-005, 0.838433839, 0.838433839, 1.08953649e-007, -0.545003392, 1.1990058e-005, 1, 1.86454326e-005, 0.14887981, -0.0452987549, -0.133398193, 0, 0, 0, 0, 0, 0, 0, 0.203134717, 0.00219482422, -0.112709619, 0, 0, 0, 0, 0, 0, 0, 1, 1, 1, 
51.4419441, 0.1, 0.1, 0.10522269, 0.173712555, -0.0199681956, 0.544999369, 3.76676831e-006, 0.838436454, 0.838436454, 2.19160731e-005, -0.544999369, -2.0428121e-005, 1, 8.78605014e-006, 0.545000013, 2.17887947e-005, 0.838436035, 0.838436035, 1.18121002e-005, -0.545000013, -2.17785839e-005, 1, -1.18309159e-005, 0.149482275, -0.0479987793, -0.133156396, 0, 0, 0, 0, 0, 0, 0, 0.203137256, -0.000439453126, -0.112316846, 0, 0, 0, 0, 0, 0, 0, 1, 1, 1, 
51.4426567, 0.1, 0.1, 0.105222693, 0.173712554, -0.0199686353, 0.544996073, 1.27214808e-005, 0.838438597, 0.838438597, -2.12828747e-005, -0.544996073, 1.09112265e-005, 1, -2.22652637e-005, 0.544996719, -9.02647157e-007, 0.838438177, 0.838438177, -2.52421029e-005, -0.544996719, 2.16558824e-005, 1, -1.30000494e-005, 0.149482275, -0.0479987793, -0.133156396, 0, 0, 0, 0, 0, 0, 0, 0.203137256, -0.000439453126, -0.112316846, 0, 0, 0, 0, 0, 0, 0, 1, 1, 1, 
51.4433644, 0.1, 0.1, 0.105222695, 0.173712549, -0.0199692001, 0.544992807, -2.41272717e-005, 0.838440719, 0.83844072, -7.84015106e-007, -0.544992807, 1.38065397e-005, 1, 1.98020045e-005, 0.544993478, -1.34830614e-005, 0.838440284, 0.838440284, 1.6747967e-005, -0.544993478, -6.69398967e-006, 1, 2.04322746e-005, 0.149482275, -0.0479987793, -0.133156396, 0, 0, 0, 0, 0, 0, 0, 0.203137256, -0.000439453126, -0.112316846, 0, 0, 0, 0, 0, 0, 0, 1, 1, 1, 
51.4440681, 0.1, 0.1, 0.105222695, 0.173712547, -0.0199697044, 0.544989566, 1.53319445e-005, 0.838442826, 0.838442826, 1.06788464e-005, -0.544989566, -1.7309352e-005, 1, -7.03509905e-006, 0.544990214, 1.92635537e-005, 0.838442405, 0.838442405, -3.21043476e-006, -0.544990214, -7.80668364e-006, 1, -1.79010359e-005, 0.149482275, -0.0479987793, -0.133156396, 0, 0, 0, 0, 0, 0, 0, 0.203137256, -0.000439453126, -0.112316846, 0, 0, 0, 0, 0, 0, 0, 1, 1, 1, 
51.4447904, 0.1, 0.1, 0.1052227, 0.173712544, -0.0199698716, 0.54498625, -5.51815228e-006, 0.838444981, 0.838444981, -2.23056313e-005, -0.54498625, 2.17093617e-005, 1, -7.52959527e-006, 0.544986896, -2.26363936e-005, 0.838444561, 0.838444561, -1.28266008e-005, -0.544986897, 2.30909315e-005, 1, 1.19890317e-005, 0.149482275, -0.0479987793, -0.133156396, 0, 0, 0, 0, 0, 0, 0, 0.203137256, -0.000439453126, -0.112316846, 0, 0, 0, 0, 0, 0, 0, 1, 1, 1, 
51.4454994, 0.1, 0.1, 0.1052227, 0.173712539, -0.0199697598, 0.544983008, -1.50264574e-005, 0.838447089, 0.838447089, 1.94746505e-005, -0.544983008, -8.13930003e-006, 1, 2.32122431e-005, 0.544983643, -1.91865912e-006, 0.838446676, 0.838446676, 2.31631735e-005, -0.544983643, -1.8375448e-005, 1, 1.42322441e-005, 0.149482275, -0.0479987793, -0.133156396, 0, 0, 0, 0, 0, 0, 0, 0.203137256, -0.000439453126, -0.112316846, 0, 0, 0, 0, 0, 0, 0, 1, 1, 1, 
51.4462014, 0.1, 0.1, 0.105222702, 0.173712538, -0.0199695069, 0.544979814, 2.11934197e-005, 0.838449165, 0.838449165, 5.08716173e-007, -0.544979814, -1.19765186e-005, 1, -1.7492365e-005, 0.544980451, 1.09528738e-005, 0.838448751, 0.838448751, -1.6583817e-005, -0.544980451, 7.93557852e-006, 1, -1.82212794e-005, 0.149482275, -0.0479987793, -0.133156396, 0, 0, 0, 0, 0, 0, 0, 0.203137256, -0.000439453126, -0.112316846, 0, 0, 0, 0, 0, 0, 0, 1, 1, 1, 
51.4469478, 0.1, 0.1, 0.105222705, 0.173712532, -0.0199686835, 0.544976405, -1.97425934e-005, 0.83845138, 0.83845138, -8.88960578e-006, -0.544976405, 1.82127498e-005, 1, 1.17085793e-005, 0.544977046, -2.44021043e-005, 0.838450964, 0.838450964, 5.5267017e-006, -0.544977046, 8.66471832e-006, 1, 2.34718934e-005, 0.149864185, -0.0504708008, -0.132681836, 0, 0, 0, 0, 0, 0, 0, 0.203317139, -0.00290566406, -0.112120947, 0, 0, 0, 0, 0, 0, 0, 1, 1, 1, 
51.4476583, 0.1, 0.1, 0.105222703, 0.173712528, -0.0199680361, 0.544973155, 3.51902634e-006, 0.838453493, 0.838453493, 2.60868233e-005, -0.544973155, -2.3790363e-005, 1, 1.12660785e-005, 0.544973791, 2.0881512e-005, 0.83845308, 0.83845308, 1.64008239e-005, -0.544973791, -2.51311981e-005, 1, -8.57014883e-006, 0.149864185, -0.0504708008, -0.132681836, 0, 0, 0, 0, 0, 0, 0, 0.203317139, -0.00290566406, -0.112120947, 0, 0, 0, 0, 0, 0, 0, 1, 1, 1, 
51.4483681, 0.1, 0.1, 0.105222706, 0.173712527, -0.0199677811, 0.544969899, 1.70844502e-005, 0.83845561, 0.83845561, -1.90373114e-005, -0.544969898, 6.6514294e-006, 1, -2.46993148e-005, 0.544970577, 1.75724602e-006, 0.838455169, 0.838455168, -2.28418747e-005, -0.544970577, 1.81942406e-005, 1, -1.39215217e-005, 0.149864185, -0.0504708008, -0.132681836, 0, 0, 0, 0, 0, 0, 0, 0.203317139, -0.00290566406, -0.112120947, 0, 0, 0, 0, 0, 0, 0, 1, 1, 1, 
51.4491041, 0.1, 0.1, 0.105222706, 0.173712521, -0.01996768, 0.5449665, -2.26133665e-005, 0.838457818, 0.838457819, 6.02613476e-007, -0.5449665, 1.18182612e-005, 1, 1.92887581e-005, 0.544967148, -1.22278565e-005, 0.838457398, 0.838457398, 1.90544007e-005, -0.544967147, -9.31252315e-006, 1, 2.06365591e-005, 0.150470679, -0.05316875, -0.132419653, 0, 0, 0, 0, 0, 0, 0, 0.203536816, -0.00536015625, -0.111518604, 0, 0, 0, 0, 0, 0, 0, 1, 1, 1, 
51.4498166, 0.1, 0.1, 0.105222706, 0.17371252, -0.0199677807, 0.544963188, 2.07033911e-005, 0.838459971, 0.838459971, 9.62021758e-006, -0.544963189, -1.93487534e-005, 1, -1.21163003e-005, 0.544963842, 2.48653046e-005, 0.838459546, 0.838459547, -4.67581637e-006, -0.544963842, -9.63020905e-006, 1, -2.33967029e-005, 0.150470679, -0.05316875, -0.132419653, 0, 0, 0, 0, 0, 0, 0, 0.203536816, -0.00536015625, -0.111518604, 0, 0, 0, 0, 0, 0, 0, 1, 1, 1, 
51.4505278, 0.1, 0.1, 0.105222709, 0.173712518, -0.0199682703, 0.54495988, -1.40287528e-006, 0.838462122, 0.838462121, -2.72292205e-005, -0.54495988, 2.35951807e-005, 1, -1.36625749e-005, 0.544960529, -1.88336279e-005, 0.838461699, 0.838461699, -1.70628014e-005, -0.544960529, 2.45700893e-005, 1, 6.49272239e-006, 0.150470679, -0.05316875, -0.132419653, 0, 0, 0, 0, 0, 0, 0, 0.203536816, -0.00536015625, -0.111518604, 0, 0, 0, 0, 0, 0, 0, 1, 1, 1, 
51.4512341, 0.1, 0.1, 0.105222708, 0.173712515, -0.01996898, 0.544956614, -1.17810891e-005, 0.838464244, 0.838464244, 1.56183308e-005, -0.544956614, -6.67522948e-006, 1, 1.83893346e-005, 0.544957257, 2.02373282e-006, 0.838463826, 0.838463826, 1.91445743e-005, -0.544957257, -1.71548809e-005, 1, 8.73614795e-006, 0.150470679, -0.05316875, -0.132419653, 0, 0, 0, 0, 0, 0, 0, 0.203536816, -0.00536015625, -0.111518604, 0, 0, 0, 0, 0, 0, 0, 1, 1, 1, 
51.4519393, 0.1, 0.1, 0.10522271, 0.173712514, -0.0199696824, 0.544953323, 2.12835365e-005, 0.838466383, 0.838466383, -4.00846173e-006, -0.544953323, -8.23757351e-006, 1, -2.00299544e-005, 0.544953964, 1.16342966e-005, 0.838465967, 0.838465967, -2.10635821e-005, -0.544953964, 1.13209407e-005, 1, -2.12336443e-005, 0.150470679, -0.05316875, -0.132419653, 0, 0, 0, 0, 0, 0, 0, 0.203536816, -0.00536015625, -0.111518604, 0, 0, 0, 0, 0, 0, 0, 1, 1, 1, 
51.4526539, 0.1, 0.1, 0.105222713, 0.17371251, -0.0199701509, 0.544950026, -1.94704451e-005, 0.838468526, 0.838468526, -1.22589732e-005, -0.544950026, 2.08891827e-005, 1, 9.64482762e-006, 0.54495067, -2.3302927e-005, 0.838468107, 0.838468108, 6.69765186e-007, -0.54495067, 1.21373689e-005, 1, 1.99037501e-005, 0.150470679, -0.05316875, -0.132419653, 0, 0, 0, 0, 0, 0, 0, 0.203536816, -0.00536015625, -0.111518604, 0, 0, 0, 0, 0, 0, 0, 1, 1, 1, 
51.4533632, 0.1, 0.1, 0.105222712, 0.173712507, -0.0199702674, 0.544946779, -2.71743856e-007, 0.838470637, 0.838470636, 2.33338053e-005, -0.544946778, -1.94166246e-005, 1, 1.29435313e-005, 0.544947447, 1.68627592e-005, 0.838470202, 0.838470202, 1.30168518e-005, -0.544947447, -2.01035599e-005, 1, -7.04542098e-006, 0.150470679, -0.05316875, -0.132419653, 0, 0, 0, 0, 0, 0, 0, 0.203536816, -0.00536015625, -0.111518604, 0, 0, 0, 0, 0, 0, 0, 1, 1, 1, 
51.4540909, 0.1, 0.1, 0.105222715, 0.173712506, -0.0199697908, 0.544943453, 1.11703737e-005, 0.838472798, 0.838472798, -1.73087442e-005, -0.544943453, 8.42568914e-006, 1, -1.87983413e-005, 0.54494409, -2.54424796e-006, 0.838472384, 0.838472384, -2.15618065e-005, -0.54494409, 1.94654522e-005, 1, -9.61669736e-006, 0.151268066, -0.0559014893, -0.131610547, 0, 0, 0, 0, 0, 0, 0, 0.203809473, -0.00782612305, -0.110969238, 0, 0, 0, 0, 0, 0, 0, 1, 1, 1, 
51.4548051, 0.1, 0.1, 0.105222716, 0.1737125, -0.0199690085, 0.544940196, -2.26197144e-005, 0.838474915, 0.838474915, 3.8784997e-006, -0.544940196, 9.07436692e-006, 1, 2.10796135e-005, 0.544940841, -1.27932835e-005, 0.838474495, 0.838474495, 2.13479486e-005, -0.544940841, -1.09281278e-005, 1, 2.2360211e-005, 0.151268066, -0.0559014893, -0.131610547, 0, 0, 0, 0, 0, 0, 0, 0.203809473, -0.00782612305, -0.110969238, 0, 0, 0, 0, 0, 0, 0, 1, 1, 1, 
51.4555166, 0.1, 0.1, 0.105222716, 0.173712498, -0.0199683031, 0.544936951, 2.04905244e-005, 0.838477023, 0.838477023, 1.62789231e-005, -0.544936951, -2.48155469e-005, 1, -8.30984716e-006, 0.544937592, 2.4541673e-005, 0.838476607, 0.838476607, 2.1231245e-006, -0.544937592, -1.51538704e-005, 1, -1.94206484e-005, 0.151268066, -0.0559014893, -0.131610547, 0, 0, 0, 0, 0, 0, 0, 0.203809473, -0.00782612305, -0.110969238, 0, 0, 0, 0, 0, 0, 0, 1, 1, 1, 
51.456225, 0.1, 0.1, 0.105222719, 0.173712495, -0.0199678898, 0.544933734, -1.66896544e-007, 0.838479114, 0.838479114, -2.10361876e-005, -0.544933734, 1.77293515e-005, 1, -1.1323389e-005, 0.544934372, -1.80112679e-005, 0.838478699, 0.838478699, -1.04820527e-005, -0.544934373, 1.86039369e-005, 1, 9.39003366e-006, 0.151268066, -0.0559014893, -0.131610547, 0, 0, 0, 0, 0, 0, 0, 0.203809473, -0.00782612305, -0.110969238, 0, 0, 0, 0, 0, 0, 0, 1, 1, 1, 
51.4569292, 0.1, 0.1, 0.105222718, 0.17371249, -0.0199678449, 0.544930478, -1.10194389e-005, 0.838481231, 0.838481231, 2.05706106e-005, -0.544930478, -1.12432427e-005, 1, 2.04491454e-005, 0.544931115, 3.4026449e-006, 0.838480817, 0.838480816, 2.49555298e-005, -0.544931115, -2.27789401e-005, 1, 1.07459922e-005, 0.151268066, -0.0559014893, -0.131610547, 0, 0, 0, 0, 0, 0, 0, 0.203809473, -0.00782612305, -0.110969238, 0, 0, 0, 0, 0, 0, 0, 1, 1, 1, 
51.4576491, 0.1, 0.1, 0.105222719, 0.17371249, -0.0199681215, 0.544927159, 2.51817012e-005, 0.838483388, 0.838483388, -3.19973089e-006, -0.544927159, -1.10392717e-005, 1, -2.28580584e-005, 0.544927806, 1.51077822e-005, 0.838482967, 0.838482967, -2.07276196e-005, -0.544927806, 9.14710536e-006, 1, -2.39626743e-005, 0.151268066, -0.0559014893, -0.131610547, 0, 0, 0, 0, 0, 0, 0, 0.203809473, -0.00782612305, -0.110969238, 0, 0, 0, 0, 0, 0, 0, 1, 1, 1, 
51.4583605, 0.1, 0.1, 0.105222721, 0.173712486, -0.0199686245, 0.544923874, -1.80971863e-005, 0.838485522, 0.838485522, -1.48942132e-005, -0.544923874, 2.2350171e-005, 1, 7.05801634e-006, 0.544924551, -2.18872354e-005, 0.838485082, 0.838485083, -1.38795728e-007, -0.544924551, 1.204327e-005, 1, 1.82764871e-005, 0.151268066, -0.0559014893, -0.131610547, 0, 0, 0, 0, 0, 0, 0, 0.203809473, -0.00782612305, -0.110969238, 0, 0, 0, 0, 0, 0, 0, 1, 1, 1, 
51.4590889, 0.1, 0.1, 0.105222719, 0.173712484, -0.0199689919, 0.544920502, 3.15653505e-006, 0.838487714, 0.838487713, 2.12529521e-005, -0.544920502, -1.95403998e-005, 1, 8.93445346e-006, 0.544921146, 2.07158639e-005, 0.838487295, 0.838487295, 1.12831848e-005, -0.544921146, -2.07493194e-005, 1, -1.12215427e-005, 0.152043726, -0.0584231934, -0.131000879, 0, 0, 0, 0, 0, 0, 0, 0.204254102, -0.0105553711, -0.110617969, 0, 0, 0, 0, 0, 0, 0, 1, 1, 1, 
51.4598035, 0.1, 0.1, 0.105222722, 0.173712483, -0.0199692286, 0.544917197, 1.11087744e-005, 0.838489862, 0.838489862, -2.07167359e-005, -0.544917197, 1.13174108e-005, 1, -2.06035004e-005, 0.544917839, -2.26871898e-006, 0.838489445, 0.838489445, -2.47717837e-005, -0.544917839, 2.20071446e-005, 1, -1.15962899e-005, 0.152043726, -0.0584231934, -0.131000879, 0, 0, 0, 0, 0, 0, 0, 0.204254102, -0.0105553711, -0.110617969, 0, 0, 0, 0, 0, 0, 0, 1, 1, 1, 
51.4605118, 0.1, 0.1, 0.105222723, 0.173712479, -0.0199694225, 0.544913932, -2.46758036e-005, 0.838491983, 0.838491983, 2.63257612e-007, -0.544913932, 1.32254498e-005, 1, 2.08339162e-005, 0.544914577, -1.46667809e-005, 0.838491565, 0.838491565, 1.70021435e-005, -0.544914577, -6.26401116e-006, 1, 2.15626879e-005, 0.152043726, -0.0584231934, -0.131000879, 0, 0, 0, 0, 0, 0, 0, 0.204254102, -0.0105553711, -0.110617969, 0, 0, 0, 0, 0, 0, 0, 1, 1, 1, 
51.4612485, 0.1, 0.1, 0.105222724, 0.173712478, -0.0199693991, 0.544910553, 1.58314783e-005, 0.838494179, 0.838494179, 1.53416513e-005, -0.544910553, -2.14906249e-005, 1, -4.91477468e-006, 0.544911285, 2.03131106e-005, 0.838493704, 0.838493704, -3.07980782e-007, -0.544911285, -1.08106033e-005, 1, -1.72002376e-005, 0.152653516, -0.0608822754, -0.130918481, 0, 0, 0, 0, 0, 0, 0, 0.204254102, -0.0105553711, -0.110617969, 0, 0, 0, 0, 0, 0, 0, 1, 1, 1, 
51.4619551, 0.1, 0.1, 0.105222727, 0.173712475, -0.0199690285, 0.544907297, -3.76324546e-006, 0.838496295, 0.838496295, -1.97065575e-005, -0.544907297, 1.85744954e-005, 1, -7.58277961e-006, 0.544907945, -2.13796755e-005, 0.838495874, 0.838495874, -9.58456615e-006, -0.544907946, 1.96865742e-005, 1, 1.27040634e-005, 0.152653516, -0.0608822754, -0.130918481, 0, 0, 0, 0, 0, 0, 0, 0.204450342, -0.0132179688, -0.110390332, 0, 0, 0, 0, 0, 0, 0, 1, 1, 1, 
51.4626664, 0.1, 0.1, 0.105222727, 0.17371247, -0.0199686814, 0.544904028, -1.39991111e-005, 0.83849842, 0.83849842, 2.16281833e-005, -0.544904028, -1.05070255e-005, 1, 2.35235167e-005, 0.544904666, -2.66909215e-007, 0.838498005, 0.838498005, 2.59435973e-005, -0.544904666, -2.16082145e-005, 1, 1.43605901e-005, 0.152653516, -0.0608822754, -0.130918481, 0, 0, 0, 0, 0, 0, 0, 0.204450342, -0.0132179688, -0.110390332, 0, 0, 0, 0, 0, 0, 0, 1, 1, 1, 
51.463377, 0.1, 0.1, 0.105222728, 0.173712469, -0.019968493, 0.544900764, 2.32997013e-005, 0.838500541, 0.838500541, 1.85820561e-007, -0.544900764, -1.28518357e-005, 1, -1.94355584e-005, 0.544901436, 1.24802089e-005, 0.838500104, 0.838500104, -1.77501045e-005, -0.544901436, 8.08298075e-006, 1, -2.01367139e-005, 0.152653516, -0.0608822754, -0.130918481, 0, 0, 0, 0, 0, 0, 0, 0.204450342, -0.0132179688, -0.110390332, 0, 0, 0, 0, 0, 0, 0, 1, 1, 1, 
51.4640837, 0.1, 0.1, 0.10522273, 0.173712465, -0.0199684672, 0.544897514, -1.79261442e-005, 0.838502653, 0.838502653, -1.28949207e-005, -0.544897514, 2.05803366e-005, 1, 8.00470918e-006, 0.544898157, -2.20902605e-005, 0.838502235, 0.838502235, 1.564755e-006, -0.544898158, 1.07248917e-005, 1, 1.93753649e-005, 0.152653516, -0.0608822754, -0.130918481, 0, 0, 0, 0, 0, 0, 0, 0.204450342, -0.0132179688, -0.110390332, 0, 0, 0, 0, 0, 0, 0, 1, 1, 1, 
51.4647942, 0.1, 0.1, 0.105222729, 0.173712463, -0.0199685963, 0.544894241, 3.9829275e-006, 0.83850478, 0.83850478, 2.10325371e-005, -0.544894241, -1.98061571e-005, 1, 8.12080458e-006, 0.544894883, 2.14315515e-005, 0.838504362, 0.838504362, 1.11546059e-005, -0.544894883, -2.10311285e-005, 1, -1.18923617e-005, 0.152653516, -0.0608822754, -0.130918481, 0, 0, 0, 0, 0, 0, 0, 0.204450342, -0.0132179688, -0.110390332, 0, 0, 0, 0, 0, 0, 0, 1, 1, 1, 
51.4655051, 0.1, 0.1, 0.105222731, 0.173712463, -0.0199688954, 0.54489097, 1.51515815e-005, 0.838506906, 0.838506906, -2.14473625e-005, -0.544890969, 9.72780165e-006, 1, -2.43911798e-005, 0.54489162, 1.2403514e-006, 0.838506483, 0.838506483, -2.537086e-005, -0.54489162, 2.05977735e-005, 1, -1.48644117e-005, 0.152653516, -0.0608822754, -0.130918481, 0, 0, 0, 0, 0, 0, 0, 0.204450342, -0.0132179688, -0.110390332, 0, 0, 0, 0, 0, 0, 0, 1, 1, 1, 
51.4662432, 0.1, 0.1, 0.105222732, 0.173712459, -0.0199690383, 0.544887583, -2.37539132e-005, 0.838509106, 0.838509107, -8.89182199e-007, -0.544887583, 1.36887997e-005, 1, 1.94333682e-005, 0.544888246, -1.33998738e-005, 0.838508676, 0.838508676, 1.6726777e-005, -0.544888246, -6.72411391e-006, 1, 2.03501346e-005, 0.153299194, -0.0637891846, -0.130878076, 0, 0, 0, 0, 0, 0, 0, 0.204664648, -0.0158771484, -0.110190771, 0, 0, 0, 0, 0, 0, 0, 1, 1, 1, 
51.4669487, 0.1, 0.1, 0.105222732, 0.173712459, -0.0199689626, 0.544884315, 1.72309593e-005, 0.83851123, 0.83851123, 1.03150744e-005, -0.544884316, -1.80381852e-005, 1, -8.8278306e-006, 0.544884964, 2.12502411e-005, 0.838510808, 0.838510809, -3.89592795e-006, -0.544884964, -8.31215914e-006, 1, -1.99413894e-005, 0.153299194, -0.0637891846, -0.130878076, 0, 0, 0, 0, 0, 0, 0, 0.204664648, -0.0158771484, -0.110190771, 0, 0, 0, 0, 0, 0, 0, 1, 1, 1, 
51.4676614, 0.1, 0.1, 0.105222735, 0.173712456, -0.0199689387, 0.544881037, -3.09593828e-006, 0.838513361, 0.83851336, -2.40253747e-005, -0.544881037, 2.18325157e-005, 1, -1.04949855e-005, 0.544881684, -2.05993871e-005, 0.838512939, 0.838512939, -1.42870118e-005, -0.544881685, 2.3204073e-005, 1, 9.48812157e-006, 0.153299194, -0.0637891846, -0.130878076, 0, 0, 0, 0, 0, 0, 0, 0.204664648, -0.0158771484, -0.110190771, 0, 0, 0, 0, 0, 0, 0, 1, 1, 1, 
51.4683791, 0.1, 0.1, 0.105222735, 0.173712453, -0.0199689226, 0.544877737, -1.43132597e-005, 0.838515505, 0.838515505, 1.85430855e-005, -0.544877737, -7.74968818e-006, 1, 2.21056047e-005, 0.544878442, 7.24464848e-007, 0.838515047, 0.838515046, 2.25553949e-005, -0.544878442, -1.93077833e-005, 1, 1.16824738e-005, 0.153299194, -0.0637891846, -0.130878076, 0, 0, 0, 0, 0, 0, 0, 0.204664648, -0.0158771484, -0.110190771, 0, 0, 0, 0, 0, 0, 0, 1, 1, 1, 
51.4690811, 0.1, 0.1, 0.105222736, 0.173712452, -0.0199688951, 0.544874507, 2.16080599e-005, 0.838517604, 0.838517604, -6.81304193e-007, -0.544874507, -1.12023954e-005, 1, -1.84899639e-005, 0.544875147, 1.13942846e-005, 0.838517188, 0.838517188, -1.81588456e-005, -0.544875146, 9.01804166e-006, 1, -1.94486071e-005, 0.153299194, -0.0637891846, -0.130878076, 0, 0, 0, 0, 0, 0, 0, 0.204664648, -0.0158771484, -0.110190771, 0, 0, 0, 0, 0, 0, 0, 1, 1, 1, 
51.4697893, 0.1, 0.1, 0.105222738, 0.173712448, -0.0199689533, 0.544871253, -1.92436552e-005, 0.838519718, 0.838519718, -1.01640905e-005, -0.544871253, 1.90081049e-005, 1, 1.05980636e-005, 0.54487189, -2.34519462e-005, 0.838519304, 0.838519304, 3.53023744e-006, -0.54487189, 9.81813398e-006, 1, 2.15884367e-005, 0.153299194, -0.0637891846, -0.130878076, 0, 0, 0, 0, 0, 0, 0, 0.204664648, -0.0158771484, -0.110190771, 0, 0, 0, 0, 0, 0, 0, 1, 1, 1, 
51.4705005, 0.1, 0.1, 0.105222737, 0.173712446, -0.0199690675, 0.544867992, 2.17743503e-006, 0.838521837, 0.838521837, 2.50863197e-005, -0.544867992, -2.22218415e-005, 1, 1.18429058e-005, 0.544868638, 1.92810901e-005, 0.838521417, 0.838521417, 1.51212215e-005, -0.544868639, -2.31851294e-005, 1, -7.92852761e-006, 0.153299194, -0.0637891846, -0.130878076, 0, 0, 0, 0, 0, 0, 0, 0.204664648, -0.0158771484, -0.110190771, 0, 0, 0, 0, 0, 0, 0, 1, 1, 1, 
51.4712315, 0.1, 0.1, 0.10522274, 0.173712445, -0.0199689765, 0.544864657, 1.34637715e-005, 0.838524004, 0.838524004, -1.89751519e-005, -0.544864657, 8.57518711e-006, 1, -2.16285852e-005, 0.5448653, -5.92261487e-007, 0.838523587, 0.838523586, -2.29428655e-005, -0.544865299, 1.95608366e-005, 1, -1.20041461e-005, 0.153707471, -0.0664715088, -0.130615161, 0, 0, 0, 0, 0, 0, 0, 0.205090967, -0.0185663574, -0.109761621, 0, 0, 0, 0, 0, 0, 0, 1, 1, 1, 
51.4719366, 0.1, 0.1, 0.10522274, 0.17371244, -0.0199688333, 0.544861398, -2.08212185e-005, 0.838526121, 0.838526121, 1.78646767e-006, -0.544861398, 9.84667842e-006, 1, 1.84325129e-005, 0.544862042, -1.07881961e-005, 0.838525703, 0.838525703, 1.92555647e-005, -0.544862042, -1.02682073e-005, 1, 1.9537806e-005, 0.153707471, -0.0664715088, -0.130615161, 0, 0, 0, 0, 0, 0, 0, 0.205090967, -0.0185663574, -0.109761621, 0, 0, 0, 0, 0, 0, 0, 1, 1, 1, 
51.4726499, 0.1, 0.1, 0.105222739, 0.17371244, -0.0199687437, 0.544858123, 2.1096136e-005, 0.83852825, 0.83852825, 1.24508749e-005, -0.544858123, -2.19348114e-005, 1, -1.09057457e-005, 0.544858763, 2.52306219e-005, 0.838527834, 0.838527834, -1.49098702e-006, -0.544858763, -1.24968913e-005, 1, -2.19689561e-005, 0.153707471, -0.0664715088, -0.130615161, 0, 0, 0, 0, 0, 0, 0, 0.205090967, -0.0185663574, -0.109761621, 0, 0, 0, 0, 0, 0, 0, 1, 1, 1, 
51.4733575, 0.1, 0.1, 0.105222742, 0.173712438, -0.0199688004, 0.544854877, 2.73932692e-007, 0.838530359, 0.838530359, -2.30584126e-005, -0.544854877, 1.91859254e-005, 1, -1.27931894e-005, 0.544855542, -1.74420433e-005, 0.838529927, 0.838529927, -1.26332773e-005, -0.544855542, 2.00967751e-005, 1, 7.74236414e-006, 0.153707471, -0.0664715088, -0.130615161, 0, 0, 0, 0, 0, 0, 0, 0.205090967, -0.0185663574, -0.109761621, 0, 0, 0, 0, 0, 0, 0, 1, 1, 1, 
51.474075, 0.1, 0.1, 0.10522274, 0.173712434, -0.0199688023, 0.544851579, -1.10852435e-005, 0.838532502, 0.838532502, 1.98127255e-005, -0.544851579, -1.05738019e-005, 1, 2.00903317e-005, 0.544852222, 3.24120782e-006, 0.838532084, 0.838532084, 2.39035262e-005, -0.544852222, -2.18098529e-005, 1, 1.03060326e-005, 0.153707471, -0.0664715088, -0.130615161, 0, 0, 0, 0, 0, 0, 0, 0.205081055, -0.0211072754, -0.10938374, 0, 0, 0, 0, 0, 0, 0, 1, 1, 1, 
51.4747874, 0.1, 0.1, 0.105222741, 0.173712434, -0.0199688075, 0.544848304, 2.23149835e-005, 0.83853463, 0.83853463, -2.50788618e-006, -0.544848304, -1.00553315e-005, 1, -2.0078304e-005, 0.544848937, 1.27349836e-005, 0.838534219, 0.838534219, -1.95931214e-005, -0.544848937, 9.49086048e-006, 1, -2.13540109e-005, 0.153707471, -0.0664715088, -0.130615161, 0, 0, 0, 0, 0, 0, 0, 0.205081055, -0.0211072754, -0.10938374, 0, 0, 0, 0, 0, 0, 0, 1, 1, 1, 
51.475501, 0.1, 0.1, 0.105222744, 0.17371243, -0.0199689105, 0.544845025, -2.08948338e-005, 0.83853676, 0.83853676, -1.41176489e-005, -0.544845025, 2.32226138e-005, 1, 9.82915551e-006, 0.544845675, -2.4727736e-005, 0.838536338, 0.838536338, -1.10453498e-007, -0.544845675, 1.35654193e-005, 1, 2.06749251e-005, 0.153707471, -0.0664715088, -0.130615161, 0, 0, 0, 0, 0, 0, 0, 0.205081055, -0.0211072754, -0.10938374, 0, 0, 0, 0, 0, 0, 0, 1, 1, 1, 
51.4762209, 0.1, 0.1, 0.105222743, 0.173712429, -0.0199689151, 0.544841734, 1.016365e-007, 0.838538899, 0.838538899, 2.1560264e-005, -0.544841734, -1.81344959e-005, 1, 1.16617055e-005, 0.544842377, 1.75131768e-005, 0.838538481, 0.838538481, 1.14083204e-005, -0.544842377, -1.91082365e-005, 1, -8.46973621e-006, 0.154313232, -0.068948291, -0.130137793, 0, 0, 0, 0, 0, 0, 0, 0.205081055, -0.0211072754, -0.10938374, 0, 0, 0, 0, 0, 0, 0, 1, 1, 1, 
51.4769288, 0.1, 0.1, 0.105222746, 0.173712428, -0.0199689204, 0.544838463, 1.04640875e-005, 0.838541024, 0.838541024, -1.91607215e-005, -0.544838462, 1.03658137e-005, 1, -1.92140647e-005, 0.544839107, -3.55040253e-006, 0.838540606, 0.838540605, -2.33192494e-005, -0.544839107, 2.14885356e-005, 1, -9.72808231e-006, 0.154313232, -0.068948291, -0.130137793, 0, 0, 0, 0, 0, 0, 0, 0.205081055, -0.0211072754, -0.10938374, 0, 0, 0, 0, 0, 0, 0, 1, 1, 1, 
51.4776418, 0.1, 0.1, 0.105222747, 0.173712424, -0.0199689523, 0.544835189, -2.44888852e-005, 0.838543151, 0.838543151, 2.49900032e-006, -0.544835189, 1.12468868e-005, 1, 2.18965303e-005, 0.544835835, -1.46110635e-005, 0.838542732, 0.838542732, 1.9763911e-005, -0.544835835, -8.61225294e-006, 1, 2.3020088e-005, 0.154313232, -0.068948291, -0.130137793, 0, 0, 0, 0, 0, 0, 0, 0.205081055, -0.0211072754, -0.10938374, 0, 0, 0, 0, 0, 0, 0, 1, 1, 1, 
51.4783729, 0.1, 0.1, 0.105222746, 0.173712423, -0.0199689248, 0.544831833, 1.83469288e-005, 0.838545332, 0.838545332, 1.62443269e-005, -0.544831833, -2.36175953e-005, 1, -6.53430508e-006, 0.544832534, 2.25081225e-005, 0.838544876, 0.838544876, 1.18802156e-006, -0.544832535, -1.32593668e-005, 1, -1.8226798e-005, 0.154659253, -0.0714441162, -0.129680811, 0, 0, 0, 0, 0, 0, 0, 0.205081055, -0.0211072754, -0.10938374, 0, 0, 0, 0, 0, 0, 0, 1, 1, 1, 
51.47909, 0.1, 0.1, 0.10522275, 0.17371242, -0.0199685961, 0.544828529, -2.53535809e-006, 0.838547479, 0.838547478, -1.95441882e-005, -0.544828529, 1.77700652e-005, 1, -8.52221318e-006, 0.544829169, -2.02103769e-005, 0.838547063, 0.838547063, -9.17497128e-006, -0.544829169, 1.8704848e-005, 1, 1.19485602e-005, 0.154659253, -0.0714441162, -0.129680811, 0, 0, 0, 0, 0, 0, 0, 0.205299268, -0.0236547852, -0.108794092, 0, 0, 0, 0, 0, 0, 0, 1, 1, 1, 
51.4798001, 0.1, 0.1, 0.105222749, 0.173712416, -0.0199684347, 0.544825256, -1.19691002e-005, 0.838549605, 0.838549605, 2.08948441e-005, -0.544825255, -1.10002952e-005, 1, 2.1420723e-005, 0.544825895, 1.88190037e-006, 0.83854919, 0.83854919, 2.53809667e-005, -0.544825895, -2.23084971e-005, 1, 1.22501419e-005, 0.154659253, -0.0714441162, -0.129680811, 0, 0, 0, 0, 0, 0, 0, 0.205299268, -0.0236547852, -0.108794092, 0, 0, 0, 0, 0, 0, 0, 1, 1, 1, 
51.4805123, 0.1, 0.1, 0.105222749, 0.173712417, -0.0199684858, 0.544821971, 2.48789105e-005, 0.838551739, 0.838551739, -2.12951636e-006, -0.544821972, -1.17688674e-005, 1, -2.2022461e-005, 0.544822619, 1.4635978e-005, 0.838551319, 0.838551319, -1.92583148e-005, -0.544822618, 8.17507343e-006, 1, -2.27653841e-005, 0.154659253, -0.0714441162, -0.129680811, 0, 0, 0, 0, 0, 0, 0, 0.205299268, -0.0236547852, -0.108794092, 0, 0, 0, 0, 0, 0, 0, 1, 1, 1, 
51.4812218, 0.1, 0.1, 0.105222751, 0.173712413, -0.0199687167, 0.544818717, -1.69460839e-005, 0.838553853, 0.838553853, -1.47556873e-005, -0.544818718, 2.16059821e-005, 1, 6.17102931e-006, 0.544819371, -2.08863447e-005, 0.838553429, 0.838553429, -3.24831056e-007, -0.544819371, 1.16516734e-005, 1, 1.73373417e-005, 0.154659253, -0.0714441162, -0.129680811, 0, 0, 0, 0, 0, 0, 0, 0.205299268, -0.0236547852, -0.108794092, 0, 0, 0, 0, 0, 0, 0, 1, 1, 1, 
51.4819304, 0.1, 0.1, 0.105222749, 0.173712412, -0.0199689966, 0.544815431, 3.58053156e-006, 0.838555988, 0.838555988, 1.92953126e-005, -0.544815431, -1.81309287e-005, 1, 7.50990786e-006, 0.544816082, 2.11864473e-005, 0.838555565, 0.838555565, 9.22758453e-006, -0.544816083, -1.92805596e-005, 1, -1.27386769e-005, 0.154659253, -0.0714441162, -0.129680811, 0, 0, 0, 0, 0, 0, 0, 0.205299268, -0.0236547852, -0.108794092, 0, 0, 0, 0, 0, 0, 0, 1, 1, 1, 
51.4826466, 0.1, 0.1, 0.105222751, 0.173712413, -0.0199692431, 0.544812133, 1.34863698e-005, 0.838558131, 0.838558131, -2.19871073e-005, -0.544812133, 1.10899297e-005, 1, -2.32879478e-005, 0.544812788, -2.82433172e-007, 0.838557706, 0.838557706, -2.61829323e-005, -0.544812788, 2.21097729e-005, 1, -1.40279598e-005, 0.154659253, -0.0714441162, -0.129680811, 0, 0, 0, 0, 0, 0, 0, 0.205299268, -0.0236547852, -0.108794092, 0, 0, 0, 0, 0, 0, 0, 1, 1, 1, 
51.4833715, 0.1, 0.1, 0.105222752, 0.173712409, -0.0199693059, 0.544808801, -2.36508591e-005, 0.838560296, 0.838560296, -1.40337517e-006, -0.544808801, 1.40620109e-005, 1, 1.90681003e-005, 0.544809478, -1.30697814e-005, 0.838559856, 0.838559856, 1.61920276e-005, -0.544809478, -6.45744355e-006, 1, 1.97813641e-005, 0.155241455, -0.0741618408, -0.128799805, 0, 0, 0, 0, 0, 0, 0, 0.205299268, -0.0236547852, -0.108794092, 0, 0, 0, 0, 0, 0, 0, 1, 1, 1, 
51.4840879, 0.1, 0.1, 0.105222752, 0.17371241, -0.0199690367, 0.544805505, 1.69217223e-005, 0.838562438, 0.838562438, 1.08300829e-005, -0.544805505, -1.83007482e-005, 1, -8.28963188e-006, 0.54480615, 2.101953e-005, 0.838562018, 0.838562018, -3.57827864e-006, -0.54480615, -8.45096069e-006, 1, -1.95756477e-005, 0.155241455, -0.0741618408, -0.128799805, 0, 0, 0, 0, 0, 0, 0, 0.20551626, -0.0262257324, -0.108206396, 0, 0, 0, 0, 0, 0, 0, 1, 1, 1, 
51.4847984, 0.1, 0.1, 0.105222755, 0.173712407, -0.0199687894, 0.544802237, -4.09231111e-006, 0.83856456, 0.83856456, -2.21681273e-005, -0.544802237, 2.08189062e-005, 1, -8.64557828e-006, 0.544802875, -2.14863586e-005, 0.838564146, 0.838564146, -1.2658679e-005, -0.544802875, 2.23209443e-005, 1, 1.11212052e-005, 0.155241455, -0.0741618408, -0.128799805, 0, 0, 0, 0, 0, 0, 0, 0.20551626, -0.0262257324, -0.108206396, 0, 0, 0, 0, 0, 0, 0, 1, 1, 1, 
51.4855089, 0.1, 0.1, 0.105222755, 0.173712404, -0.0199686652, 0.544798973, -1.5064982e-005, 0.838566681, 0.838566681, 2.16917157e-005, -0.544798972, -9.98256337e-006, 1, 2.44506164e-005, 0.544799617, -1.21728413e-006, 0.838566263, 0.838566263, 2.5459584e-005, -0.544799617, -2.06863723e-005, 1, 1.4891145e-005, 0.155241455, -0.0741618408, -0.128799805, 0, 0, 0, 0, 0, 0, 0, 0.20551626, -0.0262257324, -0.108206396, 0, 0, 0, 0, 0, 0, 0, 1, 1, 1, 
51.4862348, 0.1, 0.1, 0.105222756, 0.173712404, -0.0199686019, 0.544795665, 2.31908459e-005, 0.83856883, 0.83856883, 2.16333498e-006, -0.544795665, -1.44483776e-005, 1, -1.8268545e-005, 0.544796313, 1.28105366e-005, 0.838568409, 0.838568409, -1.54344327e-005, -0.544796313, 5.96369462e-006, 1, -1.91511333e-005, 0.155241455, -0.0741618408, -0.128799805, 0, 0, 0, 0, 0, 0, 0, 0.205698096, -0.0287383301, -0.107973877, 0, 0, 0, 0, 0, 0, 0, 1, 1, 1, 
51.4869426, 0.1, 0.1, 0.105222758, 0.173712399, -0.0199685088, 0.544792373, -1.80482174e-005, 0.838570969, 0.838570969, -8.94634707e-006, -0.544792373, 1.73346781e-005, 1, 1.02608095e-005, 0.544793021, -2.22565293e-005, 0.838570548, 0.838570548, 5.45705369e-006, -0.544793021, 7.54907732e-006, 1, 2.16366347e-005, 0.155241455, -0.0741618408, -0.128799805, 0, 0, 0, 0, 0, 0, 0, 0.205698096, -0.0287383301, -0.107973877, 0, 0, 0, 0, 0, 0, 0, 1, 1, 1, 
51.4876531, 0.1, 0.1, 0.105222756, 0.173712397, -0.0199685952, 0.544789097, 3.64756885e-006, 0.838573098, 0.838573097, 2.53935406e-005, -0.544789097, -2.32814958e-005, 1, 1.0775371e-005, 0.544789739, 2.10215511e-005, 0.83857268, 0.83857268, 1.57209245e-005, -0.544789739, -2.46354631e-005, 1, -9.0635001e-006, 0.155241455, -0.0741618408, -0.128799805, 0, 0, 0, 0, 0, 0, 0, 0.205698096, -0.0287383301, -0.107973877, 0, 0, 0, 0, 0, 0, 0, 1, 1, 1, 
51.4883818, 0.1, 0.1, 0.105222758, 0.173712397, -0.0199687901, 0.544785738, 1.64726147e-005, 0.83857528, 0.83857528, -1.76928993e-005, -0.544785737, 5.86278243e-006, 1, -2.34523666e-005, 0.544786499, 2.66237093e-007, 0.838574785, 0.838574785, -2.18285853e-005, -0.544786499, 1.81598588e-005, 1, -1.21151783e-005, 0.155241455, -0.0741618408, -0.128799805, 0, 0, 0, 0, 0, 0, 0, 0.205698096, -0.0287383301, -0.107973877, 0, 0, 0, 0, 0, 0, 0, 1, 1, 1, 
