time, realDorsalTactorPos, realVentralTactorPos, boxPosX, boxPosY, boxPosZ, boxLocalRot_11, boxLocalRot_12, boxLocalRot_13, boxLocalRot_21, boxLocalRot_22, boxLocalRot_23, boxLocalRot_31, boxLocalRot_32, boxLocalRot_33, boxGlobalRot_11, boxGlobalRot_12, boxGlobalRot_13], boxGlobalRot_21, boxGlobalRot_22, boxGlobalRot_23, boxGlobalRot_31, boxGlobalRot_32, boxGlobalRot_33, indexPosX, indexPosY, indexPosZ, indexContact, indexForceX, indexForceY, indexForceZ, indexForceGlobalX, indexForceGlobalY, indexForceGlobalZ, thumbPosX, thumbPosY, thumbPosZ, thumbContact, thumbForceX, thumbForceY, thumbForceZ, thumbForceGlobalX, thumbForceGlobalY, thumbForceGlobalZ, hoopSuccess, targetSuccess, trialSuccess, 
213.340103, 0.1, 0.1, 0.120209464, 0.175801354, -0.0199668483, 0.841096504, 1.2471305e-005, -0.540885082, 0.540885082, -2.28565697e-006, 0.841096504, 9.25329325e-006, -1, -8.6680009e-006, 0.841096503, 2.0079232e-005, -0.540885083, 0.540885083, -3.21546058e-006, 0.841096503, 1.51493771e-005, -1, -1.35650697e-005, 0.116205859, -0.0119563965, -0.167959668, 0, 0, 0, 0, 0, 0, 0, 0.190770654, 0.0444802246, -0.136914258, 0, 0, 0, 0, 0, 0, 0, 1, 1, 1, 
213.378344, 0.1, 0.1, 0.120209022, 0.175801436, -0.0199697855, 0.841105271, -2.05789535e-005, -0.540871447, 0.540871447, 4.59619304e-007, 0.841105271, -1.70604713e-005, -1, 1.15171566e-005, 0.841105266, -1.30180199e-005, -0.540871456, 0.540871456, -1.2898714e-005, 0.841105266, -1.79260713e-005, -1, -3.8081009e-006, 0.121789502, -0.0386063477, -0.171152026, 0, 0, 0, 0, 0, 0, 0, 0.196469092, 0.0163646973, -0.143015527, 0, 0, 0, 0, 0, 0, 0, 1, 1, 1, 
213.37905, 0.1, 0.1, 0.120209019, 0.175801438, -0.0199682367, 0.841105415, 9.14216846e-006, -0.540871225, 0.540871225, 1.93557058e-006, 0.841105415, 8.73642182e-006, -1, -3.31671695e-006, 0.841105376, 2.20030664e-005, -0.540871284, 0.540871284, 3.82610966e-006, 0.841105376, 2.05763303e-005, -1, -8.68266538e-006, 0.121789502, -0.0386063477, -0.171152026, 0, 0, 0, 0, 0, 0, 0, 0.196469092, 0.0163646973, -0.143015527, 0, 0, 0, 0, 0, 0, 0, 1, 1, 1, 
213.379761, 0.1, 0.1, 0.120209011, 0.175801439, -0.0199670352, 0.841105574, 1.240038e-005, -0.540870977, 0.540870977, -2.0188393e-006, 0.841105574, 9.33809713e-006, -1, -8.40506262e-006, 0.841105558, -8.25118241e-006, -0.540871001, 0.540871001, -9.84680064e-006, 0.841105558, -1.22659643e-005, -1, -3.81937345e-006, 0.121789502, -0.0386063477, -0.171152026, 0, 0, 0, 0, 0, 0, 0, 0.196469092, 0.0163646973, -0.143015527, 0, 0, 0, 0, 0, 0, 0, 1, 1, 1, 
213.380466, 0.1, 0.1, 0.120209006, 0.175801441, -0.0199665353, 0.841105518, -1.91178109e-005, -0.540871064, 0.540871064, -1.7381136e-005, 0.841105518, -2.54810498e-005, -1, -4.2790987e-006, 0.841105549, -1.95229187e-005, -0.540871015, 0.540871015, 1.50386987e-006, 0.841105549, -1.56074356e-005, -1, 1.18242941e-005, 0.121789502, -0.0386063477, -0.171152026, 0, 0, 0, 0, 0, 0, 0, 0.196469092, 0.0163646973, -0.143015527, 0, 0, 0, 0, 0, 0, 0, 1, 1, 1, 
213.381171, 0.1, 0.1, 0.120209001, 0.175801443, -0.0199668842, 0.841105336, 1.26840788e-005, -0.540871346, 0.540871346, 1.86735662e-005, 0.841105336, 2.07686432e-005, -1, 8.84598138e-006, 0.841105368, 9.57806385e-006, -0.540871297, 0.540871297, 2.39243784e-005, 0.841105368, 2.09961705e-005, -1, 1.49424233e-005, 0.121789502, -0.0386063477, -0.171152026, 0, 0, 0, 0, 0, 0, 0, 0.196469092, 0.0163646973, -0.143015527, 0, 0, 0, 0, 0, 0, 0, 1, 1, 1, 
213.381879, 0.1, 0.1, 0.120208995, 0.175801442, -0.0199678528, 0.841105302, -1.38072935e-005, -0.540871399, 0.540871399, 5.11308468e-006, 0.841105302, -8.8478665e-006, -1, 1.17686128e-005, 0.841105291, -2.09126786e-005, -0.540871416, 0.540871416, -4.84147442e-006, 0.841105291, -2.02083798e-005, -1, 7.23888037e-006, 0.121789502, -0.0386063477, -0.171152026, 0, 0, 0, 0, 0, 0, 0, 0.196469092, 0.0163646973, -0.143015527, 0, 0, 0, 0, 0, 0, 0, 1, 1, 1, 
213.382611, 0.1, 0.1, 0.120208994, 0.175801443, -0.0199689088, 0.841105477, -8.38694865e-006, -0.540871127, 0.540871127, -1.89609041e-006, 0.841105477, -8.079849e-006, -1, 2.94144634e-006, 0.841105436, 1.68399727e-005, -0.540871191, 0.540871191, -2.86429619e-006, 0.841105436, 1.26149773e-005, -1, -1.15174312e-005, 0.122292993, -0.0414092529, -0.171228296, 0, 0, 0, 0, 0, 0, 0, 0.197188477, 0.0135523437, -0.143586523, 0, 0, 0, 0, 0, 0, 0, 1, 1, 1, 
213.383317, 0.1, 0.1, 0.120208989, 0.175801443, -0.0199699075, 0.841105604, 2.18334418e-005, -0.54087093, 0.54087093, 1.98615622e-006, 0.841105604, 1.94384844e-005, -1, -1.01385069e-005, 0.841105595, 1.75457573e-005, -0.540870944, 0.540870944, -7.65530197e-006, 0.841105595, 1.06173042e-005, -1, -1.59289076e-005, 0.122292993, -0.0414092529, -0.171228296, 0, 0, 0, 0, 0, 0, 0, 0.197188477, 0.0135523437, -0.143586523, 0, 0, 0, 0, 0, 0, 0, 1, 1, 1, 
213.38402, 0.1, 0.1, 0.120208984, 0.175801443, -0.0199706582, 0.841105527, -1.03277198e-005, -0.540871049, 0.540871049, -2.1783147e-005, 0.841105527, -2.04685758e-005, -1, -1.27359607e-005, 0.841105556, -1.30625855e-005, -0.540871005, 0.540871004, -1.8762186e-005, 0.841105556, -2.11349357e-005, -1, -8.71580519e-006, 0.122292993, -0.0414092529, -0.171228296, 0, 0, 0, 0, 0, 0, 0, 0.197188477, 0.0135523437, -0.143586523, 0, 0, 0, 0, 0, 0, 0, 1, 1, 1, 
213.384732, 0.1, 0.1, 0.120208981, 0.175801445, -0.0199708647, 0.841105381, 9.79859198e-006, -0.540871277, 0.540871277, -9.38739931e-007, 0.841105381, 7.73391098e-006, -1, -6.08935616e-006, 0.841105405, 1.11781508e-005, -0.540871239, 0.540871239, 1.58906245e-005, 0.841105405, 1.79967848e-005, -1, 7.31974994e-006, 0.122292993, -0.0414092529, -0.171228296, 0, 0, 0, 0, 0, 0, 0, 0.197188477, 0.0135523437, -0.143586523, 0, 0, 0, 0, 0, 0, 0, 1, 1, 1, 
213.385445, 0.1, 0.1, 0.120208974, 0.175801445, -0.019970524, 0.841105402, 4.62478626e-006, -0.540871245, 0.540871244, 1.36149897e-005, 0.841105402, 1.12538891e-005, -1, 8.95022749e-006, 0.841105382, -1.46888263e-005, -0.540871275, 0.540871275, 7.61236343e-006, 0.841105382, -8.23754212e-006, -1, 1.4347564e-005, 0.122292993, -0.0414092529, -0.171228296, 0, 0, 0, 0, 0, 0, 0, 0.197188477, 0.0135523437, -0.143586523, 0, 0, 0, 0, 0, 0, 0, 1, 1, 1, 
213.386149, 0.1, 0.1, 0.120208971, 0.175801447, -0.0199697686, 0.841105574, -2.50448172e-005, -0.540870975, 0.540870976, 1.55988338e-007, 0.841105575, -2.09809658e-005, -1, 1.36772174e-005, 0.84110554, -1.47288487e-005, -0.540871029, 0.540871029, 1.62251708e-006, 0.84110554, -1.15109438e-005, -1, 9.33111566e-006, 0.122292993, -0.0414092529, -0.171228296, 0, 0, 0, 0, 0, 0, 0, 0.197188477, 0.0135523437, -0.143586523, 0, 0, 0, 0, 0, 0, 0, 1, 1, 1, 
213.386868, 0.1, 0.1, 0.120208967, 0.175801448, -0.0199688262, 0.841105653, 9.43036407e-006, -0.540870854, 0.540870853, 1.9567446e-005, 0.841105653, 1.85153938e-005, -1, 1.13576804e-005, 0.841105655, 1.9269576e-005, -0.54087085, 0.54087085, 6.75001442e-006, 0.841105655, 1.98586354e-005, -1, -4.74487665e-006, 0.122292993, -0.0414092529, -0.171228296, 0, 0, 0, 0, 0, 0, 0, 0.197188477, 0.0135523437, -0.143586523, 0, 0, 0, 0, 0, 0, 0, 1, 1, 1, 
213.387587, 0.1, 0.1, 0.12020896, 0.175801447, -0.0199678031, 0.841105519, -6.1762351e-006, -0.540871063, 0.540871063, -1.1511836e-005, 0.841105519, -1.14212844e-005, -1, -6.34212195e-006, 0.841105556, -1.33669823e-005, -0.540871005, 0.540871005, -2.22239355e-005, 0.841105556, -2.32633254e-005, -1, -1.14628625e-005, 0.122815283, -0.0439399658, -0.171208252, 0, 0, 0, 0, 0, 0, 0, 0.197651172, 0.0105650879, -0.144100879, 0, 0, 0, 0, 0, 0, 0, 1, 1, 1, 
213.388292, 0.1, 0.1, 0.120208958, 0.175801449, -0.0199672573, 0.841105368, -2.76458638e-006, -0.540871297, 0.540871297, -1.69035417e-005, 0.841105368, -1.1467949e-005, -1, -1.27223742e-005, 0.841105382, 1.232792e-005, -0.540871275, 0.540871275, -1.584142e-006, 0.841105382, 9.512263e-006, -1, -8.0002482e-006, 0.122815283, -0.0439399658, -0.171208252, 0, 0, 0, 0, 0, 0, 0, 0.197651172, 0.0105650879, -0.144100879, 0, 0, 0, 0, 0, 0, 0, 1, 1, 1, 
213.388994, 0.1, 0.1, 0.120208953, 0.17580145, -0.0199673489, 0.841105428, 2.28612528e-005, -0.540871203, 0.540871203, 5.43033162e-006, 0.841105428, 2.21658338e-005, -1, -7.7975119e-006, 0.841105396, 6.27249864e-006, -0.540871253, 0.540871253, 1.31506384e-005, 0.841105396, 1.23886348e-005, -1, 7.66845876e-006, 0.122815283, -0.0439399658, -0.171208252, 0, 0, 0, 0, 0, 0, 0, 0.197651172, 0.0105650879, -0.144100879, 0, 0, 0, 0, 0, 0, 0, 1, 1, 1, 
213.389716, 0.1, 0.1, 0.120208947, 0.17580145, -0.0199679159, 0.841105614, -2.27531909e-005, -0.540870914, 0.540870914, -5.96354737e-006, 0.841105614, -2.23633459e-005, -1, 7.29056598e-006, 0.841105582, -2.62510474e-005, -0.540870964, 0.540870964, -1.82936924e-006, 0.841105582, -2.30693552e-005, -1, 1.26597367e-005, 0.123546777, -0.0467346924, -0.171262183, 0, 0, 0, 0, 0, 0, 0, 0.197651172, 0.0105650879, -0.144100879, 0, 0, 0, 0, 0, 0, 0, 1, 1, 1, 
213.390433, 0.1, 0.1, 0.120208945, 0.175801452, -0.0199685596, 0.841105655, 1.02657484e-006, -0.54087085, 0.54087085, 1.50533991e-005, 0.841105655, 9.0054027e-006, -1, 1.21062547e-005, 0.841105665, 1.27977911e-005, -0.540870834, 0.540870834, 1.67526001e-005, 0.841105665, 1.98252874e-005, -1, 7.16875492e-006, 0.123546777, -0.0467346924, -0.171262183, 0, 0, 0, 0, 0, 0, 0, 0.198382031, 0.00754291992, -0.144675049, 0, 0, 0, 0, 0, 0, 0, 1, 1, 1, 
213.391138, 0.1, 0.1, 0.12020894, 0.175801451, -0.0199693674, 0.841105502, 6.25161892e-006, -0.540871089, 0.540871089, 1.28349962e-005, 0.841105502, 1.22003494e-005, -1, 7.41426598e-006, 0.841105539, -2.9574046e-006, -0.540871031, 0.540871031, -1.03486004e-005, 0.841105539, -8.08474757e-006, -1, -7.10469065e-006, 0.123546777, -0.0467346924, -0.171262183, 0, 0, 0, 0, 0, 0, 0, 0.198382031, 0.00754291992, -0.144675049, 0, 0, 0, 0, 0, 0, 0, 1, 1, 1, 
213.391843, 0.1, 0.1, 0.120208937, 0.175801452, -0.0199700734, 0.84110539, -1.16394905e-005, -0.540871263, 0.540871263, -1.33367783e-005, 0.84110539, -1.70035183e-005, -1, -4.92217018e-006, 0.841105396, -7.73259467e-007, -0.540871254, 0.540871254, -1.30212956e-005, 0.841105396, -7.69323721e-006, -1, -1.05340482e-005, 0.123546777, -0.0467346924, -0.171262183, 0, 0, 0, 0, 0, 0, 0, 0.198382031, 0.00754291992, -0.144675049, 0, 0, 0, 0, 0, 0, 0, 1, 1, 1, 
213.392548, 0.1, 0.1, 0.120208934, 0.175801454, -0.0199704905, 0.841105477, 2.18336945e-005, -0.540871126, 0.540871126, 3.3719152e-006, 0.841105478, 2.01882116e-005, -1, -8.9730786e-006, 0.841105447, 2.05860423e-005, -0.540871174, 0.540871174, 7.68882618e-006, 0.841105447, 2.14736968e-005, -1, -4.66728329e-006, 0.123546777, -0.0467346924, -0.171262183, 0, 0, 0, 0, 0, 0, 0, 0.198382031, 0.00754291992, -0.144675049, 0, 0, 0, 0, 0, 0, 0, 1, 1, 1, 
213.393252, 0.1, 0.1, 0.120208928, 0.175801455, -0.0199705239, 0.841105633, -5.59752195e-006, -0.540870884, 0.540870884, -8.87188031e-006, 0.841105633, -9.50664899e-006, -1, -4.43465186e-006, 0.841105608, -2.13775695e-005, -0.540870924, 0.540870924, -2.72488695e-006, 0.841105608, -1.94546057e-005, -1, 9.27058807e-006, 0.123546777, -0.0467346924, -0.171262183, 0, 0, 0, 0, 0, 0, 0, 0.198382031, 0.00754291992, -0.144675049, 0, 0, 0, 0, 0, 0, 0, 1, 1, 1, 
213.393954, 0.1, 0.1, 0.120208925, 0.175801457, -0.0199701928, 0.841105622, -1.60567157e-005, -0.540870902, 0.540870902, 7.92581606e-007, 0.841105622, -1.30767096e-005, -1, 9.35125518e-006, 0.841105639, -2.71163828e-006, -0.540870876, 0.540870876, 1.59754203e-005, 0.841105639, 6.35986532e-006, -1, 1.49036623e-005, 0.123546777, -0.0467346924, -0.171262183, 0, 0, 0, 0, 0, 0, 0, 0.198382031, 0.00754291992, -0.144675049, 0, 0, 0, 0, 0, 0, 0, 1, 1, 1, 
213.394672, 0.1, 0.1, 0.12020892, 0.175801457, -0.0199695833, 0.841105453, 9.5404685e-006, -0.540871165, 0.540871165, 2.21428388e-005, 0.841105453, 2.00009631e-005, -1, 1.34642981e-005, 0.841105489, 3.22490686e-006, -0.54087111, 0.540871109, 1.27030019e-005, 0.841105489, 9.58317362e-006, -1, 8.9403057e-006, 0.123546777, -0.0467346924, -0.171262183, 0, 0, 0, 0, 0, 0, 0, 0.198382031, 0.00754291992, -0.144675049, 0, 0, 0, 0, 0, 0, 0, 1, 1, 1, 
213.395396, 0.1, 0.1, 0.120208916, 0.175801457, -0.0199685301, 0.841105381, -2.14351115e-005, -0.540871277, 0.540871277, -4.21643875e-006, 0.841105381, -2.03097383e-005, -1, 8.04716684e-006, 0.841105377, -1.45680198e-005, -0.540871282, 0.540871282, -1.74424563e-005, 0.841105377, -2.16873635e-005, -1, -6.79152026e-006, 0.124287671, -0.0492966553, -0.171076514, 0, 0, 0, 0, 0, 0, 0, 0.198840088, 0.00493378906, -0.145232617, 0, 0, 0, 0, 0, 0, 0, 1, 1, 1, 
213.396098, 0.1, 0.1, 0.120208914, 0.175801459, -0.0199677831, 0.841105518, 1.27446807e-005, -0.540871064, 0.540871064, -2.51042361e-006, 0.841105518, 9.36180578e-006, -1, -9.00476018e-006, 0.84110548, 2.51384255e-005, -0.540871122, 0.540871123, -6.23817242e-007, 0.84110548, 2.08066627e-005, -1, -1.41213445e-005, 0.124287671, -0.0492966553, -0.171076514, 0, 0, 0, 0, 0, 0, 0, 0.198840088, 0.00493378906, -0.145232617, 0, 0, 0, 0, 0, 0, 0, 1, 1, 1, 
213.39681, 0.1, 0.1, 0.120208908, 0.175801458, -0.0199674342, 0.841105674, 1.62249197e-005, -0.540870822, 0.540870822, -6.64446158e-006, 0.841105674, 1.00530766e-005, -1, -1.436428e-005, 0.841105659, -3.9081355e-006, -0.540870845, 0.540870845, -1.41744249e-005, 0.841105659, -1.09536881e-005, -1, -9.80839247e-006, 0.124287671, -0.0492966553, -0.171076514, 0, 0, 0, 0, 0, 0, 0, 0.198840088, 0.00493378906, -0.145232617, 0, 0, 0, 0, 0, 0, 0, 1, 1, 1, 
213.397517, 0.1, 0.1, 0.120208905, 0.175801459, -0.0199676395, 0.841105615, -1.34697882e-005, -0.540870912, 0.540870912, -1.92898859e-005, 0.841105615, -2.17628527e-005, -1, -8.93941473e-006, 0.841105647, -1.38561486e-005, -0.540870863, 0.540870863, -1.36649245e-006, 0.841105647, -1.23935808e-005, -1, 6.34502256e-006, 0.124287671, -0.0492966553, -0.171076514, 0, 0, 0, 0, 0, 0, 0, 0.198840088, 0.00493378906, -0.145232617, 0, 0, 0, 0, 0, 0, 0, 1, 1, 1, 
213.398217, 0.1, 0.1, 0.120208903, 0.17580146, -0.0199683166, 0.841105438, 1.5614534e-005, -0.540871187, 0.540871187, 1.72461843e-005, 0.841105439, 2.24614336e-005, -1, 6.0604079e-006, 0.84110547, 1.31226039e-005, -0.540871138, 0.540871138, 2.17008457e-005, 0.84110547, 2.2774855e-005, -1, 1.11550623e-005, 0.124287671, -0.0492966553, -0.171076514, 0, 0, 0, 0, 0, 0, 0, 0.198840088, 0.00493378906, -0.145232617, 0, 0, 0, 0, 0, 0, 0, 1, 1, 1, 
213.398921, 0.1, 0.1, 0.120208898, 0.17580146, -0.0199692535, 0.841105399, -1.23306822e-005, -0.540871249, 0.540871249, 7.07751757e-006, 0.841105399, -6.54337757e-006, -1, 1.26222497e-005, 0.841105389, -1.85588168e-005, -0.540871264, 0.540871264, -2.67086784e-006, 0.841105389, -1.70545165e-005, -1, 7.79144939e-006, 0.124287671, -0.0492966553, -0.171076514, 0, 0, 0, 0, 0, 0, 0, 0.198840088, 0.00493378906, -0.145232617, 0, 0, 0, 0, 0, 0, 0, 1, 1, 1, 
213.399647, 0.1, 0.1, 0.120208896, 0.175801462, -0.0199700712, 0.841105552, -1.47118508e-005, -0.54087101, 0.54087101, 1.74679648e-006, 0.841105552, -1.14294278e-005, -1, 9.42645384e-006, 0.841105513, 1.18626495e-005, -0.540871072, 0.540871072, 4.1788618e-007, 0.841105513, 1.02037624e-005, -1, -6.06467759e-006, 0.124287671, -0.0492966553, -0.171076514, 0, 0, 0, 0, 0, 0, 0, 0.198840088, 0.00493378906, -0.145232617, 0, 0, 0, 0, 0, 0, 0, 1, 1, 1, 
213.400367, 0.1, 0.1, 0.120208892, 0.175801462, -0.0199702477, 0.841105662, 1.70597036e-005, -0.540870839, 0.540870839, 6.98864455e-006, 0.841105662, 1.81289673e-005, -1, -3.34890769e-006, 0.841105657, 1.23066974e-005, -0.540870847, 0.540870847, -2.75931381e-006, 0.841105657, 8.8588004e-006, -1, -8.9772083e-006, 0.12460564, -0.0518035645, -0.171013013, 0, 0, 0, 0, 0, 0, 0, 0.199243213, 0.00211972656, -0.145730127, 0, 0, 0, 0, 0, 0, 0, 1, 1, 1, 
213.401072, 0.1, 0.1, 0.120208887, 0.175801463, -0.0199700411, 0.84110557, -1.22892068e-005, -0.540870983, 0.540870982, -1.73846599e-005, 0.84110557, -1.97393783e-005, -1, -7.97545891e-006, 0.841105602, -1.57771848e-005, -0.540870933, 0.540870933, -1.43186664e-005, 0.841105602, -2.1014829e-005, -1, -3.51008985e-006, 0.12460564, -0.0518035645, -0.171013013, 0, 0, 0, 0, 0, 0, 0, 0.199243213, 0.00211972656, -0.145730127, 0, 0, 0, 0, 0, 0, 0, 1, 1, 1, 
213.401778, 0.1, 0.1, 0.120208884, 0.175801466, -0.0199696133, 0.841105408, 1.05152834e-005, -0.540871234, 0.540871234, 2.11604568e-006, 0.841105408, 9.98896994e-006, -1, -3.90759682e-006, 0.841105435, 1.16307538e-005, -0.540871193, 0.540871192, 1.98718993e-005, 0.841105435, 2.05308281e-005, -1, 1.04236229e-005, 0.12460564, -0.0518035645, -0.171013013, 0, 0, 0, 0, 0, 0, 0, 0.199243213, 0.00211972656, -0.145730127, 0, 0, 0, 0, 0, 0, 0, 1, 1, 1, 
213.402505, 0.1, 0.1, 0.120208879, 0.175801466, -0.019968915, 0.841105425, 5.95087176e-006, -0.540871209, 0.540871208, 1.61920702e-005, 0.841105425, 1.37631351e-005, -1, 1.04005829e-005, 0.841105406, -1.43395076e-005, -0.540871238, 0.540871238, 1.03072192e-005, 0.841105406, -6.48615891e-006, -1, 1.6425285e-005, 0.124931787, -0.0543213379, -0.170765576, 0, 0, 0, 0, 0, 0, 0, 0.199437988, -0.000485986329, -0.146242529, 0, 0, 0, 0, 0, 0, 0, 1, 1, 1, 
213.403212, 0.1, 0.1, 0.120208876, 0.175801467, -0.0199682385, 0.841105605, -2.44556029e-005, -0.540870927, 0.540870927, 5.32547768e-008, 0.841105606, -2.05409407e-005, -1, 1.32721175e-005, 0.84110557, -1.36669771e-005, -0.540870983, 0.540870983, 1.97389845e-006, 0.84110557, -1.04277462e-005, -1, 9.05232832e-006, 0.124931787, -0.0543213379, -0.170765576, 0, 0, 0, 0, 0, 0, 0, 0.199437988, -0.000485986329, -0.146242529, 0, 0, 0, 0, 0, 0, 0, 1, 1, 1, 
213.403919, 0.1, 0.1, 0.120208874, 0.175801468, -0.0199678847, 0.841105686, 1.25787468e-005, -0.540870803, 0.540870803, 1.80330574e-005, 0.841105686, 2.03336097e-005, -1, 8.36423022e-006, 0.841105688, 2.18038336e-005, -0.5408708, 0.5408708, 5.71482973e-006, 0.841105688, 2.1430313e-005, -1, -6.98628113e-006, 0.124931787, -0.0543213379, -0.170765576, 0, 0, 0, 0, 0, 0, 0, 0.199437988, -0.000485986329, -0.146242529, 0, 0, 0, 0, 0, 0, 0, 1, 1, 1, 
213.404627, 0.1, 0.1, 0.120208869, 0.175801467, -0.0199679268, 0.841105553, -3.23568913e-006, -0.540871009, 0.540871009, -1.16869713e-005, 0.841105553, -9.04270005e-006, -1, -8.07988601e-006, 0.84110559, -1.01418538e-005, -0.540870951, 0.540870951, -2.23133084e-005, 0.84110559, -2.05989903e-005, -1, -1.32824143e-005, 0.124931787, -0.0543213379, -0.170765576, 0, 0, 0, 0, 0, 0, 0, 0.199437988, -0.000485986329, -0.146242529, 0, 0, 0, 0, 0, 0, 0, 1, 1, 1, 
213.405334, 0.1, 0.1, 0.120208868, 0.175801469, -0.0199683256, 0.841105403, -1.00679074e-006, -0.540871242, 0.540871242, -1.6123408e-005, 0.841105403, -9.56750486e-006, -1, -1.30169415e-005, 0.841105418, 1.40363495e-005, -0.540871219, 0.54087122, -1.13475905e-006, 0.841105418, 1.11922911e-005, -1, -8.54630948e-006, 0.124931787, -0.0543213379, -0.170765576, 0, 0, 0, 0, 0, 0, 0, 0.199437988, -0.000485986329, -0.146242529, 0, 0, 0, 0, 0, 0, 0, 1, 1, 1, 
213.406038, 0.1, 0.1, 0.120208864, 0.17580147, -0.0199689408, 0.841105459, 2.14330642e-005, -0.540871155, 0.540871155, 5.13389696e-006, 0.841105459, 2.08042441e-005, -1, -7.27437745e-006, 0.841105429, 5.90239279e-006, -0.540871202, 0.540871202, 1.24872554e-005, 0.841105429, 1.17185315e-005, -1, 7.31066403e-006, 0.124931787, -0.0543213379, -0.170765576, 0, 0, 0, 0, 0, 0, 0, 0.199437988, -0.000485986329, -0.146242529, 0, 0, 0, 0, 0, 0, 0, 1, 1, 1, 
213.406743, 0.1, 0.1, 0.12020886, 0.17580147, -0.0199696122, 0.84110563, -2.16452305e-005, -0.54087089, 0.54087089, -5.44998501e-006, 0.84110563, -2.11536635e-005, -1, 7.12326202e-006, 0.841105599, -2.47304068e-005, -0.540870937, 0.540870937, -1.51988987e-006, 0.841105599, -2.16229479e-005, -1, 1.20975704e-005, 0.124931787, -0.0543213379, -0.170765576, 0, 0, 0, 0, 0, 0, 0, 0.199437988, -0.000485986329, -0.146242529, 0, 0, 0, 0, 0, 0, 0, 1, 1, 1, 
213.407483, 0.1, 0.1, 0.120208858, 0.175801472, -0.0199699044, 0.841105664, -2.35187167e-006, -0.540870837, 0.540870837, 1.72866636e-005, 0.841105664, 7.37167963e-006, -1, 1.58119695e-005, 0.841105675, 8.94491874e-006, -0.54087082, 0.54087082, 1.91490637e-005, 0.841105675, 1.78807917e-005, -1, 1.12683407e-005, 0.125478491, -0.0568404541, -0.170725146, 0, 0, 0, 0, 0, 0, 0, 0.199841357, -0.00332177734, -0.146743457, 0, 0, 0, 0, 0, 0, 0, 1, 1, 1, 
213.408185, 0.1, 0.1, 0.120208853, 0.175801471, -0.0199697766, 0.841105509, 3.46003828e-006, -0.540871077, 0.540871077, 1.47053979e-005, 0.841105509, 1.08639817e-005, -1, 1.04973566e-005, 0.841105546, -5.63676777e-006, -0.54087102, 0.54087102, -7.79189316e-006, 0.841105546, -8.95552583e-006, -1, -3.50504022e-006, 0.125478491, -0.0568404541, -0.170725146, 0, 0, 0, 0, 0, 0, 0, 0.199841357, -0.00332177734, -0.146743457, 0, 0, 0, 0, 0, 0, 0, 1, 1, 1, 
213.40889, 0.1, 0.1, 0.12020885, 0.175801472, -0.0199694957, 0.841105397, -1.40132651e-005, -0.540871252, 0.540871252, -1.32040783e-005, 0.841105397, -1.89283393e-005, -1, -3.52664928e-006, 0.841105403, -3.49957469e-006, -0.540871243, 0.540871243, -1.26807589e-005, 0.841105403, -9.80216899e-006, -1, -8.77303549e-006, 0.125478491, -0.0568404541, -0.170725146, 0, 0, 0, 0, 0, 0, 0, 0.199841357, -0.00332177734, -0.146743457, 0, 0, 0, 0, 0, 0, 0, 1, 1, 1, 
213.409593, 0.1, 0.1, 0.120208848, 0.175801474, -0.019969193, 0.841105486, 2.34295886e-005, -0.540871113, 0.540871113, 2.49271626e-006, 0.841105486, 2.10549937e-005, -1, -1.05757503e-005, 0.841105454, 2.17364992e-005, -0.540871162, 0.540871162, 7.24738937e-006, 0.841105455, 2.22025919e-005, -1, -5.66082685e-006, 0.125478491, -0.0568404541, -0.170725146, 0, 0, 0, 0, 0, 0, 0, 0.199841357, -0.00332177734, -0.146743457, 0, 0, 0, 0, 0, 0, 0, 1, 1, 1, 
213.410296, 0.1, 0.1, 0.120208843, 0.175801474, -0.0199689513, 0.841105648, -3.222118e-006, -0.540870861, 0.540870861, -1.14292867e-005, 0.841105648, -8.89190981e-006, -1, -7.87048789e-006, 0.841105621, -2.03747035e-005, -0.540870903, 0.540870903, -4.67511083e-006, 0.841105621, -1.96659091e-005, -1, 7.08782228e-006, 0.125478491, -0.0568404541, -0.170725146, 0, 0, 0, 0, 0, 0, 0, 0.199841357, -0.00332177734, -0.146743457, 0, 0, 0, 0, 0, 0, 0, 1, 1, 1, 
213.410999, 0.1, 0.1, 0.120208842, 0.175801476, -0.0199688035, 0.841105631, -1.25972634e-005, -0.540870888, 0.540870888, -5.2733342e-008, 0.841105631, -1.06241511e-005, -1, 6.76913871e-006, 0.84110565, 1.17810847e-006, -0.540870858, 0.540870858, 1.54539327e-005, 0.84110565, 9.34949554e-006, -1, 1.23611856e-005, 0.125478491, -0.0568404541, -0.170725146, 0, 0, 0, 0, 0, 0, 0, 0.199841357, -0.00332177734, -0.146743457, 0, 0, 0, 0, 0, 0, 0, 1, 1, 1, 
213.411707, 0.1, 0.1, 0.120208839, 0.175801476, -0.0199687862, 0.841105453, 1.22998769e-005, -0.540871165, 0.540871165, 2.1367805e-005, 0.841105453, 2.19027231e-005, -1, 1.13199285e-005, 0.841105488, 6.76375362e-006, -0.540871111, 0.540871111, 1.21917147e-005, 0.841105488, 1.22831766e-005, -1, 6.59619923e-006, 0.125478491, -0.0568404541, -0.170725146, 0, 0, 0, 0, 0, 0, 0, 0.199841357, -0.00332177734, -0.146743457, 0, 0, 0, 0, 0, 0, 0, 1, 1, 1, 
213.412438, 0.1, 0.1, 0.120208835, 0.175801475, -0.0199687944, 0.841105372, -2.30075947e-005, -0.54087129, 0.54087129, -1.96568594e-006, 0.841105372, -2.04149946e-005, -1, 1.07907984e-005, 0.841105369, -1.47619938e-005, -0.540871295, 0.540871295, -1.63662775e-005, 0.841105369, -2.12684419e-005, -1, -5.78142517e-006, 0.126193628, -0.0593976562, -0.170699609, 0, 0, 0, 0, 0, 0, 0, 0.199841357, -0.00332177734, -0.146743457, 0, 0, 0, 0, 0, 0, 0, 1, 1, 1, 
213.41314, 0.1, 0.1, 0.120208833, 0.175801477, -0.019968733, 0.841105504, 8.77458929e-006, -0.540871086, 0.540871086, 2.68160273e-007, 0.841105504, 7.52539548e-006, -1, -4.52037056e-006, 0.841105467, 2.07472816e-005, -0.540871142, 0.540871142, 2.02766397e-006, 0.841105468, 1.85473569e-005, -1, -9.51612663e-006, 0.126193628, -0.0593976562, -0.170699609, 0, 0, 0, 0, 0, 0, 0, 0.200287939, -0.00594091797, -0.147061182, 0, 0, 0, 0, 0, 0, 0, 1, 1, 1, 
213.413844, 0.1, 0.1, 0.120208828, 0.175801477, -0.0199688229, 0.841105653, 1.2542021e-005, -0.540870854, 0.540870854, -3.21732357e-006, 0.841105653, 8.80900821e-006, -1, -9.48972266e-006, 0.841105638, -6.89158404e-006, -0.540870877, 0.540870877, -1.04793121e-005, 0.841105638, -1.14645049e-005, -1, -5.08675142e-006, 0.126193628, -0.0593976562, -0.170699609, 0, 0, 0, 0, 0, 0, 0, 0.200287939, -0.00594091797, -0.147061182, 0, 0, 0, 0, 0, 0, 0, 1, 1, 1, 
213.414555, 0.1, 0.1, 0.120208825, 0.175801479, -0.0199690035, 0.841105598, -1.48765148e-005, -0.540870938, 0.540870938, -1.54475497e-005, 0.841105599, -2.08678506e-005, -1, -4.94674603e-006, 0.841105628, -1.55424216e-005, -0.540870892, 0.540870892, 1.82788533e-006, 0.841105628, -1.20841683e-005, -1, 9.94388807e-006, 0.126193628, -0.0593976562, -0.170699609, 0, 0, 0, 0, 0, 0, 0, 0.200287939, -0.00594091797, -0.147061182, 0, 0, 0, 0, 0, 0, 0, 1, 1, 1, 
213.415292, 0.1, 0.1, 0.120208823, 0.17580148, -0.0199689256, 0.841105418, 1.5435173e-005, -0.540871219, 0.540871219, 2.07305577e-005, 0.841105418, 2.41951697e-005, -1, 9.08814353e-006, 0.84110545, 1.29505671e-005, -0.540871169, 0.540871169, 2.57968596e-005, 0.84110545, 2.48455702e-005, -1, 1.46932908e-005, 0.126655249, -0.0620146729, -0.170097363, 0, 0, 0, 0, 0, 0, 0, 0.200777979, -0.00860839844, -0.147208887, 0, 0, 0, 0, 0, 0, 0, 1, 1, 1, 
213.415999, 0.1, 0.1, 0.120208819, 0.17580148, -0.0199687923, 0.841105383, -1.24579034e-005, -0.540871274, 0.540871274, 9.26716094e-006, 0.841105383, -5.46606844e-006, -1, 1.4532781e-005, 0.841105372, -1.89796577e-005, -0.54087129, 0.54087129, -4.0964888e-007, 0.841105372, -1.61854594e-005, -1, 9.92099406e-006, 0.126655249, -0.0620146729, -0.170097363, 0, 0, 0, 0, 0, 0, 0, 0.200777979, -0.00860839844, -0.147208887, 0, 0, 0, 0, 0, 0, 0, 1, 1, 1, 
213.416709, 0.1, 0.1, 0.120208819, 0.175801482, -0.0199687483, 0.841105542, -1.29575797e-005, -0.540871027, 0.540871027, 1.62568109e-006, 0.841105542, -1.00194083e-005, -1, 8.37574879e-006, 0.841105503, 1.25859301e-005, -0.540871087, 0.540871087, 7.50372905e-007, 0.841105503, 1.09919501e-005, -1, -6.1762229e-006, 0.126655249, -0.0620146729, -0.170097363, 0, 0, 0, 0, 0, 0, 0, 0.200777979, -0.00860839844, -0.147208887, 0, 0, 0, 0, 0, 0, 0, 1, 1, 1, 
213.417412, 0.1, 0.1, 0.120208815, 0.175801482, -0.0199688533, 0.841105655, 1.88702545e-005, -0.540870851, 0.540870851, 5.28128839e-006, 0.841105655, 1.87283727e-005, -1, -5.76424905e-006, 0.841105649, 1.42048977e-005, -0.540870859, 0.540870859, -4.34538162e-006, 0.841105649, 9.59752943e-006, -1, -1.13379403e-005, 0.126655249, -0.0620146729, -0.170097363, 0, 0, 0, 0, 0, 0, 0, 0.200777979, -0.00860839844, -0.147208887, 0, 0, 0, 0, 0, 0, 0, 1, 1, 1, 
213.418117, 0.1, 0.1, 0.120208811, 0.175801482, -0.0199690711, 0.841105562, -1.29148637e-005, -0.540870996, 0.540870995, -2.09066252e-005, 0.841105562, -2.21705509e-005, -1, -1.05994036e-005, 0.841105594, -1.62863494e-005, -0.540870945, 0.540870945, -1.75240099e-005, 0.841105594, -2.31767674e-005, -1, -5.93072957e-006, 0.126655249, -0.0620146729, -0.170097363, 0, 0, 0, 0, 0, 0, 0, 0.200777979, -0.00860839844, -0.147208887, 0, 0, 0, 0, 0, 0, 0, 1, 1, 1, 
213.418831, 0.1, 0.1, 0.120208809, 0.175801484, -0.01996923, 0.841105393, 1.05510337e-005, -0.540871258, 0.540871258, -5.24243695e-007, 0.841105393, 8.59098299e-006, -1, -6.14769506e-006, 0.841105421, 1.16354584e-005, -0.540871214, 0.540871214, 1.76222176e-005, 0.841105421, 1.93179974e-005, -1, 8.52885825e-006, 0.126655249, -0.0620146729, -0.170097363, 0, 0, 0, 0, 0, 0, 0, 0.200777979, -0.00860839844, -0.147208887, 0, 0, 0, 0, 0, 0, 0, 1, 1, 1, 
213.419534, 0.1, 0.1, 0.120208805, 0.175801484, -0.0199693816, 0.841105402, 5.36360385e-006, -0.540871244, 0.540871244, 1.27043527e-005, 0.841105402, 1.13827752e-005, -1, 7.78468063e-006, 0.841105385, -1.45445491e-005, -0.540871271, 0.540871271, 6.71325751e-006, 0.841105385, -8.60249044e-006, -1, 1.35132858e-005, 0.126655249, -0.0620146729, -0.170097363, 0, 0, 0, 0, 0, 0, 0, 0.200777979, -0.00860839844, -0.147208887, 0, 0, 0, 0, 0, 0, 0, 1, 1, 1, 
213.420266, 0.1, 0.1, 0.120208803, 0.175801484, -0.0199693453, 0.841105576, -2.51821006e-005, -0.540870973, 0.540870973, -1.97659468e-006, 0.841105576, -2.22498879e-005, -1, 1.19577424e-005, 0.84110554, -1.39556887e-005, -0.540871029, 0.540871029, -2.52463897e-007, 0.84110554, -1.18747575e-005, -1, 7.33587895e-006, 0.12738418, -0.0646113037, -0.169533813, 0, 0, 0, 0, 0, 0, 0, 0.200777979, -0.00860839844, -0.147208887, 0, 0, 0, 0, 0, 0, 0, 1, 1, 1, 
213.420971, 0.1, 0.1, 0.120208801, 0.175801485, -0.0199690805, 0.841105648, 1.17624282e-005, -0.540870861, 0.540870861, 1.69698575e-005, 0.841105648, 1.90719462e-005, -1, 7.91148827e-006, 0.841105651, 2.03702059e-005, -0.540870856, 0.540870856, 4.89615701e-006, 0.841105651, 1.97816839e-005, -1, -6.89946538e-006, 0.12738418, -0.0646113037, -0.169533813, 0, 0, 0, 0, 0, 0, 0, 0.201492969, -0.0112858887, -0.147130176, 0, 0, 0, 0, 0, 0, 0, 1, 1, 1, 
213.421678, 0.1, 0.1, 0.120208797, 0.175801484, -0.0199688626, 0.841105517, -2.45707869e-006, -0.540871066, 0.540871066, -1.01469833e-005, 0.841105516, -7.55487211e-006, -1, -7.20572085e-006, 0.841105553, -9.36329236e-006, -0.540871009, 0.540871009, -2.07810768e-005, 0.841105553, -1.91153992e-005, -1, -1.24147457e-005, 0.12738418, -0.0646113037, -0.169533813, 0, 0, 0, 0, 0, 0, 0, 0.201492969, -0.0112858887, -0.147130176, 0, 0, 0, 0, 0, 0, 0, 1, 1, 1, 
213.422381, 0.1, 0.1, 0.120208797, 0.175801486, -0.0199687818, 0.841105369, -1.54915314e-007, -0.540871296, 0.540871296, -1.41742066e-005, 0.841105369, -7.79672162e-006, -1, -1.18382121e-005, 0.841105383, 1.44908242e-005, -0.540871273, 0.540871273, 2.67086136e-007, 0.841105383, 1.23327695e-005, -1, -7.61302296e-006, 0.12738418, -0.0646113037, -0.169533813, 0, 0, 0, 0, 0, 0, 0, 0.201492969, -0.0112858887, -0.147130176, 0, 0, 0, 0, 0, 0, 0, 1, 1, 1, 
213.423095, 0.1, 0.1, 0.120208794, 0.175801487, -0.0199688389, 0.841105426, 2.42274721e-005, -0.540871206, 0.540871206, 6.44373601e-006, 0.841105426, 2.38630895e-005, -1, -7.68408074e-006, 0.841105393, 7.42552976e-006, -0.540871259, 0.540871259, 1.45150198e-005, 0.841105393, 1.40964101e-005, -1, 8.19240578e-006, 0.12738418, -0.0646113037, -0.169533813, 0, 0, 0, 0, 0, 0, 0, 0.201492969, -0.0112858887, -0.147130176, 0, 0, 0, 0, 0, 0, 0, 1, 1, 1, 
213.423798, 0.1, 0.1, 0.12020879, 0.175801487, -0.0199689075, 0.8411056, -2.07571874e-005, -0.540870935, 0.540870935, -4.66075162e-006, 0.8411056, -1.99798516e-005, -1, 7.30677506e-006, 0.841105569, -2.37291754e-005, -0.540870984, 0.540870984, -5.2107472e-007, 0.841105569, -2.02405758e-005, -1, 1.23961436e-005, 0.12738418, -0.0646113037, -0.169533813, 0, 0, 0, 0, 0, 0, 0, 0.201736328, -0.0138867188, -0.147223193, 0, 0, 0, 0, 0, 0, 0, 1, 1, 1, 
213.424503, 0.1, 0.1, 0.12020879, 0.175801488, -0.0199690873, 0.841105638, -1.86847562e-006, -0.540870877, 0.540870877, 1.58866879e-005, 0.841105638, 7.02106146e-006, -1, 1.43729868e-005, 0.841105648, 1.00111026e-005, -0.540870862, 0.540870861, 1.78055188e-005, 0.841105648, 1.80508812e-005, -1, 9.56160877e-006, 0.12738418, -0.0646113037, -0.169533813, 0, 0, 0, 0, 0, 0, 0, 0.201736328, -0.0138867188, -0.147223193, 0, 0, 0, 0, 0, 0, 0, 1, 1, 1, 
213.425207, 0.1, 0.1, 0.120208785, 0.175801487, -0.0199692949, 0.841105486, 2.6990772e-006, -0.540871114, 0.540871114, 1.30600799e-005, 0.841105486, 9.3340286e-006, -1, 9.52505195e-006, 0.841105523, -6.51465369e-006, -0.540871057, 0.540871056, -1.00898487e-005, 0.841105523, -1.09368183e-005, -1, -4.96303986e-006, 0.12738418, -0.0646113037, -0.169533813, 0, 0, 0, 0, 0, 0, 0, 0.201736328, -0.0138867188, -0.147223193, 0, 0, 0, 0, 0, 0, 0, 1, 1, 1, 
213.425922, 0.1, 0.1, 0.120208783, 0.175801488, -0.0199693481, 0.841105378, -1.36274387e-005, -0.540871282, 0.540871282, -1.41951152e-005, 0.841105378, -1.91398421e-005, -1, -4.56889751e-006, 0.841105382, -2.95690371e-006, -0.540871275, 0.540871275, -1.37423294e-005, 0.841105382, -9.91989887e-006, -1, -9.95944296e-006, 0.12803645, -0.0672140381, -0.169506323, 0, 0, 0, 0, 0, 0, 0, 0.201736328, -0.0138867188, -0.147223193, 0, 0, 0, 0, 0, 0, 0, 1, 1, 1, 
213.426627, 0.1, 0.1, 0.120208782, 0.17580149, -0.0199693844, 0.841105474, 2.28829871e-005, -0.540871131, 0.540871131, 2.38375376e-006, 0.841105475, 2.05363093e-005, -1, -1.03717587e-005, 0.841105441, 2.12141573e-005, -0.540871183, 0.540871183, 7.04503677e-006, 0.841105441, 2.16538005e-005, -1, -5.54850761e-006, 0.12803645, -0.0672140381, -0.169506323, 0, 0, 0, 0, 0, 0, 0, 0.201736328, -0.0138867188, -0.147223193, 0, 0, 0, 0, 0, 0, 0, 1, 1, 1, 
213.427337, 0.1, 0.1, 0.120208777, 0.17580149, -0.0199693485, 0.841105643, -3.98954004e-006, -0.540870869, 0.540870869, -1.09488437e-005, 0.841105643, -9.27753526e-006, -1, -7.05130825e-006, 0.841105615, -2.10230862e-005, -0.540870913, 0.540870913, -4.347344e-006, 0.841105615, -2.00339878e-005, -1, 7.71420037e-006, 0.12803645, -0.0672140381, -0.169506323, 0, 0, 0, 0, 0, 0, 0, 0.201736328, -0.0138867188, -0.147223193, 0, 0, 0, 0, 0, 0, 0, 1, 1, 1, 
213.428069, 0.1, 0.1, 0.120208776, 0.175801491, -0.0199691065, 0.841105628, -1.58492171e-005, -0.540870893, 0.540870893, -1.18762957e-006, 0.841105628, -1.397322e-005, -1, 7.57345832e-006, 0.841105649, -9.52356791e-007, -0.540870861, 0.540870861, 1.57109892e-005, 0.841105648, 7.69658356e-006, -1, 1.37297038e-005, 0.128247729, -0.0696159912, -0.169560864, 0, 0, 0, 0, 0, 0, 0, 0.201736328, -0.0138867188, -0.147223193, 0, 0, 0, 0, 0, 0, 0, 1, 1, 1, 
213.428783, 0.1, 0.1, 0.120208773, 0.175801491, -0.0199685897, 0.841105446, 1.14015598e-005, -0.540871175, 0.540871175, 2.15171617e-005, 0.841105446, 2.12279266e-005, -1, 1.19314268e-005, 0.841105482, 5.2768938e-006, -0.54087112, 0.54087112, 1.2234184e-005, 0.841105482, 1.10555411e-005, -1, 7.4361198e-006, 0.128247729, -0.0696159912, -0.169560864, 0, 0, 0, 0, 0, 0, 0, 0.202389551, -0.0167007813, -0.147484521, 0, 0, 0, 0, 0, 0, 0, 1, 1, 1, 
213.429492, 0.1, 0.1, 0.12020877, 0.17580149, -0.019968272, 0.841105366, -2.04739424e-005, -0.5408713, 0.5408713, -2.49653385e-006, 0.841105366, -1.85710463e-005, -1, 8.97391984e-006, 0.841105364, -1.31638196e-005, -0.540871303, 0.540871303, -1.60432443e-005, 0.841105364, -1.97494897e-005, -1, -6.37412659e-006, 0.128247729, -0.0696159912, -0.169560864, 0, 0, 0, 0, 0, 0, 0, 0.202389551, -0.0167007813, -0.147484521, 0, 0, 0, 0, 0, 0, 0, 1, 1, 1, 
213.430199, 0.1, 0.1, 0.12020877, 0.175801492, -0.0199682106, 0.841105496, 1.22507074e-005, -0.540871098, 0.540871098, 3.75758867e-007, 0.841105496, 1.05073745e-005, -1, -6.31000072e-006, 0.84110546, 2.47165802e-005, -0.540871154, 0.540871154, 2.10093428e-006, 0.84110546, 2.19255853e-005, -1, -1.16013779e-005, 0.128247729, -0.0696159912, -0.169560864, 0, 0, 0, 0, 0, 0, 0, 0.202389551, -0.0167007813, -0.147484521, 0, 0, 0, 0, 0, 0, 0, 1, 1, 1, 
213.430903, 0.1, 0.1, 0.120208766, 0.175801492, -0.0199684316, 0.841105644, 1.41579569e-005, -0.540870868, 0.540870868, -3.37917249e-006, 0.841105644, 1.00806415e-005, -1, -1.04998675e-005, 0.84110563, -5.08468687e-006, -0.54087089, 0.54087089, -1.06396296e-005, 0.84110563, -1.00314247e-005, -1, -6.19889323e-006, 0.128247729, -0.0696159912, -0.169560864, 0, 0, 0, 0, 0, 0, 0, 0.202389551, -0.0167007813, -0.147484521, 0, 0, 0, 0, 0, 0, 0, 1, 1, 1, 
213.431611, 0.1, 0.1, 0.120208764, 0.175801493, -0.019968877, 0.841105588, -1.51265982e-005, -0.540870955, 0.540870955, -1.55749873e-005, 0.841105588, -2.11471245e-005, -1, -4.91867124e-006, 0.841105618, -1.54139954e-005, -0.540870908, 0.540870908, 1.80789172e-006, 0.841105618, -1.19869621e-005, -1, 9.85760956e-006, 0.128247729, -0.0696159912, -0.169560864, 0, 0, 0, 0, 0, 0, 0, 0.202389551, -0.0167007813, -0.147484521, 0, 0, 0, 0, 0, 0, 0, 1, 1, 1, 
213.432316, 0.1, 0.1, 0.120208762, 0.175801495, -0.0199694045, 0.841105416, 1.26299167e-005, -0.540871223, 0.540871222, 1.86371844e-005, 0.841105416, 2.07034081e-005, -1, 8.84467827e-006, 0.841105447, 1.02681373e-005, -0.540871175, 0.540871174, 2.33244899e-005, 0.841105447, 2.12521305e-005, -1, 1.40646161e-005, 0.128247729, -0.0696159912, -0.169560864, 0, 0, 0, 0, 0, 0, 0, 0.202389551, -0.0167007813, -0.147484521, 0, 0, 0, 0, 0, 0, 0, 1, 1, 1, 
213.433047, 0.1, 0.1, 0.120208758, 0.175801494, -0.0199697225, 0.841105382, -1.42263296e-005, -0.540871276, 0.540871276, 9.96563979e-006, 0.841105382, -6.57571412e-006, -1, 1.60767663e-005, 0.84110537, -2.11959716e-005, -0.540871294, 0.540871294, -2.55444221e-007, 0.84110537, -1.7966208e-005, -1, 1.12494371e-005, 0.12866687, -0.0720430908, -0.169201758, 0, 0, 0, 0, 0, 0, 0, 0.202389551, -0.0167007813, -0.147484521, 0, 0, 0, 0, 0, 0, 0, 1, 1, 1, 
213.433756, 0.1, 0.1, 0.120208758, 0.175801496, -0.019969599, 0.841105539, -1.43275644e-005, -0.540871031, 0.540871031, 2.67891857e-006, 0.841105539, -1.06020443e-005, -1, 1.00026178e-005, 0.841105501, 1.03525917e-005, -0.54087109, 0.54087109, 1.7788654e-006, 0.841105501, 9.66975872e-006, -1, -4.10320411e-006, 0.12866687, -0.0720430908, -0.169201758, 0, 0, 0, 0, 0, 0, 0, 0.202809766, -0.0190734863, -0.147740967, 0, 0, 0, 0, 0, 0, 0, 1, 1, 1, 
213.434459, 0.1, 0.1, 0.120208755, 0.175801496, -0.0199693928, 0.841105651, 1.84148896e-005, -0.540870857, 0.540870857, 6.4380647e-006, 0.841105651, 1.89710292e-005, -1, -4.54498449e-006, 0.841105645, 1.36445254e-005, -0.540870866, 0.540870866, -2.84454824e-006, 0.841105645, 9.9379541e-006, -1, -9.77249188e-006, 0.12866687, -0.0720430908, -0.169201758, 0, 0, 0, 0, 0, 0, 0, 0.202809766, -0.0190734863, -0.147740967, 0, 0, 0, 0, 0, 0, 0, 1, 1, 1, 
213.435163, 0.1, 0.1, 0.120208751, 0.175801496, -0.0199691587, 0.841105562, -1.22030642e-005, -0.540870996, 0.540870995, -2.15153621e-005, 0.841105562, -2.19011005e-005, -1, -1.14964073e-005, 0.841105593, -1.57246564e-005, -0.540870946, 0.540870946, -1.79172727e-005, 0.841105594, -2.29170287e-005, -1, -6.56530849e-006, 0.12866687, -0.0720430908, -0.169201758, 0, 0, 0, 0, 0, 0, 0, 0.202809766, -0.0190734863, -0.147740967, 0, 0, 0, 0, 0, 0, 0, 1, 1, 1, 
213.435898, 0.1, 0.1, 0.120208751, 0.175801498, -0.0199686769, 0.841105391, 1.26137703e-005, -0.540871261, 0.540871261, -5.07036169e-007, 0.841105391, 1.03352689e-005, -1, -7.24889669e-006, 0.841105418, 1.38075404e-005, -0.540871219, 0.540871219, 1.8172913e-005, 0.841105418, 2.14428026e-005, -1, 7.81723437e-006, 0.129504053, -0.0747029541, -0.169494067, 0, 0, 0, 0, 0, 0, 0, 0.203052881, -0.0215876465, -0.147749512, 0, 0, 0, 0, 0, 0, 0, 1, 1, 1, 
213.436605, 0.1, 0.1, 0.120208747, 0.175801498, -0.0199682633, 0.841105411, 5.5218055e-006, -0.54087123, 0.54087123, 1.2405753e-005, 0.841105411, 1.13543354e-005, -1, 7.44796027e-006, 0.841105391, -1.47052619e-005, -0.540871261, 0.540871261, 6.37411899e-006, 0.841105391, -8.92109731e-006, -1, 1.33149594e-005, 0.129504053, -0.0747029541, -0.169494067, 0, 0, 0, 0, 0, 0, 0, 0.203052881, -0.0215876465, -0.147749512, 0, 0, 0, 0, 0, 0, 0, 1, 1, 1, 
213.437308, 0.1, 0.1, 0.120208745, 0.175801498, -0.0199681915, 0.841105593, -2.57925055e-005, -0.540870947, 0.540870947, -2.59260377e-006, 0.841105593, -2.30964847e-005, -1, 1.17697633e-005, 0.841105556, -1.47034471e-005, -0.540871004, 0.540871004, -1.11660027e-006, 0.841105556, -1.29710877e-005, -1, 7.01348949e-006, 0.129504053, -0.0747029541, -0.169494067, 0, 0, 0, 0, 0, 0, 0, 0.203052881, -0.0215876465, -0.147749512, 0, 0, 0, 0, 0, 0, 0, 1, 1, 1, 
213.438013, 0.1, 0.1, 0.120208744, 0.175801498, -0.0199684208, 0.841105678, 1.07839742e-005, -0.540870815, 0.540870815, 1.70814913e-005, 0.841105678, 1.83093421e-005, -1, 8.53460243e-006, 0.841105679, 1.96647158e-005, -0.540870813, 0.540870813, 4.66094258e-006, 0.841105679, 1.90610719e-005, -1, -6.71572555e-006, 0.129504053, -0.0747029541, -0.169494067, 0, 0, 0, 0, 0, 0, 0, 0.203052881, -0.0215876465, -0.147749512, 0, 0, 0, 0, 0, 0, 0, 1, 1, 1, 
213.438725, 0.1, 0.1, 0.12020874, 0.175801497, -0.0199688311, 0.841105552, -4.92383066e-006, -0.540871011, 0.540871011, -1.02185463e-005, 0.841105552, -9.66837675e-006, -1, -5.93171874e-006, 0.841105587, -1.16843299e-005, -0.540870956, 0.540870956, -2.0870687e-005, 0.841105587, -2.11161036e-005, -1, -1.12347367e-005, 0.129504053, -0.0747029541, -0.169494067, 0, 0, 0, 0, 0, 0, 0, 0.203052881, -0.0215876465, -0.147749512, 0, 0, 0, 0, 0, 0, 0, 1, 1, 1, 
