time, realDorsalTactorPos, realVentralTactorPos, boxPosX, boxPosY, boxPosZ, boxLocalRot_11, boxLocalRot_12, boxLocalRot_13, boxLocalRot_21, boxLocalRot_22, boxLocalRot_23, boxLocalRot_31, boxLocalRot_32, boxLocalRot_33, boxGlobalRot_11, boxGlobalRot_12, boxGlobalRot_13], boxGlobalRot_21, boxGlobalRot_22, boxGlobalRot_23, boxGlobalRot_31, boxGlobalRot_32, boxGlobalRot_33, indexPosX, indexPosY, indexPosZ, indexContact, indexForceX, indexForceY, indexForceZ, indexForceGlobalX, indexForceGlobalY, indexForceGlobalZ, thumbPosX, thumbPosY, thumbPosZ, thumbContact, thumbForceX, thumbForceY, thumbForceZ, thumbForceGlobalX, thumbForceGlobalY, thumbForceGlobalZ, hoopSuccess, targetSuccess, trialSuccess, 
58.9792539, 0.1, 0.1, 0.117607161, 0.187990583, -0.0199647936, 0.656917829, 3.93980355e-005, 0.753962177, 0.753962176, 3.13877741e-005, -0.65691783, -4.95464665e-005, 0.999999999, -9.08544014e-006, 0.656917836, 2.56412204e-005, 0.753962172, 0.753962171, 3.01230519e-005, -0.656917836, -3.95558166e-005, 0.999999999, 4.55859793e-007, 0.116997095, -0.0786594238, -0.140813916, 0, 0, 0, 0, 0, 0, 0, 0.165897266, -0.0203674316, -0.115742383, 0, 0, 0, 0, 0, 0, 0, 1, 1, 1, 
59.0173269, 0.1, 0.1, 0.117607096, 0.187990351, -0.0199704764, 0.656930335, -3.06999757e-005, 0.753951281, 0.753951281, 9.67799257e-006, -0.656930335, 1.28710105e-005, 0.999999999, 2.95040529e-005, 0.656930343, -2.34045974e-005, 0.753951274, 0.753951275, 2.97861103e-005, -0.656930342, -7.08208561e-006, 0.999999999, 3.72133257e-005, 0.120735815, -0.10200188, -0.135478149, 0, 0, 0, 0, 0, 0, 0, 0.166342041, -0.0446788086, -0.109927393, 0, 0, 0, 0, 0, 0, 0, 1, 1, 1, 
59.018037, 0.1, 0.1, 0.117607093, 0.187990352, -0.0199692005, 0.656930026, 3.09965558e-005, 0.75395155, 0.75395155, -5.54914096e-006, -0.656930027, -1.61787848e-005, 1, -2.70152986e-005, 0.656930117, 2.96334324e-005, 0.753951471, 0.753951471, -1.64807846e-005, -0.656930117, -7.04138242e-006, 0.999999999, -3.31688937e-005, 0.120735815, -0.10200188, -0.135478149, 0, 0, 0, 0, 0, 0, 0, 0.166342041, -0.0446788086, -0.109927393, 0, 0, 0, 0, 0, 0, 0, 1, 1, 1, 
59.0187699, 0.1, 0.1, 0.117607096, 0.187990348, -0.0199678027, 0.6569294, -3.52625201e-005, 0.753952095, 0.753952096, -5.14969739e-006, -0.6569294, 2.70476113e-005, 0.999999999, 2.32032633e-005, 0.656929536, -4.19434562e-005, 0.753951977, 0.753951978, -3.33773723e-007, -0.656929536, 2.78055446e-005, 0.999999999, 3.1404086e-005, 0.120735815, -0.10200188, -0.135478149, 0, 0, 0, 0, 0, 0, 0, 0.166342041, -0.0446788086, -0.109927393, 0, 0, 0, 0, 0, 0, 0, 1, 1, 1, 
59.0195113, 0.1, 0.1, 0.11760709, 0.187990348, -0.0199664337, 0.656928723, 3.34132869e-005, 0.753952686, 0.753952686, -1.71252153e-005, -0.656928722, -9.03854579e-006, 0.999999999, -3.64420832e-005, 0.656928842, 4.62755851e-005, 0.753952581, 0.753952582, -1.46551527e-005, -0.656928842, -1.93504763e-005, 0.999999999, -4.45169894e-005, 0.120735815, -0.10200188, -0.135478149, 0, 0, 0, 0, 0, 0, 0, 0.166342041, -0.0446788086, -0.109927393, 0, 0, 0, 0, 0, 0, 0, 1, 1, 1, 
59.0202237, 0.1, 0.1, 0.117607093, 0.187990344, -0.0199658078, 0.656928367, -9.35753742e-006, 0.753952996, 0.753952996, 3.22963304e-005, -0.656928367, -1.82026833e-005, 0.999999999, 2.8271519e-005, 0.656928404, -2.9354613e-005, 0.753952963, 0.753952964, 1.92569449e-005, -0.656928404, 4.76504836e-006, 0.999999999, 3.47824316e-005, 0.120735815, -0.10200188, -0.135478149, 0, 0, 0, 0, 0, 0, 0, 0.166342041, -0.0446788086, -0.109927393, 0, 0, 0, 0, 0, 0, 0, 1, 1, 1, 
59.0209725, 0.1, 0.1, 0.117607087, 0.187990343, -0.0199658188, 0.656928513, 1.22218426e-005, 0.753952869, 0.753952869, -3.28831272e-005, -0.656928513, 1.67634512e-005, 0.999999999, -3.08165571e-005, 0.656928451, 2.52699553e-005, 0.753952923, 0.753952923, -3.06384768e-005, -0.65692845, 6.49941657e-006, 0.999999999, -3.91796438e-005, 0.120735815, -0.10200188, -0.135478149, 0, 0, 0, 0, 0, 0, 0, 0.166342041, -0.0446788086, -0.109927393, 0, 0, 0, 0, 0, 0, 0, 1, 1, 1, 
59.0217122, 0.1, 0.1, 0.117607088, 0.187990335, -0.0199665602, 0.65692904, -7.06877303e-006, 0.75395241, 0.75395241, 4.37161432e-005, -0.656929039, -2.83162093e-005, 0.999999999, 3.40479224e-005, 0.65692892, -1.18220582e-005, 0.753952514, 0.753952514, 4.84892292e-005, -0.656928919, -2.87923244e-005, 0.999999999, 4.07672475e-005, 0.120735815, -0.10200188, -0.135478149, 0, 0, 0, 0, 0, 0, 0, 0.166342041, -0.0446788086, -0.109927393, 0, 0, 0, 0, 0, 0, 0, 1, 1, 1, 
59.0224516, 0.1, 0.1, 0.117607085, 0.187990336, -0.0199674009, 0.656929645, 1.65953198e-005, 0.753951883, 0.753951883, -2.39007657e-005, -0.656929644, 7.11806971e-006, 1, -2.82131942e-005, 0.656929541, 1.52804582e-005, 0.753951973, 0.753951973, -3.65510705e-005, -0.65692954, 1.75195673e-005, 0.999999999, -3.55322095e-005, 0.121148242, -0.104478662, -0.134360229, 0, 0, 0, 0, 0, 0, 0, 0.166201904, -0.0471757813, -0.109011963, 0, 0, 0, 0, 0, 0, 0, 1, 1, 1, 
59.0231853, 0.1, 0.1, 0.117607086, 0.187990328, -0.0199682842, 0.656929955, -3.17260484e-005, 0.753951612, 0.753951612, 1.42233928e-005, -0.656929955, 1.01180416e-005, 0.999999999, 3.32636782e-005, 0.656929927, -2.29560913e-005, 0.753951637, 0.753951637, 3.44372787e-005, -0.656929926, -1.08834993e-005, 0.999999999, 3.99306616e-005, 0.121148242, -0.104478662, -0.134360229, 0, 0, 0, 0, 0, 0, 0, 0.166201904, -0.0471757813, -0.109011963, 0, 0, 0, 0, 0, 0, 0, 1, 1, 1, 
59.0239011, 0.1, 0.1, 0.117607084, 0.187990328, -0.0199692576, 0.656929806, 2.91219897e-005, 0.753951742, 0.753951742, -2.1235806e-006, -0.656929807, -1.75300258e-005, 1, -2.33516182e-005, 0.656929866, 2.78298559e-005, 0.75395169, 0.75395169, -1.30266596e-005, -0.656929866, -8.46079145e-006, 1, -2.95399686e-005, 0.121148242, -0.104478662, -0.134360229, 0, 0, 0, 0, 0, 0, 0, 0.166201904, -0.0471757813, -0.109011963, 0, 0, 0, 0, 0, 0, 0, 1, 1, 1, 
59.0246383, 0.1, 0.1, 0.117607088, 0.187990323, -0.0199698224, 0.656929321, -3.89631211e-005, 0.753952164, 0.753952165, 1.61236757e-006, -0.656929321, 2.43803687e-005, 0.999999999, 3.0435541e-005, 0.656929429, -4.47386275e-005, 0.753952069, 0.75395207, 6.26158569e-006, -0.65692943, 2.46691856e-005, 0.999999999, 3.78442007e-005, 0.121148242, -0.104478662, -0.134360229, 0, 0, 0, 0, 0, 0, 0, 0.166201904, -0.0471757813, -0.109011963, 0, 0, 0, 0, 0, 0, 0, 1, 1, 1, 
59.0253544, 0.1, 0.1, 0.117607084, 0.187990323, -0.0199699343, 0.656928786, 2.39984552e-005, 0.753952631, 0.753952631, -1.53234845e-005, -0.656928786, -4.21209464e-006, 1, -2.81601365e-005, 0.65692888, 3.46280577e-005, 0.753952549, 0.753952549, -1.17800792e-005, -0.65692888, -1.38665504e-005, 0.999999999, -3.38465867e-005, 0.121148242, -0.104478662, -0.134360229, 0, 0, 0, 0, 0, 0, 0, 0.166258398, -0.049439502, -0.107856689, 0, 0, 0, 0, 0, 0, 0, 1, 1, 1, 
59.0260608, 0.1, 0.1, 0.117607087, 0.18799032, -0.0199698325, 0.656928516, -8.88481565e-006, 0.753952866, 0.753952866, 2.22034175e-005, -0.656928516, -1.09036415e-005, 1, 2.12847903e-005, 0.656928543, -2.74347718e-005, 0.753952842, 0.753952843, 1.16751033e-005, -0.656928543, 9.22020733e-006, 1, 2.83542328e-005, 0.121148242, -0.104478662, -0.134360229, 0, 0, 0, 0, 0, 0, 0, 0.166258398, -0.049439502, -0.107856689, 0, 0, 0, 0, 0, 0, 0, 1, 1, 1, 
59.0267958, 0.1, 0.1, 0.117607082, 0.18799032, -0.0199694452, 0.656928664, 1.12527709e-005, 0.753952737, 0.753952737, -3.41374822e-005, -0.656928663, 1.83457804e-005, 0.999999999, -3.0909948e-005, 0.656928605, 2.24406643e-005, 0.753952789, 0.753952789, -3.24494441e-005, -0.656928604, 9.72343461e-006, 0.999999999, -3.82361695e-005, 0.121148242, -0.104478662, -0.134360229, 0, 0, 0, 0, 0, 0, 0, 0.166258398, -0.049439502, -0.107856689, 0, 0, 0, 0, 0, 0, 0, 1, 1, 1, 
59.0275219, 0.1, 0.1, 0.117607083, 0.187990314, -0.0199684829, 0.656929151, -3.62590002e-006, 0.753952313, 0.753952313, 3.74191051e-005, -0.65692915, -2.58302614e-005, 0.999999999, 2.73154566e-005, 0.656929042, -8.82335902e-006, 0.753952408, 0.753952408, 4.207921e-005, -0.656929041, -2.59294009e-005, 0.999999999, 3.42954479e-005, 0.121325952, -0.106751245, -0.133049585, 0, 0, 0, 0, 0, 0, 0, 0.166258398, -0.049439502, -0.107856689, 0, 0, 0, 0, 0, 0, 0, 1, 1, 1, 
59.0282286, 0.1, 0.1, 0.117607079, 0.187990314, -0.0199678267, 0.656929678, 1.99780721e-005, 0.753951854, 0.753951854, -2.03449238e-005, -0.656929678, 2.21490459e-006, 1, -2.84276887e-005, 0.656929584, 1.83298813e-005, 0.753951936, 0.753951936, -3.2913669e-005, -0.656929583, 1.27738832e-005, 0.999999999, -3.54418124e-005, 0.121325952, -0.106751245, -0.133049585, 0, 0, 0, 0, 0, 0, 0, 0.166258398, -0.049439502, -0.107856689, 0, 0, 0, 0, 0, 0, 0, 1, 1, 1, 
59.0289364, 0.1, 0.1, 0.11760708, 0.187990307, -0.0199675905, 0.656929936, -2.70835995e-005, 0.753951629, 0.753951629, 1.26066478e-005, -0.656929936, 8.28722469e-006, 1, 2.87014083e-005, 0.656929915, -1.84355738e-005, 0.753951648, 0.753951648, 3.33256408e-005, -0.656929914, -1.30150419e-005, 0.999999999, 3.57921417e-005, 0.121325952, -0.106751245, -0.133049585, 0, 0, 0, 0, 0, 0, 0, 0.166258398, -0.049439502, -0.107856689, 0, 0, 0, 0, 0, 0, 0, 1, 1, 1, 
59.0296933, 0.1, 0.1, 0.117607076, 0.187990308, -0.0199673786, 0.656929723, 3.86531386e-005, 0.753951814, 0.753951815, -3.51384975e-006, -0.656929723, -2.27431223e-005, 0.999999999, -3.14509564e-005, 0.656929794, 3.86249584e-005, 0.753951752, 0.753951752, -1.53538514e-005, -0.656929794, -1.37978228e-005, 0.999999999, -3.92077576e-005, 0.122029224, -0.108869189, -0.131889795, 0, 0, 0, 0, 0, 0, 0, 0.166515918, -0.0515949707, -0.106901709, 0, 0, 0, 0, 0, 0, 0, 1, 1, 1, 
59.0303976, 0.1, 0.1, 0.117607079, 0.187990304, -0.019967559, 0.656929188, -3.72344093e-005, 0.75395228, 0.753952281, 1.15838114e-006, -0.656929188, 2.35870062e-005, 0.999999999, 2.88339422e-005, 0.656929308, -4.18226677e-005, 0.753952175, 0.753952176, 5.55189206e-006, -0.656929309, 2.32886751e-005, 0.999999999, 3.51794919e-005, 0.122029224, -0.108869189, -0.131889795, 0, 0, 0, 0, 0, 0, 0, 0.166515918, -0.0515949707, -0.106901709, 0, 0, 0, 0, 0, 0, 0, 1, 1, 1, 
59.0311017, 0.1, 0.1, 0.117607075, 0.187990304, -0.0199682397, 0.656928602, 2.24102131e-005, 0.753952792, 0.753952792, -1.43823108e-005, -0.656928602, -3.87832654e-006, 1, -2.63443941e-005, 0.656928706, 3.45262399e-005, 0.7539527, 0.7539527, -1.0967973e-005, -0.656928707, -1.44119453e-005, 0.999999999, -3.32363281e-005, 0.122029224, -0.108869189, -0.131889795, 0, 0, 0, 0, 0, 0, 0, 0.166515918, -0.0515949707, -0.106901709, 0, 0, 0, 0, 0, 0, 0, 1, 1, 1, 
59.0318425, 0.1, 0.1, 0.11760708, 0.1879903, -0.0199689843, 0.656928286, -1.78171363e-005, 0.753953066, 0.753953066, 2.77190078e-005, -0.656928286, -9.19425019e-006, 0.999999999, 3.16426848e-005, 0.656928319, -3.76204029e-005, 0.753953037, 0.753953038, 1.60710285e-005, -0.656928319, 1.25971073e-005, 0.999999999, 3.89215308e-005, 0.122029224, -0.108869189, -0.131889795, 0, 0, 0, 0, 0, 0, 0, 0.166515918, -0.0515949707, -0.106901709, 0, 0, 0, 0, 0, 0, 0, 1, 1, 1, 
59.0325493, 0.1, 0.1, 0.117607076, 0.187990299, -0.019969487, 0.656928414, 3.74771451e-006, 0.753952955, 0.753952955, -3.11594086e-005, -0.656928413, 2.10307481e-005, 1, -2.32951013e-005, 0.656928359, 1.44249688e-005, 0.753953003, 0.753953003, -2.82505335e-005, -0.656928358, 1.18234034e-005, 0.999999999, -2.94343252e-005, 0.122029224, -0.108869189, -0.131889795, 0, 0, 0, 0, 0, 0, 0, 0.166515918, -0.0515949707, -0.106901709, 0, 0, 0, 0, 0, 0, 0, 1, 1, 1, 
59.0332564, 0.1, 0.1, 0.117607078, 0.187990294, -0.0199698852, 0.656928853, -8.27291528e-006, 0.753952573, 0.753952572, 3.13979943e-005, -0.656928853, -1.82378818e-005, 0.999999999, 2.68636341e-005, 0.65692875, -1.34306292e-005, 0.753952663, 0.753952662, 3.63412325e-005, -0.656928749, -1.85766026e-005, 0.999999999, 3.39996591e-005, 0.122029224, -0.108869189, -0.131889795, 0, 0, 0, 0, 0, 0, 0, 0.166515918, -0.0515949707, -0.106901709, 0, 0, 0, 0, 0, 0, 0, 1, 1, 1, 
59.0339769, 0.1, 0.1, 0.117607076, 0.187990296, -0.0199699968, 0.656929355, 1.66126299e-005, 0.753952135, 0.753952135, -2.42083449e-005, -0.656929355, 7.33860912e-006, 1, -2.84283002e-005, 0.656929259, 1.43618845e-005, 0.753952219, 0.753952219, -3.67416233e-005, -0.656929258, 1.82666863e-005, 0.999999999, -3.49648221e-005, 0.122029224, -0.108869189, -0.131889795, 0, 0, 0, 0, 0, 0, 0, 0.166515918, -0.0515949707, -0.106901709, 0, 0, 0, 0, 0, 0, 0, 1, 1, 1, 
59.0347362, 0.1, 0.1, 0.117607077, 0.187990289, -0.0199692035, 0.656929585, -2.90373343e-005, 0.753951934, 0.753951935, 9.62986777e-006, -0.656929585, 1.18150265e-005, 1, 2.82188994e-005, 0.656929571, -2.15332577e-005, 0.753951947, 0.753951948, 2.94128629e-005, -0.65692957, -8.03005149e-006, 0.999999999, 3.5557221e-005, 0.122720776, -0.110731177, -0.131637354, 0, 0, 0, 0, 0, 0, 0, 0.166511865, -0.0537104004, -0.106115283, 0, 0, 0, 0, 0, 0, 0, 1, 1, 1, 
59.0354477, 0.1, 0.1, 0.117607074, 0.18799029, -0.0199682347, 0.656929374, 3.52917073e-005, 0.753952118, 0.753952119, -2.43080662e-006, -0.656929374, -2.13514474e-005, 0.999999999, -2.82051258e-005, 0.656929446, 3.39376827e-005, 0.753952055, 0.753952056, -1.41515941e-005, -0.656929446, -1.16250396e-005, 0.999999999, -3.48839845e-005, 0.122720776, -0.110731177, -0.131637354, 0, 0, 0, 0, 0, 0, 0, 0.166511865, -0.0537104004, -0.106115283, 0, 0, 0, 0, 0, 0, 0, 1, 1, 1, 
59.0361502, 0.1, 0.1, 0.117607076, 0.187990286, -0.0199676248, 0.656928846, -3.23595448e-005, 0.753952578, 0.753952578, 1.97513832e-006, -0.656928847, 1.97687578e-005, 0.999999999, 2.56950876e-005, 0.656928965, -3.83858068e-005, 0.753952474, 0.753952475, 6.37795278e-006, -0.656928966, 2.04080751e-005, 0.999999999, 3.3130936e-005, 0.122720776, -0.110731177, -0.131637354, 0, 0, 0, 0, 0, 0, 0, 0.166511865, -0.0537104004, -0.106115283, 0, 0, 0, 0, 0, 0, 0, 1, 1, 1, 
59.0368863, 0.1, 0.1, 0.11760707, 0.187990285, -0.019967341, 0.656928244, 3.32542788e-005, 0.753953103, 0.753953103, -1.36799469e-005, -0.656928244, -1.15316366e-005, 0.999999999, -3.40589102e-005, 0.656928349, 4.57705023e-005, 0.75395301, 0.753953011, -1.04537437e-005, -0.65692835, -2.2186309e-005, 0.999999999, -4.13761687e-005, 0.122720776, -0.110731177, -0.131637354, 0, 0, 0, 0, 0, 0, 0, 0.166511865, -0.0537104004, -0.106115283, 0, 0, 0, 0, 0, 0, 0, 1, 1, 1, 
59.0376075, 0.1, 0.1, 0.117607073, 0.187990282, -0.0199673326, 0.656927947, -9.8443095e-006, 0.753953362, 0.753953362, 3.08394196e-005, -0.656927947, -1.67844821e-005, 0.999999999, 2.76814269e-005, 0.656927975, -2.86592374e-005, 0.753953338, 0.753953338, 1.91315606e-005, -0.656927974, 4.40275079e-006, 0.999999999, 3.41757851e-005, 0.122720776, -0.110731177, -0.131637354, 0, 0, 0, 0, 0, 0, 0, 0.166717383, -0.0557625977, -0.105497168, 0, 0, 0, 0, 0, 0, 0, 1, 1, 1, 
59.0383138, 0.1, 0.1, 0.117607068, 0.187990281, -0.0199678114, 0.656928098, 9.02078362e-006, 0.753953231, 0.753953231, -3.00313996e-005, -0.656928097, 1.67162646e-005, 1, -2.65297192e-005, 0.656928036, 2.12320031e-005, 0.753953285, 0.753953285, -2.70420152e-005, -0.656928035, 6.44051809e-006, 0.999999999, -3.37725964e-005, 0.122720776, -0.110731177, -0.131637354, 0, 0, 0, 0, 0, 0, 0, 0.166717383, -0.0557625977, -0.105497168, 0, 0, 0, 0, 0, 0, 0, 1, 1, 1, 
59.0390185, 0.1, 0.1, 0.11760707, 0.187990275, -0.0199686739, 0.656928581, -8.33816899e-006, 0.753952809, 0.753952809, 3.65993397e-005, -0.656928581, -2.21165934e-005, 0.999999999, 3.03297382e-005, 0.656928472, -1.28069645e-005, 0.753952905, 0.753952905, 4.14935484e-005, -0.656928471, -2.28709217e-005, 0.999999999, 3.69141414e-005, 0.122720776, -0.110731177, -0.131637354, 0, 0, 0, 0, 0, 0, 0, 0.166717383, -0.0557625977, -0.105497168, 0, 0, 0, 0, 0, 0, 0, 1, 1, 1, 
59.0397522, 0.1, 0.1, 0.117607068, 0.187990277, -0.019969425, 0.656929136, 1.5396037e-005, 0.753952326, 0.753952326, -2.52716747e-005, -0.656929136, 8.93953268e-006, 1, -2.82095774e-005, 0.65692904, 1.36918425e-005, 0.75395241, 0.75395241, -3.66983867e-005, -0.656929039, 1.86742681e-005, 0.999999999, -3.44312335e-005, 0.123381934, -0.112627832, -0.131204395, 0, 0, 0, 0, 0, 0, 0, 0.166717383, -0.0557625977, -0.105497168, 0, 0, 0, 0, 0, 0, 0, 1, 1, 1, 
59.0404597, 0.1, 0.1, 0.117607069, 0.187990271, -0.0199699143, 0.656929408, -2.80989747e-005, 0.753952089, 0.753952089, 6.58995112e-006, -0.656929408, 1.34905354e-005, 1, 2.55144134e-005, 0.656929381, -2.00472714e-005, 0.753952112, 0.753952113, 2.53841092e-005, -0.656929381, -5.96876113e-006, 0.999999999, 3.17902497e-005, 0.123381934, -0.112627832, -0.131204395, 0, 0, 0, 0, 0, 0, 0, 0.166717383, -0.0557625977, -0.105497168, 0, 0, 0, 0, 0, 0, 0, 1, 1, 1, 
59.0411909, 0.1, 0.1, 0.117607066, 0.187990273, -0.0199698523, 0.656929258, 3.15938542e-005, 0.753952219, 0.75395222, -6.2087508e-006, -0.656929258, -1.60738258e-005, 0.999999999, -2.78989666e-005, 0.656929318, 3.06083404e-005, 0.753952167, 0.753952168, -1.78630472e-005, -0.656929317, -6.63963298e-006, 0.999999999, -3.4811984e-005, 0.123381934, -0.112627832, -0.131204395, 0, 0, 0, 0, 0, 0, 0, 0.166717383, -0.0557625977, -0.105497168, 0, 0, 0, 0, 0, 0, 0, 1, 1, 1, 
59.0419004, 0.1, 0.1, 0.117607069, 0.18799027, -0.0199695674, 0.656928791, -3.39520684e-005, 0.753952626, 0.753952627, 8.61008476e-007, -0.656928791, 2.16549316e-005, 0.999999999, 2.61638724e-005, 0.656928896, -3.94541047e-005, 0.753952534, 0.753952535, 4.49442558e-006, -0.656928897, 2.25299579e-005, 0.999999999, 3.26990403e-005, 0.123381934, -0.112627832, -0.131204395, 0, 0, 0, 0, 0, 0, 0, 0.166717383, -0.0557625977, -0.105497168, 0, 0, 0, 0, 0, 0, 0, 1, 1, 1, 
59.0426424, 0.1, 0.1, 0.117607064, 0.187990269, -0.0199687705, 0.656928249, 3.05309897e-005, 0.753953099, 0.753953099, -1.15113532e-005, -0.656928249, -1.13776491e-005, 0.999999999, -3.05810674e-005, 0.656928341, 4.26921587e-005, 0.753953017, 0.753953018, -8.92418906e-006, -0.656928342, -2.13172698e-005, 0.999999999, -3.80504347e-005, 0.123951196, -0.114453198, -0.130432007, 0, 0, 0, 0, 0, 0, 0, 0.166691602, -0.0576181641, -0.104857568, 0, 0, 0, 0, 0, 0, 0, 1, 1, 1, 
59.0433493, 0.1, 0.1, 0.117607067, 0.187990266, -0.019968099, 0.656927996, -1.02077418e-005, 0.753953319, 0.753953319, 3.20612367e-005, -0.656927996, -1.74669245e-005, 0.999999999, 2.87580848e-005, 0.656928017, -2.86232276e-005, 0.753953301, 0.753953301, 2.04244393e-005, -0.656928017, 3.40432672e-006, 0.999999999, 3.49979633e-005, 0.123951196, -0.114453198, -0.130432007, 0, 0, 0, 0, 0, 0, 0, 0.166691602, -0.0576181641, -0.104857568, 0, 0, 0, 0, 0, 0, 0, 1, 1, 1, 
59.0440532, 0.1, 0.1, 0.117607063, 0.187990264, -0.0199678236, 0.65692817, 7.33241314e-006, 0.753953168, 0.753953168, -2.75235075e-005, -0.65692817, 1.59345669e-005, 1, -2.36092635e-005, 0.656928105, 1.95114983e-005, 0.753953225, 0.753953225, -2.48011705e-005, -0.656928104, 5.8812709e-006, 1, -3.1003343e-005, 0.123951196, -0.114453198, -0.130432007, 0, 0, 0, 0, 0, 0, 0, 0.166691602, -0.0576181641, -0.104857568, 0, 0, 0, 0, 0, 0, 0, 1, 1, 1, 
59.0447608, 0.1, 0.1, 0.117607065, 0.187990258, -0.0199679753, 0.656928677, -9.60233711e-006, 0.753952726, 0.753952726, 3.98732604e-005, -0.656928676, -2.37545028e-005, 0.999999999, 3.34335965e-005, 0.656928562, -1.44217538e-005, 0.753952826, 0.753952826, 4.51792982e-005, -0.656928561, -2.45889976e-005, 0.999999999, 4.05528934e-005, 0.123951196, -0.114453198, -0.130432007, 0, 0, 0, 0, 0, 0, 0, 0.166691602, -0.0576181641, -0.104857568, 0, 0, 0, 0, 0, 0, 0, 1, 1, 1, 
59.0455367, 0.1, 0.1, 0.117607062, 0.18799026, -0.0199682066, 0.656929276, 1.67802192e-005, 0.753952204, 0.753952204, -1.98280787e-005, -0.656929276, 3.92600633e-006, 1, -2.56771286e-005, 0.656929153, 1.41129008e-005, 0.753952311, 0.753952311, -3.4525553e-005, -0.656929152, 1.67594445e-005, 0.999999999, -3.33212964e-005, 0.123951196, -0.114453198, -0.130432007, 0, 0, 0, 0, 0, 0, 0, 0.166691602, -0.0576181641, -0.104857568, 0, 0, 0, 0, 0, 0, 0, 1, 1, 1, 
59.0462435, 0.1, 0.1, 0.117607063, 0.187990253, -0.0199680807, 0.656929551, -2.71543987e-005, 0.753951964, 0.753951964, 8.41188736e-006, -0.656929551, 1.1496368e-005, 1, 2.59991297e-005, 0.656929525, -1.88862953e-005, 0.753951987, 0.753951988, 2.97908815e-005, -0.656929524, -1.00539293e-005, 0.999999999, 3.38098696e-005, 0.123951196, -0.114453198, -0.130432007, 0, 0, 0, 0, 0, 0, 0, 0.166691602, -0.0576181641, -0.104857568, 0, 0, 0, 0, 0, 0, 0, 1, 1, 1, 
59.0469627, 0.1, 0.1, 0.11760706, 0.187990255, -0.0199682294, 0.656929381, 3.76334284e-005, 0.753952112, 0.753952113, -6.94251574e-006, -0.656929381, -1.94881804e-005, 0.999999999, -3.29345454e-005, 0.656929445, 3.63867148e-005, 0.753952056, 0.753952057, -1.81149219e-005, -0.656929445, -1.02457218e-005, 0.999999999, -3.93340641e-005, 0.12413208, -0.116213257, -0.129954248, 0, 0, 0, 0, 0, 0, 0, 0.166691602, -0.0576181641, -0.104857568, 0, 0, 0, 0, 0, 0, 0, 1, 1, 1, 
59.0476835, 0.1, 0.1, 0.117607062, 0.187990253, -0.0199683728, 0.656928878, -3.25189297e-005, 0.753952551, 0.753952551, -2.67706134e-006, -0.656928878, 2.33810012e-005, 0.999999999, 2.27590911e-005, 0.656928991, -3.80078186e-005, 0.753952452, 0.753952452, 1.81011258e-006, -0.656928991, 2.36036991e-005, 0.999999999, 2.98452035e-005, 0.12413208, -0.116213257, -0.129954248, 0, 0, 0, 0, 0, 0, 0, 0.166663867, -0.0594187988, -0.103984961, 0, 0, 0, 0, 0, 0, 0, 1, 1, 1, 
59.0483883, 0.1, 0.1, 0.117607057, 0.187990253, -0.0199687668, 0.656928333, 2.82377405e-005, 0.753953025, 0.753953026, -1.40195206e-005, -0.656928333, -7.98011187e-006, 1, -3.04997502e-005, 0.656928432, 3.98440881e-005, 0.753952939, 0.75395294, -1.1509216e-005, -0.656928432, -1.74973071e-005, 0.999999999, -3.76012985e-005, 0.12413208, -0.116213257, -0.129954248, 0, 0, 0, 0, 0, 0, 0, 0.166663867, -0.0594187988, -0.103984961, 0, 0, 0, 0, 0, 0, 0, 1, 1, 1, 
59.0490884, 0.1, 0.1, 0.11760706, 0.18799025, -0.0199693076, 0.65692805, -1.16201855e-005, 0.753953273, 0.753953273, 2.87092633e-005, -0.656928049, -1.40118172e-005, 1, 2.76209973e-005, 0.656928077, -2.90191576e-005, 0.753953248, 0.753953249, 1.73591871e-005, -0.656928077, 5.97548389e-006, 0.999999999, 3.32828256e-005, 0.12413208, -0.116213257, -0.129954248, 0, 0, 0, 0, 0, 0, 0, 0.166663867, -0.0594187988, -0.103984961, 0, 0, 0, 0, 0, 0, 0, 1, 1, 1, 
59.049813, 0.1, 0.1, 0.117607056, 0.187990249, -0.019969734, 0.656928189, 6.48939541e-006, 0.753953152, 0.753953151, -2.70524376e-005, -0.656928188, 1.61332038e-005, 1, -2.2664209e-005, 0.656928127, 1.87407058e-005, 0.753953205, 0.753953205, -2.45672456e-005, -0.656928127, 6.21125685e-006, 1, -3.02685298e-005, 0.12413208, -0.116213257, -0.129954248, 0, 0, 0, 0, 0, 0, 0, 0.166663867, -0.0594187988, -0.103984961, 0, 0, 0, 0, 0, 0, 0, 1, 1, 1, 
59.0505186, 0.1, 0.1, 0.117607058, 0.187990243, -0.0199698376, 0.656928639, -8.19573422e-006, 0.753952759, 0.753952759, 3.7366236e-005, -0.656928639, -2.27883642e-005, 0.999999999, 3.0726147e-005, 0.656928536, -1.28623092e-005, 0.753952849, 0.753952849, 4.21196793e-005, -0.656928535, -2.33066343e-005, 0.999999999, 3.73671939e-005, 0.12413208, -0.116213257, -0.129954248, 0, 0, 0, 0, 0, 0, 0, 0.16622041, -0.061579248, -0.103328516, 0, 0, 0, 0, 0, 0, 0, 1, 1, 1, 
59.051223, 0.1, 0.1, 0.117607056, 0.187990244, -0.019969764, 0.656929138, 1.57302548e-005, 0.753952324, 0.753952324, -1.96879328e-005, -0.656929138, 4.51009999e-006, 1, -2.47934389e-005, 0.65692905, 1.36627568e-005, 0.753952401, 0.753952401, -3.10190132e-005, -0.656929049, 1.44113976e-005, 0.999999999, -3.06783592e-005, 0.12413208, -0.116213257, -0.129954248, 0, 0, 0, 0, 0, 0, 0, 0.16622041, -0.061579248, -0.103328516, 0, 0, 0, 0, 0, 0, 0, 1, 1, 1, 
59.05194, 0.1, 0.1, 0.117607057, 0.187990238, -0.019969503, 0.656929385, -2.61935262e-005, 0.753952109, 0.753952109, 7.12034593e-006, -0.656929385, 1.18388972e-005, 1, 2.44262288e-005, 0.656929361, -1.78032756e-005, 0.75395213, 0.75395213, 2.87969911e-005, -0.656929361, -1.00160583e-005, 0.999999999, 3.23404066e-005, 0.12413208, -0.116213257, -0.129954248, 0, 0, 0, 0, 0, 0, 0, 0.16622041, -0.061579248, -0.103328516, 0, 0, 0, 0, 0, 0, 0, 1, 1, 1, 
59.0526466, 0.1, 0.1, 0.117607054, 0.18799024, -0.0199690613, 0.656929214, 3.53109212e-005, 0.753952257, 0.753952258, -5.98556686e-006, -0.656929214, -1.86839441e-005, 0.999999999, -3.05548425e-005, 0.656929278, 3.4120669e-005, 0.753952202, 0.753952203, -1.72610162e-005, -0.656929278, -9.40088526e-006, 0.999999999, -3.70646204e-005, 0.124045776, -0.117789502, -0.129320386, 0, 0, 0, 0, 0, 0, 0, 0.16622041, -0.061579248, -0.103328516, 0, 0, 0, 0, 0, 0, 0, 1, 1, 1, 
59.0533583, 0.1, 0.1, 0.117607057, 0.187990238, -0.0199687045, 0.656928725, -3.09123384e-005, 0.753952684, 0.753952684, -1.70336082e-006, -0.656928725, 2.15914565e-005, 1, 2.21874538e-005, 0.656928841, -3.67828577e-005, 0.753952582, 0.753952583, 2.61973888e-006, -0.656928842, 2.21885612e-005, 0.999999999, 2.94535125e-005, 0.124045776, -0.117789502, -0.129320386, 0, 0, 0, 0, 0, 0, 0, 0.16622041, -0.061579248, -0.103328516, 0, 0, 0, 0, 0, 0, 0, 1, 1, 1, 
59.0540637, 0.1, 0.1, 0.117607051, 0.187990238, -0.0199684272, 0.656928188, 2.99974472e-005, 0.753953151, 0.753953152, -1.50471457e-005, -0.656928188, -8.36132577e-006, 0.999999999, -3.2501564e-005, 0.656928284, 4.19613112e-005, 0.753953067, 0.753953068, -1.2230576e-005, -0.656928285, -1.83442919e-005, 0.999999999, -3.96714706e-005, 0.124045776, -0.117789502, -0.129320386, 0, 0, 0, 0, 0, 0, 0, 0.16622041, -0.061579248, -0.103328516, 0, 0, 0, 0, 0, 0, 0, 1, 1, 1, 
59.0547961, 0.1, 0.1, 0.117607055, 0.187990235, -0.019968281, 0.656927918, -1.00546647e-005, 0.753953388, 0.753953388, 3.00245101e-005, -0.656927917, -1.60318912e-005, 0.999999999, 2.73046874e-005, 0.656927942, -2.98498056e-005, 0.753953366, 0.753953367, 1.75349762e-005, -0.656927941, 6.38861698e-006, 0.999999999, 3.40245773e-005, 0.124181494, -0.119601929, -0.128738159, 0, 0, 0, 0, 0, 0, 0, 0.16622041, -0.061579248, -0.103328516, 0, 0, 0, 0, 0, 0, 0, 1, 1, 1, 
59.0555004, 0.1, 0.1, 0.117607051, 0.187990235, -0.0199682437, 0.656928084, 7.56613495e-006, 0.753953243, 0.753953243, -2.88103359e-005, -0.656928084, 1.67512397e-005, 1, -2.46308308e-005, 0.65692802, 1.96645719e-005, 0.753953298, 0.753953299, -2.61191514e-005, -0.65692802, 6.77441207e-006, 0.999999999, -3.19845713e-005, 0.124181494, -0.119601929, -0.128738159, 0, 0, 0, 0, 0, 0, 0, 0.165987744, -0.0631632324, -0.102687451, 0, 0, 0, 0, 0, 0, 0, 1, 1, 1, 
59.0562029, 0.1, 0.1, 0.117607053, 0.187990229, -0.0199685134, 0.656928575, -9.20114853e-006, 0.753952815, 0.753952815, 3.77556856e-005, -0.656928575, -2.24215081e-005, 0.999999999, 3.17400206e-005, 0.656928466, -1.3745169e-005, 0.75395291, 0.75395291, 4.26900404e-005, -0.656928465, -2.31566874e-005, 0.999999999, 3.8407513e-005, 0.124181494, -0.119601929, -0.128738159, 0, 0, 0, 0, 0, 0, 0, 0.165987744, -0.0631632324, -0.102687451, 0, 0, 0, 0, 0, 0, 0, 1, 1, 1, 
59.0569106, 0.1, 0.1, 0.117607051, 0.187990231, -0.0199689958, 0.656929117, 1.49140938e-005, 0.753952343, 0.753952343, -2.26809974e-005, -0.656929117, 7.30288869e-006, 1, -2.61443236e-005, 0.65692902, 1.29053438e-005, 0.753952427, 0.753952427, -3.41548405e-005, -0.656929019, 1.727323e-005, 0.999999999, -3.21673212e-005, 0.124181494, -0.119601929, -0.128738159, 0, 0, 0, 0, 0, 0, 0, 0.165987744, -0.0631632324, -0.102687451, 0, 0, 0, 0, 0, 0, 0, 1, 1, 1, 
59.057612, 0.1, 0.1, 0.117607052, 0.187990225, -0.0199695319, 0.656929392, -2.73666938e-005, 0.753952102, 0.753952103, 6.99804443e-006, -0.656929392, 1.27017952e-005, 1, 2.52303974e-005, 0.656929364, -1.94898553e-005, 0.753952127, 0.753952127, 2.64839353e-005, -0.656929364, -7.1641611e-006, 0.999999999, 3.20924927e-005, 0.124181494, -0.119601929, -0.128738159, 0, 0, 0, 0, 0, 0, 0, 0.165987744, -0.0631632324, -0.102687451, 0, 0, 0, 0, 0, 0, 0, 1, 1, 1, 
59.0583196, 0.1, 0.1, 0.117607049, 0.187990228, -0.0199699705, 0.656929256, 3.25942056e-005, 0.753952221, 0.753952221, -6.34973645e-006, -0.656929256, -1.66246894e-005, 0.999999999, -2.87458014e-005, 0.656929313, 3.12682706e-005, 0.753952171, 0.753952172, -1.73815969e-005, -0.656929313, -7.43615081e-006, 0.999999999, -3.4993261e-005, 0.124181494, -0.119601929, -0.128738159, 0, 0, 0, 0, 0, 0, 0, 0.165987744, -0.0631632324, -0.102687451, 0, 0, 0, 0, 0, 0, 0, 1, 1, 1, 
59.0590219, 0.1, 0.1, 0.117607052, 0.187990225, -0.0199701609, 0.656928816, -3.09179483e-005, 0.753952605, 0.753952605, -1.69538158e-006, -0.656928816, 2.15891285e-005, 1, 2.21969227e-005, 0.656928917, -3.62181723e-005, 0.753952516, 0.753952517, 2.21235836e-006, -0.656928917, 2.21247515e-005, 0.999999999, 2.87601443e-005, 0.124181494, -0.119601929, -0.128738159, 0, 0, 0, 0, 0, 0, 0, 0.165987744, -0.0631632324, -0.102687451, 0, 0, 0, 0, 0, 0, 0, 1, 1, 1, 
59.0597544, 0.1, 0.1, 0.117607047, 0.187990226, -0.0199698737, 0.656928306, 2.8922459e-005, 0.753953049, 0.75395305, -1.48809148e-005, -0.656928306, -7.78047092e-006, 0.999999999, -3.15818704e-005, 0.656928393, 4.03052409e-005, 0.753952973, 0.753952973, -1.22172965e-005, -0.656928393, -1.72663901e-005, 0.999999999, -3.84141452e-005, 0.124527637, -0.121439502, -0.127748755, 0, 0, 0, 0, 0, 0, 0, 0.166054492, -0.0649404297, -0.101698047, 0, 0, 0, 0, 0, 0, 0, 1, 1, 1, 
59.0604592, 0.1, 0.1, 0.11760705, 0.187990223, -0.0199692856, 0.656928069, -9.30558725e-006, 0.753953256, 0.753953256, 2.66789207e-005, -0.656928068, -1.40015577e-005, 1, 2.45421097e-005, 0.656928088, -2.70100078e-005, 0.753953239, 0.75395324, 1.54928065e-005, -0.656928088, 6.06278115e-006, 1, 3.05419426e-005, 0.124527637, -0.121439502, -0.127748755, 0, 0, 0, 0, 0, 0, 0, 0.166054492, -0.0649404297, -0.101698047, 0, 0, 0, 0, 0, 0, 0, 1, 1, 1, 
59.0611876, 0.1, 0.1, 0.117607045, 0.187990223, -0.0199683947, 0.656928257, 9.77281272e-006, 0.753953093, 0.753953092, -3.08548322e-005, -0.656928256, 1.68430594e-005, 0.999999999, -2.76376535e-005, 0.65692819, 2.20512554e-005, 0.75395315, 0.753953151, -2.86659744e-005, -0.656928189, 7.12671046e-006, 0.999999999, -3.54571001e-005, 0.124527637, -0.121439502, -0.127748755, 0, 0, 0, 0, 0, 0, 0, 0.166054492, -0.0649404297, -0.101698047, 0, 0, 0, 0, 0, 0, 0, 1, 1, 1, 
59.0618924, 0.1, 0.1, 0.117607047, 0.187990218, -0.0199678499, 0.656928771, -8.35324752e-006, 0.753952644, 0.753952644, 3.79602498e-005, -0.65692877, -2.31327421e-005, 0.999999999, 3.12351333e-005, 0.656928656, -1.27800327e-005, 0.753952744, 0.753952744, 4.29169728e-005, -0.656928655, -2.39617997e-005, 0.999999999, 3.782893e-005, 0.124527637, -0.121439502, -0.127748755, 0, 0, 0, 0, 0, 0, 0, 0.166054492, -0.0649404297, -0.101698047, 0, 0, 0, 0, 0, 0, 0, 1, 1, 1, 
59.0626085, 0.1, 0.1, 0.117607045, 0.18799022, -0.0199677007, 0.656929338, 1.51591232e-005, 0.75395215, 0.75395215, -2.34453149e-005, -0.656929337, 7.71817285e-006, 1, -2.68311687e-005, 0.656929238, 1.34380942e-005, 0.753952237, 0.753952237, -3.57497161e-005, -0.656929237, 1.81257015e-005, 0.999999999, -3.36167149e-005, 0.124527637, -0.121439502, -0.127748755, 0, 0, 0, 0, 0, 0, 0, 0.166178125, -0.0670591309, -0.100507861, 0, 0, 0, 0, 0, 0, 0, 1, 1, 1, 
59.0633257, 0.1, 0.1, 0.117607047, 0.187990214, -0.019967923, 0.656929623, -3.13961073e-005, 0.753951902, 0.753951902, 7.46434442e-006, -0.656929623, 1.49972763e-005, 0.999999999, 2.85747038e-005, 0.656929594, -2.23185111e-005, 0.753951927, 0.753951927, 2.93913927e-005, -0.656929593, -7.49800673e-006, 0.999999999, 3.61351602e-005, 0.124527637, -0.121439502, -0.127748755, 0, 0, 0, 0, 0, 0, 0, 0.166178125, -0.0670591309, -0.100507861, 0, 0, 0, 0, 0, 0, 0, 1, 1, 1, 
59.0640299, 0.1, 0.1, 0.117607045, 0.187990217, -0.0199684018, 0.656929469, 3.18476102e-005, 0.753952036, 0.753952036, -6.20908427e-006, -0.656929469, -1.6240282e-005, 0.999999999, -2.8090501e-005, 0.65692953, 3.03781953e-005, 0.753951982, 0.753951983, -1.77583458e-005, -0.65692953, -6.56739352e-006, 0.999999999, -3.45696824e-005, 0.124527637, -0.121439502, -0.127748755, 0, 0, 0, 0, 0, 0, 0, 0.166178125, -0.0670591309, -0.100507861, 0, 0, 0, 0, 0, 0, 0, 1, 1, 1, 
59.0647772, 0.1, 0.1, 0.117607049, 0.187990214, -0.01996878, 0.656928943, -4.03060324e-005, 0.753952493, 0.753952494, -1.34947743e-006, -0.656928944, 2.74956412e-005, 0.999999999, 2.95023229e-005, 0.656929058, -4.64636167e-005, 0.753952393, 0.753952394, 2.82903846e-006, -0.656929058, 2.83903397e-005, 0.999999999, 3.68898326e-005, 0.125094336, -0.123521436, -0.126869092, 0, 0, 0, 0, 0, 0, 0, 0.166178125, -0.0670591309, -0.100507861, 0, 0, 0, 0, 0, 0, 0, 1, 1, 1, 
59.0654834, 0.1, 0.1, 0.117607045, 0.187990215, -0.0199690445, 0.656928389, 2.47188126e-005, 0.753952977, 0.753952977, -1.56133944e-005, -0.656928389, -4.46672452e-006, 1, -2.88937044e-005, 0.656928488, 3.52593639e-005, 0.75395289, 0.753952891, -1.25205003e-005, -0.656928488, -1.37230132e-005, 0.999999999, -3.48089727e-005, 0.125094336, -0.123521436, -0.126869092, 0, 0, 0, 0, 0, 0, 0, 0.166178125, -0.0670591309, -0.100507861, 0, 0, 0, 0, 0, 0, 0, 1, 1, 1, 
59.0661864, 0.1, 0.1, 0.117607049, 0.187990213, -0.0199693742, 0.656928096, -8.15732437e-006, 0.753953232, 0.753953232, 2.47649719e-005, -0.656928096, -1.3312855e-005, 1, 2.24190469e-005, 0.656928127, -2.70482649e-005, 0.753953205, 0.753953206, 1.36227132e-005, -0.656928127, 7.49787769e-006, 1, 2.93422695e-005, 0.125094336, -0.123521436, -0.126869092, 0, 0, 0, 0, 0, 0, 0, 0.166178125, -0.0670591309, -0.100507861, 0, 0, 0, 0, 0, 0, 0, 1, 1, 1, 
59.0669326, 0.1, 0.1, 0.117607043, 0.187990214, -0.0199694673, 0.656928244, 1.25871255e-005, 0.753953104, 0.753953104, -3.26382506e-005, -0.656928243, 1.63388721e-005, 0.999999999, -3.0931091e-005, 0.656928175, 2.52133909e-005, 0.753953163, 0.753953164, -3.00710233e-005, -0.656928174, 6.10875626e-006, 0.999999999, -3.87642183e-005, 0.125094336, -0.123521436, -0.126869092, 0, 0, 0, 0, 0, 0, 0, 0.166178125, -0.0670591309, -0.100507861, 0, 0, 0, 0, 0, 0, 0, 1, 1, 1, 
59.0676495, 0.1, 0.1, 0.117607044, 0.187990209, -0.0199689971, 0.656928712, -9.02480032e-007, 0.753952696, 0.753952695, 3.50768489e-005, -0.656928711, -2.58534197e-005, 0.999999999, 2.37234164e-005, 0.656928606, -5.85852275e-006, 0.753952788, 0.753952788, 3.97779597e-005, -0.656928605, -2.61420724e-005, 0.999999999, 3.05483292e-005, 0.125813232, -0.124975757, -0.125938647, 0, 0, 0, 0, 0, 0, 0, 0.166515967, -0.0688329102, -0.0995711914, 0, 0, 0, 0, 0, 0, 0, 1, 1, 1, 
59.0683568, 0.1, 0.1, 0.117607041, 0.187990211, -0.0199686237, 0.656929227, 1.75847172e-005, 0.753952247, 0.753952247, -2.25019149e-005, -0.656929227, 5.41345461e-006, 1, -2.80402027e-005, 0.656929132, 1.68290631e-005, 0.753952329, 0.753952329, -3.47476975e-005, -0.656929132, 1.51426056e-005, 0.999999999, -3.55150861e-005, 0.125813232, -0.124975757, -0.125938647, 0, 0, 0, 0, 0, 0, 0, 0.166515967, -0.0688329102, -0.0995711914, 0, 0, 0, 0, 0, 0, 0, 1, 1, 1, 
59.0690758, 0.1, 0.1, 0.117607043, 0.187990205, -0.0199684151, 0.656929486, -3.22429547e-005, 0.753952021, 0.753952021, 6.74254853e-006, -0.656929486, 1.60977896e-005, 0.999999999, 2.87390198e-005, 0.656929463, -2.23085042e-005, 0.753952041, 0.753952041, 2.89459932e-005, -0.656929462, -7.16877699e-006, 0.999999999, 3.5835018e-005, 0.125813232, -0.124975757, -0.125938647, 0, 0, 0, 0, 0, 0, 0, 0.166515967, -0.0688329102, -0.0995711914, 0, 0, 0, 0, 0, 0, 0, 1, 1, 1, 
59.0697994, 0.1, 0.1, 0.117607041, 0.187990208, -0.0199681035, 0.656929297, 2.87085694e-005, 0.753952185, 0.753952186, -7.10006678e-006, -0.656929297, -1.35063894e-005, 1, -2.63091305e-005, 0.656929365, 2.79186196e-005, 0.753952126, 0.753952126, -1.91641732e-005, -0.656929365, -3.89169188e-006, 0.999999999, -3.36388107e-005, 0.125813232, -0.124975757, -0.125938647, 0, 0, 0, 0, 0, 0, 0, 0.166515967, -0.0688329102, -0.0995711914, 0, 0, 0, 0, 0, 0, 0, 1, 1, 1, 
59.0705057, 0.1, 0.1, 0.117607046, 0.187990206, -0.0199681532, 0.656928785, -4.07306348e-005, 0.753952631, 0.753952632, -8.5208045e-007, -0.656928785, 2.73995548e-005, 0.999999999, 3.01492132e-005, 0.6569289, -4.6377482e-005, 0.75395253, 0.753952531, 3.20482571e-006, -0.656928901, 2.80504218e-005, 0.999999999, 3.70717626e-005, 0.125813232, -0.124975757, -0.125938647, 0, 0, 0, 0, 0, 0, 0, 0.166515967, -0.0688329102, -0.0995711914, 0, 0, 0, 0, 0, 0, 0, 1, 1, 1, 
59.0712089, 0.1, 0.1, 0.117607042, 0.187990206, -0.0199685188, 0.656928227, 2.26116227e-005, 0.753953118, 0.753953118, -1.47167515e-005, -0.656928227, -3.75847252e-006, 1, -2.67159529e-005, 0.656928328, 3.37833555e-005, 0.75395303, 0.753953031, -1.16003775e-005, -0.656928328, -1.34471035e-005, 0.999999999, -3.30916798e-005, 0.125813232, -0.124975757, -0.125938647, 0, 0, 0, 0, 0, 0, 0, 0.166515967, -0.0688329102, -0.0995711914, 0, 0, 0, 0, 0, 0, 0, 1, 1, 1, 
59.0719714, 0.1, 0.1, 0.117607047, 0.187990204, -0.0199686782, 0.656927929, -1.39207788e-005, 0.753953378, 0.753953378, 3.0093048e-005, -0.656927928, -1.35438068e-005, 0.999999999, 3.02645819e-005, 0.656927956, -3.51367653e-005, 0.753953353, 0.753953354, 1.81133711e-005, -0.656927956, 9.42568656e-006, 0.999999999, 3.83906619e-005, 0.126586206, -0.126594849, -0.125158936, 0, 0, 0, 0, 0, 0, 0, 0.166515967, -0.0688329102, -0.0995711914, 0, 0, 0, 0, 0, 0, 0, 1, 1, 1, 
59.0726778, 0.1, 0.1, 0.117607043, 0.187990204, -0.0199686523, 0.656928092, 1.02984571e-005, 0.753953236, 0.753953236, -2.99259832e-005, -0.656928092, 1.57974461e-005, 0.999999999, -2.74237741e-005, 0.65692803, 2.09394361e-005, 0.75395329, 0.75395329, -2.70429058e-005, -0.65692803, 6.63338527e-006, 0.999999999, -3.35525996e-005, 0.126586206, -0.126594849, -0.125158936, 0, 0, 0, 0, 0, 0, 0, 0.166845264, -0.070543457, -0.0988265137, 0, 0, 0, 0, 0, 0, 0, 1, 1, 1, 
59.0733814, 0.1, 0.1, 0.117607044, 0.187990199, -0.0199688102, 0.656928568, -1.95469259e-006, 0.753952821, 0.753952821, 3.49645324e-005, -0.656928568, -2.50775144e-005, 0.999999999, 2.44429462e-005, 0.65692846, -7.11648427e-006, 0.753952916, 0.753952915, 4.00255145e-005, -0.656928459, -2.55023323e-005, 0.999999999, 3.16593937e-005, 0.126586206, -0.126594849, -0.125158936, 0, 0, 0, 0, 0, 0, 0, 0.166845264, -0.070543457, -0.0988265137, 0, 0, 0, 0, 0, 0, 0, 1, 1, 1, 
59.0741199, 0.1, 0.1, 0.117607041, 0.187990202, -0.0199689443, 0.656929118, 1.8054894e-005, 0.753952342, 0.753952342, -2.48787218e-005, -0.656929117, 6.89658497e-006, 1, -2.99560864e-005, 0.656929012, 1.70683081e-005, 0.753952434, 0.753952434, -3.77599691e-005, -0.656929011, 1.72565539e-005, 0.999999999, -3.76743116e-005, 0.126586206, -0.126594849, -0.125158936, 0, 0, 0, 0, 0, 0, 0, 0.166845264, -0.070543457, -0.0988265137, 0, 0, 0, 0, 0, 0, 0, 1, 1, 1, 
59.0748334, 0.1, 0.1, 0.117607043, 0.187990197, -0.0199687849, 0.65692939, -3.03681281e-005, 0.753952104, 0.753952104, 6.03721273e-006, -0.656929391, 1.53979466e-005, 1, 2.68621365e-005, 0.656929367, -2.14489002e-005, 0.753952125, 0.753952125, 2.62563281e-005, -0.656929366, -5.70560193e-006, 0.999999999, 3.34199969e-005, 0.126586206, -0.126594849, -0.125158936, 0, 0, 0, 0, 0, 0, 0, 0.166845264, -0.070543457, -0.0988265137, 0, 0, 0, 0, 0, 0, 0, 1, 1, 1, 
59.0755403, 0.1, 0.1, 0.117607041, 0.187990199, -0.0199687745, 0.65692923, 2.85761772e-005, 0.753952244, 0.753952244, -7.32787233e-006, -0.65692923, -1.32476603e-005, 1, -2.63589665e-005, 0.656929292, 2.77697002e-005, 0.75395219, 0.75395219, -1.87449731e-005, -0.656929292, -4.10991593e-006, 0.999999999, -3.32511482e-005, 0.126586206, -0.126594849, -0.125158936, 0, 0, 0, 0, 0, 0, 0, 0.166845264, -0.070543457, -0.0988265137, 0, 0, 0, 0, 0, 0, 0, 1, 1, 1, 
59.076263, 0.1, 0.1, 0.117607045, 0.187990197, -0.0199688488, 0.656928741, -3.87521949e-005, 0.753952669, 0.75395267, -3.10920742e-006, -0.656928742, 2.78016259e-005, 0.999999999, 2.71747931e-005, 0.656928862, -4.48126468e-005, 0.753952564, 0.753952564, 1.50764646e-006, -0.656928863, 2.83020272e-005, 0.999999999, 3.47770264e-005, 0.126586206, -0.126594849, -0.125158936, 0, 0, 0, 0, 0, 0, 0, 0.166845264, -0.070543457, -0.0988265137, 0, 0, 0, 0, 0, 0, 0, 1, 1, 1, 
