time, trialNum, realDorsalTactorPos, realVentralTactorPos, boxPosX, boxPosY, boxPosZ, boxLocalRot_11, boxLocalRot_12, boxLocalRot_13, boxLocalRot_21, boxLocalRot_22, boxLocalRot_23, boxLocalRot_31, boxLocalRot_32, boxLocalRot_33, boxGlobalRot_11, boxGlobalRot_12, boxGlobalRot_13, boxGlobalRot_21, boxGlobalRot_22, boxGlobalRot_23, boxGlobalRot_31, boxGlobalRot_32, boxGlobalRot_33, indexForceX, indexForceY, indexForceZ, indexForceGlobalX, indexForceGlobalY, indexForceGlobalZ, indexContact, indexPosX, indexPosY, indexPosZ, indexRot_11, indexRot_12, indexRot_13, indexRot_21, indexRot_22, indexRot_23, indexRot_31, indexRot_32, indexRot_33, thumbForceX, thumbForceY, thumbForceZ, thumbForceGlobalX, thumbForceGlobalY, thumbForceGlobalZ, thumbContact, thumbPosX, thumbPosY, thumbPosZ, thumbRot_11, thumbRot_12, thumbRot_13, thumbRot_21, thumbRot_22, thumbRot_23, thumbRot_31, thumbRot_32, thumbRot_33, manipForceTooHigh, cceExpType, mapping, trialSuccess, 
256.421978, 12, 0.1, 0.1, -0.00125567002, 0.370720515, -0.0199728019, 0.999918666, 0.0127535806, 9.02249492e-005, 0.0127535781, -0.999918669, 2.86538037e-005, 9.05830497e-005, -2.75007823e-005, -0.999999996, 0.999918668, 0.0127534452, 8.64296528e-005, 0.0127534419, -0.999918671, 3.84514154e-005, 8.69130116e-005, -3.73460125e-005, -0.999999996, 0, 0, 0, 0, 0, 0, 0, 0.252920288, -0.127222681, -0.197733032, -0.028018756, 0.483492431, -0.874917158, -0.87109375, 0.417480469, 0.258666992, 0.490277629, 0.769409112, 0.409610376, 0, 0, -0, 0, 0, 0, 0, 0.296005957, -0.0996896484, -0.179950146, 0.124670272, -0.173337781, -0.976921159, 0.420043945, -0.88269043, 0.210205078, -0.898874961, -0.43652569, -0.037256687, 0, 1, 1, 1, 
256.434181, 12, 0.1, 0.1, -0.00125567252, 0.370720494, -0.0199658078, 0.999918791, 0.0127440695, -3.86208894e-006, 0.0127440694, -0.99991879, -3.52776537e-005, -4.31135617e-006, 3.52255701e-005, -0.999999999, 0.999918789, 0.0127442066, 4.08301403e-006, 0.0127442068, -0.999918788, -4.18401083e-005, 3.54946346e-006, 4.18887452e-005, -0.999999999, 0, 0, 0, 0, 0, 0, 0, 0.256753955, -0.130541016, -0.19600603, -0.0314219749, 0.4884488, -0.871938921, -0.872924805, 0.411499023, 0.261962891, 0.486738112, 0.769489244, 0.41358798, 0, 0, -0, 0, 0, 0, 0, 0.299058496, -0.102344971, -0.17782002, 0.126114698, -0.168028927, -0.977624416, 0.424926758, -0.881347656, 0.206298828, -0.896268292, -0.441491129, -0.0399081991, 0, 1, 1, 1, 
256.434981, 12, 0.1, 0.1, -0.00125567074, 0.370720499, -0.0199709695, 0.9999188, 0.0127433733, -6.61682264e-006, 0.0127433735, -0.999918799, 2.95234604e-005, -6.24005687e-006, -2.96053837e-005, -1, 0.999918798, 0.0127434832, 1.00502916e-005, 0.0127434828, -0.999918798, 3.57214163e-005, 1.05046908e-005, -3.559044e-005, -0.999999999, 0, 0, 0, 0, 0, 0, 0, 0.256753955, -0.130541016, -0.19600603, -0.0314219749, 0.4884488, -0.871938921, -0.872924805, 0.411499023, 0.261962891, 0.486738112, 0.769489244, 0.41358798, 0, 0, -0, 0, 0, 0, 0, 0.299058496, -0.102344971, -0.17782002, 0.126114698, -0.168028927, -0.977624416, 0.424926758, -0.881347656, 0.206298828, -0.896268292, -0.441491129, -0.0399081991, 0, 1, 1, 1, 
256.435783, 12, 0.1, 0.1, -0.00125567092, 0.370720496, -0.0199738016, 0.999918803, 0.0127431692, 1.69581948e-006, 0.0127431692, -0.999918802, -2.42458696e-005, 1.38671256e-006, 2.4265511e-005, -1, 0.999918802, 0.012743191, 7.78302456e-006, 0.0127431913, -0.999918802, -3.03504709e-005, 7.39563074e-006, 3.0447187e-005, -1, 0, 0, 0, 0, 0, 0, 0, 0.256753955, -0.130541016, -0.19600603, -0.0314219749, 0.4884488, -0.871938921, -0.872924805, 0.411499023, 0.261962891, 0.486738112, 0.769489244, 0.41358798, 0, 0, -0, 0, 0, 0, 0, 0.299058496, -0.102344971, -0.17782002, 0.126114698, -0.168028927, -0.977624416, 0.424926758, -0.881347656, 0.206298828, -0.896268292, -0.441491129, -0.0399081991, 0, 1, 1, 1, 
256.436595, 12, 0.1, 0.1, -0.00125567258, 0.370720501, -0.0199733601, 0.999918807, 0.0127428246, 5.2396461e-006, 0.0127428244, -0.999918807, 2.6256128e-005, 5.57379791e-006, -2.61872283e-005, -1, 0.999918806, 0.0127429268, 7.78733068e-007, 0.0127429268, -0.999918805, 3.35268269e-005, 1.20589974e-006, -3.35141814e-005, -0.999999999, 0, 0, 0, 0, 0, 0, 0, 0.256753955, -0.130541016, -0.19600603, -0.0314219749, 0.4884488, -0.871938921, -0.872924805, 0.411499023, 0.261962891, 0.486738112, 0.769489244, 0.41358798, 0, 0, -0, 0, 0, 0, 0, 0.299144287, -0.102631055, -0.178065967, 0.12384015, -0.165192214, -0.978371782, 0.427001953, -0.881103516, 0.202880859, -0.895648157, -0.442788634, -0.0386365806, 0, 1, 1, 1, 
256.43739, 12, 0.1, 0.1, -0.00125567438, 0.370720497, -0.0199702097, 0.999918814, 0.0127423025, 2.64433042e-006, 0.0127423026, -0.999918813, -2.64891697e-005, 2.30658272e-006, 2.6520714e-005, -1, 0.999918812, 0.0127423868, -1.30360879e-005, 0.0127423864, -0.999918812, -3.51473306e-005, -1.34828904e-005, 3.49783662e-005, -0.999999999, 0, 0, 0, 0, 0, 0, 0, 0.256753955, -0.130541016, -0.19600603, -0.0314219749, 0.4884488, -0.871938921, -0.872924805, 0.411499023, 0.261962891, 0.486738112, 0.769489244, 0.41358798, 0, 0, -0, 0, 0, 0, 0, 0.299144287, -0.102631055, -0.178065967, 0.12384015, -0.165192214, -0.978371782, 0.427001953, -0.881103516, 0.202880859, -0.895648157, -0.442788634, -0.0386365806, 0, 1, 1, 1, 
256.438188, 12, 0.1, 0.1, -0.00125567393, 0.370720504, -0.0199656571, 0.999918816, 0.0127421019, 6.30968154e-007, 0.0127421019, -0.999918816, 3.21669493e-005, 1.04079148e-006, -3.2156298e-005, -0.999999999, 0.999918816, 0.0127421317, -4.20405897e-006, 0.0127421319, -0.999918815, 4.21883374e-005, -3.66614831e-006, -4.22384811e-005, -0.999999999, 0, 0, 0, 0, 0, 0, 0, 0.256753955, -0.130541016, -0.19600603, -0.0314219749, 0.4884488, -0.871938921, -0.872924805, 0.411499023, 0.261962891, 0.486738112, 0.769489244, 0.41358798, 0, 0, -0, 0, 0, 0, 0, 0.299144287, -0.102631055, -0.178065967, 0.12384015, -0.165192214, -0.978371782, 0.427001953, -0.881103516, 0.202880859, -0.895648157, -0.442788634, -0.0386365806, 0, 1, 1, 1, 
256.439002, 12, 0.1, 0.1, -0.00125567196, 0.370720498, -0.0199610369, 0.999918816, 0.0127421199, 1.15940187e-005, 0.0127421204, -0.999918815, -3.92911081e-005, 1.10924254e-005, 3.94356507e-005, -0.999999999, 0.999918816, 0.01274209, 2.11630322e-005, 0.0127420911, -0.999918815, -5.0419887e-005, 2.05188594e-005, 5.0685455e-005, -0.999999999, 0, 0, 0, 0, 0, 0, 0, 0.256297437, -0.130745312, -0.19697063, -0.036022633, 0.493277489, -0.86910746, -0.872436523, 0.408569336, 0.268066406, 0.487343193, 0.767982903, 0.415858543, 0, 0, -0, 0, 0, 0, 0, 0.299144287, -0.102631055, -0.178065967, 0.12384015, -0.165192214, -0.978371782, 0.427001953, -0.881103516, 0.202880859, -0.895648157, -0.442788634, -0.0386365806, 0, 1, 1, 1, 
256.439799, 12, 0.1, 0.1, -0.00125567298, 0.370720505, -0.01995825, 0.999918819, 0.0127419052, 1.29480325e-005, 0.0127419046, -0.999918818, 4.26308946e-005, 1.34901802e-005, -4.24624512e-005, -0.999999999, 0.999918817, 0.0127420015, 7.27818057e-006, 0.0127420011, -0.999918816, 5.30801176e-005, 7.95393663e-006, -5.29830698e-005, -0.999999999, 0, 0, 0, 0, 0, 0, 0, 0.256297437, -0.130745312, -0.19697063, -0.036022633, 0.493277489, -0.86910746, -0.872436523, 0.408569336, 0.268066406, 0.487343193, 0.767982903, 0.415858543, 0, 0, -0, 0, 0, 0, 0, 0.299144287, -0.102631055, -0.178065967, 0.12384015, -0.165192214, -0.978371782, 0.427001953, -0.881103516, 0.202880859, -0.895648157, -0.442788634, -0.0386365806, 0, 1, 1, 1, 
256.440597, 12, 0.1, 0.1, -0.00125567573, 0.370720499, -0.0199580068, 0.999918825, 0.0127413839, -1.13685121e-007, 0.0127413839, -0.999918824, -4.13681139e-005, -6.40762915e-007, 4.13633074e-005, -0.999999999, 0.999918824, 0.0127414626, -2.0841715e-005, 0.0127414615, -0.999918823, -5.21832676e-005, -2.15049143e-005, 5.19134776e-005, -0.999999998, 0, 0, 0, 0, 0, 0, 0, 0.256297437, -0.130745312, -0.19697063, -0.036022633, 0.493277489, -0.86910746, -0.872436523, 0.408569336, 0.268066406, 0.487343193, 0.767982903, 0.415858543, 0, 0, -0, 0, 0, 0, 0, 0.299144287, -0.102631055, -0.178065967, 0.12384015, -0.165192214, -0.978371782, 0.427001953, -0.881103516, 0.202880859, -0.895648157, -0.442788634, -0.0386365806, 0, 1, 1, 1, 
256.441422, 12, 0.1, 0.1, -0.00125566598, 0.370720508, -0.0199598619, 0.999918824, 0.012741467, 1.29152962e-005, 0.0127414664, -0.999918823, 5.01936237e-005, 1.35537882e-005, -5.00249894e-005, -0.999999999, 0.999918824, 0.0127413947, 4.1125961e-005, 0.0127413923, -0.999918823, 5.92492847e-005, 4.1877541e-005, -5.87204731e-005, -0.999999997, 0, 0, 0, 0, 0, 0, 0, 0.257026465, -0.130814624, -0.197316284, -0.0391644993, 0.49631077, -0.867234548, -0.872802734, 0.405395508, 0.271484375, 0.48623412, 0.767626071, 0.417539374, 0, 0, -0, 0, 0, 0, 0, 0.29977959, -0.102960596, -0.178095752, 0.122996902, -0.162764548, -0.978882908, 0.429199219, -0.880615234, 0.200317383, -0.894632102, -0.444865587, -0.0384448167, 0, 1, 1, 1, 
256.442221, 12, 0.1, 0.1, -0.00125567626, 0.370720505, -0.0199632808, 0.999918814, 0.0127422436, -3.4193406e-005, 0.0127422425, -0.999918814, -3.26658329e-005, -3.46068659e-005, 3.22274802e-005, -0.999999999, 0.999918815, 0.0127420569, -5.4125055e-005, 0.0127420548, -0.999918816, -3.87407288e-005, -5.46142975e-005, 3.80479193e-005, -0.999999998, 0, 0, 0, 0, 0, 0, 0, 0.257026465, -0.130814624, -0.197316284, -0.0391644993, 0.49631077, -0.867234548, -0.872802734, 0.405395508, 0.271484375, 0.48623412, 0.767626071, 0.417539374, 0, 0, -0, 0, 0, 0, 0, 0.29977959, -0.102960596, -0.178095752, 0.122996902, -0.162764548, -0.978882908, 0.429199219, -0.880615234, 0.200317383, -0.894632102, -0.444865587, -0.0384448167, 0, 1, 1, 1, 
256.44302, 12, 0.1, 0.1, -0.00125566337, 0.37072051, -0.0199670821, 0.999918799, 0.0127431898, 8.46316438e-005, 0.012743187, -0.999918802, 3.42343293e-005, 8.50610264e-005, -3.31530726e-005, -0.999999996, 0.999918801, 0.0127430243, 8.4686503e-005, 0.0127430209, -0.999918804, 4.04015626e-005, 8.51944648e-005, -3.93191201e-005, -0.999999996, 0, 0, 0, 0, 0, 0, 0, 0.257026465, -0.130814624, -0.197316284, -0.0391644993, 0.49631077, -0.867234548, -0.872802734, 0.405395508, 0.271484375, 0.48623412, 0.767626071, 0.417539374, 0, 0, -0, 0, 0, 0, 0, 0.29977959, -0.102960596, -0.178095752, 0.122996902, -0.162764548, -0.978882908, 0.429199219, -0.880615234, 0.200317383, -0.894632102, -0.444865587, -0.0384448167, 0, 1, 1, 1, 
256.443856, 12, 0.1, 0.1, -0.00125566305, 0.370720508, -0.019969979, 0.999918794, 0.0127436049, -7.24417665e-005, 0.0127436034, -0.999918797, -1.99452964e-005, -7.26900589e-005, 1.90205076e-005, -0.999999997, 0.999918796, 0.0127436265, -3.51437418e-005, 0.0127436255, -0.999918796, -2.85673442e-005, -3.55049396e-005, 2.81171657e-005, -0.999999999, 0, 0, 0, 0, 0, 0, 0, 0.257026465, -0.130814624, -0.197316284, -0.0391644993, 0.49631077, -0.867234548, -0.872802734, 0.405395508, 0.271484375, 0.48623412, 0.767626071, 0.417539374, 0, 0, -0, 0, 0, 0, 0, 0.29977959, -0.102960596, -0.178095752, 0.122996902, -0.162764548, -0.978882908, 0.429199219, -0.880615234, 0.200317383, -0.894632102, -0.444865587, -0.0384448167, 0, 1, 1, 1, 
256.444785, 12, 0.1, 0.1, -0.00125568452, 0.370720509, -0.0199691423, 0.999918802, 0.0127431911, -3.60167994e-005, 0.0127431907, -0.999918802, -1.01045084e-005, -3.61426386e-005, 9.644719e-006, -0.999999999, 0.999918799, 0.0127432342, -6.91972232e-005, 0.0127432337, -0.999918802, -7.78913352e-006, -6.92908633e-005, 6.90670465e-006, -0.999999998, 0, 0, 0, 0, 0, 0, 0, 0.257026465, -0.130814624, -0.197316284, -0.0391644993, 0.49631077, -0.867234548, -0.872802734, 0.405395508, 0.271484375, 0.48623412, 0.767626071, 0.417539374, 0, 0, -0, 0, 0, 0, 0, 0.29977959, -0.102960596, -0.178095752, 0.122996902, -0.162764548, -0.978882908, 0.429199219, -0.880615234, 0.200317383, -0.894632102, -0.444865587, -0.0384448167, 0, 1, 1, 1, 
256.4456, 12, 0.1, 0.1, -0.00125567524, 0.370720512, -0.0199666145, 0.999918799, 0.0127433462, 4.29946131e-005, 0.0127433461, -0.9999188, 3.71957534e-006, 4.30385217e-005, -3.17137808e-006, -0.999999999, 0.999918799, 0.0127433176, 5.47267521e-005, 0.0127433164, -0.9999188, 2.12738211e-005, 5.49934074e-005, -2.05746933e-005, -0.999999998, 0, 0, 0, 0, 0, 0, 0, 0.257026465, -0.130814624, -0.197316284, -0.0411830667, 0.499204389, -0.865424915, -0.873413086, 0.402709961, 0.273803711, 0.485194319, 0.767167766, 0.419601003, 0, 0, -0, 0, 0, 0, 0, 0.29977959, -0.102960596, -0.178095752, 0.122996902, -0.162764548, -0.978882908, 0.429199219, -0.880615234, 0.200317383, -0.894632102, -0.444865587, -0.0384448167, 0, 1, 1, 1, 
256.446423, 12, 0.1, 0.1, -0.0012556806, 0.370720507, -0.0199632871, 0.999918803, 0.012743091, -3.67021742e-005, 0.012743091, -0.999918804, 1.40937985e-006, -3.66812343e-005, -1.87696455e-006, -0.999999999, 0.999918801, 0.0127431892, -4.52186715e-005, 0.0127431881, -0.999918802, -2.46994801e-005, -4.55297499e-005, 2.41212445e-005, -0.999999999, 0, 0, 0, 0, 0, 0, 0, 0.257589868, -0.131114624, -0.197664014, -0.0411830667, 0.499204389, -0.865424915, -0.873413086, 0.402709961, 0.273803711, 0.485194319, 0.767167766, 0.419601003, 0, 0, -0, 0, 0, 0, 0, 0.300458105, -0.102808984, -0.178145801, 0.122747903, -0.159678836, -0.979426117, 0.432006836, -0.879882812, 0.197631836, -0.893430846, -0.447364348, -0.0391156238, 0, 1, 1, 1, 
256.44722, 12, 0.1, 0.1, -0.00125567483, 0.370720509, -0.0199609037, 0.999918814, 0.0127422062, 3.26813824e-005, 0.0127422059, -0.999918815, 7.61251569e-006, 3.27757294e-005, -7.19546476e-006, -0.999999999, 0.999918811, 0.0127423922, 4.37512636e-005, 0.0127423924, -0.999918812, -4.33753002e-006, 4.3692441e-005, 4.89467363e-006, -0.999999999, 0, 0, 0, 0, 0, 0, 0, 0.257589868, -0.131114624, -0.197664014, -0.0411830667, 0.499204389, -0.865424915, -0.873413086, 0.402709961, 0.273803711, 0.485194319, 0.767167766, 0.419601003, 0, 0, -0, 0, 0, 0, 0, 0.300458105, -0.102808984, -0.178145801, 0.122747903, -0.159678836, -0.979426117, 0.432006836, -0.879882812, 0.197631836, -0.893430846, -0.447364348, -0.0391156238, 0, 1, 1, 1, 
256.448018, 12, 0.1, 0.1, -0.0012556828, 0.370720509, -0.0199601573, 0.999918823, 0.0127414394, -4.80324632e-005, 0.0127414406, -0.999918824, 2.28775928e-005, -4.77370706e-005, -2.34877385e-005, -0.999999999, 0.999918821, 0.0127416115, -5.76829154e-005, 0.0127416114, -0.999918822, -1.84533174e-006, -5.77017454e-005, 1.11020865e-006, -0.999999998, 0, 0, 0, 0, 0, 0, 0, 0.257589868, -0.131114624, -0.197664014, -0.0411830667, 0.499204389, -0.865424915, -0.873413086, 0.402709961, 0.273803711, 0.485194319, 0.767167766, 0.419601003, 0, 0, -0, 0, 0, 0, 0, 0.300458105, -0.102808984, -0.178145801, 0.122747903, -0.159678836, -0.979426117, 0.432006836, -0.879882812, 0.197631836, -0.893430846, -0.447364348, -0.0391156238, 0, 1, 1, 1, 
256.448827, 12, 0.1, 0.1, -0.00125567781, 0.37072051, -0.0199611465, 0.999918842, 0.0127400363, 3.36991908e-005, 0.0127400378, -0.999918842, -4.28910999e-005, 3.31500217e-005, 4.33169479e-005, -0.999999999, 0.999918837, 0.0127403752, 4.22616764e-005, 0.0127403763, -0.999918838, -2.5669507e-005, 4.19312072e-005, 2.62058533e-005, -0.999999999, 0, 0, 0, 0, 0, 0, 0, 0.257589868, -0.131114624, -0.197664014, -0.0411830667, 0.499204389, -0.865424915, -0.873413086, 0.402709961, 0.273803711, 0.485194319, 0.767167766, 0.419601003, 0, 0, -0, 0, 0, 0, 0, 0.301032129, -0.102609277, -0.178640137, 0.120895162, -0.155851954, -0.980352487, 0.435180664, -0.879272461, 0.193481445, -0.892152664, -0.449907952, -0.038476533, 0, 1, 1, 1, 
256.449622, 12, 0.1, 0.1, -0.00125568354, 0.37072051, -0.0199632973, 0.999918868, 0.0127379915, -3.59635578e-005, 0.0127379935, -0.999918867, 5.44748705e-005, -3.52667396e-005, -5.49285544e-005, -0.999999998, 0.999918861, 0.0127384645, -4.56826768e-005, 0.0127384659, -0.999918862, 3.09603054e-005, -4.52845835e-005, -3.15397206e-005, -0.999999998, 0, 0, 0, 0, 0, 0, 0, 0.257589868, -0.131114624, -0.197664014, -0.0411830667, 0.499204389, -0.865424915, -0.873413086, 0.402709961, 0.273803711, 0.485194319, 0.767167766, 0.419601003, 0, 0, -0, 0, 0, 0, 0, 0.301032129, -0.102609277, -0.178640137, 0.120895162, -0.155851954, -0.980352487, 0.435180664, -0.879272461, 0.193481445, -0.892152664, -0.449907952, -0.038476533, 0, 1, 1, 1, 
256.450414, 12, 0.1, 0.1, -0.0012556778, 0.370720517, -0.0199659728, 0.999918902, 0.0127353202, 3.63203675e-005, 0.0127353214, -0.999918902, -3.25082483e-005, 3.59034191e-005, 3.29681635e-005, -0.999999999, 0.999918894, 0.0127358967, 4.3895315e-005, 0.0127358964, -0.999918895, 7.81003749e-006, 4.39912227e-005, -7.25035787e-006, -0.999999999, 0, 0, 0, 0, 0, 0, 0, 0.257589868, -0.131114624, -0.197664014, -0.0411830667, 0.499204389, -0.865424915, -0.873413086, 0.402709961, 0.273803711, 0.485194319, 0.767167766, 0.419601003, 0, 0, -0, 0, 0, 0, 0, 0.301032129, -0.102609277, -0.178640137, 0.120895162, -0.155851954, -0.980352487, 0.435180664, -0.879272461, 0.193481445, -0.892152664, -0.449907952, -0.038476533, 0, 1, 1, 1, 
256.451225, 12, 0.1, 0.1, -0.00125568256, 0.370720503, -0.0199681934, 0.999918944, 0.0127319816, -3.53531574e-005, 0.0127319804, -0.999918944, -3.47977418e-005, -3.5793336e-005, 3.43448055e-005, -0.999999999, 0.999918936, 0.0127326498, -4.02703404e-005, 0.0127326474, -0.999918935, -6.02697889e-005, -4.103447e-005, 5.97521552e-005, -0.999999997, 0, 0, 0, 0, 0, 0, 0, 0.258152539, -0.131164893, -0.197995508, -0.0432458175, 0.502643556, -0.863316859, -0.873535156, 0.400268555, 0.276855469, 0.484655883, 0.76625228, 0.421986142, 0, 0, -0, 0, 0, 0, 0, 0.301032129, -0.102609277, -0.178640137, 0.120895162, -0.155851954, -0.980352487, 0.435180664, -0.879272461, 0.193481445, -0.892152664, -0.449907952, -0.038476533, 0, 1, 1, 1, 
256.452018, 12, 0.1, 0.1, -0.00125567931, 0.370720509, -0.0199692004, 0.999918989, 0.0127285428, 2.20897079e-005, 0.0127285423, -0.999918989, 2.04445987e-005, 2.23481483e-005, -2.01617727e-005, -1, 0.99991898, 0.0127292081, 2.85710731e-005, 0.0127292071, -0.99991898, 3.35240361e-005, 2.89954926e-005, -3.31576329e-005, -0.999999999, 0, 0, 0, 0, 0, 0, 0, 0.258152539, -0.131164893, -0.197995508, -0.0432458175, 0.502643556, -0.863316859, -0.873535156, 0.400268555, 0.276855469, 0.484655883, 0.76625228, 0.421986142, 0, 0, -0, 0, 0, 0, 0, 0.301032129, -0.102609277, -0.178640137, 0.120895162, -0.155851954, -0.980352487, 0.435180664, -0.879272461, 0.193481445, -0.892152664, -0.449907952, -0.038476533, 0, 1, 1, 1, 
256.452817, 12, 0.1, 0.1, -0.00125568505, 0.370720508, -0.0199688327, 0.999919032, 0.0127251215, -3.24701338e-005, 0.012725122, -0.999919032, 1.50790219e-005, -3.22756223e-005, -1.54909874e-005, -0.999999999, 0.999919023, 0.0127258057, -4.1587794e-005, 0.0127258055, -0.999919024, -5.71119014e-006, -4.16571059e-005, 5.18148949e-006, -0.999999999, 0, 0, 0, 0, 0, 0, 0, 0.258152539, -0.131164893, -0.197995508, -0.0432458175, 0.502643556, -0.863316859, -0.873535156, 0.400268555, 0.276855469, 0.484655883, 0.76625228, 0.421986142, 0, 0, -0, 0, 0, 0, 0, 0.301032129, -0.102609277, -0.178640137, 0.120895162, -0.155851954, -0.980352487, 0.435180664, -0.879272461, 0.193481445, -0.892152664, -0.449907952, -0.038476533, 0, 1, 1, 1, 
256.45364, 12, 0.1, 0.1, -0.00125567892, 0.370720508, -0.0199670636, 0.999919079, 0.0127213763, 3.54149117e-005, 0.0127213775, -0.999919079, -3.59147366e-005, 3.4955161e-005, 3.63623568e-005, -0.999999999, 0.99991907, 0.0127221233, 4.32616302e-005, 0.0127221243, -0.99991907, -2.30532316e-005, 4.2964843e-005, 2.36017457e-005, -0.999999999, 0, 0, 0, 0, 0, 0, 0, 0.258699097, -0.130962134, -0.198311499, -0.0455377204, 0.506641377, -0.860954563, -0.874511719, 0.396240234, 0.279418945, 0.482670638, 0.765742679, 0.425196157, 0, 0, -0, 0, 0, 0, 0, 0.301391211, -0.102426172, -0.179127881, 0.119163824, -0.152267875, -0.981144696, 0.438232422, -0.878540039, 0.189575195, -0.890861722, -0.452477075, -0.0379460839, 0, 1, 1, 1, 
256.454437, 12, 0.1, 0.1, -0.00125568271, 0.370720508, -0.0199646704, 0.999919128, 0.0127175792, -2.47302424e-005, 0.0127175795, -0.999919128, 1.43402956e-005, -2.45458686e-005, -1.46536447e-005, -1, 0.999919118, 0.0127183347, -3.49091727e-005, 0.0127183352, -0.999919119, 1.48061564e-005, -3.47180396e-005, -1.52489454e-005, -0.999999999, 0, 0, 0, 0, 0, 0, 0, 0.258699097, -0.130962134, -0.198311499, -0.0455377204, 0.506641377, -0.860954563, -0.874511719, 0.396240234, 0.279418945, 0.482670638, 0.765742679, 0.425196157, 0, 0, -0, 0, 0, 0, 0, 0.301391211, -0.102426172, -0.179127881, 0.119163824, -0.152267875, -0.981144696, 0.438232422, -0.878540039, 0.189575195, -0.890861722, -0.452477075, -0.0379460839, 0, 1, 1, 1, 
256.455231, 12, 0.1, 0.1, -0.00125567395, 0.370720503, -0.0199626687, 0.999919172, 0.0127140482, 4.70120106e-005, 0.0127140491, -0.999919173, -1.94630699e-005, 4.67607564e-005, 2.00592097e-005, -0.999999999, 0.999919163, 0.0127147043, 5.75283648e-005, 0.0127147062, -0.999919164, -3.36424437e-005, 5.70959608e-005, 3.43711804e-005, -0.999999998, 0, 0, 0, 0, 0, 0, 0, 0.258699097, -0.130962134, -0.198311499, -0.0455377204, 0.506641377, -0.860954563, -0.874511719, 0.396240234, 0.279418945, 0.482670638, 0.765742679, 0.425196157, 0, 0, -0, 0, 0, 0, 0, 0.301391211, -0.102426172, -0.179127881, 0.119163824, -0.152267875, -0.981144696, 0.438232422, -0.878540039, 0.189575195, -0.890861722, -0.452477075, -0.0379460839, 0, 1, 1, 1, 
256.456028, 12, 0.1, 0.1, -0.00125567869, 0.370720505, -0.0199616747, 0.999919207, 0.0127113644, -3.50701834e-005, 0.0127113635, -0.999919207, -2.48551988e-005, -3.53832935e-005, 2.44074008e-005, -0.999999999, 0.999919201, 0.0127118148, -4.36168956e-005, 0.0127118149, -0.999919202, 2.34730292e-006, -4.3583533e-005, -2.90156316e-006, -0.999999999, 0, 0, 0, 0, 0, 0, 0, 0.258699097, -0.130962134, -0.198311499, -0.0455377204, 0.506641377, -0.860954563, -0.874511719, 0.396240234, 0.279418945, 0.482670638, 0.765742679, 0.425196157, 0, 0, -0, 0, 0, 0, 0, 0.301391211, -0.102426172, -0.179127881, 0.119163824, -0.152267875, -0.981144696, 0.438232422, -0.878540039, 0.189575195, -0.890861722, -0.452477075, -0.0379460839, 0, 1, 1, 1, 
256.456826, 12, 0.1, 0.1, -0.00125567267, 0.370720503, -0.0199619628, 0.999919227, 0.0127098087, 3.38366728e-005, 0.0127098078, -0.999919227, 2.4753236e-005, 3.41485486e-005, -2.4321179e-005, -0.999999999, 0.999919223, 0.0127100324, 4.43457324e-005, 0.0127100319, -0.999919224, 1.07313542e-005, 4.44785462e-005, -1.01668516e-005, -0.999999999, 0, 0, 0, 0, 0, 0, 0, 0.258699097, -0.130962134, -0.198311499, -0.0455377204, 0.506641377, -0.860954563, -0.874511719, 0.396240234, 0.279418945, 0.482670638, 0.765742679, 0.425196157, 0, 0, -0, 0, 0, 0, 0, 0.301391211, -0.102426172, -0.179127881, 0.119163824, -0.152267875, -0.981144696, 0.438232422, -0.878540039, 0.189575195, -0.890861722, -0.452477075, -0.0379460839, 0, 1, 1, 1, 
256.457619, 12, 0.1, 0.1, -0.00125567956, 0.370720502, -0.0199633635, 0.999919234, 0.0127091672, -4.29166264e-005, 0.0127091661, -0.999919235, -2.5527375e-005, -4.3237592e-005, 2.49798788e-005, -0.999999999, 0.999919233, 0.0127092527, -5.143265e-005, 0.0127092513, -0.999919234, -2.68636391e-005, -5.17699128e-005, 2.62077989e-005, -0.999999998, 0, 0, 0, 0, 0, 0, 0, 0.258699097, -0.130962134, -0.198311499, -0.0455377204, 0.506641377, -0.860954563, -0.874511719, 0.396240234, 0.279418945, 0.482670638, 0.765742679, 0.425196157, 0, 0, -0, 0, 0, 0, 0, 0.301391211, -0.102426172, -0.179127881, 0.119163824, -0.152267875, -0.981144696, 0.438232422, -0.878540039, 0.189575195, -0.890861722, -0.452477075, -0.0379460839, 0, 1, 1, 1, 
256.458446, 12, 0.1, 0.1, -0.00125567414, 0.370720506, -0.0199650835, 0.999919239, 0.0127087951, 3.5492846e-005, 0.0127087945, -0.99991924, 1.62805895e-005, 3.56968863e-005, -1.58282034e-005, -0.999999999, 0.999919238, 0.0127088736, 4.28139758e-005, 0.0127088724, -0.999919239, 2.90315348e-005, 4.31794762e-005, -2.84850728e-005, -0.999999999, 0, 0, 0, 0, 0, 0, 0, 0.258814673, -0.130564575, -0.198410962, -0.0475753838, 0.51009964, -0.858687748, -0.875, 0.393188477, 0.282104492, 0.481510269, 0.76494776, 0.427803335, 0, 0, -0, 0, 0, 0, 0, 0.301252295, -0.102264551, -0.179598779, 0.116716835, -0.14907352, -0.981879302, 0.441162109, -0.877929687, 0.185791016, -0.889768741, -0.454841674, -0.0367958671, 0, 1, 1, 1, 
256.459244, 12, 0.1, 0.1, -0.00125567883, 0.370720505, -0.0199665064, 0.999919248, 0.0127080978, -3.18409182e-005, 0.0127080984, -0.999919249, 1.87292016e-005, -3.16003345e-005, -1.91323267e-005, -0.999999999, 0.999919246, 0.0127082747, -3.97028144e-005, 0.0127082745, -0.999919247, -5.50891514e-006, -3.9769617e-005, 5.003916e-006, -0.999999999, 0, 0, 0, 0, 0, 0, 0, 0.258814673, -0.130564575, -0.198410962, -0.0475753838, 0.51009964, -0.858687748, -0.875, 0.393188477, 0.282104492, 0.481510269, 0.76494776, 0.427803335, 0, 0, -0, 0, 0, 0, 0, 0.301252295, -0.102264551, -0.179598779, 0.116716835, -0.14907352, -0.981879302, 0.441162109, -0.877929687, 0.185791016, -0.889768741, -0.454841674, -0.0367958671, 0, 1, 1, 1, 
256.460255, 12, 0.1, 0.1, -0.00125567128, 0.370720505, -0.0199661216, 0.999919271, 0.012706351, 2.92734507e-005, 0.0127063522, -0.99991927, -4.01737749e-005, 2.87606253e-005, 4.05424905e-005, -0.999999999, 0.999919263, 0.0127069085, 4.36841092e-005, 0.0127069094, -0.999919264, -2.17846548e-005, 4.34037667e-005, 2.23379859e-005, -0.999999999, 0, 0, 0, 0, 0, 0, 0, 0.258814673, -0.130564575, -0.198410962, -0.0475753838, 0.51009964, -0.858687748, -0.875, 0.393188477, 0.282104492, 0.481510269, 0.76494776, 0.427803335, 0, 0, -0, 0, 0, 0, 0, 0.301252295, -0.102264551, -0.179598779, 0.116716835, -0.14907352, -0.981879302, 0.441162109, -0.877929687, 0.185791016, -0.889768741, -0.454841674, -0.0367958671, 0, 1, 1, 1, 
256.461298, 12, 0.1, 0.1, -0.00125567167, 0.370720508, -0.0199591161, 0.999919304, 0.0127037214, 2.02764934e-005, 0.0127037206, -0.999919304, 3.80245151e-005, 2.07579101e-005, -3.77638598e-005, -0.999999999, 0.999919299, 0.0127041518, 1.3641913e-005, 0.0127041512, -0.999919298, 4.05168235e-005, 1.41555439e-005, -4.03402448e-005, -0.999999999, 0, 0, 0, 0, 0, 0, 0, 0.258814673, -0.130564575, -0.198410962, -0.0475753838, 0.51009964, -0.858687748, -0.875, 0.393188477, 0.282104492, 0.481510269, 0.76494776, 0.427803335, 0, 0, -0, 0, 0, 0, 0, 0.301252295, -0.102264551, -0.179598779, 0.116716835, -0.14907352, -0.981879302, 0.441162109, -0.877929687, 0.185791016, -0.889768741, -0.454841674, -0.0367958671, 0, 1, 1, 1, 
256.462098, 12, 0.1, 0.1, -0.00125567194, 0.370720505, -0.0199557119, 0.99991933, 0.0127016691, 1.46774203e-005, 0.0127016692, -0.99991933, -1.1057078e-005, 1.4535793e-005, 1.12426138e-005, -1, 0.999919326, 0.0127020414, -8.6873951e-006, 0.0127020411, -0.999919325, -2.85446926e-005, -9.04927011e-006, 2.84320421e-005, -1, 0, 0, 0, 0, 0, 0, 0, 0.258814673, -0.130564575, -0.198410962, -0.0475753838, 0.51009964, -0.858687748, -0.875, 0.393188477, 0.282104492, 0.481510269, 0.76494776, 0.427803335, 0, 0, -0, 0, 0, 0, 0, 0.301252295, -0.102264551, -0.179598779, 0.116716835, -0.14907352, -0.981879302, 0.441162109, -0.877929687, 0.185791016, -0.889768741, -0.454841674, -0.0367958671, 0, 1, 1, 1, 
256.462912, 12, 0.1, 0.1, -0.00125567244, 0.37072051, -0.0199556152, 0.999919347, 0.0127003962, -1.17496233e-005, 0.0127003959, -0.999919346, -2.25375163e-005, -1.20349111e-005, 2.23864737e-005, -1, 0.999919344, 0.0127005751, -2.10595126e-005, 0.0127005753, -0.999919344, 1.10430241e-005, -2.09175612e-005, -1.13096013e-005, -1, 0, 0, 0, 0, 0, 0, 0, 0.259630127, -0.130503052, -0.197479541, -0.048846581, 0.511210956, -0.858039605, -0.877197266, 0.388671875, 0.281616211, 0.477385889, 0.766502032, 0.429554559, 0, 0, -0, 0, 0, 0, 0, 0.301252295, -0.102264551, -0.179598779, 0.116716835, -0.14907352, -0.981879302, 0.441162109, -0.877929687, 0.185791016, -0.889768741, -0.454841674, -0.0367958671, 0, 1, 1, 1, 
256.463723, 12, 0.1, 0.1, -0.00125567096, 0.370720507, -0.0199583859, 0.999919353, 0.0126998679, -1.55864958e-005, 0.0126998683, -0.999919353, 2.38291374e-005, -1.52826119e-005, -2.40251621e-005, -1, 0.999919352, 0.0126999619, -8.54732871e-006, 0.012699962, -0.999919352, 8.27336287e-006, -8.44156799e-006, -8.38124639e-006, -1, 0, 0, 0, 0, 0, 0, 0, 0.259630127, -0.130503052, -0.197479541, -0.048846581, 0.511210956, -0.858039605, -0.877197266, 0.388671875, 0.281616211, 0.477385889, 0.766502032, 0.429554559, 0, 0, -0, 0, 0, 0, 0, 0.301770801, -0.102217676, -0.178954199, 0.117279367, -0.147406347, -0.982058306, 0.444213867, -0.876586914, 0.184692383, -0.888113962, -0.457857758, -0.0374283947, 0, 1, 1, 1, 
256.464515, 12, 0.1, 0.1, -0.00125566949, 0.370720505, -0.0199632073, 0.999919362, 0.0126991953, -7.91217198e-006, 0.012699195, -0.999919362, -2.88106541e-005, -8.27740607e-006, 2.87078526e-005, -1, 0.99991936, 0.0126993681, 1.2039521e-005, 0.0126993685, -0.999919359, -2.99524917e-005, 1.16581724e-005, 3.01029706e-005, -0.999999999, 0, 0, 0, 0, 0, 0, 0, 0.259630127, -0.130503052, -0.197479541, -0.048846581, 0.511210956, -0.858039605, -0.877197266, 0.388671875, 0.281616211, 0.477385889, 0.766502032, 0.429554559, 0, 0, -0, 0, 0, 0, 0, 0.301770801, -0.102217676, -0.178954199, 0.117279367, -0.147406347, -0.982058306, 0.444213867, -0.876586914, 0.184692383, -0.888113962, -0.457857758, -0.0374283947, 0, 1, 1, 1, 
256.46542, 12, 0.1, 0.1, -0.00125566847, 0.370720509, -0.0199683197, 0.999919378, 0.0126979037, 9.1438541e-006, 0.0126979036, -0.999919378, 1.07549077e-005, 9.27968169e-006, -1.06379328e-005, -1, 0.999919374, 0.0126982068, 1.63157929e-005, 0.0126982064, -0.999919374, 2.52341003e-005, 1.66349053e-005, -2.50248845e-005, -1, 0, 0, 0, 0, 0, 0, 0, 0.259767432, -0.130675513, -0.196769897, -0.0504401668, 0.512169504, -0.857303096, -0.877929687, 0.386352539, 0.282470703, 0.475908001, 0.767091765, 0.430303051, 0, 0, -0, 0, 0, 0, 0, 0.301770801, -0.102217676, -0.178954199, 0.116800324, -0.145962655, -0.982326629, 0.446411133, -0.875732422, 0.183227539, -0.887059627, -0.459915388, -0.0372111112, 0, 1, 1, 1, 
256.466247, 12, 0.1, 0.1, -0.00125566908, 0.370720507, -0.0199702843, 0.999919393, 0.012696769, 1.07158516e-005, 0.0126967688, -0.999919393, 1.16145307e-005, 1.08624548e-005, -1.14775378e-005, -1, 0.999919391, 0.0126969444, 6.62885164e-006, 0.0126969445, -0.99991939, -1.09513455e-005, 6.48926867e-006, 1.10346289e-005, -1, 0, 0, 0, 0, 0, 0, 0, 0.259767432, -0.130675513, -0.196769897, -0.0504401668, 0.512169504, -0.857303096, -0.877929687, 0.386352539, 0.282470703, 0.475908001, 0.767091765, 0.430303051, 0, 0, -0, 0, 0, 0, 0, 0.301984521, -0.102388672, -0.178520898, 0.116800324, -0.145962655, -0.982326629, 0.446411133, -0.875732422, 0.183227539, -0.887059627, -0.459915388, -0.0372111112, 0, 1, 1, 1, 
256.467042, 12, 0.1, 0.1, -0.00125567011, 0.370720509, -0.0199702407, 0.9999194, 0.0126962323, 6.47216952e-006, 0.0126962325, -0.999919399, -2.00376501e-005, 6.2172452e-006, 2.01182072e-005, -1, 0.999919399, 0.0126962893, -9.68249584e-006, 0.0126962892, -0.999919399, -1.08965983e-005, -9.82006179e-006, 1.07727882e-005, -1, 0, 0, 0, 0, 0, 0, 0, 0.259767432, -0.130675513, -0.196769897, -0.0504401668, 0.512169504, -0.857303096, -0.877929687, 0.386352539, 0.282470703, 0.475908001, 0.767091765, 0.430303051, 0, 0, -0, 0, 0, 0, 0, 0.301984521, -0.102388672, -0.178520898, 0.116800324, -0.145962655, -0.982326629, 0.446411133, -0.875732422, 0.183227539, -0.887059627, -0.459915388, -0.0372111112, 0, 1, 1, 1, 
256.467838, 12, 0.1, 0.1, -0.00125567085, 0.370720511, -0.0199685873, 0.999919402, 0.0126960388, -9.98741476e-006, 0.012696039, -0.999919402, 2.66152224e-005, -9.6487019e-006, -2.67398779e-005, -1, 0.999919401, 0.0126960791, -1.61172532e-005, 0.0126960795, -0.999919401, 2.79777454e-005, -1.57607465e-005, -2.81801163e-005, -0.999999999, 0, 0, 0, 0, 0, 0, 0, 0.259767432, -0.130675513, -0.196769897, -0.0504401668, 0.512169504, -0.857303096, -0.877929687, 0.386352539, 0.282470703, 0.475908001, 0.767091765, 0.430303051, 0, 0, -0, 0, 0, 0, 0, 0.301984521, -0.102388672, -0.178520898, 0.116800324, -0.145962655, -0.982326629, 0.446411133, -0.875732422, 0.183227539, -0.887059627, -0.459915388, -0.0372111112, 0, 1, 1, 1, 
256.468632, 12, 0.1, 0.1, -0.00125567104, 0.37072051, -0.0199659509, 0.999919408, 0.0126955897, -1.92379533e-005, 0.0126955896, -0.999919408, -7.61559073e-006, -1.93330873e-005, 7.37073981e-006, -1, 0.999919406, 0.0126957186, -1.3350193e-005, 0.0126957183, -0.999919406, -2.10954348e-005, -1.36169388e-005, 2.09242443e-005, -1, 0, 0, 0, 0, 0, 0, 0, 0.259767432, -0.130675513, -0.196769897, -0.0504401668, 0.512169504, -0.857303096, -0.877929687, 0.386352539, 0.282470703, 0.475908001, 0.767091765, 0.430303051, 0, 0, -0, 0, 0, 0, 0, 0.301984521, -0.102388672, -0.178520898, 0.116800324, -0.145962655, -0.982326629, 0.446411133, -0.875732422, 0.183227539, -0.887059627, -0.459915388, -0.0372111112, 0, 1, 1, 1, 
256.469427, 12, 0.1, 0.1, -0.00125567091, 0.370720513, -0.0199632733, 0.999919419, 0.0126947123, -1.33748843e-005, 0.0126947121, -0.999919419, -1.73210613e-005, -1.35936924e-005, 1.71498752e-005, -1, 0.999919416, 0.0126949018, 5.87577989e-006, 0.0126949017, -0.999919416, 1.1149886e-005, 6.01685311e-006, -1.10743951e-005, -1, 0, 0, 0, 0, 0, 0, 0, 0.259767432, -0.130675513, -0.196769897, -0.0504401668, 0.512169504, -0.857303096, -0.877929687, 0.386352539, 0.282470703, 0.475908001, 0.767091765, 0.430303051, 0, 0, -0, 0, 0, 0, 0, 0.301984521, -0.102388672, -0.178520898, 0.116800324, -0.145962655, -0.982326629, 0.446411133, -0.875732422, 0.183227539, -0.887059627, -0.459915388, -0.0372111112, 0, 1, 1, 1, 
256.470254, 12, 0.1, 0.1, -0.00125567072, 0.370720512, -0.0199612249, 0.999919428, 0.0126939975, 5.81351253e-006, 0.0126939973, -0.999919428, 2.82419211e-005, 6.17154699e-006, -2.81658489e-005, -1, 0.999919427, 0.0126940873, 1.50578353e-005, 0.0126940871, -0.999919427, 1.41393854e-005, 1.52361086e-005, -1.39471007e-005, -1, 0, 0, 0, 0, 0, 0, 0, 0.259663794, -0.131086108, -0.196296313, -0.0524205422, 0.512848725, -0.856782635, -0.878295898, 0.384521484, 0.283935547, 0.475109334, 0.767478555, 0.430467801, 0, 0, -0, 0, 0, 0, 0, 0.301984521, -0.102388672, -0.178520898, 0.116142277, -0.144876603, -0.982607711, 0.447631836, -0.875366211, 0.182006836, -0.886637819, -0.460905924, -0.036872426, 0, 1, 1, 1, 
256.47105, 12, 0.1, 0.1, -0.00125567192, 0.370720511, -0.0199604891, 0.999919428, 0.0126939736, 1.42529932e-005, 0.012693974, -0.999919428, -3.03546211e-005, 1.38665241e-005, 3.05331025e-005, -0.999999999, 0.999919429, 0.0126939325, 7.50494395e-006, 0.0126939327, -0.999919428, -3.21436156e-005, 7.09631038e-006, 3.2236293e-005, -0.999999999, 0, 0, 0, 0, 0, 0, 0, 0.259663794, -0.131086108, -0.196296313, -0.0524205422, 0.512848725, -0.856782635, -0.878295898, 0.384521484, 0.283935547, 0.475109334, 0.767478555, 0.430467801, 0, 0, -0, 0, 0, 0, 0, 0.301949854, -0.102784131, -0.178085889, 0.116142277, -0.144876603, -0.982607711, 0.447631836, -0.875366211, 0.182006836, -0.886637819, -0.460905924, -0.036872426, 0, 1, 1, 1, 
256.471848, 12, 0.1, 0.1, -0.00125567336, 0.370720515, -0.0199613757, 0.999919425, 0.0126942053, 7.02949788e-006, 0.0126942052, -0.999919425, 1.40332468e-005, 7.2070724e-006, -1.39428822e-005, -1, 0.999919426, 0.0126941724, -1.36248769e-005, 0.0126941728, -0.999919425, 2.87700137e-005, -1.32585676e-005, -2.89406521e-005, -0.999999999, 0, 0, 0, 0, 0, 0, 0, 0.259663794, -0.131086108, -0.196296313, -0.0524205422, 0.512848725, -0.856782635, -0.878295898, 0.384521484, 0.283935547, 0.475109334, 0.767478555, 0.430467801, 0, 0, -0, 0, 0, 0, 0, 0.301949854, -0.102784131, -0.178085889, 0.116142277, -0.144876603, -0.982607711, 0.447631836, -0.875366211, 0.182006836, -0.886637819, -0.460905924, -0.036872426, 0, 1, 1, 1, 
256.472642, 12, 0.1, 0.1, -0.00125567426, 0.370720512, -0.0199634836, 0.999919428, 0.0126939587, -1.21046446e-005, 0.0126939589, -0.999919428, 1.5286358e-005, -1.19096249e-005, -1.54387822e-005, -1, 0.999919427, 0.0126940496, -1.9407613e-005, 0.0126940493, -0.999919427, -1.15695975e-005, -1.95529143e-005, 1.13223041e-005, -1, 0, 0, 0, 0, 0, 0, 0, 0.259663794, -0.131086108, -0.196296313, -0.0524205422, 0.512848725, -0.856782635, -0.878295898, 0.384521484, 0.283935547, 0.475109334, 0.767478555, 0.430467801, 0, 0, -0, 0, 0, 0, 0, 0.301949854, -0.102784131, -0.178085889, 0.116142277, -0.144876603, -0.982607711, 0.447631836, -0.875366211, 0.182006836, -0.886637819, -0.460905924, -0.036872426, 0, 1, 1, 1, 
256.47344, 12, 0.1, 0.1, -0.00125567367, 0.370720514, -0.0199660341, 0.999919437, 0.0126932929, -1.37165096e-005, 0.0126932925, -0.999919437, -2.48784998e-005, -1.40311946e-005, 2.47023879e-005, -1, 0.999919435, 0.0126934251, -8.46326378e-006, 0.012693425, -0.999919435, -1.20824897e-005, -8.61595011e-006, 1.19740885e-005, -1, 0, 0, 0, 0, 0, 0, 0, 0.259663794, -0.131086108, -0.196296313, -0.0524205422, 0.512848725, -0.856782635, -0.878295898, 0.384521484, 0.283935547, 0.475109334, 0.767478555, 0.430467801, 0, 0, -0, 0, 0, 0, 0, 0.301949854, -0.102784131, -0.178085889, 0.116142277, -0.144876603, -0.982607711, 0.447631836, -0.875366211, 0.182006836, -0.886637819, -0.460905924, -0.036872426, 0, 1, 1, 1, 
256.474234, 12, 0.1, 0.1, -0.00125567261, 0.370720516, -0.0199681037, 0.999919442, 0.0126928994, -8.13803781e-006, 0.0126928996, -0.999919442, 2.17757121e-005, -7.8609853e-006, -2.18772532e-005, -1, 0.999919441, 0.0126929333, 8.88396523e-006, 0.0126929331, -0.999919441, 2.29576297e-005, 9.17464921e-006, -2.28430167e-005, -1, 0, 0, 0, 0, 0, 0, 0, 0.259663794, -0.131086108, -0.196296313, -0.0524205422, 0.512848725, -0.856782635, -0.878295898, 0.384521484, 0.283935547, 0.475109334, 0.767478555, 0.430467801, 0, 0, -0, 0, 0, 0, 0, 0.301949854, -0.102784131, -0.178085889, 0.116142277, -0.144876603, -0.982607711, 0.447631836, -0.875366211, 0.182006836, -0.886637819, -0.460905924, -0.036872426, 0, 1, 1, 1, 
256.475061, 12, 0.1, 0.1, -0.00125567168, 0.370720513, -0.0199689635, 0.99991944, 0.012693033, 9.13510973e-006, 0.0126930331, -0.99991944, -8.28555169e-006, 9.02920502e-006, 8.40083646e-006, -1, 0.999919441, 0.0126929773, 1.56848259e-005, 0.0126929776, -0.999919441, -2.2066483e-005, 1.54034729e-005, 2.22637925e-005, -1, 0, 0, 0, 0, 0, 0, 0, 0.259610083, -0.131875195, -0.196227954, -0.0535558238, 0.514967642, -0.855506568, -0.877441406, 0.384521484, 0.286376953, 0.476525064, 0.766030624, 0.431501612, 0, 0, -0, 0, 0, 0, 0, 0.301949854, -0.102784131, -0.178085889, 0.115535269, -0.143068339, -0.982933637, 0.447509766, -0.875854492, 0.180053711, -0.886701619, -0.460593125, -0.0372749103, 0, 1, 1, 1, 
256.475907, 12, 0.1, 0.1, -0.00125567166, 0.370720516, -0.0199679714, 0.999919438, 0.0126932179, 1.43758375e-005, 0.0126932181, -0.999919438, -1.79215424e-005, 1.41471973e-005, 1.81025742e-005, -1, 0.999919438, 0.0126932217, 8.51405767e-006, 0.0126932216, -0.999919438, 1.20036323e-005, 8.66573653e-006, -1.18945944e-005, -1, 0, 0, 0, 0, 0, 0, 0, 0.259610083, -0.131875195, -0.196227954, -0.0535558238, 0.514967642, -0.855506568, -0.877441406, 0.384521484, 0.286376953, 0.476525064, 0.766030624, 0.431501612, 0, 0, -0, 0, 0, 0, 0, 0.30190835, -0.103550879, -0.177669434, 0.115535269, -0.143068339, -0.982933637, 0.447509766, -0.875854492, 0.180053711, -0.886701619, -0.460593125, -0.0372749103, 0, 1, 1, 1, 
256.476807, 12, 0.1, 0.1, -0.00125567329, 0.370720516, -0.0199643349, 0.999919443, 0.0126928144, 7.94205635e-006, 0.0126928141, -0.999919442, 3.25816388e-005, 8.35496925e-006, -3.24782071e-005, -0.999999999, 0.999919441, 0.0126929457, -1.23648506e-005, 0.012692946, -0.999919441, 2.01085951e-005, -1.21086172e-005, -2.02639216e-005, -1, 0, 0, 0, 0, 0, 0, 0, 0.259610083, -0.131875195, -0.196227954, -0.0535558238, 0.514967642, -0.855506568, -0.877441406, 0.384521484, 0.286376953, 0.476525064, 0.766030624, 0.431501612, 0, 0, -0, 0, 0, 0, 0, 0.30190835, -0.103550879, -0.177669434, 0.115535269, -0.143068339, -0.982933637, 0.447509766, -0.875854492, 0.180053711, -0.886701619, -0.460593125, -0.0372749103, 0, 1, 1, 1, 
