time, realDorsalTactorPos, realVentralTactorPos, boxPosX, boxPosY, boxPosZ, boxLocalRot_11, boxLocalRot_12, boxLocalRot_13, boxLocalRot_21, boxLocalRot_22, boxLocalRot_23, boxLocalRot_31, boxLocalRot_32, boxLocalRot_33, boxGlobalRot_11, boxGlobalRot_12, boxGlobalRot_13], boxGlobalRot_21, boxGlobalRot_22, boxGlobalRot_23, boxGlobalRot_31, boxGlobalRot_32, boxGlobalRot_33, indexPosX, indexPosY, indexPosZ, indexContact, indexForceX, indexForceY, indexForceZ, indexForceGlobalX, indexForceGlobalY, indexForceGlobalZ, thumbPosX, thumbPosY, thumbPosZ, thumbContact, thumbForceX, thumbForceY, thumbForceZ, thumbForceGlobalX, thumbForceGlobalY, thumbForceGlobalZ, hoopSuccess, targetSuccess, trialSuccess, 
72.5203873, 0.1, 0.1, 0.098744059, 0.197740891, -0.019959667, 0.896557946, -0.442926459, -3.11170125e-005, 0.442926459, 0.896557947, -2.11829051e-006, 2.88364517e-005, -1.1883378e-005, 1, 0.896557954, -0.442926445, -1.82853965e-006, 0.442926445, 0.896557954, 4.55584067e-006, -3.78510546e-007, -4.89448375e-006, 1, 0.131836401, -0.0394323486, -0.210717871, 0, 0, 0, 0, 0, 0, 0, 0.224457666, 0.0143948242, -0.176546875, 0, 0, 0, 0, 0, 0, 0, 1, 1, 1, 
72.5247856, 0.1, 0.1, 0.09874407, 0.197740912, -0.0199831538, 0.89656129, -0.44291969, -3.03646219e-005, 0.44291969, 0.896561291, -1.93764326e-005, 3.58059481e-005, 3.92307053e-006, 0.999999999, 0.896561055, -0.442920165, -3.27696038e-005, 0.442920164, 0.896561056, -4.37992476e-005, 4.87795206e-005, 2.47543814e-005, 0.999999999, 0.135094922, -0.0485820068, -0.211165576, 0, 0, 0, 0, 0, 0, 0, 0.226417187, 0.00677758789, -0.175998389, 0, 0, 0, 0, 0, 0, 0, 1, 1, 1, 
72.5255024, 0.1, 0.1, 0.0987440689, 0.197740902, -0.0199837643, 0.896562481, -0.442917281, 1.06923719e-005, 0.44291728, 0.896562479, 6.71547414e-005, -3.9330375e-005, -5.54725853e-005, 0.999999998, 0.896562249, -0.44291775, 4.921267e-006, 0.442917749, 0.896562247, 6.57723668e-005, -3.35439709e-005, -5.67893046e-005, 0.999999998, 0.135094922, -0.0485820068, -0.211165576, 0, 0, 0, 0, 0, 0, 0, 0.226417187, 0.00677758789, -0.175998389, 0, 0, 0, 0, 0, 0, 0, 1, 1, 1, 
72.5262241, 0.1, 0.1, 0.098744065, 0.197740898, -0.0199797458, 0.89656364, -0.442914934, -4.15819672e-006, 0.442914934, 0.89656364, -3.28603646e-005, 1.82824342e-005, 2.76196807e-005, 0.999999999, 0.896563407, -0.442915406, 9.21009977e-006, 0.442915406, 0.896563407, -7.81717878e-006, -4.79508952e-006, 1.10878915e-005, 1, 0.135094922, -0.0485820068, -0.211165576, 0, 0, 0, 0, 0, 0, 0, 0.226417187, 0.00677758789, -0.175998389, 0, 0, 0, 0, 0, 0, 0, 1, 1, 1, 
72.5269543, 0.1, 0.1, 0.0987440669, 0.197740905, -0.0199725154, 0.896564799, -0.442912589, -1.35824426e-005, 0.442912589, 0.896564799, 5.00891751e-006, 9.95902727e-006, -1.05066539e-005, 1, 0.896564577, -0.442913037, -2.0825114e-005, 0.442913037, 0.896564577, -2.48295408e-005, 2.96683869e-005, 1.30375723e-005, 0.999999999, 0.135094922, -0.0485820068, -0.211165576, 0, 0, 0, 0, 0, 0, 0, 0.226417187, 0.00677758789, -0.175998389, 0, 0, 0, 0, 0, 0, 0, 1, 1, 1, 
72.5276747, 0.1, 0.1, 0.0987440608, 0.1977409, -0.0199648198, 0.896565975, -0.442910207, 1.76517116e-005, 0.442910207, 0.896565976, 3.46977988e-007, -1.59796041e-005, 7.50703457e-006, 1, 0.896565737, -0.442910688, 3.10513888e-005, 0.442910688, 0.896565738, 1.43179924e-005, -3.41812032e-005, 9.15970535e-007, 0.999999999, 0.135094922, -0.0485820068, -0.211165576, 0, 0, 0, 0, 0, 0, 0, 0.226417187, 0.00677758789, -0.175998389, 0, 0, 0, 0, 0, 0, 0, 1, 1, 1, 
72.5283943, 0.1, 0.1, 0.0987440631, 0.197740901, -0.0199589502, 0.896567197, -0.442907734, 8.26921242e-006, 0.442907734, 0.896567197, -8.54081074e-006, -3.63111346e-006, 1.13199089e-005, 1, 0.896566961, -0.442908211, -2.32183945e-005, 0.442908211, 0.896566962, -1.66737026e-007, 2.08906946e-005, -1.01341267e-005, 1, 0.135094922, -0.0485820068, -0.211165576, 0, 0, 0, 0, 0, 0, 0, 0.226417187, 0.00677758789, -0.175998389, 0, 0, 0, 0, 0, 0, 0, 1, 1, 1, 
72.5291277, 0.1, 0.1, 0.0987440609, 0.1977409, -0.0199563679, 0.896568297, -0.442905508, 2.13114806e-007, 0.442905508, 0.896568297, 6.51936892e-006, -3.07853638e-006, -5.75066977e-006, 1, 0.896568073, -0.44290596, -1.48335994e-005, 0.442905961, 0.896568073, 9.44233559e-006, 9.11726493e-006, -1.50355862e-005, 1, 0.135094922, -0.0485820068, -0.211165576, 0, 0, 0, 0, 0, 0, 0, 0.226417187, 0.00677758789, -0.175998389, 0, 0, 0, 0, 0, 0, 0, 1, 1, 1, 
72.5298813, 0.1, 0.1, 0.0987440587, 0.197740902, -0.0199573498, 0.896569299, -0.44290348, -1.75337748e-005, 0.44290348, 0.896569299, 4.19218207e-006, 1.38635121e-005, -1.15243516e-005, 1, 0.896569095, -0.442903892, -1.11036668e-005, 0.442903892, 0.896569095, -1.7019631e-006, 1.07090106e-005, -3.39192975e-006, 1, 0.136495874, -0.0515676514, -0.211363062, 0, 0, 0, 0, 0, 0, 0, 0.227237744, 0.00388540039, -0.176097266, 0, 0, 0, 0, 0, 0, 0, 1, 1, 1, 
72.5305971, 0.1, 0.1, 0.0987440533, 0.197740902, -0.0199613866, 0.896570138, -0.442901781, 6.49295479e-006, 0.442901781, 0.896570138, 8.27559958e-006, -9.48666717e-006, -4.54391422e-006, 1, 0.896569983, -0.442902094, 2.94272307e-005, 0.442902094, 0.896569983, -7.525318e-007, -2.60502738e-005, 1.37080795e-005, 1, 0.136495874, -0.0515676514, -0.211363062, 0, 0, 0, 0, 0, 0, 0, 0.227237744, 0.00388540039, -0.176097266, 0, 0, 0, 0, 0, 0, 0, 1, 1, 1, 
72.5313153, 0.1, 0.1, 0.0987440559, 0.197740905, -0.0199673661, 0.896570715, -0.442900613, -2.97400421e-006, 0.442900613, 0.896570715, -1.3540957e-005, 8.66370326e-006, 1.08232372e-005, 1, 0.896570621, -0.442900804, -1.78414481e-005, 0.442900803, 0.896570621, -2.69847471e-005, 2.79476843e-005, 1.62917398e-005, 0.999999999, 0.136495874, -0.0515676514, -0.211363062, 0, 0, 0, 0, 0, 0, 0, 0.227237744, 0.00388540039, -0.176097266, 0, 0, 0, 0, 0, 0, 0, 1, 1, 1, 
72.5320322, 0.1, 0.1, 0.0987440482, 0.197740902, -0.0199733645, 0.896571173, -0.442899684, 2.97529498e-005, 0.442899684, 0.896571174, 6.31356887e-006, -2.94719147e-005, 7.51700819e-006, 1, 0.896571076, -0.442899881, 3.92023026e-005, 0.442899881, 0.896571077, 1.43592137e-005, -4.15073447e-005, 4.48863948e-006, 0.999999999, 0.136495874, -0.0515676514, -0.211363062, 0, 0, 0, 0, 0, 0, 0, 0.227237744, 0.00388540039, -0.176097266, 0, 0, 0, 0, 0, 0, 0, 1, 1, 1, 
72.5327465, 0.1, 0.1, 0.0987440523, 0.197740903, -0.0199776018, 0.896571648, -0.442898722, -4.33548821e-005, 0.442898722, 0.896571649, -1.7324316e-005, 4.65436756e-005, -3.66933131e-006, 0.999999999, 0.896571565, -0.442898889, -4.63774114e-005, 0.442898889, 0.896571566, -8.74967634e-006, 4.54558903e-005, -1.2695793e-005, 0.999999999, 0.136495874, -0.0515676514, -0.211363062, 0, 0, 0, 0, 0, 0, 0, 0.227237744, 0.00388540039, -0.176097266, 0, 0, 0, 0, 0, 0, 0, 1, 1, 1, 
72.5334646, 0.1, 0.1, 0.0987440499, 0.197740905, -0.0199789037, 0.896571916, -0.442898181, 3.60828101e-005, 0.44289818, 0.896571917, 1.57900949e-005, -3.93442386e-005, 1.82405528e-006, 0.999999999, 0.896571888, -0.442898237, 2.5690885e-005, 0.442898237, 0.896571889, -3.26036668e-006, -2.15897146e-005, 1.43016008e-005, 1, 0.136495874, -0.0515676514, -0.211363062, 0, 0, 0, 0, 0, 0, 0, 0.227237744, 0.00388540039, -0.176097266, 0, 0, 0, 0, 0, 0, 0, 1, 1, 1, 
72.534191, 0.1, 0.1, 0.098744044, 0.197740898, -0.0199770286, 0.896571941, -0.44289813, -1.78988982e-006, 0.44289813, 0.896571941, 1.79422852e-005, -6.34183958e-006, -1.68792883e-005, 1, 0.896571947, -0.442898119, 1.42903477e-005, 0.442898118, 0.896571947, 3.87272991e-005, -2.99645727e-005, -2.83926419e-005, 0.999999999, 0.136495874, -0.0515676514, -0.211363062, 0, 0, 0, 0, 0, 0, 0, 0.227237744, 0.00388540039, -0.176097266, 0, 0, 0, 0, 0, 0, 0, 1, 1, 1, 
72.5349256, 0.1, 0.1, 0.0987440498, 0.197740903, -0.0199724365, 0.896571923, -0.442898166, -4.02000009e-005, 0.442898166, 0.896571924, -1.2425495e-005, 4.1545421e-005, -6.66415673e-006, 0.999999999, 0.896571921, -0.44289817, -4.31912385e-005, 0.442898169, 0.896571922, -3.0400046e-005, 5.21881765e-005, 8.12650716e-006, 0.999999999, 0.137693848, -0.0545580566, -0.211119434, 0, 0, 0, 0, 0, 0, 0, 0.227987256, 0.00142578125, -0.175941406, 0, 0, 0, 0, 0, 0, 0, 1, 1, 1, 
72.5356437, 0.1, 0.1, 0.0987440457, 0.197740901, -0.0199671027, 0.896572068, -0.442897873, 2.57483917e-005, 0.442897873, 0.896572069, 9.32110799e-006, -2.72135878e-005, 3.04686286e-006, 1, 0.896572034, -0.442897941, 3.32328726e-005, 0.442897941, 0.896572035, 5.30883873e-006, -3.21469379e-005, 9.95901449e-006, 0.999999999, 0.137693848, -0.0545580566, -0.211119434, 0, 0, 0, 0, 0, 0, 0, 0.227987256, 0.00142578125, -0.175941406, 0, 0, 0, 0, 0, 0, 0, 1, 1, 1, 
72.5363645, 0.1, 0.1, 0.0987440478, 0.197740902, -0.019962579, 0.896572118, -0.442897772, -1.26785165e-005, 0.442897772, 0.896572118, -1.79179847e-005, 1.93030399e-005, 1.04494788e-005, 1, 0.896572126, -0.442897755, -2.52655631e-005, 0.442897755, 0.896572127, -1.8014912e-005, 3.06311637e-005, 4.96160673e-006, 1, 0.137693848, -0.0545580566, -0.211119434, 0, 0, 0, 0, 0, 0, 0, 0.227987256, 0.00142578125, -0.175941406, 0, 0, 0, 0, 0, 0, 0, 1, 1, 1, 
72.5371186, 0.1, 0.1, 0.098744046, 0.197740899, -0.0199597806, 0.896571953, -0.442898108, -1.17501861e-006, 0.442898108, 0.896571953, -8.82021719e-006, 4.95994623e-006, 7.38754583e-006, 1, 0.896571998, -0.442898017, -8.85139099e-006, 0.442898017, 0.896571997, 1.1061485e-005, 3.03679954e-006, -1.38376812e-005, 1, 0.138241992, -0.0574316406, -0.211198267, 0, 0, 0, 0, 0, 0, 0, 0.228306641, -0.000945214844, -0.175728906, 0, 0, 0, 0, 0, 0, 0, 1, 1, 1, 
72.5378356, 0.1, 0.1, 0.0987440453, 0.197740899, -0.0199598282, 0.896571701, -0.442898617, -5.19105535e-006, 0.442898617, 0.896571701, 6.75765404e-006, 1.6611977e-006, -8.35783261e-006, 1, 0.896571747, -0.442898523, -1.86356378e-005, 0.442898524, 0.896571747, 8.76999007e-006, 1.28239707e-005, -1.61166218e-005, 1, 0.138241992, -0.0574316406, -0.211198267, 0, 0, 0, 0, 0, 0, 0, 0.228306641, -0.000945214844, -0.175728906, 0, 0, 0, 0, 0, 0, 0, 1, 1, 1, 
72.5385512, 0.1, 0.1, 0.0987440403, 0.197740899, -0.0199625381, 0.896571472, -0.44289908, -1.75321661e-005, 0.44289908, 0.896571473, -7.34569315e-007, 1.604418e-005, -7.10638632e-006, 1, 0.896571528, -0.442898968, 9.11383826e-006, 0.442898968, 0.896571528, 7.49524106e-006, -1.14908424e-005, -2.68351017e-006, 1, 0.138241992, -0.0574316406, -0.211198267, 0, 0, 0, 0, 0, 0, 0, 0.228306641, -0.000945214844, -0.175728906, 0, 0, 0, 0, 0, 0, 0, 1, 1, 1, 
72.539271, 0.1, 0.1, 0.0987440412, 0.1977409, -0.0199669349, 0.896571177, -0.442899677, 2.61138084e-005, 0.442899677, 0.896571177, 7.45571572e-006, -2.67150221e-005, 4.8812175e-006, 1, 0.896571227, -0.442899576, -3.55602353e-006, 0.442899576, 0.896571227, 8.66648818e-008, 3.14984454e-006, -1.65266255e-006, 1, 0.138241992, -0.0574316406, -0.211198267, 0, 0, 0, 0, 0, 0, 0, 0.228306641, -0.000945214844, -0.175728906, 0, 0, 0, 0, 0, 0, 0, 1, 1, 1, 
72.5399901, 0.1, 0.1, 0.0987440333, 0.197740896, -0.0199715735, 0.896570842, -0.442900356, 1.18931762e-005, 0.442900356, 0.896570842, -1.302695e-006, -1.00861109e-005, 6.43545034e-006, 1, 0.896570913, -0.442900212, 2.6175911e-005, 0.442900211, 0.896570913, 2.22561157e-005, -3.33257988e-005, -8.36086946e-006, 0.999999999, 0.138241992, -0.0574316406, -0.211198267, 0, 0, 0, 0, 0, 0, 0, 0.228306641, -0.000945214844, -0.175728906, 0, 0, 0, 0, 0, 0, 0, 1, 1, 1, 
72.5407139, 0.1, 0.1, 0.0987440397, 0.197740901, -0.0199750453, 0.89657066, -0.442900722, -4.19726914e-005, 0.442900722, 0.896570661, -2.11668212e-005, 4.7006284e-005, 3.87815541e-007, 0.999999999, 0.896570687, -0.442900667, -5.11048608e-005, 0.442900667, 0.896570688, -2.00845453e-005, 5.47145787e-005, -4.62716232e-006, 0.999999998, 0.138241992, -0.0574316406, -0.211198267, 0, 0, 0, 0, 0, 0, 0, 0.228306641, -0.000945214844, -0.175728906, 0, 0, 0, 0, 0, 0, 0, 1, 1, 1, 
72.5414361, 0.1, 0.1, 0.0987440351, 0.197740899, -0.0199763003, 0.896570515, -0.442901015, 5.0318385e-005, 0.442901014, 0.896570516, 2.40668556e-005, -5.57732152e-005, 7.08430648e-007, 0.999999998, 0.896570544, -0.442900957, 4.13256479e-005, 0.442900957, 0.896570545, 1.63247121e-005, -4.42815893e-005, 3.66691299e-006, 0.999999999, 0.138241992, -0.0574316406, -0.211198267, 0, 0, 0, 0, 0, 0, 0, 0.228306641, -0.000945214844, -0.175728906, 0, 0, 0, 0, 0, 0, 0, 1, 1, 1, 
72.5421982, 0.1, 0.1, 0.0987440282, 0.197740896, -0.019974685, 0.896570319, -0.442901414, -1.12514133e-005, 0.442901414, 0.896570319, -1.73449166e-005, 1.77697713e-005, 1.05676706e-005, 1, 0.896570347, -0.442901357, 1.36271726e-005, 0.442901357, 0.896570347, -2.87560662e-007, -1.20903578e-005, 6.29331159e-006, 1, 0.139458887, -0.060131543, -0.211112939, 0, 0, 0, 0, 0, 0, 0, 0.228918604, -0.00380517578, -0.175362744, 0, 0, 0, 0, 0, 0, 0, 1, 1, 1, 
72.5429187, 0.1, 0.1, 0.0987440339, 0.197740899, -0.0199713176, 0.896570289, -0.442901475, -1.22135834e-005, 0.442901474, 0.896570289, -1.95725939e-005, 1.96190668e-005, 1.21387921e-005, 1, 0.896570289, -0.442901474, -3.58318901e-005, 0.442901474, 0.89657029, -1.50855376e-005, 3.88072149e-005, -2.34475217e-006, 0.999999999, 0.139458887, -0.060131543, -0.211112939, 0, 0, 0, 0, 0, 0, 0, 0.228918604, -0.00380517578, -0.175362744, 0, 0, 0, 0, 0, 0, 0, 1, 1, 1, 
72.5436375, 0.1, 0.1, 0.0987440283, 0.197740898, -0.0199673926, 0.896570137, -0.442901783, 9.93309835e-006, 0.442901783, 0.896570137, 7.48662354e-006, -1.22215583e-005, -2.31289612e-006, 1, 0.896570177, -0.442901701, 2.1209616e-005, 0.442901701, 0.896570178, 1.97350421e-005, -2.77565929e-005, -8.30007523e-006, 1, 0.139458887, -0.060131543, -0.211112939, 0, 0, 0, 0, 0, 0, 0, 0.228918604, -0.00380517578, -0.175362744, 0, 0, 0, 0, 0, 0, 0, 1, 1, 1, 
72.5443579, 0.1, 0.1, 0.0987440296, 0.197740901, -0.019964109, 0.896569972, -0.442902117, -2.35657456e-006, 0.442902117, 0.896569972, 9.75083811e-006, -2.20583286e-006, -9.78604052e-006, 1, 0.896569989, -0.442902083, -1.94264085e-005, 0.442902083, 0.896569989, -4.43129629e-006, 1.93797652e-005, -4.6310295e-006, 1, 0.139458887, -0.060131543, -0.211112939, 0, 0, 0, 0, 0, 0, 0, 0.228918604, -0.00380517578, -0.175362744, 0, 0, 0, 0, 0, 0, 0, 1, 1, 1, 
72.5450778, 0.1, 0.1, 0.0987440273, 0.197740902, -0.0199624061, 0.896569991, -0.442902079, -2.07704586e-006, 0.442902079, 0.896569991, 6.24391699e-006, -9.03226823e-007, -6.51803653e-006, 1, 0.896569976, -0.442902108, -2.26994028e-006, 0.442902108, 0.896569976, -1.52816517e-005, 8.80343604e-006, 1.26957087e-005, 1, 0.139458887, -0.060131543, -0.211112939, 0, 0, 0, 0, 0, 0, 0, 0.228918604, -0.00380517578, -0.175362744, 0, 0, 0, 0, 0, 0, 0, 1, 1, 1, 
72.5457961, 0.1, 0.1, 0.0987440261, 0.197740903, -0.0199627021, 0.896570085, -0.442901888, -7.40564068e-006, 0.442901888, 0.896570085, -1.24532713e-005, 1.21552533e-005, 7.88525827e-006, 1, 0.896570056, -0.442901948, -1.98347705e-006, 0.442901948, 0.896570055, -1.81692556e-005, 9.82552482e-006, 1.54115247e-005, 1, 0.139458887, -0.060131543, -0.211112939, 0, 0, 0, 0, 0, 0, 0, 0.228918604, -0.00380517578, -0.175362744, 0, 0, 0, 0, 0, 0, 0, 1, 1, 1, 
72.5465124, 0.1, 0.1, 0.0987440227, 0.197740901, -0.0199647725, 0.896570325, -0.442901402, 1.01819516e-005, 0.442901402, 0.896570325, -4.88845241e-006, -6.9637332e-006, 8.89244199e-006, 1, 0.896570264, -0.442901525, 2.20269443e-005, 0.442901525, 0.896570264, 6.09800818e-006, -2.24495204e-005, 4.28847441e-006, 1, 0.139458887, -0.060131543, -0.211112939, 0, 0, 0, 0, 0, 0, 0, 0.228918604, -0.00380517578, -0.175362744, 0, 0, 0, 0, 0, 0, 0, 1, 1, 1, 
72.5472563, 0.1, 0.1, 0.0987440269, 0.197740901, -0.0199678127, 0.896570732, -0.442900578, -4.87904406e-006, 0.442900578, 0.896570732, -2.86756528e-007, 4.50141274e-006, -1.90383393e-006, 1, 0.896570644, -0.442900756, -3.1274254e-005, 0.442900757, 0.896570644, 4.35959092e-006, 2.6108712e-005, -1.7760072e-005, 1, 0.140695435, -0.0630533447, -0.210594678, 0, 0, 0, 0, 0, 0, 0, 0.228918604, -0.00380517578, -0.175362744, 0, 0, 0, 0, 0, 0, 0, 1, 1, 1, 
72.547975, 0.1, 0.1, 0.0987440157, 0.197740903, -0.0199706376, 0.896571108, -0.442899816, 3.52403238e-005, 0.442899817, 0.896571108, -3.08146631e-006, -3.02306754e-005, 1.83706866e-005, 0.999999999, 0.896571038, -0.442899956, 5.4944493e-005, 0.442899957, 0.896571039, -1.00426998e-005, -4.48137299e-005, 3.33389073e-005, 0.999999998, 0.140695435, -0.0630533447, -0.210594678, 0, 0, 0, 0, 0, 0, 0, 0.229547656, -0.00595463867, -0.174964111, 0, 0, 0, 0, 0, 0, 0, 1, 1, 1, 
72.5486941, 0.1, 0.1, 0.0987440224, 0.197740903, -0.0199726607, 0.896571312, -0.4428994, -5.39039556e-005, 0.4428994, 0.896571314, -2.01038988e-005, 5.7232745e-005, -5.84945059e-006, 0.999999998, 0.896571289, -0.442899447, -5.95167552e-005, 0.442899447, 0.896571291, -8.73148938e-006, 5.72281859e-005, -1.85315353e-005, 0.999999998, 0.140695435, -0.0630533447, -0.210594678, 0, 0, 0, 0, 0, 0, 0, 0.229547656, -0.00595463867, -0.174964111, 0, 0, 0, 0, 0, 0, 0, 1, 1, 1, 
72.5494093, 0.1, 0.1, 0.0987440191, 0.197740907, -0.0199733749, 0.896571269, -0.442899489, 5.23258862e-005, 0.442899489, 0.89657127, 1.85903698e-005, -5.51475515e-005, 6.50751679e-006, 0.999999998, 0.896571306, -0.442899415, 3.82345987e-005, 0.442899415, 0.896571307, -4.85612517e-006, -3.21292691e-005, 2.12879439e-005, 0.999999999, 0.140695435, -0.0630533447, -0.210594678, 0, 0, 0, 0, 0, 0, 0, 0.229547656, -0.00595463867, -0.174964111, 0, 0, 0, 0, 0, 0, 0, 1, 1, 1, 
72.5501514, 0.1, 0.1, 0.09874401, 0.197740896, -0.0199724164, 0.896570952, -0.442900134, 9.15451756e-006, 0.442900134, 0.896570951, 2.5660033e-005, -1.95725066e-005, -1.89515032e-005, 1, 0.89657102, -0.442899994, 2.69853219e-005, 0.442899992, 0.89657102, 4.88027072e-005, -4.58089763e-005, -3.18032942e-005, 0.999999998, 0.141467554, -0.0656690186, -0.210620776, 0, 0, 0, 0, 0, 0, 0, 0.230179883, -0.0082621582, -0.17477041, 0, 0, 0, 0, 0, 0, 0, 1, 1, 1, 
72.550872, 0.1, 0.1, 0.0987440159, 0.197740902, -0.0199703443, 0.896570639, -0.442900764, -4.44838289e-005, 0.442900763, 0.896570641, -1.73741289e-005, 4.75779099e-005, -4.12478793e-006, 0.999999999, 0.89657069, -0.442900662, -4.52510494e-005, 0.442900661, 0.896570691, -3.47764461e-005, 5.59732756e-005, 1.11378226e-005, 0.999999998, 0.141467554, -0.0656690186, -0.210620776, 0, 0, 0, 0, 0, 0, 0, 0.230179883, -0.0082621582, -0.17477041, 0, 0, 0, 0, 0, 0, 0, 1, 1, 1, 
72.5515887, 0.1, 0.1, 0.0987440093, 0.1977409, -0.0199679707, 0.896570499, -0.442901045, 6.80175546e-005, 0.442901044, 0.896570502, 2.43601111e-005, -7.17716517e-005, 8.28448903e-006, 0.999999997, 0.896570532, -0.44290098, 5.97728095e-005, 0.44290098, 0.896570533, 1.40583599e-005, -5.9817001e-005, 1.38691247e-005, 0.999999998, 0.141467554, -0.0656690186, -0.210620776, 0, 0, 0, 0, 0, 0, 0, 0.230179883, -0.0082621582, -0.17477041, 0, 0, 0, 0, 0, 0, 0, 1, 1, 1, 
72.5523224, 0.1, 0.1, 0.0987440033, 0.197740898, -0.0199658021, 0.896570268, -0.442901517, -3.04453125e-005, 0.442901516, 0.896570268, -3.09921313e-005, 4.1022824e-005, 1.43023484e-005, 0.999999999, 0.896570304, -0.442901445, 6.29972807e-006, 0.442901445, 0.896570304, -7.63373229e-006, -2.26715804e-006, 9.63433635e-006, 1, 0.141467554, -0.0656690186, -0.210620776, 0, 0, 0, 0, 0, 0, 0, 0.230179883, -0.0082621582, -0.17477041, 0, 0, 0, 0, 0, 0, 0, 1, 1, 1, 
72.553041, 0.1, 0.1, 0.0987440162, 0.197740904, -0.0199647494, 0.896570248, -0.442901556, -4.56049073e-005, 0.442901555, 0.896570249, -3.27261267e-005, 5.53824555e-005, 9.14278715e-006, 0.999999998, 0.896570243, -0.442901563, -7.3404825e-005, 0.442901562, 0.896570246, -2.81798313e-005, 7.82934733e-005, -7.24591344e-006, 0.999999997, 0.141467554, -0.0656690186, -0.210620776, 0, 0, 0, 0, 0, 0, 0, 0.230179883, -0.0082621582, -0.17477041, 0, 0, 0, 0, 0, 0, 0, 1, 1, 1, 
72.5537612, 0.1, 0.1, 0.0987440078, 0.1977409, -0.0199649993, 0.896570064, -0.442901926, 6.25309572e-005, 0.442901924, 0.896570067, 4.37193996e-005, -7.54267907e-005, -1.15024237e-005, 0.999999997, 0.896570105, -0.442901843, 5.67849153e-005, 0.442901841, 0.896570107, 4.63780708e-005, -7.14525906e-005, -1.64310483e-005, 0.999999997, 0.141467554, -0.0656690186, -0.210620776, 0, 0, 0, 0, 0, 0, 0, 0.230179883, -0.0082621582, -0.17477041, 0, 0, 0, 0, 0, 0, 0, 1, 1, 1, 
72.5544766, 0.1, 0.1, 0.0987440053, 0.197740898, -0.0199663951, 0.896569978, -0.442902102, -5.81457051e-005, 0.442902102, 0.896569979, -3.64838759e-006, 5.37475722e-005, -2.24818203e-005, 0.999999998, 0.89656999, -0.442902079, -3.02893869e-005, 0.44290208, 0.89656999, 2.99192693e-006, 2.58314247e-005, -1.60977043e-005, 1, 0.141467554, -0.0656690186, -0.210620776, 0, 0, 0, 0, 0, 0, 0, 0.230179883, -0.0082621582, -0.17477041, 0, 0, 0, 0, 0, 0, 0, 1, 1, 1, 
72.5552201, 0.1, 0.1, 0.0987440128, 0.197740905, -0.0199683185, 0.896569785, -0.442902496, 4.04785293e-006, 0.442902496, 0.896569784, -3.56043299e-005, 1.2140064e-005, 3.37145706e-005, 0.999999999, 0.896569845, -0.442902374, -2.33858949e-005, 0.442902373, 0.896569844, -4.7633073e-005, 4.20638892e-005, 3.23487085e-005, 0.999999999, 0.142715698, -0.0683893066, -0.210140479, 0, 0, 0, 0, 0, 0, 0, 0.231206006, -0.0111135742, -0.17425498, 0, 0, 0, 0, 0, 0, 0, 1, 1, 1, 
72.5559381, 0.1, 0.1, 0.0987440027, 0.197740898, -0.0199700582, 0.896569291, -0.442903494, 3.58712505e-005, 0.442903491, 0.896569291, 6.77016348e-005, -6.21463522e-005, -4.48117047e-005, 0.999999997, 0.896569404, -0.442903264, 4.61853412e-005, 0.442903261, 0.896569405, 6.53642016e-005, -7.03583821e-005, -3.81479051e-005, 0.999999997, 0.142715698, -0.0683893066, -0.210140479, 0, 0, 0, 0, 0, 0, 0, 0.231206006, -0.0111135742, -0.17425498, 0, 0, 0, 0, 0, 0, 0, 1, 1, 1, 
72.5566544, 0.1, 0.1, 0.0987440042, 0.197740898, -0.0199712894, 0.896568635, -0.442904823, -3.53574443e-005, 0.44290482, 0.896568634, -6.33224686e-005, 5.97462023e-005, 4.11129567e-005, 0.999999997, 0.896568779, -0.442904531, -3.1570191e-005, 0.44290453, 0.896568779, -3.97869328e-005, 4.59266605e-005, 2.16891412e-005, 0.999999999, 0.142715698, -0.0683893066, -0.210140479, 0, 0, 0, 0, 0, 0, 0, 0.231206006, -0.0111135742, -0.17425498, 0, 0, 0, 0, 0, 0, 0, 1, 1, 1, 
72.5573906, 0.1, 0.1, 0.0987440053, 0.197740907, -0.0199715432, 0.896567893, -0.442906326, 1.98789642e-005, 0.442906326, 0.896567893, 1.40798068e-005, -2.40588765e-005, -3.81898375e-006, 1, 0.896568048, -0.442906013, 2.85508225e-007, 0.442906012, 0.896568047, -2.83804709e-005, 1.23139037e-005, 2.55714767e-005, 1, 0.142715698, -0.0683893066, -0.210140479, 0, 0, 0, 0, 0, 0, 0, 0.231206006, -0.0111135742, -0.17425498, 0, 0, 0, 0, 0, 0, 0, 1, 1, 1, 
72.5581225, 0.1, 0.1, 0.0987439965, 0.197740899, -0.0199706644, 0.896567235, -0.442907656, 2.92219257e-005, 0.442907656, 0.896567236, 1.39198972e-005, -3.23646502e-005, 4.62490899e-007, 0.999999999, 0.896567355, -0.442907413, 3.83518491e-005, 0.442907412, 0.896567355, 3.95103188e-005, -5.1884429e-005, -1.84373438e-005, 0.999999998, 0.143999854, -0.0708815918, -0.209247632, 0, 0, 0, 0, 0, 0, 0, 0.231956152, -0.0130759277, -0.173496533, 0, 0, 0, 0, 0, 0, 0, 1, 1, 1, 
72.558842, 0.1, 0.1, 0.0987440037, 0.197740904, -0.0199692478, 0.896566847, -0.442908439, -6.34903756e-005, 0.442908438, 0.896566849, -3.73876283e-005, 7.34826621e-005, 5.40008499e-006, 0.999999997, 0.896566917, -0.442908297, -6.59049301e-005, 0.442908296, 0.896566919, -2.91668933e-005, 7.20064392e-005, -3.03976863e-006, 0.999999997, 0.143999854, -0.0708815918, -0.209247632, 0, 0, 0, 0, 0, 0, 0, 0.231956152, -0.0130759277, -0.173496533, 0, 0, 0, 0, 0, 0, 0, 1, 1, 1, 
72.5595596, 0.1, 0.1, 0.0987440041, 0.197740905, -0.0199678284, 0.89656654, -0.442909061, 4.91001647e-005, 0.442909061, 0.896566542, 2.2191531e-005, -5.3850395e-005, 1.8507237e-006, 0.999999999, 0.896566596, -0.44290895, 2.505002e-005, 0.44290895, 0.896566597, 9.85358822e-006, -2.68232536e-005, 2.26048e-006, 1, 0.143999854, -0.0708815918, -0.209247632, 0, 0, 0, 0, 0, 0, 0, 0.231956152, -0.0130759277, -0.173496533, 0, 0, 0, 0, 0, 0, 0, 1, 1, 1, 
72.5602767, 0.1, 0.1, 0.098743994, 0.197740899, -0.0199668366, 0.896566262, -0.442909627, 5.19316006e-006, 0.442909626, 0.896566262, 1.30897548e-005, -1.04535905e-005, -9.435732e-006, 1, 0.896566301, -0.442909547, 3.74984816e-005, 0.442909547, 0.896566302, 1.71087189e-005, -4.11974899e-005, 1.26933464e-006, 0.999999999, 0.143999854, -0.0708815918, -0.209247632, 0, 0, 0, 0, 0, 0, 0, 0.231956152, -0.0130759277, -0.173496533, 0, 0, 0, 0, 0, 0, 0, 1, 1, 1, 
72.5609944, 0.1, 0.1, 0.0987440044, 0.197740904, -0.0199665336, 0.896565957, -0.44291024, -6.17219069e-005, 0.442910239, 0.896565959, -2.17505826e-005, 6.49713165e-005, -7.83643264e-006, 0.999999998, 0.896566008, -0.442910136, -7.09298409e-005, 0.442910136, 0.89656601, -2.56503031e-005, 7.49540637e-005, -8.41835562e-006, 0.999999997, 0.143999854, -0.0708815918, -0.209247632, 0, 0, 0, 0, 0, 0, 0, 0.231956152, -0.0130759277, -0.173496533, 0, 0, 0, 0, 0, 0, 0, 1, 1, 1, 
72.5617419, 0.1, 0.1, 0.0987439992, 0.197740902, -0.019966955, 0.89656568, -0.442910799, 6.83454587e-005, 0.442910798, 0.896565683, 3.09095492e-005, -7.4966366e-005, 2.55850071e-006, 0.999999997, 0.896565727, -0.442910707, 4.88882877e-005, 0.442910706, 0.896565728, 3.28631559e-005, -5.83870069e-005, -7.81083322e-006, 0.999999998, 0.143999854, -0.0708815918, -0.209247632, 0, 0, 0, 0, 0, 0, 0, 0.231956152, -0.0130759277, -0.173496533, 0, 0, 0, 0, 0, 0, 0, 1, 1, 1, 
72.5626493, 0.1, 0.1, 0.0987439884, 0.197740896, -0.019965141, 0.896565349, -0.442911475, -2.13838757e-005, 0.442911475, 0.896565349, -3.22512145e-005, 3.3456475e-005, 1.94441574e-005, 0.999999999, 0.896565423, -0.442911326, 8.83767352e-006, 0.442911326, 0.896565423, 9.07227202e-006, -1.19417645e-005, -4.2195797e-006, 1, 0.143999854, -0.0708815918, -0.209247632, 0, 0, 0, 0, 0, 0, 0, 0.231956152, -0.0130759277, -0.173496533, 0, 0, 0, 0, 0, 0, 0, 1, 1, 1, 
72.5633817, 0.1, 0.1, 0.0987439988, 0.197740905, -0.0199643926, 0.896565136, -0.442911903, -4.66059894e-005, 0.442911903, 0.896565138, -5.34502717e-006, 4.41526815e-005, -1.58501825e-005, 0.999999999, 0.896565155, -0.442911863, -6.31360511e-005, 0.442911862, 0.896565157, -2.47899782e-005, 6.7585359e-005, -5.73787531e-006, 0.999999998, 0.145057104, -0.0732991699, -0.208914038, 0, 0, 0, 0, 0, 0, 0, 0.232734375, -0.0152263672, -0.172724902, 0, 0, 0, 0, 0, 0, 0, 1, 1, 1, 
72.5641004, 0.1, 0.1, 0.0987439867, 0.197740903, -0.0199650089, 0.896565234, -0.442911699, 9.3350711e-005, 0.4429117, 0.896565238, 7.43841258e-006, -8.69895624e-005, 3.46771e-005, 0.999999996, 0.896565205, -0.442911757, 9.01327608e-005, 0.442911758, 0.896565209, 6.33981558e-006, -8.36178764e-005, 3.42368015e-005, 0.999999996, 0.145057104, -0.0732991699, -0.208914038, 0, 0, 0, 0, 0, 0, 0, 0.232734375, -0.0152263672, -0.172724902, 0, 0, 0, 0, 0, 0, 0, 1, 1, 1, 
72.564813, 0.1, 0.1, 0.098743984, 0.197740898, -0.0199667893, 0.896565313, -0.442911543, -6.36196104e-005, 0.442911545, 0.896565314, 2.19063706e-005, 4.73365516e-005, -4.78183519e-005, 0.999999998, 0.896565324, -0.442911525, -3.39986333e-005, 0.442911526, 0.896565324, 3.03347027e-005, 1.70464062e-005, -4.2255429e-005, 0.999999999, 0.145057104, -0.0732991699, -0.208914038, 0, 0, 0, 0, 0, 0, 0, 0.232734375, -0.0152263672, -0.172724902, 0, 0, 0, 0, 0, 0, 0, 1, 1, 1, 
72.5655277, 0.1, 0.1, 0.0987439926, 0.197740903, -0.0199690872, 0.896565124, -0.44291193, 5.51279568e-006, 0.44291193, 0.896565123, -5.74919648e-005, 2.05212968e-005, 5.39869735e-005, 0.999999998, 0.896565187, -0.442911802, -2.87987502e-005, 0.442911801, 0.896565187, -4.97217756e-005, 4.78423181e-005, 3.18235067e-005, 0.999999998, 0.145057104, -0.0732991699, -0.208914038, 0, 0, 0, 0, 0, 0, 0, 0.232734375, -0.0152263672, -0.172724902, 0, 0, 0, 0, 0, 0, 0, 1, 1, 1, 
72.5662619, 0.1, 0.1, 0.0987439788, 0.197740907, -0.0199710013, 0.896564602, -0.442912984, 4.97166918e-005, 0.442912984, 0.896564604, 1.94174766e-005, -5.31744786e-005, 4.61114619e-006, 0.999999999, 0.896564717, -0.442912749, 6.91456253e-005, 0.44291275, 0.896564719, -2.21653212e-006, -6.10117978e-005, 3.26127435e-005, 0.999999998, 0.145057104, -0.0732991699, -0.208914038, 0, 0, 0, 0, 0, 0, 0, 0.233477686, -0.0173550781, -0.17214624, 0, 0, 0, 0, 0, 0, 0, 1, 1, 1, 
72.5669763, 0.1, 0.1, 0.0987439867, 0.197740898, -0.0199720944, 0.896563844, -0.442914512, -8.62085811e-005, 0.442914516, 0.896563846, 3.14088271e-005, 6.33800717e-005, -6.63430508e-005, 0.999999996, 0.896564014, -0.442914171, -7.66631161e-005, 0.442914175, 0.896564014, 4.4214481e-005, 4.91501709e-005, -7.35962934e-005, 0.999999996, 0.145057104, -0.0732991699, -0.208914038, 0, 0, 0, 0, 0, 0, 0, 0.233477686, -0.0173550781, -0.17214624, 0, 0, 0, 0, 0, 0, 0, 1, 1, 1, 
72.5676928, 0.1, 0.1, 0.0987439925, 0.197740902, -0.0199721599, 0.896562899, -0.442916434, 2.75722616e-005, 0.442916435, 0.896562898, -3.4393082e-005, -9.48700553e-006, 4.30477691e-005, 0.999999999, 0.896563111, -0.442916006, -6.34522529e-006, 0.442916005, 0.89656311, -3.79115177e-005, 2.24805129e-005, 3.11796664e-005, 0.999999999, 0.145057104, -0.0732991699, -0.208914038, 0, 0, 0, 0, 0, 0, 0, 0.233477686, -0.0173550781, -0.17214624, 0, 0, 0, 0, 0, 0, 0, 1, 1, 1, 
72.5684204, 0.1, 0.1, 0.0987439827, 0.197740902, -0.0199710321, 0.896561752, -0.442918756, 1.18369333e-005, 0.442918756, 0.896561752, 2.6118847e-005, -2.21810688e-005, -1.81743595e-005, 1, 0.896561982, -0.442918291, 3.41635625e-005, 0.44291829, 0.896561982, 2.10918844e-005, -3.99717327e-005, -3.77851499e-006, 0.999999999, 0.146109106, -0.0755260986, -0.208181445, 0, 0, 0, 0, 0, 0, 0, 0.233477686, -0.0173550781, -0.17214624, 0, 0, 0, 0, 0, 0, 0, 1, 1, 1, 
72.5691364, 0.1, 0.1, 0.0987439849, 0.197740904, -0.0199693361, 0.896560507, -0.442921276, 6.05861763e-006, 0.442921276, 0.896560507, -3.25165515e-005, 8.9703552e-006, 3.18365466e-005, 0.999999999, 0.89656076, -0.442920764, -1.23030502e-005, 0.442920764, 0.89656076, -2.78999256e-005, 2.33878884e-005, 1.95647021e-005, 1, 0.146109106, -0.0755260986, -0.208181445, 0, 0, 0, 0, 0, 0, 0, 0.233477686, -0.0173550781, -0.17214624, 0, 0, 0, 0, 0, 0, 0, 1, 1, 1, 
72.5698558, 0.1, 0.1, 0.0987439807, 0.197740902, -0.0199675995, 0.896559166, -0.44292399, -1.75758023e-005, 0.44292399, 0.896559166, 3.50890009e-005, 2.15986387e-007, -3.92441099e-005, 0.999999999, 0.896559446, -0.442923423, 6.97564462e-006, 0.442923423, 0.896559446, 2.92569924e-005, -1.92126873e-005, -2.31409565e-005, 1, 0.146109106, -0.0755260986, -0.208181445, 0, 0, 0, 0, 0, 0, 0, 0.233477686, -0.0173550781, -0.17214624, 0, 0, 0, 0, 0, 0, 0, 1, 1, 1, 
72.5705912, 0.1, 0.1, 0.0987439808, 0.1977409, -0.0199661832, 0.896557867, -0.44292662, 1.11650121e-005, 0.44292662, 0.896557867, -2.59739297e-005, 1.49446551e-006, 2.82324121e-005, 1, 0.896558106, -0.442926136, 1.23609934e-005, 0.442926136, 0.896558106, -6.1836221e-006, -8.34346103e-006, 1.10189836e-005, 1, 0.147355908, -0.0779898193, -0.207651099, 0, 0, 0, 0, 0, 0, 0, 0.233477686, -0.0173550781, -0.17214624, 0, 0, 0, 0, 0, 0, 0, 1, 1, 1, 
72.5713077, 0.1, 0.1, 0.0987439798, 0.1977409, -0.0199655094, 0.896556849, -0.442928681, -9.02013946e-006, 0.442928681, 0.896556848, 3.76379062e-005, -8.58384036e-006, -3.77398011e-005, 0.999999999, 0.896557038, -0.442928298, -3.59873285e-006, 0.442928298, 0.896557038, 2.22561436e-005, -6.63140653e-006, -2.15478828e-005, 1, 0.147355908, -0.0779898193, -0.207651099, 0, 0, 0, 0, 0, 0, 0, 0.23418291, -0.0197304688, -0.171555859, 0, 0, 0, 0, 0, 0, 0, 1, 1, 1, 
72.5720321, 0.1, 0.1, 0.0987439797, 0.197740899, -0.0199658364, 0.896555896, -0.442930609, 2.20131397e-005, 0.442930609, 0.896555896, -2.50069418e-005, -8.65967018e-006, 3.21704145e-005, 0.999999999, 0.89655609, -0.442930217, 2.80449516e-006, 0.442930217, 0.89655609, -1.57112844e-005, 4.44461539e-006, 1.53282434e-005, 1, 0.147355908, -0.0779898193, -0.207651099, 0, 0, 0, 0, 0, 0, 0, 0.23418291, -0.0197304688, -0.171555859, 0, 0, 0, 0, 0, 0, 0, 1, 1, 1, 
72.5727568, 0.1, 0.1, 0.0987439798, 0.197740901, -0.0199669854, 0.896555035, -0.442932351, -3.00117776e-005, 0.442932352, 0.896555035, 1.96891353e-005, 1.81862553e-005, -3.09455807e-005, 0.999999999, 0.896555188, -0.442932043, -2.66470773e-005, 0.442932043, 0.896555188, 2.67937047e-006, 2.27037964e-005, -1.42050479e-005, 1, 0.147355908, -0.0779898193, -0.207651099, 0, 0, 0, 0, 0, 0, 0, 0.23418291, -0.0197304688, -0.171555859, 0, 0, 0, 0, 0, 0, 0, 1, 1, 1, 
72.5734716, 0.1, 0.1, 0.0987439756, 0.197740898, -0.0199685027, 0.896554508, -0.442933417, 3.54744305e-005, 0.442933418, 0.896554509, -1.73760112e-005, -2.41083446e-005, 3.1291352e-005, 0.999999999, 0.896554584, -0.442933265, 3.70475883e-005, 0.442933265, 0.896554584, 5.74642943e-007, -3.34697136e-005, 1.58944105e-005, 0.999999999, 0.147355908, -0.0779898193, -0.207651099, 0, 0, 0, 0, 0, 0, 0, 0.23418291, -0.0197304688, -0.171555859, 0, 0, 0, 0, 0, 0, 0, 1, 1, 1, 
72.5741909, 0.1, 0.1, 0.0987439793, 0.197740902, -0.0199699916, 0.896554318, -0.442933802, -4.79338401e-005, 0.442933802, 0.896554319, 6.4610788e-006, 4.01134611e-005, -2.70242261e-005, 0.999999999, 0.89655433, -0.442933777, -4.60404008e-005, 0.442933777, 0.896554332, -8.7780754e-006, 4.51658268e-005, -1.25228271e-005, 0.999999999, 0.147355908, -0.0779898193, -0.207651099, 0, 0, 0, 0, 0, 0, 0, 0.23418291, -0.0197304688, -0.171555859, 0, 0, 0, 0, 0, 0, 0, 1, 1, 1, 
72.5749072, 0.1, 0.1, 0.0987439746, 0.197740899, -0.0199710265, 0.896554395, -0.442933643, 6.65282901e-005, 0.442933643, 0.896554397, 2.55575312e-006, -6.07782601e-005, 2.71762462e-005, 0.999999998, 0.896554363, -0.442933709, 5.19596847e-005, 0.442933709, 0.896554365, 1.06199292e-005, -5.12886067e-005, 1.3493352e-005, 0.999999999, 0.147355908, -0.0779898193, -0.207651099, 0, 0, 0, 0, 0, 0, 0, 0.23418291, -0.0197304688, -0.171555859, 0, 0, 0, 0, 0, 0, 0, 1, 1, 1, 
72.5756456, 0.1, 0.1, 0.0987439695, 0.197740899, -0.019971169, 0.896554595, -0.442933242, -3.44847052e-005, 0.442933243, 0.896554595, 9.44921023e-006, 2.67320516e-005, -2.37461551e-005, 0.999999999, 0.896554558, -0.442933319, -1.16873586e-005, 0.442933319, 0.896554558, 7.43850754e-006, 7.18359178e-006, -1.18457484e-005, 1, 0.14841792, -0.0803870117, -0.207081445, 0, 0, 0, 0, 0, 0, 0, 0.23520415, -0.0220489746, -0.170764209, 0, 0, 0, 0, 0, 0, 0, 1, 1, 1, 
72.576373, 0.1, 0.1, 0.0987439713, 0.1977409, -0.0199702983, 0.896554721, -0.442932986, 3.83666531e-005, 0.442932987, 0.896554722, -1.88443941e-005, -2.60510003e-005, 3.38888867e-005, 0.999999999, 0.896554716, -0.442932999, 7.02103653e-006, 0.442932999, 0.896554716, -1.98093006e-005, 2.47944952e-006, 2.08699707e-005, 1, 0.14841792, -0.0803870117, -0.207081445, 0, 0, 0, 0, 0, 0, 0, 0.23520415, -0.0220489746, -0.170764209, 0, 0, 0, 0, 0, 0, 0, 1, 1, 1, 
72.5770897, 0.1, 0.1, 0.098743963, 0.197740899, -0.0199690122, 0.896554651, -0.442933131, -3.65251829e-006, 0.44293313, 0.89655465, 2.64871726e-005, -8.45736404e-006, -2.53650192e-005, 1, 0.896554684, -0.442933063, 2.44127544e-005, 0.442933063, 0.896554684, 2.47195629e-005, -3.2836481e-005, -1.13492239e-005, 0.999999999, 0.14841792, -0.0803870117, -0.207081445, 0, 0, 0, 0, 0, 0, 0, 0.23520415, -0.0220489746, -0.170764209, 0, 0, 0, 0, 0, 0, 0, 1, 1, 1, 
72.5778058, 0.1, 0.1, 0.0987439703, 0.197740903, -0.0199677769, 0.896554298, -0.442933843, -2.03001419e-005, 0.442933842, 0.896554298, -5.17066806e-005, 4.11028182e-005, 3.73662269e-005, 0.999999998, 0.89655439, -0.442933657, -3.89697071e-005, 0.442933656, 0.89655439, -4.40027253e-005, 5.442875e-005, 2.21898417e-005, 0.999999998, 0.14841792, -0.0803870117, -0.207081445, 0, 0, 0, 0, 0, 0, 0, 0.23520415, -0.0220489746, -0.170764209, 0, 0, 0, 0, 0, 0, 0, 1, 1, 1, 
72.5785308, 0.1, 0.1, 0.0987439637, 0.197740902, -0.0199668102, 0.896553674, -0.442935107, 2.78621055e-005, 0.442935106, 0.896553674, 4.52729201e-005, -4.50328387e-005, -2.82484982e-005, 0.999999999, 0.896553815, -0.44293482, 3.76145079e-005, 0.442934819, 0.896553816, 3.22002102e-005, -4.79860249e-005, -1.22084461e-005, 0.999999999, 0.14841792, -0.0803870117, -0.207081445, 0, 0, 0, 0, 0, 0, 0, 0.23616582, -0.024122998, -0.169931055, 0, 0, 0, 0, 0, 0, 0, 1, 1, 1, 
72.579246, 0.1, 0.1, 0.0987439667, 0.197740904, -0.0199665234, 0.896552874, -0.442936726, -3.5748116e-005, 0.442936723, 0.896552874, -5.52714873e-005, 5.65318477e-005, 3.37196575e-005, 0.999999998, 0.896553046, -0.442936378, -3.5008874e-005, 0.442936376, 0.896553046, -3.73104071e-005, 4.79134492e-005, 1.79440554e-005, 0.999999999, 0.14841792, -0.0803870117, -0.207081445, 0, 0, 0, 0, 0, 0, 0, 0.23616582, -0.024122998, -0.169931055, 0, 0, 0, 0, 0, 0, 0, 1, 1, 1, 
72.5799599, 0.1, 0.1, 0.0987439663, 0.197740906, -0.0199669499, 0.896552033, -0.442938428, 2.99964494e-005, 0.442938427, 0.896552033, 4.36656644e-005, -4.62345785e-005, -2.58619601e-005, 0.999999999, 0.896552192, -0.442938107, 1.63840938e-005, 0.442938106, 0.896552192, 2.00804554e-005, -2.35835941e-005, -1.07460368e-005, 1, 0.14841792, -0.0803870117, -0.207081445, 0, 0, 0, 0, 0, 0, 0, 0.23616582, -0.024122998, -0.169931055, 0, 0, 0, 0, 0, 0, 0, 1, 1, 1, 
72.5806857, 0.1, 0.1, 0.0987439598, 0.197740902, -0.0199678591, 0.896551322, -0.442939869, 1.46831393e-006, 0.442939869, 0.896551321, -3.22602617e-005, 1.29729373e-005, 2.95733551e-005, 0.999999999, 0.896551435, -0.442939639, 2.45668143e-005, 0.442939639, 0.896551435, -5.90583584e-006, -1.94094839e-005, 1.61765015e-005, 1, 0.150112671, -0.0825955078, -0.206500439, 0, 0, 0, 0, 0, 0, 0, 0.23616582, -0.024122998, -0.169931055, 0, 0, 0, 0, 0, 0, 0, 1, 1, 1, 
72.5813968, 0.1, 0.1, 0.0987439648, 0.197740906, -0.0199689636, 0.896550907, -0.442940708, -2.19778667e-005, 0.442940709, 0.896550907, 2.53273121e-005, 8.48577874e-006, -3.24421165e-005, 0.999999999, 0.896550963, -0.442940593, -3.52577278e-005, 0.442940593, 0.896550964, 2.200598e-006, 3.06356157e-005, -1.75900271e-005, 0.999999999, 0.150112671, -0.0825955078, -0.206500439, 0, 0, 0, 0, 0, 0, 0, 0.23616582, -0.024122998, -0.169931055, 0, 0, 0, 0, 0, 0, 0, 1, 1, 1, 
72.5821093, 0.1, 0.1, 0.0987439576, 0.197740901, -0.019969995, 0.896550823, -0.442940877, 4.28210188e-005, 0.442940878, 0.896550823, -5.85444693e-006, -3.57980458e-005, 2.42159889e-005, 0.999999999, 0.896550816, -0.44294089, 4.79879619e-005, 0.44294089, 0.896550817, 1.20954328e-005, -4.83812082e-005, 1.04116604e-005, 0.999999999, 0.150112671, -0.0825955078, -0.206500439, 0, 0, 0, 0, 0, 0, 0, 0.23616582, -0.024122998, -0.169931055, 0, 0, 0, 0, 0, 0, 0, 1, 1, 1, 
72.582839, 0.1, 0.1, 0.0987439619, 0.197740903, -0.0199706093, 0.896551039, -0.442940437, -5.45403916e-005, 0.442940438, 0.89655104, 9.48207995e-006, 4.46982482e-005, -3.26593136e-005, 0.999999998, 0.896550969, -0.44294058, -4.92209644e-005, 0.44294058, 0.89655097, -5.01466177e-006, 4.63503006e-005, -1.73060626e-005, 0.999999999, 0.150112671, -0.0825955078, -0.206500439, 0, 0, 0, 0, 0, 0, 0, 0.23616582, -0.024122998, -0.169931055, 0, 0, 0, 0, 0, 0, 0, 1, 1, 1, 
72.5835675, 0.1, 0.1, 0.0987439603, 0.197740901, -0.01997033, 0.896551457, -0.442939592, 4.83966181e-005, 0.442939592, 0.896551458, -3.65712714e-006, -4.17701722e-005, 2.4715581e-005, 0.999999999, 0.896551363, -0.442939785, 3.58041547e-005, 0.442939785, 0.896551363, 6.23625931e-006, -3.48625511e-005, 1.02679578e-005, 0.999999999, 0.151397314, -0.0850035645, -0.20550127, 0, 0, 0, 0, 0, 0, 0, 0.237105762, -0.0264366211, -0.169084229, 0, 0, 0, 0, 0, 0, 0, 1, 1, 1, 
72.5842896, 0.1, 0.1, 0.0987439598, 0.197740902, -0.0199695191, 0.896551951, -0.442938591, -5.72562807e-005, 0.442938592, 0.896551953, 3.59666137e-006, 4.97401302e-005, -2.85856101e-005, 0.999999998, 0.896551857, -0.442938783, -3.31804375e-005, 0.442938784, 0.896551858, -7.7681274e-008, 2.9782391e-005, -1.46272573e-005, 0.999999999, 0.151397314, -0.0850035645, -0.20550127, 0, 0, 0, 0, 0, 0, 0, 0.237105762, -0.0264366211, -0.169084229, 0, 0, 0, 0, 0, 0, 0, 1, 1, 1, 
72.5850063, 0.1, 0.1, 0.0987439653, 0.197740903, -0.0199685502, 0.896552356, -0.442937776, 2.62456502e-005, 0.442937776, 0.896552356, -1.62842588e-005, -1.63176862e-005, 2.62248805e-005, 1, 0.896552297, -0.442937894, -9.29221817e-006, 0.442937894, 0.896552297, -1.91632034e-005, 1.68190685e-005, 1.30649385e-005, 1, 0.151397314, -0.0850035645, -0.20550127, 0, 0, 0, 0, 0, 0, 0, 0.237105762, -0.0264366211, -0.169084229, 0, 0, 0, 0, 0, 0, 0, 1, 1, 1, 
