time, realDorsalTactorPos, realVentralTactorPos, boxPosX, boxPosY, boxPosZ, boxLocalRot_11, boxLocalRot_12, boxLocalRot_13, boxLocalRot_21, boxLocalRot_22, boxLocalRot_23, boxLocalRot_31, boxLocalRot_32, boxLocalRot_33, boxGlobalRot_11, boxGlobalRot_12, boxGlobalRot_13, boxGlobalRot_21, boxGlobalRot_22, boxGlobalRot_23, boxGlobalRot_31, boxGlobalRot_32, boxGlobalRot_33, indexPosX, indexPosY, indexPosZ, indexContact, indexForceX, indexForceY, indexForceZ, indexForceGlobalX, indexForceGlobalY, indexForceGlobalZ, thumbPosX, thumbPosY, thumbPosZ, thumbContact, thumbForceX, thumbForceY, thumbForceZ, thumbForceGlobalX, thumbForceGlobalY, thumbForceGlobalZ, hoopSuccess, targetSuccess, trialSuccess, 
94.3933847, 0.1, 0.1, 0.150001616, -0.199999076, -0.0199759921, 0.705262995, -0.708945772, -2.85731137e-005, 0.708945772, 0.705262995, 9.34183346e-006, 1.35287064e-005, -2.68452376e-005, 1, 0.705263174, -0.708945594, -1.5515178e-005, 0.708945594, 0.705263174, -2.4476561e-005, 2.82948338e-005, 6.26299998e-006, 1, 0.188287085, -0.247208447, 0.191792456, 0, 0, 0, 0, 0, 0, 0, 0.215669873, -0.230298584, 0.248490088, 0, 0, 0, 0, 0, 0, 0, 0, 0, 0, 
94.4323175, 0.1, 0.1, 0.150001619, -0.199999115, -0.0199421729, 0.705269677, -0.708939124, 3.55979843e-005, 0.708939124, 0.705269677, -3.58794839e-006, -2.25625419e-005, 2.7767275e-005, 0.999999999, 0.705269636, -0.708939161, 8.53413486e-005, 0.708939163, 0.705269638, 5.72244097e-007, -6.05943483e-005, 6.00982379e-005, 0.999999996, 0.187866113, -0.24686106, 0.191595581, 0, 0, 0, 0, 0, 0, 0, 0.213750977, -0.230811426, 0.248108643, 0, 0, 0, 0, 0, 0, 0, 0, 0, 0, 
94.4335562, 0.1, 0.1, 0.150001641, -0.199999112, -0.019938078, 0.705269914, -0.708938888, 4.2483646e-005, 0.708938889, 0.705269915, 1.52394844e-006, -3.10428237e-005, 2.90435138e-005, 0.999999999, 0.70526986, -0.70893894, -5.57221651e-005, 0.708938941, 0.705269861, -3.39487351e-006, 4.17059217e-005, -3.71093108e-005, 0.999999998, 0.188320654, -0.2475646, 0.191251392, 0, 0, 0, 0, 0, 0, 0, 0.214236035, -0.230860986, 0.247941553, 0, 0, 0, 0, 0, 0, 0, 0, 0, 0, 
94.4347194, 0.1, 0.1, 0.150001636, -0.199999113, -0.0199397449, 0.705270124, -0.708938674, -9.20368051e-005, 0.708938677, 0.705270127, 1.25606699e-006, 6.40203347e-005, -6.61343174e-005, 0.999999996, 0.705270087, -0.708938715, -5.03133709e-005, 0.708938716, 0.705270088, 3.85745837e-006, 3.27498139e-005, -3.83896465e-005, 0.999999999, 0.188320654, -0.2475646, 0.191251392, 0, 0, 0, 0, 0, 0, 0, 0.214236035, -0.230860986, 0.247941553, 0, 0, 0, 0, 0, 0, 0, 0, 0, 0, 
94.4359386, 0.1, 0.1, 0.150001626, -0.199999111, -0.0199449361, 0.705270246, -0.708938551, 0.000102810877, 0.708938555, 0.70527025, -3.39395823e-006, -7.01033454e-005, 7.52802527e-005, 0.999999995, 0.70527023, -0.708938567, 0.000104683219, 0.708938572, 0.705270233, -5.82102045e-006, -6.97032126e-005, 7.83193644e-005, 0.999999995, 0.189444312, -0.247710352, 0.190778931, 0, 0, 0, 0, 0, 0, 0, 0.21477627, -0.230746875, 0.248052637, 0, 0, 0, 0, 0, 0, 0, 0, 0, 0, 
94.4371098, 0.1, 0.1, 0.150001632, -0.199999112, -0.0199509197, 0.705270286, -0.708938518, -2.21151505e-005, 0.708938519, 0.705270286, 6.05927993e-006, 1.13015016e-005, -1.99517121e-005, 1, 0.705270278, -0.708938524, -5.91095192e-005, 0.708938526, 0.705270279, 6.55692525e-006, 3.70397302e-005, -4.65294199e-005, 0.999999998, 0.189444312, -0.247710352, 0.190778931, 0, 0, 0, 0, 0, 0, 0, 0.21477627, -0.230746875, 0.248052637, 0, 0, 0, 0, 0, 0, 0, 0, 0, 0, 
94.4382811, 0.1, 0.1, 0.150001618, -0.199999111, -0.0199551747, 0.705270349, -0.708938456, -3.0143573e-005, 0.708938456, 0.705270349, -3.64947494e-006, 2.38466214e-005, -1.87960717e-005, 1, 0.705270331, -0.708938473, 4.02924336e-005, 0.708938474, 0.705270331, -2.5821405e-006, -2.65864793e-005, 3.03859635e-005, 0.999999999, 0.189444312, -0.247710352, 0.190778931, 0, 0, 0, 0, 0, 0, 0, 0.21477627, -0.230746875, 0.248052637, 0, 0, 0, 0, 0, 0, 0, 0, 0, 0, 
94.4394566, 0.1, 0.1, 0.150001622, -0.199999111, -0.019955925, 0.705270455, -0.708938348, 6.3456778e-005, 0.70893835, 0.705270456, 2.82005603e-006, -4.67534366e-005, 4.29980413e-005, 0.999999998, 0.705270433, -0.708938372, 3.40950395e-005, 0.708938373, 0.705270433, 1.83479865e-006, -2.53469824e-005, 2.28772525e-005, 0.999999999, 0.189444312, -0.247710352, 0.190778931, 0, 0, 0, 0, 0, 0, 0, 0.21477627, -0.230746875, 0.248052637, 0, 0, 0, 0, 0, 0, 0, 0, 0, 0, 
94.4406872, 0.1, 0.1, 0.150001633, -0.19999911, -0.0199525118, 0.705270588, -0.708938214, -8.30357874e-005, 0.708938217, 0.70527059, -1.08267541e-006, 5.93302488e-005, -5.81036639e-005, 0.999999997, 0.705270558, -0.708938243, -8.89205921e-005, 0.708938246, 0.70527056, -2.40543861e-006, 6.44183833e-005, -6.13427236e-005, 0.999999996, 0.189659497, -0.247153296, 0.190646021, 0, 0, 0, 0, 0, 0, 0, 0.21477627, -0.230746875, 0.248052637, 0, 0, 0, 0, 0, 0, 0, 0, 0, 0, 
94.4418574, 0.1, 0.1, 0.150001623, -0.199999111, -0.0199471771, 0.705270745, -0.708938062, 1.96823665e-005, 0.708938062, 0.705270746, 1.97891582e-006, -1.52843261e-005, 1.25579073e-005, 1, 0.705270711, -0.708938093, 6.44373714e-005, 0.708938095, 0.705270713, 4.08721749e-006, -4.8343375e-005, 4.27995125e-005, 0.999999998, 0.189659497, -0.247153296, 0.190646021, 0, 0, 0, 0, 0, 0, 0, 0.215281348, -0.230594678, 0.247953906, 0, 0, 0, 0, 0, 0, 0, 0, 0, 0, 
94.4429275, 0.1, 0.1, 0.150001643, -0.19999911, -0.0199434167, 0.705270902, -0.708937906, 8.30717784e-006, 0.708937906, 0.705270902, 1.09463522e-007, -5.93641365e-006, 5.81207183e-006, 1, 0.705270878, -0.708937928, -5.46615534e-005, 0.708937929, 0.705270879, -3.7645259e-007, 3.88180833e-005, -3.84861474e-005, 0.999999999, 0.189659497, -0.247153296, 0.190646021, 0, 0, 0, 0, 0, 0, 0, 0.215281348, -0.230594678, 0.247953906, 0, 0, 0, 0, 0, 0, 0, 0, 0, 0, 
94.4436527, 0.1, 0.1, 0.150001642, -0.19999911, -0.0199474321, 0.705270993, -0.708937814, -5.2218114e-005, 0.708937814, 0.705270994, -4.24669507e-007, 3.71289855e-005, -3.67198885e-005, 0.999999999, 0.705270977, -0.708937831, -3.0566147e-005, 0.708937832, 0.705270977, 3.72551058e-008, 2.15310048e-005, -2.16957729e-005, 1, 0.189659497, -0.247153296, 0.190646021, 0, 0, 0, 0, 0, 0, 0, 0.215281348, -0.230594678, 0.247953906, 0, 0, 0, 0, 0, 0, 0, 0, 0, 0, 
94.4443774, 0.1, 0.1, 0.15000164, -0.19999911, -0.0199573811, 0.705271079, -0.708937729, 4.88781405e-005, 0.708937729, 0.70527108, 1.35179067e-006, -3.54306743e-005, 3.36981791e-005, 0.999999999, 0.705271062, -0.708937745, 4.56171054e-005, 0.708937746, 0.705271063, 1.73701279e-006, -3.34038584e-005, 3.1114623e-005, 0.999999999, 0.189659497, -0.247153296, 0.190646021, 0, 0, 0, 0, 0, 0, 0, 0.215281348, -0.230594678, 0.247953906, 0, 0, 0, 0, 0, 0, 0, 0, 0, 0, 
94.445114, 0.1, 0.1, 0.150001644, -0.199999112, -0.0199696055, 0.705271297, -0.708937512, -4.39547337e-005, 0.708937513, 0.705271296, 3.79663792e-005, 4.08422161e-006, -5.79377571e-005, 0.999999998, 0.705271225, -0.708937583, -4.41974702e-005, 0.708937584, 0.705271225, 2.62778096e-005, 1.25418772e-005, -4.98662307e-005, 0.999999999, 0.189659497, -0.247153296, 0.190646021, 0, 0, 0, 0, 0, 0, 0, 0.215281348, -0.230594678, 0.247953906, 0, 0, 0, 0, 0, 0, 0, 0, 0, 0, 
94.4458781, 0.1, 0.1, 0.150001644, -0.199999118, -0.019980336, 0.705271866, -0.708936946, 1.64233463e-005, 0.708936947, 0.705271866, -1.0908808e-005, -3.84926712e-006, 1.93367924e-005, 1, 0.705271731, -0.708937081, 1.34531089e-005, 0.708937081, 0.705271731, 1.07450575e-005, -1.71056671e-005, 1.95922245e-006, 1, 0.189890186, -0.246823389, 0.19035542, 0, 0, 0, 0, 0, 0, 0, 0.215298193, -0.230622754, 0.247814893, 0, 0, 0, 0, 0, 0, 0, 0, 0, 0, 
94.4466306, 0.1, 0.1, 0.150001644, -0.199999109, -0.0199856494, 0.705272689, -0.708936129, -1.13808319e-005, 0.708936128, 0.705272689, -3.28519976e-005, 3.13165579e-005, 1.51013338e-005, 0.999999999, 0.705272527, -0.708936289, -7.10340492e-006, 0.708936288, 0.705272527, -4.35952563e-005, 3.59160956e-005, 2.57106751e-005, 0.999999999, 0.189890186, -0.246823389, 0.19035542, 0, 0, 0, 0, 0, 0, 0, 0.215298193, -0.230622754, 0.247814893, 0, 0, 0, 0, 0, 0, 0, 0, 0, 0, 
94.447352, 0.1, 0.1, 0.150001646, -0.199999113, -0.0199850348, 0.705273534, -0.708935288, -5.53806049e-006, 0.708935287, 0.705273533, 4.80524721e-005, -3.01602457e-005, -3.78162633e-005, 0.999999999, 0.705273359, -0.708935462, -1.0098306e-005, 0.708935462, 0.705273358, 4.21451025e-005, -2.27560915e-005, -3.68828652e-005, 0.999999999, 0.189890186, -0.246823389, 0.19035542, 0, 0, 0, 0, 0, 0, 0, 0.215298193, -0.230622754, 0.247814893, 0, 0, 0, 0, 0, 0, 0, 0, 0, 0, 
94.4481488, 0.1, 0.1, 0.150001644, -0.199999114, -0.0199782534, 0.705274498, -0.708934329, 1.47763863e-005, 0.708934329, 0.705274497, -3.45151796e-005, 1.40475873e-005, 3.48181634e-005, 0.999999999, 0.705274328, -0.708934498, 1.22410425e-005, 0.708934498, 0.705274328, -1.81359079e-005, 4.22387776e-006, 2.14688876e-005, 1, 0.189231201, -0.246531543, 0.190122534, 0, 0, 0, 0, 0, 0, 0, 0.215064941, -0.230386328, 0.247348145, 0, 0, 0, 0, 0, 0, 0, 0, 0, 0, 
94.4488768, 0.1, 0.1, 0.150001642, -0.199999111, -0.0199693155, 0.705275216, -0.708933615, -7.96785571e-006, 0.708933615, 0.705275216, 1.28108672e-005, -3.4625232e-006, -1.46838678e-005, 1, 0.705275104, -0.708933726, 4.56564551e-006, 0.708933726, 0.705275104, 8.1958058e-006, -9.03031925e-006, -2.5435577e-006, 1, 0.189231201, -0.246531543, 0.190122534, 0, 0, 0, 0, 0, 0, 0, 0.215064941, -0.230386328, 0.247348145, 0, 0, 0, 0, 0, 0, 0, 0, 0, 0, 
94.4496008, 0.1, 0.1, 0.150001641, -0.199999109, -0.0199610534, 0.705275562, -0.70893327, 2.58703182e-005, 0.70893327, 0.705275562, -7.45211335e-007, -1.77173981e-005, 1.88659087e-005, 1, 0.705275521, -0.70893331, 2.50717007e-005, 0.708933311, 0.705275521, -8.96302207e-006, -1.13282719e-005, 2.40955638e-005, 1, 0.189231201, -0.246531543, 0.190122534, 0, 0, 0, 0, 0, 0, 0, 0.215064941, -0.230386328, 0.247348145, 0, 0, 0, 0, 0, 0, 0, 0, 0, 0, 
94.450349, 0.1, 0.1, 0.150001645, -0.199999113, -0.019955527, 0.705275722, -0.708933111, -8.9221431e-006, 0.708933111, 0.705275721, 3.20940434e-005, -1.64599592e-005, -2.89603523e-005, 0.999999999, 0.705275681, -0.708933151, -3.7174779e-005, 0.708933152, 0.705275681, 2.73131333e-005, 6.85528195e-006, -4.5617722e-005, 0.999999999, 0.189231201, -0.246531543, 0.190122534, 0, 0, 0, 0, 0, 0, 0, 0.215064941, -0.230386328, 0.247348145, 0, 0, 0, 0, 0, 0, 0, 0, 0, 0, 
94.4515086, 0.1, 0.1, 0.150001645, -0.199999107, -0.0199486426, 0.705276663, -0.708932174, -2.13781105e-005, 0.708932174, 0.705276663, -1.10059363e-005, 2.28799448e-005, -7.39340036e-006, 1, 0.70527641, -0.708932426, -3.17914397e-005, 0.708932425, 0.705276411, -2.62144336e-005, 4.10060145e-005, -4.04956084e-006, 0.999999999, 0.189231201, -0.246531543, 0.190122534, 0, 0, 0, 0, 0, 0, 0, 0.215064941, -0.230386328, 0.247348145, 0, 0, 0, 0, 0, 0, 0, 0, 0, 0, 
94.4526855, 0.1, 0.1, 0.150001644, -0.199999108, -0.0199422315, 0.705277653, -0.70893119, -2.13273085e-005, 0.708931189, 0.705277653, -3.08873187e-005, 3.69386577e-005, 6.66454141e-006, 0.999999999, 0.705277549, -0.708931293, -3.25306719e-005, 0.708931293, 0.70527755, -2.26541577e-006, 2.45491767e-005, -2.14642644e-005, 0.999999999, 0.189231201, -0.246531543, 0.190122534, 0, 0, 0, 0, 0, 0, 0, 0.215064941, -0.230386328, 0.247348145, 0, 0, 0, 0, 0, 0, 0, 0, 0, 0, 
94.4539106, 0.1, 0.1, 0.150001641, -0.199999113, -0.0199385283, 0.705278032, -0.708930812, 2.44875734e-005, 0.708930812, 0.705278031, -4.85121852e-005, 1.71212353e-005, 5.15745739e-005, 0.999999999, 0.705277948, -0.708930896, 1.89168201e-005, 0.708930895, 0.705277948, 2.94743924e-005, -3.42369235e-005, -7.3769208e-006, 0.999999999, 0.188564771, -0.24624104, 0.189883545, 0, 0, 0, 0, 0, 0, 0, 0.214586719, -0.23013501, 0.247098291, 0, 0, 0, 0, 0, 0, 0, 0, 0, 0, 
94.4550886, 0.1, 0.1, 0.15000164, -0.199999113, -0.0199400217, 0.705278139, -0.708930705, -5.70065914e-005, 0.708930707, 0.705278135, 7.20237846e-005, -1.08543699e-005, -9.12105238e-005, 0.999999996, 0.70527823, -0.708930616, -1.6660509e-005, 0.708930616, 0.705278228, 6.15407332e-005, -3.18778157e-005, -5.52144842e-005, 0.999999998, 0.188564771, -0.24624104, 0.189883545, 0, 0, 0, 0, 0, 0, 0, 0.214586719, -0.23013501, 0.247098291, 0, 0, 0, 0, 0, 0, 0, 0, 0, 0, 
94.4562899, 0.1, 0.1, 0.150001649, -0.19999911, -0.0199453375, 0.705276825, -0.708932013, 3.3984205e-005, 0.708932014, 0.705276825, -1.20032945e-005, -1.54587525e-005, 3.25581363e-005, 0.999999999, 0.705277165, -0.708931675, 2.62352273e-005, 0.708931676, 0.705277165, -2.11939099e-005, -3.47807267e-006, 3.35465644e-005, 0.999999999, 0.188564771, -0.24624104, 0.189883545, 0, 0, 0, 0, 0, 0, 0, 0.214283154, -0.230264014, 0.247021875, 0, 0, 0, 0, 0, 0, 0, 0, 0, 0, 
94.4574712, 0.1, 0.1, 0.150001659, -0.199999121, -0.0199512268, 0.705275276, -0.708933554, -2.96516557e-005, 0.708933555, 0.705275276, 2.34592016e-005, 4.28156446e-006, -3.75662486e-005, 0.999999999, 0.70527555, -0.708933281, -4.30421178e-005, 0.708933282, 0.705275548, 5.57882573e-005, -9.19359904e-006, -6.98600837e-005, 0.999999998, 0.188564771, -0.24624104, 0.189883545, 0, 0, 0, 0, 0, 0, 0, 0.214283154, -0.230264014, 0.247021875, 0, 0, 0, 0, 0, 0, 0, 0, 0, 0, 
94.458673, 0.1, 0.1, 0.150001652, -0.199999116, -0.0199549936, 0.705273882, -0.708934941, -8.72016742e-006, 0.708934941, 0.705273882, 1.90161996e-005, -7.331142e-006, -1.95936603e-005, 1, 0.705274111, -0.708934714, 1.55429985e-005, 0.708934714, 0.70527411, -2.15274581e-005, 4.29948797e-006, 2.62017301e-005, 1, 0.18791311, -0.246497583, 0.189807495, 0, 0, 0, 0, 0, 0, 0, 0.214283154, -0.230264014, 0.247021875, 0, 0, 0, 0, 0, 0, 0, 0, 0, 0, 
94.4598522, 0.1, 0.1, 0.15000165, -0.199999113, -0.0199550495, 0.705272699, -0.708936117, 4.68194212e-005, 0.708936118, 0.705272697, -5.05231423e-005, 2.79722081e-006, 6.88245717e-005, 0.999999998, 0.705272905, -0.708935912, 3.80783781e-005, 0.708935913, 0.705272905, -2.67771807e-005, -7.8723433e-006, 4.58803498e-005, 0.999999999, 0.18791311, -0.246497583, 0.189807495, 0, 0, 0, 0, 0, 0, 0, 0.214283154, -0.230264014, 0.247021875, 0, 0, 0, 0, 0, 0, 0, 0, 0, 0, 
94.4608315, 0.1, 0.1, 0.150001646, -0.199999111, -0.0199536962, 0.705271818, -0.708936995, -1.21575681e-005, 0.708936995, 0.705271818, 2.12790994e-005, -6.51115065e-006, -2.36264989e-005, 1, 0.705271952, -0.708936861, -1.81287214e-005, 0.708936861, 0.705271952, 1.51520552e-005, 2.04382828e-006, -2.35384384e-005, 1, 0.188558667, -0.246551904, 0.190157788, 0, 0, 0, 0, 0, 0, 0, 0.214283154, -0.230264014, 0.247021875, 0, 0, 0, 0, 0, 0, 0, 0, 0, 0, 
94.4615663, 0.1, 0.1, 0.150001644, -0.199999106, -0.019956506, 0.705271299, -0.708937511, -8.12764068e-006, 0.708937511, 0.705271299, -2.81440257e-005, 2.56845472e-005, 1.40871842e-005, 1, 0.705271377, -0.708937434, 8.68266885e-006, 0.708937433, 0.705271376, -3.64865169e-005, 1.97430199e-005, 3.1888365e-005, 0.999999999, 0.188558667, -0.246551904, 0.190157788, 0, 0, 0, 0, 0, 0, 0, 0.21449126, -0.230242529, 0.247188965, 0, 0, 0, 0, 0, 0, 0, 0, 0, 0, 
94.4622937, 0.1, 0.1, 0.150001647, -0.199999109, -0.0199626021, 0.70527117, -0.70893764, -1.65014571e-006, 0.70893764, 0.70527117, -7.35386459e-006, 6.3772316e-006, 4.01661828e-006, 1, 0.705271179, -0.708937631, -7.38902893e-006, 0.708937631, 0.705271178, 2.08805625e-005, -9.59174735e-006, -1.99648196e-005, 1, 0.188558667, -0.246551904, 0.190157788, 0, 0, 0, 0, 0, 0, 0, 0.21449126, -0.230242529, 0.247188965, 0, 0, 0, 0, 0, 0, 0, 0, 0, 0, 
94.4630556, 0.1, 0.1, 0.150001646, -0.199999111, -0.0199700898, 0.705271007, -0.708937802, -8.63298064e-006, 0.708937801, 0.705271007, 3.21765399e-005, -1.67225745e-005, -2.8813427e-005, 0.999999999, 0.705271066, -0.708937743, 2.28475402e-006, 0.708937743, 0.705271066, 2.75400376e-005, -2.1135543e-005, -1.78034433e-005, 1, 0.188558667, -0.246551904, 0.190157788, 0, 0, 0, 0, 0, 0, 0, 0.21449126, -0.230242529, 0.247188965, 0, 0, 0, 0, 0, 0, 0, 0, 0, 0, 
94.4637843, 0.1, 0.1, 0.150001648, -0.199999107, -0.019975881, 0.705270564, -0.708938242, 1.0419259e-005, 0.708938241, 0.705270563, -4.5754697e-005, 2.50888577e-005, 3.96560521e-005, 0.999999999, 0.705270683, -0.708938124, -5.27519972e-006, 0.708938124, 0.705270682, -3.87155953e-005, 3.11674052e-005, 2.35651841e-005, 0.999999999, 0.188558667, -0.246551904, 0.190157788, 0, 0, 0, 0, 0, 0, 0, 0.21449126, -0.230242529, 0.247188965, 0, 0, 0, 0, 0, 0, 0, 0, 0, 0, 
94.464511, 0.1, 0.1, 0.150001642, -0.199999104, -0.0199789562, 0.705269808, -0.708938995, 1.23512971e-005, 0.708938995, 0.705269808, 1.64330955e-005, -2.03610591e-005, -2.83344994e-006, 1, 0.705269982, -0.708938821, 3.06348483e-005, 0.708938821, 0.705269982, 2.7398226e-006, -2.35482055e-005, 1.97859186e-005, 1, 0.188558667, -0.246551904, 0.190157788, 0, 0, 0, 0, 0, 0, 0, 0.21449126, -0.230242529, 0.247188965, 0, 0, 0, 0, 0, 0, 0, 0, 0, 0, 
94.465249, 0.1, 0.1, 0.150001645, -0.199999105, -0.0199785217, 0.705268802, -0.708939995, -8.45493626e-006, 0.708939995, 0.705268802, -6.48610409e-006, 1.05612614e-005, -1.41959561e-006, 1, 0.705269018, -0.70893978, -2.34627342e-005, 0.70893978, 0.705269019, 4.57509328e-007, 1.6223193e-005, -1.69563328e-005, 1, 0.188558667, -0.246551904, 0.190157788, 0, 0, 0, 0, 0, 0, 0, 0.21449126, -0.230242529, 0.247188965, 0, 0, 0, 0, 0, 0, 0, 0, 0, 0, 
94.4660158, 0.1, 0.1, 0.15000164, -0.199999101, -0.0199742962, 0.705267829, -0.708940964, 1.01974886e-005, 0.708940964, 0.705267828, -1.84660567e-005, 5.89938334e-006, 2.02529331e-005, 1, 0.705267988, -0.708940805, 2.15756882e-005, 0.708940806, 0.705267987, -2.71880682e-005, 4.05808877e-006, 3.44707599e-005, 0.999999999, 0.189209595, -0.247030371, 0.190944434, 0, 0, 0, 0, 0, 0, 0, 0.214741113, -0.230257422, 0.247564404, 0, 0, 0, 0, 0, 0, 0, 0, 0, 0, 
94.4667653, 0.1, 0.1, 0.150001641, -0.199999102, -0.0199683, 0.705267119, -0.708941669, -7.83518011e-007, 0.708941669, 0.705267119, -1.16222576e-005, 8.79209221e-006, 7.64132759e-006, 1, 0.705267242, -0.708941547, -4.32169892e-006, 0.708941547, 0.705267242, 1.01110937e-005, -4.12022173e-006, -1.01948551e-005, 1, 0.189209595, -0.247030371, 0.190944434, 0, 0, 0, 0, 0, 0, 0, 0.214741113, -0.230257422, 0.247564404, 0, 0, 0, 0, 0, 0, 0, 0, 0, 0, 
94.4674931, 0.1, 0.1, 0.150001639, -0.199999103, -0.0199627588, 0.705266513, -0.708942273, 1.24623692e-005, 0.708942272, 0.705266513, 1.63648465e-005, -2.03910232e-005, -2.70647786e-006, 1, 0.705266626, -0.70894216, 1.07543966e-005, 0.70894216, 0.705266626, 2.58979499e-005, -2.59448655e-005, -1.06407146e-005, 1, 0.189209595, -0.247030371, 0.190944434, 0, 0, 0, 0, 0, 0, 0, 0.214741113, -0.230257422, 0.247564404, 0, 0, 0, 0, 0, 0, 0, 0, 0, 0, 
94.4682426, 0.1, 0.1, 0.150001642, -0.199999097, -0.0199589382, 0.705266171, -0.708942612, -2.76246332e-005, 0.708942612, 0.705266172, -1.67088322e-005, 3.13283224e-005, -7.80010549e-006, 0.999999999, 0.705266201, -0.708942582, -3.33458411e-005, 0.708942582, 0.705266201, -3.03887887e-005, 4.50616011e-005, -2.20810113e-006, 0.999999999, 0.189209595, -0.247030371, 0.190944434, 0, 0, 0, 0, 0, 0, 0, 0.214741113, -0.230257422, 0.247564404, 0, 0, 0, 0, 0, 0, 0, 0, 0, 0, 
94.4689658, 0.1, 0.1, 0.150001636, -0.199999103, -0.0199583563, 0.705266051, -0.708942731, 4.40544511e-005, 0.70894273, 0.705266052, 4.07669158e-005, -5.99715174e-005, 2.48056113e-006, 0.999999998, 0.705266075, -0.708942706, 4.38391952e-005, 0.708942705, 0.705266077, 5.07119821e-005, -6.6870187e-005, -4.68596301e-006, 0.999999998, 0.189209595, -0.247030371, 0.190944434, 0, 0, 0, 0, 0, 0, 0, 0.214741113, -0.230257422, 0.247564404, 0, 0, 0, 0, 0, 0, 0, 0, 0, 0, 
94.4696871, 0.1, 0.1, 0.15000164, -0.199999099, -0.0199609358, 0.70526596, -0.70894282, -6.10500893e-005, 0.708942817, 0.705265963, -5.79507747e-005, 8.41403356e-005, -2.4103135e-006, 0.999999996, 0.705265975, -0.708942807, -4.64923641e-005, 0.708942805, 0.705265976, -5.16577965e-005, 6.94119058e-005, 3.47205925e-006, 0.999999998, 0.189209595, -0.247030371, 0.190944434, 0, 0, 0, 0, 0, 0, 0, 0.214741113, -0.230257422, 0.247564404, 0, 0, 0, 0, 0, 0, 0, 0, 0, 0, 
94.4704902, 0.1, 0.1, 0.150001645, -0.199999094, -0.0199657058, 0.70526587, -0.708942912, 2.29726453e-005, 0.708942911, 0.705265871, 1.80903673e-005, -2.90268603e-005, 3.52777545e-006, 1, 0.705265879, -0.708942903, 6.59625398e-007, 0.708942903, 0.705265879, 3.80336975e-006, -3.16158328e-006, -2.21475017e-006, 1, 0.189842456, -0.246702905, 0.192128369, 0, 0, 0, 0, 0, 0, 0, 0.214741113, -0.230257422, 0.247564404, 0, 0, 0, 0, 0, 0, 0, 0, 0, 0, 
94.4712139, 0.1, 0.1, 0.150001642, -0.199999096, -0.0199699929, 0.705265796, -0.708942985, -1.72830221e-005, 0.708942985, 0.705265797, -1.38584614e-005, 2.20139833e-005, -2.47877852e-006, 1, 0.705265801, -0.708942981, 7.23851222e-006, 0.708942981, 0.705265801, 3.64273383e-006, -7.6875657e-006, 2.56259684e-006, 1, 0.189842456, -0.246702905, 0.192128369, 0, 0, 0, 0, 0, 0, 0, 0.214787744, -0.230075439, 0.248430273, 0, 0, 0, 0, 0, 0, 0, 0, 0, 0, 
94.4719457, 0.1, 0.1, 0.150001648, -0.199999091, -0.0199735104, 0.705265731, -0.70894305, -1.18573242e-005, 0.70894305, 0.705265731, -1.2004543e-005, 1.68731017e-005, 6.02252413e-008, 1, 0.705265735, -0.708943046, -2.8665373e-005, 0.708943046, 0.705265735, -2.33115259e-005, 3.67432496e-005, -3.88129642e-006, 0.999999999, 0.189842456, -0.246702905, 0.192128369, 0, 0, 0, 0, 0, 0, 0, 0.214787744, -0.230075439, 0.248430273, 0, 0, 0, 0, 0, 0, 0, 0, 0, 0, 
94.4726969, 0.1, 0.1, 0.150001642, -0.199999094, -0.0199751364, 0.705265741, -0.70894304, 2.49045547e-005, 0.70894304, 0.705265741, 1.39860184e-005, -2.74796197e-005, 7.79205108e-006, 1, 0.705265724, -0.708943056, 3.58863735e-005, 0.708943056, 0.705265725, 1.72352764e-005, -3.75282587e-005, 1.32859456e-005, 0.999999999, 0.189842456, -0.246702905, 0.192128369, 0, 0, 0, 0, 0, 0, 0, 0.214787744, -0.230075439, 0.248430273, 0, 0, 0, 0, 0, 0, 0, 0, 0, 0, 
94.4734521, 0.1, 0.1, 0.150001646, -0.199999091, -0.0199739814, 0.705265669, -0.708943112, -1.85505097e-005, 0.708943111, 0.705265669, -3.11831191e-005, 3.51900951e-005, 8.84112734e-006, 0.999999999, 0.705265704, -0.708943076, -2.36229195e-005, 0.708943076, 0.705265705, -3.16091778e-005, 3.90695427e-005, 5.54556385e-006, 0.999999999, 0.189413428, -0.2466, 0.19257168, 0, 0, 0, 0, 0, 0, 0, 0.214507617, -0.230249121, 0.248885547, 0, 0, 0, 0, 0, 0, 0, 0, 0, 0, 
94.4741931, 0.1, 0.1, 0.150001644, -0.199999095, -0.0199711978, 0.705265571, -0.708943209, 4.12761583e-005, 0.708943208, 0.705265572, 3.47119206e-005, -5.37194338e-005, 4.78132958e-006, 0.999999999, 0.705265559, -0.708943221, 2.64981266e-005, 0.70894322, 0.70526556, 3.91905168e-005, -4.64720673e-005, -8.85405456e-006, 0.999999999, 0.189413428, -0.2466, 0.19257168, 0, 0, 0, 0, 0, 0, 0, 0.214507617, -0.230249121, 0.248885547, 0, 0, 0, 0, 0, 0, 0, 0, 0, 0, 
94.4749241, 0.1, 0.1, 0.150001643, -0.199999096, -0.019967395, 0.705265631, -0.708943149, -3.69366499e-005, 0.708943149, 0.705265632, -2.37406484e-005, 4.28809198e-005, -9.44252151e-006, 0.999999999, 0.705265649, -0.708943131, -2.68047931e-005, 0.708943131, 0.70526565, -4.58313681e-006, 2.21536832e-005, -1.5770745e-005, 1, 0.189413428, -0.2466, 0.19257168, 0, 0, 0, 0, 0, 0, 0, 0.214507617, -0.230249121, 0.248885547, 0, 0, 0, 0, 0, 0, 0, 0, 0, 0, 
94.4756769, 0.1, 0.1, 0.150001646, -0.199999093, -0.0199638609, 0.705265413, -0.708943367, 1.36468248e-005, 0.708943366, 0.705265413, 3.46878981e-005, -3.42163888e-005, -1.47893488e-005, 0.999999999, 0.705265437, -0.708943343, -9.41330807e-006, 0.708943343, 0.705265437, 5.15793479e-006, 2.9821973e-006, -1.03112152e-005, 1, 0.189413428, -0.2466, 0.19257168, 0, 0, 0, 0, 0, 0, 0, 0.214507617, -0.230249121, 0.248885547, 0, 0, 0, 0, 0, 0, 0, 0, 0, 0, 
94.4763998, 0.1, 0.1, 0.150001638, -0.1999991, -0.0199620514, 0.70526553, -0.70894325, 5.87396689e-006, 0.70894325, 0.70526553, 1.71049874e-005, -1.62691717e-005, -7.89924882e-006, 1, 0.705265489, -0.70894329, 3.95329984e-005, 0.70894329, 0.70526549, 2.54752536e-005, -4.59417696e-005, 1.00598368e-005, 0.999999999, 0.189413428, -0.2466, 0.19257168, 0, 0, 0, 0, 0, 0, 0, 0.214507617, -0.230249121, 0.248885547, 0, 0, 0, 0, 0, 0, 0, 0, 0, 0, 
94.4771194, 0.1, 0.1, 0.150001645, -0.199999092, -0.0199623618, 0.705265386, -0.708943393, -2.49805226e-005, 0.708943392, 0.705265386, -4.2180983e-005, 4.75218272e-005, 1.20390108e-005, 0.999999999, 0.705265435, -0.708943344, -3.1188522e-005, 0.708943342, 0.705265435, -5.68341279e-005, 6.22883632e-005, 1.79722508e-005, 0.999999998, 0.189413428, -0.2466, 0.19257168, 0, 0, 0, 0, 0, 0, 0, 0.214507617, -0.230249121, 0.248885547, 0, 0, 0, 0, 0, 0, 0, 0, 0, 0, 
94.4779119, 0.1, 0.1, 0.150001638, -0.199999096, -0.0199643321, 0.705265377, -0.7089434, 5.66329913e-005, 0.7089434, 0.705265379, 2.45172964e-005, -5.73226635e-005, 2.28583851e-005, 0.999999998, 0.70526534, -0.708943437, 5.4049929e-005, 0.708943436, 0.705265342, 3.06992627e-005, -5.98835825e-005, 1.66672165e-005, 0.999999998, 0.189190186, -0.2466, 0.192361987, 0, 0, 0, 0, 0, 0, 0, 0.214507617, -0.230249121, 0.248885547, 0, 0, 0, 0, 0, 0, 0, 0, 0, 0, 
94.4786353, 0.1, 0.1, 0.150001643, -0.199999097, -0.0199667855, 0.705265589, -0.708943188, -7.02582683e-005, 0.708943189, 0.705265591, -7.99460291e-006, 5.52184584e-005, -4.41708025e-005, 0.999999997, 0.705265555, -0.708943223, -5.97499982e-005, 0.708943224, 0.705265556, -2.3291721e-006, 4.37908665e-005, -4.07166715e-005, 0.999999998, 0.189190186, -0.2466, 0.192361987, 0, 0, 0, 0, 0, 0, 0, 0.214505908, -0.230689014, 0.248877246, 0, 0, 0, 0, 0, 0, 0, 0, 0, 0, 
94.4793568, 0.1, 0.1, 0.150001645, -0.199999095, -0.0199695905, 0.705265634, -0.708943146, 4.07427601e-005, 0.708943146, 0.705265635, 6.05550935e-006, -3.30274804e-005, 2.46135579e-005, 0.999999999, 0.705265658, -0.708943123, 2.28387441e-005, 0.708943123, 0.705265658, -5.72567621e-006, -1.20482031e-005, 2.02294934e-005, 1, 0.189190186, -0.2466, 0.192361987, 0, 0, 0, 0, 0, 0, 0, 0.214505908, -0.230689014, 0.248877246, 0, 0, 0, 0, 0, 0, 0, 0, 0, 0, 
94.4800931, 0.1, 0.1, 0.150001643, -0.1999991, -0.0199718648, 0.705265337, -0.708943442, -3.59695193e-005, 0.708943442, 0.705265337, 8.59049826e-006, 1.92778777e-005, -3.15589355e-005, 0.999999999, 0.705265438, -0.708943342, -1.29449047e-005, 0.708943342, 0.705265437, 2.85008669e-005, -1.1075906e-005, -2.92778804e-005, 1, 0.189190186, -0.2466, 0.192361987, 0, 0, 0, 0, 0, 0, 0, 0.214505908, -0.230689014, 0.248877246, 0, 0, 0, 0, 0, 0, 0, 0, 0, 0, 
94.4808309, 0.1, 0.1, 0.150001647, -0.199999093, -0.0199726748, 0.705264633, -0.708944142, 1.70205126e-005, 0.708944143, 0.705264632, -3.21532836e-005, 1.07909165e-005, 3.47431664e-005, 0.999999999, 0.7052648, -0.708943977, -8.94926086e-007, 0.708943976, 0.705264799, -4.38990627e-005, 3.17531359e-005, 3.03260112e-005, 0.999999999, 0.189190186, -0.2466, 0.192361987, 0, 0, 0, 0, 0, 0, 0, 0.214505908, -0.230689014, 0.248877246, 0, 0, 0, 0, 0, 0, 0, 0, 0, 0, 
94.4815583, 0.1, 0.1, 0.150001642, -0.199999099, -0.0199720781, 0.705263587, -0.708945183, 5.41452323e-006, 0.708945183, 0.705263587, 3.90131718e-005, -3.14768663e-005, -2.36759693e-005, 0.999999999, 0.705263815, -0.708944956, 1.61409345e-005, 0.708944955, 0.705263815, 4.49084135e-005, -4.32212103e-005, -2.0229245e-005, 0.999999999, 0.189190186, -0.2466, 0.192361987, 0, 0, 0, 0, 0, 0, 0, 0.214505908, -0.230689014, 0.248877246, 0, 0, 0, 0, 0, 0, 0, 0, 0, 0, 
94.4822817, 0.1, 0.1, 0.150001644, -0.199999093, -0.0199704053, 0.705262348, -0.708946416, -2.04951613e-006, 0.708946414, 0.705262347, -5.51756219e-005, 4.0562006e-005, 3.74602916e-005, 0.999999998, 0.705262602, -0.708946163, -6.87102576e-006, 0.708946162, 0.705262601, -5.52628447e-005, 4.40242592e-005, 3.41036303e-005, 0.999999998, 0.189190186, -0.2466, 0.192361987, 0, 0, 0, 0, 0, 0, 0, 0.214505908, -0.230689014, 0.248877246, 0, 0, 0, 0, 0, 0, 0, 0, 0, 0, 
94.4830699, 0.1, 0.1, 0.150001641, -0.199999098, -0.0199675827, 0.705261011, -0.708947746, 1.83638487e-005, 0.708947743, 0.70526101, 7.27414353e-005, -6.4521183e-005, -3.82826891e-005, 0.999999997, 0.705261262, -0.708947496, 1.61563493e-005, 0.708947494, 0.705261262, 6.36085044e-005, -5.64895372e-005, -3.34066107e-005, 0.999999998, 0.188984399, -0.247021826, 0.191556177, 0, 0, 0, 0, 0, 0, 0, 0.214505908, -0.230689014, 0.248877246, 0, 0, 0, 0, 0, 0, 0, 0, 0, 0, 
94.4838007, 0.1, 0.1, 0.150001639, -0.199999099, -0.0199649293, 0.70526002, -0.708948732, -1.51955845e-005, 0.70894873, 0.70526002, -5.47430054e-005, 4.95268225e-005, 2.78351627e-005, 0.999999998, 0.705260169, -0.708948583, 1.21418729e-006, 0.708948583, 0.705260169, -3.55414027e-005, 2.43407092e-005, 2.59267321e-005, 0.999999999, 0.188984399, -0.247021826, 0.191556177, 0, 0, 0, 0, 0, 0, 0, 0.214756006, -0.23093374, 0.248408301, 0, 0, 0, 0, 0, 0, 0, 0, 0, 0, 
94.4845297, 0.1, 0.1, 0.150001644, -0.199999094, -0.0199634955, 0.705259544, -0.708949205, 1.91865723e-005, 0.708949205, 0.705259544, 5.09996394e-006, -1.71471286e-005, 1.0005507e-005, 1, 0.705259602, -0.708949147, -1.81299879e-005, 0.708949147, 0.705259602, -1.02211926e-005, 2.00326538e-005, -5.64464523e-006, 1, 0.188984399, -0.247021826, 0.191556177, 0, 0, 0, 0, 0, 0, 0, 0.214756006, -0.23093374, 0.248408301, 0, 0, 0, 0, 0, 0, 0, 0, 0, 0, 
94.4852812, 0.1, 0.1, 0.15000164, -0.1999991, -0.0199635715, 0.70525905, -0.708949697, -1.00020586e-005, 0.708949697, 0.70525905, 1.11098402e-005, -8.22275546e-007, -1.49262718e-005, 1, 0.705259186, -0.708949561, 7.47401241e-006, 0.708949561, 0.705259186, 3.70543214e-005, -3.15407608e-005, -2.08342027e-005, 0.999999999, 0.188984399, -0.247021826, 0.191556177, 0, 0, 0, 0, 0, 0, 0, 0.214756006, -0.23093374, 0.248408301, 0, 0, 0, 0, 0, 0, 0, 0, 0, 0, 
94.4860339, 0.1, 0.1, 0.150001649, -0.199999091, -0.0199646143, 0.705258507, -0.708950234, -5.2849415e-005, 0.708950234, 0.705258509, -2.76881517e-005, 5.69020213e-005, -1.79403006e-005, 0.999999998, 0.705258579, -0.708950162, -6.06659889e-005, 0.708950161, 0.705258582, -4.24677634e-005, 7.28927371e-005, -1.30584081e-005, 0.999999997, 0.189638013, -0.24716001, 0.191159009, 0, 0, 0, 0, 0, 0, 0, 0.21529624, -0.230811328, 0.248207764, 0, 0, 0, 0, 0, 0, 0, 0, 0, 0, 
94.4867697, 0.1, 0.1, 0.150001646, -0.199999094, -0.0199666234, 0.705258226, -0.708950516, 3.01220434e-005, 0.708950515, 0.705258227, 4.0705449e-005, -5.0101968e-005, -7.35281459e-006, 0.999999999, 0.705258297, -0.708950444, 4.03367192e-005, 0.708950444, 0.705258298, 2.98708438e-005, -4.96247539e-005, 7.53007455e-006, 0.999999999, 0.189638013, -0.24716001, 0.191159009, 0, 0, 0, 0, 0, 0, 0, 0.21529624, -0.230811328, 0.248207764, 0, 0, 0, 0, 0, 0, 0, 0, 0, 0, 
94.4874984, 0.1, 0.1, 0.150001646, -0.199999092, -0.0199689725, 0.70525779, -0.70895095, -2.03822536e-005, 0.708950949, 0.70525779, -3.8504062e-005, 4.16722345e-005, 1.27052717e-005, 0.999999999, 0.705257867, -0.708950874, -1.15996535e-005, 0.708950873, 0.705257867, -3.55771286e-005, 3.34031833e-005, 1.68674653e-005, 0.999999999, 0.189638013, -0.24716001, 0.191159009, 0, 0, 0, 0, 0, 0, 0, 0.21529624, -0.230811328, 0.248207764, 0, 0, 0, 0, 0, 0, 0, 0, 0, 0, 
94.4882377, 0.1, 0.1, 0.150001645, -0.199999092, -0.0199708461, 0.705257536, -0.708951202, 3.641846e-005, 0.708951201, 0.705257537, 3.2002526e-005, -4.83726227e-005, 3.24888829e-006, 0.999999999, 0.705257573, -0.708951166, 1.87773529e-005, 0.708951165, 0.705257573, 2.1976547e-005, -2.8823169e-005, -2.1869e-006, 1, 0.189638013, -0.24716001, 0.191159009, 0, 0, 0, 0, 0, 0, 0, 0.21529624, -0.230811328, 0.248207764, 0, 0, 0, 0, 0, 0, 0, 0, 0, 0, 
94.4889643, 0.1, 0.1, 0.150001641, -0.199999098, -0.0199718009, 0.705257339, -0.708951399, -1.53380795e-005, 0.708951399, 0.705257339, 4.35432087e-006, 7.73029126e-006, -1.39448697e-005, 1, 0.705257388, -0.70895135, 7.59342145e-006, 0.708951349, 0.705257388, 2.34814854e-005, -2.20025473e-005, -1.11771247e-005, 1, 0.189638013, -0.24716001, 0.191159009, 0, 0, 0, 0, 0, 0, 0, 0.21529624, -0.230811328, 0.248207764, 0, 0, 0, 0, 0, 0, 0, 0, 0, 0, 
94.4896973, 0.1, 0.1, 0.150001644, -0.199999094, -0.0199716277, 0.705256916, -0.70895182, -5.85735436e-006, 0.70895182, 0.705256916, -8.59390921e-007, 4.74020643e-006, -3.54649064e-006, 1, 0.705257008, -0.708951727, -1.09708414e-005, 0.708951727, 0.705257008, -2.39070052e-005, 2.46861754e-005, 9.08278596e-006, 1, 0.189638013, -0.24716001, 0.191159009, 0, 0, 0, 0, 0, 0, 0, 0.21529624, -0.230811328, 0.248207764, 0, 0, 0, 0, 0, 0, 0, 0, 0, 0, 
94.490455, 0.1, 0.1, 0.150001637, -0.199999098, -0.01997018, 0.705256728, -0.708952006, 3.14323967e-005, 0.708952006, 0.705256729, 8.34148507e-006, -2.80816218e-005, 1.64011722e-005, 0.999999999, 0.705256742, -0.708951991, 4.55148172e-005, 0.708951991, 0.705256743, 1.57744123e-005, -4.32829328e-005, 2.11428097e-005, 0.999999999, 0.19010061, -0.247385937, 0.190838623, 0, 0, 0, 0, 0, 0, 0, 0.21529624, -0.230811328, 0.248207764, 0, 0, 0, 0, 0, 0, 0, 0, 0, 0, 
94.4911926, 0.1, 0.1, 0.150001647, -0.199999095, -0.019967882, 0.7052567, -0.708952032, -6.31301497e-005, 0.708952032, 0.705256702, -2.08253542e-005, 5.92871383e-005, -3.00690273e-005, 0.999999998, 0.705256711, -0.70895202, -7.09439278e-005, 0.708952021, 0.705256714, -1.7523341e-005, 6.24568893e-005, -3.79373871e-005, 0.999999997, 0.19010061, -0.247385937, 0.190838623, 0, 0, 0, 0, 0, 0, 0, 0.215512891, -0.230811328, 0.248082178, 0, 0, 0, 0, 0, 0, 0, 0, 0, 0, 
94.4919205, 0.1, 0.1, 0.150001642, -0.199999094, -0.0199659413, 0.705256481, -0.70895225, 5.55845484e-005, 0.70895225, 0.705256483, 1.72996672e-005, -5.14660011e-005, 2.72060882e-005, 0.999999998, 0.705256558, -0.708952174, 5.33512674e-005, 0.708952175, 0.705256559, 4.56127758e-006, -4.08600589e-005, 3.46066261e-005, 0.999999999, 0.19010061, -0.247385937, 0.190838623, 0, 0, 0, 0, 0, 0, 0, 0.215512891, -0.230811328, 0.248082178, 0, 0, 0, 0, 0, 0, 0, 0, 0, 0, 
94.4926651, 0.1, 0.1, 0.150001645, -0.199999097, -0.0199647748, 0.705255852, -0.708952876, -5.56090606e-005, 0.708952876, 0.705255853, -1.72598904e-005, 5.14550644e-005, -2.72515647e-005, 0.999999998, 0.705256028, -0.708952702, -4.59222641e-005, 0.708952703, 0.705256028, 6.35739632e-006, 2.78798603e-005, -3.70403053e-005, 0.999999999, 0.19010061, -0.247385937, 0.190838623, 0, 0, 0, 0, 0, 0, 0, 0.215512891, -0.230811328, 0.248082178, 0, 0, 0, 0, 0, 0, 0, 0, 0, 0, 
94.493396, 0.1, 0.1, 0.150001645, -0.199999089, -0.0199645679, 0.70525476, -0.708953963, 4.32982208e-005, 0.708953964, 0.705254761, -1.00001815e-005, -2.34466081e-005, 3.77491208e-005, 0.999999999, 0.705255007, -0.708953718, 2.35236242e-005, 0.708953718, 0.705255006, -4.17927331e-005, 1.30389597e-005, 4.61516951e-005, 0.999999999, 0.19010061, -0.247385937, 0.190838623, 0, 0, 0, 0, 0, 0, 0, 0.215512891, -0.230811328, 0.248082178, 0, 0, 0, 0, 0, 0, 0, 0, 0, 0, 
94.4941187, 0.1, 0.1, 0.150001642, -0.199999098, -0.0199655762, 0.70525326, -0.708955456, -1.07026544e-005, 0.708955456, 0.705253259, 3.38710957e-005, -1.64650162e-005, -3.1475406e-005, 0.999999999, 0.705253575, -0.708955144, 3.58618107e-006, 0.708955142, 0.705253574, 5.5499832e-005, -4.18760584e-005, -3.65990134e-005, 0.999999998, 0.19010061, -0.247385937, 0.190838623, 0, 0, 0, 0, 0, 0, 0, 0.215512891, -0.230811328, 0.248082178, 0, 0, 0, 0, 0, 0, 0, 0, 0, 0, 
94.4948447, 0.1, 0.1, 0.150001645, -0.19999909, -0.0199673934, 0.705251561, -0.708957146, -8.36801454e-006, 0.708957145, 0.705251561, -4.32147391e-005, 3.65389534e-005, 2.45446985e-005, 0.999999999, 0.705251896, -0.708956814, -1.32195492e-005, 0.708956812, 0.705251895, -5.72027205e-005, 4.98773705e-005, 3.09702376e-005, 0.999999998, 0.19010061, -0.247385937, 0.190838623, 0, 0, 0, 0, 0, 0, 0, 0.215512891, -0.230811328, 0.248082178, 0, 0, 0, 0, 0, 0, 0, 0, 0, 0, 
94.4956191, 0.1, 0.1, 0.150001644, -0.199999099, -0.0199691048, 0.705249876, -0.708958823, 1.36395646e-005, 0.708958821, 0.705249875, 6.58168384e-005, -5.62807295e-005, -3.67474275e-005, 0.999999998, 0.705250171, -0.708958529, 1.13684613e-005, 0.708958527, 0.70525017, 7.10529808e-005, -5.8391226e-005, -4.20503593e-005, 0.999999997, 0.189898242, -0.247418408, 0.190543262, 0, 0, 0, 0, 0, 0, 0, 0.215521436, -0.230616162, 0.247743115, 0, 0, 0, 0, 0, 0, 0, 0, 0, 0, 
94.4963424, 0.1, 0.1, 0.150001644, -0.199999098, -0.0199700946, 0.70524866, -0.708960032, -2.30441016e-005, 0.708960031, 0.70524866, -3.85841511e-005, 4.36064428e-005, 1.08740738e-005, 0.999999999, 0.705248858, -0.708959835, -1.12521013e-005, 0.708959835, 0.705248858, -3.62002516e-005, 3.3600056e-005, 1.75528982e-005, 0.999999999, 0.189898242, -0.247418408, 0.190543262, 0, 0, 0, 0, 0, 0, 0, 0.215521436, -0.230616162, 0.247743115, 0, 0, 0, 0, 0, 0, 0, 0, 0, 0, 
94.4970692, 0.1, 0.1, 0.150001645, -0.199999097, -0.0199705083, 0.705247881, -0.708960807, 3.24987248e-005, 0.708960807, 0.705247881, 1.9066623e-005, -3.64371453e-005, 9.59362667e-006, 0.999999999, 0.705248022, -0.708960667, 1.70058104e-005, 0.708960667, 0.705248022, 8.53817626e-006, -1.80465453e-005, 6.0349188e-006, 1, 0.189898242, -0.247418408, 0.190543262, 0, 0, 0, 0, 0, 0, 0, 0.215521436, -0.230616162, 0.247743115, 0, 0, 0, 0, 0, 0, 0, 0, 0, 0, 
94.4978367, 0.1, 0.1, 0.150001643, -0.1999991, -0.0199700546, 0.705247018, -0.708961665, -1.89243572e-005, 0.708961665, 0.705247019, -2.91294274e-005, 3.39979939e-005, 7.12679811e-006, 0.999999999, 0.705247224, -0.70896146, -5.73899885e-006, 0.708961461, 0.705247224, 7.99001963e-006, -1.61720298e-006, -9.70366818e-006, 1, 0.189253296, -0.247537769, 0.189964233, 0, 0, 0, 0, 0, 0, 0, 0.215521436, -0.230616162, 0.247743115, 0, 0, 0, 0, 0, 0, 0, 0, 0, 0, 
94.4985659, 0.1, 0.1, 0.15000165, -0.199999093, -0.019968778, 0.705246328, -0.708962352, -1.63168922e-005, 0.708962352, 0.705246328, -1.07617399e-005, 1.91370967e-005, -3.97838478e-006, 1, 0.705246434, -0.708962245, -3.84282145e-005, 0.708962245, 0.705246435, -2.39468612e-005, 4.40787818e-005, -1.03557147e-005, 0.999999999, 0.189253296, -0.247537769, 0.189964233, 0, 0, 0, 0, 0, 0, 0, 0.215289893, -0.230386328, 0.247317871, 0, 0, 0, 0, 0, 0, 0, 0, 0, 0, 
94.4992922, 0.1, 0.1, 0.150001644, -0.199999097, -0.0199674546, 0.705245792, -0.708962885, 2.01489334e-005, 0.708962884, 0.705245793, 2.69814068e-005, -3.33387665e-005, -4.74367771e-006, 0.999999999, 0.705245915, -0.708962762, 3.19303724e-005, 0.708962761, 0.705245916, 3.34618627e-005, -4.62419793e-005, -9.61397016e-007, 0.999999999, 0.189253296, -0.247537769, 0.189964233, 0, 0, 0, 0, 0, 0, 0, 0.215289893, -0.230386328, 0.247317871, 0, 0, 0, 0, 0, 0, 0, 0, 0, 0, 
94.500031, 0.1, 0.1, 0.150001649, -0.199999092, -0.0199664433, 0.705245201, -0.708963472, -4.53302909e-005, 0.708963471, 0.705245202, -2.41231311e-005, 4.90713889e-005, -1.5124798e-005, 0.999999999, 0.705245308, -0.708963366, -3.75186719e-005, 0.708963365, 0.705245309, -3.77772245e-005, 5.32425356e-005, 4.2846411e-008, 0.999999999, 0.189253296, -0.247537769, 0.189964233, 0, 0, 0, 0, 0, 0, 0, 0.215289893, -0.230386328, 0.247317871, 0, 0, 0, 0, 0, 0, 0, 0, 0, 0, 
94.5007753, 0.1, 0.1, 0.150001645, -0.199999095, -0.0199658294, 0.705244847, -0.708963824, 5.45195252e-005, 0.708963823, 0.705244849, 3.72388104e-005, -6.48505837e-005, 1.23898919e-005, 0.999999998, 0.705244919, -0.708963752, 4.98579924e-005, 0.708963751, 0.705244921, 2.76837371e-005, -5.47888621e-005, 1.58236944e-005, 0.999999998, 0.189253296, -0.247537769, 0.189964233, 0, 0, 0, 0, 0, 0, 0, 0.215289893, -0.230386328, 0.247317871, 0, 0, 0, 0, 0, 0, 0, 0, 0, 0, 
94.5015019, 0.1, 0.1, 0.150001643, -0.199999098, -0.0199660227, 0.70524446, -0.708964209, -3.53381839e-005, 0.708964209, 0.705244461, -1.76663771e-005, 3.74468875e-005, -1.2594393e-005, 0.999999999, 0.705244506, -0.708964165, -9.49455358e-006, 0.708964165, 0.705244506, -1.07760475e-005, 1.43358132e-005, 8.68450012e-007, 1, 0.189253296, -0.247537769, 0.189964233, 0, 0, 0, 0, 0, 0, 0, 0.215289893, -0.230386328, 0.247317871, 0, 0, 0, 0, 0, 0, 0, 0, 0, 0, 
