time, realDorsalTactorPos, realVentralTactorPos, boxPosX, boxPosY, boxPosZ, boxLocalRot_11, boxLocalRot_12, boxLocalRot_13, boxLocalRot_21, boxLocalRot_22, boxLocalRot_23, boxLocalRot_31, boxLocalRot_32, boxLocalRot_33, boxGlobalRot_11, boxGlobalRot_12, boxGlobalRot_13], boxGlobalRot_21, boxGlobalRot_22, boxGlobalRot_23, boxGlobalRot_31, boxGlobalRot_32, boxGlobalRot_33, indexPosX, indexPosY, indexPosZ, indexContact, indexForceX, indexForceY, indexForceZ, indexForceGlobalX, indexForceGlobalY, indexForceGlobalZ, thumbPosX, thumbPosY, thumbPosZ, thumbContact, thumbForceX, thumbForceY, thumbForceZ, thumbForceGlobalX, thumbForceGlobalY, thumbForceGlobalZ, hoopSuccess, targetSuccess, trialSuccess, 
67.6672369, 0.1, 0.1, 0.105711742, 0.185378628, -0.0199726126, 0.853217084, -0.521555948, -5.71252235e-006, 0.521555948, 0.853217084, -1.93791639e-005, 1.49813399e-005, 1.35552337e-005, 1, 0.85321708, -0.521555955, 2.93572248e-006, 0.521555955, 0.85321708, 1.73363588e-006, -3.40899668e-006, 5.19757933e-008, 1, 0.216719165, -0.110471216, -0.269255225, 0, 0, 0, 0, 0, 0, 0, 0.29409541, -0.0556017578, -0.225056201, 0, 0, 0, 0, 0, 0, 0, 1, 1, 1, 
67.690413, 0.1, 0.1, 0.105711736, 0.185378639, -0.0199714506, 0.853239516, -0.52151925, 1.44233616e-005, 0.52151925, 0.853239516, -3.21832199e-006, -1.06281652e-005, 1.02680602e-005, 1, 0.853239499, -0.521519278, -5.13565187e-006, 0.521519278, 0.853239499, 1.55845007e-006, 3.56917927e-006, -4.00807261e-006, 1, 0.214170752, -0.111093677, -0.267425562, 0, 0, 0, 0, 0, 0, 0, 0.291648096, -0.0566061523, -0.223091064, 0, 0, 0, 0, 0, 0, 0, 1, 1, 1, 
67.6911526, 0.1, 0.1, 0.105711736, 0.185378639, -0.0199660574, 0.853239599, -0.521519115, -7.8821842e-006, 0.521519115, 0.853239599, 1.02798971e-006, 6.1892754e-006, -4.98783126e-006, 1, 0.853239582, -0.521519141, -1.7130671e-005, 0.521519142, 0.853239582, 3.1660162e-006, 1.29654285e-005, -1.16353432e-005, 1, 0.214170752, -0.111093677, -0.267425562, 0, 0, 0, 0, 0, 0, 0, 0.291648096, -0.0566061523, -0.223091064, 0, 0, 0, 0, 0, 0, 0, 1, 1, 1, 
67.691877, 0.1, 0.1, 0.105711736, 0.185378639, -0.0199615924, 0.853239668, -0.521519, -1.85762717e-005, 0.521519001, 0.853239669, 5.80526097e-006, 1.2822458e-005, -1.46411576e-005, 1, 0.853239656, -0.521519022, -1.03561181e-005, 0.521519022, 0.853239656, 3.49671927e-006, 7.01264505e-006, -8.38445213e-006, 1, 0.214170752, -0.111093677, -0.267425562, 0, 0, 0, 0, 0, 0, 0, 0.291648096, -0.0566061523, -0.223091064, 0, 0, 0, 0, 0, 0, 0, 1, 1, 1, 
67.6925988, 0.1, 0.1, 0.105711735, 0.185378639, -0.0199595398, 0.85323973, -0.5215189, -1.2702409e-005, 0.5215189, 0.85323973, 2.45794491e-006, 9.5563353e-006, -8.72176262e-006, 1, 0.853239718, -0.52151892, 1.50835851e-005, 0.52151892, 0.853239718, -3.40910591e-006, -1.10920006e-005, 1.07751596e-005, 1, 0.214170752, -0.111093677, -0.267425562, 0, 0, 0, 0, 0, 0, 0, 0.291648096, -0.0566061523, -0.223091064, 0, 0, 0, 0, 0, 0, 0, 1, 1, 1, 
67.6933192, 0.1, 0.1, 0.105711735, 0.18537864, -0.0199603232, 0.853239784, -0.521518811, 1.21732937e-005, 0.521518811, 0.853239784, -4.04316785e-006, -8.27815042e-006, 9.79839334e-006, 1, 0.853239774, -0.521518827, 2.17518859e-005, 0.521518827, 0.853239774, -6.77365994e-006, -1.50269831e-005, 1.71235741e-005, 1, 0.214170752, -0.111093677, -0.267425562, 0, 0, 0, 0, 0, 0, 0, 0.291648096, -0.0566061523, -0.223091064, 0, 0, 0, 0, 0, 0, 0, 1, 1, 1, 
67.6941452, 0.1, 0.1, 0.105711736, 0.185378639, -0.0199632235, 0.853239838, -0.521518723, 2.86874849e-005, 0.521518723, 0.853239838, -6.05671074e-006, -2.1318617e-005, 2.01288874e-005, 1, 0.853239828, -0.521518739, 2.1102825e-005, 0.521518739, 0.853239828, -4.09489326e-006, -1.58702072e-005, 1.44994447e-005, 1, 0.21428291, -0.110141626, -0.267556763, 0, 0, 0, 0, 0, 0, 0, 0.291429346, -0.055870752, -0.223695361, 0, 0, 0, 0, 0, 0, 0, 1, 1, 1, 
67.6948632, 0.1, 0.1, 0.105711736, 0.185378639, -0.0199664718, 0.853239883, -0.521518649, 1.45117141e-005, 0.521518649, 0.853239883, -5.18506139e-006, -9.67786706e-006, 1.19922307e-005, 1, 0.853239875, -0.521518663, -6.97961739e-006, 0.521518663, 0.853239875, 2.78965738e-007, 5.80980204e-006, -3.87802542e-006, 1, 0.21428291, -0.110141626, -0.267556763, 0, 0, 0, 0, 0, 0, 0, 0.291429346, -0.055870752, -0.223695361, 0, 0, 0, 0, 0, 0, 0, 1, 1, 1, 
67.6955808, 0.1, 0.1, 0.105711737, 0.185378639, -0.0199701386, 0.85323992, -0.521518588, -1.04319078e-005, 0.521518588, 0.85323992, 2.76148512e-006, 7.46075436e-006, -7.79664317e-006, 1, 0.853239913, -0.521518601, -1.64658597e-005, 0.521518601, 0.853239913, 3.48510382e-006, 1.22317823e-005, -1.15608818e-005, 1, 0.21428291, -0.110141626, -0.267556763, 0, 0, 0, 0, 0, 0, 0, 0.291429346, -0.055870752, -0.223695361, 0, 0, 0, 0, 0, 0, 0, 1, 1, 1, 
67.6963027, 0.1, 0.1, 0.105711738, 0.185378639, -0.0199730886, 0.853239956, -0.52151853, -1.85315248e-005, 0.52151853, 0.853239956, 5.86254124e-006, 1.27544135e-005, -1.4666688e-005, 1, 0.853239949, -0.521518541, -1.21973181e-005, 0.521518541, 0.85323995, 4.44487073e-006, 8.08915657e-006, -1.01536688e-005, 1, 0.21428291, -0.110141626, -0.267556763, 0, 0, 0, 0, 0, 0, 0, 0.291429346, -0.055870752, -0.223695361, 0, 0, 0, 0, 0, 0, 0, 1, 1, 1, 
67.6970245, 0.1, 0.1, 0.105711739, 0.185378639, -0.0199744576, 0.853239985, -0.521518482, -1.56231506e-005, 0.521518482, 0.853239985, 2.87826007e-006, 1.1829231e-005, -1.06036084e-005, 1, 0.853239979, -0.521518492, 1.89260243e-006, 0.521518492, 0.853239979, -9.77062233e-007, -1.10528804e-006, 1.82069573e-006, 1, 0.21428291, -0.110141626, -0.267556763, 0, 0, 0, 0, 0, 0, 0, 0.291429346, -0.055870752, -0.223695361, 0, 0, 0, 0, 0, 0, 0, 1, 1, 1, 
67.6977448, 0.1, 0.1, 0.10571174, 0.185378638, -0.0199739086, 0.853240013, -0.521518437, 1.69282003e-006, 0.521518437, 0.853240013, -7.03124899e-008, -1.40771253e-006, 9.42830288e-007, 1, 0.853240008, -0.521518445, 7.85474899e-006, 0.521518445, 0.853240008, -2.02678361e-006, -5.64498106e-006, 5.82572934e-006, 1, 0.21428291, -0.110141626, -0.267556763, 0, 0, 0, 0, 0, 0, 0, 0.291429346, -0.055870752, -0.223695361, 0, 0, 0, 0, 0, 0, 0, 1, 1, 1, 
67.6984621, 0.1, 0.1, 0.105711742, 0.185378638, -0.0199718027, 0.853240034, -0.521518402, 1.1402135e-005, 0.521518402, 0.853240034, -2.64588532e-006, -8.34888019e-006, 8.20399851e-006, 1, 0.85324003, -0.521518409, 5.27322543e-006, 0.521518409, 0.85324003, -7.87829683e-007, -4.08845935e-006, 3.42229196e-006, 1, 0.21428291, -0.110141626, -0.267556763, 0, 0, 0, 0, 0, 0, 0, 0.291429346, -0.055870752, -0.223695361, 0, 0, 0, 0, 0, 0, 0, 1, 1, 1, 
67.6992041, 0.1, 0.1, 0.105711745, 0.185378637, -0.0199685176, 0.853240058, -0.521518364, 8.31352892e-006, 0.521518364, 0.853240058, -2.60736207e-006, -5.73364869e-006, 6.56036377e-006, 1, 0.853240053, -0.521518372, -1.40473034e-005, 0.521518372, 0.853240053, 2.44893674e-006, 1.07085564e-005, -9.41545769e-006, 1, 0.214482349, -0.109673413, -0.267307764, 0, 0, 0, 0, 0, 0, 0, 0.291005176, -0.055830957, -0.223854639, 0, 0, 0, 0, 0, 0, 0, 1, 1, 1, 
67.6999217, 0.1, 0.1, 0.105711746, 0.185378637, -0.0199655748, 0.853240074, -0.521518336, -9.65080212e-006, 0.521518336, 0.853240075, 3.53672443e-006, 6.38998448e-006, -8.05074528e-006, 1, 0.853240071, -0.521518341, -1.90775646e-005, 0.521518342, 0.853240071, 5.82590321e-006, 1.32394272e-005, -1.49201939e-005, 1, 0.214482349, -0.109673413, -0.267307764, 0, 0, 0, 0, 0, 0, 0, 0.291005176, -0.055830957, -0.223854639, 0, 0, 0, 0, 0, 0, 0, 1, 1, 1, 
67.700636, 0.1, 0.1, 0.105711745, 0.185378637, -0.0199637773, 0.853240091, -0.521518309, -1.64558362e-005, 0.521518309, 0.853240091, 2.57172938e-006, 1.26995753e-005, -1.07763225e-005, 1, 0.853240088, -0.521518315, -9.30963792e-006, 0.521518315, 0.853240088, 1.48397162e-006, 7.16943789e-006, -6.12133075e-006, 1, 0.214482349, -0.109673413, -0.267307764, 0, 0, 0, 0, 0, 0, 0, 0.291005176, -0.055830957, -0.223854639, 0, 0, 0, 0, 0, 0, 0, 1, 1, 1, 
67.7013789, 0.1, 0.1, 0.105711744, 0.185378638, -0.0199633396, 0.853240104, -0.521518288, -6.05398455e-006, 0.521518288, 0.853240104, 6.47895899e-007, 4.82761285e-006, -3.71007442e-006, 1, 0.853240102, -0.521518291, 1.8291368e-005, 0.521518291, 0.853240102, -5.91883724e-006, -1.25201468e-005, 1.45894723e-005, 1, 0.214598804, -0.109904102, -0.266897168, 0, 0, 0, 0, 0, 0, 0, 0.290760205, -0.0557975098, -0.22362627, 0, 0, 0, 0, 0, 0, 0, 1, 1, 1, 
67.7020951, 0.1, 0.1, 0.105711743, 0.185378638, -0.0199644322, 0.853240118, -0.521518266, 1.75714201e-005, 0.521518266, 0.853240118, -2.08932038e-006, -1.39030218e-005, 1.09465085e-005, 1, 0.853240115, -0.52151827, 2.62562428e-005, 0.52151827, 0.853240115, -4.25945902e-006, -2.0181494e-005, 1.73274517e-005, 1, 0.214598804, -0.109904102, -0.266897168, 0, 0, 0, 0, 0, 0, 0, 0.290760205, -0.0557975098, -0.22362627, 0, 0, 0, 0, 0, 0, 0, 1, 1, 1, 
67.7028163, 0.1, 0.1, 0.105711743, 0.185378637, -0.0199667614, 0.853240129, -0.521518248, 2.09676572e-005, 0.521518248, 0.853240129, -5.25419784e-006, -1.51502865e-005, 1.54181083e-005, 1, 0.853240126, -0.521518251, 1.43184083e-005, 0.521518251, 0.853240127, -2.86377435e-006, -1.07235299e-005, 9.91079847e-006, 1, 0.214598804, -0.109904102, -0.266897168, 0, 0, 0, 0, 0, 0, 0, 0.290760205, -0.0557975098, -0.22362627, 0, 0, 0, 0, 0, 0, 0, 1, 1, 1, 
67.7035299, 0.1, 0.1, 0.105711744, 0.185378637, -0.0199694543, 0.853240141, -0.521518228, 9.86543037e-006, 0.521518228, 0.853240141, -2.95226396e-006, -6.87792173e-006, 7.66399188e-006, 1, 0.853240138, -0.521518232, -9.90311219e-006, 0.521518232, 0.853240138, 1.55127598e-006, 7.64071411e-006, -6.4882645e-006, 1, 0.214598804, -0.109904102, -0.266897168, 0, 0, 0, 0, 0, 0, 0, 0.290760205, -0.0557975098, -0.22362627, 0, 0, 0, 0, 0, 0, 0, 1, 1, 1, 
67.7042482, 0.1, 0.1, 0.105711745, 0.185378637, -0.0199717324, 0.853240149, -0.521518215, -1.09842167e-005, 0.521518215, 0.853240149, 3.77337467e-006, 7.40429111e-006, -8.94806388e-006, 1, 0.853240147, -0.521518217, -1.72239592e-005, 0.521518217, 0.853240147, 5.27668509e-006, 1.19442861e-005, -1.34848881e-005, 1, 0.214598804, -0.109904102, -0.266897168, 0, 0, 0, 0, 0, 0, 0, 0.290760205, -0.0557975098, -0.22362627, 0, 0, 0, 0, 0, 0, 0, 1, 1, 1, 
67.7049639, 0.1, 0.1, 0.105711746, 0.185378637, -0.0199729454, 0.853240157, -0.521518201, -1.82150153e-005, 0.521518202, 0.853240157, 3.87768586e-006, 1.35194987e-005, -1.28080593e-005, 1, 0.853240155, -0.521518204, -1.23510224e-005, 0.521518204, 0.853240155, 2.7627716e-006, 9.09755261e-006, -8.79859071e-006, 1, 0.214598804, -0.109904102, -0.266897168, 0, 0, 0, 0, 0, 0, 0, 0.290760205, -0.0557975098, -0.22362627, 0, 0, 0, 0, 0, 0, 0, 1, 1, 1, 
67.7056788, 0.1, 0.1, 0.105711746, 0.185378637, -0.0199728081, 0.853240164, -0.52151819, -1.29405897e-005, 0.52151819, 0.853240164, 3.50125321e-006, 9.21546368e-006, -9.7361628e-006, 1, 0.853240163, -0.521518192, 5.28979324e-006, 0.521518192, 0.853240163, -1.16289168e-006, -3.90699488e-006, 3.75094929e-006, 1, 0.214598804, -0.109904102, -0.266897168, 0, 0, 0, 0, 0, 0, 0, 0.290760205, -0.0557975098, -0.22362627, 0, 0, 0, 0, 0, 0, 0, 1, 1, 1, 
67.7064233, 0.1, 0.1, 0.105711747, 0.185378636, -0.0199710868, 0.853240168, -0.521518183, 6.59615819e-006, 0.521518183, 0.853240168, -1.90462181e-006, -4.63481222e-006, 5.06511627e-006, 1, 0.853240167, -0.521518184, 1.35613935e-005, 0.521518184, 0.853240167, -3.56377028e-006, -9.71255463e-006, 1.01132653e-005, 1, 0.213613574, -0.110590063, -0.266493896, 0, 0, 0, 0, 0, 0, 0, 0.290334961, -0.056273291, -0.223182959, 0, 0, 0, 0, 0, 0, 0, 1, 1, 1, 
67.7071765, 0.1, 0.1, 0.105711748, 0.185378636, -0.0199683392, 0.853240172, -0.521518176, 1.84992565e-005, 0.521518176, 0.853240172, -4.41913558e-006, -1.34796492e-005, 1.34182825e-005, 1, 0.853240171, -0.521518178, 1.18516399e-005, 0.521518178, 0.853240171, -2.76118977e-006, -8.67228458e-006, 8.53680366e-006, 1, 0.213613574, -0.110590063, -0.266493896, 0, 0, 0, 0, 0, 0, 0, 0.290334961, -0.056273291, -0.223182959, 0, 0, 0, 0, 0, 0, 0, 1, 1, 1, 
67.7078966, 0.1, 0.1, 0.105711749, 0.185378636, -0.0199657869, 0.853240178, -0.521518166, 1.39740537e-005, 0.521518166, 0.853240179, -3.09579916e-006, -1.03087086e-005, 9.9291831e-006, 1, 0.853240177, -0.521518169, -9.51605954e-006, 0.521518169, 0.853240177, 2.1897477e-006, 6.97749111e-006, -6.83117867e-006, 1, 0.213613574, -0.110590063, -0.266493896, 0, 0, 0, 0, 0, 0, 0, 0.290334961, -0.056273291, -0.223182959, 0, 0, 0, 0, 0, 0, 0, 1, 1, 1, 
67.7086105, 0.1, 0.1, 0.10571175, 0.185378636, -0.0199643134, 0.853240185, -0.521518155, -9.04370614e-006, 0.521518155, 0.853240185, 1.66893387e-006, 6.84607419e-006, -6.14045839e-006, 1, 0.853240184, -0.521518157, -1.77794073e-005, 0.521518157, 0.853240184, 3.93146586e-006, 1.31197739e-005, -1.26267684e-005, 1, 0.213613574, -0.110590063, -0.266493896, 0, 0, 0, 0, 0, 0, 0, 0.290334961, -0.056273291, -0.223182959, 0, 0, 0, 0, 0, 0, 0, 1, 1, 1, 
67.7093334, 0.1, 0.1, 0.105711749, 0.185378636, -0.0199642033, 0.853240188, -0.52151815, -1.75325841e-005, 0.52151815, 0.853240188, 4.80732062e-006, 1.24524004e-005, -1.324536e-005, 1, 0.853240188, -0.521518151, -9.80982378e-006, 0.521518151, 0.853240188, 2.81257137e-006, 6.90332887e-006, -7.51580009e-006, 1, 0.213613574, -0.110590063, -0.266493896, 0, 0, 0, 0, 0, 0, 0, 0.290334961, -0.056273291, -0.223182959, 0, 0, 0, 0, 0, 0, 0, 1, 1, 1, 
67.7100532, 0.1, 0.1, 0.105711749, 0.185378636, -0.019965381, 0.85324019, -0.521518148, -1.00404908e-005, 0.521518148, 0.85324019, 2.1851607e-006, 7.42734935e-006, -7.10076512e-006, 1, 0.85324019, -0.521518148, 1.32790355e-005, 0.521518148, 0.85324019, -3.51848524e-006, -9.49525284e-006, 9.92737101e-006, 1, 0.213613574, -0.110590063, -0.266493896, 0, 0, 0, 0, 0, 0, 0, 0.290334961, -0.056273291, -0.223182959, 0, 0, 0, 0, 0, 0, 0, 1, 1, 1, 
67.7107976, 0.1, 0.1, 0.105711749, 0.185378636, -0.0199674174, 0.853240194, -0.52151814, 1.06339676e-005, 0.52151814, 0.853240194, -1.97757504e-006, -8.04198733e-006, 7.23315352e-006, 1, 0.853240193, -0.521518142, 1.93632143e-005, 0.521518142, 0.853240193, -3.89221667e-006, -1.44916111e-005, 1.34192633e-005, 1, 0.21316001, -0.110316528, -0.266664282, 0, 0, 0, 0, 0, 0, 0, 0.290334961, -0.056273291, -0.223182959, 0, 0, 0, 0, 0, 0, 0, 1, 1, 1, 
67.7115155, 0.1, 0.1, 0.10571175, 0.185378636, -0.0199693676, 0.853240199, -0.521518133, 1.5173496e-005, 0.521518133, 0.853240199, -3.94057175e-006, -1.08915572e-005, 1.12755076e-005, 1, 0.853240198, -0.521518134, 8.83139062e-006, 0.521518134, 0.853240198, -2.51584435e-006, -6.22323903e-006, 6.75234989e-006, 1, 0.21316001, -0.110316528, -0.266664282, 0, 0, 0, 0, 0, 0, 0, 0.290111719, -0.056275, -0.222961426, 0, 0, 0, 0, 0, 0, 0, 1, 1, 1, 
67.7122427, 0.1, 0.1, 0.105711752, 0.185378635, -0.019970877, 0.853240199, -0.521518132, 6.83669672e-006, 0.521518132, 0.853240199, -1.75907512e-006, -4.9159549e-006, 5.06637491e-006, 1, 0.853240199, -0.521518132, -1.25267552e-005, 0.521518132, 0.853240199, 2.99418691e-006, 9.12680833e-006, -9.08769061e-006, 1, 0.21316001, -0.110316528, -0.266664282, 0, 0, 0, 0, 0, 0, 0, 0.290111719, -0.056275, -0.222961426, 0, 0, 0, 0, 0, 0, 0, 1, 1, 1, 
67.7129666, 0.1, 0.1, 0.105711753, 0.185378635, -0.0199715367, 0.853240198, -0.521518135, -1.15192618e-005, 0.521518135, 0.853240198, 2.55927247e-006, 8.49399022e-006, -8.19117808e-006, 1, 0.853240198, -0.521518134, -1.85761348e-005, 0.521518134, 0.853240198, 4.5887225e-006, 1.3456803e-005, -1.36030737e-005, 1, 0.21316001, -0.110316528, -0.266664282, 0, 0, 0, 0, 0, 0, 0, 0.290111719, -0.056275, -0.222961426, 0, 0, 0, 0, 0, 0, 0, 1, 1, 1, 
67.7137049, 0.1, 0.1, 0.105711754, 0.185378635, -0.0199710822, 0.853240194, -0.521518141, -1.74700762e-005, 0.521518141, 0.853240194, 4.33099346e-006, 1.26474796e-005, -1.28063394e-005, 1, 0.853240195, -0.521518139, -1.18594548e-005, 0.521518139, 0.853240195, 2.89097622e-006, 8.61126695e-006, -8.6516179e-006, 1, 0.21316001, -0.110316528, -0.266664282, 0, 0, 0, 0, 0, 0, 0, 0.290133447, -0.0560852051, -0.222748193, 0, 0, 0, 0, 0, 0, 0, 1, 1, 1, 
67.7144276, 0.1, 0.1, 0.105711753, 0.185378635, -0.0199697305, 0.853240189, -0.521518148, -1.04865811e-005, 0.521518148, 0.85324019, 2.51528204e-006, 7.63580722e-006, -7.61508209e-006, 1, 0.85324019, -0.521518147, 9.7611711e-006, 0.521518147, 0.85324019, -2.40010938e-006, -7.07692289e-006, 7.13849765e-006, 1, 0.21316001, -0.110316528, -0.266664282, 0, 0, 0, 0, 0, 0, 0, 0.290133447, -0.0560852051, -0.222748193, 0, 0, 0, 0, 0, 0, 0, 1, 1, 1, 
67.7151476, 0.1, 0.1, 0.105711753, 0.185378635, -0.0199681075, 0.853240185, -0.521518155, 1.17419323e-005, 0.521518155, 0.853240185, -2.65282863e-006, -8.63519023e-006, 8.38713088e-006, 1, 0.853240186, -0.521518153, 1.94289949e-005, 0.521518154, 0.853240186, -4.76984292e-006, -1.40900396e-005, 1.42023952e-005, 1, 0.21316001, -0.110316528, -0.266664282, 0, 0, 0, 0, 0, 0, 0, 0.290133447, -0.0560852051, -0.222748193, 0, 0, 0, 0, 0, 0, 0, 1, 1, 1, 
67.71588, 0.1, 0.1, 0.105711753, 0.185378635, -0.0199666171, 0.853240179, -0.521518165, 2.15587778e-005, 0.521518165, 0.853240179, -5.38194522e-006, -1.55880333e-005, 1.58353862e-005, 1, 0.85324018, -0.521518163, 1.47094144e-005, 0.521518163, 0.853240181, -3.78062696e-006, -1.05789978e-005, 1.08970096e-005, 1, 0.212900757, -0.110077661, -0.266861768, 0, 0, 0, 0, 0, 0, 0, 0.290133447, -0.0560852051, -0.222748193, 0, 0, 0, 0, 0, 0, 0, 1, 1, 1, 
67.7165983, 0.1, 0.1, 0.105711754, 0.185378635, -0.0199657676, 0.853240171, -0.521518179, 1.4122206e-005, 0.521518179, 0.853240171, -3.64595002e-006, -1.01482043e-005, 1.04758582e-005, 1, 0.853240173, -0.521518176, -8.7452694e-006, 0.521518176, 0.853240173, 2.20224743e-006, 6.31330311e-006, -6.43986292e-006, 1, 0.212900757, -0.110077661, -0.266861768, 0, 0, 0, 0, 0, 0, 0, 0.290133447, -0.0560852051, -0.222748193, 0, 0, 0, 0, 0, 0, 0, 1, 1, 1, 
67.7173182, 0.1, 0.1, 0.105711755, 0.185378634, -0.0199658152, 0.853240162, -0.521518194, -9.68890428e-006, 0.521518194, 0.853240162, 2.58791799e-006, 6.91731593e-006, -7.26105543e-006, 1, 0.853240163, -0.521518191, -1.76074788e-005, 0.521518191, 0.853240163, 4.56509848e-006, 1.26426262e-005, -1.30777459e-005, 1, 0.212900757, -0.110077661, -0.266861768, 0, 0, 0, 0, 0, 0, 0, 0.290133447, -0.0560852051, -0.222748193, 0, 0, 0, 0, 0, 0, 0, 1, 1, 1, 
67.7180503, 0.1, 0.1, 0.105711755, 0.185378634, -0.0199666792, 0.853240153, -0.521518207, -1.89366095e-005, 0.521518207, 0.853240153, 4.52964832e-006, 1.37951815e-005, -1.37406645e-005, 1, 0.853240155, -0.521518205, -1.11317357e-005, 0.521518205, 0.853240155, 2.39178838e-006, 8.25068267e-006, -7.84617269e-006, 1, 0.212900757, -0.110077661, -0.266861768, 0, 0, 0, 0, 0, 0, 0, 0.290133447, -0.0560852051, -0.222748193, 0, 0, 0, 0, 0, 0, 0, 1, 1, 1, 
67.7187827, 0.1, 0.1, 0.105711755, 0.185378634, -0.0199677518, 0.85324015, -0.521518213, -1.18988283e-005, 0.521518213, 0.85324015, 3.41326451e-006, 8.37247842e-006, -9.11778998e-006, 1, 0.85324015, -0.521518212, 1.02207692e-005, 0.521518212, 0.85324015, -1.66144854e-006, -7.85429501e-006, 6.74793191e-006, 1, 0.213082739, -0.109598584, -0.266597266, 0, 0, 0, 0, 0, 0, 0, 0.290365234, -0.0558839355, -0.22253667, 0, 0, 0, 0, 0, 0, 0, 1, 1, 1, 
67.7195015, 0.1, 0.1, 0.105711755, 0.185378634, -0.0199689812, 0.853240144, -0.521518222, 7.92972014e-006, 0.521518222, 0.853240144, -3.24537986e-006, -5.07343082e-006, 6.90458193e-006, 1, 0.853240145, -0.52151822, 1.53790346e-005, 0.521518221, 0.853240145, -4.98633408e-006, -1.05215457e-005, 1.22749872e-005, 1, 0.213082739, -0.109598584, -0.266597266, 0, 0, 0, 0, 0, 0, 0, 0.290365234, -0.0558839355, -0.22253667, 0, 0, 0, 0, 0, 0, 0, 1, 1, 1, 
67.7202217, 0.1, 0.1, 0.105711756, 0.185378634, -0.0199700072, 0.853240141, -0.521518228, 1.46772902e-005, 0.521518228, 0.853240141, -2.88399235e-006, -1.10191986e-005, 1.01152124e-005, 1, 0.853240141, -0.521518227, 8.22839624e-006, 0.521518227, 0.853240141, -1.83348254e-006, -6.06460341e-006, 5.85565952e-006, 1, 0.213082739, -0.109598584, -0.266597266, 0, 0, 0, 0, 0, 0, 0, 0.290365234, -0.0558839355, -0.22253667, 0, 0, 0, 0, 0, 0, 0, 1, 1, 1, 
67.7209379, 0.1, 0.1, 0.105711758, 0.185378634, -0.0199705498, 0.853240137, -0.521518235, 8.81751594e-006, 0.521518235, 0.853240137, -1.7636749e-006, -6.60366989e-006, 6.10333356e-006, 1, 0.853240138, -0.521518233, -1.09320006e-005, 0.521518233, 0.853240138, 3.42485601e-006, 7.54149685e-006, -8.62346224e-006, 1, 0.213082739, -0.109598584, -0.266597266, 0, 0, 0, 0, 0, 0, 0, 0.290365234, -0.0558839355, -0.22253667, 0, 0, 0, 0, 0, 0, 0, 1, 1, 1, 
67.721655, 0.1, 0.1, 0.105711759, 0.185378633, -0.0199704839, 0.853240134, -0.521518238, -1.00078522e-005, 0.521518238, 0.853240134, 2.02226127e-006, 7.48445503e-006, -6.94475193e-006, 1, 0.853240135, -0.521518238, -1.74048636e-005, 0.521518238, 0.853240135, 3.571066e-006, 1.29881521e-005, -1.21239306e-005, 1, 0.213082739, -0.109598584, -0.266597266, 0, 0, 0, 0, 0, 0, 0, 0.290365234, -0.0558839355, -0.22253667, 0, 0, 0, 0, 0, 0, 0, 1, 1, 1, 
67.7223746, 0.1, 0.1, 0.105711759, 0.185378633, -0.0199698174, 0.853240133, -0.521518241, -1.55016247e-005, 0.521518241, 0.853240133, 4.45096611e-006, 1.09053483e-005, -1.18821229e-005, 1, 0.853240133, -0.52151824, -9.46043224e-006, 0.52151824, 0.853240133, 3.06093957e-006, 6.47568465e-006, -7.54550446e-006, 1, 0.213082739, -0.109598584, -0.266597266, 0, 0, 0, 0, 0, 0, 0, 0.290365234, -0.0558839355, -0.22253667, 0, 0, 0, 0, 0, 0, 0, 1, 1, 1, 
67.7231183, 0.1, 0.1, 0.105711758, 0.185378634, -0.0199686618, 0.85324013, -0.521518246, -1.04318597e-005, 0.521518246, 0.85324013, 1.67241591e-006, 8.02868588e-006, -6.86737752e-006, 1, 0.85324013, -0.521518246, 1.09329429e-005, 0.521518246, 0.85324013, -3.41653937e-006, -7.54663797e-006, 8.61685767e-006, 1, 0.212880371, -0.109838794, -0.266171045, 0, 0, 0, 0, 0, 0, 0, 0.290336914, -0.0563934082, -0.222308057, 0, 0, 0, 0, 0, 0, 0, 1, 1, 1, 
67.7238494, 0.1, 0.1, 0.105711758, 0.185378634, -0.0199673749, 0.853240129, -0.521518247, 1.06786113e-005, 0.521518247, 0.853240129, -1.73216555e-006, -8.20806373e-006, 7.04704378e-006, 1, 0.85324013, -0.521518246, 1.93064948e-005, 0.521518246, 0.85324013, -4.1128854e-006, -1.43281314e-005, 1.35779682e-005, 1, 0.212880371, -0.109838794, -0.266171045, 0, 0, 0, 0, 0, 0, 0, 0.290336914, -0.0563934082, -0.222308057, 0, 0, 0, 0, 0, 0, 0, 1, 1, 1, 
67.7245638, 0.1, 0.1, 0.105711759, 0.185378633, -0.0199664771, 0.853240126, -0.521518251, 1.80573691e-005, 0.521518251, 0.853240126, -4.83637636e-006, -1.28850133e-005, 1.35438379e-005, 1, 0.853240127, -0.52151825, 1.12419147e-005, 0.521518251, 0.853240127, -2.59920507e-006, -8.23651983e-006, 8.08060975e-006, 1, 0.212880371, -0.109838794, -0.266171045, 0, 0, 0, 0, 0, 0, 0, 0.290336914, -0.0563934082, -0.222308057, 0, 0, 0, 0, 0, 0, 0, 1, 1, 1, 
67.7252856, 0.1, 0.1, 0.10571176, 0.185378633, -0.0199662589, 0.853240126, -0.521518251, 1.06950343e-005, 0.521518251, 0.853240127, -2.74243924e-006, -7.69520033e-006, 7.91761481e-006, 1, 0.853240126, -0.521518252, -1.20404434e-005, 0.521518252, 0.853240126, 2.28654684e-006, 9.08091353e-006, -8.23028451e-006, 1, 0.212880371, -0.109838794, -0.266171045, 0, 0, 0, 0, 0, 0, 0, 0.290336914, -0.0563934082, -0.222308057, 0, 0, 0, 0, 0, 0, 0, 1, 1, 1, 
67.7260023, 0.1, 0.1, 0.105711761, 0.185378633, -0.0199667771, 0.853240125, -0.521518254, -1.1101479e-005, 0.521518254, 0.853240125, 3.23739677e-006, 7.78386586e-006, -8.55190079e-006, 1, 0.853240126, -0.521518253, -1.90806699e-005, 0.521518253, 0.853240126, 5.45763737e-006, 1.34341357e-005, -1.46075928e-005, 1, 0.212880371, -0.109838794, -0.266171045, 0, 0, 0, 0, 0, 0, 0, 0.290336914, -0.0563934082, -0.222308057, 0, 0, 0, 0, 0, 0, 0, 1, 1, 1, 
67.7267215, 0.1, 0.1, 0.105711761, 0.185378633, -0.0199678254, 0.853240123, -0.521518256, -1.79351733e-005, 0.521518256, 0.853240123, 3.50848856e-006, 1.34732686e-005, -1.23471035e-005, 1, 0.853240124, -0.521518256, -1.11985565e-005, 0.521518256, 0.853240124, 1.84512334e-006, 8.59279221e-006, -7.41458491e-006, 1, 0.212880371, -0.109838794, -0.266171045, 0, 0, 0, 0, 0, 0, 0, 0.290336914, -0.0563934082, -0.222308057, 0, 0, 0, 0, 0, 0, 0, 1, 1, 1, 
67.7274493, 0.1, 0.1, 0.10571176, 0.185378633, -0.0199688928, 0.853240124, -0.521518256, -9.02963534e-006, 0.521518256, 0.853240124, 2.94792854e-006, 6.16704862e-006, -7.22441059e-006, 1, 0.853240124, -0.521518255, 1.1611301e-005, 0.521518255, 0.853240124, -2.1162283e-006, -8.8035762e-006, 7.86115634e-006, 1, 0.212880371, -0.109838794, -0.266171045, 0, 0, 0, 0, 0, 0, 0, 0.290336914, -0.0563934082, -0.222308057, 0, 0, 0, 0, 0, 0, 0, 1, 1, 1, 
67.7281947, 0.1, 0.1, 0.10571176, 0.185378633, -0.0199694939, 0.853240122, -0.521518259, 1.0644299e-005, 0.521518259, 0.853240122, -3.28949499e-006, -7.36661127e-006, 8.35792538e-006, 1, 0.853240122, -0.521518259, 1.81267821e-005, 0.521518259, 0.853240122, -4.85152864e-006, -1.2936337e-005, 1.35929667e-005, 1, 0.21265896, -0.109829272, -0.266162866, 0, 0, 0, 0, 0, 0, 0, 0.290008936, -0.0566513184, -0.222292432, 0, 0, 0, 0, 0, 0, 0, 1, 1, 1, 
67.7289155, 0.1, 0.1, 0.105711761, 0.185378633, -0.0199697211, 0.853240122, -0.521518258, 1.71988244e-005, 0.521518258, 0.853240122, -3.63474397e-006, -1.27791417e-005, 1.20708103e-005, 1, 0.853240122, -0.521518258, 1.0882353e-005, 0.521518258, 0.853240122, -2.6472138e-006, -7.90468985e-006, 7.93405479e-006, 1, 0.21265896, -0.109829272, -0.266162866, 0, 0, 0, 0, 0, 0, 0, 0.290008936, -0.0566513184, -0.222292432, 0, 0, 0, 0, 0, 0, 0, 1, 1, 1, 
67.7296303, 0.1, 0.1, 0.105711762, 0.185378632, -0.0199696156, 0.853240121, -0.521518261, 1.03618244e-005, 0.521518261, 0.853240121, -2.2709865e-006, -7.6567634e-006, 7.34157745e-006, 1, 0.853240122, -0.521518259, -9.72782952e-006, 0.521518259, 0.853240122, 2.96649755e-006, 6.75309181e-006, -7.60437545e-006, 1, 0.21265896, -0.109829272, -0.266162866, 0, 0, 0, 0, 0, 0, 0, 0.290008936, -0.0566513184, -0.222292432, 0, 0, 0, 0, 0, 0, 0, 1, 1, 1, 
67.7303621, 0.1, 0.1, 0.105711763, 0.185378632, -0.0199691123, 0.853240121, -0.521518261, -1.20603599e-005, 0.521518261, 0.853240121, 2.62053267e-006, 8.92372731e-006, -8.52564154e-006, 1, 0.85324012, -0.521518261, -1.97072683e-005, 0.521518261, 0.853240121, 4.13638297e-006, 1.46578327e-005, -1.38070282e-005, 1, 0.212446338, -0.110064722, -0.265949023, 0, 0, 0, 0, 0, 0, 0, 0.289934229, -0.0566779297, -0.222275342, 0, 0, 0, 0, 0, 0, 0, 1, 1, 1, 
67.7310966, 0.1, 0.1, 0.105711764, 0.185378632, -0.0199683332, 0.853240123, -0.521518257, -2.05212638e-005, 0.521518258, 0.853240123, 5.29350802e-006, 1.47489045e-005, -1.52188472e-005, 1, 0.853240122, -0.521518258, -1.38588034e-005, 0.521518258, 0.853240123, 3.91896451e-006, 9.78107557e-006, -1.05714368e-005, 1, 0.212446338, -0.110064722, -0.265949023, 0, 0, 0, 0, 0, 0, 0, 0.289934229, -0.0566779297, -0.222275342, 0, 0, 0, 0, 0, 0, 0, 1, 1, 1, 
67.7318159, 0.1, 0.1, 0.105711764, 0.185378632, -0.0199675573, 0.853240121, -0.52151826, -1.31575988e-005, 0.521518261, 0.853240121, 2.83972903e-006, 9.74562062e-006, -9.28489877e-006, 1, 0.853240121, -0.52151826, 8.66151957e-006, 0.52151826, 0.853240121, -2.62464086e-006, -6.02155787e-006, 6.75658949e-006, 1, 0.212446338, -0.110064722, -0.265949023, 0, 0, 0, 0, 0, 0, 0, 0.289934229, -0.0566779297, -0.222275342, 0, 0, 0, 0, 0, 0, 0, 1, 1, 1, 
67.7325338, 0.1, 0.1, 0.105711764, 0.185378632, -0.0199671431, 0.85324012, -0.521518262, 1.02102618e-005, 0.521518262, 0.85324012, -2.58879288e-006, -7.36170222e-006, 7.53369991e-006, 1, 0.85324012, -0.521518261, 1.78168933e-005, 0.521518262, 0.85324012, -4.46054677e-006, -1.28758316e-005, 1.30977527e-005, 1, 0.212446338, -0.110064722, -0.265949023, 0, 0, 0, 0, 0, 0, 0, 0.289934229, -0.0566779297, -0.222275342, 0, 0, 0, 0, 0, 0, 0, 1, 1, 1, 
67.7332538, 0.1, 0.1, 0.105711765, 0.185378632, -0.0199671831, 0.853240119, -0.521518264, 1.88131995e-005, 0.521518264, 0.853240119, -4.75998012e-006, -1.356976e-005, 1.38728331e-005, 1, 0.853240119, -0.521518263, 1.16710314e-005, 0.521518263, 0.853240119, -3.10586898e-006, -8.33842479e-006, 8.73670802e-006, 1, 0.212446338, -0.110064722, -0.265949023, 0, 0, 0, 0, 0, 0, 0, 0.289934229, -0.0566779297, -0.222275342, 0, 0, 0, 0, 0, 0, 0, 1, 1, 1, 
67.7339829, 0.1, 0.1, 0.105711766, 0.185378632, -0.0199675812, 0.853240114, -0.521518271, 1.31038496e-005, 0.521518271, 0.853240114, -3.4780581e-006, -9.36685925e-006, 9.80151566e-006, 1, 0.853240115, -0.521518269, -9.00675485e-006, 0.521518269, 0.853240116, 2.1998366e-006, 6.53766957e-006, -6.57417603e-006, 1, 0.212446338, -0.110064722, -0.265949023, 0, 0, 0, 0, 0, 0, 0, 0.289934229, -0.0566779297, -0.222275342, 0, 0, 0, 0, 0, 0, 0, 1, 1, 1, 
67.7347035, 0.1, 0.1, 0.105711766, 0.185378632, -0.0199681706, 0.853240109, -0.52151828, -7.61644774e-006, 0.52151828, 0.853240109, 2.3872048e-006, 5.25368776e-006, -6.00897561e-006, 1, 0.85324011, -0.521518278, -1.52165796e-005, 0.521518278, 0.85324011, 4.04849454e-006, 1.08720322e-005, -1.13900623e-005, 1, 0.212446338, -0.110064722, -0.265949023, 0, 0, 0, 0, 0, 0, 0, 0.289934229, -0.0566779297, -0.222275342, 0, 0, 0, 0, 0, 0, 0, 1, 1, 1, 
67.7354473, 0.1, 0.1, 0.105711765, 0.185378632, -0.019968548, 0.853240107, -0.521518283, -1.29441876e-005, 0.521518283, 0.853240107, 2.69270597e-006, 9.64020462e-006, -9.04815522e-006, 1, 0.853240108, -0.521518282, -5.99519819e-006, 0.521518282, 0.853240108, 1.16563805e-006, 4.507442e-006, -4.1211746e-006, 1, 0.212446948, -0.110273682, -0.265712231, 0, 0, 0, 0, 0, 0, 0, 0.290112793, -0.0566798828, -0.222263623, 0, 0, 0, 0, 0, 0, 0, 1, 1, 1, 
67.7361698, 0.1, 0.1, 0.105711763, 0.185378632, -0.0199688286, 0.853240107, -0.521518284, -7.99226969e-006, 0.521518284, 0.853240107, 1.79628113e-006, 5.88253159e-006, -5.70077388e-006, 1, 0.853240107, -0.521518284, 1.33787513e-005, 0.521518284, 0.853240107, -3.19374431e-006, -9.7496911e-006, 9.70229413e-006, 1, 0.212446948, -0.110273682, -0.265712231, 0, 0, 0, 0, 0, 0, 0, 0.290112793, -0.0566798828, -0.222263623, 0, 0, 0, 0, 0, 0, 0, 1, 1, 1, 
67.7368881, 0.1, 0.1, 0.105711763, 0.185378632, -0.0199690083, 0.853240107, -0.521518284, 9.92507785e-006, 0.521518284, 0.853240107, -2.25056835e-006, -7.29476194e-006, 7.09638474e-006, 1, 0.853240107, -0.521518284, 1.79057553e-005, 0.521518284, 0.853240107, -4.01670195e-006, -1.3183125e-005, 1.276539e-005, 1, 0.212446948, -0.110273682, -0.265712231, 0, 0, 0, 0, 0, 0, 0, 0.290112793, -0.0566798828, -0.222263623, 0, 0, 0, 0, 0, 0, 0, 1, 1, 1, 
67.7376019, 0.1, 0.1, 0.105711764, 0.185378632, -0.0199690857, 0.853240109, -0.52151828, 1.45578225e-005, 0.52151828, 0.853240109, -3.16937877e-006, -1.07684291e-005, 1.02964116e-005, 1, 0.853240109, -0.521518281, 8.56245477e-006, 0.521518281, 0.853240109, -1.88570741e-006, -6.32239895e-006, 6.07443789e-006, 1, 0.212446948, -0.110273682, -0.265712231, 0, 0, 0, 0, 0, 0, 0, 0.290112793, -0.0566798828, -0.222263623, 0, 0, 0, 0, 0, 0, 0, 1, 1, 1, 
67.7383251, 0.1, 0.1, 0.105711766, 0.185378632, -0.0199689978, 0.853240111, -0.521518276, 6.73992079e-006, 0.521518277, 0.853240111, -1.60728901e-006, -4.91254017e-006, 4.88639533e-006, 1, 0.853240111, -0.521518277, -1.40668127e-005, 0.521518277, 0.853240111, 3.24077798e-006, 1.03122439e-005, -1.01012617e-005, 1, 0.212446948, -0.110273682, -0.265712231, 0, 0, 0, 0, 0, 0, 0, 0.290112793, -0.0566798828, -0.222263623, 0, 0, 0, 0, 0, 0, 0, 1, 1, 1, 
67.7390421, 0.1, 0.1, 0.105711768, 0.185378631, -0.0199687981, 0.853240113, -0.521518273, -1.35661275e-005, 0.521518273, 0.853240113, 3.30028278e-006, 9.85400639e-006, -9.89091703e-006, 1, 0.853240113, -0.521518273, -2.12495011e-005, 0.521518274, 0.853240113, 5.2699617e-006, 1.53825454e-005, -1.55785458e-005, 1, 0.212446948, -0.110273682, -0.265712231, 0, 0, 0, 0, 0, 0, 0, 0.290112793, -0.0566798828, -0.222263623, 0, 0, 0, 0, 0, 0, 0, 1, 1, 1, 
67.7397843, 0.1, 0.1, 0.105711769, 0.185378631, -0.0199684674, 0.853240115, -0.52151827, -2.18763555e-005, 0.52151827, 0.853240115, 5.42235127e-006, 1.58379288e-005, -1.60354867e-005, 1, 0.853240114, -0.521518271, -1.52193885e-005, 0.521518271, 0.853240114, 3.44109659e-006, 1.11911981e-005, -1.08732708e-005, 1, 0.212898193, -0.110278442, -0.265718335, 0, 0, 0, 0, 0, 0, 0, 0.290112793, -0.0566798828, -0.222263623, 0, 0, 0, 0, 0, 0, 0, 1, 1, 1, 
67.7404996, 0.1, 0.1, 0.105711769, 0.185378631, -0.0199679933, 0.853240117, -0.521518267, -1.27883097e-005, 0.521518267, 0.853240117, 2.89841345e-006, 9.39992327e-006, -9.14237972e-006, 1, 0.853240117, -0.521518267, 8.08575294e-006, 0.521518268, 0.853240117, -2.2149493e-006, -5.74395226e-006, 6.10675146e-006, 1, 0.212898193, -0.110278442, -0.265718335, 0, 0, 0, 0, 0, 0, 0, 0.290013428, -0.056223877, -0.22223335, 0, 0, 0, 0, 0, 0, 0, 1, 1, 1, 
67.7412224, 0.1, 0.1, 0.105711769, 0.185378631, -0.0199677094, 0.853240119, -0.521518263, 1.13478213e-005, 0.521518263, 0.853240119, -2.60618542e-006, -8.32324315e-006, 8.14179804e-006, 1, 0.853240119, -0.521518263, 1.86686266e-005, 0.521518263, 0.853240119, -4.62167801e-006, -1.35185317e-005, 1.36794308e-005, 1, 0.212898193, -0.110278442, -0.265718335, 0, 0, 0, 0, 0, 0, 0, 0.290013428, -0.056223877, -0.22223335, 0, 0, 0, 0, 0, 0, 0, 1, 1, 1, 
67.7419462, 0.1, 0.1, 0.105711769, 0.185378631, -0.0199676787, 0.853240119, -0.521518263, 2.11253127e-005, 0.521518263, 0.853240119, -5.33137446e-006, -1.52445552e-005, 1.5566179e-005, 1, 0.853240119, -0.521518263, 1.40676944e-005, 0.521518263, 0.853240119, -3.67450812e-006, -1.00867981e-005, 1.04717973e-005, 1, 0.212898193, -0.110278442, -0.265718335, 0, 0, 0, 0, 0, 0, 0, 0.290013428, -0.056223877, -0.22223335, 0, 0, 0, 0, 0, 0, 0, 1, 1, 1, 
67.7426634, 0.1, 0.1, 0.105711769, 0.185378631, -0.0199678911, 0.853240116, -0.521518268, 1.46576437e-005, 0.521518268, 0.853240116, -3.73860152e-006, -1.05567407e-005, 1.08341538e-005, 1, 0.853240117, -0.521518267, -6.8348408e-006, 0.521518267, 0.853240117, 1.71176801e-006, 4.93904208e-006, -5.02504346e-006, 1, 0.212898193, -0.110278442, -0.265718335, 0, 0, 0, 0, 0, 0, 0, 0.290013428, -0.056223877, -0.22223335, 0, 0, 0, 0, 0, 0, 0, 1, 1, 1, 
67.7433804, 0.1, 0.1, 0.105711769, 0.185378631, -0.0199683153, 0.853240112, -0.521518276, -6.60077388e-006, 0.521518276, 0.853240112, 2.33555541e-006, 4.41401021e-006, -5.43521377e-006, 1, 0.853240112, -0.521518274, -1.40126289e-005, 0.521518274, 0.853240113, 4.04783048e-006, 9.84511949e-006, -1.07616134e-005, 1, 0.212898193, -0.110278442, -0.265718335, 0, 0, 0, 0, 0, 0, 0, 0.290013428, -0.056223877, -0.22223335, 0, 0, 0, 0, 0, 0, 0, 1, 1, 1, 
67.7441037, 0.1, 0.1, 0.105711769, 0.185378631, -0.0199687733, 0.85324011, -0.521518279, -1.55058674e-005, 0.521518279, 0.85324011, 3.24034553e-006, 1.15403286e-005, -1.08513861e-005, 1, 0.85324011, -0.521518279, -8.66933656e-006, 0.521518279, 0.85324011, 1.76005152e-006, 6.47912664e-006, -6.02296403e-006, 1, 0.212898193, -0.110278442, -0.265718335, 0, 0, 0, 0, 0, 0, 0, 0.290013428, -0.056223877, -0.22223335, 0, 0, 0, 0, 0, 0, 0, 1, 1, 1, 
67.7448408, 0.1, 0.1, 0.105711768, 0.185378631, -0.0199689695, 0.853240109, -0.52151828, -1.00019735e-005, 0.52151828, 0.853240109, 2.4069485e-006, 7.27881731e-006, -7.26991702e-006, 1, 0.853240109, -0.52151828, 1.14049637e-005, 0.52151828, 0.853240109, -2.65037405e-006, -8.34895391e-006, 8.20930247e-006, 1, 0.212862915, -0.110225464, -0.265651318, 0, 0, 0, 0, 0, 0, 0, 0.28940459, -0.0559464355, -0.22263125, 0, 0, 0, 0, 0, 0, 0, 1, 1, 1, 
67.7455544, 0.1, 0.1, 0.105711768, 0.185378631, -0.0199689779, 0.853240107, -0.521518283, 8.49518935e-006, 0.521518283, 0.853240107, -1.89338466e-006, -6.26100155e-006, 6.0459083e-006, 1, 0.853240107, -0.521518282, 1.61750942e-005, 0.521518282, 0.853240108, -4.04166516e-006, -1.16934369e-005, 1.18841182e-005, 1, 0.212862915, -0.110225464, -0.265651318, 0, 0, 0, 0, 0, 0, 0, 0.28940459, -0.0559464355, -0.22263125, 0, 0, 0, 0, 0, 0, 0, 1, 1, 1, 
67.7462736, 0.1, 0.1, 0.105711769, 0.185378631, -0.0199688983, 0.853240102, -0.521518291, 1.43197791e-005, 0.521518291, 0.853240102, -4.160937e-006, -1.0048205e-005, 1.1018305e-005, 1, 0.853240103, -0.521518289, 8.02677839e-006, 0.521518289, 0.853240103, -2.34082333e-006, -5.62798705e-006, 6.18339608e-006, 1, 0.212862915, -0.110225464, -0.265651318, 0, 0, 0, 0, 0, 0, 0, 0.28940459, -0.0559464355, -0.22263125, 0, 0, 0, 0, 0, 0, 0, 1, 1, 1, 
67.7470195, 0.1, 0.1, 0.105711771, 0.185378631, -0.0199686115, 0.8532401, -0.521518295, 1.11304978e-005, 0.521518295, 0.8532401, -2.03877186e-006, -8.43373019e-006, 7.54432011e-006, 1, 0.8532401, -0.521518295, -1.23671778e-005, 0.521518295, 0.8532401, 2.94728394e-006, 9.01510952e-006, -8.96445032e-006, 1, 0.212404224, -0.109727344, -0.265373267, 0, 0, 0, 0, 0, 0, 0, 0.28940459, -0.0559464355, -0.22263125, 0, 0, 0, 0, 0, 0, 0, 1, 1, 1, 
67.7477372, 0.1, 0.1, 0.105711771, 0.18537863, -0.0199681013, 0.853240099, -0.521518297, -9.92918824e-006, 0.521518297, 0.853240099, 3.108974e-006, 6.85059473e-006, -7.83095463e-006, 1, 0.853240099, -0.521518296, -1.76073721e-005, 0.521518296, 0.853240099, 5.36210629e-006, 1.22268793e-005, -1.37577308e-005, 1, 0.212404224, -0.109727344, -0.265373267, 0, 0, 0, 0, 0, 0, 0, 0.28903877, -0.0554323242, -0.222807617, 0, 0, 0, 0, 0, 0, 0, 1, 1, 1, 
67.7484536, 0.1, 0.1, 0.105711771, 0.18537863, -0.0199677949, 0.853240097, -0.5215183, -1.78543764e-005, 0.5215183, 0.853240097, 3.22922797e-006, 1.35499684e-005, -1.20666908e-005, 1, 0.853240097, -0.5215183, -1.11669797e-005, 0.5215183, 0.853240097, 1.6484479e-006, 8.66841907e-006, -7.2303061e-006, 1, 0.212404224, -0.109727344, -0.265373267, 0, 0, 0, 0, 0, 0, 0, 0.28903877, -0.0554323242, -0.222807617, 0, 0, 0, 0, 0, 0, 0, 1, 1, 1, 
67.7491789, 0.1, 0.1, 0.10571177, 0.18537863, -0.019967701, 0.853240096, -0.521518301, -1.02157807e-005, 0.521518301, 0.853240096, 3.69809495e-006, 6.78788951e-006, -8.48307949e-006, 1, 0.853240097, -0.5215183, 1.11785335e-005, 0.5215183, 0.853240097, -1.98257324e-006, -8.50402479e-006, 7.52142077e-006, 1, 0.212404224, -0.109727344, -0.265373267, 0, 0, 0, 0, 0, 0, 0, 0.28903877, -0.0554323242, -0.222807617, 0, 0, 0, 0, 0, 0, 0, 1, 1, 1, 
67.7498988, 0.1, 0.1, 0.10571177, 0.18537863, -0.0199678396, 0.853240094, -0.521518305, 1.0716742e-005, 0.521518305, 0.853240094, -1.73531975e-006, -8.23895289e-006, 7.06962149e-006, 1, 0.853240094, -0.521518305, 1.86339019e-005, 0.521518305, 0.853240094, -3.15458835e-006, -1.42540166e-005, 1.24095422e-005, 1, 0.212404224, -0.109727344, -0.265373267, 0, 0, 0, 0, 0, 0, 0, 0.28903877, -0.0554323242, -0.222807617, 0, 0, 0, 0, 0, 0, 0, 1, 1, 1, 
67.7506174, 0.1, 0.1, 0.105711771, 0.18537863, -0.0199682064, 0.853240092, -0.521518307, 1.66858139e-005, 0.521518307, 0.853240092, -5.40288545e-006, -1.14193017e-005, 1.33119159e-005, 1, 0.853240093, -0.521518306, 1.01045793e-005, 0.521518306, 0.853240093, -3.70157816e-006, -6.69119138e-006, 8.42805796e-006, 1, 0.212404224, -0.109727344, -0.265373267, 0, 0, 0, 0, 0, 0, 0, 0.28903877, -0.0554323242, -0.222807617, 0, 0, 0, 0, 0, 0, 0, 1, 1, 1, 
67.751339, 0.1, 0.1, 0.105711772, 0.18537863, -0.019968638, 0.853240091, -0.52151831, 1.00583214e-005, 0.52151831, 0.853240091, -1.84665522e-006, -7.61909857e-006, 6.82123906e-006, 1, 0.85324009, -0.52151831, -1.12227371e-005, 0.521518311, 0.85324009, 2.81201821e-006, 8.10917019e-006, -8.25218954e-006, 1, 0.212404224, -0.109727344, -0.265373267, 0, 0, 0, 0, 0, 0, 0, 0.28903877, -0.0554323242, -0.222807617, 0, 0, 0, 0, 0, 0, 0, 1, 1, 1, 
67.7520861, 0.1, 0.1, 0.105711773, 0.18537863, -0.0199687549, 0.85324009, -0.52151831, -1.29667914e-005, 0.52151831, 0.85324009, 3.23676961e-006, 9.37575164e-006, -9.52416072e-006, 1, 0.853240091, -0.521518309, -2.06111422e-005, 0.52151831, 0.853240091, 5.61263122e-006, 1.46591629e-005, -1.553801e-005, 1, 0.212131421, -0.109212256, -0.265507153, 0, 0, 0, 0, 0, 0, 0, 0.288736182, -0.0551880859, -0.222785889, 0, 0, 0, 0, 0, 0, 0, 1, 1, 1, 
