time, realDorsalTactorPos, realVentralTactorPos, boxPosX, boxPosY, boxPosZ, boxLocalRot_11, boxLocalRot_12, boxLocalRot_13, boxLocalRot_21, boxLocalRot_22, boxLocalRot_23, boxLocalRot_31, boxLocalRot_32, boxLocalRot_33, boxGlobalRot_11, boxGlobalRot_12, boxGlobalRot_13, boxGlobalRot_21, boxGlobalRot_22, boxGlobalRot_23, boxGlobalRot_31, boxGlobalRot_32, boxGlobalRot_33, indexPosX, indexPosY, indexPosZ, indexContact, indexForceX, indexForceY, indexForceZ, indexForceGlobalX, indexForceGlobalY, indexForceGlobalZ, thumbPosX, thumbPosY, thumbPosZ, thumbContact, thumbForceX, thumbForceY, thumbForceZ, thumbForceGlobalX, thumbForceGlobalY, thumbForceGlobalZ, hoopSuccess, targetSuccess, trialSuccess, 
36.3201549, 0.1, 0.1, 0.149999605, -0.20000021, -0.0199606298, 0.706666696, -0.707546593, -1.29436805e-005, 0.707546592, 0.706666695, 4.73585028e-005, -2.43614794e-005, -4.26249337e-005, 0.999999999, 0.706666634, -0.707546655, -3.55531965e-006, 0.707546654, 0.706666633, 4.43269481e-005, -2.88509581e-005, -3.38399298e-005, 0.999999999, 0.182861987, -0.261411548, 0.210963721, 0, 0, 0, 0, 0, 0, 0, 0.198311182, -0.239986768, 0.24970835, 0, 0, 0, 0, 0, 0, 0, 0, 0, 0, 
36.3328378, 0.1, 0.1, 0.149999622, -0.200000191, -0.0199779899, 0.706652834, -0.707560437, 5.92102014e-006, 0.707560437, 0.706652834, -2.19743117e-005, 1.13640479e-005, 1.97176892e-005, 1, 0.706652949, -0.707560322, 1.85670625e-005, 0.707560322, 0.706652949, -1.42238597e-006, -1.21140456e-005, 1.414245e-005, 1, 0.177744263, -0.262146167, 0.208561987, 0, 0, 0, 0, 0, 0, 0, 0.195365674, -0.239932422, 0.249720508, 0, 0, 0, 0, 0, 0, 0, 0, 0, 0, 
36.3336287, 0.1, 0.1, 0.149999626, -0.200000187, -0.0199772071, 0.706652455, -0.707560816, -1.75292001e-005, 0.707560816, 0.706652455, 6.13963727e-006, 8.04288556e-006, -1.67415649e-005, 1, 0.706652499, -0.707560771, -3.02586034e-005, 0.707560771, 0.7066525, -6.16398104e-006, 2.57437089e-005, -1.70540081e-005, 1, 0.17917085, -0.261696313, 0.208090356, 0, 0, 0, 0, 0, 0, 0, 0.195365674, -0.239932422, 0.249720508, 0, 0, 0, 0, 0, 0, 0, 0, 0, 0, 
36.3343532, 0.1, 0.1, 0.149999621, -0.20000019, -0.0199735238, 0.70665241, -0.707560861, 1.37501803e-005, 0.707560861, 0.70665241, 9.47398977e-006, -1.64200224e-005, 3.0342717e-006, 1, 0.706652409, -0.707560861, 3.00222426e-005, 0.707560861, 0.70665241, 1.20062845e-005, -2.97104671e-005, 1.2758294e-005, 0.999999999, 0.17917085, -0.261696313, 0.208090356, 0, 0, 0, 0, 0, 0, 0, 0.196217529, -0.239679297, 0.249534131, 0, 0, 0, 0, 0, 0, 0, 0, 0, 0, 
36.3350773, 0.1, 0.1, 0.149999624, -0.200000191, -0.0199685452, 0.706652392, -0.707560878, 1.30090537e-005, 0.707560878, 0.706652392, -5.40774127e-006, -5.36657277e-006, 1.30260908e-005, 1, 0.706652402, -0.707560869, -1.49513933e-005, 0.707560869, 0.706652402, -2.51671667e-006, 1.23461682e-005, -8.80057693e-006, 1, 0.17917085, -0.261696313, 0.208090356, 0, 0, 0, 0, 0, 0, 0, 0.196217529, -0.239679297, 0.249534131, 0, 0, 0, 0, 0, 0, 0, 0, 0, 0, 
36.3358312, 0.1, 0.1, 0.149999623, -0.20000019, -0.019963526, 0.706652429, -0.707560842, -1.95629805e-005, 0.707560842, 0.706652429, 1.82379425e-005, 9.19773771e-007, -2.67298853e-005, 1, 0.706652395, -0.707560876, -1.82803524e-005, 0.707560876, 0.706652395, 3.3762574e-006, 1.05289472e-005, -1.53203025e-005, 1, 0.17917085, -0.261696313, 0.208090356, 0, 0, 0, 0, 0, 0, 0, 0.196217529, -0.239679297, 0.249534131, 0, 0, 0, 0, 0, 0, 0, 0, 0, 0, 
36.3365543, 0.1, 0.1, 0.14999962, -0.200000191, -0.0199602804, 0.706652806, -0.707560465, 1.51290989e-007, 0.707560464, 0.706652806, -4.04451255e-005, 2.85104616e-005, 2.8687709e-005, 0.999999999, 0.706652695, -0.707560576, 2.25158956e-005, 0.707560576, 0.706652695, -1.96695959e-005, -1.99348768e-006, 2.9830933e-005, 1, 0.17917085, -0.261696313, 0.208090356, 0, 0, 0, 0, 0, 0, 0, 0.196217529, -0.239679297, 0.249534131, 0, 0, 0, 0, 0, 0, 0, 0, 0, 0, 
36.337279, 0.1, 0.1, 0.149999625, -0.200000189, -0.0199597216, 0.706653611, -0.707559661, 1.22067589e-005, 0.70755966, 0.706653611, 2.58656791e-005, -2.69274614e-005, -9.64106537e-006, 1, 0.706653426, -0.707559846, -2.38078328e-005, 0.707559846, 0.706653426, 1.00940317e-005, 9.6817551e-006, -2.39784486e-005, 1, 0.17917085, -0.261696313, 0.208090356, 0, 0, 0, 0, 0, 0, 0, 0.196217529, -0.239679297, 0.249534131, 0, 0, 0, 0, 0, 0, 0, 0, 0, 0, 
36.3380222, 0.1, 0.1, 0.149999616, -0.200000192, -0.0199618643, 0.706654721, -0.707558553, -9.96891888e-006, 0.707558553, 0.706654721, 2.71468361e-006, 5.12378599e-006, -8.9719378e-006, 1, 0.706654485, -0.707558787, 3.31555039e-005, 0.707558788, 0.706654486, 8.7871056e-006, -2.96468793e-005, 1.72500206e-005, 0.999999999, 0.17917085, -0.261696313, 0.208090356, 0, 0, 0, 0, 0, 0, 0, 0.196217529, -0.239679297, 0.249534131, 0, 0, 0, 0, 0, 0, 0, 0, 0, 0, 
36.3388199, 0.1, 0.1, 0.149999619, -0.20000019, -0.0199650548, 0.706655717, -0.707557557, 3.31439903e-005, 0.707557557, 0.706655717, -3.42188293e-006, -2.10002111e-005, 2.58693739e-005, 0.999999999, 0.706655575, -0.7075577, 5.12850123e-006, 0.7075577, 0.706655575, -1.65268788e-005, 8.06963633e-006, 1.53075215e-005, 1, 0.180494922, -0.261453296, 0.209614355, 0, 0, 0, 0, 0, 0, 0, 0.196907275, -0.239702002, 0.250786084, 0, 0, 0, 0, 0, 0, 0, 0, 0, 0, 
36.3395409, 0.1, 0.1, 0.149999615, -0.200000194, -0.0199686295, 0.706656176, -0.707557099, -1.88160328e-005, 0.707557099, 0.706656176, 7.047063e-006, 8.31026635e-006, -1.82932682e-005, 1, 0.706656124, -0.707557152, -5.54745096e-007, 0.707557151, 0.706656124, 2.61900679e-005, -1.81389558e-005, -1.88998857e-005, 1, 0.180494922, -0.261453296, 0.209614355, 0, 0, 0, 0, 0, 0, 0, 0.196907275, -0.239702002, 0.250786084, 0, 0, 0, 0, 0, 0, 0, 0, 0, 0, 
36.3402699, 0.1, 0.1, 0.149999615, -0.20000019, -0.0199718948, 0.7066562, -0.707557075, 1.6936539e-005, 0.707557076, 0.7066562, 2.60463658e-007, -1.21526032e-005, 1.17995097e-005, 1, 0.706656217, -0.707557058, 7.76750846e-006, 0.707557058, 0.706656217, -2.26178921e-005, 1.05144911e-005, 2.14790295e-005, 1, 0.180494922, -0.261453296, 0.209614355, 0, 0, 0, 0, 0, 0, 0, 0.196907275, -0.239702002, 0.250786084, 0, 0, 0, 0, 0, 0, 0, 0, 0, 0, 
36.3410381, 0.1, 0.1, 0.149999614, -0.200000194, -0.0199735406, 0.706655943, -0.707557332, -5.15166932e-006, 0.707557332, 0.706655943, -1.90447823e-005, 1.71157331e-005, 9.8130072e-006, 1, 0.706656003, -0.707557272, -6.79166251e-007, 0.707557272, 0.706656003, 1.16700488e-005, -7.77729096e-006, -8.72725903e-006, 1, 0.180494922, -0.261453296, 0.209614355, 0, 0, 0, 0, 0, 0, 0, 0.196907275, -0.239702002, 0.250786084, 0, 0, 0, 0, 0, 0, 0, 0, 0, 0, 
36.3417645, 0.1, 0.1, 0.149999616, -0.20000019, -0.0199732195, 0.706655748, -0.707557527, -4.64534636e-006, 0.707557527, 0.706655748, 1.7163849e-005, -8.86174986e-006, -1.54157824e-005, 1, 0.706655764, -0.70755751, -1.54569736e-005, 0.70755751, 0.706655764, -4.21547728e-006, 1.39054521e-005, -7.95780642e-006, 1, 0.180494922, -0.261453296, 0.209614355, 0, 0, 0, 0, 0, 0, 0, 0.197295166, -0.240083789, 0.251491211, 0, 0, 0, 0, 0, 0, 0, 0, 0, 0, 
36.3424867, 0.1, 0.1, 0.149999613, -0.200000191, -0.0199714765, 0.706655835, -0.70755744, 2.18672741e-006, 0.70755744, 0.706655835, -2.91888306e-005, 1.91075106e-005, 2.21736927e-005, 1, 0.70665579, -0.707557485, 1.9784141e-005, 0.707557485, 0.70665579, -1.3552452e-005, -4.39143894e-006, 2.35753358e-005, 1, 0.180494922, -0.261453296, 0.209614355, 0, 0, 0, 0, 0, 0, 0, 0.197295166, -0.240083789, 0.251491211, 0, 0, 0, 0, 0, 0, 0, 0, 0, 0, 
36.3432509, 0.1, 0.1, 0.149999616, -0.20000019, -0.0199685826, 0.706656297, -0.707556978, 1.30740655e-005, 0.707556978, 0.706656298, 1.97661094e-005, -2.32245194e-005, -4.71719938e-006, 1, 0.706656169, -0.707557106, -1.88867095e-005, 0.707557106, 0.706656169, 6.68448528e-006, 8.61675471e-006, -1.80870583e-005, 1, 0.180494922, -0.261453296, 0.209614355, 0, 0, 0, 0, 0, 0, 0, 0.197295166, -0.240083789, 0.251491211, 0, 0, 0, 0, 0, 0, 0, 0, 0, 0, 
36.3439849, 0.1, 0.1, 0.14999961, -0.200000191, -0.0199655249, 0.70665699, -0.707556287, -1.92485413e-005, 0.707556287, 0.70665699, -5.18603059e-006, 1.72715248e-005, -9.95468161e-006, 1, 0.706656849, -0.707556427, 1.83587563e-005, 0.707556427, 0.706656849, 2.2432614e-007, -1.31320643e-005, 1.28313344e-005, 1, 0.182079956, -0.262017554, 0.210933911, 0, 0, 0, 0, 0, 0, 0, 0.197295166, -0.240083789, 0.251491211, 0, 0, 0, 0, 0, 0, 0, 0, 0, 0, 
36.3447071, 0.1, 0.1, 0.149999613, -0.200000188, -0.0199635638, 0.706657556, -0.70755572, 2.98928197e-005, 0.707555721, 0.706657556, -4.69287108e-006, -1.78035191e-005, 2.44670884e-005, 1, 0.706657476, -0.707555801, 1.38290466e-006, 0.707555801, 0.706657476, -1.9238094e-005, 1.26347851e-005, 1.45732252e-005, 1, 0.182079956, -0.262017554, 0.210933911, 0, 0, 0, 0, 0, 0, 0, 0.197295166, -0.240083789, 0.251491211, 0, 0, 0, 0, 0, 0, 0, 0, 0, 0, 
36.3454989, 0.1, 0.1, 0.14999961, -0.200000194, -0.0199624202, 0.706657699, -0.707555577, -3.80060991e-005, 0.707555578, 0.706657699, 7.2257213e-006, 2.17447031e-005, -3.1997539e-005, 0.999999999, 0.706657718, -0.707555559, -1.59865711e-005, 0.707555559, 0.706657717, 3.11522703e-005, -1.07449282e-005, -3.33253795e-005, 0.999999999, 0.182079956, -0.262017554, 0.210933911, 0, 0, 0, 0, 0, 0, 0, 0.197295166, -0.240083789, 0.251491211, 0, 0, 0, 0, 0, 0, 0, 0, 0, 0, 
36.3462714, 0.1, 0.1, 0.149999613, -0.200000187, -0.0199625047, 0.70665728, -0.707555996, 1.53414747e-005, 0.707555996, 0.706657281, -2.32703435e-009, -1.08395183e-005, 1.08565968e-005, 1, 0.706657387, -0.70755589, 2.14220762e-006, 0.70755589, 0.706657386, -3.19144439e-005, 2.10674459e-005, 2.40683091e-005, 0.999999999, 0.183034326, -0.262272266, 0.211840796, 0, 0, 0, 0, 0, 0, 0, 0.197656445, -0.240205957, 0.252227588, 0, 0, 0, 0, 0, 0, 0, 0, 0, 0, 
36.3469954, 0.1, 0.1, 0.149999612, -0.200000192, -0.0199643449, 0.706656586, -0.70755669, -8.39298084e-006, 0.707556689, 0.706656586, -1.98576403e-005, 1.99813614e-005, 8.09402258e-006, 1, 0.706656726, -0.70755655, -3.7769326e-006, 0.70755655, 0.706656726, 1.69482462e-005, -9.32284778e-006, -1.46489856e-005, 1, 0.183034326, -0.262272266, 0.211840796, 0, 0, 0, 0, 0, 0, 0, 0.197656445, -0.240205957, 0.252227588, 0, 0, 0, 0, 0, 0, 0, 0, 0, 0, 
36.3477354, 0.1, 0.1, 0.149999615, -0.200000189, -0.0199673098, 0.70665599, -0.707557285, -6.05173869e-006, 0.707557285, 0.706655989, 2.69972501e-005, -1.48256036e-005, -2.33597203e-005, 1, 0.706656078, -0.707557197, -1.98571696e-005, 0.707557197, 0.706656078, 7.94689982e-008, 1.39759607e-005, -1.41062405e-005, 1, 0.183034326, -0.262272266, 0.211840796, 0, 0, 0, 0, 0, 0, 0, 0.197656445, -0.240205957, 0.252227588, 0, 0, 0, 0, 0, 0, 0, 0, 0, 0, 
36.3484868, 0.1, 0.1, 0.14999961, -0.200000191, -0.0199700149, 0.70665579, -0.707557485, 1.04095936e-005, 0.707557485, 0.706655789, -2.23795406e-005, 8.47881192e-006, 2.31800178e-005, 1, 0.706655793, -0.707557482, 2.80609436e-005, 0.707557482, 0.706655793, -5.25539314e-006, -1.61109356e-005, 2.35684846e-005, 1, 0.183034326, -0.262272266, 0.211840796, 0, 0, 0, 0, 0, 0, 0, 0.197656445, -0.240205957, 0.252227588, 0, 0, 0, 0, 0, 0, 0, 0, 0, 0, 
36.3492108, 0.1, 0.1, 0.149999613, -0.20000019, -0.019971883, 0.706655986, -0.707557289, 9.53863612e-006, 0.707557289, 0.706655986, 1.57654119e-005, -1.78954664e-005, -4.39159115e-006, 1, 0.706655927, -0.707557348, -1.40890628e-005, 0.707557349, 0.706655927, 6.06916694e-006, 5.66183609e-006, -1.42576327e-005, 1, 0.183034326, -0.262272266, 0.211840796, 0, 0, 0, 0, 0, 0, 0, 0.197656445, -0.240205957, 0.252227588, 0, 0, 0, 0, 0, 0, 0, 0, 0, 0, 
36.349934, 0.1, 0.1, 0.149999607, -0.200000191, -0.0199725817, 0.70665641, -0.707556866, -1.14313659e-005, 0.707556866, 0.70665641, -4.51785885e-006, 1.127469e-005, -4.8957675e-006, 1, 0.706656321, -0.707556954, 1.80514972e-005, 0.707556954, 0.706656321, -4.09856878e-007, -1.24662075e-005, 1.30620903e-005, 1, 0.183034326, -0.262272266, 0.211840796, 0, 0, 0, 0, 0, 0, 0, 0.197656445, -0.240205957, 0.252227588, 0, 0, 0, 0, 0, 0, 0, 0, 0, 0, 
36.3507104, 0.1, 0.1, 0.149999609, -0.200000189, -0.0199715776, 0.706656779, -0.707556496, 3.05370686e-005, 0.707556497, 0.706656779, -3.57680902e-006, -1.90484321e-005, 2.41342776e-005, 1, 0.706656732, -0.707556544, 6.86143337e-006, 0.707556544, 0.706656732, -1.60490911e-005, 6.50696132e-006, 1.61960503e-005, 1, 0.184154688, -0.262614771, 0.211243457, 0, 0, 0, 0, 0, 0, 0, 0.197656445, -0.240205957, 0.252227588, 0, 0, 0, 0, 0, 0, 0, 0, 0, 0, 
36.3514304, 0.1, 0.1, 0.149999606, -0.200000192, -0.0199694156, 0.7066568, -0.707556476, -2.68097678e-005, 0.707556476, 0.7066568, 1.94000605e-006, 1.75726409e-005, -2.03403433e-005, 1, 0.706656829, -0.707556448, -8.56927596e-006, 0.707556448, 0.706656828, 2.10856546e-005, -8.86375348e-006, -2.09635683e-005, 1, 0.184154688, -0.262614771, 0.211243457, 0, 0, 0, 0, 0, 0, 0, 0.198373291, -0.240260889, 0.251343408, 0, 0, 0, 0, 0, 0, 0, 0, 0, 0, 
36.3521539, 0.1, 0.1, 0.149999608, -0.200000188, -0.0199671229, 0.706656437, -0.707556839, 1.46146346e-005, 0.707556839, 0.706656437, 5.72087929e-006, -1.43753729e-005, 6.29798848e-006, 1, 0.706656529, -0.707556746, 4.08650548e-006, 0.707556746, 0.706656529, -2.24414048e-005, 1.29908116e-005, 1.87497997e-005, 1, 0.184154688, -0.262614771, 0.211243457, 0, 0, 0, 0, 0, 0, 0, 0.198373291, -0.240260889, 0.251343408, 0, 0, 0, 0, 0, 0, 0, 0, 0, 0, 
36.3529169, 0.1, 0.1, 0.149999608, -0.200000192, -0.0199651366, 0.706655789, -0.707557486, -1.19419783e-005, 0.707557486, 0.706655789, -3.06667043e-005, 3.01373243e-005, 1.3221168e-005, 0.999999999, 0.706655933, -0.707557342, -6.99712814e-006, 0.707557342, 0.706655933, 1.14693493e-005, -3.17066016e-006, -1.30557531e-005, 1, 0.184154688, -0.262614771, 0.211243457, 0, 0, 0, 0, 0, 0, 0, 0.198373291, -0.240260889, 0.251343408, 0, 0, 0, 0, 0, 0, 0, 0, 0, 0, 
36.3536577, 0.1, 0.1, 0.14999961, -0.200000187, -0.0199639549, 0.706655259, -0.707558016, -3.61053177e-006, 0.707558016, 0.706655258, 2.50955284e-005, -1.5205141e-005, -2.02885478e-005, 1, 0.706655335, -0.707557939, -2.06416518e-005, 0.707557939, 0.706655335, -7.00546123e-006, 1.95433031e-005, -9.65471807e-006, 1, 0.184154688, -0.262614771, 0.211243457, 0, 0, 0, 0, 0, 0, 0, 0.198373291, -0.240260889, 0.251343408, 0, 0, 0, 0, 0, 0, 0, 0, 0, 0, 
36.3543845, 0.1, 0.1, 0.149999605, -0.200000189, -0.0199640003, 0.706655163, -0.707558111, 1.32934915e-005, 0.707558111, 0.706655162, -3.02527829e-005, 1.20116875e-005, 3.0784203e-005, 0.999999999, 0.706655143, -0.707558131, 3.44498979e-005, 0.707558131, 0.706655143, -1.05881481e-005, -1.68524672e-005, 3.18574747e-005, 0.999999999, 0.184154688, -0.262614771, 0.211243457, 0, 0, 0, 0, 0, 0, 0, 0.198373291, -0.240260889, 0.251343408, 0, 0, 0, 0, 0, 0, 0, 0, 0, 0, 
36.3551249, 0.1, 0.1, 0.149999607, -0.200000188, -0.0199653551, 0.706655528, -0.707557746, 1.52995995e-005, 0.707557746, 0.706655528, 2.26885402e-005, -2.6864999e-005, -5.20763222e-006, 1, 0.706655425, -0.70755785, -1.61427059e-005, 0.70755785, 0.706655425, 9.13521177e-006, 4.9436399e-006, -1.78773452e-005, 1, 0.184154688, -0.262614771, 0.211243457, 0, 0, 0, 0, 0, 0, 0, 0.198373291, -0.240260889, 0.251343408, 0, 0, 0, 0, 0, 0, 0, 0, 0, 0, 
36.3558915, 0.1, 0.1, 0.149999599, -0.20000019, -0.0199670107, 0.706656221, -0.707557055, -5.98602736e-006, 0.707557055, 0.706656221, -2.40907065e-006, 5.93461841e-006, -2.53307112e-006, 1, 0.706656084, -0.707557191, 3.04016086e-005, 0.707557191, 0.706656084, 3.27969383e-006, -2.38040526e-005, 1.91932612e-005, 1, 0.18458042, -0.262168188, 0.21065979, 0, 0, 0, 0, 0, 0, 0, 0.198943799, -0.239941846, 0.25076084, 0, 0, 0, 0, 0, 0, 0, 0, 0, 0, 
36.3566237, 0.1, 0.1, 0.1499996, -0.200000188, -0.0199687903, 0.706656765, -0.70755651, 2.89982084e-005, 0.707556511, 0.706656766, -7.46622378e-006, -1.52090049e-005, 2.57939287e-005, 1, 0.706656685, -0.707556591, 5.04596733e-006, 0.707556591, 0.706656685, -1.91604053e-005, 9.99130449e-006, 1.71101359e-005, 1, 0.18458042, -0.262168188, 0.21065979, 0, 0, 0, 0, 0, 0, 0, 0.198943799, -0.239941846, 0.25076084, 0, 0, 0, 0, 0, 0, 0, 0, 0, 0, 
36.3573505, 0.1, 0.1, 0.149999598, -0.20000019, -0.0199702262, 0.706656946, -0.70755633, -2.76348346e-005, 0.70755633, 0.706656946, -3.79808693e-007, 1.97970839e-005, -1.92848077e-005, 1, 0.706656946, -0.707556331, -9.3843619e-006, 0.707556331, 0.706656945, 1.81298318e-005, -6.19635274e-006, -1.94515362e-005, 1, 0.18458042, -0.262168188, 0.21065979, 0, 0, 0, 0, 0, 0, 0, 0.198943799, -0.239941846, 0.25076084, 0, 0, 0, 0, 0, 0, 0, 0, 0, 0, 
36.3581323, 0.1, 0.1, 0.1499996, -0.200000185, -0.0199704393, 0.706656706, -0.70755657, 1.04650361e-005, 0.70755657, 0.706656706, -1.21418558e-006, -6.53608297e-006, 8.26261744e-006, 1, 0.706656771, -0.707556505, 1.16836175e-006, 0.707556505, 0.706656771, -2.71480011e-005, 1.8383114e-005, 2.00110007e-005, 1, 0.18415835, -0.261838892, 0.209871069, 0, 0, 0, 0, 0, 0, 0, 0.199030957, -0.239814795, 0.249896924, 0, 0, 0, 0, 0, 0, 0, 0, 0, 0, 
36.3588817, 0.1, 0.1, 0.149999601, -0.200000188, -0.0199695378, 0.706656208, -0.707557067, -1.27893643e-005, 0.707557067, 0.706656208, -1.93060424e-005, 2.26978104e-005, 4.59352965e-006, 1, 0.706656308, -0.707556967, -9.02261851e-006, 0.707556967, 0.706656308, 1.23464318e-005, -2.35991356e-006, -1.51087005e-005, 1, 0.18415835, -0.261838892, 0.209871069, 0, 0, 0, 0, 0, 0, 0, 0.199030957, -0.239814795, 0.249896924, 0, 0, 0, 0, 0, 0, 0, 0, 0, 0, 
36.3596147, 0.1, 0.1, 0.149999604, -0.200000186, -0.0199682199, 0.706655798, -0.707557477, -7.17912731e-006, 0.707557477, 0.706655797, 2.93117844e-005, -1.56666003e-005, -2.57929876e-005, 1, 0.706655852, -0.707557423, -2.10130543e-005, 0.707557423, 0.706655852, 3.38755163e-006, 1.24521105e-005, -1.72617757e-005, 1, 0.18415835, -0.261838892, 0.209871069, 0, 0, 0, 0, 0, 0, 0, 0.199030957, -0.239814795, 0.249896924, 0, 0, 0, 0, 0, 0, 0, 0, 0, 0, 
36.3603774, 0.1, 0.1, 0.1499996, -0.200000188, -0.0199666388, 0.706655764, -0.70755751, 5.8626541e-006, 0.70755751, 0.706655764, -2.79565686e-005, 1.56380017e-005, 2.39038353e-005, 1, 0.706655732, -0.707557542, 2.69810763e-005, 0.707557542, 0.706655732, -8.32663728e-006, -1.31747572e-005, 2.497473e-005, 1, 0.18415835, -0.261838892, 0.209871069, 0, 0, 0, 0, 0, 0, 0, 0.199030957, -0.239814795, 0.249896924, 0, 0, 0, 0, 0, 0, 0, 0, 0, 0, 
36.3611091, 0.1, 0.1, 0.149999603, -0.200000188, -0.019965523, 0.706656158, -0.707557117, 1.04145003e-005, 0.707557117, 0.706656158, 2.1897618e-005, -2.28532863e-005, -8.10523284e-006, 1, 0.706656058, -0.707557217, -1.92066848e-005, 0.707557217, 0.706656058, 9.87843418e-006, 6.58296276e-006, -2.05704838e-005, 1, 0.18415835, -0.261838892, 0.209871069, 0, 0, 0, 0, 0, 0, 0, 0.199030957, -0.239814795, 0.249896924, 0, 0, 0, 0, 0, 0, 0, 0, 0, 0, 
36.3618487, 0.1, 0.1, 0.149999597, -0.200000189, -0.0199652398, 0.70665683, -0.707556446, -1.59010829e-005, 0.707556446, 0.70665683, -4.34551113e-006, 1.43113033e-005, -8.18012861e-006, 1, 0.706656691, -0.707556585, 2.21174536e-005, 0.707556585, 0.706656691, 1.4958725e-006, -1.6687861e-005, 1.45922817e-005, 1, 0.18415835, -0.261838892, 0.209871069, 0, 0, 0, 0, 0, 0, 0, 0.199030957, -0.239814795, 0.249896924, 0, 0, 0, 0, 0, 0, 0, 0, 0, 0, 
36.3626249, 0.1, 0.1, 0.149999599, -0.200000186, -0.0199656282, 0.706657409, -0.707555867, 3.71726517e-005, 0.707555868, 0.706657409, -5.62845854e-006, -2.22858809e-005, 3.02791197e-005, 0.999999999, 0.706657326, -0.707555951, 7.00379522e-006, 0.707555951, 0.706657325, -2.06727998e-005, 9.6778793e-006, 1.95641624e-005, 1, 0.183032007, -0.26093042, 0.210065259, 0, 0, 0, 0, 0, 0, 0, 0.199030957, -0.239814795, 0.249896924, 0, 0, 0, 0, 0, 0, 0, 0, 0, 0, 
36.3633587, 0.1, 0.1, 0.149999596, -0.20000019, -0.0199662774, 0.706657542, -0.707555735, -2.53621372e-005, 0.707555735, 0.706657542, 3.61570011e-006, 1.53640362e-005, -2.05001874e-005, 1, 0.706657555, -0.707555723, -4.9727629e-006, 0.707555722, 0.706657554, 2.46343064e-005, -1.3916104e-005, -2.09265256e-005, 1, 0.183032007, -0.26093042, 0.210065259, 0, 0, 0, 0, 0, 0, 0, 0.198604492, -0.239168018, 0.250162158, 0, 0, 0, 0, 0, 0, 0, 0, 0, 0, 
36.3641005, 0.1, 0.1, 0.149999597, -0.200000185, -0.0199673876, 0.706657227, -0.707556049, 1.54580318e-005, 0.707556049, 0.706657227, 2.30187694e-006, -1.25522368e-005, 9.31078593e-006, 1, 0.706657314, -0.707555963, 4.46906791e-006, 0.707555962, 0.706657314, -2.64225704e-005, 1.55373477e-005, 2.18338183e-005, 1, 0.183032007, -0.26093042, 0.210065259, 0, 0, 0, 0, 0, 0, 0, 0.198604492, -0.239168018, 0.250162158, 0, 0, 0, 0, 0, 0, 0, 0, 0, 0, 
36.3648476, 0.1, 0.1, 0.149999597, -0.200000189, -0.0199685252, 0.706656648, -0.707556628, -1.04450496e-005, 0.707556628, 0.706656648, -2.18459304e-005, 2.28382966e-005, 8.04710786e-006, 1, 0.706656767, -0.707556509, -5.52466982e-006, 0.707556509, 0.706656767, 1.18613586e-005, -4.48853618e-006, -1.22909254e-005, 1, 0.183032007, -0.26093042, 0.210065259, 0, 0, 0, 0, 0, 0, 0, 0.198604492, -0.239168018, 0.250162158, 0, 0, 0, 0, 0, 0, 0, 0, 0, 0, 
36.3655887, 0.1, 0.1, 0.1499996, -0.200000185, -0.0199692111, 0.70665616, -0.707557115, -9.54029726e-006, 0.707557115, 0.70665616, 2.05067408e-005, -7.76798051e-006, -2.12415199e-005, 1, 0.706656227, -0.707557048, -2.24604188e-005, 0.707557048, 0.706656227, -5.13456002e-006, 1.95047889e-005, -1.22636588e-005, 1, 0.183032007, -0.26093042, 0.210065259, 0, 0, 0, 0, 0, 0, 0, 0.198604492, -0.239168018, 0.250162158, 0, 0, 0, 0, 0, 0, 0, 0, 0, 0, 
36.3663282, 0.1, 0.1, 0.149999597, -0.200000186, -0.0199694056, 0.706656048, -0.707557227, 2.20542228e-006, 0.707557227, 0.706656048, -2.80960005e-005, 1.83210532e-005, 2.14146712e-005, 1, 0.706656037, -0.707557238, 2.05614369e-005, 0.707557239, 0.706656037, -1.12141301e-005, -6.59522458e-006, 2.24729262e-005, 1, 0.183032007, -0.26093042, 0.210065259, 0, 0, 0, 0, 0, 0, 0, 0.198604492, -0.239168018, 0.250162158, 0, 0, 0, 0, 0, 0, 0, 0, 0, 0, 
36.3670692, 0.1, 0.1, 0.149999601, -0.200000185, -0.0199690908, 0.706656335, -0.70755694, 7.47658485e-006, 0.70755694, 0.706656335, 1.92279275e-005, -1.88882296e-005, -8.29742732e-006, 1, 0.706656253, -0.707557022, -2.04237e-005, 0.707557022, 0.706656253, 7.50393182e-006, 9.12307569e-006, -1.97536327e-005, 1, 0.183032007, -0.26093042, 0.210065259, 0, 0, 0, 0, 0, 0, 0, 0.198604492, -0.239168018, 0.250162158, 0, 0, 0, 0, 0, 0, 0, 0, 0, 0, 
36.3678489, 0.1, 0.1, 0.149999594, -0.200000187, -0.0199678134, 0.706656937, -0.707556339, -1.44322766e-005, 0.707556339, 0.706656937, -4.02909292e-006, 1.30494786e-005, -7.36446231e-006, 1, 0.706656816, -0.70755646, 2.19616641e-005, 0.70755646, 0.706656816, 1.14438763e-006, -1.63290785e-005, 1.4730428e-005, 1, 0.182125488, -0.260172681, 0.210661255, 0, 0, 0, 0, 0, 0, 0, 0.197914502, -0.238914746, 0.250397852, 0, 0, 0, 0, 0, 0, 0, 0, 0, 0, 
36.3685794, 0.1, 0.1, 0.149999596, -0.200000185, -0.0199667133, 0.706657402, -0.707555874, 3.10342533e-005, 0.707555875, 0.706657402, -4.30701197e-006, -1.88831332e-005, 2.50020501e-005, 1, 0.70665734, -0.707555937, 5.21162783e-006, 0.707555937, 0.70665734, -1.74377665e-005, 8.65536017e-006, 1.60100439e-005, 1, 0.182125488, -0.260172681, 0.210661255, 0, 0, 0, 0, 0, 0, 0, 0.197914502, -0.238914746, 0.250397852, 0, 0, 0, 0, 0, 0, 0, 0, 0, 0, 
36.3693143, 0.1, 0.1, 0.149999594, -0.200000188, -0.0199660732, 0.706657487, -0.707555789, -3.0379365e-005, 0.70755579, 0.706657487, 4.4216805e-006, 1.83392201e-005, -2.46197092e-005, 1, 0.706657508, -0.707555769, -1.03249544e-005, 0.707555769, 0.706657508, 2.56745607e-005, -1.0869977e-005, -2.54486021e-005, 1, 0.182125488, -0.260172681, 0.210661255, 0, 0, 0, 0, 0, 0, 0, 0.197914502, -0.238914746, 0.250397852, 0, 0, 0, 0, 0, 0, 0, 0, 0, 0, 
36.3700793, 0.1, 0.1, 0.149999596, -0.200000183, -0.0199657058, 0.706657101, -0.707556175, 1.62810207e-005, 0.707556175, 0.706657102, 2.9830427e-006, -1.36157692e-005, 9.41174842e-006, 1, 0.706657202, -0.707556075, 4.27409946e-006, 0.707556074, 0.706657202, -2.75582963e-005, 1.64787168e-005, 2.24984336e-005, 1, 0.182125488, -0.260172681, 0.210661255, 0, 0, 0, 0, 0, 0, 0, 0.197914502, -0.238914746, 0.250397852, 0, 0, 0, 0, 0, 0, 0, 0, 0, 0, 
36.3708286, 0.1, 0.1, 0.149999596, -0.200000188, -0.0199658499, 0.70665644, -0.707556836, -9.62182519e-006, 0.707556836, 0.70665644, -2.06846921e-005, 2.143492e-005, 7.80898269e-006, 1, 0.70665657, -0.707556706, -4.80251202e-006, 0.707556706, 0.70665657, 1.50994681e-005, -7.29000326e-006, -1.40681879e-005, 1, 0.182125488, -0.260172681, 0.210661255, 0, 0, 0, 0, 0, 0, 0, 0.197914502, -0.238914746, 0.250397852, 0, 0, 0, 0, 0, 0, 0, 0, 0, 0, 
36.3715677, 0.1, 0.1, 0.149999599, -0.200000184, -0.019966537, 0.706655891, -0.707557384, -7.98356379e-006, 0.707557384, 0.70665589, 2.53212467e-005, -1.22746027e-005, -2.35422376e-005, 1, 0.706655967, -0.707557308, -2.17736823e-005, 0.707557308, 0.706655967, -1.89268202e-006, 1.67256835e-005, -1.4068653e-005, 1, 0.182125488, -0.260172681, 0.210661255, 0, 0, 0, 0, 0, 0, 0, 0.197914502, -0.238914746, 0.250397852, 0, 0, 0, 0, 0, 0, 0, 0, 0, 0, 
36.3723619, 0.1, 0.1, 0.149999594, -0.200000186, -0.0199671538, 0.706655749, -0.707557525, 6.75548767e-006, 0.707557525, 0.706655749, -3.17439776e-005, 1.76868861e-005, 2.72119604e-005, 0.999999999, 0.706655736, -0.707557538, 2.65490499e-005, 0.707557538, 0.706655736, -1.36642838e-005, -9.09277138e-006, 2.84409249e-005, 1, 0.178665186, -0.260528662, 0.210368555, 0, 0, 0, 0, 0, 0, 0, 0.19584585, -0.239290283, 0.250255029, 0, 0, 0, 0, 0, 0, 0, 0, 0, 0, 
36.3730907, 0.1, 0.1, 0.149999598, -0.200000185, -0.0199677001, 0.706656054, -0.707557221, 8.08392709e-006, 0.707557221, 0.706656054, 1.74097095e-005, -1.80309217e-005, -6.58283563e-006, 1, 0.70665597, -0.707557305, -1.93209412e-005, 0.707557305, 0.70665597, 5.50500715e-006, 9.75815042e-006, -1.75608192e-005, 1, 0.178665186, -0.260528662, 0.210368555, 0, 0, 0, 0, 0, 0, 0, 0.19584585, -0.239290283, 0.250255029, 0, 0, 0, 0, 0, 0, 0, 0, 0, 0, 
36.3738345, 0.1, 0.1, 0.149999592, -0.200000186, -0.019968245, 0.706656636, -0.707556639, -1.58248691e-005, 0.707556639, 0.706656637, -3.65261566e-006, 1.37671813e-005, -8.61584613e-006, 1, 0.706656514, -0.707556761, 1.98095286e-005, 0.707556761, 0.706656514, 1.22155189e-006, -1.48628497e-005, 1.31531483e-005, 1, 0.178665186, -0.260528662, 0.210368555, 0, 0, 0, 0, 0, 0, 0, 0.19584585, -0.239290283, 0.250255029, 0, 0, 0, 0, 0, 0, 0, 0, 0, 0, 
36.3746119, 0.1, 0.1, 0.149999594, -0.200000184, -0.0199684142, 0.706657132, -0.707556144, 3.23008945e-005, 0.707556145, 0.706657132, -2.0020628e-006, -2.14090856e-005, 2.42694683e-005, 0.999999999, 0.706657061, -0.707556215, 4.48495397e-006, 0.707556215, 0.706657061, -1.63854477e-005, 8.42430094e-006, 1.47522494e-005, 1, 0.175725098, -0.261883081, 0.208470703, 0, 0, 0, 0, 0, 0, 0, 0.19584585, -0.239290283, 0.250255029, 0, 0, 0, 0, 0, 0, 0, 0, 0, 0, 
36.3753545, 0.1, 0.1, 0.149999592, -0.200000188, -0.0199680062, 0.706657221, -0.707556055, -2.76193549e-005, 0.707556056, 0.706657221, 5.55148734e-006, 1.55894281e-005, -2.34652404e-005, 1, 0.706657241, -0.707556035, -7.45398788e-006, 0.707556035, 0.706657241, 2.66895674e-005, -1.361695e-005, -2.41344902e-005, 1, 0.175725098, -0.261883081, 0.208470703, 0, 0, 0, 0, 0, 0, 0, 0.194015576, -0.240107422, 0.249668408, 0, 0, 0, 0, 0, 0, 0, 0, 0, 0, 
36.376086, 0.1, 0.1, 0.149999594, -0.200000184, -0.0199676063, 0.706656891, -0.707556385, 1.44803163e-005, 0.707556385, 0.706656892, 6.62537408e-006, -1.4920441e-005, 5.56377397e-006, 1, 0.706656978, -0.707556299, 3.88304508e-006, 0.707556299, 0.706656977, -2.06224994e-005, 1.18475985e-005, 1.73205061e-005, 1, 0.175725098, -0.261883081, 0.208470703, 0, 0, 0, 0, 0, 0, 0, 0.194015576, -0.240107422, 0.249668408, 0, 0, 0, 0, 0, 0, 0, 0, 0, 0, 
36.3768349, 0.1, 0.1, 0.149999593, -0.200000189, -0.0199672313, 0.706656295, -0.707556981, -9.6203642e-006, 0.707556981, 0.706656295, -2.14458709e-005, 2.19724666e-005, 8.3479038e-006, 1, 0.706656414, -0.707556862, -5.61300848e-006, 0.707556862, 0.706656413, 1.38066084e-005, -5.80249209e-006, -1.37280511e-005, 1, 0.175725098, -0.261883081, 0.208470703, 0, 0, 0, 0, 0, 0, 0, 0.194015576, -0.240107422, 0.249668408, 0, 0, 0, 0, 0, 0, 0, 0, 0, 0, 
36.3775688, 0.1, 0.1, 0.149999596, -0.200000185, -0.019967003, 0.706655798, -0.707557477, -4.31340906e-006, 0.707557477, 0.706655798, 2.35873242e-005, -1.3641292e-005, -1.97201042e-005, 1, 0.706655867, -0.707557408, -1.85122144e-005, 0.707557408, 0.706655867, -3.00894609e-006, 1.5210767e-005, -1.09721651e-005, 1, 0.175725098, -0.261883081, 0.208470703, 0, 0, 0, 0, 0, 0, 0, 0.194015576, -0.240107422, 0.249668408, 0, 0, 0, 0, 0, 0, 0, 0, 0, 0, 
36.3783038, 0.1, 0.1, 0.149999592, -0.200000186, -0.019967171, 0.706655692, -0.707557583, 8.5701101e-006, 0.707557583, 0.706655692, -3.08091632e-005, 1.57431399e-005, 2.78353169e-005, 0.999999999, 0.706655675, -0.707557599, 2.94320558e-005, 0.707557599, 0.706655675, -1.10620791e-005, -1.29712712e-005, 2.86419557e-005, 1, 0.175725098, -0.261883081, 0.208470703, 0, 0, 0, 0, 0, 0, 0, 0.194015576, -0.240107422, 0.249668408, 0, 0, 0, 0, 0, 0, 0, 0, 0, 0, 
36.3790348, 0.1, 0.1, 0.149999595, -0.200000185, -0.0199675427, 0.706656005, -0.70755727, 1.07532291e-005, 0.70755727, 0.706656005, 1.64156605e-005, -1.92138538e-005, -3.99169965e-006, 1, 0.706655921, -0.707557354, -1.69340075e-005, 0.707557354, 0.706655921, 4.75279726e-006, 8.60364001e-006, -1.53403739e-005, 1, 0.175725098, -0.261883081, 0.208470703, 0, 0, 0, 0, 0, 0, 0, 0.194015576, -0.240107422, 0.249668408, 0, 0, 0, 0, 0, 0, 0, 0, 0, 0, 
36.3798116, 0.1, 0.1, 0.149999587, -0.200000186, -0.0199675202, 0.706656645, -0.707556631, -8.56398381e-006, 0.707556631, 0.706656645, -6.65936695e-006, 1.07636753e-005, -1.35361762e-006, 1, 0.706656524, -0.707556752, 2.64577857e-005, 0.707556752, 0.706656524, -2.2789261e-006, -1.70840973e-005, 2.03308029e-005, 1, 0.173513452, -0.264305859, 0.206193872, 0, 0, 0, 0, 0, 0, 0, 0.193031641, -0.241115088, 0.24855791, 0, 0, 0, 0, 0, 0, 0, 0, 0, 0, 
36.3805381, 0.1, 0.1, 0.149999589, -0.200000183, -0.0199676802, 0.706657144, -0.707556132, 3.14664128e-005, 0.707556132, 0.706657144, -5.51243033e-006, -1.83356115e-005, 2.61596516e-005, 0.999999999, 0.706657074, -0.707556203, 6.91811644e-006, 0.707556203, 0.706657073, -1.84785315e-005, 8.18586367e-006, 1.79529412e-005, 1, 0.173513452, -0.264305859, 0.206193872, 0, 0, 0, 0, 0, 0, 0, 0.193031641, -0.241115088, 0.24855791, 0, 0, 0, 0, 0, 0, 0, 0, 0, 0, 
36.3812612, 0.1, 0.1, 0.149999586, -0.200000187, -0.0199680255, 0.706657273, -0.707556004, -2.75654635e-005, 0.707556004, 0.706657273, 5.05671971e-006, 1.59014228e-005, -2.30774769e-005, 1, 0.706657284, -0.707555993, -8.47093549e-006, 0.707555993, 0.706657283, 2.43060379e-005, -1.12118345e-005, -2.31696999e-005, 1, 0.173513452, -0.264305859, 0.206193872, 0, 0, 0, 0, 0, 0, 0, 0.193031641, -0.241115088, 0.24855791, 0, 0, 0, 0, 0, 0, 0, 0, 0, 0, 
36.3820226, 0.1, 0.1, 0.149999588, -0.200000182, -0.0199681003, 0.706656964, -0.707556312, 1.3529015e-005, 0.707556312, 0.706656964, 3.47048259e-006, -1.20159345e-005, 7.12009925e-006, 1, 0.706657044, -0.707556232, 3.37143647e-006, 0.707556232, 0.706657044, -2.37725383e-005, 1.44379583e-005, 1.91845126e-005, 1, 0.173513452, -0.264305859, 0.206193872, 0, 0, 0, 0, 0, 0, 0, 0.193031641, -0.241115088, 0.24855791, 0, 0, 0, 0, 0, 0, 0, 0, 0, 0, 
36.3827681, 0.1, 0.1, 0.149999588, -0.200000187, -0.0199679304, 0.706656391, -0.707556884, -1.09068909e-005, 0.707556884, 0.706656391, -1.82728715e-005, 2.06365202e-005, 5.19539566e-006, 1, 0.706656505, -0.707556771, -6.9256965e-006, 0.707556771, 0.706656505, 1.54494828e-005, -6.03729769e-006, -1.5817801e-005, 1, 0.173513452, -0.264305859, 0.206193872, 0, 0, 0, 0, 0, 0, 0, 0.193031641, -0.241115088, 0.24855791, 0, 0, 0, 0, 0, 0, 0, 0, 0, 0, 
36.3834954, 0.1, 0.1, 0.149999591, -0.200000184, -0.01996788, 0.706655918, -0.707557357, -6.0827345e-006, 0.707557356, 0.706655918, 2.66349733e-005, -1.45473709e-005, -2.3125645e-005, 1, 0.706655986, -0.707557289, -2.00521189e-005, 0.707557289, 0.706655986, 6.18290123e-007, 1.37324741e-005, -1.46249413e-005, 1, 0.173513452, -0.264305859, 0.206193872, 0, 0, 0, 0, 0, 0, 0, 0.193031641, -0.241115088, 0.24855791, 0, 0, 0, 0, 0, 0, 0, 0, 0, 0, 
36.3842662, 0.1, 0.1, 0.149999587, -0.200000185, -0.0199676407, 0.706655828, -0.707557447, 6.02622881e-006, 0.707557447, 0.706655827, -3.29373407e-005, 1.9046591e-005, 2.75392668e-005, 0.999999999, 0.706655805, -0.707557469, 2.70771628e-005, 0.70755747, 0.706655805, -1.29474649e-005, -9.97315882e-006, 2.830805e-005, 1, 0.176357129, -0.265121484, 0.205632666, 0, 0, 0, 0, 0, 0, 0, 0.193031641, -0.241115088, 0.24855791, 0, 0, 0, 0, 0, 0, 0, 0, 0, 0, 
36.3850011, 0.1, 0.1, 0.149999591, -0.200000183, -0.0199672136, 0.706656169, -0.707557107, 9.0602639e-006, 0.707557107, 0.706656169, 1.42887977e-005, -1.65126318e-005, -3.68661296e-006, 1, 0.706656079, -0.707557197, -1.93025902e-005, 0.707557197, 0.706656079, 2.5145299e-006, 1.1861119e-005, -1.54345944e-005, 1, 0.176357129, -0.265121484, 0.205632666, 0, 0, 0, 0, 0, 0, 0, 0.194259912, -0.241234229, 0.248585986, 0, 0, 0, 0, 0, 0, 0, 0, 0, 0, 
36.3857276, 0.1, 0.1, 0.149999585, -0.200000184, -0.0199671774, 0.706656765, -0.707556511, -1.46188692e-005, 0.707556511, 0.706656765, -7.27896156e-006, 1.54807995e-005, -5.19994869e-006, 1, 0.706656643, -0.707556633, 2.02764119e-005, 0.707556633, 0.706656643, -2.95041535e-006, -1.22408752e-005, 1.64316404e-005, 1, 0.176357129, -0.265121484, 0.205632666, 0, 0, 0, 0, 0, 0, 0, 0.194259912, -0.241234229, 0.248585986, 0, 0, 0, 0, 0, 0, 0, 0, 0, 0, 
36.3864546, 0.1, 0.1, 0.149999587, -0.200000181, -0.019967497, 0.706657262, -0.707556014, 2.94147355e-005, 0.707556014, 0.706657263, -4.38198129e-006, -1.76856392e-005, 2.39091319e-005, 1, 0.706657191, -0.707556086, 3.1869968e-006, 0.707556086, 0.706657191, -1.80874264e-005, 1.05457544e-005, 1.50365889e-005, 1, 0.176357129, -0.265121484, 0.205632666, 0, 0, 0, 0, 0, 0, 0, 0.194259912, -0.241234229, 0.248585986, 0, 0, 0, 0, 0, 0, 0, 0, 0, 0, 
36.3871914, 0.1, 0.1, 0.149999585, -0.200000186, -0.019967902, 0.706657384, -0.707555893, -2.64123753e-005, 0.707555893, 0.706657384, 8.03984599e-006, 1.29758596e-005, -2.43696483e-005, 1, 0.706657396, -0.707555881, -7.74465494e-006, 0.707555881, 0.706657396, 2.75157475e-005, -1.39961112e-005, -2.49239826e-005, 1, 0.176357129, -0.265121484, 0.205632666, 0, 0, 0, 0, 0, 0, 0, 0.195514795, -0.241161377, 0.249246191, 0, 0, 0, 0, 0, 0, 0, 0, 0, 0, 
36.3879202, 0.1, 0.1, 0.149999586, -0.200000182, -0.0199683744, 0.70665709, -0.707556186, 1.60864729e-005, 0.707556186, 0.70665709, 8.11270766e-006, -1.71078166e-005, 5.64918105e-006, 1, 0.70665717, -0.707556107, 5.46136302e-006, 0.707556107, 0.70665717, -1.86386343e-005, 9.32856821e-006, 1.70353453e-005, 1, 0.176357129, -0.265121484, 0.205632666, 0, 0, 0, 0, 0, 0, 0, 0.195514795, -0.241161377, 0.249246191, 0, 0, 0, 0, 0, 0, 0, 0, 0, 0, 
36.3886538, 0.1, 0.1, 0.149999586, -0.200000187, -0.0199687491, 0.706656541, -0.707556735, -7.83513331e-006, 0.707556734, 0.706656541, -1.63079013e-005, 1.70755136e-005, 5.98028382e-006, 1, 0.706656655, -0.707556621, -3.15060252e-006, 0.707556621, 0.706656654, 1.73730338e-005, -1.00660109e-005, -1.45059996e-005, 1, 0.176357129, -0.265121484, 0.205632666, 0, 0, 0, 0, 0, 0, 0, 0.195514795, -0.241161377, 0.249246191, 0, 0, 0, 0, 0, 0, 0, 0, 0, 0, 
36.389424, 0.1, 0.1, 0.149999589, -0.200000184, -0.0199684789, 0.706656062, -0.707557213, -7.1955674e-006, 0.707557213, 0.706656062, 2.5728064e-005, -1.3119286e-005, -2.3272168e-005, 1, 0.706656125, -0.707557151, -2.04539788e-005, 0.707557151, 0.706656125, -2.34656746e-007, 1.46199625e-005, -1.43065374e-005, 1, 0.178898462, -0.264933911, 0.207080371, 0, 0, 0, 0, 0, 0, 0, 0.195514795, -0.241161377, 0.249246191, 0, 0, 0, 0, 0, 0, 0, 0, 0, 0, 
36.3901486, 0.1, 0.1, 0.149999586, -0.200000186, -0.0199680463, 0.706655978, -0.707557297, 3.31447784e-006, 0.707557297, 0.706655977, -2.78291924e-005, 1.73485526e-005, 2.20108482e-005, 1, 0.70665596, -0.707557315, 2.2554571e-005, 0.707557315, 0.70665596, -9.76495652e-006, -9.02905563e-006, 2.28591164e-005, 1, 0.178898462, -0.264933911, 0.207080371, 0, 0, 0, 0, 0, 0, 0, 0.195514795, -0.241161377, 0.249246191, 0, 0, 0, 0, 0, 0, 0, 0, 0, 0, 
36.3908799, 0.1, 0.1, 0.14999959, -0.200000185, -0.0199676872, 0.7066563, -0.707556976, 5.61519057e-006, 0.707556975, 0.7066563, 1.78820953e-005, -1.66206111e-005, -8.66342808e-006, 1, 0.706656214, -0.707557061, -2.21765951e-005, 0.707557061, 0.706656214, 6.63461194e-006, 1.09768622e-005, -2.03795962e-005, 1, 0.178898462, -0.264933911, 0.207080371, 0, 0, 0, 0, 0, 0, 0, 0.195514795, -0.241161377, 0.249246191, 0, 0, 0, 0, 0, 0, 0, 0, 0, 0, 
36.3916517, 0.1, 0.1, 0.149999585, -0.200000186, -0.0199672478, 0.706656917, -0.707556359, -2.40730126e-005, 0.707556359, 0.706656917, -6.71110495e-006, 2.17598459e-005, -1.22905644e-005, 1, 0.706656786, -0.707556491, 1.38955721e-005, 0.707556491, 0.706656786, -1.62346783e-006, -8.67070511e-006, 1.09791368e-005, 1, 0.18049165, -0.263078198, 0.208926831, 0, 0, 0, 0, 0, 0, 0, 0.195514795, -0.241161377, 0.249246191, 0, 0, 0, 0, 0, 0, 0, 0, 0, 0, 
36.3923771, 0.1, 0.1, 0.149999589, -0.200000183, -0.0199668853, 0.706657403, -0.707555873, 2.45156963e-005, 0.707555874, 0.706657403, -3.43505841e-006, -1.48937026e-005, 1.97736344e-005, 1, 0.706657335, -0.707555942, -3.43797411e-006, 0.707555942, 0.706657335, -1.75777364e-005, 1.48667015e-005, 9.98887735e-006, 1, 0.18049165, -0.263078198, 0.208926831, 0, 0, 0, 0, 0, 0, 0, 0.196418408, -0.24052915, 0.250270264, 0, 0, 0, 0, 0, 0, 0, 0, 0, 0, 
36.3931022, 0.1, 0.1, 0.149999587, -0.200000188, -0.0199669758, 0.706657507, -0.70755577, -2.72629253e-005, 0.70755577, 0.706657507, 8.25272365e-006, 1.34262886e-005, -2.51218893e-005, 1, 0.706657522, -0.707555755, -9.18030964e-006, 0.707555755, 0.706657521, 2.81537027e-005, -1.34329795e-005, -2.63906067e-005, 1, 0.18049165, -0.263078198, 0.208926831, 0, 0, 0, 0, 0, 0, 0, 0.196418408, -0.24052915, 0.250270264, 0, 0, 0, 0, 0, 0, 0, 0, 0, 0, 
36.393853, 0.1, 0.1, 0.149999588, -0.200000184, -0.0199673779, 0.706657181, -0.707556095, 2.23813959e-005, 0.707556095, 0.706657181, 1.0322405e-005, -2.31196547e-005, 8.54169146e-006, 1, 0.706657272, -0.707556004, 1.01804723e-005, 0.707556004, 0.706657272, -1.86371974e-005, 5.99275609e-006, 2.03733654e-005, 1, 0.18049165, -0.263078198, 0.208926831, 0, 0, 0, 0, 0, 0, 0, 0.196418408, -0.24052915, 0.250270264, 0, 0, 0, 0, 0, 0, 0, 0, 0, 0, 
36.3945853, 0.1, 0.1, 0.149999586, -0.20000019, -0.0199677846, 0.706656584, -0.707556692, -1.43734003e-006, 0.707556692, 0.706656584, -1.46934206e-005, 1.14121339e-005, 9.36620288e-006, 1, 0.706656706, -0.70755657, 3.84867305e-006, 0.707556569, 0.706656706, 2.03837446e-005, -1.7142343e-005, -1.16811559e-005, 1, 0.18049165, -0.263078198, 0.208926831, 0, 0, 0, 0, 0, 0, 0, 0.196418408, -0.24052915, 0.250270264, 0, 0, 0, 0, 0, 0, 0, 0, 0, 0, 
36.3953109, 0.1, 0.1, 0.149999588, -0.200000187, -0.0199682998, 0.7066561, -0.707557175, -4.13503118e-006, 0.707557175, 0.7066561, 2.49467469e-005, -1.47292048e-005, -2.05545419e-005, 1, 0.706656168, -0.707557108, -1.62308852e-005, 0.707557108, 0.706656168, 3.07613501e-007, 1.1252001e-005, -1.17016551e-005, 1, 0.18049165, -0.263078198, 0.208926831, 0, 0, 0, 0, 0, 0, 0, 0.196418408, -0.24052915, 0.250270264, 0, 0, 0, 0, 0, 0, 0, 0, 0, 0, 
36.3960621, 0.1, 0.1, 0.149999584, -0.200000189, -0.0199686131, 0.706655977, -0.707557298, 2.45289968e-006, 0.707557298, 0.706655977, -3.1557083e-005, 2.05950881e-005, 2.40355684e-005, 0.999999999, 0.706655964, -0.707557311, 2.34911911e-005, 0.707557311, 0.706655964, -1.18864546e-005, -8.18984249e-006, 2.5020998e-005, 1, 0.18049165, -0.263078198, 0.208926831, 0, 0, 0, 0, 0, 0, 0, 0.196418408, -0.24052915, 0.250270264, 0, 0, 0, 0, 0, 0, 0, 0, 0, 0, 
