time, realDorsalTactorPos, realVentralTactorPos, boxPosX, boxPosY, boxPosZ, boxLocalRot_11, boxLocalRot_12, boxLocalRot_13, boxLocalRot_21, boxLocalRot_22, boxLocalRot_23, boxLocalRot_31, boxLocalRot_32, boxLocalRot_33, boxGlobalRot_11, boxGlobalRot_12, boxGlobalRot_13, boxGlobalRot_21, boxGlobalRot_22, boxGlobalRot_23, boxGlobalRot_31, boxGlobalRot_32, boxGlobalRot_33, indexPosX, indexPosY, indexPosZ, indexContact, indexForceX, indexForceY, indexForceZ, indexForceGlobalX, indexForceGlobalY, indexForceGlobalZ, thumbPosX, thumbPosY, thumbPosZ, thumbContact, thumbForceX, thumbForceY, thumbForceZ, thumbForceGlobalX, thumbForceGlobalY, thumbForceGlobalZ, hoopSuccess, targetSuccess, trialSuccess, 
84.4236996, 0.1, 0.1, 0.150000259, -0.20000001, -0.0199745333, 0.70755628, -0.706656996, 1.95750808e-005, 0.706656996, 0.70755628, 9.3114278e-006, -2.0430457e-005, 7.24450859e-006, 1, 0.707556275, -0.706657002, 1.08988581e-005, 0.706657001, 0.707556275, 1.7747541e-005, -2.02529796e-005, -4.85562958e-006, 1, 0.196376221, -0.187964209, -0.16973147, 0, 0, 0, 0, 0, 0, 0, 0.245708936, -0.178168213, -0.145023926, 0, 0, 0, 0, 0, 0, 0, 0, 0, 0, 
84.4414116, 0.1, 0.1, 0.150000252, -0.199999999, -0.0199598068, 0.707589328, -0.706623905, 2.77924962e-006, 0.706623904, 0.707589328, 2.63149272e-005, -2.0561324e-005, -1.66562775e-005, 1, 0.707589222, -0.706624011, 7.39295134e-006, 0.70662401, 0.707589222, 2.11105455e-005, -2.0148391e-005, -9.71355757e-006, 1, 0.197564478, -0.187910132, -0.16586665, 0, 0, 0, 0, 0, 0, 0, 0.245866406, -0.177272803, -0.143113623, 0, 0, 0, 0, 0, 0, 0, 0, 0, 0, 
84.4422029, 0.1, 0.1, 0.150000254, -0.199999996, -0.0199627693, 0.707589842, -0.70662339, -1.71530496e-005, 0.70662339, 0.707589842, -1.81109237e-006, 1.34170839e-005, -1.08392355e-005, 1, 0.70758974, -0.706623492, -1.46477132e-005, 0.706623492, 0.70758974, -2.7205904e-005, 2.95889025e-005, 8.90020027e-006, 1, 0.197564478, -0.187910132, -0.16586665, 0, 0, 0, 0, 0, 0, 0, 0.245866406, -0.177272803, -0.143113623, 0, 0, 0, 0, 0, 0, 0, 0, 0, 0, 
84.4429271, 0.1, 0.1, 0.150000252, -0.199999999, -0.0199666504, 0.707590515, -0.706622717, 2.9884179e-006, 0.706622717, 0.707590515, -7.12602888e-006, 2.92083773e-006, 7.15399441e-006, 1, 0.707590365, -0.706622866, 2.13629162e-005, 0.706622867, 0.707590365, 3.73733122e-006, -1.77570774e-005, 1.24510255e-005, 1, 0.197564478, -0.187910132, -0.16586665, 0, 0, 0, 0, 0, 0, 0, 0.245866406, -0.177272803, -0.143113623, 0, 0, 0, 0, 0, 0, 0, 0, 0, 0, 
84.4436522, 0.1, 0.1, 0.150000251, -0.2, -0.0199707951, 0.707591336, -0.706621893, 2.86389579e-005, 0.706621893, 0.707591337, 1.12664211e-005, -2.82257783e-005, 1.22648927e-005, 1, 0.707591179, -0.706622051, 1.82095591e-005, 0.706622051, 0.70759118, 8.39675866e-006, -1.88182582e-005, 6.92580364e-006, 1, 0.197564478, -0.187910132, -0.16586665, 0, 0, 0, 0, 0, 0, 0, 0.245866406, -0.177272803, -0.143113623, 0, 0, 0, 0, 0, 0, 0, 0, 0, 0, 
84.4444453, 0.1, 0.1, 0.15000025, -0.2, -0.019973811, 0.707592009, -0.70662122, 9.76402396e-007, 0.70662122, 0.707592009, -2.04962838e-005, 1.37922145e-005, 1.51929533e-005, 1, 0.707591897, -0.706621332, -1.01681869e-005, 0.706621332, 0.707591897, -9.11453806e-006, 1.36354537e-005, -7.35684482e-007, 1, 0.197564478, -0.187910132, -0.16586665, 0, 0, 0, 0, 0, 0, 0, 0.245866406, -0.177272803, -0.143113623, 0, 0, 0, 0, 0, 0, 0, 0, 0, 0, 
84.4451809, 0.1, 0.1, 0.150000249, -0.200000002, -0.0199740589, 0.707592291, -0.706620938, -1.70776747e-005, 0.706620938, 0.70759229, 2.4904862e-005, -5.51426601e-006, -2.96899308e-005, 1, 0.707592266, -0.706620962, -2.09273335e-006, 0.706620962, 0.707592266, 2.42921955e-005, -1.56845726e-005, -1.86677389e-005, 1, 0.197390063, -0.187824585, -0.164833081, 0, 0, 0, 0, 0, 0, 0, 0.245692725, -0.177843066, -0.142014258, 0, 0, 0, 0, 0, 0, 0, 0, 0, 0, 
84.4459171, 0.1, 0.1, 0.150000251, -0.200000001, -0.0199724266, 0.707592209, -0.70662102, 2.62956775e-005, 0.70662102, 0.707592209, -1.82569968e-005, -5.70583879e-006, 3.14995872e-005, 0.999999999, 0.707592256, -0.706620973, 4.11012862e-006, 0.706620973, 0.707592256, -2.09922938e-005, 1.19252999e-005, 1.77582876e-005, 1, 0.197390063, -0.187824585, -0.164833081, 0, 0, 0, 0, 0, 0, 0, 0.245692725, -0.177843066, -0.142014258, 0, 0, 0, 0, 0, 0, 0, 0, 0, 0, 
84.4466815, 0.1, 0.1, 0.150000251, -0.2, -0.0199694381, 0.707591931, -0.706621297, -4.11249791e-005, 0.706621297, 0.707591932, 1.54720648e-006, 2.80064144e-005, -3.01545769e-005, 0.999999999, 0.707591989, -0.70662124, -2.31572105e-005, 0.70662124, 0.707591989, -3.02014309e-006, 1.85199539e-005, -1.42263477e-005, 1, 0.197390063, -0.187824585, -0.164833081, 0, 0, 0, 0, 0, 0, 0, 0.245692725, -0.177843066, -0.142014258, 0, 0, 0, 0, 0, 0, 0, 0, 0, 0, 
84.4474447, 0.1, 0.1, 0.15000025, -0.2, -0.0199654676, 0.707591782, -0.706621446, 4.5124768e-005, 0.706621447, 0.707591782, -1.57738557e-005, -2.07837702e-005, 4.30475795e-005, 0.999999999, 0.707591779, -0.70662145, 3.49007453e-005, 0.70662145, 0.707591779, -3.25313566e-006, -2.2396745e-005, 2.69635073e-005, 0.999999999, 0.197390063, -0.187824585, -0.164833081, 0, 0, 0, 0, 0, 0, 0, 0.245203027, -0.178313232, -0.141532617, 0, 0, 0, 0, 0, 0, 0, 0, 0, 0, 
84.4481684, 0.1, 0.1, 0.15000025, -0.199999997, -0.0199627116, 0.70759202, -0.706621208, -3.1747429e-005, 0.706621209, 0.70759202, 1.89137383e-005, 9.09937877e-006, -3.58166169e-005, 0.999999999, 0.707591932, -0.706621297, -2.86367921e-005, 0.706621297, 0.707591932, -4.71065535e-006, 2.35918124e-005, -1.69021455e-005, 1, 0.197390063, -0.187824585, -0.164833081, 0, 0, 0, 0, 0, 0, 0, 0.245203027, -0.178313232, -0.141532617, 0, 0, 0, 0, 0, 0, 0, 0, 0, 0, 
84.4488897, 0.1, 0.1, 0.150000249, -0.200000001, -0.0199619283, 0.707592692, -0.706620536, 1.93404695e-005, 0.706620536, 0.707592692, -3.08602905e-005, 8.12134019e-006, 3.5502889e-005, 0.999999999, 0.707592523, -0.706620705, 2.43013006e-005, 0.706620705, 0.707592524, -1.23742776e-006, -1.63210265e-005, 1.80473968e-005, 1, 0.197390063, -0.187824585, -0.164833081, 0, 0, 0, 0, 0, 0, 0, 0.245203027, -0.178313232, -0.141532617, 0, 0, 0, 0, 0, 0, 0, 0, 0, 0, 
84.4496755, 0.1, 0.1, 0.150000248, -0.200000002, -0.0199627449, 0.707593628, -0.706619598, -1.06700047e-005, 0.706619598, 0.707593627, 6.05946287e-005, -3.52673249e-005, -5.04160076e-005, 0.999999998, 0.70759346, -0.706619767, -5.82110657e-006, 0.706619767, 0.70759346, 3.91260291e-005, -2.35282486e-005, -3.17986313e-005, 0.999999999, 0.196530054, -0.188365674, -0.164445312, 0, 0, 0, 0, 0, 0, 0, 0.245203027, -0.178313232, -0.141532617, 0, 0, 0, 0, 0, 0, 0, 0, 0, 0, 
84.4503965, 0.1, 0.1, 0.150000252, -0.200000004, -0.0199648428, 0.707594365, -0.70661886, -1.99324821e-005, 0.706618859, 0.707594365, -5.4661533e-005, 5.27289822e-005, 2.4593525e-005, 0.999999998, 0.707594229, -0.706618997, -1.95444442e-005, 0.706618997, 0.707594229, -2.68840497e-005, 3.28263162e-005, 5.21252281e-006, 0.999999999, 0.196530054, -0.188365674, -0.164445312, 0, 0, 0, 0, 0, 0, 0, 0.245203027, -0.178313232, -0.141532617, 0, 0, 0, 0, 0, 0, 0, 0, 0, 0, 
84.4511166, 0.1, 0.1, 0.150000254, -0.199999999, -0.0199679467, 0.707595015, -0.70661821, 5.25948933e-006, 0.70661821, 0.707595014, 3.06577854e-005, -2.53849379e-005, -1.79768452e-005, 1, 0.707594868, -0.706618357, -1.21574679e-005, 0.706618357, 0.707594868, -3.23423938e-006, 1.08879348e-005, -6.30215882e-006, 1, 0.196530054, -0.188365674, -0.164445312, 0, 0, 0, 0, 0, 0, 0, 0.245203027, -0.178313232, -0.141532617, 0, 0, 0, 0, 0, 0, 0, 0, 0, 0, 
84.4520221, 0.1, 0.1, 0.150000246, -0.200000007, -0.0199706378, 0.707596181, -0.706617042, 1.58735229e-005, 0.706617042, 0.707596181, 3.58133967e-006, -1.37626798e-005, 8.68235952e-006, 1, 0.707595746, -0.706617477, 4.78078848e-005, 0.706617476, 0.707595747, 2.77996063e-005, -5.34723436e-005, 1.41110037e-005, 0.999999998, 0.196530054, -0.188365674, -0.164445312, 0, 0, 0, 0, 0, 0, 0, 0.245203027, -0.178313232, -0.141532617, 0, 0, 0, 0, 0, 0, 0, 0, 0, 0, 
84.4529142, 0.1, 0.1, 0.150000252, -0.200000003, -0.0199690774, 0.707597325, -0.706615896, -2.45164933e-005, 0.706615896, 0.707597326, 1.43240709e-006, 1.63356435e-005, -1.83373113e-005, 1, 0.707597076, -0.706616146, -2.78310463e-005, 0.706616145, 0.707597076, -2.78393711e-005, 3.93649161e-005, 3.31909547e-008, 0.999999999, 0.19641958, -0.188314282, -0.164874097, 0, 0, 0, 0, 0, 0, 0, 0.245423096, -0.178436523, -0.141285937, 0, 0, 0, 0, 0, 0, 0, 0, 0, 0, 
84.4537237, 0.1, 0.1, 0.150000248, -0.200000007, -0.0199651023, 0.707598487, -0.706614733, 1.22610498e-005, 0.706614734, 0.707598487, -8.76427782e-006, -2.48293244e-006, 1.48654282e-005, 1, 0.707598263, -0.706614957, 3.04423789e-005, 0.706614957, 0.707598263, 4.65062232e-006, -2.48271737e-005, 1.8220268e-005, 1, 0.19641958, -0.188314282, -0.164874097, 0, 0, 0, 0, 0, 0, 0, 0.245423096, -0.178436523, -0.141285937, 0, 0, 0, 0, 0, 0, 0, 0, 0, 0, 
84.4545016, 0.1, 0.1, 0.150000255, -0.200000001, -0.019962446, 0.707599581, -0.706613637, -3.04008964e-005, 0.706613637, 0.707599582, -7.7527118e-006, 2.69898335e-005, -1.59958724e-005, 1, 0.707599381, -0.706613837, -3.38539617e-005, 0.706613837, 0.707599382, -3.50171989e-005, 4.86986796e-005, 8.56470506e-007, 0.999999999, 0.19641958, -0.188314282, -0.164874097, 0, 0, 0, 0, 0, 0, 0, 0.245423096, -0.178436523, -0.141285937, 0, 0, 0, 0, 0, 0, 0, 0, 0, 0, 
84.4552238, 0.1, 0.1, 0.150000252, -0.200000003, -0.0199615532, 0.707600711, -0.706612506, 1.08518644e-005, 0.706612506, 0.707600711, -1.2725931e-005, 1.31351508e-006, 1.66729409e-005, 1, 0.707600468, -0.706612749, 2.86172574e-005, 0.706612749, 0.707600469, -1.64965084e-006, -1.90839204e-005, 2.13886126e-005, 1, 0.19641958, -0.188314282, -0.164874097, 0, 0, 0, 0, 0, 0, 0, 0.245423096, -0.178436523, -0.141285937, 0, 0, 0, 0, 0, 0, 0, 0, 0, 0, 
84.4559481, 0.1, 0.1, 0.15000025, -0.200000004, -0.0199628008, 0.707601952, -0.706611264, 1.24224339e-005, 0.706611264, 0.707601952, 1.51752335e-006, -9.86243758e-006, 7.70402925e-006, 1, 0.707601721, -0.706611495, 1.25369433e-005, 0.706611495, 0.707601721, 1.28341127e-005, -1.79398943e-005, -2.22691984e-007, 1, 0.19641958, -0.188314282, -0.164874097, 0, 0, 0, 0, 0, 0, 0, 0.245423096, -0.178436523, -0.141285937, 0, 0, 0, 0, 0, 0, 0, 0, 0, 0, 
84.456691, 0.1, 0.1, 0.150000251, -0.200000004, -0.0199656455, 0.707603214, -0.706609999, 1.47332322e-005, 0.70661, 0.707603214, -3.32896035e-006, -8.07300579e-006, 1.27662322e-005, 1, 0.707602956, -0.706610258, -1.54678482e-006, 0.706610258, 0.707602956, 7.1908914e-006, -3.98664811e-006, -6.18127003e-006, 1, 0.19641958, -0.188314282, -0.164874097, 0, 0, 0, 0, 0, 0, 0, 0.245423096, -0.178436523, -0.141285937, 0, 0, 0, 0, 0, 0, 0, 0, 0, 0, 
84.4574715, 0.1, 0.1, 0.150000252, -0.200000004, -0.01996848, 0.707604588, -0.706608623, -2.82216034e-005, 0.706608624, 0.707604588, 2.13890641e-005, 4.85603885e-006, -3.50766282e-005, 0.999999999, 0.707604357, -0.706608855, -1.53569011e-005, 0.706608855, 0.707604357, 1.65211129e-005, -8.07354543e-007, -2.25417337e-005, 1, 0.19688645, -0.188762842, -0.164427002, 0, 0, 0, 0, 0, 0, 0, 0.245654639, -0.178683203, -0.141064404, 0, 0, 0, 0, 0, 0, 0, 0, 0, 0, 
84.4581995, 0.1, 0.1, 0.150000251, -0.200000006, -0.0199708158, 0.707605801, -0.706607409, 1.98158378e-005, 0.706607409, 0.7076058, -2.97832901e-005, 7.02329167e-006, 3.50768467e-005, 0.999999999, 0.707605521, -0.706607689, 1.91949289e-005, 0.706607689, 0.707605521, -5.95034122e-006, -9.3778808e-006, 1.77737786e-005, 1, 0.19688645, -0.188762842, -0.164427002, 0, 0, 0, 0, 0, 0, 0, 0.245654639, -0.178683203, -0.141064404, 0, 0, 0, 0, 0, 0, 0, 0, 0, 0, 
84.4589195, 0.1, 0.1, 0.150000249, -0.200000003, -0.0199722235, 0.707606973, -0.706606235, -2.24346148e-005, 0.706606235, 0.707606973, 1.97989929e-005, 1.88479806e-006, -2.98623442e-005, 1, 0.707606776, -0.706606432, 3.5454018e-006, 0.706606432, 0.707606776, 3.12146026e-006, -4.71439424e-006, 2.96437283e-007, 1, 0.19688645, -0.188762842, -0.164427002, 0, 0, 0, 0, 0, 0, 0, 0.245654639, -0.178683203, -0.141064404, 0, 0, 0, 0, 0, 0, 0, 0, 0, 0, 
84.4597322, 0.1, 0.1, 0.150000257, -0.200000012, -0.0199716794, 0.70760806, -0.706605146, -1.07894026e-005, 0.706605146, 0.70760806, 2.41225426e-005, -9.41044444e-006, -2.4693153e-005, 1, 0.707607846, -0.70660536, -2.8161279e-005, 0.706605361, 0.707607845, 3.92161126e-005, -7.78317345e-006, -4.76485397e-005, 0.999999999, 0.19688645, -0.188762842, -0.164427002, 0, 0, 0, 0, 0, 0, 0, 0.245654639, -0.178683203, -0.141064404, 0, 0, 0, 0, 0, 0, 0, 0, 0, 0, 
84.4604669, 0.1, 0.1, 0.150000255, -0.200000007, -0.0199696724, 0.707609151, -0.706604054, 8.477286e-006, 0.706604054, 0.707609151, -1.73838947e-005, 6.28492532e-006, 1.82910876e-005, 1, 0.707608944, -0.706604262, 8.54612369e-006, 0.706604261, 0.707608943, -3.53845965e-005, 1.89555931e-005, 3.10771844e-005, 0.999999999, 0.19688645, -0.188762842, -0.164427002, 0, 0, 0, 0, 0, 0, 0, 0.246119434, -0.178710059, -0.140842871, 0, 0, 0, 0, 0, 0, 0, 0, 0, 0, 
84.461197, 0.1, 0.1, 0.150000254, -0.20000001, -0.019967385, 0.707610119, -0.706603085, 2.93413412e-006, 0.706603085, 0.707610119, -1.31826688e-005, 7.23869145e-006, 1.14014581e-005, 1, 0.707609929, -0.706603275, 4.7777282e-006, 0.706603275, 0.707609929, 1.68857239e-005, -1.53122757e-005, -8.5725475e-006, 1, 0.19688645, -0.188762842, -0.164427002, 0, 0, 0, 0, 0, 0, 0, 0.246119434, -0.178710059, -0.140842871, 0, 0, 0, 0, 0, 0, 0, 0, 0, 0, 
84.4619709, 0.1, 0.1, 0.150000252, -0.20000001, -0.0199651588, 0.707611096, -0.706602106, 2.70378564e-005, 0.706602106, 0.707611096, 1.78818906e-005, -3.17676688e-005, 6.45158208e-006, 0.999999999, 0.707610849, -0.706602354, 1.10392376e-005, 0.706602354, 0.707610849, 1.61683091e-005, -1.92360495e-005, -3.64051963e-006, 1, 0.19688645, -0.188762842, -0.164427002, 0, 0, 0, 0, 0, 0, 0, 0.246119434, -0.178710059, -0.140842871, 0, 0, 0, 0, 0, 0, 0, 0, 0, 0, 
84.4627065, 0.1, 0.1, 0.150000252, -0.20000001, -0.0199635531, 0.707611921, -0.70660128, -4.70853811e-006, 0.70660128, 0.707611921, -2.74342101e-005, 2.27168657e-005, 1.60857151e-005, 1, 0.707611797, -0.706601404, -1.93032585e-005, 0.706601404, 0.707611798, -1.28131105e-005, 2.27129753e-005, -4.57300137e-006, 1, 0.197567896, -0.188744775, -0.163967822, 0, 0, 0, 0, 0, 0, 0, 0.246119434, -0.178710059, -0.140842871, 0, 0, 0, 0, 0, 0, 0, 0, 0, 0, 
84.4634262, 0.1, 0.1, 0.150000251, -0.200000012, -0.0199635983, 0.707612259, -0.706600941, -2.08796538e-005, 0.706600941, 0.707612259, 3.10916008e-005, -7.19465538e-006, -3.6754381e-005, 0.999999999, 0.707612232, -0.706600969, -1.63318912e-006, 0.706600968, 0.707612232, 3.09420829e-005, -2.07080412e-005, -2.30490094e-005, 1, 0.197567896, -0.188744775, -0.163967822, 0, 0, 0, 0, 0, 0, 0, 0.246119434, -0.178710059, -0.140842871, 0, 0, 0, 0, 0, 0, 0, 0, 0, 0, 
84.4641624, 0.1, 0.1, 0.150000252, -0.20000001, -0.0199651762, 0.707612122, -0.706601078, 4.1110365e-005, 0.706601079, 0.707612122, -2.75493134e-005, -9.62381808e-006, 4.85428564e-005, 0.999999999, 0.7076122, -0.706601001, 8.15121862e-006, 0.706601001, 0.707612199, -3.06062774e-005, 1.58585245e-005, 2.74170345e-005, 0.999999999, 0.197567896, -0.188744775, -0.163967822, 0, 0, 0, 0, 0, 0, 0, 0.246119434, -0.178710059, -0.140842871, 0, 0, 0, 0, 0, 0, 0, 0, 0, 0, 
84.4649506, 0.1, 0.1, 0.150000248, -0.200000008, -0.0199669599, 0.707611732, -0.706601469, -3.97137106e-005, 0.70660147, 0.707611732, 1.22387516e-005, 1.94539677e-005, -3.67220505e-005, 0.999999999, 0.707611779, -0.706601422, -7.35270771e-006, 0.706601422, 0.707611779, -7.7278137e-006, 1.06633467e-005, 2.72858283e-007, 1, 0.19779187, -0.188751611, -0.163524756, 0, 0, 0, 0, 0, 0, 0, 0.246066455, -0.178718359, -0.140582764, 0, 0, 0, 0, 0, 0, 0, 0, 0, 0, 
84.4656721, 0.1, 0.1, 0.150000255, -0.200000018, -0.0199687651, 0.707611756, -0.706601446, -9.7698675e-006, 0.706601445, 0.707611755, 4.37976683e-005, -2.40342227e-005, -3.78951475e-005, 0.999999999, 0.70761172, -0.706601481, -2.55322952e-005, 0.706601481, 0.707611718, 5.9871702e-005, -2.4238482e-005, -6.04070756e-005, 0.999999998, 0.19779187, -0.188751611, -0.163524756, 0, 0, 0, 0, 0, 0, 0, 0.246066455, -0.178718359, -0.140582764, 0, 0, 0, 0, 0, 0, 0, 0, 0, 0, 
84.4663913, 0.1, 0.1, 0.150000248, -0.20000001, -0.019970428, 0.707611987, -0.706601212, 5.49536904e-005, 0.706601214, 0.707611984, -6.57437956e-005, 7.56875571e-006, 8.53514422e-005, 0.999999996, 0.70761196, -0.706601239, 4.54500008e-005, 0.706601241, 0.707611957, -6.82371464e-005, 1.60554881e-005, 8.04004479e-005, 0.999999997, 0.19779187, -0.188751611, -0.163524756, 0, 0, 0, 0, 0, 0, 0, 0.246066455, -0.178718359, -0.140582764, 0, 0, 0, 0, 0, 0, 0, 0, 0, 0, 
84.4671653, 0.1, 0.1, 0.150000243, -0.200000007, -0.0199711956, 0.707611864, -0.706601336, -3.55489076e-005, 0.706601337, 0.707611864, 9.73264438e-006, 1.82777293e-005, -3.20058403e-005, 0.999999999, 0.707611942, -0.706601259, -1.82898531e-006, 0.706601259, 0.707611942, 6.29330587e-006, -3.152646e-006, -5.74558171e-006, 1, 0.19779187, -0.188751611, -0.163524756, 0, 0, 0, 0, 0, 0, 0, 0.246066455, -0.178718359, -0.140582764, 0, 0, 0, 0, 0, 0, 0, 0, 0, 0, 
84.467883, 0.1, 0.1, 0.150000249, -0.20000001, -0.0199707566, 0.707611552, -0.70660165, 1.98242056e-005, 0.70660165, 0.707611552, 1.33618624e-005, -2.34693509e-005, 4.55280822e-006, 1, 0.707611611, -0.706601591, -1.72391653e-005, 0.706601591, 0.707611611, 1.39581972e-005, 2.33574922e-006, -2.2058204e-005, 1, 0.19779187, -0.188751611, -0.163524756, 0, 0, 0, 0, 0, 0, 0, 0.246066455, -0.178718359, -0.140582764, 0, 0, 0, 0, 0, 0, 0, 0, 0, 0, 
84.4687257, 0.1, 0.1, 0.150000245, -0.200000011, -0.0199688594, 0.707611273, -0.706601928, -3.50374879e-005, 0.706601928, 0.707611274, 2.41887734e-007, 2.46220031e-005, -2.4928719e-005, 0.999999999, 0.707611342, -0.70660186, 2.42634575e-005, 0.70660186, 0.707611342, 5.51528625e-006, -2.10662092e-005, 1.32419251e-005, 1, 0.19779187, -0.188751611, -0.163524756, 0, 0, 0, 0, 0, 0, 0, 0.246066455, -0.178718359, -0.140582764, 0, 0, 0, 0, 0, 0, 0, 0, 0, 0, 
84.4695186, 0.1, 0.1, 0.15000025, -0.200000011, -0.0199656065, 0.707611002, -0.7066022, 2.57689257e-005, 0.7066022, 0.707611003, 9.41362071e-006, -2.48860604e-005, 1.1547198e-005, 1, 0.707611094, -0.706602109, -7.41015723e-006, 0.706602109, 0.707611094, -8.27805787e-006, 1.10928026e-005, 6.21612851e-007, 1, 0.19779187, -0.188751611, -0.163524756, 0, 0, 0, 0, 0, 0, 0, 0.246066455, -0.178718359, -0.140582764, 0, 0, 0, 0, 0, 0, 0, 0, 0, 0, 
84.4702563, 0.1, 0.1, 0.150000245, -0.200000015, -0.019962779, 0.707610497, -0.706602706, -7.64311742e-006, 0.706602706, 0.707610497, -1.14761076e-005, 1.35173988e-005, 2.71996677e-006, 1, 0.707610582, -0.706602621, 1.67344767e-005, 0.706602621, 0.707610582, 9.91732833e-006, -1.8849103e-005, 4.80701863e-006, 1, 0.197679321, -0.188240796, -0.163274292, 0, 0, 0, 0, 0, 0, 0, 0.245747266, -0.178535156, -0.140517334, 0, 0, 0, 0, 0, 0, 0, 0, 0, 0, 
84.4709752, 0.1, 0.1, 0.150000247, -0.200000012, -0.0199620328, 0.70761017, -0.706603033, 3.56491939e-005, 0.706603034, 0.70761017, -5.01734256e-006, -2.16804627e-005, 2.87401512e-005, 0.999999999, 0.707610257, -0.706602947, 7.621046e-006, 0.706602947, 0.707610256, -2.09961847e-005, 9.44323565e-006, 2.02421692e-005, 1, 0.197679321, -0.188240796, -0.163274292, 0, 0, 0, 0, 0, 0, 0, 0.245747266, -0.178535156, -0.140517334, 0, 0, 0, 0, 0, 0, 0, 0, 0, 0, 
84.4717108, 0.1, 0.1, 0.150000245, -0.200000017, -0.0199633227, 0.707609505, -0.706603699, -3.71852443e-005, 0.7066037, 0.707609505, 9.65214171e-006, 1.94923933e-005, -3.31051784e-005, 0.999999999, 0.707609687, -0.706603517, -1.22782179e-005, 0.706603517, 0.707609686, 3.32260807e-005, -1.47894796e-005, -3.21869285e-005, 0.999999999, 0.197679321, -0.188240796, -0.163274292, 0, 0, 0, 0, 0, 0, 0, 0.245747266, -0.178535156, -0.140517334, 0, 0, 0, 0, 0, 0, 0, 0, 0, 0, 
84.4724969, 0.1, 0.1, 0.150000248, -0.200000013, -0.0199656268, 0.707608372, -0.706604834, 9.38906481e-006, 0.706604834, 0.707608372, 9.92859926e-006, -1.36593771e-005, -3.91201377e-007, 1, 0.707608597, -0.706604609, -2.12771155e-006, 0.706604609, 0.707608597, -1.92215988e-005, 1.50876573e-005, 1.20979177e-005, 1, 0.19690022, -0.188176831, -0.163691357, 0, 0, 0, 0, 0, 0, 0, 0.245100342, -0.178458496, -0.140608252, 0, 0, 0, 0, 0, 0, 0, 0, 0, 0, 
84.4732161, 0.1, 0.1, 0.150000246, -0.200000016, -0.0199681136, 0.707607426, -0.706605781, -1.60152988e-005, 0.706605781, 0.707607426, -5.9803683e-006, 1.55583072e-005, -7.08474972e-006, 1, 0.707607614, -0.706605593, 3.56773519e-006, 0.706605593, 0.707607614, 1.20872003e-005, -1.10654399e-005, -6.03201332e-006, 1, 0.19690022, -0.188176831, -0.163691357, 0, 0, 0, 0, 0, 0, 0, 0.245100342, -0.178458496, -0.140608252, 0, 0, 0, 0, 0, 0, 0, 0, 0, 0, 
84.4739334, 0.1, 0.1, 0.150000249, -0.200000014, -0.0199706294, 0.707606527, -0.706606682, 6.41685517e-006, 0.706606682, 0.707606527, 8.86162866e-006, -1.08022946e-005, -1.73635353e-006, 1, 0.707606679, -0.70660653, -1.73049972e-005, 0.70660653, 0.707606679, -2.43781906e-006, 1.39677105e-005, -1.0502807e-005, 1, 0.19690022, -0.188176831, -0.163691357, 0, 0, 0, 0, 0, 0, 0, 0.245100342, -0.178458496, -0.140608252, 0, 0, 0, 0, 0, 0, 0, 0, 0, 0, 
84.474713, 0.1, 0.1, 0.150000245, -0.200000014, -0.0199721127, 0.707605917, -0.706607293, -2.16643086e-005, 0.706607293, 0.707605917, -5.95787474e-006, 1.95396707e-005, -1.1092331e-005, 1, 0.707606025, -0.706607185, 1.05068294e-005, 0.706607185, 0.707606025, -2.93814298e-006, -5.35858286e-006, 9.50324882e-006, 1, 0.19690022, -0.188176831, -0.163691357, 0, 0, 0, 0, 0, 0, 0, 0.245100342, -0.178458496, -0.140608252, 0, 0, 0, 0, 0, 0, 0, 0, 0, 0, 
84.4754303, 0.1, 0.1, 0.150000249, -0.200000012, -0.0199719204, 0.70760541, -0.7066078, 1.59404013e-005, 0.7066078, 0.70760541, 1.04778558e-006, -1.20198876e-005, 1.05221931e-005, 1, 0.707605525, -0.706607686, -6.3028318e-006, 0.706607686, 0.707605525, -1.12551876e-005, 1.24129207e-005, 3.51060356e-006, 1, 0.19690022, -0.188176831, -0.163691357, 0, 0, 0, 0, 0, 0, 0, 0.245100342, -0.178458496, -0.140608252, 0, 0, 0, 0, 0, 0, 0, 0, 0, 0, 
84.4761518, 0.1, 0.1, 0.150000246, -0.200000014, -0.0199707453, 0.707604766, -0.706608445, -8.72314065e-006, 0.706608445, 0.707604766, -1.13644838e-005, 1.42027761e-005, 1.87771805e-006, 1, 0.707604883, -0.706608329, 9.71355825e-006, 0.706608329, 0.707604883, 4.29938321e-006, -9.91134123e-006, 3.82141661e-006, 1, 0.19690022, -0.188176831, -0.163691357, 0, 0, 0, 0, 0, 0, 0, 0.245100342, -0.178458496, -0.140608252, 0, 0, 0, 0, 0, 0, 0, 0, 0, 0, 
84.4769077, 0.1, 0.1, 0.150000247, -0.200000012, -0.0199687911, 0.707604254, -0.706608957, 3.65678627e-005, 0.706608958, 0.707604254, 2.07617451e-006, -2.73426187e-005, 2.43700694e-005, 0.999999999, 0.707604388, -0.706608824, 9.48738223e-006, 0.706608824, 0.707604387, -1.44295409e-005, 3.48272767e-006, 1.69142745e-005, 1, 0.19690022, -0.188176831, -0.163691357, 0, 0, 0, 0, 0, 0, 0, 0.245100342, -0.178458496, -0.140608252, 0, 0, 0, 0, 0, 0, 0, 0, 0, 0, 
84.4776706, 0.1, 0.1, 0.150000244, -0.200000018, -0.0199660034, 0.707603465, -0.706609747, -2.93302898e-005, 0.706609748, 0.707603465, 1.30183124e-005, 1.15553483e-005, -2.99368716e-005, 0.999999999, 0.707603645, -0.706609568, -8.47022854e-006, 0.706609568, 0.707603644, 3.45024098e-005, -1.83861683e-005, -3.03991754e-005, 0.999999999, 0.196609106, -0.188110303, -0.163872485, 0, 0, 0, 0, 0, 0, 0, 0.24480752, -0.178620215, -0.140579687, 0, 0, 0, 0, 0, 0, 0, 0, 0, 0, 
84.4783925, 0.1, 0.1, 0.150000246, -0.200000016, -0.0199642814, 0.707602381, -0.706610833, 1.35858791e-005, 0.706610833, 0.707602381, 1.31863327e-005, -1.89310059e-005, 2.69248976e-007, 1, 0.70760261, -0.706610604, 2.45915595e-006, 0.706610604, 0.70760261, -1.64450564e-005, 9.88014605e-006, 1.33742305e-005, 1, 0.196609106, -0.188110303, -0.163872485, 0, 0, 0, 0, 0, 0, 0, 0.24480752, -0.178620215, -0.140579687, 0, 0, 0, 0, 0, 0, 0, 0, 0, 0, 
84.4791324, 0.1, 0.1, 0.150000246, -0.200000021, -0.0199639311, 0.70760109, -0.706612126, -1.48994038e-005, 0.706612126, 0.707601091, -2.22292801e-005, 2.62503132e-005, 5.20136342e-006, 1, 0.707601369, -0.706611847, -9.63553693e-006, 0.706611847, 0.707601369, 2.14724671e-005, -8.35458051e-006, -2.20025317e-005, 1, 0.196609106, -0.188110303, -0.163872485, 0, 0, 0, 0, 0, 0, 0, 0.24480752, -0.178620215, -0.140579687, 0, 0, 0, 0, 0, 0, 0, 0, 0, 0, 
84.479894, 0.1, 0.1, 0.150000251, -0.200000016, -0.0199643715, 0.707599934, -0.706613284, -1.04510506e-005, 0.706613284, 0.707599934, 2.06127995e-005, -7.17011529e-006, -2.19704668e-005, 1, 0.707600113, -0.706613105, -2.57210752e-005, 0.706613105, 0.707600113, -7.46794146e-006, 2.34771811e-005, -1.28905326e-005, 1, 0.196609106, -0.188110303, -0.163872485, 0, 0, 0, 0, 0, 0, 0, 0.24480752, -0.178620215, -0.140579687, 0, 0, 0, 0, 0, 0, 0, 0, 0, 0, 
84.4806164, 0.1, 0.1, 0.150000247, -0.200000016, -0.0199659555, 0.707599323, -0.706613896, 8.13401233e-006, 0.706613896, 0.707599322, -3.40987785e-005, 1.83390491e-005, 2.98758787e-005, 0.999999999, 0.707599402, -0.706613816, 2.74995486e-005, 0.706613817, 0.707599402, -1.50032201e-005, -8.85718151e-006, 3.00478306e-005, 1, 0.196609106, -0.188110303, -0.163872485, 0, 0, 0, 0, 0, 0, 0, 0.24480752, -0.178620215, -0.140579687, 0, 0, 0, 0, 0, 0, 0, 0, 0, 0, 
84.4813345, 0.1, 0.1, 0.15000025, -0.200000014, -0.0199682497, 0.707599191, -0.706614028, 1.04645921e-005, 0.706614028, 0.707599191, 1.22978097e-005, -1.60945417e-005, -1.30749262e-006, 1, 0.70759919, -0.706614029, -1.67546451e-005, 0.706614029, 0.70759919, 6.4072624e-007, 1.14028272e-005, -1.22924446e-005, 1, 0.196609106, -0.188110303, -0.163872485, 0, 0, 0, 0, 0, 0, 0, 0.24480752, -0.178620215, -0.140579687, 0, 0, 0, 0, 0, 0, 0, 0, 0, 0, 
84.48213, 0.1, 0.1, 0.150000243, -0.200000014, -0.0199700368, 0.707599381, -0.706613838, -8.50505503e-006, 0.706613837, 0.707599381, -7.53522714e-006, 1.13426674e-005, -6.77867513e-007, 1, 0.70759934, -0.706613879, 2.29282346e-005, 0.706613879, 0.70759934, -3.92267079e-006, -1.345219e-005, 1.8977088e-005, 1, 0.196199121, -0.188497583, -0.163831836, 0, 0, 0, 0, 0, 0, 0, 0.244542773, -0.178700391, -0.140567969, 0, 0, 0, 0, 0, 0, 0, 0, 0, 0, 
84.4828497, 0.1, 0.1, 0.150000244, -0.200000012, -0.0199707237, 0.707599515, -0.706613703, 2.98937869e-005, 0.706613704, 0.707599515, -5.00070012e-006, -1.76192659e-005, 2.46618525e-005, 1, 0.707599511, -0.706613708, 7.24059562e-006, 0.706613708, 0.70759951, -1.68941112e-005, 6.81416863e-006, 1.70705689e-005, 1, 0.196199121, -0.188497583, -0.163831836, 0, 0, 0, 0, 0, 0, 0, 0.244542773, -0.178700391, -0.140567969, 0, 0, 0, 0, 0, 0, 0, 0, 0, 0, 
84.4835704, 0.1, 0.1, 0.150000241, -0.200000015, -0.0199707291, 0.707599354, -0.706613865, -2.14435026e-005, 0.706613865, 0.707599354, 5.18647526e-006, 1.15085733e-005, -1.88222228e-005, 1, 0.707599415, -0.706613804, -4.38012742e-006, 0.706613803, 0.707599415, 2.271206e-005, -1.29492795e-005, -1.91660989e-005, 1, 0.196199121, -0.188497583, -0.163831836, 0, 0, 0, 0, 0, 0, 0, 0.244542773, -0.178700391, -0.140567969, 0, 0, 0, 0, 0, 0, 0, 0, 0, 0, 
84.484343, 0.1, 0.1, 0.150000242, -0.200000012, -0.019969691, 0.707598813, -0.706614407, 2.01044235e-005, 0.706614407, 0.707598813, 1.18177877e-005, -2.25764853e-005, 5.84382278e-006, 1, 0.707598941, -0.706614278, 9.79954967e-006, 0.706614278, 0.707598941, -1.6045693e-005, 4.40396479e-006, 1.82784171e-005, 1, 0.196199121, -0.188497583, -0.163831836, 0, 0, 0, 0, 0, 0, 0, 0.244542773, -0.178700391, -0.140567969, 0, 0, 0, 0, 0, 0, 0, 0, 0, 0, 
84.4850625, 0.1, 0.1, 0.150000241, -0.200000017, -0.0199680856, 0.707598089, -0.706615131, -7.21475261e-006, 0.706615131, 0.707598089, -1.57559343e-005, 1.62385268e-005, 6.05081567e-006, 1, 0.707598237, -0.706614984, -1.81944102e-006, 0.706614984, 0.707598237, 1.84981029e-005, -1.17836034e-005, -1.43748693e-005, 1, 0.196199121, -0.188497583, -0.163831836, 0, 0, 0, 0, 0, 0, 0, 0.244542773, -0.178700391, -0.140567969, 0, 0, 0, 0, 0, 0, 0, 0, 0, 0, 
84.4858875, 0.1, 0.1, 0.150000245, -0.200000012, -0.0199650996, 0.7075974, -0.706615822, -9.43749448e-006, 0.706615822, 0.7075974, 2.44210326e-005, -1.05783415e-005, -2.39489421e-005, 1, 0.707597485, -0.706615736, -2.37267292e-005, 0.706615736, 0.707597486, -4.25546657e-006, 1.97959536e-005, -1.37545228e-005, 1, 0.196199121, -0.188497583, -0.163831836, 0, 0, 0, 0, 0, 0, 0, 0.244542773, -0.178700391, -0.140567969, 0, 0, 0, 0, 0, 0, 0, 0, 0, 0, 
84.4866798, 0.1, 0.1, 0.150000241, -0.200000012, -0.0199632463, 0.70759723, -0.706615992, -3.63876853e-006, 0.706615991, 0.70759723, -4.20305778e-005, 3.22742609e-005, 2.71695084e-005, 0.999999999, 0.707597217, -0.706616004, 2.30516653e-005, 0.706616005, 0.707597217, -1.8746475e-005, -3.06473494e-006, 2.95536292e-005, 1, 0.196199121, -0.188497583, -0.163831836, 0, 0, 0, 0, 0, 0, 0, 0.244542773, -0.178700391, -0.140567969, 0, 0, 0, 0, 0, 0, 0, 0, 0, 0, 
84.4874261, 0.1, 0.1, 0.150000247, -0.20000001, -0.0199623865, 0.707597572, -0.70661565, 5.90210222e-006, 0.70661565, 0.707597572, 2.00134872e-005, -1.83181565e-005, -9.99097716e-006, 1, 0.707597475, -0.706615746, -2.80021547e-005, 0.706615746, 0.707597476, 5.25626881e-006, 1.61000916e-005, -2.3506086e-005, 1, 0.196687842, -0.188030957, -0.163144043, 0, 0, 0, 0, 0, 0, 0, 0.244888574, -0.178517188, -0.139981982, 0, 0, 0, 0, 0, 0, 0, 0, 0, 0, 
84.4881495, 0.1, 0.1, 0.150000241, -0.200000012, -0.0199633959, 0.707598216, -0.706615004, -1.26303532e-005, 0.706615005, 0.707598216, -2.68402294e-007, 9.12687246e-006, -8.73487607e-006, 1, 0.707598084, -0.706615137, 2.54464119e-005, 0.706615137, 0.707598084, 4.56733911e-006, -2.12331833e-005, 1.47489794e-005, 1, 0.196687842, -0.188030957, -0.163144043, 0, 0, 0, 0, 0, 0, 0, 0.244888574, -0.178517188, -0.139981982, 0, 0, 0, 0, 0, 0, 0, 0, 0, 0, 
84.488911, 0.1, 0.1, 0.150000242, -0.20000001, -0.0199658336, 0.707598763, -0.706614456, 4.0804014e-005, 0.706614456, 0.707598763, 1.16372819e-006, -2.9695177e-005, 2.80092535e-005, 0.999999999, 0.707598683, -0.706614537, 9.27567265e-006, 0.706614537, 0.707598683, -1.4126502e-005, 3.41853794e-006, 1.65502194e-005, 1, 0.196687842, -0.188030957, -0.163144043, 0, 0, 0, 0, 0, 0, 0, 0.244888574, -0.178517188, -0.139981982, 0, 0, 0, 0, 0, 0, 0, 0, 0, 0, 
84.4896818, 0.1, 0.1, 0.150000237, -0.200000015, -0.0199679765, 0.707598898, -0.706614322, -1.32569811e-005, 0.706614322, 0.707598897, 9.23470368e-006, 2.85525131e-006, -1.59020388e-005, 1, 0.70759891, -0.706614309, 6.65579568e-006, 0.706614309, 0.70759891, 3.02065323e-005, -2.60540017e-005, -1.66710289e-005, 1, 0.196761816, -0.188051343, -0.162253271, 0, 0, 0, 0, 0, 0, 0, 0.244981348, -0.178557227, -0.139595801, 0, 0, 0, 0, 0, 0, 0, 0, 0, 0, 
84.4904419, 0.1, 0.1, 0.150000236, -0.200000011, -0.0199697641, 0.707598587, -0.706614633, 1.97267517e-005, 0.706614633, 0.707598587, -1.22700592e-007, -1.38719196e-005, 1.40260342e-005, 1, 0.707598663, -0.706614557, 1.19864764e-005, 0.706614557, 0.707598663, -2.40683806e-005, 8.52545338e-006, 2.55005727e-005, 1, 0.196761816, -0.188051343, -0.162253271, 0, 0, 0, 0, 0, 0, 0, 0.244981348, -0.178557227, -0.139595801, 0, 0, 0, 0, 0, 0, 0, 0, 0, 0, 
84.4911904, 0.1, 0.1, 0.150000236, -0.200000014, -0.0199707142, 0.707598043, -0.706615177, -1.30988166e-005, 0.706615177, 0.707598043, -2.73921517e-005, 2.86244072e-005, 1.01268103e-005, 1, 0.70759817, -0.706615051, -6.31839743e-006, 0.706615051, 0.70759817, 7.52350217e-006, -8.45333411e-007, -9.78829109e-006, 1, 0.196761816, -0.188051343, -0.162253271, 0, 0, 0, 0, 0, 0, 0, 0.244981348, -0.178557227, -0.139595801, 0, 0, 0, 0, 0, 0, 0, 0, 0, 0, 
84.4919298, 0.1, 0.1, 0.150000241, -0.200000008, -0.0199704127, 0.707597578, -0.706615643, -1.69540492e-005, 0.706615643, 0.707597578, 1.09975202e-005, 4.22562438e-006, -1.97618151e-005, 1, 0.707597638, -0.706615583, -2.86344198e-005, 0.706615583, 0.707597639, -1.31488515e-005, 2.95528312e-005, -1.09294309e-005, 1, 0.196761816, -0.188051343, -0.162253271, 0, 0, 0, 0, 0, 0, 0, 0.244981348, -0.178557227, -0.139595801, 0, 0, 0, 0, 0, 0, 0, 0, 0, 0, 
84.4926543, 0.1, 0.1, 0.150000233, -0.200000015, -0.0199695499, 0.707597583, -0.706615636, 5.02458137e-005, 0.706615636, 0.707597585, 2.068365e-005, -5.01692069e-005, 2.08687769e-005, 0.999999999, 0.707597557, -0.706615662, 5.89386387e-005, 0.706615662, 0.707597559, 2.85570588e-005, -6.18837019e-005, 2.14400601e-005, 0.999999998, 0.196761816, -0.188051343, -0.162253271, 0, 0, 0, 0, 0, 0, 0, 0.244981348, -0.178557227, -0.139595801, 0, 0, 0, 0, 0, 0, 0, 0, 0, 0, 
84.4933754, 0.1, 0.1, 0.150000236, -0.200000014, -0.0199684663, 0.707597734, -0.706615487, -2.65420196e-005, 0.706615487, 0.707597734, -1.83304349e-005, 3.17336421e-005, -5.78442793e-006, 0.999999999, 0.707597717, -0.706615504, -3.57476833e-005, 0.706615504, 0.707597717, -1.19657991e-005, 3.37501982e-005, -1.67928951e-005, 0.999999999, 0.196761816, -0.188051343, -0.162253271, 0, 0, 0, 0, 0, 0, 0, 0.244981348, -0.178557227, -0.139595801, 0, 0, 0, 0, 0, 0, 0, 0, 0, 0, 
84.4941507, 0.1, 0.1, 0.150000233, -0.200000013, -0.0199670556, 0.707597619, -0.706615603, -5.07267309e-006, 0.706615603, 0.707597618, 1.580498e-005, -7.5786341e-006, -1.47679962e-005, 1, 0.707597665, -0.706615556, 2.03510855e-005, 0.706615556, 0.707597666, 6.48822842e-006, -1.89850637e-005, 9.78933828e-006, 1, 0.197017041, -0.1880854, -0.161604663, 0, 0, 0, 0, 0, 0, 0, 0.244981348, -0.178557227, -0.139595801, 0, 0, 0, 0, 0, 0, 0, 0, 0, 0, 
84.4948717, 0.1, 0.1, 0.150000235, -0.200000013, -0.0199658961, 0.707597227, -0.706615995, 2.7356055e-005, 0.706615995, 0.707597227, -3.13805478e-006, -1.71396689e-005, 2.15507049e-005, 1, 0.707597328, -0.706615894, 3.46259163e-006, 0.706615894, 0.707597328, -1.22801649e-005, 6.22723913e-006, 1.11361342e-005, 1, 0.197017041, -0.1880854, -0.161604663, 0, 0, 0, 0, 0, 0, 0, 0.2455604, -0.178453857, -0.138991504, 0, 0, 0, 0, 0, 0, 0, 0, 0, 0, 
84.4955975, 0.1, 0.1, 0.150000234, -0.200000016, -0.0199655424, 0.707596595, -0.706616627, -2.76386196e-005, 0.706616628, 0.707596595, 4.65960008e-006, 1.62644422e-005, -2.28270253e-005, 1, 0.707596739, -0.706616483, -2.09799461e-005, 0.706616484, 0.707596739, 1.33949467e-005, 5.38025136e-006, -2.43029963e-005, 1, 0.197017041, -0.1880854, -0.161604663, 0, 0, 0, 0, 0, 0, 0, 0.2455604, -0.178453857, -0.138991504, 0, 0, 0, 0, 0, 0, 0, 0, 0, 0, 
84.4963441, 0.1, 0.1, 0.150000231, -0.200000016, -0.019966071, 0.707595726, -0.706617497, 2.66911073e-005, 0.706617497, 0.707595727, 1.13866963e-005, -2.69325523e-005, 1.08032258e-005, 1, 0.707595923, -0.7066173, 3.67772985e-005, 0.706617301, 0.707595923, 3.90027848e-006, -2.87794708e-005, 2.32276543e-005, 0.999999999, 0.197017041, -0.1880854, -0.161604663, 0, 0, 0, 0, 0, 0, 0, 0.2455604, -0.178453857, -0.138991504, 0, 0, 0, 0, 0, 0, 0, 0, 0, 0, 
84.4970669, 0.1, 0.1, 0.150000234, -0.200000016, -0.0199670243, 0.707594712, -0.706618513, 1.67139481e-006, 0.706618513, 0.707594712, -1.74894672e-005, 1.11757112e-005, 1.3556493e-005, 1, 0.707594922, -0.706618303, -2.12069326e-005, 0.706618303, 0.707594922, -9.79720779e-006, 2.19288041e-005, -8.05275223e-006, 1, 0.197017041, -0.1880854, -0.161604663, 0, 0, 0, 0, 0, 0, 0, 0.2455604, -0.178453857, -0.138991504, 0, 0, 0, 0, 0, 0, 0, 0, 0, 0, 
84.4977868, 0.1, 0.1, 0.150000232, -0.200000016, -0.0199683576, 0.707593535, -0.706619692, -2.42211034e-005, 0.706619692, 0.707593535, 4.31547786e-006, 1.40892945e-005, -2.01687128e-005, 1, 0.707593784, -0.706619443, -2.25015072e-006, 0.706619443, 0.707593784, 1.20494069e-005, -6.92215253e-006, -1.01160857e-005, 1, 0.197017041, -0.1880854, -0.161604663, 0, 0, 0, 0, 0, 0, 0, 0.2455604, -0.178453857, -0.138991504, 0, 0, 0, 0, 0, 0, 0, 0, 0, 0, 
84.4985061, 0.1, 0.1, 0.150000232, -0.200000015, -0.019969674, 0.70759225, -0.706620979, 2.49712989e-005, 0.706620979, 0.70759225, -7.20940379e-007, -1.7160066e-005, 1.81553755e-005, 1, 0.707592515, -0.706620714, 1.88466205e-005, 0.706620714, 0.707592515, -8.63303632e-006, -7.2354453e-006, 1.94260843e-005, 1, 0.197017041, -0.1880854, -0.161604663, 0, 0, 0, 0, 0, 0, 0, 0.2455604, -0.178453857, -0.138991504, 0, 0, 0, 0, 0, 0, 0, 0, 0, 0, 
84.4992839, 0.1, 0.1, 0.150000236, -0.200000016, -0.01997006, 0.707590745, -0.706622485, -2.59951258e-005, 0.706622485, 0.707590745, -5.85649953e-006, 2.25322447e-005, -1.42247356e-005, 1, 0.707591029, -0.706622201, -3.47948432e-005, 0.706622201, 0.707591029, 1.12714128e-006, 2.38240559e-005, -2.53843638e-005, 0.999999999, 0.197267383, -0.188301807, -0.161378735, 0, 0, 0, 0, 0, 0, 0, 0.24604668, -0.178708838, -0.138560156, 0, 0, 0, 0, 0, 0, 0, 0, 0, 0, 
84.5000027, 0.1, 0.1, 0.150000233, -0.200000017, -0.0199697156, 0.707589275, -0.706623958, -2.89539269e-006, 0.706623958, 0.707589275, 1.57552056e-005, -9.08425693e-006, -1.31941684e-005, 1, 0.707589566, -0.706623666, 1.7730662e-005, 0.706623666, 0.707589566, 9.67210669e-006, -1.93805709e-005, 5.68502362e-006, 1, 0.197267383, -0.188301807, -0.161378735, 0, 0, 0, 0, 0, 0, 0, 0.24604668, -0.178708838, -0.138560156, 0, 0, 0, 0, 0, 0, 0, 0, 0, 0, 
84.5007256, 0.1, 0.1, 0.150000235, -0.200000016, -0.0199690445, 0.707587716, -0.706625519, 2.66511016e-005, 0.706625519, 0.707587716, -6.09950918e-006, -1.45479232e-005, 2.31482862e-005, 1, 0.707588038, -0.706625196, 4.70734402e-006, 0.706625196, 0.707588038, -1.39839275e-005, 6.55053518e-006, 1.32211877e-005, 1, 0.197267383, -0.188301807, -0.161378735, 0, 0, 0, 0, 0, 0, 0, 0.24604668, -0.178708838, -0.138560156, 0, 0, 0, 0, 0, 0, 0, 0, 0, 0, 
84.5015933, 0.1, 0.1, 0.150000237, -0.200000018, -0.0199668504, 0.707585747, -0.706627489, -4.12114298e-005, 0.70662749, 0.707585748, -2.49897267e-006, 3.09264632e-005, -2.73528917e-005, 0.999999999, 0.707586136, -0.7066271, -3.60549291e-005, 0.706627101, 0.707586136, 7.87788393e-006, 1.99452417e-005, -3.10516715e-005, 0.999999999, 0.197456079, -0.188261157, -0.161128394, 0, 0, 0, 0, 0, 0, 0, 0.24604668, -0.178708838, -0.138560156, 0, 0, 0, 0, 0, 0, 0, 0, 0, 0, 
84.5023269, 0.1, 0.1, 0.150000235, -0.200000017, -0.0199646404, 0.707583977, -0.706629263, 2.38268987e-005, 0.706629263, 0.707583977, 8.58736364e-006, -2.29276142e-005, 1.07605029e-005, 1, 0.707584333, -0.706628906, 3.19208252e-005, 0.706628906, 0.707584333, 4.94560123e-007, -2.29361463e-005, 2.22062348e-005, 0.999999999, 0.197456079, -0.188261157, -0.161128394, 0, 0, 0, 0, 0, 0, 0, 0.246023486, -0.17873374, -0.138321777, 0, 0, 0, 0, 0, 0, 0, 0, 0, 0, 
84.5030465, 0.1, 0.1, 0.150000237, -0.200000016, -0.0199637132, 0.707582169, -0.706631074, 1.09439409e-005, 0.706631074, 0.707582169, -1.89469244e-005, 5.64474805e-006, 2.11398346e-005, 1, 0.707582532, -0.70663071, -1.67907028e-005, 0.70663071, 0.707582532, -1.12027623e-005, 1.97970239e-005, -3.9379473e-006, 1, 0.197456079, -0.188261157, -0.161128394, 0, 0, 0, 0, 0, 0, 0, 0.246023486, -0.17873374, -0.138321777, 0, 0, 0, 0, 0, 0, 0, 0, 0, 0, 
84.5037845, 0.1, 0.1, 0.150000232, -0.200000017, -0.0199641968, 0.707580211, -0.706633034, -1.35418348e-005, 0.706633034, 0.707580211, 5.63250835e-006, 5.60181787e-006, -1.35545593e-005, 1, 0.707580629, -0.706632615, 1.24666179e-005, 0.706632615, 0.707580629, 1.55197789e-005, -1.97879193e-005, -2.17217606e-006, 1, 0.197456079, -0.188261157, -0.161128394, 0, 0, 0, 0, 0, 0, 0, 0.246023486, -0.17873374, -0.138321777, 0, 0, 0, 0, 0, 0, 0, 0, 0, 0, 
84.504522, 0.1, 0.1, 0.150000233, -0.200000018, -0.0199656878, 0.707578223, -0.706635024, 1.32773548e-005, 0.706635024, 0.707578223, 2.57048534e-005, -2.75587169e-005, -8.80595055e-006, 1, 0.707578588, -0.706634659, 5.59993206e-006, 0.706634659, 0.707578588, 1.90804281e-005, -1.74452838e-005, -9.54379627e-006, 1, 0.197456079, -0.188261157, -0.161128394, 0, 0, 0, 0, 0, 0, 0, 0.246023486, -0.17873374, -0.138321777, 0, 0, 0, 0, 0, 0, 0, 0, 0, 0, 
