time, realDorsalTactorPos, realVentralTactorPos, boxPosX, boxPosY, boxPosZ, boxLocalRot_11, boxLocalRot_12, boxLocalRot_13, boxLocalRot_21, boxLocalRot_22, boxLocalRot_23, boxLocalRot_31, boxLocalRot_32, boxLocalRot_33, boxGlobalRot_11, boxGlobalRot_12, boxGlobalRot_13], boxGlobalRot_21, boxGlobalRot_22, boxGlobalRot_23, boxGlobalRot_31, boxGlobalRot_32, boxGlobalRot_33, indexPosX, indexPosY, indexPosZ, indexContact, indexForceX, indexForceY, indexForceZ, indexForceGlobalX, indexForceGlobalY, indexForceGlobalZ, thumbPosX, thumbPosY, thumbPosZ, thumbContact, thumbForceX, thumbForceY, thumbForceZ, thumbForceGlobalX, thumbForceGlobalY, thumbForceGlobalZ, hoopSuccess, targetSuccess, trialSuccess, 
39.4495497, 0.1, 0.1, 0.0993580096, 0.186812394, -0.0199735253, 0.645239713, -2.03991661e-005, 0.763980178, 0.763980178, 2.02976405e-005, -0.645239713, -2.34464293e-006, 1, 2.86814022e-005, 0.645239709, -2.01408074e-005, 0.763980182, 0.763980182, 2.6072076e-005, -0.645239708, -6.92290067e-006, 0.999999999, 3.22099164e-005, 0.182609985, -0.14471687, -0.197720215, 0, 0, 0, 0, 0, 0, 0, 0.203351611, -0.113247314, -0.166721484, 0, 0, 0, 0, 0, 0, 0, 1, 1, 1, 
39.4997997, 0.1, 0.1, 0.0993580156, 0.186812421, -0.0199658225, 0.645337846, -2.80967411e-005, 0.763897286, 0.763897286, 9.93455428e-006, -0.645337846, 1.05429113e-005, 1, 2.78741681e-005, 0.645337356, -4.51877525e-005, 0.763897699, 0.7638977, 2.46249964e-007, -0.645337357, 2.89732349e-005, 0.999999999, 3.46777345e-005, 0.18555979, -0.146181421, -0.198552124, 0, 0, 0, 0, 0, 0, 0, 0.205727979, -0.116192676, -0.168277637, 0, 0, 0, 0, 0, 0, 0, 1, 1, 1, 
39.5005102, 0.1, 0.1, 0.0993580085, 0.18681242, -0.0199662701, 0.645340364, 3.33284886e-005, 0.763895159, 0.763895159, -1.02823391e-005, -0.645340364, -1.36535899e-005, 0.999999999, -3.20950796e-005, 0.645339868, 5.00165625e-005, 0.763895577, 0.763895578, -1.31106047e-006, -0.645339868, -3.12761686e-005, 0.999999999, -3.90535105e-005, 0.18555979, -0.146181421, -0.198552124, 0, 0, 0, 0, 0, 0, 0, 0.205727979, -0.116192676, -0.168277637, 0, 0, 0, 0, 0, 0, 0, 1, 1, 1, 
39.501234, 0.1, 0.1, 0.0993580144, 0.186812421, -0.0199674964, 0.645342927, -2.71441274e-005, 0.763892993, 0.763892994, 1.22908895e-005, -0.645342927, 8.12834625e-006, 1, 2.86670473e-005, 0.645342393, -4.38028811e-005, 0.763893444, 0.763893444, 2.57244814e-006, -0.645342394, 2.63027799e-005, 0.999999999, 3.51208436e-005, 0.18555979, -0.146181421, -0.198552124, 0, 0, 0, 0, 0, 0, 0, 0.205727979, -0.116192676, -0.168277637, 0, 0, 0, 0, 0, 0, 0, 1, 1, 1, 
39.5019587, 0.1, 0.1, 0.0993580076, 0.186812419, -0.0199688164, 0.645345528, 3.16381927e-005, 0.763890796, 0.763890797, -7.30409739e-006, -0.645345528, -1.48380334e-005, 0.999999999, -2.88817908e-005, 0.645345027, 4.7398215e-005, 0.763891218, 0.763891219, 1.30905712e-006, -0.645345028, -3.15881796e-005, 0.999999999, -3.53622867e-005, 0.18555979, -0.146181421, -0.198552124, 0, 0, 0, 0, 0, 0, 0, 0.205727979, -0.116192676, -0.168277637, 0, 0, 0, 0, 0, 0, 0, 1, 1, 1, 
39.5026684, 0.1, 0.1, 0.0993580132, 0.18681242, -0.0199700386, 0.645348051, -2.80642576e-005, 0.763888664, 0.763888665, 1.11547495e-005, -0.645348051, 9.59022729e-006, 1, 2.86366641e-005, 0.645347557, -4.17146125e-005, 0.763889082, 0.763889083, 3.16876336e-006, -0.645347557, 2.44998395e-005, 0.999999999, 3.39102907e-005, 0.18555979, -0.146181421, -0.198552124, 0, 0, 0, 0, 0, 0, 0, 0.205727979, -0.116192676, -0.168277637, 0, 0, 0, 0, 0, 0, 0, 1, 1, 1, 
39.5033755, 0.1, 0.1, 0.0993580085, 0.186812418, -0.0199709047, 0.645350536, 2.05260752e-005, 0.763886566, 0.763886566, -8.41574821e-006, -0.645350536, -6.81783661e-006, 1, -2.11107007e-005, 0.645350045, 3.5474646e-005, 0.76388698, 0.763886981, -2.25846698e-007, -0.645350045, -2.2721043e-005, 0.999999999, -2.72443704e-005, 0.18555979, -0.146181421, -0.198552124, 0, 0, 0, 0, 0, 0, 0, 0.205727979, -0.116192676, -0.168277637, 0, 0, 0, 0, 0, 0, 0, 1, 1, 1, 
39.5041229, 0.1, 0.1, 0.099358016, 0.186812419, -0.0199709052, 0.645353138, -3.30227977e-005, 0.763884367, 0.763884368, 1.07782232e-005, -0.645353138, 1.30780499e-005, 0.999999999, 3.21813591e-005, 0.645352651, -4.75677318e-005, 0.763884778, 0.763884779, 3.13840202e-006, -0.645352652, 2.83005843e-005, 0.999999999, 3.83616423e-005, 0.185307251, -0.145721875, -0.199222559, 0, 0, 0, 0, 0, 0, 0, 0.205673779, -0.115977734, -0.168876562, 0, 0, 0, 0, 0, 0, 0, 1, 1, 1, 
39.5048525, 0.1, 0.1, 0.0993580112, 0.186812418, -0.0199698298, 0.645355656, 2.12840665e-005, 0.76388224, 0.76388224, -1.00339409e-005, -0.645355656, -6.07104345e-006, 1, -2.27339809e-005, 0.645355172, 3.67291326e-005, 0.763882648, 0.763882649, -1.39844674e-006, -0.645355172, -2.26350865e-005, 0.999999999, -2.8959242e-005, 0.185307251, -0.145721875, -0.199222559, 0, 0, 0, 0, 0, 0, 0, 0.205673779, -0.115977734, -0.168876562, 0, 0, 0, 0, 0, 0, 0, 1, 1, 1, 
39.5055605, 0.1, 0.1, 0.099358018, 0.186812419, -0.0199686412, 0.645358093, -3.05198235e-005, 0.763880181, 0.763880181, 9.05710443e-006, -0.645358093, 1.27776725e-005, 0.999999999, 2.91585639e-005, 0.645357614, -4.66949811e-005, 0.763880585, 0.763880586, 7.60601923e-007, -0.645357614, 2.95539525e-005, 0.999999999, 3.61602498e-005, 0.185307251, -0.145721875, -0.199222559, 0, 0, 0, 0, 0, 0, 0, 0.205673779, -0.115977734, -0.168876562, 0, 0, 0, 0, 0, 0, 0, 1, 1, 1, 
39.5062888, 0.1, 0.1, 0.0993580122, 0.186812418, -0.019967567, 0.645360595, 2.4862056e-005, 0.763878067, 0.763878067, -1.42452896e-005, -0.645360595, -5.163327e-006, 1, -2.81849279e-005, 0.645360078, 4.2052584e-005, 0.763878503, 0.763878504, -4.69943767e-006, -0.645360079, -2.35492595e-005, 0.999999999, -3.51558944e-005, 0.185307251, -0.145721875, -0.199222559, 0, 0, 0, 0, 0, 0, 0, 0.205673779, -0.115977734, -0.168876562, 0, 0, 0, 0, 0, 0, 0, 1, 1, 1, 
39.5069946, 0.1, 0.1, 0.0993580189, 0.18681242, -0.019966892, 0.645363042, -2.95934301e-005, 0.763876, 0.763876, 7.8301231e-006, -0.645363042, 1.3117263e-005, 1, 2.76589831e-005, 0.645362556, -4.67872018e-005, 0.76387641, 0.763876411, -1.43880101e-006, -0.645362556, 3.12937743e-005, 0.999999999, 3.48110915e-005, 0.185307251, -0.145721875, -0.199222559, 0, 0, 0, 0, 0, 0, 0, 0.205673779, -0.115977734, -0.168876562, 0, 0, 0, 0, 0, 0, 0, 1, 1, 1, 
39.5077389, 0.1, 0.1, 0.0993580108, 0.186812419, -0.0199664508, 0.645365642, 3.71799688e-005, 0.763873803, 0.763873803, -1.18372531e-005, -0.645365642, -1.49525069e-005, 0.999999999, -3.60401606e-005, 0.645365148, 5.42076128e-005, 0.763874219, 0.76387422, -2.64582461e-006, -0.645365149, -3.29626269e-005, 0.999999999, -4.31153209e-005, 0.185307251, -0.145721875, -0.199222559, 0, 0, 0, 0, 0, 0, 0, 0.205673779, -0.115977734, -0.168876562, 0, 0, 0, 0, 0, 0, 0, 1, 1, 1, 
39.5084492, 0.1, 0.1, 0.099358016, 0.18681242, -0.0199668826, 0.645368127, -2.57257291e-005, 0.763871704, 0.763871704, 1.00321007e-005, -0.645368127, 8.93932772e-006, 1, 2.61255546e-005, 0.64536763, -4.11386615e-005, 0.763872123, 0.763872123, 8.47506975e-007, -0.645367631, 2.59021735e-005, 0.999999999, 3.19716303e-005, 0.185307251, -0.145721875, -0.199222559, 0, 0, 0, 0, 0, 0, 0, 0.205673779, -0.115977734, -0.168876562, 0, 0, 0, 0, 0, 0, 0, 1, 1, 1, 
39.5091919, 0.1, 0.1, 0.0993580081, 0.186812419, -0.0199675141, 0.645370785, 3.44834765e-005, 0.763869458, 0.763869459, -1.03925103e-005, -0.645370785, -1.43161071e-005, 0.999999999, -3.30478971e-005, 0.645370284, 5.20092077e-005, 0.76386988, 0.763869881, -1.38965756e-006, -0.645370285, -3.25036797e-005, 0.999999999, -4.0625111e-005, 0.184947925, -0.145690991, -0.200118066, 0, 0, 0, 0, 0, 0, 0, 0.205569287, -0.115926221, -0.169417383, 0, 0, 0, 0, 0, 0, 0, 1, 1, 1, 
39.509905, 0.1, 0.1, 0.0993580142, 0.18681242, -0.0199684575, 0.645373327, -3.07293388e-005, 0.76386731, 0.763867311, 9.76858445e-006, -0.645373327, 1.23699933e-005, 0.999999999, 2.97775213e-005, 0.645372827, -4.4922314e-005, 0.763867732, 0.763867733, 1.11114994e-006, -0.645372827, 2.81428692e-005, 0.999999999, 3.50318121e-005, 0.184947925, -0.145690991, -0.200118066, 0, 0, 0, 0, 0, 0, 0, 0.205569287, -0.115926221, -0.169417383, 0, 0, 0, 0, 0, 0, 0, 1, 1, 1, 
39.5106133, 0.1, 0.1, 0.0993580094, 0.186812419, -0.0199695025, 0.64537584, 2.18859417e-005, 0.763865187, 0.763865188, -9.47382518e-006, -0.64537584, -6.88793279e-006, 1, -2.28320869e-005, 0.64537535, 3.70459378e-005, 0.763865601, 0.763865601, -1.24992495e-006, -0.64537535, -2.29537604e-005, 0.999999999, -2.91047883e-005, 0.184947925, -0.145690991, -0.200118066, 0, 0, 0, 0, 0, 0, 0, 0.205569287, -0.115926221, -0.169417383, 0, 0, 0, 0, 0, 0, 0, 1, 1, 1, 
39.5113369, 0.1, 0.1, 0.0993580166, 0.18681242, -0.0199702719, 0.645378392, -3.3199022e-005, 0.763863031, 0.763863031, 1.04963998e-005, -0.645378392, 1.34081196e-005, 0.999999999, 3.21336552e-005, 0.645377893, -4.81217333e-005, 0.763863452, 0.763863453, 2.26545884e-006, -0.645377893, 2.93262016e-005, 0.999999999, 3.82205104e-005, 0.184947925, -0.145690991, -0.200118066, 0, 0, 0, 0, 0, 0, 0, 0.205569287, -0.115926221, -0.169417383, 0, 0, 0, 0, 0, 0, 0, 1, 1, 1, 
39.5120414, 0.1, 0.1, 0.0993580122, 0.186812419, -0.0199705536, 0.645380858, 2.17603536e-005, 0.763860948, 0.763860948, -8.48257293e-006, -0.645380858, -7.56420952e-006, 1, -2.20963746e-005, 0.645380371, 3.55962639e-005, 0.763861359, 0.763861359, -4.29713738e-007, -0.645380372, -2.26448883e-005, 0.999999999, -2.74679394e-005, 0.184947925, -0.145690991, -0.200118066, 0, 0, 0, 0, 0, 0, 0, 0.205569287, -0.115926221, -0.169417383, 0, 0, 0, 0, 0, 0, 0, 1, 1, 1, 
39.5127506, 0.1, 0.1, 0.0993580182, 0.186812419, -0.0199703871, 0.645383314, -2.61631436e-005, 0.763858873, 0.763858873, 1.02548777e-005, -0.645383314, 9.05197697e-006, 1, 2.66032763e-005, 0.645382833, -4.17598658e-005, 0.763859278, 0.763859279, 2.27048612e-006, -0.645382834, 2.52167686e-005, 0.999999999, 3.33639937e-005, 0.184947925, -0.145690991, -0.200118066, 0, 0, 0, 0, 0, 0, 0, 0.205569287, -0.115926221, -0.169417383, 0, 0, 0, 0, 0, 0, 0, 1, 1, 1, 
39.5134929, 0.1, 0.1, 0.099358012, 0.186812419, -0.019969702, 0.645385864, 2.64805597e-005, 0.763856718, 0.763856719, -1.16643112e-005, -0.645385864, -8.18031641e-006, 1, -2.7755335e-005, 0.645385308, 4.34188793e-005, 0.763857187, 0.763857188, -2.13487867e-006, -0.645385309, -2.63911644e-005, 0.999999999, -3.45436423e-005, 0.184947925, -0.145690991, -0.200118066, 0, 0, 0, 0, 0, 0, 0, 0.205569287, -0.115926221, -0.169417383, 0, 0, 0, 0, 0, 0, 0, 1, 1, 1, 
39.5142099, 0.1, 0.1, 0.0993580179, 0.18681242, -0.0199684419, 0.64538833, -2.51810827e-005, 0.763854634, 0.763854635, 8.66664089e-006, -0.64538833, 9.63152312e-006, 1, 2.48280356e-005, 0.645387854, -4.18398728e-005, 0.763855036, 0.763855036, -6.99171187e-008, -0.645387855, 2.70563523e-005, 0.999999999, 3.19144739e-005, 0.184698071, -0.145006128, -0.201176636, 0, 0, 0, 0, 0, 0, 0, 0.205273291, -0.115651465, -0.170008252, 0, 0, 0, 0, 0, 0, 0, 1, 1, 1, 
39.5149245, 0.1, 0.1, 0.0993580107, 0.186812419, -0.0199674183, 0.64539079, 3.396587e-005, 0.763852556, 0.763852557, -1.13806567e-005, -0.64539079, -1.32281159e-005, 0.999999999, -3.32898876e-005, 0.645390306, 5.02059835e-005, 0.763852964, 0.763852965, -2.58945464e-006, -0.645390306, -3.04244924e-005, 0.999999999, -4.00211983e-005, 0.184698071, -0.145006128, -0.201176636, 0, 0, 0, 0, 0, 0, 0, 0.205273291, -0.115651465, -0.170008252, 0, 0, 0, 0, 0, 0, 0, 1, 1, 1, 
39.5156322, 0.1, 0.1, 0.0993580161, 0.18681242, -0.0199669836, 0.645393238, -2.50975617e-005, 0.763850488, 0.763850488, 1.09109506e-005, -0.645393238, 7.86346165e-006, 1, 2.62126385e-005, 0.645392757, -4.09785758e-005, 0.763850893, 0.763850894, 1.85628613e-006, -0.645392758, 2.50293502e-005, 0.999999999, 3.24995554e-005, 0.184698071, -0.145006128, -0.201176636, 0, 0, 0, 0, 0, 0, 0, 0.205273291, -0.115651465, -0.170008252, 0, 0, 0, 0, 0, 0, 0, 1, 1, 1, 
39.5163841, 0.1, 0.1, 0.0993580078, 0.186812419, -0.019966748, 0.645395864, 3.59815791e-005, 0.763848269, 0.76384827, -1.06646392e-005, -0.645395864, -1.50761961e-005, 0.999999999, -3.4367381e-005, 0.645395374, 5.35791953e-005, 0.763848681, 0.763848682, -1.56599966e-006, -0.645395375, -3.33835781e-005, 0.999999999, -4.19370867e-005, 0.185009448, -0.145209473, -0.201325415, 0, 0, 0, 0, 0, 0, 0, 0.205518262, -0.115823193, -0.170262012, 0, 0, 0, 0, 0, 0, 0, 1, 1, 1, 
39.5170914, 0.1, 0.1, 0.0993580137, 0.18681242, -0.019967139, 0.645398358, -3.04604144e-005, 0.763846161, 0.763846162, 1.06082941e-005, -0.645398358, 1.15559967e-005, 0.999999999, 3.01136462e-005, 0.645397865, -4.51494058e-005, 0.763846578, 0.763846579, 1.64910854e-006, -0.645397865, 2.78796642e-005, 0.999999999, 3.55515502e-005, 0.185009448, -0.145209473, -0.201325415, 0, 0, 0, 0, 0, 0, 0, 0.205518262, -0.115823193, -0.170262012, 0, 0, 0, 0, 0, 0, 0, 1, 1, 1, 
39.5177994, 0.1, 0.1, 0.0993580087, 0.186812419, -0.0199680968, 0.645400857, 2.1878806e-005, 0.76384405, 0.763844051, -1.00478212e-005, -0.645400857, -6.44563174e-006, 1, -2.31968682e-005, 0.645400365, 3.84380178e-005, 0.763844465, 0.763844466, -1.30301381e-006, -0.645400365, -2.38126109e-005, 0.999999999, -3.02016328e-005, 0.185009448, -0.145209473, -0.201325415, 0, 0, 0, 0, 0, 0, 0, 0.205518262, -0.115823193, -0.170262012, 0, 0, 0, 0, 0, 0, 0, 1, 1, 1, 
39.5185237, 0.1, 0.1, 0.0993580168, 0.18681242, -0.0199691955, 0.645403415, -3.8846904e-005, 0.763841888, 0.763841889, 1.03778327e-005, -0.645403416, 1.71449012e-005, 0.999999999, 3.63707812e-005, 0.645402919, -5.36785358e-005, 0.763842306, 0.763842308, 1.95196254e-006, -0.64540292, 3.31532922e-005, 0.999999999, 4.2261739e-005, 0.185009448, -0.145209473, -0.201325415, 0, 0, 0, 0, 0, 0, 0, 0.205518262, -0.115823193, -0.170262012, 0, 0, 0, 0, 0, 0, 0, 1, 1, 1, 
39.5192361, 0.1, 0.1, 0.0993580132, 0.186812418, -0.0199700805, 0.645405905, 1.80033771e-005, 0.763839786, 0.763839786, -8.84732156e-006, -0.645405905, -4.86154968e-006, 1, -1.94618093e-005, 0.645405415, 3.18834528e-005, 0.763840199, 0.763840199, -6.61585042e-007, -0.645405415, -2.00724078e-005, 0.999999999, -2.47808535e-005, 0.185009448, -0.145209473, -0.201325415, 0, 0, 0, 0, 0, 0, 0, 0.205518262, -0.115823193, -0.170262012, 0, 0, 0, 0, 0, 0, 0, 1, 1, 1, 
39.5199476, 0.1, 0.1, 0.0993580202, 0.18681242, -0.0199705492, 0.645408401, -3.04311185e-005, 0.763837676, 0.763837676, 9.51212441e-006, -0.645408401, 1.23747805e-005, 0.999999999, 2.93836398e-005, 0.645407909, -4.63047588e-005, 0.76383809, 0.763838091, 1.38416577e-006, -0.64540791, 2.88281791e-005, 0.999999999, 3.62626901e-005, 0.185009448, -0.145209473, -0.201325415, 0, 0, 0, 0, 0, 0, 0, 0.205518262, -0.115823193, -0.170262012, 0, 0, 0, 0, 0, 0, 0, 1, 1, 1, 
39.5206883, 0.1, 0.1, 0.0993580148, 0.186812419, -0.0199704033, 0.645410955, 2.40427077e-005, 0.763835518, 0.763835518, -1.14690844e-005, -0.645410955, -6.75693292e-006, 1, -2.57669468e-005, 0.645410401, 3.98349612e-005, 0.763835986, 0.763835986, -2.29921786e-006, -0.645410401, -2.39536729e-005, 0.999999999, -3.1911316e-005, 0.185009448, -0.145209473, -0.201325415, 0, 0, 0, 0, 0, 0, 0, 0.205518262, -0.115823193, -0.170262012, 0, 0, 0, 0, 0, 0, 0, 1, 1, 1, 
39.521411, 0.1, 0.1, 0.0993580207, 0.18681242, -0.0199693883, 0.645413444, -2.40618093e-005, 0.763833415, 0.763833416, 8.69792015e-006, -0.645413444, 8.88605312e-006, 1, 2.39929685e-005, 0.645412962, -4.08339941e-005, 0.763833821, 0.763833822, 8.39228176e-008, -0.645412963, 2.6290686e-005, 0.999999999, 3.12445507e-005, 0.185265283, -0.144753955, -0.200942383, 0, 0, 0, 0, 0, 0, 0, 0.20579668, -0.115581641, -0.170327441, 0, 0, 0, 0, 0, 0, 0, 1, 1, 1, 
39.5221204, 0.1, 0.1, 0.0993580136, 0.186812419, -0.0199683624, 0.645415879, 3.38221505e-005, 0.763831357, 0.763831357, -1.11015189e-005, -0.645415879, -1.33496648e-005, 0.999999999, -3.29995157e-005, 0.645415395, 4.92938376e-005, 0.763831765, 0.763831766, -2.62262586e-006, -0.645415396, -2.98117568e-005, 0.999999999, -3.93448822e-005, 0.185265283, -0.144753955, -0.200942383, 0, 0, 0, 0, 0, 0, 0, 0.20579668, -0.115581641, -0.170327441, 0, 0, 0, 0, 0, 0, 0, 1, 1, 1, 
39.5228314, 0.1, 0.1, 0.0993580185, 0.18681242, -0.0199676102, 0.645418316, -2.19099026e-005, 0.763829298, 0.763829298, 1.11499199e-005, -0.645418316, 5.62441698e-006, 1, 2.3931788e-005, 0.645417839, -3.78569954e-005, 0.763829701, 0.763829702, 2.22502372e-006, -0.645417839, 2.2734041e-005, 0.999999999, 3.03523675e-005, 0.185265283, -0.144753955, -0.200942383, 0, 0, 0, 0, 0, 0, 0, 0.20579668, -0.115581641, -0.170327441, 0, 0, 0, 0, 0, 0, 0, 1, 1, 1, 
39.5235569, 0.1, 0.1, 0.0993580105, 0.186812419, -0.0199671414, 0.645420842, 3.58226064e-005, 0.763827164, 0.763827164, -1.01759285e-005, -0.645420842, -1.53480062e-005, 0.999999999, -3.39300362e-005, 0.645420351, 5.32160648e-005, 0.763827577, 0.763827578, -1.13336662e-006, -0.645420352, -3.34810346e-005, 0.999999999, -4.13793958e-005, 0.185265283, -0.144753955, -0.200942383, 0, 0, 0, 0, 0, 0, 0, 0.20579668, -0.115581641, -0.170327441, 0, 0, 0, 0, 0, 0, 0, 1, 1, 1, 
39.5243072, 0.1, 0.1, 0.0993580174, 0.18681242, -0.019966876, 0.645423486, -3.28252819e-005, 0.76382493, 0.76382493, 1.34210473e-005, -0.645423486, 1.09348773e-005, 0.999999999, 3.37350278e-005, 0.645422965, -4.92872265e-005, 0.763825369, 0.76382537, 3.95879382e-006, -0.645422965, 2.87872808e-005, 0.999999999, 4.02019305e-005, 0.185265283, -0.144753955, -0.200942383, 0, 0, 0, 0, 0, 0, 0, 0.20579668, -0.115581641, -0.170327441, 0, 0, 0, 0, 0, 0, 0, 1, 1, 1, 
39.5250101, 0.1, 0.1, 0.0993580124, 0.186812418, -0.0199671565, 0.645425981, 2.25963859e-005, 0.763822821, 0.763822821, -8.30449463e-006, -0.645425981, -8.24113201e-006, 1, -2.26195718e-005, 0.645425489, 3.91653519e-005, 0.763823236, 0.763823237, 8.32178477e-007, -0.64542549, -2.59139537e-005, 0.999999999, -2.93782967e-005, 0.185265283, -0.144753955, -0.200942383, 0, 0, 0, 0, 0, 0, 0, 0.20579668, -0.115581641, -0.170327441, 0, 0, 0, 0, 0, 0, 0, 1, 1, 1, 
39.5257634, 0.1, 0.1, 0.0993580212, 0.186812419, -0.0199676985, 0.645428666, -4.00292948e-005, 0.763820552, 0.763820553, 1.02611423e-005, -0.645428666, 1.79983829e-005, 0.999999999, 3.71980335e-005, 0.645428176, -5.60877094e-005, 0.763820965, 0.763820966, 3.19236462e-006, -0.645428177, 3.3762193e-005, 0.999999998, 4.49014105e-005, 0.185645142, -0.145397559, -0.200657617, 0, 0, 0, 0, 0, 0, 0, 0.20581792, -0.11616665, -0.170354297, 0, 0, 0, 0, 0, 0, 0, 1, 1, 1, 
39.5264665, 0.1, 0.1, 0.099358017, 0.186812418, -0.0199684018, 0.645431157, 2.15175714e-005, 0.763818447, 0.763818448, -1.52119903e-005, -0.645431157, -2.26891221e-006, 1, -2.62538104e-005, 0.645430664, 3.57846243e-005, 0.763818864, 0.763818864, -6.334553e-006, -0.645430664, -1.82580428e-005, 0.999999999, -3.14214858e-005, 0.185645142, -0.145397559, -0.200657617, 0, 0, 0, 0, 0, 0, 0, 0.20581792, -0.11616665, -0.170354297, 0, 0, 0, 0, 0, 0, 0, 1, 1, 1, 
39.5271697, 0.1, 0.1, 0.0993580233, 0.186812421, -0.0199693394, 0.645433642, -2.78999411e-005, 0.763816348, 0.763816348, 4.88070158e-006, -0.645433642, 1.4279601e-005, 1, 2.44606001e-005, 0.645433156, -4.37657376e-005, 0.763816758, 0.763816758, -4.53711937e-006, -0.645433157, 3.1713386e-005, 0.999999999, 3.05005965e-005, 0.185645142, -0.145397559, -0.200657617, 0, 0, 0, 0, 0, 0, 0, 0.20581792, -0.11616665, -0.170354297, 0, 0, 0, 0, 0, 0, 0, 1, 1, 1, 
39.5278811, 0.1, 0.1, 0.0993580171, 0.18681242, -0.0199701501, 0.645436144, 3.10824462e-005, 0.763814233, 0.763814233, -8.57954735e-006, -0.645436145, -1.35085539e-005, 0.999999999, -2.92787648e-005, 0.645435659, 4.47927115e-005, 0.763814642, 0.763814643, -1.52539674e-006, -0.64543566, -2.77456929e-005, 0.999999999, -3.51978744e-005, 0.185645142, -0.145397559, -0.200657617, 0, 0, 0, 0, 0, 0, 0, 0.20581792, -0.11616665, -0.170354297, 0, 0, 0, 0, 0, 0, 0, 1, 1, 1, 
39.528604, 0.1, 0.1, 0.099358022, 0.18681242, -0.019970409, 0.645438665, -2.21513197e-005, 0.763812103, 0.763812104, 1.33225295e-005, -0.645438665, 4.1214089e-006, 1, 2.55183217e-005, 0.64543818, -3.71747567e-005, 0.763812513, 0.763812514, 5.53577704e-006, -0.64543818, 1.97657115e-005, 0.999999999, 3.19675462e-005, 0.185645142, -0.145397559, -0.200657617, 0, 0, 0, 0, 0, 0, 0, 0.205852588, -0.116569922, -0.170400928, 0, 0, 0, 0, 0, 0, 0, 1, 1, 1, 
39.5293078, 0.1, 0.1, 0.0993580156, 0.186812419, -0.0199702746, 0.645441096, 2.97547396e-005, 0.763810049, 0.76381005, -7.60179417e-006, -0.645441096, -1.33986049e-005, 1, -2.76334795e-005, 0.645440616, 4.45486233e-005, 0.763810454, 0.763810455, 8.62210012e-007, -0.645440616, -2.94120559e-005, 0.999999999, -3.34701989e-005, 0.185645142, -0.145397559, -0.200657617, 0, 0, 0, 0, 0, 0, 0, 0.205852588, -0.116569922, -0.170400928, 0, 0, 0, 0, 0, 0, 0, 1, 1, 1, 
39.530007, 0.1, 0.1, 0.0993580205, 0.186812419, -0.0199698976, 0.6454435, -2.37895969e-005, 0.763808017, 0.763808018, 9.7827252e-006, -0.6454435, 7.88271674e-006, 1, 2.44848812e-005, 0.645443026, -3.81890455e-005, 0.763808417, 0.763808418, 2.06469572e-006, -0.645443027, 2.30718211e-005, 0.999999999, 3.05017579e-005, 0.185645142, -0.145397559, -0.200657617, 0, 0, 0, 0, 0, 0, 0, 0.205852588, -0.116569922, -0.170400928, 0, 0, 0, 0, 0, 0, 0, 1, 1, 1, 
39.5307421, 0.1, 0.1, 0.0993580139, 0.186812419, -0.0199691024, 0.645446015, 2.76072586e-005, 0.763805892, 0.763805893, -1.11887774e-005, -0.645446015, -9.27294096e-006, 1, -2.83083386e-005, 0.645445538, 4.40734439e-005, 0.763806295, 0.763806296, -3.64221146e-006, -0.645445538, -2.56650637e-005, 0.999999999, -3.6014423e-005, 0.18554519, -0.145814502, -0.200709351, 0, 0, 0, 0, 0, 0, 0, 0.205852588, -0.116569922, -0.170400928, 0, 0, 0, 0, 0, 0, 0, 1, 1, 1, 
39.5314498, 0.1, 0.1, 0.0993580202, 0.186812419, -0.019968255, 0.645448429, -2.98989795e-005, 0.763803852, 0.763803852, 1.35243873e-005, -0.645448429, 8.96827024e-006, 0.999999999, 3.15662503e-005, 0.645447954, -4.5235752e-005, 0.763804253, 0.763804254, 4.24661456e-006, -0.645447954, 2.59537413e-005, 0.999999999, 3.72922285e-005, 0.18554519, -0.145814502, -0.200709351, 0, 0, 0, 0, 0, 0, 0, 0.205852588, -0.116569922, -0.170400928, 0, 0, 0, 0, 0, 0, 0, 1, 1, 1, 
39.5321561, 0.1, 0.1, 0.0993580148, 0.186812417, -0.0199677525, 0.645450852, 2.32568613e-005, 0.763801805, 0.763801805, -5.40556283e-006, -0.645450852, -1.08823823e-005, 1, -2.12526578e-005, 0.645450371, 3.9812084e-005, 0.76380221, 0.763802211, 3.15004094e-006, -0.645450372, -2.81027327e-005, 0.999999999, -2.83753627e-005, 0.18554519, -0.145814502, -0.200709351, 0, 0, 0, 0, 0, 0, 0, 0.205852588, -0.116569922, -0.170400928, 0, 0, 0, 0, 0, 0, 0, 1, 1, 1, 
39.5328976, 0.1, 0.1, 0.0993580225, 0.186812417, -0.0199675289, 0.645453392, -3.2027932e-005, 0.763799658, 0.763799658, 1.4837442e-005, -0.645453392, 9.33970423e-006, 0.999999999, 3.40398007e-005, 0.645452837, -5.08864059e-005, 0.763800126, 0.763800127, 6.05609662e-006, -0.645452838, 2.82191277e-005, 0.999999999, 4.27759681e-005, 0.18554519, -0.145814502, -0.200709351, 0, 0, 0, 0, 0, 0, 0, 0.205852588, -0.116569922, -0.170400928, 0, 0, 0, 0, 0, 0, 0, 1, 1, 1, 
39.5336238, 0.1, 0.1, 0.0993580162, 0.186812416, -0.0199672956, 0.645455897, 2.84458391e-005, 0.763797541, 0.763797542, -1.24329212e-005, -0.645455897, -8.86430002e-006, 1, -2.97517643e-005, 0.645455409, 4.49669166e-005, 0.763797953, 0.763797954, -2.23381898e-006, -0.64545541, -2.73179532e-005, 0.999999999, -3.57874694e-005, 0.185710474, -0.146677197, -0.201016797, 0, 0, 0, 0, 0, 0, 0, 0.20608877, -0.117169824, -0.170416064, 0, 0, 0, 0, 0, 0, 0, 1, 1, 1, 
39.5343481, 0.1, 0.1, 0.0993580226, 0.186812418, -0.0199675458, 0.645458419, -2.87779055e-005, 0.76379541, 0.763795411, 6.0103863e-006, -0.645458419, 1.39842359e-005, 1, 2.58598866e-005, 0.645457883, -4.62907529e-005, 0.763795862, 0.763795863, -4.21386636e-006, -0.645457884, 3.30972651e-005, 0.999999999, 3.26368122e-005, 0.185710474, -0.146677197, -0.201016797, 0, 0, 0, 0, 0, 0, 0, 0.20608877, -0.117169824, -0.170416064, 0, 0, 0, 0, 0, 0, 0, 1, 1, 1, 
39.5350668, 0.1, 0.1, 0.0993580164, 0.186812417, -0.0199680537, 0.645460928, 2.78019915e-005, 0.76379329, 0.76379329, -1.24480036e-005, -0.645460928, -8.43739765e-006, 1, -2.92696745e-005, 0.645460412, 4.45583474e-005, 0.763793725, 0.763793726, -3.74441324e-006, -0.645460412, -2.59006899e-005, 0.999999999, -3.64502567e-005, 0.185710474, -0.146677197, -0.201016797, 0, 0, 0, 0, 0, 0, 0, 0.20608877, -0.117169824, -0.170416064, 0, 0, 0, 0, 0, 0, 0, 1, 1, 1, 
39.5357965, 0.1, 0.1, 0.0993580232, 0.186812419, -0.0199685273, 0.645463482, -3.15022904e-005, 0.763791131, 0.763791132, 1.06094735e-005, -0.645463482, 1.22301563e-005, 0.999999999, 3.09091977e-005, 0.645462989, -4.74195747e-005, 0.763791547, 0.763791548, 1.41571003e-006, -0.645462989, 2.95262731e-005, 0.999999999, 3.71324588e-005, 0.185710474, -0.146677197, -0.201016797, 0, 0, 0, 0, 0, 0, 0, 0.20608877, -0.117169824, -0.170416064, 0, 0, 0, 0, 0, 0, 0, 1, 1, 1, 
39.5365086, 0.1, 0.1, 0.0993580178, 0.186812417, -0.0199690589, 0.645465976, 2.56403676e-005, 0.763789024, 0.763789024, -7.46929508e-006, -0.645465976, -1.08450193e-005, 1, -2.44050072e-005, 0.645465485, 4.0621253e-005, 0.763789438, 0.763789439, 7.05187866e-007, -0.645465485, -2.67582318e-005, 0.999999999, -3.05709096e-005, 0.185710474, -0.146677197, -0.201016797, 0, 0, 0, 0, 0, 0, 0, 0.20608877, -0.117169824, -0.170416064, 0, 0, 0, 0, 0, 0, 0, 1, 1, 1, 
39.5372182, 0.1, 0.1, 0.0993580236, 0.186812418, -0.019969544, 0.645468439, -2.63762852e-005, 0.763786943, 0.763786943, 1.10860967e-005, -0.645468439, 8.55764372e-006, 1, 2.73015878e-005, 0.645467949, -4.20375402e-005, 0.763787356, 0.763787357, 3.57645605e-006, -0.645467949, 2.4402233e-005, 0.999999999, 3.44162295e-005, 0.185710474, -0.146677197, -0.201016797, 0, 0, 0, 0, 0, 0, 0, 0.20608877, -0.117169824, -0.170416064, 0, 0, 0, 0, 0, 0, 0, 1, 1, 1, 
39.5379716, 0.1, 0.1, 0.0993580163, 0.186812417, -0.019969455, 0.645471051, 3.18140261e-005, 0.763784735, 0.763784736, -1.429829e-005, -0.645471051, -9.61421718e-006, 0.999999999, -3.35281998e-005, 0.64547056, 4.72837676e-005, 0.763785149, 0.76378515, -5.25508975e-006, -0.645470561, -2.65065205e-005, 0.999999999, -3.95066452e-005, 0.185858789, -0.147098169, -0.201533203, 0, 0, 0, 0, 0, 0, 0, 0.206069971, -0.117763135, -0.170624414, 0, 0, 0, 0, 0, 0, 0, 1, 1, 1, 
39.5386798, 0.1, 0.1, 0.0993580214, 0.186812419, -0.0199690623, 0.64547351, -2.45748068e-005, 0.763782657, 0.763782658, 4.95218768e-006, -0.64547351, 1.20799917e-005, 1, 2.19663172e-005, 0.645473025, -3.92980879e-005, 0.763783066, 0.763783067, -4.2102532e-006, -0.645473026, 2.85815758e-005, 0.999999999, 2.72976092e-005, 0.185858789, -0.147098169, -0.201533203, 0, 0, 0, 0, 0, 0, 0, 0.206069971, -0.117763135, -0.170624414, 0, 0, 0, 0, 0, 0, 0, 1, 1, 1, 
39.539389, 0.1, 0.1, 0.0993580154, 0.186812419, -0.0199687017, 0.645475965, 2.61792961e-005, 0.763780582, 0.763780583, -1.16188948e-005, -0.645475965, -8.02382022e-006, 1, -2.74949554e-005, 0.645475485, 4.24635794e-005, 0.763780988, 0.763780988, -3.87711542e-006, -0.645475485, -2.44479325e-005, 0.999999999, -3.49354576e-005, 0.185858789, -0.147098169, -0.201533203, 0, 0, 0, 0, 0, 0, 0, 0.206069971, -0.117763135, -0.170624414, 0, 0, 0, 0, 0, 0, 0, 1, 1, 1, 
39.5401182, 0.1, 0.1, 0.0993580223, 0.18681242, -0.0199683387, 0.645478483, -3.16001187e-005, 0.763778454, 0.763778455, 1.37173718e-005, -0.645478482, 9.92016365e-006, 0.999999999, 3.29897582e-005, 0.645477991, -4.73346053e-005, 0.763778869, 0.76377887, 4.40150143e-006, -0.645477992, 2.71916722e-005, 0.999999999, 3.89942437e-005, 0.185858789, -0.147098169, -0.201533203, 0, 0, 0, 0, 0, 0, 0, 0.206069971, -0.117763135, -0.170624414, 0, 0, 0, 0, 0, 0, 0, 1, 1, 1, 
39.5408538, 0.1, 0.1, 0.0993580164, 0.186812418, -0.0199678337, 0.645481042, 2.56550324e-005, 0.763776291, 0.763776292, -6.6705273e-006, -0.645481042, -1.14650465e-005, 1, -2.39004044e-005, 0.645480558, 4.20560416e-005, 0.7637767, 0.763776701, 1.82377341e-006, -0.645480559, -2.85393129e-005, 0.999999999, -3.09442144e-005, 0.185858789, -0.147098169, -0.201533203, 0, 0, 0, 0, 0, 0, 0, 0.206069971, -0.117763135, -0.170624414, 0, 0, 0, 0, 0, 0, 0, 1, 1, 1, 
39.5415629, 0.1, 0.1, 0.0993580233, 0.186812418, -0.0199676136, 0.645483509, -3.24090887e-005, 0.763774207, 0.763774207, 1.24425987e-005, -0.645483509, 1.14161963e-005, 0.999999999, 3.27847183e-005, 0.645483027, -4.84801108e-005, 0.763774613, 0.763774614, 4.78451556e-006, -0.645483028, 2.76387972e-005, 0.999999999, 4.01162015e-005, 0.185858789, -0.147098169, -0.201533203, 0, 0, 0, 0, 0, 0, 0, 0.206069971, -0.117763135, -0.170624414, 0, 0, 0, 0, 0, 0, 0, 1, 1, 1, 
39.5422882, 0.1, 0.1, 0.0993580176, 0.186812417, -0.0199678048, 0.645486014, 2.52979105e-005, 0.76377209, 0.76377209, -1.42862936e-005, -0.645486014, -5.41797506e-006, 1, -2.85434407e-005, 0.645485516, 4.13177134e-005, 0.76377251, 0.76377251, -4.44678695e-006, -0.645485517, -2.3273652e-005, 0.999999999, -3.44276703e-005, 0.185858789, -0.147098169, -0.201533203, 0, 0, 0, 0, 0, 0, 0, 0.206069971, -0.117763135, -0.170624414, 0, 0, 0, 0, 0, 0, 0, 1, 1, 1, 
39.5430295, 0.1, 0.1, 0.0993580256, 0.18681242, -0.0199678346, 0.645488638, -3.55704759e-005, 0.763769872, 0.763769872, 4.6334107e-006, -0.645488638, 1.94214785e-005, 0.999999999, 3.01584718e-005, 0.645488146, -5.23484673e-005, 0.763770287, 0.763770288, -5.20668127e-006, -0.645488147, 3.77670236e-005, 0.999999999, 3.66213529e-005, 0.186053979, -0.148186182, -0.20126394, 0, 0, 0, 0, 0, 0, 0, 0.206299316, -0.118586279, -0.170409473, 0, 0, 0, 0, 0, 0, 0, 1, 1, 1, 
39.5437401, 0.1, 0.1, 0.09935802, 0.186812419, -0.0199681546, 0.645491151, 2.83033874e-005, 0.763767748, 0.763767749, -1.06940247e-005, -0.645491151, -1.01018349e-005, 1, -2.85201128e-005, 0.645490661, 4.27327807e-005, 0.763768162, 0.763768163, -3.06041339e-006, -0.645490661, -2.52461645e-005, 0.999999999, -3.46134056e-005, 0.186053979, -0.148186182, -0.20126394, 0, 0, 0, 0, 0, 0, 0, 0.206299316, -0.118586279, -0.170409473, 0, 0, 0, 0, 0, 0, 0, 1, 1, 1, 
39.544451, 0.1, 0.1, 0.0993580253, 0.18681242, -0.0199687241, 0.645493649, -2.27181502e-005, 0.763765637, 0.763765638, 1.39475869e-005, -0.645493649, 4.01173409e-006, 1, 2.63544212e-005, 0.645493155, -3.9093139e-005, 0.763766054, 0.763766055, 4.62300423e-006, -0.645493155, 2.17034599e-005, 0.999999999, 3.28421301e-005, 0.186053979, -0.148186182, -0.20126394, 0, 0, 0, 0, 0, 0, 0, 0.206299316, -0.118586279, -0.170409473, 0, 0, 0, 0, 0, 0, 0, 1, 1, 1, 
39.5452064, 0.1, 0.1, 0.0993580167, 0.186812417, -0.0199689792, 0.645496309, 3.83210904e-005, 0.763763389, 0.763763389, -4.91475775e-006, -0.645496309, -2.09824104e-005, 0.999999999, -3.24407038e-005, 0.645495816, 5.36885865e-005, 0.763763805, 0.763763806, 3.24429484e-006, -0.645495817, -3.71336329e-005, 0.999999999, -3.89112204e-005, 0.185952075, -0.148386597, -0.200816455, 0, 0, 0, 0, 0, 0, 0, 0.206069238, -0.118956348, -0.170398242, 0, 0, 0, 0, 0, 0, 0, 1, 1, 1, 
39.5459235, 0.1, 0.1, 0.0993580209, 0.186812417, -0.0199689175, 0.645498823, -1.97655403e-005, 0.763761265, 0.763761265, 1.39893778e-005, -0.645498823, 2.07408813e-006, 1, 2.4126281e-005, 0.645498328, -3.47714987e-005, 0.763761682, 0.763761682, 6.27384413e-006, -0.645498329, 1.76532226e-005, 0.999999999, 3.06068943e-005, 0.185952075, -0.148386597, -0.200816455, 0, 0, 0, 0, 0, 0, 0, 0.206069238, -0.118956348, -0.170398242, 0, 0, 0, 0, 0, 0, 0, 1, 1, 1, 
39.5466377, 0.1, 0.1, 0.0993580137, 0.186812416, -0.01996883, 0.645501312, 3.14741422e-005, 0.76375916, 0.763759161, -1.04703486e-005, -0.645501312, -1.23197754e-005, 0.999999999, -3.07972883e-005, 0.645500826, 4.79830078e-005, 0.763759571, 0.763759572, -1.16502259e-006, -0.645500826, -3.00832741e-005, 0.999999999, -3.73995046e-005, 0.185952075, -0.148386597, -0.200816455, 0, 0, 0, 0, 0, 0, 0, 0.206069238, -0.118956348, -0.170398242, 0, 0, 0, 0, 0, 0, 0, 1, 1, 1, 
39.5473697, 0.1, 0.1, 0.0993580198, 0.186812418, -0.0199686608, 0.64550387, -2.89928496e-005, 0.763756999, 0.763756999, 7.5770053e-006, -0.64550387, 1.29280058e-005, 1, 2.70344781e-005, 0.645503373, -4.40644702e-005, 0.763757418, 0.763757419, -5.35092117e-007, -0.645503373, 2.88524447e-005, 0.999999999, 3.33091623e-005, 0.185952075, -0.148386597, -0.200816455, 0, 0, 0, 0, 0, 0, 0, 0.206069238, -0.118956348, -0.170398242, 0, 0, 0, 0, 0, 0, 0, 1, 1, 1, 
39.5480781, 0.1, 0.1, 0.0993580145, 0.186812417, -0.0199684735, 0.645506334, 2.2957719e-005, 0.763754916, 0.763754917, -1.29778801e-005, -0.645506334, -4.90743332e-006, 1, -2.59113746e-005, 0.645505852, 3.92445462e-005, 0.763755323, 0.763755324, -5.10140158e-006, -0.645505853, -2.14363616e-005, 0.999999999, -3.32662156e-005, 0.185952075, -0.148386597, -0.200816455, 0, 0, 0, 0, 0, 0, 0, 0.206069238, -0.118956348, -0.170398242, 0, 0, 0, 0, 0, 0, 0, 1, 1, 1, 
39.5487908, 0.1, 0.1, 0.0993580218, 0.186812418, -0.0199684782, 0.645508807, -3.41703624e-005, 0.763752826, 0.763752826, 1.11236092e-005, -0.645508807, 1.35615819e-005, 0.999999999, 3.32780986e-005, 0.645508311, -4.99869162e-005, 0.763753244, 0.763753245, 1.70418997e-006, -0.645508312, 3.09653893e-005, 0.999999999, 3.92777383e-005, 0.185952075, -0.148386597, -0.200816455, 0, 0, 0, 0, 0, 0, 0, 0.206069238, -0.118956348, -0.170398242, 0, 0, 0, 0, 0, 0, 0, 1, 1, 1, 
39.5495156, 0.1, 0.1, 0.0993580167, 0.186812417, -0.0199685668, 0.64551133, 2.27741444e-005, 0.763750694, 0.763750694, -7.64169007e-006, -0.64551133, -8.86462216e-006, 1, -2.23265661e-005, 0.645510816, 3.86177273e-005, 0.763751128, 0.763751128, 9.50640519e-007, -0.645510816, -2.56542134e-005, 0.999999999, -2.88806841e-005, 0.185952075, -0.148386597, -0.200816455, 0, 0, 0, 0, 0, 0, 0, 0.206069238, -0.118956348, -0.170398242, 0, 0, 0, 0, 0, 0, 0, 1, 1, 1, 
39.550264, 0.1, 0.1, 0.0993580245, 0.186812417, -0.0199682523, 0.645513936, -3.34618909e-005, 0.763748491, 0.763748492, 1.27012899e-005, -0.645513936, 1.1899526e-005, 0.999999999, 3.37553283e-005, 0.64551345, -5.05933549e-005, 0.763748901, 0.763748902, 5.07735088e-006, -0.645513451, 2.878087e-005, 0.999999999, 4.19181176e-005, 0.18653855, -0.147712598, -0.200691553, 0, 0, 0, 0, 0, 0, 0, 0.206763623, -0.118569678, -0.170654199, 0, 0, 0, 0, 0, 0, 0, 1, 1, 1, 
39.5509736, 0.1, 0.1, 0.0993580186, 0.186812416, -0.019968065, 0.645516414, 2.9261725e-005, 0.763746397, 0.763746397, -1.27951657e-005, -0.645516414, -9.11666209e-006, 0.999999999, -3.06080265e-005, 0.645515926, 4.4069625e-005, 0.763746808, 0.763746809, -3.22031999e-006, -0.645515926, -2.59881357e-005, 0.999999999, -3.57368034e-005, 0.18653855, -0.147712598, -0.200691553, 0, 0, 0, 0, 0, 0, 0, 0.206763623, -0.118569678, -0.170654199, 0, 0, 0, 0, 0, 0, 0, 1, 1, 1, 
39.5516841, 0.1, 0.1, 0.0993580239, 0.186812418, -0.0199681935, 0.645518897, -2.30026629e-005, 0.763744298, 0.763744299, 5.52340008e-006, -0.645518897, 1.06301883e-005, 1, 2.11336118e-005, 0.645518413, -3.93145262e-005, 0.763744707, 0.763744707, -3.59637804e-006, -0.645518414, 2.81249653e-005, 0.999999999, 2.7704733e-005, 0.18653855, -0.147712598, -0.200691553, 0, 0, 0, 0, 0, 0, 0, 0.206763623, -0.118569678, -0.170654199, 0, 0, 0, 0, 0, 0, 0, 1, 1, 1, 
39.5524107, 0.1, 0.1, 0.099358016, 0.186812418, -0.0199684248, 0.645521438, 3.67510119e-005, 0.76374215, 0.76374215, -1.00876426e-005, -0.645521438, -1.60192082e-005, 0.999999999, -3.45800864e-005, 0.645520952, 5.24104197e-005, 0.76374256, 0.763742561, -3.2884314e-006, -0.645520953, -3.1320509e-005, 0.999999999, -4.21508195e-005, 0.18653855, -0.147712598, -0.200691553, 0, 0, 0, 0, 0, 0, 0, 0.206763623, -0.118569678, -0.170654199, 0, 0, 0, 0, 0, 0, 0, 1, 1, 1, 
39.5531208, 0.1, 0.1, 0.0993580205, 0.186812418, -0.0199687403, 0.645523904, -2.19496223e-005, 0.763740066, 0.763740066, 1.60013463e-005, -0.645523904, 1.94813658e-006, 1, 2.70930575e-005, 0.645523414, -3.6774522e-005, 0.763740479, 0.76374048, 7.05114887e-006, -0.645523415, 1.83535672e-005, 0.999999999, 3.26378728e-005, 0.18653855, -0.147712598, -0.200691553, 0, 0, 0, 0, 0, 0, 0, 0.206763623, -0.118569678, -0.170654199, 0, 0, 0, 0, 0, 0, 0, 1, 1, 1, 
39.5538301, 0.1, 0.1, 0.0993580139, 0.186812415, -0.0199691285, 0.645526369, 2.90684417e-005, 0.763737983, 0.763737983, -4.5755327e-006, -0.645526369, -1.52699375e-005, 1, -2.51543001e-005, 0.645525886, 4.50467724e-005, 0.76373839, 0.763738391, 4.99127823e-006, -0.645525887, -3.28908885e-005, 0.999999999, -3.11819501e-005, 0.18653855, -0.147712598, -0.200691553, 0, 0, 0, 0, 0, 0, 0, 0.206763623, -0.118569678, -0.170654199, 0, 0, 0, 0, 0, 0, 0, 1, 1, 1, 
39.5545504, 0.1, 0.1, 0.09935802, 0.186812416, -0.0199694184, 0.645528869, -2.90641772e-005, 0.763735869, 0.76373587, 9.85066316e-006, -0.645528869, 1.12384606e-005, 1, 2.85562421e-005, 0.645528382, -4.36405428e-005, 0.763736281, 0.763736281, 2.55890388e-006, -0.645528382, 2.62168813e-005, 0.999999999, 3.49817109e-005, 0.18653855, -0.147712598, -0.200691553, 0, 0, 0, 0, 0, 0, 0, 0.206763623, -0.118569678, -0.170654199, 0, 0, 0, 0, 0, 0, 0, 1, 1, 1, 
39.5552988, 0.1, 0.1, 0.0993580139, 0.186812415, -0.0199691033, 0.645531443, 2.48089367e-005, 0.763733694, 0.763733695, -1.50526722e-005, -0.645531443, -4.51871573e-006, 1, -2.8664394e-005, 0.645530938, 4.17904509e-005, 0.76373412, 0.763734121, -5.39579759e-006, -0.645530938, -2.28560743e-005, 0.999999999, -3.53999476e-005, 0.187019189, -0.146824268, -0.201138599, 0, 0, 0, 0, 0, 0, 0, 0.207178369, -0.118183008, -0.171275342, 0, 0, 0, 0, 0, 0, 0, 1, 1, 1, 
39.5560079, 0.1, 0.1, 0.0993580207, 0.186812418, -0.01996868, 0.645533898, -3.20943782e-005, 0.763731619, 0.763731619, 3.96159144e-006, -0.645533899, 1.76924165e-005, 0.999999999, 2.7068833e-005, 0.645533408, -4.76235982e-005, 0.763732032, 0.763732033, -5.65987628e-006, -0.645533409, 3.50652525e-005, 0.999999999, 3.27180282e-005, 0.187019189, -0.146824268, -0.201138599, 0, 0, 0, 0, 0, 0, 0, 0.207178369, -0.118183008, -0.171275342, 0, 0, 0, 0, 0, 0, 0, 1, 1, 1, 
39.5567147, 0.1, 0.1, 0.0993580156, 0.186812417, -0.0199684117, 0.645536341, 2.37394631e-005, 0.763729554, 0.763729555, -9.70295019e-006, -0.645536341, -7.91425629e-006, 1, -2.43941365e-005, 0.645535867, 3.91398919e-005, 0.763729954, 0.763729955, -3.08797409e-006, -0.645535868, -2.29078257e-005, 0.999999999, -3.18857059e-005, 0.187019189, -0.146824268, -0.201138599, 0, 0, 0, 0, 0, 0, 0, 0.207178369, -0.118183008, -0.171275342, 0, 0, 0, 0, 0, 0, 0, 1, 1, 1, 
39.5574917, 0.1, 0.1, 0.0993580236, 0.186812417, -0.0199678754, 0.645539012, -3.14309208e-005, 0.763727296, 0.763727297, 1.97862431e-005, -0.645539011, 5.17859156e-006, 0.999999999, 3.6777444e-005, 0.645538455, -5.0832147e-005, 0.763727766, 0.763727768, 9.80736896e-006, -0.645538455, 2.53239456e-005, 0.999999999, 4.51529559e-005, 0.187019189, -0.146824268, -0.201138599, 0, 0, 0, 0, 0, 0, 0, 0.207178369, -0.118183008, -0.171275342, 0, 0, 0, 0, 0, 0, 0, 1, 1, 1, 
39.5582138, 0.1, 0.1, 0.099358017, 0.186812414, -0.0199671865, 0.645541532, 3.0500113e-005, 0.763725166, 0.763725166, -5.60562862e-006, -0.645541532, -1.540793e-005, 1, -2.691237e-005, 0.645541045, 4.65437189e-005, 0.763725577, 0.763725578, 5.04367436e-006, -0.645541046, -3.38978641e-005, 0.999999999, -3.22907298e-005, 0.187852466, -0.146598828, -0.201963306, 0, 0, 0, 0, 0, 0, 0, 0.207508887, -0.118121484, -0.171818115, 0, 0, 0, 0, 0, 0, 0, 1, 1, 1, 
39.5589266, 0.1, 0.1, 0.0993580229, 0.186812415, -0.0199670673, 0.64554404, -2.67963917e-005, 0.763723047, 0.763723047, 7.83386713e-006, -0.64554404, 1.13153461e-005, 1, 2.55221282e-005, 0.645543546, -4.34935132e-005, 0.763723464, 0.763723464, 1.96499623e-007, -0.645543546, 2.79268854e-005, 0.999999999, 3.33438657e-005, 0.187852466, -0.146598828, -0.201963306, 0, 0, 0, 0, 0, 0, 0, 0.207508887, -0.118121484, -0.171818115, 0, 0, 0, 0, 0, 0, 0, 1, 1, 1, 
39.559644, 0.1, 0.1, 0.0993580161, 0.186812415, -0.019967514, 0.64554654, 3.16388008e-005, 0.763720933, 0.763720934, -1.6631559e-005, -0.64554654, -7.72244861e-006, 0.999999999, -3.48996598e-005, 0.645546039, 4.80696406e-005, 0.763721355, 0.763721357, -7.84905204e-006, -0.64554604, -2.50366775e-005, 0.999999999, -4.17787356e-005, 0.187852466, -0.146598828, -0.201963306, 0, 0, 0, 0, 0, 0, 0, 0.207508887, -0.118121484, -0.171818115, 0, 0, 0, 0, 0, 0, 0, 1, 1, 1, 
