time, realDorsalTactorPos, realVentralTactorPos, boxPosX, boxPosY, boxPosZ, boxLocalRot_11, boxLocalRot_12, boxLocalRot_13, boxLocalRot_21, boxLocalRot_22, boxLocalRot_23, boxLocalRot_31, boxLocalRot_32, boxLocalRot_33, boxGlobalRot_11, boxGlobalRot_12, boxGlobalRot_13], boxGlobalRot_21, boxGlobalRot_22, boxGlobalRot_23, boxGlobalRot_31, boxGlobalRot_32, boxGlobalRot_33, indexPosX, indexPosY, indexPosZ, indexContact, indexForceX, indexForceY, indexForceZ, indexForceGlobalX, indexForceGlobalY, indexForceGlobalZ, thumbPosX, thumbPosY, thumbPosZ, thumbContact, thumbForceX, thumbForceY, thumbForceZ, thumbForceGlobalX, thumbForceGlobalY, thumbForceGlobalZ, hoopSuccess, targetSuccess, trialSuccess, 
76.4262884, 0.1, 0.1, 0.113003437, 0.184580079, -0.0199684831, 0.979896947, 4.30748768e-005, 0.199504312, 0.199504313, -8.02997237e-006, -0.979896948, -4.06069262e-005, 0.999999999, -1.64621691e-005, 0.979896971, 4.36437416e-005, 0.199504196, 0.199504196, 1.96956174e-005, -0.979896972, -4.66957286e-005, 0.999999999, 1.05925662e-005, 0.230741992, -0.195506763, -0.166787744, 0, -0, 0, 0, 0, 0, 0, 0.27948457, -0.104960205, -0.125693896, 0, 0, 0, 0, 0, 0, 0, 1, 1, 1, 
76.445871, 0.1, 0.1, 0.113003468, 0.184580083, -0.0199599345, 0.979905791, 5.02652296e-005, 0.19946087, 0.199460872, -4.07006306e-005, -0.979905791, -4.11370064e-005, 0.999999998, -4.99087302e-005, 0.979905736, 3.46771848e-005, 0.199461142, 0.199461143, -1.95727178e-005, -0.979905736, -3.00763757e-005, 0.999999999, -2.60961693e-005, 0.234670312, -0.209519067, -0.15826311, 0, -0, 0, 0, 0, 0, 0, 0.28120166, -0.117617041, -0.119774219, 0, 0, 0, 0, 0, 0, 0, 1, 1, 1, 
76.446593, 0.1, 0.1, 0.113003467, 0.184580086, -0.0199638113, 0.979905997, -3.71403028e-005, 0.19945986, 0.199459861, 3.73270085e-005, -0.979905997, 2.89487655e-005, 0.999999999, 4.39849591e-005, 0.979905949, -2.97497169e-005, 0.199460097, 0.199460097, 1.57205179e-005, -0.979905949, 2.60163086e-005, 0.999999999, 2.13385104e-005, 0.234670312, -0.209519067, -0.15826311, 0, -0, 0, 0, 0, 0, 0, 0.28120166, -0.117617041, -0.119774219, 0, 0, 0, 0, 0, 0, 0, 1, 1, 1, 
76.4473076, 0.1, 0.1, 0.113003465, 0.18458008, -0.0199688516, 0.97990628, 4.85502536e-005, 0.199458469, 0.199458469, -1.02239993e-005, -0.979906281, -4.55354352e-005, 0.999999999, -1.97023204e-005, 0.979906214, 3.74542584e-005, 0.199458792, 0.199458792, 2.07923837e-005, -0.979906215, -4.08488843e-005, 0.999999999, 1.29040048e-005, 0.234670312, -0.209519067, -0.15826311, 0, -0, 0, 0, 0, 0, 0, 0.28120166, -0.117617041, -0.119774219, 0, 0, 0, 0, 0, 0, 0, 1, 1, 1, 
76.4480406, 0.1, 0.1, 0.113003463, 0.18458009, -0.0199735191, 0.979906674, -4.24265437e-005, 0.199456534, 0.199456532, -3.60986495e-005, -0.979906674, 4.87741649e-005, 0.999999998, -2.69110562e-005, 0.979906591, -1.93060259e-005, 0.199456945, 0.199456944, -4.98111694e-005, -0.97990659, 2.88532857e-005, 0.999999999, -4.49595722e-005, 0.234670312, -0.209519067, -0.15826311, 0, -0, 0, 0, 0, 0, 0, 0.281973779, -0.1189646, -0.118401318, 0, 0, 0, 0, 0, 0, 0, 1, 1, 1, 
76.4487563, 0.1, 0.1, 0.113003473, 0.184580083, -0.0199763088, 0.97990716, -2.62713154e-005, 0.19945415, 0.199454151, 6.48774467e-005, -0.979907158, 1.2803374e-005, 0.999999998, 6.88137974e-005, 0.979907056, -4.73301565e-005, 0.199454655, 0.199454657, 5.73542062e-005, -0.979907055, 3.49395909e-005, 0.999999997, 6.56420115e-005, 0.234670312, -0.209519067, -0.15826311, 0, -0, 0, 0, 0, 0, 0, 0.281973779, -0.1189646, -0.118401318, 0, 0, 0, 0, 0, 0, 0, 1, 1, 1, 
76.4494687, 0.1, 0.1, 0.113003466, 0.184580077, -0.0199767039, 0.979907718, 4.76235628e-005, 0.199451401, 0.199451402, -1.05922615e-005, -0.979907719, -4.45540554e-005, 0.999999999, -1.98780251e-005, 0.979907601, 4.91332276e-005, 0.199451976, 0.199451976, 9.62528906e-006, -0.979907602, -5.00658062e-005, 0.999999999, -3.67825435e-007, 0.234670312, -0.209519067, -0.15826311, 0, -0, 0, 0, 0, 0, 0, 0.281973779, -0.1189646, -0.118401318, 0, 0, 0, 0, 0, 0, 0, 1, 1, 1, 
76.4501941, 0.1, 0.1, 0.113003467, 0.184580082, -0.0199746031, 0.979908349, -4.49342198e-005, 0.199448302, 0.199448302, -2.51353642e-006, -0.97990835, 4.45327378e-005, 0.999999999, 6.49901854e-006, 0.979908222, -3.2637706e-005, 0.199448928, 0.199448927, -2.14894532e-005, -0.979908223, 3.62680049e-005, 0.999999999, -1.45481365e-005, 0.235821533, -0.21008335, -0.156807202, 0, -0, 0, 0, 0, 0, 0, 0.281973779, -0.1189646, -0.118401318, 0, 0, 0, 0, 0, 0, 0, 1, 1, 1, 
76.4509092, 0.1, 0.1, 0.113003469, 0.184580082, -0.0199709363, 0.979908993, 3.29576562e-005, 0.199445142, 0.199445143, -1.33110587e-005, -0.979908993, -2.96406777e-005, 0.999999999, -1.96168705e-005, 0.979908863, 1.22446997e-005, 0.199445783, 0.199445782, 5.6552483e-006, -0.979908863, -1.31266052e-005, 1, 3.09947421e-006, 0.235821533, -0.21008335, -0.156807202, 0, -0, 0, 0, 0, 0, 0, 0.281973779, -0.1189646, -0.118401318, 0, 0, 0, 0, 0, 0, 0, 1, 1, 1, 
76.451618, 0.1, 0.1, 0.113003466, 0.184580085, -0.0199669669, 0.979909622, -2.35903905e-005, 0.199442053, 0.199442053, 1.66446652e-005, -0.979909622, 1.97968045e-005, 1, 2.10151835e-005, 0.979909495, -5.78050992e-006, 0.199442675, 0.199442675, -8.74211835e-006, -0.979909495, 7.40792803e-006, 1, -7.41360442e-006, 0.235821533, -0.21008335, -0.156807202, 0, -0, 0, 0, 0, 0, 0, 0.281973779, -0.1189646, -0.118401318, 0, 0, 0, 0, 0, 0, 0, 1, 1, 1, 
76.4523314, 0.1, 0.1, 0.113003467, 0.184580081, -0.01996383, 0.979910261, 1.35389435e-005, 0.199438913, 0.199438913, -1.35284727e-005, -0.979910261, -1.05688458e-005, 1, -1.59568814e-005, 0.979910132, 1.19470872e-005, 0.199439547, 0.199439546, 1.6761819e-005, -0.979910132, -1.50500414e-005, 1, 1.40423547e-005, 0.235821533, -0.21008335, -0.156807202, 0, -0, 0, 0, 0, 0, 0, 0.281973779, -0.1189646, -0.118401318, 0, 0, 0, 0, 0, 0, 0, 1, 1, 1, 
76.4530731, 0.1, 0.1, 0.113003465, 0.184580085, -0.0199620692, 0.979910917, 1.93232775e-005, 0.199435691, 0.19943569, 2.78884754e-005, -0.979910917, -2.44970479e-005, 0.999999999, 2.34744703e-005, 0.979910805, 1.94530203e-005, 0.19943624, 0.19943624, -4.24222506e-006, -0.979910805, -1.82161714e-005, 1, -8.03663941e-006, 0.237212476, -0.210039551, -0.15537229, 0, -0, 0, 0, 0, 0, 0, 0.282745898, -0.120320459, -0.117026709, 0, 0, 0, 0, 0, 0, 0, 1, 1, 1, 
76.4537866, 0.1, 0.1, 0.113003469, 0.184580081, -0.0199625067, 0.979911366, -4.1698725e-005, 0.199433478, 0.199433477, -2.18175736e-005, -0.979911367, 4.52122092e-005, 0.999999999, -1.30631667e-005, 0.979911293, -4.6059854e-005, 0.199433839, 0.19943384, 9.44923459e-006, -0.979911294, 4.3250074e-005, 0.999999999, 1.84453052e-005, 0.237212476, -0.210039551, -0.15537229, 0, -0, 0, 0, 0, 0, 0, 0.282745898, -0.120320459, -0.117026709, 0, 0, 0, 0, 0, 0, 0, 1, 1, 1, 
76.4544987, 0.1, 0.1, 0.113003466, 0.184580085, -0.0199648338, 0.979911617, 4.32553392e-005, 0.199432248, 0.199432247, 2.38446184e-005, -0.979911618, -4.71417953e-005, 0.999999999, 1.4739109e-005, 0.979911583, 4.18847805e-005, 0.199432413, 0.199432413, -4.74962372e-006, -0.979911584, -4.00961527e-005, 0.999999999, -1.30073941e-005, 0.237212476, -0.210039551, -0.15537229, 0, -0, 0, 0, 0, 0, 0, 0.282745898, -0.120320459, -0.117026709, 0, 0, 0, 0, 0, 0, 0, 1, 1, 1, 
76.455211, 0.1, 0.1, 0.113003467, 0.184580081, -0.0199682351, 0.979911709, -5.23400116e-005, 0.199431793, 0.199431792, -2.43714163e-005, -0.97991171, 5.61490255e-005, 0.999999998, -1.34435739e-005, 0.979911705, -3.57348931e-005, 0.199431818, 0.199431818, 5.51395722e-006, -0.979911705, 3.39173815e-005, 0.999999999, 1.25298659e-005, 0.237212476, -0.210039551, -0.15537229, 0, -0, 0, 0, 0, 0, 0, 0.282745898, -0.120320459, -0.117026709, 0, 0, 0, 0, 0, 0, 0, 1, 1, 1, 
76.4559229, 0.1, 0.1, 0.113003475, 0.184580088, -0.0199716653, 0.979911715, -4.54424743e-006, 0.199431771, 0.199431771, 5.83729527e-007, -0.979911715, 4.33654708e-006, 1, 1.47827072e-006, 0.979911717, -2.959908e-005, 0.199431759, 0.199431758, -2.56608709e-005, -0.979911717, 3.41220779e-005, 0.999999999, -1.92423915e-005, 0.237212476, -0.210039551, -0.15537229, 0, -0, 0, 0, 0, 0, 0, 0.282745898, -0.120320459, -0.117026709, 0, 0, 0, 0, 0, 0, 0, 1, 1, 1, 
76.4566337, 0.1, 0.1, 0.113003462, 0.184580085, -0.0199740767, 0.979911786, 7.68286455e-005, 0.199431404, 0.199431404, 6.99522056e-006, -0.979911789, -7.66803622e-005, 0.999999997, -8.46734556e-006, 0.979911766, 8.02260091e-005, 0.199431504, 0.199431504, 1.27012787e-005, -0.979911769, -8.11474456e-005, 0.999999997, -3.55346118e-006, 0.237212476, -0.210039551, -0.15537229, 0, -0, 0, 0, 0, 0, 0, 0.282745898, -0.120320459, -0.117026709, 0, 0, 0, 0, 0, 0, 0, 1, 1, 1, 
76.457353, 0.1, 0.1, 0.11300346, 0.184580085, -0.019974804, 0.979911866, -5.04374906e-005, 0.19943102, 0.199431019, -2.24648108e-005, -0.979911868, 5.39044757e-005, 0.999999998, -1.19547345e-005, 0.979911865, -2.67981371e-005, 0.199431031, 0.199431031, -4.10672972e-006, -0.979911865, 2.70788218e-005, 1, 1.32014693e-006, 0.237212476, -0.210039551, -0.15537229, 0, -0, 0, 0, 0, 0, 0, 0.282745898, -0.120320459, -0.117026709, 0, 0, 0, 0, 0, 0, 0, 1, 1, 1, 
76.4583561, 0.1, 0.1, 0.113003474, 0.18458009, -0.019970846, 0.979911942, -1.18815634e-005, 0.199430653, 0.199430653, -1.14584197e-005, -0.979911942, 1.39280459e-005, 1, -8.85869434e-006, 0.979911914, -4.89883769e-005, 0.199430788, 0.199430788, -6.6102619e-006, -0.979911915, 4.9322584e-005, 0.999999999, 3.29231621e-006, 0.237998389, -0.21126355, -0.153304761, 0, -0, 0, 0, 0, 0, 0, 0.283512646, -0.121881006, -0.11541543, 0, 0, 0, 0, 0, 0, 0, 1, 1, 1, 
76.4595023, 0.1, 0.1, 0.113003458, 0.184580085, -0.0199579629, 0.979911957, 1.95562025e-005, 0.199430579, 0.199430579, 8.30879528e-006, -0.979911957, -2.08203845e-005, 1, 4.24178306e-006, 0.979911946, 5.69025285e-005, 0.199430626, 0.199430626, 1.15478093e-005, -0.979911948, -5.80624544e-005, 0.999999998, -3.22705838e-008, 0.237998389, -0.21126355, -0.153304761, 0, -0, 0, 0, 0, 0, 0, 0.283512646, -0.121881006, -0.11541543, 0, 0, 0, 0, 0, 0, 0, 1, 1, 1, 
76.4606818, 0.1, 0.1, 0.113003471, 0.184580087, -0.0199424486, 0.979912046, 2.20888954e-005, 0.199430142, 0.199430142, 1.12634931e-006, -0.979912046, -2.18698027e-005, 1, -3.30146829e-006, 0.979912009, -4.01057285e-005, 0.199430321, 0.199430322, 1.67278087e-005, -0.97991201, 3.59640527e-005, 0.999999999, 2.43900789e-005, 0.239158154, -0.212441406, -0.152279712, 0, -0, 0, 0, 0, 0, 0, 0.283916504, -0.123326807, -0.114644141, 0, 0, 0, 0, 0, 0, 0, 1, 1, 1, 
76.4618242, 0.1, 0.1, 0.113003466, 0.184580083, -0.0199326527, 0.97991207, 1.35995832e-005, 0.199430024, 0.199430024, 2.13265268e-006, -0.97991207, -1.37517107e-005, 1, -6.22353089e-007, 0.979912087, -1.2585191e-005, 0.199429939, 0.199429939, -4.43516404e-006, -0.979912088, 1.32168853e-005, 1, -1.83620697e-006, 0.239158154, -0.212441406, -0.152279712, 0, -0, 0, 0, 0, 0, 0, 0.283916504, -0.123326807, -0.114644141, 0, 0, 0, 0, 0, 0, 0, 1, 1, 1, 
76.4629614, 0.1, 0.1, 0.113003469, 0.184580079, -0.0199319648, 0.979911838, 4.55360813e-005, 0.199431161, 0.199431159, 3.92001912e-005, -0.979911838, -5.24390848e-005, 0.999999998, 2.93314179e-005, 0.979911904, -9.89506677e-006, 0.199430841, 0.199430841, -6.27337222e-006, -0.979911904, 1.09473976e-005, 1, -4.17397062e-006, 0.239158154, -0.212441406, -0.152279712, 0, -0, 0, 0, 0, 0, 0, 0.283916504, -0.123326807, -0.114644141, 0, 0, 0, 0, 0, 0, 0, 1, 1, 1, 
76.4639536, 0.1, 0.1, 0.113003463, 0.184580075, -0.019939163, 0.979911671, -6.11811867e-005, 0.199431976, 0.199431977, 8.21983494e-006, -0.979911673, 5.83128611e-005, 0.999999998, 2.02561972e-005, 0.97991169, -3.59538807e-005, 0.199431889, 0.199431889, 1.28593527e-005, -0.979911691, 3.2667063e-005, 0.999999999, 1.97713804e-005, 0.239158154, -0.212441406, -0.152279712, 0, -0, 0, 0, 0, 0, 0, 0.283916504, -0.123326807, -0.114644141, 0, 0, 0, 0, 0, 0, 0, 1, 1, 1, 
76.4646681, 0.1, 0.1, 0.113003463, 0.184580082, -0.0199520144, 0.979911501, 6.44496094e-005, 0.199432812, 0.199432814, -1.55223124e-005, -0.979911502, -6.00592552e-005, 0.999999998, -2.80638594e-005, 0.979911552, 3.9194206e-005, 0.199432569, 0.19943257, -3.87024619e-005, -0.979911551, -3.06883238e-005, 0.999999998, -4.57415908e-005, 0.239158154, -0.212441406, -0.152279712, 0, -0, 0, 0, 0, 0, 0, 0.283916504, -0.123326807, -0.114644141, 0, 0, 0, 0, 0, 0, 0, 1, 1, 1, 
76.4654001, 0.1, 0.1, 0.113003454, 0.184580078, -0.0199688984, 0.979911182, -8.56263485e-006, 0.19943439, 0.19943439, -3.84351896e-007, -0.979911182, 8.46727462e-006, 1, 1.33105313e-006, 0.979911255, 2.59753091e-005, 0.199434029, 0.199434028, 2.43793207e-005, -0.979911255, -3.03155638e-005, 0.999999999, 1.87092102e-005, 0.239158154, -0.212441406, -0.152279712, 0, -0, 0, 0, 0, 0, 0, 0.283916504, -0.123326807, -0.114644141, 0, 0, 0, 0, 0, 0, 0, 1, 1, 1, 
76.4661293, 0.1, 0.1, 0.113003463, 0.184580089, -0.0199837562, 0.979910811, -4.16545718e-005, 0.199436208, 0.199436205, -5.5849087e-005, -0.979910811, 5.19560954e-005, 0.999999998, -4.64196944e-005, 0.979910879, -4.74436082e-005, 0.199435871, 0.199435868, -6.01479595e-005, -0.979910879, 5.84861685e-005, 0.999999997, -4.94776827e-005, 0.240113721, -0.21388999, -0.151283716, 0, -0, 0, 0, 0, 0, 0, 0.284298633, -0.124745996, -0.114076074, 0, 0, 0, 0, 0, 0, 0, 1, 1, 1, 
76.4668462, 0.1, 0.1, 0.113003463, 0.184580091, -0.0199923643, 0.979910477, 2.87324486e-005, 0.199437849, 0.199437848, 2.27983821e-005, -0.979910478, -3.27020877e-005, 0.999999999, 1.66100358e-005, 0.979910543, 1.43777973e-005, 0.199437529, 0.199437529, 5.39754335e-006, -0.979910543, -1.51654279e-005, 1, 2.42163727e-006, 0.240113721, -0.21388999, -0.151283716, 0, -0, 0, 0, 0, 0, 0, 0.284298633, -0.124745996, -0.114076074, 0, 0, 0, 0, 0, 0, 0, 1, 1, 1, 
76.467556, 0.1, 0.1, 0.113003453, 0.18458008, -0.0199932455, 0.979910184, 5.32885599e-005, 0.199439283, 0.199439279, 6.31614165e-005, -0.979910185, -6.48148702e-005, 0.999999997, 5.12646833e-005, 0.97991024, 5.47479429e-005, 0.199439011, 0.199439007, 6.091389e-005, -0.97991024, -6.57966758e-005, 0.999999997, 4.87712691e-005, 0.240113721, -0.21388999, -0.151283716, 0, -0, 0, 0, 0, 0, 0, 0.284298633, -0.124745996, -0.114076074, 0, 0, 0, 0, 0, 0, 0, 1, 1, 1, 
76.4682851, 0.1, 0.1, 0.113003447, 0.184580071, -0.0199865657, 0.979909902, -2.53289559e-006, 0.199440676, 0.199440676, 1.62609053e-005, -0.979909902, -7.6107647e-007, 1, 1.64393845e-005, 0.979909962, 1.50443534e-005, 0.199440384, 0.199440383, 3.64113219e-005, -0.979909961, -2.20039998e-005, 0.999999999, 3.26793655e-005, 0.240113721, -0.21388999, -0.151283716, 0, -0, 0, 0, 0, 0, 0, 0.284298633, -0.124745996, -0.114076074, 0, 0, 0, 0, 0, 0, 0, 1, 1, 1, 
76.4690183, 0.1, 0.1, 0.113003455, 0.184580077, -0.0199748526, 0.97990964, -3.70387575e-005, 0.199441964, 0.199441963, -2.3541547e-005, -0.97990964, 4.09898079e-005, 0.999999999, -1.56815063e-005, 0.979909687, -4.41257484e-005, 0.199441727, 0.199441726, -3.35173087e-005, -0.979909688, 4.99239983e-005, 0.999999998, -2.404342e-005, 0.240113721, -0.21388999, -0.151283716, 0, -0, 0, 0, 0, 0, 0, 0.284159326, -0.126389893, -0.113471143, 0, 0, 0, 0, 0, 0, 0, 1, 1, 1, 
76.469736, 0.1, 0.1, 0.113003452, 0.184580077, -0.0199626683, 0.979909459, 1.87951135e-005, 0.199442852, 0.199442852, -9.91387591e-006, -0.979909459, -1.64402578e-005, 1, -1.34632518e-005, 0.979909486, 2.69127302e-005, 0.199442718, 0.199442719, -5.63513981e-006, -0.979909487, -2.52481521e-005, 1, -1.0889475e-005, 0.240113721, -0.21388999, -0.151283716, 0, -0, 0, 0, 0, 0, 0, 0.284159326, -0.126389893, -0.113471143, 0, 0, 0, 0, 0, 0, 0, 1, 1, 1, 
76.4704491, 0.1, 0.1, 0.113003452, 0.184580074, -0.0199535662, 0.979909387, 2.01321723e-005, 0.199443207, 0.199443207, 1.66843146e-006, -0.979909387, -2.00604619e-005, 1, -2.38031337e-006, 0.979909392, 1.0883507e-005, 0.199443181, 0.199443181, 2.22105408e-005, -0.979909392, -1.50945917e-005, 1, 1.95936763e-005, 0.240113721, -0.21388999, -0.151283716, 0, -0, 0, 0, 0, 0, 0, 0.284159326, -0.126389893, -0.113471143, 0, 0, 0, 0, 0, 0, 0, 1, 1, 1, 
76.4711782, 0.1, 0.1, 0.113003453, 0.184580075, -0.0199495522, 0.979909388, 6.82409428e-006, 0.199443202, 0.199443202, -1.04969799e-006, -0.979909388, -6.47763892e-006, 1, -2.38962813e-006, 0.979909385, -1.81167705e-005, 0.199443215, 0.199443215, 5.10489867e-007, -0.979909386, 1.76509797e-005, 1, 4.11350077e-006, 0.240137988, -0.21570791, -0.150008203, 0, -0, 0, 0, 0, 0, 0, 0.284159326, -0.126389893, -0.113471143, 0, 0, 0, 0, 0, 0, 0, 1, 1, 1, 
76.4719012, 0.1, 0.1, 0.113003455, 0.184580078, -0.0199517017, 0.979909383, -1.74601905e-005, 0.199443228, 0.199443227, -2.08705668e-005, -0.979909383, 2.12718977e-005, 1, -1.69689474e-005, 0.979909383, -2.32271538e-005, 0.199443225, 0.199443224, -3.23786521e-005, -0.979909383, 2.92182088e-005, 0.999999999, -2.70956466e-005, 0.240137988, -0.21570791, -0.150008203, 0, -0, 0, 0, 0, 0, 0, 0.284159326, -0.126389893, -0.113471143, 0, 0, 0, 0, 0, 0, 0, 1, 1, 1, 
76.4726141, 0.1, 0.1, 0.113003455, 0.184580078, -0.0199587104, 0.97990938, -1.89003105e-005, 0.199443241, 0.199443241, -1.78413598e-005, -0.97990938, 2.20789301e-005, 1, -1.37133767e-005, 0.979909381, -1.45187428e-005, 0.199443238, 0.199443238, -1.12554611e-005, -0.979909381, 1.64718779e-005, 1, -8.13366681e-006, 0.240137988, -0.21570791, -0.150008203, 0, -0, 0, 0, 0, 0, 0, 0.284159326, -0.126389893, -0.113471143, 0, 0, 0, 0, 0, 0, 0, 1, 1, 1, 
76.4733414, 0.1, 0.1, 0.113003455, 0.184580076, -0.0199681579, 0.979909378, -4.32919498e-006, 0.199443254, 0.199443254, -3.27841148e-006, -0.979909378, 4.89607581e-006, 1, -2.34911742e-006, 0.979909378, 5.6271997e-006, 0.199443255, 0.199443254, 1.39693597e-005, -0.979909377, -8.30024031e-006, 1, 1.25663995e-005, 0.239619458, -0.216855371, -0.148872681, 0, -0, 0, 0, 0, 0, 0, 0.284159326, -0.126389893, -0.113471143, 0, 0, 0, 0, 0, 0, 0, 1, 1, 1, 
76.4740676, 0.1, 0.1, 0.113003454, 0.184580075, -0.0199765776, 0.979909374, 1.17783065e-005, 0.199443272, 0.199443272, 1.1218264e-005, -0.979909374, -1.37790803e-005, 1, 8.64377808e-006, 0.979909375, 1.36380587e-005, 0.199443269, 0.199443269, 1.51068237e-005, -0.979909375, -1.63770158e-005, 1, 1.20832992e-005, 0.239619458, -0.216855371, -0.148872681, 0, -0, 0, 0, 0, 0, 0, 0.28407666, -0.127913574, -0.112229443, 0, 0, 0, 0, 0, 0, 0, 1, 1, 1, 
76.4747796, 0.1, 0.1, 0.113003456, 0.184580076, -0.0199818143, 0.979909399, -2.00042509e-005, 0.199443149, 0.19944315, 5.47371099e-006, -0.979909399, 1.85106593e-005, 1, 9.35345165e-006, 0.97990939, -2.35556472e-005, 0.199443193, 0.199443193, 2.03227595e-006, -0.97990939, 2.26770763e-005, 1, 6.68945977e-006, 0.239619458, -0.216855371, -0.148872681, 0, -0, 0, 0, 0, 0, 0, 0.28407666, -0.127913574, -0.112229443, 0, 0, 0, 0, 0, 0, 0, 1, 1, 1, 
76.475492, 0.1, 0.1, 0.113003454, 0.184580075, -0.0199828519, 0.979909445, 1.40447321e-005, 0.199442925, 0.199442924, 8.86841983e-006, -0.979909445, -1.55313092e-005, 1, 5.88912591e-006, 0.979909438, 1.84802967e-005, 0.199442959, 0.199442959, 1.79904236e-006, -0.979909438, -1.84678234e-005, 1, -1.92286646e-006, 0.239619458, -0.216855371, -0.148872681, 0, -0, 0, 0, 0, 0, 0, 0.28407666, -0.127913574, -0.112229443, 0, 0, 0, 0, 0, 0, 0, 1, 1, 1, 
76.4762051, 0.1, 0.1, 0.113003455, 0.184580076, -0.0199796263, 0.979909448, -7.45815801e-006, 0.19944291, 0.19944291, -7.31156119e-006, -0.979909448, 8.76655853e-006, 1, -5.67719114e-006, 0.979909449, -1.28269894e-005, 0.199442901, 0.199442901, -1.17752888e-005, -0.97990945, 1.49177858e-005, 1, -8.9804648e-006, 0.239619458, -0.216855371, -0.148872681, 0, -0, 0, 0, 0, 0, 0, 0.28407666, -0.127913574, -0.112229443, 0, 0, 0, 0, 0, 0, 0, 1, 1, 1, 
76.4769213, 0.1, 0.1, 0.113003454, 0.184580076, -0.0199733735, 0.97990944, -2.34053043e-006, 0.19944295, 0.19944295, -1.58131496e-005, -0.979909439, 5.44732906e-006, 1, -1.50286522e-005, 0.979909441, -1.19510391e-006, 0.199442944, 0.199442944, -1.16858137e-005, -0.979909441, 3.50174668e-006, 1, -1.12126841e-005, 0.239619458, -0.216855371, -0.148872681, 0, -0, 0, 0, 0, 0, 0, 0.28407666, -0.127913574, -0.112229443, 0, 0, 0, 0, 0, 0, 0, 1, 1, 1, 
76.4776329, 0.1, 0.1, 0.113003454, 0.184580077, -0.0199662962, 0.979909431, -8.2799669e-006, 0.199442989, 0.199442989, -1.49940366e-005, -0.979909431, 1.11040731e-005, 1, -1.30414166e-005, 0.979909432, 1.93117996e-006, 0.199442988, 0.199442988, 4.08394266e-006, -0.979909432, -2.70689519e-006, 1, 3.61673363e-006, 0.239619458, -0.216855371, -0.148872681, 0, -0, 0, 0, 0, 0, 0, 0.28407666, -0.127913574, -0.112229443, 0, 0, 0, 0, 0, 0, 0, 1, 1, 1, 
76.4783582, 0.1, 0.1, 0.113003452, 0.184580076, -0.0199604176, 0.979909426, 1.49271746e-005, 0.199443017, 0.199443017, 1.08625888e-005, -0.979909426, -1.67937465e-005, 1, 7.66723246e-006, 0.979909427, 1.99063247e-005, 0.199443011, 0.199443011, 1.89198914e-005, -0.979909427, -2.32798354e-005, 1, 1.45696026e-005, 0.239619458, -0.216855371, -0.148872681, 0, -0, 0, 0, 0, 0, 0, 0.28407666, -0.127913574, -0.112229443, 0, 0, 0, 0, 0, 0, 0, 1, 1, 1, 
76.4790849, 0.1, 0.1, 0.113003452, 0.184580077, -0.0199572429, 0.979909418, -1.32280883e-006, 0.199443054, 0.199443054, 2.22833842e-005, -0.979909418, -3.14803337e-006, 1, 2.20995231e-005, 0.979909419, -7.56301171e-006, 0.19944305, 0.19944305, 1.36799846e-005, -0.979909419, 4.68268854e-006, 1, 1.49135359e-005, 0.239563647, -0.218234253, -0.147749976, 0, -0, 0, 0, 0, 0, 0, 0.283942236, -0.129610449, -0.111174365, 0, 0, 0, 0, 0, 0, 0, 1, 1, 1, 
76.4798081, 0.1, 0.1, 0.113003452, 0.184580076, -0.01995773, 0.979909409, -2.6319256e-006, 0.199443099, 0.199443099, 1.74841319e-005, -0.979909409, -9.08040782e-007, 1, 1.76577847e-005, 0.979909413, 7.85321227e-006, 0.19944308, 0.19944308, -2.41668048e-006, -0.979909413, -7.21344643e-006, 1, -3.93439679e-006, 0.239563647, -0.218234253, -0.147749976, 0, -0, 0, 0, 0, 0, 0, 0.283942236, -0.129610449, -0.111174365, 0, 0, 0, 0, 0, 0, 0, 1, 1, 1, 
76.4805224, 0.1, 0.1, 0.113003453, 0.184580075, -0.0199614309, 0.979909338, 1.37912801e-005, 0.199443449, 0.199443449, -1.95804611e-007, -0.979909338, -1.34751522e-005, 1, -2.94245124e-006, 0.979909358, 7.35466416e-006, 0.199443349, 0.199443349, -7.74208644e-006, -0.979909358, -5.66279659e-006, 1, -9.05338181e-006, 0.239563647, -0.218234253, -0.147749976, 0, -0, 0, 0, 0, 0, 0, 0.283942236, -0.129610449, -0.111174365, 0, 0, 0, 0, 0, 0, 0, 1, 1, 1, 
76.4812616, 0.1, 0.1, 0.113003453, 0.184580074, -0.0199671468, 0.979909193, 1.52231689e-005, 0.199444158, 0.199444159, -8.5594688e-006, -0.979909194, -1.32101871e-005, 1, -1.14236743e-005, 0.97990923, -3.71132895e-006, 0.199443982, 0.199443982, -5.71244036e-006, -0.979909229, 4.77607735e-006, 1, -4.8574708e-006, 0.240244946, -0.219223535, -0.146696362, 0, -0, 0, 0, 0, 0, 0, 0.283942236, -0.129610449, -0.111174365, 0, 0, 0, 0, 0, 0, 0, 1, 1, 1, 
76.4819774, 0.1, 0.1, 0.113003453, 0.184580075, -0.0199726011, 0.979909, -3.07247166e-005, 0.199445107, 0.199445106, -1.68101452e-005, -0.979909001, 3.34601276e-005, 0.999999999, -1.03445182e-005, 0.979909045, -2.17281119e-005, 0.19944489, 0.19944489, -8.27158151e-007, -0.979909045, 2.14565459e-005, 1, 3.52302113e-006, 0.240244946, -0.219223535, -0.146696362, 0, -0, 0, 0, 0, 0, 0, 0.284299463, -0.130869385, -0.110127832, 0, 0, 0, 0, 0, 0, 0, 1, 1, 1, 
76.4826888, 0.1, 0.1, 0.113003455, 0.184580075, -0.0199765602, 0.979908787, 1.42310262e-005, 0.199446153, 0.199446153, 2.76361317e-005, -0.979908787, -1.94570278e-005, 1, 2.42425649e-005, 0.979908828, 2.91868025e-006, 0.199445956, 0.199445956, 1.59972392e-005, -0.979908828, -6.0506252e-006, 1, 1.50937169e-005, 0.240244946, -0.219223535, -0.146696362, 0, -0, 0, 0, 0, 0, 0, 0.284299463, -0.130869385, -0.110127832, 0, 0, 0, 0, 0, 0, 0, 1, 1, 1, 
76.4834002, 0.1, 0.1, 0.113003453, 0.184580074, -0.0199779821, 0.979908609, -6.72930262e-006, 0.19944703, 0.19944703, -2.49298161e-005, -0.979908609, 1.15662794e-005, 1, -2.3086802e-005, 0.979908642, -9.08690718e-008, 0.199446866, 0.199446866, -1.21727256e-005, -0.979908642, 2.51685536e-006, 1, -1.19100354e-005, 0.240244946, -0.219223535, -0.146696362, 0, -0, 0, 0, 0, 0, 0, 0.284299463, -0.130869385, -0.110127832, 0, 0, 0, 0, 0, 0, 0, 1, 1, 1, 
76.4841114, 0.1, 0.1, 0.113003453, 0.184580075, -0.0199766167, 0.979908441, 7.50981379e-007, 0.199447857, 0.199447857, 1.91236563e-005, -0.979908441, -4.55006526e-006, 1, 1.85896506e-005, 0.979908477, 5.96661843e-006, 0.199447677, 0.199447677, 9.71215722e-006, -0.979908477, -7.78380718e-006, 1, 8.32699701e-006, 0.240244946, -0.219223535, -0.146696362, 0, -0, 0, 0, 0, 0, 0, 0.284299463, -0.130869385, -0.110127832, 0, 0, 0, 0, 0, 0, 0, 1, 1, 1, 
76.4848275, 0.1, 0.1, 0.113003453, 0.184580074, -0.0199730143, 0.979908236, 1.53723895e-005, 0.199448863, 0.199448863, 7.98470583e-007, -0.979908236, -1.52227852e-005, 1, -2.28357772e-006, 0.97990828, 1.16656111e-005, 0.199448647, 0.199448648, -3.25974145e-006, -0.97990828, -1.07810779e-005, 1, -5.520938e-006, 0.240244946, -0.219223535, -0.146696362, 0, -0, 0, 0, 0, 0, 0, 0.284299463, -0.130869385, -0.110127832, 0, 0, 0, 0, 0, 0, 0, 1, 1, 1, 
76.4855466, 0.1, 0.1, 0.113003452, 0.184580074, -0.0199682972, 0.979907999, 1.6496362e-005, 0.199450027, 0.199450027, -1.54833766e-005, -0.979907999, -1.30767572e-005, 1, -1.84624845e-005, 0.979908049, 2.31103811e-007, 0.199449781, 0.199449781, -1.28723708e-005, -0.979908049, 2.34093105e-006, 1, -1.26598334e-005, 0.240244946, -0.219223535, -0.146696362, 0, -0, 0, 0, 0, 0, 0, 0.284299463, -0.130869385, -0.110127832, 0, 0, 0, 0, 0, 0, 0, 1, 1, 1, 
76.4862799, 0.1, 0.1, 0.113003451, 0.184580075, -0.0199638851, 0.979907721, -5.18626504e-006, 0.199451393, 0.199451393, 6.61531376e-007, -0.979907721, 4.9501178e-006, 1, 1.68264749e-006, 0.979907776, -1.08675087e-005, 0.199451121, 0.199451121, -4.83785766e-006, -0.979907776, 1.16140724e-005, 1, -2.57311756e-006, 0.24155376, -0.221104565, -0.144238379, 0, -0, 0, 0, 0, 0, 0, 0.284299463, -0.130869385, -0.110127832, 0, 0, 0, 0, 0, 0, 0, 1, 1, 1, 
76.4870114, 0.1, 0.1, 0.11300345, 0.184580073, -0.0199609388, 0.979907445, -1.4571752e-005, 0.199452749, 0.199452749, 4.44907478e-006, -0.979907445, 1.33915881e-005, 1, 7.26605749e-006, 0.979907502, -1.04702656e-005, 0.199452469, 0.199452469, 1.52719237e-005, -0.979907502, 7.21386891e-006, 1, 1.70533929e-005, 0.24155376, -0.221104565, -0.144238379, 0, -0, 0, 0, 0, 0, 0, 0.284805859, -0.132559668, -0.108265234, 0, 0, 0, 0, 0, 0, 0, 1, 1, 1, 
76.4877225, 0.1, 0.1, 0.113003449, 0.184580074, -0.0199606272, 0.979907133, -1.51248114e-005, 0.19945428, 0.199454281, 2.60537049e-005, -0.979907133, 9.62438765e-006, 1, 2.85469197e-005, 0.979907197, 1.02894501e-005, 0.199453966, 0.199453966, 1.49603481e-006, -0.979907197, -1.03810963e-005, 1, -5.86296356e-007, 0.24155376, -0.221104565, -0.144238379, 0, -0, 0, 0, 0, 0, 0, 0.284805859, -0.132559668, -0.108265234, 0, 0, 0, 0, 0, 0, 0, 1, 1, 1, 
76.4884367, 0.1, 0.1, 0.11300345, 0.18458007, -0.0199628074, 0.979906869, 6.38117612e-006, 0.199455579, 0.199455579, -2.35845324e-005, -0.979906869, -1.54889174e-006, 1, -2.43834065e-005, 0.97990691, 7.07241138e-006, 0.199455377, 0.199455377, 1.16340673e-005, -0.97990691, -9.25078205e-006, 1, 9.98967245e-006, 0.24155376, -0.221104565, -0.144238379, 0, -0, 0, 0, 0, 0, 0, 0.284805859, -0.132559668, -0.108265234, 0, 0, 0, 0, 0, 0, 0, 1, 1, 1, 
76.4891656, 0.1, 0.1, 0.11300345, 0.184580078, -0.0199667181, 0.979906712, 2.18510344e-005, 0.199456349, 0.199456349, -6.41642306e-007, -0.979906712, -2.12839957e-005, 1, -4.98707715e-006, 0.979906743, 1.64506264e-006, 0.199456197, 0.199456197, -3.40671314e-005, -0.979906743, 5.18289249e-006, 0.999999999, -3.37107297e-005, 0.24155376, -0.221104565, -0.144238379, 0, -0, 0, 0, 0, 0, 0, 0.284805859, -0.132559668, -0.108265234, 0, 0, 0, 0, 0, 0, 0, 1, 1, 1, 
76.4898878, 0.1, 0.1, 0.113003448, 0.184580066, -0.0199708077, 0.979906492, -2.60798686e-005, 0.19945743, 0.199457431, 5.292911e-005, -0.979906491, 1.49987283e-005, 0.999999998, 5.70674021e-005, 0.979906541, -3.55674704e-006, 0.199457192, 0.199457192, 6.79232214e-005, -0.979906538, -1.00624953e-005, 0.999999998, 6.72678277e-005, 0.24155376, -0.221104565, -0.144238379, 0, -0, 0, 0, 0, 0, 0, 0.285387207, -0.134081641, -0.106427539, 0, 0, 0, 0, 0, 0, 0, 1, 1, 1, 
76.4905991, 0.1, 0.1, 0.113003452, 0.184580071, -0.0199739512, 0.97990617, 1.39100321e-005, 0.199459014, 0.199459014, -6.48742571e-005, -0.979906168, -6.90770901e-007, 0.999999998, -6.63451661e-005, 0.979906244, -8.59508165e-006, 0.199458648, 0.199458647, -5.42599464e-005, -0.979906243, 1.92449897e-005, 0.999999998, -5.14552969e-005, 0.24155376, -0.221104565, -0.144238379, 0, -0, 0, 0, 0, 0, 0, 0.285387207, -0.134081641, -0.106427539, 0, 0, 0, 0, 0, 0, 0, 1, 1, 1, 
76.4913164, 0.1, 0.1, 0.113003448, 0.18458008, -0.0199754424, 0.979905794, -1.68421237e-005, 0.199460858, 0.199460858, -6.89105241e-006, -0.979905794, 1.78781898e-005, 1, -3.39323774e-006, 0.979905869, 7.27067379e-006, 0.19946049, 0.199460491, -3.16811515e-005, -0.979905869, -8.05437894e-007, 0.999999999, -3.24947585e-005, 0.24155376, -0.221104565, -0.144238379, 0, -0, 0, 0, 0, 0, 0, 0.285387207, -0.134081641, -0.106427539, 0, 0, 0, 0, 0, 0, 0, 1, 1, 1, 
76.4920451, 0.1, 0.1, 0.113003454, 0.184580068, -0.0199746864, 0.979905529, -6.18066518e-006, 0.199462161, 0.19946216, 7.59930258e-005, -0.979905526, -9.10126515e-006, 0.999999997, 7.5698795e-005, 0.979905571, -2.68111003e-005, 0.199461955, 0.199461957, 7.69498901e-005, -0.979905568, 1.09237709e-005, 0.999999997, 8.07514205e-005, 0.242432568, -0.222372754, -0.141591699, 0, -0, 0, 0, 0, 0, 0, 0.285387207, -0.134081641, -0.106427539, 0, 0, 0, 0, 0, 0, 0, 1, 1, 1, 
76.4927592, 0.1, 0.1, 0.113003452, 0.184580067, -0.0199722868, 0.979905416, -6.81557625e-006, 0.199462718, 0.199462717, -6.15417755e-005, -0.979905414, 1.89539099e-005, 0.999999998, -5.89456658e-005, 0.979905423, 9.65765075e-006, 0.199462681, 0.199462681, -3.00700718e-005, -0.979905423, -3.4657272e-006, 1, -3.13921674e-005, 0.242432568, -0.222372754, -0.141591699, 0, -0, 0, 0, 0, 0, 0, 0.285387207, -0.134081641, -0.106427539, 0, 0, 0, 0, 0, 0, 0, 1, 1, 1, 
76.4934735, 0.1, 0.1, 0.113003454, 0.184580081, -0.0199690708, 0.97990538, 1.45310413e-005, 0.199462892, 0.199462892, -2.63964552e-005, -0.97990538, -8.97393225e-006, 1, -2.8764432e-005, 0.979905386, -3.2719008e-006, 0.199462865, 0.199462864, -5.81463978e-005, -0.979905384, 1.48042003e-005, 0.999999998, -5.63253457e-005, 0.242432568, -0.222372754, -0.141591699, 0, -0, 0, 0, 0, 0, 0, 0.285387207, -0.134081641, -0.106427539, 0, 0, 0, 0, 0, 0, 0, 1, 1, 1, 
76.4942097, 0.1, 0.1, 0.113003453, 0.184580073, -0.0199657923, 0.979905258, -1.95717592e-005, 0.199463492, 0.199463492, 3.42974196e-005, -0.979905258, 1.23373867e-005, 0.999999999, 3.75120733e-005, 0.979905289, -1.48748807e-005, 0.199463343, 0.199463343, 4.63768885e-005, -0.979905288, 5.32548509e-006, 0.999999999, 4.84119517e-005, 0.242654224, -0.224028589, -0.138480835, 0, -0, 0, 0, 0, 0, 0, 0.285538428, -0.135366943, -0.104376611, 0, 0, 0, 0, 0, 0, 0, 1, 1, 1, 
76.4949224, 0.1, 0.1, 0.113003452, 0.184580078, -0.0199636486, 0.979905103, -7.83231593e-006, 0.199464253, 0.199464253, -4.04241871e-005, -0.979905103, 1.57381067e-005, 0.999999999, -3.80496002e-005, 0.979905129, 1.15343171e-005, 0.199464129, 0.19946413, -4.24622535e-005, -0.979905128, -2.83284006e-006, 0.999999999, -4.39096625e-005, 0.242654224, -0.224028589, -0.138480835, 0, -0, 0, 0, 0, 0, 0, 0.285538428, -0.135366943, -0.104376611, 0, 0, 0, 0, 0, 0, 0, 1, 1, 1, 
76.4956362, 0.1, 0.1, 0.113003453, 0.184580076, -0.0199632362, 0.979905049, -2.28358044e-006, 0.199464518, 0.199464518, 1.79269541e-005, -0.979905049, -1.33809926e-006, 1, 1.80222061e-005, 0.979905055, 1.82915358e-006, 0.19946449, 0.19946449, 2.80654912e-005, -0.979905055, -7.39046572e-006, 1, 2.71366656e-005, 0.242654224, -0.224028589, -0.138480835, 0, -0, 0, 0, 0, 0, 0, 0.285538428, -0.135366943, -0.104376611, 0, 0, 0, 0, 0, 0, 0, 1, 1, 1, 
76.4963505, 0.1, 0.1, 0.113003454, 0.184580077, -0.0199645179, 0.97990502, 8.82261307e-006, 0.199464664, 0.199464664, 1.02179032e-005, -0.97990502, -1.06834335e-005, 1, 8.25277505e-006, 0.979905026, 2.89455504e-006, 0.199464635, 0.199464635, 6.41392141e-006, -0.979905026, -4.11573952e-006, 1, 5.70767246e-006, 0.242654224, -0.224028589, -0.138480835, 0, -0, 0, 0, 0, 0, 0, 0.285538428, -0.135366943, -0.104376611, 0, 0, 0, 0, 0, 0, 0, 1, 1, 1, 
76.4970642, 0.1, 0.1, 0.113003455, 0.184580077, -0.0199670181, 0.979904996, 7.60349804e-006, 0.199464779, 0.199464779, 1.18977375e-005, -0.979904996, -9.8238853e-006, 1, 1.01420223e-005, 0.979905002, -6.45550334e-006, 0.199464749, 0.199464749, -4.25801635e-006, -0.979905002, 7.17510418e-006, 1, -2.88480616e-006, 0.242654224, -0.224028589, -0.138480835, 0, -0, 0, 0, 0, 0, 0, 0.285538428, -0.135366943, -0.104376611, 0, 0, 0, 0, 0, 0, 0, 1, 1, 1, 
76.4977788, 0.1, 0.1, 0.113003453, 0.184580078, -0.019969916, 0.979904975, 2.08428167e-006, 0.199464883, 0.199464883, -1.56248167e-005, -0.979904975, 1.07420425e-006, 1, -1.57265766e-005, 0.97990498, -2.53012826e-006, 0.199464861, 0.199464861, -2.00880225e-005, -0.979904979, 6.48613991e-006, 1, -1.91796816e-005, 0.242654224, -0.224028589, -0.138480835, 0, -0, 0, 0, 0, 0, 0, 0.285538428, -0.135366943, -0.104376611, 0, 0, 0, 0, 0, 0, 0, 1, 1, 1, 
76.4984914, 0.1, 0.1, 0.113003452, 0.184580074, -0.0199722927, 0.979904918, -9.04081903e-006, 0.199465166, 0.199465166, 2.05244443e-005, -0.979904917, 4.76523134e-006, 1, 2.19153324e-005, 0.979904935, -6.58560019e-006, 0.199465082, 0.199465082, 2.94711631e-005, -0.979904934, 5.74794159e-007, 1, 3.01925354e-005, 0.242654224, -0.224028589, -0.138480835, 0, -0, 0, 0, 0, 0, 0, 0.285538428, -0.135366943, -0.104376611, 0, 0, 0, 0, 0, 0, 0, 1, 1, 1, 
76.4992287, 0.1, 0.1, 0.113003451, 0.18458008, -0.0199732642, 0.97990483, 8.01864258e-006, 0.199465594, 0.199465594, -3.7220646e-005, -0.97990483, -4.33268336e-007, 0.999999999, -3.80721341e-005, 0.979904846, 4.8764685e-006, 0.199465518, 0.199465518, -4.23609434e-005, -0.979904845, 3.67107242e-006, 0.999999999, -4.2482381e-005, 0.242143628, -0.224798877, -0.13820459, 0, -0, 0, 0, 0, 0, 0, 0.285458691, -0.136687744, -0.103560645, 0, 0, 0, 0, 0, 0, 0, 1, 1, 1, 
76.4999439, 0.1, 0.1, 0.113003452, 0.184580076, -0.0199727867, 0.979904755, -1.5080178e-005, 0.199465964, 0.199465965, 5.21134009e-005, -0.979904754, 4.38228834e-006, 0.999999999, 5.40741516e-005, 0.97990477, -9.02943193e-006, 0.199465892, 0.199465892, 4.44702805e-005, -0.979904769, -2.2320742e-008, 0.999999999, 4.53777037e-005, 0.242143628, -0.224798877, -0.13820459, 0, -0, 0, 0, 0, 0, 0, 0.285458691, -0.136687744, -0.103560645, 0, 0, 0, 0, 0, 0, 0, 1, 1, 1, 
76.500656, 0.1, 0.1, 0.113003451, 0.184580072, -0.0199712377, 0.979904719, -9.40473985e-007, 0.199466142, 0.199466142, -2.60583176e-005, -0.979904719, 6.11932697e-006, 1, -2.53470756e-005, 0.979904716, 1.0065895e-005, 0.199466158, 0.199466158, -5.02697748e-006, -0.979904716, -8.86090613e-006, 1, -6.93376434e-006, 0.242143628, -0.224798877, -0.13820459, 0, -0, 0, 0, 0, 0, 0, 0.285458691, -0.136687744, -0.103560645, 0, 0, 0, 0, 0, 0, 0, 1, 1, 1, 
76.5013746, 0.1, 0.1, 0.11300345, 0.184580075, -0.0199690088, 0.979904716, -1.07816766e-006, 0.199466154, 0.199466154, 1.39839932e-005, -0.979904716, -1.73283176e-006, 1, 1.39180388e-005, 0.979904723, 7.81077558e-006, 0.199466122, 0.199466122, 4.46679082e-006, -0.979904723, -8.54478933e-006, 1, 2.8190443e-006, 0.242143628, -0.224798877, -0.13820459, 0, -0, 0, 0, 0, 0, 0, 0.285458691, -0.136687744, -0.103560645, 0, 0, 0, 0, 0, 0, 0, 1, 1, 1, 
76.5020923, 0.1, 0.1, 0.113003452, 0.184580077, -0.0199668624, 0.979904639, 9.7053593e-006, 0.199466534, 0.199466535, -1.75812441e-005, -0.979904639, -6.00345678e-006, 1, -1.9163837e-005, 0.979904659, 5.89838677e-006, 0.199466436, 0.199466436, -2.18998154e-005, -0.979904659, -1.41157854e-006, 1, -2.26362613e-005, 0.242143628, -0.224798877, -0.13820459, 0, -0, 0, 0, 0, 0, 0, 0.285458691, -0.136687744, -0.103560645, 0, 0, 0, 0, 0, 0, 0, 1, 1, 1, 
76.5028483, 0.1, 0.1, 0.113003452, 0.184580073, -0.0199652753, 0.979904539, -7.04187683e-006, 0.199467025, 0.199467025, 1.6711205e-005, -0.979904539, 3.56703272e-006, 1, 1.77800079e-005, 0.979904561, -2.40264091e-006, 0.199466918, 0.199466917, 3.24871577e-005, -0.979904561, -4.12575443e-006, 0.999999999, 3.23135614e-005, 0.242143628, -0.224798877, -0.13820459, 0, -0, 0, 0, 0, 0, 0, 0.285458691, -0.136687744, -0.103560645, 0, 0, 0, 0, 0, 0, 0, 1, 1, 1, 
76.50357, 0.1, 0.1, 0.113003451, 0.184580075, -0.0199645203, 0.979904453, 1.16225101e-006, 0.199467449, 0.199467449, 2.47083216e-006, -0.979904453, -1.63174553e-006, 1, 2.1893482e-006, 0.97990447, -4.35171497e-006, 0.199467367, 0.199467367, -2.84172962e-007, -0.97990447, 4.32094818e-006, 1, 5.89562772e-007, 0.242143628, -0.224798877, -0.13820459, 0, -0, 0, 0, 0, 0, 0, 0.285458691, -0.136687744, -0.103560645, 0, 0, 0, 0, 0, 0, 0, 1, 1, 1, 
76.504295, 0.1, 0.1, 0.113003452, 0.184580075, -0.0199648934, 0.97990438, -4.53148616e-006, 0.199467806, 0.199467806, -2.29295674e-006, -0.97990438, 4.89779418e-006, 1, -1.34299276e-006, 0.979904393, -7.26871118e-007, 0.199467743, 0.199467743, 8.67993741e-006, -0.979904393, -1.01910332e-006, 1, 8.65049614e-006, 0.242138599, -0.226103174, -0.137758447, 0, -0, 0, 0, 0, 0, 0, 0.285388477, -0.138248145, -0.1025229, 0, 0, 0, 0, 0, 0, 0, 1, 1, 1, 
76.5050071, 0.1, 0.1, 0.113003452, 0.184580075, -0.019966382, 0.979904317, -1.67196864e-006, 0.199468117, 0.199468117, 6.38466351e-006, -0.979904317, 3.6483248e-007, 1, 6.58986377e-006, 0.979904329, -6.43348391e-006, 0.199468059, 0.199468059, 3.87613941e-006, -0.979904329, 5.53103273e-006, 1, 5.08152033e-006, 0.242138599, -0.226103174, -0.137758447, 0, -0, 0, 0, 0, 0, 0, 0.285388477, -0.138248145, -0.1025229, 0, 0, 0, 0, 0, 0, 0, 1, 1, 1, 
76.5057215, 0.1, 0.1, 0.11300345, 0.184580074, -0.0199685365, 0.979904251, -9.67661896e-006, 0.199468441, 0.199468441, -6.34240599e-007, -0.979904251, 9.60867104e-006, 1, 1.30868504e-006, 0.979904269, -5.5815455e-006, 0.199468354, 0.199468354, 9.70124956e-006, -0.979904269, 3.53428798e-006, 1, 1.06196376e-005, 0.242138599, -0.226103174, -0.137758447, 0, -0, 0, 0, 0, 0, 0, 0.285388477, -0.138248145, -0.1025229, 0, 0, 0, 0, 0, 0, 0, 1, 1, 1, 
76.5064916, 0.1, 0.1, 0.113003448, 0.184580077, -0.0199701885, 0.979904117, -7.70271651e-006, 0.1994691, 0.1994691, 8.65414894e-006, -0.979904117, 5.82168832e-006, 1, 1.00166901e-005, 0.979904144, 1.1635429e-005, 0.199468968, 0.199468968, -9.5836522e-006, -0.979904144, -9.48996387e-006, 1, -1.17119675e-005, 0.242822461, -0.227444702, -0.137128369, 0, -0, 0, 0, 0, 0, 0, 0.285541504, -0.139798535, -0.101708398, 0, 0, 0, 0, 0, 0, 0, 1, 1, 1, 
76.5072063, 0.1, 0.1, 0.113003448, 0.184580076, -0.0199710185, 0.979904015, 3.89329795e-006, 0.199469602, 0.199469602, -1.02008695e-005, -0.979904015, -1.78029492e-006, 1, -1.07724675e-005, 0.979904028, 8.48906285e-006, 0.199469534, 0.199469534, -1.39772362e-006, -0.979904029, -8.03966361e-006, 1, -3.06294441e-006, 0.242822461, -0.227444702, -0.137128369, 0, -0, 0, 0, 0, 0, 0, 0.285541504, -0.139798535, -0.101708398, 0, 0, 0, 0, 0, 0, 0, 1, 1, 1, 
76.5079172, 0.1, 0.1, 0.113003449, 0.184580076, -0.019971168, 0.979903976, 2.20477197e-005, 0.199469789, 0.199469789, 2.26737268e-006, -0.979903977, -2.20569206e-005, 1, -2.17604649e-006, 0.979903985, 6.97806825e-007, 0.199469746, 0.199469746, -4.02060799e-006, -0.979903985, 1.18205966e-007, 1, -4.07900114e-006, 0.242822461, -0.227444702, -0.137128369, 0, -0, 0, 0, 0, 0, 0, 0.285541504, -0.139798535, -0.101708398, 0, 0, 0, 0, 0, 0, 0, 1, 1, 1, 
76.508632, 0.1, 0.1, 0.113003445, 0.184580076, -0.0199706299, 0.97990392, -1.27328766e-005, 0.199470068, 0.199470068, -2.33313694e-005, -0.97990392, 1.71309055e-005, 1, -2.03226725e-005, 0.979903925, 1.17392028e-005, 0.19947004, 0.19947004, -1.21033689e-005, -0.979903925, -9.0890314e-006, 1, -1.42017579e-005, 0.242822461, -0.227444702, -0.137128369, 0, -0, 0, 0, 0, 0, 0, 0.285541504, -0.139798535, -0.101708398, 0, 0, 0, 0, 0, 0, 0, 1, 1, 1, 
