time, realDorsalTactorPos, realVentralTactorPos, boxPosX, boxPosY, boxPosZ, boxLocalRot_11, boxLocalRot_12, boxLocalRot_13, boxLocalRot_21, boxLocalRot_22, boxLocalRot_23, boxLocalRot_31, boxLocalRot_32, boxLocalRot_33, boxGlobalRot_11, boxGlobalRot_12, boxGlobalRot_13], boxGlobalRot_21, boxGlobalRot_22, boxGlobalRot_23, boxGlobalRot_31, boxGlobalRot_32, boxGlobalRot_33, indexPosX, indexPosY, indexPosZ, indexContact, indexForceX, indexForceY, indexForceZ, indexForceGlobalX, indexForceGlobalY, indexForceGlobalZ, thumbPosX, thumbPosY, thumbPosZ, thumbContact, thumbForceX, thumbForceY, thumbForceZ, thumbForceGlobalX, thumbForceGlobalY, thumbForceGlobalZ, hoopSuccess, targetSuccess, trialSuccess, 
43.5336356, 0.1, 0.1, 0.106660749, 0.192913201, -0.019966158, -3.76048406e-005, 0.981344963, 0.1922552, -1.42100286e-005, 0.192255199, -0.981344964, -0.999999999, -3.96352729e-005, 6.71521382e-006, -1.94112327e-005, 0.981344951, 0.192255263, -1.88823158e-005, 0.192255263, -0.981344951, -1, -2.26793399e-005, 1.47981537e-005, 0.140550195, 0.0056810791, -0.199657129, 0, -0, 0, 0, 0, 0, 0, 0.20024917, 0.0548783691, -0.172269189, 0, 0, 0, 0, 0, 0, 0, 1, 1, 1, 
43.5785525, 0.1, 0.1, 0.106654549, 0.192908051, -0.0199694648, 1.26493613e-005, 0.981339853, 0.192281285, 2.58673909e-005, 0.192281285, -0.981339853, -1, 1.73871375e-005, -2.29524662e-005, -8.22152345e-006, 0.981339743, 0.192281849, 7.33910656e-006, 0.192281849, -0.981339743, -1, -6.65693073e-006, -8.78300668e-006, 0.148446924, -0.0247868652, -0.203953296, 0, -0, 0, 0, 0, 0, 0, 0.200967187, 0.0262171875, -0.172573828, 0, 0, 0, 0, 0, 0, 0, 1, 1, 1, 
43.57926, 0.1, 0.1, 0.106654488, 0.192907998, -0.0199692114, -1.05699846e-005, 0.981340401, 0.19227849, -3.31396595e-005, 0.192278489, -0.9813404, -0.999999999, -1.67447966e-005, 3.0488906e-005, 1.28690058e-005, 0.981340289, 0.192279062, -1.53618382e-005, 0.192279062, -0.981340289, -1, 9.675114e-006, 1.7549631e-005, 0.148446924, -0.0247868652, -0.203953296, 0, -0, 0, 0, 0, 0, 0, 0.200967187, 0.0262171875, -0.172573828, 0, 0, 0, 0, 0, 0, 0, 1, 1, 1, 
43.5799627, 0.1, 0.1, 0.106654421, 0.192907943, -0.0199689905, 6.41783605e-007, 0.981340953, 0.192275672, 3.43918463e-005, 0.192275671, -0.981340952, -0.999999999, 7.24252388e-006, -3.36267278e-005, -2.02614483e-005, 0.981340841, 0.192276245, 1.52982898e-005, 0.192276245, -0.981340841, -1, -1.6941889e-005, -1.89086317e-005, 0.148446924, -0.0247868652, -0.203953296, 0, -0, 0, 0, 0, 0, 0, 0.200967187, 0.0262171875, -0.172573828, 0, 0, 0, 0, 0, 0, 0, 1, 1, 1, 
43.5806816, 0.1, 0.1, 0.106654358, 0.192907892, -0.0199687988, -1.70636481e-005, 0.981341525, 0.192272751, -3.11171501e-005, 0.192272751, -0.981341525, -0.999999999, -2.27282465e-005, 2.7255677e-005, 4.72365858e-006, 0.98134141, 0.192273342, -1.20016569e-005, 0.192273342, -0.981341409, -1, 2.32792309e-006, 1.26859565e-005, 0.148446924, -0.0247868652, -0.203953296, 0, -0, 0, 0, 0, 0, 0, 0.200967187, 0.0262171875, -0.172573828, 0, 0, 0, 0, 0, 0, 0, 1, 1, 1, 
43.581388, 0.1, 0.1, 0.106654291, 0.192907838, -0.0199686422, 6.97742818e-006, 0.981342088, 0.192269879, 3.05642273e-005, 0.192269879, -0.981342088, -1, 1.27238242e-005, -2.86524134e-005, -1.675972e-005, 0.981341974, 0.192270459, 1.24749022e-005, 0.19227046, -0.981341974, -1, -1.40484616e-005, -1.54645442e-005, 0.148446924, -0.0247868652, -0.203953296, 0, -0, 0, 0, 0, 0, 0, 0.200967187, 0.0262171875, -0.172573828, 0, 0, 0, 0, 0, 0, 0, 1, 1, 1, 
43.5820997, 0.1, 0.1, 0.106654233, 0.192907786, -0.0199686708, -4.51499963e-006, 0.981342665, 0.192266932, -3.73571054e-005, 0.192266932, -0.981342665, -0.999999999, -1.16132978e-005, 3.57920363e-005, 1.80823754e-005, 0.981342539, 0.192267577, -1.66487408e-005, 0.192267578, -0.981342539, -1, 1.45439911e-005, 1.98147721e-005, 0.148446924, -0.0247868652, -0.203953296, 0, -0, 0, 0, 0, 0, 0, 0.200967187, 0.0262171875, -0.172573828, 0, 0, 0, 0, 0, 0, 0, 1, 1, 1, 
43.5828156, 0.1, 0.1, 0.106654169, 0.192907732, -0.0199686691, 1.38342821e-005, 0.981343251, 0.192263944, 2.86780476e-005, 0.192263943, -0.98134325, -0.999999999, 1.90899339e-005, -2.54831748e-005, -8.22672282e-006, 0.981343133, 0.192264544, 9.21305358e-006, 0.192264544, -0.981343133, -1, -6.30189441e-006, -1.0622874e-005, 0.149244287, -0.0275666016, -0.203767407, 0, -0, 0, 0, 0, 0, 0, 0.201234961, 0.0233509766, -0.172287744, 0, 0, 0, 0, 0, 0, 0, 1, 1, 1, 
43.5835205, 0.1, 0.1, 0.106654112, 0.192907682, -0.0199687862, -6.77374245e-006, 0.981343829, 0.192260993, -2.95598174e-005, 0.192260992, -0.981343829, -1, -1.23305702e-005, 2.77060179e-005, 1.61231147e-005, 0.981343714, 0.192261581, -1.21140854e-005, 0.192261582, -0.981343714, -1, 1.34932441e-005, 1.49879371e-005, 0.149244287, -0.0275666016, -0.203767407, 0, -0, 0, 0, 0, 0, 0, 0.201234961, 0.0233509766, -0.172287744, 0, 0, 0, 0, 0, 0, 0, 1, 1, 1, 
43.5842228, 0.1, 0.1, 0.106654049, 0.192907632, -0.0199690769, 4.3287442e-006, 0.981344407, 0.192258042, 3.75528405e-005, 0.192258041, -0.981344406, -0.999999999, 1.14678245e-005, -3.60200341e-005, -1.63374394e-005, 0.98134429, 0.192258639, 1.85704579e-005, 0.192258639, -0.98134429, -1, -1.24623219e-005, -2.13650267e-005, 0.149244287, -0.0275666016, -0.203767407, 0, -0, 0, 0, 0, 0, 0, 0.201234961, 0.0233509766, -0.172287744, 0, 0, 0, 0, 0, 0, 0, 1, 1, 1, 
43.5849454, 0.1, 0.1, 0.106653991, 0.192907584, -0.0199692972, -1.32403173e-005, 0.981345009, 0.192254968, -2.66572418e-005, 0.192254968, -0.981345009, -1, -1.81183065e-005, 2.36144345e-005, 9.95257657e-006, 0.98134488, 0.192255625, -5.99406124e-006, 0.192255625, -0.981344881, -1, 8.61451807e-006, 7.79568015e-006, 0.149244287, -0.0275666016, -0.203767407, 0, -0, 0, 0, 0, 0, 0, 0.201234961, 0.0233509766, -0.172287744, 0, 0, 0, 0, 0, 0, 0, 1, 1, 1, 
43.5856584, 0.1, 0.1, 0.106653928, 0.192907533, -0.0199693144, 8.04625003e-006, 0.981345599, 0.192251955, 3.12347028e-005, 0.192251955, -0.981345599, -0.999999999, 1.39010847e-005, -2.91051308e-005, -1.45096756e-005, 0.981345483, 0.192252552, 1.42552356e-005, 0.192252552, -0.981345482, -1, -1.14983992e-005, -1.67788332e-005, 0.149244287, -0.0275666016, -0.203767407, 0, -0, 0, 0, 0, 0, 0, 0.201450488, 0.0213591797, -0.171962354, 0, 0, 0, 0, 0, 0, 0, 1, 1, 1, 
43.58636, 0.1, 0.1, 0.106653874, 0.192907485, -0.0199693016, -4.0076141e-006, 0.981346185, 0.192248969, -3.69061067e-005, 0.192248969, -0.981346184, -0.999999999, -1.10280178e-005, 3.54472073e-005, 1.69127523e-005, 0.981346065, 0.192249579, -1.75989739e-005, 0.19224958, -0.981346065, -1, 1.32138675e-005, 2.05221533e-005, 0.149244287, -0.0275666016, -0.203767407, 0, -0, 0, 0, 0, 0, 0, 0.201450488, 0.0213591797, -0.171962354, 0, 0, 0, 0, 0, 0, 0, 1, 1, 1, 
43.5870633, 0.1, 0.1, 0.106653815, 0.192907434, -0.0199693043, 1.22328992e-005, 0.981346772, 0.19224597, 2.50749241e-005, 0.19224597, -0.981346772, -1, 1.68252692e-005, -2.22554702e-005, -9.0176724e-006, 0.981346653, 0.19224658, 6.34923899e-006, 0.19224658, -0.981346653, -1, -7.62884314e-006, -7.96442111e-006, 0.149244287, -0.0275666016, -0.203767407, 0, -0, 0, 0, 0, 0, 0, 0.201450488, 0.0213591797, -0.171962354, 0, 0, 0, 0, 0, 0, 0, 1, 1, 1, 
43.5877818, 0.1, 0.1, 0.10665376, 0.192907387, -0.0199691258, -9.34909524e-006, 0.98134737, 0.192242918, -3.35466715e-005, 0.192242918, -0.981347369, -0.999999999, -1.562382e-005, 3.11236405e-005, 1.38712824e-005, 0.981347251, 0.192243525, -1.5922386e-005, 0.192243526, -0.981347251, -1, 1.05515692e-005, 1.8292054e-005, 0.150030176, -0.0298964355, -0.203570044, 0, -0, 0, 0, 0, 0, 0, 0.201450488, 0.0213591797, -0.171962354, 0, 0, 0, 0, 0, 0, 0, 1, 1, 1, 
43.5884861, 0.1, 0.1, 0.1066537, 0.192907338, -0.0199690095, 2.37672194e-006, 0.981347958, 0.192239914, 3.47996999e-005, 0.192239914, -0.981347958, -0.999999999, 9.02228253e-006, -3.36937137e-005, -1.86875593e-005, 0.981347838, 0.192240527, 1.5459084e-005, 0.192240527, -0.981347838, -1, -1.53671335e-005, -1.87632449e-005, 0.150030176, -0.0298964355, -0.203570044, 0, -0, 0, 0, 0, 0, 0, 0.201450488, 0.0213591797, -0.171962354, 0, 0, 0, 0, 0, 0, 0, 1, 1, 1, 
43.589193, 0.1, 0.1, 0.106653646, 0.192907294, -0.0199689518, -1.44589826e-005, 0.981348552, 0.192236882, -2.82933266e-005, 0.192236882, -0.981348552, -0.999999999, -1.96283225e-005, 2.49860654e-005, 7.03798039e-006, 0.981348432, 0.192237494, -9.4308272e-006, 0.192237494, -0.981348432, -1, 5.09375243e-006, 1.06078912e-005, 0.150030176, -0.0298964355, -0.203570044, 0, -0, 0, 0, 0, 0, 0, 0.201450488, 0.0213591797, -0.171962354, 0, 0, 0, 0, 0, 0, 0, 1, 1, 1, 
43.5899261, 0.1, 0.1, 0.106653585, 0.192907245, -0.0199687699, 9.55561413e-006, 0.981349163, 0.192233762, 3.54166648e-005, 0.192233762, -0.981349163, -0.999999999, 1.61856727e-005, -3.29192028e-005, -1.37819587e-005, 0.981349044, 0.19223437, 1.77348553e-005, 0.19223437, -0.981349044, -1, -1.01156633e-005, -2.00534495e-005, 0.15066582, -0.0326447998, -0.203770947, 0, -0, 0, 0, 0, 0, 0, 0.201735352, 0.0189909668, -0.1716521, 0, 0, 0, 0, 0, 0, 0, 1, 1, 1, 
43.5906335, 0.1, 0.1, 0.106653534, 0.1929072, -0.0199685768, -2.73754409e-006, 0.98134976, 0.192230717, -3.50210754e-005, 0.192230716, -0.981349759, -0.999999999, -9.41861465e-006, 3.38416838e-005, 1.86591768e-005, 0.981349639, 0.192231334, -1.53192831e-005, 0.192231335, -0.981349639, -1, 1.53663302e-005, 1.86204514e-005, 0.15066582, -0.0326447998, -0.203770947, 0, -0, 0, 0, 0, 0, 0, 0.201735352, 0.0189909668, -0.1716521, 0, 0, 0, 0, 0, 0, 0, 1, 1, 1, 
43.5913356, 0.1, 0.1, 0.106653479, 0.192907153, -0.0199686083, 1.43409199e-005, 0.981350353, 0.192227687, 2.81526429e-005, 0.192227686, -0.981350353, -1, 1.94851842e-005, -2.48708842e-005, -7.62317522e-006, 0.981350231, 0.192228312, 8.89892674e-006, 0.192228312, -0.981350231, -1, -5.7703791e-006, -1.01983539e-005, 0.15066582, -0.0326447998, -0.203770947, 0, -0, 0, 0, 0, 0, 0, 0.201735352, 0.0189909668, -0.1716521, 0, 0, 0, 0, 0, 0, 0, 1, 1, 1, 
43.5920414, 0.1, 0.1, 0.106653429, 0.192907109, -0.0199688123, -8.24489375e-006, 0.981350948, 0.192224651, -3.24341629e-005, 0.192224651, -0.981350948, -0.999999999, -1.43257799e-005, 3.02444247e-005, 1.51087216e-005, 0.981350828, 0.192225262, -1.45038007e-005, 0.192225262, -0.981350828, -1, 1.20389595e-005, 1.71375948e-005, 0.15066582, -0.0326447998, -0.203770947, 0, -0, 0, 0, 0, 0, 0, 0.201735352, 0.0189909668, -0.1716521, 0, 0, 0, 0, 0, 0, 0, 1, 1, 1, 
43.5927439, 0.1, 0.1, 0.106653372, 0.192907063, -0.0199691431, 2.06712001e-006, 0.981351543, 0.192221616, 3.39108675e-005, 0.192221616, -0.981351542, -0.999999999, 8.54697317e-006, -3.2881137e-005, -1.86080273e-005, 0.981351422, 0.192222231, 1.49411618e-005, 0.192222231, -0.981351422, -1, -1.53889906e-005, -1.82394069e-005, 0.15066582, -0.0326447998, -0.203770947, 0, -0, 0, 0, 0, 0, 0, 0.201735352, 0.0189909668, -0.1716521, 0, 0, 0, 0, 0, 0, 0, 1, 1, 1, 
43.5934464, 0.1, 0.1, 0.106653322, 0.192907022, -0.0199695219, -1.43795293e-005, 0.981352138, 0.192218577, -2.82107818e-005, 0.192218576, -0.981352138, -0.999999999, -1.95340182e-005, 2.49206983e-005, 6.52711543e-006, 0.981352019, 0.192219186, -9.76713454e-006, 0.192219186, -0.981352019, -1, 4.52796725e-006, 1.0839634e-005, 0.15066582, -0.0326447998, -0.203770947, 0, -0, 0, 0, 0, 0, 0, 0.201735352, 0.0189909668, -0.1716521, 0, 0, 0, 0, 0, 0, 0, 1, 1, 1, 
43.5941509, 0.1, 0.1, 0.106653266, 0.192906977, -0.0199698117, 7.11697349e-006, 0.981352728, 0.192215562, 2.94525592e-005, 0.192215562, -0.981352728, -1, 1.26455016e-005, -2.75353562e-005, -1.55312079e-005, 0.981352609, 0.192216172, 1.21641034e-005, 0.192216172, -0.981352609, -1, -1.2903454e-005, -1.4922624e-005, 0.15066582, -0.0326447998, -0.203770947, 0, -0, 0, 0, 0, 0, 0, 0.201735352, 0.0189909668, -0.1716521, 0, 0, 0, 0, 0, 0, 0, 1, 1, 1, 
43.5948812, 0.1, 0.1, 0.106653217, 0.192906933, -0.0199696813, -3.40499571e-006, 0.981353344, 0.192212419, -3.79232513e-005, 0.192212419, -0.981353343, -0.999999999, -1.06308238e-005, 3.6561627e-005, 1.68939283e-005, 0.981353224, 0.192213029, -1.95882875e-005, 0.19221303, -0.981353224, -1, 1.28137869e-005, 2.24702622e-005, 0.151066016, -0.0351699219, -0.203743848, 0, -0, 0, 0, 0, 0, 0, 0.201542725, 0.0162116699, -0.171516016, 0, 0, 0, 0, 0, 0, 0, 1, 1, 1, 
43.5955911, 0.1, 0.1, 0.106653164, 0.192906887, -0.0199692936, 1.39014456e-005, 0.981353942, 0.192209368, 2.74993957e-005, 0.192209368, -0.981353941, -1, 1.89278799e-005, -2.43146523e-005, -7.13958897e-006, 0.981353823, 0.192209973, 8.70669904e-006, 0.192209973, -0.981353823, -1, -5.33294855e-006, -9.91665259e-006, 0.151066016, -0.0351699219, -0.203743848, 0, -0, 0, 0, 0, 0, 0, 0.201542725, 0.0162116699, -0.171516016, 0, 0, 0, 0, 0, 0, 0, 1, 1, 1, 
43.5962947, 0.1, 0.1, 0.106653117, 0.192906846, -0.019968912, -8.57101846e-006, 0.98135453, 0.192206362, -3.06436212e-005, 0.192206362, -0.98135453, -0.999999999, -1.43011067e-005, 2.84248523e-005, 1.45395488e-005, 0.981354412, 0.192206966, -1.32951509e-005, 0.192206966, -0.981354412, -1, 1.17130298e-005, 1.58418575e-005, 0.151066016, -0.0351699219, -0.203743848, 0, -0, 0, 0, 0, 0, 0, 0.201542725, 0.0162116699, -0.171516016, 0, 0, 0, 0, 0, 0, 0, 1, 1, 1, 
43.5969991, 0.1, 0.1, 0.106653064, 0.192906804, -0.0199686613, 3.14766102e-006, 0.981355123, 0.192203337, 3.85154455e-005, 0.192203336, -0.981355122, -0.999999999, 1.04917704e-005, -3.71923388e-005, -1.79132256e-005, 0.981355003, 0.192203947, 1.9204241e-005, 0.192203947, -0.981355003, -1, -1.38881026e-005, -2.22891706e-005, 0.151066016, -0.0351699219, -0.203743848, 0, -0, 0, 0, 0, 0, 0, 0.201542725, 0.0162116699, -0.171516016, 0, 0, 0, 0, 0, 0, 0, 1, 1, 1, 
43.5977045, 0.1, 0.1, 0.106653016, 0.192906765, -0.0199686098, -1.37948495e-005, 0.981355719, 0.192200291, -2.61919915e-005, 0.192200291, -0.981355719, -1, -1.85717629e-005, 2.30522866e-005, 7.87713022e-006, 0.981355599, 0.192200906, -6.93125842e-006, 0.192200906, -0.981355599, -1, 6.3980717e-006, 8.31602082e-006, 0.151066016, -0.0351699219, -0.203743848, 0, -0, 0, 0, 0, 0, 0, 0.201542725, 0.0162116699, -0.171516016, 0, 0, 0, 0, 0, 0, 0, 1, 1, 1, 
43.5984088, 0.1, 0.1, 0.106652964, 0.192906723, -0.0199687629, 8.64023451e-006, 0.98135631, 0.192197273, 3.30689438e-005, 0.192197273, -0.98135631, -0.999999999, 1.48349095e-005, -3.07917872e-005, -1.45340328e-005, 0.981356192, 0.19219788, 1.55276453e-005, 0.19219788, -0.981356191, -1, -1.12786826e-005, -1.80315612e-005, 0.151066016, -0.0351699219, -0.203743848, 0, -0, 0, 0, 0, 0, 0, 0.201542725, 0.0162116699, -0.171516016, 0, 0, 0, 0, 0, 0, 0, 1, 1, 1, 
43.5991234, 0.1, 0.1, 0.106652919, 0.192906683, -0.0199690412, -4.41303395e-006, 0.981356916, 0.192194182, -3.69579939e-005, 0.192194182, -0.981356915, -0.999999999, -1.14338728e-005, 3.54208235e-005, 1.8328687e-005, 0.981356783, 0.192194857, -1.59202101e-005, 0.192194858, -0.981356783, -1, 1.49271988e-005, 1.91460855e-005, 0.151066016, -0.0351699219, -0.203743848, 0, -0, 0, 0, 0, 0, 0, 0.201542725, 0.0162116699, -0.171516016, 0, 0, 0, 0, 0, 0, 0, 1, 1, 1, 
43.5998505, 0.1, 0.1, 0.106652867, 0.192906639, -0.0199689988, 1.17552261e-005, 0.981357534, 0.192191024, 2.6362164e-005, 0.192191023, -0.981357534, -1, 1.66026509e-005, -2.36114593e-005, -9.76624091e-006, 0.981357413, 0.192191641, 7.56691583e-006, 0.192191641, -0.981357413, -1, -8.12987495e-006, -9.30283882e-006, 0.151813818, -0.0374765625, -0.204090112, 0, -0, 0, 0, 0, 0, 0, 0.201741162, 0.0142950684, -0.171565576, 0, 0, 0, 0, 0, 0, 0, 1, 1, 1, 
43.6005678, 0.1, 0.1, 0.106652822, 0.192906599, -0.0199689707, -1.1739627e-005, 0.981358141, 0.192187925, -3.46628615e-005, 0.192187924, -0.981358141, -0.999999999, -1.81825619e-005, 3.17604668e-005, 1.32676576e-005, 0.981358009, 0.192188599, -1.54201446e-005, 0.192188599, -0.981358009, -1, 1.00567461e-005, 1.76825749e-005, 0.151813818, -0.0374765625, -0.204090112, 0, -0, 0, 0, 0, 0, 0, 0.201741162, 0.0142950684, -0.171565576, 0, 0, 0, 0, 0, 0, 0, 1, 1, 1, 
43.6012949, 0.1, 0.1, 0.10665277, 0.192906557, -0.0199687443, 6.60846944e-006, 0.98135876, 0.192184766, 3.50124229e-005, 0.192184766, -0.981358759, -0.999999999, 1.32141337e-005, -3.30897007e-005, -1.64331095e-005, 0.981358634, 0.192185407, 1.55583846e-005, 0.192185407, -0.981358634, -1, -1.31366794e-005, -1.84265589e-005, 0.151813818, -0.0374765625, -0.204090112, 0, -0, 0, 0, 0, 0, 0, 0.201741162, 0.0142950684, -0.171565576, 0, 0, 0, 0, 0, 0, 0, 1, 1, 1, 
43.6020271, 0.1, 0.1, 0.106652725, 0.192906519, -0.0199683099, -1.00866881e-005, 0.981359386, 0.192181567, -3.36278471e-005, 0.192181567, -0.981359386, -0.999999999, -1.63613184e-005, 3.10625279e-005, 1.1794817e-005, 0.981359265, 0.192182185, -1.49710669e-005, 0.192182185, -0.981359265, -1, 8.69778062e-006, 1.69587489e-005, 0.152182153, -0.0397634277, -0.20419751, 0, 0, 0, 0, 0, 0, 0, 0.202058984, 0.0119654297, -0.17102207, 0, 0, 0, 0, 0, 0, 0, 1, 1, 1, 
43.6027303, 0.1, 0.1, 0.106652676, 0.192906478, -0.0199680547, 8.50749657e-006, 0.981359988, 0.192178493, 3.28496944e-005, 0.192178493, -0.981359988, -0.999999999, 1.46619215e-005, -3.06024179e-005, -1.42076754e-005, 0.981359867, 0.192179114, 1.36262029e-005, 0.192179115, -0.981359867, -1, -1.13241709e-005, -1.61026271e-005, 0.152182153, -0.0397634277, -0.20419751, 0, 0, 0, 0, 0, 0, 0, 0.202058984, 0.0119654297, -0.17102207, 0, 0, 0, 0, 0, 0, 0, 1, 1, 1, 
43.603435, 0.1, 0.1, 0.106652634, 0.192906442, -0.0199681824, -7.17873783e-006, 0.981360595, 0.192175397, -3.18840204e-005, 0.192175397, -0.981360594, -0.999999999, -1.31722547e-005, 2.99101444e-005, 1.51198913e-005, 0.981360472, 0.192176025, -1.28375381e-005, 0.192176025, -0.981360472, -1, 1.23709966e-005, 1.5503933e-005, 0.152182153, -0.0397634277, -0.20419751, 0, 0, 0, 0, 0, 0, 0, 0.202058984, 0.0119654297, -0.17102207, 0, 0, 0, 0, 0, 0, 0, 1, 1, 1, 
43.6041381, 0.1, 0.1, 0.106652586, 0.192906403, -0.0199686376, 9.75472866e-006, 0.9813612, 0.192172308, 3.26059383e-005, 0.192172308, -0.981361199, -0.999999999, 1.58388706e-005, -3.0123614e-005, -1.26254916e-005, 0.981361075, 0.192172942, 1.34617837e-005, 0.192172942, -0.981361075, -1, -9.80317544e-006, -1.56371484e-005, 0.152182153, -0.0397634277, -0.20419751, 0, 0, 0, 0, 0, 0, 0, 0.202058984, 0.0119654297, -0.17102207, 0, 0, 0, 0, 0, 0, 0, 1, 1, 1, 
43.6048463, 0.1, 0.1, 0.106652545, 0.192906367, -0.0199692186, -6.11029361e-006, 0.98136181, 0.192169192, -3.04197992e-005, 0.192169191, -0.981361809, -1, -1.1842157e-005, 2.86786191e-005, 1.57176986e-005, 0.981361687, 0.192169821, -1.18652314e-005, 0.192169821, -0.981361687, -1, 1.31446078e-005, 1.46645508e-005, 0.152182153, -0.0397634277, -0.20419751, 0, 0, 0, 0, 0, 0, 0, 0.202058984, 0.0119654297, -0.17102207, 0, 0, 0, 0, 0, 0, 0, 1, 1, 1, 
43.6055523, 0.1, 0.1, 0.106652498, 0.192906329, -0.0199697387, 8.85457548e-006, 0.981362416, 0.192166096, 3.12800985e-005, 0.192166096, -0.981362416, -0.999999999, 1.4700522e-005, -2.89955638e-005, -1.2339464e-005, 0.981362293, 0.192166721, 1.31002534e-005, 0.192166722, -0.981362293, -1, -9.59205193e-006, -1.5227329e-005, 0.152182153, -0.0397634277, -0.20419751, 0, 0, 0, 0, 0, 0, 0, 0.202058984, 0.0119654297, -0.17102207, 0, 0, 0, 0, 0, 0, 0, 1, 1, 1, 
43.6062611, 0.1, 0.1, 0.106652457, 0.192906294, -0.019970088, -7.71600782e-006, 0.981363019, 0.192163017, -3.0164496e-005, 0.192163016, -0.981363019, -1, -1.33687053e-005, 2.81195895e-005, 1.37607722e-005, 0.981362896, 0.192163645, -1.19635068e-005, 0.192163645, -0.981362896, -1, 1.12053602e-005, 1.43848618e-005, 0.152182153, -0.0397634277, -0.20419751, 0, 0, 0, 0, 0, 0, 0, 0.202058984, 0.0119654297, -0.17102207, 0, 0, 0, 0, 0, 0, 0, 1, 1, 1, 
43.6069898, 0.1, 0.1, 0.106652409, 0.192906255, -0.0199698734, 7.16851165e-006, 0.981363643, 0.192159829, 3.22311069e-005, 0.192159829, -0.981363643, -0.999999999, 1.32284407e-005, -3.02529365e-005, -1.39563941e-005, 0.981363522, 0.192160447, 1.44648044e-005, 0.192160447, -0.981363522, -1, -1.09167327e-005, -1.68770983e-005, 0.152976099, -0.0420761719, -0.204138672, 0, 0, 0, 0, 0, 0, 0, 0.202346045, 0.00945112305, -0.170876221, 0, 0, 0, 0, 0, 0, 0, 1, 1, 1, 
43.6076899, 0.1, 0.1, 0.106652369, 0.192906221, -0.0199694409, -9.50711304e-006, 0.981364239, 0.192156787, -3.11826702e-005, 0.192156787, -0.981364238, -0.999999999, -1.53219025e-005, 2.87747011e-005, 1.19088135e-005, 0.981364119, 0.192157399, -1.28272592e-005, 0.192157399, -0.981364119, -1, 9.22202954e-006, 1.48765786e-005, 0.152976099, -0.0420761719, -0.204138672, 0, 0, 0, 0, 0, 0, 0, 0.202346045, 0.00945112305, -0.170876221, 0, 0, 0, 0, 0, 0, 0, 1, 1, 1, 
43.6084067, 0.1, 0.1, 0.106652324, 0.192906183, -0.0199690048, 8.06230702e-006, 0.981364839, 0.192153721, 3.17966198e-005, 0.192153721, -0.981364839, -0.999999999, 1.40219035e-005, -2.96548824e-005, -1.45274736e-005, 0.981364714, 0.192154358, 1.2920162e-005, 0.192154358, -0.981364714, -1, -1.17740845e-005, -1.54709085e-005, 0.152976099, -0.0420761719, -0.204138672, 0, 0, 0, 0, 0, 0, 0, 0.202346045, 0.00945112305, -0.170876221, 0, 0, 0, 0, 0, 0, 0, 1, 1, 1, 
43.6091506, 0.1, 0.1, 0.106652283, 0.192906148, -0.0199683179, -1.09911338e-005, 0.981365472, 0.192150486, -3.59281743e-005, 0.192150486, -0.981365472, -0.999999999, -1.76899354e-005, 3.3146718e-005, 1.45571531e-005, 0.981365333, 0.192151199, -1.42703359e-005, 0.192151199, -0.981365333, -1, 1.15438233e-005, 1.68015874e-005, 0.152976099, -0.0420761719, -0.204138672, 0, 0, 0, 0, 0, 0, 0, 0.202346045, 0.00945112305, -0.170876221, 0, 0, 0, 0, 0, 0, 0, 1, 1, 1, 
43.6098602, 0.1, 0.1, 0.106652237, 0.19290611, -0.0199675788, 6.30866098e-006, 0.981366093, 0.192147318, 3.11263156e-005, 0.192147318, -0.981366092, -0.999999999, 1.2171944e-005, -2.93341184e-005, -1.70680009e-005, 0.98136597, 0.192147945, 1.12291284e-005, 0.192147945, -0.98136597, -1, -1.45923013e-005, -1.42994658e-005, 0.152976099, -0.0420761719, -0.204138672, 0, 0, 0, 0, 0, 0, 0, 0.202346045, 0.00945112305, -0.170876221, 0, 0, 0, 0, 0, 0, 0, 1, 1, 1, 
43.6105653, 0.1, 0.1, 0.106652199, 0.192906077, -0.0199674154, -8.82729828e-006, 0.981366704, 0.192144197, -3.32978863e-005, 0.192144196, -0.981366704, -0.999999999, -1.50608122e-005, 3.09813228e-005, 1.38534243e-005, 0.981366579, 0.192144833, -1.40958897e-005, 0.192144833, -0.981366579, -1, 1.08868353e-005, 1.6495099e-005, 0.152976099, -0.0420761719, -0.204138672, 0, 0, 0, 0, 0, 0, 0, 0.202346045, 0.00945112305, -0.170876221, 0, 0, 0, 0, 0, 0, 0, 1, 1, 1, 
43.611283, 0.1, 0.1, 0.106652154, 0.192906041, -0.0199677957, 1.25261421e-005, 0.981367328, 0.19214101, 3.72467412e-005, 0.192141009, -0.981367327, -0.999999999, 1.94493731e-005, -3.41459493e-005, -1.28506971e-005, 0.98136719, 0.192141715, 1.54655607e-005, 0.192141715, -0.98136719, -1, -9.63967319e-006, -1.76465488e-005, 0.152976099, -0.0420761719, -0.204138672, 0, 0, 0, 0, 0, 0, 0, 0.202346045, 0.00945112305, -0.170876221, 0, 0, 0, 0, 0, 0, 0, 1, 1, 1, 
43.6119948, 0.1, 0.1, 0.106652118, 0.192906009, -0.0199684268, -5.09808632e-006, 0.981367953, 0.192137819, -2.84292583e-005, 0.192137819, -0.981367952, -1, -1.04654342e-005, 2.69200278e-005, 1.9230919e-005, 0.981367817, 0.192138511, -7.50634826e-006, 0.192138511, -0.981367817, -1, 1.74303464e-005, 1.10614887e-005, 0.15376333, -0.0441731201, -0.203852563, 0, 0, 0, 0, 0, 0, 0, 0.202346045, 0.00945112305, -0.170876221, 0, 0, 0, 0, 0, 0, 0, 1, 1, 1, 
43.6126989, 0.1, 0.1, 0.106652075, 0.192905975, -0.0199691586, 8.67109347e-006, 0.981368571, 0.192134662, 3.21429207e-005, 0.192134661, -0.98136857, -0.999999999, 1.46853078e-005, -2.98780345e-005, -1.23737854e-005, 0.981368448, 0.19213529, 1.42947918e-005, 0.19213529, -0.981368448, -1, -9.39670861e-006, -1.64058985e-005, 0.15376333, -0.0441731201, -0.203852563, 0, 0, 0, 0, 0, 0, 0, 0.202603809, 0.00736816406, -0.17071084, 0, 0, 0, 0, 0, 0, 0, 1, 1, 1, 
43.6134046, 0.1, 0.1, 0.106652039, 0.192905943, -0.0199698851, -8.43559249e-006, 0.981369187, 0.192131516, -3.1809025e-005, 0.192131515, -0.981369186, -0.999999999, -1.43899467e-005, 2.95956538e-005, 1.3077525e-005, 0.981369062, 0.192132151, -1.32792286e-005, 0.192132151, -0.981369062, -1, 1.02825117e-005, 1.55444371e-005, 0.15376333, -0.0441731201, -0.203852563, 0, 0, 0, 0, 0, 0, 0, 0.202603809, 0.00736816406, -0.17071084, 0, 0, 0, 0, 0, 0, 0, 1, 1, 1, 
43.6141077, 0.1, 0.1, 0.106651997, 0.192905909, -0.0199703836, 6.12153619e-006, 0.981369796, 0.192128402, 2.76048108e-005, 0.192128402, -0.981369796, -1, 1.13111589e-005, -2.59144066e-005, -1.4831627e-005, 0.981369673, 0.192129032, 9.69722482e-006, 0.192129032, -0.981369673, -1, -1.26921905e-005, -1.23661485e-005, 0.15376333, -0.0441731201, -0.203852563, 0, 0, 0, 0, 0, 0, 0, 0.202603809, 0.00736816406, -0.17071084, 0, 0, 0, 0, 0, 0, 0, 1, 1, 1, 
43.6148485, 0.1, 0.1, 0.10665196, 0.192905876, -0.0199700917, -7.74056325e-006, 0.981370436, 0.192125135, -3.22958296e-005, 0.192125135, -0.981370435, -0.999999999, -1.38012005e-005, 3.02070156e-005, 1.32877543e-005, 0.981370314, 0.192125757, -1.48151372e-005, 0.192125758, -0.981370314, -1, 1.01938382e-005, 1.70920557e-005, 0.154199414, -0.04644021, -0.203726587, 0, 0, 0, 0, 0, 0, 0, 0.202954346, 0.00511201172, -0.170365674, 0, 0, 0, 0, 0, 0, 0, 1, 1, 1, 
43.6155529, 0.1, 0.1, 0.106651919, 0.192905842, -0.0199695513, 9.21778262e-006, 0.981371039, 0.192122052, 3.20204004e-005, 0.192122052, -0.981371039, -0.999999999, 1.51978899e-005, -2.96529544e-005, -1.24803158e-005, 0.981370916, 0.192122682, 1.33416065e-005, 0.192122683, -0.981370916, -1, -9.68459375e-006, -1.54908163e-005, 0.154199414, -0.04644021, -0.203726587, 0, 0, 0, 0, 0, 0, 0, 0.202954346, 0.00511201172, -0.170365674, 0, 0, 0, 0, 0, 0, 0, 1, 1, 1, 
43.6162648, 0.1, 0.1, 0.106651884, 0.192905812, -0.0199689316, -8.67207668e-006, 0.981371646, 0.192118954, -3.10877547e-005, 0.192118954, -0.981371646, -0.999999999, -1.44830771e-005, 2.88425707e-005, 1.38830087e-005, 0.981371521, 0.192119592, -1.22799763e-005, 0.192119592, -0.981371521, -1, 1.12651654e-005, 1.4718417e-005, 0.154199414, -0.04644021, -0.203726587, 0, 0, 0, 0, 0, 0, 0, 0.202954346, 0.00511201172, -0.170365674, 0, 0, 0, 0, 0, 0, 0, 1, 1, 1, 
43.616967, 0.1, 0.1, 0.106651843, 0.192905779, -0.0199683879, 8.10028438e-006, 0.981372251, 0.192115864, 3.42856392e-005, 0.192115863, -0.98137225, -0.999999999, 1.45362095e-005, -3.20907818e-005, -1.42108775e-005, 0.981372129, 0.192116488, 1.52756879e-005, 0.192116488, -0.981372129, -1, -1.10114476e-005, -1.77212782e-005, 0.154199414, -0.04644021, -0.203726587, 0, 0, 0, 0, 0, 0, 0, 0.202954346, 0.00511201172, -0.170365674, 0, 0, 0, 0, 0, 0, 0, 1, 1, 1, 
43.6176714, 0.1, 0.1, 0.106651809, 0.19290575, -0.01996814, -8.71467198e-006, 0.981372856, 0.192112774, -3.08995109e-005, 0.192112774, -0.981372855, -0.999999999, -1.44885333e-005, 2.86497414e-005, 1.36110458e-005, 0.981372734, 0.192113394, -1.18950932e-005, 0.192113394, -0.981372734, -1, 1.10723025e-005, 1.42883844e-005, 0.154199414, -0.04644021, -0.203726587, 0, 0, 0, 0, 0, 0, 0, 0.202954346, 0.00511201172, -0.170365674, 0, 0, 0, 0, 0, 0, 0, 1, 1, 1, 
43.6183756, 0.1, 0.1, 0.106651769, 0.192905718, -0.0199682672, 8.04009674e-006, 0.981373461, 0.192109683, 3.3606571e-005, 0.192109683, -0.98137346, -0.999999999, 1.43464853e-005, -3.14360165e-005, -1.44474361e-005, 0.981373337, 0.192110314, 1.45678048e-005, 0.192110314, -0.981373337, -1, -1.13797031e-005, -1.70719567e-005, 0.154199414, -0.04644021, -0.203726587, 0, 0, 0, 0, 0, 0, 0, 0.202954346, 0.00511201172, -0.170365674, 0, 0, 0, 0, 0, 0, 0, 1, 1, 1, 
43.6190772, 0.1, 0.1, 0.106651736, 0.19290569, -0.0199687001, -8.13865022e-006, 0.981374066, 0.192106594, -3.11811409e-005, 0.192106594, -0.981374065, -0.999999999, -1.3977163e-005, 2.90368746e-005, 1.38310486e-005, 0.981373943, 0.192107219, -1.22414315e-005, 0.192107219, -0.981373943, -1, 1.12217634e-005, 1.46704662e-005, 0.154199414, -0.04644021, -0.203726587, 0, 0, 0, 0, 0, 0, 0, 0.202954346, 0.00511201172, -0.170365674, 0, 0, 0, 0, 0, 0, 0, 1, 1, 1, 
43.6198084, 0.1, 0.1, 0.106651695, 0.192905657, -0.0199690801, 8.14725681e-006, 0.981374694, 0.192103381, 3.36272212e-005, 0.19210338, -0.981374694, -0.999999999, 1.44554145e-005, -3.14357883e-005, -1.34763367e-005, 0.981374573, 0.192104003, 1.55262059e-005, 0.192104004, -0.981374573, -1, -1.02426878e-005, -1.78258819e-005, 0.155301318, -0.0489693604, -0.203476367, 0, 0, 0, 0, 0, 0, 0, 0.20330708, 0.00221152344, -0.170008057, 0, 0, 0, 0, 0, 0, 0, 1, 1, 1, 
43.6205112, 0.1, 0.1, 0.106651663, 0.192905629, -0.0199693644, -8.02460757e-006, 0.981375299, 0.192100293, -3.11260024e-005, 0.192100293, -0.981375298, -0.999999999, -1.38544658e-005, 2.90047604e-005, 1.3370325e-005, 0.981375178, 0.192100912, -1.25580354e-005, 0.192100913, -0.981375178, -1, 1.0708895e-005, 1.48925959e-005, 0.155301318, -0.0489693604, -0.203476367, 0, 0, 0, 0, 0, 0, 0, 0.20330708, 0.00221152344, -0.170008057, 0, 0, 0, 0, 0, 0, 0, 1, 1, 1, 
43.6212158, 0.1, 0.1, 0.106651625, 0.192905598, -0.0199696085, 7.59062585e-006, 0.981375901, 0.192097216, 2.93028589e-005, 0.192097216, -0.981375901, -1, 1.30782549e-005, -2.72989814e-005, -1.36468231e-005, 0.98137578, 0.192097833, 1.14862478e-005, 0.192097833, -0.98137578, -1, -1.11861784e-005, -1.38938505e-005, 0.155301318, -0.0489693604, -0.203476367, 0, 0, 0, 0, 0, 0, 0, 0.20330708, 0.00221152344, -0.170008057, 0, 0, 0, 0, 0, 0, 0, 1, 1, 1, 
43.6219218, 0.1, 0.1, 0.106651593, 0.192905569, -0.0199696997, -8.1419524e-006, 0.981376505, 0.192094129, -3.33352588e-005, 0.192094129, -0.981376505, -0.999999999, -1.43938283e-005, 3.11504186e-005, 1.3123771e-005, 0.981376385, 0.192094747, -1.51636304e-005, 0.192094747, -0.981376384, -1, 9.96650516e-006, 1.74022363e-005, 0.155301318, -0.0489693604, -0.203476367, 0, 0, 0, 0, 0, 0, 0, 0.20330708, 0.00221152344, -0.170008057, 0, 0, 0, 0, 0, 0, 0, 1, 1, 1, 
43.622639, 0.1, 0.1, 0.106651555, 0.192905538, -0.0199696066, 9.21542267e-006, 0.981377115, 0.192091016, 3.13096318e-005, 0.192091015, -0.981377115, -0.999999999, 1.50581039e-005, -2.89563563e-005, -1.23666912e-005, 0.981376993, 0.19209164, 1.30274715e-005, 0.19209164, -0.981376993, -1, -9.63391782e-006, -1.51603988e-005, 0.155301318, -0.0489693604, -0.203476367, 0, 0, 0, 0, 0, 0, 0, 0.203605615, -5.43945319e-005, -0.169620654, 0, 0, 0, 0, 0, 0, 0, 1, 1, 1, 
43.6233424, 0.1, 0.1, 0.106651524, 0.192905511, -0.0199693227, -7.92996574e-006, 0.981377713, 0.19208796, -3.19522471e-005, 0.19208796, -0.981377712, -0.999999999, -1.39199336e-005, 2.98339722e-005, 1.39406435e-005, 0.981377591, 0.192088582, -1.34403222e-005, 0.192088582, -0.981377591, -1, 1.10993027e-005, 1.58678695e-005, 0.155301318, -0.0489693604, -0.203476367, 0, 0, 0, 0, 0, 0, 0, 0.203605615, -5.43945319e-005, -0.169620654, 0, 0, 0, 0, 0, 0, 0, 1, 1, 1, 
43.6240444, 0.1, 0.1, 0.106651487, 0.192905481, -0.0199690615, 8.302062e-006, 0.981378309, 0.192084917, 3.11965161e-005, 0.192084917, -0.981378308, -0.999999999, 1.41398438e-005, -2.90208833e-005, -1.34516169e-005, 0.981378188, 0.192085535, 1.26823356e-005, 0.192085535, -0.981378188, -1, -1.07650302e-005, -1.50300286e-005, 0.155301318, -0.0489693604, -0.203476367, 0, 0, 0, 0, 0, 0, 0, 0.203605615, -5.43945319e-005, -0.169620654, 0, 0, 0, 0, 0, 0, 0, 1, 1, 1, 
43.6247621, 0.1, 0.1, 0.106651456, 0.192905454, -0.0199688325, -1.04724806e-005, 0.981378919, 0.1920818, -3.42991348e-005, 0.192081799, -0.981378918, -0.999999999, -1.68657112e-005, 3.16488749e-005, 1.31651097e-005, 0.981378788, 0.192082466, -1.43570187e-005, 0.192082467, -0.981378788, -1, 1.01622278e-005, 1.66184603e-005, 0.155301318, -0.0489693604, -0.203476367, 0, 0, 0, 0, 0, 0, 0, 0.203605615, -5.43945319e-005, -0.169620654, 0, 0, 0, 0, 0, 0, 0, 1, 1, 1, 
43.6254709, 0.1, 0.1, 0.106651419, 0.192905424, -0.0199686081, 7.04961818e-006, 0.981379523, 0.192078714, 3.17458138e-005, 0.192078714, -0.981379522, -0.999999999, 1.3016046e-005, -2.98006101e-005, -1.52908455e-005, 0.981379401, 0.192079338, 1.27197283e-005, 0.192079338, -0.981379401, -1, -1.25629238e-005, -1.54199348e-005, 0.155993237, -0.0517156494, -0.203044165, 0, 0, 0, 0, 0, 0, 0, 0.203605615, -5.43945319e-005, -0.169620654, 0, 0, 0, 0, 0, 0, 0, 1, 1, 1, 
43.626177, 0.1, 0.1, 0.106651389, 0.192905398, -0.0199685495, -9.17263757e-006, 0.981380127, 0.192075627, -3.24245479e-005, 0.192075627, -0.981380126, -0.999999999, -1.52298096e-005, 3.00589668e-005, 1.27927192e-005, 0.981380005, 0.192076247, -1.37710742e-005, 0.192076247, -0.981380005, -1, 9.90942257e-006, 1.59718344e-005, 0.155993237, -0.0517156494, -0.203044165, 0, 0, 0, 0, 0, 0, 0, 0.203605615, -5.43945319e-005, -0.169620654, 0, 0, 0, 0, 0, 0, 0, 1, 1, 1, 
43.6268943, 0.1, 0.1, 0.106651353, 0.192905368, -0.0199685427, 7.54164282e-006, 0.981380741, 0.192072491, 3.25007389e-005, 0.19207249, -0.98138074, -0.999999999, 1.36437209e-005, -3.04470571e-005, -1.49859967e-005, 0.981380618, 0.192073118, 1.34108089e-005, 0.192073118, -0.981380618, -1, -1.21311108e-005, -1.60395151e-005, 0.155993237, -0.0517156494, -0.203044165, 0, 0, 0, 0, 0, 0, 0, 0.203605615, -5.43945319e-005, -0.169620654, 0, 0, 0, 0, 0, 0, 0, 1, 1, 1, 
43.6276242, 0.1, 0.1, 0.106651323, 0.192905342, -0.0199684807, -7.67327503e-006, 0.981381368, 0.192069286, -3.26241579e-005, 0.192069286, -0.981381367, -0.999999999, -1.37965079e-005, 3.05429403e-005, 1.4503721e-005, 0.981381245, 0.192069914, -1.38182624e-005, 0.192069914, -0.981381245, -1, 1.15796073e-005, 1.6346712e-005, 0.156652563, -0.054464624, -0.202793823, 0, 0, 0, 0, 0, 0, 0, 0.20422041, -0.00255844727, -0.169081543, 0, 0, 0, 0, 0, 0, 0, 1, 1, 1, 
43.6283319, 0.1, 0.1, 0.106651288, 0.192905314, -0.0199685813, 9.76267526e-006, 0.981381976, 0.192066179, 3.29291548e-005, 0.192066178, -0.981381976, -0.999999999, 1.59054905e-005, -3.04409993e-005, -1.28751392e-005, 0.981381851, 0.192066819, 1.35655624e-005, 0.192066819, -0.981381851, -1, -1.00299336e-005, -1.57858837e-005, 0.156652563, -0.054464624, -0.202793823, 0, 0, 0, 0, 0, 0, 0, 0.20422041, -0.00255844727, -0.169081543, 0, 0, 0, 0, 0, 0, 0, 1, 1, 1, 
43.6290434, 0.1, 0.1, 0.10665126, 0.192905289, -0.019968801, -7.03475692e-006, 0.981382589, 0.192063047, -3.14248002e-005, 0.192063047, -0.981382589, -0.999999999, -1.29393308e-005, 2.94886349e-005, 1.52591462e-005, 0.981382465, 0.192063681, -1.25703363e-005, 0.192063681, -0.981382465, -1, 1.25607534e-005, 1.52670354e-005, 0.156652563, -0.054464624, -0.202793823, 0, 0, 0, 0, 0, 0, 0, 0.20422041, -0.00255844727, -0.169081543, 0, 0, 0, 0, 0, 0, 0, 1, 1, 1, 
43.6297629, 0.1, 0.1, 0.106651225, 0.192905261, -0.0199689566, 8.64622066e-006, 0.981383209, 0.19205988, 3.32063018e-005, 0.192059879, -0.981383208, -0.999999999, 1.48628541e-005, -3.09275149e-005, -1.31464549e-005, 0.981383086, 0.192060507, 1.46243126e-005, 0.192060507, -0.981383086, -1, -1.00929556e-005, -1.68769679e-005, 0.156652563, -0.054464624, -0.202793823, 0, 0, 0, 0, 0, 0, 0, 0.20422041, -0.00255844727, -0.169081543, 0, 0, 0, 0, 0, 0, 0, 1, 1, 1, 
43.6304702, 0.1, 0.1, 0.106651197, 0.192905236, -0.0199691113, -8.0883187e-006, 0.981383818, 0.192056768, -3.09562843e-005, 0.192056767, -0.981383817, -0.999999999, -1.3883109e-005, 2.88265802e-005, 1.3631792e-005, 0.981383696, 0.192057389, -1.24581055e-005, 0.192057389, -0.981383696, -1, 1.09853472e-005, 1.4844268e-005, 0.156652563, -0.054464624, -0.202793823, 0, 0, 0, 0, 0, 0, 0, 0.20422041, -0.00255844727, -0.169081543, 0, 0, 0, 0, 0, 0, 0, 1, 1, 1, 
43.631172, 0.1, 0.1, 0.106651163, 0.192905209, -0.019969301, 7.33584492e-006, 0.98138442, 0.192053691, 3.10615946e-005, 0.192053691, -0.98138442, -0.999999999, 1.31647778e-005, -2.90744889e-005, -1.39305901e-005, 0.9813843, 0.192054306, 1.30036656e-005, 0.192054306, -0.981384299, -1, -1.11738525e-005, -1.54370231e-005, 0.156652563, -0.054464624, -0.202793823, 0, 0, 0, 0, 0, 0, 0, 0.20422041, -0.00255844727, -0.169081543, 0, 0, 0, 0, 0, 0, 0, 1, 1, 1, 
43.6318872, 0.1, 0.1, 0.106651135, 0.192905185, -0.0199694706, -1.07025685e-005, 0.981385033, 0.192050559, -3.30857468e-005, 0.192050559, -0.981385032, -0.999999999, -1.68574767e-005, 3.04144224e-005, 1.26931363e-005, 0.981384899, 0.19205124, -1.31345498e-005, 0.19205124, -0.981384899, -1, 9.93434574e-006, 1.53277814e-005, 0.156652563, -0.054464624, -0.202793823, 0, 0, 0, 0, 0, 0, 0, 0.20422041, -0.00255844727, -0.169081543, 0, 0, 0, 0, 0, 0, 0, 1, 1, 1, 
43.632599, 0.1, 0.1, 0.106651101, 0.192905157, -0.0199693089, 5.1060424e-006, 0.981385643, 0.19204744, 2.93392353e-005, 0.192047439, -0.981385643, -1, 1.06455217e-005, -2.78125019e-005, -1.65611967e-005, 0.981385524, 0.192048048, 1.09141984e-005, 0.192048048, -0.981385524, -1, -1.41568682e-005, -1.38915818e-005, 0.157733472, -0.0570209961, -0.202377246, 0, 0, 0, 0, 0, 0, 0, 0.204546533, -0.00525229492, -0.168698779, 0, 0, 0, 0, 0, 0, 0, 1, 1, 1, 
43.6333039, 0.1, 0.1, 0.106651075, 0.192905134, -0.0199692008, -8.89986863e-006, 0.981386247, 0.192044354, -3.13282637e-005, 0.192044354, -0.981386247, -0.999999999, -1.47506248e-005, 2.90359576e-005, 1.24693306e-005, 0.981386124, 0.192044982, -1.32142981e-005, 0.192044982, -0.981386124, -1, 9.69948836e-006, 1.53630012e-005, 0.157733472, -0.0570209961, -0.202377246, 0, 0, 0, 0, 0, 0, 0, 0.204546533, -0.00525229492, -0.168698779, 0, 0, 0, 0, 0, 0, 0, 1, 1, 1, 
43.634006, 0.1, 0.1, 0.106651042, 0.192905108, -0.0199691292, 9.96644019e-006, 0.981386846, 0.192041293, 3.39478473e-005, 0.192041292, -0.981386846, -0.999999999, 1.63003218e-005, -3.14020027e-005, -1.22247174e-005, 0.981386724, 0.192041915, 1.50681622e-005, 0.192041915, -0.981386724, -1, -9.10345661e-006, -1.71353525e-005, 0.157733472, -0.0570209961, -0.202377246, 0, 0, 0, 0, 0, 0, 0, 0.204546533, -0.00525229492, -0.168698779, 0, 0, 0, 0, 0, 0, 0, 1, 1, 1, 
43.6347129, 0.1, 0.1, 0.106651017, 0.192905086, -0.0199691018, -5.52167359e-006, 0.98138745, 0.192038209, -2.90392335e-005, 0.192038209, -0.981387449, -1, -1.09955436e-005, 2.7438367e-005, 1.64157671e-005, 0.981387327, 0.192038833, -1.02637435e-005, 0.192038833, -0.981387328, -1, 1.41391884e-005, 1.32251725e-005, 0.157733472, -0.0570209961, -0.202377246, 0, 0, 0, 0, 0, 0, 0, 0.204546533, -0.00525229492, -0.168698779, 0, 0, 0, 0, 0, 0, 0, 1, 1, 1, 
43.6354191, 0.1, 0.1, 0.106650985, 0.19290506, -0.0199691069, 1.05028577e-005, 0.981388052, 0.19203513, 3.3318649e-005, 0.192035129, -0.981388052, -0.999999999, 1.67057301e-005, -3.06816064e-005, -1.12183058e-005, 0.98138793, 0.192035755, 1.49787208e-005, 0.192035755, -0.98138793, -1, -8.13305994e-006, -1.68542516e-005, 0.157733472, -0.0570209961, -0.202377246, 0, 0, 0, 0, 0, 0, 0, 0.204546533, -0.00525229492, -0.168698779, 0, 0, 0, 0, 0, 0, 0, 1, 1, 1, 
43.6361243, 0.1, 0.1, 0.10665096, 0.192905038, -0.0199691359, -7.25490474e-006, 0.981388653, 0.192032059, -3.16517519e-005, 0.192032059, -0.981388653, -0.999999999, -1.31980323e-005, 2.96694959e-005, 1.49536702e-005, 0.98138853, 0.192032685, -1.26903211e-005, 0.192032685, -0.98138853, -1, 1.2238404e-005, 1.5325729e-005, 0.157733472, -0.0570209961, -0.202377246, 0, 0, 0, 0, 0, 0, 0, 0.204546533, -0.00525229492, -0.168698779, 0, 0, 0, 0, 0, 0, 0, 1, 1, 1, 
43.6368525, 0.1, 0.1, 0.106650928, 0.192905012, -0.0199690814, 1.03202293e-005, 0.981389275, 0.192028882, 3.36562051e-005, 0.192028881, -0.981389274, -0.999999999, 1.65911258e-005, -3.10480566e-005, -1.29013084e-005, 0.981389143, 0.192029555, 1.40866728e-005, 0.192029555, -0.981389143, -1, -9.95614645e-006, -1.63019402e-005, 0.158698535, -0.0589246094, -0.201657471, 0, 0, 0, 0, 0, 0, 0, 0.204546533, -0.00525229492, -0.168698779, 0, 0, 0, 0, 0, 0, 0, 1, 1, 1, 
43.6375682, 0.1, 0.1, 0.106650903, 0.19290499, -0.0199687884, -8.43266186e-006, 0.981389888, 0.19202575, -3.38182565e-005, 0.192025749, -0.981389887, -0.999999999, -1.47697051e-005, 3.15696067e-005, 1.38411296e-005, 0.981389766, 0.192026372, -1.48843995e-005, 0.192026372, -0.981389766, -1, 1.07253457e-005, 1.72652593e-005, 0.158698535, -0.0589246094, -0.201657471, 0, 0, 0, 0, 0, 0, 0, 0.205048779, -0.00732158203, -0.168289893, 0, 0, 0, 0, 0, 0, 0, 1, 1, 1, 
