time, trialNum, realDorsalTactorPos, realVentralTactorPos, boxPosX, boxPosY, boxPosZ, boxLocalRot_11, boxLocalRot_12, boxLocalRot_13, boxLocalRot_21, boxLocalRot_22, boxLocalRot_23, boxLocalRot_31, boxLocalRot_32, boxLocalRot_33, boxGlobalRot_11, boxGlobalRot_12, boxGlobalRot_13, boxGlobalRot_21, boxGlobalRot_22, boxGlobalRot_23, boxGlobalRot_31, boxGlobalRot_32, boxGlobalRot_33, indexForceX, indexForceY, indexForceZ, indexForceGlobalX, indexForceGlobalY, indexForceGlobalZ, indexContact, indexPosX, indexPosY, indexPosZ, indexRot_11, indexRot_12, indexRot_13, indexRot_21, indexRot_22, indexRot_23, indexRot_31, indexRot_32, indexRot_33, thumbForceX, thumbForceY, thumbForceZ, thumbForceGlobalX, thumbForceGlobalY, thumbForceGlobalZ, thumbContact, thumbPosX, thumbPosY, thumbPosZ, thumbRot_11, thumbRot_12, thumbRot_13, thumbRot_21, thumbRot_22, thumbRot_23, thumbRot_31, thumbRot_32, thumbRot_33, manipForceTooHigh, cceExpType, mapping, trialSuccess, 
459.311581, 34, 0.1, 0.1, 0.0119420159, 0.34450446, -0.0199748393, 0.968253293, -0.249971118, -1.42722289e-005, 0.249971118, 0.968253293, -3.39909251e-006, 1.46688076e-005, -2.76462507e-007, 1, 0.968253302, -0.249971086, -8.11276803e-006, 0.249971086, 0.968253302, -1.7264278e-006, 8.28677146e-006, -3.56338011e-007, 1, 0, -0, 0, 0, 0, 0, 0, 0.449550415, -0.225917871, -0.268339697, 0.28205789, 0.245116688, -0.927576135, -0.924194336, -0.189819336, -0.331176758, -0.2573753, 0.950654357, 0.173115117, 0, 0, -0, 0, 0, 0, 0, 0.466225537, -0.145868799, -0.249976172, 0.41456706, 0.119959598, -0.902028018, 0.175048828, -0.983154297, -0.0502929687, -0.89283138, -0.137015102, -0.428667136, 0, 3, 1, 1, 
459.324212, 34, 0.1, 0.1, 0.0119420073, 0.344504474, -0.0199810729, 0.968252722, -0.249973329, 3.32384292e-005, 0.24997333, 0.968252722, -2.85008814e-005, -2.50587394e-005, 3.59047768e-005, 0.999999999, 0.96825268, -0.249973489, 4.046838e-005, 0.249973489, 0.968252681, -1.07125725e-005, -3.65057583e-005, 2.04884992e-005, 0.999999999, 0, -0, 0, 0, 0, 0, 0, 0.460764819, -0.230012524, -0.262287524, 0.272297945, 0.244166757, -0.930704515, -0.915283203, -0.232177734, -0.328735352, -0.296367631, 0.941535416, 0.160386267, 0, 0, -0, 0, 0, 0, 0, 0.476284326, -0.149767188, -0.243713428, 0.421756741, 0.113110767, -0.899550047, 0.205444336, -0.978271484, -0.0267333984, -0.882992754, -0.173453071, -0.435893996, 0, 3, 1, 1, 
459.324905, 34, 0.1, 0.1, 0.0119420101, 0.344504481, -0.0199823281, 0.968252984, -0.249972314, -3.24242761e-005, 0.249972314, 0.968252985, -2.1687204e-005, 3.68161027e-005, 1.28935287e-005, 0.999999999, 0.968252926, -0.249972541, -2.66697044e-005, 0.24997254, 0.968252926, -3.66285985e-005, 3.49791632e-005, 2.87990539e-005, 0.999999999, 0, -0, 0, 0, 0, 0, 0, 0.460764819, -0.230012524, -0.262287524, 0.272297945, 0.244166757, -0.930704515, -0.915283203, -0.232177734, -0.328735352, -0.296367631, 0.941535416, 0.160386267, 0, 0, -0, 0, 0, 0, 0, 0.476284326, -0.149767188, -0.243713428, 0.421756741, 0.113110767, -0.899550047, 0.205444336, -0.978271484, -0.0267333984, -0.882992754, -0.173453071, -0.435893996, 0, 3, 1, 1, 
459.325628, 34, 0.1, 0.1, 0.0119420124, 0.344504475, -0.019979513, 0.96825335, -0.249970899, 2.44355963e-005, 0.249970898, 0.96825335, 3.1850552e-005, -3.16215591e-005, -2.47312158e-005, 0.999999999, 0.968253273, -0.249971196, 9.5562673e-006, 0.249971196, 0.968253273, 3.49253536e-005, -1.79832195e-005, -3.14277964e-005, 0.999999999, 0, -0, 0, 0, 0, 0, 0, 0.463339844, -0.2304302, -0.260297021, 0.270921911, 0.244914127, -0.930902588, -0.912109375, -0.243408203, -0.329467773, -0.307396555, 0.938450837, 0.157575024, 0, 0, -0, 0, 0, 0, 0, 0.477614502, -0.150471484, -0.242835107, 0.421092497, 0.112285009, -0.89999081, 0.213745117, -0.9765625, -0.0218505859, -0.881344171, -0.183113793, -0.435203866, 0, 3, 1, 1, 
459.326328, 34, 0.1, 0.1, 0.0119420092, 0.344504475, -0.0199739486, 0.96825378, -0.249969232, -1.34269834e-005, 0.249969231, 0.96825378, -1.9886176e-005, 1.79716596e-005, 1.58985323e-005, 1, 0.968253687, -0.249969592, 1.27248304e-005, 0.249969592, 0.968253687, -1.91457324e-005, -7.53501304e-006, 2.17187467e-005, 1, 0, -0, 0, 0, 0, 0, 0, 0.463339844, -0.2304302, -0.260297021, 0.270921911, 0.244914127, -0.930902588, -0.912109375, -0.243408203, -0.329467773, -0.307396555, 0.938450837, 0.157575024, 0, 0, -0, 0, 0, 0, 0, 0.477614502, -0.150471484, -0.242835107, 0.421092497, 0.112285009, -0.89999081, 0.213745117, -0.9765625, -0.0218505859, -0.881344171, -0.183113793, -0.435203866, 0, 3, 1, 1, 
459.327018, 34, 0.1, 0.1, 0.0119420152, 0.344504471, -0.0199675674, 0.968254281, -0.249967294, 1.28594783e-006, 0.249967293, 0.96825428, 2.43202874e-005, -7.32440091e-006, -2.32267775e-005, 1, 0.968254178, -0.24996769, -2.46487017e-005, 0.24996769, 0.968254178, 2.71531805e-005, 1.70787906e-005, -3.24525595e-005, 0.999999999, 0, -0, 0, 0, 0, 0, 0, 0.463339844, -0.2304302, -0.260297021, 0.270921911, 0.244914127, -0.930902588, -0.912109375, -0.243408203, -0.329467773, -0.307396555, 0.938450837, 0.157575024, 0, 0, -0, 0, 0, 0, 0, 0.477614502, -0.150471484, -0.242835107, 0.421092497, 0.112285009, -0.89999081, 0.213745117, -0.9765625, -0.0218505859, -0.881344171, -0.183113793, -0.435203866, 0, 3, 1, 1, 
459.327753, 34, 0.1, 0.1, 0.011942013, 0.344504476, -0.0199616848, 0.968254902, -0.249964886, -7.41352579e-006, 0.249964885, 0.968254902, -4.12282745e-005, 1.74838036e-005, 3.80663578e-005, 0.999999999, 0.968254768, -0.249965406, 3.51877666e-006, 0.249965406, 0.968254767, -4.92273933e-005, 8.89807308e-006, 4.85442307e-005, 0.999999999, 0, -0, 0, 0, 0, 0, 0, 0.464422461, -0.230699438, -0.260531372, 0.266323879, 0.248549124, -0.931263168, -0.911010742, -0.250366211, -0.327392578, -0.314578182, 0.935650456, 0.159980381, 0, 0, -0, 0, 0, 0, 0, 0.477614502, -0.150471484, -0.242835107, 0.417821217, 0.112021417, -0.901523822, 0.223022461, -0.974609375, -0.0178222656, -0.880583312, -0.193451886, -0.432296424, 0, 3, 1, 1, 
459.32845, 34, 0.1, 0.1, 0.0119420148, 0.344504471, -0.0199585589, 0.968255491, -0.249962606, -6.00692259e-006, 0.249962606, 0.96825549, 3.40241397e-005, -2.68852686e-006, -3.44455661e-005, 0.999999999, 0.968255384, -0.249963018, -1.20799301e-005, 0.249963019, 0.968255383, 4.0950242e-005, 1.4604112e-006, -4.26698281e-005, 0.999999999, 0, -0, 0, 0, 0, 0, 0, 0.464422461, -0.230699438, -0.260531372, 0.266323879, 0.248549124, -0.931263168, -0.911010742, -0.250366211, -0.327392578, -0.314578182, 0.935650456, 0.159980381, 0, 0, -0, 0, 0, 0, 0, 0.478976758, -0.150706348, -0.243321875, 0.417821217, 0.112021417, -0.901523822, 0.223022461, -0.974609375, -0.0178222656, -0.880583312, -0.193451886, -0.432296424, 0, 3, 1, 1, 
459.329139, 34, 0.1, 0.1, 0.0119420129, 0.344504475, -0.0199589338, 0.968255948, -0.249960835, 1.85610714e-005, 0.249960835, 0.968255947, -3.11575317e-005, -1.01837052e-005, 3.48080063e-005, 0.999999999, 0.968255867, -0.249961148, 2.9206179e-005, 0.249961149, 0.968255866, -3.75866825e-005, -1.88838438e-005, 4.36939359e-005, 0.999999999, 0, -0, 0, 0, 0, 0, 0, 0.464422461, -0.230699438, -0.260531372, 0.266323879, 0.248549124, -0.931263168, -0.911010742, -0.250366211, -0.327392578, -0.314578182, 0.935650456, 0.159980381, 0, 0, -0, 0, 0, 0, 0, 0.478976758, -0.150706348, -0.243321875, 0.417821217, 0.112021417, -0.901523822, 0.223022461, -0.974609375, -0.0178222656, -0.880583312, -0.193451886, -0.432296424, 0, 3, 1, 1, 
459.329837, 34, 0.1, 0.1, 0.0119420164, 0.344504469, -0.019962446, 0.9682564, -0.249959086, -5.10695537e-006, 0.249959086, 0.968256399, 4.01135219e-005, -5.08189704e-006, -4.01167042e-005, 0.999999999, 0.968256305, -0.249959451, -1.06392471e-005, 0.249959451, 0.968256304, 4.5457529e-005, -1.06102092e-006, -4.66739195e-005, 0.999999999, 0, -0, 0, 0, 0, 0, 0, 0.464422461, -0.230699438, -0.260531372, 0.266323879, 0.248549124, -0.931263168, -0.911010742, -0.250366211, -0.327392578, -0.314578182, 0.935650456, 0.159980381, 0, 0, -0, 0, 0, 0, 0, 0.478976758, -0.150706348, -0.243321875, 0.417821217, 0.112021417, -0.901523822, 0.223022461, -0.974609375, -0.0178222656, -0.880583312, -0.193451886, -0.432296424, 0, 3, 1, 1, 
459.330535, 34, 0.1, 0.1, 0.0119420162, 0.34450447, -0.0199678725, 0.968256841, -0.249957374, 1.79362618e-005, 0.249957375, 0.968256841, -2.06023306e-005, -1.22172037e-005, 2.44316485e-005, 1, 0.96825676, -0.249957689, 6.45689946e-006, 0.249957689, 0.96825676, -2.88593716e-005, 9.61685276e-007, 2.95572333e-005, 1, 0, -0, 0, 0, 0, 0, 0, 0.464422461, -0.230699438, -0.260531372, 0.266323879, 0.248549124, -0.931263168, -0.911010742, -0.250366211, -0.327392578, -0.314578182, 0.935650456, 0.159980381, 0, 0, -0, 0, 0, 0, 0, 0.478976758, -0.150706348, -0.243321875, 0.417821217, 0.112021417, -0.901523822, 0.223022461, -0.974609375, -0.0178222656, -0.880583312, -0.193451886, -0.432296424, 0, 3, 1, 1, 
459.331237, 34, 0.1, 0.1, 0.0119420176, 0.344504466, -0.0199734971, 0.968257162, -0.24995613, -1.45844074e-005, 0.249956131, 0.968257162, 2.17370734e-005, 8.68814214e-006, -2.46925391e-005, 1, 0.968257102, -0.249956364, -1.835812e-005, 0.249956364, 0.968257102, 2.64624726e-005, 1.11609167e-005, -3.0211206e-005, 0.999999999, 0, -0, 0, 0, 0, 0, 0, 0.464422461, -0.230699438, -0.260531372, 0.266323879, 0.248549124, -0.931263168, -0.911010742, -0.250366211, -0.327392578, -0.314578182, 0.935650456, 0.159980381, 0, 0, -0, 0, 0, 0, 0, 0.478976758, -0.150706348, -0.243321875, 0.417821217, 0.112021417, -0.901523822, 0.223022461, -0.974609375, -0.0178222656, -0.880583312, -0.193451886, -0.432296424, 0, 3, 1, 1, 
459.33193, 34, 0.1, 0.1, 0.0119420176, 0.344504468, -0.0199775089, 0.968257448, -0.249955025, 9.12364895e-007, 0.249955025, 0.968257448, -2.22788349e-005, 4.68530263e-006, 2.1799698e-005, 1, 0.968257393, -0.249955238, 6.4585498e-006, 0.249955238, 0.968257393, -2.43517434e-005, -1.66692758e-007, 2.51931039e-005, 1, 0, -0, 0, 0, 0, 0, 0, 0.464422461, -0.230699438, -0.260531372, 0.266323879, 0.248549124, -0.931263168, -0.911010742, -0.250366211, -0.327392578, -0.314578182, 0.935650456, 0.159980381, 0, 0, -0, 0, 0, 0, 0, 0.478976758, -0.150706348, -0.243321875, 0.417821217, 0.112021417, -0.901523822, 0.223022461, -0.974609375, -0.0178222656, -0.880583312, -0.193451886, -0.432296424, 0, 3, 1, 1, 
459.332656, 34, 0.1, 0.1, 0.0119420185, 0.344504465, -0.0199788473, 0.968257728, -0.249953941, -1.19416292e-005, 0.249953941, 0.968257728, 1.10224927e-005, 8.80745928e-006, -1.3657471e-005, 1, 0.968257675, -0.249954144, -1.67991272e-006, 0.249954144, 0.968257675, 1.90376198e-005, -3.13194356e-006, -1.88532226e-005, 1, 0, -0, 0, 0, 0, 0, 0, 0.467930347, -0.230905566, -0.260748877, 0.26119228, 0.253453075, -0.931350413, -0.909667969, -0.25793457, -0.325317383, -0.322787628, 0.932278316, 0.163331182, 0, 0, -0, 0, 0, 0, 0, 0.478976758, -0.150706348, -0.243321875, 0.412396424, 0.110505895, -0.904200121, 0.229248047, -0.973144531, -0.0144042969, -0.881521708, -0.201221221, -0.426686064, 0, 3, 1, 1, 
459.333354, 34, 0.1, 0.1, 0.0119420176, 0.344504467, -0.0199771596, 0.968257893, -0.249953299, 2.87217737e-005, 0.2499533, 0.968257893, -1.38627331e-005, -2.43450482e-005, 2.06018029e-005, 0.999999999, 0.96825787, -0.249953389, 2.22096721e-005, 0.24995339, 0.96825787, -2.15693679e-005, -1.61133532e-005, 2.6436093e-005, 1, 0, -0, 0, 0, 0, 0, 0, 0.467930347, -0.230905566, -0.260748877, 0.26119228, 0.253453075, -0.931350413, -0.909667969, -0.25793457, -0.325317383, -0.322787628, 0.932278316, 0.163331182, 0, 0, -0, 0, 0, 0, 0, 0.480607275, -0.151639746, -0.244273926, 0.412396424, 0.110505895, -0.904200121, 0.229248047, -0.973144531, -0.0144042969, -0.881521708, -0.201221221, -0.426686064, 0, 3, 1, 1, 
459.334051, 34, 0.1, 0.1, 0.0119420195, 0.344504464, -0.019973365, 0.968257939, -0.249953121, -3.90441e-005, 0.249953122, 0.968257939, 8.64031311e-006, 3.56450865e-005, -1.81252464e-005, 0.999999999, 0.968257941, -0.249953113, -2.77207533e-005, 0.249953114, 0.968257941, 1.84178341e-005, 2.22372446e-005, -2.47621027e-005, 0.999999999, 0, -0, 0, 0, 0, 0, 0, 0.467930347, -0.230905566, -0.260748877, 0.26119228, 0.253453075, -0.931350413, -0.909667969, -0.25793457, -0.325317383, -0.322787628, 0.932278316, 0.163331182, 0, 0, -0, 0, 0, 0, 0, 0.480607275, -0.151639746, -0.244273926, 0.412396424, 0.110505895, -0.904200121, 0.229248047, -0.973144531, -0.0144042969, -0.881521708, -0.201221221, -0.426686064, 0, 3, 1, 1, 
459.334745, 34, 0.1, 0.1, 0.0119420215, 0.344504468, -0.019968733, 0.968257854, -0.24995345, 2.53423197e-005, 0.249953451, 0.968257854, -2.02841297e-005, -1.94678118e-005, 2.59746681e-005, 0.999999999, 0.968257882, -0.249953344, 1.4401028e-005, 0.249953344, 0.968257881, -3.15487917e-005, -6.05818286e-006, 3.41469513e-005, 0.999999999, 0, -0, 0, 0, 0, 0, 0, 0.467930347, -0.230905566, -0.260748877, 0.26119228, 0.253453075, -0.931350413, -0.909667969, -0.25793457, -0.325317383, -0.322787628, 0.932278316, 0.163331182, 0, 0, -0, 0, 0, 0, 0, 0.480607275, -0.151639746, -0.244273926, 0.412396424, 0.110505895, -0.904200121, 0.229248047, -0.973144531, -0.0144042969, -0.881521708, -0.201221221, -0.426686064, 0, 3, 1, 1, 
459.335442, 34, 0.1, 0.1, 0.0119420225, 0.344504462, -0.0199647022, 0.968257655, -0.249954224, -1.25430883e-005, 0.249954224, 0.968257654, 2.91792233e-005, 4.85147112e-006, -3.13882042e-005, 0.999999999, 0.968257697, -0.249954058, -1.87653465e-005, 0.249954058, 0.968257697, 3.58732546e-005, 9.20302561e-006, -3.94250294e-005, 0.999999999, 0, -0, 0, 0, 0, 0, 0, 0.467930347, -0.230905566, -0.260748877, 0.26119228, 0.253453075, -0.931350413, -0.909667969, -0.25793457, -0.325317383, -0.322787628, 0.932278316, 0.163331182, 0, 0, -0, 0, 0, 0, 0, 0.480607275, -0.151639746, -0.244273926, 0.412396424, 0.110505895, -0.904200121, 0.229248047, -0.973144531, -0.0144042969, -0.881521708, -0.201221221, -0.426686064, 0, 3, 1, 1, 
459.336135, 34, 0.1, 0.1, 0.011942022, 0.344504466, -0.0199624333, 0.968257514, -0.249954771, -1.15593308e-005, 0.24995477, 0.968257513, -3.47716588e-005, 1.98837509e-005, 3.077861e-005, 0.999999999, 0.96825753, -0.249954707, -2.9763839e-006, 0.249954707, 0.968257529, -4.10949886e-005, 1.3153792e-005, 3.9046571e-005, 0.999999999, 0, -0, 0, 0, 0, 0, 0, 0.467930347, -0.230905566, -0.260748877, 0.26119228, 0.253453075, -0.931350413, -0.909667969, -0.25793457, -0.325317383, -0.322787628, 0.932278316, 0.163331182, 0, 0, -0, 0, 0, 0, 0, 0.480607275, -0.151639746, -0.244273926, 0.412396424, 0.110505895, -0.904200121, 0.229248047, -0.973144531, -0.0144042969, -0.881521708, -0.201221221, -0.426686064, 0, 3, 1, 1, 
459.336835, 34, 0.1, 0.1, 0.0119420246, 0.34450446, -0.019962392, 0.968257452, -0.249955008, -2.50335771e-005, 0.249955009, 0.968257452, 3.06744242e-005, 1.65717217e-005, -3.59580078e-005, 0.999999999, 0.968257468, -0.249954948, -1.01712032e-005, 0.249954949, 0.968257467, 4.26378707e-005, -8.09203365e-007, -4.38267793e-005, 0.999999999, 0, -0, 0, 0, 0, 0, 0, 0.467930347, -0.230905566, -0.260748877, 0.26119228, 0.253453075, -0.931350413, -0.909667969, -0.25793457, -0.325317383, -0.322787628, 0.932278316, 0.163331182, 0, 0, -0, 0, 0, 0, 0, 0.480607275, -0.151639746, -0.244273926, 0.412396424, 0.110505895, -0.904200121, 0.229248047, -0.973144531, -0.0144042969, -0.881521708, -0.201221221, -0.426686064, 0, 3, 1, 1, 
459.337562, 34, 0.1, 0.1, 0.0119420246, 0.344504464, -0.0199643674, 0.96825729, -0.249955637, 1.49503719e-005, 0.249955637, 0.968257289, -3.02569615e-005, -6.91290847e-006, 3.30334532e-005, 0.999999999, 0.968257325, -0.249955502, 2.118473e-005, 0.249955503, 0.968257324, -3.55915505e-005, -1.16159661e-005, 3.97570193e-005, 0.999999999, 0, -0, 0, 0, 0, 0, 0, 0.469402197, -0.23125354, -0.261023877, 0.25530732, 0.255495608, -0.932491686, -0.909790039, -0.262817383, -0.321044922, -0.327169995, 0.930348115, 0.165489412, 0, 0, -0, 0, 0, 0, 0, 0.481465039, -0.151695557, -0.245463623, 0.405540332, 0.109105212, -0.907502384, 0.236572266, -0.971435547, -0.0109863281, -0.882856026, -0.210083171, -0.419791326, 0, 3, 1, 1, 
459.338265, 34, 0.1, 0.1, 0.011942026, 0.34450446, -0.0199674992, 0.968257183, -0.24995605, 8.55129303e-006, 0.24995605, 0.968257183, 3.05432252e-005, -1.59143148e-005, -2.74362498e-005, 0.999999999, 0.968257194, -0.249956007, 1.24775464e-006, 0.249956007, 0.968257194, 3.52391569e-005, -1.00163864e-005, -3.38086835e-005, 0.999999999, 0, -0, 0, 0, 0, 0, 0, 0.469402197, -0.23125354, -0.261023877, 0.25530732, 0.255495608, -0.932491686, -0.909790039, -0.262817383, -0.321044922, -0.327169995, 0.930348115, 0.165489412, 0, 0, -0, 0, 0, 0, 0, 0.481465039, -0.151695557, -0.245463623, 0.405540332, 0.109105212, -0.907502384, 0.236572266, -0.971435547, -0.0109863281, -0.882856026, -0.210083171, -0.419791326, 0, 3, 1, 1, 
459.33896, 34, 0.1, 0.1, 0.0119420252, 0.344504462, -0.0199709758, 0.968257145, -0.249956199, 1.76303145e-005, 0.249956199, 0.968257145, -2.36450356e-005, -1.11604547e-005, 2.73012811e-005, 1, 0.968257155, -0.249956159, 6.2714418e-006, 0.249956159, 0.968257155, -3.22120296e-005, 1.97922679e-006, 3.27571136e-005, 0.999999999, 0, -0, 0, 0, 0, 0, 0, 0.469402197, -0.23125354, -0.261023877, 0.25530732, 0.255495608, -0.932491686, -0.909790039, -0.262817383, -0.321044922, -0.327169995, 0.930348115, 0.165489412, 0, 0, -0, 0, 0, 0, 0, 0.481465039, -0.151695557, -0.245463623, 0.405540332, 0.109105212, -0.907502384, 0.236572266, -0.971435547, -0.0109863281, -0.882856026, -0.210083171, -0.419791326, 0, 3, 1, 1, 
459.339662, 34, 0.1, 0.1, 0.011942026, 0.344504459, -0.0199738162, 0.968257037, -0.249956617, -9.2150371e-006, 0.249956617, 0.968257037, 2.00263992e-005, 3.91679352e-006, -2.16940614e-005, 1, 0.968257061, -0.249956524, -1.39212228e-005, 0.249956524, 0.968257061, 2.40559952e-005, 7.46636936e-006, -2.67720877e-005, 1, 0, -0, 0, 0, 0, 0, 0, 0.469402197, -0.23125354, -0.261023877, 0.25530732, 0.255495608, -0.932491686, -0.909790039, -0.262817383, -0.321044922, -0.327169995, 0.930348115, 0.165489412, 0, 0, -0, 0, 0, 0, 0, 0.481465039, -0.151695557, -0.245463623, 0.405540332, 0.109105212, -0.907502384, 0.236572266, -0.971435547, -0.0109863281, -0.882856026, -0.210083171, -0.419791326, 0, 3, 1, 1, 
459.340369, 34, 0.1, 0.1, 0.0119420254, 0.344504461, -0.0199751351, 0.968256967, -0.249956889, -4.70736166e-006, 0.249956889, 0.968256966, -2.49803603e-005, 1.08019489e-005, 2.30107704e-005, 1, 0.968256973, -0.249956866, 5.93137467e-007, 0.249956865, 0.968256972, -2.90923058e-005, 6.69751208e-006, 2.83170867e-005, 1, 0, -0, 0, 0, 0, 0, 0, 0.469402197, -0.23125354, -0.261023877, 0.25530732, 0.255495608, -0.932491686, -0.909790039, -0.262817383, -0.321044922, -0.327169995, 0.930348115, 0.165489412, 0, 0, -0, 0, 0, 0, 0, 0.482495654, -0.152203711, -0.245511475, 0.401061233, 0.107014766, -0.909712399, 0.241943359, -0.970214844, -0.00744628905, -0.883449541, -0.217053735, -0.4151139, 0, 3, 1, 1, 
459.341064, 34, 0.1, 0.1, 0.0119420267, 0.344504458, -0.0199747131, 0.968256947, -0.249956964, -1.39276421e-005, 0.249956964, 0.968256947, 1.72691997e-005, 9.16897953e-006, -2.02023337e-005, 1, 0.968256954, -0.249956939, -3.70814401e-006, 0.249956939, 0.968256953, 2.53673243e-005, -2.75030252e-006, -2.54889645e-005, 1, 0, -0, 0, 0, 0, 0, 0, 0.469402197, -0.23125354, -0.261023877, 0.25530732, 0.255495608, -0.932491686, -0.909790039, -0.262817383, -0.321044922, -0.327169995, 0.930348115, 0.165489412, 0, 0, -0, 0, 0, 0, 0, 0.482495654, -0.152203711, -0.245511475, 0.401061233, 0.107014766, -0.909712399, 0.241943359, -0.970214844, -0.00744628905, -0.883449541, -0.217053735, -0.4151139, 0, 3, 1, 1, 
459.341762, 34, 0.1, 0.1, 0.0119420265, 0.34450446, -0.0199727926, 0.968256863, -0.24995729, 9.69136493e-006, 0.24995729, 0.968256863, -1.90862876e-005, -4.61297388e-006, 2.09028563e-005, 1, 0.968256883, -0.249957214, 1.54883858e-005, 0.249957215, 0.968256882, -2.45566912e-005, -8.85861399e-006, 2.7648619e-005, 1, 0, -0, 0, 0, 0, 0, 0, 0.469402197, -0.23125354, -0.261023877, 0.25530732, 0.255495608, -0.932491686, -0.909790039, -0.262817383, -0.321044922, -0.327169995, 0.930348115, 0.165489412, 0, 0, -0, 0, 0, 0, 0, 0.482495654, -0.152203711, -0.245511475, 0.401061233, 0.107014766, -0.909712399, 0.241943359, -0.970214844, -0.00744628905, -0.883449541, -0.217053735, -0.4151139, 0, 3, 1, 1, 
459.342472, 34, 0.1, 0.1, 0.0119420282, 0.344504455, -0.0199699486, 0.968256818, -0.249957466, 6.2568959e-006, 0.249957466, 0.968256817, 3.10759003e-005, -1.38259354e-005, -2.85254945e-005, 0.999999999, 0.968256818, -0.249957465, 3.63113838e-008, 0.249957465, 0.968256817, 3.68134838e-005, -9.23696383e-006, -3.56358304e-005, 0.999999999, 0, -0, 0, 0, 0, 0, 0, 0.47049104, -0.232027734, -0.26060144, 0.250527685, 0.257893852, -0.933137585, -0.91027832, -0.265014648, -0.317626953, -0.329255589, 0.929103127, 0.168434327, 0, 0, -0, 0, 0, 0, 0, 0.482495654, -0.152203711, -0.245511475, 0.401061233, 0.107014766, -0.909712399, 0.241943359, -0.970214844, -0.00744628905, -0.883449541, -0.217053735, -0.4151139, 0, 3, 1, 1, 
459.343163, 34, 0.1, 0.1, 0.0119420278, 0.344504458, -0.0199672518, 0.968256828, -0.249957428, 1.70109328e-005, 0.249957428, 0.968256827, -2.24069848e-005, -1.08701596e-005, 2.5947725e-005, 1, 0.968256829, -0.249957422, 4.12080905e-006, 0.249957422, 0.968256829, -3.29956477e-005, 4.25750552e-006, 3.2978288e-005, 0.999999999, 0, -0, 0, 0, 0, 0, 0, 0.47049104, -0.232027734, -0.26060144, 0.250527685, 0.257893852, -0.933137585, -0.91027832, -0.265014648, -0.317626953, -0.329255589, 0.929103127, 0.168434327, 0, 0, -0, 0, 0, 0, 0, 0.482495654, -0.152203711, -0.245511475, 0.401061233, 0.107014766, -0.909712399, 0.241943359, -0.970214844, -0.00744628905, -0.883449541, -0.217053735, -0.4151139, 0, 3, 1, 1, 
459.343868, 34, 0.1, 0.1, 0.0119420295, 0.344504452, -0.0199652973, 0.968256748, -0.249957735, -1.49844669e-005, 0.249957735, 0.968256748, 2.6783608e-005, 7.81404115e-006, -2.96788926e-005, 1, 0.968256768, -0.249957658, -2.20444117e-005, 0.249957658, 0.968256768, 3.36208139e-005, 1.29408709e-005, -3.80637501e-005, 0.999999999, 0, -0, 0, 0, 0, 0, 0, 0.47049104, -0.232027734, -0.26060144, 0.250527685, 0.257893852, -0.933137585, -0.91027832, -0.265014648, -0.317626953, -0.329255589, 0.929103127, 0.168434327, 0, 0, -0, 0, 0, 0, 0, 0.482495654, -0.152203711, -0.245511475, 0.401061233, 0.107014766, -0.909712399, 0.241943359, -0.970214844, -0.00744628905, -0.883449541, -0.217053735, -0.4151139, 0, 3, 1, 1, 
459.344579, 34, 0.1, 0.1, 0.011942029, 0.344504457, -0.0199647557, 0.968256713, -0.249957871, -8.66755325e-006, 0.249957871, 0.968256713, -3.74080947e-005, 1.77428643e-005, 3.40541157e-005, 0.999999999, 0.96825671, -0.249957885, -8.83017755e-007, 0.249957885, 0.968256709, -4.32494498e-005, 1.16655289e-005, 4.16558527e-005, 0.999999999, 0, -0, 0, 0, 0, 0, 0, 0.47049104, -0.232027734, -0.26060144, 0.244225978, 0.260489047, -0.934036602, -0.911987305, -0.265258789, -0.3125, -0.329246232, 0.928321313, 0.172902435, 0, 0, -0, 0, 0, 0, 0, 0.482495654, -0.152203711, -0.245511475, 0.401061233, 0.107014766, -0.909712399, 0.241943359, -0.970214844, -0.00744628905, -0.883449541, -0.217053735, -0.4151139, 0, 3, 1, 1, 
459.345288, 34, 0.1, 0.1, 0.0119420306, 0.344504452, -0.0199654512, 0.968256742, -0.249957759, -1.86613318e-005, 0.24995776, 0.968256742, 2.47512197e-005, 1.18822009e-005, -2.863008e-005, 1, 0.96825674, -0.249957766, -4.76181464e-006, 0.249957766, 0.96825674, 3.58523114e-005, -4.35090455e-006, -3.59044948e-005, 0.999999999, 0, -0, 0, 0, 0, 0, 0, 0.471061987, -0.233236938, -0.260633789, 0.244225978, 0.260489047, -0.934036602, -0.911987305, -0.265258789, -0.3125, -0.329246232, 0.928321313, 0.172902435, 0, 0, -0, 0, 0, 0, 0, 0.483176562, -0.152899707, -0.246013379, 0.39495907, 0.105026764, -0.912599418, 0.24621582, -0.969116211, -0.0050048828, -0.884950103, -0.222663362, -0.408666489, 0, 3, 1, 1, 
459.345983, 34, 0.1, 0.1, 0.0119420301, 0.344504455, -0.0199672858, 0.968256679, -0.249958005, 1.41300537e-005, 0.249958005, 0.968256678, -2.73407143e-005, -6.84748844e-006, 3.00047493e-005, 1, 0.968256695, -0.24995794, 2.01947499e-005, 0.24995794, 0.968256695, -3.27077006e-005, -1.13781524e-005, 3.67172882e-005, 0.999999999, 0, -0, 0, 0, 0, 0, 0, 0.471061987, -0.233236938, -0.260633789, 0.244225978, 0.260489047, -0.934036602, -0.911987305, -0.265258789, -0.3125, -0.329246232, 0.928321313, 0.172902435, 0, 0, -0, 0, 0, 0, 0, 0.483176562, -0.152899707, -0.246013379, 0.39495907, 0.105026764, -0.912599418, 0.24621582, -0.969116211, -0.0050048828, -0.884950103, -0.222663362, -0.408666489, 0, 3, 1, 1, 
459.346684, 34, 0.1, 0.1, 0.0119420317, 0.344504451, -0.0199696492, 0.968256653, -0.249958104, 6.3061862e-006, 0.249958103, 0.968256653, 3.12552952e-005, -1.3918521e-005, -2.86868651e-005, 0.999999999, 0.968256649, -0.249958118, 3.38889955e-008, 0.249958118, 0.968256649, 3.54671786e-005, -8.89812246e-006, -3.43328607e-005, 0.999999999, 0, -0, 0, 0, 0, 0, 0, 0.471061987, -0.233236938, -0.260633789, 0.244225978, 0.260489047, -0.934036602, -0.911987305, -0.265258789, -0.3125, -0.329246232, 0.928321313, 0.172902435, 0, 0, -0, 0, 0, 0, 0, 0.483176562, -0.152899707, -0.246013379, 0.39495907, 0.105026764, -0.912599418, 0.24621582, -0.969116211, -0.0050048828, -0.884950103, -0.222663362, -0.408666489, 0, 3, 1, 1, 
459.347384, 34, 0.1, 0.1, 0.0119420311, 0.344504453, -0.0199718483, 0.968256681, -0.249957996, 1.60550355e-005, 0.249957997, 0.968256681, -1.9827928e-005, -1.05892462e-005, 2.32116083e-005, 1, 0.968256679, -0.249958004, 4.8213319e-006, 0.249958004, 0.968256679, -2.81973113e-005, 2.37985684e-006, 2.85073655e-005, 1, 0, -0, 0, 0, 0, 0, 0, 0.471061987, -0.233236938, -0.260633789, 0.244225978, 0.260489047, -0.934036602, -0.911987305, -0.265258789, -0.3125, -0.329246232, 0.928321313, 0.172902435, 0, 0, -0, 0, 0, 0, 0, 0.483176562, -0.152899707, -0.246013379, 0.39495907, 0.105026764, -0.912599418, 0.24621582, -0.969116211, -0.0050048828, -0.884950103, -0.222663362, -0.408666489, 0, 3, 1, 1, 
459.348079, 34, 0.1, 0.1, 0.011942032, 0.344504449, -0.0199731998, 0.968256633, -0.249958182, -9.10986856e-006, 0.249958182, 0.968256633, 2.06907503e-005, 3.64886831e-006, -2.23110424e-005, 1, 0.968256646, -0.249958132, -1.43186476e-005, 0.249958132, 0.968256646, 2.54039782e-005, 7.51419472e-006, -2.81766332e-005, 1, 0, -0, 0, 0, 0, 0, 0, 0.471061987, -0.233236938, -0.260633789, 0.244225978, 0.260489047, -0.934036602, -0.911987305, -0.265258789, -0.3125, -0.329246232, 0.928321313, 0.172902435, 0, 0, -0, 0, 0, 0, 0, 0.483176562, -0.152899707, -0.246013379, 0.39495907, 0.105026764, -0.912599418, 0.24621582, -0.969116211, -0.0050048828, -0.884950103, -0.222663362, -0.408666489, 0, 3, 1, 1, 
459.348777, 34, 0.1, 0.1, 0.0119420312, 0.344504452, -0.0199734174, 0.968256615, -0.249958253, -4.52452446e-006, 0.249958253, 0.968256614, -2.59051055e-005, 1.08560957e-005, 2.39518475e-005, 1, 0.968256611, -0.249958268, 1.14033255e-006, 0.249958268, 0.96825661, -3.02639894e-005, 6.46059986e-006, 2.95883434e-005, 1, 0, -0, 0, 0, 0, 0, 0, 0.471061987, -0.233236938, -0.260633789, 0.244225978, 0.260489047, -0.934036602, -0.911987305, -0.265258789, -0.3125, -0.329246232, 0.928321313, 0.172902435, 0, 0, -0, 0, 0, 0, 0, 0.483176562, -0.152899707, -0.246013379, 0.39495907, 0.105026764, -0.912599418, 0.24621582, -0.969116211, -0.0050048828, -0.884950103, -0.222663362, -0.408666489, 0, 3, 1, 1, 
459.349488, 34, 0.1, 0.1, 0.0119420325, 0.344504448, -0.0199724622, 0.968256642, -0.249958147, -1.54595429e-005, 0.249958147, 0.968256642, 1.83088051e-005, 1.03923701e-005, -2.15918609e-005, 1, 0.96825664, -0.249958156, -3.35920175e-006, 0.249958156, 0.968256639, 2.82228352e-005, -3.80195843e-006, -2.81666075e-005, 1, 0, -0, 0, 0, 0, 0, 0, 0.471061987, -0.233236938, -0.260633789, 0.238564179, 0.26465761, -0.934357868, -0.912719727, -0.267211914, -0.30871582, -0.33143929, 0.92654875, 0.177896996, 0, 0, -0, 0, 0, 0, 0, 0.483176562, -0.152899707, -0.246013379, 0.39495907, 0.105026764, -0.912599418, 0.24621582, -0.969116211, -0.0050048828, -0.884950103, -0.222663362, -0.408666489, 0, 3, 1, 1, 
459.350196, 34, 0.1, 0.1, 0.0119420323, 0.344504451, -0.019970471, 0.968256591, -0.249958345, 1.03327233e-005, 0.249958345, 0.96825659, -2.28941905e-005, -4.28213346e-006, 2.47502013e-005, 1, 0.968256605, -0.24995829, 1.66767931e-005, 0.249958291, 0.968256604, -2.88930616e-005, -8.92535478e-006, 3.21444005e-005, 0.999999999, 0, -0, 0, 0, 0, 0, 0, 0.472328662, -0.233699023, -0.260858252, 0.238564179, 0.26465761, -0.934357868, -0.912719727, -0.267211914, -0.30871582, -0.33143929, 0.92654875, 0.177896996, 0, 0, -0, 0, 0, 0, 0, 0.483892383, -0.154022168, -0.246507227, 0.389329754, 0.103256047, -0.915179835, 0.250366211, -0.968017578, -0.00268554687, -0.886278225, -0.228004666, -0.402800566, 0, 3, 1, 1, 
459.350886, 34, 0.1, 0.1, 0.011942034, 0.344504447, -0.019968437, 0.968256575, -0.249958408, 5.90336152e-006, 0.249958407, 0.968256574, 3.04791739e-005, -1.33344944e-005, -2.80360657e-005, 1, 0.968256569, -0.249958428, -6.3387777e-007, 0.249958428, 0.968256569, 3.58700149e-005, -8.35225624e-006, -3.48898207e-005, 0.999999999, 0, -0, 0, 0, 0, 0, 0, 0.472328662, -0.233699023, -0.260858252, 0.238564179, 0.26465761, -0.934357868, -0.912719727, -0.267211914, -0.30871582, -0.33143929, 0.92654875, 0.177896996, 0, 0, -0, 0, 0, 0, 0, 0.483892383, -0.154022168, -0.246507227, 0.389329754, 0.103256047, -0.915179835, 0.250366211, -0.968017578, -0.00268554687, -0.886278225, -0.228004666, -0.402800566, 0, 3, 1, 1, 
459.351584, 34, 0.1, 0.1, 0.0119420337, 0.34450445, -0.0199668993, 0.968256612, -0.249958264, 1.68522032e-005, 0.249958265, 0.968256611, -2.45524546e-005, -1.01801682e-005, 2.79854239e-005, 1, 0.968256608, -0.249958278, 3.83261192e-006, 0.249958278, 0.968256608, -3.53362072e-005, 5.12162568e-006, 3.51725092e-005, 0.999999999, 0, -0, 0, 0, 0, 0, 0, 0.472328662, -0.233699023, -0.260858252, 0.238564179, 0.26465761, -0.934357868, -0.912719727, -0.267211914, -0.30871582, -0.33143929, 0.92654875, 0.177896996, 0, 0, -0, 0, 0, 0, 0, 0.483892383, -0.154022168, -0.246507227, 0.389329754, 0.103256047, -0.915179835, 0.250366211, -0.968017578, -0.00268554687, -0.886278225, -0.228004666, -0.402800566, 0, 3, 1, 1, 
459.352282, 34, 0.1, 0.1, 0.0119420353, 0.344504445, -0.0199662711, 0.968256557, -0.249958475, -1.44759619e-005, 0.249958475, 0.968256557, 2.58867591e-005, 7.54583016e-006, -2.86834136e-005, 1, 0.968256572, -0.249958416, -2.12893391e-005, 0.249958417, 0.968256572, 3.19038267e-005, 1.26389125e-005, -3.62125394e-005, 0.999999999, 0, -0, 0, 0, 0, 0, 0, 0.472328662, -0.233699023, -0.260858252, 0.238564179, 0.26465761, -0.934357868, -0.912719727, -0.267211914, -0.30871582, -0.33143929, 0.92654875, 0.177896996, 0, 0, -0, 0, 0, 0, 0, 0.483892383, -0.154022168, -0.246507227, 0.389329754, 0.103256047, -0.915179835, 0.250366211, -0.968017578, -0.00268554687, -0.886278225, -0.228004666, -0.402800566, 0, 3, 1, 1, 
459.352969, 34, 0.1, 0.1, 0.0119420346, 0.344504449, -0.0199667431, 0.968256541, -0.249958537, -7.02571706e-006, 0.249958537, 0.968256541, -3.33926867e-005, 1.51494836e-005, 3.05765494e-005, 0.999999999, 0.968256535, -0.24995856, -2.91905735e-007, 0.24995856, 0.968256535, -3.84870032e-005, 9.90279553e-006, 3.7192328e-005, 0.999999999, 0, -0, 0, 0, 0, 0, 0, 0.472328662, -0.233699023, -0.260858252, 0.238564179, 0.26465761, -0.934357868, -0.912719727, -0.267211914, -0.30871582, -0.33143929, 0.92654875, 0.177896996, 0, 0, -0, 0, 0, 0, 0, 0.483892383, -0.154022168, -0.246507227, 0.389329754, 0.103256047, -0.915179835, 0.250366211, -0.968017578, -0.00268554687, -0.886278225, -0.228004666, -0.402800566, 0, 3, 1, 1, 
459.353672, 34, 0.1, 0.1, 0.0119420359, 0.344504444, -0.0199680272, 0.968256581, -0.249958382, -1.6303141e-005, 0.249958382, 0.968256581, 2.49332063e-005, 9.55335972e-006, -2.82168478e-005, 1, 0.968256577, -0.249958397, -3.8063183e-006, 0.249958397, 0.968256577, 3.47376836e-005, -4.99748299e-006, -3.45864118e-005, 0.999999999, 0, -0, 0, 0, 0, 0, 0, 0.472328662, -0.233699023, -0.260858252, 0.238564179, 0.26465761, -0.934357868, -0.912719727, -0.267211914, -0.30871582, -0.33143929, 0.92654875, 0.177896996, 0, 0, -0, 0, 0, 0, 0, 0.483892383, -0.154022168, -0.246507227, 0.389329754, 0.103256047, -0.915179835, 0.250366211, -0.968017578, -0.00268554687, -0.886278225, -0.228004666, -0.402800566, 0, 3, 1, 1, 
459.354396, 34, 0.1, 0.1, 0.0119420352, 0.344504447, -0.0199696503, 0.968256532, -0.249958571, 1.35596238e-005, 0.249958572, 0.968256532, -2.23812952e-005, -7.53479778e-006, 2.50601795e-005, 1, 0.968256547, -0.249958515, 1.98791624e-005, 0.249958516, 0.968256546, -2.7853934e-005, -1.22858012e-005, 3.19387198e-005, 0.999999999, 0, -0, 0, 0, 0, 0, 0, 0.473113452, -0.234114355, -0.261517847, 0.2321288, 0.269727434, -0.934551454, -0.9140625, -0.267578125, -0.304321289, -0.332273905, 0.925004217, 0.18447803, 0, 0, -0, 0, 0, 0, 0, 0.483892383, -0.154022168, -0.246507227, 0.386320234, 0.100846605, -0.916776645, 0.252929687, -0.967407227, 0.000244140634, -0.886840023, -0.23194019, -0.399286116, 0, 3, 1, 1, 
459.355091, 34, 0.1, 0.1, 0.0119420363, 0.344504443, -0.019970859, 0.968256519, -0.249958622, 7.53985958e-006, 0.249958621, 0.968256519, 2.9791619e-005, -1.47471902e-005, -2.69612764e-005, 1, 0.968256514, -0.249958643, 1.53063706e-006, 0.249958643, 0.968256513, 3.43659089e-005, -1.00721052e-005, -3.28924192e-005, 0.999999999, 0, -0, 0, 0, 0, 0, 0, 0.473113452, -0.234114355, -0.261517847, 0.2321288, 0.269727434, -0.934551454, -0.9140625, -0.267578125, -0.304321289, -0.332273905, 0.925004217, 0.18447803, 0, 0, -0, 0, 0, 0, 0, 0.484797656, -0.155157324, -0.245645996, 0.386320234, 0.100846605, -0.916776645, 0.252929687, -0.967407227, 0.000244140634, -0.886840023, -0.23194019, -0.399286116, 0, 3, 1, 1, 
459.355786, 34, 0.1, 0.1, 0.0119420356, 0.344504445, -0.0199716377, 0.968256556, -0.249958481, 1.66986923e-005, 0.249958481, 0.968256555, -2.03621381e-005, -1.10789292e-005, 2.38897535e-005, 1, 0.968256552, -0.249958496, 5.45468549e-006, 0.249958496, 0.968256552, -2.90390861e-005, 1.97703132e-006, 2.94807304e-005, 1, 0, -0, 0, 0, 0, 0, 0, 0.473113452, -0.234114355, -0.261517847, 0.2321288, 0.269727434, -0.934551454, -0.9140625, -0.267578125, -0.304321289, -0.332273905, 0.925004217, 0.18447803, 0, 0, -0, 0, 0, 0, 0, 0.484797656, -0.155157324, -0.245645996, 0.386320234, 0.100846605, -0.916776645, 0.252929687, -0.967407227, 0.000244140634, -0.886840023, -0.23194019, -0.399286116, 0, 3, 1, 1, 
459.356485, 34, 0.1, 0.1, 0.0119420366, 0.344504441, -0.0199717889, 0.968256514, -0.249958642, -1.03480967e-005, 0.249958642, 0.968256514, 2.05718397e-005, 4.87750293e-006, -2.2505414e-005, 1, 0.968256526, -0.249958596, -1.59086004e-005, 0.249958596, 0.968256526, 2.57709729e-005, 8.96192995e-006, -2.89294041e-005, 1, 0, -0, 0, 0, 0, 0, 0, 0.473113452, -0.234114355, -0.261517847, 0.2321288, 0.269727434, -0.934551454, -0.9140625, -0.267578125, -0.304321289, -0.332273905, 0.925004217, 0.18447803, 0, 0, -0, 0, 0, 0, 0, 0.484797656, -0.155157324, -0.245645996, 0.386320234, 0.100846605, -0.916776645, 0.252929687, -0.967407227, 0.000244140634, -0.886840023, -0.23194019, -0.399286116, 0, 3, 1, 1, 
459.357209, 34, 0.1, 0.1, 0.0119420357, 0.344504445, -0.0199710047, 0.968256507, -0.249958669, -5.8210678e-006, 0.249958669, 0.968256507, -3.19897324e-005, 1.36323977e-005, 2.95192402e-005, 0.999999999, 0.9682565, -0.249958696, 4.43062923e-007, 0.249958696, 0.968256499, -3.72783411e-005, 8.889047e-006, 3.62057436e-005, 0.999999999, 0, -0, 0, 0, 0, 0, 0, 0.473875903, -0.234261646, -0.262160596, 0.225274431, 0.275704508, -0.934471705, -0.915405273, -0.268310547, -0.299804687, -0.333412934, 0.922945214, 0.192004507, 0, 0, -0, 0, 0, 0, 0, 0.485937891, -0.156036279, -0.244556641, 0.383406595, 0.0991079695, -0.918226535, 0.256469727, -0.966430664, 0.00268554688, -0.887146259, -0.236418922, -0.39600171, 0, 3, 1, 1, 
459.3579, 34, 0.1, 0.1, 0.0119420371, 0.344504442, -0.0199698628, 0.96825655, -0.249958503, -1.70942975e-005, 0.249958503, 0.96825655, 1.96696701e-005, 1.16350642e-005, -2.33181519e-005, 1, 0.968256545, -0.249958521, -4.93233338e-006, 0.249958521, 0.968256545, 2.89097956e-005, -2.45048569e-006, -2.92249776e-005, 1, 0, -0, 0, 0, 0, 0, 0, 0.473875903, -0.234261646, -0.262160596, 0.225274431, 0.275704508, -0.934471705, -0.915405273, -0.268310547, -0.299804687, -0.333412934, 0.922945214, 0.192004507, 0, 0, -0, 0, 0, 0, 0, 0.485937891, -0.156036279, -0.244556641, 0.383406595, 0.0991079695, -0.918226535, 0.256469727, -0.966430664, 0.00268554688, -0.887146259, -0.236418922, -0.39600171, 0, 3, 1, 1, 
459.358593, 34, 0.1, 0.1, 0.0119420369, 0.344504445, -0.0199687855, 0.96825651, -0.24995866, 1.08100133e-005, 0.24995866, 0.968256509, -2.2481498e-005, -4.84742068e-006, 2.44699132e-005, 1, 0.968256522, -0.249958613, 1.72657876e-005, 0.249958613, 0.968256521, -2.86351729e-005, -9.56010334e-006, 3.20419253e-005, 0.999999999, 0, -0, 0, 0, 0, 0, 0, 0.473875903, -0.234261646, -0.262160596, 0.225274431, 0.275704508, -0.934471705, -0.915405273, -0.268310547, -0.299804687, -0.333412934, 0.922945214, 0.192004507, 0, 0, -0, 0, 0, 0, 0, 0.485937891, -0.156036279, -0.244556641, 0.383406595, 0.0991079695, -0.918226535, 0.256469727, -0.966430664, 0.00268554688, -0.887146259, -0.236418922, -0.39600171, 0, 3, 1, 1, 
459.359304, 34, 0.1, 0.1, 0.0119420387, 0.34450444, -0.0199680224, 0.968256505, -0.249958678, 5.86063376e-006, 0.249958678, 0.968256504, 3.33056262e-005, -1.39996271e-005, -3.07834729e-005, 0.999999999, 0.968256496, -0.249958712, -1.55825044e-006, 0.249958712, 0.968256495, 3.91029243e-005, -8.26533051e-006, -3.82511588e-005, 0.999999999, 0, -0, 0, 0, 0, 0, 0, 0.473875903, -0.234261646, -0.262160596, 0.225274431, 0.275704508, -0.934471705, -0.915405273, -0.268310547, -0.299804687, -0.333412934, 0.922945214, 0.192004507, 0, 0, -0, 0, 0, 0, 0, 0.485937891, -0.156036279, -0.244556641, 0.383406595, 0.0991079695, -0.918226535, 0.256469727, -0.966430664, 0.00268554688, -0.887146259, -0.236418922, -0.39600171, 0, 3, 1, 1, 
459.359997, 34, 0.1, 0.1, 0.0119420382, 0.344504442, -0.0199676613, 0.968256553, -0.249958493, 1.65873663e-005, 0.249958493, 0.968256552, -2.15048344e-005, -1.06855101e-005, 2.49683499e-005, 1, 0.968256547, -0.249958515, 3.72388866e-006, 0.249958515, 0.968256547, -3.17259555e-005, 4.32449314e-006, 3.16496818e-005, 0.999999999, 0, -0, 0, 0, 0, 0, 0, 0.473875903, -0.234261646, -0.262160596, 0.225274431, 0.275704508, -0.934471705, -0.915405273, -0.268310547, -0.299804687, -0.333412934, 0.922945214, 0.192004507, 0, 0, -0, 0, 0, 0, 0, 0.485937891, -0.156036279, -0.244556641, 0.383406595, 0.0991079695, -0.918226535, 0.256469727, -0.966430664, 0.00268554688, -0.887146259, -0.236418922, -0.39600171, 0, 3, 1, 1, 
459.360693, 34, 0.1, 0.1, 0.0119420397, 0.344504437, -0.0199679093, 0.968256511, -0.249958654, -1.36426254e-005, 0.249958655, 0.968256511, 2.64560398e-005, 6.5966448e-006, -2.90263251e-005, 1, 0.968256523, -0.249958606, -1.99975008e-005, 0.249958606, 0.968256523, 3.22882464e-005, 1.12919856e-005, -3.62618527e-005, 0.999999999, 0, -0, 0, 0, 0, 0, 0, 0.473875903, -0.234261646, -0.262160596, 0.225274431, 0.275704508, -0.934471705, -0.915405273, -0.268310547, -0.299804687, -0.333412934, 0.922945214, 0.192004507, 0, 0, -0, 0, 0, 0, 0, 0.485937891, -0.156036279, -0.244556641, 0.383406595, 0.0991079695, -0.918226535, 0.256469727, -0.966430664, 0.00268554688, -0.887146259, -0.236418922, -0.39600171, 0, 3, 1, 1, 
