time, trialNum, realDorsalTactorPos, realVentralTactorPos, boxPosX, boxPosY, boxPosZ, boxLocalRot_11, boxLocalRot_12, boxLocalRot_13, boxLocalRot_21, boxLocalRot_22, boxLocalRot_23, boxLocalRot_31, boxLocalRot_32, boxLocalRot_33, boxGlobalRot_11, boxGlobalRot_12, boxGlobalRot_13, boxGlobalRot_21, boxGlobalRot_22, boxGlobalRot_23, boxGlobalRot_31, boxGlobalRot_32, boxGlobalRot_33, indexForceX, indexForceY, indexForceZ, indexForceGlobalX, indexForceGlobalY, indexForceGlobalZ, indexContact, indexPosX, indexPosY, indexPosZ, indexRot_11, indexRot_12, indexRot_13, indexRot_21, indexRot_22, indexRot_23, indexRot_31, indexRot_32, indexRot_33, thumbForceX, thumbForceY, thumbForceZ, thumbForceGlobalX, thumbForceGlobalY, thumbForceGlobalZ, thumbContact, thumbPosX, thumbPosY, thumbPosZ, thumbRot_11, thumbRot_12, thumbRot_13, thumbRot_21, thumbRot_22, thumbRot_23, thumbRot_31, thumbRot_32, thumbRot_33, manipForceTooHigh, cceExpType, mapping, trialSuccess, 
533.925719, 34, 0.1, 0.1, 0.0188551762, 0.368741228, -0.0199500516, 0.973844311, 2.55922662e-005, 0.227216321, 0.227216321, 9.17312743e-006, -0.973844312, -2.70071671e-005, 1, 3.11821742e-006, 0.973844322, 1.86903549e-005, 0.227216278, 0.227216278, 6.2958366e-006, -0.973844322, -1.96320125e-005, 1, 1.88441185e-006, 0, 0, 0, 0, 0, 0, 0, 0.307585083, -0.0494014404, -0.211891235, 0.0326867499, 0.760796819, -0.648082895, -0.980224609, 0.150756836, 0.127563477, 0.194671085, 0.631064174, 0.750885942, 0, 0, -0, 0, 0, 0, 0, 0.340231787, -0.0201288086, -0.186020068, 0.125420535, 0.236421835, -0.963388487, 0.365112305, -0.91394043, -0.176757812, -0.922362705, -0.329509267, -0.201046033, 0, 3, 1, 1, 
533.93569, 34, 0.1, 0.1, 0.0188551742, 0.368741264, -0.0199680319, 0.973840455, 2.81755466e-005, 0.227232848, 0.227232847, 1.66107006e-005, -0.973840456, -3.12129839e-005, 0.999999999, 9.77376258e-006, 0.973840474, 3.75908732e-005, 0.227232764, 0.227232764, 5.70631345e-006, -0.973840475, -3.79041752e-005, 0.999999999, -2.98483904e-006, 0, 0, 0, 0, 0, 0, 0, 0.315470801, -0.0558966553, -0.208491772, 0.00237193329, 0.77165987, -0.635975238, -0.987670898, 0.101196289, 0.119018555, 0.156215303, 0.627860533, 0.76256339, 0, 0, -0, 0, 0, 0, 0, 0.3464396, -0.0296273926, -0.18247959, 0.11971103, 0.224843438, -0.967004648, 0.407226562, -0.899291992, -0.158691406, -0.905410591, -0.374668096, -0.199339481, 0, 3, 1, 1, 
533.936393, 34, 0.1, 0.1, 0.0188551772, 0.368741267, -0.0199748128, 0.973840315, -2.29732242e-005, 0.22723345, 0.227233449, -1.99907311e-005, -0.973840315, 2.69148146e-005, 1, -1.42474949e-005, 0.973840344, -2.5645597e-005, 0.227233322, 0.227233322, -2.2096116e-005, -0.973840345, 2.99956909e-005, 0.999999999, -1.5690555e-005, 0, 0, 0, 0, 0, 0, 0, 0.317080933, -0.056892749, -0.207441821, 0.00237193329, 0.77165987, -0.635975238, -0.987670898, 0.101196289, 0.119018555, 0.156215303, 0.627860533, 0.76256339, 0, 0, -0, 0, 0, 0, 0, 0.34752334, -0.0301714355, -0.181833057, 0.117386176, 0.224304593, -0.967381613, 0.420288086, -0.893676758, -0.15625, -0.89964055, -0.388226429, -0.199256359, 0, 3, 1, 1, 
533.937075, 34, 0.1, 0.1, 0.0188551771, 0.368741265, -0.0199796151, 0.973840177, 9.61531879e-006, 0.227234042, 0.227234042, 1.47132232e-005, -0.973840177, -1.27071289e-005, 1, 1.21434001e-005, 0.973840202, 1.08694908e-005, 0.227233934, 0.227233934, 2.09487181e-005, -0.973840202, -1.53454068e-005, 1, 1.79307867e-005, 0, 0, 0, 0, 0, 0, 0, 0.317080933, -0.056892749, -0.207441821, 0.00237193329, 0.77165987, -0.635975238, -0.987670898, 0.101196289, 0.119018555, 0.156215303, 0.627860533, 0.76256339, 0, 0, -0, 0, 0, 0, 0, 0.34752334, -0.0301714355, -0.181833057, 0.117386176, 0.224304593, -0.967381613, 0.420288086, -0.893676758, -0.15625, -0.89964055, -0.388226429, -0.199256359, 0, 3, 1, 1, 
533.937767, 34, 0.1, 0.1, 0.018855179, 0.36874127, -0.0199813687, 0.973840062, -1.10989157e-005, 0.227234536, 0.227234535, -3.05298496e-005, -0.973840061, 1.7746005e-005, 0.999999999, -2.72091337e-005, 0.973840084, -1.37883429e-005, 0.227234439, 0.227234438, -3.42313461e-005, -0.973840084, 2.12061818e-005, 0.999999999, -3.02026706e-005, 0, 0, 0, 0, 0, 0, 0, 0.317080933, -0.056892749, -0.207441821, 0.00237193329, 0.77165987, -0.635975238, -0.987670898, 0.101196289, 0.119018555, 0.156215303, 0.627860533, 0.76256339, 0, 0, -0, 0, 0, 0, 0, 0.34752334, -0.0301714355, -0.181833057, 0.117386176, 0.224304593, -0.967381613, 0.420288086, -0.893676758, -0.15625, -0.89964055, -0.388226429, -0.199256359, 0, 3, 1, 1, 
533.938453, 34, 0.1, 0.1, 0.0188551785, 0.368741269, -0.0199796693, 0.973839937, 1.62406089e-006, 0.227235072, 0.227235072, 3.62325101e-005, -0.973839936, -9.8148724e-006, 0.999999999, 3.49156217e-005, 0.973839966, 7.42867412e-006, 0.227234947, 0.227234947, 3.20017361e-005, -0.973839965, -1.45062526e-005, 0.999999999, 2.94765152e-005, 0, 0, 0, 0, 0, 0, 0, 0.317080933, -0.056892749, -0.207441821, 0.00237193329, 0.77165987, -0.635975238, -0.987670898, 0.101196289, 0.119018555, 0.156215303, 0.627860533, 0.76256339, 0, 0, -0, 0, 0, 0, 0, 0.34752334, -0.0301714355, -0.181833057, 0.117386176, 0.224304593, -0.967381613, 0.420288086, -0.893676758, -0.15625, -0.89964055, -0.388226429, -0.199256359, 0, 3, 1, 1, 
533.93915, 34, 0.1, 0.1, 0.0188551786, 0.368741268, -0.0199751716, 0.973839766, 1.74386538e-005, 0.227235804, 0.227235804, -2.58308246e-005, -0.973839765, -1.11127664e-005, 1, -2.91177707e-005, 0.973839799, 1.17235144e-005, 0.227235663, 0.227235663, -1.29524081e-005, -0.973839799, -8.47357588e-006, 1, -1.52775711e-005, 0, 0, 0, 0, 0, 0, 0, 0.317080933, -0.056892749, -0.207441821, 0.00237193329, 0.77165987, -0.635975238, -0.987670898, 0.101196289, 0.119018555, 0.156215303, 0.627860533, 0.76256339, 0, 0, -0, 0, 0, 0, 0, 0.348883545, -0.030963623, -0.180748584, 0.115764212, 0.223401543, -0.967694778, 0.43359375, -0.887939453, -0.153076172, -0.893551147, -0.401823041, -0.199780245, 0, 3, 1, 1, 
533.939833, 34, 0.1, 0.1, 0.0188551788, 0.368741272, -0.0199695799, 0.973839654, 4.15410738e-006, 0.227236284, 0.227236284, 1.76971731e-005, -0.973839654, -8.06687435e-006, 1, 1.6290245e-005, 0.973839666, -6.93764525e-006, 0.227236231, 0.227236231, 3.29130743e-006, -0.973839666, 6.00824983e-006, 1, 4.78169009e-006, 0, 0, 0, 0, 0, 0, 0, 0.317080933, -0.056892749, -0.207441821, 0.00237193329, 0.77165987, -0.635975238, -0.987670898, 0.101196289, 0.119018555, 0.156215303, 0.627860533, 0.76256339, 0, 0, -0, 0, 0, 0, 0, 0.348883545, -0.030963623, -0.180748584, 0.115764212, 0.223401543, -0.967694778, 0.43359375, -0.887939453, -0.153076172, -0.893551147, -0.401823041, -0.199780245, 0, 3, 1, 1, 
533.940513, 34, 0.1, 0.1, 0.0188551794, 0.368741273, -0.0199645792, 0.973839602, -4.79739542e-006, 0.227236506, 0.227236506, -1.56160422e-005, -0.973839602, 8.22042853e-006, 1, -1.4117377e-005, 0.973839612, -9.7344068e-006, 0.227236463, 0.227236463, -2.0616172e-005, -0.973839612, 1.41644969e-005, 1, -1.78648328e-005, 0, 0, 0, 0, 0, 0, 0, 0.317080933, -0.056892749, -0.207441821, 0.00237193329, 0.77165987, -0.635975238, -0.987670898, 0.101196289, 0.119018555, 0.156215303, 0.627860533, 0.76256339, 0, 0, -0, 0, 0, 0, 0, 0.348883545, -0.030963623, -0.180748584, 0.115764212, 0.223401543, -0.967694778, 0.43359375, -0.887939453, -0.153076172, -0.893551147, -0.401823041, -0.199780245, 0, 3, 1, 1, 
533.941209, 34, 0.1, 0.1, 0.0188551799, 0.368741273, -0.0199613772, 0.973839564, -2.07739665e-005, 0.227236666, 0.227236666, 9.8762896e-006, -0.973839565, 1.79862554e-005, 1, 1.43385285e-005, 0.973839566, -1.17183621e-005, 0.227236661, 0.227236661, -3.62821687e-006, -0.973839566, 1.22362685e-005, 1, -8.70459664e-007, 0, 0, 0, 0, 0, 0, 0, 0.318823608, -0.0576928223, -0.206430444, -0.00661894455, 0.773487477, -0.633784806, -0.989135742, 0.0876464844, 0.11730957, 0.146268861, 0.62769466, 0.764688299, 0, 0, -0, 0, 0, 0, 0, 0.348883545, -0.030963623, -0.180748584, 0.115764212, 0.223401543, -0.967694778, 0.43359375, -0.887939453, -0.153076172, -0.893551147, -0.401823041, -0.199780245, 0, 3, 1, 1, 
533.941889, 34, 0.1, 0.1, 0.0188551799, 0.368741275, -0.0199609081, 0.973839602, -7.77593412e-006, 0.227236505, 0.227236504, -1.92290974e-005, -0.973839602, 1.19420655e-005, 1, -1.69590805e-005, 0.973839588, 1.04623044e-005, 0.227236564, 0.227236564, -1.95177468e-005, -0.973839588, -5.75346048e-006, 1, -2.13845726e-005, 0, 0, 0, 0, 0, 0, 0, 0.318823608, -0.0576928223, -0.206430444, -0.00661894455, 0.773487477, -0.633784806, -0.989135742, 0.0876464844, 0.11730957, 0.146268861, 0.62769466, 0.764688299, 0, 0, -0, 0, 0, 0, 0, 0.348883545, -0.030963623, -0.180748584, 0.115764212, 0.223401543, -0.967694778, 0.43359375, -0.887939453, -0.153076172, -0.893551147, -0.401823041, -0.199780245, 0, 3, 1, 1, 
533.942568, 34, 0.1, 0.1, 0.0188551814, 0.36874127, -0.0199631844, 0.97383973, 6.82839156e-007, 0.227235957, 0.227235957, 3.19697998e-005, -0.97383973, -7.92966394e-006, 0.999999999, 3.09782956e-005, 0.973839701, 3.27433691e-006, 0.227236082, 0.227236082, 4.33110532e-005, -0.9738397, -1.30305133e-005, 0.999999999, 4.14339756e-005, 0, 0, 0, 0, 0, 0, 0, 0.318823608, -0.0576928223, -0.206430444, -0.00661894455, 0.773487477, -0.633784806, -0.989135742, 0.0876464844, 0.11730957, 0.146268861, 0.62769466, 0.764688299, 0, 0, -0, 0, 0, 0, 0, 0.348883545, -0.030963623, -0.180748584, 0.115764212, 0.223401543, -0.967694778, 0.43359375, -0.887939453, -0.153076172, -0.893551147, -0.401823041, -0.199780245, 0, 3, 1, 1, 
533.943248, 34, 0.1, 0.1, 0.0188551806, 0.368741277, -0.0199673923, 0.973839816, 2.42083303e-005, 0.227235589, 0.22723559, -4.11654178e-005, -0.973839815, -1.4220788e-005, 0.999999999, -4.55895171e-005, 0.973839808, 1.98340921e-005, 0.227235623, 0.227235624, -4.56240027e-005, -0.973839807, -8.94782976e-006, 0.999999999, -4.89374823e-005, 0, 0, 0, 0, 0, 0, 0, 0.318823608, -0.0576928223, -0.206430444, -0.00661894455, 0.773487477, -0.633784806, -0.989135742, 0.0876464844, 0.11730957, 0.146268861, 0.62769466, 0.764688299, 0, 0, -0, 0, 0, 0, 0, 0.348883545, -0.030963623, -0.180748584, 0.115764212, 0.223401543, -0.967694778, 0.43359375, -0.887939453, -0.153076172, -0.893551147, -0.401823041, -0.199780245, 0, 3, 1, 1, 
533.943958, 34, 0.1, 0.1, 0.0188551816, 0.368741274, -0.0199721473, 0.973839874, -3.39342674e-006, 0.227235339, 0.227235339, 5.73253382e-005, -0.973839873, -9.72168839e-006, 0.999999998, 5.65968066e-005, 0.973839853, -1.33500125e-005, 0.227235428, 0.227235428, 4.4433777e-005, -0.973839852, 2.9038459e-006, 0.999999999, 4.63049787e-005, 0, 0, 0, 0, 0, 0, 0, 0.320996899, -0.0580776611, -0.204551855, -0.0157004328, 0.774668064, -0.632095741, -0.990966797, 0.0718994141, 0.112548828, 0.132629011, 0.628125633, 0.766769024, 0, 0, -0, 0, 0, 0, 0, 0.350323584, -0.0318073242, -0.179241064, 0.115196584, 0.221782844, -0.968199708, 0.447021484, -0.881958008, -0.148803711, -0.886982701, -0.415617614, -0.200815257, 0, 3, 1, 1, 
533.94464, 34, 0.1, 0.1, 0.0188551821, 0.36874127, -0.0199757641, 0.973839967, 5.97523253e-006, 0.227234943, 0.227234943, -1.97584564e-005, -0.973839966, -1.32910854e-006, 1, -2.05993561e-005, 0.973839957, -5.10644269e-006, 0.227234986, 0.227234986, 8.12621276e-006, -0.973839957, 3.12629809e-006, 1, 9.07399311e-006, 0, 0, 0, 0, 0, 0, 0, 0.320996899, -0.0580776611, -0.204551855, -0.0157004328, 0.774668064, -0.632095741, -0.990966797, 0.0718994141, 0.112548828, 0.132629011, 0.628125633, 0.766769024, 0, 0, -0, 0, 0, 0, 0, 0.350323584, -0.0318073242, -0.179241064, 0.115196584, 0.221782844, -0.968199708, 0.447021484, -0.881958008, -0.148803711, -0.886982701, -0.415617614, -0.200815257, 0, 3, 1, 1, 
533.945324, 34, 0.1, 0.1, 0.0188551808, 0.36874128, -0.0199776337, 0.973840034, 2.32480473e-007, 0.227234652, 0.227234652, -4.57516694e-005, -0.973840033, 1.01699659e-005, 0.999999999, -4.4607635e-005, 0.973840019, 4.62973009e-006, 0.22723472, 0.22723472, -5.62727199e-005, -0.973840017, 8.2784993e-006, 0.999999998, -5.5852662e-005, 0, 0, 0, 0, 0, 0, 0, 0.320996899, -0.0580776611, -0.204551855, -0.0157004328, 0.774668064, -0.632095741, -0.990966797, 0.0718994141, 0.112548828, 0.132629011, 0.628125633, 0.766769024, 0, 0, -0, 0, 0, 0, 0, 0.350323584, -0.0318073242, -0.179241064, 0.115196584, 0.221782844, -0.968199708, 0.447021484, -0.881958008, -0.148803711, -0.886982701, -0.415617614, -0.200815257, 0, 3, 1, 1, 
533.946004, 34, 0.1, 0.1, 0.0188551815, 0.368741276, -0.0199772783, 0.973840096, -1.65394809e-005, 0.227234387, 0.227234387, 6.10832157e-005, -0.973840094, 2.22660252e-006, 0.999999998, 6.32436235e-005, 0.973840094, -4.7335425e-006, 0.227234397, 0.227234397, 5.06152891e-005, -0.973840093, -6.89182122e-006, 0.999999999, 5.03668215e-005, 0, 0, 0, 0, 0, 0, 0, 0.320996899, -0.0580776611, -0.204551855, -0.0157004328, 0.774668064, -0.632095741, -0.990966797, 0.0718994141, 0.112548828, 0.132629011, 0.628125633, 0.766769024, 0, 0, -0, 0, 0, 0, 0, 0.350323584, -0.0318073242, -0.179241064, 0.115196584, 0.221782844, -0.968199708, 0.447021484, -0.881958008, -0.148803711, -0.886982701, -0.415617614, -0.200815257, 0, 3, 1, 1, 
533.946689, 34, 0.1, 0.1, 0.0188551826, 0.368741269, -0.0199750027, 0.973840124, 9.11269105e-006, 0.22723427, 0.22723427, 5.64072214e-006, -0.973840124, -1.01560696e-005, 1, 3.42244584e-006, 0.973840111, 6.98751225e-006, 0.227234324, 0.227234324, 3.38041532e-005, -0.973840111, -1.44861836e-005, 0.999999999, 3.13320376e-005, 0, 0, 0, 0, 0, 0, 0, 0.320996899, -0.0580776611, -0.204551855, -0.0157004328, 0.774668064, -0.632095741, -0.990966797, 0.0718994141, 0.112548828, 0.132629011, 0.628125633, 0.766769024, 0, 0, -0, 0, 0, 0, 0, 0.350323584, -0.0318073242, -0.179241064, 0.115196584, 0.221782844, -0.968199708, 0.447021484, -0.881958008, -0.148803711, -0.886982701, -0.415617614, -0.200815257, 0, 3, 1, 1, 
533.947399, 34, 0.1, 0.1, 0.0188551795, 0.368741281, -0.0199712224, 0.973840167, 2.8720314e-005, 0.227234083, 0.227234084, -6.20859106e-005, -0.973840165, -1.38609604e-005, 0.999999998, -6.69879878e-005, 0.973840165, 2.75374185e-005, 0.22723409, 0.227234091, -6.91711032e-005, -0.973840163, -1.10990115e-005, 0.999999997, -7.36190389e-005, 0, 0, 0, 0, 0, 0, 0, 0.320996899, -0.0580776611, -0.204551855, -0.0157004328, 0.774668064, -0.632095741, -0.990966797, 0.0718994141, 0.112548828, 0.132629011, 0.628125633, 0.766769024, 0, 0, -0, 0, 0, 0, 0, 0.350323584, -0.0318073242, -0.179241064, 0.115196584, 0.221782844, -0.968199708, 0.447021484, -0.881958008, -0.148803711, -0.886982701, -0.415617614, -0.200815257, 0, 3, 1, 1, 
533.948088, 34, 0.1, 0.1, 0.0188551804, 0.368741281, -0.0199673311, 0.973840197, -3.06355537e-006, 0.227233954, 0.227233954, 4.76999232e-005, -0.973840196, -7.85562879e-006, 0.999999999, 4.71482464e-005, 0.97384018, -1.45976208e-005, 0.227234028, 0.227234029, 3.25047685e-005, -0.973840179, 6.82956022e-006, 0.999999999, 3.49715258e-005, 0, 0, 0, 0, 0, 0, 0, 0.320996899, -0.0580776611, -0.204551855, -0.0157004328, 0.774668064, -0.632095741, -0.990966797, 0.0718994141, 0.112548828, 0.132629011, 0.628125633, 0.766769024, 0, 0, -0, 0, 0, 0, 0, 0.350323584, -0.0318073242, -0.179241064, 0.115196584, 0.221782844, -0.968199708, 0.447021484, -0.881958008, -0.148803711, -0.886982701, -0.415617614, -0.200815257, 0, 3, 1, 1, 
533.948784, 34, 0.1, 0.1, 0.0188551818, 0.36874128, -0.0199644384, 0.973840267, -6.07894976e-007, 0.227233655, 0.227233654, -3.74125034e-005, -0.973840267, 9.09337249e-006, 0.999999999, -3.62956682e-005, 0.973840263, -1.07198152e-005, 0.227233673, 0.227233672, -2.0547221e-005, -0.973840263, 1.51084082e-005, 1, -1.75738081e-005, 0, 0, 0, 0, 0, 0, 0, 0.322584937, -0.0594145508, -0.202528516, -0.0232767022, 0.774636985, -0.631860597, -0.9921875, 0.0589599609, 0.108642578, 0.121469781, 0.629490067, 0.767473332, 0, 0, -0, 0, 0, 0, 0, 0.350323584, -0.0318073242, -0.179241064, 0.115196584, 0.221782844, -0.968199708, 0.447021484, -0.881958008, -0.148803711, -0.886982701, -0.415617614, -0.200815257, 0, 3, 1, 1, 
533.949483, 34, 0.1, 0.1, 0.0188551811, 0.368741284, -0.0199631366, 0.973840241, -1.95181845e-005, 0.227233766, 0.227233766, 1.96601704e-005, -0.973840241, 1.4540139e-005, 1, 2.35810556e-005, 0.973840247, -1.08373821e-005, 0.227233741, 0.227233741, 5.49246945e-006, -0.973840247, 9.30580447e-006, 1, 7.81140668e-006, 0, 0, 0, 0, 0, 0, 0, 0.322584937, -0.0594145508, -0.202528516, -0.0232767022, 0.774636985, -0.631860597, -0.9921875, 0.0589599609, 0.108642578, 0.121469781, 0.629490067, 0.767473332, 0, 0, -0, 0, 0, 0, 0, 0.351528418, -0.0333664063, -0.177953125, 0.114718274, 0.218854613, -0.968915358, 0.458251953, -0.876953125, -0.143798828, -0.881264066, -0.427463199, -0.201013217, 0, 3, 1, 1, 
533.950171, 34, 0.1, 0.1, 0.0188551814, 0.368741283, -0.0199639628, 0.973840256, -8.99204481e-006, 0.227233705, 0.227233705, -5.98989222e-006, -0.973840256, 1.01179206e-005, 1, -3.78990251e-006, 0.973840246, 8.56667338e-006, 0.227233745, 0.227233745, -5.91878106e-006, -0.973840246, -6.99762452e-006, 1, -7.71058448e-006, 0, 0, 0, 0, 0, 0, 0, 0.322584937, -0.0594145508, -0.202528516, -0.0232767022, 0.774636985, -0.631860597, -0.9921875, 0.0589599609, 0.108642578, 0.121469781, 0.629490067, 0.767473332, 0, 0, -0, 0, 0, 0, 0, 0.351528418, -0.0333664063, -0.177953125, 0.114718274, 0.218854613, -0.968915358, 0.458251953, -0.876953125, -0.143798828, -0.881264066, -0.427463199, -0.201013217, 0, 3, 1, 1, 
533.950856, 34, 0.1, 0.1, 0.0188551818, 0.368741283, -0.0199664812, 0.973840345, 9.84655255e-006, 0.22723332, 0.22723332, -1.61465131e-005, -0.973840345, -5.91994437e-006, 1, -1.79615907e-005, 0.973840322, 1.35500888e-005, 0.227233418, 0.227233418, -8.61727065e-006, -0.973840322, -1.1237491e-005, 1, -1.14708786e-005, 0, 0, 0, 0, 0, 0, 0, 0.322584937, -0.0594145508, -0.202528516, -0.0232767022, 0.774636985, -0.631860597, -0.9921875, 0.0589599609, 0.108642578, 0.121469781, 0.629490067, 0.767473332, 0, 0, -0, 0, 0, 0, 0, 0.351528418, -0.0333664063, -0.177953125, 0.114718274, 0.218854613, -0.968915358, 0.458251953, -0.876953125, -0.143798828, -0.881264066, -0.427463199, -0.201013217, 0, 3, 1, 1, 
533.951567, 34, 0.1, 0.1, 0.0188551828, 0.368741284, -0.0199697448, 0.973840496, 9.60249144e-006, 0.227232676, 0.227232675, 5.41018007e-006, -0.973840496, -1.05806647e-005, 1, 3.08665262e-006, 0.973840467, 5.83725704e-006, 0.227232798, 0.227232798, 9.68787342e-007, -0.973840467, -5.90469738e-006, 1, -3.82971931e-007, 0, 0, 0, 0, 0, 0, 0, 0.324024561, -0.0611230957, -0.201741724, -0.0296199662, 0.776210353, -0.629689262, -0.992919922, 0.0490722656, 0.107177734, 0.114193796, 0.628499318, 0.769477673, 0, 0, -0, 0, 0, 0, 0, 0.352198389, -0.0352035156, -0.177079932, 0.113249428, 0.217786051, -0.969317842, 0.467529297, -0.872436523, -0.141357422, -0.876631483, -0.43714944, -0.200687292, 0, 3, 1, 1, 
533.952254, 34, 0.1, 0.1, 0.0188551836, 0.368741285, -0.0199726942, 0.973840632, 3.80147158e-006, 0.227232091, 0.227232091, 1.19874896e-005, -0.973840632, -6.42596982e-006, 1, 1.08100881e-005, 0.973840607, -6.14768822e-006, 0.227232197, 0.227232197, -2.12563658e-006, -0.973840607, 6.4698815e-006, 1, -6.73078515e-007, 0, 0, 0, 0, 0, 0, 0, 0.324024561, -0.0611230957, -0.201741724, -0.0296199662, 0.776210353, -0.629689262, -0.992919922, 0.0490722656, 0.107177734, 0.114193796, 0.628499318, 0.769477673, 0, 0, -0, 0, 0, 0, 0, 0.352198389, -0.0352035156, -0.177079932, 0.113249428, 0.217786051, -0.969317842, 0.467529297, -0.872436523, -0.141357422, -0.876631483, -0.43714944, -0.200687292, 0, 3, 1, 1, 
533.952939, 34, 0.1, 0.1, 0.0188551838, 0.368741285, -0.0199746764, 0.973840752, -1.18850951e-006, 0.227231579, 0.227231579, -7.56877663e-006, -0.973840752, 2.87728405e-006, 1, -7.10071623e-006, 0.973840729, -4.82366079e-006, 0.227231674, 0.227231674, -1.15276739e-005, -0.973840729, 7.31692998e-006, 1, -1.01300299e-005, 0, 0, 0, 0, 0, 0, 0, 0.324024561, -0.0611230957, -0.201741724, -0.0296199662, 0.776210353, -0.629689262, -0.992919922, 0.0490722656, 0.107177734, 0.114193796, 0.628499318, 0.769477673, 0, 0, -0, 0, 0, 0, 0, 0.352198389, -0.0352035156, -0.177079932, 0.113249428, 0.217786051, -0.969317842, 0.467529297, -0.872436523, -0.141357422, -0.876631483, -0.43714944, -0.200687292, 0, 3, 1, 1, 
533.953627, 34, 0.1, 0.1, 0.0188551831, 0.368741286, -0.0199751612, 0.973840856, -3.20707005e-006, 0.227231133, 0.227231133, -1.48103434e-005, -0.973840856, 6.48854695e-006, 1, -1.36941713e-005, 0.973840836, -3.47288969e-007, 0.227231216, 0.227231216, -1.01584815e-005, -0.973840836, 2.64652828e-006, 1, -9.81382919e-006, 0, 0, 0, 0, 0, 0, 0, 0.324024561, -0.0611230957, -0.201741724, -0.0296199662, 0.776210353, -0.629689262, -0.992919922, 0.0490722656, 0.107177734, 0.114193796, 0.628499318, 0.769477673, 0, 0, -0, 0, 0, 0, 0, 0.352198389, -0.0352035156, -0.177079932, 0.113249428, 0.217786051, -0.969317842, 0.467529297, -0.872436523, -0.141357422, -0.876631483, -0.43714944, -0.200687292, 0, 3, 1, 1, 
533.954307, 34, 0.1, 0.1, 0.0188551827, 0.368741287, -0.0199742234, 0.973840946, -4.03941098e-006, 0.227230745, 0.227230745, -1.16205644e-005, -0.973840946, 6.57429332e-006, 1, -1.03987031e-005, 0.973840929, 5.69293145e-006, 0.227230817, 0.227230817, 2.68643282e-006, -0.973840929, -6.15444998e-006, 1, 1.32254877e-006, 0, 0, 0, 0, 0, 0, 0, 0.324024561, -0.0611230957, -0.201741724, -0.0296199662, 0.776210353, -0.629689262, -0.992919922, 0.0490722656, 0.107177734, 0.114193796, 0.628499318, 0.769477673, 0, 0, -0, 0, 0, 0, 0, 0.352198389, -0.0352035156, -0.177079932, 0.113249428, 0.217786051, -0.969317842, 0.467529297, -0.872436523, -0.141357422, -0.876631483, -0.43714944, -0.200687292, 0, 3, 1, 1, 
533.954991, 34, 0.1, 0.1, 0.0188551832, 0.368741288, -0.0199721793, 0.973841027, 6.9740213e-007, 0.227230397, 0.227230397, 5.21069034e-006, -0.973841027, -1.86318604e-006, 1, 4.91591307e-006, 0.973841012, 5.02296914e-006, 0.227230462, 0.227230462, 1.06639938e-005, -0.973841012, -7.31475759e-006, 1, 9.24366289e-006, 0, 0, 0, 0, 0, 0, 0, 0.324024561, -0.0611230957, -0.201741724, -0.0296199662, 0.776210353, -0.629689262, -0.992919922, 0.0490722656, 0.107177734, 0.114193796, 0.628499318, 0.769477673, 0, 0, -0, 0, 0, 0, 0, 0.352198389, -0.0352035156, -0.177079932, 0.113249428, 0.217786051, -0.969317842, 0.467529297, -0.872436523, -0.141357422, -0.876631483, -0.43714944, -0.200687292, 0, 3, 1, 1, 
533.955674, 34, 0.1, 0.1, 0.0188551846, 0.368741289, -0.0199696851, 0.973841097, 4.26216519e-006, 0.227230098, 0.227230098, 1.28714544e-005, -0.973841097, -7.07545346e-006, 1, 1.15662591e-005, 0.973841084, 8.62976447e-007, 0.227230154, 0.227230154, 7.75145558e-006, -0.973841084, -2.60176637e-006, 1, 7.35259164e-006, 0, 0, 0, 0, 0, 0, 0, 0.324024561, -0.0611230957, -0.201741724, -0.0296199662, 0.776210353, -0.629689262, -0.992919922, 0.0490722656, 0.107177734, 0.114193796, 0.628499318, 0.769477673, 0, 0, -0, 0, 0, 0, 0, 0.352198389, -0.0352035156, -0.177079932, 0.113249428, 0.217786051, -0.969317842, 0.467529297, -0.872436523, -0.141357422, -0.876631483, -0.43714944, -0.200687292, 0, 3, 1, 1, 
533.956386, 34, 0.1, 0.1, 0.0188551858, 0.368741291, -0.0199672532, 0.973841161, 6.10959462e-006, 0.227229824, 0.227229824, 9.20734002e-006, -0.973841161, -8.04195698e-006, 1, 7.57820458e-006, 0.973841149, -7.6116548e-006, 0.227229877, 0.227229877, -1.07909614e-005, -0.973841149, 9.86457148e-006, 1, -8.77908688e-006, 0, 0, 0, 0, 0, 0, 0, 0.325106201, -0.0635604492, -0.201256665, -0.0344007234, 0.776572055, -0.628971849, -0.993286133, 0.0424804687, 0.106811523, 0.109760132, 0.62844203, 0.770105598, 0, 0, -0, 0, 0, 0, 0, 0.352198389, -0.0352035156, -0.177079932, 0.110023357, 0.216724054, -0.969898964, 0.475463867, -0.868408203, -0.140136719, -0.872797304, -0.445730308, -0.198661744, 0, 3, 1, 1, 
533.95707, 34, 0.1, 0.1, 0.018855186, 0.368741292, -0.0199656805, 0.973841215, -3.31933114e-006, 0.227229595, 0.227229595, -9.50839419e-006, -0.973841215, 5.39309002e-006, 1, -8.50541587e-006, 0.973841204, -7.74714855e-006, 0.227229638, 0.227229638, -1.67531416e-005, -0.973841204, 1.13513028e-005, 1, -1.45545179e-005, 0, 0, 0, 0, 0, 0, 0, 0.325106201, -0.0635604492, -0.201256665, -0.0344007234, 0.776572055, -0.628971849, -0.993286133, 0.0424804687, 0.106811523, 0.109760132, 0.62844203, 0.770105598, 0, 0, -0, 0, 0, 0, 0, 0.352512061, -0.0370169434, -0.176629297, 0.110023357, 0.216724054, -0.969898964, 0.475463867, -0.868408203, -0.140136719, -0.872797304, -0.445730308, -0.198661744, 0, 3, 1, 1, 
533.957754, 34, 0.1, 0.1, 0.0188551857, 0.368741292, -0.0199654743, 0.973841261, -9.1366231e-006, 0.227229396, 0.227229395, -1.34737988e-005, -0.973841261, 1.19592637e-005, 1, -1.10452319e-005, 0.973841252, -4.70637402e-006, 0.227229433, 0.227229433, -7.95545178e-006, -0.973841252, 6.39097397e-006, 1, -6.67792043e-006, 0, 0, 0, 0, 0, 0, 0, 0.325106201, -0.0635604492, -0.201256665, -0.0344007234, 0.776572055, -0.628971849, -0.993286133, 0.0424804687, 0.106811523, 0.109760132, 0.62844203, 0.770105598, 0, 0, -0, 0, 0, 0, 0, 0.352512061, -0.0370169434, -0.176629297, 0.110023357, 0.216724054, -0.969898964, 0.475463867, -0.868408203, -0.140136719, -0.872797304, -0.445730308, -0.198661744, 0, 3, 1, 1, 
533.95844, 34, 0.1, 0.1, 0.0188551856, 0.368741291, -0.0199666277, 0.973841303, -6.00773949e-006, 0.227229215, 0.227229215, -6.36651603e-006, -0.973841303, 7.2972433e-006, 1, -4.83484234e-006, 0.973841295, 5.41381122e-006, 0.22722925, 0.227229249, 1.24160147e-005, -0.973841295, -8.09347462e-006, 1, 1.08610515e-005, 0, 0, 0, 0, 0, 0, 0, 0.325106201, -0.0635604492, -0.201256665, -0.0344007234, 0.776572055, -0.628971849, -0.993286133, 0.0424804687, 0.106811523, 0.109760132, 0.62844203, 0.770105598, 0, 0, -0, 0, 0, 0, 0, 0.352512061, -0.0370169434, -0.176629297, 0.110023357, 0.216724054, -0.969898964, 0.475463867, -0.868408203, -0.140136719, -0.872797304, -0.445730308, -0.198661744, 0, 3, 1, 1, 
533.959122, 34, 0.1, 0.1, 0.0188551855, 0.368741291, -0.0199687045, 0.973841339, 6.85151352e-006, 0.227229061, 0.227229061, 9.34236056e-006, -0.973841339, -8.79514292e-006, 1, 7.54111393e-006, 0.973841332, 1.03191128e-005, 0.227229091, 0.227229091, 1.57906913e-005, -0.973841332, -1.3637283e-005, 1, 1.30328252e-005, 0, 0, 0, 0, 0, 0, 0, 0.325106201, -0.0635604492, -0.201256665, -0.0344007234, 0.776572055, -0.628971849, -0.993286133, 0.0424804687, 0.106811523, 0.109760132, 0.62844203, 0.770105598, 0, 0, -0, 0, 0, 0, 0, 0.352512061, -0.0370169434, -0.176629297, 0.110023357, 0.216724054, -0.969898964, 0.475463867, -0.868408203, -0.140136719, -0.872797304, -0.445730308, -0.198661744, 0, 3, 1, 1, 
533.959804, 34, 0.1, 0.1, 0.0188551858, 0.368741292, -0.0199710792, 0.973841372, 8.97134659e-006, 0.227228922, 0.227228922, 1.29189906e-005, -0.973841372, -1.16722368e-005, 1, 1.05424981e-005, 0.973841365, 6.14272302e-006, 0.227228948, 0.227228948, 7.80215515e-006, -0.973841365, -7.75491328e-006, 1, 6.20225694e-006, 0, 0, 0, 0, 0, 0, 0, 0.325106201, -0.0635604492, -0.201256665, -0.0344007234, 0.776572055, -0.628971849, -0.993286133, 0.0424804687, 0.106811523, 0.109760132, 0.62844203, 0.770105598, 0, 0, -0, 0, 0, 0, 0, 0.352512061, -0.0370169434, -0.176629297, 0.110023357, 0.216724054, -0.969898964, 0.475463867, -0.868408203, -0.140136719, -0.872797304, -0.445730308, -0.198661744, 0, 3, 1, 1, 
533.96049, 34, 0.1, 0.1, 0.0188551865, 0.368741293, -0.019973031, 0.973841399, 3.43701524e-006, 0.227228803, 0.227228803, 7.36934693e-006, -0.973841399, -5.02163562e-006, 1, 6.39558627e-006, 0.973841394, -5.76749387e-006, 0.227228826, 0.227228826, -7.58057853e-006, -0.973841394, 7.33915023e-006, 1, -6.0717403e-006, 0, 0, 0, 0, 0, 0, 0, 0.325106201, -0.0635604492, -0.201256665, -0.0344007234, 0.776572055, -0.628971849, -0.993286133, 0.0424804687, 0.106811523, 0.109760132, 0.62844203, 0.770105598, 0, 0, -0, 0, 0, 0, 0, 0.352512061, -0.0370169434, -0.176629297, 0.110023357, 0.216724054, -0.969898964, 0.475463867, -0.868408203, -0.140136719, -0.872797304, -0.445730308, -0.198661744, 0, 3, 1, 1, 
533.96118, 34, 0.1, 0.1, 0.0188551871, 0.368741294, -0.0199739604, 0.973841424, -4.48678834e-006, 0.227228697, 0.227228697, -8.26704084e-006, -0.973841424, 6.24792927e-006, 1, -7.03125976e-006, 0.97384142, -8.21629947e-006, 0.227228716, 0.227228716, -1.31737038e-005, -0.97384142, 1.09948166e-005, 1, -1.09621193e-005, 0, 0, 0, 0, 0, 0, 0, 0.325106201, -0.0635604492, -0.201256665, -0.0344007234, 0.776572055, -0.628971849, -0.993286133, 0.0424804687, 0.106811523, 0.109760132, 0.62844203, 0.770105598, 0, 0, -0, 0, 0, 0, 0, 0.352512061, -0.0370169434, -0.176629297, 0.110023357, 0.216724054, -0.969898964, 0.475463867, -0.868408203, -0.140136719, -0.872797304, -0.445730308, -0.198661744, 0, 3, 1, 1, 
533.961893, 34, 0.1, 0.1, 0.018855187, 0.368741294, -0.0199733774, 0.973841446, -6.90666495e-006, 0.227228605, 0.227228605, -1.32817575e-005, -0.973841446, 9.7439918e-006, 1, -1.13649341e-005, 0.973841442, -3.9093505e-006, 0.227228622, 0.227228622, -8.79675085e-006, -0.973841442, 5.8059611e-006, 1, -7.6783242e-006, 0, 0, 0, 0, 0, 0, 0, 0.326314893, -0.0655391113, -0.20075061, -0.0410221926, 0.777174892, -0.627854541, -0.993530273, 0.0340576172, 0.107177734, 0.104629273, 0.62834655, 0.770917369, 0, 0, -0, 0, 0, 0, 0, 0.353050928, -0.0385792969, -0.176405322, 0.106599326, 0.216371142, -0.970454566, 0.484375, -0.863525391, -0.139282227, -0.868247476, -0.455218589, -0.196879, 0, 3, 1, 1, 
533.962587, 34, 0.1, 0.1, 0.0188551869, 0.368741294, -0.0199717236, 0.973841465, -5.91897063e-006, 0.227228523, 0.227228523, -7.99168159e-006, -0.973841465, 7.58007704e-006, 1, -6.43767195e-006, 0.973841461, 4.32479402e-006, 0.227228538, 0.227228538, 8.09372656e-006, -0.973841461, -6.05078938e-006, 1, 6.89928988e-006, 0, 0, 0, 0, 0, 0, 0, 0.326314893, -0.0655391113, -0.20075061, -0.0410221926, 0.777174892, -0.627854541, -0.993530273, 0.0340576172, 0.107177734, 0.104629273, 0.62834655, 0.770917369, 0, 0, -0, 0, 0, 0, 0, 0.353050928, -0.0385792969, -0.176405322, 0.106599326, 0.216371142, -0.970454566, 0.484375, -0.863525391, -0.139282227, -0.868247476, -0.455218589, -0.196879, 0, 3, 1, 1, 
533.963343, 34, 0.1, 0.1, 0.0188551868, 0.368741294, -0.0199690795, 0.973841482, 5.38665868e-006, 0.227228449, 0.227228449, 8.39860203e-006, -0.973841482, -7.15415299e-006, 1, 6.95490495e-006, 0.973841479, 9.81658183e-006, 0.227228463, 0.227228463, 1.57664713e-005, -0.973841479, -1.31423856e-005, 1, 1.31234369e-005, 0, 0, 0, 0, 0, 0, 0, 0.326314893, -0.0655391113, -0.20075061, -0.0410221926, 0.777174892, -0.627854541, -0.993530273, 0.0340576172, 0.107177734, 0.104629273, 0.62834655, 0.770917369, 0, 0, -0, 0, 0, 0, 0, 0.353050928, -0.0385792969, -0.176405322, 0.106599326, 0.216371142, -0.970454566, 0.484375, -0.863525391, -0.139282227, -0.868247476, -0.455218589, -0.196879, 0, 3, 1, 1, 
533.964042, 34, 0.1, 0.1, 0.0188551872, 0.368741295, -0.0199664856, 0.973841496, 1.00857778e-005, 0.227228387, 0.227228386, 1.60484528e-005, -0.973841496, -1.34686129e-005, 1, 1.33368743e-005, 0.973841494, 6.67494134e-006, 0.227228398, 0.227228398, 1.07418335e-005, -0.973841494, -8.94118445e-006, 1, 8.94410691e-006, 0, 0, 0, 0, 0, 0, 0, 0.327487817, -0.0673366455, -0.199401025, -0.048253612, 0.77690867, -0.627676686, -0.993896484, 0.0244140625, 0.106445313, 0.0979883253, 0.629006675, 0.771259975, 0, 0, -0, 0, 0, 0, 0, 0.353050928, -0.0385792969, -0.176405322, 0.106599326, 0.216371142, -0.970454566, 0.484375, -0.863525391, -0.139282227, -0.868247476, -0.455218589, -0.196879, 0, 3, 1, 1, 
533.964737, 34, 0.1, 0.1, 0.0188551881, 0.368741296, -0.0199648218, 0.973841509, 5.18649761e-006, 0.227228332, 0.227228332, 8.3309555e-006, -0.973841509, -6.94385578e-006, 1, 6.93451108e-006, 0.973841507, -6.92393947e-006, 0.227228342, 0.227228342, -1.10566215e-005, -0.973841507, 9.25519742e-006, 1, -9.19408165e-006, 0, 0, 0, 0, 0, 0, 0, 0.327487817, -0.0673366455, -0.199401025, -0.048253612, 0.77690867, -0.627676686, -0.993896484, 0.0244140625, 0.106445313, 0.0979883253, 0.629006675, 0.771259975, 0, 0, -0, 0, 0, 0, 0, 0.35380415, -0.0402280762, -0.174874365, 0.106159295, 0.214829735, -0.970767731, 0.494018555, -0.858642578, -0.135986328, -0.862893046, -0.465077271, -0.197402886, 0, 3, 1, 1, 
533.965427, 34, 0.1, 0.1, 0.0188551889, 0.368741297, -0.0199647982, 0.97384152, -7.52011038e-006, 0.227228285, 0.227228284, -1.22328194e-005, -0.97384152, 1.01030383e-005, 1, -1.02040457e-005, 0.973841518, -1.19561336e-005, 0.227228294, 0.227228293, -1.9139518e-005, -0.973841518, 1.59924193e-005, 1, -1.59220855e-005, 0, 0, 0, 0, 0, 0, 0, 0.327487817, -0.0673366455, -0.199401025, -0.048253612, 0.77690867, -0.627676686, -0.993896484, 0.0244140625, 0.106445313, 0.0979883253, 0.629006675, 0.771259975, 0, 0, -0, 0, 0, 0, 0, 0.35380415, -0.0402280762, -0.174874365, 0.106159295, 0.214829735, -0.970767731, 0.494018555, -0.858642578, -0.135986328, -0.862893046, -0.465077271, -0.197402886, 0, 3, 1, 1, 
533.966117, 34, 0.1, 0.1, 0.0188551891, 0.368741298, -0.0199662972, 0.97384153, -1.08711311e-005, 0.227228243, 0.227228242, -1.75214666e-005, -0.97384153, 1.4568131e-005, 1, -1.45929038e-005, 0.973841528, -7.04617842e-006, 0.227228251, 0.227228251, -1.14104245e-005, -0.973841528, 9.45463197e-006, 1, -9.51085446e-006, 0, 0, 0, 0, 0, 0, 0, 0.327487817, -0.0673366455, -0.199401025, -0.048253612, 0.77690867, -0.627676686, -0.993896484, 0.0244140625, 0.106445313, 0.0979883253, 0.629006675, 0.771259975, 0, 0, -0, 0, 0, 0, 0, 0.35380415, -0.0402280762, -0.174874365, 0.106159295, 0.214829735, -0.970767731, 0.494018555, -0.858642578, -0.135986328, -0.862893046, -0.465077271, -0.197402886, 0, 3, 1, 1, 
533.966798, 34, 0.1, 0.1, 0.0188551892, 0.368741298, -0.0199687236, 0.973841539, -5.75224507e-006, 0.227228202, 0.227228202, -9.57479749e-006, -0.973841539, 7.77743921e-006, 1, -8.01726323e-006, 0.973841538, 4.54903115e-006, 0.22722821, 0.22722821, 7.56815882e-006, -0.973841538, -6.14973468e-006, 1, 6.33651922e-006, 0, 0, 0, 0, 0, 0, 0, 0.327487817, -0.0673366455, -0.199401025, -0.048253612, 0.77690867, -0.627676686, -0.993896484, 0.0244140625, 0.106445313, 0.0979883253, 0.629006675, 0.771259975, 0, 0, -0, 0, 0, 0, 0, 0.35380415, -0.0402280762, -0.174874365, 0.106159295, 0.214829735, -0.970767731, 0.494018555, -0.858642578, -0.135986328, -0.862893046, -0.465077271, -0.197402886, 0, 3, 1, 1, 
533.967485, 34, 0.1, 0.1, 0.0188551894, 0.368741298, -0.0199713983, 0.973841548, 4.58307948e-006, 0.227228165, 0.227228165, 7.94670998e-006, -0.973841548, -6.26890954e-006, 1, 6.69743161e-006, 0.973841547, 7.96648718e-006, 0.227228172, 0.227228172, 1.32222527e-005, -0.973841547, -1.07625645e-005, 1, 1.10661687e-005, 0, 0, 0, 0, 0, 0, 0, 0.327487817, -0.0673366455, -0.199401025, -0.048253612, 0.77690867, -0.627676686, -0.993896484, 0.0244140625, 0.106445313, 0.0979883253, 0.629006675, 0.771259975, 0, 0, -0, 0, 0, 0, 0, 0.35380415, -0.0402280762, -0.174874365, 0.106159295, 0.214829735, -0.970767731, 0.494018555, -0.858642578, -0.135986328, -0.862893046, -0.465077271, -0.197402886, 0, 3, 1, 1, 
533.968169, 34, 0.1, 0.1, 0.0188551898, 0.368741299, -0.0199735263, 0.973841555, 8.22654877e-006, 0.227228136, 0.227228135, 1.23778934e-005, -0.973841555, -1.08239607e-005, 1, 1.01848036e-005, 0.973841554, 5.1129069e-006, 0.227228141, 0.227228141, 7.51197923e-006, -0.973841554, -6.68609428e-006, 1, 6.15368119e-006, 0, 0, 0, 0, 0, 0, 0, 0.327487817, -0.0673366455, -0.199401025, -0.048253612, 0.77690867, -0.627676686, -0.993896484, 0.0244140625, 0.106445313, 0.0979883253, 0.629006675, 0.771259975, 0, 0, -0, 0, 0, 0, 0, 0.35380415, -0.0402280762, -0.174874365, 0.106159295, 0.214829735, -0.970767731, 0.494018555, -0.858642578, -0.135986328, -0.862893046, -0.465077271, -0.197402886, 0, 3, 1, 1, 
533.968852, 34, 0.1, 0.1, 0.0188551902, 0.3687413, -0.0199745169, 0.973841561, 4.76794588e-006, 0.227228111, 0.227228111, 8.31930128e-006, -0.973841561, -6.53360298e-006, 1, 7.01827e-006, 0.97384156, -4.00615696e-006, 0.227228116, 0.227228116, -5.85986525e-006, -0.97384156, 5.23288829e-006, 1, -4.79626881e-006, 0, 0, 0, 0, 0, 0, 0, 0.327487817, -0.0673366455, -0.199401025, -0.048253612, 0.77690867, -0.627676686, -0.993896484, 0.0244140625, 0.106445313, 0.0979883253, 0.629006675, 0.771259975, 0, 0, -0, 0, 0, 0, 0, 0.35380415, -0.0402280762, -0.174874365, 0.106159295, 0.214829735, -0.970767731, 0.494018555, -0.858642578, -0.135986328, -0.862893046, -0.465077271, -0.197402886, 0, 3, 1, 1, 
533.969566, 34, 0.1, 0.1, 0.0188551905, 0.368741301, -0.0199739096, 0.973841567, -3.39377823e-006, 0.227228085, 0.227228085, -5.66424541e-006, -0.973841567, 4.59207795e-006, 1, -4.7449159e-006, 0.973841566, -6.69097518e-006, 0.22722809, 0.22722809, -1.11854313e-005, -0.973841566, 9.05759394e-006, 1, -9.37246043e-006, 0, 0, 0, 0, 0, 0, 0, 0.328829907, -0.0688966553, -0.198015552, -0.0564566841, 0.776946862, -0.626819609, -0.994262695, 0.0128173828, 0.10534668, 0.0898945773, 0.62924781, 0.771989371, 0, 0, -0, 0, 0, 0, 0, 0.355166064, -0.0415994141, -0.17332998, 0.104524572, 0.214534059, -0.970997775, 0.504882812, -0.852539063, -0.134033203, -0.856682241, -0.476277935, -0.197549807, 0, 3, 1, 1, 
533.970262, 34, 0.1, 0.1, 0.0188551903, 0.3687413, -0.019972011, 0.973841573, -7.22276272e-006, 0.22722806, 0.22722806, -1.16858247e-005, -0.973841573, 9.68917388e-006, 1, -9.73892756e-006, 0.973841572, -4.19076747e-006, 0.227228065, 0.227228065, -6.91865847e-006, -0.973841572, 5.65325696e-006, 1, -5.78541726e-006, 0, 0, 0, 0, 0, 0, 0, 0.328829907, -0.0688966553, -0.198015552, -0.0564566841, 0.776946862, -0.626819609, -0.994262695, 0.0128173828, 0.10534668, 0.0898945773, 0.62924781, 0.771989371, 0, 0, -0, 0, 0, 0, 0, 0.355166064, -0.0415994141, -0.17332998, 0.104524572, 0.214534059, -0.970997775, 0.504882812, -0.852539063, -0.134033203, -0.856682241, -0.476277935, -0.197549807, 0, 3, 1, 1, 
533.970941, 34, 0.1, 0.1, 0.0188551901, 0.3687413, -0.0199697398, 0.973841579, -4.9473473e-006, 0.227228034, 0.227228034, -8.54625795e-006, -0.973841579, 6.75988189e-006, 1, -7.19852534e-006, 0.973841578, 5.40524867e-006, 0.227228039, 0.227228039, 8.77561417e-006, -0.973841577, -7.25792149e-006, 1, 7.31783389e-006, 0, 0, 0, 0, 0, 0, 0, 0.328829907, -0.0688966553, -0.198015552, -0.0564566841, 0.776946862, -0.626819609, -0.994262695, 0.0128173828, 0.10534668, 0.0898945773, 0.62924781, 0.771989371, 0, 0, -0, 0, 0, 0, 0, 0.355166064, -0.0415994141, -0.17332998, 0.104524572, 0.214534059, -0.970997775, 0.504882812, -0.852539063, -0.134033203, -0.856682241, -0.476277935, -0.197549807, 0, 3, 1, 1, 
533.971627, 34, 0.1, 0.1, 0.01885519, 0.3687413, -0.0199676754, 0.973841584, 5.0294677e-006, 0.22722801, 0.22722801, 8.60702651e-006, -0.973841584, -6.8536623e-006, 1, 7.23904439e-006, 0.973841583, 9.595212e-006, 0.227228014, 0.227228014, 1.50982326e-005, -0.973841583, -1.27749579e-005, 1, 1.25229858e-005, 0, 0, 0, 0, 0, 0, 0, 0.328829907, -0.0688966553, -0.198015552, -0.0564566841, 0.776946862, -0.626819609, -0.994262695, 0.0128173828, 0.10534668, 0.0898945773, 0.62924781, 0.771989371, 0, 0, -0, 0, 0, 0, 0, 0.355166064, -0.0415994141, -0.17332998, 0.104524572, 0.214534059, -0.970997775, 0.504882812, -0.852539063, -0.134033203, -0.856682241, -0.476277935, -0.197549807, 0, 3, 1, 1, 
533.972341, 34, 0.1, 0.1, 0.0188551906, 0.368741301, -0.0199661838, 0.973841588, 1.03818336e-005, 0.227227994, 0.227227994, 1.66622852e-005, -0.973841588, -1.38963989e-005, 1, 1.3867383e-005, 0.973841587, 6.54888874e-006, 0.227227997, 0.227227997, 1.12273177e-005, -0.973841587, -8.9287411e-006, 1, 9.44553798e-006, 0, 0, 0, 0, 0, 0, 0, 0.330146973, -0.0700054199, -0.196627393, -0.0651169385, 0.777086526, -0.625924341, -0.994506836, 0.000610351555, 0.104125977, 0.0812552801, 0.629349282, 0.772959902, 0, 0, -0, 0, 0, 0, 0, 0.356068311, -0.0425276855, -0.171783887, 0.102621525, 0.214263904, -0.971240578, 0.516235352, -0.846069336, -0.132080078, -0.850254153, -0.487721401, -0.197575326, 0, 3, 1, 1, 
