time, trialNum, realDorsalTactorPos, realVentralTactorPos, boxPosX, boxPosY, boxPosZ, boxLocalRot_11, boxLocalRot_12, boxLocalRot_13, boxLocalRot_21, boxLocalRot_22, boxLocalRot_23, boxLocalRot_31, boxLocalRot_32, boxLocalRot_33, boxGlobalRot_11, boxGlobalRot_12, boxGlobalRot_13, boxGlobalRot_21, boxGlobalRot_22, boxGlobalRot_23, boxGlobalRot_31, boxGlobalRot_32, boxGlobalRot_33, indexForceX, indexForceY, indexForceZ, indexForceGlobalX, indexForceGlobalY, indexForceGlobalZ, indexContact, indexPosX, indexPosY, indexPosZ, indexRot_11, indexRot_12, indexRot_13, indexRot_21, indexRot_22, indexRot_23, indexRot_31, indexRot_32, indexRot_33, thumbForceX, thumbForceY, thumbForceZ, thumbForceGlobalX, thumbForceGlobalY, thumbForceGlobalZ, thumbContact, thumbPosX, thumbPosY, thumbPosZ, thumbRot_11, thumbRot_12, thumbRot_13, thumbRot_21, thumbRot_22, thumbRot_23, thumbRot_31, thumbRot_32, thumbRot_33, manipForceTooHigh, cceExpType, mapping, trialSuccess, 
467.864544, 36, 0.1, 0.1, 0.0281757168, 0.350758002, -0.0199781587, 0.960227454, 3.03667657e-005, -0.279218976, 0.279218977, -4.5541165e-005, 0.960227453, 1.64430446e-005, -0.999999999, -5.22088542e-005, 0.960227501, 5.18526468e-006, -0.279218814, 0.279218814, -2.93808635e-005, 0.960227501, -3.22465613e-006, -1, -2.96601366e-005, 0, 0, 0, 0, 0, 0, 0, 0.332267114, -0.0969166504, -0.164897046, -0.441590775, 0.508919053, -0.738772723, -0.882324219, -0.395385742, 0.255004883, -0.162288137, 0.764516787, 0.623860627, 0, 0, 0, 0, 0, 0, 0, 0.35699668, -0.032282373, -0.121431445, -0.140141665, 0.504061461, -0.85212934, 0.0762939453, -0.852539063, -0.516845703, -0.98709723, -0.137394949, 0.0810499642, 0, 3, 1, 1, 
467.869474, 36, 0.1, 0.1, 0.0281757519, 0.350757972, -0.0199862645, 0.960227468, 2.11158339e-005, -0.279218928, 0.279218926, 5.39980815e-005, 0.960227467, 3.53532901e-005, -0.999999998, 4.59545006e-005, 0.960227513, 3.23916059e-005, -0.279218772, 0.27921877, 3.76779106e-005, 0.960227513, 4.16236911e-005, -0.999999999, 2.7135022e-005, 0, 0, 0, 0, 0, 0, 0, 0.336405298, -0.105156226, -0.164227051, -0.448296123, 0.509344035, -0.734513549, -0.879882812, -0.395874023, 0.262451172, -0.157023988, 0.764078701, 0.625781471, 0, 0, 0, 0, 0, 0, 0, 0.360112842, -0.0398566406, -0.122000146, -0.151393001, 0.490103908, -0.858352171, 0.0930175781, -0.857421875, -0.505981445, -0.983983799, -0.156414154, 0.0842009423, 0, 3, 1, 1, 
467.870163, 36, 0.1, 0.1, 0.0281757475, 0.350757984, -0.0199878869, 0.960227183, -3.70583524e-005, -0.279219905, 0.279219906, 4.9006434e-005, 0.960227182, -2.19008655e-005, -0.999999998, 5.74047398e-005, 0.960227246, -3.17768398e-005, -0.279219688, 0.27921969, 5.86478666e-005, 0.960227245, -1.41373483e-005, -0.999999998, 6.51879987e-005, 0, 0, 0, 0, 0, 0, 0, 0.336405298, -0.105156226, -0.164227051, -0.448296123, 0.509344035, -0.734513549, -0.879882812, -0.395874023, 0.262451172, -0.157023988, 0.764078701, 0.625781471, 0, 0, 0, 0, 0, 0, 0, 0.360112842, -0.0398566406, -0.122000146, -0.151393001, 0.490103908, -0.858352171, 0.0930175781, -0.857421875, -0.505981445, -0.983983799, -0.156414154, 0.0842009423, 0, 3, 1, 1, 
467.870853, 36, 0.1, 0.1, 0.0281757434, 0.350757985, -0.0199842283, 0.960226824, 1.21715715e-005, -0.279221141, 0.279221141, -3.30560002e-005, 0.960226824, 2.45753537e-006, -0.999999999, -3.51398182e-005, 0.960226905, -6.21343936e-006, -0.279220864, 0.279220864, -1.93905302e-005, 0.960226905, -1.13805522e-005, -1, -1.68843869e-005, 0, 0, 0, 0, 0, 0, 0, 0.336405298, -0.105156226, -0.164227051, -0.448296123, 0.509344035, -0.734513549, -0.879882812, -0.395874023, 0.262451172, -0.157023988, 0.764078701, 0.625781471, 0, 0, 0, 0, 0, 0, 0, 0.360112842, -0.0398566406, -0.122000146, -0.151393001, 0.490103908, -0.858352171, 0.0930175781, -0.857421875, -0.505981445, -0.983983799, -0.156414154, 0.0842009423, 0, 3, 1, 1, 
467.871557, 36, 0.1, 0.1, 0.0281757454, 0.350757977, -0.019976533, 0.960226451, -1.19993698e-005, -0.279222425, 0.279222424, -2.30636305e-005, 0.960226451, -1.79619951e-005, -1, -1.87958149e-005, 0.960226528, 1.08209526e-005, -0.279222161, 0.279222161, -3.68483375e-005, 0.960226527, 1.01693322e-007, -0.999999999, -3.84042009e-005, 0, 0, 0, 0, 0, 0, 0, 0.336405298, -0.105156226, -0.164227051, -0.452591245, 0.508176553, -0.732647749, -0.878173828, -0.396484375, 0.267456055, -0.154489829, 0.764510796, 0.625856733, 0, 0, 0, 0, 0, 0, 0, 0.360112842, -0.0398566406, -0.122000146, -0.151393001, 0.490103908, -0.858352171, 0.0930175781, -0.857421875, -0.505981445, -0.983983799, -0.156414154, 0.0842009423, 0, 3, 1, 1, 
467.872261, 36, 0.1, 0.1, 0.0281757415, 0.350757981, -0.0199674086, 0.960226217, 1.0103766e-005, -0.27922323, 0.27922323, 1.59683546e-005, 0.960226217, 1.41606366e-005, -1, 1.25120266e-005, 0.96022625, -2.41857436e-006, -0.279223118, 0.279223118, 2.72981151e-005, 0.960226249, 5.29988621e-006, -1, 2.68876885e-005, 0, 0, 0, 0, 0, 0, 0, 0.337979443, -0.107446997, -0.16413147, -0.452591245, 0.508176553, -0.732647749, -0.878173828, -0.396484375, 0.267456055, -0.154489829, 0.764510796, 0.625856733, 0, 0, 0, 0, 0, 0, 0, 0.361289551, -0.0425548828, -0.122699902, -0.157679998, 0.485329866, -0.859961741, 0.0980224609, -0.858764648, -0.502685547, -0.982557963, -0.163544033, 0.0878367936, 0, 3, 1, 1, 
467.872949, 36, 0.1, 0.1, 0.0281757422, 0.35075798, -0.0199600699, 0.960226117, 1.16093272e-006, -0.279223575, 0.279223575, 1.42765157e-005, 0.960226117, 5.10109766e-006, -1, 1.33845234e-005, 0.960226139, 1.02450031e-005, -0.279223499, 0.279223499, -8.65413626e-006, 0.960226139, 7.42108153e-006, -1, -1.11705735e-005, 0, 0, 0, 0, 0, 0, 0, 0.337979443, -0.107446997, -0.16413147, -0.452591245, 0.508176553, -0.732647749, -0.878173828, -0.396484375, 0.267456055, -0.154489829, 0.764510796, 0.625856733, 0, 0, 0, 0, 0, 0, 0, 0.361289551, -0.0425548828, -0.122699902, -0.157679998, 0.485329866, -0.859961741, 0.0980224609, -0.858764648, -0.502685547, -0.982557963, -0.163544033, 0.0878367936, 0, 3, 1, 1, 
467.873656, 36, 0.1, 0.1, 0.0281757428, 0.35075798, -0.0199557938, 0.960225964, 4.40265221e-005, -0.279224098, 0.279224099, -2.72759774e-005, 0.960225964, 3.46592994e-005, -0.999999999, -3.84843677e-005, 0.960225993, 3.00092291e-005, -0.279224, 0.279224001, -1.64945884e-005, 0.960225993, 2.42099568e-005, -0.999999999, -2.42178295e-005, 0, 0, 0, 0, 0, 0, 0, 0.337979443, -0.107446997, -0.16413147, -0.452591245, 0.508176553, -0.732647749, -0.878173828, -0.396484375, 0.267456055, -0.154489829, 0.764510796, 0.625856733, 0, 0, 0, 0, 0, 0, 0, 0.361289551, -0.0425548828, -0.122699902, -0.157679998, 0.485329866, -0.859961741, 0.0980224609, -0.858764648, -0.502685547, -0.982557963, -0.163544033, 0.0878367936, 0, 3, 1, 1, 
467.874369, 36, 0.1, 0.1, 0.0281757405, 0.35075798, -0.0199559241, 0.960225832, -3.77760874e-005, -0.279224552, 0.279224553, 1.2880036e-005, 0.960225832, -3.26771527e-005, -0.999999999, 2.29157544e-005, 0.960225858, -3.76678775e-005, -0.279224463, 0.279224464, 1.26124065e-005, 0.960225858, -3.26479775e-005, -0.999999999, 2.26285517e-005, 0, 0, 0, 0, 0, 0, 0, 0.33891499, -0.109701147, -0.163579272, -0.456308618, 0.507732475, -0.730604095, -0.876708984, -0.396362305, 0.271972656, -0.151429216, 0.764828315, 0.626274601, 0, 0, 0, 0, 0, 0, 0, 0.361289551, -0.0425548828, -0.122699902, -0.162497416, 0.479597372, -0.862255245, 0.104370117, -0.860595703, -0.498291016, -0.98110041, -0.170897391, 0.0898051054, 0, 3, 1, 1, 
467.87506, 36, 0.1, 0.1, 0.0281757422, 0.350757978, -0.019959902, 0.960225719, 1.20234219e-005, -0.279224944, 0.279224944, -7.04264688e-006, 0.960225719, 9.57871628e-006, -1, -1.011977e-005, 0.960225741, 2.78112868e-005, -0.279224865, 0.279224865, -1.79765713e-005, 0.960225741, 2.16856078e-005, -0.999999999, -2.50271693e-005, 0, 0, 0, 0, 0, 0, 0, 0.33891499, -0.109701147, -0.163579272, -0.456308618, 0.507732475, -0.730604095, -0.876708984, -0.396362305, 0.271972656, -0.151429216, 0.764828315, 0.626274601, 0, 0, 0, 0, 0, 0, 0, 0.362117676, -0.045097998, -0.12236377, -0.162497416, 0.479597372, -0.862255245, 0.104370117, -0.860595703, -0.498291016, -0.98110041, -0.170897391, 0.0898051054, 0, 3, 1, 1, 
467.875748, 36, 0.1, 0.1, 0.0281757375, 0.350757982, -0.0199664651, 0.960225613, 4.9359393e-006, -0.279225307, 0.279225307, 2.97503568e-006, 0.960225613, 5.5703206e-006, -1, 1.4784663e-006, 0.960225632, -2.00223506e-005, -0.27922524, 0.27922524, 1.65812866e-005, 0.960225632, -1.45960605e-005, -1, 2.1512522e-005, 0, 0, 0, 0, 0, 0, 0, 0.33891499, -0.109701147, -0.163579272, -0.456308618, 0.507732475, -0.730604095, -0.876708984, -0.396362305, 0.271972656, -0.151429216, 0.764828315, 0.626274601, 0, 0, 0, 0, 0, 0, 0, 0.362117676, -0.045097998, -0.12236377, -0.162497416, 0.479597372, -0.862255245, 0.104370117, -0.860595703, -0.498291016, -0.98110041, -0.170897391, 0.0898051054, 0, 3, 1, 1, 
467.876443, 36, 0.1, 0.1, 0.0281757398, 0.350757974, -0.0199734666, 0.960225616, -4.16816388e-006, -0.279225296, 0.279225296, -4.36240265e-005, 0.960225615, -1.61833095e-005, -0.999999999, -4.07250509e-005, 0.960225607, 6.15486894e-006, -0.279225329, 0.279225329, -5.22049593e-005, 0.960225605, -8.6668842e-006, -0.999999999, -5.18471341e-005, 0, 0, 0, 0, 0, 0, 0, 0.33891499, -0.109701147, -0.163579272, -0.456308618, 0.507732475, -0.730604095, -0.876708984, -0.396362305, 0.271972656, -0.151429216, 0.764828315, 0.626274601, 0, 0, 0, 0, 0, 0, 0, 0.362117676, -0.045097998, -0.12236377, -0.162497416, 0.479597372, -0.862255245, 0.104370117, -0.860595703, -0.498291016, -0.98110041, -0.170897391, 0.0898051054, 0, 3, 1, 1, 
467.877138, 36, 0.1, 0.1, 0.0281757387, 0.350757977, -0.01997892, 0.960225729, 3.71979302e-006, -0.279224907, 0.279224906, 3.81185675e-005, 0.960225729, 1.42154944e-005, -0.999999999, 3.55637705e-005, 0.960225704, 3.76698947e-006, -0.279224995, 0.279224994, 3.5106133e-005, 0.960225703, 1.34196699e-005, -0.999999999, 3.26579737e-005, 0, 0, 0, 0, 0, 0, 0, 0.33891499, -0.109701147, -0.163579272, -0.456308618, 0.507732475, -0.730604095, -0.876708984, -0.396362305, 0.271972656, -0.151429216, 0.764828315, 0.626274601, 0, 0, 0, 0, 0, 0, 0, 0.362117676, -0.045097998, -0.12236377, -0.162497416, 0.479597372, -0.862255245, 0.104370117, -0.860595703, -0.498291016, -0.98110041, -0.170897391, 0.0898051054, 0, 3, 1, 1, 
467.877831, 36, 0.1, 0.1, 0.0281757377, 0.350757978, -0.0199812995, 0.960225811, 1.01998709e-005, -0.279224628, 0.279224628, -2.96768524e-005, 0.96022581, 1.5076712e-006, -1, -3.13445348e-005, 0.960225806, -4.00835045e-007, -0.279224645, 0.279224645, -1.79032213e-005, 0.960225805, -5.38391276e-006, -1, -1.70792121e-005, 0, 0, 0, 0, 0, 0, 0, 0.33891499, -0.109701147, -0.163579272, -0.456308618, 0.507732475, -0.730604095, -0.876708984, -0.396362305, 0.271972656, -0.151429216, 0.764828315, 0.626274601, 0, 0, 0, 0, 0, 0, 0, 0.362117676, -0.045097998, -0.12236377, -0.162497416, 0.479597372, -0.862255245, 0.104370117, -0.860595703, -0.498291016, -0.98110041, -0.170897391, 0.0898051054, 0, 3, 1, 1, 
467.878519, 36, 0.1, 0.1, 0.0281757391, 0.350757974, -0.019980244, 0.960225848, 8.84852063e-006, -0.279224499, 0.279224499, -2.36197372e-006, 0.960225848, 7.8370573e-006, -1, -4.73875196e-006, 0.960225844, 1.30351942e-005, -0.279224514, 0.279224514, -1.96754624e-005, 0.960225843, 7.02285888e-006, -1, -2.25326332e-005, 0, 0, 0, 0, 0, 0, 0, 0.33891499, -0.109701147, -0.163579272, -0.456308618, 0.507732475, -0.730604095, -0.876708984, -0.396362305, 0.271972656, -0.151429216, 0.764828315, 0.626274601, 0, 0, 0, 0, 0, 0, 0, 0.362117676, -0.045097998, -0.12236377, -0.162497416, 0.479597372, -0.862255245, 0.104370117, -0.860595703, -0.498291016, -0.98110041, -0.170897391, 0.0898051054, 0, 3, 1, 1, 
467.879237, 36, 0.1, 0.1, 0.0281757349, 0.35075798, -0.0199759478, 0.96022582, -1.17132729e-005, -0.279224595, 0.279224595, 3.08513807e-005, 0.96022582, -2.63292278e-006, -0.999999999, 3.28949262e-005, 0.960225826, -2.32320889e-005, -0.279224574, 0.279224575, 3.67062573e-005, 0.960225825, -1.20587626e-005, -0.999999999, 4.17332664e-005, 0, 0, 0, 0, 0, 0, 0, 0.340369897, -0.112590601, -0.16305271, -0.458786994, 0.507879252, -0.728992535, -0.876464844, -0.392822266, 0.277954102, -0.145227859, 0.766535355, 0.625524987, 0, 0, 0, 0, 0, 0, 0, 0.363197119, -0.0482732422, -0.122235498, -0.166790948, 0.473584161, -0.864663588, 0.107910156, -0.862915039, -0.493530273, -0.979956023, -0.175579914, 0.0928660316, 0, 3, 1, 1, 
467.879928, 36, 0.1, 0.1, 0.0281757372, 0.350757979, -0.0199701662, 0.960225851, -6.04403818e-007, -0.279224489, 0.279224488, -2.51332434e-005, 0.960225851, -7.59818119e-006, -1, -2.39648256e-005, 0.960225836, 1.85463281e-005, -0.279224539, 0.27922454, -2.46277323e-005, 0.960225836, 1.09319962e-005, -1, -2.88267748e-005, 0, 0, 0, 0, 0, 0, 0, 0.340369897, -0.112590601, -0.16305271, -0.458786994, 0.507879252, -0.728992535, -0.876464844, -0.392822266, 0.277954102, -0.145227859, 0.766535355, 0.625524987, 0, 0, 0, 0, 0, 0, 0, 0.363197119, -0.0482732422, -0.122235498, -0.166790948, 0.473584161, -0.864663588, 0.107910156, -0.862915039, -0.493530273, -0.979956023, -0.175579914, 0.0928660316, 0, 3, 1, 1, 
467.88062, 36, 0.1, 0.1, 0.0281757365, 0.350757983, -0.019964643, 0.96022601, 2.53778461e-005, -0.279223942, 0.279223941, 2.45007657e-005, 0.96022601, 3.12096683e-005, -0.999999999, 1.64401703e-005, 0.960225968, 1.23945745e-005, -0.279224087, 0.279224086, 3.19826374e-005, 0.960225968, 2.08319151e-005, -0.999999999, 2.72496952e-005, 0, 0, 0, 0, 0, 0, 0, 0.340369897, -0.112590601, -0.16305271, -0.458786994, 0.507879252, -0.728992535, -0.876464844, -0.392822266, 0.277954102, -0.145227859, 0.766535355, 0.625524987, 0, 0, 0, 0, 0, 0, 0, 0.363197119, -0.0482732422, -0.122235498, -0.166790948, 0.473584161, -0.864663588, 0.107910156, -0.862915039, -0.493530273, -0.979956023, -0.175579914, 0.0928660316, 0, 3, 1, 1, 
467.881313, 36, 0.1, 0.1, 0.0281757357, 0.350757982, -0.0199610256, 0.960226289, -2.16452091e-005, -0.279222982, 0.279222983, -1.85443238e-008, 0.960226289, -2.07894769e-005, -1, 6.02603311e-006, 0.960226228, -2.17307914e-005, -0.279223191, 0.279223191, -2.29329e-006, 0.960226228, -2.15068157e-005, -1, 3.86566371e-006, 0, 0, 0, 0, 0, 0, 0, 0.340369897, -0.112590601, -0.16305271, -0.458786994, 0.507879252, -0.728992535, -0.876464844, -0.392822266, 0.277954102, -0.145227859, 0.766535355, 0.625524987, 0, 0, 0, 0, 0, 0, 0, 0.363197119, -0.0482732422, -0.122235498, -0.166790948, 0.473584161, -0.864663588, 0.107910156, -0.862915039, -0.493530273, -0.979956023, -0.175579914, 0.0928660316, 0, 3, 1, 1, 
467.881999, 36, 0.1, 0.1, 0.0281757375, 0.350757985, -0.0199602313, 0.960226531, 1.00582832e-005, -0.279222151, 0.279222151, 7.69201898e-006, 0.960226531, 1.18060125e-005, -1, 4.57758522e-006, 0.96022649, 2.11302236e-005, -0.279222291, 0.279222291, 2.15706062e-005, 0.96022649, 2.63127945e-005, -1, 1.48126381e-005, 0, 0, 0, 0, 0, 0, 0, 0.340369897, -0.112590601, -0.16305271, -0.458786994, 0.507879252, -0.728992535, -0.876464844, -0.392822266, 0.277954102, -0.145227859, 0.766535355, 0.625524987, 0, 0, 0, 0, 0, 0, 0, 0.363197119, -0.0482732422, -0.122235498, -0.166790948, 0.473584161, -0.864663588, 0.107910156, -0.862915039, -0.493530273, -0.979956023, -0.175579914, 0.0928660316, 0, 3, 1, 1, 
467.882686, 36, 0.1, 0.1, 0.0281757344, 0.350757982, -0.0199622952, 0.960226721, 1.40975857e-006, -0.279221496, 0.279221496, 1.77508656e-005, 0.960226721, 6.31011109e-006, -1, 1.66512206e-005, 0.960226684, -1.37807019e-005, -0.279221624, 0.279221624, -1.31453363e-005, 0.960226684, -1.69030598e-005, -1, -8.77463275e-006, 0, 0, 0, 0, 0, 0, 0, 0.340369897, -0.112590601, -0.16305271, -0.458786994, 0.507879252, -0.728992535, -0.876464844, -0.392822266, 0.277954102, -0.145227859, 0.766535355, 0.625524987, 0, 0, 0, 0, 0, 0, 0, 0.363197119, -0.0482732422, -0.122235498, -0.166790948, 0.473584161, -0.864663588, 0.107910156, -0.862915039, -0.493530273, -0.979956023, -0.175579914, 0.0928660316, 0, 3, 1, 1, 
467.883372, 36, 0.1, 0.1, 0.0281757335, 0.350757984, -0.0199664862, 0.960226884, -1.26870921e-005, -0.279220935, 0.279220935, -3.46598787e-005, 0.960226884, -2.18602507e-005, -0.999999999, -2.97388456e-005, 0.960226862, -1.22917256e-005, -0.279221013, 0.279221013, -3.57398473e-006, 0.960226862, -1.28007767e-005, -1, 2.71923796e-010, 0, 0, 0, 0, 0, 0, 0, 0.340369897, -0.112590601, -0.16305271, -0.458786994, 0.507879252, -0.728992535, -0.876464844, -0.392822266, 0.277954102, -0.145227859, 0.766535355, 0.625524987, 0, 0, 0, 0, 0, 0, 0, 0.363197119, -0.0482732422, -0.122235498, -0.166790948, 0.473584161, -0.864663588, 0.107910156, -0.862915039, -0.493530273, -0.979956023, -0.175579914, 0.0928660316, 0, 3, 1, 1, 
467.884087, 36, 0.1, 0.1, 0.0281757357, 0.350757977, -0.0199714269, 0.960226915, 2.18621815e-005, -0.279220827, 0.279220828, -9.26405838e-006, 0.960226916, 1.84059371e-005, -1, -1.49999746e-005, 0.960226921, 2.80672968e-005, -0.279220807, 0.279220808, -3.07659614e-005, 0.960226921, 1.83604774e-005, -0.999999999, -3.73792777e-005, 0, 0, 0, 0, 0, 0, 0, 0.341524536, -0.113947754, -0.162497095, -0.462630925, 0.507492462, -0.726866505, -0.87512207, -0.392211914, 0.283081055, -0.14140565, 0.767214576, 0.625682625, 0, 0, 0, 0, 0, 0, 0, 0.364195508, -0.0501634766, -0.122095752, -0.172496457, 0.467794064, -0.866790847, 0.114379883, -0.864379883, -0.489379883, -0.978223585, -0.183553041, 0.0955882726, 0, 3, 1, 1, 
467.88477, 36, 0.1, 0.1, 0.0281757316, 0.350757984, -0.0199753217, 0.960226826, -1.97269981e-005, -0.279221134, 0.279221135, 3.63109948e-005, 0.960226826, -8.80359561e-006, -0.999999999, 4.03749861e-005, 0.960226844, -2.80933982e-005, -0.279221072, 0.279221073, 4.09055998e-005, 0.960226843, -1.55543296e-005, -0.999999999, 4.71229238e-005, 0, 0, 0, 0, 0, 0, 0, 0.341524536, -0.113947754, -0.162497095, -0.462630925, 0.507492462, -0.726866505, -0.87512207, -0.392211914, 0.283081055, -0.14140565, 0.767214576, 0.625682625, 0, 0, 0, 0, 0, 0, 0, 0.364195508, -0.0501634766, -0.122095752, -0.172496457, 0.467794064, -0.866790847, 0.114379883, -0.864379883, -0.489379883, -0.978223585, -0.183553041, 0.0955882726, 0, 3, 1, 1, 
467.885459, 36, 0.1, 0.1, 0.0281757326, 0.350757981, -0.0199775052, 0.960226809, 3.10836778e-006, -0.279221194, 0.279221194, -5.49835033e-005, 0.960226808, -1.23678214e-005, -0.999999998, -5.36645561e-005, 0.960226798, 1.37520419e-005, -0.279221231, 0.279221232, -4.09067019e-005, 0.960226797, 1.78305946e-006, -0.999999999, -4.31195734e-005, 0, 0, 0, 0, 0, 0, 0, 0.341524536, -0.113947754, -0.162497095, -0.462630925, 0.507492462, -0.726866505, -0.87512207, -0.392211914, 0.283081055, -0.14140565, 0.767214576, 0.625682625, 0, 0, 0, 0, 0, 0, 0, 0.364195508, -0.0501634766, -0.122095752, -0.172496457, 0.467794064, -0.866790847, 0.114379883, -0.864379883, -0.489379883, -0.978223585, -0.183553041, 0.0955882726, 0, 3, 1, 1, 
467.886145, 36, 0.1, 0.1, 0.0281757323, 0.350757975, -0.0199774261, 0.960226883, 1.49672978e-005, -0.279220938, 0.279220938, 1.36976679e-005, 0.960226884, 1.81966774e-005, -1, 8.97368607e-006, 0.960226865, 3.944779e-006, -0.279221, 0.279221, -1.73049297e-005, 0.960226865, -1.044017e-006, -1, -1.77181235e-005, 0, 0, 0, 0, 0, 0, 0, 0.341524536, -0.113947754, -0.162497095, -0.462630925, 0.507492462, -0.726866505, -0.87512207, -0.392211914, 0.283081055, -0.14140565, 0.767214576, 0.625682625, 0, 0, 0, 0, 0, 0, 0, 0.364195508, -0.0501634766, -0.122095752, -0.172496457, 0.467794064, -0.866790847, 0.114379883, -0.864379883, -0.489379883, -0.978223585, -0.183553041, 0.0955882726, 0, 3, 1, 1, 
467.886833, 36, 0.1, 0.1, 0.0281757339, 0.350757983, -0.0199752084, 0.96022694, -6.79052487e-006, -0.279220742, 0.279220742, 1.99691197e-005, 0.96022694, -9.44652498e-007, -1, 2.10709421e-005, 0.960226932, 6.7450265e-006, -0.279220769, 0.279220769, 3.86271506e-005, 0.960226932, 1.72622588e-005, -0.999999999, 3.52074788e-005, 0, 0, 0, 0, 0, 0, 0, 0.341524536, -0.113947754, -0.162497095, -0.462630925, 0.507492462, -0.726866505, -0.87512207, -0.392211914, 0.283081055, -0.14140565, 0.767214576, 0.625682625, 0, 0, 0, 0, 0, 0, 0, 0.364195508, -0.0501634766, -0.122095752, -0.172496457, 0.467794064, -0.866790847, 0.114379883, -0.864379883, -0.489379883, -0.978223585, -0.183553041, 0.0955882726, 0, 3, 1, 1, 
467.88752, 36, 0.1, 0.1, 0.0281757335, 0.350757982, -0.0199716596, 0.960226905, 1.37319121e-005, -0.279220864, 0.279220863, 5.09528204e-006, 0.960226905, 1.46084605e-005, -1, 1.05839055e-006, 0.960226919, 1.23065869e-005, -0.279220815, 0.279220815, -9.4488345e-006, 0.960226919, 9.17880479e-006, -1, -1.25092805e-005, 0, 0, 0, 0, 0, 0, 0, 0.341524536, -0.113947754, -0.162497095, -0.462630925, 0.507492462, -0.726866505, -0.87512207, -0.392211914, 0.283081055, -0.14140565, 0.767214576, 0.625682625, 0, 0, 0, 0, 0, 0, 0, 0.364195508, -0.0501634766, -0.122095752, -0.172496457, 0.467794064, -0.866790847, 0.114379883, -0.864379883, -0.489379883, -0.978223585, -0.183553041, 0.0955882726, 0, 3, 1, 1, 
467.888223, 36, 0.1, 0.1, 0.0281757333, 0.350757981, -0.019967772, 0.960226798, 2.96026278e-007, -0.279221233, 0.279221233, -9.45228428e-006, 0.960226798, -2.3550261e-006, -1, -9.15899348e-006, 0.960226825, 6.10929034e-006, -0.279221138, 0.279221138, -1.55923785e-005, 0.960226825, 1.5125828e-006, -1, -1.66780631e-005, 0, 0, 0, 0, 0, 0, 0, 0.341524536, -0.113947754, -0.162497095, -0.462630925, 0.507492462, -0.726866505, -0.87512207, -0.392211914, 0.283081055, -0.14140565, 0.767214576, 0.625682625, 0, 0, 0, 0, 0, 0, 0, 0.364195508, -0.0501634766, -0.122095752, -0.172496457, 0.467794064, -0.866790847, 0.114379883, -0.864379883, -0.489379883, -0.978223585, -0.183553041, 0.0955882726, 0, 3, 1, 1, 
467.888938, 36, 0.1, 0.1, 0.0281757313, 0.350757982, -0.0199643334, 0.960226661, -2.83733649e-006, -0.279221703, 0.279221703, -1.48555246e-005, 0.960226661, -6.87247103e-006, -1, -1.34724249e-005, 0.960226693, -1.25997219e-005, -0.279221592, 0.279221592, -1.31636699e-005, 0.960226693, -1.57741701e-005, -1, -9.12199279e-006, 0, 0, 0, 0, 0, 0, 0, 0.341851123, -0.114768091, -0.16331936, -0.469773238, 0.508964359, -0.721267985, -0.872436523, -0.391967773, 0.291625977, -0.134218414, 0.766363491, 0.628256481, 0, 0, 0, 0, 0, 0, 0, 0.364604834, -0.0517723633, -0.122721777, -0.180438233, 0.462853778, -0.867850646, 0.119384766, -0.865356445, -0.486450195, -0.976235217, -0.191436848, 0.101000305, 0, 3, 1, 1, 
467.889626, 36, 0.1, 0.1, 0.0281757313, 0.350757984, -0.0199627182, 0.960226452, -2.30923723e-005, -0.279222421, 0.27922242, -1.25205066e-005, 0.960226452, -2.56699129e-005, -1, -5.57461357e-006, 0.960226497, -2.88701832e-006, -0.279222266, 0.279222266, 1.13020473e-005, 0.960226497, 3.83591776e-007, -1, 1.16586451e-005, 0, 0, 0, 0, 0, 0, 0, 0.341851123, -0.114768091, -0.16331936, -0.469773238, 0.508964359, -0.721267985, -0.872436523, -0.391967773, 0.291625977, -0.134218414, 0.766363491, 0.628256481, 0, 0, 0, 0, 0, 0, 0, 0.364604834, -0.0517723633, -0.122721777, -0.180438233, 0.462853778, -0.867850646, 0.119384766, -0.865356445, -0.486450195, -0.976235217, -0.191436848, 0.101000305, 0, 3, 1, 1, 
467.890316, 36, 0.1, 0.1, 0.0281757271, 0.350757984, -0.0199633407, 0.960226283, 2.27676141e-005, -0.279223003, 0.279223003, 1.52112992e-005, 0.960226283, 2.61094061e-005, -1, 8.24904767e-006, 0.960226304, -1.05993845e-005, -0.279222931, 0.279222931, 1.29750469e-005, 0.960226304, -6.55487721e-006, -1, 1.54185726e-005, 0, 0, 0, 0, 0, 0, 0, 0.341851123, -0.114768091, -0.16331936, -0.469773238, 0.508964359, -0.721267985, -0.872436523, -0.391967773, 0.291625977, -0.134218414, 0.766363491, 0.628256481, 0, 0, 0, 0, 0, 0, 0, 0.364604834, -0.0517723633, -0.122721777, -0.180438233, 0.462853778, -0.867850646, 0.119384766, -0.865356445, -0.486450195, -0.976235217, -0.191436848, 0.101000305, 0, 3, 1, 1, 
467.891015, 36, 0.1, 0.1, 0.0281757336, 0.350757985, -0.0199658981, 0.960226225, 1.18185247e-006, -0.279223204, 0.279223204, 7.91526981e-006, 0.960226225, 3.34497274e-006, -1, 7.27044902e-006, 0.960226243, 2.99473396e-005, -0.279223137, 0.279223137, 1.20584229e-005, 0.960226244, 3.21232121e-005, -0.999999999, 3.21682404e-006, 0, 0, 0, 0, 0, 0, 0, 0.341851123, -0.114768091, -0.16331936, -0.475538013, 0.510024378, -0.716761685, -0.870483398, -0.389648438, 0.300170898, -0.126137031, 0.76681356, 0.629396632, 0, 0, 0, 0, 0, 0, 0, 0.364604834, -0.0517723633, -0.122721777, -0.180438233, 0.462853778, -0.867850646, 0.119384766, -0.865356445, -0.486450195, -0.976235217, -0.191436848, 0.101000305, 0, 3, 1, 1, 
467.891715, 36, 0.1, 0.1, 0.0281757216, 0.350757983, -0.0199692213, 0.960226113, -6.05360962e-005, -0.279223583, 0.279223583, -6.71997982e-006, 0.960226114, -6.00047173e-005, -0.999999998, 1.04504056e-005, 0.960226132, -6.74654481e-005, -0.279223513, 0.279223512, -2.08783557e-005, 0.960226135, -7.06118143e-005, -0.999999998, -1.21000343e-006, 0, 0, 0, 0, 0, 0, 0, 0.342474072, -0.116052002, -0.163755322, -0.475538013, 0.510024378, -0.716761685, -0.870483398, -0.389648438, 0.300170898, -0.126137031, 0.76681356, 0.629396632, 0, 0, 0, 0, 0, 0, 0, 0.365070557, -0.0538538574, -0.123156299, -0.187517439, 0.457191646, -0.86922361, 0.124023438, -0.866821289, -0.482788086, -0.974278932, -0.19829184, 0.105888452, 0, 3, 1, 1, 
467.892402, 36, 0.1, 0.1, 0.0281757249, 0.350757984, -0.0199725748, 0.960226073, 6.98565716e-005, -0.279223715, 0.279223715, 5.70449718e-006, 0.960226076, 6.86709325e-005, -0.999999998, -1.40280045e-005, 0.960226085, 5.52155432e-005, -0.279223679, 0.279223679, -3.30381639e-007, 0.960226086, 5.29271546e-005, -0.999999998, -1.57347282e-005, 0, 0, 0, 0, 0, 0, 0, 0.342474072, -0.116052002, -0.163755322, -0.475538013, 0.510024378, -0.716761685, -0.870483398, -0.389648438, 0.300170898, -0.126137031, 0.76681356, 0.629396632, 0, 0, 0, 0, 0, 0, 0, 0.365070557, -0.0538538574, -0.123156299, -0.187517439, 0.457191646, -0.86922361, 0.124023438, -0.866821289, -0.482788086, -0.974278932, -0.19829184, 0.105888452, 0, 3, 1, 1, 
467.893088, 36, 0.1, 0.1, 0.028175733, 0.350757989, -0.0199750603, 0.96022596, 4.40767676e-006, -0.279224115, 0.279224114, 1.50217629e-005, 0.96022596, 8.42680409e-006, -1, 1.3193557e-005, 0.960225993, 2.9950893e-005, -0.279224, 0.279223999, 3.00391306e-005, 0.960225993, 3.71472722e-005, -0.999999999, 2.04813459e-005, 0, 0, 0, 0, 0, 0, 0, 0.342474072, -0.116052002, -0.163755322, -0.475538013, 0.510024378, -0.716761685, -0.870483398, -0.389648438, 0.300170898, -0.126137031, 0.76681356, 0.629396632, 0, 0, 0, 0, 0, 0, 0, 0.365070557, -0.0538538574, -0.123156299, -0.187517439, 0.457191646, -0.86922361, 0.124023438, -0.866821289, -0.482788086, -0.974278932, -0.19829184, 0.105888452, 0, 3, 1, 1, 
467.893775, 36, 0.1, 0.1, 0.0281757214, 0.350757986, -0.0199759718, 0.960225818, -7.30244646e-005, -0.279224592, 0.279224592, -9.42831031e-006, 0.960225821, -7.27525925e-005, -0.999999997, 1.13369193e-005, 0.960225838, -7.13561419e-005, -0.279224526, 0.279224525, -2.30531446e-005, 0.96022584, -7.49550147e-005, -0.999999997, -2.21184023e-006, 0, 0, 0, 0, 0, 0, 0, 0.342474072, -0.116052002, -0.163755322, -0.475538013, 0.510024378, -0.716761685, -0.870483398, -0.389648438, 0.300170898, -0.126137031, 0.76681356, 0.629396632, 0, 0, 0, 0, 0, 0, 0, 0.365070557, -0.0538538574, -0.123156299, -0.187517439, 0.457191646, -0.86922361, 0.124023438, -0.866821289, -0.482788086, -0.974278932, -0.19829184, 0.105888452, 0, 3, 1, 1, 
467.894459, 36, 0.1, 0.1, 0.0281757182, 0.350757986, -0.0199751993, 0.960225791, 4.21210583e-005, -0.279224693, 0.279224694, -5.12214497e-006, 0.960225791, 3.90154972e-005, -0.999999999, -1.66796553e-005, 0.960225795, 1.70604487e-005, -0.279224682, 0.279224682, -4.08731288e-006, 0.960225795, 1.52406042e-005, -1, -8.6884416e-006, 0, 0, 0, 0, 0, 0, 0, 0.342474072, -0.116052002, -0.163755322, -0.475538013, 0.510024378, -0.716761685, -0.870483398, -0.389648438, 0.300170898, -0.126137031, 0.76681356, 0.629396632, 0, 0, 0, 0, 0, 0, 0, 0.365070557, -0.0538538574, -0.123156299, -0.187517439, 0.457191646, -0.86922361, 0.124023438, -0.866821289, -0.482788086, -0.974278932, -0.19829184, 0.105888452, 0, 3, 1, 1, 
467.895149, 36, 0.1, 0.1, 0.0281757262, 0.350757989, -0.0199730145, 0.96022572, 1.63712476e-005, -0.279224938, 0.279224938, 1.33631293e-005, 0.96022572, 1.9451412e-005, -1, 8.26035985e-006, 0.960225742, 3.67313984e-005, -0.27922486, 0.279224859, 2.1736642e-005, 0.960225743, 4.13398452e-005, -0.999999999, 1.06157637e-005, 0, 0, 0, 0, 0, 0, 0, 0.342474072, -0.116052002, -0.163755322, -0.475538013, 0.510024378, -0.716761685, -0.870483398, -0.389648438, 0.300170898, -0.126137031, 0.76681356, 0.629396632, 0, 0, 0, 0, 0, 0, 0, 0.365070557, -0.0538538574, -0.123156299, -0.187517439, 0.457191646, -0.86922361, 0.124023438, -0.866821289, -0.482788086, -0.974278932, -0.19829184, 0.105888452, 0, 3, 1, 1, 
467.895848, 36, 0.1, 0.1, 0.0281757201, 0.350757988, -0.0199700152, 0.960225618, -2.86511639e-005, -0.279225288, 0.279225288, -1.64231201e-006, 0.960225619, -2.79701566e-005, -1, 6.42313942e-006, 0.960225635, -3.67410284e-005, -0.279225228, 0.279225228, -1.09269469e-005, 0.960225636, -3.83307566e-005, -0.999999999, -2.3331254e-007, 0, 0, 0, 0, 0, 0, 0, 0.343517261, -0.116681689, -0.164401709, -0.481709795, 0.510830158, -0.712039337, -0.868041992, -0.389282227, 0.307861328, -0.119845063, 0.766438753, 0.631120524, 0, 0, 0, 0, 0, 0, 0, 0.365070557, -0.0538538574, -0.123156299, -0.187517439, 0.457191646, -0.86922361, 0.124023438, -0.866821289, -0.482788086, -0.974278932, -0.19829184, 0.105888452, 0, 3, 1, 1, 
467.896556, 36, 0.1, 0.1, 0.0281757252, 0.350757989, -0.0199668781, 0.960225556, 3.6699045e-005, -0.279225501, 0.2792255, 2.30044185e-005, 0.960225557, 4.16627812e-005, -0.999999999, 1.18421213e-005, 0.960225572, 4.66314513e-005, -0.279225443, 0.279225443, 8.38521873e-006, 0.960225573, 4.71180785e-005, -0.999999999, -4.9689862e-006, 0, 0, 0, 0, 0, 0, 0, 0.343517261, -0.116681689, -0.164401709, -0.481709795, 0.510830158, -0.712039337, -0.868041992, -0.389282227, 0.307861328, -0.119845063, 0.766438753, 0.631120524, 0, 0, 0, 0, 0, 0, 0, 0.365962988, -0.0550516602, -0.123811133, -0.194999129, 0.452148915, -0.870251692, 0.130981445, -0.86730957, -0.480102539, -0.971996721, -0.207536585, 0.109830906, 0, 3, 1, 1, 
467.897243, 36, 0.1, 0.1, 0.0281757236, 0.35075799, -0.0199649484, 0.960225404, -1.12895824e-005, -0.279226027, 0.279226027, -2.22950051e-006, 0.960225404, -1.14630784e-005, -1, 1.01152222e-006, 0.960225437, -1.68275622e-005, -0.279225912, 0.279225912, -1.07883718e-005, 0.960225437, -1.91706462e-005, -1, -5.66057761e-006, 0, 0, 0, 0, 0, 0, 0, 0.343517261, -0.116681689, -0.164401709, -0.481709795, 0.510830158, -0.712039337, -0.868041992, -0.389282227, 0.307861328, -0.119845063, 0.766438753, 0.631120524, 0, 0, 0, 0, 0, 0, 0, 0.365962988, -0.0550516602, -0.123811133, -0.194999129, 0.452148915, -0.870251692, 0.130981445, -0.86730957, -0.480102539, -0.971996721, -0.207536585, 0.109830906, 0, 3, 1, 1, 
467.89793, 36, 0.1, 0.1, 0.0281757235, 0.350757991, -0.0199646185, 0.960225254, -9.61271783e-006, -0.279226541, 0.279226541, -1.97463293e-006, 0.960225254, -9.78174435e-006, -1, 7.88033548e-007, 0.960225283, -7.13365103e-006, -0.27922644, 0.27922644, 3.32467297e-006, 0.960225283, -5.92157548e-006, -1, 5.18433903e-006, 0, 0, 0, 0, 0, 0, 0, 0.343517261, -0.116681689, -0.164401709, -0.481709795, 0.510830158, -0.712039337, -0.868041992, -0.389282227, 0.307861328, -0.119845063, 0.766438753, 0.631120524, 0, 0, 0, 0, 0, 0, 0, 0.365962988, -0.0550516602, -0.123811133, -0.194999129, 0.452148915, -0.870251692, 0.130981445, -0.86730957, -0.480102539, -0.971996721, -0.207536585, 0.109830906, 0, 3, 1, 1, 
467.898617, 36, 0.1, 0.1, 0.028175725, 0.350757991, -0.0199658593, 0.960225063, -3.42621008e-006, -0.279227199, 0.279227199, 1.37460456e-005, 0.960225063, 5.48337017e-007, -1, 1.41559885e-005, 0.960225108, 1.32718905e-005, -0.279227042, 0.279227042, 1.16238388e-005, 0.960225109, 1.59896926e-005, -1, 7.45563114e-006, 0, 0, 0, 0, 0, 0, 0, 0.343517261, -0.116681689, -0.164401709, -0.481709795, 0.510830158, -0.712039337, -0.868041992, -0.389282227, 0.307861328, -0.119845063, 0.766438753, 0.631120524, 0, 0, 0, 0, 0, 0, 0, 0.365962988, -0.0550516602, -0.123811133, -0.194999129, 0.452148915, -0.870251692, 0.130981445, -0.86730957, -0.480102539, -0.971996721, -0.207536585, 0.109830906, 0, 3, 1, 1, 
467.899306, 36, 0.1, 0.1, 0.0281757188, 0.350757991, -0.0199682513, 0.960224791, -1.64956098e-005, -0.279228132, 0.279228132, 9.8855418e-006, 0.960224791, -1.30791721e-005, -1, 1.40983806e-005, 0.960224845, -2.98598498e-005, -0.279227946, 0.279227946, -1.00194161e-005, 0.960224846, -3.14698707e-005, -1, -1.28318774e-006, 0, 0, 0, 0, 0, 0, 0, 0.343517261, -0.116681689, -0.164401709, -0.481709795, 0.510830158, -0.712039337, -0.868041992, -0.389282227, 0.307861328, -0.119845063, 0.766438753, 0.631120524, 0, 0, 0, 0, 0, 0, 0, 0.365962988, -0.0550516602, -0.123811133, -0.194999129, 0.452148915, -0.870251692, 0.130981445, -0.86730957, -0.480102539, -0.971996721, -0.207536585, 0.109830906, 0, 3, 1, 1, 
467.899993, 36, 0.1, 0.1, 0.0281757236, 0.350757992, -0.019970995, 0.960224637, 2.83724487e-005, -0.279228662, 0.279228663, -2.61843647e-005, 0.960224637, 1.99324991e-005, -0.999999999, -3.3065273e-005, 0.960224654, 3.77074417e-005, -0.279228601, 0.279228602, -1.06871621e-005, 0.960224655, 3.32234538e-005, -0.999999999, -2.07910728e-005, 0, 0, 0, 0, 0, 0, 0, 0.343517261, -0.116681689, -0.164401709, -0.481709795, 0.510830158, -0.712039337, -0.868041992, -0.389282227, 0.307861328, -0.119845063, 0.766438753, 0.631120524, 0, 0, 0, 0, 0, 0, 0, 0.365962988, -0.0550516602, -0.123811133, -0.194999129, 0.452148915, -0.870251692, 0.130981445, -0.86730957, -0.480102539, -0.971996721, -0.207536585, 0.109830906, 0, 3, 1, 1, 
467.900708, 36, 0.1, 0.1, 0.0281757219, 0.35075799, -0.019973235, 0.960224641, -3.36621135e-006, -0.27922865, 0.27922865, 2.70412231e-005, 0.960224641, 4.31836514e-006, -1, 2.69055914e-005, 0.960224627, -1.33431512e-005, -0.279228699, 0.279228699, 8.77452053e-006, 0.960224627, -1.03623244e-005, -1, 1.21513014e-005, 0, 0, 0, 0, 0, 0, 0, 0.344905151, -0.117530591, -0.164011108, -0.485445142, 0.511693226, -0.708815096, -0.866699219, -0.387939453, 0.313354492, -0.114556949, 0.766425648, 0.631969366, 0, 0, 0, 0, 0, 0, 0, 0.365962988, -0.0550516602, -0.123811133, -0.201011239, 0.447674913, -0.871260818, 0.138183594, -0.867431641, -0.477661133, -0.969682795, -0.216353326, 0.112425182, 0, 3, 1, 1, 
467.901397, 36, 0.1, 0.1, 0.028175721, 0.350757993, -0.0199741077, 0.960224689, 3.92187226e-006, -0.279228486, 0.279228486, -1.63407641e-005, 0.960224689, -7.96928239e-007, -1, -1.67859035e-005, 0.960224687, -4.67918986e-006, -0.279228492, 0.279228492, -7.00714213e-006, 0.960224687, -6.44966735e-006, -1, -5.42186773e-006, 0, 0, 0, 0, 0, 0, 0, 0.344905151, -0.117530591, -0.164011108, -0.485445142, 0.511693226, -0.708815096, -0.866699219, -0.387939453, 0.313354492, -0.114556949, 0.766425648, 0.631969366, 0, 0, 0, 0, 0, 0, 0, 0.367176562, -0.0564260742, -0.124046582, -0.201011239, 0.447674913, -0.871260818, 0.138183594, -0.867431641, -0.477661133, -0.969682795, -0.216353326, 0.112425182, 0, 3, 1, 1, 
467.902085, 36, 0.1, 0.1, 0.0281757213, 0.350757994, -0.0199737249, 0.960224645, -2.5241788e-005, -0.279228634, 0.279228635, 2.47399979e-005, 0.960224645, -1.73296711e-005, -0.999999999, 3.08041857e-005, 0.960224663, -3.69520164e-006, -0.279228573, 0.279228573, 1.92882793e-005, 0.960224663, 1.83761495e-006, -1, 1.95528874e-005, 0, 0, 0, 0, 0, 0, 0, 0.344905151, -0.117530591, -0.164011108, -0.485445142, 0.511693226, -0.708815096, -0.866699219, -0.387939453, 0.313354492, -0.114556949, 0.766425648, 0.631969366, 0, 0, 0, 0, 0, 0, 0, 0.367176562, -0.0564260742, -0.124046582, -0.201011239, 0.447674913, -0.871260818, 0.138183594, -0.867431641, -0.477661133, -0.969682795, -0.216353326, 0.112425182, 0, 3, 1, 1, 
467.90277, 36, 0.1, 0.1, 0.0281757177, 0.350757995, -0.0199723046, 0.960224524, 2.1859411e-005, -0.279229051, 0.279229051, -1.75962021e-005, 0.960224524, 1.60765718e-005, -1, -2.30000874e-005, 0.960224557, -3.87125617e-006, -0.279228938, 0.279228938, -1.20208479e-005, 0.960224557, -7.07384383e-006, -1, -1.04617466e-005, 0, 0, 0, 0, 0, 0, 0, 0.344905151, -0.117530591, -0.164011108, -0.485445142, 0.511693226, -0.708815096, -0.866699219, -0.387939453, 0.313354492, -0.114556949, 0.766425648, 0.631969366, 0, 0, 0, 0, 0, 0, 0, 0.367176562, -0.0564260742, -0.124046582, -0.201011239, 0.447674913, -0.871260818, 0.138183594, -0.867431641, -0.477661133, -0.969682795, -0.216353326, 0.112425182, 0, 3, 1, 1, 
467.903494, 36, 0.1, 0.1, 0.0281757208, 0.350757997, -0.0199699724, 0.960224315, -2.0600535e-005, -0.279229769, 0.27922977, 2.63994668e-005, 0.960224315, -1.24096175e-005, -0.999999999, 3.11016926e-005, 0.960224364, 5.30229891e-006, -0.279229603, 0.279229603, 2.17810901e-005, 0.960224364, 1.11733217e-005, -1, 1.94341745e-005, 0, 0, 0, 0, 0, 0, 0, 0.344905151, -0.117530591, -0.164011108, -0.485445142, 0.511693226, -0.708815096, -0.866699219, -0.387939453, 0.313354492, -0.114556949, 0.766425648, 0.631969366, 0, 0, 0, 0, 0, 0, 0, 0.368519287, -0.0584941406, -0.123910498, -0.204870204, 0.442095903, -0.873177357, 0.144042969, -0.868652344, -0.473754883, -0.968001762, -0.222831354, 0.114310372, 0, 3, 1, 1, 
467.904185, 36, 0.1, 0.1, 0.0281757178, 0.350757996, -0.0199676489, 0.960224037, 3.02637428e-005, -0.279230727, 0.279230728, -2.9524126e-005, 0.960224036, 2.08159301e-005, -0.999999999, -3.68003423e-005, 0.960224102, 9.85120442e-007, -0.279230503, 0.279230503, -2.1974313e-005, 0.960224102, -5.18996208e-006, -1, -2.13753406e-005, 0, 0, 0, 0, 0, 0, 0, 0.344905151, -0.117530591, -0.164011108, -0.485445142, 0.511693226, -0.708815096, -0.866699219, -0.387939453, 0.313354492, -0.114556949, 0.766425648, 0.631969366, 0, 0, 0, 0, 0, 0, 0, 0.368519287, -0.0584941406, -0.123910498, -0.204870204, 0.442095903, -0.873177357, 0.144042969, -0.868652344, -0.473754883, -0.968001762, -0.222831354, 0.114310372, 0, 3, 1, 1, 
467.904873, 36, 0.1, 0.1, 0.0281757223, 0.350757996, -0.0199661572, 0.960223686, -1.73426166e-005, -0.279231934, 0.279231935, 1.95254267e-005, 0.960223686, -1.12006686e-005, -1, 2.35913896e-005, 0.960223764, 1.27486414e-005, -0.279231667, 0.279231666, 1.30832416e-005, 0.960223764, 1.58948038e-005, -1, 9.00301511e-006, 0, 0, 0, 0, 0, 0, 0, 0.344905151, -0.117530591, -0.164011108, -0.485445142, 0.511693226, -0.708815096, -0.866699219, -0.387939453, 0.313354492, -0.114556949, 0.766425648, 0.631969366, 0, 0, 0, 0, 0, 0, 0, 0.368519287, -0.0584941406, -0.123910498, -0.204870204, 0.442095903, -0.873177357, 0.144042969, -0.868652344, -0.473754883, -0.968001762, -0.222831354, 0.114310372, 0, 3, 1, 1, 
467.90558, 36, 0.1, 0.1, 0.0281757194, 0.350757995, -0.0199657996, 0.960223255, 3.26147078e-005, -0.279233415, 0.279233416, -3.15483304e-005, 0.960223254, 2.25080528e-005, -0.999999999, -3.94005568e-005, 0.960223357, -4.55069166e-007, -0.279233065, 0.279233065, -2.45937569e-005, 0.960223357, -7.30435816e-006, -1, -2.34884295e-005, 0, 0, 0, 0, 0, 0, 0, 0.344905151, -0.117530591, -0.164011108, -0.488254141, 0.511947465, -0.70660669, -0.865722656, -0.385986328, 0.318481445, -0.109662738, 0.767250524, 0.631866773, 0, 0, 0, 0, 0, 0, 0, 0.368519287, -0.0584941406, -0.123910498, -0.204870204, 0.442095903, -0.873177357, 0.144042969, -0.868652344, -0.473754883, -0.968001762, -0.222831354, 0.114310372, 0, 3, 1, 1, 
