time, trialNum, realDorsalTactorPos, realVentralTactorPos, boxPosX, boxPosY, boxPosZ, boxLocalRot_11, boxLocalRot_12, boxLocalRot_13, boxLocalRot_21, boxLocalRot_22, boxLocalRot_23, boxLocalRot_31, boxLocalRot_32, boxLocalRot_33, boxGlobalRot_11, boxGlobalRot_12, boxGlobalRot_13, boxGlobalRot_21, boxGlobalRot_22, boxGlobalRot_23, boxGlobalRot_31, boxGlobalRot_32, boxGlobalRot_33, indexForceX, indexForceY, indexForceZ, indexForceGlobalX, indexForceGlobalY, indexForceGlobalZ, indexContact, indexPosX, indexPosY, indexPosZ, indexRot_11, indexRot_12, indexRot_13, indexRot_21, indexRot_22, indexRot_23, indexRot_31, indexRot_32, indexRot_33, thumbForceX, thumbForceY, thumbForceZ, thumbForceGlobalX, thumbForceGlobalY, thumbForceGlobalZ, thumbContact, thumbPosX, thumbPosY, thumbPosZ, thumbRot_11, thumbRot_12, thumbRot_13, thumbRot_21, thumbRot_22, thumbRot_23, thumbRot_31, thumbRot_32, thumbRot_33, manipForceTooHigh, cceExpType, mapping, trialSuccess, 
450.258461, 32, 0.1, 0.1, 0.0121290781, 0.361632639, -0.0199721735, 0.928068207, -0.372410259, -3.62857499e-005, 0.372410259, 0.928068208, -1.8199771e-005, 4.04534323e-005, 3.37744331e-006, 0.999999999, 0.928068241, -0.372410175, -3.28707473e-005, 0.372410175, 0.928068242, -7.20570104e-006, 3.3189773e-005, -5.55401846e-006, 0.999999999, 0, 0, 0, 0, 0, 0, 0, 0.263482666, -0.0518416748, -0.200613916, -0.0142579313, 0.796442887, -0.604431853, -0.903198242, 0.249023437, 0.349487305, 0.428897592, 0.551016047, 0.715916927, 0, -0, 0, 0, 0, 0, 0, 0.315674121, -0.0122470215, -0.163396338, -0.00204314867, 0.58953613, -0.807564322, -0.257324219, -0.780639648, -0.569335937, -0.966199871, 0.206676399, 0.153365169, 0, 3, 1, 1, 
450.268987, 32, 0.1, 0.1, 0.0121290826, 0.361632627, -0.0199639814, 0.928067584, -0.372411813, 3.64616509e-005, 0.372411812, 0.928067584, 3.73105448e-005, -4.77337639e-005, -2.10479576e-005, 0.999999999, 0.928067613, -0.37241174, 2.83349745e-005, 0.372411739, 0.928067614, 3.69727152e-005, -4.00658453e-005, -2.37609024e-005, 0.999999999, 0, 0, 0, 0, 0, 0, 0, 0.271409448, -0.0631574951, -0.195779907, -0.0519240207, 0.787941749, -0.613434331, -0.897216797, 0.232910156, 0.375, 0.43844748, 0.56991255, 0.694972639, 0, -0, 0, 0, 0, 0, 0, 0.322016309, -0.0234964844, -0.159942676, -0.0351865182, 0.575465903, -0.816918075, -0.221923828, -0.801513672, -0.555053711, -0.974347602, 0.161869382, 0.155941589, 0, 3, 1, 1, 
450.269679, 32, 0.1, 0.1, 0.0121290816, 0.36163263, -0.0199694338, 0.928067546, -0.372411907, -4.1229478e-005, 0.372411906, 0.928067546, -3.75359109e-005, 5.22425607e-005, 1.94815123e-005, 0.999999998, 0.928067532, -0.372411944, -1.82508334e-005, 0.372411943, 0.928067532, -3.70066035e-005, 3.0719707e-005, 2.75477988e-005, 0.999999999, 0, 0, 0, 0, 0, 0, 0, 0.271409448, -0.0631574951, -0.195779907, -0.0519240207, 0.787941749, -0.613434331, -0.897216797, 0.232910156, 0.375, 0.43844748, 0.56991255, 0.694972639, 0, -0, 0, 0, 0, 0, 0, 0.322016309, -0.0234964844, -0.159942676, -0.0351865182, 0.575465903, -0.816918075, -0.221923828, -0.801513672, -0.555053711, -0.974347602, 0.161869382, 0.155941589, 0, 3, 1, 1, 
450.270371, 32, 0.1, 0.1, 0.012129092, 0.361632629, -0.0199746933, 0.928067749, -0.372411403, -2.73619369e-005, 0.372411403, 0.928067748, 3.16431374e-005, 1.3609466e-005, -3.95568727e-005, 0.999999999, 0.928067693, -0.37241154, -5.1120389e-005, 0.372411541, 0.928067693, 2.50452297e-005, 3.81160489e-005, -4.22814914e-005, 0.999999998, 0, 0, 0, 0, 0, 0, 0, 0.271409448, -0.0631574951, -0.195779907, -0.0519240207, 0.787941749, -0.613434331, -0.897216797, 0.232910156, 0.375, 0.43844748, 0.56991255, 0.694972639, 0, -0, 0, 0, 0, 0, 0, 0.322016309, -0.0234964844, -0.159942676, -0.0351865182, 0.575465903, -0.816918075, -0.221923828, -0.801513672, -0.555053711, -0.974347602, 0.161869382, 0.155941589, 0, 3, 1, 1, 
450.27106, 32, 0.1, 0.1, 0.0121290831, 0.361632627, -0.0199782226, 0.928068145, -0.37241041, 6.62393896e-005, 0.372410412, 0.928068147, -1.58014659e-005, -5.55900372e-005, 3.93330756e-005, 0.999999998, 0.928068056, -0.372410633, 6.54266307e-005, 0.372410634, 0.928068058, -6.08402137e-006, -5.84546118e-005, 3.00119589e-005, 0.999999998, 0, 0, 0, 0, 0, 0, 0, 0.271409448, -0.0631574951, -0.195779907, -0.0519240207, 0.787941749, -0.613434331, -0.897216797, 0.232910156, 0.375, 0.43844748, 0.56991255, 0.694972639, 0, -0, 0, 0, 0, 0, 0, 0.322016309, -0.0234964844, -0.159942676, -0.0351865182, 0.575465903, -0.816918075, -0.221923828, -0.801513672, -0.555053711, -0.974347602, 0.161869382, 0.155941589, 0, 3, 1, 1, 
450.271762, 32, 0.1, 0.1, 0.0121290813, 0.361632631, -0.0199790463, 0.928068649, -0.372409158, -4.80687869e-005, 0.372409158, 0.92806865, -3.15410138e-006, 4.57857504e-005, -1.49740339e-005, 0.999999999, 0.928068538, -0.372409437, -2.07307087e-005, 0.372409437, 0.928068538, -1.71025078e-005, 2.56086538e-005, 8.15198789e-006, 1, 0, 0, 0, 0, 0, 0, 0, 0.271409448, -0.0631574951, -0.195779907, -0.0519240207, 0.787941749, -0.613434331, -0.897216797, 0.232910156, 0.375, 0.43844748, 0.56991255, 0.694972639, 0, -0, 0, 0, 0, 0, 0, 0.322016309, -0.0234964844, -0.159942676, -0.0351865182, 0.575465903, -0.816918075, -0.221923828, -0.801513672, -0.555053711, -0.974347602, 0.161869382, 0.155941589, 0, 3, 1, 1, 
450.272451, 32, 0.1, 0.1, 0.0121290928, 0.361632628, -0.0199771395, 0.928069194, -0.372407801, -3.30254676e-005, 0.372407801, 0.928069194, 1.41550605e-005, 2.53784642e-005, -2.54358173e-005, 0.999999999, 0.928069084, -0.372408073, -5.58149624e-005, 0.372408074, 0.928069085, 1.75987397e-005, 4.52462283e-005, -3.71187889e-005, 0.999999998, 0, 0, 0, 0, 0, 0, 0, 0.271409448, -0.0631574951, -0.195779907, -0.0519240207, 0.787941749, -0.613434331, -0.897216797, 0.232910156, 0.375, 0.43844748, 0.56991255, 0.694972639, 0, -0, 0, 0, 0, 0, 0, 0.322016309, -0.0234964844, -0.159942676, -0.0351865182, 0.575465903, -0.816918075, -0.221923828, -0.801513672, -0.555053711, -0.974347602, 0.161869382, 0.155941589, 0, 3, 1, 1, 
450.273143, 32, 0.1, 0.1, 0.012129087, 0.361632632, -0.0199732059, 0.928069786, -0.372406324, 3.59351017e-005, 0.372406325, 0.928069786, -2.9653804e-005, -2.2307018e-005, 4.09032587e-005, 0.999999999, 0.928069667, -0.372406621, 4.33637253e-005, 0.372406622, 0.928069667, -2.92303528e-005, -2.93589812e-005, 4.32767422e-005, 0.999999999, 0, 0, 0, 0, 0, 0, 0, 0.271409448, -0.0631574951, -0.195779907, -0.0519240207, 0.787941749, -0.613434331, -0.897216797, 0.232910156, 0.375, 0.43844748, 0.56991255, 0.694972639, 0, -0, 0, 0, 0, 0, 0, 0.322016309, -0.0234964844, -0.159942676, -0.0351865182, 0.575465903, -0.816918075, -0.221923828, -0.801513672, -0.555053711, -0.974347602, 0.161869382, 0.155941589, 0, 3, 1, 1, 
450.273865, 32, 0.1, 0.1, 0.012129092, 0.361632631, -0.019968109, 0.928070436, -0.372404705, -4.27146678e-005, 0.372404707, 0.928070435, 3.58303921e-005, 2.62988138e-005, -4.91602709e-005, 0.999999998, 0.928070304, -0.372405034, -4.73537657e-005, 0.372405035, 0.928070304, 2.68850291e-005, 3.39355036e-005, -4.25859779e-005, 0.999999999, 0, 0, 0, 0, 0, 0, 0, 0.272658667, -0.0661529053, -0.194559961, -0.0582055096, 0.78590633, -0.615505317, -0.895507812, 0.231323242, 0.380004883, 0.440925474, 0.573448319, 0.690480566, 0, -0, 0, 0, 0, 0, 0, 0.323456787, -0.0267362793, -0.159168848, -0.0401257043, 0.572302165, -0.81896258, -0.217163086, -0.804931641, -0.552001953, -0.97523496, 0.155767952, 0.156708645, 0, 3, 1, 1, 
450.274551, 32, 0.1, 0.1, 0.012129088, 0.36163263, -0.0199639871, 0.92807116, -0.372402901, 4.48537011e-005, 0.372402903, 0.928071159, -4.24723314e-005, -2.58106069e-005, 5.61209944e-005, 0.999999998, 0.928070999, -0.372403301, 4.46296208e-005, 0.372403302, 0.928071, -1.78641872e-005, -3.47667745e-005, 3.31994522e-005, 0.999999999, 0, 0, 0, 0, 0, 0, 0, 0.272658667, -0.0661529053, -0.194559961, -0.0582055096, 0.78590633, -0.615505317, -0.895507812, 0.231323242, 0.380004883, 0.440925474, 0.573448319, 0.690480566, 0, -0, 0, 0, 0, 0, 0, 0.323456787, -0.0267362793, -0.159168848, -0.0401257043, 0.572302165, -0.81896258, -0.217163086, -0.804931641, -0.552001953, -0.97523496, 0.155767952, 0.156708645, 0, 3, 1, 1, 
450.275242, 32, 0.1, 0.1, 0.0121290904, 0.361632638, -0.0199618788, 0.928072069, -0.372400635, -4.13377072e-005, 0.372400635, 0.92807207, 3.46688249e-006, 3.70733022e-005, -1.86117052e-005, 0.999999999, 0.928071872, -0.372401127, -3.47276533e-005, 0.372401126, 0.928071872, -3.53376432e-005, 4.53895364e-005, 1.98632554e-005, 0.999999999, 0, 0, 0, 0, 0, 0, 0, 0.272658667, -0.0661529053, -0.194559961, -0.0582055096, 0.78590633, -0.615505317, -0.895507812, 0.231323242, 0.380004883, 0.440925474, 0.573448319, 0.690480566, 0, -0, 0, 0, 0, 0, 0, 0.323456787, -0.0267362793, -0.159168848, -0.0401257043, 0.572302165, -0.81896258, -0.217163086, -0.804931641, -0.552001953, -0.97523496, 0.155767952, 0.156708645, 0, 3, 1, 1, 
450.275934, 32, 0.1, 0.1, 0.0121290896, 0.36163263, -0.019962237, 0.928073154, -0.372397933, 2.46649624e-005, 0.372397932, 0.928073154, 2.28057217e-005, -3.13836931e-005, -1.19801971e-005, 0.999999999, 0.928072933, -0.372398483, 2.05792287e-005, 0.372398482, 0.928072933, 4.95411676e-005, -3.75480808e-005, -3.83141432e-005, 0.999999999, 0, 0, 0, 0, 0, 0, 0, 0.272658667, -0.0661529053, -0.194559961, -0.0582055096, 0.78590633, -0.615505317, -0.895507812, 0.231323242, 0.380004883, 0.440925474, 0.573448319, 0.690480566, 0, -0, 0, 0, 0, 0, 0, 0.323456787, -0.0267362793, -0.159168848, -0.0401257043, 0.572302165, -0.81896258, -0.217163086, -0.804931641, -0.552001953, -0.97523496, 0.155767952, 0.156708645, 0, 3, 1, 1, 
450.276625, 32, 0.1, 0.1, 0.0121290898, 0.36163264, -0.0199648124, 0.9280743, -0.372395078, -1.2726991e-005, 0.372395077, 0.928074299, -5.06308755e-005, 3.06662821e-005, 4.22497455e-005, 0.999999999, 0.928074075, -0.372395638, -1.29235857e-005, 0.372395637, 0.928074073, -6.58420236e-005, 3.65133273e-005, 5.62935882e-005, 0.999999998, 0, 0, 0, 0, 0, 0, 0, 0.272658667, -0.0661529053, -0.194559961, -0.0582055096, 0.78590633, -0.615505317, -0.895507812, 0.231323242, 0.380004883, 0.440925474, 0.573448319, 0.690480566, 0, -0, 0, 0, 0, 0, 0, 0.323456787, -0.0267362793, -0.159168848, -0.0401257043, 0.572302165, -0.81896258, -0.217163086, -0.804931641, -0.552001953, -0.97523496, 0.155767952, 0.156708645, 0, 3, 1, 1, 
450.277315, 32, 0.1, 0.1, 0.0121290887, 0.361632633, -0.0199686855, 0.928075356, -0.372392446, 5.20130804e-006, 0.372392445, 0.928075354, 5.82557409e-005, -2.65212037e-005, -5.21287897e-005, 0.999999998, 0.92807516, -0.372392933, 9.6645964e-006, 0.372392932, 0.928075159, 5.97632486e-005, -3.12248833e-005, -5.18657591e-005, 0.999999998, 0, 0, 0, 0, 0, 0, 0, 0.272658667, -0.0661529053, -0.194559961, -0.0582055096, 0.78590633, -0.615505317, -0.895507812, 0.231323242, 0.380004883, 0.440925474, 0.573448319, 0.690480566, 0, -0, 0, 0, 0, 0, 0, 0.323456787, -0.0267362793, -0.159168848, -0.0401257043, 0.572302165, -0.81896258, -0.217163086, -0.804931641, -0.552001953, -0.97523496, 0.155767952, 0.156708645, 0, 3, 1, 1, 
450.278017, 32, 0.1, 0.1, 0.0121290911, 0.361632634, -0.0199725876, 0.928076217, -0.372390301, -5.38889071e-006, 0.3723903, 0.928076216, -3.88853657e-005, 1.94818343e-005, 3.40818125e-005, 0.999999999, 0.928076072, -0.37239066, -1.44095234e-005, 0.37239066, 0.928076072, -3.270992e-005, 2.55540026e-005, 2.49913221e-005, 0.999999999, 0, 0, 0, 0, 0, 0, 0, 0.272658667, -0.0661529053, -0.194559961, -0.0582055096, 0.78590633, -0.615505317, -0.895507812, 0.231323242, 0.380004883, 0.440925474, 0.573448319, 0.690480566, 0, -0, 0, 0, 0, 0, 0, 0.323456787, -0.0267362793, -0.159168848, -0.0401257043, 0.572302165, -0.81896258, -0.217163086, -0.804931641, -0.552001953, -0.97523496, 0.155767952, 0.156708645, 0, 3, 1, 1, 
450.278738, 32, 0.1, 0.1, 0.0121290866, 0.361632633, -0.0199752584, 0.928076816, -0.372388808, 1.47704486e-005, 0.372388807, 0.928076815, 4.10447935e-005, -2.89927326e-005, -3.25923715e-005, 0.999999999, 0.928076724, -0.372389036, 2.48147901e-005, 0.372389035, 0.928076724, 2.90407724e-005, -3.38444943e-005, -1.77113092e-005, 0.999999999, 0, 0, 0, 0, 0, 0, 0, 0.274335449, -0.068914209, -0.193538232, -0.0648236133, 0.784092949, -0.61711912, -0.894165039, 0.228759766, 0.384643555, 0.442838822, 0.576825329, 0.686534041, 0, -0, 0, 0, 0, 0, 0, 0.324845752, -0.0295269043, -0.158141992, -0.0457805401, 0.56966851, -0.820495958, -0.21105957, -0.808227539, -0.549438477, -0.976320278, 0.148126581, 0.157283936, 0, 3, 1, 1, 
450.279438, 32, 0.1, 0.1, 0.0121290887, 0.36163263, -0.0199759179, 0.928077143, -0.372387991, -3.32300825e-006, 0.372387991, 0.928077143, -1.99513469e-005, 1.051365e-005, 1.72789407e-005, 1, 0.928077096, -0.37238811, -1.73004499e-005, 0.37238811, 0.928077096, 1.17294695e-006, 1.56193598e-005, -7.53106705e-006, 1, 0, 0, 0, 0, 0, 0, 0, 0.274335449, -0.068914209, -0.193538232, -0.0648236133, 0.784092949, -0.61711912, -0.894165039, 0.228759766, 0.384643555, 0.442838822, 0.576825329, 0.686534041, 0, -0, 0, 0, 0, 0, 0, 0.324845752, -0.0295269043, -0.158141992, -0.0457805401, 0.56966851, -0.820495958, -0.21105957, -0.808227539, -0.549438477, -0.976320278, 0.148126581, 0.157283936, 0, 3, 1, 1, 
450.280133, 32, 0.1, 0.1, 0.0121290865, 0.361632636, -0.0199746611, 0.928077323, -0.372387543, -5.0762832e-006, 0.372387543, 0.928077323, -1.32595008e-005, 9.64885625e-006, 1.04154974e-005, 1, 0.928077283, -0.372387642, 3.74347492e-006, 0.372387642, 0.928077283, -2.89251904e-005, 7.29714942e-006, 2.82388359e-005, 1, 0, 0, 0, 0, 0, 0, 0, 0.274335449, -0.068914209, -0.193538232, -0.0648236133, 0.784092949, -0.61711912, -0.894165039, 0.228759766, 0.384643555, 0.442838822, 0.576825329, 0.686534041, 0, -0, 0, 0, 0, 0, 0, 0.324845752, -0.0295269043, -0.158141992, -0.0457805401, 0.56966851, -0.820495958, -0.21105957, -0.808227539, -0.549438477, -0.976320278, 0.148126581, 0.157283936, 0, 3, 1, 1, 
450.280835, 32, 0.1, 0.1, 0.0121290874, 0.36163263, -0.0199719918, 0.928077588, -0.372386882, -9.6780045e-006, 0.372386882, 0.928077588, 2.06979271e-005, 1.27430253e-006, -2.28132442e-005, 1, 0.928077536, -0.372387013, -3.00303996e-006, 0.372387012, 0.928077535, 3.6790266e-005, -1.09131633e-005, -3.52625125e-005, 0.999999999, 0, 0, 0, 0, 0, 0, 0, 0.274335449, -0.068914209, -0.193538232, -0.0648236133, 0.784092949, -0.61711912, -0.894165039, 0.228759766, 0.384643555, 0.442838822, 0.576825329, 0.686534041, 0, -0, 0, 0, 0, 0, 0, 0.324845752, -0.0295269043, -0.158141992, -0.0457805401, 0.56966851, -0.820495958, -0.21105957, -0.808227539, -0.549438477, -0.976320278, 0.148126581, 0.157283936, 0, 3, 1, 1, 
450.281541, 32, 0.1, 0.1, 0.0121290854, 0.361632637, -0.0199686637, 0.92807779, -0.372386379, 7.41849455e-006, 0.372386379, 0.928077789, -5.17026659e-005, 1.23684285e-005, 5.07466422e-005, 0.999999999, 0.928077746, -0.372386489, 1.04275078e-005, 0.372386489, 0.928077745, -5.48383808e-005, 1.07435341e-005, 5.47773439e-005, 0.999999998, 0, 0, 0, 0, 0, 0, 0, 0.274335449, -0.068914209, -0.193538232, -0.0648236133, 0.784092949, -0.61711912, -0.894165039, 0.228759766, 0.384643555, 0.442838822, 0.576825329, 0.686534041, 0, -0, 0, 0, 0, 0, 0, 0.325895508, -0.0320710938, -0.157479346, -0.0533201991, 0.567411819, -0.821543363, -0.206176758, -0.811157227, -0.54699707, -0.976989985, 0.140402088, 0.160242417, 0, 3, 1, 1, 
450.28223, 32, 0.1, 0.1, 0.0121290847, 0.361632634, -0.0199659991, 0.928077949, -0.372385983, -1.84649025e-005, 0.372385983, 0.928077948, 4.90702262e-005, -1.13619563e-006, -5.24170658e-005, 0.999999999, 0.928077936, -0.372386015, -1.94348601e-006, 0.372386014, 0.928077935, 4.56554405e-005, -1.5197741e-005, -4.3095534e-005, 0.999999999, 0, 0, 0, 0, 0, 0, 0, 0.274335449, -0.068914209, -0.193538232, -0.0648236133, 0.784092949, -0.61711912, -0.894165039, 0.228759766, 0.384643555, 0.442838822, 0.576825329, 0.686534041, 0, -0, 0, 0, 0, 0, 0, 0.325895508, -0.0320710938, -0.157479346, -0.0533201991, 0.567411819, -0.821543363, -0.206176758, -0.811157227, -0.54699707, -0.976989985, 0.140402088, 0.160242417, 0, 3, 1, 1, 
450.282922, 32, 0.1, 0.1, 0.0121290895, 0.361632635, -0.0199646259, 0.928077875, -0.372386168, 1.38280559e-005, 0.372386168, 0.928077874, -4.38156684e-005, 3.48283611e-006, 4.58137291e-005, 0.999999999, 0.928077912, -0.372386075, -1.43681909e-005, 0.372386074, 0.928077912, -3.13603416e-005, 2.50129551e-005, 2.37543261e-005, 0.999999999, 0, 0, 0, 0, 0, 0, 0, 0.274335449, -0.068914209, -0.193538232, -0.0648236133, 0.784092949, -0.61711912, -0.894165039, 0.228759766, 0.384643555, 0.442838822, 0.576825329, 0.686534041, 0, -0, 0, 0, 0, 0, 0, 0.325895508, -0.0320710938, -0.157479346, -0.0533201991, 0.567411819, -0.821543363, -0.206176758, -0.811157227, -0.54699707, -0.976989985, 0.140402088, 0.160242417, 0, 3, 1, 1, 
450.283627, 32, 0.1, 0.1, 0.0121290794, 0.361632637, -0.0199648154, 0.928077546, -0.372386988, 2.23925104e-005, 0.372386987, 0.928077546, 3.3646058e-005, -3.33113403e-005, -2.28874714e-005, 0.999999999, 0.928077622, -0.372386795, 5.10745743e-005, 0.372386795, 0.928077623, 7.5846285e-006, -5.0225585e-005, 1.1980373e-005, 0.999999999, 0, 0, 0, 0, 0, 0, 0, 0.275449048, -0.0714373779, -0.19292832, -0.0737766815, 0.782558894, -0.618003528, -0.892089844, 0.225097656, 0.391601563, 0.44561636, 0.580405281, 0.681730441, 0, -0, 0, 0, 0, 0, 0, 0.325895508, -0.0320710938, -0.157479346, -0.0533201991, 0.567411819, -0.821543363, -0.206176758, -0.811157227, -0.54699707, -0.976989985, 0.140402088, 0.160242417, 0, 3, 1, 1, 
450.284352, 32, 0.1, 0.1, 0.0121290914, 0.361632632, -0.0199660804, 0.928076953, -0.372388458, -7.23205589e-005, 0.372388458, 0.928076956, -8.93779171e-006, 7.04473747e-005, -1.86363829e-005, 0.999999997, 0.928077078, -0.372388145, -8.18296283e-005, 0.372388147, 0.928077081, 1.12063862e-005, 7.17710772e-005, -4.08727738e-005, 0.999999997, 0, 0, 0, 0, 0, 0, 0, 0.275449048, -0.0714373779, -0.19292832, -0.0737766815, 0.782558894, -0.618003528, -0.892089844, 0.225097656, 0.391601563, 0.44561636, 0.580405281, 0.681730441, 0, -0, 0, 0, 0, 0, 0, 0.325895508, -0.0320710938, -0.157479346, -0.0533201991, 0.567411819, -0.821543363, -0.206176758, -0.811157227, -0.54699707, -0.976989985, 0.140402088, 0.160242417, 0, 3, 1, 1, 
450.285046, 32, 0.1, 0.1, 0.0121290885, 0.361632638, -0.0199682072, 0.928076186, -0.372390369, 7.32992847e-005, 0.37239037, 0.928076189, 7.12295086e-007, -6.82925726e-005, 2.66348836e-005, 0.999999997, 0.928076361, -0.372389936, 5.12766126e-005, 0.372389938, 0.928076362, -2.22839416e-005, -3.92902965e-005, 3.9776094e-005, 0.999999998, 0, 0, 0, 0, 0, 0, 0, 0.275449048, -0.0714373779, -0.19292832, -0.0737766815, 0.782558894, -0.618003528, -0.892089844, 0.225097656, 0.391601563, 0.44561636, 0.580405281, 0.681730441, 0, -0, 0, 0, 0, 0, 0, 0.325895508, -0.0320710938, -0.157479346, -0.0533201991, 0.567411819, -0.821543363, -0.206176758, -0.811157227, -0.54699707, -0.976989985, 0.140402088, 0.160242417, 0, 3, 1, 1, 
450.285748, 32, 0.1, 0.1, 0.0121290775, 0.361632626, -0.0199707373, 0.928075193, -0.372392852, 1.63233907e-005, 0.37239285, 0.928075191, 6.54965071e-005, -3.9539765e-005, -5.47069694e-005, 0.999999998, 0.928075415, -0.372392297, 4.28198399e-005, 0.372392294, 0.928075414, 7.56329551e-005, -6.79051705e-005, -5.42473077e-005, 0.999999996, 0, 0, 0, 0, 0, 0, 0, 0.275449048, -0.0714373779, -0.19292832, -0.0841215144, 0.781196704, -0.618500024, -0.891845703, 0.217773437, 0.396362305, 0.444288614, 0.58507034, 0.678595687, 0, -0, 0, 0, 0, 0, 0, 0.325895508, -0.0320710938, -0.157479346, -0.0533201991, 0.567411819, -0.821543363, -0.206176758, -0.811157227, -0.54699707, -0.976989985, 0.140402088, 0.160242417, 0, 3, 1, 1, 
450.286459, 32, 0.1, 0.1, 0.0121290882, 0.361632629, -0.0199725929, 0.928074074, -0.372395632, -7.76186423e-005, 0.372395628, 0.928074077, -6.14170247e-005, 9.49072815e-005, 2.80947053e-005, 0.999999995, 0.928074298, -0.372395075, -7.33802938e-005, 0.372395072, 0.928074301, -4.979697e-005, 8.66465113e-005, 1.88888282e-005, 0.999999996, 0, 0, 0, 0, 0, 0, 0, 0.276925513, -0.0732787354, -0.191847021, -0.0841215144, 0.781196704, -0.618500024, -0.891845703, 0.217773437, 0.396362305, 0.444288614, 0.58507034, 0.678595687, 0, -0, 0, 0, 0, 0, 0, 0.327186572, -0.0342310547, -0.156650586, -0.0604446139, 0.564886439, -0.822897737, -0.198486328, -0.814697266, -0.544677734, -0.978107019, 0.130562729, 0.161450237, 0, 3, 1, 1, 
450.287146, 32, 0.1, 0.1, 0.012129097, 0.361632634, -0.019973541, 0.928073073, -0.372398134, -2.71426e-006, 0.372398134, 0.928073073, 2.8975503e-005, -8.27139162e-006, -2.79021695e-005, 1, 0.92807325, -0.372397693, -3.20674122e-005, 0.372397694, 0.92807325, 3.43974534e-006, 2.84799542e-005, -1.5134166e-005, 0.999999999, 0, 0, 0, 0, 0, 0, 0, 0.276925513, -0.0732787354, -0.191847021, -0.0841215144, 0.781196704, -0.618500024, -0.891845703, 0.217773437, 0.396362305, 0.444288614, 0.58507034, 0.678595687, 0, -0, 0, 0, 0, 0, 0, 0.327186572, -0.0342310547, -0.156650586, -0.0604446139, 0.564886439, -0.822897737, -0.198486328, -0.814697266, -0.544677734, -0.978107019, 0.130562729, 0.161450237, 0, 3, 1, 1, 
450.28784, 32, 0.1, 0.1, 0.012129088, 0.361632627, -0.0199733857, 0.92807235, -0.372399935, 5.09609452e-005, 0.372399935, 0.928072351, 6.83244311e-006, -4.98398456e-005, 1.26368512e-005, 0.999999999, 0.92807247, -0.372399634, 5.72916007e-005, 0.372399634, 0.928072471, 2.03480696e-005, -6.07483712e-005, 2.45088789e-006, 0.999999998, 0, 0, 0, 0, 0, 0, 0, 0.276925513, -0.0732787354, -0.191847021, -0.0841215144, 0.781196704, -0.618500024, -0.891845703, 0.217773437, 0.396362305, 0.444288614, 0.58507034, 0.678595687, 0, -0, 0, 0, 0, 0, 0, 0.327186572, -0.0342310547, -0.156650586, -0.0604446139, 0.564886439, -0.822897737, -0.198486328, -0.814697266, -0.544677734, -0.978107019, 0.130562729, 0.161450237, 0, 3, 1, 1, 
450.288529, 32, 0.1, 0.1, 0.0121290926, 0.361632629, -0.019972272, 0.928071855, -0.372401163, -6.9134216e-005, 0.372401163, 0.928071858, -1.59227673e-005, 7.00911773e-005, -1.09681902e-005, 0.999999997, 0.928071954, -0.37240092, -5.71198537e-005, 0.372400921, 0.928071955, -8.88860521e-006, 5.6321459e-005, -1.30222209e-005, 0.999999998, 0, 0, 0, 0, 0, 0, 0, 0.276925513, -0.0732787354, -0.191847021, -0.0841215144, 0.781196704, -0.618500024, -0.891845703, 0.217773437, 0.396362305, 0.444288614, 0.58507034, 0.678595687, 0, -0, 0, 0, 0, 0, 0, 0.327186572, -0.0342310547, -0.156650586, -0.0604446139, 0.564886439, -0.822897737, -0.198486328, -0.814697266, -0.544677734, -0.978107019, 0.130562729, 0.161450237, 0, 3, 1, 1, 
450.289218, 32, 0.1, 0.1, 0.0121290987, 0.361632635, -0.0199706096, 0.928071315, -0.372402517, 1.36901676e-005, 0.372402517, 0.928071315, -1.06116195e-005, -8.75365805e-006, 1.49465926e-005, 1, 0.928071433, -0.372402222, -1.33865952e-005, 0.372402221, 0.928071433, -3.24857871e-005, 2.45214959e-005, 2.51639332e-005, 0.999999999, 0, 0, 0, 0, 0, 0, 0, 0.276925513, -0.0732787354, -0.191847021, -0.0841215144, 0.781196704, -0.618500024, -0.891845703, 0.217773437, 0.396362305, 0.444288614, 0.58507034, 0.678595687, 0, -0, 0, 0, 0, 0, 0, 0.327186572, -0.0342310547, -0.156650586, -0.0604446139, 0.564886439, -0.822897737, -0.198486328, -0.814697266, -0.544677734, -0.978107019, 0.130562729, 0.161450237, 0, 3, 1, 1, 
450.289908, 32, 0.1, 0.1, 0.0121290922, 0.361632632, -0.0199688774, 0.928070691, -0.372404071, 2.3051861e-005, 0.372404071, 0.928070691, -5.09048112e-006, -1.94980406e-005, 1.33089332e-005, 1, 0.928070808, -0.372403779, 3.34769346e-005, 0.372403779, 0.928070808, 1.86547091e-005, -3.80160499e-005, -4.84595394e-006, 0.999999999, 0, 0, 0, 0, 0, 0, 0, 0.276925513, -0.0732787354, -0.191847021, -0.0841215144, 0.781196704, -0.618500024, -0.891845703, 0.217773437, 0.396362305, 0.444288614, 0.58507034, 0.678595687, 0, -0, 0, 0, 0, 0, 0, 0.327186572, -0.0342310547, -0.156650586, -0.0604446139, 0.564886439, -0.822897737, -0.198486328, -0.814697266, -0.544677734, -0.978107019, 0.130562729, 0.161450237, 0, 3, 1, 1, 
450.290613, 32, 0.1, 0.1, 0.0121290959, 0.361632633, -0.0199674754, 0.928070268, -0.372405125, -2.05422453e-005, 0.372405125, 0.928070268, 2.06054317e-005, 1.13910787e-005, -2.67733259e-005, 1, 0.92807033, -0.372404969, -3.05619692e-005, 0.372404969, 0.928070331, 5.5951062e-006, 2.62800115e-005, -1.65740813e-005, 1, 0, 0, 0, 0, 0, 0, 0, 0.278260767, -0.075573291, -0.190321313, -0.0928607788, 0.779739034, -0.619059799, -0.891601562, 0.211425781, 0.400146484, 0.442953755, 0.589132563, 0.675841733, 0, -0, 0, 0, 0, 0, 0, 0.327186572, -0.0342310547, -0.156650586, -0.0604446139, 0.564886439, -0.822897737, -0.198486328, -0.814697266, -0.544677734, -0.978107019, 0.130562729, 0.161450237, 0, 3, 1, 1, 
450.291328, 32, 0.1, 0.1, 0.0121290919, 0.361632632, -0.0199664983, 0.928070093, -0.372405563, 8.71525208e-006, 0.372405563, 0.928070093, -1.42383068e-005, -2.78594017e-006, 1.6459755e-005, 1, 0.928070109, -0.372405521, 2.67798833e-005, 0.372405521, 0.928070109, -7.9448346e-006, -2.1894909e-005, 1.73463399e-005, 1, 0, 0, 0, 0, 0, 0, 0, 0.278260767, -0.075573291, -0.190321313, -0.0928607788, 0.779739034, -0.619059799, -0.891601562, 0.211425781, 0.400146484, 0.442953755, 0.589132563, 0.675841733, 0, -0, 0, 0, 0, 0, 0, 0.328254395, -0.0361729004, -0.1555854, -0.0675690288, 0.562399338, -0.823983788, -0.190429687, -0.817871094, -0.542724609, -0.979224054, 0.120359165, 0.162440772, 0, 3, 1, 1, 
450.292016, 32, 0.1, 0.1, 0.0121290994, 0.361632632, -0.0199665825, 0.928070108, -0.372405523, -2.76939808e-005, 0.372405523, 0.928070108, 5.25366309e-006, 2.37454626e-005, -1.51891591e-005, 1, 0.928070098, -0.372405547, -4.77439466e-005, 0.372405548, 0.928070098, 8.54776806e-006, 4.1126493e-005, -2.57130385e-005, 0.999999999, 0, 0, 0, 0, 0, 0, 0, 0.278260767, -0.075573291, -0.190321313, -0.0928607788, 0.779739034, -0.619059799, -0.891601562, 0.211425781, 0.400146484, 0.442953755, 0.589132563, 0.675841733, 0, -0, 0, 0, 0, 0, 0, 0.328254395, -0.0361729004, -0.1555854, -0.0675690288, 0.562399338, -0.823983788, -0.190429687, -0.817871094, -0.542724609, -0.979224054, 0.120359165, 0.162440772, 0, 3, 1, 1, 
450.292709, 32, 0.1, 0.1, 0.0121290961, 0.361632632, -0.0199676105, 0.928070146, -0.37240543, -2.09233154e-006, 0.37240543, 0.928070146, 1.7125288e-005, -4.43571981e-006, -1.66726642e-005, 1, 0.928070142, -0.372405438, 1.98126234e-005, 0.372405438, 0.928070143, 4.41563379e-006, -2.00319102e-005, 3.28031081e-006, 1, 0, 0, 0, 0, 0, 0, 0, 0.278260767, -0.075573291, -0.190321313, -0.0928607788, 0.779739034, -0.619059799, -0.891601562, 0.211425781, 0.400146484, 0.442953755, 0.589132563, 0.675841733, 0, -0, 0, 0, 0, 0, 0, 0.328254395, -0.0361729004, -0.1555854, -0.0675690288, 0.562399338, -0.823983788, -0.190429687, -0.817871094, -0.542724609, -0.979224054, 0.120359165, 0.162440772, 0, 3, 1, 1, 
450.293408, 32, 0.1, 0.1, 0.0121291015, 0.361632632, -0.0199692315, 0.928070046, -0.372405678, -6.16777408e-006, 0.372405678, 0.928070046, -1.93242969e-005, 1.29206043e-005, 1.5637387e-005, 1, 0.92807008, -0.372405594, -2.6032199e-005, 0.372405594, 0.92807008, -1.66522234e-005, 3.03610861e-005, 5.75989375e-006, 1, 0, 0, 0, 0, 0, 0, 0, 0.278260767, -0.075573291, -0.190321313, -0.0928607788, 0.779739034, -0.619059799, -0.891601562, 0.211425781, 0.400146484, 0.442953755, 0.589132563, 0.675841733, 0, -0, 0, 0, 0, 0, 0, 0.328254395, -0.0361729004, -0.1555854, -0.0675690288, 0.562399338, -0.823983788, -0.190429687, -0.817871094, -0.542724609, -0.979224054, 0.120359165, 0.162440772, 0, 3, 1, 1, 
450.294118, 32, 0.1, 0.1, 0.0121290968, 0.361632629, -0.0199706437, 0.928069765, -0.37240638, 7.08097066e-006, 0.37240638, 0.928069764, 2.45638156e-005, -1.57193564e-005, -2.01599359e-005, 1, 0.928069828, -0.372406221, 2.05860873e-005, 0.37240622, 0.928069828, 3.09417106e-005, -3.0628212e-005, -2.1049681e-005, 0.999999999, 0, 0, 0, 0, 0, 0, 0, 0.278260767, -0.075573291, -0.190321313, -0.0928607788, 0.779739034, -0.619059799, -0.891601562, 0.211425781, 0.400146484, 0.442953755, 0.589132563, 0.675841733, 0, -0, 0, 0, 0, 0, 0, 0.32900791, -0.0380200195, -0.155072754, -0.0762140619, 0.561222135, -0.82411102, -0.184204102, -0.820068359, -0.541503906, -0.979887198, 0.110538761, 0.165986938, 0, 3, 1, 1, 
450.294814, 32, 0.1, 0.1, 0.0121290987, 0.361632632, -0.0199716539, 0.928069384, -0.372407328, -5.2319709e-007, 0.372407328, 0.928069384, -1.15250231e-005, 4.77756627e-006, 1.05011787e-005, 1, 0.928069462, -0.372407133, -1.0970507e-005, 0.372407133, 0.928069462, -2.47864441e-005, 1.94120411e-005, 1.89180468e-005, 1, 0, 0, 0, 0, 0, 0, 0, 0.278260767, -0.075573291, -0.190321313, -0.0928607788, 0.779739034, -0.619059799, -0.891601562, 0.211425781, 0.400146484, 0.442953755, 0.589132563, 0.675841733, 0, -0, 0, 0, 0, 0, 0, 0.32900791, -0.0380200195, -0.155072754, -0.0762140619, 0.561222135, -0.82411102, -0.184204102, -0.820068359, -0.541503906, -0.979887198, 0.110538761, 0.165986938, 0, 3, 1, 1, 
450.295504, 32, 0.1, 0.1, 0.0121290943, 0.361632629, -0.0199720519, 0.928069027, -0.372408218, 1.64856994e-005, 0.372408218, 0.928069027, -6.9586823e-006, -1.27083965e-005, 1.25975474e-005, 1, 0.928069093, -0.372408054, 2.41799571e-005, 0.372408054, 0.928069093, 1.4851933e-005, -2.79716503e-005, -4.77880924e-006, 1, 0, 0, 0, 0, 0, 0, 0, 0.278260767, -0.075573291, -0.190321313, -0.0928607788, 0.779739034, -0.619059799, -0.891601562, 0.211425781, 0.400146484, 0.442953755, 0.589132563, 0.675841733, 0, -0, 0, 0, 0, 0, 0, 0.32900791, -0.0380200195, -0.155072754, -0.0762140619, 0.561222135, -0.82411102, -0.184204102, -0.820068359, -0.541503906, -0.979887198, 0.110538761, 0.165986938, 0, 3, 1, 1, 
450.296216, 32, 0.1, 0.1, 0.0121290976, 0.361632632, -0.0199716052, 0.928068827, -0.372408716, -1.58005728e-005, 0.372408717, 0.928068827, 1.19900676e-005, 1.01988134e-005, -1.7011879e-005, 1, 0.928068851, -0.372408656, -2.6047931e-005, 0.372408656, 0.928068851, -1.23548747e-006, 2.46343796e-005, -8.55385753e-006, 1, 0, 0, 0, 0, 0, 0, 0, 0.279346777, -0.0778188965, -0.189838574, -0.10223995, 0.779315174, -0.618172766, -0.890136719, 0.205566406, 0.40637207, 0.44382131, 0.591918718, 0.672858626, 0, -0, 0, 0, 0, 0, 0, 0.32900791, -0.0380200195, -0.155072754, -0.0762140619, 0.561222135, -0.82411102, -0.184204102, -0.820068359, -0.541503906, -0.979887198, 0.110538761, 0.165986938, 0, 3, 1, 1, 
450.296916, 32, 0.1, 0.1, 0.0121290933, 0.361632632, -0.0199704986, 0.928068825, -0.372408721, 1.32244779e-005, 0.372408721, 0.928068825, -1.7295126e-005, -5.83236989e-006, 2.09759782e-005, 1, 0.928068812, -0.372408752, 2.83751573e-005, 0.372408752, 0.928068813, -1.19141473e-005, -2.18971658e-005, 2.16243054e-005, 1, 0, 0, 0, 0, 0, 0, 0, 0.279346777, -0.0778188965, -0.189838574, -0.10223995, 0.779315174, -0.618172766, -0.890136719, 0.205566406, 0.40637207, 0.44382131, 0.591918718, 0.672858626, 0, -0, 0, 0, 0, 0, 0, 0.32900791, -0.0380200195, -0.155072754, -0.0762140619, 0.561222135, -0.82411102, -0.184204102, -0.820068359, -0.541503906, -0.979887198, 0.110538761, 0.165986938, 0, 3, 1, 1, 
450.297614, 32, 0.1, 0.1, 0.0121290986, 0.361632632, -0.0199692214, 0.928068968, -0.372408365, -1.47333645e-005, 0.372408365, 0.928068968, 1.41215306e-006, 1.31476808e-005, -6.79740361e-006, 1, 0.928068935, -0.372408447, -3.362691e-005, 0.372408447, 0.928068935, 4.48452071e-006, 2.95380172e-005, -1.66848897e-005, 0.999999999, 0, 0, 0, 0, 0, 0, 0, 0.279346777, -0.0778188965, -0.189838574, -0.10223995, 0.779315174, -0.618172766, -0.890136719, 0.205566406, 0.40637207, 0.44382131, 0.591918718, 0.672858626, 0, -0, 0, 0, 0, 0, 0, 0.32900791, -0.0380200195, -0.155072754, -0.0762140619, 0.561222135, -0.82411102, -0.184204102, -0.820068359, -0.541503906, -0.979887198, 0.110538761, 0.165986938, 0, 3, 1, 1, 
450.298317, 32, 0.1, 0.1, 0.0121290937, 0.361632633, -0.0199681473, 0.928069119, -0.372407989, 2.26715602e-006, 0.372407989, 0.928069119, 1.32965477e-005, -7.05581808e-006, -1.14958083e-005, 1, 0.928069091, -0.372408057, 2.69952338e-005, 0.372408057, 0.928069092, 8.55786836e-008, -2.50853123e-005, 9.97381964e-006, 1, 0, 0, 0, 0, 0, 0, 0, 0.279346777, -0.0778188965, -0.189838574, -0.110648591, 0.777578177, -0.618828021, -0.889160156, 0.200561523, 0.411010742, 0.443793597, 0.595777997, 0.669501834, 0, -0, 0, 0, 0, 0, 0, 0.32900791, -0.0380200195, -0.155072754, -0.0762140619, 0.561222135, -0.82411102, -0.184204102, -0.820068359, -0.541503906, -0.979887198, 0.110538761, 0.165986938, 0, 3, 1, 1, 
450.299026, 32, 0.1, 0.1, 0.0121290989, 0.361632635, -0.01996731, 0.928069115, -0.372408, -3.73427615e-006, 0.372408, 0.928069114, -2.67364302e-005, 1.34225268e-005, 2.34225808e-005, 1, 0.92806913, -0.372407962, -2.39526252e-005, 0.372407961, 0.92806913, -2.41634579e-005, 3.12283561e-005, 1.35052111e-005, 0.999999999, 0, 0, 0, 0, 0, 0, 0, 0.280033179, -0.0803515869, -0.188989307, -0.110648591, 0.777578177, -0.618828021, -0.889160156, 0.200561523, 0.411010742, 0.443793597, 0.595777997, 0.669501834, 0, -0, 0, 0, 0, 0, 0, 0.329609717, -0.0405458984, -0.154814844, -0.0839261617, 0.559195488, -0.824736618, -0.1796875, -0.822509766, -0.539428711, -0.980084059, 0.10296119, 0.169603467, 0, 3, 1, 1, 
450.299718, 32, 0.1, 0.1, 0.0121290946, 0.361632632, -0.0199672473, 0.928068914, -0.372408499, 3.7310274e-006, 0.372408499, 0.928068914, 2.2759662e-005, -1.19385421e-005, -1.97330685e-005, 1, 0.928068965, -0.372408372, 1.87815147e-005, 0.372408371, 0.928068965, 2.92569694e-005, -2.83260812e-005, -2.01580921e-005, 0.999999999, 0, 0, 0, 0, 0, 0, 0, 0.280033179, -0.0803515869, -0.188989307, -0.110648591, 0.777578177, -0.618828021, -0.889160156, 0.200561523, 0.411010742, 0.443793597, 0.595777997, 0.669501834, 0, -0, 0, 0, 0, 0, 0, 0.329609717, -0.0405458984, -0.154814844, -0.0839261617, 0.559195488, -0.824736618, -0.1796875, -0.822509766, -0.539428711, -0.980084059, 0.10296119, 0.169603467, 0, 3, 1, 1, 
450.300409, 32, 0.1, 0.1, 0.0121290975, 0.361632636, -0.0199679714, 0.928068586, -0.372409319, -3.2544035e-006, 0.372409319, 0.928068585, -1.22836204e-005, 7.59484436e-006, 1.0188072e-005, 1, 0.928068655, -0.372409144, -1.55368631e-005, 0.372409144, 0.928068655, -2.84115672e-005, 2.5000003e-005, 2.05818151e-005, 0.999999999, 0, 0, 0, 0, 0, 0, 0, 0.280033179, -0.0803515869, -0.188989307, -0.110648591, 0.777578177, -0.618828021, -0.889160156, 0.200561523, 0.411010742, 0.443793597, 0.595777997, 0.669501834, 0, -0, 0, 0, 0, 0, 0, 0.329609717, -0.0405458984, -0.154814844, -0.0839261617, 0.559195488, -0.824736618, -0.1796875, -0.822509766, -0.539428711, -0.980084059, 0.10296119, 0.169603467, 0, 3, 1, 1, 
450.3011, 32, 0.1, 0.1, 0.0121290928, 0.361632632, -0.0199691801, 0.928068268, -0.372410109, 1.86199584e-005, 0.372410109, 0.928068268, -1.06699612e-006, -1.68832324e-005, 7.92450598e-006, 1, 0.928068325, -0.372409968, 2.65248333e-005, 0.372409967, 0.928068325, 2.1632041e-005, -3.26728453e-005, -1.01978998e-005, 0.999999999, 0, 0, 0, 0, 0, 0, 0, 0.280033179, -0.0803515869, -0.188989307, -0.110648591, 0.777578177, -0.618828021, -0.889160156, 0.200561523, 0.411010742, 0.443793597, 0.595777997, 0.669501834, 0, -0, 0, 0, 0, 0, 0, 0.329609717, -0.0405458984, -0.154814844, -0.0839261617, 0.559195488, -0.824736618, -0.1796875, -0.822509766, -0.539428711, -0.980084059, 0.10296119, 0.169603467, 0, 3, 1, 1, 
450.301798, 32, 0.1, 0.1, 0.012129096, 0.361632633, -0.0199704806, 0.928068115, -0.37241049, -1.6130853e-005, 0.37241049, 0.928068115, 1.91559225e-005, 7.83666391e-006, -2.37852998e-005, 1, 0.928068131, -0.372410451, -2.63771717e-005, 0.372410451, 0.928068131, 5.14545143e-006, 2.25635925e-005, -1.45984639e-005, 1, 0, 0, 0, 0, 0, 0, 0, 0.280033179, -0.0803515869, -0.188989307, -0.110648591, 0.777578177, -0.618828021, -0.889160156, 0.200561523, 0.411010742, 0.443793597, 0.595777997, 0.669501834, 0, -0, 0, 0, 0, 0, 0, 0.329609717, -0.0405458984, -0.154814844, -0.0839261617, 0.559195488, -0.824736618, -0.1796875, -0.822509766, -0.539428711, -0.980084059, 0.10296119, 0.169603467, 0, 3, 1, 1, 
450.302483, 32, 0.1, 0.1, 0.0121290919, 0.361632632, -0.0199715277, 0.928068153, -0.372410397, 1.37272917e-005, 0.372410397, 0.928068153, -8.65975741e-006, -9.51487858e-006, 1.31490312e-005, 1, 0.928068133, -0.372410446, 2.80611947e-005, 0.372410446, 0.928068133, -3.11352137e-006, -2.48831927e-005, 1.3339842e-005, 1, 0, 0, 0, 0, 0, 0, 0, 0.280033179, -0.0803515869, -0.188989307, -0.110648591, 0.777578177, -0.618828021, -0.889160156, 0.200561523, 0.411010742, 0.443793597, 0.595777997, 0.669501834, 0, -0, 0, 0, 0, 0, 0, 0.329609717, -0.0405458984, -0.154814844, -0.0839261617, 0.559195488, -0.824736618, -0.1796875, -0.822509766, -0.539428711, -0.980084059, 0.10296119, 0.169603467, 0, 3, 1, 1, 
450.303187, 32, 0.1, 0.1, 0.0121290966, 0.361632631, -0.0199720188, 0.928068324, -0.372409969, -1.282993e-005, 0.372409969, 0.928068324, 6.21672019e-006, 9.59188303e-006, -1.05475349e-005, 1, 0.928068283, -0.372410071, -3.13872684e-005, 0.372410071, 0.928068283, 9.67898063e-006, 2.55249784e-005, -2.06716898e-005, 0.999999999, 0, 0, 0, 0, 0, 0, 0, 0.280033179, -0.0803515869, -0.188989307, -0.120390587, 0.77648221, -0.618505633, -0.888671875, 0.193359375, 0.415649414, 0.442370371, 0.599782932, 0.666855342, 0, -0, 0, 0, 0, 0, 0, 0.329609717, -0.0405458984, -0.154814844, -0.0839261617, 0.559195488, -0.824736618, -0.1796875, -0.822509766, -0.539428711, -0.980084059, 0.10296119, 0.169603467, 0, 3, 1, 1, 
450.303892, 32, 0.1, 0.1, 0.0121290917, 0.361632631, -0.0199715325, 0.928068499, -0.372409533, 5.83099698e-006, 0.372409533, 0.928068499, 1.11342675e-005, -9.55807198e-006, -8.16184405e-006, 1, 0.928068469, -0.372409609, 2.6263906e-005, 0.372409609, 0.928068469, 1.14905228e-006, -2.48026212e-005, 8.71453179e-006, 1, 0, 0, 0, 0, 0, 0, 0, 0.280870435, -0.0821813477, -0.188311157, -0.120390587, 0.77648221, -0.618505633, -0.888671875, 0.193359375, 0.415649414, 0.442370371, 0.599782932, 0.666855342, 0, -0, 0, 0, 0, 0, 0, 0.330111914, -0.0419865723, -0.15451543, -0.0930950807, 0.557583718, -0.824755207, -0.172973633, -0.824829102, -0.538085937, -0.980434037, 0.0926041409, 0.173283794, 0, 3, 1, 1, 
450.304583, 32, 0.1, 0.1, 0.0121290955, 0.361632633, -0.0199706158, 0.928068532, -0.372409452, -1.19267856e-006, 0.372409452, 0.928068532, -2.64893818e-005, 1.09717836e-005, 2.41397969e-005, 1, 0.928068539, -0.372409435, -1.85684353e-005, 0.372409435, 0.928068539, -2.37935613e-005, 2.60937274e-005, 1.51669952e-005, 1, 0, 0, 0, 0, 0, 0, 0, 0.280870435, -0.0821813477, -0.188311157, -0.120390587, 0.77648221, -0.618505633, -0.888671875, 0.193359375, 0.415649414, 0.442370371, 0.599782932, 0.666855342, 0, -0, 0, 0, 0, 0, 0, 0.330111914, -0.0419865723, -0.15451543, -0.0930950807, 0.557583718, -0.824755207, -0.172973633, -0.824829102, -0.538085937, -0.980434037, 0.0926041409, 0.173283794, 0, 3, 1, 1, 
450.305273, 32, 0.1, 0.1, 0.0121290918, 0.361632632, -0.0199695322, 0.928068387, -0.372409812, 7.3084026e-008, 0.372409812, 0.928068387, 1.62098275e-005, -6.10452579e-006, -1.50166112e-005, 1, 0.928068427, -0.372409713, 1.48738794e-005, 0.372409713, 0.928068427, 2.27179495e-005, -2.22643629e-005, -1.55446346e-005, 1, 0, 0, 0, 0, 0, 0, 0, 0.280870435, -0.0821813477, -0.188311157, -0.120390587, 0.77648221, -0.618505633, -0.888671875, 0.193359375, 0.415649414, 0.442370371, 0.599782932, 0.666855342, 0, -0, 0, 0, 0, 0, 0, 0.330111914, -0.0419865723, -0.15451543, -0.0930950807, 0.557583718, -0.824755207, -0.172973633, -0.824829102, -0.538085937, -0.980434037, 0.0926041409, 0.173283794, 0, 3, 1, 1, 
