time, trialNum, realDorsalTactorPos, realVentralTactorPos, boxPosX, boxPosY, boxPosZ, boxLocalRot_11, boxLocalRot_12, boxLocalRot_13, boxLocalRot_21, boxLocalRot_22, boxLocalRot_23, boxLocalRot_31, boxLocalRot_32, boxLocalRot_33, boxGlobalRot_11, boxGlobalRot_12, boxGlobalRot_13, boxGlobalRot_21, boxGlobalRot_22, boxGlobalRot_23, boxGlobalRot_31, boxGlobalRot_32, boxGlobalRot_33, indexForceX, indexForceY, indexForceZ, indexForceGlobalX, indexForceGlobalY, indexForceGlobalZ, indexContact, indexPosX, indexPosY, indexPosZ, indexRot_11, indexRot_12, indexRot_13, indexRot_21, indexRot_22, indexRot_23, indexRot_31, indexRot_32, indexRot_33, thumbForceX, thumbForceY, thumbForceZ, thumbForceGlobalX, thumbForceGlobalY, thumbForceGlobalZ, thumbContact, thumbPosX, thumbPosY, thumbPosZ, thumbRot_11, thumbRot_12, thumbRot_13, thumbRot_21, thumbRot_22, thumbRot_23, thumbRot_31, thumbRot_32, thumbRot_33, manipForceTooHigh, cceExpType, mapping, trialSuccess, 
798.651714, 66, 0.1, 0.1, -0.0114718514, 0.361821698, -0.0199681321, 0.919464855, -1.88318907e-005, 0.393172202, 0.393172202, 9.95169548e-006, -0.919464855, 1.34025316e-005, 1, 1.65544102e-005, 0.919464872, -1.46246371e-005, 0.393172162, 0.393172162, 1.08222637e-005, -0.919464872, 9.19182724e-006, 1, 1.57006915e-005, 0, 0, 0, 0, 0, 0, 0, 0.335442456, -0.126607373, -0.153374927, -0.247629579, 0.926350653, -0.283395755, -0.907836914, -0.119750977, 0.401733398, 0.338189561, 0.356794011, 0.870850375, 0, -0, 0, 0, 0, 0, 0, 0.361540771, -0.0983669434, -0.142912256, -0.26202077, 0.297474205, -0.918040701, -0.327514648, -0.922119141, -0.205444336, -0.907727465, 0.24692474, 0.339123912, 0, 3, 5, 1, 
798.688019, 66, 0.1, 0.1, -0.0114718637, 0.361821703, -0.0199727978, 0.919467212, -4.66965415e-005, 0.393166688, 0.393166689, 2.22762365e-005, -0.919467212, 3.41776647e-005, 0.999999999, 3.88417937e-005, 0.919467115, -3.03353446e-005, 0.393166915, 0.393166916, 2.64262663e-005, -0.919467115, 1.75024182e-005, 0.999999999, 3.62249367e-005, 0, 0, 0, 0, 0, 0, 0, 0.345677759, -0.133683521, -0.149224902, -0.27475725, 0.923461905, -0.267676684, -0.8984375, -0.147338867, 0.413574219, 0.342486162, 0.354161745, 0.870214598, 0, -0, 0, 0, 0, 0, 0, 0.372169482, -0.106574463, -0.138680713, -0.278710758, 0.302433412, -0.911413186, -0.299438477, -0.929077148, -0.216796875, -0.912427479, 0.212587044, 0.349639908, 0, 3, 5, 1, 
798.688709, 66, 0.1, 0.1, -0.0114718597, 0.361821704, -0.0199725996, 0.919467558, 2.50817638e-005, 0.39316588, 0.39316588, -1.1925506e-005, -0.919467558, -1.83731661e-005, 1, -2.08264096e-005, 0.919467513, -1.12025175e-006, 0.393165987, 0.393165987, -1.93023443e-005, -0.919467513, 8.61906036e-006, 1, -1.73074337e-005, 0, 0, 0, 0, 0, 0, 0, 0.345677759, -0.133683521, -0.149224902, -0.27475725, 0.923461905, -0.267676684, -0.8984375, -0.147338867, 0.413574219, 0.342486162, 0.354161745, 0.870214598, 0, -0, 0, 0, 0, 0, 0, 0.372169482, -0.106574463, -0.138680713, -0.278710758, 0.302433412, -0.911413186, -0.299438477, -0.929077148, -0.216796875, -0.912427479, 0.212587044, 0.349639908, 0, 3, 5, 1, 
798.689402, 66, 0.1, 0.1, -0.0114718644, 0.361821698, -0.0199716196, 0.919467651, -2.65357669e-006, 0.393165662, 0.393165662, 3.40173433e-005, -0.919467651, -1.09345734e-005, 0.999999999, 3.2321142e-005, 0.91946765, 1.58524304e-005, 0.393165665, 0.393165664, 4.0143532e-005, -0.91946765, -3.03588554e-005, 0.999999999, 3.06780477e-005, 0, 0, 0, 0, 0, 0, 0, 0.345677759, -0.133683521, -0.149224902, -0.27475725, 0.923461905, -0.267676684, -0.8984375, -0.147338867, 0.413574219, 0.342486162, 0.354161745, 0.870214598, 0, -0, 0, 0, 0, 0, 0, 0.372169482, -0.106574463, -0.138680713, -0.278710758, 0.302433412, -0.911413186, -0.299438477, -0.929077148, -0.216796875, -0.912427479, 0.212587044, 0.349639908, 0, 3, 5, 1, 
798.690097, 66, 0.1, 0.1, -0.0114718593, 0.361821703, -0.019970198, 0.919467513, -8.01837306e-006, 0.393165985, 0.393165984, -4.40610699e-005, -0.919467513, 2.46959475e-005, 0.999999999, -3.73601709e-005, 0.919467557, -2.22038154e-005, 0.393165881, 0.39316588, -4.43962837e-005, -0.919467557, 3.78707919e-005, 0.999999999, -3.20911599e-005, 0, 0, 0, 0, 0, 0, 0, 0.345677759, -0.133683521, -0.149224902, -0.27475725, 0.923461905, -0.267676684, -0.8984375, -0.147338867, 0.413574219, 0.342486162, 0.354161745, 0.870214598, 0, -0, 0, 0, 0, 0, 0, 0.372169482, -0.106574463, -0.138680713, -0.278710758, 0.302433412, -0.911413186, -0.299438477, -0.929077148, -0.216796875, -0.912427479, 0.212587044, 0.349639908, 0, 3, 5, 1, 
798.690798, 66, 0.1, 0.1, -0.0114718653, 0.361821699, -0.019968624, 0.919467197, 3.62601803e-005, 0.393166723, 0.393166722, 4.28449494e-005, -0.919467197, -5.01852547e-005, 0.999999998, 2.51382293e-005, 0.919467266, 4.096277e-005, 0.393166561, 0.393166559, 4.12051673e-005, -0.919467267, -5.38644201e-005, 0.999999998, 2.17816112e-005, 0, 0, 0, 0, 0, 0, 0, 0.345677759, -0.133683521, -0.149224902, -0.27475725, 0.923461905, -0.267676684, -0.8984375, -0.147338867, 0.413574219, 0.342486162, 0.354161745, 0.870214598, 0, -0, 0, 0, 0, 0, 0, 0.372949414, -0.107573389, -0.137756006, -0.2802507, 0.301940876, -0.91110002, -0.296142578, -0.929931641, -0.217163086, -0.912957561, 0.209098481, 0.350163794, 0, 3, 5, 1, 
798.691501, 66, 0.1, 0.1, -0.0114718635, 0.361821703, -0.0199673809, 0.919466834, -3.41805782e-005, 0.393167572, 0.39316757, -5.96038659e-005, -0.919466834, 5.48622153e-005, 0.999999998, -4.1365083e-005, 0.9194669, -2.67462619e-005, 0.393167418, 0.393167416, -5.21761095e-005, -0.9194669, 4.51062488e-005, 0.999999998, -3.7458447e-005, 0, 0, 0, 0, 0, 0, 0, 0.345677759, -0.133683521, -0.149224902, -0.27475725, 0.923461905, -0.267676684, -0.8984375, -0.147338867, 0.413574219, 0.342486162, 0.354161745, 0.870214598, 0, -0, 0, 0, 0, 0, 0, 0.372949414, -0.107573389, -0.137756006, -0.2802507, 0.301940876, -0.91110002, -0.296142578, -0.929931641, -0.217163086, -0.912957561, 0.209098481, 0.350163794, 0, 3, 5, 1, 
798.692205, 66, 0.1, 0.1, -0.0114718615, 0.361821704, -0.0199668758, 0.919466585, 2.80400916e-005, 0.393168156, 0.393168155, 3.77278274e-005, -0.919466585, -4.06153076e-005, 0.999999999, 2.36650055e-005, 0.919466614, 9.38457457e-006, 0.393168088, 0.393168088, 2.65498601e-005, -0.919466614, -1.90673607e-005, 1, 2.07219948e-005, 0, 0, 0, 0, 0, 0, 0, 0.345677759, -0.133683521, -0.149224902, -0.27475725, 0.923461905, -0.267676684, -0.8984375, -0.147338867, 0.413574219, 0.342486162, 0.354161745, 0.870214598, 0, -0, 0, 0, 0, 0, 0, 0.372949414, -0.107573389, -0.137756006, -0.2802507, 0.301940876, -0.91110002, -0.296142578, -0.929931641, -0.217163086, -0.912957561, 0.209098481, 0.350163794, 0, 3, 5, 1, 
798.692915, 66, 0.1, 0.1, -0.0114718656, 0.361821701, -0.0199670314, 0.919466548, -2.41973075e-005, 0.393168243, 0.393168243, 1.9176166e-006, -0.919466548, 2.14946689e-005, 1, 1.12767972e-005, 0.91946654, 1.11565296e-005, 0.393168261, 0.393168261, 1.59497903e-006, -0.91946654, -1.08851508e-005, 1, -2.91986348e-006, 0, 0, 0, 0, 0, 0, 0, 0.347161108, -0.135060449, -0.148391504, -0.276324626, 0.922625046, -0.268793992, -0.897827148, -0.148071289, 0.414550781, 0.34273441, 0.355900986, 0.869402826, 0, -0, 0, 0, 0, 0, 0, 0.372949414, -0.107573389, -0.137756006, -0.2802507, 0.301940876, -0.91110002, -0.296142578, -0.929931641, -0.217163086, -0.912957561, 0.209098481, 0.350163794, 0, 3, 5, 1, 
798.693609, 66, 0.1, 0.1, -0.0114718581, 0.361821703, -0.019967898, 0.919466495, -1.00188808e-005, 0.393168367, 0.393168367, -1.09711021e-005, -0.919466495, 1.35255155e-005, 1, -6.1484538e-006, 0.919466517, -2.92794918e-005, 0.393168313, 0.393168313, -2.44634791e-005, -0.919466518, 3.65397772e-005, 0.999999999, -1.09815815e-005, 0, 0, 0, 0, 0, 0, 0, 0.347161108, -0.135060449, -0.148391504, -0.276324626, 0.922625046, -0.268793992, -0.897827148, -0.148071289, 0.414550781, 0.34273441, 0.355900986, 0.869402826, 0, -0, 0, 0, 0, 0, 0, 0.372949414, -0.107573389, -0.137756006, -0.2802507, 0.301940876, -0.91110002, -0.296142578, -0.929931641, -0.217163086, -0.912957561, 0.209098481, 0.350163794, 0, 3, 5, 1, 
798.694303, 66, 0.1, 0.1, -0.0114718647, 0.3618217, -0.0199692825, 0.91946641, 3.80671108e-005, 0.393168563, 0.393168564, 5.20417467e-006, -0.919466411, -3.70475476e-005, 0.999999999, -1.01817275e-005, 0.919466414, 4.68224141e-005, 0.393168553, 0.393168553, 1.3451683e-005, -0.919466415, -4.8340416e-005, 0.999999999, -6.04073008e-006, 0, 0, 0, 0, 0, 0, 0, 0.347161108, -0.135060449, -0.148391504, -0.276324626, 0.922625046, -0.268793992, -0.897827148, -0.148071289, 0.414550781, 0.34273441, 0.355900986, 0.869402826, 0, -0, 0, 0, 0, 0, 0, 0.372949414, -0.107573389, -0.137756006, -0.2802507, 0.301940876, -0.91110002, -0.296142578, -0.929931641, -0.217163086, -0.912957561, 0.209098481, 0.350163794, 0, 3, 5, 1, 
798.694997, 66, 0.1, 0.1, -0.01147186, 0.3618217, -0.0199707553, 0.919466411, -3.50609618e-005, 0.393168561, 0.39316856, -1.85837002e-005, -0.919466412, 3.95439034e-005, 0.999999999, -3.30222025e-006, 0.919466419, -4.1621373e-005, 0.393168543, 0.393168543, -7.28771146e-006, -0.919466419, 4.11347537e-005, 0.999999999, 9.66340863e-006, 0, 0, 0, 0, 0, 0, 0, 0.347161108, -0.135060449, -0.148391504, -0.276324626, 0.922625046, -0.268793992, -0.897827148, -0.148071289, 0.414550781, 0.34273441, 0.355900986, 0.869402826, 0, -0, 0, 0, 0, 0, 0, 0.372949414, -0.107573389, -0.137756006, -0.2802507, 0.301940876, -0.91110002, -0.296142578, -0.929931641, -0.217163086, -0.912957561, 0.209098481, 0.350163794, 0, 3, 5, 1, 
798.695712, 66, 0.1, 0.1, -0.0114718617, 0.361821698, -0.0199715857, 0.91946632, 3.75240094e-005, 0.393168775, 0.393168774, 3.08783006e-005, -0.91946632, -4.66424465e-005, 0.999999999, 1.36382887e-005, 0.919466334, 2.9458686e-005, 0.393168743, 0.393168742, 3.14099188e-005, -0.919466334, -3.94356683e-005, 0.999999999, 1.72981284e-005, 0, 0, 0, 0, 0, 0, 0, 0.348110327, -0.136225, -0.14839541, -0.279712497, 0.921566148, -0.268782009, -0.895996094, -0.150024414, 0.41784668, 0.3447541, 0.357798986, 0.867917825, 0, -0, 0, 0, 0, 0, 0, 0.373631689, -0.108535937, -0.137195752, -0.283445421, 0.302093627, -0.910115681, -0.293334961, -0.930786133, -0.217529297, -0.912925112, 0.205309511, 0.352476621, 0, 3, 5, 1, 
798.696403, 66, 0.1, 0.1, -0.0114718642, 0.3618217, -0.01997183, 0.919466351, -2.38020254e-005, 0.393168703, 0.393168702, -3.32421033e-005, -0.919466351, 3.4954916e-005, 0.999999999, -2.1206784e-005, 0.919466326, -3.75027004e-006, 0.393168763, 0.393168763, -3.37668571e-005, -0.919466325, 1.67243204e-005, 0.999999999, -2.9572999e-005, 0, 0, 0, 0, 0, 0, 0, 0.348110327, -0.136225, -0.14839541, -0.279712497, 0.921566148, -0.268782009, -0.895996094, -0.150024414, 0.41784668, 0.3447541, 0.357798986, 0.867917825, 0, -0, 0, 0, 0, 0, 0, 0.373631689, -0.108535937, -0.137195752, -0.283445421, 0.302093627, -0.910115681, -0.293334961, -0.930786133, -0.217529297, -0.912925112, 0.205309511, 0.352476621, 0, 3, 5, 1, 
798.697095, 66, 0.1, 0.1, -0.011471858, 0.361821698, -0.0199715187, 0.919466606, 8.12702309e-007, 0.393168107, 0.393168107, 3.64188383e-005, -0.919466605, -1.50659783e-005, 0.999999999, 3.3166377e-005, 0.91946654, -2.60386632e-005, 0.393168262, 0.393168262, 3.07852145e-005, -0.919466539, 1.18379103e-005, 0.999999999, 3.85435506e-005, 0, 0, 0, 0, 0, 0, 0, 0.348110327, -0.136225, -0.14839541, -0.279712497, 0.921566148, -0.268782009, -0.895996094, -0.150024414, 0.41784668, 0.3447541, 0.357798986, 0.867917825, 0, -0, 0, 0, 0, 0, 0, 0.373631689, -0.108535937, -0.137195752, -0.283445421, 0.302093627, -0.910115681, -0.293334961, -0.930786133, -0.217529297, -0.912925112, 0.205309511, 0.352476621, 0, 3, 5, 1, 
798.697789, 66, 0.1, 0.1, -0.0114718631, 0.361821697, -0.0199707236, 0.919467051, 7.509714e-006, 0.393167066, 0.393167066, -1.25755413e-005, -0.919467051, -1.9606459e-006, 1, -1.45153681e-005, 0.919466953, 2.9629e-005, 0.393167295, 0.393167295, -9.33830282e-006, -0.919466953, -2.35713711e-005, 1, -2.02354146e-005, 0, 0, 0, 0, 0, 0, 0, 0.348110327, -0.136225, -0.14839541, -0.279712497, 0.921566148, -0.268782009, -0.895996094, -0.150024414, 0.41784668, 0.3447541, 0.357798986, 0.867917825, 0, -0, 0, 0, 0, 0, 0, 0.373631689, -0.108535937, -0.137195752, -0.283445421, 0.302093627, -0.910115681, -0.293334961, -0.930786133, -0.217529297, -0.912925112, 0.205309511, 0.352476621, 0, 3, 5, 1, 
798.698483, 66, 0.1, 0.1, -0.0114718548, 0.3618217, -0.0199697063, 0.919467486, -3.2277484e-005, 0.393166048, 0.393166047, -2.66018165e-005, -0.919467486, 4.01370281e-005, 0.999999999, -1.17690946e-005, 0.919467413, -4.50353493e-005, 0.393166217, 0.393166216, -2.91639865e-005, -0.919467414, 5.28748304e-005, 0.999999999, -9.10895734e-006, 0, 0, 0, 0, 0, 0, 0, 0.348110327, -0.136225, -0.14839541, -0.279712497, 0.921566148, -0.268782009, -0.895996094, -0.150024414, 0.41784668, 0.3447541, 0.357798986, 0.867917825, 0, -0, 0, 0, 0, 0, 0, 0.373631689, -0.108535937, -0.137195752, -0.283445421, 0.302093627, -0.910115681, -0.293334961, -0.930786133, -0.217529297, -0.912925112, 0.205309511, 0.352476621, 0, 3, 5, 1, 
798.699173, 66, 0.1, 0.1, -0.0114718581, 0.361821697, -0.0199688445, 0.919467798, 3.74151203e-005, 0.393165317, 0.393165317, 1.67065561e-005, -0.919467799, -4.09704367e-005, 0.999999999, 6.50812759e-007, 0.919467733, 3.40022912e-005, 0.393165471, 0.39316547, 2.88565127e-005, -0.919467733, -4.2609394e-005, 0.999999999, 1.31641054e-005, 0, 0, 0, 0, 0, 0, 0, 0.348110327, -0.136225, -0.14839541, -0.279712497, 0.921566148, -0.268782009, -0.895996094, -0.150024414, 0.41784668, 0.3447541, 0.357798986, 0.867917825, 0, -0, 0, 0, 0, 0, 0, 0.373631689, -0.108535937, -0.137195752, -0.283445421, 0.302093627, -0.910115681, -0.293334961, -0.930786133, -0.217529297, -0.912925112, 0.205309511, 0.352476621, 0, 3, 5, 1, 
798.699872, 66, 0.1, 0.1, -0.0114718566, 0.361821702, -0.0199683606, 0.919468244, -4.52581858e-005, 0.393164274, 0.393164273, -2.06474293e-005, -0.919468245, 4.97312962e-005, 0.999999999, -1.19075384e-006, 0.919468129, -2.9354609e-005, 0.393164543, 0.393164542, -3.63793224e-005, -0.91946813, 4.12936871e-005, 0.999999999, -2.19084361e-005, 0, 0, 0, 0, 0, 0, 0, 0.348110327, -0.136225, -0.14839541, -0.287689043, 0.920404657, -0.264523957, -0.892944336, -0.158081055, 0.421264648, 0.345893868, 0.35748858, 0.8674906, 0, -0, 0, 0, 0, 0, 0, 0.373631689, -0.108535937, -0.137195752, -0.283445421, 0.302093627, -0.910115681, -0.293334961, -0.930786133, -0.217529297, -0.912925112, 0.205309511, 0.352476621, 0, 3, 5, 1, 
798.700576, 66, 0.1, 0.1, -0.0114718521, 0.361821695, -0.0199680819, 0.919468903, 2.67088266e-005, 0.393162735, 0.393162733, 4.32285364e-005, -0.919468903, -4.1553785e-005, 0.999999999, 2.92463797e-005, 0.919468759, 1.96034062e-006, 0.393163073, 0.393163072, 5.01246345e-005, -0.919468757, -2.15096273e-005, 0.999999999, 4.53173019e-005, 0, 0, 0, 0, 0, 0, 0, 0.348599121, -0.136285303, -0.148402344, -0.287689043, 0.920404657, -0.264523957, -0.892944336, -0.158081055, 0.421264648, 0.345893868, 0.35748858, 0.8674906, 0, -0, 0, 0, 0, 0, 0, 0.374239258, -0.109071045, -0.136806982, -0.287732756, 0.302571937, -0.908600893, -0.28894043, -0.931884766, -0.21887207, -0.913007501, 0.199590876, 0.355581657, 0, 3, 5, 1, 
798.701268, 66, 0.1, 0.1, -0.0114718596, 0.3618217, -0.0199683703, 0.919469766, 8.2632368e-006, 0.393160718, 0.393160717, -6.3362894e-005, -0.919469764, 1.73140045e-005, 0.999999998, -6.15090454e-005, 0.919469579, 3.64121533e-005, 0.393161153, 0.393161155, -5.23818153e-005, -0.919469577, -1.28853723e-005, 0.999999998, -6.24793299e-005, 0, 0, 0, 0, 0, 0, 0, 0.348599121, -0.136285303, -0.148402344, -0.287689043, 0.920404657, -0.264523957, -0.892944336, -0.158081055, 0.421264648, 0.345893868, 0.35748858, 0.8674906, 0, -0, 0, 0, 0, 0, 0, 0.374239258, -0.109071045, -0.136806982, -0.287732756, 0.302571937, -0.908600893, -0.28894043, -0.931884766, -0.21887207, -0.913007501, 0.199590876, 0.355581657, 0, 3, 5, 1, 
798.701959, 66, 0.1, 0.1, -0.0114718536, 0.361821703, -0.0199691125, 0.919470804, -2.25577961e-005, 0.393158289, 0.39315829, 2.35567814e-005, -0.919470804, 1.14796911e-005, 0.999999999, 3.05285572e-005, 0.919470584, -3.85465839e-005, 0.393158803, 0.393158804, 6.61273239e-006, -0.919470584, 3.28425961e-005, 0.999999999, 2.12351417e-005, 0, 0, 0, 0, 0, 0, 0, 0.348599121, -0.136285303, -0.148402344, -0.287689043, 0.920404657, -0.264523957, -0.892944336, -0.158081055, 0.421264648, 0.345893868, 0.35748858, 0.8674906, 0, -0, 0, 0, 0, 0, 0, 0.374239258, -0.109071045, -0.136806982, -0.287732756, 0.302571937, -0.908600893, -0.28894043, -0.931884766, -0.21887207, -0.913007501, 0.199590876, 0.355581657, 0, 3, 5, 1, 
798.702651, 66, 0.1, 0.1, -0.0114718595, 0.361821699, -0.0199700364, 0.91947197, 3.42511449e-005, 0.393155562, 0.393155562, 2.49582419e-006, -0.91947197, -3.24742148e-005, 0.999999999, -1.11711877e-005, 0.919471736, 4.50250974e-005, 0.393156106, 0.393156106, 7.55318036e-006, -0.919471737, -4.43688835e-005, 0.999999999, -1.07569561e-005, 0, 0, 0, 0, 0, 0, 0, 0.348599121, -0.136285303, -0.148402344, -0.287689043, 0.920404657, -0.264523957, -0.892944336, -0.158081055, 0.421264648, 0.345893868, 0.35748858, 0.8674906, 0, -0, 0, 0, 0, 0, 0, 0.374239258, -0.109071045, -0.136806982, -0.287732756, 0.302571937, -0.908600893, -0.28894043, -0.931884766, -0.21887207, -0.913007501, 0.199590876, 0.355581657, 0, 3, 5, 1, 
798.703339, 66, 0.1, 0.1, -0.0114718533, 0.361821698, -0.019970878, 0.919473067, -4.53063439e-005, 0.393152995, 0.393152995, -6.39467327e-006, -0.919473068, 4.41720479e-005, 0.999999999, 1.1932595e-005, 0.919472866, -5.06999812e-005, 0.393153465, 0.393153466, 1.87348694e-006, -0.919472867, 4.58806892e-005, 0.999999999, 2.16554937e-005, 0, 0, 0, 0, 0, 0, 0, 0.348599121, -0.136285303, -0.148402344, -0.287689043, 0.920404657, -0.264523957, -0.892944336, -0.158081055, 0.421264648, 0.345893868, 0.35748858, 0.8674906, 0, -0, 0, 0, 0, 0, 0, 0.374239258, -0.109071045, -0.136806982, -0.287732756, 0.302571937, -0.908600893, -0.28894043, -0.931884766, -0.21887207, -0.913007501, 0.199590876, 0.355581657, 0, 3, 5, 1, 
798.704028, 66, 0.1, 0.1, -0.0114718551, 0.361821698, -0.0199714214, 0.919473891, 3.22447401e-005, 0.393151069, 0.393151069, 2.80058705e-005, -0.919473891, -4.06587346e-005, 0.999999999, 1.30736127e-005, 0.919473755, 3.21380314e-005, 0.393151387, 0.393151387, 8.8490133e-006, -0.919473755, -3.30290782e-005, 0.999999999, -4.49867613e-006, 0, 0, 0, 0, 0, 0, 0, 0.348599121, -0.136285303, -0.148402344, -0.287689043, 0.920404657, -0.264523957, -0.892944336, -0.158081055, 0.421264648, 0.345893868, 0.35748858, 0.8674906, 0, -0, 0, 0, 0, 0, 0, 0.374239258, -0.109071045, -0.136806982, -0.287732756, 0.302571937, -0.908600893, -0.28894043, -0.931884766, -0.21887207, -0.913007501, 0.199590876, 0.355581657, 0, 3, 5, 1, 
798.704729, 66, 0.1, 0.1, -0.0114718546, 0.361821697, -0.0199714846, 0.919474478, -3.09707485e-005, 0.393149696, 0.393149695, -3.02836379e-005, -0.919474478, 4.03828158e-005, 0.999999999, -1.56688918e-005, 0.919474361, -1.67845658e-005, 0.39314997, 0.39314997, -1.38060267e-005, -0.919474361, 2.08608169e-005, 1, -6.09543606e-006, 0, 0, 0, 0, 0, 0, 0, 0.348599121, -0.136285303, -0.148402344, -0.296028413, 0.919046215, -0.260074945, -0.89074707, -0.167358398, 0.422485352, 0.344742856, 0.356715001, 0.868269049, 0, -0, 0, 0, 0, 0, 0, 0.374239258, -0.109071045, -0.136806982, -0.287732756, 0.302571937, -0.908600893, -0.28894043, -0.931884766, -0.21887207, -0.913007501, 0.199590876, 0.355581657, 0, 3, 5, 1, 
798.705433, 66, 0.1, 0.1, -0.0114718494, 0.361821698, -0.0199708136, 0.91947505, 8.44801889e-006, 0.39314836, 0.39314836, 1.94303661e-005, -0.91947505, -1.54067592e-005, 1, 1.45444121e-005, 0.919474927, -1.91851418e-005, 0.393148646, 0.393148646, 1.02558449e-005, -0.919474927, 1.36081853e-005, 1, 1.69726048e-005, 0, 0, 0, 0, 0, 0, 0, 0.349732129, -0.136580322, -0.14839585, -0.296028413, 0.919046215, -0.260074945, -0.89074707, -0.167358398, 0.422485352, 0.344742856, 0.356715001, 0.868269049, 0, -0, 0, 0, 0, 0, 0, 0.37512793, -0.109146729, -0.136448486, -0.29098508, 0.30350377, -0.907226829, -0.283691406, -0.932983398, -0.221191406, -0.913594819, 0.19306071, 0.35768996, 0, 3, 5, 1, 
798.706134, 66, 0.1, 0.1, -0.0114718558, 0.361821698, -0.0199699017, 0.919475748, 1.07545122e-005, 0.393146726, 0.393146726, -1.28498494e-005, -0.919475748, -4.83663694e-006, 1, -1.60432262e-005, 0.919475597, 3.55919303e-005, 0.393147078, 0.393147079, -1.27823749e-005, -0.919475597, -2.7700558e-005, 0.999999999, -2.57459452e-005, 0, 0, 0, 0, 0, 0, 0, 0.349732129, -0.136580322, -0.14839585, -0.296028413, 0.919046215, -0.260074945, -0.89074707, -0.167358398, 0.422485352, 0.344742856, 0.356715001, 0.868269049, 0, -0, 0, 0, 0, 0, 0, 0.37512793, -0.109146729, -0.136448486, -0.29098508, 0.30350377, -0.907226829, -0.283691406, -0.932983398, -0.221191406, -0.913594819, 0.19306071, 0.35768996, 0, 3, 5, 1, 
798.706824, 66, 0.1, 0.1, -0.0114718479, 0.361821701, -0.0199689562, 0.919476392, -2.64134715e-005, 0.393145219, 0.393145219, -3.03269496e-005, -0.919476392, 3.62094588e-005, 0.999999999, -1.75005841e-005, 0.919476276, -4.58538961e-005, 0.39314549, 0.39314549, -1.84778539e-005, -0.919476277, 4.94260546e-005, 0.999999999, 1.03730417e-006, 0, 0, 0, 0, 0, 0, 0, 0.349732129, -0.136580322, -0.14839585, -0.296028413, 0.919046215, -0.260074945, -0.89074707, -0.167358398, 0.422485352, 0.344742856, 0.356715001, 0.868269049, 0, -0, 0, 0, 0, 0, 0, 0.37512793, -0.109146729, -0.136448486, -0.29098508, 0.30350377, -0.907226829, -0.283691406, -0.932983398, -0.221191406, -0.913594819, 0.19306071, 0.35768996, 0, 3, 5, 1, 
798.707865, 66, 0.1, 0.1, -0.0114718612, 0.361821693, -0.0199646447, 0.919476837, 4.5472852e-005, 0.393144178, 0.393144175, 6.8575083e-005, -0.919476837, -6.87711287e-005, 0.999999997, 4.51758135e-005, 0.91947679, 6.05200124e-005, 0.393144286, 0.393144283, 5.93400853e-005, -0.919476791, -7.89759623e-005, 0.999999996, 3.07687342e-005, 0, 0, 0, 0, 0, 0, 0, 0.350236548, -0.13639541, -0.148714502, -0.303681449, 0.918467344, -0.253258768, -0.887817383, -0.176269531, 0.424804688, 0.345584202, 0.353840478, 0.869166944, 0, -0, 0, 0, 0, 0, 0, 0.375224561, -0.108856592, -0.136832568, -0.296441588, 0.306671872, -0.90440834, -0.279663086, -0.933349609, -0.224853516, -0.913063637, 0.186274614, 0.362404933, 0, 3, 5, 1, 
798.708629, 66, 0.1, 0.1, -0.0114718566, 0.361821692, -0.0199599527, 0.919476913, -5.81271871e-005, 0.393143997, 0.393143995, -4.289995e-005, -0.919476915, 7.03124644e-005, 0.999999997, -1.65931591e-005, 0.919476899, -4.80563882e-005, 0.393144032, 0.39314403, -3.67837268e-005, -0.9194769, 5.86480415e-005, 0.999999998, -1.49287049e-005, 0, 0, 0, 0, 0, 0, 0, 0.350236548, -0.13639541, -0.148714502, -0.303681449, 0.918467344, -0.253258768, -0.887817383, -0.176269531, 0.424804688, 0.345584202, 0.353840478, 0.869166944, 0, -0, 0, 0, 0, 0, 0, 0.375224561, -0.108856592, -0.136832568, -0.296441588, 0.306671872, -0.90440834, -0.279663086, -0.933349609, -0.224853516, -0.913063637, 0.186274614, 0.362404933, 0, 3, 5, 1, 
798.709316, 66, 0.1, 0.1, -0.0114718525, 0.361821691, -0.0199591017, 0.919477089, 3.83400232e-005, 0.393143588, 0.393143588, 1.8920877e-005, -0.91947709, -4.26913944e-005, 0.999999999, 2.32417867e-006, 0.91947703, 8.06625607e-006, 0.393143728, 0.393143728, 2.46137837e-005, -0.91947703, -1.70934919e-005, 1, 1.94606107e-005, 0, 0, 0, 0, 0, 0, 0, 0.350236548, -0.13639541, -0.148714502, -0.303681449, 0.918467344, -0.253258768, -0.887817383, -0.176269531, 0.424804688, 0.345584202, 0.353840478, 0.869166944, 0, -0, 0, 0, 0, 0, 0, 0.375224561, -0.108856592, -0.136832568, -0.296441588, 0.306671872, -0.90440834, -0.279663086, -0.933349609, -0.224853516, -0.913063637, 0.186274614, 0.362404933, 0, 3, 5, 1, 
798.710006, 66, 0.1, 0.1, -0.0114718595, 0.361821694, -0.0199614609, 0.91947751, -1.90533836e-005, 0.393142605, 0.393142605, -2.12762565e-005, -0.91947751, 2.58837606e-005, 1, -1.20723425e-005, 0.919477419, 2.37705529e-005, 0.393142818, 0.393142819, -2.75663161e-005, -0.919477419, -1.10189874e-005, 0.999999999, -3.46918273e-005, 0, 0, 0, 0, 0, 0, 0, 0.350236548, -0.13639541, -0.148714502, -0.303681449, 0.918467344, -0.253258768, -0.887817383, -0.176269531, 0.424804688, 0.345584202, 0.353840478, 0.869166944, 0, -0, 0, 0, 0, 0, 0, 0.375224561, -0.108856592, -0.136832568, -0.296441588, 0.306671872, -0.90440834, -0.279663086, -0.933349609, -0.224853516, -0.913063637, 0.186274614, 0.362404933, 0, 3, 5, 1, 
798.710689, 66, 0.1, 0.1, -0.011471848, 0.361821691, -0.019966147, 0.919478075, -3.25291115e-005, 0.393141284, 0.393141284, 2.45683968e-005, -0.919478075, 2.02509538e-005, 0.999999999, 3.53786388e-005, 0.919477959, -5.9179007e-005, 0.39314155, 0.393141552, 2.75190434e-005, -0.91947796, 4.35949132e-005, 0.999999998, 4.85688805e-005, 0, 0, 0, 0, 0, 0, 0, 0.350236548, -0.13639541, -0.148714502, -0.303681449, 0.918467344, -0.253258768, -0.887817383, -0.176269531, 0.424804688, 0.345584202, 0.353840478, 0.869166944, 0, -0, 0, 0, 0, 0, 0, 0.375224561, -0.108856592, -0.136832568, -0.296441588, 0.306671872, -0.90440834, -0.279663086, -0.933349609, -0.224853516, -0.913063637, 0.186274614, 0.362404933, 0, 3, 5, 1, 
798.711374, 66, 0.1, 0.1, -0.0114718565, 0.361821694, -0.0199716914, 0.919478729, 5.53853454e-005, 0.393139752, 0.393139754, -3.66377723e-005, -0.919478729, -3.65218823e-005, 0.999999998, -5.54618333e-005, 0.919478595, 6.22138883e-005, 0.393140064, 0.393140067, -3.20353885e-005, -0.919478595, -4.46099439e-005, 0.999999998, -5.39146262e-005, 0, 0, 0, 0, 0, 0, 0, 0.350236548, -0.13639541, -0.148714502, -0.303681449, 0.918467344, -0.253258768, -0.887817383, -0.176269531, 0.424804688, 0.345584202, 0.353840478, 0.869166944, 0, -0, 0, 0, 0, 0, 0, 0.375224561, -0.108856592, -0.136832568, -0.296441588, 0.306671872, -0.90440834, -0.279663086, -0.933349609, -0.224853516, -0.913063637, 0.186274614, 0.362404933, 0, 3, 5, 1, 
798.712089, 66, 0.1, 0.1, -0.0114718545, 0.361821694, -0.019976474, 0.919479496, -4.01547074e-005, 0.39313796, 0.393137961, 3.67684583e-005, -0.919479495, 2.24663534e-005, 0.999999999, 4.95941833e-005, 0.919479316, -3.20944418e-005, 0.39313838, 0.393138381, 1.47663275e-005, -0.919479317, 2.37049654e-005, 0.999999999, 2.61948896e-005, 0, 0, 0, 0, 0, 0, 0, 0.350255298, -0.136234302, -0.149056226, -0.312026811, 0.917381115, -0.246905765, -0.885131836, -0.186157227, 0.426391602, 0.345175691, 0.351664273, 0.87026179, 0, -0, 0, 0, 0, 0, 0, 0.375224561, -0.108856592, -0.136832568, -0.300569243, 0.308581115, -0.902395185, -0.273925781, -0.934204102, -0.228271484, -0.913497471, 0.17861975, 0.365439606, 0, 3, 5, 1, 
798.712774, 66, 0.1, 0.1, -0.0114718526, 0.361821683, -0.0199787384, 0.919480349, 2.07663761e-005, 0.393135965, 0.393135964, 4.28336878e-005, -0.919480349, -3.59337379e-005, 0.999999999, 3.12207249e-005, 0.919480172, 8.51773315e-006, 0.393136381, 0.39313638, 5.79033993e-005, -0.91948017, -3.05958196e-005, 0.999999998, 4.98923968e-005, 0, 0, 0, 0, 0, 0, 0, 0.350255298, -0.136234302, -0.149056226, -0.312026811, 0.917381115, -0.246905765, -0.885131836, -0.186157227, 0.426391602, 0.345175691, 0.351664273, 0.87026179, 0, -0, 0, 0, 0, 0, 0, 0.375388818, -0.108668018, -0.136858789, -0.300569243, 0.308581115, -0.902395185, -0.273925781, -0.934204102, -0.228271484, -0.913497471, 0.17861975, 0.365439606, 0, 3, 5, 1, 
798.713461, 66, 0.1, 0.1, -0.0114718562, 0.361821689, -0.0199783612, 0.919481319, 6.1579704e-007, 0.393133697, 0.393133697, -6.88366258e-005, -0.919481317, 2.64957833e-005, 0.999999998, -6.3536082e-005, 0.91948112, 1.14375343e-005, 0.393134164, 0.393134163, -5.85669109e-005, -0.919481118, 1.25080567e-005, 0.999999998, -5.83476543e-005, 0, 0, 0, 0, 0, 0, 0, 0.350255298, -0.136234302, -0.149056226, -0.312026811, 0.917381115, -0.246905765, -0.885131836, -0.186157227, 0.426391602, 0.345175691, 0.351664273, 0.87026179, 0, -0, 0, 0, 0, 0, 0, 0.375388818, -0.108668018, -0.136858789, -0.300569243, 0.308581115, -0.902395185, -0.273925781, -0.934204102, -0.228271484, -0.913497471, 0.17861975, 0.365439606, 0, 3, 5, 1, 
798.714153, 66, 0.1, 0.1, -0.0114718543, 0.361821695, -0.0199756003, 0.919482321, -2.78670724e-006, 0.393131355, 0.393131355, 2.83537353e-005, -0.91948232, -8.58441435e-006, 1, 2.71663003e-005, 0.919482124, -9.63953621e-006, 0.393131814, 0.393131814, -9.34843452e-006, -0.919482124, 1.25385483e-005, 1, -4.80611007e-006, 0, 0, 0, 0, 0, 0, 0, 0.350255298, -0.136234302, -0.149056226, -0.312026811, 0.917381115, -0.246905765, -0.885131836, -0.186157227, 0.426391602, 0.345175691, 0.351664273, 0.87026179, 0, -0, 0, 0, 0, 0, 0, 0.375388818, -0.108668018, -0.136858789, -0.300569243, 0.308581115, -0.902395185, -0.273925781, -0.934204102, -0.228271484, -0.913497471, 0.17861975, 0.365439606, 0, 3, 5, 1, 
798.714842, 66, 0.1, 0.1, -0.0114718526, 0.361821684, -0.0199714037, 0.919483196, -2.33153694e-005, 0.393129307, 0.393129307, 3.58151486e-005, -0.919483195, 7.35810584e-006, 0.999999999, 4.20973823e-005, 0.919483035, -1.22061096e-005, 0.393129683, 0.393129683, 5.85863055e-005, -0.919483034, -1.1808705e-005, 0.999999998, 5.8667698e-005, 0, 0, 0, 0, 0, 0, 0, 0.350255298, -0.136234302, -0.149056226, -0.312026811, 0.917381115, -0.246905765, -0.885131836, -0.186157227, 0.426391602, 0.345175691, 0.351664273, 0.87026179, 0, -0, 0, 0, 0, 0, 0, 0.375388818, -0.108668018, -0.136858789, -0.300569243, 0.308581115, -0.902395185, -0.273925781, -0.934204102, -0.228271484, -0.913497471, 0.17861975, 0.365439606, 0, 3, 5, 1, 
798.715534, 66, 0.1, 0.1, -0.0114718543, 0.361821689, -0.0199670246, 0.919483775, 3.92290369e-005, 0.393127951, 0.393127952, -3.92341045e-005, -0.919483775, -2.06464399e-005, 0.999999998, -5.14971535e-005, 0.919483685, 3.18213641e-005, 0.393128163, 0.393128164, -4.30968539e-005, -0.919483684, -1.23166381e-005, 0.999999999, -5.21367284e-005, 0, 0, 0, 0, 0, 0, 0, 0.350255298, -0.136234302, -0.149056226, -0.312026811, 0.917381115, -0.246905765, -0.885131836, -0.186157227, 0.426391602, 0.345175691, 0.351664273, 0.87026179, 0, -0, 0, 0, 0, 0, 0, 0.375388818, -0.108668018, -0.136858789, -0.300569243, 0.308581115, -0.902395185, -0.273925781, -0.934204102, -0.228271484, -0.913497471, 0.17861975, 0.365439606, 0, 3, 5, 1, 
798.716221, 66, 0.1, 0.1, -0.011471852, 0.361821688, -0.0199638593, 0.919484166, -4.14055102e-005, 0.393127037, 0.393127039, 3.06023988e-005, -0.919484166, 2.60410806e-005, 0.999999999, 4.44160467e-005, 0.919484089, -3.87539598e-005, 0.393127217, 0.393127218, 2.28975305e-005, -0.919484089, 2.6632007e-005, 0.999999999, 3.62891514e-005, 0, 0, 0, 0, 0, 0, 0, 0.350255298, -0.136234302, -0.149056226, -0.312026811, 0.917381115, -0.246905765, -0.885131836, -0.186157227, 0.426391602, 0.345175691, 0.351664273, 0.87026179, 0, -0, 0, 0, 0, 0, 0, 0.375388818, -0.108668018, -0.136858789, -0.300569243, 0.308581115, -0.902395185, -0.273925781, -0.934204102, -0.228271484, -0.913497471, 0.17861975, 0.365439606, 0, 3, 5, 1, 
798.716936, 66, 0.1, 0.1, -0.0114718529, 0.361821687, -0.0199624352, 0.919484627, 1.26750347e-005, 0.393125961, 0.393125961, -2.08803786e-005, -0.919484626, -3.44588064e-006, 1, -2.41820723e-005, 0.919484529, 2.38943687e-005, 0.393126188, 0.393126189, -1.38159163e-005, -0.919484529, -1.65391039e-005, 1, -2.20970234e-005, 0, 0, 0, 0, 0, 0, 0, 0.350277588, -0.135855322, -0.1491802, -0.320220526, 0.916218502, -0.240698417, -0.8828125, -0.196411133, 0.426391602, 0.343383649, 0.349005799, 0.871997665, 0, -0, 0, 0, 0, 0, 0, 0.375602881, -0.108441113, -0.136680322, -0.303968487, 0.310937685, -0.900426874, -0.268676758, -0.934692383, -0.232055664, -0.913854746, 0.17138013, 0.36773311, 0, 3, 5, 1, 
798.717626, 66, 0.1, 0.1, -0.0114718488, 0.361821688, -0.0199631699, 0.919485184, 5.39699619e-006, 0.393124658, 0.393124658, 9.6908541e-007, -0.919485184, -5.3434294e-006, 1, -1.23063261e-006, 0.91948507, -2.19225223e-005, 0.393124923, 0.393124923, 4.29436765e-006, -0.91948507, 1.8469209e-005, 1, 1.25668968e-005, 0, 0, 0, 0, 0, 0, 0, 0.350277588, -0.135855322, -0.1491802, -0.320220526, 0.916218502, -0.240698417, -0.8828125, -0.196411133, 0.426391602, 0.343383649, 0.349005799, 0.871997665, 0, -0, 0, 0, 0, 0, 0, 0.375602881, -0.108441113, -0.136680322, -0.303968487, 0.310937685, -0.900426874, -0.268676758, -0.934692383, -0.232055664, -0.913854746, 0.17138013, 0.36773311, 0, 3, 5, 1, 
798.718311, 66, 0.1, 0.1, -0.0114718492, 0.361821688, -0.0199658474, 0.919485671, -1.5980682e-005, 0.393123517, 0.393123517, -2.15043486e-005, -0.919485671, 2.31478733e-005, 1, -1.34905585e-005, 0.919485582, -8.27141522e-006, 0.393123727, 0.393123726, -1.56655797e-005, -0.919485582, 1.37639581e-005, 1, -1.11525851e-005, 0, 0, 0, 0, 0, 0, 0, 0.350277588, -0.135855322, -0.1491802, -0.320220526, 0.916218502, -0.240698417, -0.8828125, -0.196411133, 0.426391602, 0.343383649, 0.349005799, 0.871997665, 0, -0, 0, 0, 0, 0, 0, 0.375602881, -0.108441113, -0.136680322, -0.303968487, 0.310937685, -0.900426874, -0.268676758, -0.934692383, -0.232055664, -0.913854746, 0.17138013, 0.36773311, 0, 3, 5, 1, 
798.719003, 66, 0.1, 0.1, -0.0114718493, 0.361821686, -0.0199695804, 0.919486161, 1.95147357e-005, 0.393122372, 0.393122372, 1.04147979e-005, -0.919486161, -2.20378195e-005, 1, 1.90458332e-006, 0.919486056, 1.41783403e-005, 0.393122617, 0.393122616, 2.17522115e-005, -0.919486056, -2.15880726e-005, 1, 1.4427029e-005, 0, 0, 0, 0, 0, 0, 0, 0.350277588, -0.135855322, -0.1491802, -0.320220526, 0.916218502, -0.240698417, -0.8828125, -0.196411133, 0.426391602, 0.343383649, 0.349005799, 0.871997665, 0, -0, 0, 0, 0, 0, 0, 0.375602881, -0.108441113, -0.136680322, -0.303968487, 0.310937685, -0.900426874, -0.268676758, -0.934692383, -0.232055664, -0.913854746, 0.17138013, 0.36773311, 0, 3, 5, 1, 
798.719687, 66, 0.1, 0.1, -0.0114718502, 0.36182169, -0.0199731614, 0.919486721, -4.14910964e-007, 0.393121063, 0.393121063, -8.37734026e-006, -0.919486721, 3.67481403e-006, 1, -7.53974288e-006, 0.919486608, -1.87627559e-006, 0.393121328, 0.393121327, -2.64342093e-005, -0.919486607, 1.21170617e-005, 1, -2.35682975e-005, 0, 0, 0, 0, 0, 0, 0, 0.350277588, -0.135855322, -0.1491802, -0.320220526, 0.916218502, -0.240698417, -0.8828125, -0.196411133, 0.426391602, 0.343383649, 0.349005799, 0.871997665, 0, -0, 0, 0, 0, 0, 0, 0.375602881, -0.108441113, -0.136680322, -0.303968487, 0.310937685, -0.900426874, -0.268676758, -0.934692383, -0.232055664, -0.913854746, 0.17138013, 0.36773311, 0, 3, 5, 1, 
798.720374, 66, 0.1, 0.1, -0.0114718502, 0.361821684, -0.0199756271, 0.919487241, -9.8476546e-006, 0.393119846, 0.393119846, 2.05038446e-005, -0.919487241, 9.94324509e-007, 1, 2.2724332e-005, 0.919487146, -9.91499728e-007, 0.393120068, 0.393120068, 3.61275655e-005, -0.919487146, -1.32907997e-005, 0.999999999, 3.36086105e-005, 0, 0, 0, 0, 0, 0, 0, 0.350277588, -0.135855322, -0.1491802, -0.320220526, 0.916218502, -0.240698417, -0.8828125, -0.196411133, 0.426391602, 0.343383649, 0.349005799, 0.871997665, 0, -0, 0, 0, 0, 0, 0, 0.375602881, -0.108441113, -0.136680322, -0.303968487, 0.310937685, -0.900426874, -0.268676758, -0.934692383, -0.232055664, -0.913854746, 0.17138013, 0.36773311, 0, 3, 5, 1, 
798.721072, 66, 0.1, 0.1, -0.0114718517, 0.361821689, -0.0199762987, 0.919487587, 1.34687625e-005, 0.393119038, 0.393119038, -4.01485197e-005, -0.919487586, 3.39878753e-006, 0.999999999, -4.22108924e-005, 0.91948752, 1.9696852e-005, 0.393119193, 0.393119194, -3.85611358e-005, -0.919487519, -2.95188695e-006, 0.999999999, -4.31996937e-005, 0, 0, 0, 0, 0, 0, 0, 0.350277588, -0.135855322, -0.1491802, -0.320220526, 0.916218502, -0.240698417, -0.8828125, -0.196411133, 0.426391602, 0.343383649, 0.349005799, 0.871997665, 0, -0, 0, 0, 0, 0, 0, 0.375602881, -0.108441113, -0.136680322, -0.303968487, 0.310937685, -0.900426874, -0.268676758, -0.934692383, -0.232055664, -0.913854746, 0.17138013, 0.36773311, 0, 3, 5, 1, 
798.721786, 66, 0.1, 0.1, -0.0114718517, 0.361821688, -0.0199747953, 0.919487867, -1.15100606e-005, 0.393118382, 0.393118382, 2.83413545e-005, -0.919487866, -5.58146365e-007, 1, 3.0584348e-005, 0.919487823, -1.00931631e-005, 0.393118485, 0.393118485, 2.2604876e-005, -0.919487823, 3.94145957e-007, 1, 2.47527172e-005, 0, 0, 0, 0, 0, 0, 0, 0.350908691, -0.135519922, -0.148931543, -0.329550644, 0.914098464, -0.23591279, -0.880493164, -0.207397461, 0.426147461, 0.340659269, 0.34810566, 0.873340759, 0, -0, 0, 0, 0, 0, 0, 0.376341064, -0.108295508, -0.135930762, -0.305930236, 0.312067479, -0.899372539, -0.262451172, -0.935668945, -0.235351562, -0.915042876, 0.164134313, 0.368212153, 0, 3, 5, 1, 
798.722477, 66, 0.1, 0.1, -0.0114718512, 0.361821688, -0.0199718835, 0.919488052, 3.54425231e-006, 0.39311795, 0.39311795, -1.31493511e-005, -0.919488052, 1.91034829e-006, 1, -1.34839804e-005, 0.919488015, 1.01786263e-005, 0.393118036, 0.393118036, -9.45315321e-006, -0.919488015, -5.64291984e-006, 1, -1.26934626e-005, 0, 0, 0, 0, 0, 0, 0, 0.350908691, -0.135519922, -0.148931543, -0.329550644, 0.914098464, -0.23591279, -0.880493164, -0.207397461, 0.426147461, 0.340659269, 0.34810566, 0.873340759, 0, -0, 0, 0, 0, 0, 0, 0.376341064, -0.108295508, -0.135930762, -0.305930236, 0.312067479, -0.899372539, -0.262451172, -0.935668945, -0.235351562, -0.915042876, 0.164134313, 0.368212153, 0, 3, 5, 1, 
798.723244, 66, 0.1, 0.1, -0.0114718499, 0.361821687, -0.0199680285, 0.91948825, -2.06791247e-005, 0.393117486, 0.393117486, -1.33190674e-005, -0.91948825, 2.42501704e-005, 1, -4.11740047e-006, 0.919488204, -4.09788255e-006, 0.393117593, 0.393117593, 1.50433795e-005, -0.919488204, -2.14586247e-006, 1, 1.54431597e-005, 0, 0, 0, 0, 0, 0, 0, 0.350908691, -0.135519922, -0.148931543, -0.329550644, 0.914098464, -0.23591279, -0.880493164, -0.207397461, 0.426147461, 0.340659269, 0.34810566, 0.873340759, 0, -0, 0, 0, 0, 0, 0, 0.376341064, -0.108295508, -0.135930762, -0.305930236, 0.312067479, -0.899372539, -0.262451172, -0.935668945, -0.235351562, -0.915042876, 0.164134313, 0.368212153, 0, 3, 5, 1, 
798.724015, 66, 0.1, 0.1, -0.0114718477, 0.361821685, -0.0199632613, 0.919488468, 2.23374968e-005, 0.393116976, 0.393116975, 2.85200812e-005, -0.919488468, -3.17507988e-005, 0.999999999, 1.74426366e-005, 0.919488411, 5.52271488e-006, 0.39311711, 0.39311711, 2.86294082e-005, -0.91948841, -1.63327826e-005, 1, 2.41533354e-005, 0, 0, 0, 0, 0, 0, 0, 0.352044263, -0.135448169, -0.147839868, -0.337549652, 0.910964832, -0.23646433, -0.879760742, -0.216064453, 0.423339844, 0.334634263, 0.350950226, 0.874540442, 0, -0, 0, 0, 0, 0, 0, 0.376341064, -0.108295508, -0.135930762, -0.307259457, 0.312603025, -0.898727251, -0.255859375, -0.936767578, -0.23840332, -0.91641001, 0.156703296, 0.367911748, 0, 3, 5, 1, 
798.724703, 66, 0.1, 0.1, -0.011471851, 0.361821689, -0.0199610511, 0.919488817, 5.17186322e-006, 0.393116161, 0.393116161, -3.1441063e-005, -0.919488816, 7.60451963e-006, 0.999999999, -3.09428489e-005, 0.919488739, 7.60398287e-006, 0.393116342, 0.393116342, -4.29203005e-005, -0.919488738, 9.88089492e-006, 0.999999999, -4.24539829e-005, 0, 0, 0, 0, 0, 0, 0, 0.352044263, -0.135448169, -0.147839868, -0.337549652, 0.910964832, -0.23646433, -0.879760742, -0.216064453, 0.423339844, 0.334634263, 0.350950226, 0.874540442, 0, -0, 0, 0, 0, 0, 0, 0.377117334, -0.108416357, -0.135224658, -0.307259457, 0.312603025, -0.898727251, -0.255859375, -0.936767578, -0.23840332, -0.91641001, 0.156703296, 0.367911748, 0, 3, 5, 1, 
798.725388, 66, 0.1, 0.1, -0.0114718491, 0.361821683, -0.0199616038, 0.919489116, -8.22161864e-006, 0.393115461, 0.393115461, 5.04377352e-005, -0.919489115, -1.22681647e-005, 0.999999999, 4.96089939e-005, 0.919489063, -2.2159808e-005, 0.393115584, 0.393115585, 5.06833549e-005, -0.919489062, 4.51284391e-007, 0.999999998, 5.53141564e-005, 0, 0, 0, 0, 0, 0, 0, 0.352044263, -0.135448169, -0.147839868, -0.337549652, 0.910964832, -0.23646433, -0.879760742, -0.216064453, 0.423339844, 0.334634263, 0.350950226, 0.874540442, 0, -0, 0, 0, 0, 0, 0, 0.377117334, -0.108416357, -0.135224658, -0.307259457, 0.312603025, -0.898727251, -0.255859375, -0.936767578, -0.23840332, -0.91641001, 0.156703296, 0.367911748, 0, 3, 5, 1, 
