time, trialNum, realDorsalTactorPos, realVentralTactorPos, boxPosX, boxPosY, boxPosZ, boxLocalRot_11, boxLocalRot_12, boxLocalRot_13, boxLocalRot_21, boxLocalRot_22, boxLocalRot_23, boxLocalRot_31, boxLocalRot_32, boxLocalRot_33, boxGlobalRot_11, boxGlobalRot_12, boxGlobalRot_13, boxGlobalRot_21, boxGlobalRot_22, boxGlobalRot_23, boxGlobalRot_31, boxGlobalRot_32, boxGlobalRot_33, indexForceX, indexForceY, indexForceZ, indexForceGlobalX, indexForceGlobalY, indexForceGlobalZ, indexContact, indexPosX, indexPosY, indexPosZ, indexRot_11, indexRot_12, indexRot_13, indexRot_21, indexRot_22, indexRot_23, indexRot_31, indexRot_32, indexRot_33, thumbForceX, thumbForceY, thumbForceZ, thumbForceGlobalX, thumbForceGlobalY, thumbForceGlobalZ, thumbContact, thumbPosX, thumbPosY, thumbPosZ, thumbRot_11, thumbRot_12, thumbRot_13, thumbRot_21, thumbRot_22, thumbRot_23, thumbRot_31, thumbRot_32, thumbRot_33, manipForceTooHigh, cceExpType, mapping, trialSuccess, 
431.997263, 56, 0.1, 0.1, 0.0178590589, 0.359041463, -0.0349343845, 0.93017427, -0.367118273, -4.20553884e-005, 0.367118273, 0.93017427, -1.06254173e-005, 4.30196251e-005, -5.55581177e-006, 0.999999999, 0.930174193, -0.36711847, -1.5602981e-005, 0.36711847, 0.930174192, -3.05252577e-005, 2.57198761e-005, 2.26656645e-005, 0.999999999, 0, 0, 0, 0, 0, 0, 0, 0.2671052, -0.179833862, -0.183708008, -0.528468487, 0.59248161, -0.607995591, -0.802124023, -0.114135742, 0.5859375, 0.277864114, 0.79738157, 0.53578996, 0, 0, -0, 0, 0, 0, 0, 0.337038477, -0.126196094, -0.154728174, -0.0544579172, 0.438732893, -0.89691618, 0.511352539, -0.759277344, -0.40246582, -0.857558164, -0.48045354, -0.183012668, 0, 2, 1, 1, 
432.014445, 56, 0.1, 0.1, 0.0178591837, 0.35904153, -0.0349544045, 0.930174871, -0.367116752, 1.22439064e-005, 0.367116752, 0.930174871, -8.40745008e-006, -8.30245832e-006, 1.2315342e-005, 1, 0.93017488, -0.367116729, -9.6193678e-006, 0.367116729, 0.93017488, -2.5860048e-007, 9.04263085e-006, -3.29088718e-006, 1, 0, 0, 0, 0, 0, 0, 0, 0.271390845, -0.187112207, -0.178278516, -0.553002824, 0.576214364, -0.601842904, -0.790161133, -0.133666992, 0.598144531, 0.264199917, 0.806261237, 0.529377425, 0, 0, -0, 0, 0, 0, 0, 0.340610107, -0.131188818, -0.149707959, -0.0752791902, 0.432071096, -0.898646053, 0.529174805, -0.746459961, -0.403320312, -0.845140186, -0.505825008, -0.172393127, 0, 2, 1, 1, 
432.015163, 56, 0.1, 0.1, 0.0178591831, 0.35904154, -0.0349603658, 0.930174817, -0.367116888, -1.37759997e-005, 0.367116889, 0.930174817, 9.83206524e-006, 9.20457076e-006, -1.42029416e-005, 1, 0.930174828, -0.36711686, -4.12527586e-006, 0.36711686, 0.930174828, 4.6403548e-006, 2.13367527e-006, -5.83079955e-006, 1, 0, 0, 0, 0, 0, 0, 0, 0.271709155, -0.188761816, -0.176905615, -0.55553474, 0.574438054, -0.601063334, -0.788208008, -0.133911133, 0.600585938, 0.264600933, 0.807531313, 0.527276482, 0, 0, -0, 0, 0, 0, 0, 0.340610107, -0.131188818, -0.149707959, -0.079170238, 0.430236946, -0.899137489, 0.529785156, -0.745849609, -0.403564453, -0.844321724, -0.508227154, -0.16888524, 0, 2, 1, 1, 
432.015854, 56, 0.1, 0.1, 0.0178591834, 0.359041548, -0.0349681386, 0.930174771, -0.367117003, 1.85536066e-005, 0.367117004, 0.930174772, -3.49299381e-006, -1.59757594e-005, 1.00604392e-005, 1, 0.93017478, -0.367116982, 1.8517407e-005, 0.367116982, 0.93017478, -3.13550978e-006, -1.60733261e-005, 9.71462669e-006, 1, 0, 0, 0, 0, 0, 0, 0, 0.271709155, -0.188761816, -0.176905615, -0.55553474, 0.574438054, -0.601063334, -0.788208008, -0.133911133, 0.600585938, 0.264600933, 0.807531313, 0.527276482, 0, 0, -0, 0, 0, 0, 0, 0.340593115, -0.132476904, -0.14877373, -0.079170238, 0.430236946, -0.899137489, 0.529785156, -0.745849609, -0.403564453, -0.844321724, -0.508227154, -0.16888524, 0, 2, 1, 1, 
432.016545, 56, 0.1, 0.1, 0.0178591867, 0.359041555, -0.0349756564, 0.930174732, -0.367117104, -5.02077312e-006, 0.367117104, 0.930174732, 2.41640575e-006, 3.78309241e-006, -4.09089126e-006, 1, 0.93017474, -0.367117083, -9.79081608e-006, 0.367117083, 0.93017474, 5.57826178e-006, 7.05929461e-006, -8.78313404e-006, 1, 0, 0, 0, 0, 0, 0, 0, 0.271709155, -0.188761816, -0.176905615, -0.55553474, 0.574438054, -0.601063334, -0.788208008, -0.133911133, 0.600585938, 0.264600933, 0.807531313, 0.527276482, 0, 0, -0, 0, 0, 0, 0, 0.340593115, -0.132476904, -0.14877373, -0.079170238, 0.430236946, -0.899137489, 0.529785156, -0.745849609, -0.403564453, -0.844321724, -0.508227154, -0.16888524, 0, 2, 1, 1, 
432.017236, 56, 0.1, 0.1, 0.0178591873, 0.359041564, -0.0349808923, 0.930174693, -0.367117201, -4.71830995e-006, 0.367117201, 0.930174694, -1.57357564e-006, 4.96653919e-006, -2.68472509e-007, 1, 0.9301747, -0.367117184, 4.27200145e-006, 0.367117184, 0.9301747, -5.05875338e-006, -2.11655237e-006, 6.27384955e-006, 1, 0, 0, 0, 0, 0, 0, 0, 0.271709155, -0.188761816, -0.176905615, -0.55553474, 0.574438054, -0.601063334, -0.788208008, -0.133911133, 0.600585938, 0.264600933, 0.807531313, 0.527276482, 0, 0, -0, 0, 0, 0, 0, 0.340593115, -0.132476904, -0.14877373, -0.079170238, 0.430236946, -0.899137489, 0.529785156, -0.745849609, -0.403564453, -0.844321724, -0.508227154, -0.16888524, 0, 2, 1, 1, 
432.017924, 56, 0.1, 0.1, 0.0178591905, 0.359041573, -0.0349825975, 0.930174661, -0.367117284, 6.20205298e-006, 0.367117284, 0.930174661, -6.3604463e-006, -3.43396276e-006, 8.19320682e-006, 1, 0.930174667, -0.367117268, 2.56434897e-006, 0.367117268, 0.930174667, -5.01004194e-006, -5.46019544e-007, 5.60163089e-006, 1, 0, 0, 0, 0, 0, 0, 0, 0.271709155, -0.188761816, -0.176905615, -0.55553474, 0.574438054, -0.601063334, -0.788208008, -0.133911133, 0.600585938, 0.264600933, 0.807531313, 0.527276482, 0, 0, -0, 0, 0, 0, 0, 0.340593115, -0.132476904, -0.14877373, -0.079170238, 0.430236946, -0.899137489, 0.529785156, -0.745849609, -0.403564453, -0.844321724, -0.508227154, -0.16888524, 0, 2, 1, 1, 
432.018617, 56, 0.1, 0.1, 0.0178591923, 0.35904158, -0.0349804735, 0.930174641, -0.367117334, 1.45433924e-007, 0.367117334, 0.930174641, 7.16203063e-006, -2.76458454e-006, -6.60854796e-006, 1, 0.930174642, -0.367117331, 2.62560173e-007, 0.367117331, 0.930174642, 7.5512611e-006, -3.01642563e-006, -6.9276012e-006, 1, 0, 0, 0, 0, 0, 0, 0, 0.271709155, -0.188761816, -0.176905615, -0.55553474, 0.574438054, -0.601063334, -0.788208008, -0.133911133, 0.600585938, 0.264600933, 0.807531313, 0.527276482, 0, 0, -0, 0, 0, 0, 0, 0.340593115, -0.132476904, -0.14877373, -0.079170238, 0.430236946, -0.899137489, 0.529785156, -0.745849609, -0.403564453, -0.844321724, -0.508227154, -0.16888524, 0, 2, 1, 1, 
432.019314, 56, 0.1, 0.1, 0.0178591939, 0.359041589, -0.0349753468, 0.930174616, -0.367117397, -1.39375727e-006, 0.367117397, 0.930174616, -2.08994532e-006, 2.06369292e-006, 1.43234154e-006, 1, 0.930174623, -0.36711738, 4.99425228e-006, 0.36711738, 0.930174623, -5.6224239e-006, -2.5814372e-006, 7.06331284e-006, 1, 0, 0, 0, 0, 0, 0, 0, 0.271709155, -0.188761816, -0.176905615, -0.55553474, 0.574438054, -0.601063334, -0.788208008, -0.133911133, 0.600585938, 0.264600933, 0.807531313, 0.527276482, 0, 0, -0, 0, 0, 0, 0, 0.340593115, -0.132476904, -0.14877373, -0.079170238, 0.430236946, -0.899137489, 0.529785156, -0.745849609, -0.403564453, -0.844321724, -0.508227154, -0.16888524, 0, 2, 1, 1, 
432.020031, 56, 0.1, 0.1, 0.0178591971, 0.359041595, -0.0349685292, 0.930174612, -0.367117408, -1.48068681e-007, 0.367117408, 0.930174612, -7.37720524e-006, 2.84603019e-006, 6.80773043e-006, 1, 0.930174615, -0.3671174, -4.76633355e-006, 0.3671174, 0.930174615, 3.47131267e-006, 3.15914319e-006, -4.97873091e-006, 1, 0, 0, 0, 0, 0, 0, 0, 0.271973999, -0.190468433, -0.175768774, -0.559063396, 0.571513357, -0.60049981, -0.785888672, -0.134521484, 0.603515625, 0.264171082, 0.809354051, 0.524591798, 0, 0, -0, 0, 0, 0, 0, 0.341085596, -0.133966504, -0.147858057, -0.0820645533, 0.428607319, -0.899673768, 0.530395508, -0.745483398, -0.403564453, -0.843643988, -0.510239575, -0.166118523, 0, 2, 1, 1, 
432.020723, 56, 0.1, 0.1, 0.0178591989, 0.359041602, -0.0349625907, 0.930174588, -0.367117468, -2.11301289e-006, 0.367117468, 0.930174588, 1.60662342e-005, -3.93272432e-006, -1.57201267e-005, 1, 0.930174587, -0.367117472, -6.09100123e-006, 0.367117472, 0.930174586, 7.88248149e-006, 2.77189787e-006, -9.56819694e-006, 1, 0, 0, 0, 0, 0, 0, 0, 0.271973999, -0.190468433, -0.175768774, -0.559063396, 0.571513357, -0.60049981, -0.785888672, -0.134521484, 0.603515625, 0.264171082, 0.809354051, 0.524591798, 0, 0, -0, 0, 0, 0, 0, 0.341085596, -0.133966504, -0.147858057, -0.0820645533, 0.428607319, -0.899673768, 0.530395508, -0.745483398, -0.403564453, -0.843643988, -0.510239575, -0.166118523, 0, 2, 1, 1, 
432.021414, 56, 0.1, 0.1, 0.0178592001, 0.359041611, -0.0349591829, 0.930174575, -0.367117501, 9.63298013e-006, 0.367117501, 0.930174575, -1.19858313e-005, -4.56014478e-006, 1.46853511e-005, 1, 0.930174583, -0.367117482, 9.91582912e-006, 0.367117482, 0.930174583, -1.26180764e-005, -4.5911358e-006, 1.53772881e-005, 1, 0, 0, 0, 0, 0, 0, 0, 0.271973999, -0.190468433, -0.175768774, -0.559063396, 0.571513357, -0.60049981, -0.785888672, -0.134521484, 0.603515625, 0.264171082, 0.809354051, 0.524591798, 0, 0, -0, 0, 0, 0, 0, 0.341085596, -0.133966504, -0.147858057, -0.0820645533, 0.428607319, -0.899673768, 0.530395508, -0.745483398, -0.403564453, -0.843643988, -0.510239575, -0.166118523, 0, 2, 1, 1, 
432.022116, 56, 0.1, 0.1, 0.0178592031, 0.359041616, -0.0349591112, 0.930174573, -0.367117507, -4.73615527e-006, 0.367117507, 0.930174573, 4.7582271e-006, 2.65862274e-006, -6.16470737e-006, 1, 0.930174569, -0.367117516, -8.35921619e-007, 0.367117516, 0.930174569, 1.58015452e-005, -5.02347098e-006, -1.50050769e-005, 1, 0, 0, 0, 0, 0, 0, 0, 0.271973999, -0.190468433, -0.175768774, -0.561925935, 0.567637225, -0.601491681, -0.784057617, -0.134155273, 0.605957031, 0.263264952, 0.812192624, 0.520670361, 0, 0, -0, 0, 0, 0, 0, 0.341085596, -0.133966504, -0.147858057, -0.0820645533, 0.428607319, -0.899673768, 0.530395508, -0.745483398, -0.403564453, -0.843643988, -0.510239575, -0.166118523, 0, 2, 1, 1, 
432.022816, 56, 0.1, 0.1, 0.0178592036, 0.359041626, -0.0349619185, 0.930174544, -0.367117581, -2.65590061e-006, 0.367117581, 0.930174544, 3.91229536e-006, 1.03417873e-006, -4.61414536e-006, 1, 0.930174547, -0.367117573, 2.12616526e-006, 0.367117573, 0.930174547, -9.15481642e-006, 1.38318919e-006, 9.29612985e-006, 1, 0, 0, 0, 0, 0, 0, 0, 0.272494678, -0.192443823, -0.174045459, -0.561925935, 0.567637225, -0.601491681, -0.784057617, -0.134155273, 0.605957031, 0.263264952, 0.812192624, 0.520670361, 0, 0, -0, 0, 0, 0, 0, 0.341394385, -0.135707178, -0.146740625, -0.0841539001, 0.426268606, -0.900599772, 0.530151367, -0.74609375, -0.402587891, -0.843618101, -0.511344583, -0.163147282, 0, 2, 1, 1, 
432.023507, 56, 0.1, 0.1, 0.0178592069, 0.359041633, -0.0349668384, 0.930174555, -0.367117553, -1.07749242e-005, 0.367117553, 0.930174555, -1.78681839e-005, 1.65822842e-005, 1.26648662e-005, 1, 0.930174553, -0.367117558, -8.15022893e-006, 0.367117558, 0.930174553, -1.04475446e-005, 1.14166126e-005, 6.725948e-006, 1, 0, 0, 0, 0, 0, 0, 0, 0.272494678, -0.192443823, -0.174045459, -0.561925935, 0.567637225, -0.601491681, -0.784057617, -0.134155273, 0.605957031, 0.263264952, 0.812192624, 0.520670361, 0, 0, -0, 0, 0, 0, 0, 0.341394385, -0.135707178, -0.146740625, -0.0841539001, 0.426268606, -0.900599772, 0.530151367, -0.74609375, -0.402587891, -0.843618101, -0.511344583, -0.163147282, 0, 2, 1, 1, 
432.024199, 56, 0.1, 0.1, 0.0178592091, 0.359041641, -0.034972335, 0.93017456, -0.367117539, 6.69566643e-006, 0.367117539, 0.93017456, 1.00251523e-005, -9.90854781e-006, -6.86704502e-006, 1, 0.930174559, -0.367117543, 5.66058714e-006, 0.367117543, 0.930174559, 9.78975537e-006, -8.85932508e-006, -7.02808054e-006, 1, 0, 0, 0, 0, 0, 0, 0, 0.272494678, -0.192443823, -0.174045459, -0.561925935, 0.567637225, -0.601491681, -0.784057617, -0.134155273, 0.605957031, 0.263264952, 0.812192624, 0.520670361, 0, 0, -0, 0, 0, 0, 0, 0.341394385, -0.135707178, -0.146740625, -0.0841539001, 0.426268606, -0.900599772, 0.530151367, -0.74609375, -0.402587891, -0.843618101, -0.511344583, -0.163147282, 0, 2, 1, 1, 
432.024888, 56, 0.1, 0.1, 0.0178592108, 0.35904165, -0.0349767271, 0.930174569, -0.367117518, 1.58448236e-006, 0.367117518, 0.930174569, -6.04950236e-006, 7.47033097e-007, 6.20878448e-006, 1, 0.930174567, -0.367117522, -9.91222752e-007, 0.367117522, 0.930174567, -1.2034356e-005, 5.34003313e-006, 1.08301566e-005, 1, 0, 0, 0, 0, 0, 0, 0, 0.272494678, -0.192443823, -0.174045459, -0.561925935, 0.567637225, -0.601491681, -0.784057617, -0.134155273, 0.605957031, 0.263264952, 0.812192624, 0.520670361, 0, 0, -0, 0, 0, 0, 0, 0.341394385, -0.135707178, -0.146740625, -0.0841539001, 0.426268606, -0.900599772, 0.530151367, -0.74609375, -0.402587891, -0.843618101, -0.511344583, -0.163147282, 0, 2, 1, 1, 
432.025577, 56, 0.1, 0.1, 0.0178592108, 0.359041655, -0.0349788684, 0.930174574, -0.367117504, 7.06403428e-007, 0.367117504, 0.930174574, -2.71875147e-006, 3.41022745e-007, 2.78824655e-006, 1, 0.930174574, -0.367117505, 5.40292199e-006, 0.367117505, 0.930174574, 6.33687402e-006, -7.35203804e-006, -3.91089185e-006, 1, 0, 0, 0, 0, 0, 0, 0, 0.272494678, -0.192443823, -0.174045459, -0.561925935, 0.567637225, -0.601491681, -0.784057617, -0.134155273, 0.605957031, 0.263264952, 0.812192624, 0.520670361, 0, 0, -0, 0, 0, 0, 0, 0.341394385, -0.135707178, -0.146740625, -0.0841539001, 0.426268606, -0.900599772, 0.530151367, -0.74609375, -0.402587891, -0.843618101, -0.511344583, -0.163147282, 0, 2, 1, 1, 
432.026266, 56, 0.1, 0.1, 0.0178592121, 0.359041663, -0.0349782871, 0.930174588, -0.367117468, 9.47871117e-006, 0.367117468, 0.930174588, 1.77439928e-006, -9.46826923e-006, 1.82929932e-006, 1, 0.930174582, -0.367117484, 5.60374507e-006, 0.367117484, 0.930174582, 3.3664295e-006, -6.44833635e-006, -1.07413436e-006, 1, 0, 0, 0, 0, 0, 0, 0, 0.272494678, -0.192443823, -0.174045459, -0.561925935, 0.567637225, -0.601491681, -0.784057617, -0.134155273, 0.605957031, 0.263264952, 0.812192624, 0.520670361, 0, 0, -0, 0, 0, 0, 0, 0.341394385, -0.135707178, -0.146740625, -0.0841539001, 0.426268606, -0.900599772, 0.530151367, -0.74609375, -0.402587891, -0.843618101, -0.511344583, -0.163147282, 0, 2, 1, 1, 
432.026972, 56, 0.1, 0.1, 0.0178592152, 0.35904167, -0.0349751335, 0.9301746, -0.367117438, -7.02568487e-006, 0.367117438, 0.9301746, -1.03699919e-005, 1.03421185e-005, 7.06665163e-006, 1, 0.930174603, -0.36711743, -1.02851745e-005, 0.36711743, 0.930174603, -3.32157683e-006, 1.07864168e-005, -6.86220416e-007, 1, 0, 0, 0, 0, 0, 0, 0, 0.27384021, -0.193576416, -0.172764722, -0.565926, 0.562777458, -0.602495534, -0.782714844, -0.137084961, 0.607055664, 0.259078415, 0.815063399, 0.518233925, 0, 0, -0, 0, 0, 0, 0, 0.341394385, -0.135707178, -0.146740625, -0.0841539001, 0.426268606, -0.900599772, 0.530151367, -0.74609375, -0.402587891, -0.843618101, -0.511344583, -0.163147282, 0, 2, 1, 1, 
432.027676, 56, 0.1, 0.1, 0.0178592162, 0.359041676, -0.0349703685, 0.930174536, -0.3671176, -4.1337708e-006, 0.3671176, 0.930174536, 1.58083203e-005, -1.95838428e-006, -1.6222077e-005, 1, 0.930174556, -0.36711755, 3.66798483e-006, 0.36711755, 0.930174556, 1.27518252e-005, -8.09328499e-006, -1.05148417e-005, 1, 0, 0, 0, 0, 0, 0, 0, 0.27384021, -0.193576416, -0.172764722, -0.565926, 0.562777458, -0.602495534, -0.782714844, -0.137084961, 0.607055664, 0.259078415, 0.815063399, 0.518233925, 0, 0, -0, 0, 0, 0, 0, 0.342378516, -0.136790576, -0.145623682, -0.0866519279, 0.424389613, -0.901155374, 0.532348633, -0.744873047, -0.401977539, -0.842039514, -0.514487898, -0.161364538, 0, 2, 1, 1, 
432.028365, 56, 0.1, 0.1, 0.0178592208, 0.359041683, -0.0349659102, 0.930174387, -0.367117978, 7.8511595e-006, 0.367117978, 0.930174387, -2.37411333e-006, -6.43136779e-006, 5.09064122e-006, 1, 0.930174423, -0.367117886, -3.56291927e-006, 0.367117886, 0.930174423, -8.09429532e-006, 6.28569696e-006, 6.22109509e-006, 1, 0, 0, 0, 0, 0, 0, 0, 0.27384021, -0.193576416, -0.172764722, -0.565926, 0.562777458, -0.602495534, -0.782714844, -0.137084961, 0.607055664, 0.259078415, 0.815063399, 0.518233925, 0, 0, -0, 0, 0, 0, 0, 0.342378516, -0.136790576, -0.145623682, -0.0866519279, 0.424389613, -0.901155374, 0.532348633, -0.744873047, -0.401977539, -0.842039514, -0.514487898, -0.161364538, 0, 2, 1, 1, 
432.029054, 56, 0.1, 0.1, 0.0178592225, 0.359041689, -0.0349629021, 0.930174203, -0.367118445, -1.58457817e-005, 0.367118445, 0.930174203, -2.73049736e-007, 1.4839579e-005, -5.56329492e-006, 1, 0.930174232, -0.367118372, -7.46351183e-006, 0.367118372, 0.930174232, -4.85901939e-006, 8.72620167e-006, 1.77974232e-006, 1, 0, 0, 0, 0, 0, 0, 0, 0.27384021, -0.193576416, -0.172764722, -0.565926, 0.562777458, -0.602495534, -0.782714844, -0.137084961, 0.607055664, 0.259078415, 0.815063399, 0.518233925, 0, 0, -0, 0, 0, 0, 0, 0.342378516, -0.136790576, -0.145623682, -0.0866519279, 0.424389613, -0.901155374, 0.532348633, -0.744873047, -0.401977539, -0.842039514, -0.514487898, -0.161364538, 0, 2, 1, 1, 
432.029743, 56, 0.1, 0.1, 0.0178592224, 0.359041698, -0.0349621048, 0.930174071, -0.367118778, 1.93960566e-005, 0.367118778, 0.930174071, -8.12559096e-006, -1.50586519e-005, 1.46788706e-005, 1, 0.930174097, -0.367118713, 1.99940814e-005, 0.367118713, 0.930174097, -1.02035404e-005, -1.4852066e-005, 1.68312704e-005, 1, 0, 0, 0, 0, 0, 0, 0, 0.27384021, -0.193576416, -0.172764722, -0.565926, 0.562777458, -0.602495534, -0.782714844, -0.137084961, 0.607055664, 0.259078415, 0.815063399, 0.518233925, 0, 0, -0, 0, 0, 0, 0, 0.342378516, -0.136790576, -0.145623682, -0.0866519279, 0.424389613, -0.901155374, 0.532348633, -0.744873047, -0.401977539, -0.842039514, -0.514487898, -0.161364538, 0, 2, 1, 1, 
432.030431, 56, 0.1, 0.1, 0.0178592269, 0.359041702, -0.0349636541, 0.930173948, -0.367119089, -8.12557304e-006, 0.367119089, 0.930173948, 8.52040145e-006, 4.43019434e-006, -1.09085084e-005, 1, 0.930173971, -0.36711903, -1.64224054e-005, 0.367119031, 0.930173971, 1.1799538e-005, 1.09438591e-005, -1.70046006e-005, 1, 0, 0, 0, 0, 0, 0, 0, 0.27384021, -0.193576416, -0.172764722, -0.565926, 0.562777458, -0.602495534, -0.782714844, -0.137084961, 0.607055664, 0.259078415, 0.815063399, 0.518233925, 0, 0, -0, 0, 0, 0, 0, 0.342378516, -0.136790576, -0.145623682, -0.0866519279, 0.424389613, -0.901155374, 0.532348633, -0.744873047, -0.401977539, -0.842039514, -0.514487898, -0.161364538, 0, 2, 1, 1, 
432.031119, 56, 0.1, 0.1, 0.0178592262, 0.359041708, -0.0349669337, 0.930173841, -0.367119361, -9.27697356e-006, 0.367119361, 0.930173841, 7.57312996e-006, 5.84895551e-006, -1.0450084e-005, 1, 0.930173861, -0.36711931, 6.64270633e-006, 0.36711931, 0.930173861, 1.31324109e-006, -6.66098796e-006, 1.21712322e-006, 1, 0, 0, 0, 0, 0, 0, 0, 0.27384021, -0.193576416, -0.172764722, -0.565926, 0.562777458, -0.602495534, -0.782714844, -0.137084961, 0.607055664, 0.259078415, 0.815063399, 0.518233925, 0, 0, -0, 0, 0, 0, 0, 0.342378516, -0.136790576, -0.145623682, -0.0866519279, 0.424389613, -0.901155374, 0.532348633, -0.744873047, -0.401977539, -0.842039514, -0.514487898, -0.161364538, 0, 2, 1, 1, 
432.031832, 56, 0.1, 0.1, 0.0178592304, 0.359041714, -0.0349709317, 0.930173737, -0.367119625, 9.32490725e-006, 0.367119625, 0.930173737, -6.6646545e-006, -6.22705837e-006, 9.62264304e-006, 1, 0.930173758, -0.367119571, 2.69313031e-006, 0.367119571, 0.930173758, -2.36991871e-006, -1.6350356e-006, 3.19313704e-006, 1, 0, 0, 0, 0, 0, 0, 0, 0.274830566, -0.194805298, -0.171422461, -0.568256095, 0.560499781, -0.602388071, -0.781616211, -0.139160156, 0.607910156, 0.256852035, 0.816289291, 0.517351761, 0, 0, -0, 0, 0, 0, 0, 0.342378516, -0.136790576, -0.145623682, -0.0882618649, 0.423539435, -0.901487496, 0.534057617, -0.743774414, -0.401733398, -0.840735813, -0.516909367, -0.160540246, 0, 2, 1, 1, 
432.032519, 56, 0.1, 0.1, 0.0178592317, 0.35904172, -0.0349740428, 0.930173665, -0.367119807, -3.75607928e-007, 0.367119807, 0.930173665, 7.11110042e-006, -2.26124521e-006, -6.75245145e-006, 1, 0.930173676, -0.36711978, 3.03933798e-008, 0.36711978, 0.930173676, 8.07484058e-006, -2.99270482e-006, -7.49984613e-006, 1, 0, 0, 0, 0, 0, 0, 0, 0.274830566, -0.194805298, -0.171422461, -0.568256095, 0.560499781, -0.602388071, -0.781616211, -0.139160156, 0.607910156, 0.256852035, 0.816289291, 0.517351761, 0, 0, -0, 0, 0, 0, 0, 0.343415625, -0.137790723, -0.144288867, -0.0882618649, 0.423539435, -0.901487496, 0.534057617, -0.743774414, -0.401733398, -0.840735813, -0.516909367, -0.160540246, 0, 2, 1, 1, 
432.033218, 56, 0.1, 0.1, 0.0178592327, 0.359041729, -0.0349757553, 0.930173593, -0.36711999, 6.16001001e-006, 0.36711999, 0.930173593, -5.89693049e-006, -3.56499758e-006, 7.74663183e-006, 1, 0.930173609, -0.367119949, 4.38935672e-006, 0.367119949, 0.930173609, -1.17107911e-005, 2.1640126e-007, 1.25044893e-005, 1, 0, 0, 0, 0, 0, 0, 0, 0.274830566, -0.194805298, -0.171422461, -0.568256095, 0.560499781, -0.602388071, -0.781616211, -0.139160156, 0.607910156, 0.256852035, 0.816289291, 0.517351761, 0, 0, -0, 0, 0, 0, 0, 0.343415625, -0.137790723, -0.144288867, -0.0882618649, 0.423539435, -0.901487496, 0.534057617, -0.743774414, -0.401733398, -0.840735813, -0.516909367, -0.160540246, 0, 2, 1, 1, 
432.033907, 56, 0.1, 0.1, 0.0178592346, 0.359041735, -0.0349755693, 0.930173496, -0.367120235, 3.32828282e-006, 0.367120235, 0.930173496, -7.55058118e-006, -3.23909332e-007, 8.24523047e-006, 1, 0.930173513, -0.367120192, 8.97491856e-007, 0.367120192, 0.930173513, 7.11768364e-007, -1.09612769e-006, -3.32580698e-007, 1, 0, 0, 0, 0, 0, 0, 0, 0.274830566, -0.194805298, -0.171422461, -0.568256095, 0.560499781, -0.602388071, -0.781616211, -0.139160156, 0.607910156, 0.256852035, 0.816289291, 0.517351761, 0, 0, -0, 0, 0, 0, 0, 0.343415625, -0.137790723, -0.144288867, -0.0882618649, 0.423539435, -0.901487496, 0.534057617, -0.743774414, -0.401733398, -0.840735813, -0.516909367, -0.160540246, 0, 2, 1, 1, 
432.03461, 56, 0.1, 0.1, 0.0178592355, 0.359041742, -0.0349736333, 0.930173434, -0.367120393, 6.58843888e-006, 0.367120393, 0.930173434, 1.32751856e-005, -1.10019822e-005, -9.92947468e-006, 1, 0.930173445, -0.367120364, 5.40966916e-006, 0.367120364, 0.930173445, 7.53178468e-006, -7.79700214e-006, -5.01986639e-006, 1, 0, 0, 0, 0, 0, 0, 0, 0.274830566, -0.194805298, -0.171422461, -0.568256095, 0.560499781, -0.602388071, -0.781616211, -0.139160156, 0.607910156, 0.256852035, 0.816289291, 0.517351761, 0, 0, -0, 0, 0, 0, 0, 0.344196289, -0.138774268, -0.143158984, -0.0903574083, 0.422932061, -0.901589574, 0.535766602, -0.742431641, -0.402099609, -0.839483151, -0.519305316, -0.159569034, 0, 2, 1, 1, 
432.035307, 56, 0.1, 0.1, 0.0178592387, 0.359041749, -0.0349706376, 0.930173374, -0.367120544, -1.00007859e-005, 0.367120544, 0.930173374, -1.29767895e-005, 1.40665107e-005, 8.39917008e-006, 1, 0.930173385, -0.367120516, -9.78431927e-006, 0.367120516, 0.930173385, -1.37468208e-005, 1.41478533e-005, 9.19490251e-006, 1, 0, 0, 0, 0, 0, 0, 0, 0.274830566, -0.194805298, -0.171422461, -0.568256095, 0.560499781, -0.602388071, -0.781616211, -0.139160156, 0.607910156, 0.256852035, 0.816289291, 0.517351761, 0, 0, -0, 0, 0, 0, 0, 0.344196289, -0.138774268, -0.143158984, -0.0903574083, 0.422932061, -0.901589574, 0.535766602, -0.742431641, -0.402099609, -0.839483151, -0.519305316, -0.159569034, 0, 2, 1, 1, 
432.035996, 56, 0.1, 0.1, 0.0178592408, 0.359041752, -0.0349675912, 0.930173323, -0.367120674, -1.2945181e-006, 0.367120674, 0.930173323, 5.84086909e-006, -9.40177592e-007, -5.90826497e-006, 1, 0.930173333, -0.36712065, 1.94022982e-006, 0.36712065, 0.930173332, 1.45524139e-005, -7.14724169e-006, -1.28239689e-005, 1, 0, 0, 0, 0, 0, 0, 0, 0.274830566, -0.194805298, -0.171422461, -0.568256095, 0.560499781, -0.602388071, -0.781616211, -0.139160156, 0.607910156, 0.256852035, 0.816289291, 0.517351761, 0, 0, -0, 0, 0, 0, 0, 0.344196289, -0.138774268, -0.143158984, -0.0903574083, 0.422932061, -0.901589574, 0.535766602, -0.742431641, -0.402099609, -0.839483151, -0.519305316, -0.159569034, 0, 2, 1, 1, 
432.036702, 56, 0.1, 0.1, 0.0178592444, 0.359041762, -0.0349652975, 0.930173274, -0.367120797, 4.48823565e-006, 0.367120797, 0.930173274, 7.50790527e-006, -6.93114501e-006, -5.33592817e-006, 1, 0.930173285, -0.367120769, -4.22312611e-006, 0.367120769, 0.930173285, -9.78484726e-006, 7.52045974e-006, 7.55120622e-006, 1, 0, 0, 0, 0, 0, 0, 0, 0.274830566, -0.194805298, -0.171422461, -0.571183035, 0.558082441, -0.60180433, -0.780517578, -0.142456055, 0.608642578, 0.253978634, 0.817413711, 0.517135714, 0, 0, -0, 0, 0, 0, 0, 0.344196289, -0.138774268, -0.143158984, -0.0903574083, 0.422932061, -0.901589574, 0.535766602, -0.742431641, -0.402099609, -0.839483151, -0.519305316, -0.159569034, 0, 2, 1, 1, 
432.037392, 56, 0.1, 0.1, 0.0178592449, 0.359041768, -0.034964391, 0.93017323, -0.367120909, -5.02777161e-006, 0.367120909, 0.93017323, -1.94156772e-005, 1.18045996e-005, 1.62141431e-005, 1, 0.930173238, -0.367120888, -1.64213542e-006, 0.367120888, 0.930173238, -1.15818462e-005, 5.77940807e-006, 1.01702611e-005, 1, 0, 0, 0, 0, 0, 0, 0, 0.276011694, -0.195818384, -0.170277075, -0.571183035, 0.558082441, -0.60180433, -0.780517578, -0.142456055, 0.608642578, 0.253978634, 0.817413711, 0.517135714, 0, 0, -0, 0, 0, 0, 0, 0.344196289, -0.138774268, -0.143158984, -0.0903574083, 0.422932061, -0.901589574, 0.535766602, -0.742431641, -0.402099609, -0.839483151, -0.519305316, -0.159569034, 0, 2, 1, 1, 
432.038081, 56, 0.1, 0.1, 0.0178592457, 0.359041773, -0.0349651623, 0.930173193, -0.367121004, 6.79000677e-006, 0.367121003, 0.930173193, 1.54895692e-005, -1.20024285e-005, -1.19152279e-005, 1, 0.9301732, -0.367120985, 7.77154175e-006, 0.367120984, 0.9301732, 1.54672852e-005, -1.29072448e-005, -1.15341581e-005, 1, 0, 0, 0, 0, 0, 0, 0, 0.276011694, -0.195818384, -0.170277075, -0.571183035, 0.558082441, -0.60180433, -0.780517578, -0.142456055, 0.608642578, 0.253978634, 0.817413711, 0.517135714, 0, 0, -0, 0, 0, 0, 0, 0.344196289, -0.138774268, -0.143158984, -0.0903574083, 0.422932061, -0.901589574, 0.535766602, -0.742431641, -0.402099609, -0.839483151, -0.519305316, -0.159569034, 0, 2, 1, 1, 
432.038771, 56, 0.1, 0.1, 0.0178592493, 0.359041781, -0.0349672332, 0.930173154, -0.367121101, -6.52790742e-006, 0.367121101, 0.930173154, -6.52544036e-006, 8.46771108e-006, 3.67325688e-006, 1, 0.930173161, -0.367121083, -9.80556596e-006, 0.367121083, 0.930173161, -1.45837998e-005, 1.44748947e-005, 9.96562914e-006, 1, 0, 0, 0, 0, 0, 0, 0, 0.276011694, -0.195818384, -0.170277075, -0.571183035, 0.558082441, -0.60180433, -0.780517578, -0.142456055, 0.608642578, 0.253978634, 0.817413711, 0.517135714, 0, 0, -0, 0, 0, 0, 0, 0.344196289, -0.138774268, -0.143158984, -0.0903574083, 0.422932061, -0.901589574, 0.535766602, -0.742431641, -0.402099609, -0.839483151, -0.519305316, -0.159569034, 0, 2, 1, 1, 
432.039492, 56, 0.1, 0.1, 0.0178592506, 0.359041784, -0.0349697762, 0.930173121, -0.367121185, -4.08758739e-006, 0.367121185, 0.930173121, -5.07994992e-006, 5.66712116e-006, 3.22459295e-006, 1, 0.930173127, -0.367121171, 1.37594677e-006, 0.367121171, 0.930173127, 9.20942509e-006, -4.66084363e-006, -8.06122054e-006, 1, 0, 0, 0, 0, 0, 0, 0, 0.276781494, -0.197031641, -0.169141821, -0.573474938, 0.556128275, -0.601398444, -0.779418945, -0.14453125, 0.60949707, 0.251993389, 0.818341181, 0.51657706, 0, 0, -0, 0, 0, 0, 0, 0.344976953, -0.139971045, -0.142019092, -0.0924529518, 0.422433328, -0.901583011, 0.537353516, -0.741088867, -0.40234375, -0.838230489, -0.521567104, -0.158463659, 0, 2, 1, 1, 
432.04018, 56, 0.1, 0.1, 0.0178592522, 0.35904179, -0.0349719598, 0.93017309, -0.367121264, 8.40457339e-006, 0.367121264, 0.93017309, 1.30927019e-005, -1.26243173e-005, -9.09298141e-006, 1, 0.930173096, -0.367121248, 5.00535287e-006, 0.367121248, 0.930173096, 7.05845464e-006, -7.24715326e-006, -4.72801321e-006, 1, 0, 0, 0, 0, 0, 0, 0, 0.276781494, -0.197031641, -0.169141821, -0.573474938, 0.556128275, -0.601398444, -0.779418945, -0.14453125, 0.60949707, 0.251993389, 0.818341181, 0.51657706, 0, 0, -0, 0, 0, 0, 0, 0.344976953, -0.139971045, -0.142019092, -0.0924529518, 0.422433328, -0.901583011, 0.537353516, -0.741088867, -0.40234375, -0.838230489, -0.521567104, -0.158463659, 0, 2, 1, 1, 
432.040866, 56, 0.1, 0.1, 0.017859253, 0.359041797, -0.0349734316, 0.930173063, -0.367121334, -1.90598288e-006, 0.367121334, 0.930173062, -1.21260997e-005, 6.22464383e-006, 1.05796443e-005, 1, 0.930173068, -0.367121321, -1.85740948e-006, 0.367121321, 0.930173068, -1.25236796e-005, 6.32542206e-006, 1.09672948e-005, 1, 0, 0, 0, 0, 0, 0, 0, 0.276781494, -0.197031641, -0.169141821, -0.573474938, 0.556128275, -0.601398444, -0.779418945, -0.14453125, 0.60949707, 0.251993389, 0.818341181, 0.51657706, 0, 0, -0, 0, 0, 0, 0, 0.344976953, -0.139971045, -0.142019092, -0.0924529518, 0.422433328, -0.901583011, 0.537353516, -0.741088867, -0.40234375, -0.838230489, -0.521567104, -0.158463659, 0, 2, 1, 1, 
432.041553, 56, 0.1, 0.1, 0.017859253, 0.3590418, -0.0349738408, 0.930173038, -0.367121395, 2.78753056e-006, 0.367121395, 0.930173038, 6.19176356e-006, -4.86601465e-006, -4.73604942e-006, 1, 0.930173044, -0.367121382, 6.45281726e-006, 0.367121382, 0.930173043, 1.24277112e-005, -1.05647152e-005, -9.19095475e-006, 1, 0, 0, 0, 0, 0, 0, 0, 0.276781494, -0.197031641, -0.169141821, -0.573474938, 0.556128275, -0.601398444, -0.779418945, -0.14453125, 0.60949707, 0.251993389, 0.818341181, 0.51657706, 0, 0, -0, 0, 0, 0, 0, 0.344976953, -0.139971045, -0.142019092, -0.0924529518, 0.422433328, -0.901583011, 0.537353516, -0.741088867, -0.40234375, -0.838230489, -0.521567104, -0.158463659, 0, 2, 1, 1, 
432.042241, 56, 0.1, 0.1, 0.0178592561, 0.359041807, -0.0349731006, 0.930173014, -0.367121457, 6.30910853e-007, 0.367121457, 0.930173014, 8.48350544e-006, -3.70133313e-006, -7.65950691e-006, 1, 0.930173018, -0.367121446, -4.62215336e-006, 0.367121446, 0.930173018, -4.25179258e-006, 5.86032658e-006, 2.25801111e-006, 1, 0, 0, 0, 0, 0, 0, 0, 0.276781494, -0.197031641, -0.169141821, -0.573474938, 0.556128275, -0.601398444, -0.779418945, -0.14453125, 0.60949707, 0.251993389, 0.818341181, 0.51657706, 0, 0, -0, 0, 0, 0, 0, 0.344976953, -0.139971045, -0.142019092, -0.0924529518, 0.422433328, -0.901583011, 0.537353516, -0.741088867, -0.40234375, -0.838230489, -0.521567104, -0.158463659, 0, 2, 1, 1, 
432.04293, 56, 0.1, 0.1, 0.0178592581, 0.359041812, -0.0349714823, 0.930172994, -0.367121507, -7.62678476e-006, 0.367121507, 0.930172994, -1.35123268e-005, 1.2054895e-005, 9.76884475e-006, 1, 0.930172998, -0.367121498, -5.34246977e-006, 0.367121498, 0.930172998, -7.00333795e-006, 7.54049704e-006, 4.55298035e-006, 1, 0, 0, 0, 0, 0, 0, 0, 0.276781494, -0.197031641, -0.169141821, -0.573474938, 0.556128275, -0.601398444, -0.779418945, -0.14453125, 0.60949707, 0.251993389, 0.818341181, 0.51657706, 0, 0, -0, 0, 0, 0, 0, 0.344976953, -0.139971045, -0.142019092, -0.0924529518, 0.422433328, -0.901583011, 0.537353516, -0.741088867, -0.40234375, -0.838230489, -0.521567104, -0.158463659, 0, 2, 1, 1, 
432.043617, 56, 0.1, 0.1, 0.017859259, 0.359041816, -0.0349695323, 0.930172973, -0.367121561, 7.65946088e-006, 0.367121561, 0.930172973, 1.25791878e-005, -1.17427145e-005, -8.88886724e-006, 1, 0.930172977, -0.367121551, 7.54986354e-006, 0.367121551, 0.930172977, 1.35444291e-005, -1.19951309e-005, -9.8269443e-006, 1, 0, 0, 0, 0, 0, 0, 0, 0.276781494, -0.197031641, -0.169141821, -0.573474938, 0.556128275, -0.601398444, -0.779418945, -0.14453125, 0.60949707, 0.251993389, 0.818341181, 0.51657706, 0, 0, -0, 0, 0, 0, 0, 0.344976953, -0.139971045, -0.142019092, -0.0924529518, 0.422433328, -0.901583011, 0.537353516, -0.741088867, -0.40234375, -0.838230489, -0.521567104, -0.158463659, 0, 2, 1, 1, 
432.044337, 56, 0.1, 0.1, 0.0178592614, 0.359041826, -0.0349674904, 0.930172955, -0.367121606, -2.39337268e-006, 0.367121606, 0.930172955, -9.68944747e-006, 5.78345605e-006, 8.13420317e-006, 1, 0.930172958, -0.367121598, -5.58359341e-006, 0.367121598, 0.930172958, -1.83801941e-005, 1.19414738e-005, 1.50469018e-005, 1, 0, 0, 0, 0, 0, 0, 0, 0.277718262, -0.198491211, -0.168201978, -0.576871044, 0.553710935, -0.600427913, -0.777587891, -0.147338867, 0.611206055, 0.250059441, 0.819465601, 0.515681791, 0, 0, -0, 0, 0, 0, 0, 0.345872949, -0.140931396, -0.1412854, -0.096126716, 0.422202918, -0.901327081, 0.538452148, -0.739501953, -0.403930664, -0.837143704, -0.524046175, -0.156227391, 0, 2, 1, 1, 
432.045021, 56, 0.1, 0.1, 0.0178592621, 0.359041829, -0.0349662757, 0.93017294, -0.367121645, -5.83730404e-006, 0.367121645, 0.93017294, -9.11403954e-006, 8.77566345e-006, 6.33463229e-006, 1, 0.930172943, -0.367121636, 1.36187325e-006, 0.367121636, 0.930172943, 6.14461752e-006, -3.52259969e-006, -5.21558382e-006, 1, 0, 0, 0, 0, 0, 0, 0, 0.277718262, -0.198491211, -0.168201978, -0.576871044, 0.553710935, -0.600427913, -0.777587891, -0.147338867, 0.611206055, 0.250059441, 0.819465601, 0.515681791, 0, 0, -0, 0, 0, 0, 0, 0.345872949, -0.140931396, -0.1412854, -0.096126716, 0.422202918, -0.901327081, 0.538452148, -0.739501953, -0.403930664, -0.837143704, -0.524046175, -0.156227391, 0, 2, 1, 1, 
432.045711, 56, 0.1, 0.1, 0.0178592648, 0.359041835, -0.034966186, 0.930172923, -0.367121686, 5.55291362e-006, 0.367121686, 0.930172923, 1.62353233e-005, -1.11255092e-005, -1.30630631e-005, 1, 0.930172926, -0.367121679, 1.88132984e-006, 0.367121679, 0.930172926, 8.74061509e-006, -4.95883137e-006, -7.43960655e-006, 1, 0, 0, 0, 0, 0, 0, 0, 0.277718262, -0.198491211, -0.168201978, -0.576871044, 0.553710935, -0.600427913, -0.777587891, -0.147338867, 0.611206055, 0.250059441, 0.819465601, 0.515681791, 0, 0, -0, 0, 0, 0, 0, 0.345872949, -0.140931396, -0.1412854, -0.096126716, 0.422202918, -0.901327081, 0.538452148, -0.739501953, -0.403930664, -0.837143704, -0.524046175, -0.156227391, 0, 2, 1, 1, 
432.046402, 56, 0.1, 0.1, 0.0178592665, 0.359041841, -0.0349671983, 0.930172912, -0.367121715, -4.98526881e-006, 0.367121715, 0.930172912, -1.5143934e-005, 1.0196829e-005, 1.22562768e-005, 1, 0.930172914, -0.367121709, -5.50300428e-006, 0.367121709, 0.930172914, -1.56570271e-005, 1.08667801e-005, 1.25434702e-005, 1, 0, 0, 0, 0, 0, 0, 0, 0.277718262, -0.198491211, -0.168201978, -0.576871044, 0.553710935, -0.600427913, -0.777587891, -0.147338867, 0.611206055, 0.250059441, 0.819465601, 0.515681791, 0, 0, -0, 0, 0, 0, 0, 0.345872949, -0.140931396, -0.1412854, -0.096126716, 0.422202918, -0.901327081, 0.538452148, -0.739501953, -0.403930664, -0.837143704, -0.524046175, -0.156227391, 0, 2, 1, 1, 
432.047089, 56, 0.1, 0.1, 0.0178592664, 0.359041844, -0.0349689124, 0.930172901, -0.367121743, 3.92996543e-006, 0.367121743, 0.930172901, 8.31987754e-006, -6.70995529e-006, -6.29614887e-006, 1, 0.930172903, -0.367121737, 7.68584919e-006, 0.367121737, 0.930172903, 1.54678993e-005, -1.28277707e-005, -1.15661785e-005, 1, 0, 0, 0, 0, 0, 0, 0, 0.277718262, -0.198491211, -0.168201978, -0.576871044, 0.553710935, -0.600427913, -0.777587891, -0.147338867, 0.611206055, 0.250059441, 0.819465601, 0.515681791, 0, 0, -0, 0, 0, 0, 0, 0.345872949, -0.140931396, -0.1412854, -0.096126716, 0.422202918, -0.901327081, 0.538452148, -0.739501953, -0.403930664, -0.837143704, -0.524046175, -0.156227391, 0, 2, 1, 1, 
432.047775, 56, 0.1, 0.1, 0.017859269, 0.359041851, -0.0349708226, 0.930172889, -0.367121773, 2.06248777e-006, 0.367121773, 0.930172889, 8.71203374e-006, -5.11684749e-006, -7.34651343e-006, 1, 0.930172891, -0.367121768, -3.69124842e-006, 0.367121768, 0.930172891, -4.72916494e-006, 5.16967861e-006, 3.04380338e-006, 1, 0, 0, 0, 0, 0, 0, 0, 0.277718262, -0.198491211, -0.168201978, -0.576871044, 0.553710935, -0.600427913, -0.777587891, -0.147338867, 0.611206055, 0.250059441, 0.819465601, 0.515681791, 0, 0, -0, 0, 0, 0, 0, 0.345872949, -0.140931396, -0.1412854, -0.096126716, 0.422202918, -0.901327081, 0.538452148, -0.739501953, -0.403930664, -0.837143704, -0.524046175, -0.156227391, 0, 2, 1, 1, 
432.048469, 56, 0.1, 0.1, 0.0178592701, 0.359041854, -0.0349723453, 0.930172881, -0.367121794, -4.83223491e-006, 0.367121794, 0.930172881, -1.19711028e-005, 8.88966662e-006, 9.36117646e-006, 1, 0.930172882, -0.36712179, -2.70315015e-006, 0.36712179, 0.930172882, -5.60270987e-006, 4.57127384e-006, 4.21910347e-006, 1, 0, 0, 0, 0, 0, 0, 0, 0.277718262, -0.198491211, -0.168201978, -0.576871044, 0.553710935, -0.600427913, -0.777587891, -0.147338867, 0.611206055, 0.250059441, 0.819465601, 0.515681791, 0, 0, -0, 0, 0, 0, 0, 0.345872949, -0.140931396, -0.1412854, -0.096126716, 0.422202918, -0.901327081, 0.538452148, -0.739501953, -0.403930664, -0.837143704, -0.524046175, -0.156227391, 0, 2, 1, 1, 
432.049188, 56, 0.1, 0.1, 0.0178592706, 0.359041858, -0.0349727936, 0.930172872, -0.367121818, 7.21230453e-006, 0.367121817, 0.930172872, 1.42174713e-005, -1.19282339e-005, -1.05769118e-005, 1, 0.930172873, -0.367121813, 7.70911468e-006, 0.367121813, 0.930172873, 1.48280545e-005, -1.26145116e-005, -1.09624699e-005, 1, 0, 0, 0, 0, 0, 0, 0, 0.278852637, -0.199527368, -0.167033521, -0.580699244, 0.550830422, -0.599380999, -0.775756836, -0.151123047, 0.612548828, 0.24695801, 0.820786973, 0.515268793, 0, 0, -0, 0, 0, 0, 0, 0.346834131, -0.141978662, -0.140373633, -0.099186909, 0.421154413, -0.90146744, 0.541381836, -0.737182617, -0.404052734, -0.834887747, -0.528084144, -0.154891974, 0, 2, 1, 1, 
432.049878, 56, 0.1, 0.1, 0.0178592729, 0.359041865, -0.0349722099, 0.930172862, -0.367121842, -3.00459493e-006, 0.367121842, 0.930172862, -4.37532399e-006, 4.40106966e-006, 2.96675521e-006, 1, 0.930172864, -0.367121838, -5.76135015e-006, 0.367121838, 0.930172864, -1.11790958e-005, 9.46314178e-006, 8.28337413e-006, 1, 0, 0, 0, 0, 0, 0, 0, 0.278852637, -0.199527368, -0.167033521, -0.580699244, 0.550830422, -0.599380999, -0.775756836, -0.151123047, 0.612548828, 0.24695801, 0.820786973, 0.515268793, 0, 0, -0, 0, 0, 0, 0, 0.346834131, -0.141978662, -0.140373633, -0.099186909, 0.421154413, -0.90146744, 0.541381836, -0.737182617, -0.404052734, -0.834887747, -0.528084144, -0.154891974, 0, 2, 1, 1, 
432.050568, 56, 0.1, 0.1, 0.0178592734, 0.359041867, -0.0349709729, 0.930172856, -0.367121857, -3.32136775e-006, 0.367121857, 0.930172856, -7.72646715e-006, 5.9260011e-006, 5.96760332e-006, 1, 0.930172857, -0.367121855, 2.21562783e-006, 0.367121855, 0.930172857, 6.21480013e-006, -4.34250582e-006, -4.96743299e-006, 1, 0, 0, 0, 0, 0, 0, 0, 0.278852637, -0.199527368, -0.167033521, -0.580699244, 0.550830422, -0.599380999, -0.775756836, -0.151123047, 0.612548828, 0.24695801, 0.820786973, 0.515268793, 0, 0, -0, 0, 0, 0, 0, 0.346834131, -0.141978662, -0.140373633, -0.099186909, 0.421154413, -0.90146744, 0.541381836, -0.737182617, -0.404052734, -0.834887747, -0.528084144, -0.154891974, 0, 2, 1, 1, 
432.051294, 56, 0.1, 0.1, 0.017859275, 0.359041873, -0.0349692676, 0.930172851, -0.36712187, 7.15246681e-006, 0.36712187, 0.930172851, 1.64611187e-005, -1.26962671e-005, -1.26858587e-005, 1, 0.930172852, -0.367121867, 4.34464059e-006, 0.367121867, 0.930172852, 9.25409784e-006, -7.4386484e-006, -7.01289802e-006, 1, 0, 0, 0, 0, 0, 0, 0, 0.279780737, -0.200118384, -0.165884717, -0.584184839, 0.547930812, -0.598714882, -0.774169922, -0.154785156, 0.613647461, 0.243678724, 0.821987778, 0.514792514, 0, 0, -0, 0, 0, 0, 0, 0.346834131, -0.141978662, -0.140373633, -0.101799775, 0.420252829, -0.901543998, 0.544799805, -0.734741211, -0.404052734, -0.832216545, -0.532352156, -0.154163564, 0, 2, 1, 1, 
