time, trialNum, realDorsalTactorPos, realVentralTactorPos, boxPosX, boxPosY, boxPosZ, boxLocalRot_11, boxLocalRot_12, boxLocalRot_13, boxLocalRot_21, boxLocalRot_22, boxLocalRot_23, boxLocalRot_31, boxLocalRot_32, boxLocalRot_33, boxGlobalRot_11, boxGlobalRot_12, boxGlobalRot_13, boxGlobalRot_21, boxGlobalRot_22, boxGlobalRot_23, boxGlobalRot_31, boxGlobalRot_32, boxGlobalRot_33, indexForceX, indexForceY, indexForceZ, indexForceGlobalX, indexForceGlobalY, indexForceGlobalZ, indexContact, indexPosX, indexPosY, indexPosZ, indexRot_11, indexRot_12, indexRot_13, indexRot_21, indexRot_22, indexRot_23, indexRot_31, indexRot_32, indexRot_33, thumbForceX, thumbForceY, thumbForceZ, thumbForceGlobalX, thumbForceGlobalY, thumbForceGlobalZ, thumbContact, thumbPosX, thumbPosY, thumbPosZ, thumbRot_11, thumbRot_12, thumbRot_13, thumbRot_21, thumbRot_22, thumbRot_23, thumbRot_31, thumbRot_32, thumbRot_33, manipForceTooHigh, cceExpType, mapping, trialSuccess, 
351.822867, 44, 0.1, 0.1, 0.0317431981, 0.381250835, -0.0349657895, 0.95428522, -0.298897504, -4.78589298e-006, 0.298897504, 0.95428522, -6.20543586e-006, 6.42189623e-006, 4.49126426e-006, 1, 0.95428523, -0.298897475, -1.8188807e-006, 0.298897475, 0.95428523, 4.52496636e-007, 1.60048089e-006, -9.75469706e-007, 1, 0, 0, 0, 0, 0, 0, 0, 0.262573633, -0.118237549, -0.169064893, -0.268995916, 0.735277317, -0.622087039, -0.853149414, 0.117675781, 0.508056641, 0.446750393, 0.667363561, 0.595862851, 0, 0, -0, 0, 0, 0, 0, 0.339664893, -0.0909171387, -0.139191162, 0.114902671, 0.353163271, -0.928371587, 0.221435547, -0.920166016, -0.322631836, -0.968269267, -0.168475084, -0.183863911, 0, 2, 5, 1, 
351.827095, 44, 0.1, 0.1, 0.0317431858, 0.381250874, -0.0349797881, 0.954284954, -0.298898356, -1.83005092e-005, 0.298898356, 0.954284954, -3.63467484e-006, 1.85502989e-005, -2.00147659e-006, 1, 0.954284951, -0.298898365, -1.5040769e-005, 0.298898365, 0.954284951, -7.18502294e-006, 1.65007711e-005, 2.36089801e-006, 1, 0, 0, 0, 0, 0, 0, 0, 0.265625928, -0.124227759, -0.166655591, -0.287158154, 0.73118139, -0.618659854, -0.853759766, 0.0974121094, 0.511474609, 0.434301609, 0.675057032, 0.596432366, 0, 0, -0, 0, 0, 0, 0, 0.341979248, -0.0949144043, -0.136859619, 0.101153307, 0.358890267, -0.927828012, 0.246948242, -0.912353516, -0.326049805, -0.963577248, -0.196103975, -0.180860954, 0, 2, 5, 1, 
351.827792, 44, 0.1, 0.1, 0.031743185, 0.381250882, -0.0349819897, 0.954284966, -0.298898316, 1.68551491e-005, 0.298898316, 0.954284966, -7.7360035e-007, -1.58533875e-005, 5.77621086e-006, 1, 0.954284968, -0.298898311, 1.01048964e-005, 0.298898311, 0.954284968, -4.16076199e-006, -8.39930605e-006, 6.9908891e-006, 1, 0, 0, 0, 0, 0, 0, 0, 0.265625928, -0.124227759, -0.166655591, -0.287158154, 0.73118139, -0.618659854, -0.853759766, 0.0974121094, 0.511474609, 0.434301609, 0.675057032, 0.596432366, 0, 0, -0, 0, 0, 0, 0, 0.341979248, -0.0949144043, -0.136859619, 0.101153307, 0.358890267, -0.927828012, 0.246948242, -0.912353516, -0.326049805, -0.963577248, -0.196103975, -0.180860954, 0, 2, 5, 1, 
351.828502, 44, 0.1, 0.1, 0.0317431805, 0.381250884, -0.0349803094, 0.954284926, -0.298898444, -3.77645009e-006, 0.298898444, 0.954284926, 5.15267507e-006, 2.06368284e-006, -6.04589521e-006, 1, 0.954284938, -0.298898407, 4.95698546e-006, 0.298898407, 0.954284938, 1.16857313e-005, -8.22322304e-006, -9.66988235e-006, 1, 0, 0, 0, 0, 0, 0, 0, 0.265625928, -0.124227759, -0.166655591, -0.287158154, 0.73118139, -0.618659854, -0.853759766, 0.0974121094, 0.511474609, 0.434301609, 0.675057032, 0.596432366, 0, 0, -0, 0, 0, 0, 0, 0.341979248, -0.0949144043, -0.136859619, 0.101153307, 0.358890267, -0.927828012, 0.246948242, -0.912353516, -0.326049805, -0.963577248, -0.196103975, -0.180860954, 0, 2, 5, 1, 
351.829201, 44, 0.1, 0.1, 0.0317431808, 0.381250891, -0.0349755377, 0.954284852, -0.298898679, 7.23777261e-006, 0.298898679, 0.954284852, 3.92295608e-006, -8.07946316e-006, -1.58025689e-006, 1, 0.954284864, -0.298898641, -2.61281897e-006, 0.298898641, 0.954284864, 4.58336251e-007, 2.35637751e-006, -1.21835139e-006, 1, 0, 0, 0, 0, 0, 0, 0, 0.265625928, -0.124227759, -0.166655591, -0.287158154, 0.73118139, -0.618659854, -0.853759766, 0.0974121094, 0.511474609, 0.434301609, 0.675057032, 0.596432366, 0, 0, -0, 0, 0, 0, 0, 0.341979248, -0.0949144043, -0.136859619, 0.101153307, 0.358890267, -0.927828012, 0.246948242, -0.912353516, -0.326049805, -0.963577248, -0.196103975, -0.180860954, 0, 2, 5, 1, 
351.829922, 44, 0.1, 0.1, 0.0317431779, 0.381250897, -0.0349688713, 0.9542848, -0.298898847, -5.96424664e-006, 0.298898847, 0.9542848, -3.24918122e-006, 6.66276643e-006, 1.31793781e-006, 1, 0.954284814, -0.298898802, -3.16044798e-006, 0.298898802, 0.954284814, 3.11351942e-006, 2.08534029e-006, -3.91583842e-006, 1, 0, 0, 0, 0, 0, 0, 0, 0.266469922, -0.126538428, -0.165746265, -0.292312596, 0.729494568, -0.618292161, -0.853393555, 0.0926513672, 0.512817383, 0.431410234, 0.677672445, 0.595632577, 0, 0, -0, 0, 0, 0, 0, 0.342478564, -0.0970456543, -0.135741455, 0.0982079524, 0.359068171, -0.928025973, 0.252685547, -0.911010742, -0.325683594, -0.962413904, -0.202467898, -0.180145304, 0, 2, 5, 1, 
351.830615, 44, 0.1, 0.1, 0.0317431773, 0.381250902, -0.0349631283, 0.954284734, -0.298899058, -7.21174892e-007, 0.298899058, 0.954284734, -5.63167491e-007, 8.56536423e-007, 3.21863644e-007, 1, 0.954284747, -0.298899017, -1.94264043e-006, 0.298899017, 0.954284747, -1.24104422e-006, 2.22477903e-006, 6.03656255e-007, 1, 0, 0, 0, 0, 0, 0, 0, 0.266469922, -0.126538428, -0.165746265, -0.292312596, 0.729494568, -0.618292161, -0.853393555, 0.0926513672, 0.512817383, 0.431410234, 0.677672445, 0.595632577, 0, 0, -0, 0, 0, 0, 0, 0.342478564, -0.0970456543, -0.135741455, 0.0982079524, 0.359068171, -0.928025973, 0.252685547, -0.911010742, -0.325683594, -0.962413904, -0.202467898, -0.180145304, 0, 2, 5, 1, 
351.831323, 44, 0.1, 0.1, 0.0317431775, 0.381250908, -0.0349595385, 0.954284678, -0.298899237, -1.48998868e-005, 0.298899237, 0.954284678, -1.15514911e-005, 1.76714655e-005, 6.56984621e-006, 1, 0.954284689, -0.298899202, -1.18726936e-005, 0.298899202, 0.954284689, -3.64753467e-006, 1.24201749e-005, -6.79521546e-008, 1, 0, 0, 0, 0, 0, 0, 0, 0.266469922, -0.126538428, -0.165746265, -0.292312596, 0.729494568, -0.618292161, -0.853393555, 0.0926513672, 0.512817383, 0.431410234, 0.677672445, 0.595632577, 0, 0, -0, 0, 0, 0, 0, 0.342478564, -0.0970456543, -0.135741455, 0.0982079524, 0.359068171, -0.928025973, 0.252685547, -0.911010742, -0.325683594, -0.962413904, -0.202467898, -0.180145304, 0, 2, 5, 1, 
351.832019, 44, 0.1, 0.1, 0.0317431742, 0.381250913, -0.034959097, 0.954284645, -0.29889934, 2.10346496e-005, 0.29889934, 0.954284646, 2.52032026e-006, -2.08263652e-005, 3.88213996e-006, 1, 0.954284647, -0.298899334, 2.05109152e-005, 0.298899334, 0.954284647, 1.79650443e-006, -2.01102255e-005, 4.41632232e-006, 1, 0, 0, 0, 0, 0, 0, 0, 0.266469922, -0.126538428, -0.165746265, -0.292312596, 0.729494568, -0.618292161, -0.853393555, 0.0926513672, 0.512817383, 0.431410234, 0.677672445, 0.595632577, 0, 0, -0, 0, 0, 0, 0, 0.342478564, -0.0970456543, -0.135741455, 0.0982079524, 0.359068171, -0.928025973, 0.252685547, -0.911010742, -0.325683594, -0.962413904, -0.202467898, -0.180145304, 0, 2, 5, 1, 
351.832713, 44, 0.1, 0.1, 0.0317431783, 0.38125092, -0.0349617921, 0.954284619, -0.298899424, -3.55815629e-005, 0.298899424, 0.954284619, -7.5509947e-006, 3.62119262e-005, -3.42951055e-006, 0.999999999, 0.954284621, -0.298899415, -2.96022347e-005, 0.298899415, 0.954284622, -1.23449154e-005, 3.19388453e-005, 2.93247227e-006, 0.999999999, 0, 0, 0, 0, 0, 0, 0, 0.266469922, -0.126538428, -0.165746265, -0.292312596, 0.729494568, -0.618292161, -0.853393555, 0.0926513672, 0.512817383, 0.431410234, 0.677672445, 0.595632577, 0, 0, -0, 0, 0, 0, 0, 0.342478564, -0.0970456543, -0.135741455, 0.0982079524, 0.359068171, -0.928025973, 0.252685547, -0.911010742, -0.325683594, -0.962413904, -0.202467898, -0.180145304, 0, 2, 5, 1, 
351.833412, 44, 0.1, 0.1, 0.0317431787, 0.381250926, -0.034966676, 0.954284596, -0.298899497, 2.69497478e-005, 0.298899497, 0.954284596, 1.18622224e-005, -2.92633415e-005, -3.26467001e-006, 1, 0.954284601, -0.29889948, 1.30755022e-005, 0.29889948, 0.954284602, 7.26123501e-006, -1.46481297e-005, -3.02102396e-006, 1, 0, 0, 0, 0, 0, 0, 0, 0.266469922, -0.126538428, -0.165746265, -0.292312596, 0.729494568, -0.618292161, -0.853393555, 0.0926513672, 0.512817383, 0.431410234, 0.677672445, 0.595632577, 0, 0, -0, 0, 0, 0, 0, 0.342478564, -0.0970456543, -0.135741455, 0.0982079524, 0.359068171, -0.928025973, 0.252685547, -0.911010742, -0.325683594, -0.962413904, -0.202467898, -0.180145304, 0, 2, 5, 1, 
351.834303, 44, 0.1, 0.1, 0.0317431643, 0.381250928, -0.0349711938, 0.954284594, -0.298899504, 5.73705108e-007, 0.298899504, 0.954284594, 1.87008758e-005, -6.13716045e-006, -1.76744775e-005, 1, 0.954284603, -0.298899474, 2.29839472e-005, 0.298899474, 0.954284603, 1.90236831e-005, -2.76193958e-005, -1.12841181e-005, 1, 0, 0, 0, 0, 0, 0, 0, 0.267295117, -0.127956128, -0.164595508, -0.297734382, 0.727807746, -0.617632036, -0.853759766, 0.0863037109, 0.513305664, 0.426830916, 0.680287859, 0.5958988, 0, 0, -0, 0, 0, 0, 0, 0.342478564, -0.0970456543, -0.135741455, 0.0982079524, 0.359068171, -0.928025973, 0.252685547, -0.911010742, -0.325683594, -0.962413904, -0.202467898, -0.180145304, 0, 2, 5, 1, 
351.835095, 44, 0.1, 0.1, 0.0317431751, 0.38125094, -0.0349729643, 0.954284459, -0.298899934, -2.63882744e-005, 0.298899933, 0.954284459, -3.89111276e-005, 3.68124536e-005, 2.92448309e-005, 0.999999999, 0.954284492, -0.298899827, -3.28703248e-005, 0.298899826, 0.954284493, -3.15019342e-005, 4.07835639e-005, 2.0236873e-005, 0.999999999, 0, 0, 0, 0, 0, 0, 0, 0.267295117, -0.127956128, -0.164595508, -0.297734382, 0.727807746, -0.617632036, -0.853759766, 0.0863037109, 0.513305664, 0.426830916, 0.680287859, 0.5958988, 0, 0, -0, 0, 0, 0, 0, 0.343411426, -0.0978269531, -0.134618652, 0.0948090742, 0.360267961, -0.927891811, 0.261352539, -0.908447266, -0.326049805, -0.960439029, -0.211547498, -0.180253946, 0, 2, 5, 1, 
351.835874, 44, 0.1, 0.1, 0.0317431708, 0.381250953, -0.0349718095, 0.954284216, -0.29890071, 2.41048343e-005, 0.298900709, 0.954284216, 1.32546111e-005, -2.69646756e-005, -5.44371414e-006, 1, 0.95428427, -0.298900536, 2.34839785e-005, 0.298900537, 0.954284271, -5.10953536e-006, -2.08831484e-005, 1.1895323e-005, 1, 0, 0, 0, 0, 0, 0, 0, 0.267295117, -0.127956128, -0.164595508, -0.297734382, 0.727807746, -0.617632036, -0.853759766, 0.0863037109, 0.513305664, 0.426830916, 0.680287859, 0.5958988, 0, 0, -0, 0, 0, 0, 0, 0.343411426, -0.0978269531, -0.134618652, 0.0948090742, 0.360267961, -0.927891811, 0.261352539, -0.908447266, -0.326049805, -0.960439029, -0.211547498, -0.180253946, 0, 2, 5, 1, 
351.836572, 44, 0.1, 0.1, 0.0317431687, 0.381250952, -0.034970172, 0.954283919, -0.298901658, -1.3401976e-005, 0.298901658, 0.954283919, 2.70734489e-006, 1.19800603e-005, -6.58944853e-006, 1, 0.954283984, -0.298901452, -8.08328752e-006, 0.298901452, 0.954283984, 1.58600651e-005, 2.97315534e-006, -1.75511125e-005, 1, 0, 0, 0, 0, 0, 0, 0, 0.267295117, -0.127956128, -0.164595508, -0.297734382, 0.727807746, -0.617632036, -0.853759766, 0.0863037109, 0.513305664, 0.426830916, 0.680287859, 0.5958988, 0, 0, -0, 0, 0, 0, 0, 0.343411426, -0.0978269531, -0.134618652, 0.0948090742, 0.360267961, -0.927891811, 0.261352539, -0.908447266, -0.326049805, -0.960439029, -0.211547498, -0.180253946, 0, 2, 5, 1, 
351.837296, 44, 0.1, 0.1, 0.0317431664, 0.381250964, -0.0349681058, 0.954283543, -0.29890286, 1.92012898e-005, 0.29890286, 0.954283543, -7.69604239e-006, -1.60231058e-005, 1.3083527e-005, 1, 0.954283618, -0.29890262, 1.52167472e-005, 0.29890262, 0.954283618, -1.80485576e-005, -9.12633143e-006, 2.17717684e-005, 1, 0, 0, 0, 0, 0, 0, 0, 0.267859595, -0.129095532, -0.164246899, -0.303993027, 0.727275302, -0.615207583, -0.853027344, 0.0794677734, 0.515625, 0.423990838, 0.681608109, 0.596379947, 0, 0, -0, 0, 0, 0, 0, 0.343523437, -0.098300293, -0.134115039, 0.0892377271, 0.362669007, -0.927584842, 0.269165039, -0.905395508, -0.328125, -0.958815233, -0.220378098, -0.178503284, 0, 2, 5, 1, 
351.837994, 44, 0.1, 0.1, 0.031743167, 0.381250968, -0.0349666575, 0.954283128, -0.298904183, -2.35753917e-005, 0.298904183, 0.954283129, -1.12554205e-005, 2.58618908e-005, 3.69407466e-006, 1, 0.954283215, -0.298903906, -1.75488203e-005, 0.298903906, 0.954283215, 1.04377022e-006, 1.64345577e-005, -6.24146334e-006, 1, 0, 0, 0, 0, 0, 0, 0, 0.267859595, -0.129095532, -0.164246899, -0.303993027, 0.727275302, -0.615207583, -0.853027344, 0.0794677734, 0.515625, 0.423990838, 0.681608109, 0.596379947, 0, 0, -0, 0, 0, 0, 0, 0.343523437, -0.098300293, -0.134115039, 0.0892377271, 0.362669007, -0.927584842, 0.269165039, -0.905395508, -0.328125, -0.958815233, -0.220378098, -0.178503284, 0, 2, 5, 1, 
351.838693, 44, 0.1, 0.1, 0.0317431699, 0.381250974, -0.0349661791, 0.954282731, -0.298905452, 9.99477658e-006, 0.298905452, 0.954282731, 2.4555297e-006, -1.02718139e-005, 6.44223618e-007, 1, 0.9542828, -0.298905231, -1.65086449e-007, 0.298905231, 0.9542828, 3.90861229e-006, -1.0107655e-006, -3.77926669e-006, 1, 0, 0, 0, 0, 0, 0, 0, 0.267859595, -0.129095532, -0.164246899, -0.303993027, 0.727275302, -0.615207583, -0.853027344, 0.0794677734, 0.515625, 0.423990838, 0.681608109, 0.596379947, 0, 0, -0, 0, 0, 0, 0, 0.343523437, -0.098300293, -0.134115039, 0.0892377271, 0.362669007, -0.927584842, 0.269165039, -0.905395508, -0.328125, -0.958815233, -0.220378098, -0.178503284, 0, 2, 5, 1, 
351.83939, 44, 0.1, 0.1, 0.0317431702, 0.381250979, -0.0349667491, 0.954282414, -0.298906462, -2.43100515e-005, 0.298906462, 0.954282415, 5.7415699e-007, 2.30270354e-005, -7.81433941e-006, 1, 0.954282473, -0.298906275, -1.60982996e-005, 0.298906275, 0.954282473, 1.4567437e-006, 1.49268953e-005, -6.20202775e-006, 1, 0, 0, 0, 0, 0, 0, 0, 0.267859595, -0.129095532, -0.164246899, -0.303993027, 0.727275302, -0.615207583, -0.853027344, 0.0794677734, 0.515625, 0.423990838, 0.681608109, 0.596379947, 0, 0, -0, 0, 0, 0, 0, 0.343523437, -0.098300293, -0.134115039, 0.0892377271, 0.362669007, -0.927584842, 0.269165039, -0.905395508, -0.328125, -0.958815233, -0.220378098, -0.178503284, 0, 2, 5, 1, 
351.840085, 44, 0.1, 0.1, 0.0317431712, 0.381250986, -0.0349681363, 0.954282103, -0.298907458, 1.46532969e-005, 0.298907457, 0.954282103, 6.07844305e-006, -1.58002709e-005, -1.4205697e-006, 1, 0.95428217, -0.298907242, 8.02925821e-006, 0.298907242, 0.95428217, -4.53953404e-006, -6.30527836e-006, 6.73199982e-006, 1, 0, 0, 0, 0, 0, 0, 0, 0.267859595, -0.129095532, -0.164246899, -0.303993027, 0.727275302, -0.615207583, -0.853027344, 0.0794677734, 0.515625, 0.423990838, 0.681608109, 0.596379947, 0, 0, -0, 0, 0, 0, 0, 0.343523437, -0.098300293, -0.134115039, 0.0892377271, 0.362669007, -0.927584842, 0.269165039, -0.905395508, -0.328125, -0.958815233, -0.220378098, -0.178503284, 0, 2, 5, 1, 
351.840781, 44, 0.1, 0.1, 0.0317431682, 0.381250992, -0.0349699123, 0.954281804, -0.298908412, -1.02436424e-005, 0.298908412, 0.954281804, -1.02492051e-005, 1.28388952e-005, 6.71871902e-006, 1, 0.954281856, -0.298908247, -2.01856596e-006, 0.298908247, 0.954281856, -1.08501424e-005, 5.16947792e-006, 9.75072805e-006, 1, 0, 0, 0, 0, 0, 0, 0, 0.267859595, -0.129095532, -0.164246899, -0.303993027, 0.727275302, -0.615207583, -0.853027344, 0.0794677734, 0.515625, 0.423990838, 0.681608109, 0.596379947, 0, 0, -0, 0, 0, 0, 0, 0.343523437, -0.098300293, -0.134115039, 0.0892377271, 0.362669007, -0.927584842, 0.269165039, -0.905395508, -0.328125, -0.958815233, -0.220378098, -0.178503284, 0, 2, 5, 1, 
351.841493, 44, 0.1, 0.1, 0.0317431668, 0.381250997, -0.0349714516, 0.95428159, -0.298909093, 2.18205269e-005, 0.298909093, 0.95428159, -2.39585021e-006, -2.01067857e-005, 8.80866968e-006, 1, 0.954281633, -0.298908958, 1.28975536e-005, 0.298908958, 0.954281633, -2.44785288e-006, -1.15762134e-005, 6.19113536e-006, 1, 0, 0, 0, 0, 0, 0, 0, 0.267859595, -0.129095532, -0.164246899, -0.309573573, 0.72504293, -0.615106111, -0.853393555, 0.0732421875, 0.515991211, 0.41918948, 0.684680704, 0.596240284, 0, 0, -0, 0, 0, 0, 0, 0.343523437, -0.098300293, -0.134115039, 0.0892377271, 0.362669007, -0.927584842, 0.269165039, -0.905395508, -0.328125, -0.958815233, -0.220378098, -0.178503284, 0, 2, 5, 1, 
351.842205, 44, 0.1, 0.1, 0.0317431631, 0.381251002, -0.0349720314, 0.954281375, -0.298909782, -8.02789486e-006, 0.298909781, 0.954281375, -9.92077086e-006, 1.0626286e-005, 7.06759056e-006, 1, 0.954281422, -0.29890963, -2.84332756e-006, 0.29890963, 0.954281422, -2.69516091e-007, 2.79389562e-006, -5.9270379e-007, 1, 0, 0, 0, 0, 0, 0, 0, 0.269122485, -0.130316479, -0.16334917, -0.309573573, 0.72504293, -0.615106111, -0.853393555, 0.0732421875, 0.515991211, 0.41918948, 0.684680704, 0.596240284, 0, 0, -0, 0, 0, 0, 0, 0.344229639, -0.0993358398, -0.133221826, 0.0858643685, 0.363000029, -0.927770043, 0.276367187, -0.903320313, -0.327758789, -0.957083161, -0.22819884, -0.177909036, 0, 2, 5, 1, 
351.842904, 44, 0.1, 0.1, 0.0317431618, 0.381251007, -0.0349718053, 0.954281167, -0.298910446, 1.67466645e-005, 0.298910446, 0.954281167, 4.95240791e-006, -1.7461353e-005, 2.79763358e-007, 1, 0.954281201, -0.298910338, 9.38401576e-006, 0.298910338, 0.954281201, 5.57284319e-006, -1.06207703e-005, -2.51308018e-006, 1, 0, 0, 0, 0, 0, 0, 0, 0.269122485, -0.130316479, -0.16334917, -0.309573573, 0.72504293, -0.615106111, -0.853393555, 0.0732421875, 0.515991211, 0.41918948, 0.684680704, 0.596240284, 0, 0, -0, 0, 0, 0, 0, 0.344229639, -0.0993358398, -0.133221826, 0.0858643685, 0.363000029, -0.927770043, 0.276367187, -0.903320313, -0.327758789, -0.957083161, -0.22819884, -0.177909036, 0, 2, 5, 1, 
351.843607, 44, 0.1, 0.1, 0.0317431601, 0.381251012, -0.0349708933, 0.954281001, -0.298910974, -1.59483632e-005, 0.298910974, 0.954281001, -4.68651074e-006, 1.66200695e-005, -2.94892606e-007, 1, 0.954281031, -0.29891088, -7.64777955e-006, 0.29891088, 0.954281031, -4.32263736e-006, 8.59021429e-006, 1.83900632e-006, 1, 0, 0, 0, 0, 0, 0, 0, 0.269122485, -0.130316479, -0.16334917, -0.309573573, 0.72504293, -0.615106111, -0.853393555, 0.0732421875, 0.515991211, 0.41918948, 0.684680704, 0.596240284, 0, 0, -0, 0, 0, 0, 0, 0.344229639, -0.0993358398, -0.133221826, 0.0858643685, 0.363000029, -0.927770043, 0.276367187, -0.903320313, -0.327758789, -0.957083161, -0.22819884, -0.177909036, 0, 2, 5, 1, 
351.844305, 44, 0.1, 0.1, 0.031743161, 0.381251016, -0.0349696683, 0.954280866, -0.298911406, 1.27413015e-005, 0.298911406, 0.954280866, 8.84156331e-006, -1.48016244e-005, -4.62881434e-006, 1, 0.954280886, -0.298911342, 4.09641269e-006, 0.298911342, 0.954280886, 1.01315397e-005, -6.93756045e-006, -8.44387043e-006, 1, 0, 0, 0, 0, 0, 0, 0, 0.269122485, -0.130316479, -0.16334917, -0.309573573, 0.72504293, -0.615106111, -0.853393555, 0.0732421875, 0.515991211, 0.41918948, 0.684680704, 0.596240284, 0, 0, -0, 0, 0, 0, 0, 0.344229639, -0.0993358398, -0.133221826, 0.0858643685, 0.363000029, -0.927770043, 0.276367187, -0.903320313, -0.327758789, -0.957083161, -0.22819884, -0.177909036, 0, 2, 5, 1, 
351.845003, 44, 0.1, 0.1, 0.0317431599, 0.381251021, -0.0349684937, 0.954280803, -0.298911605, -2.01196295e-005, 0.298911605, 0.954280804, -1.1943079e-006, 1.95567687e-005, -4.87428564e-006, 1, 0.954280814, -0.298911571, -1.16188749e-005, 0.298911571, 0.954280814, -8.64062769e-007, 1.13459477e-005, -2.64845762e-006, 1, 0, 0, 0, 0, 0, 0, 0, 0.269122485, -0.130316479, -0.16334917, -0.309573573, 0.72504293, -0.615106111, -0.853393555, 0.0732421875, 0.515991211, 0.41918948, 0.684680704, 0.596240284, 0, 0, -0, 0, 0, 0, 0, 0.344229639, -0.0993358398, -0.133221826, 0.0858643685, 0.363000029, -0.927770043, 0.276367187, -0.903320313, -0.327758789, -0.957083161, -0.22819884, -0.177909036, 0, 2, 5, 1, 
351.845705, 44, 0.1, 0.1, 0.0317431604, 0.381251027, -0.0349676746, 0.954280718, -0.298911879, 1.47563558e-005, 0.298911879, 0.954280718, 7.13116732e-006, -1.62132964e-005, -2.39428543e-006, 1, 0.954280742, -0.298911801, 9.15090933e-006, 0.298911801, 0.954280742, -3.94269851e-006, -7.55401743e-006, 6.49775605e-006, 1, 0, 0, 0, 0, 0, 0, 0, 0.269122485, -0.130316479, -0.16334917, -0.309573573, 0.72504293, -0.615106111, -0.853393555, 0.0732421875, 0.515991211, 0.41918948, 0.684680704, 0.596240284, 0, 0, -0, 0, 0, 0, 0, 0.344229639, -0.0993358398, -0.133221826, 0.0858643685, 0.363000029, -0.927770043, 0.276367187, -0.903320313, -0.327758789, -0.957083161, -0.22819884, -0.177909036, 0, 2, 5, 1, 
351.84643, 44, 0.1, 0.1, 0.0317431592, 0.381251033, -0.0349673671, 0.954280614, -0.29891221, -1.84802049e-005, 0.29891221, 0.954280614, -1.03022748e-005, 2.0714777e-005, 4.30730223e-006, 1, 0.954280628, -0.298912165, -8.62932637e-006, 0.298912165, 0.954280628, -1.13757804e-005, 1.16351582e-005, 8.27627629e-006, 1, 0, 0, 0, 0, 0, 0, 0, 0.270014697, -0.131981836, -0.162028638, -0.313738388, 0.722873839, -0.615442726, -0.853637695, 0.0688476562, 0.516113281, 0.415523405, 0.687372501, 0.595675639, 0, 0, -0, 0, 0, 0, 0, 0.344229639, -0.0993358398, -0.133221826, 0.0831107778, 0.363133091, -0.927916964, 0.282958984, -0.901367188, -0.327392578, -0.955408692, -0.235303932, -0.177678992, 0, 2, 5, 1, 
351.847137, 44, 0.1, 0.1, 0.03174316, 0.381251037, -0.034967469, 0.954280587, -0.298912296, 1.87524206e-005, 0.298912296, 0.954280587, -2.39885486e-007, -1.78233662e-005, 5.83424715e-006, 1, 0.954280592, -0.298912282, 8.54114377e-006, 0.298912282, 0.954280592, -6.45768521e-007, -7.95761959e-006, 3.16929714e-006, 1, 0, 0, 0, 0, 0, 0, 0, 0.270014697, -0.131981836, -0.162028638, -0.313738388, 0.722873839, -0.615442726, -0.853637695, 0.0688476562, 0.516113281, 0.415523405, 0.687372501, 0.595675639, 0, 0, -0, 0, 0, 0, 0, 0.344975635, -0.100592676, -0.13233374, 0.0831107778, 0.363133091, -0.927916964, 0.282958984, -0.901367188, -0.327392578, -0.955408692, -0.235303932, -0.177678992, 0, 2, 5, 1, 
351.847838, 44, 0.1, 0.1, 0.0317431578, 0.38125104, -0.0349680752, 0.954280532, -0.298912473, -1.25659368e-005, 0.298912473, 0.954280532, -7.76676095e-006, 1.43130106e-005, 3.65555352e-006, 1, 0.95428055, -0.298912416, -7.57841818e-006, 0.298912416, 0.95428055, 2.94229617e-006, 6.35244821e-006, -5.07305929e-006, 1, 0, 0, 0, 0, 0, 0, 0, 0.270014697, -0.131981836, -0.162028638, -0.313738388, 0.722873839, -0.615442726, -0.853637695, 0.0688476562, 0.516113281, 0.415523405, 0.687372501, 0.595675639, 0, 0, -0, 0, 0, 0, 0, 0.344975635, -0.100592676, -0.13233374, 0.0831107778, 0.363133091, -0.927916964, 0.282958984, -0.901367188, -0.327392578, -0.955408692, -0.235303932, -0.177678992, 0, 2, 5, 1, 
351.848532, 44, 0.1, 0.1, 0.0317431571, 0.381251044, -0.0349690772, 0.954280456, -0.298912714, 1.8543602e-005, 0.298912714, 0.954280456, 8.82876177e-006, -2.03348261e-005, -2.8821964e-006, 1, 0.954280465, -0.298912687, 9.74887431e-006, 0.298912686, 0.954280465, 9.48818025e-006, -1.21392978e-005, -6.14032285e-006, 1, 0, 0, 0, 0, 0, 0, 0, 0.270014697, -0.131981836, -0.162028638, -0.313738388, 0.722873839, -0.615442726, -0.853637695, 0.0688476562, 0.516113281, 0.415523405, 0.687372501, 0.595675639, 0, 0, -0, 0, 0, 0, 0, 0.344975635, -0.100592676, -0.13233374, 0.0831107778, 0.363133091, -0.927916964, 0.282958984, -0.901367188, -0.327392578, -0.955408692, -0.235303932, -0.177678992, 0, 2, 5, 1, 
351.849248, 44, 0.1, 0.1, 0.031743154, 0.381251049, -0.034970105, 0.954280445, -0.298912749, -1.49411965e-005, 0.298912749, 0.954280446, 2.56987082e-007, 1.41812749e-005, -4.71135186e-006, 1, 0.954280447, -0.298912745, -6.28010964e-006, 0.298912745, 0.954280447, 5.38767613e-007, 5.83194133e-006, -2.39134021e-006, 1, 0, 0, 0, 0, 0, 0, 0, 0.270014697, -0.131981836, -0.162028638, -0.313738388, 0.722873839, -0.615442726, -0.853637695, 0.0688476562, 0.516113281, 0.415523405, 0.687372501, 0.595675639, 0, 0, -0, 0, 0, 0, 0, 0.346051074, -0.102010986, -0.131013086, 0.0819481677, 0.363905244, -0.927776606, 0.289306641, -0.899414063, -0.327270508, -0.953689746, -0.241482654, -0.17901441, 0, 2, 5, 1, 
351.849942, 44, 0.1, 0.1, 0.0317431538, 0.381251055, -0.0349708037, 0.954280409, -0.298912866, 1.37266839e-005, 0.298912866, 0.954280409, 7.02130976e-006, -1.51978653e-005, -2.59721593e-006, 1, 0.954280422, -0.298912822, 9.21673207e-006, 0.298912822, 0.954280422, -2.6894761e-006, -7.99142808e-006, 5.32151378e-006, 1, 0, 0, 0, 0, 0, 0, 0, 0.270014697, -0.131981836, -0.162028638, -0.313738388, 0.722873839, -0.615442726, -0.853637695, 0.0688476562, 0.516113281, 0.415523405, 0.687372501, 0.595675639, 0, 0, -0, 0, 0, 0, 0, 0.346051074, -0.102010986, -0.131013086, 0.0819481677, 0.363905244, -0.927776606, 0.289306641, -0.899414063, -0.327270508, -0.953689746, -0.241482654, -0.17901441, 0, 2, 5, 1, 
351.850883, 44, 0.1, 0.1, 0.0317431545, 0.381251062, -0.0349689317, 0.954280338, -0.29891309, -2.55619672e-005, 0.29891309, 0.954280339, -1.04084969e-005, 2.75045187e-005, 2.29181738e-006, 1, 0.954280344, -0.298913072, -1.0343918e-005, 0.298913072, 0.954280344, -1.25040556e-005, 1.36086233e-005, 8.84044215e-006, 1, 0, 0, 0, 0, 0, 0, 0, 0.270014697, -0.131981836, -0.162028638, -0.313738388, 0.722873839, -0.615442726, -0.853637695, 0.0688476562, 0.516113281, 0.415523405, 0.687372501, 0.595675639, 0, 0, -0, 0, 0, 0, 0, 0.346051074, -0.102010986, -0.131013086, 0.0819481677, 0.363905244, -0.927776606, 0.289306641, -0.899414063, -0.327270508, -0.953689746, -0.241482654, -0.17901441, 0, 2, 5, 1, 
351.851603, 44, 0.1, 0.1, 0.0317431571, 0.381251066, -0.0349661229, 0.954280359, -0.298913024, 1.70067463e-005, 0.298913024, 0.954280359, 1.17649053e-007, -1.62643708e-005, 4.9712678e-006, 1, 0.954280354, -0.29891304, 6.52350219e-006, 0.29891304, 0.954280354, -3.79457546e-007, -6.11182517e-006, 2.31206876e-006, 1, 0, 0, 0, 0, 0, 0, 0, 0.271243311, -0.134048145, -0.160940259, -0.315719886, 0.721656181, -0.616007371, -0.854492187, 0.0657958984, 0.515136719, 0.412376669, 0.689048463, 0.596012254, 0, 0, -0, 0, 0, 0, 0, 0.346051074, -0.102010986, -0.131013086, 0.0819481677, 0.363905244, -0.927776606, 0.289306641, -0.899414063, -0.327270508, -0.953689746, -0.241482654, -0.17901441, 0, 2, 5, 1, 
351.852297, 44, 0.1, 0.1, 0.0317431555, 0.381251069, -0.0349645768, 0.954280344, -0.298913074, -1.48187328e-005, 0.298913074, 0.954280344, -8.3680068e-006, 1.66425321e-005, 3.55591143e-006, 1, 0.954280355, -0.298913039, -9.98490564e-006, 0.298913039, 0.954280355, 3.37469781e-006, 8.51965812e-006, -6.20502631e-006, 1, 0, 0, 0, 0, 0, 0, 0, 0.271243311, -0.134048145, -0.160940259, -0.315719886, 0.721656181, -0.616007371, -0.854492187, 0.0657958984, 0.515136719, 0.412376669, 0.689048463, 0.596012254, 0, 0, -0, 0, 0, 0, 0, 0.346051074, -0.102010986, -0.131013086, 0.0819481677, 0.363905244, -0.927776606, 0.289306641, -0.899414063, -0.327270508, -0.953689746, -0.241482654, -0.17901441, 0, 2, 5, 1, 
351.852993, 44, 0.1, 0.1, 0.0317431543, 0.381251072, -0.0349646117, 0.9542803, -0.298913213, 2.35784961e-005, 0.298913213, 0.9542803, 1.11083663e-005, -2.58209318e-005, -3.55257115e-006, 1, 0.954280302, -0.298913206, 1.29957233e-005, 0.298913206, 0.954280302, 1.17892886e-005, -1.59255368e-005, -7.36569258e-006, 1, 0, 0, 0, 0, 0, 0, 0, 0.271243311, -0.134048145, -0.160940259, -0.315719886, 0.721656181, -0.616007371, -0.854492187, 0.0657958984, 0.515136719, 0.412376669, 0.689048463, 0.596012254, 0, 0, -0, 0, 0, 0, 0, 0.346051074, -0.102010986, -0.131013086, 0.0819481677, 0.363905244, -0.927776606, 0.289306641, -0.899414063, -0.327270508, -0.953689746, -0.241482654, -0.17901441, 0, 2, 5, 1, 
351.853705, 44, 0.1, 0.1, 0.0317431498, 0.381251076, -0.0349661436, 0.954280326, -0.29891313, -1.30355516e-005, 0.29891313, 0.954280326, 9.76155289e-007, 1.21477848e-005, -4.82802331e-006, 1, 0.95428032, -0.298913149, -2.16134783e-006, 0.298913149, 0.95428032, 1.47227292e-006, 1.62244997e-006, -2.05101636e-006, 1, 0, 0, 0, 0, 0, 0, 0, 0.271243311, -0.134048145, -0.160940259, -0.317161825, 0.719994447, -0.617289429, -0.85534668, 0.0638427734, 0.513916016, 0.409515251, 0.691041943, 0.595720944, 0, 0, -0, 0, 0, 0, 0, 0.346051074, -0.102010986, -0.131013086, 0.0819481677, 0.363905244, -0.927776606, 0.289306641, -0.899414063, -0.327270508, -0.953689746, -0.241482654, -0.17901441, 0, 2, 5, 1, 
351.854418, 44, 0.1, 0.1, 0.0317431489, 0.381251082, -0.0349682567, 0.954280314, -0.298913167, 1.72960889e-005, 0.298913167, 0.954280315, 6.74192368e-006, -1.85205669e-005, -1.26365633e-006, 1, 0.954280324, -0.298913135, 1.2432228e-005, 0.298913135, 0.954280324, -3.81696823e-006, -1.07228886e-005, 7.35861393e-006, 1, 0, 0, 0, 0, 0, 0, 0, 0.272500366, -0.136359424, -0.15944397, -0.317161825, 0.719994447, -0.617289429, -0.85534668, 0.0638427734, 0.513916016, 0.409515251, 0.691041943, 0.595720944, 0, 0, -0, 0, 0, 0, 0, 0.34718291, -0.103695264, -0.129709033, 0.0816481286, 0.363712746, -0.927879051, 0.294555664, -0.898071289, -0.326171875, -0.952002884, -0.24665808, -0.180375347, 0, 2, 5, 1, 
351.855117, 44, 0.1, 0.1, 0.0317431468, 0.381251086, -0.03497058, 0.954280276, -0.298913288, -1.46149613e-005, 0.298913288, 0.954280277, -9.72585584e-006, 1.68539569e-005, 4.91258626e-006, 1, 0.954280278, -0.298913282, -5.43032701e-006, 0.298913282, 0.954280278, -1.00944387e-005, 8.19941577e-006, 8.00972689e-006, 1, 0, 0, 0, 0, 0, 0, 0, 0.272500366, -0.136359424, -0.15944397, -0.317161825, 0.719994447, -0.617289429, -0.85534668, 0.0638427734, 0.513916016, 0.409515251, 0.691041943, 0.595720944, 0, 0, -0, 0, 0, 0, 0, 0.34718291, -0.103695264, -0.129709033, 0.0816481286, 0.363712746, -0.927879051, 0.294555664, -0.898071289, -0.326171875, -0.952002884, -0.24665808, -0.180375347, 0, 2, 5, 1, 
351.855815, 44, 0.1, 0.1, 0.0317431483, 0.381251091, -0.0349724558, 0.954280296, -0.298913225, 1.19176227e-005, 0.298913225, 0.954280296, -2.28338361e-006, -1.0690219e-005, 5.74132303e-006, 1, 0.954280292, -0.298913239, 4.4480623e-006, 0.298913239, 0.954280292, -2.54447072e-006, -3.4841222e-006, 3.75772297e-006, 1, 0, 0, 0, 0, 0, 0, 0, 0.272500366, -0.136359424, -0.15944397, -0.317161825, 0.719994447, -0.617289429, -0.85534668, 0.0638427734, 0.513916016, 0.409515251, 0.691041943, 0.595720944, 0, 0, -0, 0, 0, 0, 0, 0.34718291, -0.103695264, -0.129709033, 0.0816481286, 0.363712746, -0.927879051, 0.294555664, -0.898071289, -0.326171875, -0.952002884, -0.24665808, -0.180375347, 0, 2, 5, 1, 
351.856514, 44, 0.1, 0.1, 0.0317431482, 0.381251094, -0.034973338, 0.954280287, -0.298913254, -1.57076542e-005, 0.298913254, 0.954280287, -7.84546597e-006, 1.73346185e-005, 2.79154748e-006, 1, 0.954280295, -0.298913228, -1.13685033e-005, 0.298913228, 0.954280295, 9.54921767e-007, 1.05633e-005, -4.30945906e-006, 1, 0, 0, 0, 0, 0, 0, 0, 0.272500366, -0.136359424, -0.15944397, -0.317161825, 0.719994447, -0.617289429, -0.85534668, 0.0638427734, 0.513916016, 0.409515251, 0.691041943, 0.595720944, 0, 0, -0, 0, 0, 0, 0, 0.34718291, -0.103695264, -0.129709033, 0.0816481286, 0.363712746, -0.927879051, 0.294555664, -0.898071289, -0.326171875, -0.952002884, -0.24665808, -0.180375347, 0, 2, 5, 1, 
351.857213, 44, 0.1, 0.1, 0.0317431491, 0.381251098, -0.034973068, 0.954280257, -0.29891335, 1.21952945e-005, 0.29891335, 0.954280257, 7.26128584e-006, -1.38082241e-005, -3.28396537e-006, 1, 0.954280258, -0.298913348, 4.06256923e-006, 0.298913348, 0.954280258, 7.82583056e-006, -6.21607482e-006, -6.25367944e-006, 1, 0, 0, 0, 0, 0, 0, 0, 0.272500366, -0.136359424, -0.15944397, -0.317161825, 0.719994447, -0.617289429, -0.85534668, 0.0638427734, 0.513916016, 0.409515251, 0.691041943, 0.595720944, 0, 0, -0, 0, 0, 0, 0, 0.34718291, -0.103695264, -0.129709033, 0.0816481286, 0.363712746, -0.927879051, 0.294555664, -0.898071289, -0.326171875, -0.952002884, -0.24665808, -0.180375347, 0, 2, 5, 1, 
351.857907, 44, 0.1, 0.1, 0.0317431474, 0.381251102, -0.0349718206, 0.95428028, -0.298913278, -1.52034107e-005, 0.298913278, 0.95428028, 5.79207171e-007, 1.43351823e-005, -5.0972273e-006, 1, 0.954280275, -0.298913294, -7.85497071e-006, 0.298913294, 0.954280275, 6.21320793e-007, 7.31012256e-006, -2.94086934e-006, 1, 0, 0, 0, 0, 0, 0, 0, 0.272500366, -0.136359424, -0.15944397, -0.317161825, 0.719994447, -0.617289429, -0.85534668, 0.0638427734, 0.513916016, 0.409515251, 0.691041943, 0.595720944, 0, 0, -0, 0, 0, 0, 0, 0.34718291, -0.103695264, -0.129709033, 0.0816481286, 0.363712746, -0.927879051, 0.294555664, -0.898071289, -0.326171875, -0.952002884, -0.24665808, -0.180375347, 0, 2, 5, 1, 
351.858635, 44, 0.1, 0.1, 0.0317431461, 0.381251107, -0.0349697558, 0.95428027, -0.298913309, 1.88157453e-005, 0.298913309, 0.95428027, 1.07281399e-005, -2.11622783e-005, -4.61337553e-006, 1, 0.95428028, -0.298913276, 1.34879866e-005, 0.298913276, 0.95428028, -4.48032196e-007, -1.27373968e-005, 4.45928655e-006, 1, 0, 0, 0, 0, 0, 0, 0, 0.273903516, -0.138016602, -0.158141138, -0.320038591, 0.718009202, -0.618012834, -0.856201172, 0.0599365234, 0.513061523, 0.405397985, 0.693333845, 0.59583552, 0, 0, -0, 0, 0, 0, 0, 0.34718291, -0.103695264, -0.129709033, 0.0799743924, 0.363686127, -0.928032536, 0.301147461, -0.896240234, -0.325317383, -0.950092174, -0.253411726, -0.181250678, 0, 2, 5, 1, 
351.859334, 44, 0.1, 0.1, 0.0317431438, 0.38125111, -0.0349676416, 0.954280235, -0.298913421, -1.46370541e-005, 0.298913421, 0.954280235, -6.92277509e-006, 1.60371619e-005, 2.23105551e-006, 1, 0.954280236, -0.298913418, -5.08561108e-006, 0.298913418, 0.954280236, -7.63640834e-006, 7.13572306e-006, 5.76711616e-006, 1, 0, 0, 0, 0, 0, 0, 0, 0.273903516, -0.138016602, -0.158141138, -0.320038591, 0.718009202, -0.618012834, -0.856201172, 0.0599365234, 0.513061523, 0.405397985, 0.693333845, 0.59583552, 0, 0, -0, 0, 0, 0, 0, 0.348228564, -0.104955273, -0.128621387, 0.0799743924, 0.363686127, -0.928032536, 0.301147461, -0.896240234, -0.325317383, -0.950092174, -0.253411726, -0.181250678, 0, 2, 5, 1, 
351.860027, 44, 0.1, 0.1, 0.0317431442, 0.381251113, -0.0349662782, 0.954280262, -0.298913334, 1.91677625e-005, 0.298913334, 0.954280262, 7.39043684e-007, -1.85123274e-005, 5.02424498e-006, 1, 0.954280256, -0.298913353, 1.01450364e-005, 0.298913353, 0.954280256, 9.45612162e-007, -9.96386405e-006, 2.13010784e-006, 1, 0, 0, 0, 0, 0, 0, 0, 0.273903516, -0.138016602, -0.158141138, -0.320038591, 0.718009202, -0.618012834, -0.856201172, 0.0599365234, 0.513061523, 0.405397985, 0.693333845, 0.59583552, 0, 0, -0, 0, 0, 0, 0, 0.348228564, -0.104955273, -0.128621387, 0.0799743924, 0.363686127, -0.928032536, 0.301147461, -0.896240234, -0.325317383, -0.950092174, -0.253411726, -0.181250678, 0, 2, 5, 1, 
351.860724, 44, 0.1, 0.1, 0.0317431431, 0.381251115, -0.0349659833, 0.954280255, -0.298913356, -1.77100962e-005, 0.298913356, 0.954280255, -9.82369384e-006, 1.98368285e-005, 4.08077276e-006, 1, 0.954280265, -0.298913326, -1.19139713e-005, 0.298913326, 0.954280265, 1.89482752e-006, 1.08028785e-005, -5.36944128e-006, 1, 0, 0, 0, 0, 0, 0, 0, 0.273903516, -0.138016602, -0.158141138, -0.320038591, 0.718009202, -0.618012834, -0.856201172, 0.0599365234, 0.513061523, 0.405397985, 0.693333845, 0.59583552, 0, 0, -0, 0, 0, 0, 0, 0.348228564, -0.104955273, -0.128621387, 0.0799743924, 0.363686127, -0.928032536, 0.301147461, -0.896240234, -0.325317383, -0.950092174, -0.253411726, -0.181250678, 0, 2, 5, 1, 
351.861423, 44, 0.1, 0.1, 0.0317431442, 0.381251119, -0.0349667925, 0.95428022, -0.298913469, 1.51922591e-005, 0.298913469, 0.95428022, 6.49245078e-006, -1.64383534e-005, -1.65444647e-006, 1, 0.95428022, -0.298913467, 5.46903497e-006, 0.298913467, 0.95428022, 7.37657061e-006, -7.42394819e-006, -5.40454722e-006, 1, 0, 0, 0, 0, 0, 0, 0, 0.273903516, -0.138016602, -0.158141138, -0.320038591, 0.718009202, -0.618012834, -0.856201172, 0.0599365234, 0.513061523, 0.405397985, 0.693333845, 0.59583552, 0, 0, -0, 0, 0, 0, 0, 0.348228564, -0.104955273, -0.128621387, 0.0799743924, 0.363686127, -0.928032536, 0.301147461, -0.896240234, -0.325317383, -0.950092174, -0.253411726, -0.181250678, 0, 2, 5, 1, 
351.862134, 44, 0.1, 0.1, 0.0317431424, 0.381251124, -0.0349683684, 0.954280249, -0.298913377, -1.82791094e-005, 0.298913377, 0.954280249, -2.54042779e-006, 1.82027609e-005, -3.03959026e-006, 1, 0.954280242, -0.298913398, -8.53212223e-006, 0.298913398, 0.954280242, -2.52254294e-006, 8.89605755e-006, -1.43152761e-007, 1, 0, 0, 0, 0, 0, 0, 0, 0.273903516, -0.138016602, -0.158141138, -0.320038591, 0.718009202, -0.618012834, -0.856201172, 0.0599365234, 0.513061523, 0.405397985, 0.693333845, 0.59583552, 0, 0, -0, 0, 0, 0, 0, 0.348228564, -0.104955273, -0.128621387, 0.0799743924, 0.363686127, -0.928032536, 0.301147461, -0.896240234, -0.325317383, -0.950092174, -0.253411726, -0.181250678, 0, 2, 5, 1, 
351.862842, 44, 0.1, 0.1, 0.0317431429, 0.38125113, -0.0349699631, 0.954280244, -0.298913392, 1.38558297e-005, 0.298913392, 0.954280244, 6.17885632e-006, -1.50692874e-005, -1.75466747e-006, 1, 0.954280253, -0.298913364, 8.50490084e-006, 0.298913364, 0.954280253, -4.66229157e-006, -6.72243767e-006, 6.9913613e-006, 1, 0, 0, 0, 0, 0, 0, 0, 0.273903516, -0.138016602, -0.158141138, -0.320038591, 0.718009202, -0.618012834, -0.856201172, 0.0599365234, 0.513061523, 0.405397985, 0.693333845, 0.59583552, 0, 0, -0, 0, 0, 0, 0, 0.348228564, -0.104955273, -0.128621387, 0.0799743924, 0.363686127, -0.928032536, 0.301147461, -0.896240234, -0.325317383, -0.950092174, -0.253411726, -0.181250678, 0, 2, 5, 1, 
351.863575, 44, 0.1, 0.1, 0.0317431414, 0.381251134, -0.0349710617, 0.954280211, -0.298913496, -1.53903761e-005, 0.298913496, 0.954280212, -8.14986319e-006, 1.71228355e-005, 3.17686204e-006, 1, 0.954280212, -0.298913494, -7.34289769e-006, 0.298913494, 0.954280212, -9.24329739e-006, 9.77012828e-006, 6.62580459e-006, 1, 0, 0, 0, 0, 0, 0, 0, 0.274790845, -0.139397559, -0.157852832, -0.324374149, 0.717115055, -0.616749872, -0.855712891, 0.0551757812, 0.514404297, 0.402994871, 0.694711384, 0.596006262, 0, 0, -0, 0, 0, 0, 0, 0.348916455, -0.105933936, -0.127929687, 0.0763709905, 0.364509319, -0.928013213, 0.307128906, -0.894042969, -0.325927734, -0.948507024, -0.260076055, -0.180266706, 0, 2, 5, 1, 
351.864276, 44, 0.1, 0.1, 0.0317431423, 0.381251137, -0.0349713811, 0.954280239, -0.298913408, 1.58500489e-005, 0.298913408, 0.954280239, 1.37765794e-006, -1.55371889e-005, 3.42312039e-006, 1, 0.954280233, -0.298913428, 7.63013268e-006, 0.298913428, 0.954280233, 1.0520918e-006, -7.59576916e-006, 1.27675871e-006, 1, 0, 0, 0, 0, 0, 0, 0, 0.274790845, -0.139397559, -0.157852832, -0.324374149, 0.717115055, -0.616749872, -0.855712891, 0.0551757812, 0.514404297, 0.402994871, 0.694711384, 0.596006262, 0, 0, -0, 0, 0, 0, 0, 0.348916455, -0.105933936, -0.127929687, 0.0763709905, 0.364509319, -0.928013213, 0.307128906, -0.894042969, -0.325927734, -0.948507024, -0.260076055, -0.180266706, 0, 2, 5, 1, 
351.864974, 44, 0.1, 0.1, 0.031743141, 0.381251139, -0.0349711437, 0.954280235, -0.298913419, -1.28639191e-005, 0.298913419, 0.954280235, -5.69287986e-006, 1.3977462e-005, 1.58740468e-006, 1, 0.954280243, -0.298913395, -8.35206189e-006, 0.298913395, 0.954280243, 4.0474872e-006, 6.7603595e-006, -6.35898024e-006, 1, 0, 0, 0, 0, 0, 0, 0, 0.274790845, -0.139397559, -0.157852832, -0.324374149, 0.717115055, -0.616749872, -0.855712891, 0.0551757812, 0.514404297, 0.402994871, 0.694711384, 0.596006262, 0, 0, -0, 0, 0, 0, 0, 0.348916455, -0.105933936, -0.127929687, 0.0763709905, 0.364509319, -0.928013213, 0.307128906, -0.894042969, -0.325927734, -0.948507024, -0.260076055, -0.180266706, 0, 2, 5, 1, 
