time, trialNum, realDorsalTactorPos, realVentralTactorPos, boxPosX, boxPosY, boxPosZ, boxLocalRot_11, boxLocalRot_12, boxLocalRot_13, boxLocalRot_21, boxLocalRot_22, boxLocalRot_23, boxLocalRot_31, boxLocalRot_32, boxLocalRot_33, boxGlobalRot_11, boxGlobalRot_12, boxGlobalRot_13, boxGlobalRot_21, boxGlobalRot_22, boxGlobalRot_23, boxGlobalRot_31, boxGlobalRot_32, boxGlobalRot_33, indexForceX, indexForceY, indexForceZ, indexForceGlobalX, indexForceGlobalY, indexForceGlobalZ, indexContact, indexPosX, indexPosY, indexPosZ, indexRot_11, indexRot_12, indexRot_13, indexRot_21, indexRot_22, indexRot_23, indexRot_31, indexRot_32, indexRot_33, thumbForceX, thumbForceY, thumbForceZ, thumbForceGlobalX, thumbForceGlobalY, thumbForceGlobalZ, thumbContact, thumbPosX, thumbPosY, thumbPosZ, thumbRot_11, thumbRot_12, thumbRot_13, thumbRot_21, thumbRot_22, thumbRot_23, thumbRot_31, thumbRot_32, thumbRot_33, manipForceTooHigh, cceExpType, mapping, trialSuccess, 
411.241029, 51, 0.1, 0.1, 0.00237824089, 0.387589323, -0.0349727318, 0.849064048, -5.17225985e-006, 0.528289923, 0.528289923, -1.28579021e-006, -0.849064048, 5.0708499e-006, 1, 1.64073452e-006, 0.849064061, -5.43525048e-006, 0.528289902, 0.528289902, -9.84379365e-006, -0.849064061, 9.81525262e-006, 1, -5.48662347e-006, 0, 0, 0, 0, 0, 0, 0, 0.250543018, -0.0964098633, -0.186474023, -0.350579653, 0.780630912, -0.517304973, -0.7890625, 0.0513916016, 0.612182617, 0.504412267, 0.622855493, 0.598052976, 0, 0, -0, 0, 0, 0, 0, 0.333493555, -0.0624699707, -0.157330029, 0.087451352, 0.505131749, -0.858530357, 0.32434082, -0.829223633, -0.454956055, -0.941819009, -0.238667935, -0.236421744, 0, 2, 1, 1, 
411.247275, 51, 0.1, 0.1, 0.00237818304, 0.387589348, -0.0349806513, 0.849063574, -1.05665386e-005, 0.528290684, 0.528290684, -6.94714435e-006, -0.849063574, 1.26417747e-005, 1, -3.16363294e-007, 0.849063601, -2.52771225e-006, 0.528290642, 0.528290642, -2.36634969e-006, -0.849063601, 3.39630886e-006, 1, -6.73814655e-007, 0, 0, 0, 0, 0, 0, 0, 0.253984106, -0.103200781, -0.185054883, -0.361321754, 0.773895606, -0.520021857, -0.790161133, 0.0419921875, 0.611450195, 0.495113967, 0.631832144, 0.596505818, 0, 0, -0, 0, 0, 0, 0, 0.336250781, -0.068092334, -0.155676904, 0.0804811547, 0.502905675, -0.860472782, 0.338500977, -0.825805664, -0.450927734, -0.937396412, -0.254858457, -0.236625901, 0, 2, 1, 1, 
411.247991, 51, 0.1, 0.1, 0.00237818534, 0.387589354, -0.0349737302, 0.849063459, 3.06872173e-006, 0.52829087, 0.52829087, 7.5341542e-006, -0.849063459, -6.58576436e-006, 1, 4.77579735e-006, 0.849063486, -5.07742761e-006, 0.528290826, 0.528290826, -3.42741724e-006, -0.849063486, 6.12173147e-006, 1, -2.27736402e-007, 0, 0, 0, 0, 0, 0, 0, 0.25543938, -0.105550146, -0.18428252, -0.363220875, 0.7714221, -0.522344839, -0.791259766, 0.0404052734, 0.609985352, 0.491707, 0.634942932, 0.595885006, 0, 0, -0, 0, 0, 0, 0, 0.337569238, -0.0700259766, -0.154847412, 0.0797210288, 0.501991332, -0.861099113, 0.342529297, -0.824951172, -0.44934082, -0.936003392, -0.259005068, -0.237673673, 0, 2, 1, 1, 
411.248679, 51, 0.1, 0.1, 0.00237818242, 0.387589357, -0.0349665225, 0.849063372, -9.81089117e-006, 0.528291009, 0.528291009, -1.05700817e-005, -0.849063372, 1.39141475e-005, 1, -3.7916636e-006, 0.849063383, 3.68283549e-006, 0.528290992, 0.528290992, -3.47391895e-006, -0.849063383, -1.29172067e-006, 1, -4.89518619e-006, 0, 0, 0, 0, 0, 0, 0, 0.25543938, -0.105550146, -0.18428252, -0.363220875, 0.7714221, -0.522344839, -0.791259766, 0.0404052734, 0.609985352, 0.491707, 0.634942932, 0.595885006, 0, 0, -0, 0, 0, 0, 0, 0.337569238, -0.0700259766, -0.154847412, 0.0797210288, 0.501991332, -0.861099113, 0.342529297, -0.824951172, -0.44934082, -0.936003392, -0.259005068, -0.237673673, 0, 2, 1, 1, 
411.249371, 51, 0.1, 0.1, 0.00237818489, 0.387589362, -0.0349608752, 0.849063342, 8.13329947e-006, 0.528291058, 0.528291058, 1.32258766e-005, -0.849063342, -1.38927987e-005, 1, 6.93285757e-006, 0.849063356, -3.73907728e-006, 0.528291035, 0.528291035, -3.46330779e-006, -0.849063356, 5.00434796e-006, 1, -9.65246726e-007, 0, 0, 0, 0, 0, 0, 0, 0.25543938, -0.105550146, -0.18428252, -0.363220875, 0.7714221, -0.522344839, -0.791259766, 0.0404052734, 0.609985352, 0.491707, 0.634942932, 0.595885006, 0, 0, -0, 0, 0, 0, 0, 0.337569238, -0.0700259766, -0.154847412, 0.0797210288, 0.501991332, -0.861099113, 0.342529297, -0.824951172, -0.44934082, -0.936003392, -0.259005068, -0.237673673, 0, 2, 1, 1, 
411.250057, 51, 0.1, 0.1, 0.00237817817, 0.387589365, -0.0349582666, 0.849063357, -1.92421957e-007, 0.528291033, 0.528291033, -1.61298476e-005, -0.849063357, 8.68463227e-006, 1, -1.35936077e-005, 0.849063339, 1.75480128e-005, 0.528291061, 0.528291061, -8.32357029e-006, -0.849063339, -1.05021065e-005, 1, -1.63376967e-005, 0, 0, 0, 0, 0, 0, 0, 0.25543938, -0.105550146, -0.18428252, -0.363220875, 0.7714221, -0.522344839, -0.791259766, 0.0404052734, 0.609985352, 0.491707, 0.634942932, 0.595885006, 0, 0, -0, 0, 0, 0, 0, 0.337569238, -0.0700259766, -0.154847412, 0.0797210288, 0.501991332, -0.861099113, 0.342529297, -0.824951172, -0.44934082, -0.936003392, -0.259005068, -0.237673673, 0, 2, 1, 1, 
411.250746, 51, 0.1, 0.1, 0.00237818298, 0.387589367, -0.0349591977, 0.84906357, 1.30912829e-006, 0.528290691, 0.528290691, 1.99462627e-005, -0.84906357, -1.1648958e-005, 1, 1.62440447e-005, 0.849063517, -1.7673906e-005, 0.528290777, 0.528290777, 1.61650286e-005, -0.849063516, 6.4664333e-006, 1, 2.30620975e-005, 0, 0, 0, 0, 0, 0, 0, 0.25543938, -0.105550146, -0.18428252, -0.363220875, 0.7714221, -0.522344839, -0.791259766, 0.0404052734, 0.609985352, 0.491707, 0.634942932, 0.595885006, 0, 0, -0, 0, 0, 0, 0, 0.337569238, -0.0700259766, -0.154847412, 0.0797210288, 0.501991332, -0.861099113, 0.342529297, -0.824951172, -0.44934082, -0.936003392, -0.259005068, -0.237673673, 0, 2, 1, 1, 
411.251434, 51, 0.1, 0.1, 0.00237817386, 0.387589375, -0.0349632627, 0.849063971, 1.07334135e-005, 0.528290047, 0.528290047, -3.06338121e-005, -0.84906397, 7.07018337e-006, 0.999999999, -3.16804217e-005, 0.849063877, 2.62983491e-005, 0.528290196, 0.528290197, -2.41268931e-005, -0.849063877, -9.58297717e-006, 0.999999999, -3.43784334e-005, 0, 0, 0, 0, 0, 0, 0, 0.25543938, -0.105550146, -0.18428252, -0.363220875, 0.7714221, -0.522344839, -0.791259766, 0.0404052734, 0.609985352, 0.491707, 0.634942932, 0.595885006, 0, 0, -0, 0, 0, 0, 0, 0.337569238, -0.0700259766, -0.154847412, 0.0797210288, 0.501991332, -0.861099113, 0.342529297, -0.824951172, -0.44934082, -0.936003392, -0.259005068, -0.237673673, 0, 2, 1, 1, 
411.25212, 51, 0.1, 0.1, 0.00237817777, 0.387589378, -0.0349689852, 0.849064539, -1.38656837e-005, 0.528289134, 0.528289134, 3.15076856e-005, -0.849064538, -4.87230762e-006, 0.999999999, 3.40771486e-005, 0.849064412, -2.14297672e-005, 0.528289337, 0.528289338, 1.83280301e-005, -0.849064412, 8.51274982e-006, 1, 2.68827956e-005, 0, 0, 0, 0, 0, 0, 0, 0.25543938, -0.105550146, -0.18428252, -0.363220875, 0.7714221, -0.522344839, -0.791259766, 0.0404052734, 0.609985352, 0.491707, 0.634942932, 0.595885006, 0, 0, -0, 0, 0, 0, 0, 0.337569238, -0.0700259766, -0.154847412, 0.0797210288, 0.501991332, -0.861099113, 0.342529297, -0.824951172, -0.44934082, -0.936003392, -0.259005068, -0.237673673, 0, 2, 1, 1, 
411.252855, 51, 0.1, 0.1, 0.00237817656, 0.387589375, -0.0349745472, 0.849065239, 4.70570397e-006, 0.528288009, 0.528288009, -1.06504487e-005, -0.849065239, 1.63105469e-006, 1, -1.15288928e-005, 0.849065107, 4.38561143e-006, 0.528288221, 0.528288221, 1.02753558e-005, -0.849065107, -9.15201908e-006, 1, 6.40757922e-006, 0, 0, 0, 0, 0, 0, 0, 0.25633562, -0.107923315, -0.183697388, -0.367328403, 0.768441237, -0.523919329, -0.791503906, 0.0374755859, 0.609985352, 0.488402627, 0.638752036, 0.594527686, 0, 0, -0, 0, 0, 0, 0, 0.338316699, -0.0719981934, -0.154450488, 0.077139879, 0.500814862, -0.862012723, 0.346557617, -0.82409668, -0.447875977, -0.93480177, -0.264161171, -0.237155984, 0, 2, 1, 1, 
411.253546, 51, 0.1, 0.1, 0.00237817141, 0.387589389, -0.03497799, 0.849065815, 1.93297304e-005, 0.528287082, 0.528287083, -1.94373039e-005, -0.849065815, -6.14373671e-006, 1, -2.67151972e-005, 0.849065711, 1.51664946e-005, 0.52828725, 0.52828725, -2.94720196e-005, -0.849065711, 2.6923417e-006, 0.999999999, -3.3035947e-005, 0, 0, 0, 0, 0, 0, 0, 0.25633562, -0.107923315, -0.183697388, -0.367328403, 0.768441237, -0.523919329, -0.791503906, 0.0374755859, 0.609985352, 0.488402627, 0.638752036, 0.594527686, 0, 0, -0, 0, 0, 0, 0, 0.338316699, -0.0719981934, -0.154450488, 0.077139879, 0.500814862, -0.862012723, 0.346557617, -0.82409668, -0.447875977, -0.93480177, -0.264161171, -0.237155984, 0, 2, 1, 1, 
411.254237, 51, 0.1, 0.1, 0.00237817083, 0.387589388, -0.0349788669, 0.849066188, -2.41618932e-005, 0.528286483, 0.528286484, 2.53901666e-005, -0.849066187, 7.10176473e-006, 0.999999999, 3.43223335e-005, 0.849066135, -1.20489447e-005, 0.528286568, 0.528286569, 2.41742722e-005, -0.849066135, -2.54059241e-006, 1, 2.68908515e-005, 0, 0, 0, 0, 0, 0, 0, 0.25633562, -0.107923315, -0.183697388, -0.367328403, 0.768441237, -0.523919329, -0.791503906, 0.0374755859, 0.609985352, 0.488402627, 0.638752036, 0.594527686, 0, 0, -0, 0, 0, 0, 0, 0.338316699, -0.0719981934, -0.154450488, 0.077139879, 0.500814862, -0.862012723, 0.346557617, -0.82409668, -0.447875977, -0.93480177, -0.264161171, -0.237155984, 0, 2, 1, 1, 
411.254926, 51, 0.1, 0.1, 0.00237817716, 0.387589386, -0.0349771379, 0.849066405, -9.88674296e-007, 0.528286135, 0.528286135, 4.82753487e-006, -0.849066405, -1.71086961e-006, 1, 4.6212006e-006, 0.849066369, -1.6368875e-005, 0.528286192, 0.528286192, 1.2041491e-005, -0.849066369, 7.53690789e-006, 1, 1.88714757e-005, 0, 0, 0, 0, 0, 0, 0, 0.25633562, -0.107923315, -0.183697388, -0.367328403, 0.768441237, -0.523919329, -0.791503906, 0.0374755859, 0.609985352, 0.488402627, 0.638752036, 0.594527686, 0, 0, -0, 0, 0, 0, 0, 0.338316699, -0.0719981934, -0.154450488, 0.077139879, 0.500814862, -0.862012723, 0.346557617, -0.82409668, -0.447875977, -0.93480177, -0.264161171, -0.237155984, 0, 2, 1, 1, 
411.25563, 51, 0.1, 0.1, 0.00237817015, 0.387589398, -0.0349732157, 0.849066694, 1.16422131e-005, 0.528285671, 0.528285671, -3.20156838e-005, -0.849066693, 7.02841157e-006, 0.999999999, -3.33338652e-005, 0.849066631, 1.62236343e-005, 0.528285771, 0.528285771, -3.35888491e-005, -0.84906663, 3.96956451e-006, 0.999999999, -3.70898861e-005, 0, 0, 0, 0, 0, 0, 0, 0.25633562, -0.107923315, -0.183697388, -0.367328403, 0.768441237, -0.523919329, -0.791503906, 0.0374755859, 0.609985352, 0.488402627, 0.638752036, 0.594527686, 0, 0, -0, 0, 0, 0, 0, 0.339066113, -0.0735327148, -0.153830566, 0.0743607686, 0.499887392, -0.862741133, 0.352172852, -0.822631836, -0.446289062, -0.932884497, -0.27051853, -0.237232543, 0, 2, 1, 1, 
411.25632, 51, 0.1, 0.1, 0.00237817018, 0.387589401, -0.0349687318, 0.849066975, -1.47827306e-005, 0.528285218, 0.528285218, 2.33589932e-005, -0.849066975, 2.11317485e-007, 1, 2.76428478e-005, 0.849066928, -1.26990206e-005, 0.528285294, 0.528285295, 1.740096e-005, -0.849066927, 1.58964708e-006, 1, 2.14832855e-005, 0, 0, 0, 0, 0, 0, 0, 0.25633562, -0.107923315, -0.183697388, -0.367328403, 0.768441237, -0.523919329, -0.791503906, 0.0374755859, 0.609985352, 0.488402627, 0.638752036, 0.594527686, 0, 0, -0, 0, 0, 0, 0, 0.339066113, -0.0735327148, -0.153830566, 0.0743607686, 0.499887392, -0.862741133, 0.352172852, -0.822631836, -0.446289062, -0.932884497, -0.27051853, -0.237232543, 0, 2, 1, 1, 
411.257005, 51, 0.1, 0.1, 0.00237817048, 0.387589403, -0.0349649822, 0.849067241, -1.1451685e-007, 0.528284791, 0.528284791, -2.36189517e-005, -0.84906724, 1.25747655e-005, 1, -1.99935806e-005, 0.849067188, -2.22425297e-006, 0.528284876, 0.528284875, -1.18348838e-005, -0.849067188, 8.14073035e-006, 1, -8.87357234e-006, 0, 0, 0, 0, 0, 0, 0, 0.25633562, -0.107923315, -0.183697388, -0.367328403, 0.768441237, -0.523919329, -0.791503906, 0.0374755859, 0.609985352, 0.488402627, 0.638752036, 0.594527686, 0, 0, -0, 0, 0, 0, 0, 0.339066113, -0.0735327148, -0.153830566, 0.0743607686, 0.499887392, -0.862741133, 0.352172852, -0.822631836, -0.446289062, -0.932884497, -0.27051853, -0.237232543, 0, 2, 1, 1, 
411.257708, 51, 0.1, 0.1, 0.00237816591, 0.387589408, -0.0349627342, 0.849067429, 8.43014594e-006, 0.528284489, 0.528284488, 2.04930987e-005, -0.849067429, -1.79839485e-005, 1, 1.29465073e-005, 0.849067406, 1.33526794e-005, 0.528284525, 0.528284525, 1.35239944e-005, -0.849067406, -1.84818418e-005, 1, 4.42876901e-006, 0, 0, 0, 0, 0, 0, 0, 0.257651978, -0.109854761, -0.183094678, -0.371912209, 0.765358902, -0.5251763, -0.791748047, 0.0336914062, 0.609741211, 0.484432137, 0.642700804, 0.593614443, 0, 0, -0, 0, 0, 0, 0, 0.339066113, -0.0735327148, -0.153830566, 0.0743607686, 0.499887392, -0.862741133, 0.352172852, -0.822631836, -0.446289062, -0.932884497, -0.27051853, -0.237232543, 0, 2, 1, 1, 
411.258402, 51, 0.1, 0.1, 0.00237816604, 0.387589411, -0.0349627353, 0.84906746, 1.1749343e-006, 0.528284439, 0.528284439, -5.38459273e-006, -0.84906746, 1.84699807e-006, 1, -5.19258199e-006, 0.849067463, -3.82015329e-006, 0.528284435, 0.528284435, -1.07630466e-005, -0.849067463, 8.92951786e-006, 1, -7.12042516e-006, 0, 0, 0, 0, 0, 0, 0, 0.257651978, -0.109854761, -0.183094678, -0.371912209, 0.765358902, -0.5251763, -0.791748047, 0.0336914062, 0.609741211, 0.484432137, 0.642700804, 0.593614443, 0, 0, -0, 0, 0, 0, 0, 0.339066113, -0.0735327148, -0.153830566, 0.0743607686, 0.499887392, -0.862741133, 0.352172852, -0.822631836, -0.446289062, -0.932884497, -0.27051853, -0.237232543, 0, 2, 1, 1, 
411.259093, 51, 0.1, 0.1, 0.00237816153, 0.387589413, -0.0349647634, 0.849067462, 4.01342966e-006, 0.528284436, 0.528284436, -1.30906263e-005, -0.849067462, 3.50790157e-006, 1, -1.32350572e-005, 0.849067452, 1.32557397e-005, 0.528284451, 0.528284451, -2.93786266e-006, -0.849067452, -9.70298995e-006, 1, -9.49724472e-006, 0, 0, 0, 0, 0, 0, 0, 0.257651978, -0.109854761, -0.183094678, -0.371912209, 0.765358902, -0.5251763, -0.791748047, 0.0336914062, 0.609741211, 0.484432137, 0.642700804, 0.593614443, 0, 0, -0, 0, 0, 0, 0, 0.339066113, -0.0735327148, -0.153830566, 0.0743607686, 0.499887392, -0.862741133, 0.352172852, -0.822631836, -0.446289062, -0.932884497, -0.27051853, -0.237232543, 0, 2, 1, 1, 
411.259809, 51, 0.1, 0.1, 0.00237816263, 0.387589415, -0.0349681829, 0.849067589, -1.50029957e-006, 0.528284231, 0.528284231, 2.42610027e-005, -0.849067589, -1.15428494e-005, 1, 2.13918157e-005, 0.849067553, -5.31591931e-006, 0.52828429, 0.52828429, 2.03149898e-005, -0.849067553, -6.21851534e-006, 1, 2.00571153e-005, 0, 0, 0, 0, 0, 0, 0, 0.258753149, -0.112240137, -0.182281543, -0.376381438, 0.762136904, -0.526649318, -0.791625977, 0.0306396484, 0.610107422, 0.481185051, 0.646548101, 0.592117459, 0, 0, -0, 0, 0, 0, 0, 0.339066113, -0.0735327148, -0.153830566, 0.0716071779, 0.498557438, -0.863776145, 0.357055664, -0.821411133, -0.444458008, -0.931210028, -0.276549964, -0.236727613, 0, 2, 1, 1, 
411.260505, 51, 0.1, 0.1, 0.00237816162, 0.38758942, -0.0349714955, 0.849067765, 1.15789943e-006, 0.528283949, 0.528283949, -2.46096983e-005, -0.849067765, 1.20177735e-005, 1, -2.15070012e-005, 0.849067733, -3.50522882e-007, 0.528284, 0.528284, -2.14230476e-005, -0.849067733, 1.16150709e-005, 1, -1.80044428e-005, 0, 0, 0, 0, 0, 0, 0, 0.258753149, -0.112240137, -0.182281543, -0.376381438, 0.762136904, -0.526649318, -0.791625977, 0.0306396484, 0.610107422, 0.481185051, 0.646548101, 0.592117459, 0, 0, -0, 0, 0, 0, 0, 0.340035352, -0.0753102539, -0.152995459, 0.0716071779, 0.498557438, -0.863776145, 0.357055664, -0.821411133, -0.444458008, -0.931210028, -0.276549964, -0.236727613, 0, 2, 1, 1, 
411.261196, 51, 0.1, 0.1, 0.00237816085, 0.387589423, -0.0349741053, 0.849067857, -1.42060247e-005, 0.528283801, 0.528283801, 2.04702839e-005, -0.849067856, 1.24775956e-006, 1, 2.48854728e-005, 0.849067854, -4.28463426e-006, 0.528283806, 0.528283806, 1.46575649e-005, -0.849067854, -4.10540898e-006, 1, 1.47087701e-005, 0, 0, 0, 0, 0, 0, 0, 0.258753149, -0.112240137, -0.182281543, -0.376381438, 0.762136904, -0.526649318, -0.791625977, 0.0306396484, 0.610107422, 0.481185051, 0.646548101, 0.592117459, 0, 0, -0, 0, 0, 0, 0, 0.340035352, -0.0753102539, -0.152995459, 0.0716071779, 0.498557438, -0.863776145, 0.357055664, -0.821411133, -0.444458008, -0.931210028, -0.276549964, -0.236727613, 0, 2, 1, 1, 
411.261887, 51, 0.1, 0.1, 0.00237816418, 0.387589421, -0.0349753508, 0.84906789, -5.10136259e-006, 0.528283748, 0.528283748, -2.11282159e-006, -0.84906789, 5.44757248e-006, 1, 9.01037981e-007, 0.849067887, -1.19220785e-005, 0.528283752, 0.528283752, 1.00193736e-005, -0.849067887, 4.82958173e-006, 1, 1.48053688e-005, 0, 0, 0, 0, 0, 0, 0, 0.258753149, -0.112240137, -0.182281543, -0.376381438, 0.762136904, -0.526649318, -0.791625977, 0.0306396484, 0.610107422, 0.481185051, 0.646548101, 0.592117459, 0, 0, -0, 0, 0, 0, 0, 0.340035352, -0.0753102539, -0.152995459, 0.0716071779, 0.498557438, -0.863776145, 0.357055664, -0.821411133, -0.444458008, -0.931210028, -0.276549964, -0.236727613, 0, 2, 1, 1, 
411.262577, 51, 0.1, 0.1, 0.00237815611, 0.387589432, -0.0349749461, 0.849067837, 2.10188574e-005, 0.528283832, 0.528283833, -2.65525928e-005, -0.849067837, -3.81913031e-006, 0.999999999, -3.36488751e-005, 0.849067847, 2.72556719e-005, 0.528283816, 0.528283816, -2.70308053e-005, -0.849067847, -8.86197767e-006, 0.999999999, -3.7349718e-005, 0, 0, 0, 0, 0, 0, 0, 0.258753149, -0.112240137, -0.182281543, -0.376381438, 0.762136904, -0.526649318, -0.791625977, 0.0306396484, 0.610107422, 0.481185051, 0.646548101, 0.592117459, 0, 0, -0, 0, 0, 0, 0, 0.340035352, -0.0753102539, -0.152995459, 0.0716071779, 0.498557438, -0.863776145, 0.357055664, -0.821411133, -0.444458008, -0.931210028, -0.276549964, -0.236727613, 0, 2, 1, 1, 
411.26327, 51, 0.1, 0.1, 0.00237815698, 0.387589436, -0.0349731323, 0.849067877, -8.07281675e-006, 0.528283768, 0.528283768, 2.34468864e-005, -0.849067877, -5.53224009e-006, 1, 2.41727361e-005, 0.849067852, -1.27770712e-005, 0.528283809, 0.528283809, 1.27972857e-005, -0.849067852, 4.08800163e-006, 1, 1.76156837e-005, 0, 0, 0, 0, 0, 0, 0, 0.258753149, -0.112240137, -0.182281543, -0.376381438, 0.762136904, -0.526649318, -0.791625977, 0.0306396484, 0.610107422, 0.481185051, 0.646548101, 0.592117459, 0, 0, -0, 0, 0, 0, 0, 0.340035352, -0.0753102539, -0.152995459, 0.0716071779, 0.498557438, -0.863776145, 0.357055664, -0.821411133, -0.444458008, -0.931210028, -0.276549964, -0.236727613, 0, 2, 1, 1, 
411.263962, 51, 0.1, 0.1, 0.00237815724, 0.387589436, -0.0349704827, 0.849068018, -2.67202731e-006, 0.528283542, 0.528283542, -1.59351506e-005, -0.849068018, 1.06870107e-005, 1, -1.21184387e-005, 0.849067991, -3.39818912e-006, 0.528283586, 0.528283586, -6.0766225e-006, -0.849067991, 6.09547354e-006, 1, -3.36425813e-006, 0, 0, 0, 0, 0, 0, 0, 0.258753149, -0.112240137, -0.182281543, -0.376381438, 0.762136904, -0.526649318, -0.791625977, 0.0306396484, 0.610107422, 0.481185051, 0.646548101, 0.592117459, 0, 0, -0, 0, 0, 0, 0, 0.340035352, -0.0753102539, -0.152995459, 0.0716071779, 0.498557438, -0.863776145, 0.357055664, -0.821411133, -0.444458008, -0.931210028, -0.276549964, -0.236727613, 0, 2, 1, 1, 
411.264678, 51, 0.1, 0.1, 0.0023781551, 0.387589439, -0.0349675998, 0.849068105, 4.10458793e-007, 0.528283403, 0.528283403, 2.19527501e-005, -0.849068104, -1.1945781e-005, 1, 1.84225414e-005, 0.849068099, 5.7090667e-006, 0.528283412, 0.528283412, 1.58069107e-005, -0.849068099, -1.31979151e-005, 1, 1.04051384e-005, 0, 0, 0, 0, 0, 0, 0, 0.259459839, -0.114545312, -0.182269214, -0.379942295, 0.760595737, -0.526338912, -0.790771484, 0.0280761719, 0.611328125, 0.479771565, 0.648522485, 0.590955968, 0, 0, -0, 0, 0, 0, 0, 0.340035352, -0.0753102539, -0.152995459, 0.0684190201, 0.498313902, -0.864229669, 0.360595703, -0.819946289, -0.444213867, -0.930072204, -0.281239784, -0.235916082, 0, 2, 1, 1, 
411.265368, 51, 0.1, 0.1, 0.0023781561, 0.387589444, -0.0349654852, 0.849068047, 7.72927769e-006, 0.528283495, 0.528283495, -2.29813185e-005, -0.849068047, 5.57796853e-006, 1, -2.3595953e-005, 0.849068074, -2.86607764e-006, 0.528283452, 0.528283452, -1.83487928e-005, -0.849068074, 1.21268587e-005, 1, -1.40652728e-005, 0, 0, 0, 0, 0, 0, 0, 0.259459839, -0.114545312, -0.182269214, -0.379942295, 0.760595737, -0.526338912, -0.790771484, 0.0280761719, 0.611328125, 0.479771565, 0.648522485, 0.590955968, 0, 0, -0, 0, 0, 0, 0, 0.340741309, -0.0772109375, -0.153008398, 0.0684190201, 0.498313902, -0.864229669, 0.360595703, -0.819946289, -0.444213867, -0.930072204, -0.281239784, -0.235916082, 0, 2, 1, 1, 
411.266059, 51, 0.1, 0.1, 0.00237815206, 0.387589448, -0.0349647962, 0.849067831, -1.38478464e-005, 0.528283842, 0.528283842, 7.27833115e-006, -0.849067831, 7.91273618e-006, 1, 1.34953904e-005, 0.849067887, 1.85760658e-006, 0.528283753, 0.528283753, 6.26614435e-006, -0.849067887, -4.88753634e-006, 1, 4.33903857e-006, 0, 0, 0, 0, 0, 0, 0, 0.259459839, -0.114545312, -0.182269214, -0.379942295, 0.760595737, -0.526338912, -0.790771484, 0.0280761719, 0.611328125, 0.479771565, 0.648522485, 0.590955968, 0, 0, -0, 0, 0, 0, 0, 0.340741309, -0.0772109375, -0.153008398, 0.0684190201, 0.498313902, -0.864229669, 0.360595703, -0.819946289, -0.444213867, -0.930072204, -0.281239784, -0.235916082, 0, 2, 1, 1, 
411.266753, 51, 0.1, 0.1, 0.00237815233, 0.387589453, -0.0349655977, 0.849067546, 2.07522026e-005, 0.5282843, 0.5282843, -1.32657679e-005, -0.849067546, -1.06119248e-005, 1, -2.22265958e-005, 0.849067601, 1.08772656e-005, 0.528284211, 0.528284212, -9.03106939e-006, -0.849067601, -4.46456246e-006, 1, -1.34142761e-005, 0, 0, 0, 0, 0, 0, 0, 0.259459839, -0.114545312, -0.182269214, -0.379942295, 0.760595737, -0.526338912, -0.790771484, 0.0280761719, 0.611328125, 0.479771565, 0.648522485, 0.590955968, 0, 0, -0, 0, 0, 0, 0, 0.340741309, -0.0772109375, -0.153008398, 0.0684190201, 0.498313902, -0.864229669, 0.360595703, -0.819946289, -0.444213867, -0.930072204, -0.281239784, -0.235916082, 0, 2, 1, 1, 
411.267453, 51, 0.1, 0.1, 0.00237815128, 0.387589458, -0.0349675568, 0.849067326, -1.80543896e-005, 0.528284653, 0.528284654, 8.91669162e-006, -0.849067326, 1.0618841e-005, 1, 1.71087285e-005, 0.849067356, -1.38117972e-005, 0.528284606, 0.528284606, 1.65133565e-007, -0.849067356, 1.16399086e-005, 1, 7.43676936e-006, 0, 0, 0, 0, 0, 0, 0, 0.259459839, -0.114545312, -0.182269214, -0.379942295, 0.760595737, -0.526338912, -0.790771484, 0.0280761719, 0.611328125, 0.479771565, 0.648522485, 0.590955968, 0, 0, -0, 0, 0, 0, 0, 0.340741309, -0.0772109375, -0.153008398, 0.0684190201, 0.498313902, -0.864229669, 0.360595703, -0.819946289, -0.444213867, -0.930072204, -0.281239784, -0.235916082, 0, 2, 1, 1, 
411.268145, 51, 0.1, 0.1, 0.00237814954, 0.387589458, -0.0349699784, 0.849067272, 1.21415073e-005, 0.528284741, 0.528284741, -5.79806184e-006, -0.849067272, -7.24592892e-006, 1, -1.13371176e-005, 0.849067269, 1.29350578e-005, 0.528284746, 0.528284746, 3.6304998e-006, -0.849067269, -1.29006719e-005, 1, -3.75085518e-006, 0, 0, 0, 0, 0, 0, 0, 0.259459839, -0.114545312, -0.182269214, -0.379942295, 0.760595737, -0.526338912, -0.790771484, 0.0280761719, 0.611328125, 0.479771565, 0.648522485, 0.590955968, 0, 0, -0, 0, 0, 0, 0, 0.340741309, -0.0772109375, -0.153008398, 0.0684190201, 0.498313902, -0.864229669, 0.360595703, -0.819946289, -0.444213867, -0.930072204, -0.281239784, -0.235916082, 0, 2, 1, 1, 
411.268837, 51, 0.1, 0.1, 0.00237815, 0.387589461, -0.0349721713, 0.849067363, -4.57975247e-006, 0.528284595, 0.528284595, 1.98815455e-005, -0.849067363, -6.61459588e-006, 1, 1.93001841e-005, 0.849067334, -8.93470763e-006, 0.528284641, 0.528284641, 8.56091375e-006, -0.849067334, 3.06356914e-006, 1, 1.1988861e-005, 0, 0, 0, 0, 0, 0, 0, 0.259459839, -0.114545312, -0.182269214, -0.379942295, 0.760595737, -0.526338912, -0.790771484, 0.0280761719, 0.611328125, 0.479771565, 0.648522485, 0.590955968, 0, 0, -0, 0, 0, 0, 0, 0.340741309, -0.0772109375, -0.153008398, 0.0684190201, 0.498313902, -0.864229669, 0.360595703, -0.819946289, -0.444213867, -0.930072204, -0.281239784, -0.235916082, 0, 2, 1, 1, 
411.26956, 51, 0.1, 0.1, 0.00237814938, 0.387589462, -0.0349733922, 0.849067528, -5.95139412e-007, 0.52828433, 0.52828433, -1.49705623e-005, -0.849067528, 8.41402702e-006, 1, -1.23966155e-005, 0.849067497, -8.76991174e-007, 0.528284379, 0.528284379, -6.41334463e-006, -0.849067497, 4.13269449e-006, 1, -4.98206174e-006, 0, 0, 0, 0, 0, 0, 0, 0.260610449, -0.116894678, -0.181884985, -0.383472073, 0.758122231, -0.527494412, -0.790771484, 0.0255126953, 0.611450195, 0.476993644, 0.651633273, 0.589903062, 0, 0, -0, 0, 0, 0, 0, 0.341720312, -0.0793663574, -0.152594873, 0.0659592718, 0.497571999, -0.864900476, 0.364379883, -0.818847656, -0.443237305, -0.928857822, -0.285859241, -0.235372873, 0, 2, 1, 1, 
411.270252, 51, 0.1, 0.1, 0.00237814736, 0.387589465, -0.0349732675, 0.849067637, 6.91903519e-007, 0.528284155, 0.528284155, 1.71013526e-005, -0.849067637, -9.62184652e-006, 1, 1.41546834e-005, 0.849067625, 4.98865045e-006, 0.528284174, 0.528284174, 1.18195827e-005, -0.849067625, -1.04798001e-005, 1, 7.40019993e-006, 0, 0, 0, 0, 0, 0, 0, 0.260610449, -0.116894678, -0.181884985, -0.383472073, 0.758122231, -0.527494412, -0.790771484, 0.0255126953, 0.611450195, 0.476993644, 0.651633273, 0.589903062, 0, 0, -0, 0, 0, 0, 0, 0.341720312, -0.0793663574, -0.152594873, 0.0659592718, 0.497571999, -0.864900476, 0.364379883, -0.818847656, -0.443237305, -0.928857822, -0.285859241, -0.235372873, 0, 2, 1, 1, 
411.270938, 51, 0.1, 0.1, 0.00237814828, 0.387589468, -0.0349721848, 0.849067624, 5.27711427e-006, 0.528284175, 0.528284175, -1.64711626e-005, -0.849067624, 4.22082768e-006, 1, -1.67729469e-005, 0.849067639, -3.36061051e-006, 0.528284151, 0.528284151, -1.30668545e-005, -0.849067639, 9.75639776e-006, 1, -9.31928601e-006, 0, 0, 0, 0, 0, 0, 0, 0.260610449, -0.116894678, -0.181884985, -0.383472073, 0.758122231, -0.527494412, -0.790771484, 0.0255126953, 0.611450195, 0.476993644, 0.651633273, 0.589903062, 0, 0, -0, 0, 0, 0, 0, 0.341720312, -0.0793663574, -0.152594873, 0.0659592718, 0.497571999, -0.864900476, 0.364379883, -0.818847656, -0.443237305, -0.928857822, -0.285859241, -0.235372873, 0, 2, 1, 1, 
411.271629, 51, 0.1, 0.1, 0.00237814524, 0.387589472, -0.034970519, 0.849067479, -1.23288139e-005, 0.528284408, 0.528284408, 8.84705845e-006, -0.849067479, 5.79423194e-006, 1, 1.40248698e-005, 0.849067519, 5.69977214e-007, 0.528284344, 0.528284344, 8.11543626e-006, -0.849067519, -4.77120706e-006, 1, 6.58944329e-006, 0, 0, 0, 0, 0, 0, 0, 0.260610449, -0.116894678, -0.181884985, -0.383472073, 0.758122231, -0.527494412, -0.790771484, 0.0255126953, 0.611450195, 0.476993644, 0.651633273, 0.589903062, 0, 0, -0, 0, 0, 0, 0, 0.341720312, -0.0793663574, -0.152594873, 0.0659592718, 0.497571999, -0.864900476, 0.364379883, -0.818847656, -0.443237305, -0.928857822, -0.285859241, -0.235372873, 0, 2, 1, 1, 
411.27235, 51, 0.1, 0.1, 0.00237814503, 0.387589475, -0.0349683813, 0.849067261, 2.11766542e-005, 0.528284758, 0.528284758, -1.15991115e-005, -0.849067261, -1.185277e-005, 1, -2.10357295e-005, 0.849067302, 1.22555204e-005, 0.528284693, 0.528284693, -7.44418305e-006, -0.849067302, -6.47311368e-006, 1, -1.27950162e-005, 0, 0, 0, 0, 0, 0, 0, 0.261572363, -0.119023486, -0.181292407, -0.386341725, 0.755610533, -0.528929238, -0.790893555, 0.0235595703, 0.611450195, 0.474481946, 0.654502925, 0.588647213, 0, 0, -0, 0, 0, 0, 0, 0.342481201, -0.0810721191, -0.152176465, 0.0634612441, 0.496989777, -0.865424361, 0.368652344, -0.817504883, -0.442382812, -0.927279234, -0.290830144, -0.235059707, 0, 2, 1, 1, 
411.273043, 51, 0.1, 0.1, 0.00237814386, 0.38758948, -0.0349668286, 0.84906711, -1.6891705e-005, 0.528285002, 0.528285002, 9.08131217e-006, -0.84906711, 9.54467015e-006, 1, 1.66342779e-005, 0.849067127, -1.2929442e-005, 0.528284974, 0.528284974, 5.86567959e-007, -0.849067127, 1.06680891e-005, 1, 7.32846548e-006, 0, 0, 0, 0, 0, 0, 0, 0.261572363, -0.119023486, -0.181292407, -0.386341725, 0.755610533, -0.528929238, -0.790893555, 0.0235595703, 0.611450195, 0.474481946, 0.654502925, 0.588647213, 0, 0, -0, 0, 0, 0, 0, 0.342481201, -0.0810721191, -0.152176465, 0.0634612441, 0.496989777, -0.865424361, 0.368652344, -0.817504883, -0.442382812, -0.927279234, -0.290830144, -0.235059707, 0, 2, 1, 1, 
411.273741, 51, 0.1, 0.1, 0.00237814101, 0.38758948, -0.0349661622, 0.849067115, 1.63070772e-005, 0.528284993, 0.528284993, -1.03566112e-005, -0.849067115, -8.37456074e-006, 1, -1.74082422e-005, 0.849067099, 1.75386698e-005, 0.528285019, 0.528285019, 4.73916891e-007, -0.849067099, -1.51418707e-005, 1, -8.86302927e-006, 0, 0, 0, 0, 0, 0, 0, 0.261572363, -0.119023486, -0.181292407, -0.386341725, 0.755610533, -0.528929238, -0.790893555, 0.0235595703, 0.611450195, 0.474481946, 0.654502925, 0.588647213, 0, 0, -0, 0, 0, 0, 0, 0.342481201, -0.0810721191, -0.152176465, 0.0634612441, 0.496989777, -0.865424361, 0.368652344, -0.817504883, -0.442382812, -0.927279234, -0.290830144, -0.235059707, 0, 2, 1, 1, 
411.274433, 51, 0.1, 0.1, 0.00237814118, 0.387589484, -0.0349666288, 0.849067282, -3.88012184e-006, 0.528284725, 0.528284725, 2.13467084e-005, -0.849067282, -7.98265549e-006, 1, 2.01746008e-005, 0.849067236, -9.01995865e-006, 0.528284799, 0.528284799, 7.6394689e-006, -0.849067236, 3.62273607e-006, 1, 1.12515298e-005, 0, 0, 0, 0, 0, 0, 0, 0.261572363, -0.119023486, -0.181292407, -0.386341725, 0.755610533, -0.528929238, -0.790893555, 0.0235595703, 0.611450195, 0.474481946, 0.654502925, 0.588647213, 0, 0, -0, 0, 0, 0, 0, 0.342481201, -0.0810721191, -0.152176465, 0.0634612441, 0.496989777, -0.865424361, 0.368652344, -0.817504883, -0.442382812, -0.927279234, -0.290830144, -0.235059707, 0, 2, 1, 1, 
411.275123, 51, 0.1, 0.1, 0.00237814039, 0.387589484, -0.0349679893, 0.849067518, -2.83056227e-007, 0.528284346, 0.528284346, -1.76011814e-005, -0.849067518, 9.53876242e-006, 1, -1.47950572e-005, 0.849067473, -3.33594461e-007, 0.528284418, 0.528284418, -7.19497363e-006, -0.849067473, 4.08423666e-006, 1, -5.93278532e-006, 0, 0, 0, 0, 0, 0, 0, 0.261572363, -0.119023486, -0.181292407, -0.386341725, 0.755610533, -0.528929238, -0.790893555, 0.0235595703, 0.611450195, 0.474481946, 0.654502925, 0.588647213, 0, 0, -0, 0, 0, 0, 0, 0.342481201, -0.0810721191, -0.152176465, 0.0634612441, 0.496989777, -0.865424361, 0.368652344, -0.817504883, -0.442382812, -0.927279234, -0.290830144, -0.235059707, 0, 2, 1, 1, 
411.275814, 51, 0.1, 0.1, 0.0023781383, 0.387589487, -0.0349698129, 0.849067692, 5.67418199e-007, 0.528284066, 0.528284066, 1.86000864e-005, -0.849067692, -1.03079057e-005, 1, 1.54929744e-005, 0.849067669, 5.52365276e-006, 0.528284103, 0.528284103, 1.24690016e-005, -0.849067669, -1.12771303e-005, 1, 7.66896822e-006, 0, 0, 0, 0, 0, 0, 0, 0.261572363, -0.119023486, -0.181292407, -0.386341725, 0.755610533, -0.528929238, -0.790893555, 0.0235595703, 0.611450195, 0.474481946, 0.654502925, 0.588647213, 0, 0, -0, 0, 0, 0, 0, 0.342481201, -0.0810721191, -0.152176465, 0.0634612441, 0.496989777, -0.865424361, 0.368652344, -0.817504883, -0.442382812, -0.927279234, -0.290830144, -0.235059707, 0, 2, 1, 1, 
411.27652, 51, 0.1, 0.1, 0.00237813987, 0.387589491, -0.0349715271, 0.849067722, 3.8881796e-006, 0.528284018, 0.528284018, -1.7419896e-005, -0.849067722, 5.90132484e-006, 1, -1.68447345e-005, 0.849067731, -5.55898282e-006, 0.528284004, 0.528284004, -1.32766996e-005, -0.849067731, 1.17338209e-005, 1, -8.33609548e-006, 0, 0, 0, 0, 0, 0, 0, 0.261572363, -0.119023486, -0.181292407, -0.39037886, 0.753219402, -0.529278957, -0.790161133, 0.0208740234, 0.612548828, 0.472402343, 0.657353482, 0.5872195, 0, 0, -0, 0, 0, 0, 0, 0.342481201, -0.0810721191, -0.152176465, 0.0634612441, 0.496989777, -0.865424361, 0.368652344, -0.817504883, -0.442382812, -0.927279234, -0.290830144, -0.235059707, 0, 2, 1, 1, 
411.277226, 51, 0.1, 0.1, 0.0023781368, 0.387589495, -0.0349723241, 0.849067607, -1.13306048e-005, 0.528284203, 0.528284203, 7.00142861e-006, -0.849067607, 5.92170536e-006, 1, 1.19304657e-005, 0.84906764, 8.42683736e-007, 0.52828415, 0.52828415, 6.18629934e-006, -0.84906764, -3.98361938e-006, 1, 4.80741012e-006, 0, 0, 0, 0, 0, 0, 0, 0.262252686, -0.121146191, -0.18086814, -0.39037886, 0.753219402, -0.529278957, -0.790161133, 0.0208740234, 0.612548828, 0.472402343, 0.657353482, 0.5872195, 0, 0, -0, 0, 0, 0, 0, 0.342942432, -0.0828013184, -0.151967627, 0.0598833619, 0.496215792, -0.866050326, 0.372802734, -0.815917969, -0.441772461, -0.925936887, -0.296312172, -0.233775329, 0, 2, 1, 1, 
411.277915, 51, 0.1, 0.1, 0.00237813696, 0.387589498, -0.0349723307, 0.849067434, 1.67486164e-005, 0.528284481, 0.528284481, -9.2636473e-006, -0.849067434, -9.32686367e-006, 1, -1.67134954e-005, 0.849067467, 8.94048262e-006, 0.528284427, 0.528284427, -5.91952008e-006, -0.849067467, -4.46388266e-006, 1, -9.74918966e-006, 0, 0, 0, 0, 0, 0, 0, 0.262252686, -0.121146191, -0.18086814, -0.39037886, 0.753219402, -0.529278957, -0.790161133, 0.0208740234, 0.612548828, 0.472402343, 0.657353482, 0.5872195, 0, 0, -0, 0, 0, 0, 0, 0.342942432, -0.0828013184, -0.151967627, 0.0598833619, 0.496215792, -0.866050326, 0.372802734, -0.815917969, -0.441772461, -0.925936887, -0.296312172, -0.233775329, 0, 2, 1, 1, 
411.278603, 51, 0.1, 0.1, 0.00237813623, 0.387589502, -0.0349716428, 0.849067308, -1.51082171e-005, 0.528284683, 0.528284683, 8.88280848e-006, -0.849067308, 8.13524156e-006, 1, 1.5523542e-005, 0.849067322, -1.18979379e-005, 0.528284661, 0.528284661, 1.68914699e-006, -0.849067322, 9.20979987e-006, 1, 7.71969762e-006, 0, 0, 0, 0, 0, 0, 0, 0.262252686, -0.121146191, -0.18086814, -0.39037886, 0.753219402, -0.529278957, -0.790161133, 0.0208740234, 0.612548828, 0.472402343, 0.657353482, 0.5872195, 0, 0, -0, 0, 0, 0, 0, 0.342942432, -0.0828013184, -0.151967627, 0.0598833619, 0.496215792, -0.866050326, 0.372802734, -0.815917969, -0.441772461, -0.925936887, -0.296312172, -0.233775329, 0, 2, 1, 1, 
411.279293, 51, 0.1, 0.1, 0.00237813395, 0.387589502, -0.034970525, 0.849067316, 1.33918212e-005, 0.528284671, 0.528284671, -8.10961875e-006, -0.849067316, -7.08637044e-006, 1, -1.39603061e-005, 0.849067301, 1.44827559e-005, 0.528284694, 0.528284694, 1.25918417e-006, -0.849067301, -1.29620422e-005, 1, -6.58188618e-006, 0, 0, 0, 0, 0, 0, 0, 0.262252686, -0.121146191, -0.18086814, -0.39037886, 0.753219402, -0.529278957, -0.790161133, 0.0208740234, 0.612548828, 0.472402343, 0.657353482, 0.5872195, 0, 0, -0, 0, 0, 0, 0, 0.342942432, -0.0828013184, -0.151967627, 0.0598833619, 0.496215792, -0.866050326, 0.372802734, -0.815917969, -0.441772461, -0.925936887, -0.296312172, -0.233775329, 0, 2, 1, 1, 
411.279983, 51, 0.1, 0.1, 0.00237813431, 0.387589505, -0.0349693002, 0.849067462, -3.51368129e-006, 0.528284436, 0.528284436, 2.13349834e-005, -0.849067462, -8.28758724e-006, 1, 1.99710634e-005, 0.849067421, -8.51891475e-006, 0.528284501, 0.528284501, 8.82937623e-006, -0.849067421, 2.56871036e-006, 1, 1.19971463e-005, 0, 0, 0, 0, 0, 0, 0, 0.262252686, -0.121146191, -0.18086814, -0.39037886, 0.753219402, -0.529278957, -0.790161133, 0.0208740234, 0.612548828, 0.472402343, 0.657353482, 0.5872195, 0, 0, -0, 0, 0, 0, 0, 0.342942432, -0.0828013184, -0.151967627, 0.0598833619, 0.496215792, -0.866050326, 0.372802734, -0.815917969, -0.441772461, -0.925936887, -0.296312172, -0.233775329, 0, 2, 1, 1, 
411.280672, 51, 0.1, 0.1, 0.00237813342, 0.387589505, -0.0349683309, 0.849067675, 4.12115103e-007, 0.528284094, 0.528284094, -1.7980611e-005, -0.849067675, 9.14895718e-006, 1, -1.54844694e-005, 0.849067634, 2.67563479e-007, 0.528284159, 0.528284159, -7.85233799e-006, -0.849067634, 3.92108628e-006, 1, -6.80851559e-006, 0, 0, 0, 0, 0, 0, 0, 0.262252686, -0.121146191, -0.18086814, -0.39037886, 0.753219402, -0.529278957, -0.790161133, 0.0208740234, 0.612548828, 0.472402343, 0.657353482, 0.5872195, 0, 0, -0, 0, 0, 0, 0, 0.342942432, -0.0828013184, -0.151967627, 0.0598833619, 0.496215792, -0.866050326, 0.372802734, -0.815917969, -0.441772461, -0.925936887, -0.296312172, -0.233775329, 0, 2, 1, 1, 
411.281375, 51, 0.1, 0.1, 0.00237813117, 0.387589507, -0.0349678782, 0.849067828, 4.22919775e-007, 0.528283848, 0.528283848, 2.11774949e-005, -0.849067828, -1.15468161e-005, 1, 1.77577079e-005, 0.849067808, 6.25685238e-006, 0.528283879, 0.528283879, 1.42352848e-005, -0.849067808, -1.28327634e-005, 1, 8.78132781e-006, 0, 0, 0, 0, 0, 0, 0, 0.262252686, -0.121146191, -0.18086814, -0.394574754, 0.750606233, -0.52976834, -0.789428711, 0.0180664062, 0.613525391, 0.470100701, 0.660362798, 0.585690315, 0, 0, -0, 0, 0, 0, 0, 0.342942432, -0.0828013184, -0.151967627, 0.0598833619, 0.496215792, -0.866050326, 0.372802734, -0.815917969, -0.441772461, -0.925936887, -0.296312172, -0.233775329, 0, 2, 1, 1, 
411.28208, 51, 0.1, 0.1, 0.00237813323, 0.38758951, -0.0349677077, 0.849067828, 3.97701573e-006, 0.528283848, 0.528283848, -1.93573994e-005, -0.849067828, 6.84944531e-006, 1, -1.85367382e-005, 0.849067843, -5.99721843e-006, 0.528283824, 0.528283824, -1.51289492e-005, -0.849067843, 1.30844245e-005, 1, -9.6772708e-006, 0, 0, 0, 0, 0, 0, 0, 0.263147461, -0.123279761, -0.180451318, -0.394574754, 0.750606233, -0.52976834, -0.789428711, 0.0180664062, 0.613525391, 0.470100701, 0.660362798, 0.585690315, 0, 0, -0, 0, 0, 0, 0, 0.343635205, -0.0845402832, -0.151773682, 0.0564268812, 0.495147964, -0.866931853, 0.376464844, -0.814697266, -0.440795898, -0.92458178, -0.301334114, -0.232395069, 0, 2, 1, 1, 
411.282789, 51, 0.1, 0.1, 0.00237812999, 0.387589514, -0.0349680117, 0.849067665, -1.34189638e-005, 0.528284109, 0.528284109, 8.98936464e-006, -0.849067665, 6.6446698e-006, 1, 1.47216042e-005, 0.849067709, 6.32313146e-007, 0.528284038, 0.528284038, 8.08600403e-006, -0.849067709, -4.80858354e-006, 1, 6.53152398e-006, 0, 0, 0, 0, 0, 0, 0, 0.263147461, -0.123279761, -0.180451318, -0.394574754, 0.750606233, -0.52976834, -0.789428711, 0.0180664062, 0.613525391, 0.470100701, 0.660362798, 0.585690315, 0, 0, -0, 0, 0, 0, 0, 0.343635205, -0.0845402832, -0.151773682, 0.0564268812, 0.495147964, -0.866931853, 0.376464844, -0.814697266, -0.440795898, -0.92458178, -0.301334114, -0.232395069, 0, 2, 1, 1, 
411.283483, 51, 0.1, 0.1, 0.00237813038, 0.387589517, -0.0349687771, 0.849067438, 1.91818346e-005, 0.528284474, 0.528284474, -1.1370344e-005, -0.849067438, -1.0279895e-005, 1, -1.97876543e-005, 0.849067482, 1.01902484e-005, 0.528284404, 0.528284404, -7.07625446e-006, -0.849067482, -4.91393366e-006, 1, -1.13915668e-005, 0, 0, 0, 0, 0, 0, 0, 0.263147461, -0.123279761, -0.180451318, -0.394574754, 0.750606233, -0.52976834, -0.789428711, 0.0180664062, 0.613525391, 0.470100701, 0.660362798, 0.585690315, 0, 0, -0, 0, 0, 0, 0, 0.343635205, -0.0845402832, -0.151773682, 0.0564268812, 0.495147964, -0.866931853, 0.376464844, -0.814697266, -0.440795898, -0.92458178, -0.301334114, -0.232395069, 0, 2, 1, 1, 
411.284195, 51, 0.1, 0.1, 0.00237812947, 0.387589521, -0.0349697495, 0.849067267, -1.58863397e-005, 0.528284749, 0.528284749, 7.55787297e-006, -0.849067267, 9.495862e-006, 1, 1.48096535e-005, 0.84906729, -1.17402415e-005, 0.528284711, 0.528284711, -1.02570978e-006, -0.84906729, 1.05101218e-005, 1, 5.33129348e-006, 0, 0, 0, 0, 0, 0, 0, 0.263147461, -0.123279761, -0.180451318, -0.394574754, 0.750606233, -0.52976834, -0.789428711, 0.0180664062, 0.613525391, 0.470100701, 0.660362798, 0.585690315, 0, 0, -0, 0, 0, 0, 0, 0.343635205, -0.0845402832, -0.151773682, 0.0514242626, 0.494590896, -0.867461936, 0.382202148, -0.812133789, -0.440551758, -0.922529979, -0.308879969, -0.230855127, 0, 2, 1, 1, 
