time, trialNum, realDorsalTactorPos, realVentralTactorPos, boxPosX, boxPosY, boxPosZ, boxLocalRot_11, boxLocalRot_12, boxLocalRot_13, boxLocalRot_21, boxLocalRot_22, boxLocalRot_23, boxLocalRot_31, boxLocalRot_32, boxLocalRot_33, boxGlobalRot_11, boxGlobalRot_12, boxGlobalRot_13, boxGlobalRot_21, boxGlobalRot_22, boxGlobalRot_23, boxGlobalRot_31, boxGlobalRot_32, boxGlobalRot_33, indexForceX, indexForceY, indexForceZ, indexForceGlobalX, indexForceGlobalY, indexForceGlobalZ, indexContact, indexPosX, indexPosY, indexPosZ, indexRot_11, indexRot_12, indexRot_13, indexRot_21, indexRot_22, indexRot_23, indexRot_31, indexRot_32, indexRot_33, thumbForceX, thumbForceY, thumbForceZ, thumbForceGlobalX, thumbForceGlobalY, thumbForceGlobalZ, thumbContact, thumbPosX, thumbPosY, thumbPosZ, thumbRot_11, thumbRot_12, thumbRot_13, thumbRot_21, thumbRot_22, thumbRot_23, thumbRot_31, thumbRot_32, thumbRot_33, manipForceTooHigh, cceExpType, mapping, trialSuccess, 
511.016202, 68, 0.1, 0.1, 0.0232658464, 0.362894459, -0.0350170443, 0.931914461, -0.362678132, 9.94656683e-005, 0.362678142, 0.931914454, -0.000121640233, -4.85772414e-005, 0.000149432316, 0.999999988, 0.931914526, -0.362677967, 8.80223717e-005, 0.362677976, 0.931914521, -0.000109796863, -4.22084231e-005, 0.000134245067, 0.99999999, 0, 0, 0, 0, 0, 0, 0, 0.361557471, -0.222870874, -0.139235522, -0.424899695, 0.580678036, -0.694454875, -0.895141602, -0.383178711, 0.227172852, -0.134157353, 0.718174764, 0.682839462, 0, 0, -0, 0, 0, 0, 0, 0.388685107, -0.170274414, -0.11583501, 0.147635145, 0.0540098817, -0.987510155, 0.810913086, -0.578125, 0.0895996094, -0.566160623, -0.813999149, -0.129199241, 0, 2, 3, 1, 
511.020387, 68, 0.1, 0.1, 0.0232660812, 0.362894217, -0.0349439713, 0.931912647, -0.362682807, 1.50685792e-005, 0.362682805, 0.931912636, -0.000144743668, 3.84534405e-005, 0.00014035357, 0.999999989, 0.931912614, -0.362682892, 1.14865009e-005, 0.362682891, 0.931912606, -0.000124099945, 3.43045118e-005, 0.000119816261, 0.999999992, 0, 0, 0, 0, 0, 0, 0, 0.361048242, -0.222484668, -0.140821143, -0.426332277, 0.584008618, -0.690728146, -0.895019531, -0.38269043, 0.228759766, -0.130717063, 0.715793372, 0.686080556, 0, 0, -0, 0, 0, 0, 0, 0.38882583, -0.169175879, -0.116766797, 0.146050728, 0.0572428821, -0.98758708, 0.811889648, -0.577148438, 0.0867919922, -0.565099725, -0.814395804, -0.130802981, 0, 2, 3, 1, 
511.021083, 68, 0.1, 0.1, 0.0232661247, 0.362894196, -0.0349514817, 0.931912721, -0.362682615, 3.7690298e-005, 0.362682617, 0.93191272, -5.1394558e-005, -1.64841554e-005, 6.15648583e-005, 0.999999998, 0.931912728, -0.362682595, 4.78715791e-005, 0.362682598, 0.931912724, -8.74789433e-005, -1.28850436e-005, 9.88849294e-005, 0.999999995, 0, 0, 0, 0, 0, 0, 0, 0.361048242, -0.222484668, -0.140821143, -0.426332277, 0.584008618, -0.690728146, -0.895019531, -0.38269043, 0.228759766, -0.130717063, 0.715793372, 0.686080556, 0, 0, -0, 0, 0, 0, 0, 0.38882583, -0.169175879, -0.116766797, 0.146050728, 0.0572428821, -0.98758708, 0.811889648, -0.577148438, 0.0867919922, -0.565099725, -0.814395804, -0.130802981, 0, 2, 3, 1, 
511.021801, 68, 0.1, 0.1, 0.0232661903, 0.362894115, -0.0349637793, 0.931912627, -0.362682856, -4.79099436e-005, 0.362682859, 0.931912619, 0.000123018872, 3.10450528e-008, -0.000132018956, 0.999999991, 0.931912627, -0.362682855, -4.65202718e-005, 0.362682858, 0.931912622, 0.000101662127, 6.48171803e-006, -0.000111612325, 0.999999994, 0, 0, 0, 0, 0, 0, 0, 0.36054646, -0.222819824, -0.142013013, -0.427625197, 0.586267199, -0.687953974, -0.894897461, -0.381713867, 0.230957031, -0.127175303, 0.714446913, 0.687989417, 0, 0, -0, 0, 0, 0, 0, 0.388423145, -0.169099463, -0.117446289, 0.143539574, 0.0583227367, -0.987880923, 0.811889648, -0.577636719, 0.0838623047, -0.565731886, -0.814159564, -0.130342894, 0, 2, 3, 1, 
511.022499, 68, 0.1, 0.1, 0.023266254, 0.362894017, -0.034976521, 0.931912689, -0.362682697, -2.97220021e-005, 0.362682698, 0.931912683, 0.00010865778, -1.17099859e-005, -0.000112039219, 0.999999994, 0.93191267, -0.362682746, -3.10570768e-005, 0.362682747, 0.931912662, 0.000127189841, -1.71870778e-005, -0.00012979369, 0.999999991, 0, 0, 0, 0, 0, 0, 0, 0.36054646, -0.222819824, -0.142013013, -0.427625197, 0.586267199, -0.687953974, -0.894897461, -0.381713867, 0.230957031, -0.127175303, 0.714446913, 0.687989417, 0, 0, -0, 0, 0, 0, 0, 0.388423145, -0.169099463, -0.117446289, 0.143539574, 0.0583227367, -0.987880923, 0.811889648, -0.577636719, 0.0838623047, -0.565731886, -0.814159564, -0.130342894, 0, 2, 3, 1, 
511.023202, 68, 0.1, 0.1, 0.0232663113, 0.36289396, -0.0349862726, 0.931912751, -0.36268254, -1.0130164e-005, 0.362682539, 0.93191275, -3.6240497e-005, 2.25842244e-005, 3.00989476e-005, 0.999999999, 0.931912759, -0.362682517, -1.86469122e-005, 0.362682517, 0.93191276, -8.98273217e-006, 2.06351753e-005, 1.60821367e-006, 1, 0, 0, 0, 0, 0, 0, 0, 0.36054646, -0.222819824, -0.142013013, -0.427625197, 0.586267199, -0.687953974, -0.894897461, -0.381713867, 0.230957031, -0.127175303, 0.714446913, 0.687989417, 0, 0, -0, 0, 0, 0, 0, 0.388423145, -0.169099463, -0.117446289, 0.143539574, 0.0583227367, -0.987880923, 0.811889648, -0.577636719, 0.0838623047, -0.565731886, -0.814159564, -0.130342894, 0, 2, 3, 1, 
511.023896, 68, 0.1, 0.1, 0.023266353, 0.362893943, -0.0349903443, 0.931912603, -0.362682919, 3.1590919e-005, 0.36268292, 0.931912597, -0.000105469704, 8.81208483e-006, 0.000109746033, 0.999999994, 0.931912642, -0.362682819, 2.43153475e-005, 0.36268282, 0.931912637, -0.000100358017, 1.37383491e-005, 0.000102343664, 0.999999995, 0, 0, 0, 0, 0, 0, 0, 0.36054646, -0.222819824, -0.142013013, -0.427625197, 0.586267199, -0.687953974, -0.894897461, -0.381713867, 0.230957031, -0.127175303, 0.714446913, 0.687989417, 0, 0, -0, 0, 0, 0, 0, 0.388423145, -0.169099463, -0.117446289, 0.143539574, 0.0583227367, -0.987880923, 0.811889648, -0.577636719, 0.0838623047, -0.565731886, -0.814159564, -0.130342894, 0, 2, 3, 1, 
511.024594, 68, 0.1, 0.1, 0.0232663844, 0.362893929, -0.0349883835, 0.93191237, -0.362683516, 4.57889845e-005, 0.362683518, 0.931912367, -7.76286762e-005, -1.45166797e-005, 8.89500336e-005, 0.999999996, 0.931912421, -0.362683384, 4.82513149e-005, 0.362683387, 0.931912417, -8.90131005e-005, -1.2682427e-005, 0.000100452364, 0.999999995, 0, 0, 0, 0, 0, 0, 0, 0.36054646, -0.222819824, -0.142013013, -0.427625197, 0.586267199, -0.687953974, -0.894897461, -0.381713867, 0.230957031, -0.127175303, 0.714446913, 0.687989417, 0, 0, -0, 0, 0, 0, 0, 0.388423145, -0.169099463, -0.117446289, 0.143539574, 0.0583227367, -0.987880923, 0.811889648, -0.577636719, 0.0838623047, -0.565731886, -0.814159564, -0.130342894, 0, 2, 3, 1, 
511.025293, 68, 0.1, 0.1, 0.0232664253, 0.362893891, -0.034981241, 0.93191206, -0.362684314, -1.04676655e-005, 0.362684314, 0.93191206, 1.48707078e-005, 4.36157126e-006, -1.765465e-005, 1, 0.931912117, -0.362684169, 2.6587762e-006, 0.362684169, 0.931912117, -8.34178405e-006, 5.47687263e-007, 8.73810566e-006, 1, 0, 0, 0, 0, 0, 0, 0, 0.36054646, -0.222819824, -0.142013013, -0.427625197, 0.586267199, -0.687953974, -0.894897461, -0.381713867, 0.230957031, -0.127175303, 0.714446913, 0.687989417, 0, 0, -0, 0, 0, 0, 0, 0.388423145, -0.169099463, -0.117446289, 0.143539574, 0.0583227367, -0.987880923, 0.811889648, -0.577636719, 0.0838623047, -0.565731886, -0.814159564, -0.130342894, 0, 2, 3, 1, 
511.025985, 68, 0.1, 0.1, 0.0232664761, 0.362893828, -0.0349716186, 0.931911877, -0.362684784, -1.80441628e-005, 0.362684784, 0.931911875, 6.33718526e-005, -6.1684371e-006, -6.56013255e-005, 0.999999998, 0.931911908, -0.362684705, -1.70669251e-005, 0.362684705, 0.931911906, 6.68382323e-005, -8.33633389e-006, -6.84772573e-005, 0.999999998, 0, 0, 0, 0, 0, 0, 0, 0.36054646, -0.222819824, -0.142013013, -0.427625197, 0.586267199, -0.687953974, -0.894897461, -0.381713867, 0.230957031, -0.127175303, 0.714446913, 0.687989417, 0, 0, -0, 0, 0, 0, 0, 0.388423145, -0.169099463, -0.117446289, 0.143539574, 0.0583227367, -0.987880923, 0.811889648, -0.577636719, 0.0838623047, -0.565731886, -0.814159564, -0.130342894, 0, 2, 3, 1, 
511.026707, 68, 0.1, 0.1, 0.0232665218, 0.36289378, -0.0349618785, 0.9319117, -0.362685241, 1.54236011e-005, 0.362685241, 0.931911699, -2.75108422e-005, -4.39565785e-006, 3.12315882e-005, 1, 0.931911737, -0.362685145, 4.22046111e-006, 0.362685145, 0.931911737, -1.11981716e-005, 1.28313249e-007, 1.19664061e-005, 1, 0, 0, 0, 0, 0, 0, 0, 0.360061768, -0.223000342, -0.142171924, -0.428506239, 0.587111171, -0.686735195, -0.894775391, -0.380859375, 0.232666016, -0.124934697, 0.714313241, 0.688661525, 0, 0, -0, 0, 0, 0, 0, 0.388131787, -0.169304395, -0.117224512, 0.142581121, 0.0585527801, -0.988053364, 0.811889648, -0.577758789, 0.0830078125, -0.565955366, -0.814012642, -0.129870048, 0, 2, 3, 1, 
511.027404, 68, 0.1, 0.1, 0.0232665589, 0.36289375, -0.0349556508, 0.931911579, -0.362685551, 1.14666873e-005, 0.362685551, 0.931911579, 1.57058611e-007, -1.07429015e-005, 4.01243705e-006, 1, 0.931911596, -0.362685507, 6.7661911e-006, 0.362685508, 0.931911596, -2.47382175e-005, 2.66670103e-006, 2.55078312e-005, 1, 0, 0, 0, 0, 0, 0, 0, 0.360061768, -0.223000342, -0.142171924, -0.428506239, 0.587111171, -0.686735195, -0.894775391, -0.380859375, 0.232666016, -0.124934697, 0.714313241, 0.688661525, 0, 0, -0, 0, 0, 0, 0, 0.388131787, -0.169304395, -0.117224512, 0.142581121, 0.0585527801, -0.988053364, 0.811889648, -0.577758789, 0.0830078125, -0.565955366, -0.814012642, -0.129870048, 0, 2, 3, 1, 
511.028099, 68, 0.1, 0.1, 0.0232666053, 0.362893697, -0.0349540956, 0.931911375, -0.362686073, -4.00478117e-005, 0.362686074, 0.931911375, 2.9701106e-005, 2.65488338e-005, -4.22035822e-005, 0.999999999, 0.931911429, -0.362685936, -3.44435334e-005, 0.362685937, 0.931911428, 4.21619218e-005, 1.68067863e-005, -5.1783362e-005, 0.999999999, 0, 0, 0, 0, 0, 0, 0, 0.360061768, -0.223000342, -0.142171924, -0.428506239, 0.587111171, -0.686735195, -0.894775391, -0.380859375, 0.232666016, -0.124934697, 0.714313241, 0.688661525, 0, 0, -0, 0, 0, 0, 0, 0.388131787, -0.169304395, -0.117224512, 0.142581121, 0.0585527801, -0.988053364, 0.811889648, -0.577758789, 0.0830078125, -0.565955366, -0.814012642, -0.129870048, 0, 2, 3, 1, 
511.028818, 68, 0.1, 0.1, 0.023266645, 0.362893659, -0.0349571995, 0.931911, -0.362687035, 3.97474751e-005, 0.362687036, 0.931911001, -1.09194646e-005, -3.30807611e-005, 2.45918632e-005, 0.999999999, 0.931911094, -0.362686795, 2.6086237e-005, 0.362686796, 0.931911095, -1.73109918e-005, -1.80315856e-005, 2.55934391e-005, 1, 0, 0, 0, 0, 0, 0, 0, 0.359568896, -0.223157056, -0.142521606, -0.429571128, 0.5884625, -0.68491957, -0.89465332, -0.380126953, 0.23449707, -0.122294196, 0.713481251, 0.689980654, 0, 0, -0, 0, 0, 0, 0, 0.388131787, -0.169304395, -0.117224512, 0.140242407, 0.0594601938, -0.988225804, 0.811523437, -0.578613281, 0.0804443359, -0.567060374, -0.813303556, -0.129397201, 0, 2, 3, 1, 
511.029515, 68, 0.1, 0.1, 0.0232666802, 0.362893614, -0.034963431, 0.931910526, -0.362688255, -2.74980562e-005, 0.362688255, 0.931910526, 2.97139382e-005, 1.48488316e-005, -3.76639538e-005, 0.999999999, 0.931910631, -0.362687988, -4.83610963e-006, 0.362687988, 0.93191063, 3.2799656e-005, -7.38921924e-006, -3.23203469e-005, 0.999999999, 0, 0, 0, 0, 0, 0, 0, 0.359568896, -0.223157056, -0.142521606, -0.429571128, 0.5884625, -0.68491957, -0.89465332, -0.380126953, 0.23449707, -0.122294196, 0.713481251, 0.689980654, 0, 0, -0, 0, 0, 0, 0, 0.387730566, -0.169452686, -0.117449219, 0.140242407, 0.0594601938, -0.988225804, 0.811523437, -0.578613281, 0.0804443359, -0.567060374, -0.813303556, -0.129397201, 0, 2, 3, 1, 
511.030215, 68, 0.1, 0.1, 0.0232667314, 0.362893577, -0.0349710141, 0.931909942, -0.362689756, -2.09396664e-005, 0.362689756, 0.931909942, -2.48322401e-005, 2.85202825e-005, 1.55468089e-005, 0.999999999, 0.931910065, -0.362689439, -3.43181131e-005, 0.362689439, 0.931910066, -1.69630406e-005, 3.81337107e-005, 3.36121109e-006, 0.999999999, 0, 0, 0, 0, 0, 0, 0, 0.359568896, -0.223157056, -0.142521606, -0.429571128, 0.5884625, -0.68491957, -0.89465332, -0.380126953, 0.23449707, -0.122294196, 0.713481251, 0.689980654, 0, 0, -0, 0, 0, 0, 0, 0.387730566, -0.169452686, -0.117449219, 0.140242407, 0.0594601938, -0.988225804, 0.811523437, -0.578613281, 0.0804443359, -0.567060374, -0.813303556, -0.129397201, 0, 2, 3, 1, 
511.03092, 68, 0.1, 0.1, 0.0232667615, 0.362893543, -0.0349774707, 0.931909264, -0.362691497, 2.93489273e-005, 0.362691497, 0.931909265, 9.92644216e-006, -3.09507734e-005, 1.39406296e-006, 1, 0.931909403, -0.362691142, 2.99627399e-005, 0.362691142, 0.931909403, -1.85259715e-006, -2.72506384e-005, 1.2593673e-005, 1, 0, 0, 0, 0, 0, 0, 0, 0.359568896, -0.223157056, -0.142521606, -0.429571128, 0.5884625, -0.68491957, -0.89465332, -0.380126953, 0.23449707, -0.122294196, 0.713481251, 0.689980654, 0, 0, -0, 0, 0, 0, 0, 0.387730566, -0.169452686, -0.117449219, 0.140242407, 0.0594601938, -0.988225804, 0.811523437, -0.578613281, 0.0804443359, -0.567060374, -0.813303556, -0.129397201, 0, 2, 3, 1, 
511.031616, 68, 0.1, 0.1, 0.0232667962, 0.362893498, -0.0349810934, 0.931908551, -0.36269333, -1.94574141e-005, 0.362693331, 0.931908551, 2.39816255e-005, 9.43455493e-006, -2.94057562e-005, 1, 0.931908694, -0.362692963, -7.01384496e-006, 0.362692963, 0.931908694, 3.11911671e-005, -4.77655372e-006, -3.1611192e-005, 0.999999999, 0, 0, 0, 0, 0, 0, 0, 0.359568896, -0.223157056, -0.142521606, -0.429571128, 0.5884625, -0.68491957, -0.89465332, -0.380126953, 0.23449707, -0.122294196, 0.713481251, 0.689980654, 0, 0, -0, 0, 0, 0, 0, 0.387730566, -0.169452686, -0.117449219, 0.140242407, 0.0594601938, -0.988225804, 0.811523437, -0.578613281, 0.0804443359, -0.567060374, -0.813303556, -0.129397201, 0, 2, 3, 1, 
511.032323, 68, 0.1, 0.1, 0.0232668405, 0.362893465, -0.0349810932, 0.931907789, -0.362695289, -1.289891e-005, 0.362695289, 0.931907789, -3.10503323e-005, 2.3282404e-005, 2.42576726e-005, 0.999999999, 0.931907942, -0.362694894, -2.15971598e-005, 0.362694894, 0.931907943, -2.28613954e-005, 2.84182762e-005, 1.34715363e-005, 1, 0, 0, 0, 0, 0, 0, 0, 0.359568896, -0.223157056, -0.142521606, -0.429571128, 0.5884625, -0.68491957, -0.89465332, -0.380126953, 0.23449707, -0.122294196, 0.713481251, 0.689980654, 0, 0, -0, 0, 0, 0, 0, 0.387730566, -0.169452686, -0.117449219, 0.140242407, 0.0594601938, -0.988225804, 0.811523437, -0.578613281, 0.0804443359, -0.567060374, -0.813303556, -0.129397201, 0, 2, 3, 1, 
511.033018, 68, 0.1, 0.1, 0.0232668697, 0.362893437, -0.0349777481, 0.93190701, -0.362697291, 2.84933529e-005, 0.362697291, 0.93190701, -2.11101873e-006, -2.57874945e-005, 1.2301735e-005, 1, 0.931907167, -0.362696887, 2.72764991e-005, 0.362696887, 0.931907167, -1.41601404e-005, -2.02833262e-005, 2.30890376e-005, 1, 0, 0, 0, 0, 0, 0, 0, 0.359568896, -0.223157056, -0.142521606, -0.429571128, 0.5884625, -0.68491957, -0.89465332, -0.380126953, 0.23449707, -0.122294196, 0.713481251, 0.689980654, 0, 0, -0, 0, 0, 0, 0, 0.387730566, -0.169452686, -0.117449219, 0.140242407, 0.0594601938, -0.988225804, 0.811523437, -0.578613281, 0.0804443359, -0.567060374, -0.813303556, -0.129397201, 0, 2, 3, 1, 
511.033734, 68, 0.1, 0.1, 0.0232669038, 0.362893396, -0.0349719325, 0.931906171, -0.362699445, -1.24527914e-005, 0.362699445, 0.931906171, 7.09580038e-006, 9.03119031e-006, -1.11292407e-005, 1, 0.931906332, -0.362699033, -7.43674095e-006, 0.362699033, 0.931906332, 1.51750482e-005, 1.42637067e-006, -1.68390223e-005, 1, 0, 0, 0, 0, 0, 0, 0, 0.359044409, -0.222445825, -0.142869946, -0.431119408, 0.589356647, -0.68308485, -0.893920898, -0.381347656, 0.235107422, -0.121925381, 0.712103713, 0.69142035, 0, 0, -0, 0, 0, 0, 0, 0.387225977, -0.168881689, -0.117471191, 0.139392596, 0.0612812177, -0.988245127, 0.811645508, -0.578735352, 0.0786132813, -0.567149693, -0.813112159, -0.130381174, 0, 2, 3, 1, 
511.034432, 68, 0.1, 0.1, 0.0232669367, 0.362893367, -0.0349658867, 0.931905354, -0.362701547, 9.45127418e-006, 0.362701547, 0.931905353, -2.13270607e-005, -1.07233511e-006, 2.33027938e-005, 1, 0.931905512, -0.362701138, 1.38433998e-005, 0.362701139, 0.931905512, -2.40454621e-005, -4.17942409e-006, 2.74291155e-005, 1, 0, 0, 0, 0, 0, 0, 0, 0.359044409, -0.222445825, -0.142869946, -0.431119408, 0.589356647, -0.68308485, -0.893920898, -0.381347656, 0.235107422, -0.121925381, 0.712103713, 0.69142035, 0, 0, -0, 0, 0, 0, 0, 0.387225977, -0.168881689, -0.117471191, 0.139392596, 0.0612812177, -0.988245127, 0.811645508, -0.578735352, 0.0786132813, -0.567149693, -0.813112159, -0.130381174, 0, 2, 3, 1, 
511.035126, 68, 0.1, 0.1, 0.023266972, 0.362893332, -0.0349614383, 0.931904672, -0.362703298, 4.28120691e-006, 0.362703298, 0.931904672, 1.28022474e-005, -8.63309406e-006, -1.03776663e-005, 1, 0.931904795, -0.362702981, -1.01849169e-006, 0.362702981, 0.931904795, 1.61451071e-005, -4.90674118e-006, -1.54151127e-005, 1, 0, 0, 0, 0, 0, 0, 0, 0.359044409, -0.222445825, -0.142869946, -0.431119408, 0.589356647, -0.68308485, -0.893920898, -0.381347656, 0.235107422, -0.121925381, 0.712103713, 0.69142035, 0, 0, -0, 0, 0, 0, 0, 0.387225977, -0.168881689, -0.117471191, 0.139392596, 0.0612812177, -0.988245127, 0.811645508, -0.578735352, 0.0786132813, -0.567149693, -0.813112159, -0.130381174, 0, 2, 3, 1, 
511.035817, 68, 0.1, 0.1, 0.0232670058, 0.362893298, -0.0349596823, 0.931904163, -0.362704606, 4.17516577e-006, 0.362704606, 0.931904163, 1.10841699e-005, -7.91113384e-006, -8.81503223e-006, 1, 0.931904252, -0.362704376, -5.54053512e-006, 0.362704376, 0.931904252, 5.00083111e-006, 3.34942491e-006, -6.66987211e-006, 1, 0, 0, 0, 0, 0, 0, 0, 0.359044409, -0.222445825, -0.142869946, -0.431119408, 0.589356647, -0.68308485, -0.893920898, -0.381347656, 0.235107422, -0.121925381, 0.712103713, 0.69142035, 0, 0, -0, 0, 0, 0, 0, 0.387225977, -0.168881689, -0.117471191, 0.139392596, 0.0612812177, -0.988245127, 0.811645508, -0.578735352, 0.0786132813, -0.567149693, -0.813112159, -0.130381174, 0, 2, 3, 1, 
511.036515, 68, 0.1, 0.1, 0.0232670378, 0.362893266, -0.034960937, 0.931903793, -0.362705555, -1.8194005e-006, 0.362705555, 0.931903793, -3.47445271e-007, 1.82152656e-006, -3.36121103e-007, 1, 0.931903857, -0.362705393, -1.73765035e-006, 0.362705393, 0.931903857, -1.09808422e-005, 5.60213376e-006, 9.60283408e-006, 1, 0, 0, 0, 0, 0, 0, 0, 0.359044409, -0.222445825, -0.142869946, -0.431119408, 0.589356647, -0.68308485, -0.893920898, -0.381347656, 0.235107422, -0.121925381, 0.712103713, 0.69142035, 0, 0, -0, 0, 0, 0, 0, 0.387225977, -0.168881689, -0.117471191, 0.139392596, 0.0612812177, -0.988245127, 0.811645508, -0.578735352, 0.0786132813, -0.567149693, -0.813112159, -0.130381174, 0, 2, 3, 1, 
511.03721, 68, 0.1, 0.1, 0.0232670696, 0.362893232, -0.0349646725, 0.931903528, -0.362706238, -5.32078723e-006, 0.362706238, 0.931903528, -8.60984984e-007, 5.27074502e-006, -1.12752777e-006, 1, 0.931903577, -0.362706112, -1.25273035e-006, 0.362706112, 0.931903577, -2.05901802e-006, 1.91424231e-006, 1.4644333e-006, 1, 0, 0, 0, 0, 0, 0, 0, 0.359044409, -0.222445825, -0.142869946, -0.431119408, 0.589356647, -0.68308485, -0.893920898, -0.381347656, 0.235107422, -0.121925381, 0.712103713, 0.69142035, 0, 0, -0, 0, 0, 0, 0, 0.387225977, -0.168881689, -0.117471191, 0.139392596, 0.0612812177, -0.988245127, 0.811645508, -0.578735352, 0.0786132813, -0.567149693, -0.813112159, -0.130381174, 0, 2, 3, 1, 
511.037899, 68, 0.1, 0.1, 0.0232671011, 0.362893199, -0.0349696047, 0.931903299, -0.362706826, -5.58507214e-006, 0.362706826, 0.931903299, 5.47421307e-006, 3.2192127e-006, -7.127181e-006, 1, 0.931903341, -0.362706717, 5.03880386e-006, 0.362706717, 0.931903341, 1.49535364e-006, -5.23805296e-006, 4.34082955e-007, 1, 0, 0, 0, 0, 0, 0, 0, 0.359044409, -0.222445825, -0.142869946, -0.431119408, 0.589356647, -0.68308485, -0.893920898, -0.381347656, 0.235107422, -0.121925381, 0.712103713, 0.69142035, 0, 0, -0, 0, 0, 0, 0, 0.387225977, -0.168881689, -0.117471191, 0.139392596, 0.0612812177, -0.988245127, 0.811645508, -0.578735352, 0.0786132813, -0.567149693, -0.813112159, -0.130381174, 0, 2, 3, 1, 
511.038625, 68, 0.1, 0.1, 0.0232671352, 0.362893164, -0.0349741623, 0.931903087, -0.36270737, 2.4954845e-006, 0.362707371, 0.931903087, -2.86326643e-006, -1.28702187e-006, 3.57341745e-006, 1, 0.931903125, -0.362707273, 5.87479849e-006, 0.362707273, 0.931903125, -3.50305284e-006, -4.20416033e-006, 5.39533802e-006, 1, 0, 0, 0, 0, 0, 0, 0, 0.358492822, -0.221311182, -0.142786694, -0.433188151, 0.58978762, -0.681529456, -0.892944336, -0.38293457, 0.236083984, -0.121721316, 0.710923126, 0.692657103, 0, 0, -0, 0, 0, 0, 0, 0.386666699, -0.168320703, -0.117717871, 0.137667454, 0.0629935999, -0.988436891, 0.812011719, -0.578491211, 0.0762939453, -0.567085527, -0.813054923, -0.1308923, 0, 2, 3, 1, 
511.039324, 68, 0.1, 0.1, 0.0232671681, 0.362893133, -0.034976829, 0.931902905, -0.362707838, 1.12890845e-005, 0.362707838, 0.931902905, -2.69804625e-006, -9.54172808e-006, 6.60895656e-006, 1, 0.931902943, -0.362707741, 1.39825631e-006, 0.362707741, 0.931902943, -4.39052313e-006, 2.89437562e-007, 4.59869981e-006, 1, 0, 0, 0, 0, 0, 0, 0, 0.358492822, -0.221311182, -0.142786694, -0.433188151, 0.58978762, -0.681529456, -0.892944336, -0.38293457, 0.236083984, -0.121721316, 0.710923126, 0.692657103, 0, 0, -0, 0, 0, 0, 0, 0.386666699, -0.168320703, -0.117717871, 0.137667454, 0.0629935999, -0.988436891, 0.812011719, -0.578491211, 0.0762939453, -0.567085527, -0.813054923, -0.1308923, 0, 2, 3, 1, 
511.040013, 68, 0.1, 0.1, 0.0232671967, 0.362893101, -0.0349772571, 0.9319027, -0.362708364, -4.09225894e-006, 0.362708364, 0.9319027, -7.72649608e-006, 6.6160519e-006, 5.71604602e-006, 1, 0.931902742, -0.362708256, 4.06782778e-006, 0.362708256, 0.931902742, 2.02026467e-006, -4.52358653e-006, -4.07255463e-007, 1, 0, 0, 0, 0, 0, 0, 0, 0.358492822, -0.221311182, -0.142786694, -0.433188151, 0.58978762, -0.681529456, -0.892944336, -0.38293457, 0.236083984, -0.121721316, 0.710923126, 0.692657103, 0, 0, -0, 0, 0, 0, 0, 0.386666699, -0.168320703, -0.117717871, 0.137667454, 0.0629935999, -0.988436891, 0.812011719, -0.578491211, 0.0762939453, -0.567085527, -0.813054923, -0.1308923, 0, 2, 3, 1, 
511.040708, 68, 0.1, 0.1, 0.0232672308, 0.362893071, -0.034975447, 0.931902526, -0.362708812, 4.32008279e-006, 0.362708812, 0.931902526, 7.24291501e-007, -4.28860297e-006, 8.91963014e-007, 1, 0.931902553, -0.362708741, -6.74474681e-006, 0.362708741, 0.931902554, -6.57458935e-007, 6.52391288e-006, -1.83369096e-006, 1, 0, 0, 0, 0, 0, 0, 0, 0.358492822, -0.221311182, -0.142786694, -0.433188151, 0.58978762, -0.681529456, -0.892944336, -0.38293457, 0.236083984, -0.121721316, 0.710923126, 0.692657103, 0, 0, -0, 0, 0, 0, 0, 0.386666699, -0.168320703, -0.117717871, 0.137667454, 0.0629935999, -0.988436891, 0.812011719, -0.578491211, 0.0762939453, -0.567085527, -0.813054923, -0.1308923, 0, 2, 3, 1, 
511.041401, 68, 0.1, 0.1, 0.0232672606, 0.362893038, -0.0349721229, 0.931902392, -0.362709155, -6.87018981e-006, 0.362709155, 0.931902392, 5.6031268e-006, 4.37004093e-006, -7.71344801e-006, 1, 0.931902417, -0.362709092, -3.27208567e-006, 0.362709092, 0.931902417, 5.61792061e-006, 1.01159366e-006, -6.42216902e-006, 1, 0, 0, 0, 0, 0, 0, 0, 0.358492822, -0.221311182, -0.142786694, -0.433188151, 0.58978762, -0.681529456, -0.892944336, -0.38293457, 0.236083984, -0.121721316, 0.710923126, 0.692657103, 0, 0, -0, 0, 0, 0, 0, 0.386666699, -0.168320703, -0.117717871, 0.137667454, 0.0629935999, -0.988436891, 0.812011719, -0.578491211, 0.0762939453, -0.567085527, -0.813054923, -0.1308923, 0, 2, 3, 1, 
511.042095, 68, 0.1, 0.1, 0.023267291, 0.362893008, -0.0349683448, 0.931902274, -0.36270946, -8.53005836e-006, 0.36270946, 0.931902274, -8.62859017e-007, 8.26214791e-006, -2.28983258e-006, 1, 0.931902296, -0.362709403, 3.58304854e-006, 0.362709403, 0.931902296, -5.07361194e-006, -1.4988044e-006, 6.02771601e-006, 1, 0, 0, 0, 0, 0, 0, 0, 0.358492822, -0.221311182, -0.142786694, -0.433188151, 0.58978762, -0.681529456, -0.892944336, -0.38293457, 0.236083984, -0.121721316, 0.710923126, 0.692657103, 0, 0, -0, 0, 0, 0, 0, 0.386666699, -0.168320703, -0.117717871, 0.137667454, 0.0629935999, -0.988436891, 0.812011719, -0.578491211, 0.0762939453, -0.567085527, -0.813054923, -0.1308923, 0, 2, 3, 1, 
511.042787, 68, 0.1, 0.1, 0.0232673219, 0.36289298, -0.03496522, 0.93190217, -0.362709725, 2.07979891e-006, 0.362709725, 0.93190217, -7.70781088e-006, 8.57528851e-007, 7.93728898e-006, 1, 0.93190219, -0.362709675, 6.633271e-006, 0.362709675, 0.93190219, -9.69532552e-006, -2.6649714e-006, 1.14410467e-005, 1, 0, 0, 0, 0, 0, 0, 0, 0.358492822, -0.221311182, -0.142786694, -0.433188151, 0.58978762, -0.681529456, -0.892944336, -0.38293457, 0.236083984, -0.121721316, 0.710923126, 0.692657103, 0, 0, -0, 0, 0, 0, 0, 0.386666699, -0.168320703, -0.117717871, 0.137667454, 0.0629935999, -0.988436891, 0.812011719, -0.578491211, 0.0762939453, -0.567085527, -0.813054923, -0.1308923, 0, 2, 3, 1, 
511.04351, 68, 0.1, 0.1, 0.023267353, 0.362892949, -0.0349632532, 0.931902081, -0.362709956, 4.71322311e-006, 0.362709956, 0.931902081, -9.77435346e-006, -8.47007112e-007, 1.08182733e-005, 1, 0.931902098, -0.362709912, 1.01038079e-006, 0.362709912, 0.931902098, -8.11823742e-006, 2.0029892e-006, 7.93187761e-006, 1, 0, 0, 0, 0, 0, 0, 0, 0.358389307, -0.220023853, -0.142539771, -0.435099255, 0.588809976, -0.68109137, -0.891723633, -0.385742188, 0.236206055, -0.123643282, 0.710212826, 0.693082084, 0, 0, -0, 0, 0, 0, 0, 0.386180664, -0.167583105, -0.117731299, 0.136862486, 0.0641372536, -0.988520013, 0.81262207, -0.577880859, 0.0750732422, -0.566433676, -0.813425691, -0.131269264, 0, 2, 3, 1, 
511.04421, 68, 0.1, 0.1, 0.0232673829, 0.362892918, -0.0349632845, 0.931902002, -0.362710157, 1.06804743e-005, 0.362710157, 0.931902002, -2.6715333e-006, -8.98416316e-006, 6.36352376e-006, 1, 0.931902018, -0.362710117, -1.49549835e-006, 0.362710117, 0.931902018, 2.98660532e-006, 3.10385962e-007, -3.32565591e-006, 1, 0, 0, 0, 0, 0, 0, 0, 0.358389307, -0.220023853, -0.142539771, -0.435099255, 0.588809976, -0.68109137, -0.891723633, -0.385742188, 0.236206055, -0.123643282, 0.710212826, 0.693082084, 0, 0, -0, 0, 0, 0, 0, 0.386180664, -0.167583105, -0.117731299, 0.136862486, 0.0641372536, -0.988520013, 0.81262207, -0.577880859, 0.0750732422, -0.566433676, -0.813425691, -0.131269264, 0, 2, 3, 1, 
511.044896, 68, 0.1, 0.1, 0.0232674119, 0.362892889, -0.0349651849, 0.931901934, -0.362710331, -5.68400286e-006, 0.362710331, 0.931901935, 1.31249891e-006, 4.82087635e-006, -3.28476683e-006, 1, 0.931901947, -0.362710298, -9.0549813e-006, 0.362710298, 0.931901948, 3.38869689e-006, 7.20923945e-006, -6.4422682e-006, 1, 0, 0, 0, 0, 0, 0, 0, 0.358389307, -0.220023853, -0.142539771, -0.435099255, 0.588809976, -0.68109137, -0.891723633, -0.385742188, 0.236206055, -0.123643282, 0.710212826, 0.693082084, 0, 0, -0, 0, 0, 0, 0, 0.386180664, -0.167583105, -0.117731299, 0.136862486, 0.0641372536, -0.988520013, 0.81262207, -0.577880859, 0.0750732422, -0.566433676, -0.813425691, -0.131269264, 0, 2, 3, 1, 
511.045617, 68, 0.1, 0.1, 0.0232674422, 0.362892859, -0.0349682684, 0.93190187, -0.362710496, -1.17417758e-005, 0.362710496, 0.93190187, 2.97133942e-006, 9.86444684e-006, -7.02786209e-006, 1, 0.931901883, -0.362710464, -7.4241624e-006, 0.362710464, 0.931901883, 9.95608672e-007, 6.55747324e-006, -3.62063098e-006, 1, 0, 0, 0, 0, 0, 0, 0, 0.358124072, -0.219156641, -0.142087183, -0.435899044, 0.58830861, -0.680970802, -0.891357422, -0.38659668, 0.236572266, -0.124010975, 0.710168643, 0.693062988, 0, 0, -0, 0, 0, 0, 0, 0.386180664, -0.167583105, -0.117731299, 0.135769871, 0.0649870648, -0.988520013, 0.81262207, -0.57800293, 0.0737304688, -0.566548515, -0.813336372, -0.131269264, 0, 2, 3, 1, 
511.046313, 68, 0.1, 0.1, 0.0232674718, 0.36289283, -0.0349712759, 0.931901817, -0.362710634, -8.41060677e-006, 0.362710634, 0.931901817, 3.528221e-006, 6.55813645e-006, -6.33857207e-006, 1, 0.931901827, -0.362710607, 1.53128662e-006, 0.362710607, 0.931901827, -1.33503683e-006, -9.42776783e-007, 1.79953716e-006, 1, 0, 0, 0, 0, 0, 0, 0, 0.358124072, -0.219156641, -0.142087183, -0.435899044, 0.58830861, -0.680970802, -0.891357422, -0.38659668, 0.236572266, -0.124010975, 0.710168643, 0.693062988, 0, 0, -0, 0, 0, 0, 0, 0.385882715, -0.167301758, -0.117731299, 0.135769871, 0.0649870648, -0.988520013, 0.81262207, -0.57800293, 0.0737304688, -0.566548515, -0.813336372, -0.131269264, 0, 2, 3, 1, 
511.047008, 68, 0.1, 0.1, 0.0232675006, 0.362892803, -0.0349736162, 0.931901783, -0.36271072, 7.38659202e-006, 0.36271072, 0.931901783, -1.56355907e-005, -1.2123819e-006, 1.7250031e-005, 1, 0.931901784, -0.362710718, 7.31435688e-006, 0.362710718, 0.931901784, -9.16673706e-006, -3.49138845e-006, 1.11954943e-005, 1, 0, 0, 0, 0, 0, 0, 0, 0.358124072, -0.219156641, -0.142087183, -0.435899044, 0.58830861, -0.680970802, -0.891357422, -0.38659668, 0.236572266, -0.124010975, 0.710168643, 0.693062988, 0, 0, -0, 0, 0, 0, 0, 0.385882715, -0.167301758, -0.117731299, 0.135769871, 0.0649870648, -0.988520013, 0.81262207, -0.57800293, 0.0737304688, -0.566548515, -0.813336372, -0.131269264, 0, 2, 3, 1, 
511.047701, 68, 0.1, 0.1, 0.0232675294, 0.362892775, -0.034974644, 0.931901808, -0.362710656, -1.19142505e-006, 0.362710656, 0.931901808, 1.52118796e-005, -4.40721969e-006, -1.46081207e-005, 1, 0.931901802, -0.362710671, -6.55670424e-007, 0.362710671, 0.931901802, 7.28336443e-006, -2.03073355e-006, -7.0251991e-006, 1, 0, 0, 0, 0, 0, 0, 0, 0.358124072, -0.219156641, -0.142087183, -0.435899044, 0.58830861, -0.680970802, -0.891357422, -0.38659668, 0.236572266, -0.124010975, 0.710168643, 0.693062988, 0, 0, -0, 0, 0, 0, 0, 0.385882715, -0.167301758, -0.117731299, 0.135769871, 0.0649870648, -0.988520013, 0.81262207, -0.57800293, 0.0737304688, -0.566548515, -0.813336372, -0.131269264, 0, 2, 3, 1, 
511.048406, 68, 0.1, 0.1, 0.023267559, 0.362892745, -0.0349741027, 0.931901801, -0.362710674, 7.93386949e-006, 0.362710674, 0.931901801, -7.12534974e-006, -4.80914686e-006, 9.5178254e-006, 1, 0.93190181, -0.362710652, -1.11457267e-006, 0.362710652, 0.93190181, -4.12299937e-006, 2.53412808e-006, 3.43796319e-006, 1, 0, 0, 0, 0, 0, 0, 0, 0.358124072, -0.219156641, -0.142087183, -0.435899044, 0.58830861, -0.680970802, -0.891357422, -0.38659668, 0.236572266, -0.124010975, 0.710168643, 0.693062988, 0, 0, -0, 0, 0, 0, 0, 0.385882715, -0.167301758, -0.117731299, 0.135769871, 0.0649870648, -0.988520013, 0.81262207, -0.57800293, 0.0737304688, -0.566548515, -0.813336372, -0.131269264, 0, 2, 3, 1, 
511.049101, 68, 0.1, 0.1, 0.0232675861, 0.362892717, -0.0349722724, 0.931901757, -0.362710787, -1.44549685e-006, 0.362710787, 0.931901757, 2.98544507e-006, 2.64207921e-007, -3.3064388e-006, 1, 0.931901765, -0.362710766, -4.99414937e-006, 0.362710766, 0.931901765, 3.45704165e-006, 3.40015039e-006, -5.03305496e-006, 1, 0, 0, 0, 0, 0, 0, 0, 0.358124072, -0.219156641, -0.142087183, -0.435899044, 0.58830861, -0.680970802, -0.891357422, -0.38659668, 0.236572266, -0.124010975, 0.710168643, 0.693062988, 0, 0, -0, 0, 0, 0, 0, 0.385882715, -0.167301758, -0.117731299, 0.135769871, 0.0649870648, -0.988520013, 0.81262207, -0.57800293, 0.0737304688, -0.566548515, -0.813336372, -0.131269264, 0, 2, 3, 1, 
511.04979, 68, 0.1, 0.1, 0.0232676124, 0.362892689, -0.0349698442, 0.93190172, -0.362710882, -7.31358552e-006, 0.362710882, 0.93190172, 8.42210633e-006, 3.76075331e-006, -1.05012924e-005, 1, 0.931901727, -0.362710864, -3.73386253e-006, 0.362710864, 0.931901727, 6.62961966e-006, 1.07495787e-006, -7.53246652e-006, 1, 0, 0, 0, 0, 0, 0, 0, 0.358124072, -0.219156641, -0.142087183, -0.435899044, 0.58830861, -0.680970802, -0.891357422, -0.38659668, 0.236572266, -0.124010975, 0.710168643, 0.693062988, 0, 0, -0, 0, 0, 0, 0, 0.385882715, -0.167301758, -0.117731299, 0.135769871, 0.0649870648, -0.988520013, 0.81262207, -0.57800293, 0.0737304688, -0.566548515, -0.813336372, -0.131269264, 0, 2, 3, 1, 
511.050515, 68, 0.1, 0.1, 0.0232676397, 0.362892659, -0.0349672409, 0.931901683, -0.362710977, -3.18957976e-006, 0.362710977, 0.931901683, -3.55071352e-006, 4.26025752e-006, 2.15202032e-006, 1, 0.931901692, -0.362710955, 4.72728033e-006, 0.362710955, 0.931901692, 2.2592197e-006, -5.22480427e-006, -3.90734293e-007, 1, 0, 0, 0, 0, 0, 0, 0, 0.358137012, -0.218923877, -0.141638013, -0.435613725, 0.588511553, -0.68093261, -0.891357422, -0.38671875, 0.235839844, -0.124550533, 0.709889316, 0.693304123, 0, 0, -0, 0, 0, 0, 0, 0.385677539, -0.166990381, -0.117301904, 0.136185115, 0.0661628013, -0.988392415, 0.81237793, -0.578491211, 0.0732421875, -0.566995842, -0.812844569, -0.13248328, 0, 2, 3, 1, 
511.051209, 68, 0.1, 0.1, 0.0232676667, 0.362892632, -0.0349654626, 0.931901654, -0.362711053, 1.53104474e-006, 0.362711053, 0.931901654, 3.32186081e-006, -2.63165876e-006, -2.54032073e-006, 1, 0.931901659, -0.36271104, 6.33871878e-006, 0.36271104, 0.931901659, 1.54329709e-006, -6.46683344e-006, 8.6092216e-007, 1, 0, 0, 0, 0, 0, 0, 0, 0.358137012, -0.218923877, -0.141638013, -0.435613725, 0.588511553, -0.68093261, -0.891357422, -0.38671875, 0.235839844, -0.124550533, 0.709889316, 0.693304123, 0, 0, -0, 0, 0, 0, 0, 0.385677539, -0.166990381, -0.117301904, 0.136185115, 0.0661628013, -0.988392415, 0.81237793, -0.578491211, 0.0732421875, -0.566995842, -0.812844569, -0.13248328, 0, 2, 3, 1, 
511.051902, 68, 0.1, 0.1, 0.0232676942, 0.362892607, -0.0349650328, 0.931901628, -0.36271112, 8.51928019e-006, 0.36271112, 0.931901627, -8.39392534e-006, -4.89456101e-006, 1.09123503e-005, 1, 0.931901632, -0.362711108, 4.91356966e-006, 0.362711108, 0.931901632, -7.36071529e-006, -1.90915038e-006, 8.64166889e-006, 1, 0, 0, 0, 0, 0, 0, 0, 0.358137012, -0.218923877, -0.141638013, -0.435613725, 0.588511553, -0.68093261, -0.891357422, -0.38671875, 0.235839844, -0.124550533, 0.709889316, 0.693304123, 0, 0, -0, 0, 0, 0, 0, 0.385677539, -0.166990381, -0.117301904, 0.136185115, 0.0661628013, -0.988392415, 0.81237793, -0.578491211, 0.0732421875, -0.566995842, -0.812844569, -0.13248328, 0, 2, 3, 1, 
511.052599, 68, 0.1, 0.1, 0.0232677222, 0.36289258, -0.0349659751, 0.931901606, -0.362711176, 4.05211953e-006, 0.362711176, 0.931901606, -1.74817679e-006, -3.14209343e-006, 3.0988778e-006, 1, 0.931901609, -0.362711167, -7.82527954e-006, 0.362711167, 0.931901609, 2.35248791e-006, 6.43911697e-006, -5.03060354e-006, 1, 0, 0, 0, 0, 0, 0, 0, 0.358137012, -0.218923877, -0.141638013, -0.435613725, 0.588511553, -0.68093261, -0.891357422, -0.38671875, 0.235839844, -0.124550533, 0.709889316, 0.693304123, 0, 0, -0, 0, 0, 0, 0, 0.385677539, -0.166990381, -0.117301904, 0.136185115, 0.0661628013, -0.988392415, 0.81237793, -0.578491211, 0.0732421875, -0.566995842, -0.812844569, -0.13248328, 0, 2, 3, 1, 
511.053296, 68, 0.1, 0.1, 0.0232677494, 0.362892552, -0.0349679531, 0.931901587, -0.362711225, -7.08613535e-006, 0.362711225, 0.931901587, 6.62852459e-006, 4.1993405e-006, -8.74735342e-006, 1, 0.93190159, -0.362711216, -1.0943233e-005, 0.362711216, 0.93190159, 8.01990927e-006, 7.28910518e-006, -1.14429995e-005, 1, 0, 0, 0, 0, 0, 0, 0, 0.358137012, -0.218923877, -0.141638013, -0.435613725, 0.588511553, -0.68093261, -0.891357422, -0.38671875, 0.235839844, -0.124550533, 0.709889316, 0.693304123, 0, 0, -0, 0, 0, 0, 0, 0.385677539, -0.166990381, -0.117301904, 0.136185115, 0.0661628013, -0.988392415, 0.81237793, -0.578491211, 0.0732421875, -0.566995842, -0.812844569, -0.13248328, 0, 2, 3, 1, 
511.053989, 68, 0.1, 0.1, 0.0232677731, 0.362892531, -0.0349702798, 0.931901611, -0.362711162, 6.18558006e-007, 0.362711162, 0.931901611, -1.7910889e-005, 5.92004417e-006, 1.69155442e-005, 1, 0.9319016, -0.36271119, 4.43839832e-006, 0.36271119, 0.9319016, -2.11752015e-005, 3.54433203e-006, 2.13430609e-005, 1, 0, 0, 0, 0, 0, 0, 0, 0.358137012, -0.218923877, -0.141638013, -0.435613725, 0.588511553, -0.68093261, -0.891357422, -0.38671875, 0.235839844, -0.124550533, 0.709889316, 0.693304123, 0, 0, -0, 0, 0, 0, 0, 0.385677539, -0.166990381, -0.117301904, 0.136185115, 0.0661628013, -0.988392415, 0.81237793, -0.578491211, 0.0732421875, -0.566995842, -0.812844569, -0.13248328, 0, 2, 3, 1, 
511.054682, 68, 0.1, 0.1, 0.0232677993, 0.362892501, -0.0349723026, 0.931901672, -0.362711007, -8.09766818e-006, 0.362711007, 0.931901671, 1.53728495e-005, 1.97032878e-006, -1.72630976e-005, 1, 0.931901663, -0.362711029, -2.46673355e-006, 0.362711029, 0.931901663, 1.98893543e-005, -4.91533505e-006, -1.94296338e-005, 1, 0, 0, 0, 0, 0, 0, 0, 0.358137012, -0.218923877, -0.141638013, -0.435613725, 0.588511553, -0.68093261, -0.891357422, -0.38671875, 0.235839844, -0.124550533, 0.709889316, 0.693304123, 0, 0, -0, 0, 0, 0, 0, 0.385677539, -0.166990381, -0.117301904, 0.136185115, 0.0661628013, -0.988392415, 0.81237793, -0.578491211, 0.0732421875, -0.566995842, -0.812844569, -0.13248328, 0, 2, 3, 1, 
511.055405, 68, 0.1, 0.1, 0.0232678238, 0.362892476, -0.0349732566, 0.931901664, -0.362711025, 9.75786016e-006, 0.362711025, 0.931901664, -4.5586628e-006, -7.43988887e-006, 7.78750891e-006, 1, 0.931901669, -0.362711013, 1.32703161e-005, 0.362711013, 0.931901669, -7.10533349e-006, -9.78944703e-006, 1.14347619e-005, 1, 0, 0, 0, 0, 0, 0, 0, 0.357783301, -0.219141138, -0.141252441, -0.433855389, 0.58856285, -0.682069014, -0.892333984, -0.384643555, 0.235717773, -0.123593107, 0.710993519, 0.692371784, 0, 0, -0, 0, 0, 0, 0, 0.385492139, -0.167163574, -0.116870801, 0.137002844, 0.0667060102, -0.988277577, 0.811645508, -0.579467773, 0.0734863281, -0.567769094, -0.812173762, -0.133575895, 0, 2, 3, 1, 
511.056102, 68, 0.1, 0.1, 0.0232678528, 0.362892452, -0.0349729548, 0.931901606, -0.362711176, -1.04590525e-005, 0.362711176, 0.931901606, -8.64852761e-006, 1.28837255e-005, 4.26596152e-006, 1, 0.931901622, -0.362711133, -1.50944507e-005, 0.362711133, 0.931901622, -9.3035212e-006, 1.74410338e-005, 3.19504118e-006, 1, 0, 0, 0, 0, 0, 0, 0, 0.357783301, -0.219141138, -0.141252441, -0.433855389, 0.58856285, -0.682069014, -0.892333984, -0.384643555, 0.235717773, -0.123593107, 0.710993519, 0.692371784, 0, 0, -0, 0, 0, 0, 0, 0.385492139, -0.167163574, -0.116870801, 0.137002844, 0.0667060102, -0.988277577, 0.811645508, -0.579467773, 0.0734863281, -0.567769094, -0.812173762, -0.133575895, 0, 2, 3, 1, 
511.056793, 68, 0.1, 0.1, 0.0232678743, 0.362892423, -0.0349717309, 0.931901523, -0.362711389, 1.54624497e-005, 0.362711389, 0.931901523, 9.55154318e-006, -1.78739339e-005, -3.29269104e-006, 1, 0.931901536, -0.362711355, 1.59201348e-005, 0.362711355, 0.931901536, 1.65532002e-005, -2.08400317e-005, -9.651539e-006, 1, 0, 0, 0, 0, 0, 0, 0, 0.357783301, -0.219141138, -0.141252441, -0.433855389, 0.58856285, -0.682069014, -0.892333984, -0.384643555, 0.235717773, -0.123593107, 0.710993519, 0.692371784, 0, 0, -0, 0, 0, 0, 0, 0.385492139, -0.167163574, -0.116870801, 0.137002844, 0.0667060102, -0.988277577, 0.811645508, -0.579467773, 0.0734863281, -0.567769094, -0.812173762, -0.133575895, 0, 2, 3, 1, 
511.057487, 68, 0.1, 0.1, 0.0232678998, 0.362892402, -0.0349699959, 0.931901507, -0.36271143, -1.00645484e-005, 0.36271143, 0.931901507, -1.51781721e-006, 9.92969748e-006, -2.23607061e-006, 1, 0.931901504, -0.362711438, -9.66525479e-006, 0.362711437, 0.931901504, -1.2513592e-005, 1.35458884e-005, 8.15573673e-006, 1, 0, 0, 0, 0, 0, 0, 0, 0.357783301, -0.219141138, -0.141252441, -0.433855389, 0.58856285, -0.682069014, -0.892333984, -0.384643555, 0.235717773, -0.123593107, 0.710993519, 0.692371784, 0, 0, -0, 0, 0, 0, 0, 0.385492139, -0.167163574, -0.116870801, 0.137002844, 0.0667060102, -0.988277577, 0.811645508, -0.579467773, 0.0734863281, -0.567769094, -0.812173762, -0.133575895, 0, 2, 3, 1, 
