time, trialNum, realDorsalTactorPos, realVentralTactorPos, boxPosX, boxPosY, boxPosZ, boxLocalRot_11, boxLocalRot_12, boxLocalRot_13, boxLocalRot_21, boxLocalRot_22, boxLocalRot_23, boxLocalRot_31, boxLocalRot_32, boxLocalRot_33, boxGlobalRot_11, boxGlobalRot_12, boxGlobalRot_13, boxGlobalRot_21, boxGlobalRot_22, boxGlobalRot_23, boxGlobalRot_31, boxGlobalRot_32, boxGlobalRot_33, indexForceX, indexForceY, indexForceZ, indexForceGlobalX, indexForceGlobalY, indexForceGlobalZ, indexContact, indexPosX, indexPosY, indexPosZ, indexRot_11, indexRot_12, indexRot_13, indexRot_21, indexRot_22, indexRot_23, indexRot_31, indexRot_32, indexRot_33, thumbForceX, thumbForceY, thumbForceZ, thumbForceGlobalX, thumbForceGlobalY, thumbForceGlobalZ, thumbContact, thumbPosX, thumbPosY, thumbPosZ, thumbRot_11, thumbRot_12, thumbRot_13, thumbRot_21, thumbRot_22, thumbRot_23, thumbRot_31, thumbRot_32, thumbRot_33, manipForceTooHigh, cceExpType, mapping, trialSuccess, 
1187.18605, 66, 0.1, 0.1, 0.00817346709, 0.360766615, -0.0349764942, 0.768010282, 0.640437512, 1.64321286e-005, 0.640437511, -0.768010282, 2.46009636e-005, 2.83754237e-005, -8.37004141e-006, -1, 0.768010283, 0.64043751, 1.01069366e-005, 0.64043751, -0.768010283, 2.77195528e-005, 2.55148726e-005, -1.48160403e-005, -1, 0, 0, 0, 0, 0, 0, 0, 0.237887671, 0.0378626709, -0.252885962, -0.428320224, 0.64249468, -0.635403072, -0.903564453, -0.305541992, 0.300048828, -0.00124863226, 0.70269874, 0.711552891, 0, 0, -0, 0, 0, 0, 0, 0.275673291, 0.106850977, -0.186839697, -0.256722878, 0.786648824, -0.561434251, 0.216796875, -0.519165039, -0.826660156, -0.941784079, -0.333908634, -0.037283658, 0, 2, 5, 1, 
1187.20643, 66, 0.1, 0.1, 0.00817369247, 0.360766291, -0.0349753326, 0.768015434, 0.640431333, -7.99193362e-007, 0.640431333, -0.768015434, 4.6597615e-006, 2.37046444e-006, -4.09059723e-006, -1, 0.768015451, 0.640431313, -1.07906505e-005, 0.640431313, -0.768015451, -1.14674252e-006, -9.02179612e-006, -6.02995448e-006, -1, 0, 0, 0, 0, 0, 0, 0, 0.24123042, 0.0239736816, -0.242539087, -0.454071096, 0.642386478, -0.617208634, -0.89074707, -0.3359375, 0.305664063, -0.0108887996, 0.688749989, 0.724985311, 0, 0, -0, 0, 0, 0, 0, 0.278105713, 0.0927846191, -0.175456641, -0.283391117, 0.790715211, -0.542444196, 0.220458984, -0.496704102, -0.839355469, -0.933294694, -0.357416068, -0.0334465821, 0, 2, 5, 1, 
1187.20713, 66, 0.1, 0.1, 0.00817369916, 0.360766285, -0.0349771379, 0.768015387, 0.640431391, -1.03228469e-005, 0.640431391, -0.768015387, 2.40747388e-009, -7.92656339e-006, -6.61292414e-006, -1, 0.768015401, 0.640431373, -1.41229068e-006, 0.640431373, -0.768015401, 5.0597281e-006, 2.15574762e-006, -4.79042437e-006, -1, 0, 0, 0, 0, 0, 0, 0, 0.24123042, 0.0239736816, -0.242539087, -0.454071096, 0.642386478, -0.617208634, -0.89074707, -0.3359375, 0.305664063, -0.0108887996, 0.688749989, 0.724985311, 0, 0, -0, 0, 0, 0, 0, 0.278105713, 0.0927846191, -0.175456641, -0.283391117, 0.790715211, -0.542444196, 0.220458984, -0.496704102, -0.839355469, -0.933294694, -0.357416068, -0.0334465821, 0, 2, 5, 1, 
1187.20783, 66, 0.1, 0.1, 0.00817370257, 0.360766276, -0.0349765618, 0.768015257, 0.640431546, 2.25914177e-006, 0.640431546, -0.768015257, 8.88548535e-006, 7.42560047e-006, -5.37736265e-006, -1, 0.768015288, 0.640431509, -2.40761177e-006, 0.640431509, -0.768015288, -3.41861373e-006, -4.0384706e-006, 1.08363717e-006, -1, 0, 0, 0, 0, 0, 0, 0, 0.24123042, 0.0239736816, -0.242539087, -0.454071096, 0.642386478, -0.617208634, -0.89074707, -0.3359375, 0.305664063, -0.0108887996, 0.688749989, 0.724985311, 0, 0, -0, 0, 0, 0, 0, 0.278105713, 0.0927846191, -0.175456641, -0.283391117, 0.790715211, -0.542444196, 0.220458984, -0.496704102, -0.839355469, -0.933294694, -0.357416068, -0.0334465821, 0, 2, 5, 1, 
1187.20852, 66, 0.1, 0.1, 0.00817370982, 0.360766271, -0.0349739883, 0.768015159, 0.640431663, -5.16752109e-006, 0.640431663, -0.768015159, -4.50895287e-006, -6.85641072e-006, 1.53500031e-007, -1, 0.768015168, 0.640431652, 5.884393e-006, 0.640431653, -0.768015168, 9.15969939e-007, 5.10591922e-006, 3.06507273e-006, -1, 0, 0, 0, 0, 0, 0, 0, 0.24123042, 0.0239736816, -0.242539087, -0.454071096, 0.642386478, -0.617208634, -0.89074707, -0.3359375, 0.305664063, -0.0108887996, 0.688749989, 0.724985311, 0, 0, -0, 0, 0, 0, 0, 0.278105713, 0.0927846191, -0.175456641, -0.283391117, 0.790715211, -0.542444196, 0.220458984, -0.496704102, -0.839355469, -0.933294694, -0.357416068, -0.0334465821, 0, 2, 5, 1, 
1187.20923, 66, 0.1, 0.1, 0.00817371255, 0.360766263, -0.0349700671, 0.768015162, 0.64043166, 1.10187037e-005, 0.64043166, -0.768015162, 6.17640566e-006, 1.24180973e-005, 2.31315353e-006, -1, 0.768015168, 0.640431652, -1.27649305e-006, 0.640431652, -0.768015168, -1.29645714e-006, -1.81065821e-006, 1.78192201e-007, -1, 0, 0, 0, 0, 0, 0, 0, 0.24123042, 0.0239736816, -0.242539087, -0.454071096, 0.642386478, -0.617208634, -0.89074707, -0.3359375, 0.305664063, -0.0108887996, 0.688749989, 0.724985311, 0, 0, -0, 0, 0, 0, 0, 0.278768701, 0.0911755371, -0.173709863, -0.287358724, 0.791244926, -0.53960092, 0.221679688, -0.493041992, -0.841186523, -0.931747823, -0.36128816, -0.0336387126, 0, 2, 5, 1, 
1187.20994, 66, 0.1, 0.1, 0.00817372099, 0.360766258, -0.0349663038, 0.768015105, 0.640431728, -8.39023657e-006, 0.640431728, -0.768015105, -3.26031253e-006, -8.53183601e-006, -2.86940444e-006, -1, 0.768015112, 0.64043172, 6.08957831e-006, 0.64043172, -0.768015112, 4.24562416e-006, 7.39592055e-006, 6.39255602e-007, -1, 0, 0, 0, 0, 0, 0, 0, 0.24123042, 0.0239736816, -0.242539087, -0.454071096, 0.642386478, -0.617208634, -0.89074707, -0.3359375, 0.305664063, -0.0108887996, 0.688749989, 0.724985311, 0, 0, -0, 0, 0, 0, 0, 0.278768701, 0.0911755371, -0.173709863, -0.287358724, 0.791244926, -0.53960092, 0.221679688, -0.493041992, -0.841186523, -0.931747823, -0.36128816, -0.0336387126, 0, 2, 5, 1, 
1187.21063, 66, 0.1, 0.1, 0.00817372464, 0.360766248, -0.0349637502, 0.76801499, 0.640431866, 6.03829771e-006, 0.640431866, -0.76801499, 1.19565387e-005, 1.22948515e-005, -5.31568265e-006, -1, 0.76801502, 0.64043183, 1.99879133e-008, 0.64043183, -0.76801502, -7.23961554e-006, -4.62112921e-006, 5.57293437e-006, -1, 0, 0, 0, 0, 0, 0, 0, 0.24123042, 0.0239736816, -0.242539087, -0.454071096, 0.642386478, -0.617208634, -0.89074707, -0.3359375, 0.305664063, -0.0108887996, 0.688749989, 0.724985311, 0, 0, -0, 0, 0, 0, 0, 0.278768701, 0.0911755371, -0.173709863, -0.287358724, 0.791244926, -0.53960092, 0.221679688, -0.493041992, -0.841186523, -0.931747823, -0.36128816, -0.0336387126, 0, 2, 5, 1, 
1187.21157, 66, 0.1, 0.1, 0.00817373705, 0.360766242, -0.0349599961, 0.768014897, 0.640431977, -8.77552504e-006, 0.640431977, -0.768014897, -1.46515671e-005, -1.61230661e-005, 5.63249497e-006, -1, 0.768014894, 0.640431981, 9.62200629e-006, 0.640431981, -0.768014894, -6.94922128e-006, 2.93934059e-006, 1.1499346e-005, -1, 0, 0, 0, 0, 0, 0, 0, 0.241917456, 0.0221710205, -0.240834912, -0.458012751, 0.642182413, -0.614555029, -0.888793945, -0.340454102, 0.306518555, -0.0123655657, 0.686681247, 0.726913268, 0, 0, -0, 0, 0, 0, 0, 0.278768701, 0.0911755371, -0.173709863, -0.287358724, 0.791244926, -0.53960092, 0.221679688, -0.493041992, -0.841186523, -0.931747823, -0.36128816, -0.0336387126, 0, 2, 5, 1, 
1187.21227, 66, 0.1, 0.1, 0.00817373716, 0.360766231, -0.0349592922, 0.768015004, 0.64043185, 1.66837077e-005, 0.64043185, -0.768015004, -6.56022961e-006, 8.61195783e-006, 1.57231325e-005, -1, 0.768014979, 0.640431879, -8.88628874e-006, 0.640431879, -0.768014979, -6.81015114e-006, -1.11862408e-005, -4.60764511e-007, -1, 0, 0, 0, 0, 0, 0, 0, 0.241917456, 0.0221710205, -0.240834912, -0.458012751, 0.642182413, -0.614555029, -0.888793945, -0.340454102, 0.306518555, -0.0123655657, 0.686681247, 0.726913268, 0, 0, -0, 0, 0, 0, 0, 0.278768701, 0.0911755371, -0.173709863, -0.287358724, 0.791244926, -0.53960092, 0.221679688, -0.493041992, -0.841186523, -0.931747823, -0.36128816, -0.0336387126, 0, 2, 5, 1, 
1187.21297, 66, 0.1, 0.1, 0.00817374873, 0.360766225, -0.0349616232, 0.768015084, 0.640431754, -1.4006919e-005, 0.640431754, -0.768015084, 7.85748249e-006, -5.72534376e-006, -1.50051408e-005, -1, 0.768015072, 0.640431768, 1.18023631e-005, 0.640431768, -0.768015072, 3.90854208e-006, 1.15675473e-005, 4.55678905e-006, -1, 0, 0, 0, 0, 0, 0, 0, 0.241917456, 0.0221710205, -0.240834912, -0.458012751, 0.642182413, -0.614555029, -0.888793945, -0.340454102, 0.306518555, -0.0123655657, 0.686681247, 0.726913268, 0, 0, -0, 0, 0, 0, 0, 0.278768701, 0.0911755371, -0.173709863, -0.287358724, 0.791244926, -0.53960092, 0.221679688, -0.493041992, -0.841186523, -0.931747823, -0.36128816, -0.0336387126, 0, 2, 5, 1, 
1187.2137, 66, 0.1, 0.1, 0.0081737462, 0.360766221, -0.0349661401, 0.768015147, 0.640431678, 4.50569836e-006, 0.640431678, -0.768015147, 7.3680097e-006, 8.1791514e-006, -2.77315109e-006, -1, 0.768015136, 0.640431691, -1.64288497e-005, 0.640431691, -0.768015136, 9.90115475e-006, -6.27659199e-006, -1.81257927e-005, -1, 0, 0, 0, 0, 0, 0, 0, 0.242581421, 0.020604541, -0.239316748, -0.462417579, 0.642263667, -0.611203107, -0.886474609, -0.345581055, 0.307495117, -0.0136453803, 0.684072947, 0.729348582, 0, 0, -0, 0, 0, 0, 0, 0.279356982, 0.0895747559, -0.172085986, -0.292418945, 0.791896044, -0.535856427, 0.220947266, -0.489257813, -0.84362793, -0.930315791, -0.365147491, -0.0318949807, 0, 2, 5, 1, 
1187.21439, 66, 0.1, 0.1, 0.00817376083, 0.360766208, -0.0349710264, 0.768015345, 0.640431441, 1.61971768e-005, 0.640431441, -0.768015344, -2.94301854e-005, -6.4083357e-006, 3.29760153e-005, -0.999999999, 0.768015296, 0.640431498, 2.94859531e-005, 0.640431499, -0.768015296, -2.54100827e-005, 6.3722457e-006, 3.83990653e-005, -0.999999999, 0, 0, 0, 0, 0, 0, 0, 0.242581421, 0.020604541, -0.239316748, -0.462417579, 0.642263667, -0.611203107, -0.886474609, -0.345581055, 0.307495117, -0.0136453803, 0.684072947, 0.729348582, 0, 0, -0, 0, 0, 0, 0, 0.279356982, 0.0895747559, -0.172085986, -0.292418945, 0.791896044, -0.535856427, 0.220947266, -0.489257813, -0.84362793, -0.930315791, -0.365147491, -0.0318949807, 0, 2, 5, 1, 
1187.21509, 66, 0.1, 0.1, 0.00817376134, 0.360766201, -0.0349752001, 0.768015739, 0.640430968, -1.86805731e-005, 0.640430968, -0.768015738, 3.00392824e-005, 4.89111258e-006, -3.50342591e-005, -0.999999999, 0.768015639, 0.640431088, -2.18711795e-005, 0.640431088, -0.768015639, 1.62596494e-005, -6.38422296e-006, -2.64946483e-005, -1, 0, 0, 0, 0, 0, 0, 0, 0.242581421, 0.020604541, -0.239316748, -0.462417579, 0.642263667, -0.611203107, -0.886474609, -0.345581055, 0.307495117, -0.0136453803, 0.684072947, 0.729348582, 0, 0, -0, 0, 0, 0, 0, 0.279356982, 0.0895747559, -0.172085986, -0.292418945, 0.791896044, -0.535856427, 0.220947266, -0.489257813, -0.84362793, -0.930315791, -0.365147491, -0.0318949807, 0, 2, 5, 1, 
1187.2158, 66, 0.1, 0.1, 0.00817376281, 0.360766204, -0.0349774382, 0.768016241, 0.640430366, -4.48676317e-006, 0.640430366, -0.768016241, 2.29999032e-006, -1.97292334e-006, -4.6398893e-006, -1, 0.768016141, 0.640430486, -6.84799043e-006, 0.640430486, -0.76801614, 1.93887315e-005, 7.15776757e-006, -1.92765206e-005, -1, 0, 0, 0, 0, 0, 0, 0, 0.242581421, 0.020604541, -0.239316748, -0.462417579, 0.642263667, -0.611203107, -0.886474609, -0.345581055, 0.307495117, -0.0136453803, 0.684072947, 0.729348582, 0, 0, -0, 0, 0, 0, 0, 0.279356982, 0.0895747559, -0.172085986, -0.292418945, 0.791896044, -0.535856427, 0.220947266, -0.489257813, -0.84362793, -0.930315791, -0.365147491, -0.0318949807, 0, 2, 5, 1, 
1187.2165, 66, 0.1, 0.1, 0.0081737738, 0.360766188, -0.0349771585, 0.768016576, 0.640429964, 2.69346217e-005, 0.640429964, -0.768016575, -2.57331891e-005, 4.20593062e-006, 3.70132546e-005, -0.999999999, 0.768016523, 0.640430027, 2.6150848e-005, 0.640430027, -0.768016523, -2.87245038e-005, 1.68824862e-006, 3.88086819e-005, -0.999999999, 0, 0, 0, 0, 0, 0, 0, 0.242581421, 0.020604541, -0.239316748, -0.462417579, 0.642263667, -0.611203107, -0.886474609, -0.345581055, 0.307495117, -0.0136453803, 0.684072947, 0.729348582, 0, 0, -0, 0, 0, 0, 0, 0.279356982, 0.0895747559, -0.172085986, -0.292418945, 0.791896044, -0.535856427, 0.220947266, -0.489257813, -0.84362793, -0.930315791, -0.365147491, -0.0318949807, 0, 2, 5, 1, 
1187.21719, 66, 0.1, 0.1, 0.00817377929, 0.360766181, -0.0349747602, 0.76801685, 0.640429635, -1.19543313e-005, 0.640429635, -0.76801685, 2.55900603e-005, 7.20750512e-006, -2.73095056e-005, -1, 0.768016778, 0.640429722, -9.21523448e-006, 0.640429722, -0.768016778, 1.04588292e-005, -3.79309602e-007, -1.39342664e-005, -1, 0, 0, 0, 0, 0, 0, 0, 0.242581421, 0.020604541, -0.239316748, -0.462417579, 0.642263667, -0.611203107, -0.886474609, -0.345581055, 0.307495117, -0.0136453803, 0.684072947, 0.729348582, 0, 0, -0, 0, 0, 0, 0, 0.279356982, 0.0895747559, -0.172085986, -0.292418945, 0.791896044, -0.535856427, 0.220947266, -0.489257813, -0.84362793, -0.930315791, -0.365147491, -0.0318949807, 0, 2, 5, 1, 
1187.21789, 66, 0.1, 0.1, 0.0081737776, 0.360766181, -0.0349710179, 0.768017142, 0.640429285, -1.73195169e-005, 0.640429285, -0.768017142, -1.24001703e-006, -1.40958291e-005, -1.01395715e-005, -1, 0.768017099, 0.640429336, -2.23520764e-005, 0.640429336, -0.768017099, 1.30385598e-005, -8.81650071e-006, -2.43287623e-005, -1, 0, 0, 0, 0, 0, 0, 0, 0.242581421, 0.020604541, -0.239316748, -0.462417579, 0.642263667, -0.611203107, -0.886474609, -0.345581055, 0.307495117, -0.0136453803, 0.684072947, 0.729348582, 0, 0, -0, 0, 0, 0, 0, 0.279356982, 0.0895747559, -0.172085986, -0.292418945, 0.791896044, -0.535856427, 0.220947266, -0.489257813, -0.84362793, -0.930315791, -0.365147491, -0.0318949807, 0, 2, 5, 1, 
1187.21862, 66, 0.1, 0.1, 0.00817378795, 0.360766169, -0.0349667533, 0.768017195, 0.640429222, 2.16048755e-005, 0.640429222, -0.768017195, -1.07437414e-005, 9.71230993e-006, 2.20877717e-005, -1, 0.768017198, 0.640429218, 2.65042237e-005, 0.640429218, -0.768017198, -1.54209435e-005, 1.04796768e-005, 2.88176291e-005, -1, 0, 0, 0, 0, 0, 0, 0, 0.243241235, 0.0187862549, -0.237596948, -0.466948967, 0.641736092, -0.608225991, -0.884155273, -0.349975586, 0.309448242, -0.0141635984, 0.682302627, 0.730978116, 0, 0, -0, 0, 0, 0, 0, 0.279736914, 0.0877409668, -0.170265234, -0.297223603, 0.792253319, -0.53264858, 0.219970703, -0.485961914, -0.845703125, -0.92897964, -0.368546736, -0.0297166817, 0, 2, 5, 1, 
1187.21932, 66, 0.1, 0.1, 0.00817378694, 0.360766164, -0.0349636338, 0.768017165, 0.640429257, -2.11102119e-005, 0.640429257, -0.768017165, 1.22547687e-005, -8.36469266e-006, -2.293147e-005, -1, 0.768017166, 0.640429256, -2.81531504e-005, 0.640429256, -0.768017166, 1.00846759e-005, -1.51635813e-005, -2.57753054e-005, -1, 0, 0, 0, 0, 0, 0, 0, 0.243241235, 0.0187862549, -0.237596948, -0.466948967, 0.641736092, -0.608225991, -0.884155273, -0.349975586, 0.309448242, -0.0141635984, 0.682302627, 0.730978116, 0, 0, -0, 0, 0, 0, 0, 0.279736914, 0.0877409668, -0.170265234, -0.297223603, 0.792253319, -0.53264858, 0.219970703, -0.485961914, -0.845703125, -0.92897964, -0.368546736, -0.0297166817, 0, 2, 5, 1, 
1187.22001, 66, 0.1, 0.1, 0.00817379329, 0.360766157, -0.0349625043, 0.768017257, 0.640429147, -4.0147312e-006, 0.640429147, -0.768017257, -1.36265366e-005, -1.18102141e-005, 7.89426442e-006, -1, 0.768017227, 0.640429183, 9.96848726e-006, 0.640429184, -0.768017227, -8.93705813e-006, 1.9324171e-006, 1.32479248e-005, -1, 0, 0, 0, 0, 0, 0, 0, 0.243241235, 0.0187862549, -0.237596948, -0.466948967, 0.641736092, -0.608225991, -0.884155273, -0.349975586, 0.309448242, -0.0141635984, 0.682302627, 0.730978116, 0, 0, -0, 0, 0, 0, 0, 0.279736914, 0.0877409668, -0.170265234, -0.297223603, 0.792253319, -0.53264858, 0.219970703, -0.485961914, -0.845703125, -0.92897964, -0.368546736, -0.0297166817, 0, 2, 5, 1, 
1187.22071, 66, 0.1, 0.1, 0.00817379568, 0.36076615, -0.0349635311, 0.768017481, 0.640428879, 1.12021535e-005, 0.640428879, -0.768017481, 4.45984395e-006, 1.14596625e-005, 3.74894447e-006, -1, 0.768017437, 0.640428931, 4.73941052e-006, 0.640428931, -0.768017437, 1.35771968e-006, 4.50947288e-006, 1.99250323e-006, -1, 0, 0, 0, 0, 0, 0, 0, 0.243241235, 0.0187862549, -0.237596948, -0.466948967, 0.641736092, -0.608225991, -0.884155273, -0.349975586, 0.309448242, -0.0141635984, 0.682302627, 0.730978116, 0, 0, -0, 0, 0, 0, 0, 0.279736914, 0.0877409668, -0.170265234, -0.297223603, 0.792253319, -0.53264858, 0.219970703, -0.485961914, -0.845703125, -0.92897964, -0.368546736, -0.0297166817, 0, 2, 5, 1, 
1187.22142, 66, 0.1, 0.1, 0.00817379925, 0.360766143, -0.0349661799, 0.768017665, 0.640428658, -6.42087215e-006, 0.640428658, -0.768017665, -1.22306974e-005, -1.27642324e-005, 5.28128112e-006, -1, 0.768017636, 0.640428693, -1.18775958e-005, 0.640428693, -0.768017636, -7.10809808e-006, -1.3674433e-005, -2.14760846e-006, -1, 0, 0, 0, 0, 0, 0, 0, 0.243241235, 0.0187862549, -0.237596948, -0.466948967, 0.641736092, -0.608225991, -0.884155273, -0.349975586, 0.309448242, -0.0141635984, 0.682302627, 0.730978116, 0, 0, -0, 0, 0, 0, 0, 0.280101953, 0.0858854492, -0.168687744, -0.302283824, 0.79240607, -0.529658016, 0.219238281, -0.482910156, -0.84765625, -0.927547607, -0.372335705, -0.0278067055, 0, 2, 5, 1, 
1187.22212, 66, 0.1, 0.1, 0.00817380449, 0.360766139, -0.0349695528, 0.768017722, 0.64042859, -1.22685821e-006, 0.64042859, -0.768017722, 1.22245012e-005, 6.88667123e-006, -1.01743487e-005, -1, 0.76801772, 0.640428592, 2.10564015e-006, 0.640428592, -0.76801772, 1.6902331e-005, 1.2441905e-005, -1.16327776e-005, -1, 0, 0, 0, 0, 0, 0, 0, 0.243241235, 0.0187862549, -0.237596948, -0.466948967, 0.641736092, -0.608225991, -0.884155273, -0.349975586, 0.309448242, -0.0141635984, 0.682302627, 0.730978116, 0, 0, -0, 0, 0, 0, 0, 0.280101953, 0.0858854492, -0.168687744, -0.302283824, 0.79240607, -0.529658016, 0.219238281, -0.482910156, -0.84765625, -0.927547607, -0.372335705, -0.0278067055, 0, 2, 5, 1, 
1187.22282, 66, 0.1, 0.1, 0.00817381005, 0.36076613, -0.0349727118, 0.768017659, 0.640428665, 1.23047441e-005, 0.640428665, -0.76801766, -3.6468208e-006, 7.11473223e-006, 1.06811336e-005, -1, 0.76801768, 0.64042864, 7.59480264e-006, 0.64042864, -0.76801768, -1.34308274e-005, -2.76854382e-006, 1.5179042e-005, -1, 0, 0, 0, 0, 0, 0, 0, 0.243241235, 0.0187862549, -0.237596948, -0.466948967, 0.641736092, -0.608225991, -0.884155273, -0.349975586, 0.309448242, -0.0141635984, 0.682302627, 0.730978116, 0, 0, -0, 0, 0, 0, 0, 0.280101953, 0.0858854492, -0.168687744, -0.302283824, 0.79240607, -0.529658016, 0.219238281, -0.482910156, -0.84765625, -0.927547607, -0.372335705, -0.0278067055, 0, 2, 5, 1, 
1187.22352, 66, 0.1, 0.1, 0.0081738122, 0.360766128, -0.0349747199, 0.768017444, 0.640428923, -1.85609571e-005, 0.640428924, -0.768017444, 1.07816639e-005, -7.3502494e-006, -2.01674797e-005, -1, 0.768017497, 0.640428859, -1.67308315e-005, 0.64042886, -0.768017497, 1.53422228e-005, -3.0239691e-006, -2.24980029e-005, -1, 0, 0, 0, 0, 0, 0, 0, 0.243426001, 0.0172020752, -0.236065845, -0.472089182, 0.641430556, -0.604588751, -0.881347656, -0.354248047, 0.312255859, -0.0138438359, 0.680373549, 0.732873872, 0, 0, -0, 0, 0, 0, 0, 0.280101953, 0.0858854492, -0.168687744, -0.302283824, 0.79240607, -0.529658016, 0.219238281, -0.482910156, -0.84765625, -0.927547607, -0.372335705, -0.0278067055, 0, 2, 5, 1, 
1187.22422, 66, 0.1, 0.1, 0.00817381979, 0.36076612, -0.034974974, 0.768017159, 0.640429265, 2.64040262e-005, 0.640429265, -0.768017158, -1.50345205e-005, 1.06501982e-005, 2.84566808e-005, -1, 0.76801721, 0.640429204, 2.35022268e-005, 0.640429204, -0.76801721, -1.13450386e-005, 1.07844206e-005, 2.37646973e-005, -1, 0, 0, 0, 0, 0, 0, 0, 0.243426001, 0.0172020752, -0.236065845, -0.472089182, 0.641430556, -0.604588751, -0.881347656, -0.354248047, 0.312255859, -0.0138438359, 0.680373549, 0.732873872, 0, 0, -0, 0, 0, 0, 0, 0.280101953, 0.0858854492, -0.168687744, -0.302283824, 0.79240607, -0.529658016, 0.219238281, -0.482910156, -0.84765625, -0.927547607, -0.372335705, -0.0278067055, 0, 2, 5, 1, 
1187.22492, 66, 0.1, 0.1, 0.00817382586, 0.360766112, -0.0349736739, 0.76801699, 0.640429467, -6.97566773e-006, 0.640429467, -0.76801699, 9.25896662e-006, 5.72283725e-007, -1.15784668e-005, -1, 0.768017006, 0.640429449, -5.28456096e-006, 0.640429449, -0.768017006, -1.63897816e-006, -5.10828256e-006, -2.12562536e-006, -1, 0, 0, 0, 0, 0, 0, 0, 0.243426001, 0.0172020752, -0.236065845, -0.472089182, 0.641430556, -0.604588751, -0.881347656, -0.354248047, 0.312255859, -0.0138438359, 0.680373549, 0.732873872, 0, 0, -0, 0, 0, 0, 0, 0.280101953, 0.0858854492, -0.168687744, -0.302283824, 0.79240607, -0.529658016, 0.219238281, -0.482910156, -0.84765625, -0.927547607, -0.372335705, -0.0278067055, 0, 2, 5, 1, 
1187.22562, 66, 0.1, 0.1, 0.00817382926, 0.360766107, -0.0349712108, 0.76801689, 0.640429588, 9.56792263e-006, 0.640429588, -0.76801689, -3.59436161e-006, 5.04639066e-006, 8.88811117e-006, -1, 0.76801691, 0.640429564, 5.47266618e-006, 0.640429564, -0.76801691, 3.71961411e-007, 4.44131525e-006, 3.21918456e-006, -1, 0, 0, 0, 0, 0, 0, 0, 0.243426001, 0.0172020752, -0.236065845, -0.472089182, 0.641430556, -0.604588751, -0.881347656, -0.354248047, 0.312255859, -0.0138438359, 0.680373549, 0.732873872, 0, 0, -0, 0, 0, 0, 0, 0.280101953, 0.0858854492, -0.168687744, -0.302283824, 0.79240607, -0.529658016, 0.219238281, -0.482910156, -0.84765625, -0.927547607, -0.372335705, -0.0278067055, 0, 2, 5, 1, 
1187.22636, 66, 0.1, 0.1, 0.00817383279, 0.360766102, -0.0349678168, 0.76801682, 0.640429672, -3.93899569e-006, 0.640429672, -0.76801682, 1.09477477e-005, 3.9860475e-006, -1.09307041e-005, -1, 0.768016829, 0.640429661, -1.00093156e-005, 0.640429661, -0.768016828, 7.98957176e-006, -2.5705641e-006, -1.25463882e-005, -1, 0, 0, 0, 0, 0, 0, 0, 0.243392041, 0.015178125, -0.234530591, -0.477266468, 0.6412205, -0.600824951, -0.878662109, -0.357177734, 0.316772461, -0.0114171392, 0.679047307, 0.734008032, 0, 0, -0, 0, 0, 0, 0, 0.280281592, 0.083838916, -0.167094629, -0.306526317, 0.792501586, -0.526967491, 0.216552734, -0.480957031, -0.849487305, -0.926888827, -0.374412292, -0.0242098668, 0, 2, 5, 1, 
1187.22706, 66, 0.1, 0.1, 0.00817383997, 0.360766094, -0.0349652298, 0.768016799, 0.640429697, 1.10016537e-005, 0.640429697, -0.768016799, -3.19632147e-006, 6.4024357e-006, 9.50061435e-006, -1, 0.768016809, 0.640429684, 1.51169469e-005, 0.640429685, -0.768016809, -8.35559121e-006, 6.25890072e-006, 1.60985761e-005, -1, 0, 0, 0, 0, 0, 0, 0, 0.243392041, 0.015178125, -0.234530591, -0.477266468, 0.6412205, -0.600824951, -0.878662109, -0.357177734, 0.316772461, -0.0114171392, 0.679047307, 0.734008032, 0, 0, -0, 0, 0, 0, 0, 0.280281592, 0.083838916, -0.167094629, -0.306526317, 0.792501586, -0.526967491, 0.216552734, -0.480957031, -0.849487305, -0.926888827, -0.374412292, -0.0242098668, 0, 2, 5, 1, 
1187.22776, 66, 0.1, 0.1, 0.00817384089, 0.360766087, -0.0349641088, 0.768016667, 0.640429855, 2.19036091e-006, 0.640429854, -0.768016667, -1.2114939e-005, -6.07653496e-006, 1.07072476e-005, -1, 0.7680167, 0.640429816, -1.25408687e-005, 0.640429816, -0.7680167, -7.76252239e-006, -1.46029474e-005, -2.06979939e-006, -1, 0, 0, 0, 0, 0, 0, 0, 0.243392041, 0.015178125, -0.234530591, -0.477266468, 0.6412205, -0.600824951, -0.878662109, -0.357177734, 0.316772461, -0.0114171392, 0.679047307, 0.734008032, 0, 0, -0, 0, 0, 0, 0, 0.280281592, 0.083838916, -0.167094629, -0.306526317, 0.792501586, -0.526967491, 0.216552734, -0.480957031, -0.849487305, -0.926888827, -0.374412292, -0.0242098668, 0, 2, 5, 1, 
1187.22846, 66, 0.1, 0.1, 0.00817384862, 0.360766083, -0.0349646339, 0.768016399, 0.640430177, -9.05123271e-006, 0.640430177, -0.768016399, 8.16580742e-006, -1.72186566e-006, -1.20681566e-005, -1, 0.768016464, 0.640430098, 4.39808614e-006, 0.640430098, -0.768016464, 1.10003104e-005, 1.04227325e-005, -5.63175279e-006, -1, 0, 0, 0, 0, 0, 0, 0, 0.243392041, 0.015178125, -0.234530591, -0.477266468, 0.6412205, -0.600824951, -0.878662109, -0.357177734, 0.316772461, -0.0114171392, 0.679047307, 0.734008032, 0, 0, -0, 0, 0, 0, 0, 0.280281592, 0.083838916, -0.167094629, -0.306526317, 0.792501586, -0.526967491, 0.216552734, -0.480957031, -0.849487305, -0.926888827, -0.374412292, -0.0242098668, 0, 2, 5, 1, 
1187.22916, 66, 0.1, 0.1, 0.008173854, 0.360766077, -0.0349665547, 0.768016022, 0.640430628, 2.12451355e-005, 0.640430628, -0.768016022, 2.93180652e-006, 1.81942231e-005, 1.13543611e-005, -1, 0.768016106, 0.640430528, 1.71349085e-005, 0.640430528, -0.768016106, -1.55943778e-006, 1.21611742e-005, 1.21713918e-005, -1, 0, 0, 0, 0, 0, 0, 0, 0.243392041, 0.015178125, -0.234530591, -0.477266468, 0.6412205, -0.600824951, -0.878662109, -0.357177734, 0.316772461, -0.0114171392, 0.679047307, 0.734008032, 0, 0, -0, 0, 0, 0, 0, 0.280281592, 0.083838916, -0.167094629, -0.306526317, 0.792501586, -0.526967491, 0.216552734, -0.480957031, -0.849487305, -0.926888827, -0.374412292, -0.0242098668, 0, 2, 5, 1, 
1187.22986, 66, 0.1, 0.1, 0.00817385717, 0.360766074, -0.034969219, 0.768015558, 0.640431185, -9.89274998e-006, 0.640431185, -0.768015558, 3.43935673e-007, -7.37751877e-006, -6.59977354e-006, -1, 0.768015658, 0.640431065, -1.33252222e-005, 0.640431065, -0.768015658, 5.20410767e-006, -6.9011071e-006, -1.25307224e-005, -1, 0, 0, 0, 0, 0, 0, 0, 0.243392041, 0.015178125, -0.234530591, -0.477266468, 0.6412205, -0.600824951, -0.878662109, -0.357177734, 0.316772461, -0.0114171392, 0.679047307, 0.734008032, 0, 0, -0, 0, 0, 0, 0, 0.280281592, 0.083838916, -0.167094629, -0.306526317, 0.792501586, -0.526967491, 0.216552734, -0.480957031, -0.849487305, -0.926888827, -0.374412292, -0.0242098668, 0, 2, 5, 1, 
1187.23057, 66, 0.1, 0.1, 0.00817386367, 0.360766069, -0.0349717847, 0.768015026, 0.640431823, -1.29058015e-006, 0.640431823, -0.768015026, 8.37312971e-006, 4.37123377e-006, -7.25721803e-006, -1, 0.768015142, 0.640431684, 1.09109724e-005, 0.640431684, -0.768015142, 4.26917287e-006, 1.11139056e-005, 3.70894302e-006, -1, 0, 0, 0, 0, 0, 0, 0, 0.243392041, 0.015178125, -0.234530591, -0.483319927, 0.640895868, -0.596324643, -0.875366211, -0.361572266, 0.320922852, -0.00984040592, 0.676997661, 0.735890684, 0, 0, -0, 0, 0, 0, 0, 0.280281592, 0.083838916, -0.167094629, -0.306526317, 0.792501586, -0.526967491, 0.216552734, -0.480957031, -0.849487305, -0.926888827, -0.374412292, -0.0242098668, 0, 2, 5, 1, 
1187.23128, 66, 0.1, 0.1, 0.00817386447, 0.360766062, -0.0349732484, 0.76801443, 0.640432538, 6.13038435e-006, 0.640432538, -0.76801443, -5.62270793e-006, 1.10725853e-006, 8.24441843e-006, -1, 0.768014551, 0.640432392, -4.17541128e-006, 0.640432392, -0.768014551, -8.07622872e-006, -8.3790551e-006, 3.52859255e-006, -1, 0, 0, 0, 0, 0, 0, 0, 0.243310718, 0.0138158447, -0.233178662, -0.483319927, 0.640895868, -0.596324643, -0.875366211, -0.361572266, 0.320922852, -0.00984040592, 0.676997661, 0.735890684, 0, 0, -0, 0, 0, 0, 0, 0.280413379, 0.0822151855, -0.165471729, -0.31169518, 0.792590538, -0.52376584, 0.214355469, -0.478393555, -0.85144043, -0.925590955, -0.377594253, -0.020804792, 0, 2, 5, 1, 
1187.23198, 66, 0.1, 0.1, 0.00817386696, 0.360766057, -0.0349735108, 0.76801381, 0.640433281, -1.68514927e-005, 0.640433281, -0.76801381, -1.0931805e-006, -1.36422883e-005, -9.95267903e-006, -1, 0.768013936, 0.640433129, -1.39702007e-005, 0.640433129, -0.768013937, 2.3185483e-006, -9.24443368e-006, -1.07276568e-005, -1, 0, 0, 0, 0, 0, 0, 0, 0.243310718, 0.0138158447, -0.233178662, -0.483319927, 0.640895868, -0.596324643, -0.875366211, -0.361572266, 0.320922852, -0.00984040592, 0.676997661, 0.735890684, 0, 0, -0, 0, 0, 0, 0, 0.280413379, 0.0822151855, -0.165471729, -0.31169518, 0.792590538, -0.52376584, 0.214355469, -0.478393555, -0.85144043, -0.925590955, -0.377594253, -0.020804792, 0, 2, 5, 1, 
1187.23267, 66, 0.1, 0.1, 0.00817387178, 0.360766051, -0.034972619, 0.768013164, 0.640434056, 9.03529045e-006, 0.640434056, -0.768013164, 2.30642304e-006, 8.41633387e-006, 4.01514445e-006, -1, 0.768013294, 0.640433899, 1.2390143e-005, 0.6404339, -0.768013294, -1.93166897e-006, 8.27868827e-006, 9.41861506e-006, -1, 0, 0, 0, 0, 0, 0, 0, 0.243310718, 0.0138158447, -0.233178662, -0.483319927, 0.640895868, -0.596324643, -0.875366211, -0.361572266, 0.320922852, -0.00984040592, 0.676997661, 0.735890684, 0, 0, -0, 0, 0, 0, 0, 0.280413379, 0.0822151855, -0.165471729, -0.31169518, 0.792590538, -0.52376584, 0.214355469, -0.478393555, -0.85144043, -0.925590955, -0.377594253, -0.020804792, 0, 2, 5, 1, 
1187.23337, 66, 0.1, 0.1, 0.00817387295, 0.360766045, -0.034970798, 0.768012475, 0.640434882, 1.71777359e-006, 0.640434882, -0.768012475, -6.49173443e-006, -2.83826162e-006, 6.08585515e-006, -1, 0.768012612, 0.640434717, -1.03716383e-005, 0.640434717, -0.768012612, -2.43237347e-006, -9.52332548e-006, -4.77426377e-006, -1, 0, 0, 0, 0, 0, 0, 0, 0.243310718, 0.0138158447, -0.233178662, -0.483319927, 0.640895868, -0.596324643, -0.875366211, -0.361572266, 0.320922852, -0.00984040592, 0.676997661, 0.735890684, 0, 0, -0, 0, 0, 0, 0, 0.280413379, 0.0822151855, -0.165471729, -0.31169518, 0.792590538, -0.52376584, 0.214355469, -0.478393555, -0.85144043, -0.925590955, -0.377594253, -0.020804792, 0, 2, 5, 1, 
1187.23407, 66, 0.1, 0.1, 0.00817387925, 0.360766042, -0.0349687661, 0.768011753, 0.640435747, -1.0037264e-005, 0.640435747, -0.768011753, 7.30830338e-006, -3.02823799e-006, -1.20410856e-005, -1, 0.768011904, 0.640435567, 2.05595171e-006, 0.640435567, -0.768011904, 1.0617588e-005, 8.37887635e-006, -6.83772934e-006, -1, 0, 0, 0, 0, 0, 0, 0, 0.243310718, 0.0138158447, -0.233178662, -0.483319927, 0.640895868, -0.596324643, -0.875366211, -0.361572266, 0.320922852, -0.00984040592, 0.676997661, 0.735890684, 0, 0, -0, 0, 0, 0, 0, 0.280413379, 0.0822151855, -0.165471729, -0.31169518, 0.792590538, -0.52376584, 0.214355469, -0.478393555, -0.85144043, -0.925590955, -0.377594253, -0.020804792, 0, 2, 5, 1, 
1187.23477, 66, 0.1, 0.1, 0.00817388405, 0.360766036, -0.0349671098, 0.768010992, 0.640436661, 1.97760278e-005, 0.640436661, -0.768010992, 5.03683462e-007, 1.55107841e-005, 1.22784588e-005, -1, 0.768011145, 0.640436476, 1.60754814e-005, 0.640436477, -0.768011145, -3.48264246e-006, 1.01157376e-005, 1.29700329e-005, -1, 0, 0, 0, 0, 0, 0, 0, 0.243310718, 0.0138158447, -0.233178662, -0.483319927, 0.640895868, -0.596324643, -0.875366211, -0.361572266, 0.320922852, -0.00984040592, 0.676997661, 0.735890684, 0, 0, -0, 0, 0, 0, 0, 0.280413379, 0.0822151855, -0.165471729, -0.31169518, 0.792590538, -0.52376584, 0.214355469, -0.478393555, -0.85144043, -0.925590955, -0.377594253, -0.020804792, 0, 2, 5, 1, 
1187.23548, 66, 0.1, 0.1, 0.00817388601, 0.360766032, -0.0349662241, 0.768010176, 0.640437639, -1.20648468e-005, 0.640437639, -0.768010176, -4.5078502e-006, -1.2152922e-005, -4.26470717e-006, -1, 0.76801034, 0.640437442, -1.64271807e-005, 0.640437442, -0.76801034, 5.32440078e-007, -1.22752501e-005, -1.09295011e-005, -1, 0, 0, 0, 0, 0, 0, 0, 0.243271387, 0.0122499756, -0.231603491, -0.488573597, 0.640952034, -0.591824334, -0.872436523, -0.365112305, 0.324707031, -0.00789597892, 0.675011294, 0.737773336, 0, 0, -0, 0, 0, 0, 0, 0.280413379, 0.0822151855, -0.165471729, -0.31169518, 0.792590538, -0.52376584, 0.214355469, -0.478393555, -0.85144043, -0.925590955, -0.377594253, -0.020804792, 0, 2, 5, 1, 
1187.23619, 66, 0.1, 0.1, 0.00817389308, 0.360766026, -0.0349660955, 0.768009321, 0.640438664, 3.85435983e-008, 0.640438664, -0.768009321, 7.70250737e-006, 4.96258537e-006, -5.89091265e-006, -1, 0.768009489, 0.640438463, 1.34858055e-005, 0.640438463, -0.768009489, 2.29187975e-006, 1.18250345e-005, 6.87664316e-006, -1, 0, 0, 0, 0, 0, 0, 0, 0.243271387, 0.0122499756, -0.231603491, -0.488573597, 0.640952034, -0.591824334, -0.872436523, -0.365112305, 0.324707031, -0.00789597892, 0.675011294, 0.737773336, 0, 0, -0, 0, 0, 0, 0, 0.280564941, 0.0803999512, -0.164055469, -0.316461558, 0.792992655, -0.520321386, 0.211791992, -0.475585938, -0.853637695, -0.924619009, -0.380252329, -0.0173741976, 0, 2, 5, 1, 
1187.23688, 66, 0.1, 0.1, 0.0081738941, 0.36076602, -0.0349670317, 0.768008444, 0.640439716, 1.10148453e-005, 0.640439717, -0.768008444, -4.88945116e-006, 5.3280955e-006, 1.08094842e-005, -1, 0.768008624, 0.6404395, -1.75733859e-006, 0.6404395, -0.768008624, -8.64298509e-006, -6.88496024e-006, 5.51241803e-006, -1, 0, 0, 0, 0, 0, 0, 0, 0.243271387, 0.0122499756, -0.231603491, -0.488573597, 0.640952034, -0.591824334, -0.872436523, -0.365112305, 0.324707031, -0.00789597892, 0.675011294, 0.737773336, 0, 0, -0, 0, 0, 0, 0, 0.280564941, 0.0803999512, -0.164055469, -0.316461558, 0.792992655, -0.520321386, 0.211791992, -0.475585938, -0.853637695, -0.924619009, -0.380252329, -0.0173741976, 0, 2, 5, 1, 
1187.23758, 66, 0.1, 0.1, 0.00817389719, 0.360766017, -0.0349686556, 0.76800754, 0.6404408, -1.74517522e-005, 0.6404408, -0.76800754, 2.64107954e-006, -1.17116222e-005, -1.32051831e-005, -1, 0.768007723, 0.640440581, -1.35677234e-005, 0.640440581, -0.768007723, 6.50599734e-006, -6.25341166e-006, -1.36859769e-005, -1, 0, 0, 0, 0, 0, 0, 0, 0.243271387, 0.0122499756, -0.231603491, -0.488573597, 0.640952034, -0.591824334, -0.872436523, -0.365112305, 0.324707031, -0.00789597892, 0.675011294, 0.737773336, 0, 0, -0, 0, 0, 0, 0, 0.280564941, 0.0803999512, -0.164055469, -0.316461558, 0.792992655, -0.520321386, 0.211791992, -0.475585938, -0.853637695, -0.924619009, -0.380252329, -0.0173741976, 0, 2, 5, 1, 
1187.23831, 66, 0.1, 0.1, 0.00817390277, 0.360766011, -0.0349702294, 0.768006582, 0.640441949, 1.21875375e-005, 0.640441949, -0.768006582, 3.25826939e-006, 1.14468414e-005, 5.30303792e-006, -1, 0.768006764, 0.640441731, 1.61838526e-005, 0.640441731, -0.768006764, -6.3712581e-007, 1.20212663e-005, 1.08541315e-005, -1, 0, 0, 0, 0, 0, 0, 0, 0.243261108, 0.0104580566, -0.23006958, -0.493312797, 0.640900738, -0.588079631, -0.869750977, -0.367431641, 0.329223633, -0.00504430054, 0.673907091, 0.738786928, 0, 0, -0, 0, 0, 0, 0, 0.280569434, 0.0786101074, -0.162474072, -0.319962882, 0.793388577, -0.517726743, 0.208862305, -0.473876953, -0.85534668, -0.924005072, -0.381683628, -0.0140329219, 0, 2, 5, 1, 
1187.23901, 66, 0.1, 0.1, 0.0081739038, 0.360766006, -0.0349713139, 0.76800565, 0.640443066, 3.11659247e-007, 0.640443066, -0.76800565, -8.43844502e-006, -5.16498754e-006, 6.68037346e-006, -1, 0.768005834, 0.640442846, -1.067369e-005, 0.640442846, -0.768005834, -3.92271334e-006, -1.07097299e-005, -3.82322167e-006, -1, 0, 0, 0, 0, 0, 0, 0, 0.243261108, 0.0104580566, -0.23006958, -0.493312797, 0.640900738, -0.588079631, -0.869750977, -0.367431641, 0.329223633, -0.00504430054, 0.673907091, 0.738786928, 0, 0, -0, 0, 0, 0, 0, 0.280569434, 0.0786101074, -0.162474072, -0.319962882, 0.793388577, -0.517726743, 0.208862305, -0.473876953, -0.85534668, -0.924005072, -0.381683628, -0.0140329219, 0, 2, 5, 1, 
1187.2397, 66, 0.1, 0.1, 0.00817390904, 0.360766001, -0.0349718058, 0.768004721, 0.640444181, -1.06857503e-005, 0.640444181, -0.768004721, 3.917574e-006, -5.69771923e-006, -9.85234195e-006, -1, 0.768004906, 0.640443959, 9.96276248e-008, 0.640443959, -0.768004906, 6.63588653e-006, 4.32642795e-006, -5.0325875e-006, -1, 0, 0, 0, 0, 0, 0, 0, 0.243261108, 0.0104580566, -0.23006958, -0.493312797, 0.640900738, -0.588079631, -0.869750977, -0.367431641, 0.329223633, -0.00504430054, 0.673907091, 0.738786928, 0, 0, -0, 0, 0, 0, 0, 0.280569434, 0.0786101074, -0.162474072, -0.319962882, 0.793388577, -0.517726743, 0.208862305, -0.473876953, -0.85534668, -0.924005072, -0.381683628, -0.0140329219, 0, 2, 5, 1, 
1187.2404, 66, 0.1, 0.1, 0.00817391252, 0.360765995, -0.0349716132, 0.768003787, 0.640445301, 1.45864611e-005, 0.640445301, -0.768003787, -1.74464026e-007, 1.10907227e-005, 9.47581951e-006, -1, 0.768003972, 0.640445079, 1.13128814e-005, 0.640445079, -0.768003972, -4.05866957e-006, 6.08898286e-006, 1.03623535e-005, -1, 0, 0, 0, 0, 0, 0, 0, 0.243261108, 0.0104580566, -0.23006958, -0.493312797, 0.640900738, -0.588079631, -0.869750977, -0.367431641, 0.329223633, -0.00504430054, 0.673907091, 0.738786928, 0, 0, -0, 0, 0, 0, 0, 0.280569434, 0.0786101074, -0.162474072, -0.319962882, 0.793388577, -0.517726743, 0.208862305, -0.473876953, -0.85534668, -0.924005072, -0.381683628, -0.0140329219, 0, 2, 5, 1, 
1187.24111, 66, 0.1, 0.1, 0.00817391375, 0.360765992, -0.0349707407, 0.768002838, 0.640446439, -1.17772971e-005, 0.640446439, -0.768002838, -2.76865076e-006, -1.08181701e-005, -5.41639634e-006, -1, 0.768003024, 0.640446215, -1.59525431e-005, 0.640446215, -0.768003024, 1.62059151e-006, -1.12136997e-005, -1.1461365e-005, -1, 0, 0, 0, 0, 0, 0, 0, 0.243261108, 0.0104580566, -0.23006958, -0.493312797, 0.640900738, -0.588079631, -0.869750977, -0.367431641, 0.329223633, -0.00504430054, 0.673907091, 0.738786928, 0, 0, -0, 0, 0, 0, 0, 0.280569434, 0.0786101074, -0.162474072, -0.319962882, 0.793388577, -0.517726743, 0.208862305, -0.473876953, -0.85534668, -0.924005072, -0.381683628, -0.0140329219, 0, 2, 5, 1, 
1187.24182, 66, 0.1, 0.1, 0.00817391957, 0.360765987, -0.0349694676, 0.768001886, 0.64044758, -1.82972025e-006, 0.64044758, -0.768001886, 7.83682712e-006, 3.61384836e-006, -7.19053792e-006, -1, 0.768002081, 0.640447346, 1.07057436e-005, 0.640447346, -0.768002081, 3.23879463e-006, 1.02963108e-005, 4.36906403e-006, -1, 0, 0, 0, 0, 0, 0, 0, 0.243261108, 0.0104580566, -0.23006958, -0.493312797, 0.640900738, -0.588079631, -0.869750977, -0.367431641, 0.329223633, -0.00504430054, 0.673907091, 0.738786928, 0, 0, -0, 0, 0, 0, 0, 0.280569434, 0.0786101074, -0.162474072, -0.319962882, 0.793388577, -0.517726743, 0.208862305, -0.473876953, -0.85534668, -0.924005072, -0.381683628, -0.0140329219, 0, 2, 5, 1, 
1187.24252, 66, 0.1, 0.1, 0.00817392057, 0.360765981, -0.0349681944, 0.768000927, 0.640448731, 1.19588721e-005, 0.640448731, -0.768000927, -6.2620046e-006, 5.17393198e-006, 1.24682698e-005, -1, 0.76800112, 0.640448499, -4.34265283e-007, 0.640448499, -0.76800112, -9.61161159e-006, -6.48925844e-006, 7.10360391e-006, -1, 0, 0, 0, 0, 0, 0, 0, 0.243261108, 0.0104580566, -0.23006958, -0.493312797, 0.640900738, -0.588079631, -0.869750977, -0.367431641, 0.329223633, -0.00504430054, 0.673907091, 0.738786928, 0, 0, -0, 0, 0, 0, 0, 0.280569434, 0.0786101074, -0.162474072, -0.319962882, 0.793388577, -0.517726743, 0.208862305, -0.473876953, -0.85534668, -0.924005072, -0.381683628, -0.0140329219, 0, 2, 5, 1, 
1187.24325, 66, 0.1, 0.1, 0.00817392381, 0.360765977, -0.0349669812, 0.767999911, 0.640449949, -1.77352643e-005, 0.640449949, -0.767999911, 1.50692396e-006, -1.2655572e-005, -1.25158666e-005, -1, 0.768000106, 0.640449715, -1.39816875e-005, 0.640449715, -0.768000106, 5.61801338e-006, -7.13988242e-006, -1.32692026e-005, -1, 0, 0, 0, 0, 0, 0, 0, 0.243200049, 0.00908894043, -0.228505884, -0.499010545, 0.640411355, -0.583776274, -0.866577148, -0.37097168, 0.333740234, -0.00278235467, 0.672377907, 0.740206406, 0, 0, -0, 0, 0, 0, 0, 0.280701221, 0.0769680664, -0.161089307, -0.325131745, 0.793247485, -0.514780656, 0.206542969, -0.471557617, -0.857177734, -0.9227072, -0.385012511, -0.0105319651, 0, 2, 5, 1, 
1187.24395, 66, 0.1, 0.1, 0.00817392926, 0.360765972, -0.0349665444, 0.767998923, 0.640451134, 1.32917633e-005, 0.640451134, -0.767998923, 5.13067944e-006, 1.34940094e-005, 4.5723686e-006, -1, 0.767999118, 0.640450899, 1.77690726e-005, 0.640450899, -0.767999118, 3.14966073e-007, 1.38483524e-005, 1.11383248e-005, -1, 0, 0, 0, 0, 0, 0, 0, 0.243200049, 0.00908894043, -0.228505884, -0.499010545, 0.640411355, -0.583776274, -0.866577148, -0.37097168, 0.333740234, -0.00278235467, 0.672377907, 0.740206406, 0, 0, -0, 0, 0, 0, 0, 0.280701221, 0.0769680664, -0.161089307, -0.325131745, 0.793247485, -0.514780656, 0.206542969, -0.471557617, -0.857177734, -0.9227072, -0.385012511, -0.0105319651, 0, 2, 5, 1, 
