time, trialNum, realDorsalTactorPos, realVentralTactorPos, boxPosX, boxPosY, boxPosZ, boxLocalRot_11, boxLocalRot_12, boxLocalRot_13, boxLocalRot_21, boxLocalRot_22, boxLocalRot_23, boxLocalRot_31, boxLocalRot_32, boxLocalRot_33, boxGlobalRot_11, boxGlobalRot_12, boxGlobalRot_13, boxGlobalRot_21, boxGlobalRot_22, boxGlobalRot_23, boxGlobalRot_31, boxGlobalRot_32, boxGlobalRot_33, indexForceX, indexForceY, indexForceZ, indexForceGlobalX, indexForceGlobalY, indexForceGlobalZ, indexContact, indexPosX, indexPosY, indexPosZ, indexRot_11, indexRot_12, indexRot_13, indexRot_21, indexRot_22, indexRot_23, indexRot_31, indexRot_32, indexRot_33, thumbForceX, thumbForceY, thumbForceZ, thumbForceGlobalX, thumbForceGlobalY, thumbForceGlobalZ, thumbContact, thumbPosX, thumbPosY, thumbPosZ, thumbRot_11, thumbRot_12, thumbRot_13, thumbRot_21, thumbRot_22, thumbRot_23, thumbRot_31, thumbRot_32, thumbRot_33, manipForceTooHigh, cceExpType, mapping, trialSuccess, 
1175.20531, 64, 0.1, 0.1, 0.0333693754, 0.352196264, -0.0349748896, 0.911051332, 4.42775518e-006, -0.412292943, 0.412292943, 6.6569065e-006, 0.911051332, 6.77850783e-006, -1, 4.23925131e-006, 0.911051196, 1.48862641e-006, -0.412293242, 0.412293242, 8.03983491e-006, 0.911051196, 4.67098447e-006, -1, 6.71095061e-006, 0, 0, 0, 0, 0, 0, 0, 0.193642139, 0.107834644, -0.255593359, -0.407524828, 0.756845042, -0.510951638, -0.835327148, -0.0830078125, 0.543334961, 0.368828934, 0.648251393, 0.66625819, 0, -0, 0, 0, 0, 0, 0, 0.265150684, 0.162099512, -0.201363525, -0.209565854, 0.876212763, -0.433838028, -0.161743164, -0.468505859, -0.868408203, -0.9641993, -0.111659226, 0.240024072, 0, 2, 5, 1, 
1175.20679, 64, 0.1, 0.1, 0.033369374, 0.352196246, -0.034947108, 0.911053345, -1.91012019e-005, -0.412288493, 0.412288493, 5.7651435e-005, 0.911053344, 6.36680935e-006, -0.999999998, 6.03987385e-005, 0.911053277, -3.53814394e-006, -0.412288645, 0.412288644, 7.41972673e-005, 0.911053274, 2.73672532e-005, -0.999999997, 6.90564001e-005, 0, 0, 0, 0, 0, 0, 0, 0.197069604, 0.0995811279, -0.253381592, -0.409983725, 0.752309907, -0.515635793, -0.836791992, -0.0855712891, 0.540649414, 0.362668013, 0.653171814, 0.664775433, 0, -0, 0, 0, 0, 0, 0, 0.268291797, 0.154432227, -0.199067432, -0.212600894, 0.87295351, -0.438681698, -0.15612793, -0.473510742, -0.866699219, -0.964518296, -0.115684069, 0.237060127, 0, 2, 5, 1, 
1175.20748, 64, 0.1, 0.1, 0.033369362, 0.352196237, -0.034950797, 0.911053494, -8.56802224e-006, -0.412288165, 0.412288164, -7.24780325e-005, 0.911053492, -3.76877616e-005, -0.999999997, -6.24988706e-005, 0.911053491, -2.52518272e-005, -0.41228817, 0.412288168, -6.29493287e-005, 0.911053491, -4.89590289e-005, -0.999999998, -4.69391761e-005, 0, 0, 0, 0, 0, 0, 0, 0.197069604, 0.0995811279, -0.253381592, -0.409983725, 0.752309907, -0.515635793, -0.836791992, -0.0855712891, 0.540649414, 0.362668013, 0.653171814, 0.664775433, 0, -0, 0, 0, 0, 0, 0, 0.268291797, 0.154432227, -0.199067432, -0.212600894, 0.87295351, -0.438681698, -0.15612793, -0.473510742, -0.866699219, -0.964518296, -0.115684069, 0.237060127, 0, 2, 5, 1, 
1175.20819, 64, 0.1, 0.1, 0.0333693724, 0.352196228, -0.0349598245, 0.911053346, 3.36943304e-005, -0.412288492, 0.412288492, 1.31189331e-005, 0.911053346, 3.61061176e-005, -0.999999999, -1.93973677e-006, 0.911053396, 4.39507027e-005, -0.412288378, 0.412288379, -1.1767445e-005, 0.911053397, 3.51898561e-005, -0.999999999, -2.88411347e-005, 0, 0, 0, 0, 0, 0, 0, 0.197069604, 0.0995811279, -0.253381592, -0.409983725, 0.752309907, -0.515635793, -0.836791992, -0.0855712891, 0.540649414, 0.362668013, 0.653171814, 0.664775433, 0, -0, 0, 0, 0, 0, 0, 0.268291797, 0.154432227, -0.199067432, -0.212600894, 0.87295351, -0.438681698, -0.15612793, -0.473510742, -0.866699219, -0.964518296, -0.115684069, 0.237060127, 0, 2, 5, 1, 
1175.20888, 64, 0.1, 0.1, 0.033369363, 0.35219625, -0.0349706387, 0.911052962, -4.92048873e-005, -0.412289338, 0.41228934, 6.5036488e-005, 0.91105296, -1.80144077e-005, -0.999999997, 7.95383355e-005, 0.911053045, -4.27622104e-005, -0.412289154, 0.412289156, 6.63955693e-005, 0.911053043, -1.15844688e-005, -0.999999997, 7.81202813e-005, 0, 0, 0, 0, 0, 0, 0, 0.197069604, 0.0995811279, -0.253381592, -0.409983725, 0.752309907, -0.515635793, -0.836791992, -0.0855712891, 0.540649414, 0.362668013, 0.653171814, 0.664775433, 0, -0, 0, 0, 0, 0, 0, 0.268291797, 0.154432227, -0.199067432, -0.212600894, 0.87295351, -0.438681698, -0.15612793, -0.473510742, -0.866699219, -0.964518296, -0.115684069, 0.237060127, 0, 2, 5, 1, 
1175.20958, 64, 0.1, 0.1, 0.033369353, 0.352196264, -0.0349803329, 0.911052522, 6.28425667e-006, -0.412290313, 0.412290313, 1.03265693e-005, 0.911052522, 9.98283239e-006, -1, 6.81710886e-006, 0.911052613, -1.4175121e-005, -0.412290112, 0.412290113, 2.57559065e-005, 0.911052612, -2.29537542e-006, -1, 2.93092482e-005, 0, 0, 0, 0, 0, 0, 0, 0.197069604, 0.0995811279, -0.253381592, -0.409983725, 0.752309907, -0.515635793, -0.836791992, -0.0855712891, 0.540649414, 0.362668013, 0.653171814, 0.664775433, 0, -0, 0, 0, 0, 0, 0, 0.268291797, 0.154432227, -0.199067432, -0.212600894, 0.87295351, -0.438681698, -0.15612793, -0.473510742, -0.866699219, -0.964518296, -0.115684069, 0.237060127, 0, 2, 5, 1, 
1175.21028, 64, 0.1, 0.1, 0.0333693666, 0.352196252, -0.0349860602, 0.911052219, 5.11082851e-005, -0.41229098, 0.412290983, -5.8989778e-005, 0.911052217, 2.22413631e-005, -0.999999997, -7.48142532e-005, 0.911052266, 5.02059359e-005, -0.412290876, 0.412290878, -5.10840254e-005, 0.911052265, 2.4678754e-005, -0.999999997, -6.72396665e-005, 0, 0, 0, 0, 0, 0, 0, 0.197069604, 0.0995811279, -0.253381592, -0.409983725, 0.752309907, -0.515635793, -0.836791992, -0.0855712891, 0.540649414, 0.362668013, 0.653171814, 0.664775433, 0, -0, 0, 0, 0, 0, 0, 0.268291797, 0.154432227, -0.199067432, -0.212600894, 0.87295351, -0.438681698, -0.15612793, -0.473510742, -0.866699219, -0.964518296, -0.115684069, 0.237060127, 0, 2, 5, 1, 
1175.21101, 64, 0.1, 0.1, 0.033369377, 0.35219623, -0.0349864638, 0.911052028, 1.04608679e-005, -0.412291404, 0.412291404, -5.48320899e-005, 0.911052026, -1.30764044e-005, -0.999999998, -5.42678127e-005, 0.911052055, 2.1107474e-005, -0.412291344, 0.412291345, -6.21185908e-005, 0.911052053, -6.38094977e-006, -0.999999998, -6.52956986e-005, 0, 0, 0, 0, 0, 0, 0, 0.198549292, 0.0970520996, -0.252539526, -0.411400577, 0.750793827, -0.516663612, -0.837646484, -0.0880126953, 0.5390625, 0.359184662, 0.654524265, 0.665308999, 0, -0, 0, 0, 0, 0, 0, 0.269531641, 0.152309277, -0.198306299, -0.214057713, 0.871969171, -0.440081282, -0.153076172, -0.474731445, -0.866577148, -0.964671414, -0.117996896, 0.235194627, 0, 2, 5, 1, 
1175.2117, 64, 0.1, 0.1, 0.0333693719, 0.352196228, -0.0349818497, 0.911052011, -1.86707699e-005, -0.412291442, 0.412291442, 3.07610919e-005, 0.91105201, -4.32750755e-006, -0.999999999, 3.57227533e-005, 0.911051997, -1.8683482e-005, -0.412291472, 0.412291472, 1.19990066e-005, 0.911051997, -1.20745355e-005, -1, 1.86347592e-005, 0, 0, 0, 0, 0, 0, 0, 0.198549292, 0.0970520996, -0.252539526, -0.411400577, 0.750793827, -0.516663612, -0.837646484, -0.0880126953, 0.5390625, 0.359184662, 0.654524265, 0.665308999, 0, -0, 0, 0, 0, 0, 0, 0.269531641, 0.152309277, -0.198306299, -0.214057713, 0.871969171, -0.440081282, -0.153076172, -0.474731445, -0.866577148, -0.964671414, -0.117996896, 0.235194627, 0, 2, 5, 1, 
1175.21239, 64, 0.1, 0.1, 0.0333693673, 0.352196247, -0.0349742161, 0.911052121, -1.01705277e-005, -0.4122912, 0.4122912, 4.36941771e-005, 0.91105212, 8.7488439e-006, -0.999999999, 4.40008918e-005, 0.911052098, -8.79331429e-006, -0.41229125, 0.412291249, 5.428236e-005, 0.911052097, 1.43689746e-005, -0.999999998, 5.30794645e-005, 0, 0, 0, 0, 0, 0, 0, 0.198549292, 0.0970520996, -0.252539526, -0.411400577, 0.750793827, -0.516663612, -0.837646484, -0.0880126953, 0.5390625, 0.359184662, 0.654524265, 0.665308999, 0, -0, 0, 0, 0, 0, 0, 0.269531641, 0.152309277, -0.198306299, -0.214057713, 0.871969171, -0.440081282, -0.153076172, -0.474731445, -0.866577148, -0.964671414, -0.117996896, 0.235194627, 0, 2, 5, 1, 
1175.2131, 64, 0.1, 0.1, 0.0333693674, 0.352196243, -0.0349659272, 0.911052155, 1.92678378e-005, -0.412291124, 0.412291125, -3.78682167e-005, 0.911052154, 1.9412755e-006, -0.999999999, -4.2443879e-005, 0.911052157, 1.43425396e-005, -0.41229112, 0.41229112, -2.85133848e-005, 0.911052156, 1.31098632e-006, -0.999999999, -3.18904824e-005, 0, 0, 0, 0, 0, 0, 0, 0.198549292, 0.0970520996, -0.252539526, -0.411400577, 0.750793827, -0.516663612, -0.837646484, -0.0880126953, 0.5390625, 0.359184662, 0.654524265, 0.665308999, 0, -0, 0, 0, 0, 0, 0, 0.269531641, 0.152309277, -0.198306299, -0.214057713, 0.871969171, -0.440081282, -0.153076172, -0.474731445, -0.866577148, -0.964671414, -0.117996896, 0.235194627, 0, 2, 5, 1, 
1175.2138, 64, 0.1, 0.1, 0.0333693695, 0.352196237, -0.0349594119, 0.911052152, -8.49245251e-006, -0.412291131, 0.412291131, 1.41183101e-005, 0.911052152, -1.91621312e-006, -1, 1.63638796e-005, 0.911052162, 8.08127752e-006, -0.412291108, 0.412291108, -6.17548118e-006, 0.911052162, 4.81636938e-006, -1, -8.95802434e-006, 0, 0, 0, 0, 0, 0, 0, 0.198549292, 0.0970520996, -0.252539526, -0.411400577, 0.750793827, -0.516663612, -0.837646484, -0.0880126953, 0.5390625, 0.359184662, 0.654524265, 0.665308999, 0, -0, 0, 0, 0, 0, 0, 0.270817871, 0.149976514, -0.197330469, -0.214760603, 0.871067954, -0.441417066, -0.149658203, -0.475830078, -0.866577148, -0.964990776, -0.119932758, 0.232722119, 0, 2, 5, 1, 
1175.2145, 64, 0.1, 0.1, 0.0333693644, 0.352196248, -0.0349565379, 0.911052159, -7.47409028e-006, -0.412291116, 0.412291116, 1.52224252e-005, 0.911052158, -5.33215398e-007, -1, 1.69499244e-005, 0.911052161, -1.45584746e-005, -0.412291111, 0.412291111, 2.98905422e-005, 0.91105216, -9.39924863e-007, -0.999999999, 3.32341727e-005, 0, 0, 0, 0, 0, 0, 0, 0.198549292, 0.0970520996, -0.252539526, -0.411400577, 0.750793827, -0.516663612, -0.837646484, -0.0880126953, 0.5390625, 0.359184662, 0.654524265, 0.665308999, 0, -0, 0, 0, 0, 0, 0, 0.270817871, 0.149976514, -0.197330469, -0.214760603, 0.871067954, -0.441417066, -0.149658203, -0.475830078, -0.866577148, -0.964990776, -0.119932758, 0.232722119, 0, 2, 5, 1, 
1175.21522, 64, 0.1, 0.1, 0.0333693648, 0.352196242, -0.0349578201, 0.911052177, -1.33866361e-005, -0.412291074, 0.412291074, -2.25378382e-005, 0.911052177, -2.14880735e-005, -1, -1.5013956e-005, 0.911052158, -1.57661696e-006, -0.412291116, 0.412291116, -2.99561396e-005, 0.911052158, -1.37870305e-005, -1, -2.66415804e-005, 0, 0, 0, 0, 0, 0, 0, 0.198549292, 0.0970520996, -0.252539526, -0.411400577, 0.750793827, -0.516663612, -0.837646484, -0.0880126953, 0.5390625, 0.359184662, 0.654524265, 0.665308999, 0, -0, 0, 0, 0, 0, 0, 0.270817871, 0.149976514, -0.197330469, -0.214760603, 0.871067954, -0.441417066, -0.149658203, -0.475830078, -0.866577148, -0.964990776, -0.119932758, 0.232722119, 0, 2, 5, 1, 
1175.21592, 64, 0.1, 0.1, 0.0333693634, 0.352196244, -0.0349620483, 0.911052346, 1.58682477e-005, -0.412290701, 0.412290701, 2.8118926e-007, 0.911052346, 1.4572736e-005, -1, -6.28615285e-006, 0.911052303, 1.0076857e-005, -0.412290796, 0.412290796, 1.10526502e-005, 0.911052303, 1.37374497e-005, -1, 5.91494702e-006, 0, 0, 0, 0, 0, 0, 0, 0.200282739, 0.0945244141, -0.251723218, -0.412214592, 0.749296843, -0.518192796, -0.838745117, -0.0900878906, 0.536865234, 0.355605831, 0.655997283, 0.665798382, 0, -0, 0, 0, 0, 0, 0, 0.270817871, 0.149976514, -0.197330469, -0.214760603, 0.871067954, -0.441417066, -0.149658203, -0.475830078, -0.866577148, -0.964990776, -0.119932758, 0.232722119, 0, 2, 5, 1, 
1175.21663, 64, 0.1, 0.1, 0.0333693616, 0.352196244, -0.034968183, 0.911052622, -7.77930861e-006, -0.412290092, 0.412290092, 1.39741013e-005, 0.911052622, -1.325976e-006, -1, 1.59384735e-005, 0.911052558, -1.10975643e-005, -0.412290234, 0.412290234, 5.0307002e-006, 0.911052558, -8.0363558e-006, -1, 9.15864967e-006, 0, 0, 0, 0, 0, 0, 0, 0.200282739, 0.0945244141, -0.251723218, -0.412214592, 0.749296843, -0.518192796, -0.838745117, -0.0900878906, 0.536865234, 0.355605831, 0.655997283, 0.665798382, 0, -0, 0, 0, 0, 0, 0, 0.270817871, 0.149976514, -0.197330469, -0.214760603, 0.871067954, -0.441417066, -0.149658203, -0.475830078, -0.866577148, -0.964990776, -0.119932758, 0.232722119, 0, 2, 5, 1, 
1175.21733, 64, 0.1, 0.1, 0.0333693643, 0.352196246, -0.034974222, 0.911052975, 1.03792971e-005, -0.412289312, 0.412289312, -1.79776585e-005, 0.911052975, 2.04409299e-006, -1, -2.06578725e-005, 0.911052899, 1.51233834e-005, -0.412289479, 0.412289479, -6.82673526e-006, 0.911052899, 1.09636112e-005, -1, -1.24547288e-005, 0, 0, 0, 0, 0, 0, 0, 0.200282739, 0.0945244141, -0.251723218, -0.412214592, 0.749296843, -0.518192796, -0.838745117, -0.0900878906, 0.536865234, 0.355605831, 0.655997283, 0.665798382, 0, -0, 0, 0, 0, 0, 0, 0.270817871, 0.149976514, -0.197330469, -0.214760603, 0.871067954, -0.441417066, -0.149658203, -0.475830078, -0.866577148, -0.964990776, -0.119932758, 0.232722119, 0, 2, 5, 1, 
1175.21806, 64, 0.1, 0.1, 0.0333693589, 0.35219624, -0.0349784512, 0.911053422, -1.88753566e-005, -0.412288324, 0.412288324, 3.89925353e-007, 0.911053422, -1.70356965e-005, -1, 8.13733195e-006, 0.911053327, -1.81279685e-005, -0.412288534, 0.412288534, -1.43196371e-005, 0.911053327, -2.24193682e-005, -1, -5.57199951e-006, 0, 0, 0, 0, 0, 0, 0, 0.201767188, 0.0922281494, -0.250864917, -0.413529973, 0.747983706, -0.518922192, -0.839599609, -0.0928955078, 0.53503418, 0.351982817, 0.657070407, 0.666655458, 0, -0, 0, 0, 0, 0, 0, 0.270817871, 0.149976514, -0.197330469, -0.216715789, 0.870402977, -0.441858196, -0.146728516, -0.47644043, -0.866699219, -0.965073531, -0.122948475, 0.231080099, 0, 2, 5, 1, 
1175.21876, 64, 0.1, 0.1, 0.0333693581, 0.352196247, -0.0349794211, 0.911053907, 1.07616276e-005, -0.412287251, 0.412287251, 1.42351591e-005, 0.911053907, 1.56733975e-005, -1, 8.53211542e-006, 0.911053805, 7.20769686e-006, -0.412287477, 0.412287477, 2.15111137e-005, 0.911053805, 1.54353624e-005, -1, 1.66261388e-005, 0, 0, 0, 0, 0, 0, 0, 0.201767188, 0.0922281494, -0.250864917, -0.413529973, 0.747983706, -0.518922192, -0.839599609, -0.0928955078, 0.53503418, 0.351982817, 0.657070407, 0.666655458, 0, -0, 0, 0, 0, 0, 0, 0.272026221, 0.147859912, -0.196277979, -0.216715789, 0.870402977, -0.441858196, -0.146728516, -0.47644043, -0.866699219, -0.965073531, -0.122948475, 0.231080099, 0, 2, 5, 1, 
1175.21944, 64, 0.1, 0.1, 0.0333693573, 0.352196244, -0.0349775297, 0.911054422, -1.12725604e-005, -0.412286114, 0.412286114, -1.12077753e-005, 0.911054422, -1.48907261e-005, -1, -5.56337313e-006, 0.911054318, -7.25996851e-006, -0.412286344, 0.412286344, -1.51371525e-005, 0.911054318, -1.28550669e-005, -1, -1.07975823e-005, 0, 0, 0, 0, 0, 0, 0, 0.201767188, 0.0922281494, -0.250864917, -0.413529973, 0.747983706, -0.518922192, -0.839599609, -0.0928955078, 0.53503418, 0.351982817, 0.657070407, 0.666655458, 0, -0, 0, 0, 0, 0, 0, 0.272026221, 0.147859912, -0.196277979, -0.216715789, 0.870402977, -0.441858196, -0.146728516, -0.47644043, -0.866699219, -0.965073531, -0.122948475, 0.231080099, 0, 2, 5, 1, 
1175.22015, 64, 0.1, 0.1, 0.0333693565, 0.352196246, -0.0349734477, 0.911054973, 1.29353294e-005, -0.412284896, 0.412284896, -6.78545757e-007, 0.911054973, 1.1505042e-005, -1, -5.95123341e-006, 0.91105486, 8.51488447e-006, -0.412285146, 0.412285146, 7.5570464e-006, 0.91105486, 1.08731849e-005, -1, 3.37432346e-006, 0, 0, 0, 0, 0, 0, 0, 0.201767188, 0.0922281494, -0.250864917, -0.413529973, 0.747983706, -0.518922192, -0.839599609, -0.0928955078, 0.53503418, 0.351982817, 0.657070407, 0.666655458, 0, -0, 0, 0, 0, 0, 0, 0.272026221, 0.147859912, -0.196277979, -0.216715789, 0.870402977, -0.441858196, -0.146728516, -0.47644043, -0.866699219, -0.965073531, -0.122948475, 0.231080099, 0, 2, 5, 1, 
1175.22084, 64, 0.1, 0.1, 0.0333693556, 0.352196247, -0.0349685219, 0.911055547, -3.130098e-006, -0.412283629, 0.412283629, 1.48611571e-005, 0.911055547, 3.27531861e-006, -1, 1.48298277e-005, 0.911055431, -7.50939463e-006, -0.412283884, 0.412283884, 6.94618774e-006, 0.911055431, -3.9776735e-006, -1, 9.42436445e-006, 0, 0, 0, 0, 0, 0, 0, 0.201767188, 0.0922281494, -0.250864917, -0.413529973, 0.747983706, -0.518922192, -0.839599609, -0.0928955078, 0.53503418, 0.351982817, 0.657070407, 0.666655458, 0, -0, 0, 0, 0, 0, 0, 0.272026221, 0.147859912, -0.196277979, -0.216715789, 0.870402977, -0.441858196, -0.146728516, -0.47644043, -0.866699219, -0.965073531, -0.122948475, 0.231080099, 0, 2, 5, 1, 
1175.22153, 64, 0.1, 0.1, 0.0333693531, 0.352196246, -0.0349643228, 0.911056098, -4.937946e-006, -0.41228241, 0.41228241, -1.46291461e-005, 0.911056098, -1.05300854e-005, -1, -1.12921445e-005, 0.911055996, -7.62556443e-006, -0.412282635, 0.412282635, -1.62948525e-005, 0.911055996, -1.36654009e-005, -1, -1.17016352e-005, 0, 0, 0, 0, 0, 0, 0, 0.201767188, 0.0922281494, -0.250864917, -0.413529973, 0.747983706, -0.518922192, -0.839599609, -0.0928955078, 0.53503418, 0.351982817, 0.657070407, 0.666655458, 0, -0, 0, 0, 0, 0, 0, 0.272026221, 0.147859912, -0.196277979, -0.216715789, 0.870402977, -0.441858196, -0.146728516, -0.47644043, -0.866699219, -0.965073531, -0.122948475, 0.231080099, 0, 2, 5, 1, 
1175.22223, 64, 0.1, 0.1, 0.0333693558, 0.352196252, -0.0349619854, 0.911056576, 1.16327798e-005, -0.412281354, 0.412281354, 1.37788721e-005, 0.911056576, 1.62788925e-005, -1, 7.75735384e-006, 0.91105648, 1.48129337e-005, -0.412281566, 0.412281566, 2.32147955e-005, 0.91105648, 2.30664515e-005, -1, 1.50428903e-005, 0, 0, 0, 0, 0, 0, 0, 0.201767188, 0.0922281494, -0.250864917, -0.413529973, 0.747983706, -0.518922192, -0.839599609, -0.0928955078, 0.53503418, 0.351982817, 0.657070407, 0.666655458, 0, -0, 0, 0, 0, 0, 0, 0.272026221, 0.147859912, -0.196277979, -0.216715789, 0.870402977, -0.441858196, -0.146728516, -0.47644043, -0.866699219, -0.965073531, -0.122948475, 0.231080099, 0, 2, 5, 1, 
1175.22296, 64, 0.1, 0.1, 0.0333693483, 0.352196247, -0.0349617584, 0.9110571, -3.18234463e-005, -0.412280196, 0.412280196, -2.41211545e-006, 0.9110571, -2.99874441e-005, -0.999999999, 1.09226018e-005, 0.911056997, -2.98363423e-005, -0.412280423, 0.412280423, -1.62046044e-005, 0.911056997, -3.38634496e-005, -0.999999999, -2.4623784e-006, 0, 0, 0, 0, 0, 0, 0, 0.203031079, 0.0897086426, -0.250014062, -0.414807162, 0.746670569, -0.519791252, -0.840454102, -0.0955810547, 0.533325195, 0.348600938, 0.658143531, 0.667411063, 0, -0, 0, 0, 0, 0, 0, 0.273276074, 0.145530322, -0.195248682, -0.218063966, 0.869661441, -0.442676291, -0.144042969, -0.477294922, -0.866699219, -0.965092488, -0.125235782, 0.229521202, 0, 2, 5, 1, 
1175.22365, 64, 0.1, 0.1, 0.0333693517, 0.352196252, -0.0349637065, 0.911057678, 4.44119509e-005, -0.412278917, 0.412278917, 8.66833361e-006, 0.911057679, 4.40356201e-005, -0.999999999, -1.04127591e-005, 0.911057559, 3.47478139e-005, -0.412279182, 0.412279182, 1.16375069e-005, 0.911057559, 3.64551603e-005, -0.999999999, -3.72336168e-006, 0, 0, 0, 0, 0, 0, 0, 0.203031079, 0.0897086426, -0.250014062, -0.414807162, 0.746670569, -0.519791252, -0.840454102, -0.0955810547, 0.533325195, 0.348600938, 0.658143531, 0.667411063, 0, -0, 0, 0, 0, 0, 0, 0.273276074, 0.145530322, -0.195248682, -0.218063966, 0.869661441, -0.442676291, -0.144042969, -0.477294922, -0.866699219, -0.965092488, -0.125235782, 0.229521202, 0, 2, 5, 1, 
1175.22434, 64, 0.1, 0.1, 0.0333693568, 0.352196256, -0.0349673629, 0.911058227, -1.93961552e-005, -0.412277706, 0.412277706, 6.44086203e-007, 0.911058227, -1.74054844e-005, -1, 8.58340242e-006, 0.911058136, 1.33282846e-006, -0.412277907, 0.412277906, 1.16481076e-005, 0.911058136, 6.01654162e-006, -1, 1.00626075e-005, 0, 0, 0, 0, 0, 0, 0, 0.203031079, 0.0897086426, -0.250014062, -0.414807162, 0.746670569, -0.519791252, -0.840454102, -0.0955810547, 0.533325195, 0.348600938, 0.658143531, 0.667411063, 0, -0, 0, 0, 0, 0, 0, 0.273276074, 0.145530322, -0.195248682, -0.218063966, 0.869661441, -0.442676291, -0.144042969, -0.477294922, -0.866699219, -0.965092488, -0.125235782, 0.229521202, 0, 2, 5, 1, 
1175.22504, 64, 0.1, 0.1, 0.0333693443, 0.352196247, -0.0349715432, 0.911058569, -2.80079949e-005, -0.412276949, 0.412276948, -2.74691317e-005, 0.91105857, -3.68418136e-005, -0.999999999, -1.34789372e-005, 0.91105851, -3.40717223e-005, -0.412277079, 0.412277078, -3.4476002e-005, 0.911058511, -4.5254998e-005, -0.999999999, -1.73626649e-005, 0, 0, 0, 0, 0, 0, 0, 0.203031079, 0.0897086426, -0.250014062, -0.414807162, 0.746670569, -0.519791252, -0.840454102, -0.0955810547, 0.533325195, 0.348600938, 0.658143531, 0.667411063, 0, -0, 0, 0, 0, 0, 0, 0.273276074, 0.145530322, -0.195248682, -0.218063966, 0.869661441, -0.442676291, -0.144042969, -0.477294922, -0.866699219, -0.965092488, -0.125235782, 0.229521202, 0, 2, 5, 1, 
1175.22576, 64, 0.1, 0.1, 0.0333693466, 0.352196253, -0.0349747839, 0.911058882, 3.45403431e-005, -0.412276258, 0.412276257, 3.45948535e-005, 0.911058882, 4.57309231e-005, -0.999999999, 1.72777852e-005, 0.911058809, 2.3851241e-005, -0.41227642, 0.412276419, 3.16349106e-005, 0.911058809, 3.47722109e-005, -0.999999999, 1.89879597e-005, 0, 0, 0, 0, 0, 0, 0, 0.203031079, 0.0897086426, -0.250014062, -0.414807162, 0.746670569, -0.519791252, -0.840454102, -0.0955810547, 0.533325195, 0.348600938, 0.658143531, 0.667411063, 0, -0, 0, 0, 0, 0, 0, 0.273276074, 0.145530322, -0.195248682, -0.218063966, 0.869661441, -0.442676291, -0.144042969, -0.477294922, -0.866699219, -0.965092488, -0.125235782, 0.229521202, 0, 2, 5, 1, 
1175.22645, 64, 0.1, 0.1, 0.0333693592, 0.352196256, -0.0349762218, 0.911059268, 2.59143506e-005, -0.412275405, 0.412275406, -1.38319529e-005, 0.911059268, 1.79069353e-005, -1, -2.32855783e-005, 0.911059184, 3.78383294e-005, -0.41227559, 0.412275591, -4.2971918e-006, 0.911059184, 3.27013302e-005, -0.999999999, -1.95148156e-005, 0, 0, 0, 0, 0, 0, 0, 0.203031079, 0.0897086426, -0.250014062, -0.414807162, 0.746670569, -0.519791252, -0.840454102, -0.0955810547, 0.533325195, 0.348600938, 0.658143531, 0.667411063, 0, -0, 0, 0, 0, 0, 0, 0.273276074, 0.145530322, -0.195248682, -0.218063966, 0.869661441, -0.442676291, -0.144042969, -0.477294922, -0.866699219, -0.965092488, -0.125235782, 0.229521202, 0, 2, 5, 1, 
1175.22715, 64, 0.1, 0.1, 0.0333693532, 0.352196253, -0.0349757097, 0.911059772, -2.99540307e-005, -0.41227429, 0.412274291, 3.49691605e-006, 0.911059773, -2.58482239e-005, -1, 1.55351763e-005, 0.911059656, -2.70677859e-005, -0.412274547, 0.412274547, -5.59713105e-006, 0.911059657, -2.69679224e-005, -1, 6.06003887e-006, 0, 0, 0, 0, 0, 0, 0, 0.203031079, 0.0897086426, -0.250014062, -0.414807162, 0.746670569, -0.519791252, -0.840454102, -0.0955810547, 0.533325195, 0.348600938, 0.658143531, 0.667411063, 0, -0, 0, 0, 0, 0, 0, 0.273276074, 0.145530322, -0.195248682, -0.218063966, 0.869661441, -0.442676291, -0.144042969, -0.477294922, -0.866699219, -0.965092488, -0.125235782, 0.229521202, 0, 2, 5, 1, 
1175.22787, 64, 0.1, 0.1, 0.033369352, 0.352196257, -0.0349731579, 0.911060356, 2.28918204e-005, -0.412273001, 0.412273001, -2.46361666e-006, 0.911060356, 1.98401474e-005, -1, -1.1682183e-005, 0.911060238, 1.38478658e-005, -0.412273261, 0.412273261, 8.75840078e-006, 0.911060238, 1.62270944e-005, -1, 2.2703259e-006, 0, 0, 0, 0, 0, 0, 0, 0.204231128, 0.0871891357, -0.249335547, -0.417397487, 0.745357432, -0.519632492, -0.840087891, -0.0986328125, 0.533203125, 0.346292183, 0.659216655, 0.667633102, 0, -0, 0, 0, 0, 0, 0, 0.27420332, 0.143157275, -0.19461875, -0.221054163, 0.868510857, -0.443296059, -0.142456055, -0.478393555, -0.866333008, -0.964670314, -0.128302539, 0.229578804, 0, 2, 5, 1, 
1175.22857, 64, 0.1, 0.1, 0.0333693529, 0.352196252, -0.0349696719, 0.911060974, -2.23209626e-005, -0.412271636, 0.412271635, -9.98181406e-006, 0.911060974, -2.44509768e-005, -1, 1.08258531e-007, 0.911060848, -8.5011764e-006, -0.412271914, 0.412271914, -1.80101608e-005, 0.911060848, -1.51701724e-005, -1, -1.29035561e-005, 0, 0, 0, 0, 0, 0, 0, 0.204231128, 0.0871891357, -0.249335547, -0.417397487, 0.745357432, -0.519632492, -0.840087891, -0.0986328125, 0.533203125, 0.346292183, 0.659216655, 0.667633102, 0, -0, 0, 0, 0, 0, 0, 0.27420332, 0.143157275, -0.19461875, -0.221054163, 0.868510857, -0.443296059, -0.142456055, -0.478393555, -0.866333008, -0.964670314, -0.128302539, 0.229578804, 0, 2, 5, 1, 
1175.22926, 64, 0.1, 0.1, 0.0333693484, 0.352196252, -0.0349664566, 0.911061583, 1.9663443e-005, -0.412270289, 0.412270289, 1.09874173e-006, 0.911061583, 1.83675861e-005, -1, -7.10563196e-006, 0.911061475, 4.55500198e-007, -0.412270528, 0.412270528, -4.13225294e-006, 0.911061475, -1.28861742e-006, -1, -3.95252577e-006, 0, 0, 0, 0, 0, 0, 0, 0.204231128, 0.0871891357, -0.249335547, -0.417397487, 0.745357432, -0.519632492, -0.840087891, -0.0986328125, 0.533203125, 0.346292183, 0.659216655, 0.667633102, 0, -0, 0, 0, 0, 0, 0, 0.27420332, 0.143157275, -0.19461875, -0.221054163, 0.868510857, -0.443296059, -0.142456055, -0.478393555, -0.866333008, -0.964670314, -0.128302539, 0.229578804, 0, 2, 5, 1, 
1175.22997, 64, 0.1, 0.1, 0.0333693568, 0.352196256, -0.0349644099, 0.911062042, 1.41285234e-005, -0.412269275, 0.412269275, -2.93905264e-006, 0.911062042, 1.16602803e-005, -1, -8.5024154e-006, 0.911061954, 2.41206494e-005, -0.412269469, 0.412269469, 1.34254193e-005, 0.911061955, 2.75102964e-005, -1, 2.2871814e-006, 0, 0, 0, 0, 0, 0, 0, 0.204231128, 0.0871891357, -0.249335547, -0.42059065, 0.744228142, -0.518712136, -0.839355469, -0.102416992, 0.533691406, 0.344078907, 0.659889885, 0.6679817, 0, -0, 0, 0, 0, 0, 0, 0.27420332, 0.143157275, -0.19461875, -0.221054163, 0.868510857, -0.443296059, -0.142456055, -0.478393555, -0.866333008, -0.964670314, -0.128302539, 0.229578804, 0, 2, 5, 1, 
1175.23071, 64, 0.1, 0.1, 0.033369349, 0.352196252, -0.0349637131, 0.911062547, -1.66700993e-005, -0.41226816, 0.41226816, -8.06745528e-006, 0.911062547, -1.85134581e-005, -1, -4.77405181e-007, 0.911062424, -2.77089623e-005, -0.412268429, 0.412268429, -8.40251578e-006, 0.911062425, -2.87086864e-005, -1, 3.76831397e-006, 0, 0, 0, 0, 0, 0, 0, 0.205177417, 0.0846778076, -0.248840967, -0.42059065, 0.744228142, -0.518712136, -0.839355469, -0.102416992, 0.533691406, 0.344078907, 0.659889885, 0.6679817, 0, -0, 0, 0, 0, 0, 0, 0.274852637, 0.1410021, -0.193943896, -0.224919691, 0.867583754, -0.443334338, -0.140625, -0.479125977, -0.866210937, -0.964094655, -0.132327748, 0.229943009, 0, 2, 5, 1, 
1175.23141, 64, 0.1, 0.1, 0.0333693552, 0.352196256, -0.0349644641, 0.911062989, 2.9850897e-005, -0.412267183, 0.412267182, 1.51976873e-005, 0.911062989, 3.34615552e-005, -0.999999999, 1.5395052e-006, 0.911062906, 3.25314522e-005, -0.412267365, 0.412267364, 1.34289748e-005, 0.911062907, 3.51745275e-005, -0.999999999, -1.17701526e-006, 0, 0, 0, 0, 0, 0, 0, 0.205177417, 0.0846778076, -0.248840967, -0.42059065, 0.744228142, -0.518712136, -0.839355469, -0.102416992, 0.533691406, 0.344078907, 0.659889885, 0.6679817, 0, -0, 0, 0, 0, 0, 0, 0.274852637, 0.1410021, -0.193943896, -0.224919691, 0.867583754, -0.443334338, -0.140625, -0.479125977, -0.866210937, -0.964094655, -0.132327748, 0.229943009, 0, 2, 5, 1, 
1175.23211, 64, 0.1, 0.1, 0.0333693529, 0.352196255, -0.0349667506, 0.911063371, -2.51715955e-005, -0.412266338, 0.412266338, -1.49265098e-005, 0.911063371, -2.90866162e-005, -1, -3.22159489e-006, 0.911063297, -2.04465745e-005, -0.412266501, 0.412266501, -9.17424739e-006, 0.911063298, -2.24103584e-005, -1, 7.11176332e-008, 0, 0, 0, 0, 0, 0, 0, 0.205177417, 0.0846778076, -0.248840967, -0.42059065, 0.744228142, -0.518712136, -0.839355469, -0.102416992, 0.533691406, 0.344078907, 0.659889885, 0.6679817, 0, -0, 0, 0, 0, 0, 0, 0.274852637, 0.1410021, -0.193943896, -0.224919691, 0.867583754, -0.443334338, -0.140625, -0.479125977, -0.866210937, -0.964094655, -0.132327748, 0.229943009, 0, 2, 5, 1, 
1175.2328, 64, 0.1, 0.1, 0.033369349, 0.352196256, -0.0349697487, 0.911063741, 1.6173762e-005, -0.41226552, 0.41226552, 4.12865863e-006, 0.911063742, 1.64374317e-005, -1, -2.9064132e-006, 0.91106366, 2.81343525e-006, -0.412265701, 0.412265701, 7.43876854e-006, 0.91106366, 5.62996774e-006, -1, 5.61730883e-006, 0, 0, 0, 0, 0, 0, 0, 0.205177417, 0.0846778076, -0.248840967, -0.42059065, 0.744228142, -0.518712136, -0.839355469, -0.102416992, 0.533691406, 0.344078907, 0.659889885, 0.6679817, 0, -0, 0, 0, 0, 0, 0, 0.274852637, 0.1410021, -0.193943896, -0.224919691, 0.867583754, -0.443334338, -0.140625, -0.479125977, -0.866210937, -0.964094655, -0.132327748, 0.229943009, 0, 2, 5, 1, 
1175.23351, 64, 0.1, 0.1, 0.0333693512, 0.352196258, -0.0349725318, 0.91106411, -1.16670128e-005, -0.412264705, 0.412264705, -3.69700911e-006, 0.91106411, -1.2153543e-005, -1, 1.44168527e-006, 0.91106405, 6.87889084e-007, -0.412264839, 0.412264839, 5.68156566e-006, 0.91106405, 2.96902077e-006, -1, 4.89267774e-006, 0, 0, 0, 0, 0, 0, 0, 0.205177417, 0.0846778076, -0.248840967, -0.42059065, 0.744228142, -0.518712136, -0.839355469, -0.102416992, 0.533691406, 0.344078907, 0.659889885, 0.6679817, 0, -0, 0, 0, 0, 0, 0, 0.274852637, 0.1410021, -0.193943896, -0.224919691, 0.867583754, -0.443334338, -0.140625, -0.479125977, -0.866210937, -0.964094655, -0.132327748, 0.229943009, 0, 2, 5, 1, 
1175.23422, 64, 0.1, 0.1, 0.0333693445, 0.352196254, -0.0349741244, 0.911064364, -1.05091746e-005, -0.412264143, 0.412264143, 4.24607549e-006, 0.911064364, -7.82402978e-006, -1, 8.20100392e-006, 0.911064314, -1.65648217e-005, -0.412264253, 0.412264253, -1.03645134e-005, 0.911064315, -1.93645363e-005, -1, -2.61365443e-006, 0, 0, 0, 0, 0, 0, 0, 0.205177417, 0.0846778076, -0.248840967, -0.42059065, 0.744228142, -0.518712136, -0.839355469, -0.102416992, 0.533691406, 0.344078907, 0.659889885, 0.6679817, 0, -0, 0, 0, 0, 0, 0, 0.274852637, 0.1410021, -0.193943896, -0.224919691, 0.867583754, -0.443334338, -0.140625, -0.479125977, -0.866210937, -0.964094655, -0.132327748, 0.229943009, 0, 2, 5, 1, 
1175.23494, 64, 0.1, 0.1, 0.0333693483, 0.352196259, -0.0349740649, 0.911064672, 1.54650852e-005, -0.412263464, 0.412263464, 1.87382029e-006, 0.911064672, 1.48622004e-005, -1, -4.66851813e-006, 0.911064603, 1.92696428e-005, -0.412263615, 0.412263615, 8.02703925e-006, 0.911064603, 2.08651457e-005, -1, -6.31021274e-007, 0, 0, 0, 0, 0, 0, 0, 0.205879468, 0.0826177246, -0.248099463, -0.424183707, 0.743200323, -0.517353694, -0.838623047, -0.106811523, 0.534057617, 0.341681785, 0.660423451, 0.668755279, 0, -0, 0, 0, 0, 0, 0, 0.274852637, 0.1410021, -0.193943896, -0.228797979, 0.866548009, -0.443359858, -0.138916016, -0.479736328, -0.866210937, -0.963397596, -0.136487118, 0.230185812, 0, 2, 5, 1, 
1175.23565, 64, 0.1, 0.1, 0.033369343, 0.352196257, -0.0349724142, 0.911064985, -1.96252136e-005, -0.412262772, 0.412262772, -8.27867077e-006, 0.911064985, -2.12928327e-005, -1, 5.48337884e-007, 0.911064929, -2.09639539e-005, -0.412262895, 0.412262895, -1.00353169e-005, 0.911064929, -2.3236712e-005, -1, -5.00164958e-007, 0, 0, 0, 0, 0, 0, 0, 0.205879468, 0.0826177246, -0.248099463, -0.424183707, 0.743200323, -0.517353694, -0.838623047, -0.106811523, 0.534057617, 0.341681785, 0.660423451, 0.668755279, 0, -0, 0, 0, 0, 0, 0, 0.275503662, 0.138836914, -0.193270752, -0.228797979, 0.866548009, -0.443359858, -0.138916016, -0.479736328, -0.866210937, -0.963397596, -0.136487118, 0.230185812, 0, 2, 5, 1, 
1175.23634, 64, 0.1, 0.1, 0.0333693455, 0.352196259, -0.0349700325, 0.911065236, 2.64155953e-005, -0.412262217, 0.412262217, 1.36029662e-005, 0.911065236, 2.96743196e-005, -1, 1.50303774e-006, 0.911065187, 2.08596436e-005, -0.412262326, 0.412262326, 1.53414823e-005, 0.911065187, 2.53292102e-005, -1, 5.37744528e-006, 0, 0, 0, 0, 0, 0, 0, 0.205879468, 0.0826177246, -0.248099463, -0.424183707, 0.743200323, -0.517353694, -0.838623047, -0.106811523, 0.534057617, 0.341681785, 0.660423451, 0.668755279, 0, -0, 0, 0, 0, 0, 0, 0.275503662, 0.138836914, -0.193270752, -0.228797979, 0.866548009, -0.443359858, -0.138916016, -0.479736328, -0.866210937, -0.963397596, -0.136487118, 0.230185812, 0, 2, 5, 1, 
1175.23703, 64, 0.1, 0.1, 0.0333693468, 0.352196259, -0.0349677858, 0.911065513, -2.16104769e-005, -0.412261604, 0.412261604, -7.17419431e-006, 0.911065514, -2.26462051e-005, -1, 2.37300884e-006, 0.91106546, -1.02545856e-005, -0.412261722, 0.412261722, -4.60627206e-006, 0.91106546, -1.12415884e-005, -1, 3.09577578e-008, 0, 0, 0, 0, 0, 0, 0, 0.205879468, 0.0826177246, -0.248099463, -0.424183707, 0.743200323, -0.517353694, -0.838623047, -0.106811523, 0.534057617, 0.341681785, 0.660423451, 0.668755279, 0, -0, 0, 0, 0, 0, 0, 0.275503662, 0.138836914, -0.193270752, -0.228797979, 0.866548009, -0.443359858, -0.138916016, -0.479736328, -0.866210937, -0.963397596, -0.136487118, 0.230185812, 0, 2, 5, 1, 
1175.23774, 64, 0.1, 0.1, 0.0333693422, 0.352196257, -0.034966253, 0.91106576, 1.53052069e-005, -0.412261059, 0.412261059, 3.75055499e-006, 0.91106576, 1.54902577e-005, -1, -2.89273856e-006, 0.911065706, -5.17041441e-006, -0.412261179, 0.412261179, -1.37664895e-006, 0.911065706, -5.27812618e-006, -1, 8.77343493e-007, 0, 0, 0, 0, 0, 0, 0, 0.205879468, 0.0826177246, -0.248099463, -0.424183707, 0.743200323, -0.517353694, -0.838623047, -0.106811523, 0.534057617, 0.341681785, 0.660423451, 0.668755279, 0, -0, 0, 0, 0, 0, 0, 0.275503662, 0.138836914, -0.193270752, -0.228797979, 0.866548009, -0.443359858, -0.138916016, -0.479736328, -0.866210937, -0.963397596, -0.136487118, 0.230185812, 0, 2, 5, 1, 
1175.23843, 64, 0.1, 0.1, 0.0333693486, 0.352196262, -0.0349658111, 0.911065931, 9.06475856e-006, -0.412260681, 0.412260681, -5.03649071e-007, 0.911065931, 8.05095799e-006, -1, -4.19590105e-006, 0.911065903, 1.81430789e-005, -0.412260743, 0.412260743, 1.4266049e-005, 0.911065903, 2.24108726e-005, -1, 5.51763163e-006, 0, 0, 0, 0, 0, 0, 0, 0.205879468, 0.0826177246, -0.248099463, -0.424183707, 0.743200323, -0.517353694, -0.838623047, -0.106811523, 0.534057617, 0.341681785, 0.660423451, 0.668755279, 0, -0, 0, 0, 0, 0, 0, 0.275503662, 0.138836914, -0.193270752, -0.228797979, 0.866548009, -0.443359858, -0.138916016, -0.479736328, -0.866210937, -0.963397596, -0.136487118, 0.230185812, 0, 2, 5, 1, 
1175.23913, 64, 0.1, 0.1, 0.0333693401, 0.352196259, -0.0349665608, 0.911066154, -2.23079298e-005, -0.412260189, 0.412260189, -7.97209029e-006, 0.911066154, -2.36105753e-005, -1, 1.93356973e-006, 0.911066107, -3.01967335e-005, -0.412260292, 0.412260292, -7.64986607e-006, 0.911066107, -3.06649564e-005, -1, 5.47938045e-006, 0, 0, 0, 0, 0, 0, 0, 0.205879468, 0.0826177246, -0.248099463, -0.424183707, 0.743200323, -0.517353694, -0.838623047, -0.106811523, 0.534057617, 0.341681785, 0.660423451, 0.668755279, 0, -0, 0, 0, 0, 0, 0, 0.275503662, 0.138836914, -0.193270752, -0.228797979, 0.866548009, -0.443359858, -0.138916016, -0.479736328, -0.866210937, -0.963397596, -0.136487118, 0.230185812, 0, 2, 5, 1, 
1175.23985, 64, 0.1, 0.1, 0.033369345, 0.352196261, -0.0349681081, 0.911066323, 2.23370263e-005, -0.412259815, 0.412259814, 1.46910265e-005, 0.911066323, 2.64070323e-005, -1, 4.17584119e-006, 0.911066299, 2.43289698e-005, -0.412259867, 0.412259867, 1.25342206e-005, 0.9110663, 2.73326606e-005, -1, 1.38964812e-006, 0, 0, 0, 0, 0, 0, 0, 0.206873975, 0.0801111572, -0.24695896, -0.426387243, 0.742172504, -0.516940695, -0.838745117, -0.110351563, 0.533203125, 0.338693809, 0.660957017, 0.669802194, 0, -0, 0, 0, 0, 0, 0, 0.275503662, 0.138836914, -0.193270752, -0.232139622, 0.865403622, -0.443743386, -0.135742187, -0.48059082, -0.866210937, -0.963135103, -0.14078065, 0.22916356, 0, 2, 5, 1, 
1175.24054, 64, 0.1, 0.1, 0.033369343, 0.352196259, -0.0349697614, 0.911066447, -2.39942641e-005, -0.41225954, 0.41225954, -9.37348205e-006, 0.911066447, -2.57246763e-005, -1, 1.35199928e-006, 0.911066414, -1.64540015e-005, -0.412259614, 0.412259613, -1.44813423e-005, 0.911066414, -2.09607607e-005, -1, -6.41014428e-006, 0, 0, 0, 0, 0, 0, 0, 0.206873975, 0.0801111572, -0.24695896, -0.426387243, 0.742172504, -0.516940695, -0.838745117, -0.110351563, 0.533203125, 0.338693809, 0.660957017, 0.669802194, 0, -0, 0, 0, 0, 0, 0, 0.276181055, 0.136661719, -0.191978174, -0.232139622, 0.865403622, -0.443743386, -0.135742187, -0.48059082, -0.866210937, -0.963135103, -0.14078065, 0.22916356, 0, 2, 5, 1, 
1175.24125, 64, 0.1, 0.1, 0.0333693415, 0.352196258, -0.0349713334, 0.911066605, 2.12380271e-005, -0.41225919, 0.41225919, 4.03642861e-006, 0.911066606, 2.1013312e-005, -1, -5.07811654e-006, 0.911066583, 1.22921113e-005, -0.412259241, 0.412259241, -3.40477977e-006, 0.911066583, 9.79527991e-006, -1, -8.16951755e-006, 0, 0, 0, 0, 0, 0, 0, 0.206873975, 0.0801111572, -0.24695896, -0.426387243, 0.742172504, -0.516940695, -0.838745117, -0.110351563, 0.533203125, 0.338693809, 0.660957017, 0.669802194, 0, -0, 0, 0, 0, 0, 0, 0.276181055, 0.136661719, -0.191978174, -0.232139622, 0.865403622, -0.443743386, -0.135742187, -0.48059082, -0.866210937, -0.963135103, -0.14078065, 0.22916356, 0, 2, 5, 1, 
1175.24194, 64, 0.1, 0.1, 0.0333693451, 0.35219626, -0.0349722656, 0.911066674, -4.8256583e-006, -0.412259038, 0.412259038, -8.98727232e-006, 0.911066674, -8.10158071e-006, -1, -6.19858305e-006, 0.911066658, 8.61222361e-006, -0.412259076, 0.412259076, -8.03371113e-007, 0.911066658, 7.51511275e-006, -1, -4.28239198e-006, 0, 0, 0, 0, 0, 0, 0, 0.206873975, 0.0801111572, -0.24695896, -0.426387243, 0.742172504, -0.516940695, -0.838745117, -0.110351563, 0.533203125, 0.338693809, 0.660957017, 0.669802194, 0, -0, 0, 0, 0, 0, 0, 0.276181055, 0.136661719, -0.191978174, -0.232139622, 0.865403622, -0.443743386, -0.135742187, -0.48059082, -0.866210937, -0.963135103, -0.14078065, 0.22916356, 0, 2, 5, 1, 
1175.24265, 64, 0.1, 0.1, 0.0333693386, 0.352196259, -0.0349723209, 0.911066809, -3.492142e-006, -0.412258741, 0.412258741, -4.16690274e-006, 0.911066809, -4.89941674e-006, -1, -2.35666072e-006, 0.911066781, -1.62359665e-005, -0.412258803, 0.412258803, -2.25580435e-006, 0.911066781, -1.57220249e-005, -1, 4.63823171e-006, 0, 0, 0, 0, 0, 0, 0, 0.206873975, 0.0801111572, -0.24695896, -0.426387243, 0.742172504, -0.516940695, -0.838745117, -0.110351563, 0.533203125, 0.338693809, 0.660957017, 0.669802194, 0, -0, 0, 0, 0, 0, 0, 0.276954639, 0.134287207, -0.19055708, -0.233998925, 0.864080598, -0.445436812, -0.13293457, -0.482177734, -0.865722656, -0.962962295, -0.14337456, 0.227758147, 0, 2, 5, 1, 
1175.24334, 64, 0.1, 0.1, 0.0333693436, 0.352196263, -0.0349715982, 0.91106687, 1.23578455e-005, -0.412258606, 0.412258606, 1.18650693e-005, 0.91106687, 1.61503005e-005, -1, 5.71524337e-006, 0.911066863, 1.75141025e-005, -0.41225862, 0.41225862, 1.70884199e-005, 0.911066863, 2.30013668e-005, -1, 8.3483534e-006, 0, 0, 0, 0, 0, 0, 0, 0.206873975, 0.0801111572, -0.24695896, -0.426387243, 0.742172504, -0.516940695, -0.838745117, -0.110351563, 0.533203125, 0.338693809, 0.660957017, 0.669802194, 0, -0, 0, 0, 0, 0, 0, 0.276954639, 0.134287207, -0.19055708, -0.233998925, 0.864080598, -0.445436812, -0.13293457, -0.482177734, -0.865722656, -0.962962295, -0.14337456, 0.227758147, 0, 2, 5, 1, 
1175.24404, 64, 0.1, 0.1, 0.0333693372, 0.352196261, -0.0349703158, 0.911066947, -2.77054122e-005, -0.412258435, 0.412258435, -2.46245201e-006, 0.911066947, -2.6256652e-005, -1, 9.17833125e-006, 0.911066925, -2.80714231e-005, -0.412258484, 0.412258484, -5.23937093e-006, 0.911066925, -2.77349202e-005, -1, 6.79926476e-006, 0, 0, 0, 0, 0, 0, 0, 0.206873975, 0.0801111572, -0.24695896, -0.426387243, 0.742172504, -0.516940695, -0.838745117, -0.110351563, 0.533203125, 0.338693809, 0.660957017, 0.669802194, 0, -0, 0, 0, 0, 0, 0, 0.276954639, 0.134287207, -0.19055708, -0.233998925, 0.864080598, -0.445436812, -0.13293457, -0.482177734, -0.865722656, -0.962962295, -0.14337456, 0.227758147, 0, 2, 5, 1, 
