time, trialNum, realDorsalTactorPos, realVentralTactorPos, boxPosX, boxPosY, boxPosZ, boxLocalRot_11, boxLocalRot_12, boxLocalRot_13, boxLocalRot_21, boxLocalRot_22, boxLocalRot_23, boxLocalRot_31, boxLocalRot_32, boxLocalRot_33, boxGlobalRot_11, boxGlobalRot_12, boxGlobalRot_13, boxGlobalRot_21, boxGlobalRot_22, boxGlobalRot_23, boxGlobalRot_31, boxGlobalRot_32, boxGlobalRot_33, indexForceX, indexForceY, indexForceZ, indexForceGlobalX, indexForceGlobalY, indexForceGlobalZ, indexContact, indexPosX, indexPosY, indexPosZ, indexRot_11, indexRot_12, indexRot_13, indexRot_21, indexRot_22, indexRot_23, indexRot_31, indexRot_32, indexRot_33, thumbForceX, thumbForceY, thumbForceZ, thumbForceGlobalX, thumbForceGlobalY, thumbForceGlobalZ, thumbContact, thumbPosX, thumbPosY, thumbPosZ, thumbRot_11, thumbRot_12, thumbRot_13, thumbRot_21, thumbRot_22, thumbRot_23, thumbRot_31, thumbRot_32, thumbRot_33, manipForceTooHigh, cceExpType, mapping, trialSuccess, 
1181.10891, 65, 0.1, 0.1, 0.0132760908, 0.348636516, -0.0349669948, 0.724742589, 0.689019724, -2.34310224e-005, 0.689019724, -0.724742589, -6.63247295e-006, -2.15513645e-005, -1.13376009e-005, -1, 0.724742554, 0.68901976, -2.64165452e-005, 0.68901976, -0.724742555, -1.64712878e-005, -3.04942373e-005, -6.26407843e-006, -1, 0, 0, 0, 0, 0, 0, 0, 0.0699775391, 0.241043042, -0.197463037, -0.569974122, 0.747648978, -0.340610824, -0.680908203, -0.197875977, 0.705078125, 0.459814916, 0.633888139, 0.621975985, 0, -0, 0, 0, 0, 0, 0, 0.144891943, 0.301060596, -0.150515137, -0.35635854, 0.895169164, -0.267434244, -0.278320312, -0.37487793, -0.884155273, -0.891866795, -0.2406333, 0.382834121, 0, 2, 5, 1, 
1181.15735, 65, 0.1, 0.1, 0.0132758071, 0.34863624, -0.0349579051, 0.724767296, 0.688993734, -3.14688856e-005, 0.688993734, -0.724767296, -1.56925273e-005, -3.36196721e-005, -1.03084344e-005, -0.999999999, 0.724767123, 0.688993917, -8.67604186e-006, 0.688993916, -0.724767123, -2.65487412e-005, -2.45800311e-005, 1.32639147e-005, -1, 0, 0, 0, 0, 0, 0, 0, 0.102311157, 0.202639331, -0.20341416, -0.546379952, 0.733007137, -0.404907706, -0.725463867, -0.172851563, 0.666137695, 0.418382426, 0.657712176, 0.626474381, 0, -0, 0, 0, 0, 0, 0, 0.175222461, 0.264185156, -0.154632764, -0.335475301, 0.87809968, -0.340901569, -0.217285156, -0.424194336, -0.87902832, -0.916552532, -0.220701915, 0.33325713, 0, 2, 5, 1, 
1181.15808, 65, 0.1, 0.1, 0.0132758002, 0.34863624, -0.0349620518, 0.724768129, 0.688992858, 2.80647163e-005, 0.688992858, -0.724768129, 1.31470999e-005, 2.93986699e-005, 9.80779008e-006, -1, 0.724767935, 0.688993063, 4.50849473e-006, 0.688993063, -0.724767935, 1.68403313e-005, 1.48704839e-005, -9.09901056e-006, -1, 0, 0, 0, 0, 0, 0, 0, 0.102311157, 0.202639331, -0.20341416, -0.544859002, 0.731668912, -0.409552547, -0.729125977, -0.172363281, 0.662231445, 0.413939406, 0.659407233, 0.627580828, 0, -0, 0, 0, 0, 0, 0, 0.175222461, 0.264185156, -0.154632764, -0.335475301, 0.87809968, -0.340901569, -0.217285156, -0.424194336, -0.87902832, -0.916552532, -0.220701915, 0.33325713, 0, 2, 5, 1, 
1181.1588, 65, 0.1, 0.1, 0.0132758071, 0.348636239, -0.0349675357, 0.724769032, 0.688991909, -5.87547117e-006, 0.688991909, -0.724769032, -5.53502613e-006, -8.07194777e-006, -3.6536575e-008, -1, 0.724768855, 0.688992095, 1.8531131e-005, 0.688992095, -0.724768855, -2.24049973e-006, 1.18871e-005, 1.43916472e-005, -1, 0, 0, 0, 0, 0, 0, 0, 0.10483103, 0.19967395, -0.203648169, -0.544859002, 0.731668912, -0.409552547, -0.729125977, -0.172363281, 0.662231445, 0.413939406, 0.659407233, 0.627580828, 0, -0, 0, 0, 0, 0, 0, 0.177550342, 0.261465234, -0.154797949, -0.33343736, 0.877122271, -0.345336559, -0.212402344, -0.426757813, -0.87890625, -0.918424962, -0.219577218, 0.328740484, 0, 2, 5, 1, 
1181.1595, 65, 0.1, 0.1, 0.0132757975, 0.348636232, -0.0349730995, 0.724769796, 0.688991105, -5.11697822e-006, 0.688991105, -0.724769796, -1.72981992e-005, -1.56269366e-005, 9.01165982e-006, -1, 0.724769655, 0.688991253, -1.97387643e-005, 0.688991253, -0.724769655, -1.57473163e-005, -2.51558206e-005, -2.18665896e-006, -1, 0, 0, 0, 0, 0, 0, 0, 0.10483103, 0.19967395, -0.203648169, -0.544859002, 0.731668912, -0.409552547, -0.729125977, -0.172363281, 0.662231445, 0.413939406, 0.659407233, 0.627580828, 0, -0, 0, 0, 0, 0, 0, 0.177550342, 0.261465234, -0.154797949, -0.33343736, 0.877122271, -0.345336559, -0.212402344, -0.426757813, -0.87890625, -0.918424962, -0.219577218, 0.328740484, 0, 2, 5, 1, 
1181.16019, 65, 0.1, 0.1, 0.0132758032, 0.348636233, -0.0349773163, 0.724770276, 0.688990599, 2.4779347e-005, 0.688990599, -0.724770277, 2.97346274e-005, 3.8446213e-005, -4.478037e-006, -0.999999999, 0.724770206, 0.688990673, 3.02667904e-005, 0.688990673, -0.724770207, 2.06069983e-005, 3.61344975e-005, 5.91819792e-006, -0.999999999, 0, 0, 0, 0, 0, 0, 0, 0.10483103, 0.19967395, -0.203648169, -0.544859002, 0.731668912, -0.409552547, -0.729125977, -0.172363281, 0.662231445, 0.413939406, 0.659407233, 0.627580828, 0, -0, 0, 0, 0, 0, 0, 0.177550342, 0.261465234, -0.154797949, -0.33343736, 0.877122271, -0.345336559, -0.212402344, -0.426757813, -0.87890625, -0.918424962, -0.219577218, 0.328740484, 0, 2, 5, 1, 
1181.16089, 65, 0.1, 0.1, 0.0132758025, 0.348636237, -0.0349790844, 0.724770516, 0.688990347, -8.45896906e-006, 0.688990347, -0.724770517, -9.74314167e-006, -1.28437419e-005, 1.23339379e-006, -1, 0.724770483, 0.688990382, -1.76722323e-006, 0.688990382, -0.724770483, 8.54323547e-006, 4.60537583e-006, -7.40948471e-006, -1, 0, 0, 0, 0, 0, 0, 0, 0.10483103, 0.19967395, -0.203648169, -0.544859002, 0.731668912, -0.409552547, -0.729125977, -0.172363281, 0.662231445, 0.413939406, 0.659407233, 0.627580828, 0, -0, 0, 0, 0, 0, 0, 0.177550342, 0.261465234, -0.154797949, -0.33343736, 0.877122271, -0.345336559, -0.212402344, -0.426757813, -0.87890625, -0.918424962, -0.219577218, 0.328740484, 0, 2, 5, 1, 
1181.16158, 65, 0.1, 0.1, 0.0132757924, 0.348636226, -0.0349780365, 0.724770736, 0.688990116, -2.4296719e-005, 0.688990115, -0.724770737, -1.87379117e-005, -3.05197869e-005, -3.15950912e-006, -1, 0.724770686, 0.688990168, -2.70166585e-005, 0.688990168, -0.724770687, -2.41000838e-005, -3.61856029e-005, -1.14717782e-006, -0.999999999, 0, 0, 0, 0, 0, 0, 0, 0.10483103, 0.19967395, -0.203648169, -0.544859002, 0.731668912, -0.409552547, -0.729125977, -0.172363281, 0.662231445, 0.413939406, 0.659407233, 0.627580828, 0, -0, 0, 0, 0, 0, 0, 0.177550342, 0.261465234, -0.154797949, -0.33343736, 0.877122271, -0.345336559, -0.212402344, -0.426757813, -0.87890625, -0.918424962, -0.219577218, 0.328740484, 0, 2, 5, 1, 
1181.16228, 65, 0.1, 0.1, 0.0132757924, 0.348636225, -0.0349746555, 0.724770953, 0.688989888, 1.9509172e-005, 0.688989887, -0.724770953, 2.39685572e-005, 3.06537747e-005, -3.9300918e-006, -1, 0.72477093, 0.688989912, 1.93419785e-005, 0.688989912, -0.72477093, 1.41183294e-005, 2.37458903e-005, 3.09387334e-006, -1, 0, 0, 0, 0, 0, 0, 0, 0.10483103, 0.19967395, -0.203648169, -0.544859002, 0.731668912, -0.409552547, -0.729125977, -0.172363281, 0.662231445, 0.413939406, 0.659407233, 0.627580828, 0, -0, 0, 0, 0, 0, 0, 0.177550342, 0.261465234, -0.154797949, -0.33343736, 0.877122271, -0.345336559, -0.212402344, -0.426757813, -0.87890625, -0.918424962, -0.219577218, 0.328740484, 0, 2, 5, 1, 
1181.163, 65, 0.1, 0.1, 0.0132757931, 0.348636226, -0.0349698347, 0.72477109, 0.688989744, -1.22164664e-005, 0.688989744, -0.72477109, -1.22726082e-005, -1.73098428e-005, 4.77811551e-007, -1, 0.724771046, 0.68898979, 5.82626872e-006, 0.68898979, -0.724771046, -1.04568951e-006, 3.50224148e-006, 4.77212514e-006, -1, 0, 0, 0, 0, 0, 0, 0, 0.107876733, 0.196507056, -0.203926978, -0.541770676, 0.730774765, -0.41510464, -0.734008789, -0.171020508, 0.657104492, 0.409248137, 0.660784771, 0.629201745, 0, -0, 0, 0, 0, 0, 0, 0.177550342, 0.261465234, -0.154797949, -0.330364407, 0.876470787, -0.349790872, -0.20703125, -0.428833008, -0.879150391, -0.920802321, -0.218050036, 0.323239866, 0, 2, 5, 1, 
1181.16369, 65, 0.1, 0.1, 0.0132757829, 0.348636219, -0.0349652666, 0.724771336, 0.688989486, -4.24845263e-007, 0.688989485, -0.724771335, -1.7919535e-005, -1.26542869e-005, 1.26948514e-005, -1, 0.72477129, 0.688989533, -1.99942602e-005, 0.688989533, -0.72477129, -1.75253703e-005, -2.65660624e-005, -1.07395076e-006, -1, 0, 0, 0, 0, 0, 0, 0, 0.107876733, 0.196507056, -0.203926978, -0.541770676, 0.730774765, -0.41510464, -0.734008789, -0.171020508, 0.657104492, 0.409248137, 0.660784771, 0.629201745, 0, -0, 0, 0, 0, 0, 0, 0.180159326, 0.258328857, -0.154761865, -0.330364407, 0.876470787, -0.349790872, -0.20703125, -0.428833008, -0.879150391, -0.920802321, -0.218050036, 0.323239866, 0, 2, 5, 1, 
1181.16439, 65, 0.1, 0.1, 0.0132757868, 0.348636219, -0.0349623163, 0.724771384, 0.688989434, -2.58015316e-006, 0.688989434, -0.724771384, 2.27678124e-005, 1.3816761e-005, -1.82791572e-005, -1, 0.724771389, 0.688989429, 1.69149082e-005, 0.688989429, -0.724771389, 1.56562884e-005, 2.30464587e-005, 3.06962989e-007, -1, 0, 0, 0, 0, 0, 0, 0, 0.107876733, 0.196507056, -0.203926978, -0.541770676, 0.730774765, -0.41510464, -0.734008789, -0.171020508, 0.657104492, 0.409248137, 0.660784771, 0.629201745, 0, -0, 0, 0, 0, 0, 0, 0.180159326, 0.258328857, -0.154761865, -0.330364407, 0.876470787, -0.349790872, -0.20703125, -0.428833008, -0.879150391, -0.920802321, -0.218050036, 0.323239866, 0, 2, 5, 1, 
1181.16508, 65, 0.1, 0.1, 0.0132757783, 0.348636221, -0.0349617765, 0.724771239, 0.688989587, 4.77765555e-006, 0.688989587, -0.724771239, 3.0183546e-006, 5.54232222e-006, 1.10413832e-006, -1, 0.724771274, 0.68898955, -1.58889108e-005, 0.68898955, -0.724771274, 7.84152109e-006, -6.11310006e-006, -1.66306027e-005, -1, 0, 0, 0, 0, 0, 0, 0, 0.107876733, 0.196507056, -0.203926978, -0.541770676, 0.730774765, -0.41510464, -0.734008789, -0.171020508, 0.657104492, 0.409248137, 0.660784771, 0.629201745, 0, -0, 0, 0, 0, 0, 0, 0.180159326, 0.258328857, -0.154761865, -0.330364407, 0.876470787, -0.349790872, -0.20703125, -0.428833008, -0.879150391, -0.920802321, -0.218050036, 0.323239866, 0, 2, 5, 1, 
1181.1658, 65, 0.1, 0.1, 0.0132757786, 0.348636219, -0.0349634156, 0.724771138, 0.688989693, -7.74283864e-006, 0.688989693, -0.724771138, 1.23164581e-005, 2.87412672e-006, -1.42613494e-005, -1, 0.724771143, 0.688989688, -1.51098698e-007, 0.688989688, -0.724771143, -2.85540719e-006, -2.07685808e-006, 1.96541129e-006, -1, 0, 0, 0, 0, 0, 0, 0, 0.110427124, 0.193331372, -0.204376172, -0.53964689, 0.729721859, -0.419634906, -0.73815918, -0.170654297, 0.652587891, 0.404709637, 0.66194027, 0.631031596, 0, -0, 0, 0, 0, 0, 0, 0.182435937, 0.255591846, -0.154862354, -0.329227316, 0.875620976, -0.353241889, -0.201904297, -0.430664063, -0.879516602, -0.922278463, -0.218139355, 0.318703897, 0, 2, 5, 1, 
1181.16649, 65, 0.1, 0.1, 0.0132757727, 0.34863622, -0.0349667027, 0.724771034, 0.688989802, 1.06055254e-005, 0.688989803, -0.724771034, 1.0992946e-006, 8.44398041e-006, 6.51036199e-006, -1, 0.724771062, 0.688989773, -8.20290457e-006, 0.688989773, -0.724771062, 5.74770549e-006, -1.98511756e-006, -9.81748797e-006, -1, 0, 0, 0, 0, 0, 0, 0, 0.110427124, 0.193331372, -0.204376172, -0.53964689, 0.729721859, -0.419634906, -0.73815918, -0.170654297, 0.652587891, 0.404709637, 0.66194027, 0.631031596, 0, -0, 0, 0, 0, 0, 0, 0.182435937, 0.255591846, -0.154862354, -0.329227316, 0.875620976, -0.353241889, -0.201904297, -0.430664063, -0.879516602, -0.922278463, -0.218139355, 0.318703897, 0, 2, 5, 1, 
1181.16718, 65, 0.1, 0.1, 0.0132757742, 0.348636215, -0.0349706922, 0.724770962, 0.688989879, -1.03510779e-005, 0.688989879, -0.724770962, -7.08890916e-006, -1.23863473e-005, -1.99395236e-006, -1, 0.724770962, 0.688989878, 2.70470654e-006, 0.688989878, -0.724770962, -1.2265598e-005, -6.49058009e-006, 1.07532647e-005, -1, 0, 0, 0, 0, 0, 0, 0, 0.110427124, 0.193331372, -0.204376172, -0.53964689, 0.729721859, -0.419634906, -0.73815918, -0.170654297, 0.652587891, 0.404709637, 0.66194027, 0.631031596, 0, -0, 0, 0, 0, 0, 0, 0.182435937, 0.255591846, -0.154862354, -0.329227316, 0.875620976, -0.353241889, -0.201904297, -0.430664063, -0.879516602, -0.922278463, -0.218139355, 0.318703897, 0, 2, 5, 1, 
1181.16787, 65, 0.1, 0.1, 0.0132757705, 0.348636214, -0.0349741612, 0.724771036, 0.688989801, 1.01814864e-005, 0.688989801, -0.724771036, -4.632173e-006, 4.18772651e-006, 1.03722051e-005, -1, 0.724771009, 0.688989829, 2.69201566e-006, 0.688989829, -0.724771009, 4.24808005e-006, 4.87797886e-006, -1.22411385e-006, -1, 0, 0, 0, 0, 0, 0, 0, 0.110427124, 0.193331372, -0.204376172, -0.53964689, 0.729721859, -0.419634906, -0.73815918, -0.170654297, 0.652587891, 0.404709637, 0.66194027, 0.631031596, 0, -0, 0, 0, 0, 0, 0, 0.182435937, 0.255591846, -0.154862354, -0.329227316, 0.875620976, -0.353241889, -0.201904297, -0.430664063, -0.879516602, -0.922278463, -0.218139355, 0.318703897, 0, 2, 5, 1, 
1181.16857, 65, 0.1, 0.1, 0.013275771, 0.348636209, -0.0349761501, 0.724771183, 0.688989646, -4.58239975e-006, 0.688989646, -0.724771183, -3.81981894e-008, -3.34750944e-006, -3.12954103e-006, -1, 0.724771162, 0.688989668, 6.77281627e-006, 0.688989668, -0.724771162, -4.97270126e-006, 1.48260213e-006, 8.2704709e-006, -1, 0, 0, 0, 0, 0, 0, 0, 0.110427124, 0.193331372, -0.204376172, -0.53964689, 0.729721859, -0.419634906, -0.73815918, -0.170654297, 0.652587891, 0.404709637, 0.66194027, 0.631031596, 0, -0, 0, 0, 0, 0, 0, 0.182435937, 0.255591846, -0.154862354, -0.329227316, 0.875620976, -0.353241889, -0.201904297, -0.430664063, -0.879516602, -0.922278463, -0.218139355, 0.318703897, 0, 2, 5, 1, 
1181.16928, 65, 0.1, 0.1, 0.0132757686, 0.348636209, -0.034976066, 0.724771351, 0.68898947, 1.15600059e-005, 0.68898947, -0.724771351, 3.70746749e-007, 8.63380173e-006, 7.69601575e-006, -1, 0.724771306, 0.688989516, 5.24266462e-006, 0.688989516, -0.724771306, 9.3955689e-006, 1.02731814e-005, -3.19749779e-006, -1, 0, 0, 0, 0, 0, 0, 0, 0.110427124, 0.193331372, -0.204376172, -0.53964689, 0.729721859, -0.419634906, -0.73815918, -0.170654297, 0.652587891, 0.404709637, 0.66194027, 0.631031596, 0, -0, 0, 0, 0, 0, 0, 0.182435937, 0.255591846, -0.154862354, -0.329227316, 0.875620976, -0.353241889, -0.201904297, -0.430664063, -0.879516602, -0.922278463, -0.218139355, 0.318703897, 0, 2, 5, 1, 
1181.16999, 65, 0.1, 0.1, 0.0132757659, 0.348636204, -0.0349738287, 0.724771657, 0.688989147, -1.30902809e-005, 0.688989147, -0.724771658, 2.92275468e-006, -7.47371831e-006, -1.11373912e-005, -1, 0.724771584, 0.688989224, -7.69258105e-006, 0.688989224, -0.724771584, -1.04249976e-005, -1.27580751e-005, 2.25563654e-006, -1, 0, 0, 0, 0, 0, 0, 0, 0.110427124, 0.193331372, -0.204376172, -0.538418372, 0.728529289, -0.423346287, -0.74206543, -0.171875, 0.647827148, 0.399200606, 0.662994298, 0.633349708, 0, -0, 0, 0, 0, 0, 0, 0.182435937, 0.255591846, -0.154862354, -0.329227316, 0.875620976, -0.353241889, -0.201904297, -0.430664063, -0.879516602, -0.922278463, -0.218139355, 0.318703897, 0, 2, 5, 1, 
1181.17071, 65, 0.1, 0.1, 0.0132757619, 0.348636205, -0.0349701803, 0.724772045, 0.688988739, 4.98921075e-006, 0.688988739, -0.724772045, -6.29650988e-006, -7.22183929e-007, 8.00104437e-006, -1, 0.724771979, 0.688988809, -4.48136869e-006, 0.688988809, -0.724771979, 4.31980397e-006, -2.71673867e-007, -6.21848575e-006, -1, 0, 0, 0, 0, 0, 0, 0, 0.113152051, 0.190594727, -0.204558789, -0.538418372, 0.728529289, -0.423346287, -0.74206543, -0.171875, 0.647827148, 0.399200606, 0.662994298, 0.633349708, 0, -0, 0, 0, 0, 0, 0, 0.184935791, 0.252846533, -0.154952832, -0.328090226, 0.874649763, -0.356584264, -0.197021484, -0.432495117, -0.879638672, -0.923754606, -0.218241433, 0.31430209, 0, 2, 5, 1, 
1181.1714, 65, 0.1, 0.1, 0.0132757621, 0.348636202, -0.0349666783, 0.724772339, 0.68898843, -5.81968535e-006, 0.68898843, -0.724772339, 9.87757149e-006, 2.58758551e-006, -1.11686865e-005, -1, 0.724772273, 0.688988499, 7.66541684e-007, 0.688988499, -0.724772273, -5.22666365e-006, -3.04554298e-006, 4.3162793e-006, -1, 0, 0, 0, 0, 0, 0, 0, 0.113152051, 0.190594727, -0.204558789, -0.538418372, 0.728529289, -0.423346287, -0.74206543, -0.171875, 0.647827148, 0.399200606, 0.662994298, 0.633349708, 0, -0, 0, 0, 0, 0, 0, 0.184935791, 0.252846533, -0.154952832, -0.328090226, 0.874649763, -0.356584264, -0.197021484, -0.432495117, -0.879638672, -0.923754606, -0.218241433, 0.31430209, 0, 2, 5, 1, 
1181.1721, 65, 0.1, 0.1, 0.0132757573, 0.348636202, -0.0349643262, 0.72477259, 0.688988165, 8.71275665e-006, 0.688988166, -0.72477259, -6.83846925e-006, 1.60314283e-006, 1.09593213e-005, -1, 0.724772538, 0.688988221, -2.66172266e-006, 0.688988221, -0.724772538, 5.7522081e-006, 2.03406014e-006, -6.00293802e-006, -1, 0, 0, 0, 0, 0, 0, 0, 0.113152051, 0.190594727, -0.204558789, -0.538418372, 0.728529289, -0.423346287, -0.74206543, -0.171875, 0.647827148, 0.399200606, 0.662994298, 0.633349708, 0, -0, 0, 0, 0, 0, 0, 0.184935791, 0.252846533, -0.154952832, -0.328090226, 0.874649763, -0.356584264, -0.197021484, -0.432495117, -0.879638672, -0.923754606, -0.218241433, 0.31430209, 0, 2, 5, 1, 
1181.17282, 65, 0.1, 0.1, 0.0132757576, 0.348636196, -0.0349634377, 0.724772867, 0.688987875, -1.11778766e-005, 0.688987875, -0.724772867, 3.00378213e-006, -6.03185217e-006, -9.8784812e-006, -1, 0.724772826, 0.688987918, 6.21817337e-006, 0.688987918, -0.724772826, -4.93660945e-006, 1.10549882e-006, 7.86216671e-006, -1, 0, 0, 0, 0, 0, 0, 0, 0.113152051, 0.190594727, -0.204558789, -0.538418372, 0.728529289, -0.423346287, -0.74206543, -0.171875, 0.647827148, 0.399200606, 0.662994298, 0.633349708, 0, -0, 0, 0, 0, 0, 0, 0.184935791, 0.252846533, -0.154952832, -0.328090226, 0.874649763, -0.356584264, -0.197021484, -0.432495117, -0.879638672, -0.923754606, -0.218241433, 0.31430209, 0, 2, 5, 1, 
1181.17352, 65, 0.1, 0.1, 0.0132757546, 0.348636199, -0.0349642869, 0.724773147, 0.68898758, 1.72655987e-005, 0.68898758, -0.724773147, 3.44843438e-006, 1.48895708e-005, 9.39645042e-006, -1, 0.724773077, 0.688987653, 7.22669457e-006, 0.688987653, -0.724773077, 1.65483553e-005, 1.66393261e-005, -7.01469903e-006, -1, 0, 0, 0, 0, 0, 0, 0, 0.113152051, 0.190594727, -0.204558789, -0.538418372, 0.728529289, -0.423346287, -0.74206543, -0.171875, 0.647827148, 0.399200606, 0.662994298, 0.633349708, 0, -0, 0, 0, 0, 0, 0, 0.184935791, 0.252846533, -0.154952832, -0.328090226, 0.874649763, -0.356584264, -0.197021484, -0.432495117, -0.879638672, -0.923754606, -0.218241433, 0.31430209, 0, 2, 5, 1, 
1181.17421, 65, 0.1, 0.1, 0.0132757536, 0.348636192, -0.034966662, 0.724773618, 0.688987085, -1.19312072e-005, 0.688987085, -0.724773618, -2.11749686e-006, -1.01063522e-005, -6.68574179e-006, -1, 0.724773515, 0.688987193, -5.32514607e-006, 0.688987193, -0.724773515, -1.66536103e-005, -1.5333649e-005, 8.40113823e-006, -1, 0, 0, 0, 0, 0, 0, 0, 0.113152051, 0.190594727, -0.204558789, -0.538418372, 0.728529289, -0.423346287, -0.74206543, -0.171875, 0.647827148, 0.399200606, 0.662994298, 0.633349708, 0, -0, 0, 0, 0, 0, 0, 0.184935791, 0.252846533, -0.154952832, -0.328090226, 0.874649763, -0.356584264, -0.197021484, -0.432495117, -0.879638672, -0.923754606, -0.218241433, 0.31430209, 0, 2, 5, 1, 
1181.17492, 65, 0.1, 0.1, 0.01327575, 0.348636194, -0.0349698012, 0.724774184, 0.688986489, 5.46274462e-006, 0.688986489, -0.724774184, -6.8697746e-006, -7.73925606e-007, 8.74279252e-006, -1, 0.724774075, 0.688986604, -4.76370759e-006, 0.688986604, -0.724774075, 4.57729516e-006, -2.98916708e-007, -6.59963558e-006, -1, 0, 0, 0, 0, 0, 0, 0, 0.113152051, 0.190594727, -0.204558789, -0.536669392, 0.72733672, -0.427559033, -0.74609375, -0.172729492, 0.642944336, 0.393856325, 0.664048326, 0.635623636, 0, -0, 0, 0, 0, 0, 0, 0.184935791, 0.252846533, -0.154952832, -0.328090226, 0.874649763, -0.356584264, -0.197021484, -0.432495117, -0.879638672, -0.923754606, -0.218241433, 0.31430209, 0, 2, 5, 1, 
1181.17563, 65, 0.1, 0.1, 0.013275751, 0.348636189, -0.0349724269, 0.724774636, 0.688986014, -1.96975797e-006, 0.688986014, -0.724774636, 5.19380233e-006, 2.15082654e-006, -5.12147189e-006, -1, 0.724774544, 0.68898611, 3.57001975e-006, 0.68898611, -0.724774544, -7.17668357e-006, -2.35717586e-006, 7.66117158e-006, -1, 0, 0, 0, 0, 0, 0, 0, 0.115904077, 0.187634839, -0.204767163, -0.536669392, 0.72733672, -0.427559033, -0.74609375, -0.172729492, 0.642944336, 0.393856325, 0.664048326, 0.635623636, 0, -0, 0, 0, 0, 0, 0, 0.187440527, 0.249864551, -0.154638574, -0.326806214, 0.873595428, -0.360348447, -0.19128418, -0.434448242, -0.880004883, -0.925460791, -0.218720477, 0.309242236, 0, 2, 5, 1, 
1181.17633, 65, 0.1, 0.1, 0.0132757471, 0.348636189, -0.0349740222, 0.72477502, 0.68898561, 5.24368084e-006, 0.68898561, -0.72477502, -4.02878324e-006, 1.02471521e-006, 6.5327821e-006, -1, 0.724774945, 0.688985689, -2.48073073e-006, 0.688985689, -0.724774945, 4.53171726e-006, 1.32431685e-006, -4.9936631e-006, -1, 0, 0, 0, 0, 0, 0, 0, 0.115904077, 0.187634839, -0.204767163, -0.536669392, 0.72733672, -0.427559033, -0.74609375, -0.172729492, 0.642944336, 0.393856325, 0.664048326, 0.635623636, 0, -0, 0, 0, 0, 0, 0, 0.187440527, 0.249864551, -0.154638574, -0.326806214, 0.873595428, -0.360348447, -0.19128418, -0.434448242, -0.880004883, -0.925460791, -0.218720477, 0.309242236, 0, 2, 5, 1, 
1181.17702, 65, 0.1, 0.1, 0.0132757463, 0.348636185, -0.0349742826, 0.724775389, 0.688985222, -9.09568752e-006, 0.688985222, -0.724775389, 2.77864931e-006, -4.67788215e-006, -8.28069092e-006, -1, 0.724775327, 0.688985287, 2.61212835e-006, 0.688985287, -0.724775327, -2.59386175e-006, 1.06073599e-007, 3.679685e-006, -1, 0, 0, 0, 0, 0, 0, 0, 0.115904077, 0.187634839, -0.204767163, -0.536669392, 0.72733672, -0.427559033, -0.74609375, -0.172729492, 0.642944336, 0.393856325, 0.664048326, 0.635623636, 0, -0, 0, 0, 0, 0, 0, 0.187440527, 0.249864551, -0.154638574, -0.326806214, 0.873595428, -0.360348447, -0.19128418, -0.434448242, -0.880004883, -0.925460791, -0.218720477, 0.309242236, 0, 2, 5, 1, 
1181.17772, 65, 0.1, 0.1, 0.0132757435, 0.348636187, -0.0349731738, 0.724775754, 0.688984838, 1.21564316e-005, 0.688984838, -0.724775754, 1.19319217e-006, 9.63277821e-006, 7.51080031e-006, -1, 0.724775666, 0.68898493, 4.18676311e-006, 0.68898493, -0.724775666, 1.20535914e-005, 1.13392069e-005, -5.85153304e-006, -1, 0, 0, 0, 0, 0, 0, 0, 0.115904077, 0.187634839, -0.204767163, -0.536669392, 0.72733672, -0.427559033, -0.74609375, -0.172729492, 0.642944336, 0.393856325, 0.664048326, 0.635623636, 0, -0, 0, 0, 0, 0, 0, 0.187440527, 0.249864551, -0.154638574, -0.325669124, 0.872260011, -0.364272311, -0.185913086, -0.436889648, -0.880004883, -0.926936933, -0.218860835, 0.304533826, 0, 2, 5, 1, 
1181.17842, 65, 0.1, 0.1, 0.0132757415, 0.348636181, -0.034971025, 0.724776244, 0.688984322, -1.19804418e-005, 0.688984322, -0.724776244, 1.24775171e-006, -7.82345825e-006, -9.15867738e-006, -1, 0.724776139, 0.688984433, -6.78470601e-006, 0.688984433, -0.724776139, -1.21819797e-005, -1.33105874e-005, 4.15465141e-006, -1, 0, 0, 0, 0, 0, 0, 0, 0.115904077, 0.187634839, -0.204767163, -0.536669392, 0.72733672, -0.427559033, -0.74609375, -0.172729492, 0.642944336, 0.393856325, 0.664048326, 0.635623636, 0, -0, 0, 0, 0, 0, 0, 0.189717139, 0.246871094, -0.154550732, -0.325669124, 0.872260011, -0.364272311, -0.185913086, -0.436889648, -0.880004883, -0.926936933, -0.218860835, 0.304533826, 0, 2, 5, 1, 
1181.17911, 65, 0.1, 0.1, 0.0132757381, 0.348636182, -0.0349686505, 0.724776808, 0.688983729, -8.620956e-008, 0.688983729, -0.724776808, -1.56800906e-005, -1.086581e-005, 1.13051691e-005, -1, 0.724776696, 0.688983847, -2.20069773e-006, 0.688983847, -0.724776696, 3.12195548e-006, 5.55962463e-007, -3.77896577e-006, -1, 0, 0, 0, 0, 0, 0, 0, 0.115904077, 0.187634839, -0.204767163, -0.536669392, 0.72733672, -0.427559033, -0.74609375, -0.172729492, 0.642944336, 0.393856325, 0.664048326, 0.635623636, 0, -0, 0, 0, 0, 0, 0, 0.189717139, 0.246871094, -0.154550732, -0.325669124, 0.872260011, -0.364272311, -0.185913086, -0.436889648, -0.880004883, -0.926936933, -0.218860835, 0.304533826, 0, 2, 5, 1, 
1181.1798, 65, 0.1, 0.1, 0.0132757375, 0.348636176, -0.034966753, 0.724777289, 0.688983222, -3.42736156e-007, 0.688983222, -0.724777289, 9.80803992e-006, 6.50916757e-006, -7.34478405e-006, -1, 0.724777212, 0.688983304, 6.6022931e-006, 0.688983304, -0.724777212, -4.91126076e-006, 1.40141492e-006, 8.1084396e-006, -1, 0, 0, 0, 0, 0, 0, 0, 0.115904077, 0.187634839, -0.204767163, -0.536669392, 0.72733672, -0.427559033, -0.74609375, -0.172729492, 0.642944336, 0.393856325, 0.664048326, 0.635623636, 0, -0, 0, 0, 0, 0, 0, 0.189717139, 0.246871094, -0.154550732, -0.325669124, 0.872260011, -0.364272311, -0.185913086, -0.436889648, -0.880004883, -0.926936933, -0.218860835, 0.304533826, 0, 2, 5, 1, 
1181.18052, 65, 0.1, 0.1, 0.0132757339, 0.348636177, -0.034965664, 0.724777598, 0.688982898, 9.85645613e-006, 0.688982898, -0.724777598, -5.71593354e-006, 3.20555815e-006, 1.09337103e-005, -1, 0.724777537, 0.688982962, -5.76056065e-007, 0.688982962, -0.724777537, 6.46366844e-006, 4.03584493e-006, -5.08161451e-006, -1, 0, 0, 0, 0, 0, 0, 0, 0.118411133, 0.184437427, -0.204971387, -0.53536449, 0.725839736, -0.431645221, -0.749755859, -0.173217773, 0.638549805, 0.388829563, 0.665521345, 0.637135968, 0, -0, 0, 0, 0, 0, 0, 0.189717139, 0.246871094, -0.154550732, -0.325669124, 0.872260011, -0.364272311, -0.185913086, -0.436889648, -0.880004883, -0.926936933, -0.218860835, 0.304533826, 0, 2, 5, 1, 
1181.18121, 65, 0.1, 0.1, 0.0132757344, 0.348636172, -0.0349658145, 0.724777908, 0.688982571, -1.03726213e-005, 0.688982571, -0.724777908, 1.73006487e-006, -6.32586224e-006, -8.4004681e-006, -1, 0.72477786, 0.688982622, 5.56740234e-006, 0.688982622, -0.72477786, -5.32783526e-006, 3.64344042e-007, 7.6973405e-006, -1, 0, 0, 0, 0, 0, 0, 0, 0.118411133, 0.184437427, -0.204971387, -0.53536449, 0.725839736, -0.431645221, -0.749755859, -0.173217773, 0.638549805, 0.388829563, 0.665521345, 0.637135968, 0, -0, 0, 0, 0, 0, 0, 0.189717139, 0.246871094, -0.154550732, -0.325669124, 0.872260011, -0.364272311, -0.185913086, -0.436889648, -0.880004883, -0.926936933, -0.218860835, 0.304533826, 0, 2, 5, 1, 
1181.18191, 65, 0.1, 0.1, 0.0132757312, 0.348636174, -0.0349671049, 0.724778224, 0.688982239, 1.33404471e-005, 0.688982239, -0.724778224, 2.68637124e-006, 1.15197276e-005, 7.2443077e-006, -1, 0.72477815, 0.688982317, 4.45923353e-006, 0.688982317, -0.72477815, 1.46241563e-005, 1.33077402e-005, -7.52693592e-006, -1, 0, 0, 0, 0, 0, 0, 0, 0.118411133, 0.184437427, -0.204971387, -0.53536449, 0.725839736, -0.431645221, -0.749755859, -0.173217773, 0.638549805, 0.388829563, 0.665521345, 0.637135968, 0, -0, 0, 0, 0, 0, 0, 0.189717139, 0.246871094, -0.154550732, -0.325669124, 0.872260011, -0.364272311, -0.185913086, -0.436889648, -0.880004883, -0.926936933, -0.218860835, 0.304533826, 0, 2, 5, 1, 
1181.18263, 65, 0.1, 0.1, 0.0132757289, 0.348636168, -0.0349690246, 0.72477873, 0.688981707, -1.47267657e-005, 0.688981707, -0.72477873, -5.57304165e-007, -1.10576189e-005, -9.74254994e-006, -1, 0.724778614, 0.688981829, -8.47231027e-006, 0.688981829, -0.724778614, -1.55860182e-005, -1.68790326e-005, 5.45914483e-006, -1, 0, 0, 0, 0, 0, 0, 0, 0.120872168, 0.181683813, -0.205130933, -0.534916664, 0.72430456, -0.434893428, -0.752929687, -0.175292969, 0.634155273, 0.383073406, 0.666753228, 0.639257129, 0, -0, 0, 0, 0, 0, 0, 0.189717139, 0.246871094, -0.154550732, -0.325043159, 0.870988392, -0.367870249, -0.180541992, -0.439086914, -0.880004883, -0.928221312, -0.219608201, 0.300227901, 0, 2, 5, 1, 
1181.18333, 65, 0.1, 0.1, 0.0132757293, 0.348636173, -0.034970711, 0.724779382, 0.688981021, 2.27546738e-005, 0.688981021, -0.724779382, 1.30610438e-005, 2.54909297e-005, 6.21116311e-006, -1, 0.724779241, 0.688981169, 1.53713972e-005, 0.688981169, -0.724779241, 2.46500444e-005, 2.8124286e-005, -7.27523723e-006, -1, 0, 0, 0, 0, 0, 0, 0, 0.120872168, 0.181683813, -0.205130933, -0.534916664, 0.72430456, -0.434893428, -0.752929687, -0.175292969, 0.634155273, 0.383073406, 0.666753228, 0.639257129, 0, -0, 0, 0, 0, 0, 0, 0.191963965, 0.244092334, -0.154432861, -0.325043159, 0.870988392, -0.367870249, -0.180541992, -0.439086914, -0.880004883, -0.928221312, -0.219608201, 0.300227901, 0, 2, 5, 1, 
1181.18402, 65, 0.1, 0.1, 0.0132757273, 0.348636168, -0.0349719882, 0.72478018, 0.688980181, -2.67503022e-005, 0.688980181, -0.72478018, -1.55250394e-005, -3.00845333e-005, -7.17818719e-006, -1, 0.724780006, 0.688980365, -1.40748713e-005, 0.688980364, -0.724780006, -2.05989657e-005, -2.43934682e-005, 5.23240852e-006, -1, 0, 0, 0, 0, 0, 0, 0, 0.120872168, 0.181683813, -0.205130933, -0.534916664, 0.72430456, -0.434893428, -0.752929687, -0.175292969, 0.634155273, 0.383073406, 0.666753228, 0.639257129, 0, -0, 0, 0, 0, 0, 0, 0.191963965, 0.244092334, -0.154432861, -0.325043159, 0.870988392, -0.367870249, -0.180541992, -0.439086914, -0.880004883, -0.928221312, -0.219608201, 0.300227901, 0, 2, 5, 1, 
1181.18471, 65, 0.1, 0.1, 0.0132757205, 0.348636166, -0.0349725619, 0.724781077, 0.688979238, 1.12540126e-005, 0.688979238, -0.724781077, 3.33310029e-006, 1.04531323e-005, 5.33801304e-006, -1, 0.72478089, 0.688979435, -4.01883461e-006, 0.688979435, -0.72478089, 5.30664853e-006, 7.4339718e-007, -6.61505184e-006, -1, 0, 0, 0, 0, 0, 0, 0, 0.120872168, 0.181683813, -0.205130933, -0.534916664, 0.72430456, -0.434893428, -0.752929687, -0.175292969, 0.634155273, 0.383073406, 0.666753228, 0.639257129, 0, -0, 0, 0, 0, 0, 0, 0.191963965, 0.244092334, -0.154432861, -0.325043159, 0.870988392, -0.367870249, -0.180541992, -0.439086914, -0.880004883, -0.928221312, -0.219608201, 0.300227901, 0, 2, 5, 1, 
1181.18541, 65, 0.1, 0.1, 0.0132757216, 0.348636164, -0.0349722784, 0.724781984, 0.688978283, -1.26680568e-005, 0.688978283, -0.724781984, 1.9171186e-006, -7.86072624e-006, -1.0117509e-005, -1, 0.7247818, 0.688978478, -1.40755425e-007, 0.688978478, -0.7247818, -3.68295656e-006, -2.63949478e-006, 2.57236243e-006, -1, 0, 0, 0, 0, 0, 0, 0, 0.120872168, 0.181683813, -0.205130933, -0.534916664, 0.72430456, -0.434893428, -0.752929687, -0.175292969, 0.634155273, 0.383073406, 0.666753228, 0.639257129, 0, -0, 0, 0, 0, 0, 0, 0.191963965, 0.244092334, -0.154432861, -0.325043159, 0.870988392, -0.367870249, -0.180541992, -0.439086914, -0.880004883, -0.928221312, -0.219608201, 0.300227901, 0, 2, 5, 1, 
1181.1861, 65, 0.1, 0.1, 0.0132757183, 0.348636166, -0.0349712322, 0.724782912, 0.688977308, 1.14979723e-005, 0.688977308, -0.724782912, -6.74577978e-008, 8.28705694e-006, 7.97073425e-006, -1, 0.724782723, 0.688977507, 3.18215543e-006, 0.688977507, -0.724782723, 1.09085657e-005, 9.8221277e-006, -5.71390646e-006, -1, 0, 0, 0, 0, 0, 0, 0, 0.120872168, 0.181683813, -0.205130933, -0.534916664, 0.72430456, -0.434893428, -0.752929687, -0.175292969, 0.634155273, 0.383073406, 0.666753228, 0.639257129, 0, -0, 0, 0, 0, 0, 0, 0.191963965, 0.244092334, -0.154432861, -0.325043159, 0.870988392, -0.367870249, -0.180541992, -0.439086914, -0.880004883, -0.928221312, -0.219608201, 0.300227901, 0, 2, 5, 1, 
1181.1868, 65, 0.1, 0.1, 0.0132757165, 0.348636159, -0.0349698313, 0.724783906, 0.688976262, -1.18407849e-005, 0.688976262, -0.724783906, -1.72086167e-006, -9.76764317e-006, -6.91076688e-006, -1, 0.724783706, 0.688976472, -6.82650871e-006, 0.688976472, -0.724783706, -1.53628487e-005, -1.55323836e-005, 6.43143854e-006, -1, 0, 0, 0, 0, 0, 0, 0, 0.120872168, 0.181683813, -0.205130933, -0.534916664, 0.72430456, -0.434893428, -0.752929687, -0.175292969, 0.634155273, 0.383073406, 0.666753228, 0.639257129, 0, -0, 0, 0, 0, 0, 0, 0.191963965, 0.244092334, -0.154432861, -0.325043159, 0.870988392, -0.367870249, -0.180541992, -0.439086914, -0.880004883, -0.928221312, -0.219608201, 0.300227901, 0, 2, 5, 1, 
1181.18753, 65, 0.1, 0.1, 0.0132757137, 0.348636159, -0.0349682918, 0.72478497, 0.688975143, 1.96456959e-006, 0.688975143, -0.72478497, -2.06530364e-005, -1.28055382e-005, 1.632255e-005, -1, 0.724784732, 0.688975393, -7.62028965e-007, 0.688975393, -0.724784732, 1.7042482e-006, 6.21878117e-007, -1.76023228e-006, -1, 0, 0, 0, 0, 0, 0, 0, 0.120872168, 0.181683813, -0.205130933, -0.533973465, 0.722870856, -0.438300395, -0.756103516, -0.176513672, 0.630004883, 0.378103932, 0.667845448, 0.641156251, 0, -0, 0, 0, 0, 0, 0, 0.191963965, 0.244092334, -0.154432861, -0.325043159, 0.870988392, -0.367870249, -0.180541992, -0.439086914, -0.880004883, -0.928221312, -0.219608201, 0.300227901, 0, 2, 5, 1, 
1181.18824, 65, 0.1, 0.1, 0.0132757141, 0.348636151, -0.0349667907, 0.724785872, 0.688974194, 1.31084181e-006, 0.688974194, -0.724785872, 6.57309585e-006, 5.47877303e-006, -3.86095083e-006, -1, 0.724785718, 0.688974355, 8.57608725e-006, 0.688974355, -0.724785718, -9.02150935e-006, 2.36971034e-010, 1.24473653e-005, -1, 0, 0, 0, 0, 0, 0, 0, 0.123360913, 0.178711719, -0.205076025, -0.533973465, 0.722870856, -0.438300395, -0.756103516, -0.176513672, 0.630004883, 0.378103932, 0.667845448, 0.641156251, 0, -0, 0, 0, 0, 0, 0, 0.194210791, 0.241090332, -0.154113477, -0.324417195, 0.869716774, -0.371672711, -0.175048828, -0.44128418, -0.880004883, -0.92950569, -0.220355567, 0.295532251, 0, 2, 5, 1, 
1181.18893, 65, 0.1, 0.1, 0.013275711, 0.348636152, -0.0349662873, 0.724786521, 0.688973511, 9.04413212e-006, 0.688973511, -0.724786521, -5.21202911e-006, 2.96411505e-006, 1.00087759e-005, -1, 0.724786394, 0.688973645, -6.76712785e-007, 0.688973645, -0.724786394, 5.96653222e-006, 3.62031123e-006, -4.79069864e-006, -1, 0, 0, 0, 0, 0, 0, 0, 0.123360913, 0.178711719, -0.205076025, -0.533973465, 0.722870856, -0.438300395, -0.756103516, -0.176513672, 0.630004883, 0.378103932, 0.667845448, 0.641156251, 0, -0, 0, 0, 0, 0, 0, 0.194210791, 0.241090332, -0.154113477, -0.324417195, 0.869716774, -0.371672711, -0.175048828, -0.44128418, -0.880004883, -0.92950569, -0.220355567, 0.295532251, 0, 2, 5, 1, 
1181.18962, 65, 0.1, 0.1, 0.0132757112, 0.348636148, -0.0349668539, 0.72478713, 0.688972871, -1.19328809e-005, 0.688972871, -0.72478713, 4.60349604e-006, -5.47711458e-006, -1.15579859e-005, -1, 0.724787025, 0.688972981, 3.6217254e-006, 0.688972981, -0.724787025, -2.55263467e-006, 8.66283259e-007, 4.34538743e-006, -1, 0, 0, 0, 0, 0, 0, 0, 0.123360913, 0.178711719, -0.205076025, -0.533973465, 0.722870856, -0.438300395, -0.756103516, -0.176513672, 0.630004883, 0.378103932, 0.667845448, 0.641156251, 0, -0, 0, 0, 0, 0, 0, 0.194210791, 0.241090332, -0.154113477, -0.324417195, 0.869716774, -0.371672711, -0.175048828, -0.44128418, -0.880004883, -0.92950569, -0.220355567, 0.295532251, 0, 2, 5, 1, 
1181.19033, 65, 0.1, 0.1, 0.0132757076, 0.348636152, -0.0349682498, 0.724787722, 0.688972248, 1.11533914e-005, 0.688972248, -0.724787722, 5.86058905e-006, 1.21216243e-005, 3.43669415e-006, -1, 0.724787596, 0.688972381, 2.62094843e-006, 0.68897238, -0.724787596, 1.7440258e-005, 1.3915487e-005, -1.08347216e-005, -1, 0, 0, 0, 0, 0, 0, 0, 0.123360913, 0.178711719, -0.205076025, -0.533973465, 0.722870856, -0.438300395, -0.756103516, -0.176513672, 0.630004883, 0.378103932, 0.667845448, 0.641156251, 0, -0, 0, 0, 0, 0, 0, 0.196236084, 0.237853613, -0.15379043, -0.32380399, 0.868164072, -0.375685894, -0.170166016, -0.444091797, -0.879516602, -0.930668667, -0.220764248, 0.291673653, 0, 2, 5, 1, 
1181.19102, 65, 0.1, 0.1, 0.0132757052, 0.348636147, -0.0349698812, 0.724788433, 0.6889715, -1.52749875e-005, 0.6889715, -0.724788433, 1.87291695e-006, -9.78074782e-006, -1.18814996e-005, -1, 0.724788284, 0.688971656, -9.59217699e-006, 0.688971656, -0.724788285, -1.14801139e-005, -1.48617706e-005, 1.71191403e-006, -1, 0, 0, 0, 0, 0, 0, 0, 0.123360913, 0.178711719, -0.205076025, -0.533973465, 0.722870856, -0.438300395, -0.756103516, -0.176513672, 0.630004883, 0.378103932, 0.667845448, 0.641156251, 0, -0, 0, 0, 0, 0, 0, 0.196236084, 0.237853613, -0.15379043, -0.32380399, 0.868164072, -0.375685894, -0.170166016, -0.444091797, -0.879516602, -0.930668667, -0.220764248, 0.291673653, 0, 2, 5, 1, 
1181.19171, 65, 0.1, 0.1, 0.0132757012, 0.348636149, -0.0349713687, 0.724789182, 0.688970712, 2.57627751e-006, 0.688970712, -0.724789182, -5.23283069e-006, -1.73800901e-006, 5.56767883e-006, -1, 0.724789047, 0.688970854, -6.57837877e-006, 0.688970854, -0.724789047, 4.93423347e-006, -1.36839383e-006, -8.10858962e-006, -1, 0, 0, 0, 0, 0, 0, 0, 0.123360913, 0.178711719, -0.205076025, -0.533973465, 0.722870856, -0.438300395, -0.756103516, -0.176513672, 0.630004883, 0.378103932, 0.667845448, 0.641156251, 0, -0, 0, 0, 0, 0, 0, 0.196236084, 0.237853613, -0.15379043, -0.32380399, 0.868164072, -0.375685894, -0.170166016, -0.444091797, -0.879516602, -0.930668667, -0.220764248, 0.291673653, 0, 2, 5, 1, 
1181.19242, 65, 0.1, 0.1, 0.0132757019, 0.348636146, -0.0349722743, 0.724789816, 0.688970045, -3.40804077e-006, 0.688970045, -0.724789816, 5.77162317e-006, 1.50636223e-006, -6.5312517e-006, -1, 0.724789689, 0.688970178, 1.65059892e-006, 0.688970178, -0.724789689, -6.30967922e-006, -3.15084374e-006, 5.71040387e-006, -1, 0, 0, 0, 0, 0, 0, 0, 0.125867236, 0.175510889, -0.205063721, -0.532712746, 0.721291496, -0.442482063, -0.759277344, -0.176757813, 0.626220703, 0.373578536, 0.669578697, 0.642065746, 0, -0, 0, 0, 0, 0, 0, 0.196236084, 0.237853613, -0.15379043, -0.32380399, 0.868164072, -0.375685894, -0.170166016, -0.444091797, -0.879516602, -0.930668667, -0.220764248, 0.291673653, 0, 2, 5, 1, 
1181.19311, 65, 0.1, 0.1, 0.0132756988, 0.348636146, -0.0349723137, 0.724790358, 0.688969475, 7.90296548e-006, 0.688969475, -0.724790358, -7.04145616e-006, 8.76644829e-007, 1.05484815e-005, -1, 0.724790252, 0.688969586, -8.77391166e-007, 0.688969586, -0.724790252, 2.60608123e-006, 1.15958614e-006, -2.4933581e-006, -1, 0, 0, 0, 0, 0, 0, 0, 0.125867236, 0.175510889, -0.205063721, -0.532712746, 0.721291496, -0.442482063, -0.759277344, -0.176757813, 0.626220703, 0.373578536, 0.669578697, 0.642065746, 0, -0, 0, 0, 0, 0, 0, 0.196236084, 0.237853613, -0.15379043, -0.32380399, 0.868164072, -0.375685894, -0.170166016, -0.444091797, -0.879516602, -0.930668667, -0.220764248, 0.291673653, 0, 2, 5, 1, 
1181.1938, 65, 0.1, 0.1, 0.0132756996, 0.348636141, -0.0349716232, 0.724790869, 0.688968937, -6.76979867e-006, 0.688968937, -0.724790869, 1.18958918e-007, -4.82472926e-006, -4.75040133e-006, -1, 0.724790782, 0.688969029, 5.99273414e-006, 0.688969029, -0.724790782, -5.77435654e-006, 3.65125644e-007, 8.31400862e-006, -1, 0, 0, 0, 0, 0, 0, 0, 0.125867236, 0.175510889, -0.205063721, -0.532712746, 0.721291496, -0.442482063, -0.759277344, -0.176757813, 0.626220703, 0.373578536, 0.669578697, 0.642065746, 0, -0, 0, 0, 0, 0, 0, 0.196236084, 0.237853613, -0.15379043, -0.32380399, 0.868164072, -0.375685894, -0.170166016, -0.444091797, -0.879516602, -0.930668667, -0.220764248, 0.291673653, 0, 2, 5, 1, 
1181.1945, 65, 0.1, 0.1, 0.0132756969, 0.348636141, -0.0349704536, 0.724791333, 0.688968448, 1.03164647e-005, 0.688968448, -0.724791333, -5.10147445e-006, 3.96252924e-006, 1.08052231e-005, -1, 0.724791237, 0.68896855, 1.4711215e-006, 0.68896855, -0.724791237, 5.22447254e-006, 4.66575324e-006, -2.77309547e-006, -1, 0, 0, 0, 0, 0, 0, 0, 0.125867236, 0.175510889, -0.205063721, -0.532712746, 0.721291496, -0.442482063, -0.759277344, -0.176757813, 0.626220703, 0.373578536, 0.669578697, 0.642065746, 0, -0, 0, 0, 0, 0, 0, 0.196236084, 0.237853613, -0.15379043, -0.32380399, 0.868164072, -0.375685894, -0.170166016, -0.444091797, -0.879516602, -0.930668667, -0.220764248, 0.291673653, 0, 2, 5, 1, 
