time, trialNum, realDorsalTactorPos, realVentralTactorPos, boxPosX, boxPosY, boxPosZ, boxLocalRot_11, boxLocalRot_12, boxLocalRot_13, boxLocalRot_21, boxLocalRot_22, boxLocalRot_23, boxLocalRot_31, boxLocalRot_32, boxLocalRot_33, boxGlobalRot_11, boxGlobalRot_12, boxGlobalRot_13, boxGlobalRot_21, boxGlobalRot_22, boxGlobalRot_23, boxGlobalRot_31, boxGlobalRot_32, boxGlobalRot_33, indexForceX, indexForceY, indexForceZ, indexForceGlobalX, indexForceGlobalY, indexForceGlobalZ, indexContact, indexPosX, indexPosY, indexPosZ, indexRot_11, indexRot_12, indexRot_13, indexRot_21, indexRot_22, indexRot_23, indexRot_31, indexRot_32, indexRot_33, thumbForceX, thumbForceY, thumbForceZ, thumbForceGlobalX, thumbForceGlobalY, thumbForceGlobalZ, thumbContact, thumbPosX, thumbPosY, thumbPosZ, thumbRot_11, thumbRot_12, thumbRot_13, thumbRot_21, thumbRot_22, thumbRot_23, thumbRot_31, thumbRot_32, thumbRot_33, manipForceTooHigh, cceExpType, mapping, trialSuccess, 
157.6491, 9, 0.1, 0.1, 0.00745860086, 0.381051808, -0.0349724954, 0.915271657, -0.402837181, 2.01025342e-006, 0.402837181, 0.915271657, 4.22063271e-006, -3.54015576e-006, -3.05322067e-006, 1, 0.915271781, -0.402836899, 7.48975541e-006, 0.402836899, 0.915271781, -1.3460098e-006, -6.31293936e-006, 4.24911463e-006, 1, 0, 0, 0, 0, 0, 0, 0, 0.225526636, -0.16519082, -0.184793945, -0.0486711213, 0.603648462, -0.795679273, -0.700683594, 0.547119141, 0.458007813, 0.711811998, 0.579944989, 0.396442369, 0, -0, 0, 0, 0, 0, 0, 0.298894043, -0.139710596, -0.178889697, -0.0529985672, 0.194923579, -0.979334458, -0.468139648, -0.87097168, -0.148071289, -0.881953323, 0.450700492, 0.137520769, 0, 1, 1, 1, 
157.655404, 9, 0.1, 0.1, 0.00745862378, 0.381051821, -0.0349810295, 0.915267118, -0.402847493, 2.0311273e-005, 0.402847493, 0.915267118, -9.1957629e-006, -1.48857503e-005, 1.65989248e-005, 1, 0.91526713, -0.402847466, 2.66229284e-005, 0.402847466, 0.91526713, 2.33111473e-006, -2.53061749e-005, 8.59138655e-006, 1, 0, 0, 0, 0, 0, 0, 0, 0.225431299, -0.164341553, -0.184380664, -0.0492941762, 0.603148219, -0.796046967, -0.70300293, 0.545166016, 0.456665039, 0.709438842, 0.582248875, 0.397242157, 0, -0, 0, 0, 0, 0, 0, 0.298904785, -0.139115967, -0.17810415, -0.0521618824, 0.191466365, -0.979999435, -0.464233398, -0.873535156, -0.145874023, -0.884074752, 0.447391299, 0.134505053, 0, 1, 1, 1, 
157.656113, 9, 0.1, 0.1, 0.00745862824, 0.381051826, -0.0349726299, 0.915267159, -0.402847398, -3.41309338e-005, 0.402847398, 0.91526716, -1.8675287e-006, 3.19912519e-005, -1.20402702e-005, 0.999999999, 0.915267139, -0.402847443, -2.85882187e-005, 0.402847443, 0.91526714, -1.4894881e-005, 3.21662218e-005, 2.1161043e-006, 0.999999999, 0, 0, 0, 0, 0, 0, 0, 0.225487573, -0.163869922, -0.184587061, -0.0492941762, 0.603148219, -0.796046967, -0.70300293, 0.545166016, 0.456665039, 0.709438842, 0.582248875, 0.397242157, 0, -0, 0, 0, 0, 0, 0, 0.299134619, -0.138418164, -0.178327393, -0.0520277209, 0.191990251, -0.979999435, -0.463867187, -0.873535156, -0.146484375, -0.884183394, 0.447078134, 0.134505053, 0, 1, 1, 1, 
157.656804, 9, 0.1, 0.1, 0.00745862971, 0.381051821, -0.0349644253, 0.915267339, -0.402846991, 1.58342547e-005, 0.402846991, 0.915267339, 1.88653642e-006, -1.52525617e-005, 4.65209668e-006, 1, 0.915267292, -0.402847099, 6.83779989e-006, 0.402847099, 0.915267292, 1.4705729e-005, -1.21825748e-005, -1.07050849e-005, 1, 0, 0, 0, 0, 0, 0, 0, 0.225487573, -0.163869922, -0.184587061, -0.0492941762, 0.603148219, -0.796046967, -0.70300293, 0.545166016, 0.456665039, 0.709438842, 0.582248875, 0.397242157, 0, -0, 0, 0, 0, 0, 0, 0.299134619, -0.138418164, -0.178327393, -0.0520277209, 0.191990251, -0.979999435, -0.463867187, -0.873535156, -0.146484375, -0.884183394, 0.447078134, 0.134505053, 0, 1, 1, 1, 
157.657553, 9, 0.1, 0.1, 0.00745862736, 0.381051823, -0.0349574747, 0.915267644, -0.402846297, -6.9953306e-006, 0.402846297, 0.915267644, 8.60746817e-006, 2.93511308e-006, -1.06961801e-005, 1, 0.915267588, -0.402846424, -1.88770708e-006, 0.402846424, 0.915267588, 4.57652539e-006, -1.15879781e-007, -4.94920141e-006, 1, 0, 0, 0, 0, 0, 0, 0, 0.225487573, -0.163869922, -0.184587061, -0.0492941762, 0.603148219, -0.796046967, -0.70300293, 0.545166016, 0.456665039, 0.709438842, 0.582248875, 0.397242157, 0, -0, 0, 0, 0, 0, 0, 0.299134619, -0.138418164, -0.178327393, -0.0520277209, 0.191990251, -0.979999435, -0.463867187, -0.873535156, -0.146484375, -0.884183394, 0.447078134, 0.134505053, 0, 1, 1, 1, 
157.658246, 9, 0.1, 0.1, 0.00745862591, 0.381051822, -0.0349550432, 0.915267908, -0.402845697, 3.69479571e-006, 0.402845697, 0.915267908, 2.25932727e-006, -4.29188821e-006, -5.79457187e-007, 1, 0.915267859, -0.402845809, -1.21996659e-006, 0.402845809, 0.915267859, 2.25759811e-006, 2.0713227e-007, -2.55776541e-006, 1, 0, 0, 0, 0, 0, 0, 0, 0.225487573, -0.163869922, -0.184587061, -0.0492941762, 0.603148219, -0.796046967, -0.70300293, 0.545166016, 0.456665039, 0.709438842, 0.582248875, 0.397242157, 0, -0, 0, 0, 0, 0, 0, 0.299134619, -0.138418164, -0.178327393, -0.0520277209, 0.191990251, -0.979999435, -0.463867187, -0.873535156, -0.146484375, -0.884183394, 0.447078134, 0.134505053, 0, 1, 1, 1, 
157.658956, 9, 0.1, 0.1, 0.00745862639, 0.381051822, -0.0349570843, 0.915268201, -0.402845033, -9.54503796e-007, 0.402845033, 0.9152682, 1.64424494e-005, -5.7501321e-006, -1.54337682e-005, 1, 0.91526813, -0.402845195, -1.11341148e-005, 0.402845195, 0.91526813, 5.52529903e-006, 7.96486026e-006, -9.54245475e-006, 1, 0, 0, 0, 0, 0, 0, 0, 0.225487573, -0.163869922, -0.184587061, -0.0492941762, 0.603148219, -0.796046967, -0.70300293, 0.545166016, 0.456665039, 0.709438842, 0.582248875, 0.397242157, 0, -0, 0, 0, 0, 0, 0, 0.299134619, -0.138418164, -0.178327393, -0.0520277209, 0.191990251, -0.979999435, -0.463867187, -0.873535156, -0.146484375, -0.884183394, 0.447078134, 0.134505053, 0, 1, 1, 1, 
157.659651, 9, 0.1, 0.1, 0.00745862339, 0.381051824, -0.0349624589, 0.915268528, -0.402844291, 8.57209777e-006, 0.402844291, 0.915268527, -2.16264639e-005, 8.66326196e-007, 2.32472424e-005, 1, 0.915268468, -0.402844427, 4.61042498e-006, 0.402844427, 0.915268467, -2.19078184e-005, 4.60566596e-006, 2.19088194e-005, 1, 0, 0, 0, 0, 0, 0, 0, 0.225487573, -0.163869922, -0.184587061, -0.0492941762, 0.603148219, -0.796046967, -0.70300293, 0.545166016, 0.456665039, 0.709438842, 0.582248875, 0.397242157, 0, -0, 0, 0, 0, 0, 0, 0.299134619, -0.138418164, -0.178327393, -0.0520277209, 0.191990251, -0.979999435, -0.463867187, -0.873535156, -0.146484375, -0.884183394, 0.447078134, 0.134505053, 0, 1, 1, 1, 
157.660374, 9, 0.1, 0.1, 0.00745862231, 0.381051821, -0.0349696906, 0.915268744, -0.402843799, -2.32727381e-005, 0.4028438, 0.915268743, 1.89169464e-005, 1.36802351e-005, -2.6689368e-005, 1, 0.915268716, -0.402843863, -8.51307647e-006, 0.402843863, 0.915268716, 2.05255843e-005, -4.76853092e-007, -2.22158658e-005, 1, 0, 0, 0, 0, 0, 0, 0, 0.225559351, -0.164099146, -0.184813721, -0.0479357339, 0.603096922, -0.796129342, -0.702270508, 0.546386719, 0.456298828, 0.710212421, 0.581144672, 0.397502388, 0, -0, 0, 0, 0, 0, 0, 0.299134619, -0.138418164, -0.178327393, -0.0525067641, 0.192163058, -0.979845951, -0.465820312, -0.872558594, -0.146240234, -0.883129059, 0.448937437, 0.135380383, 0, 1, 1, 1, 
157.66107, 9, 0.1, 0.1, 0.00745862698, 0.381051821, -0.0349758808, 0.915268807, -0.402843656, 6.27980752e-006, 0.402843657, 0.915268806, -1.71660406e-005, 1.16751863e-006, 1.82413221e-005, 1, 0.915268805, -0.402843659, -8.47635289e-006, 0.402843659, 0.915268805, -1.26560472e-005, 1.28565498e-005, 8.16904023e-006, 1, 0, 0, 0, 0, 0, 0, 0, 0.225559351, -0.164099146, -0.184813721, -0.0479357339, 0.603096922, -0.796129342, -0.702270508, 0.546386719, 0.456298828, 0.710212421, 0.581144672, 0.397502388, 0, -0, 0, 0, 0, 0, 0, 0.298678613, -0.138367627, -0.178968555, -0.0525067641, 0.192163058, -0.979845951, -0.465820312, -0.872558594, -0.146240234, -0.883129059, 0.448937437, 0.135380383, 0, 1, 1, 1, 
157.66176, 9, 0.1, 0.1, 0.0074586152, 0.381051823, -0.0349798645, 0.915268739, -0.402843808, 2.89499332e-005, 0.402843808, 0.91526874, 6.47145524e-006, -2.91039545e-005, 5.73918064e-006, 1, 0.915268758, -0.402843766, 3.5431452e-005, 0.402843766, 0.915268758, -9.80043664e-007, -3.20344966e-005, 1.51703429e-005, 0.999999999, 0, 0, 0, 0, 0, 0, 0, 0.225559351, -0.164099146, -0.184813721, -0.0479357339, 0.603096922, -0.796129342, -0.702270508, 0.546386719, 0.456298828, 0.710212421, 0.581144672, 0.397502388, 0, -0, 0, 0, 0, 0, 0, 0.298678613, -0.138367627, -0.178968555, -0.0525067641, 0.192163058, -0.979845951, -0.465820312, -0.872558594, -0.146240234, -0.883129059, 0.448937437, 0.135380383, 0, 1, 1, 1, 
157.662456, 9, 0.1, 0.1, 0.00745861609, 0.381051818, -0.0349806632, 0.915268583, -0.402844164, -2.19598216e-005, 0.402844164, 0.915268583, 9.05831538e-006, 1.64500453e-005, -1.71371775e-005, 1, 0.915268622, -0.402844076, -1.80700027e-005, 0.402844076, 0.915268622, 1.43586419e-005, 1.07546126e-005, -2.04214079e-005, 1, 0, 0, 0, 0, 0, 0, 0, 0.225559351, -0.164099146, -0.184813721, -0.0479357339, 0.603096922, -0.796129342, -0.702270508, 0.546386719, 0.456298828, 0.710212421, 0.581144672, 0.397502388, 0, -0, 0, 0, 0, 0, 0, 0.298678613, -0.138367627, -0.178968555, -0.0525067641, 0.192163058, -0.979845951, -0.465820312, -0.872558594, -0.146240234, -0.883129059, 0.448937437, 0.135380383, 0, 1, 1, 1, 
157.663152, 9, 0.1, 0.1, 0.00745861702, 0.381051819, -0.0349782033, 0.915268346, -0.402844703, 1.32416277e-005, 0.402844703, 0.915268346, -1.29063565e-006, -1.15997169e-005, 6.51559753e-006, 1, 0.915268399, -0.402844583, 2.42271381e-006, 0.402844583, 0.915268399, -8.19486154e-006, 1.08382219e-006, 8.47647494e-006, 1, 0, 0, 0, 0, 0, 0, 0, 0.225559351, -0.164099146, -0.184813721, -0.0479357339, 0.603096922, -0.796129342, -0.702270508, 0.546386719, 0.456298828, 0.710212421, 0.581144672, 0.397502388, 0, -0, 0, 0, 0, 0, 0, 0.298678613, -0.138367627, -0.178968555, -0.0525067641, 0.192163058, -0.979845951, -0.465820312, -0.872558594, -0.146240234, -0.883129059, 0.448937437, 0.135380383, 0, 1, 1, 1, 
157.663851, 9, 0.1, 0.1, 0.00745861209, 0.381051814, -0.0349733857, 0.915268034, -0.402845411, -7.99953437e-007, 0.402845411, 0.915268034, 1.00175714e-005, -3.30336086e-006, -9.49102045e-006, 1, 0.915268099, -0.402845264, 7.81773392e-006, 0.402845264, 0.915268099, 1.87858372e-005, -1.4723108e-005, -1.40447405e-005, 1, 0, 0, 0, 0, 0, 0, 0, 0.225559351, -0.164099146, -0.184813721, -0.0479357339, 0.603096922, -0.796129342, -0.702270508, 0.546386719, 0.456298828, 0.710212421, 0.581144672, 0.397502388, 0, -0, 0, 0, 0, 0, 0, 0.298678613, -0.138367627, -0.178968555, -0.0525067641, 0.192163058, -0.979845951, -0.465820312, -0.872558594, -0.146240234, -0.883129059, 0.448937437, 0.135380383, 0, 1, 1, 1, 
157.664545, 9, 0.1, 0.1, 0.00745861745, 0.381051817, -0.03496785, 0.915267744, -0.402846071, -1.55630183e-005, 0.402846071, 0.915267744, -2.8212417e-006, 1.53808548e-005, -3.68730927e-006, 1, 0.915267794, -0.402845957, -2.30253596e-005, 0.402845957, 0.915267794, -6.70062478e-006, 2.37736897e-005, -3.14280698e-006, 1, 0, 0, 0, 0, 0, 0, 0, 0.225559351, -0.164099146, -0.184813721, -0.0479357339, 0.603096922, -0.796129342, -0.702270508, 0.546386719, 0.456298828, 0.710212421, 0.581144672, 0.397502388, 0, -0, 0, 0, 0, 0, 0, 0.298678613, -0.138367627, -0.178968555, -0.0525067641, 0.192163058, -0.979845951, -0.465820312, -0.872558594, -0.146240234, -0.883129059, 0.448937437, 0.135380383, 0, 1, 1, 1, 
157.665265, 9, 0.1, 0.1, 0.00745860886, 0.381051812, -0.0349629064, 0.915267471, -0.40284669, 3.05202406e-005, 0.40284669, 0.915267471, 1.53634225e-005, -3.41232874e-005, -1.76666296e-006, 0.999999999, 0.915267523, -0.402846572, 3.07412961e-005, 0.402846572, 0.915267523, 2.17694859e-005, -3.69062727e-005, -7.54087771e-006, 0.999999999, 0, 0, 0, 0, 0, 0, 0, 0.225406421, -0.164789014, -0.185055884, -0.0466656585, 0.602810482, -0.796465957, -0.700561523, 0.548583984, 0.456176758, 0.711988732, 0.57933616, 0.396937743, 0, -0, 0, 0, 0, 0, 0, 0.298437793, -0.139211279, -0.179399658, -0.0532924096, 0.191978224, -0.979960789, -0.468994141, -0.87109375, -0.145141602, -0.881493236, 0.451863835, 0.136472998, 0, 1, 1, 1, 
157.665959, 9, 0.1, 0.1, 0.00745861023, 0.381051815, -0.0349603279, 0.915267314, -0.402847046, -3.80199599e-005, 0.402847046, 0.915267315, -3.29045886e-006, 3.61239783e-005, -1.23045791e-005, 0.999999999, 0.915267327, -0.402847018, -2.58563806e-005, 0.402847018, 0.915267327, -1.50988627e-005, 2.97480322e-005, 3.40332988e-006, 1, 0, 0, 0, 0, 0, 0, 0, 0.225406421, -0.164789014, -0.185055884, -0.0466656585, 0.602810482, -0.796465957, -0.700561523, 0.548583984, 0.456176758, 0.711988732, 0.57933616, 0.396937743, 0, -0, 0, 0, 0, 0, 0, 0.298437793, -0.139211279, -0.179399658, -0.0532924096, 0.191978224, -0.979960789, -0.468994141, -0.87109375, -0.145141602, -0.881493236, 0.451863835, 0.136472998, 0, 1, 1, 1, 
157.666652, 9, 0.1, 0.1, 0.00745861225, 0.381051813, -0.0349607036, 0.915267325, -0.402847023, 3.228656e-005, 0.402847023, 0.915267325, -4.6359667e-006, -2.7683248e-005, 1.72496934e-005, 0.999999999, 0.915267307, -0.402847062, 1.12162547e-005, 0.402847062, 0.915267308, 7.34102191e-006, -1.32231803e-005, -2.20056211e-006, 1, 0, 0, 0, 0, 0, 0, 0, 0.225406421, -0.164789014, -0.185055884, -0.0466656585, 0.602810482, -0.796465957, -0.700561523, 0.548583984, 0.456176758, 0.711988732, 0.57933616, 0.396937743, 0, -0, 0, 0, 0, 0, 0, 0.298437793, -0.139211279, -0.179399658, -0.0532924096, 0.191978224, -0.979960789, -0.468994141, -0.87109375, -0.145141602, -0.881493236, 0.451863835, 0.136472998, 0, 1, 1, 1, 
157.667345, 9, 0.1, 0.1, 0.00745860178, 0.381051818, -0.0349636733, 0.915267434, -0.402846774, -5.14240816e-006, 0.402846774, 0.915267434, -7.68854892e-006, 7.80398586e-006, 4.96547591e-006, 1, 0.91526741, -0.402846828, 1.95405528e-005, 0.402846829, 0.91526741, -1.49057583e-005, -1.18800937e-005, 2.15146045e-005, 1, 0, 0, 0, 0, 0, 0, 0, 0.225406421, -0.164789014, -0.185055884, -0.0466656585, 0.602810482, -0.796465957, -0.700561523, 0.548583984, 0.456176758, 0.711988732, 0.57933616, 0.396937743, 0, -0, 0, 0, 0, 0, 0, 0.298437793, -0.139211279, -0.179399658, -0.0532924096, 0.191978224, -0.979960789, -0.468994141, -0.87109375, -0.145141602, -0.881493236, 0.451863835, 0.136472998, 0, 1, 1, 1, 
157.668054, 9, 0.1, 0.1, 0.00745861207, 0.38105181, -0.0349682106, 0.915267648, -0.402846289, -2.16968008e-005, 0.40284629, 0.915267647, 2.97317501e-005, 7.88105463e-006, -3.59529846e-005, 0.999999999, 0.915267603, -0.402846391, -3.42378431e-005, 0.402846392, 0.915267602, 3.04175607e-005, 1.90831841e-005, -4.16327994e-005, 0.999999999, 0, 0, 0, 0, 0, 0, 0, 0.225406421, -0.164789014, -0.185055884, -0.0466656585, 0.602810482, -0.796465957, -0.700561523, 0.548583984, 0.456176758, 0.711988732, 0.57933616, 0.396937743, 0, -0, 0, 0, 0, 0, 0, 0.298589404, -0.140342627, -0.179010303, -0.0514903421, 0.190624217, -0.980267758, -0.472045898, -0.869506836, -0.144287109, -0.879953661, 0.455403805, 0.134722336, 0, 1, 1, 1, 
157.668745, 9, 0.1, 0.1, 0.00745860448, 0.381051811, -0.0349727531, 0.915267951, -0.4028456, 2.91800221e-005, 0.402845601, 0.91526795, -2.80253707e-005, -1.54176417e-005, 3.74057672e-005, 0.999999999, 0.915267879, -0.402845764, 3.08324842e-005, 0.402845765, 0.915267879, -1.73121223e-005, -2.12458672e-005, 2.82659651e-005, 0.999999999, 0, 0, 0, 0, 0, 0, 0, 0.225406421, -0.164789014, -0.185055884, -0.0466656585, 0.602810482, -0.796465957, -0.700561523, 0.548583984, 0.456176758, 0.711988732, 0.57933616, 0.396937743, 0, -0, 0, 0, 0, 0, 0, 0.298589404, -0.140342627, -0.179010303, -0.0514903421, 0.190624217, -0.980267758, -0.472045898, -0.869506836, -0.144287109, -0.879953661, 0.455403805, 0.134722336, 0, 1, 1, 1, 
157.66944, 9, 0.1, 0.1, 0.00745860386, 0.381051821, -0.0349761918, 0.915268367, -0.402844654, -1.78612003e-005, 0.402844654, 0.915268367, -1.32595515e-005, 2.16893311e-005, 4.94075902e-006, 1, 0.915268278, -0.402844859, -1.22305461e-005, 0.402844858, 0.915268277, -2.72797217e-005, 2.21837265e-005, 2.00412513e-005, 1, 0, 0, 0, 0, 0, 0, 0, 0.225406421, -0.164789014, -0.185055884, -0.0466656585, 0.602810482, -0.796465957, -0.700561523, 0.548583984, 0.456176758, 0.711988732, 0.57933616, 0.396937743, 0, -0, 0, 0, 0, 0, 0, 0.298589404, -0.140342627, -0.179010303, -0.0514903421, 0.190624217, -0.980267758, -0.472045898, -0.869506836, -0.144287109, -0.879953661, 0.455403805, 0.134722336, 0, 1, 1, 1, 
157.670149, 9, 0.1, 0.1, 0.00745860642, 0.38105181, -0.0349774743, 0.91526889, -0.402843466, 1.1123289e-006, 0.402843466, 0.91526889, 4.31479305e-005, -1.83999419e-005, -3.90438641e-005, 0.999999999, 0.915268786, -0.402843704, -3.17026303e-006, 0.402843704, 0.915268785, 4.26007554e-005, -1.42598033e-005, -4.02682622e-005, 0.999999999, 0, 0, 0, 0, 0, 0, 0, 0.225267163, -0.1655448, -0.184898315, -0.0450660813, 0.601147625, -0.797703832, -0.699951172, 0.55078125, 0.454711914, 0.712724119, 0.578981571, 0.396145068, 0, -0, 0, 0, 0, 0, 0, 0.298589404, -0.140342627, -0.179010303, -0.0514903421, 0.190624217, -0.980267758, -0.472045898, -0.869506836, -0.144287109, -0.879953661, 0.455403805, 0.134722336, 0, 1, 1, 1, 
157.670842, 9, 0.1, 0.1, 0.00745860493, 0.381051807, -0.0349763321, 0.915269407, -0.402842292, -1.21992436e-006, 0.402842292, 0.915269407, -2.54269148e-005, 1.13595961e-005, 2.27810401e-005, 1, 0.915269309, -0.402842515, -7.31851137e-008, 0.402842515, 0.915269309, -1.07477126e-005, 4.39661966e-006, 9.8075694e-006, 1, 0, 0, 0, 0, 0, 0, 0, 0.225267163, -0.1655448, -0.184898315, -0.0450660813, 0.601147625, -0.797703832, -0.699951172, 0.55078125, 0.454711914, 0.712724119, 0.578981571, 0.396145068, 0, -0, 0, 0, 0, 0, 0, 0.298589404, -0.140342627, -0.179010303, -0.0514903421, 0.190624217, -0.980267758, -0.472045898, -0.869506836, -0.144287109, -0.879953661, 0.455403805, 0.134722336, 0, 1, 1, 1, 
157.671537, 9, 0.1, 0.1, 0.00745860182, 0.381051816, -0.0349733571, 0.915269841, -0.402841307, 1.20050551e-005, 0.402841307, 0.915269841, -6.2571401e-006, -8.46723034e-006, 1.05631037e-005, 1, 0.915269766, -0.402841478, 1.24457926e-005, 0.402841478, 0.915269765, -1.97543164e-005, -3.43339968e-006, 2.30942101e-005, 1, 0, 0, 0, 0, 0, 0, 0, 0.225267163, -0.1655448, -0.184898315, -0.0450660813, 0.601147625, -0.797703832, -0.699951172, 0.55078125, 0.454711914, 0.712724119, 0.578981571, 0.396145068, 0, -0, 0, 0, 0, 0, 0, 0.298589404, -0.140342627, -0.179010303, -0.0514903421, 0.190624217, -0.980267758, -0.472045898, -0.869506836, -0.144287109, -0.879953661, 0.455403805, 0.134722336, 0, 1, 1, 1, 
157.672232, 9, 0.1, 0.1, 0.00745860435, 0.381051811, -0.0349695283, 0.915270107, -0.402840702, -1.55194002e-005, 0.402840702, 0.915270107, 1.12662489e-005, 9.66593948e-006, -1.6563507e-005, 1, 0.915270063, -0.402840801, -1.91079461e-005, 0.402840802, 0.915270063, 1.65592904e-005, 1.08181732e-005, -2.28536831e-005, 1, 0, 0, 0, 0, 0, 0, 0, 0.225267163, -0.1655448, -0.184898315, -0.0450660813, 0.601147625, -0.797703832, -0.699951172, 0.55078125, 0.454711914, 0.712724119, 0.578981571, 0.396145068, 0, -0, 0, 0, 0, 0, 0, 0.298589404, -0.140342627, -0.179010303, -0.0514903421, 0.190624217, -0.980267758, -0.472045898, -0.869506836, -0.144287109, -0.879953661, 0.455403805, 0.134722336, 0, 1, 1, 1, 
157.673003, 9, 0.1, 0.1, 0.00745859733, 0.381051816, -0.034965288, 0.915270318, -0.402840222, 1.76772317e-005, 0.402840222, 0.915270318, -1.90104178e-005, -8.52128453e-006, 2.45207711e-005, 1, 0.915270268, -0.402840335, 2.66662073e-005, 0.402840335, 0.915270268, -1.98571837e-005, -1.64075122e-005, 2.89169138e-005, 0.999999999, 0, 0, 0, 0, 0, 0, 0, 0.225305127, -0.166000073, -0.184684595, -0.0443235808, 0.600988866, -0.797906775, -0.699951172, 0.551147461, 0.454101563, 0.71273011, 0.578759533, 0.396424394, 0, -0, 0, 0, 0, 0, 0, 0.298705615, -0.140763965, -0.178589209, -0.0497907197, 0.190803221, -0.980261561, -0.47253418, -0.869140625, -0.145141602, -0.879775024, 0.456036332, 0.13349556, 0, 1, 1, 1, 
157.674117, 9, 0.1, 0.1, 0.00745860328, 0.381051808, -0.0349561135, 0.915270754, -0.402839231, -1.41195566e-006, 0.402839231, 0.915270754, 1.79945507e-005, -5.95658924e-006, -1.70386771e-005, 1, 0.91527065, -0.402839468, -9.53859176e-006, 0.402839468, 0.91527065, 2.88725878e-005, -2.90062484e-006, -3.02687534e-005, 1, 0, 0, 0, 0, 0, 0, 0, 0.225305127, -0.166000073, -0.184684595, -0.0443235808, 0.600988866, -0.797906775, -0.699951172, 0.551147461, 0.454101563, 0.71273011, 0.578759533, 0.396424394, 0, -0, 0, 0, 0, 0, 0, 0.298705615, -0.140763965, -0.178589209, -0.0497907197, 0.190803221, -0.980261561, -0.47253418, -0.869140625, -0.145141602, -0.879775024, 0.456036332, 0.13349556, 0, 1, 1, 1, 
157.67522, 9, 0.1, 0.1, 0.00745859721, 0.38105181, -0.0349460361, 0.915271186, -0.402838251, 3.53512091e-007, 0.402838251, 0.915271186, 6.70760858e-006, -3.02564074e-006, -5.99687267e-006, 1, 0.915271125, -0.402838389, 1.46194412e-005, 0.402838389, 0.915271125, 1.02601848e-005, -1.75139487e-005, -3.50157873e-006, 1, 0, 0, 0, 0, 0, 0, 0, 0.225305127, -0.166000073, -0.184684595, -0.0443235808, 0.600988866, -0.797906775, -0.699951172, 0.551147461, 0.454101563, 0.71273011, 0.578759533, 0.396424394, 0, -0, 0, 0, 0, 0, 0, 0.298705615, -0.140763965, -0.178589209, -0.0497907197, 0.190803221, -0.980261561, -0.47253418, -0.869140625, -0.145141602, -0.879775024, 0.456036332, 0.13349556, 0, 1, 1, 1, 
157.676328, 9, 0.1, 0.1, 0.0074586033, 0.381051812, -0.0349393746, 0.915271514, -0.402837505, 3.12841654e-005, 0.402837505, 0.915271514, 1.12473209e-005, -3.31643482e-005, 2.30808268e-006, 0.999999999, 0.915271427, -0.402837702, -1.14849704e-005, 0.402837702, 0.915271427, 1.05264551e-005, 6.27141231e-006, -1.42611427e-005, 1, 0, 0, 0, 0, 0, 0, 0, 0.225305127, -0.166000073, -0.184684595, -0.0443235808, 0.600988866, -0.797906775, -0.699951172, 0.551147461, 0.454101563, 0.71273011, 0.578759533, 0.396424394, 0, -0, 0, 0, 0, 0, 0, 0.298705615, -0.140763965, -0.178589209, -0.0497907197, 0.190803221, -0.980261561, -0.47253418, -0.869140625, -0.145141602, -0.879775024, 0.456036332, 0.13349556, 0, 1, 1, 1, 
157.677204, 9, 0.1, 0.1, 0.00745858939, 0.381051805, -0.0349400555, 0.915271728, -0.402837018, -8.81681869e-006, 0.402837018, 0.915271728, -2.50339909e-005, 1.81544031e-005, 1.93611632e-005, 1, 0.915271706, -0.402837068, 1.45605721e-005, 0.402837068, 0.915271707, 1.03735518e-005, -1.75057308e-005, -3.62908034e-006, 1, 0, 0, 0, 0, 0, 0, 0, 0.225305127, -0.166000073, -0.184684595, -0.0440955505, 0.601426952, -0.797633439, -0.700927734, 0.550292969, 0.453735352, 0.71182885, 0.579184514, 0.397369838, 0, -0, 0, 0, 0, 0, 0, 0.298705615, -0.140763965, -0.178589209, -0.0497907197, 0.190803221, -0.980261561, -0.47253418, -0.869140625, -0.145141602, -0.879775024, 0.456036332, 0.13349556, 0, 1, 1, 1, 
157.677911, 9, 0.1, 0.1, 0.0074585995, 0.381051814, -0.0349490511, 0.915271878, -0.402836677, -2.47829581e-005, 0.402836677, 0.915271878, 1.7085106e-005, 1.58006373e-005, -2.56210015e-005, 1, 0.915271845, -0.402836752, -3.35667999e-005, 0.402836752, 0.915271845, -1.59237138e-005, 3.7137404e-005, 1.05258623e-006, 0.999999999, 0, 0, 0, 0, 0, 0, 0, 0.225760522, -0.165976392, -0.184667749, -0.0440955505, 0.601426952, -0.797633439, -0.700927734, 0.550292969, 0.453735352, 0.71182885, 0.579184514, 0.397369838, 0, -0, 0, 0, 0, 0, 0, 0.299243164, -0.14096084, -0.178391357, -0.0482701014, 0.191339866, -0.980255365, -0.471801758, -0.869262695, -0.146484375, -0.880228914, 0.455601765, 0.132268784, 0, 1, 1, 1, 
157.678605, 9, 0.1, 0.1, 0.00745859239, 0.381051796, -0.0349630614, 0.915272168, -0.402836019, 3.20504002e-005, 0.402836018, 0.915272168, 3.90409498e-005, -4.50619401e-005, -2.28220391e-005, 0.999999999, 0.915272103, -0.402836167, 2.91305558e-005, 0.402836165, 0.915272102, 5.47182324e-005, -4.8704868e-005, -3.83472303e-005, 0.999999998, 0, 0, 0, 0, 0, 0, 0, 0.225760522, -0.165976392, -0.184667749, -0.0440955505, 0.601426952, -0.797633439, -0.700927734, 0.550292969, 0.453735352, 0.71182885, 0.579184514, 0.397369838, 0, -0, 0, 0, 0, 0, 0, 0.299243164, -0.14096084, -0.178391357, -0.0482701014, 0.191339866, -0.980255365, -0.471801758, -0.869262695, -0.146484375, -0.880228914, 0.455601765, 0.132268784, 0, 1, 1, 1, 
157.6793, 9, 0.1, 0.1, 0.00745858641, 0.381051807, -0.0349776531, 0.915272551, -0.402835149, -7.27589775e-007, 0.402835148, 0.915272549, -6.76285096e-005, 2.79090837e-005, 6.16054198e-005, 0.999999998, 0.915272471, -0.402835331, 6.35126859e-006, 0.402835331, 0.915272469, -5.66867431e-005, 1.70222816e-005, 5.44423308e-005, 0.999999998, 0, 0, 0, 0, 0, 0, 0, 0.225760522, -0.165976392, -0.184667749, -0.0440955505, 0.601426952, -0.797633439, -0.700927734, 0.550292969, 0.453735352, 0.71182885, 0.579184514, 0.397369838, 0, -0, 0, 0, 0, 0, 0, 0.299243164, -0.14096084, -0.178391357, -0.0482701014, 0.191339866, -0.980255365, -0.471801758, -0.869262695, -0.146484375, -0.880228914, 0.455601765, 0.132268784, 0, 1, 1, 1, 
157.679992, 9, 0.1, 0.1, 0.00745859073, 0.381051829, -0.034988614, 0.915272964, -0.40283421, -2.05556873e-005, 0.402834209, 0.915272964, -4.69505521e-005, 3.77273534e-005, 3.4692037e-005, 0.999999999, 0.915272878, -0.402834406, -1.81724115e-005, 0.402834404, 0.915272877, -5.90884154e-005, 4.04355621e-005, 4.67615515e-005, 0.999999998, 0, 0, 0, 0, 0, 0, 0, 0.225760522, -0.165976392, -0.184667749, -0.0440955505, 0.601426952, -0.797633439, -0.700927734, 0.550292969, 0.453735352, 0.71182885, 0.579184514, 0.397369838, 0, -0, 0, 0, 0, 0, 0, 0.299243164, -0.14096084, -0.178391357, -0.0482701014, 0.191339866, -0.980255365, -0.471801758, -0.869262695, -0.146484375, -0.880228914, 0.455601765, 0.132268784, 0, 1, 1, 1, 
157.680685, 9, 0.1, 0.1, 0.00745859537, 0.381051828, -0.0349931004, 0.915273417, -0.402833182, -8.29752418e-006, 0.402833182, 0.915273416, 2.99041994e-005, -4.45190052e-006, -3.07130369e-005, 1, 0.915273319, -0.402833405, -1.37277166e-005, 0.402833405, 0.915273319, 1.60574776e-005, 6.09612438e-006, -2.02269637e-005, 1, 0, 0, 0, 0, 0, 0, 0, 0.225760522, -0.165976392, -0.184667749, -0.0440955505, 0.601426952, -0.797633439, -0.700927734, 0.550292969, 0.453735352, 0.71182885, 0.579184514, 0.397369838, 0, -0, 0, 0, 0, 0, 0, 0.299243164, -0.14096084, -0.178391357, -0.0482701014, 0.191339866, -0.980255365, -0.471801758, -0.869262695, -0.146484375, -0.880228914, 0.455601765, 0.132268784, 0, 1, 1, 1, 
157.681378, 9, 0.1, 0.1, 0.00745859262, 0.381051809, -0.0349905529, 0.915273888, -0.40283211, 1.31836343e-005, 0.402832109, 0.915273887, 5.82840762e-005, -3.55453336e-005, -4.80351018e-005, 0.999999998, 0.915273797, -0.402832318, 9.78600097e-006, 0.402832317, 0.915273796, 5.88337152e-005, -3.26569921e-005, -4.99068404e-005, 0.999999998, 0, 0, 0, 0, 0, 0, 0, 0.225760522, -0.165976392, -0.184667749, -0.0440955505, 0.601426952, -0.797633439, -0.700927734, 0.550292969, 0.453735352, 0.71182885, 0.579184514, 0.397369838, 0, -0, 0, 0, 0, 0, 0, 0.299243164, -0.14096084, -0.178391357, -0.0482701014, 0.191339866, -0.980255365, -0.471801758, -0.869262695, -0.146484375, -0.880228914, 0.455601765, 0.132268784, 0, 1, 1, 1, 
157.682087, 9, 0.1, 0.1, 0.00745858605, 0.381051798, -0.0349819293, 0.915274363, -0.402831033, 1.39558084e-005, 0.402831033, 0.915274363, 3.81874232e-008, -1.27887767e-005, 5.58688074e-006, 1, 0.915274269, -0.402831245, 1.74209865e-005, 0.402831244, 0.915274269, 1.88646761e-005, -2.35442616e-005, -1.02486349e-005, 1, 0, 0, 0, 0, 0, 0, 0, 0.225923584, -0.165966382, -0.184662378, -0.0451877706, 0.601535537, -0.797557055, -0.702270508, 0.548706055, 0.453613281, 0.710395146, 0.580650419, 0.397852107, 0, -0, 0, 0, 0, 0, 0, 0.299243164, -0.14096084, -0.178391357, -0.0482701014, 0.191339866, -0.980255365, -0.471801758, -0.869262695, -0.146484375, -0.880228914, 0.455601765, 0.132268784, 0, 1, 1, 1, 
157.682792, 9, 0.1, 0.1, 0.00745858647, 0.381051805, -0.0349704097, 0.915274866, -0.402829889, -5.46628417e-006, 0.402829888, 0.915274866, -1.62686282e-005, 1.15566422e-005, 1.26882839e-005, 1, 0.91527477, -0.402830107, -6.51731793e-006, 0.402830106, 0.91527477, -2.71180763e-005, 1.68891142e-005, 2.21951191e-005, 1, 0, 0, 0, 0, 0, 0, 0, 0.225923584, -0.165966382, -0.184662378, -0.0451877706, 0.601535537, -0.797557055, -0.702270508, 0.548706055, 0.453613281, 0.710395146, 0.580650419, 0.397852107, 0, -0, 0, 0, 0, 0, 0, 0.299675977, -0.141027979, -0.178183252, -0.0481680229, 0.190924256, -0.980325727, -0.469970703, -0.870361328, -0.146362305, -0.881200127, 0.453716942, 0.131770418, 0, 1, 1, 1, 
157.683482, 9, 0.1, 0.1, 0.00745858155, 0.3810518, -0.03496008, 0.915275372, -0.402828739, 1.92690932e-005, 0.402828739, 0.915275372, 4.70288984e-006, -1.95309857e-005, 3.45770527e-006, 1, 0.91527527, -0.40282897, 2.0373542e-005, 0.40282897, 0.915275271, 1.77668869e-005, -2.58044159e-005, -8.05453928e-006, 1, 0, 0, 0, 0, 0, 0, 0, 0.225923584, -0.165966382, -0.184662378, -0.0451877706, 0.601535537, -0.797557055, -0.702270508, 0.548706055, 0.453613281, 0.710395146, 0.580650419, 0.397852107, 0, -0, 0, 0, 0, 0, 0, 0.299675977, -0.141027979, -0.178183252, -0.0481680229, 0.190924256, -0.980325727, -0.469970703, -0.870361328, -0.146362305, -0.881200127, 0.453716942, 0.131770418, 0, 1, 1, 1, 
157.684173, 9, 0.1, 0.1, 0.00745858718, 0.381051801, -0.03495357, 0.915275931, -0.40282747, -2.374407e-005, 0.40282747, 0.915275931, -3.12482594e-006, 2.29911415e-005, -6.70468567e-006, 1, 0.91527582, -0.40282772, -3.12489806e-005, 0.40282772, 0.915275821, -1.14638811e-006, 2.90632333e-005, -1.15386943e-005, 1, 0, 0, 0, 0, 0, 0, 0, 0.225923584, -0.165966382, -0.184662378, -0.0451877706, 0.601535537, -0.797557055, -0.702270508, 0.548706055, 0.453613281, 0.710395146, 0.580650419, 0.397852107, 0, -0, 0, 0, 0, 0, 0, 0.299675977, -0.141027979, -0.178183252, -0.0481680229, 0.190924256, -0.980325727, -0.469970703, -0.870361328, -0.146362305, -0.881200127, 0.453716942, 0.131770418, 0, 1, 1, 1, 
157.684895, 9, 0.1, 0.1, 0.00745858027, 0.381051798, -0.0349519798, 0.915276389, -0.402826428, 1.97993614e-005, 0.402826428, 0.915276389, 2.11256768e-005, -2.66318689e-005, -1.13601271e-005, 1, 0.915276317, -0.402826591, 2.68052967e-005, 0.402826591, 0.915276318, 2.00925597e-005, -3.26280706e-005, -7.59235774e-006, 0.999999999, 0, 0, 0, 0, 0, 0, 0, 0.226311963, -0.165724341, -0.184424976, -0.0462167112, 0.601802881, -0.797321912, -0.704101562, 0.546508789, 0.453369141, 0.708580643, 0.582338363, 0.398556416, 0, -0, 0, 0, 0, 0, 0, 0.300328369, -0.140872363, -0.177980273, -0.0478552239, 0.190879047, -0.98035781, -0.466674805, -0.871948242, -0.146972656, -0.883008391, 0.450643623, 0.130907847, 0, 1, 1, 1, 
157.685592, 9, 0.1, 0.1, 0.00745858436, 0.3810518, -0.0349555837, 0.915276704, -0.402825711, -2.35893931e-005, 0.402825711, 0.915276705, -5.73658e-006, 2.39016639e-005, -4.251856e-006, 1, 0.915276639, -0.402825859, -2.30172378e-005, 0.402825859, 0.91527664, -1.77901216e-005, 2.8233461e-005, 7.01094412e-006, 1, 0, 0, 0, 0, 0, 0, 0, 0.226311963, -0.165724341, -0.184424976, -0.0462167112, 0.601802881, -0.797321912, -0.704101562, 0.546508789, 0.453369141, 0.708580643, 0.582338363, 0.398556416, 0, -0, 0, 0, 0, 0, 0, 0.300328369, -0.140872363, -0.177980273, -0.0478552239, 0.190879047, -0.98035781, -0.466674805, -0.871948242, -0.146972656, -0.883008391, 0.450643623, 0.130907847, 0, 1, 1, 1, 
157.686285, 9, 0.1, 0.1, 0.00745858018, 0.3810518, -0.0349630218, 0.91527708, -0.402824859, 2.04727286e-005, 0.402824859, 0.91527708, -1.05800921e-006, -1.83120269e-005, 9.2152956e-006, 1, 0.915277005, -0.40282503, 2.4722118e-005, 0.40282503, 0.915277005, -2.01647408e-006, -2.18152999e-005, 1.18043203e-005, 1, 0, 0, 0, 0, 0, 0, 0, 0.226311963, -0.165724341, -0.184424976, -0.0462167112, 0.601802881, -0.797321912, -0.704101562, 0.546508789, 0.453369141, 0.708580643, 0.582338363, 0.398556416, 0, -0, 0, 0, 0, 0, 0, 0.300328369, -0.140872363, -0.177980273, -0.0478552239, 0.190879047, -0.98035781, -0.466674805, -0.871948242, -0.146972656, -0.883008391, 0.450643623, 0.130907847, 0, 1, 1, 1, 
157.686977, 9, 0.1, 0.1, 0.00745858567, 0.381051796, -0.0349716771, 0.915277432, -0.402824058, -2.56733533e-005, 0.402824059, 0.915277432, 9.87892209e-006, 1.95187734e-005, -1.93837988e-005, 1, 0.915277366, -0.402824207, -2.82313867e-005, 0.402824208, 0.915277366, 1.28572747e-005, 2.06603278e-005, -2.31402585e-005, 1, 0, 0, 0, 0, 0, 0, 0, 0.226311963, -0.165724341, -0.184424976, -0.0462167112, 0.601802881, -0.797321912, -0.704101562, 0.546508789, 0.453369141, 0.708580643, 0.582338363, 0.398556416, 0, -0, 0, 0, 0, 0, 0, 0.300328369, -0.140872363, -0.177980273, -0.0478552239, 0.190879047, -0.98035781, -0.466674805, -0.871948242, -0.146972656, -0.883008391, 0.450643623, 0.130907847, 0, 1, 1, 1, 
157.687671, 9, 0.1, 0.1, 0.00745858189, 0.381051796, -0.0349789475, 0.915277697, -0.402823457, 2.90890052e-005, 0.402823457, 0.915277697, -3.99689803e-007, -2.64635133e-005, 1.20835608e-005, 1, 0.915277653, -0.402823555, 2.45211334e-005, 0.402823555, 0.915277654, -2.65153233e-006, -2.13755458e-005, 1.23045784e-005, 1, 0, 0, 0, 0, 0, 0, 0, 0.226311963, -0.165724341, -0.184424976, -0.0462167112, 0.601802881, -0.797321912, -0.704101562, 0.546508789, 0.453369141, 0.708580643, 0.582338363, 0.398556416, 0, -0, 0, 0, 0, 0, 0, 0.300328369, -0.140872363, -0.177980273, -0.0478552239, 0.190879047, -0.98035781, -0.466674805, -0.871948242, -0.146972656, -0.883008391, 0.450643623, 0.130907847, 0, 1, 1, 1, 
157.688369, 9, 0.1, 0.1, 0.00745857767, 0.381051792, -0.0349829974, 0.915277864, -0.402823077, -1.02994925e-005, 0.402823077, 0.915277864, 1.27940692e-005, 4.27315114e-006, -1.58590016e-005, 1, 0.915277842, -0.402823127, 1.73515266e-006, 0.402823127, 0.915277842, 1.55316706e-005, -7.84466292e-006, -1.35168344e-005, 1, 0, 0, 0, 0, 0, 0, 0, 0.226311963, -0.165724341, -0.184424976, -0.0462167112, 0.601802881, -0.797321912, -0.704101562, 0.546508789, 0.453369141, 0.708580643, 0.582338363, 0.398556416, 0, -0, 0, 0, 0, 0, 0, 0.300328369, -0.140872363, -0.177980273, -0.0478552239, 0.190879047, -0.98035781, -0.466674805, -0.871948242, -0.146972656, -0.883008391, 0.450643623, 0.130907847, 0, 1, 1, 1, 
157.689078, 9, 0.1, 0.1, 0.00745858326, 0.381051793, -0.0349827812, 0.915277915, -0.402822962, -8.27389154e-006, 0.402822962, 0.915277915, -1.65463658e-005, 1.42381663e-005, 1.18116097e-005, 1, 0.915277913, -0.402822966, -1.50627982e-005, 0.402822966, 0.915277913, -1.30922703e-005, 1.90605137e-005, 5.91542478e-006, 1, 0, 0, 0, 0, 0, 0, 0, 0.226311963, -0.165724341, -0.184424976, -0.0462167112, 0.601802881, -0.797321912, -0.704101562, 0.546508789, 0.453369141, 0.708580643, 0.582338363, 0.398556416, 0, -0, 0, 0, 0, 0, 0, 0.300328369, -0.140872363, -0.177980273, -0.0478552239, 0.190879047, -0.98035781, -0.466674805, -0.871948242, -0.146972656, -0.883008391, 0.450643623, 0.130907847, 0, 1, 1, 1, 
157.689797, 9, 0.1, 0.1, 0.00745857918, 0.381051793, -0.034978309, 0.91527786, -0.402823086, 1.15812132e-005, 0.402823086, 0.91527786, 9.73012273e-006, -1.45195461e-005, -4.24058587e-006, 1, 0.915277877, -0.402823047, 1.45409735e-005, 0.402823047, 0.915277877, 6.52851265e-006, -1.59388668e-005, -1.17963924e-007, 1, 0, 0, 0, 0, 0, 0, 0, 0.226130103, -0.165770483, -0.183787109, -0.0453918352, 0.600876533, -0.797943845, -0.704345703, 0.547241211, 0.452148438, 0.708326404, 0.582732266, 0.398531329, 0, -0, 0, 0, 0, 0, 0, 0.30016958, -0.140715771, -0.177357666, -0.0466860506, 0.190093035, -0.980556137, -0.465698242, -0.872558594, -0.146972656, -0.883621962, 0.449947296, 0.129291347, 0, 1, 1, 1, 
157.690497, 9, 0.1, 0.1, 0.00745857912, 0.381051794, -0.0349716138, 0.915277761, -0.402823312, 6.65064543e-007, 0.402823312, 0.915277761, -3.45813426e-006, 7.84298313e-007, 3.43305689e-006, 1, 0.915277781, -0.402823265, -3.81786263e-006, 0.402823265, 0.915277781, -6.29651363e-006, 6.03078702e-006, 4.22513514e-006, 1, 0, 0, 0, 0, 0, 0, 0, 0.226130103, -0.165770483, -0.183787109, -0.0453918352, 0.600876533, -0.797943845, -0.704345703, 0.547241211, 0.452148438, 0.708326404, 0.582732266, 0.398531329, 0, -0, 0, 0, 0, 0, 0, 0.30016958, -0.140715771, -0.177357666, -0.0466860506, 0.190093035, -0.980556137, -0.465698242, -0.872558594, -0.146972656, -0.883621962, 0.449947296, 0.129291347, 0, 1, 1, 1, 
157.691194, 9, 0.1, 0.1, 0.00745857726, 0.381051792, -0.034964877, 0.915277674, -0.40282351, -1.17113071e-005, 0.40282351, 0.915277674, 1.41383697e-006, 1.01495711e-005, -6.01164324e-006, 1, 0.915277685, -0.402823484, 3.83209477e-006, 0.402823484, 0.915277685, 5.68706973e-007, -3.73651936e-006, 1.02313296e-006, 1, 0, 0, 0, 0, 0, 0, 0, 0.226130103, -0.165770483, -0.183787109, -0.0453918352, 0.600876533, -0.797943845, -0.704345703, 0.547241211, 0.452148438, 0.708326404, 0.582732266, 0.398531329, 0, -0, 0, 0, 0, 0, 0, 0.30016958, -0.140715771, -0.177357666, -0.0466860506, 0.190093035, -0.980556137, -0.465698242, -0.872558594, -0.146972656, -0.883621962, 0.449947296, 0.129291347, 0, 1, 1, 1, 
157.69189, 9, 0.1, 0.1, 0.00745857778, 0.381051794, -0.0349600648, 0.915277575, -0.402823734, 1.55842938e-005, 0.402823734, 0.915277575, -7.87668384e-006, -1.10910395e-005, 1.34870755e-005, 1, 0.915277602, -0.402823671, 1.08558133e-005, 0.402823672, 0.915277602, -1.30839345e-005, -4.66556422e-006, 1.63484108e-005, 1, 0, 0, 0, 0, 0, 0, 0, 0.226130103, -0.165770483, -0.183787109, -0.0453918352, 0.600876533, -0.797943845, -0.704345703, 0.547241211, 0.452148438, 0.708326404, 0.582732266, 0.398531329, 0, -0, 0, 0, 0, 0, 0, 0.30016958, -0.140715771, -0.177357666, -0.0466860506, 0.190093035, -0.980556137, -0.465698242, -0.872558594, -0.146972656, -0.883621962, 0.449947296, 0.129291347, 0, 1, 1, 1, 
157.69258, 9, 0.1, 0.1, 0.00745858216, 0.381051791, -0.0349584171, 0.915277385, -0.402824166, -2.48047392e-005, 0.402824166, 0.915277385, 5.69130982e-006, 2.04106197e-005, -1.52010755e-005, 1, 0.915277429, -0.402824065, -2.79565103e-005, 0.402824065, 0.915277429, 1.2229252e-005, 2.06617258e-005, -2.24547135e-005, 1, 0, 0, 0, 0, 0, 0, 0, 0.226130103, -0.165770483, -0.183787109, -0.0453918352, 0.600876533, -0.797943845, -0.704345703, 0.547241211, 0.452148438, 0.708326404, 0.582732266, 0.398531329, 0, -0, 0, 0, 0, 0, 0, 0.30016958, -0.140715771, -0.177357666, -0.0466860506, 0.190093035, -0.980556137, -0.465698242, -0.872558594, -0.146972656, -0.883621962, 0.449947296, 0.129291347, 0, 1, 1, 1, 
157.693274, 9, 0.1, 0.1, 0.00745857741, 0.381051798, -0.0349601591, 0.915277168, -0.402824659, 1.78323308e-005, 0.402824659, 0.915277167, -2.84709372e-005, -4.85272971e-006, 3.32421013e-005, 0.999999999, 0.915277206, -0.402824571, 2.50405347e-005, 0.402824571, 0.915277206, -2.92402979e-005, -1.11403202e-005, 3.68499209e-005, 0.999999999, 0, 0, 0, 0, 0, 0, 0, 0.226130103, -0.165770483, -0.183787109, -0.0453918352, 0.600876533, -0.797943845, -0.704345703, 0.547241211, 0.452148438, 0.708326404, 0.582732266, 0.398531329, 0, -0, 0, 0, 0, 0, 0, 0.30016958, -0.140715771, -0.177357666, -0.0466860506, 0.190093035, -0.980556137, -0.465698242, -0.872558594, -0.146972656, -0.883621962, 0.449947296, 0.129291347, 0, 1, 1, 1, 
157.693968, 9, 0.1, 0.1, 0.0074585809, 0.381051794, -0.0349646608, 0.915277077, -0.402824866, -8.71301054e-006, 0.402824866, 0.915277076, 4.2263469e-005, -9.04995744e-006, -4.21926017e-005, 0.999999999, 0.915277077, -0.402824866, -1.76480434e-005, 0.402824867, 0.915277076, 2.95964475e-005, 4.23066453e-006, -3.41980206e-005, 0.999999999, 0, 0, 0, 0, 0, 0, 0, 0.226130103, -0.165770483, -0.183787109, -0.0453918352, 0.600876533, -0.797943845, -0.704345703, 0.547241211, 0.452148438, 0.708326404, 0.582732266, 0.398531329, 0, -0, 0, 0, 0, 0, 0, 0.30016958, -0.140715771, -0.177357666, -0.0466860506, 0.190093035, -0.980556137, -0.465698242, -0.872558594, -0.146972656, -0.883621962, 0.449947296, 0.129291347, 0, 1, 1, 1, 
