time, trialNum, realDorsalTactorPos, realVentralTactorPos, boxPosX, boxPosY, boxPosZ, boxLocalRot_11, boxLocalRot_12, boxLocalRot_13, boxLocalRot_21, boxLocalRot_22, boxLocalRot_23, boxLocalRot_31, boxLocalRot_32, boxLocalRot_33, boxGlobalRot_11, boxGlobalRot_12, boxGlobalRot_13, boxGlobalRot_21, boxGlobalRot_22, boxGlobalRot_23, boxGlobalRot_31, boxGlobalRot_32, boxGlobalRot_33, indexForceX, indexForceY, indexForceZ, indexForceGlobalX, indexForceGlobalY, indexForceGlobalZ, indexContact, indexPosX, indexPosY, indexPosZ, indexRot_11, indexRot_12, indexRot_13, indexRot_21, indexRot_22, indexRot_23, indexRot_31, indexRot_32, indexRot_33, thumbForceX, thumbForceY, thumbForceZ, thumbForceGlobalX, thumbForceGlobalY, thumbForceGlobalZ, thumbContact, thumbPosX, thumbPosY, thumbPosZ, thumbRot_11, thumbRot_12, thumbRot_13, thumbRot_21, thumbRot_22, thumbRot_23, thumbRot_31, thumbRot_32, thumbRot_33, manipForceTooHigh, cceExpType, mapping, trialSuccess, 
260.604153, 12, 0.1, 0.1, 0.0180765664, 0.352270968, -0.0349703009, 0.980550978, -0.196264565, -3.49630859e-006, 0.196264565, 0.980550977, 4.98247384e-005, -6.35052182e-006, -4.95418975e-005, 0.999999999, 0.980550985, -0.196264529, -1.19163756e-005, 0.196264529, 0.980550984, 4.21549239e-005, 3.4110976e-006, -4.3673814e-005, 0.999999999, 0, 0, 0, 0, 0, 0, 0, 0.249540625, -0.118131323, -0.140911426, -0.133355498, 0.842054877, -0.522407711, -0.692871094, 0.297729492, 0.656616211, 0.708539774, 0.449614764, 0.543986352, 0, 0, 0, 0, 0, 0, 0, 0.318469678, -0.102846045, -0.120553125, -0.153980348, 0.432897135, -0.888164825, 0.112426758, -0.885253906, -0.451049805, -0.9815554, -0.169177677, 0.0875728697, 0, 1, 1, 1, 
260.65371, 12, 0.1, 0.1, 0.0180765873, 0.352270951, -0.0349680644, 0.980528965, -0.196374513, 1.2687911e-005, 0.196374513, 0.980528965, -9.15379138e-006, -1.06432929e-005, 1.14671399e-005, 1, 0.980529031, -0.196374182, 6.98085283e-006, 0.196374182, 0.980529031, -1.08117491e-005, -4.72178049e-006, 1.19720931e-005, 1, 0, 0, 0, 0, 0, 0, 0, 0.251036938, -0.120831616, -0.141547168, -0.108497269, 0.83769798, -0.535129448, -0.696411133, 0.320068359, 0.642333984, 0.709422703, 0.442394945, 0.548720299, 0, 0, 0, 0, 0, 0, 0, 0.32007373, -0.106117383, -0.122062939, -0.138767601, 0.414964714, -0.899129982, 0.102172852, -0.896972656, -0.42980957, -0.984988927, -0.15154636, 0.0821243904, 0, 1, 1, 1, 
260.65441, 12, 0.1, 0.1, 0.0180765889, 0.352270949, -0.0349685916, 0.980528649, -0.19637609, -1.23545727e-005, 0.196376091, 0.980528649, 2.95444306e-006, 1.15338305e-005, -5.32305876e-006, 1, 0.980528711, -0.196375779, -1.42620229e-005, 0.196375779, 0.980528711, 8.78255346e-006, 1.22596421e-005, -1.14122617e-005, 1, 0, 0, 0, 0, 0, 0, 0, 0.251036938, -0.120831616, -0.141547168, -0.108497269, 0.83769798, -0.535129448, -0.696411133, 0.320068359, 0.642333984, 0.709422703, 0.442394945, 0.548720299, 0, 0, 0, 0, 0, 0, 0, 0.32007373, -0.106117383, -0.122062939, -0.138767601, 0.414964714, -0.899129982, 0.102172852, -0.896972656, -0.42980957, -0.984988927, -0.15154636, 0.0821243904, 0, 1, 1, 1, 
260.655139, 12, 0.1, 0.1, 0.0180765858, 0.35227095, -0.0349690554, 0.98052832, -0.196377732, 6.04957993e-006, 0.196377732, 0.98052832, 7.04564729e-006, -7.31539268e-006, -5.72045391e-006, 1, 0.980528382, -0.196377421, 1.4267605e-005, 0.196377421, 0.980528382, -2.84106298e-006, -1.34318711e-005, 5.58757837e-006, 1, 0, 0, 0, 0, 0, 0, 0, 0.251722534, -0.121340723, -0.141210669, -0.108035217, 0.836334668, -0.537368932, -0.698974609, 0.32043457, 0.639282227, 0.706877683, 0.444711935, 0.550187326, 0, 0, 0, 0, 0, 0, 0, 0.320689404, -0.106504932, -0.121330371, -0.136179888, 0.412523922, -0.900683049, 0.103881836, -0.898071289, -0.427124023, -0.985085176, -0.151680155, 0.0793835595, 0, 1, 1, 1, 
260.655837, 12, 0.1, 0.1, 0.0180765875, 0.35227095, -0.0349695251, 0.980528003, -0.196379313, 8.70446333e-006, 0.196379313, 0.980528003, -1.00641911e-005, -6.55857111e-006, 1.15775977e-005, 1, 0.980528066, -0.196379001, -2.61133419e-006, 0.196379001, 0.980528066, -7.21078834e-006, 3.97653388e-006, 6.55756915e-006, 1, 0, 0, 0, 0, 0, 0, 0, 0.251722534, -0.121340723, -0.141210669, -0.108035217, 0.836334668, -0.537368932, -0.698974609, 0.32043457, 0.639282227, 0.706877683, 0.444711935, 0.550187326, 0, 0, 0, 0, 0, 0, 0, 0.320689404, -0.106504932, -0.121330371, -0.136179888, 0.412523922, -0.900683049, 0.103881836, -0.898071289, -0.427124023, -0.985085176, -0.151680155, 0.0793835595, 0, 1, 1, 1, 
260.656534, 12, 0.1, 0.1, 0.0180765872, 0.352270948, -0.0349699712, 0.980527689, -0.196380881, -1.41063297e-005, 0.196380882, 0.980527689, 7.60767473e-006, 1.2337645e-005, -1.02297492e-005, 1, 0.980527751, -0.196380574, -8.84891034e-006, 0.196380574, 0.980527751, 9.34472426e-006, 6.84147985e-006, -1.09005155e-005, 1, 0, 0, 0, 0, 0, 0, 0, 0.251722534, -0.121340723, -0.141210669, -0.108035217, 0.836334668, -0.537368932, -0.698974609, 0.32043457, 0.639282227, 0.706877683, 0.444711935, 0.550187326, 0, 0, 0, 0, 0, 0, 0, 0.320689404, -0.106504932, -0.121330371, -0.136179888, 0.412523922, -0.900683049, 0.103881836, -0.898071289, -0.427124023, -0.985085176, -0.151680155, 0.0793835595, 0, 1, 1, 1, 
260.657236, 12, 0.1, 0.1, 0.0180765866, 0.35227095, -0.0349702369, 0.980527374, -0.196382455, 9.68523128e-006, 0.196382455, 0.980527374, -2.99556804e-006, -8.90835738e-006, 4.83924596e-006, 1, 0.980527436, -0.196382144, 1.12869678e-005, 0.196382144, 0.980527436, -8.93852215e-006, -9.31181549e-006, 1.09810252e-005, 1, 0, 0, 0, 0, 0, 0, 0, 0.251722534, -0.121340723, -0.141210669, -0.108035217, 0.836334668, -0.537368932, -0.698974609, 0.32043457, 0.639282227, 0.706877683, 0.444711935, 0.550187326, 0, 0, 0, 0, 0, 0, 0, 0.320689404, -0.106504932, -0.121330371, -0.136179888, 0.412523922, -0.900683049, 0.103881836, -0.898071289, -0.427124023, -0.985085176, -0.151680155, 0.0793835595, 0, 1, 1, 1, 
260.657936, 12, 0.1, 0.1, 0.0180765896, 0.352270948, -0.0349702428, 0.980527062, -0.196384014, -5.09329565e-006, 0.196384014, 0.980527062, -5.97644925e-006, 6.16779331e-006, 4.85982838e-006, 1, 0.980527123, -0.19638371, -1.31814737e-005, 0.19638371, 0.980527123, 3.15444154e-006, 1.23053115e-005, -5.68164219e-006, 1, 0, 0, 0, 0, 0, 0, 0, 0.251722534, -0.121340723, -0.141210669, -0.108035217, 0.836334668, -0.537368932, -0.698974609, 0.32043457, 0.639282227, 0.706877683, 0.444711935, 0.550187326, 0, 0, 0, 0, 0, 0, 0, 0.320689404, -0.106504932, -0.121330371, -0.136179888, 0.412523922, -0.900683049, 0.103881836, -0.898071289, -0.427124023, -0.985085176, -0.151680155, 0.0793835595, 0, 1, 1, 1, 
260.65864, 12, 0.1, 0.1, 0.0180765879, 0.352270948, -0.0349700018, 0.980526748, -0.196385581, -8.1850676e-006, 0.196385581, 0.980526748, 1.13298211e-005, 5.80066422e-006, -1.27166219e-005, 1, 0.980526811, -0.196385264, 3.37294819e-006, 0.196385264, 0.980526811, 8.5521384e-006, -4.98678009e-006, -7.72320368e-006, 1, 0, 0, 0, 0, 0, 0, 0, 0.251722534, -0.121340723, -0.141210669, -0.108035217, 0.836334668, -0.537368932, -0.698974609, 0.32043457, 0.639282227, 0.706877683, 0.444711935, 0.550187326, 0, 0, 0, 0, 0, 0, 0, 0.320689404, -0.106504932, -0.121330371, -0.136179888, 0.412523922, -0.900683049, 0.103881836, -0.898071289, -0.427124023, -0.985085176, -0.151680155, 0.0793835595, 0, 1, 1, 1, 
260.659354, 12, 0.1, 0.1, 0.0180765883, 0.352270948, -0.0349695213, 0.980526429, -0.196387173, 1.43249741e-005, 0.196387173, 0.980526429, -7.89025055e-006, -1.24964717e-005, 1.05498404e-005, 1, 0.980526497, -0.196386835, 8.75876295e-006, 0.196386835, 0.980526497, -9.48451819e-006, -6.72556464e-006, 1.10199271e-005, 1, 0, 0, 0, 0, 0, 0, 0, 0.251722534, -0.121340723, -0.141210669, -0.108594992, 0.835897703, -0.53794556, -0.701660156, 0.318847656, 0.637084961, 0.704123728, 0.446635022, 0.552008942, 0, 0, 0, 0, 0, 0, 0, 0.320689404, -0.106504932, -0.121330371, -0.136179888, 0.412523922, -0.900683049, 0.103881836, -0.898071289, -0.427124023, -0.985085176, -0.151680155, 0.0793835595, 0, 1, 1, 1, 
260.660067, 12, 0.1, 0.1, 0.0180765896, 0.352270946, -0.0349687747, 0.980526112, -0.196388757, -1.20957131e-005, 0.196388757, 0.980526112, 2.30189628e-006, 1.1408096e-005, -4.63253147e-006, 1, 0.980526173, -0.196388452, -1.38978256e-005, 0.196388452, 0.980526173, 8.51424559e-006, 1.19550822e-005, -1.10778131e-005, 1, 0, 0, 0, 0, 0, 0, 0, 0.252132031, -0.121357202, -0.141011353, -0.108594992, 0.835897703, -0.53794556, -0.701660156, 0.318847656, 0.637084961, 0.704123728, 0.446635022, 0.552008942, 0, 0, 0, 0, 0, 0, 0, 0.321204004, -0.106423779, -0.120969336, -0.135221435, 0.411200898, -0.901328703, 0.107299805, -0.89831543, -0.42590332, -0.984861696, -0.154274064, 0.0773518152, 0, 1, 1, 1, 
260.660773, 12, 0.1, 0.1, 0.0180765872, 0.352270948, -0.0349682739, 0.980525797, -0.196390329, 3.92637535e-006, 0.196390329, 0.980525797, 7.190771e-006, -5.26211021e-006, -6.27963432e-006, 1, 0.980525862, -0.196390003, 1.27203402e-005, 0.196390003, 0.980525862, -3.57737314e-006, -1.17700622e-005, 6.00585453e-006, 1, 0, 0, 0, 0, 0, 0, 0, 0.252132031, -0.121357202, -0.141011353, -0.108594992, 0.835897703, -0.53794556, -0.701660156, 0.318847656, 0.637084961, 0.704123728, 0.446635022, 0.552008942, 0, 0, 0, 0, 0, 0, 0, 0.321204004, -0.106423779, -0.120969336, -0.135221435, 0.411200898, -0.901328703, 0.107299805, -0.89831543, -0.42590332, -0.984861696, -0.154274064, 0.0773518152, 0, 1, 1, 1, 
260.661469, 12, 0.1, 0.1, 0.0180765891, 0.352270947, -0.0349681148, 0.980525483, -0.196391895, 9.82411408e-006, 0.196391895, 0.980525483, -1.03529549e-005, -7.59955777e-006, 1.20807125e-005, 1, 0.980525547, -0.196391578, -2.85572715e-006, 0.196391578, 0.980525547, -7.50908372e-006, 4.27483423e-006, 6.80200766e-006, 1, 0, 0, 0, 0, 0, 0, 0, 0.252132031, -0.121357202, -0.141011353, -0.108594992, 0.835897703, -0.53794556, -0.701660156, 0.318847656, 0.637084961, 0.704123728, 0.446635022, 0.552008942, 0, 0, 0, 0, 0, 0, 0, 0.321204004, -0.106423779, -0.120969336, -0.135221435, 0.411200898, -0.901328703, 0.107299805, -0.89831543, -0.42590332, -0.984861696, -0.154274064, 0.0773518152, 0, 1, 1, 1, 
260.662169, 12, 0.1, 0.1, 0.0180765881, 0.352270946, -0.0349683531, 0.980525167, -0.196393475, -1.25102318e-005, 0.196393475, 0.980525167, 9.25793951e-006, 1.04483983e-005, -1.15345706e-005, 1, 0.98052523, -0.196393161, -7.06682912e-006, 0.196393161, 0.98052523, 1.08936454e-005, 4.78976679e-006, -1.2069371e-005, 1, 0, 0, 0, 0, 0, 0, 0, 0.252132031, -0.121357202, -0.141011353, -0.108594992, 0.835897703, -0.53794556, -0.701660156, 0.318847656, 0.637084961, 0.704123728, 0.446635022, 0.552008942, 0, 0, 0, 0, 0, 0, 0, 0.321204004, -0.106423779, -0.120969336, -0.135221435, 0.411200898, -0.901328703, 0.107299805, -0.89831543, -0.42590332, -0.984861696, -0.154274064, 0.0773518152, 0, 1, 1, 1, 
260.66287, 12, 0.1, 0.1, 0.0180765868, 0.352270948, -0.0349689029, 0.980524849, -0.19639506, 1.18713938e-005, 0.19639506, 0.980524849, -2.9478483e-006, -1.10612538e-005, 5.22192161e-006, 1, 0.980524912, -0.196394746, 1.38471382e-005, 0.196394746, 0.980524912, -8.65393349e-006, -1.18778769e-005, 1.12049026e-005, 1, 0, 0, 0, 0, 0, 0, 0, 0.252132031, -0.121357202, -0.141011353, -0.108594992, 0.835897703, -0.53794556, -0.701660156, 0.318847656, 0.637084961, 0.704123728, 0.446635022, 0.552008942, 0, 0, 0, 0, 0, 0, 0, 0.321204004, -0.106423779, -0.120969336, -0.135221435, 0.411200898, -0.901328703, 0.107299805, -0.89831543, -0.42590332, -0.984861696, -0.154274064, 0.0773518152, 0, 1, 1, 1, 
260.663567, 12, 0.1, 0.1, 0.0180765896, 0.352270946, -0.0349695647, 0.980524535, -0.196396628, -5.46260416e-006, 0.196396628, 0.980524535, -7.69938988e-006, 6.86835162e-006, 6.47660364e-006, 1, 0.980524597, -0.19639632, -1.33434497e-005, 0.19639632, 0.980524597, 1.99526519e-006, 1.26917179e-005, -4.57701101e-006, 1, 0, 0, 0, 0, 0, 0, 0, 0.252132031, -0.121357202, -0.141011353, -0.108594992, 0.835897703, -0.53794556, -0.701660156, 0.318847656, 0.637084961, 0.704123728, 0.446635022, 0.552008942, 0, 0, 0, 0, 0, 0, 0, 0.321204004, -0.106423779, -0.120969336, -0.135221435, 0.411200898, -0.901328703, 0.107299805, -0.89831543, -0.42590332, -0.984861696, -0.154274064, 0.0773518152, 0, 1, 1, 1, 
260.664285, 12, 0.1, 0.1, 0.0180765881, 0.352270946, -0.034970072, 0.98052421, -0.196398253, -9.36404294e-006, 0.196398253, 0.98052421, 9.87234587e-006, 7.24275932e-006, -1.15191558e-005, 1, 0.980524274, -0.196397932, 2.20930734e-006, 0.196397932, 0.980524274, 6.99030823e-006, -3.53916155e-006, -6.42026351e-006, 1, 0, 0, 0, 0, 0, 0, 0, 0.252366992, -0.121832983, -0.140837061, -0.108259499, 0.835244691, -0.53897937, -0.703491211, 0.318725586, 0.635131836, 0.702340304, 0.447974369, 0.553285009, 0, 0, 0, 0, 0, 0, 0, 0.321204004, -0.106423779, -0.120969336, -0.135221435, 0.411200898, -0.901328703, 0.107299805, -0.89831543, -0.42590332, -0.984861696, -0.154274064, 0.0773518152, 0, 1, 1, 1, 
260.665, 12, 0.1, 0.1, 0.0180765891, 0.352270947, -0.0349700468, 0.980523887, -0.196399864, 1.29343282e-005, 0.196399864, 0.980523887, -7.67468588e-006, -1.11751105e-005, 1.00655131e-005, 1, 0.98052395, -0.196399551, 7.66187302e-006, 0.196399551, 0.98052395, -9.5003483e-006, -5.64678585e-006, 1.08201075e-005, 1, 0, 0, 0, 0, 0, 0, 0, 0.252366992, -0.121832983, -0.140837061, -0.108259499, 0.835244691, -0.53897937, -0.703491211, 0.318725586, 0.635131836, 0.702340304, 0.447974369, 0.553285009, 0, 0, 0, 0, 0, 0, 0, 0.321540039, -0.106753467, -0.12040166, -0.133496293, 0.409795118, -0.902217161, 0.109008789, -0.898803711, -0.424438477, -0.984925861, -0.154912789, 0.0752945512, 0, 1, 1, 1, 
260.665699, 12, 0.1, 0.1, 0.0180765903, 0.352270945, -0.0349698739, 0.980523574, -0.196401427, -1.08807973e-005, 0.196401427, 0.980523574, 2.92642997e-006, 1.00941232e-005, -5.0064377e-006, 1, 0.980523637, -0.196401114, -1.25911584e-005, 0.196401114, 0.980523637, 8.97715327e-006, 1.05828055e-005, -1.12752285e-005, 1, 0, 0, 0, 0, 0, 0, 0, 0.252366992, -0.121832983, -0.140837061, -0.108259499, 0.835244691, -0.53897937, -0.703491211, 0.318725586, 0.635131836, 0.702340304, 0.447974369, 0.553285009, 0, 0, 0, 0, 0, 0, 0, 0.321540039, -0.106753467, -0.12040166, -0.133496293, 0.409795118, -0.902217161, 0.109008789, -0.898803711, -0.424438477, -0.984925861, -0.154912789, 0.0752945512, 0, 1, 1, 1, 
260.666396, 12, 0.1, 0.1, 0.0180765878, 0.352270946, -0.0349695987, 0.980523262, -0.196402984, 4.37715158e-006, 0.196402984, 0.980523262, 6.32598818e-006, -5.5343419e-006, -5.34309294e-006, 1, 0.980523323, -0.196402678, 1.2569271e-005, 0.196402678, 0.980523323, -3.06771506e-006, -1.17219559e-005, 5.47660465e-006, 1, 0, 0, 0, 0, 0, 0, 0, 0.252366992, -0.121832983, -0.140837061, -0.108259499, 0.835244691, -0.53897937, -0.703491211, 0.318725586, 0.635131836, 0.702340304, 0.447974369, 0.553285009, 0, 0, 0, 0, 0, 0, 0, 0.321540039, -0.106753467, -0.12040166, -0.133496293, 0.409795118, -0.902217161, 0.109008789, -0.898803711, -0.424438477, -0.984925861, -0.154912789, 0.0752945512, 0, 1, 1, 1, 
260.667118, 12, 0.1, 0.1, 0.0180765903, 0.352270946, -0.0349690626, 0.980522937, -0.196404607, 7.48741638e-006, 0.196404607, 0.980522937, -1.15908909e-005, -5.06507913e-006, 1.28356975e-005, 1, 0.980523, -0.196404293, -4.40588158e-006, 0.196404293, 0.980523, -8.82562695e-006, 6.05345925e-006, 7.78839615e-006, 1, 0, 0, 0, 0, 0, 0, 0, 0.252499536, -0.121865088, -0.141105713, -0.109954556, 0.834484217, -0.539861534, -0.704589844, 0.317626953, 0.634521484, 0.70100208, 0.450195879, 0.553177546, 0, 0, 0, 0, 0, 0, 0, 0.321510254, -0.106870166, -0.120439746, -0.134007419, 0.408465897, -0.902849688, 0.110351563, -0.899169922, -0.423217773, -0.984734097, -0.156279922, 0.0754735553, 0, 1, 1, 1, 
260.66782, 12, 0.1, 0.1, 0.0180765902, 0.352270945, -0.0349686309, 0.98052262, -0.196406188, -1.46087436e-005, 0.196406189, 0.98052262, 8.66216361e-006, 1.26229011e-005, -1.1362695e-005, 1, 0.980522684, -0.196405872, -9.45705678e-006, 0.196405872, 0.980522684, 1.01682639e-005, 7.27575195e-006, -1.18276349e-005, 1, 0, 0, 0, 0, 0, 0, 0, 0.252499536, -0.121865088, -0.141105713, -0.109954556, 0.834484217, -0.539861534, -0.704589844, 0.317626953, 0.634521484, 0.70100208, 0.450195879, 0.553177546, 0, 0, 0, 0, 0, 0, 0, 0.321510254, -0.106870166, -0.120439746, -0.134007419, 0.408465897, -0.902849688, 0.110351563, -0.899169922, -0.423217773, -0.984734097, -0.156279922, 0.0754735553, 0, 1, 1, 1, 
260.668515, 12, 0.1, 0.1, 0.0180765891, 0.352270946, -0.034968481, 0.980522308, -0.196407749, 1.2114501e-005, 0.196407749, 0.980522308, -1.15161832e-006, -1.16523517e-005, 3.50856933e-006, 1, 0.98052237, -0.19640744, 1.36817392e-005, 0.19640744, 0.98052237, -7.30408242e-006, -1.19806752e-005, 9.84901157e-006, 1, 0, 0, 0, 0, 0, 0, 0, 0.252499536, -0.121865088, -0.141105713, -0.109954556, 0.834484217, -0.539861534, -0.704589844, 0.317626953, 0.634521484, 0.70100208, 0.450195879, 0.553177546, 0, 0, 0, 0, 0, 0, 0, 0.321510254, -0.106870166, -0.120439746, -0.134007419, 0.408465897, -0.902849688, 0.110351563, -0.899169922, -0.423217773, -0.984734097, -0.156279922, 0.0754735553, 0, 1, 1, 1, 
260.669217, 12, 0.1, 0.1, 0.0180765917, 0.352270944, -0.0349686181, 0.980521991, -0.196409331, -4.34844111e-006, 0.196409331, 0.980521991, -5.52085905e-006, 5.34809036e-006, 4.5592493e-006, 1, 0.980522052, -0.196409026, -1.25451134e-005, 0.196409026, 0.980522052, 4.4951911e-006, 1.14178642e-005, -6.8716075e-006, 1, 0, 0, 0, 0, 0, 0, 0, 0.252499536, -0.121865088, -0.141105713, -0.109954556, 0.834484217, -0.539861534, -0.704589844, 0.317626953, 0.634521484, 0.70100208, 0.450195879, 0.553177546, 0, 0, 0, 0, 0, 0, 0, 0.321510254, -0.106870166, -0.120439746, -0.134007419, 0.408465897, -0.902849688, 0.110351563, -0.899169922, -0.423217773, -0.984734097, -0.156279922, 0.0754735553, 0, 1, 1, 1, 
260.669918, 12, 0.1, 0.1, 0.0180765897, 0.352270944, -0.0349690072, 0.980521672, -0.196410921, -8.26837904e-006, 0.196410922, 0.980521672, 1.00723533e-005, 6.12900465e-006, -1.15001606e-005, 1, 0.980521737, -0.196410601, 3.8492146e-006, 0.196410601, 0.980521737, 7.57809631e-006, -5.26265703e-006, -6.6744616e-006, 1, 0, 0, 0, 0, 0, 0, 0, 0.252499536, -0.121865088, -0.141105713, -0.109954556, 0.834484217, -0.539861534, -0.704589844, 0.317626953, 0.634521484, 0.70100208, 0.450195879, 0.553177546, 0, 0, 0, 0, 0, 0, 0, 0.321510254, -0.106870166, -0.120439746, -0.134007419, 0.408465897, -0.902849688, 0.110351563, -0.899169922, -0.423217773, -0.984734097, -0.156279922, 0.0754735553, 0, 1, 1, 1, 
260.670618, 12, 0.1, 0.1, 0.0180765902, 0.352270945, -0.0349694924, 0.980521356, -0.196412501, 1.37597838e-005, 0.196412502, 0.980521356, -9.77357705e-006, -1.15721092e-005, 1.22857946e-005, 1, 0.980521419, -0.196412188, 8.5699786e-006, 0.196412188, 0.980521419, -1.12312414e-005, -6.19709487e-006, 1.2695721e-005, 1, 0, 0, 0, 0, 0, 0, 0, 0.252499536, -0.121865088, -0.141105713, -0.109954556, 0.834484217, -0.539861534, -0.704589844, 0.317626953, 0.634521484, 0.70100208, 0.450195879, 0.553177546, 0, 0, 0, 0, 0, 0, 0, 0.321510254, -0.106870166, -0.120439746, -0.134007419, 0.408465897, -0.902849688, 0.110351563, -0.899169922, -0.423217773, -0.984734097, -0.156279922, 0.0754735553, 0, 1, 1, 1, 
260.671333, 12, 0.1, 0.1, 0.0180765913, 0.352270943, -0.0349698734, 0.980521032, -0.196414119, -1.04804813e-005, 0.196414119, 0.980521032, 1.64793631e-006, 9.95265435e-006, -3.67435071e-006, 1, 0.9805211, -0.196413778, -1.23284052e-005, 0.196413778, 0.9805211, 7.61213683e-006, 1.05931328e-005, -9.88532942e-006, 1, 0, 0, 0, 0, 0, 0, 0, 0.252499536, -0.121865088, -0.141105713, -0.112005325, 0.833679558, -0.54068641, -0.706176758, 0.316040039, 0.633544922, 0.698978643, 0.452918755, 0.553431786, 0, 0, 0, 0, 0, 0, 0, 0.321510254, -0.106870166, -0.120439746, -0.134007419, 0.408465897, -0.902849688, 0.110351563, -0.899169922, -0.423217773, -0.984734097, -0.156279922, 0.0754735553, 0, 1, 1, 1, 
260.67205, 12, 0.1, 0.1, 0.0180765882, 0.352270945, -0.0349697964, 0.980520709, -0.196415733, 5.75537399e-006, 0.196415733, 0.980520709, 7.13640547e-006, -7.04496569e-006, -5.86694735e-006, 1, 0.980520771, -0.19641542, 1.40840901e-005, 0.19641542, 0.980520771, -2.72295631e-006, -1.32749123e-005, 5.4362477e-006, 1, 0, 0, 0, 0, 0, 0, 0, 0.252611816, -0.121897925, -0.141147095, -0.112005325, 0.833679558, -0.54068641, -0.706176758, 0.316040039, 0.633544922, 0.698978643, 0.452918755, 0.553431786, 0, 0, 0, 0, 0, 0, 0, 0.321513672, -0.107038623, -0.120283154, -0.134032939, 0.406606227, -0.9036357, 0.112915039, -0.899658203, -0.421630859, -0.984491294, -0.158439265, 0.0747772286, 0, 1, 1, 1, 
260.672753, 12, 0.1, 0.1, 0.01807659, 0.352270944, -0.0349695427, 0.980520389, -0.196417327, 8.04797757e-006, 0.196417327, 0.980520389, -9.5014798e-006, -6.02495083e-006, 1.08971569e-005, 1, 0.980520453, -0.196417008, -3.4066853e-006, 0.196417008, 0.980520453, -6.70538356e-006, 4.65737599e-006, 5.90563479e-006, 1, 0, 0, 0, 0, 0, 0, 0, 0.252611816, -0.121897925, -0.141147095, -0.112005325, 0.833679558, -0.54068641, -0.706176758, 0.316040039, 0.633544922, 0.698978643, 0.452918755, 0.553431786, 0, 0, 0, 0, 0, 0, 0, 0.321513672, -0.107038623, -0.120283154, -0.134032939, 0.406606227, -0.9036357, 0.112915039, -0.899658203, -0.421630859, -0.984491294, -0.158439265, 0.0747772286, 0, 1, 1, 1, 
260.673455, 12, 0.1, 0.1, 0.0180765902, 0.352270943, -0.0349692552, 0.980520073, -0.196418907, -1.59344328e-005, 0.196418907, 0.980520073, 8.64294342e-006, 1.39263937e-005, -1.16044034e-005, 1, 0.980520136, -0.19641859, -1.03860856e-005, 0.19641859, 0.980520136, 1.04916725e-005, 8.12300651e-006, -1.23273164e-005, 1, 0, 0, 0, 0, 0, 0, 0, 0.252611816, -0.121897925, -0.141147095, -0.112005325, 0.833679558, -0.54068641, -0.706176758, 0.316040039, 0.633544922, 0.698978643, 0.452918755, 0.553431786, 0, 0, 0, 0, 0, 0, 0, 0.321513672, -0.107038623, -0.120283154, -0.134032939, 0.406606227, -0.9036357, 0.112915039, -0.899658203, -0.421630859, -0.984491294, -0.158439265, 0.0747772286, 0, 1, 1, 1, 
260.674155, 12, 0.1, 0.1, 0.0180765899, 0.352270944, -0.0349690214, 0.980519757, -0.196420483, 9.36437454e-006, 0.196420483, 0.980519757, -2.51795685e-006, -8.68737594e-006, 4.30826141e-006, 1, 0.98051982, -0.196420169, 1.08403004e-005, 0.196420169, 0.98051982, -8.62184668e-006, -8.93562478e-006, 1.05831452e-005, 1, 0, 0, 0, 0, 0, 0, 0, 0.252611816, -0.121897925, -0.141147095, -0.112005325, 0.833679558, -0.54068641, -0.706176758, 0.316040039, 0.633544922, 0.698978643, 0.452918755, 0.553431786, 0, 0, 0, 0, 0, 0, 0, 0.321513672, -0.107038623, -0.120283154, -0.134032939, 0.406606227, -0.9036357, 0.112915039, -0.899658203, -0.421630859, -0.984491294, -0.158439265, 0.0747772286, 0, 1, 1, 1, 
260.674858, 12, 0.1, 0.1, 0.0180765931, 0.352270943, -0.0349689118, 0.980519441, -0.196422063, -5.09327814e-006, 0.196422063, 0.980519441, -6.39030393e-006, 6.24925491e-006, 5.26538503e-006, 1, 0.980519502, -0.196421757, -1.37288404e-005, 0.196421757, 0.980519502, 3.24793541e-006, 1.28234305e-005, -5.88130695e-006, 1, 0, 0, 0, 0, 0, 0, 0, 0.252611816, -0.121897925, -0.141147095, -0.112005325, 0.833679558, -0.54068641, -0.706176758, 0.316040039, 0.633544922, 0.698978643, 0.452918755, 0.553431786, 0, 0, 0, 0, 0, 0, 0, 0.321513672, -0.107038623, -0.120283154, -0.134032939, 0.406606227, -0.9036357, 0.112915039, -0.899658203, -0.421630859, -0.984491294, -0.158439265, 0.0747772286, 0, 1, 1, 1, 
260.675555, 12, 0.1, 0.1, 0.018076591, 0.352270942, -0.0349689825, 0.980519125, -0.19642364, -7.26208068e-006, 0.19642364, 0.980519125, 1.0941761e-005, 4.97138848e-006, -1.21550502e-005, 1, 0.980519189, -0.19642332, 4.49648919e-006, 0.19642332, 0.980519189, 8.1350606e-006, -6.00680955e-006, -7.09336769e-006, 1, 0, 0, 0, 0, 0, 0, 0, 0.252611816, -0.121897925, -0.141147095, -0.112005325, 0.833679558, -0.54068641, -0.706176758, 0.316040039, 0.633544922, 0.698978643, 0.452918755, 0.553431786, 0, 0, 0, 0, 0, 0, 0, 0.321513672, -0.107038623, -0.120283154, -0.134032939, 0.406606227, -0.9036357, 0.112915039, -0.899658203, -0.421630859, -0.984491294, -0.158439265, 0.0747772286, 0, 1, 1, 1, 
260.676277, 12, 0.1, 0.1, 0.0180765908, 0.352270943, -0.034969025, 0.980518797, -0.196425273, 1.65682012e-005, 0.196425273, 0.980518797, -9.38426868e-006, -1.44021252e-005, 1.24558653e-005, 1, 0.980518861, -0.196424955, 1.12862969e-005, 0.196424955, 0.980518861, -1.08920469e-005, -8.92695713e-006, 1.28967678e-005, 1, 0, 0, 0, 0, 0, 0, 0, 0.252751929, -0.121933447, -0.141192627, -0.113491447, 0.832836708, -0.541637845, -0.708374023, 0.314453125, 0.631835938, 0.696618591, 0.455400496, 0.554447622, 0, 0, 0, 0, 0, 0, 0, 0.321513672, -0.107038623, -0.120283154, -0.134032939, 0.406606227, -0.9036357, 0.112915039, -0.899658203, -0.421630859, -0.984491294, -0.158439265, 0.0747772286, 0, 1, 1, 1, 
260.676992, 12, 0.1, 0.1, 0.0180765913, 0.352270942, -0.0349689078, 0.980518473, -0.196426892, -1.03129731e-005, 0.196426892, 0.980518473, 1.10816678e-006, 9.89438692e-006, -3.11232327e-006, 1, 0.980518536, -0.196426577, -1.1769053e-005, 0.196426577, 0.980518536, 7.13910669e-006, 1.01374643e-005, -9.31178124e-006, 1, 0, 0, 0, 0, 0, 0, 0, 0.252751929, -0.121933447, -0.141192627, -0.113491447, 0.832836708, -0.541637845, -0.708374023, 0.314453125, 0.631835938, 0.696618591, 0.455400496, 0.554447622, 0, 0, 0, 0, 0, 0, 0, 0.321565186, -0.106732275, -0.120146826, -0.133317289, 0.405085242, -0.904453795, 0.115478516, -0.899902344, -0.420166016, -0.984293334, -0.160317525, 0.0732183308, 0, 1, 1, 1, 
260.67769, 12, 0.1, 0.1, 0.0180765886, 0.352270944, -0.0349689652, 0.980518157, -0.196428472, 4.41538852e-006, 0.196428472, 0.980518157, 6.18152134e-006, -5.54359541e-006, -5.19378589e-006, 1, 0.98051822, -0.196428156, 1.29241013e-005, 0.196428156, 0.98051822, -4.11082469e-006, -1.18648351e-005, 6.56939589e-006, 1, 0, 0, 0, 0, 0, 0, 0, 0.252751929, -0.121933447, -0.141192627, -0.113491447, 0.832836708, -0.541637845, -0.708374023, 0.314453125, 0.631835938, 0.696618591, 0.455400496, 0.554447622, 0, 0, 0, 0, 0, 0, 0, 0.321565186, -0.106732275, -0.120146826, -0.133317289, 0.405085242, -0.904453795, 0.115478516, -0.899902344, -0.420166016, -0.984293334, -0.160317525, 0.0732183308, 0, 1, 1, 1, 
260.678387, 12, 0.1, 0.1, 0.0180765908, 0.352270943, -0.0349691781, 0.980517839, -0.196430058, 7.63815707e-006, 0.196430058, 0.980517839, -9.03850373e-006, -5.71391545e-006, 1.03627778e-005, 1, 0.980517903, -0.19642974, -4.21300274e-006, 0.19642974, 0.980517903, -6.58812647e-006, 5.42502858e-006, 5.63221692e-006, 1, 0, 0, 0, 0, 0, 0, 0, 0.252751929, -0.121933447, -0.141192627, -0.113491447, 0.832836708, -0.541637845, -0.708374023, 0.314453125, 0.631835938, 0.696618591, 0.455400496, 0.554447622, 0, 0, 0, 0, 0, 0, 0, 0.321565186, -0.106732275, -0.120146826, -0.133317289, 0.405085242, -0.904453795, 0.115478516, -0.899902344, -0.420166016, -0.984293334, -0.160317525, 0.0732183308, 0, 1, 1, 1, 
260.679096, 12, 0.1, 0.1, 0.0180765909, 0.352270941, -0.0349694163, 0.980517517, -0.196431665, -1.54682104e-005, 0.196431665, 0.980517517, 1.08815173e-005, 1.30293767e-005, -1.37079647e-005, 1, 0.980517579, -0.196431357, -1.04164627e-005, 0.196431357, 0.980517579, 1.2423953e-005, 7.77307085e-006, -1.42280242e-005, 1, 0, 0, 0, 0, 0, 0, 0, 0.252751929, -0.121933447, -0.141192627, -0.113491447, 0.832836708, -0.541637845, -0.708374023, 0.314453125, 0.631835938, 0.696618591, 0.455400496, 0.554447622, 0, 0, 0, 0, 0, 0, 0, 0.321305566, -0.10636123, -0.120378369, -0.133962577, 0.40454823, -0.904575197, 0.1171875, -0.899902344, -0.419799805, -0.983992928, -0.162215108, 0.073205571, 0, 1, 1, 1, 
260.6798, 12, 0.1, 0.1, 0.0180765905, 0.352270942, -0.0349695536, 0.980517197, -0.196433264, 9.45457955e-006, 0.196433264, 0.980517197, -1.59432049e-006, -8.95720026e-006, 3.42045258e-006, 1, 0.980517259, -0.19643295, 1.10672463e-005, 0.19643295, 0.980517259, -7.01750642e-006, -9.4731565e-006, 9.054758e-006, 1, 0, 0, 0, 0, 0, 0, 0, 0.252751929, -0.121933447, -0.141192627, -0.113491447, 0.832836708, -0.541637845, -0.708374023, 0.314453125, 0.631835938, 0.696618591, 0.455400496, 0.554447622, 0, 0, 0, 0, 0, 0, 0, 0.321305566, -0.10636123, -0.120378369, -0.133962577, 0.40454823, -0.904575197, 0.1171875, -0.899902344, -0.419799805, -0.983992928, -0.162215108, 0.073205571, 0, 1, 1, 1, 
260.680496, 12, 0.1, 0.1, 0.0180765936, 0.352270941, -0.0349696596, 0.980516883, -0.196434831, -5.45300341e-006, 0.196434831, 0.980516883, -7.4870961e-006, 6.81748836e-006, 6.27006433e-006, 1, 0.980516944, -0.196434525, -1.36791176e-005, 0.196434525, 0.980516944, 2.27572225e-006, 1.29655762e-005, -4.91843518e-006, 1, 0, 0, 0, 0, 0, 0, 0, 0.252751929, -0.121933447, -0.141192627, -0.113491447, 0.832836708, -0.541637845, -0.708374023, 0.314453125, 0.631835938, 0.696618591, 0.455400496, 0.554447622, 0, 0, 0, 0, 0, 0, 0, 0.321305566, -0.10636123, -0.120378369, -0.133962577, 0.40454823, -0.904575197, 0.1171875, -0.899902344, -0.419799805, -0.983992928, -0.162215108, 0.073205571, 0, 1, 1, 1, 
260.681211, 12, 0.1, 0.1, 0.0180765918, 0.352270941, -0.0349696559, 0.980516558, -0.196436453, -8.45528624e-006, 0.196436453, 0.980516558, 9.04465067e-006, 6.51384906e-006, -1.05293562e-005, 1, 0.980516628, -0.196436101, 4.19204634e-006, 0.196436101, 0.980516628, 5.8939662e-006, -5.26815888e-006, -4.95566262e-006, 1, 0, 0, 0, 0, 0, 0, 0, 0.252751929, -0.121933447, -0.141192627, -0.114742427, 0.832805629, -0.541485077, -0.709838867, 0.31262207, 0.631103516, 0.694962847, 0.45676493, 0.555412161, 0, 0, 0, 0, 0, 0, 0, 0.321305566, -0.10636123, -0.120378369, -0.133962577, 0.40454823, -0.904575197, 0.1171875, -0.899902344, -0.419799805, -0.983992928, -0.162215108, 0.073205571, 0, 1, 1, 1, 
260.68191, 12, 0.1, 0.1, 0.018076592, 0.352270942, -0.034969469, 0.980516241, -0.196438034, 1.49222714e-005, 0.196438034, 0.980516241, -8.47619006e-006, -1.29664833e-005, 1.12423437e-005, 1, 0.980516304, -0.196437719, 9.51744902e-006, 0.196437719, 0.980516304, -1.03575322e-005, -7.29740395e-006, 1.20253151e-005, 1, 0, 0, 0, 0, 0, 0, 0, 0.252682959, -0.121707642, -0.141405127, -0.114742427, 0.832805629, -0.541485077, -0.709838867, 0.31262207, 0.631103516, 0.694962847, 0.45676493, 0.555412161, 0, 0, 0, 0, 0, 0, 0, 0.321305566, -0.10636123, -0.120378369, -0.133962577, 0.40454823, -0.904575197, 0.1171875, -0.899902344, -0.419799805, -0.983992928, -0.162215108, 0.073205571, 0, 1, 1, 1, 
260.682611, 12, 0.1, 0.1, 0.0180765928, 0.35227094, -0.0349693055, 0.980515924, -0.196439614, -1.03260914e-005, 0.196439614, 0.980515924, 2.74000171e-006, 9.58665222e-006, -4.71506872e-006, 1, 0.980515987, -0.1964393, -1.18055473e-005, 0.1964393, 0.980515987, 8.70949346e-006, 9.8646411e-006, -1.0858871e-005, 1, 0, 0, 0, 0, 0, 0, 0, 0.252682959, -0.121707642, -0.141405127, -0.114742427, 0.832805629, -0.541485077, -0.709838867, 0.31262207, 0.631103516, 0.694962847, 0.45676493, 0.555412161, 0, 0, 0, 0, 0, 0, 0, 0.321305566, -0.10636123, -0.120378369, -0.133962577, 0.40454823, -0.904575197, 0.1171875, -0.899902344, -0.419799805, -0.983992928, -0.162215108, 0.073205571, 0, 1, 1, 1, 
260.683315, 12, 0.1, 0.1, 0.0180765901, 0.352270941, -0.0349691344, 0.980515607, -0.196441198, 4.24220547e-006, 0.196441198, 0.980515607, 6.69153971e-006, -5.47404275e-006, -5.7278152e-006, 1, 0.980515669, -0.196440886, 1.28717935e-005, 0.196440886, 0.980515669, -3.07335067e-006, -1.20172634e-005, 5.54201501e-006, 1, 0, 0, 0, 0, 0, 0, 0, 0.252682959, -0.121707642, -0.141405127, -0.114742427, 0.832805629, -0.541485077, -0.709838867, 0.31262207, 0.631103516, 0.694962847, 0.45676493, 0.555412161, 0, 0, 0, 0, 0, 0, 0, 0.321305566, -0.10636123, -0.120378369, -0.133962577, 0.40454823, -0.904575197, 0.1171875, -0.899902344, -0.419799805, -0.983992928, -0.162215108, 0.073205571, 0, 1, 1, 1, 
260.684048, 12, 0.1, 0.1, 0.0180765925, 0.352270942, -0.0349687639, 0.980515274, -0.196442858, 7.89055958e-006, 0.196442858, 0.980515274, -1.21256363e-005, -5.35481955e-006, 1.34394157e-005, 1, 0.980515338, -0.196442539, -4.13586968e-006, 0.196442539, 0.980515338, -9.36879088e-006, 5.89571273e-006, 8.37378242e-006, 1, 0, 0, 0, 0, 0, 0, 0, 0.252448975, -0.121956763, -0.141662305, -0.114895195, 0.832234993, -0.54217029, -0.710693359, 0.3125, 0.630249023, 0.693998308, 0.457844045, 0.555767872, 0, 0, 0, 0, 0, 0, 0, 0.320898877, -0.106465723, -0.120664844, -0.133342809, 0.40294449, -0.905386729, 0.117553711, -0.900634766, -0.418212891, -0.98405053, -0.162138182, 0.0727520474, 0, 1, 1, 1, 
260.684749, 12, 0.1, 0.1, 0.0180765923, 0.352270941, -0.034968488, 0.980514956, -0.196444448, -1.47647256e-005, 0.196444448, 0.980514956, 8.53594165e-006, 1.28001959e-005, -1.12700668e-005, 1, 0.98051502, -0.196444127, -9.43394062e-006, 0.196444127, 0.98051502, 9.9531229e-006, 7.29488794e-006, -1.16124287e-005, 1, 0, 0, 0, 0, 0, 0, 0, 0.252448975, -0.121956763, -0.141662305, -0.114895195, 0.832234993, -0.54217029, -0.710693359, 0.3125, 0.630249023, 0.693998308, 0.457844045, 0.555767872, 0, 0, 0, 0, 0, 0, 0, 0.320898877, -0.106465723, -0.120664844, -0.133342809, 0.40294449, -0.905386729, 0.117553711, -0.900634766, -0.418212891, -0.98405053, -0.162138182, 0.0727520474, 0, 1, 1, 1, 
260.685448, 12, 0.1, 0.1, 0.0180765913, 0.352270942, -0.0349685008, 0.980514639, -0.196446029, 1.16229845e-005, 0.196446029, 0.980514639, -8.21992476e-007, -1.12350293e-005, 3.0892648e-006, 1, 0.980514702, -0.196445715, 1.32627092e-005, 0.196445715, 0.980514702, -7.10012557e-006, -1.16094921e-005, 9.5671799e-006, 1, 0, 0, 0, 0, 0, 0, 0, 0.252448975, -0.121956763, -0.141662305, -0.114895195, 0.832234993, -0.54217029, -0.710693359, 0.3125, 0.630249023, 0.693998308, 0.457844045, 0.555767872, 0, 0, 0, 0, 0, 0, 0, 0.320898877, -0.106465723, -0.120664844, -0.133342809, 0.40294449, -0.905386729, 0.117553711, -0.900634766, -0.418212891, -0.98405053, -0.162138182, 0.0727520474, 0, 1, 1, 1, 
260.686152, 12, 0.1, 0.1, 0.018076594, 0.352270939, -0.0349687759, 0.98051432, -0.196447622, -4.56355391e-006, 0.196447622, 0.98051432, -5.19264422e-006, 5.49471257e-006, 4.1949627e-006, 1, 0.980514383, -0.19644731, -1.2825334e-005, 0.19644731, 0.980514383, 4.9193394e-006, 1.16090334e-005, -7.34298539e-006, 1, 0, 0, 0, 0, 0, 0, 0, 0.252448975, -0.121956763, -0.141662305, -0.114895195, 0.832234993, -0.54217029, -0.710693359, 0.3125, 0.630249023, 0.693998308, 0.457844045, 0.555767872, 0, 0, 0, 0, 0, 0, 0, 0.320898877, -0.106465723, -0.120664844, -0.133342809, 0.40294449, -0.905386729, 0.117553711, -0.900634766, -0.418212891, -0.98405053, -0.162138182, 0.0727520474, 0, 1, 1, 1, 
260.686852, 12, 0.1, 0.1, 0.0180765921, 0.352270939, -0.0349692046, 0.980514, -0.196449219, -8.52491178e-006, 0.196449219, 0.980514, 1.04492026e-005, 6.30605767e-006, -1.19203017e-005, 1, 0.980514064, -0.196448898, 3.48879406e-006, 0.196448898, 0.980514064, 7.95070947e-006, -4.98271976e-006, -7.11041271e-006, 1, 0, 0, 0, 0, 0, 0, 0, 0.252448975, -0.121956763, -0.141662305, -0.114895195, 0.832234993, -0.54217029, -0.710693359, 0.3125, 0.630249023, 0.693998308, 0.457844045, 0.555767872, 0, 0, 0, 0, 0, 0, 0, 0.320898877, -0.106465723, -0.120664844, -0.133342809, 0.40294449, -0.905386729, 0.117553711, -0.900634766, -0.418212891, -0.98405053, -0.162138182, 0.0727520474, 0, 1, 1, 1, 
260.68755, 12, 0.1, 0.1, 0.0180765927, 0.35227094, -0.0349696789, 0.980513683, -0.196450802, 1.32341308e-005, 0.196450802, 0.980513683, -9.15191845e-006, -1.11783446e-005, 1.15734369e-005, 1, 0.980513746, -0.196450487, 8.05136955e-006, 0.196450487, 0.980513746, -1.06020601e-005, -5.81169864e-006, 1.19771612e-005, 1, 0, 0, 0, 0, 0, 0, 0, 0.252448975, -0.121956763, -0.141662305, -0.114895195, 0.832234993, -0.54217029, -0.710693359, 0.3125, 0.630249023, 0.693998308, 0.457844045, 0.555767872, 0, 0, 0, 0, 0, 0, 0, 0.320898877, -0.106465723, -0.120664844, -0.133342809, 0.40294449, -0.905386729, 0.117553711, -0.900634766, -0.418212891, -0.98405053, -0.162138182, 0.0727520474, 0, 1, 1, 1, 
260.688247, 12, 0.1, 0.1, 0.0180765937, 0.352270939, -0.0349700868, 0.980513367, -0.196452377, -1.03516405e-005, 0.196452377, 0.980513367, 2.13807259e-006, 9.72989243e-006, -4.13001313e-006, 1, 0.98051343, -0.196452066, -1.21733803e-005, 0.196452066, 0.98051343, 7.67260146e-006, 1.04288645e-005, -9.91457448e-006, 1, 0, 0, 0, 0, 0, 0, 0, 0.252448975, -0.121956763, -0.141662305, -0.114895195, 0.832234993, -0.54217029, -0.710693359, 0.3125, 0.630249023, 0.693998308, 0.457844045, 0.555767872, 0, 0, 0, 0, 0, 0, 0, 0.320898877, -0.106465723, -0.120664844, -0.133342809, 0.40294449, -0.905386729, 0.117553711, -0.900634766, -0.418212891, -0.98405053, -0.162138182, 0.0727520474, 0, 1, 1, 1, 
260.688978, 12, 0.1, 0.1, 0.0180765902, 0.35227094, -0.0349699627, 0.980513038, -0.196454021, 6.9536163e-006, 0.196454021, 0.980513038, 6.36166375e-006, -8.06788587e-006, -4.87162837e-006, 1, 0.9805131, -0.196453709, 1.51757223e-005, 0.196453709, 0.9805131, -3.34288378e-006, -1.42232726e-005, 6.25906827e-006, 1, 0, 0, 0, 0, 0, 0, 0, 0.252431519, -0.121969092, -0.141906665, -0.115143443, 0.831924587, -0.542639455, -0.712158203, 0.311645508, 0.62902832, 0.692430931, 0.459005536, 0.556707324, 0, 0, 0, 0, 0, 0, 0, 0.320725439, -0.106570459, -0.120948145, -0.132614399, 0.40152595, -0.906038579, 0.118530273, -0.901123047, -0.416748047, -0.983973971, -0.162655505, 0.0719470789, 0, 1, 1, 1, 
260.689683, 12, 0.1, 0.1, 0.0180765914, 0.35227094, -0.034969627, 0.980512719, -0.196455614, 9.76880663e-006, 0.196455614, 0.980512719, -1.04505406e-005, -7.52537178e-006, 1.21660249e-005, 1, 0.980512784, -0.196455287, -1.92794616e-006, 0.196455287, 0.980512784, -7.58678542e-006, 3.38083996e-006, 7.06018488e-006, 1, 0, 0, 0, 0, 0, 0, 0, 0.252431519, -0.121969092, -0.141906665, -0.115143443, 0.831924587, -0.542639455, -0.712158203, 0.311645508, 0.62902832, 0.692430931, 0.459005536, 0.556707324, 0, 0, 0, 0, 0, 0, 0, 0.320725439, -0.106570459, -0.120948145, -0.132614399, 0.40152595, -0.906038579, 0.118530273, -0.901123047, -0.416748047, -0.983973971, -0.162655505, 0.0719470789, 0, 1, 1, 1, 
260.690382, 12, 0.1, 0.1, 0.0180765911, 0.352270939, -0.0349692279, 0.980512403, -0.196457189, -1.47831096e-005, 0.196457189, 0.980512403, 7.75950543e-006, 1.29706117e-005, -1.05125395e-005, 1, 0.980512466, -0.196456874, -9.15585295e-006, 0.196456874, 0.980512466, 9.55623614e-006, 7.10003968e-006, -1.11687389e-005, 1, 0, 0, 0, 0, 0, 0, 0, 0.252431519, -0.121969092, -0.141906665, -0.115143443, 0.831924587, -0.542639455, -0.712158203, 0.311645508, 0.62902832, 0.692430931, 0.459005536, 0.556707324, 0, 0, 0, 0, 0, 0, 0, 0.320725439, -0.106570459, -0.120948145, -0.132614399, 0.40152595, -0.906038579, 0.118530273, -0.901123047, -0.416748047, -0.983973971, -0.162655505, 0.0719470789, 0, 1, 1, 1, 
260.691091, 12, 0.1, 0.1, 0.0180765905, 0.352270941, -0.0349688056, 0.980512083, -0.196458785, 9.85961335e-006, 0.196458785, 0.980512083, -3.10160237e-006, -9.05813299e-006, 4.97816626e-006, 1, 0.980512146, -0.196458474, 1.17014089e-005, 0.196458474, 0.980512146, -9.41689924e-006, -9.62334387e-006, 1.1532225e-005, 1, 0, 0, 0, 0, 0, 0, 0, 0.252431519, -0.121969092, -0.141906665, -0.115143443, 0.831924587, -0.542639455, -0.712158203, 0.311645508, 0.62902832, 0.692430931, 0.459005536, 0.556707324, 0, 0, 0, 0, 0, 0, 0, 0.320725439, -0.106570459, -0.120948145, -0.132614399, 0.40152595, -0.906038579, 0.118530273, -0.901123047, -0.416748047, -0.983973971, -0.162655505, 0.0719470789, 0, 1, 1, 1, 
260.691791, 12, 0.1, 0.1, 0.0180765938, 0.352270939, -0.0349686092, 0.980511768, -0.196460359, -6.07233807e-006, 0.196460359, 0.980511768, -6.09339389e-006, 7.15110928e-006, 4.78167069e-006, 1, 0.98051183, -0.196460048, -1.4620151e-005, 0.196460048, 0.98051183, 3.5607345e-006, 1.3635689e-005, -6.36361788e-006, 1, 0, 0, 0, 0, 0, 0, 0, 0.252431519, -0.121969092, -0.141906665, -0.115143443, 0.831924587, -0.542639455, -0.712158203, 0.311645508, 0.62902832, 0.692430931, 0.459005536, 0.556707324, 0, 0, 0, 0, 0, 0, 0, 0.320725439, -0.106570459, -0.120948145, -0.132614399, 0.40152595, -0.906038579, 0.118530273, -0.901123047, -0.416748047, -0.983973971, -0.162655505, 0.0719470789, 0, 1, 1, 1, 
