time, trialNum, realDorsalTactorPos, realVentralTactorPos, boxPosX, boxPosY, boxPosZ, boxLocalRot_11, boxLocalRot_12, boxLocalRot_13, boxLocalRot_21, boxLocalRot_22, boxLocalRot_23, boxLocalRot_31, boxLocalRot_32, boxLocalRot_33, boxGlobalRot_11, boxGlobalRot_12, boxGlobalRot_13, boxGlobalRot_21, boxGlobalRot_22, boxGlobalRot_23, boxGlobalRot_31, boxGlobalRot_32, boxGlobalRot_33, indexForceX, indexForceY, indexForceZ, indexForceGlobalX, indexForceGlobalY, indexForceGlobalZ, indexContact, indexPosX, indexPosY, indexPosZ, indexRot_11, indexRot_12, indexRot_13, indexRot_21, indexRot_22, indexRot_23, indexRot_31, indexRot_32, indexRot_33, thumbForceX, thumbForceY, thumbForceZ, thumbForceGlobalX, thumbForceGlobalY, thumbForceGlobalZ, thumbContact, thumbPosX, thumbPosY, thumbPosZ, thumbRot_11, thumbRot_12, thumbRot_13, thumbRot_21, thumbRot_22, thumbRot_23, thumbRot_31, thumbRot_32, thumbRot_33, manipForceTooHigh, cceExpType, mapping, trialSuccess, 
379.968773, 22, 0.1, 0.1, 0.0184706773, 0.375398214, -0.0349856729, 0.974140545, -0.225942908, 9.63224874e-007, 0.225942908, 0.974140545, -1.83742942e-006, -5.23162258e-007, 2.00754833e-006, 1, 0.974140544, -0.225942915, -1.4054891e-006, 0.225942915, 0.974140544, -4.84453151e-006, 2.46373149e-006, 4.40169426e-006, 1, 0, 0, 0, 0, 0, 0, 0, 0.2968948, -0.134747925, -0.219510107, 0.108836413, 0.728724481, -0.676015887, -0.783691406, 0.481201172, 0.392578125, 0.611474175, 0.487092061, 0.623684683, 0, 0, -0, 0, 0, 0, 0, 0.356342334, -0.119216846, -0.188083936, 0.0300152343, 0.293206609, -0.955540287, 0.129882812, -0.948974609, -0.287109375, -0.990938479, -0.115369311, -0.0666770859, 0, 1, 5, 1, 
380.011859, 22, 0.1, 0.1, 0.0184706791, 0.375398204, -0.0349682298, 0.97415063, -0.225899423, 9.29001697e-006, 0.225899423, 0.97415063, -1.15958463e-005, -6.4303809e-006, 1.33947104e-005, 1, 0.974150556, -0.225899743, 1.56178413e-005, 0.225899743, 0.974150556, -1.09586935e-005, -1.27385628e-005, 1.42034837e-005, 1, 0, 0, 0, 0, 0, 0, 0, 0.296346143, -0.134404687, -0.220282593, 0.106944404, 0.73107255, -0.673762176, -0.785400391, 0.477661133, 0.393676758, 0.609672777, 0.487090939, 0.625428793, 0, 0, -0, 0, 0, 0, 0, 0.359781152, -0.119993896, -0.18838335, 0.0943128723, 0.28210476, -0.954706203, 0.127441406, -0.954467773, -0.26940918, -0.987249093, -0.0961608726, -0.125996892, 0, 1, 5, 1, 
380.012562, 22, 0.1, 0.1, 0.0184706811, 0.375398202, -0.0349693012, 0.974150998, -0.225897837, 4.9472423e-006, 0.225897837, 0.974150998, 7.30040462e-006, -6.46850663e-006, -5.99412511e-006, 1, 0.974150926, -0.225898147, -6.94291939e-006, 0.225898147, 0.974150926, 1.03014449e-005, 4.43637405e-006, -1.16035547e-005, 1, 0, 0, 0, 0, 0, 0, 0, 0.296346143, -0.134404687, -0.220282593, 0.106944404, 0.73107255, -0.673762176, -0.785400391, 0.477661133, 0.393676758, 0.609672777, 0.487090939, 0.625428793, 0, 0, -0, 0, 0, 0, 0, 0.359781152, -0.119993896, -0.18838335, 0.0943128723, 0.28210476, -0.954706203, 0.127441406, -0.954467773, -0.26940918, -0.987249093, -0.0961608726, -0.125996892, 0, 1, 5, 1, 
380.01327, 22, 0.1, 0.1, 0.0184706801, 0.375398204, -0.034970269, 0.97415137, -0.225896232, -1.36705197e-005, 0.225896232, 0.97415137, 4.45267092e-006, 1.23113139e-005, -7.42569437e-006, 1, 0.974151297, -0.22589655, -6.02508017e-006, 0.22589655, 0.974151297, -4.94791398e-006, 6.98705635e-006, 3.45897199e-006, 1, 0, 0, 0, 0, 0, 0, 0, 0.296346143, -0.134404687, -0.220282593, 0.106944404, 0.73107255, -0.673762176, -0.785400391, 0.477661133, 0.393676758, 0.609672777, 0.487090939, 0.625428793, 0, 0, -0, 0, 0, 0, 0, 0.359781152, -0.119993896, -0.18838335, 0.0943128723, 0.28210476, -0.954706203, 0.127441406, -0.954467773, -0.26940918, -0.987249093, -0.0961608726, -0.125996892, 0, 1, 5, 1, 
380.013991, 22, 0.1, 0.1, 0.01847068, 0.375398203, -0.0349707277, 0.974151746, -0.225894612, 1.10566735e-005, 0.225894612, 0.974151746, -8.00450261e-006, -8.96270378e-006, 1.02952432e-005, 1, 0.974151674, -0.225894924, 1.06690191e-005, 0.225894924, 0.974151674, -2.69608738e-006, -9.78421033e-006, 5.03647528e-006, 1, 0, 0, 0, 0, 0, 0, 0, 0.296579639, -0.134623901, -0.220277222, 0.10719153, 0.731129838, -0.673685792, -0.785888672, 0.477294922, 0.392944336, 0.608892085, 0.487452641, 0.625911063, 0, 0, -0, 0, 0, 0, 0, 0.359781152, -0.119993896, -0.18838335, 0.0943128723, 0.28210476, -0.954706203, 0.127441406, -0.954467773, -0.26940918, -0.987249093, -0.0961608726, -0.125996892, 0, 1, 5, 1, 
380.014697, 22, 0.1, 0.1, 0.0184706826, 0.375398202, -0.0349706274, 0.974152112, -0.225893036, -8.44386497e-006, 0.225893036, 0.974152112, 9.35115517e-006, 6.11324806e-006, -1.10168578e-005, 1, 0.974152039, -0.22589335, -1.45310483e-005, 0.22589335, 0.974152039, 8.35414268e-006, 1.2268305e-005, -1.14206723e-005, 1, 0, 0, 0, 0, 0, 0, 0, 0.296579639, -0.134623901, -0.220277222, 0.10719153, 0.731129838, -0.673685792, -0.785888672, 0.477294922, 0.392944336, 0.608892085, 0.487452641, 0.625911063, 0, 0, -0, 0, 0, 0, 0, 0.359781152, -0.119993896, -0.18838335, 0.0943128723, 0.28210476, -0.954706203, 0.127441406, -0.954467773, -0.26940918, -0.987249093, -0.0961608726, -0.125996892, 0, 1, 5, 1, 
380.015401, 22, 0.1, 0.1, 0.0184706805, 0.375398204, -0.0349701121, 0.974152473, -0.225891475, -5.38598004e-006, 0.225891475, 0.974152473, -5.53509909e-006, 6.49709748e-006, 4.1753835e-006, 1, 0.974152403, -0.225891779, 6.3685431e-006, 0.225891779, 0.974152403, -9.07806614e-006, -4.15327105e-006, 1.02820215e-005, 1, 0, 0, 0, 0, 0, 0, 0, 0.296579639, -0.134623901, -0.220277222, 0.10719153, 0.731129838, -0.673685792, -0.785888672, 0.477294922, 0.392944336, 0.608892085, 0.487452641, 0.625911063, 0, 0, -0, 0, 0, 0, 0, 0.359781152, -0.119993896, -0.18838335, 0.0943128723, 0.28210476, -0.954706203, 0.127441406, -0.954467773, -0.26940918, -0.987249093, -0.0961608726, -0.125996892, 0, 1, 5, 1, 
380.016126, 22, 0.1, 0.1, 0.0184706812, 0.375398202, -0.0349692505, 0.974152847, -0.225889862, 1.42797739e-005, 0.225889862, 0.974152848, -3.40073861e-006, -1.314249e-005, 6.53849536e-006, 1, 0.974152767, -0.225890208, 5.92683326e-006, 0.225890208, 0.974152767, 7.40495688e-006, -7.44634827e-006, -5.87474564e-006, 1, 0, 0, 0, 0, 0, 0, 0, 0.296579639, -0.134623901, -0.220277222, 0.108162061, 0.731009271, -0.673672687, -0.786499023, 0.477416992, 0.391723633, 0.607996816, 0.487471737, 0.626774131, 0, 0, -0, 0, 0, 0, 0, 0.359781152, -0.119993896, -0.18838335, 0.0943128723, 0.28210476, -0.954706203, 0.127441406, -0.954467773, -0.26940918, -0.987249093, -0.0961608726, -0.125996892, 0, 1, 5, 1, 
380.016847, 22, 0.1, 0.1, 0.0184706814, 0.375398203, -0.0349680995, 0.974153221, -0.225888251, -1.22889954e-005, 0.225888251, 0.974153221, 9.74390021e-006, 9.77033187e-006, -1.22679914e-005, 1, 0.974153147, -0.22588857, -1.18092902e-005, 0.22588857, 0.974153147, 3.9294092e-006, 1.06164486e-005, -6.49543002e-006, 1, 0, 0, 0, 0, 0, 0, 0, 0.296626514, -0.134630005, -0.220050684, 0.108162061, 0.731009271, -0.673672687, -0.786499023, 0.477416992, 0.391723633, 0.607996816, 0.487471737, 0.626774131, 0, 0, -0, 0, 0, 0, 0, 0.360081689, -0.119740625, -0.188215039, 0.09867057, 0.282430685, -0.954112688, 0.128295898, -0.954345703, -0.269287109, -0.986668338, -0.0957583883, -0.130475991, 0, 1, 5, 1, 
380.017554, 22, 0.1, 0.1, 0.0184706784, 0.375398204, -0.0349673436, 0.974153589, -0.225886666, 8.87769163e-006, 0.225886666, 0.974153589, -1.035805e-005, -6.30848978e-006, 1.20956838e-005, 1, 0.974153516, -0.225886978, 1.56453083e-005, 0.225886978, 0.974153516, -9.15649117e-006, -1.31726e-005, 1.24538995e-005, 1, 0, 0, 0, 0, 0, 0, 0, 0.296626514, -0.134630005, -0.220050684, 0.108162061, 0.731009271, -0.673672687, -0.786499023, 0.477416992, 0.391723633, 0.607996816, 0.487471737, 0.626774131, 0, 0, -0, 0, 0, 0, 0, 0.360081689, -0.119740625, -0.188215039, 0.09867057, 0.282430685, -0.954112688, 0.128295898, -0.954345703, -0.269287109, -0.986668338, -0.0957583883, -0.130475991, 0, 1, 5, 1, 
380.018259, 22, 0.1, 0.1, 0.0184706809, 0.375398202, -0.0349671855, 0.974153958, -0.225885073, 4.7862106e-006, 0.225885073, 0.974153958, 5.89998017e-006, -5.99522345e-006, -4.66635551e-006, 1, 0.974153885, -0.225885386, -8.15599785e-006, 0.225885386, 0.974153885, 9.87163184e-006, 5.71533963e-006, -1.14588092e-005, 1, 0, 0, 0, 0, 0, 0, 0, 0.296626514, -0.134630005, -0.220050684, 0.108162061, 0.731009271, -0.673672687, -0.786499023, 0.477416992, 0.391723633, 0.607996816, 0.487471737, 0.626774131, 0, 0, -0, 0, 0, 0, 0, 0.360081689, -0.119740625, -0.188215039, 0.09867057, 0.282430685, -0.954112688, 0.128295898, -0.954345703, -0.269287109, -0.986668338, -0.0957583883, -0.130475991, 0, 1, 5, 1, 
380.018965, 22, 0.1, 0.1, 0.01847068, 0.375398205, -0.0349676269, 0.974154332, -0.225883461, -1.48034762e-005, 0.225883461, 0.974154332, 1.49855635e-006, 1.40823714e-005, -4.80368562e-006, 1, 0.974154257, -0.225883782, -6.76150998e-006, 0.225883782, 0.974154257, -8.67035968e-006, 8.54524737e-006, 6.91895235e-006, 1, 0, 0, 0, 0, 0, 0, 0, 0.296626514, -0.134630005, -0.220050684, 0.108162061, 0.731009271, -0.673672687, -0.786499023, 0.477416992, 0.391723633, 0.607996816, 0.487471737, 0.626774131, 0, 0, -0, 0, 0, 0, 0, 0.360081689, -0.119740625, -0.188215039, 0.09867057, 0.282430685, -0.954112688, 0.128295898, -0.954345703, -0.269287109, -0.986668338, -0.0957583883, -0.130475991, 0, 1, 5, 1, 
380.019669, 22, 0.1, 0.1, 0.0184706797, 0.375398205, -0.034968543, 0.974154705, -0.22588185, 1.25989681e-005, 0.22588185, 0.974154705, -9.91833171e-006, -1.00329729e-005, 1.25078677e-005, 1, 0.97415463, -0.225882173, 1.1778315e-005, 0.225882173, 0.97415463, -4.59011592e-006, -1.04370748e-005, 7.13199407e-006, 1, 0, 0, 0, 0, 0, 0, 0, 0.296626514, -0.134630005, -0.220050684, 0.108162061, 0.731009271, -0.673672687, -0.786499023, 0.477416992, 0.391723633, 0.607996816, 0.487471737, 0.626774131, 0, 0, -0, 0, 0, 0, 0, 0.360081689, -0.119740625, -0.188215039, 0.09867057, 0.282430685, -0.954112688, 0.128295898, -0.954345703, -0.269287109, -0.986668338, -0.0957583883, -0.130475991, 0, 1, 5, 1, 
380.020369, 22, 0.1, 0.1, 0.0184706819, 0.375398204, -0.0349696239, 0.974155075, -0.225880254, -7.24739702e-006, 0.225880254, 0.974155075, 1.00324056e-005, 4.79396625e-006, -1.14101627e-005, 1, 0.974155001, -0.225880572, -1.33101767e-005, 0.225880572, 0.974155001, 8.84505976e-006, 1.0968248e-005, -1.16229695e-005, 1, 0, 0, 0, 0, 0, 0, 0, 0.296626514, -0.134630005, -0.220050684, 0.108162061, 0.731009271, -0.673672687, -0.786499023, 0.477416992, 0.391723633, 0.607996816, 0.487471737, 0.626774131, 0, 0, -0, 0, 0, 0, 0, 0.360081689, -0.119740625, -0.188215039, 0.09867057, 0.282430685, -0.954112688, 0.128295898, -0.954345703, -0.269287109, -0.986668338, -0.0957583883, -0.130475991, 0, 1, 5, 1, 
380.021101, 22, 0.1, 0.1, 0.0184706795, 0.375398206, -0.0349704528, 0.97415546, -0.225878596, -5.92319636e-006, 0.225878596, 0.97415546, -5.2179614e-006, 6.94873986e-006, 3.74518231e-006, 1, 0.97415538, -0.22587894, 7.10382457e-006, 0.22587894, 0.97415538, -8.72956032e-006, -4.94840509e-006, 1.01085525e-005, 1, 0, 0, 0, 0, 0, 0, 0, 0.296418896, -0.13461438, -0.220025659, 0.108485571, 0.731332781, -0.673215505, -0.786621094, 0.477172852, 0.391601563, 0.607698393, 0.487173314, 0.62731968, 0, 0, -0, 0, 0, 0, 0, 0.360081689, -0.119740625, -0.188215039, 0.103392473, 0.282296524, -0.953615055, 0.129516602, -0.954467773, -0.268554687, -0.986049303, -0.0956497465, -0.135210653, 0, 1, 5, 1, 
380.021807, 22, 0.1, 0.1, 0.0184706808, 0.375398204, -0.0349706157, 0.97415583, -0.225876999, 1.14344675e-005, 0.225876999, 0.97415583, -3.41197209e-006, -1.03682671e-005, 5.9065757e-006, 1, 0.974155755, -0.225877322, 3.97110504e-006, 0.225877322, 0.974155755, 6.37512155e-006, -5.30847021e-006, -5.31337878e-006, 1, 0, 0, 0, 0, 0, 0, 0, 0.296418896, -0.13461438, -0.220025659, 0.108485571, 0.731332781, -0.673215505, -0.786621094, 0.477172852, 0.391601563, 0.607698393, 0.487173314, 0.62731968, 0, 0, -0, 0, 0, 0, 0, 0.360407129, -0.119747217, -0.187835205, 0.103392473, 0.282296524, -0.953615055, 0.129516602, -0.954467773, -0.268554687, -0.986049303, -0.0956497465, -0.135210653, 0, 1, 5, 1, 
380.022513, 22, 0.1, 0.1, 0.0184706815, 0.375398205, -0.034970312, 0.974156198, -0.225875412, -1.26547145e-005, 0.225875412, 0.974156198, 7.47867205e-006, 1.06384204e-005, -1.01437836e-005, 1, 0.974156126, -0.225875724, -1.23796584e-005, 0.225875724, 0.974156126, 2.4536453e-006, 1.15055012e-005, -5.1864979e-006, 1, 0, 0, 0, 0, 0, 0, 0, 0.296418896, -0.13461438, -0.220025659, 0.108485571, 0.731332781, -0.673215505, -0.786621094, 0.477172852, 0.391601563, 0.607698393, 0.487173314, 0.62731968, 0, 0, -0, 0, 0, 0, 0, 0.360407129, -0.119747217, -0.187835205, 0.103392473, 0.282296524, -0.953615055, 0.129516602, -0.954467773, -0.268554687, -0.986049303, -0.0956497465, -0.135210653, 0, 1, 5, 1, 
380.023218, 22, 0.1, 0.1, 0.0184706789, 0.375398206, -0.0349697173, 0.974156563, -0.225873836, 8.78670152e-006, 0.225873836, 0.974156563, -1.00727922e-005, -6.28444275e-006, 1.17971626e-005, 1, 0.974156491, -0.225874149, 1.45523504e-005, 0.225874149, 0.974156491, -9.42491659e-006, -1.20474216e-005, 1.24683434e-005, 1, 0, 0, 0, 0, 0, 0, 0, 0.296418896, -0.13461438, -0.220025659, 0.108485571, 0.731332781, -0.673215505, -0.786621094, 0.477172852, 0.391601563, 0.607698393, 0.487173314, 0.62731968, 0, 0, -0, 0, 0, 0, 0, 0.360407129, -0.119747217, -0.187835205, 0.103392473, 0.282296524, -0.953615055, 0.129516602, -0.954467773, -0.268554687, -0.986049303, -0.0956497465, -0.135210653, 0, 1, 5, 1, 
380.023977, 22, 0.1, 0.1, 0.0184706803, 0.375398204, -0.0349686267, 0.974156955, -0.225872145, 9.73587455e-006, 0.225872145, 0.974156955, 7.43850883e-006, -1.11644219e-005, -5.04721225e-006, 1, 0.974156881, -0.225872466, -3.27223919e-006, 0.225872466, 0.974156881, 1.10134733e-005, 7.00033957e-007, -1.14679595e-005, 1, 0, 0, 0, 0, 0, 0, 0, 0.296418896, -0.13461438, -0.220025659, 0.108485571, 0.731332781, -0.673215505, -0.786621094, 0.477172852, 0.391601563, 0.607698393, 0.487173314, 0.62731968, 0, 0, -0, 0, 0, 0, 0, 0.360407129, -0.119747217, -0.187835205, 0.103392473, 0.282296524, -0.953615055, 0.129516602, -0.954467773, -0.268554687, -0.986049303, -0.0956497465, -0.135210653, 0, 1, 5, 1, 
380.024679, 22, 0.1, 0.1, 0.018470678, 0.375398206, -0.0349674939, 0.974157323, -0.22587056, -1.14809734e-005, 0.22587056, 0.974157323, 4.55566672e-006, 1.01552833e-005, -7.03114999e-006, 1, 0.974157249, -0.22587088, -2.83910087e-006, 0.22587088, 0.974157249, -5.77423942e-006, 4.06996323e-006, 4.98374698e-006, 1, 0, 0, 0, 0, 0, 0, 0, 0.296418896, -0.13461438, -0.220025659, 0.108485571, 0.731332781, -0.673215505, -0.786621094, 0.477172852, 0.391601563, 0.607698393, 0.487173314, 0.62731968, 0, 0, -0, 0, 0, 0, 0, 0.360407129, -0.119747217, -0.187835205, 0.103392473, 0.282296524, -0.953615055, 0.129516602, -0.954467773, -0.268554687, -0.986049303, -0.0956497465, -0.135210653, 0, 1, 5, 1, 
380.025386, 22, 0.1, 0.1, 0.0184706771, 0.375398205, -0.0349669492, 0.974157695, -0.225868957, 1.31339664e-005, 0.225868958, 0.974157695, -9.56301494e-006, -1.06345662e-005, 1.22824399e-005, 1, 0.97415762, -0.225869278, 1.31911426e-005, 0.225869278, 0.97415762, -3.55033606e-006, -1.20483403e-005, 6.43806079e-006, 1, 0, 0, 0, 0, 0, 0, 0, 0.296418896, -0.13461438, -0.220025659, 0.108485571, 0.731332781, -0.673215505, -0.786621094, 0.477172852, 0.391601563, 0.607698393, 0.487173314, 0.62731968, 0, 0, -0, 0, 0, 0, 0, 0.360407129, -0.119747217, -0.187835205, 0.103392473, 0.282296524, -0.953615055, 0.129516602, -0.954467773, -0.268554687, -0.986049303, -0.0956497465, -0.135210653, 0, 1, 5, 1, 
380.026118, 22, 0.1, 0.1, 0.0184706811, 0.375398204, -0.0349668625, 0.974158083, -0.225867281, -1.29697316e-005, 0.225867281, 0.974158083, 1.19871042e-005, 9.92707423e-006, -1.46067724e-005, 1, 0.974158009, -0.225867603, -1.95528962e-005, 0.225867603, 0.974158009, 1.0754706e-005, 1.66184707e-005, -1.48931488e-005, 1, 0, 0, 0, 0, 0, 0, 0, 0.296439282, -0.134598755, -0.22022998, 0.108910553, 0.731656291, -0.67287889, -0.786987305, 0.476928711, 0.391357422, 0.607260307, 0.486874891, 0.627884325, 0, 0, -0, 0, 0, 0, 0, 0.360682764, -0.119494189, -0.187665186, 0.107385965, 0.28280765, -0.9530343, 0.130859375, -0.954223633, -0.268432617, -0.985506827, -0.0958415104, -0.139568351, 0, 1, 5, 1, 
380.026823, 22, 0.1, 0.1, 0.0184706799, 0.375398206, -0.0349673681, 0.974158461, -0.225865653, -8.43595446e-006, 0.225865653, 0.974158461, -5.32615482e-006, 9.42095185e-006, 3.28312642e-006, 1, 0.974158387, -0.225865971, 4.23176156e-006, 0.225865971, 0.974158387, -8.95342917e-006, -2.10013104e-006, 9.67786905e-006, 1, 0, 0, 0, 0, 0, 0, 0, 0.296439282, -0.134598755, -0.22022998, 0.108910553, 0.731656291, -0.67287889, -0.786987305, 0.476928711, 0.391357422, 0.607260307, 0.486874891, 0.627884325, 0, 0, -0, 0, 0, 0, 0, 0.360682764, -0.119494189, -0.187665186, 0.107385965, 0.28280765, -0.9530343, 0.130859375, -0.954223633, -0.268432617, -0.985506827, -0.0958415104, -0.139568351, 0, 1, 5, 1, 
380.027527, 22, 0.1, 0.1, 0.0184706818, 0.375398203, -0.034968385, 0.97415884, -0.225864017, 1.16741102e-005, 0.225864017, 0.97415884, -2.07167886e-006, -1.09045199e-005, 4.6549057e-006, 1, 0.974158764, -0.225864344, 3.29076047e-006, 0.225864344, 0.974158764, 8.24118563e-006, -5.06711315e-006, -7.28495775e-006, 1, 0, 0, 0, 0, 0, 0, 0, 0.296439282, -0.134598755, -0.22022998, 0.108910553, 0.731656291, -0.67287889, -0.786987305, 0.476928711, 0.391357422, 0.607260307, 0.486874891, 0.627884325, 0, 0, -0, 0, 0, 0, 0, 0.360682764, -0.119494189, -0.187665186, 0.107385965, 0.28280765, -0.9530343, 0.130859375, -0.954223633, -0.268432617, -0.985506827, -0.0958415104, -0.139568351, 0, 1, 5, 1, 
380.028246, 22, 0.1, 0.1, 0.0184706822, 0.375398204, -0.0349695418, 0.974159226, -0.225862351, -1.19108273e-005, 0.225862352, 0.974159226, 9.21011382e-006, 9.5228243e-006, -1.16623248e-005, 1, 0.974159151, -0.225862676, -1.18371749e-005, 0.225862676, 0.974159151, 4.07185199e-006, 1.06116128e-005, -6.64020787e-006, 1, 0, 0, 0, 0, 0, 0, 0, 0.296253271, -0.13529082, -0.220244873, 0.10960887, 0.731237301, -0.673158217, -0.786376953, 0.477905273, 0.391113281, 0.607767664, 0.486570477, 0.627681382, 0, 0, -0, 0, 0, 0, 0, 0.360682764, -0.119494189, -0.187665186, 0.107385965, 0.28280765, -0.9530343, 0.130859375, -0.954223633, -0.268432617, -0.985506827, -0.0958415104, -0.139568351, 0, 1, 5, 1, 
380.028964, 22, 0.1, 0.1, 0.018470679, 0.375398205, -0.0349702676, 0.97415961, -0.225860696, 1.0520924e-005, 0.225860696, 0.97415961, -1.05553697e-005, -7.86501611e-006, 1.26588781e-005, 1, 0.974159535, -0.225861019, 1.63205518e-005, 0.225861019, 0.974159535, -9.08659996e-006, -1.38465125e-005, 1.25379745e-005, 1, 0, 0, 0, 0, 0, 0, 0, 0.296253271, -0.13529082, -0.220244873, 0.10960887, 0.731237301, -0.673158217, -0.786376953, 0.477905273, 0.391113281, 0.607767664, 0.486570477, 0.627681382, 0, 0, -0, 0, 0, 0, 0, 0.360725146, -0.120173193, -0.187274854, 0.111270817, 0.282143406, -0.952798427, 0.130126953, -0.954589844, -0.267456055, -0.985098513, -0.0941929274, -0.142980356, 0, 1, 5, 1, 
380.02967, 22, 0.1, 0.1, 0.0184706802, 0.375398204, -0.0349706192, 0.974159984, -0.225859082, 7.23484999e-006, 0.225859082, 0.974159984, 3.32209716e-006, -7.79822717e-006, -1.60219754e-006, 1, 0.974159911, -0.225859398, -4.33200004e-006, 0.225859398, 0.974159911, 6.87929361e-006, 2.66630766e-006, -7.67995497e-006, 1, 0, 0, 0, 0, 0, 0, 0, 0.296253271, -0.13529082, -0.220244873, 0.10960887, 0.731237301, -0.673158217, -0.786376953, 0.477905273, 0.391113281, 0.607767664, 0.486570477, 0.627681382, 0, 0, -0, 0, 0, 0, 0, 0.360725146, -0.120173193, -0.187274854, 0.111270817, 0.282143406, -0.952798427, 0.130126953, -0.954589844, -0.267456055, -0.985098513, -0.0941929274, -0.142980356, 0, 1, 5, 1, 
380.030369, 22, 0.1, 0.1, 0.0184706786, 0.375398207, -0.0349705744, 0.974160353, -0.22585749, -1.11298378e-005, 0.22585749, 0.974160353, 2.45396716e-007, 1.0786822e-005, -2.75281299e-006, 1, 0.974160279, -0.22585781, -3.48537094e-006, 0.22585781, 0.974160279, -9.32410721e-006, 5.50123237e-006, 8.29597663e-006, 1, 0, 0, 0, 0, 0, 0, 0, 0.296253271, -0.13529082, -0.220244873, 0.10960887, 0.731237301, -0.673158217, -0.786376953, 0.477905273, 0.391113281, 0.607767664, 0.486570477, 0.627681382, 0, 0, -0, 0, 0, 0, 0, 0.360725146, -0.120173193, -0.187274854, 0.111270817, 0.282143406, -0.952798427, 0.130126953, -0.954589844, -0.267456055, -0.985098513, -0.0941929274, -0.142980356, 0, 1, 5, 1, 
380.03109, 22, 0.1, 0.1, 0.0184706776, 0.375398207, -0.0349700032, 0.974160731, -0.22585586, 1.30671574e-005, 0.22585586, 0.974160731, -9.74291244e-006, -1.05290177e-005, 1.24424568e-005, 1, 0.974160657, -0.225856179, 1.28965136e-005, 0.225856179, 0.974160657, -4.88877608e-006, -1.14591158e-005, 7.6752106e-006, 1, 0, 0, 0, 0, 0, 0, 0, 0.296253271, -0.13529082, -0.220244873, 0.10960887, 0.731237301, -0.673158217, -0.786376953, 0.477905273, 0.391113281, 0.607767664, 0.486570477, 0.627681382, 0, 0, -0, 0, 0, 0, 0, 0.360725146, -0.120173193, -0.187274854, 0.111270817, 0.282143406, -0.952798427, 0.130126953, -0.954589844, -0.267456055, -0.985098513, -0.0941929274, -0.142980356, 0, 1, 5, 1, 
380.031795, 22, 0.1, 0.1, 0.01847068, 0.375398207, -0.03496921, 0.974161098, -0.225854277, -8.18105409e-006, 0.225854277, 0.974161098, 1.12882029e-005, 5.42017574e-006, -1.28442542e-005, 1, 0.974161026, -0.225854591, -1.40991234e-005, 0.225854591, 0.974161026, 1.0081093e-005, 1.14579553e-005, -1.30049596e-005, 1, 0, 0, 0, 0, 0, 0, 0, 0.296253271, -0.13529082, -0.220244873, 0.10960887, 0.731237301, -0.673158217, -0.786376953, 0.477905273, 0.391113281, 0.607767664, 0.486570477, 0.627681382, 0, 0, -0, 0, 0, 0, 0, 0.360725146, -0.120173193, -0.187274854, 0.111270817, 0.282143406, -0.952798427, 0.130126953, -0.954589844, -0.267456055, -0.985098513, -0.0941929274, -0.142980356, 0, 1, 5, 1, 
380.0325, 22, 0.1, 0.1, 0.018470678, 0.375398208, -0.0349684545, 0.974161466, -0.225852693, -6.72685368e-006, 0.225852693, 0.974161466, -4.99437616e-006, 7.68103494e-006, 3.34605078e-006, 1, 0.974161393, -0.225853005, 6.21081387e-006, 0.225853006, 0.974161393, -8.462673e-006, -4.13901496e-006, 9.6467403e-006, 1, 0, 0, 0, 0, 0, 0, 0, 0.296253271, -0.13529082, -0.220244873, 0.10960887, 0.731237301, -0.673158217, -0.786376953, 0.477905273, 0.391113281, 0.607767664, 0.486570477, 0.627681382, 0, 0, -0, 0, 0, 0, 0, 0.360725146, -0.120173193, -0.187274854, 0.111270817, 0.282143406, -0.952798427, 0.130126953, -0.954589844, -0.267456055, -0.985098513, -0.0941929274, -0.142980356, 0, 1, 5, 1, 
380.033233, 22, 0.1, 0.1, 0.0184706793, 0.375398206, -0.0349677774, 0.97416185, -0.225851035, 1.32612015e-005, 0.225851035, 0.97416185, -3.62994808e-006, -1.20987291e-005, 6.53121302e-006, 1, 0.974161775, -0.225851357, 5.457863e-006, 0.225851357, 0.974161775, 7.04056762e-006, -6.90696326e-006, -5.62598609e-006, 1, 0, 0, 0, 0, 0, 0, 0, 0.296075439, -0.135767822, -0.22004873, 0.110491034, 0.730634464, -0.673678679, -0.786254883, 0.478881836, 0.39050293, 0.607875127, 0.486665957, 0.627516632, 0, 0, -0, 0, 0, 0, 0, 0.360742627, -0.120677295, -0.187112646, 0.114791463, 0.280923194, -0.952709474, 0.129882812, -0.955078125, -0.265991211, -0.984728478, -0.0930937498, -0.146162317, 0, 1, 5, 1, 
380.033938, 22, 0.1, 0.1, 0.0184706803, 0.375398207, -0.0349674149, 0.974162222, -0.22584943, -1.50110572e-005, 0.225849431, 0.974162222, 8.65505107e-006, 1.26684665e-005, -1.18216625e-005, 1, 0.974162148, -0.225849749, -1.4379663e-005, 0.225849749, 0.974162148, 3.03475312e-006, 1.33227251e-005, -6.20398489e-006, 1, 0, 0, 0, 0, 0, 0, 0, 0.296075439, -0.135767822, -0.22004873, 0.110491034, 0.730634464, -0.673678679, -0.786254883, 0.478881836, 0.39050293, 0.607875127, 0.486665957, 0.627516632, 0, 0, -0, 0, 0, 0, 0, 0.360742627, -0.120677295, -0.187112646, 0.114791463, 0.280923194, -0.952709474, 0.129882812, -0.955078125, -0.265991211, -0.984728478, -0.0930937498, -0.146162317, 0, 1, 5, 1, 
380.034645, 22, 0.1, 0.1, 0.018470678, 0.375398208, -0.0349675992, 0.974162597, -0.225847814, 7.83414235e-006, 0.225847814, 0.974162597, -1.02888449e-005, -5.30801532e-006, 1.17923318e-005, 1, 0.974162522, -0.225848137, 1.41162127e-005, 0.225848137, 0.974162522, -9.52089533e-006, -1.16012089e-005, 1.24630197e-005, 1, 0, 0, 0, 0, 0, 0, 0, 0.296075439, -0.135767822, -0.22004873, 0.110491034, 0.730634464, -0.673678679, -0.786254883, 0.478881836, 0.39050293, 0.607875127, 0.486665957, 0.627516632, 0, 0, -0, 0, 0, 0, 0, 0.360742627, -0.120677295, -0.187112646, 0.114791463, 0.280923194, -0.952709474, 0.129882812, -0.955078125, -0.265991211, -0.984728478, -0.0930937498, -0.146162317, 0, 1, 5, 1, 
380.035348, 22, 0.1, 0.1, 0.0184706803, 0.375398206, -0.0349682679, 0.974162969, -0.22584621, 5.77018439e-006, 0.22584621, 0.974162969, 7.51600694e-006, -7.31856164e-006, -6.01864136e-006, 1, 0.974162895, -0.225846528, -7.08303442e-006, 0.225846528, 0.974162895, 1.09732467e-005, 4.42175965e-006, -1.22894085e-005, 1, 0, 0, 0, 0, 0, 0, 0, 0.296075439, -0.135767822, -0.22004873, 0.110491034, 0.730634464, -0.673678679, -0.786254883, 0.478881836, 0.39050293, 0.607875127, 0.486665957, 0.627516632, 0, 0, -0, 0, 0, 0, 0, 0.360742627, -0.120677295, -0.187112646, 0.114791463, 0.280923194, -0.952709474, 0.129882812, -0.955078125, -0.265991211, -0.984728478, -0.0930937498, -0.146162317, 0, 1, 5, 1, 
380.036052, 22, 0.1, 0.1, 0.0184706788, 0.375398208, -0.0349691742, 0.974163344, -0.22584459, -1.20906402e-005, 0.22584459, 0.974163344, 3.41992336e-006, 1.10058873e-005, -6.06216964e-006, 1, 0.974163269, -0.225844914, -4.31516413e-006, 0.225844914, 0.974163269, -6.18313672e-006, 5.60010437e-006, 5.04882681e-006, 1, 0, 0, 0, 0, 0, 0, 0, 0.296075439, -0.135767822, -0.22004873, 0.110491034, 0.730634464, -0.673678679, -0.786254883, 0.478881836, 0.39050293, 0.607875127, 0.486665957, 0.627516632, 0, 0, -0, 0, 0, 0, 0, 0.360742627, -0.120677295, -0.187112646, 0.114791463, 0.280923194, -0.952709474, 0.129882812, -0.955078125, -0.265991211, -0.984728478, -0.0930937498, -0.146162317, 0, 1, 5, 1, 
380.036757, 22, 0.1, 0.1, 0.0184706781, 0.375398207, -0.0349700605, 0.974163718, -0.225842978, 1.23990572e-005, 0.225842979, 0.974163718, -9.53836619e-006, -9.9245386e-006, 1.20921703e-005, 1, 0.974163642, -0.225843304, 1.19616161e-005, 0.225843304, 0.974163642, -3.95639504e-006, -1.07590462e-005, 6.55562709e-006, 1, 0, 0, 0, 0, 0, 0, 0, 0.296075439, -0.135767822, -0.22004873, 0.110491034, 0.730634464, -0.673678679, -0.786254883, 0.478881836, 0.39050293, 0.607875127, 0.486665957, 0.627516632, 0, 0, -0, 0, 0, 0, 0, 0.360742627, -0.120677295, -0.187112646, 0.114791463, 0.280923194, -0.952709474, 0.129882812, -0.955078125, -0.265991211, -0.984728478, -0.0930937498, -0.146162317, 0, 1, 5, 1, 
380.037458, 22, 0.1, 0.1, 0.0184706804, 0.375398207, -0.0349706395, 0.974164086, -0.225841388, -7.84162256e-006, 0.225841388, 0.974164086, 8.21850484e-006, 5.78294853e-006, -9.77713519e-006, 1, 0.974164014, -0.225841699, -1.36289676e-005, 0.225841699, 0.974164014, 7.13369368e-006, 1.16657643e-005, -1.00273769e-005, 1, 0, 0, 0, 0, 0, 0, 0, 0.296075439, -0.135767822, -0.22004873, 0.110491034, 0.730634464, -0.673678679, -0.786254883, 0.478881836, 0.39050293, 0.607875127, 0.486665957, 0.627516632, 0, 0, -0, 0, 0, 0, 0, 0.360742627, -0.120677295, -0.187112646, 0.114791463, 0.280923194, -0.952709474, 0.129882812, -0.955078125, -0.265991211, -0.984728478, -0.0930937498, -0.146162317, 0, 1, 5, 1, 
380.038191, 22, 0.1, 0.1, 0.0184706779, 0.37539821, -0.0349705469, 0.974164469, -0.225839737, -4.46844607e-006, 0.225839736, 0.974164469, -7.14301294e-006, 5.96617755e-006, 5.94931673e-006, 1, 0.974164397, -0.225840047, 7.26761517e-006, 0.225840047, 0.974164397, -1.08701168e-005, -4.62494426e-006, 1.22305993e-005, 1, 0, 0, 0, 0, 0, 0, 0, 0.296121582, -0.13626521, -0.219870898, 0.111417382, 0.729606645, -0.674560843, -0.786376953, 0.479736328, 0.388916016, 0.607481224, 0.487199523, 0.627409169, 0, 0, -0, 0, 0, 0, 0, 0.360965039, -0.12138291, -0.186945312, 0.118082066, 0.279907505, -0.952658802, 0.129150391, -0.955566406, -0.264770508, -0.984505365, -0.0916048477, -0.148980073, 0, 1, 5, 1, 
380.038895, 22, 0.1, 0.1, 0.0184706786, 0.375398208, -0.0349699701, 0.974164838, -0.225838147, 1.35452417e-005, 0.225838148, 0.974164838, -2.99946057e-006, -1.25179056e-005, 5.98100132e-006, 1, 0.974164764, -0.225838465, 6.16908914e-006, 0.225838465, 0.974164764, 6.3508916e-006, -7.44398488e-006, -4.79359719e-006, 1, 0, 0, 0, 0, 0, 0, 0, 0.296121582, -0.13626521, -0.219870898, 0.111417382, 0.729606645, -0.674560843, -0.786376953, 0.479736328, 0.388916016, 0.607481224, 0.487199523, 0.627409169, 0, 0, -0, 0, 0, 0, 0, 0.360965039, -0.12138291, -0.186945312, 0.118082066, 0.279907505, -0.952658802, 0.129150391, -0.955566406, -0.264770508, -0.984505365, -0.0916048477, -0.148980073, 0, 1, 5, 1, 
380.039597, 22, 0.1, 0.1, 0.0184706791, 0.375398209, -0.0349692424, 0.974165203, -0.225836571, -1.29961834e-005, 0.225836571, 0.974165203, 9.47608087e-006, 1.0520384e-005, -1.21662817e-005, 1, 0.97416513, -0.225836887, -1.23275298e-005, 0.225836887, 0.97416513, 4.10111387e-006, 1.10828669e-005, -6.77917309e-006, 1, 0, 0, 0, 0, 0, 0, 0, 0.296121582, -0.13626521, -0.219870898, 0.111417382, 0.729606645, -0.674560843, -0.786376953, 0.479736328, 0.388916016, 0.607481224, 0.487199523, 0.627409169, 0, 0, -0, 0, 0, 0, 0, 0.360965039, -0.12138291, -0.186945312, 0.118082066, 0.279907505, -0.952658802, 0.129150391, -0.955566406, -0.264770508, -0.984505365, -0.0916048477, -0.148980073, 0, 1, 5, 1, 
380.040299, 22, 0.1, 0.1, 0.0184706769, 0.375398209, -0.034968577, 0.974165567, -0.225835001, 6.82533729e-006, 0.225835001, 0.974165567, -1.00494523e-005, -4.37949052e-006, 1.13312304e-005, 1, 0.974165495, -0.225835311, 1.3187361e-005, 0.225835311, 0.974165495, -9.10890709e-006, -1.07895592e-005, 1.18517548e-005, 1, 0, 0, 0, 0, 0, 0, 0, 0.296121582, -0.13626521, -0.219870898, 0.111417382, 0.729606645, -0.674560843, -0.786376953, 0.479736328, 0.388916016, 0.607481224, 0.487199523, 0.627409169, 0, 0, -0, 0, 0, 0, 0, 0.360965039, -0.12138291, -0.186945312, 0.118082066, 0.279907505, -0.952658802, 0.129150391, -0.955566406, -0.264770508, -0.984505365, -0.0916048477, -0.148980073, 0, 1, 5, 1, 
380.04102, 22, 0.1, 0.1, 0.01847068, 0.375398208, -0.0349680012, 0.974165943, -0.225833381, 3.59737735e-006, 0.225833381, 0.974165943, 7.16096426e-006, -5.12162726e-006, -6.16355961e-006, 1, 0.97416587, -0.225833694, -9.35995454e-006, 0.225833694, 0.97416587, 1.10448547e-005, 6.62384793e-006, -1.28733136e-005, 1, 0, 0, 0, 0, 0, 0, 0, 0.296121582, -0.13626521, -0.219870898, 0.111417382, 0.729606645, -0.674560843, -0.786376953, 0.479736328, 0.388916016, 0.607481224, 0.487199523, 0.627409169, 0, 0, -0, 0, 0, 0, 0, 0.361126172, -0.121194824, -0.186989502, 0.120363177, 0.279619859, -0.952512247, 0.130493164, -0.955566406, -0.264038086, -0.984020125, -0.0923715368, -0.151542267, 0, 1, 5, 1, 
380.041727, 22, 0.1, 0.1, 0.0184706793, 0.37539821, -0.0349677994, 0.974166315, -0.225831775, -1.43027288e-005, 0.225831775, 0.974166315, 3.00116919e-006, 1.32554772e-005, -6.15364855e-006, 1, 0.974166239, -0.225832102, -6.47480608e-006, 0.225832102, 0.974166239, -7.27869801e-006, 7.95130116e-006, 5.6284428e-006, 1, 0, 0, 0, 0, 0, 0, 0, 0.296121582, -0.13626521, -0.219870898, 0.111417382, 0.729606645, -0.674560843, -0.786376953, 0.479736328, 0.388916016, 0.607481224, 0.487199523, 0.627409169, 0, 0, -0, 0, 0, 0, 0, 0.361126172, -0.121194824, -0.186989502, 0.120363177, 0.279619859, -0.952512247, 0.130493164, -0.955566406, -0.264038086, -0.984020125, -0.0923715368, -0.151542267, 0, 1, 5, 1, 
380.04243, 22, 0.1, 0.1, 0.0184706784, 0.375398209, -0.0349680195, 0.974166687, -0.22583017, 1.47445141e-005, 0.22583017, 0.974166687, -9.45217251e-006, -1.22290287e-005, 1.25377477e-005, 1, 0.974166613, -0.225830491, 1.3766838e-005, 0.225830491, 0.974166613, -3.89092474e-006, -1.25325045e-005, 6.89938077e-006, 1, 0, 0, 0, 0, 0, 0, 0, 0.296121582, -0.13626521, -0.219870898, 0.111417382, 0.729606645, -0.674560843, -0.786376953, 0.479736328, 0.388916016, 0.607481224, 0.487199523, 0.627409169, 0, 0, -0, 0, 0, 0, 0, 0.361126172, -0.121194824, -0.186989502, 0.120363177, 0.279619859, -0.952512247, 0.130493164, -0.955566406, -0.264038086, -0.984020125, -0.0923715368, -0.151542267, 0, 1, 5, 1, 
380.04315, 22, 0.1, 0.1, 0.0184706803, 0.375398209, -0.034968449, 0.974167067, -0.225828531, -6.08515399e-006, 0.225828531, 0.974167067, 1.09448635e-005, 3.45629417e-006, -1.2036327e-005, 1, 0.974166993, -0.225828852, -1.25992419e-005, 0.225828852, 0.974166993, 9.91290757e-006, 1.0035145e-005, -1.25020997e-005, 1, 0, 0, 0, 0, 0, 0, 0, 0.296347021, -0.136266675, -0.219653149, 0.111549932, 0.729518278, -0.674706497, -0.787475586, 0.479003906, 0.387573242, 0.605977127, 0.488202255, 0.628050198, 0, 0, -0, 0, 0, 0, 0, 0.361126172, -0.121194824, -0.186989502, 0.120363177, 0.279619859, -0.952512247, 0.130493164, -0.955566406, -0.264038086, -0.984020125, -0.0923715368, -0.151542267, 0, 1, 5, 1, 
380.043852, 22, 0.1, 0.1, 0.0184706771, 0.37539821, -0.0349690415, 0.974167438, -0.225826932, -2.69467639e-006, 0.225826932, 0.974167438, -6.1474631e-006, 4.01332872e-006, 5.38012788e-006, 1, 0.974167366, -0.225827242, 9.61025636e-006, 0.225827242, 0.974167366, -9.30941568e-006, -7.25967845e-006, 1.12391866e-005, 1, 0, 0, 0, 0, 0, 0, 0, 0.296347021, -0.136266675, -0.219653149, 0.111549932, 0.729518278, -0.674706497, -0.787475586, 0.479003906, 0.387573242, 0.605977127, 0.488202255, 0.628050198, 0, 0, -0, 0, 0, 0, 0, 0.361126172, -0.121194824, -0.186989502, 0.120363177, 0.279619859, -0.952512247, 0.130493164, -0.955566406, -0.264038086, -0.984020125, -0.0923715368, -0.151542267, 0, 1, 5, 1, 
380.044557, 22, 0.1, 0.1, 0.0184706777, 0.375398208, -0.0349696787, 0.974167811, -0.225825322, 1.32510862e-005, 0.225825322, 0.974167811, -3.66099962e-006, -1.20820352e-005, 6.5588588e-006, 1, 0.974167737, -0.225825641, 6.14447888e-006, 0.225825641, 0.974167737, 6.1060998e-006, -7.36466699e-006, -4.56078454e-006, 1, 0, 0, 0, 0, 0, 0, 0, 0.296347021, -0.136266675, -0.219653149, 0.111549932, 0.729518278, -0.674706497, -0.787475586, 0.479003906, 0.387573242, 0.605977127, 0.488202255, 0.628050198, 0, 0, -0, 0, 0, 0, 0, 0.361126172, -0.121194824, -0.186989502, 0.120363177, 0.279619859, -0.952512247, 0.130493164, -0.955566406, -0.264038086, -0.984020125, -0.0923715368, -0.151542267, 0, 1, 5, 1, 
380.04529, 22, 0.1, 0.1, 0.0184706786, 0.375398209, -0.0349700141, 0.974168198, -0.225823654, -1.40582958e-005, 0.225823654, 0.974168198, 9.01791757e-006, 1.16586856e-005, -1.19596642e-005, 1, 0.974168116, -0.225824004, -1.32759779e-005, 0.225824004, 0.974168117, 3.3174429e-006, 1.21838761e-005, -6.22978158e-006, 1, 0, 0, 0, 0, 0, 0, 0, 0.296556836, -0.136040137, -0.219652539, 0.111358972, 0.729531383, -0.674731585, -0.788452148, 0.478149414, 0.38671875, 0.604771453, 0.489065323, 0.628672131, 0, 0, -0, 0, 0, 0, 0, 0.361126172, -0.121194824, -0.186989502, 0.122887091, 0.279562256, -0.952231531, 0.131713867, -0.955566406, -0.263549805, -0.983509365, -0.0929913046, -0.154213102, 0, 1, 5, 1, 
380.046, 22, 0.1, 0.1, 0.0184706768, 0.37539821, -0.0349697928, 0.974168571, -0.225822042, 6.09873495e-006, 0.225822042, 0.974168571, -1.06989407e-005, -3.52513927e-006, 1.17998006e-005, 1, 0.974168499, -0.225822355, 1.19901531e-005, 0.225822355, 0.974168499, -9.70791355e-006, -9.48816556e-006, 1.21647882e-005, 1, 0, 0, 0, 0, 0, 0, 0, 0.296556836, -0.136040137, -0.219652539, 0.111358972, 0.729531383, -0.674731585, -0.788452148, 0.478149414, 0.38671875, 0.604771453, 0.489065323, 0.628672131, 0, 0, -0, 0, 0, 0, 0, 0.361527148, -0.120988428, -0.186803857, 0.122887091, 0.279562256, -0.952231531, 0.131713867, -0.955566406, -0.263549805, -0.983509365, -0.0929913046, -0.154213102, 0, 1, 5, 1, 
380.046704, 22, 0.1, 0.1, 0.0184706793, 0.375398209, -0.0349694362, 0.974168939, -0.225820456, 5.01714676e-006, 0.225820456, 0.974168939, 5.25800605e-006, -6.07491386e-006, -3.9892118e-006, 1, 0.974168865, -0.225820773, -7.7049651e-006, 0.225820773, 0.974168865, 8.57917151e-006, 5.56858197e-006, -1.00975029e-005, 1, 0, 0, 0, 0, 0, 0, 0, 0.296556836, -0.136040137, -0.219652539, 0.111358972, 0.729531383, -0.674731585, -0.788452148, 0.478149414, 0.38671875, 0.604771453, 0.489065323, 0.628672131, 0, 0, -0, 0, 0, 0, 0, 0.361527148, -0.120988428, -0.186803857, 0.122887091, 0.279562256, -0.952231531, 0.131713867, -0.955566406, -0.263549805, -0.983509365, -0.0929913046, -0.154213102, 0, 1, 5, 1, 
380.047409, 22, 0.1, 0.1, 0.018470678, 0.375398211, -0.0349690271, 0.974169309, -0.22581886, -1.18405982e-005, 0.22581886, 0.974169309, 3.61121848e-006, 1.07192661e-005, -6.1917686e-006, 1, 0.974169235, -0.22581918, -4.42184258e-006, 0.22581918, 0.974169235, -6.61713307e-006, 5.80189857e-006, 5.4476706e-006, 1, 0, 0, 0, 0, 0, 0, 0, 0.296556836, -0.136040137, -0.219652539, 0.111358972, 0.729531383, -0.674731585, -0.788452148, 0.478149414, 0.38671875, 0.604771453, 0.489065323, 0.628672131, 0, 0, -0, 0, 0, 0, 0, 0.361527148, -0.120988428, -0.186803857, 0.122887091, 0.279562256, -0.952231531, 0.131713867, -0.955566406, -0.263549805, -0.983509365, -0.0929913046, -0.154213102, 0, 1, 5, 1, 
380.048111, 22, 0.1, 0.1, 0.0184706767, 0.37539821, -0.0349687379, 0.974169677, -0.225817274, 1.50535326e-005, 0.225817274, 0.974169677, -8.13575355e-006, -1.28275013e-005, 1.13249521e-005, 1, 0.974169603, -0.225817592, 1.44562748e-005, 0.225817592, 0.974169603, -2.73155678e-006, -1.34660299e-005, 5.92548075e-006, 1, 0, 0, 0, 0, 0, 0, 0, 0.296556836, -0.136040137, -0.219652539, 0.111358972, 0.729531383, -0.674731585, -0.788452148, 0.478149414, 0.38671875, 0.604771453, 0.489065323, 0.628672131, 0, 0, -0, 0, 0, 0, 0, 0.361527148, -0.120988428, -0.186803857, 0.122887091, 0.279562256, -0.952231531, 0.131713867, -0.955566406, -0.263549805, -0.983509365, -0.0929913046, -0.154213102, 0, 1, 5, 1, 
380.048814, 22, 0.1, 0.1, 0.0184706785, 0.37539821, -0.0349686403, 0.974170045, -0.225815686, -6.7365837e-006, 0.225815686, 0.974170045, 1.01369406e-005, 4.27349784e-006, -1.13963302e-005, 1, 0.974169972, -0.225816, -1.2693898e-005, 0.225816, 0.974169972, 9.4203786e-006, 1.02387421e-005, -1.20435352e-005, 1, 0, 0, 0, 0, 0, 0, 0, 0.296556836, -0.136040137, -0.219652539, 0.111358972, 0.729531383, -0.674731585, -0.788452148, 0.478149414, 0.38671875, 0.604771453, 0.489065323, 0.628672131, 0, 0, -0, 0, 0, 0, 0, 0.361527148, -0.120988428, -0.186803857, 0.122887091, 0.279562256, -0.952231531, 0.131713867, -0.955566406, -0.263549805, -0.983509365, -0.0929913046, -0.154213102, 0, 1, 5, 1, 
380.049518, 22, 0.1, 0.1, 0.018470676, 0.375398212, -0.0349687321, 0.974170412, -0.225814102, -5.20519402e-006, 0.225814102, 0.974170412, -7.2626816e-006, 6.71076192e-006, 5.89968331e-006, 1, 0.97417034, -0.225814413, 7.50984261e-006, 0.225814413, 0.97417034, -1.07201097e-005, -4.89511064e-006, 1.21390436e-005, 1, 0, 0, 0, 0, 0, 0, 0, 0.296556836, -0.136040137, -0.219652539, 0.111358972, 0.729531383, -0.674731585, -0.788452148, 0.478149414, 0.38671875, 0.604771453, 0.489065323, 0.628672131, 0, 0, -0, 0, 0, 0, 0, 0.361527148, -0.120988428, -0.186803857, 0.122887091, 0.279562256, -0.952231531, 0.131713867, -0.955566406, -0.263549805, -0.983509365, -0.0929913046, -0.154213102, 0, 1, 5, 1, 
380.05025, 22, 0.1, 0.1, 0.018470677, 0.37539821, -0.0349687816, 0.974170798, -0.225812437, 1.41866933e-005, 0.225812437, 0.974170798, -3.61854202e-006, -1.30031505e-005, 6.72860975e-006, 1, 0.974170724, -0.225812757, 6.58187443e-006, 0.225812757, 0.974170724, 6.08207011e-006, -7.78527839e-006, -4.43870343e-006, 1, 0, 0, 0, 0, 0, 0, 0, 0.296744922, -0.135782349, -0.219620068, 0.110723934, 0.730191508, -0.674134739, -0.789306641, 0.476806641, 0.38671875, 0.603883297, 0.489331545, 0.629319152, 0, 0, -0, 0, 0, 0, 0, 0.361626758, -0.12074834, -0.187039307, 0.12434391, 0.279619859, -0.951957012, 0.131591797, -0.955566406, -0.263549805, -0.983356247, -0.0923715368, -0.155657161, 0, 1, 5, 1, 
