time, trialNum, realDorsalTactorPos, realVentralTactorPos, boxPosX, boxPosY, boxPosZ, boxLocalRot_11, boxLocalRot_12, boxLocalRot_13, boxLocalRot_21, boxLocalRot_22, boxLocalRot_23, boxLocalRot_31, boxLocalRot_32, boxLocalRot_33, boxGlobalRot_11, boxGlobalRot_12, boxGlobalRot_13, boxGlobalRot_21, boxGlobalRot_22, boxGlobalRot_23, boxGlobalRot_31, boxGlobalRot_32, boxGlobalRot_33, indexForceX, indexForceY, indexForceZ, indexForceGlobalX, indexForceGlobalY, indexForceGlobalZ, indexContact, indexPosX, indexPosY, indexPosZ, indexRot_11, indexRot_12, indexRot_13, indexRot_21, indexRot_22, indexRot_23, indexRot_31, indexRot_32, indexRot_33, thumbForceX, thumbForceY, thumbForceZ, thumbForceGlobalX, thumbForceGlobalY, thumbForceGlobalZ, thumbContact, thumbPosX, thumbPosY, thumbPosZ, thumbRot_11, thumbRot_12, thumbRot_13, thumbRot_21, thumbRot_22, thumbRot_23, thumbRot_31, thumbRot_32, thumbRot_33, manipForceTooHigh, cceExpType, mapping, trialSuccess, 
254.766643, 11, 0.1, 0.1, 0.0236527444, 0.374670619, -0.0349811381, 0.979030098, -5.04816744e-005, 0.203715647, 0.203715648, 3.5872358e-006, -0.979030099, 4.86923026e-005, 0.999999999, 1.37959188e-005, 0.979030095, -5.25948508e-005, 0.20371566, 0.20371566, 2.26584006e-006, -0.979030096, 5.10303547e-005, 0.999999999, 1.29327204e-005, 0, 0, 0, 0, 0, 0, 0, 0.235003369, -0.115752368, -0.138622998, -0.203337762, 0.852446876, -0.481523371, -0.683227539, 0.228759766, 0.693481445, 0.70133227, 0.469968197, 0.536027805, 0, 0, 0, 0, 0, 0, 0, 0.302835449, -0.0979268555, -0.127661719, -0.218242604, 0.302787402, -0.927692103, 0.155395508, -0.927612305, -0.339355469, -0.963392865, -0.218202662, 0.155345613, 0, 1, 1, 1, 
254.796957, 11, 0.1, 0.1, 0.0236527306, 0.374670626, -0.0349671503, 0.979031944, -6.05325119e-006, 0.203706783, 0.203706783, -1.39465276e-005, -0.979031943, 8.76732855e-006, 1, -1.24210077e-005, 0.979031989, -8.373404e-006, 0.203706562, 0.203706562, -8.50504025e-006, -0.979031989, 9.93036289e-006, 1, -6.62098913e-006, 0, 0, 0, 0, 0, 0, 0, 0.236460474, -0.11718667, -0.13899187, -0.204940704, 0.850253819, -0.484674976, -0.690551758, 0.225219727, 0.687255859, 0.693552675, 0.475629996, 0.541099872, 0, 0, 0, 0, 0, 0, 0, 0.305360889, -0.0993897461, -0.12707334, -0.209214409, 0.299515389, -0.930798972, 0.163330078, -0.927734375, -0.335327148, -0.964039619, -0.222106103, 0.145199652, 0, 1, 1, 1, 
254.797658, 11, 0.1, 0.1, 0.0236527272, 0.374670624, -0.0349648172, 0.979031702, 5.35761847e-006, 0.203707944, 0.203707944, 1.40191915e-005, -0.979031702, -8.10109901e-006, 1, 1.26338435e-005, 0.979031751, 1.25300373e-005, 0.203707707, 0.203707707, 1.60867934e-005, -0.979031751, -1.55443082e-005, 1, 1.31970163e-005, 0, 0, 0, 0, 0, 0, 0, 0.236460474, -0.11718667, -0.13899187, -0.204940704, 0.850253819, -0.484674976, -0.690551758, 0.225219727, 0.687255859, 0.693552675, 0.475629996, 0.541099872, 0, 0, 0, 0, 0, 0, 0, 0.305360889, -0.0993897461, -0.12707334, -0.209214409, 0.299515389, -0.930798972, 0.163330078, -0.927734375, -0.335327148, -0.964039619, -0.222106103, 0.145199652, 0, 1, 1, 1, 
254.798381, 11, 0.1, 0.1, 0.0236527282, 0.374670627, -0.0349638004, 0.979031435, 9.88615186e-006, 0.203709227, 0.203709227, -4.15140155e-006, -0.979031435, -8.83317464e-006, 1, -6.07825297e-006, 0.979031487, -1.09899063e-006, 0.203708979, 0.203708979, -1.40093386e-005, -0.979031486, 3.92977449e-006, 1, -1.34917093e-005, 0, 0, 0, 0, 0, 0, 0, 0.236476709, -0.117396973, -0.139201562, -0.204642281, 0.850539137, -0.484414746, -0.690307617, 0.225341797, 0.68737793, 0.693876186, 0.475090439, 0.541182247, 0, 0, 0, 0, 0, 0, 0, 0.305384082, -0.0995963867, -0.127524951, -0.208837445, 0.299758193, -0.930760692, 0.163330078, -0.927734375, -0.335449219, -0.964122741, -0.222080583, 0.144835447, 0, 1, 1, 1, 
254.79908, 11, 0.1, 0.1, 0.0236527276, 0.374670625, -0.0349643993, 0.979031161, -1.22465532e-005, 0.203710546, 0.203710546, -9.06696915e-006, -0.979031161, 1.38367944e-005, 1, -6.38209329e-006, 0.979031217, -8.65194985e-006, 0.203710273, 0.203710273, 4.94800619e-006, -0.979031217, 7.46256931e-006, 1, 6.60674359e-006, 0, 0, 0, 0, 0, 0, 0, 0.236476709, -0.117396973, -0.139201562, -0.204642281, 0.850539137, -0.484414746, -0.690307617, 0.225341797, 0.68737793, 0.693876186, 0.475090439, 0.541182247, 0, 0, 0, 0, 0, 0, 0, 0.305384082, -0.0995963867, -0.127524951, -0.208837445, 0.299758193, -0.930760692, 0.163330078, -0.927734375, -0.335449219, -0.964122741, -0.222080583, 0.144835447, 0, 1, 1, 1, 
254.799777, 11, 0.1, 0.1, 0.0236527267, 0.374670625, -0.034966479, 0.979030875, 8.45087209e-006, 0.203711918, 0.203711918, 1.40994403e-005, -0.979030875, -1.11458887e-005, 1, 1.2082244e-005, 0.979030934, 1.00422336e-005, 0.203711637, 0.203711637, 8.31374612e-006, -0.979030934, -1.15252642e-005, 1, 6.09369477e-006, 0, 0, 0, 0, 0, 0, 0, 0.236476709, -0.117396973, -0.139201562, -0.204642281, 0.850539137, -0.484414746, -0.690307617, 0.225341797, 0.68737793, 0.693876186, 0.475090439, 0.541182247, 0, 0, 0, 0, 0, 0, 0, 0.305384082, -0.0995963867, -0.127524951, -0.208837445, 0.299758193, -0.930760692, 0.163330078, -0.927734375, -0.335449219, -0.964122741, -0.222080583, 0.144835447, 0, 1, 1, 1, 
254.80047, 11, 0.1, 0.1, 0.0236527282, 0.374670627, -0.0349693262, 0.979030585, -2.61496504e-006, 0.203713314, 0.203713314, -1.22296508e-005, -0.979030585, 5.05147345e-006, 1, -1.1440499e-005, 0.979030643, -8.37881127e-006, 0.203713035, 0.203713035, -1.36558077e-005, -0.979030643, 1.0984979e-005, 1, -1.16625811e-005, 0, 0, 0, 0, 0, 0, 0, 0.236476709, -0.117396973, -0.139201562, -0.204642281, 0.850539137, -0.484414746, -0.690307617, 0.225341797, 0.68737793, 0.693876186, 0.475090439, 0.541182247, 0, 0, 0, 0, 0, 0, 0, 0.305384082, -0.0995963867, -0.127524951, -0.208837445, 0.299758193, -0.930760692, 0.163330078, -0.927734375, -0.335449219, -0.964122741, -0.222080583, 0.144835447, 0, 1, 1, 1, 
254.801179, 11, 0.1, 0.1, 0.0236527263, 0.374670624, -0.034972023, 0.979030284, -5.62449162e-006, 0.203714757, 0.203714757, 4.46555914e-006, -0.979030284, 4.59684733e-006, 1, 5.51770958e-006, 0.979030343, 3.37246039e-006, 0.203714474, 0.203714474, 1.17381267e-005, -0.979030343, -5.69296737e-006, 1, 1.08049632e-005, 0, 0, 0, 0, 0, 0, 0, 0.236476709, -0.117396973, -0.139201562, -0.204642281, 0.850539137, -0.484414746, -0.690307617, 0.225341797, 0.68737793, 0.693876186, 0.475090439, 0.541182247, 0, 0, 0, 0, 0, 0, 0, 0.305384082, -0.0995963867, -0.127524951, -0.208837445, 0.299758193, -0.930760692, 0.163330078, -0.927734375, -0.335449219, -0.964122741, -0.222080583, 0.144835447, 0, 1, 1, 1, 
254.801882, 11, 0.1, 0.1, 0.0236527265, 0.374670626, -0.0349737093, 0.979029985, 7.60015777e-006, 0.203716194, 0.203716194, 7.45920798e-006, -0.979029985, -8.96034381e-006, 1, 5.75451307e-006, 0.979030045, 5.48128804e-006, 0.203715906, 0.203715906, -2.82497763e-006, -0.979030045, -4.7908528e-006, 1, -3.88236353e-006, 0, 0, 0, 0, 0, 0, 0, 0.236476709, -0.117396973, -0.139201562, -0.204642281, 0.850539137, -0.484414746, -0.690307617, 0.225341797, 0.68737793, 0.693876186, 0.475090439, 0.541182247, 0, 0, 0, 0, 0, 0, 0, 0.305384082, -0.0995963867, -0.127524951, -0.208837445, 0.299758193, -0.930760692, 0.163330078, -0.927734375, -0.335449219, -0.964122741, -0.222080583, 0.144835447, 0, 1, 1, 1, 
254.802582, 11, 0.1, 0.1, 0.0236527276, 0.374670625, -0.0349740056, 0.97902969, -8.54971698e-006, 0.203717611, 0.203717611, -1.12259289e-005, -0.97902969, 1.06573462e-005, 1, -9.24878976e-006, 0.979029749, -9.99555857e-006, 0.203717331, 0.203717331, -6.90405499e-006, -0.979029749, 1.11924249e-005, 1, -4.72300671e-006, 0, 0, 0, 0, 0, 0, 0, 0.236476709, -0.117396973, -0.139201562, -0.204642281, 0.850539137, -0.484414746, -0.690307617, 0.225341797, 0.68737793, 0.693876186, 0.475090439, 0.541182247, 0, 0, 0, 0, 0, 0, 0, 0.305384082, -0.0995963867, -0.127524951, -0.208837445, 0.299758193, -0.930760692, 0.163330078, -0.927734375, -0.335449219, -0.964122741, -0.222080583, 0.144835447, 0, 1, 1, 1, 
254.803309, 11, 0.1, 0.1, 0.0236527261, 0.374670624, -0.0349726849, 0.979029386, 1.27481342e-006, 0.203719076, 0.203719076, 1.07026269e-005, -0.979029386, -3.42840907e-006, 1, 1.02184824e-005, 0.979029444, 6.36358071e-006, 0.203718797, 0.203718797, 1.26851912e-005, -0.979029444, -8.81434478e-006, 1, 1.11227947e-005, 0, 0, 0, 0, 0, 0, 0, 0.236651855, -0.117383423, -0.139599951, -0.205562637, 0.850799368, -0.48349439, -0.690429687, 0.224121094, 0.687744141, 0.693527588, 0.475172814, 0.541530845, 0, 0, 0, 0, 0, 0, 0, 0.3053875, -0.0993819336, -0.127978271, -0.208862964, 0.300007192, -0.930709653, 0.164550781, -0.927368164, -0.33581543, -0.963879938, -0.223281839, 0.14434984, 0, 1, 1, 1, 
254.804012, 11, 0.1, 0.1, 0.0236527272, 0.374670626, -0.0349703688, 0.979029092, 7.87668795e-006, 0.203720487, 0.203720487, -3.72975023e-006, -0.979029092, -6.95168012e-006, 1, -5.25617669e-006, 0.97902915, -1.71205382e-006, 0.203720208, 0.203720208, -1.18197538e-005, -0.97902915, 4.08407329e-006, 1, -1.12231036e-005, 0, 0, 0, 0, 0, 0, 0, 0.236651855, -0.117383423, -0.139599951, -0.205562637, 0.850799368, -0.48349439, -0.690429687, 0.224121094, 0.687744141, 0.693527588, 0.475172814, 0.541530845, 0, 0, 0, 0, 0, 0, 0, 0.3053875, -0.0993819336, -0.127978271, -0.208862964, 0.300007192, -0.930709653, 0.164550781, -0.927368164, -0.33581543, -0.963879938, -0.223281839, 0.14434984, 0, 1, 1, 1, 
254.804707, 11, 0.1, 0.1, 0.0236527267, 0.374670624, -0.0349679863, 0.979028797, -1.03858863e-005, 0.203721907, 0.203721906, -1.00145526e-005, -0.979028797, 1.22082656e-005, 1, -7.68870284e-006, 0.979028857, -7.43646184e-006, 0.203721615, 0.203721615, 2.59698416e-006, -0.979028857, 6.75144893e-006, 1, 4.05749045e-006, 0, 0, 0, 0, 0, 0, 0, 0.236651855, -0.117383423, -0.139599951, -0.205562637, 0.850799368, -0.48349439, -0.690429687, 0.224121094, 0.687744141, 0.693527588, 0.475172814, 0.541530845, 0, 0, 0, 0, 0, 0, 0, 0.3053875, -0.0993819336, -0.127978271, -0.208862964, 0.300007192, -0.930709653, 0.164550781, -0.927368164, -0.33581543, -0.963879938, -0.223281839, 0.14434984, 0, 1, 1, 1, 
254.805407, 11, 0.1, 0.1, 0.0236527254, 0.374670625, -0.0349662009, 0.979028494, 8.33522111e-006, 0.20372336, 0.203723359, 1.50205738e-005, -0.979028494, -1.12204607e-005, 1, 1.30074905e-005, 0.979028555, 1.05649363e-005, 0.203723067, 0.203723067, 9.30642968e-006, -0.979028555, -1.22393087e-005, 1, 6.95893919e-006, 0, 0, 0, 0, 0, 0, 0, 0.236651855, -0.117383423, -0.139599951, -0.205562637, 0.850799368, -0.48349439, -0.690429687, 0.224121094, 0.687744141, 0.693527588, 0.475172814, 0.541530845, 0, 0, 0, 0, 0, 0, 0, 0.3053875, -0.0993819336, -0.127978271, -0.208862964, 0.300007192, -0.930709653, 0.164550781, -0.927368164, -0.33581543, -0.963879938, -0.223281839, 0.14434984, 0, 1, 1, 1, 
254.806106, 11, 0.1, 0.1, 0.0236527276, 0.374670626, -0.0349654919, 0.979028186, -3.84040112e-006, 0.203724843, 0.203724843, -1.34533622e-005, -0.979028186, 6.50064505e-006, 1, -1.23888357e-005, 0.979028247, -1.06990547e-005, 0.203724546, 0.203724546, -1.52503513e-005, -0.979028247, 1.35815477e-005, 1, -1.27508646e-005, 0, 0, 0, 0, 0, 0, 0, 0.236651855, -0.117383423, -0.139599951, -0.205562637, 0.850799368, -0.48349439, -0.690429687, 0.224121094, 0.687744141, 0.693527588, 0.475172814, 0.541530845, 0, 0, 0, 0, 0, 0, 0, 0.3053875, -0.0993819336, -0.127978271, -0.208862964, 0.300007192, -0.930709653, 0.164550781, -0.927368164, -0.33581543, -0.963879938, -0.223281839, 0.14434984, 0, 1, 1, 1, 
254.806807, 11, 0.1, 0.1, 0.0236527258, 0.374670623, -0.0349660069, 0.97902787, -7.51933662e-006, 0.203726362, 0.203726362, 3.68438021e-006, -0.97902787, 6.61103474e-006, 1, 5.138998e-006, 0.979027933, 3.08175464e-006, 0.203726058, 0.203726058, 1.30638688e-005, -0.979027933, -5.67857437e-006, 1, 1.21620587e-005, 0, 0, 0, 0, 0, 0, 0, 0.236651855, -0.117383423, -0.139599951, -0.205562637, 0.850799368, -0.48349439, -0.690429687, 0.224121094, 0.687744141, 0.693527588, 0.475172814, 0.541530845, 0, 0, 0, 0, 0, 0, 0, 0.3053875, -0.0993819336, -0.127978271, -0.208862964, 0.300007192, -0.930709653, 0.164550781, -0.927368164, -0.33581543, -0.963879938, -0.223281839, 0.14434984, 0, 1, 1, 1, 
254.807507, 11, 0.1, 0.1, 0.0236527256, 0.374670626, -0.0349674744, 0.979027548, 1.17887461e-005, 0.203727908, 0.203727908, 7.3109736e-006, -0.979027548, -1.30309566e-005, 1, 4.75594797e-006, 0.979027612, 8.70879395e-006, 0.203727598, 0.203727598, -5.28507908e-006, -0.979027612, -7.44943328e-006, 1, -6.94846002e-006, 0, 0, 0, 0, 0, 0, 0, 0.236651855, -0.117383423, -0.139599951, -0.205562637, 0.850799368, -0.48349439, -0.690429687, 0.224121094, 0.687744141, 0.693527588, 0.475172814, 0.541530845, 0, 0, 0, 0, 0, 0, 0, 0.3053875, -0.0993819336, -0.127978271, -0.208862964, 0.300007192, -0.930709653, 0.164550781, -0.927368164, -0.33581543, -0.963879938, -0.223281839, 0.14434984, 0, 1, 1, 1, 
254.808232, 11, 0.1, 0.1, 0.0236527264, 0.374670626, -0.034969241, 0.979027212, -9.07125699e-006, 0.203729524, 0.203729524, -1.41785658e-005, -0.979027212, 1.17695999e-005, 1, -1.20331189e-005, 0.979027276, -1.06085854e-005, 0.203729215, 0.203729215, -9.21588375e-006, -0.979027276, 1.22636392e-005, 1, -6.8613228e-006, 0, 0, 0, 0, 0, 0, 0, 0.236874487, -0.117375977, -0.139809033, -0.20553755, 0.850939031, -0.483259246, -0.691040039, 0.223388672, 0.68737793, 0.692905655, 0.475274285, 0.542235154, 0, 0, 0, 0, 0, 0, 0, 0.305667139, -0.0991374512, -0.128228613, -0.208000393, 0.300582118, -0.930690696, 0.165649414, -0.926879883, -0.336425781, -0.963912021, -0.224080611, 0.143001663, 0, 1, 1, 1, 
254.808932, 11, 0.1, 0.1, 0.0236527248, 0.374670624, -0.0349708037, 0.979026888, 1.61248772e-006, 0.203731079, 0.203731079, 1.21775175e-005, -0.979026888, -4.05960761e-006, 1, 1.15936032e-005, 0.979026952, 7.02766781e-006, 0.203730772, 0.203730772, 1.33360304e-005, -0.979026952, -9.59723595e-006, 1, 1.1624581e-005, 0, 0, 0, 0, 0, 0, 0, 0.236874487, -0.117375977, -0.139809033, -0.20553755, 0.850939031, -0.483259246, -0.691040039, 0.223388672, 0.68737793, 0.692905655, 0.475274285, 0.542235154, 0, 0, 0, 0, 0, 0, 0, 0.305667139, -0.0991374512, -0.128228613, -0.208000393, 0.300582118, -0.930690696, 0.165649414, -0.926879883, -0.336425781, -0.963912021, -0.224080611, 0.143001663, 0, 1, 1, 1, 
254.809624, 11, 0.1, 0.1, 0.0236527262, 0.374670626, -0.034971907, 0.979026571, 6.14615439e-006, 0.203732602, 0.203732603, -1.64360213e-006, -0.979026571, -5.68239312e-006, 1, -2.86130218e-006, 0.979026633, -2.83330301e-006, 0.203732306, 0.203732306, -9.05206447e-006, -0.979026633, 4.61807707e-006, 1, -8.28497684e-006, 0, 0, 0, 0, 0, 0, 0, 0.236874487, -0.117375977, -0.139809033, -0.20553755, 0.850939031, -0.483259246, -0.691040039, 0.223388672, 0.68737793, 0.692905655, 0.475274285, 0.542235154, 0, 0, 0, 0, 0, 0, 0, 0.305667139, -0.0991374512, -0.128228613, -0.208000393, 0.300582118, -0.930690696, 0.165649414, -0.926879883, -0.336425781, -0.963912021, -0.224080611, 0.143001663, 0, 1, 1, 1, 
254.810335, 11, 0.1, 0.1, 0.0236527255, 0.374670623, -0.0349722372, 0.979026246, -7.80458545e-006, 0.203734163, 0.203734163, -6.74936362e-006, -0.979026246, 9.01596995e-006, 1, -5.01774344e-006, 0.979026316, -5.39274089e-006, 0.203733828, 0.203733828, 5.33297732e-006, -0.979026316, 4.19312736e-006, 1, 6.31980888e-006, 0, 0, 0, 0, 0, 0, 0, 0.236874487, -0.117375977, -0.139809033, -0.205671222, 0.850977223, -0.482985911, -0.691894531, 0.22253418, 0.686767578, 0.692061683, 0.47551542, 0.543180597, 0, 0, 0, 0, 0, 0, 0, 0.305667139, -0.0991374512, -0.128228613, -0.208000393, 0.300582118, -0.930690696, 0.165649414, -0.926879883, -0.336425781, -0.963912021, -0.224080611, 0.143001663, 0, 1, 1, 1, 
254.81105, 11, 0.1, 0.1, 0.0236527236, 0.374670624, -0.0349714478, 0.979025922, 1.00237461e-005, 0.20373572, 0.20373572, 1.28024605e-005, -0.979025922, -1.24218258e-005, 1, 1.04917456e-005, 0.979025985, 1.1748206e-005, 0.20373542, 0.20373542, 8.3522175e-006, -0.979025985, -1.32034415e-005, 1, 5.78351228e-006, 0, 0, 0, 0, 0, 0, 0, 0.23708833, -0.117373291, -0.139792187, -0.205671222, 0.850977223, -0.482985911, -0.691894531, 0.22253418, 0.686767578, 0.692061683, 0.47551542, 0.543180597, 0, 0, 0, 0, 0, 0, 0, 0.305716943, -0.0991030273, -0.128477246, -0.207271984, 0.301425366, -0.9306845, 0.166748047, -0.926391602, -0.337158203, -0.963835462, -0.225096667, 0.141774887, 0, 1, 1, 1, 
254.811752, 11, 0.1, 0.1, 0.0236527246, 0.374670625, -0.034970105, 0.979025606, -1.32595276e-006, 0.20373724, 0.20373724, -1.16184869e-005, -0.979025606, 3.66526017e-006, 1, -1.11046503e-005, 0.979025669, -6.78006136e-006, 0.203736936, 0.203736936, -1.34501146e-005, -0.979025669, 9.37813925e-006, 1, -1.17866586e-005, 0, 0, 0, 0, 0, 0, 0, 0.23708833, -0.117373291, -0.139792187, -0.205671222, 0.850977223, -0.482985911, -0.691894531, 0.22253418, 0.686767578, 0.692061683, 0.47551542, 0.543180597, 0, 0, 0, 0, 0, 0, 0, 0.305716943, -0.0991030273, -0.128477246, -0.207271984, 0.301425366, -0.9306845, 0.166748047, -0.926391602, -0.337158203, -0.963835462, -0.225096667, 0.141774887, 0, 1, 1, 1, 
254.812449, 11, 0.1, 0.1, 0.0236527231, 0.374670622, -0.0349686631, 0.979025292, -8.43829401e-006, 0.203738748, 0.203738748, 3.20754015e-006, -0.979025292, 7.60780304e-006, 1, 4.85947039e-006, 0.979025355, 1.84018813e-006, 0.203738448, 0.203738448, 1.18827668e-005, -0.979025355, -4.22256729e-006, 1, 1.12586129e-005, 0, 0, 0, 0, 0, 0, 0, 0.23708833, -0.117373291, -0.139792187, -0.205671222, 0.850977223, -0.482985911, -0.691894531, 0.22253418, 0.686767578, 0.692061683, 0.47551542, 0.543180597, 0, 0, 0, 0, 0, 0, 0, 0.305716943, -0.0991030273, -0.128477246, -0.207271984, 0.301425366, -0.9306845, 0.166748047, -0.926391602, -0.337158203, -0.963835462, -0.225096667, 0.141774887, 0, 1, 1, 1, 
254.81315, 11, 0.1, 0.1, 0.0236527235, 0.374670625, -0.0349675421, 0.979024972, 9.80254041e-006, 0.203740285, 0.203740285, 8.21830204e-006, -0.979024972, -1.1271331e-005, 1, 6.04875054e-006, 0.979025037, 6.71223009e-006, 0.203739973, 0.203739973, -4.61519762e-006, -0.979025037, -5.63114107e-006, 1, -5.8859436e-006, 0, 0, 0, 0, 0, 0, 0, 0.23708833, -0.117373291, -0.139792187, -0.205671222, 0.850977223, -0.482985911, -0.691894531, 0.22253418, 0.686767578, 0.692061683, 0.47551542, 0.543180597, 0, 0, 0, 0, 0, 0, 0, 0.305716943, -0.0991030273, -0.128477246, -0.207271984, 0.301425366, -0.9306845, 0.166748047, -0.926391602, -0.337158203, -0.963835462, -0.225096667, 0.141774887, 0, 1, 1, 1, 
254.813844, 11, 0.1, 0.1, 0.0236527244, 0.374670624, -0.0349671151, 0.979024653, -8.41786903e-006, 0.203741819, 0.203741819, -1.53044933e-005, -0.979024653, 1.13594666e-005, 1, -1.32684043e-005, 0.979024717, -1.05319001e-005, 0.203741513, 0.203741512, -9.88019666e-006, -0.979024717, 1.23239967e-005, 1, -7.52717149e-006, 0, 0, 0, 0, 0, 0, 0, 0.23708833, -0.117373291, -0.139792187, -0.205671222, 0.850977223, -0.482985911, -0.691894531, 0.22253418, 0.686767578, 0.692061683, 0.47551542, 0.543180597, 0, 0, 0, 0, 0, 0, 0, 0.305716943, -0.0991030273, -0.128477246, -0.207271984, 0.301425366, -0.9306845, 0.166748047, -0.926391602, -0.337158203, -0.963835462, -0.225096667, 0.141774887, 0, 1, 1, 1, 
254.814541, 11, 0.1, 0.1, 0.0236527221, 0.374670623, -0.0349674384, 0.97902433, 3.59291226e-006, 0.203743373, 0.203743373, 1.25052416e-005, -0.97902433, -6.06540862e-006, 1, 1.15109037e-005, 0.979024394, 9.93476474e-006, 0.203743064, 0.203743064, 1.39811625e-005, -0.979024394, -1.25749419e-005, 1, 1.16637597e-005, 0, 0, 0, 0, 0, 0, 0, 0.23708833, -0.117373291, -0.139792187, -0.205671222, 0.850977223, -0.482985911, -0.691894531, 0.22253418, 0.686767578, 0.692061683, 0.47551542, 0.543180597, 0, 0, 0, 0, 0, 0, 0, 0.305716943, -0.0991030273, -0.128477246, -0.207271984, 0.301425366, -0.9306845, 0.166748047, -0.926391602, -0.337158203, -0.963835462, -0.225096667, 0.141774887, 0, 1, 1, 1, 
254.815251, 11, 0.1, 0.1, 0.0236527233, 0.374670625, -0.034968339, 0.979023999, 7.66488503e-006, 0.203744962, 0.203744962, -2.41060596e-006, -0.979023999, -7.01295757e-006, 1, -3.9217228e-006, 0.979024068, -2.81598696e-006, 0.203744631, 0.203744631, -1.17567864e-005, -0.979024068, 5.15230112e-006, 1, -1.09364347e-005, 0, 0, 0, 0, 0, 0, 0, 0.23708833, -0.117373291, -0.139792187, -0.205468279, 0.851078695, -0.48304919, -0.692138672, 0.22253418, 0.686523438, 0.691782356, 0.475375757, 0.543561395, 0, 0, 0, 0, 0, 0, 0, 0.305716943, -0.0991030273, -0.128477246, -0.207271984, 0.301425366, -0.9306845, 0.166748047, -0.926391602, -0.337158203, -0.963835462, -0.225096667, 0.141774887, 0, 1, 1, 1, 
254.815963, 11, 0.1, 0.1, 0.0236527228, 0.374670622, -0.034969243, 0.979023663, -1.03832862e-005, 0.203746575, 0.203746575, -5.32331029e-006, -0.979023663, 1.12500891e-005, 1, -3.09608773e-006, 0.97902373, -7.35358609e-006, 0.203746256, 0.203746256, 6.9653376e-006, -0.97902373, 5.78017382e-006, 1, 8.31749643e-006, 0, 0, 0, 0, 0, 0, 0, 0.237097852, -0.117815015, -0.140017505, -0.205468279, 0.851078695, -0.48304919, -0.692138672, 0.22253418, 0.686523438, 0.691782356, 0.475375757, 0.543561395, 0, 0, 0, 0, 0, 0, 0, 0.305740137, -0.0992964844, -0.128700732, -0.206895019, 0.301936492, -0.930499299, 0.166992188, -0.926269531, -0.337646484, -0.963918584, -0.225288431, 0.141180639, 0, 1, 1, 1, 
254.816664, 11, 0.1, 0.1, 0.0236527219, 0.374670622, -0.0349701785, 0.979023335, 7.28786703e-006, 0.203748153, 0.203748153, 1.37822501e-005, -0.979023335, -9.9430999e-006, 1, 1.2008255e-005, 0.979023401, 8.90476113e-006, 0.203747837, 0.203747837, 9.18092438e-006, -0.979023401, -1.0588563e-005, 1, 7.17401398e-006, 0, 0, 0, 0, 0, 0, 0, 0.237097852, -0.117815015, -0.140017505, -0.205468279, 0.851078695, -0.48304919, -0.692138672, 0.22253418, 0.686523438, 0.691782356, 0.475375757, 0.543561395, 0, 0, 0, 0, 0, 0, 0, 0.305740137, -0.0992964844, -0.128700732, -0.206895019, 0.301936492, -0.930499299, 0.166992188, -0.926269531, -0.337646484, -0.963918584, -0.225288431, 0.141180639, 0, 1, 1, 1, 
254.817374, 11, 0.1, 0.1, 0.0236527238, 0.374670623, -0.0349706432, 0.979023001, -3.15926733e-006, 0.203749755, 0.203749755, -1.28434357e-005, -0.979023001, 5.70984226e-006, 1, -1.1930319e-005, 0.979023066, -8.79642575e-006, 0.203749446, 0.203749446, -1.41410526e-005, -0.979023066, 1.14931353e-005, 1, -1.20521498e-005, 0, 0, 0, 0, 0, 0, 0, 0.237097852, -0.117815015, -0.140017505, -0.205468279, 0.851078695, -0.48304919, -0.692138672, 0.22253418, 0.686523438, 0.691782356, 0.475375757, 0.543561395, 0, 0, 0, 0, 0, 0, 0, 0.305740137, -0.0992964844, -0.128700732, -0.206895019, 0.301936492, -0.930499299, 0.166992188, -0.926269531, -0.337646484, -0.963918584, -0.225288431, 0.141180639, 0, 1, 1, 1, 
254.818076, 11, 0.1, 0.1, 0.0236527223, 0.374670622, -0.0349707258, 0.979022676, -7.14251924e-006, 0.203751318, 0.203751318, 1.90969891e-006, -0.979022676, 6.60358463e-006, 1, 3.32493625e-006, 0.97902274, 2.19882555e-006, 0.20375101, 0.20375101, 9.71919714e-006, -0.97902274, -4.13299645e-006, 1, 9.0673021e-006, 0, 0, 0, 0, 0, 0, 0, 0.237097852, -0.117815015, -0.140017505, -0.205468279, 0.851078695, -0.48304919, -0.692138672, 0.22253418, 0.686523438, 0.691782356, 0.475375757, 0.543561395, 0, 0, 0, 0, 0, 0, 0, 0.305740137, -0.0992964844, -0.128700732, -0.206895019, 0.301936492, -0.930499299, 0.166992188, -0.926269531, -0.337646484, -0.963918584, -0.225288431, 0.141180639, 0, 1, 1, 1, 
254.818776, 11, 0.1, 0.1, 0.0236527225, 0.374670624, -0.0349704278, 0.979022352, 9.15811935e-006, 0.203752877, 0.203752877, 7.68252676e-006, -0.979022352, -1.05313405e-005, 1, 5.65537225e-006, 0.979022417, 6.61446835e-006, 0.203752561, 0.203752561, -4.24751655e-006, -0.979022417, -5.61027042e-006, 1, -5.50612879e-006, 0, 0, 0, 0, 0, 0, 0, 0.237097852, -0.117815015, -0.140017505, -0.205468279, 0.851078695, -0.48304919, -0.692138672, 0.22253418, 0.686523438, 0.691782356, 0.475375757, 0.543561395, 0, 0, 0, 0, 0, 0, 0, 0.305740137, -0.0992964844, -0.128700732, -0.206895019, 0.301936492, -0.930499299, 0.166992188, -0.926269531, -0.337646484, -0.963918584, -0.225288431, 0.141180639, 0, 1, 1, 1, 
254.81947, 11, 0.1, 0.1, 0.0236527235, 0.374670623, -0.0349698844, 0.979022032, -8.57777317e-006, 0.203754415, 0.203754414, -1.26881188e-005, -0.979022032, 1.09830891e-005, 1, -1.06741887e-005, 0.979022095, -1.03434704e-005, 0.20375411, 0.20375411, -7.89889991e-006, -0.979022095, 1.17359194e-005, 1, -5.62567293e-006, 0, 0, 0, 0, 0, 0, 0, 0.237097852, -0.117815015, -0.140017505, -0.205468279, 0.851078695, -0.48304919, -0.692138672, 0.22253418, 0.686523438, 0.691782356, 0.475375757, 0.543561395, 0, 0, 0, 0, 0, 0, 0, 0.305740137, -0.0992964844, -0.128700732, -0.206895019, 0.301936492, -0.930499299, 0.166992188, -0.926269531, -0.337646484, -0.963918584, -0.225288431, 0.141180639, 0, 1, 1, 1, 
254.820194, 11, 0.1, 0.1, 0.0236527214, 0.374670622, -0.0349691817, 0.979021699, 2.54355592e-006, 0.203756015, 0.203756015, 1.2410222e-005, -0.979021699, -5.01885382e-006, 1, 1.16316118e-005, 0.979021768, 8.66114671e-006, 0.203755679, 0.203755679, 1.45068889e-005, -0.979021768, -1.14353122e-005, 1, 1.24378022e-005, 0, 0, 0, 0, 0, 0, 0, 0.237525537, -0.118324121, -0.139465088, -0.205735623, 0.849715383, -0.485359067, -0.693725586, 0.223022461, 0.684692383, 0.690094412, 0.477692747, 0.543803652, 0, 0, 0, 0, 0, 0, 0, 0.305740137, -0.0992964844, -0.128700732, -0.204173144, 0.299789542, -0.931822323, 0.169067383, -0.926757813, -0.335205078, -0.964123474, -0.225882312, 0.138586729, 0, 1, 1, 1, 
254.820894, 11, 0.1, 0.1, 0.0236527224, 0.374670624, -0.0349683932, 0.979021377, 8.97218931e-006, 0.203757562, 0.203757562, -3.79467426e-006, -0.979021377, -8.01077156e-006, 1, -5.54321864e-006, 0.97902144, -1.18153174e-006, 0.203757258, 0.203757258, -1.23034832e-005, -0.97902144, 3.66366891e-006, 1, -1.18046282e-005, 0, 0, 0, 0, 0, 0, 0, 0.237525537, -0.118324121, -0.139465088, -0.205735623, 0.849715383, -0.485359067, -0.693725586, 0.223022461, 0.684692383, 0.690094412, 0.477692747, 0.543803652, 0, 0, 0, 0, 0, 0, 0, 0.30613916, -0.0996742676, -0.127949854, -0.204173144, 0.299789542, -0.931822323, 0.169067383, -0.926757813, -0.335205078, -0.964123474, -0.225882312, 0.138586729, 0, 1, 1, 1, 
254.821591, 11, 0.1, 0.1, 0.0236527215, 0.374670622, -0.0349680094, 0.979021052, -9.37864594e-006, 0.20375912, 0.20375912, -8.76669296e-006, -0.979021052, 1.09681855e-005, 1, -6.67179231e-006, 0.979021119, -6.29574219e-006, 0.203758802, 0.203758802, 3.78462076e-006, -0.979021119, 5.39251478e-006, 1, 4.98803654e-006, 0, 0, 0, 0, 0, 0, 0, 0.237525537, -0.118324121, -0.139465088, -0.205735623, 0.849715383, -0.485359067, -0.693725586, 0.223022461, 0.684692383, 0.690094412, 0.477692747, 0.543803652, 0, 0, 0, 0, 0, 0, 0, 0.30613916, -0.0996742676, -0.127949854, -0.204173144, 0.299789542, -0.931822323, 0.169067383, -0.926757813, -0.335205078, -0.964123474, -0.225882312, 0.138586729, 0, 1, 1, 1, 
254.822288, 11, 0.1, 0.1, 0.0236527202, 0.374670622, -0.0349680886, 0.979020728, 8.28409144e-006, 0.20376068, 0.20376068, 1.433499e-005, -0.979020728, -1.10312045e-005, 1, 1.23462803e-005, 0.979020793, 1.03408826e-005, 0.203760367, 0.203760367, 8.85258843e-006, -0.979020793, -1.19277458e-005, 1, 6.5598061e-006, 0, 0, 0, 0, 0, 0, 0, 0.237525537, -0.118324121, -0.139465088, -0.205735623, 0.849715383, -0.485359067, -0.693725586, 0.223022461, 0.684692383, 0.690094412, 0.477692747, 0.543803652, 0, 0, 0, 0, 0, 0, 0, 0.30613916, -0.0996742676, -0.127949854, -0.204173144, 0.299789542, -0.931822323, 0.169067383, -0.926757813, -0.335205078, -0.964123474, -0.225882312, 0.138586729, 0, 1, 1, 1, 
254.822997, 11, 0.1, 0.1, 0.0236527221, 0.374670624, -0.0349686004, 0.979020396, -2.778872e-006, 0.203762275, 0.203762275, -1.15024621e-005, -0.979020396, 5.06434021e-006, 1, -1.06949157e-005, 0.979020467, -9.47749373e-006, 0.203761932, 0.203761932, -1.32147283e-005, -0.979020467, 1.19713189e-005, 1, -1.10063371e-005, 0, 0, 0, 0, 0, 0, 0, 0.237525537, -0.118324121, -0.139465088, -0.205735623, 0.849715383, -0.485359067, -0.693725586, 0.223022461, 0.684692383, 0.690094412, 0.477692747, 0.543803652, 0, 0, 0, 0, 0, 0, 0, 0.30613916, -0.0996742676, -0.127949854, -0.202352121, 0.298319597, -0.932659741, 0.172363281, -0.926635742, -0.333862305, -0.963932077, -0.228246178, 0.136043859, 0, 1, 1, 1, 
254.823694, 11, 0.1, 0.1, 0.0236527204, 0.374670621, -0.0349692399, 0.979020071, -6.60319332e-006, 0.203763836, 0.203763836, 3.45776547e-006, -0.979020071, 5.76009123e-006, 1, 4.7307138e-006, 0.979020135, 2.98506305e-006, 0.203763526, 0.203763526, 1.19153329e-005, -0.979020135, -5.35034708e-006, 1, 1.10571039e-005, 0, 0, 0, 0, 0, 0, 0, 0.237525537, -0.118324121, -0.139465088, -0.205735623, 0.849715383, -0.485359067, -0.693725586, 0.223022461, 0.684692383, 0.690094412, 0.477692747, 0.543803652, 0, 0, 0, 0, 0, 0, 0, 0.306710156, -0.0998212402, -0.127389014, -0.202352121, 0.298319597, -0.932659741, 0.172363281, -0.926635742, -0.333862305, -0.963932077, -0.228246178, 0.136043859, 0, 1, 1, 1, 
254.824389, 11, 0.1, 0.1, 0.0236527202, 0.374670623, -0.0349699333, 0.979019745, 1.05226741e-005, 0.203765403, 0.203765403, 7.03729583e-006, -0.979019745, -1.17358631e-005, 1, 4.74549465e-006, 0.979019811, 7.7820041e-006, 0.203765086, 0.203765086, -4.68556502e-006, -0.979019811, -6.66398163e-006, 1, -6.17296171e-006, 0, 0, 0, 0, 0, 0, 0, 0.237525537, -0.118324121, -0.139465088, -0.205735623, 0.849715383, -0.485359067, -0.693725586, 0.223022461, 0.684692383, 0.690094412, 0.477692747, 0.543803652, 0, 0, 0, 0, 0, 0, 0, 0.306710156, -0.0998212402, -0.127389014, -0.202352121, 0.298319597, -0.932659741, 0.172363281, -0.926635742, -0.333862305, -0.963932077, -0.228246178, 0.136043859, 0, 1, 1, 1, 
254.825089, 11, 0.1, 0.1, 0.0236527209, 0.374670623, -0.0349704576, 0.979019418, -8.03064383e-006, 0.203766972, 0.203766971, -1.33142352e-005, -0.979019418, 1.05751576e-005, 1, -1.13985149e-005, 0.979019483, -9.48601436e-006, 0.203766659, 0.203766659, -8.49217625e-006, -0.979019483, 1.10174153e-005, 1, -6.38107255e-006, 0, 0, 0, 0, 0, 0, 0, 0.237525537, -0.118324121, -0.139465088, -0.205735623, 0.849715383, -0.485359067, -0.693725586, 0.223022461, 0.684692383, 0.690094412, 0.477692747, 0.543803652, 0, 0, 0, 0, 0, 0, 0, 0.306710156, -0.0998212402, -0.127389014, -0.202352121, 0.298319597, -0.932659741, 0.172363281, -0.926635742, -0.333862305, -0.963932077, -0.228246178, 0.136043859, 0, 1, 1, 1, 
254.825803, 11, 0.1, 0.1, 0.0236527191, 0.374670622, -0.0349705478, 0.979019088, 1.58019079e-006, 0.203768558, 0.203768558, 1.22281018e-005, -0.979019088, -4.03873962e-006, 1, 1.16495519e-005, 0.979019154, 7.54768016e-006, 0.20376824, 0.20376824, 1.38760745e-005, -0.979019154, -1.02168267e-005, 1, 1.20469652e-005, 0, 0, 0, 0, 0, 0, 0, 0.237903784, -0.118602539, -0.138870679, -0.206942419, 0.848491734, -0.486869156, -0.695678711, 0.222290039, 0.683105469, 0.687937303, 0.480111209, 0.544413602, 0, 0, 0, 0, 0, 0, 0, 0.306710156, -0.0998212402, -0.127389014, -0.202352121, 0.298319597, -0.932659741, 0.172363281, -0.926635742, -0.333862305, -0.963932077, -0.228246178, 0.136043859, 0, 1, 1, 1, 
254.826495, 11, 0.1, 0.1, 0.0236527207, 0.374670623, -0.0349702971, 0.97901877, 6.10825749e-006, 0.203770088, 0.203770088, -2.76422389e-006, -0.97901877, -5.41683259e-006, 1, -3.95090724e-006, 0.979018832, -3.39247178e-006, 0.203769786, 0.203769786, -1.06077569e-005, -0.979018832, 5.4828341e-006, 1, -9.69391048e-006, 0, 0, 0, 0, 0, 0, 0, 0.237903784, -0.118602539, -0.138870679, -0.206942419, 0.848491734, -0.486869156, -0.695678711, 0.222290039, 0.683105469, 0.687937303, 0.480111209, 0.544413602, 0, 0, 0, 0, 0, 0, 0, 0.306710156, -0.0998212402, -0.127389014, -0.202352121, 0.298319597, -0.932659741, 0.172363281, -0.926635742, -0.333862305, -0.963932077, -0.228246178, 0.136043859, 0, 1, 1, 1, 
254.827193, 11, 0.1, 0.1, 0.0236527204, 0.374670621, -0.034969867, 0.979018448, -9.70598662e-006, 0.203771633, 0.203771633, -8.35390639e-006, -0.979018448, 1.12046291e-005, 1, -6.20082373e-006, 0.979018512, -7.29145559e-006, 0.203771323, 0.203771323, 3.59303839e-006, -0.979018512, 6.40631182e-006, 1, 5.00344066e-006, 0, 0, 0, 0, 0, 0, 0, 0.237903784, -0.118602539, -0.138870679, -0.206942419, 0.848491734, -0.486869156, -0.695678711, 0.222290039, 0.683105469, 0.687937303, 0.480111209, 0.544413602, 0, 0, 0, 0, 0, 0, 0, 0.306710156, -0.0998212402, -0.127389014, -0.202352121, 0.298319597, -0.932659741, 0.172363281, -0.926635742, -0.333862305, -0.963932077, -0.228246178, 0.136043859, 0, 1, 1, 1, 
254.827905, 11, 0.1, 0.1, 0.0236527189, 0.374670622, -0.034969276, 0.97901812, 9.36373044e-006, 0.203773209, 0.203773209, 1.40333513e-005, -0.97901812, -1.20268828e-005, 1, 1.18308278e-005, 0.979018184, 1.11144931e-005, 0.203772901, 0.203772901, 9.1067887e-006, -0.979018184, -1.27370076e-005, 1, 6.65087924e-006, 0, 0, 0, 0, 0, 0, 0, 0.238313159, -0.119102124, -0.138293848, -0.207571466, 0.847331365, -0.488696763, -0.697021484, 0.222412109, 0.681640625, 0.686306647, 0.482148872, 0.544579475, 0, 0, 0, 0, 0, 0, 0, 0.306710156, -0.0998212402, -0.127389014, -0.202352121, 0.298319597, -0.932659741, 0.172363281, -0.926635742, -0.333862305, -0.963932077, -0.228246178, 0.136043859, 0, 1, 1, 1, 
254.828616, 11, 0.1, 0.1, 0.0236527206, 0.374670623, -0.0349685269, 0.979017791, -2.94739854e-006, 0.203774789, 0.203774789, -1.17724786e-005, -0.979017791, 5.28448994e-006, 1, -1.09248604e-005, 0.979017855, -8.74178736e-006, 0.203774481, 0.203774481, -1.3635971e-005, -0.979017855, 1.13370288e-005, 1, -1.15685059e-005, 0, 0, 0, 0, 0, 0, 0, 0.238313159, -0.119102124, -0.138293848, -0.207571466, 0.847331365, -0.488696763, -0.697021484, 0.222412109, 0.681640625, 0.686306647, 0.482148872, 0.544579475, 0, 0, 0, 0, 0, 0, 0, 0.307062793, -0.100395898, -0.126604687, -0.200384175, 0.296709293, -0.93368236, 0.174316406, -0.926879883, -0.33203125, -0.963970723, -0.229274627, 0.134095237, 0, 1, 1, 1, 
254.829313, 11, 0.1, 0.1, 0.0236527192, 0.37467062, -0.034968137, 0.979017469, -8.49751352e-006, 0.203776334, 0.203776335, 4.41864091e-006, -0.979017469, 7.41879973e-006, 1, 6.0575188e-006, 0.979017532, 1.51576217e-006, 0.203776033, 0.203776033, 1.29345503e-005, -0.979017532, -4.11970908e-006, 1, 1.23542755e-005, 0, 0, 0, 0, 0, 0, 0, 0.238313159, -0.119102124, -0.138293848, -0.207571466, 0.847331365, -0.488696763, -0.697021484, 0.222412109, 0.681640625, 0.686306647, 0.482148872, 0.544579475, 0, 0, 0, 0, 0, 0, 0, 0.307062793, -0.100395898, -0.126604687, -0.200384175, 0.296709293, -0.93368236, 0.174316406, -0.926879883, -0.33203125, -0.963970723, -0.229274627, 0.134095237, 0, 1, 1, 1, 
254.830011, 11, 0.1, 0.1, 0.0236527196, 0.374670622, -0.034968207, 0.979017143, 1.00836198e-005, 0.203777903, 0.203777903, 8.5314618e-006, -0.979017143, -1.161056e-005, 1, 6.29762846e-006, 0.979017208, 7.02973956e-006, 0.203777589, 0.203777589, -3.62716123e-006, -0.979017208, -6.14310182e-006, 1, -4.98355664e-006, 0, 0, 0, 0, 0, 0, 0, 0.238313159, -0.119102124, -0.138293848, -0.207571466, 0.847331365, -0.488696763, -0.697021484, 0.222412109, 0.681640625, 0.686306647, 0.482148872, 0.544579475, 0, 0, 0, 0, 0, 0, 0, 0.307062793, -0.100395898, -0.126604687, -0.200384175, 0.296709293, -0.93368236, 0.174316406, -0.926879883, -0.33203125, -0.963970723, -0.229274627, 0.134095237, 0, 1, 1, 1, 
254.83071, 11, 0.1, 0.1, 0.0236527203, 0.374670622, -0.0349686527, 0.979016816, -7.45603717e-006, 0.203779472, 0.203779472, -1.46500085e-005, -0.979016816, 1.02849568e-005, 1, -1.28232174e-005, 0.979016882, -9.44952948e-006, 0.203779157, 0.203779156, -9.16930551e-006, -0.979016882, 1.11197622e-005, 1, -7.05128774e-006, 0, 0, 0, 0, 0, 0, 0, 0.238313159, -0.119102124, -0.138293848, -0.207571466, 0.847331365, -0.488696763, -0.697021484, 0.222412109, 0.681640625, 0.686306647, 0.482148872, 0.544579475, 0, 0, 0, 0, 0, 0, 0, 0.307062793, -0.100395898, -0.126604687, -0.200384175, 0.296709293, -0.93368236, 0.174316406, -0.926879883, -0.33203125, -0.963970723, -0.229274627, 0.134095237, 0, 1, 1, 1, 
254.831402, 11, 0.1, 0.1, 0.0236527179, 0.374670621, -0.0349693522, 0.979016492, 3.78034477e-006, 0.203781028, 0.203781028, 1.05387848e-005, -0.979016492, -5.84862428e-006, 1, 9.54728161e-006, 0.979016557, 9.7274663e-006, 0.20378072, 0.20378072, 1.20404663e-005, -0.979016557, -1.19769654e-005, 1, 9.80554574e-006, 0, 0, 0, 0, 0, 0, 0, 0.238313159, -0.119102124, -0.138293848, -0.207571466, 0.847331365, -0.488696763, -0.697021484, 0.222412109, 0.681640625, 0.686306647, 0.482148872, 0.544579475, 0, 0, 0, 0, 0, 0, 0, 0.307062793, -0.100395898, -0.126604687, -0.200384175, 0.296709293, -0.93368236, 0.174316406, -0.926879883, -0.33203125, -0.963970723, -0.229274627, 0.134095237, 0, 1, 1, 1, 
254.832099, 11, 0.1, 0.1, 0.0236527191, 0.374670624, -0.0349701073, 0.979016168, 6.79390446e-006, 0.203782587, 0.203782587, -4.24048843e-006, -0.979016168, -5.78720461e-006, 1, -5.53598616e-006, 0.979016232, -2.35346558e-006, 0.20378228, 0.20378228, -1.24365009e-005, -0.979016232, 4.83841952e-006, 1, -1.16959417e-005, 0, 0, 0, 0, 0, 0, 0, 0.238313159, -0.119102124, -0.138293848, -0.207571466, 0.847331365, -0.488696763, -0.697021484, 0.222412109, 0.681640625, 0.686306647, 0.482148872, 0.544579475, 0, 0, 0, 0, 0, 0, 0, 0.307062793, -0.100395898, -0.126604687, -0.200384175, 0.296709293, -0.93368236, 0.174316406, -0.926879883, -0.33203125, -0.963970723, -0.229274627, 0.134095237, 0, 1, 1, 1, 
254.832817, 11, 0.1, 0.1, 0.0236527191, 0.374670622, -0.0349706058, 0.979015834, -1.09549687e-005, 0.203784193, 0.203784193, -9.26409603e-006, -0.979015834, 1.26129641e-005, 1, -6.83724725e-006, 0.979015909, -7.83805081e-006, 0.203783832, 0.203783832, 3.64776912e-006, -0.979015909, 6.93022007e-006, 1, 5.16849203e-006, 0, 0, 0, 0, 0, 0, 0, 0.238313159, -0.119102124, -0.138293848, -0.209031379, 0.846798921, -0.489014282, -0.697143555, 0.221557617, 0.681762695, 0.685672731, 0.483469123, 0.544135397, 0, 0, 0, 0, 0, 0, 0, 0.307062793, -0.100395898, -0.126604687, -0.200384175, 0.296709293, -0.93368236, 0.174316406, -0.926879883, -0.33203125, -0.963970723, -0.229274627, 0.134095237, 0, 1, 1, 1, 
254.833524, 11, 0.1, 0.1, 0.0236527182, 0.374670623, -0.0349704292, 0.979015504, 7.88751742e-006, 0.203785776, 0.203785776, 1.23189597e-005, -0.979015504, -1.02324306e-005, 1, 1.04530887e-005, 0.979015568, 9.31058422e-006, 0.203785468, 0.203785468, 7.26919138e-006, -0.979015568, -1.05965625e-005, 1, 5.21928977e-006, 0, 0, 0, 0, 0, 0, 0, 0.238236621, -0.11934856, -0.138534668, -0.209031379, 0.846798921, -0.489014282, -0.697143555, 0.221557617, 0.681762695, 0.685672731, 0.483469123, 0.544135397, 0, 0, 0, 0, 0, 0, 0, 0.307304346, -0.100699219, -0.126636426, -0.200154132, 0.295840159, -0.933995525, 0.17578125, -0.926879883, -0.331298828, -0.963823802, -0.230347918, 0.133571351, 0, 1, 1, 1, 
254.834225, 11, 0.1, 0.1, 0.0236527196, 0.374670624, -0.0349699735, 0.979015181, -1.11454696e-006, 0.203787331, 0.203787331, -1.14136025e-005, -0.97901518, 3.41710597e-006, 1, -1.09469595e-005, 0.979015245, -7.10167091e-006, 0.203787021, 0.203787021, -1.33509295e-005, -0.979015245, 9.67339023e-006, 1, -1.16235351e-005, 0, 0, 0, 0, 0, 0, 0, 0.238236621, -0.11934856, -0.138534668, -0.209031379, 0.846798921, -0.489014282, -0.697143555, 0.221557617, 0.681762695, 0.685672731, 0.483469123, 0.544135397, 0, 0, 0, 0, 0, 0, 0, 0.307304346, -0.100699219, -0.126636426, -0.200154132, 0.295840159, -0.933995525, 0.17578125, -0.926879883, -0.331298828, -0.963823802, -0.230347918, 0.133571351, 0, 1, 1, 1, 
254.834924, 11, 0.1, 0.1, 0.0236527175, 0.374670621, -0.0349694117, 0.979014859, -6.11748511e-006, 0.203788878, 0.203788878, 4.76298036e-006, -0.979014859, 5.0184664e-006, 1, 5.90970396e-006, 0.979014922, 3.73053922e-006, 0.203788573, 0.203788573, 1.27737101e-005, -0.979014922, -6.25538972e-006, 1, 1.17454116e-005, 0, 0, 0, 0, 0, 0, 0, 0.238236621, -0.11934856, -0.138534668, -0.209031379, 0.846798921, -0.489014282, -0.697143555, 0.221557617, 0.681762695, 0.685672731, 0.483469123, 0.544135397, 0, 0, 0, 0, 0, 0, 0, 0.307304346, -0.100699219, -0.126636426, -0.200154132, 0.295840159, -0.933995525, 0.17578125, -0.926879883, -0.331298828, -0.963823802, -0.230347918, 0.133571351, 0, 1, 1, 1, 
