time, trialNum, realDorsalTactorPos, realVentralTactorPos, boxPosX, boxPosY, boxPosZ, boxLocalRot_11, boxLocalRot_12, boxLocalRot_13, boxLocalRot_21, boxLocalRot_22, boxLocalRot_23, boxLocalRot_31, boxLocalRot_32, boxLocalRot_33, boxGlobalRot_11, boxGlobalRot_12, boxGlobalRot_13, boxGlobalRot_21, boxGlobalRot_22, boxGlobalRot_23, boxGlobalRot_31, boxGlobalRot_32, boxGlobalRot_33, indexForceX, indexForceY, indexForceZ, indexForceGlobalX, indexForceGlobalY, indexForceGlobalZ, indexContact, indexPosX, indexPosY, indexPosZ, indexRot_11, indexRot_12, indexRot_13, indexRot_21, indexRot_22, indexRot_23, indexRot_31, indexRot_32, indexRot_33, thumbForceX, thumbForceY, thumbForceZ, thumbForceGlobalX, thumbForceGlobalY, thumbForceGlobalZ, thumbContact, thumbPosX, thumbPosY, thumbPosZ, thumbRot_11, thumbRot_12, thumbRot_13, thumbRot_21, thumbRot_22, thumbRot_23, thumbRot_31, thumbRot_32, thumbRot_33, manipForceTooHigh, cceExpType, mapping, trialSuccess, 
271.295652, 18, 0.1, 0.1, 0.0159599499, 0.379578062, -0.0349709651, 0.933007789, -0.359856174, -5.81465296e-006, 0.359856174, 0.933007789, 3.73388357e-006, 4.08145545e-006, -5.57618122e-006, 1, 0.933007687, -0.359856439, -7.75113317e-006, 0.359856439, 0.933007687, 7.70140014e-007, 6.95472699e-006, -3.50784174e-006, 1, 0, 0, 0, 0, 0, 0, 0, 0.235930981, -0.189831226, -0.182783057, -0.419972771, 0.583952019, -0.694640125, -0.874389648, -0.0556640625, 0.481811523, 0.242635659, 0.809855799, 0.534187706, 0, -0, 0, 0, 0, 0, 0, 0.301850293, -0.138206445, -0.162377539, 0.00536341341, 0.265889557, -0.963924956, -0.033203125, -0.963378906, -0.265869141, -0.999298397, 0.0335922832, 0.00375516429, 0, 1, 5, 1, 
271.333436, 18, 0.1, 0.1, 0.0159599159, 0.379578064, -0.0349724309, 0.933003347, -0.35986769, 2.48782048e-006, 0.35986769, 0.933003347, 6.53813622e-006, -4.67400882e-006, -5.20481677e-006, 1, 0.93300336, -0.359867658, -6.5007007e-007, 0.359867658, 0.93300336, -3.34291722e-007, 7.26818339e-007, 7.79561061e-008, 1, 0, 0, 0, 0, 0, 0, 0, 0.236943872, -0.189651318, -0.183595923, -0.43035804, 0.583133135, -0.688907933, -0.87109375, -0.0684814453, 0.486206055, 0.23637064, 0.809367537, 0.537605534, 0, -0, 0, 0, 0, 0, 0, 0.302041357, -0.13789082, -0.163296484, -0.00516644282, 0.267600106, -0.963380648, -0.0241699219, -0.963134766, -0.267456055, -0.999545931, 0.021988769, 0.0114224214, 0, 1, 5, 1, 
271.334158, 18, 0.1, 0.1, 0.015959917, 0.379578067, -0.0349704179, 0.933003289, -0.359867839, -7.66144986e-006, 0.359867839, 0.933003289, -1.7602917e-005, 1.34828816e-005, 1.36664701e-005, 1, 0.9330033, -0.359867813, -8.20661409e-006, 0.359867812, 0.9330033, -1.93858909e-005, 1.46331562e-005, 1.51338039e-005, 1, 0, 0, 0, 0, 0, 0, 0, 0.237350439, -0.189657422, -0.183356445, -0.431094549, 0.583012567, -0.68860951, -0.870849609, -0.0695800781, 0.486328125, 0.235622148, 0.809386633, 0.537929044, 0, -0, 0, 0, 0, 0, 0, 0.302271191, -0.138102344, -0.163083252, -0.0050322814, 0.267695988, -0.96348929, -0.0242919922, -0.963134766, -0.267456055, -0.999654573, 0.0222443321, 0.01128826, 0, 1, 5, 1, 
271.334857, 18, 0.1, 0.1, 0.0159599159, 0.379578064, -0.0349682794, 0.933003242, -0.359867961, 2.7234354e-006, 0.359867961, 0.933003242, 7.62475663e-006, -5.28487968e-006, -6.13384551e-006, 1, 0.933003251, -0.359867938, 5.73495508e-006, 0.359867938, 0.933003251, 1.49597155e-005, -1.07342537e-005, -1.18936367e-005, 1, 0, 0, 0, 0, 0, 0, 0, 0.237350439, -0.189657422, -0.183356445, -0.431094549, 0.583012567, -0.68860951, -0.870849609, -0.0695800781, 0.486328125, 0.235622148, 0.809386633, 0.537929044, 0, -0, 0, 0, 0, 0, 0, 0.302271191, -0.138102344, -0.163083252, -0.0050322814, 0.267695988, -0.96348929, -0.0242919922, -0.963134766, -0.267456055, -0.999654573, 0.0222443321, 0.01128826, 0, 1, 5, 1, 
271.335552, 18, 0.1, 0.1, 0.0159599163, 0.379578066, -0.0349666616, 0.933003201, -0.359868069, 6.13310432e-006, 0.359868069, 0.933003201, 1.30744499e-005, -1.0427283e-005, -9.99139516e-006, 1, 0.933003209, -0.359868048, -1.11317968e-006, 0.359868048, 0.933003209, -3.33668417e-006, 2.23936624e-006, 2.71253924e-006, 1, 0, 0, 0, 0, 0, 0, 0, 0.237350439, -0.189657422, -0.183356445, -0.431094549, 0.583012567, -0.68860951, -0.870849609, -0.0695800781, 0.486328125, 0.235622148, 0.809386633, 0.537929044, 0, -0, 0, 0, 0, 0, 0, 0.302271191, -0.138102344, -0.163083252, -0.0050322814, 0.267695988, -0.96348929, -0.0242919922, -0.963134766, -0.267456055, -0.999654573, 0.0222443321, 0.01128826, 0, 1, 5, 1, 
271.336262, 18, 0.1, 0.1, 0.015959915, 0.379578063, -0.0349659244, 0.933003161, -0.359868172, -5.53990683e-006, 0.359868172, 0.933003161, -1.13255931e-005, 9.24447107e-006, 8.57317802e-006, 1, 0.933003169, -0.359868153, -2.35201746e-006, 0.359868153, 0.933003169, -3.96049485e-006, 3.61969571e-006, 2.84873807e-006, 1, 0, 0, 0, 0, 0, 0, 0, 0.237539136, -0.189865039, -0.183317871, -0.431754674, 0.583336077, -0.687892097, -0.870727539, -0.0705566406, 0.486572266, 0.235355926, 0.809088211, 0.538556968, 0, -0, 0, 0, 0, 0, 0, 0.302271191, -0.138102344, -0.163083252, -0.0050322814, 0.267695988, -0.96348929, -0.0242919922, -0.963134766, -0.267456055, -0.999654573, 0.0222443321, 0.01128826, 0, 1, 5, 1, 
271.336972, 18, 0.1, 0.1, 0.0159599134, 0.37957806, -0.0349660544, 0.933003123, -0.359868271, 9.70829253e-006, 0.359868271, 0.933003123, 2.10109473e-005, -1.66190405e-005, -1.6109573e-005, 1, 0.93300313, -0.359868252, 1.01581295e-005, 0.359868252, 0.93300313, 2.15416025e-005, -1.72297055e-005, -1.64427943e-005, 1, 0, 0, 0, 0, 0, 0, 0, 0.237539136, -0.189865039, -0.183317871, -0.431754674, 0.583336077, -0.687892097, -0.870727539, -0.0705566406, 0.486572266, 0.235355926, 0.809088211, 0.538556968, 0, -0, 0, 0, 0, 0, 0, 0.302206494, -0.138339014, -0.163061279, -0.00601625401, 0.267612866, -0.963469967, -0.0242919922, -0.963134766, -0.267456055, -0.99963525, 0.0218673674, 0.0122722326, 0, 1, 5, 1, 
271.337666, 18, 0.1, 0.1, 0.0159599139, 0.379578061, -0.034967205, 0.933003087, -0.359868363, -2.05950186e-006, 0.359868363, 0.933003087, -3.24283349e-006, 3.08851478e-006, 2.2844241e-006, 1, 0.933003094, -0.359868346, -5.54539663e-006, 0.359868346, 0.933003094, -1.08449333e-005, 9.07662041e-006, 8.12274358e-006, 1, 0, 0, 0, 0, 0, 0, 0, 0.237539136, -0.189865039, -0.183317871, -0.431754674, 0.583336077, -0.687892097, -0.870727539, -0.0705566406, 0.486572266, 0.235355926, 0.809088211, 0.538556968, 0, -0, 0, 0, 0, 0, 0, 0.302206494, -0.138339014, -0.163061279, -0.00601625401, 0.267612866, -0.963469967, -0.0242919922, -0.963134766, -0.267456055, -0.99963525, 0.0218673674, 0.0122722326, 0, 1, 5, 1, 
271.338362, 18, 0.1, 0.1, 0.015959912, 0.379578058, -0.0349689792, 0.933003056, -0.359868444, -1.50771929e-006, 0.359868444, 0.933003056, -5.49449867e-006, 3.38400339e-006, 4.58380346e-006, 1, 0.933003062, -0.359868429, 5.0145556e-006, 0.359868429, 0.933003062, 9.54109279e-006, -8.11213381e-006, -7.09728854e-006, 1, 0, 0, 0, 0, 0, 0, 0, 0.237539136, -0.189865039, -0.183317871, -0.431754674, 0.583336077, -0.687892097, -0.870727539, -0.0705566406, 0.486572266, 0.235355926, 0.809088211, 0.538556968, 0, -0, 0, 0, 0, 0, 0, 0.302206494, -0.138339014, -0.163061279, -0.00601625401, 0.267612866, -0.963469967, -0.0242919922, -0.963134766, -0.267456055, -0.99963525, 0.0218673674, 0.0122722326, 0, 1, 5, 1, 
271.339057, 18, 0.1, 0.1, 0.015959912, 0.379578058, -0.03497084, 0.933003031, -0.35986851, 5.45908275e-006, 0.35986851, 0.933003031, 1.33036207e-005, -9.88089491e-006, -1.04477665e-005, 1, 0.933003036, -0.359868497, 3.1788313e-006, 0.359868497, 0.933003036, 7.02195322e-006, -5.49283901e-006, -5.40754243e-006, 1, 0, 0, 0, 0, 0, 0, 0, 0.237539136, -0.189865039, -0.183317871, -0.431754674, 0.583336077, -0.687892097, -0.870727539, -0.0705566406, 0.486572266, 0.235355926, 0.809088211, 0.538556968, 0, -0, 0, 0, 0, 0, 0, 0.302206494, -0.138339014, -0.163061279, -0.00601625401, 0.267612866, -0.963469967, -0.0242919922, -0.963134766, -0.267456055, -0.99963525, 0.0218673674, 0.0122722326, 0, 1, 5, 1, 
271.339753, 18, 0.1, 0.1, 0.0159599127, 0.37957806, -0.034972204, 0.933003007, -0.359868573, -7.08872972e-006, 0.359868573, 0.933003007, -1.52338505e-005, 1.20959902e-005, 1.16622173e-005, 1, 0.933003011, -0.359868561, -7.41636327e-006, 0.35986856, 0.933003011, -1.51769325e-005, 1.23811901e-005, 1.14912077e-005, 1, 0, 0, 0, 0, 0, 0, 0, 0.237539136, -0.189865039, -0.183317871, -0.431754674, 0.583336077, -0.687892097, -0.870727539, -0.0705566406, 0.486572266, 0.235355926, 0.809088211, 0.538556968, 0, -0, 0, 0, 0, 0, 0, 0.302206494, -0.138339014, -0.163061279, -0.00601625401, 0.267612866, -0.963469967, -0.0242919922, -0.963134766, -0.267456055, -0.99963525, 0.0218673674, 0.0122722326, 0, 1, 5, 1, 
271.34045, 18, 0.1, 0.1, 0.0159599118, 0.379578059, -0.0349727086, 0.933002982, -0.359868635, 2.03934639e-006, 0.359868635, 0.933002982, 1.9434225e-006, -2.60209306e-006, -1.07932219e-006, 1, 0.933002987, -0.359868624, 5.08609852e-006, 0.359868623, 0.933002987, 8.83292372e-006, -7.92403722e-006, -6.41081694e-006, 1, 0, 0, 0, 0, 0, 0, 0, 0.237539136, -0.189865039, -0.183317871, -0.431754674, 0.583336077, -0.687892097, -0.870727539, -0.0705566406, 0.486572266, 0.235355926, 0.809088211, 0.538556968, 0, -0, 0, 0, 0, 0, 0, 0.302206494, -0.138339014, -0.163061279, -0.00601625401, 0.267612866, -0.963469967, -0.0242919922, -0.963134766, -0.267456055, -0.99963525, 0.0218673674, 0.0122722326, 0, 1, 5, 1, 
271.341162, 18, 0.1, 0.1, 0.015959913, 0.379578062, -0.0349721798, 0.933002963, -0.359868687, 1.58977339e-006, 0.359868687, 0.933002963, 5.36217601e-006, -3.41294253e-006, -4.43081644e-006, 1, 0.933002966, -0.359868678, -4.35663796e-006, 0.359868678, 0.933002966, -9.32264246e-006, 7.41968315e-006, 7.13023553e-006, 1, 0, 0, 0, 0, 0, 0, 0, 0.237539136, -0.189865039, -0.183317871, -0.43225604, 0.583558116, -0.687473107, -0.870483398, -0.0711669922, 0.486938477, 0.235311742, 0.808929451, 0.538861383, 0, -0, 0, 0, 0, 0, 0, 0.302206494, -0.138339014, -0.163061279, -0.00601625401, 0.267612866, -0.963469967, -0.0242919922, -0.963134766, -0.267456055, -0.99963525, 0.0218673674, 0.0122722326, 0, 1, 5, 1, 
271.341882, 18, 0.1, 0.1, 0.0159599132, 0.379578062, -0.034970605, 0.933002945, -0.359868731, -8.26833168e-006, 0.359868731, 0.933002945, -1.59882363e-005, 1.34680441e-005, 1.19415576e-005, 1, 0.933002949, -0.359868723, -5.54319704e-006, 0.359868722, 0.933002949, -9.35322543e-006, 8.53775247e-006, 6.73176367e-006, 1, 0, 0, 0, 0, 0, 0, 0, 0.237290137, -0.189854175, -0.183295532, -0.43225604, 0.583558116, -0.687473107, -0.870483398, -0.0711669922, 0.486938477, 0.235311742, 0.808929451, 0.538861383, 0, -0, 0, 0, 0, 0, 0, 0.302133496, -0.138554443, -0.163032715, -0.00712162822, 0.268104669, -0.963316482, -0.0233154297, -0.963012695, -0.267944336, -0.999628687, 0.0206916309, 0.0131475635, 0, 1, 5, 1, 
271.342582, 18, 0.1, 0.1, 0.0159599125, 0.379578061, -0.034968685, 0.933002927, -0.359868778, 7.50844017e-006, 0.359868778, 0.933002927, 1.3265904e-005, -1.17793813e-005, -9.67507406e-006, 1, 0.933002931, -0.359868769, 7.43373238e-006, 0.359868769, 0.933002931, 1.38637131e-005, -1.19248115e-005, -1.02597168e-005, 1, 0, 0, 0, 0, 0, 0, 0, 0.237290137, -0.189854175, -0.183295532, -0.43225604, 0.583558116, -0.687473107, -0.870483398, -0.0711669922, 0.486938477, 0.235311742, 0.808929451, 0.538861383, 0, -0, 0, 0, 0, 0, 0, 0.302133496, -0.138554443, -0.163032715, -0.00712162822, 0.268104669, -0.963316482, -0.0233154297, -0.963012695, -0.267944336, -0.999628687, 0.0206916309, 0.0131475635, 0, 1, 5, 1, 
271.343279, 18, 0.1, 0.1, 0.0159599132, 0.379578064, -0.0349671369, 0.933002913, -0.359868816, -2.48210982e-006, 0.359868816, 0.933002913, -6.83620707e-006, 4.77595343e-006, 5.48496719e-006, 1, 0.933002915, -0.35986881, -5.74981848e-006, 0.35986881, 0.933002915, -1.5614124e-005, 1.09836336e-005, 1.24988428e-005, 1, 0, 0, 0, 0, 0, 0, 0, 0.237290137, -0.189854175, -0.183295532, -0.43225604, 0.583558116, -0.687473107, -0.870483398, -0.0711669922, 0.486938477, 0.235311742, 0.808929451, 0.538861383, 0, -0, 0, 0, 0, 0, 0, 0.302133496, -0.138554443, -0.163032715, -0.00712162822, 0.268104669, -0.963316482, -0.0233154297, -0.963012695, -0.267944336, -0.999628687, 0.0206916309, 0.0131475635, 0, 1, 5, 1, 
271.343979, 18, 0.1, 0.1, 0.0159599119, 0.379578061, -0.0349664239, 0.933002902, -0.359868845, -4.09788486e-006, 0.359868845, 0.933002902, -7.5454565e-006, 6.53871318e-006, 5.56523172e-006, 1, 0.933002904, -0.359868839, 3.02731434e-006, 0.359868839, 0.933002904, 8.88537413e-006, -6.02206234e-006, -7.20064377e-006, 1, 0, 0, 0, 0, 0, 0, 0, 0.237290137, -0.189854175, -0.183295532, -0.43225604, 0.583558116, -0.687473107, -0.870483398, -0.0711669922, 0.486938477, 0.235311742, 0.808929451, 0.538861383, 0, -0, 0, 0, 0, 0, 0, 0.302133496, -0.138554443, -0.163032715, -0.00712162822, 0.268104669, -0.963316482, -0.0233154297, -0.963012695, -0.267944336, -0.999628687, 0.0206916309, 0.0131475635, 0, 1, 5, 1, 
271.344672, 18, 0.1, 0.1, 0.015959912, 0.379578062, -0.0349666503, 0.93300289, -0.359868876, 7.9043662e-006, 0.359868875, 0.93300289, 1.69209105e-005, -1.34641056e-005, -1.2942723e-005, 1, 0.933002892, -0.359868869, 4.52144543e-006, 0.359868869, 0.933002892, 9.29280092e-006, -7.56271142e-006, -7.04308268e-006, 1, 0, 0, 0, 0, 0, 0, 0, 0.237290137, -0.189854175, -0.183295532, -0.43225604, 0.583558116, -0.687473107, -0.870483398, -0.0711669922, 0.486938477, 0.235311742, 0.808929451, 0.538861383, 0, -0, 0, 0, 0, 0, 0, 0.302133496, -0.138554443, -0.163032715, -0.00712162822, 0.268104669, -0.963316482, -0.0233154297, -0.963012695, -0.267944336, -0.999628687, 0.0206916309, 0.0131475635, 0, 1, 5, 1, 
271.345371, 18, 0.1, 0.1, 0.0159599122, 0.379578062, -0.0349677143, 0.933002877, -0.359868909, -6.79303719e-006, 0.359868909, 0.933002877, -1.33347448e-005, 1.11366833e-005, 9.99675235e-006, 1, 0.933002879, -0.359868903, -7.00257158e-006, 0.359868903, 0.933002879, -1.3778378e-005, 1.14918292e-005, 1.03352586e-005, 1, 0, 0, 0, 0, 0, 0, 0, 0.237290137, -0.189854175, -0.183295532, -0.43225604, 0.583558116, -0.687473107, -0.870483398, -0.0711669922, 0.486938477, 0.235311742, 0.808929451, 0.538861383, 0, -0, 0, 0, 0, 0, 0, 0.302133496, -0.138554443, -0.163032715, -0.00712162822, 0.268104669, -0.963316482, -0.0233154297, -0.963012695, -0.267944336, -0.999628687, 0.0206916309, 0.0131475635, 0, 1, 5, 1, 
271.346088, 18, 0.1, 0.1, 0.0159599106, 0.379578059, -0.0349691654, 0.933002864, -0.359868942, 3.83359898e-006, 0.359868942, 0.933002864, 8.24351601e-006, -6.54334422e-006, -6.31163083e-006, 1, 0.933002866, -0.359868936, 7.28166338e-006, 0.359868936, 0.933002866, 1.58484271e-005, -1.24971694e-005, -1.21661835e-005, 1, 0, 0, 0, 0, 0, 0, 0, 0.237492505, -0.189627515, -0.183055444, -0.432586663, 0.583640492, -0.687199771, -0.870605469, -0.0726318359, 0.486328125, 0.234004597, 0.80866922, 0.539806826, 0, -0, 0, 0, 0, 0, 0, 0.302133496, -0.138554443, -0.163032715, -0.00712162822, 0.268104669, -0.963316482, -0.0233154297, -0.963012695, -0.267944336, -0.999628687, 0.0206916309, 0.0131475635, 0, 1, 5, 1, 
271.346799, 18, 0.1, 0.1, 0.0159599116, 0.379578062, -0.0349702861, 0.933002853, -0.359868972, 3.08965268e-006, 0.359868972, 0.933002853, 6.94035431e-006, -5.38027294e-006, -5.36350023e-006, 1, 0.933002855, -0.359868967, -3.1232516e-006, 0.359868967, 0.933002855, -6.98340833e-006, 5.42711459e-006, 5.39157858e-006, 1, 0, 0, 0, 0, 0, 0, 0, 0.237492505, -0.189627515, -0.183055444, -0.432586663, 0.583640492, -0.687199771, -0.870605469, -0.0726318359, 0.486328125, 0.234004597, 0.80866922, 0.539806826, 0, -0, 0, 0, 0, 0, 0, 0.302292041, -0.137870801, -0.162779443, -0.00810560083, 0.269101035, -0.962990557, -0.0209960937, -0.962890625, -0.268920898, -0.999609363, 0.0182187563, 0.0135500477, 0, 1, 5, 1, 
271.347496, 18, 0.1, 0.1, 0.0159599111, 0.379578061, -0.0349710809, 0.933002842, -0.359868999, -6.29780757e-006, 0.359868999, 0.933002842, -1.38913619e-005, 1.08749429e-005, 1.06942944e-005, 1, 0.933002844, -0.359868994, -3.45729114e-006, 0.359868994, 0.933002844, -7.5402241e-006, 5.93915533e-006, 5.79087865e-006, 1, 0, 0, 0, 0, 0, 0, 0, 0.237492505, -0.189627515, -0.183055444, -0.432586663, 0.583640492, -0.687199771, -0.870605469, -0.0726318359, 0.486328125, 0.234004597, 0.80866922, 0.539806826, 0, -0, 0, 0, 0, 0, 0, 0.302292041, -0.137870801, -0.162779443, -0.00810560083, 0.269101035, -0.962990557, -0.0209960937, -0.962890625, -0.268920898, -0.999609363, 0.0182187563, 0.0135500477, 0, 1, 5, 1, 
271.348191, 18, 0.1, 0.1, 0.0159599105, 0.37957806, -0.0349713964, 0.933002833, -0.359869024, 5.93081225e-006, 0.359869023, 0.933002833, 1.31419565e-005, -1.02628477e-005, -1.01271671e-005, 1, 0.933002834, -0.359869019, 5.9816458e-006, 0.359869019, 0.933002834, 1.37026275e-005, -1.05120436e-005, -1.06319813e-005, 1, 0, 0, 0, 0, 0, 0, 0, 0.237492505, -0.189627515, -0.183055444, -0.432586663, 0.583640492, -0.687199771, -0.870605469, -0.0726318359, 0.486328125, 0.234004597, 0.80866922, 0.539806826, 0, -0, 0, 0, 0, 0, 0, 0.302292041, -0.137870801, -0.162779443, -0.00810560083, 0.269101035, -0.962990557, -0.0209960937, -0.962890625, -0.268920898, -0.999609363, 0.0182187563, 0.0135500477, 0, 1, 5, 1, 
271.348916, 18, 0.1, 0.1, 0.0159599116, 0.379578063, -0.0349709199, 0.933002824, -0.359869045, -3.02620448e-006, 0.359869045, 0.933002824, -6.97110428e-006, 5.33214197e-006, 5.41502266e-006, 1, 0.933002826, -0.359869041, -6.55070696e-006, 0.359869041, 0.933002826, -1.43905021e-005, 1.12905243e-005, 1.10689825e-005, 1, 0, 0, 0, 0, 0, 0, 0, 0.237454663, -0.189388647, -0.183012842, -0.433259893, 0.583964002, -0.68642507, -0.870605469, -0.0743408203, 0.486206055, 0.232875306, 0.808370797, 0.540796453, 0, -0, 0, 0, 0, 0, 0, 0.302169238, -0.137397217, -0.162954102, -0.00993938463, 0.270365724, -0.962619789, -0.0187988281, -0.962524414, -0.270141602, -0.999679359, 0.0155285981, 0.0146937014, 0, 1, 5, 1, 
271.34961, 18, 0.1, 0.1, 0.0159599104, 0.379578061, -0.0349699619, 0.933002816, -0.359869066, -3.47787023e-006, 0.359869066, 0.933002816, -8.03878474e-006, 6.13777268e-006, 6.24863088e-006, 1, 0.933002818, -0.359869062, 2.62569257e-006, 0.359869062, 0.933002818, 5.9259173e-006, -4.58233287e-006, -4.58399202e-006, 1, 0, 0, 0, 0, 0, 0, 0, 0.237454663, -0.189388647, -0.183012842, -0.433259893, 0.583964002, -0.68642507, -0.870605469, -0.0743408203, 0.486206055, 0.232875306, 0.808370797, 0.540796453, 0, -0, 0, 0, 0, 0, 0, 0.302169238, -0.137397217, -0.162954102, -0.00993938463, 0.270365724, -0.962619789, -0.0187988281, -0.962524414, -0.270141602, -0.999679359, 0.0155285981, 0.0146937014, 0, 1, 5, 1, 
271.350319, 18, 0.1, 0.1, 0.0159599106, 0.379578061, -0.0349688541, 0.933002809, -0.359869084, 7.19931656e-006, 0.359869084, 0.933002809, 1.62313039e-005, -1.2558127e-005, -1.25530406e-005, 1, 0.933002811, -0.359869081, 4.00422066e-006, 0.359869081, 0.933002811, 9.43958197e-006, -7.13296281e-006, -7.3661613e-006, 1, 0, 0, 0, 0, 0, 0, 0, 0.237454663, -0.189388647, -0.183012842, -0.433259893, 0.583964002, -0.68642507, -0.870605469, -0.0743408203, 0.486206055, 0.232875306, 0.808370797, 0.540796453, 0, -0, 0, 0, 0, 0, 0, 0.302169238, -0.137397217, -0.162954102, -0.00993938463, 0.270365724, -0.962619789, -0.0187988281, -0.962524414, -0.270141602, -0.999679359, 0.0155285981, 0.0146937014, 0, 1, 5, 1, 
271.351015, 18, 0.1, 0.1, 0.0159599108, 0.379578062, -0.0349679921, 0.933002804, -0.359869098, -6.38060898e-006, 0.359869097, 0.933002804, -1.39960639e-005, 1.0989877e-005, 1.07621829e-005, 1, 0.933002805, -0.359869095, -6.4135801e-006, 0.359869095, 0.933002805, -1.46865567e-005, 1.12691261e-005, 1.13945494e-005, 1, 0, 0, 0, 0, 0, 0, 0, 0.237454663, -0.189388647, -0.183012842, -0.433259893, 0.583964002, -0.68642507, -0.870605469, -0.0743408203, 0.486206055, 0.232875306, 0.808370797, 0.540796453, 0, -0, 0, 0, 0, 0, 0, 0.302169238, -0.137397217, -0.162954102, -0.00993938463, 0.270365724, -0.962619789, -0.0187988281, -0.962524414, -0.270141602, -0.999679359, 0.0155285981, 0.0146937014, 0, 1, 5, 1, 
271.351714, 18, 0.1, 0.1, 0.0159599093, 0.379578059, -0.0349676126, 0.933002801, -0.359869106, 3.86087802e-006, 0.359869106, 0.933002801, 7.5417027e-006, -6.31623581e-006, -5.64701902e-006, 1, 0.933002801, -0.359869105, 7.39918872e-006, 0.359869105, 0.933002801, 1.58753561e-005, -1.2616514e-005, -1.21490123e-005, 1, 0, 0, 0, 0, 0, 0, 0, 0.237454663, -0.189388647, -0.183012842, -0.433259893, 0.583964002, -0.68642507, -0.870605469, -0.0743408203, 0.486206055, 0.232875306, 0.808370797, 0.540796453, 0, -0, 0, 0, 0, 0, 0, 0.302169238, -0.137397217, -0.162954102, -0.00993938463, 0.270365724, -0.962619789, -0.0187988281, -0.962524414, -0.270141602, -0.999679359, 0.0155285981, 0.0146937014, 0, 1, 5, 1, 
271.352414, 18, 0.1, 0.1, 0.0159599103, 0.379578062, -0.0349677863, 0.9330028, -0.359869108, 2.95443593e-006, 0.359869108, 0.9330028, 8.47414932e-006, -5.80608155e-006, -6.84319483e-006, 1, 0.9330028, -0.359869108, -3.33166145e-006, 0.359869108, 0.9330028, -6.59707459e-006, 5.48253282e-006, 4.95612703e-006, 1, 0, 0, 0, 0, 0, 0, 0, 0.237454663, -0.189388647, -0.183012842, -0.433259893, 0.583964002, -0.68642507, -0.870605469, -0.0743408203, 0.486206055, 0.232875306, 0.808370797, 0.540796453, 0, -0, 0, 0, 0, 0, 0, 0.302169238, -0.137397217, -0.162954102, -0.00993938463, 0.270365724, -0.962619789, -0.0187988281, -0.962524414, -0.270141602, -0.999679359, 0.0155285981, 0.0146937014, 0, 1, 5, 1, 
271.353112, 18, 0.1, 0.1, 0.0159599099, 0.379578061, -0.0349684539, 0.933002801, -0.359869105, -6.88112588e-006, 0.359869105, 0.933002801, -1.53609628e-005, 1.19480456e-005, 1.18555167e-005, 1, 0.933002801, -0.359869106, -4.0643921e-006, 0.359869106, 0.933002801, -8.02767049e-006, 6.68099981e-006, 6.0271899e-006, 1, 0, 0, 0, 0, 0, 0, 0, 0.237454663, -0.189388647, -0.183012842, -0.433259893, 0.583964002, -0.68642507, -0.870605469, -0.0743408203, 0.486206055, 0.232875306, 0.808370797, 0.540796453, 0, -0, 0, 0, 0, 0, 0, 0.302169238, -0.137397217, -0.162954102, -0.00993938463, 0.270365724, -0.962619789, -0.0187988281, -0.962524414, -0.270141602, -0.999679359, 0.0155285981, 0.0146937014, 0, 1, 5, 1, 
271.353835, 18, 0.1, 0.1, 0.0159599088, 0.379578059, -0.0349692556, 0.933002799, -0.35986911, 7.77387651e-006, 0.35986911, 0.933002799, 1.47998206e-005, -1.25790468e-005, -1.1010696e-005, 1, 0.9330028, -0.359869109, 8.1537127e-006, 0.359869109, 0.9330028, 1.53273929e-005, -1.3123292e-005, -1.13662312e-005, 1, 0, 0, 0, 0, 0, 0, 0, 0.237414136, -0.189172852, -0.182992578, -0.433971315, 0.583824339, -0.686069359, -0.870605469, -0.0760498047, 0.485839844, 0.231504881, 0.808269326, 0.541481665, 0, -0, 0, 0, 0, 0, 0, 0.302071338, -0.136953174, -0.16314707, -0.0114089636, 0.270934086, -0.962479064, -0.0173339844, -0.962402344, -0.270751953, -0.999711075, 0.013624452, 0.0156904338, 0, 1, 5, 1, 
271.35453, 18, 0.1, 0.1, 0.0159599097, 0.379578062, -0.0349698898, 0.933002797, -0.359869117, -3.39440304e-006, 0.359869117, 0.933002797, -6.21008118e-006, 5.40180396e-006, 4.57248228e-006, 1, 0.933002797, -0.359869116, -6.51761822e-006, 0.359869116, 0.933002797, -1.35014005e-005, 1.09396931e-005, 1.02513549e-005, 1, 0, 0, 0, 0, 0, 0, 0, 0.237414136, -0.189172852, -0.182992578, -0.433971315, 0.583824339, -0.686069359, -0.870605469, -0.0760498047, 0.485839844, 0.231504881, 0.808269326, 0.541481665, 0, -0, 0, 0, 0, 0, 0, 0.302071338, -0.136953174, -0.16314707, -0.0114089636, 0.270934086, -0.962479064, -0.0173339844, -0.962402344, -0.270751953, -0.999711075, 0.013624452, 0.0156904338, 0, 1, 5, 1, 
271.355228, 18, 0.1, 0.1, 0.0159599085, 0.379578059, -0.0349703734, 0.933002796, -0.359869118, -2.63602257e-006, 0.359869118, 0.933002796, -7.59877792e-006, 5.19398194e-006, 6.14105793e-006, 1, 0.933002796, -0.359869119, 3.18230144e-006, 0.359869119, 0.933002796, 6.42550353e-006, -5.28143643e-006, -4.84980075e-006, 1, 0, 0, 0, 0, 0, 0, 0, 0.237414136, -0.189172852, -0.182992578, -0.433971315, 0.583824339, -0.686069359, -0.870605469, -0.0760498047, 0.485839844, 0.231504881, 0.808269326, 0.541481665, 0, -0, 0, 0, 0, 0, 0, 0.302071338, -0.136953174, -0.16314707, -0.0114089636, 0.270934086, -0.962479064, -0.0173339844, -0.962402344, -0.270751953, -0.999711075, 0.013624452, 0.0156904338, 0, 1, 5, 1, 
271.35592, 18, 0.1, 0.1, 0.0159599085, 0.37957806, -0.0349706371, 0.933002798, -0.359869115, 6.16528503e-006, 0.359869115, 0.933002798, 1.33894189e-005, -1.05706665e-005, -1.02736696e-005, 1, 0.933002797, -0.359869115, 3.62835881e-006, 0.359869115, 0.933002797, 6.84185475e-006, -5.84744114e-006, -5.07773535e-006, 1, 0, 0, 0, 0, 0, 0, 0, 0.237414136, -0.189172852, -0.182992578, -0.433971315, 0.583824339, -0.686069359, -0.870605469, -0.0760498047, 0.485839844, 0.231504881, 0.808269326, 0.541481665, 0, -0, 0, 0, 0, 0, 0, 0.302071338, -0.136953174, -0.16314707, -0.0114089636, 0.270934086, -0.962479064, -0.0173339844, -0.962402344, -0.270751953, -0.999711075, 0.013624452, 0.0156904338, 0, 1, 5, 1, 
271.356616, 18, 0.1, 0.1, 0.0159599092, 0.379578062, -0.0349706007, 0.933002796, -0.359869118, -7.06428415e-006, 0.359869118, 0.933002796, -1.39878732e-005, 1.16248004e-005, 1.05085071e-005, 1, 0.933002797, -0.359869117, -7.39739706e-006, 0.359869117, 0.933002797, -1.44311611e-005, 1.20951213e-005, 1.08022189e-005, 1, 0, 0, 0, 0, 0, 0, 0, 0.237414136, -0.189172852, -0.182992578, -0.433971315, 0.583824339, -0.686069359, -0.870605469, -0.0760498047, 0.485839844, 0.231504881, 0.808269326, 0.541481665, 0, -0, 0, 0, 0, 0, 0, 0.302071338, -0.136953174, -0.16314707, -0.0114089636, 0.270934086, -0.962479064, -0.0173339844, -0.962402344, -0.270751953, -0.999711075, 0.013624452, 0.0156904338, 0, 1, 5, 1, 
271.357315, 18, 0.1, 0.1, 0.0159599079, 0.379578059, -0.0349702242, 0.933002794, -0.359869123, 3.31894889e-006, 0.359869123, 0.933002794, 5.61024893e-006, -5.11554395e-006, -4.0399907e-006, 1, 0.933002794, -0.359869123, 6.54737312e-006, 0.359869123, 0.933002794, 1.30664779e-005, -1.08109393e-005, -9.83486294e-006, 1, 0, 0, 0, 0, 0, 0, 0, 0.237414136, -0.189172852, -0.182992578, -0.433971315, 0.583824339, -0.686069359, -0.870605469, -0.0760498047, 0.485839844, 0.231504881, 0.808269326, 0.541481665, 0, -0, 0, 0, 0, 0, 0, 0.302071338, -0.136953174, -0.16314707, -0.0114089636, 0.270934086, -0.962479064, -0.0173339844, -0.962402344, -0.270751953, -0.999711075, 0.013624452, 0.0156904338, 0, 1, 5, 1, 
271.358025, 18, 0.1, 0.1, 0.0159599089, 0.379578062, -0.0349696233, 0.933002795, -0.359869123, 3.06079709e-006, 0.359869123, 0.933002795, 8.6787236e-006, -5.97893688e-006, -6.99578701e-006, 1, 0.933002794, -0.359869124, -3.22196103e-006, 0.359869124, 0.933002794, -6.55673574e-006, 5.36566539e-006, 4.95796847e-006, 1, 0, 0, 0, 0, 0, 0, 0, 0.237414136, -0.189172852, -0.182992578, -0.433971315, 0.583824339, -0.686069359, -0.870605469, -0.0760498047, 0.485839844, 0.231504881, 0.808269326, 0.541481665, 0, -0, 0, 0, 0, 0, 0, 0.302071338, -0.136953174, -0.16314707, -0.0114089636, 0.270934086, -0.962479064, -0.0173339844, -0.962402344, -0.270751953, -0.999711075, 0.013624452, 0.0156904338, 0, 1, 5, 1, 
271.358769, 18, 0.1, 0.1, 0.0159599086, 0.379578061, -0.0349684834, 0.933002797, -0.359869117, -7.71900323e-006, 0.359869117, 0.933002796, -1.70114537e-005, 1.33237484e-005, 1.30939029e-005, 1, 0.933002796, -0.359869118, -4.9724657e-006, 0.359869118, 0.933002796, -9.84262082e-006, 8.18137968e-006, 7.3937559e-006, 1, 0, 0, 0, 0, 0, 0, 0, 0.237177344, -0.189168091, -0.182754443, -0.434231546, 0.58392581, -0.685790032, -0.870483398, -0.0764160156, 0.486083984, 0.231422506, 0.808129663, 0.541684608, 0, -0, 0, 0, 0, 0, 0, 0.301775098, -0.136727002, -0.163118506, -0.0125143378, 0.271278967, -0.96232558, -0.0166015625, -0.962280273, -0.271118164, -0.999704512, 0.0126787588, 0.0165657647, 0, 1, 5, 1, 
271.359475, 18, 0.1, 0.1, 0.0159599078, 0.37957806, -0.0349674258, 0.933002795, -0.35986912, 7.24612194e-006, 0.35986912, 0.933002795, 1.36962427e-005, -1.16895068e-005, -1.01709772e-005, 1, 0.933002796, -0.359869119, 7.58145303e-006, 0.359869119, 0.933002796, 1.41830527e-005, -1.21775596e-005, -1.0504497e-005, 1, 0, 0, 0, 0, 0, 0, 0, 0.237177344, -0.189168091, -0.182754443, -0.434231546, 0.58392581, -0.685790032, -0.870483398, -0.0764160156, 0.486083984, 0.231422506, 0.808129663, 0.541684608, 0, -0, 0, 0, 0, 0, 0, 0.301775098, -0.136727002, -0.163118506, -0.0125143378, 0.271278967, -0.96232558, -0.0166015625, -0.962280273, -0.271118164, -0.999704512, 0.0126787588, 0.0165657647, 0, 1, 5, 1, 
271.360173, 18, 0.1, 0.1, 0.015959909, 0.379578063, -0.0349670878, 0.933002794, -0.359869125, -3.65894595e-006, 0.359869125, 0.933002794, -7.33882982e-006, 6.05482506e-006, 5.53040705e-006, 1, 0.933002794, -0.359869124, -7.33338399e-006, 0.359869124, 0.933002794, -1.56819012e-005, 1.24854998e-005, 1.19921991e-005, 1, 0, 0, 0, 0, 0, 0, 0, 0.237177344, -0.189168091, -0.182754443, -0.434231546, 0.58392581, -0.685790032, -0.870483398, -0.0764160156, 0.486083984, 0.231422506, 0.808129663, 0.541684608, 0, -0, 0, 0, 0, 0, 0, 0.301775098, -0.136727002, -0.163118506, -0.0125143378, 0.271278967, -0.96232558, -0.0166015625, -0.962280273, -0.271118164, -0.999704512, 0.0126787588, 0.0165657647, 0, 1, 5, 1, 
271.36087, 18, 0.1, 0.1, 0.0159599076, 0.37957806, -0.0349674688, 0.933002794, -0.359869125, -2.78116786e-006, 0.359869125, 0.933002794, -7.62165122e-006, 5.33763434e-006, 6.11016543e-006, 1, 0.933002793, -0.359869126, 3.91255596e-006, 0.359869126, 0.933002793, 7.62447973e-006, -6.39424049e-006, -5.70565279e-006, 1, 0, 0, 0, 0, 0, 0, 0, 0.237177344, -0.189168091, -0.182754443, -0.434231546, 0.58392581, -0.685790032, -0.870483398, -0.0764160156, 0.486083984, 0.231422506, 0.808129663, 0.541684608, 0, -0, 0, 0, 0, 0, 0, 0.301775098, -0.136727002, -0.163118506, -0.0125143378, 0.271278967, -0.96232558, -0.0166015625, -0.962280273, -0.271118164, -0.999704512, 0.0126787588, 0.0165657647, 0, 1, 5, 1, 
271.361595, 18, 0.1, 0.1, 0.015959908, 0.379578062, -0.0349681373, 0.933002796, -0.359869119, 6.10827435e-006, 0.359869119, 0.933002796, 1.56861818e-005, -1.13440095e-005, -1.24370722e-005, 1, 0.933002795, -0.35986912, 3.08075961e-006, 0.35986912, 0.933002795, 8.35753809e-006, -5.88197721e-006, -6.68893615e-006, 1, 0, 0, 0, 0, 0, 0, 0, 0.237419751, -0.189478247, -0.181956934, -0.433756389, 0.582149499, -0.687586561, -0.87121582, -0.0764160156, 0.484863281, 0.229740553, 0.809399738, 0.540486047, 0, -0, 0, 0, 0, 0, 0, 0.30187959, -0.137015186, -0.162507617, -0.0109105974, 0.270480196, -0.962619789, -0.015625, -0.962524414, -0.270385742, -0.999781438, 0.0121038337, 0.0146937014, 0, 1, 5, 1, 
271.362293, 18, 0.1, 0.1, 0.0159599083, 0.379578063, -0.0349691304, 0.933002799, -0.359869111, -5.76455506e-006, 0.359869111, 0.933002799, -1.39660773e-005, 1.04043058e-005, 1.09559039e-005, 1, 0.933002799, -0.359869112, -6.1513926e-006, 0.359869112, 0.933002799, -1.43625581e-005, 1.09079075e-005, 1.11866107e-005, 1, 0, 0, 0, 0, 0, 0, 0, 0.237419751, -0.189478247, -0.181956934, -0.433756389, 0.582149499, -0.687586561, -0.87121582, -0.0764160156, 0.484863281, 0.229740553, 0.809399738, 0.540486047, 0, -0, 0, 0, 0, 0, 0, 0.30187959, -0.137015186, -0.162507617, -0.0109105974, 0.270480196, -0.962619789, -0.015625, -0.962524414, -0.270385742, -0.999781438, 0.0121038337, 0.0146937014, 0, 1, 5, 1, 
271.362989, 18, 0.1, 0.1, 0.015959907, 0.37957806, -0.0349701623, 0.933002801, -0.359869106, 2.80244518e-006, 0.359869106, 0.933002801, 7.44648775e-006, -5.29445009e-006, -5.93908048e-006, 1, 0.933002801, -0.359869106, 6.21600928e-006, 0.359869106, 0.933002801, 1.47095054e-005, -1.10930507e-005, -1.14870601e-005, 1, 0, 0, 0, 0, 0, 0, 0, 0.237419751, -0.189478247, -0.181956934, -0.433756389, 0.582149499, -0.687586561, -0.87121582, -0.0764160156, 0.484863281, 0.229740553, 0.809399738, 0.540486047, 0, -0, 0, 0, 0, 0, 0, 0.30187959, -0.137015186, -0.162507617, -0.0109105974, 0.270480196, -0.962619789, -0.015625, -0.962524414, -0.270385742, -0.999781438, 0.0121038337, 0.0146937014, 0, 1, 5, 1, 
271.363688, 18, 0.1, 0.1, 0.0159599079, 0.379578062, -0.0349709305, 0.9330028, -0.359869107, 3.68297907e-006, 0.359869107, 0.9330028, 7.24974993e-006, -6.04519082e-006, -5.4386466e-006, 1, 0.933002801, -0.359869106, -2.5759707e-006, 0.359869106, 0.933002801, -6.14568662e-006, 4.61503063e-006, 4.80693055e-006, 1, 0, 0, 0, 0, 0, 0, 0, 0.237419751, -0.189478247, -0.181956934, -0.433756389, 0.582149499, -0.687586561, -0.87121582, -0.0764160156, 0.484863281, 0.229740553, 0.809399738, 0.540486047, 0, -0, 0, 0, 0, 0, 0, 0.30187959, -0.137015186, -0.162507617, -0.0109105974, 0.270480196, -0.962619789, -0.015625, -0.962524414, -0.270385742, -0.999781438, 0.0121038337, 0.0146937014, 0, 1, 5, 1, 
271.364387, 18, 0.1, 0.1, 0.0159599073, 0.379578061, -0.0349712296, 0.933002798, -0.359869112, -6.38054508e-006, 0.359869112, 0.933002798, -1.36790244e-005, 1.08757248e-005, 1.0466407e-005, 1, 0.933002799, -0.359869111, -3.18038211e-006, 0.359869111, 0.933002799, -7.38058454e-006, 5.62334981e-006, 5.74158475e-006, 1, 0, 0, 0, 0, 0, 0, 0, 0.237419751, -0.189478247, -0.181956934, -0.433756389, 0.582149499, -0.687586561, -0.87121582, -0.0764160156, 0.484863281, 0.229740553, 0.809399738, 0.540486047, 0, -0, 0, 0, 0, 0, 0, 0.30187959, -0.137015186, -0.162507617, -0.0109105974, 0.270480196, -0.962619789, -0.015625, -0.962524414, -0.270385742, -0.999781438, 0.0121038337, 0.0146937014, 0, 1, 5, 1, 
271.365086, 18, 0.1, 0.1, 0.0159599068, 0.37957806, -0.0349709842, 0.933002797, -0.359869115, 6.15352823e-006, 0.359869115, 0.933002797, 1.32766037e-005, -1.05190987e-005, -1.01726436e-005, 1, 0.933002797, -0.359869115, 6.06710095e-006, 0.359869115, 0.933002797, 1.40110161e-005, -1.07027541e-005, -1.0888955e-005, 1, 0, 0, 0, 0, 0, 0, 0, 0.237419751, -0.189478247, -0.181956934, -0.433756389, 0.582149499, -0.687586561, -0.87121582, -0.0764160156, 0.484863281, 0.229740553, 0.809399738, 0.540486047, 0, -0, 0, 0, 0, 0, 0, 0.30187959, -0.137015186, -0.162507617, -0.0109105974, 0.270480196, -0.962619789, -0.015625, -0.962524414, -0.270385742, -0.999781438, 0.0121038337, 0.0146937014, 0, 1, 5, 1, 
271.365797, 18, 0.1, 0.1, 0.0159599077, 0.379578063, -0.0349702621, 0.933002799, -0.359869112, -2.66848611e-006, 0.359869112, 0.933002799, -5.66673262e-006, 4.52898704e-006, 4.32677167e-006, 1, 0.933002798, -0.359869113, -5.91204348e-006, 0.359869113, 0.933002798, -1.40647975e-005, 1.05774393e-005, 1.09949336e-005, 1, 0, 0, 0, 0, 0, 0, 0, 0.237419751, -0.189478247, -0.181956934, -0.433122473, 0.580271717, -0.689681512, -0.871826172, -0.0759277344, 0.483642578, 0.22828064, 0.810809477, 0.538963976, 0, -0, 0, 0, 0, 0, 0, 0.30187959, -0.137015186, -0.162507617, -0.0109105974, 0.270480196, -0.962619789, -0.015625, -0.962524414, -0.270385742, -0.999781438, 0.0121038337, 0.0146937014, 0, 1, 5, 1, 
271.36651, 18, 0.1, 0.1, 0.0159599063, 0.37957806, -0.0349690458, 0.933002802, -0.359869103, -2.90787963e-006, 0.359869103, 0.933002802, -6.99479768e-006, 5.23027141e-006, 5.4797098e-006, 1, 0.933002801, -0.359869105, 3.33445712e-006, 0.359869105, 0.933002801, 8.08491842e-006, -6.02057019e-006, -6.34328343e-006, 1, 0, 0, 0, 0, 0, 0, 0, 0.237670947, -0.190016406, -0.181175659, -0.433122473, 0.580271717, -0.689681512, -0.871826172, -0.0759277344, 0.483642578, 0.22828064, 0.810809477, 0.538963976, 0, -0, 0, 0, 0, 0, 0, 0.302209033, -0.137519531, -0.161881592, -0.00931961682, 0.269445184, -0.962843636, -0.015625, -0.962768555, -0.269287109, -0.999736962, 0.0126087631, 0.0133200044, 0, 1, 5, 1, 
271.367207, 18, 0.1, 0.1, 0.0159599063, 0.37957806, -0.0349680667, 0.933002806, -0.359869093, 7.01635597e-006, 0.359869093, 0.933002806, 1.5950593e-005, -1.22864052e-005, -1.23569783e-005, 1, 0.933002805, -0.359869095, 4.24770492e-006, 0.359869095, 0.933002805, 8.96635136e-006, -7.18983335e-006, -6.83701324e-006, 1, 0, 0, 0, 0, 0, 0, 0, 0.237670947, -0.190016406, -0.181175659, -0.433122473, 0.580271717, -0.689681512, -0.871826172, -0.0759277344, 0.483642578, 0.22828064, 0.810809477, 0.538963976, 0, -0, 0, 0, 0, 0, 0, 0.302209033, -0.137519531, -0.161881592, -0.00931961682, 0.269445184, -0.962843636, -0.015625, -0.962768555, -0.269287109, -0.999736962, 0.0126087631, 0.0133200044, 0, 1, 5, 1, 
271.367905, 18, 0.1, 0.1, 0.0159599067, 0.379578061, -0.0349675758, 0.933002809, -0.359869085, -6.80209975e-006, 0.359869085, 0.933002809, -1.55545764e-005, 1.19439894e-005, 1.20645981e-005, 1, 0.933002808, -0.359869087, -7.11094391e-006, 0.359869087, 0.933002808, -1.59212563e-005, 1.23640986e-005, 1.22955679e-005, 1, 0, 0, 0, 0, 0, 0, 0, 0.237670947, -0.190016406, -0.181175659, -0.433122473, 0.580271717, -0.689681512, -0.871826172, -0.0759277344, 0.483642578, 0.22828064, 0.810809477, 0.538963976, 0, -0, 0, 0, 0, 0, 0, 0.302209033, -0.137519531, -0.161881592, -0.00931961682, 0.269445184, -0.962843636, -0.015625, -0.962768555, -0.269287109, -0.999736962, 0.0126087631, 0.0133200044, 0, 1, 5, 1, 
271.368605, 18, 0.1, 0.1, 0.0159599056, 0.379578059, -0.0349676859, 0.933002813, -0.359869076, 2.8431421e-006, 0.359869076, 0.933002813, 5.81128797e-006, -4.7439624e-006, -4.3987891e-006, 1, 0.933002812, -0.359869078, 6.19559629e-006, 0.359869078, 0.933002812, 1.41856807e-005, -1.08854966e-005, -1.10056764e-005, 1, 0, 0, 0, 0, 0, 0, 0, 0.237670947, -0.190016406, -0.181175659, -0.433122473, 0.580271717, -0.689681512, -0.871826172, -0.0759277344, 0.483642578, 0.22828064, 0.810809477, 0.538963976, 0, -0, 0, 0, 0, 0, 0, 0.302209033, -0.137519531, -0.161881592, -0.00931961682, 0.269445184, -0.962843636, -0.015625, -0.962768555, -0.269287109, -0.999736962, 0.0126087631, 0.0133200044, 0, 1, 5, 1, 
271.369303, 18, 0.1, 0.1, 0.0159599068, 0.379578062, -0.034968276, 0.933002818, -0.359869062, 2.30858924e-006, 0.359869062, 0.933002818, 6.31288453e-006, -4.4257321e-006, -5.05914921e-006, 1, 0.933002816, -0.359869066, -3.87512308e-006, 0.359869066, 0.933002816, -8.81314331e-006, 6.7870784e-006, 6.82815061e-006, 1, 0, 0, 0, 0, 0, 0, 0, 0.237670947, -0.190016406, -0.181175659, -0.433122473, 0.580271717, -0.689681512, -0.871826172, -0.0759277344, 0.483642578, 0.22828064, 0.810809477, 0.538963976, 0, -0, 0, 0, 0, 0, 0, 0.302209033, -0.137519531, -0.161881592, -0.00931961682, 0.269445184, -0.962843636, -0.015625, -0.962768555, -0.269287109, -0.999736962, 0.0126087631, 0.0133200044, 0, 1, 5, 1, 
271.370003, 18, 0.1, 0.1, 0.0159599067, 0.379578062, -0.0349691892, 0.933002823, -0.359869049, -7.64292307e-006, 0.359869049, 0.933002823, -1.57535027e-005, 1.28000668e-005, 1.19476111e-005, 1, 0.933002822, -0.359869051, -4.82576693e-006, 0.359869051, 0.933002822, -8.81226308e-006, 7.67371492e-006, 6.48522215e-006, 1, 0, 0, 0, 0, 0, 0, 0, 0.237670947, -0.190016406, -0.181175659, -0.433122473, 0.580271717, -0.689681512, -0.871826172, -0.0759277344, 0.483642578, 0.22828064, 0.810809477, 0.538963976, 0, -0, 0, 0, 0, 0, 0, 0.302209033, -0.137519531, -0.161881592, -0.00931961682, 0.269445184, -0.962843636, -0.015625, -0.962768555, -0.269287109, -0.999736962, 0.0126087631, 0.0133200044, 0, 1, 5, 1, 
271.370727, 18, 0.1, 0.1, 0.0159599059, 0.379578061, -0.0349700389, 0.933002825, -0.359869044, 7.50248553e-006, 0.359869044, 0.933002825, 1.30596099e-005, -1.16995895e-005, -9.48474064e-006, 1, 0.933002824, -0.359869045, 7.51101978e-006, 0.359869045, 0.933002824, 1.34878608e-005, -1.18616663e-005, -9.8812287e-006, 1, 0, 0, 0, 0, 0, 0, 0, 0.238114136, -0.190777808, -0.180588452, -0.433135578, 0.578393935, -0.691192723, -0.872070312, -0.0754394531, 0.483398438, 0.227417572, 0.812219216, 0.537225857, 0, -0, 0, 0, 0, 0, 0, 0.302209033, -0.137519531, -0.161881592, -0.00833564421, 0.268116329, -0.963239923, -0.0163574219, -0.963134766, -0.267944336, -0.999756285, 0.0135737793, 0.0124191539, 0, 1, 5, 1, 
