time, trialNum, realDorsalTactorPos, realVentralTactorPos, boxPosX, boxPosY, boxPosZ, boxLocalRot_11, boxLocalRot_12, boxLocalRot_13, boxLocalRot_21, boxLocalRot_22, boxLocalRot_23, boxLocalRot_31, boxLocalRot_32, boxLocalRot_33, boxGlobalRot_11, boxGlobalRot_12, boxGlobalRot_13, boxGlobalRot_21, boxGlobalRot_22, boxGlobalRot_23, boxGlobalRot_31, boxGlobalRot_32, boxGlobalRot_33, indexForceX, indexForceY, indexForceZ, indexForceGlobalX, indexForceGlobalY, indexForceGlobalZ, indexContact, indexPosX, indexPosY, indexPosZ, indexRot_11, indexRot_12, indexRot_13, indexRot_21, indexRot_22, indexRot_23, indexRot_31, indexRot_32, indexRot_33, thumbForceX, thumbForceY, thumbForceZ, thumbForceGlobalX, thumbForceGlobalY, thumbForceGlobalZ, thumbContact, thumbPosX, thumbPosY, thumbPosZ, thumbRot_11, thumbRot_12, thumbRot_13, thumbRot_21, thumbRot_22, thumbRot_23, thumbRot_31, thumbRot_32, thumbRot_33, manipForceTooHigh, cceExpType, mapping, trialSuccess, 
287.120324, 21, 0.1, 0.1, 0.0175043107, 0.382391528, -0.0349788827, 0.943739217, -0.330690626, 3.84510242e-006, 0.330690626, 0.943739217, -5.90993898e-006, -1.67441253e-006, 6.84898052e-006, 1, 0.94373937, -0.33069019, -2.78058289e-006, 0.33069019, 0.94373937, -8.69237598e-006, 5.49862901e-006, 7.28382594e-006, 1, 0, 0, 0, 0, 0, 0, 0, 0.237199414, -0.17262168, -0.195559692, -0.392546653, 0.584471359, -0.710000501, -0.897827148, -0.0766601563, 0.433349609, 0.198865961, 0.80767248, 0.555035749, 0, -0, 0, 0, 0, 0, 0, 0.313197314, -0.124804639, -0.168828418, 0.15161406, 0.276991511, -0.948762622, -0.0974121094, -0.950927734, -0.293212891, -0.983558607, 0.137003823, -0.117148435, 0, 1, 5, 1, 
287.128054, 21, 0.1, 0.1, 0.0175043237, 0.38239152, -0.0349682814, 0.943732986, -0.330708408, 3.36741808e-006, 0.330708408, 0.943732986, -6.03524082e-006, -1.18203863e-006, 6.80928932e-006, 1, 0.943733025, -0.330708296, 1.25652265e-007, 0.330708296, 0.943733025, -2.9650935e-006, 8.61998827e-007, 2.83981091e-006, 1, 0, 0, 0, 0, 0, 0, 0, 0.238007202, -0.173558838, -0.196127271, -0.389975423, 0.58353902, -0.712229125, -0.89855957, -0.0723876953, 0.432739258, 0.201054149, 0.808808884, 0.552669706, 0, -0, 0, 0, 0, 0, 0, 0.313860449, -0.125443506, -0.170002734, 0.151479899, 0.274026834, -0.949612433, -0.0980224609, -0.951782227, -0.290405273, -0.983449965, 0.137183194, -0.117237753, 0, 1, 5, 1, 
287.128751, 21, 0.1, 0.1, 0.0175043223, 0.382391521, -0.0349615015, 0.94373283, -0.330708854, 7.71493972e-006, 0.330708854, 0.94373283, -9.24024897e-006, -4.22500974e-006, 1.12717252e-005, 1, 0.943732854, -0.330708783, 9.13605216e-006, 0.330708783, 0.943732855, 3.50621926e-006, -9.78153009e-006, -2.8756162e-007, 1, 0, 0, 0, 0, 0, 0, 0, 0.238007202, -0.173558838, -0.196127271, -0.389975423, 0.58353902, -0.712229125, -0.89855957, -0.0723876953, 0.432739258, 0.201054149, 0.808808884, 0.552669706, 0, -0, 0, 0, 0, 0, 0, 0.313860449, -0.125443506, -0.170002734, 0.151479899, 0.274026834, -0.949612433, -0.0980224609, -0.951782227, -0.290405273, -0.983449965, 0.137183194, -0.117237753, 0, 1, 5, 1, 
287.129448, 21, 0.1, 0.1, 0.0175043244, 0.382391521, -0.0349576023, 0.943732759, -0.330709055, -4.89401638e-006, 0.330709055, 0.943732759, 2.57423773e-005, -3.89459368e-006, -2.59124203e-005, 1, 0.943732771, -0.330709021, -4.6650655e-006, 0.330709021, 0.943732771, 1.60075316e-005, -8.91259898e-007, -1.66496114e-005, 1, 0, 0, 0, 0, 0, 0, 0, 0.238007202, -0.173558838, -0.196127271, -0.389975423, 0.58353902, -0.712229125, -0.89855957, -0.0723876953, 0.432739258, 0.201054149, 0.808808884, 0.552669706, 0, -0, 0, 0, 0, 0, 0, 0.313860449, -0.125443506, -0.170002734, 0.151479899, 0.274026834, -0.949612433, -0.0980224609, -0.951782227, -0.290405273, -0.983449965, 0.137183194, -0.117237753, 0, 1, 5, 1, 
287.130156, 21, 0.1, 0.1, 0.0175043247, 0.382391522, -0.0349573476, 0.943732692, -0.330709248, 7.03331973e-006, 0.330709248, 0.943732691, -2.96275274e-005, 3.16052352e-006, 3.028645e-005, 1, 0.943732702, -0.330709218, 6.56909305e-006, 0.330709218, 0.943732702, -1.5992846e-005, -9.10486351e-007, 1.72654314e-005, 1, 0, 0, 0, 0, 0, 0, 0, 0.238007202, -0.173558838, -0.196127271, -0.389975423, 0.58353902, -0.712229125, -0.89855957, -0.0723876953, 0.432739258, 0.201054149, 0.808808884, 0.552669706, 0, -0, 0, 0, 0, 0, 0, 0.313860449, -0.125443506, -0.170002734, 0.151479899, 0.274026834, -0.949612433, -0.0980224609, -0.951782227, -0.290405273, -0.983449965, 0.137183194, -0.117237753, 0, 1, 5, 1, 
287.130855, 21, 0.1, 0.1, 0.0175043219, 0.382391526, -0.0349607731, 0.943732635, -0.33070941, 4.09745502e-006, 0.330709409, 0.943732635, 2.5009679e-005, -1.21378382e-005, -2.22473834e-005, 1, 0.94373265, -0.330709366, 9.76649113e-006, 0.330709366, 0.94373265, 1.24873401e-006, -9.62992459e-006, 2.05139904e-006, 1, 0, 0, 0, 0, 0, 0, 0, 0.238007202, -0.173558838, -0.196127271, -0.389975423, 0.58353902, -0.712229125, -0.89855957, -0.0723876953, 0.432739258, 0.201054149, 0.808808884, 0.552669706, 0, -0, 0, 0, 0, 0, 0, 0.313860449, -0.125443506, -0.170002734, 0.151479899, 0.274026834, -0.949612433, -0.0980224609, -0.951782227, -0.290405273, -0.983449965, 0.137183194, -0.117237753, 0, 1, 5, 1, 
287.131576, 21, 0.1, 0.1, 0.0175043265, 0.382391514, -0.0349666894, 0.943732498, -0.330709801, -3.98634047e-006, 0.330709801, 0.943732497, 2.65051341e-005, -5.00346857e-006, -2.63320782e-005, 1, 0.943732529, -0.330709711, -1.65399949e-005, 0.330709711, 0.943732529, 3.67387977e-005, 3.45945406e-006, -4.01415355e-005, 0.999999999, 0, 0, 0, 0, 0, 0, 0, 0.238063354, -0.174078687, -0.195782227, -0.388940491, 0.58202294, -0.71407695, -0.898803711, -0.0697021484, 0.432739258, 0.202126151, 0.810161335, 0.550366942, 0, -0, 0, 0, 0, 0, 0, 0.313860449, -0.125443506, -0.170002734, 0.152802557, 0.271132518, -0.950187725, -0.0987548828, -0.952514648, -0.287719727, -0.983188206, 0.137860931, -0.118771131, 0, 1, 5, 1, 
287.13227, 21, 0.1, 0.1, 0.0175043242, 0.382391523, -0.0349727171, 0.943732437, -0.330709974, 8.27096716e-006, 0.330709974, 0.943732436, -4.60473898e-005, 7.42275108e-006, 4.61917068e-005, 0.999999999, 0.943732447, -0.330709946, 5.7307272e-006, 0.330709946, 0.943732446, -4.24441915e-005, 8.6284431e-006, 4.19511692e-005, 0.999999999, 0, 0, 0, 0, 0, 0, 0, 0.238063354, -0.174078687, -0.195782227, -0.388940491, 0.58202294, -0.71407695, -0.898803711, -0.0697021484, 0.432739258, 0.202126151, 0.810161335, 0.550366942, 0, -0, 0, 0, 0, 0, 0, 0.314176709, -0.126067236, -0.169626562, 0.152802557, 0.271132518, -0.950187725, -0.0987548828, -0.952514648, -0.287719727, -0.983188206, 0.137860931, -0.118771131, 0, 1, 5, 1, 
287.132966, 21, 0.1, 0.1, 0.0175043189, 0.38239153, -0.0349775654, 0.943732352, -0.330710216, 6.51113978e-006, 0.330710216, 0.943732352, 9.48589922e-006, -9.28185705e-006, -6.79884954e-006, 1, 0.943732378, -0.330710143, 1.62514898e-005, 0.330710143, 0.943732378, -6.96854255e-006, -1.30324894e-005, 1.19509718e-005, 1, 0, 0, 0, 0, 0, 0, 0, 0.238063354, -0.174078687, -0.195782227, -0.388940491, 0.58202294, -0.71407695, -0.898803711, -0.0697021484, 0.432739258, 0.202126151, 0.810161335, 0.550366942, 0, -0, 0, 0, 0, 0, 0, 0.314176709, -0.126067236, -0.169626562, 0.152802557, 0.271132518, -0.950187725, -0.0987548828, -0.952514648, -0.287719727, -0.983188206, 0.137860931, -0.118771131, 0, 1, 5, 1, 
287.13366, 21, 0.1, 0.1, 0.0175043262, 0.382391522, -0.0349798041, 0.943732171, -0.330710732, -2.72835223e-005, 0.330710733, 0.943732171, 2.32499318e-005, 1.80593357e-005, -3.09646622e-005, 0.999999999, 0.943732208, -0.330710627, -2.91561743e-005, 0.330710628, 0.943732208, 2.69022169e-005, 1.86187717e-005, -3.50307452e-005, 0.999999999, 0, 0, 0, 0, 0, 0, 0, 0.238063354, -0.174078687, -0.195782227, -0.388940491, 0.58202294, -0.71407695, -0.898803711, -0.0697021484, 0.432739258, 0.202126151, 0.810161335, 0.550366942, 0, -0, 0, 0, 0, 0, 0, 0.314176709, -0.126067236, -0.169626562, 0.152802557, 0.271132518, -0.950187725, -0.0987548828, -0.952514648, -0.287719727, -0.983188206, 0.137860931, -0.118771131, 0, 1, 5, 1, 
287.134392, 21, 0.1, 0.1, 0.0175043247, 0.382391524, -0.0349786094, 0.943731975, -0.330711292, 2.25183368e-005, 0.330711292, 0.943731975, -1.77085591e-005, -1.5394854e-005, 2.41592017e-005, 1, 0.943732009, -0.330711194, 1.79016222e-005, 0.330711194, 0.943732009, -1.28038737e-005, -1.26599495e-005, 1.80036923e-005, 1, 0, 0, 0, 0, 0, 0, 0, 0.237875269, -0.174333179, -0.19560293, -0.388305453, 0.58137592, -0.714870747, -0.898803711, -0.0681152344, 0.432861328, 0.203014307, 0.81075818, 0.549256747, 0, -0, 0, 0, 0, 0, 0, 0.314201611, -0.126394971, -0.169443359, 0.153166761, 0.269528778, -0.950622292, -0.0988769531, -0.95300293, -0.286132812, -0.983149926, 0.137937856, -0.119307777, 0, 1, 5, 1, 
287.135093, 21, 0.1, 0.1, 0.017504324, 0.382391528, -0.0349747029, 0.94373183, -0.330711705, -2.33342263e-005, 0.330711705, 0.943731831, 5.54594187e-006, 2.01871442e-005, -1.29507836e-005, 1, 0.943731851, -0.330711646, -1.10333295e-005, 0.330711646, 0.943731851, -6.91710382e-006, 1.27000713e-005, 2.87904064e-006, 1, 0, 0, 0, 0, 0, 0, 0, 0.237875269, -0.174333179, -0.19560293, -0.388305453, 0.58137592, -0.714870747, -0.898803711, -0.0681152344, 0.432861328, 0.203014307, 0.81075818, 0.549256747, 0, -0, 0, 0, 0, 0, 0, 0.314201611, -0.126394971, -0.169443359, 0.153166761, 0.269528778, -0.950622292, -0.0988769531, -0.95300293, -0.286132812, -0.983149926, 0.137937856, -0.119307777, 0, 1, 5, 1, 
287.135787, 21, 0.1, 0.1, 0.0175043289, 0.382391523, -0.0349696062, 0.943731768, -0.330711882, 1.33840474e-005, 0.330711882, 0.943731768, 1.30495879e-005, -1.69466045e-005, -7.88904715e-006, 1, 0.943731777, -0.330711859, -6.78524185e-006, 0.330711859, 0.943731777, 1.91406349e-005, 7.34133918e-008, -2.03075854e-005, 1, 0, 0, 0, 0, 0, 0, 0, 0.237875269, -0.174333179, -0.19560293, -0.388305453, 0.58137592, -0.714870747, -0.898803711, -0.0681152344, 0.432861328, 0.203014307, 0.81075818, 0.549256747, 0, -0, 0, 0, 0, 0, 0, 0.314201611, -0.126394971, -0.169443359, 0.153166761, 0.269528778, -0.950622292, -0.0988769531, -0.95300293, -0.286132812, -0.983149926, 0.137937856, -0.119307777, 0, 1, 5, 1, 
287.136484, 21, 0.1, 0.1, 0.0175043194, 0.382391527, -0.0349648616, 0.943731798, -0.330711799, 8.55519136e-006, 0.330711799, 0.943731797, -1.36442578e-005, -3.56148906e-006, 1.57058227e-005, 1, 0.943731787, -0.330711829, 2.56166531e-005, 0.330711829, 0.943731787, -1.6382164e-005, -1.87574744e-005, 2.39320991e-005, 1, 0, 0, 0, 0, 0, 0, 0, 0.237875269, -0.174333179, -0.19560293, -0.388305453, 0.58137592, -0.714870747, -0.898803711, -0.0681152344, 0.432861328, 0.203014307, 0.81075818, 0.549256747, 0, -0, 0, 0, 0, 0, 0, 0.314201611, -0.126394971, -0.169443359, 0.153166761, 0.269528778, -0.950622292, -0.0988769531, -0.95300293, -0.286132812, -0.983149926, 0.137937856, -0.119307777, 0, 1, 5, 1, 
287.137179, 21, 0.1, 0.1, 0.0175043317, 0.382391523, -0.0349618329, 0.943731911, -0.330711474, -3.63062781e-005, 0.330711475, 0.943731911, 2.57044578e-005, 2.57626341e-005, -3.62650198e-005, 0.999999999, 0.943731883, -0.330711553, -4.51059273e-005, 0.330711554, 0.943731883, 2.47697714e-005, 3.43762522e-005, -3.82930744e-005, 0.999999999, 0, 0, 0, 0, 0, 0, 0, 0.237875269, -0.174333179, -0.19560293, -0.388305453, 0.58137592, -0.714870747, -0.898803711, -0.0681152344, 0.432861328, 0.203014307, 0.81075818, 0.549256747, 0, -0, 0, 0, 0, 0, 0, 0.314201611, -0.126394971, -0.169443359, 0.153166761, 0.269528778, -0.950622292, -0.0988769531, -0.95300293, -0.286132812, -0.983149926, 0.137937856, -0.119307777, 0, 1, 5, 1, 
287.137877, 21, 0.1, 0.1, 0.0175043254, 0.382391524, -0.0349613142, 0.943732098, -0.330710939, 3.69061646e-005, 0.33071094, 0.943732099, -2.43962728e-005, -2.67614179e-005, 3.52288181e-005, 0.999999999, 0.943732053, -0.330711069, 3.65039719e-005, 0.33071107, 0.943732053, -1.63400538e-005, -2.90461317e-005, 2.74929001e-005, 0.999999999, 0, 0, 0, 0, 0, 0, 0, 0.237875269, -0.174333179, -0.19560293, -0.388305453, 0.58137592, -0.714870747, -0.898803711, -0.0681152344, 0.432861328, 0.203014307, 0.81075818, 0.549256747, 0, -0, 0, 0, 0, 0, 0, 0.314201611, -0.126394971, -0.169443359, 0.153166761, 0.269528778, -0.950622292, -0.0988769531, -0.95300293, -0.286132812, -0.983149926, 0.137937856, -0.119307777, 0, 1, 5, 1, 
287.138575, 21, 0.1, 0.1, 0.0175043285, 0.382391529, -0.0349632419, 0.943732359, -0.330710195, -4.16403818e-005, 0.330710196, 0.943732359, 8.0643855e-006, 3.66304013e-005, -2.13815204e-005, 0.999999999, 0.9437323, -0.330710365, -3.2010457e-005, 0.330710365, 0.9437323, -2.75825373e-006, 3.11214853e-005, -7.98313678e-006, 0.999999999, 0, 0, 0, 0, 0, 0, 0, 0.237875269, -0.174333179, -0.19560293, -0.388305453, 0.58137592, -0.714870747, -0.898803711, -0.0681152344, 0.432861328, 0.203014307, 0.81075818, 0.549256747, 0, -0, 0, 0, 0, 0, 0, 0.314201611, -0.126394971, -0.169443359, 0.153166761, 0.269528778, -0.950622292, -0.0988769531, -0.95300293, -0.286132812, -0.983149926, 0.137937856, -0.119307777, 0, 1, 5, 1, 
287.139303, 21, 0.1, 0.1, 0.0175043328, 0.382391526, -0.0349667997, 0.943732695, -0.330709236, 2.56562991e-005, 0.330709237, 0.943732696, -2.24479637e-006, -2.34703134e-005, 1.06032628e-005, 1, 0.943732624, -0.330709442, 7.79042274e-006, 0.330709442, 0.943732624, 1.05599847e-005, -1.08443627e-005, -7.38943568e-006, 1, 0, 0, 0, 0, 0, 0, 0, 0.237866357, -0.174812256, -0.195628564, -0.388533483, 0.580709803, -0.715302842, -0.8984375, -0.0670166016, 0.43371582, 0.203915567, 0.811234459, 0.548089265, 0, -0, 0, 0, 0, 0, 0, 0.31418501, -0.126736133, -0.169484863, 0.152923958, 0.267841915, -0.9512293, -0.0988769531, -0.953491211, -0.284423828, -0.983175446, 0.137637817, -0.119371576, 0, 1, 5, 1, 
287.14, 21, 0.1, 0.1, 0.0175043242, 0.382391532, -0.0349706597, 0.943733057, -0.330708205, -6.95565623e-007, 0.330708205, 0.943733057, -1.19973007e-005, 4.62403404e-006, 1.109222e-005, 1, 0.943732985, -0.330708411, 1.82723067e-005, 0.330708411, 0.943732985, -1.74154924e-005, -1.14847288e-005, 2.24783802e-005, 1, 0, 0, 0, 0, 0, 0, 0, 0.237866357, -0.174812256, -0.195628564, -0.388533483, 0.580709803, -0.715302842, -0.8984375, -0.0670166016, 0.43371582, 0.203915567, 0.811234459, 0.548089265, 0, -0, 0, 0, 0, 0, 0, 0.31418501, -0.126736133, -0.169484863, 0.152923958, 0.267841915, -0.9512293, -0.0988769531, -0.953491211, -0.284423828, -0.983175446, 0.137637817, -0.119371576, 0, 1, 5, 1, 
287.140699, 21, 0.1, 0.1, 0.0175043308, 0.382391529, -0.0349739396, 0.943733452, -0.330707079, -9.81008247e-006, 0.330707079, 0.943733452, 1.36761431e-005, 4.73530566e-006, -1.61508974e-005, 1, 0.943733374, -0.3307073, -2.04381099e-005, 0.3307073, 0.943733374, 1.53576421e-005, 1.4209242e-005, -2.12525515e-005, 1, 0, 0, 0, 0, 0, 0, 0, 0.237866357, -0.174812256, -0.195628564, -0.388533483, 0.580709803, -0.715302842, -0.8984375, -0.0670166016, 0.43371582, 0.203915567, 0.811234459, 0.548089265, 0, -0, 0, 0, 0, 0, 0, 0.31418501, -0.126736133, -0.169484863, 0.152923958, 0.267841915, -0.9512293, -0.0988769531, -0.953491211, -0.284423828, -0.983175446, 0.137637817, -0.119371576, 0, 1, 5, 1, 
287.141396, 21, 0.1, 0.1, 0.0175043241, 0.382391531, -0.0349757228, 0.943733857, -0.330705923, 1.91859717e-005, 0.330705923, 0.943733857, -1.41913454e-005, -1.3413289e-005, 1.97377676e-005, 1, 0.943733775, -0.330706154, 2.48038313e-005, 0.330706155, 0.943733776, -1.29995346e-005, -1.91091873e-005, 2.04708795e-005, 1, 0, 0, 0, 0, 0, 0, 0, 0.237866357, -0.174812256, -0.195628564, -0.388533483, 0.580709803, -0.715302842, -0.8984375, -0.0670166016, 0.43371582, 0.203915567, 0.811234459, 0.548089265, 0, -0, 0, 0, 0, 0, 0, 0.31418501, -0.126736133, -0.169484863, 0.152923958, 0.267841915, -0.9512293, -0.0988769531, -0.953491211, -0.284423828, -0.983175446, 0.137637817, -0.119371576, 0, 1, 5, 1, 
287.142092, 21, 0.1, 0.1, 0.017504329, 0.382391532, -0.0349755942, 0.943734269, -0.330704746, -2.62818712e-005, 0.330704746, 0.943734269, 1.38775744e-005, 2.02137228e-005, -2.17882821e-005, 1, 0.943734186, -0.330704984, -2.62673587e-005, 0.330704984, 0.943734186, 9.53094522e-006, 2.16374733e-005, -1.76814253e-005, 1, 0, 0, 0, 0, 0, 0, 0, 0.237866357, -0.174812256, -0.195628564, -0.388533483, 0.580709803, -0.715302842, -0.8984375, -0.0670166016, 0.43371582, 0.203915567, 0.811234459, 0.548089265, 0, -0, 0, 0, 0, 0, 0, 0.31418501, -0.126736133, -0.169484863, 0.152923958, 0.267841915, -0.9512293, -0.0988769531, -0.953491211, -0.284423828, -0.983175446, 0.137637817, -0.119371576, 0, 1, 5, 1, 
287.142789, 21, 0.1, 0.1, 0.0175043274, 0.382391531, -0.034973707, 0.94373469, -0.330703544, 2.56938718e-005, 0.330703545, 0.94373469, -1.08143353e-005, -2.06718591e-005, 1.87029179e-005, 1, 0.943734604, -0.330703789, 1.97098501e-005, 0.330703789, 0.943734604, -3.20302767e-006, -1.75416142e-005, 9.54093018e-006, 1, 0, 0, 0, 0, 0, 0, 0, 0.237866357, -0.174812256, -0.195628564, -0.388533483, 0.580709803, -0.715302842, -0.8984375, -0.0670166016, 0.43371582, 0.203915567, 0.811234459, 0.548089265, 0, -0, 0, 0, 0, 0, 0, 0.31418501, -0.126736133, -0.169484863, 0.152923958, 0.267841915, -0.9512293, -0.0988769531, -0.953491211, -0.284423828, -0.983175446, 0.137637817, -0.119371576, 0, 1, 5, 1, 
287.143486, 21, 0.1, 0.1, 0.0175043268, 0.382391535, -0.0349707465, 0.943735122, -0.33070231, -2.83927712e-005, 0.33070231, 0.943735123, 4.27817558e-006, 2.53804528e-005, -1.34270196e-005, 1, 0.943735033, -0.330702565, -1.39829271e-005, 0.330702565, 0.943735034, -7.80513773e-006, 1.57773573e-005, 2.74179206e-006, 1, 0, 0, 0, 0, 0, 0, 0, 0.237866357, -0.174812256, -0.195628564, -0.388533483, 0.580709803, -0.715302842, -0.8984375, -0.0670166016, 0.43371582, 0.203915567, 0.811234459, 0.548089265, 0, -0, 0, 0, 0, 0, 0, 0.31418501, -0.126736133, -0.169484863, 0.152923958, 0.267841915, -0.9512293, -0.0988769531, -0.953491211, -0.284423828, -0.983175446, 0.137637817, -0.119371576, 0, 1, 5, 1, 
287.144211, 21, 0.1, 0.1, 0.0175043335, 0.38239153, -0.0349673292, 0.943735591, -0.330700973, 1.18679481e-005, 0.330700973, 0.943735591, 9.6084719e-006, -1.4377736e-005, -5.14311494e-006, 1, 0.943735503, -0.330701226, -9.89562721e-006, 0.330701226, 0.943735503, 1.65581332e-005, 3.86305976e-006, -1.88989942e-005, 1, 0, 0, 0, 0, 0, 0, 0, 0.237389844, -0.175012427, -0.196042456, -0.389230679, 0.581172977, -0.714636726, -0.897827148, -0.0660400391, 0.435302734, 0.205756279, 0.811037507, 0.547612987, 0, -0, 0, 0, 0, 0, 0, 0.3140771, -0.127015771, -0.169925732, 0.151345737, 0.266979344, -0.951637981, -0.0993652344, -0.953735352, -0.283447266, -0.983341323, 0.1376699, -0.117818875, 0, 1, 5, 1, 
287.144907, 21, 0.1, 0.1, 0.0175043235, 0.382391536, -0.0349648104, 0.943736074, -0.330699595, 1.21568632e-005, 0.330699595, 0.943736074, -1.93925802e-005, -5.05975192e-006, 2.23217473e-005, 1, 0.943735977, -0.33069987, 2.84128174e-005, 0.330699871, 0.943735977, -2.25031175e-005, -1.93724199e-005, 3.06331166e-005, 0.999999999, 0, 0, 0, 0, 0, 0, 0, 0.237389844, -0.175012427, -0.196042456, -0.389230679, 0.581172977, -0.714636726, -0.897827148, -0.0660400391, 0.435302734, 0.205756279, 0.811037507, 0.547612987, 0, -0, 0, 0, 0, 0, 0, 0.3140771, -0.127015771, -0.169925732, 0.151345737, 0.266979344, -0.951637981, -0.0993652344, -0.953735352, -0.283447266, -0.983341323, 0.1376699, -0.117818875, 0, 1, 5, 1, 
287.1456, 21, 0.1, 0.1, 0.0175043337, 0.382391533, -0.0349638898, 0.943736581, -0.330698148, -3.06167276e-005, 0.330698148, 0.943736581, 2.21037738e-005, 2.15844488e-005, -3.0985035e-005, 0.999999999, 0.943736479, -0.330698438, -3.88568498e-005, 0.330698439, 0.943736479, 2.03468409e-005, 2.99419582e-005, -3.20519556e-005, 0.999999999, 0, 0, 0, 0, 0, 0, 0, 0.237389844, -0.175012427, -0.196042456, -0.389230679, 0.581172977, -0.714636726, -0.897827148, -0.0660400391, 0.435302734, 0.205756279, 0.811037507, 0.547612987, 0, -0, 0, 0, 0, 0, 0, 0.3140771, -0.127015771, -0.169925732, 0.151345737, 0.266979344, -0.951637981, -0.0993652344, -0.953735352, -0.283447266, -0.983341323, 0.1376699, -0.117818875, 0, 1, 5, 1, 
287.14632, 21, 0.1, 0.1, 0.0175043262, 0.382391535, -0.0349646931, 0.943737132, -0.330696574, 3.82073521e-005, 0.330696575, 0.943737132, -2.1262612e-005, -2.9026224e-005, 3.2701357e-005, 0.999999999, 0.943737006, -0.330696935, 3.76145642e-005, 0.330696936, 0.943737006, -1.35290569e-005, -3.10242386e-005, 2.52068927e-005, 0.999999999, 0, 0, 0, 0, 0, 0, 0, 0.237389844, -0.175012427, -0.196042456, -0.389445604, 0.580627428, -0.714846782, -0.897338867, -0.0643310547, 0.436523438, 0.207520607, 0.81149469, 0.546286745, 0, -0, 0, 0, 0, 0, 0, 0.3140771, -0.127015771, -0.169925732, 0.151345737, 0.266979344, -0.951637981, -0.0993652344, -0.953735352, -0.283447266, -0.983341323, 0.1376699, -0.117818875, 0, 1, 5, 1, 
287.147031, 21, 0.1, 0.1, 0.0175043276, 0.382391538, -0.0349665213, 0.943737698, -0.330694959, -3.44519218e-005, 0.33069496, 0.943737698, 1.08639053e-005, 2.89209387e-005, -2.16457539e-005, 0.999999999, 0.943737584, -0.330695286, -2.56090909e-005, 0.330695286, 0.943737584, 6.37561753e-007, 2.39574229e-005, -9.07049664e-006, 1, 0, 0, 0, 0, 0, 0, 0, 0.237607471, -0.175262158, -0.196057227, -0.389445604, 0.580627428, -0.714846782, -0.897338867, -0.0643310547, 0.436523438, 0.207520607, 0.81149469, 0.546286745, 0, -0, 0, 0, 0, 0, 0, 0.314225635, -0.127559912, -0.170165088, 0.150253123, 0.265324565, -0.952251185, -0.100585938, -0.954101563, -0.281738281, -0.983456162, 0.138232432, -0.116655898, 0, 1, 5, 1, 
287.147726, 21, 0.1, 0.1, 0.0175043309, 0.382391535, -0.034969072, 0.943738263, -0.330693348, 2.23520079e-005, 0.330693348, 0.943738263, -1.19344686e-006, -2.06997801e-005, 8.5179618e-006, 1, 0.943738148, -0.330693678, 6.47976406e-006, 0.330693678, 0.943738148, 1.12771236e-005, -9.84447403e-006, -8.49983477e-006, 1, 0, 0, 0, 0, 0, 0, 0, 0.237607471, -0.175262158, -0.196057227, -0.389445604, 0.580627428, -0.714846782, -0.897338867, -0.0643310547, 0.436523438, 0.207520607, 0.81149469, 0.546286745, 0, -0, 0, 0, 0, 0, 0, 0.314225635, -0.127559912, -0.170165088, 0.150253123, 0.265324565, -0.952251185, -0.100585938, -0.954101563, -0.281738281, -0.983456162, 0.138232432, -0.116655898, 0, 1, 5, 1, 
287.148421, 21, 0.1, 0.1, 0.017504324, 0.38239154, -0.034971633, 0.943738833, -0.330691723, -4.58947824e-006, 0.330691723, 0.943738833, -1.02269639e-005, 7.71324115e-006, 8.13388049e-006, 1, 0.943738721, -0.330692041, 1.37407604e-005, 0.330692041, 0.943738721, -1.57642762e-005, -7.75456691e-006, 1.9421318e-005, 1, 0, 0, 0, 0, 0, 0, 0, 0.237607471, -0.175262158, -0.196057227, -0.389445604, 0.580627428, -0.714846782, -0.897338867, -0.0643310547, 0.436523438, 0.207520607, 0.81149469, 0.546286745, 0, -0, 0, 0, 0, 0, 0, 0.314225635, -0.127559912, -0.170165088, 0.150253123, 0.265324565, -0.952251185, -0.100585938, -0.954101563, -0.281738281, -0.983456162, 0.138232432, -0.116655898, 0, 1, 5, 1, 
287.149119, 21, 0.1, 0.1, 0.0175043312, 0.382391536, -0.034973442, 0.943739408, -0.330690081, -1.04925551e-005, 0.330690081, 0.943739408, 1.50989229e-005, 4.90917373e-006, -1.77192325e-005, 1, 0.943739296, -0.330690399, -2.1820355e-005, 0.3306904, 0.943739296, 1.69261002e-005, 1.49954277e-005, -2.31896078e-005, 1, 0, 0, 0, 0, 0, 0, 0, 0.237607471, -0.175262158, -0.196057227, -0.389445604, 0.580627428, -0.714846782, -0.897338867, -0.0643310547, 0.436523438, 0.207520607, 0.81149469, 0.546286745, 0, -0, 0, 0, 0, 0, 0, 0.314225635, -0.127559912, -0.170165088, 0.150253123, 0.265324565, -0.952251185, -0.100585938, -0.954101563, -0.281738281, -0.983456162, 0.138232432, -0.116655898, 0, 1, 5, 1, 
287.149819, 21, 0.1, 0.1, 0.0175043242, 0.382391539, -0.0349739809, 0.943739976, -0.33068846, 2.00824757e-005, 0.33068846, 0.943739976, -1.40998212e-005, -1.4289987e-005, 1.99476078e-005, 1, 0.943739864, -0.330688779, 2.61414084e-005, 0.330688779, 0.943739864, -1.29428613e-005, -2.03906303e-005, 2.08593646e-005, 1, 0, 0, 0, 0, 0, 0, 0, 0.237607471, -0.175262158, -0.196057227, -0.389445604, 0.580627428, -0.714846782, -0.897338867, -0.0643310547, 0.436523438, 0.207520607, 0.81149469, 0.546286745, 0, -0, 0, 0, 0, 0, 0, 0.314225635, -0.127559912, -0.170165088, 0.150253123, 0.265324565, -0.952251185, -0.100585938, -0.954101563, -0.281738281, -0.983456162, 0.138232432, -0.116655898, 0, 1, 5, 1, 
287.15057, 21, 0.1, 0.1, 0.0175043256, 0.382391537, -0.0349724208, 0.943740594, -0.330686696, -1.74017323e-006, 0.330686696, 0.943740594, 2.70833307e-005, -7.31382504e-006, -2.61350908e-005, 1, 0.943740479, -0.330687026, -9.00674092e-006, 0.330687026, 0.943740478, 2.10396235e-005, 1.54249546e-006, -2.28343567e-005, 1, 0, 0, 0, 0, 0, 0, 0, 0.237607471, -0.175262158, -0.196057227, -0.389445604, 0.580627428, -0.714846782, -0.897338867, -0.0643310547, 0.436523438, 0.207520607, 0.81149469, 0.546286745, 0, -0, 0, 0, 0, 0, 0, 0.314225635, -0.127559912, -0.170165088, 0.150253123, 0.265324565, -0.952251185, -0.100585938, -0.954101563, -0.281738281, -0.983456162, 0.138232432, -0.116655898, 0, 1, 5, 1, 
287.151285, 21, 0.1, 0.1, 0.0175043254, 0.382391537, -0.0349701171, 0.943741179, -0.330685026, -4.7717763e-006, 0.330685026, 0.943741179, -2.93159509e-005, 1.41976678e-005, 2.60887151e-005, 1, 0.943741059, -0.330685368, -2.79491221e-006, 0.330685368, 0.943741059, -1.56475553e-005, 7.81209099e-006, 1.38430038e-005, 1, 0, 0, 0, 0, 0, 0, 0, 0.237607471, -0.175262158, -0.196057227, -0.387521395, 0.580240638, -0.716275616, -0.897460937, -0.0603027344, 0.436767578, 0.21030564, 0.812173911, 0.544288396, 0, -0, 0, 0, 0, 0, 0, 0.314225635, -0.127559912, -0.170165088, 0.150253123, 0.265324565, -0.952251185, -0.100585938, -0.954101563, -0.281738281, -0.983456162, 0.138232432, -0.116655898, 0, 1, 5, 1, 
287.151995, 21, 0.1, 0.1, 0.0175043244, 0.382391543, -0.0349675585, 0.943741662, -0.330683648, 5.57617648e-009, 0.330683648, 0.943741662, 1.08733447e-005, -3.60089977e-006, -1.02597845e-005, 1, 0.943741581, -0.330683879, 7.76934023e-006, 0.330683879, 0.943741581, -6.05984529e-006, -5.32835629e-006, 8.28812355e-006, 1, 0, 0, 0, 0, 0, 0, 0, 0.237267798, -0.175726343, -0.195913086, -0.387521395, 0.580240638, -0.716275616, -0.897460937, -0.0603027344, 0.436767578, 0.21030564, 0.812173911, 0.544288396, 0, -0, 0, 0, 0, 0, 0, 0.313834082, -0.128319727, -0.170208301, 0.150943253, 0.263063143, -0.952845434, -0.103637695, -0.954345703, -0.279907227, -0.983015398, 0.141063314, -0.116841099, 0, 1, 5, 1, 
287.152689, 21, 0.1, 0.1, 0.0175043256, 0.382391537, -0.0349658431, 0.94374202, -0.330682626, 1.09750251e-005, 0.330682626, 0.94374202, 7.90765507e-006, -1.29725166e-005, -3.83353624e-006, 1, 0.943741946, -0.330682837, 2.81374434e-006, 0.330682837, 0.943741946, 1.99500337e-005, -9.25258231e-006, -1.78972267e-005, 1, 0, 0, 0, 0, 0, 0, 0, 0.237267798, -0.175726343, -0.195913086, -0.387521395, 0.580240638, -0.716275616, -0.897460937, -0.0603027344, 0.436767578, 0.21030564, 0.812173911, 0.544288396, 0, -0, 0, 0, 0, 0, 0, 0.313834082, -0.128319727, -0.170208301, 0.150943253, 0.263063143, -0.952845434, -0.103637695, -0.954345703, -0.279907227, -0.983015398, 0.141063314, -0.116841099, 0, 1, 5, 1, 
287.153383, 21, 0.1, 0.1, 0.0175043253, 0.382391547, -0.034965386, 0.94374244, -0.330681428, -1.2658016e-005, 0.330681428, 0.94374244, -2.82739471e-005, 2.12955761e-005, 2.2497553e-005, 1, 0.943742353, -0.330681675, -8.7099737e-006, 0.330681675, 0.943742353, -3.58857788e-005, 2.00867405e-005, 3.09867007e-005, 0.999999999, 0, 0, 0, 0, 0, 0, 0, 0.237267798, -0.175726343, -0.195913086, -0.387521395, 0.580240638, -0.716275616, -0.897460937, -0.0603027344, 0.436767578, 0.21030564, 0.812173911, 0.544288396, 0, -0, 0, 0, 0, 0, 0, 0.313834082, -0.128319727, -0.170208301, 0.150943253, 0.263063143, -0.952845434, -0.103637695, -0.954345703, -0.279907227, -0.983015398, 0.141063314, -0.116841099, 0, 1, 5, 1, 
287.154084, 21, 0.1, 0.1, 0.0175043248, 0.38239154, -0.0349662323, 0.94374291, -0.330680086, 1.39058843e-005, 0.330680085, 0.94374291, 3.78967585e-005, -2.56552831e-005, -3.11663982e-005, 0.999999999, 0.943742815, -0.330680357, 1.00569757e-005, 0.330680357, 0.943742815, 3.73679072e-005, -2.18480315e-005, -3.19400496e-005, 0.999999999, 0, 0, 0, 0, 0, 0, 0, 0.237267798, -0.175726343, -0.195913086, -0.387521395, 0.580240638, -0.716275616, -0.897460937, -0.0603027344, 0.436767578, 0.21030564, 0.812173911, 0.544288396, 0, -0, 0, 0, 0, 0, 0, 0.313834082, -0.128319727, -0.170208301, 0.150943253, 0.263063143, -0.952845434, -0.103637695, -0.954345703, -0.279907227, -0.983015398, 0.141063314, -0.116841099, 0, 1, 5, 1, 
287.154779, 21, 0.1, 0.1, 0.0175043247, 0.382391542, -0.0349679533, 0.943743389, -0.330678718, -1.93498944e-005, 0.330678718, 0.943743389, -3.36517112e-005, 2.93892397e-005, 2.53599817e-005, 0.999999999, 0.943743291, -0.330679, -9.46192692e-006, 0.330679, 0.94374329, -2.4503808e-005, 1.70325248e-005, 1.99964439e-005, 1, 0, 0, 0, 0, 0, 0, 0, 0.237267798, -0.175726343, -0.195913086, -0.387521395, 0.580240638, -0.716275616, -0.897460937, -0.0603027344, 0.436767578, 0.21030564, 0.812173911, 0.544288396, 0, -0, 0, 0, 0, 0, 0, 0.313834082, -0.128319727, -0.170208301, 0.150943253, 0.263063143, -0.952845434, -0.103637695, -0.954345703, -0.279907227, -0.983015398, 0.141063314, -0.116841099, 0, 1, 5, 1, 
287.155473, 21, 0.1, 0.1, 0.0175043309, 0.382391547, -0.0349700795, 0.943743879, -0.33067732, -3.13733568e-006, 0.33067732, 0.943743879, 1.58394362e-005, -2.27690096e-006, -1.59858167e-005, 1, 0.943743779, -0.330677607, -1.64073436e-005, 0.330677607, 0.943743779, 1.12321366e-006, 1.51129069e-005, -6.48556704e-006, 1, 0, 0, 0, 0, 0, 0, 0, 0.237267798, -0.175726343, -0.195913086, -0.387521395, 0.580240638, -0.716275616, -0.897460937, -0.0603027344, 0.436767578, 0.21030564, 0.812173911, 0.544288396, 0, -0, 0, 0, 0, 0, 0, 0.313834082, -0.128319727, -0.170208301, 0.150943253, 0.263063143, -0.952845434, -0.103637695, -0.954345703, -0.279907227, -0.983015398, 0.141063314, -0.116841099, 0, 1, 5, 1, 
287.156186, 21, 0.1, 0.1, 0.0175043267, 0.382391543, -0.0349719618, 0.943744402, -0.330675829, 6.80546027e-006, 0.330675829, 0.943744402, -4.79773513e-006, -4.83611999e-006, 6.77823689e-006, 1, 0.943744288, -0.330676154, 1.49565674e-005, 0.330676154, 0.943744288, 5.03636139e-006, -1.57805797e-005, 1.92742897e-007, 1, 0, 0, 0, 0, 0, 0, 0, 0.237267798, -0.175726343, -0.195913086, -0.385958888, 0.579936224, -0.717304557, -0.897460937, -0.0563964844, 0.437255859, 0.213147962, 0.812592901, 0.542473893, 0, -0, 0, 0, 0, 0, 0, 0.313834082, -0.128319727, -0.170208301, 0.150943253, 0.263063143, -0.952845434, -0.103637695, -0.954345703, -0.279907227, -0.983015398, 0.141063314, -0.116841099, 0, 1, 5, 1, 
287.156899, 21, 0.1, 0.1, 0.0175043325, 0.382391545, -0.0349727075, 0.943744954, -0.330674254, -1.46125672e-005, 0.330674254, 0.943744954, 2.8206408e-006, 1.28578232e-005, -7.49396527e-006, 1, 0.943744844, -0.330674566, -2.21718498e-005, 0.330674566, 0.943744844, 1.59802274e-006, 2.03961434e-005, -8.83979253e-006, 1, 0, 0, 0, 0, 0, 0, 0, 0.237133057, -0.176187109, -0.195747949, -0.385958888, 0.579936224, -0.717304557, -0.897460937, -0.0563964844, 0.437255859, 0.213147962, 0.812592901, 0.542473893, 0, -0, 0, 0, 0, 0, 0, 0.313624268, -0.128886328, -0.170242969, 0.151026375, 0.260475797, -0.953503481, -0.106445313, -0.954589844, -0.277709961, -0.982638433, 0.143491713, -0.116419292, 0, 1, 5, 1, 
287.157594, 21, 0.1, 0.1, 0.0175043244, 0.382391546, -0.0349724584, 0.943745458, -0.330672814, 3.2580227e-005, 0.330672814, 0.943745458, -7.63096047e-007, -3.04951061e-005, 1.14935638e-005, 0.999999999, 0.943745364, -0.330673081, 3.47289861e-005, 0.330673081, 0.943745365, -4.32055174e-006, -3.13466295e-005, 1.55614415e-005, 0.999999999, 0, 0, 0, 0, 0, 0, 0, 0.237133057, -0.176187109, -0.195747949, -0.385958888, 0.579936224, -0.717304557, -0.897460937, -0.0563964844, 0.437255859, 0.213147962, 0.812592901, 0.542473893, 0, -0, 0, 0, 0, 0, 0, 0.313624268, -0.128886328, -0.170242969, 0.151026375, 0.260475797, -0.953503481, -0.106445313, -0.954589844, -0.277709961, -0.982638433, 0.143491713, -0.116419292, 0, 1, 5, 1, 
287.158292, 21, 0.1, 0.1, 0.0175043257, 0.382391543, -0.0349714067, 0.943745857, -0.330671675, -2.37359919e-005, 0.330671675, 0.943745857, 9.18207838e-006, 1.93644908e-005, -1.65143687e-005, 1, 0.943745789, -0.330671869, -2.00184505e-005, 0.33067187, 0.943745789, 1.4202427e-005, 1.41959853e-005, -2.00230191e-005, 1, 0, 0, 0, 0, 0, 0, 0, 0.237133057, -0.176187109, -0.195747949, -0.385958888, 0.579936224, -0.717304557, -0.897460937, -0.0563964844, 0.437255859, 0.213147962, 0.812592901, 0.542473893, 0, -0, 0, 0, 0, 0, 0, 0.313624268, -0.128886328, -0.170242969, 0.151026375, 0.260475797, -0.953503481, -0.106445313, -0.954589844, -0.277709961, -0.982638433, 0.143491713, -0.116419292, 0, 1, 5, 1, 
287.159003, 21, 0.1, 0.1, 0.0175043241, 0.382391545, -0.034969795, 0.943746123, -0.330670917, 2.76156449e-005, 0.330670917, 0.943746123, -1.23616203e-006, -2.56533949e-005, 1.02983137e-005, 1, 0.943746084, -0.330671028, 1.99328076e-005, 0.330671029, 0.943746084, -7.92951294e-006, -1.61894489e-005, 1.40746488e-005, 1, 0, 0, 0, 0, 0, 0, 0, 0.237133057, -0.176187109, -0.195747949, -0.385958888, 0.579936224, -0.717304557, -0.897460937, -0.0563964844, 0.437255859, 0.213147962, 0.812592901, 0.542473893, 0, -0, 0, 0, 0, 0, 0, 0.313024365, -0.129497852, -0.170088086, 0.151972068, 0.257306962, -0.954276733, -0.108642578, -0.955200195, -0.274902344, -0.982293552, 0.145613509, -0.11723702, 0, 1, 5, 1, 
287.159698, 21, 0.1, 0.1, 0.0175043216, 0.38239154, -0.0349681746, 0.943746243, -0.330670574, -1.99240621e-005, 0.330670574, 0.943746243, 1.06896762e-005, 1.52684973e-005, -1.66766428e-005, 1, 0.94374623, -0.330670612, -3.93747073e-006, 0.330670612, 0.94374623, 2.13854467e-005, -3.35556558e-006, -2.14844405e-005, 1, 0, 0, 0, 0, 0, 0, 0, 0.237133057, -0.176187109, -0.195747949, -0.385958888, 0.579936224, -0.717304557, -0.897460937, -0.0563964844, 0.437255859, 0.213147962, 0.812592901, 0.542473893, 0, -0, 0, 0, 0, 0, 0, 0.313024365, -0.129497852, -0.170088086, 0.151972068, 0.257306962, -0.954276733, -0.108642578, -0.955200195, -0.274902344, -0.982293552, 0.145613509, -0.11723702, 0, 1, 5, 1, 
287.160393, 21, 0.1, 0.1, 0.0175043285, 0.382391547, -0.0349671395, 0.943746222, -0.330670634, -4.63243418e-006, 0.330670634, 0.943746222, -2.24699748e-005, 1.18020031e-005, 1.96741439e-005, 1, 0.943746233, -0.330670601, -1.62830911e-005, 0.330670601, 0.943746233, -2.93337391e-005, 2.5066911e-005, 2.22992662e-005, 0.999999999, 0, 0, 0, 0, 0, 0, 0, 0.237133057, -0.176187109, -0.195747949, -0.385958888, 0.579936224, -0.717304557, -0.897460937, -0.0563964844, 0.437255859, 0.213147962, 0.812592901, 0.542473893, 0, -0, 0, 0, 0, 0, 0, 0.313024365, -0.129497852, -0.170088086, 0.151972068, 0.257306962, -0.954276733, -0.108642578, -0.955200195, -0.274902344, -0.982293552, 0.145613509, -0.11723702, 0, 1, 5, 1, 
287.161103, 21, 0.1, 0.1, 0.0175043231, 0.382391544, -0.0349668942, 0.943746111, -0.33067095, 1.11046307e-005, 0.33067095, 0.943746111, 1.43114527e-005, -1.52123337e-005, -9.83439901e-006, 1, 0.943746138, -0.330670874, 1.7379156e-005, 0.330670874, 0.943746138, 2.08691927e-005, -2.33023456e-005, -1.39484393e-005, 1, 0, 0, 0, 0, 0, 0, 0, 0.237133057, -0.176187109, -0.195747949, -0.384174343, 0.579086261, -0.718911247, -0.897583008, -0.0522460938, 0.43762207, 0.215831524, 0.813469074, 0.540132937, 0, -0, 0, 0, 0, 0, 0, 0.313024365, -0.129497852, -0.170088086, 0.151972068, 0.257306962, -0.954276733, -0.108642578, -0.955200195, -0.274902344, -0.982293552, 0.145613509, -0.11723702, 0, 1, 5, 1, 
287.161801, 21, 0.1, 0.1, 0.0175043281, 0.382391552, -0.0349673051, 0.943745992, -0.330671289, -2.24019062e-005, 0.330671288, 0.943745992, -3.21080419e-005, 3.17589168e-005, 2.28941686e-005, 0.999999999, 0.943746014, -0.330671228, -2.31176513e-005, 0.330671227, 0.943746014, -3.57043888e-005, 3.36236054e-005, 2.60515324e-005, 0.999999999, 0, 0, 0, 0, 0, 0, 0, 0.236562695, -0.176674365, -0.195390698, -0.384174343, 0.579086261, -0.718911247, -0.897583008, -0.0522460938, 0.43762207, 0.215831524, 0.813469074, 0.540132937, 0, -0, 0, 0, 0, 0, 0, 0.313024365, -0.129497852, -0.170088086, 0.151972068, 0.257306962, -0.954276733, -0.108642578, -0.955200195, -0.274902344, -0.982293552, 0.145613509, -0.11723702, 0, 1, 5, 1, 
287.162498, 21, 0.1, 0.1, 0.0175043263, 0.382391551, -0.0349683464, 0.943745929, -0.330671471, 2.50363843e-005, 0.330671471, 0.943745929, 1.55791655e-005, -2.87795713e-005, -6.42395595e-006, 1, 0.943745933, -0.33067146, 1.81941637e-005, 0.33067146, 0.943745933, 1.68822689e-005, -2.27531525e-005, -9.91628197e-006, 1, 0, 0, 0, 0, 0, 0, 0, 0.236562695, -0.176674365, -0.195390698, -0.384174343, 0.579086261, -0.718911247, -0.897583008, -0.0522460938, 0.43762207, 0.215831524, 0.813469074, 0.540132937, 0, -0, 0, 0, 0, 0, 0, 0.313024365, -0.129497852, -0.170088086, 0.151972068, 0.257306962, -0.954276733, -0.108642578, -0.955200195, -0.274902344, -0.982293552, 0.145613509, -0.11723702, 0, 1, 5, 1, 
287.16321, 21, 0.1, 0.1, 0.0175043239, 0.382391551, -0.0349696455, 0.943745949, -0.330671413, -1.96077237e-005, 0.330671413, 0.943745949, 8.5663016e-007, 1.82214467e-005, -7.29215494e-006, 1, 0.943745944, -0.330671428, -8.98195461e-006, 0.330671428, 0.943745944, 2.26135697e-006, 7.72891709e-006, -5.10422223e-006, 1, 0, 0, 0, 0, 0, 0, 0, 0.236562695, -0.176674365, -0.195390698, -0.384174343, 0.579086261, -0.718911247, -0.897583008, -0.0522460938, 0.43762207, 0.215831524, 0.813469074, 0.540132937, 0, -0, 0, 0, 0, 0, 0, 0.313024365, -0.129497852, -0.170088086, 0.151972068, 0.257306962, -0.954276733, -0.108642578, -0.955200195, -0.274902344, -0.982293552, 0.145613509, -0.11723702, 0, 1, 5, 1, 
287.163918, 21, 0.1, 0.1, 0.0175043266, 0.382391553, -0.0349707262, 0.943745934, -0.330671455, 1.27446503e-005, 0.330671455, 0.943745934, 9.3150109e-006, -1.51079201e-005, -4.5767116e-006, 1, 0.943745943, -0.33067143, -3.80790369e-007, 0.33067143, 0.943745943, -3.66350477e-006, 1.57078573e-006, 3.33150127e-006, 1, 0, 0, 0, 0, 0, 0, 0, 0.23657417, -0.176710376, -0.195435986, -0.383977391, 0.578337769, -0.719724141, -0.897583008, -0.0512695313, 0.437744141, 0.216294698, 0.814205583, 0.538902175, 0, -0, 0, 0, 0, 0, 0, 0.313057568, -0.129640674, -0.169908301, 0.152457675, 0.255255895, -0.954685781, -0.108520508, -0.955810547, -0.272949219, -0.982242512, 0.145275191, -0.118016469, 0, 1, 5, 1, 
287.164613, 21, 0.1, 0.1, 0.0175043188, 0.38239155, -0.0349713374, 0.94374593, -0.330671469, 1.01941892e-005, 0.330671469, 0.94374593, 2.23849744e-006, -1.03609318e-005, 1.25835468e-006, 1, 0.943745925, -0.330671481, 2.24155648e-005, 0.330671481, 0.943745925, 3.29722498e-006, -2.22448962e-005, 4.30044538e-006, 1, 0, 0, 0, 0, 0, 0, 0, 0.23657417, -0.176710376, -0.195435986, -0.383977391, 0.578337769, -0.719724141, -0.897583008, -0.0512695313, 0.437744141, 0.216294698, 0.814205583, 0.538902175, 0, -0, 0, 0, 0, 0, 0, 0.313057568, -0.129640674, -0.169908301, 0.152457675, 0.255255895, -0.954685781, -0.108520508, -0.955810547, -0.272949219, -0.982242512, 0.145275191, -0.118016469, 0, 1, 5, 1, 
287.165322, 21, 0.1, 0.1, 0.0175043253, 0.382391551, -0.0349713086, 0.943745939, -0.330671442, -1.56887273e-005, 0.330671442, 0.943745939, -7.62119498e-006, 1.73262842e-005, 2.00465774e-006, 1, 0.943745942, -0.330671433, -2.19348591e-005, 0.330671433, 0.943745942, -7.69131885e-006, 2.32442337e-005, 5.41967897e-009, 1, 0, 0, 0, 0, 0, 0, 0, 0.23657417, -0.176710376, -0.195435986, -0.383977391, 0.578337769, -0.719724141, -0.897583008, -0.0512695313, 0.437744141, 0.216294698, 0.814205583, 0.538902175, 0, -0, 0, 0, 0, 0, 0, 0.313057568, -0.129640674, -0.169908301, 0.152457675, 0.255255895, -0.954685781, -0.108520508, -0.955810547, -0.272949219, -0.982242512, 0.145275191, -0.118016469, 0, 1, 5, 1, 
