time, trialNum, realDorsalTactorPos, realVentralTactorPos, boxPosX, boxPosY, boxPosZ, boxLocalRot_11, boxLocalRot_12, boxLocalRot_13, boxLocalRot_21, boxLocalRot_22, boxLocalRot_23, boxLocalRot_31, boxLocalRot_32, boxLocalRot_33, boxGlobalRot_11, boxGlobalRot_12, boxGlobalRot_13, boxGlobalRot_21, boxGlobalRot_22, boxGlobalRot_23, boxGlobalRot_31, boxGlobalRot_32, boxGlobalRot_33, indexForceX, indexForceY, indexForceZ, indexForceGlobalX, indexForceGlobalY, indexForceGlobalZ, indexContact, indexPosX, indexPosY, indexPosZ, indexRot_11, indexRot_12, indexRot_13, indexRot_21, indexRot_22, indexRot_23, indexRot_31, indexRot_32, indexRot_33, thumbForceX, thumbForceY, thumbForceZ, thumbForceGlobalX, thumbForceGlobalY, thumbForceGlobalZ, thumbContact, thumbPosX, thumbPosY, thumbPosZ, thumbRot_11, thumbRot_12, thumbRot_13, thumbRot_21, thumbRot_22, thumbRot_23, thumbRot_31, thumbRot_32, thumbRot_33, manipForceTooHigh, cceExpType, mapping, trialSuccess, 
441.742305, 28, 0.1, 0.1, 0.0136049608, 0.35029624, -0.019963162, 0.952414896, 2.33719118e-005, -0.304804634, 0.304804634, -1.84077455e-005, 0.952414896, 1.66489908e-005, -1, -2.4655678e-005, 0.952414959, 2.15274804e-005, -0.304804438, 0.304804438, -3.09407256e-005, 0.952414959, 1.10722239e-005, -0.999999999, -3.60300815e-005, 0, 0, 0, 0, 0, 0, 0, 0.263187939, -0.138547754, -0.196465918, -0.0916007742, 0.409645585, -0.907591262, -0.918823242, 0.31640625, 0.235595703, 0.383800837, 0.85563124, 0.347675026, 0, 0, -0, 0, 0, 0, 0, 0.314569873, -0.0936185547, -0.164334961, 0.265590577, 0.0645138016, -0.961884329, 0.450317383, -0.890380859, 0.0646972656, -0.852273278, -0.450313178, -0.265573348, 0, 2, 1, 1, 
441.76718, 28, 0.1, 0.1, 0.013604946, 0.350296261, -0.0199649119, 0.952407163, -2.32463796e-005, -0.304828795, 0.304828796, 1.05624662e-005, 0.952407164, -1.89202746e-005, -1, 1.71459344e-005, 0.952407186, 1.57600992e-005, -0.304828725, 0.304828725, -9.55125365e-006, 0.952407186, 1.20985353e-005, -1, -1.39008136e-005, 0, 0, 0, 0, 0, 0, 0, 0.262921094, -0.140521143, -0.197651196, -0.0966788325, 0.414747609, -0.90479088, -0.919311523, 0.311035156, 0.240844727, 0.381391732, 0.855070343, 0.351310023, 0, 0, -0, 0, 0, 0, 0, 0.314374805, -0.0960108887, -0.165439697, 0.262095817, 0.0638739776, -0.962886892, 0.455810547, -0.887573242, 0.0651855469, -0.850553966, -0.455903848, -0.261873698, 0, 2, 1, 1, 
441.767981, 28, 0.1, 0.1, 0.0136049418, 0.350296263, -0.019961381, 0.952407061, 4.26159118e-005, -0.304829114, 0.304829115, -2.21280149e-005, 0.952407061, 3.38424322e-005, -0.999999999, -3.40654483e-005, 0.952407081, -3.89202828e-006, -0.304829054, 0.304829054, 2.21661929e-006, 0.952407081, -3.03110533e-006, -1, 3.29752721e-006, 0, 0, 0, 0, 0, 0, 0, 0.262921094, -0.140521143, -0.197651196, -0.0966788325, 0.414747609, -0.90479088, -0.919311523, 0.311035156, 0.240844727, 0.381391732, 0.855070343, 0.351310023, 0, 0, -0, 0, 0, 0, 0, 0.314374805, -0.0960108887, -0.165439697, 0.262095817, 0.0638739776, -0.962886892, 0.455810547, -0.887573242, 0.0651855469, -0.850553966, -0.455903848, -0.261873698, 0, 2, 1, 1, 
441.768812, 28, 0.1, 0.1, 0.0136049523, 0.350296258, -0.0199590063, 0.952406967, -1.59996292e-005, -0.304829411, 0.304829411, 1.09746658e-005, 0.952406967, -1.18927574e-005, -1, 1.53295057e-005, 0.952406984, 3.11315622e-005, -0.304829354, 0.304829355, -1.42824265e-005, 0.952406985, 2.52962144e-005, -0.999999999, -2.30924967e-005, 0, 0, 0, 0, 0, 0, 0, 0.262235498, -0.140975684, -0.197654492, -0.0971408843, 0.414633033, -0.904803985, -0.91809082, 0.313354492, 0.24230957, 0.383936753, 0.854346938, 0.350446955, 0, 0, -0, 0, 0, 0, 0, 0.313575195, -0.0965149902, -0.165875439, 0.260498273, 0.062653765, -0.963333852, 0.454467773, -0.888305664, 0.0650634766, -0.851703817, -0.45480467, -0.259956792, 0, 2, 1, 1, 
441.769606, 28, 0.1, 0.1, 0.013604947, 0.350296261, -0.0199587026, 0.95240688, 3.51800254e-005, -0.304829679, 0.30482968, -2.00896037e-005, 0.95240688, 2.73817908e-005, -0.999999999, -2.98573927e-005, 0.952406898, -1.11359335e-005, -0.304829625, 0.304829625, 5.73907443e-006, 0.952406898, -8.85649995e-006, -1, 8.86049649e-006, 0, 0, 0, 0, 0, 0, 0, 0.262235498, -0.140975684, -0.197654492, -0.0971408843, 0.414633033, -0.904803985, -0.91809082, 0.313354492, 0.24230957, 0.383936753, 0.854346938, 0.350446955, 0, 0, -0, 0, 0, 0, 0, 0.313575195, -0.0965149902, -0.165875439, 0.260498273, 0.062653765, -0.963333852, 0.454467773, -0.888305664, 0.0650634766, -0.851703817, -0.45480467, -0.259956792, 0, 2, 1, 1, 
441.770398, 28, 0.1, 0.1, 0.013604956, 0.350296256, -0.0199606305, 0.952406797, -1.58070924e-005, -0.30482994, 0.30482994, 1.00686676e-005, 0.952406797, -1.19855509e-005, -1, 1.44079425e-005, 0.952406814, 2.95026991e-005, -0.304829886, 0.304829887, -1.4890597e-005, 0.952406814, 2.35594727e-005, -0.999999999, -2.31752104e-005, 0, 0, 0, 0, 0, 0, 0, 0.262235498, -0.140975684, -0.197654492, -0.0971408843, 0.414633033, -0.904803985, -0.91809082, 0.313354492, 0.24230957, 0.383936753, 0.854346938, 0.350446955, 0, 0, -0, 0, 0, 0, 0, 0.313575195, -0.0965149902, -0.165875439, 0.260498273, 0.062653765, -0.963333852, 0.454467773, -0.888305664, 0.0650634766, -0.851703817, -0.45480467, -0.259956792, 0, 2, 1, 1, 
441.771204, 28, 0.1, 0.1, 0.0136049492, 0.35029626, -0.0199638789, 0.952406717, 1.99779003e-005, -0.30483019, 0.30483019, -1.05994578e-005, 0.952406717, 1.57960517e-005, -1, -1.6184862e-005, 0.952406733, -1.95075283e-005, -0.30483014, 0.30483014, 1.14808429e-005, 0.952406733, -1.50793943e-005, -1, 1.68809147e-005, 0, 0, 0, 0, 0, 0, 0, 0.262235498, -0.140975684, -0.197654492, -0.0971408843, 0.414633033, -0.904803985, -0.91809082, 0.313354492, 0.24230957, 0.383936753, 0.854346938, 0.350446955, 0, 0, -0, 0, 0, 0, 0, 0.313575195, -0.0965149902, -0.165875439, 0.260498273, 0.062653765, -0.963333852, 0.454467773, -0.888305664, 0.0650634766, -0.851703817, -0.45480467, -0.259956792, 0, 2, 1, 1, 
441.771994, 28, 0.1, 0.1, 0.0136049546, 0.350296257, -0.0199672844, 0.952406645, -2.17789691e-005, -0.304830416, 0.304830416, 1.21092796e-005, 0.952406645, -1.70511582e-005, -1, 1.81718506e-005, 0.952406659, 1.53073395e-005, -0.304830371, 0.304830371, -8.34583548e-006, 0.952406659, 1.2034748e-005, -1, -1.26147713e-005, 0, 0, 0, 0, 0, 0, 0, 0.262235498, -0.140975684, -0.197654492, -0.0971408843, 0.414633033, -0.904803985, -0.91809082, 0.313354492, 0.24230957, 0.383936753, 0.854346938, 0.350446955, 0, 0, -0, 0, 0, 0, 0, 0.313575195, -0.0965149902, -0.165875439, 0.260498273, 0.062653765, -0.963333852, 0.454467773, -0.888305664, 0.0650634766, -0.851703817, -0.45480467, -0.259956792, 0, 2, 1, 1, 
441.772801, 28, 0.1, 0.1, 0.0136049473, 0.350296261, -0.0199697216, 0.952406576, 1.09817486e-005, -0.304830632, 0.304830632, -7.47257277e-006, 0.952406576, 8.18122046e-006, -1, -1.04645008e-005, 0.952406589, -2.27313112e-005, -0.304830589, 0.304830589, 1.10205351e-005, 0.952406589, -1.82900544e-005, -1, 1.74252293e-005, 0, 0, 0, 0, 0, 0, 0, 0.262235498, -0.140975684, -0.197654492, -0.0971408843, 0.414633033, -0.904803985, -0.91809082, 0.313354492, 0.24230957, 0.383936753, 0.854346938, 0.350446955, 0, 0, -0, 0, 0, 0, 0, 0.313575195, -0.0965149902, -0.165875439, 0.260498273, 0.062653765, -0.963333852, 0.454467773, -0.888305664, 0.0650634766, -0.851703817, -0.45480467, -0.259956792, 0, 2, 1, 1, 
441.773625, 28, 0.1, 0.1, 0.0136049503, 0.350296259, -0.0199702006, 0.952406509, -2.94731202e-005, -0.304830839, 0.30483084, 1.49010824e-005, 0.952406509, -2.35280821e-005, -0.999999999, 2.31762039e-005, 0.952406522, 3.50699918e-006, -0.3048308, 0.3048308, -3.08142621e-006, 0.952406522, 2.40077527e-006, -1, -4.00381179e-006, 0, 0, 0, 0, 0, 0, 0, 0.261532202, -0.141668359, -0.198104883, -0.0979897259, 0.41423913, -0.904792002, -0.916748047, 0.316162109, 0.244140625, 0.387160994, 0.853420591, 0.348961954, 0, 0, -0, 0, 0, 0, 0, 0.313010303, -0.0974553223, -0.1663229, 0.259181812, 0.0613569934, -0.963876694, 0.452514648, -0.889282227, 0.0650634766, -0.853192352, -0.452977083, -0.258295449, 0, 2, 1, 1, 
441.774418, 28, 0.1, 0.1, 0.0136049435, 0.350296262, -0.0199688036, 0.952406452, 1.69457519e-005, -0.304831019, 0.304831019, -1.00866484e-005, 0.952406452, 1.30645201e-005, -1, -1.47721798e-005, 0.952406464, -1.9266742e-005, -0.304830982, 0.304830983, 1.00321301e-005, 0.952406464, -1.52916656e-005, -1, 1.54277655e-005, 0, 0, 0, 0, 0, 0, 0, 0.261532202, -0.141668359, -0.198104883, -0.0979897259, 0.41423913, -0.904792002, -0.916748047, 0.316162109, 0.244140625, 0.387160994, 0.853420591, 0.348961954, 0, 0, -0, 0, 0, 0, 0, 0.313010303, -0.0974553223, -0.1663229, 0.259181812, 0.0613569934, -0.963876694, 0.452514648, -0.889282227, 0.0650634766, -0.853192352, -0.452977083, -0.258295449, 0, 2, 1, 1, 
441.775212, 28, 0.1, 0.1, 0.0136049479, 0.35029626, -0.0199663634, 0.952406398, -2.66734342e-005, -0.304831186, 0.304831187, 1.40163103e-005, 0.952406398, -2.11313409e-005, -1, 2.14801182e-005, 0.952406409, 1.0992219e-005, -0.304831152, 0.304831152, -6.69919737e-006, 0.952406409, 8.42693579e-006, -1, -9.73112931e-006, 0, 0, 0, 0, 0, 0, 0, 0.261532202, -0.141668359, -0.198104883, -0.0979897259, 0.41423913, -0.904792002, -0.916748047, 0.316162109, 0.244140625, 0.387160994, 0.853420591, 0.348961954, 0, 0, -0, 0, 0, 0, 0, 0.313010303, -0.0974553223, -0.1663229, 0.259181812, 0.0613569934, -0.963876694, 0.452514648, -0.889282227, 0.0650634766, -0.853192352, -0.452977083, -0.258295449, 0, 2, 1, 1, 
441.776023, 28, 0.1, 0.1, 0.0136049423, 0.350296262, -0.0199636148, 0.952406346, 3.36699757e-005, -0.304831349, 0.304831349, -1.7802544e-005, 0.952406346, 2.6640725e-005, -0.999999999, -2.721892e-005, 0.952406357, -1.29577484e-005, -0.304831315, 0.304831316, 6.26049306e-006, 0.952406357, -1.04326476e-005, -1, 9.91246088e-006, 0, 0, 0, 0, 0, 0, 0, 0.261532202, -0.141668359, -0.198104883, -0.0979897259, 0.41423913, -0.904792002, -0.916748047, 0.316162109, 0.244140625, 0.387160994, 0.853420591, 0.348961954, 0, 0, -0, 0, 0, 0, 0, 0.313010303, -0.0974553223, -0.1663229, 0.259418052, 0.0595618557, -0.963914974, 0.450317383, -0.890380859, 0.0661621094, -0.854272207, -0.451079134, -0.257931244, 0, 2, 1, 1, 
441.776822, 28, 0.1, 0.1, 0.0136049504, 0.350296258, -0.0199614491, 0.952406299, -2.03003576e-005, -0.304831496, 0.304831496, 1.05573049e-005, 0.952406299, -1.61159894e-005, -1, 1.6243032e-005, 0.952406308, 2.46093243e-005, -0.304831468, 0.304831468, -1.27112429e-005, 0.952406308, 1.95632889e-005, -1, -1.96079644e-005, 0, 0, 0, 0, 0, 0, 0, 0.261532202, -0.141668359, -0.198104883, -0.0979897259, 0.41423913, -0.904792002, -0.916748047, 0.316162109, 0.244140625, 0.387160994, 0.853420591, 0.348961954, 0, 0, -0, 0, 0, 0, 0, 0.312556738, -0.0984271484, -0.166094531, 0.259418052, 0.0595618557, -0.963914974, 0.450317383, -0.890380859, 0.0661621094, -0.854272207, -0.451079134, -0.257931244, 0, 2, 1, 1, 
441.777618, 28, 0.1, 0.1, 0.0136049445, 0.350296261, -0.0199606586, 0.952406257, 3.12218701e-005, -0.304831628, 0.304831629, -1.7870138e-005, 0.952406257, 2.42885212e-005, -0.999999999, -2.65370448e-005, 0.952406265, -1.34874559e-005, -0.304831602, 0.304831602, 5.94520407e-006, 0.952406265, -1.10332514e-005, -1, 9.7736524e-006, 0, 0, 0, 0, 0, 0, 0, 0.261532202, -0.141668359, -0.198104883, -0.0979897259, 0.41423913, -0.904792002, -0.916748047, 0.316162109, 0.244140625, 0.387160994, 0.853420591, 0.348961954, 0, 0, -0, 0, 0, 0, 0, 0.312556738, -0.0984271484, -0.166094531, 0.259418052, 0.0595618557, -0.963914974, 0.450317383, -0.890380859, 0.0661621094, -0.854272207, -0.451079134, -0.257931244, 0, 2, 1, 1, 
441.778435, 28, 0.1, 0.1, 0.0136049524, 0.350296257, -0.0199612997, 0.952406211, -2.30837759e-005, -0.30483177, 0.304831771, 1.43315688e-005, 0.952406211, -1.76164141e-005, -1, 2.06861434e-005, 0.952406221, 2.26456559e-005, -0.304831741, 0.304831741, -9.70890719e-006, 0.952406221, 1.86082804e-005, -1, -1.61499383e-005, 0, 0, 0, 0, 0, 0, 0, 0.260887866, -0.142590381, -0.197902515, -0.0976961727, 0.41372466, -0.905122625, -0.915283203, 0.319580078, 0.244873047, 0.390575074, 0.852513339, 0.347654808, 0, 0, -0, 0, 0, 0, 0, 0.312556738, -0.0984271484, -0.166094531, 0.259418052, 0.0595618557, -0.963914974, 0.450317383, -0.890380859, 0.0661621094, -0.854272207, -0.451079134, -0.257931244, 0, 2, 1, 1, 
441.779238, 28, 0.1, 0.1, 0.013604945, 0.350296261, -0.0199629841, 0.952406163, 2.05407057e-005, -0.30483192, 0.304831921, -1.25212444e-005, 0.952406163, 1.57462197e-005, -1, -1.81867731e-005, 0.952406173, -2.12231602e-005, -0.30483189, 0.30483189, 9.51417996e-006, 0.952406173, -1.73128433e-005, -1, 1.55308598e-005, 0, 0, 0, 0, 0, 0, 0, 0.260887866, -0.142590381, -0.197902515, -0.0976961727, 0.41372466, -0.905122625, -0.915283203, 0.319580078, 0.244873047, 0.390575074, 0.852513339, 0.347654808, 0, 0, -0, 0, 0, 0, 0, 0.312556738, -0.0984271484, -0.166094531, 0.259418052, 0.0595618557, -0.963914974, 0.450317383, -0.890380859, 0.0661621094, -0.854272207, -0.451079134, -0.257931244, 0, 2, 1, 1, 
441.780043, 28, 0.1, 0.1, 0.0136049509, 0.350296258, -0.0199651602, 0.952406113, -2.3751758e-005, -0.304832077, 0.304832078, 1.3882601e-005, 0.952406113, -1.83894574e-005, -1, 2.04621718e-005, 0.952406123, 1.66438386e-005, -0.304832046, 0.304832046, -7.38318254e-006, 0.952406123, 1.36010632e-005, -1, -1.21053636e-005, 0, 0, 0, 0, 0, 0, 0, 0.260887866, -0.142590381, -0.197902515, -0.0976961727, 0.41372466, -0.905122625, -0.915283203, 0.319580078, 0.244873047, 0.390575074, 0.852513339, 0.347654808, 0, 0, -0, 0, 0, 0, 0, 0.312556738, -0.0984271484, -0.166094531, 0.259418052, 0.0595618557, -0.963914974, 0.450317383, -0.890380859, 0.0661621094, -0.854272207, -0.451079134, -0.257931244, 0, 2, 1, 1, 
441.780873, 28, 0.1, 0.1, 0.013604944, 0.350296261, -0.019966987, 0.952406059, 2.17146266e-005, -0.304832245, 0.304832246, -1.3766771e-005, 0.952406059, 1.64845862e-005, -1, -1.97308745e-005, 0.952406071, -1.98087479e-005, -0.304832209, 0.304832209, 8.15531796e-006, 0.952406071, -1.63799681e-005, -1, 1.38055187e-005, 0, 0, 0, 0, 0, 0, 0, 0.260692212, -0.143280371, -0.19747019, -0.0972700692, 0.413368949, -0.905357769, -0.914550781, 0.321655273, 0.245117188, 0.392485057, 0.851828127, 0.346950499, 0, 0, -0, 0, 0, 0, 0, 0.312556738, -0.0984271484, -0.166094531, 0.260146462, 0.0593062927, -0.963742533, 0.450073242, -0.890380859, 0.0667724609, -0.854195648, -0.450983252, -0.258404091, 0, 2, 1, 1, 
441.781669, 28, 0.1, 0.1, 0.0136049498, 0.350296258, -0.0199677134, 0.952406005, -1.93713972e-005, -0.304832417, 0.304832417, 1.39311206e-005, 0.952406005, -1.42027779e-005, -1, 1.91731127e-005, 0.952406017, 1.78994145e-005, -0.304832379, 0.304832379, -7.12395931e-006, 0.952406017, 1.48758966e-005, -1, -1.22412228e-005, 0, 0, 0, 0, 0, 0, 0, 0.260692212, -0.143280371, -0.19747019, -0.0972700692, 0.413368949, -0.905357769, -0.914550781, 0.321655273, 0.245117188, 0.392485057, 0.851828127, 0.346950499, 0, 0, -0, 0, 0, 0, 0, 0.312383301, -0.0988885254, -0.165869824, 0.260146462, 0.0593062927, -0.963742533, 0.450073242, -0.890380859, 0.0667724609, -0.854195648, -0.450983252, -0.258404091, 0, 2, 1, 1, 
441.782486, 28, 0.1, 0.1, 0.0136049448, 0.350296262, -0.0199674734, 0.952405949, 2.76247041e-005, -0.304832591, 0.304832591, -1.20545416e-005, 0.952405949, 2.26353154e-005, -1, -1.99017272e-005, 0.952405962, -1.42979913e-005, -0.304832551, 0.304832551, 1.12804729e-005, 0.952405962, -1.01788369e-005, -1, 1.51020828e-005, 0, 0, 0, 0, 0, 0, 0, 0.260692212, -0.143280371, -0.19747019, -0.0972700692, 0.413368949, -0.905357769, -0.914550781, 0.321655273, 0.245117188, 0.392485057, 0.851828127, 0.346950499, 0, 0, -0, 0, 0, 0, 0, 0.312383301, -0.0988885254, -0.165869824, 0.260146462, 0.0593062927, -0.963742533, 0.450073242, -0.890380859, 0.0667724609, -0.854195648, -0.450983252, -0.258404091, 0, 2, 1, 1, 
441.783281, 28, 0.1, 0.1, 0.0136049507, 0.350296258, -0.0199662481, 0.952405908, -2.39930438e-005, -0.304832719, 0.30483272, 7.34992239e-006, 0.952405908, -2.06106199e-005, -1, 1.43139743e-005, 0.952405915, 1.59074576e-005, -0.304832697, 0.304832698, -1.29354668e-005, 0.952405915, 1.12072035e-005, -1, -1.71689283e-005, 0, 0, 0, 0, 0, 0, 0, 0.260692212, -0.143280371, -0.19747019, -0.0972700692, 0.413368949, -0.905357769, -0.914550781, 0.321655273, 0.245117188, 0.392485057, 0.851828127, 0.346950499, 0, 0, -0, 0, 0, 0, 0, 0.312383301, -0.0988885254, -0.165869824, 0.260146462, 0.0593062927, -0.963742533, 0.450073242, -0.890380859, 0.0667724609, -0.854195648, -0.450983252, -0.258404091, 0, 2, 1, 1, 
441.78408, 28, 0.1, 0.1, 0.0136049444, 0.350296261, -0.0199647645, 0.952405883, 2.56713699e-005, -0.304832796, 0.304832796, -1.02663207e-005, 0.952405883, 2.13200525e-005, -1, -1.76031797e-005, 0.952405886, -1.55980841e-005, -0.304832788, 0.304832788, 8.82262249e-006, 0.952405886, -1.21662825e-005, -1, 1.3157525e-005, 0, 0, 0, 0, 0, 0, 0, 0.260692212, -0.143280371, -0.19747019, -0.0972700692, 0.413368949, -0.905357769, -0.914550781, 0.321655273, 0.245117188, 0.392485057, 0.851828127, 0.346950499, 0, 0, -0, 0, 0, 0, 0, 0.312383301, -0.0988885254, -0.165869824, 0.260146462, 0.0593062927, -0.963742533, 0.450073242, -0.890380859, 0.0667724609, -0.854195648, -0.450983252, -0.258404091, 0, 2, 1, 1, 
441.784875, 28, 0.1, 0.1, 0.0136049506, 0.350296259, -0.0199635265, 0.952405868, -2.63984276e-005, -0.304832842, 0.304832843, 1.56876005e-005, 0.952405868, -2.03599215e-005, -1, 2.29880705e-005, 0.95240587, 1.65567008e-005, -0.304832837, 0.304832837, -4.98033006e-006, 0.95240587, 1.42505309e-005, -1, -9.79032166e-006, 0, 0, 0, 0, 0, 0, 0, 0.260692212, -0.143280371, -0.19747019, -0.0972700692, 0.413368949, -0.905357769, -0.914550781, 0.321655273, 0.245117188, 0.392485057, 0.851828127, 0.346950499, 0, 0, -0, 0, 0, 0, 0, 0.312383301, -0.0988885254, -0.165869824, 0.260146462, 0.0593062927, -0.963742533, 0.450073242, -0.890380859, 0.0667724609, -0.854195648, -0.450983252, -0.258404091, 0, 2, 1, 1, 
441.7857, 28, 0.1, 0.1, 0.0136049433, 0.350296262, -0.0199628033, 0.952405847, 2.63542946e-005, -0.304832907, 0.304832907, -1.83135312e-005, 0.952405847, 1.95174173e-005, -0.999999999, -2.54755704e-005, 0.952405852, -2.05092775e-005, -0.304832892, 0.304832892, 5.93971561e-006, 0.952405852, -1.77225352e-005, -1, 1.19089223e-005, 0, 0, 0, 0, 0, 0, 0, 0.260725903, -0.144192261, -0.197261108, -0.0967233982, 0.413032334, -0.905592912, -0.913818359, 0.323608398, 0.245239258, 0.394375944, 0.851263482, 0.346246191, 0, 0, -0, 0, 0, 0, 0, 0.312383301, -0.0988885254, -0.165869824, 0.260402025, 0.0585396036, -0.963633891, 0.449584961, -0.890625, 0.0673828125, -0.85429153, -0.450695606, -0.258269929, 0, 2, 1, 1, 
441.786503, 28, 0.1, 0.1, 0.0136049501, 0.350296258, -0.0199626242, 0.952405817, -2.32250643e-005, -0.304833003, 0.304833004, 1.73245939e-005, 0.952405817, -1.68385784e-005, -1, 2.35798101e-005, 0.952405825, 2.05826958e-005, -0.304832978, 0.304832978, -7.88763298e-006, 0.952405825, 1.71986687e-005, -1, -1.3786512e-005, 0, 0, 0, 0, 0, 0, 0, 0.260725903, -0.144192261, -0.197261108, -0.0967233982, 0.413032334, -0.905592912, -0.913818359, 0.323608398, 0.245239258, 0.394375944, 0.851263482, 0.346246191, 0, 0, -0, 0, 0, 0, 0, 0.312621436, -0.0996029297, -0.165636572, 0.260402025, 0.0585396036, -0.963633891, 0.449584961, -0.890625, 0.0673828125, -0.85429153, -0.450695606, -0.258269929, 0, 2, 1, 1, 
441.787295, 28, 0.1, 0.1, 0.0136049433, 0.350296263, -0.0199632708, 0.952405783, 2.20186233e-005, -0.30483311, 0.30483311, -6.45001028e-006, 0.952405783, 1.90044874e-005, -1, -1.28550325e-005, 0.95240579, -1.89341768e-005, -0.304833087, 0.304833087, 1.62955548e-005, 0.95240579, -1.30655954e-005, -1, 2.12917443e-005, 0, 0, 0, 0, 0, 0, 0, 0.260725903, -0.144192261, -0.197261108, -0.0967233982, 0.413032334, -0.905592912, -0.913818359, 0.323608398, 0.245239258, 0.394375944, 0.851263482, 0.346246191, 0, 0, -0, 0, 0, 0, 0, 0.312621436, -0.0996029297, -0.165636572, 0.260402025, 0.0585396036, -0.963633891, 0.449584961, -0.890625, 0.0673828125, -0.85429153, -0.450695606, -0.258269929, 0, 2, 1, 1, 
441.788094, 28, 0.1, 0.1, 0.0136049487, 0.35029626, -0.0199645484, 0.952405764, -2.92244034e-005, -0.304833167, 0.304833167, 7.11578522e-006, 0.952405765, -2.56643629e-005, -1, 1.56856823e-005, 0.952405766, 1.30630014e-005, -0.304833163, 0.304833163, -1.25995177e-005, 0.952405766, 8.60052703e-006, -1, -1.59818893e-005, 0, 0, 0, 0, 0, 0, 0, 0.260725903, -0.144192261, -0.197261108, -0.0967233982, 0.413032334, -0.905592912, -0.913818359, 0.323608398, 0.245239258, 0.394375944, 0.851263482, 0.346246191, 0, 0, -0, 0, 0, 0, 0, 0.312621436, -0.0996029297, -0.165636572, 0.260402025, 0.0585396036, -0.963633891, 0.449584961, -0.890625, 0.0673828125, -0.85429153, -0.450695606, -0.258269929, 0, 2, 1, 1, 
441.78889, 28, 0.1, 0.1, 0.0136049406, 0.350296262, -0.0199659151, 0.952405759, 1.5973316e-005, -0.304833183, 0.304833184, -1.31929659e-005, 0.952405759, 1.11914244e-005, -1, -1.74342535e-005, 0.952405759, -2.42865216e-005, -0.304833184, 0.304833185, 5.44469821e-006, 0.952405759, -2.14708984e-005, -1, 1.25888997e-005, 0, 0, 0, 0, 0, 0, 0, 0.260725903, -0.144192261, -0.197261108, -0.0967233982, 0.413032334, -0.905592912, -0.913818359, 0.323608398, 0.245239258, 0.394375944, 0.851263482, 0.346246191, 0, 0, -0, 0, 0, 0, 0, 0.312621436, -0.0996029297, -0.165636572, 0.260402025, 0.0585396036, -0.963633891, 0.449584961, -0.890625, 0.0673828125, -0.85429153, -0.450695606, -0.258269929, 0, 2, 1, 1, 
441.789693, 28, 0.1, 0.1, 0.0136049462, 0.35029626, -0.0199669241, 0.952405747, -2.13180514e-005, -0.304833222, 0.304833223, 1.54664695e-005, 0.952405747, -1.55887409e-005, -1, 2.12288047e-005, 0.95240575, 1.68612788e-005, -0.304833211, 0.304833211, -5.01192486e-006, 0.95240575, 1.45309777e-005, -1, -9.91326381e-006, 0, 0, 0, 0, 0, 0, 0, 0.260725903, -0.144192261, -0.197261108, -0.0967233982, 0.413032334, -0.905592912, -0.913818359, 0.323608398, 0.245239258, 0.394375944, 0.851263482, 0.346246191, 0, 0, -0, 0, 0, 0, 0, 0.312621436, -0.0996029297, -0.165636572, 0.260402025, 0.0585396036, -0.963633891, 0.449584961, -0.890625, 0.0673828125, -0.85429153, -0.450695606, -0.258269929, 0, 2, 1, 1, 
441.790531, 28, 0.1, 0.1, 0.0136049407, 0.350296263, -0.0199669815, 0.952405723, 2.82241048e-005, -0.304833295, 0.304833295, -1.67843482e-005, 0.952405723, 2.17643708e-005, -0.999999999, -2.45891562e-005, 0.95240573, -1.31173114e-005, -0.304833274, 0.304833275, 7.02020094e-006, 0.95240573, -1.03530117e-005, -1, 1.06846726e-005, 0, 0, 0, 0, 0, 0, 0, 0.260436743, -0.144866016, -0.197481543, -0.0980998147, 0.412975046, -0.905485449, -0.912963867, 0.324584961, 0.246948242, 0.395829866, 0.850901779, 0.345364027, 0, 0, -0, 0, 0, 0, 0, 0.312621436, -0.0996029297, -0.165636572, 0.259552213, 0.0577408317, -0.964004292, 0.449951172, -0.890380859, 0.0678710938, -0.854380848, -0.451270531, -0.257081433, 0, 2, 1, 1, 
441.791333, 28, 0.1, 0.1, 0.0136049475, 0.350296259, -0.0199660105, 0.952405698, -1.87069734e-005, -0.304833376, 0.304833376, 8.75817241e-006, 0.952405698, -1.51468448e-005, -1, 1.40438431e-005, 0.952405703, 2.0250224e-005, -0.304833357, 0.304833358, -1.30069649e-005, 0.952405703, 1.53214721e-005, -1, -1.85608513e-005, 0, 0, 0, 0, 0, 0, 0, 0.260436743, -0.144866016, -0.197481543, -0.0980998147, 0.412975046, -0.905485449, -0.912963867, 0.324584961, 0.246948242, 0.395829866, 0.850901779, 0.345364027, 0, 0, -0, 0, 0, 0, 0, 0.31256333, -0.100337598, -0.165859326, 0.259552213, 0.0577408317, -0.964004292, 0.449951172, -0.890380859, 0.0678710938, -0.854380848, -0.451270531, -0.257081433, 0, 2, 1, 1, 
441.792134, 28, 0.1, 0.1, 0.0136049423, 0.350296262, -0.0199647608, 0.952405675, 2.8260462e-005, -0.304833444, 0.304833445, -1.3456086e-005, 0.952405676, 2.28135593e-005, -1, -2.14303866e-005, 0.95240568, -1.1633046e-005, -0.304833431, 0.304833431, 7.8452562e-006, 0.95240568, -8.68788272e-006, -1, 1.10180079e-005, 0, 0, 0, 0, 0, 0, 0, 0.260436743, -0.144866016, -0.197481543, -0.0980998147, 0.412975046, -0.905485449, -0.912963867, 0.324584961, 0.246948242, 0.395829866, 0.850901779, 0.345364027, 0, 0, -0, 0, 0, 0, 0, 0.31256333, -0.100337598, -0.165859326, 0.259552213, 0.0577408317, -0.964004292, 0.449951172, -0.890380859, 0.0678710938, -0.854380848, -0.451270531, -0.257081433, 0, 2, 1, 1, 
441.792959, 28, 0.1, 0.1, 0.0136049482, 0.350296259, -0.0199635658, 0.952405657, -3.15385264e-005, -0.304833502, 0.304833503, 1.61222456e-005, 0.952405657, -2.51228703e-005, -0.999999999, 2.49689174e-005, 0.952405661, 1.52409961e-005, -0.304833491, 0.304833491, -7.59304923e-006, 0.952405661, 1.22009953e-005, -1, -1.18776291e-005, 0, 0, 0, 0, 0, 0, 0, 0.260391943, -0.145335571, -0.197708081, -0.0990070661, 0.412511873, -0.905498554, -0.912719727, 0.324707031, 0.247680664, 0.396344336, 0.851098731, 0.344500959, 0, 0, -0, 0, 0, 0, 0, 0.31256333, -0.100337598, -0.165859326, 0.259513934, 0.0566288943, -0.964055332, 0.450683594, -0.889892578, 0.0689697266, -0.854016644, -0.452369342, -0.256595826, 0, 2, 1, 1, 
441.79376, 28, 0.1, 0.1, 0.0136049401, 0.350296263, -0.0199627012, 0.952405642, 2.04754814e-005, -0.304833548, 0.304833548, -8.81725303e-006, 0.952405642, 1.68131695e-005, -1, -1.46392152e-005, 0.952405644, -2.31671925e-005, -0.304833541, 0.304833542, 1.28985438e-005, 0.952405645, -1.81326561e-005, -1, 1.93467832e-005, 0, 0, 0, 0, 0, 0, 0, 0.260391943, -0.145335571, -0.197708081, -0.0990070661, 0.412511873, -0.905498554, -0.912719727, 0.324707031, 0.247680664, 0.396344336, 0.851098731, 0.344500959, 0, 0, -0, 0, 0, 0, 0, 0.312568457, -0.100880762, -0.165629248, 0.259513934, 0.0566288943, -0.964055332, 0.450683594, -0.889892578, 0.0689697266, -0.854016644, -0.452369342, -0.256595826, 0, 2, 1, 1, 
441.794556, 28, 0.1, 0.1, 0.0136049455, 0.35029626, -0.0199627153, 0.952405637, -3.01222203e-005, -0.304833565, 0.304833566, 1.20343847e-005, 0.952405637, -2.5020088e-005, -0.999999999, 2.06438796e-005, 0.952405637, 1.32996474e-005, -0.304833567, 0.304833567, -8.67332614e-006, 0.952405637, 1.00227382e-005, -1, -1.23147036e-005, 0, 0, 0, 0, 0, 0, 0, 0.260391943, -0.145335571, -0.197708081, -0.0990070661, 0.412511873, -0.905498554, -0.912719727, 0.324707031, 0.247680664, 0.396344336, 0.851098731, 0.344500959, 0, 0, -0, 0, 0, 0, 0, 0.312568457, -0.100880762, -0.165629248, 0.259513934, 0.0566288943, -0.964055332, 0.450683594, -0.889892578, 0.0689697266, -0.854016644, -0.452369342, -0.256595826, 0, 2, 1, 1, 
441.795356, 28, 0.1, 0.1, 0.0136049377, 0.350296263, -0.0199634988, 0.95240564, 2.18397119e-005, -0.304833554, 0.304833555, -1.03160349e-005, 0.95240564, 1.76555912e-005, -1, -1.64825268e-005, 0.952405638, -2.22383404e-005, -0.304833561, 0.304833562, 1.00887267e-005, 0.952405638, -1.81045383e-005, -1, 1.63875527e-005, 0, 0, 0, 0, 0, 0, 0, 0.260391943, -0.145335571, -0.197708081, -0.0990070661, 0.412511873, -0.905498554, -0.912719727, 0.324707031, 0.247680664, 0.396344336, 0.851098731, 0.344500959, 0, 0, -0, 0, 0, 0, 0, 0.312568457, -0.100880762, -0.165629248, 0.259513934, 0.0566288943, -0.964055332, 0.450683594, -0.889892578, 0.0689697266, -0.854016644, -0.452369342, -0.256595826, 0, 2, 1, 1, 
441.796154, 28, 0.1, 0.1, 0.0136049444, 0.350296261, -0.0199647452, 0.952405647, -2.01427749e-005, -0.304833533, 0.304833533, 1.132144e-005, 0.952405647, -1.5732938e-005, -1, 1.69227966e-005, 0.952405645, 2.05692169e-005, -0.304833539, 0.304833539, -8.28734515e-006, 0.952405645, 1.70639776e-005, -1, -1.41631015e-005, 0, 0, 0, 0, 0, 0, 0, 0.260391943, -0.145335571, -0.197708081, -0.0990070661, 0.412511873, -0.905498554, -0.912719727, 0.324707031, 0.247680664, 0.396344336, 0.851098731, 0.344500959, 0, 0, -0, 0, 0, 0, 0, 0.312568457, -0.100880762, -0.165629248, 0.259513934, 0.0566288943, -0.964055332, 0.450683594, -0.889892578, 0.0689697266, -0.854016644, -0.452369342, -0.256595826, 0, 2, 1, 1, 
441.796954, 28, 0.1, 0.1, 0.0136049385, 0.350296263, -0.0199660011, 0.952405653, 2.48467388e-005, -0.304833514, 0.304833514, -1.223928e-005, 0.952405653, 1.99332317e-005, -1, -1.92308782e-005, 0.952405652, -1.53652627e-005, -0.30483352, 0.30483352, 7.3706498e-006, 0.952405652, -1.23871419e-005, -1, 1.17036956e-005, 0, 0, 0, 0, 0, 0, 0, 0.260391943, -0.145335571, -0.197708081, -0.0990070661, 0.412511873, -0.905498554, -0.912719727, 0.324707031, 0.247680664, 0.396344336, 0.851098731, 0.344500959, 0, 0, -0, 0, 0, 0, 0, 0.312568457, -0.100880762, -0.165629248, 0.259513934, 0.0566288943, -0.964055332, 0.450683594, -0.889892578, 0.0689697266, -0.854016644, -0.452369342, -0.256595826, 0, 2, 1, 1, 
441.797782, 28, 0.1, 0.1, 0.0136049451, 0.35029626, -0.0199666471, 0.952405663, -2.1045944e-005, -0.304833485, 0.304833485, 9.90766107e-006, 0.952405663, -1.70240894e-005, -1, 1.5851621e-005, 0.952405661, 1.70872992e-005, -0.304833491, 0.304833491, -9.68637843e-006, 0.952405661, 1.3321308e-005, -1, -1.44341427e-005, 0, 0, 0, 0, 0, 0, 0, 0.260806079, -0.145093408, -0.197695264, -0.099534641, 0.412848487, -0.905282507, -0.913330078, 0.322875977, 0.247680664, 0.394574017, 0.851663376, 0.3450847, 0, 0, -0, 0, 0, 0, 0, 0.312833691, -0.1007, -0.165620947, 0.259750541, 0.0567626891, -0.96393393, 0.45300293, -0.888671875, 0.0698242188, -0.852764348, -0.454810134, -0.256583067, 0, 2, 1, 1, 
441.79859, 28, 0.1, 0.1, 0.0136049395, 0.350296263, -0.0199664271, 0.952405674, 2.59237704e-005, -0.304833448, 0.304833448, -1.40125279e-005, 0.952405674, 2.04184588e-005, -1, -2.12480434e-005, 0.952405673, -1.26893393e-005, -0.304833454, 0.304833454, 6.60947156e-006, 0.952405673, -1.00706107e-005, -1, 1.01630333e-005, 0, 0, 0, 0, 0, 0, 0, 0.260806079, -0.145093408, -0.197695264, -0.099534641, 0.412848487, -0.905282507, -0.913330078, 0.322875977, 0.247680664, 0.394574017, 0.851663376, 0.3450847, 0, 0, -0, 0, 0, 0, 0, 0.312833691, -0.1007, -0.165620947, 0.259750541, 0.0567626891, -0.96393393, 0.45300293, -0.888671875, 0.0698242188, -0.852764348, -0.454810134, -0.256583067, 0, 2, 1, 1, 
441.799384, 28, 0.1, 0.1, 0.0136049461, 0.35029626, -0.019965741, 0.95240568, -1.97696269e-005, -0.30483343, 0.304833431, 1.24833542e-005, 0.95240568, -1.50233613e-005, -1, 1.79156606e-005, 0.95240568, 1.98401363e-005, -0.304833432, 0.304833432, -8.21507297e-006, 0.95240568, 1.63916296e-005, -1, -1.3872019e-005, 0, 0, 0, 0, 0, 0, 0, 0.260806079, -0.145093408, -0.197695264, -0.099534641, 0.412848487, -0.905282507, -0.913330078, 0.322875977, 0.247680664, 0.394574017, 0.851663376, 0.3450847, 0, 0, -0, 0, 0, 0, 0, 0.312833691, -0.1007, -0.165620947, 0.259750541, 0.0567626891, -0.96393393, 0.45300293, -0.888671875, 0.0698242188, -0.852764348, -0.454810134, -0.256583067, 0, 2, 1, 1, 
441.80018, 28, 0.1, 0.1, 0.0136049404, 0.350296263, -0.0199649576, 0.952405677, 2.51512131e-005, -0.304833439, 0.30483344, -1.4990286e-005, 0.952405677, 1.93846177e-005, -1, -2.19437643e-005, 0.952405679, -1.49792476e-005, -0.304833435, 0.304833435, 6.30742287e-006, 0.952405679, -1.23436071e-005, -1, 1.05734009e-005, 0, 0, 0, 0, 0, 0, 0, 0.260806079, -0.145093408, -0.197695264, -0.099534641, 0.412848487, -0.905282507, -0.913330078, 0.322875977, 0.247680664, 0.394574017, 0.851663376, 0.3450847, 0, 0, -0, 0, 0, 0, 0, 0.312833691, -0.1007, -0.165620947, 0.259750541, 0.0567626891, -0.96393393, 0.45300293, -0.888671875, 0.0698242188, -0.852764348, -0.454810134, -0.256583067, 0, 2, 1, 1, 
441.800984, 28, 0.1, 0.1, 0.0136049465, 0.350296259, -0.0199642611, 0.952405666, -2.5381366e-005, -0.304833473, 0.304833473, 1.47895679e-005, 0.952405666, -1.96650014e-005, -1, 2.18227582e-005, 0.952405669, 1.79557365e-005, -0.304833464, 0.304833464, -8.04167703e-006, 0.952405669, 1.4649773e-005, -1, -1.31324482e-005, 0, 0, 0, 0, 0, 0, 0, 0.260806079, -0.145093408, -0.197695264, -0.099534641, 0.412848487, -0.905282507, -0.913330078, 0.322875977, 0.247680664, 0.394574017, 0.851663376, 0.3450847, 0, 0, -0, 0, 0, 0, 0, 0.312833691, -0.1007, -0.165620947, 0.259750541, 0.0567626891, -0.96393393, 0.45300293, -0.888671875, 0.0698242188, -0.852764348, -0.454810134, -0.256583067, 0, 2, 1, 1, 
441.801778, 28, 0.1, 0.1, 0.0136049394, 0.350296263, -0.0199638855, 0.952405649, 2.06992241e-005, -0.304833528, 0.304833529, -1.32013369e-005, 0.952405649, 1.56898479e-005, -1, -1.88828453e-005, 0.952405653, -2.10676697e-005, -0.304833515, 0.304833515, 8.83109306e-006, 0.952405653, -1.73729546e-005, -1, 1.48329148e-005, 0, 0, 0, 0, 0, 0, 0, 0.260806079, -0.145093408, -0.197695264, -0.099534641, 0.412848487, -0.905282507, -0.913330078, 0.322875977, 0.247680664, 0.394574017, 0.851663376, 0.3450847, 0, 0, -0, 0, 0, 0, 0, 0.312833691, -0.1007, -0.165620947, 0.259750541, 0.0567626891, -0.96393393, 0.45300293, -0.888671875, 0.0698242188, -0.852764348, -0.454810134, -0.256583067, 0, 2, 1, 1, 
441.802606, 28, 0.1, 0.1, 0.0136049453, 0.35029626, -0.0199636881, 0.952405622, -2.72895555e-005, -0.304833612, 0.304833612, 1.85101066e-005, 0.952405622, -2.03482235e-005, -0.999999999, 2.59479034e-005, 0.952405628, 1.3282455e-005, -0.304833592, 0.304833592, -4.30599165e-006, 0.952405629, 1.1337674e-005, -1, -8.14998914e-006, 0, 0, 0, 0, 0, 0, 0, 0.261192505, -0.144654492, -0.197470679, -0.10055759, 0.412639553, -0.905263411, -0.914306641, 0.32019043, 0.247436523, 0.392017014, 0.852685203, 0.345205267, 0, 0, -0, 0, 0, 0, 0, 0.312794385, -0.100311133, -0.165613867, 0.258760371, 0.0568261217, -0.96417017, 0.455932617, -0.887207031, 0.0700683594, -0.851518249, -0.457749292, -0.255503212, 0, 2, 1, 1, 
441.8034, 28, 0.1, 0.1, 0.0136049382, 0.350296265, -0.0199638284, 0.952405591, 2.07470963e-005, -0.304833709, 0.304833709, -9.58069832e-006, 0.952405591, 1.68391307e-005, -1, -1.5449125e-005, 0.952405598, -1.99997537e-005, -0.304833686, 0.304833687, 1.34920679e-005, 0.952405598, -1.49350406e-005, -1, 1.89465197e-005, 0, 0, 0, 0, 0, 0, 0, 0.261192505, -0.144654492, -0.197470679, -0.10055759, 0.412639553, -0.905263411, -0.914306641, 0.32019043, 0.247436523, 0.392017014, 0.852685203, 0.345205267, 0, 0, -0, 0, 0, 0, 0, 0.312794385, -0.100311133, -0.165613867, 0.258760371, 0.0568261217, -0.96417017, 0.455932617, -0.887207031, 0.0700683594, -0.851518249, -0.457749292, -0.255503212, 0, 2, 1, 1, 
441.804196, 28, 0.1, 0.1, 0.0136049439, 0.350296261, -0.0199644443, 0.952405565, -2.41176521e-005, -0.304833791, 0.304833791, 1.03688125e-005, 0.952405565, -1.98090217e-005, -1, 1.722719e-005, 0.95240557, 1.59318048e-005, -0.304833775, 0.304833775, -1.09722071e-005, 0.95240557, 1.18288404e-005, -1, -1.53065433e-005, 0, 0, 0, 0, 0, 0, 0, 0.261192505, -0.144654492, -0.197470679, -0.10055759, 0.412639553, -0.905263411, -0.914306641, 0.32019043, 0.247436523, 0.392017014, 0.852685203, 0.345205267, 0, 0, -0, 0, 0, 0, 0, 0.312794385, -0.100311133, -0.165613867, 0.258760371, 0.0568261217, -0.96417017, 0.455932617, -0.887207031, 0.0700683594, -0.851518249, -0.457749292, -0.255503212, 0, 2, 1, 1, 
441.804988, 28, 0.1, 0.1, 0.0136049379, 0.350296264, -0.019965315, 0.952405547, 2.49044997e-005, -0.304833845, 0.304833845, -1.12842887e-005, 0.952405547, 2.02793506e-005, -1, -1.83389535e-005, 0.952405551, -1.55561257e-005, -0.304833835, 0.304833835, 9.8244685e-006, 0.952405551, -1.18209101e-005, -1, 1.40989118e-005, 0, 0, 0, 0, 0, 0, 0, 0.261192505, -0.144654492, -0.197470679, -0.10055759, 0.412639553, -0.905263411, -0.914306641, 0.32019043, 0.247436523, 0.392017014, 0.852685203, 0.345205267, 0, 0, -0, 0, 0, 0, 0, 0.312794385, -0.100311133, -0.165613867, 0.258760371, 0.0568261217, -0.96417017, 0.455932617, -0.887207031, 0.0700683594, -0.851518249, -0.457749292, -0.255503212, 0, 2, 1, 1, 
441.805785, 28, 0.1, 0.1, 0.0136049444, 0.350296261, -0.0199661054, 0.952405537, -1.93279531e-005, -0.304833877, 0.304833877, 9.91481779e-006, 0.952405537, -1.53856772e-005, -1, 1.53347423e-005, 0.952405539, 1.98809036e-005, -0.30483387, 0.30483387, -1.09951907e-005, 0.952405539, 1.55829762e-005, -1, -1.65322533e-005, 0, 0, 0, 0, 0, 0, 0, 0.261192505, -0.144654492, -0.197470679, -0.10055759, 0.412639553, -0.905263411, -0.914306641, 0.32019043, 0.247436523, 0.392017014, 0.852685203, 0.345205267, 0, 0, -0, 0, 0, 0, 0, 0.312794385, -0.100311133, -0.165613867, 0.258760371, 0.0568261217, -0.96417017, 0.455932617, -0.887207031, 0.0700683594, -0.851518249, -0.457749292, -0.255503212, 0, 2, 1, 1, 
441.806581, 28, 0.1, 0.1, 0.013604939, 0.350296264, -0.019966502, 0.952405528, 2.42412749e-005, -0.304833906, 0.304833907, -1.42448823e-005, 0.952405528, 1.87452011e-005, -1, -2.09564672e-005, 0.95240553, -1.40491986e-005, -0.304833898, 0.304833899, 6.46264463e-006, 0.95240553, -1.14105012e-005, -1, 1.04377304e-005, 0, 0, 0, 0, 0, 0, 0, 0.261192505, -0.144654492, -0.197470679, -0.10055759, 0.412639553, -0.905263411, -0.914306641, 0.32019043, 0.247436523, 0.392017014, 0.852685203, 0.345205267, 0, 0, -0, 0, 0, 0, 0, 0.312794385, -0.100311133, -0.165613867, 0.258760371, 0.0568261217, -0.96417017, 0.455932617, -0.887207031, 0.0700683594, -0.851518249, -0.457749292, -0.255503212, 0, 2, 1, 1, 
441.807408, 28, 0.1, 0.1, 0.0136049453, 0.35029626, -0.019966178, 0.952405511, -2.23149032e-005, -0.304833958, 0.304833959, 1.49625828e-005, 0.952405511, -1.66917335e-005, -1, 2.10527866e-005, 0.952405515, 1.61161769e-005, -0.304833945, 0.304833945, -6.44973458e-006, 0.952405516, 1.33830377e-005, -1, -1.10555206e-005, 0, 0, 0, 0, 0, 0, 0, 0.261356421, -0.144200684, -0.197462622, -0.101536356, 0.412709946, -0.905148835, -0.915527344, 0.317016602, 0.247314453, 0.388958645, 0.853909974, 0.345928672, 0, 0, -0, 0, 0, 0, 0, 0.312472021, -0.0998773438, -0.166064746, 0.256933151, 0.0574710425, -0.964687493, 0.458740234, -0.885742188, 0.0694580078, -0.850482871, -0.460381848, -0.254084672, 0, 2, 1, 1, 
441.808206, 28, 0.1, 0.1, 0.0136049392, 0.350296264, -0.0199653029, 0.95240549, 2.344223e-005, -0.304834025, 0.304834026, -1.16703153e-005, 0.95240549, 1.87689994e-005, -1, -1.82608617e-005, 0.952405495, -1.59715252e-005, -0.304834009, 0.304834009, 1.0479563e-005, 0.952405495, -1.20168411e-005, -1, 1.48494574e-005, 0, 0, 0, 0, 0, 0, 0, 0.261356421, -0.144200684, -0.197462622, -0.101536356, 0.412709946, -0.905148835, -0.915527344, 0.317016602, 0.247314453, 0.388958645, 0.853909974, 0.345928672, 0, 0, -0, 0, 0, 0, 0, 0.312472021, -0.0998773438, -0.166064746, 0.256933151, 0.0574710425, -0.964687493, 0.458740234, -0.885742188, 0.0694580078, -0.850482871, -0.460381848, -0.254084672, 0, 2, 1, 1, 
441.809006, 28, 0.1, 0.1, 0.0136049449, 0.350296261, -0.019964456, 0.952405471, -2.59113294e-005, -0.304834083, 0.304834084, 1.16788016e-005, 0.952405471, -2.11179951e-005, -1, 1.90216109e-005, 0.952405475, 1.55044332e-005, -0.304834071, 0.304834071, -1.05777257e-005, 0.952405475, 1.15420558e-005, -1, -1.48005634e-005, 0, 0, 0, 0, 0, 0, 0, 0.261356421, -0.144200684, -0.197462622, -0.101536356, 0.412709946, -0.905148835, -0.915527344, 0.317016602, 0.247314453, 0.388958645, 0.853909974, 0.345928672, 0, 0, -0, 0, 0, 0, 0, 0.312472021, -0.0998773438, -0.166064746, 0.256933151, 0.0574710425, -0.964687493, 0.458740234, -0.885742188, 0.0694580078, -0.850482871, -0.460381848, -0.254084672, 0, 2, 1, 1, 
441.809829, 28, 0.1, 0.1, 0.0136049386, 0.350296264, -0.0199636554, 0.95240546, 2.87131209e-005, -0.304834116, 0.304834116, -1.18573279e-005, 0.952405461, 2.3732015e-005, -1, -2.00457226e-005, 0.952405462, -1.29129693e-005, -0.304834111, 0.304834111, 9.72119956e-006, 0.952405462, -9.33502926e-006, -1, 1.31948371e-005, 0, 0, 0, 0, 0, 0, 0, 0.260640552, -0.144482275, -0.197262939, -0.102462703, 0.411542464, -0.90551765, -0.915283203, 0.317382812, 0.247802734, 0.389352548, 0.854342068, 0.344380391, 0, 0, -0, 0, 0, 0, 0, 0.311879541, -0.100175781, -0.166278711, 0.254722402, 0.0567488296, -0.965306894, 0.460083008, -0.885131836, 0.0693359375, -0.850469744, -0.461685182, -0.25169492, 0, 2, 1, 1, 
