time, trialNum, realDorsalTactorPos, realVentralTactorPos, boxPosX, boxPosY, boxPosZ, boxLocalRot_11, boxLocalRot_12, boxLocalRot_13, boxLocalRot_21, boxLocalRot_22, boxLocalRot_23, boxLocalRot_31, boxLocalRot_32, boxLocalRot_33, boxGlobalRot_11, boxGlobalRot_12, boxGlobalRot_13, boxGlobalRot_21, boxGlobalRot_22, boxGlobalRot_23, boxGlobalRot_31, boxGlobalRot_32, boxGlobalRot_33, indexForceX, indexForceY, indexForceZ, indexForceGlobalX, indexForceGlobalY, indexForceGlobalZ, indexContact, indexPosX, indexPosY, indexPosZ, indexRot_11, indexRot_12, indexRot_13, indexRot_21, indexRot_22, indexRot_23, indexRot_31, indexRot_32, indexRot_33, thumbForceX, thumbForceY, thumbForceZ, thumbForceGlobalX, thumbForceGlobalY, thumbForceGlobalZ, thumbContact, thumbPosX, thumbPosY, thumbPosZ, thumbRot_11, thumbRot_12, thumbRot_13, thumbRot_21, thumbRot_22, thumbRot_23, thumbRot_31, thumbRot_32, thumbRot_33, manipForceTooHigh, cceExpType, mapping, trialSuccess, 
424.657406, 26, 0.1, 0.1, 0.0160721231, 0.354520176, -0.0199611002, 0.987616606, 4.26943967e-005, 0.156886702, 0.156886702, 3.04369707e-006, -0.987616607, -4.26432108e-005, 0.999999999, -3.69217731e-006, 0.987616582, 4.16394525e-005, 0.156886856, 0.156886856, 2.36191873e-006, -0.987616583, -4.14943678e-005, 0.999999999, -4.2000127e-006, 0, 0, 0, 0, 0, 0, 0, 0.322451001, -0.155994458, -0.189794727, 0.117238194, 0.680694336, -0.723054442, -0.970092773, 0.233886719, 0.0628662109, 0.211930252, 0.69417667, 0.687987148, 0, 0, -0, 0, 0, 0, 0, 0.353563623, -0.144644336, -0.1712125, 0.293581439, -0.416012978, -0.860618132, 0.318115234, -0.806396484, 0.498413086, -0.901374229, -0.420053875, -0.10444728, 0, 2, 1, 1, 
424.67194, 26, 0.1, 0.1, 0.0160721418, 0.354520137, -0.019975362, 0.987620431, -2.61475043e-005, 0.156862628, 0.156862628, 1.67592673e-005, -0.987620431, 2.31949068e-005, 1, 2.0653361e-005, 0.987620457, -1.7325297e-005, 0.156862462, 0.156862462, 2.53905656e-005, -0.987620457, 1.31279911e-005, 1, 2.77939308e-005, 0, 0, 0, 0, 0, 0, 0, 0.327741602, -0.156294141, -0.18904375, 0.103921498, 0.697202716, -0.709200432, -0.975463867, 0.210083008, 0.0635986328, 0.193399556, 0.685258811, 0.702107024, 0, 0, -0, 0, 0, 0, 0, 0.359518408, -0.144212695, -0.168775781, 0.305595467, -0.401998224, -0.863027574, 0.339355469, -0.80078125, 0.493286133, -0.889555631, -0.443620377, -0.108382803, 0, 2, 1, 1, 
424.672751, 26, 0.1, 0.1, 0.0160721415, 0.354520141, -0.0199722074, 0.987620261, 1.5145274e-005, 0.156863699, 0.1568637, -2.45773916e-005, -0.987620261, -1.11024789e-005, 1, -2.66488737e-005, 0.987620296, 1.8548079e-005, 0.156863475, 0.156863475, -3.26153584e-005, -0.987620296, -1.32023008e-005, 0.999999999, -3.5121106e-005, 0, 0, 0, 0, 0, 0, 0, 0.328014868, -0.155994971, -0.18854856, 0.10071523, 0.698687717, -0.708305163, -0.97644043, 0.205688477, 0.0639648438, 0.190323213, 0.685270794, 0.703077555, 0, 0, -0, 0, 0, 0, 0, 0.359518408, -0.144212695, -0.168775781, 0.305595467, -0.401998224, -0.863027574, 0.339355469, -0.80078125, 0.493286133, -0.889555631, -0.443620377, -0.108382803, 0, 2, 1, 1, 
424.673542, 26, 0.1, 0.1, 0.0160721424, 0.354520135, -0.019967048, 0.98762012, -1.20852026e-005, 0.156864587, 0.156864587, 2.91751898e-005, -0.98762012, 7.35903515e-006, 1, 3.07097447e-005, 0.987620145, -8.08899627e-007, 0.156864431, 0.156864431, 4.03121945e-005, -0.987620144, -5.52466389e-006, 0.999999999, 3.99400229e-005, 0, 0, 0, 0, 0, 0, 0, 0.328014868, -0.155994971, -0.18854856, 0.10071523, 0.698687717, -0.708305163, -0.97644043, 0.205688477, 0.0639648438, 0.190323213, 0.685270794, 0.703077555, 0, 0, -0, 0, 0, 0, 0, 0.359518408, -0.144212695, -0.168775781, 0.305595467, -0.401998224, -0.863027574, 0.339355469, -0.80078125, 0.493286133, -0.889555631, -0.443620377, -0.108382803, 0, 2, 1, 1, 
424.674335, 26, 0.1, 0.1, 0.0160721425, 0.354520141, -0.0199617881, 0.98761999, -4.55532232e-006, 0.156865407, 0.156865407, -3.56101917e-005, -0.987619989, 1.00849346e-005, 0.999999999, -3.44547647e-005, 0.987620011, -3.07582325e-006, 0.156865275, 0.156865275, -4.65513207e-005, -0.98762001, 1.03400303e-005, 0.999999999, -4.5492526e-005, 0, 0, 0, 0, 0, 0, 0, 0.328014868, -0.155994971, -0.18854856, 0.10071523, 0.698687717, -0.708305163, -0.97644043, 0.205688477, 0.0639648438, 0.190323213, 0.685270794, 0.703077555, 0, 0, -0, 0, 0, 0, 0, 0.359518408, -0.144212695, -0.168775781, 0.305595467, -0.401998224, -0.863027574, 0.339355469, -0.80078125, 0.493286133, -0.889555631, -0.443620377, -0.108382803, 0, 2, 1, 1, 
424.675155, 26, 0.1, 0.1, 0.0160721447, 0.354520133, -0.0199578103, 0.987619856, -5.2426338e-006, 0.15686625, 0.15686625, 4.4641322e-005, -0.987619855, -1.82498754e-006, 0.999999999, 4.49110483e-005, 0.987619883, -2.13490074e-005, 0.156866078, 0.156866079, 5.3822815e-005, -0.987619882, 1.26417303e-005, 0.999999998, 5.65054173e-005, 0, 0, 0, 0, 0, 0, 0, 0.328669067, -0.155427759, -0.18777666, 0.0963403586, 0.70107997, -0.706413155, -0.977905273, 0.198852539, 0.0639648438, 0.185330896, 0.684768306, 0.704878953, 0, 0, -0, 0, 0, 0, 0, 0.360345117, -0.143956738, -0.168577197, 0.307174054, -0.399858571, -0.863576979, 0.344482422, -0.799072266, 0.492553711, -0.887057603, -0.44879617, -0.107826835, 0, 2, 1, 1, 
424.676069, 26, 0.1, 0.1, 0.016072144, 0.354520144, -0.01995521, 0.987619733, 3.64038721e-005, 0.156867016, 0.156867018, -5.03722663e-005, -0.987619733, -2.80514353e-005, 0.999999998, -5.54592111e-005, 0.987619761, 8.68104431e-006, 0.156866849, 0.15686685, -6.80658518e-005, -0.987619758, 2.10370484e-006, 0.999999998, -6.85849484e-005, 0, 0, 0, 0, 0, 0, 0, 0.328669067, -0.155427759, -0.18777666, 0.0963403586, 0.70107997, -0.706413155, -0.977905273, 0.198852539, 0.0639648438, 0.185330896, 0.684768306, 0.704878953, 0, 0, -0, 0, 0, 0, 0, 0.360345117, -0.143956738, -0.168577197, 0.307174054, -0.399858571, -0.863576979, 0.344482422, -0.799072266, 0.492553711, -0.887057603, -0.44879617, -0.107826835, 0, 2, 1, 1, 
424.676865, 26, 0.1, 0.1, 0.0160721437, 0.354520137, -0.0199557918, 0.987619509, -4.60773079e-005, 0.156868429, 0.156868431, 3.49883205e-005, -0.987619509, 4.00182853e-005, 0.999999998, 4.17832229e-005, 0.987619565, -2.89665046e-005, 0.15686808, 0.156868081, 4.6887328e-005, -0.987619564, 2.12527615e-005, 0.999999998, 5.08507625e-005, 0, 0, 0, 0, 0, 0, 0, 0.328669067, -0.155427759, -0.18777666, 0.0963403586, 0.70107997, -0.706413155, -0.977905273, 0.198852539, 0.0639648438, 0.185330896, 0.684768306, 0.704878953, 0, 0, -0, 0, 0, 0, 0, 0.360345117, -0.143956738, -0.168577197, 0.307174054, -0.399858571, -0.863576979, 0.344482422, -0.799072266, 0.492553711, -0.887057603, -0.44879617, -0.107826835, 0, 2, 1, 1, 
424.677657, 26, 0.1, 0.1, 0.0160721413, 0.354520143, -0.0199594956, 0.987619164, 7.03333932e-005, 0.156870591, 0.156870593, -2.91523514e-005, -0.987619166, -6.48894605e-005, 0.999999997, -3.9824662e-005, 0.987619243, 4.73548646e-005, 0.156870099, 0.156870101, -4.2790507e-005, -0.987619243, -4.00560245e-005, 0.999999998, -4.96892905e-005, 0, 0, 0, 0, 0, 0, 0, 0.328669067, -0.155427759, -0.18777666, 0.0963403586, 0.70107997, -0.706413155, -0.977905273, 0.198852539, 0.0639648438, 0.185330896, 0.684768306, 0.704878953, 0, 0, -0, 0, 0, 0, 0, 0.360345117, -0.143956738, -0.168577197, 0.307174054, -0.399858571, -0.863576979, 0.344482422, -0.799072266, 0.492553711, -0.887057603, -0.44879617, -0.107826835, 0, 2, 1, 1, 
424.678449, 26, 0.1, 0.1, 0.0160721349, 0.354520136, -0.0199649322, 0.987618713, -3.74482029e-005, 0.156873438, 0.15687344, 3.30661128e-005, -0.987618713, 3.17973511e-005, 0.999999999, 3.85313402e-005, 0.987618813, 5.12580457e-006, 0.156872815, 0.156872814, 4.6898488e-005, -0.987618812, -1.24194388e-005, 0.999999999, 4.55137296e-005, 0, 0, 0, 0, 0, 0, 0, 0.328669067, -0.155427759, -0.18777666, 0.0963403586, 0.70107997, -0.706413155, -0.977905273, 0.198852539, 0.0639648438, 0.185330896, 0.684768306, 0.704878953, 0, 0, -0, 0, 0, 0, 0, 0.360345117, -0.143956738, -0.168577197, 0.307174054, -0.399858571, -0.863576979, 0.344482422, -0.799072266, 0.492553711, -0.887057603, -0.44879617, -0.107826835, 0, 2, 1, 1, 
424.67924, 26, 0.1, 0.1, 0.0160721497, 0.354520141, -0.019970182, 0.987618167, -4.44738111e-005, 0.156876873, 0.156876871, -3.67755241e-005, -0.987618168, 4.96923731e-005, 0.999999998, -2.93432634e-005, 0.987618275, -6.48997116e-005, 0.156876188, 0.156876185, -4.42828678e-005, -0.987618277, 7.10430688e-005, 0.999999997, -3.35533504e-005, 0, 0, 0, 0, 0, 0, 0, 0.328669067, -0.155427759, -0.18777666, 0.0963403586, 0.70107997, -0.706413155, -0.977905273, 0.198852539, 0.0639648438, 0.185330896, 0.684768306, 0.704878953, 0, 0, -0, 0, 0, 0, 0, 0.360345117, -0.143956738, -0.168577197, 0.307174054, -0.399858571, -0.863576979, 0.344482422, -0.799072266, 0.492553711, -0.887057603, -0.44879617, -0.107826835, 0, 2, 1, 1, 
424.680067, 26, 0.1, 0.1, 0.0160721399, 0.354520136, -0.0199732778, 0.987617621, 7.62713331e-005, 0.156880301, 0.156880298, 3.63817992e-005, -0.987617624, -8.10345003e-005, 0.999999996, 2.39658364e-005, 0.987617715, 7.07666903e-005, 0.15687971, 0.156879707, 4.09310459e-005, -0.987617717, -7.63116877e-005, 0.999999997, 2.93223684e-005, 0, 0, 0, 0, 0, 0, 0, 0.329734595, -0.154620337, -0.187217871, 0.0913304493, 0.703814829, -0.704343291, -0.979370117, 0.191040039, 0.0637207031, 0.179450423, 0.684087963, 0.707022957, 0, 0, -0, 0, 0, 0, 0, 0.361388477, -0.143470947, -0.168366895, 0.30861848, -0.397584757, -0.864030503, 0.349853516, -0.797241211, 0.491821289, -0.884450934, -0.454080604, -0.107015303, 0, 2, 1, 1, 
424.680861, 26, 0.1, 0.1, 0.0160721336, 0.354520138, -0.0199733141, 0.98761723, -2.56332943e-005, 0.15688278, 0.156882779, -2.40306479e-005, -0.98761723, 2.9085878e-005, 0.999999999, -1.97116594e-005, 0.987617293, -2.85045038e-007, 0.156882388, 0.156882388, -2.76665329e-005, -0.987617292, 4.62190715e-006, 1, -2.72792278e-005, 0, 0, 0, 0, 0, 0, 0, 0.329734595, -0.154620337, -0.187217871, 0.0913304493, 0.703814829, -0.704343291, -0.979370117, 0.191040039, 0.0637207031, 0.179450423, 0.684087963, 0.707022957, 0, 0, -0, 0, 0, 0, 0, 0.361388477, -0.143470947, -0.168366895, 0.30861848, -0.397584757, -0.864030503, 0.349853516, -0.797241211, 0.491821289, -0.884450934, -0.454080604, -0.107015303, 0, 2, 1, 1, 
424.68165, 26, 0.1, 0.1, 0.0160721405, 0.354520133, -0.0199708235, 0.987617006, 4.67062722e-006, 0.156884193, 0.156884193, 3.07517933e-005, -0.987617005, -9.43726116e-006, 1, 2.96382465e-005, 0.987617041, -2.36296789e-005, 0.156883972, 0.156883973, 3.51889324e-005, -0.98761704, 1.78164941e-005, 0.999999999, 3.84603071e-005, 0, 0, 0, 0, 0, 0, 0, 0.329734595, -0.154620337, -0.187217871, 0.0913304493, 0.703814829, -0.704343291, -0.979370117, 0.191040039, 0.0637207031, 0.179450423, 0.684087963, 0.707022957, 0, 0, -0, 0, 0, 0, 0, 0.361388477, -0.143470947, -0.168366895, 0.30861848, -0.397584757, -0.864030503, 0.349853516, -0.797241211, 0.491821289, -0.884450934, -0.454080604, -0.107015303, 0, 2, 1, 1, 
424.682442, 26, 0.1, 0.1, 0.0160721376, 0.354520137, -0.0199667678, 0.987616918, -2.23020316e-005, 0.156884742, 0.156884742, -3.44499345e-005, -0.987616918, 2.74305328e-005, 0.999999999, -3.05244897e-005, 0.987616927, 7.87663841e-006, 0.15688469, 0.15688469, -3.87289307e-005, -0.987616926, -1.70312514e-006, 0.999999999, -3.94850715e-005, 0, 0, 0, 0, 0, 0, 0, 0.329734595, -0.154620337, -0.187217871, 0.0913304493, 0.703814829, -0.704343291, -0.979370117, 0.191040039, 0.0637207031, 0.179450423, 0.684087963, 0.707022957, 0, 0, -0, 0, 0, 0, 0, 0.361388477, -0.143470947, -0.168366895, 0.30861848, -0.397584757, -0.864030503, 0.349853516, -0.797241211, 0.491821289, -0.884450934, -0.454080604, -0.107015303, 0, 2, 1, 1, 
424.683233, 26, 0.1, 0.1, 0.0160721435, 0.354520132, -0.0199626093, 0.987616962, 1.91231872e-005, 0.156884464, 0.156884463, 3.71409021e-005, -0.987616962, -2.47132146e-005, 0.999999999, 3.36808539e-005, 0.987616945, -1.75239823e-005, 0.156884576, 0.156884577, 4.24299442e-005, -0.987616944, 1.0650378e-005, 0.999999999, 4.46537744e-005, 0, 0, 0, 0, 0, 0, 0, 0.329734595, -0.154620337, -0.187217871, 0.0913304493, 0.703814829, -0.704343291, -0.979370117, 0.191040039, 0.0637207031, 0.179450423, 0.684087963, 0.707022957, 0, 0, -0, 0, 0, 0, 0, 0.361388477, -0.143470947, -0.168366895, 0.30861848, -0.397584757, -0.864030503, 0.349853516, -0.797241211, 0.491821289, -0.884450934, -0.454080604, -0.107015303, 0, 2, 1, 1, 
424.684026, 26, 0.1, 0.1, 0.0160721365, 0.354520138, -0.0199596992, 0.987617142, -1.26877628e-005, 0.156883337, 0.156883336, -4.55244831e-005, -0.987617141, 1.96726848e-005, 0.999999999, -4.29702613e-005, 0.987617097, 2.50919851e-005, 0.156883615, 0.156883616, -5.05270594e-005, -0.987617096, -1.68544057e-005, 0.999999998, -5.38379091e-005, 0, 0, 0, 0, 0, 0, 0, 0.329734595, -0.154620337, -0.187217871, 0.0913304493, 0.703814829, -0.704343291, -0.979370117, 0.191040039, 0.0637207031, 0.179450423, 0.684087963, 0.707022957, 0, 0, -0, 0, 0, 0, 0, 0.361388477, -0.143470947, -0.168366895, 0.30861848, -0.397584757, -0.864030503, 0.349853516, -0.797241211, 0.491821289, -0.884450934, -0.454080604, -0.107015303, 0, 2, 1, 1, 
424.684852, 26, 0.1, 0.1, 0.0160721424, 0.354520131, -0.0199585045, 0.987617462, 2.3125263e-005, 0.15688132, 0.156881319, 4.77003977e-005, -0.987617461, -3.03222149e-005, 0.999999999, 4.3481824e-005, 0.987617394, -1.58272836e-005, 0.156881751, 0.156881752, 5.2514642e-005, -0.987617392, 7.39271154e-006, 0.999999998, 5.43473858e-005, 0, 0, 0, 0, 0, 0, 0, 0.330702124, -0.154214478, -0.187041968, 0.0886757224, 0.70752621, -0.701098831, -0.98046875, 0.185791016, 0.0634765625, 0.175174397, 0.681769851, 0.710340435, 0, 0, -0, 0, 0, 0, 0, 0.362150244, -0.143333008, -0.168449902, 0.309398296, -0.394396966, -0.865244519, 0.353759766, -0.79675293, 0.489746094, -0.882527831, -0.457550578, -0.107142901, 0, 2, 1, 1, 
424.685643, 26, 0.1, 0.1, 0.0160721342, 0.354520136, -0.0199596239, 0.987617885, -8.70846998e-006, 0.156878659, 0.156878659, -4.52513984e-005, -0.987617884, 1.56996194e-005, 0.999999999, -4.33249173e-005, 0.987617794, 2.97010892e-005, 0.156879226, 0.156879227, -4.75109389e-005, -0.987617793, -2.18798449e-005, 0.999999998, -5.15821326e-005, 0, 0, 0, 0, 0, 0, 0, 0.330702124, -0.154214478, -0.187041968, 0.0886757224, 0.70752621, -0.701098831, -0.98046875, 0.185791016, 0.0634765625, 0.175174397, 0.681769851, 0.710340435, 0, 0, -0, 0, 0, 0, 0, 0.362150244, -0.143333008, -0.168449902, 0.309398296, -0.394396966, -0.865244519, 0.353759766, -0.79675293, 0.489746094, -0.882527831, -0.457550578, -0.107142901, 0, 2, 1, 1, 
424.686442, 26, 0.1, 0.1, 0.0160721403, 0.354520132, -0.019962648, 0.987618407, 1.34303207e-005, 0.156875372, 0.156875371, 3.44374469e-005, -0.987618406, -1.86664192e-005, 0.999999999, 3.19041699e-005, 0.987618295, -2.22379663e-005, 0.156876077, 0.156876078, 3.76752358e-005, -0.987618294, 1.60522792e-005, 0.999999999, 4.06973571e-005, 0, 0, 0, 0, 0, 0, 0, 0.330702124, -0.154214478, -0.187041968, 0.0886757224, 0.70752621, -0.701098831, -0.98046875, 0.185791016, 0.0634765625, 0.175174397, 0.681769851, 0.710340435, 0, 0, -0, 0, 0, 0, 0, 0.362150244, -0.143333008, -0.168449902, 0.309398296, -0.394396966, -0.865244519, 0.353759766, -0.79675293, 0.489746094, -0.882527831, -0.457550578, -0.107142901, 0, 2, 1, 1, 
424.687262, 26, 0.1, 0.1, 0.0160721344, 0.354520137, -0.0199661762, 0.987619015, -1.17367789e-005, 0.156871545, 0.156871545, -4.23850773e-005, -0.987619014, 1.82404785e-005, 0.999999999, -4.00191416e-005, 0.987618896, 1.94394034e-005, 0.156872295, 0.156872295, -4.58377804e-005, -0.987618895, -1.20080444e-005, 0.999999999, -4.83197619e-005, 0, 0, 0, 0, 0, 0, 0, 0.331779272, -0.154817676, -0.186524438, 0.0880526675, 0.708877539, -0.699784572, -0.980957031, 0.18371582, 0.0625, 0.17280124, 0.680937862, 0.71161538, 0, 0, -0, 0, 0, 0, 0, 0.362568652, -0.14375166, -0.1682396, 0.30887441, -0.393687879, -0.865698042, 0.355102539, -0.796630859, 0.489013672, -0.882214666, -0.458457992, -0.106331369, 0, 2, 1, 1, 
424.688052, 26, 0.1, 0.1, 0.0160721399, 0.354520134, -0.0199689201, 0.98761965, 9.95436834e-006, 0.156867549, 0.156867548, 3.13471902e-005, -0.987619649, -1.47484866e-005, 0.999999999, 2.93975836e-005, 0.987619521, -1.93370306e-005, 0.156868359, 0.15686836, 3.25473069e-005, -0.98761952, 1.39919863e-005, 0.999999999, 3.51777239e-005, 0, 0, 0, 0, 0, 0, 0, 0.331779272, -0.154817676, -0.186524438, 0.0880526675, 0.708877539, -0.699784572, -0.980957031, 0.18371582, 0.0625, 0.17280124, 0.680937862, 0.71161538, 0, 0, -0, 0, 0, 0, 0, 0.362568652, -0.14375166, -0.1682396, 0.30887441, -0.393687879, -0.865698042, 0.355102539, -0.796630859, 0.489013672, -0.882214666, -0.458457992, -0.106331369, 0, 2, 1, 1, 
424.688843, 26, 0.1, 0.1, 0.0160721352, 0.354520137, -0.0199703499, 0.987620317, -1.02220061e-005, 0.156863347, 0.156863347, -2.63996179e-005, -0.987620317, 1.42365933e-005, 1, -2.44693409e-005, 0.987620184, 1.73738474e-005, 0.156864184, 0.156864185, -2.97943182e-005, -0.987620183, -1.24851009e-005, 0.999999999, -3.21508045e-005, 0, 0, 0, 0, 0, 0, 0, 0.331779272, -0.154817676, -0.186524438, 0.0880526675, 0.708877539, -0.699784572, -0.980957031, 0.18371582, 0.0625, 0.17280124, 0.680937862, 0.71161538, 0, 0, -0, 0, 0, 0, 0, 0.362568652, -0.14375166, -0.1682396, 0.30887441, -0.393687879, -0.865698042, 0.355102539, -0.796630859, 0.489013672, -0.882214666, -0.458457992, -0.106331369, 0, 2, 1, 1, 
424.689634, 26, 0.1, 0.1, 0.0160721397, 0.354520131, -0.0199700582, 0.987621007, 1.27794214e-005, 0.156859, 0.156859, 3.54330775e-005, -0.987621007, -1.81792221e-005, 0.999999999, 3.29898844e-005, 0.98762087, -1.49764288e-005, 0.156859866, 0.156859867, 3.90704687e-005, -0.987620869, 8.66244518e-006, 0.999999999, 4.09360109e-005, 0, 0, 0, 0, 0, 0, 0, 0.331779272, -0.154817676, -0.186524438, 0.0880526675, 0.708877539, -0.699784572, -0.980957031, 0.18371582, 0.0625, 0.17280124, 0.680937862, 0.71161538, 0, 0, -0, 0, 0, 0, 0, 0.362568652, -0.14375166, -0.1682396, 0.30887441, -0.393687879, -0.865698042, 0.355102539, -0.796630859, 0.489013672, -0.882214666, -0.458457992, -0.106331369, 0, 2, 1, 1, 
424.690521, 26, 0.1, 0.1, 0.0160721365, 0.354520135, -0.0199677851, 0.987621784, -2.83793795e-005, 0.156854108, 0.156854107, -2.75420076e-005, -0.987621784, 3.23481704e-005, 0.999999999, -2.27496644e-005, 0.98762158, 1.41348801e-005, 0.156855391, 0.156855391, -3.30838219e-005, -0.98762158, -8.77053681e-006, 0.999999999, -3.48914286e-005, 0, 0, 0, 0, 0, 0, 0, 0.331779272, -0.154817676, -0.186524438, 0.0880526675, 0.708877539, -0.699784572, -0.980957031, 0.18371582, 0.0625, 0.17280124, 0.680937862, 0.71161538, 0, 0, -0, 0, 0, 0, 0, 0.362568652, -0.14375166, -0.1682396, 0.30887441, -0.393687879, -0.865698042, 0.355102539, -0.796630859, 0.489013672, -0.882214666, -0.458457992, -0.106331369, 0, 2, 1, 1, 
424.691372, 26, 0.1, 0.1, 0.0160721438, 0.354520136, -0.0199629868, 0.987622567, 2.47127957e-005, 0.156849177, 0.156849178, -1.28963179e-005, -0.987622567, -2.23841379e-005, 1, -1.66128763e-005, 0.987622437, -1.31886976e-005, 0.156849999, 0.156849999, -1.50372149e-005, -0.987622437, 1.53840408e-005, 1, -1.27824436e-005, 0, 0, 0, 0, 0, 0, 0, 0.331779272, -0.154817676, -0.186524438, 0.0880526675, 0.708877539, -0.699784572, -0.980957031, 0.18371582, 0.0625, 0.17280124, 0.680937862, 0.71161538, 0, 0, -0, 0, 0, 0, 0, 0.362568652, -0.14375166, -0.1682396, 0.30887441, -0.393687879, -0.865698042, 0.355102539, -0.796630859, 0.489013672, -0.882214666, -0.458457992, -0.106331369, 0, 2, 1, 1, 
424.692194, 26, 0.1, 0.1, 0.0160721378, 0.354520132, -0.0199592195, 0.987623118, -1.84863618e-005, 0.156845708, 0.156845708, -6.17084449e-006, -0.987623118, 1.92254288e-005, 1, -3.19496216e-006, 0.987623024, 1.50257941e-005, 0.1568463, 0.1568463, 2.05190626e-005, -0.987623024, -1.80581593e-005, 1, 1.79083585e-005, 0, 0, 0, 0, 0, 0, 0, 0.332267139, -0.155913501, -0.186045483, 0.0888775434, 0.70930252, -0.699187727, -0.980957031, 0.183959961, 0.0618896484, 0.172547001, 0.680499776, 0.712262401, 0, 0, -0, 0, 0, 0, 0, 0.362747217, -0.144400146, -0.16803418, 0.308107721, -0.393112954, -0.866298487, 0.356445312, -0.796508789, 0.48828125, -0.88192702, -0.459256764, -0.105289794, 0, 2, 1, 1, 
424.692985, 26, 0.1, 0.1, 0.0160721425, 0.35452013, -0.0199577986, 0.987623595, 2.83757816e-005, 0.156842707, 0.156842706, 2.332389e-005, -0.987623595, -3.16827735e-005, 0.999999999, 1.85846897e-005, 0.987623497, -1.19421647e-005, 0.156843326, 0.156843326, 2.62039893e-005, -0.987623496, 7.6844416e-006, 1, 2.77527244e-005, 0, 0, 0, 0, 0, 0, 0, 0.332267139, -0.155913501, -0.186045483, 0.0888775434, 0.70930252, -0.699187727, -0.980957031, 0.183959961, 0.0618896484, 0.172547001, 0.680499776, 0.712262401, 0, 0, -0, 0, 0, 0, 0, 0.362747217, -0.144400146, -0.16803418, 0.308107721, -0.393112954, -0.866298487, 0.356445312, -0.796508789, 0.48828125, -0.88192702, -0.459256764, -0.105289794, 0, 2, 1, 1, 
424.693776, 26, 0.1, 0.1, 0.0160721349, 0.354520128, -0.019959064, 0.987624089, -1.7723261e-005, 0.156839594, 0.156839594, 1.67290815e-005, -0.987624089, 1.48801371e-005, 1, 1.9301753e-005, 0.987624001, 2.16233357e-005, 0.156840147, 0.156840147, 1.76936819e-005, -0.987624001, -2.4130805e-005, 1, 1.40832978e-005, 0, 0, 0, 0, 0, 0, 0, 0.332267139, -0.155913501, -0.186045483, 0.0888775434, 0.70930252, -0.699187727, -0.980957031, 0.183959961, 0.0618896484, 0.172547001, 0.680499776, 0.712262401, 0, 0, -0, 0, 0, 0, 0, 0.362747217, -0.144400146, -0.16803418, 0.308107721, -0.393112954, -0.866298487, 0.356445312, -0.796508789, 0.48828125, -0.88192702, -0.459256764, -0.105289794, 0, 2, 1, 1, 
424.694564, 26, 0.1, 0.1, 0.0160721403, 0.35452013, -0.01996241, 0.987624432, 1.56175759e-005, 0.156837436, 0.156837436, 6.46980049e-006, -0.987624432, -1.64390065e-005, 1, 3.94031246e-006, 0.987624373, -1.4599534e-005, 0.156837805, 0.156837805, -1.69854328e-005, -0.987624373, 1.70828136e-005, 1, -1.44854686e-005, 0, 0, 0, 0, 0, 0, 0, 0.332267139, -0.155913501, -0.186045483, 0.0888775434, 0.70930252, -0.699187727, -0.980957031, 0.183959961, 0.0618896484, 0.172547001, 0.680499776, 0.712262401, 0, 0, -0, 0, 0, 0, 0, 0.362747217, -0.144400146, -0.16803418, 0.308107721, -0.393112954, -0.866298487, 0.356445312, -0.796508789, 0.48828125, -0.88192702, -0.459256764, -0.105289794, 0, 2, 1, 1, 
424.695355, 26, 0.1, 0.1, 0.0160721354, 0.354520131, -0.0199665554, 0.987624743, -1.56035786e-005, 0.156835474, 0.156835474, -1.84302374e-005, -0.987624743, 1.83009953e-005, 1, -1.57549638e-005, 0.987624677, 1.62144446e-005, 0.156835893, 0.156835893, -2.01140438e-005, -0.987624677, -1.28591816e-005, 1, -2.24081329e-005, 0, 0, 0, 0, 0, 0, 0, 0.332267139, -0.155913501, -0.186045483, 0.0888775434, 0.70930252, -0.699187727, -0.980957031, 0.183959961, 0.0618896484, 0.172547001, 0.680499776, 0.712262401, 0, 0, -0, 0, 0, 0, 0, 0.362747217, -0.144400146, -0.16803418, 0.308107721, -0.393112954, -0.866298487, 0.356445312, -0.796508789, 0.48828125, -0.88192702, -0.459256764, -0.105289794, 0, 2, 1, 1, 
424.696144, 26, 0.1, 0.1, 0.0160721407, 0.354520132, -0.0199700683, 0.987625076, 1.31211107e-005, 0.156833379, 0.156833379, -1.43293791e-005, -0.987625076, -1.0711413e-005, 1, -1.62098823e-005, 0.987625018, -1.47428704e-005, 0.156833748, 0.156833748, -1.47606709e-005, -0.987625018, 1.6875399e-005, 1, -1.22658282e-005, 0, 0, 0, 0, 0, 0, 0, 0.332267139, -0.155913501, -0.186045483, 0.0888775434, 0.70930252, -0.699187727, -0.980957031, 0.183959961, 0.0618896484, 0.172547001, 0.680499776, 0.712262401, 0, 0, -0, 0, 0, 0, 0, 0.362747217, -0.144400146, -0.16803418, 0.308107721, -0.393112954, -0.866298487, 0.356445312, -0.796508789, 0.48828125, -0.88192702, -0.459256764, -0.105289794, 0, 2, 1, 1, 
424.696964, 26, 0.1, 0.1, 0.0160721371, 0.35452013, -0.0199715926, 0.98762531, -1.45473805e-005, 0.156831906, 0.156831906, -6.99891188e-006, -0.98762531, 1.54650139e-005, 1, -4.6308091e-006, 0.987625272, 8.06591968e-006, 0.156832144, 0.156832144, 1.12818329e-005, -0.987625272, -9.73546016e-006, 1, 9.87722784e-006, 0, 0, 0, 0, 0, 0, 0, 0.332434717, -0.156754834, -0.186222705, 0.0877482532, 0.710374523, -0.69833065, -0.980834961, 0.18359375, 0.0634765625, 0.173220231, 0.679464844, 0.712991797, 0, 0, -0, 0, 0, 0, 0, 0.362910889, -0.144837109, -0.168036865, 0.307085469, -0.392633911, -0.86682857, 0.358398437, -0.796020508, 0.487548828, -0.881543492, -0.460311099, -0.103749853, 0, 2, 1, 1, 
424.697757, 26, 0.1, 0.1, 0.0160721406, 0.354520129, -0.0199708043, 0.987625516, 1.91143926e-005, 0.156830611, 0.156830611, 1.25536613e-005, -0.987625516, -2.08466603e-005, 1, 9.40059431e-006, 0.987625471, -9.14013407e-006, 0.156830895, 0.156830895, 1.47492637e-005, -0.987625471, 6.71388899e-006, 1, 1.60002039e-005, 0, 0, 0, 0, 0, 0, 0, 0.332434717, -0.156754834, -0.186222705, 0.0877482532, 0.710374523, -0.69833065, -0.980834961, 0.18359375, 0.0634765625, 0.173220231, 0.679464844, 0.712991797, 0, 0, -0, 0, 0, 0, 0, 0.362910889, -0.144837109, -0.168036865, 0.307085469, -0.392633911, -0.86682857, 0.358398437, -0.796020508, 0.487548828, -0.881543492, -0.460311099, -0.103749853, 0, 2, 1, 1, 
424.698552, 26, 0.1, 0.1, 0.016072136, 0.354520129, -0.0199682785, 0.98762575, -1.96254202e-005, 0.156829138, 0.156829138, 9.402699e-006, -0.98762575, 1.79079532e-005, 1, 1.23641854e-005, 0.98762571, 1.06467695e-005, 0.15682939, 0.15682939, 1.02103021e-005, -0.98762571, -1.21162987e-005, 1, 8.41423054e-006, 0, 0, 0, 0, 0, 0, 0, 0.332434717, -0.156754834, -0.186222705, 0.0877482532, 0.710374523, -0.69833065, -0.980834961, 0.18359375, 0.0634765625, 0.173220231, 0.679464844, 0.712991797, 0, 0, -0, 0, 0, 0, 0, 0.362910889, -0.144837109, -0.168036865, 0.307085469, -0.392633911, -0.86682857, 0.358398437, -0.796020508, 0.487548828, -0.881543492, -0.460311099, -0.103749853, 0, 2, 1, 1, 
424.699348, 26, 0.1, 0.1, 0.0160721398, 0.35452013, -0.0199649722, 0.987625884, 2.32006864e-005, 0.156828289, 0.156828288, 1.04373365e-005, -0.987625885, -2.4550468e-005, 1, 6.6696598e-006, 0.987625864, -6.47517887e-006, 0.156828416, 0.156828416, -1.37214551e-005, -0.987625864, 8.54696819e-006, 1, -1.25361719e-005, 0, 0, 0, 0, 0, 0, 0, 0.332434717, -0.156754834, -0.186222705, 0.0877482532, 0.710374523, -0.69833065, -0.980834961, 0.18359375, 0.0634765625, 0.173220231, 0.679464844, 0.712991797, 0, 0, -0, 0, 0, 0, 0, 0.362910889, -0.144837109, -0.168036865, 0.307085469, -0.392633911, -0.86682857, 0.358398437, -0.796020508, 0.487548828, -0.881543492, -0.460311099, -0.103749853, 0, 2, 1, 1, 
424.700138, 26, 0.1, 0.1, 0.0160721345, 0.35452013, -0.0199620833, 0.987626013, -2.08426487e-005, 0.15682748, 0.15682748, -1.23392119e-005, -0.987626013, 2.25198695e-005, 1, -8.91782656e-006, 0.987625981, 1.57776248e-005, 0.156827681, 0.156827682, -1.55947474e-005, -0.987625981, -1.31367041e-005, 1, -1.78761461e-005, 0, 0, 0, 0, 0, 0, 0, 0.332434717, -0.156754834, -0.186222705, 0.0877482532, 0.710374523, -0.69833065, -0.980834961, 0.18359375, 0.0634765625, 0.173220231, 0.679464844, 0.712991797, 0, 0, -0, 0, 0, 0, 0, 0.362910889, -0.144837109, -0.168036865, 0.307085469, -0.392633911, -0.86682857, 0.358398437, -0.796020508, 0.487548828, -0.881543492, -0.460311099, -0.103749853, 0, 2, 1, 1, 
424.700932, 26, 0.1, 0.1, 0.0160721402, 0.354520129, -0.0199605309, 0.987626195, 2.48521227e-005, 0.156826331, 0.156826331, -6.33191565e-006, -0.987626195, -2.35515963e-005, 1, -1.0151033e-005, 0.987626166, -1.27601291e-005, 0.156826516, 0.156826516, -7.3531869e-006, -0.987626166, 1.37554121e-005, 1, -5.26107318e-006, 0, 0, 0, 0, 0, 0, 0, 0.332434717, -0.156754834, -0.186222705, 0.0877482532, 0.710374523, -0.69833065, -0.980834961, 0.18359375, 0.0634765625, 0.173220231, 0.679464844, 0.712991797, 0, 0, -0, 0, 0, 0, 0, 0.362910889, -0.144837109, -0.168036865, 0.307085469, -0.392633911, -0.86682857, 0.358398437, -0.796020508, 0.487548828, -0.881543492, -0.460311099, -0.103749853, 0, 2, 1, 1, 
424.701759, 26, 0.1, 0.1, 0.0160721346, 0.354520124, -0.0199603667, 0.98762627, -2.14084403e-005, 0.156825858, 0.156825858, -1.22149568e-006, -0.987626271, 2.13351001e-005, 1, 2.1510158e-006, 0.987626263, 1.15131691e-005, 0.156825903, 0.156825903, 2.55022266e-005, -0.987626263, -1.53701179e-005, 1, 2.33811056e-005, 0, 0, 0, 0, 0, 0, 0, 0.332560303, -0.157112329, -0.186577148, 0.0858191744, 0.712214113, -0.696616497, -0.980957031, 0.182250977, 0.0654296875, 0.173525767, 0.67781397, 0.714450589, 0, 0, -0, 0, 0, 0, 0, 0.363154639, -0.144535498, -0.1680896, 0.306932351, -0.390468372, -0.867901861, 0.362060547, -0.795410156, 0.485961914, -0.880086673, -0.463397544, -0.102880719, 0, 2, 1, 1, 
424.702551, 26, 0.1, 0.1, 0.0160721394, 0.354520134, -0.0199617286, 0.987626238, 1.6913745e-005, 0.156826064, 0.156826064, -1.38712793e-005, -0.987626238, -1.45290802e-005, 1, -1.63521554e-005, 0.987626247, -1.1918513e-005, 0.156826006, 0.156826005, -4.46387743e-005, -0.987626246, 1.87715569e-005, 0.999999999, -4.22172924e-005, 0, 0, 0, 0, 0, 0, 0, 0.332560303, -0.157112329, -0.186577148, 0.0858191744, 0.712214113, -0.696616497, -0.980957031, 0.182250977, 0.0654296875, 0.173525767, 0.67781397, 0.714450589, 0, 0, -0, 0, 0, 0, 0, 0.363154639, -0.144535498, -0.1680896, 0.306932351, -0.390468372, -0.867901861, 0.362060547, -0.795410156, 0.485961914, -0.880086673, -0.463397544, -0.102880719, 0, 2, 1, 1, 
424.70334, 26, 0.1, 0.1, 0.016072137, 0.354520124, -0.0199642395, 0.987626117, -2.71263927e-005, 0.156826822, 0.156826823, 2.59856964e-005, -0.987626117, 2.27154797e-005, 0.999999999, 2.99182984e-005, 0.987626145, 1.3005051e-006, 0.156826647, 0.156826647, 4.99912264e-005, -0.987626144, -9.12436926e-006, 0.999999999, 4.91686884e-005, 0, 0, 0, 0, 0, 0, 0, 0.332560303, -0.157112329, -0.186577148, 0.0858191744, 0.712214113, -0.696616497, -0.980957031, 0.182250977, 0.0654296875, 0.173525767, 0.67781397, 0.714450589, 0, 0, -0, 0, 0, 0, 0, 0.363154639, -0.144535498, -0.1680896, 0.306932351, -0.390468372, -0.867901861, 0.362060547, -0.795410156, 0.485961914, -0.880086673, -0.463397544, -0.102880719, 0, 2, 1, 1, 
424.704159, 26, 0.1, 0.1, 0.0160721425, 0.354520128, -0.0199668163, 0.987625915, 1.51522882e-005, 0.156828098, 0.156828098, -4.08481398e-007, -0.987625915, -1.49007312e-005, 1, -2.77973136e-006, 0.987625956, -1.27173958e-005, 0.156827836, 0.156827836, -2.33343282e-005, -0.987625956, 1.62195024e-005, 1, -2.10511466e-005, 0, 0, 0, 0, 0, 0, 0, 0.333483521, -0.157192993, -0.186890332, 0.0821628379, 0.715119714, -0.694146739, -0.981689453, 0.177978516, 0.0671386719, 0.171509443, 0.675870665, 0.71677844, 0, 0, -0, 0, 0, 0, 0, 0.363624805, -0.145121484, -0.167907617, 0.306938914, -0.388526313, -0.86869407, 0.364746094, -0.795043945, 0.48449707, -0.878981299, -0.465525537, -0.10235027, 0, 2, 1, 1, 
424.704949, 26, 0.1, 0.1, 0.0160721388, 0.354520119, -0.0199685606, 0.987625666, -1.30219442e-005, 0.156829666, 0.156829666, 1.42852712e-005, -0.987625666, 1.0620452e-005, 1, 1.61507277e-005, 0.987625715, 9.95234879e-006, 0.156829356, 0.156829356, 3.86985053e-005, -0.987625714, -1.58982573e-005, 0.999999999, 3.66588185e-005, 0, 0, 0, 0, 0, 0, 0, 0.333483521, -0.157192993, -0.186890332, 0.0821628379, 0.715119714, -0.694146739, -0.981689453, 0.177978516, 0.0671386719, 0.171509443, 0.675870665, 0.71677844, 0, 0, -0, 0, 0, 0, 0, 0.363624805, -0.145121484, -0.167907617, 0.306938914, -0.388526313, -0.86869407, 0.364746094, -0.795043945, 0.48449707, -0.878981299, -0.465525537, -0.10235027, 0, 2, 1, 1, 
424.705919, 26, 0.1, 0.1, 0.0160721399, 0.354520128, -0.0199676297, 0.987625298, 1.75753636e-005, 0.156831982, 0.156831982, -1.21140654e-005, -0.987625298, -1.54580008e-005, 1, -1.47205366e-005, 0.987625375, 1.34345101e-005, 0.156831499, 0.1568315, -3.454063e-005, -0.987625374, -7.85120423e-006, 0.999999999, -3.6220157e-005, 0, 0, 0, 0, 0, 0, 0, 0.333483521, -0.157192993, -0.186890332, 0.0821628379, 0.715119714, -0.694146739, -0.981689453, 0.177978516, 0.0671386719, 0.171509443, 0.675870665, 0.71677844, 0, 0, -0, 0, 0, 0, 0, 0.363624805, -0.145121484, -0.167907617, 0.306938914, -0.388526313, -0.86869407, 0.364746094, -0.795043945, 0.48449707, -0.878981299, -0.465525537, -0.10235027, 0, 2, 1, 1, 
424.706717, 26, 0.1, 0.1, 0.0160721409, 0.354520123, -0.0199648752, 0.987624949, 1.34914956e-005, 0.156834177, 0.156834177, 1.72349037e-006, -0.987624949, -1.35948398e-005, 1, -4.1376552e-007, 0.987625016, -9.02495969e-006, 0.156833758, 0.156833758, 2.14089139e-005, -0.987625016, 5.55563552e-006, 1, 2.25593973e-005, 0, 0, 0, 0, 0, 0, 0, 0.333483521, -0.157192993, -0.186890332, 0.0821628379, 0.715119714, -0.694146739, -0.981689453, 0.177978516, 0.0671386719, 0.171509443, 0.675870665, 0.71677844, 0, 0, -0, 0, 0, 0, 0, 0.363624805, -0.145121484, -0.167907617, 0.306938914, -0.388526313, -0.86869407, 0.364746094, -0.795043945, 0.48449707, -0.878981299, -0.465525537, -0.10235027, 0, 2, 1, 1, 
424.707508, 26, 0.1, 0.1, 0.0160721409, 0.354520122, -0.0199625788, 0.987624646, -6.98695714e-006, 0.156836091, 0.156836091, -1.84950571e-006, -0.987624646, 7.19056031e-006, 1, -7.30810374e-007, 0.987624703, -1.58705381e-005, 0.156835728, 0.156835728, 7.90964433e-006, -0.987624703, 1.44336206e-005, 1, 1.03008275e-005, 0, 0, 0, 0, 0, 0, 0, 0.333483521, -0.157192993, -0.186890332, 0.0821628379, 0.715119714, -0.694146739, -0.981689453, 0.177978516, 0.0671386719, 0.171509443, 0.675870665, 0.71677844, 0, 0, -0, 0, 0, 0, 0, 0.363624805, -0.145121484, -0.167907617, 0.306938914, -0.388526313, -0.86869407, 0.364746094, -0.795043945, 0.48449707, -0.878981299, -0.465525537, -0.10235027, 0, 2, 1, 1, 
424.708295, 26, 0.1, 0.1, 0.0160721406, 0.354520122, -0.0199614533, 0.987624378, -1.99339779e-005, 0.156837772, 0.156837772, 1.00971669e-005, -0.987624379, 1.81036654e-005, 1, 1.30986088e-005, 0.987624428, -1.25182233e-005, 0.15683746, 0.15683746, 9.16095187e-006, -0.987624428, 1.09265227e-005, 1, 1.10109062e-005, 0, 0, 0, 0, 0, 0, 0, 0.333483521, -0.157192993, -0.186890332, 0.0821628379, 0.715119714, -0.694146739, -0.981689453, 0.177978516, 0.0671386719, 0.171509443, 0.675870665, 0.71677844, 0, 0, -0, 0, 0, 0, 0, 0.363624805, -0.145121484, -0.167907617, 0.306938914, -0.388526313, -0.86869407, 0.364746094, -0.795043945, 0.48449707, -0.878981299, -0.465525537, -0.10235027, 0, 2, 1, 1, 
424.709115, 26, 0.1, 0.1, 0.0160721392, 0.354520126, -0.019961367, 0.987624134, -8.6718973e-006, 0.156839315, 0.156839315, -1.10257136e-005, -0.987624134, 1.02938404e-005, 1, -9.52916644e-006, 0.987624178, 1.4375891e-005, 0.156839038, 0.156839038, -2.69038764e-005, -0.987624177, -9.97839945e-006, 1, -2.88256197e-005, 0, 0, 0, 0, 0, 0, 0, 0.33490376, -0.157366797, -0.185732861, 0.0796979492, 0.716059166, -0.693391133, -0.982788086, 0.172485352, 0.0649414063, 0.166091022, 0.67633983, 0.717647499, 0, 0, -0, 0, 0, 0, 0, 0.364677686, -0.145789014, -0.167016602, 0.308862383, -0.387625829, -0.868496109, 0.366821289, -0.793945312, 0.484863281, -0.877428964, -0.468253975, -0.10306592, 0, 2, 1, 1, 
424.709905, 26, 0.1, 0.1, 0.0160721395, 0.354520119, -0.0199626001, 0.987623998, 1.09128839e-005, 0.156840166, 0.156840166, 4.52295756e-006, -0.987623998, -1.14872075e-005, 1, 2.7554029e-006, 0.987624017, 1.37115461e-005, 0.15684005, 0.156840049, 3.08034784e-005, -0.987624016, -1.83730713e-005, 0.999999999, 2.82717355e-005, 0, 0, 0, 0, 0, 0, 0, 0.33490376, -0.157366797, -0.185732861, 0.0796979492, 0.716059166, -0.693391133, -0.982788086, 0.172485352, 0.0649414063, 0.166091022, 0.67633983, 0.717647499, 0, 0, -0, 0, 0, 0, 0, 0.364677686, -0.145789014, -0.167016602, 0.308862383, -0.387625829, -0.868496109, 0.366821289, -0.793945312, 0.484863281, -0.877428964, -0.468253975, -0.10306592, 0, 2, 1, 1, 
424.710696, 26, 0.1, 0.1, 0.0160721384, 0.35452013, -0.0199647258, 0.987623902, 1.83239642e-005, 0.156840771, 0.156840771, -3.58691259e-005, -0.987623902, -1.24714437e-005, 0.999999999, -3.82991508e-005, 0.987623926, 1.6832333e-005, 0.156840621, 0.156840622, -5.59889244e-005, -0.987623925, -7.84267707e-006, 0.999999998, -5.79359949e-005, 0, 0, 0, 0, 0, 0, 0, 0.33490376, -0.157366797, -0.185732861, 0.0796979492, 0.716059166, -0.693391133, -0.982788086, 0.172485352, 0.0649414063, 0.166091022, 0.67633983, 0.717647499, 0, 0, -0, 0, 0, 0, 0, 0.364677686, -0.145789014, -0.167016602, 0.308862383, -0.387625829, -0.868496109, 0.366821289, -0.793945312, 0.484863281, -0.877428964, -0.468253975, -0.10306592, 0, 2, 1, 1, 
424.711491, 26, 0.1, 0.1, 0.0160721427, 0.354520119, -0.0199669682, 0.987623773, -1.48971889e-005, 0.156841587, 0.156841587, 7.77129635e-005, -0.98762377, 2.52419336e-006, 0.999999997, 7.90876689e-005, 0.987623792, -2.98370078e-005, 0.156841461, 0.156841463, 7.54547684e-005, -0.98762379, 1.76333026e-005, 0.999999997, 7.92006045e-005, 0, 0, 0, 0, 0, 0, 0, 0.33490376, -0.157366797, -0.185732861, 0.0796979492, 0.716059166, -0.693391133, -0.982788086, 0.172485352, 0.0649414063, 0.166091022, 0.67633983, 0.717647499, 0, 0, -0, 0, 0, 0, 0, 0.364677686, -0.145789014, -0.167016602, 0.308862383, -0.387625829, -0.868496109, 0.366821289, -0.793945312, 0.484863281, -0.877428964, -0.468253975, -0.10306592, 0, 2, 1, 1, 
424.712277, 26, 0.1, 0.1, 0.0160721372, 0.354520118, -0.0199686047, 0.987623757, 1.62874654e-005, 0.156841689, 0.156841689, -6.94761174e-005, -0.987623754, -5.18913614e-006, 0.999999997, -7.11708176e-005, 0.987623744, 3.20447768e-005, 0.156841762, 0.156841763, -3.55611948e-005, -0.987623744, -2.6070702e-005, 0.999999999, -4.01470397e-005, 0, 0, 0, 0, 0, 0, 0, 0.33490376, -0.157366797, -0.185732861, 0.0796979492, 0.716059166, -0.693391133, -0.982788086, 0.172485352, 0.0649414063, 0.166091022, 0.67633983, 0.717647499, 0, 0, -0, 0, 0, 0, 0, 0.364677686, -0.145789014, -0.167016602, 0.308862383, -0.387625829, -0.868496109, 0.366821289, -0.793945312, 0.484863281, -0.877428964, -0.468253975, -0.10306592, 0, 2, 1, 1, 
424.713069, 26, 0.1, 0.1, 0.0160721438, 0.354520135, -0.0199691775, 0.987623879, -2.86865081e-005, 0.156840916, 0.156840915, -3.40213122e-005, -0.987623879, 3.36674142e-005, 0.999999999, -2.91010422e-005, 0.987623849, -3.76537962e-005, 0.156841103, 0.1568411, -6.89089681e-005, -0.987623848, 4.79955456e-005, 0.999999997, -6.21504775e-005, 0, 0, 0, 0, 0, 0, 0, 0.33490376, -0.157366797, -0.185732861, 0.0796979492, 0.716059166, -0.693391133, -0.982788086, 0.172485352, 0.0649414063, 0.166091022, 0.67633983, 0.717647499, 0, 0, -0, 0, 0, 0, 0, 0.364677686, -0.145789014, -0.167016602, 0.308862383, -0.387625829, -0.868496109, 0.366821289, -0.793945312, 0.484863281, -0.877428964, -0.468253975, -0.10306592, 0, 2, 1, 1, 
424.713891, 26, 0.1, 0.1, 0.0160721362, 0.354520122, -0.0199681368, 0.987624091, 5.32665638e-005, 0.156839575, 0.156839571, 6.58604134e-005, -0.987624091, -6.29368608e-005, 0.999999996, 5.66910259e-005, 0.987624048, 5.46583038e-005, 0.156839845, 0.156839841, 7.48086373e-005, -0.987624047, -6.57148303e-005, 0.999999996, 6.53102095e-005, 0, 0, 0, 0, 0, 0, 0, 0.336567871, -0.157143066, -0.183957788, 0.0777965838, 0.715964808, -0.693613172, -0.98425293, 0.165405273, 0.0604248047, 0.157987917, 0.678085062, 0.717806259, 0, 0, -0, 0, 0, 0, 0, 0.365858496, -0.14629165, -0.165638086, 0.312581357, -0.387389955, -0.867320739, 0.368408203, -0.791992187, 0.486572266, -0.875442429, -0.471665979, -0.104906267, 0, 2, 1, 1, 
424.714682, 26, 0.1, 0.1, 0.0160721379, 0.354520127, -0.0199661883, 0.987624297, -4.56141054e-005, 0.156838278, 0.156838274, -7.96255581e-005, -0.987624296, 5.75379341e-005, 0.999999996, -7.14860983e-005, 0.987624259, -3.47711504e-005, 0.156838523, 0.156838521, -6.58601037e-005, -0.987624258, 4.46702331e-005, 0.999999997, -5.95915803e-005, 0, 0, 0, 0, 0, 0, 0, 0.336567871, -0.157143066, -0.183957788, 0.0777965838, 0.715964808, -0.693613172, -0.98425293, 0.165405273, 0.0604248047, 0.157987917, 0.678085062, 0.717806259, 0, 0, -0, 0, 0, 0, 0, 0.365858496, -0.14629165, -0.165638086, 0.312581357, -0.387389955, -0.867320739, 0.368408203, -0.791992187, 0.486572266, -0.875442429, -0.471665979, -0.104906267, 0, 2, 1, 1, 
