time, trialNum, realDorsalTactorPos, realVentralTactorPos, boxPosX, boxPosY, boxPosZ, boxLocalRot_11, boxLocalRot_12, boxLocalRot_13, boxLocalRot_21, boxLocalRot_22, boxLocalRot_23, boxLocalRot_31, boxLocalRot_32, boxLocalRot_33, boxGlobalRot_11, boxGlobalRot_12, boxGlobalRot_13, boxGlobalRot_21, boxGlobalRot_22, boxGlobalRot_23, boxGlobalRot_31, boxGlobalRot_32, boxGlobalRot_33, indexForceX, indexForceY, indexForceZ, indexForceGlobalX, indexForceGlobalY, indexForceGlobalZ, indexContact, indexPosX, indexPosY, indexPosZ, indexRot_11, indexRot_12, indexRot_13, indexRot_21, indexRot_22, indexRot_23, indexRot_31, indexRot_32, indexRot_33, thumbForceX, thumbForceY, thumbForceZ, thumbForceGlobalX, thumbForceGlobalY, thumbForceGlobalZ, thumbContact, thumbPosX, thumbPosY, thumbPosZ, thumbRot_11, thumbRot_12, thumbRot_13, thumbRot_21, thumbRot_22, thumbRot_23, thumbRot_31, thumbRot_32, thumbRot_33, manipForceTooHigh, cceExpType, mapping, trialSuccess, 
70.5306378, 7, 0.1, 0.1, -0.000355131773, 0.352574364, -0.0349822059, 0.919586321, -2.65879303e-005, -0.392888021, 0.392888021, -1.99480342e-005, 0.919586321, -3.22872407e-005, -0.999999999, -7.8978601e-006, 0.919586334, -3.50146341e-005, -0.392887991, 0.392887991, -1.43876504e-005, 0.919586335, -3.7851714e-005, -0.999999999, 5.26142544e-007, 0, 0, 0, 0, 0, 0, 0, 0.157513599, 0.153487354, 0.147391284, -0.469413088, 0.719277617, 0.511974771, -0.698608398, -0.657104492, 0.282836914, 0.539918546, -0.22490794, 0.811121336, 0, 0, -0, 0, 0, 0, 0, 0.241091895, 0.135967627, 0.125444922, -0.237541059, 0.750559734, -0.616469655, 0.254150391, -0.564453125, -0.78527832, -0.937435877, -0.343225173, -0.0566925527, 0, 1, 1, 1, 
70.5384248, 7, 0.1, 0.1, -0.000355126096, 0.352574363, -0.0349719774, 0.919584607, 8.07249303e-006, -0.392892034, 0.392892034, 1.91421181e-006, 0.919584607, 8.1754189e-006, -1, -1.4113385e-006, 0.919584624, -2.36144864e-006, -0.392891995, 0.392891995, -1.25554348e-006, 0.919584624, -2.66484484e-006, -1, -2.2678421e-007, 0, 0, 0, 0, 0, 0, 0, 0.157521509, 0.153117749, 0.147629297, -0.473488415, 0.716453269, 0.512184827, -0.697753906, -0.659912109, 0.278320312, 0.537597808, -0.225572934, 0.812447578, 0, 0, -0, 0, 0, 0, 0, 0.241393896, 0.136291602, 0.126404053, -0.23301092, 0.755109195, -0.612745951, 0.259033203, -0.559082031, -0.787475586, -0.937327968, -0.342133291, -0.0652613935, 0, 1, 1, 1, 
70.5391277, 7, 0.1, 0.1, -0.000355125344, 0.352574362, -0.0349660468, 0.919584525, -9.68464609e-006, -0.392892225, 0.392892225, -5.85622361e-006, 0.919584525, -1.12067154e-005, -1, -1.58027046e-006, 0.919584534, -2.58263444e-006, -0.392892205, 0.392892205, -8.51032087e-006, 0.919584534, -5.71858942e-006, -1, -6.81126251e-006, 0, 0, 0, 0, 0, 0, 0, 0.157521509, 0.153117749, 0.147629297, -0.473488415, 0.716453269, 0.512184827, -0.697753906, -0.659912109, 0.278320312, 0.537597808, -0.225572934, 0.812447578, 0, 0, -0, 0, 0, 0, 0, 0.241393896, 0.136291602, 0.126404053, -0.23301092, 0.755109195, -0.612745951, 0.259033203, -0.559082031, -0.787475586, -0.937327968, -0.342133291, -0.0652613935, 0, 1, 1, 1, 
70.5398554, 7, 0.1, 0.1, -0.000355124708, 0.352574365, -0.0349609816, 0.919584554, 2.08722118e-005, -0.392892158, 0.392892158, -5.92201095e-006, 0.919584554, 1.68670519e-005, -1, -1.36463181e-005, 0.919584537, 1.56254945e-005, -0.392892197, 0.392892197, 9.50467782e-006, 0.919584537, 1.81032768e-005, -1, 2.60121992e-006, 0, 0, 0, 0, 0, 0, 0, 0.157630859, 0.153132275, 0.147296802, -0.475715917, 0.716524784, 0.509989526, -0.696166992, -0.661010742, 0.279663086, 0.537579834, -0.222000095, 0.813413239, 0, 0, -0, 0, 0, 0, 0, 0.241364111, 0.136268164, 0.12618252, -0.233522046, 0.754917431, -0.612758711, 0.259155273, -0.558959961, -0.787475586, -0.937136204, -0.342644417, -0.0651399919, 0, 1, 1, 1, 
70.5405554, 7, 0.1, 0.1, -0.000355126154, 0.352574361, -0.034958963, 0.919584719, -1.30459967e-005, -0.392891773, 0.392891773, 1.45014625e-005, 0.919584719, -6.29939387e-006, -1, 1.84609881e-005, 0.919584677, -1.20660964e-005, -0.392891871, 0.392891871, -7.64756571e-006, 0.919584677, -1.41004638e-005, -1, -2.29191305e-006, 0, 0, 0, 0, 0, 0, 0, 0.157630859, 0.153132275, 0.147296802, -0.475715917, 0.716524784, 0.509989526, -0.696166992, -0.661010742, 0.279663086, 0.537579834, -0.222000095, 0.813413239, 0, 0, -0, 0, 0, 0, 0, 0.241364111, 0.136268164, 0.12618252, -0.233522046, 0.754917431, -0.612758711, 0.259155273, -0.558959961, -0.787475586, -0.937136204, -0.342644417, -0.0651399919, 0, 1, 1, 1, 
70.5412522, 7, 0.1, 0.1, -0.000355127426, 0.352574369, -0.034960233, 0.919584976, -6.42450586e-006, -0.392891171, 0.392891171, -2.32153827e-006, 0.919584976, -6.81999096e-006, -1, 3.89279924e-007, 0.919584924, -7.70515836e-007, -0.392891292, 0.392891292, 2.01759844e-005, 0.919584924, 7.21841383e-006, -1, 1.885626e-005, 0, 0, 0, 0, 0, 0, 0, 0.157630859, 0.153132275, 0.147296802, -0.475715917, 0.716524784, 0.509989526, -0.696166992, -0.661010742, 0.279663086, 0.537579834, -0.222000095, 0.813413239, 0, 0, -0, 0, 0, 0, 0, 0.241364111, 0.136268164, 0.12618252, -0.233522046, 0.754917431, -0.612758711, 0.259155273, -0.558959961, -0.787475586, -0.937136204, -0.342644417, -0.0651399919, 0, 1, 1, 1, 
70.5419536, 7, 0.1, 0.1, -0.000355123252, 0.352574355, -0.0349642324, 0.919585103, 2.80783496e-005, -0.392890873, 0.392890874, -3.34279285e-005, 0.919585102, 1.26869039e-005, -0.999999999, -4.17715523e-005, 0.919585089, 2.50619386e-005, -0.392890906, 0.392890907, -4.24523531e-005, 0.919585088, 6.36744157e-006, -0.999999999, -4.88851587e-005, 0, 0, 0, 0, 0, 0, 0, 0.157630859, 0.153132275, 0.147296802, -0.475715917, 0.716524784, 0.509989526, -0.696166992, -0.661010742, 0.279663086, 0.537579834, -0.222000095, 0.813413239, 0, 0, -0, 0, 0, 0, 0, 0.241364111, 0.136268164, 0.12618252, -0.233522046, 0.754917431, -0.612758711, 0.259155273, -0.558959961, -0.787475586, -0.937136204, -0.342644417, -0.0651399919, 0, 1, 1, 1, 
70.5426528, 7, 0.1, 0.1, -0.000355125967, 0.352574358, -0.0349694783, 0.919585117, -2.80786643e-005, -0.392890839, 0.392890839, 3.61441093e-005, 0.919585117, -1.16200323e-005, -0.999999999, 4.4269435e-005, 0.919585112, -2.33929733e-005, -0.392890852, 0.392890853, 2.64382109e-005, 0.919585111, -1.11244987e-005, -0.999999999, 3.35030704e-005, 0, 0, 0, 0, 0, 0, 0, 0.157630859, 0.153132275, 0.147296802, -0.475715917, 0.716524784, 0.509989526, -0.696166992, -0.661010742, 0.279663086, 0.537579834, -0.222000095, 0.813413239, 0, 0, -0, 0, 0, 0, 0, 0.241364111, 0.136268164, 0.12618252, -0.233522046, 0.754917431, -0.612758711, 0.259155273, -0.558959961, -0.787475586, -0.937136204, -0.342644417, -0.0651399919, 0, 1, 1, 1, 
70.5433464, 7, 0.1, 0.1, -0.000355130955, 0.352574369, -0.0349744744, 0.919585197, -4.13171335e-006, -0.392890654, 0.392890654, 1.01174406e-005, 0.919585196, 1.75585443e-007, -1, 1.09271602e-005, 0.919585173, -6.0909731e-006, -0.392890709, 0.392890709, 2.73626129e-005, 0.919585173, 5.14934783e-006, -1, 2.75553398e-005, 0, 0, 0, 0, 0, 0, 0, 0.157630859, 0.153132275, 0.147296802, -0.475715917, 0.716524784, 0.509989526, -0.696166992, -0.661010742, 0.279663086, 0.537579834, -0.222000095, 0.813413239, 0, 0, -0, 0, 0, 0, 0, 0.241364111, 0.136268164, 0.12618252, -0.233522046, 0.754917431, -0.612758711, 0.259155273, -0.558959961, -0.787475586, -0.937136204, -0.342644417, -0.0651399919, 0, 1, 1, 1, 
70.5440573, 7, 0.1, 0.1, -0.000355130701, 0.352574357, -0.0349778028, 0.919585294, 1.22906352e-005, -0.392890426, 0.392890426, -3.89792633e-005, 0.919585293, -4.01229194e-006, -0.999999999, -4.06736302e-005, 0.919585281, 5.42392221e-006, -0.392890456, 0.392890456, -4.185954e-005, 0.91958528, -1.14584548e-005, -0.999999999, -4.06244242e-005, 0, 0, 0, 0, 0, 0, 0, 0.157630859, 0.153132275, 0.147296802, -0.476534801, 0.718024011, 0.507089916, -0.695922852, -0.660522461, 0.28137207, 0.537091572, -0.218776975, 0.814614044, 0, 0, -0, 0, 0, 0, 0, 0.241364111, 0.136268164, 0.12618252, -0.233522046, 0.754917431, -0.612758711, 0.259155273, -0.558959961, -0.787475586, -0.937136204, -0.342644417, -0.0651399919, 0, 1, 1, 1, 
70.5447502, 7, 0.1, 0.1, -0.000355126341, 0.352574354, -0.0349784128, 0.919585283, 5.60897511e-007, -0.392890453, 0.392890453, 1.48748171e-005, 0.919585283, 6.35996671e-006, -1, 1.34582916e-005, 0.919585297, 1.05135745e-005, -0.392890419, 0.392890419, 6.27503457e-006, 0.919585297, 1.21335295e-005, -1, 1.63974684e-006, 0, 0, 0, 0, 0, 0, 0, 0.157587524, 0.152995459, 0.146929028, -0.476534801, 0.718024011, 0.507089916, -0.695922852, -0.660522461, 0.28137207, 0.537091572, -0.218776975, 0.814614044, 0, 0, -0, 0, 0, 0, 0, 0.241364111, 0.13623667, 0.126157861, -0.233522046, 0.754419065, -0.613308116, 0.258911133, -0.559692383, -0.787109375, -0.937136204, -0.342574055, -0.0645840232, 0, 1, 1, 1, 
70.5454451, 7, 0.1, 0.1, -0.000355130995, 0.352574359, -0.0349764648, 0.919585174, -1.64093945e-006, -0.392890707, 0.392890707, 4.98711763e-006, 0.919585174, 4.50408585e-007, -1, 5.23078929e-006, 0.919585197, -1.20103927e-005, -0.392890653, 0.392890654, 1.17755247e-005, 0.919585197, -6.41808572e-006, -1, 1.55473692e-005, 0, 0, 0, 0, 0, 0, 0, 0.157587524, 0.152995459, 0.146929028, -0.476534801, 0.718024011, 0.507089916, -0.695922852, -0.660522461, 0.28137207, 0.537091572, -0.218776975, 0.814614044, 0, 0, -0, 0, 0, 0, 0, 0.241364111, 0.13623667, 0.126157861, -0.233522046, 0.754419065, -0.613308116, 0.258911133, -0.559692383, -0.787109375, -0.937136204, -0.342574055, -0.0645840232, 0, 1, 1, 1, 
70.5461415, 7, 0.1, 0.1, -0.000355129955, 0.352574353, -0.0349726825, 0.91958513, 2.51125169e-006, -0.392890811, 0.392890811, -1.46863161e-005, 0.91958513, -3.46080891e-006, -1, -1.44919656e-005, 0.919585134, 1.99693925e-006, -0.3928908, 0.3928908, -2.19753145e-005, 0.919585134, -6.79754326e-006, -1, -2.09927516e-005, 0, 0, 0, 0, 0, 0, 0, 0.157587524, 0.152995459, 0.146929028, -0.476534801, 0.718024011, 0.507089916, -0.695922852, -0.660522461, 0.28137207, 0.537091572, -0.218776975, 0.814614044, 0, 0, -0, 0, 0, 0, 0, 0.241364111, 0.13623667, 0.126157861, -0.233522046, 0.754419065, -0.613308116, 0.258911133, -0.559692383, -0.787109375, -0.937136204, -0.342574055, -0.0645840232, 0, 1, 1, 1, 
70.5468495, 7, 0.1, 0.1, -0.000355132384, 0.352574359, -0.0349681689, 0.919585062, -1.44866027e-005, -0.39289097, 0.39289097, 1.95925159e-005, 0.919585062, -5.62394089e-006, -1, 2.37086404e-005, 0.919585084, -1.35231473e-005, -0.392890918, 0.392890919, 2.31885167e-005, 0.919585083, -3.32512697e-006, -1, 2.66369358e-005, 0, 0, 0, 0, 0, 0, 0, 0.157587524, 0.152995459, 0.146929028, -0.476534801, 0.718024011, 0.507089916, -0.695922852, -0.660522461, 0.28137207, 0.537091572, -0.218776975, 0.814614044, 0, 0, -0, 0, 0, 0, 0, 0.241364111, 0.13623667, 0.126157861, -0.233496527, 0.753761018, -0.614151364, 0.258178711, -0.560791016, -0.786499023, -0.937379007, -0.342152248, -0.0635679678, 0, 1, 1, 1, 
70.5475436, 7, 0.1, 0.1, -0.000355129662, 0.352574354, -0.0349643776, 0.919584994, 1.22153834e-005, -0.392891129, 0.392891129, -3.50775769e-005, 0.919584993, -2.54858549e-006, -0.999999999, -3.70561291e-005, 0.919584995, 1.87470312e-005, -0.392891125, 0.392891125, -2.67627479e-005, 0.919584995, 6.72464245e-006, -0.999999999, -3.19761635e-005, 0, 0, 0, 0, 0, 0, 0, 0.157587524, 0.152995459, 0.146929028, -0.476534801, 0.718024011, 0.507089916, -0.695922852, -0.660522461, 0.28137207, 0.537091572, -0.218776975, 0.814614044, 0, 0, -0, 0, 0, 0, 0, 0.241583936, 0.13597876, 0.125900195, -0.233496527, 0.753761018, -0.614151364, 0.258178711, -0.560791016, -0.786499023, -0.937379007, -0.342152248, -0.0635679678, 0, 1, 1, 1, 
70.5482417, 7, 0.1, 0.1, -0.000355128023, 0.352574352, -0.0349624006, 0.919584984, -3.31984912e-006, -0.392891151, 0.392891151, 2.69061547e-005, 0.919584984, 7.51830668e-006, -1, 2.60468352e-005, 0.919584996, 5.53612621e-006, -0.392891124, 0.392891124, 1.56024843e-005, 0.919584996, 1.12210162e-005, -1, 1.21727156e-005, 0, 0, 0, 0, 0, 0, 0, 0.157587524, 0.152995459, 0.146929028, -0.476534801, 0.718024011, 0.507089916, -0.695922852, -0.660522461, 0.28137207, 0.537091572, -0.218776975, 0.814614044, 0, 0, -0, 0, 0, 0, 0, 0.241583936, 0.13597876, 0.125900195, -0.233496527, 0.753761018, -0.614151364, 0.258178711, -0.560791016, -0.786499023, -0.937379007, -0.342152248, -0.0635679678, 0, 1, 1, 1, 
70.5489374, 7, 0.1, 0.1, -0.000355130403, 0.352574358, -0.0349627054, 0.919584893, 1.42209771e-005, -0.392891366, 0.392891366, -7.87696347e-006, 0.919584893, 9.98260474e-006, -1, -1.28308357e-005, 0.919584905, 3.47920711e-006, -0.392891337, 0.392891337, 1.02748081e-005, 0.919584905, 7.23630944e-006, -1, 8.08160812e-006, 0, 0, 0, 0, 0, 0, 0, 0.157587524, 0.152995459, 0.146929028, -0.476534801, 0.718024011, 0.507089916, -0.695922852, -0.660522461, 0.28137207, 0.537091572, -0.218776975, 0.814614044, 0, 0, -0, 0, 0, 0, 0, 0.241583936, 0.13597876, 0.125900195, -0.233496527, 0.753761018, -0.614151364, 0.258178711, -0.560791016, -0.786499023, -0.937379007, -0.342152248, -0.0635679678, 0, 1, 1, 1, 
70.5496458, 7, 0.1, 0.1, -0.000355127729, 0.352574349, -0.03496501, 0.919584903, 8.13257311e-006, -0.392891342, 0.392891343, -6.10085183e-006, 0.919584903, 5.08161958e-006, -1, -8.8054688e-006, 0.919584896, 5.48141509e-006, -0.392891358, 0.392891358, -2.27251908e-005, 0.919584896, -3.88790456e-006, -1, -2.30513429e-005, 0, 0, 0, 0, 0, 0, 0, 0.15754895, 0.152663843, 0.146538184, -0.477252215, 0.720062796, 0.503727133, -0.696044922, -0.659545898, 0.283569336, 0.536463648, -0.215268537, 0.8160118, 0, 0, -0, 0, 0, 0, 0, 0.241583936, 0.13597876, 0.125900195, -0.233496527, 0.753761018, -0.614151364, 0.258178711, -0.560791016, -0.786499023, -0.937379007, -0.342152248, -0.0635679678, 0, 1, 1, 1, 
70.5503537, 7, 0.1, 0.1, -0.000355132005, 0.352574357, -0.0349684087, 0.919584844, -1.42217351e-005, -0.392891479, 0.392891479, 1.95362095e-005, 0.919584844, -5.40248178e-006, -1, 2.35528007e-005, 0.919584861, -1.92297603e-005, -0.39289144, 0.39289144, 2.45900539e-005, 0.919584861, -8.02217477e-006, -1, 3.01678495e-005, 0, 0, 0, 0, 0, 0, 0, 0.15754895, 0.152663843, 0.146538184, -0.477252215, 0.720062796, 0.503727133, -0.696044922, -0.659545898, 0.283569336, 0.536463648, -0.215268537, 0.8160118, 0, 0, -0, 0, 0, 0, 0, 0.241583936, 0.13597876, 0.125900195, -0.233496527, 0.753761018, -0.614151364, 0.258178711, -0.560791016, -0.786499023, -0.937379007, -0.342152248, -0.0635679678, 0, 1, 1, 1, 
70.5510487, 7, 0.1, 0.1, -0.000355131321, 0.352574353, -0.0349718748, 0.919584814, 6.69096609e-007, -0.392891549, 0.392891549, -2.32052949e-005, 0.919584814, -8.50187316e-006, -1, -2.16021192e-005, 0.919584812, 3.19637316e-006, -0.392891553, 0.392891553, -2.2453435e-005, 0.919584812, -5.88242873e-006, -1, -2.19036658e-005, 0, 0, 0, 0, 0, 0, 0, 0.15754895, 0.152663843, 0.146538184, -0.477252215, 0.720062796, 0.503727133, -0.696044922, -0.659545898, 0.283569336, 0.536463648, -0.215268537, 0.8160118, 0, 0, -0, 0, 0, 0, 0, 0.241583936, 0.13597876, 0.125900195, -0.233496527, 0.753761018, -0.614151364, 0.258178711, -0.560791016, -0.786499023, -0.937379007, -0.342152248, -0.0635679678, 0, 1, 1, 1, 
70.5517447, 7, 0.1, 0.1, -0.000355132603, 0.352574355, -0.0349744868, 0.919584809, -7.0350314e-006, -0.392891561, 0.392891561, 2.11347692e-005, 0.919584809, 1.83436446e-006, -1, 2.21992172e-005, 0.919584813, -7.1060082e-006, -0.392891551, 0.392891552, 1.65854583e-005, 0.919584813, -1.82907873e-008, -1, 1.80436261e-005, 0, 0, 0, 0, 0, 0, 0, 0.15754895, 0.152663843, 0.146538184, -0.477252215, 0.720062796, 0.503727133, -0.696044922, -0.659545898, 0.283569336, 0.536463648, -0.215268537, 0.8160118, 0, 0, -0, 0, 0, 0, 0, 0.241583936, 0.13597876, 0.125900195, -0.233496527, 0.753761018, -0.614151364, 0.258178711, -0.560791016, -0.786499023, -0.937379007, -0.342152248, -0.0635679678, 0, 1, 1, 1, 
70.5524657, 7, 0.1, 0.1, -0.000355133792, 0.352574355, -0.0349752994, 0.919584785, 5.05427504e-006, -0.392891618, 0.392891618, -1.74371611e-005, 0.919584785, -2.20308001e-006, -1, -1.80207304e-005, 0.919584788, 3.6977342e-006, -0.392891611, 0.392891611, -8.42608114e-006, 0.919584788, 8.9843527e-008, -1, -9.20130478e-006, 0, 0, 0, 0, 0, 0, 0, 0.157710425, 0.152753442, 0.146140625, -0.478502072, 0.721505858, 0.50026887, -0.694580078, -0.659545898, 0.287109375, 0.537155974, -0.210059051, 0.816806719, 0, 0, -0, 0, 0, 0, 0, 0.241542432, 0.135914062, 0.125649365, -0.234103535, 0.752777045, -0.615045651, 0.257324219, -0.562133789, -0.785888672, -0.937442807, -0.342132925, -0.0620663059, 0, 1, 1, 1, 
70.5531628, 7, 0.1, 0.1, -0.000355131869, 0.352574352, -0.0349743221, 0.919584737, -6.69682221e-006, -0.392891729, 0.39289173, 7.94756805e-006, 0.919584737, -3.03576173e-006, -1, 9.93958834e-006, 0.919584751, 5.79069365e-006, -0.392891696, 0.392891696, -2.28182564e-006, 0.919584751, 4.42852323e-006, -1, -4.37344752e-006, 0, 0, 0, 0, 0, 0, 0, 0.157710425, 0.152753442, 0.146140625, -0.478502072, 0.721505858, 0.50026887, -0.694580078, -0.659545898, 0.287109375, 0.537155974, -0.210059051, 0.816806719, 0, 0, -0, 0, 0, 0, 0, 0.241542432, 0.135914062, 0.125649365, -0.234103535, 0.752777045, -0.615045651, 0.257324219, -0.562133789, -0.785888672, -0.937442807, -0.342132925, -0.0620663059, 0, 1, 1, 1, 
70.5538544, 7, 0.1, 0.1, -0.000355134756, 0.352574357, -0.0349720967, 0.919584705, -1.07105958e-006, -0.392891805, 0.392891805, 2.87640325e-006, 0.919584705, 1.45185258e-007, -1, 3.06590697e-006, 0.919584705, -2.3707071e-006, -0.392891804, 0.392891804, 1.48865461e-005, 0.919584705, 3.66873594e-006, -1, 1.46208715e-005, 0, 0, 0, 0, 0, 0, 0, 0.157710425, 0.152753442, 0.146140625, -0.478502072, 0.721505858, 0.50026887, -0.694580078, -0.659545898, 0.287109375, 0.537155974, -0.210059051, 0.816806719, 0, 0, -0, 0, 0, 0, 0, 0.241542432, 0.135914062, 0.125649365, -0.234103535, 0.752777045, -0.615045651, 0.257324219, -0.562133789, -0.785888672, -0.937442807, -0.342132925, -0.0620663059, 0, 1, 1, 1, 
70.5545528, 7, 0.1, 0.1, -0.00035513373, 0.352574349, -0.0349692658, 0.919584695, 1.56861901e-005, -0.392891828, 0.392891828, -1.34051267e-005, 0.919584695, 9.15801567e-006, -1, -1.84901252e-005, 0.919584701, 7.72681844e-006, -0.392891814, 0.392891814, -2.53074504e-005, 0.919584701, -2.83762606e-006, -1, -2.63081479e-005, 0, 0, 0, 0, 0, 0, 0, 0.157710425, 0.152753442, 0.146140625, -0.478502072, 0.721505858, 0.50026887, -0.694580078, -0.659545898, 0.287109375, 0.537155974, -0.210059051, 0.816806719, 0, 0, -0, 0, 0, 0, 0, 0.241542432, 0.135914062, 0.125649365, -0.234103535, 0.752777045, -0.615045651, 0.257324219, -0.562133789, -0.785888672, -0.937442807, -0.342132925, -0.0620663059, 0, 1, 1, 1, 
70.5552529, 7, 0.1, 0.1, -0.000355134809, 0.352574356, -0.0349667473, 0.919584568, -1.8422228e-005, -0.392892124, 0.392892125, 2.36818693e-005, 0.919584568, -7.63637665e-006, -1, 2.90154298e-005, 0.919584602, -1.42119975e-005, -0.392892045, 0.392892045, 2.71666024e-005, 0.919584602, -2.39559213e-006, -1, 3.056577e-005, 0, 0, 0, 0, 0, 0, 0, 0.157710425, 0.152753442, 0.146140625, -0.478502072, 0.721505858, 0.50026887, -0.694580078, -0.659545898, 0.287109375, 0.537155974, -0.210059051, 0.816806719, 0, 0, -0, 0, 0, 0, 0, 0.241542432, 0.135914062, 0.125649365, -0.234103535, 0.752777045, -0.615045651, 0.257324219, -0.562133789, -0.785888672, -0.937442807, -0.342132925, -0.0620663059, 0, 1, 1, 1, 
70.5559505, 7, 0.1, 0.1, -0.000355131507, 0.352574354, -0.0349652582, 0.919584384, 2.83773148e-005, -0.392892554, 0.392892555, -2.08947256e-005, 0.919584384, 1.78859534e-005, -0.999999999, -3.03636991e-005, 0.919584418, 2.64866361e-005, -0.392892476, 0.392892477, -1.58442847e-005, 0.919584418, 1.81315976e-005, -1, -2.49765574e-005, 0, 0, 0, 0, 0, 0, 0, 0.157710425, 0.152753442, 0.146140625, -0.478502072, 0.721505858, 0.50026887, -0.694580078, -0.659545898, 0.287109375, 0.537155974, -0.210059051, 0.816806719, 0, 0, -0, 0, 0, 0, 0, 0.241542432, 0.135914062, 0.125649365, -0.234103535, 0.752777045, -0.615045651, 0.257324219, -0.562133789, -0.785888672, -0.937442807, -0.342132925, -0.0620663059, 0, 1, 1, 1, 
70.5566582, 7, 0.1, 0.1, -0.000355131424, 0.352574354, -0.0349651156, 0.919584289, -8.30977258e-006, -0.392892778, 0.392892778, 2.66161337e-005, 0.919584289, 2.8157504e-006, -1, 2.7740628e-005, 0.919584293, -9.92127402e-006, -0.392892769, 0.392892769, 1.10335077e-005, 0.919584293, -4.78846238e-006, -1, 1.40442372e-005, 0, 0, 0, 0, 0, 0, 0, 0.157710425, 0.152753442, 0.146140625, -0.478907958, 0.723595939, 0.496709135, -0.693847656, -0.658691406, 0.290649414, 0.537714627, -0.20544641, 0.817741301, 0, 0, -0, 0, 0, 0, 0, 0.241542432, 0.135914062, 0.125649365, -0.234103535, 0.752777045, -0.615045651, 0.257324219, -0.562133789, -0.785888672, -0.937442807, -0.342132925, -0.0620663059, 0, 1, 1, 1, 
70.5573697, 7, 0.1, 0.1, -0.000355133537, 0.35257436, -0.0349660992, 0.919584252, 9.96933708e-006, -0.392892865, 0.392892865, -6.25861626e-006, 0.919584252, 6.70867971e-006, -1, -9.67220636e-006, 0.919584256, 1.69861479e-006, -0.392892857, 0.392892857, 1.15290151e-005, 0.919584256, 6.0916871e-006, -1, 9.93452716e-006, 0, 0, 0, 0, 0, 0, 0, 0.157691382, 0.152427808, 0.145515063, -0.478907958, 0.723595939, 0.496709135, -0.693847656, -0.658691406, 0.290649414, 0.537714627, -0.20544641, 0.817741301, 0, 0, -0, 0, 0, 0, 0, 0.241543896, 0.135413135, 0.125375342, -0.233931094, 0.751716514, -0.616316903, 0.255981445, -0.563964844, -0.78503418, -0.937915653, -0.341385192, -0.0604815219, 0, 1, 1, 1, 
70.5580666, 7, 0.1, 0.1, -0.000355133482, 0.352574352, -0.0349680322, 0.919584305, -1.76075633e-006, -0.39289274, 0.39289274, -9.32515806e-006, 0.919584305, -5.28295079e-006, -1, -7.88348062e-006, 0.91958429, -3.08849352e-006, -0.392892777, 0.392892777, -2.39156242e-005, 0.91958429, -1.22364061e-005, -1, -2.07789855e-005, 0, 0, 0, 0, 0, 0, 0, 0.157691382, 0.152427808, 0.145515063, -0.478907958, 0.723595939, 0.496709135, -0.693847656, -0.658691406, 0.290649414, 0.537714627, -0.20544641, 0.817741301, 0, 0, -0, 0, 0, 0, 0, 0.241543896, 0.135413135, 0.125375342, -0.233931094, 0.751716514, -0.616316903, 0.255981445, -0.563964844, -0.78503418, -0.937915653, -0.341385192, -0.0604815219, 0, 1, 1, 1, 
70.5587576, 7, 0.1, 0.1, -0.00035513387, 0.352574359, -0.0349703147, 0.91958437, -7.17800168e-006, -0.392892588, 0.392892588, 1.8314342e-005, 0.91958437, 5.94791073e-007, -1, 1.96617663e-005, 0.919584361, -1.26393434e-006, -0.39289261, 0.39289261, 2.78996287e-005, 0.91958436, 9.79926369e-006, -1, 2.61526527e-005, 0, 0, 0, 0, 0, 0, 0, 0.157691382, 0.152427808, 0.145515063, -0.478907958, 0.723595939, 0.496709135, -0.693847656, -0.658691406, 0.290649414, 0.537714627, -0.20544641, 0.817741301, 0, 0, -0, 0, 0, 0, 0, 0.241543896, 0.135413135, 0.125375342, -0.233931094, 0.751716514, -0.616316903, 0.255981445, -0.563964844, -0.78503418, -0.937915653, -0.341385192, -0.0604815219, 0, 1, 1, 1, 
70.5595468, 7, 0.1, 0.1, -0.00035513854, 0.35257435, -0.0349718511, 0.919584346, -1.27220726e-008, -0.392892644, 0.392892644, -3.13461248e-005, 0.919584346, -1.23273609e-005, -1, -2.88204073e-005, 0.91958436, -7.81644114e-006, -0.392892613, 0.392892612, -3.54692318e-005, 0.919584359, -2.11234762e-005, -0.999999999, -2.95459288e-005, 0, 0, 0, 0, 0, 0, 0, 0.157679785, 0.152110962, 0.145116162, -0.47917418, 0.725844781, 0.493231776, -0.693115234, -0.657714844, 0.294677734, 0.538374752, -0.20061173, 0.818415653, 0, 0, -0, 0, 0, 0, 0, 0.241543896, 0.135413135, 0.125375342, -0.234742625, 0.750764624, -0.617389828, 0.253295898, -0.565795898, -0.784545898, -0.938369177, -0.340503298, -0.0572802377, 0, 1, 1, 1, 
70.5602474, 7, 0.1, 0.1, -0.000355137594, 0.352574351, -0.0349718689, 0.919584215, -9.12867918e-006, -0.392892951, 0.392892951, 1.75104575e-005, 0.919584215, -1.51485395e-006, -1, 1.9688934e-005, 0.919584251, -7.85697312e-008, -0.392892868, 0.392892868, 1.64522505e-005, 0.919584251, 6.39172037e-006, -1, 1.51600999e-005, 0, 0, 0, 0, 0, 0, 0, 0.157679785, 0.152110962, 0.145116162, -0.47917418, 0.725844781, 0.493231776, -0.693115234, -0.657714844, 0.294677734, 0.538374752, -0.20061173, 0.818415653, 0, 0, -0, 0, 0, 0, 0, 0.241480664, 0.135145459, 0.124701953, -0.234742625, 0.750764624, -0.617389828, 0.253295898, -0.565795898, -0.784545898, -0.938369177, -0.340503298, -0.0572802377, 0, 1, 1, 1, 
70.560944, 7, 0.1, 0.1, -0.000355137343, 0.35257435, -0.0349712483, 0.919584049, 1.21523437e-005, -0.39289334, 0.39289334, -2.06291027e-005, 0.919584049, 3.07006439e-006, -1, -2.37447687e-005, 0.919584073, 1.14817181e-005, -0.392893284, 0.392893284, -1.05241248e-005, 0.919584073, 6.42354718e-006, -1, -1.41889075e-005, 0, 0, 0, 0, 0, 0, 0, 0.157679785, 0.152110962, 0.145116162, -0.47917418, 0.725844781, 0.493231776, -0.693115234, -0.657714844, 0.294677734, 0.538374752, -0.20061173, 0.818415653, 0, 0, -0, 0, 0, 0, 0, 0.241480664, 0.135145459, 0.124701953, -0.234742625, 0.750764624, -0.617389828, 0.253295898, -0.565795898, -0.784545898, -0.938369177, -0.340503298, -0.0572802377, 0, 1, 1, 1, 
70.5616408, 7, 0.1, 0.1, -0.000355136909, 0.352574346, -0.0349701982, 0.919583968, -1.86952e-006, -0.392893529, 0.392893529, 1.2871256e-005, 0.919583968, 3.33785259e-006, -1, 1.2570723e-005, 0.919583987, 3.37892073e-006, -0.392893485, 0.392893485, -4.06965722e-006, 0.919583987, 1.50825959e-006, -1, -5.06994755e-006, 0, 0, 0, 0, 0, 0, 0, 0.157679785, 0.152110962, 0.145116162, -0.47917418, 0.725844781, 0.493231776, -0.693115234, -0.657714844, 0.294677734, 0.538374752, -0.20061173, 0.818415653, 0, 0, -0, 0, 0, 0, 0, 0.241480664, 0.135145459, 0.124701953, -0.234742625, 0.750764624, -0.617389828, 0.253295898, -0.565795898, -0.784545898, -0.938369177, -0.340503298, -0.0572802377, 0, 1, 1, 1, 
70.5623385, 7, 0.1, 0.1, -0.000355140492, 0.352574353, -0.0349690844, 0.91958386, -6.32943391e-006, -0.392893781, 0.392893782, 7.37628706e-006, 0.91958386, -2.92234795e-006, -1, 9.26990975e-006, 0.919583879, -8.03904225e-006, -0.392893738, 0.392893739, 1.99645594e-005, 0.919583879, 4.51376728e-007, -1, 2.15175763e-005, 0, 0, 0, 0, 0, 0, 0, 0.157679785, 0.152110962, 0.145116162, -0.47917418, 0.725844781, 0.493231776, -0.693115234, -0.657714844, 0.294677734, 0.538374752, -0.20061173, 0.818415653, 0, 0, -0, 0, 0, 0, 0, 0.241480664, 0.135145459, 0.124701953, -0.234742625, 0.750764624, -0.617389828, 0.253295898, -0.565795898, -0.784545898, -0.938369177, -0.340503298, -0.0572802377, 0, 1, 1, 1, 
70.5630353, 7, 0.1, 0.1, -0.000355137375, 0.352574347, -0.0349682332, 0.919583724, 2.16251072e-006, -0.392894101, 0.392894101, -1.55139643e-005, 0.919583724, -4.10673539e-006, -1, -1.51160267e-005, 0.91958375, 1.34780307e-005, -0.39289404, 0.392894041, -1.89147475e-005, 0.91958375, 4.96268644e-006, -1, -2.26891324e-005, 0, 0, 0, 0, 0, 0, 0, 0.157679785, 0.152110962, 0.145116162, -0.47917418, 0.725844781, 0.493231776, -0.693115234, -0.657714844, 0.294677734, 0.538374752, -0.20061173, 0.818415653, 0, 0, -0, 0, 0, 0, 0, 0.241480664, 0.135145459, 0.124701953, -0.234742625, 0.750764624, -0.617389828, 0.253295898, -0.565795898, -0.784545898, -0.938369177, -0.340503298, -0.0572802377, 0, 1, 1, 1, 
70.5637297, 7, 0.1, 0.1, -0.000355140489, 0.352574354, -0.0349678736, 0.919583676, -9.08017931e-006, -0.392894212, 0.392894212, 2.92850464e-005, 0.919583676, 3.15594058e-006, -1, 3.04976006e-005, 0.919583682, -6.91670927e-006, -0.392894199, 0.392894199, 3.20666778e-005, 0.919583682, 6.23831871e-006, -0.999999999, 3.22055286e-005, 0, 0, 0, 0, 0, 0, 0, 0.157679785, 0.152110962, 0.145116162, -0.47917418, 0.725844781, 0.493231776, -0.693115234, -0.657714844, 0.294677734, 0.538374752, -0.20061173, 0.818415653, 0, 0, -0, 0, 0, 0, 0, 0.241480664, 0.135145459, 0.124701953, -0.234742625, 0.750764624, -0.617389828, 0.253295898, -0.565795898, -0.784545898, -0.938369177, -0.340503298, -0.0572802377, 0, 1, 1, 1, 
70.5644529, 7, 0.1, 0.1, -0.000355140112, 0.352574351, -0.0349679303, 0.919583586, 1.91050901e-005, -0.392894425, 0.392894425, -2.47546671e-005, 0.919583585, 7.84275659e-006, -1, -3.02702689e-005, 0.91958361, 1.4345018e-005, -0.392894367, 0.392894367, -2.08200494e-005, 0.91958361, 5.01136327e-006, -1, -2.4781853e-005, 0, 0, 0, 0, 0, 0, 0, 0.157647192, 0.151788013, 0.144478394, -0.479840297, 0.727973055, 0.489430906, -0.692382812, -0.656860352, 0.298339844, 0.538851031, -0.195757954, 0.819388427, 0, 0, -0, 0, 0, 0, 0, 0.241682178, 0.134849463, 0.123984863, -0.234947149, 0.749474049, -0.6186866, 0.251953125, -0.567749023, -0.783569336, -0.938758901, -0.339902487, -0.0554526505, 0, 1, 1, 1, 
70.5651498, 7, 0.1, 0.1, -0.000355139469, 0.352574349, -0.0349683364, 0.919583512, -1.51200247e-006, -0.392894598, 0.392894598, 2.1197725e-005, 0.919583511, 6.93805911e-006, -1, 2.0087136e-005, 0.919583513, -5.03106976e-006, -0.392894594, 0.392894594, 7.26264048e-006, 0.919583513, -1.77303663e-006, -1, 8.65528455e-006, 0, 0, 0, 0, 0, 0, 0, 0.157647192, 0.151788013, 0.144478394, -0.479840297, 0.727973055, 0.489430906, -0.692382812, -0.656860352, 0.298339844, 0.538851031, -0.195757954, 0.819388427, 0, 0, -0, 0, 0, 0, 0, 0.241682178, 0.134849463, 0.123984863, -0.234947149, 0.749474049, -0.6186866, 0.251953125, -0.567749023, -0.783569336, -0.938758901, -0.339902487, -0.0554526505, 0, 1, 1, 1, 
70.5658468, 7, 0.1, 0.1, -0.000355140406, 0.352574353, -0.0349691156, 0.91958348, 6.11333738e-006, -0.392894673, 0.392894673, -1.13136085e-005, 0.91958348, 1.17666754e-006, -1, -1.28057052e-005, 0.919583494, -4.02400112e-006, -0.39289464, 0.39289464, 3.43810562e-006, 0.919583494, -2.34959174e-006, -1, 4.74263365e-006, 0, 0, 0, 0, 0, 0, 0, 0.157647192, 0.151788013, 0.144478394, -0.479840297, 0.727973055, 0.489430906, -0.692382812, -0.656860352, 0.298339844, 0.538851031, -0.195757954, 0.819388427, 0, 0, -0, 0, 0, 0, 0, 0.241682178, 0.134849463, 0.123984863, -0.234947149, 0.749474049, -0.6186866, 0.251953125, -0.567749023, -0.783569336, -0.938758901, -0.339902487, -0.0554526505, 0, 1, 1, 1, 
70.5665757, 7, 0.1, 0.1, -0.000355138274, 0.352574345, -0.034969708, 0.919583433, -3.74523718e-006, -0.392894781, 0.392894781, -1.15143881e-005, 0.919583433, -7.96800104e-006, -1, -9.11695636e-006, 0.919583438, 2.52816035e-006, -0.39289477, 0.39289477, -2.25565246e-005, 0.919583438, -6.53748616e-006, -1, -2.17359074e-005, 0, 0, 0, 0, 0, 0, 0, 0.157647192, 0.151788013, 0.144478394, -0.479840297, 0.727973055, 0.489430906, -0.692382812, -0.656860352, 0.298339844, 0.538851031, -0.195757954, 0.819388427, 0, 0, -0, 0, 0, 0, 0, 0.241682178, 0.134849463, 0.123984863, -0.234947149, 0.749474049, -0.6186866, 0.251953125, -0.567749023, -0.783569336, -0.938758901, -0.339902487, -0.0554526505, 0, 1, 1, 1, 
70.5672738, 7, 0.1, 0.1, -0.00035514027, 0.352574351, -0.0349701504, 0.919583465, -7.15552e-006, -0.392894707, 0.392894707, 1.67747898e-005, 0.919583465, 1.06282317e-008, -1, 1.82371852e-005, 0.919583458, -3.42046801e-006, -0.392894723, 0.392894723, 2.53970191e-005, 0.919583458, 6.83294899e-006, -1, 2.46985625e-005, 0, 0, 0, 0, 0, 0, 0, 0.157647192, 0.151788013, 0.144478394, -0.479840297, 0.727973055, 0.489430906, -0.692382812, -0.656860352, 0.298339844, 0.538851031, -0.195757954, 0.819388427, 0, 0, -0, 0, 0, 0, 0, 0.241682178, 0.134849463, 0.123984863, -0.234947149, 0.749474049, -0.6186866, 0.251953125, -0.567749023, -0.783569336, -0.938758901, -0.339902487, -0.0554526505, 0, 1, 1, 1, 
70.5679748, 7, 0.1, 0.1, -0.000355142553, 0.352574345, -0.034970406, 0.919583442, 7.40443117e-006, -0.392894761, 0.392894761, -2.27459711e-005, 0.919583442, -2.12778057e-006, -1, -2.38259806e-005, 0.919583455, -1.31683638e-006, -0.392894731, 0.392894731, -2.81492786e-005, 0.919583454, -1.22706442e-005, -1, -2.53682328e-005, 0, 0, 0, 0, 0, 0, 0, 0.157647192, 0.151788013, 0.144478394, -0.479840297, 0.727973055, 0.489430906, -0.692382812, -0.656860352, 0.298339844, 0.538851031, -0.195757954, 0.819388427, 0, 0, -0, 0, 0, 0, 0, 0.241682178, 0.134849463, 0.123984863, -0.234947149, 0.749474049, -0.6186866, 0.251953125, -0.567749023, -0.783569336, -0.938758901, -0.339902487, -0.0554526505, 0, 1, 1, 1, 
70.5686698, 7, 0.1, 0.1, -0.000355138124, 0.35257435, -0.0349704002, 0.919583301, 1.38068804e-006, -0.392895091, 0.392895091, 3.13271937e-005, 0.9195833, 1.35779583e-005, -1, 2.82654986e-005, 0.919583339, 1.05883333e-005, -0.392895001, 0.392895, 3.00608523e-005, 0.919583339, 2.15476135e-005, -0.999999999, 2.34833557e-005, 0, 0, 0, 0, 0, 0, 0, 0.157647192, 0.151788013, 0.144478394, -0.479840297, 0.727973055, 0.489430906, -0.692382812, -0.656860352, 0.298339844, 0.538851031, -0.195757954, 0.819388427, 0, 0, -0, 0, 0, 0, 0, 0.241682178, 0.134849463, 0.123984863, -0.234947149, 0.749474049, -0.6186866, 0.251953125, -0.567749023, -0.783569336, -0.938758901, -0.339902487, -0.0554526505, 0, 1, 1, 1, 
70.5694032, 7, 0.1, 0.1, -0.000355147113, 0.352574348, -0.0349698381, 0.91958302, -2.29336318e-005, -0.392895749, 0.392895748, -3.43953234e-005, 0.91958302, -3.46031547e-005, -0.999999999, -2.2618829e-005, 0.919583084, -2.85637589e-005, -0.392895598, 0.392895598, -2.48969846e-005, 0.919583084, -3.60486652e-005, -0.999999999, -1.16722708e-005, 0, 0, 0, 0, 0, 0, 0, 0.1576146, 0.151674756, 0.143857593, -0.480506413, 0.729841098, 0.485972643, -0.69140625, -0.65612793, 0.301879883, 0.539327309, -0.190986554, 0.820183346, 0, 0, -0, 0, 0, 0, 0, 0.241857324, 0.134749854, 0.123476123, -0.235688319, 0.74801723, -0.620238934, 0.251098633, -0.569702148, -0.782470703, -0.938714058, -0.340055605, -0.0535291814, 0, 1, 1, 1, 
70.5701023, 7, 0.1, 0.1, -0.000355145928, 0.352574343, -0.0349691153, 0.919582641, 1.33228955e-005, -0.392896636, 0.392896636, 1.61847078e-005, 0.919582641, 1.86104207e-005, -1, 9.64865554e-006, 0.919582726, 1.56333345e-005, -0.392896436, 0.392896436, -1.3973371e-006, 0.919582726, 1.38271356e-005, -1, -7.42724848e-006, 0, 0, 0, 0, 0, 0, 0, 0.1576146, 0.151674756, 0.143857593, -0.480506413, 0.729841098, 0.485972643, -0.69140625, -0.65612793, 0.301879883, 0.539327309, -0.190986554, 0.820183346, 0, 0, -0, 0, 0, 0, 0, 0.241857324, 0.134749854, 0.123476123, -0.235688319, 0.74801723, -0.620238934, 0.251098633, -0.569702148, -0.782470703, -0.938714058, -0.340055605, -0.0535291814, 0, 1, 1, 1, 
70.5707987, 7, 0.1, 0.1, -0.000355147695, 0.352574349, -0.0349686186, 0.919582175, -7.06191388e-006, -0.392897726, 0.392897726, 1.18282351e-006, 0.919582175, -6.02928146e-006, -1, 3.86231333e-006, 0.919582273, -1.22005065e-005, -0.392897497, 0.392897497, 1.30505274e-005, 0.919582273, -6.09184992e-006, -1, 1.67945821e-005, 0, 0, 0, 0, 0, 0, 0, 0.1576146, 0.151674756, 0.143857593, -0.480506413, 0.729841098, 0.485972643, -0.69140625, -0.65612793, 0.301879883, 0.539327309, -0.190986554, 0.820183346, 0, 0, -0, 0, 0, 0, 0, 0.241857324, 0.134749854, 0.123476123, -0.235688319, 0.74801723, -0.620238934, 0.251098633, -0.569702148, -0.782470703, -0.938714058, -0.340055605, -0.0535291814, 0, 1, 1, 1, 
70.5714972, 7, 0.1, 0.1, -0.000355141439, 0.352574343, -0.0349684499, 0.919581664, 1.68167717e-005, -0.392898923, 0.392898923, -1.57658366e-005, 0.919581663, 9.27001464e-006, -1, -2.11052657e-005, 0.919581763, 2.54318956e-005, -0.392898691, 0.392898691, -2.04871208e-005, 0.919581763, 1.53373444e-005, -0.999999999, -2.88317412e-005, 0, 0, 0, 0, 0, 0, 0, 0.1576146, 0.151674756, 0.143857593, -0.480506413, 0.729841098, 0.485972643, -0.69140625, -0.65612793, 0.301879883, 0.539327309, -0.190986554, 0.820183346, 0, 0, -0, 0, 0, 0, 0, 0.241857324, 0.134749854, 0.123476123, -0.235688319, 0.74801723, -0.620238934, 0.251098633, -0.569702148, -0.782470703, -0.938714058, -0.340055605, -0.0535291814, 0, 1, 1, 1, 
70.5722133, 7, 0.1, 0.1, -0.000355145148, 0.352574348, -0.0349684436, 0.919581253, -3.24125929e-006, -0.392899884, 0.392899884, 3.02860521e-005, 0.919581253, 8.91878508e-006, -1, 2.91239761e-005, 0.919581319, -1.36658397e-005, -0.39289973, 0.39289973, 2.70586435e-005, 0.919581318, -1.93551712e-006, -1, 3.02519278e-005, 0, 0, 0, 0, 0, 0, 0, 0.1576146, 0.151674756, 0.143857593, -0.480506413, 0.729841098, 0.485972643, -0.69140625, -0.65612793, 0.301879883, 0.539327309, -0.190986554, 0.820183346, 0, 0, -0, 0, 0, 0, 0, 0.241784326, 0.134645117, 0.122760742, -0.236793693, 0.74659869, -0.621548466, 0.250244141, -0.571166992, -0.781616211, -0.938707495, -0.340572927, -0.0515801926, 0, 1, 1, 1, 
70.5729097, 7, 0.1, 0.1, -0.000355143709, 0.352574347, -0.0349687481, 0.919581019, -2.64602729e-007, -0.392900433, 0.392900433, -2.71503247e-005, 0.919581018, -1.0910698e-005, -1, -2.48629607e-005, 0.919581054, 3.17635634e-006, -0.392900349, 0.392900349, -2.03352123e-005, 0.919581054, -5.06879489e-006, -1, -1.99478675e-005, 0, 0, 0, 0, 0, 0, 0, 0.1576146, 0.151674756, 0.143857593, -0.480506413, 0.729841098, 0.485972643, -0.69140625, -0.65612793, 0.301879883, 0.539327309, -0.190986554, 0.820183346, 0, 0, -0, 0, 0, 0, 0, 0.241784326, 0.134645117, 0.122760742, -0.236793693, 0.74659869, -0.621548466, 0.250244141, -0.571166992, -0.781616211, -0.938707495, -0.340572927, -0.0515801926, 0, 1, 1, 1, 
70.5736087, 7, 0.1, 0.1, -0.000355143742, 0.352574346, -0.0349692764, 0.919580836, -2.87882121e-006, -0.392900861, 0.392900861, 2.53897877e-005, 0.919580835, 7.32836064e-006, -1, 2.44790535e-005, 0.919580879, 2.51971561e-006, -0.392900761, 0.39290076, 1.57139966e-005, 0.919580879, 8.4911235e-006, -1, 1.34602926e-005, 0, 0, 0, 0, 0, 0, 0, 0.1576146, 0.151674756, 0.143857593, -0.480506413, 0.729841098, 0.485972643, -0.69140625, -0.65612793, 0.301879883, 0.539327309, -0.190986554, 0.820183346, 0, 0, -0, 0, 0, 0, 0, 0.241784326, 0.134645117, 0.122760742, -0.236793693, 0.74659869, -0.621548466, 0.250244141, -0.571166992, -0.781616211, -0.938707495, -0.340572927, -0.0515801926, 0, 1, 1, 1, 
70.5743256, 7, 0.1, 0.1, -0.00035514985, 0.35257435, -0.0349697066, 0.919580565, -6.26289672e-006, -0.392901496, 0.392901495, -1.343009e-005, 0.919580565, -1.10359405e-005, -1, -9.88934823e-006, 0.919580623, -1.84661242e-005, -0.392901358, 0.392901358, 1.75573559e-007, 0.919580623, -1.69121069e-005, -1, 7.41681932e-006, 0, 0, 0, 0, 0, 0, 0, 0.157599463, 0.151533057, 0.143077393, -0.480924282, 0.731169583, 0.483827517, -0.689697266, -0.65612793, 0.306152344, 0.541370964, -0.186500472, 0.819905141, 0, 0, -0, 0, 0, 0, 0, 0.241784326, 0.134645117, 0.122760742, -0.236793693, 0.74659869, -0.621548466, 0.250244141, -0.571166992, -0.781616211, -0.938707495, -0.340572927, -0.0515801926, 0, 1, 1, 1, 
70.5750294, 7, 0.1, 0.1, -0.000355147069, 0.352574343, -0.0349699846, 0.919580237, -5.41735868e-006, -0.392902262, 0.392902262, -1.02558149e-005, 0.919580237, -9.01122883e-006, -1, -7.30255218e-006, 0.919580301, 8.66685375e-006, -0.392902111, 0.392902111, -1.74161005e-005, 0.919580301, 1.12704534e-006, -1, -1.94207281e-005, 0, 0, 0, 0, 0, 0, 0, 0.157599463, 0.151533057, 0.143077393, -0.480924282, 0.731169583, 0.483827517, -0.689697266, -0.65612793, 0.306152344, 0.541370964, -0.186500472, 0.819905141, 0, 0, -0, 0, 0, 0, 0, 0.241784326, 0.134645117, 0.122760742, -0.236793693, 0.74659869, -0.621548466, 0.250244141, -0.571166992, -0.781616211, -0.938707495, -0.340572927, -0.0515801926, 0, 1, 1, 1, 
70.575727, 7, 0.1, 0.1, -0.000355150678, 0.352574349, -0.0349700957, 0.919580026, 4.96420999e-006, -0.392902757, 0.392902756, 2.00594626e-005, 0.919580026, 1.24464065e-005, -1, 1.64958293e-005, 0.919580057, -3.19749449e-006, -0.392902684, 0.392902684, 2.42458073e-005, 0.919580056, 6.5858906e-006, -1, 2.3552265e-005, 0, 0, 0, 0, 0, 0, 0, 0.157599463, 0.151533057, 0.143077393, -0.480924282, 0.731169583, 0.483827517, -0.689697266, -0.65612793, 0.306152344, 0.541370964, -0.186500472, 0.819905141, 0, 0, -0, 0, 0, 0, 0, 0.241784326, 0.134645117, 0.122760742, -0.236793693, 0.74659869, -0.621548466, 0.250244141, -0.571166992, -0.781616211, -0.938707495, -0.340572927, -0.0515801926, 0, 1, 1, 1, 
