time, trialNum, realDorsalTactorPos, realVentralTactorPos, boxPosX, boxPosY, boxPosZ, boxLocalRot_11, boxLocalRot_12, boxLocalRot_13, boxLocalRot_21, boxLocalRot_22, boxLocalRot_23, boxLocalRot_31, boxLocalRot_32, boxLocalRot_33, boxGlobalRot_11, boxGlobalRot_12, boxGlobalRot_13, boxGlobalRot_21, boxGlobalRot_22, boxGlobalRot_23, boxGlobalRot_31, boxGlobalRot_32, boxGlobalRot_33, indexForceX, indexForceY, indexForceZ, indexForceGlobalX, indexForceGlobalY, indexForceGlobalZ, indexContact, indexPosX, indexPosY, indexPosZ, indexRot_11, indexRot_12, indexRot_13, indexRot_21, indexRot_22, indexRot_23, indexRot_31, indexRot_32, indexRot_33, thumbForceX, thumbForceY, thumbForceZ, thumbForceGlobalX, thumbForceGlobalY, thumbForceGlobalZ, thumbContact, thumbPosX, thumbPosY, thumbPosZ, thumbRot_11, thumbRot_12, thumbRot_13, thumbRot_21, thumbRot_22, thumbRot_23, thumbRot_31, thumbRot_32, thumbRot_33, manipForceTooHigh, cceExpType, mapping, trialSuccess, 
125.418334, 15, 0.1, 0.1, 0.00584757633, 0.374853638, -0.0349801256, 0.898916368, -2.24359507e-005, -0.438120261, 0.43812026, -1.60039372e-005, 0.898916368, -2.71796924e-005, -1, -4.55655655e-006, 0.898916369, -1.91497073e-005, -0.438120259, 0.438120259, -1.05388483e-005, 0.898916369, -2.18312683e-005, -1, -1.08366853e-006, 0, 0, 0, 0, 0, 0, 0, 0.145189722, 0.131357349, 0.15646814, -0.340776849, 0.732274424, 0.58944514, -0.382324219, -0.680664063, 0.624755859, 0.858928019, -0.0125344258, 0.512117947, 0, -0, 0, 0, 0, 0, 0, 0.214889551, 0.128219531, 0.0987750977, -0.577894096, 0.642422731, -0.503006373, -0.261474609, -0.729736328, -0.631591797, -0.77289232, -0.233443775, 0.589812729, 0, 1, 5, 1, 
125.441407, 15, 0.1, 0.1, 0.00584756593, 0.374853645, -0.0349743308, 0.898913438, -2.72658567e-006, -0.438126272, 0.438126272, 1.14522959e-006, 0.898913438, -1.94920933e-006, -1, 2.22405108e-006, 0.898913438, -3.16626256e-006, -0.438126273, 0.438126273, 1.44645014e-006, 0.898913438, -2.21246816e-006, -1, 2.68745629e-006, 0, 0, 0, 0, 0, 0, 0, 0.146851978, 0.129047168, 0.14588064, -0.347095026, 0.751770016, 0.560601812, -0.393920898, -0.659301758, 0.640380859, 0.8510301, 0.00130987082, 0.525090533, 0, -0, 0, 0, 0, 0, 0, 0.217572656, 0.124204541, 0.089511377, -0.568055836, 0.62941054, -0.530104815, -0.254760742, -0.746948242, -0.613891602, -0.78241415, -0.213576922, 0.584877942, 0, 1, 5, 1, 
125.442109, 15, 0.1, 0.1, 0.00584756688, 0.374853645, -0.0349699681, 0.898913439, 5.40093534e-006, -0.43812627, 0.43812627, -2.45565563e-006, 0.898913439, 3.77908612e-006, -1, -4.5737135e-006, 0.898913439, -2.16786602e-006, -0.43812627, 0.43812627, 2.37169866e-007, 0.898913439, -1.84481355e-006, -1, 1.16299423e-006, 0, 0, 0, 0, 0, 0, 0, 0.146851978, 0.129047168, 0.14588064, -0.347095026, 0.751770016, 0.560601812, -0.393920898, -0.659301758, 0.640380859, 0.8510301, 0.00130987082, 0.525090533, 0, -0, 0, 0, 0, 0, 0, 0.217572656, 0.124204541, 0.089511377, -0.568055836, 0.62941054, -0.530104815, -0.254760742, -0.746948242, -0.613891602, -0.78241415, -0.213576922, 0.584877942, 0, 1, 5, 1, 
125.442837, 15, 0.1, 0.1, 0.00584756815, 0.374853644, -0.0349652845, 0.89891344, 6.24916497e-006, -0.438126268, 0.438126268, -2.15444025e-006, 0.89891344, 4.67354152e-006, -1, -4.67457862e-006, 0.89891344, 6.38589312e-006, -0.438126268, 0.438126268, -2.43061603e-006, 0.89891344, 4.67544843e-006, -1, -4.98274094e-006, 0, 0, 0, 0, 0, 0, 0, 0.147064087, 0.128917554, 0.144518701, -0.351576238, 0.753270365, 0.555621478, -0.393798828, -0.657470703, 0.642211914, 0.849268016, 0.00688105975, 0.527980404, 0, -0, 0, 0, 0, 0, 0, 0.21780835, 0.123764258, 0.0880125977, -0.567231911, 0.625896456, -0.535133687, -0.250610352, -0.75012207, -0.611694336, -0.784414178, -0.212841583, 0.582508245, 0, 1, 5, 1, 
125.443538, 15, 0.1, 0.1, 0.0058475688, 0.374853644, -0.0349621947, 0.898913441, -2.74679442e-006, -0.438126267, 0.438126267, 1.81514303e-006, 0.898913441, -1.67386859e-006, -1, 2.83509925e-006, 0.898913441, 6.39600928e-006, -0.438126267, 0.438126267, -1.3349927e-006, 0.898913441, 5.16456334e-006, -1, -4.00230255e-006, 0, 0, 0, 0, 0, 0, 0, 0.147064087, 0.128917554, 0.144518701, -0.351576238, 0.753270365, 0.555621478, -0.393798828, -0.657470703, 0.642211914, 0.849268016, 0.00688105975, 0.527980404, 0, -0, 0, 0, 0, 0, 0, 0.21780835, 0.123764258, 0.0880125977, -0.567231911, 0.625896456, -0.535133687, -0.250610352, -0.75012207, -0.611694336, -0.784414178, -0.212841583, 0.582508245, 0, 1, 5, 1, 
125.444246, 15, 0.1, 0.1, 0.00584756924, 0.374853644, -0.0349614017, 0.898913442, -3.89847445e-006, -0.438126265, 0.438126265, 1.26788274e-006, 0.898913442, -2.94889836e-006, -1, 2.84774089e-006, 0.898913442, -3.82903248e-006, -0.438126265, 0.438126265, 1.55682441e-006, 0.898913442, -2.7598831e-006, -1, 3.07705009e-006, 0, 0, 0, 0, 0, 0, 0, 0.147064087, 0.128917554, 0.144518701, -0.351576238, 0.753270365, 0.555621478, -0.393798828, -0.657470703, 0.642211914, 0.849268016, 0.00688105975, 0.527980404, 0, -0, 0, 0, 0, 0, 0, 0.21780835, 0.123764258, 0.0880125977, -0.567231911, 0.625896456, -0.535133687, -0.250610352, -0.75012207, -0.611694336, -0.784414178, -0.212841583, 0.582508245, 0, 1, 5, 1, 
125.444947, 15, 0.1, 0.1, 0.00584756999, 0.374853643, -0.0349629632, 0.898913442, 4.53161025e-006, -0.438126264, 0.438126264, -2.0972057e-006, 0.898913442, 3.15468447e-006, -1, -3.87062387e-006, 0.898913442, -4.24676454e-006, -0.438126264, 0.438126264, 8.77432836e-007, 0.898913442, -3.43304736e-006, -1, 2.64935525e-006, 0, 0, 0, 0, 0, 0, 0, 0.147064087, 0.128917554, 0.144518701, -0.351576238, 0.753270365, 0.555621478, -0.393798828, -0.657470703, 0.642211914, 0.849268016, 0.00688105975, 0.527980404, 0, -0, 0, 0, 0, 0, 0, 0.21780835, 0.123764258, 0.0880125977, -0.567231911, 0.625896456, -0.535133687, -0.250610352, -0.75012207, -0.611694336, -0.784414178, -0.212841583, 0.582508245, 0, 1, 5, 1, 
125.445651, 15, 0.1, 0.1, 0.00584757045, 0.374853643, -0.0349662818, 0.898913443, 3.56047087e-006, -0.438126263, 0.438126263, -9.50655371e-007, 0.898913443, 2.78404805e-006, -1, -2.41449269e-006, 0.898913443, 3.70379932e-006, -0.438126263, 0.438126263, -1.10576759e-006, 0.898913443, 2.84492917e-006, -1, -2.61672111e-006, 0, 0, 0, 0, 0, 0, 0, 0.147064087, 0.128917554, 0.144518701, -0.351576238, 0.753270365, 0.555621478, -0.393798828, -0.657470703, 0.642211914, 0.849268016, 0.00688105975, 0.527980404, 0, -0, 0, 0, 0, 0, 0, 0.21780835, 0.123764258, 0.0880125977, -0.567231911, 0.625896456, -0.535133687, -0.250610352, -0.75012207, -0.611694336, -0.784414178, -0.212841583, 0.582508245, 0, 1, 5, 1, 
125.446357, 15, 0.1, 0.1, 0.0058475702, 0.374853643, -0.0349702627, 0.898913443, -4.32745474e-006, -0.438126262, 0.438126262, 1.43112898e-006, 0.898913443, -3.26299205e-006, -1, 3.18243265e-006, 0.898913443, 2.87274268e-006, -0.438126262, 0.438126262, -8.89925237e-007, 0.898913443, 2.19244739e-006, -1, -2.05858977e-006, 0, 0, 0, 0, 0, 0, 0, 0.147064087, 0.128917554, 0.144518701, -0.351576238, 0.753270365, 0.555621478, -0.393798828, -0.657470703, 0.642211914, 0.849268016, 0.00688105975, 0.527980404, 0, -0, 0, 0, 0, 0, 0, 0.21780835, 0.123764258, 0.0880125977, -0.567231911, 0.625896456, -0.535133687, -0.250610352, -0.75012207, -0.611694336, -0.784414178, -0.212841583, 0.582508245, 0, 1, 5, 1, 
125.447074, 15, 0.1, 0.1, 0.00584756987, 0.374853643, -0.034973653, 0.898913444, -4.11658525e-006, -0.43812626, 0.43812626, 1.38434084e-006, 0.898913444, -3.09393775e-006, -1, 3.0479867e-006, 0.898913444, -4.18532665e-006, -0.438126261, 0.438126261, 1.30251349e-006, 0.898913444, -3.19158103e-006, -1, 3.00454841e-006, 0, 0, 0, 0, 0, 0, 0, 0.147064087, 0.128917554, 0.144518701, -0.354451882, 0.755448814, 0.551002846, -0.395141602, -0.655029297, 0.643920898, 0.847498818, 0.0104909693, 0.530812986, 0, -0, 0, 0, 0, 0, 0, 0.21780835, 0.123764258, 0.0880125977, -0.567231911, 0.625896456, -0.535133687, -0.250610352, -0.75012207, -0.611694336, -0.784414178, -0.212841583, 0.582508245, 0, 1, 5, 1, 
125.447786, 15, 0.1, 0.1, 0.00584757011, 0.374853643, -0.0349752715, 0.898913445, 2.29255601e-006, -0.438126259, 0.438126259, -5.01290486e-007, 0.898913445, 1.8411809e-006, -1, -1.45504575e-006, 0.898913445, -3.67838906e-006, -0.438126259, 0.438126259, 1.59720194e-006, 0.898913445, -2.60677727e-006, -1, 3.04734514e-006, 0, 0, 0, 0, 0, 0, 0, 0.147134985, 0.128370142, 0.142951831, -0.354451882, 0.755448814, 0.551002846, -0.395141602, -0.655029297, 0.643920898, 0.847498818, 0.0104909693, 0.530812986, 0, -0, 0, 0, 0, 0, 0, 0.21830708, 0.123144189, 0.0867453613, -0.565788218, 0.622791421, -0.540041156, -0.247192383, -0.753051758, -0.60949707, -0.786471809, -0.211326795, 0.580151309, 0, 1, 5, 1, 
125.448715, 15, 0.1, 0.1, 0.00584757134, 0.374853642, -0.0349730911, 0.898913445, 5.9254529e-006, -0.438126258, 0.438126258, -2.28939118e-006, 0.898913445, 4.32342689e-006, -1, -4.65406102e-006, 0.898913445, 6.45374704e-006, -0.438126258, 0.438126258, -2.47569344e-006, 0.898913445, 4.71669368e-006, -1, -5.05299016e-006, 0, 0, 0, 0, 0, 0, 0, 0.147134985, 0.128370142, 0.142951831, -0.354451882, 0.755448814, 0.551002846, -0.395141602, -0.655029297, 0.643920898, 0.847498818, 0.0104909693, 0.530812986, 0, -0, 0, 0, 0, 0, 0, 0.21830708, 0.123144189, 0.0867453613, -0.565788218, 0.622791421, -0.540041156, -0.247192383, -0.753051758, -0.60949707, -0.786471809, -0.211326795, 0.580151309, 0, 1, 5, 1, 
125.449447, 15, 0.1, 0.1, 0.00584757151, 0.374853642, -0.0349682757, 0.898913445, -3.81576725e-006, -0.438126258, 0.438126258, 1.57629511e-006, 0.898913445, -2.73942821e-006, -1, 3.08874069e-006, 0.898913445, 4.23663527e-006, -0.438126258, 0.438126258, -1.2234731e-006, 0.898913445, 3.27233272e-006, -1, -2.95597758e-006, 0, 0, 0, 0, 0, 0, 0, 0.147134985, 0.128370142, 0.142951831, -0.354451882, 0.755448814, 0.551002846, -0.395141602, -0.655029297, 0.643920898, 0.847498818, 0.0104909693, 0.530812986, 0, -0, 0, 0, 0, 0, 0, 0.21830708, 0.123144189, 0.0867453613, -0.565788218, 0.622791421, -0.540041156, -0.247192383, -0.753051758, -0.60949707, -0.786471809, -0.211326795, 0.580151309, 0, 1, 5, 1, 
125.450156, 15, 0.1, 0.1, 0.00584757142, 0.374853642, -0.0349642235, 0.898913445, -4.56843379e-006, -0.438126258, 0.438126258, 1.47411009e-006, 0.898913445, -3.46078022e-006, -1, 3.32664818e-006, 0.898913445, -4.705926e-006, -0.438126258, 0.438126258, 1.53764013e-006, 0.898913445, -3.55653964e-006, -1, 3.44399514e-006, 0, 0, 0, 0, 0, 0, 0, 0.147134985, 0.128370142, 0.142951831, -0.354451882, 0.755448814, 0.551002846, -0.395141602, -0.655029297, 0.643920898, 0.847498818, 0.0104909693, 0.530812986, 0, -0, 0, 0, 0, 0, 0, 0.21830708, 0.123144189, 0.0867453613, -0.565788218, 0.622791421, -0.540041156, -0.247192383, -0.753051758, -0.60949707, -0.786471809, -0.211326795, 0.580151309, 0, 1, 5, 1, 
125.450859, 15, 0.1, 0.1, 0.00584757192, 0.374853641, -0.0349619129, 0.898913446, 4.32933175e-006, -0.438126257, 0.438126257, -1.50298658e-006, 0.898913446, 3.23319663e-006, -1, -3.24784876e-006, 0.898913446, -4.80658137e-006, -0.438126257, 0.438126257, 1.73594219e-006, 0.898913446, -3.56013876e-006, -1, 3.66635128e-006, 0, 0, 0, 0, 0, 0, 0, 0.147134985, 0.128370142, 0.142951831, -0.354451882, 0.755448814, 0.551002846, -0.395141602, -0.655029297, 0.643920898, 0.847498818, 0.0104909693, 0.530812986, 0, -0, 0, 0, 0, 0, 0, 0.21830708, 0.123144189, 0.0867453613, -0.565788218, 0.622791421, -0.540041156, -0.247192383, -0.753051758, -0.60949707, -0.786471809, -0.211326795, 0.580151309, 0, 1, 5, 1, 
125.451575, 15, 0.1, 0.1, 0.00584757207, 0.374853641, -0.0349617969, 0.898913445, 3.32060102e-006, -0.438126258, 0.438126258, -1.0356502e-006, 0.898913445, 2.53118736e-006, -1, -2.38580239e-006, 0.898913445, 3.46569315e-006, -0.438126258, 0.438126258, -1.06167145e-006, 0.898913445, 2.65021203e-006, -1, -2.47276191e-006, 0, 0, 0, 0, 0, 0, 0, 0.147134985, 0.128370142, 0.142951831, -0.354451882, 0.755448814, 0.551002846, -0.395141602, -0.655029297, 0.643920898, 0.847498818, 0.0104909693, 0.530812986, 0, -0, 0, 0, 0, 0, 0, 0.21830708, 0.123144189, 0.0867453613, -0.565788218, 0.622791421, -0.540041156, -0.247192383, -0.753051758, -0.60949707, -0.786471809, -0.211326795, 0.580151309, 0, 1, 5, 1, 
125.452308, 15, 0.1, 0.1, 0.00584757162, 0.374853641, -0.0349637999, 0.898913445, -5.72718025e-006, -0.438126258, 0.438126258, 1.84674159e-006, 0.898913445, -4.33913334e-006, -1, 4.1692889e-006, 0.898913445, 3.7957682e-006, -0.438126258, 0.438126258, -1.49147059e-006, 0.898913445, 2.75861465e-006, -1, -3.00372868e-006, 0, 0, 0, 0, 0, 0, 0, 0.147315503, 0.127606934, 0.140748804, -0.355295854, 0.757766926, 0.547233055, -0.394165039, -0.65222168, 0.647338867, 0.84763249, 0.0142023502, 0.530421327, 0, -0, 0, 0, 0, 0, 0, 0.21830708, 0.123144189, 0.0867453613, -0.565162254, 0.619686385, -0.544456457, -0.244506836, -0.756103516, -0.606811523, -0.787756187, -0.209812007, 0.578950786, 0, 1, 5, 1, 
125.453012, 15, 0.1, 0.1, 0.00584757122, 0.374853641, -0.0349669577, 0.898913445, -4.82024002e-006, -0.438126258, 0.438126258, 1.57580963e-006, 0.898913445, -3.64257499e-006, -1, 3.52839018e-006, 0.898913445, -4.97240677e-006, -0.438126258, 0.438126258, 1.73244374e-006, 0.898913445, -3.71073421e-006, -1, 3.73585894e-006, 0, 0, 0, 0, 0, 0, 0, 0.147315503, 0.127606934, 0.140748804, -0.355295854, 0.757766926, 0.547233055, -0.394165039, -0.65222168, 0.647338867, 0.84763249, 0.0142023502, 0.530421327, 0, -0, 0, 0, 0, 0, 0, 0.218767969, 0.122300879, 0.0848652832, -0.565162254, 0.619686385, -0.544456457, -0.244506836, -0.756103516, -0.606811523, -0.787756187, -0.209812007, 0.578950786, 0, 1, 5, 1, 
125.453718, 15, 0.1, 0.1, 0.00584757168, 0.374853641, -0.034970555, 0.898913445, 3.52730051e-006, -0.438126258, 0.438126258, -1.09142268e-006, 0.898913445, 2.69255692e-006, -1, -2.5264975e-006, 0.898913445, -3.62951189e-006, -0.438126258, 0.438126258, 1.31772701e-006, 0.898913445, -2.68528623e-006, -1, 2.77470698e-006, 0, 0, 0, 0, 0, 0, 0, 0.147315503, 0.127606934, 0.140748804, -0.355295854, 0.757766926, 0.547233055, -0.394165039, -0.65222168, 0.647338867, 0.84763249, 0.0142023502, 0.530421327, 0, -0, 0, 0, 0, 0, 0, 0.218767969, 0.122300879, 0.0848652832, -0.565162254, 0.619686385, -0.544456457, -0.244506836, -0.756103516, -0.606811523, -0.787756187, -0.209812007, 0.578950786, 0, 1, 5, 1, 
125.454424, 15, 0.1, 0.1, 0.00584757228, 0.374853641, -0.0349735012, 0.898913445, 3.7067296e-006, -0.438126258, 0.438126258, -1.31500559e-006, 0.898913445, 2.75589059e-006, -1, -2.80609177e-006, 0.898913445, 3.67061142e-006, -0.438126258, 0.438126258, -1.31205562e-006, 0.898913445, 2.72471594e-006, -1, -2.78761568e-006, 0, 0, 0, 0, 0, 0, 0, 0.147315503, 0.127606934, 0.140748804, -0.355295854, 0.757766926, 0.547233055, -0.394165039, -0.65222168, 0.647338867, 0.84763249, 0.0142023502, 0.530421327, 0, -0, 0, 0, 0, 0, 0, 0.218767969, 0.122300879, 0.0848652832, -0.565162254, 0.619686385, -0.544456457, -0.244506836, -0.756103516, -0.606811523, -0.787756187, -0.209812007, 0.578950786, 0, 1, 5, 1, 
125.455157, 15, 0.1, 0.1, 0.00584757233, 0.374853641, -0.0349747102, 0.898913445, -2.81037405e-006, -0.438126259, 0.438126259, 8.90656498e-007, 0.898913445, -2.13606302e-006, -1, 2.03192177e-006, 0.898913445, 3.25036165e-006, -0.438126259, 0.438126259, -1.17436047e-006, 0.898913445, 2.40727563e-006, -1, -2.47971721e-006, 0, 0, 0, 0, 0, 0, 0, 0.147537866, 0.127062085, 0.139119434, -0.35952994, 0.759914296, 0.541320381, -0.395751953, -0.649536133, 0.649169922, 0.845089713, 0.0191766934, 0.534447601, 0, -0, 0, 0, 0, 0, 0, 0.219071289, 0.121664209, 0.083509668, -0.563009475, 0.616338546, -0.550354462, -0.240112305, -0.759155273, -0.604736328, -0.790721231, -0.208322738, 0.575507798, 0, 1, 5, 1, 
125.455859, 15, 0.1, 0.1, 0.00584757256, 0.37485364, -0.034974125, 0.898913445, -2.36922691e-006, -0.438126259, 0.438126259, 9.60888153e-007, 0.898913445, -1.70873959e-006, -1, 1.9017758e-006, 0.898913445, -2.5689221e-006, -0.438126259, 0.438126259, 1.02303392e-006, 0.898913445, -1.86102059e-006, -1, 2.04513118e-006, 0, 0, 0, 0, 0, 0, 0, 0.147537866, 0.127062085, 0.139119434, -0.35952994, 0.759914296, 0.541320381, -0.395751953, -0.649536133, 0.649169922, 0.845089713, 0.0191766934, 0.534447601, 0, -0, 0, 0, 0, 0, 0, 0.219071289, 0.121664209, 0.083509668, -0.563009475, 0.616338546, -0.550354462, -0.240112305, -0.759155273, -0.604736328, -0.790721231, -0.208322738, 0.575507798, 0, 1, 5, 1, 
125.456561, 15, 0.1, 0.1, 0.00584757334, 0.37485364, -0.0349721679, 0.898913445, 4.33324565e-006, -0.438126259, 0.438126259, -1.74992564e-006, 0.898913445, 3.1285244e-006, -1, -3.47154039e-006, 0.898913445, -2.4474594e-006, -0.438126259, 0.438126259, 6.43116543e-007, 0.898913445, -1.91828792e-006, -1, 1.65040234e-006, 0, 0, 0, 0, 0, 0, 0, 0.147537866, 0.127062085, 0.139119434, -0.35952994, 0.759914296, 0.541320381, -0.395751953, -0.649536133, 0.649169922, 0.845089713, 0.0191766934, 0.534447601, 0, -0, 0, 0, 0, 0, 0, 0.219071289, 0.121664209, 0.083509668, -0.563009475, 0.616338546, -0.550354462, -0.240112305, -0.759155273, -0.604736328, -0.790721231, -0.208322738, 0.575507798, 0, 1, 5, 1, 
125.457267, 15, 0.1, 0.1, 0.00584757412, 0.37485364, -0.034969474, 0.898913445, 4.46533051e-006, -0.438126259, 0.438126259, -1.39336409e-006, 0.898913445, 3.40347624e-006, -1, -3.20889227e-006, 0.898913444, 4.70851632e-006, -0.43812626, 0.43812626, -1.54699761e-006, 0.898913444, 3.55476834e-006, -1, -3.45354159e-006, 0, 0, 0, 0, 0, 0, 0, 0.147537866, 0.127062085, 0.139119434, -0.35952994, 0.759914296, 0.541320381, -0.395751953, -0.649536133, 0.649169922, 0.845089713, 0.0191766934, 0.534447601, 0, -0, 0, 0, 0, 0, 0, 0.219071289, 0.121664209, 0.083509668, -0.563009475, 0.616338546, -0.550354462, -0.240112305, -0.759155273, -0.604736328, -0.790721231, -0.208322738, 0.575507798, 0, 1, 5, 1, 
125.457973, 15, 0.1, 0.1, 0.00584757416, 0.374853639, -0.0349668344, 0.898913445, -4.15388186e-006, -0.438126259, 0.438126259, 1.20968455e-006, 0.898913445, -3.20398568e-006, -1, 2.90732643e-006, 0.898913444, 4.05599659e-006, -0.43812626, 0.43812626, -1.5335419e-006, 0.898913444, 2.97410489e-006, -1, -3.15556004e-006, 0, 0, 0, 0, 0, 0, 0, 0.147537866, 0.127062085, 0.139119434, -0.35952994, 0.759914296, 0.541320381, -0.395751953, -0.649536133, 0.649169922, 0.845089713, 0.0191766934, 0.534447601, 0, -0, 0, 0, 0, 0, 0, 0.219071289, 0.121664209, 0.083509668, -0.563009475, 0.616338546, -0.550354462, -0.240112305, -0.759155273, -0.604736328, -0.790721231, -0.208322738, 0.575507798, 0, 1, 5, 1, 
125.458677, 15, 0.1, 0.1, 0.00584757409, 0.374853639, -0.0349650737, 0.898913445, -4.19163607e-006, -0.438126259, 0.438126259, 1.55478683e-006, 0.898913445, -3.08672508e-006, -1, 3.23408461e-006, 0.898913445, -4.33676369e-006, -0.438126259, 0.438126259, 1.52412428e-006, 0.898913445, -3.23061632e-006, -1, 3.27010586e-006, 0, 0, 0, 0, 0, 0, 0, 0.147537866, 0.127062085, 0.139119434, -0.35952994, 0.759914296, 0.541320381, -0.395751953, -0.649536133, 0.649169922, 0.845089713, 0.0191766934, 0.534447601, 0, -0, 0, 0, 0, 0, 0, 0.219071289, 0.121664209, 0.083509668, -0.563009475, 0.616338546, -0.550354462, -0.240112305, -0.759155273, -0.604736328, -0.790721231, -0.208322738, 0.575507798, 0, 1, 5, 1, 
125.459393, 15, 0.1, 0.1, 0.00584757458, 0.374853639, -0.0349646212, 0.898913445, 4.16435678e-006, -0.438126259, 0.438126259, -1.46408621e-006, 0.898913445, 3.10194168e-006, -1, -3.14060084e-006, 0.898913445, -4.36472489e-006, -0.438126259, 0.438126259, 1.4496185e-006, 0.898913445, -3.28839396e-006, -1, 3.21538215e-006, 0, 0, 0, 0, 0, 0, 0, 0.147594604, 0.126330737, 0.137256689, -0.362640728, 0.762854341, 0.535229853, -0.398193359, -0.645996094, 0.651123047, 0.842616207, 0.0229131618, 0.538131268, 0, -0, 0, 0, 0, 0, 0, 0.219071289, 0.121664209, 0.083509668, -0.563009475, 0.616338546, -0.550354462, -0.240112305, -0.759155273, -0.604736328, -0.790721231, -0.208322738, 0.575507798, 0, 1, 5, 1, 
125.46012, 15, 0.1, 0.1, 0.00584757502, 0.374853639, -0.0349652433, 0.898913445, 3.69314792e-006, -0.438126259, 0.438126259, -1.38111999e-006, 0.898913445, 2.71471538e-006, -1, -2.8595724e-006, 0.898913445, 3.85699504e-006, -0.438126259, 0.438126259, -1.38999805e-006, 0.898913445, 2.85811005e-006, -1, -2.93933875e-006, 0, 0, 0, 0, 0, 0, 0, 0.147594604, 0.126330737, 0.137256689, -0.362640728, 0.762854341, 0.535229853, -0.398193359, -0.645996094, 0.651123047, 0.842616207, 0.0229131618, 0.538131268, 0, -0, 0, 0, 0, 0, 0, 0.21965083, 0.120649658, 0.0819076172, -0.559968605, 0.613578759, -0.556629432, -0.236694336, -0.762207031, -0.602172852, -0.793961162, -0.205421493, 0.572147933, 0, 1, 5, 1, 
125.460822, 15, 0.1, 0.1, 0.00584757471, 0.374853639, -0.0349669453, 0.898913445, -4.55089773e-006, -0.438126259, 0.438126259, 1.79882336e-006, 0.898913445, -3.30275141e-006, -1, 3.6108543e-006, 0.898913445, 3.32679516e-006, -0.438126259, 0.438126259, -9.50713826e-007, 0.898913445, 2.5739682e-006, -1, -2.31216576e-006, 0, 0, 0, 0, 0, 0, 0, 0.147594604, 0.126330737, 0.137256689, -0.362640728, 0.762854341, 0.535229853, -0.398193359, -0.645996094, 0.651123047, 0.842616207, 0.0229131618, 0.538131268, 0, -0, 0, 0, 0, 0, 0, 0.21965083, 0.120649658, 0.0819076172, -0.559968605, 0.613578759, -0.556629432, -0.236694336, -0.762207031, -0.602172852, -0.793961162, -0.205421493, 0.572147933, 0, 1, 5, 1, 
125.461528, 15, 0.1, 0.1, 0.00584757452, 0.374853639, -0.0349692172, 0.898913445, -4.05182423e-006, -0.438126259, 0.438126259, 1.24200868e-006, 0.898913445, -3.09808266e-006, -1, 2.89166889e-006, 0.898913445, -4.17192558e-006, -0.438126259, 0.438126259, 1.30912051e-006, 0.898913445, -3.17663992e-006, -1, 3.00461617e-006, 0, 0, 0, 0, 0, 0, 0, 0.147594604, 0.126330737, 0.137256689, -0.362640728, 0.762854341, 0.535229853, -0.398193359, -0.645996094, 0.651123047, 0.842616207, 0.0229131618, 0.538131268, 0, -0, 0, 0, 0, 0, 0, 0.21965083, 0.120649658, 0.0819076172, -0.559968605, 0.613578759, -0.556629432, -0.236694336, -0.762207031, -0.602172852, -0.793961162, -0.205421493, 0.572147933, 0, 1, 5, 1, 
125.462235, 15, 0.1, 0.1, 0.00584757505, 0.374853638, -0.0349713051, 0.898913445, 3.72218993e-006, -0.438126259, 0.438126259, -1.09965797e-006, 0.898913445, 2.86413754e-006, -1, -2.61928648e-006, 0.898913445, -3.29158563e-006, -0.438126259, 0.438126259, 1.29428655e-006, 0.898913445, -2.39178965e-006, -1, 2.60558168e-006, 0, 0, 0, 0, 0, 0, 0, 0.147594604, 0.126330737, 0.137256689, -0.362640728, 0.762854341, 0.535229853, -0.398193359, -0.645996094, 0.651123047, 0.842616207, 0.0229131618, 0.538131268, 0, -0, 0, 0, 0, 0, 0, 0.21965083, 0.120649658, 0.0819076172, -0.559968605, 0.613578759, -0.556629432, -0.236694336, -0.762207031, -0.602172852, -0.793961162, -0.205421493, 0.572147933, 0, 1, 5, 1, 
125.462938, 15, 0.1, 0.1, 0.00584757564, 0.374853638, -0.0349726346, 0.898913445, 3.67961358e-006, -0.438126259, 0.438126259, -1.40900839e-006, 0.898913445, 2.69033055e-006, -1, -2.87871192e-006, 0.898913445, 3.77976947e-006, -0.438126259, 0.438126259, -1.42599481e-006, 0.898913445, 2.77291982e-006, -1, -2.93786216e-006, 0, 0, 0, 0, 0, 0, 0, 0.147594604, 0.126330737, 0.137256689, -0.362640728, 0.762854341, 0.535229853, -0.398193359, -0.645996094, 0.651123047, 0.842616207, 0.0229131618, 0.538131268, 0, -0, 0, 0, 0, 0, 0, 0.21965083, 0.120649658, 0.0819076172, -0.559968605, 0.613578759, -0.556629432, -0.236694336, -0.762207031, -0.602172852, -0.793961162, -0.205421493, 0.572147933, 0, 1, 5, 1, 
125.46366, 15, 0.1, 0.1, 0.00584757571, 0.374853638, -0.0349726953, 0.898913445, -3.07826553e-006, -0.438126259, 0.438126259, 1.2153865e-006, 0.898913445, -2.23460153e-006, -1, 2.44119622e-006, 0.898913445, 3.59466512e-006, -0.438126259, 0.438126259, -1.08851127e-006, 0.898913445, 2.75438743e-006, -1, -2.5533946e-006, 0, 0, 0, 0, 0, 0, 0, 0.147594604, 0.126330737, 0.137256689, -0.362640728, 0.762854341, 0.535229853, -0.398193359, -0.645996094, 0.651123047, 0.842616207, 0.0229131618, 0.538131268, 0, -0, 0, 0, 0, 0, 0, 0.21965083, 0.120649658, 0.0819076172, -0.559968605, 0.613578759, -0.556629432, -0.236694336, -0.762207031, -0.602172852, -0.793961162, -0.205421493, 0.572147933, 0, 1, 5, 1, 
125.46456, 15, 0.1, 0.1, 0.00584757459, 0.374853638, -0.0349701377, 0.898913445, -6.713282e-006, -0.438126259, 0.438126259, 2.16090678e-006, 0.898913445, -5.08790945e-006, -1, 4.88373328e-006, 0.898913445, -7.65668056e-006, -0.438126259, 0.438126259, 2.42427944e-006, 0.898913445, -5.82055262e-006, -1, 5.53381019e-006, 0, 0, 0, 0, 0, 0, 0, 0.147594604, 0.126330737, 0.137256689, -0.363021526, 0.766073713, 0.530254388, -0.397827148, -0.642089844, 0.655273437, 0.842552928, 0.026852573, 0.537930569, 0, -0, 0, 0, 0, 0, 0, 0.21965083, 0.120649658, 0.0819076172, -0.559968605, 0.613578759, -0.556629432, -0.236694336, -0.762207031, -0.602172852, -0.793961162, -0.205421493, 0.572147933, 0, 1, 5, 1, 
125.465404, 15, 0.1, 0.1, 0.00584757684, 0.374853637, -0.0349637705, 0.898913446, 7.67780269e-006, -0.438126256, 0.438126256, -2.76032528e-006, 0.898913446, 5.69230909e-006, -1, -5.84514045e-006, 0.898913446, -1.11638832e-006, -0.438126256, 0.438126256, 3.17538524e-007, 0.898913446, -8.64414508e-007, -1, 7.74558684e-007, 0, 0, 0, 0, 0, 0, 0, 0.148021436, 0.12539104, 0.134769385, -0.363021526, 0.766073713, 0.530254388, -0.397827148, -0.642089844, 0.655273437, 0.842552928, 0.026852573, 0.537930569, 0, -0, 0, 0, 0, 0, 0, 0.220164697, 0.119618506, 0.0800043457, -0.55845455, 0.610576168, -0.561421697, -0.234985352, -0.765380859, -0.598876953, -0.795520426, -0.202545767, 0.571030532, 0, 1, 5, 1, 
125.46611, 15, 0.1, 0.1, 0.00584757829, 0.374853637, -0.0349604195, 0.898913447, 6.84486676e-006, -0.438126254, 0.438126254, -2.0590452e-006, 0.898913447, 5.25082102e-006, -1, -4.84981925e-006, 0.898913447, 7.31587802e-006, -0.438126254, 0.438126254, -2.20232543e-006, 0.898913447, 5.61144454e-006, -1, -5.18497818e-006, 0, 0, 0, 0, 0, 0, 0, 0.148021436, 0.12539104, 0.134769385, -0.363021526, 0.766073713, 0.530254388, -0.397827148, -0.642089844, 0.655273437, 0.842552928, 0.026852573, 0.537930569, 0, -0, 0, 0, 0, 0, 0, 0.220164697, 0.119618506, 0.0800043457, -0.55845455, 0.610576168, -0.561421697, -0.234985352, -0.765380859, -0.598876953, -0.795520426, -0.202545767, 0.571030532, 0, 1, 5, 1, 
125.466806, 15, 0.1, 0.1, 0.00584757846, 0.374853637, -0.0349599417, 0.898913448, -4.61101632e-006, -0.438126253, 0.438126253, 1.29196499e-006, 0.898913448, -3.5788608e-006, -1, 3.181572e-006, 0.898913448, 5.39818708e-006, -0.438126253, 0.438126253, -2.13199147e-006, 0.898913448, 3.91842153e-006, -1, -4.28156328e-006, 0, 0, 0, 0, 0, 0, 0, 0.148021436, 0.12539104, 0.134769385, -0.363021526, 0.766073713, 0.530254388, -0.397827148, -0.642089844, 0.655273437, 0.842552928, 0.026852573, 0.537930569, 0, -0, 0, 0, 0, 0, 0, 0.220164697, 0.119618506, 0.0800043457, -0.55845455, 0.610576168, -0.561421697, -0.234985352, -0.765380859, -0.598876953, -0.795520426, -0.202545767, 0.571030532, 0, 1, 5, 1, 
125.467534, 15, 0.1, 0.1, 0.00584757822, 0.374853637, -0.0349620407, 0.898913448, -5.2662141e-006, -0.438126251, 0.438126251, 1.98010939e-006, 0.898913448, -3.86633278e-006, -1, 4.0872136e-006, 0.898913448, -5.13186144e-006, -0.438126251, 0.438126251, 1.90891288e-006, 0.898913448, -3.77675442e-006, -1, 3.96435067e-006, 0, 0, 0, 0, 0, 0, 0, 0.148247217, 0.124890869, 0.132618945, -0.367173237, 0.769059063, 0.522875809, -0.399902344, -0.638183594, 0.657836914, 0.83974992, 0.0324357447, 0.542065427, 0, -0, 0, 0, 0, 0, 0, 0.220704687, 0.118773975, 0.0779892578, -0.556218648, 0.607113491, -0.567396262, -0.231567383, -0.768920898, -0.595825195, -0.798108506, -0.199963884, 0.568315954, 0, 1, 5, 1, 
125.468241, 15, 0.1, 0.1, 0.00584757834, 0.374853636, -0.0349660249, 0.898913449, 2.50281192e-006, -0.43812625, 0.43812625, -1.03967046e-006, 0.898913449, 1.79430437e-006, -1, -2.03112136e-006, 0.898913449, -5.45339755e-006, -0.438126251, 0.438126251, 1.68693125e-006, 0.898913449, -4.16304354e-006, -1, 3.90568181e-006, 0, 0, 0, 0, 0, 0, 0, 0.148247217, 0.124890869, 0.132618945, -0.367173237, 0.769059063, 0.522875809, -0.399902344, -0.638183594, 0.657836914, 0.83974992, 0.0324357447, 0.542065427, 0, -0, 0, 0, 0, 0, 0, 0.220704687, 0.118773975, 0.0779892578, -0.556218648, 0.607113491, -0.567396262, -0.231567383, -0.768920898, -0.595825195, -0.798108506, -0.199963884, 0.568315954, 0, 1, 5, 1, 
125.469172, 15, 0.1, 0.1, 0.00584757767, 0.374853637, -0.0349692501, 0.898913449, 1.40676376e-005, -0.43812625, 0.43812625, -4.76492424e-006, 0.898913449, 1.05579503e-005, -1, -1.04466558e-005, 0.898913449, -8.79735777e-007, -0.43812625, 0.43812625, 3.24509738e-007, 0.898913449, -6.48630086e-007, -1, 6.77141505e-007, 0, 0, 0, 0, 0, 0, 0, 0.148247217, 0.124890869, 0.132618945, -0.367173237, 0.769059063, 0.522875809, -0.399902344, -0.638183594, 0.657836914, 0.83974992, 0.0324357447, 0.542065427, 0, -0, 0, 0, 0, 0, 0, 0.220704687, 0.118773975, 0.0779892578, -0.556218648, 0.607113491, -0.567396262, -0.231567383, -0.768920898, -0.595825195, -0.798108506, -0.199963884, 0.568315954, 0, 1, 5, 1, 
125.469877, 15, 0.1, 0.1, 0.0058475806, 0.374853635, -0.0349706743, 0.898913449, -1.07961861e-005, -0.438126249, 0.438126249, 3.75042338e-006, 0.89891345, -8.061678e-006, -1, 8.10139856e-006, 0.898913449, -3.17047037e-006, -0.438126249, 0.438126249, 1.12100246e-006, 0.898913449, -2.35883785e-006, -1, 2.39675048e-006, 0, 0, 0, 0, 0, 0, 0, 0.148247217, 0.124890869, 0.132618945, -0.367173237, 0.769059063, 0.522875809, -0.399902344, -0.638183594, 0.657836914, 0.83974992, 0.0324357447, 0.542065427, 0, -0, 0, 0, 0, 0, 0, 0.220704687, 0.118773975, 0.0779892578, -0.556218648, 0.607113491, -0.567396262, -0.231567383, -0.768920898, -0.595825195, -0.798108506, -0.199963884, 0.568315954, 0, 1, 5, 1, 
125.470584, 15, 0.1, 0.1, 0.00584758238, 0.374853635, -0.0349715484, 0.898913449, 1.40691738e-005, -0.438126249, 0.43812625, -4.72365873e-006, 0.898913449, 1.05774107e-005, -1, -1.04102347e-005, 0.898913449, 1.52229016e-005, -0.438126249, 0.438126249, -5.09100025e-006, 0.898913449, 1.14535701e-005, -1, -1.12459214e-005, 0, 0, 0, 0, 0, 0, 0, 0.148247217, 0.124890869, 0.132618945, -0.367173237, 0.769059063, 0.522875809, -0.399902344, -0.638183594, 0.657836914, 0.83974992, 0.0324357447, 0.542065427, 0, -0, 0, 0, 0, 0, 0, 0.220704687, 0.118773975, 0.0779892578, -0.556218648, 0.607113491, -0.567396262, -0.231567383, -0.768920898, -0.595825195, -0.798108506, -0.199963884, 0.568315954, 0, 1, 5, 1, 
125.47129, 15, 0.1, 0.1, 0.00584757948, 0.374853636, -0.0349716373, 0.89891345, -8.78325979e-006, -0.438126247, 0.438126247, 3.44177908e-006, 0.89891345, -6.38745661e-006, -1, 6.94203816e-006, 0.89891345, -1.59045624e-005, -0.438126248, 0.438126248, 5.46204985e-006, 0.89891345, -1.19037576e-005, -1, 1.18781163e-005, 0, 0, 0, 0, 0, 0, 0, 0.148247217, 0.124890869, 0.132618945, -0.367173237, 0.769059063, 0.522875809, -0.399902344, -0.638183594, 0.657836914, 0.83974992, 0.0324357447, 0.542065427, 0, -0, 0, 0, 0, 0, 0, 0.220704687, 0.118773975, 0.0779892578, -0.556218648, 0.607113491, -0.567396262, -0.231567383, -0.768920898, -0.595825195, -0.798108506, -0.199963884, 0.568315954, 0, 1, 5, 1, 
125.47201, 15, 0.1, 0.1, 0.00584758074, 0.374853635, -0.0349709061, 0.898913454, -1.33860513e-005, -0.438126241, 0.438126241, 5.19804674e-006, 0.898913454, -9.75550089e-006, -1, 1.05373745e-005, 0.898913453, 2.54685825e-006, -0.438126242, 0.438126242, -1.06451381e-007, 0.898913453, 2.242766e-006, -1, -1.21153601e-006, 0, 0, 0, 0, 0, 0, 0, 0.148247217, 0.124890869, 0.132618945, -0.37030312, 0.772634146, 0.515439943, -0.402587891, -0.633544922, 0.660644531, 0.837155847, 0.0370603684, 0.545838584, 0, -0, 0, 0, 0, 0, 0, 0.220704687, 0.118773975, 0.0779892578, -0.556218648, 0.607113491, -0.567396262, -0.231567383, -0.768920898, -0.595825195, -0.798108506, -0.199963884, 0.568315954, 0, 1, 5, 1, 
125.47273, 15, 0.1, 0.1, 0.00584757793, 0.374853636, -0.0349694189, 0.898913454, 9.96257107e-006, -0.438126241, 0.438126241, -4.4310891e-006, 0.898913454, 7.01411275e-006, -1, -8.34802942e-006, 0.898913454, 2.80516909e-006, -0.438126241, 0.438126241, -1.89037682e-006, 0.898913454, 1.69338055e-006, -1, -2.92830334e-006, 0, 0, 0, 0, 0, 0, 0, 0.148302612, 0.123748193, 0.130241235, -0.37030312, 0.772634146, 0.515439943, -0.402587891, -0.633544922, 0.660644531, 0.837155847, 0.0370603684, 0.545838584, 0, -0, 0, 0, 0, 0, 0, 0.221292773, 0.117544727, 0.0759824707, -0.553241577, 0.604289904, -0.573249425, -0.229125977, -0.771972656, -0.592651367, -0.800741428, -0.196455631, 0.565614135, 0, 1, 5, 1, 
125.473445, 15, 0.1, 0.1, 0.00584757495, 0.374853637, -0.0349678469, 0.898913452, -1.98909856e-005, -0.438126243, 0.438126243, 7.55423234e-006, 0.898913452, -1.45705671e-005, -1, 1.55053639e-005, 0.898913452, -2.13109183e-005, -0.438126243, 0.438126244, 7.3382475e-006, 0.898913452, -1.59415923e-005, -1, 1.5933322e-005, 0, 0, 0, 0, 0, 0, 0, 0.148302612, 0.123748193, 0.130241235, -0.37030312, 0.772634146, 0.515439943, -0.402587891, -0.633544922, 0.660644531, 0.837155847, 0.0370603684, 0.545838584, 0, -0, 0, 0, 0, 0, 0, 0.221292773, 0.117544727, 0.0759824707, -0.553241577, 0.604289904, -0.573249425, -0.229125977, -0.771972656, -0.592651367, -0.800741428, -0.196455631, 0.565614135, 0, 1, 5, 1, 
125.474154, 15, 0.1, 0.1, 0.00584757736, 0.374853636, -0.0349667173, 0.898913455, 6.13302535e-006, -0.438126238, 0.438126238, -1.17680952e-006, 0.898913455, 4.99746788e-006, -1, -3.74488924e-006, 0.898913454, 1.44840658e-005, -0.438126239, 0.438126239, -3.72545005e-006, 0.898913454, 1.13877042e-005, -1, -9.69470644e-006, 0, 0, 0, 0, 0, 0, 0, 0.148302612, 0.123748193, 0.130241235, -0.37030312, 0.772634146, 0.515439943, -0.402587891, -0.633544922, 0.660644531, 0.837155847, 0.0370603684, 0.545838584, 0, -0, 0, 0, 0, 0, 0, 0.221292773, 0.117544727, 0.0759824707, -0.553241577, 0.604289904, -0.573249425, -0.229125977, -0.771972656, -0.592651367, -0.800741428, -0.196455631, 0.565614135, 0, 1, 5, 1, 
125.474856, 15, 0.1, 0.1, 0.00584757461, 0.374853637, -0.0349664161, 0.898913458, 9.67845335e-006, -0.438126232, 0.438126232, -3.55667402e-006, 0.898913458, 7.14181978e-006, -1, -7.43752644e-006, 0.898913458, -7.39799215e-006, -0.438126233, 0.438126233, 2.25040951e-006, 0.898913458, -5.66419126e-006, -1, 5.26417782e-006, 0, 0, 0, 0, 0, 0, 0, 0.148302612, 0.123748193, 0.130241235, -0.37030312, 0.772634146, 0.515439943, -0.402587891, -0.633544922, 0.660644531, 0.837155847, 0.0370603684, 0.545838584, 0, -0, 0, 0, 0, 0, 0, 0.221292773, 0.117544727, 0.0759824707, -0.553241577, 0.604289904, -0.573249425, -0.229125977, -0.771972656, -0.592651367, -0.800741428, -0.196455631, 0.565614135, 0, 1, 5, 1, 
125.475573, 15, 0.1, 0.1, 0.00584757712, 0.374853636, -0.0349668081, 0.898913459, -1.2811288e-005, -0.438126229, 0.438126229, 4.57363763e-006, 0.898913459, -9.51240857e-006, -1, 9.72426571e-006, 0.898913459, -5.2739234e-006, -0.43812623, 0.43812623, 2.01087914e-006, 0.898913459, -3.85978183e-006, -1, 4.1182505e-006, 0, 0, 0, 0, 0, 0, 0, 0.148302612, 0.123748193, 0.130241235, -0.37030312, 0.772634146, 0.515439943, -0.402587891, -0.633544922, 0.660644531, 0.837155847, 0.0370603684, 0.545838584, 0, -0, 0, 0, 0, 0, 0, 0.222057959, 0.116075635, 0.0738293457, -0.551203636, 0.601223515, -0.578393135, -0.227661133, -0.775268555, -0.588989258, -0.802613858, -0.192972898, 0.564337053, 0, 1, 5, 1, 
125.476276, 15, 0.1, 0.1, 0.00584757986, 0.374853635, -0.034967912, 0.898913459, 1.96188106e-005, -0.438126229, 0.43812623, -6.76270291e-006, 0.898913459, 1.46726954e-005, -1, -1.46746002e-005, 0.898913459, 2.01044255e-005, -0.438126229, 0.43812623, -6.82750128e-006, 0.898913459, 1.50808313e-005, -1, -1.49456089e-005, 0, 0, 0, 0, 0, 0, 0, 0.148302612, 0.123748193, 0.130241235, -0.37030312, 0.772634146, 0.515439943, -0.402587891, -0.633544922, 0.660644531, 0.837155847, 0.0370603684, 0.545838584, 0, -0, 0, 0, 0, 0, 0, 0.222057959, 0.116075635, 0.0738293457, -0.551203636, 0.601223515, -0.578393135, -0.227661133, -0.775268555, -0.588989258, -0.802613858, -0.192972898, 0.564337053, 0, 1, 5, 1, 
125.476977, 15, 0.1, 0.1, 0.00584757866, 0.374853636, -0.0349693381, 0.898913458, -3.93907762e-006, -0.438126232, 0.438126232, 1.21850447e-006, 0.898913458, -3.00703111e-006, -1, 2.8211433e-006, 0.898913458, -1.1506031e-005, -0.438126231, 0.438126231, 3.87543968e-006, 0.898913458, -8.64499436e-006, -1, 8.52477889e-006, 0, 0, 0, 0, 0, 0, 0, 0.148302612, 0.123748193, 0.130241235, -0.37030312, 0.772634146, 0.515439943, -0.402587891, -0.633544922, 0.660644531, 0.837155847, 0.0370603684, 0.545838584, 0, -0, 0, 0, 0, 0, 0, 0.222057959, 0.116075635, 0.0738293457, -0.551203636, 0.601223515, -0.578393135, -0.227661133, -0.775268555, -0.588989258, -0.802613858, -0.192972898, 0.564337053, 0, 1, 5, 1, 
125.477696, 15, 0.1, 0.1, 0.00584758263, 0.374853634, -0.0349705275, 0.898913456, -4.95790335e-006, -0.438126235, 0.438126235, 1.79831438e-006, 0.898913456, -3.66883733e-006, -1, 3.78871652e-006, 0.898913457, 9.84487898e-006, -0.438126235, 0.438126235, -3.30516966e-006, 0.898913457, 7.40161266e-006, -1, -7.28436124e-006, 0, 0, 0, 0, 0, 0, 0, 0.148930347, 0.122853784, 0.127221997, -0.371102909, 0.776666411, 0.508776534, -0.402587891, -0.628295898, 0.665649414, 0.836788153, 0.0422305413, 0.545905228, 0, -0, 0, 0, 0, 0, 0, 0.222057959, 0.116075635, 0.0738293457, -0.551203636, 0.601223515, -0.578393135, -0.227661133, -0.775268555, -0.588989258, -0.802613858, -0.192972898, 0.564337053, 0, 1, 5, 1, 
125.478421, 15, 0.1, 0.1, 0.00584758241, 0.374853634, -0.0349710444, 0.898913453, 1.56253041e-005, -0.438126241, 0.438126241, -5.5054497e-006, 0.898913453, 1.16337141e-005, -1, -1.17947785e-005, 0.898913454, 9.28222196e-006, -0.43812624, 0.43812624, -3.46315905e-006, 0.898913454, 6.82661334e-006, -1, -7.17986527e-006, 0, 0, 0, 0, 0, 0, 0, 0.148930347, 0.122853784, 0.127221997, -0.371102909, 0.776666411, 0.508776534, -0.402587891, -0.628295898, 0.665649414, 0.836788153, 0.0422305413, 0.545905228, 0, -0, 0, 0, 0, 0, 0, 0.222057959, 0.116075635, 0.0738293457, -0.551203636, 0.601223515, -0.578393135, -0.227661133, -0.775268555, -0.588989258, -0.802613858, -0.192972898, 0.564337053, 0, 1, 5, 1, 
125.479147, 15, 0.1, 0.1, 0.00584758127, 0.374853634, -0.0349708327, 0.898913449, -1.50888653e-005, -0.438126251, 0.438126251, 5.20501706e-006, 0.898913449, -1.12831293e-005, -1, 1.12896878e-005, 0.89891345, -1.5185997e-005, -0.438126248, 0.438126249, 5.56125319e-006, 0.89891345, -1.1214366e-005, -1, 1.16524692e-005, 0, 0, 0, 0, 0, 0, 0, 0.148930347, 0.122853784, 0.127221997, -0.371102909, 0.776666411, 0.508776534, -0.402587891, -0.628295898, 0.665649414, 0.836788153, 0.0422305413, 0.545905228, 0, -0, 0, 0, 0, 0, 0, 0.222057959, 0.116075635, 0.0738293457, -0.551203636, 0.601223515, -0.578393135, -0.227661133, -0.775268555, -0.588989258, -0.802613858, -0.192972898, 0.564337053, 0, 1, 5, 1, 
125.47989, 15, 0.1, 0.1, 0.00584758382, 0.374853633, -0.0349694543, 0.898913441, 4.72424545e-006, -0.438126267, 0.438126267, -2.62587497e-006, 0.898913441, 3.09622294e-006, -1, -4.43025033e-006, 0.898913442, 1.31295616e-005, -0.438126264, 0.438126264, -5.72216462e-006, 0.898913442, 9.29530879e-006, -1, -1.08961365e-005, 0, 0, 0, 0, 0, 0, 0, 0.149167725, 0.121963403, 0.12475603, -0.374988398, 0.780755965, 0.49954526, -0.40625, -0.622802734, 0.668579102, 0.83332502, 0.0477624164, 0.550827893, 0, -0, 0, 0, 0, 0, 0, 0.222057959, 0.116075635, 0.0738293457, -0.551203636, 0.601223515, -0.578393135, -0.227661133, -0.775268555, -0.588989258, -0.802613858, -0.192972898, 0.564337053, 0, 1, 5, 1, 
