time, trialNum, realDorsalTactorPos, realVentralTactorPos, boxPosX, boxPosY, boxPosZ, boxLocalRot_11, boxLocalRot_12, boxLocalRot_13, boxLocalRot_21, boxLocalRot_22, boxLocalRot_23, boxLocalRot_31, boxLocalRot_32, boxLocalRot_33, boxGlobalRot_11, boxGlobalRot_12, boxGlobalRot_13, boxGlobalRot_21, boxGlobalRot_22, boxGlobalRot_23, boxGlobalRot_31, boxGlobalRot_32, boxGlobalRot_33, indexForceX, indexForceY, indexForceZ, indexForceGlobalX, indexForceGlobalY, indexForceGlobalZ, indexContact, indexPosX, indexPosY, indexPosZ, indexRot_11, indexRot_12, indexRot_13, indexRot_21, indexRot_22, indexRot_23, indexRot_31, indexRot_32, indexRot_33, thumbForceX, thumbForceY, thumbForceZ, thumbForceGlobalX, thumbForceGlobalY, thumbForceGlobalZ, thumbContact, thumbPosX, thumbPosY, thumbPosZ, thumbRot_11, thumbRot_12, thumbRot_13, thumbRot_21, thumbRot_22, thumbRot_23, thumbRot_31, thumbRot_32, thumbRot_33, manipForceTooHigh, cceExpType, mapping, trialSuccess, 
142.41246, 18, 0.1, 0.1, 0.0256398398, 0.362856447, -0.0349758212, 0.994528851, -2.89447169e-005, 0.104462262, 0.104462262, -2.37675217e-005, -0.994528851, 3.12691651e-005, 0.999999999, -2.06138555e-005, 0.994528886, -2.35303693e-005, 0.104461925, 0.104461924, -1.11768476e-005, -0.994528887, 2.4569187e-005, 1, -8.65767017e-006, 0, 0, 0, 0, 0, 0, 0, 0.175372852, 0.151737329, 0.149018726, -0.65837322, 0.670752123, 0.341399528, -0.629882812, -0.739257813, 0.237915039, 0.41201999, -0.058406621, 0.909326755, 0, 0, -0, 0, 0, 0, 0, 0.259318848, 0.15349458, 0.157854736, -0.246720136, 0.815344007, -0.523607068, 0.404663086, -0.404174805, -0.82019043, -0.880466078, -0.414234949, -0.230187168, 0, 1, 5, 1, 
142.425822, 18, 0.1, 0.1, 0.0256398511, 0.362856467, -0.0349775017, 0.994525807, -4.3149459e-006, 0.104491236, 0.104491236, 1.15619967e-005, -0.994525807, 3.08319774e-006, 1, 1.19495782e-005, 0.994525817, -5.30434397e-006, 0.104491144, 0.104491144, -4.56061277e-006, -0.994525817, 5.75185067e-006, 1, -3.98139017e-006, 0, 0, 0, 0, 0, 0, 0, 0.176448291, 0.152708301, 0.146802515, -0.658851742, 0.672300403, 0.337205878, -0.6328125, -0.737792969, 0.234619141, 0.406657736, -0.0587754364, 0.911721251, 0, 0, -0, 0, 0, 0, 0, 0.260372559, 0.154935205, 0.15620708, -0.24808727, 0.814238267, -0.524623124, 0.406738281, -0.403930664, -0.819213867, -0.879136857, -0.416560536, -0.231030415, 0, 1, 5, 1, 
142.426522, 18, 0.1, 0.1, 0.0256398518, 0.362856457, -0.0349762843, 0.994525768, -4.64889988e-006, 0.104491615, 0.104491615, 1.9491854e-005, -0.994525767, 2.58671541e-006, 1, 1.98709221e-005, 0.994525776, -4.23592369e-006, 0.104491534, 0.104491534, 2.74362148e-005, -0.994525776, 1.34588312e-006, 1, 2.7728641e-005, 0, 0, 0, 0, 0, 0, 0, 0.176448291, 0.152708301, 0.146802515, -0.658851742, 0.672300403, 0.337205878, -0.6328125, -0.737792969, 0.234619141, 0.406657736, -0.0587754364, 0.911721251, 0, 0, -0, 0, 0, 0, 0, 0.260372559, 0.154935205, 0.15620708, -0.24808727, 0.814238267, -0.524623124, 0.406738281, -0.403930664, -0.819213867, -0.879136857, -0.416560536, -0.231030415, 0, 1, 5, 1, 
142.42722, 18, 0.1, 0.1, 0.025639852, 0.362856461, -0.034973223, 0.994525727, -3.30753964e-006, 0.104492004, 0.104492004, -2.55248682e-005, -0.994525726, 5.95657789e-006, 1, -2.50395266e-005, 0.994525734, 2.8129888e-006, 0.104491937, 0.104491937, -2.48586678e-005, -0.994525733, -2.00059402e-007, 1, -2.50165194e-005, 0, 0, 0, 0, 0, 0, 0, 0.176448291, 0.152708301, 0.146802515, -0.658851742, 0.672300403, 0.337205878, -0.6328125, -0.737792969, 0.234619141, 0.406657736, -0.0587754364, 0.911721251, 0, 0, -0, 0, 0, 0, 0, 0.260372559, 0.154935205, 0.15620708, -0.24808727, 0.814238267, -0.524623124, 0.406738281, -0.403930664, -0.819213867, -0.879136857, -0.416560536, -0.231030415, 0, 1, 5, 1, 
142.427915, 18, 0.1, 0.1, 0.0256398517, 0.36285646, -0.0349693539, 0.9945257, 4.80909011e-006, 0.104492257, 0.104492257, 1.91063407e-005, -0.9945257, -6.77922836e-006, 1, 1.84992342e-005, 0.994525706, 7.23857162e-006, 0.104492205, 0.104492205, 1.61411619e-005, -0.994525705, -8.88557115e-006, 1, 1.52964261e-005, 0, 0, 0, 0, 0, 0, 0, 0.176448291, 0.152708301, 0.146802515, -0.658851742, 0.672300403, 0.337205878, -0.6328125, -0.737792969, 0.234619141, 0.406657736, -0.0587754364, 0.911721251, 0, 0, -0, 0, 0, 0, 0, 0.260372559, 0.154935205, 0.15620708, -0.24808727, 0.814238267, -0.524623124, 0.406738281, -0.403930664, -0.819213867, -0.879136857, -0.416560536, -0.231030415, 0, 1, 5, 1, 
142.428616, 18, 0.1, 0.1, 0.0256398526, 0.36285646, -0.0349657754, 0.994525668, -5.4430711e-006, 0.104492562, 0.104492562, -1.65993516e-005, -0.994525668, 7.14778271e-006, 1, -1.59397208e-005, 0.994525673, 1.88693189e-006, 0.104492511, 0.104492511, -1.49086129e-005, -0.994525673, -3.18763805e-007, 1, -1.50241686e-005, 0, 0, 0, 0, 0, 0, 0, 0.176448291, 0.152708301, 0.146802515, -0.658851742, 0.672300403, 0.337205878, -0.6328125, -0.737792969, 0.234619141, 0.406657736, -0.0587754364, 0.911721251, 0, 0, -0, 0, 0, 0, 0, 0.260372559, 0.154935205, 0.15620708, -0.24808727, 0.814238267, -0.524623124, 0.406738281, -0.403930664, -0.819213867, -0.879136857, -0.416560536, -0.231030415, 0, 1, 5, 1, 
142.429344, 18, 0.1, 0.1, 0.0256398514, 0.362856459, -0.034963251, 0.994525655, 1.08630076e-005, 0.104492683, 0.104492683, -1.45767861e-006, -0.994525655, -1.0651223e-005, 1, -2.58480359e-006, 0.994525656, 1.27446507e-005, 0.104492677, 0.104492677, 6.89497736e-006, -0.994525656, -1.33953568e-005, 1, 5.52550922e-006, 0, 0, 0, 0, 0, 0, 0, 0.176470264, 0.152597485, 0.146421191, -0.658269122, 0.674439538, 0.334046037, -0.635009766, -0.735839844, 0.234619141, 0.404093619, -0.0577547308, 0.91283968, 0, 0, -0, 0, 0, 0, 0, 0.260451904, 0.154925684, 0.15569126, -0.246662534, 0.813759223, -0.525939218, 0.406005859, -0.405883789, -0.818603516, -0.87984631, -0.415506201, -0.230186801, 0, 1, 5, 1, 
142.430041, 18, 0.1, 0.1, 0.0256398568, 0.36285646, -0.0349626636, 0.994525656, -1.55084035e-005, 0.104492673, 0.104492673, -8.69945886e-006, -0.994525656, 1.63325349e-005, 1, -7.0313205e-006, 0.994525657, -2.19331733e-005, 0.104492663, 0.104492663, -8.77550894e-006, -0.994525657, 2.27300799e-005, 1, -6.43561311e-006, 0, 0, 0, 0, 0, 0, 0, 0.176470264, 0.152597485, 0.146421191, -0.658269122, 0.674439538, 0.334046037, -0.635009766, -0.735839844, 0.234619141, 0.404093619, -0.0577547308, 0.91283968, 0, 0, -0, 0, 0, 0, 0, 0.260451904, 0.154925684, 0.15569126, -0.246662534, 0.813759223, -0.525939218, 0.406005859, -0.405883789, -0.818603516, -0.87984631, -0.415506201, -0.230186801, 0, 1, 5, 1, 
142.430744, 18, 0.1, 0.1, 0.0256398505, 0.362856455, -0.0349641143, 0.994525648, 2.77788747e-005, 0.104492749, 0.104492749, 1.18051439e-005, -0.994525648, -2.88603553e-005, 1, 8.83782737e-006, 0.994525649, 3.01651568e-005, 0.104492742, 0.104492742, 1.93156688e-005, -0.994525649, -3.20183694e-005, 0.999999999, 1.60578881e-005, 0, 0, 0, 0, 0, 0, 0, 0.176470264, 0.152597485, 0.146421191, -0.658269122, 0.674439538, 0.334046037, -0.635009766, -0.735839844, 0.234619141, 0.404093619, -0.0577547308, 0.91283968, 0, 0, -0, 0, 0, 0, 0, 0.260451904, 0.154925684, 0.15569126, -0.246662534, 0.813759223, -0.525939218, 0.406005859, -0.405883789, -0.818603516, -0.87984631, -0.415506201, -0.230186801, 0, 1, 5, 1, 
142.431649, 18, 0.1, 0.1, 0.0256398614, 0.362856455, -0.0349666669, 0.994525682, -5.2558641e-005, 0.104492421, 0.104492422, 1.29485903e-005, -0.994525683, 5.09178888e-005, 0.999999999, 1.83696853e-005, 0.994525664, -3.9122497e-005, 0.104492594, 0.104492593, -5.59678223e-006, -0.994525665, 3.94931497e-005, 0.999999999, -1.47813239e-006, 0, 0, 0, 0, 0, 0, 0, 0.176718896, 0.152732251, 0.146012036, -0.657604128, 0.676997663, 0.330321552, -0.637573242, -0.733642578, 0.23449707, 0.401269272, -0.056429611, 0.914294724, 0, 0, -0, 0, 0, 0, 0, 0.260451904, 0.154925684, 0.15569126, -0.244848073, 0.813241901, -0.527606758, 0.405273438, -0.408447266, -0.817749023, -0.880760287, -0.414087661, -0.229502867, 0, 1, 5, 1, 
142.432771, 18, 0.1, 0.1, 0.0256398676, 0.36285645, -0.0349633835, 0.994525777, 3.85192413e-005, 0.104491521, 0.104491521, -1.48995552e-005, -0.994525777, -3.67515012e-005, 0.999999999, -1.88429258e-005, 0.994525759, 1.81716365e-005, 0.104491697, 0.104491697, -6.92869492e-006, -0.994525759, -1.73481695e-005, 1, -8.78955071e-006, 0, 0, 0, 0, 0, 0, 0, 0.176718896, 0.152732251, 0.146012036, -0.657604128, 0.676997663, 0.330321552, -0.637573242, -0.733642578, 0.23449707, 0.401269272, -0.056429611, 0.914294724, 0, 0, -0, 0, 0, 0, 0, 0.260552734, 0.154474805, 0.15537207, -0.244848073, 0.813241901, -0.527606758, 0.405273438, -0.408447266, -0.817749023, -0.880760287, -0.414087661, -0.229502867, 0, 1, 5, 1, 
142.433888, 18, 0.1, 0.1, 0.025639862, 0.362856445, -0.0349550138, 0.994525835, -2.9999084e-005, 0.104490965, 0.104490965, 1.62502071e-005, -0.994525836, 2.81368643e-005, 0.999999999, 1.92958841e-005, 0.994525832, -1.42516414e-005, 0.104491003, 0.104491003, 2.28368503e-005, -0.994525832, 1.17873801e-005, 1, 2.42010058e-005, 0, 0, 0, 0, 0, 0, 0, 0.176718896, 0.152732251, 0.146012036, -0.657604128, 0.676997663, 0.330321552, -0.637573242, -0.733642578, 0.23449707, 0.401269272, -0.056429611, 0.914294724, 0, 0, -0, 0, 0, 0, 0, 0.260552734, 0.154474805, 0.15537207, -0.244848073, 0.813241901, -0.527606758, 0.405273438, -0.408447266, -0.817749023, -0.880760287, -0.414087661, -0.229502867, 0, 1, 5, 1, 
142.435017, 18, 0.1, 0.1, 0.02563986, 0.362856458, -0.0349454831, 0.994525802, 2.03397921e-005, 0.104491286, 0.104491286, -1.70627125e-005, -0.994525802, -1.84455433e-005, 1, -1.90946389e-005, 0.994525815, 2.71753677e-005, 0.104491163, 0.104491163, -3.64033292e-005, -0.994525814, -2.32227785e-005, 0.999999999, -3.90436364e-005, 0, 0, 0, 0, 0, 0, 0, 0.176718896, 0.152732251, 0.146012036, -0.657604128, 0.676997663, 0.330321552, -0.637573242, -0.733642578, 0.23449707, 0.401269272, -0.056429611, 0.914294724, 0, 0, -0, 0, 0, 0, 0, 0.260552734, 0.154474805, 0.15537207, -0.244848073, 0.813241901, -0.527606758, 0.405273438, -0.408447266, -0.817749023, -0.880760287, -0.414087661, -0.229502867, 0, 1, 5, 1, 
142.43616, 18, 0.1, 0.1, 0.0256398642, 0.36285645, -0.0349393632, 0.994525751, -1.92030186e-005, 0.104491775, 0.104491775, -2.66513892e-005, -0.99452575, 2.18827474e-005, 0.999999999, -2.44989354e-005, 0.994525756, 9.3294504e-008, 0.104491723, 0.104491723, 1.41834364e-005, -0.994525756, -1.5748355e-006, 1, 1.40960443e-005, 0, 0, 0, 0, 0, 0, 0, 0.176718896, 0.152732251, 0.146012036, -0.656455741, 0.679188094, 0.327910203, -0.639038086, -0.731811523, 0.236572266, 0.400716609, -0.0543047025, 0.914676644, 0, 0, -0, 0, 0, 0, 0, 0.260552734, 0.154474805, 0.15537207, -0.244848073, 0.813241901, -0.527606758, 0.405273438, -0.408447266, -0.817749023, -0.880760287, -0.414087661, -0.229502867, 0, 1, 5, 1, 
142.437299, 18, 0.1, 0.1, 0.0256398615, 0.362856452, -0.0349384903, 0.994525688, 1.55616287e-005, 0.104492375, 0.104492374, 4.43750777e-005, -0.994525687, -2.01132967e-005, 0.999999999, 4.25060832e-005, 0.994525708, 2.56234031e-005, 0.104492176, 0.104492175, 2.61142661e-005, -0.994525708, -2.82118696e-005, 0.999999999, 2.32938639e-005, 0, 0, 0, 0, 0, 0, 0, 0.176999146, 0.152627417, 0.145220239, -0.656455741, 0.679188094, 0.327910203, -0.639038086, -0.731811523, 0.236572266, 0.400716609, -0.0543047025, 0.914676644, 0, 0, -0, 0, 0, 0, 0, 0.260613525, 0.154280615, 0.154908252, -0.243468179, 0.813024984, -0.528577604, 0.402709961, -0.411010742, -0.817749023, -0.882210909, -0.412023834, -0.227272796, 0, 1, 5, 1, 
142.438432, 18, 0.1, 0.1, 0.0256398637, 0.362856451, -0.0349436345, 0.99452555, 6.96205785e-006, 0.104493682, 0.104493682, -2.48630401e-005, -0.99452555, -4.3259138e-006, 1, -2.54544197e-005, 0.994525578, -3.08041308e-006, 0.104493416, 0.104493415, -2.73467813e-005, -0.994525578, 5.92110818e-006, 1, -2.68751906e-005, 0, 0, 0, 0, 0, 0, 0, 0.176999146, 0.152627417, 0.145220239, -0.656455741, 0.679188094, 0.327910203, -0.639038086, -0.731811523, 0.236572266, 0.400716609, -0.0543047025, 0.914676644, 0, 0, -0, 0, 0, 0, 0, 0.260613525, 0.154280615, 0.154908252, -0.243468179, 0.813024984, -0.528577604, 0.402709961, -0.411010742, -0.817749023, -0.882210909, -0.412023834, -0.227272796, 0, 1, 5, 1, 
142.439554, 18, 0.1, 0.1, 0.0256398684, 0.362856439, -0.0349514509, 0.994525413, -2.17504073e-005, 0.104494986, 0.104494986, 1.81305654e-005, -0.994525413, 1.97367796e-005, 1, 2.03041166e-005, 0.994525444, -1.95573321e-005, 0.104494694, 0.104494694, 3.43065966e-005, -0.994525443, 1.58654071e-005, 0.999999999, 3.61624206e-005, 0, 0, 0, 0, 0, 0, 0, 0.176999146, 0.152627417, 0.145220239, -0.656455741, 0.679188094, 0.327910203, -0.639038086, -0.731811523, 0.236572266, 0.400716609, -0.0543047025, 0.914676644, 0, 0, -0, 0, 0, 0, 0, 0.260613525, 0.154280615, 0.154908252, -0.243468179, 0.813024984, -0.528577604, 0.402709961, -0.411010742, -0.817749023, -0.882210909, -0.412023834, -0.227272796, 0, 1, 5, 1, 
142.440516, 18, 0.1, 0.1, 0.0256398635, 0.362856445, -0.0349580069, 0.994525253, 7.61576449e-006, 0.104496516, 0.104496516, 1.76183217e-007, -0.994525253, -7.59248063e-006, 1, -6.20602198e-007, 0.994525276, 1.94093105e-005, 0.104496289, 0.104496289, -1.35441948e-005, -0.994525276, -1.78877318e-005, 1, -1.54982449e-005, 0, 0, 0, 0, 0, 0, 0, 0.176999146, 0.152627417, 0.145220239, -0.656455741, 0.679188094, 0.327910203, -0.639038086, -0.731811523, 0.236572266, 0.400716609, -0.0543047025, 0.914676644, 0, 0, -0, 0, 0, 0, 0, 0.260613525, 0.154280615, 0.154908252, -0.243468179, 0.813024984, -0.528577604, 0.402709961, -0.411010742, -0.817749023, -0.882210909, -0.412023834, -0.227272796, 0, 1, 5, 1, 
142.441243, 18, 0.1, 0.1, 0.0256398709, 0.362856433, -0.0349650768, 0.994525139, -1.25275982e-005, 0.104497598, 0.104497598, 2.74009923e-005, -0.994525139, 9.59567351e-006, 1, 2.85600796e-005, 0.994525159, -2.2816544e-005, 0.104497405, 0.104497405, 3.5455347e-005, -0.994525159, 1.89866353e-005, 0.999999999, 3.76455042e-005, 0, 0, 0, 0, 0, 0, 0, 0.177308569, 0.152343408, 0.144632031, -0.654723614, 0.682241594, 0.325118056, -0.641357422, -0.729003906, 0.238769531, 0.3999479, -0.0521928987, 0.914995285, 0, 0, -0, 0, 0, 0, 0, 0.260938818, 0.153670215, 0.154429541, -0.241296077, 0.812948791, -0.529804013, 0.399780273, -0.41418457, -0.817626953, -0.884191981, -0.408963274, -0.224946843, 0, 1, 5, 1, 
142.441941, 18, 0.1, 0.1, 0.0256398665, 0.362856438, -0.0349723873, 0.994525062, 1.08264156e-005, 0.104498327, 0.104498328, -3.10435575e-005, -0.994525062, -7.52314182e-006, 0.999999999, -3.20049383e-005, 0.994525074, 1.74675616e-005, 0.104498214, 0.104498215, -2.81129576e-005, -0.994525074, -1.44341741e-005, 0.999999999, -2.97843702e-005, 0, 0, 0, 0, 0, 0, 0, 0.177308569, 0.152343408, 0.144632031, -0.654723614, 0.682241594, 0.325118056, -0.641357422, -0.729003906, 0.238769531, 0.3999479, -0.0521928987, 0.914995285, 0, 0, -0, 0, 0, 0, 0, 0.260938818, 0.153670215, 0.154429541, -0.241296077, 0.812948791, -0.529804013, 0.399780273, -0.41418457, -0.817626953, -0.884191981, -0.408963274, -0.224946843, 0, 1, 5, 1, 
142.442643, 18, 0.1, 0.1, 0.0256398694, 0.36285644, -0.0349782649, 0.994525025, -5.41344942e-006, 0.104498686, 0.104498686, 1.72686266e-005, -0.994525024, 3.57926213e-006, 1, 1.77397797e-005, 0.994525029, -1.05243203e-005, 0.104498648, 0.104498648, 5.61270901e-006, -0.994525029, 9.88017947e-006, 1, 6.68175683e-006, 0, 0, 0, 0, 0, 0, 0, 0.177308569, 0.152343408, 0.144632031, -0.654723614, 0.682241594, 0.325118056, -0.641357422, -0.729003906, 0.238769531, 0.3999479, -0.0521928987, 0.914995285, 0, 0, -0, 0, 0, 0, 0, 0.260938818, 0.153670215, 0.154429541, -0.241296077, 0.812948791, -0.529804013, 0.399780273, -0.41418457, -0.817626953, -0.884191981, -0.408963274, -0.224946843, 0, 1, 5, 1, 
142.443341, 18, 0.1, 0.1, 0.0256398668, 0.362856432, -0.0349811831, 0.994525018, 7.03488715e-006, 0.104498747, 0.104498747, 1.08906797e-005, -0.994525018, -8.13443365e-006, 1, 1.00959165e-005, 0.994525019, 1.05732045e-005, 0.104498744, 0.104498743, 2.04328269e-005, -0.994525018, -1.26505211e-005, 1, 1.92160709e-005, 0, 0, 0, 0, 0, 0, 0, 0.177308569, 0.152343408, 0.144632031, -0.654723614, 0.682241594, 0.325118056, -0.641357422, -0.729003906, 0.238769531, 0.3999479, -0.0521928987, 0.914995285, 0, 0, -0, 0, 0, 0, 0, 0.260938818, 0.153670215, 0.154429541, -0.241296077, 0.812948791, -0.529804013, 0.399780273, -0.41418457, -0.817626953, -0.884191981, -0.408963274, -0.224946843, 0, 1, 5, 1, 
142.444051, 18, 0.1, 0.1, 0.0256398714, 0.362856436, -0.0349803703, 0.994525028, -1.7358486e-005, 0.104498654, 0.104498654, -1.59160221e-005, -0.994525028, 1.89266516e-005, 1, -1.40149439e-005, 0.994525025, -1.84145834e-005, 0.104498678, 0.104498678, -1.85590196e-005, -0.994525025, 2.0253157e-005, 1, -1.65331099e-005, 0, 0, 0, 0, 0, 0, 0, 0.177308569, 0.152343408, 0.144632031, -0.654723614, 0.682241594, 0.325118056, -0.641357422, -0.729003906, 0.238769531, 0.3999479, -0.0521928987, 0.914995285, 0, 0, -0, 0, 0, 0, 0, 0.260989355, 0.153056396, 0.153549512, -0.239839624, 0.812898119, -0.530634135, 0.395874023, -0.417114258, -0.817993164, -0.886371013, -0.406145518, -0.221720039, 0, 1, 5, 1, 
142.444748, 18, 0.1, 0.1, 0.0256398701, 0.362856435, -0.0349763982, 0.994525047, 1.84003311e-005, 0.104498471, 0.104498471, 6.48366453e-006, -0.994525047, -1.89771231e-005, 1, 4.52536031e-006, 0.994525042, 1.50531357e-005, 0.104498521, 0.104498521, 9.26018007e-006, -0.994525042, -1.59383956e-005, 1, 7.63645055e-006, 0, 0, 0, 0, 0, 0, 0, 0.177308569, 0.152343408, 0.144632031, -0.654723614, 0.682241594, 0.325118056, -0.641357422, -0.729003906, 0.238769531, 0.3999479, -0.0521928987, 0.914995285, 0, 0, -0, 0, 0, 0, 0, 0.260989355, 0.153056396, 0.153549512, -0.239839624, 0.812898119, -0.530634135, 0.395874023, -0.417114258, -0.817993164, -0.886371013, -0.406145518, -0.221720039, 0, 1, 5, 1, 
142.445448, 18, 0.1, 0.1, 0.0256398695, 0.362856434, -0.0349706688, 0.994525084, -7.55369226e-006, 0.104498123, 0.104498123, 5.53617056e-006, -0.994525084, 6.93381699e-006, 1, 6.29520715e-006, 0.994525075, -7.0550769e-006, 0.104498203, 0.104498203, 3.72897488e-006, -0.994525075, 6.62677972e-006, 1, 4.44580188e-006, 0, 0, 0, 0, 0, 0, 0, 0.177308569, 0.152343408, 0.144632031, -0.654723614, 0.682241594, 0.325118056, -0.641357422, -0.729003906, 0.238769531, 0.3999479, -0.0521928987, 0.914995285, 0, 0, -0, 0, 0, 0, 0, 0.260989355, 0.153056396, 0.153549512, -0.239839624, 0.812898119, -0.530634135, 0.395874023, -0.417114258, -0.817993164, -0.886371013, -0.406145518, -0.221720039, 0, 1, 5, 1, 
142.446158, 18, 0.1, 0.1, 0.0256398673, 0.362856435, -0.0349648381, 0.994525124, 1.95633799e-006, 0.104497738, 0.104497738, 3.03421793e-006, -0.994525124, -2.26269619e-006, 1, 2.81317307e-006, 0.994525117, 1.14209685e-005, 0.104497808, 0.104497808, -5.0893324e-006, -0.994525117, -1.08266159e-005, 1, -6.25493507e-006, 0, 0, 0, 0, 0, 0, 0, 0.177380591, 0.152287402, 0.144017334, -0.65322663, 0.685396565, 0.32178036, -0.643798828, -0.726318359, 0.240356445, 0.398474881, -0.0502207583, 0.915771108, 0, 0, -0, 0, 0, 0, 0, 0.260989355, 0.153056396, 0.153549512, -0.239839624, 0.812898119, -0.530634135, 0.395874023, -0.417114258, -0.817993164, -0.886371013, -0.406145518, -0.221720039, 0, 1, 5, 1, 
142.446853, 18, 0.1, 0.1, 0.0256398717, 0.362856437, -0.0349607826, 0.994525139, 2.50477503e-006, 0.104497594, 0.104497594, -9.06539248e-006, -0.994525139, -1.54375003e-006, 1, -9.27750368e-006, 0.994525139, -1.07681897e-005, 0.104497601, 0.104497601, -1.44016458e-005, -0.994525139, 1.22141728e-005, 1, -1.31975488e-005, 0, 0, 0, 0, 0, 0, 0, 0.177380591, 0.152287402, 0.144017334, -0.65322663, 0.685396565, 0.32178036, -0.643798828, -0.726318359, 0.240356445, 0.398474881, -0.0502207583, 0.915771108, 0, 0, -0, 0, 0, 0, 0, 0.260989355, 0.153056396, 0.153549512, -0.239839624, 0.812898119, -0.530634135, 0.395874023, -0.417114258, -0.817993164, -0.886371013, -0.406145518, -0.221720039, 0, 1, 5, 1, 
142.447567, 18, 0.1, 0.1, 0.0256398709, 0.362856437, -0.0349594645, 0.994525127, 5.24653437e-006, 0.104497711, 0.104497711, -1.22584e-005, -0.994525127, -3.93683552e-006, 1, -1.27395376e-005, 0.994525131, -1.43165262e-006, 0.104497672, 0.104497672, -1.00139045e-005, -0.994525131, 2.47024421e-006, 1, -9.80947527e-006, 0, 0, 0, 0, 0, 0, 0, 0.177380591, 0.152287402, 0.144017334, -0.65322663, 0.685396565, 0.32178036, -0.643798828, -0.726318359, 0.240356445, 0.398474881, -0.0502207583, 0.915771108, 0, 0, -0, 0, 0, 0, 0, 0.260989355, 0.153056396, 0.153549512, -0.239839624, 0.812898119, -0.530634135, 0.395874023, -0.417114258, -0.817993164, -0.886371013, -0.406145518, -0.221720039, 0, 1, 5, 1, 
142.448266, 18, 0.1, 0.1, 0.0256398717, 0.362856437, -0.034961109, 0.994525108, 5.6031015e-007, 0.104497895, 0.104497895, -5.26421275e-006, -0.994525108, -7.14335784e-009, 1, -5.29394299e-006, 0.99452511, 2.74303378e-007, 0.104497871, 0.104497871, 4.59070892e-006, -0.99452511, -7.52520903e-007, 1, 4.53691117e-006, 0, 0, 0, 0, 0, 0, 0, 0.177380591, 0.152287402, 0.144017334, -0.65322663, 0.685396565, 0.32178036, -0.643798828, -0.726318359, 0.240356445, 0.398474881, -0.0502207583, 0.915771108, 0, 0, -0, 0, 0, 0, 0, 0.260989355, 0.153056396, 0.153549512, -0.239839624, 0.812898119, -0.530634135, 0.395874023, -0.417114258, -0.817993164, -0.886371013, -0.406145518, -0.221720039, 0, 1, 5, 1, 
142.44899, 18, 0.1, 0.1, 0.0256398717, 0.362856435, -0.0349649386, 0.994525108, 1.48124701e-005, 0.104497893, 0.104497893, 9.47275868e-006, -0.994525108, -1.57212567e-005, 1, 7.87302444e-006, 0.994525106, 9.05700596e-006, 0.104497912, 0.104497912, 1.18470017e-005, -0.994525106, -1.02454068e-005, 1, 1.08357024e-005, 0, 0, 0, 0, 0, 0, 0, 0.177680249, 0.152181714, 0.143252759, -0.651835987, 0.687473542, 0.319958744, -0.644042969, -0.724609375, 0.244873047, 0.400232096, -0.0464711854, 0.91519448, 0, 0, -0, 0, 0, 0, 0, 0.261240186, 0.152592334, 0.152622852, -0.238945337, 0.812112473, -0.532032985, 0.393066406, -0.420043945, -0.817871094, -0.887872675, -0.404509695, -0.218921239, 0, 1, 5, 1, 
142.449702, 18, 0.1, 0.1, 0.0256398725, 0.362856434, -0.0349696563, 0.994525132, -1.34531672e-005, 0.104497665, 0.104497665, 9.12318403e-006, -0.994525132, 1.24261615e-005, 1, 1.04790604e-005, 0.994525126, -1.26015215e-005, 0.104497724, 0.104497724, 6.41749594e-006, -0.994525126, 1.18619161e-005, 1, 7.69919127e-006, 0, 0, 0, 0, 0, 0, 0, 0.177680249, 0.152181714, 0.143252759, -0.651835987, 0.687473542, 0.319958744, -0.644042969, -0.724609375, 0.244873047, 0.400232096, -0.0464711854, 0.91519448, 0, 0, -0, 0, 0, 0, 0, 0.261240186, 0.152592334, 0.152622852, -0.238945337, 0.812112473, -0.532032985, 0.393066406, -0.420043945, -0.817871094, -0.887872675, -0.404509695, -0.218921239, 0, 1, 5, 1, 
142.4504, 18, 0.1, 0.1, 0.025639872, 0.362856436, -0.0349738917, 0.994525169, 3.26842751e-006, 0.104497307, 0.104497307, -1.94149489e-005, -0.994525169, -1.22172355e-006, 1, -1.96501972e-005, 0.994525161, 7.9829977e-006, 0.104497391, 0.104497391, -1.75469027e-005, -0.994525161, -6.10568652e-006, 1, -1.82850387e-005, 0, 0, 0, 0, 0, 0, 0, 0.177680249, 0.152181714, 0.143252759, -0.651835987, 0.687473542, 0.319958744, -0.644042969, -0.724609375, 0.244873047, 0.400232096, -0.0464711854, 0.91519448, 0, 0, -0, 0, 0, 0, 0, 0.261240186, 0.152592334, 0.152622852, -0.238945337, 0.812112473, -0.532032985, 0.393066406, -0.420043945, -0.817871094, -0.887872675, -0.404509695, -0.218921239, 0, 1, 5, 1, 
142.451096, 18, 0.1, 0.1, 0.0256398748, 0.362856436, -0.0349765933, 0.994525225, 1.45946086e-007, 0.104496782, 0.104496782, 1.36321309e-005, -0.994525225, -1.56966088e-006, 1, 1.35422471e-005, 0.994525212, -8.15878397e-006, 0.104496905, 0.104496905, 1.01888948e-005, -0.994525212, 7.04940838e-006, 1, 1.09856805e-005, 0, 0, 0, 0, 0, 0, 0, 0.177680249, 0.152181714, 0.143252759, -0.651835987, 0.687473542, 0.319958744, -0.644042969, -0.724609375, 0.244873047, 0.400232096, -0.0464711854, 0.91519448, 0, 0, -0, 0, 0, 0, 0, 0.261240186, 0.152592334, 0.152622852, -0.238945337, 0.812112473, -0.532032985, 0.393066406, -0.420043945, -0.817871094, -0.887872675, -0.404509695, -0.218921239, 0, 1, 5, 1, 
142.451796, 18, 0.1, 0.1, 0.0256398752, 0.362856436, -0.0349770544, 0.994525295, -8.4951313e-006, 0.104496116, 0.104496116, -1.09307717e-005, -0.994525295, 9.59084615e-006, 1, -9.98322072e-006, 0.99452528, -5.00041139e-006, 0.104496256, 0.104496256, -9.76332909e-006, -0.99452528, 5.99326688e-006, 1, -9.18735333e-006, 0, 0, 0, 0, 0, 0, 0, 0.177680249, 0.152181714, 0.143252759, -0.651835987, 0.687473542, 0.319958744, -0.644042969, -0.724609375, 0.244873047, 0.400232096, -0.0464711854, 0.91519448, 0, 0, -0, 0, 0, 0, 0, 0.261240186, 0.152592334, 0.152622852, -0.238945337, 0.812112473, -0.532032985, 0.393066406, -0.420043945, -0.817871094, -0.887872675, -0.404509695, -0.218921239, 0, 1, 5, 1, 
142.452492, 18, 0.1, 0.1, 0.0256398747, 0.362856435, -0.0349752782, 0.99452537, 8.98556148e-006, 0.1044954, 0.104495401, -1.88212463e-006, -0.99452537, -8.73969549e-006, 1, -2.81077054e-006, 0.994525354, 8.90372642e-006, 0.104495547, 0.104495547, 3.67566089e-006, -0.994525354, -9.23907187e-006, 1, 2.72513818e-006, 0, 0, 0, 0, 0, 0, 0, 0.177680249, 0.152181714, 0.143252759, -0.651835987, 0.687473542, 0.319958744, -0.644042969, -0.724609375, 0.244873047, 0.400232096, -0.0464711854, 0.91519448, 0, 0, -0, 0, 0, 0, 0, 0.261240186, 0.152592334, 0.152622852, -0.238945337, 0.812112473, -0.532032985, 0.393066406, -0.420043945, -0.817871094, -0.887872675, -0.404509695, -0.218921239, 0, 1, 5, 1, 
142.45319, 18, 0.1, 0.1, 0.0256398767, 0.362856435, -0.0349719535, 0.994525447, -3.43201252e-006, 0.104494669, 0.104494669, 1.28516548e-006, -0.994525447, 3.27893085e-006, 1, 1.63675678e-006, 0.994525432, -9.46545647e-006, 0.10449481, 0.10449481, 1.89324736e-006, -0.994525432, 9.21580266e-006, 1, 2.87197373e-006, 0, 0, 0, 0, 0, 0, 0, 0.177680249, 0.152181714, 0.143252759, -0.651835987, 0.687473542, 0.319958744, -0.644042969, -0.724609375, 0.244873047, 0.400232096, -0.0464711854, 0.91519448, 0, 0, -0, 0, 0, 0, 0, 0.261240186, 0.152592334, 0.152622852, -0.238945337, 0.812112473, -0.532032985, 0.393066406, -0.420043945, -0.817871094, -0.887872675, -0.404509695, -0.218921239, 0, 1, 5, 1, 
142.453918, 18, 0.1, 0.1, 0.0256398741, 0.362856434, -0.0349676641, 0.994525517, -6.55203569e-006, 0.104493999, 0.104493999, 1.07599314e-005, -0.994525517, 5.39181842e-006, 1, 1.13856748e-005, 0.994525506, 5.92548882e-006, 0.104494104, 0.104494104, 8.57570439e-006, -0.994525506, -6.78916032e-006, 1, 7.9095781e-006, 0, 0, 0, 0, 0, 0, 0, 0.178023975, 0.15189624, 0.142264941, -0.649582276, 0.690438675, 0.318137128, -0.645263672, -0.721923828, 0.249389648, 0.401976206, -0.0433566501, 0.914617852, 0, 0, -0, 0, 0, 0, 0, 0.261709375, 0.152323193, 0.151884766, -0.238197971, 0.810988143, -0.534089882, 0.390380859, -0.423461914, -0.817382812, -0.889144293, -0.403154954, -0.215700632, 0, 1, 5, 1, 
142.454617, 18, 0.1, 0.1, 0.0256398742, 0.362856437, -0.0349642961, 0.994525554, 1.72985274e-005, 0.104493648, 0.104493649, -1.95925037e-005, -0.994525554, -1.51565353e-005, 1, -2.12928319e-005, 0.994525549, 1.13238858e-005, 0.104493693, 0.104493694, -2.01334543e-005, -0.994525549, -9.15807471e-006, 1, -2.12065094e-005, 0, 0, 0, 0, 0, 0, 0, 0.178023975, 0.15189624, 0.142264941, -0.649582276, 0.690438675, 0.318137128, -0.645263672, -0.721923828, 0.249389648, 0.401976206, -0.0433566501, 0.914617852, 0, 0, -0, 0, 0, 0, 0, 0.261709375, 0.152323193, 0.151884766, -0.238197971, 0.810988143, -0.534089882, 0.390380859, -0.423461914, -0.817382812, -0.889144293, -0.403154954, -0.215700632, 0, 1, 5, 1, 
142.455318, 18, 0.1, 0.1, 0.0256398757, 0.362856432, -0.0349626861, 0.99452557, -1.69245051e-005, 0.10449349, 0.104493491, 3.07610522e-005, -0.99452557, 1.36175234e-005, 0.999999999, 3.23611536e-005, 0.994525567, -1.64058213e-005, 0.104493523, 0.104493523, 2.71571793e-005, -0.994525567, 1.34782594e-005, 0.999999999, 2.87228112e-005, 0, 0, 0, 0, 0, 0, 0, 0.178023975, 0.15189624, 0.142264941, -0.649582276, 0.690438675, 0.318137128, -0.645263672, -0.721923828, 0.249389648, 0.401976206, -0.0433566501, 0.914617852, 0, 0, -0, 0, 0, 0, 0, 0.261709375, 0.152323193, 0.151884766, -0.238197971, 0.810988143, -0.534089882, 0.390380859, -0.423461914, -0.817382812, -0.889144293, -0.403154954, -0.215700632, 0, 1, 5, 1, 
142.456016, 18, 0.1, 0.1, 0.0256398746, 0.362856433, -0.0349632015, 0.994525601, 5.08487463e-006, 0.104493198, 0.104493198, -3.66482521e-005, -0.994525601, -1.22754494e-006, 0.999999999, -3.69789598e-005, 0.994525591, 1.12878632e-005, 0.104493293, 0.104493293, -2.09599317e-005, -0.994525591, -9.03589655e-006, 1, -2.20246944e-005, 0, 0, 0, 0, 0, 0, 0, 0.178023975, 0.15189624, 0.142264941, -0.649582276, 0.690438675, 0.318137128, -0.645263672, -0.721923828, 0.249389648, 0.401976206, -0.0433566501, 0.914617852, 0, 0, -0, 0, 0, 0, 0, 0.261709375, 0.152323193, 0.151884766, -0.238197971, 0.810988143, -0.534089882, 0.390380859, -0.423461914, -0.817382812, -0.889144293, -0.403154954, -0.215700632, 0, 1, 5, 1, 
142.456728, 18, 0.1, 0.1, 0.0256398788, 0.362856443, -0.0349654971, 0.994525667, -3.2410481e-006, 0.104492569, 0.104492569, -3.09040021e-006, -0.994525667, 3.54622938e-006, 1, -2.73481689e-006, 0.994525653, -1.25032196e-005, 0.104492701, 0.1044927, -2.39456059e-005, -0.994525653, 1.49369137e-005, 1, -2.25080242e-005, 0, 0, 0, 0, 0, 0, 0, 0.178023975, 0.15189624, 0.142264941, -0.649582276, 0.690438675, 0.318137128, -0.645263672, -0.721923828, 0.249389648, 0.401976206, -0.0433566501, 0.914617852, 0, 0, -0, 0, 0, 0, 0, 0.262103613, 0.152047461, 0.150302539, -0.238358019, 0.809729651, -0.535961212, 0.385986328, -0.427368164, -0.817382812, -0.891124998, -0.401691572, -0.210742122, 0, 1, 5, 1, 
142.457428, 18, 0.1, 0.1, 0.0256398722, 0.362856427, -0.0349687574, 0.994525731, 1.76378604e-005, 0.104491965, 0.104491964, 5.37816995e-005, -0.994525729, -2.31610615e-005, 0.999999998, 5.16442693e-005, 0.994525719, 2.32777915e-005, 0.104492071, 0.10449207, 5.78359159e-005, -0.994525718, -2.9193757e-005, 0.999999998, 5.50869613e-005, 0, 0, 0, 0, 0, 0, 0, 0.178023975, 0.15189624, 0.142264941, -0.649582276, 0.690438675, 0.318137128, -0.645263672, -0.721923828, 0.249389648, 0.401976206, -0.0433566501, 0.914617852, 0, 0, -0, 0, 0, 0, 0, 0.262103613, 0.152047461, 0.150302539, -0.238358019, 0.809729651, -0.535961212, 0.385986328, -0.427368164, -0.817382812, -0.891124998, -0.401691572, -0.210742122, 0, 1, 5, 1, 
142.458128, 18, 0.1, 0.1, 0.0256398754, 0.362856425, -0.0349720458, 0.994525765, -1.28921497e-005, 0.104491636, 0.104491636, -3.80786334e-005, -0.994525765, 1.68004738e-005, 0.999999999, -3.65230602e-005, 0.994525763, -1.56708995e-005, 0.104491655, 0.104491654, -2.01555697e-005, -0.994525763, 1.76912022e-005, 1, -1.84077552e-005, 0, 0, 0, 0, 0, 0, 0, 0.178023975, 0.15189624, 0.142264941, -0.649582276, 0.690438675, 0.318137128, -0.645263672, -0.721923828, 0.249389648, 0.401976206, -0.0433566501, 0.914617852, 0, 0, -0, 0, 0, 0, 0, 0.262103613, 0.152047461, 0.150302539, -0.238358019, 0.809729651, -0.535961212, 0.385986328, -0.427368164, -0.817382812, -0.891124998, -0.401691572, -0.210742122, 0, 1, 5, 1, 
142.45884, 18, 0.1, 0.1, 0.0256398707, 0.362856442, -0.0349743478, 0.99452575, 2.87230247e-005, 0.104491775, 0.104491776, -3.40716662e-005, -0.99452575, -2.50055789e-005, 0.999999999, -3.68864693e-005, 0.994525756, 2.61438303e-005, 0.10449172, 0.104491721, -4.55453417e-005, -0.994525755, -2.12416014e-005, 0.999999999, -4.80278292e-005, 0, 0, 0, 0, 0, 0, 0, 0.178376489, 0.151612109, 0.141505127, -0.647169806, 0.693422903, 0.316416984, -0.646484375, -0.719238281, 0.254150391, 0.403942355, -0.0401215475, 0.913901561, 0, 0, -0, 0, 0, 0, 0, 0.262103613, 0.152047461, 0.150302539, -0.238358019, 0.809729651, -0.535961212, 0.385986328, -0.427368164, -0.817382812, -0.891124998, -0.401691572, -0.210742122, 0, 1, 5, 1, 
142.459536, 18, 0.1, 0.1, 0.0256398697, 0.362856435, -0.0349750537, 0.994525701, -2.10613593e-005, 0.104492246, 0.104492247, 4.89016757e-005, -0.9945257, 1.58362172e-005, 0.999999999, 5.08347221e-005, 0.994525713, -1.04430709e-005, 0.104492133, 0.104492134, 3.85200916e-005, -0.994525712, 6.36085596e-006, 0.999999999, 3.94004403e-005, 0, 0, 0, 0, 0, 0, 0, 0.178376489, 0.151612109, 0.141505127, -0.647169806, 0.693422903, 0.316416984, -0.646484375, -0.719238281, 0.254150391, 0.403942355, -0.0401215475, 0.913901561, 0, 0, -0, 0, 0, 0, 0, 0.262103613, 0.152047461, 0.150302539, -0.238358019, 0.809729651, -0.535961212, 0.385986328, -0.427368164, -0.817382812, -0.891124998, -0.401691572, -0.210742122, 0, 1, 5, 1, 
142.460237, 18, 0.1, 0.1, 0.0256398764, 0.362856419, -0.0349741868, 0.994525643, -5.87641039e-007, 0.104492803, 0.104492803, 2.36175476e-005, -0.994525643, -1.88343966e-006, 1, 2.3549661e-005, 0.994525655, -1.43481793e-005, 0.104492689, 0.104492689, 3.85121933e-005, -0.994525654, 1.02453897e-005, 0.999999999, 3.98006441e-005, 0, 0, 0, 0, 0, 0, 0, 0.178376489, 0.151612109, 0.141505127, -0.647169806, 0.693422903, 0.316416984, -0.646484375, -0.719238281, 0.254150391, 0.403942355, -0.0401215475, 0.913901561, 0, 0, -0, 0, 0, 0, 0, 0.262103613, 0.152047461, 0.150302539, -0.238358019, 0.809729651, -0.535961212, 0.385986328, -0.427368164, -0.817382812, -0.891124998, -0.401691572, -0.210742122, 0, 1, 5, 1, 
142.460947, 18, 0.1, 0.1, 0.0256398738, 0.36285643, -0.0349719827, 0.994525622, 2.88790054e-006, 0.104493005, 0.104493005, -5.56078199e-005, -0.99452562, 2.93853713e-006, 0.999999998, -5.56051671e-005, 0.994525623, 5.1140709e-006, 0.104492987, 0.104492988, -4.97491496e-005, -0.994525622, 1.12362719e-007, 0.999999999, -5.00111886e-005, 0, 0, 0, 0, 0, 0, 0, 0.178376489, 0.151612109, 0.141505127, -0.647009925, 0.694580646, 0.314176378, -0.645019531, -0.718383789, 0.260253906, 0.406512463, -0.0343725031, 0.913020518, 0, 0, -0, 0, 0, 0, 0, 0.262103613, 0.152047461, 0.150302539, -0.238358019, 0.809729651, -0.535961212, 0.385986328, -0.427368164, -0.817382812, -0.891124998, -0.401691572, -0.210742122, 0, 1, 5, 1, 
142.461658, 18, 0.1, 0.1, 0.025639872, 0.36285644, -0.0349690258, 0.994525604, -5.46088986e-006, 0.104493169, 0.104493169, 7.56467085e-006, -0.994525604, 4.64053835e-006, 1, 8.09388454e-006, 0.99452561, 5.9956391e-006, 0.104493113, 0.104493113, -1.47890383e-005, -0.99452561, -4.41746399e-006, 1, -1.53345803e-005, 0, 0, 0, 0, 0, 0, 0, 0.178615723, 0.15168877, 0.140494971, -0.647009925, 0.694580646, 0.314176378, -0.645019531, -0.718383789, 0.260253906, 0.406512463, -0.0343725031, 0.913020518, 0, 0, -0, 0, 0, 0, 0, 0.262481982, 0.152067822, 0.149246729, -0.239316472, 0.807026732, -0.539513208, 0.384887695, -0.431274414, -0.815917969, -0.891348479, -0.402834859, -0.207310428, 0, 1, 5, 1, 
142.46236, 18, 0.1, 0.1, 0.0256398741, 0.362856428, -0.0349664921, 0.994525593, -3.06742646e-006, 0.104493275, 0.104493275, 2.48806383e-005, -0.994525593, 4.50774744e-007, 1, 2.5064957e-005, 0.994525594, -2.58690187e-008, 0.104493269, 0.104493269, 3.53043244e-005, -0.994525593, -3.66333688e-006, 0.999999999, 3.51137573e-005, 0, 0, 0, 0, 0, 0, 0, 0.178615723, 0.15168877, 0.140494971, -0.647009925, 0.694580646, 0.314176378, -0.645019531, -0.718383789, 0.260253906, 0.406512463, -0.0343725031, 0.913020518, 0, 0, -0, 0, 0, 0, 0, 0.262481982, 0.152067822, 0.149246729, -0.239316472, 0.807026732, -0.539513208, 0.384887695, -0.431274414, -0.815917969, -0.891348479, -0.402834859, -0.207310428, 0, 1, 5, 1, 
142.463054, 18, 0.1, 0.1, 0.0256398726, 0.362856434, -0.0349650966, 0.994525582, 1.18344158e-005, 0.104493377, 0.104493378, -3.2271703e-005, -0.994525582, -8.39745004e-006, 0.999999999, -3.33316523e-005, 0.994525586, 1.044759e-005, 0.104493345, 0.104493346, -3.24827771e-005, -0.994525585, -6.99616153e-006, 0.999999999, -3.33966566e-005, 0, 0, 0, 0, 0, 0, 0, 0.178615723, 0.15168877, 0.140494971, -0.647009925, 0.694580646, 0.314176378, -0.645019531, -0.718383789, 0.260253906, 0.406512463, -0.0343725031, 0.913020518, 0, 0, -0, 0, 0, 0, 0, 0.262481982, 0.152067822, 0.149246729, -0.239316472, 0.807026732, -0.539513208, 0.384887695, -0.431274414, -0.815917969, -0.891348479, -0.402834859, -0.207310428, 0, 1, 5, 1, 
142.46411, 18, 0.1, 0.1, 0.0256398783, 0.362856424, -0.0349617468, 0.994525584, -2.01667525e-006, 0.104493367, 0.104493367, 4.63706767e-005, -0.994525582, -2.83979301e-006, 0.999999999, 4.63275535e-005, 0.994525577, -1.70223562e-005, 0.104493432, 0.104493433, 4.08240252e-005, -0.994525576, 1.26633261e-005, 0.999999999, 4.23792616e-005, 0, 0, 0, 0, 0, 0, 0, 0.178615723, 0.15168877, 0.140494971, -0.647009925, 0.694580646, 0.314176378, -0.645019531, -0.718383789, 0.260253906, 0.406512463, -0.0343725031, 0.913020518, 0, 0, -0, 0, 0, 0, 0, 0.262481982, 0.152067822, 0.149246729, -0.239316472, 0.807026732, -0.539513208, 0.384887695, -0.431274414, -0.815917969, -0.891348479, -0.402834859, -0.207310428, 0, 1, 5, 1, 
142.465275, 18, 0.1, 0.1, 0.0256398778, 0.362856427, -0.0349529163, 0.994525629, 4.27365452e-006, 0.104492934, 0.104492934, -3.73138316e-005, -0.994525628, -3.51227196e-007, 0.999999999, -3.75561286e-005, 0.99452562, -1.29225868e-006, 0.104493015, 0.104493015, -3.57017898e-005, -0.99452562, 5.01577203e-006, 0.999999999, -3.53713127e-005, 0, 0, 0, 0, 0, 0, 0, 0.178615723, 0.15168877, 0.140494971, -0.647009925, 0.694580646, 0.314176378, -0.645019531, -0.718383789, 0.260253906, 0.406512463, -0.0343725031, 0.913020518, 0, 0, -0, 0, 0, 0, 0, 0.262481982, 0.152067822, 0.149246729, -0.239316472, 0.807026732, -0.539513208, 0.384887695, -0.431274414, -0.815917969, -0.891348479, -0.402834859, -0.207310428, 0, 1, 5, 1, 
142.466459, 18, 0.1, 0.1, 0.0256398725, 0.362856427, -0.0349431483, 0.994525702, 1.18824216e-005, 0.104492237, 0.104492237, -1.10926301e-005, -0.994525702, -1.065828e-005, 1, -1.22735266e-005, 0.994525684, 2.35532832e-005, 0.104492408, 0.104492408, 1.13431473e-005, -0.994525684, -2.46096179e-005, 1, 8.8199121e-006, 0, 0, 0, 0, 0, 0, 0, 0.178930884, 0.151385474, 0.139483472, -0.645365043, 0.697089718, 0.311916675, -0.645019531, -0.716186523, 0.266235352, 0.409094554, -0.0294554479, 0.912018909, 0, 0, -0, 0, 0, 0, 0, 0.262658594, 0.151851758, 0.148144531, -0.2398852, 0.804055492, -0.543819134, 0.383422852, -0.436157227, -0.813964844, -0.891776482, -0.403760862, -0.20371249, 0, 1, 5, 1, 
142.467596, 18, 0.1, 0.1, 0.02563988, 0.362856417, -0.034937563, 0.994525851, 8.0449747e-006, 0.104490821, 0.104490821, 3.0689126e-005, -0.994525851, -1.12076673e-005, 0.999999999, 2.96805031e-005, 0.994525815, 4.83844979e-007, 0.10449116, 0.10449116, 3.92714362e-005, -0.994525815, -4.58471425e-006, 0.999999999, 3.90058996e-005, 0, 0, 0, 0, 0, 0, 0, 0.178930884, 0.151385474, 0.139483472, -0.645365043, 0.697089718, 0.311916675, -0.645019531, -0.716186523, 0.266235352, 0.409094554, -0.0294554479, 0.912018909, 0, 0, -0, 0, 0, 0, 0, 0.262658594, 0.151851758, 0.148144531, -0.2398852, 0.804055492, -0.543819134, 0.383422852, -0.436157227, -0.813964844, -0.891776482, -0.403760862, -0.20371249, 0, 1, 5, 1, 
142.468733, 18, 0.1, 0.1, 0.0256398777, 0.362856441, -0.0349385088, 0.994526017, -8.10465981e-007, 0.104489244, 0.104489243, -4.83599957e-005, -0.994526016, 5.85912887e-006, 0.999999999, -4.80105889e-005, 0.994525987, 1.10171811e-005, 0.104489531, 0.104489531, -6.51323957e-005, -0.994525984, -4.15121938e-006, 0.999999998, -6.59270401e-005, 0, 0, 0, 0, 0, 0, 0, 0.178930884, 0.151385474, 0.139483472, -0.645365043, 0.697089718, 0.311916675, -0.645019531, -0.716186523, 0.266235352, 0.409094554, -0.0294554479, 0.912018909, 0, 0, -0, 0, 0, 0, 0, 0.262658594, 0.151851758, 0.148144531, -0.2398852, 0.804055492, -0.543819134, 0.383422852, -0.436157227, -0.813964844, -0.891776482, -0.403760862, -0.20371249, 0, 1, 5, 1, 
