time, trialNum, realDorsalTactorPos, realVentralTactorPos, boxPosX, boxPosY, boxPosZ, boxLocalRot_11, boxLocalRot_12, boxLocalRot_13, boxLocalRot_21, boxLocalRot_22, boxLocalRot_23, boxLocalRot_31, boxLocalRot_32, boxLocalRot_33, boxGlobalRot_11, boxGlobalRot_12, boxGlobalRot_13, boxGlobalRot_21, boxGlobalRot_22, boxGlobalRot_23, boxGlobalRot_31, boxGlobalRot_32, boxGlobalRot_33, indexForceX, indexForceY, indexForceZ, indexForceGlobalX, indexForceGlobalY, indexForceGlobalZ, indexContact, indexPosX, indexPosY, indexPosZ, indexRot_11, indexRot_12, indexRot_13, indexRot_21, indexRot_22, indexRot_23, indexRot_31, indexRot_32, indexRot_33, thumbForceX, thumbForceY, thumbForceZ, thumbForceGlobalX, thumbForceGlobalY, thumbForceGlobalZ, thumbContact, thumbPosX, thumbPosY, thumbPosZ, thumbRot_11, thumbRot_12, thumbRot_13, thumbRot_21, thumbRot_22, thumbRot_23, thumbRot_31, thumbRot_32, thumbRot_33, manipForceTooHigh, cceExpType, mapping, trialSuccess, 
160.122622, 23, 0.1, 0.1, 0.0079779403, 0.362178407, -0.0349812915, 0.999979287, -0.0064362439, -1.0576464e-005, -0.00643624384, -0.999979287, 5.41377672e-006, -1.06110893e-005, -5.34559188e-006, -1, 0.999979288, -0.00643609973, -3.49455384e-006, -0.00643609974, -0.999979288, -3.58033375e-006, -3.47143808e-006, 3.60275089e-006, -1, 0, 0, 0, 0, 0, 0, 0, 0.160551001, 0.140410791, 0.144678735, -0.637534941, 0.667333173, 0.384951342, -0.607910156, -0.742553711, 0.280883789, 0.473358113, -0.0550224981, 0.879193541, 0, 0, 0, 0, 0, 0, 0, 0.245543652, 0.133735449, 0.122756689, -0.384206915, 0.624683033, -0.67971458, 0.144287109, -0.686523438, -0.712524414, -0.911855014, -0.371798186, 0.173676311, 0, 1, 5, 1, 
160.155301, 23, 0.1, 0.1, 0.00797793174, 0.362178401, -0.0349441552, 0.999979287, -0.0064363032, 6.82924449e-006, -0.00643630304, -0.999979287, -2.31812704e-005, 6.97830472e-006, 2.31368351e-005, -1, 0.999979288, -0.0064361316, 1.81174327e-005, -0.00643613179, -0.999979288, 1.02293465e-005, 1.80512201e-005, -1.03457408e-005, -1, 0, 0, 0, 0, 0, 0, 0, 0.162248438, 0.142870239, 0.143643433, -0.637611683, 0.669109127, 0.3814414, -0.628295898, -0.73828125, 0.244873047, 0.445562082, -0.0836063345, 0.891367103, 0, 0, 0, 0, 0, 0, 0, 0.247727295, 0.135853027, 0.124004639, -0.358101207, 0.656350993, -0.664027189, 0.146606445, -0.662719727, -0.73425293, -0.921999178, -0.360123245, 0.141202648, 0, 1, 5, 1, 
160.156476, 23, 0.1, 0.1, 0.00797792615, 0.362178395, -0.0349443393, 0.999979277, -0.00643776325, 3.85645503e-005, -0.00643776449, -0.999979277, 3.2032093e-005, 3.83575361e-005, -3.22796987e-005, -0.999999999, 0.99997928, -0.0064373911, -1.0167199e-006, -0.00643739108, -0.99997928, 1.54313764e-005, -1.11603664e-006, -1.54245116e-005, -1, 0, 0, 0, 0, 0, 0, 0, 0.162248438, 0.142870239, 0.143643433, -0.637611683, 0.669109127, 0.3814414, -0.628295898, -0.73828125, 0.244873047, 0.445562082, -0.0836063345, 0.891367103, 0, 0, 0, 0, 0, 0, 0, 0.247727295, 0.135853027, 0.124004639, -0.358101207, 0.656350993, -0.664027189, 0.146606445, -0.662719727, -0.73425293, -0.921999178, -0.360123245, 0.141202648, 0, 1, 5, 1, 
160.15762, 23, 0.1, 0.1, 0.00797793962, 0.362178394, -0.0349472737, 0.999979263, -0.00643994032, -3.84060729e-005, -0.00643994108, -0.999979263, -1.9836519e-005, -3.82775305e-005, 2.00834405e-005, -0.999999999, 0.999979267, -0.00643942337, 6.69043503e-006, -0.0064394232, -0.999979266, -2.45416313e-005, 6.84833026e-006, 2.449804e-005, -1, 0, 0, 0, 0, 0, 0, 0, 0.162248438, 0.142870239, 0.143643433, -0.637611683, 0.669109127, 0.3814414, -0.628295898, -0.73828125, 0.244873047, 0.445562082, -0.0836063345, 0.891367103, 0, 0, 0, 0, 0, 0, 0, 0.247727295, 0.135853027, 0.124004639, -0.358101207, 0.656350993, -0.664027189, 0.146606445, -0.662719727, -0.73425293, -0.921999178, -0.360123245, 0.141202648, 0, 1, 5, 1, 
160.158829, 23, 0.1, 0.1, 0.00797791131, 0.362178413, -0.0349506309, 0.999979241, -0.00644333902, 2.64691093e-006, -0.00644333909, -0.999979241, 3.07244491e-005, 2.44888794e-006, -3.07408663e-005, -1, 0.999979245, -0.00644265767, -3.40687152e-005, -0.00644265608, -0.999979245, 4.66866019e-005, -3.43687938e-005, -4.64661399e-005, -0.999999998, 0, 0, 0, 0, 0, 0, 0, 0.162443604, 0.14293335, 0.143288477, -0.637943428, 0.67037808, 0.378757838, -0.630615234, -0.737060547, 0.242553711, 0.441906868, -0.0841780928, 0.893151649, 0, 0, 0, 0, 0, 0, 0, 0.248087744, 0.1360979, 0.123855371, -0.355641459, 0.659290518, -0.662378973, 0.145019531, -0.661132813, -0.735961914, -0.923213561, -0.357727662, 0.139534742, 0, 1, 5, 1, 
160.159957, 23, 0.1, 0.1, 0.00797791774, 0.362178387, -0.034952828, 0.999979216, -0.00644733797, -7.98573397e-006, -0.00644733844, -0.999979214, -6.02612562e-005, -7.59704329e-006, 6.03114904e-005, -0.999999998, 0.999979221, -0.00644651626, -1.36753123e-006, -0.00644651634, -0.999979219, -6.89298715e-005, -9.23145274e-007, 6.89372551e-005, -0.999999998, 0, 0, 0, 0, 0, 0, 0, 0.162443604, 0.14293335, 0.143288477, -0.637943428, 0.67037808, 0.378757838, -0.630615234, -0.737060547, 0.242553711, 0.441906868, -0.0841780928, 0.893151649, 0, 0, 0, 0, 0, 0, 0, 0.248087744, 0.1360979, 0.123855371, -0.355641459, 0.659290518, -0.662378973, 0.145019531, -0.661132813, -0.735961914, -0.923213561, -0.357727662, 0.139534742, 0, 1, 5, 1, 
160.161086, 23, 0.1, 0.1, 0.00797792293, 0.362178391, -0.0349539327, 0.99997919, -0.00645125896, -7.33835014e-006, -0.0064512588, -0.99997919, 2.14451729e-005, -7.47654579e-006, -2.1397385e-005, -1, 0.999979195, -0.00645056436, 1.40933666e-005, -0.00645056475, -0.999979194, 2.84791938e-005, 1.39093665e-005, -2.85695115e-005, -0.999999999, 0, 0, 0, 0, 0, 0, 0, 0.162443604, 0.14293335, 0.143288477, -0.637943428, 0.67037808, 0.378757838, -0.630615234, -0.737060547, 0.242553711, 0.441906868, -0.0841780928, 0.893151649, 0, 0, 0, 0, 0, 0, 0, 0.248087744, 0.1360979, 0.123855371, -0.355641459, 0.659290518, -0.662378973, 0.145019531, -0.661132813, -0.735961914, -0.923213561, -0.357727662, 0.139534742, 0, 1, 5, 1, 
160.162216, 23, 0.1, 0.1, 0.00797792361, 0.362178373, -0.0349534516, 0.999979173, -0.00645390697, 7.90132166e-006, -0.00645390669, -0.999979173, -3.47870868e-005, 8.12566972e-006, 3.47353679e-005, -0.999999999, 0.999979176, -0.00645345909, 1.55875331e-005, -0.00645345833, -0.999979175, -4.86761644e-005, 1.59013381e-005, 4.85745572e-005, -0.999999999, 0, 0, 0, 0, 0, 0, 0, 0.162443604, 0.14293335, 0.143288477, -0.637943428, 0.67037808, 0.378757838, -0.630615234, -0.737060547, 0.242553711, 0.441906868, -0.0841780928, 0.893151649, 0, 0, 0, 0, 0, 0, 0, 0.248087744, 0.1360979, 0.123855371, -0.355641459, 0.659290518, -0.662378973, 0.145019531, -0.661132813, -0.735961914, -0.923213561, -0.357727662, 0.139534742, 0, 1, 5, 1, 
160.163045, 23, 0.1, 0.1, 0.00797792047, 0.362178384, -0.0349540163, 0.999979162, -0.00645566276, 2.0203188e-005, -0.00645566352, -0.999979161, 3.79840713e-005, 1.99575546e-005, -3.81137047e-005, -0.999999999, 0.999979164, -0.00645531549, -1.5012177e-006, -0.00645531542, -0.999979163, 4.27753857e-005, -1.77731503e-006, -4.27648036e-005, -0.999999999, 0, 0, 0, 0, 0, 0, 0, 0.162443604, 0.14293335, 0.143288477, -0.638211894, 0.672104216, 0.375369967, -0.633178711, -0.735473633, 0.240478516, 0.437870855, -0.084204302, 0.895171338, 0, 0, 0, 0, 0, 0, 0, 0.248087744, 0.1360979, 0.123855371, -0.355641459, 0.659290518, -0.662378973, 0.145019531, -0.661132813, -0.735961914, -0.923213561, -0.357727662, 0.139534742, 0, 1, 5, 1, 
160.163754, 23, 0.1, 0.1, 0.0079779271, 0.362178378, -0.0349590199, 0.99997915, -0.00645750813, -7.75167731e-006, -0.00645750851, -0.999979149, -4.93870142e-005, -7.43259864e-006, 4.9436041e-005, -0.999999999, 0.999979153, -0.00645711663, 1.24135024e-005, -0.00645711612, -0.999979152, -4.0703173e-005, 1.26760687e-005, 4.06221691e-005, -0.999999999, 0, 0, 0, 0, 0, 0, 0, 0.162640845, 0.142798242, 0.142898242, -0.638211894, 0.672104216, 0.375369967, -0.633178711, -0.735473633, 0.240478516, 0.437870855, -0.084204302, 0.895171338, 0, 0, 0, 0, 0, 0, 0, 0.248246436, 0.135896533, 0.12390957, -0.352791986, 0.662044842, -0.66113324, 0.143066406, -0.66003418, -0.737426758, -0.924632467, -0.354737831, 0.138192762, 0, 1, 5, 1, 
160.164451, 23, 0.1, 0.1, 0.00797792028, 0.36217837, -0.0349666604, 0.999979137, -0.0064595328, -5.76983696e-006, -0.00645953271, -0.999979137, 1.55121624e-005, -5.86991791e-006, -1.54745683e-005, -1, 0.999979139, -0.00645912495, -1.88574046e-005, -0.00645912513, -0.99997914, -9.41786085e-006, -1.87961801e-005, 9.53946672e-006, -1, 0, 0, 0, 0, 0, 0, 0, 0.162640845, 0.142798242, 0.142898242, -0.638211894, 0.672104216, 0.375369967, -0.633178711, -0.735473633, 0.240478516, 0.437870855, -0.084204302, 0.895171338, 0, 0, 0, 0, 0, 0, 0, 0.248246436, 0.135896533, 0.12390957, -0.352791986, 0.662044842, -0.66113324, 0.143066406, -0.66003418, -0.737426758, -0.924632467, -0.354737831, 0.138192762, 0, 1, 5, 1, 
160.165145, 23, 0.1, 0.1, 0.00797792927, 0.362178386, -0.0349744183, 0.999979123, -0.00646160575, 3.00419591e-005, -0.00646160703, -0.999979123, 4.27052667e-005, 2.97653873e-005, -4.28984945e-005, -0.999999999, 0.999979126, -0.00646120994, 3.27410802e-005, -0.00646121154, -0.999979125, 4.91040045e-005, 3.24231254e-005, -4.93145265e-005, -0.999999998, 0, 0, 0, 0, 0, 0, 0, 0.162640845, 0.142798242, 0.142898242, -0.638211894, 0.672104216, 0.375369967, -0.633178711, -0.735473633, 0.240478516, 0.437870855, -0.084204302, 0.895171338, 0, 0, 0, 0, 0, 0, 0, 0.248246436, 0.135896533, 0.12390957, -0.352791986, 0.662044842, -0.66113324, 0.143066406, -0.66003418, -0.737426758, -0.924632467, -0.354737831, 0.138192762, 0, 1, 5, 1, 
160.165868, 23, 0.1, 0.1, 0.00797792867, 0.362178385, -0.0349801906, 0.999979111, -0.00646357385, -1.95260253e-005, -0.00646357445, -0.99997911, -3.1160577e-005, -1.93242087e-005, 3.1286134e-005, -0.999999999, 0.999979113, -0.00646318869, -1.28638025e-005, -0.00646318895, -0.999979113, -2.01217934e-005, -1.27334829e-005, 2.02045143e-005, -1, 0, 0, 0, 0, 0, 0, 0, 0.162973682, 0.143020508, 0.142512158, -0.640300854, 0.671921491, 0.372108655, -0.63269043, -0.735961914, 0.240600586, 0.435606283, -0.0814563386, 0.896429431, 0, 0, 0, 0, 0, 0, 0, 0.248246436, 0.135896533, 0.12390957, -0.351865616, 0.663591346, -0.660027866, 0.141357422, -0.659301758, -0.73840332, -0.925271558, -0.353102375, 0.138186198, 0, 1, 5, 1, 
160.166565, 23, 0.1, 0.1, 0.00797792315, 0.362178374, -0.0349821552, 0.9999791, -0.00646519831, -1.8920129e-006, -0.00646519835, -0.9999791, -1.96983464e-005, -1.76461964e-006, 1.9710167e-005, -1, 0.999979102, -0.00646489234, -1.12892281e-005, -0.00646489267, -0.999979102, -2.95528884e-005, -1.1097936e-005, 2.96252544e-005, -0.999999999, 0, 0, 0, 0, 0, 0, 0, 0.162973682, 0.143020508, 0.142512158, -0.640300854, 0.671921491, 0.372108655, -0.63269043, -0.735961914, 0.240600586, 0.435606283, -0.0814563386, 0.896429431, 0, 0, 0, 0, 0, 0, 0, 0.248517529, 0.136033252, 0.123759326, -0.351865616, 0.663591346, -0.660027866, 0.141357422, -0.659301758, -0.73840332, -0.925271558, -0.353102375, 0.138186198, 0, 1, 5, 1, 
160.16726, 23, 0.1, 0.1, 0.00797792954, 0.36217838, -0.0349803225, 0.999979092, -0.00646649062, 1.98834716e-005, -0.00646649126, -0.999979092, 3.23866396e-005, 1.96736279e-005, -3.25145388e-005, -0.999999999, 0.999979093, -0.00646626515, 2.3105479e-005, -0.00646626581, -0.999979093, 2.8900117e-005, 2.29181201e-005, -2.90489189e-005, -0.999999999, 0, 0, 0, 0, 0, 0, 0, 0.162973682, 0.143020508, 0.142512158, -0.640300854, 0.671921491, 0.372108655, -0.63269043, -0.735961914, 0.240600586, 0.435606283, -0.0814563386, 0.896429431, 0, 0, 0, 0, 0, 0, 0, 0.248517529, 0.136033252, 0.123759326, -0.351865616, 0.663591346, -0.660027866, 0.141357422, -0.659301758, -0.73840332, -0.925271558, -0.353102375, 0.138186198, 0, 1, 5, 1, 
160.167954, 23, 0.1, 0.1, 0.00797792676, 0.362178384, -0.0349755397, 0.999979086, -0.00646742374, -2.26746759e-005, -0.00646742406, -0.999979086, -1.40604964e-005, -2.25832665e-005, 1.4206849e-005, -1, 0.999979087, -0.00646728036, -1.90452038e-005, -0.00646728031, -0.999979087, 2.98831515e-006, -1.90641318e-005, -2.86508199e-006, -1, 0, 0, 0, 0, 0, 0, 0, 0.162973682, 0.143020508, 0.142512158, -0.640300854, 0.671921491, 0.372108655, -0.63269043, -0.735961914, 0.240600586, 0.435606283, -0.0814563386, 0.896429431, 0, 0, 0, 0, 0, 0, 0, 0.248517529, 0.136033252, 0.123759326, -0.351865616, 0.663591346, -0.660027866, 0.141357422, -0.659301758, -0.73840332, -0.925271558, -0.353102375, 0.138186198, 0, 1, 5, 1, 
160.168646, 23, 0.1, 0.1, 0.00797792564, 0.362178375, -0.0349694367, 0.999979083, -0.00646791482, 1.95726813e-005, -0.0064679145, -0.999979083, -1.63119999e-005, 1.96777765e-005, 1.61850642e-005, -1, 0.999979083, -0.00646785081, 1.04355126e-005, -0.00646785053, -0.999979083, -2.733874e-005, 1.06121172e-005, 2.72706728e-005, -1, 0, 0, 0, 0, 0, 0, 0, 0.162973682, 0.143020508, 0.142512158, -0.640300854, 0.671921491, 0.372108655, -0.63269043, -0.735961914, 0.240600586, 0.435606283, -0.0814563386, 0.896429431, 0, 0, 0, 0, 0, 0, 0, 0.248517529, 0.136033252, 0.123759326, -0.351865616, 0.663591346, -0.660027866, 0.141357422, -0.659301758, -0.73840332, -0.925271558, -0.353102375, 0.138186198, 0, 1, 5, 1, 
160.169342, 23, 0.1, 0.1, 0.00797792743, 0.362178377, -0.0349638441, 0.999979082, -0.00646799484, -1.46816789e-005, -0.00646799482, -0.999979082, 1.31501059e-006, -1.46898772e-005, -1.22002206e-006, -1, 0.999979082, -0.00646800907, -6.17226436e-006, -0.006468009, -0.999979082, 1.0779079e-005, -6.24185443e-006, -1.07389313e-005, -1, 0, 0, 0, 0, 0, 0, 0, 0.162973682, 0.143020508, 0.142512158, -0.640300854, 0.671921491, 0.372108655, -0.63269043, -0.735961914, 0.240600586, 0.435606283, -0.0814563386, 0.896429431, 0, 0, 0, 0, 0, 0, 0, 0.248517529, 0.136033252, 0.123759326, -0.351865616, 0.663591346, -0.660027866, 0.141357422, -0.659301758, -0.73840332, -0.925271558, -0.353102375, 0.138186198, 0, 1, 5, 1, 
160.17003, 23, 0.1, 0.1, 0.00797792615, 0.362178372, -0.0349603964, 0.999979084, -0.00646773017, 4.44079899e-006, -0.00646773015, -0.999979084, -3.15911377e-006, 4.4611384e-006, 3.1303258e-006, -1, 0.999979084, -0.00646780311, 6.56061189e-006, -0.006467803, -0.999979083, -1.66582949e-005, 6.66821724e-006, 1.66155137e-005, -1, 0, 0, 0, 0, 0, 0, 0, 0.162973682, 0.143020508, 0.142512158, -0.640300854, 0.671921491, 0.372108655, -0.63269043, -0.735961914, 0.240600586, 0.435606283, -0.0814563386, 0.896429431, 0, 0, 0, 0, 0, 0, 0, 0.248517529, 0.136033252, 0.123759326, -0.351865616, 0.663591346, -0.660027866, 0.141357422, -0.659301758, -0.73840332, -0.925271558, -0.353102375, 0.138186198, 0, 1, 5, 1, 
160.170749, 23, 0.1, 0.1, 0.00797792672, 0.362178381, -0.0349597659, 0.999979086, -0.00646741991, 1.47550179e-005, -0.00646742017, -0.999979086, 1.7307781e-005, 1.46427726e-005, -1.74028459e-005, -1, 0.999979086, -0.00646745395, 1.08566325e-005, -0.00646745426, -0.999979085, 2.87282272e-005, 1.0670607e-005, -2.87978412e-005, -1, 0, 0, 0, 0, 0, 0, 0, 0.162946826, 0.142876367, 0.141891968, -0.640682774, 0.673350326, 0.368625305, -0.633789062, -0.734863281, 0.240844727, 0.433194934, -0.079457989, 0.897846283, 0, 0, 0, 0, 0, 0, 0, 0.248601758, 0.135966992, 0.123587598, -0.350293958, 0.665169934, -0.659312216, 0.139160156, -0.659057617, -0.738891602, -0.926211055, -0.350604347, 0.138384159, 0, 1, 5, 1, 
160.171476, 23, 0.1, 0.1, 0.00797792241, 0.362178378, -0.0349619925, 0.999979085, -0.00646751638, -2.58030132e-005, -0.00646751634, -0.999979085, 1.68220739e-006, -2.58133532e-005, -1.5152908e-006, -1, 0.999979085, -0.00646745933, -2.41796253e-005, -0.0064674596, -0.999979086, -1.0909656e-005, -2.41085618e-005, 1.10658086e-005, -1, 0, 0, 0, 0, 0, 0, 0, 0.162946826, 0.142876367, 0.141891968, -0.640682774, 0.673350326, 0.368625305, -0.633789062, -0.734863281, 0.240844727, 0.433194934, -0.079457989, 0.897846283, 0, 0, 0, 0, 0, 0, 0, 0.248601758, 0.135966992, 0.123587598, -0.350293958, 0.665169934, -0.659312216, 0.139160156, -0.659057617, -0.738891602, -0.926211055, -0.350604347, 0.138384159, 0, 1, 5, 1, 
160.172172, 23, 0.1, 0.1, 0.00797792406, 0.362178377, -0.0349659105, 0.999979083, -0.00646781829, 2.5219801e-005, -0.00646781813, -0.999979083, -6.57005292e-006, 2.52617674e-005, 6.40679841e-006, -1, 0.999979084, -0.00646776699, 2.10618342e-005, -0.00646776679, -0.999979084, -9.70418006e-006, 2.1124158e-005, 9.56775405e-006, -1, 0, 0, 0, 0, 0, 0, 0, 0.162946826, 0.142876367, 0.141891968, -0.640682774, 0.673350326, 0.368625305, -0.633789062, -0.734863281, 0.240844727, 0.433194934, -0.079457989, 0.897846283, 0, 0, 0, 0, 0, 0, 0, 0.248601758, 0.135966992, 0.123587598, -0.350293958, 0.665169934, -0.659312216, 0.139160156, -0.659057617, -0.738891602, -0.926211055, -0.350604347, 0.138384159, 0, 1, 5, 1, 
160.172866, 23, 0.1, 0.1, 0.00797792327, 0.362178377, -0.0349706793, 0.999979082, -0.00646794347, -2.93004904e-005, -0.00646794371, -0.999979083, -8.15733695e-006, -2.92471164e-005, 8.34668024e-006, -1, 0.999979083, -0.00646792467, -1.70743884e-005, -0.00646792476, -0.999979083, -5.412257e-006, -1.70390251e-005, 5.52257965e-006, -1, 0, 0, 0, 0, 0, 0, 0, 0.162946826, 0.142876367, 0.141891968, -0.640682774, 0.673350326, 0.368625305, -0.633789062, -0.734863281, 0.240844727, 0.433194934, -0.079457989, 0.897846283, 0, 0, 0, 0, 0, 0, 0, 0.248601758, 0.135966992, 0.123587598, -0.350293958, 0.665169934, -0.659312216, 0.139160156, -0.659057617, -0.738891602, -0.926211055, -0.350604347, 0.138384159, 0, 1, 5, 1, 
160.173574, 23, 0.1, 0.1, 0.00797791389, 0.362178376, -0.0349748815, 0.999979081, -0.00646812215, -6.4981012e-006, -0.00646812214, -0.999979081, 1.25493576e-006, -6.50608235e-006, -1.212879e-006, -1, 0.999979081, -0.00646809042, -2.05698947e-005, -0.00646809043, -0.999979082, -4.78765795e-007, -2.05663677e-005, 6.11803719e-007, -1, 0, 0, 0, 0, 0, 0, 0, 0.162946826, 0.142876367, 0.141891968, -0.640682774, 0.673350326, 0.368625305, -0.633789062, -0.734863281, 0.240844727, 0.433194934, -0.079457989, 0.897846283, 0, 0, 0, 0, 0, 0, 0, 0.248601758, 0.135966992, 0.123587598, -0.350293958, 0.665169934, -0.659312216, 0.139160156, -0.659057617, -0.738891602, -0.926211055, -0.350604347, 0.138384159, 0, 1, 5, 1, 
160.174266, 23, 0.1, 0.1, 0.00797792304, 0.362178376, -0.0349772026, 0.99997908, -0.00646830662, 3.27719402e-005, -0.00646830676, -0.99997908, 4.16895678e-006, 3.27442885e-005, -4.38084853e-006, -0.999999999, 0.99997908, -0.00646827558, 3.47668091e-005, -0.00646827555, -0.99997908, -1.02479268e-006, 3.47727104e-005, 7.99889943e-007, -0.999999999, 0, 0, 0, 0, 0, 0, 0, 0.162946826, 0.142876367, 0.141891968, -0.640682774, 0.673350326, 0.368625305, -0.633789062, -0.734863281, 0.240844727, 0.433194934, -0.079457989, 0.897846283, 0, 0, 0, 0, 0, 0, 0, 0.248601758, 0.135966992, 0.123587598, -0.350293958, 0.665169934, -0.659312216, 0.139160156, -0.659057617, -0.738891602, -0.926211055, -0.350604347, 0.138384159, 0, 1, 5, 1, 
160.174961, 23, 0.1, 0.1, 0.0079779226, 0.362178376, -0.0349772361, 0.999979079, -0.0064684137, -2.92440329e-005, -0.00646841382, -0.99997908, -3.7973308e-006, -2.92188584e-005, 3.98641386e-006, -1, 0.99997908, -0.00646837522, -1.66412955e-005, -0.00646837532, -0.99997908, -5.63109e-006, -1.66045234e-005, 5.73861434e-006, -1, 0, 0, 0, 0, 0, 0, 0, 0.162946826, 0.142876367, 0.141891968, -0.640682774, 0.673350326, 0.368625305, -0.633789062, -0.734863281, 0.240844727, 0.433194934, -0.079457989, 0.897846283, 0, 0, 0, 0, 0, 0, 0, 0.248601758, 0.135966992, 0.123587598, -0.350293958, 0.665169934, -0.659312216, 0.139160156, -0.659057617, -0.738891602, -0.926211055, -0.350604347, 0.138384159, 0, 1, 5, 1, 
160.175684, 23, 0.1, 0.1, 0.00797791065, 0.362178376, -0.0349747794, 0.999979078, -0.00646865661, -1.73825029e-005, -0.00646865674, -0.999979078, -7.92386694e-006, -1.73308825e-005, 8.0361426e-006, -1, 0.999979078, -0.00646862367, -2.95058267e-005, -0.00646862385, -0.999979078, -5.81936145e-006, -2.94675661e-005, 6.01010179e-006, -1, 0, 0, 0, 0, 0, 0, 0, 0.163148584, 0.142741016, 0.141058057, -0.64098831, 0.674937921, 0.365344897, -0.635009766, -0.733642578, 0.241577148, 0.431265855, -0.0772376006, 0.898983808, 0, 0, 0, 0, 0, 0, 0, 0.248892627, 0.135896094, 0.123208008, -0.348965104, 0.666416399, -0.658711405, 0.135742188, -0.659545898, -0.739257812, -0.927176071, -0.347282028, 0.139674734, 0, 1, 5, 1, 
160.176382, 23, 0.1, 0.1, 0.00797792042, 0.362178375, -0.0349710105, 0.999979076, -0.00646875739, 4.51849071e-005, -0.00646875716, -0.999979077, -5.04198404e-006, 4.52165771e-005, 4.74958835e-006, -0.999999999, 0.999979077, -0.00646872246, 4.31501968e-005, -0.00646872255, -0.999979078, 2.03987917e-006, 4.31360986e-005, -2.31896314e-006, -0.999999999, 0, 0, 0, 0, 0, 0, 0, 0.163148584, 0.142741016, 0.141058057, -0.64098831, 0.674937921, 0.365344897, -0.635009766, -0.733642578, 0.241577148, 0.431265855, -0.0772376006, 0.898983808, 0, 0, 0, 0, 0, 0, 0, 0.248892627, 0.135896094, 0.123208008, -0.348965104, 0.666416399, -0.658711405, 0.135742188, -0.659545898, -0.739257812, -0.927176071, -0.347282028, 0.139674734, 0, 1, 5, 1, 
160.177075, 23, 0.1, 0.1, 0.00797792451, 0.362178376, -0.0349672163, 0.999979076, -0.0064689253, -1.96706553e-005, -0.0064689252, -0.999979076, 5.48187131e-006, -1.97057055e-005, -5.35450861e-006, -1, 0.999979076, -0.00646891737, -5.30358816e-006, -0.00646891732, -0.999979076, 8.53966263e-006, -5.35871956e-006, -8.50517547e-006, -1, 0, 0, 0, 0, 0, 0, 0, 0.163148584, 0.142741016, 0.141058057, -0.64098831, 0.674937921, 0.365344897, -0.635009766, -0.733642578, 0.241577148, 0.431265855, -0.0772376006, 0.898983808, 0, 0, 0, 0, 0, 0, 0, 0.248892627, 0.135896094, 0.123208008, -0.348965104, 0.666416399, -0.658711405, 0.135742188, -0.659545898, -0.739257812, -0.927176071, -0.347282028, 0.139674734, 0, 1, 5, 1, 
160.17777, 23, 0.1, 0.1, 0.00797791882, 0.362178376, -0.0349644315, 0.999979077, -0.00646888526, 8.5174756e-006, -0.00646888535, -0.999979076, 9.64111031e-006, 8.45493015e-006, -9.69600716e-006, -1, 0.999979077, -0.00646887944, -9.58336836e-006, -0.00646887937, -0.999979077, 7.03385437e-006, -9.628669e-006, -6.97171354e-006, -1, 0, 0, 0, 0, 0, 0, 0, 0.163148584, 0.142741016, 0.141058057, -0.64098831, 0.674937921, 0.365344897, -0.635009766, -0.733642578, 0.241577148, 0.431265855, -0.0772376006, 0.898983808, 0, 0, 0, 0, 0, 0, 0, 0.248892627, 0.135896094, 0.123208008, -0.348965104, 0.666416399, -0.658711405, 0.135742188, -0.659545898, -0.739257812, -0.927176071, -0.347282028, 0.139674734, 0, 1, 5, 1, 
160.17847, 23, 0.1, 0.1, 0.00797792344, 0.362178376, -0.0349633465, 0.999979075, -0.00646907472, -5.33802706e-006, -0.00646907469, -0.999979075, 5.93859308e-006, -5.37633257e-006, -5.90393672e-006, -1, 0.999979076, -0.00646902417, 1.08842579e-005, -0.00646902412, -0.999979076, -3.9512881e-006, 1.09095911e-005, 3.88079489e-006, -1, 0, 0, 0, 0, 0, 0, 0, 0.163148584, 0.142741016, 0.141058057, -0.64098831, 0.674937921, 0.365344897, -0.635009766, -0.733642578, 0.241577148, 0.431265855, -0.0772376006, 0.898983808, 0, 0, 0, 0, 0, 0, 0, 0.248892627, 0.135896094, 0.123208008, -0.348965104, 0.666416399, -0.658711405, 0.135742188, -0.659545898, -0.739257812, -0.927176071, -0.347282028, 0.139674734, 0, 1, 5, 1, 
160.179164, 23, 0.1, 0.1, 0.00797792131, 0.362178376, -0.0349641717, 0.999979074, -0.00646920069, 1.63921132e-005, -0.00646920062, -0.999979074, -4.2840322e-006, 1.64194845e-005, 4.17789869e-006, -1, 0.999979075, -0.00646919879, -5.74342976e-007, -0.00646919879, -0.999979074, -7.72728131e-006, -5.24341638e-007, 7.73083515e-006, -1, 0, 0, 0, 0, 0, 0, 0, 0.163148584, 0.142741016, 0.141058057, -0.64098831, 0.674937921, 0.365344897, -0.635009766, -0.733642578, 0.241577148, 0.431265855, -0.0772376006, 0.898983808, 0, 0, 0, 0, 0, 0, 0, 0.248892627, 0.135896094, 0.123208008, -0.348965104, 0.666416399, -0.658711405, 0.135742188, -0.659545898, -0.739257812, -0.927176071, -0.347282028, 0.139674734, 0, 1, 5, 1, 
160.179859, 23, 0.1, 0.1, 0.00797792755, 0.362178377, -0.0349665818, 0.999979075, -0.00646912736, -1.30978578e-006, -0.00646912737, -0.999979075, -5.61030997e-006, -1.27346457e-006, 5.61866575e-006, -1, 0.999979075, -0.00646912818, 1.45289568e-005, -0.00646912813, -0.999979075, -3.25799898e-006, 1.45497292e-005, 3.16394112e-006, -1, 0, 0, 0, 0, 0, 0, 0, 0.163148584, 0.142741016, 0.141058057, -0.64098831, 0.674937921, 0.365344897, -0.635009766, -0.733642578, 0.241577148, 0.431265855, -0.0772376006, 0.898983808, 0, 0, 0, 0, 0, 0, 0, 0.248892627, 0.135896094, 0.123208008, -0.348965104, 0.666416399, -0.658711405, 0.135742188, -0.659545898, -0.739257812, -0.927176071, -0.347282028, 0.139674734, 0, 1, 5, 1, 
160.180582, 23, 0.1, 0.1, 0.00797792453, 0.362178378, -0.0349695365, 0.999979074, -0.00646927669, 8.64431355e-006, -0.00646927669, -0.999979074, -3.36642202e-007, 8.64631049e-006, 2.80712702e-007, -1, 0.999979074, -0.00646923699, -4.60684563e-006, -0.00646923695, -0.999979074, 7.91340325e-006, -4.65794291e-006, -7.88343488e-006, -1, 0, 0, 0, 0, 0, 0, 0, 0.163223022, 0.142752734, 0.140595313, -0.643712308, 0.674901972, 0.3605544, -0.634155273, -0.734130859, 0.24206543, 0.428113128, -0.0727825973, 0.900731284, 0, 0, 0, 0, 0, 0, 0, 0.249172021, 0.135741699, 0.122763477, -0.347917332, 0.66681925, -0.658909366, 0.134033203, -0.66015625, -0.738891602, -0.927802402, -0.345275803, 0.140390384, 0, 1, 5, 1, 
160.181277, 23, 0.1, 0.1, 0.00797792737, 0.362178379, -0.0349722049, 0.999979073, -0.00646938274, -8.14222091e-006, -0.00646938269, -0.999979073, 5.42382865e-006, -8.17713934e-006, -5.37104001e-006, -1, 0.999979073, -0.00646937919, 5.21316688e-006, -0.00646937923, -0.999979073, 8.52825063e-006, 5.1578853e-006, -8.56179812e-006, -1, 0, 0, 0, 0, 0, 0, 0, 0.163223022, 0.142752734, 0.140595313, -0.643712308, 0.674901972, 0.3605544, -0.634155273, -0.734130859, 0.24206543, 0.428113128, -0.0727825973, 0.900731284, 0, 0, 0, 0, 0, 0, 0, 0.249172021, 0.135741699, 0.122763477, -0.347917332, 0.66681925, -0.658909366, 0.134033203, -0.66015625, -0.738891602, -0.927802402, -0.345275803, 0.140390384, 0, 1, 5, 1, 
160.181973, 23, 0.1, 0.1, 0.00797792318, 0.362178379, -0.0349739598, 0.999979074, -0.0064693307, 3.27844367e-006, -0.00646933071, -0.999979074, 4.23438429e-006, 3.25098143e-006, -4.25550502e-006, -1, 0.999979074, -0.00646933108, -8.48917631e-006, -0.00646933105, -0.999979074, 2.82880416e-006, -8.50729914e-006, -2.77382567e-006, -1, 0, 0, 0, 0, 0, 0, 0, 0.163223022, 0.142752734, 0.140595313, -0.643712308, 0.674901972, 0.3605544, -0.634155273, -0.734130859, 0.24206543, 0.428113128, -0.0727825973, 0.900731284, 0, 0, 0, 0, 0, 0, 0, 0.249172021, 0.135741699, 0.122763477, -0.347917332, 0.66681925, -0.658909366, 0.134033203, -0.66015625, -0.738891602, -0.927802402, -0.345275803, 0.140390384, 0, 1, 5, 1, 
160.182699, 23, 0.1, 0.1, 0.00797792446, 0.362178377, -0.0349741466, 0.999979073, -0.00646945035, -1.06786543e-005, -0.00646945035, -0.999979073, 1.69486347e-007, -1.06795273e-005, -1.00397777e-007, -1, 0.999979073, -0.00646941755, 8.3066176e-007, -0.00646941755, -0.999979073, -6.80161455e-006, 8.74646862e-007, 6.79609832e-006, -1, 0, 0, 0, 0, 0, 0, 0, 0.163361182, 0.142374365, 0.139910669, -0.645192439, 0.676039497, 0.355783, -0.634887695, -0.733520508, 0.242431641, 0.425010576, -0.0695021894, 0.902599327, 0, 0, 0, 0, 0, 0, 0, 0.249262842, 0.135599268, 0.122294043, -0.346211513, 0.667132782, -0.659471531, 0.131713867, -0.661376953, -0.73828125, -0.92885054, -0.342419767, 0.141067754, 0, 1, 5, 1, 
160.183393, 23, 0.1, 0.1, 0.00797792086, 0.362178378, -0.034972858, 0.999979072, -0.00646956509, 7.37743474e-006, -0.0064695651, -0.999979072, 1.95615527e-006, 7.36462487e-006, -2.00384313e-006, -1, 0.999979072, -0.00646954971, -5.83361927e-006, -0.00646954971, -0.999979072, -3.25928402e-007, -5.83138858e-006, 3.63662471e-007, -1, 0, 0, 0, 0, 0, 0, 0, 0.163361182, 0.142374365, 0.139910669, -0.645192439, 0.676039497, 0.355783, -0.634887695, -0.733520508, 0.242431641, 0.425010576, -0.0695021894, 0.902599327, 0, 0, 0, 0, 0, 0, 0, 0.249262842, 0.135599268, 0.122294043, -0.346211513, 0.667132782, -0.659471531, 0.131713867, -0.661376953, -0.73828125, -0.92885054, -0.342419767, 0.141067754, 0, 1, 5, 1, 
160.184091, 23, 0.1, 0.1, 0.00797792377, 0.362178378, -0.0349707123, 0.999979071, -0.00646966761, -7.438368e-006, -0.00646966761, -0.999979071, -7.24108818e-007, -7.43352758e-006, 7.72217432e-007, -1, 0.999979072, -0.00646965447, 5.77040047e-006, -0.00646965448, -0.999979072, 1.89727114e-006, 5.75800502e-006, -1.93456393e-006, -1, 0, 0, 0, 0, 0, 0, 0, 0.163361182, 0.142374365, 0.139910669, -0.645192439, 0.676039497, 0.355783, -0.634887695, -0.733520508, 0.242431641, 0.425010576, -0.0695021894, 0.902599327, 0, 0, 0, 0, 0, 0, 0, 0.249262842, 0.135599268, 0.122294043, -0.346211513, 0.667132782, -0.659471531, 0.131713867, -0.661376953, -0.73828125, -0.92885054, -0.342419767, 0.141067754, 0, 1, 5, 1, 
160.184787, 23, 0.1, 0.1, 0.00797792119, 0.362178378, -0.0349684111, 0.999979071, -0.00646975607, 1.25586853e-005, -0.00646975608, -0.999979071, 1.30960728e-006, 1.25499496e-005, -1.3908315e-006, -1, 0.999979071, -0.0064697465, -2.49290303e-006, -0.00646974651, -0.999979071, -1.40533914e-006, -2.48375867e-006, 1.42143818e-006, -1, 0, 0, 0, 0, 0, 0, 0, 0.163361182, 0.142374365, 0.139910669, -0.645192439, 0.676039497, 0.355783, -0.634887695, -0.733520508, 0.242431641, 0.425010576, -0.0695021894, 0.902599327, 0, 0, 0, 0, 0, 0, 0, 0.249262842, 0.135599268, 0.122294043, -0.346211513, 0.667132782, -0.659471531, 0.131713867, -0.661376953, -0.73828125, -0.92885054, -0.342419767, 0.141067754, 0, 1, 5, 1, 
160.185482, 23, 0.1, 0.1, 0.00797792546, 0.362178378, -0.0349666579, 0.99997907, -0.00646983341, -6.89953958e-006, -0.00646983342, -0.99997907, -1.49728737e-006, -6.88970797e-006, 1.5418949e-006, -1, 0.99997907, -0.00646982615, 8.94230392e-006, -0.00646982616, -0.99997907, 1.43779838e-006, 8.93281446e-006, -1.49562344e-006, -1, 0, 0, 0, 0, 0, 0, 0, 0.163361182, 0.142374365, 0.139910669, -0.645192439, 0.676039497, 0.355783, -0.634887695, -0.733520508, 0.242431641, 0.425010576, -0.0695021894, 0.902599327, 0, 0, 0, 0, 0, 0, 0, 0.249262842, 0.135599268, 0.122294043, -0.346211513, 0.667132782, -0.659471531, 0.131713867, -0.661376953, -0.73828125, -0.92885054, -0.342419767, 0.141067754, 0, 1, 5, 1, 
160.186175, 23, 0.1, 0.1, 0.00797792212, 0.362178378, -0.0349659342, 0.99997907, -0.00646990124, 1.05056217e-005, -0.00646990125, -0.99997907, 1.1175226e-006, 1.04981716e-005, -1.18546954e-006, -1, 0.99997907, -0.0064698958, -4.94547513e-006, -0.00646989581, -0.99997907, -1.7868962e-006, -4.93381059e-006, 1.81885551e-006, -1, 0, 0, 0, 0, 0, 0, 0, 0.163361182, 0.142374365, 0.139910669, -0.645192439, 0.676039497, 0.355783, -0.634887695, -0.733520508, 0.242431641, 0.425010576, -0.0695021894, 0.902599327, 0, 0, 0, 0, 0, 0, 0, 0.249262842, 0.135599268, 0.122294043, -0.346211513, 0.667132782, -0.659471531, 0.131713867, -0.661376953, -0.73828125, -0.92885054, -0.342419767, 0.141067754, 0, 1, 5, 1, 
160.186874, 23, 0.1, 0.1, 0.00797792578, 0.362178378, -0.0349663744, 0.99997907, -0.00646996126, -9.11469771e-006, -0.00646996128, -0.99997907, -1.52664946e-006, -9.10462958e-006, 1.58558925e-006, -1, 0.99997907, -0.00646995753, 6.91049492e-006, -0.00646995754, -0.99997907, 1.37947342e-006, 6.90142515e-006, -1.42415515e-006, -1, 0, 0, 0, 0, 0, 0, 0, 0.163361182, 0.142374365, 0.139910669, -0.645192439, 0.676039497, 0.355783, -0.634887695, -0.733520508, 0.242431641, 0.425010576, -0.0695021894, 0.902599327, 0, 0, 0, 0, 0, 0, 0, 0.249262842, 0.135599268, 0.122294043, -0.346211513, 0.667132782, -0.659471531, 0.131713867, -0.661376953, -0.73828125, -0.92885054, -0.342419767, 0.141067754, 0, 1, 5, 1, 
160.18763, 23, 0.1, 0.1, 0.00797792151, 0.362178377, -0.0349674622, 0.999979069, -0.00647002149, 9.67714112e-006, -0.00647002149, -0.999979069, 1.11817805e-007, 9.6762151e-006, -1.74426775e-007, -1, 0.999979069, -0.0064700174, -5.69073264e-006, -0.00647001742, -0.999979069, -2.82728898e-006, -5.67232092e-006, 2.86404894e-006, -1, 0, 0, 0, 0, 0, 0, 0, 0.163534375, 0.142192139, 0.138867798, -0.646106804, 0.676656561, 0.352807007, -0.634765625, -0.733154297, 0.244018555, 0.423919478, -0.0663865324, 0.903317862, 0, 0, 0, 0, 0, 0, 0, 0.249302393, 0.135465137, 0.121446729, -0.345406545, 0.667567716, -0.659445645, 0.128540039, -0.662353516, -0.737915039, -0.929502391, -0.339550971, 0.143157101, 0, 1, 5, 1, 
160.188327, 23, 0.1, 0.1, 0.0079779249, 0.362178377, -0.0349686658, 0.999979069, -0.00647007206, -8.37748674e-006, -0.00647007207, -0.999979069, -2.10544986e-006, -8.36368897e-006, 2.15960873e-006, -1, 0.999979069, -0.00647006955, 6.34897829e-006, -0.00647006955, -0.999979069, 5.082042e-007, 6.34555729e-006, -5.49271894e-007, -1, 0, 0, 0, 0, 0, 0, 0, 0.163534375, 0.142192139, 0.138867798, -0.646106804, 0.676656561, 0.352807007, -0.634765625, -0.733154297, 0.244018555, 0.423919478, -0.0663865324, 0.903317862, 0, 0, 0, 0, 0, 0, 0, 0.249302393, 0.135465137, 0.121446729, -0.345406545, 0.667567716, -0.659445645, 0.128540039, -0.662353516, -0.737915039, -0.929502391, -0.339550971, 0.143157101, 0, 1, 5, 1, 
160.189045, 23, 0.1, 0.1, 0.00797792022, 0.362178377, -0.0349698353, 0.999979068, -0.00647012814, 5.24224004e-006, -0.00647012814, -0.999979069, 9.39969545e-007, 5.23604859e-006, -9.73867835e-007, -1, 0.999979068, -0.00647012457, -8.72207636e-006, -0.00647012459, -0.999979069, -1.69314036e-006, -8.71093897e-006, 1.74953784e-006, -1, 0, 0, 0, 0, 0, 0, 0, 0.163534375, 0.142192139, 0.138867798, -0.646106804, 0.676656561, 0.352807007, -0.634765625, -0.733154297, 0.244018555, 0.423919478, -0.0663865324, 0.903317862, 0, 0, 0, 0, 0, 0, 0, 0.249302393, 0.135465137, 0.121446729, -0.345406545, 0.667567716, -0.659445645, 0.128540039, -0.662353516, -0.737915039, -0.929502391, -0.339550971, 0.143157101, 0, 1, 5, 1, 
160.189738, 23, 0.1, 0.1, 0.00797792243, 0.362178377, -0.0349708756, 0.999979068, -0.00647017491, -9.50433993e-006, -0.00647017493, -0.999979068, -1.29337717e-006, -9.49577261e-006, 1.35484484e-006, -1, 0.999979068, -0.00647017239, 3.74378192e-006, -0.0064701724, -0.999979068, 1.172941e-006, 3.73611443e-006, -1.19713936e-006, -1, 0, 0, 0, 0, 0, 0, 0, 0.163534375, 0.142192139, 0.138867798, -0.646106804, 0.676656561, 0.352807007, -0.634765625, -0.733154297, 0.244018555, 0.423919478, -0.0663865324, 0.903317862, 0, 0, 0, 0, 0, 0, 0, 0.249302393, 0.135465137, 0.121446729, -0.345406545, 0.667567716, -0.659445645, 0.128540039, -0.662353516, -0.737915039, -0.929502391, -0.339550971, 0.143157101, 0, 1, 5, 1, 
160.19043, 23, 0.1, 0.1, 0.00797791866, 0.362178377, -0.0349715576, 0.999979068, -0.00647021505, 6.76870235e-006, -0.00647021506, -0.999979068, 1.0704721e-006, 6.76163448e-006, -1.11424465e-006, -1, 0.999979068, -0.00647021378, -6.73892851e-006, -0.00647021379, -0.999979068, -1.4087936e-006, -6.72967225e-006, 1.45236642e-006, -1, 0, 0, 0, 0, 0, 0, 0, 0.163534375, 0.142192139, 0.138867798, -0.646106804, 0.676656561, 0.352807007, -0.634765625, -0.733154297, 0.244018555, 0.423919478, -0.0663865324, 0.903317862, 0, 0, 0, 0, 0, 0, 0, 0.249302393, 0.135465137, 0.121446729, -0.345406545, 0.667567716, -0.659445645, 0.128540039, -0.662353516, -0.737915039, -0.929502391, -0.339550971, 0.143157101, 0, 1, 5, 1, 
160.191122, 23, 0.1, 0.1, 0.0079779215, 0.362178376, -0.0349716874, 0.999979068, -0.00647025107, -7.05706339e-006, -0.00647025108, -0.999979068, -1.19025013e-006, -7.04921445e-006, 1.23588618e-006, -1, 0.999979068, -0.00647025038, 5.77429811e-006, -0.00647025039, -0.999979068, 1.21868941e-006, 5.76629201e-006, -1.25602505e-006, -1, 0, 0, 0, 0, 0, 0, 0, 0.163534375, 0.142192139, 0.138867798, -0.646106804, 0.676656561, 0.352807007, -0.634765625, -0.733154297, 0.244018555, 0.423919478, -0.0663865324, 0.903317862, 0, 0, 0, 0, 0, 0, 0, 0.249302393, 0.135465137, 0.121446729, -0.345406545, 0.667567716, -0.659445645, 0.128540039, -0.662353516, -0.737915039, -0.929502391, -0.339550971, 0.143157101, 0, 1, 5, 1, 
160.191821, 23, 0.1, 0.1, 0.00797791862, 0.362178377, -0.0349712323, 0.999979067, -0.00647028304, 9.536716e-006, -0.00647028306, -0.999979067, 1.23967072e-006, 9.52849535e-006, -1.30135002e-006, -1, 0.999979067, -0.00647028333, -3.8956129e-006, -0.00647028333, -0.999979067, -1.26758028e-006, -3.88732975e-006, 1.29275947e-006, -1, 0, 0, 0, 0, 0, 0, 0, 0.163534375, 0.142192139, 0.138867798, -0.646106804, 0.676656561, 0.352807007, -0.634765625, -0.733154297, 0.244018555, 0.423919478, -0.0663865324, 0.903317862, 0, 0, 0, 0, 0, 0, 0, 0.249302393, 0.135465137, 0.121446729, -0.345406545, 0.667567716, -0.659445645, 0.128540039, -0.662353516, -0.737915039, -0.929502391, -0.339550971, 0.143157101, 0, 1, 5, 1, 
160.192545, 23, 0.1, 0.1, 0.00797792224, 0.362178376, -0.0349700529, 0.999979067, -0.00647031537, -7.53845679e-006, -0.00647031538, -0.999979067, -1.40613466e-006, -7.52920085e-006, 1.45488142e-006, -1, 0.999979067, -0.00647031632, 6.63759876e-006, -0.00647031633, -0.999979067, 1.18900039e-006, 6.62976661e-006, -1.23192287e-006, -1, 0, 0, 0, 0, 0, 0, 0, 0.163350415, 0.141962305, 0.137930737, -0.649465839, 0.67625891, 0.347451865, -0.633789062, -0.733886719, 0.243774414, 0.419878595, -0.0618742411, 0.905401952, 0, 0, 0, 0, 0, 0, 0, 0.249570312, 0.135410693, 0.120670801, -0.344639856, 0.666507184, -0.661036625, 0.128662109, -0.66394043, -0.736572266, -0.929790037, -0.338803239, 0.143112625, 0, 1, 5, 1, 
160.193245, 23, 0.1, 0.1, 0.00797791899, 0.362178376, -0.0349687484, 0.999979067, -0.00647034265, 9.70392267e-006, -0.00647034267, -0.999979067, 1.21125136e-006, 9.69588232e-006, -1.27401371e-006, -1, 0.999979067, -0.00647034433, -4.79334409e-006, -0.00647034434, -0.999979067, -1.53824987e-006, -4.78329074e-006, 1.56923225e-006, -1, 0, 0, 0, 0, 0, 0, 0, 0.163350415, 0.141962305, 0.137930737, -0.649465839, 0.67625891, 0.347451865, -0.633789062, -0.733886719, 0.243774414, 0.419878595, -0.0618742411, 0.905401952, 0, 0, 0, 0, 0, 0, 0, 0.249570312, 0.135410693, 0.120670801, -0.344639856, 0.666507184, -0.661036625, 0.128662109, -0.66394043, -0.736572266, -0.929790037, -0.338803239, 0.143112625, 0, 1, 5, 1, 
160.193942, 23, 0.1, 0.1, 0.00797792235, 0.362178376, -0.0349677844, 0.999979067, -0.00647036721, -8.93274909e-006, -0.00647036722, -0.999979067, -1.27181771e-006, -8.92433297e-006, 1.32958926e-006, -1, 0.999979067, -0.00647036978, 6.19844627e-006, -0.00647036979, -0.999979067, 1.4739653e-006, 6.18877942e-006, -1.51404069e-006, -1, 0, 0, 0, 0, 0, 0, 0, 0.163350415, 0.141962305, 0.137930737, -0.649465839, 0.67625891, 0.347451865, -0.633789062, -0.733886719, 0.243774414, 0.419878595, -0.0618742411, 0.905401952, 0, 0, 0, 0, 0, 0, 0, 0.249570312, 0.135410693, 0.120670801, -0.344639856, 0.666507184, -0.661036625, 0.128662109, -0.66394043, -0.736572266, -0.929790037, -0.338803239, 0.143112625, 0, 1, 5, 1, 
160.194638, 23, 0.1, 0.1, 0.00797791848, 0.362178376, -0.0349674777, 0.999979067, -0.00647038779, 8.41871543e-006, -0.0064703878, -0.999979067, 1.41907681e-006, 8.40935723e-006, -1.47351945e-006, -1, 0.999979067, -0.00647039102, -6.67924444e-006, -0.00647039103, -0.999979067, -1.42230391e-006, -6.66990176e-006, 1.46549146e-006, -1, 0, 0, 0, 0, 0, 0, 0, 0.163350415, 0.141962305, 0.137930737, -0.649465839, 0.67625891, 0.347451865, -0.633789062, -0.733886719, 0.243774414, 0.419878595, -0.0618742411, 0.905401952, 0, 0, 0, 0, 0, 0, 0, 0.249570312, 0.135410693, 0.120670801, -0.344639856, 0.666507184, -0.661036625, 0.128662109, -0.66394043, -0.736572266, -0.929790037, -0.338803239, 0.143112625, 0, 1, 5, 1, 
