time, trialNum, realDorsalTactorPos, realVentralTactorPos, boxPosX, boxPosY, boxPosZ, boxLocalRot_11, boxLocalRot_12, boxLocalRot_13, boxLocalRot_21, boxLocalRot_22, boxLocalRot_23, boxLocalRot_31, boxLocalRot_32, boxLocalRot_33, boxGlobalRot_11, boxGlobalRot_12, boxGlobalRot_13, boxGlobalRot_21, boxGlobalRot_22, boxGlobalRot_23, boxGlobalRot_31, boxGlobalRot_32, boxGlobalRot_33, indexForceX, indexForceY, indexForceZ, indexForceGlobalX, indexForceGlobalY, indexForceGlobalZ, indexContact, indexPosX, indexPosY, indexPosZ, indexRot_11, indexRot_12, indexRot_13, indexRot_21, indexRot_22, indexRot_23, indexRot_31, indexRot_32, indexRot_33, thumbForceX, thumbForceY, thumbForceZ, thumbForceGlobalX, thumbForceGlobalY, thumbForceGlobalZ, thumbContact, thumbPosX, thumbPosY, thumbPosZ, thumbRot_11, thumbRot_12, thumbRot_13, thumbRot_21, thumbRot_22, thumbRot_23, thumbRot_31, thumbRot_32, thumbRot_33, manipForceTooHigh, cceExpType, mapping, trialSuccess, 
144.342398, 19, 0.1, 0.1, 0.00618427726, 0.370472334, -0.0349694998, 0.965427799, -0.260670605, -2.08172119e-005, 0.260670603, 0.965427799, -4.8247115e-005, 3.26741197e-005, 4.11526709e-005, 0.999999999, 0.96542791, -0.260670193, -3.06995658e-005, 0.260670192, 0.96542791, -4.81176829e-005, 4.21810633e-005, 3.84516924e-005, 0.999999998, 0, 0, 0, 0, 0, 0, 0, 0.127247144, 0.124009717, 0.160662598, -0.338548276, 0.772505192, 0.537099985, -0.00988769531, -0.573608398, 0.818969727, 0.940887276, 0.271905468, 0.201912191, 0, -0, 0, 0, 0, 0, 0, 0.178396631, 0.11555957, 0.0892296875, -0.789759695, 0.473585627, -0.389733007, -0.333496094, -0.864746094, -0.37512207, -0.5146932, -0.166251314, 0.841066524, 0, 1, 5, 1, 
144.350998, 19, 0.1, 0.1, 0.0061842556, 0.370472329, -0.0349584514, 0.965422295, -0.260690987, -3.83341853e-005, 0.260690987, 0.965422296, -1.33981182e-005, 4.05014459e-005, 2.94146545e-006, 0.999999999, 0.965422338, -0.260690829, -3.52807333e-005, 0.260690829, 0.965422339, -4.26522455e-006, 3.5172713e-005, -5.07962054e-006, 0.999999999, 0, 0, 0, 0, 0, 0, 0, 0.127284033, 0.123981299, 0.160504517, -0.333565698, 0.776457707, 0.534311586, -0.00866699218, -0.569335938, 0.822021484, 0.942693543, 0.269549164, 0.196792193, 0, -0, 0, 0, 0, 0, 0, 0.178016309, 0.11499458, 0.0891088379, -0.788603282, 0.473720522, -0.391764751, -0.335327148, -0.865600586, -0.371582031, -0.515185369, -0.161695656, 0.841712178, 0, 1, 5, 1, 
144.351705, 19, 0.1, 0.1, 0.00618425753, 0.370472331, -0.0349581946, 0.965422101, -0.260691705, 3.47401549e-005, 0.260691705, 0.965422102, 1.742761e-006, -3.39932367e-005, 7.37397023e-006, 0.999999999, 0.96542214, -0.260691565, 1.76235774e-005, 0.260691565, 0.96542214, -1.83291959e-006, -1.65363651e-005, 6.36385913e-006, 1, 0, 0, 0, 0, 0, 0, 0, 0.127284033, 0.123981299, 0.160504517, -0.333565698, 0.776457707, 0.534311586, -0.00866699218, -0.569335938, 0.822021484, 0.942693543, 0.269549164, 0.196792193, 0, -0, 0, 0, 0, 0, 0, 0.178016309, 0.11499458, 0.0891088379, -0.788603282, 0.473720522, -0.391764751, -0.335327148, -0.865600586, -0.371582031, -0.515185369, -0.161695656, 0.841712178, 0, 1, 5, 1, 
144.352409, 19, 0.1, 0.1, 0.0061842507, 0.370472326, -0.0349612847, 0.965421884, -0.260692512, -7.53626092e-006, 0.260692512, 0.965421884, 3.87541489e-006, 6.26537957e-006, -5.70605714e-006, 1, 0.965421935, -0.260692321, 1.3129666e-005, 0.260692321, 0.965421935, 1.9108566e-005, -1.7657124e-005, -1.50250257e-005, 1, 0, 0, 0, 0, 0, 0, 0, 0.127284033, 0.123981299, 0.160504517, -0.333045236, 0.777891412, 0.53268093, -0.0104980469, -0.567871094, 0.822998047, 0.942858294, 0.268456944, 0.197421239, 0, -0, 0, 0, 0, 0, 0, 0.178016309, 0.11499458, 0.0891088379, -0.788603282, 0.473720522, -0.391764751, -0.335327148, -0.865600586, -0.371582031, -0.515185369, -0.161695656, 0.841712178, 0, 1, 5, 1, 
144.353127, 19, 0.1, 0.1, 0.00618425808, 0.370472334, -0.0349663498, 0.965421609, -0.260693532, -7.69973951e-006, 0.260693532, 0.965421609, -7.24930762e-006, 9.32334251e-006, 4.99136594e-006, 1, 0.96542166, -0.26069334, -1.75667878e-005, 0.26069334, 0.96542166, -2.06988665e-005, 2.23554141e-005, 1.54035895e-005, 1, 0, 0, 0, 0, 0, 0, 0, 0.127311133, 0.123828003, 0.160646338, -0.333045236, 0.777891412, 0.53268093, -0.0104980469, -0.567871094, 0.822998047, 0.942858294, 0.268456944, 0.197421239, 0, -0, 0, 0, 0, 0, 0, 0.178039258, 0.114790381, 0.0890092285, -0.788041117, 0.473394963, -0.39322157, -0.335571289, -0.866088867, -0.370239258, -0.515862739, -0.15976599, 0.84155906, 0, 1, 5, 1, 
144.353831, 19, 0.1, 0.1, 0.00618425321, 0.370472326, -0.0349719044, 0.965421364, -0.260694436, 1.7331731e-005, 0.260694435, 0.965421364, 2.20847676e-005, -2.24897994e-005, -1.68028206e-005, 1, 0.96542141, -0.260694268, 2.10106448e-005, 0.260694268, 0.965421409, 2.94526371e-005, -2.796226e-005, -2.29568518e-005, 0.999999999, 0, 0, 0, 0, 0, 0, 0, 0.127311133, 0.123828003, 0.160646338, -0.333045236, 0.777891412, 0.53268093, -0.0104980469, -0.567871094, 0.822998047, 0.942858294, 0.268456944, 0.197421239, 0, -0, 0, 0, 0, 0, 0, 0.178039258, 0.114790381, 0.0890092285, -0.788041117, 0.473394963, -0.39322157, -0.335571289, -0.866088867, -0.370239258, -0.515862739, -0.15976599, 0.84155906, 0, 1, 5, 1, 
144.354528, 19, 0.1, 0.1, 0.00618425568, 0.370472332, -0.0349762893, 0.965421154, -0.260695216, -1.32665862e-005, 0.260695216, 0.965421154, -2.74510738e-005, 1.99642066e-005, 2.30433118e-005, 1, 0.965421193, -0.260695071, -1.21268241e-005, 0.260695071, 0.965421193, -2.7363859e-005, 1.88411161e-005, 2.32562461e-005, 1, 0, 0, 0, 0, 0, 0, 0, 0.127311133, 0.123828003, 0.160646338, -0.333045236, 0.777891412, 0.53268093, -0.0104980469, -0.567871094, 0.822998047, 0.942858294, 0.268456944, 0.197421239, 0, -0, 0, 0, 0, 0, 0, 0.178039258, 0.114790381, 0.0890092285, -0.788041117, 0.473394963, -0.39322157, -0.335571289, -0.866088867, -0.370239258, -0.515862739, -0.15976599, 0.84155906, 0, 1, 5, 1, 
144.355248, 19, 0.1, 0.1, 0.00618425724, 0.370472332, -0.0349783073, 0.965420966, -0.260695912, 5.56192151e-006, 0.260695912, 0.965420966, 1.83437541e-005, -1.01517374e-005, -1.62594746e-005, 1, 0.965421001, -0.260695784, 4.16389773e-006, 0.260695784, 0.965421, 1.40870781e-005, -7.69235619e-006, -1.25144505e-005, 1, 0, 0, 0, 0, 0, 0, 0, 0.127311133, 0.123828003, 0.160646338, -0.333045236, 0.777891412, 0.53268093, -0.0104980469, -0.567871094, 0.822998047, 0.942858294, 0.268456944, 0.197421239, 0, -0, 0, 0, 0, 0, 0, 0.178041455, 0.114367822, 0.0886196289, -0.788424278, 0.473216326, -0.392729401, -0.336669922, -0.866455078, -0.368164062, -0.514552842, -0.158066368, 0.842715473, 0, 1, 5, 1, 
144.355951, 19, 0.1, 0.1, 0.00618425891, 0.370472333, -0.0349774164, 0.965420792, -0.260696555, -5.10973861e-006, 0.260696555, 0.965420792, -1.94839391e-005, 1.00124437e-005, 1.74781087e-005, 1, 0.965420829, -0.260696419, -6.83839434e-006, 0.260696419, 0.965420829, -1.23035564e-005, 9.80942143e-006, 1.00953647e-005, 1, 0, 0, 0, 0, 0, 0, 0, 0.127311133, 0.123828003, 0.160646338, -0.333045236, 0.777891412, 0.53268093, -0.0104980469, -0.567871094, 0.822998047, 0.942858294, 0.268456944, 0.197421239, 0, -0, 0, 0, 0, 0, 0, 0.178041455, 0.114367822, 0.0886196289, -0.788424278, 0.473216326, -0.392729401, -0.336669922, -0.866455078, -0.368164062, -0.514552842, -0.158066368, 0.842715473, 0, 1, 5, 1, 
144.356662, 19, 0.1, 0.1, 0.00618425915, 0.370472336, -0.0349741774, 0.965420591, -0.2606973, -7.21621014e-006, 0.2606973, 0.965420591, 1.42652427e-005, 3.2477676e-006, -1.56532056e-005, 1, 0.965420637, -0.260697131, 3.30601064e-006, 0.260697131, 0.965420637, 2.8312783e-007, -3.26550151e-006, 5.88530037e-007, 1, 0, 0, 0, 0, 0, 0, 0, 0.127311133, 0.123828003, 0.160646338, -0.333045236, 0.777891412, 0.53268093, -0.0104980469, -0.567871094, 0.822998047, 0.942858294, 0.268456944, 0.197421239, 0, -0, 0, 0, 0, 0, 0, 0.178041455, 0.114367822, 0.0886196289, -0.788424278, 0.473216326, -0.392729401, -0.336669922, -0.866455078, -0.368164062, -0.514552842, -0.158066368, 0.842715473, 0, 1, 5, 1, 
144.357371, 19, 0.1, 0.1, 0.00618426061, 0.370472329, -0.0349696273, 0.965420423, -0.260697924, 5.45536223e-006, 0.260697924, 0.965420423, 6.59618859e-006, -6.98633078e-006, -4.94589356e-006, 1, 0.965420451, -0.260697818, 4.57168935e-006, 0.260697818, 0.965420451, 2.11301914e-005, -9.9221972e-006, -1.92076895e-005, 1, 0, 0, 0, 0, 0, 0, 0, 0.127311133, 0.123828003, 0.160646338, -0.331344188, 0.778779567, 0.532375394, -0.00964355468, -0.567016602, 0.823608398, 0.943454018, 0.267821906, 0.19549216, 0, -0, 0, 0, 0, 0, 0, 0.178041455, 0.114367822, 0.0886196289, -0.788424278, 0.473216326, -0.392729401, -0.336669922, -0.866455078, -0.368164062, -0.514552842, -0.158066368, 0.842715473, 0, 1, 5, 1, 
144.358076, 19, 0.1, 0.1, 0.00618425849, 0.370472338, -0.034965226, 0.96542029, -0.260698415, 1.50961373e-005, 0.260698416, 0.96542029, -1.59602369e-005, -1.04133087e-005, 1.93438756e-005, 1, 0.965420319, -0.260698307, 1.49453543e-005, 0.260698307, 0.965420319, -2.4979141e-005, -7.91652897e-006, 2.80115988e-005, 1, 0, 0, 0, 0, 0, 0, 0, 0.127399878, 0.123648218, 0.159955127, -0.331344188, 0.778779567, 0.532375394, -0.00964355468, -0.567016602, 0.823608398, 0.943454018, 0.267821906, 0.19549216, 0, -0, 0, 0, 0, 0, 0, 0.178041455, 0.114367822, 0.0886196289, -0.788424278, 0.473216326, -0.392729401, -0.336669922, -0.866455078, -0.368164062, -0.514552842, -0.158066368, 0.842715473, 0, 1, 5, 1, 
144.35878, 19, 0.1, 0.1, 0.00618426165, 0.370472331, -0.034962397, 0.965420141, -0.260698969, -4.12728568e-006, 0.260698969, 0.96542014, 3.35917896e-005, -4.77278018e-006, -3.35061693e-005, 0.999999999, 0.965420165, -0.260698876, -1.35683911e-005, 0.260698876, 0.965420165, 3.32265793e-005, 4.43706649e-006, -3.5614874e-005, 0.999999999, 0, 0, 0, 0, 0, 0, 0, 0.127399878, 0.123648218, 0.159955127, -0.331344188, 0.778779567, 0.532375394, -0.00964355468, -0.567016602, 0.823608398, 0.943454018, 0.267821906, 0.19549216, 0, -0, 0, 0, 0, 0, 0, 0.178041455, 0.114367822, 0.0886196289, -0.788424278, 0.473216326, -0.392729401, -0.336669922, -0.866455078, -0.368164062, -0.514552842, -0.158066368, 0.842715473, 0, 1, 5, 1, 
144.359475, 19, 0.1, 0.1, 0.00618426302, 0.370472335, -0.0349619015, 0.965420053, -0.260699294, -6.0983126e-007, 0.260699294, 0.965420052, -3.62116646e-005, 1.00290987e-005, 3.48004845e-005, 0.999999999, 0.965420071, -0.260699227, -4.75497102e-006, 0.260699226, 0.96542007, -3.06979553e-005, 1.25934777e-005, 2.83968049e-005, 1, 0, 0, 0, 0, 0, 0, 0, 0.127399878, 0.123648218, 0.159955127, -0.331344188, 0.778779567, 0.532375394, -0.00964355468, -0.567016602, 0.823608398, 0.943454018, 0.267821906, 0.19549216, 0, -0, 0, 0, 0, 0, 0, 0.178041455, 0.114367822, 0.0886196289, -0.788424278, 0.473216326, -0.392729401, -0.336669922, -0.866455078, -0.368164062, -0.514552842, -0.158066368, 0.842715473, 0, 1, 5, 1, 
144.360206, 19, 0.1, 0.1, 0.00618425745, 0.370472336, -0.0349634473, 0.965419911, -0.26069982, 1.08749856e-005, 0.26069982, 0.96541991, 3.00982086e-005, -1.83455252e-005, -2.62223031e-005, 0.999999999, 0.965419946, -0.260699688, 2.05585276e-005, 0.260699688, 0.965419946, 1.89354142e-005, -2.47840692e-005, -1.29210249e-005, 1, 0, 0, 0, 0, 0, 0, 0, 0.127338232, 0.123698267, 0.159628125, -0.332524775, 0.779693932, 0.530325748, -0.0100097656, -0.565185547, 0.824829102, 0.943023045, 0.268913004, 0.195816793, 0, -0, 0, 0, 0, 0, 0, 0.178052686, 0.114151904, 0.0880552246, -0.787957995, 0.472794885, -0.394416263, -0.336669922, -0.86706543, -0.366943359, -0.515485775, -0.156392265, 0.842415434, 0, 1, 5, 1, 
144.360914, 19, 0.1, 0.1, 0.00618426556, 0.370472332, -0.0349665301, 0.965419672, -0.260700703, -2.22812384e-005, 0.260700703, 0.965419672, -1.55136045e-005, 2.55551535e-005, 9.1684045e-006, 1, 0.965419724, -0.260700508, -2.95985712e-005, 0.260700508, 0.965419725, 1.48788205e-006, 2.81871528e-005, -9.15279322e-006, 1, 0, 0, 0, 0, 0, 0, 0, 0.127338232, 0.123698267, 0.159628125, -0.332524775, 0.779693932, 0.530325748, -0.0100097656, -0.565185547, 0.824829102, 0.943023045, 0.268913004, 0.195816793, 0, -0, 0, 0, 0, 0, 0, 0.178052686, 0.114151904, 0.0880552246, -0.787957995, 0.472794885, -0.394416263, -0.336669922, -0.86706543, -0.366943359, -0.515485775, -0.156392265, 0.842415434, 0, 1, 5, 1, 
144.361617, 19, 0.1, 0.1, 0.00618426064, 0.370472339, -0.0349702379, 0.965419352, -0.260701885, 3.47652413e-005, 0.260701885, 0.965419353, 1.32742119e-006, -3.3909098e-005, 7.78184586e-006, 0.999999999, 0.965419422, -0.260701626, 3.19197224e-005, 0.260701626, 0.965419423, -1.13650904e-005, -2.78530225e-005, 1.92936026e-005, 0.999999999, 0, 0, 0, 0, 0, 0, 0, 0.127338232, 0.123698267, 0.159628125, -0.332524775, 0.779693932, 0.530325748, -0.0100097656, -0.565185547, 0.824829102, 0.943023045, 0.268913004, 0.195816793, 0, -0, 0, 0, 0, 0, 0, 0.178052686, 0.114151904, 0.0880552246, -0.787957995, 0.472794885, -0.394416263, -0.336669922, -0.86706543, -0.366943359, -0.515485775, -0.156392265, 0.842415434, 0, 1, 5, 1, 
144.362313, 19, 0.1, 0.1, 0.0061842586, 0.370472332, -0.0349734755, 0.965418967, -0.260703313, -2.04018895e-005, 0.260703314, 0.965418967, 1.35781737e-005, 1.61564963e-005, -1.84274666e-005, 1, 0.965419047, -0.260703019, -3.68379349e-006, 0.260703019, 0.965419047, 2.40020471e-005, -2.70100173e-006, -2.41324095e-005, 1, 0, 0, 0, 0, 0, 0, 0, 0.127338232, 0.123698267, 0.159628125, -0.332524775, 0.779693932, 0.530325748, -0.0100097656, -0.565185547, 0.824829102, 0.943023045, 0.268913004, 0.195816793, 0, -0, 0, 0, 0, 0, 0, 0.178052686, 0.114151904, 0.0880552246, -0.787957995, 0.472794885, -0.394416263, -0.336669922, -0.86706543, -0.366943359, -0.515485775, -0.156392265, 0.842415434, 0, 1, 5, 1, 
144.36302, 19, 0.1, 0.1, 0.00618427016, 0.370472339, -0.0349753282, 0.965418528, -0.260704937, -2.29465107e-005, 0.260704937, 0.965418528, -2.82468647e-005, 2.95170837e-005, 2.1287778e-005, 0.999999999, 0.965418615, -0.260704617, -3.06203832e-005, 0.260704616, 0.965418615, -3.00187701e-005, 3.73875199e-005, 2.09978042e-005, 0.999999999, 0, 0, 0, 0, 0, 0, 0, 0.127338232, 0.123698267, 0.159628125, -0.332524775, 0.779693932, 0.530325748, -0.0100097656, -0.565185547, 0.824829102, 0.943023045, 0.268913004, 0.195816793, 0, -0, 0, 0, 0, 0, 0, 0.178052686, 0.114151904, 0.0880552246, -0.787957995, 0.472794885, -0.394416263, -0.336669922, -0.86706543, -0.366943359, -0.515485775, -0.156392265, 0.842415434, 0, 1, 5, 1, 
144.363817, 19, 0.1, 0.1, 0.00618426371, 0.370472336, -0.0349748298, 0.965418057, -0.260706681, 4.159671e-005, 0.26070668, 0.965418058, 3.03250421e-005, -4.80641561e-005, -1.84318031e-005, 0.999999999, 0.965418186, -0.260706203, 2.9298949e-005, 0.260706203, 0.965418187, 2.0763311e-005, -3.36988622e-005, -1.24068603e-005, 0.999999999, 0, 0, 0, 0, 0, 0, 0, 0.127338232, 0.123698267, 0.159628125, -0.332524775, 0.779693932, 0.530325748, -0.0100097656, -0.565185547, 0.824829102, 0.943023045, 0.268913004, 0.195816793, 0, -0, 0, 0, 0, 0, 0, 0.178052686, 0.114151904, 0.0880552246, -0.787957995, 0.472794885, -0.394416263, -0.336669922, -0.86706543, -0.366943359, -0.515485775, -0.156392265, 0.842415434, 0, 1, 5, 1, 
144.364539, 19, 0.1, 0.1, 0.0061842525, 0.370472334, -0.0349717814, 0.965417697, -0.260708017, 1.04301141e-005, 0.260708017, 0.965417697, -1.77211867e-005, -5.4493613e-006, 1.98275616e-005, 1, 0.965417761, -0.260707779, 2.786682e-005, 0.260707779, 0.965417761, -3.70020606e-006, -2.59384504e-005, 1.08373414e-005, 1, 0, 0, 0, 0, 0, 0, 0, 0.127338232, 0.123698267, 0.159628125, -0.332664438, 0.780798135, 0.5286569, -0.0109863281, -0.563842773, 0.825805664, 0.942921574, 0.268861708, 0.196204704, 0, -0, 0, 0, 0, 0, 0, 0.178052686, 0.114151904, 0.0880552246, -0.787957995, 0.472794885, -0.394416263, -0.336669922, -0.86706543, -0.366943359, -0.515485775, -0.156392265, 0.842415434, 0, 1, 5, 1, 
144.36526, 19, 0.1, 0.1, 0.00618426655, 0.370472341, -0.0349679291, 0.965417495, -0.260708759, -4.79171772e-005, 0.26070876, 0.965417497, -1.75366473e-006, 4.6717277e-005, -1.07994092e-005, 0.999999999, 0.965417524, -0.260708654, -4.97325175e-005, 0.260708654, 0.965417525, -1.00496764e-005, 5.06326815e-005, -3.26356396e-006, 0.999999999, 0, 0, 0, 0, 0, 0, 0, 0.127330786, 0.123531299, 0.159320776, -0.332664438, 0.780798135, 0.5286569, -0.0109863281, -0.563842773, 0.825805664, 0.942921574, 0.268861708, 0.196204704, 0, -0, 0, 0, 0, 0, 0, 0.178080518, 0.113952588, 0.0877240723, -0.787248908, 0.472616247, -0.395994484, -0.336791992, -0.867431641, -0.365844727, -0.516393189, -0.154692643, 0.842249557, 0, 1, 5, 1, 
144.365966, 19, 0.1, 0.1, 0.00618426773, 0.370472341, -0.0349649194, 0.965417391, -0.260709147, 2.72267196e-005, 0.260709147, 0.965417392, 3.54404021e-006, -2.72091123e-005, 3.6767768e-006, 1, 0.965417413, -0.260709067, 2.01256298e-005, 0.260709067, 0.965417413, -9.18581573e-007, -1.91901509e-005, 6.13374881e-006, 1, 0, 0, 0, 0, 0, 0, 0, 0.127330786, 0.123531299, 0.159320776, -0.332664438, 0.780798135, 0.5286569, -0.0109863281, -0.563842773, 0.825805664, 0.942921574, 0.268861708, 0.196204704, 0, -0, 0, 0, 0, 0, 0, 0.178080518, 0.113952588, 0.0877240723, -0.787248908, 0.472616247, -0.395994484, -0.336791992, -0.867431641, -0.365844727, -0.516393189, -0.154692643, 0.842249557, 0, 1, 5, 1, 
144.366677, 19, 0.1, 0.1, 0.00618426633, 0.370472342, -0.0349634434, 0.965417262, -0.260709627, -1.69096736e-005, 0.260709627, 0.965417262, -1.7714634e-005, 2.09432664e-005, 1.26934987e-005, 1, 0.965417289, -0.260709527, -6.26601608e-006, 0.260709527, 0.965417289, -1.03398113e-005, 8.74500758e-006, 8.34862255e-006, 1, 0, 0, 0, 0, 0, 0, 0, 0.127330786, 0.123531299, 0.159320776, -0.332664438, 0.780798135, 0.5286569, -0.0109863281, -0.563842773, 0.825805664, 0.942921574, 0.268861708, 0.196204704, 0, -0, 0, 0, 0, 0, 0, 0.178080518, 0.113952588, 0.0877240723, -0.787248908, 0.472616247, -0.395994484, -0.336791992, -0.867431641, -0.365844727, -0.516393189, -0.154692643, 0.842249557, 0, 1, 5, 1, 
144.367377, 19, 0.1, 0.1, 0.00618427057, 0.37047234, -0.0349637253, 0.965417177, -0.260709944, 7.43113828e-006, 0.260709944, 0.965417176, 2.36424757e-005, -1.33379771e-005, -2.08874805e-005, 1, 0.965417187, -0.260709907, -1.25066272e-006, 0.260709907, 0.965417186, 2.09984956e-005, -4.26710456e-006, -2.05983687e-005, 1, 0, 0, 0, 0, 0, 0, 0, 0.127330786, 0.123531299, 0.159320776, -0.332664438, 0.780798135, 0.5286569, -0.0109863281, -0.563842773, 0.825805664, 0.942921574, 0.268861708, 0.196204704, 0, -0, 0, 0, 0, 0, 0, 0.178080518, 0.113952588, 0.0877240723, -0.787248908, 0.472616247, -0.395994484, -0.336791992, -0.867431641, -0.365844727, -0.516393189, -0.154692643, 0.842249557, 0, 1, 5, 1, 
144.368084, 19, 0.1, 0.1, 0.00618427102, 0.370472345, -0.0349656318, 0.96541717, -0.260709967, -1.63751471e-005, 0.260709966, 0.96541717, -3.69113111e-005, 2.54319949e-005, 3.13656494e-005, 0.999999999, 0.965417165, -0.260709987, -8.10749708e-006, 0.260709986, 0.965417165, -3.0765473e-005, 1.58479829e-005, 2.75878103e-005, 0.999999999, 0, 0, 0, 0, 0, 0, 0, 0.127330786, 0.123531299, 0.159320776, -0.332664438, 0.780798135, 0.5286569, -0.0109863281, -0.563842773, 0.825805664, 0.942921574, 0.268861708, 0.196204704, 0, -0, 0, 0, 0, 0, 0, 0.178080518, 0.113952588, 0.0877240723, -0.787248908, 0.472616247, -0.395994484, -0.336791992, -0.867431641, -0.365844727, -0.516393189, -0.154692643, 0.842249557, 0, 1, 5, 1, 
144.36879, 19, 0.1, 0.1, 0.00618427545, 0.370472347, -0.0349685131, 0.965417214, -0.260709805, 2.2849093e-006, 0.260709805, 0.965417214, 2.86441071e-005, -9.67369035e-006, -2.70578158e-005, 1, 0.965417205, -0.260709838, -3.45166378e-006, 0.260709838, 0.965417205, 1.40211798e-005, -3.23163913e-007, -1.44361709e-005, 1, 0, 0, 0, 0, 0, 0, 0, 0.127330786, 0.123531299, 0.159320776, -0.332664438, 0.780798135, 0.5286569, -0.0109863281, -0.563842773, 0.825805664, 0.942921574, 0.268861708, 0.196204704, 0, -0, 0, 0, 0, 0, 0, 0.178080518, 0.113952588, 0.0877240723, -0.787248908, 0.472616247, -0.395994484, -0.336791992, -0.867431641, -0.365844727, -0.516393189, -0.154692643, 0.842249557, 0, 1, 5, 1, 
144.369509, 19, 0.1, 0.1, 0.00618427745, 0.370472341, -0.0349714587, 0.965417244, -0.260709693, -1.2348251e-005, 0.260709693, 0.965417245, -6.29763357e-006, 1.35630685e-005, 2.86053533e-006, 1, 0.965417244, -0.260709695, -1.08190764e-005, 0.260709695, 0.965417244, 1.22568748e-005, 7.24943681e-006, -1.46536364e-005, 1, 0, 0, 0, 0, 0, 0, 0, 0.127365332, 0.123353467, 0.158605762, -0.332004313, 0.781680299, 0.527844007, -0.0103759766, -0.56262207, 0.826660156, 0.943187796, 0.268969171, 0.194973942, 0, -0, 0, 0, 0, 0, 0, 0.178080518, 0.113952588, 0.0877240723, -0.787338227, 0.47242485, -0.395840999, -0.337768555, -0.867919922, -0.364013672, -0.515543377, -0.152871619, 0.843124887, 0, 1, 5, 1, 
144.370213, 19, 0.1, 0.1, 0.00618427638, 0.370472346, -0.0349733153, 0.96541721, -0.26070982, 1.99014626e-005, 0.26070982, 0.96541721, 2.24579995e-006, -1.97987166e-005, 3.02037281e-006, 1, 0.965417223, -0.260709773, 1.50698756e-005, 0.260709774, 0.965417223, -9.63798571e-006, -1.20360004e-005, 1.32335413e-005, 1, 0, 0, 0, 0, 0, 0, 0, 0.127365332, 0.123353467, 0.158605762, -0.332004313, 0.781680299, 0.527844007, -0.0103759766, -0.56262207, 0.826660156, 0.943187796, 0.268969171, 0.194973942, 0, -0, 0, 0, 0, 0, 0, 0.17809248, 0.113531738, 0.086859668, -0.787338227, 0.47242485, -0.395840999, -0.337768555, -0.867919922, -0.364013672, -0.515543377, -0.152871619, 0.843124887, 0, 1, 5, 1, 
144.370917, 19, 0.1, 0.1, 0.00618427597, 0.370472339, -0.0349739043, 0.965417102, -0.260710221, -1.82251415e-005, 0.260710221, 0.965417102, 1.2037256e-005, 1.44566276e-005, -1.63724535e-005, 1, 0.965417127, -0.260710127, -5.18304995e-006, 0.260710127, 0.965417127, 2.24758865e-005, -8.55886034e-007, -2.30498794e-005, 1, 0, 0, 0, 0, 0, 0, 0, 0.127365332, 0.123353467, 0.158605762, -0.332004313, 0.781680299, 0.527844007, -0.0103759766, -0.56262207, 0.826660156, 0.943187796, 0.268969171, 0.194973942, 0, -0, 0, 0, 0, 0, 0, 0.17809248, 0.113531738, 0.086859668, -0.787338227, 0.47242485, -0.395840999, -0.337768555, -0.867919922, -0.364013672, -0.515543377, -0.152871619, 0.843124887, 0, 1, 5, 1, 
144.371624, 19, 0.1, 0.1, 0.00618428283, 0.370472347, -0.0349731492, 0.96541692, -0.260710894, -4.03036389e-006, 0.260710893, 0.96541692, -2.66463387e-005, 1.08379723e-005, 2.46740665e-005, 1, 0.965416962, -0.260710737, -1.46075066e-005, 0.260710737, 0.965416962, -3.01397877e-005, 2.19601009e-005, 2.52891285e-005, 0.999999999, 0, 0, 0, 0, 0, 0, 0, 0.127365332, 0.123353467, 0.158605762, -0.332004313, 0.781680299, 0.527844007, -0.0103759766, -0.56262207, 0.826660156, 0.943187796, 0.268969171, 0.194973942, 0, -0, 0, 0, 0, 0, 0, 0.17809248, 0.113531738, 0.086859668, -0.787338227, 0.47242485, -0.395840999, -0.337768555, -0.867919922, -0.364013672, -0.515543377, -0.152871619, 0.843124887, 0, 1, 5, 1, 
144.372349, 19, 0.1, 0.1, 0.00618427897, 0.370472345, -0.0349709161, 0.965416669, -0.260711824, 4.56725907e-006, 0.260711824, 0.965416669, 2.42704267e-005, -1.07368952e-005, -2.2240336e-005, 1, 0.965416721, -0.26071163, 1.2217633e-005, 0.260711629, 0.965416721, 2.26417711e-005, -1.76980802e-005, -1.86734654e-005, 1, 0, 0, 0, 0, 0, 0, 0, 0.127332129, 0.12317832, 0.158065649, -0.332645342, 0.782600655, 0.525972216, -0.0114746094, -0.561035156, 0.827636719, 0.943042141, 0.269317768, 0.195641181, 0, -0, 0, 0, 0, 0, 0, 0.178078564, 0.113221094, 0.0864469727, -0.787050947, 0.470693511, -0.398460795, -0.336181641, -0.869018555, -0.362792969, -0.517108838, -0.151580677, 0.842358565, 0, 1, 5, 1, 
144.373053, 19, 0.1, 0.1, 0.00618428064, 0.370472345, -0.0349684079, 0.965416376, -0.260712907, 9.52360474e-006, 0.260712907, 0.965416377, -7.20757382e-006, -7.31513646e-006, 9.44123647e-006, 1, 0.965416437, -0.260712683, -7.06494562e-007, 0.260712683, 0.965416437, -8.93289118e-006, 3.01097949e-006, 8.43976789e-006, 1, 0, 0, 0, 0, 0, 0, 0, 0.127332129, 0.12317832, 0.158065649, -0.332645342, 0.782600655, 0.525972216, -0.0114746094, -0.561035156, 0.827636719, 0.943042141, 0.269317768, 0.195641181, 0, -0, 0, 0, 0, 0, 0, 0.178078564, 0.113221094, 0.0864469727, -0.787050947, 0.470693511, -0.398460795, -0.336181641, -0.869018555, -0.362792969, -0.517108838, -0.151580677, 0.842358565, 0, 1, 5, 1, 
144.373756, 19, 0.1, 0.1, 0.00618428185, 0.370472344, -0.0349664132, 0.965416051, -0.26071411, -1.66727906e-005, 0.26071411, 0.965416052, -5.35044297e-006, 1.74911157e-005, 8.18571752e-007, 1, 0.965416123, -0.260713847, -1.23455191e-005, 0.260713848, 0.965416123, 4.46531504e-006, 1.07543937e-005, -7.52953492e-006, 1, 0, 0, 0, 0, 0, 0, 0, 0.127332129, 0.12317832, 0.158065649, -0.332645342, 0.782600655, 0.525972216, -0.0114746094, -0.561035156, 0.827636719, 0.943042141, 0.269317768, 0.195641181, 0, -0, 0, 0, 0, 0, 0, 0.178078564, 0.113221094, 0.0864469727, -0.787050947, 0.470693511, -0.398460795, -0.336181641, -0.869018555, -0.362792969, -0.517108838, -0.151580677, 0.842358565, 0, 1, 5, 1, 
144.374447, 19, 0.1, 0.1, 0.00618428338, 0.370472345, -0.0349654932, 0.965415741, -0.260715262, 5.6824733e-006, 0.260715262, 0.965415741, 3.20685501e-006, -6.32202521e-006, -1.6144408e-006, 1, 0.9654158, -0.260715042, 5.75806342e-006, 0.260715042, 0.9654158, 5.37813838e-006, -6.96108697e-006, -3.69092602e-006, 1, 0, 0, 0, 0, 0, 0, 0, 0.127332129, 0.12317832, 0.158065649, -0.332645342, 0.782600655, 0.525972216, -0.0114746094, -0.561035156, 0.827636719, 0.943042141, 0.269317768, 0.195641181, 0, -0, 0, 0, 0, 0, 0, 0.178078564, 0.113221094, 0.0864469727, -0.787050947, 0.470693511, -0.398460795, -0.336181641, -0.869018555, -0.362792969, -0.517108838, -0.151580677, 0.842358565, 0, 1, 5, 1, 
144.375152, 19, 0.1, 0.1, 0.00618428372, 0.370472345, -0.0349657855, 0.965415454, -0.260716325, -6.13033212e-006, 0.260716325, 0.965415454, 9.69118079e-006, 3.39166832e-006, -1.09542934e-005, 1, 0.965415511, -0.260716111, 1.464347e-006, 0.260716111, 0.965415511, 7.69493927e-006, -3.41989795e-006, -7.04703488e-006, 1, 0, 0, 0, 0, 0, 0, 0, 0.127332129, 0.12317832, 0.158065649, -0.332645342, 0.782600655, 0.525972216, -0.0114746094, -0.561035156, 0.827636719, 0.943042141, 0.269317768, 0.195641181, 0, -0, 0, 0, 0, 0, 0, 0.178078564, 0.113221094, 0.0864469727, -0.787050947, 0.470693511, -0.398460795, -0.336181641, -0.869018555, -0.362792969, -0.517108838, -0.151580677, 0.842358565, 0, 1, 5, 1, 
144.375858, 19, 0.1, 0.1, 0.00618428437, 0.37047235, -0.0349671289, 0.965415194, -0.260717287, -8.58311196e-007, 0.260717287, 0.965415194, -2.30061677e-005, 6.8267323e-006, 2.19867273e-005, 1, 0.96541524, -0.260717115, -5.08882659e-007, 0.260717115, 0.96541524, -2.21197329e-005, 6.25827602e-006, 2.12220528e-005, 1, 0, 0, 0, 0, 0, 0, 0, 0.127332129, 0.12317832, 0.158065649, -0.332645342, 0.782600655, 0.525972216, -0.0114746094, -0.561035156, 0.827636719, 0.943042141, 0.269317768, 0.195641181, 0, -0, 0, 0, 0, 0, 0, 0.178078564, 0.113221094, 0.0864469727, -0.787050947, 0.470693511, -0.398460795, -0.336181641, -0.869018555, -0.362792969, -0.517108838, -0.151580677, 0.842358565, 0, 1, 5, 1, 
144.376565, 19, 0.1, 0.1, 0.00618428325, 0.370472347, -0.0349690425, 0.965414953, -0.260718178, -3.04073855e-006, 0.260718178, 0.965414953, 2.46902178e-005, -3.50161414e-006, -2.46290812e-005, 1, 0.965415009, -0.260717972, 5.3469394e-006, 0.260717972, 0.965415009, 2.27575074e-005, -1.10953067e-005, -2.0576396e-005, 1, 0, 0, 0, 0, 0, 0, 0, 0.127332129, 0.12317832, 0.158065649, -0.333045236, 0.783324059, 0.524620887, -0.0126953125, -0.560058594, 0.828369141, 0.942858294, 0.269203192, 0.19647317, 0, -0, 0, 0, 0, 0, 0, 0.178078564, 0.113221094, 0.0864469727, -0.787050947, 0.470693511, -0.398460795, -0.336181641, -0.869018555, -0.362792969, -0.517108838, -0.151580677, 0.842358565, 0, 1, 5, 1, 
144.377284, 19, 0.1, 0.1, 0.0061842875, 0.370472349, -0.0349706195, 0.96541466, -0.260719263, 6.25763607e-006, 0.260719263, 0.96541466, -2.64719083e-005, 8.60522819e-007, 2.71878546e-005, 1, 0.965414722, -0.260719034, -6.49594076e-006, 0.260719034, 0.965414722, -1.85051901e-005, 1.10959321e-005, 1.61715675e-005, 1, 0, 0, 0, 0, 0, 0, 0, 0.127311133, 0.122991699, 0.157329395, -0.333045236, 0.783324059, 0.524620887, -0.0126953125, -0.560058594, 0.828369141, 0.942858294, 0.269203192, 0.19647317, 0, -0, 0, 0, 0, 0, 0, 0.178087842, 0.112973682, 0.0858110352, -0.786386704, 0.469773704, -0.401080591, -0.335205078, -0.869873047, -0.361572266, -0.518757421, -0.149836212, 0.841592243, 0, 1, 5, 1, 
144.377985, 19, 0.1, 0.1, 0.00618427886, 0.370472354, -0.0349717338, 0.96541432, -0.260720523, 1.66818266e-005, 0.260720523, 0.96541432, 6.78698788e-006, -1.78743813e-005, -2.20296073e-006, 1, 0.965414387, -0.260720272, 2.79311046e-005, 0.260720272, 0.965414388, -6.22165054e-006, -2.53429798e-005, 1.32886761e-005, 1, 0, 0, 0, 0, 0, 0, 0, 0.127311133, 0.122991699, 0.157329395, -0.333045236, 0.783324059, 0.524620887, -0.0126953125, -0.560058594, 0.828369141, 0.942858294, 0.269203192, 0.19647317, 0, -0, 0, 0, 0, 0, 0, 0.178087842, 0.112973682, 0.0858110352, -0.786386704, 0.469773704, -0.401080591, -0.335205078, -0.869873047, -0.361572266, -0.518757421, -0.149836212, 0.841592243, 0, 1, 5, 1, 
144.378703, 19, 0.1, 0.1, 0.00618428621, 0.370472353, -0.0349720797, 0.965413924, -0.260721986, -2.59231311e-005, 0.260721986, 0.965413925, -8.38311582e-006, 2.72122144e-005, 1.33444652e-006, 1, 0.965414015, -0.260721652, -2.95360257e-005, 0.260721652, 0.965414015, 2.73423913e-006, 2.78016178e-005, -1.03403542e-005, 1, 0, 0, 0, 0, 0, 0, 0, 0.127311133, 0.122991699, 0.157329395, -0.333045236, 0.783324059, 0.524620887, -0.0126953125, -0.560058594, 0.828369141, 0.942858294, 0.269203192, 0.19647317, 0, -0, 0, 0, 0, 0, 0, 0.178087842, 0.112973682, 0.0858110352, -0.786386704, 0.469773704, -0.401080591, -0.335205078, -0.869873047, -0.361572266, -0.518757421, -0.149836212, 0.841592243, 0, 1, 5, 1, 
144.379401, 19, 0.1, 0.1, 0.00618428628, 0.370472352, -0.0349714774, 0.965413515, -0.260723504, 1.54266318e-005, 0.260723503, 0.965413515, 1.74430163e-005, -1.94408832e-005, -1.28176382e-005, 1, 0.965413596, -0.260723203, 1.26092504e-005, 0.260723203, 0.965413596, 1.21511016e-005, -1.53412159e-005, -8.4433145e-006, 1, 0, 0, 0, 0, 0, 0, 0, 0.127311133, 0.122991699, 0.157329395, -0.333045236, 0.783324059, 0.524620887, -0.0126953125, -0.560058594, 0.828369141, 0.942858294, 0.269203192, 0.19647317, 0, -0, 0, 0, 0, 0, 0, 0.178087842, 0.112973682, 0.0858110352, -0.786386704, 0.469773704, -0.401080591, -0.335205078, -0.869873047, -0.361572266, -0.518757421, -0.149836212, 0.841592243, 0, 1, 5, 1, 
144.380139, 19, 0.1, 0.1, 0.0061842861, 0.370472354, -0.0349698846, 0.96541311, -0.260725004, -7.26433066e-006, 0.260725004, 0.96541311, -1.28665958e-005, 1.03677233e-005, 1.05275876e-005, 1, 0.965413182, -0.260724738, -6.25910816e-006, 0.260724738, 0.965413182, -1.33679304e-005, 9.52797567e-006, 1.12736719e-005, 1, 0, 0, 0, 0, 0, 0, 0, 0.127311133, 0.122991699, 0.157329395, -0.333045236, 0.783324059, 0.524620887, -0.0126953125, -0.560058594, 0.828369141, 0.942858294, 0.269203192, 0.19647317, 0, -0, 0, 0, 0, 0, 0, 0.178087842, 0.112973682, 0.0858110352, -0.786386704, 0.469773704, -0.401080591, -0.335205078, -0.869873047, -0.361572266, -0.518757421, -0.149836212, 0.841592243, 0, 1, 5, 1, 
144.380849, 19, 0.1, 0.1, 0.0061842863, 0.370472351, -0.0349681682, 0.965412765, -0.260726279, -1.86170073e-006, 0.260726279, 0.965412765, 5.47733126e-006, 3.69225451e-007, -5.77327982e-006, 1, 0.96541283, -0.26072604, 3.27515721e-006, 0.26072604, 0.96541283, 1.35789655e-005, -6.7022687e-006, -1.22553888e-005, 1, 0, 0, 0, 0, 0, 0, 0, 0.127311133, 0.122991699, 0.157329395, -0.333045236, 0.783324059, 0.524620887, -0.0126953125, -0.560058594, 0.828369141, 0.942858294, 0.269203192, 0.19647317, 0, -0, 0, 0, 0, 0, 0, 0.178087842, 0.112973682, 0.0858110352, -0.786386704, 0.469773704, -0.401080591, -0.335205078, -0.869873047, -0.361572266, -0.518757421, -0.149836212, 0.841592243, 0, 1, 5, 1, 
144.38156, 19, 0.1, 0.1, 0.0061842869, 0.370472354, -0.0349668104, 0.965412438, -0.26072749, -8.29830431e-006, 0.26072749, 0.965412438, 6.04450096e-006, 6.43531864e-006, -7.99903246e-006, 1, 0.965412496, -0.260727276, -4.54183437e-006, 0.260727276, 0.965412496, -5.40478007e-006, 5.79391724e-006, 4.03366211e-006, 1, 0, 0, 0, 0, 0, 0, 0, 0.127345679, 0.122570972, 0.156416895, -0.332385111, 0.783825425, 0.524309359, -0.0118408203, -0.559326172, 0.828857422, 0.943124516, 0.269247376, 0.195286592, 0, -0, 0, 0, 0, 0, 0, 0.178087842, 0.112973682, 0.0858110352, -0.786386704, 0.469773704, -0.401080591, -0.335205078, -0.869873047, -0.361572266, -0.518757421, -0.149836212, 0.841592243, 0, 1, 5, 1, 
144.382276, 19, 0.1, 0.1, 0.00618428493, 0.370472352, -0.0349659989, 0.965412203, -0.260728363, 7.43760142e-006, 0.260728363, 0.965412202, -1.06974417e-005, -4.39122472e-006, 1.22666343e-005, 1, 0.965412239, -0.260728228, 1.36909182e-005, 0.260728228, 0.965412239, -2.68760397e-006, -1.25166457e-005, 6.1642546e-006, 1, 0, 0, 0, 0, 0, 0, 0, 0.127345679, 0.122570972, 0.156416895, -0.332385111, 0.783825425, 0.524309359, -0.0118408203, -0.559326172, 0.828857422, 0.943124516, 0.269247376, 0.195286592, 0, -0, 0, 0, 0, 0, 0, 0.178084424, 0.112494727, 0.0848401855, -0.786361184, 0.468732496, -0.402332887, -0.334960937, -0.870727539, -0.359741211, -0.519000225, -0.148104507, 0.841828849, 0, 1, 5, 1, 
144.382979, 19, 0.1, 0.1, 0.0061842895, 0.370472353, -0.0349662991, 0.965412079, -0.260728821, -3.73099771e-006, 0.260728821, 0.965412079, 1.14959671e-005, 6.04620303e-007, -1.20711242e-005, 1, 0.965412096, -0.260728758, -1.47579003e-005, 0.260728758, 0.965412096, 9.37305249e-006, 1.18036312e-005, -1.28966673e-005, 1, 0, 0, 0, 0, 0, 0, 0, 0.127345679, 0.122570972, 0.156416895, -0.332385111, 0.783825425, 0.524309359, -0.0118408203, -0.559326172, 0.828857422, 0.943124516, 0.269247376, 0.195286592, 0, -0, 0, 0, 0, 0, 0, 0.178084424, 0.112494727, 0.0848401855, -0.786361184, 0.468732496, -0.402332887, -0.334960937, -0.870727539, -0.359741211, -0.519000225, -0.148104507, 0.841828849, 0, 1, 5, 1, 
144.383683, 19, 0.1, 0.1, 0.00618428162, 0.370472354, -0.0349675426, 0.965412038, -0.260728972, 1.7383643e-005, 0.260728972, 0.965412038, -3.78030666e-006, -1.57967428e-005, 8.18197294e-006, 1, 0.965412043, -0.260728953, 2.85219163e-005, 0.260728954, 0.965412043, -6.63270868e-006, -2.58060623e-005, 1.38397862e-005, 1, 0, 0, 0, 0, 0, 0, 0, 0.127345679, 0.122570972, 0.156416895, -0.332385111, 0.783825425, 0.524309359, -0.0118408203, -0.559326172, 0.828857422, 0.943124516, 0.269247376, 0.195286592, 0, -0, 0, 0, 0, 0, 0, 0.178084424, 0.112494727, 0.0848401855, -0.786361184, 0.468732496, -0.402332887, -0.334960937, -0.870727539, -0.359741211, -0.519000225, -0.148104507, 0.841828849, 0, 1, 5, 1, 
144.38439, 19, 0.1, 0.1, 0.00618429136, 0.370472356, -0.0349692161, 0.965411978, -0.260729192, -3.81546863e-005, 0.260729192, 0.965411979, -1.11778284e-005, 3.97493774e-005, 8.43168912e-007, 0.999999999, 0.965411994, -0.260729133, -3.81862805e-005, 0.260729133, 0.965411995, -1.0450184e-005, 3.95901606e-005, 1.32457197e-007, 0.999999999, 0, 0, 0, 0, 0, 0, 0, 0.127345679, 0.122570972, 0.156416895, -0.332385111, 0.783825425, 0.524309359, -0.0118408203, -0.559326172, 0.828857422, 0.943124516, 0.269247376, 0.195286592, 0, -0, 0, 0, 0, 0, 0, 0.178319873, 0.11219751, 0.0841144043, -0.785352058, 0.467084279, -0.406115659, -0.333129883, -0.871826172, -0.358764648, -0.521594501, -0.146436601, 0.840449322, 0, 1, 5, 1, 
144.385096, 19, 0.1, 0.1, 0.00618429269, 0.370472356, -0.0349707607, 0.965411903, -0.26072947, 3.01411299e-005, 0.26072947, 0.965411904, 8.65174908e-006, -3.13543716e-005, -4.93820718e-007, 1, 0.965411923, -0.260729397, 1.70030388e-005, 0.260729397, 0.965411923, 5.60013357e-007, -1.65609483e-005, 3.89254847e-006, 1, 0, 0, 0, 0, 0, 0, 0, 0.127345679, 0.122570972, 0.156416895, -0.332385111, 0.783825425, 0.524309359, -0.0118408203, -0.559326172, 0.828857422, 0.943124516, 0.269247376, 0.195286592, 0, -0, 0, 0, 0, 0, 0, 0.178319873, 0.11219751, 0.0841144043, -0.785352058, 0.467084279, -0.406115659, -0.333129883, -0.871826172, -0.358764648, -0.521594501, -0.146436601, 0.840449322, 0, 1, 5, 1, 
144.385808, 19, 0.1, 0.1, 0.00618428176, 0.370472354, -0.0349718335, 0.965411815, -0.260729799, 1.55025123e-005, 0.260729799, 0.965411815, 1.01839049e-006, -1.52318333e-005, 3.05880072e-006, 1, 0.965411829, -0.260729744, 2.9039564e-005, 0.260729744, 0.965411829, 5.09959735e-006, -2.93647553e-005, 2.64826649e-006, 1, 0, 0, 0, 0, 0, 0, 0, 0.127345679, 0.122570972, 0.156416895, -0.332385111, 0.783825425, 0.524309359, -0.0118408203, -0.559326172, 0.828857422, 0.943124516, 0.269247376, 0.195286592, 0, -0, 0, 0, 0, 0, 0, 0.178319873, 0.11219751, 0.0841144043, -0.785352058, 0.467084279, -0.406115659, -0.333129883, -0.871826172, -0.358764648, -0.521594501, -0.146436601, 0.840449322, 0, 1, 5, 1, 
144.386505, 19, 0.1, 0.1, 0.00618428829, 0.370472356, -0.0349720873, 0.965411743, -0.260730064, -2.09412122e-005, 0.260730064, 0.965411743, -5.22734752e-006, 2.15798188e-005, -4.13460918e-007, 1, 0.965411758, -0.260730009, -2.35450387e-005, 0.260730009, 0.965411758, -1.06452831e-005, 2.55062019e-005, 4.13818329e-006, 1, 0, 0, 0, 0, 0, 0, 0, 0.127345679, 0.122570972, 0.156416895, -0.332385111, 0.783825425, 0.524309359, -0.0118408203, -0.559326172, 0.828857422, 0.943124516, 0.269247376, 0.195286592, 0, -0, 0, 0, 0, 0, 0, 0.178319873, 0.11219751, 0.0841144043, -0.785352058, 0.467084279, -0.406115659, -0.333129883, -0.871826172, -0.358764648, -0.521594501, -0.146436601, 0.840449322, 0, 1, 5, 1, 
144.387223, 19, 0.1, 0.1, 0.00618428707, 0.370472356, -0.0349713586, 0.965411686, -0.260730277, 1.12818007e-005, 0.260730277, 0.965411686, 9.08515724e-007, -1.11284598e-005, 2.06441532e-006, 1, 0.965411694, -0.260730246, 1.3776213e-005, 0.260730246, 0.965411694, 1.93579076e-006, -1.38044363e-005, 1.72304038e-006, 1, 0, 0, 0, 0, 0, 0, 0, 0.127263037, 0.122384961, 0.15565, -0.333965592, 0.784523742, 0.522285922, -0.0137939453, -0.558105469, 0.829589844, 0.942509697, 0.269754733, 0.19733736, 0, -0, 0, 0, 0, 0, 0, 0.178319873, 0.11219751, 0.0841144043, -0.785352058, 0.467084279, -0.406115659, -0.333129883, -0.871826172, -0.358764648, -0.521594501, -0.146436601, 0.840449322, 0, 1, 5, 1, 
144.387928, 19, 0.1, 0.1, 0.00618429109, 0.370472357, -0.034970118, 0.965411629, -0.260730485, -1.26742533e-005, 0.260730485, 0.965411629, -2.80086502e-006, 1.29661424e-005, -6.00576537e-007, 1, 0.965411642, -0.260730439, -1.58686175e-005, 0.260730439, 0.965411642, -8.65783691e-006, 1.75771097e-005, 4.22094493e-006, 1, 0, 0, 0, 0, 0, 0, 0, 0.127263037, 0.122384961, 0.15565, -0.333965592, 0.784523742, 0.522285922, -0.0137939453, -0.558105469, 0.829589844, 0.942509697, 0.269754733, 0.19733736, 0, -0, 0, 0, 0, 0, 0, 0.178319873, 0.11219751, 0.0841144043, -0.785352058, 0.467084279, -0.406115659, -0.333129883, -0.871826172, -0.358764648, -0.521594501, -0.146436601, 0.840449322, 0, 1, 5, 1, 
144.388634, 19, 0.1, 0.1, 0.00618428664, 0.370472356, -0.0349687486, 0.965411585, -0.260730649, 1.94833187e-005, 0.260730649, 0.965411585, 3.16665432e-006, -1.96350654e-005, 2.02277356e-006, 1, 0.965411591, -0.260730627, 2.29795491e-005, 0.260730627, 0.965411591, 4.44689475e-006, -2.33441647e-005, 1.69838851e-006, 1, 0, 0, 0, 0, 0, 0, 0, 0.127263037, 0.122384961, 0.15565, -0.333965592, 0.784523742, 0.522285922, -0.0137939453, -0.558105469, 0.829589844, 0.942509697, 0.269754733, 0.19733736, 0, -0, 0, 0, 0, 0, 0, 0.178319873, 0.11219751, 0.0841144043, -0.785352058, 0.467084279, -0.406115659, -0.333129883, -0.871826172, -0.358764648, -0.521594501, -0.146436601, 0.840449322, 0, 1, 5, 1, 
