time, trialNum, realDorsalTactorPos, realVentralTactorPos, boxPosX, boxPosY, boxPosZ, boxLocalRot_11, boxLocalRot_12, boxLocalRot_13, boxLocalRot_21, boxLocalRot_22, boxLocalRot_23, boxLocalRot_31, boxLocalRot_32, boxLocalRot_33, boxGlobalRot_11, boxGlobalRot_12, boxGlobalRot_13, boxGlobalRot_21, boxGlobalRot_22, boxGlobalRot_23, boxGlobalRot_31, boxGlobalRot_32, boxGlobalRot_33, indexForceX, indexForceY, indexForceZ, indexForceGlobalX, indexForceGlobalY, indexForceGlobalZ, indexContact, indexPosX, indexPosY, indexPosZ, indexRot_11, indexRot_12, indexRot_13, indexRot_21, indexRot_22, indexRot_23, indexRot_31, indexRot_32, indexRot_33, thumbForceX, thumbForceY, thumbForceZ, thumbForceGlobalX, thumbForceGlobalY, thumbForceGlobalZ, thumbContact, thumbPosX, thumbPosY, thumbPosZ, thumbRot_11, thumbRot_12, thumbRot_13, thumbRot_21, thumbRot_22, thumbRot_23, thumbRot_31, thumbRot_32, thumbRot_33, manipForceTooHigh, cceExpType, mapping, trialSuccess, 
130.967799, 16, 0.1, 0.1, 0.0417602908, 0.35852932, -0.0349696409, 0.941486565, -0.337050511, 2.65023214e-005, 0.337050511, 0.941486565, -1.79068631e-005, -1.89160622e-005, 2.5791692e-005, 0.999999999, 0.941486549, -0.337050555, 2.85330991e-005, 0.337050556, 0.941486549, -3.54567983e-005, -1.49127954e-005, 4.29991956e-005, 0.999999999, 0, 0, 0, 0, 0, 0, 0, 0.123455176, 0.126829395, 0.153564722, -0.341982192, 0.763530095, 0.547615102, -0.158813477, -0.621337891, 0.767211914, 0.926229346, 0.175442172, 0.333849641, 0, -0, 0, 0, 0, 0, 0, 0.183420703, 0.116307568, 0.078284082, -0.662614083, 0.546292827, -0.512158394, -0.34387207, -0.829467773, -0.439941406, -0.665191175, -0.115281303, 0.737614977, 0, 1, 5, 1, 
130.99491, 16, 0.1, 0.1, 0.0417602998, 0.358529291, -0.0349699943, 0.941486142, -0.337051694, -4.07661706e-006, 0.337051694, 0.941486142, 9.09403163e-007, 3.53156259e-006, -2.23022116e-006, 1, 0.941486149, -0.337051673, 7.1807445e-006, 0.337051673, 0.941486149, 2.03156969e-006, -7.44531545e-006, 5.07587229e-007, 1, 0, 0, 0, 0, 0, 0, 0, 0.123174707, 0.122890039, 0.145045288, -0.360053818, 0.76863885, 0.528457603, -0.169311523, -0.610961914, 0.77331543, 0.917473969, 0.188969689, 0.35023182, 0, -0, 0, 0, 0, 0, 0, 0.185175049, 0.111602686, 0.0711711426, -0.655242868, 0.533080842, -0.534996121, -0.330078125, -0.839233398, -0.431884766, -0.679268297, -0.106359551, 0.726008932, 0, 1, 5, 1, 
130.995627, 16, 0.1, 0.1, 0.0417602996, 0.358529291, -0.034971741, 0.941486097, -0.33705182, 1.21581366e-005, 0.33705182, 0.941486097, 4.71793313e-006, -1.30369045e-005, -3.43946375e-007, 1, 0.941486104, -0.337051799, 6.8848912e-006, 0.337051799, 0.941486104, 5.32300133e-006, -8.27615657e-006, -2.69096682e-006, 1, 0, 0, 0, 0, 0, 0, 0, 0.123174707, 0.122890039, 0.145045288, -0.360053818, 0.76863885, 0.528457603, -0.169311523, -0.610961914, 0.77331543, 0.917473969, 0.188969689, 0.35023182, 0, -0, 0, 0, 0, 0, 0, 0.185175049, 0.111602686, 0.0711711426, -0.655242868, 0.533080842, -0.534996121, -0.330078125, -0.839233398, -0.431884766, -0.679268297, -0.106359551, 0.726008932, 0, 1, 5, 1, 
130.996329, 16, 0.1, 0.1, 0.0417602991, 0.358529293, -0.0349725227, 0.941486099, -0.337051815, -1.00262173e-005, 0.337051815, 0.941486099, 2.19232412e-006, 8.70061738e-006, -5.44339742e-006, 1, 0.941486093, -0.33705183, -9.17053718e-006, 0.33705183, 0.941486093, -6.31874345e-007, 8.84690763e-006, -2.49604543e-006, 1, 0, 0, 0, 0, 0, 0, 0, 0.123174707, 0.122890039, 0.145045288, -0.360053818, 0.76863885, 0.528457603, -0.169311523, -0.610961914, 0.77331543, 0.917473969, 0.188969689, 0.35023182, 0, -0, 0, 0, 0, 0, 0, 0.185175049, 0.111602686, 0.0711711426, -0.655242868, 0.533080842, -0.534996121, -0.330078125, -0.839233398, -0.431884766, -0.679268297, -0.106359551, 0.726008932, 0, 1, 5, 1, 
130.997032, 16, 0.1, 0.1, 0.0417602969, 0.358529293, -0.0349722822, 0.941486128, -0.337051734, 2.16409198e-006, 0.337051734, 0.941486128, 6.58328696e-006, -4.25637086e-006, -5.46866239e-006, 1, 0.941486123, -0.337051746, 1.03229537e-005, 0.337051746, 0.941486123, 1.27488873e-006, -1.01486211e-005, 2.27907952e-006, 1, 0, 0, 0, 0, 0, 0, 0, 0.123174707, 0.122890039, 0.145045288, -0.360053818, 0.76863885, 0.528457603, -0.169311523, -0.610961914, 0.77331543, 0.917473969, 0.188969689, 0.35023182, 0, -0, 0, 0, 0, 0, 0, 0.185175049, 0.111602686, 0.0711711426, -0.655242868, 0.533080842, -0.534996121, -0.330078125, -0.839233398, -0.431884766, -0.679268297, -0.106359551, 0.726008932, 0, 1, 5, 1, 
130.997742, 16, 0.1, 0.1, 0.0417602987, 0.358529294, -0.0349711673, 0.941486102, -0.337051807, 5.22112337e-006, 0.337051807, 0.941486102, -4.69294482e-007, -4.75743853e-006, 2.2016233e-006, 1, 0.941486112, -0.337051779, -3.65368235e-006, 0.337051779, 0.941486112, -6.79732001e-006, 5.73093999e-006, 5.16810225e-006, 1, 0, 0, 0, 0, 0, 0, 0, 0.123174707, 0.122890039, 0.145045288, -0.360053818, 0.76863885, 0.528457603, -0.169311523, -0.610961914, 0.77331543, 0.917473969, 0.188969689, 0.35023182, 0, -0, 0, 0, 0, 0, 0, 0.185175049, 0.111602686, 0.0711711426, -0.655242868, 0.533080842, -0.534996121, -0.330078125, -0.839233398, -0.431884766, -0.679268297, -0.106359551, 0.726008932, 0, 1, 5, 1, 
130.998466, 16, 0.1, 0.1, 0.0417602989, 0.358529294, -0.0349694524, 0.941486024, -0.337052024, -1.17562883e-005, 0.337052024, 0.941486024, -1.05087828e-005, 1.46103876e-005, 5.93139134e-006, 1, 0.941486041, -0.337051976, -7.05128784e-006, 0.337051976, 0.941486041, -5.5589321e-006, 8.51233813e-006, 2.85700647e-006, 1, 0, 0, 0, 0, 0, 0, 0, 0.123174707, 0.122890039, 0.145045288, -0.360053818, 0.76863885, 0.528457603, -0.169311523, -0.610961914, 0.77331543, 0.917473969, 0.188969689, 0.35023182, 0, -0, 0, 0, 0, 0, 0, 0.185175049, 0.111602686, 0.0711711426, -0.655242868, 0.533080842, -0.534996121, -0.330078125, -0.839233398, -0.431884766, -0.679268297, -0.106359551, 0.726008932, 0, 1, 5, 1, 
130.999167, 16, 0.1, 0.1, 0.0417602986, 0.358529294, -0.0349676427, 0.941485984, -0.337052136, 1.11206036e-005, 0.337052136, 0.941485984, -1.65549733e-006, -9.91190354e-006, 5.30685074e-006, 1, 0.941485985, -0.337052132, 8.39031132e-006, 0.337052132, 0.941485985, 7.10373373e-006, -1.02936891e-005, -3.86009343e-006, 1, 0, 0, 0, 0, 0, 0, 0, 0.123174707, 0.122890039, 0.145045288, -0.360053818, 0.76863885, 0.528457603, -0.169311523, -0.610961914, 0.77331543, 0.917473969, 0.188969689, 0.35023182, 0, -0, 0, 0, 0, 0, 0, 0.185175049, 0.111602686, 0.0711711426, -0.655242868, 0.533080842, -0.534996121, -0.330078125, -0.839233398, -0.431884766, -0.679268297, -0.106359551, 0.726008932, 0, 1, 5, 1, 
130.999903, 16, 0.1, 0.1, 0.0417603013, 0.358529296, -0.0349660219, 0.941486026, -0.337052019, -7.79270733e-006, 0.337052019, 0.941486026, 8.70484396e-007, 7.04332653e-006, -3.44609663e-006, 1, 0.941486013, -0.337052053, -1.59982254e-005, 0.337052053, 0.941486014, 1.51960239e-006, 1.45499204e-005, -6.82291911e-006, 1, 0, 0, 0, 0, 0, 0, 0, 0.123362061, 0.122036987, 0.143410693, -0.360733039, 0.769375359, 0.52702989, -0.169677734, -0.609863281, 0.774047852, 0.917087179, 0.189718181, 0.350581539, 0, -0, 0, 0, 0, 0, 0, 0.185615918, 0.111008984, 0.0698171387, -0.654834187, 0.530512452, -0.538171885, -0.327880859, -0.840942383, -0.430175781, -0.680820998, -0.10527933, 0.724693204, 0, 1, 5, 1, 
131.000612, 16, 0.1, 0.1, 0.0417602984, 0.358529296, -0.0349654838, 0.941486075, -0.337051882, -7.10165225e-006, 0.337051882, 0.941486075, 4.05488486e-006, 5.31940013e-006, -6.21124289e-006, 1, 0.941486071, -0.337051893, 5.26255193e-006, 0.337051893, 0.941486071, 5.74777973e-006, -6.89191938e-006, -3.63770146e-006, 1, 0, 0, 0, 0, 0, 0, 0, 0.123362061, 0.122036987, 0.143410693, -0.360733039, 0.769375359, 0.52702989, -0.169677734, -0.609863281, 0.774047852, 0.917087179, 0.189718181, 0.350581539, 0, -0, 0, 0, 0, 0, 0, 0.185615918, 0.111008984, 0.0698171387, -0.654834187, 0.530512452, -0.538171885, -0.327880859, -0.840942383, -0.430175781, -0.680820998, -0.10527933, 0.724693204, 0, 1, 5, 1, 
131.001306, 16, 0.1, 0.1, 0.0417602976, 0.358529298, -0.0349661434, 0.941486047, -0.33705196, 1.36578038e-005, 0.33705196, 0.941486047, 7.34025462e-006, -1.5332679e-005, -2.30735775e-006, 1, 0.94148606, -0.337051924, 1.11202161e-005, 0.337051924, 0.94148606, -3.07783391e-006, -9.43213859e-006, 6.64582796e-006, 1, 0, 0, 0, 0, 0, 0, 0, 0.123362061, 0.122036987, 0.143410693, -0.360733039, 0.769375359, 0.52702989, -0.169677734, -0.609863281, 0.774047852, 0.917087179, 0.189718181, 0.350581539, 0, -0, 0, 0, 0, 0, 0, 0.185615918, 0.111008984, 0.0698171387, -0.654834187, 0.530512452, -0.538171885, -0.327880859, -0.840942383, -0.430175781, -0.680820998, -0.10527933, 0.724693204, 0, 1, 5, 1, 
131.002027, 16, 0.1, 0.1, 0.0417602971, 0.3585293, -0.0349676967, 0.941485973, -0.337052165, -7.51768689e-006, 0.337052165, 0.941485973, -8.5660822e-006, 9.96501331e-006, 5.53099359e-006, 1, 0.941485987, -0.337052126, -6.42878558e-006, 0.337052126, 0.941485987, -1.18805726e-005, 1.00569838e-005, 9.01855674e-006, 1, 0, 0, 0, 0, 0, 0, 0, 0.123362061, 0.122036987, 0.143410693, -0.360733039, 0.769375359, 0.52702989, -0.169677734, -0.609863281, 0.774047852, 0.917087179, 0.189718181, 0.350581539, 0, -0, 0, 0, 0, 0, 0, 0.185615918, 0.111008984, 0.0698171387, -0.653250136, 0.527349814, -0.543015556, -0.323974609, -0.843017578, -0.429077148, -0.684214046, -0.104384309, 0.72172926, 0, 1, 5, 1, 
131.002732, 16, 0.1, 0.1, 0.0417602946, 0.358529299, -0.0349694591, 0.941485953, -0.337052222, 7.71391067e-006, 0.337052222, 0.941485953, -5.33675624e-006, -5.46377299e-006, 7.62447176e-006, 1, 0.941485951, -0.337052228, 1.287993e-005, 0.337052228, 0.941485951, -9.14309045e-007, -1.18181033e-005, 5.20201823e-006, 1, 0, 0, 0, 0, 0, 0, 0, 0.123362061, 0.122036987, 0.143410693, -0.360733039, 0.769375359, 0.52702989, -0.169677734, -0.609863281, 0.774047852, 0.917087179, 0.189718181, 0.350581539, 0, -0, 0, 0, 0, 0, 0, 0.18609585, 0.11037207, 0.0685413574, -0.653250136, 0.527349814, -0.543015556, -0.323974609, -0.843017578, -0.429077148, -0.684214046, -0.104384309, 0.72172926, 0, 1, 5, 1, 
131.003441, 16, 0.1, 0.1, 0.0417602964, 0.3585293, -0.0349710517, 0.941486, -0.337052092, 6.23532643e-006, 0.337052092, 0.941486, -1.60527658e-006, -5.32941071e-006, 3.61297524e-006, 1, 0.941485987, -0.337052126, -6.85905355e-006, 0.337052126, 0.941485987, 2.04531345e-006, 5.76832556e-006, -4.23749254e-006, 1, 0, 0, 0, 0, 0, 0, 0, 0.123362061, 0.122036987, 0.143410693, -0.360733039, 0.769375359, 0.52702989, -0.169677734, -0.609863281, 0.774047852, 0.917087179, 0.189718181, 0.350581539, 0, -0, 0, 0, 0, 0, 0, 0.18609585, 0.11037207, 0.0685413574, -0.653250136, 0.527349814, -0.543015556, -0.323974609, -0.843017578, -0.429077148, -0.684214046, -0.104384309, 0.72172926, 0, 1, 5, 1, 
131.004142, 16, 0.1, 0.1, 0.0417602957, 0.3585293, -0.0349719456, 0.941486032, -0.337052, -1.16103723e-005, 0.337052, 0.941486033, 1.79977705e-007, 1.08703415e-005, -4.08274571e-006, 1, 0.941486031, -0.337052003, -7.88540483e-006, 0.337052003, 0.941486031, 4.5669591e-006, 5.88469579e-006, -6.95751969e-006, 1, 0, 0, 0, 0, 0, 0, 0, 0.123362061, 0.122036987, 0.143410693, -0.360733039, 0.769375359, 0.52702989, -0.169677734, -0.609863281, 0.774047852, 0.917087179, 0.189718181, 0.350581539, 0, -0, 0, 0, 0, 0, 0, 0.18609585, 0.11037207, 0.0685413574, -0.653250136, 0.527349814, -0.543015556, -0.323974609, -0.843017578, -0.429077148, -0.684214046, -0.104384309, 0.72172926, 0, 1, 5, 1, 
131.004864, 16, 0.1, 0.1, 0.0417602947, 0.358529301, -0.034971783, 0.941485998, -0.337052097, 6.98065173e-006, 0.337052097, 0.941485998, 8.82760754e-006, -9.54754949e-006, -5.95822559e-006, 1, 0.941486009, -0.337052065, 8.44090288e-006, 0.337052065, 0.941486009, 6.7863483e-006, -1.02343447e-005, -3.54422823e-006, 1, 0, 0, 0, 0, 0, 0, 0, 0.123297461, 0.121620532, 0.142084521, -0.366210992, 0.769701113, 0.522659506, -0.17175293, -0.607910156, 0.775146484, 0.914494228, 0.194115896, 0.354981498, 0, -0, 0, 0, 0, 0, 0, 0.18609585, 0.11037207, 0.0685413574, -0.653250136, 0.527349814, -0.543015556, -0.323974609, -0.843017578, -0.429077148, -0.684214046, -0.104384309, 0.72172926, 0, 1, 5, 1, 
131.005568, 16, 0.1, 0.1, 0.0417602965, 0.358529303, -0.0349709138, 0.941485941, -0.337052256, -6.89471172e-006, 0.337052256, 0.941485941, 1.81836238e-006, 5.87839101e-006, -4.03584075e-006, 1, 0.94148595, -0.337052229, -9.74693085e-006, 0.337052229, 0.94148595, -7.43727679e-006, 1.16833492e-005, 3.71686684e-006, 1, 0, 0, 0, 0, 0, 0, 0, 0.123297461, 0.121620532, 0.142084521, -0.366210992, 0.769701113, 0.522659506, -0.17175293, -0.607910156, 0.775146484, 0.914494228, 0.194115896, 0.354981498, 0, -0, 0, 0, 0, 0, 0, 0.18609585, 0.11037207, 0.0685413574, -0.653250136, 0.527349814, -0.543015556, -0.323974609, -0.843017578, -0.429077148, -0.684214046, -0.104384309, 0.72172926, 0, 1, 5, 1, 
131.006263, 16, 0.1, 0.1, 0.0417602946, 0.358529303, -0.0349696741, 0.941485944, -0.337052247, -5.22584552e-006, 0.337052247, 0.941485944, -6.67739902e-006, 7.17069245e-006, 4.52529434e-006, 1, 0.941485938, -0.337052264, 6.12355316e-006, 0.337052264, 0.941485938, -5.86711357e-006, -3.78771528e-006, 7.58776238e-006, 1, 0, 0, 0, 0, 0, 0, 0, 0.123297461, 0.121620532, 0.142084521, -0.366210992, 0.769701113, 0.522659506, -0.17175293, -0.607910156, 0.775146484, 0.914494228, 0.194115896, 0.354981498, 0, -0, 0, 0, 0, 0, 0, 0.18609585, 0.11037207, 0.0685413574, -0.653250136, 0.527349814, -0.543015556, -0.323974609, -0.843017578, -0.429077148, -0.684214046, -0.104384309, 0.72172926, 0, 1, 5, 1, 
131.00703, 16, 0.1, 0.1, 0.041760295, 0.358529304, -0.0349676724, 0.94148601, -0.337052063, 1.64378314e-005, 0.337052064, 0.94148601, -2.67498152e-006, -1.45743802e-005, 8.05886266e-006, 1, 0.941485998, -0.337052097, 1.01614794e-005, 0.337052097, 0.941485998, -2.03857631e-006, -8.87978419e-006, 5.34423901e-006, 1, 0, 0, 0, 0, 0, 0, 0, 0.123294507, 0.121016235, 0.140742114, -0.370508358, 0.770800446, 0.517990699, -0.174560547, -0.60559082, 0.776367187, 0.912332249, 0.197155169, 0.359057947, 0, -0, 0, 0, 0, 0, 0, 0.18637915, 0.109548779, 0.0674739258, -0.65131464, 0.524462061, -0.54811479, -0.320800781, -0.845092773, -0.427490234, -0.687447413, -0.102601198, 0.718861197, 0, 1, 5, 1, 
131.007736, 16, 0.1, 0.1, 0.0417602952, 0.358529304, -0.0349662217, 0.941486035, -0.337051993, -8.11126931e-006, 0.337051993, 0.941486035, -1.00754383e-005, 1.10325933e-005, 6.75196494e-006, 1, 0.941486037, -0.337051988, -1.17867304e-005, 0.337051988, 0.941486037, -1.48302491e-006, 1.15968986e-005, -2.57649366e-006, 1, 0, 0, 0, 0, 0, 0, 0, 0.123294507, 0.121016235, 0.140742114, -0.370508358, 0.770800446, 0.517990699, -0.174560547, -0.60559082, 0.776367187, 0.912332249, 0.197155169, 0.359057947, 0, -0, 0, 0, 0, 0, 0, 0.18637915, 0.109548779, 0.0674739258, -0.65131464, 0.524462061, -0.54811479, -0.320800781, -0.845092773, -0.427490234, -0.687447413, -0.102601198, 0.718861197, 0, 1, 5, 1, 
131.008446, 16, 0.1, 0.1, 0.0417602925, 0.358529304, -0.0349657821, 0.941485981, -0.337052145, 4.2863126e-006, 0.337052145, 0.941485981, 3.62356869e-006, -5.25683482e-006, -1.96682826e-006, 1, 0.941485996, -0.337052102, 1.02234451e-005, 0.337052102, 0.941485996, 9.43282113e-006, -1.28045826e-005, -5.43503533e-006, 1, 0, 0, 0, 0, 0, 0, 0, 0.123294507, 0.121016235, 0.140742114, -0.370508358, 0.770800446, 0.517990699, -0.174560547, -0.60559082, 0.776367187, 0.912332249, 0.197155169, 0.359057947, 0, -0, 0, 0, 0, 0, 0, 0.18637915, 0.109548779, 0.0674739258, -0.65131464, 0.524462061, -0.54811479, -0.320800781, -0.845092773, -0.427490234, -0.687447413, -0.102601198, 0.718861197, 0, 1, 5, 1, 
131.00915, 16, 0.1, 0.1, 0.0417602945, 0.358529307, -0.0349662829, 0.94148592, -0.337052315, 2.83529321e-006, 0.337052315, 0.94148592, 5.59576513e-006, -4.55545422e-006, -4.31269194e-006, 1, 0.941485926, -0.337052298, -7.78709267e-006, 0.337052298, 0.941485926, -1.01192518e-006, 7.67250986e-006, -1.67194416e-006, 1, 0, 0, 0, 0, 0, 0, 0, 0.123294507, 0.121016235, 0.140742114, -0.370508358, 0.770800446, 0.517990699, -0.174560547, -0.60559082, 0.776367187, 0.912332249, 0.197155169, 0.359057947, 0, -0, 0, 0, 0, 0, 0, 0.18637915, 0.109548779, 0.0674739258, -0.65131464, 0.524462061, -0.54811479, -0.320800781, -0.845092773, -0.427490234, -0.687447413, -0.102601198, 0.718861197, 0, 1, 5, 1, 
131.009861, 16, 0.1, 0.1, 0.0417602934, 0.358529309, -0.0349675902, 0.941485936, -0.337052268, -1.32644691e-005, 0.337052268, 0.941485936, -3.39669292e-006, 1.36331742e-005, -1.2728808e-006, 1, 0.941485926, -0.337052298, -5.14552647e-006, 0.337052298, 0.941485926, -9.99217126e-006, 8.21232503e-006, 7.67317709e-006, 1, 0, 0, 0, 0, 0, 0, 0, 0.123294507, 0.121016235, 0.140742114, -0.370508358, 0.770800446, 0.517990699, -0.174560547, -0.60559082, 0.776367187, 0.912332249, 0.197155169, 0.359057947, 0, -0, 0, 0, 0, 0, 0, 0.18637915, 0.109548779, 0.0674739258, -0.65131464, 0.524462061, -0.54811479, -0.320800781, -0.845092773, -0.427490234, -0.687447413, -0.102601198, 0.718861197, 0, 1, 5, 1, 
131.01057, 16, 0.1, 0.1, 0.0417602922, 0.35852931, -0.0349692957, 0.941485997, -0.3370521, 1.26472294e-005, 0.3370521, 0.941485997, -1.10170375e-006, -1.15358578e-005, 5.30001389e-006, 1, 0.941485986, -0.337052129, 1.37255513e-005, 0.337052129, 0.941485986, -4.20902791e-006, -1.15037524e-005, 8.58896707e-006, 1, 0, 0, 0, 0, 0, 0, 0, 0.123294507, 0.121016235, 0.140742114, -0.370508358, 0.770800446, 0.517990699, -0.174560547, -0.60559082, 0.776367187, 0.912332249, 0.197155169, 0.359057947, 0, -0, 0, 0, 0, 0, 0, 0.18637915, 0.109548779, 0.0674739258, -0.65131464, 0.524462061, -0.54811479, -0.320800781, -0.845092773, -0.427490234, -0.687447413, -0.102601198, 0.718861197, 0, 1, 5, 1, 
131.011265, 16, 0.1, 0.1, 0.0417602934, 0.358529311, -0.0349708641, 0.941486008, -0.337052067, -1.1168164e-006, 0.337052067, 0.941486008, -7.21932478e-006, 3.48475536e-006, 6.42046799e-006, 1, 0.941486012, -0.337052058, -7.29971274e-006, 0.337052058, 0.941486012, -7.07007494e-006, 9.25556074e-006, 4.19599346e-006, 1, 0, 0, 0, 0, 0, 0, 0, 0.123294507, 0.121016235, 0.140742114, -0.370508358, 0.770800446, 0.517990699, -0.174560547, -0.60559082, 0.776367187, 0.912332249, 0.197155169, 0.359057947, 0, -0, 0, 0, 0, 0, 0, 0.18637915, 0.109548779, 0.0674739258, -0.65131464, 0.524462061, -0.54811479, -0.320800781, -0.845092773, -0.427490234, -0.687447413, -0.102601198, 0.718861197, 0, 1, 5, 1, 
131.012001, 16, 0.1, 0.1, 0.041760291, 0.358529309, -0.0349716488, 0.941485953, -0.337052223, -3.30693587e-006, 0.337052223, 0.941485953, -2.33498963e-006, 3.90044712e-006, 1.08374985e-006, 1, 0.941485966, -0.337052187, 4.20266924e-006, 0.337052187, 0.941485966, 8.16896866e-006, -6.71012286e-006, -6.27445049e-006, 1, 0, 0, 0, 0, 0, 0, 0, 0.123405322, 0.12021311, 0.138762207, -0.372647492, 0.772382049, 0.514151637, -0.174926758, -0.602661133, 0.778564453, 0.911311543, 0.200118058, 0.359789586, 0, -0, 0, 0, 0, 0, 0, 0.186844678, 0.10872207, 0.0658334473, -0.650356554, 0.521599829, -0.552102086, -0.318237305, -0.847045898, -0.425415039, -0.689556083, -0.10106089, 0.717091946, 0, 1, 5, 1, 
131.012706, 16, 0.1, 0.1, 0.0417602915, 0.358529309, -0.0349715343, 0.941485913, -0.337052333, 8.31989395e-006, 0.337052333, 0.941485913, 9.65590912e-006, -1.10876096e-005, -6.28666275e-006, 1, 0.941485916, -0.337052326, 2.93605102e-006, 0.337052326, 0.941485916, 1.10595937e-005, -6.49191246e-006, -9.42284886e-006, 1, 0, 0, 0, 0, 0, 0, 0, 0.123405322, 0.12021311, 0.138762207, -0.372647492, 0.772382049, 0.514151637, -0.174926758, -0.602661133, 0.778564453, 0.911311543, 0.200118058, 0.359789586, 0, -0, 0, 0, 0, 0, 0, 0.186844678, 0.10872207, 0.0658334473, -0.650356554, 0.521599829, -0.552102086, -0.318237305, -0.847045898, -0.425415039, -0.689556083, -0.10106089, 0.717091946, 0, 1, 5, 1, 
131.013424, 16, 0.1, 0.1, 0.0417602924, 0.358529309, -0.0349708264, 0.941485942, -0.337052253, -1.33111092e-005, 0.337052253, 0.941485942, 3.71326418e-006, 1.12806581e-005, -7.98252537e-006, 1, 0.941485931, -0.337052282, -1.29731984e-005, 0.337052282, 0.941485932, 1.48244091e-006, 1.17144237e-005, -5.76834338e-006, 1, 0, 0, 0, 0, 0, 0, 0, 0.123405322, 0.12021311, 0.138762207, -0.372647492, 0.772382049, 0.514151637, -0.174926758, -0.602661133, 0.778564453, 0.911311543, 0.200118058, 0.359789586, 0, -0, 0, 0, 0, 0, 0, 0.186844678, 0.10872207, 0.0658334473, -0.650356554, 0.521599829, -0.552102086, -0.318237305, -0.847045898, -0.425415039, -0.689556083, -0.10106089, 0.717091946, 0, 1, 5, 1, 
131.014125, 16, 0.1, 0.1, 0.0417602903, 0.358529309, -0.034969445, 0.941485996, -0.337052102, 2.76887928e-006, 0.337052101, 0.941485996, 5.03804966e-006, -4.30494629e-006, -3.80999662e-006, 1, 0.941485987, -0.337052127, 1.13862766e-005, 0.337052127, 0.941485987, -2.07305006e-007, -1.06501473e-005, 4.0329435e-006, 1, 0, 0, 0, 0, 0, 0, 0, 0.123405322, 0.12021311, 0.138762207, -0.372647492, 0.772382049, 0.514151637, -0.174926758, -0.602661133, 0.778564453, 0.911311543, 0.200118058, 0.359789586, 0, -0, 0, 0, 0, 0, 0, 0.186844678, 0.10872207, 0.0658334473, -0.650356554, 0.521599829, -0.552102086, -0.318237305, -0.847045898, -0.425415039, -0.689556083, -0.10106089, 0.717091946, 0, 1, 5, 1, 
131.014846, 16, 0.1, 0.1, 0.0417602919, 0.358529312, -0.0349679904, 0.941485986, -0.337052129, 7.74357193e-006, 0.337052129, 0.941485986, -4.68910171e-006, -5.70999274e-006, 7.02471095e-006, 1, 0.941485994, -0.337052107, -2.14567676e-006, 0.337052107, 0.941485994, -1.16888499e-005, 5.9598761e-006, 1.02816836e-005, 1, 0, 0, 0, 0, 0, 0, 0, 0.123405322, 0.12021311, 0.138762207, -0.372647492, 0.772382049, 0.514151637, -0.174926758, -0.602661133, 0.778564453, 0.911311543, 0.200118058, 0.359789586, 0, -0, 0, 0, 0, 0, 0, 0.187334619, 0.107872168, 0.0643178223, -0.648663861, 0.518360632, -0.55718856, -0.314697266, -0.849243164, -0.423706055, -0.69281497, -0.0994374604, 0.714102481, 0, 1, 5, 1, 
131.015557, 16, 0.1, 0.1, 0.0417602913, 0.358529312, -0.0349669563, 0.941485917, -0.337052324, -1.00520026e-005, 0.337052324, 0.941485917, -1.34933407e-005, 1.40117807e-005, 9.31573939e-006, 1, 0.941485931, -0.337052283, -5.2397451e-006, 0.337052283, 0.941485931, -8.86469171e-006, 7.92101088e-006, 6.57991448e-006, 1, 0, 0, 0, 0, 0, 0, 0, 0.123405322, 0.12021311, 0.138762207, -0.372647492, 0.772382049, 0.514151637, -0.174926758, -0.602661133, 0.778564453, 0.911311543, 0.200118058, 0.359789586, 0, -0, 0, 0, 0, 0, 0, 0.187334619, 0.107872168, 0.0643178223, -0.648663861, 0.518360632, -0.55718856, -0.314697266, -0.849243164, -0.423706055, -0.69281497, -0.0994374604, 0.714102481, 0, 1, 5, 1, 
131.016255, 16, 0.1, 0.1, 0.0417602905, 0.358529313, -0.0349666551, 0.941485884, -0.337052413, 1.28187029e-005, 0.337052413, 0.941485885, -2.00897695e-006, -1.13914973e-005, 6.2119982e-006, 1, 0.941485884, -0.337052414, 1.02454341e-005, 0.337052414, 0.941485884, 6.43266099e-006, -1.18140755e-005, -2.60301123e-006, 1, 0, 0, 0, 0, 0, 0, 0, 0.123405322, 0.12021311, 0.138762207, -0.372647492, 0.772382049, 0.514151637, -0.174926758, -0.602661133, 0.778564453, 0.911311543, 0.200118058, 0.359789586, 0, -0, 0, 0, 0, 0, 0, 0.187334619, 0.107872168, 0.0643178223, -0.648663861, 0.518360632, -0.55718856, -0.314697266, -0.849243164, -0.423706055, -0.69281497, -0.0994374604, 0.714102481, 0, 1, 5, 1, 
131.016976, 16, 0.1, 0.1, 0.0417602927, 0.358529314, -0.0349670592, 0.941485931, -0.337052283, -6.87780837e-006, 0.337052283, 0.941485931, 2.4450114e-006, 5.65126314e-006, -4.62012484e-006, 1, 0.941485918, -0.337052319, -1.42559551e-005, 0.337052319, 0.941485918, 2.81897693e-006, 1.24716382e-005, -7.4590298e-006, 1, 0, 0, 0, 0, 0, 0, 0, 0.123407129, 0.119633838, 0.136932666, -0.376843387, 0.773938564, 0.508702138, -0.177856445, -0.599365234, 0.780395508, 0.909009901, 0.20370288, 0.363618909, 0, -0, 0, 0, 0, 0, 0, 0.187334619, 0.107872168, 0.0643178223, -0.648663861, 0.518360632, -0.55718856, -0.314697266, -0.849243164, -0.423706055, -0.69281497, -0.0994374604, 0.714102481, 0, 1, 5, 1, 
131.017684, 16, 0.1, 0.1, 0.0417602902, 0.358529313, -0.0349680012, 0.941485984, -0.337052134, -7.71271384e-006, 0.337052134, 0.941485984, 6.29765702e-006, 5.13877325e-006, -8.52874248e-006, 1, 0.941485979, -0.337052148, 4.12524244e-006, 0.337052148, 0.941485979, 7.71973463e-006, -6.48581105e-006, -5.87760009e-006, 1, 0, 0, 0, 0, 0, 0, 0, 0.123407129, 0.119633838, 0.136932666, -0.376843387, 0.773938564, 0.508702138, -0.177856445, -0.599365234, 0.780395508, 0.909009901, 0.20370288, 0.363618909, 0, -0, 0, 0, 0, 0, 0, 0.187334619, 0.107872168, 0.0643178223, -0.648663861, 0.518360632, -0.55718856, -0.314697266, -0.849243164, -0.423706055, -0.69281497, -0.0994374604, 0.714102481, 0, 1, 5, 1, 
131.01838, 16, 0.1, 0.1, 0.0417602903, 0.358529314, -0.0349692445, 0.941485965, -0.337052189, 9.93953827e-006, 0.337052189, 0.941485965, 9.21965435e-006, -1.24654405e-005, -5.33003203e-006, 1, 0.941485975, -0.337052159, 7.75041528e-006, 0.33705216, 0.941485975, -2.5013798e-007, -7.21259775e-006, 2.84779561e-006, 1, 0, 0, 0, 0, 0, 0, 0, 0.123407129, 0.119633838, 0.136932666, -0.376843387, 0.773938564, 0.508702138, -0.177856445, -0.599365234, 0.780395508, 0.909009901, 0.20370288, 0.363618909, 0, -0, 0, 0, 0, 0, 0, 0.187334619, 0.107872168, 0.0643178223, -0.648663861, 0.518360632, -0.55718856, -0.314697266, -0.849243164, -0.423706055, -0.69281497, -0.0994374604, 0.714102481, 0, 1, 5, 1, 
131.019087, 16, 0.1, 0.1, 0.0417602907, 0.358529314, -0.0349704174, 0.941485904, -0.337052358, -9.24015334e-006, 0.337052358, 0.941485904, -6.15464599e-006, 1.07739121e-005, 2.68009697e-006, 1, 0.941485915, -0.337052328, -8.52197824e-006, 0.337052328, 0.941485915, -8.76696212e-006, 1.09782475e-005, 5.38161874e-006, 1, 0, 0, 0, 0, 0, 0, 0, 0.123407129, 0.119633838, 0.136932666, -0.376843387, 0.773938564, 0.508702138, -0.177856445, -0.599365234, 0.780395508, 0.909009901, 0.20370288, 0.363618909, 0, -0, 0, 0, 0, 0, 0, 0.187334619, 0.107872168, 0.0643178223, -0.648663861, 0.518360632, -0.55718856, -0.314697266, -0.849243164, -0.423706055, -0.69281497, -0.0994374604, 0.714102481, 0, 1, 5, 1, 
131.019821, 16, 0.1, 0.1, 0.0417602885, 0.358529314, -0.0349709363, 0.941485892, -0.337052392, 7.36208429e-006, 0.337052392, 0.941485892, -4.92802162e-006, -5.27029702e-006, 7.12107095e-006, 1, 0.941485888, -0.337052403, 1.20845557e-005, 0.337052403, 0.941485888, -3.74395302e-007, -1.12512478e-005, 4.42561642e-006, 1, 0, 0, 0, 0, 0, 0, 0, 0.123429932, 0.119073608, 0.135311475, -0.380639387, 0.775900966, 0.502973311, -0.180908203, -0.595825195, 0.782348633, 0.906892106, 0.206729049, 0.367245288, 0, -0, 0, 0, 0, 0, 0, 0.187870947, 0.106867383, 0.0630271484, -0.646217239, 0.515894687, -0.562287793, -0.312255859, -0.851074219, -0.421875, -0.696240101, -0.0969963021, 0.711234419, 0, 1, 5, 1, 
131.02053, 16, 0.1, 0.1, 0.0417602901, 0.358529315, -0.0349707797, 0.941485945, -0.337052243, 7.9438861e-006, 0.337052243, 0.941485945, -3.16773134e-006, -6.41136616e-006, 5.65987917e-006, 1, 0.941485932, -0.33705228, -5.58582101e-006, 0.33705228, 0.941485932, 9.22779735e-007, 4.94794689e-006, -2.75149785e-006, 1, 0, 0, 0, 0, 0, 0, 0, 0.123429932, 0.119073608, 0.135311475, -0.380639387, 0.775900966, 0.502973311, -0.180908203, -0.595825195, 0.782348633, 0.906892106, 0.206729049, 0.367245288, 0, -0, 0, 0, 0, 0, 0, 0.187870947, 0.106867383, 0.0630271484, -0.646217239, 0.515894687, -0.562287793, -0.312255859, -0.851074219, -0.421875, -0.696240101, -0.0969963021, 0.711234419, 0, 1, 5, 1, 
131.021229, 16, 0.1, 0.1, 0.0417602891, 0.358529315, -0.0349701683, 0.941485984, -0.337052136, -1.11585831e-005, 0.337052136, 0.941485984, -2.6015928e-006, 1.1382522e-005, -1.31166112e-006, 1, 0.941485982, -0.337052142, -7.30255952e-006, 0.337052142, 0.941485982, 2.03817261e-006, 6.18828697e-006, -4.38025427e-006, 1, 0, 0, 0, 0, 0, 0, 0, 0.123429932, 0.119073608, 0.135311475, -0.380639387, 0.775900966, 0.502973311, -0.180908203, -0.595825195, 0.782348633, 0.906892106, 0.206729049, 0.367245288, 0, -0, 0, 0, 0, 0, 0, 0.187870947, 0.106867383, 0.0630271484, -0.646217239, 0.515894687, -0.562287793, -0.312255859, -0.851074219, -0.421875, -0.696240101, -0.0969963021, 0.711234419, 0, 1, 5, 1, 
131.021966, 16, 0.1, 0.1, 0.0417602872, 0.358529316, -0.0349689566, 0.941485948, -0.337052236, 9.73361616e-006, 0.337052236, 0.941485948, 8.20629033e-006, -1.19300113e-005, -4.44536995e-006, 1, 0.94148596, -0.337052202, 1.15277262e-005, 0.337052202, 0.94148596, 5.91264944e-006, -1.28460639e-005, -1.68123092e-006, 1, 0, 0, 0, 0, 0, 0, 0, 0.123429932, 0.119073608, 0.135311475, -0.380639387, 0.775900966, 0.502973311, -0.180908203, -0.595825195, 0.782348633, 0.906892106, 0.206729049, 0.367245288, 0, -0, 0, 0, 0, 0, 0, 0.187870947, 0.106867383, 0.0630271484, -0.646217239, 0.515894687, -0.562287793, -0.312255859, -0.851074219, -0.421875, -0.696240101, -0.0969963021, 0.711234419, 0, 1, 5, 1, 
131.022669, 16, 0.1, 0.1, 0.0417602888, 0.358529319, -0.0349679374, 0.941485887, -0.337052405, -6.56163576e-006, 0.337052405, 0.941485887, 9.58491201e-007, 5.8546257e-006, -3.11402105e-006, 1, 0.941485897, -0.337052377, -9.51265409e-006, 0.337052377, 0.941485897, -9.39097616e-006, 1.21212805e-005, 5.63520894e-006, 1, 0, 0, 0, 0, 0, 0, 0, 0.123429932, 0.119073608, 0.135311475, -0.380639387, 0.775900966, 0.502973311, -0.180908203, -0.595825195, 0.782348633, 0.906892106, 0.206729049, 0.367245288, 0, -0, 0, 0, 0, 0, 0, 0.187870947, 0.106867383, 0.0630271484, -0.646217239, 0.515894687, -0.562287793, -0.312255859, -0.851074219, -0.421875, -0.696240101, -0.0969963021, 0.711234419, 0, 1, 5, 1, 
131.023363, 16, 0.1, 0.1, 0.0417602867, 0.358529319, -0.0349674389, 0.941485891, -0.337052394, -5.78093284e-006, 0.337052394, 0.941485891, -7.18667198e-006, 7.8649517e-006, 4.81767303e-006, 1, 0.941485885, -0.337052411, 6.61336014e-006, 0.337052411, 0.941485885, -6.46125534e-006, -4.04860353e-006, 8.31222969e-006, 1, 0, 0, 0, 0, 0, 0, 0, 0.123429932, 0.119073608, 0.135311475, -0.380639387, 0.775900966, 0.502973311, -0.180908203, -0.595825195, 0.782348633, 0.906892106, 0.206729049, 0.367245288, 0, -0, 0, 0, 0, 0, 0, 0.187870947, 0.106867383, 0.0630271484, -0.646217239, 0.515894687, -0.562287793, -0.312255859, -0.851074219, -0.421875, -0.696240101, -0.0969963021, 0.711234419, 0, 1, 5, 1, 
131.02407, 16, 0.1, 0.1, 0.041760288, 0.358529319, -0.0349675027, 0.941485957, -0.337052211, 1.26238477e-005, 0.337052211, 0.941485957, -1.75476439e-006, -1.12937282e-005, 5.90698183e-006, 1, 0.941485944, -0.337052247, 6.25168345e-006, 0.337052247, 0.941485944, -1.38137316e-006, -5.42027716e-006, 3.40768737e-006, 1, 0, 0, 0, 0, 0, 0, 0, 0.123429932, 0.119073608, 0.135311475, -0.380639387, 0.775900966, 0.502973311, -0.180908203, -0.595825195, 0.782348633, 0.906892106, 0.206729049, 0.367245288, 0, -0, 0, 0, 0, 0, 0, 0.187870947, 0.106867383, 0.0630271484, -0.646217239, 0.515894687, -0.562287793, -0.312255859, -0.851074219, -0.421875, -0.696240101, -0.0969963021, 0.711234419, 0, 1, 5, 1, 
131.024805, 16, 0.1, 0.1, 0.0417602895, 0.358529319, -0.0349678132, 0.941485985, -0.337052131, -1.12869174e-005, 0.337052131, 0.941485985, -7.28905758e-006, 1.3083267e-005, 3.05826599e-006, 1, 0.941485987, -0.337052128, -1.50557643e-005, 0.337052128, 0.941485987, 7.56473045e-007, 1.39198203e-005, -5.78678616e-006, 1, 0, 0, 0, 0, 0, 0, 0, 0.12376875, 0.118303687, 0.133041187, -0.38267705, 0.778123598, 0.497808008, -0.182006836, -0.591796875, 0.78527832, 0.905731737, 0.209837592, 0.368186984, 0, -0, 0, 0, 0, 0, 0, 0.188171094, 0.105851123, 0.0613300293, -0.644224141, 0.513147659, -0.56695246, -0.310302734, -0.853027344, -0.419311523, -0.6988537, -0.0942164585, 0.708903002, 0, 1, 5, 1, 
131.025507, 16, 0.1, 0.1, 0.0417602876, 0.358529318, -0.0349684954, 0.941485936, -0.337052269, 3.68222247e-006, 0.337052269, 0.941485936, 5.60972587e-006, -5.3575315e-006, -4.04037657e-006, 1, 0.94148595, -0.337052231, 8.34924766e-006, 0.337052231, 0.94148595, 1.0832579e-005, -1.15118443e-005, -7.38458836e-006, 1, 0, 0, 0, 0, 0, 0, 0, 0.12376875, 0.118303687, 0.133041187, -0.38267705, 0.778123598, 0.497808008, -0.182006836, -0.591796875, 0.78527832, 0.905731737, 0.209837592, 0.368186984, 0, -0, 0, 0, 0, 0, 0, 0.188171094, 0.105851123, 0.0613300293, -0.644224141, 0.513147659, -0.56695246, -0.310302734, -0.853027344, -0.419311523, -0.6988537, -0.0942164585, 0.708903002, 0, 1, 5, 1, 
131.026207, 16, 0.1, 0.1, 0.0417602889, 0.35852932, -0.0349693695, 0.941485882, -0.33705242, 4.67429551e-006, 0.33705242, 0.941485882, 7.18269239e-006, -6.82172709e-006, -5.18692087e-006, 1, 0.941485888, -0.337052404, -5.2790291e-006, 0.337052404, 0.941485888, 1.32758452e-006, 4.52266584e-006, -3.02921154e-006, 1, 0, 0, 0, 0, 0, 0, 0, 0.12376875, 0.118303687, 0.133041187, -0.38267705, 0.778123598, 0.497808008, -0.182006836, -0.591796875, 0.78527832, 0.905731737, 0.209837592, 0.368186984, 0, -0, 0, 0, 0, 0, 0, 0.188171094, 0.105851123, 0.0613300293, -0.644224141, 0.513147659, -0.56695246, -0.310302734, -0.853027344, -0.419311523, -0.6988537, -0.0942164585, 0.708903002, 0, 1, 5, 1, 
131.02692, 16, 0.1, 0.1, 0.0417602871, 0.358529321, -0.0349700859, 0.941485898, -0.337052376, -9.72810974e-006, 0.337052376, 0.941485898, -1.95235189e-006, 9.81692297e-006, -1.44077073e-006, 1, 0.941485888, -0.337052404, -2.16749653e-006, 0.337052404, 0.941485888, -7.95563878e-006, 4.72213457e-006, 6.75956173e-006, 1, 0, 0, 0, 0, 0, 0, 0, 0.12376875, 0.118303687, 0.133041187, -0.38267705, 0.778123598, 0.497808008, -0.182006836, -0.591796875, 0.78527832, 0.905731737, 0.209837592, 0.368186984, 0, -0, 0, 0, 0, 0, 0, 0.188171094, 0.105851123, 0.0613300293, -0.644224141, 0.513147659, -0.56695246, -0.310302734, -0.853027344, -0.419311523, -0.6988537, -0.0942164585, 0.708903002, 0, 1, 5, 1, 
131.027656, 16, 0.1, 0.1, 0.0417602851, 0.358529322, -0.0349701806, 0.941485957, -0.33705221, 1.40874674e-005, 0.33705221, 0.941485957, -9.79808248e-007, -1.29329062e-005, 5.67068773e-006, 1, 0.941485947, -0.337052239, 1.57335556e-005, 0.337052239, 0.941485947, -3.5797992e-006, -1.36063421e-005, 8.67336076e-006, 1, 0, 0, 0, 0, 0, 0, 0, 0.123815967, 0.117555493, 0.131144507, -0.38599078, 0.780790307, 0.491032266, -0.186279297, -0.587280273, 0.787597656, 0.903537558, 0.212628617, 0.372226362, 0, -0, 0, 0, 0, 0, 0, 0.188693994, 0.10477334, 0.0597528809, -0.641860641, 0.50957634, -0.572863225, -0.306884766, -0.85534668, -0.416992187, -0.702655796, -0.091768737, 0.705581416, 0, 1, 5, 1, 
131.028356, 16, 0.1, 0.1, 0.0417602864, 0.358529323, -0.0349699348, 0.941485967, -0.337052182, -1.36222751e-006, 0.337052182, 0.941485967, -9.23091866e-006, 4.39381936e-006, 8.23163863e-006, 1, 0.941485971, -0.337052171, -7.55476373e-006, 0.337052171, 0.941485971, -8.84965737e-006, 1.00955003e-005, 5.78547875e-006, 1, 0, 0, 0, 0, 0, 0, 0, 0.123815967, 0.117555493, 0.131144507, -0.38599078, 0.780790307, 0.491032266, -0.186279297, -0.587280273, 0.787597656, 0.903537558, 0.212628617, 0.372226362, 0, -0, 0, 0, 0, 0, 0, 0.188693994, 0.10477334, 0.0597528809, -0.641860641, 0.50957634, -0.572863225, -0.306884766, -0.85534668, -0.416992187, -0.702655796, -0.091768737, 0.705581416, 0, 1, 5, 1, 
131.029075, 16, 0.1, 0.1, 0.0417602842, 0.358529322, -0.0349693106, 0.941485911, -0.33705234, -5.06410078e-006, 0.33705234, 0.941485911, -6.4575206e-006, 6.94430197e-006, 4.37279764e-006, 1, 0.941485924, -0.337052302, 3.35498146e-006, 0.337052302, 0.941485924, 5.09926216e-006, -4.87738587e-006, -3.67007932e-006, 1, 0, 0, 0, 0, 0, 0, 0, 0.123815967, 0.117555493, 0.131144507, -0.38599078, 0.780790307, 0.491032266, -0.186279297, -0.587280273, 0.787597656, 0.903537558, 0.212628617, 0.372226362, 0, -0, 0, 0, 0, 0, 0, 0.188693994, 0.10477334, 0.0597528809, -0.641860641, 0.50957634, -0.572863225, -0.306884766, -0.85534668, -0.416992187, -0.702655796, -0.091768737, 0.705581416, 0, 1, 5, 1, 
131.029784, 16, 0.1, 0.1, 0.0417602855, 0.358529323, -0.0349687164, 0.94148587, -0.337052454, 7.66372897e-006, 0.337052454, 0.94148587, 7.25158707e-006, -9.65945775e-006, -4.2441881e-006, 1, 0.941485872, -0.337052448, 1.66702802e-006, 0.337052448, 0.941485872, 8.55806707e-006, -4.45400079e-006, -7.49542336e-006, 1, 0, 0, 0, 0, 0, 0, 0, 0.123815967, 0.117555493, 0.131144507, -0.38599078, 0.780790307, 0.491032266, -0.186279297, -0.587280273, 0.787597656, 0.903537558, 0.212628617, 0.372226362, 0, -0, 0, 0, 0, 0, 0, 0.188693994, 0.10477334, 0.0597528809, -0.641860641, 0.50957634, -0.572863225, -0.306884766, -0.85534668, -0.416992187, -0.702655796, -0.091768737, 0.705581416, 0, 1, 5, 1, 
131.030498, 16, 0.1, 0.1, 0.041760287, 0.358529324, -0.034968317, 0.941485904, -0.337052357, -1.53470516e-005, 0.337052357, 0.941485905, 2.27804981e-006, 1.36812107e-005, -7.31751171e-006, 1, 0.941485891, -0.337052394, -1.50610662e-005, 0.337052394, 0.941485891, -7.21018865e-007, 1.44228025e-005, -4.39753934e-006, 1, 0, 0, 0, 0, 0, 0, 0, 0.123815967, 0.117555493, 0.131144507, -0.38599078, 0.780790307, 0.491032266, -0.186279297, -0.587280273, 0.787597656, 0.903537558, 0.212628617, 0.372226362, 0, -0, 0, 0, 0, 0, 0, 0.188693994, 0.10477334, 0.0597528809, -0.641860641, 0.50957634, -0.572863225, -0.306884766, -0.85534668, -0.416992187, -0.702655796, -0.091768737, 0.705581416, 0, 1, 5, 1, 
131.031196, 16, 0.1, 0.1, 0.0417602851, 0.358529324, -0.0349681397, 0.941485964, -0.337052191, 2.72024433e-006, 0.337052191, 0.941485964, 5.73972528e-006, -4.49565884e-006, -4.48700648e-006, 1, 0.941485954, -0.337052219, 1.13542781e-005, 0.337052219, 0.941485954, -1.98595381e-007, -1.06229564e-005, 4.01395941e-006, 1, 0, 0, 0, 0, 0, 0, 0, 0.123815967, 0.117555493, 0.131144507, -0.38599078, 0.780790307, 0.491032266, -0.186279297, -0.587280273, 0.787597656, 0.903537558, 0.212628617, 0.372226362, 0, -0, 0, 0, 0, 0, 0, 0.188693994, 0.10477334, 0.0597528809, -0.641860641, 0.50957634, -0.572863225, -0.306884766, -0.85534668, -0.416992187, -0.702655796, -0.091768737, 0.705581416, 0, 1, 5, 1, 
131.031916, 16, 0.1, 0.1, 0.0417602867, 0.358529325, -0.0349682701, 0.941485959, -0.337052206, 8.57849631e-006, 0.337052206, 0.941485959, -1.18077173e-006, -7.6785521e-006, 4.00308111e-006, 1, 0.941485966, -0.337052185, -2.39926987e-006, 0.337052185, 0.941485966, -8.92359222e-006, 5.26659517e-006, 7.59275769e-006, 1, 0, 0, 0, 0, 0, 0, 0, 0.123815967, 0.117555493, 0.131144507, -0.389323607, 0.783298258, 0.484377092, -0.190429687, -0.583007813, 0.789794922, 0.901222811, 0.215197603, 0.376246645, 0, -0, 0, 0, 0, 0, 0, 0.188693994, 0.10477334, 0.0597528809, -0.641860641, 0.50957634, -0.572863225, -0.306884766, -0.85534668, -0.416992187, -0.702655796, -0.091768737, 0.705581416, 0, 1, 5, 1, 
131.032636, 16, 0.1, 0.1, 0.0417602855, 0.358529324, -0.0349683917, 0.941485891, -0.337052396, -8.37461432e-006, 0.337052396, 0.941485891, -9.33029922e-006, 1.10293809e-005, 5.96166125e-006, 1, 0.941485904, -0.337052359, -3.88447155e-006, 0.337052359, 0.941485904, -4.99108811e-006, 5.33943323e-006, 3.3897688e-006, 1, 0, 0, 0, 0, 0, 0, 0, 0.123861841, 0.116798511, 0.129253931, -0.389323607, 0.783298258, 0.484377092, -0.190429687, -0.583007813, 0.789794922, 0.901222811, 0.215197603, 0.376246645, 0, -0, 0, 0, 0, 0, 0, 0.189235205, 0.103484033, 0.0581757324, -0.639267098, 0.506100903, -0.578773991, -0.303833008, -0.857666016, -0.414428711, -0.70631097, -0.0890654524, 0.70225983, 0, 1, 5, 1, 
131.033331, 16, 0.1, 0.1, 0.0417602847, 0.358529324, -0.0349687799, 0.941485859, -0.337052484, 1.2031629e-005, 0.337052484, 0.941485859, 7.49935094e-008, -1.13528853e-005, 3.98468511e-006, 1, 0.941485859, -0.337052483, 9.77168522e-006, 0.337052483, 0.941485859, 8.28009598e-006, -1.19907304e-005, -4.50202251e-006, 1, 0, 0, 0, 0, 0, 0, 0, 0.123861841, 0.116798511, 0.129253931, -0.389323607, 0.783298258, 0.484377092, -0.190429687, -0.583007813, 0.789794922, 0.901222811, 0.215197603, 0.376246645, 0, -0, 0, 0, 0, 0, 0, 0.189235205, 0.103484033, 0.0581757324, -0.639267098, 0.506100903, -0.578773991, -0.303833008, -0.857666016, -0.414428711, -0.70631097, -0.0890654524, 0.70225983, 0, 1, 5, 1, 
