time, trialNum, realDorsalTactorPos, realVentralTactorPos, boxPosX, boxPosY, boxPosZ, boxLocalRot_11, boxLocalRot_12, boxLocalRot_13, boxLocalRot_21, boxLocalRot_22, boxLocalRot_23, boxLocalRot_31, boxLocalRot_32, boxLocalRot_33, boxGlobalRot_11, boxGlobalRot_12, boxGlobalRot_13, boxGlobalRot_21, boxGlobalRot_22, boxGlobalRot_23, boxGlobalRot_31, boxGlobalRot_32, boxGlobalRot_33, indexForceX, indexForceY, indexForceZ, indexForceGlobalX, indexForceGlobalY, indexForceGlobalZ, indexContact, indexPosX, indexPosY, indexPosZ, indexRot_11, indexRot_12, indexRot_13, indexRot_21, indexRot_22, indexRot_23, indexRot_31, indexRot_32, indexRot_33, thumbForceX, thumbForceY, thumbForceZ, thumbForceGlobalX, thumbForceGlobalY, thumbForceGlobalZ, thumbContact, thumbPosX, thumbPosY, thumbPosZ, thumbRot_11, thumbRot_12, thumbRot_13, thumbRot_21, thumbRot_22, thumbRot_23, thumbRot_31, thumbRot_32, thumbRot_33, manipForceTooHigh, cceExpType, mapping, trialSuccess, 
155.918982, 22, 0.1, 0.1, 0.025992107, 0.344249899, -0.0349818357, 0.678302382, -0.734782878, -1.20582214e-007, 0.734782878, 0.678302382, 2.27247048e-006, -1.5879812e-006, -1.63002389e-006, 1, 0.678302382, -0.734782878, 7.99456703e-009, 0.734782878, 0.678302382, 2.46624907e-006, -1.81758032e-006, -1.66698835e-006, 1, 0, -0, 0, 0, 0, 0, 0, 0.160401343, 0.146895557, 0.147709839, -0.74044175, 0.52746313, 0.416302595, -0.591796875, -0.805297852, -0.0321044922, 0.318358529, -0.270165773, 0.908586548, 0, 0, -0, 0, 0, 0, 0, 0.248901318, 0.149649902, 0.138664844, -0.290693401, 0.740205512, -0.606147656, 0.358032227, -0.503295898, -0.786376953, -0.88717448, -0.445576181, -0.11869742, 0, 1, 5, 1, 
155.923184, 22, 0.1, 0.1, 0.0259921053, 0.344249932, -0.0349763306, 0.678302293, -0.73478296, 9.8649462e-007, 0.73478296, 0.678302293, -1.84602274e-005, 1.28951189e-005, 1.3246474e-005, 1, 0.678302295, -0.734782959, 9.18817045e-007, 0.734782959, 0.678302295, -1.66197117e-005, 1.15886453e-005, 1.19483197e-005, 1, 0, -0, 0, 0, 0, 0, 0, 0.160949487, 0.147738989, 0.145771899, -0.742204574, 0.530946481, 0.408771249, -0.595092773, -0.802612305, -0.0380859375, 0.308008827, -0.271582626, 0.911756867, 0, 0, -0, 0, 0, 0, 0, 0.249222705, 0.150532031, 0.137439404, -0.289409023, 0.743387473, -0.602781228, 0.360717773, -0.498535156, -0.788085937, -0.886548516, -0.445487229, -0.123867016, 0, 1, 5, 1, 
155.923876, 22, 0.1, 0.1, 0.0259921055, 0.34424993, -0.0349832671, 0.678302289, -0.734782965, -1.63225452e-006, 0.734782964, 0.678302289, 1.93822837e-005, -1.31346099e-005, -1.43464002e-005, 1, 0.67830229, -0.734782964, -1.50211698e-006, 0.734782964, 0.67830229, 1.56742693e-005, -1.04982967e-005, -1.17356227e-005, 1, 0, -0, 0, 0, 0, 0, 0, 0.160949487, 0.147738989, 0.145771899, -0.742204574, 0.530946481, 0.408771249, -0.595092773, -0.802612305, -0.0380859375, 0.308008827, -0.271582626, 0.911756867, 0, 0, -0, 0, 0, 0, 0, 0.249222705, 0.150532031, 0.137439404, -0.289409023, 0.743387473, -0.602781228, 0.360717773, -0.498535156, -0.788085937, -0.886548516, -0.445487229, -0.123867016, 0, 1, 5, 1, 
155.924564, 22, 0.1, 0.1, 0.0259921054, 0.344249928, -0.0349857778, 0.678302291, -0.734782963, 1.96455167e-006, 0.734782963, 0.678302291, -1.21251641e-005, 7.57680411e-006, 9.66804569e-006, 1, 0.67830229, -0.734782963, 1.243477e-006, 0.734782963, 0.67830229, -4.76958073e-006, 2.66115337e-006, 4.14890325e-006, 1, 0, -0, 0, 0, 0, 0, 0, 0.160949487, 0.147738989, 0.145771899, -0.742204574, 0.530946481, 0.408771249, -0.595092773, -0.802612305, -0.0380859375, 0.308008827, -0.271582626, 0.911756867, 0, 0, -0, 0, 0, 0, 0, 0.249222705, 0.150532031, 0.137439404, -0.289409023, 0.743387473, -0.602781228, 0.360717773, -0.498535156, -0.788085937, -0.886548516, -0.445487229, -0.123867016, 0, 1, 5, 1, 
155.925257, 22, 0.1, 0.1, 0.0259921048, 0.34424993, -0.0349834846, 0.678302295, -0.734782959, 5.0779474e-007, 0.734782959, 0.678302295, 9.31849508e-006, -7.19150973e-006, -5.94763768e-006, 1, 0.678302293, -0.73478296, 1.34272024e-006, 0.73478296, 0.678302293, -2.64316014e-006, 1.03137881e-006, 2.77946954e-006, 1, 0, -0, 0, 0, 0, 0, 0, 0.160949487, 0.147738989, 0.145771899, -0.742204574, 0.530946481, 0.408771249, -0.595092773, -0.802612305, -0.0380859375, 0.308008827, -0.271582626, 0.911756867, 0, 0, -0, 0, 0, 0, 0, 0.249222705, 0.150532031, 0.137439404, -0.289409023, 0.743387473, -0.602781228, 0.360717773, -0.498535156, -0.788085937, -0.886548516, -0.445487229, -0.123867016, 0, 1, 5, 1, 
155.925961, 22, 0.1, 0.1, 0.025992105, 0.344249926, -0.0349771416, 0.678302294, -0.73478296, -6.33421076e-007, 0.73478296, 0.678302294, -6.95443752e-006, 5.53965315e-006, 4.25178391e-006, 1, 0.678302294, -0.734782959, -1.13126268e-006, 0.734782959, 0.678302294, 7.06378943e-006, -4.42301403e-006, -5.62261711e-006, 1, 0, -0, 0, 0, 0, 0, 0, 0.160949487, 0.147738989, 0.145771899, -0.742204574, 0.530946481, 0.408771249, -0.595092773, -0.802612305, -0.0380859375, 0.308008827, -0.271582626, 0.911756867, 0, 0, -0, 0, 0, 0, 0, 0.249502344, 0.150560352, 0.136960938, -0.288546452, 0.743726158, -0.602909192, 0.361572266, -0.498413086, -0.787841797, -0.886580598, -0.445206146, -0.12498515, 0, 1, 5, 1, 
155.926652, 22, 0.1, 0.1, 0.025992105, 0.344249927, -0.0349693131, 0.678302288, -0.734782965, 2.22723806e-007, 0.734782965, 0.678302288, 1.02851624e-005, -7.7084362e-006, -6.81279554e-006, 1, 0.67830229, -0.734782964, 3.54103766e-008, 0.734782964, 0.67830229, 4.83162123e-006, -3.57421191e-006, -3.2512808e-006, 1, 0, -0, 0, 0, 0, 0, 0, 0.160949487, 0.147738989, 0.145771899, -0.742204574, 0.530946481, 0.408771249, -0.595092773, -0.802612305, -0.0380859375, 0.308008827, -0.271582626, 0.911756867, 0, 0, -0, 0, 0, 0, 0, 0.249502344, 0.150560352, 0.136960938, -0.288546452, 0.743726158, -0.602909192, 0.361572266, -0.498413086, -0.787841797, -0.886580598, -0.445206146, -0.12498515, 0, 1, 5, 1, 
155.927344, 22, 0.1, 0.1, 0.0259921046, 0.344249927, -0.0349623859, 0.678302284, -0.734782969, 1.11261083e-006, 0.734782969, 0.678302284, -1.0808559e-006, 3.95080404e-008, 1.55067451e-006, 1, 0.678302285, -0.734782968, 1.05138782e-006, 0.734782968, 0.678302285, 1.38292813e-006, -1.7293108e-006, -1.65501442e-007, 1, 0, -0, 0, 0, 0, 0, 0, 0.160949487, 0.147738989, 0.145771899, -0.742204574, 0.530946481, 0.408771249, -0.595092773, -0.802612305, -0.0380859375, 0.308008827, -0.271582626, 0.911756867, 0, 0, -0, 0, 0, 0, 0, 0.249502344, 0.150560352, 0.136960938, -0.288546452, 0.743726158, -0.602909192, 0.361572266, -0.498413086, -0.787841797, -0.886580598, -0.445206146, -0.12498515, 0, 1, 5, 1, 
155.928049, 22, 0.1, 0.1, 0.0259921044, 0.344249927, -0.0349579226, 0.678302281, -0.734782972, 5.68643552e-008, 0.734782972, 0.678302281, -4.4380288e-006, 3.22241677e-006, 3.05210802e-006, 1, 0.678302281, -0.734782972, 8.50811831e-007, 0.734782972, 0.678302281, -1.2868468e-005, 8.87842357e-006, 9.35387325e-006, 1, 0, -0, 0, 0, 0, 0, 0, 0.160904565, 0.147631592, 0.145123877, -0.742809655, 0.533167991, 0.404723253, -0.596679687, -0.801391602, -0.0394287109, 0.303408169, -0.270822151, 0.913510334, 0, 0, -0, 0, 0, 0, 0, 0.249502344, 0.150560352, 0.136960938, -0.288546452, 0.743726158, -0.602909192, 0.361572266, -0.498413086, -0.787841797, -0.886580598, -0.445206146, -0.12498515, 0, 1, 5, 1, 
155.928747, 22, 0.1, 0.1, 0.0259921046, 0.344249924, -0.0349572166, 0.678302282, -0.734782971, 9.81594102e-007, 0.73478297, 0.678302282, -2.17519937e-005, 1.5317177e-005, 1.54756856e-005, 1, 0.678302281, -0.734782971, -4.13967478e-007, 0.734782971, 0.678302281, 3.79547863e-006, -2.50805798e-006, -2.87865807e-006, 1, 0, -0, 0, 0, 0, 0, 0, 0.160904565, 0.147631592, 0.145123877, -0.742809655, 0.533167991, 0.404723253, -0.596679687, -0.801391602, -0.0394287109, 0.303408169, -0.270822151, 0.913510334, 0, 0, -0, 0, 0, 0, 0, 0.249502344, 0.150560352, 0.136960938, -0.288546452, 0.743726158, -0.602909192, 0.361572266, -0.498413086, -0.787841797, -0.886580598, -0.445206146, -0.12498515, 0, 1, 5, 1, 
155.929433, 22, 0.1, 0.1, 0.0259921043, 0.34424993, -0.0349601536, 0.678302285, -0.734782968, -8.42560721e-008, 0.734782968, 0.678302285, 1.95002967e-005, -1.42713348e-005, -1.32890058e-005, 1, 0.678302285, -0.734782968, 7.27910663e-007, 0.734782968, 0.678302285, -8.47100989e-006, 5.73061032e-006, 6.28076172e-006, 1, 0, -0, 0, 0, 0, 0, 0, 0.160904565, 0.147631592, 0.145123877, -0.742809655, 0.533167991, 0.404723253, -0.596679687, -0.801391602, -0.0394287109, 0.303408169, -0.270822151, 0.913510334, 0, 0, -0, 0, 0, 0, 0, 0.249502344, 0.150560352, 0.136960938, -0.288546452, 0.743726158, -0.602909192, 0.361572266, -0.498413086, -0.787841797, -0.886580598, -0.445206146, -0.12498515, 0, 1, 5, 1, 
155.930136, 22, 0.1, 0.1, 0.0259921048, 0.344249918, -0.0349658089, 0.678302281, -0.734782972, -1.25637344e-006, 0.734782972, 0.678302281, 7.87130168e-006, -4.93149747e-006, -6.26228369e-006, 1, 0.678302283, -0.73478297, -2.14817847e-006, 0.73478297, 0.678302282, 2.97632955e-005, -2.04124483e-005, -2.17669562e-005, 1, 0, -0, 0, 0, 0, 0, 0, 0.160904565, 0.147631592, 0.145123877, -0.744492729, 0.533689574, 0.400916392, -0.596069336, -0.801757813, -0.0393066406, 0.300584943, -0.268309331, 0.915225609, 0, 0, -0, 0, 0, 0, 0, 0.249502344, 0.150560352, 0.136960938, -0.288546452, 0.743726158, -0.602909192, 0.361572266, -0.498413086, -0.787841797, -0.886580598, -0.445206146, -0.12498515, 0, 1, 5, 1, 
155.930839, 22, 0.1, 0.1, 0.0259921042, 0.344249933, -0.0349719452, 0.678302271, -0.734782981, 2.14004363e-006, 0.73478298, 0.67830227, -4.70457919e-005, 3.31168507e-005, 3.34837351e-005, 0.999999999, 0.678302273, -0.734782979, 2.80415718e-006, 0.734782978, 0.678302272, -5.28457538e-005, 3.69280942e-005, 3.79058419e-005, 0.999999999, 0, -0, 0, 0, 0, 0, 0, 0.161033203, 0.148112378, 0.144488062, -0.744492729, 0.533689574, 0.400916392, -0.596069336, -0.801757813, -0.0393066406, 0.300584943, -0.268309331, 0.915225609, 0, 0, -0, 0, 0, 0, 0, 0.249737305, 0.150771875, 0.136491016, -0.28845057, 0.743630276, -0.603100956, 0.362060547, -0.498291016, -0.787597656, -0.886325035, -0.445461709, -0.125496276, 0, 1, 5, 1, 
155.931526, 22, 0.1, 0.1, 0.0259921047, 0.344249931, -0.0349769739, 0.678302268, -0.734782983, -3.0335455e-006, 0.734782983, 0.678302268, 3.80566788e-005, -2.59057392e-005, -2.80429291e-005, 0.999999999, 0.678302268, -0.734782983, -2.78451571e-006, 0.734782983, 0.678302268, 2.68920282e-005, -1.78710614e-005, -2.02869385e-005, 1, 0, -0, 0, 0, 0, 0, 0, 0.161033203, 0.148112378, 0.144488062, -0.744492729, 0.533689574, 0.400916392, -0.596069336, -0.801757813, -0.0393066406, 0.300584943, -0.268309331, 0.915225609, 0, 0, -0, 0, 0, 0, 0, 0.249737305, 0.150771875, 0.136491016, -0.28845057, 0.743630276, -0.603100956, 0.362060547, -0.498291016, -0.787597656, -0.886325035, -0.445461709, -0.125496276, 0, 1, 5, 1, 
155.93222, 22, 0.1, 0.1, 0.025992105, 0.34424992, -0.0349796243, 0.678302277, -0.734782975, 6.44203537e-007, 0.734782975, 0.678302277, 6.62688741e-006, -5.30628877e-006, -4.02168303e-006, 1, 0.678302275, -0.734782977, 1.45895871e-007, 0.734782977, 0.678302275, 2.33682886e-005, -1.72695822e-005, -1.57435615e-005, 1, 0, -0, 0, 0, 0, 0, 0, 0.161033203, 0.148112378, 0.144488062, -0.744492729, 0.533689574, 0.400916392, -0.596069336, -0.801757813, -0.0393066406, 0.300584943, -0.268309331, 0.915225609, 0, 0, -0, 0, 0, 0, 0, 0.249737305, 0.150771875, 0.136491016, -0.28845057, 0.743630276, -0.603100956, 0.362060547, -0.498291016, -0.787597656, -0.886325035, -0.445461709, -0.125496276, 0, 1, 5, 1, 
155.932923, 22, 0.1, 0.1, 0.0259921046, 0.344249931, -0.0349791275, 0.67830229, -0.734782963, 1.11783562e-006, 0.734782962, 0.67830229, -4.1937496e-005, 3.00567271e-005, 2.92676661e-005, 0.999999999, 0.678302288, -0.734782966, 9.05307271e-007, 0.734782965, 0.678302287, -4.41808648e-005, 3.18492748e-005, 3.0633186e-005, 0.999999999, 0, -0, 0, 0, 0, 0, 0, 0.161033203, 0.148112378, 0.144488062, -0.744492729, 0.533689574, 0.400916392, -0.596069336, -0.801757813, -0.0393066406, 0.300584943, -0.268309331, 0.915225609, 0, 0, -0, 0, 0, 0, 0, 0.249737305, 0.150771875, 0.136491016, -0.28845057, 0.743630276, -0.603100956, 0.362060547, -0.498291016, -0.787597656, -0.886325035, -0.445461709, -0.125496276, 0, 1, 5, 1, 
155.933613, 22, 0.1, 0.1, 0.0259921044, 0.344249931, -0.0349758997, 0.678302297, -0.734782957, -1.04306608e-006, 0.734782956, 0.678302297, 3.8878332e-005, -2.78596216e-005, -2.71376891e-005, 0.999999999, 0.678302296, -0.734782958, -1.39318452e-007, 0.734782957, 0.678302296, 2.19403276e-005, -1.60268788e-005, -1.49845434e-005, 1, 0, -0, 0, 0, 0, 0, 0, 0.161033203, 0.148112378, 0.144488062, -0.744492729, 0.533689574, 0.400916392, -0.596069336, -0.801757813, -0.0393066406, 0.300584943, -0.268309331, 0.915225609, 0, 0, -0, 0, 0, 0, 0, 0.249737305, 0.150771875, 0.136491016, -0.28845057, 0.743630276, -0.603100956, 0.362060547, -0.498291016, -0.787597656, -0.886325035, -0.445461709, -0.125496276, 0, 1, 5, 1, 
155.934302, 22, 0.1, 0.1, 0.0259921049, 0.344249917, -0.0349711421, 0.678302299, -0.734782955, -7.32170919e-007, 0.734782955, 0.678302299, 1.40644895e-005, -9.83771391e-006, -1.00779623e-005, 1, 0.678302299, -0.734782955, -1.07607533e-006, 0.734782955, 0.678302299, 3.34398835e-005, -2.38411521e-005, -2.34730317e-005, 0.999999999, 0, -0, 0, 0, 0, 0, 0, 0.161033203, 0.148112378, 0.144488062, -0.744492729, 0.533689574, 0.400916392, -0.596069336, -0.801757813, -0.0393066406, 0.300584943, -0.268309331, 0.915225609, 0, 0, -0, 0, 0, 0, 0, 0.249737305, 0.150771875, 0.136491016, -0.28845057, 0.743630276, -0.603100956, 0.362060547, -0.498291016, -0.787597656, -0.886325035, -0.445461709, -0.125496276, 0, 1, 5, 1, 
155.935005, 22, 0.1, 0.1, 0.0259921044, 0.344249927, -0.0349661522, 0.678302297, -0.734782957, 2.11309483e-006, 0.734782957, 0.678302296, -2.98605582e-005, 2.05077122e-005, 2.18071513e-005, 1, 0.678302298, -0.734782956, 2.20946997e-006, 0.734782956, 0.678302297, -3.88412065e-005, 2.7041168e-005, 2.79695605e-005, 0.999999999, 0, -0, 0, 0, 0, 0, 0, 0.161229712, 0.147793823, 0.143629004, -0.744805378, 0.536082949, 0.397109531, -0.597412109, -0.80090332, -0.0391845703, 0.297050296, -0.266463749, 0.916940884, 0, 0, -0, 0, 0, 0, 0, 0.249737305, 0.150771875, 0.136491016, -0.28845057, 0.743630276, -0.603100956, 0.362060547, -0.498291016, -0.787597656, -0.886325035, -0.445461709, -0.125496276, 0, 1, 5, 1, 
155.935708, 22, 0.1, 0.1, 0.0259921047, 0.344249919, -0.034962307, 0.678302289, -0.734782965, -2.28952318e-006, 0.734782964, 0.678302288, 3.30789224e-005, -2.27528398e-005, -2.41198114e-005, 0.999999999, 0.678302291, -0.734782963, -2.16491651e-006, 0.734782962, 0.67830229, 3.72964398e-005, -2.59363207e-005, -2.68890043e-005, 0.999999999, 0, -0, 0, 0, 0, 0, 0, 0.161229712, 0.147793823, 0.143629004, -0.744805378, 0.536082949, 0.397109531, -0.597412109, -0.80090332, -0.0391845703, 0.297050296, -0.266463749, 0.916940884, 0, 0, -0, 0, 0, 0, 0, 0.24961001, 0.150600635, 0.136014502, -0.286783031, 0.743975525, -0.603426882, 0.361694336, -0.499023438, -0.787353516, -0.887008969, -0.444075252, -0.12589876, 0, 1, 5, 1, 
155.936393, 22, 0.1, 0.1, 0.0259921046, 0.344249921, -0.0349610471, 0.678302277, -0.734782975, 1.27409288e-006, 0.734782975, 0.678302277, -1.15004694e-005, 7.58612903e-006, 8.73697635e-006, 1, 0.67830228, -0.734782973, 1.25433669e-006, 0.734782972, 0.67830228, -1.89010624e-005, 1.30373593e-005, 1.37422989e-005, 1, 0, -0, 0, 0, 0, 0, 0, 0.161229712, 0.147793823, 0.143629004, -0.744805378, 0.536082949, 0.397109531, -0.597412109, -0.80090332, -0.0391845703, 0.297050296, -0.266463749, 0.916940884, 0, 0, -0, 0, 0, 0, 0, 0.24961001, 0.150600635, 0.136014502, -0.286783031, 0.743975525, -0.603426882, 0.361694336, -0.499023438, -0.787353516, -0.887008969, -0.444075252, -0.12589876, 0, 1, 5, 1, 
155.937083, 22, 0.1, 0.1, 0.0259921044, 0.344249919, -0.0349624463, 0.678302263, -0.734782988, 6.87035519e-007, 0.734782988, 0.678302263, -5.74098033e-006, 3.75235693e-006, 4.39894196e-006, 1, 0.678302266, -0.734782986, 8.3195123e-007, 0.734782986, 0.678302266, -2.92522012e-006, 1.58508757e-006, 2.59548705e-006, 1, 0, -0, 0, 0, 0, 0, 0, 0.161229712, 0.147793823, 0.143629004, -0.744805378, 0.536082949, 0.397109531, -0.597412109, -0.80090332, -0.0391845703, 0.297050296, -0.266463749, 0.916940884, 0, 0, -0, 0, 0, 0, 0, 0.24961001, 0.150600635, 0.136014502, -0.286783031, 0.743975525, -0.603426882, 0.361694336, -0.499023438, -0.787353516, -0.887008969, -0.444075252, -0.12589876, 0, 1, 5, 1, 
155.93777, 22, 0.1, 0.1, 0.0259921045, 0.344249919, -0.0349659164, 0.678302251, -0.734782999, -4.45358452e-007, 0.734782999, 0.678302251, -9.38847511e-006, 7.20057954e-006, 6.04098199e-006, 1, 0.678302254, -0.734782997, -7.12996109e-007, 0.734782997, 0.678302254, 1.49886325e-006, -6.17712367e-007, -1.54057974e-006, 1, 0, -0, 0, 0, 0, 0, 0, 0.161229712, 0.147793823, 0.143629004, -0.744805378, 0.536082949, 0.397109531, -0.597412109, -0.80090332, -0.0391845703, 0.297050296, -0.266463749, 0.916940884, 0, 0, -0, 0, 0, 0, 0, 0.24961001, 0.150600635, 0.136014502, -0.286783031, 0.743975525, -0.603426882, 0.361694336, -0.499023438, -0.787353516, -0.887008969, -0.444075252, -0.12589876, 0, 1, 5, 1, 
155.938454, 22, 0.1, 0.1, 0.0259921047, 0.344249918, -0.034970327, 0.67830224, -0.734783009, -2.89573155e-007, 0.734783009, 0.67830224, 1.06197615e-005, -7.60680219e-006, -7.41618145e-006, 1, 0.678302242, -0.734783008, -7.93043074e-007, 0.734783008, 0.678302242, 1.28145283e-005, -8.87797474e-006, -9.27483784e-006, 1, 0, -0, 0, 0, 0, 0, 0, 0.161229712, 0.147793823, 0.143629004, -0.744805378, 0.536082949, 0.397109531, -0.597412109, -0.80090332, -0.0391845703, 0.297050296, -0.266463749, 0.916940884, 0, 0, -0, 0, 0, 0, 0, 0.24961001, 0.150600635, 0.136014502, -0.286783031, 0.743975525, -0.603426882, 0.361694336, -0.499023438, -0.787353516, -0.887008969, -0.444075252, -0.12589876, 0, 1, 5, 1, 
155.939142, 22, 0.1, 0.1, 0.0259921043, 0.344249923, -0.0349743674, 0.678302236, -0.734783014, 7.03596484e-007, 0.734783013, 0.678302236, -1.95030168e-005, 1.38532344e-005, 1.37459307e-005, 1, 0.678302236, -0.734783013, 1.4403688e-006, 0.734783013, 0.678302236, -2.4639638e-005, 1.71277821e-005, 1.77714801e-005, 1, 0, -0, 0, 0, 0, 0, 0, 0.161229712, 0.147793823, 0.143629004, -0.744805378, 0.536082949, 0.397109531, -0.597412109, -0.80090332, -0.0391845703, 0.297050296, -0.266463749, 0.916940884, 0, 0, -0, 0, 0, 0, 0, 0.24961001, 0.150600635, 0.136014502, -0.286783031, 0.743975525, -0.603426882, 0.361694336, -0.499023438, -0.787353516, -0.887008969, -0.444075252, -0.12589876, 0, 1, 5, 1, 
155.939856, 22, 0.1, 0.1, 0.0259921046, 0.344249918, -0.0349768368, 0.678302237, -0.734783012, -6.75490882e-007, 0.734783012, 0.678302237, 2.16687115e-005, -1.54636142e-005, -1.51942747e-005, 1, 0.678302236, -0.734783013, -1.28889937e-006, 0.734783013, 0.678302236, 2.38596594e-005, -1.66574091e-005, -1.71311217e-005, 1, 0, -0, 0, 0, 0, 0, 0, 0.1611948, 0.147677515, 0.142785571, -0.745301874, 0.538076429, 0.39362618, -0.598510742, -0.800048828, -0.0391845703, 0.293915543, -0.264802015, 0.918357736, 0, 0, -0, 0, 0, 0, 0, 0.24961001, 0.150600635, 0.136014502, -0.285748019, 0.744333533, -0.603414122, 0.361206055, -0.499511719, -0.787353516, -0.887513898, -0.442810197, -0.126020162, 0, 1, 5, 1, 
155.940541, 22, 0.1, 0.1, 0.0259921065, 0.34424992, -0.0349768726, 0.678302294, -0.73478296, -1.39338592e-005, 0.73478296, 0.678302294, -1.95679795e-005, 2.38295866e-005, 3.03464305e-006, 1, 0.678302271, -0.734782981, -9.46574073e-006, 0.73478298, 0.678302271, -1.90734228e-005, 2.04354599e-005, 5.9822808e-006, 1, 0, -0, 0, 0, 0, 0, 0, 0.1611948, 0.147677515, 0.142785571, -0.745301874, 0.538076429, 0.39362618, -0.598510742, -0.800048828, -0.0391845703, 0.293915543, -0.264802015, 0.918357736, 0, 0, -0, 0, 0, 0, 0, 0.249444629, 0.150204443, 0.135119824, -0.285748019, 0.744333533, -0.603414122, 0.361206055, -0.499511719, -0.787353516, -0.887513898, -0.442810197, -0.126020162, 0, 1, 5, 1, 
155.941231, 22, 0.1, 0.1, 0.0259921081, 0.34424992, -0.034974935, 0.678302463, -0.734782804, 1.29467225e-005, 0.734782803, 0.678302463, 9.71050292e-006, -1.59169043e-005, 2.926371e-006, 1, 0.678302429, -0.734782835, 5.75286733e-006, 0.734782835, 0.678302429, 4.21335901e-006, -6.99808777e-006, 1.36917652e-006, 1, 0, -0, 0, 0, 0, 0, 0, 0.1611948, 0.147677515, 0.142785571, -0.745301874, 0.538076429, 0.39362618, -0.598510742, -0.800048828, -0.0391845703, 0.293915543, -0.264802015, 0.918357736, 0, 0, -0, 0, 0, 0, 0, 0.249444629, 0.150204443, 0.135119824, -0.285748019, 0.744333533, -0.603414122, 0.361206055, -0.499511719, -0.787353516, -0.887513898, -0.442810197, -0.126020162, 0, 1, 5, 1, 
155.941919, 22, 0.1, 0.1, 0.0259921074, 0.344249917, -0.0349717025, 0.67830255, -0.734782723, -8.91067602e-006, 0.734782723, 0.67830255, -1.10772192e-005, 1.41834836e-005, 9.66295231e-007, 1, 0.678302545, -0.734782728, -4.13731837e-006, 0.734782728, 0.678302545, 5.29921267e-006, -1.08741636e-006, -6.63449952e-006, 1, 0, -0, 0, 0, 0, 0, 0, 0.1611948, 0.147677515, 0.142785571, -0.745301874, 0.538076429, 0.39362618, -0.598510742, -0.800048828, -0.0391845703, 0.293915543, -0.264802015, 0.918357736, 0, 0, -0, 0, 0, 0, 0, 0.249444629, 0.150204443, 0.135119824, -0.285748019, 0.744333533, -0.603414122, 0.361206055, -0.499511719, -0.787353516, -0.887513898, -0.442810197, -0.126020162, 0, 1, 5, 1, 
155.942633, 22, 0.1, 0.1, 0.025992113, 0.344249921, -0.0349678704, 0.678302653, -0.734782629, -6.3103203e-006, 0.734782629, 0.678302653, 1.67823084e-006, 3.04717213e-006, -5.77506217e-006, 1, 0.678302621, -0.734782658, -1.85384453e-005, 0.734782658, 0.678302621, -6.00674449e-006, 1.69883277e-005, -9.5473376e-006, 1, 0, -0, 0, 0, 0, 0, 0, 0.161102271, 0.147726709, 0.1416802, -0.746921669, 0.538877339, 0.389356146, -0.597900391, -0.800415039, -0.0390625, 0.290711519, -0.262086252, 0.920269963, 0, 0, -0, 0, 0, 0, 0, 0.249564014, 0.150008057, 0.134591309, -0.283888715, 0.744499777, -0.604085296, 0.362304688, -0.49987793, -0.786499023, -0.887686706, -0.442056268, -0.127809103, 0, 1, 5, 1, 
155.94332, 22, 0.1, 0.1, 0.0259921063, 0.344249914, -0.0349649649, 0.678302777, -0.734782514, 1.25977144e-005, 0.734782514, 0.678302777, 2.06546184e-005, -2.37217171e-005, -4.75350478e-006, 1, 0.678302765, -0.734782525, 1.9509643e-005, 0.734782524, 0.678302765, 2.54770628e-005, -3.19535453e-005, -2.94581742e-006, 0.999999999, 0, -0, 0, 0, 0, 0, 0, 0.161102271, 0.147726709, 0.1416802, -0.746921669, 0.538877339, 0.389356146, -0.597900391, -0.800415039, -0.0390625, 0.290711519, -0.262086252, 0.920269963, 0, 0, -0, 0, 0, 0, 0, 0.249564014, 0.150008057, 0.134591309, -0.283888715, 0.744499777, -0.604085296, 0.362304688, -0.49987793, -0.786499023, -0.887686706, -0.442056268, -0.127809103, 0, 1, 5, 1, 
155.944012, 22, 0.1, 0.1, 0.0259921083, 0.34424992, -0.0349637087, 0.678302804, -0.734782489, -1.73039174e-005, 0.734782489, 0.678302804, -2.35956483e-005, 2.90749649e-005, 3.2903789e-006, 1, 0.67830279, -0.734782502, -1.21489445e-005, 0.734782501, 0.67830279, -3.04097646e-005, 3.05852259e-005, 1.17001964e-005, 0.999999999, 0, -0, 0, 0, 0, 0, 0, 0.161102271, 0.147726709, 0.1416802, -0.746921669, 0.538877339, 0.389356146, -0.597900391, -0.800415039, -0.0390625, 0.290711519, -0.262086252, 0.920269963, 0, 0, -0, 0, 0, 0, 0, 0.249564014, 0.150008057, 0.134591309, -0.283888715, 0.744499777, -0.604085296, 0.362304688, -0.49987793, -0.786499023, -0.887686706, -0.442056268, -0.127809103, 0, 1, 5, 1, 
155.9447, 22, 0.1, 0.1, 0.0259921092, 0.344249914, -0.0349643683, 0.678303031, -0.734782279, 2.17143981e-005, 0.734782279, 0.678303031, 2.49588288e-005, -3.30682472e-005, -9.74294353e-007, 0.999999999, 0.678302961, -0.734782344, 9.11222952e-006, 0.734782343, 0.678302961, 2.8799413e-005, -2.73421525e-005, -1.28392218e-005, 1, 0, -0, 0, 0, 0, 0, 0, 0.161102271, 0.147726709, 0.1416802, -0.746921669, 0.538877339, 0.389356146, -0.597900391, -0.800415039, -0.0390625, 0.290711519, -0.262086252, 0.920269963, 0, 0, -0, 0, 0, 0, 0, 0.249564014, 0.150008057, 0.134591309, -0.283888715, 0.744499777, -0.604085296, 0.362304688, -0.49987793, -0.786499023, -0.887686706, -0.442056268, -0.127809103, 0, 1, 5, 1, 
155.945389, 22, 0.1, 0.1, 0.0259921013, 0.344249918, -0.0349666409, 0.678303536, -0.734781813, -7.46861288e-008, 0.734781813, 0.678303536, -2.7151906e-005, 2.00013866e-005, 1.83623559e-005, 1, 0.678303414, -0.734781925, 1.49596391e-005, 0.734781925, 0.678303414, -2.45759856e-005, 7.91081575e-006, 2.76620474e-005, 1, 0, -0, 0, 0, 0, 0, 0, 0.161102271, 0.147726709, 0.1416802, -0.746921669, 0.538877339, 0.389356146, -0.597900391, -0.800415039, -0.0390625, 0.290711519, -0.262086252, 0.920269963, 0, 0, -0, 0, 0, 0, 0, 0.249564014, 0.150008057, 0.134591309, -0.283888715, 0.744499777, -0.604085296, 0.362304688, -0.49987793, -0.786499023, -0.887686706, -0.442056268, -0.127809103, 0, 1, 5, 1, 
155.946077, 22, 0.1, 0.1, 0.0259921098, 0.344249915, -0.0349697355, 0.6783043, -0.734781108, -1.91039819e-005, 0.734781108, 0.678304299, 3.16093904e-005, -1.02676699e-005, -3.54780304e-005, 0.999999999, 0.678304133, -0.734781262, -2.98280374e-005, 0.734781262, 0.678304132, 1.97090809e-005, 5.7506177e-006, -3.52858341e-005, 0.999999999, 0, -0, 0, 0, 0, 0, 0, 0.161102271, 0.147726709, 0.1416802, -0.746921669, 0.538877339, 0.389356146, -0.597900391, -0.800415039, -0.0390625, 0.290711519, -0.262086252, 0.920269963, 0, 0, -0, 0, 0, 0, 0, 0.249564014, 0.150008057, 0.134591309, -0.283888715, 0.744499777, -0.604085296, 0.362304688, -0.49987793, -0.786499023, -0.887686706, -0.442056268, -0.127809103, 0, 1, 5, 1, 
155.946764, 22, 0.1, 0.1, 0.0259921055, 0.34424991, -0.0349727389, 0.678305253, -0.734780228, 2.75197841e-005, 0.734780228, 0.678305253, -1.3215745e-005, -8.95614603e-006, 2.91853025e-005, 1, 0.678305046, -0.734780419, 2.47217935e-005, 0.734780419, 0.678305047, 4.02517513e-006, -1.97265372e-005, 1.54347932e-005, 1, 0, -0, 0, 0, 0, 0, 0, 0.161102271, 0.147726709, 0.1416802, -0.746921669, 0.538877339, 0.389356146, -0.597900391, -0.800415039, -0.0390625, 0.290711519, -0.262086252, 0.920269963, 0, 0, -0, 0, 0, 0, 0, 0.249564014, 0.150008057, 0.134591309, -0.283888715, 0.744499777, -0.604085296, 0.362304688, -0.49987793, -0.786499023, -0.887686706, -0.442056268, -0.127809103, 0, 1, 5, 1, 
155.947474, 22, 0.1, 0.1, 0.0259921013, 0.344249921, -0.0349746731, 0.678306384, -0.734779184, -8.13744088e-007, 0.734779184, 0.678306384, -2.45321401e-005, 1.85776737e-005, 1.60423851e-005, 1, 0.678306166, -0.734779385, 5.76461995e-006, 0.734779385, 0.678306166, -3.59663309e-005, 2.25171412e-005, 2.86319079e-005, 0.999999999, 0, -0, 0, 0, 0, 0, 0, 0.161074194, 0.147172095, 0.140830664, -0.747253415, 0.541054666, 0.385752227, -0.599365234, -0.799316406, -0.0395507813, 0.287056304, -0.260824411, 0.921705911, 0, 0, -0, 0, 0, 0, 0, 0.249767627, 0.149455518, 0.133856152, -0.280457754, 0.745458597, -0.604513666, 0.362426758, -0.500854492, -0.785888672, -0.88879901, -0.439500637, -0.129572524, 0, 1, 5, 1, 
155.948166, 22, 0.1, 0.1, 0.0259921033, 0.344249916, -0.0349749526, 0.678307511, -0.734778143, -3.50377582e-006, 0.734778143, 0.678307511, 2.16377476e-005, -1.35223066e-005, -1.72515446e-005, 1, 0.678307293, -0.734778345, -5.24453672e-006, 0.734778345, 0.678307293, 2.46931558e-005, -1.45865887e-005, -2.06031197e-005, 1, 0, -0, 0, 0, 0, 0, 0, 0.161074194, 0.147172095, 0.140830664, -0.747253415, 0.541054666, 0.385752227, -0.599365234, -0.799316406, -0.0395507813, 0.287056304, -0.260824411, 0.921705911, 0, 0, -0, 0, 0, 0, 0, 0.249767627, 0.149455518, 0.133856152, -0.280457754, 0.745458597, -0.604513666, 0.362426758, -0.500854492, -0.785888672, -0.88879901, -0.439500637, -0.129572524, 0, 1, 5, 1, 
155.948876, 22, 0.1, 0.1, 0.0259921022, 0.344249918, -0.0349736061, 0.67830856, -0.734777175, 6.07857231e-006, 0.734777175, 0.67830856, -8.72173439e-006, 2.28538373e-006, 1.03824233e-005, 1, 0.678308366, -0.734777355, 5.08160361e-006, 0.734777355, 0.678308366, -1.38475392e-005, 6.72796401e-006, 1.3126749e-005, 1, 0, -0, 0, 0, 0, 0, 0, 0.161074194, 0.147172095, 0.140830664, -0.747253415, 0.541054666, 0.385752227, -0.599365234, -0.799316406, -0.0395507813, 0.287056304, -0.260824411, 0.921705911, 0, 0, -0, 0, 0, 0, 0, 0.249767627, 0.149455518, 0.133856152, -0.280457754, 0.745458597, -0.604513666, 0.362426758, -0.500854492, -0.785888672, -0.88879901, -0.439500637, -0.129572524, 0, 1, 5, 1, 
155.949565, 22, 0.1, 0.1, 0.0259921039, 0.344249914, -0.0349711688, 0.678309366, -0.734776431, -1.49801183e-005, 0.734776431, 0.678309366, 1.67844223e-006, 8.92787477e-006, -1.2145541e-005, 1, 0.678309225, -0.734776561, -1.07099742e-005, 0.734776562, 0.678309225, 1.28906446e-005, -2.20706923e-006, -1.66132812e-005, 1, 0, -0, 0, 0, 0, 0, 0, 0.161074194, 0.147172095, 0.140830664, -0.747253415, 0.541054666, 0.385752227, -0.599365234, -0.799316406, -0.0395507813, 0.287056304, -0.260824411, 0.921705911, 0, 0, -0, 0, 0, 0, 0, 0.249767627, 0.149455518, 0.133856152, -0.280457754, 0.745458597, -0.604513666, 0.362426758, -0.500854492, -0.785888672, -0.88879901, -0.439500637, -0.129572524, 0, 1, 5, 1, 
155.950256, 22, 0.1, 0.1, 0.0259921016, 0.344249918, -0.0349685143, 0.678309876, -0.73477596, 1.8856672e-005, 0.734775961, 0.678309876, -7.25742776e-006, -7.45808342e-006, 1.87782142e-005, 1, 0.678309797, -0.734776033, 1.82022294e-005, 0.734776034, 0.678309797, -1.35099915e-005, -2.41993252e-006, 2.25385215e-005, 1, 0, -0, 0, 0, 0, 0, 0, 0.161074194, 0.147172095, 0.140830664, -0.747253415, 0.541054666, 0.385752227, -0.599365234, -0.799316406, -0.0395507813, 0.287056304, -0.260824411, 0.921705911, 0, 0, -0, 0, 0, 0, 0, 0.249767627, 0.149455518, 0.133856152, -0.280457754, 0.745458597, -0.604513666, 0.362426758, -0.500854492, -0.785888672, -0.88879901, -0.439500637, -0.129572524, 0, 1, 5, 1, 
155.950948, 22, 0.1, 0.1, 0.0259921053, 0.344249918, -0.0349664288, 0.678310141, -0.734775716, -2.02170574e-005, 0.734775716, 0.678310141, -3.02294391e-006, 1.59346208e-005, -1.28045093e-005, 1, 0.678310101, -0.734775752, -2.36705409e-005, 0.734775752, 0.678310102, -1.18244491e-006, 1.69247988e-005, -1.65904751e-005, 1, 0, -0, 0, 0, 0, 0, 0, 0.161074194, 0.147172095, 0.140830664, -0.747253415, 0.541054666, 0.385752227, -0.599365234, -0.799316406, -0.0395507813, 0.287056304, -0.260824411, 0.921705911, 0, 0, -0, 0, 0, 0, 0, 0.249767627, 0.149455518, 0.133856152, -0.280457754, 0.745458597, -0.604513666, 0.362426758, -0.500854492, -0.785888672, -0.88879901, -0.439500637, -0.129572524, 0, 1, 5, 1, 
155.951642, 22, 0.1, 0.1, 0.0259921006, 0.344249919, -0.0349654424, 0.678310318, -0.734775552, 1.7213577e-005, 0.734775552, 0.678310318, -6.8110319e-006, -6.67156714e-006, 1.72681087e-005, 1, 0.678310284, -0.734775583, 2.45247534e-005, 0.734775584, 0.678310284, -6.2081704e-006, -1.20737804e-005, 2.22312558e-005, 1, 0, -0, 0, 0, 0, 0, 0, 0.161074194, 0.147172095, 0.140830664, -0.747253415, 0.541054666, 0.385752227, -0.599365234, -0.799316406, -0.0395507813, 0.287056304, -0.260824411, 0.921705911, 0, 0, -0, 0, 0, 0, 0, 0.249767627, 0.149455518, 0.133856152, -0.280457754, 0.745458597, -0.604513666, 0.362426758, -0.500854492, -0.785888672, -0.88879901, -0.439500637, -0.129572524, 0, 1, 5, 1, 
155.952358, 22, 0.1, 0.1, 0.0259921052, 0.344249916, -0.0349655447, 0.678310589, -0.734775302, -7.76206012e-006, 0.734775302, 0.678310589, 2.3079903e-005, -1.16934551e-005, -2.13587127e-005, 1, 0.678310524, -0.734775362, -1.93216154e-005, 0.734775362, 0.678310524, 1.62351864e-005, 1.17684011e-006, -2.52095447e-005, 1, 0, -0, 0, 0, 0, 0, 0, 0.161305737, 0.146580249, 0.139639136, -0.747000297, 0.542533676, 0.384242139, -0.600341797, -0.798706055, -0.0393066406, 0.285533111, -0.260069928, 0.922315861, 0, 0, -0, 0, 0, 0, 0, 0.249676709, 0.148676318, 0.132727979, -0.278144927, 0.746442936, -0.604424347, 0.361694336, -0.501464844, -0.785766602, -0.889783349, -0.43718781, -0.130422336, 0, 1, 5, 1, 
155.953054, 22, 0.1, 0.1, 0.0259921014, 0.344249915, -0.0349668267, 0.678311058, -0.734774869, 5.32101334e-006, 0.734774869, 0.678311058, -1.2688888e-005, 5.71417385e-006, 1.25167599e-005, 1, 0.678310952, -0.734774967, 1.18817663e-005, 0.734774968, 0.678310952, -1.10142149e-005, 3.34372354e-008, 1.62014871e-005, 1, 0, -0, 0, 0, 0, 0, 0, 0.161305737, 0.146580249, 0.139639136, -0.747000297, 0.542533676, 0.384242139, -0.600341797, -0.798706055, -0.0393066406, 0.285533111, -0.260069928, 0.922315861, 0, 0, -0, 0, 0, 0, 0, 0.249676709, 0.148676318, 0.132727979, -0.278144927, 0.746442936, -0.604424347, 0.361694336, -0.501464844, -0.785766602, -0.889783349, -0.43718781, -0.130422336, 0, 1, 5, 1, 
155.953745, 22, 0.1, 0.1, 0.0259921053, 0.344249912, -0.0349689028, 0.678311578, -0.734774389, -1.5686358e-005, 0.734774389, 0.678311578, 9.90984578e-006, 3.3587374e-006, -1.82478973e-005, 1, 0.678311485, -0.734774474, -1.8868095e-005, 0.734774475, 0.678311485, 1.20697999e-005, 3.92986472e-006, -2.20508785e-005, 1, 0, -0, 0, 0, 0, 0, 0, 0.161305737, 0.146580249, 0.139639136, -0.747000297, 0.542533676, 0.384242139, -0.600341797, -0.798706055, -0.0393066406, 0.285533111, -0.260069928, 0.922315861, 0, 0, -0, 0, 0, 0, 0, 0.249676709, 0.148676318, 0.132727979, -0.278144927, 0.746442936, -0.604424347, 0.361694336, -0.501464844, -0.785766602, -0.889783349, -0.43718781, -0.130422336, 0, 1, 5, 1, 
155.954437, 22, 0.1, 0.1, 0.0259921029, 0.344249914, -0.0349711271, 0.678312058, -0.734773946, 1.28301675e-005, 0.734773946, 0.678312058, -6.80518785e-006, -3.70258261e-006, 1.40433138e-005, 1, 0.678311965, -0.734774032, 1.12707133e-005, 0.734774032, 0.678311964, -1.25225484e-005, 1.55618369e-006, 1.67756218e-005, 1, 0, -0, 0, 0, 0, 0, 0, 0.161305737, 0.146580249, 0.139639136, -0.747000297, 0.542533676, 0.384242139, -0.600341797, -0.798706055, -0.0393066406, 0.285533111, -0.260069928, 0.922315861, 0, 0, -0, 0, 0, 0, 0, 0.249676709, 0.148676318, 0.132727979, -0.278144927, 0.746442936, -0.604424347, 0.361694336, -0.501464844, -0.785766602, -0.889783349, -0.43718781, -0.130422336, 0, 1, 5, 1, 
155.955132, 22, 0.1, 0.1, 0.0259921045, 0.344249911, -0.0349728245, 0.678312472, -0.734773564, -6.16135844e-006, 0.734773564, 0.678312472, 1.10185568e-005, -3.91681794e-006, -1.20012278e-005, 1, 0.678312388, -0.734773641, -8.59269509e-006, 0.734773641, 0.678312388, 1.33595185e-005, -3.98769054e-006, -1.53756128e-005, 1, 0, -0, 0, 0, 0, 0, 0, 0.161305737, 0.146580249, 0.139639136, -0.747000297, 0.542533676, 0.384242139, -0.600341797, -0.798706055, -0.0393066406, 0.285533111, -0.260069928, 0.922315861, 0, 0, -0, 0, 0, 0, 0, 0.249676709, 0.148676318, 0.132727979, -0.278144927, 0.746442936, -0.604424347, 0.361694336, -0.501464844, -0.785766602, -0.889783349, -0.43718781, -0.130422336, 0, 1, 5, 1, 
155.955824, 22, 0.1, 0.1, 0.0259921016, 0.344249913, -0.0349735177, 0.678312818, -0.734773244, 1.04442813e-005, 0.734773244, 0.678312818, -1.06206535e-005, 7.19282146e-007, 1.48783039e-005, 1, 0.678312757, -0.734773301, 1.57602953e-005, 0.734773301, 0.678312757, -9.38354086e-006, -3.79563403e-006, 1.79452196e-005, 1, 0, -0, 0, 0, 0, 0, 0, 0.161305737, 0.146580249, 0.139639136, -0.747000297, 0.542533676, 0.384242139, -0.600341797, -0.798706055, -0.0393066406, 0.285533111, -0.260069928, 0.922315861, 0, 0, -0, 0, 0, 0, 0, 0.249676709, 0.148676318, 0.132727979, -0.278144927, 0.746442936, -0.604424347, 0.361694336, -0.501464844, -0.785766602, -0.889783349, -0.43718781, -0.130422336, 0, 1, 5, 1, 
155.956518, 22, 0.1, 0.1, 0.025992103, 0.344249911, -0.0349730849, 0.678313129, -0.734772957, -7.87681565e-006, 0.734772958, 0.678313129, 7.49900609e-006, -1.67119412e-007, -1.08743454e-005, 1, 0.678313075, -0.734773007, -1.04669594e-005, 0.734773007, 0.678313075, 9.49987329e-006, 1.19624963e-007, -1.41347275e-005, 1, 0, -0, 0, 0, 0, 0, 0, 0.161305737, 0.146580249, 0.139639136, -0.747000297, 0.542533676, 0.384242139, -0.600341797, -0.798706055, -0.0393066406, 0.285533111, -0.260069928, 0.922315861, 0, 0, -0, 0, 0, 0, 0, 0.249676709, 0.148676318, 0.132727979, -0.278144927, 0.746442936, -0.604424347, 0.361694336, -0.501464844, -0.785766602, -0.889783349, -0.43718781, -0.130422336, 0, 1, 5, 1, 
155.957236, 22, 0.1, 0.1, 0.0259921002, 0.344249914, -0.0349714281, 0.67831334, -0.734772763, 9.65139039e-006, 0.734772763, 0.67831334, -1.19062418e-005, 2.20171536e-006, 1.51677414e-005, 1, 0.678313306, -0.734772794, 1.56437169e-005, 0.734772794, 0.678313306, -1.13831741e-005, -2.24729473e-006, 1.9215936e-005, 1, 0, -0, 0, 0, 0, 0, 0, 0.161156934, 0.146316724, 0.13830918, -0.749724295, 0.541589354, 0.379953008, -0.598388672, -0.800048828, -0.0401611328, 0.282380384, -0.257448523, 0.92410752, 0, 0, -0, 0, 0, 0, 0, 0.249784863, 0.148378125, 0.131902979, -0.276751907, 0.745535522, -0.606015694, 0.364501953, -0.502075195, -0.784179687, -0.889023223, -0.437896897, -0.132798962, 0, 1, 5, 1, 
155.957927, 22, 0.1, 0.1, 0.0259921029, 0.344249911, -0.0349694303, 0.67831352, -0.734772596, -1.7525182e-005, 0.734772597, 0.67831352, 3.16659932e-006, 9.56083746e-006, -1.50249706e-005, 1, 0.678313493, -0.734772621, -1.35918048e-005, 0.734772621, 0.678313493, 1.27148579e-005, -1.23024866e-007, -1.86115457e-005, 1, 0, -0, 0, 0, 0, 0, 0, 0.161156934, 0.146316724, 0.13830918, -0.749724295, 0.541589354, 0.379953008, -0.598388672, -0.800048828, -0.0401611328, 0.282380384, -0.257448523, 0.92410752, 0, 0, -0, 0, 0, 0, 0, 0.249784863, 0.148378125, 0.131902979, -0.276751907, 0.745535522, -0.606015694, 0.364501953, -0.502075195, -0.784179687, -0.889023223, -0.437896897, -0.132798962, 0, 1, 5, 1, 
155.958623, 22, 0.1, 0.1, 0.0259921005, 0.344249913, -0.0349676691, 0.678313503, -0.734772612, 2.08055581e-005, 0.734772612, 0.678313503, 2.54838191e-006, -1.59851722e-005, 1.35587524e-005, 1, 0.678313526, -0.734772591, 1.93836812e-005, 0.734772591, 0.678313526, -5.51419646e-006, -9.09653273e-006, 1.79829517e-005, 1, 0, -0, 0, 0, 0, 0, 0, 0.161156934, 0.146316724, 0.13830918, -0.749724295, 0.541589354, 0.379953008, -0.598388672, -0.800048828, -0.0401611328, 0.282380384, -0.257448523, 0.92410752, 0, 0, -0, 0, 0, 0, 0, 0.249784863, 0.148378125, 0.131902979, -0.276751907, 0.745535522, -0.606015694, 0.364501953, -0.502075195, -0.784179687, -0.889023223, -0.437896897, -0.132798962, 0, 1, 5, 1, 
155.959343, 22, 0.1, 0.1, 0.0259921034, 0.344249909, -0.0349664657, 0.67831328, -0.734772818, -1.59912049e-005, 0.734772818, 0.67831328, 7.60110071e-006, 5.26196447e-006, -1.69058302e-005, 1, 0.678313336, -0.734772766, -2.02966675e-005, 0.734772766, 0.678313336, 1.02562983e-005, 6.23145162e-006, -2.18704224e-005, 1, 0, -0, 0, 0, 0, 0, 0, 0.161288379, 0.145688867, 0.137219434, -0.751299906, 0.542319872, 0.376006484, -0.598266602, -0.800170898, -0.0411376953, 0.278674994, -0.255957531, 0.925721324, 0, 0, -0, 0, 0, 0, 0, 0.249784863, 0.148378125, 0.131902979, -0.274432517, 0.745011636, -0.607875364, 0.366699219, -0.503295898, -0.782348633, -0.888902188, -0.437583731, -0.134958304, 0, 1, 5, 1, 
155.960035, 22, 0.1, 0.1, 0.0259921001, 0.344249911, -0.0349661229, 0.6783131, -0.734772984, 1.58358469e-005, 0.734772984, 0.6783131, -9.57969896e-006, -3.70275839e-006, 1.81337878e-005, 1, 0.67831313, -0.734772956, 1.4300892e-005, 0.734772956, 0.67831313, -1.68282463e-005, 2.66445744e-006, 2.19227291e-005, 1, 0, -0, 0, 0, 0, 0, 0, 0.161288379, 0.145688867, 0.137219434, -0.751299906, 0.542319872, 0.376006484, -0.598266602, -0.800170898, -0.0411376953, 0.278674994, -0.255957531, 0.925721324, 0, 0, -0, 0, 0, 0, 0, 0.249940869, 0.147680322, 0.131064795, -0.274432517, 0.745011636, -0.607875364, 0.366699219, -0.503295898, -0.782348633, -0.888902188, -0.437583731, -0.134958304, 0, 1, 5, 1, 
