time, trialNum, realDorsalTactorPos, realVentralTactorPos, boxPosX, boxPosY, boxPosZ, boxLocalRot_11, boxLocalRot_12, boxLocalRot_13, boxLocalRot_21, boxLocalRot_22, boxLocalRot_23, boxLocalRot_31, boxLocalRot_32, boxLocalRot_33, boxGlobalRot_11, boxGlobalRot_12, boxGlobalRot_13, boxGlobalRot_21, boxGlobalRot_22, boxGlobalRot_23, boxGlobalRot_31, boxGlobalRot_32, boxGlobalRot_33, indexForceX, indexForceY, indexForceZ, indexForceGlobalX, indexForceGlobalY, indexForceGlobalZ, indexContact, indexPosX, indexPosY, indexPosZ, indexRot_11, indexRot_12, indexRot_13, indexRot_21, indexRot_22, indexRot_23, indexRot_31, indexRot_32, indexRot_33, thumbForceX, thumbForceY, thumbForceZ, thumbForceGlobalX, thumbForceGlobalY, thumbForceGlobalZ, thumbContact, thumbPosX, thumbPosY, thumbPosZ, thumbRot_11, thumbRot_12, thumbRot_13, thumbRot_21, thumbRot_22, thumbRot_23, thumbRot_31, thumbRot_32, thumbRot_33, manipForceTooHigh, cceExpType, mapping, trialSuccess, 
152.301811, 20, 0.1, 0.1, 0.0308043874, 0.375105701, -0.0349647267, 0.956931609, -6.90222409e-006, 0.290313442, 0.290313442, -3.12975227e-006, -0.956931609, 7.51356556e-006, 1, -9.9115044e-007, 0.956931616, -1.5563747e-005, 0.290313419, 0.290313419, -1.42580378e-005, -0.956931617, 1.90327413e-005, 1, -9.12560255e-006, 0, 0, 0, 0, 0, 0, 0, 0.162955273, 0.146008228, 0.143810205, -0.719118194, 0.627039305, 0.299246974, -0.594726562, -0.778198242, 0.201416016, 0.359350714, -0.0331915846, 0.932687974, 0, 0, -0, 0, 0, 0, 0, 0.253057227, 0.154919922, 0.155172998, -0.258126423, 0.839510955, -0.477787626, 0.381591797, -0.365722656, -0.848754883, -0.887556577, -0.40126177, -0.225862321, 0, 1, 5, 1, 
152.345413, 20, 0.1, 0.1, 0.0308043595, 0.375105661, -0.0349673428, 0.956924051, 1.21087708e-005, 0.290338356, 0.290338356, 8.47423812e-006, -0.956924051, -1.40475703e-005, 1, 4.59356167e-006, 0.956923955, 1.29456363e-005, 0.290338673, 0.290338673, 1.93310308e-005, -0.956923954, -1.80005353e-005, 1, 1.47397076e-005, 0, 0, 0, 0, 0, 0, 0, 0.165637842, 0.143580786, 0.130229614, -0.717411511, 0.65135196, 0.246921834, -0.612426758, -0.758666992, 0.221801758, 0.331890177, 0.0079451333, 0.943323709, 0, 0, -0, 0, 0, 0, 0, 0.25544873, 0.151969678, 0.142747656, -0.235756813, 0.821614247, -0.518853449, 0.397705078, -0.405639648, -0.822875977, -0.886678348, -0.400319708, -0.231037712, 0, 1, 5, 1, 
152.346172, 20, 0.1, 0.1, 0.0308043633, 0.375105669, -0.0349695312, 0.956924586, -1.77500683e-005, 0.290336593, 0.290336593, -1.61656567e-005, -0.956924586, 2.16789584e-005, 1, -1.031582e-005, 0.956924477, -1.83069237e-005, 0.29033695, 0.29033695, -2.62942952e-005, -0.956924477, 2.51525488e-005, 0.999999999, -1.98464783e-005, 0, 0, 0, 0, 0, 0, 0, 0.165968848, 0.143189111, 0.128494775, -0.719425209, 0.651996354, 0.239104047, -0.612304687, -0.75793457, 0.224609375, 0.327759805, 0.0151349954, 0.944685517, 0, 0, -0, 0, 0, 0, 0, 0.25544873, 0.151969678, 0.142747656, -0.23429343, 0.8169751, -0.526686951, 0.401245117, -0.412231445, -0.817871094, -0.885419856, -0.402893928, -0.231247332, 0, 1, 5, 1, 
152.346873, 20, 0.1, 0.1, 0.0308043628, 0.375105666, -0.0349710134, 0.956925082, 8.54062199e-006, 0.290334958, 0.290334958, 4.09420463e-006, -0.956925082, -9.36142613e-006, 1, 1.43820597e-006, 0.956924984, 8.78876491e-006, 0.290335279, 0.290335279, 1.29134649e-005, -0.956924984, -1.21594232e-005, 1, 9.80552869e-006, 0, 0, 0, 0, 0, 0, 0, 0.165968848, 0.143189111, 0.128494775, -0.719425209, 0.651996354, 0.239104047, -0.612304687, -0.75793457, 0.224609375, 0.327759805, 0.0151349954, 0.944685517, 0, 0, -0, 0, 0, 0, 0, 0.255795264, 0.151385352, 0.14110874, -0.23429343, 0.8169751, -0.526686951, 0.401245117, -0.412231445, -0.817871094, -0.885419856, -0.402893928, -0.231247332, 0, 1, 5, 1, 
152.347572, 20, 0.1, 0.1, 0.0308043656, 0.375105673, -0.0349719465, 0.956925573, -1.35447883e-005, 0.290333337, 0.290333337, -1.27409819e-005, -0.956925573, 1.66604861e-005, 1, -8.25966786e-006, 0.956925478, -1.45480628e-005, 0.290333653, 0.290333652, -2.19720256e-005, -0.956925478, 2.03006304e-005, 1, -1.68017989e-005, 0, 0, 0, 0, 0, 0, 0, 0.165968848, 0.143189111, 0.128494775, -0.719425209, 0.651996354, 0.239104047, -0.612304687, -0.75793457, 0.224609375, 0.327759805, 0.0151349954, 0.944685517, 0, 0, -0, 0, 0, 0, 0, 0.255795264, 0.151385352, 0.14110874, -0.23429343, 0.8169751, -0.526686951, 0.401245117, -0.412231445, -0.817871094, -0.885419856, -0.402893928, -0.231247332, 0, 1, 5, 1, 
152.348315, 20, 0.1, 0.1, 0.0308043634, 0.375105668, -0.0349719204, 0.95692609, 1.27251252e-005, 0.290331634, 0.290331634, 6.5351669e-006, -0.95692609, -1.407437e-005, 1, 2.55916532e-006, 0.956925976, 1.30355189e-005, 0.29033201, 0.29033201, 1.62874201e-005, -0.956925976, -1.72027861e-005, 1, 1.18012269e-005, 0, 0, 0, 0, 0, 0, 0, 0.165968848, 0.143189111, 0.128494775, -0.720436175, 0.653668568, 0.2315083, -0.61328125, -0.756347656, 0.227294922, 0.323717801, 0.0217912911, 0.945888565, 0, 0, -0, 0, 0, 0, 0, 0.255795264, 0.151385352, 0.14110874, -0.23429343, 0.8169751, -0.526686951, 0.401245117, -0.412231445, -0.817871094, -0.885419856, -0.402893928, -0.231247332, 0, 1, 5, 1, 
152.34903, 20, 0.1, 0.1, 0.0308043649, 0.375105674, -0.0349705633, 0.956926591, -9.89479915e-006, 0.290329984, 0.290329984, -8.26356962e-006, -0.956926591, 1.18677585e-005, 1, -5.03487263e-006, 0.956926495, -1.10538888e-005, 0.2903303, 0.290330299, -1.8706912e-005, -0.956926495, 1.60089425e-005, 1, -1.46918609e-005, 0, 0, 0, 0, 0, 0, 0, 0.166128125, 0.142401855, 0.126770801, -0.720436175, 0.653668568, 0.2315083, -0.61328125, -0.756347656, 0.227294922, 0.323717801, 0.0217912911, 0.945888565, 0, 0, -0, 0, 0, 0, 0, 0.255954932, 0.150799561, 0.139226807, -0.232184761, 0.812163513, -0.534922936, 0.404541016, -0.419433594, -0.8125, -0.88446177, -0.404995301, -0.231131028, 0, 1, 5, 1, 
152.34974, 20, 0.1, 0.1, 0.0308043614, 0.375105668, -0.0349689138, 0.956927086, 1.58005713e-005, 0.290328351, 0.290328351, 1.41608832e-005, -0.956927086, -1.92313006e-005, 1, 8.9635789e-006, 0.95692699, 1.71838948e-005, 0.290328668, 0.290328668, 2.34299899e-005, -0.95692699, -2.32461305e-005, 1, 1.74318124e-005, 0, 0, 0, 0, 0, 0, 0, 0.166128125, 0.142401855, 0.126770801, -0.720436175, 0.653668568, 0.2315083, -0.61328125, -0.756347656, 0.227294922, 0.323717801, 0.0217912911, 0.945888565, 0, 0, -0, 0, 0, 0, 0, 0.255954932, 0.150799561, 0.139226807, -0.232184761, 0.812163513, -0.534922936, 0.404541016, -0.419433594, -0.8125, -0.88446177, -0.404995301, -0.231131028, 0, 1, 5, 1, 
152.350449, 20, 0.1, 0.1, 0.0308043636, 0.375105671, -0.0349674821, 0.95692758, -1.32104471e-005, 0.290326722, 0.290326722, -2.65289288e-006, -0.956927581, 1.34116468e-005, 1, 1.29671943e-006, 0.956927478, -1.39589954e-005, 0.290327061, 0.29032706, -1.37804001e-005, -0.956927478, 1.73585693e-005, 1, -9.13416941e-006, 0, 0, 0, 0, 0, 0, 0, 0.166128125, 0.142401855, 0.126770801, -0.720436175, 0.653668568, 0.2315083, -0.61328125, -0.756347656, 0.227294922, 0.323717801, 0.0217912911, 0.945888565, 0, 0, -0, 0, 0, 0, 0, 0.255954932, 0.150799561, 0.139226807, -0.232184761, 0.812163513, -0.534922936, 0.404541016, -0.419433594, -0.8125, -0.88446177, -0.404995301, -0.231131028, 0, 1, 5, 1, 
152.351173, 20, 0.1, 0.1, 0.0308043586, 0.37510567, -0.0349663231, 0.956928099, 1.82172069e-005, 0.290325012, 0.290325012, 1.88506517e-006, -0.956928099, -1.79798387e-005, 1, -3.48503897e-006, 0.956928002, 2.41074397e-005, 0.290325332, 0.290325332, -4.10968248e-007, -0.956928002, -2.29497696e-005, 1, -7.39226744e-006, 0, 0, 0, 0, 0, 0, 0, 0.166128125, 0.142401855, 0.126770801, -0.720436175, 0.653668568, 0.2315083, -0.61328125, -0.756347656, 0.227294922, 0.323717801, 0.0217912911, 0.945888565, 0, 0, -0, 0, 0, 0, 0, 0.255954932, 0.150799561, 0.139226807, -0.232184761, 0.812163513, -0.534922936, 0.404541016, -0.419433594, -0.8125, -0.88446177, -0.404995301, -0.231131028, 0, 1, 5, 1, 
152.351876, 20, 0.1, 0.1, 0.0308043633, 0.37510567, -0.0349661739, 0.956928516, -1.67896055e-005, 0.29032364, 0.29032364, -9.76109378e-006, -0.956928516, 1.89003286e-005, 1, -4.46624959e-006, 0.956928443, -2.09926208e-005, 0.290323879, 0.290323879, -8.44054072e-006, -0.956928443, 2.25389265e-005, 1, -1.98233438e-006, 0, 0, 0, 0, 0, 0, 0, 0.166128125, 0.142401855, 0.126770801, -0.720436175, 0.653668568, 0.2315083, -0.61328125, -0.756347656, 0.227294922, 0.323717801, 0.0217912911, 0.945888565, 0, 0, -0, 0, 0, 0, 0, 0.255954932, 0.150799561, 0.139226807, -0.232184761, 0.812163513, -0.534922936, 0.404541016, -0.419433594, -0.8125, -0.88446177, -0.404995301, -0.231131028, 0, 1, 5, 1, 
152.352643, 20, 0.1, 0.1, 0.0308043601, 0.375105667, -0.034966691, 0.956928878, 1.46637169e-005, 0.290322446, 0.290322446, 2.56505795e-006, -0.956928878, -1.47768281e-005, 1, -1.80262814e-006, 0.95692881, 1.60897551e-005, 0.29032267, 0.29032267, 1.24089815e-005, -0.95692881, -1.89993588e-005, 1, 7.20329119e-006, 0, 0, 0, 0, 0, 0, 0, 0.166128125, 0.142401855, 0.126770801, -0.720436175, 0.653668568, 0.2315083, -0.61328125, -0.756347656, 0.227294922, 0.323717801, 0.0217912911, 0.945888565, 0, 0, -0, 0, 0, 0, 0, 0.255954932, 0.150799561, 0.139226807, -0.232184761, 0.812163513, -0.534922936, 0.404541016, -0.419433594, -0.8125, -0.88446177, -0.404995301, -0.231131028, 0, 1, 5, 1, 
152.353388, 20, 0.1, 0.1, 0.0308043659, 0.375105667, -0.0349672197, 0.95692925, -2.07042041e-005, 0.290321219, 0.290321219, 3.35052246e-006, -0.95692925, 1.88397307e-005, 1, 9.21708272e-006, 0.956929172, -2.61791151e-005, 0.290321477, 0.290321477, 5.03011574e-006, -0.956929172, 2.35912083e-005, 1, 1.24138239e-005, 0, 0, 0, 0, 0, 0, 0, 0.166538843, 0.141597632, 0.124463281, -0.721046125, 0.654998175, 0.225644679, -0.61340332, -0.754882813, 0.231689453, 0.322207712, 0.0286254423, 0.946322904, 0, 0, -0, 0, 0, 0, 0, 0.255954932, 0.150799561, 0.139226807, -0.230414776, 0.807109121, -0.543382402, 0.406982422, -0.427246094, -0.807250977, -0.883784766, -0.407122194, -0.23005627, 0, 1, 5, 1, 
152.354098, 20, 0.1, 0.1, 0.0308043606, 0.375105671, -0.0349679691, 0.95692958, 2.25716978e-005, 0.290320131, 0.290320131, -1.0597153e-005, -0.95692958, -1.85229585e-005, 1, -1.66937474e-005, 0.95692952, 2.63281895e-005, 0.290320328, 0.290320328, -1.49483022e-005, -0.95692952, -2.08544258e-005, 1, -2.19480803e-005, 0, 0, 0, 0, 0, 0, 0, 0.166538843, 0.141597632, 0.124463281, -0.721046125, 0.654998175, 0.225644679, -0.61340332, -0.754882813, 0.231689453, 0.322207712, 0.0286254423, 0.946322904, 0, 0, -0, 0, 0, 0, 0, 0.256309521, 0.150197168, 0.137127002, -0.230414776, 0.807109121, -0.543382402, 0.406982422, -0.427246094, -0.807250977, -0.883784766, -0.407122194, -0.23005627, 0, 1, 5, 1, 
152.35481, 20, 0.1, 0.1, 0.0308043642, 0.375105667, -0.0349689273, 0.95692986, -1.65595131e-005, 0.290319209, 0.290319209, 1.64393936e-005, -0.95692986, 1.10736208e-005, 1, 2.05388913e-005, 0.956929808, -2.06519066e-005, 0.290319379, 0.29031938, 1.82886844e-005, -0.956929808, 1.44528655e-005, 1, 2.3496636e-005, 0, 0, 0, 0, 0, 0, 0, 0.166538843, 0.141597632, 0.124463281, -0.721046125, 0.654998175, 0.225644679, -0.61340332, -0.754882813, 0.231689453, 0.322207712, 0.0286254423, 0.946322904, 0, 0, -0, 0, 0, 0, 0, 0.256309521, 0.150197168, 0.137127002, -0.230414776, 0.807109121, -0.543382402, 0.406982422, -0.427246094, -0.807250977, -0.883784766, -0.407122194, -0.23005627, 0, 1, 5, 1, 
152.355524, 20, 0.1, 0.1, 0.030804359, 0.375105668, -0.0349698431, 0.956930108, 1.95665945e-005, 0.29031839, 0.29031839, -5.94296266e-006, -0.956930108, -1.69985121e-005, 1, -1.13675421e-005, 0.95693006, 2.46066507e-005, 0.290318547, 0.290318547, -7.35281302e-006, -0.956930061, -2.14121858e-005, 1, -1.41798949e-005, 0, 0, 0, 0, 0, 0, 0, 0.166538843, 0.141597632, 0.124463281, -0.721046125, 0.654998175, 0.225644679, -0.61340332, -0.754882813, 0.231689453, 0.322207712, 0.0286254423, 0.946322904, 0, 0, -0, 0, 0, 0, 0, 0.256309521, 0.150197168, 0.137127002, -0.230414776, 0.807109121, -0.543382402, 0.406982422, -0.427246094, -0.807250977, -0.883784766, -0.407122194, -0.23005627, 0, 1, 5, 1, 
152.356232, 20, 0.1, 0.1, 0.030804364, 0.375105665, -0.0349704709, 0.956930329, -2.08050789e-005, 0.290317662, 0.290317662, 8.65054655e-006, -0.956930329, 1.73976046e-005, 1, 1.43180522e-005, 0.956930287, -2.46281893e-005, 0.2903178, 0.2903178, 1.15393145e-005, -0.956930287, 2.02173919e-005, 1, 1.81923213e-005, 0, 0, 0, 0, 0, 0, 0, 0.166538843, 0.141597632, 0.124463281, -0.721046125, 0.654998175, 0.225644679, -0.61340332, -0.754882813, 0.231689453, 0.322207712, 0.0286254423, 0.946322904, 0, 0, -0, 0, 0, 0, 0, 0.256309521, 0.150197168, 0.137127002, -0.230414776, 0.807109121, -0.543382402, 0.406982422, -0.427246094, -0.807250977, -0.883784766, -0.407122194, -0.23005627, 0, 1, 5, 1, 
152.356938, 20, 0.1, 0.1, 0.0308043607, 0.375105668, -0.0349706312, 0.956930518, 1.52596782e-005, 0.290317039, 0.290317039, -1.05361628e-005, -0.956930518, -1.15436242e-005, 1, -1.45125203e-005, 0.956930483, 1.92022188e-005, 0.290317154, 0.290317154, -1.32382278e-005, -0.956930483, -1.45319039e-005, 1, -1.82427972e-005, 0, 0, 0, 0, 0, 0, 0, 0.166538843, 0.141597632, 0.124463281, -0.721046125, 0.654998175, 0.225644679, -0.61340332, -0.754882813, 0.231689453, 0.322207712, 0.0286254423, 0.946322904, 0, 0, -0, 0, 0, 0, 0, 0.256309521, 0.150197168, 0.137127002, -0.230414776, 0.807109121, -0.543382402, 0.406982422, -0.427246094, -0.807250977, -0.883784766, -0.407122194, -0.23005627, 0, 1, 5, 1, 
152.357642, 20, 0.1, 0.1, 0.0308043657, 0.375105665, -0.0349703952, 0.956930681, -1.87237448e-005, 0.290316503, 0.290316503, 1.13777783e-005, -0.956930681, 1.4614169e-005, 1, 1.63235573e-005, 0.956930649, -2.32870395e-005, 0.290316607, 0.290316607, 1.35651746e-005, -0.956930649, 1.83458864e-005, 1, 1.97415457e-005, 0, 0, 0, 0, 0, 0, 0, 0.166538843, 0.141597632, 0.124463281, -0.721046125, 0.654998175, 0.225644679, -0.61340332, -0.754882813, 0.231689453, 0.322207712, 0.0286254423, 0.946322904, 0, 0, -0, 0, 0, 0, 0, 0.256309521, 0.150197168, 0.137127002, -0.230414776, 0.807109121, -0.543382402, 0.406982422, -0.427246094, -0.807250977, -0.883784766, -0.407122194, -0.23005627, 0, 1, 5, 1, 
152.358369, 20, 0.1, 0.1, 0.0308043606, 0.375105668, -0.0349695634, 0.956930831, 1.95573148e-005, 0.290316009, 0.29031601, -1.0858288e-005, -0.956930831, -1.55626626e-005, 1, -1.60684322e-005, 0.956930803, 2.42329656e-005, 0.2903161, 0.2903161, -1.30527621e-005, -0.956930803, -1.93998443e-005, 1, -1.95258102e-005, 0, 0, 0, 0, 0, 0, 0, 0.166875342, 0.140990161, 0.12247334, -0.722914168, 0.655782233, 0.21720496, -0.613647461, -0.75390625, 0.234130859, 0.317436312, 0.0359167758, 0.947659624, 0, 0, -0, 0, 0, 0, 0, 0.256516064, 0.149742822, 0.135348193, -0.227922578, 0.801332517, -0.552922089, 0.412719727, -0.434814453, -0.800292969, -0.881804428, -0.410552422, -0.231549902, 0, 1, 5, 1, 
152.359074, 20, 0.1, 0.1, 0.0308043652, 0.375105666, -0.0349686226, 0.956930959, -1.86917452e-005, 0.290315587, 0.290315587, 9.65743576e-006, -0.956930959, 1.50830055e-005, 1, 1.46680042e-005, 0.956930935, -2.30772485e-005, 0.290315666, 0.290315666, 1.23894539e-005, -0.956930935, 1.84864805e-005, 1, 1.85555385e-005, 0, 0, 0, 0, 0, 0, 0, 0.166875342, 0.140990161, 0.12247334, -0.722914168, 0.655782233, 0.21720496, -0.613647461, -0.75390625, 0.234130859, 0.317436312, 0.0359167758, 0.947659624, 0, 0, -0, 0, 0, 0, 0, 0.256516064, 0.149742822, 0.135348193, -0.227922578, 0.801332517, -0.552922089, 0.412719727, -0.434814453, -0.800292969, -0.881804428, -0.410552422, -0.231549902, 0, 1, 5, 1, 
152.359777, 20, 0.1, 0.1, 0.0308043602, 0.375105668, -0.0349679477, 0.95693107, 2.01324195e-005, 0.29031522, 0.290315221, -1.02027881e-005, -0.95693107, -1.6303313e-005, 1, -1.56081128e-005, 0.956931049, 2.48161713e-005, 0.290315288, 0.290315289, -1.28428889e-005, -0.956931049, -2.00188778e-005, 1, -1.94942731e-005, 0, 0, 0, 0, 0, 0, 0, 0.166875342, 0.140990161, 0.12247334, -0.722914168, 0.655782233, 0.21720496, -0.613647461, -0.75390625, 0.234130859, 0.317436312, 0.0359167758, 0.947659624, 0, 0, -0, 0, 0, 0, 0, 0.256516064, 0.149742822, 0.135348193, -0.227922578, 0.801332517, -0.552922089, 0.412719727, -0.434814453, -0.800292969, -0.881804428, -0.410552422, -0.231549902, 0, 1, 5, 1, 
152.360477, 20, 0.1, 0.1, 0.0308043651, 0.375105666, -0.0349677239, 0.956931166, -2.01150233e-005, 0.290314902, 0.290314902, 1.05571346e-005, -0.956931166, 1.61837992e-005, 1, 1.59421421e-005, 0.956931148, -2.48385765e-005, 0.290314963, 0.290314963, 1.27772113e-005, -0.956931148, 2.00593919e-005, 1, 1.94379219e-005, 0, 0, 0, 0, 0, 0, 0, 0.166875342, 0.140990161, 0.12247334, -0.722914168, 0.655782233, 0.21720496, -0.613647461, -0.75390625, 0.234130859, 0.317436312, 0.0359167758, 0.947659624, 0, 0, -0, 0, 0, 0, 0, 0.256516064, 0.149742822, 0.135348193, -0.227922578, 0.801332517, -0.552922089, 0.412719727, -0.434814453, -0.800292969, -0.881804428, -0.410552422, -0.231549902, 0, 1, 5, 1, 
152.361193, 20, 0.1, 0.1, 0.03080436, 0.375105668, -0.0349677822, 0.956931255, 2.06645644e-005, 0.29031461, 0.29031461, -1.05130703e-005, -0.956931255, -1.67224697e-005, 1, -1.60595105e-005, 0.956931239, 2.55505883e-005, 0.290314664, 0.290314664, -1.25947213e-005, -0.956931239, -2.07937238e-005, 1, -1.94699927e-005, 0, 0, 0, 0, 0, 0, 0, 0.166875342, 0.140990161, 0.12247334, -0.722914168, 0.655782233, 0.21720496, -0.613647461, -0.75390625, 0.234130859, 0.317436312, 0.0359167758, 0.947659624, 0, 0, -0, 0, 0, 0, 0, 0.256793652, 0.148887402, 0.133579395, -0.224127046, 0.795767, -0.562353135, 0.417480469, -0.442993164, -0.793212891, -0.880546302, -0.412487551, -0.232909373, 0, 1, 5, 1, 
152.361895, 20, 0.1, 0.1, 0.0308043649, 0.375105666, -0.0349683187, 0.956931334, -2.05433958e-005, 0.29031435, 0.29031435, 9.77310232e-006, -0.956931334, 1.68213473e-005, 1, 1.53162304e-005, 0.956931319, -2.49405971e-005, 0.290314399, 0.290314399, 1.18025465e-005, -0.956931319, 2.04399893e-005, 1, 1.85348409e-005, 0, 0, 0, 0, 0, 0, 0, 0.166875342, 0.140990161, 0.12247334, -0.722914168, 0.655782233, 0.21720496, -0.613647461, -0.75390625, 0.234130859, 0.317436312, 0.0359167758, 0.947659624, 0, 0, -0, 0, 0, 0, 0, 0.256793652, 0.148887402, 0.133579395, -0.224127046, 0.795767, -0.562353135, 0.417480469, -0.442993164, -0.793212891, -0.880546302, -0.412487551, -0.232909373, 0, 1, 5, 1, 
152.362598, 20, 0.1, 0.1, 0.0308043606, 0.375105668, -0.0349691376, 0.956931405, 1.85298108e-005, 0.290314117, 0.290314117, -9.1149104e-006, -0.956931405, -1.50855707e-005, 1, -1.41018097e-005, 0.956931391, 2.29340475e-005, 0.29031416, 0.290314161, -1.13046524e-005, -0.956931391, -1.86644093e-005, 1, -1.74758555e-005, 0, 0, 0, 0, 0, 0, 0, 0.166875342, 0.140990161, 0.12247334, -0.722914168, 0.655782233, 0.21720496, -0.613647461, -0.75390625, 0.234130859, 0.317436312, 0.0359167758, 0.947659624, 0, 0, -0, 0, 0, 0, 0, 0.256793652, 0.148887402, 0.133579395, -0.224127046, 0.795767, -0.562353135, 0.417480469, -0.442993164, -0.793212891, -0.880546302, -0.412487551, -0.232909373, 0, 1, 5, 1, 
152.363314, 20, 0.1, 0.1, 0.0308043661, 0.375105666, -0.0349697958, 0.95693147, -2.1178556e-005, 0.290313902, 0.290313902, 1.12978078e-005, -0.95693147, 1.69865161e-005, 1, 1.69596571e-005, 0.956931458, -2.56855743e-005, 0.290313941, 0.290313942, 1.32333441e-005, -0.956931458, 2.07375098e-005, 1, 2.01202836e-005, 0, 0, 0, 0, 0, 0, 0, 0.167258594, 0.139976245, 0.120488159, -0.723880951, 0.657372071, 0.208866711, -0.614868164, -0.752197266, 0.236694336, 0.312892942, 0.0428333024, 0.948856681, 0, 0, -0, 0, 0, 0, 0, 0.256793652, 0.148887402, 0.133579395, -0.224127046, 0.795767, -0.562353135, 0.417480469, -0.442993164, -0.793212891, -0.880546302, -0.412487551, -0.232909373, 0, 1, 5, 1, 
152.364017, 20, 0.1, 0.1, 0.0308043622, 0.375105667, -0.0349702238, 0.956931528, 1.74566879e-005, 0.290313709, 0.29031371, -7.69641386e-006, -0.956931528, -1.44704805e-005, 1, -1.24328569e-005, 0.956931517, 2.15186637e-005, 0.290313745, 0.290313746, -9.61467312e-006, -0.956931517, -1.78006158e-005, 1, -1.54477476e-005, 0, 0, 0, 0, 0, 0, 0, 0.167258594, 0.139976245, 0.120488159, -0.723880951, 0.657372071, 0.208866711, -0.614868164, -0.752197266, 0.236694336, 0.312892942, 0.0428333024, 0.948856681, 0, 0, -0, 0, 0, 0, 0, 0.256793652, 0.148887402, 0.133579395, -0.224127046, 0.795767, -0.562353135, 0.417480469, -0.442993164, -0.793212891, -0.880546302, -0.412487551, -0.232909373, 0, 1, 5, 1, 
152.36473, 20, 0.1, 0.1, 0.0308043669, 0.375105665, -0.0349703073, 0.956931581, -1.83588569e-005, 0.290313535, 0.290313536, 9.15862803e-006, -0.956931581, 1.49092963e-005, 1, 1.40940051e-005, 0.956931571, -2.31838592e-005, 0.290313569, 0.29031357, 1.17411956e-005, -0.956931571, 1.87767384e-005, 1, 1.79661097e-005, 0, 0, 0, 0, 0, 0, 0, 0.167258594, 0.139976245, 0.120488159, -0.723880951, 0.657372071, 0.208866711, -0.614868164, -0.752197266, 0.236694336, 0.312892942, 0.0428333024, 0.948856681, 0, 0, -0, 0, 0, 0, 0, 0.256793652, 0.148887402, 0.133579395, -0.224127046, 0.795767, -0.562353135, 0.417480469, -0.442993164, -0.793212891, -0.880546302, -0.412487551, -0.232909373, 0, 1, 5, 1, 
152.365458, 20, 0.1, 0.1, 0.030804362, 0.375105668, -0.03496987, 0.956931629, 1.87351689e-005, 0.290313378, 0.290313378, -1.04882074e-005, -0.956931629, -1.48834087e-005, 1, -1.54755675e-005, 0.956931619, 2.3615491e-005, 0.29031341, 0.29031341, -1.25500401e-005, -0.956931619, -1.89549651e-005, 1, -1.88654239e-005, 0, 0, 0, 0, 0, 0, 0, 0.167896094, 0.139208521, 0.11831709, -0.724339255, 0.659355812, 0.201296051, -0.615722656, -0.75, 0.241088867, 0.309999324, 0.0506761763, 0.949437796, 0, 0, -0, 0, 0, 0, 0, 0.256793652, 0.148887402, 0.133579395, -0.221424128, 0.78999696, -0.571560333, 0.421264648, -0.451049805, -0.786743164, -0.879403015, -0.414812405, -0.232895147, 0, 1, 5, 1, 
152.366161, 20, 0.1, 0.1, 0.0308043665, 0.375105665, -0.0349690568, 0.956931671, -1.76625005e-005, 0.290313239, 0.290313239, 1.01280628e-005, -0.956931671, 1.39614954e-005, 1, 1.48195218e-005, 0.956931663, -2.26448686e-005, 0.290313266, 0.290313266, 1.2010505e-005, -0.956931663, 1.81827829e-005, 1, 1.80673383e-005, 0, 0, 0, 0, 0, 0, 0, 0.167896094, 0.139208521, 0.11831709, -0.724339255, 0.659355812, 0.201296051, -0.615722656, -0.75, 0.241088867, 0.309999324, 0.0506761763, 0.949437796, 0, 0, -0, 0, 0, 0, 0, 0.257219775, 0.148010254, 0.131407812, -0.221424128, 0.78999696, -0.571560333, 0.421264648, -0.451049805, -0.786743164, -0.879403015, -0.414812405, -0.232895147, 0, 1, 5, 1, 
152.366863, 20, 0.1, 0.1, 0.0308043611, 0.375105668, -0.0349683799, 0.956931711, 2.10558617e-005, 0.290313106, 0.290313106, -1.06108011e-005, -0.956931711, -1.70685671e-005, 1, -1.62666046e-005, 0.956931703, 2.58750122e-005, 0.290313131, 0.290313132, -1.2516611e-005, -0.956931704, -2.11268829e-005, 1, -1.94893977e-005, 0, 0, 0, 0, 0, 0, 0, 0.167896094, 0.139208521, 0.11831709, -0.724339255, 0.659355812, 0.201296051, -0.615722656, -0.75, 0.241088867, 0.309999324, 0.0506761763, 0.949437796, 0, 0, -0, 0, 0, 0, 0, 0.257219775, 0.148010254, 0.131407812, -0.221424128, 0.78999696, -0.571560333, 0.421264648, -0.451049805, -0.786743164, -0.879403015, -0.414812405, -0.232895147, 0, 1, 5, 1, 
152.367563, 20, 0.1, 0.1, 0.0308043656, 0.375105666, -0.0349680615, 0.95693175, -1.88027822e-005, 0.290312979, 0.290312979, 8.2769954e-006, -0.95693175, 1.55900601e-005, 1, 1.33792114e-005, 0.956931743, -2.33906496e-005, 0.290313003, 0.290313003, 1.05682072e-005, -0.956931743, 1.93151671e-005, 1, 1.69036626e-005, 0, 0, 0, 0, 0, 0, 0, 0.167896094, 0.139208521, 0.11831709, -0.724339255, 0.659355812, 0.201296051, -0.615722656, -0.75, 0.241088867, 0.309999324, 0.0506761763, 0.949437796, 0, 0, -0, 0, 0, 0, 0, 0.257219775, 0.148010254, 0.131407812, -0.221424128, 0.78999696, -0.571560333, 0.421264648, -0.451049805, -0.786743164, -0.879403015, -0.414812405, -0.232895147, 0, 1, 5, 1, 
152.368286, 20, 0.1, 0.1, 0.0308043599, 0.375105669, -0.0349678921, 0.956931785, 2.2021833e-005, 0.290312862, 0.290312862, -1.1597934e-005, -0.956931785, -1.77063626e-005, 1, -1.74916531e-005, 0.956931779, 2.69906405e-005, 0.290312883, 0.290312883, -1.41184866e-005, -0.956931779, -2.17294231e-005, 1, -2.13461592e-005, 0, 0, 0, 0, 0, 0, 0, 0.167896094, 0.139208521, 0.11831709, -0.724339255, 0.659355812, 0.201296051, -0.615722656, -0.75, 0.241088867, 0.309999324, 0.0506761763, 0.949437796, 0, 0, -0, 0, 0, 0, 0, 0.257219775, 0.148010254, 0.131407812, -0.221424128, 0.78999696, -0.571560333, 0.421264648, -0.451049805, -0.786743164, -0.879403015, -0.414812405, -0.232895147, 0, 1, 5, 1, 
152.368984, 20, 0.1, 0.1, 0.0308043642, 0.375105667, -0.0349681692, 0.956931816, -1.87868578e-005, 0.290312759, 0.29031276, 1.00450289e-005, -0.956931817, 1.50615419e-005, 1, 1.50664723e-005, 0.95693181, -2.31646441e-005, 0.290312779, 0.29031278, 1.1838406e-005, -0.95693181, 1.87301442e-005, 1, 1.80535395e-005, 0, 0, 0, 0, 0, 0, 0, 0.167896094, 0.139208521, 0.11831709, -0.724339255, 0.659355812, 0.201296051, -0.615722656, -0.75, 0.241088867, 0.309999324, 0.0506761763, 0.949437796, 0, 0, -0, 0, 0, 0, 0, 0.257219775, 0.148010254, 0.131407812, -0.221424128, 0.78999696, -0.571560333, 0.421264648, -0.451049805, -0.786743164, -0.879403015, -0.414812405, -0.232895147, 0, 1, 5, 1, 
152.369686, 20, 0.1, 0.1, 0.0308043596, 0.37510567, -0.0349687729, 0.956931846, 1.892282e-005, 0.290312663, 0.290312663, -1.02826646e-005, -0.956931846, -1.51226613e-005, 1, -1.53333435e-005, 0.95693184, 2.35453667e-005, 0.290312681, 0.290312682, -1.27364856e-005, -0.95693184, -1.88337478e-005, 1, -1.90234671e-005, 0, 0, 0, 0, 0, 0, 0, 0.167896094, 0.139208521, 0.11831709, -0.724339255, 0.659355812, 0.201296051, -0.615722656, -0.75, 0.241088867, 0.309999324, 0.0506761763, 0.949437796, 0, 0, -0, 0, 0, 0, 0, 0.257219775, 0.148010254, 0.131407812, -0.221424128, 0.78999696, -0.571560333, 0.421264648, -0.451049805, -0.786743164, -0.879403015, -0.414812405, -0.232895147, 0, 1, 5, 1, 
152.370418, 20, 0.1, 0.1, 0.0308043651, 0.375105667, -0.0349693385, 0.956931872, -2.13769194e-005, 0.290312577, 0.290312577, 1.13093269e-005, -0.956931872, 1.71730157e-005, 1, 1.70282439e-005, 0.956931867, -2.55868672e-005, 0.290312592, 0.290312592, 1.35099759e-005, -0.956931867, 2.05627725e-005, 1, 2.03563162e-005, 0, 0, 0, 0, 0, 0, 0, 0.168283374, 0.138199243, 0.116086328, -0.72524875, 0.66097785, 0.192538812, -0.616821289, -0.748046875, 0.244628906, 0.305817656, 0.0585763383, 0.950330439, 0, 0, -0, 0, 0, 0, 0, 0.257499316, 0.147311182, 0.129605566, -0.217826556, 0.783830631, -0.581291784, 0.427246094, -0.458862305, -0.778930664, -0.87742924, -0.418038109, -0.234899906, 0, 1, 5, 1, 
152.371117, 20, 0.1, 0.1, 0.0308043616, 0.375105669, -0.0349696614, 0.956931895, 1.56349056e-005, 0.290312502, 0.290312502, -8.53569069e-006, -0.956931895, -1.24835221e-005, 1, -1.27070832e-005, 0.95693189, 2.01527011e-005, 0.290312517, 0.290312517, -1.04299519e-005, -0.95693189, -1.62568168e-005, 1, -1.58313349e-005, 0, 0, 0, 0, 0, 0, 0, 0.168283374, 0.138199243, 0.116086328, -0.72524875, 0.66097785, 0.192538812, -0.616821289, -0.748046875, 0.244628906, 0.305817656, 0.0585763383, 0.950330439, 0, 0, -0, 0, 0, 0, 0, 0.257499316, 0.147311182, 0.129605566, -0.217826556, 0.783830631, -0.581291784, 0.427246094, -0.458862305, -0.778930664, -0.87742924, -0.418038109, -0.234899906, 0, 1, 5, 1, 
152.371823, 20, 0.1, 0.1, 0.0308043671, 0.375105666, -0.0349698165, 0.956931917, -2.08307158e-005, 0.290312428, 0.290312428, 1.18209186e-005, -0.956931917, 1.65018172e-005, 1, 1.735923e-005, 0.956931912, -2.56480389e-005, 0.290312443, 0.290312443, 1.35931106e-005, -0.956931913, 2.05971778e-005, 1, 2.04536261e-005, 0, 0, 0, 0, 0, 0, 0, 0.168283374, 0.138199243, 0.116086328, -0.72524875, 0.66097785, 0.192538812, -0.616821289, -0.748046875, 0.244628906, 0.305817656, 0.0585763383, 0.950330439, 0, 0, -0, 0, 0, 0, 0, 0.257499316, 0.147311182, 0.129605566, -0.217826556, 0.783830631, -0.581291784, 0.427246094, -0.458862305, -0.778930664, -0.87742924, -0.418038109, -0.234899906, 0, 1, 5, 1, 
152.372526, 20, 0.1, 0.1, 0.0308043631, 0.375105668, -0.0349698116, 0.95693194, 1.76023945e-005, 0.290312354, 0.290312354, -8.73536595e-006, -0.95693194, -1.43083089e-005, 1, -1.34693433e-005, 0.956931935, 2.18670285e-005, 0.290312368, 0.290312368, -1.04561106e-005, -0.956931935, -1.78897197e-005, 1, -1.6354055e-005, 0, 0, 0, 0, 0, 0, 0, 0.168283374, 0.138199243, 0.116086328, -0.72524875, 0.66097785, 0.192538812, -0.616821289, -0.748046875, 0.244628906, 0.305817656, 0.0585763383, 0.950330439, 0, 0, -0, 0, 0, 0, 0, 0.257499316, 0.147311182, 0.129605566, -0.217826556, 0.783830631, -0.581291784, 0.427246094, -0.458862305, -0.778930664, -0.87742924, -0.418038109, -0.234899906, 0, 1, 5, 1, 
152.373237, 20, 0.1, 0.1, 0.0308043679, 0.375105666, -0.0349696042, 0.956931963, -1.87506364e-005, 0.290312278, 0.290312278, 8.90204109e-006, -0.956931963, 1.53587114e-005, 1, 1.39621876e-005, 0.956931958, -2.36782878e-005, 0.290312293, 0.290312293, 1.12416748e-005, -0.956931958, 1.9394914e-005, 1, 1.76316159e-005, 0, 0, 0, 0, 0, 0, 0, 0.168283374, 0.138199243, 0.116086328, -0.72524875, 0.66097785, 0.192538812, -0.616821289, -0.748046875, 0.244628906, 0.305817656, 0.0585763383, 0.950330439, 0, 0, -0, 0, 0, 0, 0, 0.257499316, 0.147311182, 0.129605566, -0.217826556, 0.783830631, -0.581291784, 0.427246094, -0.458862305, -0.778930664, -0.87742924, -0.418038109, -0.234899906, 0, 1, 5, 1, 
152.373934, 20, 0.1, 0.1, 0.030804363, 0.375105668, -0.0349692974, 0.956931984, 2.04308628e-005, 0.290312207, 0.290312207, -1.05956064e-005, -0.956931984, -1.64749122e-005, 1, -1.60706035e-005, 0.95693198, 2.47293472e-005, 0.29031222, 0.290312221, -1.25806302e-005, -0.95693198, -2.00119924e-005, 1, -1.92180391e-005, 0, 0, 0, 0, 0, 0, 0, 0.168283374, 0.138199243, 0.116086328, -0.72524875, 0.66097785, 0.192538812, -0.616821289, -0.748046875, 0.244628906, 0.305817656, 0.0585763383, 0.950330439, 0, 0, -0, 0, 0, 0, 0, 0.257499316, 0.147311182, 0.129605566, -0.217826556, 0.783830631, -0.581291784, 0.427246094, -0.458862305, -0.778930664, -0.87742924, -0.418038109, -0.234899906, 0, 1, 5, 1, 
152.374638, 20, 0.1, 0.1, 0.0308043672, 0.375105666, -0.0349690346, 0.956932005, -1.75845651e-005, 0.290312138, 0.290312138, 8.81594082e-006, -0.956932005, 1.42678585e-005, 1, 1.35412686e-005, 0.956932001, -2.23230539e-005, 0.290312152, 0.290312152, 1.09367305e-005, -0.956932001, 1.81865789e-005, 1, 1.69463612e-005, 0, 0, 0, 0, 0, 0, 0, 0.168283374, 0.138199243, 0.116086328, -0.72524875, 0.66097785, 0.192538812, -0.616821289, -0.748046875, 0.244628906, 0.305817656, 0.0585763383, 0.950330439, 0, 0, -0, 0, 0, 0, 0, 0.257499316, 0.147311182, 0.129605566, -0.217826556, 0.783830631, -0.581291784, 0.427246094, -0.458862305, -0.778930664, -0.87742924, -0.418038109, -0.234899906, 0, 1, 5, 1, 
152.375371, 20, 0.1, 0.1, 0.030804361, 0.375105669, -0.0349686004, 0.956932027, 2.29068088e-005, 0.290312066, 0.290312067, -1.19389079e-005, -0.956932027, -1.845425e-005, 1, -1.80748463e-005, 0.956932022, 2.79682368e-005, 0.29031208, 0.290312081, -1.40704251e-005, -0.956932023, -2.2678887e-005, 1, -2.15839573e-005, 0, 0, 0, 0, 0, 0, 0, 0.168709961, 0.13700603, 0.11384812, -0.725396649, 0.663361485, 0.18364191, -0.618652344, -0.745239258, 0.248535156, 0.301762547, 0.0666030592, 0.95112161, 0, 0, -0, 0, 0, 0, 0, 0.257828418, 0.146010986, 0.127618164, -0.213315374, 0.778252354, -0.590390707, 0.432495117, -0.466552734, -0.771362305, -0.875973154, -0.419851837, -0.237083668, 0, 1, 5, 1, 
152.376075, 20, 0.1, 0.1, 0.0308043652, 0.375105668, -0.0349682601, 0.956932048, -1.83406215e-005, 0.290311997, 0.290311997, 8.03988645e-006, -0.956932048, 1.5216653e-005, 1, 1.30181275e-005, 0.956932044, -2.26809014e-005, 0.29031201, 0.29031201, 1.01494639e-005, -0.956932044, 1.875757e-005, 1, 1.62968853e-005, 0, 0, 0, 0, 0, 0, 0, 0.168709961, 0.13700603, 0.11384812, -0.725396649, 0.663361485, 0.18364191, -0.618652344, -0.745239258, 0.248535156, 0.301762547, 0.0666030592, 0.95112161, 0, 0, -0, 0, 0, 0, 0, 0.257828418, 0.146010986, 0.127618164, -0.213315374, 0.778252354, -0.590390707, 0.432495117, -0.466552734, -0.771362305, -0.875973154, -0.419851837, -0.237083668, 0, 1, 5, 1, 
152.376779, 20, 0.1, 0.1, 0.0308043601, 0.375105671, -0.0349682076, 0.956932067, 2.0313456e-005, 0.290311933, 0.290311933, -1.04690048e-005, -0.956932067, -1.63993204e-005, 1, -1.59153651e-005, 0.956932064, 2.5233674e-005, 0.290311944, 0.290311945, -1.30431683e-005, -0.956932064, -2.03603242e-005, 1, -1.9807063e-005, 0, 0, 0, 0, 0, 0, 0, 0.168709961, 0.13700603, 0.11384812, -0.725396649, 0.663361485, 0.18364191, -0.618652344, -0.745239258, 0.248535156, 0.301762547, 0.0666030592, 0.95112161, 0, 0, -0, 0, 0, 0, 0, 0.257828418, 0.146010986, 0.127618164, -0.213315374, 0.778252354, -0.590390707, 0.432495117, -0.466552734, -0.771362305, -0.875973154, -0.419851837, -0.237083668, 0, 1, 5, 1, 
152.377513, 20, 0.1, 0.1, 0.0308043655, 0.375105668, -0.034968362, 0.956932086, -2.07200261e-005, 0.290311872, 0.290311873, 1.09406277e-005, -0.956932086, 1.66514636e-005, 1, 1.64847072e-005, 0.956932082, -2.55719992e-005, 0.290311885, 0.290311885, 1.30020293e-005, -0.956932082, 2.06960228e-005, 1, 1.98659143e-005, 0, 0, 0, 0, 0, 0, 0, 0.169396167, 0.136049487, 0.111196753, -0.724959684, 0.66593608, 0.175455308, -0.619995117, -0.74206543, 0.254638672, 0.29983946, 0.0758354542, 0.950935137, 0, 0, -0, 0, 0, 0, 0, 0.257828418, 0.146010986, 0.127618164, -0.210222731, 0.772444034, -0.599137819, 0.435791016, -0.474487305, -0.764648437, -0.875034391, -0.421812486, -0.236775599, 0, 1, 5, 1, 
152.378216, 20, 0.1, 0.1, 0.0308043612, 0.37510567, -0.0349685088, 0.956932104, 1.78059519e-005, 0.290311813, 0.290311813, -8.06509871e-006, -0.956932104, -1.46976935e-005, 1, -1.288703e-005, 0.9569321, 2.25918756e-005, 0.290311824, 0.290311825, -1.03217165e-005, -0.9569321, -1.86223746e-005, 1, -1.64358705e-005, 0, 0, 0, 0, 0, 0, 0, 0.169396167, 0.136049487, 0.111196753, -0.724959684, 0.66593608, 0.175455308, -0.619995117, -0.74206543, 0.254638672, 0.29983946, 0.0758354542, 0.950935137, 0, 0, -0, 0, 0, 0, 0, 0.258499268, 0.144915723, 0.125036719, -0.210222731, 0.772444034, -0.599137819, 0.435791016, -0.474487305, -0.764648437, -0.875034391, -0.421812486, -0.236775599, 0, 1, 5, 1, 
152.378917, 20, 0.1, 0.1, 0.0308043668, 0.375105667, -0.0349688821, 0.95693212, -2.23243804e-005, 0.290311757, 0.290311757, 1.09949204e-005, -0.956932121, 1.8170962e-005, 1, 1.70024226e-005, 0.956932117, -2.6715546e-005, 0.290311767, 0.290311768, 1.32947237e-005, -0.956932117, 2.17053493e-005, 1, 2.04779855e-005, 0, 0, 0, 0, 0, 0, 0, 0.169396167, 0.136049487, 0.111196753, -0.724959684, 0.66593608, 0.175455308, -0.619995117, -0.74206543, 0.254638672, 0.29983946, 0.0758354542, 0.950935137, 0, 0, -0, 0, 0, 0, 0, 0.258499268, 0.144915723, 0.125036719, -0.210222731, 0.772444034, -0.599137819, 0.435791016, -0.474487305, -0.764648437, -0.875034391, -0.421812486, -0.236775599, 0, 1, 5, 1, 
152.379629, 20, 0.1, 0.1, 0.0308043629, 0.375105669, -0.034969298, 0.956932136, 1.74025212e-005, 0.290311706, 0.290311707, -9.03906345e-006, -0.956932136, -1.40288858e-005, 1, -1.37019259e-005, 0.956932133, 2.1735897e-005, 0.290311716, 0.290311716, -1.10885497e-005, -0.956932133, -1.75806424e-005, 1, -1.69211751e-005, 0, 0, 0, 0, 0, 0, 0, 0.169396167, 0.136049487, 0.111196753, -0.724959684, 0.66593608, 0.175455308, -0.619995117, -0.74206543, 0.254638672, 0.29983946, 0.0758354542, 0.950935137, 0, 0, -0, 0, 0, 0, 0, 0.258499268, 0.144915723, 0.125036719, -0.210222731, 0.772444034, -0.599137819, 0.435791016, -0.474487305, -0.764648437, -0.875034391, -0.421812486, -0.236775599, 0, 1, 5, 1, 
152.380333, 20, 0.1, 0.1, 0.0308043679, 0.375105667, -0.034969641, 0.956932151, -1.94895415e-005, 0.290311656, 0.290311657, 1.02559307e-005, -0.956932151, 1.56727527e-005, 1, 1.54722709e-005, 0.956932148, -2.42443973e-005, 0.290311666, 0.290311667, 1.22528745e-005, -0.956932148, 1.96430908e-005, 1, 1.87636009e-005, 0, 0, 0, 0, 0, 0, 0, 0.169396167, 0.136049487, 0.111196753, -0.724959684, 0.66593608, 0.175455308, -0.619995117, -0.74206543, 0.254638672, 0.29983946, 0.0758354542, 0.950935137, 0, 0, -0, 0, 0, 0, 0, 0.258499268, 0.144915723, 0.125036719, -0.210222731, 0.772444034, -0.599137819, 0.435791016, -0.474487305, -0.764648437, -0.875034391, -0.421812486, -0.236775599, 0, 1, 5, 1, 
152.381031, 20, 0.1, 0.1, 0.0308043635, 0.375105669, -0.0349698667, 0.956932167, 1.90842398e-005, 0.290311604, 0.290311604, -8.61956558e-006, -0.956932167, -1.5759963e-005, 1, -1.37887158e-005, 0.956932164, 2.32543057e-005, 0.290311614, 0.290311614, -1.0570194e-005, -0.956932164, -1.9184143e-005, 1, -1.68659536e-005, 0, 0, 0, 0, 0, 0, 0, 0.169396167, 0.136049487, 0.111196753, -0.724959684, 0.66593608, 0.175455308, -0.619995117, -0.74206543, 0.254638672, 0.29983946, 0.0758354542, 0.950935137, 0, 0, -0, 0, 0, 0, 0, 0.258499268, 0.144915723, 0.125036719, -0.210222731, 0.772444034, -0.599137819, 0.435791016, -0.474487305, -0.764648437, -0.875034391, -0.421812486, -0.236775599, 0, 1, 5, 1, 
152.381733, 20, 0.1, 0.1, 0.0308043679, 0.375105666, -0.0349699269, 0.956932182, -1.84798484e-005, 0.290311554, 0.290311554, 8.86987464e-006, -0.956932182, 1.51089346e-005, 1, 1.3852782e-005, 0.956932179, -2.28795036e-005, 0.290311563, 0.290311563, 1.12802699e-005, -0.95693218, 1.86193405e-005, 1, 1.74366377e-005, 0, 0, 0, 0, 0, 0, 0, 0.169396167, 0.136049487, 0.111196753, -0.724959684, 0.66593608, 0.175455308, -0.619995117, -0.74206543, 0.254638672, 0.29983946, 0.0758354542, 0.950935137, 0, 0, -0, 0, 0, 0, 0, 0.258499268, 0.144915723, 0.125036719, -0.210222731, 0.772444034, -0.599137819, 0.435791016, -0.474487305, -0.764648437, -0.875034391, -0.421812486, -0.236775599, 0, 1, 5, 1, 
152.382466, 20, 0.1, 0.1, 0.0308043626, 0.375105669, -0.0349695959, 0.956932195, 2.03913282e-005, 0.29031151, 0.29031151, -1.09144425e-005, -0.956932195, -1.63445302e-005, 1, -1.63642187e-005, 0.956932193, 2.49342029e-005, 0.290311518, 0.290311518, -1.30691316e-005, -0.956932193, -2.0066222e-005, 1, -1.9744959e-005, 0, 0, 0, 0, 0, 0, 0, 0.170043921, 0.134851392, 0.108699414, -0.725170862, 0.668148973, 0.165879185, -0.621582031, -0.739013672, 0.259643555, 0.296165149, 0.0851251373, 0.951339518, 0, 0, -0, 0, 0, 0, 0, 0.258770264, 0.14379043, 0.122859766, -0.20656136, 0.766309788, -0.608121537, 0.440307617, -0.482177734, -0.757202148, -0.873667623, -0.424175619, -0.237719826, 0, 1, 5, 1, 
152.383161, 20, 0.1, 0.1, 0.0308043665, 0.375105667, -0.0349690787, 0.956932206, -1.69529833e-005, 0.290311474, 0.290311474, 8.95489264e-006, -0.956932206, 1.36231477e-005, 1, 1.34908708e-005, 0.956932204, -2.13553882e-005, 0.290311481, 0.290311481, 1.11993936e-005, -0.956932204, 1.71843462e-005, 1, 1.69167748e-005, 0, 0, 0, 0, 0, 0, 0, 0.170043921, 0.134851392, 0.108699414, -0.725170862, 0.668148973, 0.165879185, -0.621582031, -0.739013672, 0.259643555, 0.296165149, 0.0851251373, 0.951339518, 0, 0, -0, 0, 0, 0, 0, 0.258770264, 0.14379043, 0.122859766, -0.20656136, 0.766309788, -0.608121537, 0.440307617, -0.482177734, -0.757202148, -0.873667623, -0.424175619, -0.237719826, 0, 1, 5, 1, 
152.383872, 20, 0.1, 0.1, 0.0308043611, 0.37510567, -0.0349685933, 0.956932218, 2.06510822e-005, 0.290311437, 0.290311437, -1.14734731e-005, -0.956932218, -1.64308054e-005, 1, -1.69745814e-005, 0.956932215, 2.58553474e-005, 0.290311445, 0.290311445, -1.35203202e-005, -0.956932215, -2.08167112e-005, 1, -2.04441333e-005, 0, 0, 0, 0, 0, 0, 0, 0.170043921, 0.134851392, 0.108699414, -0.725170862, 0.668148973, 0.165879185, -0.621582031, -0.739013672, 0.259643555, 0.296165149, 0.0851251373, 0.951339518, 0, 0, -0, 0, 0, 0, 0, 0.258770264, 0.14379043, 0.122859766, -0.20656136, 0.766309788, -0.608121537, 0.440307617, -0.482177734, -0.757202148, -0.873667623, -0.424175619, -0.237719826, 0, 1, 5, 1, 
