time, trialNum, realDorsalTactorPos, realVentralTactorPos, boxPosX, boxPosY, boxPosZ, boxLocalRot_11, boxLocalRot_12, boxLocalRot_13, boxLocalRot_21, boxLocalRot_22, boxLocalRot_23, boxLocalRot_31, boxLocalRot_32, boxLocalRot_33, boxGlobalRot_11, boxGlobalRot_12, boxGlobalRot_13, boxGlobalRot_21, boxGlobalRot_22, boxGlobalRot_23, boxGlobalRot_31, boxGlobalRot_32, boxGlobalRot_33, indexForceX, indexForceY, indexForceZ, indexForceGlobalX, indexForceGlobalY, indexForceGlobalZ, indexContact, indexPosX, indexPosY, indexPosZ, indexRot_11, indexRot_12, indexRot_13, indexRot_21, indexRot_22, indexRot_23, indexRot_31, indexRot_32, indexRot_33, thumbForceX, thumbForceY, thumbForceZ, thumbForceGlobalX, thumbForceGlobalY, thumbForceGlobalZ, thumbContact, thumbPosX, thumbPosY, thumbPosZ, thumbRot_11, thumbRot_12, thumbRot_13, thumbRot_21, thumbRot_22, thumbRot_23, thumbRot_31, thumbRot_32, thumbRot_33, manipForceTooHigh, cceExpType, mapping, trialSuccess, 
140.51039, 18, 0.1, 0.1, 0.0284123183, 0.347085615, -0.0349766164, 0.983653316, -1.30291378e-006, -0.180072635, 0.180072635, 2.84464117e-008, 0.983653316, -1.27649304e-006, -1, 2.62600525e-007, 0.983653359, 1.11619695e-005, -0.180072402, 0.180072402, 8.51592775e-006, 0.983653359, 1.25129923e-005, -1, 6.36675828e-006, 0, 0, 0, 0, 0, 0, 0, 0.128516577, 0.121788086, 0.160490796, -0.373249208, 0.784613638, 0.49480657, -0.16015625, -0.579833984, 0.798706055, 0.913755093, 0.218820618, 0.342213691, 0, -0, 0, 0, 0, 0, 0, 0.192107666, 0.115508789, 0.0979601074, -0.669937925, 0.599636863, -0.437497912, -0.308959961, -0.761108398, -0.570068359, -0.67492116, -0.246778226, 0.695260342, 0, 1, 5, 1, 
140.526743, 18, 0.1, 0.1, 0.0284123654, 0.347085664, -0.0349622011, 0.983651385, -7.44473282e-006, -0.180083182, 0.180083182, 1.21795523e-005, 0.983651385, -5.12968923e-006, -1, 1.33211046e-005, 0.983651418, 6.02515112e-006, -0.180083001, 0.180083001, -8.23845127e-007, 0.983651418, 5.77828795e-006, -1, -1.89540373e-006, 0, 0, 0, 0, 0, 0, 0, 0.128175269, 0.12197627, 0.159113525, -0.3797239, 0.779555798, 0.497882531, -0.164916992, -0.586669922, 0.79284668, 0.910331273, 0.218880149, 0.351490269, 0, -0, 0, 0, 0, 0, 0, 0.193174121, 0.116563037, 0.0968534668, -0.660246953, 0.605751419, -0.443755026, -0.304077148, -0.755981445, -0.579467773, -0.686545096, -0.247731215, 0.683555849, 0, 1, 5, 1, 
140.527452, 18, 0.1, 0.1, 0.0284123663, 0.347085671, -0.0349593518, 0.983651244, 3.69665064e-006, -0.180083951, 0.180083951, -8.04067308e-006, 0.983651244, 2.18821882e-006, -1, -8.57492553e-006, 0.983651267, 7.26560418e-006, -0.180083829, 0.180083829, -4.46896263e-007, 0.983651267, 7.06634196e-006, -1, -1.74800789e-006, 0, 0, 0, 0, 0, 0, 0, 0.128175269, 0.12197627, 0.159113525, -0.3797239, 0.779555798, 0.497882531, -0.164916992, -0.586669922, 0.79284668, 0.910331273, 0.218880149, 0.351490269, 0, -0, 0, 0, 0, 0, 0, 0.193174121, 0.116563037, 0.0968534668, -0.660246953, 0.605751419, -0.443755026, -0.304077148, -0.755981445, -0.579467773, -0.686545096, -0.247731215, 0.683555849, 0, 1, 5, 1, 
140.528184, 18, 0.1, 0.1, 0.0284123664, 0.347085673, -0.0349595027, 0.983651158, 6.78495822e-006, -0.180084424, 0.180084424, -4.46487043e-006, 0.983651158, 5.86997838e-006, -1, -5.61374026e-006, 0.983651173, 3.52177277e-006, -0.180084339, 0.180084339, -5.9381816e-006, 0.983651173, 2.39482241e-006, -1, -6.47531542e-006, 0, 0, 0, 0, 0, 0, 0, 0.128259717, 0.122219043, 0.158771265, -0.382339313, 0.779867325, 0.495345745, -0.167724609, -0.585693359, 0.79284668, 0.908644451, 0.220066727, 0.354981855, 0, -0, 0, 0, 0, 0, 0, 0.193277393, 0.116631641, 0.096596875, -0.657717209, 0.60633947, -0.446790432, -0.302734375, -0.755859375, -0.580322266, -0.689593263, -0.246319239, 0.680904703, 0, 1, 5, 1, 
140.52888, 18, 0.1, 0.1, 0.0284123662, 0.347085676, -0.0349623127, 0.98365107, 1.16035809e-006, -0.180084902, 0.180084902, 4.55184423e-006, 0.98365107, 1.9611059e-006, -1, 4.26846347e-006, 0.983651088, -7.74124902e-006, -0.180084803, 0.180084803, -4.27456083e-006, 0.983651088, -8.38447147e-006, -1, -2.81059511e-006, 0, 0, 0, 0, 0, 0, 0, 0.128259717, 0.122219043, 0.158771265, -0.382339313, 0.779867325, 0.495345745, -0.167724609, -0.585693359, 0.79284668, 0.908644451, 0.220066727, 0.354981855, 0, -0, 0, 0, 0, 0, 0, 0.193277393, 0.116631641, 0.096596875, -0.657717209, 0.60633947, -0.446790432, -0.302734375, -0.755859375, -0.580322266, -0.689593263, -0.246319239, 0.680904703, 0, 1, 5, 1, 
140.529589, 18, 0.1, 0.1, 0.0284123667, 0.347085681, -0.0349670555, 0.983650997, -6.32148474e-006, -0.180085304, 0.180085304, 4.74558044e-006, 0.983650997, -5.36352546e-006, -1, 5.80640144e-006, 0.983651008, -9.74307383e-006, -0.180085242, 0.180085242, 3.7761443e-006, 0.983651008, -8.90375654e-006, -1, 5.46899196e-006, 0, 0, 0, 0, 0, 0, 0, 0.128259717, 0.122219043, 0.158771265, -0.382339313, 0.779867325, 0.495345745, -0.167724609, -0.585693359, 0.79284668, 0.908644451, 0.220066727, 0.354981855, 0, -0, 0, 0, 0, 0, 0, 0.193277393, 0.116631641, 0.096596875, -0.657717209, 0.60633947, -0.446790432, -0.302734375, -0.755859375, -0.580322266, -0.689593263, -0.246319239, 0.680904703, 0, 1, 5, 1, 
140.530299, 18, 0.1, 0.1, 0.0284123695, 0.347085681, -0.0349721303, 0.983650963, -2.88870054e-006, -0.18008549, 0.18008549, -8.23060371e-006, 0.983650963, -4.32368537e-006, -1, -7.57582821e-006, 0.983650966, 3.51044929e-007, -0.180085469, 0.180085469, -1.42179384e-005, 0.983650966, -2.21513842e-006, -1, -1.40487069e-005, 0, 0, 0, 0, 0, 0, 0, 0.128259717, 0.122219043, 0.158771265, -0.382339313, 0.779867325, 0.495345745, -0.167724609, -0.585693359, 0.79284668, 0.908644451, 0.220066727, 0.354981855, 0, -0, 0, 0, 0, 0, 0, 0.193277393, 0.116631641, 0.096596875, -0.657717209, 0.60633947, -0.446790432, -0.302734375, -0.755859375, -0.580322266, -0.689593263, -0.246319239, 0.680904703, 0, 1, 5, 1, 
140.530995, 18, 0.1, 0.1, 0.028412372, 0.347085686, -0.0349759346, 0.983650964, 8.22217145e-007, -0.180085484, 0.180085484, -2.19888867e-006, 0.983650964, 4.12786756e-007, -1, -2.31100833e-006, 0.983650962, 5.46212046e-006, -0.180085491, 0.180085491, 6.69830461e-006, 0.983650962, 6.57908752e-006, -1, 5.60514514e-006, 0, 0, 0, 0, 0, 0, 0, 0.128259717, 0.122219043, 0.158771265, -0.382339313, 0.779867325, 0.495345745, -0.167724609, -0.585693359, 0.79284668, 0.908644451, 0.220066727, 0.354981855, 0, -0, 0, 0, 0, 0, 0, 0.193277393, 0.116631641, 0.096596875, -0.657717209, 0.60633947, -0.446790432, -0.302734375, -0.755859375, -0.580322266, -0.689593263, -0.246319239, 0.680904703, 0, 1, 5, 1, 
140.531706, 18, 0.1, 0.1, 0.0284123693, 0.347085689, -0.0349775438, 0.983650992, -7.17701603e-006, -0.180085327, 0.180085327, 1.0611335e-005, 0.983650992, -5.14873321e-006, -1, 1.17303254e-005, 0.983650984, -1.39564809e-005, -0.180085372, 0.180085372, 5.33689823e-006, 0.983650984, -1.27672089e-005, -1, 7.76300325e-006, 0, 0, 0, 0, 0, 0, 0, 0.128259717, 0.122219043, 0.158771265, -0.382339313, 0.779867325, 0.495345745, -0.167724609, -0.585693359, 0.79284668, 0.908644451, 0.220066727, 0.354981855, 0, -0, 0, 0, 0, 0, 0, 0.193277393, 0.116631641, 0.096596875, -0.657717209, 0.60633947, -0.446790432, -0.302734375, -0.755859375, -0.580322266, -0.689593263, -0.246319239, 0.680904703, 0, 1, 5, 1, 
140.532413, 18, 0.1, 0.1, 0.0284123744, 0.347085693, -0.0349765708, 0.983651057, 7.09192812e-006, -0.180084976, 0.180084976, -4.38987746e-006, 0.983651057, 6.18543161e-006, -1, -5.59525731e-006, 0.983651042, 1.35397811e-005, -0.180085056, 0.180085056, -3.50825239e-006, 0.983651042, 1.26866359e-005, -1, -5.88920835e-006, 0, 0, 0, 0, 0, 0, 0, 0.128259717, 0.122219043, 0.158771265, -0.382339313, 0.779867325, 0.495345745, -0.167724609, -0.585693359, 0.79284668, 0.908644451, 0.220066727, 0.354981855, 0, -0, 0, 0, 0, 0, 0, 0.193277393, 0.116631641, 0.096596875, -0.657717209, 0.60633947, -0.446790432, -0.302734375, -0.755859375, -0.580322266, -0.689593263, -0.246319239, 0.680904703, 0, 1, 5, 1, 
140.533137, 18, 0.1, 0.1, 0.0284123729, 0.347085699, -0.0349731945, 0.983651147, -6.05992279e-007, -0.180084481, 0.180084481, 5.14263314e-006, 0.983651147, 3.30023418e-007, -1, 5.1676868e-006, 0.98365113, -9.88519738e-006, -0.180084577, 0.180084577, 9.72855247e-006, 0.98365113, -7.97162332e-006, -1, 1.13496732e-005, 0, 0, 0, 0, 0, 0, 0, 0.128453174, 0.122488306, 0.157564844, -0.382897967, 0.780724402, 0.49355633, -0.168457031, -0.584350586, 0.793823242, 0.908238566, 0.220796123, 0.355388862, 0, -0, 0, 0, 0, 0, 0, 0.19358291, 0.116483838, 0.095782373, -0.655947591, 0.606876483, -0.448643539, -0.302978516, -0.756103516, -0.579956055, -0.691248409, -0.244421656, 0.679850735, 0, 1, 5, 1, 
140.533847, 18, 0.1, 0.1, 0.0284123742, 0.3470857, -0.0349687975, 0.983651257, -3.22452081e-006, -0.180083882, 0.180083882, 5.11114461e-006, 0.983651257, -2.25136918e-006, -1, 5.60826805e-006, 0.983651234, -5.52111181e-006, -0.180084008, 0.180084008, -6.7573439e-006, 0.983651234, -6.64773802e-006, -1, -5.65260572e-006, 0, 0, 0, 0, 0, 0, 0, 0.128453174, 0.122488306, 0.157564844, -0.382897967, 0.780724402, 0.49355633, -0.168457031, -0.584350586, 0.793823242, 0.908238566, 0.220796123, 0.355388862, 0, -0, 0, 0, 0, 0, 0, 0.19358291, 0.116483838, 0.095782373, -0.655947591, 0.606876483, -0.448643539, -0.302978516, -0.756103516, -0.579956055, -0.691248409, -0.244421656, 0.679850735, 0, 1, 5, 1, 
140.534631, 18, 0.1, 0.1, 0.028412377, 0.347085705, -0.0349637745, 0.983651403, -5.87478657e-006, -0.180083082, 0.180083082, 2.43588939e-006, 0.983651403, -5.34007958e-006, -1, 3.45401569e-006, 0.983651376, -2.61070765e-006, -0.180083234, 0.180083234, -2.81286265e-006, 0.983651376, -3.07457558e-006, -1, -2.29673154e-006, 0, 0, 0, 0, 0, 0, 0, 0.128453174, 0.122488306, 0.157564844, -0.382897967, 0.780724402, 0.49355633, -0.168457031, -0.584350586, 0.793823242, 0.908238566, 0.220796123, 0.355388862, 0, -0, 0, 0, 0, 0, 0, 0.19358291, 0.116483838, 0.095782373, -0.655947591, 0.606876483, -0.448643539, -0.302978516, -0.756103516, -0.579956055, -0.691248409, -0.244421656, 0.679850735, 0, 1, 5, 1, 
140.53534, 18, 0.1, 0.1, 0.0284123808, 0.347085708, -0.0349607386, 0.983651534, -8.82413895e-007, -0.180082368, 0.180082368, -9.11570158e-007, 0.983651534, -1.03214549e-006, -1, -7.37760201e-007, 0.983651511, 9.47053312e-006, -0.180082492, 0.180082492, 2.0914339e-006, 0.983651511, 9.69233485e-006, -1, 3.51764907e-007, 0, 0, 0, 0, 0, 0, 0, 0.128453174, 0.122488306, 0.157564844, -0.382897967, 0.780724402, 0.49355633, -0.168457031, -0.584350586, 0.793823242, 0.908238566, 0.220796123, 0.355388862, 0, -0, 0, 0, 0, 0, 0, 0.19358291, 0.116483838, 0.095782373, -0.655947591, 0.606876483, -0.448643539, -0.302978516, -0.756103516, -0.579956055, -0.691248409, -0.244421656, 0.679850735, 0, 1, 5, 1, 
140.536037, 18, 0.1, 0.1, 0.0284123841, 0.347085711, -0.0349604482, 0.983651649, 9.07345378e-006, -0.180081742, 0.180081742, 1.24300405e-006, 0.983651649, 9.14896011e-006, -1, -4.11280382e-007, 0.983651627, 1.4262627e-005, -0.180081859, 0.180081859, -3.5483737e-006, 0.983651627, 1.33904585e-005, -1, -6.05880394e-006, 0, 0, 0, 0, 0, 0, 0, 0.128453174, 0.122488306, 0.157564844, -0.382897967, 0.780724402, 0.49355633, -0.168457031, -0.584350586, 0.793823242, 0.908238566, 0.220796123, 0.355388862, 0, -0, 0, 0, 0, 0, 0, 0.19358291, 0.116483838, 0.095782373, -0.655947591, 0.606876483, -0.448643539, -0.302978516, -0.756103516, -0.579956055, -0.691248409, -0.244421656, 0.679850735, 0, 1, 5, 1, 
140.53675, 18, 0.1, 0.1, 0.0284123848, 0.347085717, -0.0349627128, 0.983651754, 9.01781405e-006, -0.180081169, 0.180081169, -8.31149887e-006, 0.983651754, 7.37364418e-006, -1, -9.79955894e-006, 0.983651732, 3.91321277e-006, -0.180081289, 0.180081289, 6.66537153e-006, 0.983651732, 5.04954721e-006, -1, 5.85170785e-006, 0, 0, 0, 0, 0, 0, 0, 0.128453174, 0.122488306, 0.157564844, -0.382897967, 0.780724402, 0.49355633, -0.168457031, -0.584350586, 0.793823242, 0.908238566, 0.220796123, 0.355388862, 0, -0, 0, 0, 0, 0, 0, 0.19358291, 0.116483838, 0.095782373, -0.655947591, 0.606876483, -0.448643539, -0.302978516, -0.756103516, -0.579956055, -0.691248409, -0.244421656, 0.679850735, 0, 1, 5, 1, 
140.53747, 18, 0.1, 0.1, 0.0284123853, 0.347085717, -0.0349668164, 0.983651888, -1.32085989e-006, -0.180080435, 0.180080435, 1.52870026e-005, 0.983651888, 1.45362376e-006, -1, 1.527495e-005, 0.983651857, -7.26290712e-006, -0.180080602, 0.180080602, -4.28866295e-006, 0.983651857, -7.91647709e-006, -1, -2.91064259e-006, 0, 0, 0, 0, 0, 0, 0, 0.128453174, 0.122488306, 0.157564844, -0.383571197, 0.78220229, 0.490854793, -0.173461914, -0.583007813, 0.793579102, 0.907109275, 0.219202538, 0.35940091, 0, -0, 0, 0, 0, 0, 0, 0.19358291, 0.116483838, 0.095782373, -0.655947591, 0.606876483, -0.448643539, -0.302978516, -0.756103516, -0.579956055, -0.691248409, -0.244421656, 0.679850735, 0, 1, 5, 1, 
140.538209, 18, 0.1, 0.1, 0.0284123842, 0.347085728, -0.034971165, 0.983652003, -6.03592326e-006, -0.180079806, 0.180079806, 2.29061882e-006, 0.983652003, -5.52475381e-006, -1, 3.34011968e-006, 0.983651983, -1.20769969e-005, -0.180079917, 0.180079917, 1.69213661e-005, 0.983651983, -8.83236376e-006, -1, 1.88195599e-005, 0, 0, 0, 0, 0, 0, 0, 0.128415332, 0.122335742, 0.156992505, -0.383571197, 0.78220229, 0.490854793, -0.173461914, -0.583007813, 0.793579102, 0.907109275, 0.219202538, 0.35940091, 0, -0, 0, 0, 0, 0, 0, 0.193967041, 0.116581006, 0.0952026855, -0.652197634, 0.607618019, -0.452950564, -0.301391602, -0.756225586, -0.580566406, -0.695395753, -0.242134349, 0.676452223, 0, 1, 5, 1, 
140.53891, 18, 0.1, 0.1, 0.0284123878, 0.347085721, -0.0349742621, 0.983652088, 1.57464348e-006, -0.180079341, 0.180079341, -2.90149796e-005, 0.983652088, -3.67609705e-006, -1, -2.8824206e-005, 0.98365207, 3.87274347e-006, -0.180079441, 0.180079441, -3.3290503e-005, 0.983652069, -2.18550306e-006, -0.999999999, -3.34436737e-005, 0, 0, 0, 0, 0, 0, 0, 0.128415332, 0.122335742, 0.156992505, -0.383571197, 0.78220229, 0.490854793, -0.173461914, -0.583007813, 0.793579102, 0.907109275, 0.219202538, 0.35940091, 0, -0, 0, 0, 0, 0, 0, 0.193967041, 0.116581006, 0.0952026855, -0.652197634, 0.607618019, -0.452950564, -0.301391602, -0.756225586, -0.580566406, -0.695395753, -0.242134349, 0.676452223, 0, 1, 5, 1, 
140.539618, 18, 0.1, 0.1, 0.0284123902, 0.347085727, -0.034975714, 0.983652169, -4.70262325e-006, -0.180078903, 0.180078903, 3.1453915e-005, 0.983652168, 1.03844094e-006, -0.999999999, 3.1786555e-005, 0.983652158, 2.43773542e-006, -0.180078959, 0.180078959, 2.58770532e-005, 0.983652158, 7.05779652e-006, -1, 2.50150344e-005, 0, 0, 0, 0, 0, 0, 0, 0.128415332, 0.122335742, 0.156992505, -0.383571197, 0.78220229, 0.490854793, -0.173461914, -0.583007813, 0.793579102, 0.907109275, 0.219202538, 0.35940091, 0, -0, 0, 0, 0, 0, 0, 0.193967041, 0.116581006, 0.0952026855, -0.652197634, 0.607618019, -0.452950564, -0.301391602, -0.756225586, -0.580566406, -0.695395753, -0.242134349, 0.676452223, 0, 1, 5, 1, 
140.540356, 18, 0.1, 0.1, 0.0284123866, 0.347085736, -0.0349749052, 0.983652192, -1.52112552e-006, -0.180078775, 0.180078775, -9.70645355e-006, 0.983652192, -3.24418472e-006, -1, -9.27385189e-006, 0.983652191, -1.27725997e-005, -0.18007878, 0.18007878, 5.21462755e-006, 0.983652191, -1.16247519e-005, -1, 7.42945399e-006, 0, 0, 0, 0, 0, 0, 0, 0.128566187, 0.122391406, 0.15619082, -0.384904552, 0.78333158, 0.48803269, -0.177978516, -0.581787109, 0.793579102, 0.905713763, 0.218529308, 0.363432053, 0, -0, 0, 0, 0, 0, 0, 0.194351172, 0.116460059, 0.0946164063, -0.648447677, 0.608321275, -0.457391751, -0.299926758, -0.756469727, -0.581054687, -0.699543097, -0.239482836, 0.673162353, 0, 1, 5, 1, 
140.541051, 18, 0.1, 0.1, 0.0284123939, 0.347085732, -0.03497245, 0.983652173, 1.09868516e-005, -0.18007888, 0.18007888, -8.82972966e-006, 0.983652173, 9.21719262e-006, -1, -1.06638827e-005, 0.983652177, 1.9862577e-005, -0.180078855, 0.180078855, -1.76367626e-005, 0.983652177, 1.6361859e-005, -1, -2.09252701e-005, 0, 0, 0, 0, 0, 0, 0, 0.128566187, 0.122391406, 0.15619082, -0.384904552, 0.78333158, 0.48803269, -0.177978516, -0.581787109, 0.793579102, 0.905713763, 0.218529308, 0.363432053, 0, -0, 0, 0, 0, 0, 0, 0.194351172, 0.116460059, 0.0946164063, -0.648447677, 0.608321275, -0.457391751, -0.299926758, -0.756469727, -0.581054687, -0.699543097, -0.239482836, 0.673162353, 0, 1, 5, 1, 
140.541756, 18, 0.1, 0.1, 0.0284123924, 0.347085739, -0.0349691705, 0.983652152, 9.6294988e-007, -0.180078993, 0.180078993, 8.45210337e-006, 0.983652152, 2.46925398e-006, -1, 8.14052263e-006, 0.983652155, -9.77024933e-006, -0.180078975, 0.180078975, 1.46995547e-005, 0.983652155, -6.96344607e-006, -1, 1.62186651e-005, 0, 0, 0, 0, 0, 0, 0, 0.128566187, 0.122391406, 0.15619082, -0.384904552, 0.78333158, 0.48803269, -0.177978516, -0.581787109, 0.793579102, 0.905713763, 0.218529308, 0.363432053, 0, -0, 0, 0, 0, 0, 0, 0.194351172, 0.116460059, 0.0946164063, -0.648447677, 0.608321275, -0.457391751, -0.299926758, -0.756469727, -0.581054687, -0.699543097, -0.239482836, 0.673162353, 0, 1, 5, 1, 
140.542461, 18, 0.1, 0.1, 0.028412394, 0.347085739, -0.0349662139, 0.983652167, -2.44652311e-006, -0.180078911, 0.180078911, 2.46841376e-006, 0.983652167, -1.9620185e-006, -1, 2.86862776e-006, 0.983652161, -4.6620318e-006, -0.180078941, 0.180078941, -9.28658951e-006, 0.983652161, -6.25813686e-006, -1, -8.29524009e-006, 0, 0, 0, 0, 0, 0, 0, 0.128566187, 0.122391406, 0.15619082, -0.384904552, 0.78333158, 0.48803269, -0.177978516, -0.581787109, 0.793579102, 0.905713763, 0.218529308, 0.363432053, 0, -0, 0, 0, 0, 0, 0, 0.194351172, 0.116460059, 0.0946164063, -0.648447677, 0.608321275, -0.457391751, -0.299926758, -0.756469727, -0.581054687, -0.699543097, -0.239482836, 0.673162353, 0, 1, 5, 1, 
140.54317, 18, 0.1, 0.1, 0.0284123967, 0.347085743, -0.0349643894, 0.983652216, -4.05715763e-006, -0.180078642, 0.180078642, 1.22752079e-006, 0.983652216, -3.76978182e-006, -1, 1.93806099e-006, 0.983652204, -4.08968245e-007, -0.180078708, 0.180078708, -3.28867225e-006, 0.983652204, -9.94502366e-007, -1, -3.16126324e-006, 0, 0, 0, 0, 0, 0, 0, 0.128566187, 0.122391406, 0.15619082, -0.384904552, 0.78333158, 0.48803269, -0.177978516, -0.581787109, 0.793579102, 0.905713763, 0.218529308, 0.363432053, 0, -0, 0, 0, 0, 0, 0, 0.194351172, 0.116460059, 0.0946164063, -0.648447677, 0.608321275, -0.457391751, -0.299926758, -0.756469727, -0.581054687, -0.699543097, -0.239482836, 0.673162353, 0, 1, 5, 1, 
140.54387, 18, 0.1, 0.1, 0.028412398, 0.347085745, -0.0349640094, 0.983652277, 1.15862624e-007, -0.18007831, 0.18007831, 9.36571951e-006, 0.983652277, 1.80053148e-006, -1, 9.19174698e-006, 0.983652265, -1.29874645e-006, -0.180078376, 0.180078376, -2.82975416e-006, 0.983652265, -1.78709242e-006, -1, -2.54961794e-006, 0, 0, 0, 0, 0, 0, 0, 0.128566187, 0.122391406, 0.15619082, -0.384904552, 0.78333158, 0.48803269, -0.177978516, -0.581787109, 0.793579102, 0.905713763, 0.218529308, 0.363432053, 0, -0, 0, 0, 0, 0, 0, 0.194351172, 0.116460059, 0.0946164063, -0.648447677, 0.608321275, -0.457391751, -0.299926758, -0.756469727, -0.581054687, -0.699543097, -0.239482836, 0.673162353, 0, 1, 5, 1, 
140.54458, 18, 0.1, 0.1, 0.0284123996, 0.347085748, -0.0349652536, 0.983652329, 3.79943629e-006, -0.180078025, 0.180078025, -1.75017893e-005, 0.983652329, 5.856367e-007, -1, -1.78998708e-005, 0.983652319, 5.04148472e-006, -0.180078082, 0.180078082, -9.94897737e-006, 0.983652319, 3.16747537e-006, -1, -1.06941956e-005, 0, 0, 0, 0, 0, 0, 0, 0.128566187, 0.122391406, 0.15619082, -0.384904552, 0.78333158, 0.48803269, -0.177978516, -0.581787109, 0.793579102, 0.905713763, 0.218529308, 0.363432053, 0, -0, 0, 0, 0, 0, 0, 0.194351172, 0.116460059, 0.0946164063, -0.648447677, 0.608321275, -0.457391751, -0.299926758, -0.756469727, -0.581054687, -0.699543097, -0.239482836, 0.673162353, 0, 1, 5, 1, 
140.545316, 18, 0.1, 0.1, 0.0284123995, 0.347085752, -0.0349673243, 0.983652401, 1.98855531e-006, -0.180077634, 0.180077634, 2.87886372e-005, 0.983652401, 7.14023687e-006, -1, 2.79599178e-005, 0.983652387, 3.836645e-008, -0.180077709, 0.180077709, 1.78989645e-005, 0.983652387, 3.26094376e-006, -1, 1.75994502e-005, 0, 0, 0, 0, 0, 0, 0, 0.129013403, 0.122433521, 0.154997827, -0.384860368, 0.78420064, 0.486434234, -0.180297852, -0.580810547, 0.793823242, 0.905212397, 0.217773703, 0.365044735, 0, -0, 0, 0, 0, 0, 0, 0.194924365, 0.116342285, 0.0937269531, -0.64572617, 0.609184213, -0.460152271, -0.299926758, -0.756591797, -0.580932617, -0.702080137, -0.237182769, 0.671399298, 0, 1, 5, 1, 
140.546014, 18, 0.1, 0.1, 0.0284123997, 0.347085759, -0.0349697212, 0.983652451, 1.24072818e-006, -0.180077361, 0.180077361, -1.21574181e-005, 0.983652451, -9.6883045e-007, -1, -1.21821012e-005, 0.983652441, -5.88726275e-007, -0.180077415, 0.180077415, 6.51433979e-006, 0.983652441, 5.9398343e-007, -1, 6.51386254e-006, 0, 0, 0, 0, 0, 0, 0, 0.129013403, 0.122433521, 0.154997827, -0.384860368, 0.78420064, 0.486434234, -0.180297852, -0.580810547, 0.793823242, 0.905212397, 0.217773703, 0.365044735, 0, -0, 0, 0, 0, 0, 0, 0.194924365, 0.116342285, 0.0937269531, -0.64572617, 0.609184213, -0.460152271, -0.299926758, -0.756591797, -0.580932617, -0.702080137, -0.237182769, 0.671399298, 0, 1, 5, 1, 
140.546722, 18, 0.1, 0.1, 0.0284124019, 0.347085753, -0.0349718921, 0.983652496, 2.15980028e-007, -0.180077112, 0.180077112, -1.71013966e-005, 0.983652496, -2.86712082e-006, -1, -1.68607245e-005, 0.983652486, -1.52782068e-006, -0.180077172, 0.180077171, -2.79510633e-005, 0.983652485, -6.53619303e-006, -1, -2.72190072e-005, 0, 0, 0, 0, 0, 0, 0, 0.129013403, 0.122433521, 0.154997827, -0.384860368, 0.78420064, 0.486434234, -0.180297852, -0.580810547, 0.793823242, 0.905212397, 0.217773703, 0.365044735, 0, -0, 0, 0, 0, 0, 0, 0.194924365, 0.116342285, 0.0937269531, -0.64572617, 0.609184213, -0.460152271, -0.299926758, -0.756591797, -0.580932617, -0.702080137, -0.237182769, 0.671399298, 0, 1, 5, 1, 
140.547431, 18, 0.1, 0.1, 0.0284124023, 0.347085764, -0.0349731846, 0.983652523, -1.73147384e-005, -0.180076965, 0.180076966, 3.79618383e-005, 0.983652522, -1.01956335e-005, -0.999999999, 4.04592436e-005, 0.983652523, -6.75371285e-006, -0.180076965, 0.180076966, 3.82654351e-005, 0.983652522, 2.47416748e-007, -0.999999999, 3.88560799e-005, 0, 0, 0, 0, 0, 0, 0, 0.129013403, 0.122433521, 0.154997827, -0.384860368, 0.78420064, 0.486434234, -0.180297852, -0.580810547, 0.793823242, 0.905212397, 0.217773703, 0.365044735, 0, -0, 0, 0, 0, 0, 0, 0.194924365, 0.116342285, 0.0937269531, -0.64572617, 0.609184213, -0.460152271, -0.299926758, -0.756591797, -0.580932617, -0.702080137, -0.237182769, 0.671399298, 0, 1, 5, 1, 
140.548126, 18, 0.1, 0.1, 0.0284124002, 0.34708577, -0.034973274, 0.983652495, 1.23186044e-005, -0.180077118, 0.180077118, -1.56433994e-005, 0.983652495, 9.30020769e-006, -1, -1.76059676e-005, 0.983652506, -2.56623243e-006, -0.180077058, 0.180077058, -5.47025541e-006, 0.983652506, -3.50934846e-006, -1, -4.91871086e-006, 0, 0, 0, 0, 0, 0, 0, 0.129013403, 0.122433521, 0.154997827, -0.384860368, 0.78420064, 0.486434234, -0.180297852, -0.580810547, 0.793823242, 0.905212397, 0.217773703, 0.365044735, 0, -0, 0, 0, 0, 0, 0, 0.194924365, 0.116342285, 0.0937269531, -0.64572617, 0.609184213, -0.460152271, -0.299926758, -0.756591797, -0.580932617, -0.702080137, -0.237182769, 0.671399298, 0, 1, 5, 1, 
140.548832, 18, 0.1, 0.1, 0.0284124073, 0.347085767, -0.0349721909, 0.98365244, 1.94946083e-007, -0.18007742, 0.18007742, -3.01579872e-007, 0.98365244, 1.37451465e-007, -1, -3.31755165e-007, 0.983652451, 1.38924479e-005, -0.18007736, 0.18007736, -1.18470604e-005, 0.983652451, 1.1531953e-005, -1, -1.41551053e-005, 0, 0, 0, 0, 0, 0, 0, 0.129013403, 0.122433521, 0.154997827, -0.384860368, 0.78420064, 0.486434234, -0.180297852, -0.580810547, 0.793823242, 0.905212397, 0.217773703, 0.365044735, 0, -0, 0, 0, 0, 0, 0, 0.194924365, 0.116342285, 0.0937269531, -0.64572617, 0.609184213, -0.460152271, -0.299926758, -0.756591797, -0.580932617, -0.702080137, -0.237182769, 0.671399298, 0, 1, 5, 1, 
140.549549, 18, 0.1, 0.1, 0.0284123973, 0.347085779, -0.0349702648, 0.983652386, -3.05338468e-005, -0.180077712, 0.180077713, 2.45065537e-005, 0.983652386, -2.56216072e-005, -0.999999999, 2.96043953e-005, 0.983652397, -3.76957888e-005, -0.180077652, 0.180077653, 3.0283357e-005, 0.983652397, -3.16261972e-005, -0.999999999, 3.65764659e-005, 0, 0, 0, 0, 0, 0, 0, 0.129013403, 0.122433521, 0.154997827, -0.385933492, 0.785310834, 0.483916545, -0.184448242, -0.579589844, 0.793701172, 0.90389926, 0.216979906, 0.368656888, 0, -0, 0, 0, 0, 0, 0, 0.194924365, 0.116342285, 0.0937269531, -0.64572617, 0.609184213, -0.460152271, -0.299926758, -0.756591797, -0.580932617, -0.702080137, -0.237182769, 0.671399298, 0, 1, 5, 1, 
140.550303, 18, 0.1, 0.1, 0.0284124009, 0.347085779, -0.0349676873, 0.983652335, 1.43850497e-005, -0.180077991, 0.180077991, -1.33866453e-005, 0.983652335, 1.17392475e-005, -1, -1.57582357e-005, 0.983652347, 1.74838748e-005, -0.180077929, 0.180077929, -1.44779017e-005, 0.983652347, 1.4590904e-005, -1, -1.7389682e-005, 0, 0, 0, 0, 0, 0, 0, 0.129177808, 0.122487842, 0.153987183, -0.385933492, 0.785310834, 0.483916545, -0.184448242, -0.579589844, 0.793701172, 0.90389926, 0.216979906, 0.368656888, 0, -0, 0, 0, 0, 0, 0, 0.195474365, 0.116181299, 0.0928274902, -0.643381626, 0.609452902, -0.463021433, -0.299316406, -0.756958008, -0.580688477, -0.704534056, -0.235067903, 0.669502082, 0, 1, 5, 1, 
140.551, 18, 0.1, 0.1, 0.0284123985, 0.347085783, -0.0349655573, 0.983652296, -1.12035913e-005, -0.180078205, 0.180078205, 4.56827271e-006, 0.983652296, -1.0197792e-005, -1, 6.51111455e-006, 0.983652304, -1.84282475e-005, -0.180078165, 0.180078165, 8.89870617e-006, 0.983652304, -1.65245254e-005, -1, 1.20717578e-005, 0, 0, 0, 0, 0, 0, 0, 0.129177808, 0.122487842, 0.153987183, -0.385933492, 0.785310834, 0.483916545, -0.184448242, -0.579589844, 0.793701172, 0.90389926, 0.216979906, 0.368656888, 0, -0, 0, 0, 0, 0, 0, 0.195474365, 0.116181299, 0.0928274902, -0.643381626, 0.609452902, -0.463021433, -0.299316406, -0.756958008, -0.580688477, -0.704534056, -0.235067903, 0.669502082, 0, 1, 5, 1, 
140.551705, 18, 0.1, 0.1, 0.0284124005, 0.347085784, -0.0349646368, 0.98365226, -1.3645104e-005, -0.1800784, 0.1800784, 1.14289227e-005, 0.98365226, -1.13639352e-005, -1, 1.36992742e-005, 0.983652268, 1.51617985e-006, -0.180078361, 0.180078361, -1.51203247e-007, 0.983652268, 1.46416531e-006, -1, -4.21762599e-007, 0, 0, 0, 0, 0, 0, 0, 0.129177808, 0.122487842, 0.153987183, -0.385933492, 0.785310834, 0.483916545, -0.184448242, -0.579589844, 0.793701172, 0.90389926, 0.216979906, 0.368656888, 0, -0, 0, 0, 0, 0, 0, 0.195474365, 0.116181299, 0.0928274902, -0.643381626, 0.609452902, -0.463021433, -0.299316406, -0.756958008, -0.580688477, -0.704534056, -0.235067903, 0.669502082, 0, 1, 5, 1, 
140.552415, 18, 0.1, 0.1, 0.0284123989, 0.347085789, -0.034965173, 0.983652231, 1.11480423e-005, -0.18007856, 0.18007856, -1.62341505e-005, 0.983652231, 8.04237423e-006, -1, -1.79762818e-005, 0.983652233, 2.40555122e-006, -0.180078549, 0.180078549, 7.86943084e-007, 0.983652233, 2.5079374e-006, -1, 3.4089015e-007, 0, 0, 0, 0, 0, 0, 0, 0.129177808, 0.122487842, 0.153987183, -0.385933492, 0.785310834, 0.483916545, -0.184448242, -0.579589844, 0.793701172, 0.90389926, 0.216979906, 0.368656888, 0, -0, 0, 0, 0, 0, 0, 0.195474365, 0.116181299, 0.0928274902, -0.643381626, 0.609452902, -0.463021433, -0.299316406, -0.756958008, -0.580688477, -0.704534056, -0.235067903, 0.669502082, 0, 1, 5, 1, 
140.553112, 18, 0.1, 0.1, 0.0284123993, 0.347085783, -0.0349668656, 0.983652251, -1.43383253e-005, -0.180078453, 0.180078452, -9.30858502e-006, 0.983652251, -1.57802015e-005, -1, -6.57438718e-006, 0.983652243, -1.21458784e-005, -0.180078498, 0.180078498, -2.41729887e-005, 0.983652242, -1.63003561e-005, -1, -2.1590603e-005, 0, 0, 0, 0, 0, 0, 0, 0.129177808, 0.122487842, 0.153987183, -0.385933492, 0.785310834, 0.483916545, -0.184448242, -0.579589844, 0.793701172, 0.90389926, 0.216979906, 0.368656888, 0, -0, 0, 0, 0, 0, 0, 0.195474365, 0.116181299, 0.0928274902, -0.643381626, 0.609452902, -0.463021433, -0.299316406, -0.756958008, -0.580688477, -0.704534056, -0.235067903, 0.669502082, 0, 1, 5, 1, 
140.55383, 18, 0.1, 0.1, 0.0284124001, 0.347085795, -0.0349690596, 0.983652322, 6.43303739e-009, -0.180078065, 0.180078065, 3.05277418e-005, 0.983652321, 5.50370455e-006, -1, 3.00275257e-005, 0.983652308, 3.61614707e-006, -0.180078143, 0.180078143, 3.74219261e-005, 0.983652307, 1.02959024e-005, -0.999999999, 3.61589749e-005, 0, 0, 0, 0, 0, 0, 0, 0.129177808, 0.122487842, 0.153987183, -0.385933492, 0.785310834, 0.483916545, -0.184448242, -0.579589844, 0.793701172, 0.90389926, 0.216979906, 0.368656888, 0, -0, 0, 0, 0, 0, 0, 0.195474365, 0.116181299, 0.0928274902, -0.643381626, 0.609452902, -0.463021433, -0.299316406, -0.756958008, -0.580688477, -0.704534056, -0.235067903, 0.669502082, 0, 1, 5, 1, 
140.554547, 18, 0.1, 0.1, 0.0284124017, 0.347085791, -0.0349711826, 0.983652355, 1.84028682e-005, -0.180077885, 0.180077886, -4.35519995e-005, 0.983652354, 1.02592726e-005, -0.999999999, -4.61539765e-005, 0.983652356, 6.4723962e-006, -0.180077879, 0.180077879, -3.73204262e-005, 0.983652355, -3.5399542e-007, -0.999999999, -3.78758606e-005, 0, 0, 0, 0, 0, 0, 0, 0.129382861, 0.122537524, 0.152997534, -0.386225924, 0.786388827, 0.481798749, -0.189208984, -0.578735352, 0.793212891, 0.902833249, 0.215202473, 0.372452888, 0, -0, 0, 0, 0, 0, 0, 0.195474365, 0.116181299, 0.0928274902, -0.643381626, 0.609452902, -0.463021433, -0.299316406, -0.756958008, -0.580688477, -0.704534056, -0.235067903, 0.669502082, 0, 1, 5, 1, 
140.55527, 18, 0.1, 0.1, 0.0284124076, 0.347085784, -0.0349724369, 0.983652336, -1.04231256e-005, -0.180077989, 0.180077989, -1.5823888e-006, 0.983652336, -1.05376853e-005, -1, 3.20455058e-007, 0.983652342, 7.65666128e-006, -0.180077956, 0.180077956, -1.97339921e-005, 0.983652342, 3.97783583e-006, -1, -2.07901835e-005, 0, 0, 0, 0, 0, 0, 0, 0.129382861, 0.122537524, 0.152997534, -0.386225924, 0.786388827, 0.481798749, -0.189208984, -0.578735352, 0.793212891, 0.902833249, 0.215202473, 0.372452888, 0, -0, 0, 0, 0, 0, 0, 0.196055859, 0.116062061, 0.0916981934, -0.640538717, 0.610143399, -0.466024757, -0.299194336, -0.757202148, -0.580322266, -0.707058336, -0.232294989, 0.667713507, 0, 1, 5, 1, 
140.555969, 18, 0.1, 0.1, 0.0284124026, 0.347085792, -0.0349726118, 0.983652324, -2.60289949e-006, -0.180078052, 0.180078052, 1.50846666e-005, 0.983652324, 1.56069243e-007, -1, 1.53067924e-005, 0.983652325, -1.53482713e-005, -0.180078049, 0.180078049, 2.08010832e-005, 0.983652325, -1.13515442e-005, -1, 2.32249206e-005, 0, 0, 0, 0, 0, 0, 0, 0.129382861, 0.122537524, 0.152997534, -0.386225924, 0.786388827, 0.481798749, -0.189208984, -0.578735352, 0.793212891, 0.902833249, 0.215202473, 0.372452888, 0, -0, 0, 0, 0, 0, 0, 0.196055859, 0.116062061, 0.0916981934, -0.640538717, 0.610143399, -0.466024757, -0.299194336, -0.757202148, -0.580322266, -0.707058336, -0.232294989, 0.667713507, 0, 1, 5, 1, 
140.556673, 18, 0.1, 0.1, 0.0284124055, 0.347085788, -0.0349718188, 0.983652364, -2.12577693e-006, -0.180077836, 0.180077836, -3.16124375e-005, 0.983652363, -7.78372482e-006, -0.999999999, -3.07128436e-005, 0.983652353, 1.18254994e-006, -0.180077896, 0.180077896, -3.16923905e-005, 0.983652352, -4.54388097e-006, -0.999999999, -3.13872456e-005, 0, 0, 0, 0, 0, 0, 0, 0.129382861, 0.122537524, 0.152997534, -0.386225924, 0.786388827, 0.481798749, -0.189208984, -0.578735352, 0.793212891, 0.902833249, 0.215202473, 0.372452888, 0, -0, 0, 0, 0, 0, 0, 0.196055859, 0.116062061, 0.0916981934, -0.640538717, 0.610143399, -0.466024757, -0.299194336, -0.757202148, -0.580322266, -0.707058336, -0.232294989, 0.667713507, 0, 1, 5, 1, 
140.557402, 18, 0.1, 0.1, 0.0284124065, 0.34708579, -0.0349700596, 0.983652413, -3.49066952e-006, -0.180077568, 0.180077568, 1.9851399e-005, 0.983652413, 1.41186172e-007, -1, 2.01554678e-005, 0.983652406, -4.08914333e-006, -0.180077606, 0.180077606, 1.53860154e-005, 0.983652406, -1.25161886e-006, -1, 1.58708542e-005, 0, 0, 0, 0, 0, 0, 0, 0.12960415, 0.12234834, 0.151610352, -0.386219932, 0.787143311, 0.480714764, -0.192382812, -0.578369141, 0.792724609, 0.902090749, 0.213723463, 0.374972821, 0, -0, 0, 0, 0, 0, 0, 0.196612695, 0.115939404, 0.0906355469, -0.638245213, 0.610859415, -0.468242069, -0.299560547, -0.757446289, -0.579833984, -0.709026648, -0.229764879, 0.66662126, 0, 1, 5, 1, 
140.558096, 18, 0.1, 0.1, 0.0284124079, 0.347085793, -0.034968329, 0.983652439, 3.09772306e-006, -0.180077425, 0.180077425, -7.86444217e-006, 0.983652439, 1.63087435e-006, -1, -8.29370771e-006, 0.983652433, 7.28236383e-006, -0.180077456, 0.180077456, -6.48894929e-006, 0.983652433, 5.99480142e-006, -1, -7.69426031e-006, 0, 0, 0, 0, 0, 0, 0, 0.12960415, 0.12234834, 0.151610352, -0.386219932, 0.787143311, 0.480714764, -0.192382812, -0.578369141, 0.792724609, 0.902090749, 0.213723463, 0.374972821, 0, -0, 0, 0, 0, 0, 0, 0.196612695, 0.115939404, 0.0906355469, -0.638245213, 0.610859415, -0.468242069, -0.299560547, -0.757446289, -0.579833984, -0.709026648, -0.229764879, 0.66662126, 0, 1, 5, 1, 
140.5588, 18, 0.1, 0.1, 0.0284124072, 0.347085797, -0.0349669789, 0.983652486, 1.13341059e-005, -0.180077167, 0.180077167, 5.05049698e-006, 0.983652486, 1.20583007e-005, -1, 2.92692023e-006, 0.983652475, -3.37116738e-006, -0.180077228, 0.180077228, 1.02032195e-005, 0.983652475, -1.47868965e-006, -1, 1.06434925e-005, 0, 0, 0, 0, 0, 0, 0, 0.12960415, 0.12234834, 0.151610352, -0.386219932, 0.787143311, 0.480714764, -0.192382812, -0.578369141, 0.792724609, 0.902090749, 0.213723463, 0.374972821, 0, -0, 0, 0, 0, 0, 0, 0.196612695, 0.115939404, 0.0906355469, -0.638245213, 0.610859415, -0.468242069, -0.299560547, -0.757446289, -0.579833984, -0.709026648, -0.229764879, 0.66662126, 0, 1, 5, 1, 
140.559503, 18, 0.1, 0.1, 0.0284124119, 0.347085796, -0.0349664439, 0.983652568, -1.40401069e-005, -0.180076721, 0.180076721, -3.51024659e-006, 0.983652568, -1.44427009e-005, -1, -9.24566658e-007, 0.983652551, 4.21972202e-006, -0.180076813, 0.180076814, -1.17777667e-005, 0.983652551, 2.02983763e-006, -1, -1.23451044e-005, 0, 0, 0, 0, 0, 0, 0, 0.12960415, 0.12234834, 0.151610352, -0.386219932, 0.787143311, 0.480714764, -0.192382812, -0.578369141, 0.792724609, 0.902090749, 0.213723463, 0.374972821, 0, -0, 0, 0, 0, 0, 0, 0.196612695, 0.115939404, 0.0906355469, -0.638245213, 0.610859415, -0.468242069, -0.299560547, -0.757446289, -0.579833984, -0.709026648, -0.229764879, 0.66662126, 0, 1, 5, 1, 
140.560212, 18, 0.1, 0.1, 0.0284124054, 0.347085805, -0.0349668619, 0.983652686, -2.7112695e-006, -0.180076079, 0.180076079, 1.80467706e-005, 0.983652685, 5.82844169e-007, -1, 1.82399892e-005, 0.983652659, -1.99265449e-005, -0.180076222, 0.180076223, 2.48567532e-005, 0.983652659, -1.51246886e-005, -0.999999999, 2.80387083e-005, 0, 0, 0, 0, 0, 0, 0, 0.12960415, 0.12234834, 0.151610352, -0.386219932, 0.787143311, 0.480714764, -0.192382812, -0.578369141, 0.792724609, 0.902090749, 0.213723463, 0.374972821, 0, -0, 0, 0, 0, 0, 0, 0.196612695, 0.115939404, 0.0906355469, -0.638245213, 0.610859415, -0.468242069, -0.299560547, -0.757446289, -0.579833984, -0.709026648, -0.229764879, 0.66662126, 0, 1, 5, 1, 
140.560909, 18, 0.1, 0.1, 0.0284124091, 0.3470858, -0.0349679152, 0.983652847, 4.42169613e-007, -0.180075197, 0.180075197, -3.52723125e-005, 0.983652846, -5.91672723e-006, -0.999999999, -3.47753344e-005, 0.983652813, 3.90165864e-006, -0.180075385, 0.180075385, -3.5187119e-005, 0.983652812, -2.4984565e-006, -0.999999999, -3.53145012e-005, 0, 0, 0, 0, 0, 0, 0, 0.12960415, 0.12234834, 0.151610352, -0.386219932, 0.787143311, 0.480714764, -0.192382812, -0.578369141, 0.792724609, 0.902090749, 0.213723463, 0.374972821, 0, -0, 0, 0, 0, 0, 0, 0.196612695, 0.115939404, 0.0906355469, -0.638245213, 0.610859415, -0.468242069, -0.299560547, -0.757446289, -0.579833984, -0.709026648, -0.229764879, 0.66662126, 0, 1, 5, 1, 
140.561627, 18, 0.1, 0.1, 0.0284124104, 0.347085802, -0.0349693572, 0.983653002, -1.13460833e-005, -0.180074353, 0.180074353, 1.87650358e-005, 0.983653001, -7.7815072e-006, -1, 2.05014224e-005, 0.983652976, -7.57673413e-007, -0.180074491, 0.180074491, 1.4785336e-005, 0.983652976, 1.91717415e-006, -1, 1.46800774e-005, 0, 0, 0, 0, 0, 0, 0, 0.12960415, 0.12234834, 0.151610352, -0.388733874, 0.787518118, 0.477994132, -0.195800781, -0.577636719, 0.792480469, 0.900264263, 0.214529243, 0.378864301, 0, -0, 0, 0, 0, 0, 0, 0.196612695, 0.115939404, 0.0906355469, -0.638245213, 0.610859415, -0.468242069, -0.299560547, -0.757446289, -0.579833984, -0.709026648, -0.229764879, 0.66662126, 0, 1, 5, 1, 
140.562347, 18, 0.1, 0.1, 0.0284124119, 0.347085804, -0.0349704204, 0.983653103, 2.20029219e-005, -0.180073796, 0.180073796, -2.1886076e-005, 0.983653103, 1.77021336e-005, -1, -2.54904562e-005, 0.983653085, 1.34499675e-005, -0.180073897, 0.180073897, -1.29715696e-005, 0.983653085, 1.08942609e-005, -1, -1.51815126e-005, 0, 0, 0, 0, 0, 0, 0, 0.129916602, 0.122593188, 0.150366943, -0.388733874, 0.787518118, 0.477994132, -0.195800781, -0.577636719, 0.792480469, 0.900264263, 0.214529243, 0.378864301, 0, -0, 0, 0, 0, 0, 0, 0.197162207, 0.115698584, 0.0895778809, -0.635530268, 0.61007377, -0.47304746, -0.29675293, -0.758544922, -0.579833984, -0.712669062, -0.228129055, 0.66329311, 0, 1, 5, 1, 
140.563043, 18, 0.1, 0.1, 0.0284124154, 0.347085801, -0.0349710549, 0.983653196, -1.55805609e-005, -0.180073288, 0.180073288, 7.21296022e-006, 0.983653197, -1.40270071e-005, -1, 9.90069421e-006, 0.983653175, -5.031594e-006, -0.180073404, 0.180073403, -8.46250731e-006, 0.983653175, -6.47321591e-006, -1, -7.41811594e-006, 0, 0, 0, 0, 0, 0, 0, 0.129916602, 0.122593188, 0.150366943, -0.388733874, 0.787518118, 0.477994132, -0.195800781, -0.577636719, 0.792480469, 0.900264263, 0.214529243, 0.378864301, 0, -0, 0, 0, 0, 0, 0, 0.197162207, 0.115698584, 0.0895778809, -0.635530268, 0.61007377, -0.47304746, -0.29675293, -0.758544922, -0.579833984, -0.712669062, -0.228129055, 0.66329311, 0, 1, 5, 1, 
140.563751, 18, 0.1, 0.1, 0.0284124141, 0.347085811, -0.0349711225, 0.983653322, 1.17718583e-005, -0.180072604, 0.180072604, 1.33039286e-005, 0.983653322, 1.39751006e-005, -1, 1.09666644e-005, 0.983653294, 3.03021262e-006, -0.180072753, 0.180072753, 2.29784356e-005, 0.983653294, 7.11846878e-006, -1, 2.20571551e-005, 0, 0, 0, 0, 0, 0, 0, 0.129916602, 0.122593188, 0.150366943, -0.388733874, 0.787518118, 0.477994132, -0.195800781, -0.577636719, 0.792480469, 0.900264263, 0.214529243, 0.378864301, 0, -0, 0, 0, 0, 0, 0, 0.197162207, 0.115698584, 0.0895778809, -0.635530268, 0.61007377, -0.47304746, -0.29675293, -0.758544922, -0.579833984, -0.712669062, -0.228129055, 0.66329311, 0, 1, 5, 1, 
140.564459, 18, 0.1, 0.1, 0.0284124156, 0.347085808, -0.0349706538, 0.98365349, -1.82757793e-005, -0.180071686, 0.180071685, -1.4173737e-005, 0.98365349, -2.05293228e-005, -1, -1.06510955e-005, 0.983653454, -9.2101347e-006, -0.180071883, 0.180071883, -1.96797232e-005, 0.983653454, -1.26033456e-005, -1, -1.76995414e-005, 0, 0, 0, 0, 0, 0, 0, 0.129916602, 0.122593188, 0.150366943, -0.388733874, 0.787518118, 0.477994132, -0.195800781, -0.577636719, 0.792480469, 0.900264263, 0.214529243, 0.378864301, 0, -0, 0, 0, 0, 0, 0, 0.197162207, 0.115698584, 0.0895778809, -0.635530268, 0.61007377, -0.47304746, -0.29675293, -0.758544922, -0.579833984, -0.712669062, -0.228129055, 0.66329311, 0, 1, 5, 1, 
