time, trialNum, realDorsalTactorPos, realVentralTactorPos, boxPosX, boxPosY, boxPosZ, boxLocalRot_11, boxLocalRot_12, boxLocalRot_13, boxLocalRot_21, boxLocalRot_22, boxLocalRot_23, boxLocalRot_31, boxLocalRot_32, boxLocalRot_33, boxGlobalRot_11, boxGlobalRot_12, boxGlobalRot_13, boxGlobalRot_21, boxGlobalRot_22, boxGlobalRot_23, boxGlobalRot_31, boxGlobalRot_32, boxGlobalRot_33, indexForceX, indexForceY, indexForceZ, indexForceGlobalX, indexForceGlobalY, indexForceGlobalZ, indexContact, indexPosX, indexPosY, indexPosZ, indexRot_11, indexRot_12, indexRot_13, indexRot_21, indexRot_22, indexRot_23, indexRot_31, indexRot_32, indexRot_33, thumbForceX, thumbForceY, thumbForceZ, thumbForceGlobalX, thumbForceGlobalY, thumbForceGlobalZ, thumbContact, thumbPosX, thumbPosY, thumbPosZ, thumbRot_11, thumbRot_12, thumbRot_13, thumbRot_21, thumbRot_22, thumbRot_23, thumbRot_31, thumbRot_32, thumbRot_33, manipForceTooHigh, cceExpType, mapping, trialSuccess, 
135.636572, 17, 0.1, 0.1, 0.0212312388, 0.336611383, -0.0349822491, 0.999985501, -0.00538499664, 3.94829742e-006, -0.00538499666, -0.999985501, 4.85642818e-006, 3.92208832e-006, -4.87761933e-006, -1, 0.999985499, -0.00538525925, 1.37212157e-005, -0.00538525938, -0.999985499, 9.11177395e-006, 1.36719475e-005, -9.18553413e-006, -1, 0, 0, 0, 0, 0, 0, 0, 0.142049561, 0.124211719, 0.168502344, -0.280871003, 0.780138468, 0.558818541, -0.146728516, -0.610229492, 0.778442383, 0.948437004, 0.136722819, 0.285975399, 0, -0, 0, 0, 0, 0, 0, 0.197581152, 0.116223926, 0.0999317383, -0.689840089, 0.579309627, -0.434031534, -0.359985352, -0.794677734, -0.488525391, -0.62803862, -0.180669758, 0.756873285, 0, 1, 5, 1, 
135.684722, 17, 0.1, 0.1, 0.0212312662, 0.336611403, -0.0349681996, 0.99998557, -0.00537203376, -1.7672587e-005, -0.00537203361, -0.99998557, 8.57507994e-006, -1.77183977e-005, -8.48001847e-006, -1, 0.999985571, -0.00537195367, -8.90376768e-006, -0.00537195364, -0.999985571, 3.01920636e-006, -8.91985824e-006, -2.97133217e-006, -1, 0, 0, 0, 0, 0, 0, 0, 0.142788403, 0.122698926, 0.15811499, -0.296335451, 0.798511143, 0.523905641, -0.183105469, -0.58581543, 0.789428711, 0.937414811, 0.138014999, 0.319931204, 0, -0, 0, 0, 0, 0, 0, 0.202155518, 0.113597998, 0.0924749512, -0.655547637, 0.590935031, -0.469823518, -0.353759766, -0.790161133, -0.500244141, -0.667026058, -0.161650186, 0.727212684, 0, 1, 5, 1, 
135.685421, 17, 0.1, 0.1, 0.0212312657, 0.336611402, -0.0349676496, 0.999985569, -0.00537233389, 1.62464187e-005, -0.00537233369, -0.999985569, -1.21456721e-005, 1.63114349e-005, 1.20582156e-005, -1, 0.999985569, -0.00537229764, 7.72296877e-006, -0.00537229754, -0.999985569, -1.34701575e-005, 7.79522302e-006, 1.3428473e-005, -1, 0, 0, 0, 0, 0, 0, 0, 0.142788403, 0.122698926, 0.15811499, -0.296335451, 0.798511143, 0.523905641, -0.183105469, -0.58581543, 0.789428711, 0.937414811, 0.138014999, 0.319931204, 0, -0, 0, 0, 0, 0, 0, 0.202155518, 0.113597998, 0.0924749512, -0.655547637, 0.590935031, -0.469823518, -0.353759766, -0.790161133, -0.500244141, -0.667026058, -0.161650186, 0.727212684, 0, 1, 5, 1, 
135.686131, 17, 0.1, 0.1, 0.0212312672, 0.336611405, -0.0349675231, 0.999985569, -0.00537233806, -1.93136916e-005, -0.00537233791, -0.999985569, 7.62047632e-006, -1.93543526e-005, -7.51660667e-006, -1, 0.999985569, -0.00537236602, -1.05552555e-005, -0.00537236587, -0.999985569, 1.37553807e-005, -1.06290021e-005, -1.36984755e-005, -1, 0, 0, 0, 0, 0, 0, 0, 0.142788403, 0.122698926, 0.15811499, -0.296335451, 0.798511143, 0.523905641, -0.183105469, -0.58581543, 0.789428711, 0.937414811, 0.138014999, 0.319931204, 0, -0, 0, 0, 0, 0, 0, 0.202155518, 0.113597998, 0.0924749512, -0.655547637, 0.590935031, -0.469823518, -0.353759766, -0.790161133, -0.500244141, -0.667026058, -0.161650186, 0.727212684, 0, 1, 5, 1, 
135.686836, 17, 0.1, 0.1, 0.0212312663, 0.336611405, -0.0349679892, 0.99998557, -0.00537203823, 1.57548767e-005, -0.00537203837, -0.99998557, 8.54311865e-006, 1.57087555e-005, -8.62763117e-006, -1, 0.99998557, -0.00537212136, 7.20464871e-006, -0.00537212134, -0.99998557, -2.99179366e-006, 7.22061703e-006, 2.95304624e-006, -1, 0, 0, 0, 0, 0, 0, 0, 0.142788403, 0.122698926, 0.15811499, -0.296335451, 0.798511143, 0.523905641, -0.183105469, -0.58581543, 0.789428711, 0.937414811, 0.138014999, 0.319931204, 0, -0, 0, 0, 0, 0, 0, 0.202155518, 0.113597998, 0.0924749512, -0.655547637, 0.590935031, -0.469823518, -0.353759766, -0.790161133, -0.500244141, -0.667026058, -0.161650186, 0.727212684, 0, 1, 5, 1, 
135.687542, 17, 0.1, 0.1, 0.0212312677, 0.336611407, -0.0349688275, 0.999985573, -0.0053716049, -1.89072254e-005, -0.00537160506, -0.999985573, -8.63328953e-006, -1.8860578e-005, 8.73472712e-006, -1, 0.999985572, -0.0053716919, -1.00335786e-005, -0.00537169193, -0.999985572, -2.94491635e-006, -1.00176146e-005, 2.99877115e-006, -1, 0, 0, 0, 0, 0, 0, 0, 0.142788403, 0.122698926, 0.15811499, -0.296335451, 0.798511143, 0.523905641, -0.183105469, -0.58581543, 0.789428711, 0.937414811, 0.138014999, 0.319931204, 0, -0, 0, 0, 0, 0, 0, 0.202155518, 0.113597998, 0.0924749512, -0.655547637, 0.590935031, -0.469823518, -0.353759766, -0.790161133, -0.500244141, -0.667026058, -0.161650186, 0.727212684, 0, 1, 5, 1, 
135.688242, 17, 0.1, 0.1, 0.0212312667, 0.336611409, -0.0349697214, 0.999985574, -0.00537128704, 1.47498746e-005, -0.0053712872, -0.999985574, 1.08227553e-005, 1.46915297e-005, -1.0901825e-005, -1, 0.999985574, -0.00537132729, 6.21159666e-006, -0.00537132736, -0.999985574, 1.18867382e-005, 6.14765949e-006, -1.19199313e-005, -1, 0, 0, 0, 0, 0, 0, 0, 0.142788403, 0.122698926, 0.15811499, -0.296335451, 0.798511143, 0.523905641, -0.183105469, -0.58581543, 0.789428711, 0.937414811, 0.138014999, 0.319931204, 0, -0, 0, 0, 0, 0, 0, 0.202155518, 0.113597998, 0.0924749512, -0.655547637, 0.590935031, -0.469823518, -0.353759766, -0.790161133, -0.500244141, -0.667026058, -0.161650186, 0.727212684, 0, 1, 5, 1, 
135.688973, 17, 0.1, 0.1, 0.0212312682, 0.336611407, -0.0349703333, 0.999985575, -0.00537125883, -1.7208582e-005, -0.00537125893, -0.999985575, -5.7674629e-006, -1.71773552e-005, 5.85981146e-006, -1, 0.999985575, -0.0053712352, -8.97414777e-006, -0.00537123531, -0.999985575, -1.21605616e-005, -8.90870108e-006, 1.22085884e-005, -1, 0, 0, 0, 0, 0, 0, 0, 0.142771167, 0.122606665, 0.15647085, -0.300937231, 0.800779081, 0.517782912, -0.184204102, -0.581542969, 0.792358398, 0.935671823, 0.142970246, 0.322631236, 0, -0, 0, 0, 0, 0, 0, 0.202155518, 0.113597998, 0.0924749512, -0.653733543, 0.588456326, -0.475459398, -0.350952148, -0.792480469, -0.498535156, -0.670272185, -0.159087626, 0.724779189, 0, 1, 5, 1, 
135.689799, 17, 0.1, 0.1, 0.0212312701, 0.336611408, -0.0349698235, 0.999985573, -0.00537158876, 2.41725003e-005, -0.00537158841, -0.999985573, -1.45221237e-005, 2.42501585e-005, 1.43920695e-005, -1, 0.999985574, -0.005371455, 1.20503706e-005, -0.00537145503, -0.999985574, 2.29322642e-006, 1.20378788e-005, -2.35792136e-006, -1, 0, 0, 0, 0, 0, 0, 0, 0.142771167, 0.122606665, 0.15647085, -0.300937231, 0.800779081, 0.517782912, -0.184204102, -0.581542969, 0.792358398, 0.935671823, 0.142970246, 0.322631236, 0, -0, 0, 0, 0, 0, 0, 0.202430518, 0.113041406, 0.0911579102, -0.653733543, 0.588456326, -0.475459398, -0.350952148, -0.792480469, -0.498535156, -0.670272185, -0.159087626, 0.724779189, 0, 1, 5, 1, 
135.690715, 17, 0.1, 0.1, 0.021231274, 0.336611405, -0.0349650352, 0.999985569, -0.00537218767, -2.21503928e-005, -0.0053721874, -0.99998557, 1.20762491e-005, -2.2214949e-005, -1.19570788e-005, -1, 0.99998557, -0.00537209947, -1.32012792e-005, -0.0053720994, -0.99998557, 5.19017427e-006, -1.32289708e-005, -5.11918079e-006, -1, 0, 0, 0, 0, 0, 0, 0, 0.142771167, 0.122606665, 0.15647085, -0.300937231, 0.800779081, 0.517782912, -0.184204102, -0.581542969, 0.792358398, 0.935671823, 0.142970246, 0.322631236, 0, -0, 0, 0, 0, 0, 0, 0.202430518, 0.113041406, 0.0911579102, -0.653733543, 0.588456326, -0.475459398, -0.350952148, -0.792480469, -0.498535156, -0.670272185, -0.159087626, 0.724779189, 0, 1, 5, 1, 
135.69141, 17, 0.1, 0.1, 0.0212312735, 0.336611405, -0.0349623446, 0.999985568, -0.00537252676, 2.10237761e-005, -0.00537252656, -0.999985568, -9.2951905e-006, 2.10734113e-005, 9.18210556e-006, -1, 0.999985568, -0.00537248676, 1.08790184e-005, -0.00537248665, -0.999985568, -1.09164087e-005, 1.09375097e-005, 1.08578038e-005, -1, 0, 0, 0, 0, 0, 0, 0, 0.142771167, 0.122606665, 0.15647085, -0.300937231, 0.800779081, 0.517782912, -0.184204102, -0.581542969, 0.792358398, 0.935671823, 0.142970246, 0.322631236, 0, -0, 0, 0, 0, 0, 0, 0.202430518, 0.113041406, 0.0911579102, -0.653733543, 0.588456326, -0.475459398, -0.350952148, -0.792480469, -0.498535156, -0.670272185, -0.159087626, 0.724779189, 0, 1, 5, 1, 
135.692115, 17, 0.1, 0.1, 0.021231276, 0.33661141, -0.0349618614, 0.999985568, -0.00537252319, -1.9367769e-005, -0.00537252293, -0.999985568, 1.32583077e-005, -1.943872e-005, -1.31540625e-005, -1, 0.999985568, -0.00537255736, -9.19261573e-006, -0.00537255717, -0.999985567, 2.06936318e-005, -9.30366078e-006, -2.06439453e-005, -1, 0, 0, 0, 0, 0, 0, 0, 0.142771167, 0.122606665, 0.15647085, -0.300937231, 0.800779081, 0.517782912, -0.184204102, -0.581542969, 0.792358398, 0.935671823, 0.142970246, 0.322631236, 0, -0, 0, 0, 0, 0, 0, 0.202430518, 0.113041406, 0.0911579102, -0.653733543, 0.588456326, -0.475459398, -0.350952148, -0.792480469, -0.498535156, -0.670272185, -0.159087626, 0.724779189, 0, 1, 5, 1, 
135.69282, 17, 0.1, 0.1, 0.0212312759, 0.33661141, -0.0349636938, 0.99998557, -0.00537216469, 2.11791104e-005, -0.00537216495, -0.99998557, 1.21903974e-005, 2.1113316e-005, -1.23039991e-005, -1, 0.999985569, -0.00537226246, 1.13744017e-005, -0.00537226246, -0.999985569, -4.53157901e-007, 1.1376672e-005, 3.92045091e-007, -1, 0, 0, 0, 0, 0, 0, 0, 0.142771167, 0.122606665, 0.15647085, -0.300937231, 0.800779081, 0.517782912, -0.184204102, -0.581542969, 0.792358398, 0.935671823, 0.142970246, 0.322631236, 0, -0, 0, 0, 0, 0, 0, 0.202430518, 0.113041406, 0.0911579102, -0.653733543, 0.588456326, -0.475459398, -0.350952148, -0.792480469, -0.498535156, -0.670272185, -0.159087626, 0.724779189, 0, 1, 5, 1, 
135.693555, 17, 0.1, 0.1, 0.0212312784, 0.336611414, -0.0349671145, 0.999985572, -0.0053716412, -1.82012158e-005, -0.00537164135, -0.999985573, -8.13408328e-006, -1.81572599e-005, 8.23173633e-006, -1, 0.999985572, -0.00537175924, -6.56161943e-006, -0.00537175925, -0.999985572, -5.46662691e-007, -6.55858822e-006, 5.81902244e-007, -1, 0, 0, 0, 0, 0, 0, 0, 0.142771167, 0.122606665, 0.15647085, -0.303114558, 0.80335031, 0.512402683, -0.186889648, -0.577392578, 0.794677734, 0.934409982, 0.145158434, 0.32533726, 0, -0, 0, 0, 0, 0, 0, 0.202430518, 0.113041406, 0.0911579102, -0.653733543, 0.588456326, -0.475459398, -0.350952148, -0.792480469, -0.498535156, -0.670272185, -0.159087626, 0.724779189, 0, 1, 5, 1, 
135.694269, 17, 0.1, 0.1, 0.0212312766, 0.336611415, -0.0349703988, 0.999985575, -0.00537125495, 1.23348421e-005, -0.00537125507, -0.999985575, 9.71236991e-006, 1.22824965e-005, -9.77848339e-006, -1, 0.999985574, -0.00537130683, 4.1447307e-006, -0.00537130688, -0.999985574, 1.08801971e-005, 4.08623003e-006, -1.09023028e-005, -1, 0, 0, 0, 0, 0, 0, 0, 0.142879297, 0.121851758, 0.154864673, -0.303114558, 0.80335031, 0.512402683, -0.186889648, -0.577392578, 0.794677734, 0.934409982, 0.145158434, 0.32533726, 0, -0, 0, 0, 0, 0, 0, 0.202960254, 0.112319922, 0.0900724121, -0.651421083, 0.586642232, -0.480973875, -0.348876953, -0.794555664, -0.496704102, -0.673588675, -0.155841499, 0.722358453, 0, 1, 5, 1, 
135.694974, 17, 0.1, 0.1, 0.0212312778, 0.336611413, -0.0349730901, 0.999985575, -0.00537115957, -1.58050177e-005, -0.0053711597, -0.999985575, -8.02507944e-006, -1.57616858e-005, 8.10985495e-006, -1, 0.999985575, -0.00537115359, -8.74637667e-006, -0.0053711537, -0.999985575, -1.29701286e-005, -8.67658595e-006, 1.30169196e-005, -1, 0, 0, 0, 0, 0, 0, 0, 0.142879297, 0.121851758, 0.154864673, -0.303114558, 0.80335031, 0.512402683, -0.186889648, -0.577392578, 0.794677734, 0.934409982, 0.145158434, 0.32533726, 0, -0, 0, 0, 0, 0, 0, 0.202960254, 0.112319922, 0.0900724121, -0.651421083, 0.586642232, -0.480973875, -0.348876953, -0.794555664, -0.496704102, -0.673588675, -0.155841499, 0.722358453, 0, 1, 5, 1, 
135.695677, 17, 0.1, 0.1, 0.0212312772, 0.336611414, -0.0349745044, 0.999985574, -0.00537132254, 1.2882058e-005, -0.00537132243, -0.999985574, -8.64826278e-006, 1.29283248e-005, 8.57894434e-006, -1, 0.999985575, -0.00537126991, 5.85802227e-006, -0.00537126992, -0.999985575, 4.60839601e-007, 5.85546247e-006, -4.92297972e-007, -1, 0, 0, 0, 0, 0, 0, 0, 0.142879297, 0.121851758, 0.154864673, -0.303114558, 0.80335031, 0.512402683, -0.186889648, -0.577392578, 0.794677734, 0.934409982, 0.145158434, 0.32533726, 0, -0, 0, 0, 0, 0, 0, 0.202960254, 0.112319922, 0.0900724121, -0.651421083, 0.586642232, -0.480973875, -0.348876953, -0.794555664, -0.496704102, -0.673588675, -0.155841499, 0.722358453, 0, 1, 5, 1, 
135.6964, 17, 0.1, 0.1, 0.0212312786, 0.336611413, -0.034974149, 0.999985573, -0.00537160389, -1.4253401e-005, -0.00537160377, -0.999985573, 8.43042972e-006, -1.42984803e-005, -8.35374447e-006, -1, 0.999985573, -0.00537155131, -8.03826929e-006, -0.00537155128, -0.999985573, 3.6272739e-006, -8.05763741e-006, -3.58404359e-006, -1, 0, 0, 0, 0, 0, 0, 0, 0.14303479, 0.121303125, 0.152865845, -0.304415712, 0.805578934, 0.508227006, -0.187133789, -0.573730469, 0.797363281, 0.933998105, 0.147524477, 0.325504254, 0, -0, 0, 0, 0, 0, 0, 0.203234033, 0.111580127, 0.0884138672, -0.64996463, 0.584598094, -0.485376416, -0.347412109, -0.796630859, -0.494384766, -0.675767707, -0.152742293, 0.721036528, 0, 1, 5, 1, 
135.697101, 17, 0.1, 0.1, 0.0212312792, 0.336611413, -0.0349722579, 0.999985572, -0.00537180366, 1.77301996e-005, -0.00537180352, -0.999985572, -7.89131025e-006, 1.77723343e-005, 7.79595324e-006, -1, 0.999985572, -0.00537178343, 1.03759116e-005, -0.00537178333, -0.999985572, -9.05862718e-006, 1.04244229e-005, 9.00275933e-006, -1, 0, 0, 0, 0, 0, 0, 0, 0.14303479, 0.121303125, 0.152865845, -0.304415712, 0.805578934, 0.508227006, -0.187133789, -0.573730469, 0.797363281, 0.933998105, 0.147524477, 0.325504254, 0, -0, 0, 0, 0, 0, 0, 0.203234033, 0.111580127, 0.0884138672, -0.64996463, 0.584598094, -0.485376416, -0.347412109, -0.796630859, -0.494384766, -0.675767707, -0.152742293, 0.721036528, 0, 1, 5, 1, 
135.697806, 17, 0.1, 0.1, 0.0212312812, 0.336611416, -0.0349696845, 0.999985572, -0.00537175301, -1.55551095e-005, -0.0053717529, -0.999985572, 7.11864835e-006, -1.55931247e-005, -7.03498744e-006, -1, 0.999985572, -0.00537178908, -7.54272485e-006, -0.00537178898, -0.999985572, 1.33535844e-005, -7.61434866e-006, -1.33128738e-005, -1, 0, 0, 0, 0, 0, 0, 0, 0.14303479, 0.121303125, 0.152865845, -0.304415712, 0.805578934, 0.508227006, -0.187133789, -0.573730469, 0.797363281, 0.933998105, 0.147524477, 0.325504254, 0, -0, 0, 0, 0, 0, 0, 0.203234033, 0.111580127, 0.0884138672, -0.64996463, 0.584598094, -0.485376416, -0.347412109, -0.796630859, -0.494384766, -0.675767707, -0.152742293, 0.721036528, 0, 1, 5, 1, 
135.698499, 17, 0.1, 0.1, 0.0212312817, 0.336611416, -0.0349672538, 0.999985574, -0.00537142841, 1.98672328e-005, -0.00537142859, -0.999985574, 8.68828403e-006, 1.98202777e-005, -8.79487411e-006, -1, 0.999985573, -0.00537151587, 1.14876756e-005, -0.00537151584, -0.999985573, -2.91454307e-006, 1.15031654e-005, 2.85279479e-006, -1, 0, 0, 0, 0, 0, 0, 0, 0.14303479, 0.121303125, 0.152865845, -0.304415712, 0.805578934, 0.508227006, -0.187133789, -0.573730469, 0.797363281, 0.933998105, 0.147524477, 0.325504254, 0, -0, 0, 0, 0, 0, 0, 0.203234033, 0.111580127, 0.0884138672, -0.64996463, 0.584598094, -0.485376416, -0.347412109, -0.796630859, -0.494384766, -0.675767707, -0.152742293, 0.721036528, 0, 1, 5, 1, 
135.699211, 17, 0.1, 0.1, 0.0212312837, 0.336611418, -0.0349654761, 0.999985576, -0.00537095897, -1.95312724e-005, -0.00537095918, -0.999985576, -1.07944143e-005, -1.94730143e-005, 1.08991603e-005, -1, 0.999985576, -0.005371048, -1.00205013e-005, -0.00537104805, -0.999985576, -4.77041603e-006, -9.99473466e-006, 4.82416781e-006, -1, 0, 0, 0, 0, 0, 0, 0, 0.14303479, 0.121303125, 0.152865845, -0.304415712, 0.805578934, 0.508227006, -0.187133789, -0.573730469, 0.797363281, 0.933998105, 0.147524477, 0.325504254, 0, -0, 0, 0, 0, 0, 0, 0.203234033, 0.111580127, 0.0884138672, -0.64996463, 0.584598094, -0.485376416, -0.347412109, -0.796630859, -0.494384766, -0.675767707, -0.152742293, 0.721036528, 0, 1, 5, 1, 
135.699918, 17, 0.1, 0.1, 0.021231283, 0.33661142, -0.0349649706, 0.999985578, -0.00537061814, 1.86607078e-005, -0.00537061836, -0.999985578, 1.17479347e-005, 1.8597345e-005, -1.18479848e-005, -1, 0.999985578, -0.00537065925, 9.35910434e-006, -0.00537065937, -0.999985578, 1.32641844e-005, 9.28773195e-006, -1.33142576e-005, -1, 0, 0, 0, 0, 0, 0, 0, 0.14303479, 0.121303125, 0.152865845, -0.304415712, 0.805578934, 0.508227006, -0.187133789, -0.573730469, 0.797363281, 0.933998105, 0.147524477, 0.325504254, 0, -0, 0, 0, 0, 0, 0, 0.203234033, 0.111580127, 0.0884138672, -0.64996463, 0.584598094, -0.485376416, -0.347412109, -0.796630859, -0.494384766, -0.675767707, -0.152742293, 0.721036528, 0, 1, 5, 1, 
135.700623, 17, 0.1, 0.1, 0.0212312847, 0.336611417, -0.034965801, 0.999985578, -0.00537060429, -1.95960313e-005, -0.00537060446, -0.999985578, -8.34072709e-006, -1.9550954e-005, 8.44584933e-006, -1, 0.999985578, -0.00537057489, -9.83600904e-006, -0.00537057504, -0.999985578, -1.51418423e-005, -9.75454679e-006, 1.5194449e-005, -1, 0, 0, 0, 0, 0, 0, 0, 0.14303479, 0.121303125, 0.152865845, -0.304415712, 0.805578934, 0.508227006, -0.187133789, -0.573730469, 0.797363281, 0.933998105, 0.147524477, 0.325504254, 0, -0, 0, 0, 0, 0, 0, 0.203234033, 0.111580127, 0.0884138672, -0.64996463, 0.584598094, -0.485376416, -0.347412109, -0.796630859, -0.494384766, -0.675767707, -0.152742293, 0.721036528, 0, 1, 5, 1, 
135.701346, 17, 0.1, 0.1, 0.0212312834, 0.336611419, -0.0349673919, 0.999985576, -0.00537092321, 1.59612189e-005, -0.00537092308, -0.999985576, -8.13779279e-006, 1.60046961e-005, 8.05194894e-006, -1, 0.999985577, -0.00537083717, 7.35224578e-006, -0.0053708372, -0.999985577, 3.73049094e-006, 7.33210388e-006, -3.76992485e-006, -1, 0, 0, 0, 0, 0, 0, 0, 0.142996558, 0.120757544, 0.15121084, -0.309417387, 0.80768212, 0.501882238, -0.188476562, -0.569335938, 0.800170898, 0.93207127, 0.153000186, 0.328363046, 0, -0, 0, 0, 0, 0, 0, 0.203735693, 0.11080542, 0.0868918945, -0.648176055, 0.58208111, -0.490782252, -0.344848633, -0.799072266, -0.49230957, -0.67877103, -0.149815528, 0.718749954, 0, 1, 5, 1, 
135.702053, 17, 0.1, 0.1, 0.0212312849, 0.336611418, -0.0349693383, 0.999985574, -0.00537137348, -1.77172227e-005, -0.00537137334, -0.999985574, 8.18876391e-006, -1.7760952e-005, -8.09347996e-006, -1, 0.999985574, -0.00537128748, -9.37317417e-006, -0.00537128745, -0.999985575, 2.81097374e-006, -9.38813751e-006, -2.76058718e-006, -1, 0, 0, 0, 0, 0, 0, 0, 0.142996558, 0.120757544, 0.15121084, -0.309417387, 0.80768212, 0.501882238, -0.188476562, -0.569335938, 0.800170898, 0.93207127, 0.153000186, 0.328363046, 0, -0, 0, 0, 0, 0, 0, 0.203735693, 0.11080542, 0.0868918945, -0.648176055, 0.58208111, -0.490782252, -0.344848633, -0.799072266, -0.49230957, -0.67877103, -0.149815528, 0.718749954, 0, 1, 5, 1, 
135.70276, 17, 0.1, 0.1, 0.0212312839, 0.336611417, -0.0349711668, 0.999985572, -0.00537170679, 1.4485018e-005, -0.00537170662, -0.999985572, -1.12386682e-005, 1.45451798e-005, 1.11606968e-005, -1, 0.999985572, -0.00537166282, 6.22132267e-006, -0.00537166274, -0.999985572, -1.21029479e-005, 6.28624587e-006, 1.20693544e-005, -1, 0, 0, 0, 0, 0, 0, 0, 0.142996558, 0.120757544, 0.15121084, -0.309417387, 0.80768212, 0.501882238, -0.188476562, -0.569335938, 0.800170898, 0.93207127, 0.153000186, 0.328363046, 0, -0, 0, 0, 0, 0, 0, 0.203735693, 0.11080542, 0.0868918945, -0.648176055, 0.58208111, -0.490782252, -0.344848633, -0.799072266, -0.49230957, -0.67877103, -0.149815528, 0.718749954, 0, 1, 5, 1, 
135.703456, 17, 0.1, 0.1, 0.0212312858, 0.336611419, -0.0349723117, 0.999985572, -0.00537176539, -1.39014711e-005, -0.00537176532, -0.999985572, 4.75708246e-006, -1.39268245e-005, -4.68233838e-006, -1, 0.999985572, -0.00537177802, -6.7270993e-006, -0.00537177795, -0.999985572, 9.98137499e-006, -6.78061997e-006, -9.94509449e-006, -1, 0, 0, 0, 0, 0, 0, 0, 0.142996558, 0.120757544, 0.15121084, -0.309417387, 0.80768212, 0.501882238, -0.188476562, -0.569335938, 0.800170898, 0.93207127, 0.153000186, 0.328363046, 0, -0, 0, 0, 0, 0, 0, 0.203735693, 0.11080542, 0.0868918945, -0.648176055, 0.58208111, -0.490782252, -0.344848633, -0.799072266, -0.49230957, -0.67877103, -0.149815528, 0.718749954, 0, 1, 5, 1, 
135.704164, 17, 0.1, 0.1, 0.0212312858, 0.336611418, -0.0349724442, 0.999985573, -0.0053715605, 1.60264656e-005, -0.00537156058, -0.999985573, 5.02786249e-006, 1.59992269e-005, -5.11387708e-006, -1, 0.999985573, -0.00537162119, 8.79222865e-006, -0.00537162115, -0.999985573, -4.89171989e-006, 8.81837827e-006, 4.8444208e-006, -1, 0, 0, 0, 0, 0, 0, 0, 0.142996558, 0.120757544, 0.15121084, -0.309417387, 0.80768212, 0.501882238, -0.188476562, -0.569335938, 0.800170898, 0.93207127, 0.153000186, 0.328363046, 0, -0, 0, 0, 0, 0, 0, 0.203735693, 0.11080542, 0.0868918945, -0.648176055, 0.58208111, -0.490782252, -0.344848633, -0.799072266, -0.49230957, -0.67877103, -0.149815528, 0.718749954, 0, 1, 5, 1, 
135.704868, 17, 0.1, 0.1, 0.0212312875, 0.336611419, -0.0349716779, 0.999985575, -0.00537123216, -1.5668421e-005, -0.00537123231, -0.999985575, -9.75776422e-006, -1.56157837e-005, 9.84178219e-006, -1, 0.999985574, -0.0053712947, -8.077798e-006, -0.00537129474, -0.999985574, -5.29776498e-006, -8.04922562e-006, 5.34107679e-006, -1, 0, 0, 0, 0, 0, 0, 0, 0.142996558, 0.120757544, 0.15121084, -0.309417387, 0.80768212, 0.501882238, -0.188476562, -0.569335938, 0.800170898, 0.93207127, 0.153000186, 0.328363046, 0, -0, 0, 0, 0, 0, 0, 0.203735693, 0.11080542, 0.0868918945, -0.648176055, 0.58208111, -0.490782252, -0.344848633, -0.799072266, -0.49230957, -0.67877103, -0.149815528, 0.718749954, 0, 1, 5, 1, 
135.70562, 17, 0.1, 0.1, 0.021231288, 0.336611421, -0.0349700231, 0.999985576, -0.00537100189, 1.88899094e-005, -0.00537100208, -0.999985576, 9.73644288e-006, 1.88373425e-005, -9.83776018e-006, -1, 0.999985576, -0.00537103059, 8.27884085e-006, -0.00537103068, -0.999985576, 1.12198428e-005, 8.21845931e-006, -1.12641468e-005, -1, 0, 0, 0, 0, 0, 0, 0, 0.142996558, 0.120757544, 0.15121084, -0.312375406, 0.809987128, 0.496159403, -0.190917969, -0.565185547, 0.802490234, 0.930562303, 0.155848499, 0.331246925, 0, -0, 0, 0, 0, 0, 0, 0.203735693, 0.11080542, 0.0868918945, -0.648176055, 0.58208111, -0.490782252, -0.344848633, -0.799072266, -0.49230957, -0.67877103, -0.149815528, 0.718749954, 0, 1, 5, 1, 
135.706331, 17, 0.1, 0.1, 0.02123129, 0.336611418, -0.0349677039, 0.999985576, -0.00537105814, -1.76459166e-005, -0.00537105826, -0.999985576, -6.36297057e-006, -1.76114862e-005, 6.45765603e-006, -1, 0.999985576, -0.00537101944, -8.92456266e-006, -0.00537101956, -0.999985576, -1.30915229e-005, -8.8541191e-006, 1.3139268e-005, -1, 0, 0, 0, 0, 0, 0, 0, 0.142840796, 0.11999104, 0.149364453, -0.312375406, 0.809987128, 0.496159403, -0.190917969, -0.565185547, 0.802490234, 0.930562303, 0.155848499, 0.331246925, 0, -0, 0, 0, 0, 0, 0, 0.204052197, 0.109868994, 0.0853865234, -0.645754953, 0.580388417, -0.495945285, -0.343139648, -0.80078125, -0.490600586, -0.681953358, -0.146556642, 0.7164889, 0, 1, 5, 1, 
135.707041, 17, 0.1, 0.1, 0.0212312896, 0.336611421, -0.0349660152, 0.999985574, -0.00537141895, 1.82295583e-005, -0.00537141883, -0.999985574, -6.85680357e-006, 1.82661261e-005, 6.75878605e-006, -1, 0.999985574, -0.00537132437, 9.75514228e-006, -0.00537132442, -0.999985574, 5.28269268e-006, 9.72662649e-006, -5.3350145e-006, -1, 0, 0, 0, 0, 0, 0, 0, 0.142840796, 0.11999104, 0.149364453, -0.312375406, 0.809987128, 0.496159403, -0.190917969, -0.565185547, 0.802490234, 0.930562303, 0.155848499, 0.331246925, 0, -0, 0, 0, 0, 0, 0, 0.204052197, 0.109868994, 0.0853865234, -0.645754953, 0.580388417, -0.495945285, -0.343139648, -0.80078125, -0.490600586, -0.681953358, -0.146556642, 0.7164889, 0, 1, 5, 1, 
135.70775, 17, 0.1, 0.1, 0.0212312905, 0.336611421, -0.0349654149, 0.999985571, -0.00537191954, -2.25848659e-005, -0.00537191922, -0.999985571, 1.42240397e-005, -2.26609504e-005, -1.41025103e-005, -1, 0.999985572, -0.00537182416, -1.31124431e-005, -0.00537182406, -0.999985572, 8.10780768e-006, -1.31558076e-005, -8.03725296e-006, -1, 0, 0, 0, 0, 0, 0, 0, 0.142840796, 0.11999104, 0.149364453, -0.312375406, 0.809987128, 0.496159403, -0.190917969, -0.565185547, 0.802490234, 0.930562303, 0.155848499, 0.331246925, 0, -0, 0, 0, 0, 0, 0, 0.204052197, 0.109868994, 0.0853865234, -0.645754953, 0.580388417, -0.495945285, -0.343139648, -0.80078125, -0.490600586, -0.681953358, -0.146556642, 0.7164889, 0, 1, 5, 1, 
135.70845, 17, 0.1, 0.1, 0.0212312886, 0.336611421, -0.0349659755, 0.999985569, -0.00537228638, 1.51772677e-005, -0.00537228626, -0.999985569, -8.4854954e-006, 1.52226352e-005, 8.40383632e-006, -1, 0.999985569, -0.00537223925, 5.54771716e-006, -0.0053722392, -0.999985569, -9.42614777e-006, 5.59827662e-006, 9.39620808e-006, -1, 0, 0, 0, 0, 0, 0, 0, 0.142840796, 0.11999104, 0.149364453, -0.312375406, 0.809987128, 0.496159403, -0.190917969, -0.565185547, 0.802490234, 0.930562303, 0.155848499, 0.331246925, 0, -0, 0, 0, 0, 0, 0, 0.204052197, 0.109868994, 0.0853865234, -0.645754953, 0.580388417, -0.495945285, -0.343139648, -0.80078125, -0.490600586, -0.681953358, -0.146556642, 0.7164889, 0, 1, 5, 1, 
135.709169, 17, 0.1, 0.1, 0.0212312903, 0.336611426, -0.0349673131, 0.999985569, -0.00537233764, -1.75487275e-005, -0.00537233745, -0.999985569, 1.04727737e-005, -1.76047375e-005, -1.03783449e-005, -1, 0.999985569, -0.00537235703, -9.07687883e-006, -0.00537235687, -0.999985569, 1.70189425e-005, -9.16817967e-006, -1.69699327e-005, -1, 0, 0, 0, 0, 0, 0, 0, 0.142840796, 0.11999104, 0.149364453, -0.312375406, 0.809987128, 0.496159403, -0.190917969, -0.565185547, 0.802490234, 0.930562303, 0.155848499, 0.331246925, 0, -0, 0, 0, 0, 0, 0, 0.204052197, 0.109868994, 0.0853865234, -0.645754953, 0.580388417, -0.495945285, -0.343139648, -0.80078125, -0.490600586, -0.681953358, -0.146556642, 0.7164889, 0, 1, 5, 1, 
135.709875, 17, 0.1, 0.1, 0.02123129, 0.336611425, -0.0349691543, 0.99998557, -0.00537207437, 1.78669392e-005, -0.00537207452, -0.99998557, 8.3405201e-006, 1.78218755e-005, -8.43638228e-006, -1, 0.99998557, -0.00537214933, 9.44619381e-006, -0.00537214931, -0.99998557, -2.15224566e-006, 9.45761968e-006, 2.10146824e-006, -1, 0, 0, 0, 0, 0, 0, 0, 0.142840796, 0.11999104, 0.149364453, -0.312375406, 0.809987128, 0.496159403, -0.190917969, -0.565185547, 0.802490234, 0.930562303, 0.155848499, 0.331246925, 0, -0, 0, 0, 0, 0, 0, 0.204052197, 0.109868994, 0.0853865234, -0.645754953, 0.580388417, -0.495945285, -0.343139648, -0.80078125, -0.490600586, -0.681953358, -0.146556642, 0.7164889, 0, 1, 5, 1, 
135.710613, 17, 0.1, 0.1, 0.021231292, 0.336611427, -0.0349708652, 0.999985572, -0.00537166562, -1.64768937e-005, -0.00537166579, -0.999985572, -1.02338746e-005, -1.64216831e-005, 1.03222354e-005, -1, 0.999985572, -0.0053717536, -6.96068398e-006, -0.00537175363, -0.999985572, -4.17451044e-006, -6.93815911e-006, 4.21184129e-006, -1, 0, 0, 0, 0, 0, 0, 0, 0.143226978, 0.119003979, 0.146898877, -0.313536897, 0.812330327, 0.491628016, -0.190429687, -0.561035156, 0.805541992, 0.930251898, 0.158937947, 0.330728707, 0, -0, 0, 0, 0, 0, 0, 0.204052197, 0.109868994, 0.0853865234, -0.644189859, 0.578746764, -0.499849459, -0.342041016, -0.802490234, -0.488525391, -0.683998229, -0.143783361, 0.715096613, 0, 1, 5, 1, 
135.711314, 17, 0.1, 0.1, 0.021231291, 0.336611428, -0.0349716072, 0.999985574, -0.00537138238, 1.40861576e-005, -0.00537138249, -0.999985574, 7.90118959e-006, 1.40435141e-005, -7.97673775e-006, -1, 0.999985574, -0.00537141716, 6.35633688e-006, -0.00537141722, -0.999985574, 8.88891343e-006, 6.30849912e-006, -8.92292774e-006, -1, 0, 0, 0, 0, 0, 0, 0, 0.143226978, 0.119003979, 0.146898877, -0.313536897, 0.812330327, 0.491628016, -0.190429687, -0.561035156, 0.805541992, 0.930251898, 0.158937947, 0.330728707, 0, -0, 0, 0, 0, 0, 0, 0.204559229, 0.108925732, 0.0835362305, -0.644189859, 0.578746764, -0.499849459, -0.342041016, -0.802490234, -0.488525391, -0.683998229, -0.143783361, 0.715096613, 0, 1, 5, 1, 
135.712021, 17, 0.1, 0.1, 0.0212312924, 0.336611425, -0.0349715924, 0.999985574, -0.00537136097, -1.5819583e-005, -0.0053713611, -0.999985574, -7.75933041e-006, -1.57776767e-005, 7.84419117e-006, -1, 0.999985574, -0.00537134061, -8.57953398e-006, -0.00537134073, -0.999985574, -1.34655525e-005, -8.50708215e-006, 1.35114418e-005, -1, 0, 0, 0, 0, 0, 0, 0, 0.143226978, 0.119003979, 0.146898877, -0.313536897, 0.812330327, 0.491628016, -0.190429687, -0.561035156, 0.805541992, 0.930251898, 0.158937947, 0.330728707, 0, -0, 0, 0, 0, 0, 0, 0.204559229, 0.108925732, 0.0835362305, -0.644189859, 0.578746764, -0.499849459, -0.342041016, -0.802490234, -0.488525391, -0.683998229, -0.143783361, 0.715096613, 0, 1, 5, 1, 
135.712729, 17, 0.1, 0.1, 0.0212312923, 0.336611427, -0.0349708976, 0.999985573, -0.00537161118, 1.69823967e-005, -0.00537161103, -0.999985573, -8.51612853e-006, 1.7027897e-005, 8.42478284e-006, -1, 0.999985573, -0.00537154006, 9.39635695e-006, -0.00537154008, -0.999985573, 1.82558832e-006, 9.38641517e-006, -1.87603489e-006, -1, 0, 0, 0, 0, 0, 0, 0, 0.143226978, 0.119003979, 0.146898877, -0.319516215, 0.814471706, 0.48406559, -0.193237305, -0.556152344, 0.808227539, 0.927614763, 0.164654791, 0.335263459, 0, -0, 0, 0, 0, 0, 0, 0.204559229, 0.108925732, 0.0835362305, -0.644189859, 0.578746764, -0.499849459, -0.342041016, -0.802490234, -0.488525391, -0.683998229, -0.143783361, 0.715096613, 0, 1, 5, 1, 
135.713457, 17, 0.1, 0.1, 0.0212312942, 0.336611425, -0.0349694098, 0.999985571, -0.00537199893, -1.69067017e-005, -0.00537199877, -0.999985571, 9.5011717e-006, -1.69574981e-005, -9.41021182e-006, -1, 0.999985571, -0.00537192722, -8.78659757e-006, -0.00537192719, -0.999985571, 4.02343031e-006, -8.80808436e-006, -3.97617129e-006, -1, 0, 0, 0, 0, 0, 0, 0, 0.142913379, 0.118461084, 0.144963501, -0.319516215, 0.814471706, 0.48406559, -0.193237305, -0.556152344, 0.808227539, 0.927614763, 0.164654791, 0.335263459, 0, -0, 0, 0, 0, 0, 0, 0.204840332, 0.108064355, 0.0818775391, -0.641871202, 0.575226484, -0.506801799, -0.337158203, -0.805419922, -0.487182617, -0.688541494, -0.141821246, 0.711174582, 0, 1, 5, 1, 
135.714162, 17, 0.1, 0.1, 0.0212312937, 0.336611425, -0.0349679699, 0.999985569, -0.00537226955, 1.76530108e-005, -0.00537226937, -0.999985569, -1.02563386e-005, 1.77078559e-005, 1.01613539e-005, -1, 0.999985569, -0.00537223961, 9.2122488e-006, -0.00537223951, -0.999985569, -1.16773633e-005, 9.27484946e-006, 1.16277044e-005, -1, 0, 0, 0, 0, 0, 0, 0, 0.142913379, 0.118461084, 0.144963501, -0.319516215, 0.814471706, 0.48406559, -0.193237305, -0.556152344, 0.808227539, 0.927614763, 0.164654791, 0.335263459, 0, -0, 0, 0, 0, 0, 0, 0.204840332, 0.108064355, 0.0818775391, -0.641871202, 0.575226484, -0.506801799, -0.337158203, -0.805419922, -0.487182617, -0.688541494, -0.141821246, 0.711174582, 0, 1, 5, 1, 
135.714868, 17, 0.1, 0.1, 0.0212312952, 0.336611428, -0.034967042, 0.999985569, -0.00537224327, -1.87844556e-005, -0.00537224311, -0.999985569, 8.92323382e-006, -1.88321223e-005, -8.82219039e-006, -1, 0.999985569, -0.005372277, -1.00371345e-005, -0.00537227685, -0.999985569, 1.52420109e-005, -1.0118874e-005, -1.51878686e-005, -1, 0, 0, 0, 0, 0, 0, 0, 0.142913379, 0.118461084, 0.144963501, -0.319516215, 0.814471706, 0.48406559, -0.193237305, -0.556152344, 0.808227539, 0.927614763, 0.164654791, 0.335263459, 0, -0, 0, 0, 0, 0, 0, 0.204840332, 0.108064355, 0.0818775391, -0.641871202, 0.575226484, -0.506801799, -0.337158203, -0.805419922, -0.487182617, -0.688541494, -0.141821246, 0.711174582, 0, 1, 5, 1, 
135.715578, 17, 0.1, 0.1, 0.0212312946, 0.336611428, -0.0349668889, 0.999985571, -0.00537190713, 1.79943342e-005, -0.00537190733, -0.999985571, 1.08707534e-005, 1.79356779e-005, -1.09672605e-005, -1, 0.999985571, -0.00537200664, 8.3690447e-006, -0.00537200663, -0.999985571, -2.03359784e-006, 8.37984845e-006, 1.98860993e-006, -1, 0, 0, 0, 0, 0, 0, 0, 0.142913379, 0.118461084, 0.144963501, -0.319516215, 0.814471706, 0.48406559, -0.193237305, -0.556152344, 0.808227539, 0.927614763, 0.164654791, 0.335263459, 0, -0, 0, 0, 0, 0, 0, 0.204840332, 0.108064355, 0.0818775391, -0.641871202, 0.575226484, -0.506801799, -0.337158203, -0.805419922, -0.487182617, -0.688541494, -0.141821246, 0.711174582, 0, 1, 5, 1, 
135.716274, 17, 0.1, 0.1, 0.0212312964, 0.336611431, -0.0349674004, 0.999985574, -0.00537144168, -1.71877984e-005, -0.00537144183, -0.999985574, -8.55537384e-006, -1.71415958e-005, 8.64757368e-006, -1, 0.999985573, -0.00537153128, -8.55314387e-006, -0.0053715313, -0.999985573, -2.3987358e-006, -8.5401356e-006, 2.44464467e-006, -1, 0, 0, 0, 0, 0, 0, 0, 0.142913379, 0.118461084, 0.144963501, -0.319516215, 0.814471706, 0.48406559, -0.193237305, -0.556152344, 0.808227539, 0.927614763, 0.164654791, 0.335263459, 0, -0, 0, 0, 0, 0, 0, 0.204840332, 0.108064355, 0.0818775391, -0.641871202, 0.575226484, -0.506801799, -0.337158203, -0.805419922, -0.487182617, -0.688541494, -0.141821246, 0.711174582, 0, 1, 5, 1, 
135.71698, 17, 0.1, 0.1, 0.021231296, 0.336611432, -0.0349684476, 0.999985575, -0.00537108461, 1.81017155e-005, -0.00537108479, -0.999985576, 9.87134317e-006, 1.80484346e-005, -9.96842663e-006, -1, 0.999985575, -0.00537113082, 9.47656633e-006, -0.00537113093, -0.999985575, 1.14775111e-005, 9.41478242e-006, -1.15282454e-005, -1, 0, 0, 0, 0, 0, 0, 0, 0.142913379, 0.118461084, 0.144963501, -0.319516215, 0.814471706, 0.48406559, -0.193237305, -0.556152344, 0.808227539, 0.927614763, 0.164654791, 0.335263459, 0, -0, 0, 0, 0, 0, 0, 0.204840332, 0.108064355, 0.0818775391, -0.641871202, 0.575226484, -0.506801799, -0.337158203, -0.805419922, -0.487182617, -0.688541494, -0.141821246, 0.711174582, 0, 1, 5, 1, 
135.717701, 17, 0.1, 0.1, 0.0212312981, 0.336611429, -0.0349696623, 0.999985576, -0.00537103375, -1.5894786e-005, -0.00537103389, -0.999985576, -9.07258844e-006, -1.58458276e-005, 9.15782901e-006, -1, 0.999985576, -0.00537101363, -7.04443865e-006, -0.00537101374, -0.999985576, -1.51779255e-005, -6.96281619e-006, 1.52155424e-005, -1, 0, 0, 0, 0, 0, 0, 0, 0.142913379, 0.118461084, 0.144963501, -0.323953244, 0.817088241, 0.476826675, -0.196899414, -0.551147461, 0.810791016, 0.925351313, 0.168689682, 0.339499789, 0, -0, 0, 0, 0, 0, 0, 0.204840332, 0.108064355, 0.0818775391, -0.641871202, 0.575226484, -0.506801799, -0.337158203, -0.805419922, -0.487182617, -0.688541494, -0.141821246, 0.711174582, 0, 1, 5, 1, 
135.718412, 17, 0.1, 0.1, 0.0212312974, 0.33661143, -0.0349703821, 0.999985574, -0.00537127753, 1.57643168e-005, -0.00537127737, -0.999985575, -9.93455094e-006, 1.58174507e-005, 9.84973311e-006, -1, 0.999985575, -0.00537120775, 8.02155644e-006, -0.00537120775, -0.999985575, 9.08655051e-007, 8.01656015e-006, -9.5172739e-007, -1, 0, 0, 0, 0, 0, 0, 0, 0.142902979, 0.117267627, 0.14304375, -0.323953244, 0.817088241, 0.476826675, -0.196899414, -0.551147461, 0.810791016, 0.925351313, 0.168689682, 0.339499789, 0, -0, 0, 0, 0, 0, 0, 0.205399365, 0.107072998, 0.0804486816, -0.638677214, 0.572843662, -0.513619979, -0.333618164, -0.807617188, -0.485961914, -0.693238243, -0.139003123, 0.707143909, 0, 1, 5, 1, 
135.719121, 17, 0.1, 0.1, 0.0212312991, 0.336611428, -0.0349706832, 0.999985572, -0.0053716496, -1.54652301e-005, -0.0053716495, -0.999985573, 6.65736246e-006, -1.5500768e-005, -6.57419261e-006, -1, 0.999985573, -0.00537157871, -7.8472302e-006, -0.0053715787, -0.999985573, 1.23684839e-006, -7.85376082e-006, -1.19467853e-006, -1, 0, 0, 0, 0, 0, 0, 0, 0.142902979, 0.117267627, 0.14304375, -0.323953244, 0.817088241, 0.476826675, -0.196899414, -0.551147461, 0.810791016, 0.925351313, 0.168689682, 0.339499789, 0, -0, 0, 0, 0, 0, 0, 0.205399365, 0.107072998, 0.0804486816, -0.638677214, 0.572843662, -0.513619979, -0.333618164, -0.807617188, -0.485961914, -0.693238243, -0.139003123, 0.707143909, 0, 1, 5, 1, 
135.719826, 17, 0.1, 0.1, 0.021231299, 0.336611427, -0.0349705515, 0.999985571, -0.0053719218, 1.72266216e-005, -0.00537192161, -0.999985571, -1.12274902e-005, 1.72866863e-005, 1.11347881e-005, -1, 0.999985571, -0.00537188978, 9.27907987e-006, -0.00537188967, -0.999985571, -1.26736525e-005, 9.34702745e-006, 1.26236234e-005, -1, 0, 0, 0, 0, 0, 0, 0, 0.142902979, 0.117267627, 0.14304375, -0.323953244, 0.817088241, 0.476826675, -0.196899414, -0.551147461, 0.810791016, 0.925351313, 0.168689682, 0.339499789, 0, -0, 0, 0, 0, 0, 0, 0.205399365, 0.107072998, 0.0804486816, -0.638677214, 0.572843662, -0.513619979, -0.333618164, -0.807617188, -0.485961914, -0.693238243, -0.139003123, 0.707143909, 0, 1, 5, 1, 
135.720533, 17, 0.1, 0.1, 0.0212313009, 0.33661143, -0.0349701245, 0.999985571, -0.00537191942, -1.48108126e-005, -0.00537191932, -0.999985571, 7.01400099e-006, -1.48482775e-005, -6.9343373e-006, -1, 0.999985571, -0.00537194584, -6.86440261e-006, -0.00537194575, -0.999985571, 1.25100095e-005, -6.93150666e-006, -1.24729538e-005, -1, 0, 0, 0, 0, 0, 0, 0, 0.142902979, 0.117267627, 0.14304375, -0.323953244, 0.817088241, 0.476826675, -0.196899414, -0.551147461, 0.810791016, 0.925351313, 0.168689682, 0.339499789, 0, -0, 0, 0, 0, 0, 0, 0.205399365, 0.107072998, 0.0804486816, -0.638677214, 0.572843662, -0.513619979, -0.333618164, -0.807617188, -0.485961914, -0.693238243, -0.139003123, 0.707143909, 0, 1, 5, 1, 
135.721232, 17, 0.1, 0.1, 0.0212313009, 0.336611429, -0.0349694244, 0.999985572, -0.00537163781, 1.77610946e-005, -0.00537163796, -0.999985573, 8.77244452e-006, 1.77137159e-005, -8.86772413e-006, -1, 0.999985572, -0.00537171583, 9.78125246e-006, -0.00537171581, -0.999985572, -2.51998628e-006, 9.79464799e-006, 2.46740781e-006, -1, 0, 0, 0, 0, 0, 0, 0, 0.142902979, 0.117267627, 0.14304375, -0.323953244, 0.817088241, 0.476826675, -0.196899414, -0.551147461, 0.810791016, 0.925351313, 0.168689682, 0.339499789, 0, -0, 0, 0, 0, 0, 0, 0.205399365, 0.107072998, 0.0804486816, -0.638677214, 0.572843662, -0.513619979, -0.333618164, -0.807617188, -0.485961914, -0.693238243, -0.139003123, 0.707143909, 0, 1, 5, 1, 
135.722005, 17, 0.1, 0.1, 0.0212313014, 0.336611431, -0.034968087, 0.999985575, -0.00537117867, -2.27773e-005, -0.00537117891, -0.999985575, -1.06038432e-005, -2.27200163e-005, 1.07260312e-005, -1, 0.999985575, -0.00537125968, -1.43704186e-005, -0.00537125976, -0.999985575, -5.46399201e-006, -1.43408628e-005, 5.54110044e-006, -1, 0, 0, 0, 0, 0, 0, 0, 0.142902979, 0.117267627, 0.14304375, -0.323953244, 0.817088241, 0.476826675, -0.196899414, -0.551147461, 0.810791016, 0.925351313, 0.168689682, 0.339499789, 0, -0, 0, 0, 0, 0, 0, 0.205399365, 0.107072998, 0.0804486816, -0.638677214, 0.572843662, -0.513619979, -0.333618164, -0.807617188, -0.485961914, -0.693238243, -0.139003123, 0.707143909, 0, 1, 5, 1, 
135.722738, 17, 0.1, 0.1, 0.0212313002, 0.336611433, -0.0349667685, 0.999985577, -0.00537086919, 1.89684259e-005, -0.00537086944, -0.999985577, 1.33818003e-005, 1.88962804e-005, -1.34834842e-005, -1, 0.999985577, -0.0053709015, 9.61037611e-006, -0.00537090164, -0.999985576, 1.45768019e-005, 9.53194693e-006, -1.4628208e-005, -1, 0, 0, 0, 0, 0, 0, 0, 0.143022583, 0.116315723, 0.1402552, -0.32593362, 0.820066478, 0.47030293, -0.197265625, -0.545532227, 0.814453125, 0.924552646, 0.172667285, 0.339667906, 0, -0, 0, 0, 0, 0, 0, 0.205929102, 0.105845215, 0.0784501953, -0.636364753, 0.570192516, -0.51935174, -0.331054687, -0.810058594, -0.483764648, -0.696554733, -0.135967717, 0.704454851, 0, 1, 5, 1, 
