time, trialNum, realDorsalTactorPos, realVentralTactorPos, boxPosX, boxPosY, boxPosZ, boxLocalRot_11, boxLocalRot_12, boxLocalRot_13, boxLocalRot_21, boxLocalRot_22, boxLocalRot_23, boxLocalRot_31, boxLocalRot_32, boxLocalRot_33, boxGlobalRot_11, boxGlobalRot_12, boxGlobalRot_13, boxGlobalRot_21, boxGlobalRot_22, boxGlobalRot_23, boxGlobalRot_31, boxGlobalRot_32, boxGlobalRot_33, indexForceX, indexForceY, indexForceZ, indexForceGlobalX, indexForceGlobalY, indexForceGlobalZ, indexContact, indexPosX, indexPosY, indexPosZ, indexRot_11, indexRot_12, indexRot_13, indexRot_21, indexRot_22, indexRot_23, indexRot_31, indexRot_32, indexRot_33, thumbForceX, thumbForceY, thumbForceZ, thumbForceGlobalX, thumbForceGlobalY, thumbForceGlobalZ, thumbContact, thumbPosX, thumbPosY, thumbPosZ, thumbRot_11, thumbRot_12, thumbRot_13, thumbRot_21, thumbRot_22, thumbRot_23, thumbRot_31, thumbRot_32, thumbRot_33, manipForceTooHigh, cceExpType, mapping, trialSuccess, 
152.037958, 21, 0.1, 0.1, 0.0298076047, 0.345125196, -0.0349703502, 0.935481431, -0.353375852, 4.09140018e-007, 0.353375852, 0.935481431, 6.69653666e-006, -2.74913724e-006, -6.1199055e-006, 1, 0.935481326, -0.35337613, -5.83679515e-006, 0.35337613, 0.935481326, 1.89811725e-006, 4.78946354e-006, -3.83823732e-006, 1, 0, 0, 0, 0, 0, 0, 0, 0.114945728, 0.128728369, 0.162981006, -0.363665971, 0.575267516, 0.732482722, -0.174804687, -0.814575195, 0.552978516, 0.91495628, 0.0730166652, 0.396892661, 0, -0, 0, 0, 0, 0, 0, 0.169747656, 0.137504004, 0.109786035, -0.772302757, 0.556086188, -0.306817131, -0.0758056641, -0.560180664, -0.824707031, -0.63056866, -0.613692066, 0.474925097, 0, 1, 5, 1, 
152.050095, 21, 0.1, 0.1, 0.0298076042, 0.3451252, -0.0349752019, 0.935482825, -0.35337216, -3.43411793e-005, 0.35337216, 0.935482825, -8.50577055e-006, 3.51312859e-005, -4.17821443e-006, 0.999999999, 0.935482844, -0.353372109, -2.39651627e-005, 0.353372109, 0.935482845, -1.05593936e-005, 2.61503937e-005, 1.4095115e-006, 1, 0, 0, 0, 0, 0, 0, 0, 0.114517212, 0.129031226, 0.159924878, -0.38335028, 0.582873742, 0.716272382, -0.186401367, -0.808349609, 0.558227539, 0.904602447, 0.0804633927, 0.418616877, 0, -0, 0, 0, 0, 0, 0, 0.17086084, 0.136582471, 0.106667822, -0.766061703, 0.554649059, -0.32437662, -0.0607910156, -0.565063477, -0.822631836, -0.639732116, -0.610529061, 0.466819643, 0, 1, 5, 1, 
152.050804, 21, 0.1, 0.1, 0.0298076126, 0.345125204, -0.0349776262, 0.935482722, -0.353372435, -1.2728259e-006, 0.353372435, 0.935482722, -6.76651943e-006, 3.58180809e-006, 5.88018042e-006, 1, 0.935482748, -0.353372365, -1.44973154e-005, 0.353372365, 0.935482748, -1.33321444e-005, 1.82731998e-005, 7.34904046e-006, 1, 0, 0, 0, 0, 0, 0, 0, 0.114577979, 0.128916504, 0.159093286, -0.38335028, 0.582873742, 0.716272382, -0.186401367, -0.808349609, 0.558227539, 0.904602447, 0.0804633927, 0.418616877, 0, -0, 0, 0, 0, 0, 0, 0.17086084, 0.136582471, 0.106667822, -0.766061703, 0.554649059, -0.32437662, -0.0607910156, -0.565063477, -0.822631836, -0.639732116, -0.610529061, 0.466819643, 0, 1, 5, 1, 
152.051512, 21, 0.1, 0.1, 0.029807604, 0.345125197, -0.0349774215, 0.935482553, -0.353372878, 3.03818521e-005, 0.353372878, 0.935482554, 2.41138138e-005, -3.69428604e-005, -1.18219296e-005, 0.999999999, 0.935482585, -0.353372795, 3.11308345e-005, 0.353372794, 0.935482586, 2.75027376e-005, -3.88410728e-005, -1.47275421e-005, 0.999999999, 0, 0, 0, 0, 0, 0, 0, 0.114577979, 0.128916504, 0.159093286, -0.38335028, 0.582873742, 0.716272382, -0.186401367, -0.808349609, 0.558227539, 0.904602447, 0.0804633927, 0.418616877, 0, -0, 0, 0, 0, 0, 0, 0.17086084, 0.136582471, 0.106667822, -0.766061703, 0.554649059, -0.32437662, -0.0607910156, -0.565063477, -0.822631836, -0.639732116, -0.610529061, 0.466819643, 0, 1, 5, 1, 
152.052211, 21, 0.1, 0.1, 0.0298076028, 0.345125198, -0.0349748177, 0.935482442, -0.353373173, -2.31587871e-005, 0.353373172, 0.935482443, -1.85088575e-005, 2.82051724e-005, 9.1310172e-006, 1, 0.935482452, -0.353373149, -9.72102771e-006, 0.353373149, 0.935482452, -1.71240412e-005, 1.51450272e-005, 1.25840898e-005, 1, 0, 0, 0, 0, 0, 0, 0, 0.114577979, 0.128916504, 0.159093286, -0.38335028, 0.582873742, 0.716272382, -0.186401367, -0.808349609, 0.558227539, 0.904602447, 0.0804633927, 0.418616877, 0, -0, 0, 0, 0, 0, 0, 0.17086084, 0.136582471, 0.106667822, -0.766061703, 0.554649059, -0.32437662, -0.0607910156, -0.565063477, -0.822631836, -0.639732116, -0.610529061, 0.466819643, 0, 1, 5, 1, 
152.052947, 21, 0.1, 0.1, 0.0298076145, 0.345125197, -0.0349703812, 0.935482471, -0.353373098, -1.36831318e-005, 0.353373098, 0.935482471, 1.24226449e-005, 8.41050145e-006, -1.64564173e-005, 1, 0.935482458, -0.353373133, -2.91345981e-005, 0.353373133, 0.935482458, 1.09706005e-005, 2.337819e-005, -2.05581885e-005, 1, 0, 0, 0, 0, 0, 0, 0, 0.114941211, 0.128786157, 0.157643726, -0.384905673, 0.58470135, 0.713963627, -0.188964844, -0.807128906, 0.559326172, 0.903365694, 0.08029752, 0.421207203, 0, -0, 0, 0, 0, 0, 0, 0.171103857, 0.136393164, 0.105289307, -0.765659219, 0.554579063, -0.32555199, -0.0617675781, -0.567138672, -0.821166992, -0.640058041, -0.608695277, 0.46865999, 0, 1, 5, 1, 
152.053657, 21, 0.1, 0.1, 0.0298076054, 0.345125197, -0.0349659635, 0.935482594, -0.353372772, 2.68815641e-005, 0.353372773, 0.935482594, -6.42399823e-006, -2.28771693e-005, 1.55087514e-005, 1, 0.935482565, -0.353372849, 3.53927461e-005, 0.353372849, 0.935482565, -7.31189502e-006, -3.05254717e-005, 1.93469858e-005, 0.999999999, 0, 0, 0, 0, 0, 0, 0, 0.114941211, 0.128786157, 0.157643726, -0.384905673, 0.58470135, 0.713963627, -0.188964844, -0.807128906, 0.559326172, 0.903365694, 0.08029752, 0.421207203, 0, -0, 0, 0, 0, 0, 0, 0.171103857, 0.136393164, 0.105289307, -0.765659219, 0.554579063, -0.32555199, -0.0617675781, -0.567138672, -0.821166992, -0.640058041, -0.608695277, 0.46865999, 0, 1, 5, 1, 
152.054357, 21, 0.1, 0.1, 0.0298076121, 0.345125195, -0.0349628105, 0.935482725, -0.353372426, -2.82531193e-005, 0.353372426, 0.935482725, 5.89680773e-006, 2.43465358e-005, -1.55002351e-005, 1, 0.935482701, -0.353372487, -3.25144344e-005, 0.353372488, 0.935482701, 9.35641696e-006, 2.71103906e-005, -2.02424728e-005, 0.999999999, 0, 0, 0, 0, 0, 0, 0, 0.114941211, 0.128786157, 0.157643726, -0.384905673, 0.58470135, 0.713963627, -0.188964844, -0.807128906, 0.559326172, 0.903365694, 0.08029752, 0.421207203, 0, -0, 0, 0, 0, 0, 0, 0.171103857, 0.136393164, 0.105289307, -0.765659219, 0.554579063, -0.32555199, -0.0617675781, -0.567138672, -0.821166992, -0.640058041, -0.608695277, 0.46865999, 0, 1, 5, 1, 
152.055065, 21, 0.1, 0.1, 0.0298076087, 0.345125199, -0.0349617422, 0.935482831, -0.353372144, 1.65049171e-005, 0.353372144, 0.935482831, -1.57732606e-005, -9.86623566e-006, 2.05879924e-005, 1, 0.935482812, -0.353372196, 2.26374727e-005, 0.353372196, 0.935482811, -1.91159875e-005, -1.44219081e-005, 2.58821312e-005, 1, 0, 0, 0, 0, 0, 0, 0, 0.114941211, 0.128786157, 0.157643726, -0.384905673, 0.58470135, 0.713963627, -0.188964844, -0.807128906, 0.559326172, 0.903365694, 0.08029752, 0.421207203, 0, -0, 0, 0, 0, 0, 0, 0.171103857, 0.136393164, 0.105289307, -0.765659219, 0.554579063, -0.32555199, -0.0617675781, -0.567138672, -0.821166992, -0.640058041, -0.608695277, 0.46865999, 0, 1, 5, 1, 
152.055776, 21, 0.1, 0.1, 0.0298076103, 0.345125194, -0.0349629788, 0.935482978, -0.353371755, 1.28353268e-006, 0.353371755, 0.935482978, 2.34470621e-005, -9.48625246e-006, -2.14807633e-005, 1, 0.935482943, -0.353371848, -2.17569005e-006, 0.353371848, 0.935482943, 2.61100185e-005, -7.19122455e-006, -2.51943046e-005, 1, 0, 0, 0, 0, 0, 0, 0, 0.114941211, 0.128786157, 0.157643726, -0.384905673, 0.58470135, 0.713963627, -0.188964844, -0.807128906, 0.559326172, 0.903365694, 0.08029752, 0.421207203, 0, -0, 0, 0, 0, 0, 0, 0.171103857, 0.136393164, 0.105289307, -0.765659219, 0.554579063, -0.32555199, -0.0617675781, -0.567138672, -0.821166992, -0.640058041, -0.608695277, 0.46865999, 0, 1, 5, 1, 
152.056475, 21, 0.1, 0.1, 0.0298076104, 0.345125197, -0.0349659477, 0.93548315, -0.3533713, 6.45195416e-006, 0.3533713, 0.93548315, -1.30024932e-005, -1.44098649e-006, 1.44435487e-005, 1, 0.935483121, -0.353371378, 1.54129948e-007, 0.353371378, 0.93548312, -1.93972029e-005, 6.71023035e-006, 1.8200221e-005, 1, 0, 0, 0, 0, 0, 0, 0, 0.114941211, 0.128786157, 0.157643726, -0.384905673, 0.58470135, 0.713963627, -0.188964844, -0.807128906, 0.559326172, 0.903365694, 0.08029752, 0.421207203, 0, -0, 0, 0, 0, 0, 0, 0.171103857, 0.136393164, 0.105289307, -0.765659219, 0.554579063, -0.32555199, -0.0617675781, -0.567138672, -0.821166992, -0.640058041, -0.608695277, 0.46865999, 0, 1, 5, 1, 
152.057181, 21, 0.1, 0.1, 0.0298076122, 0.345125192, -0.0349697262, 0.93548326, -0.35337101, -6.97420872e-006, 0.35337101, 0.935483259, 1.73058296e-005, 4.08877016e-007, -1.86537971e-005, 1, 0.93548324, -0.353371061, -9.75408792e-006, 0.353371061, 0.93548324, 1.98301912e-005, 2.11737006e-006, -2.19976239e-005, 1, 0, 0, 0, 0, 0, 0, 0, 0.114941211, 0.128786157, 0.157643726, -0.384905673, 0.58470135, 0.713963627, -0.188964844, -0.807128906, 0.559326172, 0.903365694, 0.08029752, 0.421207203, 0, -0, 0, 0, 0, 0, 0, 0.171103857, 0.136393164, 0.105289307, -0.765659219, 0.554579063, -0.32555199, -0.0617675781, -0.567138672, -0.821166992, -0.640058041, -0.608695277, 0.46865999, 0, 1, 5, 1, 
152.057917, 21, 0.1, 0.1, 0.0298076107, 0.345125195, -0.0349729597, 0.935483396, -0.35337065, -1.62270108e-006, 0.35337065, 0.935483396, -1.59574162e-005, 7.15689246e-006, 1.4354483e-005, 1, 0.935483364, -0.353370734, 2.44602832e-006, 0.353370734, 0.935483364, -1.72398019e-005, 3.80382265e-006, 1.69919027e-005, 1, 0, 0, 0, 0, 0, 0, 0, 0.115033105, 0.128879663, 0.156613428, -0.387381423, 0.58650387, 0.711065139, -0.191772461, -0.805786133, 0.560180664, 0.901780343, 0.0807535805, 0.424756076, 0, -0, 0, 0, 0, 0, 0, 0.171377637, 0.136147217, 0.104052344, -0.764202766, 0.553831697, -0.330318735, -0.0581054687, -0.569213867, -0.820068359, -0.642237073, -0.607423659, 0.467299785, 0, 1, 5, 1, 
152.058684, 21, 0.1, 0.1, 0.0298076121, 0.345125192, -0.0349745596, 0.935483563, -0.353370208, -2.66286108e-006, 0.353370208, 0.935483563, 9.14737063e-006, -7.41345496e-007, -9.49819064e-006, 1, 0.935483523, -0.353370313, -6.14790264e-006, 0.353370313, 0.935483523, 1.24793805e-005, 1.34141903e-006, -1.38467411e-005, 1, 0, 0, 0, 0, 0, 0, 0, 0.115033105, 0.128879663, 0.156613428, -0.387381423, 0.58650387, 0.711065139, -0.191772461, -0.805786133, 0.560180664, 0.901780343, 0.0807535805, 0.424756076, 0, -0, 0, 0, 0, 0, 0, 0.171377637, 0.136147217, 0.104052344, -0.764202766, 0.553831697, -0.330318735, -0.0581054687, -0.569213867, -0.820068359, -0.642237073, -0.607423659, 0.467299785, 0, 1, 5, 1, 
152.059383, 21, 0.1, 0.1, 0.0298076103, 0.345125195, -0.0349738512, 0.93548367, -0.353369923, 7.83102627e-006, 0.353369924, 0.93548367, -1.20253656e-005, -3.07639469e-006, 1.40167823e-005, 1, 0.935483653, -0.35336997, 1.22321188e-005, 0.35336997, 0.935483652, -1.43322572e-005, -6.37835787e-006, 1.77300558e-005, 1, 0, 0, 0, 0, 0, 0, 0, 0.115033105, 0.128879663, 0.156613428, -0.387381423, 0.58650387, 0.711065139, -0.191772461, -0.805786133, 0.560180664, 0.901780343, 0.0807535805, 0.424756076, 0, -0, 0, 0, 0, 0, 0, 0.171377637, 0.136147217, 0.104052344, -0.764202766, 0.553831697, -0.330318735, -0.0581054687, -0.569213867, -0.820068359, -0.642237073, -0.607423659, 0.467299785, 0, 1, 5, 1, 
152.060088, 21, 0.1, 0.1, 0.0298076127, 0.345125192, -0.0349718461, 0.93548379, -0.353369606, -1.80156445e-006, 0.353369606, 0.93548379, 1.38772676e-005, -3.21847023e-006, -1.3618577e-005, 1, 0.935483762, -0.35336968, -4.72816933e-006, 0.353369681, 0.935483762, 1.65265869e-005, -1.4168691e-006, -1.71311454e-005, 1, 0, 0, 0, 0, 0, 0, 0, 0.115033105, 0.128879663, 0.156613428, -0.387381423, 0.58650387, 0.711065139, -0.191772461, -0.805786133, 0.560180664, 0.901780343, 0.0807535805, 0.424756076, 0, -0, 0, 0, 0, 0, 0, 0.171377637, 0.136147217, 0.104052344, -0.764202766, 0.553831697, -0.330318735, -0.0581054687, -0.569213867, -0.820068359, -0.642237073, -0.607423659, 0.467299785, 0, 1, 5, 1, 
152.060798, 21, 0.1, 0.1, 0.0298076117, 0.345125195, -0.0349692245, 0.935483925, -0.353369249, 2.82553741e-006, 0.353369249, 0.935483925, -1.3743691e-005, 2.21335296e-006, 1.38554601e-005, 1, 0.9354839, -0.353369315, 7.41473148e-006, 0.353369315, 0.9354839, -1.65846109e-005, -1.07586933e-006, 1.8134775e-005, 1, 0, 0, 0, 0, 0, 0, 0, 0.115033105, 0.128879663, 0.156613428, -0.387381423, 0.58650387, 0.711065139, -0.191772461, -0.805786133, 0.560180664, 0.901780343, 0.0807535805, 0.424756076, 0, -0, 0, 0, 0, 0, 0, 0.171377637, 0.136147217, 0.104052344, -0.764202766, 0.553831697, -0.330318735, -0.0581054687, -0.569213867, -0.820068359, -0.642237073, -0.607423659, 0.467299785, 0, 1, 5, 1, 
152.061494, 21, 0.1, 0.1, 0.0298076128, 0.34512519, -0.0349668575, 0.935484055, -0.353368904, 1.96398247e-006, 0.353368904, 0.935484055, 1.92713492e-005, -8.64716983e-006, -1.73340296e-005, 1, 0.935484026, -0.353368981, -1.16961064e-006, 0.35336898, 0.935484026, 2.2662346e-005, -6.91401802e-006, -2.16135668e-005, 1, 0, 0, 0, 0, 0, 0, 0, 0.115033105, 0.128879663, 0.156613428, -0.387381423, 0.58650387, 0.711065139, -0.191772461, -0.805786133, 0.560180664, 0.901780343, 0.0807535805, 0.424756076, 0, -0, 0, 0, 0, 0, 0, 0.171377637, 0.136147217, 0.104052344, -0.764202766, 0.553831697, -0.330318735, -0.0581054687, -0.569213867, -0.820068359, -0.642237073, -0.607423659, 0.467299785, 0, 1, 5, 1, 
152.062231, 21, 0.1, 0.1, 0.0298076126, 0.345125195, -0.0349651319, 0.935484207, -0.353368502, 7.84163316e-006, 0.353368502, 0.935484207, -1.54133802e-005, -1.88912091e-006, 1.71899599e-005, 1, 0.93548418, -0.353368574, 1.00107666e-006, 0.353368574, 0.93548418, -2.31363929e-005, 7.23918278e-006, 2.19974786e-005, 1, 0, 0, 0, 0, 0, 0, 0, 0.115162964, 0.128506543, 0.155403955, -0.389114672, 0.58801995, 0.709029719, -0.195556641, -0.80480957, 0.560302734, 0.900200984, 0.0794011297, 0.428291845, 0, -0, 0, 0, 0, 0, 0, 0.171377637, 0.136147217, 0.104052344, -0.762356589, 0.553716859, -0.334548834, -0.0549316406, -0.570556641, -0.819335937, -0.644620629, -0.606331044, 0.465505014, 0, 1, 5, 1, 
152.062936, 21, 0.1, 0.1, 0.0298076145, 0.34512519, -0.0349646175, 0.935484292, -0.353368278, -7.72197847e-006, 0.353368278, 0.935484292, 1.65250439e-005, 1.38436326e-006, -1.81876212e-005, 1, 0.935484277, -0.353368316, -1.1005106e-005, 0.353368316, 0.935484277, 1.9873077e-005, 3.27258789e-006, -2.24798068e-005, 1, 0, 0, 0, 0, 0, 0, 0, 0.115162964, 0.128506543, 0.155403955, -0.389114672, 0.58801995, 0.709029719, -0.195556641, -0.80480957, 0.560302734, 0.900200984, 0.0794011297, 0.428291845, 0, -0, 0, 0, 0, 0, 0, 0.171896143, 0.135716113, 0.10306499, -0.762356589, 0.553716859, -0.334548834, -0.0549316406, -0.570556641, -0.819335937, -0.644620629, -0.606331044, 0.465505014, 0, 1, 5, 1, 
152.063641, 21, 0.1, 0.1, 0.0298076133, 0.345125194, -0.0349655498, 0.935484405, -0.353367977, -4.41290574e-006, 0.353367977, 0.935484405, -2.00511649e-005, 1.12136441e-005, 1.71981725e-005, 1, 0.935484375, -0.353368059, 1.03908263e-006, 0.353368059, 0.935484374, -2.24110777e-005, 6.94731347e-006, 2.13323916e-005, 1, 0, 0, 0, 0, 0, 0, 0, 0.115162964, 0.128506543, 0.155403955, -0.389114672, 0.58801995, 0.709029719, -0.195556641, -0.80480957, 0.560302734, 0.900200984, 0.0794011297, 0.428291845, 0, -0, 0, 0, 0, 0, 0, 0.171896143, 0.135716113, 0.10306499, -0.762356589, 0.553716859, -0.334548834, -0.0549316406, -0.570556641, -0.819335937, -0.644620629, -0.606331044, 0.465505014, 0, 1, 5, 1, 
152.06434, 21, 0.1, 0.1, 0.0298076121, 0.345125189, -0.0349675115, 0.935484595, -0.353367476, 1.40765401e-005, 0.353367475, 0.935484595, 2.28637328e-005, -2.1247686e-005, -1.64144784e-005, 1, 0.935484553, -0.353367586, 1.15362104e-005, 0.353367586, 0.935484553, 2.60088067e-005, -1.99826159e-005, -2.02543141e-005, 1, 0, 0, 0, 0, 0, 0, 0, 0.115162964, 0.128506543, 0.155403955, -0.389114672, 0.58801995, 0.709029719, -0.195556641, -0.80480957, 0.560302734, 0.900200984, 0.0794011297, 0.428291845, 0, -0, 0, 0, 0, 0, 0, 0.171896143, 0.135716113, 0.10306499, -0.762356589, 0.553716859, -0.334548834, -0.0549316406, -0.570556641, -0.819335937, -0.644620629, -0.606331044, 0.465505014, 0, 1, 5, 1, 
152.065074, 21, 0.1, 0.1, 0.0298076136, 0.345125194, -0.0349696976, 0.935484847, -0.353366808, -1.81514842e-005, 0.353366807, 0.935484847, -2.50004697e-005, 2.58147746e-005, 1.69734285e-005, 1, 0.935484794, -0.353366947, -1.39353666e-005, 0.353366947, 0.935484794, -2.70397454e-005, 2.25912758e-005, 2.03709727e-005, 1, 0, 0, 0, 0, 0, 0, 0, 0.11532395, 0.128098145, 0.154003223, -0.390270172, 0.588831721, 0.707685504, -0.198242187, -0.804321289, 0.560058594, 0.899148078, 0.0782838222, 0.430729403, 0, -0, 0, 0, 0, 0, 0, 0.17236875, 0.135273291, 0.101584424, -0.761634742, 0.553506138, -0.336612662, -0.0535888672, -0.571655273, -0.818603516, -0.645649444, -0.605493993, 0.465288097, 0, 1, 5, 1, 
152.06578, 21, 0.1, 0.1, 0.0298076142, 0.345125191, -0.0349714435, 0.935485152, -0.353366, 2.30249638e-005, 0.353366, 0.935485152, 2.05261681e-005, -2.87927617e-005, -1.10656861e-005, 1, 0.935485083, -0.353366182, 1.11090763e-005, 0.353366182, 0.935485083, 1.94145166e-005, -1.72528088e-005, -1.42364188e-005, 1, 0, 0, 0, 0, 0, 0, 0, 0.11532395, 0.128098145, 0.154003223, -0.390270172, 0.588831721, 0.707685504, -0.198242187, -0.804321289, 0.560058594, 0.899148078, 0.0782838222, 0.430729403, 0, -0, 0, 0, 0, 0, 0, 0.17236875, 0.135273291, 0.101584424, -0.761634742, 0.553506138, -0.336612662, -0.0535888672, -0.571655273, -0.818603516, -0.645649444, -0.605493993, 0.465288097, 0, 1, 5, 1, 
152.066478, 21, 0.1, 0.1, 0.0298076057, 0.345125192, -0.0349724806, 0.935485535, -0.353364987, 6.46188566e-006, 0.353364987, 0.935485535, -1.27355342e-005, -1.54470871e-006, 1.41973121e-005, 1, 0.935485453, -0.353365203, 2.22893336e-005, 0.353365203, 0.935485453, -1.06611309e-005, -1.70840747e-005, 1.78496078e-005, 1, 0, 0, 0, 0, 0, 0, 0, 0.11532395, 0.128098145, 0.154003223, -0.390270172, 0.588831721, 0.707685504, -0.198242187, -0.804321289, 0.560058594, 0.899148078, 0.0782838222, 0.430729403, 0, -0, 0, 0, 0, 0, 0, 0.17236875, 0.135273291, 0.101584424, -0.761634742, 0.553506138, -0.336612662, -0.0535888672, -0.571655273, -0.818603516, -0.645649444, -0.605493993, 0.465288097, 0, 1, 5, 1, 
152.067188, 21, 0.1, 0.1, 0.0298076188, 0.345125192, -0.0349724386, 0.935485975, -0.35336382, -4.17125175e-005, 0.353363821, 0.935485975, 2.36104101e-006, 3.81871687e-005, -1.69484153e-005, 0.999999999, 0.935485891, -0.353364041, -4.64401767e-005, 0.353364041, 0.935485892, 2.72950143e-006, 4.24796224e-005, -1.89636986e-005, 0.999999999, 0, 0, 0, 0, 0, 0, 0, 0.11532395, 0.128098145, 0.154003223, -0.390270172, 0.588831721, 0.707685504, -0.198242187, -0.804321289, 0.560058594, 0.899148078, 0.0782838222, 0.430729403, 0, -0, 0, 0, 0, 0, 0, 0.17236875, 0.135273291, 0.101584424, -0.761634742, 0.553506138, -0.336612662, -0.0535888672, -0.571655273, -0.818603516, -0.645649444, -0.605493993, 0.465288097, 0, 1, 5, 1, 
152.067892, 21, 0.1, 0.1, 0.0298076178, 0.345125192, -0.0349715512, 0.935486342, -0.35336285, 2.7720605e-005, 0.35336285, 0.935486342, 6.59290181e-006, -2.8261934e-005, 3.62786241e-006, 1, 0.935486283, -0.353363006, 2.21609492e-005, 0.353363006, 0.935486283, -5.3910896e-008, -2.07122138e-005, 7.88129251e-006, 1, 0, 0, 0, 0, 0, 0, 0, 0.11532395, 0.128098145, 0.154003223, -0.390270172, 0.588831721, 0.707685504, -0.198242187, -0.804321289, 0.560058594, 0.899148078, 0.0782838222, 0.430729403, 0, -0, 0, 0, 0, 0, 0, 0.17236875, 0.135273291, 0.101584424, -0.761634742, 0.553506138, -0.336612662, -0.0535888672, -0.571655273, -0.818603516, -0.645649444, -0.605493993, 0.465288097, 0, 1, 5, 1, 
152.068597, 21, 0.1, 0.1, 0.0298076148, 0.34512519, -0.0349701108, 0.935486574, -0.353362235, -1.31926259e-005, 0.353362235, 0.935486574, -1.72067347e-005, 1.84217346e-005, 1.14348935e-005, 1, 0.935486535, -0.35336234, 1.4458428e-006, 0.35336234, 0.935486535, 1.56109201e-006, -1.9041976e-006, -9.49474163e-007, 1, 0, 0, 0, 0, 0, 0, 0, 0.11532395, 0.128098145, 0.154003223, -0.390270172, 0.588831721, 0.707685504, -0.198242187, -0.804321289, 0.560058594, 0.899148078, 0.0782838222, 0.430729403, 0, -0, 0, 0, 0, 0, 0, 0.17236875, 0.135273291, 0.101584424, -0.761634742, 0.553506138, -0.336612662, -0.0535888672, -0.571655273, -0.818603516, -0.645649444, -0.605493993, 0.465288097, 0, 1, 5, 1, 
152.069296, 21, 0.1, 0.1, 0.0298076242, 0.345125196, -0.0349685591, 0.935486777, -0.353361697, -2.15432137e-005, 0.353361697, 0.935486778, 3.32406052e-006, 1.89787959e-005, -1.07221612e-005, 1, 0.935486737, -0.353361804, -2.7872781e-005, 0.353361804, 0.935486737, -1.47549426e-005, 3.12884501e-005, 3.95387696e-006, 1, 0, 0, 0, 0, 0, 0, 0, 0.11532395, 0.128098145, 0.154003223, -0.390270172, 0.588831721, 0.707685504, -0.198242187, -0.804321289, 0.560058594, 0.899148078, 0.0782838222, 0.430729403, 0, -0, 0, 0, 0, 0, 0, 0.17236875, 0.135273291, 0.101584424, -0.761634742, 0.553506138, -0.336612662, -0.0535888672, -0.571655273, -0.818603516, -0.645649444, -0.605493993, 0.465288097, 0, 1, 5, 1, 
152.070028, 21, 0.1, 0.1, 0.0298076219, 0.34512519, -0.034966976, 0.93548706, -0.35336095, 1.2161315e-005, 0.35336095, 0.93548706, -1.53146504e-006, -1.08355928e-005, 5.72999954e-006, 1, 0.935487003, -0.353361099, 1.37958539e-005, 0.353361099, 0.935487003, 1.49562059e-005, -1.81907834e-005, -9.11641814e-006, 1, 0, 0, 0, 0, 0, 0, 0, 0.115670215, 0.127910059, 0.152584912, -0.392168172, 0.589466759, 0.706023769, -0.19921875, -0.803710938, 0.560546875, 0.89808918, 0.0791719776, 0.432722883, 0, -0, 0, 0, 0, 0, 0, 0.172612988, 0.135130469, 0.100288867, -0.760874617, 0.551455071, -0.341858817, -0.0479736328, -0.573242188, -0.817871094, -0.647042464, -0.605832312, 0.462650078, 0, 1, 5, 1, 
152.070737, 21, 0.1, 0.1, 0.0298076226, 0.345125192, -0.0349662222, 0.935487382, -0.353360098, 1.29289417e-006, 0.353360098, 0.935487382, 1.6100089e-005, -6.89861521e-006, -1.46045729e-005, 1, 0.935487318, -0.353360265, -3.6002823e-006, 0.353360265, 0.935487318, -2.62752338e-006, 4.2964808e-006, 1.18581809e-006, 1, 0, 0, 0, 0, 0, 0, 0, 0.115670215, 0.127910059, 0.152584912, -0.392168172, 0.589466759, 0.706023769, -0.19921875, -0.803710938, 0.560546875, 0.89808918, 0.0791719776, 0.432722883, 0, -0, 0, 0, 0, 0, 0, 0.172612988, 0.135130469, 0.100288867, -0.760874617, 0.551455071, -0.341858817, -0.0479736328, -0.573242188, -0.817871094, -0.647042464, -0.605832312, 0.462650078, 0, 1, 5, 1, 
152.071438, 21, 0.1, 0.1, 0.0298076243, 0.345125187, -0.0349663944, 0.935487654, -0.353359376, -1.15061974e-005, 0.353359375, 0.935487654, -9.86286202e-006, 1.42490403e-005, 5.16076294e-006, 1, 0.93548761, -0.353359492, -1.16786641e-005, 0.353359492, 0.93548761, 7.43834582e-006, 8.2968355e-006, -1.10852472e-005, 1, 0, 0, 0, 0, 0, 0, 0, 0.115670215, 0.127910059, 0.152584912, -0.392168172, 0.589466759, 0.706023769, -0.19921875, -0.803710938, 0.560546875, 0.89808918, 0.0791719776, 0.432722883, 0, -0, 0, 0, 0, 0, 0, 0.172612988, 0.135130469, 0.100288867, -0.760874617, 0.551455071, -0.341858817, -0.0479736328, -0.573242188, -0.817871094, -0.647042464, -0.605832312, 0.462650078, 0, 1, 5, 1, 
152.072152, 21, 0.1, 0.1, 0.0298076233, 0.34512519, -0.0349673248, 0.935487809, -0.353358966, 5.14322318e-006, 0.353358966, 0.935487809, 1.01324578e-005, -8.3918174e-006, -7.66138673e-006, 1, 0.935487789, -0.353359018, 1.10661676e-005, 0.353359018, 0.935487789, -3.05057615e-006, -9.27431605e-006, 6.76410684e-006, 1, 0, 0, 0, 0, 0, 0, 0, 0.115670215, 0.127910059, 0.152584912, -0.392168172, 0.589466759, 0.706023769, -0.19921875, -0.803710938, 0.560546875, 0.89808918, 0.0791719776, 0.432722883, 0, -0, 0, 0, 0, 0, 0, 0.172612988, 0.135130469, 0.100288867, -0.760874617, 0.551455071, -0.341858817, -0.0479736328, -0.573242188, -0.817871094, -0.647042464, -0.605832312, 0.462650078, 0, 1, 5, 1, 
152.072858, 21, 0.1, 0.1, 0.0298076279, 0.345125188, -0.0349687718, 0.935487838, -0.353358891, -5.49614574e-006, 0.353358891, 0.935487838, -1.32302505e-005, 9.81660413e-006, 1.04346264e-005, 1, 0.935487839, -0.353358887, -1.63712338e-005, 0.353358887, 0.935487839, -1.95963304e-006, 1.60075439e-005, -3.95170809e-006, 1, 0, 0, 0, 0, 0, 0, 0, 0.115670215, 0.127910059, 0.152584912, -0.392168172, 0.589466759, 0.706023769, -0.19921875, -0.803710938, 0.560546875, 0.89808918, 0.0791719776, 0.432722883, 0, -0, 0, 0, 0, 0, 0, 0.172612988, 0.135130469, 0.100288867, -0.760874617, 0.551455071, -0.341858817, -0.0479736328, -0.573242188, -0.817871094, -0.647042464, -0.605832312, 0.462650078, 0, 1, 5, 1, 
152.073577, 21, 0.1, 0.1, 0.0298076261, 0.345125191, -0.0349702945, 0.935487784, -0.353359034, -1.15255771e-005, 0.353359034, 0.935487784, 4.29429832e-006, 9.26460751e-006, -8.08993042e-006, 1, 0.935487798, -0.353358995, 5.14832237e-006, 0.353358995, 0.935487798, -6.82526199e-006, -2.40442504e-006, 8.20415533e-006, 1, 0, 0, 0, 0, 0, 0, 0, 0.115670215, 0.127910059, 0.152584912, -0.392168172, 0.589466759, 0.706023769, -0.19921875, -0.803710938, 0.560546875, 0.89808918, 0.0791719776, 0.432722883, 0, -0, 0, 0, 0, 0, 0, 0.172612988, 0.135130469, 0.100288867, -0.760874617, 0.551455071, -0.341858817, -0.0479736328, -0.573242188, -0.817871094, -0.647042464, -0.605832312, 0.462650078, 0, 1, 5, 1, 
152.074292, 21, 0.1, 0.1, 0.0298076289, 0.345125188, -0.0349712056, 0.935487747, -0.353359131, 1.10951747e-005, 0.353359131, 0.935487747, -3.02569595e-006, -9.3102427e-006, 6.75108278e-006, 1, 0.935487747, -0.35335913, 6.37163094e-007, 0.35335913, 0.935487747, 8.62416955e-006, -3.64348732e-006, -7.84265754e-006, 1, 0, 0, 0, 0, 0, 0, 0, 0.115670215, 0.127910059, 0.152584912, -0.392562075, 0.590684416, 0.7048634, -0.202148437, -0.803100586, 0.560424805, 0.897162833, 0.0774960165, 0.434760546, 0, -0, 0, 0, 0, 0, 0, 0.172612988, 0.135130469, 0.100288867, -0.760874617, 0.551455071, -0.341858817, -0.0479736328, -0.573242188, -0.817871094, -0.647042464, -0.605832312, 0.462650078, 0, 1, 5, 1, 
152.075042, 21, 0.1, 0.1, 0.0298076289, 0.345125192, -0.0349708244, 0.935487795, -0.353359003, -1.3163263e-005, 0.353359003, 0.935487795, 4.04017265e-006, 1.08864405e-005, -8.4308897e-006, 1, 0.935487779, -0.353359047, -9.50126989e-006, 0.353359047, 0.935487779, -9.0007437e-006, 1.20688161e-005, 5.06272606e-006, 1, 0, 0, 0, 0, 0, 0, 0, 0.115870508, 0.127297461, 0.151192358, -0.392562075, 0.590684416, 0.7048634, -0.202148437, -0.803100586, 0.560424805, 0.897162833, 0.0774960165, 0.434760546, 0, -0, 0, 0, 0, 0, 0, 0.172913135, 0.134436084, 0.0987749512, -0.758881518, 0.550905665, -0.34695805, -0.0433349609, -0.57434082, -0.817382812, -0.649656064, -0.605276343, 0.459782016, 0, 1, 5, 1, 
152.07575, 21, 0.1, 0.1, 0.0298076278, 0.345125188, -0.0349699623, 0.935487935, -0.353358634, 9.8241604e-006, 0.353358634, 0.935487935, -5.94367975e-006, -7.09013297e-006, 9.03169259e-006, 1, 0.935487902, -0.353358721, 1.00498693e-005, 0.353358721, 0.935487902, 9.2239975e-006, -1.26609111e-005, -5.07772911e-006, 1, 0, 0, 0, 0, 0, 0, 0, 0.115870508, 0.127297461, 0.151192358, -0.392562075, 0.590684416, 0.7048634, -0.202148437, -0.803100586, 0.560424805, 0.897162833, 0.0774960165, 0.434760546, 0, -0, 0, 0, 0, 0, 0, 0.172913135, 0.134436084, 0.0987749512, -0.758881518, 0.550905665, -0.34695805, -0.0433349609, -0.57434082, -0.817382812, -0.649656064, -0.605276343, 0.459782016, 0, 1, 5, 1, 
152.07645, 21, 0.1, 0.1, 0.0298076276, 0.345125191, -0.0349689497, 0.935488129, -0.35335812, 5.72523251e-006, 0.35335812, 0.935488129, 1.27140006e-005, -9.84848241e-006, -9.87073927e-006, 1, 0.93548809, -0.353358224, 2.94504396e-007, 0.353358224, 0.93548809, -5.29996598e-006, 1.59728121e-006, 5.0621206e-006, 1, 0, 0, 0, 0, 0, 0, 0, 0.115870508, 0.127297461, 0.151192358, -0.392562075, 0.590684416, 0.7048634, -0.202148437, -0.803100586, 0.560424805, 0.897162833, 0.0774960165, 0.434760546, 0, -0, 0, 0, 0, 0, 0, 0.172913135, 0.134436084, 0.0987749512, -0.758881518, 0.550905665, -0.34695805, -0.0433349609, -0.57434082, -0.817382812, -0.649656064, -0.605276343, 0.459782016, 0, 1, 5, 1, 
152.077172, 21, 0.1, 0.1, 0.029807627, 0.345125186, -0.0349679327, 0.935488297, -0.353357675, -3.77548204e-006, 0.353357675, 0.935488297, -1.03632478e-005, 7.19385241e-006, 8.36060149e-006, 1, 0.935488273, -0.353357739, -4.4943827e-006, 0.353357739, 0.935488273, 5.45413705e-006, 2.27718078e-006, -6.69040616e-006, 1, 0, 0, 0, 0, 0, 0, 0, 0.115870508, 0.127297461, 0.151192358, -0.392562075, 0.590684416, 0.7048634, -0.202148437, -0.803100586, 0.560424805, 0.897162833, 0.0774960165, 0.434760546, 0, -0, 0, 0, 0, 0, 0, 0.173413574, 0.133956641, 0.0973376953, -0.757450585, 0.550234858, -0.35116263, -0.0394287109, -0.575561523, -0.816650391, -0.651592293, -0.604733134, 0.457744441, 0, 1, 5, 1, 
152.077881, 21, 0.1, 0.1, 0.0298076269, 0.345125189, -0.0349673169, 0.93548838, -0.353357454, -7.04376499e-006, 0.353357454, 0.93548838, 7.91243283e-006, 3.79344319e-006, -9.89095584e-006, 1, 0.935488363, -0.3533575, -2.46023005e-006, 0.3533575, 0.935488363, -6.64299663e-006, 4.64886926e-006, 5.34510531e-006, 1, 0, 0, 0, 0, 0, 0, 0, 0.115870508, 0.127297461, 0.151192358, -0.392562075, 0.590684416, 0.7048634, -0.202148437, -0.803100586, 0.560424805, 0.897162833, 0.0774960165, 0.434760546, 0, -0, 0, 0, 0, 0, 0, 0.173413574, 0.133956641, 0.0973376953, -0.757450585, 0.550234858, -0.35116263, -0.0394287109, -0.575561523, -0.816650391, -0.651592293, -0.604733134, 0.457744441, 0, 1, 5, 1, 
152.078591, 21, 0.1, 0.1, 0.0298076277, 0.345125185, -0.0349673373, 0.935488475, -0.353357203, 9.21064346e-006, 0.353357203, 0.935488475, -7.1158817e-006, -6.10200274e-006, 9.91147254e-006, 1, 0.935488461, -0.35335724, -3.28647144e-006, 0.35335724, 0.935488461, 5.98471102e-006, 9.59715142e-007, -6.75992658e-006, 1, 0, 0, 0, 0, 0, 0, 0, 0.115870508, 0.127297461, 0.151192358, -0.392562075, 0.590684416, 0.7048634, -0.202148437, -0.803100586, 0.560424805, 0.897162833, 0.0774960165, 0.434760546, 0, -0, 0, 0, 0, 0, 0, 0.173413574, 0.133956641, 0.0973376953, -0.757450585, 0.550234858, -0.35116263, -0.0394287109, -0.575561523, -0.816650391, -0.651592293, -0.604733134, 0.457744441, 0, 1, 5, 1, 
152.079305, 21, 0.1, 0.1, 0.029807628, 0.34512519, -0.034967845, 0.935488582, -0.353356919, -1.28966946e-005, 0.353356919, 0.935488582, 4.12727551e-006, 1.06063092e-005, -8.41815538e-006, 1, 0.935488552, -0.353357, -9.11952563e-006, 0.353357, 0.935488552, -1.19137988e-005, 1.2741036e-005, 7.92277416e-006, 1, 0, 0, 0, 0, 0, 0, 0, 0.115870508, 0.127297461, 0.151192358, -0.391280016, 0.591800601, 0.704584073, -0.203613281, -0.802368164, 0.560913086, 0.897454142, 0.0759597188, 0.434557604, 0, -0, 0, 0, 0, 0, 0, 0.173413574, 0.133956641, 0.0973376953, -0.757450585, 0.550234858, -0.35116263, -0.0394287109, -0.575561523, -0.816650391, -0.651592293, -0.604733134, 0.457744441, 0, 1, 5, 1, 
152.080009, 21, 0.1, 0.1, 0.0298076258, 0.345125185, -0.0349685999, 0.935488783, -0.353356388, 1.40485117e-005, 0.353356388, 0.935488783, -2.58293425e-006, -1.22295288e-005, 7.38043736e-006, 1, 0.935488739, -0.353356505, 1.42175507e-005, 0.353356505, 0.935488739, 1.25674721e-005, -1.77411566e-005, -6.7328646e-006, 1, 0, 0, 0, 0, 0, 0, 0, 0.116160156, 0.126680103, 0.149391528, -0.391280016, 0.591800601, 0.704584073, -0.203613281, -0.802368164, 0.560913086, 0.897454142, 0.0759597188, 0.434557604, 0, -0, 0, 0, 0, 0, 0, 0.173413574, 0.133956641, 0.0973376953, -0.757450585, 0.550234858, -0.35116263, -0.0394287109, -0.575561523, -0.816650391, -0.651592293, -0.604733134, 0.457744441, 0, 1, 5, 1, 
152.080716, 21, 0.1, 0.1, 0.029807631, 0.345125189, -0.0349695523, 0.935489075, -0.353355613, -2.71142194e-005, 0.353355613, 0.935489076, 2.86543192e-008, 2.53549309e-005, -9.60776742e-006, 1, 0.935489012, -0.353355782, -2.47841498e-005, 0.353355782, 0.935489012, -1.38636941e-005, 2.80841163e-005, 4.21171083e-006, 1, 0, 0, 0, 0, 0, 0, 0, 0.116160156, 0.126680103, 0.149391528, -0.391280016, 0.591800601, 0.704584073, -0.203613281, -0.802368164, 0.560913086, 0.897454142, 0.0759597188, 0.434557604, 0, -0, 0, 0, 0, 0, 0, 0.173413574, 0.133956641, 0.0973376953, -0.757450585, 0.550234858, -0.35116263, -0.0394287109, -0.575561523, -0.816650391, -0.651592293, -0.604733134, 0.457744441, 0, 1, 5, 1, 
152.081412, 21, 0.1, 0.1, 0.0298076291, 0.345125185, -0.0349703889, 0.935489452, -0.353354614, 3.20100638e-005, 0.353354614, 0.935489453, 3.894496e-006, -3.13212152e-005, 7.66764382e-006, 0.999999999, 0.935489368, -0.353354839, 2.18313151e-005, 0.353354839, 0.935489368, 1.50620156e-005, -2.57451993e-005, -6.3761546e-006, 1, 0, 0, 0, 0, 0, 0, 0, 0.116160156, 0.126680103, 0.149391528, -0.391280016, 0.591800601, 0.704584073, -0.203613281, -0.802368164, 0.560913086, 0.897454142, 0.0759597188, 0.434557604, 0, -0, 0, 0, 0, 0, 0, 0.173413574, 0.133956641, 0.0973376953, -0.757450585, 0.550234858, -0.35116263, -0.0394287109, -0.575561523, -0.816650391, -0.651592293, -0.604733134, 0.457744441, 0, 1, 5, 1, 
152.082147, 21, 0.1, 0.1, 0.0298076242, 0.345125187, -0.0349705969, 0.935489919, -0.353353379, -1.5337816e-005, 0.353353379, 0.935489919, -1.96497001e-006, 1.5042701e-005, -3.58145947e-006, 1, 0.935489826, -0.353353628, -1.1396771e-006, 0.353353628, 0.935489826, -1.03513673e-005, 4.7238495e-006, 9.28088973e-006, 1, 0, 0, 0, 0, 0, 0, 0, 0.116143652, 0.126493848, 0.147909253, -0.395837613, 0.592360377, 0.70153993, -0.204711914, -0.801635742, 0.561523437, 0.895209788, 0.0787136735, 0.438747506, 0, -0, 0, 0, 0, 0, 0, 0.173895947, 0.133562256, 0.0959972168, -0.756434896, 0.547845106, -0.356990274, -0.0329589844, -0.577148438, -0.815795898, -0.653081195, -0.605352535, 0.45479982, 0, 1, 5, 1, 
152.082853, 21, 0.1, 0.1, 0.0298076277, 0.345125187, -0.0349703258, 0.935490384, -0.35335215, 1.08611896e-005, 0.35335215, 0.935490384, -9.10765763e-006, -6.94232805e-006, 1.23579508e-005, 1, 0.93549029, -0.353352398, 3.85307306e-007, 0.353352398, 0.93549029, 1.11515967e-006, -7.54495589e-007, -9.07071787e-007, 1, 0, 0, 0, 0, 0, 0, 0, 0.116143652, 0.126493848, 0.147909253, -0.395837613, 0.592360377, 0.70153993, -0.204711914, -0.801635742, 0.561523437, 0.895209788, 0.0787136735, 0.438747506, 0, -0, 0, 0, 0, 0, 0, 0.173895947, 0.133562256, 0.0959972168, -0.756434896, 0.547845106, -0.356990274, -0.0329589844, -0.577148438, -0.815795898, -0.653081195, -0.605352535, 0.45479982, 0, 1, 5, 1, 
152.083563, 21, 0.1, 0.1, 0.0298076273, 0.34512519, -0.0349697673, 0.935490863, -0.353350881, -1.02202587e-005, 0.353350881, 0.935490863, 6.03088844e-006, 7.42993884e-006, -9.25317844e-006, 1, 0.935490758, -0.353351158, -6.69027073e-006, 0.353351158, 0.935490758, -9.61132725e-006, 9.65486005e-006, 6.62729291e-006, 1, 0, 0, 0, 0, 0, 0, 0, 0.116143652, 0.126493848, 0.147909253, -0.395837613, 0.592360377, 0.70153993, -0.204711914, -0.801635742, 0.561523437, 0.895209788, 0.0787136735, 0.438747506, 0, -0, 0, 0, 0, 0, 0, 0.173895947, 0.133562256, 0.0959972168, -0.756434896, 0.547845106, -0.356990274, -0.0329589844, -0.577148438, -0.815795898, -0.653081195, -0.605352535, 0.45479982, 0, 1, 5, 1, 
152.084265, 21, 0.1, 0.1, 0.0298076291, 0.345125186, -0.0349690228, 0.935491343, -0.353349612, -1.30474303e-006, 0.353349612, 0.935491343, -6.62560607e-006, 3.56173114e-006, 5.73716668e-006, 1, 0.935491252, -0.353349852, -2.86806561e-006, 0.353349852, 0.935491252, 7.89197936e-006, -1.05579453e-007, -8.39630821e-006, 1, 0, 0, 0, 0, 0, 0, 0, 0.116143652, 0.126493848, 0.147909253, -0.395837613, 0.592360377, 0.70153993, -0.204711914, -0.801635742, 0.561523437, 0.895209788, 0.0787136735, 0.438747506, 0, -0, 0, 0, 0, 0, 0, 0.173895947, 0.133562256, 0.0959972168, -0.756434896, 0.547845106, -0.356990274, -0.0329589844, -0.577148438, -0.815795898, -0.653081195, -0.605352535, 0.45479982, 0, 1, 5, 1, 
152.084973, 21, 0.1, 0.1, 0.0298076279, 0.345125188, -0.0349683898, 0.935491731, -0.353348584, -1.0504206e-005, 0.353348584, 0.935491731, 9.20300761e-006, 6.57472815e-006, -1.23209838e-005, 1, 0.935491663, -0.353348763, 3.71468944e-006, 0.353348763, 0.935491663, -1.10214494e-006, -3.08561945e-006, 2.34362832e-006, 1, 0, 0, 0, 0, 0, 0, 0, 0.116143652, 0.126493848, 0.147909253, -0.395837613, 0.592360377, 0.70153993, -0.204711914, -0.801635742, 0.561523437, 0.895209788, 0.0787136735, 0.438747506, 0, -0, 0, 0, 0, 0, 0, 0.173895947, 0.133562256, 0.0959972168, -0.756434896, 0.547845106, -0.356990274, -0.0329589844, -0.577148438, -0.815795898, -0.653081195, -0.605352535, 0.45479982, 0, 1, 5, 1, 
152.085679, 21, 0.1, 0.1, 0.0298076291, 0.345125183, -0.0349680849, 0.935492076, -0.353347668, 1.84776341e-005, 0.353347668, 0.935492077, -2.01086833e-007, -1.72146268e-005, 6.71714407e-006, 1, 0.935492004, -0.353347859, 7.53780172e-006, 0.353347859, 0.935492004, 1.18733772e-005, -1.12469857e-005, -8.44398332e-006, 1, 0, 0, 0, 0, 0, 0, 0, 0.116143652, 0.126493848, 0.147909253, -0.395837613, 0.592360377, 0.70153993, -0.204711914, -0.801635742, 0.561523437, 0.895209788, 0.0787136735, 0.438747506, 0, -0, 0, 0, 0, 0, 0, 0.173895947, 0.133562256, 0.0959972168, -0.756434896, 0.547845106, -0.356990274, -0.0329589844, -0.577148438, -0.815795898, -0.653081195, -0.605352535, 0.45479982, 0, 1, 5, 1, 
152.086392, 21, 0.1, 0.1, 0.0298076271, 0.345125186, -0.034968133, 0.93549247, -0.353346627, -8.34221801e-006, 0.353346627, 0.93549247, 6.51254294e-006, 5.50289704e-006, -9.04012948e-006, 1, 0.93549238, -0.353346864, -3.31879849e-006, 0.353346864, 0.93549238, -8.30344994e-006, 6.03870869e-006, 6.59512711e-006, 1, 0, 0, 0, 0, 0, 0, 0, 0.116143652, 0.126493848, 0.147909253, -0.398510314, 0.594289456, 0.698476692, -0.208374023, -0.800292969, 0.562133789, 0.893161264, 0.0784081375, 0.442816842, 0, -0, 0, 0, 0, 0, 0, 0.173895947, 0.133562256, 0.0959972168, -0.756434896, 0.547845106, -0.356990274, -0.0329589844, -0.577148438, -0.815795898, -0.653081195, -0.605352535, 0.45479982, 0, 1, 5, 1, 
152.087114, 21, 0.1, 0.1, 0.0298076286, 0.345125183, -0.0349682051, 0.935492875, -0.353345555, 6.21758573e-006, 0.353345555, 0.935492875, -8.99315603e-006, -2.63881544e-006, 1.06099897e-005, 1, 0.935492806, -0.353345737, -4.92990951e-006, 0.353345737, 0.935492806, 3.16456568e-006, 3.49370909e-006, -4.70239094e-006, 1, 0, 0, 0, 0, 0, 0, 0, 0.116224072, 0.125698535, 0.146425635, -0.398510314, 0.594289456, 0.698476692, -0.208374023, -0.800292969, 0.562133789, 0.893161264, 0.0784081375, 0.442816842, 0, -0, 0, 0, 0, 0, 0, 0.174209277, 0.132633154, 0.0944286133, -0.754173475, 0.547014618, -0.362964838, -0.0278320312, -0.578979492, -0.814697266, -0.655912078, -0.604457881, 0.452085242, 0, 1, 5, 1, 
152.08782, 21, 0.1, 0.1, 0.0298076264, 0.345125187, -0.034968591, 0.935493223, -0.353344632, 3.20660444e-006, 0.353344632, 0.935493223, 6.31595979e-006, -5.23146722e-006, -4.77550111e-006, 1, 0.935493161, -0.353344797, 8.02711056e-006, 0.353344797, 0.935493161, -7.20039774e-006, -4.96508396e-006, 9.57226059e-006, 1, 0, 0, 0, 0, 0, 0, 0, 0.116224072, 0.125698535, 0.146425635, -0.398510314, 0.594289456, 0.698476692, -0.208374023, -0.800292969, 0.562133789, 0.893161264, 0.0784081375, 0.442816842, 0, -0, 0, 0, 0, 0, 0, 0.174209277, 0.132633154, 0.0944286133, -0.754173475, 0.547014618, -0.362964838, -0.0278320312, -0.578979492, -0.814697266, -0.655912078, -0.604457881, 0.452085242, 0, 1, 5, 1, 
152.088538, 21, 0.1, 0.1, 0.0298076279, 0.345125184, -0.0349692119, 0.935493484, -0.353343942, 5.45789949e-006, 0.353343942, 0.935493484, -9.6431142e-006, -1.69849343e-006, 1.09495862e-005, 1, 0.935493439, -0.35334406, -5.11076536e-006, 0.35334406, 0.935493439, 1.2282189e-006, 4.34710361e-006, -2.95484931e-006, 1, 0, 0, 0, 0, 0, 0, 0, 0.116224072, 0.125698535, 0.146425635, -0.398510314, 0.594289456, 0.698476692, -0.208374023, -0.800292969, 0.562133789, 0.893161264, 0.0784081375, 0.442816842, 0, -0, 0, 0, 0, 0, 0, 0.174209277, 0.132633154, 0.0944286133, -0.754173475, 0.547014618, -0.362964838, -0.0278320312, -0.578979492, -0.814697266, -0.655912078, -0.604457881, 0.452085242, 0, 1, 5, 1, 
