time, trialNum, realDorsalTactorPos, realVentralTactorPos, boxPosX, boxPosY, boxPosZ, boxLocalRot_11, boxLocalRot_12, boxLocalRot_13, boxLocalRot_21, boxLocalRot_22, boxLocalRot_23, boxLocalRot_31, boxLocalRot_32, boxLocalRot_33, boxGlobalRot_11, boxGlobalRot_12, boxGlobalRot_13, boxGlobalRot_21, boxGlobalRot_22, boxGlobalRot_23, boxGlobalRot_31, boxGlobalRot_32, boxGlobalRot_33, indexForceX, indexForceY, indexForceZ, indexForceGlobalX, indexForceGlobalY, indexForceGlobalZ, indexContact, indexPosX, indexPosY, indexPosZ, indexRot_11, indexRot_12, indexRot_13, indexRot_21, indexRot_22, indexRot_23, indexRot_31, indexRot_32, indexRot_33, thumbForceX, thumbForceY, thumbForceZ, thumbForceGlobalX, thumbForceGlobalY, thumbForceGlobalZ, thumbContact, thumbPosX, thumbPosY, thumbPosZ, thumbRot_11, thumbRot_12, thumbRot_13, thumbRot_21, thumbRot_22, thumbRot_23, thumbRot_31, thumbRot_32, thumbRot_33, manipForceTooHigh, cceExpType, mapping, trialSuccess, 
137.251149, 17, 0.1, 0.1, -0.00495967302, 0.32283331, -0.0349693692, 0.892557281, -0.45093403, -5.21851697e-006, 0.45093403, 0.892557281, 8.99675097e-007, 4.2521312e-006, -3.15621845e-006, 1, 0.89255728, -0.450934032, -1.8442981e-006, 0.450934032, 0.89255728, -3.22628211e-007, 1.79162574e-006, -5.43692621e-007, 1, 0, 0, 0, 0, 0, 0, 0, 0.162689673, 0.158268115, 0.142567139, -0.738802477, 0.607560209, 0.291499198, -0.598754883, -0.790283203, 0.129516602, 0.309200275, -0.0789252128, 0.947757398, 0, 0, -0, 0, 0, 0, 0, 0.233801904, 0.154895703, 0.150069141, -0.49374343, 0.64995654, -0.57759716, 0.484375, -0.346069336, -0.803344727, -0.722192464, -0.676489579, -0.143927465, 0, 1, 5, 1, 
137.285616, 17, 0.1, 0.1, -0.0049596858, 0.322833325, -0.0349683457, 0.892572651, -0.450903607, -5.49133055e-006, 0.450903606, 0.892572651, -2.43118044e-005, 1.58636918e-005, 1.9223991e-005, 1, 0.892572492, -0.450903921, 1.14411213e-006, 0.450903921, 0.892572492, -1.86255371e-005, 7.37712469e-006, 1.71405267e-005, 1, 0, 0, 0, 0, 0, 0, 0, 0.163152368, 0.160188379, 0.14271748, -0.721347914, 0.620311163, 0.307787783, -0.616821289, -0.777587891, 0.121582031, 0.314839995, -0.102202578, 0.943694437, 0, 0, -0, 0, 0, 0, 0, 0.233797998, 0.155209131, 0.149214941, -0.490780219, 0.661503918, -0.566933142, 0.472900391, -0.344238281, -0.811035156, -0.731700435, -0.666070197, -0.143788573, 0, 1, 5, 1, 
137.28632, 17, 0.1, 0.1, -0.00495968408, 0.322833324, -0.0349698908, 0.892573445, -0.450902035, 6.19393555e-006, 0.450902035, 0.892573445, 2.36681795e-005, -1.62005727e-005, -1.83327303e-005, 1, 0.892573285, -0.450902351, -1.71079741e-007, 0.450902351, 0.892573285, 1.81336497e-005, -8.02380408e-006, -1.62627516e-005, 1, 0, 0, 0, 0, 0, 0, 0, 0.163152368, 0.160188379, 0.14271748, -0.721347914, 0.620311163, 0.307787783, -0.616821289, -0.777587891, 0.121582031, 0.314839995, -0.102202578, 0.943694437, 0, 0, -0, 0, 0, 0, 0, 0.233797998, 0.155209131, 0.149214941, -0.490780219, 0.661503918, -0.566933142, 0.472900391, -0.344238281, -0.811035156, -0.731700435, -0.666070197, -0.143788573, 0, 1, 5, 1, 
137.287021, 17, 0.1, 0.1, -0.00495968581, 0.322833325, -0.034971157, 0.892574232, -0.450900478, -4.9356901e-006, 0.450900478, 0.892574232, -2.14024665e-005, 1.40558522e-005, 1.68777851e-005, 1, 0.892574075, -0.450900788, 1.09782628e-006, 0.450900788, 0.892574075, -1.62774558e-005, 6.35962636e-006, 1.50238458e-005, 1, 0, 0, 0, 0, 0, 0, 0, 0.163152368, 0.160188379, 0.14271748, -0.721347914, 0.620311163, 0.307787783, -0.616821289, -0.777587891, 0.121582031, 0.314839995, -0.102202578, 0.943694437, 0, 0, -0, 0, 0, 0, 0, 0.233797998, 0.155209131, 0.149214941, -0.490780219, 0.661503918, -0.566933142, 0.472900391, -0.344238281, -0.811035156, -0.731700435, -0.666070197, -0.143788573, 0, 1, 5, 1, 
137.287734, 17, 0.1, 0.1, -0.00495968436, 0.322833324, -0.0349718138, 0.892575027, -0.450898904, 6.33142015e-006, 0.450898904, 0.892575027, 2.27415468e-005, -1.5905406e-005, -1.74437063e-005, 1, 0.892574855, -0.450899244, -6.98868169e-008, 0.450899244, 0.892574855, 1.73627895e-005, -7.76648945e-006, -1.55291013e-005, 1, 0, 0, 0, 0, 0, 0, 0, 0.163152368, 0.160188379, 0.14271748, -0.721373001, 0.62036246, 0.307527552, -0.616455078, -0.777587891, 0.122802734, 0.315461928, -0.101098376, 0.943612061, 0, 0, -0, 0, 0, 0, 0, 0.233797998, 0.155209131, 0.149214941, -0.490780219, 0.661503918, -0.566933142, 0.472900391, -0.344238281, -0.811035156, -0.731700435, -0.666070197, -0.143788573, 0, 1, 5, 1, 
137.28845, 17, 0.1, 0.1, -0.00495968603, 0.322833325, -0.0349714133, 0.892575818, -0.450897337, -5.42956669e-006, 0.450897337, 0.892575818, -2.17528463e-005, 1.46546004e-005, 1.69678874e-005, 1, 0.892575661, -0.450897649, 7.48468609e-007, 0.450897649, 0.892575661, -1.67612804e-005, 6.88955706e-006, 1.52981937e-005, 1, 0, 0, 0, 0, 0, 0, 0, 0.163152979, 0.16019436, 0.142480688, -0.721373001, 0.62036246, 0.307527552, -0.616455078, -0.777587891, 0.122802734, 0.315461928, -0.101098376, 0.943612061, 0, 0, -0, 0, 0, 0, 0, 0.233865381, 0.155142627, 0.149029541, -0.489266164, 0.663267706, -0.566115414, 0.472045898, -0.344360352, -0.811401367, -0.733259699, -0.664166418, -0.144561826, 0, 1, 5, 1, 
137.289149, 17, 0.1, 0.1, -0.00495968443, 0.322833323, -0.0349704567, 0.892576587, -0.450895815, 6.05604176e-006, 0.450895815, 0.892576587, 2.36260574e-005, -1.60583715e-005, -1.83574218e-005, 1, 0.892576434, -0.450896119, 1.13232128e-009, 0.450896119, 0.892576433, 1.87152284e-005, -8.43963454e-006, -1.67042613e-005, 1, 0, 0, 0, 0, 0, 0, 0, 0.163152979, 0.16019436, 0.142480688, -0.721373001, 0.62036246, 0.307527552, -0.616455078, -0.777587891, 0.122802734, 0.315461928, -0.101098376, 0.943612061, 0, 0, -0, 0, 0, 0, 0, 0.233865381, 0.155142627, 0.149029541, -0.489266164, 0.663267706, -0.566115414, 0.472045898, -0.344360352, -0.811401367, -0.733259699, -0.664166418, -0.144561826, 0, 1, 5, 1, 
137.289855, 17, 0.1, 0.1, -0.00495968575, 0.322833325, -0.0349692256, 0.892577362, -0.450894281, -7.07031504e-006, 0.450894281, 0.892577362, -2.4912717e-005, 1.75438048e-005, 1.90485626e-005, 1, 0.892577207, -0.450894589, -5.19189846e-007, 0.450894589, 0.892577207, -1.96436418e-005, 9.32062883e-006, 1.72993671e-005, 1, 0, 0, 0, 0, 0, 0, 0, 0.163152979, 0.16019436, 0.142480688, -0.721373001, 0.62036246, 0.307527552, -0.616455078, -0.777587891, 0.122802734, 0.315461928, -0.101098376, 0.943612061, 0, 0, -0, 0, 0, 0, 0, 0.233865381, 0.155142627, 0.149029541, -0.489266164, 0.663267706, -0.566115414, 0.472045898, -0.344360352, -0.811401367, -0.733259699, -0.664166418, -0.144561826, 0, 1, 5, 1, 
137.290569, 17, 0.1, 0.1, -0.00495968377, 0.322833324, -0.0349680655, 0.892578149, -0.450892723, 6.42501486e-006, 0.450892723, 0.892578149, 2.51071678e-005, -1.70554671e-005, -1.95131169e-005, 1, 0.892577979, -0.450893061, -8.72099521e-007, 0.450893061, 0.892577978, 1.91417041e-005, -7.8524447e-006, -1.74786871e-005, 1, 0, 0, 0, 0, 0, 0, 0, 0.163152979, 0.16019436, 0.142480688, -0.721373001, 0.62036246, 0.307527552, -0.616455078, -0.777587891, 0.122802734, 0.315461928, -0.101098376, 0.943612061, 0, 0, -0, 0, 0, 0, 0, 0.233865381, 0.155142627, 0.149029541, -0.489266164, 0.663267706, -0.566115414, 0.472045898, -0.344360352, -0.811401367, -0.733259699, -0.664166418, -0.144561826, 0, 1, 5, 1, 
137.291269, 17, 0.1, 0.1, -0.00495968533, 0.322833325, -0.0349672515, 0.89257893, -0.450891177, -6.91969206e-006, 0.450891177, 0.89257893, -2.58984138e-005, 1.78537376e-005, 1.99963504e-005, 1, 0.892578773, -0.450891488, -1.82460645e-008, 0.450891488, 0.892578773, -2.02257076e-005, 9.13588543e-006, 1.80448102e-005, 1, 0, 0, 0, 0, 0, 0, 0, 0.163152979, 0.16019436, 0.142480688, -0.721373001, 0.62036246, 0.307527552, -0.616455078, -0.777587891, 0.122802734, 0.315461928, -0.101098376, 0.943612061, 0, 0, -0, 0, 0, 0, 0, 0.233865381, 0.155142627, 0.149029541, -0.489266164, 0.663267706, -0.566115414, 0.472045898, -0.344360352, -0.811401367, -0.733259699, -0.664166418, -0.144561826, 0, 1, 5, 1, 
137.291969, 17, 0.1, 0.1, -0.00495968327, 0.322833324, -0.0349671573, 0.892579717, -0.450889619, 6.20209758e-006, 0.450889618, 0.892579717, 2.57464811e-005, -1.71446875e-005, -2.01843254e-005, 1, 0.89257956, -0.450889931, -6.49880175e-007, 0.450889931, 0.892579559, 1.99946308e-005, -8.43530795e-006, -1.81398232e-005, 1, 0, 0, 0, 0, 0, 0, 0, 0.163152979, 0.16019436, 0.142480688, -0.721373001, 0.62036246, 0.307527552, -0.616455078, -0.777587891, 0.122802734, 0.315461928, -0.101098376, 0.943612061, 0, 0, -0, 0, 0, 0, 0, 0.233865381, 0.155142627, 0.149029541, -0.489266164, 0.663267706, -0.566115414, 0.472045898, -0.344360352, -0.811401367, -0.733259699, -0.664166418, -0.144561826, 0, 1, 5, 1, 
137.292694, 17, 0.1, 0.1, -0.00495968464, 0.322833325, -0.034967678, 0.892580542, -0.450887986, -7.94043663e-006, 0.450887986, 0.892580542, -2.67260935e-005, 1.91379537e-005, 2.02749435e-005, 1, 0.892580366, -0.450888336, -5.53456474e-007, 0.450888335, 0.892580365, -2.04851758e-005, 9.7305312e-006, 1.80351186e-005, 1, 0, 0, 0, 0, 0, 0, 0, 0.163194971, 0.160032031, 0.142231689, -0.720573212, 0.621498864, 0.307026186, -0.6171875, -0.776855469, 0.124145508, 0.315829622, -0.100166037, 0.943567878, 0, 0, -0, 0, 0, 0, 0, 0.233865381, 0.155142627, 0.149029541, -0.487630707, 0.664680049, -0.565821572, 0.471313477, -0.344970703, -0.811523437, -0.734806204, -0.662422319, -0.145021912, 0, 1, 5, 1, 
137.293393, 17, 0.1, 0.1, -0.00495968222, 0.322833325, -0.0349684141, 0.892581345, -0.450886397, 4.91786187e-006, 0.450886397, 0.892581344, 2.37281081e-005, -1.50882729e-005, -1.89618696e-005, 1, 0.892581184, -0.450886715, -1.89155126e-006, 0.450886714, 0.892581184, 1.77500403e-005, -6.31489431e-006, -1.66962274e-005, 1, 0, 0, 0, 0, 0, 0, 0, 0.163194971, 0.160032031, 0.142231689, -0.720573212, 0.621498864, 0.307026186, -0.6171875, -0.776855469, 0.124145508, 0.315829622, -0.100166037, 0.943567878, 0, 0, -0, 0, 0, 0, 0, 0.233941064, 0.155049512, 0.148816064, -0.487630707, 0.664680049, -0.565821572, 0.471313477, -0.344970703, -0.811523437, -0.734806204, -0.662422319, -0.145021912, 0, 1, 5, 1, 
137.294091, 17, 0.1, 0.1, -0.00495968371, 0.322833326, -0.0349694386, 0.892582146, -0.450884811, -5.72224596e-006, 0.450884811, 0.892582146, -2.24698835e-005, 1.52389037e-005, 1.7476143e-005, 1, 0.892581987, -0.450885126, 3.94751926e-007, 0.450885126, 0.892581987, -1.7343578e-005, 7.4676129e-006, 1.56585531e-005, 1, 0, 0, 0, 0, 0, 0, 0, 0.163194971, 0.160032031, 0.142231689, -0.720573212, 0.621498864, 0.307026186, -0.6171875, -0.776855469, 0.124145508, 0.315829622, -0.100166037, 0.943567878, 0, 0, -0, 0, 0, 0, 0, 0.233941064, 0.155049512, 0.148816064, -0.487630707, 0.664680049, -0.565821572, 0.471313477, -0.344970703, -0.811523437, -0.734806204, -0.662422319, -0.145021912, 0, 1, 5, 1, 
137.29479, 17, 0.1, 0.1, -0.00495968215, 0.322833324, -0.0349704296, 0.892582944, -0.450883232, 6.53519727e-006, 0.450883232, 0.892582943, 2.49252351e-005, -1.70715762e-005, -1.93012288e-005, 1, 0.892582785, -0.450883546, 2.38285931e-007, 0.450883546, 0.892582785, 1.95514691e-005, -9.02812564e-006, -1.73438655e-005, 1, 0, 0, 0, 0, 0, 0, 0, 0.163194971, 0.160032031, 0.142231689, -0.720573212, 0.621498864, 0.307026186, -0.6171875, -0.776855469, 0.124145508, 0.315829622, -0.100166037, 0.943567878, 0, 0, -0, 0, 0, 0, 0, 0.233941064, 0.155049512, 0.148816064, -0.487630707, 0.664680049, -0.565821572, 0.471313477, -0.344970703, -0.811523437, -0.734806204, -0.662422319, -0.145021912, 0, 1, 5, 1, 
137.295491, 17, 0.1, 0.1, -0.00495968404, 0.322833324, -0.0349710797, 0.89258374, -0.450881655, -4.49887238e-006, 0.450881655, 0.89258374, -2.03035895e-005, 1.31701364e-005, 1.60941948e-005, 1, 0.892583579, -0.450881974, 1.65452746e-006, 0.450881974, 0.892583579, -1.49003927e-005, 5.24151444e-006, 1.40458425e-005, 1, 0, 0, 0, 0, 0, 0, 0, 0.163194971, 0.160032031, 0.142231689, -0.720573212, 0.621498864, 0.307026186, -0.6171875, -0.776855469, 0.124145508, 0.315829622, -0.100166037, 0.943567878, 0, 0, -0, 0, 0, 0, 0, 0.233941064, 0.155049512, 0.148816064, -0.487630707, 0.664680049, -0.565821572, 0.471313477, -0.344970703, -0.811523437, -0.734806204, -0.662422319, -0.145021912, 0, 1, 5, 1, 
137.296189, 17, 0.1, 0.1, -0.00495968273, 0.322833323, -0.0349712134, 0.892584525, -0.450880101, 6.58165698e-006, 0.450880101, 0.892584525, 2.28615931e-005, -1.61825226e-005, -1.7438366e-005, 1, 0.892584368, -0.450880411, 6.563182e-007, 0.450880411, 0.892584368, 1.81454283e-005, -8.76723756e-006, -1.59004047e-005, 1, 0, 0, 0, 0, 0, 0, 0, 0.163194971, 0.160032031, 0.142231689, -0.720573212, 0.621498864, 0.307026186, -0.6171875, -0.776855469, 0.124145508, 0.315829622, -0.100166037, 0.943567878, 0, 0, -0, 0, 0, 0, 0, 0.233941064, 0.155049512, 0.148816064, -0.487630707, 0.664680049, -0.565821572, 0.471313477, -0.344970703, -0.811523437, -0.734806204, -0.662422319, -0.145021912, 0, 1, 5, 1, 
137.296891, 17, 0.1, 0.1, -0.00495968438, 0.322833324, -0.0349708137, 0.892585309, -0.450878548, -5.50453324e-006, 0.450878548, 0.892585309, -2.35108414e-005, 1.55137996e-005, 1.85035557e-005, 1, 0.892585151, -0.450878862, 7.83765886e-007, 0.450878862, 0.892585151, -1.82411091e-005, 7.52495271e-006, 1.66351265e-005, 1, 0, 0, 0, 0, 0, 0, 0, 0.163194971, 0.160032031, 0.142231689, -0.720573212, 0.621498864, 0.307026186, -0.6171875, -0.776855469, 0.124145508, 0.315829622, -0.100166037, 0.943567878, 0, 0, -0, 0, 0, 0, 0, 0.233941064, 0.155049512, 0.148816064, -0.487630707, 0.664680049, -0.565821572, 0.471313477, -0.344970703, -0.811523437, -0.734806204, -0.662422319, -0.145021912, 0, 1, 5, 1, 
137.297618, 17, 0.1, 0.1, -0.00495968286, 0.322833323, -0.0349698105, 0.892586119, -0.450876945, 7.21256639e-006, 0.450876944, 0.892586119, 2.45950177e-005, -1.75271631e-005, -1.87011915e-005, 1, 0.892585962, -0.450877256, 9.89139326e-007, 0.450877256, 0.892585962, 1.9746753e-005, -9.78625366e-006, -1.71796941e-005, 1, 0, 0, 0, 0, 0, 0, 0, 0.163266626, 0.160103076, 0.141593213, -0.719284041, 0.622813122, 0.307673207, -0.617797852, -0.776000977, 0.126708984, 0.3177265, -0.0988910917, 0.942971032, 0, 0, -0, 0, 0, 0, 0, 0.234158691, 0.154954687, 0.148237891, -0.487222026, 0.666105152, -0.564671355, 0.469360352, -0.345458984, -0.8125, -0.736358905, -0.660799622, -0.144287306, 0, 1, 5, 1, 
137.298315, 17, 0.1, 0.1, -0.00495968455, 0.322833324, -0.034968676, 0.892586897, -0.450875405, -6.23049202e-006, 0.450875404, 0.892586897, -2.5101079e-005, 1.68787147e-005, 1.95957187e-005, 1, 0.892586741, -0.450875714, 4.27868932e-007, 0.450875714, 0.892586741, -1.95538759e-005, 8.43445761e-006, 1.76464461e-005, 1, 0, 0, 0, 0, 0, 0, 0, 0.163266626, 0.160103076, 0.141593213, -0.719284041, 0.622813122, 0.307673207, -0.617797852, -0.776000977, 0.126708984, 0.3177265, -0.0988910917, 0.942971032, 0, 0, -0, 0, 0, 0, 0, 0.234158691, 0.154954687, 0.148237891, -0.487222026, 0.666105152, -0.564671355, 0.469360352, -0.345458984, -0.8125, -0.736358905, -0.660799622, -0.144287306, 0, 1, 5, 1, 
137.299018, 17, 0.1, 0.1, -0.00495968267, 0.322833323, -0.0349678223, 0.892587687, -0.450873842, 6.27367712e-006, 0.450873842, 0.892587687, 2.42579326e-005, -1.65370742e-005, -1.88236951e-005, 1, 0.892587529, -0.450874155, -3.8566131e-007, 0.450874155, 0.892587529, 1.88633916e-005, -8.16077926e-006, -1.70111128e-005, 1, 0, 0, 0, 0, 0, 0, 0, 0.163266626, 0.160103076, 0.141593213, -0.719284041, 0.622813122, 0.307673207, -0.617797852, -0.776000977, 0.126708984, 0.3177265, -0.0988910917, 0.942971032, 0, 0, -0, 0, 0, 0, 0, 0.234158691, 0.154954687, 0.148237891, -0.487222026, 0.666105152, -0.564671355, 0.469360352, -0.345458984, -0.8125, -0.736358905, -0.660799622, -0.144287306, 0, 1, 5, 1, 
137.299718, 17, 0.1, 0.1, -0.00495968417, 0.322833325, -0.0349675033, 0.892588477, -0.450872278, -7.09903273e-006, 0.450872277, 0.892588477, -2.70017995e-005, 1.85108777e-005, 2.09007381e-005, 1, 0.892588317, -0.450872594, -1.79670502e-007, 0.450872594, 0.892588317, -2.12146784e-005, 9.72548887e-006, 1.88549656e-005, 1, 0, 0, 0, 0, 0, 0, 0, 0.163266626, 0.160103076, 0.141593213, -0.719284041, 0.622813122, 0.307673207, -0.617797852, -0.776000977, 0.126708984, 0.3177265, -0.0988910917, 0.942971032, 0, 0, -0, 0, 0, 0, 0, 0.234158691, 0.154954687, 0.148237891, -0.487222026, 0.666105152, -0.564671355, 0.469360352, -0.345458984, -0.8125, -0.736358905, -0.660799622, -0.144287306, 0, 1, 5, 1, 
137.300445, 17, 0.1, 0.1, -0.00495968181, 0.322833324, -0.0349675217, 0.892589305, -0.450870638, 5.63741833e-006, 0.450870637, 0.892589305, 2.54191129e-005, -1.64926309e-005, -2.01470819e-005, 1, 0.892589142, -0.450870961, -1.3249387e-006, 0.450870961, 0.892589142, 1.96902926e-005, -7.69515524e-006, -1.81727177e-005, 1, 0, 0, 0, 0, 0, 0, 0, 0.163255029, 0.160108936, 0.141102661, -0.719550263, 0.622795148, 0.306810139, -0.61706543, -0.776245117, 0.12878418, 0.318386625, -0.09666359, 0.942984137, 0, 0, -0, 0, 0, 0, 0, 0.234393164, 0.155024756, 0.147836328, -0.486755743, 0.666865644, -0.564089866, 0.468383789, -0.345825195, -0.812988281, -0.737291838, -0.659860492, -0.143980704, 0, 1, 5, 1, 
137.301146, 17, 0.1, 0.1, -0.00495968333, 0.322833325, -0.0349680064, 0.892590108, -0.450869049, -6.64421851e-006, 0.450869049, 0.892590108, -2.52441834e-005, 1.73123847e-005, 1.95370359e-005, 1, 0.892589947, -0.450869367, 2.74752182e-008, 0.450869367, 0.892589947, -1.94796843e-005, 8.75826882e-006, 1.73997581e-005, 1, 0, 0, 0, 0, 0, 0, 0, 0.163255029, 0.160108936, 0.141102661, -0.719550263, 0.622795148, 0.306810139, -0.61706543, -0.776245117, 0.12878418, 0.318386625, -0.09666359, 0.942984137, 0, 0, -0, 0, 0, 0, 0, 0.234393164, 0.155024756, 0.147836328, -0.486755743, 0.666865644, -0.564089866, 0.468383789, -0.345825195, -0.812988281, -0.737291838, -0.659860492, -0.143980704, 0, 1, 5, 1, 
137.301843, 17, 0.1, 0.1, -0.00495968129, 0.322833325, -0.0349688845, 0.892590909, -0.450867464, 5.41642964e-006, 0.450867464, 0.892590908, 2.3067481e-005, -1.52350325e-005, -1.81477319e-005, 1, 0.892590749, -0.45086778, -1.11578087e-006, 0.45086778, 0.892590749, 1.75621406e-005, -6.92226765e-006, -1.61788738e-005, 1, 0, 0, 0, 0, 0, 0, 0, 0.163255029, 0.160108936, 0.141102661, -0.719550263, 0.622795148, 0.306810139, -0.61706543, -0.776245117, 0.12878418, 0.318386625, -0.09666359, 0.942984137, 0, 0, -0, 0, 0, 0, 0, 0.234393164, 0.155024756, 0.147836328, -0.486755743, 0.666865644, -0.564089866, 0.468383789, -0.345825195, -0.812988281, -0.737291838, -0.659860492, -0.143980704, 0, 1, 5, 1, 
137.302547, 17, 0.1, 0.1, -0.00495968278, 0.322833326, -0.0349699055, 0.892591715, -0.450865868, -6.08328713e-006, 0.450865868, 0.892591715, -2.43760912e-005, 1.64202392e-005, 1.90151505e-005, 1, 0.892591552, -0.450866191, 2.40618834e-007, 0.45086619, 0.892591552, -1.89710433e-005, 8.33862769e-006, 1.70418799e-005, 1, 0, 0, 0, 0, 0, 0, 0, 0.163255029, 0.160108936, 0.141102661, -0.719550263, 0.622795148, 0.306810139, -0.61706543, -0.776245117, 0.12878418, 0.318386625, -0.09666359, 0.942984137, 0, 0, -0, 0, 0, 0, 0, 0.234393164, 0.155024756, 0.147836328, -0.486755743, 0.666865644, -0.564089866, 0.468383789, -0.345825195, -0.812988281, -0.737291838, -0.659860492, -0.143980704, 0, 1, 5, 1, 
137.30324, 17, 0.1, 0.1, -0.00495968103, 0.322833326, -0.0349707307, 0.892592504, -0.450864305, 5.57164889e-006, 0.450864305, 0.892592504, 2.14287795e-005, -1.46346838e-005, -1.66151103e-005, 1, 0.892592347, -0.450864616, -5.39353665e-007, 0.450864616, 0.892592347, 1.6195747e-005, -6.82066629e-006, -1.46993753e-005, 1, 0, 0, 0, 0, 0, 0, 0, 0.163255029, 0.160108936, 0.141102661, -0.719550263, 0.622795148, 0.306810139, -0.61706543, -0.776245117, 0.12878418, 0.318386625, -0.09666359, 0.942984137, 0, 0, -0, 0, 0, 0, 0, 0.234393164, 0.155024756, 0.147836328, -0.486755743, 0.666865644, -0.564089866, 0.468383789, -0.345825195, -0.812988281, -0.737291838, -0.659860492, -0.143980704, 0, 1, 5, 1, 
137.303941, 17, 0.1, 0.1, -0.00495968255, 0.322833327, -0.0349711739, 0.892593296, -0.450862737, -5.48783275e-006, 0.450862737, 0.892593296, -2.26758671e-005, 1.51221062e-005, 1.77660676e-005, 1, 0.892593137, -0.450863053, 5.28402438e-007, 0.450863053, 0.892593136, -1.7740917e-005, 7.5270756e-006, 1.60736579e-005, 1, 0, 0, 0, 0, 0, 0, 0, 0.163255029, 0.160108936, 0.141102661, -0.719550263, 0.622795148, 0.306810139, -0.61706543, -0.776245117, 0.12878418, 0.318386625, -0.09666359, 0.942984137, 0, 0, -0, 0, 0, 0, 0, 0.234393164, 0.155024756, 0.147836328, -0.486755743, 0.666865644, -0.564089866, 0.468383789, -0.345825195, -0.812988281, -0.737291838, -0.659860492, -0.143980704, 0, 1, 5, 1, 
137.30466, 17, 0.1, 0.1, -0.0049596812, 0.322833326, -0.0349709996, 0.892594104, -0.450861139, 7.22621302e-006, 0.450861138, 0.892594103, 2.38056417e-005, -1.71831138e-005, -1.79907567e-005, 1, 0.89259393, -0.450861482, 5.50929587e-007, 0.450861482, 0.89259393, 1.82340534e-005, -8.71278874e-006, -1.60272124e-005, 1, 0, 0, 0, 0, 0, 0, 0, 0.163255029, 0.160108936, 0.141102661, -0.718769571, 0.624325454, 0.305604465, -0.617797852, -0.775268555, 0.130859375, 0.318633751, -0.0948049039, 0.943175097, 0, 0, -0, 0, 0, 0, 0, 0.234393164, 0.155024756, 0.147836328, -0.486755743, 0.666865644, -0.564089866, 0.468383789, -0.345825195, -0.812988281, -0.737291838, -0.659860492, -0.143980704, 0, 1, 5, 1, 
137.305372, 17, 0.1, 0.1, -0.00495968317, 0.322833326, -0.0349700643, 0.892594899, -0.450859563, -5.031902e-006, 0.450859563, 0.892594899, -2.27820538e-005, 1.47629569e-005, 1.80664639e-005, 1, 0.892594742, -0.450859874, 1.31464148e-006, 0.450859874, 0.892594742, -1.7771944e-005, 6.83921435e-006, 1.64558629e-005, 1, 0, 0, 0, 0, 0, 0, 0, 0.163518921, 0.159746313, 0.140818384, -0.718769571, 0.624325454, 0.305604465, -0.617797852, -0.775268555, 0.130859375, 0.318633751, -0.0948049039, 0.943175097, 0, 0, -0, 0, 0, 0, 0, 0.23467207, 0.154728418, 0.147218115, -0.485337569, 0.668495271, -0.563374217, 0.466918945, -0.346557617, -0.813476562, -0.739106666, -0.657848071, -0.143782743, 0, 1, 5, 1, 
137.306073, 17, 0.1, 0.1, -0.00495968176, 0.322833325, -0.0349689941, 0.892595682, -0.450858014, 7.11445045e-006, 0.450858014, 0.892595682, 2.54478281e-005, -1.7823685e-005, -1.95070145e-005, 1, 0.892595526, -0.450858323, 7.52598788e-007, 0.450858323, 0.892595525, 2.0174437e-005, -9.76757914e-006, -1.76682968e-005, 1, 0, 0, 0, 0, 0, 0, 0, 0.163518921, 0.159746313, 0.140818384, -0.718769571, 0.624325454, 0.305604465, -0.617797852, -0.775268555, 0.130859375, 0.318633751, -0.0948049039, 0.943175097, 0, 0, -0, 0, 0, 0, 0, 0.23467207, 0.154728418, 0.147218115, -0.485337569, 0.668495271, -0.563374217, 0.466918945, -0.346557617, -0.813476562, -0.739106666, -0.657848071, -0.143782743, 0, 1, 5, 1, 
137.306826, 17, 0.1, 0.1, -0.00495968341, 0.322833328, -0.0349676258, 0.892596526, -0.450856342, -7.81961414e-006, 0.450856341, 0.892596526, -3.02811016e-005, 2.06321871e-005, 2.35032835e-005, 1, 0.892596369, -0.450856653, -9.78602045e-007, 0.450856652, 0.892596369, -2.52009995e-005, 1.22355349e-005, 2.20531114e-005, 1, 0, 0, 0, 0, 0, 0, 0, 0.163518921, 0.159746313, 0.140818384, -0.718769571, 0.624325454, 0.305604465, -0.617797852, -0.775268555, 0.130859375, 0.318633751, -0.0948049039, 0.943175097, 0, 0, -0, 0, 0, 0, 0, 0.23467207, 0.154728418, 0.147218115, -0.485337569, 0.668495271, -0.563374217, 0.466918945, -0.346557617, -0.813476562, -0.739106666, -0.657848071, -0.143782743, 0, 1, 5, 1, 
137.307525, 17, 0.1, 0.1, -0.00495968111, 0.322833327, -0.0349667272, 0.892597321, -0.450854768, 5.74740073e-006, 0.450854768, 0.892597321, 2.43866369e-005, -1.6124946e-005, -1.91762038e-005, 1, 0.892597158, -0.450855091, -1.42284015e-006, 0.450855091, 0.892597158, 1.77447803e-005, -6.73030146e-006, -1.64804352e-005, 1, 0, 0, 0, 0, 0, 0, 0, 0.163518921, 0.159746313, 0.140818384, -0.718769571, 0.624325454, 0.305604465, -0.617797852, -0.775268555, 0.130859375, 0.318633751, -0.0948049039, 0.943175097, 0, 0, -0, 0, 0, 0, 0, 0.23467207, 0.154728418, 0.147218115, -0.485337569, 0.668495271, -0.563374217, 0.466918945, -0.346557617, -0.813476562, -0.739106666, -0.657848071, -0.143782743, 0, 1, 5, 1, 
137.308217, 17, 0.1, 0.1, -0.00495968259, 0.322833328, -0.0349667482, 0.892598114, -0.450853198, -6.9125538e-006, 0.450853198, 0.892598114, -2.39466874e-005, 1.69665731e-005, 1.82582211e-005, 1, 0.892597956, -0.450853512, -1.44969681e-007, 0.450853512, 0.892597956, -1.87448548e-005, 8.58058325e-006, 1.6666259e-005, 1, 0, 0, 0, 0, 0, 0, 0, 0.163518921, 0.159746313, 0.140818384, -0.718769571, 0.624325454, 0.305604465, -0.617797852, -0.775268555, 0.130859375, 0.318633751, -0.0948049039, 0.943175097, 0, 0, -0, 0, 0, 0, 0, 0.23467207, 0.154728418, 0.147218115, -0.485337569, 0.668495271, -0.563374217, 0.466918945, -0.346557617, -0.813476562, -0.739106666, -0.657848071, -0.143782743, 0, 1, 5, 1, 
137.308916, 17, 0.1, 0.1, -0.00495968053, 0.322833326, -0.0349675873, 0.892598921, -0.4508516, 6.02242587e-006, 0.4508516, 0.892598921, 2.92948606e-005, -1.85832456e-005, -2.34333406e-005, 1, 0.892598759, -0.450851921, -8.91566198e-007, 0.450851921, 0.892598759, 2.31614072e-005, -9.64655405e-006, -2.10758077e-005, 1, 0, 0, 0, 0, 0, 0, 0, 0.163518921, 0.159746313, 0.140818384, -0.718769571, 0.624325454, 0.305604465, -0.617797852, -0.775268555, 0.130859375, 0.318633751, -0.0948049039, 0.943175097, 0, 0, -0, 0, 0, 0, 0, 0.23467207, 0.154728418, 0.147218115, -0.485337569, 0.668495271, -0.563374217, 0.466918945, -0.346557617, -0.813476562, -0.739106666, -0.657848071, -0.143782743, 0, 1, 5, 1, 
137.309629, 17, 0.1, 0.1, -0.00495968213, 0.322833326, -0.0349689641, 0.892599747, -0.450849965, -6.48222442e-006, 0.450849965, 0.892599747, -2.0061282e-005, 1.48306602e-005, 1.49841846e-005, 1, 0.892599567, -0.450850322, 6.78325763e-007, 0.450850322, 0.892599567, -1.35956341e-005, 5.52412272e-006, 1.24412805e-005, 1, 0, 0, 0, 0, 0, 0, 0, 0.163518921, 0.159746313, 0.140818384, -0.717480399, 0.626052712, 0.305166379, -0.618408203, -0.774169922, 0.134277344, 0.32053063, -0.092483044, 0.942750115, 0, 0, -0, 0, 0, 0, 0, 0.23467207, 0.154728418, 0.147218115, -0.485337569, 0.668495271, -0.563374217, 0.466918945, -0.346557617, -0.813476562, -0.739106666, -0.657848071, -0.143782743, 0, 1, 5, 1, 
137.310336, 17, 0.1, 0.1, -0.00495968009, 0.322833324, -0.0349701482, 0.892600563, -0.450848351, 5.07440717e-006, 0.45084835, 0.892600563, 2.53662941e-005, -1.59657706e-005, -2.03541803e-005, 1, 0.892600403, -0.450848667, -1.16535912e-006, 0.450848667, 0.892600403, 2.05049837e-005, -8.20444454e-006, -1.88281573e-005, 1, 0, 0, 0, 0, 0, 0, 0, 0.163813818, 0.159618408, 0.139901733, -0.717480399, 0.626052712, 0.305166379, -0.618408203, -0.774169922, 0.134277344, 0.32053063, -0.092483044, 0.942750115, 0, 0, -0, 0, 0, 0, 0, 0.234926074, 0.154647021, 0.146609912, -0.484283601, 0.670003496, -0.562549925, 0.465209961, -0.347290039, -0.814086914, -0.740959773, -0.655848409, -0.143450621, 0, 1, 5, 1, 
137.311034, 17, 0.1, 0.1, -0.00495968155, 0.322833324, -0.0349710203, 0.892601364, -0.450846764, -5.57843968e-006, 0.450846763, 0.892601364, -2.1796272e-005, 1.48061016e-005, 1.69403607e-005, 1, 0.892601205, -0.45084708, 4.10800016e-007, 0.45084708, 0.892601205, -1.62370771e-005, 6.95375822e-006, 1.46784426e-005, 1, 0, 0, 0, 0, 0, 0, 0, 0.163813818, 0.159618408, 0.139901733, -0.717480399, 0.626052712, 0.305166379, -0.618408203, -0.774169922, 0.134277344, 0.32053063, -0.092483044, 0.942750115, 0, 0, -0, 0, 0, 0, 0, 0.234926074, 0.154647021, 0.146609912, -0.484283601, 0.670003496, -0.562549925, 0.465209961, -0.347290039, -0.814086914, -0.740959773, -0.655848409, -0.143450621, 0, 1, 5, 1, 
137.311735, 17, 0.1, 0.1, -0.00495967995, 0.322833324, -0.0349714067, 0.892602159, -0.45084519, 5.84152686e-006, 0.45084519, 0.892602159, 2.08065773e-005, -1.45947048e-005, -1.59383716e-005, 1, 0.892602002, -0.450845502, -1.23539726e-007, 0.450845502, 0.892602002, 1.62070983e-005, -7.19662556e-006, -1.45221857e-005, 1, 0, 0, 0, 0, 0, 0, 0, 0.163813818, 0.159618408, 0.139901733, -0.717480399, 0.626052712, 0.305166379, -0.618408203, -0.774169922, 0.134277344, 0.32053063, -0.092483044, 0.942750115, 0, 0, -0, 0, 0, 0, 0, 0.234926074, 0.154647021, 0.146609912, -0.484283601, 0.670003496, -0.562549925, 0.465209961, -0.347290039, -0.814086914, -0.740959773, -0.655848409, -0.143450621, 0, 1, 5, 1, 
137.31243, 17, 0.1, 0.1, -0.00495968148, 0.322833325, -0.0349712422, 0.892602937, -0.45084365, -5.3574283e-006, 0.45084365, 0.892602937, -2.45859985e-005, 1.58664975e-005, 1.95301719e-005, 1, 0.892602783, -0.450843956, 5.43386645e-007, 0.450843955, 0.892602783, -1.95375473e-005, 8.32335666e-006, 1.76842516e-005, 1, 0, 0, 0, 0, 0, 0, 0, 0.163813818, 0.159618408, 0.139901733, -0.717480399, 0.626052712, 0.305166379, -0.618408203, -0.774169922, 0.134277344, 0.32053063, -0.092483044, 0.942750115, 0, 0, -0, 0, 0, 0, 0, 0.234926074, 0.154647021, 0.146609912, -0.484283601, 0.670003496, -0.562549925, 0.465209961, -0.347290039, -0.814086914, -0.740959773, -0.655848409, -0.143450621, 0, 1, 5, 1, 
137.313136, 17, 0.1, 0.1, -0.00495967979, 0.322833325, -0.0349704395, 0.892603729, -0.450842083, 6.09630995e-006, 0.450842082, 0.892603729, 2.0637744e-005, -1.47459525e-005, -1.56728542e-005, 1, 0.892603575, -0.450842386, -5.20264644e-008, 0.450842386, 0.892603575, 1.55244218e-005, -6.95262834e-006, -1.38806101e-005, 1, 0, 0, 0, 0, 0, 0, 0, 0.163813818, 0.159618408, 0.139901733, -0.717480399, 0.626052712, 0.305166379, -0.618408203, -0.774169922, 0.134277344, 0.32053063, -0.092483044, 0.942750115, 0, 0, -0, 0, 0, 0, 0, 0.234989062, 0.154427197, 0.146106787, -0.483286869, 0.669977976, -0.563227295, 0.465820313, -0.34777832, -0.813476562, -0.741100497, -0.655605606, -0.144012787, 0, 1, 5, 1, 
137.313833, 17, 0.1, 0.1, -0.00495968136, 0.322833327, -0.0349694908, 0.892604504, -0.450840548, -5.95039038e-006, 0.450840548, 0.892604504, -2.55544406e-005, 1.68323233e-005, 2.01273315e-005, 1, 0.892604351, -0.450840851, 2.61072314e-007, 0.450840851, 0.892604351, -2.07320025e-005, 9.11379937e-006, 1.86231777e-005, 1, 0, 0, 0, 0, 0, 0, 0, 0.163813818, 0.159618408, 0.139901733, -0.717480399, 0.626052712, 0.305166379, -0.618408203, -0.774169922, 0.134277344, 0.32053063, -0.092483044, 0.942750115, 0, 0, -0, 0, 0, 0, 0, 0.234989062, 0.154427197, 0.146106787, -0.483286869, 0.669977976, -0.563227295, 0.465820313, -0.34777832, -0.813476562, -0.741100497, -0.655605606, -0.144012787, 0, 1, 5, 1, 
137.314528, 17, 0.1, 0.1, -0.0049596798, 0.322833326, -0.034968675, 0.892605276, -0.45083902, 6.87394075e-006, 0.450839019, 0.892605276, 2.41301912e-005, -1.70145475e-005, -1.84396953e-005, 1, 0.892605117, -0.450839333, 1.93488624e-007, 0.450839333, 0.892605117, 1.83440636e-005, -8.44293433e-006, -1.62867728e-005, 1, 0, 0, 0, 0, 0, 0, 0, 0.163813818, 0.159618408, 0.139901733, -0.717480399, 0.626052712, 0.305166379, -0.618408203, -0.774169922, 0.134277344, 0.32053063, -0.092483044, 0.942750115, 0, 0, -0, 0, 0, 0, 0, 0.234989062, 0.154427197, 0.146106787, -0.483286869, 0.669977976, -0.563227295, 0.465820313, -0.34777832, -0.813476562, -0.741100497, -0.655605606, -0.144012787, 0, 1, 5, 1, 
137.315235, 17, 0.1, 0.1, -0.00495968171, 0.322833327, -0.0349680514, 0.892606067, -0.450837454, -5.74270661e-006, 0.450837453, 0.892606067, -2.44009739e-005, 1.61268477e-005, 1.91914301e-005, 1, 0.892605909, -0.450837765, 9.73270447e-007, 0.450837765, 0.892605909, -1.91619308e-005, 7.77017512e-006, 1.75428398e-005, 1, 0, 0, 0, 0, 0, 0, 0, 0.163787451, 0.159436182, 0.139334521, -0.717956678, 0.626669776, 0.302774126, -0.618164062, -0.774047852, 0.136230469, 0.319864513, -0.089367387, 0.943252603, 0, 0, -0, 0, 0, 0, 0, 0.234989062, 0.154427197, 0.146106787, -0.483286869, 0.669977976, -0.563227295, 0.465820313, -0.34777832, -0.813476562, -0.741100497, -0.655605606, -0.144012787, 0, 1, 5, 1, 
137.315931, 17, 0.1, 0.1, -0.00495968005, 0.322833326, -0.0349679037, 0.892606848, -0.450835906, 6.74716432e-006, 0.450835906, 0.892606848, 2.669329e-005, -1.80568587e-005, -2.07847496e-005, 1, 0.892606692, -0.450836215, 1.21216344e-007, 0.450836215, 0.892606692, 2.09371245e-005, -9.54741249e-006, -1.86339688e-005, 1, 0, 0, 0, 0, 0, 0, 0, 0.163787451, 0.159436182, 0.139334521, -0.717956678, 0.626669776, 0.302774126, -0.618164062, -0.774047852, 0.136230469, 0.319864513, -0.089367387, 0.943252603, 0, 0, -0, 0, 0, 0, 0, 0.234989062, 0.154427197, 0.146106787, -0.483286869, 0.669977976, -0.563227295, 0.465820313, -0.34777832, -0.813476562, -0.741100497, -0.655605606, -0.144012787, 0, 1, 5, 1, 
137.31663, 17, 0.1, 0.1, -0.0049596818, 0.322833326, -0.0349682818, 0.892607638, -0.450834342, -6.2485116e-006, 0.450834342, 0.892607638, -2.28732949e-005, 1.5889536e-005, 1.75998341e-005, 1, 0.892607479, -0.450834658, 5.39120061e-007, 0.450834658, 0.892607478, -1.70390435e-005, 7.20056875e-006, 1.54522316e-005, 1, 0, 0, 0, 0, 0, 0, 0, 0.163787451, 0.159436182, 0.139334521, -0.717956678, 0.626669776, 0.302774126, -0.618164062, -0.774047852, 0.136230469, 0.319864513, -0.089367387, 0.943252603, 0, 0, -0, 0, 0, 0, 0, 0.234989062, 0.154427197, 0.146106787, -0.483286869, 0.669977976, -0.563227295, 0.465820313, -0.34777832, -0.813476562, -0.741100497, -0.655605606, -0.144012787, 0, 1, 5, 1, 
137.317324, 17, 0.1, 0.1, -0.00495967981, 0.322833325, -0.0349690071, 0.892608425, -0.450832785, 5.19123609e-006, 0.450832785, 0.892608425, 2.41734895e-005, -1.55319427e-005, -1.9237081e-005, 1, 0.892608267, -0.450833097, -1.18093398e-006, 0.450833097, 0.892608267, 1.89036849e-005, -7.46829538e-006, -1.74059895e-005, 1, 0, 0, 0, 0, 0, 0, 0, 0.163787451, 0.159436182, 0.139334521, -0.717956678, 0.626669776, 0.302774126, -0.618164062, -0.774047852, 0.136230469, 0.319864513, -0.089367387, 0.943252603, 0, 0, -0, 0, 0, 0, 0, 0.234989062, 0.154427197, 0.146106787, -0.483286869, 0.669977976, -0.563227295, 0.465820313, -0.34777832, -0.813476562, -0.741100497, -0.655605606, -0.144012787, 0, 1, 5, 1, 
137.318054, 17, 0.1, 0.1, -0.00495968142, 0.322833326, -0.0349695405, 0.892609251, -0.450831148, -6.34239517e-006, 0.450831148, 0.892609251, -2.50067033e-005, 1.69350814e-005, 1.94618654e-005, 1, 0.892609093, -0.450831462, 4.49321575e-008, 0.450831462, 0.892609093, -1.96025741e-005, 8.79735026e-006, 1.75176927e-005, 1, 0, 0, 0, 0, 0, 0, 0, 0.16400874, 0.159058545, 0.138761206, -0.717950686, 0.627851484, 0.300261306, -0.618530273, -0.77331543, 0.138305664, 0.319122012, -0.0865883448, 0.943774186, 0, 0, -0, 0, 0, 0, 0, 0.23529165, 0.154249121, 0.14558877, -0.481862132, 0.670374264, -0.564160229, 0.466308594, -0.348754883, -0.812866211, -0.74180995, -0.654704756, -0.14447907, 0, 1, 5, 1, 
137.318751, 17, 0.1, 0.1, -0.00495967949, 0.322833326, -0.034969984, 0.892610042, -0.450829584, 5.29800645e-006, 0.450829583, 0.892610041, 2.19188486e-005, -1.46107191e-005, -1.71764863e-005, 1, 0.892609885, -0.450829893, -8.95086691e-007, 0.450829893, 0.892609885, 1.66810998e-005, -6.72137522e-006, -1.52932464e-005, 1, 0, 0, 0, 0, 0, 0, 0, 0.16400874, 0.159058545, 0.138761206, -0.717950686, 0.627851484, 0.300261306, -0.618530273, -0.77331543, 0.138305664, 0.319122012, -0.0865883448, 0.943774186, 0, 0, -0, 0, 0, 0, 0, 0.23529165, 0.154249121, 0.14558877, -0.481862132, 0.670374264, -0.564160229, 0.466308594, -0.348754883, -0.812866211, -0.74180995, -0.654704756, -0.14447907, 0, 1, 5, 1, 
137.319454, 17, 0.1, 0.1, -0.00495968082, 0.322833327, -0.0349702731, 0.892610833, -0.450828018, -6.43135671e-006, 0.450828017, 0.892610832, -2.39538388e-005, 1.65397603e-005, 1.84820202e-005, 1, 0.892610668, -0.450828344, 2.20762304e-008, 0.450828344, 0.892610668, -1.86037236e-005, 8.36738044e-006, 1.66158348e-005, 1, 0, 0, 0, 0, 0, 0, 0, 0.16400874, 0.159058545, 0.138761206, -0.717950686, 0.627851484, 0.300261306, -0.618530273, -0.77331543, 0.138305664, 0.319122012, -0.0865883448, 0.943774186, 0, 0, -0, 0, 0, 0, 0, 0.23529165, 0.154249121, 0.14558877, -0.481862132, 0.670374264, -0.564160229, 0.466308594, -0.348754883, -0.812866211, -0.74180995, -0.654704756, -0.14447907, 0, 1, 5, 1, 
137.32015, 17, 0.1, 0.1, -0.00495967897, 0.322833327, -0.0349702849, 0.892611615, -0.450826469, 5.51686357e-006, 0.450826469, 0.892611614, 2.25598452e-005, -1.50949918e-005, -1.76500317e-005, 1, 0.892611458, -0.450826779, -7.23473505e-007, 0.450826779, 0.892611458, 1.73268265e-005, -7.16561665e-006, -1.57922851e-005, 1, 0, 0, 0, 0, 0, 0, 0, 0.16400874, 0.159058545, 0.138761206, -0.717950686, 0.627851484, 0.300261306, -0.618530273, -0.77331543, 0.138305664, 0.319122012, -0.0865883448, 0.943774186, 0, 0, -0, 0, 0, 0, 0, 0.23529165, 0.154249121, 0.14558877, -0.481862132, 0.670374264, -0.564160229, 0.466308594, -0.348754883, -0.812866211, -0.74180995, -0.654704756, -0.14447907, 0, 1, 5, 1, 
137.320847, 17, 0.1, 0.1, -0.00495968045, 0.322833328, -0.0349700742, 0.892612394, -0.450824927, -5.89262092e-006, 0.450824927, 0.892612393, -2.33157248e-005, 1.57711364e-005, 1.81553645e-005, 1, 0.89261224, -0.450825231, 2.05227059e-007, 0.450825231, 0.89261224, -1.83285767e-005, 8.07979662e-006, 1.64528334e-005, 1, 0, 0, 0, 0, 0, 0, 0, 0.16400874, 0.159058545, 0.138761206, -0.717950686, 0.627851484, 0.300261306, -0.618530273, -0.77331543, 0.138305664, 0.319122012, -0.0865883448, 0.943774186, 0, 0, -0, 0, 0, 0, 0, 0.23529165, 0.154249121, 0.14558877, -0.481862132, 0.670374264, -0.564160229, 0.466308594, -0.348754883, -0.812866211, -0.74180995, -0.654704756, -0.14447907, 0, 1, 5, 1, 
137.321546, 17, 0.1, 0.1, -0.0049596789, 0.322833326, -0.0349697811, 0.892613171, -0.450823388, 6.62434771e-006, 0.450823387, 0.892613171, 2.38666141e-005, -1.66726078e-005, -1.83172432e-005, 1, 0.892613009, -0.450823708, 5.94628218e-008, 0.450823708, 0.892613009, 1.83608168e-005, -8.3305688e-006, -1.63622967e-005, 1, 0, 0, 0, 0, 0, 0, 0, 0.16400874, 0.159058545, 0.138761206, -0.717950686, 0.627851484, 0.300261306, -0.618530273, -0.77331543, 0.138305664, 0.319122012, -0.0865883448, 0.943774186, 0, 0, -0, 0, 0, 0, 0, 0.23529165, 0.154249121, 0.14558877, -0.481862132, 0.670374264, -0.564160229, 0.466308594, -0.348754883, -0.812866211, -0.74180995, -0.654704756, -0.14447907, 0, 1, 5, 1, 
137.322238, 17, 0.1, 0.1, -0.00495968067, 0.322833327, -0.0349694323, 0.892613942, -0.450821861, -5.3810139e-006, 0.45082186, 0.892613942, -2.28222928e-005, 1.50919565e-005, 1.79456181e-005, 1, 0.892613787, -0.450822167, 9.90363014e-007, 0.450822167, 0.892613787, -1.7604026e-005, 7.05227347e-006, 1.61600739e-005, 1, 0, 0, 0, 0, 0, 0, 0, 0.16400874, 0.159058545, 0.138761206, -0.717950686, 0.627851484, 0.300261306, -0.618530273, -0.77331543, 0.138305664, 0.319122012, -0.0865883448, 0.943774186, 0, 0, -0, 0, 0, 0, 0, 0.23529165, 0.154249121, 0.14558877, -0.481862132, 0.670374264, -0.564160229, 0.466308594, -0.348754883, -0.812866211, -0.74180995, -0.654704756, -0.14447907, 0, 1, 5, 1, 
137.322968, 17, 0.1, 0.1, -0.00495967892, 0.322833325, -0.0349688181, 0.892614755, -0.450820251, 6.66213797e-006, 0.450820251, 0.892614755, 2.71432612e-005, -1.81834545e-005, -2.12250487e-005, 1, 0.892614599, -0.45082056, 1.68606557e-007, 0.45082056, 0.892614599, 2.19686575e-005, -1.00544231e-005, -1.95335331e-005, 1, 0, 0, 0, 0, 0, 0, 0, 0.164303516, 0.158915625, 0.137202661, -0.716730785, 0.629230144, 0.300387865, -0.618408203, -0.772583008, 0.142944336, 0.322142189, -0.083346129, 0.94301259, 0, 0, -0, 0, 0, 0, 0, 0.235506104, 0.153841211, 0.144288135, -0.481613133, 0.67063639, -0.564083303, 0.464599609, -0.350219727, -0.813232422, -0.743011207, -0.653695264, -0.14287533, 0, 1, 5, 1, 
137.323666, 17, 0.1, 0.1, -0.00495968056, 0.322833326, -0.0349684225, 0.892615537, -0.450818703, -6.54820749e-006, 0.450818703, 0.892615537, -2.38157347e-005, 1.65816104e-005, 1.83062404e-005, 1, 0.892615381, -0.450819012, 1.03350726e-007, 0.450819012, 0.892615381, -1.78993596e-005, 7.97711914e-006, 1.60238361e-005, 1, 0, 0, 0, 0, 0, 0, 0, 0.164303516, 0.158915625, 0.137202661, -0.716730785, 0.629230144, 0.300387865, -0.618408203, -0.772583008, 0.142944336, 0.322142189, -0.083346129, 0.94301259, 0, 0, -0, 0, 0, 0, 0, 0.235506104, 0.153841211, 0.144288135, -0.481613133, 0.67063639, -0.564083303, 0.464599609, -0.350219727, -0.813232422, -0.743011207, -0.653695264, -0.14287533, 0, 1, 5, 1, 
