time, trialNum, realDorsalTactorPos, realVentralTactorPos, boxPosX, boxPosY, boxPosZ, boxLocalRot_11, boxLocalRot_12, boxLocalRot_13, boxLocalRot_21, boxLocalRot_22, boxLocalRot_23, boxLocalRot_31, boxLocalRot_32, boxLocalRot_33, boxGlobalRot_11, boxGlobalRot_12, boxGlobalRot_13, boxGlobalRot_21, boxGlobalRot_22, boxGlobalRot_23, boxGlobalRot_31, boxGlobalRot_32, boxGlobalRot_33, indexForceX, indexForceY, indexForceZ, indexForceGlobalX, indexForceGlobalY, indexForceGlobalZ, indexContact, indexPosX, indexPosY, indexPosZ, indexRot_11, indexRot_12, indexRot_13, indexRot_21, indexRot_22, indexRot_23, indexRot_31, indexRot_32, indexRot_33, thumbForceX, thumbForceY, thumbForceZ, thumbForceGlobalX, thumbForceGlobalY, thumbForceGlobalZ, thumbContact, thumbPosX, thumbPosY, thumbPosZ, thumbRot_11, thumbRot_12, thumbRot_13, thumbRot_21, thumbRot_22, thumbRot_23, thumbRot_31, thumbRot_32, thumbRot_33, manipForceTooHigh, cceExpType, mapping, trialSuccess, 
75.8332507, 8, 0.1, 0.1, 0.0258348928, 0.344982657, -0.0349718943, 0.75843855, -1.92611859e-005, 0.651744555, 0.651744555, 5.28521476e-006, -0.75843855, 1.1163816e-005, 1, 1.65618837e-005, 0.758438512, -2.16225418e-005, 0.651744599, 0.651744599, 7.31833296e-006, -0.758438512, 1.16296844e-005, 1, 1.96428804e-005, 0, 0, 0, 0, 0, 0, 0, 0.160023877, 0.144568237, 0.154052246, -0.651785481, 0.637260613, 0.411053438, -0.598388672, -0.765136719, 0.237548828, 0.466098598, -0.0911684027, 0.880126645, 0, 0, -0, 0, 0, 0, 0, 0.25415376, 0.147187256, 0.149071387, -0.195677197, 0.845895371, -0.495955519, 0.291259766, -0.432739258, -0.853149414, -0.936349861, -0.311356791, -0.161613523, 0, 1, 1, 1, 
75.8844054, 8, 0.1, 0.1, 0.0258348859, 0.344982697, -0.0349690064, 0.758415412, -6.7050129e-006, 0.651771481, 0.651771481, 1.61577099e-005, -0.758415412, -5.44594939e-006, 1, 1.66243924e-005, 0.758415391, -6.12726444e-006, 0.651771505, 0.651771505, 6.28453433e-006, -0.758415391, 5.50931255e-007, 1, 8.75986393e-006, 0, 0, 0, 0, 0, 0, 0, 0.158032568, 0.137883301, 0.142744604, -0.663622046, 0.655876259, 0.359439719, -0.596923828, -0.75402832, 0.273803711, 0.450670455, -0.032938824, 0.892132805, 0, 0, -0, 0, 0, 0, 0, 0.251487207, 0.140792529, 0.139370752, -0.210557454, 0.814142455, -0.540863882, 0.296875, -0.473876953, -0.828857422, -0.931408475, -0.335069447, -0.141907783, 0, 1, 1, 1, 
75.8851032, 8, 0.1, 0.1, 0.0258348881, 0.344982697, -0.0349707352, 0.758415475, 2.81924321e-006, 0.651771407, 0.651771407, -1.96359788e-005, -0.758415475, 1.06600119e-005, 1, -1.67297323e-005, 0.758415475, -3.78909403e-006, 0.651771407, 0.651771407, -1.44533758e-005, -0.758415475, 1.22940046e-005, 1, -8.49204072e-006, 0, 0, 0, 0, 0, 0, 0, 0.158032568, 0.137883301, 0.142744604, -0.663622046, 0.655876259, 0.359439719, -0.596923828, -0.75402832, 0.273803711, 0.450670455, -0.032938824, 0.892132805, 0, 0, -0, 0, 0, 0, 0, 0.251487207, 0.140792529, 0.139370752, -0.210557454, 0.814142455, -0.540863882, 0.296875, -0.473876953, -0.828857422, -0.931408475, -0.335069447, -0.141907783, 0, 1, 1, 1, 
75.8857986, 8, 0.1, 0.1, 0.0258348852, 0.344982696, -0.0349720299, 0.758415376, -1.66679621e-006, 0.651771523, 0.651771523, 1.45839627e-005, -0.758415376, -8.24128773e-006, 1, 1.21470719e-005, 0.75841541, 6.81628904e-006, 0.651771482, 0.651771482, 1.21742462e-005, -0.75841541, -1.31044052e-005, 1, 4.79047315e-006, 0, 0, 0, 0, 0, 0, 0, 0.158032568, 0.137883301, 0.142744604, -0.663622046, 0.655876259, 0.359439719, -0.596923828, -0.75402832, 0.273803711, 0.450670455, -0.032938824, 0.892132805, 0, 0, -0, 0, 0, 0, 0, 0.251487207, 0.140792529, 0.139370752, -0.210557454, 0.814142455, -0.540863882, 0.296875, -0.473876953, -0.828857422, -0.931408475, -0.335069447, -0.141907783, 0, 1, 1, 1, 
75.8864915, 8, 0.1, 0.1, 0.025834886, 0.344982697, -0.034972563, 0.758415143, 1.21365683e-005, 0.651771793, 0.651771793, -1.19415976e-005, -0.758415143, -1.42136071e-006, 1, -1.69669614e-005, 0.758415189, 6.94069351e-006, 0.65177174, 0.65177174, -7.04936546e-006, -0.758415189, -6.69350192e-007, 1, -9.87009373e-006, 0, 0, 0, 0, 0, 0, 0, 0.158032568, 0.137883301, 0.142744604, -0.663622046, 0.655876259, 0.359439719, -0.596923828, -0.75402832, 0.273803711, 0.450670455, -0.032938824, 0.892132805, 0, 0, -0, 0, 0, 0, 0, 0.251487207, 0.140792529, 0.139370752, -0.210557454, 0.814142455, -0.540863882, 0.296875, -0.473876953, -0.828857422, -0.931408475, -0.335069447, -0.141907783, 0, 1, 1, 1, 
75.8871931, 8, 0.1, 0.1, 0.0258348851, 0.344982698, -0.0349722004, 0.758414931, -8.94084329e-006, 0.65177204, 0.65177204, 1.0855171e-005, -0.758414931, -2.94227928e-007, 1, 1.40601155e-005, 0.758414981, -7.48910658e-007, 0.651771982, 0.651771982, 7.92590599e-006, -0.758414981, -4.59789839e-006, 1, 6.49924483e-006, 0, 0, 0, 0, 0, 0, 0, 0.158032568, 0.137883301, 0.142744604, -0.663622046, 0.655876259, 0.359439719, -0.596923828, -0.75402832, 0.273803711, 0.450670455, -0.032938824, 0.892132805, 0, 0, -0, 0, 0, 0, 0, 0.251487207, 0.140792529, 0.139370752, -0.210557454, 0.814142455, -0.540863882, 0.296875, -0.473876953, -0.828857422, -0.931408475, -0.335069447, -0.141907783, 0, 1, 1, 1, 
75.8879171, 8, 0.1, 0.1, 0.0258348872, 0.344982698, -0.0349708047, 0.758414601, 1.72741794e-005, 0.651772424, 0.651772424, -6.77558592e-006, -0.758414601, -8.68484979e-006, 1, -1.6397537e-005, 0.758414677, 3.52988126e-006, 0.651772335, 0.651772335, -9.28679775e-006, -0.758414677, 3.37576411e-006, 1, -9.34392267e-006, 0, 0, 0, 0, 0, 0, 0, 0.157531738, 0.136901465, 0.141569409, -0.668852872, 0.653734499, 0.353805251, -0.59362793, -0.756225586, 0.274902344, 0.44729681, -0.0261728218, 0.894013952, 0, 0, -0, 0, 0, 0, 0, 0.251183643, 0.140216992, 0.138348486, -0.212525033, 0.810537953, -0.545566828, 0.302490234, -0.476196289, -0.825561523, -0.929037679, -0.340480746, -0.143874995, 0, 1, 1, 1, 
75.8886095, 8, 0.1, 0.1, 0.0258348858, 0.344982697, -0.0349691197, 0.758414199, -2.35263249e-005, 0.651772891, 0.651772891, 4.94254739e-006, -0.758414199, 1.46212805e-005, 1, 1.9082319e-005, 0.75841429, -6.7979465e-006, 0.651772786, 0.651772786, 8.59399499e-006, -0.75841429, -4.45672279e-007, 1, 1.09485251e-005, 0, 0, 0, 0, 0, 0, 0, 0.157531738, 0.136901465, 0.141569409, -0.668852872, 0.653734499, 0.353805251, -0.59362793, -0.756225586, 0.274902344, 0.44729681, -0.0261728218, 0.894013952, 0, 0, -0, 0, 0, 0, 0, 0.251183643, 0.140216992, 0.138348486, -0.212525033, 0.810537953, -0.545566828, 0.302490234, -0.476196289, -0.825561523, -0.929037679, -0.340480746, -0.143874995, 0, 1, 1, 1, 
75.8893051, 8, 0.1, 0.1, 0.0258348919, 0.3449827, -0.0349676964, 0.758413706, 9.48076931e-006, 0.651773465, 0.651773465, -8.83941767e-006, -0.758413706, -1.4290475e-006, 1, -1.28832494e-005, 0.758413814, -6.86344893e-006, 0.65177334, 0.65177334, -1.27350895e-005, -0.758413814, 1.35057263e-005, 1, -5.18505478e-006, 0, 0, 0, 0, 0, 0, 0, 0.157531738, 0.136901465, 0.141569409, -0.668852872, 0.653734499, 0.353805251, -0.59362793, -0.756225586, 0.274902344, 0.44729681, -0.0261728218, 0.894013952, 0, 0, -0, 0, 0, 0, 0, 0.251183643, 0.140216992, 0.138348486, -0.212525033, 0.810537953, -0.545566828, 0.302490234, -0.476196289, -0.825561523, -0.929037679, -0.340480746, -0.143874995, 0, 1, 1, 1, 
75.8900165, 8, 0.1, 0.1, 0.0258348921, 0.344982698, -0.0349669282, 0.758413111, -2.79455093e-005, 0.651774157, 0.651774157, 8.52851191e-006, -0.758413111, 1.5635577e-005, 1, 2.4682296e-005, 0.758413254, -9.57615345e-006, 0.651773992, 0.651773992, 1.1854243e-005, -0.758413254, -4.63605572e-007, 1, 1.52319028e-005, 0, 0, 0, 0, 0, 0, 0, 0.157531738, 0.136901465, 0.141569409, -0.668852872, 0.653734499, 0.353805251, -0.59362793, -0.756225586, 0.274902344, 0.44729681, -0.0261728218, 0.894013952, 0, 0, -0, 0, 0, 0, 0, 0.251183643, 0.140216992, 0.138348486, -0.212525033, 0.810537953, -0.545566828, 0.302490234, -0.476196289, -0.825561523, -0.929037679, -0.340480746, -0.143874995, 0, 1, 1, 1, 
75.8907114, 8, 0.1, 0.1, 0.0258348983, 0.344982699, -0.0349668593, 0.758412448, 1.23535796e-005, 0.651774929, 0.651774929, -6.19550174e-006, -0.758412448, -5.33103585e-006, 1, -1.27504991e-005, 0.75841259, -5.78623988e-006, 0.651774764, 0.651774764, -9.85529201e-006, -0.75841259, 1.08117878e-005, 1, -3.70305241e-006, 0, 0, 0, 0, 0, 0, 0, 0.157531738, 0.136901465, 0.141569409, -0.668852872, 0.653734499, 0.353805251, -0.59362793, -0.756225586, 0.274902344, 0.44729681, -0.0261728218, 0.894013952, 0, 0, -0, 0, 0, 0, 0, 0.251183643, 0.140216992, 0.138348486, -0.212525033, 0.810537953, -0.545566828, 0.302490234, -0.476196289, -0.825561523, -0.929037679, -0.340480746, -0.143874995, 0, 1, 1, 1, 
75.8914053, 8, 0.1, 0.1, 0.0258348956, 0.344982696, -0.0349676138, 0.758411715, -1.67599372e-005, 0.651775782, 0.651775782, 1.01229669e-005, -0.758411715, 6.11302804e-006, 1, 1.86010979e-005, 0.75841187, -1.1988168e-006, 0.651775602, 0.651775602, 1.33421894e-005, -0.75841187, -7.78691662e-006, 1, 1.09002343e-005, 0, 0, 0, 0, 0, 0, 0, 0.157531738, 0.136901465, 0.141569409, -0.668852872, 0.653734499, 0.353805251, -0.59362793, -0.756225586, 0.274902344, 0.44729681, -0.0261728218, 0.894013952, 0, 0, -0, 0, 0, 0, 0, 0.251183643, 0.140216992, 0.138348486, -0.212525033, 0.810537953, -0.545566828, 0.302490234, -0.476196289, -0.825561523, -0.929037679, -0.340480746, -0.143874995, 0, 1, 1, 1, 
75.8921021, 8, 0.1, 0.1, 0.0258348979, 0.344982697, -0.0349689559, 0.758410929, 2.16754559e-005, 0.651776697, 0.651776697, -5.52203073e-006, -0.758410929, -1.28397717e-005, 1, -1.83155255e-005, 0.758411095, 4.80097064e-006, 0.651776503, 0.651776503, -8.51440917e-006, -0.758411095, 1.90838244e-006, 1, -9.58658224e-006, 0, 0, 0, 0, 0, 0, 0, 0.157531738, 0.136901465, 0.141569409, -0.668852872, 0.653734499, 0.353805251, -0.59362793, -0.756225586, 0.274902344, 0.44729681, -0.0261728218, 0.894013952, 0, 0, -0, 0, 0, 0, 0, 0.251183643, 0.140216992, 0.138348486, -0.212525033, 0.810537953, -0.545566828, 0.302490234, -0.476196289, -0.825561523, -0.929037679, -0.340480746, -0.143874995, 0, 1, 1, 1, 
75.8928195, 8, 0.1, 0.1, 0.0258348924, 0.344982695, -0.0349702539, 0.758410079, -9.34972764e-006, 0.651777686, 0.651777686, 6.3254683e-006, -0.758410079, 2.96812858e-006, 1, 1.08912428e-005, 0.758410247, 5.678753e-006, 0.651777491, 0.651777491, 1.01219774e-005, -0.758410247, -1.09041015e-005, 1, 3.97532799e-006, 0, 0, 0, 0, 0, 0, 0, 0.157287354, 0.135925854, 0.140424731, -0.673442669, 0.651782576, 0.348773619, -0.591064453, -0.758056641, 0.275634766, 0.444068821, -0.0205492145, 0.89579962, 0, 0, -0, 0, 0, 0, 0, 0.25087666, 0.139429932, 0.137574365, -0.214467092, 0.807029334, -0.549905569, 0.307861328, -0.478393555, -0.822265625, -0.926909686, -0.345636483, -0.145803927, 0, 1, 1, 1, 
75.8935155, 8, 0.1, 0.1, 0.025834895, 0.344982696, -0.0349711355, 0.758409217, 7.93616091e-006, 0.651778689, 0.651778689, 3.89532966e-006, -0.758409217, -8.55775044e-006, 1, -2.21836664e-006, 0.758409392, -3.88068989e-007, 0.651778485, 0.651778485, -5.69050382e-006, -0.758409392, 4.00326313e-006, 1, -4.06279653e-006, 0, 0, 0, 0, 0, 0, 0, 0.157287354, 0.135925854, 0.140424731, -0.673442669, 0.651782576, 0.348773619, -0.591064453, -0.758056641, 0.275634766, 0.444068821, -0.0205492145, 0.89579962, 0, 0, -0, 0, 0, 0, 0, 0.25087666, 0.139429932, 0.137574365, -0.214467092, 0.807029334, -0.549905569, 0.307861328, -0.478393555, -0.822265625, -0.926909686, -0.345636483, -0.145803927, 0, 1, 1, 1, 
75.8942161, 8, 0.1, 0.1, 0.0258348931, 0.344982694, -0.0349715021, 0.758408363, -2.45299371e-006, 0.651779682, 0.651779682, -1.35711767e-005, -0.758408363, 1.07057882e-005, 1, -8.69368245e-006, 0.758408516, 6.18905182e-006, 0.651779505, 0.651779505, -2.45700264e-006, -0.758408516, -3.09240564e-006, 1, -5.89730886e-006, 0, 0, 0, 0, 0, 0, 0, 0.157287354, 0.135925854, 0.140424731, -0.673442669, 0.651782576, 0.348773619, -0.591064453, -0.758056641, 0.275634766, 0.444068821, -0.0205492145, 0.89579962, 0, 0, -0, 0, 0, 0, 0, 0.25087666, 0.139429932, 0.137574365, -0.214467092, 0.807029334, -0.549905569, 0.307861328, -0.478393555, -0.822265625, -0.926909686, -0.345636483, -0.145803927, 0, 1, 1, 1, 
75.8949282, 8, 0.1, 0.1, 0.0258348964, 0.344982697, -0.034971236, 0.758407705, 3.16136554e-006, 0.651780448, 0.651780448, 4.52845523e-006, -0.758407705, -5.34916256e-006, 1, 1.37389909e-006, 0.758407842, -6.51665728e-006, 0.651780289, 0.651780289, -6.70088705e-006, -0.758407842, 9.30979008e-006, 1, -8.34576525e-007, 0, 0, 0, 0, 0, 0, 0, 0.157287354, 0.135925854, 0.140424731, -0.677556188, 0.649849749, 0.34416697, -0.588134766, -0.759765625, 0.276855469, 0.441506948, -0.0148050397, 0.897147201, 0, 0, -0, 0, 0, 0, 0, 0.25087666, 0.139429932, 0.137574365, -0.214467092, 0.807029334, -0.549905569, 0.307861328, -0.478393555, -0.822265625, -0.926909686, -0.345636483, -0.145803927, 0, 1, 1, 1, 
75.8956372, 8, 0.1, 0.1, 0.0258348947, 0.344982696, -0.0349701981, 0.758407158, -1.26660001e-005, 0.651781085, 0.651781085, -2.19376179e-006, -0.758407158, 1.10358376e-005, 1, 6.59169463e-006, 0.758407255, 2.74409208e-006, 0.651780973, 0.651780973, 1.24330956e-006, -0.758407255, -2.89150486e-006, 1, -8.4561201e-007, 0, 0, 0, 0, 0, 0, 0, 0.156846094, 0.134951587, 0.139300439, -0.677556188, 0.649849749, 0.34416697, -0.588134766, -0.759765625, 0.276855469, 0.441506948, -0.0148050397, 0.897147201, 0, 0, -0, 0, 0, 0, 0, 0.250546484, 0.138864404, 0.136602148, -0.216786116, 0.803533474, -0.554065306, 0.312744141, -0.48046875, -0.819213867, -0.924698571, -0.350913621, -0.147100332, 0, 1, 1, 1, 
75.8963328, 8, 0.1, 0.1, 0.0258348979, 0.344982698, -0.034969091, 0.758406651, 7.5825183e-006, 0.651781675, 0.651781675, 2.47579039e-006, -0.758406651, -7.36430712e-006, 1, -3.06449057e-006, 0.75840676, -1.72807813e-006, 0.651781549, 0.651781549, -9.27199047e-006, -0.75840676, 7.35389844e-006, 1, -5.90561081e-006, 0, 0, 0, 0, 0, 0, 0, 0.156846094, 0.134951587, 0.139300439, -0.677556188, 0.649849749, 0.34416697, -0.588134766, -0.759765625, 0.276855469, 0.441506948, -0.0148050397, 0.897147201, 0, 0, -0, 0, 0, 0, 0, 0.250546484, 0.138864404, 0.136602148, -0.216786116, 0.803533474, -0.554065306, 0.312744141, -0.48046875, -0.819213867, -0.924698571, -0.350913621, -0.147100332, 0, 1, 1, 1, 
75.8970281, 8, 0.1, 0.1, 0.0258348959, 0.344982696, -0.0349682391, 0.758406105, -2.42888294e-006, 0.65178231, 0.65178231, -1.11801367e-005, -0.758406105, 9.12909496e-006, 1, -6.89598097e-006, 0.758406199, 6.82542194e-006, 0.651782201, 0.651782201, 1.34095989e-007, -0.758406199, -5.26384368e-006, 1, -4.34698931e-006, 0, 0, 0, 0, 0, 0, 0, 0.156846094, 0.134951587, 0.139300439, -0.677556188, 0.649849749, 0.34416697, -0.588134766, -0.759765625, 0.276855469, 0.441506948, -0.0148050397, 0.897147201, 0, 0, -0, 0, 0, 0, 0, 0.250546484, 0.138864404, 0.136602148, -0.216786116, 0.803533474, -0.554065306, 0.312744141, -0.48046875, -0.819213867, -0.924698571, -0.350913621, -0.147100332, 0, 1, 1, 1, 
75.8977206, 8, 0.1, 0.1, 0.0258348988, 0.344982697, -0.0349679031, 0.75840575, 1.0763071e-005, 0.651782723, 0.651782723, 2.62904731e-006, -0.75840575, -9.87634257e-006, 1, -5.02129913e-006, 0.758405809, -6.50268635e-006, 0.651782655, 0.651782655, -6.50894634e-007, -0.758405809, 5.35591693e-006, 1, 3.7446959e-006, 0, 0, 0, 0, 0, 0, 0, 0.156846094, 0.134951587, 0.139300439, -0.677556188, 0.649849749, 0.34416697, -0.588134766, -0.759765625, 0.276855469, 0.441506948, -0.0148050397, 0.897147201, 0, 0, -0, 0, 0, 0, 0, 0.250546484, 0.138864404, 0.136602148, -0.216786116, 0.803533474, -0.554065306, 0.312744141, -0.48046875, -0.819213867, -0.924698571, -0.350913621, -0.147100332, 0, 1, 1, 1, 
75.8984161, 8, 0.1, 0.1, 0.0258348955, 0.344982695, -0.0349681088, 0.758405418, -5.81179548e-006, 0.651783109, 0.651783109, -3.07725339e-006, -0.758405418, 6.41339896e-006, 1, 1.45422449e-006, 0.758405493, 3.15862395e-006, 0.651783022, 0.651783022, 9.23650152e-006, -0.758405493, -8.41571263e-006, 1, 4.94627603e-006, 0, 0, 0, 0, 0, 0, 0, 0.156846094, 0.134951587, 0.139300439, -0.677556188, 0.649849749, 0.34416697, -0.588134766, -0.759765625, 0.276855469, 0.441506948, -0.0148050397, 0.897147201, 0, 0, -0, 0, 0, 0, 0, 0.250546484, 0.138864404, 0.136602148, -0.216786116, 0.803533474, -0.554065306, 0.312744141, -0.48046875, -0.819213867, -0.924698571, -0.350913621, -0.147100332, 0, 1, 1, 1, 
75.8991086, 8, 0.1, 0.1, 0.0258348967, 0.344982698, -0.0349688012, 0.758405024, 6.06096174e-006, 0.651783568, 0.651783568, 8.32520939e-006, -0.758405024, -1.00228985e-005, 1, 2.36344535e-006, 0.75840509, -3.40348527e-006, 0.651783491, 0.651783491, -2.64406155e-006, -0.75840509, 4.30457622e-006, 1, 2.13065777e-007, 0, 0, 0, 0, 0, 0, 0, 0.156846094, 0.134951587, 0.139300439, -0.677556188, 0.649849749, 0.34416697, -0.588134766, -0.759765625, 0.276855469, 0.441506948, -0.0148050397, 0.897147201, 0, 0, -0, 0, 0, 0, 0, 0.250546484, 0.138864404, 0.136602148, -0.216786116, 0.803533474, -0.554065306, 0.312744141, -0.48046875, -0.819213867, -0.924698571, -0.350913621, -0.147100332, 0, 1, 1, 1, 
75.8998129, 8, 0.1, 0.1, 0.0258348938, 0.344982695, -0.0349697106, 0.758404735, -3.7668906e-006, 0.651783904, 0.651783904, -6.77016113e-006, -0.758404735, 7.26950972e-006, 1, -2.6793236e-006, 0.758404793, 4.93646528e-006, 0.651783837, 0.651783837, 4.91586685e-006, -0.758404793, -6.94792148e-006, 1, 5.10708697e-007, 0, 0, 0, 0, 0, 0, 0, 0.156377734, 0.133956934, 0.137940698, -0.682190168, 0.647491941, 0.339319186, -0.584716797, -0.76184082, 0.278320312, 0.438780324, -0.00862277865, 0.898532974, 0, 0, -0, 0, 0, 0, 0, 0.250546484, 0.138864404, 0.136602148, -0.216786116, 0.803533474, -0.554065306, 0.312744141, -0.48046875, -0.819213867, -0.924698571, -0.350913621, -0.147100332, 0, 1, 1, 1, 
75.9005196, 8, 0.1, 0.1, 0.0258348973, 0.344982697, -0.034970318, 0.758404542, 7.92648688e-006, 0.651784129, 0.651784129, 1.89484299e-006, -0.758404542, -7.24651224e-006, 1, -3.72930082e-006, 0.75840457, -8.13505477e-006, 0.651784096, 0.651784096, -5.06406175e-007, -0.75840457, 6.4997302e-006, 1, 4.91823856e-006, 0, 0, 0, 0, 0, 0, 0, 0.156377734, 0.133956934, 0.137940698, -0.682190168, 0.647491941, 0.339319186, -0.584716797, -0.76184082, 0.278320312, 0.438780324, -0.00862277865, 0.898532974, 0, 0, -0, 0, 0, 0, 0, 0.250176514, 0.138287158, 0.135421826, -0.219724907, 0.799941732, -0.558154681, 0.317382813, -0.482421875, -0.81628418, -0.922429854, -0.356446322, -0.147898371, 0, 1, 1, 1, 
75.9012146, 8, 0.1, 0.1, 0.0258348948, 0.344982695, -0.0349707232, 0.758404359, -5.91123787e-006, 0.651784342, 0.651784342, -5.61046135e-006, -0.758404359, 8.13991942e-006, 1, -4.02146053e-007, 0.758404404, 1.9710246e-006, 0.65178429, 0.65178429, 6.04922178e-006, -0.758404404, -5.43762145e-006, 1, 3.30307357e-006, 0, 0, 0, 0, 0, 0, 0, 0.156377734, 0.133956934, 0.137940698, -0.682190168, 0.647491941, 0.339319186, -0.584716797, -0.76184082, 0.278320312, 0.438780324, -0.00862277865, 0.898532974, 0, 0, -0, 0, 0, 0, 0, 0.250176514, 0.138287158, 0.135421826, -0.219724907, 0.799941732, -0.558154681, 0.317382813, -0.482421875, -0.81628418, -0.922429854, -0.356446322, -0.147898371, 0, 1, 1, 1, 
75.9019103, 8, 0.1, 0.1, 0.0258348978, 0.344982697, -0.0349708125, 0.758404167, 1.70470912e-006, 0.651784565, 0.651784565, 1.03197989e-005, -0.758404167, -8.01914413e-006, 1, 6.71547539e-006, 0.758404198, -7.93682995e-006, 0.65178453, 0.65178453, 5.67056711e-007, -0.758404198, 5.64972636e-006, 1, 5.60316117e-006, 0, 0, 0, 0, 0, 0, 0, 0.156377734, 0.133956934, 0.137940698, -0.682190168, 0.647491941, 0.339319186, -0.584716797, -0.76184082, 0.278320312, 0.438780324, -0.00862277865, 0.898532974, 0, 0, -0, 0, 0, 0, 0, 0.250176514, 0.138287158, 0.135421826, -0.219724907, 0.799941732, -0.558154681, 0.317382813, -0.482421875, -0.81628418, -0.922429854, -0.356446322, -0.147898371, 0, 1, 1, 1, 
75.902606, 8, 0.1, 0.1, 0.0258348946, 0.344982696, -0.0349705444, 0.758404113, -5.84895646e-006, 0.651784628, 0.651784628, -5.57916947e-006, -0.758404113, 8.07228953e-006, 1, -4.19005173e-007, 0.758404114, 9.17968279e-006, 0.651784626, 0.651784626, -2.17270617e-006, -0.758404114, -5.54577272e-006, 1, -7.63096542e-006, 0, 0, 0, 0, 0, 0, 0, 0.156377734, 0.133956934, 0.137940698, -0.682190168, 0.647491941, 0.339319186, -0.584716797, -0.76184082, 0.278320312, 0.438780324, -0.00862277865, 0.898532974, 0, 0, -0, 0, 0, 0, 0, 0.250176514, 0.138287158, 0.135421826, -0.219724907, 0.799941732, -0.558154681, 0.317382813, -0.482421875, -0.81628418, -0.922429854, -0.356446322, -0.147898371, 0, 1, 1, 1, 
75.903299, 8, 0.1, 0.1, 0.0258349001, 0.344982694, -0.0349700592, 0.758404193, 3.48257441e-006, 0.651784535, 0.651784534, 6.70142276e-006, -0.758404193, -7.00908275e-006, 1, 2.81249898e-006, 0.758404174, -1.3399689e-005, 0.651784557, 0.651784557, 6.10074524e-006, -0.758404174, 6.18600855e-006, 1, 1.3360541e-005, 0, 0, 0, 0, 0, 0, 0, 0.156377734, 0.133956934, 0.137940698, -0.682190168, 0.647491941, 0.339319186, -0.584716797, -0.76184082, 0.278320312, 0.438780324, -0.00862277865, 0.898532974, 0, 0, -0, 0, 0, 0, 0, 0.250176514, 0.138287158, 0.135421826, -0.219724907, 0.799941732, -0.558154681, 0.317382813, -0.482421875, -0.81628418, -0.922429854, -0.356446322, -0.147898371, 0, 1, 1, 1, 
75.9039977, 8, 0.1, 0.1, 0.025834894, 0.344982698, -0.0349694863, 0.758404398, 9.11854691e-007, 0.651784296, 0.651784296, -1.78816939e-005, -0.758404398, 1.09634526e-005, 1, -1.41558878e-005, 0.758404352, 1.6901246e-005, 0.65178435, 0.65178435, -1.53505273e-005, -0.758404352, -2.81274501e-006, 1, -2.26578744e-005, 0, 0, 0, 0, 0, 0, 0, 0.156377734, 0.133956934, 0.137940698, -0.682190168, 0.647491941, 0.339319186, -0.584716797, -0.76184082, 0.278320312, 0.438780324, -0.00862277865, 0.898532974, 0, 0, -0, 0, 0, 0, 0, 0.250176514, 0.138287158, 0.135421826, -0.219724907, 0.799941732, -0.558154681, 0.317382813, -0.482421875, -0.81628418, -0.922429854, -0.356446322, -0.147898371, 0, 1, 1, 1, 
75.9047183, 8, 0.1, 0.1, 0.0258349026, 0.344982694, -0.0349688838, 0.758404806, -1.60604238e-005, 0.651783821, 0.651783822, 3.28879807e-005, -0.758404805, -9.25555114e-006, 0.999999999, 3.5410327e-005, 0.758404702, -2.84090484e-005, 0.651783942, 0.651783942, 2.35520217e-005, -0.758404702, 6.19472636e-006, 0.999999999, 3.63785256e-005, 0, 0, 0, 0, 0, 0, 0, 0.155929028, 0.132979248, 0.136804199, -0.686443351, 0.645476739, 0.334471401, -0.581787109, -0.763671875, 0.279785156, 0.43611698, -0.00261837303, 0.899918748, 0, 0, -0, 0, 0, 0, 0, 0.250176514, 0.138287158, 0.135421826, -0.222542297, 0.796228589, -0.562378217, 0.322021484, -0.48449707, -0.813354492, -0.920148377, -0.361991783, -0.148587768, 0, 1, 1, 1, 
75.9054166, 8, 0.1, 0.1, 0.0258349004, 0.344982691, -0.0349683246, 0.758405395, 6.27978629e-006, 0.651783136, 0.651783136, -1.90606151e-005, -0.758405395, 7.66076367e-006, 1, -1.85487321e-005, 0.758405261, 1.39873951e-005, 0.651783292, 0.651783292, -5.80541488e-006, -0.758405261, -6.82424157e-006, 1, -1.35196076e-005, 0, 0, 0, 0, 0, 0, 0, 0.155929028, 0.132979248, 0.136804199, -0.686443351, 0.645476739, 0.334471401, -0.581787109, -0.763671875, 0.279785156, 0.43611698, -0.00261837303, 0.899918748, 0, 0, -0, 0, 0, 0, 0, 0.249591602, 0.137701611, 0.134234912, -0.222542297, 0.796228589, -0.562378217, 0.322021484, -0.48449707, -0.813354492, -0.920148377, -0.361991783, -0.148587768, 0, 1, 1, 1, 
75.9061205, 8, 0.1, 0.1, 0.0258349024, 0.344982693, -0.0349681871, 0.758406127, 1.85970138e-006, 0.651782285, 0.651782285, 1.23056105e-005, -0.758406127, -9.43098787e-006, 1, 8.12052999e-006, 0.758405972, -9.11911837e-006, 0.651782465, 0.651782465, 2.85030389e-006, -0.758405972, 5.05821573e-006, 1, 8.10536894e-006, 0, 0, 0, 0, 0, 0, 0, 0.155929028, 0.132979248, 0.136804199, -0.686443351, 0.645476739, 0.334471401, -0.581787109, -0.763671875, 0.279785156, 0.43611698, -0.00261837303, 0.899918748, 0, 0, -0, 0, 0, 0, 0, 0.249591602, 0.137701611, 0.134234912, -0.222542297, 0.796228589, -0.562378217, 0.322021484, -0.48449707, -0.813354492, -0.920148377, -0.361991783, -0.148587768, 0, 1, 1, 1, 
75.9068164, 8, 0.1, 0.1, 0.0258348984, 0.344982693, -0.0349684038, 0.758406946, -4.27750938e-006, 0.651781331, 0.651781331, -1.02350082e-005, -0.758406946, 9.91508008e-006, 1, -4.97430054e-006, 0.75840678, 1.15715265e-005, 0.651781524, 0.651781524, -5.63708453e-006, -0.75840678, -5.10177663e-006, 1, -1.18173103e-005, 0, 0, 0, 0, 0, 0, 0, 0.155929028, 0.132979248, 0.136804199, -0.686443351, 0.645476739, 0.334471401, -0.581787109, -0.763671875, 0.279785156, 0.43611698, -0.00261837303, 0.899918748, 0, 0, -0, 0, 0, 0, 0, 0.249591602, 0.137701611, 0.134234912, -0.222542297, 0.796228589, -0.562378217, 0.322021484, -0.48449707, -0.813354492, -0.920148377, -0.361991783, -0.148587768, 0, 1, 1, 1, 
75.9075413, 8, 0.1, 0.1, 0.025834904, 0.344982693, -0.0349687137, 0.758407846, 5.56025595e-006, 0.651780285, 0.651780285, 2.96463856e-006, -0.758407846, -6.1492347e-006, 1, -1.37566006e-006, 0.758407677, -1.24501021e-005, 0.651780481, 0.651780481, 1.66087628e-006, -0.758407677, 8.35972628e-006, 1, 9.37435486e-006, 0, 0, 0, 0, 0, 0, 0, 0.155473608, 0.132010352, 0.135861768, -0.690792013, 0.643620297, 0.329039876, -0.579101562, -0.765136719, 0.28112793, 0.432850798, 0.00360807144, 0.901520569, 0, 0, -0, 0, 0, 0, 0, 0.249059912, 0.137337598, 0.133684033, -0.224656797, 0.792528205, -0.566716959, 0.327758789, -0.486206055, -0.809936523, -0.917547537, -0.367658645, -0.150516701, 0, 1, 1, 1, 
75.9082346, 8, 0.1, 0.1, 0.0258349013, 0.344982692, -0.0349691911, 0.758408585, -4.60069361e-006, 0.651779425, 0.651779424, -9.76796881e-006, -0.758408585, 9.85576662e-006, 1, -4.40947397e-006, 0.758408456, 2.73594582e-006, 0.651779575, 0.651779575, 3.18312878e-006, -0.758408456, -4.14966277e-006, 1, 6.30878177e-007, 0, 0, 0, 0, 0, 0, 0, 0.155473608, 0.132010352, 0.135861768, -0.690792013, 0.643620297, 0.329039876, -0.579101562, -0.765136719, 0.28112793, 0.432850798, 0.00360807144, 0.901520569, 0, 0, -0, 0, 0, 0, 0, 0.249059912, 0.137337598, 0.133684033, -0.224656797, 0.792528205, -0.566716959, 0.327758789, -0.486206055, -0.809936523, -0.917547537, -0.367658645, -0.150516701, 0, 1, 1, 1, 
75.908936, 8, 0.1, 0.1, 0.0258349039, 0.344982695, -0.0349697974, 0.758409245, 7.87596513e-006, 0.651778656, 0.651778656, 2.81740496e-006, -0.758409245, -7.80952918e-006, 1, -2.99664e-006, 0.75840912, -3.11590911e-006, 0.651778802, 0.651778802, -7.20996254e-006, -0.75840912, 7.06243463e-006, 1, -3.43721784e-006, 0, 0, 0, 0, 0, 0, 0, 0.155473608, 0.132010352, 0.135861768, -0.690792013, 0.643620297, 0.329039876, -0.579101562, -0.765136719, 0.28112793, 0.432850798, 0.00360807144, 0.901520569, 0, 0, -0, 0, 0, 0, 0, 0.249059912, 0.137337598, 0.133684033, -0.224656797, 0.792528205, -0.566716959, 0.327758789, -0.486206055, -0.809936523, -0.917547537, -0.367658645, -0.150516701, 0, 1, 1, 1, 
75.9096336, 8, 0.1, 0.1, 0.0258349016, 0.344982693, -0.0349702659, 0.758409784, -8.22720102e-006, 0.651778029, 0.651778029, -1.71494459e-006, -0.758409784, 7.35735296e-006, 1, 4.06167811e-006, 0.758409674, 5.96283089e-006, 0.651778158, 0.651778158, 2.96115926e-006, -0.758409674, -6.45228756e-006, 1, -1.6406711e-006, 0, 0, 0, 0, 0, 0, 0, 0.155473608, 0.132010352, 0.135861768, -0.690792013, 0.643620297, 0.329039876, -0.579101562, -0.765136719, 0.28112793, 0.432850798, 0.00360807144, 0.901520569, 0, 0, -0, 0, 0, 0, 0, 0.249059912, 0.137337598, 0.133684033, -0.224656797, 0.792528205, -0.566716959, 0.327758789, -0.486206055, -0.809936523, -0.917547537, -0.367658645, -0.150516701, 0, 1, 1, 1, 
75.9103287, 8, 0.1, 0.1, 0.0258349037, 0.344982695, -0.0349705293, 0.758410245, 9.20633429e-006, 0.651777493, 0.651777493, 2.9603191e-006, -0.758410245, -8.91164761e-006, 1, -3.75534515e-006, 0.758410165, -6.28702251e-007, 0.651777586, 0.651777586, -6.52147609e-006, -0.758410165, 4.72736612e-006, 1, -4.53617972e-006, 0, 0, 0, 0, 0, 0, 0, 0.155473608, 0.132010352, 0.135861768, -0.690792013, 0.643620297, 0.329039876, -0.579101562, -0.765136719, 0.28112793, 0.432850798, 0.00360807144, 0.901520569, 0, 0, -0, 0, 0, 0, 0, 0.249059912, 0.137337598, 0.133684033, -0.224656797, 0.792528205, -0.566716959, 0.327758789, -0.486206055, -0.809936523, -0.917547537, -0.367658645, -0.150516701, 0, 1, 1, 1, 
75.9110209, 8, 0.1, 0.1, 0.0258349014, 0.344982692, -0.0349705592, 0.758410595, -8.52291272e-006, 0.651777086, 0.651777086, -1.04651084e-006, -0.758410595, 7.14595909e-006, 1, 4.7613543e-006, 0.758410521, 5.63027515e-006, 0.651777171, 0.651777171, 3.41218101e-006, -0.758410521, -6.4940416e-006, 1, -1.08185083e-006, 0, 0, 0, 0, 0, 0, 0, 0.155473608, 0.132010352, 0.135861768, -0.690792013, 0.643620297, 0.329039876, -0.579101562, -0.765136719, 0.28112793, 0.432850798, 0.00360807144, 0.901520569, 0, 0, -0, 0, 0, 0, 0, 0.249059912, 0.137337598, 0.133684033, -0.224656797, 0.792528205, -0.566716959, 0.327758789, -0.486206055, -0.809936523, -0.917547537, -0.367658645, -0.150516701, 0, 1, 1, 1, 
75.9117158, 8, 0.1, 0.1, 0.0258349026, 0.344982695, -0.0349703755, 0.758410865, 1.33456203e-005, 0.651776771, 0.651776771, -2.16891509e-006, -0.758410865, -8.70781499e-006, 1, -1.03432941e-005, 0.758410827, 4.22404977e-006, 0.651776816, 0.651776816, -1.24862868e-005, -0.758410827, 4.93470718e-006, 1, -1.22228728e-005, 0, 0, 0, 0, 0, 0, 0, 0.155473608, 0.132010352, 0.135861768, -0.690792013, 0.643620297, 0.329039876, -0.579101562, -0.765136719, 0.28112793, 0.432850798, 0.00360807144, 0.901520569, 0, 0, -0, 0, 0, 0, 0, 0.249059912, 0.137337598, 0.133684033, -0.224656797, 0.792528205, -0.566716959, 0.327758789, -0.486206055, -0.809936523, -0.917547537, -0.367658645, -0.150516701, 0, 1, 1, 1, 
75.9124333, 8, 0.1, 0.1, 0.0258349024, 0.34498269, -0.0349697628, 0.758410923, -1.34325163e-005, 0.651776703, 0.651776704, 3.51146898e-006, -0.758410923, 7.89867341e-006, 1, 1.14181376e-005, 0.758410925, -6.63930053e-006, 0.651776701, 0.651776701, 1.6502442e-005, -0.758410925, -5.72058915e-006, 1, 1.68429737e-005, 0, 0, 0, 0, 0, 0, 0, 0.155005981, 0.13102583, 0.134700854, -0.69538181, 0.641440344, 0.323709822, -0.575927734, -0.766967773, 0.282714844, 0.429622809, 0.0101329388, 0.902982726, 0, 0, -0, 0, 0, 0, 0, 0.248526514, 0.136762061, 0.132929932, -0.226758537, 0.788923703, -0.570838416, 0.333129883, -0.487915039, -0.806640625, -0.915068099, -0.373069945, -0.15217731, 0, 1, 1, 1, 
75.9131265, 8, 0.1, 0.1, 0.0258349006, 0.344982697, -0.0349691285, 0.758410768, 2.30113955e-005, 0.651776884, 0.651776884, -1.25961532e-005, -0.758410768, -9.24220863e-006, 1, -2.45513539e-005, 0.758410813, 1.44716203e-005, 0.651776832, 0.651776832, -2.38673513e-005, -0.758410813, 4.58075329e-006, 1, -2.75335242e-005, 0, 0, 0, 0, 0, 0, 0, 0.155005981, 0.13102583, 0.134700854, -0.69538181, 0.641440344, 0.323709822, -0.575927734, -0.766967773, 0.282714844, 0.429622809, 0.0101329388, 0.902982726, 0, 0, -0, 0, 0, 0, 0, 0.248526514, 0.136762061, 0.132929932, -0.226758537, 0.788923703, -0.570838416, 0.333129883, -0.487915039, -0.806640625, -0.915068099, -0.373069945, -0.15217731, 0, 1, 1, 1, 
75.9138253, 8, 0.1, 0.1, 0.0258349009, 0.344982691, -0.0349687013, 0.7584104, -2.86090257e-005, 0.651777312, 0.651777312, 1.97938856e-005, -0.7584104, 8.79617705e-006, 0.999999999, 3.36586025e-005, 0.758410494, -1.42569472e-005, 0.651777203, 0.651777203, 2.52024113e-005, -0.758410494, -5.61373877e-006, 1, 2.84061264e-005, 0, 0, 0, 0, 0, 0, 0, 0.155005981, 0.13102583, 0.134700854, -0.69538181, 0.641440344, 0.323709822, -0.575927734, -0.766967773, 0.282714844, 0.429622809, 0.0101329388, 0.902982726, 0, 0, -0, 0, 0, 0, 0, 0.248526514, 0.136762061, 0.132929932, -0.226758537, 0.788923703, -0.570838416, 0.333129883, -0.487915039, -0.806640625, -0.915068099, -0.373069945, -0.15217731, 0, 1, 1, 1, 
75.9145207, 8, 0.1, 0.1, 0.0258349062, 0.344982691, -0.0349685828, 0.758409867, 1.55297732e-005, 0.651777933, 0.651777933, -8.97183746e-006, -0.758409867, -5.93028752e-006, 1, -1.69262935e-005, 0.758409988, -2.62568606e-006, 0.651777792, 0.651777792, -9.36498933e-006, -0.758409988, 8.0952386e-006, 1, -5.39113758e-006, 0, 0, 0, 0, 0, 0, 0, 0.155005981, 0.13102583, 0.134700854, -0.69538181, 0.641440344, 0.323709822, -0.575927734, -0.766967773, 0.282714844, 0.429622809, 0.0101329388, 0.902982726, 0, 0, -0, 0, 0, 0, 0, 0.248526514, 0.136762061, 0.132929932, -0.226758537, 0.788923703, -0.570838416, 0.333129883, -0.487915039, -0.806640625, -0.915068099, -0.373069945, -0.15217731, 0, 1, 1, 1, 
75.9152138, 8, 0.1, 0.1, 0.0258349021, 0.344982692, -0.0349688227, 0.758409276, -1.64040571e-005, 0.65177862, 0.651778621, 5.2922339e-006, -0.758409276, 8.99162413e-006, 1, 1.4705493e-005, 0.758409392, 5.30629512e-006, 0.651778485, 0.651778485, 1.21880537e-006, -0.758409392, -4.81873517e-006, 1, -2.53417555e-006, 0, 0, 0, 0, 0, 0, 0, 0.155005981, 0.13102583, 0.134700854, -0.69538181, 0.641440344, 0.323709822, -0.575927734, -0.766967773, 0.282714844, 0.429622809, 0.0101329388, 0.902982726, 0, 0, -0, 0, 0, 0, 0, 0.248526514, 0.136762061, 0.132929932, -0.226758537, 0.788923703, -0.570838416, 0.333129883, -0.487915039, -0.806640625, -0.915068099, -0.373069945, -0.15217731, 0, 1, 1, 1, 
75.9159091, 8, 0.1, 0.1, 0.0258349101, 0.344982689, -0.0349693075, 0.758408752, -7.4140437e-007, 0.651779231, 0.651779231, 9.07230008e-006, -0.758408752, -5.3508492e-006, 1, 7.36374375e-006, 0.75840885, -1.95939803e-005, 0.651779116, 0.651779116, 1.04797184e-005, -0.75840885, 8.02978649e-006, 1, 2.07188584e-005, 0, 0, 0, 0, 0, 0, 0, 0.155005981, 0.13102583, 0.134700854, -0.69538181, 0.641440344, 0.323709822, -0.575927734, -0.766967773, 0.282714844, 0.429622809, 0.0101329388, 0.902982726, 0, 0, -0, 0, 0, 0, 0, 0.248526514, 0.136762061, 0.132929932, -0.226758537, 0.788923703, -0.570838416, 0.333129883, -0.487915039, -0.806640625, -0.915068099, -0.373069945, -0.15217731, 0, 1, 1, 1, 
75.9166027, 8, 0.1, 0.1, 0.0258349035, 0.344982694, -0.0349698712, 0.758408434, 5.93818439e-006, 0.6517796, 0.6517796, -2.45748001e-005, -0.758408434, 1.15137843e-005, 1, -2.25081231e-005, 0.758408483, 2.00286973e-005, 0.651779543, 0.651779543, -2.05752158e-005, -0.758408483, -1.77942914e-006, 1, -2.86587133e-005, 0, 0, 0, 0, 0, 0, 0, 0.155005981, 0.13102583, 0.134700854, -0.69538181, 0.641440344, 0.323709822, -0.575927734, -0.766967773, 0.282714844, 0.429622809, 0.0101329388, 0.902982726, 0, 0, -0, 0, 0, 0, 0, 0.248526514, 0.136762061, 0.132929932, -0.226758537, 0.788923703, -0.570838416, 0.333129883, -0.487915039, -0.806640625, -0.915068099, -0.373069945, -0.15217731, 0, 1, 1, 1, 
75.9173245, 8, 0.1, 0.1, 0.0258349098, 0.344982693, -0.0349700844, 0.758408365, -9.94531083e-006, 0.651779681, 0.651779681, 1.93889521e-005, -0.758408364, -5.09471809e-006, 1, 2.1186895e-005, 0.758408359, -2.13770316e-005, 0.651779687, 0.651779687, 1.18327267e-005, -0.758408359, 8.50018855e-006, 1, 2.29071538e-005, 0, 0, 0, 0, 0, 0, 0, 0.154565454, 0.129835767, 0.133550806, -0.699451145, 0.639647181, 0.318601806, -0.573364258, -0.768432617, 0.284057617, 0.42655957, 0.0159785849, 0.904286124, 0, 0, -0, 0, 0, 0, 0, 0.2480146, 0.136011621, 0.132203906, -0.228470553, 0.78587517, -0.574435988, 0.338378906, -0.489013672, -0.803833008, -0.912793185, -0.377931839, -0.154151086, 0, 1, 1, 1, 
75.9180198, 8, 0.1, 0.1, 0.0258349053, 0.344982695, -0.034970142, 0.758408534, 1.35261391e-005, 0.651779483, 0.651779484, -2.89331808e-005, -0.758408534, 8.59971432e-006, 0.999999999, -3.07592311e-005, 0.75840848, 2.04250577e-005, 0.651779546, 0.651779546, -1.71134465e-005, -0.75840848, -4.33634258e-006, 1, -2.62916178e-005, 0, 0, 0, 0, 0, 0, 0, 0.154565454, 0.129835767, 0.133550806, -0.699451145, 0.639647181, 0.318601806, -0.573364258, -0.768432617, 0.284057617, 0.42655957, 0.0159785849, 0.904286124, 0, 0, -0, 0, 0, 0, 0, 0.2480146, 0.136011621, 0.132203906, -0.228470553, 0.78587517, -0.574435988, 0.338378906, -0.489013672, -0.803833008, -0.912793185, -0.377931839, -0.154151086, 0, 1, 1, 1, 
75.9187123, 8, 0.1, 0.1, 0.0258349061, 0.344982699, -0.0349700924, 0.758408875, -6.04099567e-006, 0.651779087, 0.651779087, 1.974684e-005, -0.758408875, -8.2890326e-006, 1, 1.89135734e-005, 0.758408792, -9.17440537e-006, 0.651779184, 0.651779184, 2.47937033e-006, -0.758408792, 5.34194772e-006, 1, 7.86006271e-006, 0, 0, 0, 0, 0, 0, 0, 0.154565454, 0.129835767, 0.133550806, -0.699451145, 0.639647181, 0.318601806, -0.573364258, -0.768432617, 0.284057617, 0.42655957, 0.0159785849, 0.904286124, 0, 0, -0, 0, 0, 0, 0, 0.2480146, 0.136011621, 0.132203906, -0.228470553, 0.78587517, -0.574435988, 0.338378906, -0.489013672, -0.803833008, -0.912793185, -0.377931839, -0.154151086, 0, 1, 1, 1, 
75.9194079, 8, 0.1, 0.1, 0.0258349058, 0.344982693, -0.0349699293, 0.758409298, 4.10730438e-006, 0.651778594, 0.651778594, -1.20600469e-005, -0.758409298, 4.74546259e-006, 1, -1.18235048e-005, 0.758409214, 3.17747485e-006, 0.651778692, 0.651778692, 9.139314e-006, -0.758409214, -8.36663634e-006, 1, 4.86032955e-006, 0, 0, 0, 0, 0, 0, 0, 0.154565454, 0.129835767, 0.133550806, -0.699451145, 0.639647181, 0.318601806, -0.573364258, -0.768432617, 0.284057617, 0.42655957, 0.0159785849, 0.904286124, 0, 0, -0, 0, 0, 0, 0, 0.2480146, 0.136011621, 0.132203906, -0.228470553, 0.78587517, -0.574435988, 0.338378906, -0.489013672, -0.803833008, -0.912793185, -0.377931839, -0.154151086, 0, 1, 1, 1, 
75.9200991, 8, 0.1, 0.1, 0.025834903, 0.344982699, -0.0349697439, 0.75840967, 1.13307308e-005, 0.651778162, 0.651778162, 2.38932401e-006, -0.75840967, -1.0150645e-005, 1, -5.5730365e-006, 0.758409602, 9.64445571e-006, 0.651778242, 0.651778242, -1.56148932e-005, -0.758409601, 2.86299984e-006, 1, -1.81285313e-005, 0, 0, 0, 0, 0, 0, 0, 0.154565454, 0.129835767, 0.133550806, -0.699451145, 0.639647181, 0.318601806, -0.573364258, -0.768432617, 0.284057617, 0.42655957, 0.0159785849, 0.904286124, 0, 0, -0, 0, 0, 0, 0, 0.2480146, 0.136011621, 0.132203906, -0.228470553, 0.78587517, -0.574435988, 0.338378906, -0.489013672, -0.803833008, -0.912793185, -0.377931839, -0.154151086, 0, 1, 1, 1, 
75.9207942, 8, 0.1, 0.1, 0.0258349057, 0.344982691, -0.0349695865, 0.758409858, -2.00337972e-005, 0.651777943, 0.651777943, 1.01490573e-005, -0.758409858, 8.57889756e-006, 1, 2.07547323e-005, 0.758409833, -1.40176654e-005, 0.651777972, 0.651777972, 2.44795092e-005, -0.758409833, -5.3240696e-006, 1, 2.7701906e-005, 0, 0, 0, 0, 0, 0, 0, 0.154565454, 0.129835767, 0.133550806, -0.699451145, 0.639647181, 0.318601806, -0.573364258, -0.768432617, 0.284057617, 0.42655957, 0.0159785849, 0.904286124, 0, 0, -0, 0, 0, 0, 0, 0.2480146, 0.136011621, 0.132203906, -0.228470553, 0.78587517, -0.574435988, 0.338378906, -0.489013672, -0.803833008, -0.912793185, -0.377931839, -0.154151086, 0, 1, 1, 1, 
75.92151, 8, 0.1, 0.1, 0.0258349051, 0.344982697, -0.0349693414, 0.758409807, 2.19637652e-005, 0.651778003, 0.651778003, -1.24103776e-005, -0.758409806, -8.56872378e-006, 1, -2.37276511e-005, 0.758409837, 1.15755726e-005, 0.651777968, 0.651777968, -2.34132913e-005, -0.758409837, 6.48123927e-006, 1, -2.53015736e-005, 0, 0, 0, 0, 0, 0, 0, 0.154565454, 0.129835767, 0.133550806, -0.703736528, 0.637631979, 0.313049713, -0.570800781, -0.769897461, 0.28515625, 0.422912591, 0.0219829906, 0.90590704, 0, 0, -0, 0, 0, 0, 0, 0.2480146, 0.136011621, 0.132203906, -0.228470553, 0.78587517, -0.574435988, 0.338378906, -0.489013672, -0.803833008, -0.912793185, -0.377931839, -0.154151086, 0, 1, 1, 1, 
75.9222176, 8, 0.1, 0.1, 0.0258349047, 0.344982693, -0.0349689449, 0.758409528, -2.59992147e-005, 0.651778327, 0.651778327, 1.53193994e-005, -0.758409528, 9.73319969e-006, 1, 2.85641031e-005, 0.758409603, -1.21065544e-005, 0.65177824, 0.65177824, 2.15185652e-005, -0.758409602, -4.84360543e-006, 1, 2.42106752e-005, 0, 0, 0, 0, 0, 0, 0, 0.154112109, 0.128858081, 0.132825513, -0.703736528, 0.637631979, 0.313049713, -0.570800781, -0.769897461, 0.28515625, 0.422912591, 0.0219829906, 0.90590704, 0, 0, -0, 0, 0, 0, 0, 0.247547607, 0.135259473, 0.131900684, -0.22960108, 0.782839397, -0.578040123, 0.344604492, -0.489990234, -0.800537109, -0.910211669, -0.382915134, -0.157230235, 0, 1, 1, 1, 
