time, trialNum, realDorsalTactorPos, realVentralTactorPos, boxPosX, boxPosY, boxPosZ, boxLocalRot_11, boxLocalRot_12, boxLocalRot_13, boxLocalRot_21, boxLocalRot_22, boxLocalRot_23, boxLocalRot_31, boxLocalRot_32, boxLocalRot_33, boxGlobalRot_11, boxGlobalRot_12, boxGlobalRot_13, boxGlobalRot_21, boxGlobalRot_22, boxGlobalRot_23, boxGlobalRot_31, boxGlobalRot_32, boxGlobalRot_33, indexForceX, indexForceY, indexForceZ, indexForceGlobalX, indexForceGlobalY, indexForceGlobalZ, indexContact, indexPosX, indexPosY, indexPosZ, indexRot_11, indexRot_12, indexRot_13, indexRot_21, indexRot_22, indexRot_23, indexRot_31, indexRot_32, indexRot_33, thumbForceX, thumbForceY, thumbForceZ, thumbForceGlobalX, thumbForceGlobalY, thumbForceGlobalZ, thumbContact, thumbPosX, thumbPosY, thumbPosZ, thumbRot_11, thumbRot_12, thumbRot_13, thumbRot_21, thumbRot_22, thumbRot_23, thumbRot_31, thumbRot_32, thumbRot_33, manipForceTooHigh, cceExpType, mapping, trialSuccess, 
147.129684, 19, 0.1, 0.1, 0.0279494996, 0.376602279, -0.0349700433, 0.967642506, -7.00479605e-006, 0.252325147, 0.252325147, 3.35159746e-008, -0.967642506, 6.76968148e-006, 1, 1.79991767e-006, 0.967642504, -2.84258217e-006, 0.252325155, 0.252325155, -4.27150388e-006, -0.967642504, 3.82841121e-006, 1, -3.41603372e-006, 0, 0, 0, 0, 0, 0, 0, 0.16595354, 0.156790137, 0.141998853, -0.642675081, 0.715959272, 0.272441692, -0.679199219, -0.696899414, 0.229614258, 0.354288055, -0.037511361, 0.934338083, 0, 0, -0, 0, 0, 0, 0, 0.248989014, 0.158450928, 0.147201807, -0.290280688, 0.792999515, -0.535411807, 0.413208008, -0.400756836, -0.817626953, -0.863073531, -0.458561457, -0.211298091, 0, 1, 5, 1, 
147.15923, 19, 0.1, 0.1, 0.0279494845, 0.376602287, -0.03497126, 0.967639377, 3.85074541e-006, 0.252337146, 0.252337147, -1.40208442e-005, -0.967639377, -1.88153063e-007, 1, -1.45388071e-005, 0.967639403, 9.61120271e-006, 0.252337047, 0.252337047, -1.66205764e-005, -0.967639403, -5.10619128e-006, 1, -1.85079872e-005, 0, 0, 0, 0, 0, 0, 0, 0.165765234, 0.154938965, 0.135995386, -0.638057953, 0.726176782, 0.255560009, -0.6796875, -0.687255859, 0.255859375, 0.361590249, -0.0104563267, 0.932315386, 0, 0, -0, 0, 0, 0, 0, 0.249279736, 0.156715039, 0.13997251, -0.291501634, 0.777670831, -0.556896224, 0.404785156, -0.427124023, -0.808349609, -0.866638653, -0.461031765, -0.190235079, 0, 1, 5, 1, 
147.15996, 19, 0.1, 0.1, 0.0279494887, 0.376602283, -0.0349703873, 0.967639282, 1.66070182e-006, 0.252337513, 0.252337513, 1.77053201e-005, -0.967639282, -6.07467676e-006, 1, 1.67133059e-005, 0.967639295, -1.1752232e-005, 0.252337462, 0.252337462, 1.84038082e-005, -0.967639295, 6.72795125e-006, 1, 2.07737764e-005, 0, 0, 0, 0, 0, 0, 0, 0.165765234, 0.154938965, 0.135995386, -0.638057953, 0.726176782, 0.255560009, -0.6796875, -0.687255859, 0.255859375, 0.361590249, -0.0104563267, 0.932315386, 0, 0, -0, 0, 0, 0, 0, 0.249279736, 0.156715039, 0.13997251, -0.291501634, 0.777670831, -0.556896224, 0.404785156, -0.427124023, -0.808349609, -0.866638653, -0.461031765, -0.190235079, 0, 1, 5, 1, 
147.16073, 19, 0.1, 0.1, 0.0279494862, 0.376602287, -0.0349682568, 0.967639282, -5.56209831e-006, 0.252337512, 0.252337512, -1.83033312e-005, -0.967639282, 1.00007219e-005, 1, -1.63074962e-005, 0.967639275, 5.30777784e-007, 0.252337537, 0.252337537, -2.14215314e-005, -0.967639275, 4.89185505e-006, 1, -2.08622503e-005, 0, 0, 0, 0, 0, 0, 0, 0.165481323, 0.154947021, 0.135193579, -0.639427256, 0.725919916, 0.253040076, -0.676879883, -0.68762207, 0.262451172, 0.36464974, -0.00349449492, 0.931231401, 0, 0, -0, 0, 0, 0, 0, 0.249343799, 0.156585498, 0.138872754, -0.293980705, 0.773153085, -0.561770511, 0.403442383, -0.432495117, -0.806274414, -0.866408244, -0.463593226, -0.184732995, 0, 1, 5, 1, 
147.161433, 19, 0.1, 0.1, 0.0279494855, 0.376602282, -0.0349665977, 0.96763935, 1.06432195e-005, 0.252337249, 0.252337249, 2.04672091e-005, -0.96763935, -1.54634372e-005, 1, 1.71191962e-005, 0.967639334, 9.80178825e-006, 0.252337314, 0.252337313, 2.45019226e-005, -0.967639333, -1.56673452e-005, 1, 2.12356672e-005, 0, 0, 0, 0, 0, 0, 0, 0.165481323, 0.154947021, 0.135193579, -0.639427256, 0.725919916, 0.253040076, -0.676879883, -0.68762207, 0.262451172, 0.36464974, -0.00349449492, 0.931231401, 0, 0, -0, 0, 0, 0, 0, 0.249343799, 0.156585498, 0.138872754, -0.293980705, 0.773153085, -0.561770511, 0.403442383, -0.432495117, -0.806274414, -0.866408244, -0.463593226, -0.184732995, 0, 1, 5, 1, 
147.162137, 19, 0.1, 0.1, 0.0279494856, 0.376602287, -0.0349658564, 0.967639433, 1.98761282e-006, 0.252336932, 0.252336932, -1.662385e-005, -0.967639433, 2.27151876e-006, 1, -1.65874409e-005, 0.967639419, -3.04155185e-006, 0.252336988, 0.252336988, -2.23658054e-005, -0.967639418, 8.58684543e-006, 1, -2.08745389e-005, 0, 0, 0, 0, 0, 0, 0, 0.165481323, 0.154947021, 0.135193579, -0.639427256, 0.725919916, 0.253040076, -0.676879883, -0.68762207, 0.262451172, 0.36464974, -0.00349449492, 0.931231401, 0, 0, -0, 0, 0, 0, 0, 0.249343799, 0.156585498, 0.138872754, -0.293980705, 0.773153085, -0.561770511, 0.403442383, -0.432495117, -0.806274414, -0.866408244, -0.463593226, -0.184732995, 0, 1, 5, 1, 
147.162926, 19, 0.1, 0.1, 0.0279494843, 0.37660228, -0.0349655932, 0.967639464, -1.32171498e-005, 0.252336814, 0.252336814, 1.73562808e-005, -0.967639464, 8.40980717e-006, 1, 2.01297957e-005, 0.967639465, -7.31346842e-007, 0.252336812, 0.252336811, 2.57093167e-005, -0.967639464, -5.77972694e-006, 1, 2.50618952e-005, 0, 0, 0, 0, 0, 0, 0, 0.16554541, 0.154394604, 0.13415498, -0.638347019, 0.727858352, 0.250259912, -0.676269531, -0.685546875, 0.269165039, 0.367568446, 0.0025016757, 0.93006504, 0, 0, -0, 0, 0, 0, 0, 0.249343799, 0.156585498, 0.138872754, -0.294498394, 0.769038191, -0.567143165, 0.401123047, -0.439086914, -0.803833008, -0.867321854, -0.464148461, -0.179160548, 0, 1, 5, 1, 
147.163629, 19, 0.1, 0.1, 0.0279494851, 0.376602284, -0.0349659519, 0.967639403, 1.42795642e-005, 0.252337047, 0.252337047, -1.23613748e-005, -0.967639403, -1.06982362e-005, 1, -1.55646164e-005, 0.967639421, 9.46386762e-006, 0.252336978, 0.252336978, -1.75225145e-005, -0.967639421, -4.73603303e-006, 1, -1.93435596e-005, 0, 0, 0, 0, 0, 0, 0, 0.16554541, 0.154394604, 0.13415498, -0.638347019, 0.727858352, 0.250259912, -0.676269531, -0.685546875, 0.269165039, 0.367568446, 0.0025016757, 0.93006504, 0, 0, -0, 0, 0, 0, 0, 0.24906709, 0.15607832, 0.137518262, -0.294498394, 0.769038191, -0.567143165, 0.401123047, -0.439086914, -0.803833008, -0.867321854, -0.464148461, -0.179160548, 0, 1, 5, 1, 
147.164329, 19, 0.1, 0.1, 0.0279494877, 0.37660228, -0.0349672997, 0.967639281, -1.71583635e-005, 0.252337514, 0.252337514, 1.24219995e-005, -0.967639281, 1.346857e-005, 1, 1.63497135e-005, 0.967639308, -1.84187539e-005, 0.252337412, 0.252337412, 1.63971865e-005, -0.967639308, 1.36850867e-005, 1, 2.05143029e-005, 0, 0, 0, 0, 0, 0, 0, 0.16554541, 0.154394604, 0.13415498, -0.638347019, 0.727858352, 0.250259912, -0.676269531, -0.685546875, 0.269165039, 0.367568446, 0.0025016757, 0.93006504, 0, 0, -0, 0, 0, 0, 0, 0.24906709, 0.15607832, 0.137518262, -0.294498394, 0.769038191, -0.567143165, 0.401123047, -0.439086914, -0.803833008, -0.867321854, -0.464148461, -0.179160548, 0, 1, 5, 1, 
147.165067, 19, 0.1, 0.1, 0.0279494852, 0.376602285, -0.0349691294, 0.967639146, 8.27121621e-006, 0.252338033, 0.252338033, -1.64182358e-005, -0.967639146, -3.86060726e-006, 1, -1.79740701e-005, 0.967639172, 1.48866255e-005, 0.252337935, 0.252337935, -1.84122395e-005, -0.967639172, -9.75877544e-006, 1, -2.15728645e-005, 0, 0, 0, 0, 0, 0, 0, 0.16554541, 0.154394604, 0.13415498, -0.638347019, 0.727858352, 0.250259912, -0.676269531, -0.685546875, 0.269165039, 0.367568446, 0.0025016757, 0.93006504, 0, 0, -0, 0, 0, 0, 0, 0.24906709, 0.15607832, 0.137518262, -0.294498394, 0.769038191, -0.567143165, 0.401123047, -0.439086914, -0.803833008, -0.867321854, -0.464148461, -0.179160548, 0, 1, 5, 1, 
147.165784, 19, 0.1, 0.1, 0.0279494883, 0.376602282, -0.034970372, 0.967639069, 2.69915829e-006, 0.25233833, 0.25233833, 1.40396113e-005, -0.967639069, -6.15454308e-006, 1, 1.29041753e-005, 0.967639078, -9.05264691e-006, 0.252338293, 0.252338293, 1.4622456e-005, -0.967639078, 5.06988933e-006, 1, 1.64335893e-005, 0, 0, 0, 0, 0, 0, 0, 0.16554541, 0.154394604, 0.13415498, -0.638347019, 0.727858352, 0.250259912, -0.676269531, -0.685546875, 0.269165039, 0.367568446, 0.0025016757, 0.93006504, 0, 0, -0, 0, 0, 0, 0, 0.24906709, 0.15607832, 0.137518262, -0.294498394, 0.769038191, -0.567143165, 0.401123047, -0.439086914, -0.803833008, -0.867321854, -0.464148461, -0.179160548, 0, 1, 5, 1, 
147.166483, 19, 0.1, 0.1, 0.0279494863, 0.376602286, -0.0349712174, 0.967639072, -4.90489928e-006, 0.252338317, 0.252338317, -1.73251568e-005, -0.967639072, 9.11797309e-006, 1, -1.55268046e-005, 0.967639066, 6.2253197e-007, 0.25233834, 0.25233834, -1.95068104e-005, -0.967639066, 4.31992991e-006, 1, -1.90326405e-005, 0, 0, 0, 0, 0, 0, 0, 0.16554541, 0.154394604, 0.13415498, -0.638347019, 0.727858352, 0.250259912, -0.676269531, -0.685546875, 0.269165039, 0.367568446, 0.0025016757, 0.93006504, 0, 0, -0, 0, 0, 0, 0, 0.24906709, 0.15607832, 0.137518262, -0.294498394, 0.769038191, -0.567143165, 0.401123047, -0.439086914, -0.803833008, -0.867321854, -0.464148461, -0.179160548, 0, 1, 5, 1, 
147.167201, 19, 0.1, 0.1, 0.0279494859, 0.376602283, -0.0349714503, 0.967639135, 8.4110058e-006, 0.252338074, 0.252338074, 1.53343107e-005, -0.967639135, -1.20082488e-005, 1, 1.27156622e-005, 0.967639119, 7.69556836e-006, 0.252338138, 0.252338138, 1.91047562e-005, -0.967639119, -1.22673916e-005, 1, 1.65446241e-005, 0, 0, 0, 0, 0, 0, 0, 0.16554541, 0.154394604, 0.13415498, -0.638347019, 0.727858352, 0.250259912, -0.676269531, -0.685546875, 0.269165039, 0.367568446, 0.0025016757, 0.93006504, 0, 0, -0, 0, 0, 0, 0, 0.24906709, 0.15607832, 0.137518262, -0.294498394, 0.769038191, -0.567143165, 0.401123047, -0.439086914, -0.803833008, -0.867321854, -0.464148461, -0.179160548, 0, 1, 5, 1, 
147.167974, 19, 0.1, 0.1, 0.0279494871, 0.376602289, -0.0349700712, 0.967639218, -1.45652367e-006, 0.252337758, 0.252337758, -2.03048413e-005, -0.967639218, 6.53306755e-006, 1, -1.92802248e-005, 0.967639204, -5.80902277e-006, 0.25233781, 0.252337809, -2.61110881e-005, -0.967639204, 1.22098529e-005, 1, -2.38002764e-005, 0, 0, 0, 0, 0, 0, 0, 0.165411279, 0.15364397, 0.13310625, -0.6368096, 0.73025397, 0.247301893, -0.67590332, -0.682983398, 0.276733398, 0.3710327, 0.00904339542, 0.928556074, 0, 0, -0, 0, 0, 0, 0, 0.249020215, 0.155574561, 0.136168896, -0.294881922, 0.764897777, -0.572554098, 0.39855957, -0.446044922, -0.801269531, -0.868344106, -0.464460893, -0.173223896, 0, 1, 5, 1, 
147.168684, 19, 0.1, 0.1, 0.027949487, 0.376602286, -0.0349684888, 0.967639246, -1.30669237e-005, 0.252337648, 0.252337649, 1.21476804e-005, -0.967639246, 9.57875106e-006, 1, 1.50518491e-005, 0.967639246, -2.57864066e-006, 0.25233765, 0.25233765, 1.82244778e-005, -0.967639246, -2.10352799e-006, 1, 1.82854081e-005, 0, 0, 0, 0, 0, 0, 0, 0.165411279, 0.15364397, 0.13310625, -0.6368096, 0.73025397, 0.247301893, -0.67590332, -0.682983398, 0.276733398, 0.3710327, 0.00904339542, 0.928556074, 0, 0, -0, 0, 0, 0, 0, 0.249020215, 0.155574561, 0.136168896, -0.294881922, 0.764897777, -0.572554098, 0.39855957, -0.446044922, -0.801269531, -0.868344106, -0.464460893, -0.173223896, 0, 1, 5, 1, 
147.169389, 19, 0.1, 0.1, 0.027949488, 0.37660229, -0.0349671172, 0.967639196, 1.34049677e-005, 0.25233784, 0.25233784, -1.01146128e-005, -0.967639196, -1.04188726e-005, 1, -1.31698764e-005, 0.967639212, 8.85566386e-006, 0.25233778, 0.25233778, -1.6274667e-005, -0.967639212, -4.46237425e-006, 1, -1.79826246e-005, 0, 0, 0, 0, 0, 0, 0, 0.165411279, 0.15364397, 0.13310625, -0.6368096, 0.73025397, 0.247301893, -0.67590332, -0.682983398, 0.276733398, 0.3710327, 0.00904339542, 0.928556074, 0, 0, -0, 0, 0, 0, 0, 0.249020215, 0.155574561, 0.136168896, -0.294881922, 0.764897777, -0.572554098, 0.39855957, -0.446044922, -0.801269531, -0.868344106, -0.464460893, -0.173223896, 0, 1, 5, 1, 
147.170145, 19, 0.1, 0.1, 0.0279494921, 0.376602283, -0.0349660611, 0.96763907, -2.1222397e-005, 0.252338324, 0.252338325, 1.95865367e-005, -0.96763907, 1.55931866e-005, 1, 2.43079223e-005, 0.967639096, -2.31007114e-005, 0.252338223, 0.252338224, 2.37018075e-005, -0.967639096, 1.63722795e-005, 0.999999999, 2.87639881e-005, 0, 0, 0, 0, 0, 0, 0, 0.165411279, 0.15364397, 0.13310625, -0.6368096, 0.73025397, 0.247301893, -0.67590332, -0.682983398, 0.276733398, 0.3710327, 0.00904339542, 0.928556074, 0, 0, -0, 0, 0, 0, 0, 0.249020215, 0.155574561, 0.136168896, -0.294881922, 0.764897777, -0.572554098, 0.39855957, -0.446044922, -0.801269531, -0.868344106, -0.464460893, -0.173223896, 0, 1, 5, 1, 
147.170848, 19, 0.1, 0.1, 0.0279494904, 0.376602285, -0.0349658556, 0.967638944, 6.81554648e-006, 0.252338807, 0.252338807, -1.24630106e-005, -0.967638944, -3.45008696e-006, 1, -1.37795213e-005, 0.967638966, 1.35675022e-005, 0.252338722, 0.252338722, -1.40070186e-005, -0.967638966, -9.59393067e-006, 1, -1.69773432e-005, 0, 0, 0, 0, 0, 0, 0, 0.165411279, 0.15364397, 0.13310625, -0.6368096, 0.73025397, 0.247301893, -0.67590332, -0.682983398, 0.276733398, 0.3710327, 0.00904339542, 0.928556074, 0, 0, -0, 0, 0, 0, 0, 0.249020215, 0.155574561, 0.136168896, -0.294881922, 0.764897777, -0.572554098, 0.39855957, -0.446044922, -0.801269531, -0.868344106, -0.464460893, -0.173223896, 0, 1, 5, 1, 
147.17155, 19, 0.1, 0.1, 0.0279494939, 0.376602282, -0.0349666772, 0.967638875, 2.49892841e-006, 0.252339071, 0.252339071, 1.72785789e-005, -0.967638875, -6.77812082e-006, 1, 1.60888474e-005, 0.967638884, -1.08890697e-005, 0.25233904, 0.25233904, 1.87690818e-005, -0.967638883, 5.80051519e-006, 1, 2.09094307e-005, 0, 0, 0, 0, 0, 0, 0, 0.165411279, 0.15364397, 0.13310625, -0.6368096, 0.73025397, 0.247301893, -0.67590332, -0.682983398, 0.276733398, 0.3710327, 0.00904339542, 0.928556074, 0, 0, -0, 0, 0, 0, 0, 0.249020215, 0.155574561, 0.136168896, -0.294881922, 0.764897777, -0.572554098, 0.39855957, -0.446044922, -0.801269531, -0.868344106, -0.464460893, -0.173223896, 0, 1, 5, 1, 
147.172339, 19, 0.1, 0.1, 0.0279494918, 0.376602288, -0.0349679179, 0.967638903, -7.58232295e-006, 0.252338967, 0.252338966, -2.3497138e-005, -0.967638902, 1.32661942e-005, 1, -2.08234293e-005, 0.967638888, 2.89714481e-007, 0.252339024, 0.252339024, -2.59519565e-005, -0.967638887, 6.26835236e-006, 1, -2.51852285e-005, 0, 0, 0, 0, 0, 0, 0, 0.165411279, 0.15364397, 0.13310625, -0.637696633, 0.730746718, 0.243277863, -0.673339844, -0.682250977, 0.284545898, 0.374015807, 0.0176167872, 0.927339538, 0, 0, -0, 0, 0, 0, 0, 0.249020215, 0.155574561, 0.136168896, -0.294881922, 0.764897777, -0.572554098, 0.39855957, -0.446044922, -0.801269531, -0.868344106, -0.464460893, -0.173223896, 0, 1, 5, 1, 
147.173057, 19, 0.1, 0.1, 0.0279494919, 0.376602285, -0.034968556, 0.967638995, 8.69580169e-006, 0.252338614, 0.252338614, 1.32813926e-005, -0.967638995, -1.1765805e-005, 1, 1.06573068e-005, 0.967638974, 7.64530358e-006, 0.252338693, 0.252338693, 1.69855201e-005, -0.967638974, -1.16839976e-005, 1, 1.45066453e-005, 0, 0, 0, 0, 0, 0, 0, 0.165375024, 0.153248755, 0.132003931, -0.637696633, 0.730746718, 0.243277863, -0.673339844, -0.682250977, 0.284545898, 0.374015807, 0.0176167872, 0.927339538, 0, 0, -0, 0, 0, 0, 0, 0.248970166, 0.154817529, 0.134794385, -0.295425131, 0.760431437, -0.578144035, 0.396728516, -0.452880859, -0.798339844, -0.869014913, -0.46517581, -0.167919772, 0, 1, 5, 1, 
147.17376, 19, 0.1, 0.1, 0.0279494924, 0.376602291, -0.0349693788, 0.967639096, 1.86387668e-008, 0.252338227, 0.252338227, -1.93944415e-005, -0.967639095, 4.87592338e-006, 1, -1.87715231e-005, 0.967639077, -4.30450216e-006, 0.252338298, 0.252338298, -2.48283943e-005, -0.967639077, 1.04303593e-005, 1, -2.29387338e-005, 0, 0, 0, 0, 0, 0, 0, 0.165375024, 0.153248755, 0.132003931, -0.637696633, 0.730746718, 0.243277863, -0.673339844, -0.682250977, 0.284545898, 0.374015807, 0.0176167872, 0.927339538, 0, 0, -0, 0, 0, 0, 0, 0.248970166, 0.154817529, 0.134794385, -0.295425131, 0.760431437, -0.578144035, 0.396728516, -0.452880859, -0.798339844, -0.869014913, -0.46517581, -0.167919772, 0, 1, 5, 1, 
147.174475, 19, 0.1, 0.1, 0.0279494918, 0.376602287, -0.0349701077, 0.967639148, -1.17377006e-005, 0.252338027, 0.252338027, 1.19976216e-005, -0.967639147, 8.33040245e-006, 1, 1.45712366e-005, 0.967639142, -8.60526468e-007, 0.252338047, 0.252338047, 1.81458045e-005, -0.967639142, -3.74619777e-006, 1, 1.77757342e-005, 0, 0, 0, 0, 0, 0, 0, 0.165375024, 0.153248755, 0.132003931, -0.637696633, 0.730746718, 0.243277863, -0.673339844, -0.682250977, 0.284545898, 0.374015807, 0.0176167872, 0.927339538, 0, 0, -0, 0, 0, 0, 0, 0.248970166, 0.154817529, 0.134794385, -0.295425131, 0.760431437, -0.578144035, 0.396728516, -0.452880859, -0.798339844, -0.869014913, -0.46517581, -0.167919772, 0, 1, 5, 1, 
147.175217, 19, 0.1, 0.1, 0.027949493, 0.376602292, -0.0349699538, 0.967639118, 1.18512802e-005, 0.252338141, 0.252338141, -1.15335633e-005, -0.967639118, -8.55740441e-006, 1, -1.4150857e-005, 0.967639129, 7.81860797e-006, 0.252338098, 0.252338098, -1.71015746e-005, -0.967639129, -3.25021221e-006, 1, -1.85210854e-005, 0, 0, 0, 0, 0, 0, 0, 0.165375024, 0.153248755, 0.132003931, -0.637696633, 0.730746718, 0.243277863, -0.673339844, -0.682250977, 0.284545898, 0.374015807, 0.0176167872, 0.927339538, 0, 0, -0, 0, 0, 0, 0, 0.248970166, 0.154817529, 0.134794385, -0.295425131, 0.760431437, -0.578144035, 0.396728516, -0.452880859, -0.798339844, -0.869014913, -0.46517581, -0.167919772, 0, 1, 5, 1, 
147.175917, 19, 0.1, 0.1, 0.0279494957, 0.376602288, -0.0349696314, 0.967639029, -1.66449999e-005, 0.252338482, 0.252338482, 1.43755944e-005, -0.967639029, 1.24788359e-005, 1, 1.81105603e-005, 0.967639049, -1.79963271e-005, 0.252338406, 0.252338406, 1.75454895e-005, -0.967639049, 1.2986548e-005, 1, 2.15188653e-005, 0, 0, 0, 0, 0, 0, 0, 0.165375024, 0.153248755, 0.132003931, -0.637696633, 0.730746718, 0.243277863, -0.673339844, -0.682250977, 0.284545898, 0.374015807, 0.0176167872, 0.927339538, 0, 0, -0, 0, 0, 0, 0, 0.248970166, 0.154817529, 0.134794385, -0.295425131, 0.760431437, -0.578144035, 0.396728516, -0.452880859, -0.798339844, -0.869014913, -0.46517581, -0.167919772, 0, 1, 5, 1, 
147.176617, 19, 0.1, 0.1, 0.0279494936, 0.37660229, -0.0349692993, 0.967638932, 6.88111503e-006, 0.252338853, 0.252338853, -1.09731391e-005, -0.967638932, -3.88948546e-006, 1, -1.23544093e-005, 0.96763895, 1.32493818e-005, 0.252338786, 0.252338787, -1.30708081e-005, -0.96763895, -9.52234607e-006, 1, -1.5991156e-005, 0, 0, 0, 0, 0, 0, 0, 0.165375024, 0.153248755, 0.132003931, -0.637696633, 0.730746718, 0.243277863, -0.673339844, -0.682250977, 0.284545898, 0.374015807, 0.0176167872, 0.927339538, 0, 0, -0, 0, 0, 0, 0, 0.248970166, 0.154817529, 0.134794385, -0.295425131, 0.760431437, -0.578144035, 0.396728516, -0.452880859, -0.798339844, -0.869014913, -0.46517581, -0.167919772, 0, 1, 5, 1, 
147.177399, 19, 0.1, 0.1, 0.0279494979, 0.376602285, -0.0349682215, 0.967638882, 1.2050046e-006, 0.252339046, 0.252339046, 2.0832312e-005, -0.967638882, -6.42281505e-006, 1, 1.98540854e-005, 0.967638886, -1.11708124e-005, 0.252339032, 0.252339032, 2.26951444e-005, -0.967638885, 5.08244167e-006, 1, 2.47795362e-005, 0, 0, 0, 0, 0, 0, 0, 0.165209766, 0.152285498, 0.130631616, -0.636736963, 0.733225833, 0.238352572, -0.672607422, -0.679321289, 0.29309082, 0.376953609, 0.0262463451, 0.925894973, 0, 0, -0, 0, 0, 0, 0, 0.248997754, 0.153882666, 0.133621631, -0.294530844, 0.756176185, -0.584123696, 0.394165039, -0.460571289, -0.795166016, -0.870516575, -0.464395628, -0.162411125, 0, 1, 5, 1, 
147.178104, 19, 0.1, 0.1, 0.0279494965, 0.376602288, -0.0349672953, 0.967638921, -8.43353289e-006, 0.252338898, 0.252338898, -1.93883634e-005, -0.96763892, 1.30530529e-005, 1, -1.66328266e-005, 0.967638907, -1.9919404e-006, 0.252338951, 0.252338951, -2.11056152e-005, -0.967638907, 7.25324783e-006, 1, -1.99199703e-005, 0, 0, 0, 0, 0, 0, 0, 0.165209766, 0.152285498, 0.130631616, -0.636736963, 0.733225833, 0.238352572, -0.672607422, -0.679321289, 0.29309082, 0.376953609, 0.0262463451, 0.925894973, 0, 0, -0, 0, 0, 0, 0, 0.248997754, 0.153882666, 0.133621631, -0.294530844, 0.756176185, -0.584123696, 0.394165039, -0.460571289, -0.795166016, -0.870516575, -0.464395628, -0.162411125, 0, 1, 5, 1, 
147.178805, 19, 0.1, 0.1, 0.0279494968, 0.376602285, -0.0349670649, 0.967639021, 7.24805457e-006, 0.252338514, 0.252338514, 1.45968696e-005, -0.967639021, -1.06968528e-005, 1, 1.22955373e-005, 0.967638998, 6.43172172e-006, 0.252338602, 0.252338601, 1.91878283e-005, -0.967638998, -1.10654145e-005, 1, 1.69439193e-005, 0, 0, 0, 0, 0, 0, 0, 0.165209766, 0.152285498, 0.130631616, -0.636736963, 0.733225833, 0.238352572, -0.672607422, -0.679321289, 0.29309082, 0.376953609, 0.0262463451, 0.925894973, 0, 0, -0, 0, 0, 0, 0, 0.248997754, 0.153882666, 0.133621631, -0.294530844, 0.756176185, -0.584123696, 0.394165039, -0.460571289, -0.795166016, -0.870516575, -0.464395628, -0.162411125, 0, 1, 5, 1, 
147.17957, 19, 0.1, 0.1, 0.027949498, 0.376602292, -0.0349672499, 0.96763914, -6.18140365e-007, 0.252338057, 0.252338057, -2.34762642e-005, -0.96763914, 6.52209172e-006, 1, -2.25605718e-005, 0.967639116, -6.18540412e-006, 0.252338147, 0.252338147, -2.98213056e-005, -0.967639116, 1.3510292e-005, 1, -2.72954484e-005, 0, 0, 0, 0, 0, 0, 0, 0.165209766, 0.152285498, 0.130631616, -0.635186439, 0.735863708, 0.23419487, -0.671630859, -0.676025391, 0.302856445, 0.381280931, 0.0350979419, 0.923834466, 0, 0, -0, 0, 0, 0, 0, 0.248997754, 0.153882666, 0.133621631, -0.294530844, 0.756176185, -0.584123696, 0.394165039, -0.460571289, -0.795166016, -0.870516575, -0.464395628, -0.162411125, 0, 1, 5, 1, 
147.180284, 19, 0.1, 0.1, 0.027949497, 0.37660229, -0.0349673486, 0.967639198, -1.16566953e-005, 0.252337836, 0.252337836, 1.02243722e-005, -0.967639198, 8.69947932e-006, 1, 1.28349286e-005, 0.967639192, -8.31893161e-007, 0.252337856, 0.252337856, 1.66788443e-005, -0.967639192, -3.40373138e-006, 1, 1.63490215e-005, 0, 0, 0, 0, 0, 0, 0, 0.165302173, 0.151554272, 0.129296655, -0.635186439, 0.735863708, 0.23419487, -0.671630859, -0.676025391, 0.302856445, 0.381280931, 0.0350979419, 0.923834466, 0, 0, -0, 0, 0, 0, 0, 0.248937451, 0.152950977, 0.131637695, -0.294997494, 0.752080613, -0.589246983, 0.390625, -0.467773438, -0.792724609, -0.871915792, -0.463966891, -0.155707784, 0, 1, 5, 1, 
147.180986, 19, 0.1, 0.1, 0.0279494976, 0.376602295, -0.0349680755, 0.96763917, 1.30955065e-005, 0.25233794, 0.25233794, -1.42550753e-005, -0.96763917, -9.07462871e-006, 1, -1.70982624e-005, 0.967639182, 8.74413191e-006, 0.252337896, 0.252337897, -1.98296666e-005, -0.967639181, -3.45738828e-006, 1, -2.13944383e-005, 0, 0, 0, 0, 0, 0, 0, 0.165302173, 0.151554272, 0.129296655, -0.635186439, 0.735863708, 0.23419487, -0.671630859, -0.676025391, 0.302856445, 0.381280931, 0.0350979419, 0.923834466, 0, 0, -0, 0, 0, 0, 0, 0.248937451, 0.152950977, 0.131637695, -0.294997494, 0.752080613, -0.589246983, 0.390625, -0.467773438, -0.792724609, -0.871915792, -0.463966891, -0.155707784, 0, 1, 5, 1, 
147.181712, 19, 0.1, 0.1, 0.0279495004, 0.376602291, -0.034969132, 0.967639077, -1.68042684e-005, 0.252338297, 0.252338297, 1.17466716e-005, -0.967639077, 1.32963316e-005, 1, 1.56068989e-005, 0.967639101, -1.81183224e-005, 0.252338205, 0.252338205, 1.54277568e-005, -0.967639101, 1.36389848e-005, 1, 1.95004457e-005, 0, 0, 0, 0, 0, 0, 0, 0.165302173, 0.151554272, 0.129296655, -0.635186439, 0.735863708, 0.23419487, -0.671630859, -0.676025391, 0.302856445, 0.381280931, 0.0350979419, 0.923834466, 0, 0, -0, 0, 0, 0, 0, 0.248937451, 0.152950977, 0.131637695, -0.294997494, 0.752080613, -0.589246983, 0.390625, -0.467773438, -0.792724609, -0.871915792, -0.463966891, -0.155707784, 0, 1, 5, 1, 
147.182438, 19, 0.1, 0.1, 0.0279494978, 0.376602295, -0.0349696349, 0.967638974, 8.69013335e-006, 0.252338694, 0.252338695, -1.37019227e-005, -0.967638974, -4.95138643e-006, 1, -1.54513713e-005, 0.967638991, 1.49272266e-005, 0.252338626, 0.252338626, -1.62173296e-005, -0.967638991, -1.03519078e-005, 1, -1.94592364e-005, 0, 0, 0, 0, 0, 0, 0, 0.165302173, 0.151554272, 0.129296655, -0.635186439, 0.735863708, 0.23419487, -0.671630859, -0.676025391, 0.302856445, 0.381280931, 0.0350979419, 0.923834466, 0, 0, -0, 0, 0, 0, 0, 0.248937451, 0.152950977, 0.131637695, -0.294997494, 0.752080613, -0.589246983, 0.390625, -0.467773438, -0.792724609, -0.871915792, -0.463966891, -0.155707784, 0, 1, 5, 1, 
147.183141, 19, 0.1, 0.1, 0.0279495002, 0.376602291, -0.0349699653, 0.967638922, 3.62325619e-006, 0.252338892, 0.252338892, 1.81719388e-005, -0.967638922, -8.0914906e-006, 1, 1.66695868e-005, 0.967638927, -8.06439596e-006, 0.252338873, 0.252338873, 1.86134728e-005, -0.967638927, 3.10652069e-006, 1, 2.00460815e-005, 0, 0, 0, 0, 0, 0, 0, 0.165302173, 0.151554272, 0.129296655, -0.635186439, 0.735863708, 0.23419487, -0.671630859, -0.676025391, 0.302856445, 0.381280931, 0.0350979419, 0.923834466, 0, 0, -0, 0, 0, 0, 0, 0.248937451, 0.152950977, 0.131637695, -0.294997494, 0.752080613, -0.589246983, 0.390625, -0.467773438, -0.792724609, -0.871915792, -0.463966891, -0.155707784, 0, 1, 5, 1, 
147.183854, 19, 0.1, 0.1, 0.0279494982, 0.376602293, -0.0349700982, 0.967638949, -5.89282776e-006, 0.252338789, 0.252338789, -1.34487178e-005, -0.967638949, 9.09576281e-006, 1, -1.15265141e-005, 0.967638937, 4.68187311e-007, 0.252338833, 0.252338833, -1.5914768e-005, -0.967638937, 3.56287771e-006, 1, -1.5517891e-005, 0, 0, 0, 0, 0, 0, 0, 0.165302173, 0.151554272, 0.129296655, -0.635186439, 0.735863708, 0.23419487, -0.671630859, -0.676025391, 0.302856445, 0.381280931, 0.0350979419, 0.923834466, 0, 0, -0, 0, 0, 0, 0, 0.248937451, 0.152950977, 0.131637695, -0.294997494, 0.752080613, -0.589246983, 0.390625, -0.467773438, -0.792724609, -0.871915792, -0.463966891, -0.155707784, 0, 1, 5, 1, 
147.184637, 19, 0.1, 0.1, 0.0279494974, 0.376602286, -0.0349691009, 0.967639048, 1.02920882e-005, 0.252338408, 0.252338408, 2.41963428e-005, -0.967639048, -1.60646931e-005, 1, 2.08162369e-005, 0.967639027, 9.67300496e-006, 0.252338489, 0.252338488, 2.88926511e-005, -0.967639027, -1.6650705e-005, 1, 2.55167854e-005, 0, 0, 0, 0, 0, 0, 0, 0.165259814, 0.150958643, 0.127889795, -0.63619404, 0.736681088, 0.228609455, -0.668945312, -0.674438477, 0.312255859, 0.384283134, 0.0457209798, 0.922123678, 0, 0, -0, 0, 0, 0, 0, 0.248832959, 0.152298779, 0.129988672, -0.296601234, 0.746297812, -0.595737771, 0.389770508, -0.474853516, -0.78894043, -0.871838866, -0.466170343, -0.150007372, 0, 1, 5, 1, 
147.185337, 19, 0.1, 0.1, 0.0279494971, 0.37660229, -0.0349680115, 0.96763915, 2.96116052e-006, 0.252338019, 0.252338019, -1.53238352e-005, -0.96763915, 1.00145135e-006, 1, -1.55751562e-005, 0.967639132, -1.89416749e-006, 0.252338087, 0.252338087, -1.96278633e-005, -0.967639132, 6.78572806e-006, 1, -1.8514718e-005, 0, 0, 0, 0, 0, 0, 0, 0.165259814, 0.150958643, 0.127889795, -0.63619404, 0.736681088, 0.228609455, -0.668945312, -0.674438477, 0.312255859, 0.384283134, 0.0457209798, 0.922123678, 0, 0, -0, 0, 0, 0, 0, 0.248832959, 0.152298779, 0.129988672, -0.296601234, 0.746297812, -0.595737771, 0.389770508, -0.474853516, -0.78894043, -0.871838866, -0.466170343, -0.150007372, 0, 1, 5, 1, 
147.186039, 19, 0.1, 0.1, 0.0279494952, 0.376602286, -0.0349674209, 0.967639199, -8.68115995e-006, 0.252337829, 0.252337829, 1.00837206e-005, -0.967639199, 5.85572651e-006, 1, 1.19479883e-005, 0.967639195, 2.16105713e-006, 0.252337847, 0.252337847, 1.79265972e-005, -0.967639194, -6.61468252e-006, 1, 1.68011616e-005, 0, 0, 0, 0, 0, 0, 0, 0.165259814, 0.150958643, 0.127889795, -0.63619404, 0.736681088, 0.228609455, -0.668945312, -0.674438477, 0.312255859, 0.384283134, 0.0457209798, 0.922123678, 0, 0, -0, 0, 0, 0, 0, 0.248832959, 0.152298779, 0.129988672, -0.296601234, 0.746297812, -0.595737771, 0.389770508, -0.474853516, -0.78894043, -0.871838866, -0.466170343, -0.150007372, 0, 1, 5, 1, 
147.186794, 19, 0.1, 0.1, 0.0279494941, 0.376602293, -0.0349671733, 0.96763916, 1.82194939e-005, 0.252337981, 0.252337981, -1.8440508e-005, -0.967639159, -1.29766552e-005, 1, -2.2441228e-005, 0.967639175, 1.40576246e-005, 0.252337924, 0.252337924, -2.42083531e-005, -0.967639174, -7.49402271e-006, 1, -2.69722227e-005, 0, 0, 0, 0, 0, 0, 0, 0.165259814, 0.150958643, 0.127889795, -0.63619404, 0.736681088, 0.228609455, -0.668945312, -0.674438477, 0.312255859, 0.384283134, 0.0457209798, 0.922123678, 0, 0, -0, 0, 0, 0, 0, 0.248832959, 0.152298779, 0.129988672, -0.296601234, 0.746297812, -0.595737771, 0.389770508, -0.474853516, -0.78894043, -0.871838866, -0.466170343, -0.150007372, 0, 1, 5, 1, 
147.187492, 19, 0.1, 0.1, 0.0279494959, 0.376602291, -0.0349672248, 0.967639059, -1.63700055e-005, 0.252338365, 0.252338365, 8.87346066e-006, -0.967639059, 1.36011422e-005, 1, 1.27170876e-005, 0.967639082, -1.70564955e-005, 0.252338279, 0.252338279, 1.20853552e-005, -0.967639082, 1.34549339e-005, 1, 1.59982687e-005, 0, 0, 0, 0, 0, 0, 0, 0.165259814, 0.150958643, 0.127889795, -0.63619404, 0.736681088, 0.228609455, -0.668945312, -0.674438477, 0.312255859, 0.384283134, 0.0457209798, 0.922123678, 0, 0, -0, 0, 0, 0, 0, 0.248832959, 0.152298779, 0.129988672, -0.296601234, 0.746297812, -0.595737771, 0.389770508, -0.474853516, -0.78894043, -0.871838866, -0.466170343, -0.150007372, 0, 1, 5, 1, 
147.188196, 19, 0.1, 0.1, 0.0279494935, 0.376602294, -0.0349679052, 0.96763895, 7.68146956e-006, 0.252338786, 0.252338786, -1.401888e-005, -0.96763895, -3.89538197e-006, 1, -1.55035471e-005, 0.96763897, 1.45475243e-005, 0.252338708, 0.252338709, -1.71441873e-005, -0.96763897, -9.75060937e-006, 1, -2.02602873e-005, 0, 0, 0, 0, 0, 0, 0, 0.165259814, 0.150958643, 0.127889795, -0.63619404, 0.736681088, 0.228609455, -0.668945312, -0.674438477, 0.312255859, 0.384283134, 0.0457209798, 0.922123678, 0, 0, -0, 0, 0, 0, 0, 0.248832959, 0.152298779, 0.129988672, -0.296601234, 0.746297812, -0.595737771, 0.389770508, -0.474853516, -0.78894043, -0.871838866, -0.466170343, -0.150007372, 0, 1, 5, 1, 
147.188925, 19, 0.1, 0.1, 0.0279494967, 0.37660229, -0.0349689058, 0.96763889, 3.11718829e-006, 0.252339013, 0.252339013, 2.14043409e-005, -0.96763889, -8.41746287e-006, 1, 1.99250844e-005, 0.967638897, -9.89415607e-006, 0.25233899, 0.25233899, 2.1521581e-005, -0.967638896, 4.14323625e-006, 1, 2.33218002e-005, 0, 0, 0, 0, 0, 0, 0, 0.165259814, 0.150958643, 0.127889795, -0.63619404, 0.736681088, 0.228609455, -0.668945312, -0.674438477, 0.312255859, 0.384283134, 0.0457209798, 0.922123678, 0, 0, -0, 0, 0, 0, 0, 0.248832959, 0.152298779, 0.129988672, -0.296601234, 0.746297812, -0.595737771, 0.389770508, -0.474853516, -0.78894043, -0.871838866, -0.466170343, -0.150007372, 0, 1, 5, 1, 
147.18968, 19, 0.1, 0.1, 0.0279494939, 0.376602292, -0.0349691666, 0.967638919, -5.11984135e-006, 0.252338902, 0.252338902, -1.35890225e-005, -0.967638919, 8.38319676e-006, 1, -1.18573319e-005, 0.967638908, 1.23017602e-006, 0.252338946, 0.252338946, -1.62541066e-005, -0.967638908, 2.91117794e-006, 1, -1.60385272e-005, 0, 0, 0, 0, 0, 0, 0, 0.165080273, 0.149770679, 0.126492456, -0.635538785, 0.739071836, 0.223226982, -0.667724609, -0.671264648, 0.321655273, 0.387639926, 0.0553532692, 0.920133563, 0, 0, -0, 0, 0, 0, 0, 0.248994678, 0.151248682, 0.12835625, -0.297425526, 0.74088578, -0.601985755, 0.388305664, -0.482177734, -0.78527832, -0.872170988, -0.467230141, -0.144281441, 0, 1, 5, 1, 
147.190384, 19, 0.1, 0.1, 0.0279494937, 0.376602286, -0.0349693169, 0.96763901, 7.71173305e-006, 0.252338554, 0.252338554, 2.25197798e-005, -0.96763901, -1.31447824e-005, 1, 1.98450498e-005, 0.96763899, 7.17840339e-006, 0.252338632, 0.252338632, 2.63379779e-005, -0.96763899, -1.35921923e-005, 1, 2.36742658e-005, 0, 0, 0, 0, 0, 0, 0, 0.165080273, 0.149770679, 0.126492456, -0.635538785, 0.739071836, 0.223226982, -0.667724609, -0.671264648, 0.321655273, 0.387639926, 0.0553532692, 0.920133563, 0, 0, -0, 0, 0, 0, 0, 0.248994678, 0.151248682, 0.12835625, -0.297425526, 0.74088578, -0.601985755, 0.388305664, -0.482177734, -0.78527832, -0.872170988, -0.467230141, -0.144281441, 0, 1, 5, 1, 
147.191085, 19, 0.1, 0.1, 0.0279494944, 0.376602289, -0.0349694834, 0.967639109, -1.99735688e-008, 0.252338175, 0.252338175, -1.36856361e-005, -0.967639109, 3.47273564e-006, 1, -1.32377166e-005, 0.967639092, -4.61029226e-006, 0.252338242, 0.252338242, -1.81515307e-005, -0.967639092, 9.04142435e-006, 1, -1.64007776e-005, 0, 0, 0, 0, 0, 0, 0, 0.165080273, 0.149770679, 0.126492456, -0.635538785, 0.739071836, 0.223226982, -0.667724609, -0.671264648, 0.321655273, 0.387639926, 0.0553532692, 0.920133563, 0, 0, -0, 0, 0, 0, 0, 0.248994678, 0.151248682, 0.12835625, -0.297425526, 0.74088578, -0.601985755, 0.388305664, -0.482177734, -0.78527832, -0.872170988, -0.467230141, -0.144281441, 0, 1, 5, 1, 
147.191851, 19, 0.1, 0.1, 0.0279494933, 0.376602284, -0.0349690976, 0.96763916, -1.15600364e-005, 0.252337981, 0.252337981, 1.37164612e-005, -0.96763916, 7.72475977e-006, 1, 1.61896213e-005, 0.967639155, 2.5397281e-007, 0.252337999, 0.252337999, 2.23415721e-005, -0.967639155, -5.88338164e-006, 1, 2.1554493e-005, 0, 0, 0, 0, 0, 0, 0, 0.165080273, 0.149770679, 0.126492456, -0.635538785, 0.739071836, 0.223226982, -0.667724609, -0.671264648, 0.321655273, 0.387639926, 0.0553532692, 0.920133563, 0, 0, -0, 0, 0, 0, 0, 0.248994678, 0.151248682, 0.12835625, -0.298939947, 0.735192664, -0.608195093, 0.385131836, -0.490112305, -0.781860352, -0.872943874, -0.467951255, -0.136587564, 0, 1, 5, 1, 
147.192551, 19, 0.1, 0.1, 0.0279494937, 0.376602288, -0.0349685558, 0.967639124, 1.38354496e-005, 0.252338116, 0.252338116, -1.43657016e-005, -0.967639124, -9.76270829e-006, 1, -1.73920262e-005, 0.967639137, 9.48550381e-006, 0.252338067, 0.252338067, -1.89844929e-005, -0.967639137, -4.38803449e-006, 1, -2.0763692e-005, 0, 0, 0, 0, 0, 0, 0, 0.165080273, 0.149770679, 0.126492456, -0.635538785, 0.739071836, 0.223226982, -0.667724609, -0.671264648, 0.321655273, 0.387639926, 0.0553532692, 0.920133563, 0, 0, -0, 0, 0, 0, 0, 0.249101465, 0.150187109, 0.126321289, -0.298939947, 0.735192664, -0.608195093, 0.385131836, -0.490112305, -0.781860352, -0.872943874, -0.467951255, -0.136587564, 0, 1, 5, 1, 
147.19325, 19, 0.1, 0.1, 0.027949496, 0.376602286, -0.0349683168, 0.96763903, -1.59744343e-005, 0.252338477, 0.252338477, 8.03431084e-006, -0.96763903, 1.34301204e-005, 1, 1.18052772e-005, 0.967639051, -1.73669828e-005, 0.252338396, 0.252338396, 1.19870739e-005, -0.967639051, 1.37801718e-005, 1, 1.59815174e-005, 0, 0, 0, 0, 0, 0, 0, 0.165080273, 0.149770679, 0.126492456, -0.635538785, 0.739071836, 0.223226982, -0.667724609, -0.671264648, 0.321655273, 0.387639926, 0.0553532692, 0.920133563, 0, 0, -0, 0, 0, 0, 0, 0.249101465, 0.150187109, 0.126321289, -0.298939947, 0.735192664, -0.608195093, 0.385131836, -0.490112305, -0.781860352, -0.872943874, -0.467951255, -0.136587564, 0, 1, 5, 1, 
147.193987, 19, 0.1, 0.1, 0.027949493, 0.376602291, -0.034968309, 0.967638922, 9.13070329e-006, 0.252338893, 0.252338893, -1.69735217e-005, -0.967638922, -4.55214421e-006, 1, -1.87282718e-005, 0.967638944, 1.63327495e-005, 0.252338809, 0.252338809, -2.00181304e-005, -0.967638943, -1.07528533e-005, 1, -2.34917092e-005, 0, 0, 0, 0, 0, 0, 0, 0.165080273, 0.149770679, 0.126492456, -0.635538785, 0.739071836, 0.223226982, -0.667724609, -0.671264648, 0.321655273, 0.387639926, 0.0553532692, 0.920133563, 0, 0, -0, 0, 0, 0, 0, 0.249101465, 0.150187109, 0.126321289, -0.298939947, 0.735192664, -0.608195093, 0.385131836, -0.490112305, -0.781860352, -0.872943874, -0.467951255, -0.136587564, 0, 1, 5, 1, 
147.194724, 19, 0.1, 0.1, 0.0279494963, 0.376602288, -0.0349678233, 0.967638864, 3.82515912e-006, 0.252339115, 0.252339115, 1.79949261e-005, -0.967638864, -8.24219636e-006, 1, 1.64473526e-005, 0.967638869, -9.32271331e-006, 0.252339096, 0.252339096, 1.85993393e-005, -0.967638869, 4.3276793e-006, 1, 2.03499287e-005, 0, 0, 0, 0, 0, 0, 0, 0.165165112, 0.148811328, 0.124689404, -0.634197195, 0.741538969, 0.218694473, -0.665893555, -0.667602539, 0.332885742, 0.392989076, 0.0654678282, 0.917267276, 0, 0, -0, 0, 0, 0, 0, 0.249101465, 0.150187109, 0.126321289, -0.298939947, 0.735192664, -0.608195093, 0.385131836, -0.490112305, -0.781860352, -0.872943874, -0.467951255, -0.136587564, 0, 1, 5, 1, 
147.195423, 19, 0.1, 0.1, 0.0279494935, 0.376602291, -0.0349678904, 0.967638895, -3.51911902e-006, 0.252338997, 0.252338997, -1.64418433e-005, -0.967638895, 7.55415468e-006, 1, -1.50217561e-005, 0.967638883, 2.46222226e-006, 0.252339042, 0.252339042, -1.89015071e-005, -0.967638883, 2.38704619e-006, 1, -1.8911148e-005, 0, 0, 0, 0, 0, 0, 0, 0.165165112, 0.148811328, 0.124689404, -0.634197195, 0.741538969, 0.218694473, -0.665893555, -0.667602539, 0.332885742, 0.392989076, 0.0654678282, 0.917267276, 0, 0, -0, 0, 0, 0, 0, 0.249101465, 0.150187109, 0.126321289, -0.298939947, 0.735192664, -0.608195093, 0.385131836, -0.490112305, -0.781860352, -0.872943874, -0.467951255, -0.136587564, 0, 1, 5, 1, 
147.196125, 19, 0.1, 0.1, 0.0279494921, 0.376602286, -0.0349684118, 0.967638986, 1.22186292e-005, 0.252338646, 0.252338646, 2.02598396e-005, -0.967638986, -1.69355625e-005, 1, 1.65209783e-005, 0.967638965, 1.13253091e-005, 0.252338727, 0.252338726, 2.41342769e-005, -0.967638965, -1.70488231e-005, 1, 2.04954527e-005, 0, 0, 0, 0, 0, 0, 0, 0.165165112, 0.148811328, 0.124689404, -0.634197195, 0.741538969, 0.218694473, -0.665893555, -0.667602539, 0.332885742, 0.392989076, 0.0654678282, 0.917267276, 0, 0, -0, 0, 0, 0, 0, 0.249101465, 0.150187109, 0.126321289, -0.298939947, 0.735192664, -0.608195093, 0.385131836, -0.490112305, -0.781860352, -0.872943874, -0.467951255, -0.136587564, 0, 1, 5, 1, 
147.196904, 19, 0.1, 0.1, 0.0279494925, 0.376602292, -0.03496845, 0.9676391, -5.78333668e-007, 0.252338209, 0.252338209, -1.95358502e-005, -0.9676391, 5.48925972e-006, 1, -1.87577168e-005, 0.967639082, -4.73287892e-006, 0.25233828, 0.25233828, -2.51133374e-005, -0.967639081, 1.0916775e-005, 1, -2.31063602e-005, 0, 0, 0, 0, 0, 0, 0, 0.165128857, 0.148005273, 0.12302207, -0.635084228, 0.742572396, 0.212410741, -0.663208008, -0.665161133, 0.342773437, 0.395972183, 0.0766746073, 0.915049131, 0, 0, -0, 0, 0, 0, 0, 0.24918042, 0.149468506, 0.124441211, -0.301163456, 0.728438651, -0.615177684, 0.383911133, -0.497924805, -0.777587891, -0.872809346, -0.470256785, -0.129711416, 0, 1, 5, 1, 
147.197602, 19, 0.1, 0.1, 0.0279494923, 0.376602288, -0.0349685409, 0.967639152, -1.31409354e-005, 0.252338008, 0.252338009, 1.31167897e-005, -0.967639152, 9.40581904e-006, 1, 1.60082767e-005, 0.967639148, -2.57397214e-006, 0.252338027, 0.252338027, 1.91108006e-005, -0.967639148, -2.3317055e-006, 1, 1.91418698e-005, 0, 0, 0, 0, 0, 0, 0, 0.165128857, 0.148005273, 0.12302207, -0.635084228, 0.742572396, 0.212410741, -0.663208008, -0.665161133, 0.342773437, 0.395972183, 0.0766746073, 0.915049131, 0, 0, -0, 0, 0, 0, 0, 0.24918042, 0.149468506, 0.124441211, -0.301163456, 0.728438651, -0.615177684, 0.383911133, -0.497924805, -0.777587891, -0.872809346, -0.470256785, -0.129711416, 0, 1, 5, 1, 
147.198298, 19, 0.1, 0.1, 0.0279494936, 0.376602291, -0.034968934, 0.967639125, 1.06065988e-005, 0.252338112, 0.252338112, -9.65869308e-006, -0.967639125, -7.8261036e-006, 1, -1.20225784e-005, 0.967639136, 6.44167902e-006, 0.25233807, 0.25233807, -1.50033717e-005, -0.967639136, -2.44729887e-006, 1, -1.61433304e-005, 0, 0, 0, 0, 0, 0, 0, 0.165128857, 0.148005273, 0.12302207, -0.635084228, 0.742572396, 0.212410741, -0.663208008, -0.665161133, 0.342773437, 0.395972183, 0.0766746073, 0.915049131, 0, 0, -0, 0, 0, 0, 0, 0.24918042, 0.149468506, 0.124441211, -0.301163456, 0.728438651, -0.615177684, 0.383911133, -0.497924805, -0.777587891, -0.872809346, -0.470256785, -0.129711416, 0, 1, 5, 1, 
