time, trialNum, realDorsalTactorPos, realVentralTactorPos, boxPosX, boxPosY, boxPosZ, boxLocalRot_11, boxLocalRot_12, boxLocalRot_13, boxLocalRot_21, boxLocalRot_22, boxLocalRot_23, boxLocalRot_31, boxLocalRot_32, boxLocalRot_33, boxGlobalRot_11, boxGlobalRot_12, boxGlobalRot_13, boxGlobalRot_21, boxGlobalRot_22, boxGlobalRot_23, boxGlobalRot_31, boxGlobalRot_32, boxGlobalRot_33, indexForceX, indexForceY, indexForceZ, indexForceGlobalX, indexForceGlobalY, indexForceGlobalZ, indexContact, indexPosX, indexPosY, indexPosZ, indexRot_11, indexRot_12, indexRot_13, indexRot_21, indexRot_22, indexRot_23, indexRot_31, indexRot_32, indexRot_33, thumbForceX, thumbForceY, thumbForceZ, thumbForceGlobalX, thumbForceGlobalY, thumbForceGlobalZ, thumbContact, thumbPosX, thumbPosY, thumbPosZ, thumbRot_11, thumbRot_12, thumbRot_13, thumbRot_21, thumbRot_22, thumbRot_23, thumbRot_31, thumbRot_32, thumbRot_33, manipForceTooHigh, cceExpType, mapping, trialSuccess, 
98.9812882, 11, 0.1, 0.1, 0.0154892056, 0.359505846, -0.0349677385, 0.962401963, -5.6656489e-006, -0.271629272, 0.271629272, 1.02213555e-006, 0.962401963, -5.17498969e-006, -1, 2.52266135e-006, 0.962401882, -8.92662503e-007, -0.27162956, 0.27162956, -6.2094877e-006, 0.962401882, -2.54578048e-006, -1, -5.73354912e-006, 0, 0, 0, 0, 0, 0, 0, 0.122231104, 0.139320898, 0.141918555, -0.562161357, 0.551327118, 0.616250296, -0.439819336, -0.830322266, 0.341796875, 0.700323319, -0.0789173855, 0.709450873, 0, 0, 0, 0, 0, 0, 0, 0.188038574, 0.137771387, 0.10282417, -0.728128303, 0.612390609, -0.307562438, 0.00012207032, -0.448608398, -0.893554687, -0.68533321, -0.650734181, 0.326696312, 0, 1, 1, 1, 
98.9907446, 11, 0.1, 0.1, 0.0154892249, 0.359505849, -0.0349278564, 0.962406639, 7.33093253e-006, -0.271612705, 0.271612705, -2.39392291e-005, 0.962406639, 5.53139372e-007, -1, -2.50304474e-005, 0.96240656, 2.88185404e-005, -0.271612983, 0.271612983, 2.01073954e-005, 0.96240656, 3.3196582e-005, -0.999999999, 1.15239996e-005, 0, 0, 0, 0, 0, 0, 0, 0.122656885, 0.138424365, 0.139938745, -0.554181446, 0.567960171, 0.608359873, -0.440551758, -0.8203125, 0.364501953, 0.706227757, -0.0659792186, 0.704891772, 0, -0, 0, 0, 0, 0, 0, 0.188255225, 0.136027295, 0.100242139, -0.728262464, 0.607510125, -0.317055083, -0.00231933593, -0.46472168, -0.885253906, -0.685224568, -0.644005321, 0.339936749, 0, 1, 1, 1, 
98.9918802, 11, 0.1, 0.1, 0.0154891998, 0.359505837, -0.0349263326, 0.962407244, -2.27531076e-006, -0.271610561, 0.271610561, -2.49568511e-006, 0.962407244, -2.86762999e-006, -1, -1.783867e-006, 0.962407102, -4.86950745e-005, -0.271611059, 0.271611059, -1.43666037e-006, 0.962407103, -4.72546984e-005, -0.999999999, 1.18434686e-005, 0, 0, 0, 0, 0, 0, 0, 0.122656885, 0.138424365, 0.139938745, -0.554181446, 0.567960171, 0.608359873, -0.440551758, -0.8203125, 0.364501953, 0.706227757, -0.0659792186, 0.704891772, 0, -0, 0, 0, 0, 0, 0, 0.188255225, 0.136027295, 0.100242139, -0.728262464, 0.607510125, -0.317055083, -0.00231933593, -0.46472168, -0.885253906, -0.685224568, -0.644005321, 0.339936749, 0, 1, 1, 1, 
98.9930061, 11, 0.1, 0.1, 0.0154892469, 0.35950585, -0.034935888, 0.96240783, 6.82198839e-005, -0.271608477, 0.271608477, 1.90771069e-005, 0.962407832, 7.08368545e-005, -0.999999997, -1.69141727e-007, 0.962407712, 9.81927546e-005, -0.271608883, 0.271608883, 2.02104007e-005, 0.962407717, 9.99907892e-005, -0.999999995, -7.21937887e-006, 0, 0, 0, 0, 0, 0, 0, 0.122656885, 0.138424365, 0.139938745, -0.554181446, 0.567960171, 0.608359873, -0.440551758, -0.8203125, 0.364501953, 0.706227757, -0.0659792186, 0.704891772, 0, -0, 0, 0, 0, 0, 0, 0.188255225, 0.136027295, 0.100242139, -0.728262464, 0.607510125, -0.317055083, -0.00231933593, -0.46472168, -0.885253906, -0.685224568, -0.644005321, 0.339936749, 0, 1, 1, 1, 
98.9941365, 11, 0.1, 0.1, 0.0154892114, 0.359505845, -0.0349512915, 0.962408209, -9.8179555e-005, -0.271607125, 0.271607122, -4.30866543e-005, 0.962408214, -0.000106191452, -0.999999994, -1.48006834e-005, 0.962408166, -9.68523242e-005, -0.271607278, 0.271607276, -3.3075035e-005, 0.96240817, -0.000102194888, -0.999999995, -5.52588776e-006, 0, 0, 0, 0, 0, 0, 0, 0.122656885, 0.138424365, 0.139938745, -0.554181446, 0.567960171, 0.608359873, -0.440551758, -0.8203125, 0.364501953, 0.706227757, -0.0659792186, 0.704891772, 0, -0, 0, 0, 0, 0, 0, 0.188255225, 0.136027295, 0.100242139, -0.728262464, 0.607510125, -0.317055083, -0.00231933593, -0.46472168, -0.885253906, -0.685224568, -0.644005321, 0.339936749, 0, 1, 1, 1, 
98.9953152, 11, 0.1, 0.1, 0.0154892, 0.359505842, -0.0349643268, 0.962408449, 5.3665596e-005, -0.271606287, 0.271606286, 1.50350125e-005, 0.96240845, 5.5731827e-005, -0.999999998, -1.0609016e-007, 0.962408404, 2.2273452e-005, -0.271606451, 0.271606451, 4.84792158e-006, 0.962408404, 2.27528842e-005, -1, -1.38393279e-006, 0, 0, 0, 0, 0, 0, 0, 0.122910645, 0.138360913, 0.13960564, -0.553578609, 0.570975478, 0.606189659, -0.44152832, -0.818359375, 0.367675781, 0.706132277, -0.0641085496, 0.7052355, 0, -0, 0, 0, 0, 0, 0, 0.188279883, 0.135570068, 0.0994574219, -0.727713059, 0.60667344, -0.319680709, -0.00268554687, -0.46862793, -0.883300781, -0.685780537, -0.641883891, 0.342729352, 0, 1, 1, 1, 
98.9964432, 11, 0.1, 0.1, 0.0154892388, 0.359505852, -0.0349691192, 0.962408626, 4.36165555e-005, -0.271605659, 0.271605659, -4.63875864e-006, 0.962408627, 4.07170362e-005, -0.999999999, -1.63108846e-005, 0.96240858, 6.60026974e-005, -0.271605817, 0.271605818, 7.66611907e-006, 0.962408583, 6.5603725e-005, -0.999999998, -1.05487778e-005, 0, 0, 0, 0, 0, 0, 0, 0.122910645, 0.138360913, 0.13960564, -0.553578609, 0.570975478, 0.606189659, -0.44152832, -0.818359375, 0.367675781, 0.706132277, -0.0641085496, 0.7052355, 0, -0, 0, 0, 0, 0, 0, 0.188279883, 0.135570068, 0.0994574219, -0.727713059, 0.60667344, -0.319680709, -0.00268554687, -0.46862793, -0.883300781, -0.685780537, -0.641883891, 0.342729352, 0, 1, 1, 1, 
98.9975867, 11, 0.1, 0.1, 0.0154892104, 0.359505852, -0.0349649934, 0.962409001, -8.48736664e-005, -0.271604323, 0.271604325, 8.45820705e-006, 0.962409004, -7.93858951e-005, -0.999999996, 3.11923094e-005, 0.962408917, -8.2745774e-005, -0.27160462, 0.271604622, 8.29847684e-006, 0.96240892, -7.73813663e-005, -0.999999997, 3.04606627e-005, 0, 0, 0, 0, 0, 0, 0, 0.122910645, 0.138360913, 0.13960564, -0.553578609, 0.570975478, 0.606189659, -0.44152832, -0.818359375, 0.367675781, 0.706132277, -0.0641085496, 0.7052355, 0, -0, 0, 0, 0, 0, 0, 0.188279883, 0.135570068, 0.0994574219, -0.727713059, 0.60667344, -0.319680709, -0.00268554687, -0.46862793, -0.883300781, -0.685780537, -0.641883891, 0.342729352, 0, 1, 1, 1, 
98.9987342, 11, 0.1, 0.1, 0.0154892129, 0.359505842, -0.0349544183, 0.962409332, 7.78415703e-005, -0.271603151, 0.271603154, -2.21862901e-005, 0.962409334, 6.88895875e-005, -0.999999997, -4.24943086e-005, 0.962409296, 4.78457234e-005, -0.271603284, 0.271603286, -3.09368659e-005, 0.962409297, 3.76446147e-005, -0.999999998, -4.2768983e-005, 0, 0, 0, 0, 0, 0, 0, 0.122910645, 0.138360913, 0.13960564, -0.553578609, 0.570975478, 0.606189659, -0.44152832, -0.818359375, 0.367675781, 0.706132277, -0.0641085496, 0.7052355, 0, -0, 0, 0, 0, 0, 0, 0.188279883, 0.135570068, 0.0994574219, -0.727713059, 0.60667344, -0.319680709, -0.00268554687, -0.46862793, -0.883300781, -0.685780537, -0.641883891, 0.342729352, 0, 1, 1, 1, 
98.9999183, 11, 0.1, 0.1, 0.0154892279, 0.359505863, -0.0349425775, 0.962409307, -5.93802577e-005, -0.271603243, 0.271603246, 4.96640509e-005, 0.962409307, -4.36591954e-005, -0.999999997, 6.39250156e-005, 0.962409353, -9.44038721e-006, -0.271603086, 0.271603086, 6.26781288e-005, 0.962409351, 7.93805627e-006, -0.999999998, 6.28860557e-005, 0, 0, 0, 0, 0, 0, 0, 0.12330979, 0.138467847, 0.138305859, -0.550334149, 0.572968958, 0.607159068, -0.440185547, -0.817016602, 0.372192383, 0.709449755, -0.0624468148, 0.701992163, 0, -0, 0, 0, 0, 0, 0, 0.188496533, 0.135332666, 0.0985610352, -0.72784722, 0.605862275, -0.320938835, -0.00451660156, -0.472290039, -0.881347656, -0.685671895, -0.640005265, 0.346524885, 0, 1, 1, 1, 
99.0010495, 11, 0.1, 0.1, 0.0154892008, 0.359505842, -0.0349357846, 0.96240881, 2.00757927e-005, -0.271605013, 0.271605013, -6.65904862e-005, 0.962408807, 1.23480987e-006, -0.999999998, -6.95399565e-005, 0.962408945, -2.57992664e-005, -0.271604532, 0.271604529, -7.39089212e-005, 0.962408943, -4.49034426e-005, -0.999999997, -6.41234093e-005, 0, 0, 0, 0, 0, 0, 0, 0.12330979, 0.138467847, 0.138305859, -0.550334149, 0.572968958, 0.607159068, -0.440185547, -0.817016602, 0.372192383, 0.709449755, -0.0624468148, 0.701992163, 0, -0, 0, 0, 0, 0, 0, 0.188496533, 0.135332666, 0.0985610352, -0.72784722, 0.605862275, -0.320938835, -0.00451660156, -0.472290039, -0.881347656, -0.685671895, -0.640005265, 0.346524885, 0, 1, 1, 1, 
99.0022321, 11, 0.1, 0.1, 0.0154892024, 0.359505854, -0.0349361589, 0.962407884, -4.25211201e-005, -0.271608291, 0.271608293, 6.10176099e-005, 0.962407882, -2.43497724e-005, -0.999999997, 7.02729177e-005, 0.962408094, -2.87183869e-005, -0.271607547, 0.271607549, 5.79932831e-005, 0.962408092, -1.18873945e-005, -0.999999998, 6.36133357e-005, 0, 0, 0, 0, 0, 0, 0, 0.12330979, 0.138467847, 0.138305859, -0.550334149, 0.572968958, 0.607159068, -0.440185547, -0.817016602, 0.372192383, 0.709449755, -0.0624468148, 0.701992163, 0, -0, 0, 0, 0, 0, 0, 0.188496533, 0.135332666, 0.0985610352, -0.726614248, 0.605498437, -0.324190792, -0.00402832031, -0.475708008, -0.879516602, -0.686892474, -0.637711394, 0.348269716, 0, 1, 1, 1, 
99.0033643, 11, 0.1, 0.1, 0.0154892051, 0.359505847, -0.0349424442, 0.962407056, 2.11394405e-005, -0.271611227, 0.271611228, -5.90388518e-005, 0.962407054, 4.30913165e-006, -0.999999998, -6.2561117e-005, 0.962407194, 1.457033e-005, -0.271610738, 0.271610738, -5.1816555e-005, 0.962407193, -5.13423622e-008, -0.999999999, -5.38260834e-005, 0, 0, 0, 0, 0, 0, 0, 0.12330979, 0.138467847, 0.138305859, -0.550334149, 0.572968958, 0.607159068, -0.440185547, -0.817016602, 0.372192383, 0.709449755, -0.0624468148, 0.701992163, 0, -0, 0, 0, 0, 0, 0, 0.188775684, 0.134910352, 0.097936084, -0.726614248, 0.605498437, -0.324190792, -0.00402832031, -0.475708008, -0.879516602, -0.686892474, -0.637711394, 0.348269716, 0, 1, 1, 1, 
99.0045445, 11, 0.1, 0.1, 0.0154892086, 0.359505849, -0.0349514741, 0.962406414, -2.29318146e-006, -0.271613503, 0.271613503, 4.61857722e-005, 0.962406413, 1.03377068e-005, -0.999999999, 4.50723424e-005, 0.962406532, 8.76835423e-006, -0.271613083, 0.271613083, 4.23360517e-005, 0.962406531, 1.99377469e-005, -0.999999999, 3.8362893e-005, 0, 0, 0, 0, 0, 0, 0, 0.123284277, 0.138146851, 0.137726929, -0.550696973, 0.575462682, 0.604431323, -0.443481445, -0.815185547, 0.372314453, 0.707158974, -0.0630889658, 0.704278074, 0, -0, 0, 0, 0, 0, 0, 0.188775684, 0.134910352, 0.097936084, -0.726614248, 0.605498437, -0.324190792, -0.00402832031, -0.475708008, -0.879516602, -0.686892474, -0.637711394, 0.348269716, 0, 1, 1, 1, 
99.0052499, 11, 0.1, 0.1, 0.0154892079, 0.359505849, -0.0349593563, 0.962406014, 1.75356145e-005, -0.271614918, 0.271614919, -3.93634578e-005, 0.962406013, 6.18467847e-006, -0.999999999, -4.2646563e-005, 0.962406091, 9.42170124e-006, -0.271614645, 0.271614646, -2.17178249e-005, 0.962406091, 3.16862336e-006, -1, -2.3460439e-005, 0, 0, 0, 0, 0, 0, 0, 0.123284277, 0.138146851, 0.137726929, -0.550696973, 0.575462682, 0.604431323, -0.443481445, -0.815185547, 0.372314453, 0.707158974, -0.0630889658, 0.704278074, 0, -0, 0, 0, 0, 0, 0, 0.188775684, 0.134910352, 0.097936084, -0.726614248, 0.605498437, -0.324190792, -0.00402832031, -0.475708008, -0.879516602, -0.686892474, -0.637711394, 0.348269716, 0, 1, 1, 1, 
99.0059613, 11, 0.1, 0.1, 0.0154892106, 0.359505833, -0.034969461, 0.962405696, 5.80598112e-006, -0.271616047, 0.271616047, -2.44817249e-005, 0.962405695, -1.06192003e-006, -1, -2.51383491e-005, 0.962405749, 3.13763841e-006, -0.271615857, 0.271615856, -4.22546069e-005, 0.962405749, -8.45734001e-006, -0.999999999, -4.1518309e-005, 0, 0, 0, 0, 0, 0, 0, 0.123284277, 0.138146851, 0.137726929, -0.550696973, 0.575462682, 0.604431323, -0.443481445, -0.815185547, 0.372314453, 0.707158974, -0.0630889658, 0.704278074, 0, -0, 0, 0, 0, 0, 0, 0.188775684, 0.134910352, 0.097936084, -0.726614248, 0.605498437, -0.324190792, -0.00402832031, -0.475708008, -0.879516602, -0.686892474, -0.637711394, 0.348269716, 0, 1, 1, 1, 
99.0066877, 11, 0.1, 0.1, 0.0154892124, 0.359505847, -0.0349786372, 0.962405386, -5.44409967e-006, -0.271617145, 0.271617145, 6.47358386e-005, 0.962405384, 1.23439328e-005, -0.999999998, 6.37808306e-005, 0.962405459, 2.44089453e-006, -0.271616885, 0.271616885, 5.77672875e-005, 0.962405457, 1.80397009e-005, -0.999999998, 5.49325647e-005, 0, 0, 0, 0, 0, 0, 0, 0.123284277, 0.138146851, 0.137726929, -0.550317297, 0.577866918, 0.602528453, -0.447387695, -0.813354492, 0.371582031, 0.704874185, -0.0650764544, 0.706309746, 0, -0, 0, 0, 0, 0, 0, 0.188775684, 0.134910352, 0.097936084, -0.726614248, 0.605498437, -0.324190792, -0.00402832031, -0.475708008, -0.879516602, -0.686892474, -0.637711394, 0.348269716, 0, 1, 1, 1, 
99.0074006, 11, 0.1, 0.1, 0.0154892033, 0.359505865, -0.0349838923, 0.96240503, -2.89833601e-005, -0.271618405, 0.271618406, 2.91670121e-005, 0.962405029, -1.99714343e-005, -0.999999999, 3.59428933e-005, 0.962405103, -3.12795594e-005, -0.271618145, 0.271618146, 4.22937507e-005, 0.962405102, -1.86158575e-005, -0.999999999, 4.91998175e-005, 0, 0, 0, 0, 0, 0, 0, 0.123519971, 0.137817187, 0.13718938, -0.550317297, 0.577866918, 0.602528453, -0.447387695, -0.813354492, 0.371582031, 0.704874185, -0.0650764544, 0.706309746, 0, -0, 0, 0, 0, 0, 0, 0.189082666, 0.134133105, 0.0970927734, -0.724672189, 0.606284815, -0.327295827, -0.00427246093, -0.478881836, -0.877685547, -0.689020467, -0.634682918, 0.349784504, 0, 1, 1, 1, 
99.0081087, 11, 0.1, 0.1, 0.0154892032, 0.359505859, -0.0349843948, 0.962404628, 2.2687788e-005, -0.271619828, 0.271619828, -4.32756459e-005, 0.962404627, 1.00803087e-005, -0.999999999, -4.7811135e-005, 0.962404708, 1.29702586e-005, -0.271619546, 0.271619546, -3.36577562e-005, 0.962404707, 3.34053349e-006, -0.999999999, -3.59153588e-005, 0, 0, 0, 0, 0, 0, 0, 0.123519971, 0.137817187, 0.13718938, -0.550317297, 0.577866918, 0.602528453, -0.447387695, -0.813354492, 0.371582031, 0.704874185, -0.0650764544, 0.706309746, 0, -0, 0, 0, 0, 0, 0, 0.189082666, 0.134133105, 0.0970927734, -0.724672189, 0.606284815, -0.327295827, -0.00427246093, -0.478881836, -0.877685547, -0.689020467, -0.634682918, 0.349784504, 0, 1, 1, 1, 
99.0088117, 11, 0.1, 0.1, 0.015489212, 0.359505841, -0.0349805247, 0.962404261, 1.28073096e-005, -0.27162113, 0.27162113, -4.10108941e-005, 0.96240426, 1.1863839e-006, -0.999999999, -4.29477952e-005, 0.96240433, 2.27208938e-005, -0.271620886, 0.271620887, -4.81648274e-005, 0.962404328, 8.78411347e-006, -0.999999999, -5.25255078e-005, 0, 0, 0, 0, 0, 0, 0, 0.123519971, 0.137817187, 0.13718938, -0.550317297, 0.577866918, 0.602528453, -0.447387695, -0.813354492, 0.371582031, 0.704874185, -0.0650764544, 0.706309746, 0, -0, 0, 0, 0, 0, 0, 0.189082666, 0.134133105, 0.0970927734, -0.724672189, 0.606284815, -0.327295827, -0.00427246093, -0.478881836, -0.877685547, -0.689020467, -0.634682918, 0.349784504, 0, 1, 1, 1, 
99.0095179, 11, 0.1, 0.1, 0.0154892068, 0.359505842, -0.0349736715, 0.96240399, -1.64138843e-005, -0.271622091, 0.271622092, 3.20954431e-005, 0.962403989, -7.07895636e-006, -0.999999999, 3.5347156e-005, 0.962404032, -2.11917343e-005, -0.271621941, 0.271621941, 2.00583248e-005, 0.962404032, -1.49467294e-005, -1, 2.50603526e-005, 0, 0, 0, 0, 0, 0, 0, 0.123519971, 0.137817187, 0.13718938, -0.550317297, 0.577866918, 0.602528453, -0.447387695, -0.813354492, 0.371582031, 0.704874185, -0.0650764544, 0.706309746, 0, -0, 0, 0, 0, 0, 0, 0.189082666, 0.134133105, 0.0970927734, -0.724672189, 0.606284815, -0.327295827, -0.00427246093, -0.478881836, -0.877685547, -0.689020467, -0.634682918, 0.349784504, 0, 1, 1, 1, 
99.0102209, 11, 0.1, 0.1, 0.015489207, 0.35950585, -0.0349661813, 0.962403846, -1.49736658e-006, -0.2716226, 0.2716226, -6.92383591e-006, 0.962403846, -3.32174167e-006, -1, -6.25680771e-006, 0.962403868, 3.4250412e-006, -0.271622523, 0.271622523, 1.52923049e-005, 0.962403868, 7.45000733e-006, -1, 1.3787055e-005, 0, 0, 0, 0, 0, 0, 0, 0.123519971, 0.137817187, 0.13718938, -0.550317297, 0.577866918, 0.602528453, -0.447387695, -0.813354492, 0.371582031, 0.704874185, -0.0650764544, 0.706309746, 0, -0, 0, 0, 0, 0, 0, 0.189082666, 0.134133105, 0.0970927734, -0.724672189, 0.606284815, -0.327295827, -0.00427246093, -0.478881836, -0.877685547, -0.689020467, -0.634682918, 0.349784504, 0, 1, 1, 1, 
99.010927, 11, 0.1, 0.1, 0.0154892083, 0.359505844, -0.0349602804, 0.96240371, -8.79853075e-007, -0.271623082, 0.271623082, 1.39536121e-006, 0.96240371, -4.67761551e-007, -1, 1.58188921e-006, 0.96240374, 8.73152339e-006, -0.271622975, 0.271622975, -1.22398842e-005, 0.96240374, 5.078617e-006, -1, -1.41513927e-005, 0, 0, 0, 0, 0, 0, 0, 0.123519971, 0.137817187, 0.13718938, -0.550317297, 0.577866918, 0.602528453, -0.447387695, -0.813354492, 0.371582031, 0.704874185, -0.0650764544, 0.706309746, 0, -0, 0, 0, 0, 0, 0, 0.189082666, 0.134133105, 0.0970927734, -0.724672189, 0.606284815, -0.327295827, -0.00427246093, -0.478881836, -0.877685547, -0.689020467, -0.634682918, 0.349784504, 0, 1, 1, 1, 
99.0116626, 11, 0.1, 0.1, 0.0154892096, 0.359505842, -0.0349572955, 0.962403562, 1.49263369e-005, -0.271623606, 0.271623606, -1.68055256e-005, 0.962403562, 9.80038236e-006, -1, -2.02280432e-005, 0.962403594, 1.11291149e-005, -0.271623493, 0.271623493, -1.03754647e-005, 0.962403594, 7.8924802e-006, -1, -1.30083135e-005, 0, 0, 0, 0, 0, 0, 0, 0.12412832, 0.137455664, 0.135900952, -0.54723871, 0.57964922, 0.603625543, -0.448974609, -0.811889648, 0.372802734, 0.706364055, -0.0670890304, 0.704652881, 0, -0, 0, 0, 0, 0, 0, 0.189082666, 0.134133105, 0.0970927734, -0.723720299, 0.606853911, -0.32824735, -0.00671386718, -0.481811523, -0.876098633, -0.689902361, -0.631922764, 0.352998548, 0, 1, 1, 1, 
99.012361, 11, 0.1, 0.1, 0.0154892071, 0.359505843, -0.0349578317, 0.96240347, -5.61228868e-006, -0.271623932, 0.271623932, 1.74089809e-005, 0.96240347, -6.72590252e-007, -1, 1.82788956e-005, 0.962403481, -1.54440036e-005, -0.271623894, 0.271623894, 1.3956206e-005, 0.962403481, -1.10725238e-005, -1, 1.76264616e-005, 0, 0, 0, 0, 0, 0, 0, 0.12412832, 0.137455664, 0.135900952, -0.54723871, 0.57964922, 0.603625543, -0.448974609, -0.811889648, 0.372802734, 0.706364055, -0.0670890304, 0.704652881, 0, -0, 0, 0, 0, 0, 0, 0.189350342, 0.133559082, 0.095757959, -0.723720299, 0.606853911, -0.32824735, -0.00671386718, -0.481811523, -0.876098633, -0.689902361, -0.631922764, 0.352998548, 0, 1, 1, 1, 
99.0130675, 11, 0.1, 0.1, 0.015489214, 0.359505843, -0.0349617344, 0.962403468, 7.27173175e-006, -0.271623941, 0.271623941, -3.47094416e-008, 0.962403468, 6.98891194e-006, -1, -2.00858092e-006, 0.962403464, 2.20372572e-005, -0.271623954, 0.271623954, -3.43900321e-006, 0.962403464, 2.0274617e-005, -1, -9.29555553e-006, 0, 0, 0, 0, 0, 0, 0, 0.12412832, 0.137455664, 0.135900952, -0.54723871, 0.57964922, 0.603625543, -0.448974609, -0.811889648, 0.372802734, 0.706364055, -0.0670890304, 0.704652881, 0, -0, 0, 0, 0, 0, 0, 0.189350342, 0.133559082, 0.095757959, -0.723720299, 0.606853911, -0.32824735, -0.00671386718, -0.481811523, -0.876098633, -0.689902361, -0.631922764, 0.352998548, 0, 1, 1, 1, 
99.0137712, 11, 0.1, 0.1, 0.0154892048, 0.359505845, -0.0349676307, 0.962403481, -2.04938811e-005, -0.271623893, 0.271623893, -2.35156331e-006, 0.962403481, -2.03621233e-005, -1, 3.30347505e-006, 0.96240348, -3.1026904e-005, -0.271623896, 0.271623896, 5.65669756e-006, 0.96240348, -2.83239062e-005, -1, 1.3871674e-005, 0, 0, 0, 0, 0, 0, 0, 0.12412832, 0.137455664, 0.135900952, -0.54723871, 0.57964922, 0.603625543, -0.448974609, -0.811889648, 0.372802734, 0.706364055, -0.0670890304, 0.704652881, 0, -0, 0, 0, 0, 0, 0, 0.189350342, 0.133559082, 0.095757959, -0.723720299, 0.606853911, -0.32824735, -0.00671386718, -0.481811523, -0.876098633, -0.689902361, -0.631922764, 0.352998548, 0, 1, 1, 1, 
99.0144683, 11, 0.1, 0.1, 0.0154892129, 0.359505839, -0.0349736349, 0.962403439, 3.57424805e-005, -0.271624041, 0.271624041, -7.50385998e-006, 0.962403439, 3.23604574e-005, -0.999999999, -1.69302576e-005, 0.962403453, 3.60822046e-005, -0.271623992, 0.271623993, -1.41356688e-005, 0.962403453, 3.08860515e-005, -0.999999999, -2.34050089e-005, 0, 0, 0, 0, 0, 0, 0, 0.12412832, 0.137455664, 0.135900952, -0.54723871, 0.57964922, 0.603625543, -0.448974609, -0.811889648, 0.372802734, 0.706364055, -0.0670890304, 0.704652881, 0, -0, 0, 0, 0, 0, 0, 0.189350342, 0.133559082, 0.095757959, -0.723720299, 0.606853911, -0.32824735, -0.00671386718, -0.481811523, -0.876098633, -0.689902361, -0.631922764, 0.352998548, 0, 1, 1, 1, 
99.0151737, 11, 0.1, 0.1, 0.0154892136, 0.359505844, -0.034978012, 0.96240333, -2.52848175e-005, -0.271624427, 0.271624427, 1.63068416e-005, 0.96240333, -1.99048561e-005, -1, 2.25617327e-005, 0.962403359, -1.42766318e-005, -0.271624325, 0.271624326, 1.92105311e-005, 0.962403359, -8.52183088e-006, -1, 2.23661601e-005, 0, 0, 0, 0, 0, 0, 0, 0.12412832, 0.137455664, 0.135900952, -0.54723871, 0.57964922, 0.603625543, -0.448974609, -0.811889648, 0.372802734, 0.706364055, -0.0670890304, 0.704652881, 0, -0, 0, 0, 0, 0, 0, 0.189350342, 0.133559082, 0.095757959, -0.723720299, 0.606853911, -0.32824735, -0.00671386718, -0.481811523, -0.876098633, -0.689902361, -0.631922764, 0.352998548, 0, 1, 1, 1, 
99.0158792, 11, 0.1, 0.1, 0.0154892052, 0.359505842, -0.0349795562, 0.962403153, -9.42279272e-006, -0.271625057, 0.271625057, -1.28102941e-005, 0.962403153, -1.25481223e-005, -1, -9.76920085e-006, 0.962403192, -1.93671195e-005, -0.271624917, 0.271624917, -1.26316811e-005, 0.962403192, -2.2070057e-005, -1, -6.896178e-006, 0, 0, 0, 0, 0, 0, 0, 0.12412832, 0.137455664, 0.135900952, -0.54723871, 0.57964922, 0.603625543, -0.448974609, -0.811889648, 0.372802734, 0.706364055, -0.0670890304, 0.704652881, 0, -0, 0, 0, 0, 0, 0, 0.189350342, 0.133559082, 0.095757959, -0.723720299, 0.606853911, -0.32824735, -0.00671386718, -0.481811523, -0.876098633, -0.689902361, -0.631922764, 0.352998548, 0, 1, 1, 1, 
99.0166149, 11, 0.1, 0.1, 0.0154892087, 0.359505843, -0.0349776978, 0.962402914, 8.11996114e-006, -0.271625903, 0.271625903, 1.0915812e-005, 0.962402914, 1.07796916e-005, -1, 8.29981753e-006, 0.962402964, 1.22471106e-005, -0.271625725, 0.271625725, 1.221849e-005, 0.962402964, 1.51055117e-005, -1, 8.43248073e-006, 0, 0, 0, 0, 0, 0, 0, 0.124449683, 0.137256104, 0.134887012, -0.549524622, 0.580087306, 0.601094749, -0.450439453, -0.811645508, 0.371704102, 0.70363631, -0.0666640487, 0.707401966, 0, -0, 0, 0, 0, 0, 0, 0.189670508, 0.132956738, 0.0947911133, -0.721509917, 0.60708432, -0.332630568, -0.00476074218, -0.484741211, -0.874511719, -0.692247637, -0.629443692, 0.352660596, 0, 1, 1, 1, 
99.017313, 11, 0.1, 0.1, 0.0154892053, 0.35950584, -0.0349734062, 0.962402693, -1.41179907e-005, -0.271626687, 0.271626687, -5.97622538e-006, 0.962402693, -1.52104945e-005, -1, -1.91671236e-006, 0.962402733, -1.58451251e-005, -0.271626542, 0.271626542, -1.21109253e-005, 0.962402734, -1.85390405e-005, -1, -7.35163111e-006, 0, 0, 0, 0, 0, 0, 0, 0.124449683, 0.137256104, 0.134887012, -0.549524622, 0.580087306, 0.601094749, -0.450439453, -0.811645508, 0.371704102, 0.70363631, -0.0666640487, 0.707401966, 0, -0, 0, 0, 0, 0, 0, 0.189670508, 0.132956738, 0.0947911133, -0.721509917, 0.60708432, -0.332630568, -0.00476074218, -0.484741211, -0.874511719, -0.692247637, -0.629443692, 0.352660596, 0, 1, 1, 1, 
99.0180515, 11, 0.1, 0.1, 0.0154892083, 0.359505843, -0.0349675822, 0.962402532, 1.43903389e-005, -0.271627256, 0.271627256, -3.46033733e-006, 0.962402532, 1.29093766e-005, -1, -7.23904567e-006, 0.962402555, 1.60797654e-005, -0.271627173, 0.271627173, 9.6574259e-006, 0.962402555, 1.80984266e-005, -1, 4.92663015e-006, 0, 0, 0, 0, 0, 0, 0, 0.124449683, 0.137256104, 0.134887012, -0.549524622, 0.580087306, 0.601094749, -0.450439453, -0.811645508, 0.371704102, 0.70363631, -0.0666640487, 0.707401966, 0, -0, 0, 0, 0, 0, 0, 0.189670508, 0.132956738, 0.0947911133, -0.721509917, 0.60708432, -0.332630568, -0.00476074218, -0.484741211, -0.874511719, -0.692247637, -0.629443692, 0.352660596, 0, 1, 1, 1, 
99.018799, 11, 0.1, 0.1, 0.015489202, 0.359505841, -0.0349623888, 0.962402485, -2.48062793e-005, -0.271627421, 0.271627422, 1.0327179e-005, 0.962402485, -2.10684798e-005, -1, 1.66769684e-005, 0.962402486, -2.86701611e-005, -0.27162742, 0.27162742, 2.74621447e-006, 0.962402486, -2.68462872e-005, -1, 1.04305655e-005, 0, 0, 0, 0, 0, 0, 0, 0.124628491, 0.136684155, 0.133873071, -0.55022406, 0.582085656, 0.598563954, -0.454101562, -0.810180664, 0.370483398, 0.700780884, -0.0680928836, 0.710151051, 0, -0, 0, 0, 0, 0, 0, 0.189670508, 0.132956738, 0.0947911133, -0.719018453, 0.607653416, -0.337026545, -0.00280761718, -0.487548828, -0.872924805, -0.694931599, -0.626683538, 0.352444046, 0, 1, 1, 1, 
99.0195051, 11, 0.1, 0.1, 0.0154892067, 0.35950584, -0.0349595132, 0.962402531, 2.19296259e-005, -0.271627257, 0.271627258, -1.02801501e-005, 0.962402532, 1.83127585e-005, -1, -1.58503266e-005, 0.962402517, 2.67822457e-005, -0.271627307, 0.271627307, -8.79166726e-006, 0.962402518, 2.33872438e-005, -1, -1.5735912e-005, 0, 0, 0, 0, 0, 0, 0, 0.124628491, 0.136684155, 0.133873071, -0.55022406, 0.582085656, 0.598563954, -0.454101562, -0.810180664, 0.370483398, 0.700780884, -0.0680928836, 0.710151051, 0, -0, 0, 0, 0, 0, 0, 0.190225391, 0.132382715, 0.0940492188, -0.719018453, 0.607653416, -0.337026545, -0.00280761718, -0.487548828, -0.872924805, -0.694931599, -0.626683538, 0.352444046, 0, 1, 1, 1, 
99.0202035, 11, 0.1, 0.1, 0.0154892006, 0.35950584, -0.0349596816, 0.962402603, -2.29335732e-005, -0.271627003, 0.271627003, -2.16751602e-006, 0.962402604, -2.26600865e-005, -1, 4.1433547e-006, 0.962402591, -2.98237837e-005, -0.271627046, 0.271627046, 3.83003319e-006, 0.962402591, -2.76621461e-005, -1, 1.17869801e-005, 0, 0, 0, 0, 0, 0, 0, 0.124628491, 0.136684155, 0.133873071, -0.55022406, 0.582085656, 0.598563954, -0.454101562, -0.810180664, 0.370483398, 0.700780884, -0.0680928836, 0.710151051, 0, -0, 0, 0, 0, 0, 0, 0.190225391, 0.132382715, 0.0940492188, -0.719018453, 0.607653416, -0.337026545, -0.00280761718, -0.487548828, -0.872924805, -0.694931599, -0.626683538, 0.352444046, 0, 1, 1, 1, 
99.0209147, 11, 0.1, 0.1, 0.0154892059, 0.359505837, -0.0349627236, 0.962402613, 1.76810687e-005, -0.271626968, 0.271626968, 1.0719716e-005, 0.962402613, 1.99280707e-005, -1, 5.51402763e-006, 0.962402618, 2.49976112e-005, -0.271626951, 0.271626951, -1.27247425e-006, 0.962402618, 2.37121282e-005, -1, -8.01465748e-006, 0, 0, 0, 0, 0, 0, 0, 0.124628491, 0.136684155, 0.133873071, -0.55022406, 0.582085656, 0.598563954, -0.454101562, -0.810180664, 0.370483398, 0.700780884, -0.0680928836, 0.710151051, 0, -0, 0, 0, 0, 0, 0, 0.190225391, 0.132382715, 0.0940492188, -0.719018453, 0.607653416, -0.337026545, -0.00280761718, -0.487548828, -0.872924805, -0.694931599, -0.626683538, 0.352444046, 0, 1, 1, 1, 
99.0216219, 11, 0.1, 0.1, 0.0154892025, 0.359505837, -0.0349674823, 0.962402529, -1.12137734e-005, -0.271627268, 0.271627267, -1.59235434e-005, 0.962402529, -1.51174325e-005, -1, -1.22788918e-005, 0.962402553, -1.63523925e-005, -0.271627183, 0.271627183, -1.10380875e-005, 0.962402553, -1.87358289e-005, -1, -6.1813293e-006, 0, 0, 0, 0, 0, 0, 0, 0.124628491, 0.136684155, 0.133873071, -0.55022406, 0.582085656, 0.598563954, -0.454101562, -0.810180664, 0.370483398, 0.700780884, -0.0680928836, 0.710151051, 0, -0, 0, 0, 0, 0, 0, 0.190225391, 0.132382715, 0.0940492188, -0.719018453, 0.607653416, -0.337026545, -0.00280761718, -0.487548828, -0.872924805, -0.694931599, -0.626683538, 0.352444046, 0, 1, 1, 1, 
99.0223187, 11, 0.1, 0.1, 0.0154892061, 0.359505837, -0.0349723794, 0.962402386, 1.27485037e-005, -0.271627772, 0.271627772, 1.30468508e-005, 0.962402386, 1.58130774e-005, -1, 9.09347271e-006, 0.962402416, 1.55484082e-005, -0.271627665, 0.271627665, 1.36512258e-005, 0.962402417, 1.86718762e-005, -1, 8.91459485e-006, 0, 0, 0, 0, 0, 0, 0, 0.124628491, 0.136684155, 0.133873071, -0.55022406, 0.582085656, 0.598563954, -0.454101562, -0.810180664, 0.370483398, 0.700780884, -0.0680928836, 0.710151051, 0, -0, 0, 0, 0, 0, 0, 0.190225391, 0.132382715, 0.0940492188, -0.719018453, 0.607653416, -0.337026545, -0.00280761718, -0.487548828, -0.872924805, -0.694931599, -0.626683538, 0.352444046, 0, 1, 1, 1, 
99.023024, 11, 0.1, 0.1, 0.0154892041, 0.359505835, -0.0349761074, 0.96240224, -1.0639071e-005, -0.271628292, 0.271628292, -7.60379466e-006, 0.96240224, -1.23044715e-005, -1, -4.42803634e-006, 0.962402266, -1.16307551e-005, -0.271628199, 0.271628199, -1.23987037e-005, 0.962402266, -1.45613026e-005, -1, -8.77329946e-006, 0, 0, 0, 0, 0, 0, 0, 0.124628491, 0.136684155, 0.133873071, -0.55022406, 0.582085656, 0.598563954, -0.454101562, -0.810180664, 0.370483398, 0.700780884, -0.0680928836, 0.710151051, 0, -0, 0, 0, 0, 0, 0, 0.190225391, 0.132382715, 0.0940492188, -0.719018453, 0.607653416, -0.337026545, -0.00280761718, -0.487548828, -0.872924805, -0.694931599, -0.626683538, 0.352444046, 0, 1, 1, 1, 
99.0237578, 11, 0.1, 0.1, 0.0154892062, 0.359505836, -0.0349774701, 0.96240214, 1.08803093e-005, -0.271628645, 0.271628645, -3.37203474e-006, 0.96240214, 9.55529171e-006, -1, -6.20065712e-006, 0.962402156, 1.14265831e-005, -0.271628589, 0.271628589, 5.85805436e-006, 0.962402156, 1.25881833e-005, -1, 2.53401749e-006, 0, 0, 0, 0, 0, 0, 0, 0.125178003, 0.135906543, 0.132058691, -0.548218598, 0.584401524, 0.598024397, -0.456298828, -0.808349609, 0.371826172, 0.700957617, -0.0690776408, 0.709865733, 0, -0, 0, 0, 0, 0, 0, 0.190225391, 0.132382715, 0.0940492188, -0.717517158, 0.608075589, -0.33947973, -0.00390624999, -0.490844727, -0.87109375, -0.696369462, -0.623693341, 0.354763803, 0, 1, 1, 1, 
99.0244546, 11, 0.1, 0.1, 0.0154892034, 0.359505834, -0.0349760983, 0.962402113, -1.36588806e-005, -0.271628741, 0.271628741, 5.14703586e-006, 0.962402113, -1.17472527e-005, -1, 8.66366273e-006, 0.962402113, -1.56461854e-005, -0.27162874, 0.27162874, 1.63182714e-007, 0.962402113, -1.50135968e-005, -1, 4.40700102e-006, 0, 0, 0, 0, 0, 0, 0, 0.125178003, 0.135906543, 0.132058691, -0.548218598, 0.584401524, 0.598024397, -0.456298828, -0.808349609, 0.371826172, 0.700957617, -0.0690776408, 0.709865733, 0, -0, 0, 0, 0, 0, 0, 0.190740967, 0.131580566, 0.092372998, -0.717517158, 0.608075589, -0.33947973, -0.00390624999, -0.490844727, -0.87109375, -0.696369462, -0.623693341, 0.354763803, 0, 1, 1, 1, 
99.0251622, 11, 0.1, 0.1, 0.0154892069, 0.359505834, -0.0349727625, 0.962402144, 1.42515394e-005, -0.271628631, 0.271628631, -5.31209143e-006, 0.962402144, 1.22727959e-005, -1, -8.98349431e-006, 0.962402135, 1.82182644e-005, -0.271628663, 0.271628663, -5.00564842e-006, 0.962402135, 1.61736189e-005, -1, -9.76604952e-006, 0, 0, 0, 0, 0, 0, 0, 0.125178003, 0.135906543, 0.132058691, -0.548218598, 0.584401524, 0.598024397, -0.456298828, -0.808349609, 0.371826172, 0.700957617, -0.0690776408, 0.709865733, 0, -0, 0, 0, 0, 0, 0, 0.190740967, 0.131580566, 0.092372998, -0.717517158, 0.608075589, -0.33947973, -0.00390624999, -0.490844727, -0.87109375, -0.696369462, -0.623693341, 0.354763803, 0, 1, 1, 1, 
99.0258715, 11, 0.1, 0.1, 0.015489202, 0.359505834, -0.0349685826, 0.96240219, -1.71955926e-005, -0.271628466, 0.271628466, 2.07943775e-006, 0.96240219, -1.59842415e-005, -1, 6.67206788e-006, 0.962402182, -2.30743854e-005, -0.271628494, 0.271628494, 6.51258675e-006, 0.962402183, -2.04378347e-005, -1, 1.25353883e-005, 0, 0, 0, 0, 0, 0, 0, 0.125178003, 0.135906543, 0.132058691, -0.548218598, 0.584401524, 0.598024397, -0.456298828, -0.808349609, 0.371826172, 0.700957617, -0.0690776408, 0.709865733, 0, -0, 0, 0, 0, 0, 0, 0.190740967, 0.131580566, 0.092372998, -0.717517158, 0.608075589, -0.33947973, -0.00390624999, -0.490844727, -0.87109375, -0.696369462, -0.623693341, 0.354763803, 0, 1, 1, 1, 
99.0265782, 11, 0.1, 0.1, 0.0154892066, 0.359505834, -0.0349649097, 0.962402189, 1.28489391e-005, -0.271628472, 0.271628471, 1.57168162e-005, 0.962402189, 1.66349819e-005, -1, 1.16357607e-005, 0.962402195, 2.11938645e-005, -0.27162845, 0.27162845, 4.1349227e-006, 0.962402195, 2.15201844e-005, -1, -1.7773979e-006, 0, 0, 0, 0, 0, 0, 0, 0.125178003, 0.135906543, 0.132058691, -0.548218598, 0.584401524, 0.598024397, -0.456298828, -0.808349609, 0.371826172, 0.700957617, -0.0690776408, 0.709865733, 0, -0, 0, 0, 0, 0, 0, 0.190740967, 0.131580566, 0.092372998, -0.717517158, 0.608075589, -0.33947973, -0.00390624999, -0.490844727, -0.87109375, -0.696369462, -0.623693341, 0.354763803, 0, 1, 1, 1, 
99.0272756, 11, 0.1, 0.1, 0.0154892015, 0.359505834, -0.0349628037, 0.962402099, -1.46718022e-005, -0.27162879, 0.27162879, -1.64464378e-005, 0.962402099, -1.85874992e-005, -1, -1.18428024e-005, 0.962402124, -2.10860086e-005, -0.271628702, 0.271628702, -1.11722206e-005, 0.962402124, -2.33279153e-005, -1, -5.02460371e-006, 0, 0, 0, 0, 0, 0, 0, 0.125178003, 0.135906543, 0.132058691, -0.548218598, 0.584401524, 0.598024397, -0.456298828, -0.808349609, 0.371826172, 0.700957617, -0.0690776408, 0.709865733, 0, -0, 0, 0, 0, 0, 0, 0.190740967, 0.131580566, 0.092372998, -0.717517158, 0.608075589, -0.33947973, -0.00390624999, -0.490844727, -0.87109375, -0.696369462, -0.623693341, 0.354763803, 0, 1, 1, 1, 
99.0279792, 11, 0.1, 0.1, 0.0154892059, 0.359505837, -0.0349627726, 0.962401936, 1.49234828e-005, -0.271629369, 0.271629369, 1.88095746e-005, 0.962401936, 1.94716216e-005, -1, 1.40487148e-005, 0.96240197, 1.91309891e-005, -0.271629245, 0.271629245, 2.06630038e-005, 0.962401971, 2.40243777e-005, -1, 1.46895795e-005, 0, 0, 0, 0, 0, 0, 0, 0.125178003, 0.135906543, 0.132058691, -0.548218598, 0.584401524, 0.598024397, -0.456298828, -0.808349609, 0.371826172, 0.700957617, -0.0690776408, 0.709865733, 0, -0, 0, 0, 0, 0, 0, 0.190740967, 0.131580566, 0.092372998, -0.717517158, 0.608075589, -0.33947973, -0.00390624999, -0.490844727, -0.87109375, -0.696369462, -0.623693341, 0.354763803, 0, 1, 1, 1, 
99.0287118, 11, 0.1, 0.1, 0.0154892018, 0.359505832, -0.0349646035, 0.96240176, -1.77129611e-005, -0.27162999, 0.27162999, -1.28185951e-005, 0.96240176, -2.05288998e-005, -1, -7.52526706e-006, 0.96240179, -1.97035526e-005, -0.271629883, 0.271629882, -1.97205335e-005, 0.962401791, -2.43194205e-005, -1, -1.3627003e-005, 0, 0, 0, 0, 0, 0, 0, 0.125422095, 0.135714795, 0.130757056, -0.552008606, 0.584815645, 0.594205553, -0.456054687, -0.808349609, 0.372070312, 0.698097322, -0.0656826569, 0.713066009, 0, -0, 0, 0, 0, 0, 0, 0.191259717, 0.13108501, 0.0910916016, -0.715856181, 0.606791578, -0.345198365, -0.000122070305, -0.494506836, -0.869018555, -0.698158769, -0.621987156, 0.354285493, 0, 1, 1, 1, 
99.0294106, 11, 0.1, 0.1, 0.0154892044, 0.359505834, -0.034967442, 0.962401658, 1.66341604e-005, -0.271630351, 0.271630352, -5.12015235e-006, 0.962401658, 1.46179548e-005, -1, -9.44598594e-006, 0.962401672, 1.666235e-005, -0.271630303, 0.271630303, 7.42517377e-006, 0.962401672, 1.80527757e-005, -1, 2.62000047e-006, 0, 0, 0, 0, 0, 0, 0, 0.125422095, 0.135714795, 0.130757056, -0.552008606, 0.584815645, 0.594205553, -0.456054687, -0.808349609, 0.372070312, 0.698097322, -0.0656826569, 0.713066009, 0, -0, 0, 0, 0, 0, 0, 0.191259717, 0.13108501, 0.0910916016, -0.715856181, 0.606791578, -0.345198365, -0.000122070305, -0.494506836, -0.869018555, -0.698158769, -0.621987156, 0.354285493, 0, 1, 1, 1, 
99.0301193, 11, 0.1, 0.1, 0.0154892013, 0.35950583, -0.0349706343, 0.96240165, -1.73636855e-005, -0.271630382, 0.271630383, 1.70581962e-006, 0.96240165, -1.62474872e-005, -1, 6.35818816e-006, 0.962401645, -1.92309774e-005, -0.271630399, 0.271630399, -4.3076523e-006, 0.962401645, -1.96780136e-005, -1, 1.07802639e-006, 0, 0, 0, 0, 0, 0, 0, 0.125422095, 0.135714795, 0.130757056, -0.552008606, 0.584815645, 0.594205553, -0.456054687, -0.808349609, 0.372070312, 0.698097322, -0.0656826569, 0.713066009, 0, -0, 0, 0, 0, 0, 0, 0.191259717, 0.13108501, 0.0910916016, -0.715856181, 0.606791578, -0.345198365, -0.000122070305, -0.494506836, -0.869018555, -0.698158769, -0.621987156, 0.354285493, 0, 1, 1, 1, 
99.0308287, 11, 0.1, 0.1, 0.0154892049, 0.359505828, -0.0349732153, 0.962401708, 1.68521186e-005, -0.271630174, 0.271630174, -8.28441276e-006, 0.962401709, 1.39682112e-005, -1, -1.25504769e-005, 0.962401694, 1.95977778e-005, -0.271630223, 0.271630224, -8.01539578e-006, 0.962401694, 1.66837108e-005, -1, -1.30373793e-005, 0, 0, 0, 0, 0, 0, 0, 0.125422095, 0.135714795, 0.130757056, -0.552008606, 0.584815645, 0.594205553, -0.456054687, -0.808349609, 0.372070312, 0.698097322, -0.0656826569, 0.713066009, 0, -0, 0, 0, 0, 0, 0, 0.191259717, 0.13108501, 0.0910916016, -0.715856181, 0.606791578, -0.345198365, -0.000122070305, -0.494506836, -0.869018555, -0.698158769, -0.621987156, 0.354285493, 0, 1, 1, 1, 
99.0315451, 11, 0.1, 0.1, 0.0154892019, 0.359505828, -0.0349743293, 0.962401779, -1.21039973e-005, -0.271629925, 0.271629925, 3.89706176e-007, 0.962401779, -1.15430527e-005, -1, 3.6628618e-006, 0.962401766, -1.66170434e-005, -0.271629971, 0.271629971, 3.79803171e-006, 0.962401766, -1.49606127e-005, -1, 8.16891943e-006, 0, 0, 0, 0, 0, 0, 0, 0.125422095, 0.135714795, 0.130757056, -0.552008606, 0.584815645, 0.594205553, -0.456054687, -0.808349609, 0.372070312, 0.698097322, -0.0656826569, 0.713066009, 0, 0, 0, 0, 0, 0, 0, 0.191816309, 0.130213037, 0.0897953125, -0.713377476, 0.606268058, -0.351172563, 0.00305175782, -0.498535156, -0.866699219, -0.700721329, -0.61934184, 0.353903065, 0, 1, 1, 1, 
99.0322434, 11, 0.1, 0.1, 0.0154892057, 0.359505828, -0.0349738423, 0.962401808, 1.11673574e-005, -0.271629823, 0.271629823, 1.17832772e-005, 0.962401808, 1.39481744e-005, -1, 8.30686e-006, 0.962401806, 1.70506006e-005, -0.271629826, 0.271629826, 3.0309383e-006, 0.962401807, 1.72328221e-005, -1, -1.71447119e-006, 0, 0, 0, 0, 0, 0, 0, 0.125422095, 0.135714795, 0.130757056, -0.552008606, 0.584815645, 0.594205553, -0.456054687, -0.808349609, 0.372070312, 0.698097322, -0.0656826569, 0.713066009, 0, 0, 0, 0, 0, 0, 0, 0.191816309, 0.130213037, 0.0897953125, -0.713377476, 0.606268058, -0.351172563, 0.00305175782, -0.498535156, -0.866699219, -0.700721329, -0.61934184, 0.353903065, 0, 1, 1, 1, 
99.03295, 11, 0.1, 0.1, 0.0154892024, 0.359505828, -0.0349720334, 0.962401765, -9.63985298e-006, -0.271629975, 0.271629975, -1.00206969e-005, 0.962401765, -1.19993332e-005, -1, -7.0254634e-006, 0.962401778, -1.44368305e-005, -0.271629927, 0.271629927, -6.60623221e-006, 0.962401778, -1.56884817e-005, -1, -2.43637442e-006, 0, 0, 0, 0, 0, 0, 0, 0.125422095, 0.135714795, 0.130757056, -0.552008606, 0.584815645, 0.594205553, -0.456054687, -0.808349609, 0.372070312, 0.698097322, -0.0656826569, 0.713066009, 0, 0, 0, 0, 0, 0, 0, 0.191816309, 0.130213037, 0.0897953125, -0.713377476, 0.606268058, -0.351172563, 0.00305175782, -0.498535156, -0.866699219, -0.700721329, -0.61934184, 0.353903065, 0, 1, 1, 1, 
99.0337189, 11, 0.1, 0.1, 0.0154892064, 0.359505833, -0.0349688966, 0.962401652, 1.07206145e-005, -0.271630374, 0.271630374, 2.06365972e-005, 0.962401652, 1.59230638e-005, -1, 1.69486507e-005, 0.962401676, 1.50260763e-005, -0.271630289, 0.271630289, 2.27079583e-005, 0.962401676, 2.06292903e-005, -1, 1.77726396e-005, 0, 0, 0, 0, 0, 0, 0, 0.125757739, 0.135186548, 0.129200317, -0.553990103, 0.58746925, 0.589764776, -0.458374023, -0.806640625, 0.372924805, 0.694950586, -0.0637546999, 0.716241198, 0, 0, 0, 0, 0, 0, 0, 0.191816309, 0.130213037, 0.0897953125, -0.713377476, 0.606268058, -0.351172563, 0.00305175782, -0.498535156, -0.866699219, -0.700721329, -0.61934184, 0.353903065, 0, 1, 1, 1, 
