time, trialNum, realDorsalTactorPos, realVentralTactorPos, boxPosX, boxPosY, boxPosZ, boxLocalRot_11, boxLocalRot_12, boxLocalRot_13, boxLocalRot_21, boxLocalRot_22, boxLocalRot_23, boxLocalRot_31, boxLocalRot_32, boxLocalRot_33, boxGlobalRot_11, boxGlobalRot_12, boxGlobalRot_13, boxGlobalRot_21, boxGlobalRot_22, boxGlobalRot_23, boxGlobalRot_31, boxGlobalRot_32, boxGlobalRot_33, indexForceX, indexForceY, indexForceZ, indexForceGlobalX, indexForceGlobalY, indexForceGlobalZ, indexContact, indexPosX, indexPosY, indexPosZ, indexRot_11, indexRot_12, indexRot_13, indexRot_21, indexRot_22, indexRot_23, indexRot_31, indexRot_32, indexRot_33, thumbForceX, thumbForceY, thumbForceZ, thumbForceGlobalX, thumbForceGlobalY, thumbForceGlobalZ, thumbContact, thumbPosX, thumbPosY, thumbPosZ, thumbRot_11, thumbRot_12, thumbRot_13, thumbRot_21, thumbRot_22, thumbRot_23, thumbRot_31, thumbRot_32, thumbRot_33, manipForceTooHigh, cceExpType, mapping, trialSuccess, 
148.281171, 20, 0.1, 0.1, 0.0498635361, 0.348966205, -0.0349761013, 0.893146546, 0.449765769, 7.14384483e-006, 0.449765769, -0.893146546, -4.20682999e-007, 6.19129152e-006, 3.58878843e-006, -1, 0.893146577, 0.449765709, -1.69791735e-006, 0.449765709, -0.893146577, -3.55275386e-006, -3.11439592e-006, 2.40946495e-006, -1, 0, 0, 0, 0, 0, 0, 0, 0.143945459, 0.137893335, 0.158102271, -0.13270042, 0.849367778, 0.510619029, -0.0349121094, -0.518920898, 0.854125977, 0.990472814, 0.0954779496, 0.0987049715, 0, -0, 0, 0, 0, 0, 0, 0.185480273, 0.114354541, 0.0816438477, -0.724506904, 0.542674169, -0.424810406, -0.438354492, -0.838378906, -0.323486328, -0.531769683, -0.0481531488, 0.845480759, 0, 1, 5, 1, 
148.327947, 20, 0.1, 0.1, 0.0498635249, 0.348966213, -0.0349697954, 0.893138079, 0.449782582, -1.9701049e-005, 0.449782582, -0.893138079, -5.85981916e-007, -1.78593215e-005, -8.33782593e-006, -1, 0.893138065, 0.449782609, -1.83902671e-005, 0.44978261, -0.893138065, 1.33899932e-005, -1.04024615e-005, -2.02307349e-005, -1, 0, 0, 0, 0, 0, 0, 0, 0.144752759, 0.134677637, 0.146343677, -0.130034832, 0.873649379, 0.46876941, -0.0343017578, -0.47644043, 0.878540039, 0.99091577, 0.0981824943, 0.091985371, 0, -0, 0, 0, 0, 0, 0, 0.186531689, 0.10694585, 0.069614209, -0.717621295, 0.517545173, -0.465863836, -0.432250977, -0.85546875, -0.284667969, -0.545897844, -0.00292465588, 0.837851817, 0, 1, 5, 1, 
148.328646, 20, 0.1, 0.1, 0.0498635268, 0.348966207, -0.0349687519, 0.893138043, 0.449782654, 2.18908632e-005, 0.449782654, -0.893138043, -5.58983113e-006, 1.70373536e-005, 1.48386214e-005, -1, 0.893138063, 0.449782615, 1.78422035e-005, 0.449782615, -0.893138063, -1.61238597e-005, 8.68331928e-006, 2.24259458e-005, -1, 0, 0, 0, 0, 0, 0, 0, 0.144752759, 0.134677637, 0.146343677, -0.130034832, 0.873649379, 0.46876941, -0.0343017578, -0.47644043, 0.878540039, 0.99091577, 0.0981824943, 0.091985371, 0, -0, 0, 0, 0, 0, 0, 0.186531689, 0.10694585, 0.069614209, -0.717621295, 0.517545173, -0.465863836, -0.432250977, -0.85546875, -0.284667969, -0.545897844, -0.00292465588, 0.837851817, 0, 1, 5, 1, 
148.329365, 20, 0.1, 0.1, 0.0498635243, 0.348966215, -0.0349677734, 0.89313784, 0.449783056, -2.94164153e-005, 0.449783057, -0.89313784, 1.87824739e-005, -1.78248751e-005, -3.00063434e-005, -0.999999999, 0.893137891, 0.449782956, -2.30539663e-005, 0.449782956, -0.893137891, 2.45850941e-005, -9.53241453e-006, -3.23271602e-005, -0.999999999, 0, 0, 0, 0, 0, 0, 0, 0.145080371, 0.133879639, 0.143944141, -0.128010273, 0.875540266, 0.46568371, -0.0323486328, -0.472900391, 0.880493164, 0.991213071, 0.0976358234, 0.0888899318, 0, -0, 0, 0, 0, 0, 0, 0.186944727, 0.106123291, 0.0678256836, -0.717921701, 0.514101819, -0.469128919, -0.430786133, -0.857543945, -0.280639648, -0.546543132, 0.000641199719, 0.8373859, 0, 1, 5, 1, 
148.33006, 20, 0.1, 0.1, 0.0498635242, 0.348966212, -0.0349674006, 0.893137525, 0.449783682, 2.80522967e-005, 0.449783683, -0.893137525, -2.02332818e-005, 1.59539589e-005, 3.06885686e-005, -0.999999999, 0.893137595, 0.449783544, 1.79602643e-005, 0.449783545, -0.893137594, -1.88479444e-005, 7.56349195e-006, 2.49120391e-005, -1, 0, 0, 0, 0, 0, 0, 0, 0.145080371, 0.133879639, 0.143944141, -0.128010273, 0.875540266, 0.46568371, -0.0323486328, -0.472900391, 0.880493164, 0.991213071, 0.0976358234, 0.0888899318, 0, -0, 0, 0, 0, 0, 0, 0.186944727, 0.106123291, 0.0678256836, -0.717921701, 0.514101819, -0.469128919, -0.430786133, -0.857543945, -0.280639648, -0.546543132, 0.000641199719, 0.8373859, 0, 1, 5, 1, 
148.33076, 20, 0.1, 0.1, 0.0498635263, 0.34896621, -0.0349677437, 0.893137174, 0.449784379, -2.30788033e-005, 0.449784379, -0.893137174, 1.11741067e-005, -1.55865985e-005, -2.03604953e-005, -1, 0.893137244, 0.44978424, -9.99504788e-006, 0.44978424, -0.893137244, 3.8551117e-006, -7.19298104e-006, -7.93875885e-006, -1, 0, 0, 0, 0, 0, 0, 0, 0.145080371, 0.133879639, 0.143944141, -0.128010273, 0.875540266, 0.46568371, -0.0323486328, -0.472900391, 0.880493164, 0.991213071, 0.0976358234, 0.0888899318, 0, -0, 0, 0, 0, 0, 0, 0.186944727, 0.106123291, 0.0678256836, -0.717921701, 0.514101819, -0.469128919, -0.430786133, -0.857543945, -0.280639648, -0.546543132, 0.000641199719, 0.8373859, 0, 1, 5, 1, 
148.331452, 20, 0.1, 0.1, 0.0498635236, 0.348966213, -0.0349685877, 0.893136891, 0.449784942, 2.02596319e-005, 0.449784942, -0.893136891, -4.32258613e-006, 1.61503904e-005, 1.29731385e-005, -1, 0.893136934, 0.449784856, 5.61936102e-006, 0.449784856, -0.893136934, 7.92706359e-006, 8.58433202e-006, -4.55244979e-006, -1, 0, 0, 0, 0, 0, 0, 0, 0.145080371, 0.133879639, 0.143944141, -0.128010273, 0.875540266, 0.46568371, -0.0323486328, -0.472900391, 0.880493164, 0.991213071, 0.0976358234, 0.0888899318, 0, -0, 0, 0, 0, 0, 0, 0.186944727, 0.106123291, 0.0678256836, -0.717921701, 0.514101819, -0.469128919, -0.430786133, -0.857543945, -0.280639648, -0.546543132, 0.000641199719, 0.8373859, 0, 1, 5, 1, 
148.332148, 20, 0.1, 0.1, 0.0498635279, 0.348966207, -0.03496972, 0.893136747, 0.449785227, -1.05589654e-005, 0.449785227, -0.893136747, -1.5542908e-005, -1.64215704e-005, 9.13267559e-006, -1, 0.893136763, 0.449785195, 2.04976419e-006, 0.449785195, -0.893136763, -2.31167303e-005, -8.56684329e-006, 2.15683553e-005, -1, 0, 0, 0, 0, 0, 0, 0, 0.145080371, 0.133879639, 0.143944141, -0.128010273, 0.875540266, 0.46568371, -0.0323486328, -0.472900391, 0.880493164, 0.991213071, 0.0976358234, 0.0888899318, 0, -0, 0, 0, 0, 0, 0, 0.186944727, 0.106123291, 0.0678256836, -0.717921701, 0.514101819, -0.469128919, -0.430786133, -0.857543945, -0.280639648, -0.546543132, 0.000641199719, 0.8373859, 0, 1, 5, 1, 
148.332842, 20, 0.1, 0.1, 0.049863524, 0.348966212, -0.0349707939, 0.893136774, 0.449785175, 5.88945977e-006, 0.449785175, -0.893136774, 2.22885583e-005, 1.52851562e-005, -1.72577393e-005, -1, 0.893136757, 0.449785208, -3.7400446e-006, 0.449785208, -0.893136757, 2.44252172e-005, 7.64573009e-006, -2.3497276e-005, -1, 0, 0, 0, 0, 0, 0, 0, 0.145080371, 0.133879639, 0.143944141, -0.128010273, 0.875540266, 0.46568371, -0.0323486328, -0.472900391, 0.880493164, 0.991213071, 0.0976358234, 0.0888899318, 0, -0, 0, 0, 0, 0, 0, 0.186944727, 0.106123291, 0.0678256836, -0.717921701, 0.514101819, -0.469128919, -0.430786133, -0.857543945, -0.280639648, -0.546543132, 0.000641199719, 0.8373859, 0, 1, 5, 1, 
148.333537, 20, 0.1, 0.1, 0.0498635273, 0.348966208, -0.0349714808, 0.893136946, 0.449784832, -2.24531362e-006, 0.449784832, -0.893136946, -2.77026806e-005, -1.44656181e-005, 2.37323795e-005, -1, 0.893136902, 0.44978492, 4.98219194e-006, 0.44978492, -0.893136901, -2.54812046e-005, -7.01128212e-006, 2.4999119e-005, -1, 0, 0, 0, 0, 0, 0, 0, 0.145080371, 0.133879639, 0.143944141, -0.128010273, 0.875540266, 0.46568371, -0.0323486328, -0.472900391, 0.880493164, 0.991213071, 0.0976358234, 0.0888899318, 0, -0, 0, 0, 0, 0, 0, 0.186944727, 0.106123291, 0.0678256836, -0.717921701, 0.514101819, -0.469128919, -0.430786133, -0.857543945, -0.280639648, -0.546543132, 0.000641199719, 0.8373859, 0, 1, 5, 1, 
148.334258, 20, 0.1, 0.1, 0.0498635251, 0.34896621, -0.0349713983, 0.893137234, 0.449784262, 1.24692088e-006, 0.449784261, -0.893137233, 3.13883508e-005, 1.52316577e-005, -2.74732594e-005, -1, 0.893137171, 0.449784385, -3.22701453e-006, 0.449784385, -0.893137171, 2.4270873e-005, 8.03449306e-006, -2.31286796e-005, -1, 0, 0, 0, 0, 0, 0, 0, 0.144721851, 0.133572925, 0.142058813, -0.134966113, 0.877966963, 0.459035649, -0.0357666016, -0.467285156, 0.883300781, 0.990213705, 0.102813109, 0.0945157827, 0, -0, 0, 0, 0, 0, 0, 0.187402197, 0.105236035, 0.0663438477, -0.715986571, 0.509674492, -0.476835189, -0.426879883, -0.860229492, -0.278442383, -0.552108649, 0.00422637834, 0.833630113, 0, 1, 5, 1, 
148.334952, 20, 0.1, 0.1, 0.0498635254, 0.348966212, -0.0349707282, 0.893137542, 0.449783649, -3.33478317e-006, 0.449783649, -0.893137542, -2.53196699e-005, -1.43667936e-005, 2.11140168e-005, -1, 0.893137482, 0.449783767, -1.684514e-006, 0.449783767, -0.893137482, -1.21322078e-005, -6.96137274e-006, 1.00780625e-005, -1, 0, 0, 0, 0, 0, 0, 0, 0.144721851, 0.133572925, 0.142058813, -0.134966113, 0.877966963, 0.459035649, -0.0357666016, -0.467285156, 0.883300781, 0.990213705, 0.102813109, 0.0945157827, 0, -0, 0, 0, 0, 0, 0, 0.187402197, 0.105236035, 0.0663438477, -0.715986571, 0.509674492, -0.476835189, -0.426879883, -0.860229492, -0.278442383, -0.552108649, 0.00422637834, 0.833630113, 0, 1, 5, 1, 
148.335644, 20, 0.1, 0.1, 0.0498635266, 0.348966207, -0.0349698186, 0.893137793, 0.44978315, 8.46772809e-006, 0.44978315, -0.893137793, 1.57311518e-005, 1.4638455e-005, -1.02414448e-005, -1, 0.893137755, 0.449783227, 9.8145846e-006, 0.449783227, -0.893137755, -2.41633462e-006, 7.67894927e-006, 6.57255521e-006, -1, 0, 0, 0, 0, 0, 0, 0, 0.144721851, 0.133572925, 0.142058813, -0.134966113, 0.877966963, 0.459035649, -0.0357666016, -0.467285156, 0.883300781, 0.990213705, 0.102813109, 0.0945157827, 0, -0, 0, 0, 0, 0, 0, 0.187402197, 0.105236035, 0.0663438477, -0.715986571, 0.509674492, -0.476835189, -0.426879883, -0.860229492, -0.278442383, -0.552108649, 0.00422637834, 0.833630113, 0, 1, 5, 1, 
148.336339, 20, 0.1, 0.1, 0.0498635236, 0.348966213, -0.0349689485, 0.893137912, 0.449782915, -1.95531925e-005, 0.449782915, -0.893137912, -5.21585926e-006, -1.98097019e-005, -4.13621027e-006, -1, 0.893137901, 0.449782936, -1.81161865e-005, 0.449782937, -0.893137901, 9.81477333e-006, -1.17657353e-005, -1.69142976e-005, -1, 0, 0, 0, 0, 0, 0, 0, 0.144721851, 0.133572925, 0.142058813, -0.134966113, 0.877966963, 0.459035649, -0.0357666016, -0.467285156, 0.883300781, 0.990213705, 0.102813109, 0.0945157827, 0, -0, 0, 0, 0, 0, 0, 0.187402197, 0.105236035, 0.0663438477, -0.715986571, 0.509674492, -0.476835189, -0.426879883, -0.860229492, -0.278442383, -0.552108649, 0.00422637834, 0.833630113, 0, 1, 5, 1, 
148.337031, 20, 0.1, 0.1, 0.0498635256, 0.348966205, -0.034968397, 0.893137859, 0.449783019, 2.22469974e-005, 0.449783019, -0.893137859, -1.25736812e-005, 1.42142073e-005, 2.12363524e-005, -1, 0.893137882, 0.449782974, 1.82752068e-005, 0.449782975, -0.893137881, -2.28052111e-005, 6.06488381e-006, 2.85880748e-005, -1, 0, 0, 0, 0, 0, 0, 0, 0.144721851, 0.133572925, 0.142058813, -0.134966113, 0.877966963, 0.459035649, -0.0357666016, -0.467285156, 0.883300781, 0.990213705, 0.102813109, 0.0945157827, 0, -0, 0, 0, 0, 0, 0, 0.187402197, 0.105236035, 0.0663438477, -0.715986571, 0.509674492, -0.476835189, -0.426879883, -0.860229492, -0.278442383, -0.552108649, 0.00422637834, 0.833630113, 0, 1, 5, 1, 
148.337725, 20, 0.1, 0.1, 0.0498635234, 0.34896621, -0.0349683113, 0.893137648, 0.449783437, -2.84860624e-005, 0.449783438, -0.893137648, 1.44494459e-005, -1.89428533e-005, -2.57179032e-005, -0.999999999, 0.893137702, 0.449783332, -2.16000554e-005, 0.449783332, -0.893137701, 1.91001528e-005, -1.07008934e-005, -2.67744115e-005, -1, 0, 0, 0, 0, 0, 0, 0, 0.144721851, 0.133572925, 0.142058813, -0.134966113, 0.877966963, 0.459035649, -0.0357666016, -0.467285156, 0.883300781, 0.990213705, 0.102813109, 0.0945157827, 0, -0, 0, 0, 0, 0, 0, 0.187402197, 0.105236035, 0.0663438477, -0.715986571, 0.509674492, -0.476835189, -0.426879883, -0.860229492, -0.278442383, -0.552108649, 0.00422637834, 0.833630113, 0, 1, 5, 1, 
148.338418, 20, 0.1, 0.1, 0.0498635229, 0.348966207, -0.0349686467, 0.893137333, 0.449784063, 2.50669219e-005, 0.449784063, -0.893137333, -1.64447315e-005, 1.49916257e-005, 2.59621056e-005, -1, 0.893137403, 0.449783924, 1.54036687e-005, 0.449783925, -0.893137403, -1.63870534e-005, 6.38695948e-006, 2.15642128e-005, -1, 0, 0, 0, 0, 0, 0, 0, 0.144721851, 0.133572925, 0.142058813, -0.134966113, 0.877966963, 0.459035649, -0.0357666016, -0.467285156, 0.883300781, 0.990213705, 0.102813109, 0.0945157827, 0, -0, 0, 0, 0, 0, 0, 0.187402197, 0.105236035, 0.0663438477, -0.715986571, 0.509674492, -0.476835189, -0.426879883, -0.860229492, -0.278442383, -0.552108649, 0.00422637834, 0.833630113, 0, 1, 5, 1, 
148.339146, 20, 0.1, 0.1, 0.0498635239, 0.348966208, -0.0349690229, 0.893136963, 0.449784797, -2.65804486e-005, 0.449784798, -0.893136963, 1.89312396e-005, -1.52249974e-005, -2.88636716e-005, -0.999999999, 0.893137032, 0.449784663, -1.4678565e-005, 0.449784663, -0.893137031, 1.20145011e-005, -7.70603167e-006, -1.73327893e-005, -1, 0, 0, 0, 0, 0, 0, 0, 0.144557178, 0.132601001, 0.140418457, -0.138152163, 0.880728031, 0.452831666, -0.0408935547, -0.461914063, 0.885986328, 0.989605999, 0.103858902, 0.0998241148, 0, -0, 0, 0, 0, 0, 0, 0.187676221, 0.103963818, 0.0648720215, -0.713431674, 0.506071457, -0.484432817, -0.423950195, -0.862304688, -0.276489258, -0.557731769, 0.00814367891, 0.830008488, 0, 1, 5, 1, 
148.339842, 20, 0.1, 0.1, 0.04986352, 0.348966213, -0.0349694288, 0.89313667, 0.44978538, 1.66026277e-005, 0.44978538, -0.89313667, 2.36391157e-006, 1.58916684e-005, 5.35632308e-006, -1, 0.893136715, 0.44978529, 2.13215268e-006, 0.44978529, -0.893136715, 1.47680801e-005, 8.54676902e-006, -1.22309036e-005, -1, 0, 0, 0, 0, 0, 0, 0, 0.144557178, 0.132601001, 0.140418457, -0.138152163, 0.880728031, 0.452831666, -0.0408935547, -0.461914063, 0.885986328, 0.989605999, 0.103858902, 0.0998241148, 0, -0, 0, 0, 0, 0, 0, 0.187676221, 0.103963818, 0.0648720215, -0.713431674, 0.506071457, -0.484432817, -0.423950195, -0.862304688, -0.276489258, -0.557731769, 0.00814367891, 0.830008488, 0, 1, 5, 1, 
148.340538, 20, 0.1, 0.1, 0.0498635233, 0.348966208, -0.0349698768, 0.893136524, 0.449785671, -1.29060527e-005, 0.449785671, -0.893136524, -1.38966717e-005, -1.77773909e-005, 6.60666751e-006, -1, 0.89313654, 0.449785639, -6.4490724e-007, 0.449785639, -0.89313654, -2.02353766e-005, -9.677572e-006, 1.77828842e-005, -1, 0, 0, 0, 0, 0, 0, 0, 0.144557178, 0.132601001, 0.140418457, -0.138152163, 0.880728031, 0.452831666, -0.0408935547, -0.461914063, 0.885986328, 0.989605999, 0.103858902, 0.0998241148, 0, -0, 0, 0, 0, 0, 0, 0.187676221, 0.103963818, 0.0648720215, -0.713431674, 0.506071457, -0.484432817, -0.423950195, -0.862304688, -0.276489258, -0.557731769, 0.00814367891, 0.830008488, 0, 1, 5, 1, 
148.341235, 20, 0.1, 0.1, 0.049863519, 0.348966213, -0.0349702227, 0.893136543, 0.449785633, 5.69951453e-006, 0.449785632, -0.893136543, 1.84080593e-005, 1.33701253e-005, -1.38773507e-005, -1, 0.893136528, 0.449785663, -4.45167794e-006, 0.449785663, -0.893136528, 2.16975588e-005, 5.78329471e-006, -2.13811833e-005, -1, 0, 0, 0, 0, 0, 0, 0, 0.144557178, 0.132601001, 0.140418457, -0.138152163, 0.880728031, 0.452831666, -0.0408935547, -0.461914063, 0.885986328, 0.989605999, 0.103858902, 0.0998241148, 0, -0, 0, 0, 0, 0, 0, 0.187676221, 0.103963818, 0.0648720215, -0.713431674, 0.506071457, -0.484432817, -0.423950195, -0.862304688, -0.276489258, -0.557731769, 0.00814367891, 0.830008488, 0, 1, 5, 1, 
148.34196, 20, 0.1, 0.1, 0.0498635198, 0.348966212, -0.0349700953, 0.893136704, 0.449785313, -1.82147023e-005, 0.449785313, -0.893136704, -4.9055679e-006, -1.84746716e-005, -3.81136283e-006, -1, 0.893136663, 0.449785394, -7.46316364e-006, 0.449785394, -0.893136663, -9.57053568e-006, -1.09703122e-005, 5.19097431e-006, -1, 0, 0, 0, 0, 0, 0, 0, 0.144760767, 0.131624316, 0.137464404, -0.138532961, 0.883387627, 0.44750049, -0.0402832031, -0.456420898, 0.888793945, 0.989542719, 0.105044359, 0.098938203, 0, -0, 0, 0, 0, 0, 0, 0.188128076, 0.102903125, 0.0626820313, -0.712371509, 0.502372539, -0.489851413, -0.421630859, -0.864379883, -0.27331543, -0.560811651, 0.0118054165, 0.827843316, 0, 1, 5, 1, 
148.342657, 20, 0.1, 0.1, 0.0498635185, 0.348966212, -0.0349697866, 0.893136885, 0.449784954, 1.43039916e-005, 0.449784954, -0.893136885, 8.24639763e-006, 1.64845281e-005, -9.31441678e-007, -1, 0.893136858, 0.449785006, 8.40530367e-006, 0.449785006, -0.893136858, 9.50970178e-007, 7.93481864e-006, 2.93123305e-006, -1, 0, 0, 0, 0, 0, 0, 0, 0.144760767, 0.131624316, 0.137464404, -0.138532961, 0.883387627, 0.44750049, -0.0402832031, -0.456420898, 0.888793945, 0.989542719, 0.105044359, 0.098938203, 0, -0, 0, 0, 0, 0, 0, 0.188128076, 0.102903125, 0.0626820313, -0.712371509, 0.502372539, -0.489851413, -0.421630859, -0.864379883, -0.27331543, -0.560811651, 0.0118054165, 0.827843316, 0, 1, 5, 1, 
148.34335, 20, 0.1, 0.1, 0.0498635201, 0.348966212, -0.034969481, 0.893137002, 0.449784722, -9.77166362e-006, 0.449784722, -0.893137002, -1.27104071e-005, -1.44443813e-005, 6.95698987e-006, -1, 0.893136981, 0.449784764, -3.52669834e-006, 0.449784764, -0.893136981, -7.99456782e-006, -6.74565951e-006, 5.55398898e-006, -1, 0, 0, 0, 0, 0, 0, 0, 0.144760767, 0.131624316, 0.137464404, -0.138532961, 0.883387627, 0.44750049, -0.0402832031, -0.456420898, 0.888793945, 0.989542719, 0.105044359, 0.098938203, 0, -0, 0, 0, 0, 0, 0, 0.188128076, 0.102903125, 0.0626820313, -0.712371509, 0.502372539, -0.489851413, -0.421630859, -0.864379883, -0.27331543, -0.560811651, 0.0118054165, 0.827843316, 0, 1, 5, 1, 
148.344046, 20, 0.1, 0.1, 0.0498635194, 0.348966213, -0.0349692563, 0.893137155, 0.449784418, 1.76056223e-005, 0.449784418, -0.893137155, 8.06768356e-006, 1.93529538e-005, 7.13186638e-007, -1, 0.893137115, 0.449784497, 7.05127367e-006, 0.449784497, -0.893137115, 1.1289494e-005, 1.13755936e-005, -6.91151249e-006, -1, 0, 0, 0, 0, 0, 0, 0, 0.144760767, 0.131624316, 0.137464404, -0.138532961, 0.883387627, 0.44750049, -0.0402832031, -0.456420898, 0.888793945, 0.989542719, 0.105044359, 0.098938203, 0, -0, 0, 0, 0, 0, 0, 0.188128076, 0.102903125, 0.0626820313, -0.712371509, 0.502372539, -0.489851413, -0.421630859, -0.864379883, -0.27331543, -0.560811651, 0.0118054165, 0.827843316, 0, 1, 5, 1, 
148.344739, 20, 0.1, 0.1, 0.0498635212, 0.348966213, -0.0349692214, 0.893137339, 0.449784053, -1.28224605e-005, 0.449784053, -0.893137339, -7.25249665e-006, -1.47142756e-005, 7.10137308e-007, -1, 0.893137306, 0.449784118, -6.19172464e-006, 0.449784118, -0.893137306, -1.53527208e-006, -6.22060127e-006, -1.41373064e-006, -1, 0, 0, 0, 0, 0, 0, 0, 0.144760767, 0.131624316, 0.137464404, -0.138532961, 0.883387627, 0.44750049, -0.0402832031, -0.456420898, 0.888793945, 0.989542719, 0.105044359, 0.098938203, 0, -0, 0, 0, 0, 0, 0, 0.188128076, 0.102903125, 0.0626820313, -0.712371509, 0.502372539, -0.489851413, -0.421630859, -0.864379883, -0.27331543, -0.560811651, 0.0118054165, 0.827843316, 0, 1, 5, 1, 
148.345433, 20, 0.1, 0.1, 0.049863521, 0.348966212, -0.034969346, 0.893137489, 0.449783754, 1.66821224e-005, 0.449783754, -0.893137489, 3.09660825e-006, 1.6292233e-005, 4.73765073e-006, -1, 0.893137468, 0.449783795, 1.15907708e-005, 0.449783795, -0.893137468, -3.73592546e-006, 8.67179292e-006, 8.55003588e-006, -1, 0, 0, 0, 0, 0, 0, 0, 0.144760767, 0.131624316, 0.137464404, -0.138532961, 0.883387627, 0.44750049, -0.0402832031, -0.456420898, 0.888793945, 0.989542719, 0.105044359, 0.098938203, 0, -0, 0, 0, 0, 0, 0, 0.188128076, 0.102903125, 0.0626820313, -0.712371509, 0.502372539, -0.489851413, -0.421630859, -0.864379883, -0.27331543, -0.560811651, 0.0118054165, 0.827843316, 0, 1, 5, 1, 
148.346126, 20, 0.1, 0.1, 0.0498635212, 0.348966213, -0.0349695868, 0.893137537, 0.449783659, -1.4483038e-005, 0.449783658, -0.893137537, -1.202039e-005, -1.83419199e-005, 4.22162767e-006, -1, 0.89313753, 0.449783674, -7.96501959e-006, 0.449783674, -0.89313753, -6.35918541e-006, -9.9741157e-006, 2.09709138e-006, -1, 0, 0, 0, 0, 0, 0, 0, 0.144760767, 0.131624316, 0.137464404, -0.138532961, 0.883387627, 0.44750049, -0.0402832031, -0.456420898, 0.888793945, 0.989542719, 0.105044359, 0.098938203, 0, -0, 0, 0, 0, 0, 0, 0.188128076, 0.102903125, 0.0626820313, -0.712371509, 0.502372539, -0.489851413, -0.421630859, -0.864379883, -0.27331543, -0.560811651, 0.0118054165, 0.827843316, 0, 1, 5, 1, 
148.346862, 20, 0.1, 0.1, 0.0498635193, 0.348966214, -0.0349696169, 0.893137632, 0.44978347, 1.55088341e-005, 0.44978347, -0.893137632, 5.42714255e-006, 1.62925623e-005, 2.12843194e-006, -1, 0.893137604, 0.449783526, 4.97764765e-006, 0.449783526, -0.893137604, 9.38856213e-006, 8.66854487e-006, -6.14641397e-006, -1, 0, 0, 0, 0, 0, 0, 0, 0.144334497, 0.131352759, 0.135259399, -0.146789956, 0.886449362, 0.438873176, -0.0452880859, -0.44921875, 0.892333984, 0.988131476, 0.1111098, 0.106113456, 0, -0, 0, 0, 0, 0, 0, 0.188396973, 0.101812646, 0.060938623, -0.709778333, 0.498162496, -0.498005009, -0.41809082, -0.866821289, -0.271362305, -0.566798976, 0.0156589179, 0.823672285, 0, 1, 5, 1, 
148.347558, 20, 0.1, 0.1, 0.0498635195, 0.348966214, -0.0349693905, 0.893137752, 0.449783231, -1.81356913e-005, 0.449783231, -0.893137752, -4.38578306e-006, -1.81703222e-005, -4.24002141e-006, -1, 0.893137738, 0.44978326, -1.23053175e-005, 0.44978326, -0.893137738, 2.30438167e-006, -9.95387113e-006, -7.59285605e-006, -1, 0, 0, 0, 0, 0, 0, 0, 0.144334497, 0.131352759, 0.135259399, -0.146789956, 0.886449362, 0.438873176, -0.0452880859, -0.44921875, 0.892333984, 0.988131476, 0.1111098, 0.106113456, 0, -0, 0, 0, 0, 0, 0, 0.188396973, 0.101812646, 0.060938623, -0.709778333, 0.498162496, -0.498005009, -0.41809082, -0.866821289, -0.271362305, -0.566798976, 0.0156589179, 0.823672285, 0, 1, 5, 1, 
148.348251, 20, 0.1, 0.1, 0.0498635184, 0.348966213, -0.0349692859, 0.893137775, 0.449783187, 1.09006823e-005, 0.449783187, -0.893137775, 1.17947195e-005, 1.50408777e-005, -5.63136594e-006, -1, 0.893137772, 0.449783193, 4.56514997e-006, 0.449783193, -0.893137772, 5.98488813e-006, 6.76920996e-006, -3.29200192e-006, -1, 0, 0, 0, 0, 0, 0, 0, 0.144334497, 0.131352759, 0.135259399, -0.146789956, 0.886449362, 0.438873176, -0.0452880859, -0.44921875, 0.892333984, 0.988131476, 0.1111098, 0.106113456, 0, -0, 0, 0, 0, 0, 0, 0.188396973, 0.101812646, 0.060938623, -0.709778333, 0.498162496, -0.498005009, -0.41809082, -0.866821289, -0.271362305, -0.566798976, 0.0156589179, 0.823672285, 0, 1, 5, 1, 
148.348948, 20, 0.1, 0.1, 0.0498635194, 0.348966213, -0.0349693162, 0.893137839, 0.449783059, -1.67049162e-005, 0.449783059, -0.893137839, -4.42689697e-006, -1.6910936e-005, -3.55975912e-006, -1, 0.893137816, 0.449783106, -5.92179555e-006, 0.449783106, -0.893137816, -8.43875723e-006, -9.08458998e-006, 4.8734496e-006, -1, 0, 0, 0, 0, 0, 0, 0, 0.144334497, 0.131352759, 0.135259399, -0.146789956, 0.886449362, 0.438873176, -0.0452880859, -0.44921875, 0.892333984, 0.988131476, 0.1111098, 0.106113456, 0, -0, 0, 0, 0, 0, 0, 0.188396973, 0.101812646, 0.060938623, -0.709778333, 0.498162496, -0.498005009, -0.41809082, -0.866821289, -0.271362305, -0.566798976, 0.0156589179, 0.823672285, 0, 1, 5, 1, 
148.349654, 20, 0.1, 0.1, 0.049863519, 0.348966212, -0.0349693652, 0.893137936, 0.449782866, 1.76459275e-005, 0.449782866, -0.893137936, 5.17922099e-006, 1.80897722e-005, 3.31107712e-006, -1, 0.893137926, 0.449782886, 1.17796962e-005, 0.449782886, -0.893137926, -1.58271823e-006, 9.80901387e-006, 6.71189143e-006, -1, 0, 0, 0, 0, 0, 0, 0, 0.144334497, 0.131352759, 0.135259399, -0.146789956, 0.886449362, 0.438873176, -0.0452880859, -0.44921875, 0.892333984, 0.988131476, 0.1111098, 0.106113456, 0, -0, 0, 0, 0, 0, 0, 0.188920605, 0.100307178, 0.0589868652, -0.70668679, 0.494450819, -0.505903043, -0.415039062, -0.868896484, -0.26953125, -0.572856662, 0.0194420571, 0.819405372, 0, 1, 5, 1, 
148.350347, 20, 0.1, 0.1, 0.04986352, 0.348966213, -0.0349694744, 0.893137938, 0.449782863, -1.14052597e-005, 0.449782863, -0.893137938, -1.10721813e-005, -1.51665476e-005, 4.75909482e-006, -1, 0.893137939, 0.449782861, -5.06127889e-006, 0.449782861, -0.893137939, -5.26269008e-006, -6.887488e-006, 2.42383167e-006, -1, 0, 0, 0, 0, 0, 0, 0, 0.144334497, 0.131352759, 0.135259399, -0.146789956, 0.886449362, 0.438873176, -0.0452880859, -0.44921875, 0.892333984, 0.988131476, 0.1111098, 0.106113456, 0, -0, 0, 0, 0, 0, 0, 0.188920605, 0.100307178, 0.0589868652, -0.70668679, 0.494450819, -0.505903043, -0.415039062, -0.868896484, -0.26953125, -0.572856662, 0.0194420571, 0.819405372, 0, 1, 5, 1, 
148.351045, 20, 0.1, 0.1, 0.0498635188, 0.348966214, -0.0349696323, 0.893137983, 0.449782773, 1.58796794e-005, 0.449782773, -0.893137983, 4.94096427e-006, 1.64051055e-005, 2.72944338e-006, -1, 0.893137964, 0.449782812, 5.23585636e-006, 0.449782812, -0.893137964, 8.92942855e-006, 8.69264558e-006, -5.62021344e-006, -1, 0, 0, 0, 0, 0, 0, 0, 0.144334497, 0.131352759, 0.135259399, -0.146789956, 0.886449362, 0.438873176, -0.0452880859, -0.44921875, 0.892333984, 0.988131476, 0.1111098, 0.106113456, 0, -0, 0, 0, 0, 0, 0, 0.188920605, 0.100307178, 0.0589868652, -0.70668679, 0.494450819, -0.505903043, -0.415039062, -0.868896484, -0.26953125, -0.572856662, 0.0194420571, 0.819405372, 0, 1, 5, 1, 
148.351753, 20, 0.1, 0.1, 0.0498635192, 0.348966215, -0.034969673, 0.893138064, 0.449782613, -1.7909979e-005, 0.449782613, -0.893138064, -4.65862692e-006, -1.80914534e-005, -3.89480013e-006, -1, 0.893138057, 0.449782627, -1.22591303e-005, 0.449782627, -0.893138057, 1.95623511e-006, -1.00692153e-005, -7.26113186e-006, -1, 0, 0, 0, 0, 0, 0, 0, 0.144279907, 0.130174316, 0.133077466, -0.152159324, 0.889414494, 0.430709035, -0.0512695312, -0.442382813, 0.895385742, 0.987004429, 0.114224335, 0.113091758, 0, -0, 0, 0, 0, 0, 0, 0.188920605, 0.100307178, 0.0589868652, -0.70668679, 0.494450819, -0.505903043, -0.415039062, -0.868896484, -0.26953125, -0.572856662, 0.0194420571, 0.819405372, 0, 1, 5, 1, 
148.352445, 20, 0.1, 0.1, 0.0498635181, 0.348966213, -0.0349697016, 0.893138051, 0.449782638, 1.11590026e-005, 0.449782638, -0.893138051, 1.12673893e-005, 1.5034406e-005, -5.04420851e-006, -1, 0.893138055, 0.44978263, 4.78467031e-006, 0.44978263, -0.893138055, 5.51368717e-006, 6.75333186e-006, -2.77242224e-006, -1, 0, 0, 0, 0, 0, 0, 0, 0.144279907, 0.130174316, 0.133077466, -0.152159324, 0.889414494, 0.430709035, -0.0512695312, -0.442382813, 0.895385742, 0.987004429, 0.114224335, 0.113091758, 0, -0, 0, 0, 0, 0, 0, 0.188920605, 0.100307178, 0.0589868652, -0.70668679, 0.494450819, -0.505903043, -0.415039062, -0.868896484, -0.26953125, -0.572856662, 0.0194420571, 0.819405372, 0, 1, 5, 1, 
148.353141, 20, 0.1, 0.1, 0.0498635194, 0.348966213, -0.0349697159, 0.893138084, 0.449782573, -1.55893122e-005, 0.449782573, -0.893138084, -4.84461176e-006, -1.61024304e-005, -2.6848937e-006, -1, 0.893138067, 0.449782606, -5.10923972e-006, 0.449782606, -0.893138067, -8.75533607e-006, -8.50125436e-006, 5.52167677e-006, -1, 0, 0, 0, 0, 0, 0, 0, 0.144279907, 0.130174316, 0.133077466, -0.152159324, 0.889414494, 0.430709035, -0.0512695312, -0.442382813, 0.895385742, 0.987004429, 0.114224335, 0.113091758, 0, -0, 0, 0, 0, 0, 0, 0.188920605, 0.100307178, 0.0589868652, -0.70668679, 0.494450819, -0.505903043, -0.415039062, -0.868896484, -0.26953125, -0.572856662, 0.0194420571, 0.819405372, 0, 1, 5, 1, 
148.353839, 20, 0.1, 0.1, 0.0498635191, 0.348966212, -0.034969732, 0.893138151, 0.44978244, 1.7797477e-005, 0.44978244, -0.893138151, 4.99507024e-006, 1.81423006e-005, 3.54370482e-006, -1, 0.893138146, 0.449782449, 1.20736332e-005, 0.449782449, -0.893138146, -1.61411462e-006, 1.0057422e-005, 6.87213566e-006, -1, 0, 0, 0, 0, 0, 0, 0, 0.144279907, 0.130174316, 0.133077466, -0.152159324, 0.889414494, 0.430709035, -0.0512695312, -0.442382813, 0.895385742, 0.987004429, 0.114224335, 0.113091758, 0, -0, 0, 0, 0, 0, 0, 0.188920605, 0.100307178, 0.0589868652, -0.70668679, 0.494450819, -0.505903043, -0.415039062, -0.868896484, -0.26953125, -0.572856662, 0.0194420571, 0.819405372, 0, 1, 5, 1, 
148.35456, 20, 0.1, 0.1, 0.0498635202, 0.348966214, -0.0349694073, 0.893138123, 0.449782495, -1.18441425e-005, 0.449782495, -0.893138123, -1.06887491e-005, -1.53860675e-005, 4.21924135e-006, -1, 0.89313813, 0.449782482, -5.48693986e-006, 0.449782482, -0.89313813, -4.79202001e-006, -7.05596185e-006, 1.81200636e-006, -1, 0, 0, 0, 0, 0, 0, 0, 0.144365576, 0.129008081, 0.129793604, -0.154824912, 0.892620762, 0.42322075, -0.0515136719, -0.435058594, 0.898925781, 0.986561474, 0.117300679, 0.113412642, 0, -0, 0, 0, 0, 0, 0, 0.189612061, 0.0990132324, 0.0567651367, -0.705198621, 0.49064326, -0.511634804, -0.412475586, -0.870849609, -0.266723633, -0.576505273, 0.0229696332, 0.816716314, 0, 1, 5, 1, 
148.355257, 20, 0.1, 0.1, 0.0498635189, 0.348966215, -0.0349691442, 0.893138143, 0.449782455, 1.58851811e-005, 0.449782455, -0.893138143, 5.14613751e-006, 1.65023036e-005, 2.54866408e-006, -1, 0.893138128, 0.449782485, 5.10114336e-006, 0.449782485, -0.893138128, 9.26022541e-006, 8.72111282e-006, -5.97625546e-006, -1, 0, 0, 0, 0, 0, 0, 0, 0.144365576, 0.129008081, 0.129793604, -0.154824912, 0.892620762, 0.42322075, -0.0515136719, -0.435058594, 0.898925781, 0.986561474, 0.117300679, 0.113412642, 0, -0, 0, 0, 0, 0, 0, 0.189612061, 0.0990132324, 0.0567651367, -0.705198621, 0.49064326, -0.511634804, -0.412475586, -0.870849609, -0.266723633, -0.576505273, 0.0229696332, 0.816716314, 0, 1, 5, 1, 
148.355954, 20, 0.1, 0.1, 0.0498635193, 0.348966215, -0.0349690436, 0.8931382, 0.449782342, -1.77711348e-005, 0.449782342, -0.8931382, -5.17857113e-006, -1.82013092e-005, -3.36796291e-006, -1, 0.893138198, 0.449782347, -1.19796884e-005, 0.449782347, -0.893138198, 1.62755799e-006, -9.96747047e-006, -6.84188658e-006, -1, 0, 0, 0, 0, 0, 0, 0, 0.144365576, 0.129008081, 0.129793604, -0.154824912, 0.892620762, 0.42322075, -0.0515136719, -0.435058594, 0.898925781, 0.986561474, 0.117300679, 0.113412642, 0, -0, 0, 0, 0, 0, 0, 0.189612061, 0.0990132324, 0.0567651367, -0.705198621, 0.49064326, -0.511634804, -0.412475586, -0.870849609, -0.266723633, -0.576505273, 0.0229696332, 0.816716314, 0, 1, 5, 1, 
148.35665, 20, 0.1, 0.1, 0.0498635184, 0.348966214, -0.0349691481, 0.893138167, 0.449782409, 1.18784201e-005, 0.449782409, -0.893138167, 1.096239e-005, 1.55397605e-005, -4.44822453e-006, -1, 0.893138174, 0.449782393, 5.39420735e-006, 0.449782393, -0.893138174, 5.10330859e-006, 7.11315086e-006, -2.13174022e-006, -1, 0, 0, 0, 0, 0, 0, 0, 0.144365576, 0.129008081, 0.129793604, -0.154824912, 0.892620762, 0.42322075, -0.0515136719, -0.435058594, 0.898925781, 0.986561474, 0.117300679, 0.113412642, 0, -0, 0, 0, 0, 0, 0, 0.189612061, 0.0990132324, 0.0567651367, -0.705198621, 0.49064326, -0.511634804, -0.412475586, -0.870849609, -0.266723633, -0.576505273, 0.0229696332, 0.816716314, 0, 1, 5, 1, 
148.357344, 20, 0.1, 0.1, 0.0498635199, 0.348966213, -0.0349694071, 0.893138181, 0.44978238, -1.53865249e-005, 0.44978238, -0.893138181, -5.30980634e-006, -1.61305502e-005, -2.17819703e-006, -1, 0.893138167, 0.449782407, -4.70194268e-006, 0.449782407, -0.893138167, -9.26433434e-006, -8.36641907e-006, 6.1594795e-006, -1, 0, 0, 0, 0, 0, 0, 0, 0.144365576, 0.129008081, 0.129793604, -0.154824912, 0.892620762, 0.42322075, -0.0515136719, -0.435058594, 0.898925781, 0.986561474, 0.117300679, 0.113412642, 0, -0, 0, 0, 0, 0, 0, 0.189612061, 0.0990132324, 0.0567651367, -0.705198621, 0.49064326, -0.511634804, -0.412475586, -0.870849609, -0.266723633, -0.576505273, 0.0229696332, 0.816716314, 0, 1, 5, 1, 
148.358042, 20, 0.1, 0.1, 0.0498635196, 0.348966212, -0.0349697328, 0.893138233, 0.449782277, 1.75466516e-005, 0.449782277, -0.893138233, 4.441659e-006, 1.76693649e-005, 3.92515745e-006, -1, 0.893138231, 0.449782281, 1.17824863e-005, 0.449782281, -0.893138231, -2.24444058e-006, 9.51387935e-006, 7.30414924e-006, -1, 0, 0, 0, 0, 0, 0, 0, 0.144365576, 0.129008081, 0.129793604, -0.154824912, 0.892620762, 0.42322075, -0.0515136719, -0.435058594, 0.898925781, 0.986561474, 0.117300679, 0.113412642, 0, -0, 0, 0, 0, 0, 0, 0.189612061, 0.0990132324, 0.0567651367, -0.705198621, 0.49064326, -0.511634804, -0.412475586, -0.870849609, -0.266723633, -0.576505273, 0.0229696332, 0.816716314, 0, 1, 5, 1, 
148.358752, 20, 0.1, 0.1, 0.0498635205, 0.348966213, -0.0349699574, 0.893138195, 0.449782352, -1.17701571e-005, 0.449782352, -0.893138195, -1.16992556e-005, -1.57744956e-005, 5.15504311e-006, -1, 0.893138204, 0.449782334, -4.90272187e-006, 0.449782334, -0.893138204, -5.45386636e-006, -6.83186095e-006, 2.66589872e-006, -1, 0, 0, 0, 0, 0, 0, 0, 0.144365576, 0.129008081, 0.129793604, -0.162479069, 0.895828151, 0.413324482, -0.0577392578, -0.426879883, 0.90246582, 0.985054751, 0.122725091, 0.121159654, 0, -0, 0, 0, 0, 0, 0, 0.189612061, 0.0990132324, 0.0567651367, -0.705198621, 0.49064326, -0.511634804, -0.412475586, -0.870849609, -0.266723633, -0.576505273, 0.0229696332, 0.816716314, 0, 1, 5, 1, 
148.35946, 20, 0.1, 0.1, 0.049863519, 0.348966214, -0.0349697824, 0.893138208, 0.449782327, 1.5073182e-005, 0.449782327, -0.893138208, 4.53307733e-006, 1.55013328e-005, 2.73098632e-006, -1, 0.893138195, 0.449782353, 4.58534226e-006, 0.449782353, -0.893138195, 8.41795196e-006, 7.88159055e-006, -5.45598838e-006, -1, 0, 0, 0, 0, 0, 0, 0, 0.143969824, 0.128295532, 0.127079004, -0.162479069, 0.895828151, 0.413324482, -0.0577392578, -0.426879883, 0.90246582, 0.985054751, 0.122725091, 0.121159654, 0, -0, 0, 0, 0, 0, 0, 0.190132031, 0.0976812012, 0.0545151855, -0.701896358, 0.486203173, -0.520440252, -0.408569336, -0.873291016, -0.265014648, -0.583400011, 0.0266762134, 0.811740315, 0, 1, 5, 1, 
148.360154, 20, 0.1, 0.1, 0.0498635193, 0.348966214, -0.0349696228, 0.893138257, 0.449782229, -1.75797906e-005, 0.449782229, -0.893138257, -5.08932817e-006, -1.79902729e-005, -3.36160372e-006, -1, 0.893138256, 0.449782232, -1.19321313e-005, 0.449782232, -0.893138256, 1.51094954e-006, -9.97744468e-006, -6.71634748e-006, -1, 0, 0, 0, 0, 0, 0, 0, 0.143969824, 0.128295532, 0.127079004, -0.162479069, 0.895828151, 0.413324482, -0.0577392578, -0.426879883, 0.90246582, 0.985054751, 0.122725091, 0.121159654, 0, -0, 0, 0, 0, 0, 0, 0.190132031, 0.0976812012, 0.0545151855, -0.701896358, 0.486203173, -0.520440252, -0.408569336, -0.873291016, -0.265014648, -0.583400011, 0.0266762134, 0.811740315, 0, 1, 5, 1, 
148.360854, 20, 0.1, 0.1, 0.0498635184, 0.348966213, -0.0349694657, 0.893138218, 0.449782307, 1.20633172e-005, 0.449782307, -0.893138218, 1.15022563e-005, 1.5947721e-005, -4.84723802e-006, -1, 0.893138226, 0.44978229, 5.61549294e-006, 0.44978229, -0.893138227, 5.6060535e-006, 7.53691498e-006, -2.48123141e-006, -1, 0, 0, 0, 0, 0, 0, 0, 0.143969824, 0.128295532, 0.127079004, -0.162479069, 0.895828151, 0.413324482, -0.0577392578, -0.426879883, 0.90246582, 0.985054751, 0.122725091, 0.121159654, 0, -0, 0, 0, 0, 0, 0, 0.190132031, 0.0976812012, 0.0545151855, -0.701896358, 0.486203173, -0.520440252, -0.408569336, -0.873291016, -0.265014648, -0.583400011, 0.0266762134, 0.811740315, 0, 1, 5, 1, 
148.361548, 20, 0.1, 0.1, 0.0498635199, 0.348966212, -0.0349693789, 0.893138227, 0.449782289, -1.54602985e-005, 0.449782289, -0.893138227, -4.43013608e-006, -1.58007803e-005, -2.99704454e-006, -1, 0.893138214, 0.449782314, -4.76129045e-006, 0.449782314, -0.893138214, -8.44018307e-006, -8.04873553e-006, 5.3967058e-006, -1, 0, 0, 0, 0, 0, 0, 0, 0.143969824, 0.128295532, 0.127079004, -0.162479069, 0.895828151, 0.413324482, -0.0577392578, -0.426879883, 0.90246582, 0.985054751, 0.122725091, 0.121159654, 0, -0, 0, 0, 0, 0, 0, 0.190132031, 0.0976812012, 0.0545151855, -0.701896358, 0.486203173, -0.520440252, -0.408569336, -0.873291016, -0.265014648, -0.583400011, 0.0266762134, 0.811740315, 0, 1, 5, 1, 
148.362244, 20, 0.1, 0.1, 0.0498635195, 0.348966212, -0.0349693781, 0.893138274, 0.449782195, 1.75841108e-005, 0.449782195, -0.893138274, 5.44264172e-006, 1.81530457e-005, 3.04798831e-006, -1, 0.893138273, 0.449782197, 1.18234993e-005, 0.449782197, -0.893138273, -1.22864161e-006, 1.00073986e-005, 6.41534632e-006, -1, 0, 0, 0, 0, 0, 0, 0, 0.143969824, 0.128295532, 0.127079004, -0.162479069, 0.895828151, 0.413324482, -0.0577392578, -0.426879883, 0.90246582, 0.985054751, 0.122725091, 0.121159654, 0, -0, 0, 0, 0, 0, 0, 0.190132031, 0.0976812012, 0.0545151855, -0.701896358, 0.486203173, -0.520440252, -0.408569336, -0.873291016, -0.265014648, -0.583400011, 0.0266762134, 0.811740315, 0, 1, 5, 1, 
148.36295, 20, 0.1, 0.1, 0.0498635204, 0.348966213, -0.0349694037, 0.893138231, 0.44978228, -1.22535234e-005, 0.44978228, -0.893138232, -1.16140197e-005, -1.61678705e-005, 4.86150732e-006, -1, 0.893138241, 0.449782261, -5.95723662e-006, 0.449782261, -0.893138241, -5.83194054e-006, -7.94373924e-006, 2.52926976e-006, -1, 0, 0, 0, 0, 0, 0, 0, 0.143969824, 0.128295532, 0.127079004, -0.162479069, 0.895828151, 0.413324482, -0.0577392578, -0.426879883, 0.90246582, 0.985054751, 0.122725091, 0.121159654, 0, -0, 0, 0, 0, 0, 0, 0.190132031, 0.0976812012, 0.0545151855, -0.701896358, 0.486203173, -0.520440252, -0.408569336, -0.873291016, -0.265014648, -0.583400011, 0.0266762134, 0.811740315, 0, 1, 5, 1, 
148.363654, 20, 0.1, 0.1, 0.0498635191, 0.348966214, -0.034969406, 0.893138239, 0.449782265, 1.64002866e-005, 0.449782265, -0.893138239, 4.75906801e-006, 1.67882675e-005, 3.12605243e-006, -1, 0.893138226, 0.44978229, 5.7575676e-006, 0.44978229, -0.893138226, 8.72508568e-006, 9.06669273e-006, -5.20305561e-006, -1, 0, 0, 0, 0, 0, 0, 0, 0.143873242, 0.127125146, 0.124399683, -0.168648226, 0.89890786, 0.404132523, -0.064453125, -0.419189453, 0.905639648, 0.98356001, 0.126563031, 0.128671522, 0, -0, 0, 0, 0, 0, 0, 0.190132031, 0.0976812012, 0.0545151855, -0.69822989, 0.482178331, -0.528977376, -0.404785156, -0.875366211, -0.263793945, -0.59025647, 0.0299354667, 0.806547032, 0, 1, 5, 1, 
148.364361, 20, 0.1, 0.1, 0.04986352, 0.348966214, -0.034969258, 0.893138286, 0.449782172, -1.68351091e-005, 0.449782172, -0.893138286, -5.22406413e-006, -1.73857713e-005, -2.90632024e-006, -1, 0.893138285, 0.449782173, -1.08324262e-005, 0.449782173, -0.893138285, 1.47265067e-006, -9.01248255e-006, -6.18751289e-006, -1, 0, 0, 0, 0, 0, 0, 0, 0.143873242, 0.127125146, 0.124399683, -0.168648226, 0.89890786, 0.404132523, -0.064453125, -0.419189453, 0.905639648, 0.98356001, 0.126563031, 0.128671522, 0, -0, 0, 0, 0, 0, 0, 0.190676904, 0.0961439941, 0.0525016602, -0.69822989, 0.482178331, -0.528977376, -0.404785156, -0.875366211, -0.263793945, -0.59025647, 0.0299354667, 0.806547032, 0, 1, 5, 1, 
148.365056, 20, 0.1, 0.1, 0.0498635191, 0.348966213, -0.0349692724, 0.893138243, 0.449782256, 1.15122451e-005, 0.449782256, -0.893138243, 1.11596155e-005, 1.53014235e-005, -4.78907581e-006, -1, 0.893138253, 0.449782238, 5.35248357e-006, 0.449782238, -0.893138253, 5.33484456e-006, 7.18002615e-006, -2.35730171e-006, -1, 0, 0, 0, 0, 0, 0, 0, 0.143873242, 0.127125146, 0.124399683, -0.168648226, 0.89890786, 0.404132523, -0.064453125, -0.419189453, 0.905639648, 0.98356001, 0.126563031, 0.128671522, 0, -0, 0, 0, 0, 0, 0, 0.190676904, 0.0961439941, 0.0525016602, -0.69822989, 0.482178331, -0.528977376, -0.404785156, -0.875366211, -0.263793945, -0.59025647, 0.0299354667, 0.806547032, 0, 1, 5, 1, 
