time, trialNum, realDorsalTactorPos, realVentralTactorPos, boxPosX, boxPosY, boxPosZ, boxLocalRot_11, boxLocalRot_12, boxLocalRot_13, boxLocalRot_21, boxLocalRot_22, boxLocalRot_23, boxLocalRot_31, boxLocalRot_32, boxLocalRot_33, boxGlobalRot_11, boxGlobalRot_12, boxGlobalRot_13, boxGlobalRot_21, boxGlobalRot_22, boxGlobalRot_23, boxGlobalRot_31, boxGlobalRot_32, boxGlobalRot_33, indexForceX, indexForceY, indexForceZ, indexForceGlobalX, indexForceGlobalY, indexForceGlobalZ, indexContact, indexPosX, indexPosY, indexPosZ, indexRot_11, indexRot_12, indexRot_13, indexRot_21, indexRot_22, indexRot_23, indexRot_31, indexRot_32, indexRot_33, thumbForceX, thumbForceY, thumbForceZ, thumbForceGlobalX, thumbForceGlobalY, thumbForceGlobalZ, thumbContact, thumbPosX, thumbPosY, thumbPosZ, thumbRot_11, thumbRot_12, thumbRot_13, thumbRot_21, thumbRot_22, thumbRot_23, thumbRot_31, thumbRot_32, thumbRot_33, manipForceTooHigh, cceExpType, mapping, trialSuccess, 
204.094599, 12, 0.1, 0.1, 0.0142768121, 0.374295211, -0.0349710294, 0.946158866, -0.323702641, 7.39303395e-006, 0.323702641, 0.946158866, 1.55531985e-007, -7.04533074e-006, 2.24598665e-006, 1, 0.946158869, -0.323702632, 3.90158393e-006, 0.323702632, 0.946158869, 4.21947867e-006, -5.05737459e-006, -2.72934418e-006, 1, 0, 0, 0, 0, 0, 0, 0, 0.258879175, -0.10232395, -0.181621484, -0.0425033676, 0.728478044, -0.683693984, -0.824462891, 0.360961914, 0.435791016, 0.564255088, 0.582296882, 0.585351355, 0, -0, 0, 0, 0, 0, 0, 0.351812793, -0.116159717, -0.165279346, 0.190438292, -0.0117317198, -0.981554215, -0.556274414, -0.825073242, -0.0981445312, -0.808742906, 0.564733582, -0.163677661, 0, 1, 1, 1, 
204.143884, 12, 0.1, 0.1, 0.0142768288, 0.374295205, -0.03496268, 0.946129548, -0.323788324, -2.16957172e-005, 0.323788324, 0.946129548, -3.32375708e-006, 2.16031528e-005, -3.88011511e-006, 1, 0.946129612, -0.323788137, -1.14880279e-005, 0.323788137, 0.946129612, -3.19829947e-006, 1.19047348e-005, -6.93681299e-007, 1, 0, 0, 0, 0, 0, 0, 0, 0.262858276, -0.108984106, -0.1777646, -0.055929031, 0.728735648, -0.682444127, -0.828735352, 0.347290039, 0.438720703, 0.556741333, 0.590165965, 0.58465903, 0, -0, 0, 0, 0, 0, 0, 0.356067969, -0.120530176, -0.161445898, 0.19948944, 0.00148389569, -0.979823243, -0.527099609, -0.842651367, -0.108520508, -0.825957513, 0.538260004, -0.167300753, 0, 1, 1, 1, 
204.144578, 12, 0.1, 0.1, 0.0142768294, 0.374295207, -0.0349620978, 0.946129213, -0.323789302, 1.88785982e-005, 0.323789302, 0.946129213, 9.6442955e-006, -2.0984313e-005, -3.01206158e-006, 1, 0.946129286, -0.323789088, 1.26785599e-005, 0.323789088, 0.946129286, -3.7739875e-006, -1.07735809e-005, 7.67585945e-006, 1, 0, 0, 0, 0, 0, 0, 0, 0.262858276, -0.108984106, -0.1777646, -0.055929031, 0.728735648, -0.682444127, -0.828735352, 0.347290039, 0.438720703, 0.556741333, 0.590165965, 0.58465903, 0, -0, 0, 0, 0, 0, 0, 0.356067969, -0.120530176, -0.161445898, 0.19948944, 0.00148389569, -0.979823243, -0.527099609, -0.842651367, -0.108520508, -0.825957513, 0.538260004, -0.167300753, 0, 1, 1, 1, 
204.145299, 12, 0.1, 0.1, 0.0142768273, 0.374295207, -0.0349635211, 0.94612887, -0.323790305, -1.64800212e-005, 0.323790305, 0.94612887, -8.79337931e-006, 1.84394348e-005, 2.98359893e-006, 1, 0.946128925, -0.323790144, -5.84476872e-006, 0.323790144, 0.946128925, -9.49260075e-006, 8.6035153e-006, 7.08874564e-006, 1, 0, 0, 0, 0, 0, 0, 0, 0.262983374, -0.109248242, -0.177133447, -0.0577637515, 0.727816414, -0.68316154, -0.829589844, 0.345703125, 0.438476563, 0.555301637, 0.592165437, 0.584031105, 0, -0, 0, 0, 0, 0, 0, 0.356497119, -0.120558008, -0.161004541, 0.199802239, 0.00205845427, -0.979784964, -0.523925781, -0.844604492, -0.108642578, -0.827765777, 0.535129082, -0.167664957, 0, 1, 1, 1, 
204.145995, 12, 0.1, 0.1, 0.0142768291, 0.374295205, -0.0349665949, 0.946128651, -0.323790945, 1.77240208e-005, 0.323790945, 0.946128651, 2.63651057e-006, -1.76228822e-005, 3.24439926e-006, 1, 0.946128691, -0.323790827, 8.2032374e-006, 0.323790827, 0.946128691, 2.26034796e-006, -8.4931982e-006, 5.17552968e-007, 1, 0, 0, 0, 0, 0, 0, 0, 0.262983374, -0.109248242, -0.177133447, -0.0577637515, 0.727816414, -0.68316154, -0.829589844, 0.345703125, 0.438476563, 0.555301637, 0.592165437, 0.584031105, 0, -0, 0, 0, 0, 0, 0, 0.356497119, -0.120558008, -0.161004541, 0.199802239, 0.00205845427, -0.979784964, -0.523925781, -0.844604492, -0.108642578, -0.827765777, 0.535129082, -0.167664957, 0, 1, 1, 1, 
204.146687, 12, 0.1, 0.1, 0.0142768278, 0.374295203, -0.0349703928, 0.946128428, -0.323791595, -1.26803091e-005, 0.323791595, 0.946128428, -5.44046309e-006, 1.37587771e-005, 1.04159929e-006, 1, 0.946128478, -0.323791449, -7.72396153e-006, 0.323791449, 0.946128478, 5.02616387e-006, 5.68043109e-006, -7.25634947e-006, 1, 0, 0, 0, 0, 0, 0, 0, 0.262983374, -0.109248242, -0.177133447, -0.0577637515, 0.727816414, -0.68316154, -0.829589844, 0.345703125, 0.438476563, 0.555301637, 0.592165437, 0.584031105, 0, -0, 0, 0, 0, 0, 0, 0.356497119, -0.120558008, -0.161004541, 0.199802239, 0.00205845427, -0.979784964, -0.523925781, -0.844604492, -0.108642578, -0.827765777, 0.535129082, -0.167664957, 0, 1, 1, 1, 
204.147389, 12, 0.1, 0.1, 0.014276829, 0.374295203, -0.0349737353, 0.946128201, -0.323792259, 1.18334601e-005, 0.323792259, 0.946128201, 7.0875766e-006, -1.34908728e-005, -2.87417332e-006, 1, 0.946128239, -0.323792149, 4.25425821e-006, 0.323792149, 0.946128239, 7.69655292e-006, -6.51715724e-006, -5.90443065e-006, 1, 0, 0, 0, 0, 0, 0, 0, 0.262983374, -0.109248242, -0.177133447, -0.0577637515, 0.727816414, -0.68316154, -0.829589844, 0.345703125, 0.438476563, 0.555301637, 0.592165437, 0.584031105, 0, -0, 0, 0, 0, 0, 0, 0.356497119, -0.120558008, -0.161004541, 0.199802239, 0.00205845427, -0.979784964, -0.523925781, -0.844604492, -0.108642578, -0.827765777, 0.535129082, -0.167664957, 0, 1, 1, 1, 
204.148102, 12, 0.1, 0.1, 0.0142768277, 0.374295203, -0.0349754998, 0.946128052, -0.323792695, -1.34754874e-005, 0.323792695, 0.946128052, -1.81592648e-006, 1.33375204e-005, -2.64516541e-006, 1, 0.946128078, -0.323792617, -6.68424221e-006, 0.323792617, 0.946128079, -1.43124195e-006, 6.78757482e-006, -8.10170079e-007, 1, 0, 0, 0, 0, 0, 0, 0, 0.262983374, -0.109248242, -0.177133447, -0.0577637515, 0.727816414, -0.68316154, -0.829589844, 0.345703125, 0.438476563, 0.555301637, 0.592165437, 0.584031105, 0, -0, 0, 0, 0, 0, 0, 0.356691553, -0.120702393, -0.160987695, 0.199833956, 0.00385359202, -0.979727361, -0.521728516, -0.845825195, -0.109863281, -0.829235356, 0.533231133, -0.16704519, 0, 1, 1, 1, 
204.148793, 12, 0.1, 0.1, 0.0142768282, 0.374295205, -0.0349753722, 0.946127901, -0.323793137, 1.1160209e-005, 0.323793137, 0.946127901, 5.01332813e-006, -1.21822663e-005, -1.12965056e-006, 1, 0.946127936, -0.323793035, 7.47271034e-006, 0.323793035, 0.946127936, -3.35363868e-006, -5.98425516e-006, 5.5925828e-006, 1, 0, 0, 0, 0, 0, 0, 0, 0.262983374, -0.109248242, -0.177133447, -0.0577637515, 0.727816414, -0.68316154, -0.829589844, 0.345703125, 0.438476563, 0.555301637, 0.592165437, 0.584031105, 0, -0, 0, 0, 0, 0, 0, 0.356691553, -0.120702393, -0.160987695, 0.199833956, 0.00385359202, -0.979727361, -0.521728516, -0.845825195, -0.109863281, -0.829235356, 0.533231133, -0.16704519, 0, 1, 1, 1, 
204.149488, 12, 0.1, 0.1, 0.0142768278, 0.374295205, -0.034973628, 0.946127746, -0.32379359, -1.39237211e-005, 0.32379359, 0.946127746, -8.71676806e-006, 1.59960525e-005, 3.73876449e-006, 1, 0.94612777, -0.323793518, -6.6371415e-006, 0.323793518, 0.94612777, -9.44426419e-006, 9.33757542e-006, 6.78641723e-006, 1, 0, 0, 0, 0, 0, 0, 0, 0.262983374, -0.109248242, -0.177133447, -0.0577637515, 0.727816414, -0.68316154, -0.829589844, 0.345703125, 0.438476563, 0.555301637, 0.592165437, 0.584031105, 0, -0, 0, 0, 0, 0, 0, 0.356691553, -0.120702393, -0.160987695, 0.199833956, 0.00385359202, -0.979727361, -0.521728516, -0.845825195, -0.109863281, -0.829235356, 0.533231133, -0.16704519, 0, 1, 1, 1, 
204.150346, 12, 0.1, 0.1, 0.0142768255, 0.374295205, -0.0349691134, 0.946127648, -0.323793873, 2.94834119e-005, 0.323793873, 0.946127649, -1.43666366e-006, -2.74298883e-005, 1.09058153e-005, 1, 0.946127668, -0.323793816, 1.90510164e-005, 0.323793816, 0.946127668, -1.85666703e-006, -1.74235165e-005, 7.92524536e-006, 1, 0, 0, 0, 0, 0, 0, 0, 0.263351245, -0.109906494, -0.177347168, -0.0592869446, 0.728013366, -0.682958597, -0.829589844, 0.344482422, 0.439331055, 0.555048519, 0.59262861, 0.583751778, 0, -0, 0, 0, 0, 0, 0, 0.356691553, -0.120702393, -0.160987695, 0.199833956, 0.00385359202, -0.979727361, -0.521728516, -0.845825195, -0.109863281, -0.829235356, 0.533231133, -0.16704519, 0, 1, 1, 1, 
204.151311, 12, 0.1, 0.1, 0.014276826, 0.374295205, -0.034960415, 0.946127484, -0.323794352, -3.00505871e-005, 0.323794352, 0.946127485, -2.23996244e-005, 3.56845583e-005, 1.14626899e-005, 0.999999999, 0.946127534, -0.323794207, -2.21143145e-005, 0.323794207, 0.946127534, -3.61351773e-006, 2.2092998e-005, -3.74163831e-006, 1, 0, 0, 0, 0, 0, 0, 0, 0.263351245, -0.109906494, -0.177347168, -0.0592869446, 0.728013366, -0.682958597, -0.829589844, 0.344482422, 0.439331055, 0.555048519, 0.59262861, 0.583751778, 0, -0, 0, 0, 0, 0, 0, 0.356691553, -0.120702393, -0.160987695, 0.199833956, 0.00385359202, -0.979727361, -0.521728516, -0.845825195, -0.109863281, -0.829235356, 0.533231133, -0.16704519, 0, 1, 1, 1, 
204.152289, 12, 0.1, 0.1, 0.0142768263, 0.374295205, -0.0349512726, 0.946127271, -0.323794974, 3.91291067e-005, 0.323794974, 0.946127272, 1.6787049e-005, -4.24566771e-005, -3.21287677e-006, 0.999999999, 0.946127294, -0.323794909, 2.0724796e-005, 0.323794909, 0.946127294, 1.87068839e-005, -2.56654889e-005, -1.098851e-005, 1, 0, 0, 0, 0, 0, 0, 0, 0.263351245, -0.109906494, -0.177347168, -0.0592869446, 0.728013366, -0.682958597, -0.829589844, 0.344482422, 0.439331055, 0.555048519, 0.59262861, 0.583751778, 0, -0, 0, 0, 0, 0, 0, 0.356691553, -0.120702393, -0.160987695, 0.199833956, 0.00385359202, -0.979727361, -0.521728516, -0.845825195, -0.109863281, -0.829235356, 0.533231133, -0.16704519, 0, 1, 1, 1, 
204.153295, 12, 0.1, 0.1, 0.0142768229, 0.374295209, -0.0349447847, 0.946127278, -0.323794954, -4.93376595e-005, 0.323794954, 0.946127279, -5.30834708e-006, 4.83985215e-005, -1.09529132e-005, 0.999999999, 0.946127273, -0.32379497, -2.75384211e-005, 0.32379497, 0.946127273, -5.3116821e-006, 2.77747473e-005, -3.89127495e-006, 1, 0, 0, 0, 0, 0, 0, 0, 0.263292163, -0.110570117, -0.177555396, -0.0604986103, 0.728133933, -0.682609999, -0.828857422, 0.344360352, 0.440795898, 0.55598198, 0.592609514, 0.582831422, 0, -0, 0, 0, 0, 0, 0, 0.356644922, -0.121302539, -0.160972314, 0.199265227, 0.00498448588, -0.979842199, -0.521362305, -0.846069336, -0.110351562, -0.82966336, 0.532981766, -0.165952575, 0, 1, 1, 1, 
204.154258, 12, 0.1, 0.1, 0.0142768274, 0.374295212, -0.0349443464, 0.946127186, -0.323795223, 3.28088155e-005, 0.323795222, 0.946127187, 2.51532206e-005, -3.9185805e-005, -1.31748081e-005, 0.999999999, 0.946127232, -0.32379509, 2.04775705e-005, 0.323795091, 0.946127232, -2.66062744e-006, -1.8512889e-005, 9.14782889e-006, 1, 0, 0, 0, 0, 0, 0, 0, 0.263292163, -0.110570117, -0.177555396, -0.0604986103, 0.728133933, -0.682609999, -0.828857422, 0.344360352, 0.440795898, 0.55598198, 0.592609514, 0.582831422, 0, -0, 0, 0, 0, 0, 0, 0.356644922, -0.121302539, -0.160972314, 0.199265227, 0.00498448588, -0.979842199, -0.521362305, -0.846069336, -0.110351562, -0.82966336, 0.532981766, -0.165952575, 0, 1, 1, 1, 
204.155229, 12, 0.1, 0.1, 0.0142768256, 0.374295208, -0.0349493673, 0.946127, -0.323795767, -4.00100111e-005, 0.323795766, 0.946127001, -9.72577442e-006, 4.10037164e-005, -3.75325442e-006, 0.999999999, 0.946127017, -0.323795719, -1.85613057e-005, 0.323795719, 0.946127017, -1.11159093e-005, 2.11606367e-005, 4.50699081e-006, 1, 0, 0, 0, 0, 0, 0, 0, 0.263292163, -0.110570117, -0.177555396, -0.0604986103, 0.728133933, -0.682609999, -0.828857422, 0.344360352, 0.440795898, 0.55598198, 0.592609514, 0.582831422, 0, -0, 0, 0, 0, 0, 0, 0.356644922, -0.121302539, -0.160972314, 0.199265227, 0.00498448588, -0.979842199, -0.521362305, -0.846069336, -0.110351562, -0.82966336, 0.532981766, -0.165952575, 0, 1, 1, 1, 
204.156193, 12, 0.1, 0.1, 0.0142768311, 0.374295213, -0.0349572726, 0.946126833, -0.323796256, 2.18750681e-005, 0.323796256, 0.946126833, 1.7093326e-005, -2.62313439e-005, -9.08938926e-006, 1, 0.946126888, -0.323796097, 1.11530276e-005, 0.323796097, 0.946126888, -5.73632225e-006, -8.69478057e-006, 9.03859553e-006, 1, 0, 0, 0, 0, 0, 0, 0, 0.263292163, -0.110570117, -0.177555396, -0.0604986103, 0.728133933, -0.682609999, -0.828857422, 0.344360352, 0.440795898, 0.55598198, 0.592609514, 0.582831422, 0, -0, 0, 0, 0, 0, 0, 0.356644922, -0.121302539, -0.160972314, 0.199265227, 0.00498448588, -0.979842199, -0.521362305, -0.846069336, -0.110351562, -0.82966336, 0.532981766, -0.165952575, 0, 1, 1, 1, 
204.157161, 12, 0.1, 0.1, 0.014276827, 0.374295212, -0.0349647173, 0.946126569, -0.323797027, -1.34988974e-005, 0.323797026, 0.946126569, -3.20616676e-005, 2.31531382e-005, 2.59634927e-005, 0.999999999, 0.946126619, -0.323796882, -3.9769451e-006, 0.323796882, 0.946126619, -1.86802971e-005, 9.81131558e-006, 1.63862039e-005, 1, 0, 0, 0, 0, 0, 0, 0, 0.263292163, -0.110570117, -0.177555396, -0.0604986103, 0.728133933, -0.682609999, -0.828857422, 0.344360352, 0.440795898, 0.55598198, 0.592609514, 0.582831422, 0, -0, 0, 0, 0, 0, 0, 0.356644922, -0.121302539, -0.160972314, 0.199265227, 0.00498448588, -0.979842199, -0.521362305, -0.846069336, -0.110351562, -0.82966336, 0.532981766, -0.165952575, 0, 1, 1, 1, 
204.158167, 12, 0.1, 0.1, 0.0142768293, 0.374295211, -0.0349684696, 0.94612635, -0.323797668, 1.22876688e-005, 0.323797667, 0.946126349, 4.16692023e-005, -2.51180777e-005, -3.54456118e-005, 0.999999999, 0.946126389, -0.323797554, 5.20160623e-006, 0.323797554, 0.946126389, 2.5699694e-005, -1.3242875e-005, -2.26308914e-005, 1, 0, 0, 0, 0, 0, 0, 0, 0.263630859, -0.111205298, -0.177742017, -0.0626055445, 0.728794058, -0.681886595, -0.828735352, 0.342651367, 0.442260742, 0.55594491, 0.592875736, 0.582716846, 0, -0, 0, 0, 0, 0, 0, 0.357042822, -0.121655029, -0.161180176, 0.198894459, 0.00684998595, -0.979957038, -0.51965332, -0.846923828, -0.111450195, -0.830807014, 0.531582183, -0.164859961, 0, 1, 1, 1, 
204.159134, 12, 0.1, 0.1, 0.0142768271, 0.374295202, -0.034967191, 0.94612618, -0.323798166, -9.01588135e-006, 0.323798165, 0.94612618, -1.88983547e-005, 1.4649414e-005, 1.49609023e-005, 1, 0.946126211, -0.323798073, -3.90604264e-006, 0.323798073, 0.946126211, -3.53624688e-006, 4.84063925e-006, 2.08096678e-006, 1, 0, 0, 0, 0, 0, 0, 0, 0.263630859, -0.111205298, -0.177742017, -0.0626055445, 0.728794058, -0.681886595, -0.828735352, 0.342651367, 0.442260742, 0.55594491, 0.592875736, 0.582716846, 0, -0, 0, 0, 0, 0, 0, 0.357042822, -0.121655029, -0.161180176, 0.198894459, 0.00684998595, -0.979957038, -0.51965332, -0.846923828, -0.111450195, -0.830807014, 0.531582183, -0.164859961, 0, 1, 1, 1, 
204.1601, 12, 0.1, 0.1, 0.0142768262, 0.374295204, -0.0349623126, 0.946126025, -0.323798617, 7.15324991e-006, 0.323798617, 0.946126025, 3.96214114e-006, -8.05081173e-006, -1.43247242e-006, 1, 0.946126054, -0.323798533, 9.58716086e-006, 0.323798532, 0.946126054, 9.49424694e-006, -1.21448859e-005, -5.87844578e-006, 1, 0, 0, 0, 0, 0, 0, 0, 0.263630859, -0.111205298, -0.177742017, -0.0626055445, 0.728794058, -0.681886595, -0.828735352, 0.342651367, 0.442260742, 0.55594491, 0.592875736, 0.582716846, 0, -0, 0, 0, 0, 0, 0, 0.357042822, -0.121655029, -0.161180176, 0.198894459, 0.00684998595, -0.979957038, -0.51965332, -0.846923828, -0.111450195, -0.830807014, 0.531582183, -0.164859961, 0, 1, 1, 1, 
204.161106, 12, 0.1, 0.1, 0.0142768246, 0.374295205, -0.0349553211, 0.946125888, -0.323799018, 1.29509886e-005, 0.323799018, 0.946125888, 2.2335737e-005, -1.94855553e-005, -1.69389016e-005, 1, 0.946125913, -0.323798945, 1.02096892e-005, 0.323798945, 0.946125913, 1.42295718e-005, -1.42671718e-005, -1.015708e-005, 1, 0, 0, 0, 0, 0, 0, 0, 0.26401106, -0.111673633, -0.177315186, -0.063818332, 0.72828071, -0.682267393, -0.829589844, 0.341186523, 0.441772461, 0.554530301, 0.594316554, 0.582653567, 0, -0, 0, 0, 0, 0, 0, 0.357508838, -0.122034131, -0.160946924, 0.199482144, 0.00836404104, -0.979848396, -0.517944336, -0.84777832, -0.112792969, -0.831727188, 0.530022919, -0.164725799, 0, 1, 1, 1, 
204.162078, 12, 0.1, 0.1, 0.014276824, 0.374295204, -0.0349499878, 0.946125775, -0.323799348, 1.44859688e-005, 0.323799348, 0.946125775, 2.0579833e-006, -1.43719222e-005, 2.74343623e-006, 1, 0.94612579, -0.323799303, -4.49108045e-006, 0.323799303, 0.94612579, -3.23293147e-008, 4.25959525e-006, -1.42362112e-006, 1, 0, 0, 0, 0, 0, 0, 0, 0.26401106, -0.111673633, -0.177315186, -0.063818332, 0.72828071, -0.682267393, -0.829589844, 0.341186523, 0.441772461, 0.554530301, 0.594316554, 0.582653567, 0, -0, 0, 0, 0, 0, 0, 0.357508838, -0.122034131, -0.160946924, 0.199482144, 0.00836404104, -0.979848396, -0.517944336, -0.84777832, -0.112792969, -0.831727188, 0.530022919, -0.164725799, 0, 1, 1, 1, 
204.163038, 12, 0.1, 0.1, 0.0142768231, 0.374295208, -0.0349482916, 0.946125672, -0.323799649, -6.55967977e-006, 0.323799649, 0.946125672, -1.15391564e-005, 9.94265622e-006, 8.79347009e-006, 1, 0.94612569, -0.323799597, -8.72579305e-006, 0.323799597, 0.94612569, -2.29264656e-005, 1.56792773e-005, 1.88659098e-005, 1, 0, 0, 0, 0, 0, 0, 0, 0.26401106, -0.111673633, -0.177315186, -0.063818332, 0.72828071, -0.682267393, -0.829589844, 0.341186523, 0.441772461, 0.554530301, 0.594316554, 0.582653567, 0, -0, 0, 0, 0, 0, 0, 0.357508838, -0.122034131, -0.160946924, 0.199482144, 0.00836404104, -0.979848396, -0.517944336, -0.84777832, -0.112792969, -0.831727188, 0.530022919, -0.164725799, 0, 1, 1, 1, 
204.164001, 12, 0.1, 0.1, 0.0142768245, 0.374295203, -0.03495054, 0.946125589, -0.32379989, -1.52185501e-005, 0.32379989, 0.946125589, -1.0964309e-005, 1.79489017e-005, 5.44584846e-006, 1, 0.946125606, -0.323799843, -1.12820339e-005, 0.323799843, 0.946125606, -4.46046975e-006, 1.21185206e-005, 5.6704382e-007, 1, 0, 0, 0, 0, 0, 0, 0, 0.26401106, -0.111673633, -0.177315186, -0.063818332, 0.72828071, -0.682267393, -0.829589844, 0.341186523, 0.441772461, 0.554530301, 0.594316554, 0.582653567, 0, -0, 0, 0, 0, 0, 0, 0.357508838, -0.122034131, -0.160946924, 0.199482144, 0.00836404104, -0.979848396, -0.517944336, -0.84777832, -0.112792969, -0.831727188, 0.530022919, -0.164725799, 0, 1, 1, 1, 
204.164964, 12, 0.1, 0.1, 0.0142768242, 0.374295203, -0.0349555429, 0.946125525, -0.323800077, -1.08669793e-005, 0.323800077, 0.946125525, 1.08876649e-006, 9.92898387e-006, -4.54883852e-006, 1, 0.946125535, -0.323800049, 6.77395183e-006, 0.323800049, 0.946125535, 5.48402362e-007, -6.58658152e-006, 1.67454846e-006, 1, 0, 0, 0, 0, 0, 0, 0, 0.26401106, -0.111673633, -0.177315186, -0.063818332, 0.72828071, -0.682267393, -0.829589844, 0.341186523, 0.441772461, 0.554530301, 0.594316554, 0.582653567, 0, -0, 0, 0, 0, 0, 0, 0.357508838, -0.122034131, -0.160946924, 0.199482144, 0.00836404104, -0.979848396, -0.517944336, -0.84777832, -0.112792969, -0.831727188, 0.530022919, -0.164725799, 0, 1, 1, 1, 
204.165951, 12, 0.1, 0.1, 0.0142768223, 0.374295206, -0.0349606984, 0.946125404, -0.323800432, 6.73598966e-006, 0.323800432, 0.946125404, 6.22115476e-006, -8.38750354e-006, -3.7048762e-006, 1, 0.946125435, -0.323800341, 1.62075851e-005, 0.323800341, 0.946125435, -6.43197992e-006, -1.32517312e-005, 1.13334814e-005, 1, 0, 0, 0, 0, 0, 0, 0, 0.264571899, -0.111885522, -0.17684978, -0.0658058206, 0.72840839, -0.681930778, -0.831054687, 0.338134766, 0.44140625, 0.552126066, 0.595903027, 0.583218212, 0, -0, 0, 0, 0, 0, 0, 0.358005859, -0.121716162, -0.160482373, 0.200938597, 0.0109575841, -0.979433152, -0.513671875, -0.850097656, -0.114990234, -0.83390622, 0.526367744, -0.165173126, 0, 1, 1, 1, 
204.166652, 12, 0.1, 0.1, 0.0142768225, 0.374295206, -0.03496523, 0.946125242, -0.323800905, 7.89710048e-006, 0.323800905, 0.946125242, 2.72706368e-006, -8.35467179e-006, -2.30554932e-008, 1, 0.946125277, -0.323800804, 6.54621259e-006, 0.323800804, 0.946125277, -1.9949865e-006, -5.54755896e-006, 4.00717606e-006, 1, 0, 0, 0, 0, 0, 0, 0, 0.264571899, -0.111885522, -0.17684978, -0.0658058206, 0.72840839, -0.681930778, -0.831054687, 0.338134766, 0.44140625, 0.552126066, 0.595903027, 0.583218212, 0, -0, 0, 0, 0, 0, 0, 0.358005859, -0.121716162, -0.160482373, 0.200938597, 0.0109575841, -0.979433152, -0.513671875, -0.850097656, -0.114990234, -0.83390622, 0.526367744, -0.165173126, 0, 1, 1, 1, 
204.167342, 12, 0.1, 0.1, 0.0142768227, 0.374295206, -0.0349707288, 0.946125074, -0.323801396, 5.40180117e-006, 0.323801396, 0.946125074, -6.39769869e-006, -3.03919577e-006, 7.80213391e-006, 1, 0.946125109, -0.323801293, -2.088328e-006, 0.323801293, 0.946125109, -7.55871872e-006, 4.42334246e-006, 6.47529027e-006, 1, 0, 0, 0, 0, 0, 0, 0, 0.264571899, -0.111885522, -0.17684978, -0.0658058206, 0.72840839, -0.681930778, -0.831054687, 0.338134766, 0.44140625, 0.552126066, 0.595903027, 0.583218212, 0, -0, 0, 0, 0, 0, 0, 0.358005859, -0.121716162, -0.160482373, 0.200938597, 0.0109575841, -0.979433152, -0.513671875, -0.850097656, -0.114990234, -0.83390622, 0.526367744, -0.165173126, 0, 1, 1, 1, 
204.168033, 12, 0.1, 0.1, 0.0142768234, 0.374295206, -0.0349756292, 0.946124883, -0.323801956, -4.47354325e-006, 0.323801956, 0.946124883, -9.00007133e-007, 4.52395465e-006, -5.97022911e-007, 1, 0.946124922, -0.323801841, -8.24060592e-006, 0.323801841, 0.946124922, 3.61520122e-006, 6.62603382e-006, -6.08875534e-006, 1, 0, 0, 0, 0, 0, 0, 0, 0.264571899, -0.111885522, -0.17684978, -0.0658058206, 0.72840839, -0.681930778, -0.831054687, 0.338134766, 0.44140625, 0.552126066, 0.595903027, 0.583218212, 0, -0, 0, 0, 0, 0, 0, 0.358005859, -0.121716162, -0.160482373, 0.200938597, 0.0109575841, -0.979433152, -0.513671875, -0.850097656, -0.114990234, -0.83390622, 0.526367744, -0.165173126, 0, 1, 1, 1, 
204.168722, 12, 0.1, 0.1, 0.0142768222, 0.374295209, -0.0349785416, 0.946124704, -0.323802477, -3.31971499e-006, 0.323802477, 0.946124704, -4.73806947e-006, 4.67506299e-006, 3.40787264e-006, 1, 0.946124735, -0.323802386, 4.86717019e-007, 0.323802386, 0.946124735, -1.12434513e-005, 3.18016134e-006, 1.07953075e-005, 1, 0, 0, 0, 0, 0, 0, 0, 0.264571899, -0.111885522, -0.17684978, -0.0658058206, 0.72840839, -0.681930778, -0.831054687, 0.338134766, 0.44140625, 0.552126066, 0.595903027, 0.583218212, 0, -0, 0, 0, 0, 0, 0, 0.358005859, -0.121716162, -0.160482373, 0.200938597, 0.0109575841, -0.979433152, -0.513671875, -0.850097656, -0.114990234, -0.83390622, 0.526367744, -0.165173126, 0, 1, 1, 1, 
204.169411, 12, 0.1, 0.1, 0.0142768229, 0.374295204, -0.0349787689, 0.94612459, -0.323802811, -3.70355935e-006, 0.323802811, 0.94612459, 7.89633934e-006, 9.47171695e-007, -8.67014375e-006, 1, 0.94612461, -0.323802751, -6.93569256e-007, 0.323802751, 0.94612461, 1.49143949e-005, -4.17311916e-006, -1.43354557e-005, 1, 0, 0, 0, 0, 0, 0, 0, 0.264571899, -0.111885522, -0.17684978, -0.0658058206, 0.72840839, -0.681930778, -0.831054687, 0.338134766, 0.44140625, 0.552126066, 0.595903027, 0.583218212, 0, -0, 0, 0, 0, 0, 0, 0.358005859, -0.121716162, -0.160482373, 0.200938597, 0.0109575841, -0.979433152, -0.513671875, -0.850097656, -0.114990234, -0.83390622, 0.526367744, -0.165173126, 0, 1, 1, 1, 
204.170105, 12, 0.1, 0.1, 0.0142768226, 0.374295205, -0.0349763725, 0.946124468, -0.323803168, -7.93774207e-007, 0.323803168, 0.946124468, 3.25787679e-006, -3.03901628e-007, -3.33938355e-006, 1, 0.946124492, -0.323803097, 2.99249397e-006, 0.323803097, 0.946124492, -3.0750422e-006, -1.83556364e-006, 3.87835156e-006, 1, 0, 0, 0, 0, 0, 0, 0, 0.264571899, -0.111885522, -0.17684978, -0.0658058206, 0.72840839, -0.681930778, -0.831054687, 0.338134766, 0.44140625, 0.552126066, 0.595903027, 0.583218212, 0, -0, 0, 0, 0, 0, 0, 0.358005859, -0.121716162, -0.160482373, 0.200938597, 0.0109575841, -0.979433152, -0.513671875, -0.850097656, -0.114990234, -0.83390622, 0.526367744, -0.165173126, 0, 1, 1, 1, 
204.170824, 12, 0.1, 0.1, 0.0142768227, 0.374295205, -0.0349718343, 0.946124321, -0.323803597, 8.54576262e-006, 0.323803597, 0.946124321, 1.82757853e-006, -8.67713036e-006, 1.03803218e-006, 1, 0.946124352, -0.323803507, 6.95409246e-006, 0.323803507, 0.946124352, -2.48776813e-006, -5.77388817e-006, 4.60549753e-006, 1, 0, 0, 0, 0, 0, 0, 0, 0.264946729, -0.112564893, -0.176182129, -0.067094992, 0.728136177, -0.681994058, -0.832275391, 0.336181641, 0.440795898, 0.550229188, 0.597305652, 0.58359901, 0, -0, 0, 0, 0, 0, 0, 0.35856123, -0.122069141, -0.159811426, 0.20305966, 0.0131934856, -0.97907551, -0.510620117, -0.85168457, -0.117431641, -0.835401685, 0.523779665, -0.166240221, 0, 1, 1, 1, 
204.171515, 12, 0.1, 0.1, 0.0142768231, 0.374295204, -0.0349670639, 0.94612415, -0.323804096, -2.19041342e-007, 0.323804096, 0.94612415, -4.31014017e-006, 1.60288135e-006, 4.00700122e-006, 1, 0.946124183, -0.323804, 9.15313181e-007, 0.323804, 0.946124183, -1.27544288e-006, -4.53006428e-007, 1.50310943e-006, 1, 0, 0, 0, 0, 0, 0, 0, 0.264946729, -0.112564893, -0.176182129, -0.067094992, 0.728136177, -0.681994058, -0.832275391, 0.336181641, 0.440795898, 0.550229188, 0.597305652, 0.58359901, 0, -0, 0, 0, 0, 0, 0, 0.35856123, -0.122069141, -0.159811426, 0.20305966, 0.0131934856, -0.97907551, -0.510620117, -0.85168457, -0.117431641, -0.835401685, 0.523779665, -0.166240221, 0, 1, 1, 1, 
204.172223, 12, 0.1, 0.1, 0.0142768237, 0.374295202, -0.0349631734, 0.946123989, -0.323804566, -6.66323807e-006, 0.323804566, 0.946123989, -4.36566677e-006, 7.71787222e-006, 1.97287515e-006, 1, 0.946124018, -0.323804483, -1.60866704e-006, 0.323804483, 0.946124018, 8.36793549e-006, -1.1875765e-006, -8.43799835e-006, 1, 0, 0, 0, 0, 0, 0, 0, 0.264946729, -0.112564893, -0.176182129, -0.067094992, 0.728136177, -0.681994058, -0.832275391, 0.336181641, 0.440795898, 0.550229188, 0.597305652, 0.58359901, 0, -0, 0, 0, 0, 0, 0, 0.35856123, -0.122069141, -0.159811426, 0.20305966, 0.0131934856, -0.97907551, -0.510620117, -0.85168457, -0.117431641, -0.835401685, 0.523779665, -0.166240221, 0, 1, 1, 1, 
204.172929, 12, 0.1, 0.1, 0.0142768233, 0.3742952, -0.0349614681, 0.94612385, -0.323804974, 5.91342831e-006, 0.323804974, 0.94612385, 7.15333275e-006, -7.91112028e-006, -4.85314121e-006, 1, 0.946123878, -0.323804892, 7.27758076e-006, 0.323804892, 0.946123878, 1.26495596e-005, -1.09814822e-005, -9.61153409e-006, 1, 0, 0, 0, 0, 0, 0, 0, 0.264946729, -0.112564893, -0.176182129, -0.0693928863, 0.728308041, -0.681613259, -0.832885742, 0.333740234, 0.44140625, 0.548986443, 0.598390759, 0.58366229, 0, -0, 0, 0, 0, 0, 0, 0.35856123, -0.122069141, -0.159811426, 0.20305966, 0.0131934856, -0.97907551, -0.510620117, -0.85168457, -0.117431641, -0.835401685, 0.523779665, -0.166240221, 0, 1, 1, 1, 
204.173631, 12, 0.1, 0.1, 0.0142768219, 0.374295201, -0.0349620286, 0.946123729, -0.323805327, 1.06411887e-005, 0.323805327, 0.946123729, 1.03567733e-005, -1.34214595e-005, -6.35311543e-006, 1, 0.946123751, -0.323805261, 8.39814305e-006, 0.323805261, 0.946123751, 6.22620712e-006, -9.96176123e-006, -3.17139953e-006, 1, 0, 0, 0, 0, 0, 0, 0, 0.265271997, -0.113222534, -0.176162476, -0.0693928863, 0.728308041, -0.681613259, -0.832885742, 0.333740234, 0.44140625, 0.548986443, 0.598390759, 0.58366229, 0, -0, 0, 0, 0, 0, 0, 0.359081689, -0.122247217, -0.159353711, 0.204707876, 0.0148734184, -0.978609227, -0.506958008, -0.853515625, -0.119018555, -0.837069591, 0.520642179, -0.167173154, 0, 1, 1, 1, 
204.174322, 12, 0.1, 0.1, 0.0142768206, 0.374295201, -0.0349648317, 0.946123625, -0.323805631, 6.96067881e-006, 0.323805631, 0.946123625, 6.37584221e-006, -8.65019628e-006, -3.77842794e-006, 1, 0.946123644, -0.323805575, 1.60473669e-006, 0.323805575, 0.946123644, -5.77969811e-006, 3.53219147e-007, 5.98793172e-006, 1, 0, 0, 0, 0, 0, 0, 0, 0.265271997, -0.113222534, -0.176162476, -0.0693928863, 0.728308041, -0.681613259, -0.832885742, 0.333740234, 0.44140625, 0.548986443, 0.598390759, 0.58366229, 0, -0, 0, 0, 0, 0, 0, 0.359081689, -0.122247217, -0.159353711, 0.204707876, 0.0148734184, -0.978609227, -0.506958008, -0.853515625, -0.119018555, -0.837069591, 0.520642179, -0.167173154, 0, 1, 1, 1, 
204.175015, 12, 0.1, 0.1, 0.01427682, 0.374295201, -0.0349689065, 0.946123532, -0.323805903, -2.34151987e-006, 0.323805903, 0.946123532, -2.876583e-006, 3.14682161e-006, 1.96340491e-006, 1, 0.946123549, -0.323805853, -3.16907949e-006, 0.323805853, 0.946123549, -6.75594022e-006, 5.18595372e-006, 5.36578765e-006, 1, 0, 0, 0, 0, 0, 0, 0, 0.265271997, -0.113222534, -0.176162476, -0.0693928863, 0.728308041, -0.681613259, -0.832885742, 0.333740234, 0.44140625, 0.548986443, 0.598390759, 0.58366229, 0, -0, 0, 0, 0, 0, 0, 0.359081689, -0.122247217, -0.159353711, 0.204707876, 0.0148734184, -0.978609227, -0.506958008, -0.853515625, -0.119018555, -0.837069591, 0.520642179, -0.167173154, 0, 1, 1, 1, 
204.175701, 12, 0.1, 0.1, 0.0142768202, 0.3742952, -0.0349729738, 0.946123448, -0.323806148, -3.02011341e-006, 0.323806148, 0.946123448, -1.30218898e-005, 7.07396807e-006, 1.1342384e-005, 1, 0.946123468, -0.32380609, -4.29301789e-006, 0.32380609, 0.946123468, -1.32284722e-006, 4.49007096e-006, -1.38528541e-007, 1, 0, 0, 0, 0, 0, 0, 0, 0.265271997, -0.113222534, -0.176162476, -0.0693928863, 0.728308041, -0.681613259, -0.832885742, 0.333740234, 0.44140625, 0.548986443, 0.598390759, 0.58366229, 0, -0, 0, 0, 0, 0, 0, 0.359081689, -0.122247217, -0.159353711, 0.204707876, 0.0148734184, -0.978609227, -0.506958008, -0.853515625, -0.119018555, -0.837069591, 0.520642179, -0.167173154, 0, 1, 1, 1, 
204.176389, 12, 0.1, 0.1, 0.0142768194, 0.374295204, -0.0349759454, 0.946123325, -0.323806507, -7.37754481e-006, 0.323806507, 0.946123325, 2.20344634e-006, 6.26657696e-006, -4.47362899e-006, 1, 0.946123352, -0.323806429, 2.7263413e-006, 0.323806429, 0.946123352, -6.90106296e-006, -3.44846619e-007, 7.41206365e-006, 1, 0, 0, 0, 0, 0, 0, 0, 0.265271997, -0.113222534, -0.176162476, -0.0693928863, 0.728308041, -0.681613259, -0.832885742, 0.333740234, 0.44140625, 0.548986443, 0.598390759, 0.58366229, 0, -0, 0, 0, 0, 0, 0, 0.359081689, -0.122247217, -0.159353711, 0.204707876, 0.0148734184, -0.978609227, -0.506958008, -0.853515625, -0.119018555, -0.837069591, 0.520642179, -0.167173154, 0, 1, 1, 1, 
204.177092, 12, 0.1, 0.1, 0.0142768199, 0.374295201, -0.034976916, 0.946123223, -0.323806804, 1.43280397e-005, 0.323806804, 0.946123223, 1.69718118e-006, -1.41056499e-005, 3.03377421e-006, 1, 0.946123237, -0.323806764, 6.5210128e-006, 0.323806764, 0.946123237, 9.37518535e-006, -9.20543017e-006, -6.75853266e-006, 1, 0, 0, 0, 0, 0, 0, 0, 0.265271997, -0.113222534, -0.176162476, -0.0693928863, 0.728308041, -0.681613259, -0.832885742, 0.333740234, 0.44140625, 0.548986443, 0.598390759, 0.58366229, 0, -0, 0, 0, 0, 0, 0, 0.359081689, -0.122247217, -0.159353711, 0.204707876, 0.0148734184, -0.978609227, -0.506958008, -0.853515625, -0.119018555, -0.837069591, 0.520642179, -0.167173154, 0, 1, 1, 1, 
204.177803, 12, 0.1, 0.1, 0.0142768196, 0.374295202, -0.0349755412, 0.946123179, -0.323806934, -1.79721451e-005, 0.323806934, 0.946123179, -1.78013844e-006, 1.75802843e-005, -4.13527498e-006, 1, 0.946123187, -0.32380691, -9.51914436e-006, 0.32380691, 0.946123187, -2.29758793e-006, 9.75025805e-006, -9.08563509e-007, 1, 0, 0, 0, 0, 0, 0, 0, 0.265271997, -0.113222534, -0.176162476, -0.07104376, 0.72785198, -0.682013154, -0.833984375, 0.331665039, 0.440917969, 0.547146853, 0.600193279, 0.583478443, 0, -0, 0, 0, 0, 0, 0, 0.359081689, -0.122247217, -0.159353711, 0.204707876, 0.0148734184, -0.978609227, -0.506958008, -0.853515625, -0.119018555, -0.837069591, 0.520642179, -0.167173154, 0, 1, 1, 1, 
204.178512, 12, 0.1, 0.1, 0.0142768218, 0.374295202, -0.0349722515, 0.946123115, -0.32380712, 7.11249606e-006, 0.32380712, 0.946123115, 1.04126423e-005, -1.01009847e-005, -7.54856474e-006, 1, 0.946123134, -0.323807066, 3.45860285e-006, 0.323807066, 0.946123134, 2.74571715e-007, -3.36117243e-006, 8.6014139e-007, 1, 0, 0, 0, 0, 0, 0, 0, 0.265628516, -0.113910083, -0.175736987, -0.07104376, 0.72785198, -0.682013154, -0.833984375, 0.331665039, 0.440917969, 0.547146853, 0.600193279, 0.583478443, 0, -0, 0, 0, 0, 0, 0, 0.35986665, -0.122222314, -0.158693018, 0.207148302, 0.0165212683, -0.978175027, -0.502441406, -0.855957031, -0.12097168, -0.839267946, 0.516642123, -0.168968659, 0, 1, 1, 1, 
204.179206, 12, 0.1, 0.1, 0.0142768211, 0.374295203, -0.0349684661, 0.94612301, -0.323807428, 2.68619987e-006, 0.323807428, 0.94612301, -1.76135133e-005, 3.16191093e-006, 1.75343617e-005, 1, 0.946123035, -0.323807355, -1.38063631e-006, 0.323807355, 0.946123035, -1.24717006e-005, 5.3446802e-006, 1.13527031e-005, 1, 0, 0, 0, 0, 0, 0, 0, 0.265628516, -0.113910083, -0.175736987, -0.07104376, 0.72785198, -0.682013154, -0.833984375, 0.331665039, 0.440917969, 0.547146853, 0.600193279, 0.583478443, 0, -0, 0, 0, 0, 0, 0, 0.35986665, -0.122222314, -0.158693018, 0.207148302, 0.0165212683, -0.978175027, -0.502441406, -0.855957031, -0.12097168, -0.839267946, 0.516642123, -0.168968659, 0, 1, 1, 1, 
204.179906, 12, 0.1, 0.1, 0.0142768212, 0.374295204, -0.0349652586, 0.94612285, -0.323807894, -1.27355563e-005, 0.323807894, 0.94612285, 1.07171753e-006, 1.17023703e-005, -5.13785013e-006, 1, 0.946122887, -0.323807788, -9.65325511e-006, 0.323807788, 0.946122887, 2.99459936e-006, 8.163491e-006, -5.95905817e-006, 1, 0, 0, 0, 0, 0, 0, 0, 0.265628516, -0.113910083, -0.175736987, -0.07104376, 0.72785198, -0.682013154, -0.833984375, 0.331665039, 0.440917969, 0.547146853, 0.600193279, 0.583478443, 0, -0, 0, 0, 0, 0, 0, 0.35986665, -0.122222314, -0.158693018, 0.207148302, 0.0165212683, -0.978175027, -0.502441406, -0.855957031, -0.12097168, -0.839267946, 0.516642123, -0.168968659, 0, 1, 1, 1, 
204.180601, 12, 0.1, 0.1, 0.0142768213, 0.374295204, -0.034963533, 0.946122657, -0.323808459, 3.71723637e-006, 0.323808459, 0.946122657, -3.03332991e-006, -2.53474367e-006, 4.07357473e-006, 1, 0.946122697, -0.323808343, -1.18311883e-006, 0.323808343, 0.946122697, 2.77135883e-006, 2.21986468e-007, -3.00514924e-006, 1, 0, 0, 0, 0, 0, 0, 0, 0.265628516, -0.113910083, -0.175736987, -0.07104376, 0.72785198, -0.682013154, -0.833984375, 0.331665039, 0.440917969, 0.547146853, 0.600193279, 0.583478443, 0, -0, 0, 0, 0, 0, 0, 0.35986665, -0.122222314, -0.158693018, 0.207148302, 0.0165212683, -0.978175027, -0.502441406, -0.855957031, -0.12097168, -0.839267946, 0.516642123, -0.168968659, 0, 1, 1, 1, 
204.181298, 12, 0.1, 0.1, 0.0142768212, 0.374295205, -0.0349636779, 0.946122477, -0.323808985, -5.1645524e-007, 0.323808985, 0.946122477, -6.15638647e-006, 2.48212317e-006, 5.65746277e-006, 1, 0.94612251, -0.323808887, 2.67770821e-006, 0.323808887, 0.94612251, -4.9134562e-006, -9.42419232e-007, 5.51579723e-006, 1, 0, 0, 0, 0, 0, 0, 0, 0.265628516, -0.113910083, -0.175736987, -0.07104376, 0.72785198, -0.682013154, -0.833984375, 0.331665039, 0.440917969, 0.547146853, 0.600193279, 0.583478443, 0, -0, 0, 0, 0, 0, 0, 0.35986665, -0.122222314, -0.158693018, 0.207148302, 0.0165212683, -0.978175027, -0.502441406, -0.855957031, -0.12097168, -0.839267946, 0.516642123, -0.168968659, 0, 1, 1, 1, 
204.181998, 12, 0.1, 0.1, 0.0142768213, 0.374295205, -0.0349655949, 0.946122319, -0.323809445, 1.95737231e-008, 0.323809445, 0.946122319, 8.39739742e-007, -2.90434796e-007, -7.88158356e-007, 1, 0.94612235, -0.323809356, -8.65470678e-007, 0.323809356, 0.94612235, -6.38855401e-006, 2.88751471e-006, 5.76410623e-006, 1, 0, 0, 0, 0, 0, 0, 0, 0.265628516, -0.113910083, -0.175736987, -0.07104376, 0.72785198, -0.682013154, -0.833984375, 0.331665039, 0.440917969, 0.547146853, 0.600193279, 0.583478443, 0, -0, 0, 0, 0, 0, 0, 0.35986665, -0.122222314, -0.158693018, 0.207148302, 0.0165212683, -0.978175027, -0.502441406, -0.855957031, -0.12097168, -0.839267946, 0.516642123, -0.168968659, 0, 1, 1, 1, 
204.182706, 12, 0.1, 0.1, 0.0142768216, 0.374295205, -0.0349684626, 0.946122179, -0.323809854, -2.52256074e-006, 0.323809854, 0.946122179, 1.09820868e-006, 2.03103987e-006, -1.85586961e-006, 1, 0.946122205, -0.323809779, 1.65556154e-008, 0.323809779, 0.946122205, 1.81853868e-006, -6.04524244e-007, -1.71519896e-006, 1, 0, 0, 0, 0, 0, 0, 0, 0.265794995, -0.114390625, -0.175321021, -0.0720536046, 0.727097497, -0.682615991, -0.834960937, 0.330322266, 0.439941406, 0.545452918, 0.601672289, 0.583573923, 0, -0, 0, 0, 0, 0, 0, 0.35986665, -0.122222314, -0.158693018, 0.207148302, 0.0165212683, -0.978175027, -0.502441406, -0.855957031, -0.12097168, -0.839267946, 0.516642123, -0.168968659, 0, 1, 1, 1, 
204.183413, 12, 0.1, 0.1, 0.0142768212, 0.374295206, -0.0349712111, 0.946122056, -0.323810216, 2.69219737e-006, 0.323810216, 0.946122056, -1.86785504e-006, -1.94231676e-006, 2.63897986e-006, 1, 0.946122079, -0.323810148, -1.42501641e-006, 0.323810148, 0.946122079, 1.77877474e-006, 7.7225418e-007, -2.14437283e-006, 1, 0, 0, 0, 0, 0, 0, 0, 0.265794995, -0.114390625, -0.175321021, -0.0720536046, 0.727097497, -0.682615991, -0.834960937, 0.330322266, 0.439941406, 0.545452918, 0.601672289, 0.583573923, 0, -0, 0, 0, 0, 0, 0, 0.360213672, -0.122656836, -0.15780249, 0.209524928, 0.0177155947, -0.977606665, -0.498779297, -0.857910156, -0.122558594, -0.840859293, 0.513453599, -0.170872805, 0, 1, 1, 1, 
204.184109, 12, 0.1, 0.1, 0.0142768221, 0.374295206, -0.0349732872, 0.946121949, -0.323810526, -7.55653169e-006, 0.323810526, 0.946121949, -4.02100301e-006, 8.45144359e-006, 1.3574747e-006, 1, 0.946121969, -0.323810468, -5.85303518e-006, 0.323810468, 0.946121969, -3.59481156e-006, 6.70172279e-006, 1.50585613e-006, 1, 0, 0, 0, 0, 0, 0, 0, 0.265794995, -0.114390625, -0.175321021, -0.0720536046, 0.727097497, -0.682615991, -0.834960937, 0.330322266, 0.439941406, 0.545452918, 0.601672289, 0.583573923, 0, -0, 0, 0, 0, 0, 0, 0.360213672, -0.122656836, -0.15780249, 0.209524928, 0.0177155947, -0.977606665, -0.498779297, -0.857910156, -0.122558594, -0.840859293, 0.513453599, -0.170872805, 0, 1, 1, 1, 
204.184803, 12, 0.1, 0.1, 0.0142768222, 0.374295205, -0.0349741671, 0.946121877, -0.323810739, -4.13462859e-006, 0.323810739, 0.946121877, 2.07266402e-006, 3.24071169e-006, -3.29982991e-006, 1, 0.946121888, -0.323810706, 3.38328551e-006, 0.323810706, 0.946121888, -1.26095358e-007, -3.16016944e-006, 1.21484565e-006, 1, 0, 0, 0, 0, 0, 0, 0, 0.265794995, -0.114390625, -0.175321021, -0.0720536046, 0.727097497, -0.682615991, -0.834960937, 0.330322266, 0.439941406, 0.545452918, 0.601672289, 0.583573923, 0, -0, 0, 0, 0, 0, 0, 0.360213672, -0.122656836, -0.15780249, 0.209524928, 0.0177155947, -0.977606665, -0.498779297, -0.857910156, -0.122558594, -0.840859293, 0.513453599, -0.170872805, 0, 1, 1, 1, 
204.185526, 12, 0.1, 0.1, 0.0142768213, 0.374295204, -0.0349734216, 0.946121803, -0.323810955, 4.64110005e-006, 0.323810955, 0.946121803, 4.72348919e-006, -5.92056349e-006, -2.96615706e-006, 1, 0.946121819, -0.323810907, 6.95976654e-006, 0.323810907, 0.946121819, 5.68243254e-006, -8.42482061e-006, -3.1226251e-006, 1, 0, 0, 0, 0, 0, 0, 0, 0.265929614, -0.114861035, -0.174902979, -0.0736853824, 0.726520869, -0.683155549, -0.8359375, 0.328491211, 0.439453125, 0.543733895, 0.603493905, 0.583288605, 0, -0, 0, 0, 0, 0, 0, 0.360474268, -0.122615088, -0.1575729, 0.210713057, 0.0194210471, -0.977287302, -0.495117188, -0.859863281, -0.123779297, -0.842821042, 0.510073311, -0.171575695, 0, 1, 1, 1, 
