time, trialNum, realDorsalTactorPos, realVentralTactorPos, boxPosX, boxPosY, boxPosZ, boxLocalRot_11, boxLocalRot_12, boxLocalRot_13, boxLocalRot_21, boxLocalRot_22, boxLocalRot_23, boxLocalRot_31, boxLocalRot_32, boxLocalRot_33, boxGlobalRot_11, boxGlobalRot_12, boxGlobalRot_13, boxGlobalRot_21, boxGlobalRot_22, boxGlobalRot_23, boxGlobalRot_31, boxGlobalRot_32, boxGlobalRot_33, indexForceX, indexForceY, indexForceZ, indexForceGlobalX, indexForceGlobalY, indexForceGlobalZ, indexContact, indexPosX, indexPosY, indexPosZ, indexRot_11, indexRot_12, indexRot_13, indexRot_21, indexRot_22, indexRot_23, indexRot_31, indexRot_32, indexRot_33, thumbForceX, thumbForceY, thumbForceZ, thumbForceGlobalX, thumbForceGlobalY, thumbForceGlobalZ, thumbContact, thumbPosX, thumbPosY, thumbPosZ, thumbRot_11, thumbRot_12, thumbRot_13, thumbRot_21, thumbRot_22, thumbRot_23, thumbRot_31, thumbRot_32, thumbRot_33, manipForceTooHigh, cceExpType, mapping, trialSuccess, 
820.990786, 60, 0.1, 0.1, 0.00522213064, 0.354304617, -0.0199677072, 0.965286431, -0.261193619, -1.26066225e-005, 0.261193619, 0.965286431, 1.44975486e-005, 8.38233441e-006, -1.72870563e-005, 1, 0.965286572, -0.261193097, 8.9123813e-006, 0.261193097, 0.965286572, 1.08242463e-005, -1.14302204e-005, -8.1206471e-006, 1, 0, 0, 0, 0, 0, 0, 0, 0.269503784, -0.113439111, -0.215920532, 0.203346536, 0.420163404, -0.884310964, -0.953857422, 0.288208008, -0.0823974609, 0.220291395, 0.860392162, 0.459546247, 0, -0, 0, 0, 0, 0, 0, 0.317531104, -0.0622448242, -0.187120459, 0.236870432, 0.153744398, -0.959272161, -0.0118408203, -0.986816406, -0.161132812, -0.971406491, 0.0495452045, -0.232035524, 0, 2, 5, 1, 
820.991563, 60, 0.1, 0.1, 0.0052221451, 0.354304622, -0.0199554496, 0.965284727, -0.261199914, 3.2991645e-005, 0.261199914, 0.965284727, -9.76294019e-006, -2.92962519e-005, 1.80414319e-005, 0.999999999, 0.96528486, -0.261199424, 1.37569128e-005, 0.261199425, 0.96528486, -1.22521313e-005, -1.007909e-005, 1.54200946e-005, 1, 0, 0, 0, 0, 0, 0, 0, 0.273615283, -0.115759912, -0.214647534, 0.206055568, 0.440689823, -0.873671838, -0.956665039, 0.278076172, -0.0853271484, 0.20540207, 0.853433338, 0.479118988, 0, -0, 0, 0, 0, 0, 0, 0.320101562, -0.0650151367, -0.185940283, 0.229094166, 0.158994917, -0.960299876, -0.00183105469, -0.986450195, -0.163818359, -0.973328494, 0.0392956978, -0.22576092, 0, 2, 5, 1, 
820.992262, 60, 0.1, 0.1, 0.00522214388, 0.354304619, -0.0199553856, 0.965284018, -0.261202536, -6.50929753e-006, 0.261202536, 0.965284018, 1.10315462e-006, 5.99517409e-006, -2.76510254e-006, 1, 0.965284159, -0.261202015, -1.59202983e-005, 0.261202015, 0.965284159, 1.80812394e-005, 1.06447556e-005, -2.1611948e-005, 1, 0, 0, 0, 0, 0, 0, 0, 0.273615283, -0.115759912, -0.214647534, 0.206055568, 0.440689823, -0.873671838, -0.956665039, 0.278076172, -0.0853271484, 0.20540207, 0.853433338, 0.479118988, 0, -0, 0, 0, 0, 0, 0, 0.320101562, -0.0650151367, -0.185940283, 0.229094166, 0.158994917, -0.960299876, -0.00183105469, -0.986450195, -0.163818359, -0.973328494, 0.0392956978, -0.22576092, 0, 2, 5, 1, 
820.992968, 60, 0.1, 0.1, 0.00522214155, 0.354304624, -0.0199595597, 0.965283368, -0.261204939, -1.60228436e-005, 0.261204939, 0.965283368, -1.51412125e-005, 1.94215439e-005, 1.04303147e-005, 1, 0.965283488, -0.261204493, -1.58956851e-006, 0.261204493, 0.965283488, -3.81485882e-005, 1.14989669e-005, 3.64089998e-005, 0.999999999, 0, 0, 0, 0, 0, 0, 0, 0.273615283, -0.115759912, -0.214647534, 0.207657771, 0.450048777, -0.868565327, -0.957763672, 0.27355957, -0.0872802734, 0.198350749, 0.850097147, 0.487950367, 0, -0, 0, 0, 0, 0, 0, 0.320101562, -0.0650151367, -0.185940283, 0.229094166, 0.158994917, -0.960299876, -0.00183105469, -0.986450195, -0.163818359, -0.973328494, 0.0392956978, -0.22576092, 0, 2, 5, 1, 
820.993674, 60, 0.1, 0.1, 0.00522214398, 0.354304614, -0.0199662601, 0.96528291, -0.261206631, -2.1479556e-005, 0.261206631, 0.965282909, 3.55788321e-005, 1.14404214e-005, -3.99542411e-005, 0.999999999, 0.965282992, -0.261206327, -1.06200459e-005, 0.261206327, 0.96528299, 5.39727513e-005, -3.8466745e-006, -5.4873002e-005, 0.999999998, 0, 0, 0, 0, 0, 0, 0, 0.275684888, -0.117300952, -0.21413645, 0.207657771, 0.450048777, -0.868565327, -0.957763672, 0.27355957, -0.0872802734, 0.198350749, 0.850097147, 0.487950367, 0, 0, 0, 0, 0, 0, 0, 0.321160254, -0.0667678711, -0.185462549, 0.225138953, 0.160764169, -0.960899955, 0.001953125, -0.986206055, -0.164550781, -0.974235174, 0.0353084015, -0.222387195, 0, 2, 5, 1, 
820.994415, 60, 0.1, 0.1, 0.0052221415, 0.354304621, -0.0199733231, 0.965282397, -0.261208524, 2.45430043e-005, 0.261208525, 0.965282395, -5.78848192e-005, -8.57092179e-006, 6.2286039e-005, 0.999999998, 0.965282491, -0.261208177, 2.70185343e-005, 0.261208179, 0.965282489, -5.4929721e-005, -1.17324258e-005, 6.008016e-005, 0.999999998, 0, 0, 0, 0, 0, 0, 0, 0.275684888, -0.117300952, -0.21413645, 0.207657771, 0.450048777, -0.868565327, -0.957763672, 0.27355957, -0.0872802734, 0.198350749, 0.850097147, 0.487950367, 0, 0, 0, 0, 0, 0, 0, 0.321160254, -0.0667678711, -0.185462549, 0.225138953, 0.160764169, -0.960899955, 0.001953125, -0.986206055, -0.164550781, -0.974235174, 0.0353084015, -0.222387195, 0, 2, 5, 1, 
820.995122, 60, 0.1, 0.1, 0.0052221398, 0.354304623, -0.0199782922, 0.965281992, -0.261210023, 5.44356557e-006, 0.261210023, 0.965281991, 3.54422512e-005, -1.45124471e-005, -3.2789853e-005, 0.999999999, 0.965282074, -0.261209721, 7.28430036e-006, 0.261209721, 0.965282074, 1.21666033e-005, -1.02094396e-005, -9.841474e-006, 1, 0, 0, 0, 0, 0, 0, 0, 0.275684888, -0.117300952, -0.21413645, 0.207657771, 0.450048777, -0.868565327, -0.957763672, 0.27355957, -0.0872802734, 0.198350749, 0.850097147, 0.487950367, 0, 0, 0, 0, 0, 0, 0, 0.321160254, -0.0667678711, -0.185462549, 0.225138953, 0.160764169, -0.960899955, 0.001953125, -0.986206055, -0.164550781, -0.974235174, 0.0353084015, -0.222387195, 0, 2, 5, 1, 
820.995814, 60, 0.1, 0.1, 0.00522214274, 0.354304614, -0.0199802684, 0.965281597, -0.261211482, -2.4222071e-005, 0.261211482, 0.965281597, 1.83981133e-005, 1.8575321e-005, -2.40864432e-005, 1, 0.965281678, -0.261211182, -2.71955917e-005, 0.261211183, 0.965281678, 3.35148091e-005, 1.74969635e-005, -3.94550238e-005, 0.999999999, 0, 0, 0, 0, 0, 0, 0, 0.275684888, -0.117300952, -0.21413645, 0.207657771, 0.450048777, -0.868565327, -0.957763672, 0.27355957, -0.0872802734, 0.198350749, 0.850097147, 0.487950367, 0, 0, 0, 0, 0, 0, 0, 0.321160254, -0.0667678711, -0.185462549, 0.225138953, 0.160764169, -0.960899955, 0.001953125, -0.986206055, -0.164550781, -0.974235174, 0.0353084015, -0.222387195, 0, 2, 5, 1, 
820.996518, 60, 0.1, 0.1, 0.00522213832, 0.35430462, -0.0199789511, 0.965281143, -0.261213155, 4.32555407e-005, 0.261213157, 0.965281143, -4.96478689e-005, -2.87850813e-005, 5.92230679e-005, 0.999999998, 0.965281232, -0.261212829, 3.93207492e-005, 0.261212831, 0.965281231, -4.78446572e-005, -2.54579429e-005, 5.64546338e-005, 0.999999998, 0, 0, 0, 0, 0, 0, 0, 0.275684888, -0.117300952, -0.21413645, 0.207657771, 0.450048777, -0.868565327, -0.957763672, 0.27355957, -0.0872802734, 0.198350749, 0.850097147, 0.487950367, 0, 0, 0, 0, 0, 0, 0, 0.321160254, -0.0667678711, -0.185462549, 0.225138953, 0.160764169, -0.960899955, 0.001953125, -0.986206055, -0.164550781, -0.974235174, 0.0353084015, -0.222387195, 0, 2, 5, 1, 
820.997221, 60, 0.1, 0.1, 0.00522213644, 0.354304622, -0.0199749526, 0.965280742, -0.261214642, -1.66227265e-005, 0.261214643, 0.965280741, 2.34484001e-005, 9.92053229e-006, -2.69763886e-005, 1, 0.965280808, -0.261214398, -1.15858428e-005, 0.261214398, 0.965280808, 5.68443923e-006, 9.69873431e-006, -8.51346904e-006, 1, 0, 0, 0, 0, 0, 0, 0, 0.275684888, -0.117300952, -0.21413645, 0.207657771, 0.450048777, -0.868565327, -0.957763672, 0.27355957, -0.0872802734, 0.198350749, 0.850097147, 0.487950367, 0, 0, 0, 0, 0, 0, 0, 0.321160254, -0.0667678711, -0.185462549, 0.225138953, 0.160764169, -0.960899955, 0.001953125, -0.986206055, -0.164550781, -0.974235174, 0.0353084015, -0.222387195, 0, 2, 5, 1, 
820.997913, 60, 0.1, 0.1, 0.00522213517, 0.354304617, -0.0199697156, 0.965280494, -0.261215558, 8.40735785e-006, 0.261215558, 0.965280494, -1.77514895e-005, -3.47849331e-006, 1.93312992e-005, 1, 0.965280533, -0.261215414, 1.35456296e-005, 0.261215414, 0.965280533, 1.16268711e-005, -1.61124505e-005, -7.68486508e-006, 1, 0, 0, 0, 0, 0, 0, 0, 0.275684888, -0.117300952, -0.21413645, 0.207657771, 0.450048777, -0.868565327, -0.957763672, 0.27355957, -0.0872802734, 0.198350749, 0.850097147, 0.487950367, 0, 0, 0, 0, 0, 0, 0, 0.321160254, -0.0667678711, -0.185462549, 0.225138953, 0.160764169, -0.960899955, 0.001953125, -0.986206055, -0.164550781, -0.974235174, 0.0353084015, -0.222387195, 0, 2, 5, 1, 
820.998639, 60, 0.1, 0.1, 0.00522213805, 0.354304623, -0.0199642397, 0.965280378, -0.261215987, -3.9766927e-006, 0.261215987, 0.965280378, 1.00500515e-005, 1.21338932e-006, -1.07398932e-005, 1, 0.965280395, -0.261215924, -1.74965966e-005, 0.261215924, 0.965280395, -2.28229478e-005, 2.28508391e-005, 1.74601545e-005, 1, 0, 0, 0, 0, 0, 0, 0, 0.27721792, -0.117701367, -0.213171436, 0.207539829, 0.459890001, -0.863319153, -0.959350586, 0.267700195, -0.0880126953, 0.190583138, 0.846684571, 0.496883217, 0, 0, 0, 0, 0, 0, 0, 0.32215083, -0.067602002, -0.184977979, 0.220225286, 0.163625668, -0.961551072, 0.0078125, -0.985961914, -0.166015625, -0.975365335, 0.0291037936, -0.218527863, 0, 2, 5, 1, 
820.999347, 60, 0.1, 0.1, 0.00522213016, 0.354304618, -0.0199607964, 0.96528039, -0.261215942, 3.21819457e-005, 0.261215943, 0.96528039, -1.9110516e-005, -2.60726297e-005, 2.68534436e-005, 0.999999999, 0.965280381, -0.261215971, 4.45369623e-005, 0.261215971, 0.965280382, 1.525903e-005, -4.69765583e-005, -3.09547646e-006, 0.999999999, 0, 0, 0, 0, 0, 0, 0, 0.27721792, -0.117701367, -0.213171436, 0.207539829, 0.459890001, -0.863319153, -0.959350586, 0.267700195, -0.0880126953, 0.190583138, 0.846684571, 0.496883217, 0, 0, 0, 0, 0, 0, 0, 0.32215083, -0.067602002, -0.184977979, 0.220225286, 0.163625668, -0.961551072, 0.0078125, -0.985961914, -0.166015625, -0.975365335, 0.0291037936, -0.218527863, 0, 2, 5, 1, 
821.000044, 60, 0.1, 0.1, 0.0052221322, 0.354304622, -0.0199602339, 0.965280527, -0.261215435, -1.02657459e-005, 0.261215435, 0.965280527, 2.30193648e-005, 3.8963112e-006, -2.49017158e-005, 1, 0.965280491, -0.261215568, -2.02700312e-005, 0.261215568, 0.965280491, -1.72637987e-005, 2.40758387e-005, 1.13695604e-005, 1, 0, 0, 0, 0, 0, 0, 0, 0.27721792, -0.117701367, -0.213171436, 0.207539829, 0.459890001, -0.863319153, -0.959350586, 0.267700195, -0.0880126953, 0.190583138, 0.846684571, 0.496883217, 0, 0, 0, 0, 0, 0, 0, 0.32215083, -0.067602002, -0.184977979, 0.220225286, 0.163625668, -0.961551072, 0.0078125, -0.985961914, -0.166015625, -0.975365335, 0.0291037936, -0.218527863, 0, 2, 5, 1, 
821.000732, 60, 0.1, 0.1, 0.00522212699, 0.354304613, -0.0199624255, 0.965280772, -0.261214529, 1.89084248e-005, 0.261214529, 0.965280773, 4.53895686e-006, -1.94375803e-005, 5.57787477e-007, 1, 0.965280721, -0.261214716, 3.11494827e-005, 0.261214715, 0.965280721, 3.71323798e-005, -3.97675192e-005, -2.77064671e-005, 0.999999999, 0, 0, 0, 0, 0, 0, 0, 0.27721792, -0.117701367, -0.213171436, 0.207539829, 0.459890001, -0.863319153, -0.959350586, 0.267700195, -0.0880126953, 0.190583138, 0.846684571, 0.496883217, 0, 0, 0, 0, 0, 0, 0, 0.32215083, -0.067602002, -0.184977979, 0.220225286, 0.163625668, -0.961551072, 0.0078125, -0.985961914, -0.166015625, -0.975365335, 0.0291037936, -0.218527863, 0, 2, 5, 1, 
821.001432, 60, 0.1, 0.1, 0.00522213154, 0.354304615, -0.019966623, 0.965281109, -0.261213285, -1.99777398e-005, 0.261213285, 0.965281109, 1.5965438e-006, 1.88670964e-005, -6.75956462e-006, 1, 0.965281038, -0.261213547, -3.32877871e-005, 0.261213547, 0.965281038, -7.90283734e-006, 3.41963979e-005, -1.06676193e-006, 0.999999999, 0, 0, 0, 0, 0, 0, 0, 0.27721792, -0.117701367, -0.213171436, 0.207539829, 0.459890001, -0.863319153, -0.959350586, 0.267700195, -0.0880126953, 0.190583138, 0.846684571, 0.496883217, 0, 0, 0, 0, 0, 0, 0, 0.32215083, -0.067602002, -0.184977979, 0.220225286, 0.163625668, -0.961551072, 0.0078125, -0.985961914, -0.166015625, -0.975365335, 0.0291037936, -0.218527863, 0, 2, 5, 1, 
821.002145, 60, 0.1, 0.1, 0.0052221282, 0.354304615, -0.0199714714, 0.965281504, -0.261211827, 1.45477503e-006, 0.261211827, 0.965281504, 5.15561557e-006, -2.75097519e-006, -4.59661591e-006, 1, 0.965281428, -0.261212105, 1.92832397e-005, 0.261212105, 0.965281428, -4.24644519e-006, -1.75045302e-005, 9.1360303e-006, 1, 0, 0, 0, 0, 0, 0, 0, 0.27721792, -0.117701367, -0.213171436, 0.207539829, 0.459890001, -0.863319153, -0.959350586, 0.267700195, -0.0880126953, 0.190583138, 0.846684571, 0.496883217, 0, 0, 0, 0, 0, 0, 0, 0.32215083, -0.067602002, -0.184977979, 0.220225286, 0.163625668, -0.961551072, 0.0078125, -0.985961914, -0.166015625, -0.975365335, 0.0291037936, -0.218527863, 0, 2, 5, 1, 
821.002862, 60, 0.1, 0.1, 0.00522213346, 0.354304616, -0.0199751732, 0.965281789, -0.261210773, -1.63226312e-005, 0.261210773, 0.965281789, -9.67761337e-006, 1.82838355e-005, 5.07797684e-006, 1, 0.965281738, -0.261210961, -2.87831299e-005, 0.261210961, 0.965281738, -1.79504128e-005, 3.24726742e-005, 9.80873668e-006, 0.999999999, 0, 0, 0, 0, 0, 0, 0, 0.27721792, -0.117701367, -0.213171436, 0.207473184, 0.470340053, -0.857698172, -0.960693359, 0.262817383, -0.0882568359, 0.183919729, 0.842434015, 0.506621848, 0, 0, 0, 0, 0, 0, 0, 0.32215083, -0.067602002, -0.184977979, 0.220225286, 0.163625668, -0.961551072, 0.0078125, -0.985961914, -0.166015625, -0.975365335, 0.0291037936, -0.218527863, 0, 2, 5, 1, 
821.003577, 60, 0.1, 0.1, 0.00522213088, 0.354304614, -0.0199766147, 0.965282021, -0.261209915, 7.22279244e-006, 0.261209915, 0.965282021, -3.45723728e-006, -6.06896703e-006, 5.22387399e-006, 1, 0.965281973, -0.261210093, 1.71896858e-005, 0.261210093, 0.965281973, 2.32848095e-006, -1.72011165e-005, 2.24247874e-006, 1, 0, 0, 0, 0, 0, 0, 0, 0.278756934, -0.11829646, -0.212854541, 0.207473184, 0.470340053, -0.857698172, -0.960693359, 0.262817383, -0.0882568359, 0.183919729, 0.842434015, 0.506621848, 0, 0, 0, 0, 0, 0, 0, 0.323151416, -0.068382666, -0.184706641, 0.215420262, 0.167004857, -0.962093548, 0.0130615234, -0.985595703, -0.168212891, -0.976361334, 0.023812796, -0.214534371, 0, 2, 5, 1, 
821.004277, 60, 0.1, 0.1, 0.00522213396, 0.354304613, -0.019975827, 0.965282286, -0.261208936, -3.00703847e-006, 0.261208936, 0.965282286, -1.63948536e-006, 3.3308892e-006, 7.97100855e-007, 1, 0.965282234, -0.261209127, -1.91266071e-005, 0.261209127, 0.965282234, 5.40796958e-006, 1.70499631e-005, -1.02162613e-005, 1, 0, 0, 0, 0, 0, 0, 0, 0.278756934, -0.11829646, -0.212854541, 0.207473184, 0.470340053, -0.857698172, -0.960693359, 0.262817383, -0.0882568359, 0.183919729, 0.842434015, 0.506621848, 0, 0, 0, 0, 0, 0, 0, 0.323151416, -0.068382666, -0.184706641, 0.215420262, 0.167004857, -0.962093548, 0.0130615234, -0.985595703, -0.168212891, -0.976361334, 0.023812796, -0.214534371, 0, 2, 5, 1, 
821.004972, 60, 0.1, 0.1, 0.00522212916, 0.354304611, -0.019973345, 0.965282481, -0.261208213, 1.25932049e-005, 0.261208213, 0.965282482, 2.3770461e-006, -1.2776904e-005, 9.9492759e-007, 1, 0.965282447, -0.261208341, 2.51774245e-005, 0.261208341, 0.965282447, 9.3442193e-006, -2.67441139e-005, -2.44325758e-006, 1, 0, 0, 0, 0, 0, 0, 0, 0.278756934, -0.11829646, -0.212854541, 0.207473184, 0.470340053, -0.857698172, -0.960693359, 0.262817383, -0.0882568359, 0.183919729, 0.842434015, 0.506621848, 0, 0, 0, 0, 0, 0, 0, 0.323151416, -0.068382666, -0.184706641, 0.215420262, 0.167004857, -0.962093548, 0.0130615234, -0.985595703, -0.168212891, -0.976361334, 0.023812796, -0.214534371, 0, 2, 5, 1, 
821.005692, 60, 0.1, 0.1, 0.00522213204, 0.354304612, -0.0199695421, 0.965282638, -0.261207635, -8.2550873e-007, 0.261207635, 0.965282638, -8.63738859e-006, 3.05300109e-006, 8.12189206e-006, 1, 0.965282616, -0.261207717, -1.51928628e-005, 0.261207717, 0.965282616, -1.97350212e-005, 1.98203461e-005, 1.50813799e-005, 1, 0, 0, 0, 0, 0, 0, 0, 0.280749878, -0.119139209, -0.212097876, 0.207546203, 0.480307835, -0.85217267, -0.961914063, 0.258178711, -0.0887451172, 0.177357791, 0.838259842, 0.515757641, 0, 0, 0, 0, 0, 0, 0, 0.324358643, -0.0691518555, -0.184425293, 0.210372434, 0.170665128, -0.962527382, 0.0184326172, -0.985107422, -0.170532227, -0.977382853, 0.0181831132, -0.210406716, 0, 2, 5, 1, 
821.006389, 60, 0.1, 0.1, 0.00522212647, 0.354304609, -0.0199660708, 0.965282751, -0.261207217, 1.44596601e-005, 0.261207217, 0.965282751, -2.06046232e-006, -1.34194529e-005, 5.76589632e-006, 1, 0.965282723, -0.261207319, 3.16660707e-005, 0.261207319, 0.965282724, 5.47282394e-006, -3.19962526e-005, 2.98858701e-006, 0.999999999, 0, 0, 0, 0, 0, 0, 0, 0.280749878, -0.119139209, -0.212097876, 0.207546203, 0.480307835, -0.85217267, -0.961914063, 0.258178711, -0.0887451172, 0.177357791, 0.838259842, 0.515757641, 0, 0, 0, 0, 0, 0, 0, 0.324358643, -0.0691518555, -0.184425293, 0.210372434, 0.170665128, -0.962527382, 0.0184326172, -0.985107422, -0.170532227, -0.977382853, 0.0181831132, -0.210406716, 0, 2, 5, 1, 
821.007095, 60, 0.1, 0.1, 0.00522213101, 0.35430461, -0.0199638697, 0.965282901, -0.261206663, -6.04194991e-006, 0.261206663, 0.965282901, -1.31244391e-005, 9.26038187e-006, 1.10905991e-005, 1, 0.965282868, -0.261206783, -2.96073416e-005, 0.261206783, 0.965282869, -3.72309114e-006, 2.95519563e-005, -4.13980235e-006, 1, 0, 0, 0, 0, 0, 0, 0, 0.280749878, -0.119139209, -0.212097876, 0.207546203, 0.480307835, -0.85217267, -0.961914063, 0.258178711, -0.0887451172, 0.177357791, 0.838259842, 0.515757641, 0, 0, 0, 0, 0, 0, 0, 0.324358643, -0.0691518555, -0.184425293, 0.210372434, 0.170665128, -0.962527382, 0.0184326172, -0.985107422, -0.170532227, -0.977382853, 0.0181831132, -0.210406716, 0, 2, 5, 1, 
821.007788, 60, 0.1, 0.1, 0.0052221258, 0.354304606, -0.0199634237, 0.965282947, -0.261206493, 6.17705562e-006, 0.261206493, 0.965282947, 2.20107128e-005, -1.17119476e-005, -1.96330787e-005, 1, 0.965282948, -0.26120649, 2.45152782e-005, 0.261206489, 0.965282948, 3.08377016e-005, -3.17191878e-005, -2.33635577e-005, 0.999999999, 0, 0, 0, 0, 0, 0, 0, 0.280749878, -0.119139209, -0.212097876, 0.207546203, 0.480307835, -0.85217267, -0.961914063, 0.258178711, -0.0887451172, 0.177357791, 0.838259842, 0.515757641, 0, 0, 0, 0, 0, 0, 0, 0.324358643, -0.0691518555, -0.184425293, 0.210372434, 0.170665128, -0.962527382, 0.0184326172, -0.985107422, -0.170532227, -0.977382853, 0.0181831132, -0.210406716, 0, 2, 5, 1, 
821.008486, 60, 0.1, 0.1, 0.00522213024, 0.354304612, -0.0199648273, 0.965282867, -0.261206791, -1.0541453e-005, 0.26120679, 0.965282866, -3.24712518e-005, 1.86571954e-005, 2.85904439e-005, 0.999999999, 0.965282887, -0.261206713, -2.45598142e-005, 0.261206712, 0.965282887, -4.61589809e-005, 3.5764204e-005, 3.8141286e-005, 0.999999999, 0, 0, 0, 0, 0, 0, 0, 0.280749878, -0.119139209, -0.212097876, 0.207546203, 0.480307835, -0.85217267, -0.961914063, 0.258178711, -0.0887451172, 0.177357791, 0.838259842, 0.515757641, 0, 0, 0, 0, 0, 0, 0, 0.324358643, -0.0691518555, -0.184425293, 0.210372434, 0.170665128, -0.962527382, 0.0184326172, -0.985107422, -0.170532227, -0.977382853, 0.0181831132, -0.210406716, 0, 2, 5, 1, 
821.009229, 60, 0.1, 0.1, 0.0052221282, 0.354304604, -0.0199674559, 0.965282679, -0.261207483, -7.74629412e-006, 0.261207483, 0.965282678, 4.47149762e-005, -4.20252288e-006, -4.51859821e-005, 0.999999999, 0.965282721, -0.261207329, 6.21242174e-006, 0.261207329, 0.96528272, 5.33057444e-005, -1.99205945e-005, -4.98323839e-005, 0.999999999, 0, 0, 0, 0, 0, 0, 0, 0.280749878, -0.119139209, -0.212097876, 0.207546203, 0.480307835, -0.85217267, -0.961914063, 0.258178711, -0.0887451172, 0.177357791, 0.838259842, 0.515757641, 0, 0, 0, 0, 0, 0, 0, 0.324358643, -0.0691518555, -0.184425293, 0.210372434, 0.170665128, -0.962527382, 0.0184326172, -0.985107422, -0.170532227, -0.977382853, 0.0181831132, -0.210406716, 0, 2, 5, 1, 
821.00992, 60, 0.1, 0.1, 0.0052221321, 0.354304608, -0.0199700756, 0.965282392, -0.261208546, 1.77793924e-006, 0.261208545, 0.96528239, -6.17361278e-005, 1.44097907e-005, 6.00572101e-005, 0.999999998, 0.965282462, -0.261208287, -1.62958981e-005, 0.261208286, 0.96528246, -5.52629719e-005, 3.01652909e-005, 4.90877539e-005, 0.999999998, 0, 0, 0, 0, 0, 0, 0, 0.280749878, -0.119139209, -0.212097876, 0.207546203, 0.480307835, -0.85217267, -0.961914063, 0.258178711, -0.0887451172, 0.177357791, 0.838259842, 0.515757641, 0, 0, 0, 0, 0, 0, 0, 0.324358643, -0.0691518555, -0.184425293, 0.210372434, 0.170665128, -0.962527382, 0.0184326172, -0.985107422, -0.170532227, -0.977382853, 0.0181831132, -0.210406716, 0, 2, 5, 1, 
821.010648, 60, 0.1, 0.1, 0.00522212581, 0.354304611, -0.0199721626, 0.965281954, -0.261210163, 6.51610636e-006, 0.261210163, 0.965281953, 3.22763842e-005, -1.47207995e-005, -2.9453738e-005, 0.999999999, 0.965282044, -0.26120983, 2.8870604e-005, 0.26120983, 0.965282044, 3.19659845e-006, -2.87032585e-005, 4.45566648e-006, 1, 0, 0, 0, 0, 0, 0, 0, 0.282059912, -0.120749341, -0.211621216, 0.207195362, 0.488346539, -0.847657014, -0.962646484, 0.255615234, -0.0881347656, 0.173582009, 0.834391206, 0.523199499, 0, 0, 0, 0, 0, 0, 0, 0.325102783, -0.0711058594, -0.183937061, 0.205081803, 0.172453702, -0.96338922, 0.0208740234, -0.984863281, -0.171875, -0.978429892, 0.0151797895, -0.205710333, 0, 2, 5, 1, 
821.011347, 60, 0.1, 0.1, 0.00522213184, 0.3543046, -0.0199732788, 0.965281472, -0.261211944, -2.08348496e-005, 0.261211945, 0.965281471, 4.33399916e-005, 8.79057079e-006, -4.72776024e-005, 0.999999999, 0.965281562, -0.261211608, -3.60745068e-005, 0.261211609, 0.965281561, 5.54317523e-005, 2.03426391e-005, -6.29303285e-005, 0.999999998, 0, 0, 0, 0, 0, 0, 0, 0.282059912, -0.120749341, -0.211621216, 0.207195362, 0.488346539, -0.847657014, -0.962646484, 0.255615234, -0.0881347656, 0.173582009, 0.834391206, 0.523199499, 0, 0, 0, 0, 0, 0, 0, 0.325102783, -0.0711058594, -0.183937061, 0.205081803, 0.172453702, -0.96338922, 0.0208740234, -0.984863281, -0.171875, -0.978429892, 0.0151797895, -0.205710333, 0, 2, 5, 1, 
821.012055, 60, 0.1, 0.1, 0.00522212775, 0.354304603, -0.0199732502, 0.965281106, -0.261213298, 1.22955301e-005, 0.261213299, 0.965281104, -4.54422242e-005, 1.47038105e-009, 4.70762764e-005, 0.999999999, 0.965281168, -0.261213066, 2.65718763e-005, 0.261213067, 0.965281167, -3.82898442e-005, -1.56475242e-005, 4.39013868e-005, 0.999999999, 0, 0, 0, 0, 0, 0, 0, 0.282059912, -0.120749341, -0.211621216, 0.207195362, 0.488346539, -0.847657014, -0.962646484, 0.255615234, -0.0881347656, 0.173582009, 0.834391206, 0.523199499, 0, 0, 0, 0, 0, 0, 0, 0.325102783, -0.0711058594, -0.183937061, 0.205081803, 0.172453702, -0.96338922, 0.0208740234, -0.984863281, -0.171875, -0.978429892, 0.0151797895, -0.205710333, 0, 2, 5, 1, 
821.012745, 60, 0.1, 0.1, 0.00522212724, 0.354304602, -0.0199721198, 0.965280855, -0.261214226, -9.96935593e-006, 0.261214226, 0.965280853, 4.66306877e-005, -2.55737057e-006, -4.76158476e-005, 0.999999999, 0.96528091, -0.261214021, 1.57552445e-006, 0.261214021, 0.96528091, 2.90628327e-005, -9.11244309e-006, -2.76422486e-005, 1, 0, 0, 0, 0, 0, 0, 0, 0.282059912, -0.120749341, -0.211621216, 0.207195362, 0.488346539, -0.847657014, -0.962646484, 0.255615234, -0.0881347656, 0.173582009, 0.834391206, 0.523199499, 0, 0, 0, 0, 0, 0, 0, 0.325102783, -0.0711058594, -0.183937061, 0.205081803, 0.172453702, -0.96338922, 0.0208740234, -0.984863281, -0.171875, -0.978429892, 0.0151797895, -0.205710333, 0, 2, 5, 1, 
821.013445, 60, 0.1, 0.1, 0.00522213021, 0.354304595, -0.0199703349, 0.965280543, -0.261215377, 1.71036997e-005, 0.261215377, 0.965280543, 3.40998968e-006, -1.74006102e-005, 1.17615267e-006, 1, 0.965280604, -0.26121515, -9.9216054e-006, 0.26121515, 0.965280604, 2.54200553e-005, 2.93702969e-006, -2.712916e-005, 1, 0, 0, 0, 0, 0, 0, 0, 0.282059912, -0.120749341, -0.211621216, 0.207195362, 0.488346539, -0.847657014, -0.962646484, 0.255615234, -0.0881347656, 0.173582009, 0.834391206, 0.523199499, 0, 0, 0, 0, 0, 0, 0, 0.325102783, -0.0711058594, -0.183937061, 0.205081803, 0.172453702, -0.96338922, 0.0208740234, -0.984863281, -0.171875, -0.978429892, 0.0151797895, -0.205710333, 0, 2, 5, 1, 
821.014149, 60, 0.1, 0.1, 0.0052221266, 0.354304597, -0.0199684548, 0.965280285, -0.261216329, -1.03338286e-005, 0.261216329, 0.965280285, 5.34030119e-006, 8.58006713e-006, -7.85425222e-006, 1, 0.965280325, -0.261216181, 3.02245337e-006, 0.261216181, 0.965280325, -1.3402935e-005, 5.83548731e-007, 1.37271032e-005, 1, 0, 0, 0, 0, 0, 0, 0, 0.282059912, -0.120749341, -0.211621216, 0.207195362, 0.488346539, -0.847657014, -0.962646484, 0.255615234, -0.0881347656, 0.173582009, 0.834391206, 0.523199499, 0, 0, 0, 0, 0, 0, 0, 0.325102783, -0.0711058594, -0.183937061, 0.205081803, 0.172453702, -0.96338922, 0.0208740234, -0.984863281, -0.171875, -0.978429892, 0.0151797895, -0.205710333, 0, 2, 5, 1, 
821.014854, 60, 0.1, 0.1, 0.00522212632, 0.354304596, -0.0199669742, 0.965280138, -0.261216872, 5.64101119e-006, 0.261216872, 0.965280138, -2.00907176e-005, -1.97121656e-007, 2.0866698e-005, 1, 0.965280167, -0.261216767, 1.42797282e-006, 0.261216767, 0.965280167, -1.1282155e-005, 1.56869421e-006, 1.12634509e-005, 1, 0, 0, 0, 0, 0, 0, 0, 0.282059912, -0.120749341, -0.211621216, 0.204833066, 0.497514533, -0.842906213, -0.963745117, 0.252441406, -0.0852050781, 0.170371994, 0.82984934, 0.531345665, 0, 0, 0, 0, 0, 0, 0, 0.325102783, -0.0711058594, -0.183937061, 0.205081803, 0.172453702, -0.96338922, 0.0208740234, -0.984863281, -0.171875, -0.978429892, 0.0151797895, -0.205710333, 0, 2, 5, 1, 
821.015572, 60, 0.1, 0.1, 0.00522212672, 0.354304593, -0.0199659958, 0.965280034, -0.261217258, -7.5275613e-006, 0.261217259, 0.965280034, 2.69206815e-005, 2.34058002e-007, -2.79523253e-005, 1, 0.965280054, -0.261217183, 3.70778823e-007, 0.261217183, 0.965280054, 2.9753467e-005, -8.13002226e-006, -2.86235745e-005, 1, 0, 0, 0, 0, 0, 0, 0, 0.28304563, -0.122080566, -0.21157688, 0.204833066, 0.497514533, -0.842906213, -0.963745117, 0.252441406, -0.0852050781, 0.170371994, 0.82984934, 0.531345665, 0, 0, 0, 0, 0, 0, 0, 0.325590479, -0.0730549805, -0.183430273, 0.199305565, 0.174389198, -0.964206215, 0.0234375, -0.98449707, -0.173217773, -0.979527969, 0.0119464224, -0.200272781, 0, 2, 5, 1, 
821.01627, 60, 0.1, 0.1, 0.00522212579, 0.354304594, -0.0199661567, 0.965279921, -0.261217675, 1.15961708e-005, 0.261217675, 0.965279921, -1.37692427e-006, -1.08338739e-005, 4.35824214e-006, 1, 0.965279947, -0.261217578, 1.28147911e-005, 0.261217578, 0.965279947, -1.26681678e-005, -9.0607128e-006, 1.55757771e-005, 1, 0, 0, 0, 0, 0, 0, 0, 0.28304563, -0.122080566, -0.21157688, 0.204833066, 0.497514533, -0.842906213, -0.963745117, 0.252441406, -0.0852050781, 0.170371994, 0.82984934, 0.531345665, 0, 0, 0, 0, 0, 0, 0, 0.325590479, -0.0730549805, -0.183430273, 0.199305565, 0.174389198, -0.964206215, 0.0234375, -0.98449707, -0.173217773, -0.979527969, 0.0119464224, -0.200272781, 0, 2, 5, 1, 
821.016992, 60, 0.1, 0.1, 0.00522212894, 0.354304591, -0.0199673279, 0.965279742, -0.261218337, -5.71802288e-006, 0.261218337, 0.965279742, -1.05604823e-005, 8.27808328e-006, 8.70016724e-006, 1, 0.965279781, -0.261218191, -2.40876304e-005, 0.261218191, 0.965279781, 6.82417458e-006, 2.14687041e-005, -1.2879365e-005, 1, 0, 0, 0, 0, 0, 0, 0, 0.28304563, -0.122080566, -0.21157688, 0.204833066, 0.497514533, -0.842906213, -0.963745117, 0.252441406, -0.0852050781, 0.170371994, 0.82984934, 0.531345665, 0, 0, 0, 0, 0, 0, 0, 0.325590479, -0.0730549805, -0.183430273, 0.199305565, 0.174389198, -0.964206215, 0.0234375, -0.98449707, -0.173217773, -0.979527969, 0.0119464224, -0.200272781, 0, 2, 5, 1, 
821.017686, 60, 0.1, 0.1, 0.0052221242, 0.354304591, -0.019968776, 0.96527947, -0.261219343, -1.84421063e-006, 0.261219343, 0.96527947, 1.64115035e-005, -2.50682351e-006, -1.63234309e-005, 1, 0.965279527, -0.261219129, 1.87479445e-005, 0.261219129, 0.965279528, 1.30859896e-005, -2.15153179e-005, -7.73431611e-006, 1, 0, 0, 0, 0, 0, 0, 0, 0.28304563, -0.122080566, -0.21157688, 0.204833066, 0.497514533, -0.842906213, -0.963745117, 0.252441406, -0.0852050781, 0.170371994, 0.82984934, 0.531345665, 0, 0, 0, 0, 0, 0, 0, 0.325590479, -0.0730549805, -0.183430273, 0.199305565, 0.174389198, -0.964206215, 0.0234375, -0.98449707, -0.173217773, -0.979527969, 0.0119464224, -0.200272781, 0, 2, 5, 1, 
821.018386, 60, 0.1, 0.1, 0.00522213081, 0.354304594, -0.0199703549, 0.965279106, -0.261220687, -2.21644609e-005, 0.261220687, 0.965279106, -3.22354493e-005, 2.98154572e-005, 2.532639e-005, 0.999999999, 0.965279182, -0.261220405, -3.57629689e-005, 0.261220404, 0.965279182, -3.59977962e-005, 4.39246083e-005, 2.54059061e-005, 0.999999999, 0, 0, 0, 0, 0, 0, 0, 0.28304563, -0.122080566, -0.21157688, 0.204833066, 0.497514533, -0.842906213, -0.963745117, 0.252441406, -0.0852050781, 0.170371994, 0.82984934, 0.531345665, 0, 0, 0, 0, 0, 0, 0, 0.325590479, -0.0730549805, -0.183430273, 0.199305565, 0.174389198, -0.964206215, 0.0234375, -0.98449707, -0.173217773, -0.979527969, 0.0119464224, -0.200272781, 0, 2, 5, 1, 
821.019085, 60, 0.1, 0.1, 0.00522212393, 0.354304591, -0.0199716438, 0.96527873, -0.261222072, 5.31910741e-005, 0.261222072, 0.965278731, 1.65277854e-005, -5.56616349e-005, -2.05923716e-006, 0.999999998, 0.965278801, -0.261221811, 5.08161586e-005, 0.26122181, 0.965278802, 2.49561414e-005, -5.55708491e-005, -1.08153453e-005, 0.999999998, 0, 0, 0, 0, 0, 0, 0, 0.28304563, -0.122080566, -0.21157688, 0.204833066, 0.497514533, -0.842906213, -0.963745117, 0.252441406, -0.0852050781, 0.170371994, 0.82984934, 0.531345665, 0, 0, 0, 0, 0, 0, 0, 0.325590479, -0.0730549805, -0.183430273, 0.199305565, 0.174389198, -0.964206215, 0.0234375, -0.98449707, -0.173217773, -0.979527969, 0.0119464224, -0.200272781, 0, 2, 5, 1, 
821.01979, 60, 0.1, 0.1, 0.00522212421, 0.354304593, -0.0199721972, 0.965278492, -0.26122295, -6.09875297e-005, 0.261222951, 0.965278494, -5.38844203e-006, 6.02775356e-005, -1.07299953e-005, 0.999999998, 0.965278521, -0.261222849, -3.37878293e-005, 0.261222848, 0.965278521, -1.70576234e-005, 3.70705068e-005, 7.63920448e-006, 0.999999999, 0, 0, 0, 0, 0, 0, 0, 0.284285107, -0.123679834, -0.211323462, 0.203073608, 0.505775275, -0.838390557, -0.96472168, 0.249511719, -0.0831298828, 0.167066498, 0.825821945, 0.538787523, 0, 0, 0, 0, 0, 0, 0, 0.325590479, -0.0730549805, -0.183430273, 0.199305565, 0.174389198, -0.964206215, 0.0234375, -0.98449707, -0.173217773, -0.979527969, 0.0119464224, -0.200272781, 0, 2, 5, 1, 
821.020503, 60, 0.1, 0.1, 0.00522213614, 0.354304594, -0.0199717146, 0.965278358, -0.26122345, -1.84080638e-005, 0.261223449, 0.965278358, -2.84980564e-005, 2.52132662e-005, 2.26999392e-005, 0.999999999, 0.96527838, -0.261223364, -4.97053366e-005, 0.261223363, 0.965278382, -1.33203593e-005, 5.1459076e-005, -1.26340404e-007, 0.999999999, 0, 0, 0, 0, 0, 0, 0, 0.284285107, -0.123679834, -0.211323462, 0.203073608, 0.505775275, -0.838390557, -0.96472168, 0.249511719, -0.0831298828, 0.167066498, 0.825821945, 0.538787523, 0, 0, 0, 0, 0, 0, 0, 0.326642578, -0.0748526367, -0.182729297, 0.195216191, 0.175576961, -0.964806293, 0.0272216797, -0.984375, -0.173706055, -0.980326008, 0.00765252379, -0.196899056, 0, 2, 5, 1, 
821.021209, 60, 0.1, 0.1, 0.00522212695, 0.354304596, -0.0199706347, 0.965278133, -0.261224281, 4.4442265e-005, 0.26122428, 0.965278134, 1.7821545e-005, -4.75545669e-005, -5.59334898e-006, 0.999999999, 0.965278184, -0.261224089, 5.65890874e-005, 0.26122409, 0.965278185, -2.74560515e-006, -5.39069934e-005, 1.74327056e-005, 0.999999998, 0, 0, 0, 0, 0, 0, 0, 0.284285107, -0.123679834, -0.211323462, 0.203073608, 0.505775275, -0.838390557, -0.96472168, 0.249511719, -0.0831298828, 0.167066498, 0.825821945, 0.538787523, 0, 0, 0, 0, 0, 0, 0, 0.326642578, -0.0748526367, -0.182729297, 0.195216191, 0.175576961, -0.964806293, 0.0272216797, -0.984375, -0.173706055, -0.980326008, 0.00765252379, -0.196899056, 0, 2, 5, 1, 
821.021898, 60, 0.1, 0.1, 0.00522213058, 0.354304596, -0.0199693571, 0.965277785, -0.261225564, -4.99946345e-005, 0.261225562, 0.965277786, -3.75047236e-005, 5.80559027e-005, 2.31426e-005, 0.999999998, 0.965277867, -0.261225261, -4.61805722e-005, 0.26122526, 0.965277868, -1.21588298e-005, 4.77532778e-005, -3.26882723e-007, 0.999999999, 0, 0, 0, 0, 0, 0, 0, 0.284285107, -0.123679834, -0.211323462, 0.203073608, 0.505775275, -0.838390557, -0.96472168, 0.249511719, -0.0831298828, 0.167066498, 0.825821945, 0.538787523, 0, 0, 0, 0, 0, 0, 0, 0.326642578, -0.0748526367, -0.182729297, 0.195216191, 0.175576961, -0.964806293, 0.0272216797, -0.984375, -0.173706055, -0.980326008, 0.00765252379, -0.196899056, 0, 2, 5, 1, 
821.022626, 60, 0.1, 0.1, 0.00522213299, 0.354304601, -0.0199678482, 0.965277316, -0.261227299, 2.30141797e-005, 0.261227299, 0.965277317, 1.30781346e-005, -2.56314314e-005, -6.61209465e-006, 1, 0.965277414, -0.26122694, 1.15066191e-005, 0.26122694, 0.965277414, -1.69064376e-005, -6.6906626e-006, 1.93252413e-005, 1, 0, 0, 0, 0, 0, 0, 0, 0.285738428, -0.124810889, -0.211047705, 0.201180478, 0.514480095, -0.83345591, -0.965820313, 0.245727539, -0.0814208984, 0.162917031, 0.82147703, 0.546533795, 0, 0, 0, 0, 0, 0, 0, 0.327722998, -0.0763875, -0.181805322, 0.191465501, 0.177569693, -0.965221171, 0.0319824219, -0.984008789, -0.174804687, -0.980842964, 0.00270677452, -0.194119579, 0, 2, 5, 1, 
821.023326, 60, 0.1, 0.1, 0.00522213105, 0.354304598, -0.0199669886, 0.965276818, -0.261229143, -1.20750512e-005, 0.261229143, 0.965276818, -2.25339466e-005, 1.75422905e-005, 1.8597141e-005, 1, 0.96527692, -0.261228764, -7.33857931e-006, 0.261228765, 0.96527692, 4.5228699e-006, 5.90225752e-006, -6.28286993e-006, 1, 0, 0, 0, 0, 0, 0, 0, 0.285738428, -0.124810889, -0.211047705, 0.201180478, 0.514480095, -0.83345591, -0.965820313, 0.245727539, -0.0814208984, 0.162917031, 0.82147703, 0.546533795, 0, 0, 0, 0, 0, 0, 0, 0.327722998, -0.0763875, -0.181805322, 0.191465501, 0.177569693, -0.965221171, 0.0319824219, -0.984008789, -0.174804687, -0.980842964, 0.00270677452, -0.194119579, 0, 2, 5, 1, 
821.024095, 60, 0.1, 0.1, 0.00522213002, 0.354304599, -0.0199667321, 0.965276221, -0.261231349, -1.54821599e-007, 0.261231348, 0.96527622, 3.81085188e-005, -9.80569415e-006, -3.68256913e-005, 0.999999999, 0.965276399, -0.261230689, 1.65115772e-005, 0.261230689, 0.965276399, -2.48160117e-006, -1.52899654e-005, 6.70876173e-006, 1, 0, 0, 0, 0, 0, 0, 0, 0.285738428, -0.124810889, -0.211047705, 0.201180478, 0.514480095, -0.83345591, -0.965820313, 0.245727539, -0.0814208984, 0.162917031, 0.82147703, 0.546533795, 0, 0, 0, 0, 0, 0, 0, 0.327722998, -0.0763875, -0.181805322, 0.191465501, 0.177569693, -0.965221171, 0.0319824219, -0.984008789, -0.174804687, -0.980842964, 0.00270677452, -0.194119579, 0, 2, 5, 1, 
821.0248, 60, 0.1, 0.1, 0.00522213219, 0.354304591, -0.0199665471, 0.965275644, -0.261233479, 3.56871805e-006, 0.261233479, 0.965275644, 4.0291637e-006, -4.49734907e-006, -2.95698495e-006, 1, 0.965275753, -0.261233078, -1.07706376e-005, 0.261233079, 0.965275752, 2.94442408e-005, 2.7048256e-006, -3.12354585e-005, 1, 0, 0, 0, 0, 0, 0, 0, 0.285738428, -0.124810889, -0.211047705, 0.201180478, 0.514480095, -0.83345591, -0.965820313, 0.245727539, -0.0814208984, 0.162917031, 0.82147703, 0.546533795, 0, 0, 0, 0, 0, 0, 0, 0.327722998, -0.0763875, -0.181805322, 0.191465501, 0.177569693, -0.965221171, 0.0319824219, -0.984008789, -0.174804687, -0.980842964, 0.00270677452, -0.194119579, 0, 2, 5, 1, 
821.025498, 60, 0.1, 0.1, 0.00522212985, 0.354304602, -0.0199672765, 0.965275205, -0.261235101, 2.34531951e-005, 0.261235101, 0.965275203, -5.93256478e-005, -7.1408461e-006, 6.33923747e-005, 0.999999998, 0.965275289, -0.261234793, 1.06664199e-005, 0.261234793, 0.965275286, -7.40996587e-005, 9.06137746e-006, 7.43130095e-005, 0.999999997, 0, 0, 0, 0, 0, 0, 0, 0.285738428, -0.124810889, -0.211047705, 0.201180478, 0.514480095, -0.83345591, -0.965820313, 0.245727539, -0.0814208984, 0.162917031, 0.82147703, 0.546533795, 0, 0, 0, 0, 0, 0, 0, 0.327722998, -0.0763875, -0.181805322, 0.191465501, 0.177569693, -0.965221171, 0.0319824219, -0.984008789, -0.174804687, -0.980842964, 0.00270677452, -0.194119579, 0, 2, 5, 1, 
821.026195, 60, 0.1, 0.1, 0.00522213064, 0.354304598, -0.0199687265, 0.965274754, -0.261236768, -2.33329396e-005, 0.261236769, 0.965274751, 7.06517414e-005, 4.06586489e-006, -7.42937641e-005, 0.999999997, 0.965274834, -0.261236473, -2.40483539e-005, 0.261236474, 0.965274832, 5.38565462e-005, 9.14397662e-006, -5.82686759e-005, 0.999999998, 0, 0, 0, 0, 0, 0, 0, 0.285738428, -0.124810889, -0.211047705, 0.201180478, 0.514480095, -0.83345591, -0.965820313, 0.245727539, -0.0814208984, 0.162917031, 0.82147703, 0.546533795, 0, 0, 0, 0, 0, 0, 0, 0.327722998, -0.0763875, -0.181805322, 0.191465501, 0.177569693, -0.965221171, 0.0319824219, -0.984008789, -0.174804687, -0.980842964, 0.00270677452, -0.194119579, 0, 2, 5, 1, 
821.026896, 60, 0.1, 0.1, 0.0052221319, 0.354304588, -0.0199704479, 0.965274413, -0.261238029, -5.78083386e-006, 0.261238029, 0.965274413, -8.99185218e-006, 7.92910475e-006, 7.16943119e-006, 1, 0.965274488, -0.261237751, -1.15430469e-005, 0.261237751, 0.965274488, 2.86214806e-005, 3.66519747e-006, -3.06430646e-005, 1, 0, 0, 0, 0, 0, 0, 0, 0.285738428, -0.124810889, -0.211047705, 0.198722702, 0.523730465, -0.828324311, -0.966918945, 0.241943359, -0.0789794922, 0.159104179, 0.816674933, 0.554743241, 0, 0, 0, 0, 0, 0, 0, 0.327722998, -0.0763875, -0.181805322, 0.191465501, 0.177569693, -0.965221171, 0.0319824219, -0.984008789, -0.174804687, -0.980842964, 0.00270677452, -0.194119579, 0, 2, 5, 1, 
821.027607, 60, 0.1, 0.1, 0.00522212812, 0.354304596, -0.0199715709, 0.965274014, -0.261239504, 6.44527177e-006, 0.261239504, 0.965274013, -2.85375248e-005, 1.23367547e-006, 2.92302907e-005, 1, 0.965274089, -0.261239224, 2.27313987e-005, 0.261239225, 0.965274088, -4.05796291e-005, -1.13410394e-005, 4.51087975e-005, 0.999999999, 0, 0, 0, 0, 0, 0, 0, 0.286717432, -0.125692212, -0.210313989, 0.198722702, 0.523730465, -0.828324311, -0.966918945, 0.241943359, -0.0789794922, 0.159104179, 0.816674933, 0.554743241, 0, 0, -0, 0, 0, 0, 0, 0.328485449, -0.077667627, -0.181085791, 0.186404913, 0.180060791, -0.965776406, 0.0364990234, -0.983520508, -0.176391602, -0.981743082, -0.00230933706, -0.190004684, 0, 2, 5, 1, 
821.028306, 60, 0.1, 0.1, 0.00522213016, 0.354304588, -0.0199720606, 0.965273706, -0.26124064, -1.65895336e-005, 0.26124064, 0.965273704, 6.01681027e-005, 2.95086894e-007, -6.24125479e-005, 0.999999998, 0.965273763, -0.261240431, -1.34261973e-005, 0.261240431, 0.965273761, 5.99916872e-005, -2.71229825e-006, -6.14158672e-005, 0.999999998, 0, 0, 0, 0, 0, 0, 0, 0.286717432, -0.125692212, -0.210313989, 0.198722702, 0.523730465, -0.828324311, -0.966918945, 0.241943359, -0.0789794922, 0.159104179, 0.816674933, 0.554743241, 0, 0, -0, 0, 0, 0, 0, 0.328485449, -0.077667627, -0.181085791, 0.186404913, 0.180060791, -0.965776406, 0.0364990234, -0.983520508, -0.176391602, -0.981743082, -0.00230933706, -0.190004684, 0, 2, 5, 1, 
821.029005, 60, 0.1, 0.1, 0.00522213093, 0.354304586, -0.0199718724, 0.965273433, -0.261241649, 7.39787282e-006, 0.261241649, 0.965273432, -4.78880112e-005, 5.36937295e-006, 4.81576575e-005, 0.999999999, 0.965273497, -0.261241415, -5.2487058e-006, 0.261241414, 0.965273496, -2.62288544e-005, 1.19184996e-005, 2.39468387e-005, 1, 0, 0, 0, 0, 0, 0, 0, 0.286717432, -0.125692212, -0.210313989, 0.198722702, 0.523730465, -0.828324311, -0.966918945, 0.241943359, -0.0789794922, 0.159104179, 0.816674933, 0.554743241, 0, 0, -0, 0, 0, 0, 0, 0.328485449, -0.077667627, -0.181085791, 0.186404913, 0.180060791, -0.965776406, 0.0364990234, -0.983520508, -0.176391602, -0.981743082, -0.00230933706, -0.190004684, 0, 2, 5, 1, 
