time, trialNum, realDorsalTactorPos, realVentralTactorPos, boxPosX, boxPosY, boxPosZ, boxLocalRot_11, boxLocalRot_12, boxLocalRot_13, boxLocalRot_21, boxLocalRot_22, boxLocalRot_23, boxLocalRot_31, boxLocalRot_32, boxLocalRot_33, boxGlobalRot_11, boxGlobalRot_12, boxGlobalRot_13, boxGlobalRot_21, boxGlobalRot_22, boxGlobalRot_23, boxGlobalRot_31, boxGlobalRot_32, boxGlobalRot_33, indexForceX, indexForceY, indexForceZ, indexForceGlobalX, indexForceGlobalY, indexForceGlobalZ, indexContact, indexPosX, indexPosY, indexPosZ, indexRot_11, indexRot_12, indexRot_13, indexRot_21, indexRot_22, indexRot_23, indexRot_31, indexRot_32, indexRot_33, thumbForceX, thumbForceY, thumbForceZ, thumbForceGlobalX, thumbForceGlobalY, thumbForceGlobalZ, thumbContact, thumbPosX, thumbPosY, thumbPosZ, thumbRot_11, thumbRot_12, thumbRot_13, thumbRot_21, thumbRot_22, thumbRot_23, thumbRot_31, thumbRot_32, thumbRot_33, manipForceTooHigh, cceExpType, mapping, trialSuccess, 
881.266817, 61, 0.1, 0.1, 0.0216609131, 0.365000764, -0.0199757678, 0.985717158, 6.73697133e-005, 0.168409263, 0.168409263, 2.78924568e-006, -0.98571716, -6.68772173e-005, 0.999999998, -8.59627643e-006, 0.985717197, 7.38459506e-005, 0.168409032, 0.168409034, -1.61633093e-005, -0.985717199, -7.00691763e-005, 0.999999997, -2.83687772e-005, 0, 0, 0, 0, 0, 0, 0, 0.272675122, -0.0862286865, -0.17894873, -0.25682771, 0.511836204, -0.81971645, -0.965454102, -0.100341797, 0.239868164, 0.0405539212, 0.853164541, 0.52013366, 0, 0, -0, 0, 0, 0, 0, 0.311863184, -0.031040625, -0.133578662, -0.00163422161, 0.395925362, -0.918222432, 0.731689453, -0.625366211, -0.270996094, -0.681639289, -0.672258168, -0.288601408, 0, 2, 5, 1, 
881.310076, 61, 0.1, 0.1, 0.021660909, 0.36500083, -0.0199706301, 0.985719848, 4.13033591e-005, 0.168393526, 0.168393526, -6.29385957e-006, -0.985719849, -3.96536957e-005, 0.999999999, -1.31592006e-005, 0.985719832, 4.32328245e-005, 0.16839362, 0.168393621, -6.30688539e-006, -0.985719833, -4.15534133e-005, 0.999999999, -1.34969539e-005, 0, 0, 0, 0, 0, 0, 0, 0.286472925, -0.103225439, -0.174175293, -0.298273661, 0.498267129, -0.813977145, -0.954345703, -0.165771484, 0.248168945, -0.0112170781, 0.850987953, 0.525157056, 0, 0, -0, 0, 0, 0, 0, 0.322193848, -0.0469568848, -0.128448486, -0.0333692101, 0.390282151, -0.9200234, 0.774169922, -0.572021484, -0.270751953, -0.63194992, -0.721334664, -0.283144532, 0, 2, 5, 1, 
881.310779, 61, 0.1, 0.1, 0.0216609118, 0.36500083, -0.0199716328, 0.985719896, -4.85624673e-005, 0.16839324, 0.16839324, 1.22060281e-006, -0.985719898, 4.76634491e-005, 0.999999999, 9.38076371e-006, 0.985719894, -4.25191238e-005, 0.168393254, 0.168393254, 1.26308278e-005, -0.985719895, 3.97850001e-005, 0.999999999, 1.96103918e-005, 0, 0, 0, 0, 0, 0, 0, 0.286472925, -0.103225439, -0.174175293, -0.298273661, 0.498267129, -0.813977145, -0.954345703, -0.165771484, 0.248168945, -0.0112170781, 0.850987953, 0.525157056, 0, 0, -0, 0, 0, 0, 0, 0.322193848, -0.0469568848, -0.128448486, -0.0333692101, 0.390282151, -0.9200234, 0.774169922, -0.572021484, -0.270751953, -0.63194992, -0.721334664, -0.283144532, 0, 2, 5, 1, 
881.311502, 61, 0.1, 0.1, 0.0216609125, 0.365000833, -0.0199718464, 0.985719857, 3.35764822e-005, 0.168393477, 0.168393476, 1.61425227e-005, -0.985719857, -3.58153007e-005, 0.999999999, 1.02579447e-005, 0.985719875, 1.77873646e-005, 0.168393372, 0.168393372, -5.54652512e-006, -0.985719875, -1.65993607e-005, 1, -8.46259435e-006, 0, 0, 0, 0, 0, 0, 0, 0.287735474, -0.105112451, -0.173548169, -0.299569946, 0.496255675, -0.814751846, -0.953857422, -0.169067383, 0.247680664, -0.0147195248, 0.85155372, 0.524167429, 0, 0, -0, 0, 0, 0, 0, 0.322193848, -0.0469568848, -0.128448486, -0.0354005878, 0.389240209, -0.920368282, 0.776611328, -0.568847656, -0.270507812, -0.628972116, -0.724267259, -0.282198839, 0, 2, 5, 1, 
881.312197, 61, 0.1, 0.1, 0.0216609081, 0.365000833, -0.0199712064, 0.985719784, -1.66816072e-005, 0.168393905, 0.168393904, -2.06857811e-005, -0.985719784, 1.99267497e-005, 1, -1.75813028e-005, 0.985719794, 9.96518718e-006, 0.168393849, 0.168393849, -8.27444012e-006, -0.985719794, -8.42951743e-006, 1, -9.83435563e-006, 0, 0, 0, 0, 0, 0, 0, 0.287735474, -0.105112451, -0.173548169, -0.299569946, 0.496255675, -0.814751846, -0.953857422, -0.169067383, 0.247680664, -0.0147195248, 0.85155372, 0.524167429, 0, 0, -0, 0, 0, 0, 0, 0.322791797, -0.0484269531, -0.128004932, -0.0354005878, 0.389240209, -0.920368282, 0.776611328, -0.568847656, -0.270507812, -0.628972116, -0.724267259, -0.282198839, 0, 2, 5, 1, 
881.312891, 61, 0.1, 0.1, 0.0216609144, 0.365000834, -0.0199701809, 0.985719784, -1.20447132e-005, 0.168393906, 0.168393906, 1.74401238e-005, -0.985719784, 8.93590156e-006, 1, 1.92193313e-005, 0.985719777, -3.35250259e-005, 0.168393943, 0.168393943, 1.48169889e-005, -0.985719777, 3.05511898e-005, 0.999999999, 2.02508104e-005, 0, 0, 0, 0, 0, 0, 0, 0.287735474, -0.105112451, -0.173548169, -0.299569946, 0.496255675, -0.814751846, -0.953857422, -0.169067383, 0.247680664, -0.0147195248, 0.85155372, 0.524167429, 0, 0, -0, 0, 0, 0, 0, 0.322791797, -0.0484269531, -0.128004932, -0.0354005878, 0.389240209, -0.920368282, 0.776611328, -0.568847656, -0.270507812, -0.628972116, -0.724267259, -0.282198839, 0, 2, 5, 1, 
881.313585, 61, 0.1, 0.1, 0.0216609061, 0.365000836, -0.0199690888, 0.985719855, 3.46120689e-005, 0.168393487, 0.168393487, -5.22208721e-006, -0.985719855, -3.32384381e-005, 0.999999999, -1.0975962e-005, 0.985719839, 4.89797723e-005, 0.168393578, 0.168393578, -1.23435626e-005, -0.98571984, -4.62017567e-005, 0.999999999, -2.04151736e-005, 0, 0, 0, 0, 0, 0, 0, 0.287735474, -0.105112451, -0.173548169, -0.299569946, 0.496255675, -0.814751846, -0.953857422, -0.169067383, 0.247680664, -0.0147195248, 0.85155372, 0.524167429, 0, 0, -0, 0, 0, 0, 0, 0.322791797, -0.0484269531, -0.128004932, -0.0354005878, 0.389240209, -0.920368282, 0.776611328, -0.568847656, -0.270507812, -0.628972116, -0.724267259, -0.282198839, 0, 2, 5, 1, 
881.314307, 61, 0.1, 0.1, 0.0216609122, 0.365000837, -0.0199681165, 0.985719885, -4.51097357e-005, 0.168393307, 0.168393306, -2.68110862e-005, -0.985719886, 4.8980371e-005, 0.999999999, -1.88320433e-005, 0.985719887, -5.10184771e-005, 0.168393298, 0.168393298, -7.44584426e-006, -0.985719888, 5.15437578e-005, 0.999999999, 1.25165283e-006, 0, 0, 0, 0, 0, 0, 0, 0.287735474, -0.105112451, -0.173548169, -0.299569946, 0.496255675, -0.814751846, -0.953857422, -0.169067383, 0.247680664, -0.0147195248, 0.85155372, 0.524167429, 0, 0, -0, 0, 0, 0, 0, 0.323592969, -0.0501368652, -0.127562842, -0.0376492491, 0.387955464, -0.920885604, 0.778686523, -0.566040039, -0.270263672, -0.626262635, -0.727225373, -0.280780299, 0, 2, 5, 1, 
881.315004, 61, 0.1, 0.1, 0.021660909, 0.36500084, -0.0199674993, 0.985719822, 4.54856114e-005, 0.168393676, 0.168393675, 2.28162528e-005, -0.985719823, -4.86781815e-005, 0.999999999, 1.48309434e-005, 0.985719841, 3.85625663e-005, 0.168393569, 0.168393568, 1.12142972e-005, -0.985719842, -3.99003023e-005, 0.999999999, 4.56046712e-006, 0, 0, 0, 0, 0, 0, 0, 0.287735474, -0.105112451, -0.173548169, -0.299569946, 0.496255675, -0.814751846, -0.953857422, -0.169067383, 0.247680664, -0.0147195248, 0.85155372, 0.524167429, 0, 0, -0, 0, 0, 0, 0, 0.323592969, -0.0501368652, -0.127562842, -0.0376492491, 0.387955464, -0.920885604, 0.778686523, -0.566040039, -0.270263672, -0.626262635, -0.727225373, -0.280780299, 0, 2, 5, 1, 
881.315697, 61, 0.1, 0.1, 0.0216609074, 0.365000842, -0.0199675657, 0.985719747, -3.87039317e-005, 0.168394115, 0.168394114, -2.64515733e-005, -0.985719748, 4.26055191e-005, 0.999999999, -1.95563239e-005, 0.985719756, -1.8317691e-005, 0.168394071, 0.16839407, -2.50869253e-005, -0.985719756, 2.22805993e-005, 1, -2.16440873e-005, 0, 0, 0, 0, 0, 0, 0, 0.287735474, -0.105112451, -0.173548169, -0.299569946, 0.496255675, -0.814751846, -0.953857422, -0.169067383, 0.247680664, -0.0147195248, 0.85155372, 0.524167429, 0, 0, -0, 0, 0, 0, 0, 0.323592969, -0.0501368652, -0.127562842, -0.0376492491, 0.387955464, -0.920885604, 0.778686523, -0.566040039, -0.270263672, -0.626262635, -0.727225373, -0.280780299, 0, 2, 5, 1, 
881.316407, 61, 0.1, 0.1, 0.0216609122, 0.365000842, -0.0199682605, 0.985719764, 1.96338647e-005, 0.16839402, 0.16839402, 1.55657193e-005, -0.985719764, -2.19746625e-005, 1, 1.20372118e-005, 0.985719753, -1.6072021e-005, 0.168394086, 0.168394086, 2.09069716e-005, -0.985719753, 1.23218982e-005, 1, 2.33148482e-005, 0, 0, 0, 0, 0, 0, 0, 0.287735474, -0.105112451, -0.173548169, -0.301513251, 0.493901615, -0.815444172, -0.95324707, -0.172119141, 0.248168945, -0.0176251258, 0.852297343, 0.522917571, 0, 0, -0, 0, 0, 0, 0, 0.323592969, -0.0501368652, -0.127562842, -0.0376492491, 0.387955464, -0.920885604, 0.778686523, -0.566040039, -0.270263672, -0.626262635, -0.727225373, -0.280780299, 0, 2, 5, 1, 
881.3171, 61, 0.1, 0.1, 0.021660904, 0.365000843, -0.0199692175, 0.985719847, 1.2299593e-005, 0.168393538, 0.168393538, 1.44180187e-005, -0.985719847, -1.45518541e-005, 1, 1.21409552e-005, 0.985719829, 3.7502305e-005, 0.168393636, 0.168393636, -4.1482704e-007, -0.98571983, -3.68969115e-005, 0.999999999, -6.72405274e-006, 0, 0, 0, 0, 0, 0, 0, 0.288966772, -0.106793188, -0.172917627, -0.301513251, 0.493901615, -0.815444172, -0.95324707, -0.172119141, 0.248168945, -0.0176251258, 0.852297343, 0.522917571, 0, 0, -0, 0, 0, 0, 0, 0.323592969, -0.0501368652, -0.127562842, -0.0376492491, 0.387955464, -0.920885604, 0.778686523, -0.566040039, -0.270263672, -0.626262635, -0.727225373, -0.280780299, 0, 2, 5, 1, 
881.317793, 61, 0.1, 0.1, 0.0216609106, 0.365000845, -0.0199702797, 0.985719859, -2.9930345e-005, 0.168393463, 0.168393463, -2.49452147e-005, -0.985719859, 3.37035466e-005, 0.999999999, -1.95489191e-005, 0.985719863, -4.23711802e-005, 0.16839344, 0.168393439, -1.76871178e-005, -0.985719864, 4.47445086e-005, 0.999999999, -1.02995145e-005, 0, 0, 0, 0, 0, 0, 0, 0.288966772, -0.106793188, -0.172917627, -0.301513251, 0.493901615, -0.815444172, -0.95324707, -0.172119141, 0.248168945, -0.0176251258, 0.852297343, 0.522917571, 0, 0, -0, 0, 0, 0, 0, 0.323592969, -0.0501368652, -0.127562842, -0.0376492491, 0.387955464, -0.920885604, 0.778686523, -0.566040039, -0.270263672, -0.626262635, -0.727225373, -0.280780299, 0, 2, 5, 1, 
881.318486, 61, 0.1, 0.1, 0.0216609058, 0.365000844, -0.0199711324, 0.985719794, 3.51614713e-005, 0.168393841, 0.16839384, 2.28181375e-005, -0.985719795, -3.85017921e-005, 0.999999999, 1.65713146e-005, 0.98571981, 3.73818817e-005, 0.16839375, 0.168393749, 2.35898109e-005, -0.98571981, -4.0820438e-005, 0.999999999, 1.69580687e-005, 0, 0, 0, 0, 0, 0, 0, 0.288966772, -0.106793188, -0.172917627, -0.301513251, 0.493901615, -0.815444172, -0.95324707, -0.172119141, 0.248168945, -0.0176251258, 0.852297343, 0.522917571, 0, 0, -0, 0, 0, 0, 0, 0.323592969, -0.0501368652, -0.127562842, -0.0376492491, 0.387955464, -0.920885604, 0.778686523, -0.566040039, -0.270263672, -0.626262635, -0.727225373, -0.280780299, 0, 2, 5, 1, 
881.319205, 61, 0.1, 0.1, 0.0216609087, 0.365000848, -0.0199713263, 0.985719742, -4.98556632e-005, 0.168394141, 0.168394141, -1.71001327e-005, -0.985719744, 5.20232737e-005, 0.999999999, -8.46053681e-006, 0.985719746, -4.0998122e-005, 0.168394126, 0.168394125, -2.55753322e-005, -0.985719746, 4.47193941e-005, 0.999999999, -1.8306267e-005, 0, 0, 0, 0, 0, 0, 0, 0.289997778, -0.108644922, -0.172044922, -0.303062653, 0.492594469, -0.815799882, -0.952636719, -0.174194336, 0.248657227, -0.0196043793, 0.852627966, 0.522232359, 0, 0, -0, 0, 0, 0, 0, 0.324235596, -0.0518150391, -0.12667793, -0.0389139378, 0.386983885, -0.921192206, 0.780761719, -0.563476563, -0.269775391, -0.623572477, -0.729659602, -0.280198811, 0, 2, 5, 1, 
881.319895, 61, 0.1, 0.1, 0.0216609107, 0.365000848, -0.0199709834, 0.985719778, 3.35197371e-005, 0.168393937, 0.168393937, -4.70702844e-006, -0.985719779, -3.22484328e-005, 0.999999999, -1.02843315e-005, 0.985719763, 1.21009103e-005, 0.168394027, 0.168394027, 9.92363803e-006, -0.985719763, -1.35991878e-005, 1, 7.74420512e-006, 0, 0, 0, 0, 0, 0, 0, 0.289997778, -0.108644922, -0.172044922, -0.303062653, 0.492594469, -0.815799882, -0.952636719, -0.174194336, 0.248657227, -0.0196043793, 0.852627966, 0.522232359, 0, 0, -0, 0, 0, 0, 0, 0.324235596, -0.0518150391, -0.12667793, -0.0389139378, 0.386983885, -0.921192206, 0.780761719, -0.563476563, -0.269775391, -0.623572477, -0.729659602, -0.280198811, 0, 2, 5, 1, 
881.320585, 61, 0.1, 0.1, 0.0216609064, 0.365000849, -0.019970363, 0.985719847, -2.25558904e-005, 0.168393535, 0.168393535, 1.20051307e-005, -0.985719847, 2.02122024e-005, 1, 1.56319617e-005, 0.985719839, 6.61218766e-006, 0.168393585, 0.168393585, 9.14173134e-006, -0.985719839, -8.05717346e-006, 1, 7.89773596e-006, 0, 0, 0, 0, 0, 0, 0, 0.289997778, -0.108644922, -0.172044922, -0.303062653, 0.492594469, -0.815799882, -0.952636719, -0.174194336, 0.248657227, -0.0196043793, 0.852627966, 0.522232359, 0, 0, -0, 0, 0, 0, 0, 0.324235596, -0.0518150391, -0.12667793, -0.0389139378, 0.386983885, -0.921192206, 0.780761719, -0.563476563, -0.269775391, -0.623572477, -0.729659602, -0.280198811, 0, 2, 5, 1, 
881.321275, 61, 0.1, 0.1, 0.021660912, 0.365000853, -0.0199696818, 0.985719843, -3.5070959e-006, 0.168393558, 0.168393558, -2.3159491e-005, -0.985719843, 7.35692312e-006, 1, -2.22381975e-005, 0.98571985, -2.53824152e-005, 0.168393516, 0.168393515, -2.78132241e-005, -0.98571985, 2.97035171e-005, 0.999999999, -2.3141813e-005, 0, 0, 0, 0, 0, 0, 0, 0.289997778, -0.108644922, -0.172044922, -0.303062653, 0.492594469, -0.815799882, -0.952636719, -0.174194336, 0.248657227, -0.0196043793, 0.852627966, 0.522232359, 0, 0, -0, 0, 0, 0, 0, 0.324235596, -0.0518150391, -0.12667793, -0.0389139378, 0.386983885, -0.921192206, 0.780761719, -0.563476563, -0.269775391, -0.623572477, -0.729659602, -0.280198811, 0, 2, 5, 1, 
881.321967, 61, 0.1, 0.1, 0.0216609038, 0.365000851, -0.0199691029, 0.985719766, 3.49069433e-005, 0.168394005, 0.168394004, 1.43334097e-005, -0.985719767, -3.68221242e-005, 0.999999999, 8.2506053e-006, 0.985719782, 4.57376612e-005, 0.168393909, 0.168393908, 2.55681735e-005, -0.985719783, -4.93900421e-005, 0.999999999, 1.75011109e-005, 0, 0, 0, 0, 0, 0, 0, 0.289997778, -0.108644922, -0.172044922, -0.303062653, 0.492594469, -0.815799882, -0.952636719, -0.174194336, 0.248657227, -0.0196043793, 0.852627966, 0.522232359, 0, 0, -0, 0, 0, 0, 0, 0.324235596, -0.0518150391, -0.12667793, -0.0389139378, 0.386983885, -0.921192206, 0.780761719, -0.563476563, -0.269775391, -0.623572477, -0.729659602, -0.280198811, 0, 2, 5, 1, 
881.322661, 61, 0.1, 0.1, 0.0216609083, 0.365000854, -0.0199687645, 0.985719731, -4.70341278e-005, 0.16839421, 0.16839421, 7.10556132e-006, -0.985719732, 4.51659325e-005, 0.999999999, 1.49243668e-005, 0.98571973, -4.54037262e-005, 0.168394214, 0.168394213, -1.29240126e-005, -0.985719731, 4.69316777e-005, 0.999999999, -5.09372946e-006, 0, 0, 0, 0, 0, 0, 0, 0.289997778, -0.108644922, -0.172044922, -0.303062653, 0.492594469, -0.815799882, -0.952636719, -0.174194336, 0.248657227, -0.0196043793, 0.852627966, 0.522232359, 0, 0, -0, 0, 0, 0, 0, 0.324235596, -0.0518150391, -0.12667793, -0.0389139378, 0.386983885, -0.921192206, 0.780761719, -0.563476563, -0.269775391, -0.623572477, -0.729659602, -0.280198811, 0, 2, 5, 1, 
881.323356, 61, 0.1, 0.1, 0.0216609059, 0.365000853, -0.0199687597, 0.985719787, 4.8141401e-005, 0.168393879, 0.168393879, -5.82471512e-006, -0.985719789, -4.64730853e-005, 0.999999999, -1.38482542e-005, 0.985719771, 3.87316498e-005, 0.168393976, 0.168393976, 1.87104617e-006, -0.985719772, -3.84936259e-005, 0.999999999, -4.67784932e-006, 0, 0, 0, 0, 0, 0, 0, 0.289997778, -0.108644922, -0.172044922, -0.303062653, 0.492594469, -0.815799882, -0.952636719, -0.174194336, 0.248657227, -0.0196043793, 0.852627966, 0.522232359, 0, 0, -0, 0, 0, 0, 0, 0.324235596, -0.0518150391, -0.12667793, -0.0389139378, 0.386983885, -0.921192206, 0.780761719, -0.563476563, -0.269775391, -0.623572477, -0.729659602, -0.280198811, 0, 2, 5, 1, 
881.324081, 61, 0.1, 0.1, 0.0216609051, 0.365000852, -0.0199687262, 0.985719858, -4.80888756e-005, 0.168393463, 0.168393464, 1.52667992e-005, -0.985719859, 4.48313305e-005, 0.999999999, 2.31466395e-005, 0.985719853, -2.89128806e-005, 0.1683935, 0.168393501, 2.01971476e-005, -0.985719853, 2.5098932e-005, 0.999999999, 2.47774705e-005, 0, 0, 0, 0, 0, 0, 0, 0.290978003, -0.110237402, -0.171559863, -0.305570604, 0.492035815, -0.815082469, -0.951782227, -0.177856445, 0.249511719, -0.0221733655, 0.85222208, 0.522860283, 0, 0, -0, 0, 0, 0, 0, 0.325095117, -0.0530386719, -0.126021387, -0.0404979887, 0.386318908, -0.921460529, 0.783447266, -0.560058594, -0.269287109, -0.620179428, -0.732675319, -0.279981527, 0, 2, 5, 1, 
881.324769, 61, 0.1, 0.1, 0.0216609099, 0.365000855, -0.0199689962, 0.985719842, 1.66141655e-005, 0.168393567, 0.168393567, -3.35619192e-006, -0.985719842, -1.58117515e-005, 1, -6.10598357e-006, 0.985719852, -1.21444723e-005, 0.168393507, 0.168393507, -1.86851464e-005, -0.985719852, 1.51175048e-005, 1, -1.63732695e-005, 0, 0, 0, 0, 0, 0, 0, 0.290978003, -0.110237402, -0.171559863, -0.305570604, 0.492035815, -0.815082469, -0.951782227, -0.177856445, 0.249511719, -0.0221733655, 0.85222208, 0.522860283, 0, 0, -0, 0, 0, 0, 0, 0.325095117, -0.0530386719, -0.126021387, -0.0404979887, 0.386318908, -0.921460529, 0.783447266, -0.560058594, -0.269287109, -0.620179428, -0.732675319, -0.279981527, 0, 2, 5, 1, 
881.325468, 61, 0.1, 0.1, 0.0216609032, 0.365000853, -0.0199694539, 0.98571976, 1.1796125e-005, 0.168394048, 0.168394048, -3.87761768e-006, -0.98571976, -1.09747058e-005, 1, -5.8086416e-006, 0.985719775, 2.97874299e-005, 0.168393954, 0.168393953, 1.80891102e-005, -0.985719776, -3.24081555e-005, 0.999999999, 1.28147706e-005, 0, 0, 0, 0, 0, 0, 0, 0.290978003, -0.110237402, -0.171559863, -0.305570604, 0.492035815, -0.815082469, -0.951782227, -0.177856445, 0.249511719, -0.0221733655, 0.85222208, 0.522860283, 0, 0, -0, 0, 0, 0, 0, 0.325095117, -0.0530386719, -0.126021387, -0.0404979887, 0.386318908, -0.921460529, 0.783447266, -0.560058594, -0.269287109, -0.620179428, -0.732675319, -0.279981527, 0, 2, 5, 1, 
881.326161, 61, 0.1, 0.1, 0.0216609099, 0.365000854, -0.0199699744, 0.985719745, -3.56130383e-005, 0.16839413, 0.168394131, 1.78681919e-005, -0.985719745, 3.20955764e-005, 0.999999999, 2.36100562e-005, 0.985719741, -4.6139982e-005, 0.168394151, 0.168394151, 7.37142884e-006, -0.985719742, 4.42397856e-005, 0.999999999, 1.5035866e-005, 0, 0, 0, 0, 0, 0, 0, 0.290978003, -0.110237402, -0.171559863, -0.305570604, 0.492035815, -0.815082469, -0.951782227, -0.177856445, 0.249511719, -0.0221733655, 0.85222208, 0.522860283, 0, 0, -0, 0, 0, 0, 0, 0.325095117, -0.0530386719, -0.126021387, -0.0404979887, 0.386318908, -0.921460529, 0.783447266, -0.560058594, -0.269287109, -0.620179428, -0.732675319, -0.279981527, 0, 2, 5, 1, 
881.326852, 61, 0.1, 0.1, 0.0216609041, 0.365000855, -0.0199704252, 0.985719808, 4.66579252e-005, 0.168393757, 0.168393758, -8.79743574e-006, -0.985719809, -4.45102079e-005, 0.999999999, -1.652871e-005, 0.985719793, 4.85530331e-005, 0.168393848, 0.168393849, -8.22482948e-006, -0.985719794, -4.64746751e-005, 0.999999999, -1.62834093e-005, 0, 0, 0, 0, 0, 0, 0, 0.290978003, -0.110237402, -0.171559863, -0.305570604, 0.492035815, -0.815082469, -0.951782227, -0.177856445, 0.249511719, -0.0221733655, 0.85222208, 0.522860283, 0, 0, -0, 0, 0, 0, 0, 0.325095117, -0.0530386719, -0.126021387, -0.0404979887, 0.386318908, -0.921460529, 0.783447266, -0.560058594, -0.269287109, -0.620179428, -0.732675319, -0.279981527, 0, 2, 5, 1, 
881.327551, 61, 0.1, 0.1, 0.0216609061, 0.365000854, -0.0199706376, 0.985719859, -4.52673479e-005, 0.168393459, 0.168393459, -2.66429796e-006, -0.98571986, 4.50695742e-005, 0.999999999, 4.9964739e-006, 0.985719857, -3.907957e-005, 0.168393475, 0.168393476, 8.954102e-006, -0.985719857, 3.70136958e-005, 0.999999999, 1.54069808e-005, 0, 0, 0, 0, 0, 0, 0, 0.290978003, -0.110237402, -0.171559863, -0.305570604, 0.492035815, -0.815082469, -0.951782227, -0.177856445, 0.249511719, -0.0221733655, 0.85222208, 0.522860283, 0, 0, -0, 0, 0, 0, 0, 0.325095117, -0.0530386719, -0.126021387, -0.0404979887, 0.386318908, -0.921460529, 0.783447266, -0.560058594, -0.269287109, -0.620179428, -0.732675319, -0.279981527, 0, 2, 5, 1, 
881.328257, 61, 0.1, 0.1, 0.0216609061, 0.365000858, -0.0199705488, 0.985719822, 3.71563839e-005, 0.168393679, 0.168393679, 1.37518979e-005, -0.985719823, -3.89415168e-005, 0.999999999, 7.29861816e-006, 0.98571984, 2.10986483e-005, 0.168393577, 0.168393578, -9.029257e-006, -0.98571984, -1.92768873e-005, 1, -1.24531946e-005, 0, 0, 0, 0, 0, 0, 0, 0.290978003, -0.110237402, -0.171559863, -0.309145686, 0.491502249, -0.814129913, -0.950561523, -0.183837891, 0.25, -0.0267979892, 0.851194261, 0.524192516, 0, 0, -0, 0, 0, 0, 0, 0.325095117, -0.0530386719, -0.126021387, -0.0404979887, 0.386318908, -0.921460529, 0.783447266, -0.560058594, -0.269287109, -0.620179428, -0.732675319, -0.279981527, 0, 2, 5, 1, 
881.328965, 61, 0.1, 0.1, 0.0216609011, 0.365000858, -0.0199699577, 0.985719747, -1.63586485e-005, 0.168394119, 0.168394119, -2.25062542e-005, -0.985719747, 1.99149637e-005, 1, -1.9430159e-005, 0.985719757, 1.17298811e-005, 0.168394063, 0.168394064, -9.87759506e-006, -0.985719757, -9.89904718e-006, 1, -1.17117829e-005, 0, 0, 0, 0, 0, 0, 0, 0.292343921, -0.111384009, -0.171060645, -0.309145686, 0.491502249, -0.814129913, -0.950561523, -0.183837891, 0.25, -0.0267979892, 0.851194261, 0.524192516, 0, 0, -0, 0, 0, 0, 0, 0.326191553, -0.0544774902, -0.125131836, -0.0421841181, 0.385960533, -0.92143501, 0.786743164, -0.555664063, -0.268798828, -0.615815168, -0.736272524, -0.280224331, 0, 2, 5, 1, 
881.329697, 61, 0.1, 0.1, 0.0216609088, 0.365000859, -0.0199688326, 0.985719753, -1.60120475e-005, 0.168394088, 0.168394088, 1.8791776e-005, -0.985719753, 1.26189675e-005, 1, 2.12197589e-005, 0.985719744, -3.8840588e-005, 0.168394135, 0.168394136, 1.56741625e-005, -0.985719745, 3.56464974e-005, 0.999999999, 2.19908587e-005, 0, 0, 0, 0, 0, 0, 0, 0.292343921, -0.111384009, -0.171060645, -0.309145686, 0.491502249, -0.814129913, -0.950561523, -0.183837891, 0.25, -0.0267979892, 0.851194261, 0.524192516, 0, 0, -0, 0, 0, 0, 0, 0.326191553, -0.0544774902, -0.125131836, -0.0421841181, 0.385960533, -0.92143501, 0.786743164, -0.555664063, -0.268798828, -0.615815168, -0.736272524, -0.280224331, 0, 2, 5, 1, 
881.330396, 61, 0.1, 0.1, 0.0216609006, 0.365000861, -0.0199680668, 0.985719834, 3.48855331e-005, 0.168393607, 0.168393607, -3.7442213e-006, -0.985719835, -3.3756859e-005, 0.999999999, -9.56525397e-006, 0.985719816, 4.93160825e-005, 0.168393709, 0.16839371, -1.13597772e-005, -0.985719817, -4.66989248e-005, 0.999999999, -1.95020756e-005, 0, 0, 0, 0, 0, 0, 0, 0.292343921, -0.111384009, -0.171060645, -0.309145686, 0.491502249, -0.814129913, -0.950561523, -0.183837891, 0.25, -0.0267979892, 0.851194261, 0.524192516, 0, 0, -0, 0, 0, 0, 0, 0.326191553, -0.0544774902, -0.125131836, -0.0421841181, 0.385960533, -0.92143501, 0.786743164, -0.555664063, -0.268798828, -0.615815168, -0.736272524, -0.280224331, 0, 2, 5, 1, 
881.331123, 61, 0.1, 0.1, 0.021660907, 0.365000861, -0.0199675827, 0.985719872, -4.64570599e-005, 0.168393383, 0.168393382, -2.44057403e-005, -0.985719873, 4.99034123e-005, 0.999999999, -1.62341618e-005, 0.985719872, -5.30222422e-005, 0.168393381, 0.168393381, -4.72320513e-006, -0.985719874, 5.30604343e-005, 0.999999999, 4.27283745e-006, 0, 0, 0, 0, 0, 0, 0, 0.293454004, -0.112284302, -0.17075354, -0.313386886, 0.491431856, -0.812599606, -0.94909668, -0.189941406, 0.251098633, -0.0309463346, 0.849969491, 0.526051203, 0, 0, -0, 0, 0, 0, 0, 0.32697002, -0.0554515137, -0.124671924, -0.0451801454, 0.385832202, -0.921351888, 0.789672852, -0.551025391, -0.26953125, -0.611834068, -0.739722808, -0.279847366, 0, 2, 5, 1, 
881.331819, 61, 0.1, 0.1, 0.0216609037, 0.365000864, -0.0199675939, 0.985719813, 4.78353068e-005, 0.16839373, 0.168393729, 2.44541601e-005, -0.985719814, -5.12701369e-005, 0.999999999, 1.60497844e-005, 0.985719831, 4.01116652e-005, 0.168393626, 0.168393625, 1.28110047e-005, -0.985719832, -4.16961554e-005, 0.999999999, 5.87351268e-006, 0, 0, 0, 0, 0, 0, 0, 0.293454004, -0.112284302, -0.17075354, -0.313386886, 0.491431856, -0.812599606, -0.94909668, -0.189941406, 0.251098633, -0.0309463346, 0.849969491, 0.526051203, 0, 0, -0, 0, 0, 0, 0, 0.32697002, -0.0554515137, -0.124671924, -0.0451801454, 0.385832202, -0.921351888, 0.789672852, -0.551025391, -0.26953125, -0.611834068, -0.739722808, -0.279847366, 0, 2, 5, 1, 
881.332513, 61, 0.1, 0.1, 0.0216609013, 0.365000865, -0.0199682226, 0.985719743, -3.42956728e-005, 0.168394142, 0.168394141, -2.52142069e-005, -0.985719743, 3.80518466e-005, 0.999999999, -1.90789511e-005, 0.98571975, -1.38524867e-005, 0.168394103, 0.168394103, -2.38059199e-005, -0.98571975, 1.76634463e-005, 1, -2.11332884e-005, 0, 0, 0, 0, 0, 0, 0, 0.293454004, -0.112284302, -0.17075354, -0.313386886, 0.491431856, -0.812599606, -0.94909668, -0.189941406, 0.251098633, -0.0309463346, 0.849969491, 0.526051203, 0, 0, -0, 0, 0, 0, 0, 0.32697002, -0.0554515137, -0.124671924, -0.0451801454, 0.385832202, -0.921351888, 0.789672852, -0.551025391, -0.26953125, -0.611834068, -0.739722808, -0.279847366, 0, 2, 5, 1, 
881.33321, 61, 0.1, 0.1, 0.0216609061, 0.365000864, -0.0199692579, 0.985719762, 1.52411501e-005, 0.168394033, 0.168394033, 1.58964578e-005, -0.985719762, -1.77003715e-005, 1, 1.31029338e-005, 0.985719752, -1.60024989e-005, 0.168394094, 0.168394094, 2.06500237e-005, -0.985719752, 1.22966372e-005, 1, 2.30498625e-005, 0, 0, 0, 0, 0, 0, 0, 0.293454004, -0.112284302, -0.17075354, -0.313386886, 0.491431856, -0.812599606, -0.94909668, -0.189941406, 0.251098633, -0.0309463346, 0.849969491, 0.526051203, 0, 0, -0, 0, 0, 0, 0, 0.32697002, -0.0554515137, -0.124671924, -0.0451801454, 0.385832202, -0.921351888, 0.789672852, -0.551025391, -0.26953125, -0.611834068, -0.739722808, -0.279847366, 0, 2, 5, 1, 
881.333902, 61, 0.1, 0.1, 0.021660899, 0.365000865, -0.0199703674, 0.985719844, 7.81951868e-006, 0.168393556, 0.168393556, 1.4286274e-005, -0.985719844, -1.01135712e-005, 1, 1.27655072e-005, 0.985719827, 3.17113144e-005, 0.168393651, 0.168393651, 1.97871343e-007, -0.985719828, -3.12917917e-005, 0.999999999, -5.1449383e-006, 0, 0, 0, 0, 0, 0, 0, 0.293454004, -0.112284302, -0.17075354, -0.313386886, 0.491431856, -0.812599606, -0.94909668, -0.189941406, 0.251098633, -0.0309463346, 0.849969491, 0.526051203, 0, 0, -0, 0, 0, 0, 0, 0.32697002, -0.0554515137, -0.124671924, -0.0451801454, 0.385832202, -0.921351888, 0.789672852, -0.551025391, -0.26953125, -0.611834068, -0.739722808, -0.279847366, 0, 2, 5, 1, 
881.334596, 61, 0.1, 0.1, 0.021660906, 0.365000867, -0.0199712526, 0.985719858, -3.1275156e-005, 0.168393468, 0.168393468, -2.44065175e-005, -0.985719858, 3.49384405e-005, 0.999999999, -1.8791457e-005, 0.985719861, -4.36454085e-005, 0.168393448, 0.168393448, -1.73880281e-005, -0.985719862, 4.59501761e-005, 0.999999999, -9.79012385e-006, 0, 0, 0, 0, 0, 0, 0, 0.293454004, -0.112284302, -0.17075354, -0.313386886, 0.491431856, -0.812599606, -0.94909668, -0.189941406, 0.251098633, -0.0309463346, 0.849969491, 0.526051203, 0, 0, -0, 0, 0, 0, 0, 0.32697002, -0.0554515137, -0.124671924, -0.0451801454, 0.385832202, -0.921351888, 0.789672852, -0.551025391, -0.26953125, -0.611834068, -0.739722808, -0.279847366, 0, 2, 5, 1, 
881.335289, 61, 0.1, 0.1, 0.0216609015, 0.365000866, -0.0199716574, 0.985719797, 3.38892441e-005, 0.168393828, 0.168393827, 2.16217439e-005, -0.985719797, -3.7046267e-005, 0.999999999, 1.56062415e-005, 0.985719811, 3.57832801e-005, 0.168393742, 0.168393741, 2.25496436e-005, -0.985719812, -3.9069507e-005, 0.999999999, 1.620195e-005, 0, 0, 0, 0, 0, 0, 0, 0.293454004, -0.112284302, -0.17075354, -0.313386886, 0.491431856, -0.812599606, -0.94909668, -0.189941406, 0.251098633, -0.0309463346, 0.849969491, 0.526051203, 0, 0, -0, 0, 0, 0, 0, 0.32697002, -0.0554515137, -0.124671924, -0.0451801454, 0.385832202, -0.921351888, 0.789672852, -0.551025391, -0.26953125, -0.611834068, -0.739722808, -0.279847366, 0, 2, 5, 1, 
881.33601, 61, 0.1, 0.1, 0.0216609043, 0.36500087, -0.0199712709, 0.985719748, -4.7962869e-005, 0.168394111, 0.16839411, -1.73245806e-005, -0.985719749, 5.01953046e-005, 0.999999999, -9.00051659e-006, 0.98571975, -3.95482355e-005, 0.168394098, 0.168394097, -2.58435083e-005, -0.985719751, 4.33353712e-005, 0.999999999, -1.88147672e-005, 0, 0, 0, 0, 0, 0, 0, 0.294766455, -0.112961963, -0.170204272, -0.317958709, 0.491386551, -0.810732685, -0.947265625, -0.197509766, 0.251831055, -0.0364018257, 0.848122788, 0.528474534, 0, 0, -0, 0, 0, 0, 0, 0.327993457, -0.056660498, -0.124222021, -0.047971649, 0.385607989, -0.921377407, 0.79284668, -0.546264648, -0.269897461, -0.607463244, -0.743428655, -0.279604563, 0, 2, 5, 1, 
881.336704, 61, 0.1, 0.1, 0.0216609056, 0.36500087, -0.0199703614, 0.985719785, 3.85842414e-005, 0.168393893, 0.168393893, -5.52690831e-006, -0.985719786, -3.71025526e-005, 0.999999999, -1.19453335e-005, 0.98571977, 1.66362559e-005, 0.168393987, 0.168393987, 9.58292385e-006, -0.98571977, -1.80123931e-005, 1, 6.64463204e-006, 0, 0, 0, 0, 0, 0, 0, 0.294766455, -0.112961963, -0.170204272, -0.317958709, 0.491386551, -0.810732685, -0.947265625, -0.197509766, 0.251831055, -0.0364018257, 0.848122788, 0.528474534, 0, 0, -0, 0, 0, 0, 0, 0.327993457, -0.056660498, -0.124222021, -0.047971649, 0.385607989, -0.921377407, 0.79284668, -0.546264648, -0.269897461, -0.607463244, -0.743428655, -0.279604563, 0, 2, 5, 1, 
881.3374, 61, 0.1, 0.1, 0.0216609005, 0.365000871, -0.0199693172, 0.985719859, -2.15478863e-005, 0.168393466, 0.168393466, 1.154693e-005, -0.985719859, 1.92957519e-005, 1, 1.50105614e-005, 0.98571985, 9.23265353e-006, 0.16839352, 0.16839352, 8.6798159e-006, -0.98571985, -1.05624346e-005, 1, 7.0011478e-006, 0, 0, 0, 0, 0, 0, 0, 0.294766455, -0.112961963, -0.170204272, -0.317958709, 0.491386551, -0.810732685, -0.947265625, -0.197509766, 0.251831055, -0.0364018257, 0.848122788, 0.528474534, 0, 0, -0, 0, 0, 0, 0, 0.327993457, -0.056660498, -0.124222021, -0.047971649, 0.385607989, -0.921377407, 0.79284668, -0.546264648, -0.269897461, -0.607463244, -0.743428655, -0.279604563, 0, 2, 5, 1, 
881.338094, 61, 0.1, 0.1, 0.0216609062, 0.365000875, -0.0199684917, 0.985719855, -2.90728555e-006, 0.168393491, 0.168393491, -2.5608907e-005, -0.985719854, 7.17814236e-006, 1, -2.47536402e-005, 0.985719862, -2.56131533e-005, 0.168393446, 0.168393446, -3.04292988e-005, -0.985719862, 3.03714884e-005, 0.999999999, -2.5681677e-005, 0, 0, 0, 0, 0, 0, 0, 0.294766455, -0.112961963, -0.170204272, -0.317958709, 0.491386551, -0.810732685, -0.947265625, -0.197509766, 0.251831055, -0.0364018257, 0.848122788, 0.528474534, 0, 0, -0, 0, 0, 0, 0, 0.327993457, -0.056660498, -0.124222021, -0.047971649, 0.385607989, -0.921377407, 0.79284668, -0.546264648, -0.269897461, -0.607463244, -0.743428655, -0.279604563, 0, 2, 5, 1, 
881.33879, 61, 0.1, 0.1, 0.0216608977, 0.365000873, -0.0199680811, 0.985719774, 3.59117827e-005, 0.168393958, 0.168393958, 1.35095862e-005, -0.985719775, -3.76738871e-005, 0.999999999, 7.26933907e-006, 0.985719791, 4.73427517e-005, 0.168393858, 0.168393857, 2.51360504e-005, -0.985719792, -5.08994439e-005, 0.999999999, 1.68048738e-005, 0, 0, 0, 0, 0, 0, 0, 0.294766455, -0.112961963, -0.170204272, -0.317958709, 0.491386551, -0.810732685, -0.947265625, -0.197509766, 0.251831055, -0.0364018257, 0.848122788, 0.528474534, 0, 0, -0, 0, 0, 0, 0, 0.327993457, -0.056660498, -0.124222021, -0.047971649, 0.385607989, -0.921377407, 0.79284668, -0.546264648, -0.269897461, -0.607463244, -0.743428655, -0.279604563, 0, 2, 5, 1, 
881.339483, 61, 0.1, 0.1, 0.0216609025, 0.365000876, -0.0199681942, 0.985719737, -4.93312399e-005, 0.168394175, 0.168394175, 5.98346665e-006, -0.985719738, 4.76191959e-005, 0.999999999, 1.42051146e-005, 0.985719736, -4.73269458e-005, 0.168394178, 0.168394178, -1.44484112e-005, -0.985719737, 4.90841329e-005, 0.999999999, -6.27250197e-006, 0, 0, 0, 0, 0, 0, 0, 0.294766455, -0.112961963, -0.170204272, -0.317958709, 0.491386551, -0.810732685, -0.947265625, -0.197509766, 0.251831055, -0.0364018257, 0.848122788, 0.528474534, 0, 0, -0, 0, 0, 0, 0, 0.327993457, -0.056660498, -0.124222021, -0.047971649, 0.385607989, -0.921377407, 0.79284668, -0.546264648, -0.269897461, -0.607463244, -0.743428655, -0.279604563, 0, 2, 5, 1, 
881.340182, 61, 0.1, 0.1, 0.0216609004, 0.365000875, -0.0199687682, 0.985719794, 4.63794624e-005, 0.168393839, 0.168393839, -6.84152856e-006, -0.985719795, -4.4565083e-005, 0.999999999, -1.45538459e-005, 0.985719778, 3.67528545e-005, 0.168393938, 0.168393938, 8.03761215e-007, -0.985719778, -3.63633641e-005, 0.999999999, -5.39667458e-006, 0, 0, 0, 0, 0, 0, 0, 0.294766455, -0.112961963, -0.170204272, -0.317958709, 0.491386551, -0.810732685, -0.947265625, -0.197509766, 0.251831055, -0.0364018257, 0.848122788, 0.528474534, 0, 0, -0, 0, 0, 0, 0, 0.327993457, -0.056660498, -0.124222021, -0.047971649, 0.385607989, -0.921377407, 0.79284668, -0.546264648, -0.269897461, -0.607463244, -0.743428655, -0.279604563, 0, 2, 5, 1, 
881.340905, 61, 0.1, 0.1, 0.0216609002, 0.365000874, -0.0199693014, 0.985719866, -4.94778012e-005, 0.168393419, 0.16839342, 1.60777064e-005, -0.985719867, 4.60638717e-005, 0.999999999, 2.41798507e-005, 0.98571986, -3.083189e-005, 0.168393458, 0.168393459, 2.07401056e-005, -0.98571986, 2.68991082e-005, 0.999999999, 2.56358226e-005, 0, 0, 0, 0, 0, 0, 0, 0.295898267, -0.113635596, -0.169454102, -0.321755831, 0.491398534, -0.809284754, -0.945800781, -0.203735352, 0.252319336, -0.04086769, 0.846637787, 0.530593451, 0, 0, -0, 0, 0, 0, 0, 0.328774121, -0.0572183105, -0.123540576, -0.0513508376, 0.385338933, -0.921281525, 0.79675293, -0.540405273, -0.270385742, -0.602172246, -0.747875672, -0.279349, 0, 2, 5, 1, 
881.341598, 61, 0.1, 0.1, 0.0216609053, 0.365000876, -0.0199698197, 0.985719852, 1.48455499e-005, 0.168393509, 0.168393509, -2.37254114e-006, -0.985719852, -1.42340327e-005, 1, -4.83855515e-006, 0.985719861, -1.39207559e-005, 0.168393451, 0.168393451, -1.71067432e-005, -0.985719861, 1.66026291e-005, 1, -1.45182924e-005, 0, 0, 0, 0, 0, 0, 0, 0.295898267, -0.113635596, -0.169454102, -0.321755831, 0.491398534, -0.809284754, -0.945800781, -0.203735352, 0.252319336, -0.04086769, 0.846637787, 0.530593451, 0, 0, -0, 0, 0, 0, 0, 0.328774121, -0.0572183105, -0.123540576, -0.0513508376, 0.385338933, -0.921281525, 0.79675293, -0.540405273, -0.270385742, -0.602172246, -0.747875672, -0.279349, 0, 2, 5, 1, 
881.342293, 61, 0.1, 0.1, 0.0216608988, 0.365000873, -0.0199702896, 0.985719773, 1.31125524e-005, 0.168393969, 0.168393969, -4.04590864e-006, -0.985719773, -1.22439955e-005, 1, -6.19620688e-006, 0.985719788, 3.0072959e-005, 0.168393879, 0.168393879, 1.74795271e-005, -0.985719788, -3.25869562e-005, 0.999999999, 1.21658135e-005, 0, 0, 0, 0, 0, 0, 0, 0.295898267, -0.113635596, -0.169454102, -0.321755831, 0.491398534, -0.809284754, -0.945800781, -0.203735352, 0.252319336, -0.04086769, 0.846637787, 0.530593451, 0, 0, -0, 0, 0, 0, 0, 0.328774121, -0.0572183105, -0.123540576, -0.0513508376, 0.385338933, -0.921281525, 0.79675293, -0.540405273, -0.270385742, -0.602172246, -0.747875672, -0.279349, 0, 2, 5, 1, 
881.34299, 61, 0.1, 0.1, 0.0216609047, 0.365000875, -0.0199705788, 0.985719759, -3.10437485e-005, 0.168394046, 0.168394047, 1.66443216e-005, -0.98571976, 2.77976316e-005, 0.999999999, 2.16342192e-005, 0.985719756, -4.17547272e-005, 0.168394067, 0.168394067, 6.42488107e-006, -0.985719756, 4.00765477e-005, 0.999999999, 1.33643805e-005, 0, 0, 0, 0, 0, 0, 0, 0.295898267, -0.113635596, -0.169454102, -0.321755831, 0.491398534, -0.809284754, -0.945800781, -0.203735352, 0.252319336, -0.04086769, 0.846637787, 0.530593451, 0, 0, -0, 0, 0, 0, 0, 0.328774121, -0.0572183105, -0.123540576, -0.0513508376, 0.385338933, -0.921281525, 0.79675293, -0.540405273, -0.270385742, -0.602172246, -0.747875672, -0.279349, 0, 2, 5, 1, 
881.343683, 61, 0.1, 0.1, 0.0216608981, 0.365000875, -0.019970592, 0.985719822, 4.9933973e-005, 0.168393677, 0.168393677, -1.02022132e-005, -0.985719823, -4.75029188e-005, 0.999999999, -1.84650892e-005, 0.985719806, 5.21352317e-005, 0.168393768, 0.168393768, -9.5472346e-006, -0.985719807, -4.97830358e-005, 0.999999999, -1.81901464e-005, 0, 0, 0, 0, 0, 0, 0, 0.295898267, -0.113635596, -0.169454102, -0.321755831, 0.491398534, -0.809284754, -0.945800781, -0.203735352, 0.252319336, -0.04086769, 0.846637787, 0.530593451, 0, 0, -0, 0, 0, 0, 0, 0.328774121, -0.0572183105, -0.123540576, -0.0513508376, 0.385338933, -0.921281525, 0.79675293, -0.540405273, -0.270385742, -0.602172246, -0.747875672, -0.279349, 0, 2, 5, 1, 
881.344396, 61, 0.1, 0.1, 0.0216609001, 0.365000875, -0.0199702117, 0.985719872, -4.63752431e-005, 0.168393385, 0.168393385, -4.68981407e-006, -0.985719873, 4.65027324e-005, 0.999999999, 3.18644123e-006, 0.98571987, -4.01229356e-005, 0.168393397, 0.168393397, 7.24441929e-006, -0.985719871, 3.83300625e-005, 0.999999999, 1.38974055e-005, 0, 0, 0, 0, 0, 0, 0, 0.295898267, -0.113635596, -0.169454102, -0.321755831, 0.491398534, -0.809284754, -0.945800781, -0.203735352, 0.252319336, -0.04086769, 0.846637787, 0.530593451, 0, 0, -0, 0, 0, 0, 0, 0.328774121, -0.0572183105, -0.123540576, -0.0513508376, 0.385338933, -0.921281525, 0.79675293, -0.540405273, -0.270385742, -0.602172246, -0.747875672, -0.279349, 0, 2, 5, 1, 
881.345092, 61, 0.1, 0.1, 0.0216609004, 0.365000879, -0.0199696601, 0.985719832, 3.6419262e-005, 0.168393621, 0.168393621, 1.05121872e-005, -0.985719833, -3.76693741e-005, 0.999999999, 4.2293e-006, 0.98571985, 2.0792838e-005, 0.168393521, 0.168393521, -1.18387166e-005, -0.98571985, -1.850235e-005, 1, -1.51710371e-005, 0, 0, 0, 0, 0, 0, 0, 0.295898267, -0.113635596, -0.169454102, -0.321755831, 0.491398534, -0.809284754, -0.945800781, -0.203735352, 0.252319336, -0.04086769, 0.846637787, 0.530593451, 0, 0, -0, 0, 0, 0, 0, 0.328774121, -0.0572183105, -0.123540576, -0.0513508376, 0.385338933, -0.921281525, 0.79675293, -0.540405273, -0.270385742, -0.602172246, -0.747875672, -0.279349, 0, 2, 5, 1, 
881.345811, 61, 0.1, 0.1, 0.0216608957, 0.36500088, -0.0199689167, 0.985719752, -1.92466993e-005, 0.16839409, 0.16839409, -2.75016475e-005, -0.985719752, 2.36029666e-005, 0.999999999, -2.38678867e-005, 0.985719763, 9.35897258e-006, 0.168394031, 0.168394031, -1.47583362e-005, -0.985719762, -6.7401085e-006, 1, -1.61235788e-005, 0, 0, 0, 0, 0, 0, 0, 0.29698125, -0.11452771, -0.169123315, -0.326517492, 0.491511988, -0.807316362, -0.944091797, -0.210449219, 0.253662109, -0.0451807863, 0.845013122, 0.532877119, 0, 0, -0, 0, 0, 0, 0, 0.329458594, -0.0577944336, -0.123505176, -0.056212365, 0.384839833, -0.92117908, 0.800415039, -0.534179688, -0.271972656, -0.596791563, -0.75246961, -0.277988063, 0, 2, 5, 1, 
881.346502, 61, 0.1, 0.1, 0.0216609031, 0.365000881, -0.019968424, 0.985719755, -1.746119e-005, 0.168394072, 0.168394072, 1.83423946e-005, -0.985719755, 1.41230894e-005, 1, 2.10208216e-005, 0.985719747, -3.97171334e-005, 0.168394116, 0.168394117, 1.44404678e-005, -0.985719748, 3.67182729e-005, 0.999999999, 2.09223859e-005, 0, 0, 0, 0, 0, 0, 0, 0.29698125, -0.11452771, -0.169123315, -0.326517492, 0.491511988, -0.807316362, -0.944091797, -0.210449219, 0.253662109, -0.0451807863, 0.845013122, 0.532877119, 0, 0, -0, 0, 0, 0, 0, 0.329458594, -0.0577944336, -0.123505176, -0.056212365, 0.384839833, -0.92117908, 0.800415039, -0.534179688, -0.271972656, -0.596791563, -0.75246961, -0.277988063, 0, 2, 5, 1, 
