time, trialNum, realDorsalTactorPos, realVentralTactorPos, boxPosX, boxPosY, boxPosZ, boxLocalRot_11, boxLocalRot_12, boxLocalRot_13, boxLocalRot_21, boxLocalRot_22, boxLocalRot_23, boxLocalRot_31, boxLocalRot_32, boxLocalRot_33, boxGlobalRot_11, boxGlobalRot_12, boxGlobalRot_13, boxGlobalRot_21, boxGlobalRot_22, boxGlobalRot_23, boxGlobalRot_31, boxGlobalRot_32, boxGlobalRot_33, indexForceX, indexForceY, indexForceZ, indexForceGlobalX, indexForceGlobalY, indexForceGlobalZ, indexContact, indexPosX, indexPosY, indexPosZ, indexRot_11, indexRot_12, indexRot_13, indexRot_21, indexRot_22, indexRot_23, indexRot_31, indexRot_32, indexRot_33, thumbForceX, thumbForceY, thumbForceZ, thumbForceGlobalX, thumbForceGlobalY, thumbForceGlobalZ, thumbContact, thumbPosX, thumbPosY, thumbPosZ, thumbRot_11, thumbRot_12, thumbRot_13, thumbRot_21, thumbRot_22, thumbRot_23, thumbRot_31, thumbRot_32, thumbRot_33, manipForceTooHigh, cceExpType, mapping, trialSuccess, 
336.695298, 22, 0.1, 0.1, -0.00240053171, 0.368430677, -0.0199686193, 0.998490195, 0.054930235, -2.36040092e-005, 0.0549302343, -0.998490194, -2.98474043e-005, -2.52078967e-005, 2.85057668e-005, -0.999999999, 0.998490196, 0.0549302134, 4.03212798e-006, 0.0549302135, -0.998490196, -1.82746445e-005, 3.02221013e-006, 1.8468539e-005, -1, 0, 0, 0, 0, 0, 0, 0, 0.334111914, -0.151704663, -0.148856055, -0.462769363, 0.746222387, -0.478441902, -0.838989258, -0.194458008, 0.508056641, 0.286120777, 0.636585928, 0.716231157, 0, 0, 0, 0, 0, 0, 0, 0.372664355, -0.105647461, -0.113603906, -0.366817702, 0.501749663, -0.783222995, 0.0148925781, -0.838623047, -0.544311523, -0.930157139, -0.211160812, 0.30014623, 0, 2, 1, 1, 
336.705164, 22, 0.1, 0.1, -0.00240056736, 0.36843067, -0.0199588013, 0.998489015, 0.0549516725, 5.22975196e-006, 0.0549516724, -0.998489015, 1.24224765e-005, 5.90448574e-006, -1.21163227e-005, -1, 0.998489029, 0.0549514242, 1.85537841e-005, 0.0549514238, -0.998489029, 2.27660662e-005, 1.97767776e-005, -2.17121105e-005, -1, 0, 0, 0, 0, 0, 0, 0, 0.338155811, -0.152842773, -0.149537231, -0.50046801, 0.737467774, -0.45324145, -0.823364258, -0.243774414, 0.512329102, 0.26737327, 0.629691862, 0.729419076, 0, 0, 0, 0, 0, 0, 0, 0.375751611, -0.106987305, -0.113749561, -0.39502515, 0.495065977, -0.773765697, 0.044921875, -0.830810547, -0.55456543, -0.917533537, -0.253841302, 0.305927198, 0, 2, 1, 1, 
336.705865, 22, 0.1, 0.1, -0.00240057054, 0.368430668, -0.0199639712, 0.998488951, 0.0549528427, 2.87711249e-006, 0.0549528426, -0.998488951, 2.17437843e-005, 4.06764779e-006, -2.15528229e-005, -1, 0.998488963, 0.0549526245, -1.9474441e-005, 0.0549526245, -0.998488963, -3.99874492e-006, -1.96647559e-005, 2.92253103e-006, -1, 0, 0, 0, 0, 0, 0, 0, 0.338155811, -0.152842773, -0.149537231, -0.50046801, 0.737467774, -0.45324145, -0.823364258, -0.243774414, 0.512329102, 0.26737327, 0.629691862, 0.729419076, 0, 0, 0, 0, 0, 0, 0, 0.375751611, -0.106987305, -0.113749561, -0.39502515, 0.495065977, -0.773765697, 0.044921875, -0.830810547, -0.55456543, -0.917533537, -0.253841302, 0.305927198, 0, 2, 1, 1, 
336.706569, 22, 0.1, 0.1, -0.00240056868, 0.368430671, -0.0199703432, 0.998488893, 0.0549538862, -1.19674687e-005, 0.054953886, -0.998488893, -2.04316442e-005, -1.30721829e-005, 1.97431108e-005, -1, 0.998488905, 0.0549536686, -6.27392889e-006, 0.0549536686, -0.998488905, 7.19969384e-006, -5.8687988e-006, -7.53358983e-006, -1, 0, 0, 0, 0, 0, 0, 0, 0.338155811, -0.152842773, -0.149537231, -0.50046801, 0.737467774, -0.45324145, -0.823364258, -0.243774414, 0.512329102, 0.26737327, 0.629691862, 0.729419076, 0, 0, 0, 0, 0, 0, 0, 0.375751611, -0.106987305, -0.113749561, -0.39502515, 0.495065977, -0.773765697, 0.044921875, -0.830810547, -0.55456543, -0.917533537, -0.253841302, 0.305927198, 0, 2, 1, 1, 
336.707269, 22, 0.1, 0.1, -0.00240056554, 0.368430664, -0.0199760551, 0.998488823, 0.0549551641, 2.52949775e-005, 0.0549551645, -0.998488823, -1.45290747e-005, 2.44583047e-005, 1.58972083e-005, -1, 0.998488838, 0.0549548904, 2.54470974e-005, 0.0549548912, -0.998488838, -3.19754701e-005, 2.36514342e-005, 3.33255924e-005, -0.999999999, 0, 0, 0, 0, 0, 0, 0, 0.338155811, -0.152842773, -0.149537231, -0.50046801, 0.737467774, -0.45324145, -0.823364258, -0.243774414, 0.512329102, 0.26737327, 0.629691862, 0.729419076, 0, 0, 0, 0, 0, 0, 0, 0.375751611, -0.106987305, -0.113749561, -0.39502515, 0.495065977, -0.773765697, 0.044921875, -0.830810547, -0.55456543, -0.917533537, -0.253841302, 0.305927198, 0, 2, 1, 1, 
336.707965, 22, 0.1, 0.1, -0.00240056725, 0.368430669, -0.0199794802, 0.998488735, 0.0549567464, -3.48678717e-005, 0.0549567473, -0.998488736, 2.50217733e-005, -3.34400619e-005, -2.69001836e-005, -0.999999999, 0.998488754, 0.0549564117, -2.96201035e-005, 0.0549564126, -0.998488754, 3.15890279e-005, -2.78393206e-005, -3.31691037e-005, -0.999999999, 0, 0, 0, 0, 0, 0, 0, 0.338155811, -0.152842773, -0.149537231, -0.50046801, 0.737467774, -0.45324145, -0.823364258, -0.243774414, 0.512329102, 0.26737327, 0.629691862, 0.729419076, 0, 0, 0, 0, 0, 0, 0, 0.375751611, -0.106987305, -0.113749561, -0.39502515, 0.495065977, -0.773765697, 0.044921875, -0.830810547, -0.55456543, -0.917533537, -0.253841302, 0.305927198, 0, 2, 1, 1, 
336.70866, 22, 0.1, 0.1, -0.00240056753, 0.368430667, -0.0199797956, 0.998488639, 0.0549584998, 2.47639909e-005, 0.0549585001, -0.998488639, -1.33962289e-005, 2.3990327e-005, 1.47369742e-005, -1, 0.99848866, 0.0549581309, 1.19545658e-005, 0.0549581311, -0.99848866, -1.6950374e-005, 1.10049375e-005, 1.75817568e-005, -1, 0, 0, 0, 0, 0, 0, 0, 0.338155811, -0.152842773, -0.149537231, -0.50046801, 0.737467774, -0.45324145, -0.823364258, -0.243774414, 0.512329102, 0.26737327, 0.629691862, 0.729419076, 0, 0, 0, 0, 0, 0, 0, 0.375751611, -0.106987305, -0.113749561, -0.39502515, 0.495065977, -0.773765697, 0.044921875, -0.830810547, -0.55456543, -0.917533537, -0.253841302, 0.305927198, 0, 2, 1, 1, 
336.709358, 22, 0.1, 0.1, -0.00240056437, 0.368430669, -0.0199771209, 0.998488533, 0.0549604339, -1.86805321e-005, 0.0549604341, -0.998488533, 9.36043543e-006, -1.81378435e-005, -1.03729776e-005, -1, 0.998488555, 0.054960041, 2.69068453e-006, 0.054960041, -0.998488555, 1.75792068e-005, 3.65277163e-006, -1.74047566e-005, -1, 0, 0, 0, 0, 0, 0, 0, 0.338155811, -0.152842773, -0.149537231, -0.50046801, 0.737467774, -0.45324145, -0.823364258, -0.243774414, 0.512329102, 0.26737327, 0.629691862, 0.729419076, 0, 0, 0, 0, 0, 0, 0, 0.375751611, -0.106987305, -0.113749561, -0.39502515, 0.495065977, -0.773765697, 0.044921875, -0.830810547, -0.55456543, -0.917533537, -0.253841302, 0.305927198, 0, 2, 1, 1, 
336.710084, 22, 0.1, 0.1, -0.00240056859, 0.368430667, -0.0199719493, 0.99848842, 0.0549624927, 1.96732694e-006, 0.0549624927, -0.99848842, 2.44907427e-006, 2.09896039e-006, -2.3372431e-006, -1, 0.998488439, 0.0549621382, -1.9498482e-005, 0.0549621382, -0.998488439, 1.79069287e-008, -1.94680247e-005, -1.08955812e-006, -1, 0, 0, 0, 0, 0, 0, 0, 0.338542212, -0.152879883, -0.150171411, -0.505983033, 0.736838728, -0.448277967, -0.82019043, -0.25012207, 0.514404297, 0.266887252, 0.628061207, 0.731104776, 0, 0, 0, 0, 0, 0, 0, 0.376089062, -0.106801318, -0.114017822, -0.400979658, 0.493710137, -0.771612185, 0.0502929688, -0.829101563, -0.556640625, -0.914599842, -0.261962083, 0.307626454, 0, 2, 1, 1, 
336.710778, 22, 0.1, 0.1, -0.00240056735, 0.368430667, -0.0199666015, 0.99848833, 0.0549641248, -1.65441588e-005, 0.0549641247, -0.99848833, -2.08660074e-006, -1.66338377e-005, 1.17411128e-006, -1, 0.998488348, 0.0549637954, -1.05521589e-005, 0.0549637955, -0.998488348, 7.6656073e-006, -1.01148768e-005, -8.23400627e-006, -1, 0, 0, 0, 0, 0, 0, 0, 0.338542212, -0.152879883, -0.150171411, -0.505983033, 0.736838728, -0.448277967, -0.82019043, -0.25012207, 0.514404297, 0.266887252, 0.628061207, 0.731104776, 0, 0, 0, 0, 0, 0, 0, 0.376089062, -0.106801318, -0.114017822, -0.400979658, 0.493710137, -0.771612185, 0.0502929688, -0.829101563, -0.556640625, -0.914599842, -0.261962083, 0.307626454, 0, 2, 1, 1, 
336.711472, 22, 0.1, 0.1, -0.00240056653, 0.368430666, -0.0199625273, 0.998488244, 0.0549656891, 2.94295172e-006, 0.0549656891, -0.998488244, 7.26317739e-006, 3.33772825e-006, -7.09043586e-006, -1, 0.99848826, 0.0549653942, -9.0097438e-007, 0.0549653942, -0.99848826, 5.77358763e-006, -5.82264822e-007, -5.81438187e-006, -1, 0, 0, 0, 0, 0, 0, 0, 0.338542212, -0.152879883, -0.150171411, -0.505983033, 0.736838728, -0.448277967, -0.82019043, -0.25012207, 0.514404297, 0.266887252, 0.628061207, 0.731104776, 0, 0, 0, 0, 0, 0, 0, 0.376089062, -0.106801318, -0.114017822, -0.400979658, 0.493710137, -0.771612185, 0.0502929688, -0.829101563, -0.556640625, -0.914599842, -0.261962083, 0.307626454, 0, 2, 1, 1, 
336.712168, 22, 0.1, 0.1, -0.0024005643, 0.368430667, -0.0199608116, 0.998488168, 0.0549670661, 9.16890619e-006, 0.0549670661, -0.998488168, 2.14220536e-006, 9.27279509e-006, -1.63497883e-006, -1, 0.998488182, 0.0549668103, 1.78853612e-005, 0.0549668101, -0.998488182, 1.33941161e-005, 1.85945536e-005, -1.23907654e-005, -1, 0, 0, 0, 0, 0, 0, 0, 0.338542212, -0.152879883, -0.150171411, -0.505983033, 0.736838728, -0.448277967, -0.82019043, -0.25012207, 0.514404297, 0.266887252, 0.628061207, 0.731104776, 0, 0, 0, 0, 0, 0, 0, 0.376089062, -0.106801318, -0.114017822, -0.400979658, 0.493710137, -0.771612185, 0.0502929688, -0.829101563, -0.556640625, -0.914599842, -0.261962083, 0.307626454, 0, 2, 1, 1, 
336.712861, 22, 0.1, 0.1, -0.0024005646, 0.368430664, -0.0199617844, 0.998488102, 0.0549682615, 2.26755906e-005, 0.0549682611, -0.998488102, 1.75164729e-005, 2.36041575e-005, -1.6243552e-005, -1, 0.998488114, 0.054968038, -1.96999634e-006, 0.054968038, -0.998488114, -1.11087032e-005, -2.57764156e-006, 1.09836213e-005, -1, 0, 0, 0, 0, 0, 0, 0, 0.338542212, -0.152879883, -0.150171411, -0.505983033, 0.736838728, -0.448277967, -0.82019043, -0.25012207, 0.514404297, 0.266887252, 0.628061207, 0.731104776, 0, 0, 0, 0, 0, 0, 0, 0.376089062, -0.106801318, -0.114017822, -0.400979658, 0.493710137, -0.771612185, 0.0502929688, -0.829101563, -0.556640625, -0.914599842, -0.261962083, 0.307626454, 0, 2, 1, 1, 
336.713558, 22, 0.1, 0.1, -0.00240056092, 0.368430667, -0.0199649928, 0.998488042, 0.0549693437, -2.71972329e-005, 0.0549693431, -0.998488042, -2.30956059e-005, -2.84256622e-005, 2.15656722e-005, -0.999999999, 0.998488054, 0.0549691338, 3.48425734e-006, 0.0549691337, -0.998488054, 7.64827473e-006, 3.89940836e-006, -7.44518434e-006, -1, 0, 0, 0, 0, 0, 0, 0, 0.338542212, -0.152879883, -0.150171411, -0.505983033, 0.736838728, -0.448277967, -0.82019043, -0.25012207, 0.514404297, 0.266887252, 0.628061207, 0.731104776, 0, 0, 0, 0, 0, 0, 0, 0.376089062, -0.106801318, -0.114017822, -0.400979658, 0.493710137, -0.771612185, 0.0502929688, -0.829101563, -0.556640625, -0.914599842, -0.261962083, 0.307626454, 0, 2, 1, 1, 
336.71427, 22, 0.1, 0.1, -0.00240056829, 0.368430659, -0.0199693915, 0.998487988, 0.0549703338, -1.2907473e-005, 0.0549703337, -0.998487988, -7.98920235e-006, -1.33271259e-005, 7.26759448e-006, -1, 0.998487998, 0.0549701323, -3.75301689e-005, 0.0549701311, -0.998487999, -3.2686756e-005, -3.92702185e-005, 3.05742953e-005, -0.999999999, 0, 0, 0, 0, 0, 0, 0, 0.338542212, -0.152879883, -0.150171411, -0.510262424, 0.734142061, -0.447922256, -0.818969727, -0.255737305, 0.513671875, 0.262497772, 0.628982684, 0.731789989, 0, 0, 0, 0, 0, 0, 0, 0.376089062, -0.106801318, -0.114017822, -0.400979658, 0.493710137, -0.771612185, 0.0502929688, -0.829101563, -0.556640625, -0.914599842, -0.261962083, 0.307626454, 0, 2, 1, 1, 
336.715002, 22, 0.1, 0.1, -0.00240055848, 0.368430669, -0.019973237, 0.998487938, 0.0549712324, 4.68863972e-005, 0.05497123, -0.998487937, 5.11441822e-005, 4.96269608e-005, -4.84894461e-005, -0.999999998, 0.998487947, 0.0549710525, 5.54915346e-005, 0.0549710492, -0.998487947, 5.95266007e-005, 5.86798683e-005, -5.63861654e-005, -0.999999997, 0, 0, 0, 0, 0, 0, 0, 0.339426367, -0.153014893, -0.149258179, -0.510262424, 0.734142061, -0.447922256, -0.818969727, -0.255737305, 0.513671875, 0.262497772, 0.628982684, 0.731789989, 0, 0, 0, 0, 0, 0, 0, 0.376803564, -0.107079883, -0.11310874, -0.404231615, 0.491939052, -0.77099898, 0.0571289063, -0.827636719, -0.558105469, -0.912855011, -0.269635537, 0.306463477, 0, 2, 1, 1, 
336.715706, 22, 0.1, 0.1, -0.0024005611, 0.368430665, -0.0199753075, 0.998487894, 0.0549720204, -5.56231834e-005, 0.0549720171, -0.998487894, -5.86113174e-005, -5.87610578e-005, 5.54649722e-005, -0.999999997, 0.998487902, 0.0549718748, -4.42399107e-005, 0.0549718728, -0.998487902, -4.50953935e-005, -4.66519939e-005, 4.25952541e-005, -0.999999998, 0, 0, 0, 0, 0, 0, 0, 0.339426367, -0.153014893, -0.149258179, -0.510262424, 0.734142061, -0.447922256, -0.818969727, -0.255737305, 0.513671875, 0.262497772, 0.628982684, 0.731789989, 0, 0, 0, 0, 0, 0, 0, 0.376803564, -0.107079883, -0.11310874, -0.404231615, 0.491939052, -0.77099898, 0.0571289063, -0.827636719, -0.558105469, -0.912855011, -0.269635537, 0.306463477, 0, 2, 1, 1, 
336.716399, 22, 0.1, 0.1, -0.00240056695, 0.368430657, -0.0199755494, 0.998487856, 0.0549727277, 4.82608759e-006, 0.0549727277, -0.998487856, -1.15531112e-007, 4.81243879e-006, 3.80659611e-007, -1, 0.998487864, 0.0549725914, -2.07881911e-005, 0.0549725908, -0.998487863, -2.86731781e-005, -2.23329954e-005, 2.74870396e-005, -0.999999999, 0, 0, 0, 0, 0, 0, 0, 0.339426367, -0.153014893, -0.149258179, -0.510262424, 0.734142061, -0.447922256, -0.818969727, -0.255737305, 0.513671875, 0.262497772, 0.628982684, 0.731789989, 0, 0, 0, 0, 0, 0, 0, 0.376803564, -0.107079883, -0.11310874, -0.404231615, 0.491939052, -0.77099898, 0.0571289063, -0.827636719, -0.558105469, -0.912855011, -0.269635537, 0.306463477, 0, 2, 1, 1, 
336.717091, 22, 0.1, 0.1, -0.00240056144, 0.368430669, -0.0199741073, 0.998487802, 0.054973706, 1.29930549e-005, 0.054973705, -0.9984878, 6.89684812e-005, 1.67648598e-005, -6.81499108e-005, -0.999999998, 0.998487813, 0.0549735045, 2.55264783e-005, 0.0549735024, -0.998487811, 7.55626447e-005, 2.96418208e-005, -7.40450999e-005, -0.999999997, 0, 0, 0, 0, 0, 0, 0, 0.339426367, -0.153014893, -0.149258179, -0.510262424, 0.734142061, -0.447922256, -0.818969727, -0.255737305, 0.513671875, 0.262497772, 0.628982684, 0.731789989, 0, 0, 0, 0, 0, 0, 0, 0.376803564, -0.107079883, -0.11310874, -0.404231615, 0.491939052, -0.77099898, 0.0571289063, -0.827636719, -0.558105469, -0.912855011, -0.269635537, 0.306463477, 0, 2, 1, 1, 
336.717786, 22, 0.1, 0.1, -0.00240056247, 0.368430669, -0.0199715208, 0.998487732, 0.0549749849, 5.51194064e-006, 0.054974985, -0.998487731, -3.55332312e-005, 3.55016625e-006, 3.57825143e-005, -0.999999999, 0.998487749, 0.0549746846, -9.86964697e-006, 0.0549746844, -0.998487748, -2.47687148e-005, -1.12163739e-005, 2.41886776e-005, -1, 0, 0, 0, 0, 0, 0, 0, 0.339426367, -0.153014893, -0.149258179, -0.510262424, 0.734142061, -0.447922256, -0.818969727, -0.255737305, 0.513671875, 0.262497772, 0.628982684, 0.731789989, 0, 0, 0, 0, 0, 0, 0, 0.376803564, -0.107079883, -0.11310874, -0.404231615, 0.491939052, -0.77099898, 0.0571289063, -0.827636719, -0.558105469, -0.912855011, -0.269635537, 0.306463477, 0, 2, 1, 1, 
336.718479, 22, 0.1, 0.1, -0.00240056193, 0.368430668, -0.0199685961, 0.998487657, 0.0549763463, -5.01455255e-006, 0.0549763464, -0.998487657, 3.05011908e-005, -3.33012479e-006, -3.07307443e-005, -1, 0.998487669, 0.0549761238, -1.09086965e-005, 0.054976124, -0.998487669, 1.47185139e-005, -1.00830321e-005, -1.52959725e-005, -1, 0, 0, 0, 0, 0, 0, 0, 0.339426367, -0.153014893, -0.149258179, -0.510262424, 0.734142061, -0.447922256, -0.818969727, -0.255737305, 0.513671875, 0.262497772, 0.628982684, 0.731789989, 0, 0, 0, 0, 0, 0, 0, 0.376803564, -0.107079883, -0.11310874, -0.404231615, 0.491939052, -0.77099898, 0.0571289063, -0.827636719, -0.558105469, -0.912855011, -0.269635537, 0.306463477, 0, 2, 1, 1, 
336.719183, 22, 0.1, 0.1, -0.00240055991, 0.368430669, -0.0199661663, 0.998487609, 0.0549772138, -5.57887567e-006, 0.0549772136, -0.998487609, -3.08145938e-005, -7.26453873e-006, 3.0461279e-005, -1, 0.998487618, 0.054977059, -2.01450963e-006, 0.054977059, -0.998487618, -1.62570241e-005, -2.9052263e-006, 1.61216855e-005, -1, 0, 0, 0, 0, 0, 0, 0, 0.340138672, -0.153799976, -0.148131836, -0.513608355, 0.731826193, -0.447744401, -0.817749023, -0.259887695, 0.513305664, 0.259319957, 0.629967442, 0.732132595, 0, 0, 0, 0, 0, 0, 0, 0.376803564, -0.107079883, -0.11310874, -0.404231615, 0.491939052, -0.77099898, 0.0571289063, -0.827636719, -0.558105469, -0.912855011, -0.269635537, 0.306463477, 0, 2, 1, 1, 
336.719893, 22, 0.1, 0.1, -0.00240055742, 0.368430668, -0.0199646837, 0.998487557, 0.0549781718, -5.54249345e-006, 0.054978172, -0.998487556, 4.01825648e-005, -3.32494679e-006, -4.04265071e-005, -0.999999999, 0.998487569, 0.0549779439, 1.22820279e-005, 0.0549779436, -0.998487569, 2.45696034e-005, 1.36142384e-005, -2.38572029e-005, -1, 0, 0, 0, 0, 0, 0, 0, 0.340138672, -0.153799976, -0.148131836, -0.513608355, 0.731826193, -0.447744401, -0.817749023, -0.259887695, 0.513305664, 0.259319957, 0.629967442, 0.732132595, 0, 0, 0, 0, 0, 0, 0, 0.377347803, -0.107744385, -0.112434375, -0.406595481, 0.490449417, -0.770666858, 0.0623779297, -0.826660156, -0.558959961, -0.911385065, -0.275315526, 0.305639185, 0, 2, 1, 1, 
336.720586, 22, 0.1, 0.1, -0.00240055602, 0.368430671, -0.0199647975, 0.998487501, 0.0549791765, 1.00413972e-005, 0.0549791768, -0.998487501, -2.66492973e-005, 8.56105315e-006, 2.7161058e-005, -1, 0.998487509, 0.0549790254, 1.60808805e-005, 0.0549790256, -0.99848751, -9.33434099e-006, 1.55433653e-005, 1.0204334e-005, -1, 0, 0, 0, 0, 0, 0, 0, 0.340138672, -0.153799976, -0.148131836, -0.513608355, 0.731826193, -0.447744401, -0.817749023, -0.259887695, 0.513305664, 0.259319957, 0.629967442, 0.732132595, 0, 0, 0, 0, 0, 0, 0, 0.377347803, -0.107744385, -0.112434375, -0.406595481, 0.490449417, -0.770666858, 0.0623779297, -0.826660156, -0.558959961, -0.911385065, -0.275315526, 0.305639185, 0, 2, 1, 1, 
336.721289, 22, 0.1, 0.1, -0.0024005561, 0.36843067, -0.0199663322, 0.998487473, 0.0549796898, 7.8950714e-006, 0.0549796895, -0.998487472, 3.41264376e-005, 9.75939084e-006, -3.36407519e-005, -0.999999999, 0.998487478, 0.0549795988, 4.1172381e-006, 0.0549795987, -0.998487478, 1.87158434e-005, 5.14000025e-006, -1.84611712e-005, -1, 0, 0, 0, 0, 0, 0, 0, 0.340138672, -0.153799976, -0.148131836, -0.513608355, 0.731826193, -0.447744401, -0.817749023, -0.259887695, 0.513305664, 0.259319957, 0.629967442, 0.732132595, 0, 0, 0, 0, 0, 0, 0, 0.377347803, -0.107744385, -0.112434375, -0.406595481, 0.490449417, -0.770666858, 0.0623779297, -0.826660156, -0.558959961, -0.911385065, -0.275315526, 0.305639185, 0, 2, 1, 1, 
336.722012, 22, 0.1, 0.1, -0.00240055672, 0.368430671, -0.0199684874, 0.998487437, 0.0549803445, 6.15646411e-006, 0.0549803447, -0.998487436, -3.01928728e-005, 4.48713752e-006, 3.04856887e-005, -1, 0.998487446, 0.0549801765, -9.8564274e-006, 0.0549801763, -0.998487446, -1.56393638e-005, -1.0701374e-005, 1.50738003e-005, -1, 0, 0, 0, 0, 0, 0, 0, 0.340589648, -0.15459458, -0.147428174, -0.517766057, 0.729307381, -0.447059189, -0.815795898, -0.263793945, 0.514526367, 0.25725945, 0.631231526, 0.731776884, 0, 0, 0, 0, 0, 0, 0, 0.377414062, -0.108841455, -0.111729492, -0.409457714, 0.488672503, -0.770379213, 0.0655517578, -0.826416016, -0.559082031, -0.909844757, -0.279430054, 0.306405874, 0, 2, 1, 1, 
336.722699, 22, 0.1, 0.1, -0.00240055632, 0.368430668, -0.0199707541, 0.998487398, 0.0549810545, -6.72798468e-006, 0.0549810546, -0.998487398, 2.25638213e-005, -5.47722523e-006, -2.28996029e-005, -1, 0.998487403, 0.0549809505, -1.16129699e-005, 0.0549809506, -0.998487404, 8.53382989e-006, -1.11262061e-005, -9.15941377e-006, -1, 0, 0, 0, 0, 0, 0, 0, 0.340589648, -0.15459458, -0.147428174, -0.517766057, 0.729307381, -0.447059189, -0.815795898, -0.263793945, 0.514526367, 0.25725945, 0.631231526, 0.731776884, 0, 0, 0, 0, 0, 0, 0, 0.377414062, -0.108841455, -0.111729492, -0.409457714, 0.488672503, -0.770379213, 0.0655517578, -0.826416016, -0.559082031, -0.909844757, -0.279430054, 0.306405874, 0, 2, 1, 1, 
336.723393, 22, 0.1, 0.1, -0.00240055472, 0.368430669, -0.0199726142, 0.99848738, 0.0549813793, -4.5375668e-006, 0.0549813792, -0.99848738, -2.6763029e-005, -6.00217143e-006, 2.6473065e-005, -1, 0.998487383, 0.0549813227, -1.45167035e-006, 0.0549813227, -0.998487383, -1.41242247e-005, -2.22604309e-006, 1.40230454e-005, -1, 0, 0, 0, 0, 0, 0, 0, 0.340589648, -0.15459458, -0.147428174, -0.517766057, 0.729307381, -0.447059189, -0.815795898, -0.263793945, 0.514526367, 0.25725945, 0.631231526, 0.731776884, 0, 0, 0, 0, 0, 0, 0, 0.377414062, -0.108841455, -0.111729492, -0.409457714, 0.488672503, -0.770379213, 0.0655517578, -0.826416016, -0.559082031, -0.909844757, -0.279430054, 0.306405874, 0, 2, 1, 1, 
336.724086, 22, 0.1, 0.1, -0.00240055287, 0.368430668, -0.0199735463, 0.998487356, 0.0549818087, -4.75857607e-006, 0.0549818088, -0.998487356, 2.39540173e-005, -3.43434285e-006, -2.41794185e-005, -1, 0.998487363, 0.0549816898, 8.65068211e-006, 0.0549816897, -0.998487363, 1.24143008e-005, 9.32015601e-006, -1.19198933e-005, -1, 0, 0, 0, 0, 0, 0, 0, 0.340589648, -0.15459458, -0.147428174, -0.517766057, 0.729307381, -0.447059189, -0.815795898, -0.263793945, 0.514526367, 0.25725945, 0.631231526, 0.731776884, 0, 0, 0, 0, 0, 0, 0, 0.377414062, -0.108841455, -0.111729492, -0.409457714, 0.488672503, -0.770379213, 0.0655517578, -0.826416016, -0.559082031, -0.909844757, -0.279430054, 0.306405874, 0, 2, 1, 1, 
336.72478, 22, 0.1, 0.1, -0.00240055184, 0.368430668, -0.0199732981, 0.998487328, 0.0549823166, 6.65696502e-006, 0.0549823167, -0.998487328, -2.46374468e-005, 5.29227132e-006, 2.49661937e-005, -1, 0.998487332, 0.0549822472, 1.1181612e-005, 0.0549822473, -0.998487332, -1.22612226e-005, 1.04905483e-005, 1.28574656e-005, -1, 0, 0, 0, 0, 0, 0, 0, 0.340589648, -0.15459458, -0.147428174, -0.517766057, 0.729307381, -0.447059189, -0.815795898, -0.263793945, 0.514526367, 0.25725945, 0.631231526, 0.731776884, 0, 0, 0, 0, 0, 0, 0, 0.377414062, -0.108841455, -0.111729492, -0.409457714, 0.488672503, -0.770379213, 0.0655517578, -0.826416016, -0.559082031, -0.909844757, -0.279430054, 0.306405874, 0, 2, 1, 1, 
336.725471, 22, 0.1, 0.1, -0.00240055178, 0.368430667, -0.019972056, 0.998487319, 0.0549824836, 7.15070974e-006, 0.0549824833, -0.998487319, 2.82870544e-005, 8.6951855e-006, -2.78511013e-005, -1, 0.998487321, 0.0549824572, 3.97002367e-006, 0.0549824571, -0.99848732, 1.5521241e-005, 4.81741426e-006, -1.52794807e-005, -1, 0, 0, 0, 0, 0, 0, 0, 0.340589648, -0.15459458, -0.147428174, -0.517766057, 0.729307381, -0.447059189, -0.815795898, -0.263793945, 0.514526367, 0.25725945, 0.631231526, 0.731776884, 0, 0, 0, 0, 0, 0, 0, 0.377414062, -0.108841455, -0.111729492, -0.409457714, 0.488672503, -0.770379213, 0.0655517578, -0.826416016, -0.559082031, -0.909844757, -0.279430054, 0.306405874, 0, 2, 1, 1, 
336.726161, 22, 0.1, 0.1, -0.00240055187, 0.368430668, -0.0199702896, 0.998487303, 0.0549827821, 9.00108915e-006, 0.0549827823, -0.998487302, -2.74524294e-005, 7.47806228e-006, 2.79058071e-005, -1, 0.998487308, 0.0549826853, -6.07492213e-006, 0.0549826852, -0.998487308, -1.50445433e-005, -6.89292203e-006, 1.468777e-005, -1, 0, 0, 0, 0, 0, 0, 0, 0.340589648, -0.15459458, -0.147428174, -0.517766057, 0.729307381, -0.447059189, -0.815795898, -0.263793945, 0.514526367, 0.25725945, 0.631231526, 0.731776884, 0, 0, 0, 0, 0, 0, 0, 0.377414062, -0.108841455, -0.111729492, -0.409457714, 0.488672503, -0.770379213, 0.0655517578, -0.826416016, -0.559082031, -0.909844757, -0.279430054, 0.306405874, 0, 2, 1, 1, 
336.726879, 22, 0.1, 0.1, -0.00240055104, 0.368430667, -0.0199681473, 0.998487279, 0.0549832056, -5.1418245e-006, 0.0549832057, -0.998487279, 3.30037954e-005, -3.31939189e-006, -3.32365839e-005, -0.999999999, 0.998487282, 0.0549831605, -1.04751764e-005, 0.0549831606, -0.998487282, 1.80177171e-005, -9.46865939e-006, -1.85664197e-005, -1, 0, 0, 0, 0, 0, 0, 0, 0.341121924, -0.155545166, -0.14647832, -0.520362374, 0.728184083, -0.445980073, -0.814697266, -0.266845703, 0.514648438, 0.255693195, 0.631162255, 0.732347521, 0, 0, 0, 0, 0, 0, 0, 0.377314941, -0.110116846, -0.110601807, -0.411284934, 0.487477076, -0.77009813, 0.0688476563, -0.825805664, -0.559570312, -0.908809379, -0.283237979, 0.306067189, 0, 2, 1, 1, 
336.72757, 22, 0.1, 0.1, -0.00240054925, 0.368430668, -0.0199666665, 0.998487278, 0.0549832302, -6.24872368e-006, 0.05498323, -0.998487278, -3.07243219e-005, -7.92859356e-006, 3.03342695e-005, -1, 0.998487278, 0.0549832313, -2.15586238e-006, 0.0549832312, -0.998487278, -1.50102362e-005, -2.97791244e-006, 1.48689936e-005, -1, 0, 0, 0, 0, 0, 0, 0, 0.341121924, -0.155545166, -0.14647832, -0.520362374, 0.728184083, -0.445980073, -0.814697266, -0.266845703, 0.514648438, 0.255693195, 0.631162255, 0.732347521, 0, 0, 0, 0, 0, 0, 0, 0.377314941, -0.110116846, -0.110601807, -0.411284934, 0.487477076, -0.77009813, 0.0688476563, -0.825805664, -0.559570312, -0.908809379, -0.283237979, 0.306067189, 0, 2, 1, 1, 
336.728262, 22, 0.1, 0.1, -0.00240054749, 0.368430667, -0.0199662556, 0.998487267, 0.0549834297, -8.63784202e-006, 0.0549834299, -0.998487267, 3.16958651e-005, -6.8820279e-006, -3.21228559e-005, -0.999999999, 0.998487272, 0.0549833447, 8.85666136e-006, 0.0549833446, -0.998487272, 1.74241209e-005, 9.80130008e-006, -1.6910794e-005, -1, 0, 0, 0, 0, 0, 0, 0, 0.341121924, -0.155545166, -0.14647832, -0.520362374, 0.728184083, -0.445980073, -0.814697266, -0.266845703, 0.514648438, 0.255693195, 0.631162255, 0.732347521, 0, 0, 0, 0, 0, 0, 0, 0.377314941, -0.110116846, -0.110601807, -0.411284934, 0.487477076, -0.77009813, 0.0688476563, -0.825805664, -0.559570312, -0.908809379, -0.283237979, 0.306067189, 0, 2, 1, 1, 
336.728953, 22, 0.1, 0.1, -0.00240054708, 0.368430667, -0.0199669224, 0.998487248, 0.0549837726, 4.84660541e-006, 0.0549837727, -0.998487248, -3.24557226e-005, 3.05473563e-006, 3.26731098e-005, -0.999999999, 0.99848725, 0.0549837415, 1.04087129e-005, 0.0549837416, -0.99848725, -1.62058972e-005, 9.50190628e-006, 1.67536917e-005, -1, 0, 0, 0, 0, 0, 0, 0, 0.341121924, -0.155545166, -0.14647832, -0.520362374, 0.728184083, -0.445980073, -0.814697266, -0.266845703, 0.514648438, 0.255693195, 0.631162255, 0.732347521, 0, 0, 0, 0, 0, 0, 0, 0.377314941, -0.110116846, -0.110601807, -0.411284934, 0.487477076, -0.77009813, 0.0688476563, -0.825805664, -0.559570312, -0.908809379, -0.283237979, 0.306067189, 0, 2, 1, 1, 
336.729643, 22, 0.1, 0.1, -0.00240054804, 0.368430665, -0.019968396, 0.998487251, 0.0549837301, 2.8259685e-006, 0.05498373, -0.99848725, 2.61510915e-005, 4.25957807e-006, -2.59561491e-005, -1, 0.99848725, 0.0549837433, -5.41400806e-007, 0.0549837433, -0.99848725, 1.10630053e-005, 6.77036422e-008, -1.1076038e-005, -1, 0, 0, 0, 0, 0, 0, 0, 0.341121924, -0.155545166, -0.14647832, -0.520362374, 0.728184083, -0.445980073, -0.814697266, -0.266845703, 0.514648438, 0.255693195, 0.631162255, 0.732347521, 0, 0, 0, 0, 0, 0, 0, 0.377314941, -0.110116846, -0.110601807, -0.411284934, 0.487477076, -0.77009813, 0.0688476563, -0.825805664, -0.559570312, -0.908809379, -0.283237979, 0.306067189, 0, 2, 1, 1, 
336.730337, 22, 0.1, 0.1, -0.00240054753, 0.368430666, -0.0199702146, 0.998487252, 0.0549837106, -1.07528859e-006, 0.0549837106, -0.998487251, -2.80421791e-005, -2.61552501e-006, 2.7940635e-005, -1, 0.998487251, 0.0549837208, 2.9339818e-006, 0.0549837208, -0.998487251, -1.42279954e-005, 2.1472353e-006, 1.43677933e-005, -1, 0, 0, 0, 0, 0, 0, 0, 0.341121924, -0.155545166, -0.14647832, -0.520362374, 0.728184083, -0.445980073, -0.814697266, -0.266845703, 0.514648438, 0.255693195, 0.631162255, 0.732347521, 0, 0, 0, 0, 0, 0, 0, 0.377314941, -0.110116846, -0.110601807, -0.411284934, 0.487477076, -0.77009813, 0.0688476563, -0.825805664, -0.559570312, -0.908809379, -0.283237979, 0.306067189, 0, 2, 1, 1, 
336.731065, 22, 0.1, 0.1, -0.00240054696, 0.368430665, -0.0199717643, 0.998487253, 0.0549836857, -2.96249955e-007, 0.0549836857, -0.998487253, 2.94333513e-005, 1.32255233e-006, -2.9405115e-005, -1, 0.998487252, 0.0549837034, -4.23565754e-006, 0.0549837034, -0.998487252, 1.23984743e-005, -3.54753603e-006, -1.26126107e-005, -1, 0, 0, 0, 0, 0, 0, 0, 0.341121924, -0.155545166, -0.14647832, -0.523365699, 0.726071157, -0.445903689, -0.813842773, -0.270996094, 0.513916016, 0.252337525, 0.631867685, 0.73282979, 0, 0, 0, 0, 0, 0, 0, 0.377314941, -0.110116846, -0.110601807, -0.411284934, 0.487477076, -0.77009813, 0.0688476563, -0.825805664, -0.559570312, -0.908809379, -0.283237979, 0.306067189, 0, 2, 1, 1, 
336.731775, 22, 0.1, 0.1, -0.00240054688, 0.368430666, -0.0199720795, 0.998487254, 0.0549836575, -2.94203183e-006, 0.0549836575, -0.998487254, -2.27897045e-005, -4.19064259e-006, 2.25934658e-005, -1, 0.998487254, 0.054983669, 7.305525e-007, 0.054983669, -0.998487254, -9.68213052e-006, 1.970883e-007, 9.70765237e-006, -1, 0, 0, 0, 0, 0, 0, 0, 0.342520923, -0.156097485, -0.145356738, -0.523365699, 0.726071157, -0.445903689, -0.813842773, -0.270996094, 0.513916016, 0.252337525, 0.631867685, 0.73282979, 0, 0, 0, 0, 0, 0, 0, 0.37786748, -0.110603027, -0.109296045, -0.413527399, 0.485405953, -0.770213335, 0.0748291016, -0.824951172, -0.560058594, -0.907326673, -0.28922457, 0.304827654, 0, 2, 1, 1, 
336.73247, 22, 0.1, 0.1, -0.00240054532, 0.368430666, -0.0199716536, 0.998487257, 0.0549836054, 1.48716517e-005, 0.0549836049, -0.998487257, 3.05293524e-005, 1.65277686e-005, -2.96654723e-005, -0.999999999, 0.998487257, 0.0549836176, 1.18146849e-005, 0.0549836173, -0.998487257, 1.76739532e-005, 1.27685902e-005, -1.6997603e-005, -1, 0, 0, 0, 0, 0, 0, 0, 0.342520923, -0.156097485, -0.145356738, -0.523365699, 0.726071157, -0.445903689, -0.813842773, -0.270996094, 0.513916016, 0.252337525, 0.631867685, 0.73282979, 0, 0, 0, 0, 0, 0, 0, 0.37786748, -0.110603027, -0.109296045, -0.413527399, 0.485405953, -0.770213335, 0.0748291016, -0.824951172, -0.560058594, -0.907326673, -0.28922457, 0.304827654, 0, 2, 1, 1, 
336.733163, 22, 0.1, 0.1, -0.0024005442, 0.368430666, -0.0199707044, 0.99848725, 0.0549837289, 1.41746028e-005, 0.0549837293, -0.99848725, -2.72082343e-005, 1.265715e-005, 2.79464476e-005, -1, 0.998487254, 0.0549836644, -3.9480719e-008, 0.0549836644, -0.998487254, -1.42370247e-005, -8.22224784e-007, 1.42133169e-005, -1, 0, 0, 0, 0, 0, 0, 0, 0.342520923, -0.156097485, -0.145356738, -0.523365699, 0.726071157, -0.445903689, -0.813842773, -0.270996094, 0.513916016, 0.252337525, 0.631867685, 0.73282979, 0, 0, 0, 0, 0, 0, 0, 0.37786748, -0.110603027, -0.109296045, -0.413527399, 0.485405953, -0.770213335, 0.0748291016, -0.824951172, -0.560058594, -0.907326673, -0.28922457, 0.304827654, 0, 2, 1, 1, 
336.733871, 22, 0.1, 0.1, -0.00240054281, 0.368430665, -0.0199694766, 0.998487237, 0.0549839714, -2.05440316e-006, 0.0549839714, -0.998487237, 2.94987983e-005, -4.29334252e-007, -2.95671328e-005, -1, 0.998487238, 0.0549839569, -6.96379698e-006, 0.054983957, -0.998487238, 1.42588079e-005, -6.16925673e-006, -1.46201348e-005, -1, 0, 0, 0, 0, 0, 0, 0, 0.342520923, -0.156097485, -0.145356738, -0.526140993, 0.723939135, -0.446112623, -0.813354492, -0.275268555, 0.512451172, 0.248080595, 0.632452548, 0.733851618, 0, 0, 0, 0, 0, 0, 0, 0.37786748, -0.110603027, -0.109296045, -0.413527399, 0.485405953, -0.770213335, 0.0748291016, -0.824951172, -0.560058594, -0.907326673, -0.28922457, 0.304827654, 0, 2, 1, 1, 
336.73458, 22, 0.1, 0.1, -0.00240054062, 0.368430666, -0.0199680757, 0.998487244, 0.0549838552, -4.98133894e-006, 0.054983855, -0.998487243, -3.26662363e-005, -6.76991899e-006, 3.2342927e-005, -0.999999999, 0.998487242, 0.0549838823, -4.34736796e-007, 0.0549838823, -0.998487242, -1.74142017e-005, -1.39157956e-006, 1.73639547e-005, -1, 0, 0, 0, 0, 0, 0, 0, 0.344375317, -0.15687439, -0.144024854, -0.526140993, 0.723939135, -0.446112623, -0.813354492, -0.275268555, 0.512451172, 0.248080595, 0.632452548, 0.733851618, 0, 0, 0, 0, 0, 0, 0, 0.378940967, -0.111515918, -0.107832471, -0.414492049, 0.483737314, -0.77075691, 0.0817871094, -0.823608398, -0.561035156, -0.906323378, -0.295537087, 0.301824697, 0, 2, 1, 1, 
336.735277, 22, 0.1, 0.1, -0.00240053909, 0.368430664, -0.0199672677, 0.99848724, 0.0549839208, -1.01115603e-005, 0.0549839211, -0.99848724, 2.83813442e-005, -8.5357464e-006, -2.88943832e-005, -1, 0.998487243, 0.0549838639, 7.09733473e-006, 0.0549838638, -0.998487243, 1.47607711e-005, 7.89820242e-006, -1.43482027e-005, -1, 0, 0, 0, 0, 0, 0, 0, 0.344375317, -0.15687439, -0.144024854, -0.526140993, 0.723939135, -0.446112623, -0.813354492, -0.275268555, 0.512451172, 0.248080595, 0.632452548, 0.733851618, 0, 0, 0, 0, 0, 0, 0, 0.378940967, -0.111515918, -0.107832471, -0.414492049, 0.483737314, -0.77075691, 0.0817871094, -0.823608398, -0.561035156, -0.906323378, -0.295537087, 0.301824697, 0, 2, 1, 1, 
336.735979, 22, 0.1, 0.1, -0.0024005393, 0.368430664, -0.0199672067, 0.998487228, 0.0549841463, 1.13164847e-006, 0.0549841463, -0.998487227, -3.49733047e-005, -7.93040767e-007, 3.49826208e-005, -0.999999999, 0.998487228, 0.0549841373, 7.3022679e-006, 0.0549841374, -0.998487228, -1.84900103e-005, 6.27456397e-006, 1.88635481e-005, -1, 0, 0, 0, 0, 0, 0, 0, 0.344375317, -0.15687439, -0.144024854, -0.526140993, 0.723939135, -0.446112623, -0.813354492, -0.275268555, 0.512451172, 0.248080595, 0.632452548, 0.733851618, 0, 0, 0, 0, 0, 0, 0, 0.378940967, -0.111515918, -0.107832471, -0.414492049, 0.483737314, -0.77075691, 0.0817871094, -0.823608398, -0.561035156, -0.906323378, -0.295537087, 0.301824697, 0, 2, 1, 1, 
336.736674, 22, 0.1, 0.1, -0.00240053765, 0.368430662, -0.0199678249, 0.998487226, 0.0549841694, 1.40215881e-005, 0.054984169, -0.998487226, 2.74660183e-005, 1.55105728e-005, -2.66535031e-005, -1, 0.998487226, 0.054984168, 1.21826754e-005, 0.0549841679, -0.998487226, 1.18747025e-005, 1.28171664e-005, -1.11868845e-005, -1, 0, 0, 0, 0, 0, 0, 0, 0.344375317, -0.15687439, -0.144024854, -0.526140993, 0.723939135, -0.446112623, -0.813354492, -0.275268555, 0.512451172, 0.248080595, 0.632452548, 0.733851618, 0, 0, 0, 0, 0, 0, 0, 0.378940967, -0.111515918, -0.107832471, -0.414492049, 0.483737314, -0.77075691, 0.0817871094, -0.823608398, -0.561035156, -0.906323378, -0.295537087, 0.301824697, 0, 2, 1, 1, 
336.737368, 22, 0.1, 0.1, -0.00240053798, 0.368430663, -0.0199689637, 0.998487214, 0.0549843964, 5.16772032e-006, 0.0549843965, -0.998487213, -2.8358461e-005, 3.60062981e-006, 2.85997047e-005, -1, 0.998487219, 0.0549843098, -8.92963156e-006, 0.0549843096, -0.998487218, -1.5412946e-005, -9.76359317e-006, 1.48986399e-005, -1, 0, 0, 0, 0, 0, 0, 0, 0.344375317, -0.15687439, -0.144024854, -0.526140993, 0.723939135, -0.446112623, -0.813354492, -0.275268555, 0.512451172, 0.248080595, 0.632452548, 0.733851618, 0, 0, 0, 0, 0, 0, 0, 0.378940967, -0.111515918, -0.107832471, -0.414492049, 0.483737314, -0.77075691, 0.0817871094, -0.823608398, -0.561035156, -0.906323378, -0.295537087, 0.301824697, 0, 2, 1, 1, 
336.738062, 22, 0.1, 0.1, -0.00240053874, 0.368430662, -0.0199702681, 0.998487195, 0.0549847359, -1.35660876e-005, 0.0549847363, -0.998487195, 2.94346532e-005, -1.19271081e-005, -3.0136052e-005, -0.999999999, 0.998487197, 0.0549847032, -1.79194103e-005, 0.0549847034, -0.998487197, 1.44424464e-005, -1.70981881e-005, -1.54058913e-005, -1, 0, 0, 0, 0, 0, 0, 0, 0.344375317, -0.15687439, -0.144024854, -0.526140993, 0.723939135, -0.446112623, -0.813354492, -0.275268555, 0.512451172, 0.248080595, 0.632452548, 0.733851618, 0, 0, 0, 0, 0, 0, 0, 0.378940967, -0.111515918, -0.107832471, -0.414492049, 0.483737314, -0.77075691, 0.0817871094, -0.823608398, -0.561035156, -0.906323378, -0.295537087, 0.301824697, 0, 2, 1, 1, 
336.738756, 22, 0.1, 0.1, -0.00240053896, 0.368430663, -0.0199713254, 0.998487196, 0.0549847248, -1.37657689e-005, 0.0549847245, -0.998487195, -2.27236297e-005, -1.49943965e-005, 2.19323463e-005, -1, 0.998487195, 0.054984731, -1.07504067e-005, 0.0549847309, -0.998487195, -9.22820689e-006, -1.12415539e-005, 8.6231382e-006, -1, 0, 0, 0, 0, 0, 0, 0, 0.344375317, -0.15687439, -0.144024854, -0.526140993, 0.723939135, -0.446112623, -0.813354492, -0.275268555, 0.512451172, 0.248080595, 0.632452548, 0.733851618, 0, 0, 0, 0, 0, 0, 0, 0.378940967, -0.111515918, -0.107832471, -0.414492049, 0.483737314, -0.77075691, 0.0817871094, -0.823608398, -0.561035156, -0.906323378, -0.295537087, 0.301824697, 0, 2, 1, 1, 
336.739477, 22, 0.1, 0.1, -0.00240053841, 0.368430662, -0.0199715478, 0.998487187, 0.0549848834, -1.0380919e-005, 0.0549848837, -0.998487187, 2.88021251e-005, -8.78153309e-006, -2.93293465e-005, -1, 0.998487191, 0.0549848148, 3.57668218e-006, 0.0549848147, -0.998487191, 1.71151509e-005, 4.51234475e-006, -1.68925957e-005, -1, 0, 0, 0, 0, 0, 0, 0, 0.345227246, -0.157175513, -0.144282983, -0.53125013, 0.722460126, -0.442488487, -0.810302734, -0.281005859, 0.514038086, 0.247035924, 0.631698065, 0.734884306, 0, 0, 0, 0, 0, 0, 0, 0.379592725, -0.111951074, -0.107926074, -0.418925939, 0.482752241, -0.768974166, 0.0866699219, -0.821655273, -0.563232422, -0.903843573, -0.302514214, 0.302380299, 0, 2, 1, 1, 
336.740173, 22, 0.1, 0.1, -0.00240053826, 0.368430663, -0.0199711962, 0.998487172, 0.0549851571, 4.28674365e-006, 0.0549851572, -0.998487172, -2.81583955e-005, 2.73196475e-006, 2.83515039e-005, -1, 0.998487173, 0.0549851356, 8.67108783e-006, 0.0549851357, -0.998487173, -1.41717628e-005, 7.87873367e-006, 1.46271043e-005, -1, 0, 0, 0, 0, 0, 0, 0, 0.345227246, -0.157175513, -0.144282983, -0.53125013, 0.722460126, -0.442488487, -0.810302734, -0.281005859, 0.514038086, 0.247035924, 0.631698065, 0.734884306, 0, 0, 0, 0, 0, 0, 0, 0.379592725, -0.111951074, -0.107926074, -0.418925939, 0.482752241, -0.768974166, 0.0866699219, -0.821655273, -0.563232422, -0.903843573, -0.302514214, 0.302380299, 0, 2, 1, 1, 
336.740861, 22, 0.1, 0.1, -0.00240053876, 0.368430661, -0.0199704707, 0.998487175, 0.0549850987, 5.82140478e-006, 0.0549850986, -0.998487175, 2.55407683e-005, 7.21695968e-006, -2.51820391e-005, -1, 0.998487174, 0.0549851142, 2.31101212e-006, 0.0549851142, -0.998487174, 1.201564e-005, 2.9681973e-006, -1.18703912e-005, -1, 0, 0, 0, 0, 0, 0, 0, 0.345227246, -0.157175513, -0.144282983, -0.53125013, 0.722460126, -0.442488487, -0.810302734, -0.281005859, 0.514038086, 0.247035924, 0.631698065, 0.734884306, 0, 0, 0, 0, 0, 0, 0, 0.379592725, -0.111951074, -0.107926074, -0.418925939, 0.482752241, -0.768974166, 0.0866699219, -0.821655273, -0.563232422, -0.903843573, -0.302514214, 0.302380299, 0, 2, 1, 1, 
336.74156, 22, 0.1, 0.1, -0.00240053935, 0.368430661, -0.0199695712, 0.998487169, 0.0549852103, 7.69160177e-006, 0.0549852105, -0.998487168, -3.11899218e-005, 5.96498126e-006, 3.1565661e-005, -0.999999999, 0.998487172, 0.0549851463, -8.14246091e-006, 0.0549851461, -0.998487172, -1.83463695e-005, -9.13892058e-006, 1.78709002e-005, -1, 0, 0, 0, 0, 0, 0, 0, 0.345227246, -0.157175513, -0.144282983, -0.53125013, 0.722460126, -0.442488487, -0.810302734, -0.281005859, 0.514038086, 0.247035924, 0.631698065, 0.734884306, 0, 0, 0, 0, 0, 0, 0, 0.379592725, -0.111951074, -0.107926074, -0.418925939, 0.482752241, -0.768974166, 0.0866699219, -0.821655273, -0.563232422, -0.903843573, -0.302514214, 0.302380299, 0, 2, 1, 1, 
336.742249, 22, 0.1, 0.1, -0.00240053889, 0.36843066, -0.0199688166, 0.998487155, 0.0549854587, -5.52534284e-006, 0.0549854588, -0.998487155, 2.93683015e-005, -3.90215433e-006, -2.96276853e-005, -1, 0.998487156, 0.0549854433, -1.07573235e-005, 0.0549854435, -0.998487156, 1.43724028e-005, -9.95077638e-006, -1.49421558e-005, -1, 0, 0, 0, 0, 0, 0, 0, 0.345227246, -0.157175513, -0.144282983, -0.53125013, 0.722460126, -0.442488487, -0.810302734, -0.281005859, 0.514038086, 0.247035924, 0.631698065, 0.734884306, 0, 0, 0, 0, 0, 0, 0, 0.379592725, -0.111951074, -0.107926074, -0.418925939, 0.482752241, -0.768974166, 0.0866699219, -0.821655273, -0.563232422, -0.903843573, -0.302514214, 0.302380299, 0, 2, 1, 1, 
