time, trialNum, realDorsalTactorPos, realVentralTactorPos, boxPosX, boxPosY, boxPosZ, boxLocalRot_11, boxLocalRot_12, boxLocalRot_13, boxLocalRot_21, boxLocalRot_22, boxLocalRot_23, boxLocalRot_31, boxLocalRot_32, boxLocalRot_33, boxGlobalRot_11, boxGlobalRot_12, boxGlobalRot_13, boxGlobalRot_21, boxGlobalRot_22, boxGlobalRot_23, boxGlobalRot_31, boxGlobalRot_32, boxGlobalRot_33, indexForceX, indexForceY, indexForceZ, indexForceGlobalX, indexForceGlobalY, indexForceGlobalZ, indexContact, indexPosX, indexPosY, indexPosZ, indexRot_11, indexRot_12, indexRot_13, indexRot_21, indexRot_22, indexRot_23, indexRot_31, indexRot_32, indexRot_33, thumbForceX, thumbForceY, thumbForceZ, thumbForceGlobalX, thumbForceGlobalY, thumbForceGlobalZ, thumbContact, thumbPosX, thumbPosY, thumbPosZ, thumbRot_11, thumbRot_12, thumbRot_13, thumbRot_21, thumbRot_22, thumbRot_23, thumbRot_31, thumbRot_32, thumbRot_33, manipForceTooHigh, cceExpType, mapping, trialSuccess, 
708.44925, 60, 0.1, 0.1, -0.0116468481, 0.356462328, -0.0199755204, 0.988813009, -1.1944992e-005, 0.149160428, 0.149160428, 5.62286539e-005, -0.988813007, 3.42427336e-006, 0.999999998, 5.73813446e-005, 0.988813014, 7.34794857e-007, 0.149160395, 0.149160395, 6.53626028e-005, -0.988813012, -1.04760864e-005, 0.999999998, 6.452179e-005, 0, 0, 0, 0, 0, 0, 0, 0.268058765, -0.0513671631, -0.171466919, -0.305416585, 0.76057065, -0.57282631, -0.87878418, 0.00646972655, 0.477172852, 0.366622466, 0.649144418, 0.666541596, 0, -0, 0, 0, 0, 0, 0, 0.313969629, -0.00985004883, -0.151574805, -0.13482691, 0.41059501, -0.901674876, -0.38269043, -0.860961914, -0.334838867, -0.913874943, 0.299933024, 0.273335539, 0, 2, 5, 1, 
708.466034, 60, 0.1, 0.1, -0.0116468558, 0.35646235, -0.0199613728, 0.988813405, -2.42487957e-005, 0.149157802, 0.149157803, 3.76943069e-005, -0.988813404, 1.83551343e-005, 0.999999999, 4.08895331e-005, 0.988813386, -1.46541759e-005, 0.149157927, 0.149157928, 1.88537416e-005, -0.988813386, 1.16780603e-005, 1, 2.08286186e-005, 0, 0, 0, 0, 0, 0, 0, 0.276862793, -0.0607875732, -0.169241187, -0.337497616, 0.750282722, -0.568429716, -0.873535156, -0.0246582031, 0.485961914, 0.350569381, 0.660661221, 0.663867773, 0, -0, 0, 0, 0, 0, 0, 0.323622363, -0.0217391602, -0.147935742, -0.147812151, 0.419131366, -0.895764477, -0.347412109, -0.869873047, -0.349731445, -0.92579562, 0.25958868, 0.274324975, 0, 2, 5, 1, 
708.466725, 60, 0.1, 0.1, -0.0116468548, 0.356462347, -0.0199609247, 0.988813524, -1.30588097e-005, 0.149157015, 0.149157015, -3.18641551e-005, -0.988813523, 1.76654899e-005, 0.999999999, -2.95598944e-005, 0.988813494, 2.93398774e-006, 0.149157215, 0.149157215, -1.15947166e-005, -0.988813494, -1.17173103e-006, 1, -1.19026377e-005, 0, 0, 0, 0, 0, 0, 0, 0.276862793, -0.0607875732, -0.169241187, -0.337497616, 0.750282722, -0.568429716, -0.873535156, -0.0246582031, 0.485961914, 0.350569381, 0.660661221, 0.663867773, 0, -0, 0, 0, 0, 0, 0, 0.323622363, -0.0217391602, -0.147935742, -0.147812151, 0.419131366, -0.895764477, -0.347412109, -0.869873047, -0.349731445, -0.92579562, 0.25958868, 0.274324975, 0, 2, 5, 1, 
708.46743, 60, 0.1, 0.1, -0.0116468558, 0.356462347, -0.0199631276, 0.988813672, 3.40973238e-005, 0.149156027, 0.149156025, 4.93253203e-005, -0.988813672, -4.10730688e-005, 0.999999998, 4.36877298e-005, 0.988813643, 2.13066942e-005, 0.149156226, 0.149156225, 2.74294455e-005, -0.988813643, -2.51596225e-005, 0.999999999, 2.39445839e-005, 0, 0, 0, 0, 0, 0, 0, 0.276862793, -0.0607875732, -0.169241187, -0.345279454, 0.748341661, -0.566360974, -0.871704102, -0.0323486328, 0.488769531, 0.347476185, 0.662451758, 0.663663709, 0, -0, 0, 0, 0, 0, 0, 0.323622363, -0.0217391602, -0.147935742, -0.147812151, 0.419131366, -0.895764477, -0.347412109, -0.869873047, -0.349731445, -0.92579562, 0.25958868, 0.274324975, 0, 2, 5, 1, 
708.468135, 60, 0.1, 0.1, -0.0116468581, 0.356462342, -0.0199668375, 0.988813802, -2.16374262e-005, 0.149155171, 0.149155171, -2.39622067e-005, -0.988813802, 2.49694726e-005, 0.999999999, -2.04668267e-005, 0.988813778, -8.04666055e-006, 0.149155329, 0.149155329, -4.49887097e-006, -0.988813778, 8.6276794e-006, 1, -3.2483433e-006, 0, 0, 0, 0, 0, 0, 0, 0.278241626, -0.0624440186, -0.169136084, -0.345279454, 0.748341661, -0.566360974, -0.871704102, -0.0323486328, 0.488769531, 0.347476185, 0.662451758, 0.663663709, 0, -0, 0, 0, 0, 0, 0, 0.325057227, -0.0231806641, -0.147580908, -0.152342656, 0.420810199, -0.894179693, -0.338989258, -0.872070313, -0.352661133, -0.928235678, 0.249454745, 0.275596227, 0, 2, 5, 1, 
708.468822, 60, 0.1, 0.1, -0.0116468572, 0.356462343, -0.0199711104, 0.988813908, 2.23101051e-005, 0.149154466, 0.149154466, 2.36283921e-005, -0.988813908, -2.55848224e-005, 0.999999999, 2.00364309e-005, 0.988813889, 1.1014849e-005, 0.149154597, 0.149154597, 1.04001461e-005, -0.988813889, -1.24428653e-005, 1, 8.64089353e-006, 0, 0, 0, 0, 0, 0, 0, 0.278241626, -0.0624440186, -0.169136084, -0.345279454, 0.748341661, -0.566360974, -0.871704102, -0.0323486328, 0.488769531, 0.347476185, 0.662451758, 0.663663709, 0, -0, 0, 0, 0, 0, 0, 0.325057227, -0.0231806641, -0.147580908, -0.152342656, 0.420810199, -0.894179693, -0.338989258, -0.872070313, -0.352661133, -0.928235678, 0.249454745, 0.275596227, 0, 2, 5, 1, 
708.469515, 60, 0.1, 0.1, -0.0116468584, 0.356462343, -0.0199747648, 0.988814002, -1.92413616e-005, 0.149153843, 0.149153843, -3.23526009e-005, -0.988814002, 2.38516426e-005, 0.999999999, -2.91207817e-005, 0.988813985, -8.31736139e-006, 0.14915396, 0.14915396, -1.86193843e-005, -0.988813984, 1.10014782e-005, 1, -1.71705401e-005, 0, 0, 0, 0, 0, 0, 0, 0.278241626, -0.0624440186, -0.169136084, -0.345279454, 0.748341661, -0.566360974, -0.871704102, -0.0323486328, 0.488769531, 0.347476185, 0.662451758, 0.663663709, 0, -0, 0, 0, 0, 0, 0, 0.325057227, -0.0231806641, -0.147580908, -0.152342656, 0.420810199, -0.894179693, -0.338989258, -0.872070313, -0.352661133, -0.928235678, 0.249454745, 0.275596227, 0, 2, 5, 1, 
708.470206, 60, 0.1, 0.1, -0.0116468564, 0.356462345, -0.019976735, 0.988814089, 7.1943997e-006, 0.149153271, 0.149153271, 1.66048216e-005, -0.988814088, -9.59058723e-006, 1, 1.53460133e-005, 0.988814072, -2.94293248e-007, 0.14915338, 0.14915338, 3.98181641e-006, -0.988814072, -3.02900072e-007, 1, 3.98117093e-006, 0, 0, 0, 0, 0, 0, 0, 0.278241626, -0.0624440186, -0.169136084, -0.345279454, 0.748341661, -0.566360974, -0.871704102, -0.0323486328, 0.488769531, 0.347476185, 0.662451758, 0.663663709, 0, -0, 0, 0, 0, 0, 0, 0.325057227, -0.0231806641, -0.147580908, -0.152342656, 0.420810199, -0.894179693, -0.338989258, -0.872070313, -0.352661133, -0.928235678, 0.249454745, 0.275596227, 0, 2, 5, 1, 
708.470898, 60, 0.1, 0.1, -0.0116468564, 0.356462344, -0.0199765618, 0.988814155, -2.84917764e-006, 0.149152828, 0.149152828, -2.42868033e-005, -0.988814155, 6.43975258e-006, 1, -2.3590172e-005, 0.988814146, -7.30741969e-006, 0.149152889, 0.149152889, -1.52955854e-005, -0.988814146, 9.50706072e-006, 1, -1.40345685e-005, 0, 0, 0, 0, 0, 0, 0, 0.278241626, -0.0624440186, -0.169136084, -0.345279454, 0.748341661, -0.566360974, -0.871704102, -0.0323486328, 0.488769531, 0.347476185, 0.662451758, 0.663663709, 0, -0, 0, 0, 0, 0, 0, 0.325057227, -0.0231806641, -0.147580908, -0.152342656, 0.420810199, -0.894179693, -0.338989258, -0.872070313, -0.352661133, -0.928235678, 0.249454745, 0.275596227, 0, 2, 5, 1, 
708.47159, 60, 0.1, 0.1, -0.0116468558, 0.356462344, -0.0199744352, 0.988814179, -2.00198103e-005, 0.149152667, 0.149152668, 2.57356464e-005, -0.988814179, 1.5957332e-005, 0.999999999, 2.84337802e-005, 0.988814175, -1.37213883e-005, 0.149152694, 0.149152694, 1.43076213e-005, -0.988814175, 1.1433883e-005, 1, 1.61941608e-005, 0, 0, 0, 0, 0, 0, 0, 0.278241626, -0.0624440186, -0.169136084, -0.345279454, 0.748341661, -0.566360974, -0.871704102, -0.0323486328, 0.488769531, 0.347476185, 0.662451758, 0.663663709, 0, -0, 0, 0, 0, 0, 0, 0.325057227, -0.0231806641, -0.147580908, -0.152342656, 0.420810199, -0.894179693, -0.338989258, -0.872070313, -0.352661133, -0.928235678, 0.249454745, 0.275596227, 0, 2, 5, 1, 
708.472298, 60, 0.1, 0.1, -0.0116468583, 0.356462342, -0.0199709391, 0.98881422, 3.19294198e-005, 0.149152394, 0.149152395, -2.19453006e-005, -0.98881422, -2.82990702e-005, 0.999999999, -2.64621748e-005, 0.988814208, 3.05043793e-005, 0.149152478, 0.149152478, -9.29685136e-006, -0.988814208, -2.87765153e-005, 0.999999999, -1.37426625e-005, 0, 0, 0, 0, 0, 0, 0, 0.279648291, -0.0643536133, -0.168858521, -0.352496647, 0.745772675, -0.56525078, -0.870239258, -0.0390625, 0.490966797, 0.344046375, 0.664959708, 0.662869912, 0, -0, 0, 0, 0, 0, 0, 0.325057227, -0.0231806641, -0.147580908, -0.152342656, 0.420810199, -0.894179693, -0.338989258, -0.872070313, -0.352661133, -0.928235678, 0.249454745, 0.275596227, 0, 2, 5, 1, 
708.472999, 60, 0.1, 0.1, -0.0116468584, 0.356462342, -0.019967144, 0.988814318, -2.35254144e-006, 0.149151749, 0.149151749, 3.36696881e-005, -0.988814318, -2.6956662e-006, 0.999999999, 3.36439553e-005, 0.988814293, -1.16277346e-005, 0.149151915, 0.149151915, 1.78936256e-005, -0.988814293, 8.82880165e-006, 1, 1.94277716e-005, 0, 0, 0, 0, 0, 0, 0, 0.279648291, -0.0643536133, -0.168858521, -0.352496647, 0.745772675, -0.56525078, -0.870239258, -0.0390625, 0.490966797, 0.344046375, 0.664959708, 0.662869912, 0, -0, 0, 0, 0, 0, 0, 0.326307178, -0.0250647461, -0.147252686, -0.156425835, 0.422093111, -0.892946354, -0.331787109, -0.873901367, -0.354980469, -0.930260493, 0.24075211, 0.276707798, 0, 2, 5, 1, 
708.473695, 60, 0.1, 0.1, -0.0116468589, 0.356462341, -0.019964432, 0.988814424, 1.58909605e-005, 0.149151045, 0.149151045, -3.52562371e-005, -0.988814424, -1.04547064e-005, 0.999999999, -3.72320292e-005, 0.988814405, 1.20151436e-005, 0.149151173, 0.149151174, -1.88171834e-005, -0.988814405, -9.07414207e-006, 1, -2.03987748e-005, 0, 0, 0, 0, 0, 0, 0, 0.279648291, -0.0643536133, -0.168858521, -0.352496647, 0.745772675, -0.56525078, -0.870239258, -0.0390625, 0.490966797, 0.344046375, 0.664959708, 0.662869912, 0, -0, 0, 0, 0, 0, 0, 0.326307178, -0.0250647461, -0.147252686, -0.156425835, 0.422093111, -0.892946354, -0.331787109, -0.873901367, -0.354980469, -0.930260493, 0.24075211, 0.276707798, 0, 2, 5, 1, 
708.474391, 60, 0.1, 0.1, -0.0116468563, 0.356462343, -0.0199634255, 0.988814554, -1.18595513e-005, 0.149150184, 0.149150185, 3.04136531e-005, -0.988814554, 7.19069498e-006, 0.999999999, 3.1842317e-005, 0.988814522, -2.46639093e-005, 0.149150397, 0.149150397, 1.15143338e-005, -0.988814522, 2.26706642e-005, 1, 1.50641724e-005, 0, 0, 0, 0, 0, 0, 0, 0.279648291, -0.0643536133, -0.168858521, -0.352496647, 0.745772675, -0.56525078, -0.870239258, -0.0390625, 0.490966797, 0.344046375, 0.664959708, 0.662869912, 0, -0, 0, 0, 0, 0, 0, 0.326307178, -0.0250647461, -0.147252686, -0.156425835, 0.422093111, -0.892946354, -0.331787109, -0.873901367, -0.354980469, -0.930260493, 0.24075211, 0.276707798, 0, 2, 5, 1, 
708.475082, 60, 0.1, 0.1, -0.0116468605, 0.356462341, -0.0199643582, 0.988814756, 7.46710812e-006, 0.149148844, 0.149148844, -3.2960589e-005, -0.988814756, -2.46755294e-006, 0.999999999, -3.37056274e-005, 0.98881471, 2.60686174e-005, 0.149149148, 0.149149148, -1.38866821e-005, -0.98881471, -2.37058456e-005, 1, -1.76194676e-005, 0, 0, 0, 0, 0, 0, 0, 0.279648291, -0.0643536133, -0.168858521, -0.352496647, 0.745772675, -0.56525078, -0.870239258, -0.0390625, 0.490966797, 0.344046375, 0.664959708, 0.662869912, 0, -0, 0, 0, 0, 0, 0, 0.326307178, -0.0250647461, -0.147252686, -0.156425835, 0.422093111, -0.892946354, -0.331787109, -0.873901367, -0.354980469, -0.930260493, 0.24075211, 0.276707798, 0, 2, 5, 1, 
708.475776, 60, 0.1, 0.1, -0.0116468523, 0.356462343, -0.0199668147, 0.988815031, -3.79456528e-005, 0.149147021, 0.149147022, 2.40299534e-005, -0.988815031, 3.39372359e-005, 0.999999999, 2.94206602e-005, 0.98881497, -5.13692664e-005, 0.149147418, 0.149147418, 6.13623968e-006, -0.988814971, 4.98794954e-005, 0.999999999, 1.37291991e-005, 0, 0, 0, 0, 0, 0, 0, 0.279648291, -0.0643536133, -0.168858521, -0.352496647, 0.745772675, -0.56525078, -0.870239258, -0.0390625, 0.490966797, 0.344046375, 0.664959708, 0.662869912, 0, -0, 0, 0, 0, 0, 0, 0.326307178, -0.0250647461, -0.147252686, -0.156425835, 0.422093111, -0.892946354, -0.331787109, -0.873901367, -0.354980469, -0.930260493, 0.24075211, 0.276707798, 0, 2, 5, 1, 
708.476485, 60, 0.1, 0.1, -0.0116468602, 0.35646234, -0.0199698794, 0.988815381, 6.69350484e-005, 0.14914469, 0.149144692, -1.38157953e-005, -0.988815383, -6.4125853e-005, 0.999999998, -2.3644278e-005, 0.988815308, 6.47136357e-005, 0.14914517, 0.14914517, -5.96107671e-007, -0.98881531, -6.39009272e-005, 0.999999998, -1.02411666e-005, 0, 0, 0, 0, 0, 0, 0, 0.279648291, -0.0643536133, -0.168858521, -0.352496647, 0.745772675, -0.56525078, -0.870239258, -0.0390625, 0.490966797, 0.344046375, 0.664959708, 0.662869912, 0, -0, 0, 0, 0, 0, 0, 0.326307178, -0.0250647461, -0.147252686, -0.156425835, 0.422093111, -0.892946354, -0.331787109, -0.873901367, -0.354980469, -0.930260493, 0.24075211, 0.276707798, 0, 2, 5, 1, 
708.477206, 60, 0.1, 0.1, -0.0116468601, 0.35646234, -0.0199726156, 0.98881576, -6.34243015e-005, 0.149142179, 0.14914218, 1.84338166e-005, -0.988815761, 5.99656894e-005, 0.999999998, 2.76868869e-005, 0.988815685, -3.43402694e-005, 0.149142686, 0.149142687, 8.84017544e-006, -0.988815685, 3.26377495e-005, 0.999999999, 1.38629042e-005, 0, 0, 0, 0, 0, 0, 0, 0.281247803, -0.0658180664, -0.168336108, -0.360247406, 0.743184593, -0.563765779, -0.868774414, -0.0472412109, 0.492919922, 0.339588746, 0.667347091, 0.662881894, 0, -0, 0, 0, 0, 0, 0, 0.326307178, -0.0250647461, -0.147252686, -0.161358824, 0.423177696, -0.891508491, -0.323120117, -0.876098633, -0.357421875, -0.932374626, 0.230432974, 0.278209093, 0, 2, 5, 1, 
708.477896, 60, 0.1, 0.1, -0.0116468472, 0.356462339, -0.0199740837, 0.988816065, -3.35215728e-005, 0.149140165, 0.149140164, -1.65993457e-005, -0.988816065, 3.56222989e-005, 0.999999999, -1.14142868e-005, 0.988816011, -5.7713933e-005, 0.149140512, 0.149140512, -1.01414325e-005, -0.988816013, 5.85809596e-005, 0.999999998, -1.42052533e-006, 0, 0, 0, 0, 0, 0, 0, 0.281247803, -0.0658180664, -0.168336108, -0.360247406, 0.743184593, -0.563765779, -0.868774414, -0.0472412109, 0.492919922, 0.339588746, 0.667347091, 0.662881894, 0, -0, 0, 0, 0, 0, 0, 0.327499023, -0.0263262207, -0.146679492, -0.161358824, 0.423177696, -0.891508491, -0.323120117, -0.876098633, -0.357421875, -0.932374626, 0.230432974, 0.278209093, 0, 2, 5, 1, 
708.478586, 60, 0.1, 0.1, -0.0116468569, 0.356462337, -0.0199742724, 0.988816254, 8.08603931e-005, 0.149138895, 0.149138893, 2.35037491e-005, -0.988816257, -8.34613944e-005, 0.999999996, 1.11814596e-005, 0.98881622, 7.37828552e-005, 0.149139124, 0.149139123, 2.42121822e-005, -0.988816222, -7.65686678e-005, 0.999999997, 1.29374881e-005, 0, 0, 0, 0, 0, 0, 0, 0.281247803, -0.0658180664, -0.168336108, -0.360247406, 0.743184593, -0.563765779, -0.868774414, -0.0472412109, 0.492919922, 0.339588746, 0.667347091, 0.662881894, 0, -0, 0, 0, 0, 0, 0, 0.327499023, -0.0263262207, -0.146679492, -0.161358824, 0.423177696, -0.891508491, -0.323120117, -0.876098633, -0.357421875, -0.932374626, 0.230432974, 0.278209093, 0, 2, 5, 1, 
708.479282, 60, 0.1, 0.1, -0.011646865, 0.356462338, -0.0199732177, 0.988816451, -1.56669384e-005, 0.149137607, 0.149137607, -1.46222308e-005, -0.988816451, 1.76724509e-005, 1, -1.21221727e-005, 0.988816407, 2.14936044e-005, 0.149137899, 0.1491379, -1.86730408e-005, -0.988816407, -1.84683706e-005, 1, -2.16697201e-005, 0, 0, 0, 0, 0, 0, 0, 0.281247803, -0.0658180664, -0.168336108, -0.360247406, 0.743184593, -0.563765779, -0.868774414, -0.0472412109, 0.492919922, 0.339588746, 0.667347091, 0.662881894, 0, -0, 0, 0, 0, 0, 0, 0.327499023, -0.0263262207, -0.146679492, -0.161358824, 0.423177696, -0.891508491, -0.323120117, -0.876098633, -0.357421875, -0.932374626, 0.230432974, 0.278209093, 0, 2, 5, 1, 
708.479972, 60, 0.1, 0.1, -0.0116468543, 0.356462338, -0.0199713047, 0.988816677, -4.28131235e-005, 0.149136105, 0.149136105, -1.77696459e-005, -0.988816678, 4.49844264e-005, 0.999999999, -1.11859397e-005, 0.988816635, -5.95304991e-005, 0.149136379, 0.14913638, -3.80239695e-006, -0.988816636, 5.94318236e-005, 0.999999998, 5.11828975e-006, 0, 0, 0, 0, 0, 0, 0, 0.281247803, -0.0658180664, -0.168336108, -0.360247406, 0.743184593, -0.563765779, -0.868774414, -0.0472412109, 0.492919922, 0.339588746, 0.667347091, 0.662881894, 0, -0, 0, 0, 0, 0, 0, 0.327499023, -0.0263262207, -0.146679492, -0.161358824, 0.423177696, -0.891508491, -0.323120117, -0.876098633, -0.357421875, -0.932374626, 0.230432974, 0.278209093, 0, 2, 5, 1, 
708.480661, 60, 0.1, 0.1, -0.0116468586, 0.356462337, -0.0199691497, 0.988816809, 3.94063873e-005, 0.149135231, 0.149135229, 3.18757816e-005, -0.988816809, -4.37195002e-005, 0.999999999, 2.5642428e-005, 0.988816791, 4.08088821e-005, 0.149135352, 0.149135351, 2.18910722e-005, -0.988816791, -4.36172406e-005, 0.999999999, 1.55602128e-005, 0, 0, 0, 0, 0, 0, 0, 0.281247803, -0.0658180664, -0.168336108, -0.360247406, 0.743184593, -0.563765779, -0.868774414, -0.0472412109, 0.492919922, 0.339588746, 0.667347091, 0.662881894, 0, -0, 0, 0, 0, 0, 0, 0.327499023, -0.0263262207, -0.146679492, -0.161358824, 0.423177696, -0.891508491, -0.323120117, -0.876098633, -0.357421875, -0.932374626, 0.230432974, 0.278209093, 0, 2, 5, 1, 
708.481362, 60, 0.1, 0.1, -0.0116468566, 0.356462337, -0.0199672749, 0.98881688, -4.01187644e-005, 0.149134756, 0.149134756, -1.78468538e-005, -0.988816881, 4.23316977e-005, 0.999999999, -1.16641682e-005, 0.988816866, -3.34877142e-005, 0.149134851, 0.14913485, -1.80850656e-005, -0.988816867, 3.58103301e-005, 0.999999999, -1.28886327e-005, 0, 0, 0, 0, 0, 0, 0, 0.281247803, -0.0658180664, -0.168336108, -0.360247406, 0.743184593, -0.563765779, -0.868774414, -0.0472412109, 0.492919922, 0.339588746, 0.667347091, 0.662881894, 0, -0, 0, 0, 0, 0, 0, 0.327499023, -0.0263262207, -0.146679492, -0.161358824, 0.423177696, -0.891508491, -0.323120117, -0.876098633, -0.357421875, -0.932374626, 0.230432974, 0.278209093, 0, 2, 5, 1, 
708.482083, 60, 0.1, 0.1, -0.0116468557, 0.356462333, -0.0199660887, 0.988816981, 2.03035504e-005, 0.149134095, 0.149134095, 1.70721964e-005, -0.988816981, -2.26225419e-005, 1, 1.38533261e-005, 0.988816955, 1.46775399e-005, 0.149134268, 0.149134268, 3.01487971e-005, -0.988816954, -1.90096191e-005, 0.999999999, 2.76227176e-005, 0, 0, 0, 0, 0, 0, 0, 0.282884424, -0.0674459473, -0.168414331, -0.36736912, 0.74185236, -0.560960527, -0.866943359, -0.0546875, 0.495239258, 0.336761772, 0.668299648, 0.663426322, 0, -0, 0, 0, 0, 0, 0, 0.327499023, -0.0263262207, -0.146679492, -0.166317333, 0.425463537, -0.8895019, -0.315185547, -0.877563477, -0.360961914, -0.934245956, 0.220362838, 0.280138392, 0, 2, 5, 1, 
708.482771, 60, 0.1, 0.1, -0.0116468561, 0.356462334, -0.0199658963, 0.988817123, 5.32611675e-006, 0.149133154, 0.149133154, 1.37586434e-005, -0.988817123, -7.31842533e-006, 1, 1.28104816e-005, 0.988817093, -5.31472211e-006, 0.149133352, 0.149133352, -9.35127817e-006, -0.988817093, 6.64987552e-006, 1, -8.45410138e-006, 0, 0, 0, 0, 0, 0, 0, 0.282884424, -0.0674459473, -0.168414331, -0.36736912, 0.74185236, -0.560960527, -0.866943359, -0.0546875, 0.495239258, 0.336761772, 0.668299648, 0.663426322, 0, -0, 0, 0, 0, 0, 0, 0.328471045, -0.0277262207, -0.146506152, -0.166317333, 0.425463537, -0.8895019, -0.315185547, -0.877563477, -0.360961914, -0.934245956, 0.220362838, 0.280138392, 0, 2, 5, 1, 
708.483468, 60, 0.1, 0.1, -0.0116468547, 0.356462334, -0.0199668318, 0.988817242, -1.09402115e-005, 0.149132366, 0.149132366, -2.50967834e-005, -0.988817241, 1.45606124e-005, 1, -2.31845925e-005, 0.988817224, -1.74453731e-005, 0.149132484, 0.149132484, -1.51109199e-005, -0.988817224, 1.95038145e-005, 1, -1.23402661e-005, 0, 0, 0, 0, 0, 0, 0, 0.282884424, -0.0674459473, -0.168414331, -0.36736912, 0.74185236, -0.560960527, -0.866943359, -0.0546875, 0.495239258, 0.336761772, 0.668299648, 0.663426322, 0, -0, 0, 0, 0, 0, 0, 0.328471045, -0.0277262207, -0.146506152, -0.166317333, 0.425463537, -0.8895019, -0.315185547, -0.877563477, -0.360961914, -0.934245956, 0.220362838, 0.280138392, 0, 2, 5, 1, 
708.484161, 60, 0.1, 0.1, -0.0116468549, 0.356462333, -0.0199685428, 0.988817302, -5.30571052e-006, 0.149131965, 0.149131965, 1.58242441e-005, -0.988817302, 2.88647774e-006, 1, 1.64385374e-005, 0.988817291, 1.24716256e-007, 0.149132036, 0.149132036, 1.74776488e-005, -0.988817291, -2.72979893e-006, 1, 1.72636021e-005, 0, 0, 0, 0, 0, 0, 0, 0.282884424, -0.0674459473, -0.168414331, -0.36736912, 0.74185236, -0.560960527, -0.866943359, -0.0546875, 0.495239258, 0.336761772, 0.668299648, 0.663426322, 0, -0, 0, 0, 0, 0, 0, 0.328471045, -0.0277262207, -0.146506152, -0.166317333, 0.425463537, -0.8895019, -0.315185547, -0.877563477, -0.360961914, -0.934245956, 0.220362838, 0.280138392, 0, 2, 5, 1, 
708.484876, 60, 0.1, 0.1, -0.0116468562, 0.356462336, -0.0199702834, 0.988817347, 1.62047032e-005, 0.149131668, 0.149131669, -1.21760222e-005, -0.988817347, -1.42076612e-005, 1, -1.44564964e-005, 0.988817342, 1.48396912e-005, 0.149131703, 0.149131703, -2.28518458e-005, -0.988817341, -1.12658094e-005, 1, -2.48093698e-005, 0, 0, 0, 0, 0, 0, 0, 0.284515186, -0.068894043, -0.168087451, -0.374472858, 0.739631971, -0.558980152, -0.865844727, -0.0632324219, 0.49621582, 0.331707297, 0.669887242, 0.664224988, 0, -0, 0, 0, 0, 0, 0, 0.329709521, -0.0291308594, -0.145908057, -0.170681594, 0.427417256, -0.887699832, -0.307739258, -0.87890625, -0.364013672, -0.935932086, 0.211116993, 0.281677967, 0, 2, 5, 1, 
708.485568, 60, 0.1, 0.1, -0.0116468554, 0.356462334, -0.0199716958, 0.988817344, 4.6817805e-006, 0.14913169, 0.14913169, -1.04374326e-005, -0.988817344, -3.07287379e-006, 1, -1.10189162e-005, 0.988817346, -9.81936088e-006, 0.149131672, 0.149131672, 4.66270611e-006, -0.988817346, 9.01419721e-006, 1, 6.07494239e-006, 0, 0, 0, 0, 0, 0, 0, 0.284515186, -0.068894043, -0.168087451, -0.374472858, 0.739631971, -0.558980152, -0.865844727, -0.0632324219, 0.49621582, 0.331707297, 0.669887242, 0.664224988, 0, -0, 0, 0, 0, 0, 0, 0.329709521, -0.0291308594, -0.145908057, -0.170681594, 0.427417256, -0.887699832, -0.307739258, -0.87890625, -0.364013672, -0.935932086, 0.211116993, 0.281677967, 0, 2, 5, 1, 
708.486258, 60, 0.1, 0.1, -0.0116468542, 0.356462335, -0.0199724804, 0.988817346, -1.47153355e-005, 0.149131674, 0.149131674, 1.78135133e-005, -0.988817346, 1.189422e-005, 1, 1.98088336e-005, 0.988817342, -1.79716755e-005, 0.149131702, 0.149131702, 8.29667118e-006, -0.988817342, 1.65334077e-005, 1, 1.08840389e-005, 0, 0, 0, 0, 0, 0, 0, 0.284515186, -0.068894043, -0.168087451, -0.374472858, 0.739631971, -0.558980152, -0.865844727, -0.0632324219, 0.49621582, 0.331707297, 0.669887242, 0.664224988, 0, -0, 0, 0, 0, 0, 0, 0.329709521, -0.0291308594, -0.145908057, -0.170681594, 0.427417256, -0.887699832, -0.307739258, -0.87890625, -0.364013672, -0.935932086, 0.211116993, 0.281677967, 0, 2, 5, 1, 
708.486949, 60, 0.1, 0.1, -0.0116468535, 0.356462335, -0.0199724589, 0.988817394, -1.38666253e-005, 0.149131356, 0.149131356, -1.50891107e-005, -0.988817394, 1.59618198e-005, 1, -1.28524265e-005, 0.988817381, -9.98316452e-006, 0.149131439, 0.149131439, -1.56952316e-005, -0.988817381, 1.22121791e-005, 1, -1.40309141e-005, 0, 0, 0, 0, 0, 0, 0, 0.284515186, -0.068894043, -0.168087451, -0.374472858, 0.739631971, -0.558980152, -0.865844727, -0.0632324219, 0.49621582, 0.331707297, 0.669887242, 0.664224988, 0, -0, 0, 0, 0, 0, 0, 0.329709521, -0.0291308594, -0.145908057, -0.170681594, 0.427417256, -0.887699832, -0.307739258, -0.87890625, -0.364013672, -0.935932086, 0.211116993, 0.281677967, 0, 2, 5, 1, 
708.487637, 60, 0.1, 0.1, -0.011646853, 0.356462332, -0.0199716898, 0.988817455, -9.67382028e-006, 0.149130953, 0.149130953, 9.84039144e-006, -0.988817455, 8.09813539e-006, 1, 1.11730169e-005, 0.988817444, 8.02897195e-007, 0.149131026, 0.149131026, 2.16994979e-005, -0.988817444, -4.02998713e-006, 1, 2.13371051e-005, 0, 0, 0, 0, 0, 0, 0, 0.284515186, -0.068894043, -0.168087451, -0.374472858, 0.739631971, -0.558980152, -0.865844727, -0.0632324219, 0.49621582, 0.331707297, 0.669887242, 0.664224988, 0, -0, 0, 0, 0, 0, 0, 0.329709521, -0.0291308594, -0.145908057, -0.170681594, 0.427417256, -0.887699832, -0.307739258, -0.87890625, -0.364013672, -0.935932086, 0.211116993, 0.281677967, 0, 2, 5, 1, 
708.488331, 60, 0.1, 0.1, -0.011646854, 0.356462333, -0.0199704537, 0.98881747, 8.16664508e-006, 0.149130854, 0.149130854, 1.27825034e-005, -0.98881747, -9.98158697e-006, 1, 1.14216639e-005, 0.988817471, 1.54389218e-005, 0.149130845, 0.149130845, -4.62980739e-006, -0.988817471, -1.45758286e-005, 1, -6.88045389e-006, 0, 0, 0, 0, 0, 0, 0, 0.284515186, -0.068894043, -0.168087451, -0.374472858, 0.739631971, -0.558980152, -0.865844727, -0.0632324219, 0.49621582, 0.331707297, 0.669887242, 0.664224988, 0, -0, 0, 0, 0, 0, 0, 0.329709521, -0.0291308594, -0.145908057, -0.170681594, 0.427417256, -0.887699832, -0.307739258, -0.87890625, -0.364013672, -0.935932086, 0.211116993, 0.281677967, 0, 2, 5, 1, 
708.489022, 60, 0.1, 0.1, -0.0116468547, 0.356462332, -0.0199691217, 0.988817442, 2.13275884e-005, 0.149131037, 0.149131037, -2.08397671e-005, -0.988817442, -1.79812353e-005, 1, -2.37873306e-005, 0.988817448, 1.50142203e-005, 0.149130999, 0.149130999, -1.17942964e-005, -0.988817448, -1.30874277e-005, 1, -1.39014917e-005, 0, 0, 0, 0, 0, 0, 0, 0.284515186, -0.068894043, -0.168087451, -0.374472858, 0.739631971, -0.558980152, -0.865844727, -0.0632324219, 0.49621582, 0.331707297, 0.669887242, 0.664224988, 0, -0, 0, 0, 0, 0, 0, 0.329709521, -0.0291308594, -0.145908057, -0.170681594, 0.427417256, -0.887699832, -0.307739258, -0.87890625, -0.364013672, -0.935932086, 0.211116993, 0.281677967, 0, 2, 5, 1, 
708.48974, 60, 0.1, 0.1, -0.0116468555, 0.356462332, -0.0199677185, 0.988817437, 1.2357158e-005, 0.149131071, 0.14913107, 1.8734042e-005, -0.988817437, -1.5012801e-005, 1, 1.66817112e-005, 0.988817433, -3.24177562e-006, 0.149131095, 0.149131095, 1.77377825e-005, -0.988817433, 5.60269316e-007, 1, 1.80228781e-005, 0, 0, 0, 0, 0, 0, 0, 0.28599314, -0.0707655518, -0.167344604, -0.380237251, 0.737874756, -0.557602614, -0.864990234, -0.0704345703, 0.496704102, 0.327305834, 0.671277885, 0.665119135, 0, -0, 0, 0, 0, 0, 0, 0.330974609, -0.0309751465, -0.145544922, -0.17469441, 0.429319936, -0.885993647, -0.30078125, -0.880004883, -0.3671875, -0.937458534, 0.202356755, 0.282961978, 0, 2, 5, 1, 
708.490441, 60, 0.1, 0.1, -0.0116468569, 0.356462334, -0.0199669609, 0.988817489, 5.81106202e-007, 0.149130728, 0.149130728, -1.29187907e-005, -0.988817489, 1.35198068e-006, 1, -1.2860987e-005, 0.988817476, -2.91104629e-006, 0.149130813, 0.149130813, -2.53431607e-005, -0.988817476, 6.65793959e-006, 1, -2.46256335e-005, 0, 0, 0, 0, 0, 0, 0, 0.28599314, -0.0707655518, -0.167344604, -0.380237251, 0.737874756, -0.557602614, -0.864990234, -0.0704345703, 0.496704102, 0.327305834, 0.671277885, 0.665119135, 0, -0, 0, 0, 0, 0, 0, 0.330974609, -0.0309751465, -0.145544922, -0.17469441, 0.429319936, -0.885993647, -0.30078125, -0.880004883, -0.3671875, -0.937458534, 0.202356755, 0.282961978, 0, 2, 5, 1, 
708.491209, 60, 0.1, 0.1, -0.0116468578, 0.356462333, -0.0199668153, 0.988817543, -7.67860219e-006, 0.149130365, 0.149130365, -2.13303199e-005, -0.988817543, 1.07737349e-005, 1, -1.99466818e-005, 0.988817537, -5.32948536e-006, 0.149130409, 0.149130409, 7.78188099e-006, -0.988817537, 4.1093735e-006, 1, 8.48964873e-006, 0, 0, 0, 0, 0, 0, 0, 0.28599314, -0.0707655518, -0.167344604, -0.380237251, 0.737874756, -0.557602614, -0.864990234, -0.0704345703, 0.496704102, 0.327305834, 0.671277885, 0.665119135, 0, -0, 0, 0, 0, 0, 0, 0.330974609, -0.0309751465, -0.145544922, -0.17469441, 0.429319936, -0.885993647, -0.30078125, -0.880004883, -0.3671875, -0.937458534, 0.202356755, 0.282961978, 0, 2, 5, 1, 
708.491908, 60, 0.1, 0.1, -0.011646859, 0.356462334, -0.0199667282, 0.988817531, -1.00233771e-005, 0.149130449, 0.149130449, 1.8041501e-005, -0.988817531, 7.22075383e-006, 1, 1.93345432e-005, 0.988817539, 7.70158537e-006, 0.149130391, 0.149130391, 8.80488642e-006, -0.988817539, -8.92853885e-006, 1, 7.55788569e-006, 0, 0, 0, 0, 0, 0, 0, 0.28599314, -0.0707655518, -0.167344604, -0.380237251, 0.737874756, -0.557602614, -0.864990234, -0.0704345703, 0.496704102, 0.327305834, 0.671277885, 0.665119135, 0, -0, 0, 0, 0, 0, 0, 0.330974609, -0.0309751465, -0.145544922, -0.17469441, 0.429319936, -0.885993647, -0.30078125, -0.880004883, -0.3671875, -0.937458534, 0.202356755, 0.282961978, 0, 2, 5, 1, 
708.492598, 60, 0.1, 0.1, -0.0116468592, 0.356462334, -0.0199675683, 0.988817485, 7.77756432e-006, 0.149130753, 0.149130753, -1.4830322e-005, -0.988817485, -5.4789345e-006, 1, -1.58243557e-005, 0.988817493, 1.36594454e-005, 0.149130698, 0.149130698, -1.58552716e-005, -0.988817493, -1.11421908e-005, 1, -1.77150125e-005, 0, 0, 0, 0, 0, 0, 0, 0.28599314, -0.0707655518, -0.167344604, -0.380237251, 0.737874756, -0.557602614, -0.864990234, -0.0704345703, 0.496704102, 0.327305834, 0.671277885, 0.665119135, 0, -0, 0, 0, 0, 0, 0, 0.330974609, -0.0309751465, -0.145544922, -0.17469441, 0.429319936, -0.885993647, -0.30078125, -0.880004883, -0.3671875, -0.937458534, 0.202356755, 0.282961978, 0, 2, 5, 1, 
708.493286, 60, 0.1, 0.1, -0.0116468579, 0.356462331, -0.0199690152, 0.988817475, 6.45041389e-006, 0.149130816, 0.149130816, 1.81617e-005, -0.988817475, -9.08675113e-006, 1, 1.69966508e-005, 0.988817473, 6.29641166e-007, 0.149130834, 0.149130834, 2.75614747e-005, -0.988817472, -4.7328659e-006, 1, 2.71593689e-005, 0, 0, 0, 0, 0, 0, 0, 0.28599314, -0.0707655518, -0.167344604, -0.380237251, 0.737874756, -0.557602614, -0.864990234, -0.0704345703, 0.496704102, 0.327305834, 0.671277885, 0.665119135, 0, -0, 0, 0, 0, 0, 0, 0.330974609, -0.0309751465, -0.145544922, -0.17469441, 0.429319936, -0.885993647, -0.30078125, -0.880004883, -0.3671875, -0.937458534, 0.202356755, 0.282961978, 0, 2, 5, 1, 
708.493994, 60, 0.1, 0.1, -0.011646857, 0.356462331, -0.0199705861, 0.988817516, 2.57338514e-006, 0.149130544, 0.149130544, 1.66308497e-005, -0.988817516, -5.02477596e-006, 1, 1.60611052e-005, 0.988817507, -8.74652172e-006, 0.149130607, 0.149130607, -3.21010816e-006, -0.988817507, 9.12743918e-006, 1, -1.86983706e-006, 0, 0, 0, 0, 0, 0, 0, 0.287258594, -0.0726098389, -0.1669927, -0.385848875, 0.736707274, -0.555165056, -0.863769531, -0.0772705078, 0.497802734, 0.323868911, 0.67170998, 0.666463351, 0, -0, 0, 0, 0, 0, 0, 0.330974609, -0.0309751465, -0.145544922, -0.17469441, 0.429319936, -0.885993647, -0.30078125, -0.880004883, -0.3671875, -0.937458534, 0.202356755, 0.282961978, 0, 2, 5, 1, 
708.4947, 60, 0.1, 0.1, -0.0116468567, 0.35646233, -0.0199715421, 0.988817548, -1.58285184e-006, 0.149130337, 0.149130337, -1.72409791e-005, -0.988817547, 4.1363047e-006, 1, -1.68121314e-005, 0.988817546, -8.60605981e-006, 0.149130349, 0.149130349, -8.28899933e-006, -0.988817546, 9.7459643e-006, 1, -6.91288327e-006, 0, 0, 0, 0, 0, 0, 0, 0.287258594, -0.0726098389, -0.1669927, -0.385848875, 0.736707274, -0.555165056, -0.863769531, -0.0772705078, 0.497802734, 0.323868911, 0.67170998, 0.666463351, 0, -0, 0, 0, 0, 0, 0, 0.331844727, -0.0327212891, -0.144703809, -0.177991576, 0.432506994, -0.883789095, -0.294433594, -0.880371094, -0.371582031, -0.938787022, 0.194222481, 0.284175628, 0, 2, 5, 1, 
708.495391, 60, 0.1, 0.1, -0.0116468577, 0.356462329, -0.0199719038, 0.988817526, -8.62753325e-006, 0.149130478, 0.149130478, 1.23377297e-005, -0.988817526, 6.69112456e-006, 1, 1.34863916e-005, 0.988817534, -4.95444272e-006, 0.149130428, 0.149130428, 1.46408102e-005, -0.988817534, 2.71564954e-006, 1, 1.5215948e-005, 0, 0, 0, 0, 0, 0, 0, 0.287258594, -0.0726098389, -0.1669927, -0.385848875, 0.736707274, -0.555165056, -0.863769531, -0.0772705078, 0.497802734, 0.323868911, 0.67170998, 0.666463351, 0, -0, 0, 0, 0, 0, 0, 0.331844727, -0.0327212891, -0.144703809, -0.177991576, 0.432506994, -0.883789095, -0.294433594, -0.880371094, -0.371582031, -0.938787022, 0.194222481, 0.284175628, 0, 2, 5, 1, 
708.496085, 60, 0.1, 0.1, -0.0116468594, 0.356462331, -0.0199716504, 0.988817488, -4.56926012e-007, 0.149130734, 0.149130734, -1.45252834e-005, -0.988817488, 2.61798261e-006, 1, -1.42947125e-005, 0.988817494, 1.43278834e-005, 0.149130689, 0.14913069, -2.24312601e-005, -0.988817494, -1.08224725e-005, 1, -2.43171496e-005, 0, 0, 0, 0, 0, 0, 0, 0.287258594, -0.0726098389, -0.1669927, -0.385848875, 0.736707274, -0.555165056, -0.863769531, -0.0772705078, 0.497802734, 0.323868911, 0.67170998, 0.666463351, 0, -0, 0, 0, 0, 0, 0, 0.331844727, -0.0327212891, -0.144703809, -0.177991576, 0.432506994, -0.883789095, -0.294433594, -0.880371094, -0.371582031, -0.938787022, 0.194222481, 0.284175628, 0, 2, 5, 1, 
708.496802, 60, 0.1, 0.1, -0.0116468608, 0.35646233, -0.019970659, 0.988817494, 1.38969288e-005, 0.149130695, 0.149130696, -1.52543915e-005, -0.988817493, -1.14666283e-005, 1, -1.71562678e-005, 0.988817488, 1.70206954e-005, 0.149130732, 0.149130732, 5.12576959e-006, -0.988817488, -1.7594771e-005, 1, 2.53014186e-006, 0, 0, 0, 0, 0, 0, 0, 0.28894624, -0.074466333, -0.166422314, -0.391873499, 0.735298657, -0.55282897, -0.862670898, -0.0852050781, 0.498291016, 0.319385072, 0.672180266, 0.66794723, 0, -0, 0, 0, 0, 0, 0, 0.331844727, -0.0327212891, -0.144703809, -0.180617935, 0.435285005, -0.881942551, -0.287109375, -0.880859375, -0.375976562, -0.940658719, 0.185308759, 0.284124222, 0, 2, 5, 1, 
708.497493, 60, 0.1, 0.1, -0.0116468614, 0.356462331, -0.0199693423, 0.98881754, 1.11213141e-005, 0.149130387, 0.149130387, 2.15676416e-005, -0.98881754, -1.42133412e-005, 1, 1.96679365e-005, 0.988817531, 9.07038177e-006, 0.149130448, 0.149130448, 1.0741028e-005, -0.988817531, -1.05707668e-005, 1, 9.26824674e-006, 0, 0, 0, 0, 0, 0, 0, 0.28894624, -0.074466333, -0.166422314, -0.391873499, 0.735298657, -0.55282897, -0.862670898, -0.0852050781, 0.498291016, 0.319385072, 0.672180266, 0.66794723, 0, -0, 0, 0, 0, 0, 0, 0.333194287, -0.0342876465, -0.143689746, -0.180617935, 0.435285005, -0.881942551, -0.287109375, -0.880859375, -0.375976562, -0.940658719, 0.185308759, 0.284124222, 0, 2, 5, 1, 
708.498188, 60, 0.1, 0.1, -0.0116468612, 0.356462332, -0.0199682562, 0.98881756, 1.09364502e-005, 0.149130257, 0.149130257, -1.42325295e-005, -0.98881756, -8.69165318e-006, 1, -1.57043307e-005, 0.98881756, -3.37292853e-006, 0.149130253, 0.149130253, -1.82526552e-005, -0.98881756, 6.05723406e-006, 1, -1.75455403e-005, 0, 0, 0, 0, 0, 0, 0, 0.28894624, -0.074466333, -0.166422314, -0.391873499, 0.735298657, -0.55282897, -0.862670898, -0.0852050781, 0.498291016, 0.319385072, 0.672180266, 0.66794723, 0, -0, 0, 0, 0, 0, 0, 0.333194287, -0.0342876465, -0.143689746, -0.180617935, 0.435285005, -0.881942551, -0.287109375, -0.880859375, -0.375976562, -0.940658719, 0.185308759, 0.284124222, 0, 2, 5, 1, 
708.498876, 60, 0.1, 0.1, -0.0116468603, 0.356462328, -0.0199677014, 0.988817525, -1.04565551e-005, 0.14913049, 0.14913049, 1.32467488e-005, -0.988817524, 8.36413081e-006, 1, 1.46580085e-005, 0.988817534, -1.69462291e-005, 0.149130425, 0.149130425, 2.35731352e-005, -0.988817534, 1.32412568e-005, 1, 2.58367278e-005, 0, 0, 0, 0, 0, 0, 0, 0.28894624, -0.074466333, -0.166422314, -0.391873499, 0.735298657, -0.55282897, -0.862670898, -0.0852050781, 0.498291016, 0.319385072, 0.672180266, 0.66794723, 0, -0, 0, 0, 0, 0, 0, 0.333194287, -0.0342876465, -0.143689746, -0.180617935, 0.435285005, -0.881942551, -0.287109375, -0.880859375, -0.375976562, -0.940658719, 0.185308759, 0.284124222, 0, 2, 5, 1, 
708.499566, 60, 0.1, 0.1, -0.0116468605, 0.356462329, -0.0199678201, 0.988817485, -1.64069706e-005, 0.149130754, 0.149130755, 1.19221274e-005, -0.988817485, 1.44455436e-005, 1, 1.42355919e-005, 0.988817488, -8.95002753e-006, 0.149130729, 0.149130729, -7.20345286e-006, -0.988817489, 9.92419993e-006, 1, -5.78817604e-006, 0, 0, 0, 0, 0, 0, 0, 0.28894624, -0.074466333, -0.166422314, -0.391873499, 0.735298657, -0.55282897, -0.862670898, -0.0852050781, 0.498291016, 0.319385072, 0.672180266, 0.66794723, 0, -0, 0, 0, 0, 0, 0, 0.333194287, -0.0342876465, -0.143689746, -0.180617935, 0.435285005, -0.881942551, -0.287109375, -0.880859375, -0.375976562, -0.940658719, 0.185308759, 0.284124222, 0, 2, 5, 1, 
708.500255, 60, 0.1, 0.1, -0.0116468605, 0.356462328, -0.01996854, 0.9888175, -5.44820494e-006, 0.149130652, 0.149130652, -2.05596778e-005, -0.9888175, 8.45335856e-006, 1, -1.95172749e-005, 0.988817492, 7.09025825e-006, 0.149130708, 0.149130708, -8.68579554e-006, -0.988817492, -5.71565254e-006, 1, -9.64604179e-006, 0, 0, 0, 0, 0, 0, 0, 0.28894624, -0.074466333, -0.166422314, -0.391873499, 0.735298657, -0.55282897, -0.862670898, -0.0852050781, 0.498291016, 0.319385072, 0.672180266, 0.66794723, 0, -0, 0, 0, 0, 0, 0, 0.333194287, -0.0342876465, -0.143689746, -0.180617935, 0.435285005, -0.881942551, -0.287109375, -0.880859375, -0.375976562, -0.940658719, 0.185308759, 0.284124222, 0, 2, 5, 1, 
708.500943, 60, 0.1, 0.1, -0.0116468606, 0.356462327, -0.0199696165, 0.988817545, 4.25502225e-006, 0.149130352, 0.149130351, 1.91112929e-005, -0.988817545, -7.05751449e-006, 1, 1.82630288e-005, 0.988817537, 8.63713207e-006, 0.149130405, 0.149130405, 2.07523565e-005, -0.988817537, -1.1635355e-005, 1, 1.92322351e-005, 0, 0, 0, 0, 0, 0, 0, 0.28894624, -0.074466333, -0.166422314, -0.391873499, 0.735298657, -0.55282897, -0.862670898, -0.0852050781, 0.498291016, 0.319385072, 0.672180266, 0.66794723, 0, -0, 0, 0, 0, 0, 0, 0.333194287, -0.0342876465, -0.143689746, -0.180617935, 0.435285005, -0.881942551, -0.287109375, -0.880859375, -0.375976562, -0.940658719, 0.185308759, 0.284124222, 0, 2, 5, 1, 
708.501671, 60, 0.1, 0.1, -0.011646861, 0.356462329, -0.0199704763, 0.988817556, 1.60036859e-005, 0.149130283, 0.149130283, -9.28249273e-006, -0.988817556, -1.44404248e-005, 1, -1.1565326e-005, 0.988817558, 1.31959945e-005, 0.149130265, 0.149130266, -1.99460091e-005, -0.988817558, -1.00738774e-005, 1, -2.16908861e-005, 0, 0, 0, 0, 0, 0, 0, 0.290798291, -0.075887207, -0.166047461, -0.398971246, 0.733668001, -0.549997509, -0.861572266, -0.0949707031, 0.498413086, 0.313588096, 0.672809313, 0.670217794, 0, -0, 0, 0, 0, 0, 0, 0.334527246, -0.0358842773, -0.142670801, -0.183487097, 0.437922291, -0.879949086, -0.278686523, -0.881591797, -0.380737305, -0.942555935, 0.175398304, 0.283842773, 0, 2, 5, 1, 
708.502362, 60, 0.1, 0.1, -0.0116468608, 0.356462328, -0.0199708522, 0.988817516, 9.94185716e-006, 0.149130545, 0.149130545, -1.11399213e-005, -0.988817516, -8.16937998e-006, 1, -1.24979838e-005, 0.988817526, -5.75782609e-006, 0.149130482, 0.149130482, 5.04168324e-006, -0.988817526, 4.94157069e-006, 1, 5.84397213e-006, 0, 0, 0, 0, 0, 0, 0, 0.290798291, -0.075887207, -0.166047461, -0.398971246, 0.733668001, -0.549997509, -0.861572266, -0.0949707031, 0.498413086, 0.313588096, 0.672809313, 0.670217794, 0, -0, 0, 0, 0, 0, 0, 0.334527246, -0.0358842773, -0.142670801, -0.183487097, 0.437922291, -0.879949086, -0.278686523, -0.881591797, -0.380737305, -0.942555935, 0.175398304, 0.283842773, 0, 2, 5, 1, 
708.503053, 60, 0.1, 0.1, -0.0116468608, 0.356462329, -0.0199709175, 0.988817488, -8.038667e-006, 0.149130735, 0.149130735, 1.70120294e-005, -0.988817487, 5.41175806e-006, 1, 1.80206045e-005, 0.988817489, -1.16726362e-005, 0.149130725, 0.149130726, 7.12378289e-006, -0.988817489, 1.04797319e-005, 1, 8.78486982e-006, 0, 0, 0, 0, 0, 0, 0, 0.290798291, -0.075887207, -0.166047461, -0.398971246, 0.733668001, -0.549997509, -0.861572266, -0.0949707031, 0.498413086, 0.313588096, 0.672809313, 0.670217794, 0, -0, 0, 0, 0, 0, 0, 0.334527246, -0.0358842773, -0.142670801, -0.183487097, 0.437922291, -0.879949086, -0.278686523, -0.881591797, -0.380737305, -0.942555935, 0.175398304, 0.283842773, 0, 2, 5, 1, 
