time, trialNum, realDorsalTactorPos, realVentralTactorPos, boxPosX, boxPosY, boxPosZ, boxLocalRot_11, boxLocalRot_12, boxLocalRot_13, boxLocalRot_21, boxLocalRot_22, boxLocalRot_23, boxLocalRot_31, boxLocalRot_32, boxLocalRot_33, boxGlobalRot_11, boxGlobalRot_12, boxGlobalRot_13, boxGlobalRot_21, boxGlobalRot_22, boxGlobalRot_23, boxGlobalRot_31, boxGlobalRot_32, boxGlobalRot_33, indexForceX, indexForceY, indexForceZ, indexForceGlobalX, indexForceGlobalY, indexForceGlobalZ, indexContact, indexPosX, indexPosY, indexPosZ, indexRot_11, indexRot_12, indexRot_13, indexRot_21, indexRot_22, indexRot_23, indexRot_31, indexRot_32, indexRot_33, thumbForceX, thumbForceY, thumbForceZ, thumbForceGlobalX, thumbForceGlobalY, thumbForceGlobalZ, thumbContact, thumbPosX, thumbPosY, thumbPosZ, thumbRot_11, thumbRot_12, thumbRot_13, thumbRot_21, thumbRot_22, thumbRot_23, thumbRot_31, thumbRot_32, thumbRot_33, manipForceTooHigh, cceExpType, mapping, trialSuccess, 
402.415566, 23, 0.1, 0.1, -0.00128402172, 0.382617208, -0.0199696556, 0.976335934, 2.46749901e-006, 0.216259436, 0.216259436, 2.04967233e-005, -0.976335934, -6.84171778e-006, 1, 1.94780676e-005, 0.976335895, -1.65057331e-005, 0.216259611, 0.216259611, 3.64301373e-005, -0.976335895, 8.23677234e-006, 0.999999999, 3.91375741e-005, 0, 0, 0, 0, 0, 0, 0, 0.335698853, -0.176731323, -0.140083911, -0.613220529, 0.339505633, -0.713175563, -0.782592773, -0.139648438, 0.606445313, 0.106393985, 0.930142979, 0.351611938, 0, 0, 0, 0, 0, 0, 0, 0.372880664, -0.121155322, -0.101086914, -0.384917327, 0.41797198, -0.822874889, 0.528198242, -0.631347656, -0.567749023, -0.756782896, -0.653125224, 0.0222624051, 0, 2, 1, 1, 
402.445993, 23, 0.1, 0.1, -0.00128399613, 0.382617176, -0.019970469, 0.976345259, 6.20664871e-006, 0.216217335, 0.216217334, 4.44231675e-005, -0.976345258, -1.56648909e-005, 0.999999999, 4.2030364e-005, 0.97634525, 5.2830706e-006, 0.216217372, 0.216217372, 2.6050723e-005, -0.97634525, -1.07907198e-005, 1, 2.4292208e-005, 0, 0, 0, 0, 0, 0, 0, 0.332823486, -0.179194482, -0.134655322, -0.626686271, 0.352772919, -0.694843706, -0.769775391, -0.141601563, 0.622314453, 0.121256719, 0.924951849, 0.36044969, 0, 0, 0, 0, 0, 0, 0, 0.370688428, -0.125221631, -0.0970824219, -0.400372143, 0.406476007, -0.821153744, 0.528198242, -0.629760742, -0.569335937, -0.748710589, -0.661698062, 0.0374179153, 0, 2, 1, 1, 
402.446694, 23, 0.1, 0.1, -0.00128399456, 0.382617171, -0.01996774, 0.976345265, 2.92948368e-006, 0.216217304, 0.216217304, -2.52657032e-005, -0.976345265, 2.60269472e-006, 1, -2.53014548e-005, 0.976345264, -3.7238786e-007, 0.216217313, 0.216217313, 6.90747474e-006, -0.976345263, -1.1299365e-006, 1, 6.82459694e-006, 0, 0, 0, 0, 0, 0, 0, 0.332823486, -0.179194482, -0.134655322, -0.626686271, 0.352772919, -0.694843706, -0.769775391, -0.141601563, 0.622314453, 0.121256719, 0.924951849, 0.36044969, 0, 0, 0, 0, 0, 0, 0, 0.370688428, -0.125221631, -0.0970824219, -0.400372143, 0.406476007, -0.821153744, 0.528198242, -0.629760742, -0.569335937, -0.748710589, -0.661698062, 0.0374179153, 0, 2, 1, 1, 
402.447395, 23, 0.1, 0.1, -0.00128399544, 0.382617177, -0.0199657927, 0.976345249, -1.05268438e-005, 0.21621738, 0.21621738, -1.54898973e-005, -0.976345249, 1.3627019e-005, 1, -1.28474011e-005, 0.976345255, 9.83326406e-006, 0.216217351, 0.216217351, -3.73918134e-005, -0.976345254, -1.51590184e-006, 0.999999999, -3.86334419e-005, 0, 0, 0, 0, 0, 0, 0, 0.332823486, -0.179194482, -0.134655322, -0.626686271, 0.352772919, -0.694843706, -0.769775391, -0.141601563, 0.622314453, 0.121256719, 0.924951849, 0.36044969, 0, 0, 0, 0, 0, 0, 0, 0.370688428, -0.125221631, -0.0970824219, -0.400372143, 0.406476007, -0.821153744, 0.528198242, -0.629760742, -0.569335937, -0.748710589, -0.661698062, 0.0374179153, 0, 2, 1, 1, 
402.448095, 23, 0.1, 0.1, -0.00128399334, 0.382617168, -0.0199650537, 0.976345306, 3.44496836e-006, 0.216217119, 0.216217119, 3.6669325e-005, -0.976345306, -1.12920145e-005, 0.999999999, 3.50570623e-005, 0.976345289, 4.43310694e-006, 0.216217198, 0.216217198, 5.18524573e-005, -0.976345288, -1.55396361e-005, 0.999999999, 4.96673885e-005, 0, 0, 0, 0, 0, 0, 0, 0.332823486, -0.179194482, -0.134655322, -0.626686271, 0.352772919, -0.694843706, -0.769775391, -0.141601563, 0.622314453, 0.121256719, 0.924951849, 0.36044969, 0, 0, 0, 0, 0, 0, 0, 0.370688428, -0.125221631, -0.0970824219, -0.400372143, 0.406476007, -0.821153744, 0.528198242, -0.629760742, -0.569335937, -0.748710589, -0.661698062, 0.0374179153, 0, 2, 1, 1, 
402.448796, 23, 0.1, 0.1, -0.00128399389, 0.382617174, -0.0199656719, 0.976345352, 1.67761877e-005, 0.216216913, 0.216216913, -5.52103269e-005, -0.97634535, -4.4419464e-006, 0.999999998, -5.75316416e-005, 0.976345347, 1.0549813e-005, 0.216216936, 0.216216936, -5.86213699e-005, -0.976345345, 2.37467222e-006, 0.999999998, -5.951575e-005, 0, 0, 0, 0, 0, 0, 0, 0.332823486, -0.179194482, -0.134655322, -0.626686271, 0.352772919, -0.694843706, -0.769775391, -0.141601563, 0.622314453, 0.121256719, 0.924951849, 0.36044969, 0, 0, 0, 0, 0, 0, 0, 0.370688428, -0.125221631, -0.0970824219, -0.400372143, 0.406476007, -0.821153744, 0.528198242, -0.629760742, -0.569335937, -0.748710589, -0.661698062, 0.0374179153, 0, 2, 1, 1, 
402.449495, 23, 0.1, 0.1, -0.001283992, 0.382617172, -0.0199674591, 0.976345398, 3.92877625e-007, 0.216216704, 0.216216704, 4.70064554e-005, -0.976345397, -1.05471651e-005, 0.999999999, 4.58095897e-005, 0.976345377, -1.48222931e-005, 0.216216799, 0.216216799, 3.24020034e-005, -0.976345377, 7.46581985e-006, 0.999999999, 3.4840375e-005, 0, 0, 0, 0, 0, 0, 0, 0.332823486, -0.179194482, -0.134655322, -0.626686271, 0.352772919, -0.694843706, -0.769775391, -0.141601563, 0.622314453, 0.121256719, 0.924951849, 0.36044969, 0, 0, 0, 0, 0, 0, 0, 0.370688428, -0.125221631, -0.0970824219, -0.400372143, 0.406476007, -0.821153744, 0.528198242, -0.629760742, -0.569335937, -0.748710589, -0.661698062, 0.0374179153, 0, 2, 1, 1, 
402.45021, 23, 0.1, 0.1, -0.00128399051, 0.382617169, -0.0199695055, 0.976345516, -2.09476395e-005, 0.21621617, 0.216216169, -4.19252403e-005, -0.976345516, 2.95170487e-005, 0.999999999, -3.6404302e-005, 0.976345494, -1.454577e-005, 0.21621627, 0.216216269, -2.09905258e-005, -0.976345494, 1.87401901e-005, 1, -1.73489732e-005, 0, 0, 0, 0, 0, 0, 0, 0.333301196, -0.178091699, -0.134708887, -0.630159883, 0.352581959, -0.691789085, -0.767578125, -0.149291992, 0.623168945, 0.116492431, 0.923746175, 0.364909563, 0, 0, 0, 0, 0, 0, 0, 0.370760547, -0.124739404, -0.0972307129, -0.403828257, 0.404941896, -0.82024633, 0.530761719, -0.626464844, -0.570678711, -0.745023332, -0.665787071, 0.0381270019, 0, 2, 1, 1, 
402.450909, 23, 0.1, 0.1, -0.00128399017, 0.382617173, -0.0199713835, 0.976345596, 2.61092154e-005, 0.216215808, 0.216215807, 2.31559506e-005, -0.976345597, -3.04983e-005, 0.999999999, 1.69629853e-005, 0.97634559, 1.88388354e-005, 0.216215838, 0.216215838, -7.14777697e-006, -0.97634559, -1.68477513e-005, 1, -1.10519551e-005, 0, 0, 0, 0, 0, 0, 0, 0.333301196, -0.178091699, -0.134708887, -0.630159883, 0.352581959, -0.691789085, -0.767578125, -0.149291992, 0.623168945, 0.116492431, 0.923746175, 0.364909563, 0, 0, 0, 0, 0, 0, 0, 0.370760547, -0.124739404, -0.0972307129, -0.403828257, 0.404941896, -0.82024633, 0.530761719, -0.626464844, -0.570678711, -0.745023332, -0.665787071, 0.0381270019, 0, 2, 1, 1, 
402.451611, 23, 0.1, 0.1, -0.00128399044, 0.382617165, -0.0199726261, 0.976345585, -1.76100141e-005, 0.216215861, 0.216215861, 9.20743659e-006, -0.976345585, 1.52026657e-005, 1, 1.27972044e-005, 0.976345595, -1.08089135e-005, 0.216215815, 0.216215815, 3.01949149e-005, -0.976345595, 4.02461694e-006, 0.999999999, 3.18177302e-005, 0, 0, 0, 0, 0, 0, 0, 0.333301196, -0.178091699, -0.134708887, -0.630159883, 0.352581959, -0.691789085, -0.767578125, -0.149291992, 0.623168945, 0.116492431, 0.923746175, 0.364909563, 0, 0, 0, 0, 0, 0, 0, 0.370760547, -0.124739404, -0.0972307129, -0.403828257, 0.404941896, -0.82024633, 0.530761719, -0.626464844, -0.570678711, -0.745023332, -0.665787071, 0.0381270019, 0, 2, 1, 1, 
402.452307, 23, 0.1, 0.1, -0.00128399068, 0.382617169, -0.0199728865, 0.97634547, 1.23392762e-005, 0.216216379, 0.216216379, -2.34712985e-005, -0.97634547, -6.97251731e-006, 1, -2.55840496e-005, 0.976345498, 1.73294391e-005, 0.216216253, 0.216216253, -3.37458419e-005, -0.976345498, -9.62312037e-006, 0.999999999, -3.66945072e-005, 0, 0, 0, 0, 0, 0, 0, 0.333301196, -0.178091699, -0.134708887, -0.630159883, 0.352581959, -0.691789085, -0.767578125, -0.149291992, 0.623168945, 0.116492431, 0.923746175, 0.364909563, 0, 0, 0, 0, 0, 0, 0, 0.370760547, -0.124739404, -0.0972307129, -0.403828257, 0.404941896, -0.82024633, 0.530761719, -0.626464844, -0.570678711, -0.745023332, -0.665787071, 0.0381270019, 0, 2, 1, 1, 
402.453011, 23, 0.1, 0.1, -0.00128398957, 0.382617162, -0.0199720467, 0.976345382, 1.0273046e-005, 0.216216779, 0.216216779, 4.56100815e-005, -0.976345381, -1.98917059e-005, 0.999999999, 4.23099875e-005, 0.976345391, 4.27054392e-006, 0.216216739, 0.216216738, 4.73521658e-005, -0.97634539, -1.44078567e-005, 0.999999999, 4.53087057e-005, 0, 0, 0, 0, 0, 0, 0, 0.333301196, -0.178091699, -0.134708887, -0.630159883, 0.352581959, -0.691789085, -0.767578125, -0.149291992, 0.623168945, 0.116492431, 0.923746175, 0.364909563, 0, 0, 0, 0, 0, 0, 0, 0.370760547, -0.124739404, -0.0972307129, -0.403828257, 0.404941896, -0.82024633, 0.530761719, -0.626464844, -0.570678711, -0.745023332, -0.665787071, 0.0381270019, 0, 2, 1, 1, 
402.453714, 23, 0.1, 0.1, -0.00128398747, 0.382617165, -0.0199705334, 0.976345358, -1.74216885e-005, 0.216216887, 0.216216886, -5.46830595e-005, -0.976345357, 2.88329856e-005, 0.999999998, -4.96226881e-005, 0.976345363, -1.77993718e-005, 0.216216862, 0.216216861, -4.64363381e-005, -0.976345362, 2.74186535e-005, 0.999999999, -4.14893791e-005, 0, 0, 0, 0, 0, 0, 0, 0.333301196, -0.178091699, -0.134708887, -0.630159883, 0.352581959, -0.691789085, -0.767578125, -0.149291992, 0.623168945, 0.116492431, 0.923746175, 0.364909563, 0, 0, 0, 0, 0, 0, 0, 0.370760547, -0.124739404, -0.0972307129, -0.403828257, 0.404941896, -0.82024633, 0.530761719, -0.626464844, -0.570678711, -0.745023332, -0.665787071, 0.0381270019, 0, 2, 1, 1, 
402.454432, 23, 0.1, 0.1, -0.00128398978, 0.382617164, -0.0199687432, 0.976345297, 2.81511355e-005, 0.216217161, 0.21621716, 4.81092059e-005, -0.976345296, -3.78872646e-005, 0.999999998, 4.08844384e-005, 0.97634532, 2.95344093e-005, 0.216217056, 0.216217055, 2.50643838e-005, -0.97634532, -3.42551296e-005, 0.999999999, 1.80856509e-005, 0, 0, 0, 0, 0, 0, 0, 0.333301196, -0.178091699, -0.134708887, -0.633646599, 0.351001478, -0.689388597, -0.76550293, -0.156982422, 0.623779297, 0.110865076, 0.923131355, 0.368360713, 0, 0, 0, 0, 0, 0, 0, 0.370760547, -0.124739404, -0.0972307129, -0.403828257, 0.404941896, -0.82024633, 0.530761719, -0.626464844, -0.570678711, -0.745023332, -0.665787071, 0.0381270019, 0, 2, 1, 1, 
402.455138, 23, 0.1, 0.1, -0.00128398755, 0.382617159, -0.0199669991, 0.976345144, -2.10474391e-005, 0.21621785, 0.216217849, -2.9000385e-005, -0.976345144, 2.68199659e-005, 0.999999999, -2.3763553e-005, 0.976345185, -2.55994128e-005, 0.216217665, 0.216217665, 3.68939239e-006, -0.976345185, 2.41961517e-005, 1, 9.13716577e-006, 0, 0, 0, 0, 0, 0, 0, 0.333998853, -0.176834888, -0.134575708, -0.633646599, 0.351001478, -0.689388597, -0.76550293, -0.156982422, 0.623779297, 0.110865076, 0.923131355, 0.368360713, 0, 0, 0, 0, 0, 0, 0, 0.370811182, -0.124077148, -0.0971506348, -0.407674096, 0.402813537, -0.819377196, 0.533325195, -0.623168945, -0.571777344, -0.741131551, -0.67006128, 0.0392002932, 0, 2, 1, 1, 
402.455849, 23, 0.1, 0.1, -0.00128398792, 0.382617166, -0.0199661072, 0.976344883, -7.0303015e-006, 0.216219032, 0.216219032, -1.56206846e-005, -0.976344883, 1.02414882e-005, 1, -1.37310904e-005, 0.976344939, 1.23777399e-005, 0.216218776, 0.216218776, -3.74598498e-005, -0.976344939, -3.98542078e-006, 0.999999999, -3.92500346e-005, 0, 0, 0, 0, 0, 0, 0, 0.333998853, -0.176834888, -0.134575708, -0.633646599, 0.351001478, -0.689388597, -0.76550293, -0.156982422, 0.623779297, 0.110865076, 0.923131355, 0.368360713, 0, 0, 0, 0, 0, 0, 0, 0.370811182, -0.124077148, -0.0971506348, -0.407674096, 0.402813537, -0.819377196, 0.533325195, -0.623168945, -0.571777344, -0.741131551, -0.67006128, 0.0392002932, 0, 2, 1, 1, 
402.456577, 23, 0.1, 0.1, -0.0012839868, 0.382617156, -0.0199661104, 0.976344712, 8.95789578e-006, 0.216219805, 0.216219804, 3.79073702e-005, -0.976344711, -1.69423184e-005, 0.999999999, 3.5073786e-005, 0.976344736, 9.79092751e-006, 0.216219693, 0.216219692, 5.22119893e-005, -0.976344735, -2.08485808e-005, 0.999999999, 4.88599096e-005, 0, 0, 0, 0, 0, 0, 0, 0.333998853, -0.176834888, -0.134575708, -0.633646599, 0.351001478, -0.689388597, -0.76550293, -0.156982422, 0.623779297, 0.110865076, 0.923131355, 0.368360713, 0, 0, 0, 0, 0, 0, 0, 0.370811182, -0.124077148, -0.0971506348, -0.407674096, 0.402813537, -0.819377196, 0.533325195, -0.623168945, -0.571777344, -0.741131551, -0.67006128, 0.0392002932, 0, 2, 1, 1, 
402.457343, 23, 0.1, 0.1, -0.00128398178, 0.382617165, -0.0199663039, 0.976344598, -2.09382321e-005, 0.216220317, 0.216220315, -6.75735324e-005, -0.976344596, 3.50537003e-005, 0.999999997, -6.14477823e-005, 0.97634462, -2.8362657e-005, 0.216220218, 0.216220215, -7.27830608e-005, -0.976344618, 4.34288968e-005, 0.999999997, -6.49287701e-005, 0, 0, 0, 0, 0, 0, 0, 0.334587891, -0.17683147, -0.134049268, -0.635233071, 0.351083854, -0.687846308, -0.764282227, -0.157836914, 0.625244141, 0.110992757, 0.922871124, 0.368734398, 0, 0, 0, 0, 0, 0, 0, 0.370695459, -0.12418042, -0.0973050293, -0.409744119, 0.401567438, -0.818974345, 0.533081055, -0.623046875, -0.572265625, -0.740121692, -0.671051449, 0.0412065179, 0, 2, 1, 1, 
402.458042, 23, 0.1, 0.1, -0.00128398394, 0.382617162, -0.0199670713, 0.976344452, 1.57489431e-005, 0.216220979, 0.216220978, 5.39852519e-005, -0.97634445, -2.70491372e-005, 0.999999998, 4.93029493e-005, 0.976344488, 2.34000338e-005, 0.216220813, 0.216220812, 4.39686103e-005, -0.976344488, -3.23534227e-005, 0.999999999, 3.7868936e-005, 0, 0, 0, 0, 0, 0, 0, 0.334587891, -0.17683147, -0.134049268, -0.635233071, 0.351083854, -0.687846308, -0.764282227, -0.157836914, 0.625244141, 0.110992757, 0.922871124, 0.368734398, 0, 0, 0, 0, 0, 0, 0, 0.370695459, -0.12418042, -0.0973050293, -0.409744119, 0.401567438, -0.818974345, 0.533081055, -0.623046875, -0.572265625, -0.740121692, -0.671051449, 0.0412065179, 0, 2, 1, 1, 
402.45874, 23, 0.1, 0.1, -0.00128397989, 0.38261716, -0.0199686117, 0.976344211, -1.28777193e-005, 0.216222064, 0.216222064, -3.5148513e-005, -0.976344211, 2.01729707e-005, 0.999999999, -3.15326002e-005, 0.976344268, -2.4521333e-005, 0.216221807, 0.216221807, -1.86061493e-005, -0.976344268, 2.79643182e-005, 1, -1.28639603e-005, 0, 0, 0, 0, 0, 0, 0, 0.334587891, -0.17683147, -0.134049268, -0.635233071, 0.351083854, -0.687846308, -0.764282227, -0.157836914, 0.625244141, 0.110992757, 0.922871124, 0.368734398, 0, 0, 0, 0, 0, 0, 0, 0.370695459, -0.12418042, -0.0973050293, -0.409744119, 0.401567438, -0.818974345, 0.533081055, -0.623046875, -0.572265625, -0.740121692, -0.671051449, 0.0412065179, 0, 2, 1, 1, 
402.45946, 23, 0.1, 0.1, -0.00128398544, 0.38261716, -0.0199702452, 0.976343854, 2.97761792e-005, 0.216223677, 0.216223676, 3.60391369e-005, -0.976343854, -3.68643042e-005, 0.999999999, 2.87482748e-005, 0.976343933, 4.26984814e-005, 0.216223316, 0.216223316, 7.58921115e-006, -0.976343934, -4.33293677e-005, 0.999999999, -1.82272695e-006, 0, 0, 0, 0, 0, 0, 0, 0.334587891, -0.17683147, -0.134049268, -0.635233071, 0.351083854, -0.687846308, -0.764282227, -0.157836914, 0.625244141, 0.110992757, 0.922871124, 0.368734398, 0, 0, 0, 0, 0, 0, 0, 0.370695459, -0.12418042, -0.0973050293, -0.409744119, 0.401567438, -0.818974345, 0.533081055, -0.623046875, -0.572265625, -0.740121692, -0.671051449, 0.0412065179, 0, 2, 1, 1, 
402.460154, 23, 0.1, 0.1, -0.00128398145, 0.382617151, -0.0199714176, 0.97634342, -2.16221363e-005, 0.216225637, 0.216225638, 1.67555878e-005, -0.97634342, 1.74876429e-005, 1, 2.10344681e-005, 0.976343508, -3.00666172e-005, 0.216225236, 0.216225237, 3.61934839e-005, -0.976343508, 2.15294019e-005, 0.999999999, 4.18384345e-005, 0, 0, 0, 0, 0, 0, 0, 0.334587891, -0.17683147, -0.134049268, -0.635233071, 0.351083854, -0.687846308, -0.764282227, -0.157836914, 0.625244141, 0.110992757, 0.922871124, 0.368734398, 0, 0, 0, 0, 0, 0, 0, 0.370695459, -0.12418042, -0.0973050293, -0.409744119, 0.401567438, -0.818974345, 0.533081055, -0.623046875, -0.572265625, -0.740121692, -0.671051449, 0.0412065179, 0, 2, 1, 1, 
402.460853, 23, 0.1, 0.1, -0.00128398573, 0.382617155, -0.0199719868, 0.976342944, 2.99250806e-005, 0.216227784, 0.216227784, -2.18400196e-005, -0.976342944, -2.44947222e-005, 0.999999999, -2.77939829e-005, 0.976343035, 3.8159034e-005, 0.216227372, 0.216227373, -3.01182503e-005, -0.976343035, -3.07439169e-005, 0.999999999, -3.76567716e-005, 0, 0, 0, 0, 0, 0, 0, 0.334587891, -0.17683147, -0.134049268, -0.635233071, 0.351083854, -0.687846308, -0.764282227, -0.157836914, 0.625244141, 0.110992757, 0.922871124, 0.368734398, 0, 0, 0, 0, 0, 0, 0, 0.370695459, -0.12418042, -0.0973050293, -0.409744119, 0.401567438, -0.818974345, 0.533081055, -0.623046875, -0.572265625, -0.740121692, -0.671051449, 0.0412065179, 0, 2, 1, 1, 
402.461745, 23, 0.1, 0.1, -0.00128397836, 0.382617148, -0.0199705927, 0.976342406, -3.302046e-005, 0.216230213, 0.216230214, 3.14868489e-005, -0.976342406, 2.54308673e-005, 0.999999999, 3.7881967e-005, 0.97634255, -4.26160661e-005, 0.216229563, 0.216229565, 3.62967512e-005, -0.97634255, 3.3759448e-005, 0.999999998, 4.4652916e-005, 0, 0, 0, 0, 0, 0, 0, 0.334587891, -0.17683147, -0.134049268, -0.635377604, 0.352771798, -0.686881769, -0.763671875, -0.155761719, 0.626464844, 0.113981855, 0.92260378, 0.36858163, 0, 0, 0, 0, 0, 0, 0, 0.370695459, -0.12418042, -0.0973050293, -0.409744119, 0.401567438, -0.818974345, 0.533081055, -0.623046875, -0.572265625, -0.740121692, -0.671051449, 0.0412065179, 0, 2, 1, 1, 
402.462903, 23, 0.1, 0.1, -0.00128398972, 0.382617152, -0.0199604516, 0.976341797, 3.0532376e-005, 0.216232964, 0.216232964, -1.9497124e-005, -0.976341797, -2.5594114e-005, 0.999999999, -2.56379633e-005, 0.976341903, 5.94712607e-005, 0.216232477, 0.21623248, -3.32051562e-005, -0.976341904, -5.08842507e-005, 0.999999998, -4.52792035e-005, 0, 0, 0, 0, 0, 0, 0, 0.334143115, -0.177192505, -0.133553955, -0.635377604, 0.352771798, -0.686881769, -0.763671875, -0.155761719, 0.626464844, 0.113981855, 0.92260378, 0.36858163, 0, 0, 0, 0, 0, 0, 0, 0.370126416, -0.124266846, -0.0974459961, -0.411763104, 0.400378942, -0.818488372, 0.532226563, -0.623413086, -0.572631836, -0.739597439, -0.67142185, 0.0435897072, 0, 2, 1, 1, 
402.464038, 23, 0.1, 0.1, -0.00128398484, 0.382617147, -0.0199471821, 0.976341277, 5.39102087e-005, 0.216235307, 0.216235307, 1.26855631e-006, -0.976341278, -5.29090687e-005, 0.999999999, -1.04187466e-005, 0.976341391, -7.21896876e-007, 0.216234801, 0.216234801, -7.33590034e-006, -0.976341391, 2.29109475e-006, 1, -7.00624391e-006, 0, 0, 0, 0, 0, 0, 0, 0.334143115, -0.177192505, -0.133553955, -0.635377604, 0.352771798, -0.686881769, -0.763671875, -0.155761719, 0.626464844, 0.113981855, 0.92260378, 0.36858163, 0, 0, 0, 0, 0, 0, 0, 0.370126416, -0.124266846, -0.0974459961, -0.411763104, 0.400378942, -0.818488372, 0.532226563, -0.623413086, -0.572631836, -0.739597439, -0.67142185, 0.0435897072, 0, 2, 1, 1, 
402.465176, 23, 0.1, 0.1, -0.00128398828, 0.382617147, -0.0199370978, 0.976340731, -6.90724439e-005, 0.216237767, 0.216237767, -1.56603291e-005, -0.976340734, 7.08245951e-005, 0.999999997, -3.53746166e-007, 0.976340804, -3.17467205e-005, 0.216237449, 0.216237447, -3.65522572e-005, -0.976340804, 3.88995854e-005, 0.999999999, -2.88226304e-005, 0, 0, 0, 0, 0, 0, 0, 0.334143115, -0.177192505, -0.133553955, -0.635377604, 0.352771798, -0.686881769, -0.763671875, -0.155761719, 0.626464844, 0.113981855, 0.92260378, 0.36858163, 0, 0, 0, 0, 0, 0, 0, 0.370126416, -0.124266846, -0.0974459961, -0.411763104, 0.400378942, -0.818488372, 0.532226563, -0.623413086, -0.572631836, -0.739597439, -0.67142185, 0.0435897072, 0, 2, 1, 1, 
402.466312, 23, 0.1, 0.1, -0.00128398874, 0.382617134, -0.0199341462, 0.976340703, 7.41851085e-005, 0.216237893, 0.216237896, -4.05677003e-005, -0.976340704, -6.3657667e-005, 0.999999996, -5.56495289e-005, 0.976340661, 6.31356687e-005, 0.216238087, 0.216238085, 3.58824788e-005, -0.976340663, -6.94010792e-005, 0.999999997, 2.1381187e-005, 0, 0, 0, 0, 0, 0, 0, 0.334143115, -0.177192505, -0.133553955, -0.635377604, 0.352771798, -0.686881769, -0.763671875, -0.155761719, 0.626464844, 0.113981855, 0.92260378, 0.36858163, 0, 0, 0, 0, 0, 0, 0, 0.370126416, -0.124266846, -0.0974459961, -0.411763104, 0.400378942, -0.818488372, 0.532226563, -0.623413086, -0.572631836, -0.739597439, -0.67142185, 0.0435897072, 0, 2, 1, 1, 
402.467082, 23, 0.1, 0.1, -0.00128398682, 0.382617147, -0.0199398172, 0.976341018, -3.04626131e-005, 0.216236483, 0.216236483, 9.16382059e-006, -0.976341018, 2.77603464e-005, 0.999999999, 1.55341423e-005, 0.976340947, -3.60547515e-005, 0.216236799, 0.216236798, -4.77457407e-005, -0.976340947, 4.55261164e-005, 0.999999998, -3.88197577e-005, 0, 0, 0, 0, 0, 0, 0, 0.333701636, -0.17749043, -0.133245386, -0.635509033, 0.355728695, -0.685263095, -0.762939453, -0.153930664, 0.627807617, 0.117834021, 0.921764678, 0.369437585, 0, 0, 0, 0, 0, 0, 0, 0.370071729, -0.124343262, -0.0972022461, -0.412638435, 0.399299087, -0.81864149, 0.531860352, -0.623779297, -0.572509766, -0.739443955, -0.67165809, 0.0450465264, 0, 2, 1, 1, 
402.467769, 23, 0.1, 0.1, -0.00128398608, 0.382617137, -0.0199532985, 0.976341423, -1.78951448e-005, 0.216234655, 0.216234655, 1.16489233e-005, -0.976341423, 1.49528702e-005, 1, 1.52428768e-005, 0.976341346, 1.47517315e-006, 0.216235003, 0.216235003, 4.86326384e-005, -0.976341345, -1.19563513e-005, 0.999999999, 4.71630715e-005, 0, 0, 0, 0, 0, 0, 0, 0.333701636, -0.17749043, -0.133245386, -0.635509033, 0.355728695, -0.685263095, -0.762939453, -0.153930664, 0.627807617, 0.117834021, 0.921764678, 0.369437585, 0, 0, 0, 0, 0, 0, 0, 0.370071729, -0.124343262, -0.0972022461, -0.412638435, 0.399299087, -0.81864149, 0.531860352, -0.623779297, -0.572509766, -0.739443955, -0.67165809, 0.0450465264, 0, 2, 1, 1, 
402.468456, 23, 0.1, 0.1, -0.00128398552, 0.382617149, -0.0199703, 0.976341676, 2.57428706e-005, 0.216233511, 0.216233512, -6.93802796e-005, -0.976341673, -1.01314959e-005, 0.999999997, -7.33053298e-005, 0.976341637, 1.73353908e-005, 0.216233689, 0.21623369, -7.77700712e-005, -0.976341633, -1.08754363e-007, 0.999999997, -7.96786541e-005, 0, 0, 0, 0, 0, 0, 0, 0.333701636, -0.17749043, -0.133245386, -0.635509033, 0.355728695, -0.685263095, -0.762939453, -0.153930664, 0.627807617, 0.117834021, 0.921764678, 0.369437585, 0, 0, 0, 0, 0, 0, 0, 0.370071729, -0.124343262, -0.0972022461, -0.412638435, 0.399299087, -0.81864149, 0.531860352, -0.623779297, -0.572509766, -0.739443955, -0.67165809, 0.0450465264, 0, 2, 1, 1, 
402.469147, 23, 0.1, 0.1, -0.00128398497, 0.382617149, -0.0199856358, 0.976341834, -1.96562534e-005, 0.216232798, 0.216232798, 4.80646694e-005, -0.976341833, 8.79806449e-006, 0.999999999, 5.11778742e-005, 0.976341798, -1.33549997e-005, 0.216232962, 0.216232963, 2.28956222e-005, -0.976341797, 8.0882562e-006, 1, 2.52417441e-005, 0, 0, 0, 0, 0, 0, 0, 0.333701636, -0.17749043, -0.133245386, -0.635509033, 0.355728695, -0.685263095, -0.762939453, -0.153930664, 0.627807617, 0.117834021, 0.921764678, 0.369437585, 0, 0, 0, 0, 0, 0, 0, 0.370071729, -0.124343262, -0.0972022461, -0.412638435, 0.399299087, -0.81864149, 0.531860352, -0.623779297, -0.572509766, -0.739443955, -0.67165809, 0.0450465264, 0, 2, 1, 1, 
402.469848, 23, 0.1, 0.1, -0.0012839808, 0.382617129, -0.0199950684, 0.976342058, -1.17657613e-005, 0.216231785, 0.216231785, 0.000110050038, -0.976342052, -1.23089086e-005, 0.999999994, 0.000109990612, 0.976342015, -1.45436321e-005, 0.216231982, 0.216231982, 0.000106354789, -0.976342009, -8.79774776e-006, 0.999999994, 0.000106983447, 0, 0, 0, 0, 0, 0, 0, 0.333701636, -0.17749043, -0.133245386, -0.635509033, 0.355728695, -0.685263095, -0.762939453, -0.153930664, 0.627807617, 0.117834021, 0.921764678, 0.369437585, 0, 0, 0, 0, 0, 0, 0, 0.369990674, -0.124629736, -0.096925293, -0.414050411, 0.398487555, -0.818309002, 0.531494141, -0.623901367, -0.572753906, -0.738855903, -0.672111614, 0.0465543849, 0, 2, 1, 1, 
402.470536, 23, 0.1, 0.1, -0.00128397955, 0.38261711, -0.0199964636, 0.976342282, 2.67435852e-006, 0.216230778, 0.216230777, 8.2457521e-005, -0.976342278, -2.04409432e-005, 0.999999997, 7.99284855e-005, 0.976342234, -1.22956214e-007, 0.216230991, 0.21623099, 9.35887222e-005, -0.97634223, -2.01167348e-005, 0.999999996, 9.1401209e-005, 0, 0, 0, 0, 0, 0, 0, 0.333701636, -0.17749043, -0.133245386, -0.635509033, 0.355728695, -0.685263095, -0.762939453, -0.153930664, 0.627807617, 0.117834021, 0.921764678, 0.369437585, 0, 0, 0, 0, 0, 0, 0, 0.369990674, -0.124629736, -0.096925293, -0.414050411, 0.398487555, -0.818309002, 0.531494141, -0.623901367, -0.572753906, -0.738855903, -0.672111614, 0.0465543849, 0, 2, 1, 1, 
402.471223, 23, 0.1, 0.1, -0.00128397974, 0.382617104, -0.0199901944, 0.976342539, 8.14386266e-007, 0.216229617, 0.216229617, -1.21232634e-005, -0.976342538, 1.82628866e-006, 1, -1.20125522e-005, 0.976342484, 4.75722388e-006, 0.216229863, 0.216229863, 1.23747424e-005, -0.976342484, -7.32046863e-006, 1, 1.10533328e-005, 0, 0, 0, 0, 0, 0, 0, 0.333701636, -0.17749043, -0.133245386, -0.635509033, 0.355728695, -0.685263095, -0.762939453, -0.153930664, 0.627807617, 0.117834021, 0.921764678, 0.369437585, 0, 0, 0, 0, 0, 0, 0, 0.369990674, -0.124629736, -0.096925293, -0.414050411, 0.398487555, -0.818309002, 0.531494141, -0.623901367, -0.572753906, -0.738855903, -0.672111614, 0.0465543849, 0, 2, 1, 1, 
402.471932, 23, 0.1, 0.1, -0.00128398057, 0.382617112, -0.0199782392, 0.976342764, 1.63046949e-005, 0.2162286, 0.216228601, -3.8782736e-005, -0.976342763, -7.53303418e-006, 0.999999999, -4.13907851e-005, 0.976342727, 1.5669643e-005, 0.216228766, 0.216228767, -4.78247359e-005, -0.976342726, -4.95785833e-006, 0.999999999, -5.00815607e-005, 0, 0, 0, 0, 0, 0, 0, 0.333476807, -0.177624805, -0.132963916, -0.63566667, 0.357499014, -0.684164884, -0.762573242, -0.153198242, 0.628417969, 0.119960052, 0.921237103, 0.370128789, 0, 0, 0, 0, 0, 0, 0, 0.369990674, -0.124629736, -0.096925293, -0.414050411, 0.398487555, -0.818309002, 0.531494141, -0.623901367, -0.572753906, -0.738855903, -0.672111614, 0.0465543849, 0, 2, 1, 1, 
402.472627, 23, 0.1, 0.1, -0.00128397896, 0.382617111, -0.0199652603, 0.976342928, 7.23735444e-006, 0.21622786, 0.21622786, 1.34825454e-005, -0.976342928, -9.98144176e-006, 1, 1.15986702e-005, 0.976342893, -1.09902634e-005, 0.216228015, 0.216228015, 1.70607933e-005, -0.976342893, 7.04124409e-006, 1, 1.90335872e-005, 0, 0, 0, 0, 0, 0, 0, 0.333476807, -0.177624805, -0.132963916, -0.63566667, 0.357499014, -0.684164884, -0.762573242, -0.153198242, 0.628417969, 0.119960052, 0.921237103, 0.370128789, 0, 0, 0, 0, 0, 0, 0, 0.369990674, -0.124629736, -0.096925293, -0.414050411, 0.398487555, -0.818309002, 0.531494141, -0.623901367, -0.572753906, -0.738855903, -0.672111614, 0.0465543849, 0, 2, 1, 1, 
402.473317, 23, 0.1, 0.1, -0.00128397753, 0.382617111, -0.0199548732, 0.976343144, -1.40090981e-005, 0.216226885, 0.216226885, 1.6988007e-005, -0.976343143, 1.0004423e-005, 1, 1.96152678e-005, 0.976343096, -2.11853724e-005, 0.216227099, 0.2162271, 9.62451003e-006, -0.976343096, 1.86031122e-005, 1, 1.39776755e-005, 0, 0, 0, 0, 0, 0, 0, 0.333476807, -0.177624805, -0.132963916, -0.63566667, 0.357499014, -0.684164884, -0.762573242, -0.153198242, 0.628417969, 0.119960052, 0.921237103, 0.370128789, 0, 0, 0, 0, 0, 0, 0, 0.369990674, -0.124629736, -0.096925293, -0.414050411, 0.398487555, -0.818309002, 0.531494141, -0.623901367, -0.572753906, -0.738855903, -0.672111614, 0.0465543849, 0, 2, 1, 1, 
402.474018, 23, 0.1, 0.1, -0.00128397745, 0.382617111, -0.0199497279, 0.976343433, -2.24300805e-005, 0.216225579, 0.216225579, 8.52731491e-006, -0.976343433, 2.00556382e-005, 1, 1.31755451e-005, 0.976343363, -9.62116637e-006, 0.216225893, 0.216225893, -1.45774158e-005, -0.976343363, 1.25455767e-005, 1, -1.21522179e-005, 0, 0, 0, 0, 0, 0, 0, 0.333476807, -0.177624805, -0.132963916, -0.636966703, 0.358907632, -0.682222701, -0.761108398, -0.152954102, 0.630126953, 0.121896244, 0.920766816, 0.370686321, 0, 0, 0, 0, 0, 0, 0, 0.369990674, -0.124629736, -0.096925293, -0.414050411, 0.398487555, -0.818309002, 0.531494141, -0.623901367, -0.572753906, -0.738855903, -0.672111614, 0.0465543849, 0, 2, 1, 1, 
402.474715, 23, 0.1, 0.1, -0.00128397825, 0.382617111, -0.0199505921, 0.976343791, -5.68838953e-006, 0.216223964, 0.216223964, -1.54960122e-005, -0.976343791, 8.90443298e-006, 1, -1.38994692e-005, 0.976343717, 1.83751781e-005, 0.216224297, 0.216224298, -1.82140578e-005, -0.976343716, -1.40021678e-005, 1, -2.17563409e-005, 0, 0, 0, 0, 0, 0, 0, 0.33341626, -0.177331006, -0.132639722, -0.636966703, 0.358907632, -0.682222701, -0.761108398, -0.152954102, 0.630126953, 0.121896244, 0.920766816, 0.370686321, 0, 0, 0, 0, 0, 0, 0, 0.370104541, -0.125144336, -0.0968564453, -0.415801073, 0.397529102, -0.817906151, 0.530639648, -0.624267578, -0.573242187, -0.738548935, -0.672335094, 0.0485606096, 0, 2, 1, 1, 
402.475401, 23, 0.1, 0.1, -0.00128397813, 0.382617111, -0.0199570238, 0.976344201, 1.42050127e-005, 0.21622211, 0.21622211, -1.55737156e-005, -0.976344201, -1.05016001e-005, 1, -1.82767447e-005, 0.976344115, 1.98645712e-005, 0.216222499, 0.216222499, -7.42146444e-006, -0.976344115, -1.77899696e-005, 1, -1.15410703e-005, 0, 0, 0, 0, 0, 0, 0, 0.33341626, -0.177331006, -0.132639722, -0.636966703, 0.358907632, -0.682222701, -0.761108398, -0.152954102, 0.630126953, 0.121896244, 0.920766816, 0.370686321, 0, 0, 0, 0, 0, 0, 0, 0.370104541, -0.125144336, -0.0968564453, -0.415801073, 0.397529102, -0.817906151, 0.530639648, -0.624267578, -0.573242187, -0.738548935, -0.672335094, 0.0485606096, 0, 2, 1, 1, 
402.476086, 23, 0.1, 0.1, -0.0012839767, 0.38261711, -0.0199665589, 0.976344643, 1.13282318e-005, 0.216220113, 0.216220113, -5.02753165e-006, -0.976344643, -9.97320502e-006, 1, -7.35799517e-006, 0.976344553, 3.30714216e-006, 0.216220523, 0.216220523, 8.50515513e-006, -0.976344553, -5.06789932e-006, 1, 7.58888987e-006, 0, 0, 0, 0, 0, 0, 0, 0.33341626, -0.177331006, -0.132639722, -0.636966703, 0.358907632, -0.682222701, -0.761108398, -0.152954102, 0.630126953, 0.121896244, 0.920766816, 0.370686321, 0, 0, 0, 0, 0, 0, 0, 0.370104541, -0.125144336, -0.0968564453, -0.415801073, 0.397529102, -0.817906151, 0.530639648, -0.624267578, -0.573242187, -0.738548935, -0.672335094, 0.0485606096, 0, 2, 1, 1, 
402.476772, 23, 0.1, 0.1, -0.00128397527, 0.38261711, -0.0199761672, 0.976345096, 3.63168538e-007, 0.21621807, 0.21621807, 5.95691996e-006, -0.976345096, -1.64257156e-006, 1, 5.73748599e-006, 0.976345007, -1.08182105e-005, 0.216218472, 0.216218472, 6.62258039e-006, -0.976345007, 9.13038163e-006, 1, 8.80502024e-006, 0, 0, 0, 0, 0, 0, 0, 0.33341626, -0.177331006, -0.132639722, -0.636966703, 0.358907632, -0.682222701, -0.761108398, -0.152954102, 0.630126953, 0.121896244, 0.920766816, 0.370686321, 0, 0, 0, 0, 0, 0, 0, 0.370104541, -0.125144336, -0.0968564453, -0.415801073, 0.397529102, -0.817906151, 0.530639648, -0.624267578, -0.573242187, -0.738548935, -0.672335094, 0.0485606096, 0, 2, 1, 1, 
402.477477, 23, 0.1, 0.1, -0.0012839744, 0.38261711, -0.0199831879, 0.976345551, -5.99878456e-006, 0.216216017, 0.216216017, 5.94653561e-006, -0.976345551, 4.57115037e-006, 1, 7.10290688e-006, 0.976345453, -8.47339609e-006, 0.216216456, 0.216216456, 2.16621964e-006, -0.976345453, 7.80458941e-006, 1, 3.94706637e-006, 0, 0, 0, 0, 0, 0, 0, 0.33341626, -0.177331006, -0.132639722, -0.636966703, 0.358907632, -0.682222701, -0.761108398, -0.152954102, 0.630126953, 0.121896244, 0.920766816, 0.370686321, 0, 0, 0, 0, 0, 0, 0, 0.370104541, -0.125144336, -0.0968564453, -0.415801073, 0.397529102, -0.817906151, 0.530639648, -0.624267578, -0.573242187, -0.738548935, -0.672335094, 0.0485606096, 0, 2, 1, 1, 
402.478162, 23, 0.1, 0.1, -0.00128397411, 0.38261711, -0.019985596, 0.976345973, -5.13640748e-006, 0.21621411, 0.21621411, 3.90113169e-006, -0.976345973, 4.17143104e-006, 1, 4.91941799e-006, 0.976345891, -2.11877052e-006, 0.21621448, 0.21621448, -2.21711015e-006, -0.976345891, 2.5480242e-006, 1, -1.70655752e-006, 0, 0, 0, 0, 0, 0, 0, 0.33341626, -0.177331006, -0.132639722, -0.636966703, 0.358907632, -0.682222701, -0.761108398, -0.152954102, 0.630126953, 0.121896244, 0.920766816, 0.370686321, 0, 0, 0, 0, 0, 0, 0, 0.370104541, -0.125144336, -0.0968564453, -0.415801073, 0.397529102, -0.817906151, 0.530639648, -0.624267578, -0.573242187, -0.738548935, -0.672335094, 0.0485606096, 0, 2, 1, 1, 
402.478849, 23, 0.1, 0.1, -0.00128397413, 0.382617109, -0.0199833474, 0.976346373, -2.46647748e-006, 0.216212302, 0.216212302, -2.90905083e-006, -0.976346373, 3.03710892e-006, 1, -2.30695845e-006, 0.976346296, 5.83207654e-006, 0.216212649, 0.216212649, -4.23137368e-006, -0.976346296, -4.77924982e-006, 1, -5.39225474e-006, 0, 0, 0, 0, 0, 0, 0, 0.33341626, -0.177331006, -0.132639722, -0.636966703, 0.358907632, -0.682222701, -0.761108398, -0.152954102, 0.630126953, 0.121896244, 0.920766816, 0.370686321, 0, 0, 0, 0, 0, 0, 0, 0.370104541, -0.125144336, -0.0968564453, -0.415801073, 0.397529102, -0.817906151, 0.530639648, -0.624267578, -0.573242187, -0.738548935, -0.672335094, 0.0485606096, 0, 2, 1, 1, 
402.479563, 23, 0.1, 0.1, -0.00128397435, 0.382617109, -0.0199769709, 0.976346777, 8.17711316e-006, 0.216210477, 0.216210477, -9.24796202e-006, -0.976346777, -5.9841918e-006, 1, -1.07971955e-005, 0.976346701, 1.23003411e-005, 0.216210823, 0.216210823, -5.10940449e-006, -0.976346701, -1.09046889e-005, 1, -7.64801709e-006, 0, 0, 0, 0, 0, 0, 0, 0.333715308, -0.177511523, -0.131345679, -0.635550973, 0.359751604, -0.683104865, -0.762084961, -0.151489258, 0.629394531, 0.123031525, 0.920633144, 0.370578858, 0, 0, 0, 0, 0, 0, 0, 0.369906201, -0.125655518, -0.0959881348, -0.415436868, 0.39654513, -0.818455556, 0.530883789, -0.62487793, -0.572265625, -0.738510655, -0.672315771, 0.0491165783, 0, 2, 1, 1, 
402.48025, 23, 0.1, 0.1, -0.00128397379, 0.382617108, -0.0199692583, 0.97634717, 1.44968198e-005, 0.216208706, 0.216208706, -7.5510639e-006, -0.97634717, -1.25213232e-005, 1, -1.05067985e-005, 0.976347091, 7.77432278e-006, 0.216209062, 0.216209062, 5.9903942e-006, -0.976347091, -8.88561494e-006, 1, 4.16782492e-006, 0, 0, 0, 0, 0, 0, 0, 0.333715308, -0.177511523, -0.131345679, -0.635550973, 0.359751604, -0.683104865, -0.762084961, -0.151489258, 0.629394531, 0.123031525, 0.920633144, 0.370578858, 0, 0, 0, 0, 0, 0, 0, 0.369906201, -0.125655518, -0.0959881348, -0.415436868, 0.39654513, -0.818455556, 0.530883789, -0.62487793, -0.572265625, -0.738510655, -0.672315771, 0.0491165783, 0, 2, 1, 1, 
402.480937, 23, 0.1, 0.1, -0.00128397251, 0.382617108, -0.0199624862, 0.976347579, 7.33532478e-006, 0.216206857, 0.216206857, 8.05178116e-006, -0.976347579, -8.90267689e-006, 1, 6.27538953e-006, 0.976347497, -1.12999432e-005, 0.216207226, 0.216207227, 1.0950506e-005, -0.976347497, 8.6650927e-006, 1, 1.31346285e-005, 0, 0, 0, 0, 0, 0, 0, 0.333715308, -0.177511523, -0.131345679, -0.635550973, 0.359751604, -0.683104865, -0.762084961, -0.151489258, 0.629394531, 0.123031525, 0.920633144, 0.370578858, 0, 0, 0, 0, 0, 0, 0, 0.369906201, -0.125655518, -0.0959881348, -0.415436868, 0.39654513, -0.818455556, 0.530883789, -0.62487793, -0.572265625, -0.738510655, -0.672315771, 0.0491165783, 0, 2, 1, 1, 
402.481623, 23, 0.1, 0.1, -0.00128397142, 0.382617109, -0.0199583961, 0.976348018, -1.3386266e-005, 0.216204873, 0.216204874, 1.24353133e-005, -0.976348018, 1.0381079e-005, 1, 1.50353694e-005, 0.976347927, -1.94105027e-005, 0.216205283, 0.216205283, 4.85569944e-006, -0.976347928, 1.79015762e-005, 1, 8.9375053e-006, 0, 0, 0, 0, 0, 0, 0, 0.333715308, -0.177511523, -0.131345679, -0.635550973, 0.359751604, -0.683104865, -0.762084961, -0.151489258, 0.629394531, 0.123031525, 0.920633144, 0.370578858, 0, 0, 0, 0, 0, 0, 0, 0.369906201, -0.125655518, -0.0959881348, -0.415436868, 0.39654513, -0.818455556, 0.530883789, -0.62487793, -0.572265625, -0.738510655, -0.672315771, 0.0491165783, 0, 2, 1, 1, 
402.482335, 23, 0.1, 0.1, -0.00128397164, 0.382617109, -0.0199576369, 0.976348507, -1.8514416e-005, 0.216202666, 0.216202666, 4.78740579e-006, -0.976348507, 1.70414726e-005, 1, 8.67704261e-006, 0.976348409, -7.91576964e-006, 0.216203111, 0.216203111, -1.37337877e-005, -0.976348408, 1.06978367e-005, 1, -1.16975478e-005, 0, 0, 0, 0, 0, 0, 0, 0.333522339, -0.177846069, -0.130185522, -0.635086677, 0.361985097, -0.682311067, -0.762084961, -0.150634766, 0.629638672, 0.125182643, 0.919908618, 0.371689052, 0, 0, 0, 0, 0, 0, 0, 0.369929639, -0.125975195, -0.0949249023, -0.415245104, 0.395247992, -0.819343647, 0.531860352, -0.62512207, -0.571044922, -0.737999529, -0.672820334, 0.0493914643, 0, 2, 1, 1, 
402.483019, 23, 0.1, 0.1, -0.00128397163, 0.382617109, -0.0199604864, 0.976349004, -8.57568467e-006, 0.216200421, 0.216200421, -1.03147652e-005, -0.976349004, 1.06029178e-005, 1, -8.21674407e-006, 0.976348904, 1.09263974e-005, 0.216200873, 0.216200873, -1.30069959e-005, -0.976348904, -7.85585226e-006, 1, -1.50616629e-005, 0, 0, 0, 0, 0, 0, 0, 0.333522339, -0.177846069, -0.130185522, -0.635086677, 0.361985097, -0.682311067, -0.762084961, -0.150634766, 0.629638672, 0.125182643, 0.919908618, 0.371689052, 0, 0, 0, 0, 0, 0, 0, 0.369929639, -0.125975195, -0.0949249023, -0.415245104, 0.395247992, -0.819343647, 0.531860352, -0.62512207, -0.571044922, -0.737999529, -0.672820334, 0.0493914643, 0, 2, 1, 1, 
402.483704, 23, 0.1, 0.1, -0.00128397084, 0.382617108, -0.0199659323, 0.976349522, 8.37745403e-006, 0.216198082, 0.216198082, -9.01657728e-006, -0.976349522, -6.22995653e-006, 1, -1.06145204e-005, 0.976349419, 1.23928896e-005, 0.216198547, 0.216198547, -2.80535208e-006, -0.976349419, -1.14932775e-005, 1, -5.41832859e-006, 0, 0, 0, 0, 0, 0, 0, 0.333522339, -0.177846069, -0.130185522, -0.635086677, 0.361985097, -0.682311067, -0.762084961, -0.150634766, 0.629638672, 0.125182643, 0.919908618, 0.371689052, 0, 0, 0, 0, 0, 0, 0, 0.369929639, -0.125975195, -0.0949249023, -0.415245104, 0.395247992, -0.819343647, 0.531860352, -0.62512207, -0.571044922, -0.737999529, -0.672820334, 0.0493914643, 0, 2, 1, 1, 
402.48439, 23, 0.1, 0.1, -0.00128396954, 0.382617107, -0.0199722132, 0.976350042, 9.90590064e-006, 0.216195732, 0.216195732, -1.81324912e-006, -0.976350042, -9.27960979e-006, 1, -3.91197929e-006, 0.976349938, 2.71153611e-006, 0.216196202, 0.216196202, 9.82389979e-006, -0.976349938, -4.77129794e-006, 1, 9.00534014e-006, 0, 0, 0, 0, 0, 0, 0, 0.333522339, -0.177846069, -0.130185522, -0.635086677, 0.361985097, -0.682311067, -0.762084961, -0.150634766, 0.629638672, 0.125182643, 0.919908618, 0.371689052, 0, 0, 0, 0, 0, 0, 0, 0.369929639, -0.125975195, -0.0949249023, -0.415245104, 0.395247992, -0.819343647, 0.531860352, -0.62512207, -0.571044922, -0.737999529, -0.672820334, 0.0493914643, 0, 2, 1, 1, 
