time, trialNum, realDorsalTactorPos, realVentralTactorPos, boxPosX, boxPosY, boxPosZ, boxLocalRot_11, boxLocalRot_12, boxLocalRot_13, boxLocalRot_21, boxLocalRot_22, boxLocalRot_23, boxLocalRot_31, boxLocalRot_32, boxLocalRot_33, boxGlobalRot_11, boxGlobalRot_12, boxGlobalRot_13, boxGlobalRot_21, boxGlobalRot_22, boxGlobalRot_23, boxGlobalRot_31, boxGlobalRot_32, boxGlobalRot_33, indexForceX, indexForceY, indexForceZ, indexForceGlobalX, indexForceGlobalY, indexForceGlobalZ, indexContact, indexPosX, indexPosY, indexPosZ, indexRot_11, indexRot_12, indexRot_13, indexRot_21, indexRot_22, indexRot_23, indexRot_31, indexRot_32, indexRot_33, thumbForceX, thumbForceY, thumbForceZ, thumbForceGlobalX, thumbForceGlobalY, thumbForceGlobalZ, thumbContact, thumbPosX, thumbPosY, thumbPosZ, thumbRot_11, thumbRot_12, thumbRot_13, thumbRot_21, thumbRot_22, thumbRot_23, thumbRot_31, thumbRot_32, thumbRot_33, manipForceTooHigh, cceExpType, mapping, trialSuccess, 
812.163137, 58, 0.1, 0.1, 0.0162072113, 0.366612985, -0.0199713622, 0.956500265, -0.291731457, 6.26646069e-006, 0.291731457, 0.956500265, -4.73771167e-006, -4.61173178e-006, 6.35974618e-006, 1, 0.956500174, -0.291731755, 4.0196326e-006, 0.291731755, 0.956500174, 3.7713327e-006, -4.94499679e-006, -2.43462591e-006, 1, 0, -0, 0, 0, 0, 0, 0, 0.353220459, -0.137995142, -0.201536475, 0.27015723, 0.507474055, -0.818060681, -0.947998047, -0.00781250001, -0.317993164, -0.167863739, 0.861518137, 0.479086073, 0, 0, -0, 0, 0, 0, 0, 0.367669678, -0.0862858887, -0.185807812, 0.205340334, 0.0408653818, -0.977727368, 0.336181641, -0.941162109, 0.03125, -0.918995247, -0.335088468, -0.207094591, 0, 2, 5, 1, 
812.174455, 58, 0.1, 0.1, 0.0162072585, 0.366612989, -0.0199703197, 0.956490061, -0.29176491, -2.95741285e-005, 0.29176491, 0.956490061, -2.88298124e-006, 2.91285127e-005, -5.87115003e-006, 1, 0.956490114, -0.291764738, -1.3615818e-005, 0.291764738, 0.956490114, -1.52450184e-005, 1.74713541e-005, 1.06090938e-005, 1, 0, -0, 0, 0, 0, 0, 0, 0.359771094, -0.140245264, -0.201878687, 0.243282702, 0.529849803, -0.812356203, -0.947998047, -0.0469970703, -0.314575195, -0.204886938, 0.846727301, 0.490912542, 0, 0, -0, 0, 0, 0, 0, 0.371547461, -0.0868962402, -0.186140283, 0.189751723, 0.0430385488, -0.980779165, 0.372192383, -0.927490234, 0.03125, -0.908482148, -0.370946416, -0.192072509, 0, 2, 5, 1, 
812.175161, 58, 0.1, 0.1, 0.0162072593, 0.366612989, -0.0199774581, 0.956489836, -0.291765645, 3.10665053e-005, 0.291765646, 0.956489837, -1.14395205e-005, -2.63771375e-005, 2.00059241e-005, 0.999999999, 0.956489882, -0.291765499, 1.42044942e-005, 0.291765499, 0.956489882, -7.66547354e-006, -1.13499343e-005, 1.14763292e-005, 1, 0, -0, 0, 0, 0, 0, 0, 0.359771094, -0.140245264, -0.201878687, 0.243282702, 0.529849803, -0.812356203, -0.947998047, -0.0469970703, -0.314575195, -0.204886938, 0.846727301, 0.490912542, 0, 0, -0, 0, 0, 0, 0, 0.371547461, -0.0868962402, -0.186140283, 0.189751723, 0.0430385488, -0.980779165, 0.372192383, -0.927490234, 0.03125, -0.908482148, -0.370946416, -0.192072509, 0, 2, 5, 1, 
812.175851, 58, 0.1, 0.1, 0.0162072556, 0.366612988, -0.0199816024, 0.956489624, -0.291766344, -1.34514328e-005, 0.291766344, 0.956489624, 1.65414743e-005, 8.0399104e-006, -1.97464239e-005, 1, 0.956489671, -0.291766189, 6.8297358e-006, 0.291766189, 0.956489671, 1.30540205e-005, -1.03412936e-005, -1.04933498e-005, 1, 0, -0, 0, 0, 0, 0, 0, 0.359771094, -0.140245264, -0.201878687, 0.243282702, 0.529849803, -0.812356203, -0.947998047, -0.0469970703, -0.314575195, -0.204886938, 0.846727301, 0.490912542, 0, 0, -0, 0, 0, 0, 0, 0.371547461, -0.0868962402, -0.186140283, 0.189751723, 0.0430385488, -0.980779165, 0.372192383, -0.927490234, 0.03125, -0.908482148, -0.370946416, -0.192072509, 0, 2, 5, 1, 
812.176579, 58, 0.1, 0.1, 0.0162072606, 0.366612986, -0.0199817241, 0.956489348, -0.291767248, -8.80949007e-006, 0.291767248, 0.956489348, -1.12504944e-005, 1.17087092e-005, 8.1906574e-006, 1, 0.956489404, -0.291767065, -2.19738533e-005, 0.291767064, 0.956489404, -7.97491346e-006, 2.33445749e-005, 1.21667356e-006, 1, 0, -0, 0, 0, 0, 0, 0, 0.361365137, -0.141700659, -0.201190039, 0.239878362, 0.532051096, -0.812019588, -0.947509766, -0.0532226563, -0.314819336, -0.210774524, 0.845019139, 0.491477187, 0, 0, -0, 0, 0, 0, 0, 0.372356445, -0.0886583984, -0.185452979, 0.187994864, 0.0415937563, -0.981277165, 0.376831055, -0.92565918, 0.0329589844, -0.906948403, -0.375885235, -0.189669996, 0, 2, 5, 1, 
812.177349, 58, 0.1, 0.1, 0.016207258, 0.366612984, -0.0199773242, 0.956488984, -0.291768441, 1.25806217e-006, 0.291768441, 0.956488984, 9.94540061e-006, -4.10507663e-006, -9.14560329e-006, 1, 0.956489053, -0.291768215, 1.05230625e-005, 0.291768215, 0.956489053, 1.6323573e-005, -1.48278938e-005, -1.25430238e-005, 1, 0, -0, 0, 0, 0, 0, 0, 0.361365137, -0.141700659, -0.201190039, 0.239878362, 0.532051096, -0.812019588, -0.947509766, -0.0532226563, -0.314819336, -0.210774524, 0.845019139, 0.491477187, 0, 0, -0, 0, 0, 0, 0, 0.372356445, -0.0886583984, -0.185452979, 0.187994864, 0.0415937563, -0.981277165, 0.376831055, -0.92565918, 0.0329589844, -0.906948403, -0.375885235, -0.189669996, 0, 2, 5, 1, 
812.178055, 58, 0.1, 0.1, 0.0162072602, 0.366612984, -0.0199707938, 0.956488666, -0.291769485, 4.98801083e-006, 0.291769485, 0.956488666, 5.27715068e-006, -6.31068736e-006, -3.59218546e-006, 1, 0.956488732, -0.291769267, -1.19046429e-005, 0.291769267, 0.956488732, -6.52127458e-006, 1.32893643e-005, 2.76411673e-006, 1, 0, -0, 0, 0, 0, 0, 0, 0.361365137, -0.141700659, -0.201190039, 0.239878362, 0.532051096, -0.812019588, -0.947509766, -0.0532226563, -0.314819336, -0.210774524, 0.845019139, 0.491477187, 0, 0, -0, 0, 0, 0, 0, 0.372356445, -0.0886583984, -0.185452979, 0.187994864, 0.0415937563, -0.981277165, 0.376831055, -0.92565918, 0.0329589844, -0.906948403, -0.375885235, -0.189669996, 0, 2, 5, 1, 
812.178744, 58, 0.1, 0.1, 0.0162072587, 0.366612984, -0.0199643807, 0.956488379, -0.291770425, 9.58309884e-006, 0.291770426, 0.956488379, -1.37557304e-005, -5.15260736e-006, 1.59532611e-005, 1, 0.956488439, -0.291770228, 3.01921694e-007, 0.291770228, 0.956488439, -1.36237155e-005, 3.68620996e-006, 1.31190181e-005, 1, 0, -0, 0, 0, 0, 0, 0, 0.361365137, -0.141700659, -0.201190039, 0.239878362, 0.532051096, -0.812019588, -0.947509766, -0.0532226563, -0.314819336, -0.210774524, 0.845019139, 0.491477187, 0, 0, -0, 0, 0, 0, 0, 0.372356445, -0.0886583984, -0.185452979, 0.187994864, 0.0415937563, -0.981277165, 0.376831055, -0.92565918, 0.0329589844, -0.906948403, -0.375885235, -0.189669996, 0, 2, 5, 1, 
812.179446, 58, 0.1, 0.1, 0.0162072595, 0.366612982, -0.0199598211, 0.956488084, -0.291771393, 1.76220068e-005, 0.291771393, 0.956488084, 3.2776989e-006, -1.78115782e-005, 2.00651751e-006, 1, 0.956488136, -0.29177122, -8.68461867e-006, 0.29177122, 0.956488136, 1.4126223e-005, 4.1851094e-006, -1.60454865e-005, 1, 0, -0, 0, 0, 0, 0, 0, 0.361365137, -0.141700659, -0.201190039, 0.239878362, 0.532051096, -0.812019588, -0.947509766, -0.0532226563, -0.314819336, -0.210774524, 0.845019139, 0.491477187, 0, 0, -0, 0, 0, 0, 0, 0.372356445, -0.0886583984, -0.185452979, 0.187994864, 0.0415937563, -0.981277165, 0.376831055, -0.92565918, 0.0329589844, -0.906948403, -0.375885235, -0.189669996, 0, 2, 5, 1, 
812.180147, 58, 0.1, 0.1, 0.0162072598, 0.366612982, -0.0199585368, 0.956487822, -0.291772248, -3.89607183e-005, 0.291772248, 0.956487823, -1.51186175e-005, 4.16766457e-005, 3.0931172e-006, 0.999999999, 0.956487879, -0.291772063, -2.46323166e-005, 0.291772063, 0.956487879, -5.12941388e-006, 2.50571319e-005, -2.28079961e-006, 1, 0, -0, 0, 0, 0, 0, 0, 0.361365137, -0.141700659, -0.201190039, 0.239878362, 0.532051096, -0.812019588, -0.947509766, -0.0532226563, -0.314819336, -0.210774524, 0.845019139, 0.491477187, 0, 0, -0, 0, 0, 0, 0, 0.372356445, -0.0886583984, -0.185452979, 0.187994864, 0.0415937563, -0.981277165, 0.376831055, -0.92565918, 0.0329589844, -0.906948403, -0.375885235, -0.189669996, 0, 2, 5, 1, 
812.180845, 58, 0.1, 0.1, 0.0162072594, 0.366612982, -0.019960576, 0.956487616, -0.291772923, 5.45718508e-005, 0.291772923, 0.956487617, -6.39711035e-007, -5.20106492e-005, 1.65344641e-005, 0.999999999, 0.956487644, -0.291772832, 2.69152362e-005, 0.291772832, 0.956487645, 9.91986058e-006, -2.86384367e-005, -1.6350894e-006, 1, 0, -0, 0, 0, 0, 0, 0, 0.361365137, -0.141700659, -0.201190039, 0.236023952, 0.534797937, -0.81128907, -0.947387695, -0.05859375, -0.314208984, -0.215602091, 0.842853795, 0.49296818, 0, 0, -0, 0, 0, 0, 0, 0.372356445, -0.0886583984, -0.185452979, 0.187994864, 0.0415937563, -0.981277165, 0.376831055, -0.92565918, 0.0329589844, -0.906948403, -0.375885235, -0.189669996, 0, 2, 5, 1, 
812.18156, 58, 0.1, 0.1, 0.0162072534, 0.36661298, -0.0199648891, 0.956487459, -0.291773439, -2.74234967e-005, 0.291773439, 0.95648746, -4.0370043e-006, 2.74081214e-005, -4.14010397e-006, 1, 0.956487501, -0.291773302, 6.85506614e-006, 0.291773302, 0.956487501, 1.17473896e-005, -9.98435974e-006, -9.23610607e-006, 1, 0, -0, 0, 0, 0, 0, 0, 0.362269678, -0.143129565, -0.201148169, 0.236023952, 0.534797937, -0.81128907, -0.947387695, -0.05859375, -0.314208984, -0.215602091, 0.842853795, 0.49296818, 0, 0, -0, 0, 0, 0, 0, 0.372925586, -0.0904088379, -0.184757373, 0.185995203, 0.0402448457, -0.981653763, 0.381225586, -0.923706055, 0.0344238281, -0.905440178, -0.380568492, -0.187254724, 0, 2, 5, 1, 
812.182281, 58, 0.1, 0.1, 0.0162072641, 0.366612984, -0.0199703429, 0.956487221, -0.291774218, -3.98498904e-005, 0.291774218, 0.956487222, -1.80162866e-006, 3.86415798e-005, -9.90393583e-006, 0.999999999, 0.956487256, -0.291774101, -5.63831443e-005, 0.291774101, 0.956487258, -1.12647474e-005, 5.72165206e-005, -5.67655391e-006, 0.999999998, 0, -0, 0, 0, 0, 0, 0, 0.362269678, -0.143129565, -0.201148169, 0.236023952, 0.534797937, -0.81128907, -0.947387695, -0.05859375, -0.314208984, -0.215602091, 0.842853795, 0.49296818, 0, 0, -0, 0, 0, 0, 0, 0.372925586, -0.0904088379, -0.184757373, 0.185995203, 0.0402448457, -0.981653763, 0.381225586, -0.923706055, 0.0344238281, -0.905440178, -0.380568492, -0.187254724, 0, 2, 5, 1, 
812.182966, 58, 0.1, 0.1, 0.0162072565, 0.366612982, -0.0199749182, 0.956487079, -0.291774679, 6.47235989e-005, 0.291774679, 0.956487081, 2.07450031e-005, -6.79601529e-005, -9.57620166e-007, 0.999999998, 0.956487113, -0.291774568, 6.2512923e-005, 0.291774568, 0.956487115, 9.63819473e-006, -6.26049855e-005, 9.02087208e-006, 0.999999998, 0, -0, 0, 0, 0, 0, 0, 0.362269678, -0.143129565, -0.201148169, 0.236023952, 0.534797937, -0.81128907, -0.947387695, -0.05859375, -0.314208984, -0.215602091, 0.842853795, 0.49296818, 0, 0, -0, 0, 0, 0, 0, 0.372925586, -0.0904088379, -0.184757373, 0.185995203, 0.0402448457, -0.981653763, 0.381225586, -0.923706055, 0.0344238281, -0.905440178, -0.380568492, -0.187254724, 0, 2, 5, 1, 
812.183668, 58, 0.1, 0.1, 0.0162072511, 0.366612979, -0.0199777618, 0.95648691, -0.291775241, -2.22411766e-005, 0.291775241, 0.95648691, -5.31553855e-006, 2.28243368e-005, -1.40518161e-006, 1, 0.956486937, -0.291775151, 8.49619442e-006, 0.291775151, 0.956486937, 1.03245943e-006, -8.42774498e-006, 1.49144445e-006, 1, 0, -0, 0, 0, 0, 0, 0, 0.362269678, -0.143129565, -0.201148169, 0.236023952, 0.534797937, -0.81128907, -0.947387695, -0.05859375, -0.314208984, -0.215602091, 0.842853795, 0.49296818, 0, 0, -0, 0, 0, 0, 0, 0.372925586, -0.0904088379, -0.184757373, 0.185995203, 0.0402448457, -0.981653763, 0.381225586, -0.923706055, 0.0344238281, -0.905440178, -0.380568492, -0.187254724, 0, 2, 5, 1, 
812.184372, 58, 0.1, 0.1, 0.0162072624, 0.366612982, -0.0199780433, 0.956486751, -0.291775757, -5.61535944e-005, 0.291775757, 0.956486752, -7.84707784e-006, 5.59997562e-005, -8.87863152e-006, 0.999999998, 0.95648678, -0.29177566, -6.28498266e-005, 0.291775659, 0.956486782, -1.94636592e-005, 6.57940504e-005, 2.78683075e-007, 0.999999998, 0, -0, 0, 0, 0, 0, 0, 0.362269678, -0.143129565, -0.201148169, 0.236023952, 0.534797937, -0.81128907, -0.947387695, -0.05859375, -0.314208984, -0.215602091, 0.842853795, 0.49296818, 0, 0, -0, 0, 0, 0, 0, 0.372925586, -0.0904088379, -0.184757373, 0.185995203, 0.0402448457, -0.981653763, 0.381225586, -0.923706055, 0.0344238281, -0.905440178, -0.380568492, -0.187254724, 0, 2, 5, 1, 
812.185071, 58, 0.1, 0.1, 0.0162072601, 0.366612981, -0.0199758624, 0.956486663, -0.291776047, 5.01838092e-005, 0.291776047, 0.956486664, 8.59297094e-006, -5.05073673e-005, 6.42337138e-006, 0.999999999, 0.956486684, -0.291775977, 3.82314268e-005, 0.291775977, 0.956486685, 1.64475474e-006, -3.70477506e-005, 9.58182593e-006, 0.999999999, 0, -0, 0, 0, 0, 0, 0, 0.362269678, -0.143129565, -0.201148169, 0.236023952, 0.534797937, -0.81128907, -0.947387695, -0.05859375, -0.314208984, -0.215602091, 0.842853795, 0.49296818, 0, 0, -0, 0, 0, 0, 0, 0.372925586, -0.0904088379, -0.184757373, 0.185995203, 0.0402448457, -0.981653763, 0.381225586, -0.923706055, 0.0344238281, -0.905440178, -0.380568492, -0.187254724, 0, 2, 5, 1, 
812.185772, 58, 0.1, 0.1, 0.0162072548, 0.36661298, -0.0199719822, 0.956486541, -0.291776451, -1.41655144e-005, 0.29177645, 0.956486541, -2.26038336e-005, 2.01443902e-005, 1.74870991e-005, 1, 0.95648656, -0.291776388, 1.59553135e-005, 0.291776388, 0.95648656, -8.77817229e-006, -1.26997795e-005, 1.30515876e-005, 1, 0, -0, 0, 0, 0, 0, 0, 0.362269678, -0.143129565, -0.201148169, 0.232288988, 0.537868289, -0.810374705, -0.946655273, -0.0657958984, -0.315185547, -0.222796822, 0.840390028, 0.494059278, 0, 0, -0, 0, 0, 0, 0, 0.372925586, -0.0904088379, -0.184757373, 0.185995203, 0.0402448457, -0.981653763, 0.381225586, -0.923706055, 0.0344238281, -0.905440178, -0.380568492, -0.187254724, 0, 2, 5, 1, 
812.18649, 58, 0.1, 0.1, 0.0162072619, 0.366612982, -0.0199672633, 0.956486533, -0.291776476, -7.80263051e-006, 0.291776476, 0.956486533, -1.81062658e-005, 1.27460934e-005, 1.50417754e-005, 1, 0.956486529, -0.291776488, -3.41675871e-005, 0.291776488, 0.956486529, -9.9768581e-006, 3.55918494e-005, -4.26568186e-007, 0.999999999, 0, -0, 0, 0, 0, 0, 0, 0.363842847, -0.144096362, -0.200428394, 0.232288988, 0.537868289, -0.810374705, -0.946655273, -0.0657958984, -0.315185547, -0.222796822, 0.840390028, 0.494059278, 0, 0, -0, 0, 0, 0, 0, 0.373812939, -0.0917069336, -0.183853906, 0.185120239, 0.0395856987, -0.981915522, 0.387573242, -0.921020508, 0.0358886719, -0.902954544, -0.387143135, -0.185932067, 0, 2, 5, 1, 
812.187188, 58, 0.1, 0.1, 0.0162072548, 0.36661298, -0.0199637094, 0.956486442, -0.291776773, 2.41631235e-005, 0.291776773, 0.956486443, 1.02978081e-005, -2.61163613e-005, -2.79947561e-006, 1, 0.956486467, -0.29177669, 3.7894553e-005, 0.29177669, 0.956486468, 2.07280545e-005, -4.22935903e-005, -8.76935635e-006, 0.999999999, 0, -0, 0, 0, 0, 0, 0, 0.363842847, -0.144096362, -0.200428394, 0.232288988, 0.537868289, -0.810374705, -0.946655273, -0.0657958984, -0.315185547, -0.222796822, 0.840390028, 0.494059278, 0, 0, -0, 0, 0, 0, 0, 0.373812939, -0.0917069336, -0.183853906, 0.185120239, 0.0395856987, -0.981915522, 0.387573242, -0.921020508, 0.0358886719, -0.902954544, -0.387143135, -0.185932067, 0, 2, 5, 1, 
812.187875, 58, 0.1, 0.1, 0.0162072558, 0.366612981, -0.0199621861, 0.956486343, -0.291777099, 5.87381591e-006, 0.291777099, 0.956486343, 1.44342236e-005, -9.82980059e-006, -1.20922928e-005, 1, 0.956486353, -0.291777068, -1.17662131e-005, 0.291777068, 0.956486353, 2.79321358e-006, 1.04392266e-005, -6.10478184e-006, 1, 0, -0, 0, 0, 0, 0, 0, 0.363842847, -0.144096362, -0.200428394, 0.232288988, 0.537868289, -0.810374705, -0.946655273, -0.0657958984, -0.315185547, -0.222796822, 0.840390028, 0.494059278, 0, 0, -0, 0, 0, 0, 0, 0.373812939, -0.0917069336, -0.183853906, 0.185120239, 0.0395856987, -0.981915522, 0.387573242, -0.921020508, 0.0358886719, -0.902954544, -0.387143135, -0.185932067, 0, 2, 5, 1, 
812.1886, 58, 0.1, 0.1, 0.0162072543, 0.366612981, -0.0199626816, 0.956486362, -0.291777035, -1.37389877e-006, 0.291777035, 0.956486362, 6.93349901e-006, -7.08920349e-007, -7.03266936e-006, 1, 0.956486351, -0.291777072, -3.44301626e-006, 0.291777072, 0.956486351, -1.2694556e-005, 6.99717843e-006, 1.11375763e-005, 1, 0, -0, 0, 0, 0, 0, 0, 0.365189966, -0.145320337, -0.199955542, 0.228446561, 0.540253428, -0.809898427, -0.946044922, -0.0725097656, -0.315307617, -0.22910939, 0.838281972, 0.494725394, 0, 0, -0, 0, 0, 0, 0, 0.374941846, -0.0929884277, -0.182722314, 0.184475318, 0.0391693549, -0.982030361, 0.393920898, -0.918334961, 0.0373535156, -0.900321988, -0.393692258, -0.184839452, 0, 2, 5, 1, 
812.189298, 58, 0.1, 0.1, 0.0162072552, 0.366612981, -0.0199651409, 0.956486428, -0.291776819, -1.45206263e-005, 0.291776819, 0.956486428, -1.1103469e-005, 1.71285168e-005, 6.38353525e-006, 1, 0.956486409, -0.291776882, -1.02002466e-005, 0.291776882, 0.956486409, -1.61878953e-005, 1.44796509e-005, 1.25073057e-005, 1, 0, -0, 0, 0, 0, 0, 0, 0.365189966, -0.145320337, -0.199955542, 0.228446561, 0.540253428, -0.809898427, -0.946044922, -0.0725097656, -0.315307617, -0.22910939, 0.838281972, 0.494725394, 0, 0, -0, 0, 0, 0, 0, 0.374941846, -0.0929884277, -0.182722314, 0.184475318, 0.0391693549, -0.982030361, 0.393920898, -0.918334961, 0.0373535156, -0.900321988, -0.393692258, -0.184839452, 0, 2, 5, 1, 
812.189983, 58, 0.1, 0.1, 0.0162072542, 0.36661298, -0.0199687286, 0.956486575, -0.29177634, 3.36290812e-006, 0.29177634, 0.956486575, -8.86946795e-006, -6.28675568e-007, 9.46474404e-006, 1, 0.956486538, -0.291776459, 1.40324974e-005, 0.291776459, 0.956486538, -7.84541748e-007, -1.31929841e-005, 4.84475602e-006, 1, 0, -0, 0, 0, 0, 0, 0, 0.365189966, -0.145320337, -0.199955542, 0.228446561, 0.540253428, -0.809898427, -0.946044922, -0.0725097656, -0.315307617, -0.22910939, 0.838281972, 0.494725394, 0, 0, -0, 0, 0, 0, 0, 0.374941846, -0.0929884277, -0.182722314, 0.184475318, 0.0391693549, -0.982030361, 0.393920898, -0.918334961, 0.0373535156, -0.900321988, -0.393692258, -0.184839452, 0, 2, 5, 1, 
812.190687, 58, 0.1, 0.1, 0.0162072592, 0.36661298, -0.0199723639, 0.956486806, -0.291775583, -8.48743376e-006, 0.291775583, 0.956486806, -5.08433351e-006, 9.60160278e-006, 2.38667199e-006, 1, 0.956486759, -0.291775735, -2.83385921e-005, 0.291775735, 0.956486759, 1.84280059e-006, 2.65678036e-005, -1.00311279e-005, 1, 0, -0, 0, 0, 0, 0, 0, 0.365189966, -0.145320337, -0.199955542, 0.228446561, 0.540253428, -0.809898427, -0.946044922, -0.0725097656, -0.315307617, -0.22910939, 0.838281972, 0.494725394, 0, 0, -0, 0, 0, 0, 0, 0.374941846, -0.0929884277, -0.182722314, 0.184475318, 0.0391693549, -0.982030361, 0.393920898, -0.918334961, 0.0373535156, -0.900321988, -0.393692258, -0.184839452, 0, 2, 5, 1, 
812.191393, 58, 0.1, 0.1, 0.0162072538, 0.366612976, -0.019974908, 0.956486942, -0.291775135, 1.96877942e-005, 0.291775135, 0.956486942, 1.75391068e-005, -2.39485933e-005, -1.10315178e-005, 1, 0.956486923, -0.291775198, 2.87645006e-005, 0.291775197, 0.956486923, 2.44092601e-005, -3.46348854e-005, -1.49543703e-005, 0.999999999, 0, -0, 0, 0, 0, 0, 0, 0.365189966, -0.145320337, -0.199955542, 0.228446561, 0.540253428, -0.809898427, -0.946044922, -0.0725097656, -0.315307617, -0.22910939, 0.838281972, 0.494725394, 0, 0, -0, 0, 0, 0, 0, 0.374941846, -0.0929884277, -0.182722314, 0.184475318, 0.0391693549, -0.982030361, 0.393920898, -0.918334961, 0.0373535156, -0.900321988, -0.393692258, -0.184839452, 0, 2, 5, 1, 
812.192099, 58, 0.1, 0.1, 0.016207259, 0.366612978, -0.0199756717, 0.956487066, -0.291774725, -4.14661149e-005, 0.291774725, 0.956487067, -1.12959761e-005, 4.29576829e-005, -1.29430923e-006, 0.999999999, 0.956487038, -0.291774818, -4.11904093e-005, 0.291774818, 0.956487039, -1.5807869e-005, 4.40104307e-005, 3.10169764e-006, 0.999999999, 0, -0, 0, 0, 0, 0, 0, 0.365189966, -0.145320337, -0.199955542, 0.228446561, 0.540253428, -0.809898427, -0.946044922, -0.0725097656, -0.315307617, -0.22910939, 0.838281972, 0.494725394, 0, 0, -0, 0, 0, 0, 0, 0.374941846, -0.0929884277, -0.182722314, 0.184475318, 0.0391693549, -0.982030361, 0.393920898, -0.918334961, 0.0373535156, -0.900321988, -0.393692258, -0.184839452, 0, 2, 5, 1, 
812.192788, 58, 0.1, 0.1, 0.0162072585, 0.366612977, -0.019974592, 0.956487191, -0.29177432, 2.76154654e-005, 0.291774319, 0.956487191, 7.03547767e-006, -2.84666106e-005, 1.32813935e-006, 1, 0.956487167, -0.291774398, 2.04838485e-005, 0.291774397, 0.956487167, 8.69491865e-006, -2.21294929e-005, -2.33991554e-006, 1, 0, -0, 0, 0, 0, 0, 0, 0.365189966, -0.145320337, -0.199955542, 0.228446561, 0.540253428, -0.809898427, -0.946044922, -0.0725097656, -0.315307617, -0.22910939, 0.838281972, 0.494725394, 0, 0, -0, 0, 0, 0, 0, 0.374941846, -0.0929884277, -0.182722314, 0.184475318, 0.0391693549, -0.982030361, 0.393920898, -0.918334961, 0.0373535156, -0.900321988, -0.393692258, -0.184839452, 0, 2, 5, 1, 
812.193891, 58, 0.1, 0.1, 0.0162072637, 0.366612977, -0.0199665186, 0.95648736, -0.291773763, -3.67350299e-005, 0.291773763, 0.956487361, -3.90378988e-006, 3.62756152e-005, -6.98439222e-006, 0.999999999, 0.956487328, -0.291773868, -3.93245221e-005, 0.291773868, 0.956487329, -1.43303078e-005, 4.17946165e-005, 2.23288988e-006, 0.999999999, 0, -0, 0, 0, 0, 0, 0, 0.366209473, -0.146088306, -0.199721558, 0.222579575, 0.54284151, -0.809745659, -0.945922852, -0.0804443359, -0.313964844, -0.235719259, 0.835894589, 0.495689934, 0, 0, -0, 0, 0, 0, 0, 0.375689795, -0.0942484375, -0.182472949, 0.181523766, 0.0391427355, -0.98259216, 0.400634766, -0.915405273, 0.0375976563, -0.897931869, -0.400445905, -0.181829932, 0, 2, 5, 1, 
812.195026, 58, 0.1, 0.1, 0.0162072557, 0.366612973, -0.0199520583, 0.956487513, -0.291773265, 1.37243618e-005, 0.291773265, 0.956487513, 3.7764194e-006, -1.42290389e-005, 3.92303864e-007, 1, 0.956487491, -0.291773335, 3.92202317e-005, 0.291773334, 0.956487491, 2.34677584e-005, -4.43609272e-005, -1.10031996e-005, 0.999999999, 0, -0, 0, 0, 0, 0, 0, 0.366209473, -0.146088306, -0.199721558, 0.222579575, 0.54284151, -0.809745659, -0.945922852, -0.0804443359, -0.313964844, -0.235719259, 0.835894589, 0.495689934, 0, 0, -0, 0, 0, 0, 0, 0.375689795, -0.0942484375, -0.182472949, 0.181523766, 0.0391427355, -0.98259216, 0.400634766, -0.915405273, 0.0375976563, -0.897931869, -0.400445905, -0.181829932, 0, 2, 5, 1, 
812.196119, 58, 0.1, 0.1, 0.016207262, 0.366612979, -0.0199398605, 0.956487541, -0.291773168, 4.70523795e-005, 0.291773168, 0.956487542, -3.29213239e-006, -4.40444589e-005, 1.68775054e-005, 0.999999999, 0.956487572, -0.291773069, -8.40075958e-006, 0.291773068, 0.956487572, -4.61954168e-005, 2.15138006e-005, 4.17342266e-005, 0.999999999, 0, -0, 0, 0, 0, 0, 0, 0.366209473, -0.146088306, -0.199721558, 0.222579575, 0.54284151, -0.809745659, -0.945922852, -0.0804443359, -0.313964844, -0.235719259, 0.835894589, 0.495689934, 0, 0, -0, 0, 0, 0, 0, 0.375689795, -0.0942484375, -0.182472949, 0.181523766, 0.0391427355, -0.98259216, 0.400634766, -0.915405273, 0.0375976563, -0.897931869, -0.400445905, -0.181829932, 0, 2, 5, 1, 
812.19725, 58, 0.1, 0.1, 0.0162072613, 0.366612972, -0.0199341454, 0.956487135, -0.291774493, -6.94973848e-005, 0.291774491, 0.956487138, -4.18278349e-005, 7.867765e-005, 1.97302219e-005, 0.999999997, 0.956487227, -0.291774198, -3.8588544e-005, 0.291774198, 0.956487228, -1.71963805e-005, 4.19269096e-005, 5.18897685e-006, 0.999999999, 0, -0, 0, 0, 0, 0, 0, 0.366209473, -0.146088306, -0.199721558, 0.222579575, 0.54284151, -0.809745659, -0.945922852, -0.0804443359, -0.313964844, -0.235719259, 0.835894589, 0.495689934, 0, 0, -0, 0, 0, 0, 0, 0.375689795, -0.0942484375, -0.182472949, 0.181523766, 0.0391427355, -0.98259216, 0.400634766, -0.915405273, 0.0375976563, -0.897931869, -0.400445905, -0.181829932, 0, 2, 5, 1, 
812.198415, 58, 0.1, 0.1, 0.0162072559, 0.366612969, -0.0199359741, 0.956486797, -0.291775604, 6.4150648e-005, 0.291775602, 0.956486799, 3.25018322e-005, -7.08424897e-005, -1.23699794e-005, 0.999999997, 0.956486855, -0.291775413, 7.24585065e-005, 0.291775413, 0.956486857, 1.61511945e-005, -7.40181306e-005, 5.69320546e-006, 0.999999997, 0, -0, 0, 0, 0, 0, 0, 0.367234473, -0.146863721, -0.199268359, 0.216858244, 0.545289929, -0.809650179, -0.9453125, -0.0891113281, -0.313232422, -0.242970157, 0.833405735, 0.496292771, 0, 0, -0, 0, 0, 0, 0, 0.376234521, -0.0952986328, -0.182218701, 0.178789499, 0.039032994, -0.983007037, 0.407836914, -0.912231445, 0.0379638672, -0.895273427, -0.407576516, -0.179050455, 0, 2, 5, 1, 
812.199527, 58, 0.1, 0.1, 0.0162072635, 0.366612974, -0.0199440674, 0.956486448, -0.291776754, -1.81305375e-005, 0.291776753, 0.956486448, -4.62247906e-005, 3.08289328e-005, 3.89233164e-005, 0.999999999, 0.95648654, -0.291776451, -4.86707673e-005, 0.291776449, 0.95648654, -4.64591834e-005, 6.01086295e-005, 3.02365999e-005, 0.999999998, 0, -0, 0, 0, 0, 0, 0, 0.367234473, -0.146863721, -0.199268359, 0.216858244, 0.545289929, -0.809650179, -0.9453125, -0.0891113281, -0.313232422, -0.242970157, 0.833405735, 0.496292771, 0, 0, -0, 0, 0, 0, 0, 0.376234521, -0.0952986328, -0.182218701, 0.178789499, 0.039032994, -0.983007037, 0.407836914, -0.912231445, 0.0379638672, -0.895273427, -0.407576516, -0.179050455, 0, 2, 5, 1, 
812.200706, 58, 0.1, 0.1, 0.0162072577, 0.366612966, -0.0199546313, 0.956485723, -0.291779131, -3.22290992e-005, 0.291779131, 0.956485723, -1.02099815e-005, 3.38057328e-005, 3.61923018e-007, 0.999999999, 0.956485904, -0.291778537, 1.11950211e-005, 0.291778536, 0.956485904, 4.09791615e-005, -2.26647196e-005, -3.59295235e-005, 0.999999999, 0, -0, 0, 0, 0, 0, 0, 0.367234473, -0.146863721, -0.199268359, 0.211085616, 0.548283897, -0.809135709, -0.944458008, -0.0983886719, -0.313110352, -0.251325257, 0.830459698, 0.497200022, 0, 0, -0, 0, 0, 0, 0, 0.376234521, -0.0952986328, -0.182218701, 0.175857271, 0.0396833784, -0.983543316, 0.416381836, -0.908325195, 0.0378417969, -0.891899335, -0.416100148, -0.176283738, 0, 2, 5, 1, 
812.201812, 58, 0.1, 0.1, 0.0162072644, 0.366612967, -0.0199613388, 0.956485097, -0.291781183, 2.39883491e-005, 0.291781183, 0.956485097, 7.83939816e-006, -2.52318873e-005, -4.98918632e-007, 1, 0.956485207, -0.291780824, 2.91020147e-006, 0.291780824, 0.956485207, 8.99682567e-006, -5.40866586e-006, -7.75618968e-006, 1, 0, -0, 0, 0, 0, 0, 0, 0.368253491, -0.147166162, -0.198792822, 0.211085616, 0.548283897, -0.809135709, -0.944458008, -0.0983886719, -0.313110352, -0.251325257, 0.830459698, 0.497200022, 0, 0, -0, 0, 0, 0, 0, 0.377004443, -0.0956581055, -0.181749512, 0.175857271, 0.0396833784, -0.983543316, 0.416381836, -0.908325195, 0.0378417969, -0.891899335, -0.416100148, -0.176283738, 0, 2, 5, 1, 
812.202924, 58, 0.1, 0.1, 0.0162072673, 0.366612969, -0.0199630884, 0.956484748, -0.291782325, -4.10783623e-005, 0.291782325, 0.956484749, 1.72687149e-005, 3.42521213e-005, -2.85032025e-005, 0.999999999, 0.956484787, -0.291782196, -4.33328117e-005, 0.291782196, 0.956484788, 4.28978353e-006, 4.01954927e-005, -1.67468557e-005, 0.999999999, 0, -0, 0, 0, 0, 0, 0, 0.368253491, -0.147166162, -0.198792822, 0.211085616, 0.548283897, -0.809135709, -0.944458008, -0.0983886719, -0.313110352, -0.251325257, 0.830459698, 0.497200022, 0, 0, -0, 0, 0, 0, 0, 0.377004443, -0.0956581055, -0.181749512, 0.175857271, 0.0396833784, -0.983543316, 0.416381836, -0.908325195, 0.0378417969, -0.891899335, -0.416100148, -0.176283738, 0, 2, 5, 1, 
812.204046, 58, 0.1, 0.1, 0.0162072572, 0.366612965, -0.019959332, 0.956484596, -0.291782826, 2.83263891e-005, 0.291782826, 0.956484596, 3.11460302e-006, -2.80025425e-005, 5.28608405e-006, 1, 0.956484635, -0.291782695, 4.88992526e-005, 0.291782695, 0.956484636, 1.73339175e-005, -5.18291209e-005, -2.31167005e-006, 0.999999999, 0, -0, 0, 0, 0, 0, 0, 0.368253491, -0.147166162, -0.198792822, 0.211085616, 0.548283897, -0.809135709, -0.944458008, -0.0983886719, -0.313110352, -0.251325257, 0.830459698, 0.497200022, 0, 0, -0, 0, 0, 0, 0, 0.377004443, -0.0956581055, -0.181749512, 0.175857271, 0.0396833784, -0.983543316, 0.416381836, -0.908325195, 0.0378417969, -0.891899335, -0.416100148, -0.176283738, 0, 2, 5, 1, 
812.205158, 58, 0.1, 0.1, 0.016207257, 0.366612969, -0.0199524575, 0.956484361, -0.291783592, 5.19851641e-005, 0.291783592, 0.956484362, 5.65434366e-006, -5.13728412e-005, 9.76012662e-006, 0.999999999, 0.956484438, -0.291783343, 7.42753705e-006, 0.291783343, 0.956484438, -3.07561767e-005, 1.86981645e-006, 3.1585036e-005, 0.999999999, 0, -0, 0, 0, 0, 0, 0, 0.368253491, -0.147166162, -0.198792822, 0.211085616, 0.548283897, -0.809135709, -0.944458008, -0.0983886719, -0.313110352, -0.251325257, 0.830459698, 0.497200022, 0, 0, -0, 0, 0, 0, 0, 0.377004443, -0.0956581055, -0.181749512, 0.175857271, 0.0396833784, -0.983543316, 0.416381836, -0.908325195, 0.0378417969, -0.891899335, -0.416100148, -0.176283738, 0, 2, 5, 1, 
812.205872, 58, 0.1, 0.1, 0.0162072516, 0.366612964, -0.01995075, 0.956484044, -0.291784635, -3.05226895e-005, 0.291784634, 0.956484044, -3.71119769e-005, 4.00231701e-005, 2.65909619e-005, 0.999999999, 0.956484109, -0.291784422, 5.3180474e-006, 0.291784422, 0.956484109, 8.78221314e-006, -7.64914081e-006, -6.84832393e-006, 1, 0, -0, 0, 0, 0, 0, 0, 0.369239917, -0.147231079, -0.198539917, 0.204646872, 0.551582279, -0.808646326, -0.943725586, -0.107543945, -0.312255859, -0.25920408, 0.827094671, 0.498729207, 0, 0, -0, 0, 0, 0, 0, 0.377193359, -0.0957411133, -0.182162793, 0.170995377, 0.0410366527, -0.984341355, 0.424926758, -0.904418945, 0.0361328125, -0.888850803, -0.424304417, -0.172194363, 0, 2, 5, 1, 
812.206556, 58, 0.1, 0.1, 0.0162072624, 0.366612972, -0.0199548644, 0.956483777, -0.291785508, -3.60554107e-005, 0.291785509, 0.956483778, 1.36290195e-005, 3.0509665e-005, -2.35563824e-005, 0.999999999, 0.956483823, -0.291785354, -5.67018642e-005, 0.291785353, 0.956483825, -3.08033719e-005, 6.32223887e-005, 1.29181534e-005, 0.999999998, 0, -0, 0, 0, 0, 0, 0, 0.369239917, -0.147231079, -0.198539917, 0.204646872, 0.551582279, -0.808646326, -0.943725586, -0.107543945, -0.312255859, -0.25920408, 0.827094671, 0.498729207, 0, 0, -0, 0, 0, 0, 0, 0.377193359, -0.0957411133, -0.182162793, 0.170995377, 0.0410366527, -0.984341355, 0.424926758, -0.904418945, 0.0361328125, -0.888850803, -0.424304417, -0.172194363, 0, 2, 5, 1, 
812.207243, 58, 0.1, 0.1, 0.0162072548, 0.366612962, -0.0199630769, 0.95648371, -0.291785726, 5.45114187e-005, 0.291785725, 0.956483711, 1.90342486e-005, -5.76932061e-005, -2.30029489e-006, 0.999999998, 0.95648371, -0.291785724, 5.53320049e-005, 0.291785721, 0.956483712, 4.81727895e-005, -6.69802936e-005, -2.99313995e-005, 0.999999997, 0, -0, 0, 0, 0, 0, 0, 0.369239917, -0.147231079, -0.198539917, 0.204646872, 0.551582279, -0.808646326, -0.943725586, -0.107543945, -0.312255859, -0.25920408, 0.827094671, 0.498729207, 0, 0, -0, 0, 0, 0, 0, 0.377193359, -0.0957411133, -0.182162793, 0.170995377, 0.0410366527, -0.984341355, 0.424926758, -0.904418945, 0.0361328125, -0.888850803, -0.424304417, -0.172194363, 0, 2, 5, 1, 
812.20793, 58, 0.1, 0.1, 0.016207256, 0.366612975, -0.0199724873, 0.95648385, -0.291785268, -5.45010305e-005, 0.291785262, 0.956483849, -8.79362638e-005, 7.77878617e-005, 6.82070186e-005, 0.999999995, 0.956483805, -0.291785417, -3.4604218e-005, 0.291785413, 0.956483803, -8.97043734e-005, 5.9272802e-005, 7.57037743e-005, 0.999999995, 0, -0, 0, 0, 0, 0, 0, 0.369239917, -0.147231079, -0.198539917, 0.204646872, 0.551582279, -0.808646326, -0.943725586, -0.107543945, -0.312255859, -0.25920408, 0.827094671, 0.498729207, 0, 0, -0, 0, 0, 0, 0, 0.377193359, -0.0957411133, -0.182162793, 0.170995377, 0.0410366527, -0.984341355, 0.424926758, -0.904418945, 0.0361328125, -0.888850803, -0.424304417, -0.172194363, 0, 2, 5, 1, 
812.208617, 58, 0.1, 0.1, 0.0162072681, 0.366612978, -0.0199803025, 0.956484151, -0.291784282, -4.71672331e-005, 0.291784284, 0.95648415, 3.80608407e-005, 3.40091558e-005, -5.01672483e-005, 0.999999998, 0.956484078, -0.291784519, -6.2474973e-005, 0.29178452, 0.956484079, 8.27274075e-006, 5.73424593e-005, -2.61419748e-005, 0.999999998, 0, -0, 0, 0, 0, 0, 0, 0.369239917, -0.147231079, -0.198539917, 0.204646872, 0.551582279, -0.808646326, -0.943725586, -0.107543945, -0.312255859, -0.25920408, 0.827094671, 0.498729207, 0, 0, -0, 0, 0, 0, 0, 0.377193359, -0.0957411133, -0.182162793, 0.170995377, 0.0410366527, -0.984341355, 0.424926758, -0.904418945, 0.0361328125, -0.888850803, -0.424304417, -0.172194363, 0, 2, 5, 1, 
812.209368, 58, 0.1, 0.1, 0.0162072615, 0.36661296, -0.0199844945, 0.956484684, -0.291782529, 6.96547453e-005, 0.291782523, 0.956484684, 8.83788167e-005, -9.24110917e-005, -6.42089472e-005, 0.999999994, 0.956484576, -0.291782885, 5.54182e-005, 0.291782879, 0.956484575, 9.2878827e-005, -8.01071056e-005, -7.26670836e-005, 0.999999994, 0, -0, 0, 0, 0, 0, 0, 0.369239917, -0.147231079, -0.198539917, 0.204646872, 0.551582279, -0.808646326, -0.943725586, -0.107543945, -0.312255859, -0.25920408, 0.827094671, 0.498729207, 0, 0, -0, 0, 0, 0, 0, 0.377193359, -0.0957411133, -0.182162793, 0.170995377, 0.0410366527, -0.984341355, 0.424926758, -0.904418945, 0.0361328125, -0.888850803, -0.424304417, -0.172194363, 0, 2, 5, 1, 
812.210055, 58, 0.1, 0.1, 0.016207247, 0.366612952, -0.0199835878, 0.956485248, -0.291780682, 5.64806458e-005, 0.291780683, 0.95648525, -9.80048714e-006, -5.11633118e-005, 2.58539828e-005, 0.999999998, 0.956485128, -0.291781073, 7.09439245e-005, 0.291781072, 0.956485131, 1.33016287e-005, -7.17379724e-005, 7.97728428e-006, 0.999999997, 0, -0, 0, 0, 0, 0, 0, 0.369239917, -0.147231079, -0.198539917, 0.204646872, 0.551582279, -0.808646326, -0.943725586, -0.107543945, -0.312255859, -0.25920408, 0.827094671, 0.498729207, 0, 0, -0, 0, 0, 0, 0, 0.377193359, -0.0957411133, -0.182162793, 0.170995377, 0.0410366527, -0.984341355, 0.424926758, -0.904418945, 0.0361328125, -0.888850803, -0.424304417, -0.172194363, 0, 2, 5, 1, 
812.210762, 58, 0.1, 0.1, 0.0162072492, 0.366612959, -0.0199785741, 0.956485955, -0.291778367, -4.81893469e-005, 0.291778366, 0.956485956, -3.32043554e-005, 5.57807462e-005, 1.76988907e-005, 0.999999998, 0.956485812, -0.291778836, -3.66256001e-005, 0.291778835, 0.956485813, -4.48070594e-005, 4.81056185e-005, 3.21707417e-005, 0.999999998, 0, -0, 0, 0, 0, 0, 0, 0.370697852, -0.147568799, -0.198086719, 0.19866531, 0.553871938, -0.808550846, -0.942993164, -0.116333008, -0.311401367, -0.266537353, 0.824383778, 0.499332044, 0, 0, -0, 0, 0, 0, 0, 0.377655322, -0.095863916, -0.182347949, 0.166861892, 0.0417701592, -0.984992472, 0.433105469, -0.900634766, 0.03515625, -0.885725711, -0.432451084, -0.168335031, 0, 2, 5, 1, 
812.21145, 58, 0.1, 0.1, 0.0162072534, 0.366612958, -0.0199715261, 0.956486713, -0.291775885, 2.70798108e-005, 0.291775884, 0.956486713, 1.20061621e-005, -2.94045878e-005, -3.58249873e-006, 1, 0.956486558, -0.291776395, -8.39652912e-006, 0.291776395, 0.956486558, 1.48748387e-005, 3.69104043e-006, -1.66774922e-005, 1, 0, -0, 0, 0, 0, 0, 0, 0.370697852, -0.147568799, -0.198086719, 0.19866531, 0.553871938, -0.808550846, -0.942993164, -0.116333008, -0.311401367, -0.266537353, 0.824383778, 0.499332044, 0, 0, -0, 0, 0, 0, 0, 0.377655322, -0.095863916, -0.182347949, 0.166861892, 0.0417701592, -0.984992472, 0.433105469, -0.900634766, 0.03515625, -0.885725711, -0.432451084, -0.168335031, 0, 2, 5, 1, 
812.212146, 58, 0.1, 0.1, 0.0162072429, 0.366612958, -0.0199646843, 0.956487504, -0.291773291, 2.08918164e-005, 0.291773291, 0.956487505, 6.81739681e-006, -2.19718957e-005, -4.25080821e-007, 1, 0.956487341, -0.291773822, 5.17718883e-005, 0.291773823, 0.956487342, -5.77299078e-006, -4.78347483e-005, 2.06274744e-005, 0.999999999, 0, -0, 0, 0, 0, 0, 0, 0.370697852, -0.147568799, -0.198086719, 0.19866531, 0.553871938, -0.808550846, -0.942993164, -0.116333008, -0.311401367, -0.266537353, 0.824383778, 0.499332044, 0, 0, -0, 0, 0, 0, 0, 0.377655322, -0.095863916, -0.182347949, 0.166861892, 0.0417701592, -0.984992472, 0.433105469, -0.900634766, 0.03515625, -0.885725711, -0.432451084, -0.168335031, 0, 2, 5, 1, 
812.212829, 58, 0.1, 0.1, 0.016207248, 0.366612959, -0.0199598663, 0.956488088, -0.291771378, -1.73244188e-005, 0.291771377, 0.956488088, -9.82894236e-006, 1.94384043e-005, 4.34649675e-006, 1, 0.956487985, -0.291771714, -3.15490501e-005, 0.291771713, 0.956487986, -2.38629747e-005, 3.71388284e-005, 1.36195282e-005, 0.999999999, 0, -0, 0, 0, 0, 0, 0, 0.370697852, -0.147568799, -0.198086719, 0.19866531, 0.553871938, -0.808550846, -0.942993164, -0.116333008, -0.311401367, -0.266537353, 0.824383778, 0.499332044, 0, 0, -0, 0, 0, 0, 0, 0.377655322, -0.095863916, -0.182347949, 0.166861892, 0.0417701592, -0.984992472, 0.433105469, -0.900634766, 0.03515625, -0.885725711, -0.432451084, -0.168335031, 0, 2, 5, 1, 
812.213541, 58, 0.1, 0.1, 0.0162072446, 0.366612956, -0.0199579439, 0.956488595, -0.291769718, 5.37843926e-006, 0.291769718, 0.956488594, -2.40354061e-005, 1.86838785e-006, 2.45588575e-005, 1, 0.956488499, -0.291770032, 1.99219008e-005, 0.291770031, 0.956488499, 1.13432809e-005, -2.23646984e-005, -5.03710404e-006, 1, 0, -0, 0, 0, 0, 0, 0, 0.371680005, -0.147945215, -0.197889966, 0.192030737, 0.555374914, -0.809096395, -0.942626953, -0.124389648, -0.309326172, -0.27253128, 0.822168259, 0.499789226, 0, 0, -0, 0, 0, 0, 0, 0.377875732, -0.0964478516, -0.182539697, 0.162498364, 0.0420629019, -0.985777751, 0.440551758, -0.896972656, 0.0343017578, -0.88274754, -0.439907621, -0.164367058, 0, 2, 5, 1, 
812.214229, 58, 0.1, 0.1, 0.0162072443, 0.366612958, -0.0199597436, 0.956489007, -0.291768365, -1.51626684e-005, 0.291768366, 0.956489007, 2.7478136e-005, 6.48567479e-006, -3.0706522e-005, 1, 0.95648894, -0.291768586, 5.72087237e-006, 0.291768586, 0.95648894, -3.30139217e-006, -4.50870862e-006, 4.82691594e-006, 1, 0, -0, 0, 0, 0, 0, 0, 0.371680005, -0.147945215, -0.197889966, 0.192030737, 0.555374914, -0.809096395, -0.942626953, -0.124389648, -0.309326172, -0.27253128, 0.822168259, 0.499789226, 0, 0, -0, 0, 0, 0, 0, 0.377875732, -0.0964478516, -0.182539697, 0.162498364, 0.0420629019, -0.985777751, 0.440551758, -0.896972656, 0.0343017578, -0.88274754, -0.439907621, -0.164367058, 0, 2, 5, 1, 
812.21491, 58, 0.1, 0.1, 0.0162072465, 0.36661295, -0.0199644348, 0.956489371, -0.291767174, -5.31939648e-006, 0.291767174, 0.95648937, 1.14347118e-005, 1.75167264e-006, -1.24892056e-005, 1, 0.956489305, -0.291767389, -1.40859035e-005, 0.291767389, 0.956489304, 3.71071294e-005, 2.64636576e-006, -3.96023797e-005, 0.999999999, 0, -0, 0, 0, 0, 0, 0, 0.371680005, -0.147945215, -0.197889966, 0.192030737, 0.555374914, -0.809096395, -0.942626953, -0.124389648, -0.309326172, -0.27253128, 0.822168259, 0.499789226, 0, 0, -0, 0, 0, 0, 0, 0.377875732, -0.0964478516, -0.182539697, 0.162498364, 0.0420629019, -0.985777751, 0.440551758, -0.896972656, 0.0343017578, -0.88274754, -0.439907621, -0.164367058, 0, 2, 5, 1, 
812.215667, 58, 0.1, 0.1, 0.0162072422, 0.36661296, -0.0199705556, 0.956489725, -0.291766013, 1.20803824e-005, 0.291766013, 0.956489723, -6.18251904e-005, 6.48372769e-006, 6.26598043e-005, 0.999999998, 0.95648966, -0.291766224, 2.154157e-005, 0.291766225, 0.956489658, -6.74610214e-005, -9.21441435e-007, 7.0810872e-005, 0.999999997, 0, -0, 0, 0, 0, 0, 0, 0.371680005, -0.147945215, -0.197889966, 0.192030737, 0.555374914, -0.809096395, -0.942626953, -0.124389648, -0.309326172, -0.27253128, 0.822168259, 0.499789226, 0, 0, -0, 0, 0, 0, 0, 0.377875732, -0.0964478516, -0.182539697, 0.162498364, 0.0420629019, -0.985777751, 0.440551758, -0.896972656, 0.0343017578, -0.88274754, -0.439907621, -0.164367058, 0, 2, 5, 1, 
