time, trialNum, realDorsalTactorPos, realVentralTactorPos, boxPosX, boxPosY, boxPosZ, boxLocalRot_11, boxLocalRot_12, boxLocalRot_13, boxLocalRot_21, boxLocalRot_22, boxLocalRot_23, boxLocalRot_31, boxLocalRot_32, boxLocalRot_33, boxGlobalRot_11, boxGlobalRot_12, boxGlobalRot_13, boxGlobalRot_21, boxGlobalRot_22, boxGlobalRot_23, boxGlobalRot_31, boxGlobalRot_32, boxGlobalRot_33, indexForceX, indexForceY, indexForceZ, indexForceGlobalX, indexForceGlobalY, indexForceGlobalZ, indexContact, indexPosX, indexPosY, indexPosZ, indexRot_11, indexRot_12, indexRot_13, indexRot_21, indexRot_22, indexRot_23, indexRot_31, indexRot_32, indexRot_33, thumbForceX, thumbForceY, thumbForceZ, thumbForceGlobalX, thumbForceGlobalY, thumbForceGlobalZ, thumbContact, thumbPosX, thumbPosY, thumbPosZ, thumbRot_11, thumbRot_12, thumbRot_13, thumbRot_21, thumbRot_22, thumbRot_23, thumbRot_31, thumbRot_32, thumbRot_33, manipForceTooHigh, cceExpType, mapping, trialSuccess, 
816.808386, 59, 0.1, 0.1, 0.00845472906, 0.375314469, -0.0199644625, 0.997043733, -1.39153823e-005, 0.0768361503, 0.0768361507, 2.82508372e-005, -0.997043733, 1.17035592e-005, 1, 2.92365246e-005, 0.99704373, -2.03015148e-005, 0.076836195, 0.0768361956, 2.94261808e-005, -0.997043729, 1.79805023e-005, 0.999999999, 3.08990802e-005, 0, 0, 0, 0, 0, 0, 0, 0.348789893, -0.193309033, -0.19287334, -0.0387454605, 0.130409136, -0.990649343, -0.983276367, -0.181152344, 0.0146484375, -0.177520936, 0.974754661, 0.135398445, 0, 0, -0, 0, 0, 0, 0, 0.366135059, -0.12433584, -0.184144141, 0.0767899355, -0.07463795, -0.994248772, 0.459594727, -0.882202148, 0.101806641, -0.884759524, -0.464693131, -0.0335544705, 0, 2, 5, 1, 
816.811975, 59, 0.1, 0.1, 0.00845469824, 0.37531449, -0.0199757186, 0.997043341, -2.88922265e-005, 0.0768412286, 0.0768412271, -5.18896588e-005, -0.997043341, 3.27940672e-005, 0.999999998, -4.95161247e-005, 0.997043374, -4.01757455e-005, 0.0768408008, 0.0768407985, -5.45789668e-005, -0.997043374, 4.42508523e-005, 0.999999998, -5.13304608e-005, 0, 0, 0, 0, 0, 0, 0, 0.35181897, -0.196139038, -0.19196499, -0.0399125604, 0.131975391, -0.990464374, -0.980957031, -0.193237305, 0.0137939453, -0.189571687, 0.972158344, 0.13734662, 0, 0, -0, 0, 0, 0, 0, 0.368067236, -0.126586621, -0.183167187, 0.0775318381, -0.0788691493, -0.993775559, 0.468261719, -0.877075195, 0.106201172, -0.880140067, -0.473484352, -0.0310498796, 0, 2, 5, 1, 
816.812713, 59, 0.1, 0.1, 0.00845469435, 0.37531449, -0.0199814511, 0.997043164, 3.84386179e-005, 0.076843524, 0.0768435227, 3.41816159e-005, -0.997043164, -4.09515971e-005, 0.999999999, 3.11267877e-005, 0.997043198, 3.69396556e-005, 0.0768430902, 0.0768430893, 2.43599037e-005, -0.997043198, -3.87023227e-005, 0.999999999, 2.1449319e-005, 0, 0, 0, 0, 0, 0, 0, 0.354150366, -0.196033691, -0.191712207, -0.0417135761, 0.134182675, -0.990044262, -0.978759766, -0.204101563, 0.013671875, -0.200162525, 0.969707681, 0.139999103, 0, 0, -0, 0, 0, 0, 0, 0.369512646, -0.127238184, -0.182923682, 0.0780243742, -0.0799052609, -0.993743476, 0.474609375, -0.873535156, 0.107543945, -0.876651504, -0.479975873, -0.0301873086, 0, 2, 5, 1, 
816.813401, 59, 0.1, 0.1, 0.00845469325, 0.375314486, -0.0199828772, 0.997043, -2.0477044e-005, 0.0768456636, 0.0768456635, -6.60323262e-006, -0.997043, 2.09239231e-005, 1, -5.01013483e-006, 0.997043034, -8.58766637e-006, 0.0768452273, 0.0768452274, 1.22252546e-005, -0.997043034, 7.62282046e-006, 1, 1.28490262e-005, 0, 0, 0, 0, 0, 0, 0, 0.354150366, -0.196033691, -0.191712207, -0.0417135761, 0.134182675, -0.990044262, -0.978759766, -0.204101563, 0.013671875, -0.200162525, 0.969707681, 0.139999103, 0, 0, -0, 0, 0, 0, 0, 0.369512646, -0.127238184, -0.182923682, 0.0780243742, -0.0799052609, -0.993743476, 0.474609375, -0.873535156, 0.107543945, -0.876651504, -0.479975873, -0.0301873086, 0, 2, 5, 1, 
816.814103, 59, 0.1, 0.1, 0.00845469719, 0.37531449, -0.0199802936, 0.997042835, 3.4024099e-006, 0.0768478085, 0.0768478085, -6.40365811e-006, -0.997042835, -2.90024132e-006, 1, -6.64618918e-006, 0.997042866, -1.19322733e-005, 0.0768474049, 0.0768474046, -1.97959981e-005, -0.997042866, 1.3418259e-005, 1, -1.88204944e-005, 0, 0, 0, 0, 0, 0, 0, 0.354150366, -0.196033691, -0.191712207, -0.0417135761, 0.134182675, -0.990044262, -0.978759766, -0.204101563, 0.013671875, -0.200162525, 0.969707681, 0.139999103, 0, 0, -0, 0, 0, 0, 0, 0.369512646, -0.127238184, -0.182923682, 0.0780243742, -0.0799052609, -0.993743476, 0.474609375, -0.873535156, 0.107543945, -0.876651504, -0.479975873, -0.0301873086, 0, 2, 5, 1, 
816.814798, 59, 0.1, 0.1, 0.00845469676, 0.375314486, -0.0199748083, 0.997042671, -6.27496325e-006, 0.0768499268, 0.0768499269, 7.05058619e-006, -0.997042671, 5.71456909e-006, 1, 7.51196575e-006, 0.997042703, -3.6849861e-006, 0.0768495127, 0.0768495128, 2.00640216e-005, -0.997042703, 2.13217822e-006, 1, 2.02878757e-005, 0, 0, 0, 0, 0, 0, 0, 0.354150366, -0.196033691, -0.191712207, -0.0417135761, 0.134182675, -0.990044262, -0.978759766, -0.204101563, 0.013671875, -0.200162525, 0.969707681, 0.139999103, 0, 0, -0, 0, 0, 0, 0, 0.369512646, -0.127238184, -0.182923682, 0.0780243742, -0.0799052609, -0.993743476, 0.474609375, -0.873535156, 0.107543945, -0.876651504, -0.479975873, -0.0301873086, 0, 2, 5, 1, 
816.815495, 59, 0.1, 0.1, 0.00845469578, 0.375314489, -0.019968278, 0.997042508, -5.84188617e-006, 0.0768520522, 0.0768520522, 8.63236719e-007, -0.997042508, 5.75826732e-006, 1, 1.30964464e-006, 0.997042539, 1.08050518e-005, 0.0768516419, 0.0768516421, -1.6315808e-005, -0.997042539, -9.51919962e-006, 1, -1.70979406e-005, 0, 0, 0, 0, 0, 0, 0, 0.354150366, -0.196033691, -0.191712207, -0.0417135761, 0.134182675, -0.990044262, -0.978759766, -0.204101563, 0.013671875, -0.200162525, 0.969707681, 0.139999103, 0, 0, -0, 0, 0, 0, 0, 0.369512646, -0.127238184, -0.182923682, 0.0780243742, -0.0799052609, -0.993743476, 0.474609375, -0.873535156, 0.107543945, -0.876651504, -0.479975873, -0.0301873086, 0, 2, 5, 1, 
816.816187, 59, 0.1, 0.1, 0.0084546953, 0.375314489, -0.0199624412, 0.99704236, 1.02323686e-005, 0.0768539642, 0.0768539642, 6.1491532e-008, -0.99704236, -1.02068308e-005, 1, -7.25088424e-007, 0.997042387, 1.80383365e-005, 0.0768536095, 0.0768536096, -8.41119307e-006, -0.997042388, -1.73385555e-005, 1, -9.77262729e-006, 0, 0, 0, 0, 0, 0, 0, 0.354150366, -0.196033691, -0.191712207, -0.0417135761, 0.134182675, -0.990044262, -0.978759766, -0.204101563, 0.013671875, -0.200162525, 0.969707681, 0.139999103, 0, 0, -0, 0, 0, 0, 0, 0.369512646, -0.127238184, -0.182923682, 0.0780243742, -0.0799052609, -0.993743476, 0.474609375, -0.873535156, 0.107543945, -0.876651504, -0.479975873, -0.0301873086, 0, 2, 5, 1, 
816.816929, 59, 0.1, 0.1, 0.00845469612, 0.375314488, -0.0199586741, 0.997042226, 1.80838244e-005, 0.0768557042, 0.0768557047, -2.99642994e-005, -0.997042226, -1.57274092e-005, 0.999999999, -3.12655169e-005, 0.997042249, 1.06411694e-005, 0.076855402, 0.076855402, 2.37736319e-006, -0.997042249, -1.07924086e-005, 1, 1.55250019e-006, 0, 0, 0, 0, 0, 0, 0, 0.354150366, -0.196033691, -0.191712207, -0.0451643438, 0.137576537, -0.98949647, -0.97644043, -0.214599609, 0.0146484375, -0.210244883, 0.966945492, 0.144238059, 0, 0, -0, 0, 0, 0, 0, 0.369512646, -0.127238184, -0.182923682, 0.0780243742, -0.0799052609, -0.993743476, 0.474609375, -0.873535156, 0.107543945, -0.876651504, -0.479975873, -0.0301873086, 0, 2, 5, 1, 
816.817644, 59, 0.1, 0.1, 0.00845469779, 0.375314492, -0.0199581045, 0.997042148, 2.90719561e-006, 0.0768567133, 0.0768567132, 2.98778838e-005, -0.997042148, -5.19491251e-006, 1, 2.9566072e-005, 0.99704216, -1.45482774e-005, 0.0768565589, 0.0768565587, -1.12485262e-005, -0.99704216, 1.53697689e-005, 1, -1.00971243e-005, 0, 0, 0, 0, 0, 0, 0, 0.355952515, -0.195868652, -0.191894556, -0.0451643438, 0.137576537, -0.98949647, -0.97644043, -0.214599609, 0.0146484375, -0.210244883, 0.966945492, 0.144238059, 0, 0, -0, 0, 0, 0, 0, 0.370408545, -0.127358301, -0.182894873, 0.0770856109, -0.0799253171, -0.993775192, 0.48034668, -0.870361328, 0.107299805, -0.873558861, -0.485624145, -0.0287177296, 0, 2, 5, 1, 
816.818331, 59, 0.1, 0.1, 0.00845469968, 0.375314484, -0.019960949, 0.997042079, -1.07132072e-005, 0.0768576146, 0.0768576147, 6.10680984e-006, -0.997042079, 1.02121636e-005, 1, 6.91213793e-006, 0.997042095, -1.9926264e-005, 0.0768574041, 0.0768574048, 3.57006697e-005, -0.997042094, 1.71234632e-005, 0.999999999, 3.71265515e-005, 0, 0, 0, 0, 0, 0, 0, 0.355952515, -0.195868652, -0.191894556, -0.0451643438, 0.137576537, -0.98949647, -0.97644043, -0.214599609, 0.0146484375, -0.210244883, 0.966945492, 0.144238059, 0, 0, -0, 0, 0, 0, 0, 0.370408545, -0.127358301, -0.182894873, 0.0770856109, -0.0799253171, -0.993775192, 0.48034668, -0.870361328, 0.107299805, -0.873558861, -0.485624145, -0.0287177296, 0, 2, 5, 1, 
816.819035, 59, 0.1, 0.1, 0.00845469775, 0.375314497, -0.019966231, 0.997042007, 7.42766879e-007, 0.0768585444, 0.0768585443, -6.82641369e-005, -0.997042005, 4.50611242e-006, 0.999999998, -6.81193e-005, 0.997042018, 4.91995967e-006, 0.076858403, 0.0768584031, -7.85498064e-005, -0.997042015, 1.13180617e-006, 0.999999997, -7.86955978e-005, 0, 0, 0, 0, 0, 0, 0, 0.355952515, -0.195868652, -0.191894556, -0.0451643438, 0.137576537, -0.98949647, -0.97644043, -0.214599609, 0.0146484375, -0.210244883, 0.966945492, 0.144238059, 0, 0, -0, 0, 0, 0, 0, 0.370408545, -0.127358301, -0.182894873, 0.0770856109, -0.0799253171, -0.993775192, 0.48034668, -0.870361328, 0.107299805, -0.873558861, -0.485624145, -0.0287177296, 0, 2, 5, 1, 
816.81976, 59, 0.1, 0.1, 0.00845469848, 0.375314493, -0.0199722367, 0.997041952, -1.38029815e-005, 0.0768592554, 0.0768592562, 7.48284706e-005, -0.99704195, 8.01089109e-006, 0.999999997, 7.56680113e-005, 0.997041965, -2.12532017e-006, 0.0768590933, 0.0768590933, 5.85262212e-005, -0.997041963, -2.3792389e-006, 0.999999998, 5.85164488e-005, 0, 0, 0, 0, 0, 0, 0, 0.357461963, -0.19613252, -0.192510571, -0.0501431743, 0.141287918, -0.988732629, -0.974609375, -0.22253418, 0.017578125, -0.21748979, 0.96462738, 0.149060756, 0, 0, -0, 0, 0, 0, 0, 0.371214844, -0.127635254, -0.183310596, 0.0747986701, -0.0789741604, -0.994004869, 0.486206055, -0.86730957, 0.10546875, -0.870485175, -0.49117034, -0.0265325008, 0, 2, 5, 1, 
816.820467, 59, 0.1, 0.1, 0.00845469929, 0.37531448, -0.0199766831, 0.997041901, 7.59259485e-006, 0.0768599252, 0.076859925, 2.22791105e-005, -0.997041901, -9.28250597e-006, 1, 2.16296404e-005, 0.997041908, 8.22192214e-006, 0.0768598368, 0.0768598363, 4.89274019e-005, -0.997041906, -1.1958153e-005, 0.999999999, 4.81507345e-005, 0, 0, 0, 0, 0, 0, 0, 0.357461963, -0.19613252, -0.192510571, -0.0501431743, 0.141287918, -0.988732629, -0.974609375, -0.22253418, 0.017578125, -0.21748979, 0.96462738, 0.149060756, 0, 0, -0, 0, 0, 0, 0, 0.371214844, -0.127635254, -0.183310596, 0.0747986701, -0.0789741604, -0.994004869, 0.486206055, -0.86730957, 0.10546875, -0.870485175, -0.49117034, -0.0265325008, 0, 2, 5, 1, 
816.821194, 59, 0.1, 0.1, 0.00845469822, 0.37531449, -0.019978544, 0.997041863, 1.80730871e-005, 0.0768604168, 0.0768604179, -6.41077679e-005, -0.997041861, -1.30922747e-005, 0.999999998, -6.53072334e-005, 0.997041872, 1.50358375e-005, 0.0768603014, 0.0768603022, -6.46159247e-005, -0.99704187, -1.00249601e-005, 0.999999998, -6.55804415e-005, 0, 0, 0, 0, 0, 0, 0, 0.357461963, -0.19613252, -0.192510571, -0.0501431743, 0.141287918, -0.988732629, -0.974609375, -0.22253418, 0.017578125, -0.21748979, 0.96462738, 0.149060756, 0, 0, -0, 0, 0, 0, 0, 0.371214844, -0.127635254, -0.183310596, 0.0747986701, -0.0789741604, -0.994004869, 0.486206055, -0.86730957, 0.10546875, -0.870485175, -0.49117034, -0.0265325008, 0, 2, 5, 1, 
816.821915, 59, 0.1, 0.1, 0.00845470084, 0.375314493, -0.0199773151, 0.997041821, -2.76971702e-005, 0.0768609507, 0.0768609516, 3.04446799e-005, -0.997041821, 2.527523e-005, 0.999999999, 3.24834499e-005, 0.997041826, -2.6100782e-005, 0.0768608853, 0.0768608856, 9.8097945e-006, -0.997041827, 2.52695819e-005, 1, 1.17869046e-005, 0, 0, 0, 0, 0, 0, 0, 0.357461963, -0.19613252, -0.192510571, -0.0501431743, 0.141287918, -0.988732629, -0.974609375, -0.22253418, 0.017578125, -0.21748979, 0.96462738, 0.149060756, 0, 0, -0, 0, 0, 0, 0, 0.371214844, -0.127635254, -0.183310596, 0.0747986701, -0.0789741604, -0.994004869, 0.486206055, -0.86730957, 0.10546875, -0.870485175, -0.49117034, -0.0265325008, 0, 2, 5, 1, 
816.822631, 59, 0.1, 0.1, 0.00845469945, 0.375314487, -0.0199735941, 0.997041819, 3.15301508e-005, 0.0768609765, 0.0768609763, 5.10302366e-006, -0.99704182, -3.18291023e-005, 0.999999999, 2.66448982e-006, 0.997041816, 2.71050421e-005, 0.0768610196, 0.0768610188, 2.81621012e-005, -0.997041816, -2.91894282e-005, 0.999999999, 2.59954714e-005, 0, 0, 0, 0, 0, 0, 0, 0.357461963, -0.19613252, -0.192510571, -0.0501431743, 0.141287918, -0.988732629, -0.974609375, -0.22253418, 0.017578125, -0.21748979, 0.96462738, 0.149060756, 0, 0, -0, 0, 0, 0, 0, 0.371214844, -0.127635254, -0.183310596, 0.0747986701, -0.0789741604, -0.994004869, 0.486206055, -0.86730957, 0.10546875, -0.870485175, -0.49117034, -0.0265325008, 0, 2, 5, 1, 
816.823328, 59, 0.1, 0.1, 0.00845470056, 0.375314495, -0.019968952, 0.997041862, -2.66461079e-005, 0.0768604208, 0.0768604197, -4.00654029e-005, -0.997041862, 2.96467288e-005, 0.999999999, -3.78988529e-005, 0.997041851, -2.26622082e-005, 0.0768605649, 0.0768605636, -5.27981075e-005, -0.99704185, 2.66532624e-005, 0.999999998, -5.09000928e-005, 0, 0, 0, 0, 0, 0, 0, 0.357461963, -0.19613252, -0.192510571, -0.0501431743, 0.141287918, -0.988732629, -0.974609375, -0.22253418, 0.017578125, -0.21748979, 0.96462738, 0.149060756, 0, 0, -0, 0, 0, 0, 0, 0.371214844, -0.127635254, -0.183310596, 0.0747986701, -0.0789741604, -0.994004869, 0.486206055, -0.86730957, 0.10546875, -0.870485175, -0.49117034, -0.0265325008, 0, 2, 5, 1, 
816.824022, 59, 0.1, 0.1, 0.00845469853, 0.37531449, -0.0199648148, 0.997041936, 3.74812682e-005, 0.0768594567, 0.076859455, 4.63762798e-005, -0.997041936, -4.09348518e-005, 0.999999998, 4.3358306e-005, 0.99704192, 3.33357364e-005, 0.0768596672, 0.0768596655, 5.01600607e-005, -0.99704192, -3.70924122e-005, 0.999999998, 4.74495097e-005, 0, 0, 0, 0, 0, 0, 0, 0.357461963, -0.19613252, -0.192510571, -0.0501431743, 0.141287918, -0.988732629, -0.974609375, -0.22253418, 0.017578125, -0.21748979, 0.96462738, 0.149060756, 0, 0, -0, 0, 0, 0, 0, 0.371214844, -0.127635254, -0.183310596, 0.0747986701, -0.0789741604, -0.994004869, 0.486206055, -0.86730957, 0.10546875, -0.870485175, -0.49117034, -0.0265325008, 0, 2, 5, 1, 
816.824748, 59, 0.1, 0.1, 0.00845470057, 0.375314491, -0.0199620063, 0.997042035, -3.73488667e-005, 0.076858171, 0.0768581706, -1.21747794e-005, -0.997042036, 3.81741214e-005, 0.999999999, -9.26820121e-006, 0.997042015, -3.31489331e-005, 0.0768584421, 0.0768584414, -2.14290179e-005, -0.997042015, 3.469788e-005, 0.999999999, -1.88178558e-005, 0, 0, 0, 0, 0, 0, 0, 0.357715576, -0.197564233, -0.19246687, -0.05373024, 0.143927296, -0.988077374, -0.973754883, -0.226318359, 0.0200195313, -0.220629412, 0.963344199, 0.152417548, 0, 0, -0, 0, 0, 0, 0, 0.371092529, -0.129255322, -0.183493066, 0.0725944849, -0.0790959286, -0.994125904, 0.488769531, -0.866088867, 0.104614258, -0.869366674, -0.493515249, -0.0242131106, 0, 2, 5, 1, 
816.825435, 59, 0.1, 0.1, 0.00845469822, 0.375314489, -0.0199617114, 0.997042154, 4.65700588e-005, 0.0768566277, 0.0768566278, -7.62331646e-007, -0.997042155, -4.63737216e-005, 0.999999999, -4.33929447e-006, 0.997042129, 4.14073837e-005, 0.076856949, 0.076856949, 2.66354098e-006, -0.99704213, -4.14896176e-005, 0.999999999, -5.26782609e-007, 0, 0, 0, 0, 0, 0, 0, 0.357715576, -0.197564233, -0.19246687, -0.05373024, 0.143927296, -0.988077374, -0.973754883, -0.226318359, 0.0200195313, -0.220629412, 0.963344199, 0.152417548, 0, 0, -0, 0, 0, 0, 0, 0.371092529, -0.129255322, -0.183493066, 0.0725944849, -0.0790959286, -0.994125904, 0.488769531, -0.866088867, 0.104614258, -0.869366674, -0.493515249, -0.0242131106, 0, 2, 5, 1, 
816.826176, 59, 0.1, 0.1, 0.00845469923, 0.37531449, -0.0199632937, 0.997042276, -3.58724685e-005, 0.0768550503, 0.0768550499, -1.28536872e-005, -0.997042277, 3.67542384e-005, 0.999999999, -1.00586892e-005, 0.997042254, -3.03557925e-005, 0.0768553343, 0.0768553337, -1.98394528e-005, -0.997042255, 3.17907755e-005, 0.999999999, -1.74477681e-005, 0, 0, 0, 0, 0, 0, 0, 0.357715576, -0.197564233, -0.19246687, -0.05373024, 0.143927296, -0.988077374, -0.973754883, -0.226318359, 0.0200195313, -0.220629412, 0.963344199, 0.152417548, 0, 0, -0, 0, 0, 0, 0, 0.371092529, -0.129255322, -0.183493066, 0.0725944849, -0.0790959286, -0.994125904, 0.488769531, -0.866088867, 0.104614258, -0.869366674, -0.493515249, -0.0242131106, 0, 2, 5, 1, 
816.826875, 59, 0.1, 0.1, 0.0084546978, 0.375314489, -0.0199666208, 0.9970424, 3.83344889e-005, 0.0768534371, 0.0768534374, -6.8263707e-006, -0.997042401, -3.76964808e-005, 0.999999999, -9.75231827e-006, 0.997042375, 3.36342786e-005, 0.0768537695, 0.0768537696, -2.8560501e-006, -0.997042375, -3.33153028e-005, 0.999999999, -5.43252407e-006, 0, 0, 0, 0, 0, 0, 0, 0.357715576, -0.197564233, -0.19246687, -0.05373024, 0.143927296, -0.988077374, -0.973754883, -0.226318359, 0.0200195313, -0.220629412, 0.963344199, 0.152417548, 0, 0, -0, 0, 0, 0, 0, 0.371092529, -0.129255322, -0.183493066, 0.0725944849, -0.0790959286, -0.994125904, 0.488769531, -0.866088867, 0.104614258, -0.869366674, -0.493515249, -0.0242131106, 0, 2, 5, 1, 
816.827589, 59, 0.1, 0.1, 0.00845469936, 0.375314488, -0.0199706942, 0.997042512, -3.11504819e-005, 0.0768519923, 0.0768519921, -7.3848875e-006, -0.997042512, 3.1625898e-005, 0.999999999, -4.96907019e-006, 0.997042491, -2.6433093e-005, 0.0768522587, 0.0768522589, 8.59318643e-006, -0.997042492, 2.56945111e-005, 1, 1.05992149e-005, 0, 0, 0, 0, 0, 0, 0, 0.357715576, -0.197564233, -0.19246687, -0.05373024, 0.143927296, -0.988077374, -0.973754883, -0.226318359, 0.0200195313, -0.220629412, 0.963344199, 0.152417548, 0, 0, -0, 0, 0, 0, 0, 0.371092529, -0.129255322, -0.183493066, 0.0725944849, -0.0790959286, -0.994125904, 0.488769531, -0.866088867, 0.104614258, -0.869366674, -0.493515249, -0.0242131106, 0, 2, 5, 1, 
816.828281, 59, 0.1, 0.1, 0.00845469949, 0.375314488, -0.0199738844, 0.997042588, 2.22454755e-005, 0.0768510099, 0.0768510097, 8.85257754e-006, -0.997042588, -2.2860016e-005, 1, 7.11680956e-006, 0.997042573, 1.85431759e-005, 0.0768511993, 0.0768511991, 1.27115495e-005, -0.997042573, -1.94652337e-005, 1, 1.12488907e-005, 0, 0, 0, 0, 0, 0, 0, 0.357715576, -0.197564233, -0.19246687, -0.05373024, 0.143927296, -0.988077374, -0.973754883, -0.226318359, 0.0200195313, -0.220629412, 0.963344199, 0.152417548, 0, 0, -0, 0, 0, 0, 0, 0.371092529, -0.129255322, -0.183493066, 0.0725944849, -0.0790959286, -0.994125904, 0.488769531, -0.866088867, 0.104614258, -0.869366674, -0.493515249, -0.0242131106, 0, 2, 5, 1, 
816.828991, 59, 0.1, 0.1, 0.00845470187, 0.375314488, -0.0199756285, 0.997042672, -3.0060708e-005, 0.0768499158, 0.0768499161, 9.35588503e-006, -0.997042672, 2.92528096e-005, 1, 1.16383795e-005, 0.997042653, -2.68222372e-005, 0.0768501594, 0.0768501595, 5.4670278e-006, -0.997042654, 2.63227726e-005, 1, 7.51215311e-006, 0, 0, 0, 0, 0, 0, 0, 0.357715576, -0.197564233, -0.19246687, -0.0561367189, 0.146465204, -0.987580878, -0.973022461, -0.229370117, 0.0212402344, -0.223338062, 0.962200683, 0.155552301, 0, 0, -0, 0, 0, 0, 0, 0.371092529, -0.129255322, -0.183493066, 0.0725944849, -0.0790959286, -0.994125904, 0.488769531, -0.866088867, 0.104614258, -0.869366674, -0.493515249, -0.0242131106, 0, 2, 5, 1, 
816.829701, 59, 0.1, 0.1, 0.00845470126, 0.375314488, -0.0199752545, 0.997042747, 2.47109126e-005, 0.0768489398, 0.0768489395, 1.18438587e-005, -0.997042748, -2.55480242e-005, 1, 9.90982597e-006, 0.997042736, 2.26423462e-005, 0.076849089, 0.076849089, -8.21569464e-008, -0.997042736, -2.25690731e-005, 1, -1.82195766e-006, 0, 0, 0, 0, 0, 0, 0, 0.358030835, -0.199000708, -0.191985474, -0.0561367189, 0.146465204, -0.987580878, -0.973022461, -0.229370117, 0.0212402344, -0.223338062, 0.962200683, 0.155552301, 0, 0, -0, 0, 0, 0, 0, 0.371064941, -0.130497021, -0.182792822, 0.0717001976, -0.0801761498, -0.99417038, 0.491455078, -0.864379883, 0.105102539, -0.867865013, -0.496083639, -0.02262213, 0, 2, 5, 1, 
816.83039, 59, 0.1, 0.1, 0.0084547031, 0.375314487, -0.0199732722, 0.997042794, -2.6741999e-005, 0.0768483272, 0.0768483271, -4.21467583e-006, -0.997042795, 2.69868082e-005, 1, -2.14713428e-006, 0.997042785, -2.40786387e-005, 0.0768484473, 0.0768484471, -8.26746518e-006, -0.997042785, 2.46427748e-005, 1, -6.39261052e-006, 0, 0, 0, 0, 0, 0, 0, 0.358030835, -0.199000708, -0.191985474, -0.0561367189, 0.146465204, -0.987580878, -0.973022461, -0.229370117, 0.0212402344, -0.223338062, 0.962200683, 0.155552301, 0, 0, -0, 0, 0, 0, 0, 0.371064941, -0.130497021, -0.182792822, 0.0717001976, -0.0801761498, -0.99417038, 0.491455078, -0.864379883, 0.105102539, -0.867865013, -0.496083639, -0.02262213, 0, 2, 5, 1, 
816.831089, 59, 0.1, 0.1, 0.00845470125, 0.375314487, -0.0199703224, 0.997042853, 3.48376088e-005, 0.0768475605, 0.0768475608, -8.33500647e-006, -0.997042854, -3.4094064e-005, 0.999999999, -1.09875439e-005, 0.99704284, 3.17202607e-005, 0.0768477313, 0.0768477314, -3.60496449e-006, -0.997042841, -3.13494255e-005, 0.999999999, -6.03193411e-006, 0, 0, 0, 0, 0, 0, 0, 0.358030835, -0.199000708, -0.191985474, -0.0561367189, 0.146465204, -0.987580878, -0.973022461, -0.229370117, 0.0212402344, -0.223338062, 0.962200683, 0.155552301, 0, 0, -0, 0, 0, 0, 0, 0.371064941, -0.130497021, -0.182792822, 0.0717001976, -0.0801761498, -0.99417038, 0.491455078, -0.864379883, 0.105102539, -0.867865013, -0.496083639, -0.02262213, 0, 2, 5, 1, 
816.831804, 59, 0.1, 0.1, 0.00845470397, 0.375314487, -0.0199672113, 0.997042906, -3.69792685e-005, 0.0768468704, 0.0768468698, -1.53591159e-005, -0.997042907, 3.80502174e-005, 0.999999999, -1.24719566e-005, 0.9970429, -3.49812409e-005, 0.076846957, 0.0768469571, 1.00726975e-006, -0.9970429, 3.48003923e-005, 0.999999999, 3.69249307e-006, 0, 0, 0, 0, 0, 0, 0, 0.358030835, -0.199000708, -0.191985474, -0.0561367189, 0.146465204, -0.987580878, -0.973022461, -0.229370117, 0.0212402344, -0.223338062, 0.962200683, 0.155552301, 0, 0, -0, 0, 0, 0, 0, 0.371064941, -0.130497021, -0.182792822, 0.0717001976, -0.0801761498, -0.99417038, 0.491455078, -0.864379883, 0.105102539, -0.867865013, -0.496083639, -0.02262213, 0, 2, 5, 1, 
816.832498, 59, 0.1, 0.1, 0.00845470255, 0.375314487, -0.0199650431, 0.997042928, 3.62867861e-005, 0.076846584, 0.0768465839, 4.84087728e-006, -0.997042929, -3.65514884e-005, 0.999999999, 2.03804691e-006, 0.997042924, 3.15896129e-005, 0.0768466468, 0.0768466465, 1.04356502e-005, -0.997042924, -3.22981448e-005, 0.999999999, 7.97723541e-006, 0, 0, 0, 0, 0, 0, 0, 0.358030835, -0.199000708, -0.191985474, -0.0561367189, 0.146465204, -0.987580878, -0.973022461, -0.229370117, 0.0212402344, -0.223338062, 0.962200683, 0.155552301, 0, 0, -0, 0, 0, 0, 0, 0.371064941, -0.130497021, -0.182792822, 0.0717001976, -0.0801761498, -0.99417038, 0.491455078, -0.864379883, 0.105102539, -0.867865013, -0.496083639, -0.02262213, 0, 2, 5, 1, 
816.833188, 59, 0.1, 0.1, 0.00845470472, 0.375314488, -0.0199643836, 0.99704297, -3.84286875e-005, 0.0768460497, 0.07684605, 8.04833342e-006, -0.99704297, 3.76965701e-005, 0.999999999, 1.09776271e-005, 0.997042959, -3.41339124e-005, 0.0768461834, 0.0768461835, 2.40786331e-006, -0.99704296, 3.3847942e-005, 0.999999999, 5.02380405e-006, 0, 0, 0, 0, 0, 0, 0, 0.358030835, -0.199000708, -0.191985474, -0.0561367189, 0.146465204, -0.987580878, -0.973022461, -0.229370117, 0.0212402344, -0.223338062, 0.962200683, 0.155552301, 0, 0, -0, 0, 0, 0, 0, 0.371064941, -0.130497021, -0.182792822, 0.0717001976, -0.0801761498, -0.99417038, 0.491455078, -0.864379883, 0.105102539, -0.867865013, -0.496083639, -0.02262213, 0, 2, 5, 1, 
816.833914, 59, 0.1, 0.1, 0.00845470212, 0.375314489, -0.0199651783, 0.997043008, 4.3987304e-005, 0.0768455467, 0.0768455462, 1.34355464e-005, -0.997043009, -4.48896959e-005, 0.999999999, 1.00155892e-005, 0.997043005, 4.10262738e-005, 0.0768455916, 0.0768455918, -3.39919045e-006, -0.997043006, -4.06437465e-005, 0.999999999, -6.54182734e-006, 0, 0, 0, 0, 0, 0, 0, 0.358434717, -0.199337817, -0.190619165, -0.0565399786, 0.148729776, -0.987198958, -0.971313477, -0.236572266, 0.0200195313, -0.230566116, 0.960111723, 0.15796365, 0, 0, -0, 0, 0, 0, 0, 0.371064941, -0.130497021, -0.182792822, 0.0717001976, -0.0801761498, -0.99417038, 0.491455078, -0.864379883, 0.105102539, -0.867865013, -0.496083639, -0.02262213, 0, 2, 5, 1, 
816.834625, 59, 0.1, 0.1, 0.00845470281, 0.375314488, -0.0199669291, 0.997043016, -3.07207688e-005, 0.0768454505, 0.0768454504, -4.21927353e-006, -0.997043016, 3.09541599e-005, 1, -1.84604589e-006, 0.997043014, -2.47454978e-005, 0.0768454776, 0.0768454774, -9.70232877e-006, -0.997043014, 2.54179058e-005, 1, -7.77205954e-006, 0, 0, 0, 0, 0, 0, 0, 0.358434717, -0.199337817, -0.190619165, -0.0565399786, 0.148729776, -0.987198958, -0.971313477, -0.236572266, 0.0200195313, -0.230566116, 0.960111723, 0.15796365, 0, 0, -0, 0, 0, 0, 0, 0.371703564, -0.131328369, -0.181676855, 0.0735664308, -0.0808032139, -0.993985179, 0.496948242, -0.861083984, 0.106811523, -0.864600296, -0.501795711, -0.0232163782, 0, 2, 5, 1, 
816.835313, 59, 0.1, 0.1, 0.00845470184, 0.375314487, -0.0199693252, 0.997043043, 3.12016287e-005, 0.0768451041, 0.0768451043, -4.35709885e-006, -0.997043043, -3.07745451e-005, 1, -6.74190751e-006, 0.997043036, 2.76563241e-005, 0.0768451985, 0.0768451986, 3.57023365e-007, -0.997043036, -2.76019809e-005, 1, -1.76928806e-006, 0, 0, 0, 0, 0, 0, 0, 0.358434717, -0.199337817, -0.190619165, -0.0565399786, 0.148729776, -0.987198958, -0.971313477, -0.236572266, 0.0200195313, -0.230566116, 0.960111723, 0.15796365, 0, 0, -0, 0, 0, 0, 0, 0.371703564, -0.131328369, -0.181676855, 0.0735664308, -0.0808032139, -0.993985179, 0.496948242, -0.861083984, 0.106811523, -0.864600296, -0.501795711, -0.0232163782, 0, 2, 5, 1, 
816.836011, 59, 0.1, 0.1, 0.00845470424, 0.375314486, -0.0199717071, 0.997043069, -3.4148327e-005, 0.0768447664, 0.0768447661, -7.33464175e-006, -0.997043069, 3.46109816e-005, 0.999999999, -4.68883352e-006, 0.997043067, -3.12205236e-005, 0.0768447939, 0.0768447942, 6.55495482e-006, -0.997043067, 3.06244924e-005, 0.999999999, 8.93470696e-006, 0, 0, 0, 0, 0, 0, 0, 0.358434717, -0.199337817, -0.190619165, -0.0565399786, 0.148729776, -0.987198958, -0.971313477, -0.236572266, 0.0200195313, -0.230566116, 0.960111723, 0.15796365, 0, 0, -0, 0, 0, 0, 0, 0.371703564, -0.131328369, -0.181676855, 0.0735664308, -0.0808032139, -0.993985179, 0.496948242, -0.861083984, 0.106811523, -0.864600296, -0.501795711, -0.0232163782, 0, 2, 5, 1, 
816.83674, 59, 0.1, 0.1, 0.00845470392, 0.375314485, -0.0199731476, 0.997043072, 2.62015545e-005, 0.0768447306, 0.0768447304, 8.01913513e-006, -0.997043072, -2.67403066e-005, 1, 5.98197173e-006, 0.997043071, 2.24358935e-005, 0.0768447434, 0.0768447431, 1.26851948e-005, -0.997043071, -2.33443427e-005, 1, 1.09236051e-005, 0, 0, 0, 0, 0, 0, 0, 0.35949502, -0.198975293, -0.189474146, -0.0570649275, 0.151622272, -0.986823029, -0.968994141, -0.24621582, 0.0181884766, -0.240123143, 0.95730535, 0.161117499, 0, 0, -0, 0, 0, 0, 0, 0.372877051, -0.13123916, -0.180361328, 0.0764231998, -0.0805359908, -0.993806542, 0.50390625, -0.856933594, 0.108154297, -0.860249528, -0.509009445, -0.0249160006, 0, 2, 5, 1, 
816.837422, 59, 0.1, 0.1, 0.00845470562, 0.375314486, -0.0199733298, 0.997043091, -2.83215907e-005, 0.0768444825, 0.0768444828, 7.3022135e-006, -0.997043091, 2.76767115e-005, 1, 9.4569795e-006, 0.997043085, -2.5232997e-005, 0.0768445534, 0.0768445535, 3.74791018e-006, -0.997043086, 2.48703787e-005, 1, 5.67584631e-006, 0, 0, 0, 0, 0, 0, 0, 0.35949502, -0.198975293, -0.189474146, -0.0570649275, 0.151622272, -0.986823029, -0.968994141, -0.24621582, 0.0181884766, -0.240123143, 0.95730535, 0.161117499, 0, 0, -0, 0, 0, 0, 0, 0.372877051, -0.13123916, -0.180361328, 0.0764231998, -0.0805359908, -0.993806542, 0.50390625, -0.856933594, 0.108154297, -0.860249528, -0.509009445, -0.0249160006, 0, 2, 5, 1, 
816.838118, 59, 0.1, 0.1, 0.00845470429, 0.375314486, -0.0199724729, 0.997043109, 2.92114212e-005, 0.0768442477, 0.0768442475, 9.49463458e-006, -0.997043109, -2.98546543e-005, 1, 7.2218303e-006, 0.997043108, 2.73426245e-005, 0.0768442596, 0.0768442597, -3.62786953e-006, -0.997043108, -2.69829943e-005, 1, -5.71826605e-006, 0, 0, 0, 0, 0, 0, 0, 0.35949502, -0.198975293, -0.189474146, -0.0570649275, 0.151622272, -0.986823029, -0.968994141, -0.24621582, 0.0181884766, -0.240123143, 0.95730535, 0.161117499, 0, 0, -0, 0, 0, 0, 0, 0.372877051, -0.13123916, -0.180361328, 0.0764231998, -0.0805359908, -0.993806542, 0.50390625, -0.856933594, 0.108154297, -0.860249528, -0.509009445, -0.0249160006, 0, 2, 5, 1, 
816.838814, 59, 0.1, 0.1, 0.00845470637, 0.375314487, -0.0199708871, 0.997043106, -3.16156062e-005, 0.0768442862, 0.076844286, -8.58373684e-006, -0.997043106, 3.21817333e-005, 0.999999999, -6.12887696e-006, 0.997043106, -2.80559574e-005, 0.0768442846, 0.0768442842, -1.31661698e-005, -0.997043106, 2.89847438e-005, 1, -1.09712989e-005, 0, 0, 0, 0, 0, 0, 0, 0.35949502, -0.198975293, -0.189474146, -0.0570649275, 0.151622272, -0.986823029, -0.968994141, -0.24621582, 0.0181884766, -0.240123143, 0.95730535, 0.161117499, 0, 0, -0, 0, 0, 0, 0, 0.372877051, -0.13123916, -0.180361328, 0.0764231998, -0.0805359908, -0.993806542, 0.50390625, -0.856933594, 0.108154297, -0.860249528, -0.509009445, -0.0249160006, 0, 2, 5, 1, 
816.839507, 59, 0.1, 0.1, 0.00845470518, 0.375314487, -0.0199691242, 0.997043122, 3.21842009e-005, 0.0768440797, 0.0768440802, -1.16800821e-005, -0.997043122, -3.1191491e-005, 0.999999999, -1.41187108e-005, 0.997043116, 2.85239915e-005, 0.0768441495, 0.0768441497, -6.9029971e-006, -0.997043117, -2.79091944e-005, 1, -9.07448761e-006, 0, 0, 0, 0, 0, 0, 0, 0.35949502, -0.198975293, -0.189474146, -0.0570649275, 0.151622272, -0.986823029, -0.968994141, -0.24621582, 0.0181884766, -0.240123143, 0.95730535, 0.161117499, 0, 0, -0, 0, 0, 0, 0, 0.372877051, -0.13123916, -0.180361328, 0.0764231998, -0.0805359908, -0.993806542, 0.50390625, -0.856933594, 0.108154297, -0.860249528, -0.509009445, -0.0249160006, 0, 2, 5, 1, 
816.840196, 59, 0.1, 0.1, 0.00845470772, 0.375314487, -0.0199676666, 0.997043137, -3.58649426e-005, 0.076843885, 0.0768438845, -1.57302589e-005, -0.997043137, 3.69676691e-005, 0.999999999, -1.29277451e-005, 0.997043137, -3.34505682e-005, 0.0768438839, 0.076843884, -6.18857297e-008, -0.997043137, 3.3356415e-005, 0.999999999, 2.50876884e-006, 0, 0, 0, 0, 0, 0, 0, 0.35949502, -0.198975293, -0.189474146, -0.0570649275, 0.151622272, -0.986823029, -0.968994141, -0.24621582, 0.0181884766, -0.240123143, 0.95730535, 0.161117499, 0, 0, -0, 0, 0, 0, 0, 0.372877051, -0.13123916, -0.180361328, 0.0764231998, -0.0805359908, -0.993806542, 0.50390625, -0.856933594, 0.108154297, -0.860249528, -0.509009445, -0.0249160006, 0, 2, 5, 1, 
816.840964, 59, 0.1, 0.1, 0.00845470471, 0.375314486, -0.019966287, 0.997043125, 4.38560577e-005, 0.0768440292, 0.0768440287, 1.22154085e-005, -0.997043126, -4.4665062e-005, 0.999999999, 8.80921296e-006, 0.997043127, 4.00404674e-005, 0.0768440086, 0.076844008, 1.77457919e-005, -0.997043128, -4.12857306e-005, 0.999999999, 1.46164498e-005, 0, 0, 0, 0, 0, 0, 0, 0.35949502, -0.198975293, -0.189474146, -0.060699542, 0.155783722, -0.985881333, -0.966308594, -0.256469727, 0.0189208984, -0.249805607, 0.953927218, 0.166282802, 0, 0, -0, 0, 0, 0, 0, 0.372877051, -0.13123916, -0.180361328, 0.0764231998, -0.0805359908, -0.993806542, 0.50390625, -0.856933594, 0.108154297, -0.860249528, -0.509009445, -0.0249160006, 0, 2, 5, 1, 
816.841676, 59, 0.1, 0.1, 0.00845470601, 0.375314487, -0.0199654489, 0.997043138, -3.685379e-005, 0.0768438602, 0.0768438608, 1.30897567e-005, -0.997043139, 3.5738951e-005, 0.999999999, 1.58830396e-005, 0.997043134, -3.14364724e-005, 0.076843925, 0.0768439252, 7.99755692e-006, -0.997043134, 3.07289553e-005, 0.999999999, 1.03896111e-005, 0, 0, 0, 0, 0, 0, 0, 0.360396021, -0.198326416, -0.189856787, -0.060699542, 0.155783722, -0.985881333, -0.966308594, -0.256469727, 0.0189208984, -0.249805607, 0.953927218, 0.166282802, 0, 0, -0, 0, 0, 0, 0, 0.373628076, -0.131261865, -0.180371338, 0.0763663305, -0.0787160666, -0.993915184, 0.510742187, -0.853027344, 0.106811523, -0.856204996, -0.515814497, -0.025050162, 0, 2, 5, 1, 
816.842376, 59, 0.1, 0.1, 0.00845470468, 0.375314486, -0.0199659416, 0.997043151, 3.39872965e-005, 0.0768436952, 0.0768436947, 1.67217481e-005, -0.997043152, -3.51717621e-005, 0.999999999, 1.4060595e-005, 0.997043152, 3.16507574e-005, 0.0768436854, 0.0768436854, 1.26735415e-007, -0.997043153, -3.15669097e-005, 0.999999999, -2.30580016e-006, 0, 0, 0, 0, 0, 0, 0, 0.360396021, -0.198326416, -0.189856787, -0.060699542, 0.155783722, -0.985881333, -0.966308594, -0.256469727, 0.0189208984, -0.249805607, 0.953927218, 0.166282802, 0, 0, -0, 0, 0, 0, 0, 0.373628076, -0.131261865, -0.180371338, 0.0763663305, -0.0787160666, -0.993915184, 0.510742187, -0.853027344, 0.106811523, -0.856204996, -0.515814497, -0.025050162, 0, 2, 5, 1, 
816.843072, 59, 0.1, 0.1, 0.00845470709, 0.375314485, -0.0199674821, 0.997043139, -3.79928236e-005, 0.0768438517, 0.0768438515, -4.31382287e-006, -0.99704314, 3.82119749e-005, 0.999999999, -1.3815526e-006, 0.997043141, -3.29049773e-005, 0.0768438287, 0.0768438285, -8.65859297e-006, -0.997043141, 3.34730414e-005, 0.999999999, -6.10444629e-006, 0, 0, 0, 0, 0, 0, 0, 0.360396021, -0.198326416, -0.189856787, -0.060699542, 0.155783722, -0.985881333, -0.966308594, -0.256469727, 0.0189208984, -0.249805607, 0.953927218, 0.166282802, 0, 0, -0, 0, 0, 0, 0, 0.373628076, -0.131261865, -0.180371338, 0.0763663305, -0.0787160666, -0.993915184, 0.510742187, -0.853027344, 0.106811523, -0.856204996, -0.515814497, -0.025050162, 0, 2, 5, 1, 
816.843762, 59, 0.1, 0.1, 0.00845470719, 0.375314484, -0.0199695635, 0.997043148, 2.74613127e-005, 0.0768437367, 0.0768437369, -7.62332068e-006, -0.997043149, -2.67943093e-005, 1, -9.71100954e-006, 0.997043144, 2.30339109e-005, 0.076843788, 0.076843788, -2.16289156e-006, -0.997043145, -2.27995981e-005, 1, -3.92650917e-006, 0, 0, 0, 0, 0, 0, 0, 0.360396021, -0.198326416, -0.189856787, -0.060699542, 0.155783722, -0.985881333, -0.966308594, -0.256469727, 0.0189208984, -0.249805607, 0.953927218, 0.166282802, 0, 0, -0, 0, 0, 0, 0, 0.373628076, -0.131261865, -0.180371338, 0.0763663305, -0.0787160666, -0.993915184, 0.510742187, -0.853027344, 0.106811523, -0.856204996, -0.515814497, -0.025050162, 0, 2, 5, 1, 
816.844469, 59, 0.1, 0.1, 0.00845470989, 0.375314484, -0.0199715376, 0.997043158, -3.41288693e-005, 0.076843604, 0.0768436036, -1.46292073e-005, -0.997043159, 3.51521167e-005, 0.999999999, -1.19633658e-005, 0.997043159, -3.21147793e-005, 0.0768435932, 0.0768435932, 1.54454717e-008, -0.99704316, 3.20186342e-005, 0.999999999, 2.48321484e-006, 0, 0, 0, 0, 0, 0, 0, 0.360396021, -0.198326416, -0.189856787, -0.060699542, 0.155783722, -0.985881333, -0.966308594, -0.256469727, 0.0189208984, -0.249805607, 0.953927218, 0.166282802, 0, 0, -0, 0, 0, 0, 0, 0.373628076, -0.131261865, -0.180371338, 0.0763663305, -0.0787160666, -0.993915184, 0.510742187, -0.853027344, 0.106811523, -0.856204996, -0.515814497, -0.025050162, 0, 2, 5, 1, 
816.84517, 59, 0.1, 0.1, 0.00845470958, 0.375314484, -0.0199727472, 0.997043139, 2.42189017e-005, 0.0768438573, 0.0768438565, 3.14304302e-005, -0.997043139, -2.65625252e-005, 0.999999999, 2.94764209e-005, 0.997043145, 2.08672745e-005, 0.0768437743, 0.0768437739, 1.97707355e-005, -0.997043146, -2.23248309e-005, 1, 1.81087561e-005, 0, 0, 0, 0, 0, 0, 0, 0.360396021, -0.198326416, -0.189856787, -0.060699542, 0.155783722, -0.985881333, -0.966308594, -0.256469727, 0.0189208984, -0.249805607, 0.953927218, 0.166282802, 0, 0, -0, 0, 0, 0, 0, 0.373628076, -0.131261865, -0.180371338, 0.0763663305, -0.0787160666, -0.993915184, 0.510742187, -0.853027344, 0.106811523, -0.856204996, -0.515814497, -0.025050162, 0, 2, 5, 1, 
816.845873, 59, 0.1, 0.1, 0.00845471079, 0.375314483, -0.0199728847, 0.9970431, -2.0064066e-005, 0.076844365, 0.0768443643, -3.35089148e-005, -0.9970431, 2.25797098e-005, 0.999999999, -3.18680219e-005, 0.997043111, -1.95619724e-005, 0.0768442274, 0.076844227, -1.78803564e-005, -0.997043111, 2.0878132e-005, 1, -1.63242615e-005, 0, 0, 0, 0, 0, 0, 0, 0.360396021, -0.198326416, -0.189856787, -0.0649467329, 0.157782072, -0.985283366, -0.965087891, -0.260498047, 0.0218505859, -0.253211452, 0.952498383, 0.169277891, 0, 0, -0, 0, 0, 0, 0, 0.373628076, -0.131261865, -0.180371338, 0.0763663305, -0.0787160666, -0.993915184, 0.510742187, -0.853027344, 0.106811523, -0.856204996, -0.515814497, -0.025050162, 0, 2, 5, 1, 
816.846583, 59, 0.1, 0.1, 0.00845471151, 0.375314487, -0.0199717831, 0.997043037, -9.79037251e-006, 0.0768451835, 0.0768451837, 1.41328803e-005, -0.997043037, 8.67537896e-006, 1, 1.48434328e-005, 0.997043052, 2.52090367e-006, 0.0768449942, 0.0768449942, 2.97504794e-006, -0.997043052, -2.74206703e-006, 1, 2.77253205e-006, 0, 0, 0, 0, 0, 0, 0, 0.361061572, -0.199344849, -0.190486841, -0.0649467329, 0.157782072, -0.985283366, -0.965087891, -0.260498047, 0.0218505859, -0.253211452, 0.952498383, 0.169277891, 0, 0, -0, 0, 0, 0, 0, 0.374068945, -0.131758154, -0.180579199, 0.0754913662, -0.078160831, -0.994030022, 0.515014648, -0.850463867, 0.106079102, -0.853719361, -0.519929392, -0.0239575476, 0, 2, 5, 1, 
816.847306, 59, 0.1, 0.1, 0.00845471072, 0.375314486, -0.0199699635, 0.997042966, 1.28196961e-005, 0.0768461028, 0.0768461029, -7.23558232e-006, -0.997042966, -1.22257615e-005, 1, -8.19933014e-006, 0.997042979, 1.75931495e-005, 0.0768459356, 0.0768459358, -1.03675472e-005, -0.997042979, -1.67444223e-005, 1, -1.16888522e-005, 0, 0, 0, 0, 0, 0, 0, 0.361061572, -0.199344849, -0.190486841, -0.0649467329, 0.157782072, -0.985283366, -0.965087891, -0.260498047, 0.0218505859, -0.253211452, 0.952498383, 0.169277891, 0, 0, -0, 0, 0, 0, 0, 0.374068945, -0.131758154, -0.180579199, 0.0754913662, -0.078160831, -0.994030022, 0.515014648, -0.850463867, 0.106079102, -0.853719361, -0.519929392, -0.0239575476, 0, 2, 5, 1, 
816.847991, 59, 0.1, 0.1, 0.0084547099, 0.375314487, -0.0199681016, 0.997042907, 2.11756889e-005, 0.076846867, 0.0768468674, -2.01858138e-005, -0.997042907, -1.95618538e-005, 1, -2.17534078e-005, 0.997042918, 1.59366951e-005, 0.0768467231, 0.0768467234, -1.48704957e-005, -0.997042918, -1.47468201e-005, 1, -1.60512052e-005, 0, 0, 0, 0, 0, 0, 0, 0.361061572, -0.199344849, -0.190486841, -0.0649467329, 0.157782072, -0.985283366, -0.965087891, -0.260498047, 0.0218505859, -0.253211452, 0.952498383, 0.169277891, 0, 0, -0, 0, 0, 0, 0, 0.374068945, -0.131758154, -0.180579199, 0.0754913662, -0.078160831, -0.994030022, 0.515014648, -0.850463867, 0.106079102, -0.853719361, -0.519929392, -0.0239575476, 0, 2, 5, 1, 
816.848705, 59, 0.1, 0.1, 0.00845471015, 0.375314484, -0.0199666463, 0.997042862, -5.81799515e-006, 0.0768474533, 0.0768474534, 3.72522636e-005, -0.997042861, 2.93804894e-006, 0.999999999, 3.75892016e-005, 0.997042869, -1.48863399e-006, 0.0768473642, 0.0768473642, 3.62526298e-005, -0.997042868, -1.30168714e-006, 0.999999999, 3.62598236e-005, 0, 0, 0, 0, 0, 0, 0, 0.361061572, -0.199344849, -0.190486841, -0.0649467329, 0.157782072, -0.985283366, -0.965087891, -0.260498047, 0.0218505859, -0.253211452, 0.952498383, 0.169277891, 0, 0, -0, 0, 0, 0, 0, 0.373766846, -0.132743652, -0.180765088, 0.0736962285, -0.078570245, -0.994125537, 0.518432617, -0.848510742, 0.10559082, -0.851821412, -0.523040991, -0.0218809606, 0, 2, 5, 1, 
