time, trialNum, realDorsalTactorPos, realVentralTactorPos, boxPosX, boxPosY, boxPosZ, boxLocalRot_11, boxLocalRot_12, boxLocalRot_13, boxLocalRot_21, boxLocalRot_22, boxLocalRot_23, boxLocalRot_31, boxLocalRot_32, boxLocalRot_33, boxGlobalRot_11, boxGlobalRot_12, boxGlobalRot_13, boxGlobalRot_21, boxGlobalRot_22, boxGlobalRot_23, boxGlobalRot_31, boxGlobalRot_32, boxGlobalRot_33, indexForceX, indexForceY, indexForceZ, indexForceGlobalX, indexForceGlobalY, indexForceGlobalZ, indexContact, indexPosX, indexPosY, indexPosZ, indexRot_11, indexRot_12, indexRot_13, indexRot_21, indexRot_22, indexRot_23, indexRot_31, indexRot_32, indexRot_33, thumbForceX, thumbForceY, thumbForceZ, thumbForceGlobalX, thumbForceGlobalY, thumbForceGlobalZ, thumbContact, thumbPosX, thumbPosY, thumbPosZ, thumbRot_11, thumbRot_12, thumbRot_13, thumbRot_21, thumbRot_22, thumbRot_23, thumbRot_31, thumbRot_32, thumbRot_33, manipForceTooHigh, cceExpType, mapping, trialSuccess, 
875.865011, 60, 0.1, 0.1, -0.0067624404, 0.360689847, -0.0199565117, 0.958163838, 1.03474155e-005, 0.286220299, 0.286220299, 6.8550025e-006, -0.958163838, -1.18765602e-005, 1, 3.60657515e-006, 0.95816376, 8.0477523e-006, 0.28622056, 0.28622056, -7.88258885e-006, -0.95816376, -5.45490561e-006, 1, -9.85624314e-006, 0, 0, 0, 0, 0, 0, 0, 0.347330054, -0.181300635, -0.150875879, -0.354068589, 0.320998546, -0.878361552, -0.926025391, -0.251098633, 0.281494141, -0.13017409, 0.913175912, 0.386302671, 0, 0, -0, 0, 0, 0, 0, 0.379319434, -0.119345459, -0.114297461, -0.0228983523, 0.215657009, -0.976136352, 0.82824707, -0.542724609, -0.139282227, -0.559904102, -0.811615734, -0.166176789, 0, 2, 5, 1, 
875.906415, 60, 0.1, 0.1, -0.00676243044, 0.36068985, -0.0199682684, 0.958148753, -9.61071392e-006, 0.286270792, 0.286270792, -1.06584989e-005, -0.958148753, 1.22597105e-005, 1, -7.46116071e-006, 0.958148818, 1.70669587e-005, 0.286270576, 0.286270576, -9.65844776e-006, -0.958148818, -1.35877569e-005, 1, -1.41399984e-005, 0, 0, 0, 0, 0, 0, 0, 0.349057031, -0.186441309, -0.146818286, -0.419041301, 0.321992303, -0.848894073, -0.893798828, -0.309936523, 0.323730469, -0.158814882, 0.894479727, 0.417847918, 0, 0, -0, 0, 0, 0, 0, 0.378895166, -0.122692773, -0.108241162, -0.0886509414, 0.239420704, -0.966864622, 0.854858398, -0.479980469, -0.197143555, -0.51121253, -0.843854256, -0.162133723, 0, 2, 5, 1, 
875.907116, 60, 0.1, 0.1, -0.00676242756, 0.36068985, -0.0199693906, 0.958148496, 1.74709274e-005, 0.286271654, 0.286271654, -5.68449045e-007, -0.958148496, -1.6577012e-005, 1, -5.5460899e-006, 0.958148549, -7.39994308e-006, 0.286271474, 0.286271474, -4.6776872e-006, -0.95814855, 8.42933314e-006, 1, -2.36352659e-006, 0, 0, 0, 0, 0, 0, 0, 0.349057031, -0.186441309, -0.146818286, -0.419041301, 0.321992303, -0.848894073, -0.893798828, -0.309936523, 0.323730469, -0.158814882, 0.894479727, 0.417847918, 0, 0, -0, 0, 0, 0, 0, 0.378895166, -0.122692773, -0.108241162, -0.0886509414, 0.239420704, -0.966864622, 0.854858398, -0.479980469, -0.197143555, -0.51121253, -0.843854256, -0.162133723, 0, 2, 5, 1, 
875.907813, 60, 0.1, 0.1, -0.00676243157, 0.360689848, -0.0199705095, 0.958148224, -1.16788836e-005, 0.286272563, 0.286272563, 2.64896101e-006, -0.958148224, 1.04317767e-005, 1, 5.88144123e-006, 0.958148273, 1.32347499e-005, 0.286272399, 0.286272399, 3.92475366e-006, -0.958148273, -1.38044014e-005, 1, -2.82476668e-008, 0, 0, 0, 0, 0, 0, 0, 0.349057031, -0.186441309, -0.146818286, -0.419041301, 0.321992303, -0.848894073, -0.893798828, -0.309936523, 0.323730469, -0.158814882, 0.894479727, 0.417847918, 0, 0, -0, 0, 0, 0, 0, 0.378895166, -0.122692773, -0.108241162, -0.0886509414, 0.239420704, -0.966864622, 0.854858398, -0.479980469, -0.197143555, -0.51121253, -0.843854256, -0.162133723, 0, 2, 5, 1, 
875.908557, 60, 0.1, 0.1, -0.00676242935, 0.36068985, -0.0199709122, 0.958147921, 1.34508417e-005, 0.286273578, 0.286273578, 1.31415482e-005, -0.958147921, -1.6649974e-005, 1, 8.74092647e-006, 0.95814798, -4.52466483e-006, 0.286273381, 0.28627338, -8.45185281e-006, -0.95814798, 6.75483894e-006, 1, -6.8028346e-006, 0, 0, 0, 0, 0, 0, 0, 0.348876855, -0.186698364, -0.146295996, -0.42248159, 0.321376361, -0.847478343, -0.891967773, -0.312866211, 0.326049805, -0.160247465, 0.893712139, 0.4189832, 0, 0, -0, 0, 0, 0, 0, 0.379158789, -0.122630518, -0.10775, -0.092420221, 0.240973039, -0.966097933, 0.856323242, -0.475708008, -0.200561523, -0.508049159, -0.845777725, -0.162421369, 0, 2, 5, 1, 
875.909253, 60, 0.1, 0.1, -0.0067624332, 0.360689849, -0.0199706969, 0.958147678, -4.75419898e-006, 0.28627439, 0.286274389, -3.20345604e-005, -0.958147678, 1.37258989e-005, 0.999999999, -2.93328342e-005, 0.958147715, 1.5382124e-005, 0.286274268, 0.286274268, -1.61003794e-005, -0.958147715, -1.01292226e-005, 1, -1.9830048e-005, 0, 0, 0, 0, 0, 0, 0, 0.348876855, -0.186698364, -0.146295996, -0.42248159, 0.321376361, -0.847478343, -0.891967773, -0.312866211, 0.326049805, -0.160247465, 0.893712139, 0.4189832, 0, 0, -0, 0, 0, 0, 0, 0.379158789, -0.122630518, -0.10775, -0.092420221, 0.240973039, -0.966097933, 0.856323242, -0.475708008, -0.200561523, -0.508049159, -0.845777725, -0.162421369, 0, 2, 5, 1, 
875.90995, 60, 0.1, 0.1, -0.00676242988, 0.36068985, -0.0199701813, 0.958147572, -1.5018058e-006, 0.286274748, 0.286274747, 4.33604524e-005, -0.958147571, -1.0974051e-005, 0.999999999, 4.19756412e-005, 0.958147579, -1.91654609e-005, 0.286274724, 0.286274724, 2.17700847e-005, -0.958147578, 1.21311149e-005, 1, 2.6345541e-005, 0, 0, 0, 0, 0, 0, 0, 0.348876855, -0.186698364, -0.146295996, -0.42248159, 0.321376361, -0.847478343, -0.891967773, -0.312866211, 0.326049805, -0.160247465, 0.893712139, 0.4189832, 0, 0, -0, 0, 0, 0, 0, 0.379158789, -0.122630518, -0.10775, -0.092420221, 0.240973039, -0.966097933, 0.856323242, -0.475708008, -0.200561523, -0.508049159, -0.845777725, -0.162421369, 0, 2, 5, 1, 
875.910652, 60, 0.1, 0.1, -0.0067624319, 0.360689845, -0.0199694539, 0.958147576, -6.11556842e-006, 0.286274734, 0.286274733, -3.33244784e-005, -0.958147575, 1.53995732e-005, 0.999999999, -3.01790355e-005, 0.95814757, 7.36282269e-006, 0.286274754, 0.286274754, 5.0007027e-006, -0.95814757, -8.4862456e-006, 1, 2.68362088e-006, 0, 0, 0, 0, 0, 0, 0, 0.348876855, -0.186698364, -0.146295996, -0.42248159, 0.321376361, -0.847478343, -0.891967773, -0.312866211, 0.326049805, -0.160247465, 0.893712139, 0.4189832, 0, 0, -0, 0, 0, 0, 0, 0.379158789, -0.122630518, -0.10775, -0.092420221, 0.240973039, -0.966097933, 0.856323242, -0.475708008, -0.200561523, -0.508049159, -0.845777725, -0.162421369, 0, 2, 5, 1, 
875.911349, 60, 0.1, 0.1, -0.00676243146, 0.360689856, -0.0199688534, 0.958147582, 1.70493088e-005, 0.286274713, 0.286274714, -2.3995124e-005, -0.958147581, -9.46655674e-006, 1, -2.78716561e-005, 0.958147582, 1.17377927e-006, 0.286274712, 0.286274712, -5.1438984e-005, -0.958147581, 1.36010266e-005, 0.999999999, -4.96221614e-005, 0, 0, 0, 0, 0, 0, 0, 0.348876855, -0.186698364, -0.146295996, -0.42248159, 0.321376361, -0.847478343, -0.891967773, -0.312866211, 0.326049805, -0.160247465, 0.893712139, 0.4189832, 0, 0, -0, 0, 0, 0, 0, 0.379158789, -0.122630518, -0.10775, -0.092420221, 0.240973039, -0.966097933, 0.856323242, -0.475708008, -0.200561523, -0.508049159, -0.845777725, -0.162421369, 0, 2, 5, 1, 
875.912041, 60, 0.1, 0.1, -0.00676243192, 0.36068985, -0.019968578, 0.958147474, -3.08102537e-005, 0.286275074, 0.286275074, 1.30649942e-005, -0.958147474, 2.57805845e-005, 0.999999999, 2.13383989e-005, 0.958147504, -9.23990986e-006, 0.286274975, 0.286274975, 3.13870484e-005, -0.958147503, -1.32129925e-007, 0.999999999, 3.2718577e-005, 0, 0, 0, 0, 0, 0, 0, 0.348876855, -0.186698364, -0.146295996, -0.42248159, 0.321376361, -0.847478343, -0.891967773, -0.312866211, 0.326049805, -0.160247465, 0.893712139, 0.4189832, 0, 0, -0, 0, 0, 0, 0, 0.379158789, -0.122630518, -0.10775, -0.092420221, 0.240973039, -0.966097933, 0.856323242, -0.475708008, -0.200561523, -0.508049159, -0.845777725, -0.162421369, 0, 2, 5, 1, 
875.912739, 60, 0.1, 0.1, -0.00676242911, 0.360689858, -0.0199686485, 0.958147216, 1.90185251e-005, 0.286275937, 0.286275938, -4.44416484e-005, -0.958147215, -5.49997229e-006, 0.999999999, -4.80261877e-005, 0.958147277, -3.65628897e-006, 0.286275732, 0.286275731, -5.60165762e-005, -0.958147276, 1.95394497e-005, 0.999999998, -5.26254232e-005, 0, 0, 0, 0, 0, 0, 0, 0.348876855, -0.186698364, -0.146295996, -0.42248159, 0.321376361, -0.847478343, -0.891967773, -0.312866211, 0.326049805, -0.160247465, 0.893712139, 0.4189832, 0, 0, -0, 0, 0, 0, 0, 0.379158789, -0.122630518, -0.10775, -0.092420221, 0.240973039, -0.966097933, 0.856323242, -0.475708008, -0.200561523, -0.508049159, -0.845777725, -0.162421369, 0, 2, 5, 1, 
875.913463, 60, 0.1, 0.1, -0.00676243001, 0.360689854, -0.0199688733, 0.958146785, -3.81114865e-005, 0.286277378, 0.28627738, 5.00732748e-005, -0.958146784, 2.21815524e-005, 0.999999998, 5.88880037e-005, 0.958146892, -1.036619e-005, 0.286277021, 0.286277021, 4.73438905e-005, -0.958146891, -3.62113524e-006, 0.999999999, 4.83300035e-005, 0, 0, 0, 0, 0, 0, 0, 0.349163916, -0.187592676, -0.145765527, -0.425660526, 0.321357265, -0.845878766, -0.890625, -0.313354492, 0.329101563, -0.159249603, 0.893591571, 0.419718587, 0, 0, -0, 0, 0, 0, 0, 0.379158789, -0.122630518, -0.10775, -0.095947064, 0.242263614, -0.965407803, 0.856445313, -0.474121094, -0.203979492, -0.507192418, -0.846378537, -0.161980605, 0, 2, 5, 1, 
875.914155, 60, 0.1, 0.1, -0.00676242501, 0.360689851, -0.0199691376, 0.958146267, 1.64651544e-005, 0.286279114, 0.286279114, -2.26472185e-005, -0.958146267, -9.29260057e-006, 1, -2.64129777e-005, 0.95814638, -1.35063398e-005, 0.286278735, 0.286278735, -1.09915339e-005, -0.95814638, 1.6087693e-005, 1, -6.66492053e-006, 0, 0, 0, 0, 0, 0, 0, 0.349163916, -0.187592676, -0.145765527, -0.425660526, 0.321357265, -0.845878766, -0.890625, -0.313354492, 0.329101563, -0.159249603, 0.893591571, 0.419718587, 0, 0, -0, 0, 0, 0, 0, 0.379166699, -0.12322749, -0.107471826, -0.095947064, 0.242263614, -0.965407803, 0.856445313, -0.474121094, -0.203979492, -0.507192418, -0.846378537, -0.161980605, 0, 2, 5, 1, 
875.914848, 60, 0.1, 0.1, -0.00676242928, 0.360689853, -0.0199695599, 0.958145714, -1.81306971e-005, 0.286280963, 0.286280964, 2.12406332e-005, -0.958145714, 1.12910608e-005, 1, 2.55420951e-005, 0.958145821, 1.21346143e-005, 0.286280606, 0.286280606, 4.99738132e-007, -0.958145821, -1.17697953e-005, 1, -2.99508273e-006, 0, 0, 0, 0, 0, 0, 0, 0.349163916, -0.187592676, -0.145765527, -0.425660526, 0.321357265, -0.845878766, -0.890625, -0.313354492, 0.329101563, -0.159249603, 0.893591571, 0.419718587, 0, 0, -0, 0, 0, 0, 0, 0.379166699, -0.12322749, -0.107471826, -0.095947064, 0.242263614, -0.965407803, 0.856445313, -0.474121094, -0.203979492, -0.507192418, -0.846378537, -0.161980605, 0, 2, 5, 1, 
875.915546, 60, 0.1, 0.1, -0.00676242483, 0.360689846, -0.0199700153, 0.958145222, 1.08355602e-005, 0.28628261, 0.286282609, 1.41780443e-005, -0.958145222, -1.44409678e-005, 1, 1.0482593e-005, 0.958145315, -1.77893326e-005, 0.2862823, 0.2862823, 2.97340978e-005, -0.958145315, 8.53241976e-006, 0.999999999, 3.35823575e-005, 0, 0, 0, 0, 0, 0, 0, 0.349163916, -0.187592676, -0.145765527, -0.425660526, 0.321357265, -0.845878766, -0.890625, -0.313354492, 0.329101563, -0.159249603, 0.893591571, 0.419718587, 0, 0, -0, 0, 0, 0, 0, 0.379166699, -0.12322749, -0.107471826, -0.095947064, 0.242263614, -0.965407803, 0.856445313, -0.474121094, -0.203979492, -0.507192418, -0.846378537, -0.161980605, 0, 2, 5, 1, 
875.916242, 60, 0.1, 0.1, -0.00676243016, 0.360689853, -0.0199703307, 0.958144898, -4.6088731e-006, 0.286283695, 0.286283695, -4.28024343e-005, -0.958144897, 1.66696073e-005, 0.999999999, -3.96914889e-005, 0.958144951, 2.10670652e-005, 0.286283518, 0.286283518, -4.66037047e-005, -0.95814495, -6.84342966e-006, 0.999999999, -5.06842579e-005, 0, 0, 0, 0, 0, 0, 0, 0.349163916, -0.187592676, -0.145765527, -0.425660526, 0.321357265, -0.845878766, -0.890625, -0.313354492, 0.329101563, -0.159249603, 0.893591571, 0.419718587, 0, 0, -0, 0, 0, 0, 0, 0.379166699, -0.12322749, -0.107471826, -0.095947064, 0.242263614, -0.965407803, 0.856445313, -0.474121094, -0.203979492, -0.507192418, -0.846378537, -0.161980605, 0, 2, 5, 1, 
875.916937, 60, 0.1, 0.1, -0.00676242607, 0.360689851, -0.019970451, 0.958144771, 1.82664254e-006, 0.286284122, 0.286284121, 3.47875786e-005, -0.95814477, -1.17093194e-005, 0.999999999, 3.28085978e-005, 0.958144782, -2.12792679e-005, 0.286284085, 0.286284085, 3.04916769e-005, -0.958144781, 1.16593377e-005, 0.999999999, 3.53073569e-005, 0, 0, 0, 0, 0, 0, 0, 0.349163916, -0.187592676, -0.145765527, -0.425660526, 0.321357265, -0.845878766, -0.890625, -0.313354492, 0.329101563, -0.159249603, 0.893591571, 0.419718587, 0, 0, -0, 0, 0, 0, 0, 0.379166699, -0.12322749, -0.107471826, -0.095947064, 0.242263614, -0.965407803, 0.856445313, -0.474121094, -0.203979492, -0.507192418, -0.846378537, -0.161980605, 0, 2, 5, 1, 
875.917634, 60, 0.1, 0.1, -0.00676242906, 0.36068985, -0.019970312, 0.958144809, -1.5286609e-005, 0.286283993, 0.286283993, -8.36997558e-006, -0.958144809, 1.70429751e-005, 1, -3.6433372e-006, 0.958144792, 1.00096633e-005, 0.28628405, 0.28628405, -9.50788455e-006, -0.958144792, -6.86875103e-006, 1, -1.1975537e-005, 0, 0, 0, 0, 0, 0, 0, 0.349163916, -0.187592676, -0.145765527, -0.425660526, 0.321357265, -0.845878766, -0.890625, -0.313354492, 0.329101563, -0.159249603, 0.893591571, 0.419718587, 0, 0, -0, 0, 0, 0, 0, 0.379166699, -0.12322749, -0.107471826, -0.095947064, 0.242263614, -0.965407803, 0.856445313, -0.474121094, -0.203979492, -0.507192418, -0.846378537, -0.161980605, 0, 2, 5, 1, 
875.918359, 60, 0.1, 0.1, -0.00676242574, 0.360689849, -0.0199698525, 0.958144947, 2.15095203e-005, 0.28628353, 0.28628353, -9.73351317e-006, -0.958144948, -1.78226937e-005, 1, -1.54839379e-005, 0.958144917, -1.09604427e-005, 0.286283632, 0.286283632, 3.42438262e-006, -0.958144917, 9.52134779e-006, 1, 6.41885016e-006, 0, 0, 0, 0, 0, 0, 0, 0.349371021, -0.188292187, -0.145653101, -0.430381752, 0.320798612, -0.843739631, -0.888549805, -0.314941406, 0.333496094, -0.158625427, 0.893185686, 0.420739293, 0, 0, -0, 0, 0, 0, 0, 0.379166699, -0.12322749, -0.107471826, -0.0998891511, 0.243336905, -0.964743192, 0.856811523, -0.471923828, -0.207763672, -0.50588835, -0.847247671, -0.161297038, 0, 2, 5, 1, 
875.919053, 60, 0.1, 0.1, -0.00676243053, 0.36068985, -0.0199691653, 0.958145056, -1.41378676e-005, 0.286283167, 0.286283167, 4.28015139e-006, -0.958145056, 1.23207927e-005, 1, 8.14843941e-006, 0.958145044, 1.2574494e-005, 0.286283208, 0.286283208, 4.21308858e-006, -0.958145044, -1.32543257e-005, 1, 4.36883437e-007, 0, 0, 0, 0, 0, 0, 0, 0.349371021, -0.188292187, -0.145653101, -0.430381752, 0.320798612, -0.843739631, -0.888549805, -0.314941406, 0.333496094, -0.158625427, 0.893185686, 0.420739293, 0, 0, -0, 0, 0, 0, 0, 0.379156543, -0.123844482, -0.107190234, -0.0998891511, 0.243336905, -0.964743192, 0.856811523, -0.471923828, -0.207763672, -0.50588835, -0.847247671, -0.161297038, 0, 2, 5, 1, 
875.919751, 60, 0.1, 0.1, -0.00676242807, 0.360689851, -0.0199686532, 0.95814507, 1.6295432e-005, 0.28628312, 0.28628312, 4.67135737e-006, -0.95814507, -1.69507186e-005, 1, -1.8926909e-007, 0.958145065, -8.60689566e-006, 0.286283137, 0.286283137, -8.72769448e-007, -0.958145065, 8.49651378e-006, 1, 1.62776935e-006, 0, 0, 0, 0, 0, 0, 0, 0.349371021, -0.188292187, -0.145653101, -0.430381752, 0.320798612, -0.843739631, -0.888549805, -0.314941406, 0.333496094, -0.158625427, 0.893185686, 0.420739293, 0, 0, -0, 0, 0, 0, 0, 0.379156543, -0.123844482, -0.107190234, -0.0998891511, 0.243336905, -0.964743192, 0.856811523, -0.471923828, -0.207763672, -0.50588835, -0.847247671, -0.161297038, 0, 2, 5, 1, 
875.92045, 60, 0.1, 0.1, -0.00676243189, 0.360689849, -0.0199684312, 0.958145087, -1.46281055e-005, 0.286283062, 0.286283062, -3.3504456e-006, -0.958145087, 1.49750232e-005, 1, 9.77565837e-007, 0.958145076, 1.27412823e-005, 0.2862831, 0.2862831, -3.93416769e-006, -0.958145076, -1.10817112e-005, 1, -7.41711719e-006, 0, 0, 0, 0, 0, 0, 0, 0.349371021, -0.188292187, -0.145653101, -0.430381752, 0.320798612, -0.843739631, -0.888549805, -0.314941406, 0.333496094, -0.158625427, 0.893185686, 0.420739293, 0, 0, -0, 0, 0, 0, 0, 0.379156543, -0.123844482, -0.107190234, -0.0998891511, 0.243336905, -0.964743192, 0.856811523, -0.471923828, -0.207763672, -0.50588835, -0.847247671, -0.161297038, 0, 2, 5, 1, 
875.921179, 60, 0.1, 0.1, -0.00676242838, 0.36068985, -0.0199682856, 0.958145129, 1.51536283e-005, 0.286282921, 0.286282921, -3.03944784e-006, -0.958145129, -1.36492331e-005, 1, -7.25045711e-006, 0.958145126, -9.68178653e-006, 0.286282934, 0.286282933, -9.40562046e-006, -0.958145126, 1.19692252e-005, 1, -6.24021915e-006, 0, 0, 0, 0, 0, 0, 0, 0.349608521, -0.18890625, -0.145739624, -0.434569411, 0.321927902, -0.841187497, -0.88671875, -0.315795898, 0.337280273, -0.156973431, 0.892512456, 0.422806913, 0, 0, -0, 0, 0, 0, 0, 0.379192773, -0.12420332, -0.106474121, -0.103077309, 0.244883043, -0.963989263, 0.857055664, -0.469848633, -0.2109375, -0.504750526, -0.847944364, -0.161463282, 0, 2, 5, 1, 
875.921869, 60, 0.1, 0.1, -0.00676243192, 0.36068985, -0.0199684878, 0.958145137, -1.51572556e-005, 0.286282896, 0.286282896, -6.33291168e-006, -0.958145137, 1.6335855e-005, 1, -1.72858551e-006, 0.958145128, 1.17238724e-005, 0.286282925, 0.286282925, -8.02458817e-006, -0.958145128, -8.93586869e-006, 1, -1.10450646e-005, 0, 0, 0, 0, 0, 0, 0, 0.349608521, -0.18890625, -0.145739624, -0.434569411, 0.321927902, -0.841187497, -0.88671875, -0.315795898, 0.337280273, -0.156973431, 0.892512456, 0.422806913, 0, 0, -0, 0, 0, 0, 0, 0.379192773, -0.12420332, -0.106474121, -0.103077309, 0.244883043, -0.963989263, 0.857055664, -0.469848633, -0.2109375, -0.504750526, -0.847944364, -0.161463282, 0, 2, 5, 1, 
875.922571, 60, 0.1, 0.1, -0.00676242789, 0.360689848, -0.0199690084, 0.958145237, 1.5861984e-005, 0.286282559, 0.286282559, -3.53840665e-006, -0.958145238, -1.41851003e-005, 1, -7.93131685e-006, 0.958145216, -1.47042642e-005, 0.286282632, 0.286282633, 8.94522707e-006, -0.958145216, 1.15279572e-005, 1, 1.2780402e-005, 0, 0, 0, 0, 0, 0, 0, 0.349608521, -0.18890625, -0.145739624, -0.434569411, 0.321927902, -0.841187497, -0.88671875, -0.315795898, 0.337280273, -0.156973431, 0.892512456, 0.422806913, 0, 0, -0, 0, 0, 0, 0, 0.379192773, -0.12420332, -0.106474121, -0.103077309, 0.244883043, -0.963989263, 0.857055664, -0.469848633, -0.2109375, -0.504750526, -0.847944364, -0.161463282, 0, 2, 5, 1, 
875.923342, 60, 0.1, 0.1, -0.00676243138, 0.360689847, -0.0199691976, 0.958145325, -2.55147456e-005, 0.286282265, 0.286282265, 1.4887182e-005, -0.958145325, 2.0184898e-005, 1, 2.1568503e-005, 0.958145319, 2.92348973e-007, 0.286282288, 0.286282288, 1.53093472e-005, -0.958145318, -4.66290773e-006, 1, 1.4584885e-005, 0, 0, 0, 0, 0, 0, 0, 0.349608521, -0.18890625, -0.145739624, -0.434569411, 0.321927902, -0.841187497, -0.88671875, -0.315795898, 0.337280273, -0.156973431, 0.892512456, 0.422806913, 0, 0, -0, 0, 0, 0, 0, 0.379192773, -0.12420332, -0.106474121, -0.103077309, 0.244883043, -0.963989263, 0.857055664, -0.469848633, -0.2109375, -0.504750526, -0.847944364, -0.161463282, 0, 2, 5, 1, 
875.924041, 60, 0.1, 0.1, -0.00676242831, 0.36068985, -0.0199689814, 0.958145283, 1.98237482e-005, 0.286282408, 0.286282408, -2.16779301e-005, -0.958145282, -1.27880208e-005, 1, -2.64457969e-005, 0.958145304, -5.05188935e-006, 0.286282337, 0.286282337, -2.89517077e-005, -0.958145304, 1.31288066e-005, 1, -2.62936761e-005, 0, 0, 0, 0, 0, 0, 0, 0.349608521, -0.18890625, -0.145739624, -0.434569411, 0.321927902, -0.841187497, -0.88671875, -0.315795898, 0.337280273, -0.156973431, 0.892512456, 0.422806913, 0, 0, -0, 0, 0, 0, 0, 0.379192773, -0.12420332, -0.106474121, -0.103077309, 0.244883043, -0.963989263, 0.857055664, -0.469848633, -0.2109375, -0.504750526, -0.847944364, -0.161463282, 0, 2, 5, 1, 
875.924743, 60, 0.1, 0.1, -0.0067624319, 0.360689849, -0.0199688869, 0.958145099, -1.2913826e-005, 0.286283024, 0.286283024, -4.47224922e-006, -0.958145099, 1.36536481e-005, 1, -5.8805451e-007, 0.958145142, 7.79780996e-006, 0.28628288, 0.28628288, 1.30371281e-005, -0.958145142, -1.12037403e-005, 1, 1.02590815e-005, 0, 0, 0, 0, 0, 0, 0, 0.349608521, -0.18890625, -0.145739624, -0.434569411, 0.321927902, -0.841187497, -0.88671875, -0.315795898, 0.337280273, -0.156973431, 0.892512456, 0.422806913, 0, 0, -0, 0, 0, 0, 0, 0.379192773, -0.12420332, -0.106474121, -0.103077309, 0.244883043, -0.963989263, 0.857055664, -0.469848633, -0.2109375, -0.504750526, -0.847944364, -0.161463282, 0, 2, 5, 1, 
875.925465, 60, 0.1, 0.1, -0.00676242963, 0.360689849, -0.0199689345, 0.958144921, 2.20593638e-005, 0.286283618, 0.286283618, -4.19892699e-007, -0.958144921, -2.1015859e-005, 1, -6.71755254e-006, 0.958144965, -6.66009722e-006, 0.286283473, 0.286283473, -8.08072839e-006, -0.958144965, 8.69471761e-006, 1, -5.83583346e-006, 0, 0, 0, 0, 0, 0, 0, 0.349608521, -0.18890625, -0.145739624, -0.43858745, 0.321717846, -0.839117633, -0.884399414, -0.319702148, 0.33972168, -0.158932467, 0.891186214, 0.424950917, 0, 0, -0, 0, 0, 0, 0, 0.379192773, -0.12420332, -0.106474121, -0.103077309, 0.244883043, -0.963989263, 0.857055664, -0.469848633, -0.2109375, -0.504750526, -0.847944364, -0.161463282, 0, 2, 5, 1, 
875.926186, 60, 0.1, 0.1, -0.00676243464, 0.360689848, -0.0199687558, 0.958144731, -1.10491349e-005, 0.286284256, 0.286284256, -2.44156108e-006, -0.958144731, 1.12856509e-005, 1, 8.23824472e-007, 0.958144759, 1.85259762e-005, 0.286284159, 0.286284159, -3.91219737e-006, -0.95814476, -1.66305669e-005, 1, -9.05214492e-006, 0, 0, 0, 0, 0, 0, 0, 0.349843701, -0.188697778, -0.145180835, -0.43858745, 0.321717846, -0.839117633, -0.884399414, -0.319702148, 0.33972168, -0.158932467, 0.891186214, 0.424950917, 0, 0, -0, 0, 0, 0, 0, 0.379557471, -0.124400684, -0.105786328, -0.105217328, 0.24579009, -0.963574019, 0.858398438, -0.466552734, -0.212768555, -0.501906884, -0.849567428, -0.161910609, 0, 2, 5, 1, 
875.92689, 60, 0.1, 0.1, -0.00676243197, 0.360689849, -0.0199687477, 0.958144556, 9.48369217e-006, 0.286284839, 0.286284839, 2.2674804e-005, -0.958144556, -1.55782006e-005, 1, 1.90107028e-005, 0.958144594, -9.42217512e-006, 0.286284713, 0.286284713, -3.01238892e-006, -0.958144594, 9.89020706e-006, 1, -1.8887946e-007, 0, 0, 0, 0, 0, 0, 0, 0.349843701, -0.188697778, -0.145180835, -0.43858745, 0.321717846, -0.839117633, -0.884399414, -0.319702148, 0.33972168, -0.158932467, 0.891186214, 0.424950917, 0, 0, -0, 0, 0, 0, 0, 0.379557471, -0.124400684, -0.105786328, -0.105217328, 0.24579009, -0.963574019, 0.858398438, -0.466552734, -0.212768555, -0.501906884, -0.849567428, -0.161910609, 0, 2, 5, 1, 
875.927588, 60, 0.1, 0.1, -0.00676243513, 0.360689846, -0.0199688893, 0.958144414, -1.02501636e-005, 0.286285315, 0.286285314, -1.8900524e-005, -0.958144414, 1.52320795e-005, 1, -1.51749601e-005, 0.958144431, 1.14930915e-005, 0.286285258, 0.286285258, -2.38052465e-006, -0.958144431, -1.03305325e-005, 1, -5.5711891e-006, 0, 0, 0, 0, 0, 0, 0, 0.349843701, -0.188697778, -0.145180835, -0.43858745, 0.321717846, -0.839117633, -0.884399414, -0.319702148, 0.33972168, -0.158932467, 0.891186214, 0.424950917, 0, 0, -0, 0, 0, 0, 0, 0.379557471, -0.124400684, -0.105786328, -0.105217328, 0.24579009, -0.963574019, 0.858398438, -0.466552734, -0.212768555, -0.501906884, -0.849567428, -0.161910609, 0, 2, 5, 1, 
875.928284, 60, 0.1, 0.1, -0.00676243154, 0.360689846, -0.0199692525, 0.958144399, 6.47293999e-006, 0.286285367, 0.286285367, 2.12180091e-005, -0.958144398, -1.22764167e-005, 1, 1.84768085e-005, 0.95814439, -1.78140913e-005, 0.286285395, 0.286285395, 1.63301965e-005, -0.95814439, 1.23933749e-005, 1, 2.07466003e-005, 0, 0, 0, 0, 0, 0, 0, 0.349843701, -0.188697778, -0.145180835, -0.43858745, 0.321717846, -0.839117633, -0.884399414, -0.319702148, 0.33972168, -0.158932467, 0.891186214, 0.424950917, 0, 0, -0, 0, 0, 0, 0, 0.379557471, -0.124400684, -0.105786328, -0.105217328, 0.24579009, -0.963574019, 0.858398438, -0.466552734, -0.212768555, -0.501906884, -0.849567428, -0.161910609, 0, 2, 5, 1, 
875.92898, 60, 0.1, 0.1, -0.00676243546, 0.360689847, -0.0199697004, 0.958144525, -1.0603244e-005, 0.286284945, 0.286284945, -1.8414924e-005, -0.958144524, 1.54313556e-005, 1, -1.46086094e-005, 0.958144492, 1.50547601e-005, 0.286285054, 0.286285055, -2.10388404e-005, -0.958144492, -8.40152992e-006, 1, -2.44682019e-005, 0, 0, 0, 0, 0, 0, 0, 0.349843701, -0.188697778, -0.145180835, -0.43858745, 0.321717846, -0.839117633, -0.884399414, -0.319702148, 0.33972168, -0.158932467, 0.891186214, 0.424950917, 0, 0, -0, 0, 0, 0, 0, 0.379557471, -0.124400684, -0.105786328, -0.105217328, 0.24579009, -0.963574019, 0.858398438, -0.466552734, -0.212768555, -0.501906884, -0.849567428, -0.161910609, 0, 2, 5, 1, 
875.929673, 60, 0.1, 0.1, -0.00676243261, 0.360689847, -0.019970133, 0.958144737, 2.00877578e-005, 0.286284235, 0.286284235, -1.05411251e-005, -0.958144737, -1.62292215e-005, 1, -1.58507319e-005, 0.958144693, -9.05010281e-006, 0.286284381, 0.286284381, 3.45418457e-008, -0.958144693, 8.66141919e-006, 1, 2.62399917e-006, 0, 0, 0, 0, 0, 0, 0, 0.349843701, -0.188697778, -0.145180835, -0.43858745, 0.321717846, -0.839117633, -0.884399414, -0.319702148, 0.33972168, -0.158932467, 0.891186214, 0.424950917, 0, 0, -0, 0, 0, 0, 0, 0.379557471, -0.124400684, -0.105786328, -0.105217328, 0.24579009, -0.963574019, 0.858398438, -0.466552734, -0.212768555, -0.501906884, -0.849567428, -0.161910609, 0, 2, 5, 1, 
875.930395, 60, 0.1, 0.1, -0.00676243699, 0.360689848, -0.0199703085, 0.958144919, -1.71860869e-005, 0.286283625, 0.286283626, 9.47711546e-006, -0.958144919, 1.37536189e-005, 1, 1.40005453e-005, 0.958144892, 1.05190472e-005, 0.286283714, 0.286283714, 8.41480834e-006, -0.958144892, -1.24877939e-005, 1, 5.05117372e-006, 0, 0, 0, 0, 0, 0, 0, 0.349747998, -0.189544604, -0.144657202, -0.44052252, 0.322644193, -0.837682807, -0.883666992, -0.319946289, 0.341430664, -0.15788443, 0.890792311, 0.426206766, 0, 0, -0, 0, 0, 0, 0, 0.379557471, -0.124400684, -0.105786328, -0.106520663, 0.246799582, -0.963158775, 0.858764648, -0.465332031, -0.214233398, -0.501184671, -0.849829554, -0.162357936, 0, 2, 5, 1, 
875.931089, 60, 0.1, 0.1, -0.00676243482, 0.36068985, -0.0199700514, 0.958144965, 2.08850157e-005, 0.286283471, 0.286283472, -1.90046683e-005, -0.958144965, -1.45701502e-005, 1, -2.4188262e-005, 0.958144968, -1.78498168e-006, 0.286283462, 0.286283462, -2.70896543e-005, -0.958144967, 9.46559125e-006, 1, -2.54448052e-005, 0, 0, 0, 0, 0, 0, 0, 0.349747998, -0.189544604, -0.144657202, -0.44052252, 0.322644193, -0.837682807, -0.883666992, -0.319946289, 0.341430664, -0.15788443, 0.890792311, 0.426206766, 0, 0, -0, 0, 0, 0, 0, 0.379709668, -0.125232373, -0.104652051, -0.106520663, 0.246799582, -0.963158775, 0.858764648, -0.465332031, -0.214233398, -0.501184671, -0.849829554, -0.162357936, 0, 2, 5, 1, 
875.931779, 60, 0.1, 0.1, -0.00676243785, 0.360689848, -0.0199697773, 0.958144869, -1.54535034e-005, 0.286283793, 0.286283793, 8.67661382e-007, -0.958144869, 1.45582976e-005, 1, 5.25543288e-006, 0.958144896, 5.14948571e-006, 0.286283702, 0.286283701, 1.73041224e-005, -0.958144896, -9.88784165e-006, 1, 1.51056427e-005, 0, 0, 0, 0, 0, 0, 0, 0.349747998, -0.189544604, -0.144657202, -0.44052252, 0.322644193, -0.837682807, -0.883666992, -0.319946289, 0.341430664, -0.15788443, 0.890792311, 0.426206766, 0, 0, -0, 0, 0, 0, 0, 0.379709668, -0.125232373, -0.104652051, -0.106520663, 0.246799582, -0.963158775, 0.858764648, -0.465332031, -0.214233398, -0.501184671, -0.849829554, -0.162357936, 0, 2, 5, 1, 
875.932471, 60, 0.1, 0.1, -0.00676243578, 0.360689851, -0.0199695216, 0.958144684, 1.27313842e-005, 0.286284413, 0.286284412, 1.26295746e-005, -0.958144684, -1.58141585e-005, 1, 8.45616294e-006, 0.958144722, -5.58718296e-006, 0.286284285, 0.286284285, -1.31719643e-005, -0.958144722, 9.12425624e-006, 1, -1.10211254e-005, 0, 0, 0, 0, 0, 0, 0, 0.349747998, -0.189544604, -0.144657202, -0.44052252, 0.322644193, -0.837682807, -0.883666992, -0.319946289, 0.341430664, -0.15788443, 0.890792311, 0.426206766, 0, 0, -0, 0, 0, 0, 0, 0.379709668, -0.125232373, -0.104652051, -0.106520663, 0.246799582, -0.963158775, 0.858764648, -0.465332031, -0.214233398, -0.501184671, -0.849829554, -0.162357936, 0, 2, 5, 1, 
875.933183, 60, 0.1, 0.1, -0.00676243934, 0.360689849, -0.0199692385, 0.958144525, -8.51317502e-006, 0.286284944, 0.286284944, -2.19381154e-005, -0.958144525, 1.44374042e-005, 1, -1.85826913e-005, 0.958144546, 1.30151538e-005, 0.286284874, 0.286284874, -7.58707117e-006, -0.958144546, -1.02983349e-005, 1, -1.09955525e-005, 0, 0, 0, 0, 0, 0, 0, 0.349747998, -0.189544604, -0.144657202, -0.44052252, 0.322644193, -0.837682807, -0.883666992, -0.319946289, 0.341430664, -0.15788443, 0.890792311, 0.426206766, 0, 0, -0, 0, 0, 0, 0, 0.379232764, -0.125801025, -0.104590527, -0.110494833, 0.248428842, -0.962334483, 0.858520508, -0.463867188, -0.218261719, -0.500743174, -0.850149283, -0.162025814, 0, 2, 5, 1, 
875.933875, 60, 0.1, 0.1, -0.00676243597, 0.360689848, -0.0199690206, 0.958144499, 7.21743354e-006, 0.28628503, 0.28628503, 2.86653079e-005, -0.958144499, -1.51217928e-005, 1, 2.53992639e-005, 0.958144492, -1.65296212e-005, 0.286285055, 0.286285055, 2.20637355e-005, -0.958144492, 9.52124774e-006, 1, 2.58724302e-005, 0, 0, 0, 0, 0, 0, 0, 0.349747998, -0.189544604, -0.144657202, -0.44052252, 0.322644193, -0.837682807, -0.883666992, -0.319946289, 0.341430664, -0.15788443, 0.890792311, 0.426206766, 0, 0, -0, 0, 0, 0, 0, 0.379232764, -0.125801025, -0.104590527, -0.110494833, 0.248428842, -0.962334483, 0.858520508, -0.463867188, -0.218261719, -0.500743174, -0.850149283, -0.162025814, 0, 2, 5, 1, 
875.934568, 60, 0.1, 0.1, -0.00676243971, 0.360689848, -0.0199690609, 0.958144617, -1.30439231e-005, 0.286284635, 0.286284635, -6.00642727e-006, -0.958144617, 1.42175126e-005, 1, -2.02075119e-006, 0.958144586, 1.40181154e-005, 0.28628474, 0.28628474, -8.99131889e-006, -0.958144586, -1.0857304e-005, 1, -1.2628156e-005, 0, 0, 0, 0, 0, 0, 0, 0.349747998, -0.189544604, -0.144657202, -0.44052252, 0.322644193, -0.837682807, -0.883666992, -0.319946289, 0.341430664, -0.15788443, 0.890792311, 0.426206766, 0, 0, -0, 0, 0, 0, 0, 0.379232764, -0.125801025, -0.104590527, -0.110494833, 0.248428842, -0.962334483, 0.858520508, -0.463867188, -0.218261719, -0.500743174, -0.850149283, -0.162025814, 0, 2, 5, 1, 
875.935276, 60, 0.1, 0.1, -0.00676243594, 0.360689845, -0.0199691941, 0.95814483, 1.68006813e-005, 0.286283924, 0.286283924, -9.00465572e-009, -0.95814483, -1.6094908e-005, 1, -4.81839273e-006, 0.958144788, -1.2449209e-005, 0.286284065, 0.286284065, 1.21082173e-005, -0.958144788, 8.4617551e-006, 1, 1.51654354e-005, 0, 0, 0, 0, 0, 0, 0, 0.349144043, -0.190140356, -0.144315552, -0.443707448, 0.324135186, -0.835492375, -0.882324219, -0.320556641, 0.344238281, -0.156144068, 0.890061794, 0.428331675, 0, 0, -0, 0, 0, 0, 0, 0.379232764, -0.125801025, -0.104590527, -0.110494833, 0.248428842, -0.962334483, 0.858520508, -0.463867188, -0.218261719, -0.500743174, -0.850149283, -0.162025814, 0, 2, 5, 1, 
875.935968, 60, 0.1, 0.1, -0.0067624396, 0.360689845, -0.0199694013, 0.958145005, -1.90529585e-005, 0.286283335, 0.286283336, 1.36807912e-005, -0.958145005, 1.43389145e-005, 1, 1.85627263e-005, 0.95814498, 6.82566953e-006, 0.28628342, 0.28628342, 1.38151017e-005, -0.95814498, -1.04950156e-005, 1, 1.12827943e-005, 0, 0, 0, 0, 0, 0, 0, 0.349144043, -0.190140356, -0.144315552, -0.443707448, 0.324135186, -0.835492375, -0.882324219, -0.320556641, 0.344238281, -0.156144068, 0.890061794, 0.428331675, 0, 0, -0, 0, 0, 0, 0, 0.379232764, -0.125801025, -0.104590527, -0.110494833, 0.248428842, -0.962334483, 0.858520508, -0.463867188, -0.218261719, -0.500743174, -0.850149283, -0.162025814, 0, 2, 5, 1, 
875.93666, 60, 0.1, 0.1, -0.00676243696, 0.360689847, -0.0199697324, 0.958145051, 1.87531555e-005, 0.286283183, 0.286283184, -2.09442564e-005, -0.958145051, -1.19722547e-005, 1, -2.54363487e-005, 0.958145055, -4.23268259e-006, 0.286283172, 0.286283172, -2.80314752e-005, -0.958145054, 1.20804635e-005, 1, -2.56464735e-005, 0, 0, 0, 0, 0, 0, 0, 0.349144043, -0.190140356, -0.144315552, -0.443707448, 0.324135186, -0.835492375, -0.882324219, -0.320556641, 0.344238281, -0.156144068, 0.890061794, 0.428331675, 0, 0, -0, 0, 0, 0, 0, 0.379232764, -0.125801025, -0.104590527, -0.110494833, 0.248428842, -0.962334483, 0.858520508, -0.463867188, -0.218261719, -0.500743174, -0.850149283, -0.162025814, 0, 2, 5, 1, 
875.937353, 60, 0.1, 0.1, -0.00676243982, 0.360689846, -0.019970053, 0.958144954, -1.58409036e-005, 0.286283508, 0.286283508, -4.20522093e-006, -0.958144954, 1.63817673e-005, 1, 5.05778237e-007, 0.958144981, 4.30926892e-006, 0.286283418, 0.286283418, 1.25427903e-005, -0.958144981, -7.71969728e-006, 1, 1.07841394e-005, 0, 0, 0, 0, 0, 0, 0, 0.349144043, -0.190140356, -0.144315552, -0.443707448, 0.324135186, -0.835492375, -0.882324219, -0.320556641, 0.344238281, -0.156144068, 0.890061794, 0.428331675, 0, 0, -0, 0, 0, 0, 0, 0.379232764, -0.125801025, -0.104590527, -0.110494833, 0.248428842, -0.962334483, 0.858520508, -0.463867188, -0.218261719, -0.500743174, -0.850149283, -0.162025814, 0, 2, 5, 1, 
875.938085, 60, 0.1, 0.1, -0.00676243757, 0.36068985, -0.019969956, 0.958144759, 1.22136855e-005, 0.28628416, 0.28628416, 6.15304386e-006, -0.958144759, -1.34639978e-005, 1, 2.39892202e-006, 0.958144797, -5.22261776e-006, 0.286284033, 0.286284033, -1.95326937e-005, -0.958144797, 1.05959224e-005, 1, -1.72199968e-005, 0, 0, 0, 0, 0, 0, 0, 0.348136084, -0.191408643, -0.143993433, -0.446186946, 0.325518715, -0.833613471, -0.881835937, -0.318481445, 0.34753418, -0.15229078, 0.89021344, 0.429270005, 0, 0, -0, 0, 0, 0, 0, 0.378800293, -0.12685083, -0.104532178, -0.113517113, 0.249400055, -0.961669873, 0.857788086, -0.463745117, -0.221435547, -0.501183571, -0.850047204, -0.161342247, 0, 2, 5, 1, 
875.93878, 60, 0.1, 0.1, -0.00676244075, 0.36068985, -0.0199695946, 0.958144602, -9.50946587e-006, 0.286284687, 0.286284686, -2.47711394e-005, -0.958144602, 1.62030413e-005, 1, -2.1011919e-005, 0.958144623, 1.14563079e-005, 0.286284615, 0.286284615, -1.11829293e-005, -0.958144623, -7.77529917e-006, 1, -1.39946283e-005, 0, 0, 0, 0, 0, 0, 0, 0.348136084, -0.191408643, -0.143993433, -0.446186946, 0.325518715, -0.833613471, -0.881835937, -0.318481445, 0.34753418, -0.15229078, 0.89021344, 0.429270005, 0, 0, -0, 0, 0, 0, 0, 0.378800293, -0.12685083, -0.104532178, -0.113517113, 0.249400055, -0.961669873, 0.857788086, -0.463745117, -0.221435547, -0.501183571, -0.850047204, -0.161342247, 0, 2, 5, 1, 
875.939483, 60, 0.1, 0.1, -0.00676243706, 0.360689849, -0.0199692863, 0.958144574, 5.92540078e-006, 0.286284781, 0.286284781, 2.70391652e-005, -0.958144573, -1.34182921e-005, 1, 2.42110773e-005, 0.958144566, -1.82256954e-005, 0.286284806, 0.286284806, 2.00695599e-005, -0.958144566, 1.1717241e-005, 1, 2.44472795e-005, 0, 0, 0, 0, 0, 0, 0, 0.348136084, -0.191408643, -0.143993433, -0.446186946, 0.325518715, -0.833613471, -0.881835937, -0.318481445, 0.34753418, -0.15229078, 0.89021344, 0.429270005, 0, 0, -0, 0, 0, 0, 0, 0.378800293, -0.12685083, -0.104532178, -0.113517113, 0.249400055, -0.961669873, 0.857788086, -0.463745117, -0.221435547, -0.501183571, -0.850047204, -0.161342247, 0, 2, 5, 1, 
875.940181, 60, 0.1, 0.1, -0.00676244056, 0.360689849, -0.0199690188, 0.958144691, -1.46834777e-005, 0.286284388, 0.286284387, -6.61354449e-006, -0.958144691, 1.59622507e-005, 1, -2.13308213e-006, 0.95814466, 1.23584497e-005, 0.28628449, 0.286284491, -9.88063242e-006, -0.95814466, -9.01251079e-006, 1, -1.30051077e-005, 0, 0, 0, 0, 0, 0, 0, 0.348136084, -0.191408643, -0.143993433, -0.446186946, 0.325518715, -0.833613471, -0.881835937, -0.318481445, 0.34753418, -0.15229078, 0.89021344, 0.429270005, 0, 0, -0, 0, 0, 0, 0, 0.378800293, -0.12685083, -0.104532178, -0.113517113, 0.249400055, -0.961669873, 0.857788086, -0.463745117, -0.221435547, -0.501183571, -0.850047204, -0.161342247, 0, 2, 5, 1, 
875.940887, 60, 0.1, 0.1, -0.00676243622, 0.360689846, -0.0199688465, 0.958144903, 1.40310064e-005, 0.286283677, 0.286283677, 1.39559525e-006, -0.958144903, -1.38432734e-005, 1, -2.67966563e-006, 0.95814486, -1.6031352e-005, 0.286283821, 0.286283821, 1.36753322e-005, -0.95814486, 1.14453312e-005, 1, 1.76924659e-005, 0, 0, 0, 0, 0, 0, 0, 0.348136084, -0.191408643, -0.143993433, -0.446186946, 0.325518715, -0.833613471, -0.881835937, -0.318481445, 0.34753418, -0.15229078, 0.89021344, 0.429270005, 0, 0, -0, 0, 0, 0, 0, 0.378800293, -0.12685083, -0.104532178, -0.113517113, 0.249400055, -0.961669873, 0.857788086, -0.463745117, -0.221435547, -0.501183571, -0.850047204, -0.161342247, 0, 2, 5, 1, 
875.941579, 60, 0.1, 0.1, -0.00676243948, 0.360689845, -0.0199689359, 0.958145079, -2.11969781e-005, 0.286283088, 0.286283088, 1.58692404e-005, -0.958145079, 1.57666852e-005, 1, 2.12733709e-005, 0.958145054, 4.98827299e-006, 0.286283173, 0.286283172, 1.58852186e-005, -0.958145054, -9.32715987e-006, 1, 1.3792285e-005, 0, 0, 0, 0, 0, 0, 0, 0.348136084, -0.191408643, -0.143993433, -0.446186946, 0.325518715, -0.833613471, -0.881835937, -0.318481445, 0.34753418, -0.15229078, 0.89021344, 0.429270005, 0, 0, -0, 0, 0, 0, 0, 0.378800293, -0.12685083, -0.104532178, -0.113517113, 0.249400055, -0.961669873, 0.857788086, -0.463745117, -0.221435547, -0.501183571, -0.850047204, -0.161342247, 0, 2, 5, 1, 
875.942272, 60, 0.1, 0.1, -0.00676243669, 0.360689847, -0.0199692998, 0.958145123, 1.93821449e-005, 0.286282942, 0.286282942, -1.90153669e-005, -0.958145123, -1.31271324e-005, 1, -2.37682586e-005, 0.958145127, -4.51019159e-006, 0.286282928, 0.286282928, -2.62750752e-005, -0.958145127, 1.18435236e-005, 1, -2.38841444e-005, 0, 0, 0, 0, 0, 0, 0, 0.348136084, -0.191408643, -0.143993433, -0.446186946, 0.325518715, -0.833613471, -0.881835937, -0.318481445, 0.34753418, -0.15229078, 0.89021344, 0.429270005, 0, 0, -0, 0, 0, 0, 0, 0.378800293, -0.12685083, -0.104532178, -0.113517113, 0.249400055, -0.961669873, 0.857788086, -0.463745117, -0.221435547, -0.501183571, -0.850047204, -0.161342247, 0, 2, 5, 1, 
875.942993, 60, 0.1, 0.1, -0.00676244011, 0.360689845, -0.0199694449, 0.958145014, -1.4676098e-005, 0.286283308, 0.286283308, -4.99240571e-009, -0.958145014, 1.40632594e-005, 1, 4.19673844e-006, 0.958145042, 5.85777344e-006, 0.286283212, 0.286283212, 1.74851385e-005, -0.958145042, -1.06182982e-005, 1, 1.50763166e-005, 0, 0, 0, 0, 0, 0, 0, 0.349071753, -0.190526294, -0.144120728, -0.449463606, 0.325435218, -0.831911301, -0.879394531, -0.324462891, 0.348266602, -0.156591893, 0.888125602, 0.432213798, 0, 0, -0, 0, 0, 0, 0, 0.379372119, -0.126103955, -0.10428623, -0.116270337, 0.251207953, -0.960922507, 0.859741211, -0.458862305, -0.223876953, -0.497176952, -0.852066555, -0.162613866, 0, 2, 5, 1, 
875.943687, 60, 0.1, 0.1, -0.00676243823, 0.360689848, -0.0199696283, 0.958144817, 1.40283258e-005, 0.286283967, 0.286283967, 7.22993079e-006, -0.958144817, -1.55109809e-005, 1, 2.91123596e-006, 0.958144858, -4.33286675e-006, 0.286283831, 0.286283831, -1.78183363e-005, -0.958144857, 9.25261556e-006, 1, -1.58321176e-005, 0, 0, 0, 0, 0, 0, 0, 0.349071753, -0.190526294, -0.144120728, -0.449463606, 0.325435218, -0.831911301, -0.879394531, -0.324462891, 0.348266602, -0.156591893, 0.888125602, 0.432213798, 0, 0, -0, 0, 0, 0, 0, 0.379372119, -0.126103955, -0.10428623, -0.116270337, 0.251207953, -0.960922507, 0.859741211, -0.458862305, -0.223876953, -0.497176952, -0.852066555, -0.162613866, 0, 2, 5, 1, 
