time, trialNum, realDorsalTactorPos, realVentralTactorPos, boxPosX, boxPosY, boxPosZ, boxLocalRot_11, boxLocalRot_12, boxLocalRot_13, boxLocalRot_21, boxLocalRot_22, boxLocalRot_23, boxLocalRot_31, boxLocalRot_32, boxLocalRot_33, boxGlobalRot_11, boxGlobalRot_12, boxGlobalRot_13, boxGlobalRot_21, boxGlobalRot_22, boxGlobalRot_23, boxGlobalRot_31, boxGlobalRot_32, boxGlobalRot_33, indexForceX, indexForceY, indexForceZ, indexForceGlobalX, indexForceGlobalY, indexForceGlobalZ, indexContact, indexPosX, indexPosY, indexPosZ, indexRot_11, indexRot_12, indexRot_13, indexRot_21, indexRot_22, indexRot_23, indexRot_31, indexRot_32, indexRot_33, thumbForceX, thumbForceY, thumbForceZ, thumbForceGlobalX, thumbForceGlobalY, thumbForceGlobalZ, thumbContact, thumbPosX, thumbPosY, thumbPosZ, thumbRot_11, thumbRot_12, thumbRot_13, thumbRot_21, thumbRot_22, thumbRot_23, thumbRot_31, thumbRot_32, thumbRot_33, manipForceTooHigh, cceExpType, mapping, trialSuccess, 
797.218973, 55, 0.1, 0.1, 0.000502821487, 0.372302025, -0.0199687071, 0.906424908, -0.422367003, -1.40523091e-006, 0.422367003, 0.906424908, -2.45433342e-005, 1.16400308e-005, 2.16531663e-005, 1, 0.906425255, -0.42236626, -1.24982388e-005, 0.422366259, 0.906425254, -3.59552165e-005, 2.65149896e-005, 2.73118819e-005, 0.999999999, 0, 0, 0, 0, 0, 0, 0, 0.376139575, 0.0493543701, -0.26845415, 0.593856649, 0.502191955, -0.628386603, -0.527832031, 0.832763672, 0.166748047, 0.60707939, 0.232777426, 0.759754774, 0, -0, 0, 0, 0, 0, 0, 0.424307959, 0.0131206055, -0.215954639, 0.54735505, 0.0530102976, -0.835093913, -0.792724609, -0.286621094, -0.537719727, -0.26786159, 0.956582123, -0.114898046, 0, 2, 5, 1, 
797.239402, 55, 0.1, 0.1, 0.000502833236, 0.372301968, -0.019975016, 0.906404946, -0.422409841, 2.47361992e-005, 0.422409841, 0.906404946, 5.37716477e-007, -2.26481501e-005, 9.96142511e-006, 1, 0.906404914, -0.42240991, 2.35418607e-006, 0.42240991, 0.906404914, 1.16202672e-005, -7.04236186e-006, -9.5382358e-006, 1, 0, 0, 0, 0, 0, 0, 0, 0.38045791, 0.0421102051, -0.267426172, 0.608862054, 0.487119905, -0.626061378, -0.518310547, 0.841674805, 0.150756836, 0.60037705, 0.232816358, 0.765071723, 0, -0, 0, 0, 0, 0, 0, 0.428231543, 0.00701962891, -0.214383398, 0.554064954, 0.0416882326, -0.831306776, -0.790039063, -0.287597656, -0.541137695, -0.261632929, 0.956865039, -0.126406045, 0, 2, 5, 1, 
797.240123, 55, 0.1, 0.1, 0.000502831074, 0.37230197, -0.0199758465, 0.906405133, -0.42240944, -2.42993429e-005, 0.42240944, 0.906405133, 4.86004673e-007, 2.18197562e-005, -1.0704789e-005, 1, 0.906405093, -0.422409525, 5.56784317e-006, 0.422409525, 0.906405093, -7.22377622e-006, -1.99532953e-006, 8.89957755e-006, 1, 0, 0, 0, 0, 0, 0, 0, 0.381610254, 0.0414491455, -0.267376123, 0.609679817, 0.487209394, -0.625147014, -0.51953125, 0.841308594, 0.148925781, 0.598517242, 0.234161695, 0.766162821, 0, -0, 0, 0, 0, 0, 0, 0.428231543, 0.00701962891, -0.214383398, 0.554064954, 0.0416882326, -0.831306776, -0.790039063, -0.287597656, -0.541137695, -0.261632929, 0.956865039, -0.126406045, 0, 2, 5, 1, 
797.240839, 55, 0.1, 0.1, 0.000502839063, 0.372301971, -0.0199743824, 0.906405303, -0.422409076, -1.49631573e-006, 0.422409076, 0.906405303, -1.27433687e-005, 6.7391831e-006, 1.09185996e-005, 1, 0.90640527, -0.422409144, -2.84699654e-005, 0.422409144, 0.906405271, -3.3685051e-006, 2.72282141e-005, -8.97274294e-006, 1, 0, 0, 0, 0, 0, 0, 0, 0.381610254, 0.0414491455, -0.267376123, 0.609679817, 0.487209394, -0.625147014, -0.51953125, 0.841308594, 0.148925781, 0.598517242, 0.234161695, 0.766162821, 0, -0, 0, 0, 0, 0, 0, 0.428866357, 0.0058519043, -0.214195312, 0.553592108, 0.0409725829, -0.831594422, -0.790405273, -0.288208008, -0.540405273, -0.26180537, 0.956667078, -0.127172734, 0, 2, 5, 1, 
797.241535, 55, 0.1, 0.1, 0.000502832861, 0.37230197, -0.0199716122, 0.906405311, -0.422409056, 2.05151519e-005, 0.422409056, 0.906405311, 3.39099458e-005, -3.29189109e-005, -2.20703691e-005, 0.999999999, 0.90640532, -0.422409037, 4.06469294e-005, 0.422409037, 0.906405321, 1.81540571e-005, -4.45110308e-005, 7.1469634e-007, 0.999999999, 0, 0, 0, 0, 0, 0, 0, 0.381610254, 0.0414491455, -0.267376123, 0.609679817, 0.487209394, -0.625147014, -0.51953125, 0.841308594, 0.148925781, 0.598517242, 0.234161695, 0.766162821, 0, -0, 0, 0, 0, 0, 0, 0.428866357, 0.0058519043, -0.214195312, 0.553592108, 0.0409725829, -0.831594422, -0.790405273, -0.288208008, -0.540405273, -0.26180537, 0.956667078, -0.127172734, 0, 2, 5, 1, 
797.242241, 55, 0.1, 0.1, 0.000502840197, 0.372301969, -0.019968351, 0.906405088, -0.422409536, -3.01623905e-005, 0.422409535, 0.906405088, -2.81157107e-005, 3.92156886e-005, 1.27433419e-005, 0.999999999, 0.906405149, -0.422409403, -4.46057694e-005, 0.422409403, 0.90640515, -6.67123957e-006, 4.32488935e-005, -1.27950505e-005, 0.999999999, 0, 0, 0, 0, 0, 0, 0, 0.381610254, 0.0414491455, -0.267376123, 0.609679817, 0.487209394, -0.625147014, -0.51953125, 0.841308594, 0.148925781, 0.598517242, 0.234161695, 0.766162821, 0, -0, 0, 0, 0, 0, 0, 0.428866357, 0.0058519043, -0.214195312, 0.553592108, 0.0409725829, -0.831594422, -0.790405273, -0.288208008, -0.540405273, -0.26180537, 0.956667078, -0.127172734, 0, 2, 5, 1, 
797.242943, 55, 0.1, 0.1, 0.000502835816, 0.37230197, -0.0199656498, 0.906404616, -0.422410546, 4.51607203e-005, 0.422410544, 0.906404617, 4.64794822e-005, -6.05673089e-005, -2.30528528e-005, 0.999999998, 0.906404735, -0.422410292, 4.97452193e-005, 0.422410291, 0.906404736, 1.80585683e-005, -5.27174275e-005, 4.64452073e-006, 0.999999999, 0, 0, 0, 0, 0, 0, 0, 0.381610254, 0.0414491455, -0.267376123, 0.609679817, 0.487209394, -0.625147014, -0.51953125, 0.841308594, 0.148925781, 0.598517242, 0.234161695, 0.766162821, 0, -0, 0, 0, 0, 0, 0, 0.428866357, 0.0058519043, -0.214195312, 0.553592108, 0.0409725829, -0.831594422, -0.790405273, -0.288208008, -0.540405273, -0.26180537, 0.956667078, -0.127172734, 0, 2, 5, 1, 
797.243643, 55, 0.1, 0.1, 0.000502837341, 0.372301966, -0.0199642416, 0.906403945, -0.422411988, -3.54632944e-005, 0.422411987, 0.906403945, -3.19373021e-005, 4.56347692e-005, 1.3967976e-005, 0.999999999, 0.906404099, -0.422411658, -2.71221473e-005, 0.422411659, 0.906404099, 4.48665484e-006, 2.26884102e-005, -1.55234336e-005, 1, 0, 0, 0, 0, 0, 0, 0, 0.381610254, 0.0414491455, -0.267376123, 0.609679817, 0.487209394, -0.625147014, -0.51953125, 0.841308594, 0.148925781, 0.598517242, 0.234161695, 0.766162821, 0, -0, 0, 0, 0, 0, 0, 0.428866357, 0.0058519043, -0.214195312, 0.553592108, 0.0409725829, -0.831594422, -0.790405273, -0.288208008, -0.540405273, -0.26180537, 0.956667078, -0.127172734, 0, 2, 5, 1, 
797.24434, 55, 0.1, 0.1, 0.000502841671, 0.372301973, -0.0199644717, 0.906403182, -0.422413626, 1.55035741e-005, 0.422413626, 0.906403182, 1.81205755e-005, -2.17068669e-005, -9.87562632e-006, 1, 0.906403332, -0.422413305, -5.24983689e-006, 0.422413304, 0.906403332, -2.08492625e-005, 1.35654755e-005, 1.66802401e-005, 1, 0, 0, 0, 0, 0, 0, 0, 0.381610254, 0.0414491455, -0.267376123, 0.609679817, 0.487209394, -0.625147014, -0.51953125, 0.841308594, 0.148925781, 0.598517242, 0.234161695, 0.766162821, 0, -0, 0, 0, 0, 0, 0, 0.428866357, 0.0058519043, -0.214195312, 0.553592108, 0.0409725829, -0.831594422, -0.790405273, -0.288208008, -0.540405273, -0.26180537, 0.956667078, -0.127172734, 0, 2, 5, 1, 
797.245067, 55, 0.1, 0.1, 0.000502835953, 0.372301968, -0.019966126, 0.906402486, -0.42241512, 2.21717026e-005, 0.42241512, 0.906402486, -1.50304528e-005, -1.37473958e-005, 2.29893022e-005, 1, 0.906402623, -0.422414824, 3.42582159e-005, 0.422414824, 0.906402624, 2.27425293e-005, -4.06585183e-005, -6.14270995e-006, 0.999999999, 0, 0, 0, 0, 0, 0, 0, 0.382578662, 0.040283374, -0.266885693, 0.611259176, 0.486200671, -0.624353216, -0.51965332, 0.841674805, 0.146606445, 0.596783993, 0.234815829, 0.767273015, 0, -0, 0, 0, 0, 0, 0, 0.428866357, 0.0058519043, -0.214195312, 0.553751789, 0.0412281459, -0.831607182, -0.790161133, -0.288452148, -0.540527344, -0.262156815, 0.956571196, -0.127051332, 0, 2, 5, 1, 
797.245776, 55, 0.1, 0.1, 0.000502842494, 0.372301976, -0.0199683606, 0.906402071, -0.422416008, -3.89072318e-005, 0.422416008, 0.906402072, -7.50645728e-006, 3.84364432e-005, -9.63116913e-006, 0.999999999, 0.906402135, -0.422415872, -3.94559712e-005, 0.42241587, 0.906402135, -3.55760721e-005, 5.07908741e-005, 1.55793993e-005, 0.999999999, 0, 0, 0, 0, 0, 0, 0, 0.382578662, 0.040283374, -0.266885693, 0.611259176, 0.486200671, -0.624353216, -0.51965332, 0.841674805, 0.146606445, 0.596783993, 0.234815829, 0.767273015, 0, -0, 0, 0, 0, 0, 0, 0.429539258, 0.00519707031, -0.213970361, 0.553751789, 0.0412281459, -0.831607182, -0.790161133, -0.288452148, -0.540527344, -0.262156815, 0.956571196, -0.127051332, 0, 2, 5, 1, 
797.246472, 55, 0.1, 0.1, 0.000502840521, 0.372301972, -0.0199707112, 0.906401962, -0.422416241, 4.38269727e-005, 0.422416242, 0.906401963, 5.67119267e-006, -4.2120458e-005, 1.33728449e-005, 0.999999999, 0.906401963, -0.422416241, 3.53024161e-005, 0.42241624, 0.906401963, 2.68156744e-005, -4.33255557e-005, -9.39346602e-006, 0.999999999, 0, 0, 0, 0, 0, 0, 0, 0.382578662, 0.040283374, -0.266885693, 0.611259176, 0.486200671, -0.624353216, -0.51965332, 0.841674805, 0.146606445, 0.596783993, 0.234815829, 0.767273015, 0, -0, 0, 0, 0, 0, 0, 0.429539258, 0.00519707031, -0.213970361, 0.553751789, 0.0412281459, -0.831607182, -0.790161133, -0.288452148, -0.540527344, -0.262156815, 0.956571196, -0.127051332, 0, 2, 5, 1, 
797.247248, 55, 0.1, 0.1, 0.000502843198, 0.372301976, -0.0199724609, 0.906402144, -0.42241585, -4.98541657e-005, 0.422415851, 0.906402145, 1.10817487e-006, 4.47198121e-005, -2.20636419e-005, 0.999999999, 0.906402061, -0.42241603, -2.64355193e-005, 0.42241603, 0.906402062, -2.33279365e-005, 3.38153035e-005, 9.97770263e-006, 0.999999999, 0, 0, 0, 0, 0, 0, 0, 0.382578662, 0.040283374, -0.266885693, 0.611259176, 0.486200671, -0.624353216, -0.51965332, 0.841674805, 0.146606445, 0.596783993, 0.234815829, 0.767273015, 0, -0, 0, 0, 0, 0, 0, 0.429539258, 0.00519707031, -0.213970361, 0.553751789, 0.0412281459, -0.831607182, -0.790161133, -0.288452148, -0.540527344, -0.262156815, 0.956571196, -0.127051332, 0, 2, 5, 1, 
797.247952, 55, 0.1, 0.1, 0.00050284766, 0.372301973, -0.0199724104, 0.906402517, -0.422415051, 3.19574446e-005, 0.422415051, 0.906402518, 8.55648175e-006, -3.25806949e-005, 5.74368897e-006, 0.999999999, 0.906402421, -0.422415258, 4.84138831e-006, 0.422415258, 0.906402421, 2.32139396e-005, -1.41941684e-005, -1.89960948e-005, 1, 0, 0, 0, 0, 0, 0, 0, 0.382578662, 0.040283374, -0.266885693, 0.611259176, 0.486200671, -0.624353216, -0.51965332, 0.841674805, 0.146606445, 0.596783993, 0.234815829, 0.767273015, 0, -0, 0, 0, 0, 0, 0, 0.429539258, 0.00519707031, -0.213970361, 0.553751789, 0.0412281459, -0.831607182, -0.790161133, -0.288452148, -0.540527344, -0.262156815, 0.956571196, -0.127051332, 0, 2, 5, 1, 
797.24865, 55, 0.1, 0.1, 0.00050284449, 0.372301974, -0.0199714617, 0.906402978, -0.422414063, -2.63553949e-005, 0.422414063, 0.906402979, 2.40356692e-006, 2.2873308e-005, -1.33114897e-005, 1, 0.906402886, -0.422414261, 8.13004824e-006, 0.422414261, 0.906402886, -4.70836236e-006, -5.38021978e-006, 7.70192155e-006, 1, 0, 0, 0, 0, 0, 0, 0, 0.382578662, 0.040283374, -0.266885693, 0.611259176, 0.486200671, -0.624353216, -0.51965332, 0.841674805, 0.146606445, 0.596783993, 0.234815829, 0.767273015, 0, -0, 0, 0, 0, 0, 0, 0.429539258, 0.00519707031, -0.213970361, 0.553751789, 0.0412281459, -0.831607182, -0.790161133, -0.288452148, -0.540527344, -0.262156815, 0.956571196, -0.127051332, 0, 2, 5, 1, 
797.249348, 55, 0.1, 0.1, 0.000502853059, 0.372301976, -0.0199699903, 0.906403385, -0.422413191, -2.84857998e-006, 0.422413191, 0.906403385, -2.05031003e-005, 1.12427426e-005, 1.73808018e-005, 1, 0.906403311, -0.422413348, -3.2680308e-005, 0.422413348, 0.906403312, -8.598919e-006, 3.32538376e-005, -6.01050969e-006, 0.999999999, 0, 0, 0, 0, 0, 0, 0, 0.382578662, 0.040283374, -0.266885693, 0.611259176, 0.486200671, -0.624353216, -0.51965332, 0.841674805, 0.146606445, 0.596783993, 0.234815829, 0.767273015, 0, -0, 0, 0, 0, 0, 0, 0.429539258, 0.00519707031, -0.213970361, 0.553751789, 0.0412281459, -0.831607182, -0.790161133, -0.288452148, -0.540527344, -0.262156815, 0.956571196, -0.127051332, 0, 2, 5, 1, 
797.250075, 55, 0.1, 0.1, 0.00050284517, 0.372301976, -0.0199682286, 0.906403584, -0.422412762, 2.47174922e-005, 0.422412762, 0.906403584, 2.94486628e-005, -3.48435146e-005, -1.62513894e-005, 0.999999999, 0.906403559, -0.422412814, 4.71150559e-005, 0.422412814, 0.90640356, 1.25516279e-005, -4.80072229e-005, 8.52516316e-006, 0.999999999, 0, 0, 0, 0, 0, 0, 0, 0.382494434, 0.0396243896, -0.267647461, 0.609521057, 0.486353439, -0.62606737, -0.520019531, 0.841308594, 0.147338867, 0.598295203, 0.235780368, 0.765814224, 0, -0, 0, 0, 0, 0, 0, 0.429620898, 0.00478696289, -0.214474707, 0.552058363, 0.0418734334, -0.832642194, -0.790893555, -0.289428711, -0.53894043, -0.263562228, 0.956270791, -0.126546403, 0, 2, 5, 1, 
797.250767, 55, 0.1, 0.1, 0.000502852574, 0.372301976, -0.0199669787, 0.906403503, -0.422412936, -3.43760016e-005, 0.422412935, 0.906403503, -3.61499288e-005, 4.64287259e-005, 1.82455544e-005, 0.999999999, 0.90640354, -0.422412856, -4.8163057e-005, 0.422412856, 0.906403541, -1.33755782e-005, 4.93051815e-005, -8.22102305e-006, 0.999999999, 0, 0, 0, 0, 0, 0, 0, 0.382494434, 0.0396243896, -0.267647461, 0.609521057, 0.486353439, -0.62606737, -0.520019531, 0.841308594, 0.147338867, 0.598295203, 0.235780368, 0.765814224, 0, -0, 0, 0, 0, 0, 0, 0.429620898, 0.00478696289, -0.214474707, 0.552058363, 0.0418734334, -0.832642194, -0.790893555, -0.289428711, -0.53894043, -0.263562228, 0.956270791, -0.126546403, 0, 2, 5, 1, 
797.251473, 55, 0.1, 0.1, 0.000502848893, 0.372301979, -0.0199665031, 0.906403144, -0.422413706, 4.18917012e-005, 0.422413705, 0.906403145, 3.63151002e-005, -5.33107657e-005, -1.52204923e-005, 0.999999998, 0.906403238, -0.422413503, 4.57509597e-005, 0.422413503, 0.906403239, 8.18598023e-006, -4.49266867e-005, 1.19060242e-005, 0.999999999, 0, 0, 0, 0, 0, 0, 0, 0.382494434, 0.0396243896, -0.267647461, 0.609521057, 0.486353439, -0.62606737, -0.520019531, 0.841308594, 0.147338867, 0.598295203, 0.235780368, 0.765814224, 0, -0, 0, 0, 0, 0, 0, 0.429620898, 0.00478696289, -0.214474707, 0.552058363, 0.0418734334, -0.832642194, -0.790893555, -0.289428711, -0.53894043, -0.263562228, 0.956270791, -0.126546403, 0, 2, 5, 1, 
797.252189, 55, 0.1, 0.1, 0.000502850467, 0.372301976, -0.0199669164, 0.906402558, -0.422414964, -3.41397963e-005, 0.422414963, 0.906402558, -3.17646663e-005, 4.43622691e-005, 1.4370414e-005, 0.999999999, 0.906402703, -0.422414653, -2.56976603e-005, 0.422414654, 0.906402703, 3.25250811e-006, 2.19185217e-005, -1.38031504e-005, 1, 0, 0, 0, 0, 0, 0, 0, 0.382494434, 0.0396243896, -0.267647461, 0.607522708, 0.486887005, -0.627521292, -0.520629883, 0.840820312, 0.148193359, 0.599724038, 0.236808187, 0.764437807, 0, -0, 0, 0, 0, 0, 0, 0.429620898, 0.00478696289, -0.214474707, 0.552058363, 0.0418734334, -0.832642194, -0.790893555, -0.289428711, -0.53894043, -0.263562228, 0.956270791, -0.126546403, 0, 2, 5, 1, 
797.252947, 55, 0.1, 0.1, 0.000502854395, 0.372301981, -0.0199676881, 0.906401837, -0.422416512, 1.90799671e-005, 0.422416512, 0.906401837, 3.05205078e-005, -3.01864837e-005, -1.96041512e-005, 0.999999999, 0.906402019, -0.422416121, -7.10618337e-006, 0.422416121, 0.906402019, -1.96489299e-005, 1.47410837e-005, 1.48080633e-005, 1, 0, 0, 0, 0, 0, 0, 0, 0.382396655, 0.0392083008, -0.268395679, 0.607522708, 0.486887005, -0.627521292, -0.520629883, 0.840820312, 0.148193359, 0.599724038, 0.236808187, 0.764437807, 0, -0, 0, 0, 0, 0, 0, 0.429987305, 0.00434365234, -0.214741162, 0.551189229, 0.0420331144, -0.833236442, -0.791137695, -0.290405273, -0.538085937, -0.264635519, 0.955919346, -0.126731603, 0, 2, 5, 1, 
797.253638, 55, 0.1, 0.1, 0.000502848709, 0.372301974, -0.0199684541, 0.906401249, -0.422417772, 2.25289933e-005, 0.422417772, 0.90640125, 4.73465842e-006, -2.24203116e-005, 5.22514688e-006, 1, 0.906401358, -0.42241754, 3.35406826e-005, 0.422417538, 0.906401358, 3.59494675e-005, -4.55870059e-005, -1.84164736e-005, 0.999999999, 0, 0, 0, 0, 0, 0, 0, 0.382396655, 0.0392083008, -0.268395679, 0.607522708, 0.486887005, -0.627521292, -0.520629883, 0.840820312, 0.148193359, 0.599724038, 0.236808187, 0.764437807, 0, -0, 0, 0, 0, 0, 0, 0.429987305, 0.00434365234, -0.214741162, 0.551189229, 0.0420331144, -0.833236442, -0.791137695, -0.290405273, -0.538085937, -0.264635519, 0.955919346, -0.126731603, 0, 2, 5, 1, 
797.254349, 55, 0.1, 0.1, 0.000502854823, 0.372301979, -0.0199694785, 0.906400894, -0.422418535, -3.24887031e-005, 0.422418535, 0.906400894, -8.51765369e-006, 3.30458043e-005, -6.00342145e-006, 0.999999999, 0.906400946, -0.422418423, -3.9644645e-005, 0.422418423, 0.906400946, -1.80459283e-005, 4.35568763e-005, -3.89781958e-007, 0.999999999, 0, 0, 0, 0, 0, 0, 0, 0.382396655, 0.0392083008, -0.268395679, 0.607522708, 0.486887005, -0.627521292, -0.520629883, 0.840820312, 0.148193359, 0.599724038, 0.236808187, 0.764437807, 0, -0, 0, 0, 0, 0, 0, 0.429987305, 0.00434365234, -0.214741162, 0.551189229, 0.0420331144, -0.833236442, -0.791137695, -0.290405273, -0.538085937, -0.264635519, 0.955919346, -0.126731603, 0, 2, 5, 1, 
797.255054, 55, 0.1, 0.1, 0.000502850961, 0.372301978, -0.0199703656, 0.906400674, -0.422419006, 3.28168311e-005, 0.422419005, 0.906400675, 2.13333449e-005, -3.87568082e-005, -5.47410505e-006, 0.999999999, 0.906400722, -0.422418902, 4.13606698e-005, 0.422418902, 0.906400723, 9.91150354e-006, -4.16761475e-005, 8.48773474e-006, 0.999999999, 0, 0, 0, 0, 0, 0, 0, 0.382396655, 0.0392083008, -0.268395679, 0.607522708, 0.486887005, -0.627521292, -0.520629883, 0.840820312, 0.148193359, 0.599724038, 0.236808187, 0.764437807, 0, -0, 0, 0, 0, 0, 0, 0.429987305, 0.00434365234, -0.214741162, 0.551189229, 0.0420331144, -0.833236442, -0.791137695, -0.290405273, -0.538085937, -0.264635519, 0.955919346, -0.126731603, 0, 2, 5, 1, 
797.255746, 55, 0.1, 0.1, 0.000502854827, 0.372301981, -0.0199709443, 0.906400383, -0.42241963, -4.39088109e-005, 0.422419629, 0.906400384, -2.87878607e-005, 5.19595206e-005, 7.54538433e-006, 0.999999999, 0.906400434, -0.422419521, -3.4517441e-005, 0.42241952, 0.906400435, -2.92750829e-005, 4.36529901e-005, 1.1954107e-005, 0.999999999, 0, 0, 0, 0, 0, 0, 0, 0.382396655, 0.0392083008, -0.268395679, 0.607522708, 0.486887005, -0.627521292, -0.520629883, 0.840820312, 0.148193359, 0.599724038, 0.236808187, 0.764437807, 0, -0, 0, 0, 0, 0, 0, 0.429987305, 0.00434365234, -0.214741162, 0.551189229, 0.0420331144, -0.833236442, -0.791137695, -0.290405273, -0.538085937, -0.264635519, 0.955919346, -0.126731603, 0, 2, 5, 1, 
797.256444, 55, 0.1, 0.1, 0.000502858129, 0.372301983, -0.019971128, 0.906400216, -0.42241999, 3.24796612e-005, 0.42241999, 0.906400216, -3.12020275e-007, -2.93077683e-005, 1.40028734e-005, 0.999999999, 0.906400244, -0.42241993, 1.3773915e-005, 0.42241993, 0.906400244, -3.91760998e-006, -1.08298034e-005, 9.36929886e-006, 1, 0, 0, 0, 0, 0, 0, 0, 0.382396655, 0.0392083008, -0.268395679, 0.607522708, 0.486887005, -0.627521292, -0.520629883, 0.840820312, 0.148193359, 0.599724038, 0.236808187, 0.764437807, 0, -0, 0, 0, 0, 0, 0, 0.429987305, 0.00434365234, -0.214741162, 0.551189229, 0.0420331144, -0.833236442, -0.791137695, -0.290405273, -0.538085937, -0.264635519, 0.955919346, -0.126731603, 0, 2, 5, 1, 
797.257193, 55, 0.1, 0.1, 0.000502856151, 0.372301983, -0.0199705429, 0.906399983, -0.422420491, -1.95892596e-005, 0.42242049, 0.906399983, -2.62051797e-005, 2.88253094e-005, 1.54774698e-005, 0.999999999, 0.90640004, -0.422420368, 1.12120643e-006, 0.422420368, 0.90640004, 9.18140856e-007, -1.40410295e-006, -3.58582477e-007, 1, 0, 0, 0, 0, 0, 0, 0, 0.382310474, 0.0390670898, -0.269085669, 0.60579058, 0.488492574, -0.627877003, -0.521728516, 0.83984375, 0.150024414, 0.600492748, 0.236801074, 0.763752595, 0, -0, 0, 0, 0, 0, 0, 0.429987305, 0.00434365234, -0.214741162, 0.550518055, 0.0431767681, -0.833651686, -0.791015625, -0.291625977, -0.537475586, -0.26642446, 0.955548578, -0.126284277, 0, 2, 5, 1, 
797.2579, 55, 0.1, 0.1, 0.000502864047, 0.372301986, -0.0199693451, 0.906399806, -0.422420871, -2.05409384e-005, 0.422420871, 0.906399805, 2.19144012e-005, 9.36120216e-006, -2.85401301e-005, 1, 0.906399823, -0.422420833, -3.8430313e-005, 0.422420833, 0.906399823, 7.62726519e-007, 3.45110373e-005, -1.69251e-005, 0.999999999, 0, 0, 0, 0, 0, 0, 0, 0.382310474, 0.0390670898, -0.269085669, 0.60579058, 0.488492574, -0.627877003, -0.521728516, 0.83984375, 0.150024414, 0.600492748, 0.236801074, 0.763752595, 0, -0, 0, 0, 0, 0, 0, 0.430128516, 0.00418828125, -0.214982471, 0.550518055, 0.0431767681, -0.833651686, -0.791015625, -0.291625977, -0.537475586, -0.26642446, 0.955548578, -0.126284277, 0, 2, 5, 1, 
797.258594, 55, 0.1, 0.1, 0.000502856781, 0.372301984, -0.0199682999, 0.906399907, -0.42242065, 5.50769554e-005, 0.422420651, 0.906399908, -2.15237873e-005, -4.08296551e-005, 4.27748022e-005, 0.999999998, 0.906399865, -0.42242074, 5.90902636e-005, 0.422420741, 0.906399866, -1.74391447e-006, -5.28227414e-005, 2.65416368e-005, 0.999999998, 0, 0, 0, 0, 0, 0, 0, 0.382310474, 0.0390670898, -0.269085669, 0.60579058, 0.488492574, -0.627877003, -0.521728516, 0.83984375, 0.150024414, 0.600492748, 0.236801074, 0.763752595, 0, -0, 0, 0, 0, 0, 0, 0.430128516, 0.00418828125, -0.214982471, 0.550518055, 0.0431767681, -0.833651686, -0.791015625, -0.291625977, -0.537475586, -0.26642446, 0.955548578, -0.126284277, 0, 2, 5, 1, 
797.259295, 55, 0.1, 0.1, 0.000502859503, 0.37230199, -0.019967671, 0.906400276, -0.42241986, -3.87893332e-005, 0.42241986, 0.906400277, -8.19057236e-007, 3.55046484e-005, -1.5642991e-005, 0.999999999, 0.906400186, -0.422420054, -3.56237056e-005, 0.422420054, 0.906400186, -1.55879214e-005, 3.8873984e-005, -9.19272771e-007, 0.999999999, 0, 0, 0, 0, 0, 0, 0, 0.382310474, 0.0390670898, -0.269085669, 0.60579058, 0.488492574, -0.627877003, -0.521728516, 0.83984375, 0.150024414, 0.600492748, 0.236801074, 0.763752595, 0, -0, 0, 0, 0, 0, 0, 0.430128516, 0.00418828125, -0.214982471, 0.550518055, 0.0431767681, -0.833651686, -0.791015625, -0.291625977, -0.537475586, -0.26642446, 0.955548578, -0.126284277, 0, 2, 5, 1, 
797.260002, 55, 0.1, 0.1, 0.000502859907, 0.372301989, -0.0199676513, 0.906400815, -0.422418705, 8.85346572e-006, 0.422418705, 0.906400815, 2.15978528e-006, -8.93712225e-006, 1.78223839e-006, 1, 0.906400706, -0.42241894, 1.85089481e-005, 0.42241894, 0.906400706, 1.17826773e-006, -1.72742463e-005, 6.75054755e-006, 1, 0, 0, 0, 0, 0, 0, 0, 0.382310474, 0.0390670898, -0.269085669, 0.60579058, 0.488492574, -0.627877003, -0.521728516, 0.83984375, 0.150024414, 0.600492748, 0.236801074, 0.763752595, 0, -0, 0, 0, 0, 0, 0, 0.430128516, 0.00418828125, -0.214982471, 0.550518055, 0.0431767681, -0.833651686, -0.791015625, -0.291625977, -0.537475586, -0.26642446, 0.955548578, -0.126284277, 0, 2, 5, 1, 
797.260696, 55, 0.1, 0.1, 0.000502861867, 0.372301989, -0.0199681248, 0.906401299, -0.422417667, 2.30346466e-005, 0.422417667, 0.906401299, -1.26520305e-006, -2.03441895e-005, 1.08770234e-005, 1, 0.906401219, -0.422417838, 1.25989126e-006, 0.422417838, 0.906401219, -5.59629254e-006, 1.22200682e-006, 5.60468693e-006, 1, 0, 0, 0, 0, 0, 0, 0, 0.382310474, 0.0390670898, -0.269085669, 0.60579058, 0.488492574, -0.627877003, -0.521728516, 0.83984375, 0.150024414, 0.600492748, 0.236801074, 0.763752595, 0, -0, 0, 0, 0, 0, 0, 0.430128516, 0.00418828125, -0.214982471, 0.550518055, 0.0431767681, -0.833651686, -0.791015625, -0.291625977, -0.537475586, -0.26642446, 0.955548578, -0.126284277, 0, 2, 5, 1, 
797.2614, 55, 0.1, 0.1, 0.000502860468, 0.372301988, -0.0199689091, 0.906401591, -0.422417039, -1.92642576e-005, 0.422417039, 0.906401591, -2.02252467e-005, 2.60046426e-005, 1.01946451e-005, 1, 0.906401549, -0.422417131, -2.31295827e-007, 0.422417131, 0.906401549, 5.73049512e-006, -2.21101241e-006, -5.29183297e-006, 1, 0, 0, 0, 0, 0, 0, 0, 0.382310474, 0.0390670898, -0.269085669, 0.60579058, 0.488492574, -0.627877003, -0.521728516, 0.83984375, 0.150024414, 0.600492748, 0.236801074, 0.763752595, 0, -0, 0, 0, 0, 0, 0, 0.430128516, 0.00418828125, -0.214982471, 0.550518055, 0.0431767681, -0.833651686, -0.791015625, -0.291625977, -0.537475586, -0.26642446, 0.955548578, -0.126284277, 0, 2, 5, 1, 
797.262127, 55, 0.1, 0.1, 0.000502867516, 0.372301992, -0.0199697102, 0.906401878, -0.422416425, -5.14524692e-006, 0.422416425, 0.906401878, -4.72445491e-006, 6.65934882e-006, 2.10881799e-006, 1, 0.906401812, -0.422416564, -2.91855113e-005, 0.422416564, 0.906401813, -8.7390804e-006, 3.01453327e-005, -4.4073251e-006, 1, 0, 0, 0, 0, 0, 0, 0, 0.382549341, 0.0386478271, -0.269040991, 0.606114091, 0.489082306, -0.627039022, -0.521728516, 0.83972168, 0.150634766, 0.600194325, 0.235842526, 0.764361423, 0, -0, 0, 0, 0, 0, 0, 0.430334668, 0.00402460938, -0.214739209, 0.550645653, 0.0441990202, -0.833434403, -0.790527344, -0.292480469, -0.537841797, -0.267638476, 0.95516505, -0.126015954, 0, 2, 5, 1, 
797.262818, 55, 0.1, 0.1, 0.000502860738, 0.372301988, -0.019970356, 0.906402128, -0.422415887, 3.31620274e-005, 0.422415886, 0.906402128, 2.97651993e-005, -4.26314253e-005, -1.29710728e-005, 0.999999999, 0.906402085, -0.422415977, 4.42581876e-005, 0.422415976, 0.906402086, 3.21227225e-005, -5.36848648e-005, -1.04207371e-005, 0.999999999, 0, 0, 0, 0, 0, 0, 0, 0.382549341, 0.0386478271, -0.269040991, 0.606114091, 0.489082306, -0.627039022, -0.521728516, 0.83972168, 0.150634766, 0.600194325, 0.235842526, 0.764361423, 0, -0, 0, 0, 0, 0, 0, 0.430334668, 0.00402460938, -0.214739209, 0.550645653, 0.0441990202, -0.833434403, -0.790527344, -0.292480469, -0.537841797, -0.267638476, 0.95516505, -0.126015954, 0, 2, 5, 1, 
797.263514, 55, 0.1, 0.1, 0.00050286374, 0.372301991, -0.0199707806, 0.906402297, -0.422415524, -2.90534067e-005, 0.422415523, 0.906402298, -1.23604611e-005, 3.15553252e-005, -1.06905965e-006, 1, 0.906402257, -0.422415611, -2.53386335e-005, 0.42241561, 0.906402257, -2.42907675e-005, 3.3227794e-005, 1.13137721e-005, 0.999999999, 0, 0, 0, 0, 0, 0, 0, 0.382549341, 0.0386478271, -0.269040991, 0.606114091, 0.489082306, -0.627039022, -0.521728516, 0.83972168, 0.150634766, 0.600194325, 0.235842526, 0.764361423, 0, -0, 0, 0, 0, 0, 0, 0.430334668, 0.00402460938, -0.214739209, 0.550645653, 0.0441990202, -0.833434403, -0.790527344, -0.292480469, -0.537841797, -0.267638476, 0.95516505, -0.126015954, 0, 2, 5, 1, 
797.264218, 55, 0.1, 0.1, 0.000502860548, 0.37230199, -0.0199707694, 0.906402514, -0.422415057, 4.87201416e-005, 0.422415057, 0.906402515, 2.07890919e-005, -5.29416843e-005, 1.73683617e-006, 0.999999999, 0.906402474, -0.422415142, 4.40355782e-005, 0.422415142, 0.906402475, 1.51223101e-005, -4.63018499e-005, 4.89439572e-006, 0.999999999, 0, 0, 0, 0, 0, 0, 0, 0.382549341, 0.0386478271, -0.269040991, 0.606114091, 0.489082306, -0.627039022, -0.521728516, 0.83972168, 0.150634766, 0.600194325, 0.235842526, 0.764361423, 0, -0, 0, 0, 0, 0, 0, 0.430334668, 0.00402460938, -0.214739209, 0.550645653, 0.0441990202, -0.833434403, -0.790527344, -0.292480469, -0.537841797, -0.267638476, 0.95516505, -0.126015954, 0, 2, 5, 1, 
797.264935, 55, 0.1, 0.1, 0.000502860032, 0.37230199, -0.0199702821, 0.906402635, -0.4224148, -2.93028304e-005, 0.422414799, 0.906402635, -3.14212596e-005, 3.98329678e-005, 1.61023633e-005, 0.999999999, 0.906402614, -0.422414844, -1.23968064e-005, 0.422414844, 0.906402614, -1.62814606e-005, 1.81140284e-005, 9.5209634e-006, 1, 0, 0, 0, 0, 0, 0, 0, 0.382549341, 0.0386478271, -0.269040991, 0.606114091, 0.489082306, -0.627039022, -0.521728516, 0.83972168, 0.150634766, 0.600194325, 0.235842526, 0.764361423, 0, -0, 0, 0, 0, 0, 0, 0.430566211, 0.00332998047, -0.214747754, 0.550767055, 0.0438348154, -0.833370603, -0.790405273, -0.29284668, -0.537841797, -0.267625717, 0.95512677, -0.126622962, 0, 2, 5, 1, 
797.265626, 55, 0.1, 0.1, 0.0005028668, 0.37230199, -0.019969576, 0.906402812, -0.422414419, -6.35039101e-007, 0.422414419, 0.906402812, 3.12943449e-005, -1.26435813e-005, -2.86335319e-005, 1, 0.906402759, -0.422414532, -2.70213194e-005, 0.422414533, 0.906402759, 1.9356168e-005, 1.63158718e-005, -2.89586821e-005, 0.999999999, 0, 0, 0, 0, 0, 0, 0, 0.382549341, 0.0386478271, -0.269040991, 0.606114091, 0.489082306, -0.627039022, -0.521728516, 0.83972168, 0.150634766, 0.600194325, 0.235842526, 0.764361423, 0, -0, 0, 0, 0, 0, 0, 0.430566211, 0.00332998047, -0.214747754, 0.550767055, 0.0438348154, -0.833370603, -0.790405273, -0.29284668, -0.537841797, -0.267625717, 0.95512677, -0.126622962, 0, 2, 5, 1, 
797.266322, 55, 0.1, 0.1, 0.000502862664, 0.372301988, -0.0199689654, 0.906403191, -0.422413606, 1.753455e-006, 0.422413606, 0.906403191, 1.88570605e-006, -2.3858851e-006, -9.68526733e-007, 1, 0.906403109, -0.422413782, 2.61176272e-005, 0.422413783, 0.906403109, 1.93109858e-006, -2.44888212e-005, 9.28209196e-006, 1, 0, 0, 0, 0, 0, 0, 0, 0.382549341, 0.0386478271, -0.269040991, 0.606114091, 0.489082306, -0.627039022, -0.521728516, 0.83972168, 0.150634766, 0.600194325, 0.235842526, 0.764361423, 0, -0, 0, 0, 0, 0, 0, 0.430566211, 0.00332998047, -0.214747754, 0.550767055, 0.0438348154, -0.833370603, -0.790405273, -0.29284668, -0.537841797, -0.267625717, 0.95512677, -0.126622962, 0, 2, 5, 1, 
797.26704, 55, 0.1, 0.1, 0.000502871868, 0.372301993, -0.0199684925, 0.906403499, -0.422412943, -3.81562972e-005, 0.422412943, 0.9064035, -1.37618643e-005, 4.03981909e-005, -3.64391181e-006, 0.999999999, 0.906403437, -0.422413076, -5.0290974e-005, 0.422413076, 0.906403438, -1.94529731e-005, 5.3801102e-005, -3.61132336e-006, 0.999999999, 0, 0, 0, 0, 0, 0, 0, 0.382820801, 0.0379774902, -0.268987524, 0.607103717, 0.489107394, -0.626042282, -0.521484375, 0.83984375, 0.150390625, 0.599419624, 0.235220593, 0.76519229, 0, -0, 0, 0, 0, 0, 0, 0.430566211, 0.00332998047, -0.214747754, 0.550767055, 0.0438348154, -0.833370603, -0.790405273, -0.29284668, -0.537841797, -0.267625717, 0.95512677, -0.126622962, 0, 2, 5, 1, 
797.267732, 55, 0.1, 0.1, 0.000502868004, 0.372301992, -0.019968322, 0.906403739, -0.42241243, 4.2168031e-005, 0.42241243, 0.90640374, 1.49990193e-005, -4.45570332e-005, 4.21713321e-006, 0.999999999, 0.906403696, -0.422412521, 3.95335564e-005, 0.42241252, 0.906403697, 2.37693294e-005, -4.5873824e-005, -4.84513879e-006, 0.999999999, 0, 0, 0, 0, 0, 0, 0, 0.382820801, 0.0379774902, -0.268987524, 0.607103717, 0.489107394, -0.626042282, -0.521484375, 0.83984375, 0.150390625, 0.599419624, 0.235220593, 0.76519229, 0, -0, 0, 0, 0, 0, 0, 0.430566211, 0.00332998047, -0.214747754, 0.550767055, 0.0438348154, -0.833370603, -0.790405273, -0.29284668, -0.537841797, -0.267625717, 0.95512677, -0.126622962, 0, 2, 5, 1, 
797.26847, 55, 0.1, 0.1, 0.000502871292, 0.372301993, -0.0199680236, 0.906403943, -0.422411992, -4.36880574e-005, 0.422411991, 0.906403944, -2.25223555e-005, 4.91127406e-005, 1.95999251e-006, 0.999999999, 0.906403916, -0.422412049, -3.6898373e-005, 0.422412049, 0.906403917, -1.96235558e-005, 4.17340562e-005, 2.20055048e-006, 0.999999999, 0, 0, 0, 0, 0, 0, 0, 0.382820801, 0.0379774902, -0.268987524, 0.607103717, 0.489107394, -0.626042282, -0.521484375, 0.83984375, 0.150390625, 0.599419624, 0.235220593, 0.76519229, 0, -0, 0, 0, 0, 0, 0, 0.430566211, 0.00332998047, -0.214747754, 0.550767055, 0.0438348154, -0.833370603, -0.790405273, -0.29284668, -0.537841797, -0.267625717, 0.95512677, -0.126622962, 0, 2, 5, 1, 
797.269195, 55, 0.1, 0.1, 0.000502872316, 0.372301993, -0.0199681594, 0.906404086, -0.422411684, 4.24750066e-005, 0.422411683, 0.906404087, 2.81729996e-005, -5.04001238e-005, -7.59418289e-006, 0.999999999, 0.906404075, -0.422411708, 2.6298401e-005, 0.422411708, 0.906404076, 8.94289558e-006, -2.76145617e-005, 3.0028755e-006, 1, 0, 0, 0, 0, 0, 0, 0, 0.382820801, 0.0379774902, -0.268987524, 0.607794921, 0.490116117, -0.624645648, -0.521972656, 0.839477539, 0.150756836, 0.598321412, 0.234566459, 0.766207005, 0, -0, 0, 0, 0, 0, 0, 0.430566211, 0.00332998047, -0.214747754, 0.550767055, 0.0438348154, -0.833370603, -0.790405273, -0.29284668, -0.537841797, -0.267625717, 0.95512677, -0.126622962, 0, 2, 5, 1, 
797.269913, 55, 0.1, 0.1, 0.000502866795, 0.372301989, -0.0199683675, 0.906404181, -0.422411482, -1.27363776e-005, 0.422411482, 0.906404181, 2.6490795e-006, 1.04253043e-005, -7.78112887e-006, 1, 0.906404168, -0.42241151, 1.77783742e-005, 0.422411509, 0.906404168, 1.72376345e-005, -2.33957677e-005, -8.1144739e-006, 1, 0, 0, 0, 0, 0, 0, 0, 0.383299268, 0.0378038086, -0.268689819, 0.607794921, 0.490116117, -0.624645648, -0.521972656, 0.839477539, 0.150756836, 0.598321412, 0.234566459, 0.766207005, 0, -0, 0, 0, 0, 0, 0, 0.430774072, 0.00334145508, -0.214529639, 0.550881893, 0.044115898, -0.833332324, -0.790039063, -0.293945313, -0.537841797, -0.268718331, 0.954788085, -0.126987166, 0, 2, 5, 1, 
797.27061, 55, 0.1, 0.1, 0.000502872935, 0.372301992, -0.0199688798, 0.906404213, -0.422411413, -5.01547989e-006, 0.422411413, 0.906404213, -5.86332343e-006, 7.02278684e-006, 3.19594512e-006, 1, 0.906404198, -0.422411445, -2.84687559e-005, 0.422411445, 0.906404199, -5.78489258e-006, 2.82478047e-005, -6.78207738e-006, 1, 0, 0, 0, 0, 0, 0, 0, 0.383299268, 0.0378038086, -0.268689819, 0.607794921, 0.490116117, -0.624645648, -0.521972656, 0.839477539, 0.150756836, 0.598321412, 0.234566459, 0.766207005, 0, -0, 0, 0, 0, 0, 0, 0.430774072, 0.00334145508, -0.214529639, 0.550881893, 0.044115898, -0.833332324, -0.790039063, -0.293945313, -0.537841797, -0.268718331, 0.954788085, -0.126987166, 0, 2, 5, 1, 
797.271312, 55, 0.1, 0.1, 0.000502866495, 0.372301989, -0.0199695276, 0.906404194, -0.422411454, 3.25978076e-005, 0.422411454, 0.906404194, 1.2353835e-005, -3.47651909e-005, 2.57211945e-006, 0.999999999, 0.906404192, -0.422411457, 4.43861405e-005, 0.422411456, 0.906404193, 1.76497944e-005, -4.76872592e-005, 2.75136665e-006, 0.999999999, 0, 0, 0, 0, 0, 0, 0, 0.383299268, 0.0378038086, -0.268689819, 0.607794921, 0.490116117, -0.624645648, -0.521972656, 0.839477539, 0.150756836, 0.598321412, 0.234566459, 0.766207005, 0, -0, 0, 0, 0, 0, 0, 0.430774072, 0.00334145508, -0.214529639, 0.550881893, 0.044115898, -0.833332324, -0.790039063, -0.293945313, -0.537841797, -0.268718331, 0.954788085, -0.126987166, 0, 2, 5, 1, 
797.272038, 55, 0.1, 0.1, 0.000502873129, 0.372301992, -0.0199700523, 0.906404151, -0.422411544, -4.72193458e-005, 0.422411544, 0.906404152, -1.52073293e-005, 4.92235626e-005, -6.16201034e-006, 0.999999999, 0.906404161, -0.422411524, -4.46112405e-005, 0.422411523, 0.906404162, -2.37447368e-005, 5.04658645e-005, 2.67802617e-006, 0.999999999, 0, 0, 0, 0, 0, 0, 0, 0.383299268, 0.0378038086, -0.268689819, 0.607794921, 0.490116117, -0.624645648, -0.521972656, 0.839477539, 0.150756836, 0.598321412, 0.234566459, 0.766207005, 0, -0, 0, 0, 0, 0, 0, 0.430774072, 0.00334145508, -0.214529639, 0.550881893, 0.044115898, -0.833332324, -0.790039063, -0.293945313, -0.537841797, -0.268718331, 0.954788085, -0.126987166, 0, 2, 5, 1, 
797.27273, 55, 0.1, 0.1, 0.000502873085, 0.372301991, -0.019970246, 0.906404094, -0.422411668, 3.25474373e-005, 0.422411668, 0.906404094, 2.03654721e-005, -3.81037434e-005, -4.71092997e-006, 0.999999999, 0.906404113, -0.422411628, 2.51617922e-005, 0.422411628, 0.906404113, 1.72587506e-005, -3.00970489e-005, -5.0147689e-006, 1, 0, 0, 0, 0, 0, 0, 0, 0.383299268, 0.0378038086, -0.268689819, 0.607794921, 0.490116117, -0.624645648, -0.521972656, 0.839477539, 0.150756836, 0.598321412, 0.234566459, 0.766207005, 0, -0, 0, 0, 0, 0, 0, 0.430774072, 0.00334145508, -0.214529639, 0.550881893, 0.044115898, -0.833332324, -0.790039063, -0.293945313, -0.537841797, -0.268718331, 0.954788085, -0.126987166, 0, 2, 5, 1, 
797.273429, 55, 0.1, 0.1, 0.000502873662, 0.372301992, -0.0199702233, 0.906404019, -0.42241183, -3.66373315e-005, 0.422411829, 0.906404019, -2.31785627e-005, 4.29991236e-005, 5.53310017e-006, 0.999999999, 0.906404046, -0.422411771, -2.4183744e-005, 0.422411771, 0.906404046, -7.22998432e-006, 2.49742739e-005, -3.66221108e-006, 1, 0, 0, 0, 0, 0, 0, 0, 0.383299268, 0.0378038086, -0.268689819, 0.607794921, 0.490116117, -0.624645648, -0.521972656, 0.839477539, 0.150756836, 0.598321412, 0.234566459, 0.766207005, 0, -0, 0, 0, 0, 0, 0, 0.430774072, 0.00334145508, -0.214529639, 0.550881893, 0.044115898, -0.833332324, -0.790039063, -0.293945313, -0.537841797, -0.268718331, 0.954788085, -0.126987166, 0, 2, 5, 1, 
797.274165, 55, 0.1, 0.1, 0.000502878337, 0.372301995, -0.0199698803, 0.906403925, -0.422412031, 2.51336057e-005, 0.422412031, 0.906403926, 2.85611277e-006, -2.39876553e-005, 8.02794562e-006, 1, 0.90640395, -0.422411979, -5.04714515e-006, 0.422411979, 0.90640395, -1.14573431e-005, 9.41447126e-006, 8.25300643e-006, 1, 0, 0, 0, 0, 0, 0, 0, 0.383805566, 0.0373893066, -0.268821021, 0.60905077, 0.490807321, -0.622931495, -0.522216797, 0.839355469, 0.150756836, 0.596886586, 0.233468248, 0.767665797, 0, -0, 0, 0, 0, 0, 0, 0.430774072, 0.00334145508, -0.214529639, 0.551309897, 0.0443842209, -0.833051241, -0.789428711, -0.294677734, -0.538208008, -0.269287059, 0.954570802, -0.127325852, 0, 2, 5, 1, 
797.27487, 55, 0.1, 0.1, 0.000502871738, 0.372301993, -0.0199692091, 0.906403802, -0.422412296, 1.13512018e-005, 0.422412296, 0.906403802, 8.36948108e-006, -1.38241442e-005, -2.79124225e-006, 1, 0.906403816, -0.422412264, 3.70284736e-005, 0.422412264, 0.906403817, 8.9194156e-006, -3.73304203e-005, 7.55668903e-006, 0.999999999, 0, 0, 0, 0, 0, 0, 0, 0.383805566, 0.0373893066, -0.268821021, 0.60905077, 0.490807321, -0.622931495, -0.522216797, 0.839355469, 0.150756836, 0.596886586, 0.233468248, 0.767665797, 0, -0, 0, 0, 0, 0, 0, 0.431460156, 0.0029081543, -0.214741406, 0.551309897, 0.0443842209, -0.833051241, -0.789428711, -0.294677734, -0.538208008, -0.269287059, 0.954570802, -0.127325852, 0, 2, 5, 1, 
797.27556, 55, 0.1, 0.1, 0.000502878507, 0.372301996, -0.0199687108, 0.906403652, -0.422412618, -2.90986663e-005, 0.422412618, 0.906403652, -1.10905947e-005, 3.10599445e-005, -2.23908828e-006, 1, 0.906403675, -0.422412567, -4.04354286e-005, 0.422412567, 0.906403676, -1.60338675e-005, 4.34237283e-005, -2.5472768e-006, 0.999999999, 0, 0, 0, 0, 0, 0, 0, 0.383805566, 0.0373893066, -0.268821021, 0.60905077, 0.490807321, -0.622931495, -0.522216797, 0.839355469, 0.150756836, 0.596886586, 0.233468248, 0.767665797, 0, -0, 0, 0, 0, 0, 0, 0.431460156, 0.0029081543, -0.214741406, 0.551309897, 0.0443842209, -0.833051241, -0.789428711, -0.294677734, -0.538208008, -0.269287059, 0.954570802, -0.127325852, 0, 2, 5, 1, 
797.276261, 55, 0.1, 0.1, 0.000502873019, 0.372301994, -0.0199684724, 0.906403484, -0.422412975, 4.79425466e-005, 0.422412975, 0.906403486, 1.54508185e-005, -4.99819175e-005, 6.24687802e-006, 0.999999999, 0.906403518, -0.422412903, 4.66559718e-005, 0.422412903, 0.906403519, 2.46710422e-005, -5.27105035e-005, -2.65383492e-006, 0.999999999, 0, 0, 0, 0, 0, 0, 0, 0.383805566, 0.0373893066, -0.268821021, 0.60905077, 0.490807321, -0.622931495, -0.522216797, 0.839355469, 0.150756836, 0.596886586, 0.233468248, 0.767665797, 0, -0, 0, 0, 0, 0, 0, 0.431460156, 0.0029081543, -0.214741406, 0.551309897, 0.0443842209, -0.833051241, -0.789428711, -0.294677734, -0.538208008, -0.269287059, 0.954570802, -0.127325852, 0, 2, 5, 1, 
