time, trialNum, realDorsalTactorPos, realVentralTactorPos, boxPosX, boxPosY, boxPosZ, boxLocalRot_11, boxLocalRot_12, boxLocalRot_13, boxLocalRot_21, boxLocalRot_22, boxLocalRot_23, boxLocalRot_31, boxLocalRot_32, boxLocalRot_33, boxGlobalRot_11, boxGlobalRot_12, boxGlobalRot_13, boxGlobalRot_21, boxGlobalRot_22, boxGlobalRot_23, boxGlobalRot_31, boxGlobalRot_32, boxGlobalRot_33, indexForceX, indexForceY, indexForceZ, indexForceGlobalX, indexForceGlobalY, indexForceGlobalZ, indexContact, indexPosX, indexPosY, indexPosZ, indexRot_11, indexRot_12, indexRot_13, indexRot_21, indexRot_22, indexRot_23, indexRot_31, indexRot_32, indexRot_33, thumbForceX, thumbForceY, thumbForceZ, thumbForceGlobalX, thumbForceGlobalY, thumbForceGlobalZ, thumbContact, thumbPosX, thumbPosY, thumbPosZ, thumbRot_11, thumbRot_12, thumbRot_13, thumbRot_21, thumbRot_22, thumbRot_23, thumbRot_31, thumbRot_32, thumbRot_33, manipForceTooHigh, cceExpType, mapping, trialSuccess, 
362.549973, 27, 0.1, 0.1, 0.00727090566, 0.355607466, -0.0199661867, 0.951441675, -0.307829071, 4.56215678e-005, 0.30782907, 0.951441676, 1.68717811e-005, -4.85998856e-005, -2.00887087e-006, 0.999999999, 0.951441731, -0.307828899, 4.64496408e-005, 0.3078289, 0.951441731, -4.42422121e-006, -4.28322235e-005, 1.85079305e-005, 0.999999999, 0, 0, 0, 0, 0, 0, 0, 0.3769552, -0.212201953, -0.184912866, -0.0811796609, 0.514901686, -0.853364118, -0.995849609, -0.0759277344, 0.048828125, -0.0396689769, 0.853791343, 0.519159738, 0, 0, -0, 0, 0, 0, 0, 0.408948975, -0.157608789, -0.16747124, 0.142821373, 0.0782463934, -0.98662463, 0.0441894531, -0.996337891, -0.0725097656, -0.988656008, -0.0332630086, -0.145799177, 0, 2, 1, 1, 
362.566714, 27, 0.1, 0.1, 0.00727091517, 0.355607459, -0.0199596849, 0.951437233, -0.307842804, 1.72364054e-005, 0.307842804, 0.951437231, -5.96384268e-005, 1.95990273e-006, 6.20483232e-005, 0.999999998, 0.951437238, -0.307842787, 4.51311552e-006, 0.307842787, 0.951437237, -5.70714053e-005, 1.32750743e-005, 5.56891903e-005, 0.999999998, 0, 0, 0, 0, 0, 0, 0, 0.386659082, -0.215205103, -0.179238989, -0.103368911, 0.526737894, -0.843735959, -0.991943359, -0.116699219, 0.0485839844, -0.0728613494, 0.841905726, 0.534690474, 0, 0, -0, 0, 0, 0, 0, 0.417161133, -0.160964697, -0.161804248, 0.13130791, 0.0847681288, -0.987633023, 0.0968017578, -0.992553711, -0.0723876953, -0.986552068, -0.0859706254, -0.1385406, 0, 2, 1, 1, 
362.567407, 27, 0.1, 0.1, 0.00727091222, 0.355607457, -0.0199604794, 0.951437091, -0.307843241, -3.56490041e-005, 0.307843243, 0.951437089, 6.21109872e-005, 1.47973371e-005, -7.0069002e-005, 0.999999997, 0.951437142, -0.307843086, -1.29014302e-006, 0.307843086, 0.951437141, 4.33002537e-005, -1.21021937e-005, -4.15946312e-005, 0.999999999, 0, 0, 0, 0, 0, 0, 0, 0.386659082, -0.215205103, -0.179238989, -0.103368911, 0.526737894, -0.843735959, -0.991943359, -0.116699219, 0.0485839844, -0.0728613494, 0.841905726, 0.534690474, 0, 0, -0, 0, 0, 0, 0, 0.417161133, -0.160964697, -0.161804248, 0.13130791, 0.0847681288, -0.987633023, 0.0968017578, -0.992553711, -0.0723876953, -0.986552068, -0.0859706254, -0.1385406, 0, 2, 1, 1, 
362.568114, 27, 0.1, 0.1, 0.00727091831, 0.355607446, -0.0199638722, 0.951436838, -0.307844024, 2.08358526e-005, 0.307844024, 0.951436838, 1.80902585e-005, -2.53929757e-005, -1.07975456e-005, 1, 0.951436889, -0.307843867, -1.88225987e-005, 0.307843868, 0.951436888, 4.36378226e-005, 4.47487864e-006, -4.73130558e-005, 0.999999999, 0, 0, 0, 0, 0, 0, 0, 0.386569336, -0.21563374, -0.179916992, -0.109373317, 0.531686028, -0.839868445, -0.991088867, -0.121948242, 0.0518798828, -0.0748765514, 0.83803222, 0.540381109, 0, 0, -0, 0, 0, 0, 0, 0.417161133, -0.160964697, -0.161804248, 0.13130791, 0.0847681288, -0.987633023, 0.0968017578, -0.992553711, -0.0723876953, -0.986552068, -0.0859706254, -0.1385406, 0, 2, 1, 1, 
362.568808, 27, 0.1, 0.1, 0.00727090699, 0.355607458, -0.0199687101, 0.951436768, -0.30784424, 3.42058685e-005, 0.307844242, 0.951436764, -8.52549062e-005, -6.29948901e-006, 9.1644732e-005, 0.999999996, 0.951436767, -0.307844237, 5.69694329e-005, 0.307844241, 0.951436764, -8.26279914e-005, -2.87662619e-005, 9.61530208e-005, 0.999999995, 0, 0, 0, 0, 0, 0, 0, 0.386569336, -0.21563374, -0.179916992, -0.109373317, 0.531686028, -0.839868445, -0.991088867, -0.121948242, 0.0518798828, -0.0748765514, 0.83803222, 0.540381109, 0, 0, -0, 0, 0, 0, 0, 0.417161133, -0.160964697, -0.161804248, 0.13130791, 0.0847681288, -0.987633023, 0.0968017578, -0.992553711, -0.0723876953, -0.986552068, -0.0859706254, -0.1385406, 0, 2, 1, 1, 
362.569498, 27, 0.1, 0.1, 0.00727091447, 0.355607464, -0.0199736081, 0.951436913, -0.307843787, -6.23461172e-005, 0.307843789, 0.951436913, 3.55970029e-005, 4.83600812e-005, -5.30611675e-005, 0.999999997, 0.951436861, -0.307843949, -6.07585669e-005, 0.307843949, 0.951436862, 4.31718496e-006, 5.6478921e-005, -2.28116861e-005, 0.999999998, 0, 0, 0, 0, 0, 0, 0, 0.386569336, -0.21563374, -0.179916992, -0.109373317, 0.531686028, -0.839868445, -0.991088867, -0.121948242, 0.0518798828, -0.0748765514, 0.83803222, 0.540381109, 0, 0, -0, 0, 0, 0, 0, 0.417161133, -0.160964697, -0.161804248, 0.13130791, 0.0847681288, -0.987633023, 0.0968017578, -0.992553711, -0.0723876953, -0.986552068, -0.0859706254, -0.1385406, 0, 2, 1, 1, 
362.570219, 27, 0.1, 0.1, 0.00727091608, 0.355607448, -0.0199771131, 0.951437318, -0.30784254, 3.21300746e-005, 0.307842538, 0.951437316, 7.26149419e-005, -5.29237202e-005, -5.91975619e-005, 0.999999997, 0.951437218, -0.30784285, 1.4049648e-005, 0.307842848, 0.951437215, 8.52648293e-005, -3.96155261e-005, -7.67990483e-005, 0.999999996, 0, 0, 0, 0, 0, 0, 0, 0.387669531, -0.21702395, -0.180419727, -0.114025272, 0.535219554, -0.836852015, -0.990478516, -0.12512207, 0.0549316406, -0.0753756735, 0.835371501, 0.544599847, 0, 0, -0, 0, 0, 0, 0, 0.417161133, -0.160964697, -0.161804248, 0.124956748, 0.0866649786, -0.988366896, 0.10168457, -0.991943359, -0.0740966797, -0.986851374, -0.0911719377, -0.132726084, 0, 2, 1, 1, 
362.570914, 27, 0.1, 0.1, 0.00727090782, 0.35560745, -0.0199779513, 0.951437874, -0.307840822, 2.18293923e-005, 0.307840823, 0.951437871, -6.83843446e-005, 2.82182353e-007, 7.17834335e-005, 0.999999997, 0.951437746, -0.307841216, 3.95553711e-005, 0.307841218, 0.951437745, -4.46300492e-005, -2.38955045e-005, 5.4639487e-005, 0.999999998, 0, 0, 0, 0, 0, 0, 0, 0.387669531, -0.21702395, -0.180419727, -0.114025272, 0.535219554, -0.836852015, -0.990478516, -0.12512207, 0.0549316406, -0.0753756735, 0.835371501, 0.544599847, 0, 0, -0, 0, 0, 0, 0, 0.417627588, -0.162064795, -0.162623486, 0.124956748, 0.0866649786, -0.988366896, 0.10168457, -0.991943359, -0.0740966797, -0.986851374, -0.0911719377, -0.132726084, 0, 2, 1, 1, 
362.571608, 27, 0.1, 0.1, 0.007270908, 0.355607463, -0.0199764161, 0.951438511, -0.307838852, -4.11707156e-006, 0.307838852, 0.951438511, -3.27012947e-005, 1.39838695e-005, 2.98458766e-005, 0.999999999, 0.951438383, -0.307839249, -7.37027634e-006, 0.307839248, 0.951438381, -5.96963704e-005, 2.53892496e-005, 5.45285578e-005, 0.999999998, 0, 0, 0, 0, 0, 0, 0, 0.387669531, -0.21702395, -0.180419727, -0.114025272, 0.535219554, -0.836852015, -0.990478516, -0.12512207, 0.0549316406, -0.0753756735, 0.835371501, 0.544599847, 0, 0, -0, 0, 0, 0, 0, 0.417627588, -0.162064795, -0.162623486, 0.124956748, 0.0866649786, -0.988366896, 0.10168457, -0.991943359, -0.0740966797, -0.986851374, -0.0911719377, -0.132726084, 0, 2, 1, 1, 
362.572298, 27, 0.1, 0.1, 0.00727090784, 0.355607457, -0.0199731132, 0.951439089, -0.307837067, -1.42051724e-005, 0.307837067, 0.951439088, 3.47329899e-005, 2.82325454e-006, -3.74192029e-005, 0.999999999, 0.951438985, -0.30783739, -2.76683191e-006, 0.30783739, 0.951438984, 4.37936717e-005, -1.08488578e-005, -4.25187409e-005, 0.999999999, 0, 0, 0, 0, 0, 0, 0, 0.387669531, -0.21702395, -0.180419727, -0.114025272, 0.535219554, -0.836852015, -0.990478516, -0.12512207, 0.0549316406, -0.0753756735, 0.835371501, 0.544599847, 0, 0, -0, 0, 0, 0, 0, 0.417627588, -0.162064795, -0.162623486, 0.124956748, 0.0866649786, -0.988366896, 0.10168457, -0.991943359, -0.0740966797, -0.986851374, -0.0911719377, -0.132726084, 0, 2, 1, 1, 
362.572991, 27, 0.1, 0.1, 0.00727090552, 0.355607461, -0.019969063, 0.95143952, -0.307835735, 2.53620385e-005, 0.307835735, 0.951439518, -5.22778307e-005, -8.03746124e-006, 5.75465359e-005, 0.999999998, 0.951439435, -0.307835996, 2.80828151e-005, 0.307835997, 0.951439434, -4.27080443e-005, -1.35720243e-005, 4.92790189e-005, 0.999999999, 0, 0, 0, 0, 0, 0, 0, 0.387669531, -0.21702395, -0.180419727, -0.114025272, 0.535219554, -0.836852015, -0.990478516, -0.12512207, 0.0549316406, -0.0753756735, 0.835371501, 0.544599847, 0, 0, -0, 0, 0, 0, 0, 0.417627588, -0.162064795, -0.162623486, 0.124956748, 0.0866649786, -0.988366896, 0.10168457, -0.991943359, -0.0740966797, -0.986851374, -0.0911719377, -0.132726084, 0, 2, 1, 1, 
362.573683, 27, 0.1, 0.1, 0.00727090449, 0.355607463, -0.0199655341, 0.951439971, -0.307834341, 3.21276873e-006, 0.307834341, 0.95143997, 4.13961171e-005, -1.5799903e-005, -3.83969199e-005, 0.999999999, 0.951439884, -0.307834611, 4.94507201e-006, 0.307834611, 0.951439883, 1.94150464e-005, -1.0681562e-005, -1.69499852e-005, 1, 0, 0, 0, 0, 0, 0, 0, 0.387669531, -0.21702395, -0.180419727, -0.114025272, 0.535219554, -0.836852015, -0.990478516, -0.12512207, 0.0549316406, -0.0753756735, 0.835371501, 0.544599847, 0, 0, -0, 0, 0, 0, 0, 0.417627588, -0.162064795, -0.162623486, 0.124956748, 0.0866649786, -0.988366896, 0.10168457, -0.991943359, -0.0740966797, -0.986851374, -0.0911719377, -0.132726084, 0, 2, 1, 1, 
362.574798, 27, 0.1, 0.1, 0.00727090677, 0.355607463, -0.0199578266, 0.951440429, -0.307832924, 3.7079062e-005, 0.307832925, 0.951440428, -4.01023499e-005, -2.2933695e-005, 4.95691531e-005, 0.999999999, 0.951440379, -0.307833079, -1.08213888e-006, 0.307833079, 0.951440379, -3.28766391e-005, 1.11501077e-005, 3.09470439e-005, 0.999999999, 0, 0, 0, 0, 0, 0, 0, 0.387669531, -0.21702395, -0.180419727, -0.121114784, 0.539120773, -0.833479875, -0.989501953, -0.130859375, 0.0590820313, -0.0772190115, 0.831910995, 0.549503798, 0, 0, -0, 0, 0, 0, 0, 0.417627588, -0.162064795, -0.162623486, 0.124956748, 0.0866649786, -0.988366896, 0.10168457, -0.991943359, -0.0740966797, -0.986851374, -0.0911719377, -0.132726084, 0, 2, 1, 1, 
362.575948, 27, 0.1, 0.1, 0.00727090601, 0.355607457, -0.0199467343, 0.951440589, -0.30783243, -2.12979049e-005, 0.30783243, 0.951440588, 4.84384862e-005, 5.3527543e-006, -5.26425277e-005, 0.999999999, 0.951440557, -0.307832529, -3.81923561e-005, 0.30783253, 0.951440556, 4.9272226e-005, 2.11701626e-005, -5.86364437e-005, 0.999999998, 0, 0, 0, 0, 0, 0, 0, 0.388864307, -0.217281592, -0.181348682, -0.121114784, 0.539120773, -0.833479875, -0.989501953, -0.130859375, 0.0590820313, -0.0772190115, 0.831910995, 0.549503798, 0, 0, -0, 0, 0, 0, 0, 0.418256006, -0.16182666, -0.163642529, 0.117596093, 0.0894878319, -0.988909005, 0.109619141, -0.990966797, -0.0765380859, -0.986888554, -0.0993444908, -0.126400441, 0, 2, 1, 1, 
362.577073, 27, 0.1, 0.1, 0.00727089904, 0.355607467, -0.0199390548, 0.951441015, -0.307831114, -2.80367869e-005, 0.307831113, 0.951441015, -3.903016e-005, 3.86900466e-005, 2.85042997e-005, 0.999999999, 0.951440886, -0.307831514, -1.30034658e-006, 0.307831513, 0.951440884, -6.90329121e-005, 2.24877087e-005, 6.52804474e-005, 0.999999998, 0, 0, 0, 0, 0, 0, 0, 0.388864307, -0.217281592, -0.181348682, -0.121114784, 0.539120773, -0.833479875, -0.989501953, -0.130859375, 0.0590820313, -0.0772190115, 0.831910995, 0.549503798, 0, 0, -0, 0, 0, 0, 0, 0.418256006, -0.16182666, -0.163642529, 0.117596093, 0.0894878319, -0.988909005, 0.109619141, -0.990966797, -0.0765380859, -0.986888554, -0.0993444908, -0.126400441, 0, 2, 1, 1, 
362.577821, 27, 0.1, 0.1, 0.00727090203, 0.355607461, -0.0199403549, 0.951441567, -0.307829408, -1.82670079e-005, 0.307829408, 0.951441567, -1.69379957e-005, 2.25940039e-005, 1.0492391e-005, 1, 0.951441462, -0.307829731, -4.03017779e-006, 0.307829731, 0.951441462, 2.82907651e-005, -4.87426038e-006, -2.81576155e-005, 1, 0, 0, 0, 0, 0, 0, 0, 0.388864307, -0.217281592, -0.181348682, -0.121114784, 0.539120773, -0.833479875, -0.989501953, -0.130859375, 0.0590820313, -0.0772190115, 0.831910995, 0.549503798, 0, 0, -0, 0, 0, 0, 0, 0.418256006, -0.16182666, -0.163642529, 0.117596093, 0.0894878319, -0.988909005, 0.109619141, -0.990966797, -0.0765380859, -0.986888554, -0.0993444908, -0.126400441, 0, 2, 1, 1, 
362.578513, 27, 0.1, 0.1, 0.00727090246, 0.355607463, -0.019950278, 0.951441987, -0.307828112, -2.51869326e-006, 0.307828111, 0.951441986, 2.93829369e-005, -6.64850345e-006, -2.87314844e-005, 1, 0.951441922, -0.307828312, 8.00525656e-006, 0.307828311, 0.951441922, 1.78447725e-005, -1.31096629e-005, -1.451402e-005, 1, 0, 0, 0, 0, 0, 0, 0, 0.388864307, -0.217281592, -0.181348682, -0.121114784, 0.539120773, -0.833479875, -0.989501953, -0.130859375, 0.0590820313, -0.0772190115, 0.831910995, 0.549503798, 0, 0, -0, 0, 0, 0, 0, 0.418256006, -0.16182666, -0.163642529, 0.117596093, 0.0894878319, -0.988909005, 0.109619141, -0.990966797, -0.0765380859, -0.986888554, -0.0993444908, -0.126400441, 0, 2, 1, 1, 
362.579203, 27, 0.1, 0.1, 0.00727090296, 0.355607464, -0.0199648039, 0.951442199, -0.307827455, 2.07699827e-005, 0.307827456, 0.951442198, -2.40278489e-005, -1.23650064e-005, 2.92546803e-005, 0.999999999, 0.951442169, -0.307827548, 1.32868594e-005, 0.307827548, 0.951442168, -2.42990251e-005, -5.16176898e-006, 2.72091784e-005, 1, 0, 0, 0, 0, 0, 0, 0, 0.388864307, -0.217281592, -0.181348682, -0.121114784, 0.539120773, -0.833479875, -0.989501953, -0.130859375, 0.0590820313, -0.0772190115, 0.831910995, 0.549503798, 0, 0, -0, 0, 0, 0, 0, 0.418256006, -0.16182666, -0.163642529, 0.117596093, 0.0894878319, -0.988909005, 0.109619141, -0.990966797, -0.0765380859, -0.986888554, -0.0993444908, -0.126400441, 0, 2, 1, 1, 
362.579923, 27, 0.1, 0.1, 0.00727090348, 0.35560746, -0.0199797527, 0.951442373, -0.307826918, -6.90751734e-006, 0.307826918, 0.951442371, 4.86986292e-005, -8.41864428e-006, -4.84602591e-005, 0.999999999, 0.95144233, -0.30782705, -1.3255795e-005, 0.307827051, 0.951442329, 3.79288907e-005, 9.36585905e-007, -4.01676444e-005, 0.999999999, 0, 0, 0, 0, 0, 0, 0, 0.390115479, -0.217594897, -0.181193164, -0.127030823, 0.541892702, -0.830660397, -0.988525391, -0.136962891, 0.0617675781, -0.0802369449, 0.829123717, 0.553259362, 0, 0, -0, 0, 0, 0, 0, 0.419555029, -0.161826416, -0.163373145, 0.113513281, 0.0918699215, -0.98925352, 0.11706543, -0.989868164, -0.0784912109, -0.986581218, -0.106826914, -0.123122597, 0, 2, 1, 1, 
362.580616, 27, 0.1, 0.1, 0.00727090434, 0.355607454, -0.019989758, 0.95144258, -0.307826277, -7.67685838e-006, 0.307826277, 0.95144258, 7.04098517e-006, 5.13668969e-006, -9.06223183e-006, 1, 0.951442544, -0.307826387, -8.28063928e-006, 0.307826387, 0.951442544, 2.31463538e-005, 7.53494045e-007, -2.4571425e-005, 1, 0, 0, 0, 0, 0, 0, 0, 0.390115479, -0.217594897, -0.181193164, -0.127030823, 0.541892702, -0.830660397, -0.988525391, -0.136962891, 0.0617675781, -0.0802369449, 0.829123717, 0.553259362, 0, 0, -0, 0, 0, 0, 0, 0.419555029, -0.161826416, -0.163373145, 0.113513281, 0.0918699215, -0.98925352, 0.11706543, -0.989868164, -0.0784912109, -0.986581218, -0.106826914, -0.123122597, 0, 2, 1, 1, 
362.581324, 27, 0.1, 0.1, 0.00727090244, 0.35560746, -0.0199930751, 0.951442683, -0.307825957, 1.91522125e-005, 0.307825957, 0.951442682, -4.3834289e-005, -4.72890048e-006, 4.76013617e-005, 0.999999999, 0.951442667, -0.307826009, 1.47354431e-005, 0.307826009, 0.951442666, -3.97692159e-005, -1.7779303e-006, 4.23740814e-005, 0.999999999, 0, 0, 0, 0, 0, 0, 0, 0.390115479, -0.217594897, -0.181193164, -0.127030823, 0.541892702, -0.830660397, -0.988525391, -0.136962891, 0.0617675781, -0.0802369449, 0.829123717, 0.553259362, 0, 0, -0, 0, 0, 0, 0, 0.419555029, -0.161826416, -0.163373145, 0.113513281, 0.0918699215, -0.98925352, 0.11706543, -0.989868164, -0.0784912109, -0.986581218, -0.106826914, -0.123122597, 0, 2, 1, 1, 
362.582018, 27, 0.1, 0.1, 0.00727090009, 0.355607468, -0.0199892691, 0.951442755, -0.307825735, -2.41358455e-006, 0.307825735, 0.951442755, -2.23404768e-005, 9.17336122e-006, 2.05127213e-005, 1, 0.951442739, -0.307825787, 4.15483228e-006, 0.307825787, 0.951442738, -3.32779498e-005, 6.29072609e-006, 3.29410283e-005, 0.999999999, 0, 0, 0, 0, 0, 0, 0, 0.390115479, -0.217594897, -0.181193164, -0.127030823, 0.541892702, -0.830660397, -0.988525391, -0.136962891, 0.0617675781, -0.0802369449, 0.829123717, 0.553259362, 0, 0, -0, 0, 0, 0, 0, 0.419555029, -0.161826416, -0.163373145, 0.113513281, 0.0918699215, -0.98925352, 0.11706543, -0.989868164, -0.0784912109, -0.986581218, -0.106826914, -0.123122597, 0, 2, 1, 1, 
362.582736, 27, 0.1, 0.1, 0.00727090048, 0.355607463, -0.0199796303, 0.951442899, -0.307825292, -6.51307585e-007, 0.307825292, 0.951442898, 3.98460505e-005, -1.16459402e-005, -3.81117308e-005, 0.999999999, 0.95144287, -0.307825382, 9.21658657e-007, 0.307825382, 0.951442869, 4.10335636e-005, -1.35080779e-005, -3.87573816e-005, 0.999999999, 0, 0, 0, 0, 0, 0, 0, 0.391058081, -0.217159009, -0.181193994, -0.134565535, 0.546301278, -0.82665322, -0.987182617, -0.144775391, 0.0650634766, -0.084110833, 0.824964893, 0.559051468, 0, 0, -0, 0, 0, 0, 0, 0.420601025, -0.161573389, -0.163315283, 0.108919344, 0.0949483378, -0.989502153, 0.125366211, -0.988647461, -0.0810546875, -0.986082119, -0.115095349, -0.119589191, 0, 2, 1, 1, 
362.583432, 27, 0.1, 0.1, 0.00727090185, 0.355607465, -0.0199683044, 0.951442994, -0.307824998, 4.88226185e-006, 0.307824998, 0.951442993, -2.8498037e-005, 4.12721438e-006, 2.86171399e-005, 1, 0.951442986, -0.307825021, -8.04364372e-006, 0.307825021, 0.951442986, -2.92395661e-005, 1.66537385e-005, 2.53437453e-005, 1, 0, 0, 0, 0, 0, 0, 0, 0.391058081, -0.217159009, -0.181193994, -0.134565535, 0.546301278, -0.82665322, -0.987182617, -0.144775391, 0.0650634766, -0.084110833, 0.824964893, 0.559051468, 0, 0, -0, 0, 0, 0, 0, 0.420601025, -0.161573389, -0.163315283, 0.108919344, 0.0949483378, -0.989502153, 0.125366211, -0.988647461, -0.0810546875, -0.986082119, -0.115095349, -0.119589191, 0, 2, 1, 1, 
362.584124, 27, 0.1, 0.1, 0.00727090014, 0.35560746, -0.0199585505, 0.951442924, -0.307825214, -2.77395651e-005, 0.307825215, 0.951442923, 3.79865041e-005, 1.46994092e-005, -4.46809281e-005, 0.999999999, 0.951442954, -0.307825122, -2.49262176e-006, 0.307825121, 0.951442953, 4.49448879e-005, -1.14635782e-005, -4.35297885e-005, 0.999999999, 0, 0, 0, 0, 0, 0, 0, 0.391058081, -0.217159009, -0.181193994, -0.134565535, 0.546301278, -0.82665322, -0.987182617, -0.144775391, 0.0650634766, -0.084110833, 0.824964893, 0.559051468, 0, 0, -0, 0, 0, 0, 0, 0.420601025, -0.161573389, -0.163315283, 0.108919344, 0.0949483378, -0.989502153, 0.125366211, -0.988647461, -0.0810546875, -0.986082119, -0.115095349, -0.119589191, 0, 2, 1, 1, 
362.584815, 27, 0.1, 0.1, 0.00727089879, 0.355607465, -0.0199529432, 0.951442665, -0.307826011, 5.20471281e-005, 0.307826013, 0.951442664, -4.91016435e-005, -3.44050952e-005, 6.27388585e-005, 0.999999997, 0.951442729, -0.307825815, 3.68155471e-005, 0.307825817, 0.951442728, -4.75921987e-005, -2.03777772e-005, 5.66140272e-005, 0.999999998, 0, 0, 0, 0, 0, 0, 0, 0.391058081, -0.217159009, -0.181193994, -0.134565535, 0.546301278, -0.82665322, -0.987182617, -0.144775391, 0.0650634766, -0.084110833, 0.824964893, 0.559051468, 0, 0, -0, 0, 0, 0, 0, 0.420601025, -0.161573389, -0.163315283, 0.108919344, 0.0949483378, -0.989502153, 0.125366211, -0.988647461, -0.0810546875, -0.986082119, -0.115095349, -0.119589191, 0, 2, 1, 1, 
362.585508, 27, 0.1, 0.1, 0.00727089894, 0.355607465, -0.0199526663, 0.951442339, -0.307827019, -3.55732735e-005, 0.307827021, 0.951442339, 3.28593176e-005, 2.37309328e-005, -4.22141608e-005, 0.999999999, 0.951442399, -0.307826835, -3.44324486e-005, 0.307826836, 0.951442399, 2.59122752e-005, 2.47839978e-005, -3.5253269e-005, 0.999999999, 0, 0, 0, 0, 0, 0, 0, 0.391058081, -0.217159009, -0.181193994, -0.134565535, 0.546301278, -0.82665322, -0.987182617, -0.144775391, 0.0650634766, -0.084110833, 0.824964893, 0.559051468, 0, 0, -0, 0, 0, 0, 0, 0.420601025, -0.161573389, -0.163315283, 0.108919344, 0.0949483378, -0.989502153, 0.125366211, -0.988647461, -0.0810546875, -0.986082119, -0.115095349, -0.119589191, 0, 2, 1, 1, 
362.5862, 27, 0.1, 0.1, 0.00727089436, 0.355607467, -0.0199574025, 0.951442139, -0.307827639, 3.15769674e-005, 0.307827641, 0.951442138, -4.29548849e-005, -1.68209566e-005, 5.0589351e-005, 0.999999999, 0.951442162, -0.307827567, 4.35192459e-005, 0.307827568, 0.951442162, -3.28863918e-005, -3.12827074e-005, 4.46859233e-005, 0.999999999, 0, 0, 0, 0, 0, 0, 0, 0.391058081, -0.217159009, -0.181193994, -0.134565535, 0.546301278, -0.82665322, -0.987182617, -0.144775391, 0.0650634766, -0.084110833, 0.824964893, 0.559051468, 0, 0, -0, 0, 0, 0, 0, 0.420601025, -0.161573389, -0.163315283, 0.108919344, 0.0949483378, -0.989502153, 0.125366211, -0.988647461, -0.0810546875, -0.986082119, -0.115095349, -0.119589191, 0, 2, 1, 1, 
362.586889, 27, 0.1, 0.1, 0.0072708963, 0.355607468, -0.0199653377, 0.95144215, -0.307827607, -1.46838987e-006, 0.307827607, 0.951442149, 3.55010422e-005, -9.53111286e-006, -3.42291988e-005, 0.999999999, 0.95144213, -0.307827668, -1.92766697e-005, 0.307827668, 0.95144213, 2.2645347e-005, 1.13697713e-005, -2.74796295e-005, 1, 0, 0, 0, 0, 0, 0, 0, 0.391058081, -0.217159009, -0.181193994, -0.134565535, 0.546301278, -0.82665322, -0.987182617, -0.144775391, 0.0650634766, -0.084110833, 0.824964893, 0.559051468, 0, 0, -0, 0, 0, 0, 0, 0.420601025, -0.161573389, -0.163315283, 0.108919344, 0.0949483378, -0.989502153, 0.125366211, -0.988647461, -0.0810546875, -0.986082119, -0.115095349, -0.119589191, 0, 2, 1, 1, 
362.587623, 27, 0.1, 0.1, 0.00727089451, 0.355607468, -0.019973917, 0.951442323, -0.307827073, -5.76621592e-006, 0.307827072, 0.951442322, -2.83963142e-005, 1.42273762e-005, 2.52424578e-005, 1, 0.95144228, -0.307827204, 1.61138121e-006, 0.307827204, 0.95144228, -2.17173065e-005, 5.15204151e-006, 2.11587906e-005, 1, 0, 0, 0, 0, 0, 0, 0, 0.391782446, -0.219208691, -0.181652051, -0.142231675, 0.55008193, -0.82279881, -0.986206055, -0.149414063, 0.0705566406, -0.084132555, 0.821523482, 0.563879035, 0, 0, -0, 0, 0, 0, 0, 0.421261816, -0.163096289, -0.163042725, 0.105334898, 0.0968517508, -0.989686987, 0.129394531, -0.988037109, -0.0830078125, -0.985845146, -0.119191287, -0.116662793, 0, 2, 1, 1, 
362.588312, 27, 0.1, 0.1, 0.00727089456, 0.355607468, -0.0199799393, 0.951442524, -0.307826451, 2.05018053e-006, 0.307826451, 0.951442523, 2.54420818e-005, -9.78237468e-006, -2.35755787e-005, 1, 0.951442487, -0.307826564, 3.4350638e-006, 0.307826564, 0.951442487, 2.18457339e-005, -9.99296285e-006, -1.97275555e-005, 1, 0, 0, 0, 0, 0, 0, 0, 0.391782446, -0.219208691, -0.181652051, -0.142231675, 0.55008193, -0.82279881, -0.986206055, -0.149414063, 0.0705566406, -0.084132555, 0.821523482, 0.563879035, 0, 0, -0, 0, 0, 0, 0, 0.421261816, -0.163096289, -0.163042725, 0.105334898, 0.0968517508, -0.989686987, 0.129394531, -0.988037109, -0.0830078125, -0.985845146, -0.119191287, -0.116662793, 0, 2, 1, 1, 
362.589007, 27, 0.1, 0.1, 0.0072708958, 0.355607468, -0.0199826086, 0.951442664, -0.307826016, -2.38975765e-006, 0.307826016, 0.951442664, -1.30975428e-005, 6.30548181e-006, 1.17259314e-005, 1, 0.951442644, -0.30782608, -8.86479368e-006, 0.30782608, 0.951442644, -1.26964965e-005, 1.23426555e-005, 9.35117351e-006, 1, 0, 0, 0, 0, 0, 0, 0, 0.391782446, -0.219208691, -0.181652051, -0.142231675, 0.55008193, -0.82279881, -0.986206055, -0.149414063, 0.0705566406, -0.084132555, 0.821523482, 0.563879035, 0, 0, -0, 0, 0, 0, 0, 0.421261816, -0.163096289, -0.163042725, 0.105334898, 0.0968517508, -0.989686987, 0.129394531, -0.988037109, -0.0830078125, -0.985845146, -0.119191287, -0.116662793, 0, 2, 1, 1, 
362.589698, 27, 0.1, 0.1, 0.00727089467, 0.355607469, -0.0199813556, 0.951442726, -0.307825826, -5.46757445e-006, 0.307825826, 0.951442726, -9.76520641e-006, 8.20806667e-006, 7.60797398e-006, 1, 0.951442717, -0.307825853, 3.05464194e-006, 0.307825853, 0.951442717, 1.60193425e-006, -3.3994336e-006, -5.83850915e-007, 1, 0, 0, 0, 0, 0, 0, 0, 0.391782446, -0.219208691, -0.181652051, -0.142231675, 0.55008193, -0.82279881, -0.986206055, -0.149414063, 0.0705566406, -0.084132555, 0.821523482, 0.563879035, 0, 0, -0, 0, 0, 0, 0, 0.421261816, -0.163096289, -0.163042725, 0.105334898, 0.0968517508, -0.989686987, 0.129394531, -0.988037109, -0.0830078125, -0.985845146, -0.119191287, -0.116662793, 0, 2, 1, 1, 
362.590392, 27, 0.1, 0.1, 0.00727089452, 0.355607469, -0.0199768088, 0.95144279, -0.307825627, 1.53309872e-005, 0.307825626, 0.951442791, 8.63861703e-006, -1.72457449e-005, -3.49987917e-006, 1, 0.951442772, -0.307825683, 7.85157879e-006, 0.307825683, 0.951442772, 1.05765648e-005, -1.07260662e-005, -7.64607849e-006, 1, 0, 0, 0, 0, 0, 0, 0, 0.391782446, -0.219208691, -0.181652051, -0.142231675, 0.55008193, -0.82279881, -0.986206055, -0.149414063, 0.0705566406, -0.084132555, 0.821523482, 0.563879035, 0, 0, -0, 0, 0, 0, 0, 0.421261816, -0.163096289, -0.163042725, 0.105334898, 0.0968517508, -0.989686987, 0.129394531, -0.988037109, -0.0830078125, -0.985845146, -0.119191287, -0.116662793, 0, 2, 1, 1, 
362.591096, 27, 0.1, 0.1, 0.00727089543, 0.35560747, -0.0199703371, 0.951442933, -0.307825185, -2.15461076e-005, 0.307825185, 0.951442933, 7.41441868e-006, 1.82175471e-005, -1.36868308e-005, 1, 0.951442898, -0.307825292, -2.21741868e-005, 0.307825292, 0.951442899, 2.57686803e-006, 2.03042474e-005, -9.27751833e-006, 1, 0, 0, 0, 0, 0, 0, 0, 0.391782446, -0.219208691, -0.181652051, -0.142231675, 0.55008193, -0.82279881, -0.986206055, -0.149414063, 0.0705566406, -0.084132555, 0.821523482, 0.563879035, 0, 0, -0, 0, 0, 0, 0, 0.421261816, -0.163096289, -0.163042725, 0.105334898, 0.0968517508, -0.989686987, 0.129394531, -0.988037109, -0.0830078125, -0.985845146, -0.119191287, -0.116662793, 0, 2, 1, 1, 
362.591784, 27, 0.1, 0.1, 0.00727089272, 0.355607469, -0.0199642391, 0.9514431, -0.307824671, 6.02075188e-006, 0.307824671, 0.9514431, 1.41214646e-005, -1.0075338e-005, -1.15824341e-005, 1, 0.95144307, -0.307824762, 2.35188348e-005, 0.307824763, 0.95144307, 2.20380723e-006, -2.30552188e-005, 5.14288261e-006, 1, 0, 0, 0, 0, 0, 0, 0, 0.391782446, -0.219208691, -0.181652051, -0.142231675, 0.55008193, -0.82279881, -0.986206055, -0.149414063, 0.0705566406, -0.084132555, 0.821523482, 0.563879035, 0, 0, -0, 0, 0, 0, 0, 0.421261816, -0.163096289, -0.163042725, 0.105334898, 0.0968517508, -0.989686987, 0.129394531, -0.988037109, -0.0830078125, -0.985845146, -0.119191287, -0.116662793, 0, 2, 1, 1, 
362.592505, 27, 0.1, 0.1, 0.00727089501, 0.355607471, -0.0199596237, 0.951443141, -0.307824544, 1.79011792e-005, 0.307824544, 0.951443141, -4.02874357e-006, -1.57918081e-005, 9.34354278e-006, 1, 0.951443145, -0.30782453, -5.09751966e-006, 0.30782453, 0.951443145, -1.89982193e-005, 1.06981181e-005, 1.65065839e-005, 1, 0, 0, 0, 0, 0, 0, 0, 0.392878735, -0.221562427, -0.180190894, -0.146871647, 0.552206838, -0.820595274, -0.985351562, -0.153930664, 0.0727539063, -0.0861166782, 0.819333051, 0.566867011, 0, 0, -0, 0, 0, 0, 0, 0.421930078, -0.164700488, -0.161036963, 0.105162457, 0.0975283879, -0.989661468, 0.133544922, -0.987426758, -0.0831298828, -0.985372299, -0.123293422, -0.116905596, 0, 2, 1, 1, 
362.5932, 27, 0.1, 0.1, 0.00727089378, 0.35560747, -0.0199584208, 0.951443055, -0.307824807, -1.99921163e-005, 0.307824807, 0.951443055, -2.36224474e-005, 2.62929355e-005, 1.63213442e-005, 1, 0.951443073, -0.307824754, -9.7573083e-006, 0.307824754, 0.951443073, -1.38734882e-005, 1.35541265e-005, 1.01962932e-005, 1, 0, 0, 0, 0, 0, 0, 0, 0.392878735, -0.221562427, -0.180190894, -0.146871647, 0.552206838, -0.820595274, -0.985351562, -0.153930664, 0.0727539063, -0.0861166782, 0.819333051, 0.566867011, 0, 0, -0, 0, 0, 0, 0, 0.421930078, -0.164700488, -0.161036963, 0.105162457, 0.0975283879, -0.989661468, 0.133544922, -0.987426758, -0.0831298828, -0.985372299, -0.123293422, -0.116905596, 0, 2, 1, 1, 
362.593886, 27, 0.1, 0.1, 0.00727089258, 0.35560747, -0.0199606221, 0.951443034, -0.307824873, 2.85258367e-005, 0.307824873, 0.951443034, -2.26129133e-006, -2.6444627e-005, 1.0932452e-005, 1, 0.951443026, -0.307824897, 2.32569849e-005, 0.307824897, 0.951443026, 1.53671949e-005, -2.68581013e-005, -7.46193143e-006, 1, 0, 0, 0, 0, 0, 0, 0, 0.392878735, -0.221562427, -0.180190894, -0.146871647, 0.552206838, -0.820595274, -0.985351562, -0.153930664, 0.0727539063, -0.0861166782, 0.819333051, 0.566867011, 0, 0, -0, 0, 0, 0, 0, 0.421930078, -0.164700488, -0.161036963, 0.105162457, 0.0975283879, -0.989661468, 0.133544922, -0.987426758, -0.0831298828, -0.985372299, -0.123293422, -0.116905596, 0, 2, 1, 1, 
362.594592, 27, 0.1, 0.1, 0.00727089417, 0.355607471, -0.0199654116, 0.951443152, -0.30782451, -1.11067637e-005, 0.30782451, 0.951443152, 3.76289836e-006, 9.40914189e-006, -6.99911797e-006, 1, 0.951443123, -0.307824599, -2.33410596e-005, 0.307824599, 0.951443123, 5.06587677e-006, 2.06482892e-005, -1.20048459e-005, 1, 0, 0, 0, 0, 0, 0, 0, 0.395101733, -0.223541577, -0.178334644, -0.151125951, 0.552904033, -0.819325198, -0.98425293, -0.160522461, 0.0731201172, -0.0911280916, 0.817492339, 0.568643322, 0, 0, -0, 0, 0, 0, 0, 0.421930078, -0.164700488, -0.161036963, 0.105162457, 0.0975283879, -0.989661468, 0.133544922, -0.987426758, -0.0831298828, -0.985372299, -0.123293422, -0.116905596, 0, 2, 1, 1, 
362.595295, 27, 0.1, 0.1, 0.00727089092, 0.355607471, -0.0199709072, 0.951443279, -0.307824117, -6.59931075e-006, 0.307824117, 0.951443279, 6.86614873e-006, 4.16530368e-006, -8.56417807e-006, 1, 0.951443263, -0.307824167, 1.21877151e-005, 0.307824167, 0.951443263, 8.44035028e-006, -1.41940632e-005, -4.27884116e-006, 1, 0, 0, 0, 0, 0, 0, 0, 0.395101733, -0.223541577, -0.178334644, -0.151125951, 0.552904033, -0.819325198, -0.98425293, -0.160522461, 0.0731201172, -0.0911280916, 0.817492339, 0.568643322, 0, 0, -0, 0, 0, 0, 0, 0.42305166, -0.165379736, -0.159029736, 0.104938977, 0.099616635, -0.989463507, 0.14074707, -0.986328125, -0.0843505859, -0.984413846, -0.130315758, -0.117621246, 0, 2, 1, 1, 
362.595984, 27, 0.1, 0.1, 0.00727089086, 0.355607472, -0.0199756529, 0.951443298, -0.307824057, 1.36810626e-005, 0.307824057, 0.951443298, 7.91600561e-006, -1.54534922e-005, -3.32027032e-006, 1, 0.951443303, -0.307824042, 1.069519e-005, 0.307824042, 0.951443303, -4.97631524e-006, -8.64403747e-006, 8.02691844e-006, 1, 0, 0, 0, 0, 0, 0, 0, 0.395101733, -0.223541577, -0.178334644, -0.151125951, 0.552904033, -0.819325198, -0.98425293, -0.160522461, 0.0731201172, -0.0911280916, 0.817492339, 0.568643322, 0, 0, -0, 0, 0, 0, 0, 0.42305166, -0.165379736, -0.159029736, 0.104938977, 0.099616635, -0.989463507, 0.14074707, -0.986328125, -0.0843505859, -0.984413846, -0.130315758, -0.117621246, 0, 2, 1, 1, 
362.596682, 27, 0.1, 0.1, 0.00727089129, 0.355607473, -0.0199783749, 0.951443262, -0.307824168, -1.34892467e-005, 0.307824168, 0.951443262, -1.04742564e-005, 1.60584821e-005, 5.81334457e-006, 1, 0.951443268, -0.30782415, -1.23343419e-005, 0.307824149, 0.951443268, -1.38639408e-005, 1.60030823e-005, 9.39394483e-006, 1, 0, 0, 0, 0, 0, 0, 0, 0.395101733, -0.223541577, -0.178334644, -0.151125951, 0.552904033, -0.819325198, -0.98425293, -0.160522461, 0.0731201172, -0.0911280916, 0.817492339, 0.568643322, 0, 0, -0, 0, 0, 0, 0, 0.42305166, -0.165379736, -0.159029736, 0.104938977, 0.099616635, -0.989463507, 0.14074707, -0.986328125, -0.0843505859, -0.984413846, -0.130315758, -0.117621246, 0, 2, 1, 1, 
362.597381, 27, 0.1, 0.1, 0.00727089048, 0.355607473, -0.0199783438, 0.951443276, -0.307824127, 4.52168979e-006, 0.307824127, 0.951443276, -9.08548417e-006, -1.50540012e-006, 1.0036208e-005, 1, 0.951443267, -0.307824154, 1.08571359e-005, 0.307824154, 0.951443267, -3.91688887e-006, -9.12423587e-006, 7.06878622e-006, 1, 0, 0, 0, 0, 0, 0, 0, 0.395101733, -0.223541577, -0.178334644, -0.151125951, 0.552904033, -0.819325198, -0.98425293, -0.160522461, 0.0731201172, -0.0911280916, 0.817492339, 0.568643322, 0, 0, -0, 0, 0, 0, 0, 0.42305166, -0.165379736, -0.159029736, 0.104938977, 0.099616635, -0.989463507, 0.14074707, -0.986328125, -0.0843505859, -0.984413846, -0.130315758, -0.117621246, 0, 2, 1, 1, 
362.598075, 27, 0.1, 0.1, 0.00727089232, 0.355607474, -0.0199757427, 0.95144336, -0.307823866, 8.89989494e-006, 0.307823866, 0.95144336, -4.36756831e-006, -7.12330418e-006, 6.89509394e-006, 1, 0.95144334, -0.307823927, -9.85213282e-006, 0.307823927, 0.951443341, 1.33645782e-006, 8.96235247e-006, -4.3042861e-006, 1, 0, 0, 0, 0, 0, 0, 0, 0.395101733, -0.223541577, -0.178334644, -0.151125951, 0.552904033, -0.819325198, -0.98425293, -0.160522461, 0.0731201172, -0.0911280916, 0.817492339, 0.568643322, 0, 0, -0, 0, 0, 0, 0, 0.42305166, -0.165379736, -0.159029736, 0.104938977, 0.099616635, -0.989463507, 0.14074707, -0.986328125, -0.0843505859, -0.984413846, -0.130315758, -0.117621246, 0, 2, 1, 1, 
362.598771, 27, 0.1, 0.1, 0.00727089208, 0.355607474, -0.0199715345, 0.951443421, -0.307823678, -2.03721763e-005, 0.307823678, 0.951443421, -1.02661005e-006, 1.9698988e-005, -5.29427686e-006, 1, 0.951443417, -0.30782369, -1.48046313e-005, 0.30782369, 0.951443417, 6.3372975e-006, 1.21349987e-005, -1.05867962e-005, 1, 0, 0, 0, 0, 0, 0, 0, 0.395101733, -0.223541577, -0.178334644, -0.151125951, 0.552904033, -0.819325198, -0.98425293, -0.160522461, 0.0731201172, -0.0911280916, 0.817492339, 0.568643322, 0, 0, -0, 0, 0, 0, 0, 0.42305166, -0.165379736, -0.159029736, 0.104938977, 0.099616635, -0.989463507, 0.14074707, -0.986328125, -0.0843505859, -0.984413846, -0.130315758, -0.117621246, 0, 2, 1, 1, 
362.599491, 27, 0.1, 0.1, 0.00727089014, 0.355607473, -0.0199668059, 0.951443369, -0.307823838, 1.82177525e-005, 0.307823838, 0.951443369, 2.17103343e-005, -2.40161182e-005, -1.50482951e-005, 1, 0.951443389, -0.307823776, 2.13204277e-005, 0.307823775, 0.951443389, 1.72886707e-005, -2.56070438e-005, -9.88625693e-006, 1, 0, 0, 0, 0, 0, 0, 0, 0.397322656, -0.221913452, -0.175784375, -0.155072093, 0.554374808, -0.817642124, -0.982543945, -0.17199707, 0.0697021484, -0.101997134, 0.814293185, 0.571466547, 0, 0, -0, 0, 0, 0, 0, 0.42305166, -0.165379736, -0.159029736, 0.103571843, 0.102132519, -0.989367625, 0.150878906, -0.984741211, -0.0858154297, -0.983084625, -0.140238973, -0.117365683, 0, 2, 1, 1, 
362.600185, 27, 0.1, 0.1, 0.00727089177, 0.355607474, -0.0199631802, 0.951443276, -0.307824126, -1.08344622e-005, 0.307824126, 0.951443276, 8.4681966e-006, 7.70166104e-006, -1.13921176e-005, 1, 0.951443291, -0.307824078, -1.78808021e-005, 0.307824078, 0.951443291, -1.19980909e-005, 2.07058704e-005, 5.91136171e-006, 1, 0, 0, 0, 0, 0, 0, 0, 0.397322656, -0.221913452, -0.175784375, -0.155072093, 0.554374808, -0.817642124, -0.982543945, -0.17199707, 0.0697021484, -0.101997134, 0.814293185, 0.571466547, 0, 0, -0, 0, 0, 0, 0, 0.424775098, -0.16519873, -0.15723208, 0.103571843, 0.102132519, -0.989367625, 0.150878906, -0.984741211, -0.0858154297, -0.983084625, -0.140238973, -0.117365683, 0, 2, 1, 1, 
362.600877, 27, 0.1, 0.1, 0.00727088904, 0.355607474, -0.0199617062, 0.951443297, -0.30782406, -1.06584846e-005, 0.30782406, 0.951443297, -1.16961325e-005, 1.37412947e-005, 7.84726889e-006, 1, 0.951443282, -0.307824106, 1.51516698e-005, 0.307824106, 0.951443282, -1.03295982e-005, -1.12362552e-005, 1.4492076e-005, 1, 0, 0, 0, 0, 0, 0, 0, 0.397322656, -0.221913452, -0.175784375, -0.155072093, 0.554374808, -0.817642124, -0.982543945, -0.17199707, 0.0697021484, -0.101997134, 0.814293185, 0.571466547, 0, 0, -0, 0, 0, 0, 0, 0.424775098, -0.16519873, -0.15723208, 0.103571843, 0.102132519, -0.989367625, 0.150878906, -0.984741211, -0.0858154297, -0.983084625, -0.140238973, -0.117365683, 0, 2, 1, 1, 
362.601573, 27, 0.1, 0.1, 0.00727089014, 0.355607474, -0.0199626627, 0.951443427, -0.307823659, 2.62845535e-005, 0.307823659, 0.951443427, -5.46307776e-006, -2.33266011e-005, 1.32888169e-005, 1, 0.951443402, -0.307823737, 1.36401924e-005, 0.307823737, 0.951443402, -3.72975513e-006, -1.18297639e-005, 7.74742593e-006, 1, 0, 0, 0, 0, 0, 0, 0, 0.397322656, -0.221913452, -0.175784375, -0.155072093, 0.554374808, -0.817642124, -0.982543945, -0.17199707, 0.0697021484, -0.101997134, 0.814293185, 0.571466547, 0, 0, -0, 0, 0, 0, 0, 0.424775098, -0.16519873, -0.15723208, 0.103571843, 0.102132519, -0.989367625, 0.150878906, -0.984741211, -0.0858154297, -0.983084625, -0.140238973, -0.117365683, 0, 2, 1, 1, 
362.602269, 27, 0.1, 0.1, 0.00727089112, 0.355607474, -0.019965594, 0.951443493, -0.307823454, -1.95033229e-005, 0.307823453, 0.951443494, -1.50609367e-005, 2.31924192e-005, 8.32605e-006, 1, 0.951443491, -0.307823459, -2.48882716e-005, 0.307823459, 0.951443492, 4.83021286e-007, 2.35310988e-005, -8.12076133e-006, 1, 0, 0, 0, 0, 0, 0, 0, 0.397322656, -0.221913452, -0.175784375, -0.155072093, 0.554374808, -0.817642124, -0.982543945, -0.17199707, 0.0697021484, -0.101997134, 0.814293185, 0.571466547, 0, 0, -0, 0, 0, 0, 0, 0.424775098, -0.16519873, -0.15723208, 0.103571843, 0.102132519, -0.989367625, 0.150878906, -0.984741211, -0.0858154297, -0.983084625, -0.140238973, -0.117365683, 0, 2, 1, 1, 
362.60296, 27, 0.1, 0.1, 0.00727088945, 0.355607474, -0.0199695199, 0.951443434, -0.307823637, 5.52005468e-006, 0.307823637, 0.951443434, 8.71731182e-006, -7.93541441e-006, -6.59482579e-006, 1, 0.951443451, -0.307823584, 1.35525634e-005, 0.307823584, 0.951443451, 1.61021748e-005, -1.78511269e-005, -1.11485101e-005, 1, 0, 0, 0, 0, 0, 0, 0, 0.397322656, -0.221913452, -0.175784375, -0.155072093, 0.554374808, -0.817642124, -0.982543945, -0.17199707, 0.0697021484, -0.101997134, 0.814293185, 0.571466547, 0, 0, -0, 0, 0, 0, 0, 0.424775098, -0.16519873, -0.15723208, 0.103571843, 0.102132519, -0.989367625, 0.150878906, -0.984741211, -0.0858154297, -0.983084625, -0.140238973, -0.117365683, 0, 2, 1, 1, 
362.603654, 27, 0.1, 0.1, 0.00727089132, 0.355607475, -0.0199732744, 0.951443363, -0.307823857, 2.50806846e-006, 0.307823857, 0.951443363, 1.01730629e-005, -5.51779655e-006, -8.90704985e-006, 1, 0.95144337, -0.307823836, -1.23888641e-005, 0.307823836, 0.95144337, 1.44594172e-006, 1.13422072e-005, -5.18931931e-006, 1, 0, 0, 0, 0, 0, 0, 0, 0.397322656, -0.221913452, -0.175784375, -0.155072093, 0.554374808, -0.817642124, -0.982543945, -0.17199707, 0.0697021484, -0.101997134, 0.814293185, 0.571466547, 0, 0, -0, 0, 0, 0, 0, 0.424775098, -0.16519873, -0.15723208, 0.103571843, 0.102132519, -0.989367625, 0.150878906, -0.984741211, -0.0858154297, -0.983084625, -0.140238973, -0.117365683, 0, 2, 1, 1, 
362.604375, 27, 0.1, 0.1, 0.00727089077, 0.355607476, -0.0199756906, 0.951443388, -0.307823779, -1.8232155e-005, 0.307823779, 0.951443388, -8.01553309e-007, 1.75936005e-005, -4.84965825e-006, 1, 0.951443373, -0.307823825, -7.406967e-006, 0.307823825, 0.951443373, -1.02664759e-005, 1.02075755e-005, 7.48792954e-006, 1, 0, 0, 0, 0, 0, 0, 0, 0.399016772, -0.220144092, -0.174890894, -0.160768337, 0.558732088, -0.81361585, -0.980834961, -0.182128906, 0.0686035156, -0.109869965, 0.809030158, 0.577379221, 0, 0, -0, 0, 0, 0, 0, 0.424775098, -0.16519873, -0.15723208, 0.0991441497, 0.105306451, -0.989431058, 0.161132812, -0.982910156, -0.0885009766, -0.981831597, -0.150583995, -0.114426525, 0, 2, 1, 1, 
