time, trialNum, realDorsalTactorPos, realVentralTactorPos, boxPosX, boxPosY, boxPosZ, boxLocalRot_11, boxLocalRot_12, boxLocalRot_13, boxLocalRot_21, boxLocalRot_22, boxLocalRot_23, boxLocalRot_31, boxLocalRot_32, boxLocalRot_33, boxGlobalRot_11, boxGlobalRot_12, boxGlobalRot_13, boxGlobalRot_21, boxGlobalRot_22, boxGlobalRot_23, boxGlobalRot_31, boxGlobalRot_32, boxGlobalRot_33, indexForceX, indexForceY, indexForceZ, indexForceGlobalX, indexForceGlobalY, indexForceGlobalZ, indexContact, indexPosX, indexPosY, indexPosZ, indexRot_11, indexRot_12, indexRot_13, indexRot_21, indexRot_22, indexRot_23, indexRot_31, indexRot_32, indexRot_33, thumbForceX, thumbForceY, thumbForceZ, thumbForceGlobalX, thumbForceGlobalY, thumbForceGlobalZ, thumbContact, thumbPosX, thumbPosY, thumbPosZ, thumbRot_11, thumbRot_12, thumbRot_13, thumbRot_21, thumbRot_22, thumbRot_23, thumbRot_31, thumbRot_32, thumbRot_33, manipForceTooHigh, cceExpType, mapping, trialSuccess, 
326.220502, 20, 0.1, 0.1, -0.012966805, 0.377887082, -0.0199781611, 0.999551111, -0.0299595847, -9.35340276e-006, -0.0299595847, -0.999551111, -6.26342249e-006, -9.16155458e-006, 6.54083497e-006, -1, 0.999551124, -0.0299591337, -1.95305199e-005, -0.0299591339, -0.999551124, -9.15107433e-006, -1.92475949e-005, 9.73208409e-006, -1, 0, 0, 0, 0, 0, 0, 0, 0.295176538, -0.0354352295, -0.18329978, -0.0276563143, 0.90002912, -0.434912983, -0.862548828, 0.198364258, 0.465332031, 0.505051256, 0.388029566, 0.771009228, 0, -0, 0, 0, 0, 0, 0, 0.340407324, -0.00764091797, -0.151216016, -0.129269091, 0.624957241, -0.769767876, -0.244506836, -0.772338867, -0.58605957, -0.960914964, 0.112573368, 0.252708822, 0, 2, 1, 1, 
326.268538, 20, 0.1, 0.1, -0.0129667726, 0.377887072, -0.0199671351, 0.999551252, -0.0299548716, -1.34851577e-005, -0.029954872, -0.999551252, -2.93179796e-005, -1.260089e-005, 2.97087694e-005, -0.999999999, 0.999551259, -0.029954657, 8.16706138e-006, -0.0299546569, -0.999551258, -1.86071647e-005, 8.72076772e-006, 1.83541734e-005, -1, 0, 0, 0, 0, 0, 0, 0, 0.305460522, -0.0527231445, -0.178278589, -0.09982001, 0.89589648, -0.432742769, -0.874389648, 0.128540039, 0.467773438, 0.474706788, 0.425143732, 0.7706655, 0, -0, 0, 0, 0, 0, 0, 0.347767285, -0.022362207, -0.146211475, -0.188519268, 0.601085899, -0.77648251, -0.177001953, -0.798461914, -0.575195312, -0.965914981, 0.0290542003, 0.257035536, 0, 2, 1, 1, 
326.269231, 20, 0.1, 0.1, -0.0129667742, 0.377887072, -0.0199665334, 0.999551218, -0.0299560062, 1.95215724e-005, -0.029956007, -0.999551217, 4.70211416e-005, 1.81042458e-005, -4.75848277e-005, -0.999999999, 0.999551225, -0.0299557864, 8.99018074e-006, -0.0299557867, -0.999551224, 2.97839171e-005, 8.09394551e-006, -3.00398587e-005, -1, 0, 0, 0, 0, 0, 0, 0, 0.305460522, -0.0527231445, -0.178278589, -0.09982001, 0.89589648, -0.432742769, -0.874389648, 0.128540039, 0.467773438, 0.474706788, 0.425143732, 0.7706655, 0, -0, 0, 0, 0, 0, 0, 0.347767285, -0.022362207, -0.146211475, -0.188519268, 0.601085899, -0.77648251, -0.177001953, -0.798461914, -0.575195312, -0.965914981, 0.0290542003, 0.257035536, 0, 2, 1, 1, 
326.269917, 20, 0.1, 0.1, -0.0129667753, 0.377887076, -0.0199669715, 0.999551192, -0.0299568659, -1.95626247e-005, -0.0299568665, -0.999551192, -3.05242311e-005, -1.86394345e-005, 3.10965665e-005, -0.999999999, 0.999551196, -0.0299567517, -2.06383497e-005, -0.0299567516, -0.999551196, 4.99196163e-006, -2.07786301e-005, -4.3714633e-006, -1, 0, 0, 0, 0, 0, 0, 0, 0.305460522, -0.0527231445, -0.178278589, -0.09982001, 0.89589648, -0.432742769, -0.874389648, 0.128540039, 0.467773438, 0.474706788, 0.425143732, 0.7706655, 0, -0, 0, 0, 0, 0, 0, 0.347767285, -0.022362207, -0.146211475, -0.188519268, 0.601085899, -0.77648251, -0.177001953, -0.798461914, -0.575195312, -0.965914981, 0.0290542003, 0.257035536, 0, 2, 1, 1, 
326.270609, 20, 0.1, 0.1, -0.012966773, 0.377887064, -0.0199682507, 0.999551187, -0.0299570449, 1.54402275e-005, -0.0299570444, -0.999551186, -3.39078711e-005, 1.64490773e-005, 3.34301092e-005, -0.999999999, 0.999551187, -0.0299570392, 2.38854747e-005, -0.0299570378, -0.999551186, -5.55733446e-005, 2.55395674e-005, 5.48328645e-005, -0.999999998, 0, 0, 0, 0, 0, 0, 0, 0.305460522, -0.0527231445, -0.178278589, -0.09982001, 0.89589648, -0.432742769, -0.874389648, 0.128540039, 0.467773438, 0.474706788, 0.425143732, 0.7706655, 0, -0, 0, 0, 0, 0, 0, 0.347767285, -0.022362207, -0.146211475, -0.188519268, 0.601085899, -0.77648251, -0.177001953, -0.798461914, -0.575195312, -0.965914981, 0.0290542003, 0.257035536, 0, 2, 1, 1, 
326.271302, 20, 0.1, 0.1, -0.0129667737, 0.377887074, -0.0199699748, 0.999551179, -0.0299573208, 5.22411825e-006, -0.0299573211, -0.999551175, 8.47849437e-005, 2.68184378e-006, -8.4903391e-005, -0.999999996, 0.999551181, -0.0299572361, 4.08424643e-006, -0.0299572363, -0.999551178, 8.02328921e-005, 1.67885764e-006, -8.03192349e-005, -0.999999997, 0, 0, 0, 0, 0, 0, 0, 0.305460522, -0.0527231445, -0.178278589, -0.09982001, 0.89589648, -0.432742769, -0.874389648, 0.128540039, 0.467773438, 0.474706788, 0.425143732, 0.7706655, 0, -0, 0, 0, 0, 0, 0, 0.347767285, -0.022362207, -0.146211475, -0.188519268, 0.601085899, -0.77648251, -0.177001953, -0.798461914, -0.575195312, -0.965914981, 0.0290542003, 0.257035536, 0, 2, 1, 1, 
326.272014, 20, 0.1, 0.1, -0.0129667738, 0.377887078, -0.0199715834, 0.999551166, -0.0299577306, -3.73542835e-006, -0.0299577308, -0.999551165, -4.3982951e-005, -2.41612237e-006, 4.40751149e-005, -0.999999999, 0.99955117, -0.0299576041, 6.78374509e-006, -0.0299576041, -0.99955117, 6.23667236e-007, 6.76201677e-006, -8.26612065e-007, -1, 0, 0, 0, 0, 0, 0, 0, 0.306230664, -0.0531603516, -0.178185815, -0.106396174, 0.895960881, -0.430984433, -0.875366211, 0.12109375, 0.467895508, 0.471422633, 0.427111003, 0.771622926, 0, -0, 0, 0, 0, 0, 0, 0.347767285, -0.022362207, -0.146211475, -0.194046139, 0.599679019, -0.776220384, -0.171264648, -0.799804688, -0.575195312, -0.965882165, 0.021419026, 0.258045028, 0, 2, 1, 1, 
326.272712, 20, 0.1, 0.1, -0.0129667745, 0.37788706, -0.0199723458, 0.999551156, -0.0299580659, -4.87022002e-006, -0.0299580662, -0.999551153, -8.58859339e-005, -2.29505758e-006, 8.59932869e-005, -0.999999996, 0.999551159, -0.029957992, -5.43836612e-006, -0.0299579924, -0.999551154, -9.9078142e-005, -2.46774295e-006, 9.91965941e-005, -0.999999995, 0, 0, 0, 0, 0, 0, 0, 0.306230664, -0.0531603516, -0.178185815, -0.106396174, 0.895960881, -0.430984433, -0.875366211, 0.12109375, 0.467895508, 0.471422633, 0.427111003, 0.771622926, 0, -0, 0, 0, 0, 0, 0, 0.348072021, -0.0228391113, -0.146396143, -0.194046139, 0.599679019, -0.776220384, -0.171264648, -0.799804688, -0.575195312, -0.965882165, 0.021419026, 0.258045028, 0, 2, 1, 1, 
326.273408, 20, 0.1, 0.1, -0.0129667745, 0.377887059, -0.0199723876, 0.999551148, -0.0299583496, 5.19672828e-006, -0.0299583498, -0.999551146, 5.54178838e-005, 3.53416738e-006, -5.55486948e-005, -0.999999998, 0.99955115, -0.029958279, -2.94956104e-006, -0.0299582789, -0.999551149, 3.77096393e-005, -4.07795302e-006, -3.76043495e-005, -0.999999999, 0, 0, 0, 0, 0, 0, 0, 0.306230664, -0.0531603516, -0.178185815, -0.106396174, 0.895960881, -0.430984433, -0.875366211, 0.12109375, 0.467895508, 0.471422633, 0.427111003, 0.771622926, 0, -0, 0, 0, 0, 0, 0, 0.348072021, -0.0228391113, -0.146396143, -0.194046139, 0.599679019, -0.776220384, -0.171264648, -0.799804688, -0.575195312, -0.965882165, 0.021419026, 0.258045028, 0, 2, 1, 1, 
326.274102, 20, 0.1, 0.1, -0.0129667748, 0.377887067, -0.019971753, 0.999551141, -0.0299585932, 1.82820513e-006, -0.0299585932, -0.999551141, 3.75825292e-007, 1.81612533e-006, -4.30427053e-007, -1, 0.999551142, -0.029958535, 3.4033488e-006, -0.0299585351, -0.999551142, 3.01729076e-005, 2.49788507e-006, -3.02613237e-005, -1, 0, 0, 0, 0, 0, 0, 0, 0.306230664, -0.0531603516, -0.178185815, -0.106396174, 0.895960881, -0.430984433, -0.875366211, 0.12109375, 0.467895508, 0.471422633, 0.427111003, 0.771622926, 0, -0, 0, 0, 0, 0, 0, 0.348072021, -0.0228391113, -0.146396143, -0.194046139, 0.599679019, -0.776220384, -0.171264648, -0.799804688, -0.575195312, -0.965882165, 0.021419026, 0.258045028, 0, 2, 1, 1, 
326.274791, 20, 0.1, 0.1, -0.0129667748, 0.377887054, -0.0199706209, 0.999551135, -0.0299587838, 1.85258254e-005, -0.0299587824, -0.999551132, -7.26816204e-005, 2.06949627e-005, 7.2093985e-005, -0.999999997, 0.999551135, -0.0299587826, 1.19725214e-005, -0.0299587815, -0.999551132, -7.97035558e-005, 1.43549688e-005, 7.93090975e-005, -0.999999997, 0, 0, 0, 0, 0, 0, 0, 0.306230664, -0.0531603516, -0.178185815, -0.106396174, 0.895960881, -0.430984433, -0.875366211, 0.12109375, 0.467895508, 0.471422633, 0.427111003, 0.771622926, 0, -0, 0, 0, 0, 0, 0, 0.348072021, -0.0228391113, -0.146396143, -0.194046139, 0.599679019, -0.776220384, -0.171264648, -0.799804688, -0.575195312, -0.965882165, 0.021419026, 0.258045028, 0, 2, 1, 1, 
326.275481, 20, 0.1, 0.1, -0.0129667767, 0.377887053, -0.0199694132, 0.999551139, -0.0299586542, -2.33778682e-005, -0.029958653, -0.999551138, 4.79107651e-005, -2.48027168e-005, -4.71888903e-005, -0.999999999, 0.999551138, -0.0299586684, -2.32682792e-005, -0.0299586676, -0.999551138, 3.4173244e-005, -2.42816198e-005, -3.34608183e-005, -0.999999999, 0, 0, 0, 0, 0, 0, 0, 0.306230664, -0.0531603516, -0.178185815, -0.106396174, 0.895960881, -0.430984433, -0.875366211, 0.12109375, 0.467895508, 0.471422633, 0.427111003, 0.771622926, 0, -0, 0, 0, 0, 0, 0, 0.348072021, -0.0228391113, -0.146396143, -0.194046139, 0.599679019, -0.776220384, -0.171264648, -0.799804688, -0.575195312, -0.965882165, 0.021419026, 0.258045028, 0, 2, 1, 1, 
326.276183, 20, 0.1, 0.1, -0.0129667772, 0.377887057, -0.0199684483, 0.999551133, -0.0299588314, -7.30419209e-006, -0.0299588316, -0.999551133, -1.93424053e-005, -6.72143762e-006, 1.95525482e-005, -1, 0.999551136, -0.029958741, 6.24107252e-006, -0.029958741, -0.999551136, -2.04330694e-006, 6.29948603e-006, 1.8554151e-006, -1, 0, 0, 0, 0, 0, 0, 0, 0.306230664, -0.0531603516, -0.178185815, -0.106396174, 0.895960881, -0.430984433, -0.875366211, 0.12109375, 0.467895508, 0.471422633, 0.427111003, 0.771622926, 0, -0, 0, 0, 0, 0, 0, 0.348072021, -0.0228391113, -0.146396143, -0.194046139, 0.599679019, -0.776220384, -0.171264648, -0.799804688, -0.575195312, -0.965882165, 0.021419026, 0.258045028, 0, 2, 1, 1, 
326.276894, 20, 0.1, 0.1, -0.0129667755, 0.377887056, -0.0199677547, 0.999551125, -0.0299591041, 1.92838346e-005, -0.0299591047, -0.999551125, 3.41421288e-005, 1.8252311e-005, -3.47045296e-005, -0.999999999, 0.999551126, -0.0299590873, 2.34613057e-005, -0.0299590877, -0.999551126, 1.9909423e-005, 2.28543064e-005, -2.06033655e-005, -1, 0, 0, 0, 0, 0, 0, 0, 0.306634888, -0.054052832, -0.177907031, -0.111455136, 0.895866523, -0.429924413, -0.875976562, 0.115600586, 0.468139648, 0.469134095, 0.428856235, 0.772072995, 0, -0, 0, 0, 0, 0, 0, 0.348072021, -0.0228391113, -0.146396143, -0.199100164, 0.598316982, -0.775945498, -0.166137695, -0.801025391, -0.574951172, -0.965676909, 0.0145250211, 0.258933119, 0, 2, 1, 1, 
326.277605, 20, 0.1, 0.1, -0.0129667799, 0.377887057, -0.0199674075, 0.999551132, -0.0299588678, -2.36311306e-005, -0.0299588687, -0.999551132, -3.74257855e-005, -2.24992891e-005, 3.81169482e-005, -0.999999999, 0.999551129, -0.0299589669, -3.3051885e-005, -0.0299589675, -0.999551129, -2.01385975e-005, -3.24337174e-005, 2.11197583e-005, -0.999999999, 0, 0, 0, 0, 0, 0, 0, 0.306634888, -0.054052832, -0.177907031, -0.111455136, 0.895866523, -0.429924413, -0.875976562, 0.115600586, 0.468139648, 0.469134095, 0.428856235, 0.772072995, 0, -0, 0, 0, 0, 0, 0, 0.348188428, -0.0235207031, -0.146359277, -0.199100164, 0.598316982, -0.775945498, -0.166137695, -0.801025391, -0.574951172, -0.965676909, 0.0145250211, 0.258933119, 0, 2, 1, 1, 
326.278303, 20, 0.1, 0.1, -0.0129667742, 0.377887053, -0.0199676593, 0.999551156, -0.029958037, 4.22491751e-005, -0.0299580378, -0.999551157, 1.84201403e-005, 4.16783807e-005, -1.96775749e-005, -0.999999999, 0.99955115, -0.0299582429, 4.7349494e-005, -0.0299582431, -0.999551151, 3.80689259e-006, 4.72141935e-005, -5.22369152e-006, -0.999999999, 0, 0, 0, 0, 0, 0, 0, 0.306634888, -0.054052832, -0.177907031, -0.111455136, 0.895866523, -0.429924413, -0.875976562, 0.115600586, 0.468139648, 0.469134095, 0.428856235, 0.772072995, 0, -0, 0, 0, 0, 0, 0, 0.348188428, -0.0235207031, -0.146359277, -0.199100164, 0.598316982, -0.775945498, -0.166137695, -0.801025391, -0.574951172, -0.965676909, 0.0145250211, 0.258933119, 0, 2, 1, 1, 
326.27899, 20, 0.1, 0.1, -0.0129667753, 0.377887052, -0.0199685286, 0.999551196, -0.0299567548, -1.45051275e-005, -0.0299567553, -0.999551195, -3.40239565e-005, -1.34793702e-005, 3.4443213e-005, -0.999999999, 0.999551187, -0.0299570433, -1.94664718e-005, -0.0299570437, -0.999551187, -2.0741701e-005, -1.8836375e-005, 2.13155498e-005, -1, 0, 0, 0, 0, 0, 0, 0, 0.306634888, -0.054052832, -0.177907031, -0.111455136, 0.895866523, -0.429924413, -0.875976562, 0.115600586, 0.468139648, 0.469134095, 0.428856235, 0.772072995, 0, -0, 0, 0, 0, 0, 0, 0.348188428, -0.0235207031, -0.146359277, -0.199100164, 0.598316982, -0.775945498, -0.166137695, -0.801025391, -0.574951172, -0.965676909, 0.0145250211, 0.258933119, 0, 2, 1, 1, 
326.279684, 20, 0.1, 0.1, -0.0129667765, 0.37788705, -0.019969712, 0.999551242, -0.0299552215, -1.58470064e-005, -0.029955221, -0.999551241, 3.00509631e-005, -1.67400782e-005, -2.95627769e-005, -0.999999999, 0.999551233, -0.0299555117, -1.19965862e-005, -0.0299555115, -0.999551233, 1.4554862e-005, -1.24272009e-005, -1.41889664e-005, -1, 0, 0, 0, 0, 0, 0, 0, 0.306634888, -0.054052832, -0.177907031, -0.111455136, 0.895866523, -0.429924413, -0.875976562, 0.115600586, 0.468139648, 0.469134095, 0.428856235, 0.772072995, 0, -0, 0, 0, 0, 0, 0, 0.348188428, -0.0235207031, -0.146359277, -0.199100164, 0.598316982, -0.775945498, -0.166137695, -0.801025391, -0.574951172, -0.965676909, 0.0145250211, 0.258933119, 0, 2, 1, 1, 
326.28038, 20, 0.1, 0.1, -0.0129667774, 0.377887052, -0.0199708797, 0.999551277, -0.029954041, -1.36838156e-005, -0.0299540413, -0.999551277, -1.99264378e-005, -1.3080798e-005, 2.03273819e-005, -1, 0.999551272, -0.0299542238, 3.22949756e-007, -0.0299542238, -0.999551272, -7.56214839e-006, 5.49323125e-007, 7.54908133e-006, -1, 0, 0, 0, 0, 0, 0, 0, 0.306634888, -0.054052832, -0.177907031, -0.111455136, 0.895866523, -0.429924413, -0.875976562, 0.115600586, 0.468139648, 0.469134095, 0.428856235, 0.772072995, 0, -0, 0, 0, 0, 0, 0, 0.348188428, -0.0235207031, -0.146359277, -0.199100164, 0.598316982, -0.775945498, -0.166137695, -0.801025391, -0.574951172, -0.965676909, 0.0145250211, 0.258933119, 0, 2, 1, 1, 
326.281071, 20, 0.1, 0.1, -0.0129667787, 0.377887052, -0.0199716694, 0.999551304, -0.0299531567, 2.30880423e-007, -0.0299531567, -0.999551303, 3.40597828e-005, -7.89421185e-007, -3.40514159e-005, -0.999999999, 0.999551298, -0.0299533521, 4.50992342e-006, -0.0299533522, -0.999551297, 2.08176629e-005, 3.88434102e-006, -2.09434093e-005, -1, 0, 0, 0, 0, 0, 0, 0, 0.306634888, -0.054052832, -0.177907031, -0.111455136, 0.895866523, -0.429924413, -0.875976562, 0.115600586, 0.468139648, 0.469134095, 0.428856235, 0.772072995, 0, -0, 0, 0, 0, 0, 0, 0.348188428, -0.0235207031, -0.146359277, -0.199100164, 0.598316982, -0.775945498, -0.166137695, -0.801025391, -0.574951172, -0.965676909, 0.0145250211, 0.258933119, 0, 2, 1, 1, 
326.281796, 20, 0.1, 0.1, -0.0129667787, 0.377887054, -0.0199715868, 0.999551332, -0.0299522182, 8.75233419e-007, -0.0299522182, -0.999551331, -2.26721305e-005, 1.55392133e-006, 2.26357431e-005, -1, 0.999551326, -0.0299523927, -2.52286101e-006, -0.0299523927, -0.999551326, -9.1989896e-006, -2.24619732e-006, 9.27042798e-006, -1, 0, 0, 0, 0, 0, 0, 0, 0.307284204, -0.0554094971, -0.177227905, -0.11600075, 0.895385375, -0.429790741, -0.877441406, 0.110351562, 0.466796875, 0.46540474, 0.431280688, 0.772916967, 0, -0, 0, 0, 0, 0, 0, 0.348863867, -0.0244387207, -0.145746436, -0.202243845, 0.596686622, -0.776437668, -0.159790039, -0.802246094, -0.574951172, -0.966130066, 0.00784829979, 0.257776706, 0, 2, 1, 1, 
326.282488, 20, 0.1, 0.1, -0.0129667788, 0.377887053, -0.0199708425, 0.999551353, -0.0299514881, 1.30677913e-005, -0.0299514885, -0.999551353, 2.91914182e-005, 1.21876021e-005, -2.95697213e-005, -0.999999999, 0.99955135, -0.0299515977, 1.70430789e-007, -0.0299515977, -0.99955135, 1.69728736e-005, -3.38010356e-007, -1.69703634e-005, -1, 0, 0, 0, 0, 0, 0, 0, 0.307284204, -0.0554094971, -0.177227905, -0.11600075, 0.895385375, -0.429790741, -0.877441406, 0.110351562, 0.466796875, 0.46540474, 0.431280688, 0.772916967, 0, -0, 0, 0, 0, 0, 0, 0.348863867, -0.0244387207, -0.145746436, -0.202243845, 0.596686622, -0.776437668, -0.159790039, -0.802246094, -0.574951172, -0.966130066, 0.00784829979, 0.257776706, 0, 2, 1, 1, 
326.283179, 20, 0.1, 0.1, -0.0129667788, 0.377887054, -0.0199699118, 0.999551371, -0.0299509131, -5.18117478e-006, -0.0299509132, -0.99955137, -3.02926019e-005, -4.27155926e-006, 3.04341927e-005, -1, 0.999551366, -0.0299510581, -9.40947063e-006, -0.0299510582, -0.999551366, -1.53126188e-005, -8.94662009e-006, 1.55875726e-005, -1, 0, 0, 0, 0, 0, 0, 0, 0.307284204, -0.0554094971, -0.177227905, -0.11600075, 0.895385375, -0.429790741, -0.877441406, 0.110351562, 0.466796875, 0.46540474, 0.431280688, 0.772916967, 0, -0, 0, 0, 0, 0, 0, 0.348863867, -0.0244387207, -0.145746436, -0.202243845, 0.596686622, -0.776437668, -0.159790039, -0.802246094, -0.574951172, -0.966130066, 0.00784829979, 0.257776706, 0, 2, 1, 1, 
326.283882, 20, 0.1, 0.1, -0.0129667788, 0.377887052, -0.01996896, 0.999551395, -0.0299500929, -1.24713682e-005, -0.0299500925, -0.999551395, 2.79866674e-005, -1.33039767e-005, -2.76005938e-005, -1, 0.99955139, -0.0299502658, -7.2457643e-006, -0.0299502657, -0.99955139, 1.21225155e-005, -7.60558634e-006, -1.19000646e-005, -1, 0, 0, 0, 0, 0, 0, 0, 0.307284204, -0.0554094971, -0.177227905, -0.11950544, 0.894460149, -0.430577425, -0.878662109, 0.106567383, 0.465209961, 0.462004887, 0.43402266, 0.773412342, 0, -0, 0, 0, 0, 0, 0, 0.348863867, -0.0244387207, -0.145746436, -0.202243845, 0.596686622, -0.776437668, -0.159790039, -0.802246094, -0.574951172, -0.966130066, 0.00784829979, 0.257776706, 0, 2, 1, 1, 
326.284624, 20, 0.1, 0.1, -0.0129667792, 0.377887051, -0.0199677689, 0.999551412, -0.0299495276, -1.48442149e-005, -0.0299495281, -0.999551412, -3.69921961e-005, -1.37296571e-005, 3.7420179e-005, -0.999999999, 0.999551411, -0.0299495833, 2.57275149e-006, -0.0299495832, -0.99955141, -2.25079197e-005, 3.2457002e-006, 2.24207701e-005, -1, 0, 0, 0, 0, 0, 0, 0, 0.308210962, -0.0567878906, -0.176596875, -0.11950544, 0.894460149, -0.430577425, -0.878662109, 0.106567383, 0.465209961, 0.462004887, 0.43402266, 0.773412342, 0, -0, 0, 0, 0, 0, 0, 0.349365869, -0.025352832, -0.144946973, -0.204659117, 0.594660341, -0.777389924, -0.154418945, -0.803710938, -0.57434082, -0.966506664, 0.00260287799, 0.25632645, 0, 2, 1, 1, 
326.28532, 20, 0.1, 0.1, -0.0129667786, 0.377887049, -0.0199670446, 0.999551418, -0.0299493264, 3.62649767e-005, -0.0299493275, -0.999551418, 2.99951616e-005, 3.5350374e-005, -3.1067818e-005, -0.999999999, 0.999551417, -0.0299493631, 2.36528033e-005, -0.0299493634, -0.999551417, 1.36386627e-005, 2.32337238e-005, -1.4340931e-005, -1, 0, 0, 0, 0, 0, 0, 0, 0.308210962, -0.0567878906, -0.176596875, -0.11950544, 0.894460149, -0.430577425, -0.878662109, 0.106567383, 0.465209961, 0.462004887, 0.43402266, 0.773412342, 0, -0, 0, 0, 0, 0, 0, 0.349365869, -0.025352832, -0.144946973, -0.204659117, 0.594660341, -0.777389924, -0.154418945, -0.803710938, -0.57434082, -0.966506664, 0.00260287799, 0.25632645, 0, 2, 1, 1, 
326.286004, 20, 0.1, 0.1, -0.0129667781, 0.377887051, -0.0199671815, 0.999551424, -0.0299491071, -3.64132972e-005, -0.0299491079, -0.999551425, -2.19406523e-005, -3.57398602e-005, 2.3021356e-005, -0.999999999, 0.999551423, -0.0299491503, -1.96438194e-005, -0.0299491504, -0.999551424, -8.02138072e-006, -1.93947742e-005, 8.60609822e-006, -1, 0, 0, 0, 0, 0, 0, 0, 0.308210962, -0.0567878906, -0.176596875, -0.11950544, 0.894460149, -0.430577425, -0.878662109, 0.106567383, 0.465209961, 0.462004887, 0.43402266, 0.773412342, 0, -0, 0, 0, 0, 0, 0, 0.349365869, -0.025352832, -0.144946973, -0.204659117, 0.594660341, -0.777389924, -0.154418945, -0.803710938, -0.57434082, -0.966506664, 0.00260287799, 0.25632645, 0, 2, 1, 1, 
326.286695, 20, 0.1, 0.1, -0.0129667812, 0.37788705, -0.0199681107, 0.999551431, -0.0299489043, 2.14073904e-005, -0.0299489049, -0.99955143, 2.97851309e-005, 2.05057557e-005, -3.04128981e-005, -0.999999999, 0.99955143, -0.0299489426, 5.89313026e-006, -0.0299489427, -0.99955143, 1.67957392e-005, 5.38747215e-006, -1.69646981e-005, -1, 0, 0, 0, 0, 0, 0, 0, 0.308210962, -0.0567878906, -0.176596875, -0.11950544, 0.894460149, -0.430577425, -0.878662109, 0.106567383, 0.465209961, 0.462004887, 0.43402266, 0.773412342, 0, -0, 0, 0, 0, 0, 0, 0.349365869, -0.025352832, -0.144946973, -0.204659117, 0.594660341, -0.777389924, -0.154418945, -0.803710938, -0.57434082, -0.966506664, 0.00260287799, 0.25632645, 0, 2, 1, 1, 
326.287388, 20, 0.1, 0.1, -0.0129667812, 0.37788705, -0.0199695202, 0.999551435, -0.0299487632, -2.99654651e-005, -0.0299487642, -0.999551435, -3.33984307e-005, -2.89517819e-005, 3.4280878e-005, -0.999999999, 0.999551434, -0.0299487884, -1.67460147e-005, -0.0299487887, -0.999551434, -1.81680949e-005, -1.61943906e-005, 1.86614682e-005, -1, 0, 0, 0, 0, 0, 0, 0, 0.308210962, -0.0567878906, -0.176596875, -0.11950544, 0.894460149, -0.430577425, -0.878662109, 0.106567383, 0.465209961, 0.462004887, 0.43402266, 0.773412342, 0, -0, 0, 0, 0, 0, 0, 0.349365869, -0.025352832, -0.144946973, -0.204659117, 0.594660341, -0.777389924, -0.154418945, -0.803710938, -0.57434082, -0.966506664, 0.00260287799, 0.25632645, 0, 2, 1, 1, 
326.288077, 20, 0.1, 0.1, -0.0129667829, 0.377887047, -0.0199709432, 0.999551439, -0.0299486378, 2.47246914e-005, -0.0299486382, -0.999551439, 1.65928474e-005, 2.42166677e-005, -1.73258754e-005, -1, 0.999551438, -0.0299486625, 1.10498276e-005, -0.0299486625, -0.999551438, 3.00513972e-006, 1.09548711e-005, -3.33471928e-006, -1, 0, 0, 0, 0, 0, 0, 0, 0.308210962, -0.0567878906, -0.176596875, -0.11950544, 0.894460149, -0.430577425, -0.878662109, 0.106567383, 0.465209961, 0.462004887, 0.43402266, 0.773412342, 0, -0, 0, 0, 0, 0, 0, 0.349365869, -0.025352832, -0.144946973, -0.204659117, 0.594660341, -0.777389924, -0.154418945, -0.803710938, -0.57434082, -0.966506664, 0.00260287799, 0.25632645, 0, 2, 1, 1, 
326.288762, 20, 0.1, 0.1, -0.0129667825, 0.377887047, -0.0199719656, 0.999551443, -0.029948502, -2.96457414e-005, -0.0299485027, -0.999551443, -2.52146817e-005, -2.88773017e-005, 2.6091217e-005, -0.999999999, 0.999551442, -0.0299485287, -1.61378066e-005, -0.0299485289, -0.999551442, -1.42885478e-005, -1.57026469e-005, 1.47654422e-005, -1, 0, 0, 0, 0, 0, 0, 0, 0.308210962, -0.0567878906, -0.176596875, -0.11950544, 0.894460149, -0.430577425, -0.878662109, 0.106567383, 0.465209961, 0.462004887, 0.43402266, 0.773412342, 0, -0, 0, 0, 0, 0, 0, 0.349365869, -0.025352832, -0.144946973, -0.204659117, 0.594660341, -0.777389924, -0.154418945, -0.803710938, -0.57434082, -0.966506664, 0.00260287799, 0.25632645, 0, 2, 1, 1, 
326.289483, 20, 0.1, 0.1, -0.0129667845, 0.377887046, -0.0199720197, 0.999551446, -0.0299483768, 2.51312549e-005, -0.0299483775, -0.999551446, 2.58130516e-005, 2.43469232e-005, -2.65541133e-005, -0.999999999, 0.999551446, -0.0299483993, 1.1375996e-005, -0.0299483994, -0.999551446, 1.37997229e-005, 1.09576136e-005, -1.41342259e-005, -1, 0, 0, 0, 0, 0, 0, 0, 0.309109888, -0.0581683594, -0.17598208, -0.123574776, 0.893471644, -0.431662532, -0.879760742, 0.102539062, 0.464111328, 0.458941648, 0.43714543, 0.773584206, 0, -0, 0, 0, 0, 0, 0, 0.349877881, -0.0264916504, -0.144363916, -0.206965748, 0.59246162, -0.778393219, -0.149536133, -0.805419922, -0.573364258, -0.9667491, -0.00216969725, 0.2553618, 0, 2, 1, 1, 
326.290183, 20, 0.1, 0.1, -0.0129667836, 0.377887046, -0.0199713556, 0.999551449, -0.0299482932, -2.51120653e-005, -0.0299482939, -0.999551449, -2.85001854e-005, -2.42472693e-005, 2.92394651e-005, -0.999999999, 0.999551449, -0.0299483088, -1.17559981e-005, -0.029948309, -0.999551449, -1.51837145e-005, -1.12959984e-005, 1.55289761e-005, -1, 0, 0, 0, 0, 0, 0, 0, 0.309109888, -0.0581683594, -0.17598208, -0.123574776, 0.893471644, -0.431662532, -0.879760742, 0.102539062, 0.464111328, 0.458941648, 0.43714543, 0.773584206, 0, -0, 0, 0, 0, 0, 0, 0.349877881, -0.0264916504, -0.144363916, -0.206965748, 0.59246162, -0.778393219, -0.149536133, -0.805419922, -0.573364258, -0.9667491, -0.00216969725, 0.2553618, 0, 2, 1, 1, 
326.290872, 20, 0.1, 0.1, -0.0129667844, 0.377887045, -0.0199701915, 0.999551451, -0.0299482343, 2.92530918e-005, -0.0299482351, -0.999551451, 2.80741322e-005, 2.83991997e-005, -2.89376181e-005, -0.999999999, 0.999551451, -0.0299482454, 1.62074439e-005, -0.0299482456, -0.999551451, 1.40174956e-005, 1.57803746e-005, -1.44965925e-005, -1, 0, 0, 0, 0, 0, 0, 0, 0.309109888, -0.0581683594, -0.17598208, -0.123574776, 0.893471644, -0.431662532, -0.879760742, 0.102539062, 0.464111328, 0.458941648, 0.43714543, 0.773584206, 0, -0, 0, 0, 0, 0, 0, 0.349877881, -0.0264916504, -0.144363916, -0.206965748, 0.59246162, -0.778393219, -0.149536133, -0.805419922, -0.573364258, -0.9667491, -0.00216969725, 0.2553618, 0, 2, 1, 1, 
326.291911, 20, 0.1, 0.1, -0.0129667832, 0.377887046, -0.0199651387, 0.999551454, -0.0299481491, -1.21493096e-006, -0.0299481491, -0.999551454, -1.63801317e-006, -1.16533055e-006, 1.67366338e-006, -1, 0.999551453, -0.0299481683, -1.17420359e-005, -0.0299481685, -0.999551453, -1.04895454e-005, -1.14226264e-005, 1.08364928e-005, -1, 0, 0, 0, 0, 0, 0, 0, 0.309109888, -0.0581683594, -0.17598208, -0.123574776, 0.893471644, -0.431662532, -0.879760742, 0.102539062, 0.464111328, 0.458941648, 0.43714543, 0.773584206, 0, -0, 0, 0, 0, 0, 0, 0.349877881, -0.0264916504, -0.144363916, -0.206965748, 0.59246162, -0.778393219, -0.149536133, -0.805419922, -0.573364258, -0.9667491, -0.00216969725, 0.2553618, 0, 2, 1, 1, 
326.293004, 20, 0.1, 0.1, -0.0129667813, 0.377887048, -0.0199546162, 0.999551456, -0.0299480443, -2.86870851e-005, -0.029948045, -0.999551456, -2.38388481e-005, -2.79602909e-005, 2.46872774e-005, -0.999999999, 0.999551456, -0.0299480654, -1.66696326e-005, -0.0299480657, -0.999551456, -1.37654538e-005, -1.62499068e-005, 1.42585026e-005, -1, 0, 0, 0, 0, 0, 0, 0, 0.309109888, -0.0581683594, -0.17598208, -0.123574776, 0.893471644, -0.431662532, -0.879760742, 0.102539062, 0.464111328, 0.458941648, 0.43714543, 0.773584206, 0, -0, 0, 0, 0, 0, 0, 0.349877881, -0.0264916504, -0.144363916, -0.206965748, 0.59246162, -0.778393219, -0.149536133, -0.805419922, -0.573364258, -0.9667491, -0.00216969725, 0.2553618, 0, 2, 1, 1, 
326.294131, 20, 0.1, 0.1, -0.0129667808, 0.377887048, -0.0199438705, 0.999551459, -0.0299479618, -3.56328487e-005, -0.0299479631, -0.999551458, -3.63090713e-005, -3.45294832e-005, 3.73599165e-005, -0.999999999, 0.999551459, -0.0299479736, 1.59549259e-005, -0.0299479739, -0.999551459, 1.42492643e-005, 1.55210329e-005, -1.47206906e-005, -1, 0, 0, 0, 0, 0, 0, 0, 0.309109888, -0.0581683594, -0.17598208, -0.12735168, 0.892812641, -0.431802195, -0.880249023, 0.0987548828, 0.463989258, 0.45694442, 0.439227277, 0.773482734, 0, -0, 0, 0, 0, 0, 0, 0.349877881, -0.0264916504, -0.144363916, -0.206965748, 0.59246162, -0.778393219, -0.149536133, -0.805419922, -0.573364258, -0.9667491, -0.00216969725, 0.2553618, 0, 2, 1, 1, 
326.295277, 20, 0.1, 0.1, -0.0129667837, 0.377887045, -0.0199365426, 0.99955146, -0.0299479307, 8.89829114e-006, -0.0299479308, -0.99955146, 1.29997619e-005, 8.50498393e-006, -1.32604164e-005, -1, 0.99955146, -0.0299479369, 2.77491078e-005, -0.0299479377, -0.999551459, 2.98808402e-005, 2.68417917e-005, -3.0698466e-005, -0.999999999, 0, 0, 0, 0, 0, 0, 0, 0.309580518, -0.0595351562, -0.175543042, -0.12735168, 0.892812641, -0.431802195, -0.880249023, 0.0987548828, 0.463989258, 0.45694442, 0.439227277, 0.773482734, 0, -0, 0, 0, 0, 0, 0, 0.350406494, -0.0277987793, -0.143754248, -0.209029575, 0.590953028, -0.77904507, -0.145263672, -0.806518555, -0.572875977, -0.966966017, -0.00650150875, 0.254556832, 0, 2, 1, 1, 
326.296281, 20, 0.1, 0.1, -0.0129667901, 0.377887039, -0.0199369956, 0.999551461, -0.0299478746, 2.77037816e-005, -0.0299478752, -0.999551462, 2.0357757e-005, 2.70816838e-005, -2.11782952e-005, -0.999999999, 0.999551461, -0.0299478849, 1.48907292e-005, -0.029947885, -0.999551461, 1.06550871e-005, 1.45649528e-005, -1.10962538e-005, -1, 0, 0, 0, 0, 0, 0, 0, 0.309580518, -0.0595351562, -0.175543042, -0.12735168, 0.892812641, -0.431802195, -0.880249023, 0.0987548828, 0.463989258, 0.45694442, 0.439227277, 0.773482734, 0, -0, 0, 0, 0, 0, 0, 0.350406494, -0.0277987793, -0.143754248, -0.209029575, 0.590953028, -0.77904507, -0.145263672, -0.806518555, -0.572875977, -0.966966017, -0.00650150875, 0.254556832, 0, 2, 1, 1, 
326.297, 20, 0.1, 0.1, -0.0129667903, 0.377887037, -0.0199456705, 0.999551463, -0.0299478407, 1.70151542e-005, -0.0299478408, -0.999551463, 7.85766098e-006, 1.67722023e-005, -8.36370365e-006, -1, 0.999551463, -0.0299478461, -9.14177579e-006, -0.0299478463, -0.999551463, -1.73380225e-005, -8.61843893e-006, 1.76040222e-005, -1, 0, 0, 0, 0, 0, 0, 0, 0.310242529, -0.0608910889, -0.175298804, -0.131750517, 0.892375676, -0.431402301, -0.880615234, 0.0943603516, 0.464111328, 0.454922105, 0.441150364, 0.773666581, 0, -0, 0, 0, 0, 0, 0, 0.350873828, -0.029079541, -0.143297754, -0.212102894, 0.589981082, -0.778936428, -0.141357422, -0.807250977, -0.572875977, -0.966920808, -0.0112678874, 0.254690993, 0, 2, 1, 1, 
326.297692, 20, 0.1, 0.1, -0.0129667893, 0.377887037, -0.0199601107, 0.999551464, -0.0299478047, -5.45201722e-006, -0.0299478047, -0.999551464, -5.04922598e-006, -5.29835856e-006, 5.21023717e-006, -1, 0.999551464, -0.0299478096, -1.04827326e-005, -0.0299478097, -0.999551464, -1.18697094e-005, -1.01225589e-005, 1.21783203e-005, -1, 0, 0, 0, 0, 0, 0, 0, 0.310242529, -0.0608910889, -0.175298804, -0.131750517, 0.892375676, -0.431402301, -0.880615234, 0.0943603516, 0.464111328, 0.454922105, 0.441150364, 0.773666581, 0, -0, 0, 0, 0, 0, 0, 0.350873828, -0.029079541, -0.143297754, -0.212102894, 0.589981082, -0.778936428, -0.141357422, -0.807250977, -0.572875977, -0.966920808, -0.0112678874, 0.254690993, 0, 2, 1, 1, 
326.298394, 20, 0.1, 0.1, -0.0129667887, 0.377887039, -0.0199760788, 0.999551464, -0.0299477804, -2.03107704e-005, -0.0299477806, -0.999551465, -1.38239625e-005, -1.98876633e-005, 1.44260245e-005, -1, 0.999551464, -0.0299477867, 3.50349035e-007, -0.0299477867, -0.999551464, 5.24579416e-006, 1.93091967e-007, -5.25393341e-006, -1, 0, 0, 0, 0, 0, 0, 0, 0.310242529, -0.0608910889, -0.175298804, -0.131750517, 0.892375676, -0.431402301, -0.880615234, 0.0943603516, 0.464111328, 0.454922105, 0.441150364, 0.773666581, 0, -0, 0, 0, 0, 0, 0, 0.350873828, -0.029079541, -0.143297754, -0.212102894, 0.589981082, -0.778936428, -0.141357422, -0.807250977, -0.572875977, -0.966920808, -0.0112678874, 0.254690993, 0, 2, 1, 1, 
326.299084, 20, 0.1, 0.1, -0.0129667948, 0.377887033, -0.01998844, 0.999551466, -0.0299477366, -1.95588959e-005, -0.029947737, -0.999551466, -2.11306812e-005, -1.8917307e-005, 2.17069481e-005, -1, 0.999551465, -0.0299477496, -2.97993468e-005, -0.0299477504, -0.999551465, -2.77643759e-005, -2.89545001e-005, 2.8644346e-005, -0.999999999, 0, 0, 0, 0, 0, 0, 0, 0.310242529, -0.0608910889, -0.175298804, -0.131750517, 0.892375676, -0.431402301, -0.880615234, 0.0943603516, 0.464111328, 0.454922105, 0.441150364, 0.773666581, 0, -0, 0, 0, 0, 0, 0, 0.350873828, -0.029079541, -0.143297754, -0.212102894, 0.589981082, -0.778936428, -0.141357422, -0.807250977, -0.572875977, -0.966920808, -0.0112678874, 0.254690993, 0, 2, 1, 1, 
326.299773, 20, 0.1, 0.1, -0.0129667914, 0.377887035, -0.0199942458, 0.999551467, -0.0299476644, 3.53533034e-005, -0.0299476652, -0.999551468, 2.31543635e-005, 3.46440272e-005, -2.42027269e-005, -0.999999999, 0.999551467, -0.0299476768, 2.91303478e-005, -0.0299476773, -0.999551468, 1.76698001e-005, 2.85881124e-005, -1.85342608e-005, -0.999999999, 0, 0, 0, 0, 0, 0, 0, 0.310242529, -0.0608910889, -0.175298804, -0.131750517, 0.892375676, -0.431402301, -0.880615234, 0.0943603516, 0.464111328, 0.454922105, 0.441150364, 0.773666581, 0, -0, 0, 0, 0, 0, 0, 0.350873828, -0.029079541, -0.143297754, -0.212102894, 0.589981082, -0.778936428, -0.141357422, -0.807250977, -0.572875977, -0.966920808, -0.0112678874, 0.254690993, 0, 2, 1, 1, 
326.300463, 20, 0.1, 0.1, -0.0129667844, 0.37788704, -0.019992611, 0.99955147, -0.0299475837, 2.56093856e-005, -0.0299475843, -0.99955147, 2.43648941e-005, 2.48682293e-005, -2.5120905e-005, -0.999999999, 0.999551469, -0.0299476047, 3.32905025e-005, -0.0299476057, -0.999551469, 2.80441563e-005, 3.24357153e-005, -2.90285485e-005, -0.999999999, 0, 0, 0, 0, 0, 0, 0, 0.310242529, -0.0608910889, -0.175298804, -0.131750517, 0.892375676, -0.431402301, -0.880615234, 0.0943603516, 0.464111328, 0.454922105, 0.441150364, 0.773666581, 0, -0, 0, 0, 0, 0, 0, 0.350873828, -0.029079541, -0.143297754, -0.212102894, 0.589981082, -0.778936428, -0.141357422, -0.807250977, -0.572875977, -0.966920808, -0.0112678874, 0.254690993, 0, 2, 1, 1, 
326.301153, 20, 0.1, 0.1, -0.0129667863, 0.37788704, -0.0199845336, 0.999551474, -0.0299474622, -2.9586316e-005, -0.0299474627, -0.999551474, -1.82450962e-005, -2.90266514e-005, 1.91229479e-005, -0.999999999, 0.999551473, -0.0299474851, -2.44428637e-005, -0.0299474854, -0.999551473, -1.42976523e-005, -2.40037217e-005, 1.50232417e-005, -1, 0, 0, 0, 0, 0, 0, 0, 0.310242529, -0.0608910889, -0.175298804, -0.131750517, 0.892375676, -0.431402301, -0.880615234, 0.0943603516, 0.464111328, 0.454922105, 0.441150364, 0.773666581, 0, -0, 0, 0, 0, 0, 0, 0.350873828, -0.029079541, -0.143297754, -0.212102894, 0.589981082, -0.778936428, -0.141357422, -0.807250977, -0.572875977, -0.966920808, -0.0112678874, 0.254690993, 0, 2, 1, 1, 
326.30187, 20, 0.1, 0.1, -0.012966786, 0.37788704, -0.0199724678, 0.999551475, -0.0299474212, 3.21814126e-005, -0.0299474214, -0.999551475, 6.85569206e-006, 3.19616681e-005, -7.81636743e-006, -0.999999999, 0.999551476, -0.0299473985, 1.90542292e-005, -0.0299473987, -0.999551476, 1.04258534e-005, 1.87334557e-005, -1.09918017e-005, -1, 0, 0, 0, 0, 0, 0, 0, 0.310844971, -0.0615759521, -0.175032227, -0.137266661, 0.891957808, -0.430583417, -0.881225586, 0.0885009766, 0.464111328, 0.452088019, 0.443194019, 0.774154842, 0, -0, 0, 0, 0, 0, 0, 0.350873828, -0.029079541, -0.143297754, -0.215297615, 0.589258136, -0.778642586, -0.136352539, -0.807617188, -0.573486328, -0.966888359, -0.0172355221, 0.254230906, 0, 2, 1, 1, 
326.302562, 20, 0.1, 0.1, -0.012966786, 0.377887039, -0.0199609911, 0.99955147, -0.0299475706, -4.17957745e-005, -0.0299475711, -0.999551471, -1.21765134e-005, -4.14123709e-005, 1.34227338e-005, -0.999999999, 0.99955147, -0.0299475765, -2.51257314e-005, -0.0299475765, -0.999551471, 1.32940318e-006, -2.51542742e-005, -5.76352141e-007, -1, 0, 0, 0, 0, 0, 0, 0, 0.310844971, -0.0615759521, -0.175032227, -0.137266661, 0.891957808, -0.430583417, -0.881225586, 0.0885009766, 0.464111328, 0.452088019, 0.443194019, 0.774154842, 0, -0, 0, 0, 0, 0, 0, 0.351332861, -0.0299226074, -0.142841504, -0.215297615, 0.589258136, -0.778642586, -0.136352539, -0.807617188, -0.573486328, -0.966888359, -0.0172355221, 0.254230906, 0, 2, 1, 1, 
326.303253, 20, 0.1, 0.1, -0.0129667858, 0.377887041, -0.019953245, 0.999551467, -0.0299476619, 5.27893047e-005, -0.0299476631, -0.999551468, 2.31682353e-005, 5.20717926e-005, -2.47387599e-005, -0.999999998, 0.99955147, -0.0299475962, 3.15558344e-005, -0.0299475971, -0.99955147, 2.92457046e-005, 3.06658421e-005, -3.01776085e-005, -0.999999999, 0, 0, 0, 0, 0, 0, 0, 0.310844971, -0.0615759521, -0.175032227, -0.137266661, 0.891957808, -0.430583417, -0.881225586, 0.0885009766, 0.464111328, 0.452088019, 0.443194019, 0.774154842, 0, -0, 0, 0, 0, 0, 0, 0.351332861, -0.0299226074, -0.142841504, -0.215297615, 0.589258136, -0.778642586, -0.136352539, -0.807617188, -0.573486328, -0.966888359, -0.0172355221, 0.254230906, 0, 2, 1, 1, 
326.303942, 20, 0.1, 0.1, -0.0129667835, 0.377887036, -0.0199509032, 0.999551445, -0.0299483959, -4.51682819e-005, -0.0299483972, -0.999551446, -2.83119883e-005, -4.43001228e-005, 2.96520065e-005, -0.999999999, 0.999551452, -0.0299481835, -2.21371568e-005, -0.0299481844, -0.999551452, -4.45391143e-005, -2.07933616e-005, 4.5182104e-005, -0.999999999, 0, 0, 0, 0, 0, 0, 0, 0.310844971, -0.0615759521, -0.175032227, -0.137266661, 0.891957808, -0.430583417, -0.881225586, 0.0885009766, 0.464111328, 0.452088019, 0.443194019, 0.774154842, 0, -0, 0, 0, 0, 0, 0, 0.351332861, -0.0299226074, -0.142841504, -0.215297615, 0.589258136, -0.778642586, -0.136352539, -0.807617188, -0.573486328, -0.966888359, -0.0172355221, 0.254230906, 0, 2, 1, 1, 
326.304645, 20, 0.1, 0.1, -0.012966785, 0.377887037, -0.0199542892, 0.999551404, -0.0299497705, 4.39112523e-005, -0.0299497702, -0.999551405, -5.59037127e-006, 4.40589842e-005, 4.27273154e-006, -0.999999999, 0.999551413, -0.0299495065, 2.25348929e-005, -0.0299495065, -0.999551413, -3.84243906e-006, 2.26398632e-005, 3.16580647e-006, -1, 0, 0, 0, 0, 0, 0, 0, 0.310844971, -0.0615759521, -0.175032227, -0.137266661, 0.891957808, -0.430583417, -0.881225586, 0.0885009766, 0.464111328, 0.452088019, 0.443194019, 0.774154842, 0, -0, 0, 0, 0, 0, 0, 0.351469287, -0.0305275391, -0.14296123, -0.220134356, 0.588790753, -0.777581688, -0.132324219, -0.807739258, -0.57421875, -0.966414779, -0.0232990389, 0.255815324, 0, 2, 1, 1, 
326.305338, 20, 0.1, 0.1, -0.0129667819, 0.377887037, -0.0199618218, 0.999551369, -0.0299509732, -3.0348816e-005, -0.0299509731, -0.999551369, 3.70336156e-006, -3.04461198e-005, -2.79272355e-006, -1, 0.999551377, -0.029950707, -1.13716192e-005, -0.029950707, -0.999551377, -7.35466038e-006, -1.11462403e-005, 7.69194895e-006, -1, 0, 0, 0, 0, 0, 0, 0, 0.310844971, -0.0615759521, -0.175032227, -0.137266661, 0.891957808, -0.430583417, -0.881225586, 0.0885009766, 0.464111328, 0.452088019, 0.443194019, 0.774154842, 0, -0, 0, 0, 0, 0, 0, 0.351469287, -0.0305275391, -0.14296123, -0.220134356, 0.588790753, -0.777581688, -0.132324219, -0.807739258, -0.57421875, -0.966414779, -0.0232990389, 0.255815324, 0, 2, 1, 1, 
326.306027, 20, 0.1, 0.1, -0.0129667842, 0.377887037, -0.0199709148, 0.999551337, -0.0299520443, 2.00620969e-005, -0.0299520446, -0.999551337, 1.58951317e-005, 1.95770041e-005, -1.64889009e-005, -1, 0.999551342, -0.0299518815, 5.53668991e-006, -0.0299518815, -0.999551342, -8.04766609e-007, 5.55831011e-006, 6.38571263e-007, -1, 0, 0, 0, 0, 0, 0, 0, 0.310844971, -0.0615759521, -0.175032227, -0.137266661, 0.891957808, -0.430583417, -0.881225586, 0.0885009766, 0.464111328, 0.452088019, 0.443194019, 0.774154842, 0, -0, 0, 0, 0, 0, 0, 0.351469287, -0.0305275391, -0.14296123, -0.220134356, 0.588790753, -0.777581688, -0.132324219, -0.807739258, -0.57421875, -0.966414779, -0.0232990389, 0.255815324, 0, 2, 1, 1, 
326.306712, 20, 0.1, 0.1, -0.0129667825, 0.377887039, -0.0199788026, 0.999551316, -0.0299527277, -1.54399519e-005, -0.029952728, -0.999551316, -1.94080581e-005, -1.48516999e-005, 1.98618187e-005, -1, 0.999551319, -0.0299526245, -5.56382358e-006, -0.0299526245, -0.999551319, 9.19268816e-007, -5.58886171e-006, -7.5220524e-007, -1, 0, 0, 0, 0, 0, 0, 0, 0.310844971, -0.0615759521, -0.175032227, -0.137266661, 0.891957808, -0.430583417, -0.881225586, 0.0885009766, 0.464111328, 0.452088019, 0.443194019, 0.774154842, 0, -0, 0, 0, 0, 0, 0, 0.351469287, -0.0305275391, -0.14296123, -0.220134356, 0.588790753, -0.777581688, -0.132324219, -0.807739258, -0.57421875, -0.966414779, -0.0232990389, 0.255815324, 0, 2, 1, 1, 
