time, trialNum, realDorsalTactorPos, realVentralTactorPos, boxPosX, boxPosY, boxPosZ, boxLocalRot_11, boxLocalRot_12, boxLocalRot_13, boxLocalRot_21, boxLocalRot_22, boxLocalRot_23, boxLocalRot_31, boxLocalRot_32, boxLocalRot_33, boxGlobalRot_11, boxGlobalRot_12, boxGlobalRot_13, boxGlobalRot_21, boxGlobalRot_22, boxGlobalRot_23, boxGlobalRot_31, boxGlobalRot_32, boxGlobalRot_33, indexForceX, indexForceY, indexForceZ, indexForceGlobalX, indexForceGlobalY, indexForceGlobalZ, indexContact, indexPosX, indexPosY, indexPosZ, indexRot_11, indexRot_12, indexRot_13, indexRot_21, indexRot_22, indexRot_23, indexRot_31, indexRot_32, indexRot_33, thumbForceX, thumbForceY, thumbForceZ, thumbForceGlobalX, thumbForceGlobalY, thumbForceGlobalZ, thumbContact, thumbPosX, thumbPosY, thumbPosZ, thumbRot_11, thumbRot_12, thumbRot_13, thumbRot_21, thumbRot_22, thumbRot_23, thumbRot_31, thumbRot_32, thumbRot_33, manipForceTooHigh, cceExpType, mapping, trialSuccess, 
287.156117, 16, 0.1, 0.1, 0.0260966338, 0.368616662, -0.0349668253, 0.882540671, -0.470236073, 3.79540112e-006, 0.470236073, 0.882540671, -1.13686619e-006, -2.81500036e-006, 2.78806517e-006, 1, 0.882540668, -0.470236078, 7.58206596e-006, 0.470236078, 0.882540668, -1.92635904e-006, -5.78563804e-006, 5.26545115e-006, 1, 0, 0, 0, 0, 0, 0, 0, 0.27841687, -0.0617748779, -0.250309644, 0.0730556264, 0.7625163, -0.642772625, -0.819091797, 0.413574219, 0.397460938, 0.568940441, 0.49755973, 0.654879089, 0, -0, 0, 0, 0, 0, 0, 0.364784668, -0.0886273437, -0.222374561, 0.243645777, -0.032986425, -0.969293789, -0.612182617, -0.780273437, -0.127441406, -0.752089607, 0.624484691, -0.210258695, 0, 1, 5, 1, 
287.168069, 16, 0.1, 0.1, 0.0260966799, 0.368616644, -0.0349752426, 0.882540725, -0.470235971, -2.08612314e-006, 0.470235971, 0.882540725, 4.21504754e-006, -1.40978343e-007, -4.70092126e-006, 1, 0.882540732, -0.470235959, 7.26452108e-006, 0.470235959, 0.882540732, 2.71901126e-006, -7.68981262e-006, 1.01640084e-006, 1, 0, 0, 0, 0, 0, 0, 0, 0.277077026, -0.0621047852, -0.249303516, 0.0687271819, 0.764781994, -0.640589307, -0.819946289, 0.408935547, 0.400268555, 0.568142896, 0.497818839, 0.655398428, 0, -0, 0, 0, 0, 0, 0, 0.363234766, -0.0869969727, -0.222509668, 0.244116791, -0.0212381891, -0.969401697, -0.59753418, -0.790527344, -0.133300781, -0.763577916, 0.611972297, -0.205728557, 0, 1, 5, 1, 
287.168767, 16, 0.1, 0.1, 0.0260966842, 0.368616647, -0.0349779779, 0.882540632, -0.470236146, -7.54178335e-006, 0.470236146, 0.882540632, -9.35449586e-006, 1.10547523e-005, 4.70930355e-006, 1, 0.882540655, -0.470236102, -1.26662821e-005, 0.470236102, 0.882540655, -1.36548624e-005, 1.75995182e-005, 6.09482809e-006, 1, 0, 0, 0, 0, 0, 0, 0, 0.277077026, -0.0621047852, -0.249303516, 0.0687271819, 0.764781994, -0.640589307, -0.819946289, 0.408935547, 0.400268555, 0.568142896, 0.497818839, 0.655398428, 0, -0, 0, 0, 0, 0, 0, 0.363234766, -0.0869969727, -0.222509668, 0.244116791, -0.0212381891, -0.969401697, -0.59753418, -0.790527344, -0.133300781, -0.763577916, 0.611972297, -0.205728557, 0, 1, 5, 1, 
287.169462, 16, 0.1, 0.1, 0.0260966786, 0.368616644, -0.0349780835, 0.882540549, -0.470236301, 2.4493649e-005, 0.470236301, 0.882540549, 1.02021922e-005, -2.64140795e-005, 2.5139546e-006, 1, 0.882540562, -0.470236278, 2.33697207e-005, 0.470236277, 0.882540562, 1.25392618e-005, -2.65211422e-005, -7.7116646e-008, 1, 0, 0, 0, 0, 0, 0, 0, 0.277077026, -0.0621047852, -0.249303516, 0.0687271819, 0.764781994, -0.640589307, -0.819946289, 0.408935547, 0.400268555, 0.568142896, 0.497818839, 0.655398428, 0, -0, 0, 0, 0, 0, 0, 0.363234766, -0.0869969727, -0.222509668, 0.244116791, -0.0212381891, -0.969401697, -0.59753418, -0.790527344, -0.133300781, -0.763577916, 0.611972297, -0.205728557, 0, 1, 5, 1, 
287.170175, 16, 0.1, 0.1, 0.026096679, 0.368616645, -0.0349756265, 0.882540462, -0.470236465, -2.11133232e-005, 0.470236465, 0.882540462, -1.92747445e-005, 2.76970497e-005, 7.08248746e-006, 1, 0.882540494, -0.470236405, -1.4431414e-005, 0.470236405, 0.882540494, -6.38341044e-006, 1.57380192e-005, -1.15255804e-006, 1, 0, 0, 0, 0, 0, 0, 0, 0.277077026, -0.0621047852, -0.249303516, 0.0701679996, 0.764001301, -0.641268528, -0.819458008, 0.410644531, 0.399658203, 0.568656244, 0.497571713, 0.655011639, 0, -0, 0, 0, 0, 0, 0, 0.363234766, -0.0869969727, -0.222509668, 0.244116791, -0.0212381891, -0.969401697, -0.59753418, -0.790527344, -0.133300781, -0.763577916, 0.611972297, -0.205728557, 0, 1, 5, 1, 
287.170889, 16, 0.1, 0.1, 0.026096686, 0.368616648, -0.0349712602, 0.882540343, -0.470236689, -7.88497804e-006, 0.470236689, 0.882540342, 1.11784661e-005, 1.70228634e-006, -1.35732533e-005, 1, 0.882540356, -0.470236663, -1.92438481e-005, 0.470236663, 0.882540356, -7.04389022e-007, 1.73147021e-005, -8.42751118e-006, 1, 0, 0, 0, 0, 0, 0, 0, 0.276705737, -0.0625919189, -0.249116162, 0.0701679996, 0.764001301, -0.641268528, -0.819458008, 0.410644531, 0.399658203, 0.568656244, 0.497571713, 0.655011639, 0, -0, 0, 0, 0, 0, 0, 0.362603125, -0.0869605957, -0.222503076, 0.244749318, -0.0205929016, -0.969267536, -0.597045898, -0.790771484, -0.134033203, -0.76375692, 0.611671891, -0.205837198, 0, 1, 5, 1, 
287.171588, 16, 0.1, 0.1, 0.0260966759, 0.368616643, -0.0349667626, 0.882540387, -0.470236605, 3.20639684e-005, 0.470236605, 0.882540387, 7.81997292e-006, -3.19749846e-005, 8.17620972e-006, 0.999999999, 0.882540369, -0.470236637, 3.83833121e-005, 0.470236637, 0.88254037, 1.01969007e-005, -3.86697787e-005, 9.05006311e-006, 0.999999999, 0, 0, 0, 0, 0, 0, 0, 0.276705737, -0.0625919189, -0.249116162, 0.0701679996, 0.764001301, -0.641268528, -0.819458008, 0.410644531, 0.399658203, 0.568656244, 0.497571713, 0.655011639, 0, -0, 0, 0, 0, 0, 0, 0.362603125, -0.0869605957, -0.222503076, 0.244749318, -0.0205929016, -0.969267536, -0.597045898, -0.790771484, -0.134033203, -0.76375692, 0.611671891, -0.205837198, 0, 1, 5, 1, 
287.172291, 16, 0.1, 0.1, 0.0260966793, 0.368616641, -0.0349633445, 0.882540477, -0.470236437, -1.86739452e-005, 0.470236437, 0.882540477, -1.58313356e-007, 1.65549572e-005, -8.6414515e-006, 1, 0.882540464, -0.47023646, -2.38736886e-005, 0.47023646, 0.882540465, 5.63494749e-006, 1.84197384e-005, -1.6199348e-005, 1, 0, 0, 0, 0, 0, 0, 0, 0.276705737, -0.0625919189, -0.249116162, 0.0701679996, 0.764001301, -0.641268528, -0.819458008, 0.410644531, 0.399658203, 0.568656244, 0.497571713, 0.655011639, 0, -0, 0, 0, 0, 0, 0, 0.362603125, -0.0869605957, -0.222503076, 0.244749318, -0.0205929016, -0.969267536, -0.597045898, -0.790771484, -0.134033203, -0.76375692, 0.611671891, -0.205837198, 0, 1, 5, 1, 
287.17299, 16, 0.1, 0.1, 0.0260966759, 0.368616641, -0.0349619924, 0.882540462, -0.470236464, 3.79872801e-006, 0.470236464, 0.882540462, 1.23062025e-005, -9.13935633e-006, -9.07442122e-006, 1, 0.882540473, -0.470236444, 1.58462332e-005, 0.470236444, 0.882540473, 3.62464437e-006, -1.5689382e-005, 4.25258098e-006, 1, 0, 0, 0, 0, 0, 0, 0, 0.276705737, -0.0625919189, -0.249116162, 0.0701679996, 0.764001301, -0.641268528, -0.819458008, 0.410644531, 0.399658203, 0.568656244, 0.497571713, 0.655011639, 0, -0, 0, 0, 0, 0, 0, 0.362603125, -0.0869605957, -0.222503076, 0.244749318, -0.0205929016, -0.969267536, -0.597045898, -0.790771484, -0.134033203, -0.76375692, 0.611671891, -0.205837198, 0, 1, 5, 1, 
287.173684, 16, 0.1, 0.1, 0.026096677, 0.36861664, -0.034962948, 0.882540332, -0.470236709, 1.69419135e-005, 0.470236709, 0.882540332, -7.10400545e-006, -1.16113578e-005, 1.4236281e-005, 1, 0.882540367, -0.470236643, 1.91595739e-006, 0.470236643, 0.882540367, -7.53022337e-006, 1.85007722e-006, 7.54667947e-006, 1, 0, 0, 0, 0, 0, 0, 0, 0.276705737, -0.0625919189, -0.249116162, 0.0701679996, 0.764001301, -0.641268528, -0.819458008, 0.410644531, 0.399658203, 0.568656244, 0.497571713, 0.655011639, 0, -0, 0, 0, 0, 0, 0, 0.362603125, -0.0869605957, -0.222503076, 0.244749318, -0.0205929016, -0.969267536, -0.597045898, -0.790771484, -0.134033203, -0.76375692, 0.611671891, -0.205837198, 0, 1, 5, 1, 
287.174381, 16, 0.1, 0.1, 0.0260966745, 0.368616639, -0.0349658105, 0.88254011, -0.470237125, -1.13043156e-005, 0.470237125, 0.88254011, 4.64920866e-006, 7.79028144e-006, -9.41882199e-006, 1, 0.882540161, -0.470237029, -5.9863947e-006, 0.470237029, 0.882540161, 8.27106506e-006, 1.39387268e-006, -1.01145716e-005, 1, 0, 0, 0, 0, 0, 0, 0, 0.276705737, -0.0625919189, -0.249116162, 0.0701679996, 0.764001301, -0.641268528, -0.819458008, 0.410644531, 0.399658203, 0.568656244, 0.497571713, 0.655011639, 0, -0, 0, 0, 0, 0, 0, 0.362603125, -0.0869605957, -0.222503076, 0.244749318, -0.0205929016, -0.969267536, -0.597045898, -0.790771484, -0.134033203, -0.76375692, 0.611671891, -0.205837198, 0, 1, 5, 1, 
287.1751, 16, 0.1, 0.1, 0.0260966711, 0.368616641, -0.0349696384, 0.882539805, -0.470237697, 1.58160767e-005, 0.470237697, 0.882539806, -1.57777267e-006, -1.32163891e-005, 8.82976268e-006, 1, 0.882539874, -0.470237568, 1.92685089e-005, 0.470237568, 0.882539874, -6.8949191e-006, -1.37629774e-005, 1.51458178e-005, 1, 0, 0, 0, 0, 0, 0, 0, 0.276705737, -0.0625919189, -0.249116162, 0.0700856242, 0.763779262, -0.641547855, -0.819335938, 0.410888672, 0.399658203, 0.568916475, 0.497730472, 0.654808696, 0, -0, 0, 0, 0, 0, 0, 0.362603125, -0.0869605957, -0.222503076, 0.244749318, -0.0205929016, -0.969267536, -0.597045898, -0.790771484, -0.134033203, -0.76375692, 0.611671891, -0.205837198, 0, 1, 5, 1, 
287.175808, 16, 0.1, 0.1, 0.0260966729, 0.368616641, -0.0349727802, 0.882539453, -0.470238358, -1.75462397e-006, 0.470238358, 0.882539453, -7.86242881e-006, 5.24574049e-006, 6.11381213e-006, 1, 0.882539524, -0.470238226, -1.04099126e-005, 0.470238226, 0.882539524, -1.82080232e-006, 1.00433702e-005, -3.28820883e-006, 1, 0, 0, 0, 0, 0, 0, 0, 0.276702319, -0.0628260254, -0.249131055, 0.0700856242, 0.763779262, -0.641547855, -0.819335938, 0.410888672, 0.399658203, 0.568916475, 0.497730472, 0.654808696, 0, -0, 0, 0, 0, 0, 0, 0.362586279, -0.087607373, -0.2227229, 0.244691716, -0.0200307363, -0.969293055, -0.596313477, -0.791381836, -0.134155273, -0.764376688, 0.610994521, -0.205594395, 0, 1, 5, 1, 
287.176506, 16, 0.1, 0.1, 0.0260966713, 0.368616641, -0.0349747322, 0.882539064, -0.470239088, -9.98563058e-006, 0.470239088, 0.882539064, 5.89576899e-006, 6.04028804e-006, -9.89888026e-006, 1, 0.882539146, -0.470238936, 3.39667695e-007, 0.470238936, 0.882539146, 6.11609597e-006, -3.17579649e-006, -5.23796913e-006, 1, 0, 0, 0, 0, 0, 0, 0, 0.276702319, -0.0628260254, -0.249131055, 0.0700856242, 0.763779262, -0.641547855, -0.819335938, 0.410888672, 0.399658203, 0.568916475, 0.497730472, 0.654808696, 0, -0, 0, 0, 0, 0, 0, 0.362586279, -0.087607373, -0.2227229, 0.244691716, -0.0200307363, -0.969293055, -0.596313477, -0.791381836, -0.134155273, -0.764376688, 0.610994521, -0.205594395, 0, 1, 5, 1, 
287.177203, 16, 0.1, 0.1, 0.026096672, 0.368616641, -0.0349750401, 0.882538651, -0.470239864, 1.02240293e-005, 0.470239864, 0.882538651, -1.69060193e-006, -8.22811261e-006, 6.2997677e-006, 1, 0.882538734, -0.470239707, 6.73833473e-006, 0.470239707, 0.882538734, -4.46924956e-006, -3.8452228e-006, 7.11291839e-006, 1, 0, 0, 0, 0, 0, 0, 0, 0.276702319, -0.0628260254, -0.249131055, 0.0700856242, 0.763779262, -0.641547855, -0.819335938, 0.410888672, 0.399658203, 0.568916475, 0.497730472, 0.654808696, 0, -0, 0, 0, 0, 0, 0, 0.362586279, -0.087607373, -0.2227229, 0.244691716, -0.0200307363, -0.969293055, -0.596313477, -0.791381836, -0.134155273, -0.764376688, 0.610994521, -0.205594395, 0, 1, 5, 1, 
287.177929, 16, 0.1, 0.1, 0.0260966744, 0.36861664, -0.0349735038, 0.882538193, -0.470240723, -1.23368868e-005, 0.470240723, 0.882538193, 2.31333456e-007, 1.07789913e-005, -6.00546716e-006, 1, 0.882538292, -0.470240537, -1.58437258e-005, 0.470240537, 0.882538292, 5.43542461e-006, 1.14267377e-005, -1.22473325e-005, 1, 0, 0, 0, 0, 0, 0, 0, 0.276958154, -0.063298999, -0.248716431, 0.0707517407, 0.763233713, -0.642169788, -0.819580078, 0.411376953, 0.398681641, 0.568440197, 0.498187654, 0.654783608, 0, -0, 0, 0, 0, 0, 0, 0.362586279, -0.087607373, -0.2227229, 0.24719011, -0.0200562559, -0.968724693, -0.596191406, -0.791137695, -0.135742187, -0.763623125, 0.611237324, -0.207498541, 0, 1, 5, 1, 
287.178626, 16, 0.1, 0.1, 0.0260966723, 0.36861664, -0.0349707724, 0.882537727, -0.470241597, -1.80137512e-007, 0.470241597, 0.882537727, 7.88042629e-006, -3.5467261e-006, -7.03948166e-006, 1, 0.88253782, -0.470241423, 9.83511317e-006, 0.470241423, 0.88253782, 1.59352692e-006, -9.4292017e-006, 3.21852984e-006, 1, 0, 0, 0, 0, 0, 0, 0, 0.276958154, -0.063298999, -0.248716431, 0.0707517407, 0.763233713, -0.642169788, -0.819580078, 0.411376953, 0.398681641, 0.568440197, 0.498187654, 0.654783608, 0, -0, 0, 0, 0, 0, 0, 0.362990674, -0.0884969238, -0.222278857, 0.24719011, -0.0200562559, -0.968724693, -0.596191406, -0.791137695, -0.135742187, -0.763623125, 0.611237324, -0.207498541, 0, 1, 5, 1, 
287.17932, 16, 0.1, 0.1, 0.0260966742, 0.368616641, -0.0349678639, 0.882537229, -0.470242533, 1.21374486e-005, 0.470242533, 0.882537229, -8.83933473e-006, -6.55511912e-006, 1.35085866e-005, 1, 0.88253733, -0.470242343, -7.23636381e-007, 0.470242343, 0.88253733, -9.59462512e-006, 5.15043512e-006, 8.12733037e-006, 1, 0, 0, 0, 0, 0, 0, 0, 0.276958154, -0.063298999, -0.248716431, 0.0707517407, 0.763233713, -0.642169788, -0.819580078, 0.411376953, 0.398681641, 0.568440197, 0.498187654, 0.654783608, 0, -0, 0, 0, 0, 0, 0, 0.362990674, -0.0884969238, -0.222278857, 0.24719011, -0.0200562559, -0.968724693, -0.596191406, -0.791137695, -0.135742187, -0.763623125, 0.611237324, -0.207498541, 0, 1, 5, 1, 
287.180018, 16, 0.1, 0.1, 0.0260966736, 0.36861664, -0.0349656906, 0.882536692, -0.47024354, -1.56337921e-005, 0.470243541, 0.882536692, 4.06957182e-006, 1.18837053e-005, -1.09432362e-005, 1, 0.882536802, -0.470243333, -1.10818015e-005, 0.470243333, 0.882536802, 7.41443451e-006, 6.29350929e-006, -1.17546546e-005, 1, 0, 0, 0, 0, 0, 0, 0, 0.276958154, -0.063298999, -0.248716431, 0.0707517407, 0.763233713, -0.642169788, -0.819580078, 0.411376953, 0.398681641, 0.568440197, 0.498187654, 0.654783608, 0, -0, 0, 0, 0, 0, 0, 0.362990674, -0.0884969238, -0.222278857, 0.24719011, -0.0200562559, -0.968724693, -0.596191406, -0.791137695, -0.135742187, -0.763623125, 0.611237324, -0.207498541, 0, 1, 5, 1, 
287.180708, 16, 0.1, 0.1, 0.0260966706, 0.368616641, -0.0349648397, 0.882536128, -0.470244599, 1.65844504e-005, 0.470244599, 0.882536128, 1.62292898e-006, -1.53995502e-005, 6.36645477e-006, 1, 0.882536242, -0.470244385, 2.01750508e-005, 0.470244385, 0.882536242, -4.30293241e-006, -1.57817837e-005, 1.32846982e-005, 1, 0, 0, 0, 0, 0, 0, 0, 0.276958154, -0.063298999, -0.248716431, 0.0707517407, 0.763233713, -0.642169788, -0.819580078, 0.411376953, 0.398681641, 0.568440197, 0.498187654, 0.654783608, 0, -0, 0, 0, 0, 0, 0, 0.362990674, -0.0884969238, -0.222278857, 0.24719011, -0.0200562559, -0.968724693, -0.596191406, -0.791137695, -0.135742187, -0.763623125, 0.611237324, -0.207498541, 0, 1, 5, 1, 
287.181402, 16, 0.1, 0.1, 0.0260966728, 0.36861664, -0.0349654983, 0.882535526, -0.470245728, -3.97671499e-007, 0.470245728, 0.882535526, -8.07928732e-006, 4.15020957e-006, 6.94325477e-006, 1, 0.882535648, -0.4702455, -1.19393697e-005, 0.4702455, 0.882535648, -1.39266885e-008, 1.05434683e-005, -5.60214406e-006, 1, 0, 0, 0, 0, 0, 0, 0, 0.276958154, -0.063298999, -0.248716431, 0.0707517407, 0.763233713, -0.642169788, -0.819580078, 0.411376953, 0.398681641, 0.568440197, 0.498187654, 0.654783608, 0, -0, 0, 0, 0, 0, 0, 0.362990674, -0.0884969238, -0.222278857, 0.24719011, -0.0200562559, -0.968724693, -0.596191406, -0.791137695, -0.135742187, -0.763623125, 0.611237324, -0.207498541, 0, 1, 5, 1, 
287.182098, 16, 0.1, 0.1, 0.0260966701, 0.36861664, -0.0349673278, 0.882534894, -0.470246915, -1.09135355e-005, 0.470246916, 0.882534894, 7.25821591e-006, 6.21842222e-006, -1.15376852e-005, 1, 0.882535022, -0.470246675, 2.33955224e-006, 0.470246675, 0.882535022, 8.18430745e-006, -5.91338015e-006, -6.12277129e-006, 1, 0, 0, 0, 0, 0, 0, 0, 0.276958154, -0.063298999, -0.248716431, 0.0707517407, 0.763233713, -0.642169788, -0.819580078, 0.411376953, 0.398681641, 0.568440197, 0.498187654, 0.654783608, 0, -0, 0, 0, 0, 0, 0, 0.362990674, -0.0884969238, -0.222278857, 0.24719011, -0.0200562559, -0.968724693, -0.596191406, -0.791137695, -0.135742187, -0.763623125, 0.611237324, -0.207498541, 0, 1, 5, 1, 
287.182825, 16, 0.1, 0.1, 0.0260966705, 0.368616641, -0.0349695566, 0.882534213, -0.470248193, 1.44799236e-005, 0.470248193, 0.882534213, -5.7763087e-006, -1.00627293e-005, 1.1906948e-005, 1, 0.882534346, -0.470247943, 1.02437672e-005, 0.470247943, 0.882534346, -8.74581701e-006, -4.92777395e-006, 1.25355944e-005, 1, 0, 0, 0, 0, 0, 0, 0, 0.277389746, -0.0634944092, -0.248679199, 0.0704724139, 0.763798358, -0.641471471, -0.819824219, 0.410766602, 0.398925781, 0.568237254, 0.49785104, 0.655290966, 0, -0, 0, 0, 0, 0, 0, 0.363581201, -0.0886061523, -0.221587891, 0.249598819, -0.0179734723, -0.968149768, -0.594360352, -0.791992187, -0.138549805, -0.764351902, 0.610106064, -0.208297313, 0, 1, 5, 1, 
287.18352, 16, 0.1, 0.1, 0.0260966722, 0.36861664, -0.0349714178, 0.88253355, -0.470249437, -1.24592903e-005, 0.470249437, 0.88253355, -7.57891191e-007, 1.13521396e-005, -5.19010984e-006, 1, 0.882533682, -0.470249189, -1.52065318e-005, 0.470249189, 0.882533682, 3.63342224e-006, 1.17116627e-005, -1.03574768e-005, 1, 0, 0, 0, 0, 0, 0, 0, 0.277389746, -0.0634944092, -0.248679199, 0.0704724139, 0.763798358, -0.641471471, -0.819824219, 0.410766602, 0.398925781, 0.568237254, 0.49785104, 0.655290966, 0, -0, 0, 0, 0, 0, 0, 0.363581201, -0.0886061523, -0.221587891, 0.249598819, -0.0179734723, -0.968149768, -0.594360352, -0.791992187, -0.138549805, -0.764351902, 0.610106064, -0.208297313, 0, 1, 5, 1, 
287.18422, 16, 0.1, 0.1, 0.02609667, 0.368616641, -0.0349726035, 0.882532883, -0.470250689, 7.66342831e-007, 0.470250689, 0.882532883, 7.98171882e-006, -4.42973152e-006, -6.68375608e-006, 1, 0.882533013, -0.470250444, 1.00653271e-005, 0.470250444, 0.882533014, 1.66025285e-006, -9.66371808e-006, 3.26799658e-006, 1, 0, 0, 0, 0, 0, 0, 0, 0.277389746, -0.0634944092, -0.248679199, 0.0704724139, 0.763798358, -0.641471471, -0.819824219, 0.410766602, 0.398925781, 0.568237254, 0.49785104, 0.655290966, 0, -0, 0, 0, 0, 0, 0, 0.363581201, -0.0886061523, -0.221587891, 0.249598819, -0.0179734723, -0.968149768, -0.594360352, -0.791992187, -0.138549805, -0.764351902, 0.610106064, -0.208297313, 0, 1, 5, 1, 
287.184915, 16, 0.1, 0.1, 0.0260966717, 0.368616641, -0.0349728428, 0.882532216, -0.47025194, 9.36069023e-006, 0.47025194, 0.882532216, -5.63053285e-006, -5.61334169e-006, 9.37100938e-006, 1, 0.882532353, -0.470251683, -1.6829456e-006, 0.470251683, 0.882532353, -6.12884685e-006, 4.36735449e-006, 4.61749763e-006, 1, 0, 0, 0, 0, 0, 0, 0, 0.277389746, -0.0634944092, -0.248679199, 0.0704724139, 0.763798358, -0.641471471, -0.819824219, 0.410766602, 0.398925781, 0.568237254, 0.49785104, 0.655290966, 0, -0, 0, 0, 0, 0, 0, 0.363581201, -0.0886061523, -0.221587891, 0.249598819, -0.0179734723, -0.968149768, -0.594360352, -0.791992187, -0.138549805, -0.764351902, 0.610106064, -0.208297313, 0, 1, 5, 1, 
287.185611, 16, 0.1, 0.1, 0.0260966716, 0.368616639, -0.0349721099, 0.882531551, -0.470253188, -1.41592602e-005, 0.470253188, 0.882531551, 3.2425591e-006, 1.09711701e-005, -9.52009793e-006, 1, 0.882531684, -0.470252939, -1.02814338e-005, 0.470252939, 0.882531684, 6.34994632e-006, 6.08761016e-006, -1.04389033e-005, 1, 0, 0, 0, 0, 0, 0, 0, 0.277389746, -0.0634944092, -0.248679199, 0.0704724139, 0.763798358, -0.641471471, -0.819824219, 0.410766602, 0.398925781, 0.568237254, 0.49785104, 0.655290966, 0, -0, 0, 0, 0, 0, 0, 0.363581201, -0.0886061523, -0.221587891, 0.249598819, -0.0179734723, -0.968149768, -0.594360352, -0.791992187, -0.138549805, -0.764351902, 0.610106064, -0.208297313, 0, 1, 5, 1, 
287.186308, 16, 0.1, 0.1, 0.0260966698, 0.368616641, -0.0349706771, 0.882530884, -0.47025444, 1.14993729e-005, 0.47025444, 0.882530884, 3.43596533e-007, -1.03101295e-005, 5.10439659e-006, 1, 0.882531017, -0.470254191, 1.46654635e-005, 0.470254192, 0.882531017, -4.77776591e-006, -1.0695962e-005, 1.11130223e-005, 1, 0, 0, 0, 0, 0, 0, 0, 0.277389746, -0.0634944092, -0.248679199, 0.0704724139, 0.763798358, -0.641471471, -0.819824219, 0.410766602, 0.398925781, 0.568237254, 0.49785104, 0.655290966, 0, -0, 0, 0, 0, 0, 0, 0.363581201, -0.0886061523, -0.221587891, 0.249598819, -0.0179734723, -0.968149768, -0.594360352, -0.791992187, -0.138549805, -0.764351902, 0.610106064, -0.208297313, 0, 1, 5, 1, 
287.187009, 16, 0.1, 0.1, 0.0260966722, 0.36861664, -0.0349689934, 0.882530209, -0.470255708, -4.00424679e-007, 0.470255708, 0.882530208, -7.96303217e-006, 4.09804821e-006, 6.83931445e-006, 1, 0.882530341, -0.47025546, -1.13594728e-005, 0.47025546, 0.882530341, -1.19149475e-006, 1.05853863e-005, -4.29032385e-006, 1, 0, 0, 0, 0, 0, 0, 0, 0.277389746, -0.0634944092, -0.248679199, 0.0704724139, 0.763798358, -0.641471471, -0.819824219, 0.410766602, 0.398925781, 0.568237254, 0.49785104, 0.655290966, 0, -0, 0, 0, 0, 0, 0, 0.363581201, -0.0886061523, -0.221587891, 0.249598819, -0.0179734723, -0.968149768, -0.594360352, -0.791992187, -0.138549805, -0.764351902, 0.610106064, -0.208297313, 0, 1, 5, 1, 
287.187729, 16, 0.1, 0.1, 0.0260966695, 0.368616639, -0.0349672992, 0.882529498, -0.470257041, -1.08590994e-005, 0.470257041, 0.882529498, 9.41425955e-006, 5.15635371e-006, -1.34149297e-005, 1, 0.882529638, -0.47025678, 2.20762016e-006, 0.470256779, 0.882529638, 1.02614827e-005, -6.77382203e-006, -8.01791427e-006, 1, 0, 0, 0, 0, 0, 0, 0, 0.27762312, -0.0639374756, -0.248451196, 0.0706502693, 0.763880734, -0.64137, -0.819580078, 0.411010742, 0.399169922, 0.56857986, 0.497590809, 0.655151302, 0, -0, 0, 0, 0, 0, 0, 0.364180029, -0.0889237305, -0.221336816, 0.25212893, -0.0156351257, -0.967440682, -0.592285156, -0.79296875, -0.141601562, -0.765067918, 0.608878921, -0.209204727, 0, 1, 5, 1, 
287.188426, 16, 0.1, 0.1, 0.0260966693, 0.36861664, -0.0349663535, 0.882528797, -0.470258356, 1.7232019e-005, 0.470258356, 0.882528797, -4.2794119e-006, -1.31953238e-005, 1.18802052e-005, 1, 0.882528938, -0.470258092, 1.25384142e-005, 0.470258092, 0.882528938, -7.39241725e-006, -7.5891693e-006, 1.24203129e-005, 1, 0, 0, 0, 0, 0, 0, 0, 0.27762312, -0.0639374756, -0.248451196, 0.0706502693, 0.763880734, -0.64137, -0.819580078, 0.411010742, 0.399169922, 0.56857986, 0.497590809, 0.655151302, 0, -0, 0, 0, 0, 0, 0, 0.364180029, -0.0889237305, -0.221336816, 0.25212893, -0.0156351257, -0.967440682, -0.592285156, -0.79296875, -0.141601562, -0.765067918, 0.608878921, -0.209204727, 0, 1, 5, 1, 
287.189123, 16, 0.1, 0.1, 0.0260966712, 0.368616639, -0.0349664351, 0.882528085, -0.470259694, -1.37462592e-005, 0.470259694, 0.882528085, -2.38860539e-006, 1.32547247e-005, -4.35630031e-006, 1, 0.882528226, -0.470259428, -1.71577753e-005, 0.470259428, 0.882528226, 3.37448326e-006, 1.35553384e-005, -1.10466823e-005, 1, 0, 0, 0, 0, 0, 0, 0, 0.27762312, -0.0639374756, -0.248451196, 0.0706502693, 0.763880734, -0.64137, -0.819580078, 0.411010742, 0.399169922, 0.56857986, 0.497590809, 0.655151302, 0, -0, 0, 0, 0, 0, 0, 0.364180029, -0.0889237305, -0.221336816, 0.25212893, -0.0156351257, -0.967440682, -0.592285156, -0.79296875, -0.141601562, -0.765067918, 0.608878921, -0.209204727, 0, 1, 5, 1, 
287.189818, 16, 0.1, 0.1, 0.0260966683, 0.368616641, -0.0349674334, 0.882527362, -0.470261049, 1.55676969e-006, 0.470261049, 0.882527362, 6.69762656e-006, -4.52352474e-006, -5.17875055e-006, 1, 0.882527505, -0.470260782, 1.26393224e-005, 0.470260782, 0.882527505, -8.92782951e-007, -1.07347088e-005, 6.73168314e-006, 1, 0, 0, 0, 0, 0, 0, 0, 0.27762312, -0.0639374756, -0.248451196, 0.0706502693, 0.763880734, -0.64137, -0.819580078, 0.411010742, 0.399169922, 0.56857986, 0.497590809, 0.655151302, 0, -0, 0, 0, 0, 0, 0, 0.364180029, -0.0889237305, -0.221336816, 0.25212893, -0.0156351257, -0.967440682, -0.592285156, -0.79296875, -0.141601562, -0.765067918, 0.608878921, -0.209204727, 0, 1, 5, 1, 
287.190525, 16, 0.1, 0.1, 0.0260966705, 0.368616641, -0.0349689471, 0.882526616, -0.47026245, 1.03396957e-005, 0.47026245, 0.882526616, -7.70860817e-006, -5.49998768e-006, 1.16654225e-005, 1, 0.882526763, -0.470262174, -1.98552543e-006, 0.470262174, 0.882526763, -8.72529439e-006, 5.85545524e-006, 6.76658832e-006, 1, 0, 0, 0, 0, 0, 0, 0, 0.27762312, -0.0639374756, -0.248451196, 0.0706502693, 0.763880734, -0.64137, -0.819580078, 0.411010742, 0.399169922, 0.56857986, 0.497590809, 0.655151302, 0, -0, 0, 0, 0, 0, 0, 0.364319287, -0.0887987305, -0.221537842, 0.251655716, -0.012900858, -0.967606559, -0.589233398, -0.795166016, -0.142700195, -0.767572509, 0.606220479, -0.207626506, 0, 1, 5, 1, 
287.191232, 16, 0.1, 0.1, 0.0260966703, 0.36861664, -0.0349704124, 0.88252587, -0.47026385, -1.53414662e-005, 0.47026385, 0.88252587, 5.47878424e-006, 1.09627666e-005, -1.20497058e-005, 1, 0.882526015, -0.470263578, -1.11051798e-005, 0.470263578, 0.882526015, 8.23391665e-006, 5.92849901e-006, -1.24890073e-005, 1, 0, 0, 0, 0, 0, 0, 0, 0.27762312, -0.0639374756, -0.248451196, 0.0706502693, 0.763880734, -0.64137, -0.819580078, 0.411010742, 0.399169922, 0.56857986, 0.497590809, 0.655151302, 0, -0, 0, 0, 0, 0, 0, 0.364319287, -0.0887987305, -0.221537842, 0.251655716, -0.012900858, -0.967606559, -0.589233398, -0.795166016, -0.142700195, -0.767572509, 0.606220479, -0.207626506, 0, 1, 5, 1, 
287.191934, 16, 0.1, 0.1, 0.0260966689, 0.368616641, -0.0349714471, 0.882525132, -0.470265235, 1.08725303e-005, 0.470265235, 0.882525132, 1.15117068e-006, -1.01366367e-005, 4.09703594e-006, 1, 0.88252528, -0.470264957, 1.37531075e-005, 0.470264958, 0.88252528, -3.39197379e-006, -1.05423386e-005, 9.46110712e-006, 1, 0, 0, 0, 0, 0, 0, 0, 0.27762312, -0.0639374756, -0.248451196, 0.0706502693, 0.763880734, -0.64137, -0.819580078, 0.411010742, 0.399169922, 0.56857986, 0.497590809, 0.655151302, 0, -0, 0, 0, 0, 0, 0, 0.364319287, -0.0887987305, -0.221537842, 0.251655716, -0.012900858, -0.967606559, -0.589233398, -0.795166016, -0.142700195, -0.767572509, 0.606220479, -0.207626506, 0, 1, 5, 1, 
287.192646, 16, 0.1, 0.1, 0.0260966712, 0.36861664, -0.0349717399, 0.88252439, -0.470266628, -6.57653389e-007, 0.470266628, 0.88252439, -8.41852668e-006, 4.5393473e-006, 7.12028268e-006, 1, 0.882524533, -0.470266359, -1.06083319e-005, 0.470266359, 0.882524533, -1.86610224e-006, 1.02396782e-005, -3.34186059e-006, 1, 0, 0, 0, 0, 0, 0, 0, 0.27728855, -0.0641206787, -0.248869116, 0.0683916888, 0.764686514, -0.640761171, -0.818847656, 0.409912109, 0.401855469, 0.56992632, 0.497216002, 0.654313322, 0, -0, 0, 0, 0, 0, 0, 0.364319287, -0.0887987305, -0.221537842, 0.251655716, -0.012900858, -0.967606559, -0.589233398, -0.795166016, -0.142700195, -0.767572509, 0.606220479, -0.207626506, 0, 1, 5, 1, 
287.193344, 16, 0.1, 0.1, 0.0260966689, 0.36861664, -0.0349712619, 0.882523664, -0.470267991, -9.21449793e-006, 0.470267991, 0.882523664, 6.20936727e-006, 5.2119458e-006, -9.81319698e-006, 1, 0.88252381, -0.470267717, 2.31617343e-006, 0.470267717, 0.88252381, 6.69349406e-006, -5.19181236e-006, -4.81794629e-006, 1, 0, 0, 0, 0, 0, 0, 0, 0.27728855, -0.0641206787, -0.248869116, 0.0683916888, 0.764686514, -0.640761171, -0.818847656, 0.409912109, 0.401855469, 0.56992632, 0.497216002, 0.654313322, 0, -0, 0, 0, 0, 0, 0, 0.364319287, -0.0887987305, -0.221537842, 0.251655716, -0.012900858, -0.967606559, -0.589233398, -0.795166016, -0.142700195, -0.767572509, 0.606220479, -0.207626506, 0, 1, 5, 1, 
287.194045, 16, 0.1, 0.1, 0.0260966685, 0.368616641, -0.0349702895, 0.882522938, -0.470269353, 1.58252452e-005, 0.470269353, 0.882522938, -2.9501687e-006, -1.2578768e-005, 1.00457194e-005, 1, 0.882523084, -0.470269078, 1.16464876e-005, 0.470269078, 0.882523084, -6.34877467e-006, -7.29266176e-006, 1.10799232e-005, 1, 0, 0, 0, 0, 0, 0, 0, 0.27728855, -0.0641206787, -0.248869116, 0.0683916888, 0.764686514, -0.640761171, -0.818847656, 0.409912109, 0.401855469, 0.56992632, 0.497216002, 0.654313322, 0, -0, 0, 0, 0, 0, 0, 0.364319287, -0.0887987305, -0.221537842, 0.251655716, -0.012900858, -0.967606559, -0.589233398, -0.795166016, -0.142700195, -0.767572509, 0.606220479, -0.207626506, 0, 1, 5, 1, 
287.194738, 16, 0.1, 0.1, 0.02609667, 0.36861664, -0.0349691722, 0.88252222, -0.4702707, -1.17059594e-005, 0.4702707, 0.88252222, 1.89499007e-007, 1.02416534e-005, -5.67220678e-006, 1, 0.882522362, -0.470270434, -1.48551107e-005, 0.470270434, 0.882522362, 5.51965589e-006, 1.05142364e-005, -1.18571391e-005, 1, 0, 0, 0, 0, 0, 0, 0, 0.27728855, -0.0641206787, -0.248869116, 0.0683916888, 0.764686514, -0.640761171, -0.818847656, 0.409912109, 0.401855469, 0.56992632, 0.497216002, 0.654313322, 0, -0, 0, 0, 0, 0, 0, 0.364319287, -0.0887987305, -0.221537842, 0.251655716, -0.012900858, -0.967606559, -0.589233398, -0.795166016, -0.142700195, -0.767572509, 0.606220479, -0.207626506, 0, 1, 5, 1, 
287.195464, 16, 0.1, 0.1, 0.0260966664, 0.36861664, -0.0349678813, 0.882521464, -0.470272119, 2.64058579e-006, 0.470272119, 0.882521464, 7.84869187e-006, -6.02139459e-006, -5.68484517e-006, 1, 0.882521607, -0.470271851, 1.4230353e-005, 0.470271851, 0.882521607, 8.09045379e-007, -1.29390653e-005, 5.97813441e-006, 1, 0, 0, 0, 0, 0, 0, 0, 0.277162451, -0.0640644043, -0.249253223, 0.0659230523, 0.765790716, -0.639536401, -0.818969727, 0.407714844, 0.403686523, 0.569946538, 0.497164705, 0.654242929, 0, -0, 0, 0, 0, 0, 0, 0.364699609, -0.0881647461, -0.221955518, 0.251782948, -0.00879945642, -0.967638276, -0.584594727, -0.798217773, -0.144897461, -0.771118675, 0.602232816, -0.206156927, 0, 1, 5, 1, 
287.196163, 16, 0.1, 0.1, 0.0260966686, 0.368616641, -0.0349671759, 0.882520722, -0.470273511, 1.0334201e-005, 0.470273511, 0.882520722, -8.90666294e-006, -4.9315789e-006, 1.27202156e-005, 1, 0.882520871, -0.470273231, -2.32169538e-006, 0.470273231, 0.882520871, -9.71480351e-006, 6.61755667e-006, 7.48168567e-006, 1, 0, 0, 0, 0, 0, 0, 0, 0.277162451, -0.0640644043, -0.249253223, 0.0659230523, 0.765790716, -0.639536401, -0.818969727, 0.407714844, 0.403686523, 0.569946538, 0.497164705, 0.654242929, 0, -0, 0, 0, 0, 0, 0, 0.364699609, -0.0881647461, -0.221955518, 0.251782948, -0.00879945642, -0.967638276, -0.584594727, -0.798217773, -0.144897461, -0.771118675, 0.602232816, -0.206156927, 0, 1, 5, 1, 
287.196859, 16, 0.1, 0.1, 0.026096669, 0.36861664, -0.0349672325, 0.882519979, -0.470274905, -1.88611969e-005, 0.470274905, 0.882519979, 4.60891251e-006, 1.44779272e-005, -1.2937405e-005, 1, 0.882520129, -0.470274623, -1.38737664e-005, 0.470274623, 0.882520129, 7.65090554e-006, 8.64585138e-006, -1.32765584e-005, 1, 0, 0, 0, 0, 0, 0, 0, 0.277162451, -0.0640644043, -0.249253223, 0.0659230523, 0.765790716, -0.639536401, -0.818969727, 0.407714844, 0.403686523, 0.569946538, 0.497164705, 0.654242929, 0, -0, 0, 0, 0, 0, 0, 0.364699609, -0.0881647461, -0.221955518, 0.251782948, -0.00879945642, -0.967638276, -0.584594727, -0.798217773, -0.144897461, -0.771118675, 0.602232816, -0.206156927, 0, 1, 5, 1, 
287.197556, 16, 0.1, 0.1, 0.026096668, 0.368616641, -0.0349679858, 0.882519231, -0.47027631, 1.05521544e-005, 0.47027631, 0.882519231, 2.43686561e-006, -1.04584793e-005, 2.81184746e-006, 1, 0.882519379, -0.47027603, 1.36914588e-005, 0.47027603, 0.882519379, -3.03920935e-006, -1.06537105e-005, 9.12092607e-006, 1, 0, 0, 0, 0, 0, 0, 0, 0.277162451, -0.0640644043, -0.249253223, 0.0659230523, 0.765790716, -0.639536401, -0.818969727, 0.407714844, 0.403686523, 0.569946538, 0.497164705, 0.654242929, 0, -0, 0, 0, 0, 0, 0, 0.364699609, -0.0881647461, -0.221955518, 0.251782948, -0.00879945642, -0.967638276, -0.584594727, -0.798217773, -0.144897461, -0.771118675, 0.602232816, -0.206156927, 0, 1, 5, 1, 
287.198253, 16, 0.1, 0.1, 0.0260966712, 0.36861664, -0.0349691369, 0.882518479, -0.47027772, -3.30325985e-006, 0.47027772, 0.882518479, -6.23117861e-006, 5.84557233e-006, 3.94568076e-006, 1, 0.882518626, -0.470277445, -1.39662862e-005, 0.470277445, 0.882518626, 9.71810883e-007, 1.18684869e-005, -7.42567057e-006, 1, 0, 0, 0, 0, 0, 0, 0, 0.277162451, -0.0640644043, -0.249253223, 0.0659230523, 0.765790716, -0.639536401, -0.818969727, 0.407714844, 0.403686523, 0.569946538, 0.497164705, 0.654242929, 0, -0, 0, 0, 0, 0, 0, 0.364699609, -0.0881647461, -0.221955518, 0.251782948, -0.00879945642, -0.967638276, -0.584594727, -0.798217773, -0.144897461, -0.771118675, 0.602232816, -0.206156927, 0, 1, 5, 1, 
287.19895, 16, 0.1, 0.1, 0.0260966693, 0.368616639, -0.034970352, 0.882517725, -0.470279135, -9.8962852e-006, 0.470279135, 0.882517725, 6.71697094e-006, 5.57479582e-006, -1.05818624e-005, 1, 0.882517876, -0.470278851, 1.64251952e-006, 0.470278851, 0.882517876, 7.76062603e-006, -5.09921114e-006, -6.07644901e-006, 1, 0, 0, 0, 0, 0, 0, 0, 0.277162451, -0.0640644043, -0.249253223, 0.0659230523, 0.765790716, -0.639536401, -0.818969727, 0.407714844, 0.403686523, 0.569946538, 0.497164705, 0.654242929, 0, -0, 0, 0, 0, 0, 0, 0.364699609, -0.0881647461, -0.221955518, 0.251782948, -0.00879945642, -0.967638276, -0.584594727, -0.798217773, -0.144897461, -0.771118675, 0.602232816, -0.206156927, 0, 1, 5, 1, 
287.199659, 16, 0.1, 0.1, 0.026096669, 0.368616641, -0.0349712247, 0.882516964, -0.470280563, 1.58672065e-005, 0.470280563, 0.882516964, -5.18173559e-006, -1.15662094e-005, 1.20350084e-005, 1, 0.882517127, -0.470280257, 1.1068014e-005, 0.470280257, 0.882517127, -8.13640739e-006, -5.94132017e-006, 1.23855874e-005, 1, 0, 0, 0, 0, 0, 0, 0, 0.277162451, -0.0640644043, -0.249253223, 0.0643807632, 0.767218429, -0.638076487, -0.819335938, 0.405639648, 0.405029297, 0.569572853, 0.496814986, 0.654876845, 0, -0, 0, 0, 0, 0, 0, 0.364699609, -0.0881647461, -0.221955518, 0.251782948, -0.00879945642, -0.967638276, -0.584594727, -0.798217773, -0.144897461, -0.771118675, 0.602232816, -0.206156927, 0, 1, 5, 1, 
287.200371, 16, 0.1, 0.1, 0.0260966697, 0.368616639, -0.0349712645, 0.882516207, -0.470281984, -9.13911203e-006, 0.470281984, 0.882516207, -9.72763068e-007, 8.52288743e-006, -3.43948057e-006, 1, 0.882516355, -0.470281707, -1.22758486e-005, 0.470281707, 0.882516355, 3.65682678e-006, 9.11389845e-006, -9.00031649e-006, 1, 0, 0, 0, 0, 0, 0, 0, 0.277082495, -0.0637692627, -0.249176685, 0.0643807632, 0.767218429, -0.638076487, -0.819335938, 0.405639648, 0.405029297, 0.569572853, 0.496814986, 0.654876845, 0, -0, 0, 0, 0, 0, 0, 0.364701807, -0.0872872559, -0.221923535, 0.252683432, -0.00466597202, -0.967510311, -0.580444336, -0.80065918, -0.147827148, -0.773847112, 0.599107724, -0.205038793, 0, 1, 5, 1, 
287.201065, 16, 0.1, 0.1, 0.0260966664, 0.36861664, -0.0349708233, 0.882515475, -0.470283357, 2.97611631e-006, 0.470283357, 0.882515475, 8.11589823e-006, -6.44324057e-006, -5.76278781e-006, 1, 0.882515619, -0.470283088, 1.31905201e-005, 0.470283088, 0.882515619, 1.50570185e-006, -1.23489461e-005, 4.87447313e-006, 1, 0, 0, 0, 0, 0, 0, 0, 0.277082495, -0.0637692627, -0.249176685, 0.0643807632, 0.767218429, -0.638076487, -0.819335938, 0.405639648, 0.405029297, 0.569572853, 0.496814986, 0.654876845, 0, -0, 0, 0, 0, 0, 0, 0.364701807, -0.0872872559, -0.221923535, 0.252683432, -0.00466597202, -0.967510311, -0.580444336, -0.80065918, -0.147827148, -0.773847112, 0.599107724, -0.205038793, 0, 1, 5, 1, 
287.201763, 16, 0.1, 0.1, 0.0260966681, 0.36861664, -0.0349700411, 0.882514737, -0.470284742, 1.0632848e-005, 0.470284742, 0.882514737, -7.05623918e-006, -6.06520341e-006, 1.12277012e-005, 1, 0.882514885, -0.470284464, -9.45144758e-007, 0.470284464, 0.882514885, -7.64186455e-006, 4.4279545e-006, 6.29957232e-006, 1, 0, 0, 0, 0, 0, 0, 0, 0.277082495, -0.0637692627, -0.249176685, 0.0643807632, 0.767218429, -0.638076487, -0.819335938, 0.405639648, 0.405029297, 0.569572853, 0.496814986, 0.654876845, 0, -0, 0, 0, 0, 0, 0, 0.364701807, -0.0872872559, -0.221923535, 0.252683432, -0.00466597202, -0.967510311, -0.580444336, -0.80065918, -0.147827148, -0.773847112, 0.599107724, -0.205038793, 0, 1, 5, 1, 
287.202468, 16, 0.1, 0.1, 0.0260966682, 0.368616639, -0.0349690763, 0.882513995, -0.470286134, -1.71421116e-005, 0.470286134, 0.882513996, 3.11761483e-006, 1.36619824e-005, -1.08130361e-005, 1, 0.882514143, -0.470285857, -1.24351992e-005, 0.470285857, 0.882514143, 6.52823131e-006, 7.90410431e-006, -1.16093548e-005, 1, 0, 0, 0, 0, 0, 0, 0, 0.277082495, -0.0637692627, -0.249176685, 0.0643807632, 0.767218429, -0.638076487, -0.819335938, 0.405639648, 0.405029297, 0.569572853, 0.496814986, 0.654876845, 0, -0, 0, 0, 0, 0, 0, 0.364701807, -0.0872872559, -0.221923535, 0.252683432, -0.00466597202, -0.967510311, -0.580444336, -0.80065918, -0.147827148, -0.773847112, 0.599107724, -0.205038793, 0, 1, 5, 1, 
287.20316, 16, 0.1, 0.1, 0.0260966669, 0.368616641, -0.0349683565, 0.882513264, -0.470287507, 1.06369745e-005, 0.470287507, 0.882513264, -1.56838622e-007, -9.3135118e-006, 5.14084837e-006, 1, 0.882513408, -0.470287236, 1.38474821e-005, 0.470287236, 0.882513408, -5.58114153e-006, -9.59584902e-006, 1.14377263e-005, 1, 0, 0, 0, 0, 0, 0, 0, 0.277082495, -0.0637692627, -0.249176685, 0.0643807632, 0.767218429, -0.638076487, -0.819335938, 0.405639648, 0.405029297, 0.569572853, 0.496814986, 0.654876845, 0, -0, 0, 0, 0, 0, 0, 0.364701807, -0.0872872559, -0.221923535, 0.252683432, -0.00466597202, -0.967510311, -0.580444336, -0.80065918, -0.147827148, -0.773847112, 0.599107724, -0.205038793, 0, 1, 5, 1, 
287.203857, 16, 0.1, 0.1, 0.02609667, 0.36861664, -0.0349680876, 0.882512526, -0.470288892, -2.17031998e-006, 0.470288892, 0.882512526, -8.22532907e-006, 5.78361547e-006, 6.23827855e-006, 1, 0.882512673, -0.470288615, -1.36825952e-005, 0.470288615, 0.882512674, -1.15286241e-006, 1.26172417e-005, -5.41735306e-006, 1, 0, 0, 0, 0, 0, 0, 0, 0.277082495, -0.0637692627, -0.249176685, 0.0643807632, 0.767218429, -0.638076487, -0.819335938, 0.405639648, 0.405029297, 0.569572853, 0.496814986, 0.654876845, 0, -0, 0, 0, 0, 0, 0, 0.364701807, -0.0872872559, -0.221923535, 0.252683432, -0.00466597202, -0.967510311, -0.580444336, -0.80065918, -0.147827148, -0.773847112, 0.599107724, -0.205038793, 0, 1, 5, 1, 
287.204566, 16, 0.1, 0.1, 0.026096668, 0.36861664, -0.0349682303, 0.882511765, -0.47029032, -1.16920559e-005, 0.47029032, 0.882511765, 8.5267854e-006, 6.30831223e-006, -1.30236491e-005, 1, 0.882511929, -0.470290011, 1.89099208e-006, 0.470290011, 0.882511929, 9.21236865e-006, -6.00130802e-006, -7.24071054e-006, 1, 0, 0, 0, 0, 0, 0, 0, 0.277082495, -0.0637692627, -0.249176685, 0.0621843404, 0.768316641, -0.636978276, -0.82043457, 0.402709961, 0.405639648, 0.568190445, 0.49750619, 0.655568049, 0, -0, 0, 0, 0, 0, 0, 0.364701807, -0.0872872559, -0.221923535, 0.252683432, -0.00466597202, -0.967510311, -0.580444336, -0.80065918, -0.147827148, -0.773847112, 0.599107724, -0.205038793, 0, 1, 5, 1, 
287.205279, 16, 0.1, 0.1, 0.0260966683, 0.36861664, -0.0349684418, 0.882510997, -0.470291761, 1.5871943e-005, 0.470291761, 0.882510997, -2.87982761e-006, -1.26528051e-005, 1.00059236e-005, 1, 0.882511148, -0.470291478, 1.10403432e-005, 0.470291478, 0.882511148, -6.21926682e-006, -6.81835776e-006, 1.06807516e-005, 1, 0, 0, 0, 0, 0, 0, 0, 0.277189282, -0.0632645508, -0.248895215, 0.0621843404, 0.768316641, -0.636978276, -0.82043457, 0.402709961, 0.405639648, 0.568190445, 0.49750619, 0.655568049, 0, -0, 0, 0, 0, 0, 0, 0.364642236, -0.0864500488, -0.221889844, 0.252944825, -0.000781854017, -0.967395106, -0.575561523, -0.803710937, -0.149902344, -0.77750192, 0.594851739, -0.203799257, 0, 1, 5, 1, 
