time, trialNum, realDorsalTactorPos, realVentralTactorPos, boxPosX, boxPosY, boxPosZ, boxLocalRot_11, boxLocalRot_12, boxLocalRot_13, boxLocalRot_21, boxLocalRot_22, boxLocalRot_23, boxLocalRot_31, boxLocalRot_32, boxLocalRot_33, boxGlobalRot_11, boxGlobalRot_12, boxGlobalRot_13, boxGlobalRot_21, boxGlobalRot_22, boxGlobalRot_23, boxGlobalRot_31, boxGlobalRot_32, boxGlobalRot_33, indexForceX, indexForceY, indexForceZ, indexForceGlobalX, indexForceGlobalY, indexForceGlobalZ, indexContact, indexPosX, indexPosY, indexPosZ, indexRot_11, indexRot_12, indexRot_13, indexRot_21, indexRot_22, indexRot_23, indexRot_31, indexRot_32, indexRot_33, thumbForceX, thumbForceY, thumbForceZ, thumbForceGlobalX, thumbForceGlobalY, thumbForceGlobalZ, thumbContact, thumbPosX, thumbPosY, thumbPosZ, thumbRot_11, thumbRot_12, thumbRot_13, thumbRot_21, thumbRot_22, thumbRot_23, thumbRot_31, thumbRot_32, thumbRot_33, manipForceTooHigh, cceExpType, mapping, trialSuccess, 
304.296103, 19, 0.1, 0.1, 0.0119088995, 0.370282178, -0.0349665726, 0.831017546, -1.78688274e-006, 0.556246203, 0.556246203, 1.72147933e-005, -0.831017546, -8.09073252e-006, 1, 1.5299742e-005, 0.831017558, 6.20606857e-006, 0.556246185, 0.556246185, 9.67037281e-007, -0.831017558, -5.69526275e-006, 1, -2.64847701e-006, 0, 0, 0, 0, 0, 0, 0, 0.292882031, -0.111260474, -0.224062207, -0.122427843, 0.746618533, -0.65371693, -0.913085937, 0.173339844, 0.369018555, 0.388930549, 0.642208413, 0.66069103, 0, -0, 0, 0, 0, 0, 0, 0.374189258, -0.0885938477, -0.195724072, 0.189193886, 0.24766127, -0.950150912, -0.198120117, -0.937988281, -0.283935547, -0.96156563, 0.242057418, -0.128463936, 0, 1, 5, 1, 
304.301074, 19, 0.1, 0.1, 0.0119089358, 0.370282152, -0.0349810049, 0.831015098, -3.32188241e-005, 0.556249859, 0.55624986, 8.80211304e-006, -0.831015098, 2.27091702e-005, 0.999999999, 2.57926551e-005, 0.831015237, -4.36278374e-005, 0.55624965, 0.556249651, 1.64854894e-005, -0.831015238, 2.708535e-005, 0.999999999, 3.79676623e-005, 0, 0, 0, 0, 0, 0, 0, 0.292841235, -0.111297339, -0.224067578, -0.127398438, 0.745756587, -0.653793314, -0.913696289, 0.16796875, 0.369750977, 0.38563928, 0.644569587, 0.66020876, 0, -0, 0, 0, 0, 0, 0, 0.374049121, -0.0886849121, -0.195069482, 0.187672901, 0.248707942, -0.950221274, -0.190551758, -0.939697266, -0.283569336, -0.96344389, 0.234434637, -0.128962303, 0, 1, 5, 1, 
304.301772, 19, 0.1, 0.1, 0.0119089296, 0.370282155, -0.0349794651, 0.831014372, 4.17007452e-005, 0.556250943, 0.556250944, -1.56908626e-005, -0.831014372, -2.59258614e-005, 0.999999999, -3.62354112e-005, 0.831014515, 3.420713e-005, 0.55625073, 0.55625073, -1.51735543e-005, -0.831014515, -1.99863209e-005, 0.999999999, -3.1637185e-005, 0, 0, 0, 0, 0, 0, 0, 0.292841235, -0.111297339, -0.224067578, -0.127398438, 0.745756587, -0.653793314, -0.913696289, 0.16796875, 0.369750977, 0.38563928, 0.644569587, 0.66020876, 0, -0, 0, 0, 0, 0, 0, 0.374049121, -0.0886849121, -0.195069482, 0.187672901, 0.248707942, -0.950221274, -0.190551758, -0.939697266, -0.283569336, -0.96344389, 0.234434637, -0.128962303, 0, 1, 5, 1, 
304.302494, 19, 0.1, 0.1, 0.0119089209, 0.370282157, -0.0349748358, 0.831013652, -1.05086372e-005, 0.55625202, 0.55625202, 6.59280788e-006, -0.831013652, 5.06555825e-006, 1, 1.1324164e-005, 0.8310138, 1.31150625e-005, 0.556251799, 0.556251799, -8.0097987e-007, -0.8310138, -1.04532514e-005, 1, -7.96090244e-006, 0, 0, 0, 0, 0, 0, 0, 0.292841235, -0.111297339, -0.224067578, -0.130286065, 0.745630028, -0.653387428, -0.913452148, 0.165893555, 0.371459961, 0.385355084, 0.645331183, 0.659650106, 0, -0, 0, 0, 0, 0, 0, 0.374049121, -0.0886849121, -0.195069482, 0.187672901, 0.248707942, -0.950221274, -0.190551758, -0.939697266, -0.283569336, -0.96344389, 0.234434637, -0.128962303, 0, 1, 5, 1, 
304.303194, 19, 0.1, 0.1, 0.0119089286, 0.370282152, -0.0349689297, 0.831013031, -6.88278527e-006, 0.556252948, 0.556252948, 1.12837078e-005, -0.831013031, -5.56911452e-007, 1, 1.32054778e-005, 0.831013149, -2.28118684e-005, 0.556252771, 0.556252772, 1.44170359e-005, -0.831013149, 1.09374465e-005, 1, 2.46699114e-005, 0, 0, 0, 0, 0, 0, 0, 0.29291604, -0.111078247, -0.224271777, -0.130286065, 0.745630028, -0.653387428, -0.913452148, 0.165893555, 0.371459961, 0.385355084, 0.645331183, 0.659650106, 0, -0, 0, 0, 0, 0, 0, 0.374049121, -0.0886849121, -0.195069482, 0.187672901, 0.248707942, -0.950221274, -0.190551758, -0.939697266, -0.283569336, -0.96344389, 0.234434637, -0.128962303, 0, 1, 5, 1, 
304.303898, 19, 0.1, 0.1, 0.0119089252, 0.370282155, -0.0349635591, 0.831012587, 5.91243104e-006, 0.556253611, 0.556253611, -1.30370082e-006, -0.831012587, -4.18811633e-006, 1, -4.3722029e-006, 0.831012666, 6.38501125e-006, 0.556253493, 0.556253493, -1.31824459e-005, -0.831012666, 2.02675632e-006, 1, -1.45064643e-005, 0, 0, 0, 0, 0, 0, 0, 0.29291604, -0.111078247, -0.224271777, -0.130286065, 0.745630028, -0.653387428, -0.913452148, 0.165893555, 0.371459961, 0.385355084, 0.645331183, 0.659650106, 0, -0, 0, 0, 0, 0, 0, 0.374049121, -0.0886849121, -0.195069482, 0.187672901, 0.248707942, -0.950221274, -0.190551758, -0.939697266, -0.283569336, -0.96344389, 0.234434637, -0.128962303, 0, 1, 5, 1, 
304.304597, 19, 0.1, 0.1, 0.0119089275, 0.370282151, -0.0349602994, 0.83101216, 8.35548005e-008, 0.556254249, 0.556254249, 1.7924168e-006, -0.83101216, -1.06647452e-006, 1, 1.44304244e-006, 0.831012238, -6.73841362e-006, 0.556254133, 0.556254133, 1.34553772e-005, -0.831012238, -1.88490497e-006, 1, 1.49298535e-005, 0, 0, 0, 0, 0, 0, 0, 0.29291604, -0.111078247, -0.224271777, -0.130286065, 0.745630028, -0.653387428, -0.913452148, 0.165893555, 0.371459961, 0.385355084, 0.645331183, 0.659650106, 0, -0, 0, 0, 0, 0, 0, 0.374049121, -0.0886849121, -0.195069482, 0.187672901, 0.248707942, -0.950221274, -0.190551758, -0.939697266, -0.283569336, -0.96344389, 0.234434637, -0.128962303, 0, 1, 5, 1, 
304.305309, 19, 0.1, 0.1, 0.011908921, 0.370282158, -0.0349598572, 0.831011765, 2.43486365e-005, 0.556254839, 0.556254839, -5.9264638e-006, -0.831011765, -1.69373793e-005, 1, -1.8469008e-005, 0.831011852, 2.65527791e-005, 0.556254709, 0.55625471, -1.86584659e-005, -0.831011851, -1.16868146e-005, 0.999999999, -3.02755147e-005, 0, 0, 0, 0, 0, 0, 0, 0.292820459, -0.111085083, -0.224263599, -0.132151864, 0.745465277, -0.653203581, -0.913208008, 0.164550781, 0.372558594, 0.385279821, 0.645851645, 0.659250212, 0, -0, 0, 0, 0, 0, 0, 0.373975879, -0.0884326172, -0.195044336, 0.186752728, 0.24977467, -0.95004227, -0.188720703, -0.939819336, -0.284179687, -0.964031575, 0.232460128, -0.128329775, 0, 1, 5, 1, 
304.306006, 19, 0.1, 0.1, 0.0119089234, 0.370282156, -0.0349622529, 0.831011227, -1.60105367e-005, 0.556255644, 0.556255644, -8.59486832e-006, -0.831011227, 1.80858797e-005, 1, 1.76351933e-006, 0.831011344, -2.10720436e-005, 0.556255469, 0.556255469, 1.69799009e-007, -0.831011344, 1.74166557e-005, 1, 1.18625444e-005, 0, 0, 0, 0, 0, 0, 0, 0.292820459, -0.111085083, -0.224263599, -0.132151864, 0.745465277, -0.653203581, -0.913208008, 0.164550781, 0.372558594, 0.385279821, 0.645851645, 0.659250212, 0, -0, 0, 0, 0, 0, 0, 0.373975879, -0.0884326172, -0.195044336, 0.186752728, 0.24977467, -0.95004227, -0.188720703, -0.939819336, -0.284179687, -0.964031575, 0.232460128, -0.128329775, 0, 1, 5, 1, 
304.306703, 19, 0.1, 0.1, 0.0119089194, 0.370282162, -0.0349666844, 0.831010602, 4.60118954e-006, 0.556256577, 0.556256577, -7.92715729e-006, -0.831010602, 5.85896086e-007, 1, -9.1469937e-006, 0.831010727, 1.5824743e-005, 0.556256389, 0.55625639, -1.35138248e-005, -0.831010727, -5.63337977e-006, 1, -2.00327478e-005, 0, 0, 0, 0, 0, 0, 0, 0.292820459, -0.111085083, -0.224263599, -0.132151864, 0.745465277, -0.653203581, -0.913208008, 0.164550781, 0.372558594, 0.385279821, 0.645851645, 0.659250212, 0, -0, 0, 0, 0, 0, 0, 0.373975879, -0.0884326172, -0.195044336, 0.186752728, 0.24977467, -0.95004227, -0.188720703, -0.939819336, -0.284179687, -0.964031575, 0.232460128, -0.128329775, 0, 1, 5, 1, 
304.3074, 19, 0.1, 0.1, 0.0119089216, 0.370282157, -0.0349716786, 0.831010085, -8.05849103e-006, 0.55625735, 0.55625735, 9.36799045e-006, -0.831010085, 1.48567378e-006, 1, 1.22674894e-005, 0.831010185, -1.18185201e-005, 0.556257199, 0.556257199, 1.53198929e-005, -0.831010185, 1.29950984e-006, 1, 1.93051239e-005, 0, 0, 0, 0, 0, 0, 0, 0.292820459, -0.111085083, -0.224263599, -0.132151864, 0.745465277, -0.653203581, -0.913208008, 0.164550781, 0.372558594, 0.385279821, 0.645851645, 0.659250212, 0, -0, 0, 0, 0, 0, 0, 0.373975879, -0.0884326172, -0.195044336, 0.186752728, 0.24977467, -0.95004227, -0.188720703, -0.939819336, -0.284179687, -0.964031575, 0.232460128, -0.128329775, 0, 1, 5, 1, 
304.308099, 19, 0.1, 0.1, 0.0119089168, 0.370282162, -0.0349757831, 0.831009643, 1.87042374e-005, 0.556258009, 0.55625801, -2.51812031e-005, -0.831009643, -1.53615577e-006, 1, -3.13302044e-005, 0.831009725, 1.55291903e-005, 0.556257887, 0.556257887, -2.71660318e-005, -0.831009725, 2.20641127e-006, 1, -3.12134712e-005, 0, 0, 0, 0, 0, 0, 0, 0.292820459, -0.111085083, -0.224263599, -0.132151864, 0.745465277, -0.653203581, -0.913208008, 0.164550781, 0.372558594, 0.385279821, 0.645851645, 0.659250212, 0, -0, 0, 0, 0, 0, 0, 0.373975879, -0.0884326172, -0.195044336, 0.186752728, 0.24977467, -0.95004227, -0.188720703, -0.939819336, -0.284179687, -0.964031575, 0.232460128, -0.128329775, 0, 1, 5, 1, 
304.3088, 19, 0.1, 0.1, 0.0119089161, 0.370282163, -0.034977802, 0.831009269, -1.25890815e-005, 0.556258568, 0.556258568, 1.95753774e-005, -0.831009269, -4.27327987e-007, 1, 2.32701046e-005, 0.831009339, -6.07076112e-006, 0.556258464, 0.556258464, 9.9172226e-006, -0.831009339, -4.71679826e-007, 1, 1.16182168e-005, 0, 0, 0, 0, 0, 0, 0, 0.292820459, -0.111085083, -0.224263599, -0.132151864, 0.745465277, -0.653203581, -0.913208008, 0.164550781, 0.372558594, 0.385279821, 0.645851645, 0.659250212, 0, -0, 0, 0, 0, 0, 0, 0.373975879, -0.0884326172, -0.195044336, 0.186752728, 0.24977467, -0.95004227, -0.188720703, -0.939819336, -0.284179687, -0.964031575, 0.232460128, -0.128329775, 0, 1, 5, 1, 
304.309512, 19, 0.1, 0.1, 0.0119089213, 0.370282156, -0.0349771221, 0.831008929, -9.75843396e-006, 0.556259076, 0.556259076, 7.8356481e-006, -0.831008929, 3.75069539e-006, 1, 1.1939711e-005, 0.831008986, -1.26211741e-005, 0.556258991, 0.556258991, 1.93038175e-005, -0.831008986, -2.4961297e-007, 1, 2.30622874e-005, 0, 0, 0, 0, 0, 0, 0, 0.292820459, -0.111085083, -0.224263599, -0.132151864, 0.745465277, -0.653203581, -0.913208008, 0.164550781, 0.372558594, 0.385279821, 0.645851645, 0.659250212, 0, -0, 0, 0, 0, 0, 0, 0.373975879, -0.0884326172, -0.195044336, 0.186752728, 0.24977467, -0.95004227, -0.188720703, -0.939819336, -0.284179687, -0.964031575, 0.232460128, -0.128329775, 0, 1, 5, 1, 
304.31024, 19, 0.1, 0.1, 0.011908918, 0.37028216, -0.034973867, 0.831008589, 6.69069501e-006, 0.556259584, 0.556259584, -1.43840613e-005, -0.831008589, 2.44124691e-006, 1, -1.56750417e-005, 0.831008648, 9.23322514e-006, 0.556259496, 0.556259496, -1.88575492e-005, -0.831008648, 2.81680088e-006, 1, -2.08068556e-005, 0, 0, 0, 0, 0, 0, 0, 0.292510425, -0.11130564, -0.224249316, -0.133858904, 0.745503469, -0.652899167, -0.912963867, 0.163452148, 0.373779297, 0.385426598, 0.64609278, 0.658831222, 0, -0, 0, 0, 0, 0, 0, 0.373656201, -0.0883735352, -0.195235596, 0.185455589, 0.251167323, -0.949914305, -0.187255859, -0.939941406, -0.28503418, -0.964536137, 0.230888104, -0.127211641, 0, 1, 5, 1, 
304.310939, 19, 0.1, 0.1, 0.0119089195, 0.370282157, -0.0349696513, 0.831008283, -6.61355032e-006, 0.556260041, 0.556260041, 1.61383365e-005, -0.831008283, -3.48119665e-006, 1, 1.70899451e-005, 0.831008344, -1.29518058e-005, 0.55625995, 0.55625995, 1.56351041e-005, -0.831008344, 2.06587641e-006, 1, 2.01974728e-005, 0, 0, 0, 0, 0, 0, 0, 0.292510425, -0.11130564, -0.224249316, -0.133858904, 0.745503469, -0.652899167, -0.912963867, 0.163452148, 0.373779297, 0.385426598, 0.64609278, 0.658831222, 0, -0, 0, 0, 0, 0, 0, 0.373656201, -0.0883735352, -0.195235596, 0.185455589, 0.251167323, -0.949914305, -0.187255859, -0.939941406, -0.28503418, -0.964536137, 0.230888104, -0.127211641, 0, 1, 5, 1, 
304.311636, 19, 0.1, 0.1, 0.0119089174, 0.370282158, -0.0349656944, 0.831008021, 7.80286501e-006, 0.556260432, 0.556260432, -6.52636094e-006, -0.831008021, -2.85388706e-006, 1, -9.76388335e-006, 0.831008076, 1.09765415e-005, 0.556260351, 0.556260351, -1.0618347e-005, -0.831008076, -3.21502923e-006, 1, -1.49297469e-005, 0, 0, 0, 0, 0, 0, 0, 0.292510425, -0.11130564, -0.224249316, -0.133858904, 0.745503469, -0.652899167, -0.912963867, 0.163452148, 0.373779297, 0.385426598, 0.64609278, 0.658831222, 0, -0, 0, 0, 0, 0, 0, 0.373656201, -0.0883735352, -0.195235596, 0.185455589, 0.251167323, -0.949914305, -0.187255859, -0.939941406, -0.28503418, -0.964536137, 0.230888104, -0.127211641, 0, 1, 5, 1, 
304.312338, 19, 0.1, 0.1, 0.0119089174, 0.370282158, -0.0349631088, 0.831007783, -5.19332759e-007, 0.556260788, 0.556260788, -7.22531556e-006, -0.831007783, 4.45072929e-006, 1, -5.71540902e-006, 0.831007821, 4.30501314e-006, 0.556260732, 0.556260732, -2.14571807e-006, -0.831007821, -2.38392089e-006, 1, -4.17781826e-006, 0, 0, 0, 0, 0, 0, 0, 0.292510425, -0.11130564, -0.224249316, -0.133858904, 0.745503469, -0.652899167, -0.912963867, 0.163452148, 0.373779297, 0.385426598, 0.64609278, 0.658831222, 0, -0, 0, 0, 0, 0, 0, 0.373656201, -0.0883735352, -0.195235596, 0.185455589, 0.251167323, -0.949914305, -0.187255859, -0.939941406, -0.28503418, -0.964536137, 0.230888104, -0.127211641, 0, 1, 5, 1, 
304.313059, 19, 0.1, 0.1, 0.0119089191, 0.370282156, -0.0349624307, 0.831007615, -5.17849035e-006, 0.55626104, 0.55626104, -5.08784988e-007, -0.831007615, 4.58638218e-006, 1, 2.45778823e-006, 0.831007652, -1.09064982e-005, 0.556260984, 0.556260984, 7.38532633e-006, -0.831007652, 4.95521457e-006, 1, 1.22041221e-005, 0, 0, 0, 0, 0, 0, 0, 0.292510425, -0.11130564, -0.224249316, -0.133858904, 0.745503469, -0.652899167, -0.912963867, 0.163452148, 0.373779297, 0.385426598, 0.64609278, 0.658831222, 0, -0, 0, 0, 0, 0, 0, 0.373656201, -0.0883735352, -0.195235596, 0.185455589, 0.251167323, -0.949914305, -0.187255859, -0.939941406, -0.28503418, -0.964536137, 0.230888104, -0.127211641, 0, 1, 5, 1, 
304.313767, 19, 0.1, 0.1, 0.0119089148, 0.370282161, -0.0349636196, 0.831007453, 7.16864424e-006, 0.556261282, 0.556261282, -1.55715107e-006, -0.831007453, -5.09101394e-006, 1, -5.28164338e-006, 0.831007476, 8.3684015e-006, 0.556261247, 0.556261247, -1.58273635e-005, -0.831007476, 1.84994477e-006, 1, -1.78076749e-005, 0, 0, 0, 0, 0, 0, 0, 0.292510425, -0.11130564, -0.224249316, -0.133858904, 0.745503469, -0.652899167, -0.912963867, 0.163452148, 0.373779297, 0.385426598, 0.64609278, 0.658831222, 0, -0, 0, 0, 0, 0, 0, 0.373656201, -0.0883735352, -0.195235596, 0.185455589, 0.251167323, -0.949914305, -0.187255859, -0.939941406, -0.28503418, -0.964536137, 0.230888104, -0.127211641, 0, 1, 5, 1, 
304.314482, 19, 0.1, 0.1, 0.0119089177, 0.370282153, -0.0349664841, 0.83100727, -4.17034349e-006, 0.556261555, 0.556261555, 1.70478083e-005, -0.83100727, -6.01745461e-006, 1, 1.64866544e-005, 0.831007302, -9.64657421e-006, 0.556261507, 0.556261507, 2.50968883e-005, -0.831007302, -5.94405929e-006, 1, 2.62217153e-005, 0, 0, 0, 0, 0, 0, 0, 0.292510425, -0.11130564, -0.224249316, -0.135248425, 0.745421094, -0.652734416, -0.912475586, 0.162841797, 0.375244141, 0.386017452, 0.646353011, 0.65831076, 0, -0, 0, 0, 0, 0, 0, 0.373656201, -0.0883735352, -0.195235596, 0.185455589, 0.251167323, -0.949914305, -0.187255859, -0.939941406, -0.28503418, -0.964536137, 0.230888104, -0.127211641, 0, 1, 5, 1, 
304.315197, 19, 0.1, 0.1, 0.0119089115, 0.37028216, -0.0349697463, 0.831007097, 2.22287991e-005, 0.556261813, 0.556261813, -3.16536209e-005, -0.831007096, -8.64589228e-007, 0.999999999, -3.86694157e-005, 0.831007131, 2.63007988e-005, 0.556261762, 0.556261763, -2.89911173e-005, -0.83100713, -5.72950137e-006, 0.999999999, -3.87219539e-005, 0, 0, 0, 0, 0, 0, 0, 0.291994727, -0.111309058, -0.224465723, -0.135248425, 0.745421094, -0.652734416, -0.912475586, 0.162841797, 0.375244141, 0.386017452, 0.646353011, 0.65831076, 0, -0, 0, 0, 0, 0, 0, 0.373129883, -0.0883310547, -0.195440283, 0.184401254, 0.252317174, -0.949869462, -0.185791016, -0.939941406, -0.285766602, -0.965015181, 0.22929056, -0.126470471, 0, 1, 5, 1, 
304.315893, 19, 0.1, 0.1, 0.0119089127, 0.370282162, -0.0349727239, 0.831007035, -1.30644995e-005, 0.556261906, 0.556261906, 2.73054778e-005, -0.831007034, -4.33230618e-006, 1, 2.99583276e-005, 0.831007025, -1.37165962e-005, 0.55626192, 0.55626192, 9.39371428e-006, -0.831007025, 6.17322225e-006, 1, 1.54362627e-005, 0, 0, 0, 0, 0, 0, 0, 0.291994727, -0.111309058, -0.224465723, -0.135248425, 0.745421094, -0.652734416, -0.912475586, 0.162841797, 0.375244141, 0.386017452, 0.646353011, 0.65831076, 0, -0, 0, 0, 0, 0, 0, 0.373129883, -0.0883310547, -0.195440283, 0.184401254, 0.252317174, -0.949869462, -0.185791016, -0.939941406, -0.285766602, -0.965015181, 0.22929056, -0.126470471, 0, 1, 5, 1, 
304.316593, 19, 0.1, 0.1, 0.0119089174, 0.370282151, -0.0349746302, 0.831007055, -1.31656248e-005, 0.556261875, 0.556261876, 1.39481455e-005, -0.831007055, 3.18190552e-006, 1, 1.89145425e-005, 0.831007059, -1.75758959e-005, 0.55626187, 0.556261871, 2.59418537e-005, -0.831007058, 1.75229502e-007, 1, 3.13346643e-005, 0, 0, 0, 0, 0, 0, 0, 0.291994727, -0.111309058, -0.224465723, -0.135248425, 0.745421094, -0.652734416, -0.912475586, 0.162841797, 0.375244141, 0.386017452, 0.646353011, 0.65831076, 0, -0, 0, 0, 0, 0, 0, 0.373129883, -0.0883310547, -0.195440283, 0.184401254, 0.252317174, -0.949869462, -0.185791016, -0.939941406, -0.285766602, -0.965015181, 0.22929056, -0.126470471, 0, 1, 5, 1, 
304.317328, 19, 0.1, 0.1, 0.0119089098, 0.37028216, -0.0349746144, 0.831007, 2.56073651e-005, 0.556261957, 0.556261958, -4.26464542e-005, -0.831006999, 2.44270043e-006, 0.999999999, -4.9683905e-005, 0.831007, 2.95270906e-005, 0.556261957, 0.556261958, -3.62472922e-005, -0.831006999, -4.37422928e-006, 0.999999999, -4.65465508e-005, 0, 0, 0, 0, 0, 0, 0, 0.2914927, -0.111296851, -0.22443728, -0.136308445, 0.745662229, -0.652194859, -0.912475586, 0.161743164, 0.375610352, 0.385567383, 0.646314819, 0.658596078, 0, -0, 0, 0, 0, 0, 0, 0.372620166, -0.0880521484, -0.195406836, 0.183589723, 0.253735347, -0.949569057, -0.184082031, -0.940063477, -0.286743164, -0.965468704, 0.227475733, -0.125825184, 0, 1, 5, 1, 
304.318023, 19, 0.1, 0.1, 0.0119089049, 0.370282166, -0.0349730924, 0.831007003, -4.79676637e-006, 0.556261953, 0.556261953, 1.12219573e-005, -0.831007003, -2.25620146e-006, 1, 1.19937838e-005, 0.831007015, 9.81574892e-006, 0.556261935, 0.556261935, -4.767235e-006, -0.831007015, -5.50512485e-006, 1, -9.42173322e-006, 0, 0, 0, 0, 0, 0, 0, 0.2914927, -0.111296851, -0.22443728, -0.136308445, 0.745662229, -0.652194859, -0.912475586, 0.161743164, 0.375610352, 0.385567383, 0.646314819, 0.658596078, 0, -0, 0, 0, 0, 0, 0, 0.372620166, -0.0880521484, -0.195406836, 0.183589723, 0.253735347, -0.949569057, -0.184082031, -0.940063477, -0.286743164, -0.965468704, 0.227475733, -0.125825184, 0, 1, 5, 1, 
304.31872, 19, 0.1, 0.1, 0.0119089123, 0.370282156, -0.0349707088, 0.831006919, -1.49127668e-005, 0.556262079, 0.556262079, 2.60361694e-005, -0.831006919, -2.09032135e-006, 1, 2.99316436e-005, 0.831006927, -2.08911235e-005, 0.556262066, 0.556262067, 3.20381996e-005, -0.831006927, -4.60966746e-007, 0.999999999, 3.82449053e-005, 0, 0, 0, 0, 0, 0, 0, 0.2914927, -0.111296851, -0.22443728, -0.136308445, 0.745662229, -0.652194859, -0.912475586, 0.161743164, 0.375610352, 0.385567383, 0.646314819, 0.658596078, 0, -0, 0, 0, 0, 0, 0, 0.372620166, -0.0880521484, -0.195406836, 0.183589723, 0.253735347, -0.949569057, -0.184082031, -0.940063477, -0.286743164, -0.965468704, 0.227475733, -0.125825184, 0, 1, 5, 1, 
304.319418, 19, 0.1, 0.1, 0.0119089101, 0.370282159, -0.0349682006, 0.831006886, 1.72876374e-005, 0.556262129, 0.556262129, -1.44307773e-005, -0.831006885, -6.33885085e-006, 1, -2.16085333e-005, 0.831006896, 1.11837708e-005, 0.556262113, 0.556262113, -1.8631168e-005, -0.831006896, 1.07002222e-006, 1, -2.17037371e-005, 0, 0, 0, 0, 0, 0, 0, 0.2914927, -0.111296851, -0.22443728, -0.136308445, 0.745662229, -0.652194859, -0.912475586, 0.161743164, 0.375610352, 0.385567383, 0.646314819, 0.658596078, 0, -0, 0, 0, 0, 0, 0, 0.372620166, -0.0880521484, -0.195406836, 0.183589723, 0.253735347, -0.949569057, -0.184082031, -0.940063477, -0.286743164, -0.965468704, 0.227475733, -0.125825184, 0, 1, 5, 1, 
304.320122, 19, 0.1, 0.1, 0.0119089123, 0.370282156, -0.0349662326, 0.831006797, -2.27541454e-005, 0.55626226, 0.556262261, 1.86759642e-005, -0.831006797, 8.52011541e-006, 1, 2.81771255e-005, 0.831006812, -2.24292148e-005, 0.556262239, 0.556262239, 1.45806205e-005, -0.831006812, 1.05281817e-005, 1, 2.45931202e-005, 0, 0, 0, 0, 0, 0, 0, 0.2914927, -0.111296851, -0.22443728, -0.136308445, 0.745662229, -0.652194859, -0.912475586, 0.161743164, 0.375610352, 0.385567383, 0.646314819, 0.658596078, 0, -0, 0, 0, 0, 0, 0, 0.372620166, -0.0880521484, -0.195406836, 0.183589723, 0.253735347, -0.949569057, -0.184082031, -0.940063477, -0.286743164, -0.965468704, 0.227475733, -0.125825184, 0, 1, 5, 1, 
304.320821, 19, 0.1, 0.1, 0.011908909, 0.370282152, -0.0349653694, 0.831006801, 1.73957908e-005, 0.556262255, 0.556262255, -2.32025426e-006, -0.831006801, -1.31653506e-005, 1, -1.16047689e-005, 0.831006788, 2.12906865e-005, 0.556262274, 0.556262274, 3.24294486e-006, -0.831006788, -1.94966329e-005, 1, -9.14829651e-006, 0, 0, 0, 0, 0, 0, 0, 0.2914927, -0.111296851, -0.22443728, -0.136308445, 0.745662229, -0.652194859, -0.912475586, 0.161743164, 0.375610352, 0.385567383, 0.646314819, 0.658596078, 0, -0, 0, 0, 0, 0, 0, 0.372620166, -0.0880521484, -0.195406836, 0.183589723, 0.253735347, -0.949569057, -0.184082031, -0.940063477, -0.286743164, -0.965468704, 0.227475733, -0.125825184, 0, 1, 5, 1, 
304.321517, 19, 0.1, 0.1, 0.0119089147, 0.370282157, -0.0349658131, 0.831006881, -2.21402391e-005, 0.556262136, 0.556262135, -2.03304774e-005, -0.831006881, 2.97077658e-005, 1, -4.57898989e-006, 0.83100687, -2.90105821e-005, 0.556262151, 0.556262151, -1.52732849e-005, -0.831006871, 3.26039434e-005, 0.999999999, 3.44528413e-006, 0, 0, 0, 0, 0, 0, 0, 0.2914927, -0.111296851, -0.22443728, -0.136308445, 0.745662229, -0.652194859, -0.912475586, 0.161743164, 0.375610352, 0.385567383, 0.646314819, 0.658596078, 0, -0, 0, 0, 0, 0, 0, 0.372620166, -0.0880521484, -0.195406836, 0.183589723, 0.253735347, -0.949569057, -0.184082031, -0.940063477, -0.286743164, -0.965468704, 0.227475733, -0.125825184, 0, 1, 5, 1, 
304.322245, 19, 0.1, 0.1, 0.0119089114, 0.370282153, -0.0349670861, 0.831006867, 2.60897894e-005, 0.556262156, 0.556262156, 2.92250064e-005, -0.831006867, -3.79375593e-005, 0.999999999, 9.77341853e-006, 0.831006866, 1.9664715e-005, 0.556262157, 0.556262157, 2.72135907e-005, -0.831006866, -3.14794039e-005, 0.999999999, 1.1675944e-005, 0, 0, 0, 0, 0, 0, 0, 0.291532129, -0.111513989, -0.223990186, -0.135477578, 0.745782796, -0.652219946, -0.913085937, 0.161621094, 0.374267578, 0.384570643, 0.646295723, 0.659218012, 0, -0, 0, 0, 0, 0, 0, 0.372615039, -0.0877881348, -0.195172119, 0.183628002, 0.254897957, -0.949287974, -0.182128906, -0.940185547, -0.287719727, -0.965832909, 0.225756788, -0.126163869, 0, 1, 5, 1, 
304.322939, 19, 0.1, 0.1, 0.0119089052, 0.370282153, -0.0349689806, 0.831006959, -1.18229892e-005, 0.556262019, 0.556262019, -2.17339437e-005, -0.831006959, 2.19147537e-005, 1, -1.14843787e-005, 0.831006923, 1.01118466e-005, 0.556262073, 0.556262073, -1.35468975e-005, -0.831006923, -8.67389223e-007, 1, -1.68824024e-005, 0, 0, 0, 0, 0, 0, 0, 0.291532129, -0.111513989, -0.223990186, -0.135477578, 0.745782796, -0.652219946, -0.913085937, 0.161621094, 0.374267578, 0.384570643, 0.646295723, 0.659218012, 0, -0, 0, 0, 0, 0, 0, 0.372615039, -0.0877881348, -0.195172119, 0.183628002, 0.254897957, -0.949287974, -0.182128906, -0.940185547, -0.287719727, -0.965832909, 0.225756788, -0.126163869, 0, 1, 5, 1, 
304.323639, 19, 0.1, 0.1, 0.0119089207, 0.370282156, -0.0349709736, 0.831007269, -4.41159292e-005, 0.556261555, 0.556261555, 1.31370244e-006, -0.83100727, 3.59298957e-005, 0.999999999, 2.56316917e-005, 0.8310072, -5.28916147e-005, 0.556261657, 0.556261657, -2.91976938e-006, -0.831007201, 4.55774684e-005, 0.999999999, 2.69952279e-005, 0, 0, 0, 0, 0, 0, 0, 0.291532129, -0.111513989, -0.223990186, -0.135477578, 0.745782796, -0.652219946, -0.913085937, 0.161621094, 0.374267578, 0.384570643, 0.646295723, 0.659218012, 0, -0, 0, 0, 0, 0, 0, 0.372615039, -0.0877881348, -0.195172119, 0.183628002, 0.254897957, -0.949287974, -0.182128906, -0.940185547, -0.287719727, -0.965832909, 0.225756788, -0.126163869, 0, 1, 5, 1, 
304.324338, 19, 0.1, 0.1, 0.0119089136, 0.370282154, -0.0349724092, 0.831007633, 5.74479306e-005, 0.556261009, 0.556261009, 9.46934389e-006, -0.831007635, -5.30070957e-005, 0.999999998, -2.40869468e-005, 0.831007567, 4.48874735e-005, 0.556261109, 0.556261109, 7.718163e-006, -0.831007568, -4.15951441e-005, 0.999999999, -1.85553039e-005, 0, 0, 0, 0, 0, 0, 0, 0.291532129, -0.111513989, -0.223990186, -0.135477578, 0.745782796, -0.652219946, -0.913085937, 0.161621094, 0.374267578, 0.384570643, 0.646295723, 0.659218012, 0, -0, 0, 0, 0, 0, 0, 0.372615039, -0.0877881348, -0.195172119, 0.183628002, 0.254897957, -0.949287974, -0.182128906, -0.940185547, -0.287719727, -0.965832909, 0.225756788, -0.126163869, 0, 1, 5, 1, 
304.325036, 19, 0.1, 0.1, 0.0119088988, 0.370282147, -0.0349729797, 0.831007927, 7.14560171e-006, 0.556260574, 0.556260573, 2.4527887e-005, -0.831007927, -1.95819482e-005, 1, 1.6408052e-005, 0.831007871, 3.07614864e-005, 0.556260655, 0.556260655, 2.05672624e-005, -0.831007872, -3.70037962e-005, 0.999999999, -1.98475927e-008, 0, 0, 0, 0, 0, 0, 0, 0.291532129, -0.111513989, -0.223990186, -0.135477578, 0.745782796, -0.652219946, -0.913085937, 0.161621094, 0.374267578, 0.384570643, 0.646295723, 0.659218012, 0, -0, 0, 0, 0, 0, 0, 0.372615039, -0.0877881348, -0.195172119, 0.183628002, 0.254897957, -0.949287974, -0.182128906, -0.940185547, -0.287719727, -0.965832909, 0.225756788, -0.126163869, 0, 1, 5, 1, 
304.325733, 19, 0.1, 0.1, 0.0119089109, 0.370282144, -0.0349725643, 0.831008035, -3.92165823e-005, 0.55626041, 0.556260411, -5.95265987e-006, -0.831008036, 3.59005241e-005, 0.999999999, 1.6867924e-005, 0.831008026, -4.50243092e-005, 0.556260423, 0.556260424, 2.49960126e-006, -0.831008027, 3.60251331e-005, 0.999999999, 2.712243e-005, 0, 0, 0, 0, 0, 0, 0, 0.291532129, -0.111513989, -0.223990186, -0.135477578, 0.745782796, -0.652219946, -0.913085937, 0.161621094, 0.374267578, 0.384570643, 0.646295723, 0.659218012, 0, -0, 0, 0, 0, 0, 0, 0.372615039, -0.0877881348, -0.195172119, 0.183628002, 0.254897957, -0.949287974, -0.182128906, -0.940185547, -0.287719727, -0.965832909, 0.225756788, -0.126163869, 0, 1, 5, 1, 
304.326447, 19, 0.1, 0.1, 0.0119089057, 0.370282151, -0.0349712118, 0.83100795, 4.77389724e-005, 0.556260536, 0.556260537, -1.28108627e-005, -0.831007951, -3.25452883e-005, 0.999999999, -3.72012351e-005, 0.831007992, 3.43630463e-005, 0.556260475, 0.556260475, -2.08816229e-005, -0.831007992, -1.69403446e-005, 0.999999999, -3.64676e-005, 0, 0, 0, 0, 0, 0, 0, 0.291532129, -0.111513989, -0.223990186, -0.133986585, 0.745218151, -0.653083014, -0.913574219, 0.162353516, 0.372680664, 0.383840126, 0.646632338, 0.659231116, 0, -0, 0, 0, 0, 0, 0, 0.372615039, -0.0877881348, -0.195172119, 0.183628002, 0.254897957, -0.949287974, -0.182128906, -0.940185547, -0.287719727, -0.965832909, 0.225756788, -0.126163869, 0, 1, 5, 1, 
304.327162, 19, 0.1, 0.1, 0.0119088946, 0.370282146, -0.0349691729, 0.831007662, -4.20928373e-006, 0.556260968, 0.556260968, 2.92043881e-005, -0.831007662, -1.27473142e-005, 1, 2.66105306e-005, 0.831007736, 1.65640957e-005, 0.556260859, 0.556260858, 2.71239015e-005, -0.831007736, -2.88528564e-005, 0.999999999, 1.33262138e-005, 0, 0, 0, 0, 0, 0, 0, 0.291382861, -0.111988306, -0.223364526, -0.133986585, 0.745218151, -0.653083014, -0.913574219, 0.162353516, 0.372680664, 0.383840126, 0.646632338, 0.659231116, 0, -0, 0, 0, 0, 0, 0, 0.37220835, -0.0882431641, -0.195184082, 0.18424777, 0.254961756, -0.949198655, -0.181274414, -0.940307617, -0.287719727, -0.965890511, 0.22514978, -0.12701368, 0, 1, 5, 1, 
304.32786, 19, 0.1, 0.1, 0.0119089054, 0.370282144, -0.0349674338, 0.831007177, -2.18861786e-005, 0.556261693, 0.556261692, -1.59746913e-005, -0.831007178, 2.70736804e-005, 1, -1.10064034e-006, 0.831007283, -3.55777465e-005, 0.556261534, 0.556261534, -4.91125789e-006, -0.831007284, 3.22973104e-005, 0.999999999, 1.57092408e-005, 0, 0, 0, 0, 0, 0, 0, 0.291382861, -0.111988306, -0.223364526, -0.133986585, 0.745218151, -0.653083014, -0.913574219, 0.162353516, 0.372680664, 0.383840126, 0.646632338, 0.659231116, 0, -0, 0, 0, 0, 0, 0, 0.37220835, -0.0882431641, -0.195184082, 0.18424777, 0.254961756, -0.949198655, -0.181274414, -0.940307617, -0.287719727, -0.965890511, 0.22514978, -0.12701368, 0, 1, 5, 1, 
304.328556, 19, 0.1, 0.1, 0.0119089022, 0.370282145, -0.0349664702, 0.831006547, 6.14979972e-006, 0.556262634, 0.556262634, 1.409034e-005, -0.831006547, -1.29484535e-005, 1, 8.28826101e-006, 0.83100668, 1.57619251e-005, 0.556262436, 0.556262436, 4.11141061e-006, -0.83100668, -1.53852883e-005, 1, -5.35115718e-006, 0, 0, 0, 0, 0, 0, 0, 0.291382861, -0.111988306, -0.223364526, -0.133986585, 0.745218151, -0.653083014, -0.913574219, 0.162353516, 0.372680664, 0.383840126, 0.646632338, 0.659231116, 0, -0, 0, 0, 0, 0, 0, 0.37220835, -0.0882431641, -0.195184082, 0.18424777, 0.254961756, -0.949198655, -0.181274414, -0.940307617, -0.287719727, -0.965890511, 0.22514978, -0.12701368, 0, 1, 5, 1, 
304.329264, 19, 0.1, 0.1, 0.0119089064, 0.370282145, -0.0349664274, 0.831005804, -7.33743944e-006, 0.556263744, 0.556263744, -1.18382544e-005, -0.831005804, 1.26826465e-005, 1, -5.75610658e-006, 0.831005957, -1.46157868e-005, 0.556263517, 0.556263517, -1.07881991e-005, -0.831005957, 1.81468875e-005, 1, -8.34828748e-007, 0, 0, 0, 0, 0, 0, 0, 0.291382861, -0.111988306, -0.223364526, -0.133986585, 0.745218151, -0.653083014, -0.913574219, 0.162353516, 0.372680664, 0.383840126, 0.646632338, 0.659231116, 0, -0, 0, 0, 0, 0, 0, 0.37220835, -0.0882431641, -0.195184082, 0.18424777, 0.254961756, -0.949198655, -0.181274414, -0.940307617, -0.287719727, -0.965890511, 0.22514978, -0.12701368, 0, 1, 5, 1, 
304.32996, 19, 0.1, 0.1, 0.0119089008, 0.370282141, -0.0349672992, 0.83100508, 2.05541008e-005, 0.556264826, 0.556264825, 1.46510489e-005, -0.83100508, -2.52304253e-005, 1, 7.41572813e-007, 0.831005214, 2.39422529e-005, 0.556264625, 0.556264625, 1.53300269e-005, -0.831005215, -2.84236887e-005, 1, -5.78895972e-007, 0, 0, 0, 0, 0, 0, 0, 0.291382861, -0.111988306, -0.223364526, -0.133986585, 0.745218151, -0.653083014, -0.913574219, 0.162353516, 0.372680664, 0.383840126, 0.646632338, 0.659231116, 0, -0, 0, 0, 0, 0, 0, 0.37220835, -0.0882431641, -0.195184082, 0.18424777, 0.254961756, -0.949198655, -0.181274414, -0.940307617, -0.287719727, -0.965890511, 0.22514978, -0.12701368, 0, 1, 5, 1, 
304.330657, 19, 0.1, 0.1, 0.0119089047, 0.370282144, -0.0349687973, 0.831004479, -3.29290077e-005, 0.556265724, 0.556265723, -1.87383569e-005, -0.831004479, 3.77876586e-005, 0.999999999, 2.74561979e-006, 0.831004595, -2.97872828e-005, 0.55626555, 0.55626555, -1.21389208e-005, -0.831004596, 3.15058323e-005, 0.999999999, 6.48214027e-006, 0, 0, 0, 0, 0, 0, 0, 0.291382861, -0.111988306, -0.223364526, -0.133986585, 0.745218151, -0.653083014, -0.913574219, 0.162353516, 0.372680664, 0.383840126, 0.646632338, 0.659231116, 0, -0, 0, 0, 0, 0, 0, 0.37220835, -0.0882431641, -0.195184082, 0.18424777, 0.254961756, -0.949198655, -0.181274414, -0.940307617, -0.287719727, -0.965890511, 0.22514978, -0.12701368, 0, 1, 5, 1, 
304.331371, 19, 0.1, 0.1, 0.0119089077, 0.370282148, -0.03497043, 0.83100386, 1.54674117e-005, 0.556266648, 0.556266648, 1.31810839e-005, -0.831003861, -2.01856762e-005, 1, 2.34952631e-006, 0.831003971, -1.25576524e-006, 0.556266484, 0.556266484, 8.09685549e-009, -0.831003971, 1.03904189e-006, 1, 7.05268631e-007, 0, 0, 0, 0, 0, 0, 0, 0.291384326, -0.112230591, -0.223167041, -0.133898218, 0.744812266, -0.65358438, -0.91394043, 0.161987305, 0.371826172, 0.382837394, 0.647190991, 0.659186933, 0, -0, 0, 0, 0, 0, 0, 0.37220835, -0.0882431641, -0.195184082, 0.18424777, 0.254961756, -0.949198655, -0.181274414, -0.940307617, -0.287719727, -0.965890511, 0.22514978, -0.12701368, 0, 1, 5, 1, 
304.332091, 19, 0.1, 0.1, 0.0119088951, 0.370282139, -0.0349714422, 0.831003377, 2.50337944e-005, 0.556267369, 0.556267369, 2.33231276e-005, -0.831003378, -3.37770625e-005, 0.999999999, 5.45611484e-006, 0.831003464, 3.66273807e-005, 0.556267239, 0.556267238, 2.32432137e-005, -0.831003465, -4.33669186e-005, 0.999999999, -1.05942086e-006, 0, 0, 0, 0, 0, 0, 0, 0.291384326, -0.112230591, -0.223167041, -0.133898218, 0.744812266, -0.65358438, -0.91394043, 0.161987305, 0.371826172, 0.382837394, 0.647190991, 0.659186933, 0, -0, 0, 0, 0, 0, 0, 0.371953369, -0.0878108398, -0.194955957, 0.183934605, 0.255434236, -0.949051734, -0.179077148, -0.940673828, -0.287841797, -0.966414397, 0.22299007, -0.127243724, 0, 1, 5, 1, 
304.332791, 19, 0.1, 0.1, 0.0119088968, 0.370282142, -0.0349717745, 0.831002871, -1.61092078e-005, 0.556268127, 0.556268126, -1.96526562e-005, -0.831002871, 2.43189442e-005, 1, -7.37037485e-006, 0.83100297, -1.34958975e-005, 0.556267978, 0.556267978, -1.98700456e-005, -0.83100297, 2.2268201e-005, 1, -9.00473132e-006, 0, 0, 0, 0, 0, 0, 0, 0.291384326, -0.112230591, -0.223167041, -0.133898218, 0.744812266, -0.65358438, -0.91394043, 0.161987305, 0.371826172, 0.382837394, 0.647190991, 0.659186933, 0, -0, 0, 0, 0, 0, 0, 0.371953369, -0.0878108398, -0.194955957, 0.183934605, 0.255434236, -0.949051734, -0.179077148, -0.940673828, -0.287841797, -0.966414397, 0.22299007, -0.127243724, 0, 1, 5, 1, 
304.333492, 19, 0.1, 0.1, 0.0119088991, 0.370282139, -0.0349714229, 0.831002465, 4.57434406e-006, 0.556268733, 0.556268732, 1.58011052e-005, -0.831002465, -1.25909519e-005, 1, 1.05861928e-005, 0.83100253, -6.14258834e-007, 0.556268635, 0.556268635, 1.86119709e-005, -0.83100253, -9.84280498e-006, 1, 1.58082878e-005, 0, 0, 0, 0, 0, 0, 0, 0.291384326, -0.112230591, -0.223167041, -0.133898218, 0.744812266, -0.65358438, -0.91394043, 0.161987305, 0.371826172, 0.382837394, 0.647190991, 0.659186933, 0, -0, 0, 0, 0, 0, 0, 0.371953369, -0.0878108398, -0.194955957, 0.183934605, 0.255434236, -0.949051734, -0.179077148, -0.940673828, -0.287841797, -0.966414397, 0.22299007, -0.127243724, 0, 1, 5, 1, 
304.334207, 19, 0.1, 0.1, 0.0119088976, 0.370282146, -0.0349703741, 0.831002234, -4.07466755e-006, 0.556269078, 0.556269077, -3.09177599e-005, -0.831002234, 2.05846516e-005, 1, -2.3426116e-005, 0.831002267, -1.02334178e-006, 0.556269029, 0.556269028, -3.28181932e-005, -0.831002267, 1.91061438e-005, 0.999999999, -2.67027396e-005, 0, 0, 0, 0, 0, 0, 0, 0.291343066, -0.112248291, -0.223180591, -0.134653823, 0.744425476, -0.65384461, -0.91418457, 0.161010742, 0.371582031, 0.381968335, 0.647870213, 0.659104557, 0, -0, 0, 0, 0, 0, 0, 0.372189795, -0.0878098633, -0.19495791, 0.184202927, 0.255977078, -0.948853774, -0.177246094, -0.940917969, -0.288208008, -0.966631681, 0.221328728, -0.127959374, 0, 1, 5, 1, 
304.334905, 19, 0.1, 0.1, 0.011908899, 0.370282141, -0.0349691147, 0.831002105, -4.14123243e-006, 0.556269271, 0.556269271, 4.04104076e-005, -0.831002104, -1.90376951e-005, 0.999999999, 3.58847741e-005, 0.83100213, -3.58565319e-006, 0.556269233, 0.556269233, 3.38677503e-005, -0.83100213, -1.58599021e-005, 0.999999999, 3.01387612e-005, 0, 0, 0, 0, 0, 0, 0, 0.291343066, -0.112248291, -0.223180591, -0.134653823, 0.744425476, -0.65384461, -0.91418457, 0.161010742, 0.371582031, 0.381968335, 0.647870213, 0.659104557, 0, -0, 0, 0, 0, 0, 0, 0.372189795, -0.0878098633, -0.19495791, 0.184202927, 0.255977078, -0.948853774, -0.177246094, -0.940917969, -0.288208008, -0.966631681, 0.221328728, -0.127959374, 0, 1, 5, 1, 
304.335602, 19, 0.1, 0.1, 0.011908901, 0.370282137, -0.034968109, 0.831001949, -9.24260216e-007, 0.556269504, 0.556269504, -1.85369079e-005, -0.831001949, 1.10795786e-005, 1, -1.48900688e-005, 0.831001992, -7.00443903e-006, 0.55626944, 0.55626944, -8.21331356e-006, -0.831001992, 1.03895181e-005, 1, -2.92892456e-006, 0, 0, 0, 0, 0, 0, 0, 0.291343066, -0.112248291, -0.223180591, -0.134653823, 0.744425476, -0.65384461, -0.91418457, 0.161010742, 0.371582031, 0.381968335, 0.647870213, 0.659104557, 0, -0, 0, 0, 0, 0, 0, 0.372189795, -0.0878098633, -0.19495791, 0.184202927, 0.255977078, -0.948853774, -0.177246094, -0.940917969, -0.288208008, -0.966631681, 0.221328728, -0.127959374, 0, 1, 5, 1, 
304.3363, 19, 0.1, 0.1, 0.0119088982, 0.37028214, -0.0349676147, 0.831001667, -4.21014811e-006, 0.556269925, 0.556269925, 4.89197901e-006, -0.831001667, 7.77379304e-007, 1, 6.40722149e-006, 0.831001734, 5.43558938e-006, 0.556269826, 0.556269826, 3.72724508e-006, -0.831001734, -6.59033817e-006, 1, 7.36927603e-008, 0, 0, 0, 0, 0, 0, 0, 0.291343066, -0.112248291, -0.223180591, -0.134653823, 0.744425476, -0.65384461, -0.91418457, 0.161010742, 0.371582031, 0.381968335, 0.647870213, 0.659104557, 0, -0, 0, 0, 0, 0, 0, 0.372189795, -0.0878098633, -0.19495791, 0.184202927, 0.255977078, -0.948853774, -0.177246094, -0.940917969, -0.288208008, -0.966631681, 0.221328728, -0.127959374, 0, 1, 5, 1, 
304.337, 19, 0.1, 0.1, 0.0119088976, 0.370282142, -0.0349676971, 0.831001382, 5.49971202e-007, 0.556270351, 0.556270351, -1.52351533e-005, -0.831001382, 8.01783727e-006, 1, -1.29663662e-005, 0.831001428, 2.40522008e-006, 0.556270282, 0.556270282, -1.57974706e-005, -0.831001428, 6.78892212e-006, 1, -1.44656731e-005, 0, 0, 0, 0, 0, 0, 0, 0.291343066, -0.112248291, -0.223180591, -0.134653823, 0.744425476, -0.65384461, -0.91418457, 0.161010742, 0.371582031, 0.381968335, 0.647870213, 0.659104557, 0, -0, 0, 0, 0, 0, 0, 0.372189795, -0.0878098633, -0.19495791, 0.184202927, 0.255977078, -0.948853774, -0.177246094, -0.940917969, -0.288208008, -0.966631681, 0.221328728, -0.127959374, 0, 1, 5, 1, 
304.337698, 19, 0.1, 0.1, 0.0119088975, 0.370282139, -0.0349683261, 0.831001171, -3.66295982e-006, 0.556270666, 0.556270666, 8.08099546e-006, -0.831001171, -1.45129683e-006, 1, 8.75291379e-006, 0.831001213, -7.35161116e-007, 0.556270603, 0.556270603, 1.67226263e-005, -0.831001213, -8.69138562e-006, 1, 1.43054712e-005, 0, 0, 0, 0, 0, 0, 0, 0.291343066, -0.112248291, -0.223180591, -0.134653823, 0.744425476, -0.65384461, -0.91418457, 0.161010742, 0.371582031, 0.381968335, 0.647870213, 0.659104557, 0, -0, 0, 0, 0, 0, 0, 0.372189795, -0.0878098633, -0.19495791, 0.184202927, 0.255977078, -0.948853774, -0.177246094, -0.940917969, -0.288208008, -0.966631681, 0.221328728, -0.127959374, 0, 1, 5, 1, 
304.338415, 19, 0.1, 0.1, 0.0119089003, 0.370282141, -0.0349692053, 0.831000971, -5.59607219e-006, 0.556270964, 0.556270964, 8.96289348e-006, -0.831000971, -3.35455975e-007, 1, 1.05611057e-005, 0.831001012, -9.05336102e-006, 0.556270903, 0.556270903, -7.77096443e-006, -0.831001012, 1.18461136e-005, 1, -1.42155799e-006, 0, 0, 0, 0, 0, 0, 0, 0.291343066, -0.112248291, -0.223180591, -0.135904803, 0.744622427, -0.653507996, -0.914672852, 0.158813477, 0.371337891, 0.380312591, 0.648333386, 0.659669202, 0, -0, 0, 0, 0, 0, 0, 0.372189795, -0.0878098633, -0.19495791, 0.184202927, 0.255977078, -0.948853774, -0.177246094, -0.940917969, -0.288208008, -0.966631681, 0.221328728, -0.127959374, 0, 1, 5, 1, 
