time, trialNum, realDorsalTactorPos, realVentralTactorPos, boxPosX, boxPosY, boxPosZ, boxLocalRot_11, boxLocalRot_12, boxLocalRot_13, boxLocalRot_21, boxLocalRot_22, boxLocalRot_23, boxLocalRot_31, boxLocalRot_32, boxLocalRot_33, boxGlobalRot_11, boxGlobalRot_12, boxGlobalRot_13, boxGlobalRot_21, boxGlobalRot_22, boxGlobalRot_23, boxGlobalRot_31, boxGlobalRot_32, boxGlobalRot_33, indexForceX, indexForceY, indexForceZ, indexForceGlobalX, indexForceGlobalY, indexForceGlobalZ, indexContact, indexPosX, indexPosY, indexPosZ, indexRot_11, indexRot_12, indexRot_13, indexRot_21, indexRot_22, indexRot_23, indexRot_31, indexRot_32, indexRot_33, thumbForceX, thumbForceY, thumbForceZ, thumbForceGlobalX, thumbForceGlobalY, thumbForceGlobalZ, thumbContact, thumbPosX, thumbPosY, thumbPosZ, thumbRot_11, thumbRot_12, thumbRot_13, thumbRot_21, thumbRot_22, thumbRot_23, thumbRot_31, thumbRot_32, thumbRot_33, manipForceTooHigh, cceExpType, mapping, trialSuccess, 
389.413652, 22, 0.1, 0.1, 0.0366322166, 0.338790729, -0.0349645036, 0.949425058, -0.313993725, 9.53353033e-006, 0.313993725, 0.949425058, -8.21015217e-006, -6.47343632e-006, 1.07883929e-005, 1, 0.949425012, -0.313993863, -4.72160828e-006, 0.313993863, 0.949425012, 2.8890609e-006, 3.5756656e-006, -4.22550271e-006, 1, 0, 0, 0, 0, 0, 0, 0, 0.14279231, 0.219489917, 0.154884058, -0.195268362, 0.562892488, 0.803056147, -0.677978516, -0.669067383, 0.304199219, 0.708582046, -0.485018377, 0.512396662, 0, 0, 0, 0, 0, 0, 0, 0.205665283, 0.209766943, 0.0997595215, -0.425698909, 0.777385088, -0.462952558, 0.00463867188, -0.509643555, -0.860229492, -0.904800927, -0.368391052, 0.213397411, 0, 1, 5, 1, 
389.441716, 22, 0.1, 0.1, 0.0366322631, 0.338790712, -0.0349729414, 0.949443516, -0.313937906, 6.4112318e-007, 0.313937906, 0.949443516, 8.40430073e-006, -3.24713882e-006, -7.77813597e-006, 1, 0.94944345, -0.313938106, 9.11846012e-006, 0.313938106, 0.94944345, 2.48964046e-006, -9.43905525e-006, 4.98859272e-007, 1, 0, 0, 0, 0, 0, 0, 0, 0.146154541, 0.217181055, 0.143924951, -0.186395425, 0.620468647, 0.761667433, -0.678222656, -0.642089844, 0.357177734, 0.710760877, -0.450015224, 0.540580578, 0, -0, 0, 0, 0, 0, 0, 0.208856836, 0.20355, 0.090892041, -0.424542495, 0.757759974, -0.495393369, -0.0126953125, -0.552124023, -0.833618164, -0.905293096, -0.347500848, 0.244110218, 0, 1, 5, 1, 
389.442447, 22, 0.1, 0.1, 0.0366322668, 0.338790711, -0.0349669886, 0.94944379, -0.31393708, 6.11177008e-006, 0.31393708, 0.94944379, 3.01575091e-006, -6.74953818e-006, -9.44574723e-007, 1, 0.949443746, -0.313937214, -4.23569429e-006, 0.313937213, 0.949443746, -4.56253779e-006, 5.45390385e-006, 3.00213091e-006, 1, 0, 0, 0, 0, 0, 0, 0, 0.146536084, 0.21650625, 0.142456201, -0.187589117, 0.628772069, 0.754391448, -0.679199219, -0.637817383, 0.362792969, 0.709466836, -0.444409209, 0.546923843, 0, -0, 0, 0, 0, 0, 0, 0.209318213, 0.202672021, 0.0896665527, -0.424286932, 0.753996891, -0.501162676, -0.0125732422, -0.558227539, -0.829467773, -0.905388978, -0.345564252, 0.246449664, 0, 1, 5, 1, 
389.443152, 22, 0.1, 0.1, 0.0366322675, 0.338790712, -0.0349621113, 0.949443998, -0.31393645, -1.29537284e-005, 0.31393645, 0.949443998, -1.51601876e-005, 1.70581751e-005, 1.03271016e-005, 1, 0.94944396, -0.313936564, -7.44189954e-006, 0.313936564, 0.94944396, -1.12813411e-005, 1.0607292e-005, 8.37471683e-006, 1, 0, 0, 0, 0, 0, 0, 0, 0.146536084, 0.21650625, 0.142456201, -0.187589117, 0.628772069, 0.754391448, -0.679199219, -0.637817383, 0.362792969, 0.709466836, -0.444409209, 0.546923843, 0, -0, 0, 0, 0, 0, 0, 0.209318213, 0.202672021, 0.0896665527, -0.424286932, 0.753996891, -0.501162676, -0.0125732422, -0.558227539, -0.829467773, -0.905388978, -0.345564252, 0.246449664, 0, 1, 5, 1, 
389.443854, 22, 0.1, 0.1, 0.0366322681, 0.33879071, -0.0349597423, 0.949444213, -0.313935798, 1.42265299e-005, 0.313935798, 0.949444213, 9.32865749e-007, -1.38001565e-005, 3.58051304e-006, 1, 0.949444166, -0.313935942, 1.1475513e-005, 0.313935942, 0.949444166, 1.0821412e-005, -1.4292589e-005, -6.67175051e-006, 1, 0, 0, 0, 0, 0, 0, 0, 0.146536084, 0.21650625, 0.142456201, -0.187589117, 0.628772069, 0.754391448, -0.679199219, -0.637817383, 0.362792969, 0.709466836, -0.444409209, 0.546923843, 0, -0, 0, 0, 0, 0, 0, 0.209318213, 0.202672021, 0.0896665527, -0.424286932, 0.753996891, -0.501162676, -0.0125732422, -0.558227539, -0.829467773, -0.905388978, -0.345564252, 0.246449664, 0, 1, 5, 1, 
389.444549, 22, 0.1, 0.1, 0.0366322721, 0.338790708, -0.0349604213, 0.949444481, -0.31393499, -8.99380767e-006, 0.313934991, 0.949444481, 7.83904965e-006, 6.07816907e-006, -1.02662133e-005, 1, 0.949444425, -0.313935157, -1.76645253e-005, 0.313935158, 0.949444425, 8.27820513e-006, 1.41726655e-005, -1.34052113e-005, 1, 0, 0, 0, 0, 0, 0, 0, 0.146536084, 0.21650625, 0.142456201, -0.187589117, 0.628772069, 0.754391448, -0.679199219, -0.637817383, 0.362792969, 0.709466836, -0.444409209, 0.546923843, 0, -0, 0, 0, 0, 0, 0, 0.209318213, 0.202672021, 0.0896665527, -0.424286932, 0.753996891, -0.501162676, -0.0125732422, -0.558227539, -0.829467773, -0.905388978, -0.345564252, 0.246449664, 0, 1, 5, 1, 
389.445242, 22, 0.1, 0.1, 0.0366322699, 0.338790707, -0.0349637582, 0.949444737, -0.313934215, -3.5768748e-006, 0.313934215, 0.949444737, -5.49423454e-007, 3.56852778e-006, -6.01256176e-007, 1, 0.949444688, -0.313934362, 9.66514389e-006, 0.313934363, 0.949444688, 2.51880881e-007, -9.25559359e-006, 2.79507382e-006, 1, 0, 0, 0, 0, 0, 0, 0, 0.146536084, 0.21650625, 0.142456201, -0.187589117, 0.628772069, 0.754391448, -0.679199219, -0.637817383, 0.362792969, 0.709466836, -0.444409209, 0.546923843, 0, -0, 0, 0, 0, 0, 0, 0.209318213, 0.202672021, 0.0896665527, -0.424286932, 0.753996891, -0.501162676, -0.0125732422, -0.558227539, -0.829467773, -0.905388978, -0.345564252, 0.246449664, 0, 1, 5, 1, 
389.445938, 22, 0.1, 0.1, 0.036632271, 0.338790707, -0.0349686434, 0.949444958, -0.313933547, 1.30353545e-005, 0.313933547, 0.949444958, 3.43160862e-006, -1.34536486e-005, 8.34111564e-007, 1, 0.949444915, -0.313933676, 7.05901365e-006, 0.313933676, 0.949444915, 3.92081254e-006, -7.93301971e-006, -1.50653342e-006, 1, 0, 0, 0, 0, 0, 0, 0, 0.146536084, 0.21650625, 0.142456201, -0.187589117, 0.628772069, 0.754391448, -0.679199219, -0.637817383, 0.362792969, 0.709466836, -0.444409209, 0.546923843, 0, -0, 0, 0, 0, 0, 0, 0.209318213, 0.202672021, 0.0896665527, -0.424286932, 0.753996891, -0.501162676, -0.0125732422, -0.558227539, -0.829467773, -0.905388978, -0.345564252, 0.246449664, 0, 1, 5, 1, 
389.446632, 22, 0.1, 0.1, 0.0366322719, 0.338790706, -0.0349735242, 0.949445148, -0.313932971, -5.74648837e-006, 0.313932971, 0.949445148, -8.18909993e-006, 8.02680398e-006, 5.97108903e-006, 1, 0.949445115, -0.313933073, -7.61731147e-006, 0.313933073, 0.949445115, -1.89391148e-006, 7.82678062e-006, -5.93160994e-007, 1, 0, 0, 0, 0, 0, 0, 0, 0.146536084, 0.21650625, 0.142456201, -0.187589117, 0.628772069, 0.754391448, -0.679199219, -0.637817383, 0.362792969, 0.709466836, -0.444409209, 0.546923843, 0, -0, 0, 0, 0, 0, 0, 0.209318213, 0.202672021, 0.0896665527, -0.424286932, 0.753996891, -0.501162676, -0.0125732422, -0.558227539, -0.829467773, -0.905388978, -0.345564252, 0.246449664, 0, 1, 5, 1, 
389.447352, 22, 0.1, 0.1, 0.036632271, 0.338790705, -0.0349768458, 0.949445279, -0.313932575, 3.14527756e-006, 0.313932575, 0.949445279, 4.72321086e-006, -4.46903868e-006, -3.49702517e-006, 1, 0.949445259, -0.313932637, 7.21567097e-006, 0.313932637, 0.949445259, 7.82398145e-006, -9.30708772e-006, -5.16320747e-006, 1, 0, 0, 0, 0, 0, 0, 0, 0.147088892, 0.215691455, 0.139839624, -0.185570549, 0.638630884, 0.746632071, -0.678710937, -0.6328125, 0.372680664, 0.710506638, -0.43756644, 0.550995422, 0, -0, 0, 0, 0, 0, 0, 0.209959863, 0.201562744, 0.0880402344, -0.424810818, 0.749927206, -0.506906098, -0.0141601562, -0.565307617, -0.824584961, -0.905075813, -0.343046168, 0.250878457, 0, 1, 5, 1, 
389.44805, 22, 0.1, 0.1, 0.0366322738, 0.338790704, -0.0349776168, 0.949445381, -0.313932267, 4.9647365e-007, 0.313932267, 0.949445381, 7.28915767e-006, -2.7596764e-006, -6.76479799e-006, 1, 0.949445359, -0.313932335, -6.33996657e-006, 0.313932335, 0.949445359, 2.94733794e-006, 5.09418715e-006, -4.78865683e-006, 1, 0, 0, 0, 0, 0, 0, 0, 0.147088892, 0.215691455, 0.139839624, -0.185570549, 0.638630884, 0.746632071, -0.678710937, -0.6328125, 0.372680664, 0.710506638, -0.43756644, 0.550995422, 0, -0, 0, 0, 0, 0, 0, 0.209959863, 0.201562744, 0.0880402344, -0.424810818, 0.749927206, -0.506906098, -0.0141601562, -0.565307617, -0.824584961, -0.905075813, -0.343046168, 0.250878457, 0, 1, 5, 1, 
389.448748, 22, 0.1, 0.1, 0.0366322753, 0.338790704, -0.0349759744, 0.949445514, -0.313931865, -1.31507767e-005, 0.313931865, 0.949445514, 1.94092268e-006, 1.18766285e-005, -5.9712482e-006, 1, 0.949445484, -0.313931956, -7.3102009e-006, 0.313931956, 0.949445484, -3.06973462e-006, 7.90432502e-006, 6.19640008e-007, 1, 0, 0, 0, 0, 0, 0, 0, 0.147088892, 0.215691455, 0.139839624, -0.185570549, 0.638630884, 0.746632071, -0.678710937, -0.6328125, 0.372680664, 0.710506638, -0.43756644, 0.550995422, 0, -0, 0, 0, 0, 0, 0, 0.209959863, 0.201562744, 0.0880402344, -0.424810818, 0.749927206, -0.506906098, -0.0141601562, -0.565307617, -0.824584961, -0.905075813, -0.343046168, 0.250878457, 0, 1, 5, 1, 
389.449447, 22, 0.1, 0.1, 0.0366322761, 0.338790702, -0.0349725212, 0.949445662, -0.313931418, 8.22591515e-006, 0.313931418, 0.949445662, 2.0037526e-006, -8.43910034e-006, 6.79918993e-007, 1, 0.949445635, -0.3139315, 9.56049234e-006, 0.3139315, 0.949445635, -4.94484737e-007, -8.92193339e-006, 3.47082608e-006, 1, 0, 0, 0, 0, 0, 0, 0, 0.147088892, 0.215691455, 0.139839624, -0.185570549, 0.638630884, 0.746632071, -0.678710937, -0.6328125, 0.372680664, 0.710506638, -0.43756644, 0.550995422, 0, -0, 0, 0, 0, 0, 0, 0.209959863, 0.201562744, 0.0880402344, -0.424810818, 0.749927206, -0.506906098, -0.0141601562, -0.565307617, -0.824584961, -0.905075813, -0.343046168, 0.250878457, 0, 1, 5, 1, 
389.450156, 22, 0.1, 0.1, 0.0366322798, 0.338790702, -0.0349682729, 0.949445756, -0.313931132, -2.99790194e-006, 0.313931132, 0.949445756, -7.409635e-006, 5.17246038e-006, 6.09391176e-006, 1, 0.949445745, -0.313931167, -1.04507611e-005, 0.313931167, 0.949445745, -6.86047763e-006, 1.20761484e-005, 3.23283166e-006, 1, 0, 0, 0, 0, 0, 0, 0, 0.147088892, 0.215691455, 0.139839624, -0.185570549, 0.638630884, 0.746632071, -0.678710937, -0.6328125, 0.372680664, 0.710506638, -0.43756644, 0.550995422, 0, -0, 0, 0, 0, 0, 0, 0.210528662, 0.200326904, 0.0867644531, -0.422606633, 0.746969458, -0.513033414, -0.0140380859, -0.571289063, -0.82043457, -0.906194313, -0.339429274, 0.251952848, 0, 1, 5, 1, 
389.450852, 22, 0.1, 0.1, 0.0366322789, 0.3387907, -0.0349647323, 0.949445774, -0.313931078, -5.33988526e-006, 0.313931078, 0.949445774, -6.93771035e-006, 7.24789438e-006, 4.91062384e-006, 1, 0.949445774, -0.31393108, 3.82218772e-006, 0.31393108, 0.949445774, 6.20235012e-006, -5.57607045e-006, -4.68889159e-006, 1, 0, 0, 0, 0, 0, 0, 0, 0.147088892, 0.215691455, 0.139839624, -0.185570549, 0.638630884, 0.746632071, -0.678710937, -0.6328125, 0.372680664, 0.710506638, -0.43756644, 0.550995422, 0, -0, 0, 0, 0, 0, 0, 0.210528662, 0.200326904, 0.0867644531, -0.422606633, 0.746969458, -0.513033414, -0.0140380859, -0.571289063, -0.82043457, -0.906194313, -0.339429274, 0.251952848, 0, 1, 5, 1, 
389.451549, 22, 0.1, 0.1, 0.0366322804, 0.338790699, -0.034962868, 0.9494458, -0.313931001, 1.32313862e-005, 0.313931, 0.9494458, 7.63823612e-006, -1.49603631e-005, -3.09834891e-006, 1, 0.949445789, -0.313931034, 5.78827575e-006, 0.313931034, 0.949445789, 9.37691985e-006, -8.43936018e-006, -7.08575767e-006, 1, 0, 0, 0, 0, 0, 0, 0, 0.147088892, 0.215691455, 0.139839624, -0.185570549, 0.638630884, 0.746632071, -0.678710937, -0.6328125, 0.372680664, 0.710506638, -0.43756644, 0.550995422, 0, -0, 0, 0, 0, 0, 0, 0.210528662, 0.200326904, 0.0867644531, -0.422606633, 0.746969458, -0.513033414, -0.0140380859, -0.571289063, -0.82043457, -0.906194313, -0.339429274, 0.251952848, 0, 1, 5, 1, 
389.452259, 22, 0.1, 0.1, 0.036632282, 0.3387907, -0.0349629712, 0.9494459, -0.313930698, -1.51515512e-005, 0.313930698, 0.9494459, 1.97200479e-006, 1.37665053e-005, -6.62884889e-006, 1, 0.949445876, -0.313930771, -1.48102743e-005, 0.313930771, 0.949445876, -1.23054049e-006, 1.44478583e-005, -3.48106922e-006, 1, 0, 0, 0, 0, 0, 0, 0, 0.14722959, 0.215438232, 0.137886304, -0.191573833, 0.646174953, 0.738544314, -0.676635742, -0.632080078, 0.377563477, 0.710839505, -0.427390845, 0.558455993, 0, -0, 0, 0, 0, 0, 0, 0.210528662, 0.200326904, 0.0867644531, -0.422606633, 0.746969458, -0.513033414, -0.0140380859, -0.571289063, -0.82043457, -0.906194313, -0.339429274, 0.251952848, 0, 1, 5, 1, 
389.452956, 22, 0.1, 0.1, 0.0366322802, 0.3387907, -0.0349649665, 0.949446019, -0.313930337, 5.5819531e-006, 0.313930337, 0.949446019, 5.26984164e-006, -6.95412632e-006, -3.25108575e-006, 1, 0.949445998, -0.313930402, 1.49662387e-005, 0.313930402, 0.949445998, -1.54489543e-006, -1.37246458e-005, 6.16515213e-006, 1, 0, 0, 0, 0, 0, 0, 0, 0.14722959, 0.215438232, 0.137886304, -0.191573833, 0.646174953, 0.738544314, -0.676635742, -0.632080078, 0.377563477, 0.710839505, -0.427390845, 0.558455993, 0, -0, 0, 0, 0, 0, 0, 0.210528662, 0.200326904, 0.0867644531, -0.422606633, 0.746969458, -0.513033414, -0.0140380859, -0.571289063, -0.82043457, -0.906194313, -0.339429274, 0.251952848, 0, 1, 5, 1, 
389.453661, 22, 0.1, 0.1, 0.0366322826, 0.3387907, -0.034968197, 0.949446067, -0.313930192, 8.22337178e-006, 0.313930192, 0.949446067, -3.242786e-006, -6.78963956e-006, 5.66041509e-006, 1, 0.949446063, -0.313930204, -2.28380105e-006, 0.313930204, 0.949446063, -1.01560286e-005, 5.35663004e-006, 8.92564725e-006, 1, 0, 0, 0, 0, 0, 0, 0, 0.14722959, 0.215438232, 0.137886304, -0.191573833, 0.646174953, 0.738544314, -0.676635742, -0.632080078, 0.377563477, 0.710839505, -0.427390845, 0.558455993, 0, -0, 0, 0, 0, 0, 0, 0.210528662, 0.200326904, 0.0867644531, -0.422606633, 0.746969458, -0.513033414, -0.0140380859, -0.571289063, -0.82043457, -0.906194313, -0.339429274, 0.251952848, 0, 1, 5, 1, 
389.454377, 22, 0.1, 0.1, 0.0366322826, 0.338790699, -0.0349714785, 0.949446055, -0.31393023, -8.00701479e-006, 0.31393023, 0.949446055, -1.00459162e-005, 1.07559454e-005, 7.02441147e-006, 1, 0.949446058, -0.313930221, -3.30682238e-006, 0.313930221, 0.949446058, -5.78727786e-006, 4.95645089e-006, 4.45659667e-006, 1, 0, 0, 0, 0, 0, 0, 0, 0.14722959, 0.215438232, 0.137886304, -0.195693343, 0.65494267, 0.729847729, -0.677368164, -0.628295898, 0.382324219, 0.709020132, -0.419633712, 0.566754545, 0, -0, 0, 0, 0, 0, 0, 0.210528662, 0.200326904, 0.0867644531, -0.422606633, 0.746969458, -0.513033414, -0.0140380859, -0.571289063, -0.82043457, -0.906194313, -0.339429274, 0.251952848, 0, 1, 5, 1, 
389.455093, 22, 0.1, 0.1, 0.0366322833, 0.338790699, -0.0349735982, 0.949446066, -0.313930196, 9.19532139e-006, 0.313930197, 0.949446066, -1.59776742e-006, -8.22887428e-006, 4.40368304e-006, 1, 0.949446059, -0.313930217, 7.36286646e-006, 0.313930217, 0.949446059, 5.30087252e-006, -8.6547486e-006, -2.72146626e-006, 1, 0, 0, 0, 0, 0, 0, 0, 0.14746001, 0.214570459, 0.136127661, -0.195693343, 0.65494267, 0.729847729, -0.677368164, -0.628295898, 0.382324219, 0.709020132, -0.419633712, 0.566754545, 0, -0, 0, 0, 0, 0, 0, 0.211322412, 0.199281104, 0.0856638184, -0.420415207, 0.743526104, -0.519901899, -0.0135498047, -0.57800293, -0.815795898, -0.907191412, -0.335863418, 0.253072082, 0, 1, 5, 1, 
389.455792, 22, 0.1, 0.1, 0.0366322861, 0.338790699, -0.0349743116, 0.949446129, -0.313930004, -5.59775162e-006, 0.313930004, 0.949446129, 9.04416395e-007, 5.03084017e-006, -2.61599683e-006, 1, 0.949446114, -0.313930049, -1.12712268e-005, 0.313930049, 0.949446115, 1.53864632e-006, 1.02183952e-005, -4.99923855e-006, 1, 0, 0, 0, 0, 0, 0, 0, 0.14746001, 0.214570459, 0.136127661, -0.195693343, 0.65494267, 0.729847729, -0.677368164, -0.628295898, 0.382324219, 0.709020132, -0.419633712, 0.566754545, 0, -0, 0, 0, 0, 0, 0, 0.211322412, 0.199281104, 0.0856638184, -0.420415207, 0.743526104, -0.519901899, -0.0135498047, -0.57800293, -0.815795898, -0.907191412, -0.335863418, 0.253072082, 0, 1, 5, 1, 
389.456489, 22, 0.1, 0.1, 0.0366322854, 0.338790698, -0.0349735768, 0.949446194, -0.313929809, -6.80356092e-006, 0.313929809, 0.949446194, 3.06391724e-006, 5.49776007e-006, -5.04486514e-006, 1, 0.949446185, -0.313929835, 2.88930395e-006, 0.313929835, 0.949446185, 4.14784344e-006, -4.04537042e-006, -3.03111542e-006, 1, 0, 0, 0, 0, 0, 0, 0, 0.14746001, 0.214570459, 0.136127661, -0.195693343, 0.65494267, 0.729847729, -0.677368164, -0.628295898, 0.382324219, 0.709020132, -0.419633712, 0.566754545, 0, -0, 0, 0, 0, 0, 0, 0.211322412, 0.199281104, 0.0856638184, -0.420415207, 0.743526104, -0.519901899, -0.0135498047, -0.57800293, -0.815795898, -0.907191412, -0.335863418, 0.253072082, 0, 1, 5, 1, 
389.457187, 22, 0.1, 0.1, 0.0366322863, 0.338790698, -0.0349717066, 0.949446199, -0.313929792, 9.91017313e-006, 0.313929792, 0.949446199, 7.13929466e-006, -1.16504135e-005, -3.66727759e-006, 1, 0.949446204, -0.313929778, 7.84496189e-006, 0.313929778, 0.949446204, -1.70048262e-006, -6.91453716e-006, 4.07728391e-006, 1, 0, 0, 0, 0, 0, 0, 0, 0.14746001, 0.214570459, 0.136127661, -0.195693343, 0.65494267, 0.729847729, -0.677368164, -0.628295898, 0.382324219, 0.709020132, -0.419633712, 0.566754545, 0, -0, 0, 0, 0, 0, 0, 0.211322412, 0.199281104, 0.0856638184, -0.420415207, 0.743526104, -0.519901899, -0.0135498047, -0.57800293, -0.815795898, -0.907191412, -0.335863418, 0.253072082, 0, 1, 5, 1, 
389.457893, 22, 0.1, 0.1, 0.0366322879, 0.338790698, -0.0349692652, 0.949446168, -0.313929888, -9.30079123e-006, 0.313929888, 0.949446168, -6.96602975e-006, 1.10174455e-005, 3.6940739e-006, 1, 0.949446173, -0.313929872, -8.92593949e-006, 0.313929871, 0.949446173, -1.01679889e-005, 1.16667345e-005, 6.85183913e-006, 1, 0, 0, 0, 0, 0, 0, 0, 0.14746001, 0.214570459, 0.136127661, -0.195693343, 0.65494267, 0.729847729, -0.677368164, -0.628295898, 0.382324219, 0.709020132, -0.419633712, 0.566754545, 0, -0, 0, 0, 0, 0, 0, 0.211322412, 0.199281104, 0.0856638184, -0.420415207, 0.743526104, -0.519901899, -0.0135498047, -0.57800293, -0.815795898, -0.907191412, -0.335863418, 0.253072082, 0, 1, 5, 1, 
389.458594, 22, 0.1, 0.1, 0.0366322867, 0.338790697, -0.0349670165, 0.949446179, -0.313929855, 7.32282281e-006, 0.313929855, 0.949446179, -5.97815571e-006, -5.07590458e-006, 7.9747898e-006, 1, 0.949446171, -0.313929879, 1.2831334e-005, 0.313929879, 0.949446171, -1.1371356e-006, -1.182568e-005, 5.10778816e-006, 1, 0, 0, 0, 0, 0, 0, 0, 0.14746001, 0.214570459, 0.136127661, -0.195693343, 0.65494267, 0.729847729, -0.677368164, -0.628295898, 0.382324219, 0.709020132, -0.419633712, 0.566754545, 0, -0, 0, 0, 0, 0, 0, 0.211322412, 0.199281104, 0.0856638184, -0.420415207, 0.743526104, -0.519901899, -0.0135498047, -0.57800293, -0.815795898, -0.907191412, -0.335863418, 0.253072082, 0, 1, 5, 1, 
389.45932, 22, 0.1, 0.1, 0.0366322895, 0.338790697, -0.0349654752, 0.949446257, -0.313929617, 1.11127494e-005, 0.313929617, 0.949446257, -3.34393854e-006, -9.50119698e-006, 6.6635111e-006, 1, 0.949446238, -0.313929675, -5.63683795e-006, 0.313929675, 0.949446238, 1.9399651e-006, 4.74286197e-006, -3.61146327e-006, 1, 0, 0, 0, 0, 0, 0, 0, 0.148075415, 0.213527417, 0.133223267, -0.196803538, 0.664561472, 0.720731032, -0.676269531, -0.624145508, 0.390991211, 0.709813929, -0.410404683, 0.572400614, 0, -0, 0, 0, 0, 0, 0, 0.211322412, 0.199281104, 0.0856638184, -0.420172404, 0.739756824, -0.525351478, -0.0153808594, -0.584594727, -0.811035156, -0.907165893, -0.332700047, 0.257040789, 0, 1, 5, 1, 
389.460022, 22, 0.1, 0.1, 0.0366322888, 0.338790696, -0.0349649797, 0.949446315, -0.313929442, -1.17295785e-005, 0.313929442, 0.949446315, -1.59801927e-006, 1.16382703e-005, -2.16502652e-006, 1, 0.94944631, -0.313929457, -6.87115911e-006, 0.313929457, 0.94944631, 3.82536336e-006, 5.32290242e-006, -5.78903638e-006, 1, 0, 0, 0, 0, 0, 0, 0, 0.148075415, 0.213527417, 0.133223267, -0.196803538, 0.664561472, 0.720731032, -0.676269531, -0.624145508, 0.390991211, 0.709813929, -0.410404683, 0.572400614, 0, -0, 0, 0, 0, 0, 0, 0.21200874, 0.198205273, 0.0836007813, -0.420172404, 0.739756824, -0.525351478, -0.0153808594, -0.584594727, -0.811035156, -0.907165893, -0.332700047, 0.257040789, 0, 1, 5, 1, 
389.460721, 22, 0.1, 0.1, 0.0366322881, 0.338790696, -0.0349658637, 0.949446294, -0.313929505, 1.00209519e-005, 0.313929504, 0.949446295, 8.80917472e-006, -1.22798155e-005, -5.21796585e-006, 1, 0.949446304, -0.313929476, 1.17872011e-005, 0.313929476, 0.949446304, 6.21516977e-006, -1.31424395e-005, -2.2006201e-006, 1, 0, 0, 0, 0, 0, 0, 0, 0.148075415, 0.213527417, 0.133223267, -0.196803538, 0.664561472, 0.720731032, -0.676269531, -0.624145508, 0.390991211, 0.709813929, -0.410404683, 0.572400614, 0, -0, 0, 0, 0, 0, 0, 0.21200874, 0.198205273, 0.0836007813, -0.420172404, 0.739756824, -0.525351478, -0.0153808594, -0.584594727, -0.811035156, -0.907165893, -0.332700047, 0.257040789, 0, 1, 5, 1, 
389.461415, 22, 0.1, 0.1, 0.0366322909, 0.338790698, -0.0349677578, 0.949446247, -0.313929649, -7.93673662e-006, 0.313929649, 0.949446247, -4.63432318e-007, 7.68098994e-006, -2.05157287e-006, 1, 0.949446254, -0.313929626, -1.09561532e-005, 0.313929626, 0.949446254, -1.03734599e-005, 1.3658815e-005, 6.40958153e-006, 1, 0, 0, 0, 0, 0, 0, 0, 0.148075415, 0.213527417, 0.133223267, -0.196803538, 0.664561472, 0.720731032, -0.676269531, -0.624145508, 0.390991211, 0.709813929, -0.410404683, 0.572400614, 0, -0, 0, 0, 0, 0, 0, 0.21200874, 0.198205273, 0.0836007813, -0.420172404, 0.739756824, -0.525351478, -0.0153808594, -0.584594727, -0.811035156, -0.907165893, -0.332700047, 0.257040789, 0, 1, 5, 1, 
389.462115, 22, 0.1, 0.1, 0.0366322902, 0.338790698, -0.0349700656, 0.949446257, -0.313929618, -5.00107829e-006, 0.313929618, 0.949446257, -8.16288818e-006, 7.31082743e-006, 6.18023703e-006, 1, 0.94944625, -0.313929639, 6.16686173e-006, 0.313929639, 0.94944625, -7.63844266e-006, -3.4571702e-006, 9.18825142e-006, 1, 0, 0, 0, 0, 0, 0, 0, 0.148075415, 0.213527417, 0.133223267, -0.196803538, 0.664561472, 0.720731032, -0.676269531, -0.624145508, 0.390991211, 0.709813929, -0.410404683, 0.572400614, 0, -0, 0, 0, 0, 0, 0, 0.21200874, 0.198205273, 0.0836007813, -0.420172404, 0.739756824, -0.525351478, -0.0153808594, -0.584594727, -0.811035156, -0.907165893, -0.332700047, 0.257040789, 0, 1, 5, 1, 
389.46281, 22, 0.1, 0.1, 0.0366322919, 0.338790698, -0.0349720873, 0.949446316, -0.313929439, 1.16295626e-005, 0.313929439, 0.949446316, -3.8650839e-006, -9.82828173e-006, 7.32055173e-006, 1, 0.949446305, -0.313929474, 6.01257964e-006, 0.313929474, 0.949446305, -3.57748583e-006, -4.58554327e-006, 5.28415667e-006, 1, 0, 0, 0, 0, 0, 0, 0, 0.148075415, 0.213527417, 0.133223267, -0.196803538, 0.664561472, 0.720731032, -0.676269531, -0.624145508, 0.390991211, 0.709813929, -0.410404683, 0.572400614, 0, -0, 0, 0, 0, 0, 0, 0.21200874, 0.198205273, 0.0836007813, -0.420172404, 0.739756824, -0.525351478, -0.0153808594, -0.584594727, -0.811035156, -0.907165893, -0.332700047, 0.257040789, 0, 1, 5, 1, 
389.463502, 22, 0.1, 0.1, 0.0366322932, 0.338790697, -0.0349732736, 0.949446346, -0.313929349, -6.69703574e-006, 0.313929349, 0.949446346, -6.57515342e-006, 8.42260974e-006, 4.14035932e-006, 1, 0.949446345, -0.313929352, -9.43301071e-006, 0.313929352, 0.949446345, -1.7307835e-007, 9.01047191e-006, -2.79697033e-006, 1, 0, 0, 0, 0, 0, 0, 0, 0.148075415, 0.213527417, 0.133223267, -0.196803538, 0.664561472, 0.720731032, -0.676269531, -0.624145508, 0.390991211, 0.709813929, -0.410404683, 0.572400614, 0, -0, 0, 0, 0, 0, 0, 0.21200874, 0.198205273, 0.0836007813, -0.420172404, 0.739756824, -0.525351478, -0.0153808594, -0.584594727, -0.811035156, -0.907165893, -0.332700047, 0.257040789, 0, 1, 5, 1, 
389.46423, 22, 0.1, 0.1, 0.0366322919, 0.338790695, -0.0349731431, 0.949446316, -0.31392944, 3.68941901e-006, 0.31392944, 0.949446316, 5.82629917e-006, -5.33195212e-006, -4.37354104e-006, 1, 0.949446325, -0.313929411, 8.52428138e-006, 0.313929411, 0.949446325, 1.02122454e-005, -1.12992718e-005, -7.01995626e-006, 1, 0, 0, 0, 0, 0, 0, 0, 0.148177539, 0.213065112, 0.13099104, -0.203524235, 0.672340684, 0.711513985, -0.674682617, -0.622924805, 0.395874023, 0.709518872, -0.399524779, 0.580534415, 0, -0, 0, 0, 0, 0, 0, 0.21200874, 0.198205273, 0.0836007813, -0.418223782, 0.736268627, -0.531645038, -0.0140380859, -0.590454102, -0.806762695, -0.908188511, -0.32987536, 0.257361251, 0, 1, 5, 1, 
389.464927, 22, 0.1, 0.1, 0.0366322942, 0.338790695, -0.0349717733, 0.94944628, -0.313929547, 3.53022125e-006, 0.313929547, 0.94944628, 9.04359746e-006, -6.19080789e-006, -7.47816921e-006, 1, 0.949446283, -0.313929539, -5.43111878e-006, 0.313929539, 0.949446283, 3.89222803e-006, 3.93467019e-006, -5.40045005e-006, 1, 0, 0, 0, 0, 0, 0, 0, 0.148177539, 0.213065112, 0.13099104, -0.203524235, 0.672340684, 0.711513985, -0.674682617, -0.622924805, 0.395874023, 0.709518872, -0.399524779, 0.580534415, 0, -0, 0, 0, 0, 0, 0, 0.212562646, 0.197140918, 0.0820749023, -0.418223782, 0.736268627, -0.531645038, -0.0140380859, -0.590454102, -0.806762695, -0.908188511, -0.32987536, 0.257361251, 0, 1, 5, 1, 
389.465623, 22, 0.1, 0.1, 0.0366322945, 0.338790695, -0.0349698609, 0.949446305, -0.313929473, -1.29062715e-005, 0.313929473, 0.949446305, 7.10334986e-007, 1.20308167e-005, -4.72608394e-006, 1, 0.949446294, -0.313929507, -5.47217996e-006, 0.313929507, 0.949446294, -5.36495523e-006, 6.87975873e-006, 3.3758581e-006, 1, 0, 0, 0, 0, 0, 0, 0, 0.148177539, 0.213065112, 0.13099104, -0.203524235, 0.672340684, 0.711513985, -0.674682617, -0.622924805, 0.395874023, 0.709518872, -0.399524779, 0.580534415, 0, -0, 0, 0, 0, 0, 0, 0.212562646, 0.197140918, 0.0820749023, -0.418223782, 0.736268627, -0.531645038, -0.0140380859, -0.590454102, -0.806762695, -0.908188511, -0.32987536, 0.257361251, 0, 1, 5, 1, 
389.466317, 22, 0.1, 0.1, 0.0366322942, 0.338790694, -0.0349680236, 0.949446364, -0.313929294, 1.22297055e-005, 0.313929294, 0.949446364, -2.98726254e-007, -1.15176705e-005, 4.12288736e-006, 1, 0.949446353, -0.313929326, 1.36927267e-005, 0.313929326, 0.949446353, -2.92699463e-006, -1.208164e-005, 7.07757286e-006, 1, 0, 0, 0, 0, 0, 0, 0, 0.148177539, 0.213065112, 0.13099104, -0.203524235, 0.672340684, 0.711513985, -0.674682617, -0.622924805, 0.395874023, 0.709518872, -0.399524779, 0.580534415, 0, -0, 0, 0, 0, 0, 0, 0.212562646, 0.197140918, 0.0820749023, -0.418223782, 0.736268627, -0.531645038, -0.0140380859, -0.590454102, -0.806762695, -0.908188511, -0.32987536, 0.257361251, 0, 1, 5, 1, 
389.467038, 22, 0.1, 0.1, 0.0366322976, 0.338790694, -0.0349664337, 0.949446377, -0.313929254, -3.2002352e-006, 0.313929254, 0.949446377, -9.56592729e-006, 6.04147614e-006, 8.07768756e-006, 1, 0.949446381, -0.313929243, -1.075799e-005, 0.313929243, 0.949446381, -8.96756508e-006, 1.30293156e-005, 5.13697457e-006, 1, 0, 0, 0, 0, 0, 0, 0, 0.148606787, 0.211969214, 0.128746606, -0.208126015, 0.680937659, 0.702055803, -0.675048828, -0.619384766, 0.400634766, 0.707775884, -0.390504684, 0.588706408, 0, -0, 0, 0, 0, 0, 0, 0.213624316, 0.196116846, 0.0805092285, -0.415265668, 0.733029797, -0.538558366, -0.0133056641, -0.596801758, -0.802124023, -0.909473256, -0.32591978, 0.257739315, 0, 1, 5, 1, 
389.467735, 22, 0.1, 0.1, 0.0366322964, 0.338790693, -0.0349659149, 0.949446322, -0.313929422, -4.56508434e-006, 0.313929422, 0.949446322, -7.24653988e-006, 6.60920462e-006, 5.44708634e-006, 1, 0.949446335, -0.313929382, 4.48519949e-006, 0.313929382, 0.949446335, 5.49835011e-006, -5.98454987e-006, -3.81235245e-006, 1, 0, 0, 0, 0, 0, 0, 0, 0.148606787, 0.211969214, 0.128746606, -0.208126015, 0.680937659, 0.702055803, -0.675048828, -0.619384766, 0.400634766, 0.707775884, -0.390504684, 0.588706408, 0, -0, 0, 0, 0, 0, 0, 0.213624316, 0.196116846, 0.0805092285, -0.415265668, 0.733029797, -0.538558366, -0.0133056641, -0.596801758, -0.802124023, -0.909473256, -0.32591978, 0.257739315, 0, 1, 5, 1, 
389.468431, 22, 0.1, 0.1, 0.0366322977, 0.338790693, -0.0349665056, 0.949446281, -0.313929544, 1.14745915e-005, 0.313929544, 0.949446281, 6.77358265e-006, -1.3020936e-005, -2.82893957e-006, 1, 0.949446283, -0.313929538, 4.8665245e-006, 0.313929538, 0.949446283, 8.07637845e-006, -7.15591736e-006, -6.14034171e-006, 1, 0, 0, 0, 0, 0, 0, 0, 0.148606787, 0.211969214, 0.128746606, -0.208126015, 0.680937659, 0.702055803, -0.675048828, -0.619384766, 0.400634766, 0.707775884, -0.390504684, 0.588706408, 0, -0, 0, 0, 0, 0, 0, 0.213624316, 0.196116846, 0.0805092285, -0.415265668, 0.733029797, -0.538558366, -0.0133056641, -0.596801758, -0.802124023, -0.909473256, -0.32591978, 0.257739315, 0, 1, 5, 1, 
389.469145, 22, 0.1, 0.1, 0.0366322989, 0.338790693, -0.0349678129, 0.949446314, -0.313929445, -1.25763606e-005, 0.313929445, 0.949446314, 1.68316303e-006, 1.14121847e-005, -5.54616282e-006, 1, 0.949446303, -0.313929479, -1.22342145e-005, 0.313929479, 0.949446303, -1.21557088e-006, 1.19973332e-005, -2.6865613e-006, 1, 0, 0, 0, 0, 0, 0, 0, 0.148606787, 0.211969214, 0.128746606, -0.208126015, 0.680937659, 0.702055803, -0.675048828, -0.619384766, 0.400634766, 0.707775884, -0.390504684, 0.588706408, 0, -0, 0, 0, 0, 0, 0, 0.213624316, 0.196116846, 0.0805092285, -0.415265668, 0.733029797, -0.538558366, -0.0133056641, -0.596801758, -0.802124023, -0.909473256, -0.32591978, 0.257739315, 0, 1, 5, 1, 
389.469838, 22, 0.1, 0.1, 0.0366322972, 0.338790693, -0.034969527, 0.949446371, -0.313929274, 5.1385721e-006, 0.313929274, 0.949446371, 4.91999168e-006, -6.42332805e-006, -3.05812004e-006, 1, 0.949446361, -0.313929302, 1.31265598e-005, 0.313929302, 0.949446362, -9.03369386e-007, -1.21793703e-005, 4.97851253e-006, 1, 0, 0, 0, 0, 0, 0, 0, 0.148606787, 0.211969214, 0.128746606, -0.208126015, 0.680937659, 0.702055803, -0.675048828, -0.619384766, 0.400634766, 0.707775884, -0.390504684, 0.588706408, 0, -0, 0, 0, 0, 0, 0, 0.213624316, 0.196116846, 0.0805092285, -0.415265668, 0.733029797, -0.538558366, -0.0133056641, -0.596801758, -0.802124023, -0.909473256, -0.32591978, 0.257739315, 0, 1, 5, 1, 
389.470535, 22, 0.1, 0.1, 0.0366322992, 0.338790693, -0.0349711606, 0.949446371, -0.313929273, 7.42628054e-006, 0.313929273, 0.949446371, -2.44373023e-006, -6.28369665e-006, 4.65151764e-006, 1, 0.949446376, -0.313929258, -1.52038795e-006, 0.313929258, 0.949446376, -8.47397422e-006, 4.10375527e-006, 7.56828985e-006, 1, 0, 0, 0, 0, 0, 0, 0, 0.148606787, 0.211969214, 0.128746606, -0.208126015, 0.680937659, 0.702055803, -0.675048828, -0.619384766, 0.400634766, 0.707775884, -0.390504684, 0.588706408, 0, -0, 0, 0, 0, 0, 0, 0.213624316, 0.196116846, 0.0805092285, -0.415265668, 0.733029797, -0.538558366, -0.0133056641, -0.596801758, -0.802124023, -0.909473256, -0.32591978, 0.257739315, 0, 1, 5, 1, 
389.471247, 22, 0.1, 0.1, 0.0366322993, 0.338790693, -0.0349721823, 0.949446322, -0.313929422, -8.56380628e-006, 0.313929422, 0.949446322, -9.68209752e-006, 1.11703697e-005, 6.50420111e-006, 1, 0.949446332, -0.313929391, -4.08038474e-006, 0.313929391, 0.949446332, -5.65359054e-006, 5.64893457e-006, 4.08682811e-006, 1, 0, 0, 0, 0, 0, 0, 0, 0.148606787, 0.211969214, 0.128746606, -0.211572295, 0.690309335, 0.691842017, -0.674682617, -0.615234375, 0.407592773, 0.707085801, -0.380494962, 0.596009342, 0, -0, 0, 0, 0, 0, 0, 0.213624316, 0.196116846, 0.0805092285, -0.415265668, 0.733029797, -0.538558366, -0.0133056641, -0.596801758, -0.802124023, -0.909473256, -0.32591978, 0.257739315, 0, 1, 5, 1, 
389.471957, 22, 0.1, 0.1, 0.0366322998, 0.338790692, -0.0349720745, 0.949446301, -0.313929486, 9.72115899e-006, 0.313929486, 0.949446301, -1.39536079e-006, -8.79167354e-006, 4.37657858e-006, 1, 0.9494463, -0.313929489, 7.84762503e-006, 0.313929489, 0.9494463, 5.99346905e-006, -9.33242522e-006, -3.2268761e-006, 1, 0, 0, 0, 0, 0, 0, 0, 0.149321533, 0.21113916, 0.126014429, -0.211572295, 0.690309335, 0.691842017, -0.674682617, -0.615234375, 0.407592773, 0.707085801, -0.380494962, 0.596009342, 0, -0, 0, 0, 0, 0, 0, 0.214424658, 0.194839746, 0.0787439941, -0.412940081, 0.72927984, -0.545465131, -0.0134277344, -0.603637695, -0.79699707, -0.910578997, -0.321772436, 0.259222753, 0, 1, 5, 1, 
389.472657, 22, 0.1, 0.1, 0.0366323026, 0.338790692, -0.0349712414, 0.94944634, -0.313929366, -5.47179042e-006, 0.313929366, 0.94944634, 1.42827088e-006, 4.74679522e-006, -3.07382225e-006, 1, 0.949446329, -0.3139294, -1.22903551e-005, 0.3139294, 0.949446329, 2.19235254e-006, 1.09807887e-005, -5.93982488e-006, 1, 0, 0, 0, 0, 0, 0, 0, 0.149321533, 0.21113916, 0.126014429, -0.211572295, 0.690309335, 0.691842017, -0.674682617, -0.615234375, 0.407592773, 0.707085801, -0.380494962, 0.596009342, 0, -0, 0, 0, 0, 0, 0, 0.214424658, 0.194839746, 0.0787439941, -0.412940081, 0.72927984, -0.545465131, -0.0134277344, -0.603637695, -0.79699707, -0.910578997, -0.321772436, 0.259222753, 0, 1, 5, 1, 
389.473356, 22, 0.1, 0.1, 0.0366323012, 0.338790691, -0.0349699028, 0.949446385, -0.313929231, -7.00915905e-006, 0.313929231, 0.949446385, 3.8397937e-006, 5.44939723e-006, -5.84605816e-006, 1, 0.949446381, -0.313929244, 4.00247398e-006, 0.313929244, 0.949446381, 5.095534e-006, -5.39977157e-006, -3.58144268e-006, 1, 0, 0, 0, 0, 0, 0, 0, 0.149321533, 0.21113916, 0.126014429, -0.211572295, 0.690309335, 0.691842017, -0.674682617, -0.615234375, 0.407592773, 0.707085801, -0.380494962, 0.596009342, 0, -0, 0, 0, 0, 0, 0, 0.214424658, 0.194839746, 0.0787439941, -0.412940081, 0.72927984, -0.545465131, -0.0134277344, -0.603637695, -0.79699707, -0.910578997, -0.321772436, 0.259222753, 0, 1, 5, 1, 
389.474053, 22, 0.1, 0.1, 0.036632302, 0.338790692, -0.0349685565, 0.949446365, -0.31392929, 1.07699232e-005, 0.31392929, 0.949446365, 6.92337513e-006, -1.23989147e-005, -3.19237902e-006, 1, 0.949446376, -0.313929259, 8.52883161e-006, 0.313929259, 0.949446376, -2.76878603e-006, -7.22846531e-006, 5.30626365e-006, 1, 0, 0, 0, 0, 0, 0, 0, 0.149321533, 0.21113916, 0.126014429, -0.211572295, 0.690309335, 0.691842017, -0.674682617, -0.615234375, 0.407592773, 0.707085801, -0.380494962, 0.596009342, 0, -0, 0, 0, 0, 0, 0, 0.214424658, 0.194839746, 0.0787439941, -0.412940081, 0.72927984, -0.545465131, -0.0134277344, -0.603637695, -0.79699707, -0.910578997, -0.321772436, 0.259222753, 0, 1, 5, 1, 
389.474752, 22, 0.1, 0.1, 0.0366323035, 0.338790692, -0.0349675937, 0.949446308, -0.313929464, -1.02990648e-005, 0.313929464, 0.949446308, -8.85404119e-006, 1.25579535e-005, 5.17325682e-006, 1, 0.949446318, -0.313929433, -9.72234308e-006, 0.313929433, 0.949446318, -1.19521883e-005, 1.29829865e-005, 8.29583157e-006, 1, 0, 0, 0, 0, 0, 0, 0, 0.149321533, 0.21113916, 0.126014429, -0.211572295, 0.690309335, 0.691842017, -0.674682617, -0.615234375, 0.407592773, 0.707085801, -0.380494962, 0.596009342, 0, -0, 0, 0, 0, 0, 0, 0.214424658, 0.194839746, 0.0787439941, -0.412940081, 0.72927984, -0.545465131, -0.0134277344, -0.603637695, -0.79699707, -0.910578997, -0.321772436, 0.259222753, 0, 1, 5, 1, 
389.475448, 22, 0.1, 0.1, 0.0366323023, 0.338790691, -0.0349672866, 0.949446297, -0.313929496, 7.10445644e-006, 0.313929496, 0.949446297, -7.03394843e-006, -4.53713597e-006, 8.90865472e-006, 1, 0.949446293, -0.313929508, 1.23550368e-005, 0.313929508, 0.949446293, -2.35251609e-006, -1.09919197e-005, 6.11219831e-006, 1, 0, 0, 0, 0, 0, 0, 0, 0.149321533, 0.21113916, 0.126014429, -0.211572295, 0.690309335, 0.691842017, -0.674682617, -0.615234375, 0.407592773, 0.707085801, -0.380494962, 0.596009342, 0, -0, 0, 0, 0, 0, 0, 0.214424658, 0.194839746, 0.0787439941, -0.412940081, 0.72927984, -0.545465131, -0.0134277344, -0.603637695, -0.79699707, -0.910578997, -0.321772436, 0.259222753, 0, 1, 5, 1, 
389.476158, 22, 0.1, 0.1, 0.0366323052, 0.338790691, -0.0349675947, 0.949446353, -0.313929328, 8.45560713e-006, 0.313929328, 0.949446353, -3.2747539e-006, -7.00010405e-006, 5.76366622e-006, 1, 0.94944634, -0.313929368, -5.77171914e-006, 0.313929368, 0.94944634, 1.03221457e-006, 5.15589515e-006, -2.79194449e-006, 1, 0, 0, 0, 0, 0, 0, 0, 0.149448804, 0.210254053, 0.123719824, -0.217766539, 0.698526634, 0.681400199, -0.673706055, -0.612792969, 0.412963867, 0.706212994, -0.369190077, 0.604213536, 0, -0, 0, 0, 0, 0, 0, 0.214424658, 0.194839746, 0.0787439941, -0.412940081, 0.72927984, -0.545465131, -0.0134277344, -0.603637695, -0.79699707, -0.910578997, -0.321772436, 0.259222753, 0, 1, 5, 1, 
389.476869, 22, 0.1, 0.1, 0.0366323044, 0.338790691, -0.0349682091, 0.949446393, -0.313929206, -1.0619193e-005, 0.313929206, 0.949446393, -9.01025666e-007, 1.03652127e-005, -2.47819925e-006, 1, 0.949446391, -0.313929212, -6.35870852e-006, 0.313929212, 0.949446391, 3.82836123e-006, 4.83541843e-006, -5.63100811e-006, 1, 0, 0, 0, 0, 0, 0, 0, 0.149448804, 0.210254053, 0.123719824, -0.217766539, 0.698526634, 0.681400199, -0.673706055, -0.612792969, 0.412963867, 0.706212994, -0.369190077, 0.604213536, 0, -0, 0, 0, 0, 0, 0, 0.215478027, 0.193707275, 0.0773029297, -0.410103368, 0.72483319, -0.553292435, -0.0101318359, -0.610351563, -0.791992187, -0.911876502, -0.31917123, 0.257786357, 0, 1, 5, 1, 
389.477566, 22, 0.1, 0.1, 0.0366323037, 0.338790691, -0.0349691785, 0.949446364, -0.313929294, 9.49372337e-006, 0.313929294, 0.949446364, 8.69061142e-006, -1.17420186e-005, -5.27091154e-006, 1, 0.949446374, -0.313929263, 1.10060621e-005, 0.313929263, 0.949446375, 6.31307274e-006, -1.2431524e-005, -2.53879907e-006, 1, 0, 0, 0, 0, 0, 0, 0, 0.149448804, 0.210254053, 0.123719824, -0.217766539, 0.698526634, 0.681400199, -0.673706055, -0.612792969, 0.412963867, 0.706212994, -0.369190077, 0.604213536, 0, -0, 0, 0, 0, 0, 0, 0.215478027, 0.193707275, 0.0773029297, -0.410103368, 0.72483319, -0.553292435, -0.0101318359, -0.610351563, -0.791992187, -0.911876502, -0.31917123, 0.257786357, 0, 1, 5, 1, 
389.478263, 22, 0.1, 0.1, 0.036632306, 0.338790692, -0.0349701831, 0.949446311, -0.313929453, -6.52845691e-006, 0.313929454, 0.949446311, 8.06473544e-007, 5.94524353e-006, -2.81517824e-006, 1, 0.94944632, -0.313929428, -9.37058272e-006, 0.313929427, 0.94944632, -8.40847148e-006, 1.15365319e-005, 5.04169064e-006, 1, 0, 0, 0, 0, 0, 0, 0, 0.149448804, 0.210254053, 0.123719824, -0.217766539, 0.698526634, 0.681400199, -0.673706055, -0.612792969, 0.412963867, 0.706212994, -0.369190077, 0.604213536, 0, -0, 0, 0, 0, 0, 0, 0.215478027, 0.193707275, 0.0773029297, -0.410103368, 0.72483319, -0.553292435, -0.0101318359, -0.610351563, -0.791992187, -0.911876502, -0.31917123, 0.257786357, 0, 1, 5, 1, 
389.478959, 22, 0.1, 0.1, 0.0366323049, 0.338790692, -0.0349709572, 0.949446314, -0.313929446, -4.58246428e-006, 0.313929446, 0.949446314, -6.91599067e-006, 6.52193693e-006, 5.12779138e-006, 1, 0.949446309, -0.313929461, 6.19760653e-006, 0.313929461, 0.949446309, -6.44565625e-006, -3.86081325e-006, 8.06541582e-006, 1, 0, 0, 0, 0, 0, 0, 0, 0.149448804, 0.210254053, 0.123719824, -0.217766539, 0.698526634, 0.681400199, -0.673706055, -0.612792969, 0.412963867, 0.706212994, -0.369190077, 0.604213536, 0, -0, 0, 0, 0, 0, 0, 0.215478027, 0.193707275, 0.0773029297, -0.410103368, 0.72483319, -0.553292435, -0.0101318359, -0.610351563, -0.791992187, -0.911876502, -0.31917123, 0.257786357, 0, 1, 5, 1, 
389.479656, 22, 0.1, 0.1, 0.0366323063, 0.338790691, -0.0349713079, 0.949446365, -0.31392929, 1.25363938e-005, 0.31392929, 0.949446365, -3.22227597e-006, -1.08910667e-005, 6.9949194e-006, 1, 0.949446355, -0.313929321, 6.85201993e-006, 0.313929321, 0.949446355, -2.69431252e-006, -5.65980165e-006, 4.70915517e-006, 1, 0, 0, 0, 0, 0, 0, 0, 0.149448804, 0.210254053, 0.123719824, -0.217766539, 0.698526634, 0.681400199, -0.673706055, -0.612792969, 0.412963867, 0.706212994, -0.369190077, 0.604213536, 0, -0, 0, 0, 0, 0, 0, 0.215478027, 0.193707275, 0.0773029297, -0.410103368, 0.72483319, -0.553292435, -0.0101318359, -0.610351563, -0.791992187, -0.911876502, -0.31917123, 0.257786357, 0, 1, 5, 1, 
