time, trialNum, realDorsalTactorPos, realVentralTactorPos, boxPosX, boxPosY, boxPosZ, boxLocalRot_11, boxLocalRot_12, boxLocalRot_13, boxLocalRot_21, boxLocalRot_22, boxLocalRot_23, boxLocalRot_31, boxLocalRot_32, boxLocalRot_33, boxGlobalRot_11, boxGlobalRot_12, boxGlobalRot_13, boxGlobalRot_21, boxGlobalRot_22, boxGlobalRot_23, boxGlobalRot_31, boxGlobalRot_32, boxGlobalRot_33, indexForceX, indexForceY, indexForceZ, indexForceGlobalX, indexForceGlobalY, indexForceGlobalZ, indexContact, indexPosX, indexPosY, indexPosZ, indexRot_11, indexRot_12, indexRot_13, indexRot_21, indexRot_22, indexRot_23, indexRot_31, indexRot_32, indexRot_33, thumbForceX, thumbForceY, thumbForceZ, thumbForceGlobalX, thumbForceGlobalY, thumbForceGlobalZ, thumbContact, thumbPosX, thumbPosY, thumbPosZ, thumbRot_11, thumbRot_12, thumbRot_13, thumbRot_21, thumbRot_22, thumbRot_23, thumbRot_31, thumbRot_32, thumbRot_33, manipForceTooHigh, cceExpType, mapping, trialSuccess, 
414.454566, 49, 0.1, 0.1, 0.0186188672, 0.380620221, -0.0349690109, 0.984426727, 2.07993034e-006, 0.175795391, 0.175795391, 3.06354644e-006, -0.984426727, -2.58609636e-006, 1, 2.65019483e-006, 0.984426727, -2.36571735e-006, 0.175795391, 0.175795391, -3.19939448e-006, -0.984426727, 2.89131419e-006, 1, -2.73368723e-006, 0, 0, 0, 0, 0, 0, 0, 0.253744067, -0.0801197021, -0.200290601, -0.308943073, 0.771318385, -0.55636994, -0.814941406, 0.0869140625, 0.572998047, 0.490278573, 0.630386457, 0.601892012, 0, 0, -0, 0, 0, 0, 0, 0.334041748, -0.0466274902, -0.165100195, 0.0843736336, 0.587335295, -0.804885408, 0.228393555, -0.797607422, -0.558105469, -0.9697596, -0.136743535, -0.201447925, 0, 2, 5, 1, 
414.460215, 49, 0.1, 0.1, 0.018618872, 0.380620227, -0.0349813883, 0.984426695, 2.49285466e-006, 0.175795567, 0.175795567, -6.4150699e-006, -0.984426695, -1.32629182e-006, 1, -6.75339886e-006, 0.984426692, 2.19372562e-006, 0.175795584, 0.175795584, -1.71266033e-005, -0.984426692, 8.51219181e-007, 1, -1.72455327e-005, 0, 0, 0, 0, 0, 0, 0, 0.260176465, -0.0861311279, -0.198459131, -0.308792166, 0.771547537, -0.556161388, -0.824462891, 0.07421875, 0.560913086, 0.474064128, 0.631833266, 0.613353031, 0, 0, -0, 0, 0, 0, 0, 0.339134473, -0.0523567871, -0.162611377, 0.085403182, 0.584073842, -0.807117312, 0.25, -0.796630859, -0.550048828, -0.964373453, -0.154761278, -0.214079521, 0, 2, 5, 1, 
414.460926, 49, 0.1, 0.1, 0.0186188737, 0.38062022, -0.034977218, 0.984426701, -9.08565687e-006, 0.175795538, 0.175795538, 1.69177638e-005, -0.9844267, 5.97009583e-006, 1, 1.82515163e-005, 0.984426701, -8.82391109e-006, 0.175795536, 0.175795536, 2.09374243e-005, -0.984426701, 5.00578796e-006, 1, 2.21625637e-005, 0, 0, 0, 0, 0, 0, 0, 0.261113623, -0.087857251, -0.198836035, -0.307859827, 0.772803386, -0.554935496, -0.825561523, 0.0728759766, 0.559570313, 0.472927725, 0.63039844, 0.615630707, 0, 0, -0, 0, 0, 0, 0, 0.339134473, -0.0523567871, -0.162611377, 0.085403182, 0.584073842, -0.807117312, 0.25, -0.796630859, -0.550048828, -0.964373453, -0.154761278, -0.214079521, 0, 2, 5, 1, 
414.461632, 49, 0.1, 0.1, 0.0186188724, 0.380620222, -0.0349709165, 0.984426695, -2.14508231e-007, 0.175795568, 0.175795568, -9.69103969e-006, -0.984426695, 1.91480946e-006, 1, -9.50240858e-006, 0.984426695, 7.64457908e-006, 0.175795569, 0.175795569, -1.18222039e-005, -0.984426695, -5.44723666e-006, 1, -1.29819762e-005, 0, 0, 0, 0, 0, 0, 0, 0.261113623, -0.087857251, -0.198836035, -0.307859827, 0.772803386, -0.554935496, -0.825561523, 0.0728759766, 0.559570313, 0.472927725, 0.63039844, 0.615630707, 0, 0, -0, 0, 0, 0, 0, 0.340056006, -0.0538285645, -0.162471875, 0.0855566665, 0.58304466, -0.807775726, 0.253540039, -0.79675293, -0.548339844, -0.963498123, -0.157815274, -0.215989864, 0, 2, 5, 1, 
414.462323, 49, 0.1, 0.1, 0.0186188733, 0.380620216, -0.0349648096, 0.984426709, -1.83656795e-006, 0.175795491, 0.175795491, 1.55350489e-005, -0.984426709, -9.23025009e-007, 1, 1.56159774e-005, 0.984426706, -8.73190518e-007, 0.17579551, 0.175795509, 2.16242366e-005, -0.984426705, -2.94185163e-006, 1, 2.1440979e-005, 0, 0, 0, 0, 0, 0, 0, 0.261113623, -0.087857251, -0.198836035, -0.307859827, 0.772803386, -0.554935496, -0.825561523, 0.0728759766, 0.559570313, 0.472927725, 0.63039844, 0.615630707, 0, 0, -0, 0, 0, 0, 0, 0.340056006, -0.0538285645, -0.162471875, 0.0855566665, 0.58304466, -0.807775726, 0.253540039, -0.79675293, -0.548339844, -0.963498123, -0.157815274, -0.215989864, 0, 2, 5, 1, 
414.463021, 49, 0.1, 0.1, 0.0186188721, 0.380620222, -0.0349605444, 0.984426701, 1.70718446e-005, 0.175795537, 0.175795537, -2.07509747e-005, -0.9844267, -1.3158051e-005, 1, -2.34289676e-005, 0.984426707, 1.34318663e-005, 0.175795502, 0.175795503, -2.6385467e-005, -0.984426707, -8.58424146e-006, 1, -2.83358201e-005, 0, 0, 0, 0, 0, 0, 0, 0.261113623, -0.087857251, -0.198836035, -0.307859827, 0.772803386, -0.554935496, -0.825561523, 0.0728759766, 0.559570313, 0.472927725, 0.63039844, 0.615630707, 0, 0, -0, 0, 0, 0, 0, 0.340056006, -0.0538285645, -0.162471875, 0.0855566665, 0.58304466, -0.807775726, 0.253540039, -0.79675293, -0.548339844, -0.963498123, -0.157815274, -0.215989864, 0, 2, 5, 1, 
414.463717, 49, 0.1, 0.1, 0.0186188763, 0.380620218, -0.0349591991, 0.984426641, -2.71578428e-005, 0.175795868, 0.175795868, 1.2723738e-005, -0.984426642, 2.44981234e-005, 1, 1.72998232e-005, 0.984426656, -2.74669318e-005, 0.175795787, 0.175795787, 1.70334586e-005, -0.984426656, 2.40447696e-005, 0.999999999, 2.15967616e-005, 0, 0, 0, 0, 0, 0, 0, 0.261113623, -0.087857251, -0.198836035, -0.307859827, 0.772803386, -0.554935496, -0.825561523, 0.0728759766, 0.559570313, 0.472927725, 0.63039844, 0.615630707, 0, 0, -0, 0, 0, 0, 0, 0.340056006, -0.0538285645, -0.162471875, 0.0855566665, 0.58304466, -0.807775726, 0.253540039, -0.79675293, -0.548339844, -0.963498123, -0.157815274, -0.215989864, 0, 2, 5, 1, 
414.464419, 49, 0.1, 0.1, 0.0186188708, 0.380620222, -0.0349609974, 0.984426546, 3.91399936e-005, 0.175796399, 0.1757964, -1.24213794e-005, -0.984426547, -3.6346815e-005, 0.999999999, -1.91086056e-005, 0.984426569, 3.51549988e-005, 0.175796272, 0.175796272, -1.80671709e-005, -0.984426569, -3.14313736e-005, 0.999999999, -2.39659208e-005, 0, 0, 0, 0, 0, 0, 0, 0.261113623, -0.087857251, -0.198836035, -0.307859827, 0.772803386, -0.554935496, -0.825561523, 0.0728759766, 0.559570313, 0.472927725, 0.63039844, 0.615630707, 0, 0, -0, 0, 0, 0, 0, 0.340056006, -0.0538285645, -0.162471875, 0.0855566665, 0.58304466, -0.807775726, 0.253540039, -0.79675293, -0.548339844, -0.963498123, -0.157815274, -0.215989864, 0, 2, 5, 1, 
414.465121, 49, 0.1, 0.1, 0.0186188703, 0.380620217, -0.034965153, 0.984426404, -3.29483175e-005, 0.175797197, 0.175797197, 1.31008212e-005, -0.984426404, 3.01321061e-005, 0.999999999, 1.86890162e-005, 0.984426438, -1.88836044e-005, 0.175797005, 0.175797005, 1.94898433e-005, -0.984426438, 1.51632634e-005, 1, 2.25059982e-005, 0, 0, 0, 0, 0, 0, 0, 0.261113623, -0.087857251, -0.198836035, -0.307859827, 0.772803386, -0.554935496, -0.825561523, 0.0728759766, 0.559570313, 0.472927725, 0.63039844, 0.615630707, 0, 0, -0, 0, 0, 0, 0, 0.340056006, -0.0538285645, -0.162471875, 0.0855566665, 0.58304466, -0.807775726, 0.253540039, -0.79675293, -0.548339844, -0.963498123, -0.157815274, -0.215989864, 0, 2, 5, 1, 
414.465854, 49, 0.1, 0.1, 0.0186188792, 0.380620221, -0.0349703738, 0.984426196, -2.0698485e-007, 0.175798364, 0.175798364, -1.51993489e-005, -0.984426196, 2.87578199e-006, 1, -1.49262496e-005, 0.984426242, -1.73317241e-005, 0.175798104, 0.175798103, -2.10586933e-005, -0.984426242, 2.07638824e-005, 1, -1.76838461e-005, 0, 0, 0, 0, 0, 0, 0, 0.262537305, -0.0898412842, -0.199064893, -0.306121709, 0.773329839, -0.555150422, -0.827026367, 0.0726318359, 0.557373047, 0.471416515, 0.62982069, 0.617395035, 0, 0, -0, 0, 0, 0, 0, 0.340056006, -0.0538285645, -0.162471875, 0.0863299187, 0.581440553, -0.808811104, 0.256225586, -0.797485352, -0.546020508, -0.962680394, -0.160070499, -0.217817085, 0, 2, 5, 1, 
414.466554, 49, 0.1, 0.1, 0.0186188674, 0.380620216, -0.0349745245, 0.984425968, 3.88555896e-005, 0.175799634, 0.175799634, 2.04630434e-005, -0.984425969, -4.1847847e-005, 0.999999999, 1.33135529e-005, 0.984426011, 4.11385981e-005, 0.175799393, 0.175799392, 2.27424671e-005, -0.984426012, -4.4496018e-005, 0.999999999, 1.51561357e-005, 0, 0, 0, 0, 0, 0, 0, 0.262537305, -0.0898412842, -0.199064893, -0.306121709, 0.773329839, -0.555150422, -0.827026367, 0.0726318359, 0.557373047, 0.471416515, 0.62982069, 0.617395035, 0, 0, -0, 0, 0, 0, 0, 0.341240576, -0.0557680664, -0.162578809, 0.0863299187, 0.581440553, -0.808811104, 0.256225586, -0.797485352, -0.546020508, -0.962680394, -0.160070499, -0.217817085, 0, 2, 5, 1, 
414.467248, 49, 0.1, 0.1, 0.0186188659, 0.380620216, -0.0349769959, 0.984425784, -2.71998206e-005, 0.175800668, 0.175800668, -1.04394958e-005, -0.984425784, 2.86114751e-005, 1, -5.49516225e-006, 0.984425813, -1.25201937e-005, 0.175800507, 0.175800507, -1.1028068e-005, -0.984425813, 1.42639419e-005, 1, -8.65525841e-006, 0, 0, 0, 0, 0, 0, 0, 0.262537305, -0.0898412842, -0.199064893, -0.306121709, 0.773329839, -0.555150422, -0.827026367, 0.0726318359, 0.557373047, 0.471416515, 0.62982069, 0.617395035, 0, 0, -0, 0, 0, 0, 0, 0.341240576, -0.0557680664, -0.162578809, 0.0863299187, 0.581440553, -0.808811104, 0.256225586, -0.797485352, -0.546020508, -0.962680394, -0.160070499, -0.217817085, 0, 2, 5, 1, 
414.467943, 49, 0.1, 0.1, 0.0186188787, 0.380620218, -0.034977258, 0.98442566, -2.58027129e-005, 0.175801364, 0.175801364, -6.75655123e-006, -0.98442566, 2.65886636e-005, 1, -2.11517028e-006, 0.984425685, -3.55473092e-005, 0.175801223, 0.175801222, -7.79189024e-006, -0.984425685, 3.6363508e-005, 0.999999999, -1.42127649e-006, 0, 0, 0, 0, 0, 0, 0, 0.262537305, -0.0898412842, -0.199064893, -0.306121709, 0.773329839, -0.555150422, -0.827026367, 0.0726318359, 0.557373047, 0.471416515, 0.62982069, 0.617395035, 0, 0, -0, 0, 0, 0, 0, 0.341240576, -0.0557680664, -0.162578809, 0.0863299187, 0.581440553, -0.808811104, 0.256225586, -0.797485352, -0.546020508, -0.962680394, -0.160070499, -0.217817085, 0, 2, 5, 1, 
414.468635, 49, 0.1, 0.1, 0.0186188743, 0.380620217, -0.0349753779, 0.98442555, 2.7160503e-005, 0.175801976, 0.175801976, 3.09059493e-006, -0.984425551, -2.72808258e-005, 1, -1.73240949e-006, 0.984425571, 2.54601021e-005, 0.175801862, 0.175801862, -7.77134812e-007, -0.984425571, -2.49269538e-005, 1, -5.24096475e-006, 0, 0, 0, 0, 0, 0, 0, 0.262537305, -0.0898412842, -0.199064893, -0.306121709, 0.773329839, -0.555150422, -0.827026367, 0.0726318359, 0.557373047, 0.471416515, 0.62982069, 0.617395035, 0, 0, -0, 0, 0, 0, 0, 0.341240576, -0.0557680664, -0.162578809, 0.0863299187, 0.581440553, -0.808811104, 0.256225586, -0.797485352, -0.546020508, -0.962680394, -0.160070499, -0.217817085, 0, 2, 5, 1, 
414.469329, 49, 0.1, 0.1, 0.0186188735, 0.380620216, -0.0349720037, 0.984425432, -1.9903424e-005, 0.17580264, 0.175802639, -1.47302558e-005, -0.984425432, 2.21830547e-005, 1, -1.10017639e-005, 0.98442546, -1.14689077e-005, 0.175802486, 0.175802486, -1.7824554e-006, -0.98442546, 1.16036449e-005, 1, 2.61568017e-007, 0, 0, 0, 0, 0, 0, 0, 0.262537305, -0.0898412842, -0.199064893, -0.306121709, 0.773329839, -0.555150422, -0.827026367, 0.0726318359, 0.557373047, 0.471416515, 0.62982069, 0.617395035, 0, 0, -0, 0, 0, 0, 0, 0.341240576, -0.0557680664, -0.162578809, 0.0863299187, 0.581440553, -0.808811104, 0.256225586, -0.797485352, -0.546020508, -0.962680394, -0.160070499, -0.217817085, 0, 2, 5, 1, 
414.470028, 49, 0.1, 0.1, 0.0186188774, 0.380620219, -0.0349681746, 0.984425297, 1.01212745e-005, 0.175803395, 0.175803395, 1.49653384e-005, -0.984425297, -1.25945959e-005, 1, 1.29529033e-005, 0.984425325, -5.48004236e-006, 0.17580324, 0.17580324, -3.93589964e-006, -0.984425325, 6.08663639e-006, 1, -2.91119008e-006, 0, 0, 0, 0, 0, 0, 0, 0.262537305, -0.0898412842, -0.199064893, -0.306121709, 0.773329839, -0.555150422, -0.827026367, 0.0726318359, 0.557373047, 0.471416515, 0.62982069, 0.617395035, 0, 0, -0, 0, 0, 0, 0, 0.341240576, -0.0557680664, -0.162578809, 0.0863299187, 0.581440553, -0.808811104, 0.256225586, -0.797485352, -0.546020508, -0.962680394, -0.160070499, -0.217817085, 0, 2, 5, 1, 
414.470748, 49, 0.1, 0.1, 0.0186188713, 0.380620212, -0.0349647256, 0.984425175, 2.90789336e-006, 0.175804079, 0.175804079, -4.53983252e-006, -0.984425175, -2.06448235e-006, 1, -4.98034494e-006, 0.984425197, 1.50989362e-005, 0.175803955, 0.175803955, 1.31764092e-005, -0.984425197, -1.71802381e-005, 1, 1.03167365e-005, 0, 0, 0, 0, 0, 0, 0, 0.263900684, -0.0916115967, -0.199498682, -0.305545081, 0.77365335, -0.555003645, -0.82824707, 0.0715332031, 0.555664063, 0.469594899, 0.629522267, 0.619102075, 0, 0, -0, 0, 0, 0, 0, 0.342623486, -0.0577192871, -0.162467383, 0.0867389662, 0.579740564, -0.809993404, 0.258911133, -0.798217773, -0.543701172, -0.961900945, -0.162581286, -0.219414262, 0, 2, 5, 1, 
414.471444, 49, 0.1, 0.1, 0.0186188811, 0.380620216, -0.0349628758, 0.984425114, -2.64687416e-005, 0.175804418, 0.175804418, 2.2717044e-007, -0.984425115, 2.60165565e-005, 1, 4.876954e-006, 0.984425122, -3.47559448e-005, 0.175804376, 0.175804376, -5.39174493e-006, -0.984425122, 3.51625176e-005, 0.999999999, 8.02478015e-007, 0, 0, 0, 0, 0, 0, 0, 0.263900684, -0.0916115967, -0.199498682, -0.305545081, 0.77365335, -0.555003645, -0.82824707, 0.0715332031, 0.555664063, 0.469594899, 0.629522267, 0.619102075, 0, 0, -0, 0, 0, 0, 0, 0.342623486, -0.0577192871, -0.162467383, 0.0867389662, 0.579740564, -0.809993404, 0.258911133, -0.798217773, -0.543701172, -0.961900945, -0.162581286, -0.219414262, 0, 2, 5, 1, 
414.472136, 49, 0.1, 0.1, 0.0186188746, 0.380620215, -0.0349632342, 0.984425088, 3.02790615e-005, 0.175804566, 0.175804566, 1.08277925e-005, -0.984425088, -3.17110432e-005, 0.999999999, 5.33595328e-006, 0.984425096, 3.27846221e-005, 0.175804522, 0.175804522, 9.45670352e-007, -0.984425096, -3.24402579e-005, 0.999999999, -4.83274321e-006, 0, 0, 0, 0, 0, 0, 0, 0.263900684, -0.0916115967, -0.199498682, -0.305545081, 0.77365335, -0.555003645, -0.82824707, 0.0715332031, 0.555664063, 0.469594899, 0.629522267, 0.619102075, 0, 0, -0, 0, 0, 0, 0, 0.342623486, -0.0577192871, -0.162467383, 0.0867389662, 0.579740564, -0.809993404, 0.258911133, -0.798217773, -0.543701172, -0.961900945, -0.162581286, -0.219414262, 0, 2, 5, 1, 
414.472843, 49, 0.1, 0.1, 0.0186188767, 0.380620215, -0.0349655149, 0.984425034, -2.8111078e-005, 0.175804869, 0.175804869, -7.2727648e-006, -0.984425034, 2.89518364e-005, 1, -2.21742735e-006, 0.984425044, -2.12419341e-005, 0.175804815, 0.175804815, -9.62280606e-006, -0.984425044, 2.26028276e-005, 1, -5.73849697e-006, 0, 0, 0, 0, 0, 0, 0, 0.263900684, -0.0916115967, -0.199498682, -0.302956999, 0.773957764, -0.556024351, -0.830566406, 0.0715332031, 0.552246094, 0.467207516, 0.629103277, 0.62124121, 0, 0, -0, 0, 0, 0, 0, 0.342623486, -0.0577192871, -0.162467383, 0.0867389662, 0.579740564, -0.809993404, 0.258911133, -0.798217773, -0.543701172, -0.961900945, -0.162581286, -0.219414262, 0, 2, 5, 1, 
414.473549, 49, 0.1, 0.1, 0.0186188787, 0.380620213, -0.0349685738, 0.984425013, 2.25107469e-005, 0.175804986, 0.175804986, -3.02024516e-007, -0.984425013, -2.21070449e-005, 1, -4.25482204e-006, 0.984425016, 1.06568737e-005, 0.17580497, 0.17580497, 5.23842311e-007, -0.984425016, -1.05829871e-005, 1, -1.35784787e-006, 0, 0, 0, 0, 0, 0, 0, 0.265588379, -0.0938297363, -0.199321094, -0.302956999, 0.773957764, -0.556024351, -0.830566406, 0.0715332031, 0.552246094, 0.467207516, 0.629103277, 0.62124121, 0, 0, -0, 0, 0, 0, 0, 0.343940869, -0.0598317383, -0.161910205, 0.089454644, 0.578494465, -0.810620102, 0.26159668, -0.798950195, -0.541381836, -0.96087906, -0.163571455, -0.222794184, 0, 2, 5, 1, 
414.474244, 49, 0.1, 0.1, 0.0186188733, 0.380620211, -0.0349717977, 0.98442498, -5.03263128e-006, 0.175805172, 0.175805172, -4.67915983e-006, -0.98442498, 5.77686845e-006, 1, -3.72151921e-006, 0.984424989, 9.20360057e-006, 0.175805122, 0.175805122, 5.90838921e-006, -0.984424989, -1.00989795e-005, 1, 4.19832587e-006, 0, 0, 0, 0, 0, 0, 0, 0.265588379, -0.0938297363, -0.199321094, -0.302956999, 0.773957764, -0.556024351, -0.830566406, 0.0715332031, 0.552246094, 0.467207516, 0.629103277, 0.62124121, 0, 0, -0, 0, 0, 0, 0, 0.343940869, -0.0598317383, -0.161910205, 0.089454644, 0.578494465, -0.810620102, 0.26159668, -0.798950195, -0.541381836, -0.96087906, -0.163571455, -0.222794184, 0, 2, 5, 1, 
414.474986, 49, 0.1, 0.1, 0.0186188784, 0.380620212, -0.0349741736, 0.984424955, -2.21825259e-006, 0.175805313, 0.175805313, -1.11140521e-006, -0.984424955, 2.37909415e-006, 1, -7.04114435e-007, 0.984424957, -1.52571646e-005, 0.175805299, 0.175805299, 4.32589261e-007, -0.984424957, 1.49434821e-005, 1, 3.10814204e-006, 0, 0, 0, 0, 0, 0, 0, 0.265588379, -0.0938297363, -0.199321094, -0.302956999, 0.773957764, -0.556024351, -0.830566406, 0.0715332031, 0.552246094, 0.467207516, 0.629103277, 0.62124121, 0, 0, -0, 0, 0, 0, 0, 0.343940869, -0.0598317383, -0.161910205, 0.089454644, 0.578494465, -0.810620102, 0.26159668, -0.798950195, -0.541381836, -0.96087906, -0.163571455, -0.222794184, 0, 2, 5, 1, 
414.475676, 49, 0.1, 0.1, 0.0186188718, 0.380620211, -0.0349745721, 0.984424941, 1.62612308e-005, 0.175805391, 0.175805391, 2.10670569e-006, -0.984424941, -1.63783314e-005, 1, -7.84918406e-007, 0.984424943, 2.2745514e-005, 0.17580538, 0.17580538, 1.46168e-006, -0.984424943, -2.26482225e-005, 1, -2.55986949e-006, 0, 0, 0, 0, 0, 0, 0, 0.265588379, -0.0938297363, -0.199321094, -0.302956999, 0.773957764, -0.556024351, -0.830566406, 0.0715332031, 0.552246094, 0.467207516, 0.629103277, 0.62124121, 0, 0, -0, 0, 0, 0, 0, 0.343940869, -0.0598317383, -0.161910205, 0.089454644, 0.578494465, -0.810620102, 0.26159668, -0.798950195, -0.541381836, -0.96087906, -0.163571455, -0.222794184, 0, 2, 5, 1, 
414.476372, 49, 0.1, 0.1, 0.0186188765, 0.380620211, -0.0349735595, 0.984424915, -2.06219894e-005, 0.175805536, 0.175805536, -1.05962586e-005, -0.984424915, 2.21636811e-005, 1, -6.80576106e-006, 0.984424923, -2.21954971e-005, 0.175805491, 0.175805491, -8.06931739e-006, -0.984424923, 2.32684308e-005, 1, -4.0415469e-006, 0, 0, 0, 0, 0, 0, 0, 0.265588379, -0.0938297363, -0.199321094, -0.302956999, 0.773957764, -0.556024351, -0.830566406, 0.0715332031, 0.552246094, 0.467207516, 0.629103277, 0.62124121, 0, 0, -0, 0, 0, 0, 0, 0.343940869, -0.0598317383, -0.161910205, 0.089454644, 0.578494465, -0.810620102, 0.26159668, -0.798950195, -0.541381836, -0.96087906, -0.163571455, -0.222794184, 0, 2, 5, 1, 
414.477064, 49, 0.1, 0.1, 0.0186188742, 0.38062021, -0.0349715507, 0.984424883, 2.33300925e-005, 0.175805715, 0.175805715, 5.53454671e-006, -0.984424883, -2.39397286e-005, 1, 1.3467819e-006, 0.984424887, 1.97557528e-005, 0.17580569, 0.17580569, 3.30753422e-006, -0.984424888, -2.00295381e-005, 1, -2.17154746e-007, 0, 0, 0, 0, 0, 0, 0, 0.265588379, -0.0938297363, -0.199321094, -0.302956999, 0.773957764, -0.556024351, -0.830566406, 0.0715332031, 0.552246094, 0.467207516, 0.629103277, 0.62124121, 0, 0, -0, 0, 0, 0, 0, 0.343940869, -0.0598317383, -0.161910205, 0.089454644, 0.578494465, -0.810620102, 0.26159668, -0.798950195, -0.541381836, -0.96087906, -0.163571455, -0.222794184, 0, 2, 5, 1, 
414.47778, 49, 0.1, 0.1, 0.0186188749, 0.380620209, -0.0349690185, 0.984424859, -2.75502215e-005, 0.175805847, 0.175805848, -1.99348834e-006, -0.984424859, 2.74715899e-005, 1, 2.88105057e-006, 0.984424868, -1.6891971e-005, 0.175805798, 0.175805798, 4.64904693e-006, -0.984424868, 1.58115469e-005, 1, 7.54634386e-006, 0, 0, 0, 0, 0, 0, 0, 0.267686182, -0.0956190918, -0.198921729, -0.30095378, 0.773875389, -0.557133423, -0.833740234, 0.0698242187, 0.547607422, 0.462688111, 0.629363508, 0.624383076, 0, 0, -0, 0, 0, 0, 0, 0.343940869, -0.0598317383, -0.161910205, 0.0909563059, 0.578187496, -0.81069083, 0.264526367, -0.798828125, -0.540161133, -0.959984773, -0.165322117, -0.2256247, 0, 2, 5, 1, 
414.478474, 49, 0.1, 0.1, 0.0186188799, 0.38062021, -0.0349667439, 0.984424801, 1.01163921e-005, 0.175806177, 0.175806176, 1.49528745e-005, -0.984424801, -1.2587635e-005, 1, 1.29414563e-005, 0.984424814, -6.7711011e-006, 0.175806103, 0.175806103, -1.57506458e-006, -0.984424814, 6.94254591e-006, 1, -3.60131758e-007, 0, 0, 0, 0, 0, 0, 0, 0.267686182, -0.0956190918, -0.198921729, -0.30095378, 0.773875389, -0.557133423, -0.833740234, 0.0698242187, 0.547607422, 0.462688111, 0.629363508, 0.624383076, 0, 0, -0, 0, 0, 0, 0, 0.345398486, -0.0616748047, -0.16152793, 0.0909563059, 0.578187496, -0.81069083, 0.264526367, -0.798828125, -0.540161133, -0.959984773, -0.165322117, -0.2256247, 0, 2, 5, 1, 
414.479168, 49, 0.1, 0.1, 0.0186188722, 0.380620205, -0.0349655058, 0.984424751, 1.15645983e-005, 0.175806452, 0.175806453, -1.02296824e-005, -0.984424751, -9.5860326e-006, 1, -1.21034836e-005, 0.984424759, 2.22569353e-005, 0.175806407, 0.175806407, 8.33513325e-006, -0.98442476, -2.3375648e-005, 1, 4.29239971e-006, 0, 0, 0, 0, 0, 0, 0, 0.267686182, -0.0956190918, -0.198921729, -0.30095378, 0.773875389, -0.557133423, -0.833740234, 0.0698242187, 0.547607422, 0.462688111, 0.629363508, 0.624383076, 0, 0, -0, 0, 0, 0, 0, 0.345398486, -0.0616748047, -0.16152793, 0.0909563059, 0.578187496, -0.81069083, 0.264526367, -0.798828125, -0.540161133, -0.959984773, -0.165322117, -0.2256247, 0, 2, 5, 1, 
414.479861, 49, 0.1, 0.1, 0.0186188786, 0.380620211, -0.0349655942, 0.984424753, -2.02784778e-005, 0.175806441, 0.175806441, 1.37475701e-006, -0.984424754, 1.97209444e-005, 1, 4.91843185e-006, 0.98442475, -2.50786326e-005, 0.17580646, 0.175806459, -1.49624485e-005, -0.98442475, 2.73185217e-005, 1, -1.0320419e-005, 0, 0, 0, 0, 0, 0, 0, 0.267686182, -0.0956190918, -0.198921729, -0.30095378, 0.773875389, -0.557133423, -0.833740234, 0.0698242187, 0.547607422, 0.462688111, 0.629363508, 0.624383076, 0, 0, -0, 0, 0, 0, 0, 0.345398486, -0.0616748047, -0.16152793, 0.0909563059, 0.578187496, -0.81069083, 0.264526367, -0.798828125, -0.540161133, -0.959984773, -0.165322117, -0.2256247, 0, 2, 5, 1, 
414.480556, 49, 0.1, 0.1, 0.0186188727, 0.380620207, -0.0349669034, 0.984424817, 3.09293495e-005, 0.175806081, 0.175806082, -7.11962441e-006, -0.984424818, -2.9195946e-005, 0.999999999, -1.24463027e-005, 0.9844248, 2.9665041e-005, 0.175806179, 0.175806179, 7.74909344e-006, -0.9844248, -3.05653405e-005, 1, 2.41310226e-006, 0, 0, 0, 0, 0, 0, 0, 0.267686182, -0.0956190918, -0.198921729, -0.30095378, 0.773875389, -0.557133423, -0.833740234, 0.0698242187, 0.547607422, 0.462688111, 0.629363508, 0.624383076, 0, 0, -0, 0, 0, 0, 0, 0.345398486, -0.0616748047, -0.16152793, 0.0909563059, 0.578187496, -0.81069083, 0.264526367, -0.798828125, -0.540161133, -0.959984773, -0.165322117, -0.2256247, 0, 2, 5, 1, 
414.481251, 49, 0.1, 0.1, 0.0186188738, 0.380620212, -0.0349689649, 0.98442494, -2.78240201e-005, 0.175805393, 0.175805393, -1.28754556e-006, -0.984424941, 2.76170168e-005, 1, 3.62412084e-006, 0.984424911, -1.98833483e-005, 0.17580556, 0.175805559, -1.43695357e-005, -0.984424911, 2.20999077e-005, 1, -1.06501257e-005, 0, 0, 0, 0, 0, 0, 0, 0.267686182, -0.0956190918, -0.198921729, -0.30095378, 0.773875389, -0.557133423, -0.833740234, 0.0698242187, 0.547607422, 0.462688111, 0.629363508, 0.624383076, 0, 0, -0, 0, 0, 0, 0, 0.345398486, -0.0616748047, -0.16152793, 0.0909563059, 0.578187496, -0.81069083, 0.264526367, -0.798828125, -0.540161133, -0.959984773, -0.165322117, -0.2256247, 0, 2, 5, 1, 
414.481943, 49, 0.1, 0.1, 0.0186188765, 0.38062021, -0.0349711516, 0.984425103, 1.81943326e-005, 0.175804484, 0.175804484, -4.14215797e-006, -0.984425103, -1.71827478e-005, 1, -7.27628954e-006, 0.984425067, 5.90276558e-006, 0.175804685, 0.175804684, 6.17669228e-006, -0.984425067, -6.89672184e-006, 1, 5.04275687e-006, 0, 0, 0, 0, 0, 0, 0, 0.267686182, -0.0956190918, -0.198921729, -0.30095378, 0.773875389, -0.557133423, -0.833740234, 0.0698242187, 0.547607422, 0.462688111, 0.629363508, 0.624383076, 0, 0, -0, 0, 0, 0, 0, 0.345398486, -0.0616748047, -0.16152793, 0.0909563059, 0.578187496, -0.81069083, 0.264526367, -0.798828125, -0.540161133, -0.959984773, -0.165322117, -0.2256247, 0, 2, 5, 1, 
414.482659, 49, 0.1, 0.1, 0.0186188729, 0.380620211, -0.0349727555, 0.984425282, -1.5506731e-005, 0.175803484, 0.175803484, 6.25977351e-006, -0.984425282, 1.4164728e-005, 1, 8.88841663e-006, 0.984425245, 3.44404457e-006, 0.175803691, 0.175803691, -4.07660228e-006, -0.984425245, -2.67372269e-006, 1, -4.61858594e-006, 0, 0, 0, 0, 0, 0, 0, 0.270218384, -0.0973962402, -0.19850686, -0.299122424, 0.774034148, -0.557988256, -0.837524414, 0.0671386719, 0.542114258, 0.4570836, 0.629585547, 0.628349819, 0, 0, -0, 0, 0, 0, 0, 0.345398486, -0.0616748047, -0.16152793, 0.0913270739, 0.578129527, -0.810678437, 0.268310547, -0.798217773, -0.5390625, -0.958841119, -0.168274035, -0.228078252, 0, 2, 5, 1, 
414.483351, 49, 0.1, 0.1, 0.018618881, 0.380620208, -0.034973129, 0.984425434, -8.48385881e-006, 0.175802628, 0.175802627, -3.58437977e-006, -0.984425435, 8.98186978e-006, 1, -2.03706994e-006, 0.984425406, -2.16598033e-005, 0.175802787, 0.175802788, 5.4775098e-006, -0.984425406, 2.03594992e-005, 1, 9.20005361e-006, 0, 0, 0, 0, 0, 0, 0, 0.270218384, -0.0973962402, -0.19850686, -0.299122424, 0.774034148, -0.557988256, -0.837524414, 0.0671386719, 0.542114258, 0.4570836, 0.629585547, 0.628349819, 0, 0, -0, 0, 0, 0, 0, 0.347233008, -0.063303418, -0.161355469, 0.0913270739, 0.578129527, -0.810678437, 0.268310547, -0.798217773, -0.5390625, -0.958841119, -0.168274035, -0.228078252, 0, 2, 5, 1, 
414.484043, 49, 0.1, 0.1, 0.018618875, 0.380620208, -0.0349725295, 0.984425535, 1.49313233e-005, 0.175802063, 0.175802063, 8.28297183e-006, -0.984425535, -1.61549395e-005, 1, 5.52901153e-006, 0.984425519, 2.10446469e-005, 0.175802153, 0.175802153, 6.26285916e-006, -0.984425519, -2.18179116e-005, 1, 2.46562414e-006, 0, 0, 0, 0, 0, 0, 0, 0.270218384, -0.0973962402, -0.19850686, -0.299122424, 0.774034148, -0.557988256, -0.837524414, 0.0671386719, 0.542114258, 0.4570836, 0.629585547, 0.628349819, 0, 0, -0, 0, 0, 0, 0, 0.347233008, -0.063303418, -0.161355469, 0.0913270739, 0.578129527, -0.810678437, 0.268310547, -0.798217773, -0.5390625, -0.958841119, -0.168274035, -0.228078252, 0, 2, 5, 1, 
414.484733, 49, 0.1, 0.1, 0.0186188795, 0.380620208, -0.0349712149, 0.984425604, -2.16595158e-005, 0.175801676, 0.175801676, 2.73214717e-006, -0.984425604, 2.08418659e-005, 1, 6.49737482e-006, 0.984425589, -2.21667592e-005, 0.175801759, 0.175801759, -5.4561693e-006, -0.98442559, 2.27807291e-005, 1, -1.47423742e-006, 0, 0, 0, 0, 0, 0, 0, 0.270218384, -0.0973962402, -0.19850686, -0.299122424, 0.774034148, -0.557988256, -0.837524414, 0.0671386719, 0.542114258, 0.4570836, 0.629585547, 0.628349819, 0, 0, -0, 0, 0, 0, 0, 0.347233008, -0.063303418, -0.161355469, 0.0913270739, 0.578129527, -0.810678437, 0.268310547, -0.798217773, -0.5390625, -0.958841119, -0.168274035, -0.228078252, 0, 2, 5, 1, 
414.485447, 49, 0.1, 0.1, 0.0186188749, 0.380620207, -0.0349693977, 0.984425691, 3.29290782e-005, 0.175801188, 0.175801188, 4.16209268e-006, -0.984425692, -3.31479314e-005, 0.999999999, -1.69170009e-006, 0.984425676, 2.90716315e-005, 0.175801272, 0.175801272, 7.29873915e-007, -0.984425677, -2.87471732e-005, 1, -4.39232316e-006, 0, 0, 0, 0, 0, 0, 0, 0.270218384, -0.0973962402, -0.19850686, -0.299122424, 0.774034148, -0.557988256, -0.837524414, 0.0671386719, 0.542114258, 0.4570836, 0.629585547, 0.628349819, 0, 0, -0, 0, 0, 0, 0, 0.348721484, -0.0645841797, -0.160990771, 0.0898640581, 0.577157581, -0.811534812, 0.272827148, -0.797973633, -0.537231445, -0.957767461, -0.173040413, -0.229272944, 0, 2, 5, 1, 
414.486141, 49, 0.1, 0.1, 0.0186188725, 0.380620205, -0.0349677668, 0.984425743, -1.90905108e-005, 0.175800899, 0.175800899, -1.05521969e-005, -0.984425743, 2.0648276e-005, 1, -7.0317253e-006, 0.984425734, -7.79054603e-006, 0.175800949, 0.175800949, -5.42684589e-006, -0.984425734, 8.62325865e-006, 1, -3.97274137e-006, 0, 0, 0, 0, 0, 0, 0, 0.270218384, -0.0973962402, -0.19850686, -0.299122424, 0.774034148, -0.557988256, -0.837524414, 0.0671386719, 0.542114258, 0.4570836, 0.629585547, 0.628349819, 0, 0, -0, 0, 0, 0, 0, 0.348721484, -0.0645841797, -0.160990771, 0.0898640581, 0.577157581, -0.811534812, 0.272827148, -0.797973633, -0.537231445, -0.957767461, -0.173040413, -0.229272944, 0, 2, 5, 1, 
414.486836, 49, 0.1, 0.1, 0.0186188768, 0.380620206, -0.0349668347, 0.984425806, 1.40820462e-005, 0.175800549, 0.175800549, -5.1877067e-006, -0.984425806, -1.2950728e-005, 1, -7.5825438e-006, 0.984425791, -5.56457937e-006, 0.175800632, 0.175800632, 9.28084372e-007, -0.984425791, 5.31475763e-006, 1, 1.89188676e-006, 0, 0, 0, 0, 0, 0, 0, 0.270218384, -0.0973962402, -0.19850686, -0.299122424, 0.774034148, -0.557988256, -0.837524414, 0.0671386719, 0.542114258, 0.4570836, 0.629585547, 0.628349819, 0, 0, -0, 0, 0, 0, 0, 0.348721484, -0.0645841797, -0.160990771, 0.0898640581, 0.577157581, -0.811534812, 0.272827148, -0.797973633, -0.537231445, -0.957767461, -0.173040413, -0.229272944, 0, 2, 5, 1, 
414.487543, 49, 0.1, 0.1, 0.0186188697, 0.380620203, -0.0349667604, 0.984425856, 9.12242869e-007, 0.17580027, 0.17580027, 2.09155929e-005, -0.984425855, -4.57500234e-006, 1, 2.04294779e-005, 0.98442585, 1.59479349e-005, 0.175800299, 0.175800299, 1.66162742e-005, -0.98442585, -1.86207053e-005, 1, 1.35538382e-005, 0, 0, 0, 0, 0, 0, 0, 0.272215234, -0.0987282471, -0.198256885, -0.299061389, 0.774173811, -0.557675607, -0.840332031, 0.0631103516, 0.538330078, 0.452006664, 0.629687018, 0.631884466, 0, 0, -0, 0, 0, 0, 0, 0.348721484, -0.0645841797, -0.160990771, 0.0898640581, 0.577157581, -0.811534812, 0.272827148, -0.797973633, -0.537231445, -0.957767461, -0.173040413, -0.229272944, 0, 2, 5, 1, 
414.488239, 49, 0.1, 0.1, 0.0186188788, 0.380620204, -0.034967473, 0.984425834, -2.05517391e-005, 0.175800388, 0.175800388, -2.65235201e-005, -0.984425834, 2.48945081e-005, 0.999999999, -2.24974347e-005, 0.984425844, -2.94702553e-005, 0.175800334, 0.175800333, -1.79636528e-005, -0.984425844, 3.21692971e-005, 0.999999999, -1.25030033e-005, 0, 0, 0, 0, 0, 0, 0, 0.272215234, -0.0987282471, -0.198256885, -0.299061389, 0.774173811, -0.557675607, -0.840332031, 0.0631103516, 0.538330078, 0.452006664, 0.629687018, 0.631884466, 0, 0, -0, 0, 0, 0, 0, 0.348721484, -0.0645841797, -0.160990771, 0.0898640581, 0.577157581, -0.811534812, 0.272827148, -0.797973633, -0.537231445, -0.957767461, -0.173040413, -0.229272944, 0, 2, 5, 1, 
414.488933, 49, 0.1, 0.1, 0.0186188741, 0.380620207, -0.0349688356, 0.984425745, 1.92720837e-005, 0.175800887, 0.175800887, 1.98247187e-005, -0.984425745, -2.24571385e-005, 1, 1.61279141e-005, 0.984425768, 2.33704295e-005, 0.175800756, 0.175800756, 1.87502912e-006, -0.984425769, -2.33360845e-005, 1, -2.26271218e-006, 0, 0, 0, 0, 0, 0, 0, 0.272215234, -0.0987282471, -0.198256885, -0.299061389, 0.774173811, -0.557675607, -0.840332031, 0.0631103516, 0.538330078, 0.452006664, 0.629687018, 0.631884466, 0, 0, -0, 0, 0, 0, 0, 0.348721484, -0.0645841797, -0.160990771, 0.0898640581, 0.577157581, -0.811534812, 0.272827148, -0.797973633, -0.537231445, -0.957767461, -0.173040413, -0.229272944, 0, 2, 5, 1, 
414.489623, 49, 0.1, 0.1, 0.0186188784, 0.380620197, -0.0349703865, 0.984425596, -2.88534151e-005, 0.175801724, 0.175801724, 9.89033211e-006, -0.984425596, 2.66653029e-005, 1, 1.48087762e-005, 0.984425629, -2.63963859e-005, 0.175801536, 0.175801536, 2.2343262e-005, -0.984425629, 2.20572991e-005, 0.999999999, 2.6635805e-005, 0, 0, 0, 0, 0, 0, 0, 0.272215234, -0.0987282471, -0.198256885, -0.299061389, 0.774173811, -0.557675607, -0.840332031, 0.0631103516, 0.538330078, 0.452006664, 0.629687018, 0.631884466, 0, 0, -0, 0, 0, 0, 0, 0.348721484, -0.0645841797, -0.160990771, 0.0898640581, 0.577157581, -0.811534812, 0.272827148, -0.797973633, -0.537231445, -0.957767461, -0.173040413, -0.229272944, 0, 2, 5, 1, 
414.490367, 49, 0.1, 0.1, 0.0186188786, 0.380620203, -0.0349712874, 0.984425379, 2.4612512e-005, 0.175802934, 0.175802935, -1.0697157e-005, -0.98442538, -2.23485899e-005, 1, -1.48575046e-005, 0.984425425, 1.51162523e-005, 0.175802683, 0.175802683, -1.85164939e-005, -0.984425424, -1.16255738e-005, 1, -2.08855851e-005, 0, 0, 0, 0, 0, 0, 0, 0.274345361, -0.099579834, -0.198142871, -0.300651226, 0.774998687, -0.555750276, -0.843383789, 0.0559082031, 0.534301758, 0.445090137, 0.629432779, 0.637017569, 0, 0, -0, 0, 0, 0, 0, 0.350428564, -0.0656592773, -0.160636572, 0.0880689203, 0.576683635, -0.812129426, 0.280151367, -0.796630859, -0.535400391, -0.955869511, -0.180209304, -0.231790295, 0, 2, 5, 1, 
414.491069, 49, 0.1, 0.1, 0.0186188746, 0.380620197, -0.0349714124, 0.984425134, -1.18826468e-005, 0.175804308, 0.175804309, 2.01867498e-005, -0.984425134, 8.14865862e-006, 1, 2.19613644e-005, 0.984425185, 2.98239744e-006, 0.175804027, 0.175804027, 2.51186837e-005, -0.984425184, -7.35191289e-006, 1, 2.42031473e-005, 0, 0, 0, 0, 0, 0, 0, 0.274345361, -0.099579834, -0.198142871, -0.300651226, 0.774998687, -0.555750276, -0.843383789, 0.0559082031, 0.534301758, 0.445090137, 0.629432779, 0.637017569, 0, 0, -0, 0, 0, 0, 0, 0.350428564, -0.0656592773, -0.160636572, 0.0880689203, 0.576683635, -0.812129426, 0.280151367, -0.796630859, -0.535400391, -0.955869511, -0.180209304, -0.231790295, 0, 2, 5, 1, 
414.491783, 49, 0.1, 0.1, 0.0186188792, 0.380620201, -0.0349708709, 0.984424848, 3.71379829e-006, 0.17580591, 0.17580591, -3.08835441e-005, -0.984424848, 1.77355427e-006, 1, -3.10554359e-005, 0.984424909, -9.00098858e-006, 0.175805571, 0.175805571, -2.8346861e-005, -0.984424909, 1.38443334e-005, 1, -2.63229321e-005, 0, 0, 0, 0, 0, 0, 0, 0.274345361, -0.099579834, -0.198142871, -0.300651226, 0.774998687, -0.555750276, -0.843383789, 0.0559082031, 0.534301758, 0.445090137, 0.629432779, 0.637017569, 0, 0, -0, 0, 0, 0, 0, 0.350428564, -0.0656592773, -0.160636572, 0.0880689203, 0.576683635, -0.812129426, 0.280151367, -0.796630859, -0.535400391, -0.955869511, -0.180209304, -0.231790295, 0, 2, 5, 1, 
414.492479, 49, 0.1, 0.1, 0.0186188709, 0.380620202, -0.0349699252, 0.984424535, 1.61596282e-005, 0.175807661, 0.175807661, 1.96718713e-005, -0.984424535, -1.93664001e-005, 1, 1.65244863e-005, 0.9844246, 2.5506976e-005, 0.175807301, 0.175807301, 1.06407524e-005, -0.9844246, -2.69804166e-005, 1, 5.9907058e-006, 0, 0, 0, 0, 0, 0, 0, 0.274345361, -0.099579834, -0.198142871, -0.300651226, 0.774998687, -0.555750276, -0.843383789, 0.0559082031, 0.534301758, 0.445090137, 0.629432779, 0.637017569, 0, 0, -0, 0, 0, 0, 0, 0.350428564, -0.0656592773, -0.160636572, 0.0880689203, 0.576683635, -0.812129426, 0.280151367, -0.796630859, -0.535400391, -0.955869511, -0.180209304, -0.231790295, 0, 2, 5, 1, 
414.493174, 49, 0.1, 0.1, 0.0186188771, 0.3806202, -0.0349689779, 0.984424192, -2.42599584e-005, 0.175809585, 0.175809585, -1.96110088e-005, -0.984424192, 2.73298933e-005, 1, -1.50404183e-005, 0.984424262, -2.82443472e-005, 0.175809193, 0.175809193, -3.57879471e-006, -0.984424262, 2.84336057e-005, 1, 1.44256353e-006, 0, 0, 0, 0, 0, 0, 0, 0.274345361, -0.099579834, -0.198142871, -0.300651226, 0.774998687, -0.555750276, -0.843383789, 0.0559082031, 0.534301758, 0.445090137, 0.629432779, 0.637017569, 0, 0, -0, 0, 0, 0, 0, 0.350428564, -0.0656592773, -0.160636572, 0.0880689203, 0.576683635, -0.812129426, 0.280151367, -0.796630859, -0.535400391, -0.955869511, -0.180209304, -0.231790295, 0, 2, 5, 1, 
414.493865, 49, 0.1, 0.1, 0.0186188742, 0.380620207, -0.0349683763, 0.984423824, 2.42366279e-005, 0.175811647, 0.175811647, -1.44725805e-006, -0.984423824, -2.36046691e-005, 1, -5.68579676e-006, 0.984423899, 2.24074091e-005, 0.175811226, 0.175811227, -1.52020718e-005, -0.984423899, -1.93856941e-005, 1, -1.89047569e-005, 0, 0, 0, 0, 0, 0, 0, 0.274345361, -0.099579834, -0.198142871, -0.300651226, 0.774998687, -0.555750276, -0.843383789, 0.0559082031, 0.534301758, 0.445090137, 0.629432779, 0.637017569, 0, 0, -0, 0, 0, 0, 0, 0.350428564, -0.0656592773, -0.160636572, 0.0880689203, 0.576683635, -0.812129426, 0.280151367, -0.796630859, -0.535400391, -0.955869511, -0.180209304, -0.231790295, 0, 2, 5, 1, 
414.494555, 49, 0.1, 0.1, 0.0186188762, 0.380620199, -0.0349682725, 0.984423429, -3.14534149e-005, 0.175813854, 0.175813855, 1.62677055e-005, -0.984423429, 2.81033905e-005, 0.999999999, 2.15442566e-005, 0.98442351, -2.14382899e-005, 0.175813401, 0.175813402, 2.52981718e-005, -0.98442351, 1.6656599e-005, 0.999999999, 2.86732538e-005, 0, 0, 0, 0, 0, 0, 0, 0.274345361, -0.099579834, -0.198142871, -0.300651226, 0.774998687, -0.555750276, -0.843383789, 0.0559082031, 0.534301758, 0.445090137, 0.629432779, 0.637017569, 0, 0, -0, 0, 0, 0, 0, 0.350428564, -0.0656592773, -0.160636572, 0.0880689203, 0.576683635, -0.812129426, 0.280151367, -0.796630859, -0.535400391, -0.955869511, -0.180209304, -0.231790295, 0, 2, 5, 1, 
414.495273, 49, 0.1, 0.1, 0.0186188818, 0.380620205, -0.0349683419, 0.984422994, 1.19727874e-005, 0.175816293, 0.175816294, -2.32342467e-005, -0.984422994, -7.70132809e-006, 1, -2.49773378e-005, 0.984423078, -5.53134071e-006, 0.175815821, 0.175815821, -2.78937912e-005, -0.984423078, 1.03493492e-005, 1, -2.64867946e-005, 0, 0, 0, 0, 0, 0, 0, 0.276118359, -0.10087583, -0.197625708, -0.300565103, 0.775886843, -0.554643829, -0.846435547, 0.0509033203, 0.529907227, 0.439391267, 0.628797741, 0.64166241, 0, 0, -0, 0, 0, 0, 0, 0.351963916, -0.0662761719, -0.159827832, 0.0869894323, 0.576305571, -0.812417439, 0.287475586, -0.795288086, -0.533447266, -0.953773601, -0.187122632, -0.234889134, 0, 2, 5, 1, 
414.495963, 49, 0.1, 0.1, 0.0186188758, 0.380620201, -0.0349688484, 0.984422553, 1.79943681e-006, 0.175818763, 0.175818763, 2.86483776e-005, -0.984422553, -6.80832849e-006, 1, 2.78857343e-005, 0.984422641, 1.39141113e-005, 0.175818269, 0.175818268, 2.61631516e-005, -0.984422641, -1.82973262e-005, 1, 2.33092438e-005, 0, 0, 0, 0, 0, 0, 0, 0.276118359, -0.10087583, -0.197625708, -0.300565103, 0.775886843, -0.554643829, -0.846435547, 0.0509033203, 0.529907227, 0.439391267, 0.628797741, 0.64166241, 0, 0, -0, 0, 0, 0, 0, 0.351963916, -0.0662761719, -0.159827832, 0.0869894323, 0.576305571, -0.812417439, 0.287475586, -0.795288086, -0.533447266, -0.953773601, -0.187122632, -0.234889134, 0, 2, 5, 1, 
414.496654, 49, 0.1, 0.1, 0.0186188821, 0.3806202, -0.0349696399, 0.984422099, -1.1003676e-005, 0.175821303, 0.175821303, -2.33782242e-005, -0.984422099, 1.49426517e-005, 1, -2.10793599e-005, 0.98442219, -2.02678871e-005, 0.175820795, 0.175820795, -1.39826536e-005, -0.98442219, 2.24105991e-005, 1, -1.02013184e-005, 0, 0, 0, 0, 0, 0, 0, 0.276118359, -0.10087583, -0.197625708, -0.300565103, 0.775886843, -0.554643829, -0.846435547, 0.0509033203, 0.529907227, 0.439391267, 0.628797741, 0.64166241, 0, 0, -0, 0, 0, 0, 0, 0.351963916, -0.0662761719, -0.159827832, 0.0869894323, 0.576305571, -0.812417439, 0.287475586, -0.795288086, -0.533447266, -0.953773601, -0.187122632, -0.234889134, 0, 2, 5, 1, 
414.497345, 49, 0.1, 0.1, 0.0186188747, 0.380620203, -0.0349704672, 0.984421631, 2.71416285e-005, 0.175823925, 0.175823924, 1.4576648e-005, -0.984421631, -2.92817297e-005, 1, 9.57741991e-006, 0.984421724, 3.114596e-005, 0.175823402, 0.175823402, -9.11932432e-007, -0.984421724, -3.05004206e-005, 1, -6.37391475e-006, 0, 0, 0, 0, 0, 0, 0, 0.276118359, -0.10087583, -0.197625708, -0.300565103, 0.775886843, -0.554643829, -0.846435547, 0.0509033203, 0.529907227, 0.439391267, 0.628797741, 0.64166241, 0, 0, -0, 0, 0, 0, 0, 0.351963916, -0.0662761719, -0.159827832, 0.0869894323, 0.576305571, -0.812417439, 0.287475586, -0.795288086, -0.533447266, -0.953773601, -0.187122632, -0.234889134, 0, 2, 5, 1, 
