time, trialNum, realDorsalTactorPos, realVentralTactorPos, boxPosX, boxPosY, boxPosZ, boxLocalRot_11, boxLocalRot_12, boxLocalRot_13, boxLocalRot_21, boxLocalRot_22, boxLocalRot_23, boxLocalRot_31, boxLocalRot_32, boxLocalRot_33, boxGlobalRot_11, boxGlobalRot_12, boxGlobalRot_13, boxGlobalRot_21, boxGlobalRot_22, boxGlobalRot_23, boxGlobalRot_31, boxGlobalRot_32, boxGlobalRot_33, indexForceX, indexForceY, indexForceZ, indexForceGlobalX, indexForceGlobalY, indexForceGlobalZ, indexContact, indexPosX, indexPosY, indexPosZ, indexRot_11, indexRot_12, indexRot_13, indexRot_21, indexRot_22, indexRot_23, indexRot_31, indexRot_32, indexRot_33, thumbForceX, thumbForceY, thumbForceZ, thumbForceGlobalX, thumbForceGlobalY, thumbForceGlobalZ, thumbContact, thumbPosX, thumbPosY, thumbPosZ, thumbRot_11, thumbRot_12, thumbRot_13, thumbRot_21, thumbRot_22, thumbRot_23, thumbRot_31, thumbRot_32, thumbRot_33, manipForceTooHigh, cceExpType, mapping, trialSuccess, 
406.69924, 50, 0.1, 0.1, 0.0157630515, 0.378414408, -0.0349712238, 0.888583568, -0.45871477, -4.30536207e-005, 0.458714771, 0.888583569, 1.45728461e-006, 3.7588262e-005, -2.10442509e-005, 0.999999999, 0.888583631, -0.458714649, -4.2173627e-005, 0.45871465, 0.888583631, 2.58806193e-006, 3.62876127e-005, -2.164537e-005, 0.999999999, 0, 0, 0, 0, 0, 0, 0, 0.251411719, -0.0319509521, -0.202938208, -0.147952239, 0.739311852, -0.656837049, -0.87109375, 0.216918945, 0.440429688, 0.468117112, 0.637433265, 0.61211921, 0, 0, -0, 0, 0, 0, 0, 0.336403223, -0.00974916992, -0.166075488, 0.284859079, 0.388116476, -0.876363702, 0.148925781, -0.921020508, -0.35949707, -0.94684659, -0.0280659748, -0.320165492, 0, 2, 1, 1, 
406.71408, 50, 0.1, 0.1, 0.0157630329, 0.378414415, -0.03495733, 0.888580402, -0.458720905, -1.00775206e-006, 0.458720905, 0.888580402, 9.50565399e-006, -3.46497347e-006, -8.90881479e-006, 1, 0.888580378, -0.458720951, 1.50069898e-005, 0.458720951, 0.888580378, 1.81838566e-006, -1.41690483e-005, 5.26823882e-006, 1, 0, 0, 0, 0, 0, 0, 0, 0.264119604, -0.0511509521, -0.198480664, -0.138196374, 0.725212194, -0.674435023, -0.884521484, 0.215820312, 0.413330078, 0.445437714, 0.653755912, 0.611816657, 0, 0, -0, 0, 0, 0, 0, 0.346256396, -0.0243934082, -0.159919336, 0.299402851, 0.382560787, -0.873990375, 0.173828125, -0.922485352, -0.344360352, -0.938076158, -0.0487797058, -0.342746189, 0, 2, 1, 1, 
406.71521, 50, 0.1, 0.1, 0.0157630387, 0.378414415, -0.0349412412, 0.888580358, -0.458720991, 5.71748655e-006, 0.458720991, 0.888580358, 1.83332631e-005, -1.34902989e-005, -1.36678464e-005, 1, 0.88858037, -0.458720967, -1.15879865e-006, 0.458720967, 0.88858037, 1.53726015e-005, -6.0220489e-006, -1.41913572e-005, 1, 0, 0, 0, 0, 0, 0, 0, 0.264119604, -0.0511509521, -0.198480664, -0.138196374, 0.725212194, -0.674435023, -0.884521484, 0.215820312, 0.413330078, 0.445437714, 0.653755912, 0.611816657, 0, 0, -0, 0, 0, 0, 0, 0.346256396, -0.0243934082, -0.159919336, 0.298815166, 0.382432089, -0.874201462, 0.179443359, -0.922241211, -0.342163086, -0.937155984, -0.0545621398, -0.344241288, 0, 2, 1, 1, 
406.716309, 50, 0.1, 0.1, 0.015763045, 0.378414417, -0.0349319431, 0.888580479, -0.458720756, 1.37759907e-005, 0.458720756, 0.888580479, 1.13969642e-006, -1.27638788e-005, 5.30662087e-006, 1, 0.888580433, -0.458720844, -2.33471379e-005, 0.458720845, 0.888580433, 4.17373507e-006, 1.88312306e-005, -1.44185181e-005, 1, 0, 0, 0, 0, 0, 0, 0, 0.264119604, -0.0511509521, -0.198480664, -0.138196374, 0.725212194, -0.674435023, -0.884521484, 0.215820312, 0.413330078, 0.445437714, 0.653755912, 0.611816657, 0, 0, -0, 0, 0, 0, 0, 0.347576318, -0.0272024414, -0.159741504, 0.298815166, 0.382432089, -0.874201462, 0.179443359, -0.922241211, -0.342163086, -0.937155984, -0.0545621398, -0.344241288, 0, 2, 1, 1, 
406.717455, 50, 0.1, 0.1, 0.0157630456, 0.378414418, -0.0349321811, 0.888580522, -0.458720673, -3.36528738e-006, 0.458720673, 0.888580522, -1.23217619e-005, 8.64257574e-006, 9.40515074e-006, 1, 0.888580545, -0.458720628, -1.595859e-005, 0.458720628, 0.888580545, -1.79167361e-005, 2.23992691e-005, 8.59992867e-006, 1, 0, 0, 0, 0, 0, 0, 0, 0.264119604, -0.0511509521, -0.198480664, -0.138686879, 0.723848882, -0.675862736, -0.886352539, 0.213623047, 0.410644531, 0.441560461, 0.656072902, 0.612166377, 0, 0, -0, 0, 0, 0, 0, 0.347576318, -0.0272024414, -0.159741504, 0.298815166, 0.382432089, -0.874201462, 0.179443359, -0.922241211, -0.342163086, -0.937155984, -0.0545621398, -0.344241288, 0, 2, 1, 1, 
406.718477, 50, 0.1, 0.1, 0.0157630389, 0.378414415, -0.0349401227, 0.888580471, -0.458720771, -9.27195385e-006, 0.458720771, 0.888580471, -3.96485793e-007, 8.42075339e-006, -3.90092829e-006, 1, 0.88858046, -0.458720793, 1.44559263e-006, 0.458720793, 0.88858046, -8.1811765e-006, 2.46835041e-006, 7.93275697e-006, 1, 0, 0, 0, 0, 0, 0, 0, 0.265868677, -0.0541157227, -0.198552563, -0.138686879, 0.723848882, -0.675862736, -0.886352539, 0.213623047, 0.410644531, 0.441560461, 0.656072902, 0.612166377, 0, 0, -0, 0, 0, 0, 0, 0.347576318, -0.0272024414, -0.159741504, 0.298815166, 0.382432089, -0.874201462, 0.179443359, -0.922241211, -0.342163086, -0.937155984, -0.0545621398, -0.344241288, 0, 2, 1, 1, 
406.719174, 50, 0.1, 0.1, 0.0157630366, 0.378414414, -0.0349523723, 0.888580525, -0.458720666, -2.97847328e-006, 0.458720666, 0.888580525, 1.60569833e-006, 1.91004634e-006, -2.79307951e-006, 1, 0.888580521, -0.458720674, 8.55034367e-006, 0.458720674, 0.888580521, 7.61645761e-006, -1.10914954e-005, -2.84561646e-006, 1, 0, 0, 0, 0, 0, 0, 0, 0.265868677, -0.0541157227, -0.198552563, -0.138686879, 0.723848882, -0.675862736, -0.886352539, 0.213623047, 0.410644531, 0.441560461, 0.656072902, 0.612166377, 0, 0, -0, 0, 0, 0, 0, 0.347576318, -0.0272024414, -0.159741504, 0.298815166, 0.382432089, -0.874201462, 0.179443359, -0.922241211, -0.342163086, -0.937155984, -0.0545621398, -0.344241288, 0, 2, 1, 1, 
406.71989, 50, 0.1, 0.1, 0.0157630356, 0.378414415, -0.0349688213, 0.888580511, -0.458720693, 6.38901295e-006, 0.458720693, 0.888580512, -1.11879094e-006, -5.16393984e-006, 3.92490828e-006, 1, 0.888580513, -0.45872069, 6.67728754e-006, 0.45872069, 0.888580513, 5.20442475e-006, -8.3206849e-006, -1.56154047e-006, 1, 0, 0, 0, 0, 0, 0, 0, 0.268098291, -0.0573506104, -0.198452734, -0.1384229, 0.721515039, -0.678293181, -0.889038086, 0.211181641, 0.40612793, 0.436204197, 0.659285161, 0.612427729, 0, 0, -0, 0, 0, 0, 0, 0.347576318, -0.0272024414, -0.159741504, 0.29877069, 0.382871753, -0.874016628, 0.18737793, -0.921630859, -0.339599609, -0.935565004, -0.06224872, -0.347167686, 0, 2, 1, 1, 
406.720585, 50, 0.1, 0.1, 0.0157630358, 0.378414416, -0.0349832474, 0.888580533, -0.458720651, 6.69685628e-006, 0.458720651, 0.888580533, 1.38084862e-006, -6.5841199e-006, 1.84499107e-006, 1, 0.88858053, -0.458720657, 4.4817067e-007, 0.458720657, 0.88858053, -2.03498395e-006, 5.35253445e-007, 2.01383227e-006, 1, 0, 0, 0, 0, 0, 0, 0, 0.268098291, -0.0573506104, -0.198452734, -0.1384229, 0.721515039, -0.678293181, -0.889038086, 0.211181641, 0.40612793, 0.436204197, 0.659285161, 0.612427729, 0, 0, -0, 0, 0, 0, 0, 0.349392773, -0.0297906738, -0.159121094, 0.29877069, 0.382871753, -0.874016628, 0.18737793, -0.921630859, -0.339599609, -0.935565004, -0.06224872, -0.347167686, 0, 2, 1, 1, 
406.721272, 50, 0.1, 0.1, 0.0157630328, 0.378414415, -0.0349923181, 0.888580536, -0.458720646, 5.96649782e-006, 0.458720646, 0.888580536, 1.9255717e-006, -6.18501333e-006, 1.0259302e-006, 1, 0.888580536, -0.458720646, 8.62188536e-006, 0.458720646, 0.888580536, 4.49987695e-006, -9.72542598e-006, -4.34662438e-008, 1, 0, 0, 0, 0, 0, 0, 0, 0.268098291, -0.0573506104, -0.198452734, -0.1384229, 0.721515039, -0.678293181, -0.889038086, 0.211181641, 0.40612793, 0.436204197, 0.659285161, 0.612427729, 0, 0, -0, 0, 0, 0, 0, 0.349392773, -0.0297906738, -0.159121094, 0.29877069, 0.382871753, -0.874016628, 0.18737793, -0.921630859, -0.339599609, -0.935565004, -0.06224872, -0.347167686, 0, 2, 1, 1, 
406.721961, 50, 0.1, 0.1, 0.015763035, 0.378414417, -0.0349942331, 0.888580548, -0.458720623, -1.15139263e-005, 0.458720622, 0.888580548, -5.94911398e-006, 1.29600322e-005, 4.59152934e-009, 1, 0.888580546, -0.458720626, -9.96324518e-006, 0.458720626, 0.888580547, -5.42900472e-006, 1.13435423e-005, 2.53761916e-007, 1, 0, 0, 0, 0, 0, 0, 0, 0.268098291, -0.0573506104, -0.198452734, -0.1384229, 0.721515039, -0.678293181, -0.889038086, 0.211181641, 0.40612793, 0.436204197, 0.659285161, 0.612427729, 0, 0, -0, 0, 0, 0, 0, 0.349392773, -0.0297906738, -0.159121094, 0.29877069, 0.382871753, -0.874016628, 0.18737793, -0.921630859, -0.339599609, -0.935565004, -0.06224872, -0.347167686, 0, 2, 1, 1, 
406.722653, 50, 0.1, 0.1, 0.0157630373, 0.378414418, -0.0349889605, 0.888580562, -0.458720596, 2.40836916e-006, 0.458720596, 0.888580562, -1.447147e-007, -2.07364641e-006, 1.23335921e-006, 1, 0.888580558, -0.458720603, -4.00271775e-006, 0.458720603, 0.888580558, -1.66170173e-006, 4.31899399e-006, -3.59573244e-007, 1, 0, 0, 0, 0, 0, 0, 0, 0.268098291, -0.0573506104, -0.198452734, -0.1384229, 0.721515039, -0.678293181, -0.889038086, 0.211181641, 0.40612793, 0.436204197, 0.659285161, 0.612427729, 0, 0, -0, 0, 0, 0, 0, 0.349392773, -0.0297906738, -0.159121094, 0.29877069, 0.382871753, -0.874016628, 0.18737793, -0.921630859, -0.339599609, -0.935565004, -0.06224872, -0.347167686, 0, 2, 1, 1, 
406.723344, 50, 0.1, 0.1, 0.0157630366, 0.378414418, -0.0349786569, 0.888580557, -0.458720605, -2.05886291e-006, 0.458720605, 0.888580557, -7.84727031e-007, 2.18943601e-006, -2.47149658e-007, 1, 0.888580559, -0.458720602, -4.05191203e-007, 0.458720602, 0.888580559, -6.16745859e-007, 6.42959057e-007, 3.62158828e-007, 1, 0, 0, 0, 0, 0, 0, 0, 0.268098291, -0.0573506104, -0.198452734, -0.1384229, 0.721515039, -0.678293181, -0.889038086, 0.211181641, 0.40612793, 0.436204197, 0.659285161, 0.612427729, 0, 0, -0, 0, 0, 0, 0, 0.349392773, -0.0297906738, -0.159121094, 0.29877069, 0.382871753, -0.874016628, 0.18737793, -0.921630859, -0.339599609, -0.935565004, -0.06224872, -0.347167686, 0, 2, 1, 1, 
406.724037, 50, 0.1, 0.1, 0.0157630365, 0.378414418, -0.034966792, 0.88858055, -0.458720618, 3.03530208e-006, 0.458720618, 0.888580551, 5.63165212e-007, -2.95544589e-006, 8.91937994e-007, 1, 0.888580553, -0.458720614, -2.57729758e-006, 0.458720614, 0.888580553, 3.76201685e-006, 5.64421831e-007, -4.52511454e-006, 1, 0, 0, 0, 0, 0, 0, 0, 0.268098291, -0.0573506104, -0.198452734, -0.1384229, 0.721515039, -0.678293181, -0.889038086, 0.211181641, 0.40612793, 0.436204197, 0.659285161, 0.612427729, 0, 0, -0, 0, 0, 0, 0, 0.349392773, -0.0297906738, -0.159121094, 0.29877069, 0.382871753, -0.874016628, 0.18737793, -0.921630859, -0.339599609, -0.935565004, -0.06224872, -0.347167686, 0, 2, 1, 1, 
406.724753, 50, 0.1, 0.1, 0.0157630376, 0.378414419, -0.0349565766, 0.888580552, -0.458720614, 5.65965079e-006, 0.458720614, 0.888580552, 9.31394914e-006, -9.3015561e-006, -5.67999558e-006, 1, 0.888580545, -0.458720628, -6.63289867e-006, 0.458720628, 0.888580545, 2.44852518e-006, 4.77067571e-006, -5.21835928e-006, 1, 0, 0, 0, 0, 0, 0, 0, 0.27036123, -0.0601159424, -0.197671094, -0.137448621, 0.71964437, -0.680551761, -0.892333984, 0.208129883, 0.400390625, 0.42987029, 0.662300469, 0.613774189, 0, 0, -0, 0, 0, 0, 0, 0.349392773, -0.0297906738, -0.159121094, 0.299064899, 0.383956704, -0.87340379, 0.196166992, -0.920532227, -0.337524414, -0.933692941, -0.0702357059, -0.350662813, 0, 2, 1, 1, 
406.725445, 50, 0.1, 0.1, 0.0157630372, 0.378414418, -0.0349511634, 0.888580614, -0.458720495, -8.11521748e-007, 0.458720495, 0.888580614, -4.03653846e-007, 9.06266785e-007, -1.35826749e-008, 1, 0.888580604, -0.458720515, -9.2485638e-006, 0.458720515, 0.888580604, 4.73289676e-006, 6.04701757e-006, -8.44806621e-006, 1, 0, 0, 0, 0, 0, 0, 0, 0.27036123, -0.0601159424, -0.197671094, -0.137448621, 0.71964437, -0.680551761, -0.892333984, 0.208129883, 0.400390625, 0.42987029, 0.662300469, 0.613774189, 0, 0, -0, 0, 0, 0, 0, 0.350791064, -0.0316728027, -0.158261084, 0.299064899, 0.383956704, -0.87340379, 0.196166992, -0.920532227, -0.337524414, -0.933692941, -0.0702357059, -0.350662813, 0, 2, 1, 1, 
406.726136, 50, 0.1, 0.1, 0.0157630336, 0.378414422, -0.0349515236, 0.888580664, -0.458720398, -2.10051944e-005, 0.458720398, 0.888580664, -1.14674453e-006, 1.91908447e-005, -8.61653612e-006, 1, 0.888580653, -0.458720418, 5.68375445e-006, 0.458720419, 0.888580653, -9.00188466e-006, -9.21125943e-007, 1.06061548e-005, 1, 0, 0, 0, 0, 0, 0, 0, 0.27036123, -0.0601159424, -0.197671094, -0.137448621, 0.71964437, -0.680551761, -0.892333984, 0.208129883, 0.400390625, 0.42987029, 0.662300469, 0.613774189, 0, 0, -0, 0, 0, 0, 0, 0.350791064, -0.0316728027, -0.158261084, 0.299064899, 0.383956704, -0.87340379, 0.196166992, -0.920532227, -0.337524414, -0.933692941, -0.0702357059, -0.350662813, 0, 2, 1, 1, 
406.726827, 50, 0.1, 0.1, 0.0157630403, 0.378414423, -0.0349572149, 0.888580717, -0.458720296, 1.79843142e-005, 0.458720296, 0.888580717, -1.02192092e-005, -1.12927561e-005, 1.73303622e-005, 1, 0.888580705, -0.458720318, -1.03912525e-005, 0.458720318, 0.888580705, -2.50747741e-006, 1.03836973e-005, -2.53858259e-006, 1, 0, 0, 0, 0, 0, 0, 0, 0.27036123, -0.0601159424, -0.197671094, -0.137448621, 0.71964437, -0.680551761, -0.892333984, 0.208129883, 0.400390625, 0.42987029, 0.662300469, 0.613774189, 0, 0, -0, 0, 0, 0, 0, 0.350791064, -0.0316728027, -0.158261084, 0.299064899, 0.383956704, -0.87340379, 0.196166992, -0.920532227, -0.337524414, -0.933692941, -0.0702357059, -0.350662813, 0, 2, 1, 1, 
406.727536, 50, 0.1, 0.1, 0.0157630293, 0.378414426, -0.0349660519, 0.888580752, -0.458720227, 1.28233538e-005, 0.458720227, 0.888580752, 7.33911698e-007, -1.17312455e-005, 5.23019197e-006, 1, 0.888580747, -0.458720235, 3.144288e-005, 0.458720236, 0.888580748, -6.51005185e-006, -2.49532453e-005, 2.02081921e-005, 0.999999999, 0, 0, 0, 0, 0, 0, 0, 0.27036123, -0.0601159424, -0.197671094, -0.137448621, 0.71964437, -0.680551761, -0.892333984, 0.208129883, 0.400390625, 0.42987029, 0.662300469, 0.613774189, 0, 0, -0, 0, 0, 0, 0, 0.350791064, -0.0316728027, -0.158261084, 0.299064899, 0.383956704, -0.87340379, 0.196166992, -0.920532227, -0.337524414, -0.933692941, -0.0702357059, -0.350662813, 0, 2, 1, 1, 
406.728711, 50, 0.1, 0.1, 0.0157630688, 0.378414411, -0.0349745349, 0.888580768, -0.458720191, -7.47332623e-005, 0.458720194, 0.888580769, 2.29827391e-005, 5.58638932e-005, -5.47036766e-005, 0.999999997, 0.88858077, -0.458720186, -8.22924234e-005, 0.458720189, 0.888580771, 2.99710115e-005, 5.93751571e-005, -6.43808605e-005, 0.999999996, 0, 0, 0, 0, 0, 0, 0, 0.27036123, -0.0601159424, -0.197671094, -0.137448621, 0.71964437, -0.680551761, -0.892333984, 0.208129883, 0.400390625, 0.42987029, 0.662300469, 0.613774189, 0, 0, -0, 0, 0, 0, 0, 0.350791064, -0.0316728027, -0.158261084, 0.299064899, 0.383956704, -0.87340379, 0.196166992, -0.920532227, -0.337524414, -0.933692941, -0.0702357059, -0.350662813, 0, 2, 1, 1, 
406.729544, 50, 0.1, 0.1, 0.0157630738, 0.378414412, -0.0349737028, 0.888580749, -0.458720231, 4.51644904e-005, 0.458720232, 0.888580749, -1.82476851e-005, -3.17617144e-005, 3.69324072e-005, 0.999999999, 0.888580753, -0.458720224, 2.12647615e-005, 0.458720225, 0.888580753, -1.10618259e-005, -1.38211745e-005, 1.95839018e-005, 1, 0, 0, 0, 0, 0, 0, 0, 0.272153882, -0.0628561279, -0.197522559, -0.1369817, 0.718300154, -0.682086937, -0.895019531, 0.205200195, 0.395751953, 0.4242347, 0.664738026, 0.615006072, 0, 0, -0, 0, 0, 0, 0, 0.350791064, -0.0316728027, -0.158261084, 0.298994903, 0.384971293, -0.873059275, 0.205078125, -0.919433594, -0.335327148, -0.931859157, -0.0787210579, -0.353940656, 0, 2, 1, 1, 
406.730232, 50, 0.1, 0.1, 0.0157630539, 0.378414418, -0.034971552, 0.888580719, -0.458720289, 4.25066332e-005, 0.45872029, 0.88858072, -9.58978354e-006, -3.33715465e-005, 2.80199519e-005, 0.999999999, 0.888580726, -0.458720275, 5.76933536e-005, 0.458720276, 0.888580727, -1.51629115e-005, -4.43096672e-005, 3.9938582e-005, 0.999999998, 0, 0, 0, 0, 0, 0, 0, 0.272153882, -0.0628561279, -0.197522559, -0.1369817, 0.718300154, -0.682086937, -0.895019531, 0.205200195, 0.395751953, 0.4242347, 0.664738026, 0.615006072, 0, 0, -0, 0, 0, 0, 0, 0.352387695, -0.0337933105, -0.157414258, 0.298994903, 0.384971293, -0.873059275, 0.205078125, -0.919433594, -0.335327148, -0.931859157, -0.0787210579, -0.353940656, 0, 2, 1, 1, 
406.730924, 50, 0.1, 0.1, 0.0157630617, 0.378414415, -0.0349690208, 0.888580682, -0.458720361, -4.72310028e-005, 0.458720362, 0.888580682, 1.64069429e-005, 3.4442358e-005, -3.62447152e-005, 0.999999999, 0.88858069, -0.458720346, -4.2841401e-005, 0.458720347, 0.88858069, 1.63840086e-005, 3.05523636e-005, -3.4210736e-005, 0.999999999, 0, 0, 0, 0, 0, 0, 0, 0.272153882, -0.0628561279, -0.197522559, -0.1369817, 0.718300154, -0.682086937, -0.895019531, 0.205200195, 0.395751953, 0.4242347, 0.664738026, 0.615006072, 0, 0, -0, 0, 0, 0, 0, 0.352387695, -0.0337933105, -0.157414258, 0.298994903, 0.384971293, -0.873059275, 0.205078125, -0.919433594, -0.335327148, -0.931859157, -0.0787210579, -0.353940656, 0, 2, 1, 1, 
406.731618, 50, 0.1, 0.1, 0.0157630647, 0.378414416, -0.0349668991, 0.888580634, -0.458720454, 3.18319524e-005, 0.458720455, 0.888580635, -1.3712745e-005, -2.19949398e-005, 2.67868473e-005, 0.999999999, 0.888580644, -0.458720436, 1.3828323e-005, 0.458720436, 0.888580644, -7.67642965e-006, -8.76624504e-006, 1.31644612e-005, 1, 0, 0, 0, 0, 0, 0, 0, 0.272153882, -0.0628561279, -0.197522559, -0.1369817, 0.718300154, -0.682086937, -0.895019531, 0.205200195, 0.395751953, 0.4242347, 0.664738026, 0.615006072, 0, 0, -0, 0, 0, 0, 0, 0.352387695, -0.0337933105, -0.157414258, 0.298994903, 0.384971293, -0.873059275, 0.205078125, -0.919433594, -0.335327148, -0.931859157, -0.0787210579, -0.353940656, 0, 2, 1, 1, 
406.732334, 50, 0.1, 0.1, 0.0157630559, 0.378414419, -0.0349654603, 0.88858058, -0.45872056, -7.36235951e-006, 0.45872056, 0.88858058, 4.48360382e-006, 4.48532843e-006, -7.36130896e-006, 1, 0.888580592, -0.458720537, 1.64326867e-005, 0.458720537, 0.888580592, -4.52371636e-006, -1.25266449e-005, 1.15576975e-005, 1, 0, 0, 0, 0, 0, 0, 0, 0.274249121, -0.0661188477, -0.196804517, -0.134947402, 0.715401667, -0.685520113, -0.898193359, 0.203735352, 0.389526367, 0.418350862, 0.6682869, 0.615179058, 0, 0, -0, 0, 0, 0, 0, 0.353635742, -0.0364772461, -0.156602344, 0.300394486, 0.383558217, -0.873187606, 0.211547852, -0.919433594, -0.331176758, -0.929993657, -0.0851294564, -0.35739094, 0, 2, 1, 1, 
406.733027, 50, 0.1, 0.1, 0.0157630622, 0.378414416, -0.0349653257, 0.888580531, -0.458720656, 3.73096119e-006, 0.458720656, 0.888580531, 2.84885943e-006, -4.62209014e-006, -8.19972061e-007, 1, 0.88858054, -0.458720637, -1.50929655e-005, 0.458720637, 0.88858054, 9.22955651e-006, 9.17752737e-006, -1.51246591e-005, 1, 0, 0, 0, 0, 0, 0, 0, 0.274249121, -0.0661188477, -0.196804517, -0.134947402, 0.715401667, -0.685520113, -0.898193359, 0.203735352, 0.389526367, 0.418350862, 0.6682869, 0.615179058, 0, 0, -0, 0, 0, 0, 0, 0.353635742, -0.0364772461, -0.156602344, 0.300394486, 0.383558217, -0.873187606, 0.211547852, -0.919433594, -0.331176758, -0.929993657, -0.0851294564, -0.35739094, 0, 2, 1, 1, 
406.733719, 50, 0.1, 0.1, 0.0157630562, 0.378414425, -0.0349665136, 0.888580592, -0.458720537, 6.49859856e-006, 0.458720537, 0.888580592, -2.76254703e-005, 6.89784204e-006, 2.75284974e-005, 1, 0.888580571, -0.458720578, 1.3853255e-005, 0.458720578, 0.888580571, -3.26521502e-005, 2.66847999e-006, 3.53688394e-005, 0.999999999, 0, 0, 0, 0, 0, 0, 0, 0.274249121, -0.0661188477, -0.196804517, -0.134947402, 0.715401667, -0.685520113, -0.898193359, 0.203735352, 0.389526367, 0.418350862, 0.6682869, 0.615179058, 0, 0, -0, 0, 0, 0, 0, 0.353635742, -0.0364772461, -0.156602344, 0.300394486, 0.383558217, -0.873187606, 0.211547852, -0.919433594, -0.331176758, -0.929993657, -0.0851294564, -0.35739094, 0, 2, 1, 1, 
406.734413, 50, 0.1, 0.1, 0.0157630583, 0.378414421, -0.0349686192, 0.888580716, -0.458720298, -1.065431e-005, 0.458720298, 0.888580715, 2.29614835e-005, -1.06568412e-006, -2.52904797e-005, 1, 0.888580695, -0.458720337, -1.1910104e-005, 0.458720337, 0.888580695, 2.21521143e-005, 4.21463118e-007, -2.51473481e-005, 1, 0, 0, 0, 0, 0, 0, 0, 0.274249121, -0.0661188477, -0.196804517, -0.134947402, 0.715401667, -0.685520113, -0.898193359, 0.203735352, 0.389526367, 0.418350862, 0.6682869, 0.615179058, 0, 0, -0, 0, 0, 0, 0, 0.353635742, -0.0364772461, -0.156602344, 0.300394486, 0.383558217, -0.873187606, 0.211547852, -0.919433594, -0.331176758, -0.929993657, -0.0851294564, -0.35739094, 0, 2, 1, 1, 
406.735104, 50, 0.1, 0.1, 0.0157630572, 0.378414422, -0.0349709556, 0.888580796, -0.458720142, 1.30302139e-005, 0.458720142, 0.888580796, -1.78024095e-005, -3.41207406e-006, 2.17961007e-005, 1, 0.888580779, -0.458720176, 1.42152071e-005, 0.458720176, 0.888580779, -1.24769062e-005, -6.90795113e-006, 1.76075413e-005, 1, 0, 0, 0, 0, 0, 0, 0, 0.274249121, -0.0661188477, -0.196804517, -0.134947402, 0.715401667, -0.685520113, -0.898193359, 0.203735352, 0.389526367, 0.418350862, 0.6682869, 0.615179058, 0, 0, -0, 0, 0, 0, 0, 0.353635742, -0.0364772461, -0.156602344, 0.300394486, 0.383558217, -0.873187606, 0.211547852, -0.919433594, -0.331176758, -0.929993657, -0.0851294564, -0.35739094, 0, 2, 1, 1, 
406.735801, 50, 0.1, 0.1, 0.0157630584, 0.378414423, -0.0349728103, 0.888580929, -0.458719885, -8.39718545e-006, 0.458719885, 0.888580928, 2.22880439e-005, -2.76239007e-006, -2.36566867e-005, 1, 0.888580902, -0.458719937, -5.56871382e-006, 0.458719937, 0.888580902, 1.25028637e-005, -7.87060114e-007, -1.3664286e-005, 1, 0, 0, 0, 0, 0, 0, 0, 0.274249121, -0.0661188477, -0.196804517, -0.134947402, 0.715401667, -0.685520113, -0.898193359, 0.203735352, 0.389526367, 0.418350862, 0.6682869, 0.615179058, 0, 0, -0, 0, 0, 0, 0, 0.353635742, -0.0364772461, -0.156602344, 0.300394486, 0.383558217, -0.873187606, 0.211547852, -0.919433594, -0.331176758, -0.929993657, -0.0851294564, -0.35739094, 0, 2, 1, 1, 
406.736491, 50, 0.1, 0.1, 0.0157630625, 0.378414419, -0.0349736992, 0.888581007, -0.458719734, 2.47108778e-006, 0.458719734, 0.888581007, -3.44617594e-006, -6.1493275e-007, 4.19574322e-006, 1, 0.888580999, -0.458719749, -1.06666268e-005, 0.458719749, 0.888580999, 6.70507142e-006, 6.40241321e-006, -1.08509914e-005, 1, 0, 0, 0, 0, 0, 0, 0, 0.274249121, -0.0661188477, -0.196804517, -0.134947402, 0.715401667, -0.685520113, -0.898193359, 0.203735352, 0.389526367, 0.418350862, 0.6682869, 0.615179058, 0, 0, -0, 0, 0, 0, 0, 0.353635742, -0.0364772461, -0.156602344, 0.300394486, 0.383558217, -0.873187606, 0.211547852, -0.919433594, -0.331176758, -0.929993657, -0.0851294564, -0.35739094, 0, 2, 1, 1, 
406.737209, 50, 0.1, 0.1, 0.0157630613, 0.378414424, -0.0349731514, 0.888581093, -0.458719567, -3.20105432e-006, 0.458719567, 0.888581093, -5.0399318e-006, 5.15631168e-006, 3.01000185e-006, 1, 0.888581071, -0.45871961, -1.09151671e-006, 0.45871961, 0.888581071, -1.55869035e-005, 8.11991939e-006, 1.33495273e-005, 1, 0, 0, 0, 0, 0, 0, 0, 0.27610293, -0.068698291, -0.195844312, -0.133205535, 0.71276341, -0.688616674, -0.901611328, 0.201293945, 0.38269043, 0.411401013, 0.671918149, 0.615916689, 0, 0, -0, 0, 0, 0, 0, 0.354845703, -0.038700293, -0.155557178, 0.301161542, 0.382771105, -0.873207296, 0.219238281, -0.919067383, -0.327270508, -0.927949153, -0.0928222332, -0.360707062, 0, 2, 1, 1, 
406.737896, 50, 0.1, 0.1, 0.0157630642, 0.378414419, -0.0349716749, 0.888581185, -0.458719389, -1.10782013e-005, 0.458719389, 0.888581185, 1.12855884e-005, 4.66696299e-006, -1.51099472e-005, 1, 0.888581173, -0.458719411, -1.30345917e-005, 0.458719412, 0.888581173, 1.83868441e-005, 3.14789046e-006, -2.23174237e-005, 1, 0, 0, 0, 0, 0, 0, 0, 0.27610293, -0.068698291, -0.195844312, -0.133205535, 0.71276341, -0.688616674, -0.901611328, 0.201293945, 0.38269043, 0.411401013, 0.671918149, 0.615916689, 0, 0, -0, 0, 0, 0, 0, 0.354845703, -0.038700293, -0.155557178, 0.301161542, 0.382771105, -0.873207296, 0.219238281, -0.919067383, -0.327270508, -0.927949153, -0.0928222332, -0.360707062, 0, 2, 1, 1, 
406.738585, 50, 0.1, 0.1, 0.0157630598, 0.378414424, -0.0349698139, 0.888581223, -0.458719316, 1.41475396e-005, 0.458719316, 0.888581222, -2.4214848e-005, -1.46341959e-006, 2.80066089e-005, 1, 0.888581211, -0.458719338, 2.11057478e-005, 0.458719338, 0.888581211, -2.22484543e-005, -8.54837469e-006, 2.94511731e-005, 1, 0, 0, 0, 0, 0, 0, 0, 0.27610293, -0.068698291, -0.195844312, -0.133205535, 0.71276341, -0.688616674, -0.901611328, 0.201293945, 0.38269043, 0.411401013, 0.671918149, 0.615916689, 0, 0, -0, 0, 0, 0, 0, 0.354845703, -0.038700293, -0.155557178, 0.301161542, 0.382771105, -0.873207296, 0.219238281, -0.919067383, -0.327270508, -0.927949153, -0.0928222332, -0.360707062, 0, 2, 1, 1, 
406.739278, 50, 0.1, 0.1, 0.0157630641, 0.378414424, -0.0349681202, 0.888581364, -0.458719042, -1.14513875e-005, 0.458719042, 0.888581364, 2.31051742e-005, -4.23293876e-007, -2.57837967e-005, 1, 0.888581322, -0.458719123, -1.91002842e-005, 0.458719124, 0.888581322, 1.37305517e-005, 1.06736892e-005, -2.09623774e-005, 1, 0, 0, 0, 0, 0, 0, 0, 0.27610293, -0.068698291, -0.195844312, -0.133205535, 0.71276341, -0.688616674, -0.901611328, 0.201293945, 0.38269043, 0.411401013, 0.671918149, 0.615916689, 0, 0, -0, 0, 0, 0, 0, 0.354845703, -0.038700293, -0.155557178, 0.301161542, 0.382771105, -0.873207296, 0.219238281, -0.919067383, -0.327270508, -0.927949153, -0.0928222332, -0.360707062, 0, 2, 1, 1, 
406.739965, 50, 0.1, 0.1, 0.0157630637, 0.378414424, -0.03496708, 0.888581569, -0.458718645, 1.52657027e-005, 0.458718645, 0.888581569, -2.11446968e-005, -3.86535544e-006, 2.57914503e-005, 1, 0.888581539, -0.458718702, 5.29028892e-006, 0.458718703, 0.888581539, -1.33608605e-005, 1.4280235e-006, 1.42989684e-005, 1, 0, 0, 0, 0, 0, 0, 0, 0.27610293, -0.068698291, -0.195844312, -0.133205535, 0.71276341, -0.688616674, -0.901611328, 0.201293945, 0.38269043, 0.411401013, 0.671918149, 0.615916689, 0, 0, -0, 0, 0, 0, 0, 0.354845703, -0.038700293, -0.155557178, 0.301161542, 0.382771105, -0.873207296, 0.219238281, -0.919067383, -0.327270508, -0.927949153, -0.0928222332, -0.360707062, 0, 2, 1, 1, 
406.740655, 50, 0.1, 0.1, 0.0157630612, 0.378414429, -0.0349669817, 0.888581735, -0.458718324, -3.05646374e-006, 0.458718324, 0.888581734, 1.11665965e-005, -2.4064046e-006, -1.13244897e-005, 1, 0.888581706, -0.45871838, 6.01325954e-006, 0.45871838, 0.888581706, -5.39810728e-006, -2.86706139e-006, 7.55505205e-006, 1, 0, 0, 0, 0, 0, 0, 0, 0.27610293, -0.068698291, -0.195844312, -0.133205535, 0.71276341, -0.688616674, -0.901611328, 0.201293945, 0.38269043, 0.411401013, 0.671918149, 0.615916689, 0, 0, -0, 0, 0, 0, 0, 0.354845703, -0.038700293, -0.155557178, 0.301161542, 0.382771105, -0.873207296, 0.219238281, -0.919067383, -0.327270508, -0.927949153, -0.0928222332, -0.360707062, 0, 2, 1, 1, 
406.741346, 50, 0.1, 0.1, 0.0157630655, 0.378414422, -0.0349677866, 0.888581852, -0.458718097, -8.47784303e-006, 0.458718097, 0.888581852, 5.42210875e-006, 5.04603806e-006, -8.70692745e-006, 1, 0.888581824, -0.458718151, -9.01590455e-006, 0.458718151, 0.888581824, 1.95602329e-005, -9.61264937e-007, -2.15166265e-005, 1, 0, 0, 0, 0, 0, 0, 0, 0.27610293, -0.068698291, -0.195844312, -0.133205535, 0.71276341, -0.688616674, -0.901611328, 0.201293945, 0.38269043, 0.411401013, 0.671918149, 0.615916689, 0, 0, -0, 0, 0, 0, 0, 0.354845703, -0.038700293, -0.155557178, 0.301161542, 0.382771105, -0.873207296, 0.219238281, -0.919067383, -0.327270508, -0.927949153, -0.0928222332, -0.360707062, 0, 2, 1, 1, 
406.742065, 50, 0.1, 0.1, 0.0157630628, 0.37841443, -0.0349688765, 0.888581922, -0.458717961, 5.06738412e-006, 0.458717961, 0.888581922, -2.0195345e-005, 4.76118155e-006, 2.02697186e-005, 1, 0.888581906, -0.458717991, 8.28774414e-006, 0.458717991, 0.888581906, -2.65689769e-005, 4.82332821e-006, 2.74104495e-005, 1, 0, 0, 0, 0, 0, 0, 0, 0.277764502, -0.0714547119, -0.195504395, -0.13095519, 0.711120771, -0.690773783, -0.904296875, 0.199707031, 0.377075195, 0.406100916, 0.674032197, 0.617123485, 0, 0, -0, 0, 0, 0, 0, 0.355837305, -0.0408164063, -0.154708643, 0.302075519, 0.383019372, -0.87287554, 0.225708008, -0.918334961, -0.324951172, -0.926134692, -0.0986877894, -0.363863504, 0, 2, 1, 1, 
406.742755, 50, 0.1, 0.1, 0.0157630659, 0.378414426, -0.0349701638, 0.888581966, -0.458717876, -1.16655029e-005, 0.458717876, 0.888581965, 2.2971778e-005, -1.71809727e-007, -2.57634823e-005, 1, 0.888581959, -0.458717889, -1.63818864e-005, 0.458717889, 0.888581959, 2.13253402e-005, 4.77433365e-006, -2.64639769e-005, 1, 0, 0, 0, 0, 0, 0, 0, 0.277764502, -0.0714547119, -0.195504395, -0.13095519, 0.711120771, -0.690773783, -0.904296875, 0.199707031, 0.377075195, 0.406100916, 0.674032197, 0.617123485, 0, 0, -0, 0, 0, 0, 0, 0.355837305, -0.0408164063, -0.154708643, 0.302075519, 0.383019372, -0.87287554, 0.225708008, -0.918334961, -0.324951172, -0.926134692, -0.0986877894, -0.363863504, 0, 2, 1, 1, 
406.743445, 50, 0.1, 0.1, 0.0157630649, 0.378414427, -0.0349713162, 0.888582031, -0.45871775, 9.35955286e-006, 0.45871775, 0.888582031, -2.09549241e-005, 1.29566515e-006, 2.2913562e-005, 1, 0.888582014, -0.458717783, 7.5723136e-006, 0.458717783, 0.888582014, -1.6781086e-005, 9.69160888e-007, 1.83849261e-005, 1, 0, 0, 0, 0, 0, 0, 0, 0.277764502, -0.0714547119, -0.195504395, -0.13095519, 0.711120771, -0.690773783, -0.904296875, 0.199707031, 0.377075195, 0.406100916, 0.674032197, 0.617123485, 0, 0, -0, 0, 0, 0, 0, 0.355837305, -0.0408164063, -0.154708643, 0.302075519, 0.383019372, -0.87287554, 0.225708008, -0.918334961, -0.324951172, -0.926134692, -0.0986877894, -0.363863504, 0, 2, 1, 1, 
406.74416, 50, 0.1, 0.1, 0.0157630643, 0.378414428, -0.0349717268, 0.888582107, -0.458717602, -7.91062379e-006, 0.458717602, 0.888582107, 2.03727082e-005, -2.31608108e-006, -2.17315663e-005, 1, 0.888582086, -0.458717644, -7.37321305e-006, 0.458717644, 0.888582085, 9.48008439e-006, 2.20302305e-006, -1.18060561e-005, 1, 0, 0, 0, 0, 0, 0, 0, 0.277764502, -0.0714547119, -0.195504395, -0.13095519, 0.711120771, -0.690773783, -0.904296875, 0.199707031, 0.377075195, 0.406100916, 0.674032197, 0.617123485, 0, 0, -0, 0, 0, 0, 0, 0.355837305, -0.0408164063, -0.154708643, 0.302075519, 0.383019372, -0.87287554, 0.225708008, -0.918334961, -0.324951172, -0.926134692, -0.0986877894, -0.363863504, 0, 2, 1, 1, 
406.744865, 50, 0.1, 0.1, 0.0157630668, 0.378414424, -0.0349713921, 0.888582186, -0.45871745, 5.20310662e-006, 0.45871745, 0.888582186, -7.89742401e-006, -1.00070164e-006, 9.40426609e-006, 1, 0.888582169, -0.458717482, -1.79881932e-006, 0.458717482, 0.888582169, 6.51377925e-006, -1.38958564e-006, -6.61317796e-006, 1, 0, 0, 0, 0, 0, 0, 0, 0.277764502, -0.0714547119, -0.195504395, -0.13095519, 0.711120771, -0.690773783, -0.904296875, 0.199707031, 0.377075195, 0.406100916, 0.674032197, 0.617123485, 0, 0, -0, 0, 0, 0, 0, 0.356891895, -0.0436977051, -0.154104834, 0.303986228, 0.381229698, -0.872933509, 0.229614258, -0.918579102, -0.321289062, -0.924460956, -0.102680916, -0.366815422, 0, 2, 1, 1, 
406.745564, 50, 0.1, 0.1, 0.0157630643, 0.37841443, -0.0349706322, 0.888582284, -0.45871726, 6.43363449e-006, 0.45871726, 0.888582284, -2.34037443e-006, -4.64324348e-006, 5.03083444e-006, 1, 0.888582265, -0.458717296, 7.64912989e-006, 0.458717296, 0.888582265, -1.51445575e-005, 1.50189287e-007, 1.69659734e-005, 1, 0, 0, 0, 0, 0, 0, 0, 0.277764502, -0.0714547119, -0.195504395, -0.13095519, 0.711120771, -0.690773783, -0.904296875, 0.199707031, 0.377075195, 0.406100916, 0.674032197, 0.617123485, 0, 0, -0, 0, 0, 0, 0, 0.356891895, -0.0436977051, -0.154104834, 0.303986228, 0.381229698, -0.872933509, 0.229614258, -0.918579102, -0.321289062, -0.924460956, -0.102680916, -0.366815422, 0, 2, 1, 1, 
406.746253, 50, 0.1, 0.1, 0.0157630674, 0.378414424, -0.0349696903, 0.888582317, -0.458717195, -6.55799044e-006, 0.458717195, 0.888582317, 1.62329245e-005, -1.61900726e-006, -1.74325527e-005, 1, 0.888582309, -0.458717212, -9.25028351e-006, 0.458717212, 0.888582308, 2.29875169e-005, -2.32513141e-006, -2.46695651e-005, 1, 0, 0, 0, 0, 0, 0, 0, 0.277764502, -0.0714547119, -0.195504395, -0.13095519, 0.711120771, -0.690773783, -0.904296875, 0.199707031, 0.377075195, 0.406100916, 0.674032197, 0.617123485, 0, 0, -0, 0, 0, 0, 0, 0.356891895, -0.0436977051, -0.154104834, 0.303986228, 0.381229698, -0.872933509, 0.229614258, -0.918579102, -0.321289062, -0.924460956, -0.102680916, -0.366815422, 0, 2, 1, 1, 
406.746966, 50, 0.1, 0.1, 0.0157630653, 0.378414431, -0.0349686617, 0.888582325, -0.458717181, 8.38917311e-006, 0.458717181, 0.888582324, -2.82870249e-005, 5.52127337e-006, 2.89836082e-005, 1, 0.888582325, -0.45871718, 1.4105624e-005, 0.45871718, 0.888582325, -2.71853053e-005, -6.36416201e-008, 3.06268739e-005, 1, 0, 0, 0, 0, 0, 0, 0, 0.279481616, -0.0747010742, -0.19522063, -0.127644825, 0.708589977, -0.693965824, -0.906982422, 0.199707031, 0.370727539, 0.401250888, 0.676781282, 0.617258279, 0, 0, -0, 0, 0, 0, 0, 0.356891895, -0.0436977051, -0.154104834, 0.303986228, 0.381229698, -0.872933509, 0.229614258, -0.918579102, -0.321289062, -0.924460956, -0.102680916, -0.366815422, 0, 2, 1, 1, 
406.74766, 50, 0.1, 0.1, 0.0157630662, 0.378414429, -0.034968033, 0.888582341, -0.458717149, -8.76965192e-006, 0.45871715, 0.888582341, 2.64546941e-005, -4.34266402e-006, -2.75299637e-005, 1, 0.888582338, -0.458717155, -5.87898805e-006, 0.458717155, 0.888582338, 2.19924082e-005, -4.86432998e-006, -2.22388582e-005, 1, 0, 0, 0, 0, 0, 0, 0, 0.279481616, -0.0747010742, -0.19522063, -0.127644825, 0.708589977, -0.693965824, -0.906982422, 0.199707031, 0.370727539, 0.401250888, 0.676781282, 0.617258279, 0, 0, -0, 0, 0, 0, 0, 0.356891895, -0.0436977051, -0.154104834, 0.303986228, 0.381229698, -0.872933509, 0.229614258, -0.918579102, -0.321289062, -0.924460956, -0.102680916, -0.366815422, 0, 2, 1, 1, 
406.748354, 50, 0.1, 0.1, 0.0157630669, 0.378414428, -0.0349679875, 0.888582345, -0.458717141, 7.50421633e-006, 0.458717141, 0.888582345, -2.14365075e-005, 3.16517929e-006, 2.24904147e-005, 1, 0.888582335, -0.458717161, 7.5943266e-006, 0.458717161, 0.888582335, -8.44891269e-006, -2.87252323e-006, 1.09912025e-005, 1, 0, 0, 0, 0, 0, 0, 0, 0.279481616, -0.0747010742, -0.19522063, -0.127644825, 0.708589977, -0.693965824, -0.906982422, 0.199707031, 0.370727539, 0.401250888, 0.676781282, 0.617258279, 0, 0, -0, 0, 0, 0, 0, 0.356891895, -0.0436977051, -0.154104834, 0.303986228, 0.381229698, -0.872933509, 0.229614258, -0.918579102, -0.321289062, -0.924460956, -0.102680916, -0.366815422, 0, 2, 1, 1, 
406.749074, 50, 0.1, 0.1, 0.0157630659, 0.378414432, -0.0349683882, 0.888582368, -0.458717097, -1.168783e-005, 0.458717097, 0.888582368, 1.07517166e-005, 5.45360337e-006, -1.49151932e-005, 1, 0.88858236, -0.458717113, -2.84707711e-006, 0.458717113, 0.88858236, -6.42913791e-006, 5.47901808e-006, 4.40681554e-006, 1, 0, 0, 0, 0, 0, 0, 0, 0.281597241, -0.0777106445, -0.194685913, -0.125185545, 0.706319414, -0.696662491, -0.91003418, 0.197753906, 0.364013672, 0.394928963, 0.679612742, 0.618179757, 0, 0, -0, 0, 0, 0, 0, 0.356891895, -0.0436977051, -0.154104834, 0.305507213, 0.380685756, -0.872697636, 0.235229492, -0.918212891, -0.318237305, -0.922582696, -0.108016023, -0.370227426, 0, 2, 1, 1, 
406.749767, 50, 0.1, 0.1, 0.0157630693, 0.378414425, -0.0349689514, 0.888582445, -0.458716948, -5.36669764e-006, 0.458716948, 0.888582445, 8.07982578e-006, 1.06240029e-006, -9.64138651e-006, 1, 0.888582426, -0.458716985, -6.16663761e-006, 0.458716985, 0.888582426, 2.19964608e-005, -4.61058436e-006, -2.23744099e-005, 1, 0, 0, 0, 0, 0, 0, 0, 0.281597241, -0.0777106445, -0.194685913, -0.125185545, 0.706319414, -0.696662491, -0.91003418, 0.197753906, 0.364013672, 0.394928963, 0.679612742, 0.618179757, 0, 0, -0, 0, 0, 0, 0, 0.358371484, -0.0463015625, -0.153268018, 0.305507213, 0.380685756, -0.872697636, 0.235229492, -0.918212891, -0.318237305, -0.922582696, -0.108016023, -0.370227426, 0, 2, 1, 1, 
406.75046, 50, 0.1, 0.1, 0.015763066, 0.378414431, -0.0349697511, 0.888582481, -0.458716879, 7.21359999e-006, 0.458716879, 0.88858248, -1.74389771e-005, 1.58967459e-006, 1.88049696e-005, 1, 0.888582471, -0.458716898, 1.01221627e-005, 0.458716898, 0.88858247, -2.30454852e-005, 1.5769771e-006, 2.51210212e-005, 1, 0, 0, 0, 0, 0, 0, 0, 0.281597241, -0.0777106445, -0.194685913, -0.125185545, 0.706319414, -0.696662491, -0.91003418, 0.197753906, 0.364013672, 0.394928963, 0.679612742, 0.618179757, 0, 0, -0, 0, 0, 0, 0, 0.358371484, -0.0463015625, -0.153268018, 0.305507213, 0.380685756, -0.872697636, 0.235229492, -0.918212891, -0.318237305, -0.922582696, -0.108016023, -0.370227426, 0, 2, 1, 1, 
406.751156, 50, 0.1, 0.1, 0.015763068, 0.378414427, -0.0349705195, 0.888582497, -0.458716847, -8.2500666e-006, 0.458716847, 0.888582497, 2.18681259e-005, -2.70041296e-006, -2.32160784e-005, 1, 0.888582496, -0.458716849, -1.31549362e-005, 0.458716849, 0.888582496, 2.08552642e-005, 2.12258494e-006, -2.45660136e-005, 1, 0, 0, 0, 0, 0, 0, 0, 0.281597241, -0.0777106445, -0.194685913, -0.125185545, 0.706319414, -0.696662491, -0.91003418, 0.197753906, 0.364013672, 0.394928963, 0.679612742, 0.618179757, 0, 0, -0, 0, 0, 0, 0, 0.358371484, -0.0463015625, -0.153268018, 0.305507213, 0.380685756, -0.872697636, 0.235229492, -0.918212891, -0.318237305, -0.922582696, -0.108016023, -0.370227426, 0, 2, 1, 1, 
406.751884, 50, 0.1, 0.1, 0.0157630666, 0.37841443, -0.0349709412, 0.888582495, -0.458716851, 1.44185545e-005, 0.458716851, 0.888582495, -2.47321926e-005, -1.46700163e-006, 2.85906274e-005, 1, 0.888582501, -0.45871684, 1.20014787e-005, 0.45871684, 0.888582501, -1.95162866e-005, -1.71185461e-006, 2.28471111e-005, 1, 0, 0, 0, 0, 0, 0, 0, 0.281597241, -0.0777106445, -0.194685913, -0.125185545, 0.706319414, -0.696662491, -0.91003418, 0.197753906, 0.364013672, 0.394928963, 0.679612742, 0.618179757, 0, 0, -0, 0, 0, 0, 0, 0.358371484, -0.0463015625, -0.153268018, 0.305507213, 0.380685756, -0.872697636, 0.235229492, -0.918212891, -0.318237305, -0.922582696, -0.108016023, -0.370227426, 0, 2, 1, 1, 
406.752585, 50, 0.1, 0.1, 0.0157630663, 0.378414433, -0.0349706208, 0.888582481, -0.458716879, -1.24128989e-005, 0.458716879, 0.888582481, 1.49741167e-005, 4.16100444e-006, -1.8999744e-005, 1, 0.888582492, -0.458716857, -2.66517769e-006, 0.458716857, 0.888582492, 7.7042889e-006, -1.16585695e-006, -8.06845816e-006, 1, 0, 0, 0, 0, 0, 0, 0, 0.281597241, -0.0777106445, -0.194685913, -0.125185545, 0.706319414, -0.696662491, -0.91003418, 0.197753906, 0.364013672, 0.394928963, 0.679612742, 0.618179757, 0, 0, -0, 0, 0, 0, 0, 0.358371484, -0.0463015625, -0.153268018, 0.305507213, 0.380685756, -0.872697636, 0.235229492, -0.918212891, -0.318237305, -0.922582696, -0.108016023, -0.370227426, 0, 2, 1, 1, 
406.753277, 50, 0.1, 0.1, 0.0157630689, 0.37841443, -0.034970068, 0.888582453, -0.458716933, 1.58948666e-006, 0.458716933, 0.888582453, -1.29246827e-005, 4.51638085e-006, 1.22137707e-005, 1, 0.888582461, -0.458716918, -6.18493439e-006, 0.458716918, 0.888582461, 1.57124943e-006, 4.77506553e-006, -4.23331873e-006, 1, 0, 0, 0, 0, 0, 0, 0, 0.281597241, -0.0777106445, -0.194685913, -0.125185545, 0.706319414, -0.696662491, -0.91003418, 0.197753906, 0.364013672, 0.394928963, 0.679612742, 0.618179757, 0, 0, -0, 0, 0, 0, 0, 0.358371484, -0.0463015625, -0.153268018, 0.305507213, 0.380685756, -0.872697636, 0.235229492, -0.918212891, -0.318237305, -0.922582696, -0.108016023, -0.370227426, 0, 2, 1, 1, 
