time, trialNum, realDorsalTactorPos, realVentralTactorPos, boxPosX, boxPosY, boxPosZ, boxLocalRot_11, boxLocalRot_12, boxLocalRot_13, boxLocalRot_21, boxLocalRot_22, boxLocalRot_23, boxLocalRot_31, boxLocalRot_32, boxLocalRot_33, boxGlobalRot_11, boxGlobalRot_12, boxGlobalRot_13, boxGlobalRot_21, boxGlobalRot_22, boxGlobalRot_23, boxGlobalRot_31, boxGlobalRot_32, boxGlobalRot_33, indexForceX, indexForceY, indexForceZ, indexForceGlobalX, indexForceGlobalY, indexForceGlobalZ, indexContact, indexPosX, indexPosY, indexPosZ, indexRot_11, indexRot_12, indexRot_13, indexRot_21, indexRot_22, indexRot_23, indexRot_31, indexRot_32, indexRot_33, thumbForceX, thumbForceY, thumbForceZ, thumbForceGlobalX, thumbForceGlobalY, thumbForceGlobalZ, thumbContact, thumbPosX, thumbPosY, thumbPosZ, thumbRot_11, thumbRot_12, thumbRot_13, thumbRot_21, thumbRot_22, thumbRot_23, thumbRot_31, thumbRot_32, thumbRot_33, manipForceTooHigh, cceExpType, mapping, trialSuccess, 
385.022644, 39, 0.1, 0.1, 0.0203784436, 0.375607136, -0.0349739482, 0.935848392, -0.352402877, -1.75027752e-005, 0.352402876, 0.935848391, -3.67044727e-005, 2.93147058e-005, 2.81817934e-005, 0.999999999, 0.935848648, -0.352402196, -2.23232225e-005, 0.352402196, 0.935848648, -1.84902968e-005, 2.74071788e-005, 9.43736665e-006, 1, 0, 0, 0, 0, 0, 0, 0, 0.336647803, -0.178050366, -0.177186865, -0.274762986, 0.572790953, -0.772271958, -0.802368164, 0.305908203, 0.512329102, 0.529728851, 0.760456477, 0.375679327, 0, 0, -0, 0, 0, 0, 0, 0.415931934, -0.145003271, -0.148211963, 0.144506438, 0.197470983, -0.969488083, 0.242797852, -0.95690918, -0.158691406, -0.959143393, -0.212333369, -0.186221545, 0, 2, 1, 1, 
385.02477, 39, 0.1, 0.1, 0.0203784356, 0.375607162, -0.0349653984, 0.935845348, -0.352410959, 5.35049078e-007, 0.352410959, 0.935845348, -3.00828756e-005, 1.01008119e-005, 2.83414764e-005, 1, 0.935845466, -0.352410647, -7.50823351e-006, 0.352410647, 0.935845465, -2.53191013e-005, 1.59492672e-005, 2.10487848e-005, 1, 0, 0, 0, 0, 0, 0, 0, 0.336108862, -0.176846118, -0.174512671, -0.285297657, 0.578939892, -0.763760724, -0.798828125, 0.296630859, 0.52331543, 0.5295435, 0.759482581, 0.377915446, 0, 0, -0, 0, 0, 0, 0, 0.415663965, -0.143850977, -0.145363867, 0.137171302, 0.208888564, -0.968184015, 0.24609375, -0.953979492, -0.171020508, -0.959423376, -0.214692872, -0.182279458, 0, 2, 1, 1, 
385.025472, 39, 0.1, 0.1, 0.0203784348, 0.375607163, -0.0349663834, 0.935844739, -0.352412578, -9.53906646e-006, 0.352412578, 0.935844738, 1.77166752e-005, 2.68350596e-006, -1.99417443e-005, 1, 0.935844853, -0.352412274, -4.92119045e-006, 0.352412274, 0.935844853, 7.8048315e-006, 1.85495233e-006, -9.03839931e-006, 1, 0, 0, 0, 0, 0, 0, 0, 0.336108862, -0.176846118, -0.174512671, -0.285297657, 0.578939892, -0.763760724, -0.798828125, 0.296630859, 0.52331543, 0.5295435, 0.759482581, 0.377915446, 0, 0, -0, 0, 0, 0, 0, 0.415663965, -0.143850977, -0.145363867, 0.137171302, 0.208888564, -0.968184015, 0.24609375, -0.953979492, -0.171020508, -0.959423376, -0.214692872, -0.182279458, 0, 2, 1, 1, 
385.026156, 39, 0.1, 0.1, 0.0203784369, 0.375607159, -0.0349682557, 0.935844213, -0.352413975, 5.47047786e-006, 0.352413975, 0.935844213, -1.62534223e-005, 6.08418099e-007, 1.7138544e-005, 1, 0.935844319, -0.352413693, -5.75135361e-006, 0.352413693, 0.935844319, -9.20576743e-007, 5.70679545e-006, -1.16533925e-006, 1, 0, 0, 0, 0, 0, 0, 0, 0.336108862, -0.176846118, -0.174512671, -0.285297657, 0.578939892, -0.763760724, -0.798828125, 0.296630859, 0.52331543, 0.5295435, 0.759482581, 0.377915446, 0, 0, -0, 0, 0, 0, 0, 0.415663965, -0.143850977, -0.145363867, 0.137171302, 0.208888564, -0.968184015, 0.24609375, -0.953979492, -0.171020508, -0.959423376, -0.214692872, -0.182279458, 0, 2, 1, 1, 
385.02684, 39, 0.1, 0.1, 0.0203784314, 0.375607166, -0.0349705708, 0.935843681, -0.352415386, 2.87956848e-006, 0.352415386, 0.935843681, -1.55444681e-005, 2.78328375e-006, 1.55619965e-005, 1, 0.935843783, -0.352415117, 1.68181645e-005, 0.352415117, 0.935843782, -2.29150757e-005, -7.66355563e-006, 2.73719065e-005, 1, 0, 0, 0, 0, 0, 0, 0, 0.336108862, -0.176846118, -0.174512671, -0.285297657, 0.578939892, -0.763760724, -0.798828125, 0.296630859, 0.52331543, 0.5295435, 0.759482581, 0.377915446, 0, 0, -0, 0, 0, 0, 0, 0.415663965, -0.143850977, -0.145363867, 0.137171302, 0.208888564, -0.968184015, 0.24609375, -0.953979492, -0.171020508, -0.959423376, -0.214692872, -0.182279458, 0, 2, 1, 1, 
385.027525, 39, 0.1, 0.1, 0.0203784337, 0.375607161, -0.0349726553, 0.935843277, -0.352416459, 5.07534766e-006, 0.352416459, 0.935843277, 1.60072809e-005, -1.03909592e-005, -1.31916701e-005, 1, 0.935843347, -0.352416274, -5.90758045e-007, 0.352416274, 0.935843347, 1.9091509e-005, -6.17530148e-006, -1.80748544e-005, 1, 0, 0, 0, 0, 0, 0, 0, 0.336108862, -0.176846118, -0.174512671, -0.285297657, 0.578939892, -0.763760724, -0.798828125, 0.296630859, 0.52331543, 0.5295435, 0.759482581, 0.377915446, 0, 0, -0, 0, 0, 0, 0, 0.415663965, -0.143850977, -0.145363867, 0.137171302, 0.208888564, -0.968184015, 0.24609375, -0.953979492, -0.171020508, -0.959423376, -0.214692872, -0.182279458, 0, 2, 1, 1, 
385.028237, 39, 0.1, 0.1, 0.0203784335, 0.375607165, -0.0349737885, 0.93584299, -0.352417221, -3.34522054e-006, 0.352417221, 0.93584299, -2.3118759e-005, 1.127805e-005, 2.04566152e-005, 1, 0.935843044, -0.352417079, -2.38569028e-006, 0.352417079, 0.935843043, -2.50703476e-005, 1.10678503e-005, 2.26211524e-005, 1, 0, 0, 0, 0, 0, 0, 0, 0.336136304, -0.176308813, -0.173475415, -0.289061456, 0.58070422, -0.760999656, -0.798095703, 0.292602539, 0.526489258, 0.52840934, 0.759697506, 0.378961239, 0, 0, -0, 0, 0, 0, 0, 0.415663965, -0.143850977, -0.145363867, 0.135190597, 0.213693222, -0.967385244, 0.247924805, -0.952636719, -0.17578125, -0.959263328, -0.216029023, -0.181704533, 0, 2, 1, 1, 
385.028921, 39, 0.1, 0.1, 0.020378435, 0.375607161, -0.0349735754, 0.935842745, -0.352417871, -1.0468413e-005, 0.352417871, 0.935842745, 2.566627e-005, 7.51536097e-007, -2.77088484e-005, 1, 0.935842799, -0.352417729, -3.98617074e-006, 0.352417729, 0.935842799, 2.32844401e-005, -4.47542033e-006, -2.31953729e-005, 1, 0, 0, 0, 0, 0, 0, 0, 0.336136304, -0.176308813, -0.173475415, -0.289061456, 0.58070422, -0.760999656, -0.798095703, 0.292602539, 0.526489258, 0.52840934, 0.759697506, 0.378961239, 0, 0, -0, 0, 0, 0, 0, 0.415759521, -0.143114697, -0.144405957, 0.135190597, 0.213693222, -0.967385244, 0.247924805, -0.952636719, -0.17578125, -0.959263328, -0.216029023, -0.181704533, 0, 2, 1, 1, 
385.029615, 39, 0.1, 0.1, 0.0203784368, 0.375607158, -0.0349723373, 0.935842498, -0.352418528, 8.00783355e-007, 0.352418528, 0.935842498, -1.56760457e-005, 4.77512184e-006, 1.49525206e-005, 1, 0.935842543, -0.352418408, -1.91016841e-006, 0.352418408, 0.935842543, -6.570018e-006, 4.10301214e-006, 5.47532384e-006, 1, 0, 0, 0, 0, 0, 0, 0, 0.336136304, -0.176308813, -0.173475415, -0.289061456, 0.58070422, -0.760999656, -0.798095703, 0.292602539, 0.526489258, 0.52840934, 0.759697506, 0.378961239, 0, 0, -0, 0, 0, 0, 0, 0.415759521, -0.143114697, -0.144405957, 0.135190597, 0.213693222, -0.967385244, 0.247924805, -0.952636719, -0.17578125, -0.959263328, -0.216029023, -0.181704533, 0, 2, 1, 1, 
385.030301, 39, 0.1, 0.1, 0.0203784345, 0.375607159, -0.0349705462, 0.935842243, -0.352419206, -5.18128866e-007, 0.352419206, 0.935842243, 6.41445992e-006, -1.77569199e-006, -6.18552112e-006, 1, 0.9358423, -0.352419053, 8.54176852e-006, 0.352419053, 0.9358423, 3.41735687e-006, -9.19808998e-006, -1.87825141e-007, 1, 0, 0, 0, 0, 0, 0, 0, 0.336136304, -0.176308813, -0.173475415, -0.289061456, 0.58070422, -0.760999656, -0.798095703, 0.292602539, 0.526489258, 0.52840934, 0.759697506, 0.378961239, 0, 0, -0, 0, 0, 0, 0, 0.415759521, -0.143114697, -0.144405957, 0.135190597, 0.213693222, -0.967385244, 0.247924805, -0.952636719, -0.17578125, -0.959263328, -0.216029023, -0.181704533, 0, 2, 1, 1, 
385.031, 39, 0.1, 0.1, 0.020378438, 0.375607161, -0.0349685718, 0.935841923, -0.352420055, 3.75258089e-006, 0.352420055, 0.935841923, -1.10109673e-005, 3.68663172e-007, 1.16270095e-005, 1, 0.935841989, -0.35241988, -5.61728687e-006, 0.35241988, 0.935841989, -1.6507255e-005, 1.10743777e-005, 1.34685388e-005, 1, 0, 0, 0, 0, 0, 0, 0, 0.336136304, -0.176308813, -0.173475415, -0.289061456, 0.58070422, -0.760999656, -0.798095703, 0.292602539, 0.526489258, 0.52840934, 0.759697506, 0.378961239, 0, 0, -0, 0, 0, 0, 0, 0.4158021, -0.142105859, -0.143436328, 0.132321802, 0.219596691, -0.96649059, 0.250976562, -0.950683594, -0.181640625, -0.958828394, -0.218477111, -0.180874045, 0, 2, 1, 1, 
385.031686, 39, 0.1, 0.1, 0.0203784329, 0.375607154, -0.0349671319, 0.935841566, -0.352421003, 9.49749221e-006, 0.352421003, 0.935841566, 1.56809264e-005, -1.44144358e-005, -1.1327747e-005, 1, 0.935841637, -0.352420814, 1.67692449e-005, 0.352420813, 0.935841637, 2.36579526e-005, -2.40309125e-005, -1.62302661e-005, 1, 0, 0, 0, 0, 0, 0, 0, 0.336136304, -0.176308813, -0.173475415, -0.289061456, 0.58070422, -0.760999656, -0.798095703, 0.292602539, 0.526489258, 0.52840934, 0.759697506, 0.378961239, 0, 0, -0, 0, 0, 0, 0, 0.4158021, -0.142105859, -0.143436328, 0.132321802, 0.219596691, -0.96649059, 0.250976562, -0.950683594, -0.181640625, -0.958828394, -0.218477111, -0.180874045, 0, 2, 1, 1, 
385.032371, 39, 0.1, 0.1, 0.0203784336, 0.37560716, -0.0349666377, 0.935841183, -0.352422021, 6.26451867e-006, 0.352422021, 0.935841182, -2.14300525e-005, 1.68982786e-006, 2.226288e-005, 1, 0.935841259, -0.352421818, -1.75944793e-007, 0.352421818, 0.935841259, -2.81817655e-005, 1.00965254e-005, 2.63116521e-005, 1, 0, 0, 0, 0, 0, 0, 0, 0.336136304, -0.176308813, -0.173475415, -0.289061456, 0.58070422, -0.760999656, -0.798095703, 0.292602539, 0.526489258, 0.52840934, 0.759697506, 0.378961239, 0, 0, -0, 0, 0, 0, 0, 0.4158021, -0.142105859, -0.143436328, 0.132321802, 0.219596691, -0.96649059, 0.250976562, -0.950683594, -0.181640625, -0.958828394, -0.218477111, -0.180874045, 0, 2, 1, 1, 
385.033067, 39, 0.1, 0.1, 0.0203784305, 0.375607155, -0.0349671881, 0.935840765, -0.352423129, -1.05543363e-006, 0.352423129, 0.935840765, 1.30218527e-005, -3.60148425e-006, -1.25583398e-005, 1, 0.93584085, -0.352422906, 7.86792907e-006, 0.352422905, 0.935840849, 1.97074755e-005, -1.43084952e-005, -1.56702222e-005, 1, 0, 0, 0, 0, 0, 0, 0, 0.33634707, -0.175314893, -0.172411792, -0.293561765, 0.582646403, -0.75776231, -0.797729492, 0.287353516, 0.530029297, 0.526526689, 0.760255038, 0.380673149, 0, 0, -0, 0, 0, 0, 0, 0.4158021, -0.142105859, -0.143436328, 0.132321802, 0.219596691, -0.96649059, 0.250976562, -0.950683594, -0.181640625, -0.958828394, -0.218477111, -0.180874045, 0, 2, 1, 1, 
385.03375, 39, 0.1, 0.1, 0.0203784355, 0.37560716, -0.0349684513, 0.935840323, -0.352424304, -5.80139251e-006, 0.352424304, 0.935840323, -2.06344778e-005, 1.27012685e-005, 1.72660246e-005, 1, 0.935840412, -0.352424068, -1.30257858e-005, 0.352424068, 0.935840411, -2.69583757e-005, 2.16908372e-005, 2.0638137e-005, 1, 0, 0, 0, 0, 0, 0, 0, 0.33634707, -0.175314893, -0.172411792, -0.293561765, 0.582646403, -0.75776231, -0.797729492, 0.287353516, 0.530029297, 0.526526689, 0.760255038, 0.380673149, 0, 0, -0, 0, 0, 0, 0, 0.4158021, -0.142105859, -0.143436328, 0.132321802, 0.219596691, -0.96649059, 0.250976562, -0.950683594, -0.181640625, -0.958828394, -0.218477111, -0.180874045, 0, 2, 1, 1, 
385.034434, 39, 0.1, 0.1, 0.020378435, 0.375607156, -0.0349701368, 0.935839863, -0.352425524, -3.79694541e-006, 0.352425524, 0.935839863, 1.28651519e-005, -9.80675018e-007, -1.33778624e-005, 1, 0.935839955, -0.352425282, 2.43980473e-006, 0.352425282, 0.935839954, 1.86437506e-005, -8.85379582e-006, -1.65877179e-005, 1, 0, 0, 0, 0, 0, 0, 0, 0.33634707, -0.175314893, -0.172411792, -0.293561765, 0.582646403, -0.75776231, -0.797729492, 0.287353516, 0.530029297, 0.526526689, 0.760255038, 0.380673149, 0, 0, -0, 0, 0, 0, 0, 0.4158021, -0.142105859, -0.143436328, 0.132321802, 0.219596691, -0.96649059, 0.250976562, -0.950683594, -0.181640625, -0.958828394, -0.218477111, -0.180874045, 0, 2, 1, 1, 
385.035119, 39, 0.1, 0.1, 0.0203784388, 0.37560716, -0.0349717044, 0.935839392, -0.352426776, -1.03633559e-006, 0.352426776, 0.935839392, -1.67186467e-005, 6.86194242e-006, 1.52807358e-005, 1, 0.935839486, -0.352426527, -8.23904493e-006, 0.352426527, 0.935839486, -2.26804766e-005, 1.57036252e-005, 1.83216276e-005, 1, 0, 0, 0, 0, 0, 0, 0, 0.33634707, -0.175314893, -0.172411792, -0.293561765, 0.582646403, -0.75776231, -0.797729492, 0.287353516, 0.530029297, 0.526526689, 0.760255038, 0.380673149, 0, 0, -0, 0, 0, 0, 0, 0.4158021, -0.142105859, -0.143436328, 0.132321802, 0.219596691, -0.96649059, 0.250976562, -0.950683594, -0.181640625, -0.958828394, -0.218477111, -0.180874045, 0, 2, 1, 1, 
385.035845, 39, 0.1, 0.1, 0.020378436, 0.375607154, -0.0349723549, 0.935838878, -0.352428142, 2.72297352e-006, 0.352428142, 0.935838877, 1.66110914e-005, -8.40248057e-006, -1.45856526e-005, 1, 0.935838974, -0.352427887, 8.72113256e-006, 0.352427887, 0.935838973, 2.21951684e-005, -1.59837721e-005, -1.76975333e-005, 1, 0, 0, 0, 0, 0, 0, 0, 0.335751294, -0.175441089, -0.171379175, -0.296562846, 0.584600569, -0.755033442, -0.795776367, 0.285644531, 0.533813477, 0.527867157, 0.759327569, 0.380735306, 0, 0, -0, 0, 0, 0, 0, 0.415404541, -0.142013916, -0.142693115, 0.129772368, 0.224395152, -0.965755617, 0.251464844, -0.949584961, -0.186889648, -0.959096351, -0.218586486, -0.179692112, 0, 2, 1, 1, 
385.036527, 39, 0.1, 0.1, 0.0203784378, 0.375607156, -0.0349721968, 0.93583839, -0.352429437, 3.50776989e-006, 0.352429437, 0.93583839, -1.17414197e-005, 8.55316225e-007, 1.22243127e-005, 1, 0.935838486, -0.352429182, -2.68210062e-006, 0.352429182, 0.935838486, -1.75445875e-005, 8.69323759e-006, 1.54736497e-005, 1, 0, 0, 0, 0, 0, 0, 0, 0.335751294, -0.175441089, -0.171379175, -0.296562846, 0.584600569, -0.755033442, -0.795776367, 0.285644531, 0.533813477, 0.527867157, 0.759327569, 0.380735306, 0, 0, -0, 0, 0, 0, 0, 0.415404541, -0.142013916, -0.142693115, 0.129772368, 0.224395152, -0.965755617, 0.251464844, -0.949584961, -0.186889648, -0.959096351, -0.218586486, -0.179692112, 0, 2, 1, 1, 
385.037211, 39, 0.1, 0.1, 0.0203784351, 0.37560715, -0.0349714795, 0.935837895, -0.35243075, 9.77676188e-007, 0.35243075, 0.935837895, 1.6158325e-005, -6.60963704e-006, -1.47770097e-005, 1, 0.935837995, -0.352430487, 8.14453097e-006, 0.352430486, 0.935837994, 2.24634952e-005, -1.55387821e-005, -1.81518113e-005, 1, 0, 0, 0, 0, 0, 0, 0, 0.335751294, -0.175441089, -0.171379175, -0.296562846, 0.584600569, -0.755033442, -0.795776367, 0.285644531, 0.533813477, 0.527867157, 0.759327569, 0.380735306, 0, 0, -0, 0, 0, 0, 0, 0.415404541, -0.142013916, -0.142693115, 0.129772368, 0.224395152, -0.965755617, 0.251464844, -0.949584961, -0.186889648, -0.959096351, -0.218586486, -0.179692112, 0, 2, 1, 1, 
385.037897, 39, 0.1, 0.1, 0.0203784381, 0.375607154, -0.0349703953, 0.935837391, -0.35243209, 9.03160095e-008, 0.35243209, 0.935837391, -1.43255156e-005, 4.96425031e-006, 1.34381834e-005, 1, 0.93583749, -0.352431825, -6.57014116e-006, 0.352431825, 0.93583749, -2.04769707e-005, 1.33653206e-005, 1.684759e-005, 1, 0, 0, 0, 0, 0, 0, 0, 0.335751294, -0.175441089, -0.171379175, -0.296562846, 0.584600569, -0.755033442, -0.795776367, 0.285644531, 0.533813477, 0.527867157, 0.759327569, 0.380735306, 0, 0, -0, 0, 0, 0, 0, 0.415404541, -0.142013916, -0.142693115, 0.129772368, 0.224395152, -0.965755617, 0.251464844, -0.949584961, -0.186889648, -0.959096351, -0.218586486, -0.179692112, 0, 2, 1, 1, 
385.038585, 39, 0.1, 0.1, 0.0203784362, 0.375607148, -0.0349692684, 0.935836878, -0.352433452, -2.05559375e-006, 0.352433452, 0.935836878, 1.55488128e-005, -3.55622134e-006, -1.52756124e-005, 1, 0.935836979, -0.352433182, 5.42873114e-006, 0.352433182, 0.935836979, 2.23169089e-005, -1.29456266e-005, -1.89717236e-005, 1, 0, 0, 0, 0, 0, 0, 0, 0.335751294, -0.175441089, -0.171379175, -0.296562846, 0.584600569, -0.755033442, -0.795776367, 0.285644531, 0.533813477, 0.527867157, 0.759327569, 0.380735306, 0, 0, -0, 0, 0, 0, 0, 0.415404541, -0.142013916, -0.142693115, 0.129772368, 0.224395152, -0.965755617, 0.251464844, -0.949584961, -0.186889648, -0.959096351, -0.218586486, -0.179692112, 0, 2, 1, 1, 
385.03927, 39, 0.1, 0.1, 0.0203784402, 0.375607152, -0.0349684683, 0.935836356, -0.352434839, -1.80912989e-006, 0.352434839, 0.935836355, -1.70301663e-005, 7.69507345e-006, 1.52998484e-005, 1, 0.93583646, -0.35243456, -9.25808181e-006, 0.35243456, 0.93583646, -2.36539142e-005, 1.70005073e-005, 1.88733273e-005, 1, 0, 0, 0, 0, 0, 0, 0, 0.335751294, -0.175441089, -0.171379175, -0.296562846, 0.584600569, -0.755033442, -0.795776367, 0.285644531, 0.533813477, 0.527867157, 0.759327569, 0.380735306, 0, 0, -0, 0, 0, 0, 0, 0.415404541, -0.142013916, -0.142693115, 0.129772368, 0.224395152, -0.965755617, 0.251464844, -0.949584961, -0.186889648, -0.959096351, -0.218586486, -0.179692112, 0, 2, 1, 1, 
385.039956, 39, 0.1, 0.1, 0.0203784385, 0.375607146, -0.0349681778, 0.935835822, -0.352436255, -2.16522709e-006, 0.352436255, 0.935835822, 1.5550466e-005, -3.45425094e-006, -1.53157877e-005, 1, 0.935835929, -0.352435971, 5.31715948e-006, 0.352435971, 0.935835929, 2.23070322e-005, -1.28377895e-005, -1.9001764e-005, 1, 0, 0, 0, 0, 0, 0, 0, 0.335751294, -0.175441089, -0.171379175, -0.296562846, 0.584600569, -0.755033442, -0.795776367, 0.285644531, 0.533813477, 0.527867157, 0.759327569, 0.380735306, 0, 0, -0, 0, 0, 0, 0, 0.415404541, -0.142013916, -0.142693115, 0.129772368, 0.224395152, -0.965755617, 0.251464844, -0.949584961, -0.186889648, -0.959096351, -0.218586486, -0.179692112, 0, 2, 1, 1, 
385.040675, 39, 0.1, 0.1, 0.020378443, 0.375607152, -0.0349681147, 0.935835251, -0.352437772, -1.85260907e-006, 0.352437772, 0.935835251, -1.98693072e-005, 8.73643125e-006, 1.79414687e-005, 1, 0.935835358, -0.352437486, -9.52031477e-006, 0.352437486, 0.935835358, -2.66765798e-005, 1.83112739e-005, 2.16095708e-005, 1, 0, 0, 0, 0, 0, 0, 0, 0.334893457, -0.175464746, -0.171361816, -0.300419882, 0.588654556, -0.750362391, -0.792358398, 0.283813477, 0.539916992, 0.530826298, 0.756831602, 0.381354996, 0, 0, -0, 0, 0, 0, 0, 0.414849268, -0.142125439, -0.142580566, 0.124916304, 0.229596098, -0.965128919, 0.251953125, -0.948242188, -0.192871094, -0.959606743, -0.219021786, -0.17631219, 0, 2, 1, 1, 
385.041359, 39, 0.1, 0.1, 0.0203784409, 0.375607147, -0.0349685624, 0.935834697, -0.352439242, -3.02395441e-007, 0.352439242, 0.935834697, 1.56112141e-005, -5.21901231e-006, -1.47160918e-005, 1, 0.935834807, -0.352438951, 6.67630101e-006, 0.35243895, 0.935834807, 2.15409435e-005, -1.38397824e-005, -1.78057762e-005, 1, 0, 0, 0, 0, 0, 0, 0, 0.334893457, -0.175464746, -0.171361816, -0.300419882, 0.588654556, -0.750362391, -0.792358398, 0.283813477, 0.539916992, 0.530826298, 0.756831602, 0.381354996, 0, 0, -0, 0, 0, 0, 0, 0.414849268, -0.142125439, -0.142580566, 0.124916304, 0.229596098, -0.965128919, 0.251953125, -0.948242188, -0.192871094, -0.959606743, -0.219021786, -0.17631219, 0, 2, 1, 1, 
385.042045, 39, 0.1, 0.1, 0.020378444, 0.37560715, -0.0349694403, 0.935834137, -0.352440729, 1.0999403e-006, 0.352440729, 0.935834137, -1.46900777e-005, 4.14802001e-006, 1.41351399e-005, 1, 0.935834248, -0.352440436, -6.25447607e-006, 0.352440436, 0.935834248, -2.1308014e-005, 1.33629586e-005, 1.7736439e-005, 1, 0, 0, 0, 0, 0, 0, 0, 0.334893457, -0.175464746, -0.171361816, -0.300419882, 0.588654556, -0.750362391, -0.792358398, 0.283813477, 0.539916992, 0.530826298, 0.756831602, 0.381354996, 0, 0, -0, 0, 0, 0, 0, 0.414849268, -0.142125439, -0.142580566, 0.124916304, 0.229596098, -0.965128919, 0.251953125, -0.948242188, -0.192871094, -0.959606743, -0.219021786, -0.17631219, 0, 2, 1, 1, 
385.042735, 39, 0.1, 0.1, 0.0203784411, 0.375607144, -0.0349704059, 0.935833569, -0.352442237, 2.15572531e-006, 0.352442237, 0.935833569, 1.86585844e-005, -8.59347336e-006, -1.6701561e-005, 1, 0.935833682, -0.352441939, 9.00722601e-006, 0.352441938, 0.935833681, 2.45429952e-005, -1.70792463e-005, -1.97936373e-005, 1, 0, 0, 0, 0, 0, 0, 0, 0.334893457, -0.175464746, -0.171361816, -0.300419882, 0.588654556, -0.750362391, -0.792358398, 0.283813477, 0.539916992, 0.530826298, 0.756831602, 0.381354996, 0, 0, -0, 0, 0, 0, 0, 0.414849268, -0.142125439, -0.142580566, 0.124916304, 0.229596098, -0.965128919, 0.251953125, -0.948242188, -0.192871094, -0.959606743, -0.219021786, -0.17631219, 0, 2, 1, 1, 
385.043427, 39, 0.1, 0.1, 0.0203784435, 0.375607147, -0.034971142, 0.935832999, -0.352443753, 1.82857266e-006, 0.352443753, 0.935832998, -1.25489939e-005, 2.71157586e-006, 1.23882316e-005, 1, 0.935833111, -0.352443454, -4.84386629e-006, 0.352443454, 0.935833111, -1.83525342e-005, 1.1001281e-005, 1.54677202e-005, 1, 0, 0, 0, 0, 0, 0, 0, 0.334893457, -0.175464746, -0.171361816, -0.300419882, 0.588654556, -0.750362391, -0.792358398, 0.283813477, 0.539916992, 0.530826298, 0.756831602, 0.381354996, 0, 0, -0, 0, 0, 0, 0, 0.414849268, -0.142125439, -0.142580566, 0.124916304, 0.229596098, -0.965128919, 0.251953125, -0.948242188, -0.192871094, -0.959606743, -0.219021786, -0.17631219, 0, 2, 1, 1, 
385.044113, 39, 0.1, 0.1, 0.0203784409, 0.375607141, -0.0349714935, 0.935832435, -0.352445249, 8.97916174e-007, 0.352445249, 0.935832435, 1.59934883e-005, -6.47712805e-006, -1.46507588e-005, 1, 0.935832546, -0.352444955, 7.72767981e-006, 0.352444955, 0.935832546, 2.21635795e-005, -1.50432561e-005, -1.80178173e-005, 1, 0, 0, 0, 0, 0, 0, 0, 0.334893457, -0.175464746, -0.171361816, -0.300419882, 0.588654556, -0.750362391, -0.792358398, 0.283813477, 0.539916992, 0.530826298, 0.756831602, 0.381354996, 0, 0, -0, 0, 0, 0, 0, 0.414849268, -0.142125439, -0.142580566, 0.124916304, 0.229596098, -0.965128919, 0.251953125, -0.948242188, -0.192871094, -0.959606743, -0.219021786, -0.17631219, 0, 2, 1, 1, 
385.044803, 39, 0.1, 0.1, 0.0203784438, 0.375607144, -0.0349713646, 0.935831868, -0.352446755, 3.53000713e-007, 0.352446755, 0.935831868, -1.50040714e-005, 4.95778695e-006, 1.41657021e-005, 1, 0.935831979, -0.352446461, -6.18687026e-006, 0.35244646, 0.935831979, -2.07792592e-005, 1.31134474e-005, 1.72653547e-005, 1, 0, 0, 0, 0, 0, 0, 0, 0.334893457, -0.175464746, -0.171361816, -0.300419882, 0.588654556, -0.750362391, -0.792358398, 0.283813477, 0.539916992, 0.530826298, 0.756831602, 0.381354996, 0, 0, -0, 0, 0, 0, 0, 0.414849268, -0.142125439, -0.142580566, 0.124916304, 0.229596098, -0.965128919, 0.251953125, -0.948242188, -0.192871094, -0.959606743, -0.219021786, -0.17631219, 0, 2, 1, 1, 
385.045519, 39, 0.1, 0.1, 0.0203784414, 0.375607138, -0.0349705141, 0.935831279, -0.352448319, -5.76712773e-007, 0.352448319, 0.935831279, 1.56657295e-005, -4.98165418e-006, -1.48637411e-005, 1, 0.935831389, -0.352448025, 6.52748883e-006, 0.352448025, 0.935831389, 2.22405425e-005, -1.39472642e-005, -1.85127972e-005, 1, 0, 0, 0, 0, 0, 0, 0, 0.334051978, -0.175290308, -0.170927148, -0.303909224, 0.592182091, -0.746275082, -0.789550781, 0.281616211, 0.545043945, 0.532985651, 0.754913384, 0.382190733, 0, 0, -0, 0, 0, 0, 0, 0.414365527, -0.141837354, -0.142268457, 0.120993173, 0.234413516, -0.964508785, 0.253540039, -0.946655273, -0.198242187, -0.959650853, -0.220479338, -0.174037643, 0, 2, 1, 1, 
385.046215, 39, 0.1, 0.1, 0.0203784448, 0.375607143, -0.0349695063, 0.935830704, -0.352449844, -2.85772816e-007, 0.352449844, 0.935830704, -1.64223618e-005, 6.05549384e-006, 1.52678298e-005, 1, 0.935830818, -0.352449543, -7.41884684e-006, 0.352449543, 0.935830818, -2.27416479e-005, 1.49580689e-005, 1.86675658e-005, 1, 0, 0, 0, 0, 0, 0, 0, 0.334051978, -0.175290308, -0.170927148, -0.303909224, 0.592182091, -0.746275082, -0.789550781, 0.281616211, 0.545043945, 0.532985651, 0.754913384, 0.382190733, 0, 0, -0, 0, 0, 0, 0, 0.414365527, -0.141837354, -0.142268457, 0.120993173, 0.234413516, -0.964508785, 0.253540039, -0.946655273, -0.198242187, -0.959650853, -0.220479338, -0.174037643, 0, 2, 1, 1, 
385.046898, 39, 0.1, 0.1, 0.0203784429, 0.375607137, -0.0349686956, 0.935830136, -0.352451353, -1.57814893e-006, 0.352451353, 0.935830136, 1.41653472e-005, -3.51571645e-006, -1.38125795e-005, 1, 0.935830249, -0.352451052, 5.89893448e-006, 0.352451052, 0.935830249, 2.09695758e-005, -1.29111504e-005, -1.75448777e-005, 1, 0, 0, 0, 0, 0, 0, 0, 0.334051978, -0.175290308, -0.170927148, -0.303909224, 0.592182091, -0.746275082, -0.789550781, 0.281616211, 0.545043945, 0.532985651, 0.754913384, 0.382190733, 0, 0, -0, 0, 0, 0, 0, 0.414365527, -0.141837354, -0.142268457, 0.120993173, 0.234413516, -0.964508785, 0.253540039, -0.946655273, -0.198242187, -0.959650853, -0.220479338, -0.174037643, 0, 2, 1, 1, 
385.047611, 39, 0.1, 0.1, 0.0203784466, 0.375607142, -0.0349682335, 0.935829539, -0.352452938, 1.55767446e-007, 0.352452938, 0.935829539, -1.80377367e-005, 6.21168153e-006, 1.69351476e-005, 1, 0.935829664, -0.352452607, -7.97698436e-006, 0.352452607, 0.935829664, -2.53196284e-005, 1.63890676e-005, 2.08833504e-005, 1, 0, 0, 0, 0, 0, 0, 0, 0.333803931, -0.174009302, -0.170905884, -0.308719938, 0.595437411, -0.741616014, -0.788208008, 0.276123047, 0.549926758, 0.53226449, 0.754397792, 0.384295423, 0, 0, -0, 0, 0, 0, 0, 0.414365527, -0.141837354, -0.142268457, 0.11678896, 0.239614095, -0.963754489, 0.256469727, -0.944702148, -0.203735352, -0.959356277, -0.223246789, -0.171871737, 0, 2, 1, 1, 
385.0483, 39, 0.1, 0.1, 0.0203784442, 0.375607137, -0.0349680808, 0.935828956, -0.352454487, -4.80051599e-007, 0.352454487, 0.935828956, 1.52000061e-005, -4.90806416e-006, -1.43938022e-005, 1, 0.935829072, -0.352454178, 7.12905322e-006, 0.352454178, 0.935829072, 2.18856428e-005, -1.43852615e-005, -1.79685562e-005, 1, 0, 0, 0, 0, 0, 0, 0, 0.333803931, -0.174009302, -0.170905884, -0.308719938, 0.595437411, -0.741616014, -0.788208008, 0.276123047, 0.549926758, 0.53226449, 0.754397792, 0.384295423, 0, 0, -0, 0, 0, 0, 0, 0.413870312, -0.140658496, -0.141949756, 0.11678896, 0.239614095, -0.963754489, 0.256469727, -0.944702148, -0.203735352, -0.959356277, -0.223246789, -0.171871737, 0, 2, 1, 1, 
385.048987, 39, 0.1, 0.1, 0.0203784477, 0.375607142, -0.0349684852, 0.935828369, -0.352456044, -5.30432214e-007, 0.352456044, 0.935828369, -1.78074742e-005, 6.77274542e-006, 1.64777855e-005, 1, 0.935828486, -0.352455734, -7.97398041e-006, 0.352455734, 0.935828486, -2.44623436e-005, 1.60841713e-005, 2.00820829e-005, 1, 0, 0, 0, 0, 0, 0, 0, 0.333803931, -0.174009302, -0.170905884, -0.308719938, 0.595437411, -0.741616014, -0.788208008, 0.276123047, 0.549926758, 0.53226449, 0.754397792, 0.384295423, 0, 0, -0, 0, 0, 0, 0, 0.413870312, -0.140658496, -0.141949756, 0.11678896, 0.239614095, -0.963754489, 0.256469727, -0.944702148, -0.203735352, -0.959356277, -0.223246789, -0.171871737, 0, 2, 1, 1, 
385.049673, 39, 0.1, 0.1, 0.0203784454, 0.375607136, -0.0349693124, 0.935827781, -0.352457607, -2.56609603e-007, 0.352457606, 0.935827781, 1.57626511e-005, -5.31552389e-006, -1.48415708e-005, 1, 0.935827897, -0.352457299, 6.85334502e-006, 0.352457299, 0.935827897, 2.18692092e-005, -1.41215138e-005, -1.80503045e-005, 1, 0, 0, 0, 0, 0, 0, 0, 0.333803931, -0.174009302, -0.170905884, -0.308719938, 0.595437411, -0.741616014, -0.788208008, 0.276123047, 0.549926758, 0.53226449, 0.754397792, 0.384295423, 0, 0, -0, 0, 0, 0, 0, 0.413870312, -0.140658496, -0.141949756, 0.11678896, 0.239614095, -0.963754489, 0.256469727, -0.944702148, -0.203735352, -0.959356277, -0.223246789, -0.171871737, 0, 2, 1, 1, 
385.050369, 39, 0.1, 0.1, 0.0203784487, 0.37560714, -0.034970283, 0.935827185, -0.35245919, 6.84737349e-008, 0.35245919, 0.935827185, -1.51438298e-005, 5.27350241e-006, 1.41961418e-005, 1, 0.935827307, -0.352458864, -7.27866723e-006, 0.352458864, 0.935827307, -2.1672605e-005, 1.44502773e-005, 1.77163848e-005, 1, 0, 0, 0, 0, 0, 0, 0, 0.333803931, -0.174009302, -0.170905884, -0.308719938, 0.595437411, -0.741616014, -0.788208008, 0.276123047, 0.549926758, 0.53226449, 0.754397792, 0.384295423, 0, 0, -0, 0, 0, 0, 0, 0.413870312, -0.140658496, -0.141949756, 0.11678896, 0.239614095, -0.963754489, 0.256469727, -0.944702148, -0.203735352, -0.959356277, -0.223246789, -0.171871737, 0, 2, 1, 1, 
385.051055, 39, 0.1, 0.1, 0.0203784464, 0.375607135, -0.0349710234, 0.935826598, -0.352460747, 3.1668038e-007, 0.352460747, 0.935826598, 1.603193e-005, -5.94698394e-006, -1.48914891e-005, 1, 0.935826714, -0.35246044, 7.06948649e-006, 0.35246044, 0.935826713, 2.19304293e-005, -1.43454231e-005, -1.80313673e-005, 1, 0, 0, 0, 0, 0, 0, 0, 0.333803931, -0.174009302, -0.170905884, -0.308719938, 0.595437411, -0.741616014, -0.788208008, 0.276123047, 0.549926758, 0.53226449, 0.754397792, 0.384295423, 0, 0, -0, 0, 0, 0, 0, 0.413870312, -0.140658496, -0.141949756, 0.11678896, 0.239614095, -0.963754489, 0.256469727, -0.944702148, -0.203735352, -0.959356277, -0.223246789, -0.171871737, 0, 2, 1, 1, 
385.051743, 39, 0.1, 0.1, 0.0203784492, 0.375607138, -0.0349714416, 0.935826013, -0.352462299, 4.95308877e-007, 0.352462299, 0.935826013, -1.38132987e-005, 4.40514408e-006, 1.31014219e-005, 1, 0.93582613, -0.352461991, -6.23661066e-006, 0.352461991, 0.935826129, -1.97929528e-005, 1.28126468e-005, 1.63245942e-005, 1, 0, 0, 0, 0, 0, 0, 0, 0.333803931, -0.174009302, -0.170905884, -0.308719938, 0.595437411, -0.741616014, -0.788208008, 0.276123047, 0.549926758, 0.53226449, 0.754397792, 0.384295423, 0, 0, -0, 0, 0, 0, 0, 0.413870312, -0.140658496, -0.141949756, 0.11678896, 0.239614095, -0.963754489, 0.256469727, -0.944702148, -0.203735352, -0.959356277, -0.223246789, -0.171871737, 0, 2, 1, 1, 
385.052462, 39, 0.1, 0.1, 0.0203784471, 0.375607132, -0.0349712601, 0.935825407, -0.352463911, -1.21152083e-006, 0.352463911, 0.935825407, 1.4892208e-005, -4.1151939e-006, -1.4363524e-005, 1, 0.935825533, -0.352463574, 6.24780293e-006, 0.352463574, 0.935825533, 2.1663839e-005, -1.34825676e-005, -1.80714507e-005, 1, 0, 0, 0, 0, 0, 0, 0, 0.333817212, -0.172576343, -0.169848364, -0.312718881, 0.597239931, -0.738499235, -0.787963867, 0.270996094, 0.552856445, 0.530426021, 0.754853852, 0.386026429, 0, 0, -0, 0, 0, 0, 0, 0.413870312, -0.140658496, -0.141949756, 0.1135432, 0.244245946, -0.963045036, 0.259765625, -0.942749023, -0.208496094, -0.958838221, -0.226442243, -0.170447, 0, 2, 1, 1, 
385.053152, 39, 0.1, 0.1, 0.0203784504, 0.375607136, -0.0349704504, 0.935824825, -0.352465456, -1.68878082e-007, 0.352465456, 0.935824825, -1.49742749e-005, 5.43595493e-006, 1.39537745e-005, 1, 0.93582494, -0.352465151, -7.27490763e-006, 0.35246515, 0.935824939, -2.13258113e-005, 1.43246453e-005, 1.73930746e-005, 1, 0, 0, 0, 0, 0, 0, 0, 0.333817212, -0.172576343, -0.169848364, -0.312718881, 0.597239931, -0.738499235, -0.787963867, 0.270996094, 0.552856445, 0.530426021, 0.754853852, 0.386026429, 0, 0, -0, 0, 0, 0, 0, 0.413666455, -0.13952627, -0.141203125, 0.1135432, 0.244245946, -0.963045036, 0.259765625, -0.942749023, -0.208496094, -0.958838221, -0.226442243, -0.170447, 0, 2, 1, 1, 
385.053837, 39, 0.1, 0.1, 0.0203784482, 0.375607131, -0.0349695657, 0.935824248, -0.352466987, -4.33538126e-007, 0.352466987, 0.935824248, 1.5718597e-005, -5.13457102e-006, -1.48626521e-005, 1, 0.935824361, -0.352466686, 6.64559384e-006, 0.352466686, 0.935824361, 2.21803988e-005, -1.40369603e-005, -1.84146072e-005, 1, 0, 0, 0, 0, 0, 0, 0, 0.333817212, -0.172576343, -0.169848364, -0.312718881, 0.597239931, -0.738499235, -0.787963867, 0.270996094, 0.552856445, 0.530426021, 0.754853852, 0.386026429, 0, 0, -0, 0, 0, 0, 0, 0.413666455, -0.13952627, -0.141203125, 0.1135432, 0.244245946, -0.963045036, 0.259765625, -0.942749023, -0.208496094, -0.958838221, -0.226442243, -0.170447, 0, 2, 1, 1, 
385.054522, 39, 0.1, 0.1, 0.0203784514, 0.375607135, -0.0349688957, 0.935823669, -0.352468523, 4.3528844e-007, 0.352468523, 0.935823669, -1.62004894e-005, 5.30280935e-006, 1.53142269e-005, 1, 0.935823783, -0.352468221, -6.91228409e-006, 0.352468221, 0.935823783, -2.27391191e-005, 1.44834967e-005, 1.8843448e-005, 1, 0, 0, 0, 0, 0, 0, 0, 0.333817212, -0.172576343, -0.169848364, -0.312718881, 0.597239931, -0.738499235, -0.787963867, 0.270996094, 0.552856445, 0.530426021, 0.754853852, 0.386026429, 0, 0, -0, 0, 0, 0, 0, 0.413666455, -0.13952627, -0.141203125, 0.1135432, 0.244245946, -0.963045036, 0.259765625, -0.942749023, -0.208496094, -0.958838221, -0.226442243, -0.170447, 0, 2, 1, 1, 
385.055209, 39, 0.1, 0.1, 0.0203784488, 0.375607129, -0.0349686173, 0.935823087, -0.35247007, 2.7162698e-007, 0.35247007, 0.935823087, 1.63291048e-005, -6.00971552e-006, -1.51854129e-005, 1, 0.935823202, -0.352469764, 7.64499494e-006, 0.352469763, 0.935823202, 2.29184395e-005, -1.52324206e-005, -1.87529779e-005, 1, 0, 0, 0, 0, 0, 0, 0, 0.333817212, -0.172576343, -0.169848364, -0.312718881, 0.597239931, -0.738499235, -0.787963867, 0.270996094, 0.552856445, 0.530426021, 0.754853852, 0.386026429, 0, 0, -0, 0, 0, 0, 0, 0.413666455, -0.13952627, -0.141203125, 0.1135432, 0.244245946, -0.963045036, 0.259765625, -0.942749023, -0.208496094, -0.958838221, -0.226442243, -0.170447, 0, 2, 1, 1, 
385.055903, 39, 0.1, 0.1, 0.020378452, 0.375607134, -0.0349686825, 0.935822494, -0.352471644, 2.01970179e-007, 0.352471644, 0.935822494, -1.71024326e-005, 5.8391143e-006, 1.60760299e-005, 1, 0.93582261, -0.352471337, -7.16425014e-006, 0.352471337, 0.935822609, -2.36468613e-005, 1.50393081e-005, 1.96040746e-005, 1, 0, 0, 0, 0, 0, 0, 0, 0.333817212, -0.172576343, -0.169848364, -0.312718881, 0.597239931, -0.738499235, -0.787963867, 0.270996094, 0.552856445, 0.530426021, 0.754853852, 0.386026429, 0, 0, -0, 0, 0, 0, 0, 0.413666455, -0.13952627, -0.141203125, 0.1135432, 0.244245946, -0.963045036, 0.259765625, -0.942749023, -0.208496094, -0.958838221, -0.226442243, -0.170447, 0, 2, 1, 1, 
385.05659, 39, 0.1, 0.1, 0.0203784495, 0.375607128, -0.0349691291, 0.935821905, -0.352473208, 3.04157537e-007, 0.352473208, 0.935821905, 1.60110317e-005, -5.92809699e-006, -1.48762668e-005, 1, 0.93582202, -0.352472901, 7.46700386e-006, 0.352472901, 0.93582202, 2.22676242e-005, -1.48365208e-005, -1.82066166e-005, 1, 0, 0, 0, 0, 0, 0, 0, 0.333817212, -0.172576343, -0.169848364, -0.312718881, 0.597239931, -0.738499235, -0.787963867, 0.270996094, 0.552856445, 0.530426021, 0.754853852, 0.386026429, 0, 0, -0, 0, 0, 0, 0, 0.413666455, -0.13952627, -0.141203125, 0.1135432, 0.244245946, -0.963045036, 0.259765625, -0.942749023, -0.208496094, -0.958838221, -0.226442243, -0.170447, 0, 2, 1, 1, 
385.057307, 39, 0.1, 0.1, 0.0203784526, 0.375607133, -0.0349696279, 0.935821287, -0.352474847, 8.3131446e-007, 0.352474847, 0.935821287, -1.67893622e-005, 5.13986611e-006, 1.600486e-005, 1, 0.935821405, -0.352474536, -6.26790473e-006, 0.352474536, 0.935821405, -2.32041852e-005, 1.40445238e-005, 1.95056964e-005, 1, 0, 0, 0, 0, 0, 0, 0, 0.333866992, -0.171595239, -0.168811108, -0.31606369, 0.598966067, -0.735738167, -0.787109375, 0.267333984, 0.555786133, 0.529596276, 0.754827643, 0.387072222, 0, 0, -0, 0, 0, 0, 0, 0.413191016, -0.138821729, -0.140662891, 0.109741471, 0.248737438, -0.96227798, 0.26159668, -0.941162109, -0.213500977, -0.958869571, -0.228302279, -0.168402496, 0, 2, 1, 1, 
385.057992, 39, 0.1, 0.1, 0.0203784501, 0.375607128, -0.0349700136, 0.935820698, -0.352476411, 4.57193656e-007, 0.352476411, 0.935820698, 1.52901643e-005, -5.81727351e-006, -1.41477022e-005, 1, 0.935820814, -0.352476104, 7.51537083e-006, 0.352476104, 0.935820814, 2.13532491e-005, -1.45595505e-005, -1.73338263e-005, 1, 0, 0, 0, 0, 0, 0, 0, 0.333866992, -0.171595239, -0.168811108, -0.31606369, 0.598966067, -0.735738167, -0.787109375, 0.267333984, 0.555786133, 0.529596276, 0.754827643, 0.387072222, 0, 0, -0, 0, 0, 0, 0, 0.413191016, -0.138821729, -0.140662891, 0.109741471, 0.248737438, -0.96227798, 0.26159668, -0.941162109, -0.213500977, -0.958869571, -0.228302279, -0.168402496, 0, 2, 1, 1, 
385.05868, 39, 0.1, 0.1, 0.0203784531, 0.375607132, -0.0349703862, 0.935820107, -0.35247798, 1.7164524e-008, 0.35247798, 0.935820107, -1.54507435e-005, 5.42998397e-006, 1.44651666e-005, 1, 0.935820224, -0.352477672, -6.84202728e-006, 0.352477672, 0.935820223, -2.16784703e-005, 1.40440842e-005, 1.7875489e-005, 1, 0, 0, 0, 0, 0, 0, 0, 0.333866992, -0.171595239, -0.168811108, -0.31606369, 0.598966067, -0.735738167, -0.787109375, 0.267333984, 0.555786133, 0.529596276, 0.754827643, 0.387072222, 0, 0, -0, 0, 0, 0, 0, 0.413191016, -0.138821729, -0.140662891, 0.109741471, 0.248737438, -0.96227798, 0.26159668, -0.941162109, -0.213500977, -0.958869571, -0.228302279, -0.168402496, 0, 2, 1, 1, 
385.059366, 39, 0.1, 0.1, 0.020378451, 0.375607126, -0.0349706546, 0.935819521, -0.352479536, -5.85778142e-007, 0.352479536, 0.935819521, 1.53755203e-005, -4.87137365e-006, -1.45951869e-005, 1, 0.935819639, -0.352479224, 6.43022879e-006, 0.352479224, 0.935819639, 2.14824414e-005, -1.35896486e-005, -1.78371684e-005, 1, 0, 0, 0, 0, 0, 0, 0, 0.333866992, -0.171595239, -0.168811108, -0.31606369, 0.598966067, -0.735738167, -0.787109375, 0.267333984, 0.555786133, 0.529596276, 0.754827643, 0.387072222, 0, 0, -0, 0, 0, 0, 0, 0.413191016, -0.138821729, -0.140662891, 0.109741471, 0.248737438, -0.96227798, 0.26159668, -0.941162109, -0.213500977, -0.958869571, -0.228302279, -0.168402496, 0, 2, 1, 1, 
385.060065, 39, 0.1, 0.1, 0.0203784542, 0.37560713, -0.0349706338, 0.935818925, -0.352481118, -1.98606764e-007, 0.352481118, 0.935818925, -1.51745532e-005, 5.53460345e-006, 1.41306289e-005, 1, 0.935819041, -0.352480812, -7.08265025e-006, 0.352480811, 0.935819041, -2.14267208e-005, 1.41805869e-005, 1.7555035e-005, 1, 0, 0, 0, 0, 0, 0, 0, 0.333866992, -0.171595239, -0.168811108, -0.31606369, 0.598966067, -0.735738167, -0.787109375, 0.267333984, 0.555786133, 0.529596276, 0.754827643, 0.387072222, 0, 0, -0, 0, 0, 0, 0, 0.412850928, -0.13770415, -0.1403354, 0.104578805, 0.252928525, -0.961772684, 0.263793945, -0.939453125, -0.218383789, -0.958798476, -0.230807603, -0.165035334, 0, 2, 1, 1, 
385.060752, 39, 0.1, 0.1, 0.0203784521, 0.375607125, -0.0349703673, 0.935818341, -0.352482669, -7.41237302e-007, 0.352482669, 0.935818341, 1.56252661e-005, -4.81397202e-006, -1.48836839e-005, 1, 0.935818457, -0.352482363, 6.2388139e-006, 0.352482363, 0.935818456, 2.18238391e-005, -1.35309156e-005, -1.82240796e-005, 1, 0, 0, 0, 0, 0, 0, 0, 0.333866992, -0.171595239, -0.168811108, -0.31606369, 0.598966067, -0.735738167, -0.787109375, 0.267333984, 0.555786133, 0.529596276, 0.754827643, 0.387072222, 0, 0, -0, 0, 0, 0, 0, 0.412850928, -0.13770415, -0.1403354, 0.104578805, 0.252928525, -0.961772684, 0.263793945, -0.939453125, -0.218383789, -0.958798476, -0.230807603, -0.165035334, 0, 2, 1, 1, 
385.06144, 39, 0.1, 0.1, 0.0203784553, 0.375607129, -0.034970016, 0.935817758, -0.352484218, -4.2678891e-008, 0.352484218, 0.935817758, -1.49327683e-005, 5.30350482e-006, 1.39593061e-005, 1, 0.935817872, -0.352483915, -7.07542902e-006, 0.352483915, 0.935817872, -2.123503e-005, 1.41063194e-005, 1.73781457e-005, 1, 0, 0, 0, 0, 0, 0, 0, 0.333866992, -0.171595239, -0.168811108, -0.31606369, 0.598966067, -0.735738167, -0.787109375, 0.267333984, 0.555786133, 0.529596276, 0.754827643, 0.387072222, 0, 0, -0, 0, 0, 0, 0, 0.412850928, -0.13770415, -0.1403354, 0.104578805, 0.252928525, -0.961772684, 0.263793945, -0.939453125, -0.218383789, -0.958798476, -0.230807603, -0.165035334, 0, 2, 1, 1, 
385.062138, 39, 0.1, 0.1, 0.020378453, 0.375607123, -0.0349696293, 0.935817166, -0.352485791, -8.25762347e-007, 0.352485791, 0.935817165, 1.61023795e-005, -4.9030974e-006, -1.53599527e-005, 1, 0.935817281, -0.352485484, 6.30412532e-006, 0.352485483, 0.935817281, 2.25369804e-005, -1.38434679e-005, -1.88683831e-005, 1, 0, 0, 0, 0, 0, 0, 0, 0.333472241, -0.170846167, -0.16777312, -0.31941449, 0.600533443, -0.732932916, -0.785766602, 0.264282227, 0.559082031, 0.529509031, 0.754579395, 0.387616649, 0, 0, -0, 0, 0, 0, 0, 0.412850928, -0.13770415, -0.1403354, 0.104578805, 0.252928525, -0.961772684, 0.263793945, -0.939453125, -0.218383789, -0.958798476, -0.230807603, -0.165035334, 0, 2, 1, 1, 
