time, trialNum, realDorsalTactorPos, realVentralTactorPos, boxPosX, boxPosY, boxPosZ, boxLocalRot_11, boxLocalRot_12, boxLocalRot_13, boxLocalRot_21, boxLocalRot_22, boxLocalRot_23, boxLocalRot_31, boxLocalRot_32, boxLocalRot_33, boxGlobalRot_11, boxGlobalRot_12, boxGlobalRot_13, boxGlobalRot_21, boxGlobalRot_22, boxGlobalRot_23, boxGlobalRot_31, boxGlobalRot_32, boxGlobalRot_33, indexForceX, indexForceY, indexForceZ, indexForceGlobalX, indexForceGlobalY, indexForceGlobalZ, indexContact, indexPosX, indexPosY, indexPosZ, indexRot_11, indexRot_12, indexRot_13, indexRot_21, indexRot_22, indexRot_23, indexRot_31, indexRot_32, indexRot_33, thumbForceX, thumbForceY, thumbForceZ, thumbForceGlobalX, thumbForceGlobalY, thumbForceGlobalZ, thumbContact, thumbPosX, thumbPosY, thumbPosZ, thumbRot_11, thumbRot_12, thumbRot_13, thumbRot_21, thumbRot_22, thumbRot_23, thumbRot_31, thumbRot_32, thumbRot_33, manipForceTooHigh, cceExpType, mapping, trialSuccess, 
499.315112, 31, 0.1, 0.1, 0.00713616479, 0.376565932, -0.0349849746, 0.907098586, -0.420918227, -2.60579702e-005, 0.420918227, 0.907098587, -2.33551124e-005, 3.34677405e-005, 1.02171149e-005, 0.999999999, 0.907098654, -0.420918082, -2.08868108e-005, 0.420918082, 0.907098654, -1.86021087e-005, 2.67763619e-005, 8.08231145e-006, 1, 0, 0, 0, 0, 0, 0, 0, 0.270009546, -0.167047974, -0.194159668, -0.199050824, 0.745189724, -0.636292222, -0.762695312, 0.289916992, 0.578125, 0.615251259, 0.600413457, 0.510856826, 0, 0, 0, 0, 0, 0, 0, 0.335022705, -0.145308105, -0.174319287, -0.174333504, 0.23957578, -0.955065467, 0.225830078, -0.934204102, -0.275634766, -0.958409605, -0.26375591, 0.108649409, 0, 2, 1, 1, 
499.359243, 31, 0.1, 0.1, 0.00713617501, 0.376565934, -0.0349694972, 0.907088339, -0.42094031, 1.35976925e-005, 0.42094031, 0.907088339, 1.81345651e-005, -1.99678778e-005, -1.07258356e-005, 1, 0.907088381, -0.420940221, 1.14801466e-005, 0.420940221, 0.907088381, 1.71555011e-005, -1.7634948e-005, -1.07291003e-005, 1, 0, 0, 0, 0, 0, 0, 0, 0.273099805, -0.169754712, -0.194824243, -0.216099119, 0.743882196, -0.632233748, -0.772827148, 0.265380859, 0.576416016, 0.596570039, 0.613226926, 0.517753134, 0, 0, 0, 0, 0, 0, 0, 0.338348877, -0.146215625, -0.174464844, -0.159394178, 0.244101887, -0.956513192, 0.255981445, -0.925537109, -0.278808594, -0.953402622, -0.289301651, 0.0850533898, 0, 2, 1, 1, 
499.359953, 31, 0.1, 0.1, 0.00713617556, 0.376565936, -0.0349705931, 0.907088184, -0.420940645, -1.49234189e-005, 0.420940645, 0.907088184, -9.49348873e-006, 1.75330522e-005, 2.32955787e-006, 1, 0.907088205, -0.4209406, -1.01989608e-005, 0.4209406, 0.907088205, -1.40376927e-005, 1.51603918e-005, 8.44026878e-006, 1, 0, 0, 0, 0, 0, 0, 0, 0.273099805, -0.169754712, -0.194824243, -0.216099119, 0.743882196, -0.632233748, -0.772827148, 0.265380859, 0.576416016, 0.596570039, 0.613226926, 0.517753134, 0, 0, 0, 0, 0, 0, 0, 0.338348877, -0.146215625, -0.174464844, -0.159394178, 0.244101887, -0.956513192, 0.255981445, -0.925537109, -0.278808594, -0.953402622, -0.289301651, 0.0850533898, 0, 2, 1, 1, 
499.360653, 31, 0.1, 0.1, 0.0071361757, 0.376565933, -0.0349712036, 0.907088156, -0.420940704, 1.63697695e-005, 0.420940704, 0.907088157, 4.63508218e-006, -1.67999188e-005, 2.68627414e-006, 1, 0.907088151, -0.420940716, 1.02973102e-005, 0.420940716, 0.907088151, 1.34166766e-005, -1.49881935e-005, -7.83555121e-006, 1, 0, 0, 0, 0, 0, 0, 0, 0.273099805, -0.169754712, -0.194824243, -0.216099119, 0.743882196, -0.632233748, -0.772827148, 0.265380859, 0.576416016, 0.596570039, 0.613226926, 0.517753134, 0, 0, 0, 0, 0, 0, 0, 0.338348877, -0.146215625, -0.174464844, -0.159394178, 0.244101887, -0.956513192, 0.255981445, -0.925537109, -0.278808594, -0.953402622, -0.289301651, 0.0850533898, 0, 2, 1, 1, 
499.361405, 31, 0.1, 0.1, 0.00713617846, 0.376565933, -0.0349709918, 0.907088249, -0.420940503, -2.47251203e-005, 0.420940504, 0.90708825, 5.07486874e-006, 2.02916483e-005, -1.50111584e-005, 1, 0.907088221, -0.420940564, -2.05710427e-005, 0.420940565, 0.907088221, 9.29779532e-007, 1.82683686e-005, -9.50257839e-006, 1, 0, 0, 0, 0, 0, 0, 0, 0.273099805, -0.169754712, -0.194824243, -0.216119337, 0.742601259, -0.6338835, -0.774658203, 0.264648437, 0.57421875, 0.594101403, 0.615283686, 0.518261613, 0, 0, 0, 0, 0, 0, 0, 0.338348877, -0.146215625, -0.174464844, -0.159394178, 0.244101887, -0.956513192, 0.255981445, -0.925537109, -0.278808594, -0.953402622, -0.289301651, 0.0850533898, 0, 2, 1, 1, 
499.362126, 31, 0.1, 0.1, 0.0071361776, 0.376565932, -0.0349696399, 0.90708838, -0.420940222, 2.01789406e-005, 0.420940222, 0.90708838, 4.30209255e-007, -1.84851749e-005, 8.1038899e-006, 1, 0.907088357, -0.420940271, 1.82158243e-005, 0.420940271, 0.907088357, -5.39498876e-007, -1.62962653e-005, 8.15714716e-006, 1, 0, 0, 0, 0, 0, 0, 0, 0.273537744, -0.169813916, -0.19423728, -0.216119337, 0.742601259, -0.6338835, -0.774658203, 0.264648437, 0.57421875, 0.594101403, 0.615283686, 0.518261613, 0, 0, 0, 0, 0, 0, 0, 0.338776221, -0.146247607, -0.173901074, -0.156333618, 0.243973922, -0.957005728, 0.258178711, -0.925170898, -0.277954102, -0.95332643, -0.290419786, 0.0815648263, 0, 2, 1, 1, 
499.362827, 31, 0.1, 0.1, 0.00713618017, 0.376565931, -0.034968362, 0.907088449, -0.420940073, -1.87932993e-005, 0.420940073, 0.907088449, -4.49186907e-006, 1.89379924e-005, -3.83633024e-006, 1, 0.907088445, -0.420940083, -2.00029844e-005, 0.420940083, 0.907088445, 2.55078897e-006, 1.70707467e-005, -1.07338491e-005, 1, 0, 0, 0, 0, 0, 0, 0, 0.273537744, -0.169813916, -0.19423728, -0.216119337, 0.742601259, -0.6338835, -0.774658203, 0.264648437, 0.57421875, 0.594101403, 0.615283686, 0.518261613, 0, 0, 0, 0, 0, 0, 0, 0.338776221, -0.146247607, -0.173901074, -0.156333618, 0.243973922, -0.957005728, 0.258178711, -0.925170898, -0.277954102, -0.95332643, -0.290419786, 0.0815648263, 0, 2, 1, 1, 
499.363541, 31, 0.1, 0.1, 0.00713617698, 0.376565932, -0.0349674645, 0.907088389, -0.420940202, 1.75746368e-005, 0.420940202, 0.907088389, 1.3139453e-005, -2.1472673e-005, -4.52077408e-006, 1, 0.907088415, -0.420940147, 2.06908127e-005, 0.420940147, 0.907088415, 6.84454985e-007, -1.90565111e-005, 8.08873256e-006, 1, 0, 0, 0, 0, 0, 0, 0, 0.273537744, -0.169813916, -0.19423728, -0.216119337, 0.742601259, -0.6338835, -0.774658203, 0.264648437, 0.57421875, 0.594101403, 0.615283686, 0.518261613, 0, 0, 0, 0, 0, 0, 0, 0.338776221, -0.146247607, -0.173901074, -0.156333618, 0.243973922, -0.957005728, 0.258178711, -0.925170898, -0.277954102, -0.95332643, -0.290419786, 0.0815648263, 0, 2, 1, 1, 
499.364258, 31, 0.1, 0.1, 0.00713617836, 0.376565933, -0.0349668479, 0.907088212, -0.420940585, -1.14448736e-005, 0.420940584, 0.907088212, -2.16643443e-005, 1.95009117e-005, 1.48338596e-005, 1, 0.907088253, -0.420940497, -1.20117882e-005, 0.420940496, 0.907088253, -1.55362087e-005, 1.74355714e-005, 9.03646432e-006, 1, 0, 0, 0, 0, 0, 0, 0, 0.273537744, -0.169813916, -0.19423728, -0.216119337, 0.742601259, -0.6338835, -0.774658203, 0.264648437, 0.57421875, 0.594101403, 0.615283686, 0.518261613, 0, 0, 0, 0, 0, 0, 0, 0.338776221, -0.146247607, -0.173901074, -0.156333618, 0.243973922, -0.957005728, 0.258178711, -0.925170898, -0.277954102, -0.95332643, -0.290419786, 0.0815648263, 0, 2, 1, 1, 
499.364962, 31, 0.1, 0.1, 0.00713617629, 0.376565932, -0.03496704, 0.907088002, -0.420941037, 1.67598498e-005, 0.420941037, 0.907088002, 1.75113145e-005, -2.25738895e-005, -8.82939474e-006, 1, 0.907088041, -0.420940953, 1.44052074e-005, 0.420940953, 0.907088041, 1.66908188e-005, -2.00926405e-005, -9.07630035e-006, 1, 0, 0, 0, 0, 0, 0, 0, 0.273537744, -0.169813916, -0.19423728, -0.216119337, 0.742601259, -0.6338835, -0.774658203, 0.264648437, 0.57421875, 0.594101403, 0.615283686, 0.518261613, 0, 0, 0, 0, 0, 0, 0, 0.338776221, -0.146247607, -0.173901074, -0.156333618, 0.243973922, -0.957005728, 0.258178711, -0.925170898, -0.277954102, -0.95332643, -0.290419786, 0.0815648263, 0, 2, 1, 1, 
499.365656, 31, 0.1, 0.1, 0.00713617603, 0.376565934, -0.0349679526, 0.907087866, -0.42094133, -1.37164298e-005, 0.42094133, 0.907087866, -1.30130282e-005, 1.79197284e-005, 6.03014783e-006, 1, 0.907087883, -0.420941294, -8.60155977e-006, 0.420941294, 0.907087883, -1.77690853e-005, 1.52821124e-005, 1.24973703e-005, 1, 0, 0, 0, 0, 0, 0, 0, 0.273537744, -0.169813916, -0.19423728, -0.216119337, 0.742601259, -0.6338835, -0.774658203, 0.264648437, 0.57421875, 0.594101403, 0.615283686, 0.518261613, 0, 0, 0, 0, 0, 0, 0, 0.338776221, -0.146247607, -0.173901074, -0.156333618, 0.243973922, -0.957005728, 0.258178711, -0.925170898, -0.277954102, -0.95332643, -0.290419786, 0.0815648263, 0, 2, 1, 1, 
499.366417, 31, 0.1, 0.1, 0.00713617463, 0.376565931, -0.034968938, 0.907087869, -0.420941323, 2.2820017e-005, 0.420941323, 0.907087869, 3.33823243e-006, -2.21049606e-005, 6.57781801e-006, 1, 0.907087855, -0.420941354, 1.59439506e-005, 0.420941354, 0.907087855, 1.37202226e-005, -2.0237973e-005, -5.73397914e-006, 1, 0, 0, 0, 0, 0, 0, 0, 0.273343066, -0.170547485, -0.193653613, -0.215510508, 0.741288122, -0.635546356, -0.775634766, 0.26550293, 0.572631836, 0.593263422, 0.61635681, 0.517907024, 0, 0, 0, 0, 0, 0, 0, 0.338776221, -0.146247607, -0.173901074, -0.152979216, 0.243303115, -0.957683465, 0.258544922, -0.925537109, -0.276489258, -0.953710325, -0.289876577, 0.078670511, 0, 2, 1, 1, 
499.36712, 31, 0.1, 0.1, 0.00713617528, 0.376565932, -0.0349695666, 0.907087991, -0.42094106, -2.09836522e-005, 0.42094106, 0.907087991, 2.28468377e-006, 1.80723017e-005, -1.090529e-005, 1, 0.90708796, -0.420941127, -1.63645966e-005, 0.420941127, 0.90708796, -1.50541881e-006, 1.54778212e-005, -5.52298445e-006, 1, 0, 0, 0, 0, 0, 0, 0, 0.273343066, -0.170547485, -0.193653613, -0.215510508, 0.741288122, -0.635546356, -0.775634766, 0.26550293, 0.572631836, 0.593263422, 0.61635681, 0.517907024, 0, 0, 0, 0, 0, 0, 0, 0.338766846, -0.146950293, -0.173560303, -0.152979216, 0.243303115, -0.957683465, 0.258544922, -0.925537109, -0.276489258, -0.953710325, -0.289876577, 0.078670511, 0, 2, 1, 1, 
499.367821, 31, 0.1, 0.1, 0.00713617388, 0.376565932, -0.034970102, 0.907088149, -0.420940721, 2.00822453e-005, 0.420940721, 0.907088149, -1.38933093e-006, -1.76315408e-005, 9.71368044e-006, 1, 0.90708812, -0.420940783, 1.8512213e-005, 0.420940783, 0.90708812, -2.62377499e-006, -1.56877545e-005, 1.01725405e-005, 1, 0, 0, 0, 0, 0, 0, 0, 0.273343066, -0.170547485, -0.193653613, -0.215510508, 0.741288122, -0.635546356, -0.775634766, 0.26550293, 0.572631836, 0.593263422, 0.61635681, 0.517907024, 0, 0, 0, 0, 0, 0, 0, 0.338766846, -0.146950293, -0.173560303, -0.152979216, 0.243303115, -0.957683465, 0.258544922, -0.925537109, -0.276489258, -0.953710325, -0.289876577, 0.078670511, 0, 2, 1, 1, 
499.368545, 31, 0.1, 0.1, 0.00713617709, 0.376565931, -0.034970292, 0.907088243, -0.420940517, -2.08522301e-005, 0.420940517, 0.907088243, -5.07992064e-006, 2.10531572e-005, -4.16961223e-006, 1, 0.907088234, -0.420940537, -2.1503416e-005, 0.420940537, 0.907088234, 1.55183495e-006, 1.88522654e-005, -1.04593107e-005, 1, 0, 0, 0, 0, 0, 0, 0, 0.273343066, -0.170547485, -0.193653613, -0.215510508, 0.741288122, -0.635546356, -0.775634766, 0.26550293, 0.572631836, 0.593263422, 0.61635681, 0.517907024, 0, 0, 0, 0, 0, 0, 0, 0.338766846, -0.146950293, -0.173560303, -0.152979216, 0.243303115, -0.957683465, 0.258544922, -0.925537109, -0.276489258, -0.953710325, -0.289876577, 0.078670511, 0, 2, 1, 1, 
499.369268, 31, 0.1, 0.1, 0.00713617523, 0.376565933, -0.0349698134, 0.90708821, -0.420940588, 1.36295581e-005, 0.420940588, 0.90708821, 1.23515065e-005, -1.75624619e-005, -5.46667168e-006, 1, 0.907088228, -0.42094055, 1.65434074e-005, 0.42094055, 0.907088228, 1.37102935e-006, -1.5583452e-005, 5.72014644e-006, 1, 0, 0, 0, 0, 0, 0, 0, 0.273343066, -0.170547485, -0.193653613, -0.215510508, 0.741288122, -0.635546356, -0.775634766, 0.26550293, 0.572631836, 0.593263422, 0.61635681, 0.517907024, 0, 0, 0, 0, 0, 0, 0, 0.338949219, -0.147654688, -0.173437646, -0.15012318, 0.242645068, -0.958399481, 0.258911133, -0.92578125, -0.275024414, -0.954023857, -0.289454769, 0.0761404004, 0, 2, 1, 1, 
499.369966, 31, 0.1, 0.1, 0.00713617738, 0.376565933, -0.0349692007, 0.907088069, -0.420940892, -1.29185671e-005, 0.420940892, 0.907088069, -1.85463846e-005, 1.95252098e-005, 1.13852511e-005, 1, 0.907088103, -0.420940818, -1.33957122e-005, 0.420940818, 0.907088103, -1.31173181e-005, 1.76727058e-005, 6.25976111e-006, 1, 0, 0, 0, 0, 0, 0, 0, 0.273343066, -0.170547485, -0.193653613, -0.215510508, 0.741288122, -0.635546356, -0.775634766, 0.26550293, 0.572631836, 0.593263422, 0.61635681, 0.517907024, 0, 0, 0, 0, 0, 0, 0, 0.338949219, -0.147654688, -0.173437646, -0.15012318, 0.242645068, -0.958399481, 0.258911133, -0.92578125, -0.275024414, -0.954023857, -0.289454769, 0.0761404004, 0, 2, 1, 1, 
499.37067, 31, 0.1, 0.1, 0.00713617623, 0.376565931, -0.0349687392, 0.907087894, -0.420941269, 1.37491975e-005, 0.420941269, 0.907087894, 1.85495252e-005, -2.02799913e-005, -1.10384451e-005, 1, 0.907087926, -0.4209412, 1.1425248e-005, 0.4209412, 0.907087926, 1.78451087e-005, -1.7875446e-005, -1.1377725e-005, 1, 0, 0, 0, 0, 0, 0, 0, 0.273343066, -0.170547485, -0.193653613, -0.215510508, 0.741288122, -0.635546356, -0.775634766, 0.26550293, 0.572631836, 0.593263422, 0.61635681, 0.517907024, 0, 0, 0, 0, 0, 0, 0, 0.338949219, -0.147654688, -0.173437646, -0.15012318, 0.242645068, -0.958399481, 0.258911133, -0.92578125, -0.275024414, -0.954023857, -0.289454769, 0.0761404004, 0, 2, 1, 1, 
499.371423, 31, 0.1, 0.1, 0.0071361773, 0.376565934, -0.0349680076, 0.907087781, -0.420941512, -1.75262193e-005, 0.420941512, 0.907087781, -1.2542503e-005, 2.11774796e-005, 3.99963796e-006, 1, 0.907087792, -0.42094149, -1.29862193e-005, 0.42094149, 0.907087792, -1.79707693e-005, 1.93442834e-005, 1.08346269e-005, 1, 0, 0, 0, 0, 0, 0, 0, 0.273542017, -0.171275684, -0.193500806, -0.215923507, 0.740051369, -0.636885703, -0.776245117, 0.26550293, 0.571777344, 0.592216507, 0.617912203, 0.517254012, 0, 0, 0, 0, 0, 0, 0, 0.338949219, -0.147654688, -0.173437646, -0.15012318, 0.242645068, -0.958399481, 0.258911133, -0.92578125, -0.275024414, -0.954023857, -0.289454769, 0.0761404004, 0, 2, 1, 1, 
499.372155, 31, 0.1, 0.1, 0.00713617675, 0.37656593, -0.0349671765, 0.907087816, -0.420941437, 2.20616642e-005, 0.420941437, 0.907087816, 5.89923394e-006, -2.24950988e-005, 3.93554541e-006, 1, 0.907087797, -0.420941479, 1.49667918e-005, 0.420941478, 0.907087797, 1.57463977e-005, -2.02045062e-005, -7.98322173e-006, 1, 0, 0, 0, 0, 0, 0, 0, 0.273542017, -0.171275684, -0.193500806, -0.215923507, 0.740051369, -0.636885703, -0.776245117, 0.26550293, 0.571777344, 0.592216507, 0.617912203, 0.517254012, 0, 0, 0, 0, 0, 0, 0, 0.338949219, -0.147654688, -0.173437646, -0.15012318, 0.242645068, -0.958399481, 0.258911133, -0.92578125, -0.275024414, -0.954023857, -0.289454769, 0.0761404004, 0, 2, 1, 1, 
499.372855, 31, 0.1, 0.1, 0.00713617775, 0.376565931, -0.0349670362, 0.90708797, -0.420941105, -2.23246719e-005, 0.420941105, 0.90708797, 5.52866856e-006, 1.79231975e-005, -1.44123608e-005, 1, 0.907087933, -0.420941186, -1.79512399e-005, 0.420941186, 0.907087933, 1.42259186e-006, 1.56845256e-005, -8.84683211e-006, 1, 0, 0, 0, 0, 0, 0, 0, 0.273542017, -0.171275684, -0.193500806, -0.215923507, 0.740051369, -0.636885703, -0.776245117, 0.26550293, 0.571777344, 0.592216507, 0.617912203, 0.517254012, 0, 0, 0, 0, 0, 0, 0, 0.338949219, -0.147654688, -0.173437646, -0.15012318, 0.242645068, -0.958399481, 0.258911133, -0.92578125, -0.275024414, -0.954023857, -0.289454769, 0.0761404004, 0, 2, 1, 1, 
499.373552, 31, 0.1, 0.1, 0.00713617567, 0.37656593, -0.0349676201, 0.907088157, -0.420940702, 2.3822078e-005, 0.420940702, 0.907088157, -1.12900732e-006, -2.11334797e-005, 1.10517914e-005, 1, 0.907088123, -0.420940777, 2.18528005e-005, 0.420940777, 0.907088123, -1.73895121e-006, -1.90904203e-005, 1.07761168e-005, 1, 0, 0, 0, 0, 0, 0, 0, 0.273542017, -0.171275684, -0.193500806, -0.215923507, 0.740051369, -0.636885703, -0.776245117, 0.26550293, 0.571777344, 0.592216507, 0.617912203, 0.517254012, 0, 0, 0, 0, 0, 0, 0, 0.338949219, -0.147654688, -0.173437646, -0.15012318, 0.242645068, -0.958399481, 0.258911133, -0.92578125, -0.275024414, -0.954023857, -0.289454769, 0.0761404004, 0, 2, 1, 1, 
499.374278, 31, 0.1, 0.1, 0.00713617815, 0.376565929, -0.0349684746, 0.907088283, -0.42094043, -2.07426814e-005, 0.42094043, 0.907088284, -6.92048912e-006, 2.17285569e-005, -2.45393863e-006, 1, 0.90708827, -0.420940459, -2.11694355e-005, 0.420940459, 0.90708827, 2.57429507e-007, 1.90941841e-005, -9.14458317e-006, 1, 0, 0, 0, 0, 0, 0, 0, 0.273757202, -0.171990942, -0.193556348, -0.216038083, 0.739099934, -0.637945722, -0.776733398, 0.26574707, 0.570922852, 0.591493103, 0.618928039, 0.516803943, 0, 0, 0, 0, 0, 0, 0, 0.339217773, -0.148575488, -0.172678955, -0.145893447, 0.241935981, -0.959230703, 0.259399414, -0.926269531, -0.273071289, -0.954561235, -0.288547356, 0.0723707542, 0, 2, 1, 1, 
499.374971, 31, 0.1, 0.1, 0.00713617659, 0.376565932, -0.0349695409, 0.907088272, -0.420940455, 1.28558061e-005, 0.420940455, 0.907088272, 7.40120764e-006, -1.47768186e-005, -1.30201978e-006, 1, 0.907088285, -0.420940426, 1.54950401e-005, 0.420940426, 0.907088285, -3.15973903e-006, -1.27253075e-005, 9.38865106e-006, 1, 0, 0, 0, 0, 0, 0, 0, 0.273757202, -0.171990942, -0.193556348, -0.216038083, 0.739099934, -0.637945722, -0.776733398, 0.26574707, 0.570922852, 0.591493103, 0.618928039, 0.516803943, 0, 0, 0, 0, 0, 0, 0, 0.339217773, -0.148575488, -0.172678955, -0.145893447, 0.241935981, -0.959230703, 0.259399414, -0.926269531, -0.273071289, -0.954561235, -0.288547356, 0.0723707542, 0, 2, 1, 1, 
499.375665, 31, 0.1, 0.1, 0.00713617863, 0.376565934, -0.0349706066, 0.907088154, -0.420940709, -1.23819009e-005, 0.420940709, 0.907088154, -2.21567567e-005, 2.05581565e-005, 1.48860854e-005, 1, 0.907088184, -0.420940645, -1.28240054e-005, 0.420940645, 0.907088184, -1.68615557e-005, 1.87302179e-005, 9.8967728e-006, 1, 0, 0, 0, 0, 0, 0, 0, 0.273757202, -0.171990942, -0.193556348, -0.216038083, 0.739099934, -0.637945722, -0.776733398, 0.26574707, 0.570922852, 0.591493103, 0.618928039, 0.516803943, 0, 0, 0, 0, 0, 0, 0, 0.339217773, -0.148575488, -0.172678955, -0.145893447, 0.241935981, -0.959230703, 0.259399414, -0.926269531, -0.273071289, -0.954561235, -0.288547356, 0.0723707542, 0, 2, 1, 1, 
499.376368, 31, 0.1, 0.1, 0.0071361776, 0.376565934, -0.034971253, 0.907087999, -0.420941043, 1.28394113e-005, 0.420941043, 0.907087999, 1.29946165e-005, -1.71164434e-005, -6.38262551e-006, 1, 0.907088027, -0.420940983, 1.06063738e-005, 0.420940983, 0.907088027, 1.20249543e-005, -1.46827108e-005, -6.44303468e-006, 1, 0, 0, 0, 0, 0, 0, 0, 0.273757202, -0.171990942, -0.193556348, -0.216038083, 0.739099934, -0.637945722, -0.776733398, 0.26574707, 0.570922852, 0.591493103, 0.618928039, 0.516803943, 0, 0, 0, 0, 0, 0, 0, 0.339217773, -0.148575488, -0.172678955, -0.145893447, 0.241935981, -0.959230703, 0.259399414, -0.926269531, -0.273071289, -0.954561235, -0.288547356, 0.0723707542, 0, 2, 1, 1, 
499.37707, 31, 0.1, 0.1, 0.00713617774, 0.376565937, -0.0349713269, 0.907087904, -0.420941248, -1.24701044e-005, 0.420941248, 0.907087904, -1.15584766e-005, 1.61769205e-005, 5.23537304e-006, 1, 0.907087914, -0.420941226, -8.37905733e-006, 0.420941226, 0.907087914, -1.65410125e-005, 1.45633357e-005, 1.14770618e-005, 1, 0, 0, 0, 0, 0, 0, 0, 0.273757202, -0.171990942, -0.193556348, -0.216038083, 0.739099934, -0.637945722, -0.776733398, 0.26574707, 0.570922852, 0.591493103, 0.618928039, 0.516803943, 0, 0, 0, 0, 0, 0, 0, 0.339217773, -0.148575488, -0.172678955, -0.145893447, 0.241935981, -0.959230703, 0.259399414, -0.926269531, -0.273071289, -0.954561235, -0.288547356, 0.0723707542, 0, 2, 1, 1, 
499.377764, 31, 0.1, 0.1, 0.00713617668, 0.376565934, -0.0349708977, 0.907087926, -0.4209412, 2.00254319e-005, 0.4209412, 0.907087926, 4.4438902e-006, -2.0035444e-005, 4.39853018e-006, 1, 0.907087911, -0.420941232, 1.38556351e-005, 0.420941232, 0.907087911, 1.28552468e-005, -1.79795825e-005, -5.82843085e-006, 1, 0, 0, 0, 0, 0, 0, 0, 0.273757202, -0.171990942, -0.193556348, -0.216038083, 0.739099934, -0.637945722, -0.776733398, 0.26574707, 0.570922852, 0.591493103, 0.618928039, 0.516803943, 0, 0, 0, 0, 0, 0, 0, 0.339217773, -0.148575488, -0.172678955, -0.145893447, 0.241935981, -0.959230703, 0.259399414, -0.926269531, -0.273071289, -0.954561235, -0.288547356, 0.0723707542, 0, 2, 1, 1, 
499.378458, 31, 0.1, 0.1, 0.00713617751, 0.376565934, -0.0349701481, 0.90708805, -0.420940932, -1.97921394e-005, 0.420940932, 0.907088051, 5.65369515e-006, 1.55733415e-005, -1.34597209e-005, 1, 0.90708802, -0.420940998, -1.59293994e-005, 0.420940998, 0.90708802, 1.72581755e-006, 1.37229e-005, -8.27080569e-006, 1, 0, 0, 0, 0, 0, 0, 0, 0.273757202, -0.171990942, -0.193556348, -0.216038083, 0.739099934, -0.637945722, -0.776733398, 0.26574707, 0.570922852, 0.591493103, 0.618928039, 0.516803943, 0, 0, 0, 0, 0, 0, 0, 0.339217773, -0.148575488, -0.172678955, -0.145893447, 0.241935981, -0.959230703, 0.259399414, -0.926269531, -0.273071289, -0.954561235, -0.288547356, 0.0723707542, 0, 2, 1, 1, 
499.379186, 31, 0.1, 0.1, 0.007136175, 0.376565933, -0.0349689119, 0.907088217, -0.420940574, 2.40373218e-005, 0.420940574, 0.907088217, 3.67563779e-007, -2.19586938e-005, 9.78487124e-006, 1, 0.907088187, -0.420940638, 2.26831267e-005, 0.420940638, 0.907088187, -4.28045575e-007, -2.03954145e-005, 9.93652493e-006, 1, 0, 0, 0, 0, 0, 0, 0, 0.275019019, -0.172253735, -0.193137085, -0.217378551, 0.738199796, -0.638535455, -0.778686523, 0.263305664, 0.569458008, 0.588492022, 0.621048078, 0.517762491, 0, 0, 0, 0, 0, 0, 0, 0.340334863, -0.148584766, -0.17211543, -0.142615604, 0.242555382, -0.959538038, 0.262695313, -0.925292969, -0.272949219, -0.95421672, -0.290937108, 0.0682879426, 0, 2, 1, 1, 
499.379883, 31, 0.1, 0.1, 0.00713617727, 0.376565932, -0.0349679888, 0.907088314, -0.420940363, -1.98717593e-005, 0.420940363, 0.907088315, -5.45587946e-006, 2.03220405e-005, -3.41586106e-006, 1, 0.907088305, -0.420940383, -2.01435955e-005, 0.420940383, 0.907088305, 1.72358957e-006, 1.75464914e-005, -1.00427008e-005, 1, 0, 0, 0, 0, 0, 0, 0, 0.275019019, -0.172253735, -0.193137085, -0.217378551, 0.738199796, -0.638535455, -0.778686523, 0.263305664, 0.569458008, 0.588492022, 0.621048078, 0.517762491, 0, 0, 0, 0, 0, 0, 0, 0.340334863, -0.148584766, -0.17211543, -0.142615604, 0.242555382, -0.959538038, 0.262695313, -0.925292969, -0.272949219, -0.95421672, -0.290937108, 0.0682879426, 0, 2, 1, 1, 
499.380579, 31, 0.1, 0.1, 0.00713617535, 0.376565934, -0.0349675927, 0.907088283, -0.420940432, 1.33823721e-005, 0.420940432, 0.907088283, 1.0463168e-005, -1.65433634e-005, -3.85783564e-006, 1, 0.9070883, -0.420940394, 1.6709728e-005, 0.420940394, 0.9070883, -8.42378999e-007, -1.48026074e-005, 7.79791164e-006, 1, 0, 0, 0, 0, 0, 0, 0, 0.275019019, -0.172253735, -0.193137085, -0.217378551, 0.738199796, -0.638535455, -0.778686523, 0.263305664, 0.569458008, 0.588492022, 0.621048078, 0.517762491, 0, 0, 0, 0, 0, 0, 0, 0.340334863, -0.148584766, -0.17211543, -0.142615604, 0.242555382, -0.959538038, 0.262695313, -0.925292969, -0.272949219, -0.95421672, -0.290937108, 0.0682879426, 0, 2, 1, 1, 
499.381277, 31, 0.1, 0.1, 0.0071361782, 0.376565935, -0.03496782, 0.907088136, -0.420940747, -1.57601696e-005, 0.420940747, 0.907088136, -2.26097866e-005, 2.38132433e-005, 1.38749717e-005, 1, 0.907088172, -0.42094067, -1.6052154e-005, 0.420940669, 0.907088172, -1.67124341e-005, 2.15956622e-005, 8.40264689e-006, 1, 0, 0, 0, 0, 0, 0, 0, 0.275019019, -0.172253735, -0.193137085, -0.217378551, 0.738199796, -0.638535455, -0.778686523, 0.263305664, 0.569458008, 0.588492022, 0.621048078, 0.517762491, 0, 0, 0, 0, 0, 0, 0, 0.340334863, -0.148584766, -0.17211543, -0.142615604, 0.242555382, -0.959538038, 0.262695313, -0.925292969, -0.272949219, -0.95421672, -0.290937108, 0.0682879426, 0, 2, 1, 1, 
499.381973, 31, 0.1, 0.1, 0.00713617785, 0.376565935, -0.0349685704, 0.907087955, -0.420941138, 1.20716931e-005, 0.420941138, 0.907087955, 1.52009955e-005, -1.73488118e-005, -8.70716767e-006, 1, 0.907087988, -0.420941067, 9.38934229e-006, 0.420941066, 0.907087988, 1.43004225e-005, -1.45365947e-005, -9.01938168e-006, 1, 0, 0, 0, 0, 0, 0, 0, 0.275019019, -0.172253735, -0.193137085, -0.217378551, 0.738199796, -0.638535455, -0.778686523, 0.263305664, 0.569458008, 0.588492022, 0.621048078, 0.517762491, 0, 0, 0, 0, 0, 0, 0, 0.340334863, -0.148584766, -0.17211543, -0.142615604, 0.242555382, -0.959538038, 0.262695313, -0.925292969, -0.272949219, -0.95421672, -0.290937108, 0.0682879426, 0, 2, 1, 1, 
499.382669, 31, 0.1, 0.1, 0.0071361783, 0.376565938, -0.0349695886, 0.907087841, -0.420941383, -1.37398913e-005, 0.420941383, 0.907087841, -1.23908776e-005, 1.76791215e-005, 5.45592561e-006, 1, 0.907087855, -0.420941354, -9.48339627e-006, 0.420941354, 0.907087855, -1.73247186e-005, 1.58949641e-005, 1.17230882e-005, 1, 0, 0, 0, 0, 0, 0, 0, 0.275019019, -0.172253735, -0.193137085, -0.217378551, 0.738199796, -0.638535455, -0.778686523, 0.263305664, 0.569458008, 0.588492022, 0.621048078, 0.517762491, 0, 0, 0, 0, 0, 0, 0, 0.340334863, -0.148584766, -0.17211543, -0.142615604, 0.242555382, -0.959538038, 0.262695313, -0.925292969, -0.272949219, -0.95421672, -0.290937108, 0.0682879426, 0, 2, 1, 1, 
499.383379, 31, 0.1, 0.1, 0.00713617718, 0.376565935, -0.0349705175, 0.907087851, -0.420941361, 2.12038447e-005, 0.420941361, 0.907087852, 3.39770774e-006, -2.06639857e-005, 5.84355584e-006, 1, 0.907087837, -0.420941392, 1.41471801e-005, 0.420941392, 0.907087837, 1.2620421e-005, -1.81451926e-005, -5.49269671e-006, 1, 0, 0, 0, 0, 0, 0, 0, 0.275019019, -0.172253735, -0.193137085, -0.21798251, 0.73724237, -0.639442706, -0.780151367, 0.26184082, 0.567993164, 0.586239433, 0.622806415, 0.518276961, 0, 0, 0, 0, 0, 0, 0, 0.340334863, -0.148584766, -0.17211543, -0.142615604, 0.242555382, -0.959538038, 0.262695313, -0.925292969, -0.272949219, -0.95421672, -0.290937108, 0.0682879426, 0, 2, 1, 1, 
499.384093, 31, 0.1, 0.1, 0.00713617724, 0.376565936, -0.0349707765, 0.907087972, -0.420941101, -1.77452983e-005, 0.420941101, 0.907087972, 3.48446771e-006, 1.4629791e-005, -1.06304441e-005, 1, 0.907087943, -0.420941165, -1.39471e-005, 0.420941165, 0.907087943, -3.55827005e-007, 1.28010285e-005, -5.54814212e-006, 1, 0, 0, 0, 0, 0, 0, 0, 0.27609751, -0.172967041, -0.192958643, -0.21798251, 0.73724237, -0.639442706, -0.780151367, 0.26184082, 0.567993164, 0.586239433, 0.622806415, 0.518276961, 0, 0, 0, 0, 0, 0, 0, 0.341637109, -0.148833887, -0.171535059, -0.139970289, 0.24293198, -0.959787771, 0.265991211, -0.924438477, -0.272705078, -0.953693201, -0.29335238, 0.0648248987, 0, 2, 1, 1, 
499.384794, 31, 0.1, 0.1, 0.00713617456, 0.376565935, -0.034970644, 0.907088126, -0.420940769, 2.3567282e-005, 0.42094077, 0.907088126, 5.10494937e-008, -2.13990904e-005, 9.87412342e-006, 1, 0.907088097, -0.420940832, 2.19642751e-005, 0.420940832, 0.907088097, -1.06564454e-006, -1.94749592e-005, 1.02122937e-005, 1, 0, 0, 0, 0, 0, 0, 0, 0.27609751, -0.172967041, -0.192958643, -0.21798251, 0.73724237, -0.639442706, -0.780151367, 0.26184082, 0.567993164, 0.586239433, 0.622806415, 0.518276961, 0, 0, 0, 0, 0, 0, 0, 0.341637109, -0.148833887, -0.171535059, -0.139970289, 0.24293198, -0.959787771, 0.265991211, -0.924438477, -0.272705078, -0.953693201, -0.29335238, 0.0648248987, 0, 2, 1, 1, 
499.385489, 31, 0.1, 0.1, 0.00713617609, 0.376565934, -0.0349701979, 0.907088218, -0.420940571, -1.66556124e-005, 0.420940571, 0.907088218, -3.75139426e-006, 1.66872238e-005, -3.60817746e-006, 1, 0.907088209, -0.42094059, -1.69671862e-005, 0.42094059, 0.907088209, 2.71898953e-006, 1.42462015e-005, -9.60854071e-006, 1, 0, 0, 0, 0, 0, 0, 0, 0.27609751, -0.172967041, -0.192958643, -0.21798251, 0.73724237, -0.639442706, -0.780151367, 0.26184082, 0.567993164, 0.586239433, 0.622806415, 0.518276961, 0, 0, 0, 0, 0, 0, 0, 0.341637109, -0.148833887, -0.171535059, -0.139970289, 0.24293198, -0.959787771, 0.265991211, -0.924438477, -0.272705078, -0.953693201, -0.29335238, 0.0648248987, 0, 2, 1, 1, 
499.386224, 31, 0.1, 0.1, 0.00713617291, 0.376565935, -0.0349692025, 0.907088186, -0.420940641, 1.65081618e-005, 0.420940641, 0.907088186, 1.25753665e-005, -2.02678413e-005, -4.45801016e-006, 1, 0.907088203, -0.420940604, 2.00237963e-005, 0.420940604, 0.907088203, 1.8275753e-006, -1.89326501e-005, 6.77105692e-006, 1, 0, 0, 0, 0, 0, 0, 0, 0.276638574, -0.173195166, -0.193150024, -0.220420068, 0.737071628, -0.638820773, -0.780517578, 0.259399414, 0.568603516, 0.584895217, 0.624069377, 0.518302049, 0, 0, 0, 0, 0, 0, 0, 0.342080664, -0.148641895, -0.171761963, -0.140315171, 0.243532059, -0.959577051, 0.269287109, -0.923217773, -0.273681641, -0.952747508, -0.296726105, 0.0639878473, 0, 2, 1, 1, 
499.386922, 31, 0.1, 0.1, 0.00713617486, 0.376565936, -0.0349683097, 0.907088041, -0.420940954, -1.35568837e-005, 0.420940953, 0.907088041, -2.01231867e-005, 2.07679605e-005, 1.25468545e-005, 1, 0.907088076, -0.420940878, -1.35268684e-005, 0.420940878, 0.907088076, -1.44055118e-005, 1.83339298e-005, 7.37305612e-006, 1, 0, 0, 0, 0, 0, 0, 0, 0.276638574, -0.173195166, -0.193150024, -0.220420068, 0.737071628, -0.638820773, -0.780517578, 0.259399414, 0.568603516, 0.584895217, 0.624069377, 0.518302049, 0, 0, 0, 0, 0, 0, 0, 0.342080664, -0.148641895, -0.171761963, -0.140315171, 0.243532059, -0.959577051, 0.269287109, -0.923217773, -0.273681641, -0.952747508, -0.296726105, 0.0639878473, 0, 2, 1, 1, 
499.387616, 31, 0.1, 0.1, 0.00713617425, 0.376565935, -0.0349678862, 0.907087863, -0.420941335, 1.18708547e-005, 0.420941335, 0.907087863, 1.73204344e-005, -1.8058795e-005, -1.07142225e-005, 1, 0.907087896, -0.420941265, 9.73888188e-006, 0.420941265, 0.907087896, 1.66619902e-005, -1.58477411e-005, -1.10143924e-005, 1, 0, 0, 0, 0, 0, 0, 0, 0.276638574, -0.173195166, -0.193150024, -0.220420068, 0.737071628, -0.638820773, -0.780517578, 0.259399414, 0.568603516, 0.584895217, 0.624069377, 0.518302049, 0, 0, 0, 0, 0, 0, 0, 0.342080664, -0.148641895, -0.171761963, -0.140315171, 0.243532059, -0.959577051, 0.269287109, -0.923217773, -0.273681641, -0.952747508, -0.296726105, 0.0639878473, 0, 2, 1, 1, 
499.388314, 31, 0.1, 0.1, 0.00713617558, 0.376565937, -0.0349679907, 0.907087752, -0.420941575, -1.76267579e-005, 0.420941575, 0.907087752, -1.22846465e-005, 2.11601346e-005, 3.7234171e-006, 1, 0.907087764, -0.420941549, -1.28234161e-005, 0.420941549, 0.907087764, -1.73447735e-005, 1.89330997e-005, 1.03353232e-005, 1, 0, 0, 0, 0, 0, 0, 0, 0.276638574, -0.173195166, -0.193150024, -0.220420068, 0.737071628, -0.638820773, -0.780517578, 0.259399414, 0.568603516, 0.584895217, 0.624069377, 0.518302049, 0, 0, 0, 0, 0, 0, 0, 0.342080664, -0.148641895, -0.171761963, -0.140315171, 0.243532059, -0.959577051, 0.269287109, -0.923217773, -0.273681641, -0.952747508, -0.296726105, 0.0639878473, 0, 2, 1, 1, 
499.38901, 31, 0.1, 0.1, 0.00713617586, 0.376565934, -0.0349685557, 0.90708777, -0.420941537, 1.80116587e-005, 0.420941537, 0.90708777, 4.29548568e-006, -1.81463037e-005, 3.68547279e-006, 1, 0.907087755, -0.420941569, 1.12123378e-005, 0.420941569, 0.907087755, 1.34952766e-005, -1.58512972e-005, -7.5216611e-006, 1, 0, 0, 0, 0, 0, 0, 0, 0.276638574, -0.173195166, -0.193150024, -0.220420068, 0.737071628, -0.638820773, -0.780517578, 0.259399414, 0.568603516, 0.584895217, 0.624069377, 0.518302049, 0, 0, 0, 0, 0, 0, 0, 0.342080664, -0.148641895, -0.171761963, -0.140315171, 0.243532059, -0.959577051, 0.269287109, -0.923217773, -0.273681641, -0.952747508, -0.296726105, 0.0639878473, 0, 2, 1, 1, 
499.389705, 31, 0.1, 0.1, 0.00713617737, 0.376565935, -0.0349694353, 0.907087899, -0.420941259, -2.20155635e-005, 0.420941259, 0.907087899, 3.7164586e-006, 1.84056405e-005, -1.26384136e-005, 1, 0.907087866, -0.420941329, -1.80300074e-005, 0.420941329, 0.907087867, -1.79887811e-007, 1.64305231e-005, -7.42640121e-006, 1, 0, 0, 0, 0, 0, 0, 0, 0.276638574, -0.173195166, -0.193150024, -0.220420068, 0.737071628, -0.638820773, -0.780517578, 0.259399414, 0.568603516, 0.584895217, 0.624069377, 0.518302049, 0, 0, 0, 0, 0, 0, 0, 0.342080664, -0.148641895, -0.171761963, -0.140315171, 0.243532059, -0.959577051, 0.269287109, -0.923217773, -0.273681641, -0.952747508, -0.296726105, 0.0639878473, 0, 2, 1, 1, 
499.390401, 31, 0.1, 0.1, 0.00713617579, 0.376565934, -0.0349703303, 0.907088062, -0.420940907, 2.15529116e-005, 0.420940907, 0.907088062, -2.08071696e-007, -1.94628029e-005, 9.26124152e-006, 1, 0.907088032, -0.420940972, 1.94470777e-005, 0.420940972, 0.907088032, -1.25034978e-006, -1.7113888e-005, 9.32024911e-006, 1, 0, 0, 0, 0, 0, 0, 0, 0.276638574, -0.173195166, -0.193150024, -0.220420068, 0.737071628, -0.638820773, -0.780517578, 0.259399414, 0.568603516, 0.584895217, 0.624069377, 0.518302049, 0, 0, 0, 0, 0, 0, 0, 0.342080664, -0.148641895, -0.171761963, -0.140315171, 0.243532059, -0.959577051, 0.269287109, -0.923217773, -0.273681641, -0.952747508, -0.296726105, 0.0639878473, 0, 2, 1, 1, 
499.391127, 31, 0.1, 0.1, 0.00713617776, 0.376565933, -0.0349706401, 0.90708817, -0.420940674, -1.71339844e-005, 0.420940674, 0.90708817, -3.25810686e-006, 1.69135042e-005, -4.25700075e-006, 1, 0.907088159, -0.420940699, -1.8064482e-005, 0.420940699, 0.907088159, 3.3241936e-006, 1.49867893e-005, -1.06194123e-005, 1, 0, 0, 0, 0, 0, 0, 0, 0.276491602, -0.173174902, -0.193521313, -0.223219328, 0.737427339, -0.637379955, -0.780761719, 0.256225586, 0.569824219, 0.583608289, 0.624754589, 0.518815397, 0, 0, 0, 0, 0, 0, 0, 0.342241406, -0.148397168, -0.17218208, -0.141682304, 0.245205428, -0.959040405, 0.273193359, -0.921386719, -0.276000977, -0.951418287, -0.300968965, 0.0635532802, 0, 2, 1, 1, 
499.391837, 31, 0.1, 0.1, 0.00713617498, 0.376565934, -0.0349705369, 0.907088151, -0.420940716, 1.57042027e-005, 0.420940716, 0.907088151, 1.2198966e-005, -1.93801377e-005, -4.45499921e-006, 1, 0.907088167, -0.420940682, 1.85132368e-005, 0.420940682, 0.907088167, 1.11032131e-006, -1.72605174e-005, 6.7858152e-006, 1, 0, 0, 0, 0, 0, 0, 0, 0.276491602, -0.173174902, -0.193521313, -0.223219328, 0.737427339, -0.637379955, -0.780761719, 0.256225586, 0.569824219, 0.583608289, 0.624754589, 0.518815397, 0, 0, 0, 0, 0, 0, 0, 0.342241406, -0.148397168, -0.17218208, -0.141682304, 0.245205428, -0.959040405, 0.273193359, -0.921386719, -0.276000977, -0.951418287, -0.300968965, 0.0635532802, 0, 2, 1, 1, 
499.392534, 31, 0.1, 0.1, 0.00713617613, 0.376565934, -0.0349700332, 0.907088026, -0.420940985, -9.7759779e-006, 0.420940985, 0.907088026, -1.9311236e-005, 1.69965632e-005, 1.34018812e-005, 1, 0.907088057, -0.420940918, -1.02225355e-005, 0.420940918, 0.907088057, -1.37590919e-005, 1.50645046e-005, 8.17762448e-006, 1, 0, 0, 0, 0, 0, 0, 0, 0.276491602, -0.173174902, -0.193521313, -0.223219328, 0.737427339, -0.637379955, -0.780761719, 0.256225586, 0.569824219, 0.583608289, 0.624754589, 0.518815397, 0, 0, 0, 0, 0, 0, 0, 0.342241406, -0.148397168, -0.17218208, -0.141682304, 0.245205428, -0.959040405, 0.273193359, -0.921386719, -0.276000977, -0.951418287, -0.300968965, 0.0635532802, 0, 2, 1, 1, 
499.393233, 31, 0.1, 0.1, 0.00713617448, 0.376565933, -0.0349694134, 0.907087867, -0.420941327, 1.36483463e-005, 0.420941327, 0.907087867, 1.64660055e-005, -1.93114715e-005, -9.19096087e-006, 1, 0.907087897, -0.420941264, 1.2019762e-005, 0.420941264, 0.907087897, 1.57797611e-005, -1.75453332e-005, -9.25401648e-006, 1, 0, 0, 0, 0, 0, 0, 0, 0.276491602, -0.173174902, -0.193521313, -0.223219328, 0.737427339, -0.637379955, -0.780761719, 0.256225586, 0.569824219, 0.583608289, 0.624754589, 0.518815397, 0, 0, 0, 0, 0, 0, 0, 0.342241406, -0.148397168, -0.17218208, -0.141682304, 0.245205428, -0.959040405, 0.273193359, -0.921386719, -0.276000977, -0.951418287, -0.300968965, 0.0635532802, 0, 2, 1, 1, 
499.39393, 31, 0.1, 0.1, 0.00713617546, 0.376565936, -0.0349689, 0.907087769, -0.420941538, -1.68935784e-005, 0.420941538, 0.907087769, -1.12105691e-005, 2.00429525e-005, 3.05776125e-006, 1, 0.907087779, -0.420941517, -1.19289243e-005, 0.420941517, 0.907087779, -1.62703339e-005, 1.76694405e-005, 9.73724154e-006, 1, 0, 0, 0, 0, 0, 0, 0, 0.276491602, -0.173174902, -0.193521313, -0.223219328, 0.737427339, -0.637379955, -0.780761719, 0.256225586, 0.569824219, 0.583608289, 0.624754589, 0.518815397, 0, 0, 0, 0, 0, 0, 0, 0.342241406, -0.148397168, -0.17218208, -0.141682304, 0.245205428, -0.959040405, 0.273193359, -0.921386719, -0.276000977, -0.951418287, -0.300968965, 0.0635532802, 0, 2, 1, 1, 
499.394626, 31, 0.1, 0.1, 0.00713617587, 0.376565932, -0.0349686286, 0.907087797, -0.420941478, 1.67970401e-005, 0.420941478, 0.907087798, 4.71952329e-006, -1.72230332e-005, 2.78954888e-006, 1, 0.907087781, -0.420941514, 1.03062127e-005, 0.420941514, 0.907087781, 1.40420845e-005, -1.52595359e-005, -8.39909054e-006, 1, 0, 0, 0, 0, 0, 0, 0, 0.276491602, -0.173174902, -0.193521313, -0.223219328, 0.737427339, -0.637379955, -0.780761719, 0.256225586, 0.569824219, 0.583608289, 0.624754589, 0.518815397, 0, 0, 0, 0, 0, 0, 0, 0.342241406, -0.148397168, -0.17218208, -0.141682304, 0.245205428, -0.959040405, 0.273193359, -0.921386719, -0.276000977, -0.951418287, -0.300968965, 0.0635532802, 0, 2, 1, 1, 
499.395334, 31, 0.1, 0.1, 0.00713617843, 0.376565933, -0.0349686426, 0.907087939, -0.420941173, -2.55502205e-005, 0.420941173, 0.907087939, 4.91003211e-006, 2.11094622e-005, -1.52089707e-005, 1, 0.907087901, -0.420941253, -2.11059601e-005, 0.420941253, 0.907087902, 5.39758295e-007, 1.89177545e-005, -9.37397753e-006, 1, 0, 0, 0, 0, 0, 0, 0, 0.276491602, -0.173174902, -0.193521313, -0.22566999, 0.738081472, -0.635805465, -0.781616211, 0.252319336, 0.5703125, 0.581401005, 0.625763312, 0.520172718, 0, 0, 0, 0, 0, 0, 0, 0.342241406, -0.148397168, -0.17218208, -0.141682304, 0.245205428, -0.959040405, 0.273193359, -0.921386719, -0.276000977, -0.951418287, -0.300968965, 0.0635532802, 0, 2, 1, 1, 
499.396047, 31, 0.1, 0.1, 0.00713617754, 0.376565932, -0.034968637, 0.907088117, -0.420940788, 2.07797413e-005, 0.420940789, 0.907088117, 9.32508789e-007, -1.92415874e-005, 7.90117303e-006, 1, 0.907088085, -0.420940858, 1.86083835e-005, 0.420940858, 0.907088085, -2.05271486e-007, -1.67930358e-005, 8.01922824e-006, 1, 0, 0, 0, 0, 0, 0, 0, 0.276582886, -0.172691919, -0.193659961, -0.22566999, 0.738081472, -0.635805465, -0.781616211, 0.252319336, 0.5703125, 0.581401005, 0.625763312, 0.520172718, 0, 0, 0, 0, 0, 0, 0, 0.342212109, -0.147472949, -0.17260415, -0.142563832, 0.24717264, -0.958305799, 0.277587891, -0.919311523, -0.278442383, -0.950038027, -0.305671911, 0.0624030633, 0, 2, 1, 1, 
499.39674, 31, 0.1, 0.1, 0.00713617984, 0.37656593, -0.0349689384, 0.907088226, -0.420940554, -1.82882287e-005, 0.420940554, 0.907088226, -2.97154516e-006, 1.78398808e-005, -5.00280347e-006, 1, 0.907088214, -0.42094058, -1.92050718e-005, 0.42094058, 0.907088214, 3.87151902e-006, 1.57910148e-005, -1.15960033e-005, 1, 0, 0, 0, 0, 0, 0, 0, 0.276582886, -0.172691919, -0.193659961, -0.22566999, 0.738081472, -0.635805465, -0.781616211, 0.252319336, 0.5703125, 0.581401005, 0.625763312, 0.520172718, 0, 0, 0, 0, 0, 0, 0, 0.342212109, -0.147472949, -0.17260415, -0.142563832, 0.24717264, -0.958305799, 0.277587891, -0.919311523, -0.278442383, -0.950038027, -0.305671911, 0.0624030633, 0, 2, 1, 1, 
499.397435, 31, 0.1, 0.1, 0.00713617711, 0.376565931, -0.0349694658, 0.90708821, -0.420940589, 1.64427733e-005, 0.420940589, 0.90708821, 1.2072057e-005, -1.99966646e-005, -4.02898991e-006, 1, 0.907088224, -0.420940558, 1.90050104e-005, 0.420940558, 0.907088224, 1.40011988e-006, -1.78285884e-005, 6.72994743e-006, 1, 0, 0, 0, 0, 0, 0, 0, 0.276582886, -0.172691919, -0.193659961, -0.22566999, 0.738081472, -0.635805465, -0.781616211, 0.252319336, 0.5703125, 0.581401005, 0.625763312, 0.520172718, 0, 0, 0, 0, 0, 0, 0, 0.342212109, -0.147472949, -0.17260415, -0.142563832, 0.24717264, -0.958305799, 0.277587891, -0.919311523, -0.278442383, -0.950038027, -0.305671911, 0.0624030633, 0, 2, 1, 1, 
