time, trialNum, realDorsalTactorPos, realVentralTactorPos, boxPosX, boxPosY, boxPosZ, boxLocalRot_11, boxLocalRot_12, boxLocalRot_13, boxLocalRot_21, boxLocalRot_22, boxLocalRot_23, boxLocalRot_31, boxLocalRot_32, boxLocalRot_33, boxGlobalRot_11, boxGlobalRot_12, boxGlobalRot_13, boxGlobalRot_21, boxGlobalRot_22, boxGlobalRot_23, boxGlobalRot_31, boxGlobalRot_32, boxGlobalRot_33, indexForceX, indexForceY, indexForceZ, indexForceGlobalX, indexForceGlobalY, indexForceGlobalZ, indexContact, indexPosX, indexPosY, indexPosZ, indexRot_11, indexRot_12, indexRot_13, indexRot_21, indexRot_22, indexRot_23, indexRot_31, indexRot_32, indexRot_33, thumbForceX, thumbForceY, thumbForceZ, thumbForceGlobalX, thumbForceGlobalY, thumbForceGlobalZ, thumbContact, thumbPosX, thumbPosY, thumbPosZ, thumbRot_11, thumbRot_12, thumbRot_13, thumbRot_21, thumbRot_22, thumbRot_23, thumbRot_31, thumbRot_32, thumbRot_33, manipForceTooHigh, cceExpType, mapping, trialSuccess, 
432.907406, 54, 0.1, 0.1, 0.00925581225, 0.349103241, -0.0349528477, 0.995448828, 2.46632758e-006, 0.0952975944, 0.0952975944, 8.5026859e-006, -0.995448828, -3.26538841e-006, 1, 8.22895363e-006, 0.995448827, 8.62091559e-006, 0.0952976012, 0.0952976011, 1.66851502e-005, -0.995448827, -1.01717351e-005, 1, 1.57876606e-005, 0, 0, 0, 0, 0, 0, 0, 0.241359351, -0.0595811279, -0.215662329, -0.315151824, 0.780441074, -0.539973586, -0.886108398, -0.0384521484, 0.461669922, 0.339491047, 0.623997888, 0.703853861, 0, 0, -0, 0, 0, 0, 0, 0.322601123, -0.0310915039, -0.179262109, 0.181835064, 0.497301984, -0.848205792, 0.25390625, -0.857055664, -0.448120117, -0.949942059, -0.133809404, -0.282101561, 0, 2, 5, 1, 
432.937303, 54, 0.1, 0.1, 0.00925585743, 0.349103294, -0.0349694271, 0.995448501, 3.6373439e-006, 0.0953010099, 0.0953010099, -1.57532803e-005, -0.995448501, -2.11948502e-006, 1, -1.60282218e-005, 0.995448504, -7.02585489e-006, 0.0953009798, 0.0953009798, 2.96240377e-006, -0.995448504, 6.71155675e-006, 1, 3.61849125e-006, 0, 0, 0, 0, 0, 0, 0, 0.257476538, -0.0778248535, -0.20803335, -0.326046311, 0.781898744, -0.531317079, -0.890625, -0.0657958984, 0.449707031, 0.316745362, 0.619935666, 0.717931797, 0, 0, -0, 0, 0, 0, 0, 0.335095654, -0.0458660156, -0.172130371, 0.16601641, 0.493786399, -0.85350372, 0.299194336, -0.849975586, -0.43347168, -0.939575881, -0.18327599, -0.288918274, 0, 2, 5, 1, 
432.938, 54, 0.1, 0.1, 0.00925585789, 0.349103303, -0.0349673415, 0.9954485, -4.32815247e-006, 0.095301017, 0.095301017, -1.00656252e-005, -0.9954485, 5.2677172e-006, 1, -9.60733417e-006, 0.995448498, -6.49975428e-006, 0.0953010341, 0.0953010339, -2.40713413e-005, -0.995448498, 8.76419435e-006, 1, -2.33423472e-005, 0, 0, 0, 0, 0, 0, 0, 0.257476538, -0.0778248535, -0.20803335, -0.326046311, 0.781898744, -0.531317079, -0.890625, -0.0657958984, 0.449707031, 0.316745362, 0.619935666, 0.717931797, 0, 0, -0, 0, 0, 0, 0, 0.336283252, -0.0470984375, -0.171049561, 0.16601641, 0.493786399, -0.85350372, 0.299194336, -0.849975586, -0.43347168, -0.939575881, -0.18327599, -0.288918274, 0, 2, 5, 1, 
432.938688, 54, 0.1, 0.1, 0.0092558585, 0.349103297, -0.0349661426, 0.995448504, -7.91174815e-006, 0.0953009722, 0.0953009723, 1.76381649e-005, -0.995448504, 6.1948036e-006, 1, 1.83118821e-005, 0.995448505, -6.46220233e-006, 0.0953009643, 0.0953009644, 2.52461574e-005, -0.995448505, 4.0268065e-006, 1, 2.57471038e-005, 0, 0, 0, 0, 0, 0, 0, 0.257476538, -0.0778248535, -0.20803335, -0.326046311, 0.781898744, -0.531317079, -0.890625, -0.0657958984, 0.449707031, 0.316745362, 0.619935666, 0.717931797, 0, 0, -0, 0, 0, 0, 0, 0.336283252, -0.0470984375, -0.171049561, 0.16601641, 0.493786399, -0.85350372, 0.299194336, -0.849975586, -0.43347168, -0.939575881, -0.18327599, -0.288918274, 0, 2, 5, 1, 
432.939403, 54, 0.1, 0.1, 0.00925585614, 0.349103305, -0.0349658209, 0.995448496, 4.24428313e-006, 0.0953010591, 0.0953010592, -3.15644672e-005, -0.995448495, -1.2168381e-006, 0.999999999, -3.18252861e-005, 0.995448496, 1.24790418e-005, 0.0953010536, 0.0953010539, -3.2781439e-005, -0.995448496, -9.29813768e-006, 0.999999999, -3.38215e-005, 0, 0, 0, 0, 0, 0, 0, 0.257476538, -0.0778248535, -0.20803335, -0.326046311, 0.781898744, -0.531317079, -0.890625, -0.0657958984, 0.449707031, 0.316745362, 0.619935666, 0.717931797, 0, 0, -0, 0, 0, 0, 0, 0.336283252, -0.0470984375, -0.171049561, 0.16601641, 0.493786399, -0.85350372, 0.299194336, -0.849975586, -0.43347168, -0.939575881, -0.18327599, -0.288918274, 0, 2, 5, 1, 
432.940098, 54, 0.1, 0.1, 0.00925586152, 0.349103303, -0.034966724, 0.995448514, -6.08568537e-006, 0.0953008696, 0.0953008698, 2.99122459e-005, -0.995448514, 3.20732342e-006, 1, 3.03560718e-005, 0.995448507, -1.66707814e-005, 0.0953009419, 0.0953009423, 2.27804926e-005, -0.995448507, 1.44239021e-005, 1, 2.42655485e-005, 0, 0, 0, 0, 0, 0, 0, 0.257476538, -0.0778248535, -0.20803335, -0.326046311, 0.781898744, -0.531317079, -0.890625, -0.0657958984, 0.449707031, 0.316745362, 0.619935666, 0.717931797, 0, 0, -0, 0, 0, 0, 0, 0.336283252, -0.0470984375, -0.171049561, 0.16601641, 0.493786399, -0.85350372, 0.299194336, -0.849975586, -0.43347168, -0.939575881, -0.18327599, -0.288918274, 0, 2, 5, 1, 
432.940797, 54, 0.1, 0.1, 0.00925585505, 0.3491033, -0.0349684633, 0.995448568, 1.62818944e-005, 0.095300301, 0.0953003013, -1.56943825e-005, -0.995448568, -1.47121091e-005, 1, -1.717462e-005, 0.995448554, 2.42170612e-005, 0.0953004455, 0.0953004457, -3.6849771e-006, -0.995448555, -2.37556586e-005, 1, -5.97610185e-006, 0, 0, 0, 0, 0, 0, 0, 0.257476538, -0.0778248535, -0.20803335, -0.326046311, 0.781898744, -0.531317079, -0.890625, -0.0657958984, 0.449707031, 0.316745362, 0.619935666, 0.717931797, 0, 0, -0, 0, 0, 0, 0, 0.336283252, -0.0470984375, -0.171049561, 0.16601641, 0.493786399, -0.85350372, 0.299194336, -0.849975586, -0.43347168, -0.939575881, -0.18327599, -0.288918274, 0, 2, 5, 1, 
432.941486, 54, 0.1, 0.1, 0.0092558631, 0.349103304, -0.0349704204, 0.995448654, -3.67006007e-005, 0.0952994037, 0.0952994042, 1.12038535e-005, -0.995448654, 3.5465843e-005, 0.999999999, 1.46504063e-005, 0.995448635, -3.54576693e-005, 0.0952996035, 0.0952996034, -4.72089921e-006, -0.995448635, 3.57461884e-005, 0.999999999, -1.32031085e-006, 0, 0, 0, 0, 0, 0, 0, 0.257476538, -0.0778248535, -0.20803335, -0.326046311, 0.781898744, -0.531317079, -0.890625, -0.0657958984, 0.449707031, 0.316745362, 0.619935666, 0.717931797, 0, 0, -0, 0, 0, 0, 0, 0.336283252, -0.0470984375, -0.171049561, 0.16601641, 0.493786399, -0.85350372, 0.299194336, -0.849975586, -0.43347168, -0.939575881, -0.18327599, -0.288918274, 0, 2, 5, 1, 
432.942208, 54, 0.1, 0.1, 0.00925586355, 0.349103296, -0.0349720557, 0.995448772, 3.36525296e-005, 0.0952981669, 0.0952981665, 1.40673371e-005, -0.995448773, -3.48399608e-005, 0.999999999, 1.07962891e-005, 0.995448745, 1.72614047e-005, 0.095298454, 0.0952984536, 2.48905318e-005, -0.995448745, -1.95548729e-005, 1, 2.31322634e-005, 0, 0, 0, 0, 0, 0, 0, 0.258938867, -0.0787428467, -0.20741084, -0.332134214, 0.781441562, -0.528003349, -0.889770508, -0.0740966797, 0.450073242, 0.312642321, 0.619390117, 0.720125977, 0, 0, -0, 0, 0, 0, 0, 0.336283252, -0.0470984375, -0.171049561, 0.160336421, 0.494756146, -0.854008283, 0.306762695, -0.847290039, -0.433349609, -0.938086246, -0.192502512, -0.287621136, 0, 2, 5, 1, 
432.942909, 54, 0.1, 0.1, 0.00925585106, 0.349103301, -0.0349726549, 0.99544891, 1.83820303e-005, 0.0952967296, 0.0952967299, -1.45035823e-005, -0.99544891, -1.69162281e-005, 1, -1.61893225e-005, 0.995448882, 3.33929e-005, 0.0952970231, 0.0952970237, -1.7701049e-005, -0.995448882, -3.15540677e-005, 0.999999999, -2.08027334e-005, 0, 0, 0, 0, 0, 0, 0, 0.258938867, -0.0787428467, -0.20741084, -0.332134214, 0.781441562, -0.528003349, -0.889770508, -0.0740966797, 0.450073242, 0.312642321, 0.619390117, 0.720125977, 0, 0, -0, 0, 0, 0, 0, 0.336831738, -0.0478980469, -0.170385938, 0.160336421, 0.494756146, -0.854008283, 0.306762695, -0.847290039, -0.433349609, -0.938086246, -0.192502512, -0.287621136, 0, 2, 5, 1, 
432.943605, 54, 0.1, 0.1, 0.00925585789, 0.349103299, -0.0349722921, 0.995449053, -2.36639429e-005, 0.0952952362, 0.0952952365, 1.46964824e-005, -0.995449053, 2.21557448e-005, 1, 1.68846605e-005, 0.995449025, -2.72601591e-005, 0.0952955264, 0.0952955268, 1.60229421e-005, -0.995449025, 2.56091841e-005, 1, 1.85477933e-005, 0, 0, 0, 0, 0, 0, 0, 0.258938867, -0.0787428467, -0.20741084, -0.332134214, 0.781441562, -0.528003349, -0.889770508, -0.0740966797, 0.450073242, 0.312642321, 0.619390117, 0.720125977, 0, 0, -0, 0, 0, 0, 0, 0.336831738, -0.0478980469, -0.170385938, 0.160336421, 0.494756146, -0.854008283, 0.306762695, -0.847290039, -0.433349609, -0.938086246, -0.192502512, -0.287621136, 0, 2, 5, 1, 
432.944305, 54, 0.1, 0.1, 0.00925585708, 0.3491033, -0.0349711404, 0.995449184, 8.80366528e-006, 0.0952938754, 0.0952938754, -2.19681959e-006, -0.995449184, -8.55425796e-006, 1, -3.02575765e-006, 0.995449159, 1.2067094e-005, 0.0952941299, 0.09529413, -6.40947634e-006, -0.995449159, -1.14013931e-005, 1, -7.53023106e-006, 0, 0, 0, 0, 0, 0, 0, 0.258938867, -0.0787428467, -0.20741084, -0.332134214, 0.781441562, -0.528003349, -0.889770508, -0.0740966797, 0.450073242, 0.312642321, 0.619390117, 0.720125977, 0, 0, -0, 0, 0, 0, 0, 0.336831738, -0.0478980469, -0.170385938, 0.160336421, 0.494756146, -0.854008283, 0.306762695, -0.847290039, -0.433349609, -0.938086246, -0.192502512, -0.287621136, 0, 2, 5, 1, 
432.945024, 54, 0.1, 0.1, 0.00925586233, 0.349103299, -0.0349694305, 0.995449288, -1.40053112e-005, 0.0952927837, 0.0952927835, -1.22304373e-005, -0.995449288, 1.51070495e-005, 1, -1.0840175e-005, 0.995449271, -2.01493288e-005, 0.095292965, 0.095292965, -1.17990342e-006, -0.995449271, 2.01700711e-005, 1, 7.45555277e-007, 0, 0, 0, 0, 0, 0, 0, 0.26043855, -0.0801488281, -0.206445483, -0.337454529, 0.780090233, -0.526669994, -0.889526367, -0.0812988281, 0.449462891, 0.307923339, 0.620222106, 0.721521489, 0, 0, -0, 0, 0, 0, 0, 0.337901416, -0.0492103027, -0.169764063, 0.155749046, 0.494569479, -0.854934653, 0.314086914, -0.845336914, -0.431884766, -0.936481773, -0.201236864, -0.286982045, 0, 2, 5, 1, 
432.945714, 54, 0.1, 0.1, 0.00925585757, 0.349103302, -0.0349678405, 0.995449349, 1.93875556e-005, 0.0952921508, 0.0952921507, 8.15318423e-006, -0.995449349, -2.0076264e-005, 1, 6.26860007e-006, 0.995449339, 2.30939769e-005, 0.0952922459, 0.0952922458, 3.14276157e-006, -0.99544934, -2.32883648e-005, 1, 9.27783014e-007, 0, 0, 0, 0, 0, 0, 0, 0.26043855, -0.0801488281, -0.206445483, -0.337454529, 0.780090233, -0.526669994, -0.889526367, -0.0812988281, 0.449462891, 0.307923339, 0.620222106, 0.721521489, 0, 0, -0, 0, 0, 0, 0, 0.337901416, -0.0492103027, -0.169764063, 0.155749046, 0.494569479, -0.854934653, 0.314086914, -0.845336914, -0.431884766, -0.936481773, -0.201236864, -0.286982045, 0, 2, 5, 1, 
432.94641, 54, 0.1, 0.1, 0.00925586006, 0.349103302, -0.0349668992, 0.995449388, -1.06599207e-005, 0.0952917383, 0.0952917384, 3.09996492e-006, -0.995449388, 1.03160105e-005, 1, 4.10166056e-006, 0.99544938, -1.48357206e-005, 0.0952918233, 0.0952918233, 3.26464195e-006, -0.99544938, 1.44571152e-005, 1, 4.66350867e-006, 0, 0, 0, 0, 0, 0, 0, 0.26043855, -0.0801488281, -0.206445483, -0.337454529, 0.780090233, -0.526669994, -0.889526367, -0.0812988281, 0.449462891, 0.307923339, 0.620222106, 0.721521489, 0, 0, -0, 0, 0, 0, 0, 0.337901416, -0.0492103027, -0.169764063, 0.155749046, 0.494569479, -0.854934653, 0.314086914, -0.845336914, -0.431884766, -0.936481773, -0.201236864, -0.286982045, 0, 2, 5, 1, 
432.947103, 54, 0.1, 0.1, 0.00925585442, 0.349103302, -0.034966901, 0.995449419, 2.18528969e-005, 0.0952914132, 0.0952914133, -1.10369532e-006, -0.995449419, -2.16482809e-005, 1, -3.1810663e-006, 0.995449414, 2.55567331e-005, 0.0952914682, 0.0952914681, 5.20185237e-006, -0.995449414, -2.59361271e-005, 1, 2.74284227e-006, 0, 0, 0, 0, 0, 0, 0, 0.26043855, -0.0801488281, -0.206445483, -0.337454529, 0.780090233, -0.526669994, -0.889526367, -0.0812988281, 0.449462891, 0.307923339, 0.620222106, 0.721521489, 0, 0, -0, 0, 0, 0, 0, 0.337901416, -0.0492103027, -0.169764063, 0.155749046, 0.494569479, -0.854934653, 0.314086914, -0.845336914, -0.431884766, -0.936481773, -0.201236864, -0.286982045, 0, 2, 5, 1, 
432.947798, 54, 0.1, 0.1, 0.00925585735, 0.349103303, -0.034967773, 0.995449448, -1.34959115e-005, 0.0952911139, 0.0952911139, -4.44518991e-006, -0.995449448, 1.38580848e-005, 1, -3.1389214e-006, 0.995449443, -1.65491345e-005, 0.0952911623, 0.0952911623, -4.84566038e-006, -0.995449443, 1.69355754e-005, 1, -3.24662366e-006, 0, 0, 0, 0, 0, 0, 0, 0.26043855, -0.0801488281, -0.206445483, -0.337454529, 0.780090233, -0.526669994, -0.889526367, -0.0812988281, 0.449462891, 0.307923339, 0.620222106, 0.721521489, 0, 0, -0, 0, 0, 0, 0, 0.337901416, -0.0492103027, -0.169764063, 0.155749046, 0.494569479, -0.854934653, 0.314086914, -0.845336914, -0.431884766, -0.936481773, -0.201236864, -0.286982045, 0, 2, 5, 1, 
432.94849, 54, 0.1, 0.1, 0.00925585399, 0.349103303, -0.0349691492, 0.995449476, 1.41351272e-005, 0.0952908231, 0.095290823, 3.57132674e-006, -0.995449476, -1.44111196e-005, 1, 2.20812743e-006, 0.99544947, 1.87512782e-005, 0.0952908837, 0.0952908837, -1.26257147e-006, -0.99544947, -1.85456384e-005, 1, -3.04365197e-006, 0, 0, 0, 0, 0, 0, 0, 0.26043855, -0.0801488281, -0.206445483, -0.337454529, 0.780090233, -0.526669994, -0.889526367, -0.0812988281, 0.449462891, 0.307923339, 0.620222106, 0.721521489, 0, 0, -0, 0, 0, 0, 0, 0.337901416, -0.0492103027, -0.169764063, 0.155749046, 0.494569479, -0.854934653, 0.314086914, -0.845336914, -0.431884766, -0.936481773, -0.201236864, -0.286982045, 0, 2, 5, 1, 
432.94919, 54, 0.1, 0.1, 0.00925585876, 0.349103304, -0.0349705907, 0.995449499, -1.84053325e-005, 0.095290577, 0.095290577, -1.18654332e-006, -0.995449499, 1.84346454e-005, 1, 5.72710795e-007, 0.995449494, -2.1441178e-005, 0.0952906308, 0.0952906308, -1.11587683e-006, -0.995449494, 2.14499424e-005, 1, 9.32344359e-007, 0, 0, 0, 0, 0, 0, 0, 0.26043855, -0.0801488281, -0.206445483, -0.337454529, 0.780090233, -0.526669994, -0.889526367, -0.0812988281, 0.449462891, 0.307923339, 0.620222106, 0.721521489, 0, 0, -0, 0, 0, 0, 0, 0.337901416, -0.0492103027, -0.169764063, 0.155749046, 0.494569479, -0.854934653, 0.314086914, -0.845336914, -0.431884766, -0.936481773, -0.201236864, -0.286982045, 0, 2, 5, 1, 
432.949903, 54, 0.1, 0.1, 0.00925585704, 0.349103305, -0.0349716105, 0.995449517, 9.67878474e-006, 0.095290389, 0.095290389, 5.66136638e-006, -0.995449517, -1.01742154e-005, 1, 4.71330927e-006, 0.995449515, 1.32483039e-005, 0.0952904164, 0.0952904164, 1.21047859e-006, -0.995449515, -1.33033647e-005, 1, -5.74660721e-008, 0, 0, 0, 0, 0, 0, 0, 0.261528979, -0.0815548096, -0.205502466, -0.342076527, 0.778738904, -0.525755629, -0.889160156, -0.0875244141, 0.448974609, 0.303711715, 0.621054095, 0.722612587, 0, 0, -0, 0, 0, 0, 0, 0.337901416, -0.0492103027, -0.169764063, 0.155749046, 0.494569479, -0.854934653, 0.314086914, -0.845336914, -0.431884766, -0.936481773, -0.201236864, -0.286982045, 0, 2, 5, 1, 
432.950608, 54, 0.1, 0.1, 0.00925586189, 0.349103305, -0.0349716928, 0.995449526, -1.64082781e-005, 0.0952902954, 0.0952902955, 5.84430214e-007, -0.995449526, 1.62779221e-005, 1, 2.14532045e-006, 0.995449524, -2.03418834e-005, 0.0952903197, 0.0952903197, 8.1323156e-007, -0.995449524, 2.0171825e-005, 1, 2.74791554e-006, 0, 0, 0, 0, 0, 0, 0, 0.261528979, -0.0815548096, -0.205502466, -0.342076527, 0.778738904, -0.525755629, -0.889160156, -0.0875244141, 0.448974609, 0.303711715, 0.621054095, 0.722612587, 0, 0, -0, 0, 0, 0, 0, 0.338508008, -0.0503208008, -0.169151953, 0.150918868, 0.493993087, -0.856154865, 0.320922852, -0.84362793, -0.430297852, -0.934902819, -0.209766692, -0.285882867, 0, 2, 5, 1, 
432.951306, 54, 0.1, 0.1, 0.0092558589, 0.349103306, -0.034971199, 0.995449531, 1.47547894e-005, 0.0952902456, 0.0952902457, -3.45330454e-006, -0.995449531, -1.43585819e-005, 1, -4.84357789e-006, 0.995449531, 1.72869276e-005, 0.0952902507, 0.0952902507, 2.1123664e-006, -0.995449531, -1.74095519e-005, 1, 4.55478477e-007, 0, 0, 0, 0, 0, 0, 0, 0.261528979, -0.0815548096, -0.205502466, -0.342076527, 0.778738904, -0.525755629, -0.889160156, -0.0875244141, 0.448974609, 0.303711715, 0.621054095, 0.722612587, 0, 0, -0, 0, 0, 0, 0, 0.338508008, -0.0503208008, -0.169151953, 0.150918868, 0.493993087, -0.856154865, 0.320922852, -0.84362793, -0.430297852, -0.934902819, -0.209766692, -0.285882867, 0, 2, 5, 1, 
432.952001, 54, 0.1, 0.1, 0.00925586212, 0.349103308, -0.034970326, 0.995449536, -1.15546335e-005, 0.095290191, 0.0952901909, -6.14819126e-006, -0.995449536, 1.20879168e-005, 1, -5.01917091e-006, 0.995449536, -1.54789948e-005, 0.095290193, 0.0952901929, -6.71470598e-006, -0.995449536, 1.60484039e-005, 1, -5.20915455e-006, 0, 0, 0, 0, 0, 0, 0, 0.261528979, -0.0815548096, -0.205502466, -0.342076527, 0.778738904, -0.525755629, -0.889160156, -0.0875244141, 0.448974609, 0.303711715, 0.621054095, 0.722612587, 0, 0, -0, 0, 0, 0, 0, 0.338508008, -0.0503208008, -0.169151953, 0.150918868, 0.493993087, -0.856154865, 0.320922852, -0.84362793, -0.430297852, -0.934902819, -0.209766692, -0.285882867, 0, 2, 5, 1, 
432.952695, 54, 0.1, 0.1, 0.00925585771, 0.349103308, -0.0349693106, 0.995449543, 1.75574879e-005, 0.0952901155, 0.0952901155, 2.33921528e-006, -0.995449544, -1.77004974e-005, 1, 6.55515728e-007, 0.995449541, 2.19379335e-005, 0.0952901352, 0.0952901353, -2.63259689e-006, -0.995449542, -2.15872453e-005, 1, -4.71108602e-006, 0, 0, 0, 0, 0, 0, 0, 0.261528979, -0.0815548096, -0.205502466, -0.342076527, 0.778738904, -0.525755629, -0.889160156, -0.0875244141, 0.448974609, 0.303711715, 0.621054095, 0.722612587, 0, 0, -0, 0, 0, 0, 0, 0.338508008, -0.0503208008, -0.169151953, 0.150918868, 0.493993087, -0.856154865, 0.320922852, -0.84362793, -0.430297852, -0.934902819, -0.209766692, -0.285882867, 0, 2, 5, 1, 
432.953388, 54, 0.1, 0.1, 0.00925586098, 0.34910331, -0.0349685052, 0.995449549, -1.35822642e-005, 0.0952900611, 0.0952900611, -1.43012724e-006, -0.995449549, 1.36567356e-005, 1, -1.2936473e-007, 0.995449547, -1.71872033e-005, 0.0952900798, 0.0952900798, -1.51234035e-006, -0.995449547, 1.72531048e-005, 1, 1.3231146e-007, 0, 0, 0, 0, 0, 0, 0, 0.261528979, -0.0815548096, -0.205502466, -0.342076527, 0.778738904, -0.525755629, -0.889160156, -0.0875244141, 0.448974609, 0.303711715, 0.621054095, 0.722612587, 0, 0, -0, 0, 0, 0, 0, 0.338508008, -0.0503208008, -0.169151953, 0.150918868, 0.493993087, -0.856154865, 0.320922852, -0.84362793, -0.430297852, -0.934902819, -0.209766692, -0.285882867, 0, 2, 5, 1, 
432.954086, 54, 0.1, 0.1, 0.00925585719, 0.349103309, -0.0349681291, 0.995449564, 1.54451736e-005, 0.0952899025, 0.0952899024, 4.24702987e-006, -0.995449564, -1.57795904e-005, 1, 2.75593495e-006, 0.99544956, 2.01581542e-005, 0.0952899391, 0.0952899391, -3.47984108e-007, -0.995449561, -2.00332664e-005, 1, -2.26726991e-006, 0, 0, 0, 0, 0, 0, 0, 0.261528979, -0.0815548096, -0.205502466, -0.342076527, 0.778738904, -0.525755629, -0.889160156, -0.0875244141, 0.448974609, 0.303711715, 0.621054095, 0.722612587, 0, 0, -0, 0, 0, 0, 0, 0.338508008, -0.0503208008, -0.169151953, 0.150918868, 0.493993087, -0.856154865, 0.320922852, -0.84362793, -0.430297852, -0.934902819, -0.209766692, -0.285882867, 0, 2, 5, 1, 
432.954805, 54, 0.1, 0.1, 0.00925586182, 0.34910331, -0.0349681917, 0.995449578, -1.75532099e-005, 0.0952897582, 0.0952897584, 1.03026005e-005, -0.995449578, 1.64916031e-005, 1, 1.19283605e-005, 0.995449573, -2.06144421e-005, 0.0952898032, 0.0952898031, -1.98542171e-006, -0.995449574, 2.0709828e-005, 1, -1.20410686e-008, 0, 0, 0, 0, 0, 0, 0, 0.261528979, -0.0815548096, -0.205502466, -0.346031286, 0.77866252, -0.523298976, -0.888427734, -0.0927734375, 0.44934082, 0.301371881, 0.620571825, 0.724077371, 0, 0, -0, 0, 0, 0, 0, 0.338508008, -0.0503208008, -0.169151953, 0.150918868, 0.493993087, -0.856154865, 0.320922852, -0.84362793, -0.430297852, -0.934902819, -0.209766692, -0.285882867, 0, 2, 5, 1, 
432.955515, 54, 0.1, 0.1, 0.00925585856, 0.349103308, -0.0349682737, 0.995449614, 1.61138068e-005, 0.0952893765, 0.0952893767, -1.21915278e-005, -0.995449614, -1.48787597e-005, 1, -1.36715262e-005, 0.995449605, 1.95150443e-005, 0.0952894732, 0.0952894733, -4.97345564e-006, -0.995449605, -1.89523252e-005, 1, -6.81040274e-006, 0, 0, 0, 0, 0, 0, 0, 0.262659204, -0.0828996338, -0.204925977, -0.346031286, 0.77866252, -0.523298976, -0.888427734, -0.0927734375, 0.44934082, 0.301371881, 0.620571825, 0.724077371, 0, 0, -0, 0, 0, 0, 0, 0.339081152, -0.0515410156, -0.168927979, 0.145788285, 0.494586236, -0.856710468, 0.326171875, -0.841552734, -0.430419922, -0.933969152, -0.216577941, -0.284100123, 0, 2, 5, 1, 
432.956212, 54, 0.1, 0.1, 0.009255863, 0.34910331, -0.0349687119, 0.995449672, -1.74078141e-005, 0.0952887759, 0.095288776, 1.96765456e-006, -0.995449672, 1.71411074e-005, 1, 3.61747038e-006, 0.99544966, -2.11739816e-005, 0.0952889004, 0.0952889004, 2.79828795e-006, -0.99544966, 2.0810987e-005, 1, 4.80320021e-006, 0, 0, 0, 0, 0, 0, 0, 0.262659204, -0.0828996338, -0.204925977, -0.346031286, 0.77866252, -0.523298976, -0.888427734, -0.0927734375, 0.44934082, 0.301371881, 0.620571825, 0.724077371, 0, 0, -0, 0, 0, 0, 0, 0.339081152, -0.0515410156, -0.168927979, 0.145788285, 0.494586236, -0.856710468, 0.326171875, -0.841552734, -0.430419922, -0.933969152, -0.216577941, -0.284100123, 0, 2, 5, 1, 
432.956919, 54, 0.1, 0.1, 0.00925585985, 0.349103311, -0.0349693491, 0.995449721, 1.50895546e-005, 0.0952882596, 0.0952882596, -4.48842983e-006, -0.995449721, -1.45931982e-005, 1, -5.90586362e-006, 0.995449712, 1.79583424e-005, 0.0952883503, 0.0952883503, 1.87545738e-006, -0.995449713, -1.8055336e-005, 1, 1.55702686e-007, 0, 0, 0, 0, 0, 0, 0, 0.262659204, -0.0828996338, -0.204925977, -0.346031286, 0.77866252, -0.523298976, -0.888427734, -0.0927734375, 0.44934082, 0.301371881, 0.620571825, 0.724077371, 0, 0, -0, 0, 0, 0, 0, 0.339081152, -0.0515410156, -0.168927979, 0.145788285, 0.494586236, -0.856710468, 0.326171875, -0.841552734, -0.430419922, -0.933969152, -0.216577941, -0.284100123, 0, 2, 5, 1, 
432.957637, 54, 0.1, 0.1, 0.00925586412, 0.34910331, -0.0349698637, 0.995449777, -1.55006529e-005, 0.0952876727, 0.0952876729, 1.10068629e-005, -0.995449777, 1.43813031e-005, 1, 1.24338004e-005, 0.995449765, -1.98076442e-005, 0.0952878029, 0.0952878031, 1.17914756e-005, -0.995449765, 1.8593931e-005, 1, 1.36252485e-005, 0, 0, 0, 0, 0, 0, 0, 0.263619043, -0.0847303711, -0.204449707, -0.348964218, 0.777755268, -0.522740322, -0.888061523, -0.0963134766, 0.449462891, 0.299240981, 0.621086295, 0.724483256, 0, 0, -0, 0, 0, 0, 0, 0.339081152, -0.0515410156, -0.168927979, 0.143277497, 0.493332841, -0.857803082, 0.33190918, -0.840454102, -0.427978516, -0.932269163, -0.223337785, -0.284214961, 0, 2, 5, 1, 
432.958333, 54, 0.1, 0.1, 0.00925586016, 0.349103312, -0.0349700683, 0.995449832, 1.72041458e-005, 0.0952871012, 0.0952871013, -5.75671182e-006, -0.995449832, -1.65773237e-005, 1, -7.36985099e-006, 0.995449822, 2.10854966e-005, 0.0952872052, 0.0952872054, -1.00670763e-005, -0.995449822, -2.00302903e-005, 1, -1.20304474e-005, 0, 0, 0, 0, 0, 0, 0, 0.263619043, -0.0847303711, -0.204449707, -0.348964218, 0.777755268, -0.522740322, -0.888061523, -0.0963134766, 0.449462891, 0.299240981, 0.621086295, 0.724483256, 0, 0, -0, 0, 0, 0, 0, 0.33984375, -0.0528823242, -0.168109717, 0.143277497, 0.493332841, -0.857803082, 0.33190918, -0.840454102, -0.427978516, -0.932269163, -0.223337785, -0.284214961, 0, 2, 5, 1, 
432.959032, 54, 0.1, 0.1, 0.00925586357, 0.349103312, -0.0349701488, 0.995449868, -1.3177297e-005, 0.0952867284, 0.0952867284, -3.73482428e-006, -0.995449868, 1.34732177e-005, 1, -2.46220881e-006, 0.995449862, -1.66674118e-005, 0.095286783, 0.0952867829, -2.9747338e-006, -0.995449863, 1.68750256e-005, 1, -1.3730143e-006, 0, 0, 0, 0, 0, 0, 0, 0.263619043, -0.0847303711, -0.204449707, -0.348964218, 0.777755268, -0.522740322, -0.888061523, -0.0963134766, 0.449462891, 0.299240981, 0.621086295, 0.724483256, 0, 0, -0, 0, 0, 0, 0, 0.33984375, -0.0528823242, -0.168109717, 0.143277497, 0.493332841, -0.857803082, 0.33190918, -0.840454102, -0.427978516, -0.932269163, -0.223337785, -0.284214961, 0, 2, 5, 1, 
432.959724, 54, 0.1, 0.1, 0.00925586013, 0.349103313, -0.0349700995, 0.995449897, 1.46659381e-005, 0.0952864188, 0.0952864188, -1.15395406e-006, -0.995449897, -1.44892505e-005, 1, -2.54616818e-006, 0.995449891, 1.88480024e-005, 0.0952864834, 0.0952864835, -4.93277293e-006, -0.995449891, -1.82922153e-005, 1, -6.70628814e-006, 0, 0, 0, 0, 0, 0, 0, 0.263619043, -0.0847303711, -0.204449707, -0.348964218, 0.777755268, -0.522740322, -0.888061523, -0.0963134766, 0.449462891, 0.299240981, 0.621086295, 0.724483256, 0, 0, -0, 0, 0, 0, 0, 0.33984375, -0.0528823242, -0.168109717, 0.143277497, 0.493332841, -0.857803082, 0.33190918, -0.840454102, -0.427978516, -0.932269163, -0.223337785, -0.284214961, 0, 2, 5, 1, 
432.960421, 54, 0.1, 0.1, 0.00925586455, 0.349103313, -0.0349699108, 0.995449915, -1.52717765e-005, 0.0952862308, 0.0952862307, -1.21549263e-005, -0.995449915, 1.63604858e-005, 1, -1.06444304e-005, 0.995449914, -1.99505199e-005, 0.0952862461, 0.0952862461, -5.48744798e-007, -0.995449914, 1.99120312e-005, 1, 1.35476219e-006, 0, 0, 0, 0, 0, 0, 0, 0.263619043, -0.0847303711, -0.204449707, -0.348964218, 0.777755268, -0.522740322, -0.888061523, -0.0963134766, 0.449462891, 0.299240981, 0.621086295, 0.724483256, 0, 0, -0, 0, 0, 0, 0, 0.33984375, -0.0528823242, -0.168109717, 0.143277497, 0.493332841, -0.857803082, 0.33190918, -0.840454102, -0.427978516, -0.932269163, -0.223337785, -0.284214961, 0, 2, 5, 1, 
432.961115, 54, 0.1, 0.1, 0.00925586165, 0.349103315, -0.0349696989, 0.995449903, 1.13708755e-005, 0.0952863563, 0.0952863561, 1.42051076e-005, -0.995449903, -1.26726899e-005, 1, 1.30569837e-005, 0.995449908, 1.6546869e-005, 0.0952863091, 0.0952863091, -2.57995274e-007, -0.995449908, -1.64469958e-005, 1, -1.83351145e-006, 0, 0, 0, 0, 0, 0, 0, 0.263619043, -0.0847303711, -0.204449707, -0.348964218, 0.777755268, -0.522740322, -0.888061523, -0.0963134766, 0.449462891, 0.299240981, 0.621086295, 0.724483256, 0, 0, -0, 0, 0, 0, 0, 0.33984375, -0.0528823242, -0.168109717, 0.143277497, 0.493332841, -0.857803082, 0.33190918, -0.840454102, -0.427978516, -0.932269163, -0.223337785, -0.284214961, 0, 2, 5, 1, 
432.961811, 54, 0.1, 0.1, 0.00925586658, 0.34910331, -0.034969519, 0.995449862, -1.59089805e-005, 0.095286785, 0.095286785, -3.21511165e-006, -0.995449862, 1.61429501e-005, 1, -1.68456684e-006, 0.995449872, -2.10736975e-005, 0.09528668, 0.0952866803, 1.0454689e-005, -0.995449872, 1.99816168e-005, 1, 1.24151615e-005, 0, 0, 0, 0, 0, 0, 0, 0.263619043, -0.0847303711, -0.204449707, -0.348964218, 0.777755268, -0.522740322, -0.888061523, -0.0963134766, 0.449462891, 0.299240981, 0.621086295, 0.724483256, 0, 0, -0, 0, 0, 0, 0, 0.33984375, -0.0528823242, -0.168109717, 0.143277497, 0.493332841, -0.857803082, 0.33190918, -0.840454102, -0.427978516, -0.932269163, -0.223337785, -0.284214961, 0, 2, 5, 1, 
432.96253, 54, 0.1, 0.1, 0.00925586314, 0.349103312, -0.034969242, 0.995449794, 1.38435998e-005, 0.0952874946, 0.0952874946, 6.09622936e-006, -0.995449794, -1.4361503e-005, 1, 4.74936832e-006, 0.995449809, 1.78645732e-005, 0.0952873445, 0.0952873444, 3.39976581e-006, -0.995449809, -1.81072407e-005, 1, 1.68202848e-006, 0, 0, 0, 0, 0, 0, 0, 0.264782471, -0.0867843506, -0.203731885, -0.352277948, 0.776848017, -0.521819966, -0.887451172, -0.100341797, 0.449707031, 0.297046801, 0.621600766, 0.724831854, 0, 0, -0, 0, 0, 0, 0, 0.340824707, -0.0544322266, -0.167288281, 0.140619789, 0.492520209, -0.858736015, 0.338500977, -0.838989258, -0.42590332, -0.930339131, -0.230787758, -0.284681245, 0, 2, 5, 1, 
432.963224, 54, 0.1, 0.1, 0.00925586733, 0.349103314, -0.0349689536, 0.995449725, -1.63682442e-005, 0.0952882152, 0.0952882153, 2.11498352e-006, -0.995449726, 1.60922312e-005, 1, 3.66506055e-006, 0.995449737, -1.94063287e-005, 0.0952880884, 0.0952880883, -6.5502152e-006, -0.995449738, 1.99421823e-005, 1, -4.67121804e-006, 0, 0, 0, 0, 0, 0, 0, 0.264782471, -0.0867843506, -0.203731885, -0.352277948, 0.776848017, -0.521819966, -0.887451172, -0.100341797, 0.449707031, 0.297046801, 0.621600766, 0.724831854, 0, 0, -0, 0, 0, 0, 0, 0.340824707, -0.0544322266, -0.167288281, 0.140619789, 0.492520209, -0.858736015, 0.338500977, -0.838989258, -0.42590332, -0.930339131, -0.230787758, -0.284681245, 0, 2, 5, 1, 
432.96392, 54, 0.1, 0.1, 0.00925586397, 0.349103314, -0.034968942, 0.995449682, 1.53708561e-005, 0.0952886645, 0.0952886646, -2.52652409e-006, -0.995449683, -1.50601647e-005, 1, -3.97969595e-006, 0.99544969, 1.9270552e-005, 0.0952885885, 0.0952885886, -5.18892022e-006, -0.99544969, -1.86884201e-005, 1, -7.00157272e-006, 0, 0, 0, 0, 0, 0, 0, 0.264782471, -0.0867843506, -0.203731885, -0.352277948, 0.776848017, -0.521819966, -0.887451172, -0.100341797, 0.449707031, 0.297046801, 0.621600766, 0.724831854, 0, 0, -0, 0, 0, 0, 0, 0.340824707, -0.0544322266, -0.167288281, 0.140619789, 0.492520209, -0.858736015, 0.338500977, -0.838989258, -0.42590332, -0.930339131, -0.230787758, -0.284681245, 0, 2, 5, 1, 
432.964609, 54, 0.1, 0.1, 0.0092558678, 0.349103315, -0.0349691832, 0.995449638, -1.40303718e-005, 0.0952891265, 0.0952891264, -8.1648461e-006, -0.995449638, 1.47445496e-005, 1, -6.79075122e-006, 0.995449648, -1.79721881e-005, 0.0952890215, 0.0952890214, -6.07024368e-006, -0.995449648, 1.84688359e-005, 1, -4.33006972e-006, 0, 0, 0, 0, 0, 0, 0, 0.264782471, -0.0867843506, -0.203731885, -0.352277948, 0.776848017, -0.521819966, -0.887451172, -0.100341797, 0.449707031, 0.297046801, 0.621600766, 0.724831854, 0, 0, -0, 0, 0, 0, 0, 0.340824707, -0.0544322266, -0.167288281, 0.140619789, 0.492520209, -0.858736015, 0.338500977, -0.838989258, -0.42590332, -0.930339131, -0.230787758, -0.284681245, 0, 2, 5, 1, 
432.965309, 54, 0.1, 0.1, 0.0092558641, 0.349103314, -0.0349695174, 0.995449588, 1.65253378e-005, 0.0952896507, 0.0952896508, -1.54094264e-006, -0.995449588, -1.63033048e-005, 1, -3.10862439e-006, 0.995449597, 1.94249135e-005, 0.0952895588, 0.0952895587, 6.61428816e-006, -0.995449597, -1.99667949e-005, 1, 4.73319905e-006, 0, 0, 0, 0, 0, 0, 0, 0.264782471, -0.0867843506, -0.203731885, -0.352277948, 0.776848017, -0.521819966, -0.887451172, -0.100341797, 0.449707031, 0.297046801, 0.621600766, 0.724831854, 0, 0, -0, 0, 0, 0, 0, 0.340824707, -0.0544322266, -0.167288281, 0.140619789, 0.492520209, -0.858736015, 0.338500977, -0.838989258, -0.42590332, -0.930339131, -0.230787758, -0.284681245, 0, 2, 5, 1, 
432.965999, 54, 0.1, 0.1, 0.00925586755, 0.349103314, -0.0349699348, 0.995449561, -1.41907017e-005, 0.0952899309, 0.0952899309, 5.04388688e-006, -0.995449561, 1.36454961e-005, 1, 6.37316597e-006, 0.995449565, -1.78673534e-005, 0.0952898876, 0.0952898877, 7.21467713e-006, -0.995449565, 1.70985634e-005, 1, 8.88442531e-006, 0, 0, 0, 0, 0, 0, 0, 0.264782471, -0.0867843506, -0.203731885, -0.352277948, 0.776848017, -0.521819966, -0.887451172, -0.100341797, 0.449707031, 0.297046801, 0.621600766, 0.724831854, 0, 0, -0, 0, 0, 0, 0, 0.340824707, -0.0544322266, -0.167288281, 0.140619789, 0.492520209, -0.858736015, 0.338500977, -0.838989258, -0.42590332, -0.930339131, -0.230787758, -0.284681245, 0, 2, 5, 1, 
432.966692, 54, 0.1, 0.1, 0.00925586409, 0.349103313, -0.034970296, 0.995449531, 1.41002801e-005, 0.0952902423, 0.0952902421, 1.16031426e-005, -0.995449531, -1.51417835e-005, 1, 1.02067237e-005, 0.995449539, 1.79967299e-005, 0.0952901654, 0.0952901653, 9.37807076e-006, -0.995449539, -1.88084744e-005, 1, 7.62048484e-006, 0, 0, 0, 0, 0, 0, 0, 0.264782471, -0.0867843506, -0.203731885, -0.352277948, 0.776848017, -0.521819966, -0.887451172, -0.100341797, 0.449707031, 0.297046801, 0.621600766, 0.724831854, 0, 0, -0, 0, 0, 0, 0, 0.340824707, -0.0544322266, -0.167288281, 0.140619789, 0.492520209, -0.858736015, 0.338500977, -0.838989258, -0.42590332, -0.930339131, -0.230787758, -0.284681245, 0, 2, 5, 1, 
432.967415, 54, 0.1, 0.1, 0.00925586845, 0.349103313, -0.0349702223, 0.995449493, -1.65468341e-005, 0.095290643, 0.0952906431, 4.68431962e-006, -0.995449493, 1.60251657e-005, 1, 6.23976205e-006, 0.995449499, -1.94052451e-005, 0.0952905784, 0.0952905784, -3.03620901e-006, -0.995449499, 1.96062636e-005, 1, -1.17325571e-006, 0, 0, 0, 0, 0, 0, 0, 0.266002783, -0.0888131836, -0.203231934, -0.354512563, 0.776467219, -0.520823226, -0.887084961, -0.103271484, 0.449707031, 0.295423259, 0.621537486, 0.725662721, 0, 0, -0, 0, 0, 0, 0, 0.341810547, -0.0556854004, -0.166880127, 0.138109001, 0.49244255, -0.859183342, 0.344238281, -0.837280273, -0.424560547, -0.928639142, -0.237055799, -0.285096489, 0, 2, 5, 1, 
432.968116, 54, 0.1, 0.1, 0.00925586549, 0.349103313, -0.0349698481, 0.995449477, 1.37137904e-005, 0.0952908074, 0.0952908075, -3.30029209e-006, -0.995449477, -1.3336898e-005, 1, -4.5920722e-006, 0.995449479, 1.76496051e-005, 0.0952907869, 0.095290787, -5.25299208e-006, -0.995449479, -1.70687285e-005, 1, -6.91093299e-006, 0, 0, 0, 0, 0, 0, 0, 0.266002783, -0.0888131836, -0.203231934, -0.354512563, 0.776467219, -0.520823226, -0.887084961, -0.103271484, 0.449707031, 0.295423259, 0.621537486, 0.725662721, 0, 0, -0, 0, 0, 0, 0, 0.341810547, -0.0556854004, -0.166880127, 0.138109001, 0.49244255, -0.859183342, 0.344238281, -0.837280273, -0.424560547, -0.928639142, -0.237055799, -0.285096489, 0, 2, 5, 1, 
432.968814, 54, 0.1, 0.1, 0.00925586983, 0.349103315, -0.0349694379, 0.995449457, -1.50746083e-005, 0.0952910149, 0.0952910148, -1.15887042e-005, -0.995449457, 1.611031e-005, 1, -1.00994946e-005, 0.995449463, -1.92467108e-005, 0.0952909556, 0.0952909555, -9.0329265e-006, -0.995449463, 2.00198842e-005, 1, -7.15778437e-006, 0, 0, 0, 0, 0, 0, 0, 0.266002783, -0.0888131836, -0.203231934, -0.354512563, 0.776467219, -0.520823226, -0.887084961, -0.103271484, 0.449707031, 0.295423259, 0.621537486, 0.725662721, 0, 0, -0, 0, 0, 0, 0, 0.341810547, -0.0556854004, -0.166880127, 0.138109001, 0.49244255, -0.859183342, 0.344238281, -0.837280273, -0.424560547, -0.928639142, -0.237055799, -0.285096489, 0, 2, 5, 1, 
432.969509, 54, 0.1, 0.1, 0.00925586651, 0.349103316, -0.034969084, 0.995449429, 1.53974309e-005, 0.0952913112, 0.0952913113, -6.22747369e-006, -0.995449429, -1.47339397e-005, 1, -7.66637651e-006, 0.995449434, 1.82682728e-005, 0.0952912629, 0.0952912628, 2.10092361e-006, -0.995449434, -1.83853415e-005, 1, 3.50556426e-007, 0, 0, 0, 0, 0, 0, 0, 0.266002783, -0.0888131836, -0.203231934, -0.354512563, 0.776467219, -0.520823226, -0.887084961, -0.103271484, 0.449707031, 0.295423259, 0.621537486, 0.725662721, 0, 0, -0, 0, 0, 0, 0, 0.341810547, -0.0556854004, -0.166880127, 0.138109001, 0.49244255, -0.859183342, 0.344238281, -0.837280273, -0.424560547, -0.928639142, -0.237055799, -0.285096489, 0, 2, 5, 1, 
432.970232, 54, 0.1, 0.1, 0.00925587093, 0.349103317, -0.0349686603, 0.995449422, -1.62652311e-005, 0.0952913847, 0.0952913847, 1.90957984e-006, -0.995449422, 1.60092484e-005, 1, 3.45082654e-006, 0.995449422, -2.06733831e-005, 0.0952913829, 0.095291383, 4.00001158e-006, -0.995449422, 2.01981406e-005, 1, 5.95180448e-006, 0, 0, 0, 0, 0, 0, 0, 0.267159619, -0.0904043213, -0.202479687, -0.357852503, 0.775927661, -0.519312016, -0.887084961, -0.108886719, 0.448486328, 0.291502944, 0.621252168, 0.72740084, 0, 0, -0, 0, 0, 0, 0, 0.342786865, -0.0567062988, -0.166025977, 0.13511917, 0.493214336, -0.859260268, 0.352539062, -0.834350586, -0.423461914, -0.925884818, -0.24556667, -0.286700229, 0, 2, 5, 1, 
432.970943, 54, 0.1, 0.1, 0.00925586699, 0.349103316, -0.0349684302, 0.995449409, 1.58979287e-005, 0.0952915162, 0.095291516, 1.10486174e-005, -0.995449409, -1.68784232e-005, 1, 9.48340198e-006, 0.995449414, 1.97842947e-005, 0.0952914712, 0.0952914711, 8.44158675e-006, -0.995449414, -2.04986758e-005, 1, 6.51789803e-006, 0, 0, 0, 0, 0, 0, 0, 0.267159619, -0.0904043213, -0.202479687, -0.357852503, 0.775927661, -0.519312016, -0.887084961, -0.108886719, 0.448486328, 0.291502944, 0.621252168, 0.72740084, 0, 0, -0, 0, 0, 0, 0, 0.342786865, -0.0567062988, -0.166025977, 0.13511917, 0.493214336, -0.859260268, 0.352539062, -0.834350586, -0.423461914, -0.925884818, -0.24556667, -0.286700229, 0, 2, 5, 1, 
432.971634, 54, 0.1, 0.1, 0.00925587044, 0.349103317, -0.034968511, 0.995449388, -1.4536065e-005, 0.0952917449, 0.095291745, 6.2296912e-006, -0.995449388, 1.38762789e-005, 1, 7.58650929e-006, 0.995449391, -1.74426935e-005, 0.0952917092, 0.0952917092, -2.40751051e-006, -0.995449391, 1.75927345e-005, 1, -7.34410785e-007, 0, 0, 0, 0, 0, 0, 0, 0.267159619, -0.0904043213, -0.202479687, -0.357852503, 0.775927661, -0.519312016, -0.887084961, -0.108886719, 0.448486328, 0.291502944, 0.621252168, 0.72740084, 0, 0, -0, 0, 0, 0, 0, 0.342786865, -0.0567062988, -0.166025977, 0.13511917, 0.493214336, -0.859260268, 0.352539062, -0.834350586, -0.423461914, -0.925884818, -0.24556667, -0.286700229, 0, 2, 5, 1, 
432.972332, 54, 0.1, 0.1, 0.00925586658, 0.349103316, -0.034968916, 0.995449386, 1.62601054e-005, 0.0952917622, 0.0952917623, -5.77745575e-007, -0.995449386, -1.61310575e-005, 1, -2.12457058e-006, 0.995449385, 2.04558615e-005, 0.0952917695, 0.0952917695, -2.7151602e-006, -0.995449385, -2.01040424e-005, 1, -4.65207979e-006, 0, 0, 0, 0, 0, 0, 0, 0.267159619, -0.0904043213, -0.202479687, -0.357852503, 0.775927661, -0.519312016, -0.887084961, -0.108886719, 0.448486328, 0.291502944, 0.621252168, 0.72740084, 0, 0, -0, 0, 0, 0, 0, 0.342786865, -0.0567062988, -0.166025977, 0.13511917, 0.493214336, -0.859260268, 0.352539062, -0.834350586, -0.423461914, -0.925884818, -0.24556667, -0.286700229, 0, 2, 5, 1, 
432.97303, 54, 0.1, 0.1, 0.00925587057, 0.349103316, -0.0349695293, 0.995449378, -1.51124686e-005, 0.0952918442, 0.095291844, -8.53529139e-006, -0.995449378, 1.58570412e-005, 1, -7.0563555e-006, 0.995449381, -1.87175874e-005, 0.0952918097, 0.0952918097, -6.02617369e-006, -0.995449381, 1.92066558e-005, 1, -4.21511809e-006, 0, 0, 0, 0, 0, 0, 0, 0.267159619, -0.0904043213, -0.202479687, -0.357852503, 0.775927661, -0.519312016, -0.887084961, -0.108886719, 0.448486328, 0.291502944, 0.621252168, 0.72740084, 0, 0, -0, 0, 0, 0, 0, 0.342786865, -0.0567062988, -0.166025977, 0.13511917, 0.493214336, -0.859260268, 0.352539062, -0.834350586, -0.423461914, -0.925884818, -0.24556667, -0.286700229, 0, 2, 5, 1, 
432.973723, 54, 0.1, 0.1, 0.00925586772, 0.349103316, -0.0349701696, 0.995449361, 1.38016578e-005, 0.0952920268, 0.0952920268, -4.07764258e-006, -0.995449361, -1.33502846e-005, 1, -5.37427465e-006, 0.995449363, 1.65664759e-005, 0.0952919994, 0.0952919994, 4.14442538e-006, -0.995449363, -1.68860184e-005, 1, 2.546913e-006, 0, 0, 0, 0, 0, 0, 0, 0.267159619, -0.0904043213, -0.202479687, -0.357852503, 0.775927661, -0.519312016, -0.887084961, -0.108886719, 0.448486328, 0.291502944, 0.621252168, 0.72740084, 0, 0, -0, 0, 0, 0, 0, 0.342786865, -0.0567062988, -0.166025977, 0.13511917, 0.493214336, -0.859260268, 0.352539062, -0.834350586, -0.423461914, -0.925884818, -0.24556667, -0.286700229, 0, 2, 5, 1, 
432.974429, 54, 0.1, 0.1, 0.00925587184, 0.349103317, -0.034970608, 0.995449362, -1.49801025e-005, 0.095292012, 0.0952920121, 1.66168006e-006, -0.995449362, 1.47535887e-005, 1, 3.08160246e-006, 0.995449361, -1.92663318e-005, 0.0952920254, 0.0952920255, 4.00811478e-006, -0.995449361, 1.87967163e-005, 1, 5.82580308e-006, 0, 0, 0, 0, 0, 0, 0, 0.267159619, -0.0904043213, -0.202479687, -0.362347942, 0.77524844, -0.517324527, -0.88684082, -0.116088867, 0.447143555, 0.286529722, 0.620865378, 0.729805075, 0, 0, -0, 0, 0, 0, 0, 0.342786865, -0.0567062988, -0.166025977, 0.13511917, 0.493214336, -0.859260268, 0.352539062, -0.834350586, -0.423461914, -0.925884818, -0.24556667, -0.286700229, 0, 2, 5, 1, 
