time, trialNum, realDorsalTactorPos, realVentralTactorPos, boxPosX, boxPosY, boxPosZ, boxLocalRot_11, boxLocalRot_12, boxLocalRot_13, boxLocalRot_21, boxLocalRot_22, boxLocalRot_23, boxLocalRot_31, boxLocalRot_32, boxLocalRot_33, boxGlobalRot_11, boxGlobalRot_12, boxGlobalRot_13, boxGlobalRot_21, boxGlobalRot_22, boxGlobalRot_23, boxGlobalRot_31, boxGlobalRot_32, boxGlobalRot_33, indexForceX, indexForceY, indexForceZ, indexForceGlobalX, indexForceGlobalY, indexForceGlobalZ, indexContact, indexPosX, indexPosY, indexPosZ, indexRot_11, indexRot_12, indexRot_13, indexRot_21, indexRot_22, indexRot_23, indexRot_31, indexRot_32, indexRot_33, thumbForceX, thumbForceY, thumbForceZ, thumbForceGlobalX, thumbForceGlobalY, thumbForceGlobalZ, thumbContact, thumbPosX, thumbPosY, thumbPosZ, thumbRot_11, thumbRot_12, thumbRot_13, thumbRot_21, thumbRot_22, thumbRot_23, thumbRot_31, thumbRot_32, thumbRot_33, manipForceTooHigh, cceExpType, mapping, trialSuccess, 
483.901535, 50, 0.1, 0.1, 0.0124868809, 0.353142174, -0.0349725531, 0.917548118, -0.397624762, -1.16664772e-005, 0.397624762, 0.917548118, 4.85064479e-006, 8.77581775e-006, -9.08958023e-006, 1, 0.91754809, -0.397624825, 1.12904172e-006, 0.397624825, 0.91754809, 6.24241075e-006, -3.51808756e-006, -5.27877704e-006, 1, 0, 0, 0, 0, 0, 0, 0, 0.295392236, -0.0819533691, -0.215114307, -0.327933934, 0.632173405, -0.701990939, -0.811523437, 0.191772461, 0.551879883, 0.483522667, 0.750680445, 0.45032071, 0, 0, -0, 0, 0, 0, 0, 0.372760352, -0.0502270996, -0.187377441, 0.108468753, 0.281041592, -0.953466703, 0.231567383, -0.939819336, -0.250732422, -0.966613387, -0.193484842, -0.166985423, 0, 2, 3, 1, 
483.919061, 50, 0.1, 0.1, 0.0124869516, 0.353142234, -0.0349641587, 0.917548313, -0.397624312, -4.48030712e-006, 0.397624312, 0.917548313, -1.71611789e-005, 1.09346002e-005, 1.39647317e-005, 1, 0.917548277, -0.397624395, 1.34743787e-005, 0.397624395, 0.917548277, -7.28775702e-006, -9.46560299e-006, 1.20446106e-005, 1, 0, 0, 0, 0, 0, 0, 0, 0.298736548, -0.0901064453, -0.214131274, -0.336742469, 0.625182738, -0.704019985, -0.807983398, 0.191894531, 0.556884766, 0.483311107, 0.756484151, 0.440631132, 0, 0, -0, 0, 0, 0, 0, 0.377351172, -0.0595802734, -0.185755566, 0.109178572, 0.276151246, -0.95480905, 0.246582031, -0.937988281, -0.243164062, -0.962856501, -0.208850706, -0.170563305, 0, 2, 3, 1, 
483.919757, 50, 0.1, 0.1, 0.0124869605, 0.353142239, -0.0349653686, 0.917548552, -0.397623761, -5.99037204e-006, 0.397623761, 0.917548552, -7.94536983e-006, 8.65572502e-006, 4.90834832e-006, 1, 0.917548502, -0.397623875, -2.15965097e-005, 0.397623875, 0.917548502, -6.05446177e-006, 2.22232437e-005, -3.03202554e-006, 1, 0, 0, 0, 0, 0, 0, 0, 0.298736548, -0.0901064453, -0.214131274, -0.336742469, 0.625182738, -0.704019985, -0.807983398, 0.191894531, 0.556884766, 0.483311107, 0.756484151, 0.440631132, 0, 0, -0, 0, 0, 0, 0, 0.377351172, -0.0595802734, -0.185755566, 0.109178572, 0.276151246, -0.95480905, 0.246582031, -0.937988281, -0.243164062, -0.962856501, -0.208850706, -0.170563305, 0, 2, 3, 1, 
483.920448, 50, 0.1, 0.1, 0.0124869556, 0.353142237, -0.0349677946, 0.917548697, -0.397623424, 1.54875233e-005, 0.397623424, 0.917548697, 1.62927128e-005, -2.06889211e-005, -8.79115533e-006, 1, 0.917548676, -0.397623473, 2.11379691e-005, 0.397623473, 0.917548676, 2.09133947e-005, -2.77107722e-005, -1.07841049e-005, 1, 0, 0, 0, 0, 0, 0, 0, 0.298736548, -0.0901064453, -0.214131274, -0.336742469, 0.625182738, -0.704019985, -0.807983398, 0.191894531, 0.556884766, 0.483311107, 0.756484151, 0.440631132, 0, 0, -0, 0, 0, 0, 0, 0.377351172, -0.0595802734, -0.185755566, 0.109178572, 0.276151246, -0.95480905, 0.246582031, -0.937988281, -0.243164062, -0.962856501, -0.208850706, -0.170563305, 0, 2, 3, 1, 
483.92115, 50, 0.1, 0.1, 0.0124869608, 0.353142245, -0.0349706511, 0.91754879, -0.39762321, -1.94565918e-005, 0.39762321, 0.91754879, -2.52662321e-005, 2.78988126e-005, 1.54466082e-005, 0.999999999, 0.91754877, -0.397623256, -1.8224715e-005, 0.397623255, 0.91754877, -2.89601542e-005, 2.82372956e-005, 1.93257833e-005, 0.999999999, 0, 0, 0, 0, 0, 0, 0, 0.298736548, -0.0901064453, -0.214131274, -0.336742469, 0.625182738, -0.704019985, -0.807983398, 0.191894531, 0.556884766, 0.483311107, 0.756484151, 0.440631132, 0, 0, -0, 0, 0, 0, 0, 0.377351172, -0.0595802734, -0.185755566, 0.109178572, 0.276151246, -0.95480905, 0.246582031, -0.937988281, -0.243164062, -0.962856501, -0.208850706, -0.170563305, 0, 2, 3, 1, 
483.921845, 50, 0.1, 0.1, 0.0124869631, 0.353142244, -0.0349729853, 0.917548927, -0.397622896, 1.32250575e-005, 0.397622895, 0.917548927, 2.11310275e-005, -2.05368176e-005, -1.41301659e-005, 1, 0.917548893, -0.397622974, 7.35309057e-006, 0.397622974, 0.917548893, 2.15407089e-005, -1.53119008e-005, -1.68408958e-005, 1, 0, 0, 0, 0, 0, 0, 0, 0.298736548, -0.0901064453, -0.214131274, -0.336742469, 0.625182738, -0.704019985, -0.807983398, 0.191894531, 0.556884766, 0.483311107, 0.756484151, 0.440631132, 0, 0, -0, 0, 0, 0, 0, 0.377351172, -0.0595802734, -0.185755566, 0.109178572, 0.276151246, -0.95480905, 0.246582031, -0.937988281, -0.243164062, -0.962856501, -0.208850706, -0.170563305, 0, 2, 3, 1, 
483.922549, 50, 0.1, 0.1, 0.0124869627, 0.353142247, -0.0349740984, 0.917549145, -0.397622392, -1.19809299e-005, 0.397622392, 0.917549145, -1.5302152e-005, 1.70775703e-005, 9.27659052e-006, 1, 0.917549094, -0.397622508, -2.64893622e-006, 0.397622508, 0.917549094, -1.50794956e-005, 8.42647588e-006, 1.27829008e-005, 1, 0, 0, 0, 0, 0, 0, 0, 0.298736548, -0.0901064453, -0.214131274, -0.336742469, 0.625182738, -0.704019985, -0.807983398, 0.191894531, 0.556884766, 0.483311107, 0.756484151, 0.440631132, 0, 0, -0, 0, 0, 0, 0, 0.377351172, -0.0595802734, -0.185755566, 0.109178572, 0.276151246, -0.95480905, 0.246582031, -0.937988281, -0.243164062, -0.962856501, -0.208850706, -0.170563305, 0, 2, 3, 1, 
483.92327, 50, 0.1, 0.1, 0.0124869687, 0.353142245, -0.0349736537, 0.917549462, -0.397621659, 6.59064929e-006, 0.397621659, 0.917549462, 2.04750456e-005, -1.41885683e-005, -1.61662822e-005, 1, 0.917549396, -0.397621814, -8.2045824e-006, 0.397621814, 0.917549395, 1.79560236e-005, 3.8840295e-007, -1.97378595e-005, 1, 0, 0, 0, 0, 0, 0, 0, 0.299079395, -0.0908047363, -0.214335474, -0.338722845, 0.62457391, -0.7036141, -0.807739258, 0.190429687, 0.557861328, 0.48251244, 0.757322132, 0.440072479, 0, 0, -0, 0, 0, 0, 0, 0.377574658, -0.0600709473, -0.185762402, 0.108993372, 0.276297801, -0.954758011, 0.249145508, -0.93737793, -0.242797852, -0.962262253, -0.2114129, -0.171048912, 0, 2, 3, 1, 
483.923963, 50, 0.1, 0.1, 0.0124869629, 0.353142247, -0.0349719898, 0.917549853, -0.397620759, 1.08931603e-005, 0.397620759, 0.917549853, -8.21071391e-006, -6.73026732e-006, 1.1865086e-005, 1, 0.91754977, -0.397620949, 2.30634771e-005, 0.397620949, 0.91754977, -5.88934294e-006, -1.88201619e-005, 1.45742869e-005, 1, 0, 0, 0, 0, 0, 0, 0, 0.299079395, -0.0908047363, -0.214335474, -0.338722845, 0.62457391, -0.7036141, -0.807739258, 0.190429687, 0.557861328, 0.48251244, 0.757322132, 0.440072479, 0, 0, -0, 0, 0, 0, 0, 0.377574658, -0.0600709473, -0.185762402, 0.108993372, 0.276297801, -0.954758011, 0.249145508, -0.93737793, -0.242797852, -0.962262253, -0.2114129, -0.171048912, 0, 2, 3, 1, 
483.924652, 50, 0.1, 0.1, 0.0124869717, 0.353142248, -0.0349698501, 0.917550284, -0.397619762, -1.99258083e-005, 0.397619762, 0.917550285, 5.48891329e-006, 1.61004307e-005, -1.29592491e-005, 1, 0.917550199, -0.397619959, -2.79058747e-005, 0.39761996, 0.917550199, 6.13714527e-006, 2.31647894e-005, -1.67270716e-005, 1, 0, 0, 0, 0, 0, 0, 0, 0.299079395, -0.0908047363, -0.214335474, -0.338722845, 0.62457391, -0.7036141, -0.807739258, 0.190429687, 0.557861328, 0.48251244, 0.757322132, 0.440072479, 0, 0, -0, 0, 0, 0, 0, 0.377574658, -0.0600709473, -0.185762402, 0.108993372, 0.276297801, -0.954758011, 0.249145508, -0.93737793, -0.242797852, -0.962262253, -0.2114129, -0.171048912, 0, 2, 3, 1, 
483.925346, 50, 0.1, 0.1, 0.0124869654, 0.353142251, -0.0349677896, 0.917550691, -0.397618823, 3.28839687e-005, 0.397618823, 0.917550691, -5.57375601e-006, -2.79564779e-005, 1.81894886e-005, 0.999999999, 0.917550616, -0.397618996, 3.60054954e-005, 0.397618996, 0.917550617, -7.70298088e-006, -2.9974013e-005, 2.13843438e-005, 0.999999999, 0, 0, 0, 0, 0, 0, 0, 0.299079395, -0.0908047363, -0.214335474, -0.338722845, 0.62457391, -0.7036141, -0.807739258, 0.190429687, 0.557861328, 0.48251244, 0.757322132, 0.440072479, 0, 0, -0, 0, 0, 0, 0, 0.377574658, -0.0600709473, -0.185762402, 0.108993372, 0.276297801, -0.954758011, 0.249145508, -0.93737793, -0.242797852, -0.962262253, -0.2114129, -0.171048912, 0, 2, 3, 1, 
483.926069, 50, 0.1, 0.1, 0.0124869716, 0.353142252, -0.0349660744, 0.917551015, -0.397618076, -3.52021879e-005, 0.397618076, 0.917551015, -2.93531e-006, 3.34669355e-005, -1.13037295e-005, 0.999999999, 0.917550965, -0.39761819, -3.21877946e-005, 0.39761819, 0.917550966, 3.31243457e-006, 2.82168578e-005, -1.58377802e-005, 0.999999999, 0, 0, 0, 0, 0, 0, 0, 0.299755347, -0.0917337158, -0.213926953, -0.338533006, 0.623825418, -0.7043566, -0.80847168, 0.190063477, 0.556884766, 0.481370045, 0.758058641, 0.440066487, 0, 0, -0, 0, 0, 0, 0, 0.378377441, -0.0607445801, -0.185569922, 0.110750596, 0.276693722, -0.954528334, 0.251220703, -0.937011719, -0.242431641, -0.961463847, -0.212844199, -0.17323414, 0, 2, 3, 1, 
483.926765, 50, 0.1, 0.1, 0.0124869728, 0.353142259, -0.0349655553, 0.917551165, -0.39761773, 2.98188038e-005, 0.39761773, 0.917551165, -9.45141236e-006, -2.36022291e-005, 2.05286395e-005, 1, 0.917551152, -0.397617761, 1.991377e-005, 0.397617761, 0.917551152, -1.88067331e-005, -1.07940115e-005, 2.51742083e-005, 1, 0, 0, 0, 0, 0, 0, 0, 0.299755347, -0.0917337158, -0.213926953, -0.338533006, 0.623825418, -0.7043566, -0.80847168, 0.190063477, 0.556884766, 0.481370045, 0.758058641, 0.440066487, 0, 0, -0, 0, 0, 0, 0, 0.378377441, -0.0607445801, -0.185569922, 0.110750596, 0.276693722, -0.954528334, 0.251220703, -0.937011719, -0.242431641, -0.961463847, -0.212844199, -0.17323414, 0, 2, 3, 1, 
483.9275, 50, 0.1, 0.1, 0.0124869705, 0.353142255, -0.0349658575, 0.917551131, -0.397617808, -1.76126977e-005, 0.397617809, 0.917551131, 1.08888217e-005, 1.18309613e-005, -1.69941729e-005, 1, 0.91755115, -0.397617764, -1.57601446e-006, 0.397617764, 0.91755115, 2.20613724e-005, -7.32591967e-006, -2.08690889e-005, 1, 0, 0, 0, 0, 0, 0, 0, 0.299755347, -0.0917337158, -0.213926953, -0.338533006, 0.623825418, -0.7043566, -0.80847168, 0.190063477, 0.556884766, 0.481370045, 0.758058641, 0.440066487, 0, 0, -0, 0, 0, 0, 0, 0.378377441, -0.0607445801, -0.185569922, 0.110750596, 0.276693722, -0.954528334, 0.251220703, -0.937011719, -0.242431641, -0.961463847, -0.212844199, -0.17323414, 0, 2, 3, 1, 
483.928198, 50, 0.1, 0.1, 0.0124869777, 0.353142263, -0.0349672079, 0.917550944, -0.39761824, -3.83240891e-007, 0.39761824, 0.917550944, -1.85805547e-005, 7.73961051e-006, 1.6896222e-005, 1, 0.917550988, -0.397618138, -1.14180097e-005, 0.397618138, 0.917550988, -2.68072397e-005, 2.11356509e-005, 2.00570015e-005, 1, 0, 0, 0, 0, 0, 0, 0, 0.299755347, -0.0917337158, -0.213926953, -0.338533006, 0.623825418, -0.7043566, -0.80847168, 0.190063477, 0.556884766, 0.481370045, 0.758058641, 0.440066487, 0, 0, -0, 0, 0, 0, 0, 0.378377441, -0.0607445801, -0.185569922, 0.110750596, 0.276693722, -0.954528334, 0.251220703, -0.937011719, -0.242431641, -0.961463847, -0.212844199, -0.17323414, 0, 2, 3, 1, 
483.928896, 50, 0.1, 0.1, 0.0124869734, 0.353142259, -0.0349691704, 0.917550674, -0.397618862, 1.3179906e-005, 0.397618862, 0.917550674, 2.1649291e-005, -2.07013981e-005, -1.46237423e-005, 1, 0.91755073, -0.397618734, 1.83400893e-005, 0.397618733, 0.91755073, 2.70780859e-005, -2.75947165e-005, -1.75531545e-005, 0.999999999, 0, 0, 0, 0, 0, 0, 0, 0.299755347, -0.0917337158, -0.213926953, -0.338533006, 0.623825418, -0.7043566, -0.80847168, 0.190063477, 0.556884766, 0.481370045, 0.758058641, 0.440066487, 0, 0, -0, 0, 0, 0, 0, 0.378377441, -0.0607445801, -0.185569922, 0.110750596, 0.276693722, -0.954528334, 0.251220703, -0.937011719, -0.242431641, -0.961463847, -0.212844199, -0.17323414, 0, 2, 3, 1, 
483.929592, 50, 0.1, 0.1, 0.0124869782, 0.353142265, -0.0349711083, 0.917550409, -0.397619474, -1.78427068e-005, 0.397619473, 0.917550409, -2.26400072e-005, 2.53736906e-005, 1.36787402e-005, 1, 0.917550457, -0.397619363, -1.72480263e-005, 0.397619363, 0.917550457, -2.55413952e-005, 2.59816877e-005, 1.65773696e-005, 1, 0, 0, 0, 0, 0, 0, 0, 0.299755347, -0.0917337158, -0.213926953, -0.338533006, 0.623825418, -0.7043566, -0.80847168, 0.190063477, 0.556884766, 0.481370045, 0.758058641, 0.440066487, 0, 0, -0, 0, 0, 0, 0, 0.378377441, -0.0607445801, -0.185569922, 0.110750596, 0.276693722, -0.954528334, 0.251220703, -0.937011719, -0.242431641, -0.961463847, -0.212844199, -0.17323414, 0, 2, 3, 1, 
483.93029, 50, 0.1, 0.1, 0.0124869794, 0.353142264, -0.034972501, 0.917550225, -0.397619899, 1.65033231e-005, 0.397619899, 0.917550225, 1.97666593e-005, -2.30022449e-005, -1.15748531e-005, 1, 0.917550252, -0.397619838, 1.0921036e-005, 0.397619837, 0.917550252, 2.09606172e-005, -1.83549565e-005, -1.48899991e-005, 1, 0, 0, 0, 0, 0, 0, 0, 0.299755347, -0.0917337158, -0.213926953, -0.338533006, 0.623825418, -0.7043566, -0.80847168, 0.190063477, 0.556884766, 0.481370045, 0.758058641, 0.440066487, 0, 0, -0, 0, 0, 0, 0, 0.378377441, -0.0607445801, -0.185569922, 0.110750596, 0.276693722, -0.954528334, 0.251220703, -0.937011719, -0.242431641, -0.961463847, -0.212844199, -0.17323414, 0, 2, 3, 1, 
483.93101, 50, 0.1, 0.1, 0.0124869785, 0.353142269, -0.0349727317, 0.917550162, -0.397620044, -1.30335828e-005, 0.397620044, 0.917550162, -2.14372915e-005, 2.04828628e-005, 1.44873765e-005, 1, 0.917550162, -0.397620045, -2.77528434e-006, 0.397620045, 0.917550162, -2.10424196e-005, 1.09133504e-005, 1.82039668e-005, 1, 0, 0, 0, 0, 0, 0, 0, 0.300677002, -0.0924768066, -0.213569946, -0.337854907, 0.622309338, -0.706101832, -0.809936523, 0.189819336, 0.554931641, 0.479408766, 0.759411092, 0.439972129, 0, 0, -0, 0, 0, 0, 0, 0.379198535, -0.0612052246, -0.185377686, 0.112737865, 0.277166202, -0.954113457, 0.25390625, -0.936279297, -0.24206543, -0.960518521, -0.215003908, -0.176013617, 0, 2, 3, 1, 
483.931701, 50, 0.1, 0.1, 0.0124869847, 0.353142269, -0.0349720203, 0.917550234, -0.397619879, 5.13489973e-006, 0.397619879, 0.917550234, 1.59603605e-005, -1.10576851e-005, -1.26026943e-005, 1, 0.91755021, -0.397619933, -1.0630701e-005, 0.397619933, 0.91755021, 1.26650883e-005, 4.71831036e-006, -1.58478331e-005, 1, 0, 0, 0, 0, 0, 0, 0, 0.300677002, -0.0924768066, -0.213569946, -0.337854907, 0.622309338, -0.706101832, -0.809936523, 0.189819336, 0.554931641, 0.479408766, 0.759411092, 0.439972129, 0, 0, -0, 0, 0, 0, 0, 0.379198535, -0.0612052246, -0.185377686, 0.112737865, 0.277166202, -0.954113457, 0.25390625, -0.936279297, -0.24206543, -0.960518521, -0.215003908, -0.176013617, 0, 2, 3, 1, 
483.932398, 50, 0.1, 0.1, 0.0124869785, 0.353142271, -0.0349706936, 0.917550426, -0.397619435, 1.13365632e-005, 0.397619435, 0.917550426, -1.10175055e-005, -6.02109412e-006, 1.46167547e-005, 1, 0.917550382, -0.397619536, 2.37580431e-005, 0.397619537, 0.917550382, -9.27091282e-006, -1.81129054e-005, 1.79531917e-005, 1, 0, 0, 0, 0, 0, 0, 0, 0.300677002, -0.0924768066, -0.213569946, -0.337854907, 0.622309338, -0.706101832, -0.809936523, 0.189819336, 0.554931641, 0.479408766, 0.759411092, 0.439972129, 0, 0, -0, 0, 0, 0, 0, 0.379198535, -0.0612052246, -0.185377686, 0.112737865, 0.277166202, -0.954113457, 0.25390625, -0.936279297, -0.24206543, -0.960518521, -0.215003908, -0.176013617, 0, 2, 3, 1, 
483.933089, 50, 0.1, 0.1, 0.0124869875, 0.353142272, -0.034969202, 0.917550687, -0.397618834, -2.07639544e-005, 0.397618834, 0.917550687, 6.53831481e-006, 1.64522235e-005, -1.42553746e-005, 1, 0.917550633, -0.397618958, -2.89250443e-005, 0.397618958, 0.917550633, 6.55911877e-006, 2.39321627e-005, -1.75194695e-005, 1, 0, 0, 0, 0, 0, 0, 0, 0.300677002, -0.0924768066, -0.213569946, -0.337854907, 0.622309338, -0.706101832, -0.809936523, 0.189819336, 0.554931641, 0.479408766, 0.759411092, 0.439972129, 0, 0, -0, 0, 0, 0, 0, 0.379198535, -0.0612052246, -0.185377686, 0.112737865, 0.277166202, -0.954113457, 0.25390625, -0.936279297, -0.24206543, -0.960518521, -0.215003908, -0.176013617, 0, 2, 3, 1, 
483.933785, 50, 0.1, 0.1, 0.012486981, 0.353142274, -0.0349679392, 0.917550946, -0.397618234, 3.3650128e-005, 0.397618234, 0.917550947, -2.29924914e-006, -2.99614834e-005, 1.54895827e-005, 0.999999999, 0.917550899, -0.397618343, 3.64691425e-005, 0.397618343, 0.917550899, -4.77255795e-006, -3.1564638e-005, 1.88798649e-005, 0.999999999, 0, 0, 0, 0, 0, 0, 0, 0.300677002, -0.0924768066, -0.213569946, -0.337854907, 0.622309338, -0.706101832, -0.809936523, 0.189819336, 0.554931641, 0.479408766, 0.759411092, 0.439972129, 0, 0, -0, 0, 0, 0, 0, 0.379198535, -0.0612052246, -0.185377686, 0.112737865, 0.277166202, -0.954113457, 0.25390625, -0.936279297, -0.24206543, -0.960518521, -0.215003908, -0.176013617, 0, 2, 3, 1, 
483.934481, 50, 0.1, 0.1, 0.0124869857, 0.353142274, -0.0349672548, 0.917551123, -0.397617826, -3.15883208e-005, 0.397617826, 0.917551124, 2.78448029e-007, 2.88731834e-005, -1.28155697e-005, 1, 0.9175511, -0.397617879, -2.81007072e-005, 0.397617879, 0.9175511, 6.36895508e-006, 2.32514244e-005, -1.70171853e-005, 1, 0, 0, 0, 0, 0, 0, 0, 0.300677002, -0.0924768066, -0.213569946, -0.337854907, 0.622309338, -0.706101832, -0.809936523, 0.189819336, 0.554931641, 0.479408766, 0.759411092, 0.439972129, 0, 0, -0, 0, 0, 0, 0, 0.379198535, -0.0612052246, -0.185377686, 0.112737865, 0.277166202, -0.954113457, 0.25390625, -0.936279297, -0.24206543, -0.960518521, -0.215003908, -0.176013617, 0, 2, 3, 1, 
483.935179, 50, 0.1, 0.1, 0.0124869867, 0.35314228, -0.0349673563, 0.917551158, -0.397617745, 2.7663635e-005, 0.397617745, 0.917551159, -7.72433115e-006, -2.23114692e-005, 1.80870212e-005, 1, 0.917551166, -0.397617728, 1.86298658e-005, 0.397617729, 0.917551166, -1.6298199e-005, -1.06134022e-005, 2.23619964e-005, 1, 0, 0, 0, 0, 0, 0, 0, 0.300677002, -0.0924768066, -0.213569946, -0.337854907, 0.622309338, -0.706101832, -0.809936523, 0.189819336, 0.554931641, 0.479408766, 0.759411092, 0.439972129, 0, 0, -0, 0, 0, 0, 0, 0.379198535, -0.0612052246, -0.185377686, 0.112737865, 0.277166202, -0.954113457, 0.25390625, -0.936279297, -0.24206543, -0.960518521, -0.215003908, -0.176013617, 0, 2, 3, 1, 
483.93592, 50, 0.1, 0.1, 0.0124869859, 0.353142276, -0.0349678758, 0.917551029, -0.397618044, -2.15118158e-005, 0.397618044, 0.917551029, 7.26013407e-006, 1.68514284e-005, -1.52150296e-005, 1, 0.917551069, -0.397617952, -4.44143303e-006, 0.397617952, 0.917551069, 1.91819152e-005, -3.55183222e-006, -1.93663803e-005, 1, 0, 0, 0, 0, 0, 0, 0, 0.301569482, -0.0936785889, -0.213206104, -0.337760549, 0.620552123, -0.707682313, -0.811035156, 0.189575195, 0.553344727, 0.477663534, 0.760801735, 0.439357309, 0, 0, -0, 0, 0, 0, 0, 0.380184766, -0.0619257324, -0.185180078, 0.113875322, 0.277178595, -0.953922059, 0.256835937, -0.935791016, -0.241210937, -0.959662513, -0.21745746, -0.177834641, 0, 2, 3, 1, 
483.936616, 50, 0.1, 0.1, 0.012486994, 0.353142285, -0.0349685572, 0.917550774, -0.397618633, -3.75939913e-006, 0.397618633, 0.917550774, -1.80023501e-005, 1.06075094e-005, 1.50232631e-005, 1, 0.91755083, -0.397618504, -1.46720953e-005, 0.397618503, 0.91755083, -2.63963184e-005, 2.39580578e-005, 1.83860673e-005, 1, 0, 0, 0, 0, 0, 0, 0, 0.301569482, -0.0936785889, -0.213206104, -0.337760549, 0.620552123, -0.707682313, -0.811035156, 0.189575195, 0.553344727, 0.477663534, 0.760801735, 0.439357309, 0, 0, -0, 0, 0, 0, 0, 0.380184766, -0.0619257324, -0.185180078, 0.113875322, 0.277178595, -0.953922059, 0.256835937, -0.935791016, -0.241210937, -0.959662513, -0.21745746, -0.177834641, 0, 2, 3, 1, 
483.937373, 50, 0.1, 0.1, 0.0124869898, 0.353142278, -0.0349689718, 0.917550404, -0.397619486, 1.17019267e-005, 0.397619485, 0.917550404, 2.7734008e-005, -2.17646896e-005, -2.07944361e-005, 1, 0.917550473, -0.397619327, 1.68492534e-005, 0.397619326, 0.917550473, 3.34489886e-005, -2.87600048e-005, -2.39915465e-005, 0.999999999, 0, 0, 0, 0, 0, 0, 0, 0.301569482, -0.0936785889, -0.213206104, -0.337760549, 0.620552123, -0.707682313, -0.811035156, 0.189575195, 0.553344727, 0.477663534, 0.760801735, 0.439357309, 0, 0, -0, 0, 0, 0, 0, 0.380184766, -0.0619257324, -0.185180078, 0.113875322, 0.277178595, -0.953922059, 0.256835937, -0.935791016, -0.241210937, -0.959662513, -0.21745746, -0.177834641, 0, 2, 3, 1, 
483.938086, 50, 0.1, 0.1, 0.0124869951, 0.353142282, -0.0349692883, 0.917550069, -0.397620259, -1.84274565e-005, 0.397620258, 0.917550069, -1.80048378e-005, 2.40672023e-005, 9.19321011e-006, 1, 0.917550136, -0.397620104, -1.81910543e-005, 0.397620104, 0.917550136, -2.13939985e-005, 2.51978882e-005, 1.23969374e-005, 1, 0, 0, 0, 0, 0, 0, 0, 0.301569482, -0.0936785889, -0.213206104, -0.338186652, 0.618611062, -0.709040756, -0.811889648, 0.188964844, 0.552246094, 0.475753551, 0.762592272, 0.43858373, 0, 0, -0, 0, 0, 0, 0, 0.380184766, -0.0619257324, -0.185180078, 0.113875322, 0.277178595, -0.953922059, 0.256835937, -0.935791016, -0.241210937, -0.959662513, -0.21745746, -0.177834641, 0, 2, 3, 1, 
483.938795, 50, 0.1, 0.1, 0.0124869956, 0.353142278, -0.0349693528, 0.917549825, -0.397620822, 1.98628466e-005, 0.397620822, 0.917549825, 2.59989686e-005, -2.85628827e-005, -1.59574677e-005, 0.999999999, 0.917549861, -0.39762074, 1.3932218e-005, 0.39762074, 0.91754986, 2.83151234e-005, -2.40421851e-005, -2.04407987e-005, 1, 0, 0, 0, 0, 0, 0, 0, 0.302434863, -0.0946653076, -0.213054639, -0.338186652, 0.618611062, -0.709040756, -0.811889648, 0.188964844, 0.552246094, 0.475753551, 0.762592272, 0.43858373, 0, 0, -0, 0, 0, 0, 0, 0.381224219, -0.0629078125, -0.185007617, 0.115715669, 0.276743661, -0.953909666, 0.260131836, -0.935180664, -0.239868164, -0.958487143, -0.220326256, -0.180288193, 0, 2, 3, 1, 
483.939493, 50, 0.1, 0.1, 0.0124869942, 0.353142283, -0.0349695042, 0.917549729, -0.397621044, -1.44021014e-005, 0.397621044, 0.917549729, -2.3647941e-005, 2.26175633e-005, 1.59715833e-005, 1, 0.917549734, -0.397621033, -2.58403157e-006, 0.397621033, 0.917549734, -2.22093462e-005, 1.12018806e-005, 1.93507144e-005, 1, 0, 0, 0, 0, 0, 0, 0, 0.302434863, -0.0946653076, -0.213054639, -0.338186652, 0.618611062, -0.709040756, -0.811889648, 0.188964844, 0.552246094, 0.475753551, 0.762592272, 0.43858373, 0, 0, -0, 0, 0, 0, 0, 0.381224219, -0.0629078125, -0.185007617, 0.115715669, 0.276743661, -0.953909666, 0.260131836, -0.935180664, -0.239868164, -0.958487143, -0.220326256, -0.180288193, 0, 2, 3, 1, 
483.940189, 50, 0.1, 0.1, 0.0124870012, 0.353142284, -0.0349696913, 0.917549783, -0.39762092, 3.49949838e-006, 0.39762092, 0.917549783, 1.42058673e-005, -8.859514e-006, -1.16431167e-005, 1, 0.917549762, -0.397620967, -1.32949282e-005, 0.397620967, 0.917549762, 1.11421484e-005, 7.76840637e-006, -1.55098179e-005, 1, 0, 0, 0, 0, 0, 0, 0, 0.302434863, -0.0946653076, -0.213054639, -0.338186652, 0.618611062, -0.709040756, -0.811889648, 0.188964844, 0.552246094, 0.475753551, 0.762592272, 0.43858373, 0, 0, -0, 0, 0, 0, 0, 0.381224219, -0.0629078125, -0.185007617, 0.115715669, 0.276743661, -0.953909666, 0.260131836, -0.935180664, -0.239868164, -0.958487143, -0.220326256, -0.180288193, 0, 2, 3, 1, 
483.940886, 50, 0.1, 0.1, 0.0124869949, 0.353142287, -0.0349698712, 0.917549967, -0.397620495, 1.16177111e-005, 0.397620495, 0.917549967, -1.56901655e-005, -4.42109906e-006, 1.90159509e-005, 1, 0.917549924, -0.397620594, 2.39984017e-005, 0.397620594, 0.917549924, -1.40599334e-005, -1.64292126e-005, 2.24429496e-005, 1, 0, 0, 0, 0, 0, 0, 0, 0.302434863, -0.0946653076, -0.213054639, -0.338186652, 0.618611062, -0.709040756, -0.811889648, 0.188964844, 0.552246094, 0.475753551, 0.762592272, 0.43858373, 0, 0, -0, 0, 0, 0, 0, 0.381224219, -0.0629078125, -0.185007617, 0.115715669, 0.276743661, -0.953909666, 0.260131836, -0.935180664, -0.239868164, -0.958487143, -0.220326256, -0.180288193, 0, 2, 3, 1, 
483.941579, 50, 0.1, 0.1, 0.0124870037, 0.353142289, -0.0349699835, 0.917550224, -0.397619901, -2.12232663e-005, 0.397619901, 0.917550224, 3.6981029e-006, 1.80029734e-005, -1.18319882e-005, 1, 0.917550171, -0.397620023, -2.90542884e-005, 0.397620024, 0.917550171, 3.25153141e-006, 2.53658933e-005, -1.453601e-005, 1, 0, 0, 0, 0, 0, 0, 0, 0.302434863, -0.0946653076, -0.213054639, -0.338186652, 0.618611062, -0.709040756, -0.811889648, 0.188964844, 0.552246094, 0.475753551, 0.762592272, 0.43858373, 0, 0, -0, 0, 0, 0, 0, 0.381224219, -0.0629078125, -0.185007617, 0.115715669, 0.276743661, -0.953909666, 0.260131836, -0.935180664, -0.239868164, -0.958487143, -0.220326256, -0.180288193, 0, 2, 3, 1, 
483.942275, 50, 0.1, 0.1, 0.0124869978, 0.353142291, -0.0349700308, 0.917550482, -0.397619306, 3.20264598e-005, 0.397619307, 0.917550482, -2.06192881e-006, -2.85660309e-005, 1.46262625e-005, 0.999999999, 0.917550434, -0.397619415, 3.42121028e-005, 0.397619415, 0.917550435, -4.89783653e-006, -2.94438549e-005, 1.80974083e-005, 0.999999999, 0, 0, 0, 0, 0, 0, 0, 0.302434863, -0.0946653076, -0.213054639, -0.338186652, 0.618611062, -0.709040756, -0.811889648, 0.188964844, 0.552246094, 0.475753551, 0.762592272, 0.43858373, 0, 0, -0, 0, 0, 0, 0, 0.381224219, -0.0629078125, -0.185007617, 0.115715669, 0.276743661, -0.953909666, 0.260131836, -0.935180664, -0.239868164, -0.958487143, -0.220326256, -0.180288193, 0, 2, 3, 1, 
483.942982, 50, 0.1, 0.1, 0.0124870017, 0.35314229, -0.0349699235, 0.917550657, -0.397618902, -2.75070578e-005, 0.397618902, 0.917550657, 1.98173844e-006, 2.44511423e-005, -1.27556716e-005, 1, 0.917550633, -0.397618957, -2.44115302e-005, 0.397618957, 0.917550633, 7.24285779e-006, 1.95189174e-005, -1.63521759e-005, 1, 0, 0, 0, 0, 0, 0, 0, 0.30345647, -0.0953812988, -0.213287402, -0.339869727, 0.617615443, -0.709243698, -0.812866211, 0.186279297, 0.551757813, 0.472930326, 0.764109473, 0.438863057, 0, 0, -0, 0, 0, 0, 0, 0.381224219, -0.0629078125, -0.185007617, 0.115715669, 0.276743661, -0.953909666, 0.260131836, -0.935180664, -0.239868164, -0.958487143, -0.220326256, -0.180288193, 0, 2, 3, 1, 
483.943691, 50, 0.1, 0.1, 0.0124870019, 0.353142296, -0.0349694793, 0.917550701, -0.3976188, 2.76431027e-005, 0.3976188, 0.917550701, -4.42999781e-006, -2.36024978e-005, 1.50561649e-005, 1, 0.917550706, -0.397618789, 1.94514244e-005, 0.39761879, 0.917550706, -1.26334459e-005, -1.28243727e-005, 1.9326079e-005, 1, 0, 0, 0, 0, 0, 0, 0, 0.30345647, -0.0953812988, -0.213287402, -0.339869727, 0.617615443, -0.709243698, -0.812866211, 0.186279297, 0.551757813, 0.472930326, 0.764109473, 0.438863057, 0, 0, -0, 0, 0, 0, 0, 0.382632275, -0.0631461914, -0.184796826, 0.11630372, 0.277956944, -0.953449946, 0.265136719, -0.933837891, -0.239868164, -0.957075167, -0.224862957, -0.1823265, 0, 2, 3, 1, 
483.944391, 50, 0.1, 0.1, 0.0124870004, 0.353142291, -0.0349690948, 0.917550598, -0.397619038, -1.72587685e-005, 0.397619038, 0.917550598, 1.01886311e-005, 1.17845997e-005, -1.62109995e-005, 1, 0.917550629, -0.397618967, -2.45204592e-006, 0.397618967, 0.917550629, 2.04587658e-005, -5.88491706e-006, -1.97469334e-005, 1, 0, 0, 0, 0, 0, 0, 0, 0.30345647, -0.0953812988, -0.213287402, -0.339869727, 0.617615443, -0.709243698, -0.812866211, 0.186279297, 0.551757813, 0.472930326, 0.764109473, 0.438863057, 0, 0, -0, 0, 0, 0, 0, 0.382632275, -0.0631461914, -0.184796826, 0.11630372, 0.277956944, -0.953449946, 0.265136719, -0.933837891, -0.239868164, -0.957075167, -0.224862957, -0.1823265, 0, 2, 3, 1, 
483.945087, 50, 0.1, 0.1, 0.0124870072, 0.353142299, -0.0349689098, 0.917550366, -0.397619575, -1.74631979e-006, 0.397619575, 0.917550366, -1.62239554e-005, 8.0532986e-006, 1.41919253e-005, 1, 0.917550417, -0.397619456, -1.19615863e-005, 0.397619455, 0.917550417, -2.41463346e-005, 2.05764109e-005, 1.73993199e-005, 1, 0, 0, 0, 0, 0, 0, 0, 0.30345647, -0.0953812988, -0.213287402, -0.339869727, 0.617615443, -0.709243698, -0.812866211, 0.186279297, 0.551757813, 0.472930326, 0.764109473, 0.438863057, 0, 0, -0, 0, 0, 0, 0, 0.382632275, -0.0631461914, -0.184796826, 0.11630372, 0.277956944, -0.953449946, 0.265136719, -0.933837891, -0.239868164, -0.957075167, -0.224862957, -0.1823265, 0, 2, 3, 1, 
483.945783, 50, 0.1, 0.1, 0.0124870037, 0.353142294, -0.0349689642, 0.917550062, -0.397620276, 9.24012017e-006, 0.397620276, 0.917550062, 2.11552897e-005, -1.6890045e-005, -1.57369782e-005, 1, 0.917550124, -0.397620133, 1.46774073e-005, 0.397620132, 0.917550124, 2.70721437e-005, -2.42316863e-005, -1.90040162e-005, 1, 0, 0, 0, 0, 0, 0, 0, 0.30345647, -0.0953812988, -0.213287402, -0.339869727, 0.617615443, -0.709243698, -0.812866211, 0.186279297, 0.551757813, 0.472930326, 0.764109473, 0.438863057, 0, 0, -0, 0, 0, 0, 0, 0.382632275, -0.0631461914, -0.184796826, 0.11630372, 0.277956944, -0.953449946, 0.265136719, -0.933837891, -0.239868164, -0.957075167, -0.224862957, -0.1823265, 0, 2, 3, 1, 
483.946481, 50, 0.1, 0.1, 0.0124870097, 0.3531423, -0.0349691886, 0.917549766, -0.397620959, -2.11002738e-005, 0.397620959, 0.917549766, -2.49361897e-005, 2.92757029e-005, 1.44902839e-005, 0.999999999, 0.91754982, -0.397620834, -2.10863039e-005, 0.397620834, 0.91754982, -2.8172817e-005, 3.05498334e-005, 1.74656094e-005, 0.999999999, 0, 0, 0, 0, 0, 0, 0, 0.30345647, -0.0953812988, -0.213287402, -0.339869727, 0.617615443, -0.709243698, -0.812866211, 0.186279297, 0.551757813, 0.472930326, 0.764109473, 0.438863057, 0, 0, -0, 0, 0, 0, 0, 0.382632275, -0.0631461914, -0.184796826, 0.11630372, 0.277956944, -0.953449946, 0.265136719, -0.933837891, -0.239868164, -0.957075167, -0.224862957, -0.1823265, 0, 2, 3, 1, 
483.947174, 50, 0.1, 0.1, 0.0124870105, 0.353142298, -0.0349695685, 0.917549556, -0.397621443, 1.90122913e-005, 0.397621443, 0.917549556, 2.05604517e-005, -2.56199959e-005, -1.13055386e-005, 1, 0.917549586, -0.397621373, 1.24482465e-005, 0.397621373, 0.917549586, 2.20430818e-005, -2.01866838e-005, -1.52759317e-005, 1, 0, 0, 0, 0, 0, 0, 0, 0.30345647, -0.0953812988, -0.213287402, -0.339869727, 0.617615443, -0.709243698, -0.812866211, 0.186279297, 0.551757813, 0.472930326, 0.764109473, 0.438863057, 0, 0, -0, 0, 0, 0, 0, 0.382632275, -0.0631461914, -0.184796826, 0.11630372, 0.277956944, -0.953449946, 0.265136719, -0.933837891, -0.239868164, -0.957075167, -0.224862957, -0.1823265, 0, 2, 3, 1, 
483.9479, 50, 0.1, 0.1, 0.0124870088, 0.353142304, -0.0349698283, 0.917549485, -0.397621608, -1.37247247e-005, 0.397621608, 0.917549484, -2.51864384e-005, 2.26077862e-005, 1.76525565e-005, 1, 0.917549485, -0.397621608, -1.3391224e-006, 0.397621608, 0.917549484, -2.45708632e-005, 1.09986172e-005, 2.20125189e-005, 1, 0, 0, 0, 0, 0, 0, 0, 0.30428584, -0.0967893555, -0.213322559, -0.341044322, 0.616200835, -0.709878736, -0.813110352, 0.185546875, 0.551757813, 0.471756852, 0.765322261, 0.437974901, 0, 0, -0, 0, 0, 0, 0, 0.382632275, -0.0631461914, -0.184796826, 0.117198374, 0.277822416, -0.95341823, 0.267700195, -0.933227539, -0.239013672, -0.956244678, -0.227086466, -0.183796079, 0, 2, 3, 1, 
483.94859, 50, 0.1, 0.1, 0.0124870148, 0.353142304, -0.0349698482, 0.917549561, -0.397621431, 6.7410486e-006, 0.397621431, 0.917549561, 1.58141878e-005, -1.24733062e-005, -1.18299156e-005, 1, 0.917549536, -0.39762149, -1.05193198e-005, 0.39762149, 0.917549536, 1.20717264e-005, 4.85201912e-006, -1.52591146e-005, 1, 0, 0, 0, 0, 0, 0, 0, 0.30428584, -0.0967893555, -0.213322559, -0.341044322, 0.616200835, -0.709878736, -0.813110352, 0.185546875, 0.551757813, 0.471756852, 0.765322261, 0.437974901, 0, 0, -0, 0, 0, 0, 0, 0.383378662, -0.0643180664, -0.184602393, 0.117198374, 0.277822416, -0.95341823, 0.267700195, -0.933227539, -0.239013672, -0.956244678, -0.227086466, -0.183796079, 0, 2, 3, 1, 
483.949287, 50, 0.1, 0.1, 0.0124870074, 0.353142306, -0.0349698421, 0.917549766, -0.397620959, 1.37140435e-005, 0.397620959, 0.917549766, -1.14801158e-005, -8.01858278e-006, 1.59865687e-005, 1, 0.917549719, -0.397621066, 2.65662107e-005, 0.397621066, 0.917549719, -9.71807769e-006, -2.05117067e-005, 1.94801045e-005, 1, 0, 0, 0, 0, 0, 0, 0, 0.30428584, -0.0967893555, -0.213322559, -0.341044322, 0.616200835, -0.709878736, -0.813110352, 0.185546875, 0.551757813, 0.471756852, 0.765322261, 0.437974901, 0, 0, -0, 0, 0, 0, 0, 0.383378662, -0.0643180664, -0.184602393, 0.117198374, 0.277822416, -0.95341823, 0.267700195, -0.933227539, -0.239013672, -0.956244678, -0.227086466, -0.183796079, 0, 2, 3, 1, 
483.949982, 50, 0.1, 0.1, 0.0124870159, 0.353142307, -0.0349697945, 0.917550041, -0.397620324, -2.12195767e-005, 0.397620325, 0.917550041, 6.77287583e-006, 1.67769904e-005, -1.46517875e-005, 1, 0.917549983, -0.397620456, -2.87965121e-005, 0.397620456, 0.917549984, 6.60412473e-006, 2.37963042e-005, -1.75096968e-005, 1, 0, 0, 0, 0, 0, 0, 0, 0.30428584, -0.0967893555, -0.213322559, -0.341044322, 0.616200835, -0.709878736, -0.813110352, 0.185546875, 0.551757813, 0.471756852, 0.765322261, 0.437974901, 0, 0, -0, 0, 0, 0, 0, 0.383378662, -0.0643180664, -0.184602393, 0.117198374, 0.277822416, -0.95341823, 0.267700195, -0.933227539, -0.239013672, -0.956244678, -0.227086466, -0.183796079, 0, 2, 3, 1, 
483.95069, 50, 0.1, 0.1, 0.0124870097, 0.353142309, -0.0349696039, 0.917550316, -0.397619688, 3.13661154e-005, 0.397619688, 0.917550317, -1.35627599e-006, -2.82407071e-005, 1.37162365e-005, 1, 0.917550266, -0.397619803, 3.41004308e-005, 0.397619804, 0.917550267, -3.82559668e-006, -2.97677263e-005, 1.70691838e-005, 0.999999999, 0, 0, 0, 0, 0, 0, 0, 0.30428584, -0.0967893555, -0.213322559, -0.341044322, 0.616200835, -0.709878736, -0.813110352, 0.185546875, 0.551757813, 0.471756852, 0.765322261, 0.437974901, 0, 0, -0, 0, 0, 0, 0, 0.384126758, -0.065551709, -0.183969775, 0.118080268, 0.277048797, -0.953507915, 0.270996094, -0.932739258, -0.237426758, -0.955292789, -0.230236344, -0.185278418, 0, 2, 3, 1, 
483.951403, 50, 0.1, 0.1, 0.0124870145, 0.353142307, -0.0349692078, 0.91755051, -0.397619241, -3.12221125e-005, 0.397619241, 0.91755051, 1.75558205e-006, 2.79498121e-005, -1.40253479e-005, 1, 0.917550484, -0.397619301, -2.81889526e-005, 0.397619302, 0.917550484, 7.5975065e-006, 2.28438719e-005, -1.81795674e-005, 1, 0, 0, 0, 0, 0, 0, 0, 0.30428584, -0.0967893555, -0.213322559, -0.341044322, 0.616200835, -0.709878736, -0.813110352, 0.185546875, 0.551757813, 0.471756852, 0.765322261, 0.437974901, 0, 0, -0, 0, 0, 0, 0, 0.384126758, -0.065551709, -0.183969775, 0.118080268, 0.277048797, -0.953507915, 0.270996094, -0.932739258, -0.237426758, -0.955292789, -0.230236344, -0.185278418, 0, 2, 3, 1, 
483.95215, 50, 0.1, 0.1, 0.0124870143, 0.353142313, -0.0349686852, 0.917550558, -0.397619131, 3.05123966e-005, 0.397619131, 0.917550558, -3.73947523e-006, -2.65097796e-005, 1.55634702e-005, 1, 0.917550564, -0.397619116, 2.08575002e-005, 0.397619117, 0.917550564, -1.28904463e-005, -1.40123232e-005, 2.01209771e-005, 1, 0, 0, 0, 0, 0, 0, 0, 0.30428584, -0.0967893555, -0.213322559, -0.341044322, 0.616200835, -0.709878736, -0.813110352, 0.185546875, 0.551757813, 0.471756852, 0.765322261, 0.437974901, 0, 0, -0, 0, 0, 0, 0, 0.384126758, -0.065551709, -0.183969775, 0.118080268, 0.277048797, -0.953507915, 0.270996094, -0.932739258, -0.237426758, -0.955292789, -0.230236344, -0.185278418, 0, 2, 3, 1, 
483.952862, 50, 0.1, 0.1, 0.0124870121, 0.353142308, -0.0349680052, 0.917550447, -0.397619388, -1.73031083e-005, 0.397619388, 0.917550447, 8.368312e-006, 1.25490717e-005, -1.45583998e-005, 1, 0.91755048, -0.397619311, -1.64845756e-006, 0.397619311, 0.91755048, 1.95843659e-005, -6.27457904e-006, -1.86251028e-005, 1, 0, 0, 0, 0, 0, 0, 0, 0.30487439, -0.0979884521, -0.212913916, -0.342536436, 0.614481812, -0.710551966, -0.813354492, 0.184448242, 0.551635742, 0.470139301, 0.766954039, 0.436845611, 0, 0, -0, 0, 0, 0, 0, 0.384126758, -0.065551709, -0.183969775, 0.118080268, 0.277048797, -0.953507915, 0.270996094, -0.932739258, -0.237426758, -0.955292789, -0.230236344, -0.185278418, 0, 2, 3, 1, 
483.953558, 50, 0.1, 0.1, 0.0124870188, 0.353142317, -0.0349677546, 0.917550201, -0.397619954, -1.09536863e-006, 0.397619954, 0.917550201, -2.01711582e-005, 9.0255107e-006, 1.80725098e-005, 1, 0.917550256, -0.397619828, -1.18506918e-005, 0.397619827, 0.917550256, -2.83153438e-005, 2.21323474e-005, 2.12686809e-005, 1, 0, 0, 0, 0, 0, 0, 0, 0.30487439, -0.0979884521, -0.212913916, -0.342536436, 0.614481812, -0.710551966, -0.813354492, 0.184448242, 0.551635742, 0.470139301, 0.766954039, 0.436845611, 0, 0, -0, 0, 0, 0, 0, 0.384126758, -0.065551709, -0.183969775, 0.118080268, 0.277048797, -0.953507915, 0.270996094, -0.932739258, -0.237426758, -0.955292789, -0.230236344, -0.185278418, 0, 2, 3, 1, 
483.954252, 50, 0.1, 0.1, 0.0124870148, 0.353142313, -0.0349680989, 0.917549884, -0.397620686, 1.064006e-005, 0.397620686, 0.917549884, 1.85385084e-005, -1.71340802e-005, -1.27792983e-005, 1, 0.917549948, -0.397620538, 1.60893999e-005, 0.397620537, 0.917549948, 2.44590597e-005, -2.44882525e-005, -1.60449332e-005, 1, 0, 0, 0, 0, 0, 0, 0, 0.30487439, -0.0979884521, -0.212913916, -0.342536436, 0.614481812, -0.710551966, -0.813354492, 0.184448242, 0.551635742, 0.470139301, 0.766954039, 0.436845611, 0, 0, -0, 0, 0, 0, 0, 0.384126758, -0.065551709, -0.183969775, 0.118080268, 0.277048797, -0.953507915, 0.270996094, -0.932739258, -0.237426758, -0.955292789, -0.230236344, -0.185278418, 0, 2, 3, 1, 
483.95495, 50, 0.1, 0.1, 0.0124870203, 0.35314232, -0.0349688783, 0.917549574, -0.397621401, -2.01972792e-005, 0.3976214, 0.917549574, -2.79846098e-005, 2.96592847e-005, 1.76463964e-005, 0.999999999, 0.917549632, -0.397621267, -2.01574417e-005, 0.397621267, 0.917549632, -3.13704411e-005, 3.09690078e-005, 2.07689092e-005, 0.999999999, 0, 0, 0, 0, 0, 0, 0, 0.30487439, -0.0979884521, -0.212913916, -0.342536436, 0.614481812, -0.710551966, -0.813354492, 0.184448242, 0.551635742, 0.470139301, 0.766954039, 0.436845611, 0, 0, -0, 0, 0, 0, 0, 0.384126758, -0.065551709, -0.183969775, 0.118080268, 0.277048797, -0.953507915, 0.270996094, -0.932739258, -0.237426758, -0.955292789, -0.230236344, -0.185278418, 0, 2, 3, 1, 
483.955674, 50, 0.1, 0.1, 0.0124870206, 0.353142318, -0.0349695078, 0.917549342, -0.397621937, 2.09252082e-005, 0.397621937, 0.917549342, 2.11532435e-005, -2.76109047e-005, -1.10888228e-005, 1, 0.917549374, -0.397621862, 1.44212711e-005, 0.397621862, 0.917549374, 2.25797714e-005, -2.2210439e-005, -1.49838425e-005, 1, 0, 0, 0, 0, 0, 0, 0, 0.305930542, -0.0992187988, -0.212556787, -0.343559386, 0.612115769, -0.712227927, -0.814331055, 0.183349609, 0.550537109, 0.467582297, 0.769182662, 0.435627954, 0, 0, -0, 0, 0, 0, 0, 0.385124707, -0.0665787109, -0.183123926, 0.119313607, 0.276032375, -0.953706242, 0.274291992, -0.932250977, -0.235473633, -0.954181218, -0.233411742, -0.186894918, 0, 2, 3, 1, 
483.956373, 50, 0.1, 0.1, 0.012487018, 0.353142323, -0.0349700814, 0.917549259, -0.397622128, -1.06330182e-005, 0.397622128, 0.917549259, -2.37144476e-005, 1.91857071e-005, 1.75312505e-005, 1, 0.917549262, -0.397622121, 6.87933951e-007, 0.397622121, 0.917549262, -2.30480447e-005, 8.53319912e-006, 2.14212541e-005, 1, 0, 0, 0, 0, 0, 0, 0, 0.305930542, -0.0992187988, -0.212556787, -0.343559386, 0.612115769, -0.712227927, -0.814331055, 0.183349609, 0.550537109, 0.467582297, 0.769182662, 0.435627954, 0, 0, -0, 0, 0, 0, 0, 0.385124707, -0.0665787109, -0.183123926, 0.119313607, 0.276032375, -0.953706242, 0.274291992, -0.932250977, -0.235473633, -0.954181218, -0.233411742, -0.186894918, 0, 2, 3, 1, 
