time, trialNum, realDorsalTactorPos, realVentralTactorPos, boxPosX, boxPosY, boxPosZ, boxLocalRot_11, boxLocalRot_12, boxLocalRot_13, boxLocalRot_21, boxLocalRot_22, boxLocalRot_23, boxLocalRot_31, boxLocalRot_32, boxLocalRot_33, boxGlobalRot_11, boxGlobalRot_12, boxGlobalRot_13, boxGlobalRot_21, boxGlobalRot_22, boxGlobalRot_23, boxGlobalRot_31, boxGlobalRot_32, boxGlobalRot_33, indexForceX, indexForceY, indexForceZ, indexForceGlobalX, indexForceGlobalY, indexForceGlobalZ, indexContact, indexPosX, indexPosY, indexPosZ, indexRot_11, indexRot_12, indexRot_13, indexRot_21, indexRot_22, indexRot_23, indexRot_31, indexRot_32, indexRot_33, thumbForceX, thumbForceY, thumbForceZ, thumbForceGlobalX, thumbForceGlobalY, thumbForceGlobalZ, thumbContact, thumbPosX, thumbPosY, thumbPosZ, thumbRot_11, thumbRot_12, thumbRot_13, thumbRot_21, thumbRot_22, thumbRot_23, thumbRot_31, thumbRot_32, thumbRot_33, manipForceTooHigh, cceExpType, mapping, trialSuccess, 
497.964694, 63, 0.1, 0.1, 0.0270947847, 0.36276686, -0.034975204, 0.956296161, 5.53675475e-006, 0.292399816, 0.292399816, 5.57178914e-006, -0.956296161, -6.92396744e-006, 1, 3.7093345e-006, 0.956296209, 1.86779269e-006, 0.292399659, 0.292399659, 5.40349044e-007, -0.956296209, -1.94416094e-006, 1, -2.94082017e-008, 0, 0, 0, 0, 0, 0, 0, 0.250108838, -0.110685181, -0.189544922, -0.364151966, 0.613699233, -0.700489519, -0.88293457, 0.01171875, 0.469238281, 0.296208438, 0.789324535, 0.537833181, 0, 0, -0, 0, 0, 0, 0, 0.314405957, -0.0583609863, -0.145714844, -0.00687508893, 0.571823398, -0.820234183, 0.446655273, -0.732055664, -0.514160156, -0.894535015, -0.369866652, -0.250439832, 0, 2, 1, 1, 
497.988482, 63, 0.1, 0.1, 0.0270948021, 0.362766665, -0.0349661655, 0.956295253, 1.48416093e-005, 0.292402785, 0.292402785, -1.79890152e-006, -0.956295253, -1.36669567e-005, 1, -6.06000889e-006, 0.956295231, 1.44422898e-005, 0.292402858, 0.292402859, -1.34567559e-005, -0.956295231, -9.87629896e-006, 1, -1.70915983e-005, 0, 0, 0, 0, 0, 0, 0, 0.254999536, -0.121735937, -0.186126123, -0.384506496, 0.597687349, -0.703409346, -0.884399414, -0.0201416016, 0.466186523, 0.264455762, 0.801377147, 0.53656535, 0, 0, -0, 0, 0, 0, 0, 0.316693701, -0.0669371094, -0.142347949, -0.0248268331, 0.562163007, -0.826572586, 0.478027344, -0.719482422, -0.503662109, -0.87788767, -0.40758207, -0.25086054, 0, 2, 1, 1, 
497.989184, 63, 0.1, 0.1, 0.0270948066, 0.362766656, -0.0349634691, 0.956295294, -2.17086707e-005, 0.29240265, 0.292402651, 1.342182e-006, -0.956295294, 2.0367442e-005, 1, 7.63119517e-006, 0.956295294, -2.45621753e-005, 0.29240265, 0.292402651, 1.1760688e-005, -0.956295294, 2.00498363e-005, 1, 1.84287358e-005, 0, 0, 0, 0, 0, 0, 0, 0.254999536, -0.121735937, -0.186126123, -0.384506496, 0.597687349, -0.703409346, -0.884399414, -0.0201416016, 0.466186523, 0.264455762, 0.801377147, 0.53656535, 0, 0, -0, 0, 0, 0, 0, 0.316693701, -0.0669371094, -0.142347949, -0.0248268331, 0.562163007, -0.826572586, 0.478027344, -0.719482422, -0.503662109, -0.87788767, -0.40758207, -0.25086054, 0, 2, 1, 1, 
497.989891, 63, 0.1, 0.1, 0.0270948007, 0.362766655, -0.0349626871, 0.956295222, 3.40475337e-005, 0.292402885, 0.292402885, 5.82242978e-006, -0.956295223, -3.42619891e-005, 0.999999999, -4.38763532e-006, 0.956295247, 3.36353626e-005, 0.292402804, 0.292402804, -6.60588794e-006, -0.956295247, -3.02337572e-005, 0.999999999, -1.61522536e-005, 0, 0, 0, 0, 0, 0, 0, 0.254999536, -0.121735937, -0.186126123, -0.384506496, 0.597687349, -0.703409346, -0.884399414, -0.0201416016, 0.466186523, 0.264455762, 0.801377147, 0.53656535, 0, 0, -0, 0, 0, 0, 0, 0.316693701, -0.0669371094, -0.142347949, -0.0248268331, 0.562163007, -0.826572586, 0.478027344, -0.719482422, -0.503662109, -0.87788767, -0.40758207, -0.25086054, 0, 2, 1, 1, 
497.990586, 63, 0.1, 0.1, 0.0270948025, 0.362766644, -0.0349639337, 0.95629504, -3.40818016e-005, 0.292403482, 0.292403482, -3.95356347e-007, -0.95629504, 3.27078614e-005, 0.999999999, 9.58756014e-006, 0.956295086, -2.3477138e-005, 0.292403331, 0.292403331, 1.4358338e-005, -0.956295086, 1.82526458e-005, 1, 2.05956015e-005, 0, 0, 0, 0, 0, 0, 0, 0.254999536, -0.121735937, -0.186126123, -0.384506496, 0.597687349, -0.703409346, -0.884399414, -0.0201416016, 0.466186523, 0.264455762, 0.801377147, 0.53656535, 0, 0, -0, 0, 0, 0, 0, 0.316693701, -0.0669371094, -0.142347949, -0.0248268331, 0.562163007, -0.826572586, 0.478027344, -0.719482422, -0.503662109, -0.87788767, -0.40758207, -0.25086054, 0, 2, 1, 1, 
497.991284, 63, 0.1, 0.1, 0.0270948101, 0.362766647, -0.0349668103, 0.956294759, 2.20896597e-006, 0.2924044, 0.2924044, -1.08124129e-005, -0.956294759, 1.04917453e-006, 1, -1.09857652e-005, 0.956294818, -1.34126581e-005, 0.292404208, 0.292404208, -2.40275751e-005, -0.956294818, 1.98522195e-005, 1, -1.90555279e-005, 0, 0, 0, 0, 0, 0, 0, 0.254999536, -0.121735937, -0.186126123, -0.384506496, 0.597687349, -0.703409346, -0.884399414, -0.0201416016, 0.466186523, 0.264455762, 0.801377147, 0.53656535, 0, 0, -0, 0, 0, 0, 0, 0.316693701, -0.0669371094, -0.142347949, -0.0248268331, 0.562163007, -0.826572586, 0.478027344, -0.719482422, -0.503662109, -0.87788767, -0.40758207, -0.25086054, 0, 2, 1, 1, 
497.992011, 63, 0.1, 0.1, 0.0270947956, 0.362766635, -0.0349702072, 0.956294479, 4.88764831e-005, 0.292405311, 0.292405311, 1.9399474e-005, -0.956294481, -5.24128203e-005, 0.999999999, 4.2598666e-006, 0.956294526, 4.99192346e-005, 0.292405158, 0.292405157, 2.76183868e-005, -0.956294528, -5.58132496e-005, 0.999999998, 1.18146705e-005, 0, 0, 0, 0, 0, 0, 0, 0.25623999, -0.123216626, -0.185316528, -0.386083229, 0.594800844, -0.705034011, -0.885498047, -0.0247802734, 0.463867188, 0.258402303, 0.80344102, 0.536451895, 0, 0, -0, 0, 0, 0, 0, 0.317602783, -0.0683143066, -0.14157998, -0.0254972736, 0.559893923, -0.828023209, 0.483276367, -0.718261719, -0.500488281, -0.875012311, -0.412853012, -0.252240434, 0, 2, 1, 1, 
497.992707, 63, 0.1, 0.1, 0.0270947927, 0.362766633, -0.0349730431, 0.956294326, -2.97923349e-005, 0.292405817, 0.292405816, -1.33430261e-005, -0.956294326, 3.23918192e-005, 0.999999999, -4.04840816e-006, 0.956294342, -1.09369254e-005, 0.292405764, 0.292405764, -1.6120338e-005, -0.956294342, 1.51725996e-005, 1, -1.22177679e-005, 0, 0, 0, 0, 0, 0, 0, 0.25623999, -0.123216626, -0.185316528, -0.386083229, 0.594800844, -0.705034011, -0.885498047, -0.0247802734, 0.463867188, 0.258402303, 0.80344102, 0.536451895, 0, 0, -0, 0, 0, 0, 0, 0.317602783, -0.0683143066, -0.14157998, -0.0254972736, 0.559893923, -0.828023209, 0.483276367, -0.718261719, -0.500488281, -0.875012311, -0.412853012, -0.252240434, 0, 2, 1, 1, 
497.993421, 63, 0.1, 0.1, 0.0270948094, 0.362766629, -0.0349746759, 0.956294292, -3.41779837e-005, 0.292405926, 0.292405926, 1.36729058e-006, -0.956294293, 3.22844068e-005, 0.999999999, 1.13013771e-005, 0.956294296, -4.63235565e-005, 0.292405913, 0.292405914, 3.8290021e-006, -0.956294297, 4.317933e-005, 0.999999999, 1.72069347e-005, 0, 0, 0, 0, 0, 0, 0, 0.25623999, -0.123216626, -0.185316528, -0.386083229, 0.594800844, -0.705034011, -0.885498047, -0.0247802734, 0.463867188, 0.258402303, 0.80344102, 0.536451895, 0, 0, -0, 0, 0, 0, 0, 0.317602783, -0.0683143066, -0.14157998, -0.0254972736, 0.559893923, -0.828023209, 0.483276367, -0.718261719, -0.500488281, -0.875012311, -0.412853012, -0.252240434, 0, 2, 1, 1, 
497.994126, 63, 0.1, 0.1, 0.0270948034, 0.362766629, -0.0349745209, 0.956294279, 3.79004681e-005, 0.292405967, 0.292405968, -1.45189613e-005, -0.95629428, -3.19985699e-005, 0.999999999, -2.49667227e-005, 0.956294284, 3.44882419e-005, 0.292405951, 0.292405952, -1.66177552e-005, -0.956294285, -2.81217781e-005, 0.999999999, -2.59760315e-005, 0, 0, 0, 0, 0, 0, 0, 0.25623999, -0.123216626, -0.185316528, -0.386083229, 0.594800844, -0.705034011, -0.885498047, -0.0247802734, 0.463867188, 0.258402303, 0.80344102, 0.536451895, 0, 0, -0, 0, 0, 0, 0, 0.317602783, -0.0683143066, -0.14157998, -0.0254972736, 0.559893923, -0.828023209, 0.483276367, -0.718261719, -0.500488281, -0.875012311, -0.412853012, -0.252240434, 0, 2, 1, 1, 
497.994837, 63, 0.1, 0.1, 0.0270948004, 0.362766623, -0.0349727364, 0.95629423, -1.87865555e-005, 0.292406132, 0.292406132, 1.14301032e-005, -0.95629423, 1.46232423e-005, 1, 1.64238457e-005, 0.956294246, -7.51137981e-006, 0.29240608, 0.29240608, 1.14323444e-005, -0.956294246, 3.84020229e-006, 1, 1.31290582e-005, 0, 0, 0, 0, 0, 0, 0, 0.25623999, -0.123216626, -0.185316528, -0.386083229, 0.594800844, -0.705034011, -0.885498047, -0.0247802734, 0.463867188, 0.258402303, 0.80344102, 0.536451895, 0, 0, -0, 0, 0, 0, 0, 0.31868042, -0.0694335938, -0.140783691, -0.027043045, 0.558282887, -0.829135146, 0.488647461, -0.716186523, -0.498168945, -0.871983467, -0.41854576, -0.253339245, 0, 2, 1, 1, 
497.995532, 63, 0.1, 0.1, 0.0270948035, 0.36276662, -0.0349702023, 0.95629412, 1.4955385e-005, 0.292406491, 0.292406491, -6.13700758e-006, -0.95629412, -1.25072459e-005, 1, -1.02418359e-005, 0.956294148, -2.71504881e-008, 0.292406398, 0.292406398, -1.05186746e-005, -0.956294148, 3.10169161e-006, 1, -1.0051008e-005, 0, 0, 0, 0, 0, 0, 0, 0.25623999, -0.123216626, -0.185316528, -0.386083229, 0.594800844, -0.705034011, -0.885498047, -0.0247802734, 0.463867188, 0.258402303, 0.80344102, 0.536451895, 0, 0, -0, 0, 0, 0, 0, 0.31868042, -0.0694335938, -0.140783691, -0.027043045, 0.558282887, -0.829135146, 0.488647461, -0.716186523, -0.498168945, -0.871983467, -0.41854576, -0.253339245, 0, 2, 1, 1, 
497.99623, 63, 0.1, 0.1, 0.0270947987, 0.362766613, -0.0349676511, 0.956293941, -1.56053397e-006, 0.292407078, 0.292407078, 5.46158093e-007, -0.956293941, 1.33262869e-006, 1, 9.78598854e-007, 0.956293978, 1.00926432e-005, 0.292406954, 0.292406954, 1.14229579e-005, -0.956293978, -1.29916862e-005, 1, 7.97254677e-006, 0, 0, 0, 0, 0, 0, 0, 0.25623999, -0.123216626, -0.185316528, -0.386083229, 0.594800844, -0.705034011, -0.885498047, -0.0247802734, 0.463867188, 0.258402303, 0.80344102, 0.536451895, 0, 0, -0, 0, 0, 0, 0, 0.31868042, -0.0694335938, -0.140783691, -0.027043045, 0.558282887, -0.829135146, 0.488647461, -0.716186523, -0.498168945, -0.871983467, -0.41854576, -0.253339245, 0, 2, 1, 1, 
497.996944, 63, 0.1, 0.1, 0.0270947994, 0.362766613, -0.034965663, 0.956293714, 4.1076832e-006, 0.29240782, 0.29240782, 4.14584544e-006, -0.956293714, -5.14042925e-006, 1, 2.76352725e-006, 0.956293761, 4.79772097e-006, 0.292407664, 0.292407664, -9.45907353e-006, -0.956293761, -1.82212504e-006, 1, -1.04485434e-005, 0, 0, 0, 0, 0, 0, 0, 0.257679272, -0.124676929, -0.184469702, -0.388142232, 0.59233932, -0.705960358, -0.886352539, -0.0301513672, 0.461914063, 0.252425229, 0.805066806, 0.536845798, 0, 0, -0, 0, 0, 0, 0, 0.31868042, -0.0694335938, -0.140783691, -0.027043045, 0.558282887, -0.829135146, 0.488647461, -0.716186523, -0.498168945, -0.871983467, -0.41854576, -0.253339245, 0, 2, 1, 1, 
497.997641, 63, 0.1, 0.1, 0.0270948005, 0.362766609, -0.0349649307, 0.956293458, 8.91912323e-006, 0.292408657, 0.292408657, -1.3241929e-005, -0.956293458, -4.65724453e-006, 1, -1.52711989e-005, 0.956293512, -2.13937634e-006, 0.292408478, 0.292408478, -1.0958766e-005, -0.956293512, 5.25030781e-006, 1, -9.85422505e-006, 0, 0, 0, 0, 0, 0, 0, 0.257679272, -0.124676929, -0.184469702, -0.388142232, 0.59233932, -0.705960358, -0.886352539, -0.0301513672, 0.461914063, 0.252425229, 0.805066806, 0.536845798, 0, 0, -0, 0, 0, 0, 0, 0.31868042, -0.0694335938, -0.140783691, -0.027043045, 0.558282887, -0.829135146, 0.488647461, -0.716186523, -0.498168945, -0.871983467, -0.41854576, -0.253339245, 0, 2, 1, 1, 
497.998341, 63, 0.1, 0.1, 0.027094801, 0.362766604, -0.0349656092, 0.956293189, -6.27618402e-006, 0.292409535, 0.292409535, 1.27345581e-005, -0.956293189, 2.27816581e-006, 1, 1.40131873e-005, 0.956293239, -9.67111017e-006, 0.292409372, 0.292409372, 1.15304156e-005, -0.956293239, 5.8768157e-006, 1, 1.38543817e-005, 0, 0, 0, 0, 0, 0, 0, 0.257679272, -0.124676929, -0.184469702, -0.388142232, 0.59233932, -0.705960358, -0.886352539, -0.0301513672, 0.461914063, 0.252425229, 0.805066806, 0.536845798, 0, 0, -0, 0, 0, 0, 0, 0.31868042, -0.0694335938, -0.140783691, -0.027043045, 0.558282887, -0.829135146, 0.488647461, -0.716186523, -0.498168945, -0.871983467, -0.41854576, -0.253339245, 0, 2, 1, 1, 
497.999051, 63, 0.1, 0.1, 0.0270947997, 0.362766601, -0.0349674079, 0.956292991, -3.97368733e-006, 0.292410184, 0.292410184, -3.25450308e-006, -0.956292991, 4.75165918e-006, 1, -1.95031184e-006, 0.956293025, 8.90231546e-007, 0.292410072, 0.292410072, -9.1460446e-006, -0.956293025, 1.82307334e-006, 1, -9.00661133e-006, 0, 0, 0, 0, 0, 0, 0, 0.257679272, -0.124676929, -0.184469702, -0.389089919, 0.589998365, -0.707362984, -0.887084961, -0.0333251953, 0.460205078, 0.248002426, 0.806673497, 0.536573585, 0, 0, -0, 0, 0, 0, 0, 0.31868042, -0.0694335938, -0.140783691, -0.027043045, 0.558282887, -0.829135146, 0.488647461, -0.716186523, -0.498168945, -0.871983467, -0.41854576, -0.253339245, 0, 2, 1, 1, 
497.999762, 63, 0.1, 0.1, 0.0270947993, 0.362766593, -0.0349694387, 0.956292878, 4.14117887e-007, 0.292410553, 0.292410553, -2.27287934e-006, -0.956292878, 2.68595919e-007, 1, -2.29463077e-006, 0.956292896, 4.73086844e-006, 0.292410493, 0.292410493, 1.11480098e-005, -0.956292896, -7.78389093e-006, 1, 9.277407e-006, 0, 0, 0, 0, 0, 0, 0, 0.258733594, -0.126800854, -0.183649243, -0.389089919, 0.589998365, -0.707362984, -0.887084961, -0.0333251953, 0.460205078, 0.248002426, 0.806673497, 0.536573585, 0, 0, -0, 0, 0, 0, 0, 0.319574365, -0.0712204102, -0.139769043, -0.0277838478, 0.556288689, -0.830394005, 0.492797852, -0.715087891, -0.495605469, -0.869606475, -0.422928611, -0.254208012, 0, 2, 1, 1, 
498.000462, 63, 0.1, 0.1, 0.0270947982, 0.362766589, -0.0349712774, 0.956292774, 2.97589581e-006, 0.292410893, 0.292410893, 1.24707251e-005, -0.956292774, -6.49240353e-006, 1, 1.105548e-005, 0.956292798, 7.30870783e-006, 0.292410815, 0.292410815, 9.1056538e-006, -0.956292798, -9.65185631e-006, 1, 6.57052593e-006, 0, 0, 0, 0, 0, 0, 0, 0.258733594, -0.126800854, -0.183649243, -0.389089919, 0.589998365, -0.707362984, -0.887084961, -0.0333251953, 0.460205078, 0.248002426, 0.806673497, 0.536573585, 0, 0, -0, 0, 0, 0, 0, 0.319574365, -0.0712204102, -0.139769043, -0.0277838478, 0.556288689, -0.830394005, 0.492797852, -0.715087891, -0.495605469, -0.869606475, -0.422928611, -0.254208012, 0, 2, 1, 1, 
498.001159, 63, 0.1, 0.1, 0.0270947979, 0.362766586, -0.0349724873, 0.956292629, 1.02114386e-005, 0.292411366, 0.292411366, -8.95909138e-006, -0.956292629, -7.14538328e-006, 1, -1.15534538e-005, 0.95629266, 8.33688328e-006, 0.292411265, 0.292411265, -9.65335129e-006, -0.95629266, -5.14975163e-006, 1, -1.16692276e-005, 0, 0, 0, 0, 0, 0, 0, 0.258733594, -0.126800854, -0.183649243, -0.389089919, 0.589998365, -0.707362984, -0.887084961, -0.0333251953, 0.460205078, 0.248002426, 0.806673497, 0.536573585, 0, 0, -0, 0, 0, 0, 0, 0.319574365, -0.0712204102, -0.139769043, -0.0277838478, 0.556288689, -0.830394005, 0.492797852, -0.715087891, -0.495605469, -0.869606475, -0.422928611, -0.254208012, 0, 2, 1, 1, 
498.001854, 63, 0.1, 0.1, 0.0270947987, 0.362766581, -0.0349728011, 0.956292481, 3.04655204e-006, 0.292411851, 0.292411851, 3.06026033e-006, -0.956292481, -3.80825119e-006, 1, 2.03565603e-006, 0.956292509, -5.41530528e-006, 0.29241176, 0.29241176, 6.26691708e-006, -0.956292509, 3.34609562e-006, 1, 7.57650481e-006, 0, 0, 0, 0, 0, 0, 0, 0.258733594, -0.126800854, -0.183649243, -0.389089919, 0.589998365, -0.707362984, -0.887084961, -0.0333251953, 0.460205078, 0.248002426, 0.806673497, 0.536573585, 0, 0, -0, 0, 0, 0, 0, 0.319574365, -0.0712204102, -0.139769043, -0.0277838478, 0.556288689, -0.830394005, 0.492797852, -0.715087891, -0.495605469, -0.869606475, -0.422928611, -0.254208012, 0, 2, 1, 1, 
498.002549, 63, 0.1, 0.1, 0.0270947989, 0.36276658, -0.0349721508, 0.956292392, -5.85758362e-006, 0.292412142, 0.292412142, 2.58088856e-006, -0.956292392, 4.8468795e-006, 1, 4.18091267e-006, 0.956292404, -5.42000856e-006, 0.292412102, 0.292412102, -8.00446272e-006, -0.956292404, 7.52371479e-006, 1, -6.06973081e-006, 0, 0, 0, 0, 0, 0, 0, 0.258733594, -0.126800854, -0.183649243, -0.389089919, 0.589998365, -0.707362984, -0.887084961, -0.0333251953, 0.460205078, 0.248002426, 0.806673497, 0.536573585, 0, 0, -0, 0, 0, 0, 0, 0.319574365, -0.0712204102, -0.139769043, -0.0277838478, 0.556288689, -0.830394005, 0.492797852, -0.715087891, -0.495605469, -0.869606475, -0.422928611, -0.254208012, 0, 2, 1, 1, 
498.003241, 63, 0.1, 0.1, 0.0270947993, 0.362766576, -0.034970854, 0.956292358, -3.78763872e-006, 0.292412254, 0.292412254, -1.3054882e-005, -0.956292358, 7.43949742e-006, 1, -1.13767319e-005, 0.956292364, -2.92785587e-006, 0.292412234, 0.292412234, -7.86586178e-006, -0.956292364, 5.09996043e-006, 1, -6.66592268e-006, 0, 0, 0, 0, 0, 0, 0, 0.258733594, -0.126800854, -0.183649243, -0.389089919, 0.589998365, -0.707362984, -0.887084961, -0.0333251953, 0.460205078, 0.248002426, 0.806673497, 0.536573585, 0, 0, -0, 0, 0, 0, 0, 0.319574365, -0.0712204102, -0.139769043, -0.0277838478, 0.556288689, -0.830394005, 0.492797852, -0.715087891, -0.495605469, -0.869606475, -0.422928611, -0.254208012, 0, 2, 1, 1, 
498.003957, 63, 0.1, 0.1, 0.0270948, 0.362766571, -0.0349692036, 0.956292304, -9.9543131e-006, 0.292412429, 0.292412429, 9.31589583e-006, -0.956292304, 6.79514928e-006, 1, 1.18194844e-005, 0.956292321, -1.0446236e-006, 0.292412373, 0.292412373, 1.26712954e-005, -0.956292321, -2.70627802e-006, 1, 1.24229233e-005, 0, 0, 0, 0, 0, 0, 0, 0.258733594, -0.126800854, -0.183649243, -0.392429858, 0.587860352, -0.707299704, -0.88671875, -0.0377197266, 0.460693359, 0.244082111, 0.80800086, 0.536192786, 0, 0, -0, 0, 0, 0, 0, 0.319574365, -0.0712204102, -0.139769043, -0.0277838478, 0.556288689, -0.830394005, 0.492797852, -0.715087891, -0.495605469, -0.869606475, -0.422928611, -0.254208012, 0, 2, 1, 1, 
498.004663, 63, 0.1, 0.1, 0.0270948001, 0.362766569, -0.0349674511, 0.956292197, 3.78103869e-006, 0.292412779, 0.292412779, -2.98457472e-006, -0.956292197, -2.74305001e-006, 1, -3.95974955e-006, 0.956292221, 8.50520444e-006, 0.292412702, 0.292412702, -8.60619026e-006, -0.956292221, -5.61690149e-006, 1, -1.07170626e-005, 0, 0, 0, 0, 0, 0, 0, 0.259443945, -0.128468774, -0.183200684, -0.392429858, 0.587860352, -0.707299704, -0.88671875, -0.0377197266, 0.460693359, 0.244082111, 0.80800086, 0.536192786, 0, 0, -0, 0, 0, 0, 0, 0.319864111, -0.0728008301, -0.139611719, -0.030831281, 0.554236888, -0.831735619, 0.496337891, -0.713745117, -0.494018555, -0.867471919, -0.42793123, -0.253121595, 0, 2, 1, 1, 
498.005365, 63, 0.1, 0.1, 0.0270948018, 0.362766563, -0.0349664364, 0.956292093, 7.75882184e-006, 0.292413119, 0.292413119, -2.56648093e-006, -0.956292093, -6.66922728e-006, 1, -4.72308672e-006, 0.956292108, 1.52701101e-006, 0.29241307, 0.29241307, 8.41471705e-006, -0.956292108, -3.92084182e-006, 1, 7.60040953e-006, 0, 0, 0, 0, 0, 0, 0, 0.259443945, -0.128468774, -0.183200684, -0.392429858, 0.587860352, -0.707299704, -0.88671875, -0.0377197266, 0.460693359, 0.244082111, 0.80800086, 0.536192786, 0, 0, -0, 0, 0, 0, 0, 0.319864111, -0.0728008301, -0.139611719, -0.030831281, 0.554236888, -0.831735619, 0.496337891, -0.713745117, -0.494018555, -0.867471919, -0.42793123, -0.253121595, 0, 2, 1, 1, 
498.006061, 63, 0.1, 0.1, 0.0270948028, 0.36276656, -0.0349664241, 0.956292063, -1.54204695e-008, 0.292413218, 0.292413218, 1.42804636e-005, -0.956292063, -4.16104985e-006, 1, 1.36608032e-005, 0.956292062, -7.16007938e-006, 0.29241322, 0.29241322, 6.36316979e-006, -0.956292062, 4.98645211e-006, 1, 8.17875063e-006, 0, 0, 0, 0, 0, 0, 0, 0.259443945, -0.128468774, -0.183200684, -0.392429858, 0.587860352, -0.707299704, -0.88671875, -0.0377197266, 0.460693359, 0.244082111, 0.80800086, 0.536192786, 0, 0, -0, 0, 0, 0, 0, 0.319864111, -0.0728008301, -0.139611719, -0.030831281, 0.554236888, -0.831735619, 0.496337891, -0.713745117, -0.494018555, -0.867471919, -0.42793123, -0.253121595, 0, 2, 1, 1, 
498.006769, 63, 0.1, 0.1, 0.027094803, 0.362766557, -0.0349673472, 0.956292076, 2.72451861e-007, 0.292413174, 0.292413174, -1.30869509e-005, -0.956292076, 3.56625331e-006, 1, -1.2594616e-005, 0.956292075, -2.98662358e-006, 0.292413181, 0.292413181, -1.41628378e-005, -0.956292074, 6.99748489e-006, 1, -1.26704814e-005, 0, 0, 0, 0, 0, 0, 0, 0.259443945, -0.128468774, -0.183200684, -0.392429858, 0.587860352, -0.707299704, -0.88671875, -0.0377197266, 0.460693359, 0.244082111, 0.80800086, 0.536192786, 0, 0, -0, 0, 0, 0, 0, 0.319864111, -0.0728008301, -0.139611719, -0.0336038282, 0.551948481, -0.833122076, 0.501464844, -0.711669922, -0.491821289, -0.864449272, -0.434186144, -0.252776346, 0, 2, 1, 1, 
498.007458, 63, 0.1, 0.1, 0.0270948031, 0.362766552, -0.0349687468, 0.956292052, -7.23772479e-006, 0.292413254, 0.292413254, 1.66581136e-006, -0.956292052, 6.43427338e-006, 1, 3.70940882e-006, 0.956292062, -6.42084461e-006, 0.292413222, 0.292413222, 8.22544211e-006, -0.956292062, 3.7349747e-006, 1, 9.74346486e-006, 0, 0, 0, 0, 0, 0, 0, 0.259443945, -0.128468774, -0.183200684, -0.392429858, 0.587860352, -0.707299704, -0.88671875, -0.0377197266, 0.460693359, 0.244082111, 0.80800086, 0.536192786, 0, 0, -0, 0, 0, 0, 0, 0.320637207, -0.0739767578, -0.139026465, -0.0336038282, 0.551948481, -0.833122076, 0.501464844, -0.711669922, -0.491821289, -0.864449272, -0.434186144, -0.252776346, 0, 2, 1, 1, 
498.008152, 63, 0.1, 0.1, 0.027094802, 0.362766551, -0.0349703723, 0.956291975, -4.35899817e-006, 0.292413506, 0.292413506, 3.06409112e-006, -0.956291975, 3.27249334e-006, 1, 4.20479569e-006, 0.956291992, 6.32501303e-006, 0.292413451, 0.292413451, -5.15619908e-006, -0.956291992, -4.54081735e-006, 1, -6.78035077e-006, 0, 0, 0, 0, 0, 0, 0, 0.259443945, -0.128468774, -0.183200684, -0.392429858, 0.587860352, -0.707299704, -0.88671875, -0.0377197266, 0.460693359, 0.244082111, 0.80800086, 0.536192786, 0, 0, -0, 0, 0, 0, 0, 0.320637207, -0.0739767578, -0.139026465, -0.0336038282, 0.551948481, -0.833122076, 0.501464844, -0.711669922, -0.491821289, -0.864449272, -0.434186144, -0.252776346, 0, 2, 1, 1, 
498.008846, 63, 0.1, 0.1, 0.0270948021, 0.362766547, -0.0349717296, 0.956291914, 6.17736631e-006, 0.292413706, 0.292413706, -8.85682382e-006, -0.956291914, -3.31750877e-006, 1, -1.02760556e-005, 0.956291921, 7.7406365e-006, 0.292413682, 0.292413682, -3.46944087e-006, -0.956291921, -6.38779617e-006, 1, -5.5812663e-006, 0, 0, 0, 0, 0, 0, 0, 0.259443945, -0.128468774, -0.183200684, -0.392429858, 0.587860352, -0.707299704, -0.88671875, -0.0377197266, 0.460693359, 0.244082111, 0.80800086, 0.536192786, 0, 0, -0, 0, 0, 0, 0, 0.320637207, -0.0739767578, -0.139026465, -0.0336038282, 0.551948481, -0.833122076, 0.501464844, -0.711669922, -0.491821289, -0.864449272, -0.434186144, -0.252776346, 0, 2, 1, 1, 
498.009553, 63, 0.1, 0.1, 0.0270948034, 0.362766542, -0.0349722419, 0.956291913, 8.75807895e-007, 0.292413708, 0.292413708, 1.15996986e-005, -0.956291913, -4.2294389e-006, 1, 1.08365998e-005, 0.956291909, -1.37987096e-006, 0.292413721, 0.292413721, 1.13348259e-005, -0.956291909, -1.99489919e-006, 1, 1.12428955e-005, 0, 0, 0, 0, 0, 0, 0, 0.260596875, -0.129956909, -0.182566846, -0.395757815, 0.584834183, -0.707978926, -0.88671875, -0.0430908203, 0.460083008, 0.238676794, 0.809963261, 0.535805997, 0, 0, -0, 0, 0, 0, 0, 0.320637207, -0.0739767578, -0.139026465, -0.0336038282, 0.551948481, -0.833122076, 0.501464844, -0.711669922, -0.491821289, -0.864449272, -0.434186144, -0.252776346, 0, 2, 1, 1, 
498.010263, 63, 0.1, 0.1, 0.0270948044, 0.362766541, -0.0349718227, 0.956291935, 3.080875e-006, 0.292413636, 0.292413636, -4.01396999e-006, -0.956291935, -1.77247636e-006, 1, -4.73941699e-006, 0.956291932, -2.58631415e-006, 0.292413646, 0.292413645, -1.1612283e-005, -0.956291932, 5.86886137e-006, 1, -1.0348459e-005, 0, 0, 0, 0, 0, 0, 0, 0.260596875, -0.129956909, -0.182566846, -0.395757815, 0.584834183, -0.707978926, -0.88671875, -0.0430908203, 0.460083008, 0.238676794, 0.809963261, 0.535805997, 0, 0, -0, 0, 0, 0, 0, 0.320637207, -0.0739767578, -0.139026465, -0.0336038282, 0.551948481, -0.833122076, 0.501464844, -0.711669922, -0.491821289, -0.864449272, -0.434186144, -0.252776346, 0, 2, 1, 1, 
498.010957, 63, 0.1, 0.1, 0.0270948059, 0.362766536, -0.034970782, 0.956291911, -2.72587517e-006, 0.292413715, 0.292413714, -7.92775089e-006, -0.956291911, 4.92491546e-006, 1, -6.78416077e-006, 0.95629192, -9.02435524e-006, 0.292413685, 0.292413685, 1.46760331e-006, -0.95629192, 8.20077071e-006, 1, 4.04230216e-006, 0, 0, 0, 0, 0, 0, 0, 0.260596875, -0.129956909, -0.182566846, -0.395757815, 0.584834183, -0.707978926, -0.88671875, -0.0430908203, 0.460083008, 0.238676794, 0.809963261, 0.535805997, 0, 0, -0, 0, 0, 0, 0, 0.320637207, -0.0739767578, -0.139026465, -0.0336038282, 0.551948481, -0.833122076, 0.501464844, -0.711669922, -0.491821289, -0.864449272, -0.434186144, -0.252776346, 0, 2, 1, 1, 
498.011679, 63, 0.1, 0.1, 0.0270948059, 0.362766533, -0.0349692124, 0.95629184, -1.09054571e-005, 0.292413947, 0.292413947, 1.03881359e-005, -0.95629184, 7.3911638e-006, 1, 1.31229973e-005, 0.956291853, -7.21339246e-006, 0.292413904, 0.292413904, 5.99887979e-006, -0.956291853, 5.14395259e-006, 1, 7.84597612e-006, 0, 0, 0, 0, 0, 0, 0, 0.261536816, -0.130993799, -0.181711841, -0.398838645, 0.581909486, -0.708721426, -0.886962891, -0.048828125, 0.458984375, 0.232490786, 0.811785999, 0.535800005, 0, 0, -0, 0, 0, 0, 0, 0.321193896, -0.0746898438, -0.13821333, -0.0364274147, 0.550088078, -0.834176411, 0.507324219, -0.708984375, -0.489624023, -0.860941019, -0.441009786, -0.253255389, 0, 2, 1, 1, 
498.012374, 63, 0.1, 0.1, 0.0270948056, 0.362766531, -0.0349678028, 0.956291803, -1.64272616e-006, 0.292414069, 0.292414069, -1.16403241e-005, -0.956291803, 4.97472009e-006, 1, -1.06511903e-005, 0.956291805, 6.85612513e-006, 0.292414063, 0.292414063, -9.55080241e-006, -0.956291805, -3.76366734e-006, 1, -1.11381815e-005, 0, 0, 0, 0, 0, 0, 0, 0.261536816, -0.130993799, -0.181711841, -0.398838645, 0.581909486, -0.708721426, -0.886962891, -0.048828125, 0.458984375, 0.232490786, 0.811785999, 0.535800005, 0, 0, -0, 0, 0, 0, 0, 0.321193896, -0.0746898438, -0.13821333, -0.0364274147, 0.550088078, -0.834176411, 0.507324219, -0.708984375, -0.489624023, -0.860941019, -0.441009786, -0.253255389, 0, 2, 1, 1, 
498.013072, 63, 0.1, 0.1, 0.0270948062, 0.362766525, -0.0349670079, 0.956291831, 2.866236e-006, 0.292413976, 0.292413976, 6.11498551e-006, -0.956291831, -4.5290653e-006, 1, 5.00958323e-006, 0.956291822, 3.75266527e-006, 0.292414005, 0.292414005, 1.35841205e-005, -0.956291822, -7.5608302e-006, 1, 1.18930515e-005, 0, 0, 0, 0, 0, 0, 0, 0.261536816, -0.130993799, -0.181711841, -0.398838645, 0.581909486, -0.708721426, -0.886962891, -0.048828125, 0.458984375, 0.232490786, 0.811785999, 0.535800005, 0, 0, -0, 0, 0, 0, 0, 0.321193896, -0.0746898438, -0.13821333, -0.0364274147, 0.550088078, -0.834176411, 0.507324219, -0.708984375, -0.489624023, -0.860941019, -0.441009786, -0.253255389, 0, 2, 1, 1, 
498.013765, 63, 0.1, 0.1, 0.0270948058, 0.362766524, -0.0349670414, 0.956291867, 5.80198886e-006, 0.292413861, 0.292413861, 6.6218475e-006, -0.956291867, -7.48471475e-006, 1, 4.63583695e-006, 0.956291864, 6.80828367e-006, 0.292413869, 0.292413869, -5.42638678e-006, -0.956291864, -4.92395553e-006, 1, -7.18004609e-006, 0, 0, 0, 0, 0, 0, 0, 0.261536816, -0.130993799, -0.181711841, -0.398838645, 0.581909486, -0.708721426, -0.886962891, -0.048828125, 0.458984375, 0.232490786, 0.811785999, 0.535800005, 0, 0, -0, 0, 0, 0, 0, 0.321193896, -0.0746898438, -0.13821333, -0.0364274147, 0.550088078, -0.834176411, 0.507324219, -0.708984375, -0.489624023, -0.860941019, -0.441009786, -0.253255389, 0, 2, 1, 1, 
498.014462, 63, 0.1, 0.1, 0.0270948067, 0.362766521, -0.034967826, 0.956291839, 7.75981093e-006, 0.292413951, 0.292413951, -1.16782976e-005, -0.956291839, -4.00574672e-006, 1, -1.34369377e-005, 0.956291851, -2.0326511e-006, 0.292413913, 0.292413913, -9.03222577e-006, -0.95629185, 4.58495617e-006, 1, -8.04306843e-006, 0, 0, 0, 0, 0, 0, 0, 0.261536816, -0.130993799, -0.181711841, -0.398838645, 0.581909486, -0.708721426, -0.886962891, -0.048828125, 0.458984375, 0.232490786, 0.811785999, 0.535800005, 0, 0, -0, 0, 0, 0, 0, 0.321193896, -0.0746898438, -0.13821333, -0.0364274147, 0.550088078, -0.834176411, 0.507324219, -0.708984375, -0.489624023, -0.860941019, -0.441009786, -0.253255389, 0, 2, 1, 1, 
498.015157, 63, 0.1, 0.1, 0.0270948074, 0.362766517, -0.0349690994, 0.956291777, -7.37433745e-006, 0.292414153, 0.292414153, 9.43032843e-006, -0.956291777, 4.29445676e-006, 1, 1.11745062e-005, 0.956291788, -1.01111296e-005, 0.292414117, 0.292414117, 8.70138382e-006, -0.956291788, 7.1247827e-006, 1, 1.12776989e-005, 0, 0, 0, 0, 0, 0, 0, 0.261536816, -0.130993799, -0.181711841, -0.398838645, 0.581909486, -0.708721426, -0.886962891, -0.048828125, 0.458984375, 0.232490786, 0.811785999, 0.535800005, 0, 0, -0, 0, 0, 0, 0, 0.321193896, -0.0746898438, -0.13821333, -0.0364274147, 0.550088078, -0.834176411, 0.507324219, -0.708984375, -0.489624023, -0.860941019, -0.441009786, -0.253255389, 0, 2, 1, 1, 
498.015854, 63, 0.1, 0.1, 0.027094807, 0.362766516, -0.0349704573, 0.956291757, -5.86814303e-006, 0.29241422, 0.29241422, -6.1432469e-006, -0.956291757, 7.40802955e-006, 1, -4.1588079e-006, 0.956291756, -1.60895809e-006, 0.292414224, 0.292414224, -1.10457318e-005, -0.956291756, 4.76856246e-006, 1, -1.00924601e-005, 0, 0, 0, 0, 0, 0, 0, 0.261536816, -0.130993799, -0.181711841, -0.398838645, 0.581909486, -0.708721426, -0.886962891, -0.048828125, 0.458984375, 0.232490786, 0.811785999, 0.535800005, 0, 0, -0, 0, 0, 0, 0, 0.321193896, -0.0746898438, -0.13821333, -0.0364274147, 0.550088078, -0.834176411, 0.507324219, -0.708984375, -0.489624023, -0.860941019, -0.441009786, -0.253255389, 0, 2, 1, 1, 
498.01658, 63, 0.1, 0.1, 0.0270948074, 0.36276651, -0.0349712278, 0.956291795, -2.23594886e-006, 0.292414093, 0.292414093, -5.83576923e-006, -0.956291795, 3.84468071e-006, 1, -4.92687527e-006, 0.956291786, 1.99597682e-006, 0.292414124, 0.292414124, 6.75333332e-006, -0.956291786, -3.88350629e-006, 1, 5.87450537e-006, 0, 0, 0, 0, 0, 0, 0, 0.262163794, -0.131721875, -0.181834863, -0.403803249, 0.580742004, -0.706823426, -0.885864258, -0.0551757813, 0.460571289, 0.228457016, 0.812218094, 0.536858903, 0, 0, -0, 0, 0, 0, 0, 0.321387695, -0.075311377, -0.138427783, -0.0411423874, 0.549377891, -0.83442541, 0.51159668, -0.705688477, -0.489868164, -0.858122529, -0.447098823, -0.252054133, 0, 2, 1, 1, 
498.017273, 63, 0.1, 0.1, 0.0270948072, 0.362766508, -0.0349713481, 0.956291822, -1.70190364e-007, 0.292414008, 0.292414008, 1.10467731e-005, -0.956291822, -3.06747954e-006, 1, 1.06137048e-005, 0.956291821, 4.13140403e-006, 0.29241401, 0.29241401, 7.29562483e-006, -0.956291821, -6.08417079e-006, 1, 5.76866594e-006, 0, 0, 0, 0, 0, 0, 0, 0.262163794, -0.131721875, -0.181834863, -0.403803249, 0.580742004, -0.706823426, -0.885864258, -0.0551757813, 0.460571289, 0.228457016, 0.812218094, 0.536858903, 0, 0, -0, 0, 0, 0, 0, 0.321387695, -0.075311377, -0.138427783, -0.0411423874, 0.549377891, -0.83442541, 0.51159668, -0.705688477, -0.489868164, -0.858122529, -0.447098823, -0.252054133, 0, 2, 1, 1, 
498.018003, 63, 0.1, 0.1, 0.0270948074, 0.362766506, -0.0349707447, 0.956291787, 9.85275355e-006, 0.292414121, 0.292414121, -8.85217501e-006, -0.956291787, -6.83360633e-006, 1, -1.13463465e-005, 0.956291798, 7.76272311e-006, 0.292414084, 0.292414084, -1.02786455e-005, -0.956291798, -4.41780774e-006, 1, -1.20993139e-005, 0, 0, 0, 0, 0, 0, 0, 0.262163794, -0.131721875, -0.181834863, -0.403803249, 0.580742004, -0.706823426, -0.885864258, -0.0551757813, 0.460571289, 0.228457016, 0.812218094, 0.536858903, 0, 0, -0, 0, 0, 0, 0, 0.321387695, -0.075311377, -0.138427783, -0.0411423874, 0.549377891, -0.83442541, 0.51159668, -0.705688477, -0.489868164, -0.858122529, -0.447098823, -0.252054133, 0, 2, 1, 1, 
498.018711, 63, 0.1, 0.1, 0.0270948086, 0.362766501, -0.034969588, 0.956291733, 3.0187633e-006, 0.292414298, 0.292414298, 5.89514971e-006, -0.956291733, -4.61064445e-006, 1, 4.75475338e-006, 0.956291742, -6.83627939e-006, 0.292414267, 0.292414267, 9.41221795e-006, -0.956291742, 3.78521072e-006, 1, 1.09998519e-005, 0, 0, 0, 0, 0, 0, 0, 0.262163794, -0.131721875, -0.181834863, -0.403803249, 0.580742004, -0.706823426, -0.885864258, -0.0551757813, 0.460571289, 0.228457016, 0.812218094, 0.536858903, 0, 0, -0, 0, 0, 0, 0, 0.321387695, -0.075311377, -0.138427783, -0.0411423874, 0.549377891, -0.83442541, 0.51159668, -0.705688477, -0.489868164, -0.858122529, -0.447098823, -0.252054133, 0, 2, 1, 1, 
498.01942, 63, 0.1, 0.1, 0.0270948088, 0.3627665, -0.0349682939, 0.956291734, -7.3013161e-006, 0.292414294, 0.292414294, 4.98354506e-006, -0.956291734, 5.52492843e-006, 1, 6.90073214e-006, 0.956291729, -6.89593066e-006, 0.292414311, 0.292414311, -7.02579311e-006, -0.956291729, 8.64896391e-006, 1, -4.70223902e-006, 0, 0, 0, 0, 0, 0, 0, 0.262163794, -0.131721875, -0.181834863, -0.403803249, 0.580742004, -0.706823426, -0.885864258, -0.0551757813, 0.460571289, 0.228457016, 0.812218094, 0.536858903, 0, 0, -0, 0, 0, 0, 0, 0.321387695, -0.075311377, -0.138427783, -0.0411423874, 0.549377891, -0.83442541, 0.51159668, -0.705688477, -0.489868164, -0.858122529, -0.447098823, -0.252054133, 0, 2, 1, 1, 
498.020123, 63, 0.1, 0.1, 0.0270948095, 0.362766496, -0.034967367, 0.956291786, -4.81325866e-006, 0.292414124, 0.292414124, -1.51144636e-005, -0.956291786, 9.02256234e-006, 1, -1.30463726e-005, 0.956291776, -3.89680706e-006, 0.292414157, 0.292414157, -8.90496321e-006, -0.956291776, 6.33042185e-006, 1, -7.37626153e-006, 0, 0, 0, 0, 0, 0, 0, 0.262163794, -0.131721875, -0.181834863, -0.403803249, 0.580742004, -0.706823426, -0.885864258, -0.0551757813, 0.460571289, 0.228457016, 0.812218094, 0.536858903, 0, 0, -0, 0, 0, 0, 0, 0.321387695, -0.075311377, -0.138427783, -0.0411423874, 0.549377891, -0.83442541, 0.51159668, -0.705688477, -0.489868164, -0.858122529, -0.447098823, -0.252054133, 0, 2, 1, 1, 
498.020816, 63, 0.1, 0.1, 0.02709481, 0.362766493, -0.0349671525, 0.956291808, -9.60194608e-006, 0.292414051, 0.292414051, 8.71516925e-006, -0.956291808, 6.63382444e-006, 1, 1.11419889e-005, 0.956291809, -1.45945481e-006, 0.292414048, 0.292414048, 1.17845034e-005, -0.956291809, -2.05028966e-006, 1, 1.16961892e-005, 0, 0, 0, 0, 0, 0, 0, 0.262163794, -0.131721875, -0.181834863, -0.403803249, 0.580742004, -0.706823426, -0.885864258, -0.0551757813, 0.460571289, 0.228457016, 0.812218094, 0.536858903, 0, 0, -0, 0, 0, 0, 0, 0.321387695, -0.075311377, -0.138427783, -0.0411423874, 0.549377891, -0.83442541, 0.51159668, -0.705688477, -0.489868164, -0.858122529, -0.447098823, -0.252054133, 0, 2, 1, 1, 
498.021532, 63, 0.1, 0.1, 0.0270948097, 0.362766492, -0.0349674635, 0.956291764, 4.75021673e-006, 0.292414196, 0.292414196, -5.57310485e-006, -0.956291764, -2.91293816e-006, 1, -6.71854508e-006, 0.956291776, 9.45924927e-006, 0.292414157, 0.292414157, -1.11451707e-005, -0.956291776, -5.78679658e-006, 1, -1.34240535e-005, 0, 0, 0, 0, 0, 0, 0, 0.262389575, -0.132688818, -0.182000488, -0.40795496, 0.579251011, -0.705700127, -0.884643555, -0.0598144531, 0.462402344, 0.225654008, 0.812948612, 0.536928174, 0, 0, -0, 0, 0, 0, 0, 0.321430762, -0.0763984375, -0.138673486, -0.0443815845, 0.547709619, -0.835357977, 0.514038086, -0.704467773, -0.489257812, -0.856499099, -0.451079189, -0.250188267, 0, 2, 1, 1, 
498.022223, 63, 0.1, 0.1, 0.0270948111, 0.362766488, -0.0349684024, 0.956291715, 7.44763032e-006, 0.292414355, 0.292414355, -3.54317346e-006, -0.956291715, -6.08603239e-006, 1, -5.56610144e-006, 0.95629172, 1.69921083e-006, 0.292414339, 0.292414339, 6.38293953e-006, -0.95629172, -3.49140429e-006, 1, 5.60707861e-006, 0, 0, 0, 0, 0, 0, 0, 0.262389575, -0.132688818, -0.182000488, -0.40795496, 0.579251011, -0.705700127, -0.884643555, -0.0598144531, 0.462402344, 0.225654008, 0.812948612, 0.536928174, 0, 0, -0, 0, 0, 0, 0, 0.321430762, -0.0763984375, -0.138673486, -0.0443815845, 0.547709619, -0.835357977, 0.514038086, -0.704467773, -0.489257812, -0.856499099, -0.451079189, -0.250188267, 0, 2, 1, 1, 
498.022917, 63, 0.1, 0.1, 0.0270948119, 0.362766486, -0.0349696835, 0.956291728, -2.59622049e-007, 0.292414315, 0.292414315, 1.24874878e-005, -0.956291727, -3.40324577e-006, 1, 1.20175984e-005, 0.956291719, -6.57812543e-006, 0.292414342, 0.292414342, 5.10934768e-006, -0.956291719, 4.79656033e-006, 1, 6.80956509e-006, 0, 0, 0, 0, 0, 0, 0, 0.262389575, -0.132688818, -0.182000488, -0.40795496, 0.579251011, -0.705700127, -0.884643555, -0.0598144531, 0.462402344, 0.225654008, 0.812948612, 0.536928174, 0, 0, -0, 0, 0, 0, 0, 0.321430762, -0.0763984375, -0.138673486, -0.0443815845, 0.547709619, -0.835357977, 0.514038086, -0.704467773, -0.489257812, -0.856499099, -0.451079189, -0.250188267, 0, 2, 1, 1, 
498.023638, 63, 0.1, 0.1, 0.0270948122, 0.362766484, -0.034970828, 0.956291775, -2.86910676e-007, 0.292414159, 0.292414159, -1.11823607e-005, -0.956291775, 3.54425092e-006, 1, -1.06097028e-005, 0.956291767, -3.1686637e-006, 0.292414188, 0.292414188, -1.2397283e-005, -0.956291766, 6.65530843e-006, 1, -1.09288574e-005, 0, 0, 0, 0, 0, 0, 0, 0.262250659, -0.134313281, -0.181748682, -0.410639644, 0.578001154, -0.705091299, -0.883544922, -0.0612792969, 0.464233398, 0.225090485, 0.813640938, 0.536090193, 0, 0, -0, 0, 0, 0, 0, 0.321430762, -0.0763984375, -0.138673486, -0.0469627344, 0.545964787, -0.836386426, 0.515869141, -0.703613281, -0.48840332, -0.855297477, -0.454331146, -0.248577963, 0, 2, 1, 1, 
498.02433, 63, 0.1, 0.1, 0.0270948125, 0.362766479, -0.0349712977, 0.956291783, -7.36595096e-006, 0.292414134, 0.292414134, 2.45021173e-006, -0.956291783, 6.32752183e-006, 1, 4.49702552e-006, 0.956291786, -6.68536654e-006, 0.292414123, 0.292414123, 8.5059145e-006, -0.956291786, 3.90591158e-006, 1, 1.00890318e-005, 0, 0, 0, 0, 0, 0, 0, 0.262250659, -0.134313281, -0.181748682, -0.410639644, 0.578001154, -0.705091299, -0.883544922, -0.0612792969, 0.464233398, 0.225090485, 0.813640938, 0.536090193, 0, 0, -0, 0, 0, 0, 0, 0.321062012, -0.0776984863, -0.138707666, -0.0469627344, 0.545964787, -0.836386426, 0.515869141, -0.703613281, -0.48840332, -0.855297477, -0.454331146, -0.248577963, 0, 2, 1, 1, 
498.025023, 63, 0.1, 0.1, 0.0270948117, 0.362766478, -0.0349712865, 0.956291738, -5.31897086e-006, 0.29241428, 0.29241428, 4.79759865e-006, -0.956291738, 3.68360153e-006, 1, 6.14324699e-006, 0.956291749, 5.12115321e-006, 0.292414245, 0.292414245, -3.22356649e-006, -0.956291749, -3.9546998e-006, 1, -4.58016819e-006, 0, 0, 0, 0, 0, 0, 0, 0.262250659, -0.134313281, -0.181748682, -0.410639644, 0.578001154, -0.705091299, -0.883544922, -0.0612792969, 0.464233398, 0.225090485, 0.813640938, 0.536090193, 0, 0, -0, 0, 0, 0, 0, 0.321062012, -0.0776984863, -0.138707666, -0.0469627344, 0.545964787, -0.836386426, 0.515869141, -0.703613281, -0.48840332, -0.855297477, -0.454331146, -0.248577963, 0, 2, 1, 1, 
498.025716, 63, 0.1, 0.1, 0.0270948118, 0.362766474, -0.0349708392, 0.956291706, 6.20478402e-006, 0.292414386, 0.292414387, -8.61962185e-006, -0.956291706, -3.41308206e-006, 1, -1.0057241e-005, 0.956291707, 7.68441711e-006, 0.292414381, 0.292414381, -2.95553179e-006, -0.956291708, -6.48430436e-006, 1, -5.07338461e-006, 0, 0, 0, 0, 0, 0, 0, 0.262250659, -0.134313281, -0.181748682, -0.410639644, 0.578001154, -0.705091299, -0.883544922, -0.0612792969, 0.464233398, 0.225090485, 0.813640938, 0.536090193, 0, 0, -0, 0, 0, 0, 0, 0.321062012, -0.0776984863, -0.138707666, -0.0469627344, 0.545964787, -0.836386426, 0.515869141, -0.703613281, -0.48840332, -0.855297477, -0.454331146, -0.248577963, 0, 2, 1, 1, 
