time, trialNum, realDorsalTactorPos, realVentralTactorPos, boxPosX, boxPosY, boxPosZ, boxLocalRot_11, boxLocalRot_12, boxLocalRot_13, boxLocalRot_21, boxLocalRot_22, boxLocalRot_23, boxLocalRot_31, boxLocalRot_32, boxLocalRot_33, boxGlobalRot_11, boxGlobalRot_12, boxGlobalRot_13, boxGlobalRot_21, boxGlobalRot_22, boxGlobalRot_23, boxGlobalRot_31, boxGlobalRot_32, boxGlobalRot_33, indexForceX, indexForceY, indexForceZ, indexForceGlobalX, indexForceGlobalY, indexForceGlobalZ, indexContact, indexPosX, indexPosY, indexPosZ, indexRot_11, indexRot_12, indexRot_13, indexRot_21, indexRot_22, indexRot_23, indexRot_31, indexRot_32, indexRot_33, thumbForceX, thumbForceY, thumbForceZ, thumbForceGlobalX, thumbForceGlobalY, thumbForceGlobalZ, thumbContact, thumbPosX, thumbPosY, thumbPosZ, thumbRot_11, thumbRot_12, thumbRot_13, thumbRot_21, thumbRot_22, thumbRot_23, thumbRot_31, thumbRot_32, thumbRot_33, manipForceTooHigh, cceExpType, mapping, trialSuccess, 
351.12484, 41, 0.1, 0.1, 0.020508953, 0.375516399, -0.0349847076, 0.965316662, 2.62212178e-006, 0.261081868, 0.261081868, 4.45505387e-007, -0.965316662, -2.64749122e-006, 1, -2.54534679e-007, 0.965316671, 1.71912366e-006, 0.261081837, 0.261081837, -7.69560672e-007, -0.965316671, -1.45858041e-006, 1, -1.19170171e-006, 0, 0, 0, 0, 0, 0, 0, 0.288078979, -0.131207153, -0.210007788, -0.279381593, 0.698361581, -0.658991481, -0.823974609, 0.177734375, 0.537841797, 0.492764827, 0.693355924, 0.525946085, 0, 0, -0, 0, 0, 0, 0, 0.355554736, -0.091234082, -0.176363037, 0.0409677013, 0.359659346, -0.932090928, 0.426147461, -0.850097656, -0.309326172, -0.903621946, -0.384433202, -0.188182596, 0, 2, 3, 1, 
351.172065, 41, 0.1, 0.1, 0.0205089564, 0.375516384, -0.0349746082, 0.965315371, -1.25396321e-005, 0.261086642, 0.261086641, -1.11613798e-005, -0.965315371, 1.50187868e-005, 1, -7.50032109e-006, 0.965315373, -1.43935583e-005, 0.261086634, 0.261086634, -1.64661173e-005, -0.965315373, 1.81934063e-005, 1, -1.21370304e-005, 0, 0, 0, 0, 0, 0, 0, 0.299850977, -0.151926953, -0.207274854, -0.32508297, 0.670653892, -0.666632534, -0.840332031, 0.118408203, 0.528808594, 0.433634345, 0.732226541, 0.52530243, 0, 0, -0, 0, 0, 0, 0, 0.363270898, -0.107054395, -0.174797607, 0.0248399137, 0.330358114, -0.943431582, 0.495605469, -0.823608398, -0.275390625, -0.868126004, -0.46066754, -0.184219353, 0, 2, 3, 1, 
351.172792, 41, 0.1, 0.1, 0.0205089541, 0.375516382, -0.0349737888, 0.965315391, 1.11062328e-005, 0.261086566, 0.261086566, 1.62232867e-006, -0.965315391, -1.11445856e-005, 1, -1.33362934e-006, 0.965315384, 1.40942525e-005, 0.261086595, 0.261086595, 2.85590161e-006, -0.965315384, -1.43510364e-005, 1, -9.22974644e-007, 0, 0, 0, 0, 0, 0, 0, 0.300839624, -0.153167554, -0.206233228, -0.327268531, 0.668040723, -0.668098439, -0.842163086, 0.114257812, 0.526855469, 0.428418867, 0.735235857, 0.525411014, 0, 0, -0, 0, 0, 0, 0, 0.363270898, -0.107054395, -0.174797607, 0.0243229576, 0.328012105, -0.944243114, 0.502197266, -0.820678711, -0.272094727, -0.864375314, -0.467542222, -0.184672876, 0, 2, 3, 1, 
351.173536, 41, 0.1, 0.1, 0.0205089584, 0.375516383, -0.0349709569, 0.965315411, -1.40072214e-005, 0.261086493, 0.261086493, -1.91945225e-006, -0.965315411, 1.40225298e-005, 1, 1.80421947e-006, 0.96531541, -1.73917757e-005, 0.261086499, 0.261086499, -7.72566651e-006, -0.96531541, 1.88056163e-005, 1, -2.91694711e-006, 0, 0, 0, 0, 0, 0, 0, 0.300839624, -0.153167554, -0.206233228, -0.327268531, 0.668040723, -0.668098439, -0.842163086, 0.114257812, 0.526855469, 0.428418867, 0.735235857, 0.525411014, 0, 0, -0, 0, 0, 0, 0, 0.363985303, -0.107800684, -0.173967871, 0.0243229576, 0.328012105, -0.944243114, 0.502197266, -0.820678711, -0.272094727, -0.864375314, -0.467542222, -0.184672876, 0, 2, 3, 1, 
351.174229, 41, 0.1, 0.1, 0.0205089541, 0.375516382, -0.0349680112, 0.965315428, 1.49309806e-005, 0.261086432, 0.261086432, 1.34270698e-005, -0.965315428, -1.79187317e-005, 1, 9.06308112e-006, 0.965315427, 2.12730272e-005, 0.261086434, 0.261086434, 4.69084935e-006, -0.965315427, -2.17598984e-005, 1, -1.02594955e-006, 0, 0, 0, 0, 0, 0, 0, 0.300839624, -0.153167554, -0.206233228, -0.327268531, 0.668040723, -0.668098439, -0.842163086, 0.114257812, 0.526855469, 0.428418867, 0.735235857, 0.525411014, 0, 0, -0, 0, 0, 0, 0, 0.363985303, -0.107800684, -0.173967871, 0.0243229576, 0.328012105, -0.944243114, 0.502197266, -0.820678711, -0.272094727, -0.864375314, -0.467542222, -0.184672876, 0, 2, 3, 1, 
351.17493, 41, 0.1, 0.1, 0.0205089572, 0.375516383, -0.0349657062, 0.965315376, -7.96766688e-006, 0.261086625, 0.261086624, -2.14394854e-005, -0.965315375, 1.32888742e-005, 1, -1.86156136e-005, 0.965315392, -1.42287979e-005, 0.261086562, 0.261086562, -1.57346746e-005, -0.965315392, 1.78433897e-005, 1, -1.14739757e-005, 0, 0, 0, 0, 0, 0, 0, 0.300839624, -0.153167554, -0.206233228, -0.327268531, 0.668040723, -0.668098439, -0.842163086, 0.114257812, 0.526855469, 0.428418867, 0.735235857, 0.525411014, 0, 0, -0, 0, 0, 0, 0, 0.363985303, -0.107800684, -0.173967871, 0.0243229576, 0.328012105, -0.944243114, 0.502197266, -0.820678711, -0.272094727, -0.864375314, -0.467542222, -0.184672876, 0, 2, 3, 1, 
351.175628, 41, 0.1, 0.1, 0.0205089526, 0.375516381, -0.0349647332, 0.965315244, 1.07255818e-005, 0.261087111, 0.261087111, 3.12403597e-005, -0.965315244, -1.85100229e-005, 0.999999999, 2.73564843e-005, 0.965315279, 1.84823897e-005, 0.261086983, 0.261086982, 2.20232143e-005, -0.965315279, -2.35913078e-005, 1, 1.64338339e-005, 0, 0, 0, 0, 0, 0, 0, 0.300839624, -0.153167554, -0.206233228, -0.327268531, 0.668040723, -0.668098439, -0.842163086, 0.114257812, 0.526855469, 0.428418867, 0.735235857, 0.525411014, 0, 0, -0, 0, 0, 0, 0, 0.363985303, -0.107800684, -0.173967871, 0.0243229576, 0.328012105, -0.944243114, 0.502197266, -0.820678711, -0.272094727, -0.864375314, -0.467542222, -0.184672876, 0, 2, 3, 1, 
351.176321, 41, 0.1, 0.1, 0.0205089575, 0.375516378, -0.0349652529, 0.965315031, -1.09535951e-005, 0.2610879, 0.2610879, -2.32652615e-005, -0.96531503, 1.66479483e-005, 1, -1.95984555e-005, 0.965315079, -2.03174932e-005, 0.26108772, 0.26108772, -4.30893932e-006, -0.965315079, 2.07377937e-005, 1, 1.14516388e-006, 0, 0, 0, 0, 0, 0, 0, 0.300839624, -0.153167554, -0.206233228, -0.327268531, 0.668040723, -0.668098439, -0.842163086, 0.114257812, 0.526855469, 0.428418867, 0.735235857, 0.525411014, 0, 0, -0, 0, 0, 0, 0, 0.363985303, -0.107800684, -0.173967871, 0.0243229576, 0.328012105, -0.944243114, 0.502197266, -0.820678711, -0.272094727, -0.864375314, -0.467542222, -0.184672876, 0, 2, 3, 1, 
351.177018, 41, 0.1, 0.1, 0.0205089507, 0.375516388, -0.0349670507, 0.965314735, 2.18797588e-005, 0.261088993, 0.261088993, -1.41134295e-005, -0.965314735, -1.74359925e-005, 1, -1.93364657e-005, 0.965314796, 2.83354025e-005, 0.261088767, 0.261088768, -2.60353966e-005, -0.965314796, -2.05550336e-005, 0.999999999, -3.25304089e-005, 0, 0, 0, 0, 0, 0, 0, 0.300839624, -0.153167554, -0.206233228, -0.327268531, 0.668040723, -0.668098439, -0.842163086, 0.114257812, 0.526855469, 0.428418867, 0.735235857, 0.525411014, 0, 0, -0, 0, 0, 0, 0, 0.363985303, -0.107800684, -0.173967871, 0.0243229576, 0.328012105, -0.944243114, 0.502197266, -0.820678711, -0.272094727, -0.864375314, -0.467542222, -0.184672876, 0, 2, 3, 1, 
351.17773, 41, 0.1, 0.1, 0.0205089572, 0.375516378, -0.0349695043, 0.965314432, -2.87058376e-005, 0.26109011, 0.261090111, 4.8622858e-005, -0.965314431, 1.50152119e-005, 0.999999998, 5.44311569e-005, 0.965314485, -3.01026161e-005, 0.261089915, 0.261089916, 4.50570926e-005, -0.965314484, 1.72945389e-005, 0.999999999, 5.13537536e-005, 0, 0, 0, 0, 0, 0, 0, 0.30139668, -0.154648364, -0.205230176, -0.329174766, 0.665084947, -0.670281757, -0.843994141, 0.111083984, 0.524658203, 0.423406332, 0.738423028, 0.524891674, 0, 0, -0, 0, 0, 0, 0, 0.363985303, -0.107800684, -0.173967871, 0.0243229576, 0.328012105, -0.944243114, 0.502197266, -0.820678711, -0.272094727, -0.864375314, -0.467542222, -0.184672876, 0, 2, 3, 1, 
351.178436, 41, 0.1, 0.1, 0.0205089575, 0.37551637, -0.0349716138, 0.96531422, 1.18244763e-005, 0.261090896, 0.261090896, -1.40843819e-005, -0.96531422, -7.73703127e-006, 1, -1.66831172e-005, 0.96531425, 9.80440608e-006, 0.261090786, 0.261090785, 9.99460962e-006, -0.96531425, -1.20738334e-005, 1, 7.08809901e-006, 0, 0, 0, 0, 0, 0, 0, 0.30139668, -0.154648364, -0.205230176, -0.329174766, 0.665084947, -0.670281757, -0.843994141, 0.111083984, 0.524658203, 0.423406332, 0.738423028, 0.524891674, 0, 0, -0, 0, 0, 0, 0, 0.364479395, -0.109017627, -0.173367725, 0.0241508833, 0.324746288, -0.945374008, 0.506835937, -0.819091797, -0.268432617, -0.861570318, -0.472672439, -0.18442351, 0, 2, 3, 1, 
351.179137, 41, 0.1, 0.1, 0.0205089541, 0.375516385, -0.0349730098, 0.9653141, 1.23344605e-005, 0.261091341, 0.261091341, -4.29846786e-005, -0.965314099, -6.83701243e-007, 0.999999999, -4.47141372e-005, 0.965314126, 1.35155472e-005, 0.261091246, 0.261091246, -4.92814497e-005, -0.965314124, -1.79793495e-007, 0.999999999, -5.11008706e-005, 0, 0, 0, 0, 0, 0, 0, 0.30139668, -0.154648364, -0.205230176, -0.329174766, 0.665084947, -0.670281757, -0.843994141, 0.111083984, 0.524658203, 0.423406332, 0.738423028, 0.524891674, 0, 0, -0, 0, 0, 0, 0, 0.364479395, -0.109017627, -0.173367725, 0.0241508833, 0.324746288, -0.945374008, 0.506835937, -0.819091797, -0.268432617, -0.861570318, -0.472672439, -0.18442351, 0, 2, 3, 1, 
351.179836, 41, 0.1, 0.1, 0.0205089543, 0.375516385, -0.0349733968, 0.965313987, -7.82775963e-006, 0.261091757, 0.261091757, 2.81727093e-005, -0.965313987, 2.00583676e-007, 1, 2.92392739e-005, 0.965314011, -1.68897548e-006, 0.261091669, 0.261091669, 2.01342126e-005, -0.965314011, -3.62648349e-006, 1, 1.9876815e-005, 0, 0, 0, 0, 0, 0, 0, 0.30139668, -0.154648364, -0.205230176, -0.329174766, 0.665084947, -0.670281757, -0.843994141, 0.111083984, 0.524658203, 0.423406332, 0.738423028, 0.524891674, 0, 0, -0, 0, 0, 0, 0, 0.364479395, -0.109017627, -0.173367725, 0.0241508833, 0.324746288, -0.945374008, 0.506835937, -0.819091797, -0.268432617, -0.861570318, -0.472672439, -0.18442351, 0, 2, 3, 1, 
351.180533, 41, 0.1, 0.1, 0.020508956, 0.375516378, -0.0349727284, 0.965313878, 4.84776388e-006, 0.261092162, 0.261092162, -2.76693324e-006, -0.965313878, -3.95718916e-006, 1, -3.93667221e-006, 0.965313897, -1.3186019e-007, 0.26109209, 0.26109209, 1.34822282e-005, -0.965313897, -3.39281666e-006, 1, 1.30490099e-005, 0, 0, 0, 0, 0, 0, 0, 0.30139668, -0.154648364, -0.205230176, -0.329174766, 0.665084947, -0.670281757, -0.843994141, 0.111083984, 0.524658203, 0.423406332, 0.738423028, 0.524891674, 0, 0, -0, 0, 0, 0, 0, 0.364479395, -0.109017627, -0.173367725, 0.0241508833, 0.324746288, -0.945374008, 0.506835937, -0.819091797, -0.268432617, -0.861570318, -0.472672439, -0.18442351, 0, 2, 3, 1, 
351.181228, 41, 0.1, 0.1, 0.0205089551, 0.375516383, -0.0349711931, 0.965313811, 3.5436428e-006, 0.261092411, 0.261092411, -2.63488252e-006, -0.965313811, -2.73277951e-006, 1, -3.46870673e-006, 0.965313821, 7.06135696e-007, 0.261092371, 0.261092371, -1.45638128e-005, -0.965313821, 3.12085786e-006, 1, -1.42430164e-005, 0, 0, 0, 0, 0, 0, 0, 0.30139668, -0.154648364, -0.205230176, -0.329174766, 0.665084947, -0.670281757, -0.843994141, 0.111083984, 0.524658203, 0.423406332, 0.738423028, 0.524891674, 0, 0, -0, 0, 0, 0, 0, 0.364479395, -0.109017627, -0.173367725, 0.0241508833, 0.324746288, -0.945374008, 0.506835937, -0.819091797, -0.268432617, -0.861570318, -0.472672439, -0.18442351, 0, 2, 3, 1, 
351.181925, 41, 0.1, 0.1, 0.0205089562, 0.375516377, -0.0349693334, 0.965313733, 1.21862431e-006, 0.261092696, 0.261092696, 1.52468998e-005, -0.965313733, -5.15720896e-006, 1, 1.43998678e-005, 0.965313746, -1.15426807e-006, 0.26109265, 0.26109265, 2.31076802e-005, -0.965313746, -4.91901462e-006, 1, 2.26075322e-005, 0, 0, 0, 0, 0, 0, 0, 0.30139668, -0.154648364, -0.205230176, -0.329174766, 0.665084947, -0.670281757, -0.843994141, 0.111083984, 0.524658203, 0.423406332, 0.738423028, 0.524891674, 0, 0, -0, 0, 0, 0, 0, 0.364479395, -0.109017627, -0.173367725, 0.0241508833, 0.324746288, -0.945374008, 0.506835937, -0.819091797, -0.268432617, -0.861570318, -0.472672439, -0.18442351, 0, 2, 3, 1, 
351.182636, 41, 0.1, 0.1, 0.0205089543, 0.375516385, -0.0349676662, 0.965313675, 1.2093297e-005, 0.261092913, 0.261092914, -3.10840268e-005, -0.965313674, -3.55800579e-006, 0.999999999, -3.31633103e-005, 0.965313688, 5.71865476e-006, 0.261092863, 0.261092863, -3.44094402e-005, -0.965313688, 3.46376354e-006, 0.999999999, -3.47090035e-005, 0, 0, 0, 0, 0, 0, 0, 0.30139668, -0.154648364, -0.205230176, -0.330553427, 0.66186894, -0.672757507, -0.845092773, 0.109741211, 0.523193359, 0.420164116, 0.741527824, 0.523306324, 0, 0, -0, 0, 0, 0, 0, 0.364479395, -0.109017627, -0.173367725, 0.0241508833, 0.324746288, -0.945374008, 0.506835937, -0.819091797, -0.268432617, -0.861570318, -0.472672439, -0.18442351, 0, 2, 3, 1, 
351.183341, 41, 0.1, 0.1, 0.0205089537, 0.375516384, -0.034966421, 0.965313619, -6.39366945e-007, 0.261093118, 0.261093118, 2.5822925e-005, -0.965313619, -6.12499836e-006, 1, 2.50941555e-005, 0.965313626, 3.64106323e-007, 0.261093092, 0.261093092, 2.05908631e-005, -0.965313626, -5.72760891e-006, 1, 1.97815751e-005, 0, 0, 0, 0, 0, 0, 0, 0.301762842, -0.156589209, -0.204245312, -0.330553427, 0.66186894, -0.672757507, -0.845092773, 0.109741211, 0.523193359, 0.420164116, 0.741527824, 0.523306324, 0, 0, -0, 0, 0, 0, 0, 0.364765137, -0.110224561, -0.172547754, 0.024234372, 0.321589113, -0.946479382, 0.51159668, -0.817382813, -0.264648437, -0.858861203, -0.477668494, -0.184416947, 0, 2, 3, 1, 
351.184036, 41, 0.1, 0.1, 0.0205089568, 0.375516384, -0.034966266, 0.965313553, 1.74238418e-006, 0.261093365, 0.261093365, -2.77950744e-005, -0.965313552, 5.57516245e-006, 1, -2.7285887e-005, 0.965313573, -8.58511784e-006, 0.261093288, 0.261093287, -1.86714003e-005, -0.965313573, 1.31623081e-005, 1, -1.57822395e-005, 0, 0, 0, 0, 0, 0, 0, 0.301762842, -0.156589209, -0.204245312, -0.330553427, 0.66186894, -0.672757507, -0.845092773, 0.109741211, 0.523193359, 0.420164116, 0.741527824, 0.523306324, 0, 0, -0, 0, 0, 0, 0, 0.364765137, -0.110224561, -0.172547754, 0.024234372, 0.321589113, -0.946479382, 0.51159668, -0.817382813, -0.264648437, -0.858861203, -0.477668494, -0.184416947, 0, 2, 3, 1, 
351.184749, 41, 0.1, 0.1, 0.0205089525, 0.375516389, -0.034967121, 0.965313406, -5.29327633e-006, 0.261093907, 0.261093907, 1.28229353e-005, -0.965313406, 1.76168032e-006, 1, 1.37601936e-005, 0.965313438, 1.02774602e-005, 0.26109379, 0.26109379, -2.96713328e-006, -0.965313438, -9.14627039e-006, 1, -5.54759467e-006, 0, 0, 0, 0, 0, 0, 0, 0.301762842, -0.156589209, -0.204245312, -0.330553427, 0.66186894, -0.672757507, -0.845092773, 0.109741211, 0.523193359, 0.420164116, 0.741527824, 0.523306324, 0, 0, -0, 0, 0, 0, 0, 0.364765137, -0.110224561, -0.172547754, 0.024234372, 0.321589113, -0.946479382, 0.51159668, -0.817382813, -0.264648437, -0.858861203, -0.477668494, -0.184416947, 0, 2, 3, 1, 
351.185469, 41, 0.1, 0.1, 0.0205089561, 0.37551638, -0.0349683262, 0.965313281, -7.0954701e-006, 0.26109437, 0.26109437, 1.18893131e-005, -0.965313281, 3.74511882e-006, 1, 1.33294991e-005, 0.9653133, -5.55444387e-006, 0.2610943, 0.2610943, 2.50949333e-005, -0.965313299, -1.19036549e-006, 1, 2.56747065e-005, 0, 0, 0, 0, 0, 0, 0, 0.301900879, -0.158690796, -0.203634424, -0.332102829, 0.659946974, -0.673830631, -0.845458984, 0.108398437, 0.522949219, 0.418184862, 0.743438929, 0.521993187, 0, 0, -0, 0, 0, 0, 0, 0.36511875, -0.111333105, -0.171941504, 0.0254615144, 0.319531116, -0.947105713, 0.515380859, -0.816040039, -0.261474609, -0.856522856, -0.481444337, -0.185464719, 0, 2, 3, 1, 
351.18617, 41, 0.1, 0.1, 0.0205089546, 0.375516385, -0.034969688, 0.965313159, 3.54212352e-006, 0.261094822, 0.261094822, -1.44279171e-005, -0.965313158, 3.47796015e-007, 1, -1.48522884e-005, 0.96531318, 4.57441915e-006, 0.261094742, 0.261094742, -2.0857704e-005, -0.96531318, 1.03008975e-006, 1, -2.13285734e-005, 0, 0, 0, 0, 0, 0, 0, 0.301900879, -0.158690796, -0.203634424, -0.332102829, 0.659946974, -0.673830631, -0.845458984, 0.108398437, 0.522949219, 0.418184862, 0.743438929, 0.521993187, 0, 0, -0, 0, 0, 0, 0, 0.36511875, -0.111333105, -0.171941504, 0.0254615144, 0.319531116, -0.947105713, 0.515380859, -0.816040039, -0.261474609, -0.856522856, -0.481444337, -0.185464719, 0, 2, 3, 1, 
351.186867, 41, 0.1, 0.1, 0.020508957, 0.375516379, -0.0349709692, 0.965313029, -1.93275673e-005, 0.2610953, 0.2610953, 2.23466627e-005, -0.965313029, 1.28225439e-005, 1, 2.66178617e-005, 0.965313059, -1.57755257e-005, 0.261095191, 0.261095191, 2.48956093e-005, -0.965313058, 8.72819711e-006, 1, 2.81509706e-005, 0, 0, 0, 0, 0, 0, 0, 0.301900879, -0.158690796, -0.203634424, -0.332102829, 0.659946974, -0.673830631, -0.845458984, 0.108398437, 0.522949219, 0.418184862, 0.743438929, 0.521993187, 0, 0, -0, 0, 0, 0, 0, 0.36511875, -0.111333105, -0.171941504, 0.0254615144, 0.319531116, -0.947105713, 0.515380859, -0.816040039, -0.261474609, -0.856522856, -0.481444337, -0.185464719, 0, 2, 3, 1, 
351.187585, 41, 0.1, 0.1, 0.0205089559, 0.375516381, -0.0349718038, 0.965312872, 1.69456054e-005, 0.261095879, 0.26109588, -2.26011813e-005, -0.965312872, -1.04567358e-005, 1, -2.6241639e-005, 0.965312905, 1.48300994e-005, 0.261095758, 0.261095758, -1.67531992e-005, -0.965312905, -9.94149713e-006, 1, -2.00441554e-005, 0, 0, 0, 0, 0, 0, 0, 0.301900879, -0.158690796, -0.203634424, -0.332102829, 0.659946974, -0.673830631, -0.845458984, 0.108398437, 0.522949219, 0.418184862, 0.743438929, 0.521993187, 0, 0, -0, 0, 0, 0, 0, 0.36511875, -0.111333105, -0.171941504, 0.0254615144, 0.319531116, -0.947105713, 0.515380859, -0.816040039, -0.261474609, -0.856522856, -0.481444337, -0.185464719, 0, 2, 3, 1, 
351.188281, 41, 0.1, 0.1, 0.020508956, 0.375516384, -0.0349716589, 0.965312771, -3.73864981e-006, 0.261096253, 0.261096253, 1.56190789e-005, -0.965312771, -4.69116554e-007, 1, 1.60534438e-005, 0.965312783, -7.14960142e-006, 0.26109621, 0.26109621, 4.70334465e-006, -0.965312783, 5.67357618e-006, 1, 6.40693255e-006, 0, 0, 0, 0, 0, 0, 0, 0.301900879, -0.158690796, -0.203634424, -0.332102829, 0.659946974, -0.673830631, -0.845458984, 0.108398437, 0.522949219, 0.418184862, 0.743438929, 0.521993187, 0, 0, -0, 0, 0, 0, 0, 0.36511875, -0.111333105, -0.171941504, 0.0254615144, 0.319531116, -0.947105713, 0.515380859, -0.816040039, -0.261474609, -0.856522856, -0.481444337, -0.185464719, 0, 2, 3, 1, 
351.188979, 41, 0.1, 0.1, 0.0205089562, 0.375516381, -0.0349709332, 0.965312708, 9.85738228e-006, 0.261096487, 0.261096487, -1.34834139e-005, -0.965312708, -5.99498439e-006, 1, -1.55894386e-005, 0.965312718, 4.96471377e-006, 0.261096451, 0.261096451, 1.67620704e-006, -0.965312718, -5.23015305e-006, 1, 3.21794834e-007, 0, 0, 0, 0, 0, 0, 0, 0.301900879, -0.158690796, -0.203634424, -0.332102829, 0.659946974, -0.673830631, -0.845458984, 0.108398437, 0.522949219, 0.418184862, 0.743438929, 0.521993187, 0, 0, -0, 0, 0, 0, 0, 0.36511875, -0.111333105, -0.171941504, 0.0254615144, 0.319531116, -0.947105713, 0.515380859, -0.816040039, -0.261474609, -0.856522856, -0.481444337, -0.185464719, 0, 2, 3, 1, 
351.189713, 41, 0.1, 0.1, 0.020508956, 0.375516389, -0.0349697498, 0.965312702, 6.53624653e-007, 0.261096508, 0.261096508, -4.26962676e-006, -0.965312702, 4.83832455e-007, 1, -4.29218406e-006, 0.965312699, -3.43286595e-006, 0.261096519, 0.261096519, -2.19261495e-005, -0.965312699, 9.03863043e-006, 1, -2.02692812e-005, 0, 0, 0, 0, 0, 0, 0, 0.301900879, -0.158690796, -0.203634424, -0.332102829, 0.659946974, -0.673830631, -0.845458984, 0.108398437, 0.522949219, 0.418184862, 0.743438929, 0.521993187, 0, 0, -0, 0, 0, 0, 0, 0.36511875, -0.111333105, -0.171941504, 0.0254615144, 0.319531116, -0.947105713, 0.515380859, -0.816040039, -0.261474609, -0.856522856, -0.481444337, -0.185464719, 0, 2, 3, 1, 
351.190433, 41, 0.1, 0.1, 0.0205089537, 0.375516379, -0.0349680476, 0.965312711, -1.83798109e-006, 0.261096477, 0.261096477, 2.24832934e-005, -0.965312711, -4.09608218e-006, 1, 2.21832993e-005, 0.965312711, 5.93860634e-006, 0.261096476, 0.261096476, 3.26379443e-005, -0.965312711, -1.42542644e-005, 0.999999999, 2.99552733e-005, 0, 0, 0, 0, 0, 0, 0, 0.303158789, -0.160430127, -0.202672632, -0.333431314, 0.65628689, -0.676769555, -0.847045898, 0.106445312, 0.520629883, 0.41369878, 0.746861244, 0.520604787, 0, 0, -0, 0, 0, 0, 0, 0.365926904, -0.112682715, -0.171123486, 0.0269952591, 0.316872674, -0.948013127, 0.518188477, -0.815429688, -0.2578125, -0.854765998, -0.484178605, -0.186173805, 0, 2, 3, 1, 
351.191136, 41, 0.1, 0.1, 0.020508958, 0.375516386, -0.0349667746, 0.965312666, -1.57453208e-006, 0.261096642, 0.261096642, -2.96206413e-005, -0.965312666, 9.25376571e-006, 1, -2.81820752e-005, 0.96531268, -1.07344543e-005, 0.26109659, 0.261096589, -3.30022946e-005, -0.96531268, 1.89788914e-005, 0.999999999, -2.90548041e-005, 0, 0, 0, 0, 0, 0, 0, 0.303158789, -0.160430127, -0.202672632, -0.333431314, 0.65628689, -0.676769555, -0.847045898, 0.106445312, 0.520629883, 0.41369878, 0.746861244, 0.520604787, 0, 0, -0, 0, 0, 0, 0, 0.365926904, -0.112682715, -0.171123486, 0.0269952591, 0.316872674, -0.948013127, 0.518188477, -0.815429688, -0.2578125, -0.854765998, -0.484178605, -0.186173805, 0, 2, 3, 1, 
351.191838, 41, 0.1, 0.1, 0.0205089551, 0.375516383, -0.0349664057, 0.96531254, -4.63786292e-006, 0.261097108, 0.261097108, 2.81699932e-005, -0.96531254, -2.87811653e-006, 1, 2.84037803e-005, 0.965312572, 5.96314591e-006, 0.26109699, 0.26109699, 2.61006284e-005, -0.965312572, -1.25710952e-005, 1, 2.36383052e-005, 0, 0, 0, 0, 0, 0, 0, 0.303158789, -0.160430127, -0.202672632, -0.333431314, 0.65628689, -0.676769555, -0.847045898, 0.106445312, 0.520629883, 0.41369878, 0.746861244, 0.520604787, 0, 0, -0, 0, 0, 0, 0, 0.365926904, -0.112682715, -0.171123486, 0.0269952591, 0.316872674, -0.948013127, 0.518188477, -0.815429688, -0.2578125, -0.854765998, -0.484178605, -0.186173805, 0, 2, 3, 1, 
351.192539, 41, 0.1, 0.1, 0.0205089609, 0.375516384, -0.0349670313, 0.96531233, -5.20121912e-007, 0.261097884, 0.261097884, -2.7131068e-005, -0.96531233, 7.58594452e-006, 1, -2.60541517e-005, 0.965312382, -1.45078896e-005, 0.261097692, 0.261097692, -1.76473079e-005, -0.965312382, 1.86123168e-005, 1, -1.32471883e-005, 0, 0, 0, 0, 0, 0, 0, 0.303158789, -0.160430127, -0.202672632, -0.333431314, 0.65628689, -0.676769555, -0.847045898, 0.106445312, 0.520629883, 0.41369878, 0.746861244, 0.520604787, 0, 0, -0, 0, 0, 0, 0, 0.365926904, -0.112682715, -0.171123486, 0.0269952591, 0.316872674, -0.948013127, 0.518188477, -0.815429688, -0.2578125, -0.854765998, -0.484178605, -0.186173805, 0, 2, 3, 1, 
351.193232, 41, 0.1, 0.1, 0.0205089544, 0.375516388, -0.0349683349, 0.965312052, 7.57331414e-006, 0.261098912, 0.261098912, 1.0751126e-005, -0.965312052, -1.01177187e-005, 1, 8.40080737e-006, 0.965312109, 2.02782741e-005, 0.2610987, 0.2610987, -4.44206084e-006, -0.965312109, -1.84150473e-005, 1, -9.58260613e-006, 0, 0, 0, 0, 0, 0, 0, 0.303158789, -0.160430127, -0.202672632, -0.333431314, 0.65628689, -0.676769555, -0.847045898, 0.106445312, 0.520629883, 0.41369878, 0.746861244, 0.520604787, 0, 0, -0, 0, 0, 0, 0, 0.365926904, -0.112682715, -0.171123486, 0.0269952591, 0.316872674, -0.948013127, 0.518188477, -0.815429688, -0.2578125, -0.854765998, -0.484178605, -0.186173805, 0, 2, 3, 1, 
351.193932, 41, 0.1, 0.1, 0.0205089593, 0.375516382, -0.0349699334, 0.965311742, -4.71578205e-006, 0.261100059, 0.261100059, 6.8621581e-006, -0.965311742, 2.76048991e-006, 1, 7.85541276e-006, 0.965311801, -1.5651423e-005, 0.26109984, 0.26109984, 1.59710742e-005, -0.965311801, 1.09384584e-005, 1, 1.95036504e-005, 0, 0, 0, 0, 0, 0, 0, 0.303158789, -0.160430127, -0.202672632, -0.333431314, 0.65628689, -0.676769555, -0.847045898, 0.106445312, 0.520629883, 0.41369878, 0.746861244, 0.520604787, 0, 0, -0, 0, 0, 0, 0, 0.365926904, -0.112682715, -0.171123486, 0.0269952591, 0.316872674, -0.948013127, 0.518188477, -0.815429688, -0.2578125, -0.854765998, -0.484178605, -0.186173805, 0, 2, 3, 1, 
351.194631, 41, 0.1, 0.1, 0.0205089527, 0.375516387, -0.0349713455, 0.965311466, 1.26452662e-005, 0.261101079, 0.26110108, -1.44121183e-005, -0.965311466, -8.44360083e-006, 1, -1.72138757e-005, 0.965311519, 2.24777507e-005, 0.261100882, 0.261100883, -1.87660837e-005, -0.965311519, -1.67981906e-005, 1, -2.39840773e-005, 0, 0, 0, 0, 0, 0, 0, 0.303158789, -0.160430127, -0.202672632, -0.333431314, 0.65628689, -0.676769555, -0.847045898, 0.106445312, 0.520629883, 0.41369878, 0.746861244, 0.520604787, 0, 0, -0, 0, 0, 0, 0, 0.365926904, -0.112682715, -0.171123486, 0.0269952591, 0.316872674, -0.948013127, 0.518188477, -0.815429688, -0.2578125, -0.854765998, -0.484178605, -0.186173805, 0, 2, 3, 1, 
351.195351, 41, 0.1, 0.1, 0.0205089575, 0.375516383, -0.0349718723, 0.965311259, -9.32161654e-006, 0.261101845, 0.261101845, 2.44974636e-005, -0.965311258, 2.60192844e-006, 1, 2.60815687e-005, 0.965311291, -1.74272644e-005, 0.261101724, 0.261101724, 2.35789849e-005, -0.965311291, 1.06662215e-005, 1, 2.73113492e-005, 0, 0, 0, 0, 0, 0, 0, 0.304592578, -0.161718945, -0.201682397, -0.335635972, 0.652684094, -0.67916892, -0.848754883, 0.103027344, 0.518554688, 0.408362735, 0.750645261, 0.519501706, 0, 0, -0, 0, 0, 0, 0, 0.366913379, -0.114512012, -0.170295215, 0.0279475154, 0.313728626, -0.948997099, 0.520629883, -0.815063477, -0.25402832, -0.853315742, -0.486963912, -0.186154482, 0, 2, 3, 1, 
351.196052, 41, 0.1, 0.1, 0.0205089525, 0.375516383, -0.0349715823, 0.965311155, 1.26200903e-005, 0.261102228, 0.261102229, -2.11726146e-005, -0.965311155, -6.65409706e-006, 1, -2.37332948e-005, 0.965311166, 1.97098331e-005, 0.261102186, 0.261102186, -1.4678011e-005, -0.965311166, -1.51936612e-005, 1, -1.93151284e-005, 0, 0, 0, 0, 0, 0, 0, 0.304592578, -0.161718945, -0.201682397, -0.335635972, 0.652684094, -0.67916892, -0.848754883, 0.103027344, 0.518554688, 0.408362735, 0.750645261, 0.519501706, 0, 0, -0, 0, 0, 0, 0, 0.366913379, -0.114512012, -0.170295215, 0.0279475154, 0.313728626, -0.948997099, 0.520629883, -0.815063477, -0.25402832, -0.853315742, -0.486963912, -0.186154482, 0, 2, 3, 1, 
351.196752, 41, 0.1, 0.1, 0.0205089562, 0.375516384, -0.0349707596, 0.965311152, -1.03364144e-005, 0.26110224, 0.261102241, 2.09199025e-005, -0.965311152, 4.51562268e-006, 1, 2.28930761e-005, 0.965311144, -1.59278461e-005, 0.261102268, 0.261102269, 8.58944655e-006, -0.965311144, 1.31326034e-005, 1, 1.24502852e-005, 0, 0, 0, 0, 0, 0, 0, 0.304592578, -0.161718945, -0.201682397, -0.335635972, 0.652684094, -0.67916892, -0.848754883, 0.103027344, 0.518554688, 0.408362735, 0.750645261, 0.519501706, 0, 0, -0, 0, 0, 0, 0, 0.366913379, -0.114512012, -0.170295215, 0.0279475154, 0.313728626, -0.948997099, 0.520629883, -0.815063477, -0.25402832, -0.853315742, -0.486963912, -0.186154482, 0, 2, 3, 1, 
351.197458, 41, 0.1, 0.1, 0.0205089533, 0.375516379, -0.0349696015, 0.965311232, 7.44653026e-006, 0.261101944, 0.261101944, -1.0798767e-005, -0.965311232, -4.36864024e-006, 1, -1.23684746e-005, 0.965311211, 1.24641328e-005, 0.261102021, 0.261102021, 9.67769324e-006, -0.965311211, -1.45586324e-005, 1, 6.08757552e-006, 0, 0, 0, 0, 0, 0, 0, 0.304592578, -0.161718945, -0.201682397, -0.337433622, 0.650540089, -0.680209844, -0.849731445, 0.100219727, 0.517456055, 0.404816105, 0.752715125, 0.519172205, 0, 0, -0, 0, 0, 0, 0, 0.366913379, -0.114512012, -0.170295215, 0.0279475154, 0.313728626, -0.948997099, 0.520629883, -0.815063477, -0.25402832, -0.853315742, -0.486963912, -0.186154482, 0, 2, 3, 1, 
351.198168, 41, 0.1, 0.1, 0.0205089573, 0.375516388, -0.0349681942, 0.965311371, -9.04112898e-006, 0.261101432, 0.261101432, -8.43797893e-006, -0.965311371, 1.0930673e-005, 1, -5.78462528e-006, 0.965311343, -1.42537605e-005, 0.261101534, 0.261101533, -2.34507717e-005, -0.965311343, 1.98823492e-005, 1, -1.89156172e-005, 0, 0, 0, 0, 0, 0, 0, 0.30582937, -0.162938428, -0.201290112, -0.337433622, 0.650540089, -0.680209844, -0.849731445, 0.100219727, 0.517456055, 0.404816105, 0.752715125, 0.519172205, 0, 0, -0, 0, 0, 0, 0, 0.367681494, -0.116262939, -0.169900244, 0.029046693, 0.311466472, -0.949712749, 0.522338867, -0.814697266, -0.251220703, -0.852095529, -0.488797329, -0.186352443, 0, 2, 3, 1, 
351.198866, 41, 0.1, 0.1, 0.0205089563, 0.375516379, -0.0349673636, 0.9653115, -1.80334696e-006, 0.261100955, 0.261100955, 2.15926669e-005, -0.965311499, -3.89707439e-006, 1, 2.13145053e-005, 0.965311476, 4.34049482e-006, 0.261101041, 0.26110104, 3.10577383e-005, -0.965311476, -1.22991373e-005, 1, 2.88470835e-005, 0, 0, 0, 0, 0, 0, 0, 0.30582937, -0.162938428, -0.201290112, -0.337433622, 0.650540089, -0.680209844, -0.849731445, 0.100219727, 0.517456055, 0.404816105, 0.752715125, 0.519172205, 0, 0, -0, 0, 0, 0, 0, 0.367681494, -0.116262939, -0.169900244, 0.029046693, 0.311466472, -0.949712749, 0.522338867, -0.814697266, -0.251220703, -0.852095529, -0.488797329, -0.186352443, 0, 2, 3, 1, 
351.199589, 41, 0.1, 0.1, 0.0205089589, 0.375516386, -0.0349672177, 0.965311568, 5.86378489e-006, 0.261100704, 0.261100704, -2.62299013e-005, -0.965311567, 1.18826632e-006, 1, -2.68510655e-005, 0.96531156, -5.51107296e-006, 0.261100733, 0.261100732, -3.08703015e-005, -0.965311559, 1.33801608e-005, 1, -2.83605137e-005, 0, 0, 0, 0, 0, 0, 0, 0.30582937, -0.162938428, -0.201290112, -0.337433622, 0.650540089, -0.680209844, -0.849731445, 0.100219727, 0.517456055, 0.404816105, 0.752715125, 0.519172205, 0, 0, -0, 0, 0, 0, 0, 0.367681494, -0.116262939, -0.169900244, 0.029046693, 0.311466472, -0.949712749, 0.522338867, -0.814697266, -0.251220703, -0.852095529, -0.488797329, -0.186352443, 0, 2, 3, 1, 
351.200284, 41, 0.1, 0.1, 0.0205089531, 0.375516381, -0.0349675047, 0.965311539, 4.42046689e-006, 0.261100809, 0.261100809, 3.15732789e-005, -0.965311539, -1.25109364e-005, 0.999999999, 2.93238629e-005, 0.965311553, 1.47493534e-005, 0.261100758, 0.261100758, 2.91722944e-005, -0.965311553, -2.18546294e-005, 0.999999999, 2.43092855e-005, 0, 0, 0, 0, 0, 0, 0, 0.30582937, -0.162938428, -0.201290112, -0.337433622, 0.650540089, -0.680209844, -0.849731445, 0.100219727, 0.517456055, 0.404816105, 0.752715125, 0.519172205, 0, 0, -0, 0, 0, 0, 0, 0.367681494, -0.116262939, -0.169900244, 0.029046693, 0.311466472, -0.949712749, 0.522338867, -0.814697266, -0.251220703, -0.852095529, -0.488797329, -0.186352443, 0, 2, 3, 1, 
351.200986, 41, 0.1, 0.1, 0.0205089562, 0.375516381, -0.0349683767, 0.965311416, 4.58447686e-006, 0.261101265, 0.261101265, -2.216319e-005, -0.965311415, 1.36138909e-006, 1, -2.2591393e-005, 0.965311448, -6.95718423e-006, 0.261101147, 0.261101147, -1.33694428e-005, -0.965311448, 1.02066264e-005, 1, -1.10891474e-005, 0, 0, 0, 0, 0, 0, 0, 0.30582937, -0.162938428, -0.201290112, -0.337433622, 0.650540089, -0.680209844, -0.849731445, 0.100219727, 0.517456055, 0.404816105, 0.752715125, 0.519172205, 0, 0, -0, 0, 0, 0, 0, 0.367681494, -0.116262939, -0.169900244, 0.029046693, 0.311466472, -0.949712749, 0.522338867, -0.814697266, -0.251220703, -0.852095529, -0.488797329, -0.186352443, 0, 2, 3, 1, 
351.201684, 41, 0.1, 0.1, 0.0205089496, 0.375516384, -0.0349695875, 0.965311221, 5.8964755e-006, 0.261101984, 0.261101983, 1.18428288e-005, -0.965311221, -8.78412007e-006, 1, 9.89243412e-006, 0.965311262, 1.94859149e-005, 0.261101833, 0.261101833, -1.93817364e-006, -0.965311262, -1.83039125e-005, 1, -6.95874894e-006, 0, 0, 0, 0, 0, 0, 0, 0.30582937, -0.162938428, -0.201290112, -0.337433622, 0.650540089, -0.680209844, -0.849731445, 0.100219727, 0.517456055, 0.404816105, 0.752715125, 0.519172205, 0, 0, -0, 0, 0, 0, 0, 0.367681494, -0.116262939, -0.169900244, 0.029046693, 0.311466472, -0.949712749, 0.522338867, -0.814697266, -0.251220703, -0.852095529, -0.488797329, -0.186352443, 0, 2, 3, 1, 
351.2024, 41, 0.1, 0.1, 0.0205089554, 0.375516379, -0.0349706487, 0.965310983, -7.70992206e-006, 0.261102867, 0.261102867, 1.03895423e-006, -0.965310983, 7.17119851e-006, 1, 3.01599668e-006, 0.965311033, -1.87482841e-005, 0.261102681, 0.261102681, 1.17498646e-005, -0.965311033, 1.50300044e-005, 1, 1.62375012e-005, 0, 0, 0, 0, 0, 0, 0, 0.306832544, -0.164545312, -0.201286694, -0.33954767, 0.649607751, -0.680127468, -0.849731445, 0.0980224609, 0.517822266, 0.403173466, 0.753851529, 0.518911974, 0, 0, -0, 0, 0, 0, 0, 0.367681494, -0.116262939, -0.169900244, 0.0285804096, 0.310443853, -0.950127993, 0.524047852, -0.813964844, -0.25012207, -0.851162596, -0.490745951, -0.185905116, 0, 2, 3, 1, 
351.203108, 41, 0.1, 0.1, 0.02050895, 0.375516387, -0.0349709935, 0.965310765, 8.80550503e-006, 0.261103671, 0.261103671, -2.11654051e-005, -0.965310765, -2.97368383e-006, 1, -2.27303431e-005, 0.965310804, 1.86197594e-005, 0.261103526, 0.261103526, -2.56825865e-005, -0.965310804, -1.1268041e-005, 0.999999999, -2.9653363e-005, 0, 0, 0, 0, 0, 0, 0, 0.306832544, -0.164545312, -0.201286694, -0.33954767, 0.649607751, -0.680127468, -0.849731445, 0.0980224609, 0.517822266, 0.403173466, 0.753851529, 0.518911974, 0, 0, -0, 0, 0, 0, 0, 0.36833999, -0.117711035, -0.169695068, 0.0285804096, 0.310443853, -0.950127993, 0.524047852, -0.813964844, -0.25012207, -0.851162596, -0.490745951, -0.185905116, 0, 2, 3, 1, 
351.203823, 41, 0.1, 0.1, 0.0205089561, 0.375516383, -0.0349707916, 0.965310619, -1.23541672e-005, 0.261104211, 0.261104211, 2.19062848e-005, -0.965310619, 6.20578558e-006, 1, 2.43720944e-005, 0.96531064, -2.10060242e-005, 0.261104132, 0.261104132, 1.98909906e-005, -0.96531064, 1.50837188e-005, 1, 2.46857446e-005, 0, 0, 0, 0, 0, 0, 0, 0.306832544, -0.164545312, -0.201286694, -0.33954767, 0.649607751, -0.680127468, -0.849731445, 0.0980224609, 0.517822266, 0.403173466, 0.753851529, 0.518911974, 0, 0, -0, 0, 0, 0, 0, 0.36833999, -0.117711035, -0.169695068, 0.0285804096, 0.310443853, -0.950127993, 0.524047852, -0.813964844, -0.25012207, -0.851162596, -0.490745951, -0.185905116, 0, 2, 3, 1, 
351.204521, 41, 0.1, 0.1, 0.0205089519, 0.375516384, -0.0349701958, 0.965310571, 1.01480651e-005, 0.261104387, 0.261104387, -2.03341013e-005, -0.965310571, -4.48671146e-006, 1, -2.22784272e-005, 0.965310573, 1.77734299e-005, 0.261104381, 0.261104381, -1.40915007e-005, -0.965310573, -1.34775272e-005, 1, -1.8243395e-005, 0, 0, 0, 0, 0, 0, 0, 0.306832544, -0.164545312, -0.201286694, -0.33954767, 0.649607751, -0.680127468, -0.849731445, 0.0980224609, 0.517822266, 0.403173466, 0.753851529, 0.518911974, 0, 0, -0, 0, 0, 0, 0, 0.36833999, -0.117711035, -0.169695068, 0.0285804096, 0.310443853, -0.950127993, 0.524047852, -0.813964844, -0.25012207, -0.851162596, -0.490745951, -0.185905116, 0, 2, 3, 1, 
351.205219, 41, 0.1, 0.1, 0.0205089566, 0.375516385, -0.0349693975, 0.965310616, -1.22010235e-005, 0.261104223, 0.261104223, 2.53108582e-005, -0.965310615, 5.16900557e-006, 1, 2.76185789e-005, 0.965310599, -1.84238183e-005, 0.261104284, 0.261104284, 1.26998738e-005, -0.965310599, 1.44687156e-005, 1, 1.70698606e-005, 0, 0, 0, 0, 0, 0, 0, 0.306832544, -0.164545312, -0.201286694, -0.33954767, 0.649607751, -0.680127468, -0.849731445, 0.0980224609, 0.517822266, 0.403173466, 0.753851529, 0.518911974, 0, 0, -0, 0, 0, 0, 0, 0.36833999, -0.117711035, -0.169695068, 0.0285804096, 0.310443853, -0.950127993, 0.524047852, -0.813964844, -0.25012207, -0.851162596, -0.490745951, -0.185905116, 0, 2, 3, 1, 
351.205918, 41, 0.1, 0.1, 0.0205089533, 0.375516378, -0.0349687326, 0.965310743, 1.07661679e-005, 0.261103753, 0.261103753, -7.31693326e-006, -0.965310743, -8.48221884e-006, 1, -9.87420113e-006, 0.965310714, 1.44732056e-005, 0.26110386, 0.26110386, 1.25701967e-005, -0.965310714, -1.72532673e-005, 1, 8.35513566e-006, 0, 0, 0, 0, 0, 0, 0, 0.306832544, -0.164545312, -0.201286694, -0.33954767, 0.649607751, -0.680127468, -0.849731445, 0.0980224609, 0.517822266, 0.403173466, 0.753851529, 0.518911974, 0, 0, -0, 0, 0, 0, 0, 0.36833999, -0.117711035, -0.169695068, 0.0285804096, 0.310443853, -0.950127993, 0.524047852, -0.813964844, -0.25012207, -0.851162596, -0.490745951, -0.185905116, 0, 2, 3, 1, 
351.20666, 41, 0.1, 0.1, 0.0205089552, 0.375516386, -0.0349680213, 0.965310929, -1.65505668e-006, 0.261103064, 0.261103064, -6.6717344e-006, -0.965310929, 3.33965459e-006, 1, -6.00815776e-006, 0.965310894, -7.04404542e-006, 0.261103195, 0.261103194, -2.14169871e-005, -0.965310894, 1.23917375e-005, 1, -1.88348282e-005, 0, 0, 0, 0, 0, 0, 0, 0.306832544, -0.164545312, -0.201286694, -0.33954767, 0.649607751, -0.680127468, -0.849731445, 0.0980224609, 0.517822266, 0.403173466, 0.753851529, 0.518911974, 0, 0, -0, 0, 0, 0, 0, 0.36833999, -0.117711035, -0.169695068, 0.0285804096, 0.310443853, -0.950127993, 0.524047852, -0.813964844, -0.25012207, -0.851162596, -0.490745951, -0.185905116, 0, 2, 3, 1, 
351.207378, 41, 0.1, 0.1, 0.0205089517, 0.375516377, -0.0349673951, 0.965311095, 4.18732683e-006, 0.261102452, 0.261102452, 2.10084956e-005, -0.965311095, -9.52744276e-006, 1, 1.91864126e-005, 0.965311066, 1.07147436e-005, 0.261102559, 0.261102559, 3.11573597e-005, -0.965311065, -1.84783269e-005, 0.999999999, 2.72788971e-005, 0, 0, 0, 0, 0, 0, 0, 0.307825586, -0.165933716, -0.201277173, -0.341839573, 0.64857394, -0.679924525, -0.849731445, 0.0954589844, 0.518310547, 0.401188221, 0.755127595, 0.518632647, 0, 0, -0, 0, 0, 0, 0, 0.369432275, -0.118491846, -0.169480127, 0.027475402, 0.309989596, -0.950249395, 0.527709961, -0.811767578, -0.249633789, -0.848823883, -0.49459872, -0.185917876, 0, 2, 3, 1, 
351.208076, 41, 0.1, 0.1, 0.0205089533, 0.375516384, -0.0349673425, 0.965311191, 5.74292408e-006, 0.261102098, 0.261102098, -3.05091874e-005, -0.96531119, 2.42230395e-006, 1, -3.09503496e-005, 0.965311178, -2.76090782e-006, 0.261102144, 0.261102144, -3.40860202e-005, -0.965311177, 1.15650681e-005, 0.999999999, -3.21827374e-005, 0, 0, 0, 0, 0, 0, 0, 0.307825586, -0.165933716, -0.201277173, -0.341839573, 0.64857394, -0.679924525, -0.849731445, 0.0954589844, 0.518310547, 0.401188221, 0.755127595, 0.518632647, 0, 0, -0, 0, 0, 0, 0, 0.369432275, -0.118491846, -0.169480127, 0.027475402, 0.309989596, -0.950249395, 0.527709961, -0.811767578, -0.249633789, -0.848823883, -0.49459872, -0.185917876, 0, 2, 3, 1, 
351.208777, 41, 0.1, 0.1, 0.0205089486, 0.375516381, -0.0349680054, 0.965311192, 1.56174279e-007, 0.261102094, 0.261102094, 2.70889679e-005, -0.965311191, -7.22374301e-006, 1, 2.61085064e-005, 0.9653112, 1.09882344e-005, 0.261102062, 0.261102062, 2.45156796e-005, -0.9653112, -1.70081602e-005, 1, 2.07962094e-005, 0, 0, 0, 0, 0, 0, 0, 0.307825586, -0.165933716, -0.201277173, -0.341839573, 0.64857394, -0.679924525, -0.849731445, 0.0954589844, 0.518310547, 0.401188221, 0.755127595, 0.518632647, 0, 0, -0, 0, 0, 0, 0, 0.369432275, -0.118491846, -0.169480127, 0.027475402, 0.309989596, -0.950249395, 0.527709961, -0.811767578, -0.249633789, -0.848823883, -0.49459872, -0.185917876, 0, 2, 3, 1, 
351.209469, 41, 0.1, 0.1, 0.0205089535, 0.375516381, -0.0349690815, 0.965311096, -1.28565514e-006, 0.261102448, 0.261102448, -2.37750168e-005, -0.965311096, 7.44877225e-006, 1, -2.26145998e-005, 0.965311123, -1.27035711e-005, 0.261102348, 0.261102348, -1.52059046e-005, -0.965311123, 1.62331959e-005, 1, -1.13614967e-005, 0, 0, 0, 0, 0, 0, 0, 0.307825586, -0.165933716, -0.201277173, -0.341839573, 0.64857394, -0.679924525, -0.849731445, 0.0954589844, 0.518310547, 0.401188221, 0.755127595, 0.518632647, 0, 0, -0, 0, 0, 0, 0, 0.369432275, -0.118491846, -0.169480127, 0.027475402, 0.309989596, -0.950249395, 0.527709961, -0.811767578, -0.249633789, -0.848823883, -0.49459872, -0.185917876, 0, 2, 3, 1, 
