time, trialNum, realDorsalTactorPos, realVentralTactorPos, boxPosX, boxPosY, boxPosZ, boxLocalRot_11, boxLocalRot_12, boxLocalRot_13, boxLocalRot_21, boxLocalRot_22, boxLocalRot_23, boxLocalRot_31, boxLocalRot_32, boxLocalRot_33, boxGlobalRot_11, boxGlobalRot_12, boxGlobalRot_13, boxGlobalRot_21, boxGlobalRot_22, boxGlobalRot_23, boxGlobalRot_31, boxGlobalRot_32, boxGlobalRot_33, indexForceX, indexForceY, indexForceZ, indexForceGlobalX, indexForceGlobalY, indexForceGlobalZ, indexContact, indexPosX, indexPosY, indexPosZ, indexRot_11, indexRot_12, indexRot_13, indexRot_21, indexRot_22, indexRot_23, indexRot_31, indexRot_32, indexRot_33, thumbForceX, thumbForceY, thumbForceZ, thumbForceGlobalX, thumbForceGlobalY, thumbForceGlobalZ, thumbContact, thumbPosX, thumbPosY, thumbPosZ, thumbRot_11, thumbRot_12, thumbRot_13, thumbRot_21, thumbRot_22, thumbRot_23, thumbRot_31, thumbRot_32, thumbRot_33, manipForceTooHigh, cceExpType, mapping, trialSuccess, 
347.305933, 40, 0.1, 0.1, 0.0223843871, 0.362236458, -0.0349726642, 0.936717521, -4.1565072e-006, 0.350086113, 0.350086113, -8.40576702e-006, -0.936717521, 6.83621542e-006, 1, -6.4186938e-006, 0.93671752, 2.02195043e-006, 0.350086115, 0.350086115, 4.57042374e-006, -0.93671752, -3.49403829e-006, 1, 3.57333921e-006, 0, 0, 0, 0, 0, 0, 0, 0.311561768, -0.10743501, -0.221905542, -0.289993286, 0.59824975, -0.746960753, -0.90246582, 0.0883789062, 0.421264648, 0.318079864, 0.796344394, 0.51441911, 0, 0, -0, 0, 0, 0, 0, 0.373811328, -0.0514902344, -0.17629209, 0.102223038, 0.482432076, -0.869820409, 0.490844727, -0.78503418, -0.377807617, -0.865147904, -0.388222276, -0.31702291, 0, 2, 3, 1, 
347.308051, 40, 0.1, 0.1, 0.0223843838, 0.36223647, -0.0349486902, 0.936717559, 2.74664725e-005, 0.350086011, 0.350086009, 5.96118711e-005, -0.936717558, -4.65976091e-005, 0.999999998, 4.62238586e-005, 0.936717555, 2.76610496e-005, 0.350086021, 0.350086018, 6.35939074e-005, -0.936717554, -4.81739287e-005, 0.999999998, 4.98857827e-005, 0, 0, 0, 0, 0, 0, 0, 0.312104028, -0.109141748, -0.221231543, -0.29660165, 0.595255782, -0.746764923, -0.901855469, 0.0823974609, 0.423828125, 0.313812073, 0.799290431, 0.512534215, 0, 0, -0, 0, 0, 0, 0, 0.373755273, -0.05256875, -0.176093018, 0.0971566204, 0.481983649, -0.870740216, 0.496459961, -0.781616211, -0.377197266, -0.862489095, -0.39563397, -0.315278445, 0, 2, 3, 1, 
347.308772, 40, 0.1, 0.1, 0.0223843846, 0.362236477, -0.0349596056, 0.936717579, -2.66972874e-005, 0.350085957, 0.350085955, -5.64678881e-005, -0.936717578, 4.4776433e-005, 0.999999998, -4.35481181e-005, 0.936717575, -1.97671862e-005, 0.350085967, 0.350085966, -4.37734735e-005, -0.936717574, 3.38407495e-005, 0.999999999, -3.40831675e-005, 0, 0, 0, 0, 0, 0, 0, 0.312425879, -0.110800879, -0.220824854, -0.29898192, 0.593276529, -0.747432161, -0.901489258, 0.0811767578, 0.425048828, 0.312829559, 0.800839833, 0.510662424, 0, 0, -0, 0, 0, 0, 0, 0.373851074, -0.053820459, -0.175897363, 0.0949907146, 0.480794786, -0.871634503, 0.498168945, -0.781005859, -0.376464844, -0.861734799, -0.398336522, -0.313776783, 0, 2, 3, 1, 
347.309465, 40, 0.1, 0.1, 0.0223843891, 0.362236491, -0.0349719721, 0.936717596, 2.74879362e-006, 0.350085912, 0.350085912, 1.77848022e-006, -0.936717596, -3.19746422e-006, 1, 7.03619789e-007, 0.936717593, -9.0816472e-006, 0.350085919, 0.350085919, -2.34218175e-005, -0.936717593, 1.67065872e-005, 1, -1.87602717e-005, 0, 0, 0, 0, 0, 0, 0, 0.312425879, -0.110800879, -0.220824854, -0.29898192, 0.593276529, -0.747432161, -0.901489258, 0.0811767578, 0.425048828, 0.312829559, 0.800839833, 0.510662424, 0, 0, -0, 0, 0, 0, 0, 0.373851074, -0.053820459, -0.175897363, 0.0949907146, 0.480794786, -0.871634503, 0.498168945, -0.781005859, -0.376464844, -0.861734799, -0.398336522, -0.313776783, 0, 2, 3, 1, 
347.310157, 40, 0.1, 0.1, 0.0223843821, 0.362236481, -0.0349824966, 0.936717604, 1.75827725e-005, 0.350085888, 0.350085887, 4.18335336e-005, -0.936717604, -3.11154223e-005, 0.999999999, 3.30307269e-005, 0.936717604, 2.01743563e-005, 0.35008589, 0.350085889, 4.35747683e-005, -0.936717603, -3.41525863e-005, 0.999999999, 3.37544951e-005, 0, 0, 0, 0, 0, 0, 0, 0.312425879, -0.110800879, -0.220824854, -0.29898192, 0.593276529, -0.747432161, -0.901489258, 0.0811767578, 0.425048828, 0.312829559, 0.800839833, 0.510662424, 0, 0, -0, 0, 0, 0, 0, 0.373851074, -0.053820459, -0.175897363, 0.0949907146, 0.480794786, -0.871634503, 0.498168945, -0.781005859, -0.376464844, -0.861734799, -0.398336522, -0.313776783, 0, 2, 3, 1, 
347.310851, 40, 0.1, 0.1, 0.0223843804, 0.362236479, -0.0349883447, 0.936717604, -8.9812301e-006, 0.350085889, 0.350085889, -1.36024273e-005, -0.936717604, 1.31748942e-005, 1, -9.59743116e-006, 0.936717605, -3.70358586e-006, 0.350085888, 0.350085888, -1.53483391e-006, -0.936717605, 4.00653776e-006, 1, -1.41132795e-007, 0, 0, 0, 0, 0, 0, 0, 0.312425879, -0.110800879, -0.220824854, -0.29898192, 0.593276529, -0.747432161, -0.901489258, 0.0811767578, 0.425048828, 0.312829559, 0.800839833, 0.510662424, 0, 0, -0, 0, 0, 0, 0, 0.373851074, -0.053820459, -0.175897363, 0.0949907146, 0.480794786, -0.871634503, 0.498168945, -0.781005859, -0.376464844, -0.861734799, -0.398336522, -0.313776783, 0, 2, 3, 1, 
347.311545, 40, 0.1, 0.1, 0.0223843844, 0.362236492, -0.0349883517, 0.936717598, -1.10892955e-005, 0.350085906, 0.350085906, -2.96382067e-005, -0.936717598, 2.07634567e-005, 0.999999999, -2.38804238e-005, 0.9367176, -1.34523774e-005, 0.3500859, 0.350085899, -3.24960338e-005, -0.9367176, 2.39774819e-005, 0.999999999, -2.57301191e-005, 0, 0, 0, 0, 0, 0, 0, 0.312425879, -0.110800879, -0.220824854, -0.29898192, 0.593276529, -0.747432161, -0.901489258, 0.0811767578, 0.425048828, 0.312829559, 0.800839833, 0.510662424, 0, 0, -0, 0, 0, 0, 0, 0.373851074, -0.053820459, -0.175897363, 0.0949907146, 0.480794786, -0.871634503, 0.498168945, -0.781005859, -0.376464844, -0.861734799, -0.398336522, -0.313776783, 0, 2, 3, 1, 
347.31224, 40, 0.1, 0.1, 0.0223843836, 0.362236495, -0.0349828866, 0.936717571, 4.22805133e-006, 0.350085977, 0.350085977, 2.08767564e-005, -0.936717571, -1.12691496e-005, 1, 1.80754431e-005, 0.936717582, 4.15008381e-006, 0.35008595, 0.35008595, 1.19767923e-005, -0.936717582, -8.08036319e-006, 1, 9.76598591e-006, 0, 0, 0, 0, 0, 0, 0, 0.312425879, -0.110800879, -0.220824854, -0.29898192, 0.593276529, -0.747432161, -0.901489258, 0.0811767578, 0.425048828, 0.312829559, 0.800839833, 0.510662424, 0, 0, -0, 0, 0, 0, 0, 0.373851074, -0.053820459, -0.175897363, 0.0949907146, 0.480794786, -0.871634503, 0.498168945, -0.781005859, -0.376464844, -0.861734799, -0.398336522, -0.313776783, 0, 2, 3, 1, 
347.312946, 40, 0.1, 0.1, 0.0223843852, 0.362236493, -0.0349739207, 0.936717498, -1.44731554e-005, 0.350086173, 0.350086173, -1.02811666e-005, -0.936717498, 1.71565522e-005, 1, -4.56369706e-006, 0.93671752, -1.35133208e-005, 0.350086114, 0.350086114, 5.07316466e-006, -0.93671752, 1.08821198e-005, 1, 9.48294819e-006, 0, 0, 0, 0, 0, 0, 0, 0.312425879, -0.110800879, -0.220824854, -0.299990643, 0.592489845, -0.747623121, -0.900878906, 0.0815429687, 0.426147461, 0.313483693, 0.801335208, 0.50945675, 0, 0, -0, 0, 0, 0, 0, 0.373851074, -0.053820459, -0.175897363, 0.0949907146, 0.480794786, -0.871634503, 0.498168945, -0.781005859, -0.376464844, -0.861734799, -0.398336522, -0.313776783, 0, 2, 3, 1, 
347.313673, 40, 0.1, 0.1, 0.0223843833, 0.362236497, -0.0349638804, 0.936717355, 1.7583278e-005, 0.350086556, 0.350086556, 2.35607326e-005, -0.936717355, -2.47188574e-005, 1, 1.59140779e-005, 0.936717391, 1.47617166e-005, 0.35008646, 0.35008646, 5.04568936e-006, -0.936717391, -1.55939842e-005, 1, -4.41492145e-007, 0, 0, 0, 0, 0, 0, 0, 0.312822803, -0.112848755, -0.220615039, -0.299990643, 0.592489845, -0.747623121, -0.900878906, 0.0815429687, 0.426147461, 0.313483693, 0.801335208, 0.50945675, 0, 0, -0, 0, 0, 0, 0, 0.374304395, -0.0551984863, -0.175684131, 0.0949396754, 0.48053266, -0.871743145, 0.499145508, -0.780639648, -0.375976562, -0.861249193, -0.399346014, -0.313910944, 0, 2, 3, 1, 
347.314372, 40, 0.1, 0.1, 0.022384383, 0.362236495, -0.0349568217, 0.936717144, -1.69517434e-005, 0.350087121, 0.35008712, -2.08256068e-005, -0.936717144, 2.31697654e-005, 1, -1.35731159e-005, 0.936717195, -1.40159588e-005, 0.350086985, 0.350086985, 2.09991173e-006, -0.936717195, 1.23938378e-005, 1, 6.87382816e-006, 0, 0, 0, 0, 0, 0, 0, 0.312822803, -0.112848755, -0.220615039, -0.299990643, 0.592489845, -0.747623121, -0.900878906, 0.0815429687, 0.426147461, 0.313483693, 0.801335208, 0.50945675, 0, 0, -0, 0, 0, 0, 0, 0.374304395, -0.0551984863, -0.175684131, 0.0949396754, 0.48053266, -0.871743145, 0.499145508, -0.780639648, -0.375976562, -0.861249193, -0.399346014, -0.313910944, 0, 2, 3, 1, 
347.315078, 40, 0.1, 0.1, 0.0223843813, 0.362236502, -0.0349540377, 0.93671685, 1.98466554e-005, 0.350087906, 0.350087906, 2.15675203e-005, -0.93671685, -2.61412246e-005, 1, 1.32545857e-005, 0.936716922, 1.65340317e-005, 0.350087715, 0.350087715, -3.75231462e-006, -0.936716922, -1.4174068e-005, 1, -9.30321798e-006, 0, 0, 0, 0, 0, 0, 0, 0.312822803, -0.112848755, -0.220615039, -0.299990643, 0.592489845, -0.747623121, -0.900878906, 0.0815429687, 0.426147461, 0.313483693, 0.801335208, 0.50945675, 0, 0, -0, 0, 0, 0, 0, 0.374304395, -0.0551984863, -0.175684131, 0.0949396754, 0.48053266, -0.871743145, 0.499145508, -0.780639648, -0.375976562, -0.861249193, -0.399346014, -0.313910944, 0, 2, 3, 1, 
347.315787, 40, 0.1, 0.1, 0.0223843816, 0.362236499, -0.0349558552, 0.936716474, -2.19449672e-005, 0.350088913, 0.350088913, -1.77993738e-005, -0.936716474, 2.67875757e-005, 1, -8.9902769e-006, 0.936716555, -1.77222249e-005, 0.350088696, 0.350088696, 5.02928126e-006, -0.936716555, 1.48400069e-005, 1, 1.09153616e-005, 0, 0, 0, 0, 0, 0, 0, 0.312822803, -0.112848755, -0.220615039, -0.299990643, 0.592489845, -0.747623121, -0.900878906, 0.0815429687, 0.426147461, 0.313483693, 0.801335208, 0.50945675, 0, 0, -0, 0, 0, 0, 0, 0.374744775, -0.056345459, -0.175249609, 0.0944351125, 0.480762337, -0.871653826, 0.501464844, -0.779296875, -0.375488281, -0.859952055, -0.401531243, -0.314760755, 0, 2, 3, 1, 
347.316486, 40, 0.1, 0.1, 0.0223843825, 0.362236507, -0.0349614559, 0.93671604, 1.2793947e-005, 0.350090074, 0.350090074, 1.05733888e-005, -0.93671604, -1.56859339e-005, 1, 5.42522907e-006, 0.936716132, 8.5097665e-006, 0.350089828, 0.350089828, -9.08125227e-006, -0.936716132, -4.79198152e-006, 1, -1.14857382e-005, 0, 0, 0, 0, 0, 0, 0, 0.312822803, -0.112848755, -0.220615039, -0.299990643, 0.592489845, -0.747623121, -0.900878906, 0.0815429687, 0.426147461, 0.313483693, 0.801335208, 0.50945675, 0, 0, -0, 0, 0, 0, 0, 0.374744775, -0.056345459, -0.175249609, 0.0944351125, 0.480762337, -0.871653826, 0.501464844, -0.779296875, -0.375488281, -0.859952055, -0.401531243, -0.314760755, 0, 2, 3, 1, 
347.317183, 40, 0.1, 0.1, 0.0223843815, 0.362236506, -0.0349689867, 0.936715573, -1.06502409e-005, 0.350091324, 0.350091324, -1.19301636e-005, -0.936715573, 1.41528933e-005, 1, -7.44661313e-006, 0.936715668, -8.22138484e-006, 0.350091069, 0.350091069, 3.95748513e-006, -0.936715668, 6.3156198e-006, 1, 6.58527173e-006, 0, 0, 0, 0, 0, 0, 0, 0.312822803, -0.112848755, -0.220615039, -0.299990643, 0.592489845, -0.747623121, -0.900878906, 0.0815429687, 0.426147461, 0.313483693, 0.801335208, 0.50945675, 0, 0, -0, 0, 0, 0, 0, 0.374744775, -0.056345459, -0.175249609, 0.0944351125, 0.480762337, -0.871653826, 0.501464844, -0.779296875, -0.375488281, -0.859952055, -0.401531243, -0.314760755, 0, 2, 3, 1, 
347.317887, 40, 0.1, 0.1, 0.0223843805, 0.362236513, -0.0349760153, 0.936715085, 1.20096518e-005, 0.350092629, 0.350092629, 5.55667237e-006, -0.936715085, -1.3194972e-005, 1, 1.00052826e-006, 0.936715193, 9.05567741e-006, 0.350092341, 0.350092341, -8.04491916e-006, -0.936715193, -5.66612603e-006, 1, -1.07061213e-005, 0, 0, 0, 0, 0, 0, 0, 0.312822803, -0.112848755, -0.220615039, -0.301215413, 0.591944296, -0.747477467, -0.900390625, 0.0811767578, 0.427124023, 0.313554085, 0.80179239, 0.508815721, 0, 0, -0, 0, 0, 0, 0, 0.374744775, -0.056345459, -0.175249609, 0.0944351125, 0.480762337, -0.871653826, 0.501464844, -0.779296875, -0.375488281, -0.859952055, -0.401531243, -0.314760755, 0, 2, 3, 1, 
347.318583, 40, 0.1, 0.1, 0.0223843784, 0.362236513, -0.0349804991, 0.936714604, -3.63803838e-006, 0.350093918, 0.350093918, -6.35313652e-006, -0.936714604, 5.63199813e-006, 1, -4.67742065e-006, 0.9367147, -1.73781243e-006, 0.35009366, 0.35009366, 3.17901363e-006, -0.9367147, 5.1488193e-007, 1, 3.58622591e-006, 0, 0, 0, 0, 0, 0, 0, 0.313206909, -0.114437939, -0.220386304, -0.301215413, 0.591944296, -0.747477467, -0.900390625, 0.0811767578, 0.427124023, 0.313554085, 0.80179239, 0.508815721, 0, 0, -0, 0, 0, 0, 0, 0.374744775, -0.056345459, -0.175249609, 0.0944351125, 0.480762337, -0.871653826, 0.501464844, -0.779296875, -0.375488281, -0.859952055, -0.401531243, -0.314760755, 0, 2, 3, 1, 
347.319279, 40, 0.1, 0.1, 0.0223843769, 0.362236516, -0.034981504, 0.936714139, 8.46670495e-006, 0.350095162, 0.350095162, 1.03507031e-005, -0.936714139, -1.15546133e-005, 1, 6.73149748e-006, 0.93671423, 7.67017849e-006, 0.350094917, 0.350094917, 7.78811296e-007, -0.93671423, -7.45742321e-006, 1, -1.95576687e-006, 0, 0, 0, 0, 0, 0, 0, 0.313206909, -0.114437939, -0.220386304, -0.301215413, 0.591944296, -0.747477467, -0.900390625, 0.0811767578, 0.427124023, 0.313554085, 0.80179239, 0.508815721, 0, 0, -0, 0, 0, 0, 0, 0.374744775, -0.056345459, -0.175249609, 0.0944351125, 0.480762337, -0.871653826, 0.501464844, -0.779296875, -0.375488281, -0.859952055, -0.401531243, -0.314760755, 0, 2, 3, 1, 
347.319989, 40, 0.1, 0.1, 0.0223843771, 0.362236516, -0.0349788368, 0.936713675, -1.08861206e-005, 0.350096403, 0.350096402, -9.18250509e-006, -0.936713675, 1.341194e-005, 1, -4.79018645e-006, 0.93671377, -9.10650675e-006, 0.350096149, 0.350096149, 1.84709633e-006, -0.93671377, 7.88352895e-006, 1, 4.91835351e-006, 0, 0, 0, 0, 0, 0, 0, 0.313206909, -0.114437939, -0.220386304, -0.301215413, 0.591944296, -0.747477467, -0.900390625, 0.0811767578, 0.427124023, 0.313554085, 0.80179239, 0.508815721, 0, 0, -0, 0, 0, 0, 0, 0.374744775, -0.056345459, -0.175249609, 0.0944351125, 0.480762337, -0.871653826, 0.501464844, -0.779296875, -0.375488281, -0.859952055, -0.401531243, -0.314760755, 0, 2, 3, 1, 
347.320718, 40, 0.1, 0.1, 0.0223843762, 0.36223652, -0.0349730693, 0.936713208, 1.32177614e-005, 0.350097651, 0.350097651, 9.86383827e-006, -0.936713208, -1.58345583e-005, 1, 4.61208038e-006, 0.936713294, 8.36547894e-006, 0.350097422, 0.350097422, 4.46884693e-006, -0.936713294, -9.40058713e-006, 1, 1.25729572e-006, 0, 0, 0, 0, 0, 0, 0, 0.313944849, -0.115571851, -0.220339551, -0.304129249, 0.591557506, -0.746576207, -0.900146484, 0.0778808594, 0.428344727, 0.311543753, 0.802471611, 0.509043751, 0, 0, -0, 0, 0, 0, 0, 0.375595264, -0.0575043945, -0.174809961, 0.0932852622, 0.481081332, -0.871602787, 0.504394531, -0.777587891, -0.375244141, -0.858354511, -0.404566283, -0.315246362, 0, 2, 3, 1, 
347.321415, 40, 0.1, 0.1, 0.0223843761, 0.362236522, -0.0349667947, 0.936712845, -2.42646022e-005, 0.350098621, 0.350098621, 1.88016715e-006, -0.936712846, 2.20707206e-005, 1, 1.02561805e-005, 0.936712905, -1.26332848e-005, 0.350098462, 0.350098462, -4.77871225e-006, -0.936712905, 1.35067807e-005, 1, -5.33878637e-008, 0, 0, 0, 0, 0, 0, 0, 0.313944849, -0.115571851, -0.220339551, -0.304129249, 0.591557506, -0.746576207, -0.900146484, 0.0778808594, 0.428344727, 0.311543753, 0.802471611, 0.509043751, 0, 0, -0, 0, 0, 0, 0, 0.375595264, -0.0575043945, -0.174809961, 0.0932852622, 0.481081332, -0.871602787, 0.504394531, -0.777587891, -0.375244141, -0.858354511, -0.404566283, -0.315246362, 0, 2, 3, 1, 
347.32211, 40, 0.1, 0.1, 0.0223843766, 0.362236524, -0.0349617936, 0.936712582, 2.67873816e-005, 0.350099327, 0.350099328, -1.05245857e-005, -0.936712582, -2.1407427e-005, 1, -1.92367562e-005, 0.936712632, 1.41370626e-005, 0.350099194, 0.350099194, -7.21614485e-006, -0.936712632, -1.07159986e-005, 1, -1.17088282e-005, 0, 0, 0, 0, 0, 0, 0, 0.313944849, -0.115571851, -0.220339551, -0.304129249, 0.591557506, -0.746576207, -0.900146484, 0.0778808594, 0.428344727, 0.311543753, 0.802471611, 0.509043751, 0, 0, -0, 0, 0, 0, 0, 0.375595264, -0.0575043945, -0.174809961, 0.0932852622, 0.481081332, -0.871602787, 0.504394531, -0.777587891, -0.375244141, -0.858354511, -0.404566283, -0.315246362, 0, 2, 3, 1, 
347.322803, 40, 0.1, 0.1, 0.0223843753, 0.362236525, -0.0349594291, 0.936712344, -3.17848386e-005, 0.350099963, 0.350099964, 2.14854363e-005, -0.936712344, 2.22512002e-005, 0.999999999, 3.12535443e-005, 0.936712389, -1.7437901e-005, 0.350099842, 0.350099843, 1.46157941e-005, -0.936712389, 1.12173107e-005, 1, 1.97958018e-005, 0, 0, 0, 0, 0, 0, 0, 0.313944849, -0.115571851, -0.220339551, -0.304129249, 0.591557506, -0.746576207, -0.900146484, 0.0778808594, 0.428344727, 0.311543753, 0.802471611, 0.509043751, 0, 0, -0, 0, 0, 0, 0, 0.375595264, -0.0575043945, -0.174809961, 0.0932852622, 0.481081332, -0.871602787, 0.504394531, -0.777587891, -0.375244141, -0.858354511, -0.404566283, -0.315246362, 0, 2, 3, 1, 
347.323497, 40, 0.1, 0.1, 0.0223843791, 0.362236523, -0.0349602156, 0.936712129, 1.80766492e-005, 0.350100539, 0.350100539, -7.21513598e-006, -0.936712129, -1.44065936e-005, 1, -1.308715e-005, 0.936712169, 5.31559896e-006, 0.350100431, 0.350100431, 2.7947094e-007, -0.936712169, -5.07702913e-006, 1, -1.59920966e-006, 0, 0, 0, 0, 0, 0, 0, 0.313944849, -0.115571851, -0.220339551, -0.304129249, 0.591557506, -0.746576207, -0.900146484, 0.0778808594, 0.428344727, 0.311543753, 0.802471611, 0.509043751, 0, 0, -0, 0, 0, 0, 0, 0.375595264, -0.0575043945, -0.174809961, 0.0932852622, 0.481081332, -0.871602787, 0.504394531, -0.777587891, -0.375244141, -0.858354511, -0.404566283, -0.315246362, 0, 2, 3, 1, 
347.324195, 40, 0.1, 0.1, 0.0223843795, 0.362236526, -0.0349637258, 0.936711946, -3.27994338e-005, 0.350101026, 0.350101027, 9.86564186e-006, -0.936711947, 2.72696502e-005, 0.999999999, 2.072438e-005, 0.936711981, -2.01818496e-005, 0.350100936, 0.350100936, 4.7178729e-006, -0.936711981, 1.72528486e-005, 1, 1.14849725e-005, 0, 0, 0, 0, 0, 0, 0, 0.313944849, -0.115571851, -0.220339551, -0.304129249, 0.591557506, -0.746576207, -0.900146484, 0.0778808594, 0.428344727, 0.311543753, 0.802471611, 0.509043751, 0, 0, -0, 0, 0, 0, 0, 0.375595264, -0.0575043945, -0.174809961, 0.0932852622, 0.481081332, -0.871602787, 0.504394531, -0.777587891, -0.375244141, -0.858354511, -0.404566283, -0.315246362, 0, 2, 3, 1, 
347.324891, 40, 0.1, 0.1, 0.022384384, 0.362236527, -0.0349687048, 0.936711792, 1.30997769e-005, 0.350101441, 0.350101441, -7.18841247e-006, -0.936711792, -9.75404195e-006, 1, -1.13197215e-005, 0.936711821, 1.09570012e-006, 0.350101364, 0.350101364, -2.92919473e-006, -0.936711821, -8.40179593e-010, 1, -3.12741744e-006, 0, 0, 0, 0, 0, 0, 0, 0.313944849, -0.115571851, -0.220339551, -0.304129249, 0.591557506, -0.746576207, -0.900146484, 0.0778808594, 0.428344727, 0.311543753, 0.802471611, 0.509043751, 0, 0, -0, 0, 0, 0, 0, 0.375595264, -0.0575043945, -0.174809961, 0.0932852622, 0.481081332, -0.871602787, 0.504394531, -0.777587891, -0.375244141, -0.858354511, -0.404566283, -0.315246362, 0, 2, 3, 1, 
347.325614, 40, 0.1, 0.1, 0.0223843818, 0.362236529, -0.0349734759, 0.936711644, -1.56550304e-005, 0.350101835, 0.350101836, 1.02876187e-005, -0.936711644, 1.10625351e-005, 1, 1.51173871e-005, 0.936711671, -7.42338492e-006, 0.350101763, 0.350101763, 6.14367878e-006, -0.936711671, 4.80265852e-006, 1, 8.35379577e-006, 0, 0, 0, 0, 0, 0, 0, 0.31483291, -0.116296631, -0.220298169, -0.308420623, 0.590403128, -0.745751331, -0.899780273, 0.0732421875, 0.430053711, 0.308639274, 0.803766774, 0.508789511, 0, 0, -0, 0, 0, 0, 0, 0.376311475, -0.0583154785, -0.174826074, 0.0900205455, 0.480486351, -0.872215992, 0.508178711, -0.775390625, -0.374633789, -0.856488278, -0.409415784, -0.314083385, 0, 2, 3, 1, 
347.326314, 40, 0.1, 0.1, 0.0223843818, 0.36223653, -0.0349765892, 0.936711517, 1.8015906e-005, 0.350102176, 0.350102176, -6.96123162e-006, -0.936711517, -1.44385643e-005, 1, -1.28280737e-005, 0.936711541, 9.64090378e-006, 0.350102112, 0.350102112, -2.44412123e-006, -0.936711541, -8.17505383e-006, 1, -5.66473733e-006, 0, 0, 0, 0, 0, 0, 0, 0.31483291, -0.116296631, -0.220298169, -0.308420623, 0.590403128, -0.745751331, -0.899780273, 0.0732421875, 0.430053711, 0.308639274, 0.803766774, 0.508789511, 0, 0, -0, 0, 0, 0, 0, 0.376311475, -0.0583154785, -0.174826074, 0.0900205455, 0.480486351, -0.872215992, 0.508178711, -0.775390625, -0.374633789, -0.856488278, -0.409415784, -0.314083385, 0, 2, 3, 1, 
347.327012, 40, 0.1, 0.1, 0.0223843789, 0.362236533, -0.0349774028, 0.936711411, -1.10640758e-005, 0.350102459, 0.350102459, 2.09302176e-006, -0.936711411, 9.63107399e-006, 1, 5.83411752e-006, 0.936711431, -3.70427697e-006, 0.350102407, 0.350102407, -7.16030384e-007, -0.936711431, 3.72052254e-006, 1, 6.26162437e-007, 0, 0, 0, 0, 0, 0, 0, 0.31483291, -0.116296631, -0.220298169, -0.308420623, 0.590403128, -0.745751331, -0.899780273, 0.0732421875, 0.430053711, 0.308639274, 0.803766774, 0.508789511, 0, 0, -0, 0, 0, 0, 0, 0.376311475, -0.0583154785, -0.174826074, 0.0900205455, 0.480486351, -0.872215992, 0.508178711, -0.775390625, -0.374633789, -0.856488278, -0.409415784, -0.314083385, 0, 2, 3, 1, 
347.327709, 40, 0.1, 0.1, 0.0223843781, 0.362236535, -0.0349758498, 0.936711307, 1.54873481e-005, 0.350102738, 0.350102738, 2.12541331e-006, -0.936711307, -1.52512871e-005, 1, -3.43126429e-006, 0.936711332, 1.06065821e-005, 0.350102672, 0.350102672, -1.72213635e-006, -0.936711332, -9.33238107e-006, 1, -5.32653736e-006, 0, 0, 0, 0, 0, 0, 0, 0.31483291, -0.116296631, -0.220298169, -0.308420623, 0.590403128, -0.745751331, -0.899780273, 0.0732421875, 0.430053711, 0.308639274, 0.803766774, 0.508789511, 0, 0, -0, 0, 0, 0, 0, 0.376311475, -0.0583154785, -0.174826074, 0.0900205455, 0.480486351, -0.872215992, 0.508178711, -0.775390625, -0.374633789, -0.856488278, -0.409415784, -0.314083385, 0, 2, 3, 1, 
347.328417, 40, 0.1, 0.1, 0.0223843769, 0.362236538, -0.0349724473, 0.936711165, -1.21890543e-005, 0.350103119, 0.350103119, -1.49004902e-005, -0.936711165, 1.66343313e-005, 1, -9.69002963e-006, 0.936711192, -6.2664377e-006, 0.350103045, 0.350103045, -9.75647689e-006, -0.936711192, 9.2856146e-006, 1, -6.94510218e-006, 0, 0, 0, 0, 0, 0, 0, 0.31483291, -0.116296631, -0.220298169, -0.308420623, 0.590403128, -0.745751331, -0.899780273, 0.0732421875, 0.430053711, 0.308639274, 0.803766774, 0.508789511, 0, 0, -0, 0, 0, 0, 0, 0.376311475, -0.0583154785, -0.174826074, 0.0900205455, 0.480486351, -0.872215992, 0.508178711, -0.775390625, -0.374633789, -0.856488278, -0.409415784, -0.314083385, 0, 2, 3, 1, 
347.329117, 40, 0.1, 0.1, 0.0223843769, 0.362236541, -0.0349683939, 0.936711063, 1.62572652e-005, 0.350103392, 0.350103392, 5.84286979e-006, -0.936711063, -1.72739687e-005, 1, -2.18642904e-007, 0.936711081, 9.17528602e-006, 0.350103342, 0.350103342, 1.25418159e-006, -0.936711081, -9.03368525e-006, 1, -2.03749251e-006, 0, 0, 0, 0, 0, 0, 0, 0.31483291, -0.116296631, -0.220298169, -0.308420623, 0.590403128, -0.745751331, -0.899780273, 0.0732421875, 0.430053711, 0.308639274, 0.803766774, 0.508789511, 0, 0, -0, 0, 0, 0, 0, 0.376311475, -0.0583154785, -0.174826074, 0.0900205455, 0.480486351, -0.872215992, 0.508178711, -0.775390625, -0.374633789, -0.856488278, -0.409415784, -0.314083385, 0, 2, 3, 1, 
347.329825, 40, 0.1, 0.1, 0.0223843763, 0.362236543, -0.0349649144, 0.936710947, -1.69853344e-005, 0.350103702, 0.350103701, -1.88477148e-005, -0.936710947, 2.25090034e-005, 1, -1.17082323e-005, 0.936710971, -9.12864749e-006, 0.350103636, 0.350103636, -1.09908493e-005, -0.936710971, 1.23988406e-005, 1, -7.09927645e-006, 0, 0, 0, 0, 0, 0, 0, 0.31483291, -0.116296631, -0.220298169, -0.313080813, 0.589248751, -0.744691311, -0.899658203, 0.0671386719, 0.431396484, 0.304186514, 0.805061937, 0.509239581, 0, 0, -0, 0, 0, 0, 0, 0.376311475, -0.0583154785, -0.174826074, 0.0900205455, 0.480486351, -0.872215992, 0.508178711, -0.775390625, -0.374633789, -0.856488278, -0.409415784, -0.314083385, 0, 2, 3, 1, 
347.330541, 40, 0.1, 0.1, 0.0223843786, 0.362236542, -0.0349626707, 0.936710875, 1.10641406e-005, 0.350103893, 0.350103893, 2.55226248e-005, -0.936710875, -1.92994711e-005, 1, 2.00337215e-005, 0.93671088, 1.40492975e-006, 0.350103881, 0.350103881, 2.22883621e-005, -0.93671088, -9.11925507e-006, 1, 2.038588e-005, 0, 0, 0, 0, 0, 0, 0, 0.31547417, -0.116798169, -0.220242627, -0.313080813, 0.589248751, -0.744691311, -0.899658203, 0.0671386719, 0.431396484, 0.304186514, 0.805061937, 0.509239581, 0, 0, -0, 0, 0, 0, 0, 0.377033057, -0.0588989258, -0.174619189, 0.0865323485, 0.480408692, -0.872643995, 0.513427734, -0.772094727, -0.374145508, -0.853663592, -0.415683824, -0.313514657, 0, 2, 3, 1, 
347.331237, 40, 0.1, 0.1, 0.0223843766, 0.362236544, -0.034962674, 0.936710919, -1.73612751e-005, 0.350103776, 0.350103776, -6.69274952e-006, -0.936710919, 1.86056528e-005, 1, -1.90923589e-007, 0.9367109, -6.17860235e-006, 0.350103827, 0.350103827, -9.75936024e-006, -0.9367109, 9.20435353e-006, 1, -6.97854679e-006, 0, 0, 0, 0, 0, 0, 0, 0.31547417, -0.116798169, -0.220242627, -0.313080813, 0.589248751, -0.744691311, -0.899658203, 0.0671386719, 0.431396484, 0.304186514, 0.805061937, 0.509239581, 0, 0, -0, 0, 0, 0, 0, 0.377033057, -0.0588989258, -0.174619189, 0.0865323485, 0.480408692, -0.872643995, 0.513427734, -0.772094727, -0.374145508, -0.853663592, -0.415683824, -0.313514657, 0, 2, 3, 1, 
347.331929, 40, 0.1, 0.1, 0.0223843782, 0.362236542, -0.0349647567, 0.93671107, 1.99292691e-005, 0.350103372, 0.350103372, 3.94052325e-006, -0.93671107, -2.00475575e-005, 1, -3.28617258e-006, 0.936711031, 6.54317164e-006, 0.350103476, 0.350103476, 1.32474092e-005, -0.936711031, -1.07670251e-005, 1, 1.01182072e-005, 0, 0, 0, 0, 0, 0, 0, 0.31547417, -0.116798169, -0.220242627, -0.313080813, 0.589248751, -0.744691311, -0.899658203, 0.0671386719, 0.431396484, 0.304186514, 0.805061937, 0.509239581, 0, 0, -0, 0, 0, 0, 0, 0.377033057, -0.0588989258, -0.174619189, 0.0865323485, 0.480408692, -0.872643995, 0.513427734, -0.772094727, -0.374145508, -0.853663592, -0.415683824, -0.313514657, 0, 2, 3, 1, 
347.332654, 40, 0.1, 0.1, 0.0223843758, 0.362236545, -0.0349680971, 0.93671128, -2.03489043e-005, 0.350102809, 0.350102809, 3.17479648e-006, -0.936711281, 1.7949543e-005, 1, 1.00980762e-005, 0.936711241, -1.02885364e-005, 0.350102913, 0.350102913, 2.03804381e-006, -0.936711242, 8.92386261e-006, 1, 5.51110511e-006, 0, 0, 0, 0, 0, 0, 0, 0.316019507, -0.117730566, -0.219784668, -0.315322541, 0.588417883, -0.74449436, -0.899902344, 0.0633544922, 0.431274414, 0.300957403, 0.806058677, 0.509702754, 0, 0, -0, 0, 0, 0, 0, 0.377161084, -0.0594535645, -0.17442085, 0.0843092068, 0.480299317, -0.8730082, 0.517822266, -0.76953125, -0.373413086, -0.851196914, -0.420482285, -0.313552936, 0, 2, 3, 1, 
347.333354, 40, 0.1, 0.1, 0.0223843768, 0.362236549, -0.0349713542, 0.936711434, 1.62321674e-005, 0.350102397, 0.350102397, -8.42746994e-006, -0.936711434, -1.22543794e-005, 1, -1.35770282e-005, 0.936711412, 8.72863566e-006, 0.350102457, 0.350102457, -1.12246103e-005, -0.936711412, -4.24644898e-006, 1, -1.35701374e-005, 0, 0, 0, 0, 0, 0, 0, 0.316019507, -0.117730566, -0.219784668, -0.315322541, 0.588417883, -0.74449436, -0.899902344, 0.0633544922, 0.431274414, 0.300957403, 0.806058677, 0.509702754, 0, 0, -0, 0, 0, 0, 0, 0.377161084, -0.0594535645, -0.17442085, 0.0843092068, 0.480299317, -0.8730082, 0.517822266, -0.76953125, -0.373413086, -0.851196914, -0.420482285, -0.313552936, 0, 2, 3, 1, 
347.334048, 40, 0.1, 0.1, 0.0223843755, 0.36223655, -0.0349738806, 0.936711491, -1.22262813e-005, 0.350102245, 0.350102245, -3.88108655e-006, -0.936711491, 1.28112753e-005, 1, 6.44990171e-007, 0.936711488, -7.92325767e-006, 0.350102254, 0.350102254, 2.94039552e-006, -0.936711488, 6.39236739e-006, 1, 5.52825263e-006, 0, 0, 0, 0, 0, 0, 0, 0.316019507, -0.117730566, -0.219784668, -0.315322541, 0.588417883, -0.74449436, -0.899902344, 0.0633544922, 0.431274414, 0.300957403, 0.806058677, 0.509702754, 0, 0, -0, 0, 0, 0, 0, 0.377161084, -0.0594535645, -0.17442085, 0.0843092068, 0.480299317, -0.8730082, 0.517822266, -0.76953125, -0.373413086, -0.851196914, -0.420482285, -0.313552936, 0, 2, 3, 1, 
347.33474, 40, 0.1, 0.1, 0.0223843744, 0.362236554, -0.0349750329, 0.936711462, 1.30744782e-005, 0.350102323, 0.350102323, 7.42120583e-006, -0.936711462, -1.4845195e-005, 1, 2.37412337e-006, 0.936711475, 1.0242185e-005, 0.35010229, 0.35010229, -3.55879296e-006, -0.936711475, -8.34803063e-006, 1, -6.91937461e-006, 0, 0, 0, 0, 0, 0, 0, 0.316019507, -0.117730566, -0.219784668, -0.315322541, 0.588417883, -0.74449436, -0.899902344, 0.0633544922, 0.431274414, 0.300957403, 0.806058677, 0.509702754, 0, 0, -0, 0, 0, 0, 0, 0.377161084, -0.0594535645, -0.17442085, 0.0843092068, 0.480299317, -0.8730082, 0.517822266, -0.76953125, -0.373413086, -0.851196914, -0.420482285, -0.313552936, 0, 2, 3, 1, 
347.335437, 40, 0.1, 0.1, 0.0223843728, 0.362236555, -0.0349745537, 0.936711388, -8.94232995e-006, 0.350102521, 0.35010252, -1.28795086e-005, -0.936711388, 1.28855307e-005, 1, -8.93365013e-006, 0.936711403, -3.88040776e-006, 0.350102482, 0.350102482, -7.04902677e-006, -0.936711403, 6.10270396e-006, 1, -5.24436337e-006, 0, 0, 0, 0, 0, 0, 0, 0.316019507, -0.117730566, -0.219784668, -0.315322541, 0.588417883, -0.74449436, -0.899902344, 0.0633544922, 0.431274414, 0.300957403, 0.806058677, 0.509702754, 0, 0, -0, 0, 0, 0, 0, 0.377161084, -0.0594535645, -0.17442085, 0.0843092068, 0.480299317, -0.8730082, 0.517822266, -0.76953125, -0.373413086, -0.851196914, -0.420482285, -0.313552936, 0, 2, 3, 1, 
347.336133, 40, 0.1, 0.1, 0.0223843731, 0.362236556, -0.0349726656, 0.936711344, 1.09550466e-005, 0.350102639, 0.350102639, 1.56446487e-005, -0.936711344, -1.57389493e-005, 1, 1.08191292e-005, 0.936711347, 4.07517693e-006, 0.350102632, 0.350102632, 1.38727615e-005, -0.936711346, -8.67415477e-006, 1, 1.15680429e-005, 0, 0, 0, 0, 0, 0, 0, 0.316019507, -0.117730566, -0.219784668, -0.315322541, 0.588417883, -0.74449436, -0.899902344, 0.0633544922, 0.431274414, 0.300957403, 0.806058677, 0.509702754, 0, 0, -0, 0, 0, 0, 0, 0.377161084, -0.0594535645, -0.17442085, 0.0843092068, 0.480299317, -0.8730082, 0.517822266, -0.76953125, -0.373413086, -0.851196914, -0.420482285, -0.313552936, 0, 2, 3, 1, 
347.336843, 40, 0.1, 0.1, 0.0223843717, 0.362236559, -0.0349698625, 0.936711382, -1.60679284e-005, 0.350102537, 0.350102537, -9.07448235e-006, -0.936711382, 1.82280107e-005, 1, -2.8747484e-006, 0.936711366, -6.66170825e-006, 0.350102581, 0.35010258, -1.21562546e-005, -0.936711366, 1.04960339e-005, 1, -9.05462062e-006, 0, 0, 0, 0, 0, 0, 0, 0.316019507, -0.117730566, -0.219784668, -0.315322541, 0.588417883, -0.74449436, -0.899902344, 0.0633544922, 0.431274414, 0.300957403, 0.806058677, 0.509702754, 0, 0, -0, 0, 0, 0, 0, 0.377161084, -0.0594535645, -0.17442085, 0.0843092068, 0.480299317, -0.8730082, 0.517822266, -0.76953125, -0.373413086, -0.851196914, -0.420482285, -0.313552936, 0, 2, 3, 1, 
347.337567, 40, 0.1, 0.1, 0.0223843728, 0.362236559, -0.0349667841, 0.93671152, 2.05800049e-005, 0.350102169, 0.350102169, 2.03884839e-006, -0.93671152, -1.99913329e-005, 1, -5.29529156e-006, 0.936711485, 8.39610453e-006, 0.350102261, 0.350102261, 1.03492133e-005, -0.936711485, -1.14880105e-005, 1, 6.7547318e-006, 0, 0, 0, 0, 0, 0, 0, 0.316477441, -0.118238208, -0.219528223, -0.319246222, 0.587142938, -0.743853331, -0.899780273, 0.0583496094, 0.432250977, 0.297253135, 0.807372936, 0.509848409, 0, 0, -0, 0, 0, 0, 0, 0.376924756, -0.0600467773, -0.174423535, 0.080022238, 0.479927816, -0.873538283, 0.522216797, -0.766601563, -0.373291016, -0.848947153, -0.426290239, -0.312012995, 0, 2, 3, 1, 
347.338262, 40, 0.1, 0.1, 0.022384371, 0.36223656, -0.0349647744, 0.936711699, -2.30854645e-005, 0.350101688, 0.350101688, 5.67957676e-006, -0.936711699, 1.96359953e-005, 1, 1.34023861e-005, 0.936711665, -1.22478514e-005, 0.35010178, 0.35010178, 3.74258118e-006, -0.936711665, 1.01624209e-005, 1, 7.79371402e-006, 0, 0, 0, 0, 0, 0, 0, 0.316477441, -0.118238208, -0.219528223, -0.319246222, 0.587142938, -0.743853331, -0.899780273, 0.0583496094, 0.432250977, 0.297253135, 0.807372936, 0.509848409, 0, 0, -0, 0, 0, 0, 0, 0.376924756, -0.0600467773, -0.174423535, 0.080022238, 0.479927816, -0.873538283, 0.522216797, -0.766601563, -0.373291016, -0.848947153, -0.426290239, -0.312012995, 0, 2, 3, 1, 
347.33896, 40, 0.1, 0.1, 0.0223843715, 0.362236563, -0.0349643215, 0.936711831, 2.20418533e-005, 0.350101335, 0.350101335, -4.37088874e-006, -0.936711831, -1.91166108e-005, 1, -1.18111455e-005, 0.936711814, 1.3118423e-005, 0.350101381, 0.350101381, -8.59224715e-006, -0.936711814, -9.28002423e-006, 1, -1.26412374e-005, 0, 0, 0, 0, 0, 0, 0, 0.316477441, -0.118238208, -0.219528223, -0.319246222, 0.587142938, -0.743853331, -0.899780273, 0.0583496094, 0.432250977, 0.297253135, 0.807372936, 0.509848409, 0, 0, -0, 0, 0, 0, 0, 0.376924756, -0.0600467773, -0.174423535, 0.080022238, 0.479927816, -0.873538283, 0.522216797, -0.766601563, -0.373291016, -0.848947153, -0.426290239, -0.312012995, 0, 2, 3, 1, 
347.339654, 40, 0.1, 0.1, 0.0223843705, 0.362236562, -0.0349654369, 0.93671185, -1.8881166e-005, 0.350101286, 0.350101286, -1.98249264e-007, -0.93671185, 1.77556193e-005, 1, 6.42461807e-006, 0.936711857, -1.26973078e-005, 0.350101267, 0.350101267, 9.38229758e-006, -0.936711857, 8.60896453e-006, 1, 1.32338529e-005, 0, 0, 0, 0, 0, 0, 0, 0.316477441, -0.118238208, -0.219528223, -0.319246222, 0.587142938, -0.743853331, -0.899780273, 0.0583496094, 0.432250977, 0.297253135, 0.807372936, 0.509848409, 0, 0, -0, 0, 0, 0, 0, 0.376924756, -0.0600467773, -0.174423535, 0.080022238, 0.479927816, -0.873538283, 0.522216797, -0.766601563, -0.373291016, -0.848947153, -0.426290239, -0.312012995, 0, 2, 3, 1, 
347.340355, 40, 0.1, 0.1, 0.0223843704, 0.362236566, -0.0349677346, 0.936711755, 1.45104692e-005, 0.350101539, 0.350101539, 1.06236364e-005, -0.936711755, -1.73114785e-005, 1, 4.87114755e-006, 0.936711783, 1.04193054e-005, 0.350101465, 0.350101465, -3.0306229e-006, -0.936711783, -8.69886066e-006, 1, -6.48663428e-006, 0, 0, 0, 0, 0, 0, 0, 0.316477441, -0.118238208, -0.219528223, -0.319246222, 0.587142938, -0.743853331, -0.899780273, 0.0583496094, 0.432250977, 0.297253135, 0.807372936, 0.509848409, 0, 0, -0, 0, 0, 0, 0, 0.376924756, -0.0600467773, -0.174423535, 0.080022238, 0.479927816, -0.873538283, 0.522216797, -0.766601563, -0.373291016, -0.848947153, -0.426290239, -0.312012995, 0, 2, 3, 1, 
347.341051, 40, 0.1, 0.1, 0.0223843687, 0.362236567, -0.0349704092, 0.936711614, -1.05559013e-005, 0.350101915, 0.350101915, -1.58084471e-005, -0.936711614, 1.54224029e-005, 1, -1.11123147e-005, 0.936711642, -4.45649509e-006, 0.350101842, 0.350101842, -7.99425401e-006, -0.936711642, 6.97325389e-006, 1, -5.92808366e-006, 0, 0, 0, 0, 0, 0, 0, 0.316477441, -0.118238208, -0.219528223, -0.319246222, 0.587142938, -0.743853331, -0.899780273, 0.0583496094, 0.432250977, 0.297253135, 0.807372936, 0.509848409, 0, 0, -0, 0, 0, 0, 0, 0.376924756, -0.0600467773, -0.174423535, 0.080022238, 0.479927816, -0.873538283, 0.522216797, -0.766601563, -0.373291016, -0.848947153, -0.426290239, -0.312012995, 0, 2, 3, 1, 
347.341745, 40, 0.1, 0.1, 0.0223843698, 0.362236569, -0.0349726824, 0.936711512, 9.4296699e-006, 0.350102191, 0.350102191, 1.16780118e-005, -0.936711512, -1.29213779e-005, 1, 7.63758001e-006, 0.936711525, 2.38453952e-006, 0.350102156, 0.350102156, 9.73491993e-006, -0.936711525, -5.6418421e-006, 1, 8.28397926e-006, 0, 0, 0, 0, 0, 0, 0, 0.316477441, -0.118238208, -0.219528223, -0.319246222, 0.587142938, -0.743853331, -0.899780273, 0.0583496094, 0.432250977, 0.297253135, 0.807372936, 0.509848409, 0, 0, -0, 0, 0, 0, 0, 0.376924756, -0.0600467773, -0.174423535, 0.080022238, 0.479927816, -0.873538283, 0.522216797, -0.766601563, -0.373291016, -0.848947153, -0.426290239, -0.312012995, 0, 2, 3, 1, 
347.342466, 40, 0.1, 0.1, 0.0223843678, 0.362236573, -0.0349737311, 0.936711495, -1.17964599e-005, 0.350102234, 0.350102234, -1.22761711e-005, -0.936711495, 1.53477945e-005, 1, -7.36926359e-006, 0.93671149, -3.61056142e-006, 0.350102248, 0.350102248, -1.48896372e-005, -0.93671149, 8.59494983e-006, 1, -1.26832286e-005, 0, 0, 0, 0, 0, 0, 0, 0.316553833, -0.119455615, -0.219110059, -0.321976211, 0.585062213, -0.744323618, -0.899658203, 0.0557861328, 0.432983398, 0.294842908, 0.809062001, 0.508439792, 0, 0, -0, 0, 0, 0, 0, 0.377029102, -0.0613885742, -0.174480908, 0.0777925331, 0.477761177, -0.874943696, 0.524780273, -0.76574707, -0.371459961, -0.847585849, -0.430200243, -0.310319569, 0, 2, 3, 1, 
347.343253, 40, 0.1, 0.1, 0.0223843673, 0.362236575, -0.0349729568, 0.936711585, 2.09089099e-005, 0.350101994, 0.350101994, -5.47824387e-006, -0.936711585, -1.76676741e-005, 1, -1.24517856e-005, 0.936711546, 5.6222612e-006, 0.350102098, 0.350102098, 4.47030624e-006, -0.936711546, -6.83150058e-006, 1, 2.21902203e-006, 0, 0, 0, 0, 0, 0, 0, 0.316553833, -0.119455615, -0.219110059, -0.321976211, 0.585062213, -0.744323618, -0.899658203, 0.0557861328, 0.432983398, 0.294842908, 0.809062001, 0.508439792, 0, 0, -0, 0, 0, 0, 0, 0.377029102, -0.0613885742, -0.174480908, 0.0777925331, 0.477761177, -0.874943696, 0.524780273, -0.76574707, -0.371459961, -0.847585849, -0.430200243, -0.310319569, 0, 2, 3, 1, 
347.344167, 40, 0.1, 0.1, 0.0223843628, 0.362236579, -0.0349670682, 0.936711771, -6.7483592e-006, 0.350101497, 0.350101497, 1.09976965e-005, -0.936711771, 2.47095748e-006, 1, 1.26642825e-005, 0.936711738, -6.77721526e-006, 0.350101585, 0.350101585, 4.53543854e-006, -0.936711738, 4.76043286e-006, 1, 6.62111232e-006, 0, 0, 0, 0, 0, 0, 0, 0.316553833, -0.119455615, -0.219110059, -0.321976211, 0.585062213, -0.744323618, -0.899658203, 0.0557861328, 0.432983398, 0.294842908, 0.809062001, 0.508439792, 0, 0, -0, 0, 0, 0, 0, 0.377029102, -0.0613885742, -0.174480908, 0.0777925331, 0.477761177, -0.874943696, 0.524780273, -0.76574707, -0.371459961, -0.847585849, -0.430200243, -0.310319569, 0, 2, 3, 1, 
347.344877, 40, 0.1, 0.1, 0.0223843626, 0.362236581, -0.0349629195, 0.936711976, -8.43017842e-006, 0.350100947, 0.350100947, -1.5304344e-005, -0.936711976, 1.32547144e-005, 1, -1.13843489e-005, 0.936711931, -4.0940767e-006, 0.350101069, 0.350101068, -1.52836038e-005, -0.936711931, 9.1857765e-006, 1, -1.28829934e-005, 0, 0, 0, 0, 0, 0, 0, 0.316553833, -0.119455615, -0.219110059, -0.321976211, 0.585062213, -0.744323618, -0.899658203, 0.0557861328, 0.432983398, 0.294842908, 0.809062001, 0.508439792, 0, 0, -0, 0, 0, 0, 0, 0.376860889, -0.061368457, -0.174520215, 0.0744640173, 0.476527105, -0.875933865, 0.529296875, -0.763305664, -0.370239258, -0.845112608, -0.435976114, -0.30907347, 0, 2, 3, 1, 
347.34558, 40, 0.1, 0.1, 0.0223843638, 0.362236579, -0.034960877, 0.936712194, -1.38028939e-006, 0.350100366, 0.350100366, 1.03423655e-005, -0.936712194, -2.32793204e-006, 1, 1.01710597e-005, 0.936712155, -6.93035751e-006, 0.350100468, 0.350100468, 1.66294269e-005, -0.936712155, 6.69779977e-007, 1, 1.80033077e-005, 0, 0, 0, 0, 0, 0, 0, 0.316553833, -0.119455615, -0.219110059, -0.321976211, 0.585062213, -0.744323618, -0.899658203, 0.0557861328, 0.432983398, 0.294842908, 0.809062001, 0.508439792, 0, 0, -0, 0, 0, 0, 0, 0.376860889, -0.061368457, -0.174520215, 0.0744640173, 0.476527105, -0.875933865, 0.529296875, -0.763305664, -0.370239258, -0.845112608, -0.435976114, -0.30907347, 0, 2, 3, 1, 
