time, trialNum, realDorsalTactorPos, realVentralTactorPos, boxPosX, boxPosY, boxPosZ, boxLocalRot_11, boxLocalRot_12, boxLocalRot_13, boxLocalRot_21, boxLocalRot_22, boxLocalRot_23, boxLocalRot_31, boxLocalRot_32, boxLocalRot_33, boxGlobalRot_11, boxGlobalRot_12, boxGlobalRot_13, boxGlobalRot_21, boxGlobalRot_22, boxGlobalRot_23, boxGlobalRot_31, boxGlobalRot_32, boxGlobalRot_33, indexForceX, indexForceY, indexForceZ, indexForceGlobalX, indexForceGlobalY, indexForceGlobalZ, indexContact, indexPosX, indexPosY, indexPosZ, indexRot_11, indexRot_12, indexRot_13, indexRot_21, indexRot_22, indexRot_23, indexRot_31, indexRot_32, indexRot_33, thumbForceX, thumbForceY, thumbForceZ, thumbForceGlobalX, thumbForceGlobalY, thumbForceGlobalZ, thumbContact, thumbPosX, thumbPosY, thumbPosZ, thumbRot_11, thumbRot_12, thumbRot_13, thumbRot_21, thumbRot_22, thumbRot_23, thumbRot_31, thumbRot_32, thumbRot_33, manipForceTooHigh, cceExpType, mapping, trialSuccess, 
389.489714, 40, 0.1, 0.1, 0.0262872634, 0.370430089, -0.0349755538, 0.93678217, -0.349913083, 2.28506643e-006, 0.349913083, 0.93678217, 2.28776562e-006, -2.94112861e-006, -1.34356341e-006, 1, 0.936782173, -0.349913076, 4.51417547e-006, 0.349913076, 0.936782173, 3.1219337e-006, -5.32120453e-006, -1.34500281e-006, 1, 0, 0, 0, 0, 0, 0, 0, 0.22225542, 0.0301497803, -0.208529736, -0.173609287, 0.763613364, -0.621796393, -0.684448242, 0.360351562, 0.633666992, 0.7079942, 0.535699472, 0.460360057, 0, -0, 0, 0, 0, 0, 0, 0.313682178, 0.042017334, -0.180773779, 0.191657265, 0.417454959, -0.888196386, -0.0445556641, -0.900268555, -0.432739258, -0.980331838, 0.122554361, -0.153865358, 0, 2, 1, 1, 
389.50507, 40, 0.1, 0.1, 0.0262872874, 0.37043007, -0.0349687423, 0.936778304, -0.349923431, 2.45482283e-005, 0.349923432, 0.936778304, -2.03092559e-005, -1.58895631e-005, 2.76152706e-005, 0.999999999, 0.936778319, -0.349923393, 2.0656092e-005, 0.349923394, 0.936778319, -9.60158307e-006, -1.59903607e-005, 1.62226047e-005, 1, 0, 0, 0, 0, 0, 0, 0, 0.239271338, 0.0114249512, -0.205940747, -0.179727504, 0.749448923, -0.637225658, -0.710449219, 0.349121094, 0.610961914, 0.680289902, 0.562537694, 0.469848553, 0, -0, 0, 0, 0, 0, 0, 0.328968896, 0.0253895508, -0.17636958, 0.199816691, 0.400970559, -0.893912856, -0.00268554688, -0.912109375, -0.409790039, -0.979719733, 0.0843671961, -0.181224094, 0, 2, 1, 1, 
389.505765, 40, 0.1, 0.1, 0.0262872853, 0.370430072, -0.0349642369, 0.936778297, -0.349923452, -1.95576715e-006, 0.349923452, 0.936778297, 1.57633447e-005, -3.68384378e-006, -1.5451128e-005, 1, 0.936778289, -0.349923472, -2.02249114e-006, 0.349923472, 0.936778289, -6.46081819e-006, 4.15541773e-006, 5.34463709e-006, 1, 0, 0, 0, 0, 0, 0, 0, 0.239271338, 0.0114249512, -0.205940747, -0.179727504, 0.749448923, -0.637225658, -0.710449219, 0.349121094, 0.610961914, 0.680289902, 0.562537694, 0.469848553, 0, -0, 0, 0, 0, 0, 0, 0.328968896, 0.0253895508, -0.17636958, 0.199816691, 0.400970559, -0.893912856, -0.00268554688, -0.912109375, -0.409790039, -0.979719733, 0.0843671961, -0.181224094, 0, 2, 1, 1, 
389.506459, 40, 0.1, 0.1, 0.0262872905, 0.370430062, -0.0349616954, 0.936778275, -0.349923511, -1.44291114e-005, 0.349923511, 0.936778275, 3.20781585e-006, 1.23943879e-005, -8.0540975e-006, 1, 0.936778287, -0.349923478, -2.25651018e-005, 0.349923478, 0.936778287, 1.7031003e-005, 1.51789496e-005, -2.38503327e-005, 1, 0, 0, 0, 0, 0, 0, 0, 0.239271338, 0.0114249512, -0.205940747, -0.179727504, 0.749448923, -0.637225658, -0.710449219, 0.349121094, 0.610961914, 0.680289902, 0.562537694, 0.469848553, 0, -0, 0, 0, 0, 0, 0, 0.328968896, 0.0253895508, -0.17636958, 0.199816691, 0.400970559, -0.893912856, -0.00268554688, -0.912109375, -0.409790039, -0.979719733, 0.0843671961, -0.181224094, 0, 2, 1, 1, 
389.507153, 40, 0.1, 0.1, 0.0262872823, 0.370430067, -0.0349616702, 0.936778151, -0.349923842, 2.57248539e-005, 0.349923842, 0.936778151, -1.52831601e-005, -1.8750539e-005, 2.33186702e-005, 1, 0.936778178, -0.349923768, 3.36359557e-005, 0.349923769, 0.936778178, -2.19797017e-005, -2.38182093e-005, 3.23601253e-005, 0.999999999, 0, 0, 0, 0, 0, 0, 0, 0.239271338, 0.0114249512, -0.205940747, -0.179727504, 0.749448923, -0.637225658, -0.710449219, 0.349121094, 0.610961914, 0.680289902, 0.562537694, 0.469848553, 0, -0, 0, 0, 0, 0, 0, 0.328968896, 0.0253895508, -0.17636958, 0.199816691, 0.400970559, -0.893912856, -0.00268554688, -0.912109375, -0.409790039, -0.979719733, 0.0843671961, -0.181224094, 0, 2, 1, 1, 
389.507843, 40, 0.1, 0.1, 0.0262872895, 0.37043006, -0.0349639963, 0.936778017, -0.3499242, -3.3780834e-005, 0.349924201, 0.936778017, 2.51237885e-005, 2.28537211e-005, -3.53561442e-005, 0.999999999, 0.936778041, -0.349924136, -3.62268681e-005, 0.349924137, 0.936778041, 2.48256288e-005, 2.52494478e-005, -3.59327595e-005, 0.999999999, 0, 0, 0, 0, 0, 0, 0, 0.239271338, 0.0114249512, -0.205940747, -0.179727504, 0.749448923, -0.637225658, -0.710449219, 0.349121094, 0.610961914, 0.680289902, 0.562537694, 0.469848553, 0, -0, 0, 0, 0, 0, 0, 0.328968896, 0.0253895508, -0.17636958, 0.199816691, 0.400970559, -0.893912856, -0.00268554688, -0.912109375, -0.409790039, -0.979719733, 0.0843671961, -0.181224094, 0, 2, 1, 1, 
389.508535, 40, 0.1, 0.1, 0.0262872845, 0.370430056, -0.0349678944, 0.936777907, -0.349924495, 4.39051551e-005, 0.349924495, 0.936777907, -1.11043453e-005, -3.72436969e-005, 2.57657945e-005, 0.999999999, 0.936777927, -0.349924441, 3.61042309e-005, 0.349924442, 0.936777927, -6.50983856e-006, -3.1543695e-005, 1.87320259e-005, 0.999999999, 0, 0, 0, 0, 0, 0, 0, 0.239271338, 0.0114249512, -0.205940747, -0.179727504, 0.749448923, -0.637225658, -0.710449219, 0.349121094, 0.610961914, 0.680289902, 0.562537694, 0.469848553, 0, -0, 0, 0, 0, 0, 0, 0.328968896, 0.0253895508, -0.17636958, 0.199816691, 0.400970559, -0.893912856, -0.00268554688, -0.912109375, -0.409790039, -0.979719733, 0.0843671961, -0.181224094, 0, 2, 1, 1, 
389.509253, 40, 0.1, 0.1, 0.0262872786, 0.370430056, -0.034972031, 0.936777834, -0.34992469, -1.81487364e-005, 0.34992469, 0.936777834, 1.19198284e-005, 1.28302917e-005, -1.7516922e-005, 1, 0.936777838, -0.349924681, -1.29609973e-006, 0.349924681, 0.936777838, -5.6306876e-007, 1.41118916e-006, 7.39330523e-008, 1, 0, 0, 0, 0, 0, 0, 0, 0.242100977, 0.00865192871, -0.205366968, -0.180758688, 0.747300049, -0.639299269, -0.716430664, 0.345214844, 0.606201172, 0.673779261, 0.567698127, 0.473143187, 0, 0, 0, 0, 0, 0, 0, 0.331800635, 0.0228836914, -0.17539668, 0.201976401, 0.399161195, -0.894309877, 0.00573730469, -0.913574219, -0.406494141, -0.979247253, 0.0770579472, -0.186789244, 0, 2, 1, 1, 
389.509947, 40, 0.1, 0.1, 0.0262872868, 0.370430045, -0.0349750173, 0.936777838, -0.349924681, -7.38997416e-006, 0.349924681, 0.936777838, 2.04653349e-005, -2.38561775e-007, -2.17574065e-005, 1, 0.936777835, -0.349924687, -2.11491664e-005, 0.349924687, 0.936777835, 2.55766041e-005, 1.08621851e-005, -3.13602113e-005, 0.999999999, 0, 0, 0, 0, 0, 0, 0, 0.242100977, 0.00865192871, -0.205366968, -0.180758688, 0.747300049, -0.639299269, -0.716430664, 0.345214844, 0.606201172, 0.673779261, 0.567698127, 0.473143187, 0, 0, 0, 0, 0, 0, 0, 0.331800635, 0.0228836914, -0.17539668, 0.201976401, 0.399161195, -0.894309877, 0.00573730469, -0.913574219, -0.406494141, -0.979247253, 0.0770579472, -0.186789244, 0, 2, 1, 1, 
389.510638, 40, 0.1, 0.1, 0.0262872839, 0.370430048, -0.0349762827, 0.936777935, -0.349924422, 1.87208446e-006, 0.349924421, 0.936777934, -3.29953167e-005, 9.79213971e-006, 3.15643727e-005, 0.999999999, 0.936777907, -0.349924495, 1.02961864e-005, 0.349924495, 0.936777907, -2.74999024e-005, -2.23504245e-008, 2.93641889e-005, 1, 0, 0, 0, 0, 0, 0, 0, 0.242100977, 0.00865192871, -0.205366968, -0.180758688, 0.747300049, -0.639299269, -0.716430664, 0.345214844, 0.606201172, 0.673779261, 0.567698127, 0.473143187, 0, 0, 0, 0, 0, 0, 0, 0.331800635, 0.0228836914, -0.17539668, 0.201976401, 0.399161195, -0.894309877, 0.00573730469, -0.913574219, -0.406494141, -0.979247253, 0.0770579472, -0.186789244, 0, 2, 1, 1, 
389.511337, 40, 0.1, 0.1, 0.0262872858, 0.37043005, -0.0349755657, 0.936778111, -0.349923949, -2.84192736e-007, 0.349923949, 0.936778111, 1.68323197e-005, -5.62380624e-006, -1.58675945e-005, 1, 0.936778069, -0.349924061, -7.41527714e-006, 0.349924061, 0.936778069, 3.27729614e-006, 5.79966423e-006, -5.66488304e-006, 1, 0, 0, 0, 0, 0, 0, 0, 0.242100977, 0.00865192871, -0.205366968, -0.180758688, 0.747300049, -0.639299269, -0.716430664, 0.345214844, 0.606201172, 0.673779261, 0.567698127, 0.473143187, 0, 0, 0, 0, 0, 0, 0, 0.331800635, 0.0228836914, -0.17539668, 0.201976401, 0.399161195, -0.894309877, 0.00573730469, -0.913574219, -0.406494141, -0.979247253, 0.0770579472, -0.186789244, 0, 2, 1, 1, 
389.512028, 40, 0.1, 0.1, 0.0262872847, 0.370430043, -0.0349732118, 0.936778319, -0.349923393, -2.94057833e-006, 0.349923393, 0.936778319, -8.43845634e-006, 5.7074833e-006, 6.8759858e-006, 1, 0.936778277, -0.349923504, 2.77903606e-006, 0.349923504, 0.936778277, 8.82272413e-006, -5.69061916e-006, -7.29248628e-006, 1, 0, 0, 0, 0, 0, 0, 0, 0.242100977, 0.00865192871, -0.205366968, -0.180758688, 0.747300049, -0.639299269, -0.716430664, 0.345214844, 0.606201172, 0.673779261, 0.567698127, 0.473143187, 0, 0, 0, 0, 0, 0, 0, 0.331800635, 0.0228836914, -0.17539668, 0.201976401, 0.399161195, -0.894309877, 0.00573730469, -0.913574219, -0.406494141, -0.979247253, 0.0770579472, -0.186789244, 0, 2, 1, 1, 
389.512722, 40, 0.1, 0.1, 0.0262872846, 0.370430045, -0.0349699832, 0.936778501, -0.349922906, 1.10344659e-005, 0.349922906, 0.936778501, 9.43918793e-006, -1.36398385e-005, -4.98121595e-006, 1, 0.936778468, -0.349922995, 2.75031301e-006, 0.349922995, 0.936778468, -7.54180819e-006, 6.26181023e-008, 8.02740128e-006, 1, 0, 0, 0, 0, 0, 0, 0, 0.242100977, 0.00865192871, -0.205366968, -0.180758688, 0.747300049, -0.639299269, -0.716430664, 0.345214844, 0.606201172, 0.673779261, 0.567698127, 0.473143187, 0, 0, 0, 0, 0, 0, 0, 0.331800635, 0.0228836914, -0.17539668, 0.201976401, 0.399161195, -0.894309877, 0.00573730469, -0.913574219, -0.406494141, -0.979247253, 0.0770579472, -0.186789244, 0, 2, 1, 1, 
389.513416, 40, 0.1, 0.1, 0.0262872811, 0.37043004, -0.0349669067, 0.936778656, -0.349922492, -2.90208041e-006, 0.349922492, 0.936778655, -1.59946362e-005, 8.31548995e-006, 1.39679306e-005, 1, 0.936778627, -0.349922568, 6.94870664e-006, 0.349922568, 0.936778627, 3.44447425e-006, -7.71469915e-006, -7.9520059e-007, 1, 0, 0, 0, 0, 0, 0, 0, 0.242100977, 0.00865192871, -0.205366968, -0.180758688, 0.747300049, -0.639299269, -0.716430664, 0.345214844, 0.606201172, 0.673779261, 0.567698127, 0.473143187, 0, 0, 0, 0, 0, 0, 0, 0.331800635, 0.0228836914, -0.17539668, 0.201976401, 0.399161195, -0.894309877, 0.00573730469, -0.913574219, -0.406494141, -0.979247253, 0.0770579472, -0.186789244, 0, 2, 1, 1, 
389.514139, 40, 0.1, 0.1, 0.0262872839, 0.370430044, -0.0349645011, 0.936778804, -0.349922095, 1.81726618e-006, 0.349922095, 0.936778804, 1.14669722e-005, -5.71492338e-006, -1.01061149e-005, 1, 0.936778776, -0.349922171, -6.79166892e-006, 0.349922171, 0.936778775, -1.01354016e-005, 9.90889302e-006, 7.11807357e-006, 1, 0, 0, 0, 0, 0, 0, 0, 0.244429688, 0.005709375, -0.205395654, -0.182969337, 0.746286456, -0.639977369, -0.720092773, 0.341430664, 0.604003906, 0.669185716, 0.571442831, 0.475104467, 0, 0, 0, 0, 0, 0, 0, 0.333853027, 0.0204344727, -0.175049561, 0.202570649, 0.398029201, -0.894668252, 0.0129394531, -0.914550781, -0.404052734, -0.979062053, 0.0703108635, -0.19038645, 0, 2, 1, 1, 
389.51483, 40, 0.1, 0.1, 0.0262872833, 0.370430037, -0.0349637911, 0.936778932, -0.349921752, -1.01854661e-005, 0.349921752, 0.936778932, -1.27180306e-005, 1.39918456e-005, 8.349867e-006, 1, 0.936778908, -0.349921816, -9.20656992e-007, 0.349921816, 0.936778908, 8.4845629e-006, -2.10648161e-006, -8.27031753e-006, 1, 0, 0, 0, 0, 0, 0, 0, 0.244429688, 0.005709375, -0.205395654, -0.182969337, 0.746286456, -0.639977369, -0.720092773, 0.341430664, 0.604003906, 0.669185716, 0.571442831, 0.475104467, 0, 0, 0, 0, 0, 0, 0, 0.333853027, 0.0204344727, -0.175049561, 0.202570649, 0.398029201, -0.894668252, 0.0129394531, -0.914550781, -0.404052734, -0.979062053, 0.0703108635, -0.19038645, 0, 2, 1, 1, 
389.515526, 40, 0.1, 0.1, 0.0262872863, 0.370430041, -0.0349648356, 0.936779039, -0.349921466, 5.56650611e-006, 0.349921466, 0.936779039, 7.49951236e-006, -7.8388266e-006, -5.077546e-006, 1, 0.93677902, -0.349921516, -5.12663415e-006, 0.349921516, 0.93677902, -1.26239386e-005, 9.21991106e-006, 1.00319213e-005, 1, 0, 0, 0, 0, 0, 0, 0, 0.244429688, 0.005709375, -0.205395654, -0.182969337, 0.746286456, -0.639977369, -0.720092773, 0.341430664, 0.604003906, 0.669185716, 0.571442831, 0.475104467, 0, 0, 0, 0, 0, 0, 0, 0.333853027, 0.0204344727, -0.175049561, 0.202570649, 0.398029201, -0.894668252, 0.0129394531, -0.914550781, -0.404052734, -0.979062053, 0.0703108635, -0.19038645, 0, 2, 1, 1, 
389.516218, 40, 0.1, 0.1, 0.0262872829, 0.370430036, -0.0349672505, 0.93677913, -0.349921221, -7.1418517e-007, 0.349921221, 0.93677913, -1.20017316e-005, 4.86869433e-006, 1.09930631e-005, 1, 0.936779113, -0.349921267, 7.84036313e-006, 0.349921267, 0.936779113, 6.4994511e-006, -9.61898458e-006, -3.34504023e-006, 1, 0, 0, 0, 0, 0, 0, 0, 0.244429688, 0.005709375, -0.205395654, -0.182969337, 0.746286456, -0.639977369, -0.720092773, 0.341430664, 0.604003906, 0.669185716, 0.571442831, 0.475104467, 0, 0, 0, 0, 0, 0, 0, 0.333853027, 0.0204344727, -0.175049561, 0.202570649, 0.398029201, -0.894668252, 0.0129394531, -0.914550781, -0.404052734, -0.979062053, 0.0703108635, -0.19038645, 0, 2, 1, 1, 
389.516924, 40, 0.1, 0.1, 0.0262872845, 0.370430039, -0.0349701302, 0.936779218, -0.349920987, 3.40242788e-006, 0.349920987, 0.936779218, 7.71823454e-006, -5.88809598e-006, -6.0397008e-006, 1, 0.9367792, -0.349921034, -3.44211635e-006, 0.349921034, 0.9367792, -1.04544089e-005, 6.88272058e-006, 8.58900392e-006, 1, 0, 0, 0, 0, 0, 0, 0, 0.244429688, 0.005709375, -0.205395654, -0.182969337, 0.746286456, -0.639977369, -0.720092773, 0.341430664, 0.604003906, 0.669185716, 0.571442831, 0.475104467, 0, 0, 0, 0, 0, 0, 0, 0.336618359, 0.018197998, -0.174043213, 0.203759145, 0.397158967, -0.894764867, 0.0219726562, -0.915527344, -0.401489258, -0.978691651, 0.0622411221, -0.195306313, 0, 2, 1, 1, 
389.517617, 40, 0.1, 0.1, 0.0262872832, 0.370430033, -0.0349726649, 0.936779293, -0.349920785, -5.78650137e-006, 0.349920785, 0.936779293, -5.93345512e-006, 7.49691393e-006, 3.53352079e-006, 1, 0.936779279, -0.349920823, 1.36922333e-006, 0.349920823, 0.936779279, 9.69242291e-006, -4.67424064e-006, -8.60054119e-006, 1, 0, 0, 0, 0, 0, 0, 0, 0.244429688, 0.005709375, -0.205395654, -0.182969337, 0.746286456, -0.639977369, -0.720092773, 0.341430664, 0.604003906, 0.669185716, 0.571442831, 0.475104467, 0, 0, 0, 0, 0, 0, 0, 0.336618359, 0.018197998, -0.174043213, 0.203759145, 0.397158967, -0.894764867, 0.0219726562, -0.915527344, -0.401489258, -0.978691651, 0.0622411221, -0.195306313, 0, 2, 1, 1, 
389.518313, 40, 0.1, 0.1, 0.0262872851, 0.370430034, -0.0349741703, 0.936779356, -0.349920617, 4.44058494e-006, 0.349920617, 0.936779356, 9.99992979e-006, -7.65902991e-006, -7.81387557e-006, 1, 0.936779345, -0.349920647, -3.22691879e-006, 0.349920647, 0.936779345, -4.80436965e-006, 4.70405901e-006, 3.37146874e-006, 1, 0, 0, 0, 0, 0, 0, 0, 0.244429688, 0.005709375, -0.205395654, -0.182969337, 0.746286456, -0.639977369, -0.720092773, 0.341430664, 0.604003906, 0.669185716, 0.571442831, 0.475104467, 0, 0, 0, 0, 0, 0, 0, 0.336618359, 0.018197998, -0.174043213, 0.203759145, 0.397158967, -0.894764867, 0.0219726562, -0.915527344, -0.401489258, -0.978691651, 0.0622411221, -0.195306313, 0, 2, 1, 1, 
389.51902, 40, 0.1, 0.1, 0.0262872826, 0.370430028, -0.0349741366, 0.936779412, -0.349920467, -1.73481446e-006, 0.349920467, 0.936779412, -7.88914502e-006, 4.38571179e-006, 6.78334155e-006, 1, 0.936779401, -0.349920496, 5.33549139e-006, 0.349920496, 0.936779401, 7.3410049e-006, -7.56694651e-006, -5.00990438e-006, 1, 0, 0, 0, 0, 0, 0, 0, 0.247476465, 0.00249328613, -0.204818457, -0.184121089, 0.744219958, -0.641968605, -0.725830078, 0.337524414, 0.599365234, 0.662694171, 0.576343033, 0.47813887, 0, 0, 0, 0, 0, 0, 0, 0.336618359, 0.018197998, -0.174043213, 0.203759145, 0.397158967, -0.894764867, 0.0219726562, -0.915527344, -0.401489258, -0.978691651, 0.0622411221, -0.195306313, 0, 2, 1, 1, 
389.519713, 40, 0.1, 0.1, 0.0262872838, 0.370430029, -0.0349727507, 0.936779464, -0.349920327, 4.21675584e-006, 0.349920327, 0.936779464, 1.21742727e-005, -8.21019576e-006, -9.92908006e-006, 1, 0.936779454, -0.349920356, -2.37547138e-006, 0.349920356, 0.936779454, -4.04322103e-006, 3.64009812e-006, 2.9563806e-006, 1, 0, 0, 0, 0, 0, 0, 0, 0.247476465, 0.00249328613, -0.204818457, -0.184121089, 0.744219958, -0.641968605, -0.725830078, 0.337524414, 0.599365234, 0.662694171, 0.576343033, 0.47813887, 0, 0, 0, 0, 0, 0, 0, 0.336618359, 0.018197998, -0.174043213, 0.203759145, 0.397158967, -0.894764867, 0.0219726562, -0.915527344, -0.401489258, -0.978691651, 0.0622411221, -0.195306313, 0, 2, 1, 1, 
389.520414, 40, 0.1, 0.1, 0.0262872824, 0.370430023, -0.0349704809, 0.936779513, -0.349920197, -5.58062136e-006, 0.349920197, 0.936779513, -9.91577399e-006, 8.69754135e-006, 7.3361218e-006, 1, 0.936779504, -0.349920222, 1.94524669e-006, 0.349920222, 0.936779503, 7.74655711e-006, -4.53294421e-006, -6.57613477e-006, 1, 0, 0, 0, 0, 0, 0, 0, 0.247476465, 0.00249328613, -0.204818457, -0.184121089, 0.744219958, -0.641968605, -0.725830078, 0.337524414, 0.599365234, 0.662694171, 0.576343033, 0.47813887, 0, 0, 0, 0, 0, 0, 0, 0.336618359, 0.018197998, -0.174043213, 0.203759145, 0.397158967, -0.894764867, 0.0219726562, -0.915527344, -0.401489258, -0.978691651, 0.0622411221, -0.195306313, 0, 2, 1, 1, 
389.521125, 40, 0.1, 0.1, 0.0262872838, 0.370430025, -0.0349679838, 0.936779554, -0.349920088, 7.48828461e-006, 0.349920088, 0.936779554, 1.30685976e-005, -1.15878367e-005, -9.62209381e-006, 1, 0.936779546, -0.349920108, -1.2554228e-006, 0.349920108, 0.936779546, -5.80466263e-006, 3.20722257e-006, 4.99839154e-006, 1, 0, 0, 0, 0, 0, 0, 0, 0.250318311, -0.000505664062, -0.204036328, -0.184911138, 0.742032892, -0.644321544, -0.731567383, 0.333740234, 0.594360352, 0.656145338, 0.581262332, 0.481230562, 0, 0, 0, 0, 0, 0, 0, 0.336618359, 0.018197998, -0.174043213, 0.203759145, 0.397158967, -0.894764867, 0.0219726562, -0.915527344, -0.401489258, -0.978691651, 0.0622411221, -0.195306313, 0, 2, 1, 1, 
389.521832, 40, 0.1, 0.1, 0.0262872813, 0.370430018, -0.0349658609, 0.936779584, -0.349920006, -6.8127286e-006, 0.349920006, 0.936779584, -1.05280901e-005, 1.00660144e-005, 7.47858988e-006, 1, 0.936779579, -0.349920019, 3.28159261e-006, 0.349920019, 0.936779579, 9.53174969e-006, -6.40947898e-006, -7.78085351e-006, 1, 0, 0, 0, 0, 0, 0, 0, 0.250318311, -0.000505664062, -0.204036328, -0.184911138, 0.742032892, -0.644321544, -0.731567383, 0.333740234, 0.594360352, 0.656145338, 0.581262332, 0.481230562, 0, 0, 0, 0, 0, 0, 0, 0.338982129, 0.0157368164, -0.173040283, 0.20552913, 0.396116293, -0.894835963, 0.0306396484, -0.916503906, -0.398681641, -0.978014647, 0.0546442272, -0.200468979, 0, 2, 1, 1, 
389.522526, 40, 0.1, 0.1, 0.0262872843, 0.370430021, -0.0349650442, 0.936779608, -0.349919943, 3.51463224e-006, 0.349919943, 0.936779608, 1.16117148e-005, -7.35560642e-006, -9.64777776e-006, 1, 0.936779604, -0.349919954, -6.24858477e-006, 0.349919954, 0.936779604, -8.40638348e-006, 8.79510809e-006, 5.68842408e-006, 1, 0, 0, 0, 0, 0, 0, 0, 0.250318311, -0.000505664062, -0.204036328, -0.184911138, 0.742032892, -0.644321544, -0.731567383, 0.333740234, 0.594360352, 0.656145338, 0.581262332, 0.481230562, 0, 0, 0, 0, 0, 0, 0, 0.338982129, 0.0157368164, -0.173040283, 0.20552913, 0.396116293, -0.894835963, 0.0306396484, -0.916503906, -0.398681641, -0.978014647, 0.0546442272, -0.200468979, 0, 2, 1, 1, 
389.523218, 40, 0.1, 0.1, 0.0262872821, 0.370430014, -0.0349656484, 0.936779631, -0.34991988, -4.60814747e-006, 0.34991988, 0.936779631, -1.2844163e-005, 8.81124666e-006, 1.04196679e-005, 1, 0.936779626, -0.349919893, 4.44564334e-006, 0.349919893, 0.936779626, 7.38049993e-006, -6.74717185e-006, -5.35828292e-006, 1, 0, 0, 0, 0, 0, 0, 0, 0.250318311, -0.000505664062, -0.204036328, -0.184911138, 0.742032892, -0.644321544, -0.731567383, 0.333740234, 0.594360352, 0.656145338, 0.581262332, 0.481230562, 0, 0, 0, 0, 0, 0, 0, 0.338982129, 0.0157368164, -0.173040283, 0.20552913, 0.396116293, -0.894835963, 0.0306396484, -0.916503906, -0.398681641, -0.978014647, 0.0546442272, -0.200468979, 0, 2, 1, 1, 
389.523909, 40, 0.1, 0.1, 0.0262872846, 0.370430018, -0.0349674348, 0.936779657, -0.349919812, 1.78330941e-006, 0.349919812, 0.936779657, 8.12825213e-006, -4.51480444e-006, -6.99036595e-006, 1, 0.936779651, -0.349919827, -6.13367366e-006, 0.349919827, 0.936779651, -1.11152598e-005, 9.63535045e-006, 8.26625517e-006, 1, 0, 0, 0, 0, 0, 0, 0, 0.250318311, -0.000505664062, -0.204036328, -0.184911138, 0.742032892, -0.644321544, -0.731567383, 0.333740234, 0.594360352, 0.656145338, 0.581262332, 0.481230562, 0, 0, 0, 0, 0, 0, 0, 0.338982129, 0.0157368164, -0.173040283, 0.20552913, 0.396116293, -0.894835963, 0.0306396484, -0.916503906, -0.398681641, -0.978014647, 0.0546442272, -0.200468979, 0, 2, 1, 1, 
389.524601, 40, 0.1, 0.1, 0.0262872835, 0.370430012, -0.0349697783, 0.936779681, -0.349919747, -6.63842848e-006, 0.349919747, 0.936779681, -9.73213145e-006, 9.62420989e-006, 6.79394578e-006, 1, 0.936779676, -0.34991976, 9.93869138e-007, 0.34991976, 0.936779676, 7.96578362e-006, -3.7184215e-006, -7.11440975e-006, 1, 0, 0, 0, 0, 0, 0, 0, 0.250318311, -0.000505664062, -0.204036328, -0.184911138, 0.742032892, -0.644321544, -0.731567383, 0.333740234, 0.594360352, 0.656145338, 0.581262332, 0.481230562, 0, 0, 0, 0, 0, 0, 0, 0.338982129, 0.0157368164, -0.173040283, 0.20552913, 0.396116293, -0.894835963, 0.0306396484, -0.916503906, -0.398681641, -0.978014647, 0.0546442272, -0.200468979, 0, 2, 1, 1, 
389.525298, 40, 0.1, 0.1, 0.0262872855, 0.370430015, -0.0349719387, 0.936779698, -0.349919701, 4.91256648e-006, 0.349919701, 0.936779698, 6.30716084e-006, -6.80899238e-006, -4.18941643e-006, 1, 0.936779696, -0.349919708, -3.14780326e-006, 0.349919708, 0.936779696, -9.93148505e-006, 6.42402053e-006, 8.20213514e-006, 1, 0, 0, 0, 0, 0, 0, 0, 0.250318311, -0.000505664062, -0.204036328, -0.184911138, 0.742032892, -0.644321544, -0.731567383, 0.333740234, 0.594360352, 0.656145338, 0.581262332, 0.481230562, 0, 0, 0, 0, 0, 0, 0, 0.338982129, 0.0157368164, -0.173040283, 0.20552913, 0.396116293, -0.894835963, 0.0306396484, -0.916503906, -0.398681641, -0.978014647, 0.0546442272, -0.200468979, 0, 2, 1, 1, 
389.526025, 40, 0.1, 0.1, 0.0262872833, 0.370430011, -0.0349732032, 0.936779711, -0.349919668, -4.19920405e-006, 0.349919668, 0.93677971, -1.27356839e-005, 8.39019545e-006, 1.04611462e-005, 1, 0.936779708, -0.349919674, 4.32724513e-006, 0.349919674, 0.936779708, 4.74492458e-006, -5.71401789e-006, -2.93076087e-006, 1, 0, 0, 0, 0, 0, 0, 0, 0.252628101, -0.00347202148, -0.204079907, -0.187458402, 0.740511942, -0.64527897, -0.735473633, 0.329589844, 0.591918945, 0.650987148, 0.585705353, 0.482988898, 0, 0, 0, 0, 0, 0, 0, 0.338982129, 0.0157368164, -0.173040283, 0.205260807, 0.395437822, -0.895136735, 0.0384521484, -0.917114258, -0.396362305, -0.977797364, 0.0470856119, -0.203446416, 0, 2, 1, 1, 
389.526716, 40, 0.1, 0.1, 0.0262872855, 0.370430013, -0.0349730412, 0.936779725, -0.349919629, 1.23486715e-006, 0.349919629, 0.936779725, 8.8034056e-006, -4.23728293e-006, -7.81474762e-006, 1, 0.936779722, -0.349919638, -5.52310338e-006, 0.349919638, 0.936779722, -7.51310579e-006, 7.80291451e-006, 5.10548281e-006, 1, 0, 0, 0, 0, 0, 0, 0, 0.252628101, -0.00347202148, -0.204079907, -0.187458402, 0.740511942, -0.64527897, -0.735473633, 0.329589844, 0.591918945, 0.650987148, 0.585705353, 0.482988898, 0, 0, 0, 0, 0, 0, 0, 0.341201367, 0.0130772949, -0.172676318, 0.205260807, 0.395437822, -0.895136735, 0.0384521484, -0.917114258, -0.396362305, -0.977797364, 0.0470856119, -0.203446416, 0, 2, 1, 1, 
389.52741, 40, 0.1, 0.1, 0.0262872848, 0.370430008, -0.0349719283, 0.936779741, -0.349919586, -6.49452741e-006, 0.349919586, 0.936779741, -8.98601908e-006, 9.22832579e-006, 6.14535828e-006, 1, 0.936779738, -0.349919595, 4.34876862e-007, 0.349919595, 0.936779738, 7.36471326e-006, -2.98444131e-006, -6.74694222e-006, 1, 0, 0, 0, 0, 0, 0, 0, 0.252628101, -0.00347202148, -0.204079907, -0.187458402, 0.740511942, -0.64527897, -0.735473633, 0.329589844, 0.591918945, 0.650987148, 0.585705353, 0.482988898, 0, 0, 0, 0, 0, 0, 0, 0.341201367, 0.0130772949, -0.172676318, 0.205260807, 0.395437822, -0.895136735, 0.0384521484, -0.917114258, -0.396362305, -0.977797364, 0.0470856119, -0.203446416, 0, 2, 1, 1, 
389.528104, 40, 0.1, 0.1, 0.0262872861, 0.370430009, -0.0349702567, 0.936779751, -0.349919561, 7.78404377e-006, 0.34991956, 0.936779751, 1.23810327e-005, -1.16243001e-005, -8.87451158e-006, 1, 0.93677975, -0.349919563, -1.00469751e-006, 0.349919563, 0.93677975, -5.17295134e-006, 2.75129716e-006, 4.49435275e-006, 1, 0, 0, 0, 0, 0, 0, 0, 0.252628101, -0.00347202148, -0.204079907, -0.187458402, 0.740511942, -0.64527897, -0.735473633, 0.329589844, 0.591918945, 0.650987148, 0.585705353, 0.482988898, 0, 0, 0, 0, 0, 0, 0, 0.341201367, 0.0130772949, -0.172676318, 0.205260807, 0.395437822, -0.895136735, 0.0384521484, -0.917114258, -0.396362305, -0.977797364, 0.0470856119, -0.203446416, 0, 2, 1, 1, 
389.528795, 40, 0.1, 0.1, 0.0262872831, 0.370430003, -0.0349685403, 0.936779755, -0.349919548, -3.0100977e-006, 0.349919548, 0.936779755, -9.00775014e-006, 5.97178644e-006, 7.38498594e-006, 1, 0.936779755, -0.349919549, 6.04395856e-006, 0.349919549, 0.936779755, 9.16898329e-006, -8.87026452e-006, -6.47441866e-006, 1, 0, 0, 0, 0, 0, 0, 0, 0.252628101, -0.00347202148, -0.204079907, -0.187458402, 0.740511942, -0.64527897, -0.735473633, 0.329589844, 0.591918945, 0.650987148, 0.585705353, 0.482988898, 0, 0, 0, 0, 0, 0, 0, 0.341201367, 0.0130772949, -0.172676318, 0.205260807, 0.395437822, -0.895136735, 0.0384521484, -0.917114258, -0.396362305, -0.977797364, 0.0470856119, -0.203446416, 0, 2, 1, 1, 
389.52949, 40, 0.1, 0.1, 0.026287285, 0.370430005, -0.0349672566, 0.936779762, -0.349919529, 4.44993415e-006, 0.349919529, 0.936779762, 1.48722921e-005, -9.37271372e-006, -1.23749434e-005, 1, 0.936779761, -0.349919534, -4.08270811e-006, 0.349919534, 0.936779761, -4.47231447e-006, 5.38954852e-006, 2.76095436e-006, 1, 0, 0, 0, 0, 0, 0, 0, 0.252628101, -0.00347202148, -0.204079907, -0.187458402, 0.740511942, -0.64527897, -0.735473633, 0.329589844, 0.591918945, 0.650987148, 0.585705353, 0.482988898, 0, 0, 0, 0, 0, 0, 0, 0.341201367, 0.0130772949, -0.172676318, 0.205260807, 0.395437822, -0.895136735, 0.0384521484, -0.917114258, -0.396362305, -0.977797364, 0.0470856119, -0.203446416, 0, 2, 1, 1, 
389.530232, 40, 0.1, 0.1, 0.0262872828, 0.370429998, -0.0349663411, 0.936779774, -0.349919497, -4.56479937e-006, 0.349919497, 0.936779774, -1.20279889e-005, 8.48503954e-006, 9.67026441e-006, 1, 0.936779771, -0.349919505, 3.90540733e-006, 0.349919505, 0.936779771, 8.47796282e-006, -6.62511114e-006, -6.57540587e-006, 1, 0, 0, 0, 0, 0, 0, 0, 0.252628101, -0.00347202148, -0.204079907, -0.187458402, 0.740511942, -0.64527897, -0.735473633, 0.329589844, 0.591918945, 0.650987148, 0.585705353, 0.482988898, 0, 0, 0, 0, 0, 0, 0, 0.341201367, 0.0130772949, -0.172676318, 0.205260807, 0.395437822, -0.895136735, 0.0384521484, -0.917114258, -0.396362305, -0.977797364, 0.0470856119, -0.203446416, 0, 2, 1, 1, 
389.530951, 40, 0.1, 0.1, 0.0262872845, 0.370430001, -0.0349661044, 0.936779788, -0.349919461, 6.0058303e-006, 0.349919461, 0.936779788, 1.19902462e-005, -9.82176093e-006, -9.13066339e-006, 1, 0.936779785, -0.349919469, -2.53785867e-006, 0.349919469, 0.936779785, -8.03096323e-006, 5.18760508e-006, 6.63519785e-006, 1, 0, 0, 0, 0, 0, 0, 0, 0.255411719, -0.00669970703, -0.203510156, -0.189346663, 0.738179221, -0.64740987, -0.741333008, 0.324829102, 0.587280273, 0.643747111, 0.591265681, 0.48592183, 0, 0, 0, 0, 0, 0, 0, 0.343755176, 0.010612207, -0.171675098, 0.206545185, 0.394791069, -0.895195071, 0.0483398437, -0.91784668, -0.393676758, -0.977171399, 0.0380574175, -0.208730484, 0, 2, 1, 1, 
389.531642, 40, 0.1, 0.1, 0.0262872822, 0.370429994, -0.0349667771, 0.936779799, -0.349919431, -4.20046405e-006, 0.349919431, 0.936779799, -1.00020807e-005, 7.43483224e-006, 7.89992313e-006, 1, 0.936779797, -0.349919438, 4.2661353e-006, 0.349919437, 0.936779797, 9.66464957e-006, -7.3782781e-006, -7.56084479e-006, 1, 0, 0, 0, 0, 0, 0, 0, 0.255411719, -0.00669970703, -0.203510156, -0.189346663, 0.738179221, -0.64740987, -0.741333008, 0.324829102, 0.587280273, 0.643747111, 0.591265681, 0.48592183, 0, 0, 0, 0, 0, 0, 0, 0.343755176, 0.010612207, -0.171675098, 0.206545185, 0.394791069, -0.895195071, 0.0483398437, -0.91784668, -0.393676758, -0.977171399, 0.0380574175, -0.208730484, 0, 2, 1, 1, 
389.532334, 40, 0.1, 0.1, 0.0262872842, 0.370429998, -0.034968294, 0.936779811, -0.3499194, 3.56519386e-006, 0.3499194, 0.936779811, 9.63869334e-006, -6.71256742e-006, -7.78180283e-006, 1, 0.936779808, -0.349919407, -4.40508666e-006, 0.349919407, 0.936779808, -8.91651365e-006, 7.2466574e-006, 6.81138463e-006, 1, 0, 0, 0, 0, 0, 0, 0, 0.255411719, -0.00669970703, -0.203510156, -0.189346663, 0.738179221, -0.64740987, -0.741333008, 0.324829102, 0.587280273, 0.643747111, 0.591265681, 0.48592183, 0, 0, 0, 0, 0, 0, 0, 0.343755176, 0.010612207, -0.171675098, 0.206545185, 0.394791069, -0.895195071, 0.0483398437, -0.91784668, -0.393676758, -0.977171399, 0.0380574175, -0.208730484, 0, 2, 1, 1, 
389.53305, 40, 0.1, 0.1, 0.0262872826, 0.370429992, -0.034970119, 0.936779824, -0.349919364, -5.2685975e-006, 0.349919364, 0.936779824, -1.29010591e-005, 9.44984622e-006, 1.02418676e-005, 1, 0.936779821, -0.349919373, 3.3409987e-006, 0.349919373, 0.936779821, 7.75430833e-006, -5.84316287e-006, -6.09499939e-006, 1, 0, 0, 0, 0, 0, 0, 0, 0.255411719, -0.00669970703, -0.203510156, -0.192288952, 0.736183115, -0.648943924, -0.747924805, 0.318115234, 0.582519531, 0.635314505, 0.597390654, 0.489501783, 0, 0, 0, 0, 0, 0, 0, 0.343755176, 0.010612207, -0.171675098, 0.206545185, 0.394791069, -0.895195071, 0.0483398437, -0.91784668, -0.393676758, -0.977171399, 0.0380574175, -0.208730484, 0, 2, 1, 1, 
389.533759, 40, 0.1, 0.1, 0.0262872849, 0.370429996, -0.0349712847, 0.936779838, -0.349919326, 2.17861247e-006, 0.349919326, 0.936779838, 5.83019693e-006, -4.08097882e-006, -4.69927233e-006, 1, 0.936779835, -0.349919335, -4.92311794e-006, 0.349919335, 0.936779835, -1.14092842e-005, 8.60420676e-006, 8.96529326e-006, 1, 0, 0, 0, 0, 0, 0, 0, 0.258137842, -0.00901550293, -0.202907935, -0.192288952, 0.736183115, -0.648943924, -0.747924805, 0.318115234, 0.582519531, 0.635314505, 0.597390654, 0.489501783, 0, 0, 0, 0, 0, 0, 0, 0.346072559, 0.00884614258, -0.170652393, 0.207561241, 0.395025842, -0.894863682, 0.0599365234, -0.91809082, -0.391479492, -0.976328151, 0.0276489629, -0.214219076, 0, 2, 1, 1, 
389.534452, 40, 0.1, 0.1, 0.0262872839, 0.370429992, -0.034971854, 0.936779851, -0.349919293, -6.09739704e-006, 0.349919293, 0.936779851, -1.09645772e-005, 9.54863579e-006, 8.13779813e-006, 1, 0.936779848, -0.349919299, 1.10842746e-006, 0.349919299, 0.936779848, 5.41696671e-006, -2.9338537e-006, -4.68664509e-006, 1, 0, 0, 0, 0, 0, 0, 0, 0.258137842, -0.00901550293, -0.202907935, -0.192288952, 0.736183115, -0.648943924, -0.747924805, 0.318115234, 0.582519531, 0.635314505, 0.597390654, 0.489501783, 0, 0, 0, 0, 0, 0, 0, 0.346072559, 0.00884614258, -0.170652393, 0.207561241, 0.395025842, -0.894863682, 0.0599365234, -0.91809082, -0.391479492, -0.976328151, 0.0276489629, -0.214219076, 0, 2, 1, 1, 
389.535302, 40, 0.1, 0.1, 0.0262872845, 0.370429992, -0.0349708709, 0.936779861, -0.349919265, 1.15992982e-005, 0.349919264, 0.936779861, 2.43643832e-005, -1.9391556e-005, -1.87652456e-005, 1, 0.936779859, -0.349919271, -1.02662408e-006, 0.349919271, 0.936779859, -3.30947101e-006, 2.11976844e-006, 2.74101024e-006, 1, 0, 0, 0, 0, 0, 0, 0, 0.258137842, -0.00901550293, -0.202907935, -0.192288952, 0.736183115, -0.648943924, -0.747924805, 0.318115234, 0.582519531, 0.635314505, 0.597390654, 0.489501783, 0, 0, 0, 0, 0, 0, 0, 0.346072559, 0.00884614258, -0.170652393, 0.207561241, 0.395025842, -0.894863682, 0.0599365234, -0.91809082, -0.391479492, -0.976328151, 0.0276489629, -0.214219076, 0, 2, 1, 1, 
389.536441, 40, 0.1, 0.1, 0.0262872801, 0.37042998, -0.0349619082, 0.936779871, -0.349919239, -1.47633562e-005, 0.349919238, 0.93677987, -3.24986116e-005, 2.52019044e-005, 2.52780628e-005, 0.999999999, 0.936779869, -0.349919244, 2.08369055e-006, 0.349919244, 0.936779869, 4.98727643e-006, -3.69710335e-006, -3.94285674e-006, 1, 0, 0, 0, 0, 0, 0, 0, 0.258137842, -0.00901550293, -0.202907935, -0.192288952, 0.736183115, -0.648943924, -0.747924805, 0.318115234, 0.582519531, 0.635314505, 0.597390654, 0.489501783, 0, 0, 0, 0, 0, 0, 0, 0.346072559, 0.00884614258, -0.170652393, 0.207561241, 0.395025842, -0.894863682, 0.0599365234, -0.91809082, -0.391479492, -0.976328151, 0.0276489629, -0.214219076, 0, 2, 1, 1, 
389.537577, 40, 0.1, 0.1, 0.0262872857, 0.37042999, -0.0349487607, 0.93677988, -0.349919215, 2.01548462e-005, 0.349919213, 0.936779879, 4.355215e-005, -3.41203885e-005, -3.37462099e-005, 0.999999999, 0.936779879, -0.349919218, -2.89112848e-006, 0.349919218, 0.936779879, -6.51346716e-006, 4.98753832e-006, 5.09002355e-006, 1, 0, 0, 0, 0, 0, 0, 0, 0.258137842, -0.00901550293, -0.202907935, -0.192288952, 0.736183115, -0.648943924, -0.747924805, 0.318115234, 0.582519531, 0.635314505, 0.597390654, 0.489501783, 0, 0, 0, 0, 0, 0, 0, 0.346072559, 0.00884614258, -0.170652393, 0.207561241, 0.395025842, -0.894863682, 0.0599365234, -0.91809082, -0.391479492, -0.976328151, 0.0276489629, -0.214219076, 0, 2, 1, 1, 
389.538758, 40, 0.1, 0.1, 0.026287276, 0.370429967, -0.0349370343, 0.936779886, -0.349919199, -2.12549915e-005, 0.349919197, 0.936779885, -4.80687671e-005, 3.6731433e-005, 3.75923246e-005, 0.999999999, 0.936779884, -0.349919203, 7.1445271e-006, 0.349919202, 0.936779884, 1.59720673e-005, -1.22817823e-005, -1.24623042e-005, 1, 0, 0, 0, 0, 0, 0, 0, 0.26038147, -0.0115402588, -0.202268359, -0.195979733, 0.734491424, -0.64971039, -0.753417969, 0.311157227, 0.579101563, 0.627618407, 0.603096637, 0.492465793, 0, 0, 0, 0, 0, 0, 0, 0.348153516, 0.00708666992, -0.169621387, 0.208308973, 0.395394778, -0.894410891, 0.0716552734, -0.918212891, -0.389282227, -0.97526762, 0.0171318664, -0.219694908, 0, 2, 1, 1, 
389.539888, 40, 0.1, 0.1, 0.0262872887, 0.370429992, -0.0349329015, 0.936779896, -0.34991917, 1.81252927e-005, 0.349919169, 0.936779896, 3.50967961e-005, -2.92604516e-005, -2.65355856e-005, 0.999999999, 0.936779896, -0.34991917, -1.42246551e-005, 0.34991917, 0.936779896, -3.05952359e-005, 2.40312305e-005, 2.36835224e-005, 0.999999999, 0, 0, 0, 0, 0, 0, 0, 0.26038147, -0.0115402588, -0.202268359, -0.195979733, 0.734491424, -0.64971039, -0.753417969, 0.311157227, 0.579101563, 0.627618407, 0.603096637, 0.492465793, 0, 0, 0, 0, 0, 0, 0, 0.348153516, 0.00708666992, -0.169621387, 0.208308973, 0.395394778, -0.894410891, 0.0716552734, -0.918212891, -0.389282227, -0.97526762, 0.0171318664, -0.219694908, 0, 2, 1, 1, 
389.541028, 40, 0.1, 0.1, 0.0262872772, 0.370429964, -0.034937198, 0.936779887, -0.349919196, -1.95102277e-005, 0.349919195, 0.936779887, -2.76034487e-005, 2.79357655e-005, 1.90313523e-005, 0.999999999, 0.936779893, -0.349919179, 1.0535039e-005, 0.349919179, 0.936779893, 3.16579744e-005, -2.09467452e-005, -2.59701417e-005, 0.999999999, 0, 0, 0, 0, 0, 0, 0, 0.26038147, -0.0115402588, -0.202268359, -0.195979733, 0.734491424, -0.64971039, -0.753417969, 0.311157227, 0.579101563, 0.627618407, 0.603096637, 0.492465793, 0, 0, 0, 0, 0, 0, 0, 0.348153516, 0.00708666992, -0.169621387, 0.208308973, 0.395394778, -0.894410891, 0.0716552734, -0.918212891, -0.389282227, -0.97526762, 0.0171318664, -0.219694908, 0, 2, 1, 1, 
389.542163, 40, 0.1, 0.1, 0.0262872914, 0.370429986, -0.0349469602, 0.936779854, -0.349919284, 8.8742259e-006, 0.349919284, 0.936779854, 1.91377069e-005, -1.50098488e-005, -1.48225555e-005, 1, 0.936779864, -0.349919256, -1.77763438e-005, 0.349919255, 0.936779864, -3.05447067e-005, 2.7340702e-005, 2.23933812e-005, 0.999999999, 0, 0, 0, 0, 0, 0, 0, 0.26038147, -0.0115402588, -0.202268359, -0.195979733, 0.734491424, -0.64971039, -0.753417969, 0.311157227, 0.579101563, 0.627618407, 0.603096637, 0.492465793, 0, 0, 0, 0, 0, 0, 0, 0.348153516, 0.00708666992, -0.169621387, 0.208308973, 0.395394778, -0.894410891, 0.0716552734, -0.918212891, -0.389282227, -0.97526762, 0.0171318664, -0.219694908, 0, 2, 1, 1, 
389.54335, 40, 0.1, 0.1, 0.0262872803, 0.370429966, -0.0349571203, 0.936779818, -0.349919381, -5.71838339e-006, 0.349919381, 0.936779818, -1.82923612e-005, 1.17577179e-005, 1.51349416e-005, 1, 0.936779825, -0.34991936, 1.4153516e-005, 0.34991936, 0.936779825, 2.15738525e-005, -2.08078369e-005, -1.52573605e-005, 1, 0, 0, 0, 0, 0, 0, 0, 0.263091968, -0.0143221924, -0.201675537, -0.199245532, 0.732114519, -0.651378116, -0.759277344, 0.30480957, 0.574951172, 0.619484224, 0.60915833, 0.495201774, 0, 0, 0, 0, 0, 0, 0, 0.350431104, 0.00508100586, -0.168378369, 0.208705261, 0.395201547, -0.894424384, 0.0821533203, -0.918457031, -0.38659668, -0.974366769, 0.00729214034, -0.224237806, 0, 2, 1, 1, 
389.544488, 40, 0.1, 0.1, 0.0262872876, 0.370429977, -0.0349621904, 0.936779801, -0.349919426, 6.6458048e-006, 0.349919426, 0.936779801, 2.38520894e-005, -1.45719651e-005, -2.00186593e-005, 1, 0.936779803, -0.34991942, -9.85418926e-006, 0.34991942, 0.936779803, -1.23528878e-005, 1.35537208e-005, 8.12376362e-006, 1, 0, 0, 0, 0, 0, 0, 0, 0.263091968, -0.0143221924, -0.201675537, -0.199245532, 0.732114519, -0.651378116, -0.759277344, 0.30480957, 0.574951172, 0.619484224, 0.60915833, 0.495201774, 0, 0, 0, 0, 0, 0, 0, 0.350431104, 0.00508100586, -0.168378369, 0.208705261, 0.395201547, -0.894424384, 0.0821533203, -0.918457031, -0.38659668, -0.974366769, 0.00729214034, -0.224237806, 0, 2, 1, 1, 
389.545513, 40, 0.1, 0.1, 0.0262872805, 0.370429959, -0.0349618811, 0.936779805, -0.349919416, -9.60133585e-007, 0.349919416, 0.936779805, -8.42869674e-006, 3.84879839e-006, 7.55986351e-006, 1, 0.936779803, -0.349919421, 9.20326129e-006, 0.349919421, 0.936779803, 1.53607998e-005, -1.39964715e-005, -1.11692872e-005, 1, 0, 0, 0, 0, 0, 0, 0, 0.263091968, -0.0143221924, -0.201675537, -0.199245532, 0.732114519, -0.651378116, -0.759277344, 0.30480957, 0.574951172, 0.619484224, 0.60915833, 0.495201774, 0, 0, 0, 0, 0, 0, 0, 0.350431104, 0.00508100586, -0.168378369, 0.208705261, 0.395201547, -0.894424384, 0.0821533203, -0.918457031, -0.38659668, -0.974366769, 0.00729214034, -0.224237806, 0, 2, 1, 1, 
389.546221, 40, 0.1, 0.1, 0.0262872816, 0.370429963, -0.0349625122, 0.936779813, -0.349919393, 8.37712403e-006, 0.349919392, 0.936779813, 1.4352375e-005, -1.2869695e-005, -1.0513697e-005, 1, 0.936779811, -0.349919398, -9.82585194e-007, 0.349919398, 0.936779811, -7.79266398e-006, 3.64727026e-006, 6.95618468e-006, 1, 0, 0, 0, 0, 0, 0, 0, 0.263091968, -0.0143221924, -0.201675537, -0.199245532, 0.732114519, -0.651378116, -0.759277344, 0.30480957, 0.574951172, 0.619484224, 0.60915833, 0.495201774, 0, 0, 0, 0, 0, 0, 0, 0.350431104, 0.00508100586, -0.168378369, 0.208705261, 0.395201547, -0.894424384, 0.0821533203, -0.918457031, -0.38659668, -0.974366769, 0.00729214034, -0.224237806, 0, 2, 1, 1, 
