time, trialNum, realDorsalTactorPos, realVentralTactorPos, boxPosX, boxPosY, boxPosZ, boxLocalRot_11, boxLocalRot_12, boxLocalRot_13, boxLocalRot_21, boxLocalRot_22, boxLocalRot_23, boxLocalRot_31, boxLocalRot_32, boxLocalRot_33, boxGlobalRot_11, boxGlobalRot_12, boxGlobalRot_13, boxGlobalRot_21, boxGlobalRot_22, boxGlobalRot_23, boxGlobalRot_31, boxGlobalRot_32, boxGlobalRot_33, indexForceX, indexForceY, indexForceZ, indexForceGlobalX, indexForceGlobalY, indexForceGlobalZ, indexContact, indexPosX, indexPosY, indexPosZ, indexRot_11, indexRot_12, indexRot_13, indexRot_21, indexRot_22, indexRot_23, indexRot_31, indexRot_32, indexRot_33, thumbForceX, thumbForceY, thumbForceZ, thumbForceGlobalX, thumbForceGlobalY, thumbForceGlobalZ, thumbContact, thumbPosX, thumbPosY, thumbPosZ, thumbRot_11, thumbRot_12, thumbRot_13, thumbRot_21, thumbRot_22, thumbRot_23, thumbRot_31, thumbRot_32, thumbRot_33, manipForceTooHigh, cceExpType, mapping, trialSuccess, 
609.737814, 68, 0.1, 0.1, 0.0156493865, 0.358712355, -0.0349727495, 0.992589959, 0.121512029, -3.00411023e-006, 0.121512029, -0.992589959, -2.34647126e-005, -5.83309449e-006, 2.29258025e-005, -1, 0.992589958, 0.121512037, 1.61872579e-005, 0.121512038, -0.992589958, -1.73378106e-005, 1.3960557e-005, 1.91762834e-005, -1, 0, 0, 0, 0, 0, 0, 0, 0.364831909, -0.191843042, -0.14979939, -0.522001903, 0.390263779, -0.758425825, -0.849243164, -0.15625, 0.504150391, 0.0783512616, 0.907272647, 0.413159326, 0, 0, -0, 0, 0, 0, 0, 0.422656787, -0.122069629, -0.11973252, 0.0392055202, 0.298759642, -0.953387282, 0.679321289, -0.707641602, -0.193725586, -0.732703821, -0.640001719, -0.230803284, 0, 2, 5, 1, 
609.739965, 68, 0.1, 0.1, 0.0156493589, 0.358712349, -0.0349564778, 0.992590178, 0.121510242, -1.73529406e-005, 0.121510242, -0.992590178, 9.81171967e-006, -1.6032134e-005, -1.18475766e-005, -1, 0.992590172, 0.121510292, 1.80483802e-005, 0.121510292, -0.992590172, 1.03885887e-005, 1.91769653e-005, -8.11854712e-006, -1, 0, 0, 0, 0, 0, 0, 0, 0.364124854, -0.197945557, -0.146758984, -0.519020301, 0.384097988, -0.763585877, -0.849975586, -0.138549805, 0.508056641, 0.089373072, 0.912822114, 0.398527606, 0, 0, -0, 0, 0, 0, 0, 0.421112256, -0.127513428, -0.118406006, 0.0381694085, 0.289348653, -0.956408096, 0.672363281, -0.715454102, -0.189575195, -0.739195342, -0.635712918, -0.221915082, 0, 2, 5, 1, 
609.74066, 68, 0.1, 0.1, 0.0156493395, 0.358712347, -0.0349629393, 0.992590177, 0.121510232, -5.92847566e-005, 0.121510232, -0.992590179, -4.09814752e-007, -5.88952638e-005, -6.79692644e-006, -0.999999998, 0.992590177, 0.121510233, -6.60898083e-005, 0.121510232, -0.992590179, -1.03374916e-005, -6.68562057e-005, 2.23030461e-006, -0.999999998, 0, 0, 0, 0, 0, 0, 0, 0.364124854, -0.197945557, -0.146758984, -0.519020301, 0.384097988, -0.763585877, -0.849975586, -0.138549805, 0.508056641, 0.089373072, 0.912822114, 0.398527606, 0, 0, -0, 0, 0, 0, 0, 0.421112256, -0.127513428, -0.118406006, 0.0381694085, 0.289348653, -0.956408096, 0.672363281, -0.715454102, -0.189575195, -0.739195342, -0.635712918, -0.221915082, 0, 2, 5, 1, 
609.741356, 68, 0.1, 0.1, 0.0156493404, 0.358712347, -0.0349708557, 0.992590198, 0.121510072, 3.66625618e-005, 0.121510072, -0.992590199, 1.1827974e-006, 3.65346213e-005, 3.28083741e-006, -0.999999999, 0.992590196, 0.121510091, 2.3802385e-005, 0.121510091, -0.992590196, -2.21686017e-006, 2.33566431e-005, 5.09266362e-006, -1, 0, 0, 0, 0, 0, 0, 0, 0.364124854, -0.197945557, -0.146758984, -0.519020301, 0.384097988, -0.763585877, -0.849975586, -0.138549805, 0.508056641, 0.089373072, 0.912822114, 0.398527606, 0, 0, -0, 0, 0, 0, 0, 0.421112256, -0.127513428, -0.118406006, 0.0381694085, 0.289348653, -0.956408096, 0.672363281, -0.715454102, -0.189575195, -0.739195342, -0.635712918, -0.221915082, 0, 2, 5, 1, 
609.74205, 68, 0.1, 0.1, 0.0156493541, 0.358712348, -0.0349777519, 0.992590202, 0.121510041, 2.16758087e-005, 0.121510042, -0.992590202, -3.20938452e-006, 2.11252229e-005, 5.81943204e-006, -1, 0.9925902, 0.121510057, 3.38547575e-005, 0.121510057, -0.9925902, 4.60868227e-007, 3.36599007e-005, 3.65624023e-006, -0.999999999, 0, 0, 0, 0, 0, 0, 0, 0.364124854, -0.197945557, -0.146758984, -0.519020301, 0.384097988, -0.763585877, -0.849975586, -0.138549805, 0.508056641, 0.089373072, 0.912822114, 0.398527606, 0, 0, -0, 0, 0, 0, 0, 0.421112256, -0.127513428, -0.118406006, 0.0381694085, 0.289348653, -0.956408096, 0.672363281, -0.715454102, -0.189575195, -0.739195342, -0.635712918, -0.221915082, 0, 2, 5, 1, 
609.742748, 68, 0.1, 0.1, 0.0156493465, 0.358712347, -0.0349818433, 0.992590217, 0.121509918, -4.39396737e-005, 0.121509918, -0.992590217, -8.2145488e-006, -4.46122394e-005, 2.81457464e-006, -0.999999999, 0.992590216, 0.121509924, -3.86005281e-005, 0.121509924, -0.992590217, -3.32838885e-006, -3.87189388e-005, -1.38662104e-006, -0.999999999, 0, 0, 0, 0, 0, 0, 0, 0.364124854, -0.197945557, -0.146758984, -0.519020301, 0.384097988, -0.763585877, -0.849975586, -0.138549805, 0.508056641, 0.089373072, 0.912822114, 0.398527606, 0, 0, -0, 0, 0, 0, 0, 0.421112256, -0.127513428, -0.118406006, 0.0381694085, 0.289348653, -0.956408096, 0.672363281, -0.715454102, -0.189575195, -0.739195342, -0.635712918, -0.221915082, 0, 2, 5, 1, 
609.743442, 68, 0.1, 0.1, 0.0156493355, 0.358712346, -0.0349821946, 0.992590224, 0.121509861, -1.54535358e-005, 0.121509861, -0.992590224, -7.09112952e-008, -1.5347645e-005, -1.80737114e-006, -1, 0.992590221, 0.121509886, -2.84226003e-005, 0.121509887, -0.992590221, 8.05277736e-008, -2.82022102e-005, -3.53355801e-006, -1, 0, 0, 0, 0, 0, 0, 0, 0.364124854, -0.197945557, -0.146758984, -0.519020301, 0.384097988, -0.763585877, -0.849975586, -0.138549805, 0.508056641, 0.089373072, 0.912822114, 0.398527606, 0, 0, -0, 0, 0, 0, 0, 0.421112256, -0.127513428, -0.118406006, 0.0381694085, 0.289348653, -0.956408096, 0.672363281, -0.715454102, -0.189575195, -0.739195342, -0.635712918, -0.221915082, 0, 2, 5, 1, 
609.74417, 68, 0.1, 0.1, 0.0156493428, 0.358712346, -0.0349784745, 0.992590234, 0.121509779, 2.37490488e-005, 0.121509779, -0.992590234, 7.31759126e-006, 2.44622328e-005, -4.37762795e-006, -1, 0.992590234, 0.12150978, 2.51196629e-005, 0.12150978, -0.992590234, 5.95667592e-006, 2.56573265e-005, -2.86025362e-006, -1, 0, 0, 0, 0, 0, 0, 0, 0.364496631, -0.198923364, -0.146530737, -0.520555476, 0.382384957, -0.763345864, -0.848999023, -0.136962891, 0.510253906, 0.0906049555, 0.913711391, 0.396141345, 0, 0, -0, 0, 0, 0, 0, 0.421465967, -0.128337939, -0.118173486, 0.0366615501, 0.287386905, -0.957027497, 0.672729492, -0.715209961, -0.188964844, -0.738862853, -0.636901048, -0.219525329, 0, 2, 5, 1, 
609.744865, 68, 0.1, 0.1, 0.0156493431, 0.358712345, -0.0349724847, 0.992590241, 0.121509724, -1.76507318e-005, 0.121509724, -0.992590241, 2.27869278e-006, -1.72430608e-005, -4.40654376e-006, -1, 0.992590237, 0.121509755, -1.34363781e-005, 0.121509755, -0.992590237, -4.89568608e-006, -1.39316913e-005, 3.2267592e-006, -1, 0, 0, 0, 0, 0, 0, 0, 0.364496631, -0.198923364, -0.146530737, -0.520555476, 0.382384957, -0.763345864, -0.848999023, -0.136962891, 0.510253906, 0.0906049555, 0.913711391, 0.396141345, 0, 0, -0, 0, 0, 0, 0, 0.421465967, -0.128337939, -0.118173486, 0.0366615501, 0.287386905, -0.957027497, 0.672729492, -0.715209961, -0.188964844, -0.738862853, -0.636901048, -0.219525329, 0, 2, 5, 1, 
609.745559, 68, 0.1, 0.1, 0.0156493445, 0.358712345, -0.0349660996, 0.992590264, 0.121509537, 1.30117248e-005, 0.121509537, -0.992590264, -2.16851697e-006, 1.26518159e-005, 3.73349749e-006, -1, 0.99259026, 0.12150957, 1.32276049e-005, 0.12150957, -0.99259026, -5.68540765e-006, 1.24387603e-005, 7.25056084e-006, -1, 0, 0, 0, 0, 0, 0, 0, 0.364496631, -0.198923364, -0.146530737, -0.520555476, 0.382384957, -0.763345864, -0.848999023, -0.136962891, 0.510253906, 0.0906049555, 0.913711391, 0.396141345, 0, 0, -0, 0, 0, 0, 0, 0.421465967, -0.128337939, -0.118173486, 0.0366615501, 0.287386905, -0.957027497, 0.672729492, -0.715209961, -0.188964844, -0.738862853, -0.636901048, -0.219525329, 0, 2, 5, 1, 
609.746251, 68, 0.1, 0.1, 0.0156493438, 0.358712344, -0.0349612, 0.992590267, 0.121509512, 2.3458767e-008, 0.121509512, -0.992590267, -9.13359507e-006, -1.08653373e-006, 9.06876803e-006, -1, 0.992590269, 0.121509496, -8.82870115e-006, 0.121509496, -0.992590269, -6.97807591e-006, -9.61118534e-006, 5.85359922e-006, -1, 0, 0, 0, 0, 0, 0, 0, 0.364496631, -0.198923364, -0.146530737, -0.520555476, 0.382384957, -0.763345864, -0.848999023, -0.136962891, 0.510253906, 0.0906049555, 0.913711391, 0.396141345, 0, 0, -0, 0, 0, 0, 0, 0.421465967, -0.128337939, -0.118173486, 0.0366615501, 0.287386905, -0.957027497, 0.672729492, -0.715209961, -0.188964844, -0.738862853, -0.636901048, -0.219525329, 0, 2, 5, 1, 
609.746969, 68, 0.1, 0.1, 0.0156493496, 0.358712346, -0.034958811, 0.992590239, 0.121509746, -1.38689661e-006, 0.121509746, -0.992590239, -4.65952099e-006, -1.94279725e-006, 4.45647359e-006, -1, 0.992590245, 0.121509692, 1.25796433e-005, 0.121509692, -0.992590245, 8.13425356e-006, 1.34748218e-005, -6.54543216e-006, -1, 0, 0, 0, 0, 0, 0, 0, 0.364496631, -0.198923364, -0.146530737, -0.520555476, 0.382384957, -0.763345864, -0.848999023, -0.136962891, 0.510253906, 0.0906049555, 0.913711391, 0.396141345, 0, 0, -0, 0, 0, 0, 0, 0.421465967, -0.128337939, -0.118173486, 0.0366615501, 0.287386905, -0.957027497, 0.672729492, -0.715209961, -0.188964844, -0.738862853, -0.636901048, -0.219525329, 0, 2, 5, 1, 
609.747667, 68, 0.1, 0.1, 0.0156493507, 0.358712347, -0.0349597729, 0.992590218, 0.121509912, 1.72099819e-005, 0.121509912, -0.992590218, 8.27891687e-006, 1.80884302e-005, -6.12638852e-006, -1, 0.99259022, 0.121509901, 1.05004935e-005, 0.121509901, -0.99259022, 1.14255331e-005, 1.18110026e-005, -1.00649585e-005, -1, 0, 0, 0, 0, 0, 0, 0, 0.364496631, -0.198923364, -0.146530737, -0.520555476, 0.382384957, -0.763345864, -0.848999023, -0.136962891, 0.510253906, 0.0906049555, 0.913711391, 0.396141345, 0, 0, -0, 0, 0, 0, 0, 0.421465967, -0.128337939, -0.118173486, 0.0366615501, 0.287386905, -0.957027497, 0.672729492, -0.715209961, -0.188964844, -0.738862853, -0.636901048, -0.219525329, 0, 2, 5, 1, 
609.748358, 68, 0.1, 0.1, 0.0156493509, 0.358712346, -0.0349635613, 0.992590231, 0.121509808, -1.52704508e-005, 0.121509808, -0.992590231, 6.35456803e-006, -1.43851579e-005, -8.16299169e-006, -1, 0.992590226, 0.121509846, -1.42706748e-005, 0.121509846, -0.992590226, 3.36672339e-006, -1.37558423e-005, -5.07580424e-006, -1, 0, 0, 0, 0, 0, 0, 0, 0.364496631, -0.198923364, -0.146530737, -0.520555476, 0.382384957, -0.763345864, -0.848999023, -0.136962891, 0.510253906, 0.0906049555, 0.913711391, 0.396141345, 0, 0, -0, 0, 0, 0, 0, 0.421465967, -0.128337939, -0.118173486, 0.0366615501, 0.287386905, -0.957027497, 0.672729492, -0.715209961, -0.188964844, -0.738862853, -0.636901048, -0.219525329, 0, 2, 5, 1, 
609.749081, 68, 0.1, 0.1, 0.0156493532, 0.358712345, -0.0349687575, 0.992590255, 0.12150961, 3.37600318e-006, 0.12150961, -0.992590255, 3.48869395e-006, 3.7748977e-006, -3.05262679e-006, -1, 0.992590251, 0.121509643, 1.05725998e-005, 0.121509643, -0.992590251, -3.9096617e-006, 1.00191979e-005, 5.16536492e-006, -1, 0, 0, 0, 0, 0, 0, 0, 0.364877319, -0.199907275, -0.14608877, -0.521862622, 0.380551358, -0.763308793, -0.848022461, -0.136230469, 0.511962891, 0.0909355789, 0.914619764, 0.394034411, 0, 0, -0, 0, 0, 0, 0, 0.422019971, -0.129174414, -0.118164209, 0.0345915263, 0.285514475, -0.957646898, 0.674072266, -0.714111328, -0.188598633, -0.737852995, -0.638938988, -0.217135577, 0, 2, 5, 1, 
609.749776, 68, 0.1, 0.1, 0.0156493511, 0.358712344, -0.0349736672, 0.992590257, 0.121509597, 1.45138426e-006, 0.121509597, -0.992590257, -3.68894063e-006, 9.92388185e-007, 3.83796365e-006, -1, 0.992590258, 0.121509586, -7.64238366e-006, 0.121509586, -0.992590258, -7.28440126e-006, -8.47088015e-006, 6.30180286e-006, -1, 0, 0, 0, 0, 0, 0, 0, 0.364877319, -0.199907275, -0.14608877, -0.521862622, 0.380551358, -0.763308793, -0.848022461, -0.136230469, 0.511962891, 0.0909355789, 0.914619764, 0.394034411, 0, 0, -0, 0, 0, 0, 0, 0.422019971, -0.129174414, -0.118164209, 0.0345915263, 0.285514475, -0.957646898, 0.674072266, -0.714111328, -0.188598633, -0.737852995, -0.638938988, -0.217135577, 0, 2, 5, 1, 
609.75047, 68, 0.1, 0.1, 0.0156493515, 0.358712344, -0.0349770796, 0.992590241, 0.121509722, -9.95797736e-006, 0.121509722, -0.992590241, -5.97306372e-006, -1.06099765e-005, 4.71881369e-006, -1, 0.992590244, 0.121509698, -6.43894282e-006, 0.121509698, -0.992590244, -3.5675999e-006, -6.82472981e-006, 2.75877086e-006, -1, 0, 0, 0, 0, 0, 0, 0, 0.364877319, -0.199907275, -0.14608877, -0.521862622, 0.380551358, -0.763308793, -0.848022461, -0.136230469, 0.511962891, 0.0909355789, 0.914619764, 0.394034411, 0, 0, -0, 0, 0, 0, 0, 0.422019971, -0.129174414, -0.118164209, 0.0345915263, 0.285514475, -0.957646898, 0.674072266, -0.714111328, -0.188598633, -0.737852995, -0.638938988, -0.217135577, 0, 2, 5, 1, 
609.751168, 68, 0.1, 0.1, 0.0156493523, 0.358712344, -0.0349780885, 0.992590234, 0.12150978, 7.37996708e-006, 0.12150978, -0.992590234, -2.6488011e-006, 7.00342801e-006, 3.52591228e-006, -1, 0.992590234, 0.121509782, 6.67012774e-006, 0.121509782, -0.992590234, 3.27769864e-006, 7.0189761e-006, -2.44292589e-006, -1, 0, 0, 0, 0, 0, 0, 0, 0.364877319, -0.199907275, -0.14608877, -0.521862622, 0.380551358, -0.763308793, -0.848022461, -0.136230469, 0.511962891, 0.0909355789, 0.914619764, 0.394034411, 0, 0, -0, 0, 0, 0, 0, 0.422019971, -0.129174414, -0.118164209, 0.0345915263, 0.285514475, -0.957646898, 0.674072266, -0.714111328, -0.188598633, -0.737852995, -0.638938988, -0.217135577, 0, 2, 5, 1, 
609.751877, 68, 0.1, 0.1, 0.0156493517, 0.358712344, -0.0349763756, 0.992590246, 0.121509685, -2.21573539e-006, 0.121509685, -0.992590246, 1.81551713e-006, -1.97871443e-006, -2.0712979e-006, -1, 0.992590243, 0.121509712, -7.84676523e-006, 0.121509712, -0.992590243, 3.56853594e-006, -7.35501083e-006, -4.49555214e-006, -1, 0, 0, 0, 0, 0, 0, 0, 0.364877319, -0.199907275, -0.14608877, -0.521862622, 0.380551358, -0.763308793, -0.848022461, -0.136230469, 0.511962891, 0.0909355789, 0.914619764, 0.394034411, 0, 0, -0, 0, 0, 0, 0, 0.421715039, -0.12956123, -0.118789014, 0.0297165059, 0.283801726, -0.958349055, 0.675048828, -0.712768555, -0.190063477, -0.73701521, -0.641328374, -0.212790639, 0, 2, 5, 1, 
609.75257, 68, 0.1, 0.1, 0.0156493548, 0.358712343, -0.0349728435, 0.992590259, 0.121509579, -4.21499137e-006, 0.121509579, -0.992590259, 4.00651433e-006, -3.69692951e-006, -4.48898892e-006, -1, 0.992590258, 0.121509587, 5.88213504e-006, 0.121509587, -0.992590258, 3.35390111e-006, 6.24608107e-006, -2.61431377e-006, -1, 0, 0, 0, 0, 0, 0, 0, 0.364877319, -0.199907275, -0.14608877, -0.521862622, 0.380551358, -0.763308793, -0.848022461, -0.136230469, 0.511962891, 0.0909355789, 0.914619764, 0.394034411, 0, 0, -0, 0, 0, 0, 0, 0.421715039, -0.12956123, -0.118789014, 0.0297165059, 0.283801726, -0.958349055, 0.675048828, -0.712768555, -0.190063477, -0.73701521, -0.641328374, -0.212790639, 0, 2, 5, 1, 
609.753262, 68, 0.1, 0.1, 0.015649356, 0.358712342, -0.0349686596, 0.99259025, 0.121509654, 1.39563305e-005, 0.121509654, -0.99259025, 4.07205957e-006, 1.43477121e-005, -2.34605774e-006, -1, 0.992590254, 0.12150962, 1.01150979e-005, 0.12150962, -0.992590254, -4.85940702e-006, 9.44968286e-006, 6.05248174e-006, -1, 0, 0, 0, 0, 0, 0, 0, 0.364877319, -0.199907275, -0.14608877, -0.521862622, 0.380551358, -0.763308793, -0.848022461, -0.136230469, 0.511962891, 0.0909355789, 0.914619764, 0.394034411, 0, 0, -0, 0, 0, 0, 0, 0.421715039, -0.12956123, -0.118789014, 0.0297165059, 0.283801726, -0.958349055, 0.675048828, -0.712768555, -0.190063477, -0.73701521, -0.641328374, -0.212790639, 0, 2, 5, 1, 
609.753968, 68, 0.1, 0.1, 0.015649356, 0.358712341, -0.0349648691, 0.992590226, 0.121509849, -1.19945984e-005, 0.121509849, -0.992590226, -7.5812551e-006, -1.28269183e-005, 6.06761788e-006, -1, 0.99259023, 0.121509815, -1.18934469e-005, 0.121509815, -0.99259023, -1.12183277e-005, -1.31684561e-005, 9.69003193e-006, -1, 0, 0, 0, 0, 0, 0, 0, 0.364446436, -0.200359863, -0.146841357, -0.526031185, 0.380430791, -0.760535743, -0.845336914, -0.136352539, 0.516357422, 0.0927081419, 0.91463886, 0.393595203, 0, 0, -0, 0, 0, 0, 0, 0.421715039, -0.12956123, -0.118789014, 0.0297165059, 0.283801726, -0.958349055, 0.675048828, -0.712768555, -0.190063477, -0.73701521, -0.641328374, -0.212790639, 0, 2, 5, 1, 
609.754658, 68, 0.1, 0.1, 0.0156493587, 0.358712341, -0.034962833, 0.992590222, 0.12150988, 5.2726005e-006, 0.12150988, -0.992590222, -8.76711426e-006, 4.1682407e-006, 9.34282494e-006, -1, 0.99259022, 0.121509894, 1.25594411e-005, 0.121509894, -0.99259022, -4.99435617e-006, 1.18595147e-005, 6.48344545e-006, -1, 0, 0, 0, 0, 0, 0, 0, 0.364446436, -0.200359863, -0.146841357, -0.526031185, 0.380430791, -0.760535743, -0.845336914, -0.136352539, 0.516357422, 0.0927081419, 0.91463886, 0.393595203, 0, 0, -0, 0, 0, 0, 0, 0.421715039, -0.12956123, -0.118789014, 0.0297165059, 0.283801726, -0.958349055, 0.675048828, -0.712768555, -0.190063477, -0.73701521, -0.641328374, -0.212790639, 0, 2, 5, 1, 
609.755352, 68, 0.1, 0.1, 0.015649356, 0.358712341, -0.0349629431, 0.992590246, 0.121509682, 5.05027052e-006, 0.121509682, -0.992590246, -3.59467457e-006, 4.57606149e-006, 4.18169568e-006, -1, 0.99259024, 0.12150973, -9.65207733e-006, 0.12150973, -0.992590241, 4.18232725e-006, -9.07236431e-006, -5.32415852e-006, -1, 0, 0, 0, 0, 0, 0, 0, 0.364446436, -0.200359863, -0.146841357, -0.526031185, 0.380430791, -0.760535743, -0.845336914, -0.136352539, 0.516357422, 0.0927081419, 0.91463886, 0.393595203, 0, 0, -0, 0, 0, 0, 0, 0.421715039, -0.12956123, -0.118789014, 0.0297165059, 0.283801726, -0.958349055, 0.675048828, -0.712768555, -0.190063477, -0.73701521, -0.641328374, -0.212790639, 0, 2, 5, 1, 
609.756103, 68, 0.1, 0.1, 0.0156493563, 0.358712342, -0.0349648767, 0.992590264, 0.121509533, -1.78613688e-005, 0.121509533, -0.992590265, 4.82438073e-006, -1.71428125e-005, -6.95895993e-006, -1, 0.992590264, 0.12150954, -1.19630995e-005, 0.12150954, -0.992590264, 9.59112614e-006, -1.07090427e-005, -1.09736891e-005, -1, 0, 0, 0, 0, 0, 0, 0, 0.36398125, -0.200175928, -0.147590649, -0.530721332, 0.379669194, -0.757749587, -0.842529297, -0.139404297, 0.520263672, 0.091967885, 0.914512301, 0.394019063, 0, 0, -0, 0, 0, 0, 0, 0.421715039, -0.12956123, -0.118789014, 0.0247011275, 0.282484898, -0.958878771, 0.677734375, -0.709838867, -0.191650391, -0.734842008, -0.64514906, -0.208918547, 0, 2, 5, 1, 
609.756796, 68, 0.1, 0.1, 0.0156493568, 0.358712342, -0.0349675478, 0.992590251, 0.121509642, 8.99861175e-006, 0.121509642, -0.992590251, 9.00665116e-006, 1.00263293e-005, -7.84649605e-006, -1, 0.992590256, 0.121509605, 9.01904349e-006, 0.121509605, -0.992590256, 6.49504702e-006, 9.74142528e-006, -5.35101997e-006, -1, 0, 0, 0, 0, 0, 0, 0, 0.36398125, -0.200175928, -0.147590649, -0.530721332, 0.379669194, -0.757749587, -0.842529297, -0.139404297, 0.520263672, 0.091967885, 0.914512301, 0.394019063, 0, 0, -0, 0, 0, 0, 0, 0.421652148, -0.129505469, -0.119412354, 0.0247011275, 0.282484898, -0.958878771, 0.677734375, -0.709838867, -0.191650391, -0.734842008, -0.64514906, -0.208918547, 0, 2, 5, 1, 
609.757487, 68, 0.1, 0.1, 0.0156493557, 0.358712341, -0.0349707008, 0.992590229, 0.121509821, -4.49393225e-006, 0.121509821, -0.992590229, 2.12231113e-006, -4.2027516e-006, -2.6526422e-006, -1, 0.992590233, 0.12150979, -9.60430802e-006, 0.12150979, -0.992590233, -5.75972171e-006, -1.02330049e-005, 4.55002606e-006, -1, 0, 0, 0, 0, 0, 0, 0, 0.36398125, -0.200175928, -0.147590649, -0.530721332, 0.379669194, -0.757749587, -0.842529297, -0.139404297, 0.520263672, 0.091967885, 0.914512301, 0.394019063, 0, 0, -0, 0, 0, 0, 0, 0.421652148, -0.129505469, -0.119412354, 0.0247011275, 0.282484898, -0.958878771, 0.677734375, -0.709838867, -0.191650391, -0.734842008, -0.64514906, -0.208918547, 0, 2, 5, 1, 
609.758178, 68, 0.1, 0.1, 0.0156493591, 0.35871234, -0.0349733883, 0.992590228, 0.121509836, -8.16187004e-007, 0.121509836, -0.992590228, -6.15615016e-006, -1.55817204e-006, 6.01135974e-006, -1, 0.992590226, 0.121509847, 8.5456336e-006, 0.121509847, -0.992590226, -7.43381182e-006, 7.57903105e-006, 8.41710758e-006, -1, 0, 0, 0, 0, 0, 0, 0, 0.36398125, -0.200175928, -0.147590649, -0.530721332, 0.379669194, -0.757749587, -0.842529297, -0.139404297, 0.520263672, 0.091967885, 0.914512301, 0.394019063, 0, 0, -0, 0, 0, 0, 0, 0.421652148, -0.129505469, -0.119412354, 0.0247011275, 0.282484898, -0.958878771, 0.677734375, -0.709838867, -0.191650391, -0.734842008, -0.64514906, -0.208918547, 0, 2, 5, 1, 
609.75887, 68, 0.1, 0.1, 0.0156493605, 0.358712339, -0.0349748673, 0.992590243, 0.121509709, 1.37607968e-005, 0.121509709, -0.992590243, -6.16067149e-006, 1.29102512e-005, 7.78709282e-006, -1, 0.99259024, 0.121509734, 9.28088703e-006, 0.121509734, -0.99259024, -4.59949851e-006, 8.65323405e-006, 5.69313545e-006, -1, 0, 0, 0, 0, 0, 0, 0, 0.36398125, -0.200175928, -0.147590649, -0.530721332, 0.379669194, -0.757749587, -0.842529297, -0.139404297, 0.520263672, 0.091967885, 0.914512301, 0.394019063, 0, 0, -0, 0, 0, 0, 0, 0.421652148, -0.129505469, -0.119412354, 0.0247011275, 0.282484898, -0.958878771, 0.677734375, -0.709838867, -0.191650391, -0.734842008, -0.64514906, -0.208918547, 0, 2, 5, 1, 
609.759562, 68, 0.1, 0.1, 0.0156493615, 0.358712339, -0.0349747837, 0.992590249, 0.121509657, -5.70402196e-006, 0.121509657, -0.992590249, -7.24065185e-006, -6.5415657e-006, 6.49390667e-006, -1, 0.99259025, 0.121509653, -6.6491957e-006, 0.121509653, -0.99259025, -4.52830411e-007, -6.65495009e-006, -3.58466409e-007, -1, 0, 0, 0, 0, 0, 0, 0, 0.36398125, -0.200175928, -0.147590649, -0.530721332, 0.379669194, -0.757749587, -0.842529297, -0.139404297, 0.520263672, 0.091967885, 0.914512301, 0.394019063, 0, 0, -0, 0, 0, 0, 0, 0.421652148, -0.129505469, -0.119412354, 0.0247011275, 0.282484898, -0.958878771, 0.677734375, -0.709838867, -0.191650391, -0.734842008, -0.64514906, -0.208918547, 0, 2, 5, 1, 
609.760256, 68, 0.1, 0.1, 0.0156493642, 0.358712338, -0.0349732339, 0.992590235, 0.121509772, 3.68859716e-006, 0.121509772, -0.992590235, 1.36363906e-006, 3.82696099e-006, -9.05334213e-007, -1, 0.992590239, 0.12150974, 9.29679983e-006, 0.12150974, -0.992590239, 4.57548941e-006, 9.78387929e-006, -3.41193439e-006, -1, 0, 0, 0, 0, 0, 0, 0, 0.36398125, -0.200175928, -0.147590649, -0.530721332, 0.379669194, -0.757749587, -0.842529297, -0.139404297, 0.520263672, 0.091967885, 0.914512301, 0.394019063, 0, 0, -0, 0, 0, 0, 0, 0.421652148, -0.129505469, -0.119412354, 0.0247011275, 0.282484898, -0.958878771, 0.677734375, -0.709838867, -0.191650391, -0.734842008, -0.64514906, -0.208918547, 0, 2, 5, 1, 
609.760973, 68, 0.1, 0.1, 0.0156493627, 0.358712337, -0.0349705252, 0.992590219, 0.121509904, 4.15312864e-006, 0.121509904, -0.992590219, 5.859009e-006, 4.83428249e-006, -5.31094876e-006, -1, 0.99259022, 0.121509893, -6.00479547e-006, 0.121509893, -0.99259022, 2.35770288e-006, -5.67381703e-006, -3.06987487e-006, -1, 0, 0, 0, 0, 0, 0, 0, 0.363814746, -0.199323608, -0.147941675, -0.53383212, 0.378888502, -0.755953059, -0.840820312, -0.143310547, 0.521972656, 0.0894943789, 0.914265175, 0.395217624, 0, 0, -0, 0, 0, 0, 0, 0.421272168, -0.129148096, -0.119609961, 0.0216536942, 0.282049965, -0.959070168, 0.680053711, -0.707275391, -0.192626953, -0.732707452, -0.648017856, -0.207097523, 0, 2, 5, 1, 
609.761664, 68, 0.1, 0.1, 0.0156493633, 0.358712336, -0.0349677164, 0.992590227, 0.121509835, -1.48499171e-005, 0.121509835, -0.992590228, 1.57020455e-006, -1.45490873e-005, -3.36298068e-006, -1, 0.992590223, 0.121509869, -8.59688366e-006, 0.121509869, -0.992590224, -6.35374576e-006, -9.30522548e-006, 5.26205972e-006, -1, 0, 0, 0, 0, 0, 0, 0, 0.363814746, -0.199323608, -0.147941675, -0.53383212, 0.378888502, -0.755953059, -0.840820312, -0.143310547, 0.521972656, 0.0894943789, 0.914265175, 0.395217624, 0, 0, -0, 0, 0, 0, 0, 0.421272168, -0.129148096, -0.119609961, 0.0216536942, 0.282049965, -0.959070168, 0.680053711, -0.707275391, -0.192626953, -0.732707452, -0.648017856, -0.207097523, 0, 2, 5, 1, 
609.76236, 68, 0.1, 0.1, 0.0156493645, 0.358712335, -0.0349656697, 0.992590251, 0.121509645, 1.19911994e-005, 0.121509645, -0.992590251, -3.54264816e-006, 1.14718817e-005, 4.9734444e-006, -1, 0.992590247, 0.121509679, 1.28332887e-005, 0.121509679, -0.992590247, -6.87902971e-006, 1.19023285e-005, 8.38742659e-006, -1, 0, 0, 0, 0, 0, 0, 0, 0.363814746, -0.199323608, -0.147941675, -0.53383212, 0.378888502, -0.755953059, -0.840820312, -0.143310547, 0.521972656, 0.0894943789, 0.914265175, 0.395217624, 0, 0, -0, 0, 0, 0, 0, 0.421272168, -0.129148096, -0.119609961, 0.0216536942, 0.282049965, -0.959070168, 0.680053711, -0.707275391, -0.192626953, -0.732707452, -0.648017856, -0.207097523, 0, 2, 5, 1, 
609.763052, 68, 0.1, 0.1, 0.0156493627, 0.358712335, -0.0349649523, 0.992590255, 0.121509609, -4.58438692e-006, 0.121509609, -0.992590255, -8.81250194e-006, -5.62122144e-006, 8.19015649e-006, -1, 0.992590257, 0.121509596, -1.20375913e-005, 0.121509596, -0.992590257, -6.91790161e-006, -1.27889873e-005, 5.40395887e-006, -1, 0, 0, 0, 0, 0, 0, 0, 0.363814746, -0.199323608, -0.147941675, -0.53383212, 0.378888502, -0.755953059, -0.840820312, -0.143310547, 0.521972656, 0.0894943789, 0.914265175, 0.395217624, 0, 0, -0, 0, 0, 0, 0, 0.421272168, -0.129148096, -0.119609961, 0.0216536942, 0.282049965, -0.959070168, 0.680053711, -0.707275391, -0.192626953, -0.732707452, -0.648017856, -0.207097523, 0, 2, 5, 1, 
609.763753, 68, 0.1, 0.1, 0.0156493658, 0.358712336, -0.034965627, 0.992590233, 0.121509793, -5.34408284e-006, 0.121509793, -0.992590233, -4.21908133e-006, -5.81714413e-006, 3.53846052e-006, -1, 0.992590238, 0.121509748, 6.18214649e-006, 0.121509748, -0.992590238, 6.24994585e-006, 6.8957676e-006, -5.45244417e-006, -1, 0, 0, 0, 0, 0, 0, 0, 0.363814746, -0.199323608, -0.147941675, -0.53383212, 0.378888502, -0.755953059, -0.840820312, -0.143310547, 0.521972656, 0.0894943789, 0.914265175, 0.395217624, 0, 0, -0, 0, 0, 0, 0, 0.421272168, -0.129148096, -0.119609961, 0.0216536942, 0.282049965, -0.959070168, 0.680053711, -0.707275391, -0.192626953, -0.732707452, -0.648017856, -0.207097523, 0, 2, 5, 1, 
609.764447, 68, 0.1, 0.1, 0.0156493656, 0.358712336, -0.0349674423, 0.992590216, 0.121509927, 1.14735813e-005, 0.121509927, -0.992590216, 6.34880486e-006, 1.21600074e-005, -4.90760755e-006, -1, 0.992590217, 0.121509919, 5.44514875e-006, 0.121509919, -0.992590217, 8.99358609e-006, 6.4976113e-006, -8.26530598e-006, -1, 0, 0, 0, 0, 0, 0, 0, 0.363814746, -0.199323608, -0.147941675, -0.53383212, 0.378888502, -0.755953059, -0.840820312, -0.143310547, 0.521972656, 0.0894943789, 0.914265175, 0.395217624, 0, 0, -0, 0, 0, 0, 0, 0.421272168, -0.129148096, -0.119609961, 0.0216536942, 0.282049965, -0.959070168, 0.680053711, -0.707275391, -0.192626953, -0.732707452, -0.648017856, -0.207097523, 0, 2, 5, 1, 
609.76514, 68, 0.1, 0.1, 0.0156493655, 0.358712336, -0.0349697987, 0.992590227, 0.121509841, -1.14656497e-005, 0.121509841, -0.992590227, 5.20282537e-006, -1.07484974e-005, -6.55746289e-006, -1, 0.992590223, 0.121509873, -1.15091944e-005, 0.121509873, -0.992590223, 2.67805314e-006, -1.1098504e-005, -4.05669011e-006, -1, 0, 0, 0, 0, 0, 0, 0, 0.363814746, -0.199323608, -0.147941675, -0.53383212, 0.378888502, -0.755953059, -0.840820312, -0.143310547, 0.521972656, 0.0894943789, 0.914265175, 0.395217624, 0, 0, -0, 0, 0, 0, 0, 0.421272168, -0.129148096, -0.119609961, 0.0216536942, 0.282049965, -0.959070168, 0.680053711, -0.707275391, -0.192626953, -0.732707452, -0.648017856, -0.207097523, 0, 2, 5, 1, 
609.765863, 68, 0.1, 0.1, 0.0156493684, 0.358712335, -0.0349718535, 0.992590247, 0.121509679, 5.39649999e-006, 0.121509679, -0.992590247, 3.85732627e-006, 5.82521573e-006, -3.17301746e-006, -1, 0.992590243, 0.121509705, 1.16718748e-005, 0.121509705, -0.992590244, -2.70693988e-006, 1.12564696e-005, 4.10512818e-006, -1, 0, 0, 0, 0, 0, 0, 0, 0.363837793, -0.198617163, -0.14790835, -0.537489578, 0.375189103, -0.755242759, -0.838867187, -0.147460938, 0.523803711, 0.085129986, 0.915098286, 0.39423998, 0, 0, -0, 0, 0, 0, 0, 0.420899023, -0.128918896, -0.119595557, 0.0185552217, 0.280004727, -0.959727849, 0.682983398, -0.704467773, -0.192382812, -0.730087289, -0.6519151, -0.204343566, 0, 2, 5, 1, 
609.766555, 68, 0.1, 0.1, 0.0156493676, 0.358712334, -0.0349729156, 0.992590246, 0.121509686, 6.36654979e-006, 0.121509686, -0.992590246, -4.2148038e-006, 5.80723574e-006, 4.95717061e-006, -1, 0.992590248, 0.121509671, -2.93395767e-006, 0.121509671, -0.992590248, -7.97883998e-006, -3.88172399e-006, 7.56321452e-006, -1, 0, 0, 0, 0, 0, 0, 0, 0.363837793, -0.198617163, -0.14790835, -0.537489578, 0.375189103, -0.755242759, -0.838867187, -0.147460938, 0.523803711, 0.085129986, 0.915098286, 0.39423998, 0, 0, -0, 0, 0, 0, 0, 0.420899023, -0.128918896, -0.119595557, 0.0185552217, 0.280004727, -0.959727849, 0.682983398, -0.704467773, -0.192382812, -0.730087289, -0.6519151, -0.204343566, 0, 2, 5, 1, 
609.767247, 68, 0.1, 0.1, 0.0156493687, 0.358712334, -0.0349729914, 0.992590228, 0.121509835, -9.8296034e-006, 0.121509835, -0.992590228, -8.70012707e-006, -1.08139193e-005, 7.44126763e-006, -1, 0.992590231, 0.121509806, -5.26766713e-006, 0.121509806, -0.992590231, -5.8813793e-006, -5.94328019e-006, 5.19772643e-006, -1, 0, 0, 0, 0, 0, 0, 0, 0.363837793, -0.198617163, -0.14790835, -0.537489578, 0.375189103, -0.755242759, -0.838867187, -0.147460938, 0.523803711, 0.085129986, 0.915098286, 0.39423998, 0, 0, -0, 0, 0, 0, 0, 0.420899023, -0.128918896, -0.119595557, 0.0185552217, 0.280004727, -0.959727849, 0.682983398, -0.704467773, -0.192382812, -0.730087289, -0.6519151, -0.204343566, 0, 2, 5, 1, 
609.767955, 68, 0.1, 0.1, 0.0156493698, 0.358712334, -0.0349720551, 0.99259022, 0.121509899, 9.23229977e-006, 0.121509899, -0.99259022, -5.63297572e-006, 8.47942815e-006, 6.71305242e-006, -1, 0.992590219, 0.121509902, 8.99681832e-006, 0.121509902, -0.992590219, 2.61101936e-006, 9.24741858e-006, -1.49846976e-006, -1, 0, 0, 0, 0, 0, 0, 0, 0.363837793, -0.198617163, -0.14790835, -0.539477067, 0.370982348, -0.755739255, -0.837890625, -0.1484375, 0.525268555, 0.0827257507, 0.916629714, 0.391105227, 0, 0, -0, 0, 0, 0, 0, 0.420899023, -0.128918896, -0.119595557, 0.0185552217, 0.280004727, -0.959727849, 0.682983398, -0.704467773, -0.192382812, -0.730087289, -0.6519151, -0.204343566, 0, 2, 5, 1, 
609.768657, 68, 0.1, 0.1, 0.0156493679, 0.358712333, -0.0349702357, 0.992590236, 0.12150977, -6.29102604e-006, 0.12150977, -0.992590236, 1.10904224e-006, -6.10965155e-006, -1.86524563e-006, -1, 0.992590231, 0.121509805, -1.27205533e-005, 0.121509805, -0.992590231, 2.98823033e-006, -1.22631977e-005, -4.5117602e-006, -1, 0, 0, 0, 0, 0, 0, 0, 0.363505664, -0.198604248, -0.147496777, -0.539477067, 0.370982348, -0.755739255, -0.837890625, -0.1484375, 0.525268555, 0.0827257507, 0.916629714, 0.391105227, 0, 0, -0, 0, 0, 0, 0, 0.420391504, -0.129438281, -0.119384277, 0.0173605288, 0.276164352, -0.960922175, 0.683959961, -0.704223633, -0.190063477, -0.729230915, -0.653914395, -0.201155042, 0, 2, 5, 1, 
609.769347, 68, 0.1, 0.1, 0.0156493703, 0.358712332, -0.0349684628, 0.992590253, 0.12150963, -6.96452743e-006, 0.12150963, -0.992590253, 5.44280859e-006, -6.25156838e-006, -6.2487359e-006, -1, 0.992590251, 0.121509642, 4.44193371e-006, 0.121509642, -0.992590251, 4.13803822e-006, 4.91183164e-006, -3.56763862e-006, -1, 0, 0, 0, 0, 0, 0, 0, 0.363505664, -0.198604248, -0.147496777, -0.539477067, 0.370982348, -0.755739255, -0.837890625, -0.1484375, 0.525268555, 0.0827257507, 0.916629714, 0.391105227, 0, 0, -0, 0, 0, 0, 0, 0.420391504, -0.129438281, -0.119384277, 0.0173605288, 0.276164352, -0.960922175, 0.683959961, -0.704223633, -0.190063477, -0.729230915, -0.653914395, -0.201155042, 0, 2, 5, 1, 
609.770039, 68, 0.1, 0.1, 0.0156493707, 0.358712331, -0.0349672101, 0.992590245, 0.121509694, 1.31599439e-005, 0.121509694, -0.992590245, 7.00110294e-006, 1.39131338e-005, -5.35016574e-006, -1, 0.992590249, 0.12150966, 8.65829199e-006, 0.12150966, -0.992590249, -2.70208003e-006, 8.26580737e-006, 3.7341244e-006, -1, 0, 0, 0, 0, 0, 0, 0, 0.363505664, -0.198604248, -0.147496777, -0.539477067, 0.370982348, -0.755739255, -0.837890625, -0.1484375, 0.525268555, 0.0827257507, 0.916629714, 0.391105227, 0, 0, -0, 0, 0, 0, 0, 0.420391504, -0.129438281, -0.119384277, 0.0173605288, 0.276164352, -0.960922175, 0.683959961, -0.704223633, -0.190063477, -0.729230915, -0.653914395, -0.201155042, 0, 2, 5, 1, 
609.770736, 68, 0.1, 0.1, 0.0156493707, 0.358712332, -0.0349667957, 0.992590222, 0.121509882, -1.05193672e-005, 0.121509882, -0.992590222, -2.96234377e-006, -1.08013751e-005, 1.66218639e-006, -1, 0.992590226, 0.121509848, -1.0497516e-005, 0.121509848, -0.992590226, -6.48541711e-006, -1.12077738e-005, 5.16181006e-006, -1, 0, 0, 0, 0, 0, 0, 0, 0.363505664, -0.198604248, -0.147496777, -0.539477067, 0.370982348, -0.755739255, -0.837890625, -0.1484375, 0.525268555, 0.0827257507, 0.916629714, 0.391105227, 0, 0, -0, 0, 0, 0, 0, 0.420391504, -0.129438281, -0.119384277, 0.0173605288, 0.276164352, -0.960922175, 0.683959961, -0.704223633, -0.190063477, -0.729230915, -0.653914395, -0.201155042, 0, 2, 5, 1, 
609.77143, 68, 0.1, 0.1, 0.0156493735, 0.358712333, -0.0349672126, 0.992590217, 0.121509921, 6.56513925e-006, 0.121509921, -0.992590217, -4.29860088e-006, 5.99417034e-006, 5.06447874e-006, -1, 0.992590216, 0.121509932, 1.27146664e-005, 0.121509932, -0.992590216, -6.22478008e-007, 1.25448162e-005, 2.16282383e-006, -1, 0, 0, 0, 0, 0, 0, 0, 0.363505664, -0.198604248, -0.147496777, -0.539477067, 0.370982348, -0.755739255, -0.837890625, -0.1484375, 0.525268555, 0.0827257507, 0.916629714, 0.391105227, 0, 0, -0, 0, 0, 0, 0, 0.420391504, -0.129438281, -0.119384277, 0.0173605288, 0.276164352, -0.960922175, 0.683959961, -0.704223633, -0.190063477, -0.729230915, -0.653914395, -0.201155042, 0, 2, 5, 1, 
609.772136, 68, 0.1, 0.1, 0.0156493718, 0.358712334, -0.0349682737, 0.992590238, 0.121509752, 6.16633352e-006, 0.121509752, -0.992590238, -2.41580167e-006, 5.82709899e-006, 3.14717081e-006, -1, 0.992590233, 0.121509792, -6.3776609e-006, 0.121509792, -0.992590233, 5.02292767e-006, -5.72006903e-006, -5.76065719e-006, -1, 0, 0, 0, 0, 0, 0, 0, 0.363505664, -0.198604248, -0.147496777, -0.539477067, 0.370982348, -0.755739255, -0.837890625, -0.1484375, 0.525268555, 0.0827257507, 0.916629714, 0.391105227, 0, 0, -0, 0, 0, 0, 0, 0.420391504, -0.129438281, -0.119384277, 0.0173605288, 0.276164352, -0.960922175, 0.683959961, -0.704223633, -0.190063477, -0.729230915, -0.653914395, -0.201155042, 0, 2, 5, 1, 
609.77286, 68, 0.1, 0.1, 0.0156493725, 0.358712334, -0.0349695219, 0.992590253, 0.121509629, -1.39479421e-005, 0.121509629, -0.992590253, 8.92909349e-007, -1.37360942e-005, -2.58110238e-006, -1, 0.992590252, 0.121509635, -8.49888948e-006, 0.121509635, -0.992590252, 5.2636939e-006, -7.79632533e-006, -6.25738822e-006, -1, 0, 0, 0, 0, 0, 0, 0, 0.36234209, -0.198324023, -0.146890405, -0.540353239, 0.367638661, -0.756775309, -0.837280273, -0.147583008, 0.526245117, 0.0818757873, 0.918148037, 0.387685155, 0, 0, -0, 0, 0, 0, 0, 0.420391504, -0.129438281, -0.119384277, 0.0161979187, 0.272764741, -0.961944061, 0.685791016, -0.70300293, -0.187744141, -0.72751197, -0.65660382, -0.198439364, 0, 2, 5, 1, 
609.773553, 68, 0.1, 0.1, 0.0156493731, 0.358712333, -0.0349704352, 0.992590241, 0.121509723, 7.95581794e-006, 0.121509723, -0.992590241, 5.55055234e-006, 8.57131333e-006, -4.54271485e-006, -1, 0.992590245, 0.12150969, 8.53372404e-006, 0.12150969, -0.992590245, 3.08937405e-006, 8.84588013e-006, -2.02955238e-006, -1, 0, 0, 0, 0, 0, 0, 0, 0.36234209, -0.198324023, -0.146890405, -0.540353239, 0.367638661, -0.756775309, -0.837280273, -0.147583008, 0.526245117, 0.0818757873, 0.918148037, 0.387685155, 0, 0, -0, 0, 0, 0, 0, 0.419904248, -0.129050049, -0.118948291, 0.0161979187, 0.272764741, -0.961944061, 0.685791016, -0.70300293, -0.187744141, -0.72751197, -0.65660382, -0.198439364, 0, 2, 5, 1, 
609.774246, 68, 0.1, 0.1, 0.0156493714, 0.358712331, -0.0349710895, 0.992590221, 0.121509885, -6.08353458e-006, 0.121509885, -0.992590221, 1.286553e-006, -5.88212803e-006, -2.01622952e-006, -1, 0.992590225, 0.121509857, -1.10863056e-005, 0.121509857, -0.992590225, -7.02780551e-006, -1.18581062e-005, 5.62863564e-006, -1, 0, 0, 0, 0, 0, 0, 0, 0.36234209, -0.198324023, -0.146890405, -0.540353239, 0.367638661, -0.756775309, -0.837280273, -0.147583008, 0.526245117, 0.0818757873, 0.918148037, 0.387685155, 0, 0, -0, 0, 0, 0, 0, 0.419904248, -0.129050049, -0.118948291, 0.0161979187, 0.272764741, -0.961944061, 0.685791016, -0.70300293, -0.187744141, -0.72751197, -0.65660382, -0.198439364, 0, 2, 5, 1, 
609.774942, 68, 0.1, 0.1, 0.0156493738, 0.358712331, -0.0349713008, 0.992590222, 0.12150988, -4.76939244e-006, 0.12150988, -0.992590222, -6.06424188e-006, -5.4709176e-006, 5.43977889e-006, -1, 0.99259022, 0.121509895, 5.60354287e-006, 0.121509895, -0.99259022, -7.84383967e-006, 4.60891772e-006, 8.46660445e-006, -1, 0, 0, 0, 0, 0, 0, 0, 0.36234209, -0.198324023, -0.146890405, -0.540353239, 0.367638661, -0.756775309, -0.837280273, -0.147583008, 0.526245117, 0.0818757873, 0.918148037, 0.387685155, 0, 0, -0, 0, 0, 0, 0, 0.419904248, -0.129050049, -0.118948291, 0.0161979187, 0.272764741, -0.961944061, 0.685791016, -0.70300293, -0.187744141, -0.72751197, -0.65660382, -0.198439364, 0, 2, 5, 1, 
609.775638, 68, 0.1, 0.1, 0.0156493741, 0.35871233, -0.034971009, 0.992590241, 0.121509722, 1.35786858e-005, 0.121509722, -0.992590241, -5.40727036e-006, 1.28210351e-005, 7.01714613e-006, -1, 0.992590238, 0.121509754, 7.98594502e-006, 0.121509754, -0.992590238, -3.80454965e-006, 7.46448117e-006, 4.74672905e-006, -1, 0, 0, 0, 0, 0, 0, 0, 0.36234209, -0.198324023, -0.146890405, -0.540353239, 0.367638661, -0.756775309, -0.837280273, -0.147583008, 0.526245117, 0.0818757873, 0.918148037, 0.387685155, 0, 0, -0, 0, 0, 0, 0, 0.419904248, -0.129050049, -0.118948291, 0.0161979187, 0.272764741, -0.961944061, 0.685791016, -0.70300293, -0.187744141, -0.72751197, -0.65660382, -0.198439364, 0, 2, 5, 1, 
609.776334, 68, 0.1, 0.1, 0.0156493745, 0.358712331, -0.0349703161, 0.992590249, 0.121509656, -7.84056128e-006, 0.121509656, -0.99259025, -5.74841138e-006, -8.48095217e-006, 4.75311318e-006, -1, 0.99259025, 0.121509653, -9.32512712e-006, 0.121509653, -0.99259025, 2.09856942e-006, -9.00103381e-006, -3.2161125e-006, -1, 0, 0, 0, 0, 0, 0, 0, 0.36234209, -0.198324023, -0.146890405, -0.540353239, 0.367638661, -0.756775309, -0.837280273, -0.147583008, 0.526245117, 0.0818757873, 0.918148037, 0.387685155, 0, 0, -0, 0, 0, 0, 0, 0.419904248, -0.129050049, -0.118948291, 0.0161979187, 0.272764741, -0.961944061, 0.685791016, -0.70300293, -0.187744141, -0.72751197, -0.65660382, -0.198439364, 0, 2, 5, 1, 
609.777026, 68, 0.1, 0.1, 0.0156493775, 0.358712331, -0.034969509, 0.992590233, 0.121509788, 5.53166403e-006, 0.121509788, -0.992590233, 4.46623572e-006, 6.03336704e-006, -3.76099063e-006, -1, 0.992590238, 0.121509752, 1.14778398e-005, 0.121509752, -0.992590238, 8.02161977e-006, 1.23674968e-005, -6.56751201e-006, -1, 0, 0, 0, 0, 0, 0, 0, 0.36234209, -0.198324023, -0.146890405, -0.540353239, 0.367638661, -0.756775309, -0.837280273, -0.147583008, 0.526245117, 0.0818757873, 0.918148037, 0.387685155, 0, 0, -0, 0, 0, 0, 0, 0.419904248, -0.129050049, -0.118948291, 0.0161979187, 0.272764741, -0.961944061, 0.685791016, -0.70300293, -0.187744141, -0.72751197, -0.65660382, -0.198439364, 0, 2, 5, 1, 
