time, trialNum, realDorsalTactorPos, realVentralTactorPos, boxPosX, boxPosY, boxPosZ, boxLocalRot_11, boxLocalRot_12, boxLocalRot_13, boxLocalRot_21, boxLocalRot_22, boxLocalRot_23, boxLocalRot_31, boxLocalRot_32, boxLocalRot_33, boxGlobalRot_11, boxGlobalRot_12, boxGlobalRot_13, boxGlobalRot_21, boxGlobalRot_22, boxGlobalRot_23, boxGlobalRot_31, boxGlobalRot_32, boxGlobalRot_33, indexForceX, indexForceY, indexForceZ, indexForceGlobalX, indexForceGlobalY, indexForceGlobalZ, indexContact, indexPosX, indexPosY, indexPosZ, indexRot_11, indexRot_12, indexRot_13, indexRot_21, indexRot_22, indexRot_23, indexRot_31, indexRot_32, indexRot_33, thumbForceX, thumbForceY, thumbForceZ, thumbForceGlobalX, thumbForceGlobalY, thumbForceGlobalZ, thumbContact, thumbPosX, thumbPosY, thumbPosZ, thumbRot_11, thumbRot_12, thumbRot_13, thumbRot_21, thumbRot_22, thumbRot_23, thumbRot_31, thumbRot_32, thumbRot_33, manipForceTooHigh, cceExpType, mapping, trialSuccess, 
347.616929, 40, 0.1, 0.1, 0.0365085022, 0.369790694, -0.0199653879, 0.964712676, 7.70783119e-005, -0.263304856, 0.263304847, 0.000115560823, 0.964712674, 0.00010478615, -0.99999999, 9.11878981e-005, 0.96471268, 6.11113059e-005, -0.263304846, 0.263304841, 8.78254688e-005, 0.964712679, 8.20797232e-005, -0.999999994, 6.86354407e-005, 0, 0, 0, 0, 0, 0, 0, 0.199854419, 0.127232031, 0.142107324, -0.606790861, 0.787019097, 0.111099635, -0.752929687, -0.613891602, 0.236816406, 0.254674683, 0.0599947707, 0.965206608, 0, 0, -0, 0, 0, 0, 0, 0.230405811, 0.114197998, 0.182891064, -0.843798627, 0.534646247, 0.0455826041, 0.341552734, 0.600708008, -0.72277832, -0.413954991, -0.594220035, -0.689441842, 0, 2, 5, 1, 
347.666802, 40, 0.1, 0.1, 0.0365085023, 0.369790727, -0.0199708509, 0.964712115, -2.05351497e-005, -0.263306922, 0.263306922, -1.45337971e-005, 0.964712115, -2.36373571e-005, -1, -8.61388311e-006, 0.964712121, -1.88267263e-005, -0.263306898, 0.263306898, -1.92321661e-005, 0.964712121, -2.32263331e-005, -1, -1.35962969e-005, 0, 0, 0, 0, 0, 0, 0, 0.203390845, 0.121314771, 0.132561035, -0.634482386, 0.772275759, 0.0286734562, -0.748046875, -0.622924805, 0.228759766, 0.1945456, 0.123755077, 0.973070771, 0, 0, -0, 0, 0, 0, 0, 0.2311146, 0.110626904, 0.166714648, -0.84940272, 0.513077136, -0.122833059, 0.406860352, 0.488769531, -0.771728516, -0.336111413, -0.705482566, -0.623923485, 0, 2, 5, 1, 
347.667504, 40, 0.1, 0.1, 0.0365085025, 0.369790727, -0.0199729271, 0.964712131, 4.1958083e-006, -0.263306862, 0.263306862, -1.1117631e-005, 0.964712131, 1.12039864e-006, -1, -1.18300986e-005, 0.964712121, 1.21155628e-005, -0.263306899, 0.263306899, -4.93224676e-006, 0.964712121, 1.03893356e-005, -1, -7.9483095e-006, 0, 0, 0, 0, 0, 0, 0, 0.203390845, 0.121314771, 0.132561035, -0.634482386, 0.772275759, 0.0286734562, -0.748046875, -0.622924805, 0.228759766, 0.1945456, 0.123755077, 0.973070771, 0, 0, -0, 0, 0, 0, 0, 0.2311146, 0.110626904, 0.166714648, -0.84940272, 0.513077136, -0.122833059, 0.406860352, 0.488769531, -0.771728516, -0.336111413, -0.705482566, -0.623923485, 0, 2, 5, 1, 
347.668202, 40, 0.1, 0.1, 0.0365084994, 0.369790727, -0.019973839, 0.964712223, 5.13102632e-006, -0.263306527, 0.263306527, -4.86488478e-006, 0.964712223, 3.66900789e-006, -1, -6.04424653e-006, 0.964712202, -1.47622103e-005, -0.263306603, 0.263306603, 2.00531893e-006, 0.964712202, -1.37132707e-005, -1, 5.82154309e-006, 0, 0, 0, 0, 0, 0, 0, 0.203390845, 0.121314771, 0.132561035, -0.634482386, 0.772275759, 0.0286734562, -0.748046875, -0.622924805, 0.228759766, 0.1945456, 0.123755077, 0.973070771, 0, 0, -0, 0, 0, 0, 0, 0.2311146, 0.110626904, 0.166714648, -0.84940272, 0.513077136, -0.122833059, 0.406860352, 0.488769531, -0.771728516, -0.336111413, -0.705482566, -0.623923485, 0, 2, 5, 1, 
347.668902, 40, 0.1, 0.1, 0.0365084991, 0.369790727, -0.0199734415, 0.964712292, -1.95818998e-005, -0.263306274, 0.263306274, 1.45467001e-006, 0.964712292, -1.85078757e-005, -1, 6.55937512e-006, 0.964712285, -1.39524465e-005, -0.263306299, 0.263306299, 8.06768382e-006, 0.964712285, -1.13358246e-005, -1, 1.14567607e-005, 0, 0, 0, 0, 0, 0, 0, 0.203390845, 0.121314771, 0.132561035, -0.634482386, 0.772275759, 0.0286734562, -0.748046875, -0.622924805, 0.228759766, 0.1945456, 0.123755077, 0.973070771, 0, 0, -0, 0, 0, 0, 0, 0.2311146, 0.110626904, 0.166714648, -0.84940272, 0.513077136, -0.122833059, 0.406860352, 0.488769531, -0.771728516, -0.336111413, -0.705482566, -0.623923485, 0, 2, 5, 1, 
347.669625, 40, 0.1, 0.1, 0.0365085002, 0.369790727, -0.0199717366, 0.96471227, 1.63350519e-005, -0.263306352, 0.263306352, 1.7150279e-005, 0.96471227, 2.02744024e-005, -1, 1.22439617e-005, 0.964712282, 1.83307509e-005, -0.263306308, 0.263306308, 1.28838635e-005, 0.964712282, 2.10763031e-005, -1, 7.60261898e-006, 0, 0, 0, 0, 0, 0, 0, 0.203390845, 0.121314771, 0.132561035, -0.63580975, 0.771505545, 0.0209118358, -0.747436523, -0.622192383, 0.232421875, 0.192407587, 0.132157727, 0.972446212, 0, 0, -0, 0, 0, 0, 0, 0.2311146, 0.110626904, 0.166714648, -0.84940272, 0.513077136, -0.122833059, 0.406860352, 0.488769531, -0.771728516, -0.336111413, -0.705482566, -0.623923485, 0, 2, 5, 1, 
347.670337, 40, 0.1, 0.1, 0.0365084984, 0.369790726, -0.0199691342, 0.964712215, -8.25994803e-006, -0.263306556, 0.263306556, 5.36396006e-006, 0.964712215, -6.55610691e-006, -1, 7.34957625e-006, 0.964712224, -1.53587667e-005, -0.263306524, 0.263306523, -1.15240859e-005, 0.964712224, -1.7851157e-005, -1, -7.07336311e-006, 0, 0, 0, 0, 0, 0, 0, 0.203762988, 0.120408008, 0.130823022, -0.63580975, 0.771505545, 0.0209118358, -0.747436523, -0.622192383, 0.232421875, 0.192407587, 0.132157727, 0.972446212, 0, 0, -0, 0, 0, 0, 0, 0.231488965, 0.110309424, 0.165322412, -0.847230251, 0.513964127, -0.133042087, 0.411376953, 0.476928711, -0.776611328, -0.335760335, -0.712753902, -0.615545308, 0, 2, 5, 1, 
347.671035, 40, 0.1, 0.1, 0.0365085007, 0.369790726, -0.0199668481, 0.964712243, -8.17083586e-006, -0.263306453, 0.263306453, -1.10373531e-005, 0.964712243, -1.07887117e-005, -1, -8.49643584e-006, 0.96471223, 1.40995529e-005, -0.263306502, 0.263306502, -1.12498229e-005, 0.96471223, 1.06398596e-005, -1, -1.45653457e-005, 0, 0, 0, 0, 0, 0, 0, 0.203762988, 0.120408008, 0.130823022, -0.63580975, 0.771505545, 0.0209118358, -0.747436523, -0.622192383, 0.232421875, 0.192407587, 0.132157727, 0.972446212, 0, 0, -0, 0, 0, 0, 0, 0.231488965, 0.110309424, 0.165322412, -0.847230251, 0.513964127, -0.133042087, 0.411376953, 0.476928711, -0.776611328, -0.335760335, -0.712753902, -0.615545308, 0, 2, 5, 1, 
347.671729, 40, 0.1, 0.1, 0.0365085001, 0.369790726, -0.019965539, 0.96471235, 2.77645151e-005, -0.26330606, 0.26330606, -6.62019268e-006, 0.96471235, 2.50416337e-005, -1, -1.36971467e-005, 0.964712329, 1.63763762e-005, -0.263306137, 0.263306137, -4.66456104e-006, 0.964712329, 1.45702845e-005, -1, -8.81195991e-006, 0, 0, 0, 0, 0, 0, 0, 0.203762988, 0.120408008, 0.130823022, -0.63580975, 0.771505545, 0.0209118358, -0.747436523, -0.622192383, 0.232421875, 0.192407587, 0.132157727, 0.972446212, 0, 0, -0, 0, 0, 0, 0, 0.231488965, 0.110309424, 0.165322412, -0.847230251, 0.513964127, -0.133042087, 0.411376953, 0.476928711, -0.776611328, -0.335760335, -0.712753902, -0.615545308, 0, 2, 5, 1, 
347.672457, 40, 0.1, 0.1, 0.0365084988, 0.369790726, -0.0199653536, 0.964712404, -1.90583226e-005, -0.263305864, 0.263305864, -1.69045074e-005, 0.964712404, -2.28368561e-005, -1, -1.12898198e-005, 0.964712403, -2.47441732e-005, -0.263305865, 0.263305865, 5.16909319e-007, 0.964712403, -2.37349056e-005, -1, 7.01395478e-006, 0, 0, 0, 0, 0, 0, 0, 0.204052734, 0.119877783, 0.129420288, -0.638579053, 0.769301626, 0.0109609058, -0.746337891, -0.622680664, 0.234741211, 0.187408156, 0.141652596, 0.972044813, 0, 0, -0, 0, 0, 0, 0, 0.231488965, 0.110309424, 0.165322412, -0.843460605, 0.517356076, -0.14405645, 0.418579102, 0.465209961, -0.779907227, -0.336591556, -0.718166301, -0.608847431, 0, 2, 5, 1, 
347.673158, 40, 0.1, 0.1, 0.0365085006, 0.369790726, -0.019966144, 0.964712342, 6.66091497e-006, -0.263306089, 0.263306088, 7.1262277e-006, 0.964712342, 8.30224603e-006, -1, 5.12090035e-006, 0.96471236, 1.67292619e-005, -0.263306025, 0.263306025, 1.54744209e-005, 0.96471236, 2.0213434e-005, -1, 1.05234497e-005, 0, 0, 0, 0, 0, 0, 0, 0.204052734, 0.119877783, 0.129420288, -0.638579053, 0.769301626, 0.0109609058, -0.746337891, -0.622680664, 0.234741211, 0.187408156, 0.141652596, 0.972044813, 0, 0, -0, 0, 0, 0, 0, 0.231944141, 0.109973535, 0.164288037, -0.843460605, 0.517356076, -0.14405645, 0.418579102, 0.465209961, -0.779907227, -0.336591556, -0.718166301, -0.608847431, 0, 2, 5, 1, 
347.673856, 40, 0.1, 0.1, 0.036508498, 0.369790724, -0.0199678771, 0.964712271, 4.52952659e-006, -0.26330635, 0.26330635, 1.08131081e-005, 0.964712271, 7.2168499e-006, -1, 9.23888494e-006, 0.964712278, -1.41245608e-005, -0.263306325, 0.263306326, 1.06319896e-006, 0.964712278, -1.33461902e-005, -1, 4.74476728e-006, 0, 0, 0, 0, 0, 0, 0, 0.204052734, 0.119877783, 0.129420288, -0.638579053, 0.769301626, 0.0109609058, -0.746337891, -0.622680664, 0.234741211, 0.187408156, 0.141652596, 0.972044813, 0, 0, -0, 0, 0, 0, 0, 0.231944141, 0.109973535, 0.164288037, -0.843460605, 0.517356076, -0.14405645, 0.418579102, 0.465209961, -0.779907227, -0.336591556, -0.718166301, -0.608847431, 0, 2, 5, 1, 
347.674559, 40, 0.1, 0.1, 0.0365084984, 0.369790723, -0.019969954, 0.964712298, -2.12502009e-005, -0.263306251, 0.263306251, -2.15257469e-006, 0.964712298, -2.10671165e-005, -1, 3.51869547e-006, 0.964712284, -9.07752716e-006, -0.263306304, 0.263306304, -1.36303041e-005, 0.964712284, -1.2346147e-005, -1, -1.07591517e-005, 0, 0, 0, 0, 0, 0, 0, 0.204052734, 0.119877783, 0.129420288, -0.638579053, 0.769301626, 0.0109609058, -0.746337891, -0.622680664, 0.234741211, 0.187408156, 0.141652596, 0.972044813, 0, 0, -0, 0, 0, 0, 0, 0.231944141, 0.109973535, 0.164288037, -0.843460605, 0.517356076, -0.14405645, 0.418579102, 0.465209961, -0.779907227, -0.336591556, -0.718166301, -0.608847431, 0, 2, 5, 1, 
347.675256, 40, 0.1, 0.1, 0.0365084991, 0.369790722, -0.0199717394, 0.964712378, 2.04325628e-005, -0.263305957, 0.263305957, -3.44080597e-006, 0.964712378, 1.88055616e-005, -1, -8.69940362e-006, 0.964712364, 2.17811697e-005, -0.263306009, 0.263306009, -7.97555865e-006, 0.964712364, 1.89125512e-005, -1, -1.34292329e-005, 0, 0, 0, 0, 0, 0, 0, 0.204052734, 0.119877783, 0.129420288, -0.638579053, 0.769301626, 0.0109609058, -0.746337891, -0.622680664, 0.234741211, 0.187408156, 0.141652596, 0.972044813, 0, 0, -0, 0, 0, 0, 0, 0.231944141, 0.109973535, 0.164288037, -0.843460605, 0.517356076, -0.14405645, 0.418579102, 0.465209961, -0.779907227, -0.336591556, -0.718166301, -0.608847431, 0, 2, 5, 1, 
347.675952, 40, 0.1, 0.1, 0.0365084977, 0.369790722, -0.0199727831, 0.9647124, -1.97393834e-006, -0.26330588, 0.263305879, -1.38128737e-005, 0.964712399, -5.54129365e-006, -1, -1.2805701e-005, 0.964712403, -1.21907039e-005, -0.263305868, 0.263305868, -1.2483581e-005, 0.964712403, -1.50475234e-005, -1, -8.83318156e-006, 0, 0, 0, 0, 0, 0, 0, 0.204052734, 0.119877783, 0.129420288, -0.638579053, 0.769301626, 0.0109609058, -0.746337891, -0.622680664, 0.234741211, 0.187408156, 0.141652596, 0.972044813, 0, 0, -0, 0, 0, 0, 0, 0.231944141, 0.109973535, 0.164288037, -0.843460605, 0.517356076, -0.14405645, 0.418579102, 0.465209961, -0.779907227, -0.336591556, -0.718166301, -0.608847431, 0, 2, 5, 1, 
347.676651, 40, 0.1, 0.1, 0.0365084995, 0.369790722, -0.0199728146, 0.96471234, -6.21974876e-006, -0.263306096, 0.263306096, -9.77377602e-006, 0.96471234, -8.57376319e-006, -1, -7.79118458e-006, 0.964712355, 7.73031062e-006, -0.263306042, 0.263306042, 7.06138304e-006, 0.964712355, 9.31683098e-006, -1, 4.77676597e-006, 0, 0, 0, 0, 0, 0, 0, 0.204052734, 0.119877783, 0.129420288, -0.638579053, 0.769301626, 0.0109609058, -0.746337891, -0.622680664, 0.234741211, 0.187408156, 0.141652596, 0.972044813, 0, 0, -0, 0, 0, 0, 0, 0.231944141, 0.109973535, 0.164288037, -0.843460605, 0.517356076, -0.14405645, 0.418579102, 0.465209961, -0.779907227, -0.336591556, -0.718166301, -0.608847431, 0, 2, 5, 1, 
347.677378, 40, 0.1, 0.1, 0.0365084989, 0.369790722, -0.0199716529, 0.964712299, 1.79897877e-005, -0.263306249, 0.263306248, 1.04357534e-005, 0.964712299, 2.01027685e-005, -1, 5.3306761e-006, 0.964712299, 7.837387e-006, -0.263306246, 0.263306246, 1.37830171e-005, 0.964712299, 1.11899781e-005, -1, 1.12330132e-005, 0, 0, 0, 0, 0, 0, 0, 0.204393262, 0.118721899, 0.128022314, -0.640389808, 0.767960776, 0.00111144718, -0.745849609, -0.622192383, 0.237304687, 0.182998458, 0.151134361, 0.971503752, 0, 0, -0, 0, 0, 0, 0, 0.231944141, 0.109973535, 0.164288037, -0.840438325, 0.519099441, -0.155217734, 0.424926758, 0.453857422, -0.783203125, -0.336151159, -0.724242945, -0.60191951, 0, 2, 5, 1, 
347.678093, 40, 0.1, 0.1, 0.0365084979, 0.369790721, -0.0199695746, 0.964712353, -2.18389724e-005, -0.263306051, 0.263306051, 4.34673601e-006, 0.964712353, -1.99238045e-005, -1, 9.94368349e-006, 0.964712335, -2.17984861e-005, -0.263306114, 0.263306114, -2.51483978e-007, 0.964712335, -2.10954857e-005, -1, 5.49706499e-006, 0, 0, 0, 0, 0, 0, 0, 0.204393262, 0.118721899, 0.128022314, -0.640389808, 0.767960776, 0.00111144718, -0.745849609, -0.622192383, 0.237304687, 0.182998458, 0.151134361, 0.971503752, 0, 0, -0, 0, 0, 0, 0, 0.232376611, 0.109961084, 0.163025537, -0.840438325, 0.519099441, -0.155217734, 0.424926758, 0.453857422, -0.783203125, -0.336151159, -0.724242945, -0.60191951, 0, 2, 5, 1, 
347.678792, 40, 0.1, 0.1, 0.0365085, 0.369790721, -0.0199676184, 0.964712438, 6.91054353e-006, -0.263305737, 0.263305737, 8.09393838e-006, 0.964712438, 8.79786771e-006, -1, 5.98873727e-006, 0.964712424, 2.19256341e-005, -0.26330579, 0.26330579, -3.43290803e-006, 0.964712424, 2.0248027e-005, -1, -9.08491542e-006, 0, 0, 0, 0, 0, 0, 0, 0.204393262, 0.118721899, 0.128022314, -0.640389808, 0.767960776, 0.00111144718, -0.745849609, -0.622192383, 0.237304687, 0.182998458, 0.151134361, 0.971503752, 0, 0, -0, 0, 0, 0, 0, 0.232376611, 0.109961084, 0.163025537, -0.840438325, 0.519099441, -0.155217734, 0.424926758, 0.453857422, -0.783203125, -0.336151159, -0.724242945, -0.60191951, 0, 2, 5, 1, 
347.67949, 40, 0.1, 0.1, 0.0365084979, 0.36979072, -0.0199663579, 0.964712434, 1.39163745e-005, -0.263305751, 0.263305751, -5.89626294e-006, 0.964712434, 1.18727795e-005, -1, -9.35245961e-006, 0.964712443, -5.23250246e-006, -0.263305719, 0.263305719, -1.75803945e-005, 0.964712443, -9.67687865e-006, -1, -1.55822775e-005, 0, 0, 0, 0, 0, 0, 0, 0.204393262, 0.118721899, 0.128022314, -0.640389808, 0.767960776, 0.00111144718, -0.745849609, -0.622192383, 0.237304687, 0.182998458, 0.151134361, 0.971503752, 0, 0, -0, 0, 0, 0, 0, 0.232376611, 0.109961084, 0.163025537, -0.840438325, 0.519099441, -0.155217734, 0.424926758, 0.453857422, -0.783203125, -0.336151159, -0.724242945, -0.60191951, 0, 2, 5, 1, 
347.680184, 40, 0.1, 0.1, 0.0365084983, 0.36979072, -0.0199661443, 0.964712347, -1.90962747e-005, -0.263306071, 0.263306071, -1.85861049e-005, 0.964712347, -2.33162462e-005, -1, -1.29020798e-005, 0.964712365, -1.01705914e-005, -0.263306008, 0.263306008, -1.12990028e-005, 0.964712365, -1.27867906e-005, -1, -8.22230991e-006, 0, 0, 0, 0, 0, 0, 0, 0.204393262, 0.118721899, 0.128022314, -0.640389808, 0.767960776, 0.00111144718, -0.745849609, -0.622192383, 0.237304687, 0.182998458, 0.151134361, 0.971503752, 0, 0, -0, 0, 0, 0, 0, 0.232376611, 0.109961084, 0.163025537, -0.840438325, 0.519099441, -0.155217734, 0.424926758, 0.453857422, -0.783203125, -0.336151159, -0.724242945, -0.60191951, 0, 2, 5, 1, 
347.680886, 40, 0.1, 0.1, 0.0365084987, 0.369790721, -0.0199669329, 0.964712309, 2.18543661e-005, -0.26330621, 0.26330621, -2.33168415e-006, 0.964712309, 2.04692291e-005, -1, -8.00379472e-006, 0.964712308, 1.84271186e-005, -0.263306216, 0.263306215, 1.29593501e-005, 0.964712308, 2.11891455e-005, -1, 7.65006972e-006, 0, 0, 0, 0, 0, 0, 0, 0.204393262, 0.118721899, 0.128022314, -0.640389808, 0.767960776, 0.00111144718, -0.745849609, -0.622192383, 0.237304687, 0.182998458, 0.151134361, 0.971503752, 0, 0, -0, 0, 0, 0, 0, 0.232376611, 0.109961084, 0.163025537, -0.840438325, 0.519099441, -0.155217734, 0.424926758, 0.453857422, -0.783203125, -0.336151159, -0.724242945, -0.60191951, 0, 2, 5, 1, 
347.681586, 40, 0.1, 0.1, 0.0365084965, 0.36979072, -0.0199684072, 0.964712375, -1.03231089e-005, -0.263305969, 0.263305969, 4.84745285e-006, 0.964712375, -8.68246762e-006, -1, 7.39453394e-006, 0.964712357, -2.24942281e-005, -0.263306035, 0.263306035, 6.82095913e-006, 0.964712357, -1.99044601e-005, -1, 1.25031296e-005, 0, 0, 0, 0, 0, 0, 0, 0.204393262, 0.118721899, 0.128022314, -0.640389808, 0.767960776, 0.00111144718, -0.745849609, -0.622192383, 0.237304687, 0.182998458, 0.151134361, 0.971503752, 0, 0, -0, 0, 0, 0, 0, 0.232376611, 0.109961084, 0.163025537, -0.840438325, 0.519099441, -0.155217734, 0.424926758, 0.453857422, -0.783203125, -0.336151159, -0.724242945, -0.60191951, 0, 2, 5, 1, 
347.682308, 40, 0.1, 0.1, 0.0365084986, 0.369790721, -0.019970047, 0.96471245, -1.25717515e-005, -0.263305693, 0.263305693, 9.33902214e-006, 0.96471245, -9.66910747e-006, -1, 1.23196847e-005, 0.964712443, 8.47644933e-006, -0.263305722, 0.263305722, 1.05545898e-005, 0.964712443, 1.095642e-005, -1, 7.95024651e-006, 0, 0, 0, 0, 0, 0, 0, 0.204747949, 0.117791211, 0.126389624, -0.641965419, 0.766613934, -0.00893496286, -0.745483398, -0.621337891, 0.240966797, 0.179293068, 0.161358627, 0.970499516, 0, 0, -0, 0, 0, 0, 0, 0.232376611, 0.109961084, 0.163025537, -0.837614372, 0.520721405, -0.164781474, 0.4296875, 0.441894531, -0.787475586, -0.337327262, -0.730332348, -0.593841739, 0, 2, 5, 1, 
347.683008, 40, 0.1, 0.1, 0.0365084979, 0.36979072, -0.0199711465, 0.964712428, 1.66217257e-005, -0.263305773, 0.263305773, 1.08643975e-005, 0.964712429, 1.88958439e-005, -1, 6.10442302e-006, 0.964712441, 1.19316085e-005, -0.263305726, 0.263305726, -4.15574944e-006, 0.964712442, 1.04163386e-005, -1, -7.15076403e-006, 0, 0, 0, 0, 0, 0, 0, 0.204747949, 0.117791211, 0.126389624, -0.641965419, 0.766613934, -0.00893496286, -0.745483398, -0.621337891, 0.240966797, 0.179293068, 0.161358627, 0.970499516, 0, 0, -0, 0, 0, 0, 0, 0.232761963, 0.109940332, 0.161446436, -0.837614372, 0.520721405, -0.164781474, 0.4296875, 0.441894531, -0.787475586, -0.337327262, -0.730332348, -0.593841739, 0, 2, 5, 1, 
347.683705, 40, 0.1, 0.1, 0.036508497, 0.369790719, -0.0199717071, 0.964712356, -1.61471992e-005, -0.26330604, 0.263306039, -1.20808186e-005, 0.964712356, -1.87583551e-005, -1, -7.4028599e-006, 0.964712369, -1.55213075e-005, -0.263305992, 0.263305992, -1.66224146e-005, 0.964712369, -1.93503787e-005, -1, -1.19489957e-005, 0, 0, 0, 0, 0, 0, 0, 0.204747949, 0.117791211, 0.126389624, -0.641965419, 0.766613934, -0.00893496286, -0.745483398, -0.621337891, 0.240966797, 0.179293068, 0.161358627, 0.970499516, 0, 0, -0, 0, 0, 0, 0, 0.232761963, 0.109940332, 0.161446436, -0.837614372, 0.520721405, -0.164781474, 0.4296875, 0.441894531, -0.787475586, -0.337327262, -0.730332348, -0.593841739, 0, 2, 5, 1, 
347.684404, 40, 0.1, 0.1, 0.0365084985, 0.369790719, -0.0199715872, 0.964712342, 1.0491349e-005, -0.263306091, 0.263306091, -1.119219e-005, 0.964712342, 7.17416203e-006, -1, -1.35596799e-005, 0.964712337, 1.88526798e-005, -0.263306109, 0.263306109, -4.37666526e-006, 0.964712337, 1.70350101e-005, -1, -9.18624873e-006, 0, 0, 0, 0, 0, 0, 0, 0.204747949, 0.117791211, 0.126389624, -0.641965419, 0.766613934, -0.00893496286, -0.745483398, -0.621337891, 0.240966797, 0.179293068, 0.161358627, 0.970499516, 0, 0, -0, 0, 0, 0, 0, 0.232761963, 0.109940332, 0.161446436, -0.837614372, 0.520721405, -0.164781474, 0.4296875, 0.441894531, -0.787475586, -0.337327262, -0.730332348, -0.593841739, 0, 2, 5, 1, 
347.685141, 40, 0.1, 0.1, 0.036508496, 0.369790719, -0.0199704497, 0.964712419, 1.26914806e-005, -0.263305808, 0.263305808, -4.95942394e-006, 0.964712419, 1.09377838e-005, -1, -8.12615842e-006, 0.964712401, -1.01199124e-005, -0.263305874, 0.263305874, 3.43525063e-006, 0.964712401, -8.85828336e-006, -1, 5.97866127e-006, 0, 0, 0, 0, 0, 0, 0, 0.204886719, 0.11685918, 0.124581177, -0.643470638, 0.765247996, -0.0180359295, -0.744750977, -0.620361328, 0.245605469, 0.176812449, 0.171462325, 0.969221945, 0, 0, -0, 0, 0, 0, 0, 0.233017334, 0.109771289, 0.159935791, -0.833652962, 0.523250782, -0.176306963, 0.437011719, 0.42980957, -0.790039062, -0.337647357, -0.735712664, -0.586952098, 0, 2, 5, 1, 
347.68584, 40, 0.1, 0.1, 0.0365084967, 0.369790719, -0.0199690383, 0.964712472, -1.96727997e-005, -0.263305613, 0.263305613, -7.01496064e-007, 0.964712472, -1.91633031e-005, -1, 4.50321658e-006, 0.96471247, -1.23527289e-005, -0.263305622, 0.263305622, 7.41498048e-006, 0.96471247, -9.96442553e-006, -1, 1.04058671e-005, 0, 0, 0, 0, 0, 0, 0, 0.204886719, 0.11685918, 0.124581177, -0.643470638, 0.765247996, -0.0180359295, -0.744750977, -0.620361328, 0.245605469, 0.176812449, 0.171462325, 0.969221945, 0, 0, -0, 0, 0, 0, 0, 0.233017334, 0.109771289, 0.159935791, -0.833652962, 0.523250782, -0.176306963, 0.437011719, 0.42980957, -0.790039062, -0.337647357, -0.735712664, -0.586952098, 0, 2, 5, 1, 
347.686537, 40, 0.1, 0.1, 0.036508498, 0.369790719, -0.019967872, 0.964712426, 1.83413503e-005, -0.263305782, 0.263305782, 1.47332708e-005, 0.964712426, 2.15734839e-005, -1, 9.38398581e-006, 0.964712442, 2.08106397e-005, -0.263305723, 0.263305722, 1.05487901e-005, 0.964712442, 2.28538398e-005, -1, 4.69698855e-006, 0, 0, 0, 0, 0, 0, 0, 0.204886719, 0.11685918, 0.124581177, -0.643470638, 0.765247996, -0.0180359295, -0.744750977, -0.620361328, 0.245605469, 0.176812449, 0.171462325, 0.969221945, 0, 0, -0, 0, 0, 0, 0, 0.233017334, 0.109771289, 0.159935791, -0.833652962, 0.523250782, -0.176306963, 0.437011719, 0.42980957, -0.790039062, -0.337647357, -0.735712664, -0.586952098, 0, 2, 5, 1, 
347.687233, 40, 0.1, 0.1, 0.0365084961, 0.369790717, -0.0199672876, 0.964712345, -1.07377816e-005, -0.263306079, 0.263306079, 1.71507904e-006, 0.964712345, -9.90727971e-006, -1, 4.48188109e-006, 0.964712358, -1.74838835e-005, -0.26330603, 0.26330603, -1.56783307e-005, 0.964712358, -2.09951175e-005, -1, -1.05214674e-005, 0, 0, 0, 0, 0, 0, 0, 0.204886719, 0.11685918, 0.124581177, -0.643470638, 0.765247996, -0.0180359295, -0.744750977, -0.620361328, 0.245605469, 0.176812449, 0.171462325, 0.969221945, 0, 0, -0, 0, 0, 0, 0, 0.233017334, 0.109771289, 0.159935791, -0.833652962, 0.523250782, -0.176306963, 0.437011719, 0.42980957, -0.790039062, -0.337647357, -0.735712664, -0.586952098, 0, 2, 5, 1, 
347.687933, 40, 0.1, 0.1, 0.0365084981, 0.369790716, -0.0199674009, 0.964712353, -9.16386317e-006, -0.263306051, 0.263306051, -1.32161771e-005, 0.964712353, -1.23203914e-005, -1, -1.03369087e-005, 0.964712343, 1.2788672e-005, -0.263306086, 0.263306086, -1.34999526e-005, 0.964712343, 8.78277006e-006, -1, -1.6390906e-005, 0, 0, 0, 0, 0, 0, 0, 0.204886719, 0.11685918, 0.124581177, -0.643470638, 0.765247996, -0.0180359295, -0.744750977, -0.620361328, 0.245605469, 0.176812449, 0.171462325, 0.969221945, 0, 0, -0, 0, 0, 0, 0, 0.233017334, 0.109771289, 0.159935791, -0.833652962, 0.523250782, -0.176306963, 0.437011719, 0.42980957, -0.790039062, -0.337647357, -0.735712664, -0.586952098, 0, 2, 5, 1, 
347.688631, 40, 0.1, 0.1, 0.0365084971, 0.369790716, -0.0199681337, 0.964712441, 2.34913045e-005, -0.263305728, 0.263305728, -7.23018756e-006, 0.964712441, 2.07586039e-005, -1, -1.31604469e-005, 0.964712423, 1.27031424e-005, -0.263305792, 0.263305792, -5.68044261e-006, 0.964712423, 1.07591859e-005, -1, -8.82480453e-006, 0, 0, 0, 0, 0, 0, 0, 0.204886719, 0.11685918, 0.124581177, -0.643470638, 0.765247996, -0.0180359295, -0.744750977, -0.620361328, 0.245605469, 0.176812449, 0.171462325, 0.969221945, 0, 0, -0, 0, 0, 0, 0, 0.233017334, 0.109771289, 0.159935791, -0.833652962, 0.523250782, -0.176306963, 0.437011719, 0.42980957, -0.790039062, -0.337647357, -0.735712664, -0.586952098, 0, 2, 5, 1, 
347.689326, 40, 0.1, 0.1, 0.0365084961, 0.369790716, -0.0199692593, 0.964712482, -1.62182253e-005, -0.263305578, 0.263305578, -1.28135866e-005, 0.964712482, -1.90198132e-005, -1, -8.09107773e-006, 0.964712482, -2.06907691e-005, -0.263305577, 0.263305578, 9.21453535e-007, 0.964712482, -1.97180194e-005, -1, 6.33693264e-006, 0, 0, 0, 0, 0, 0, 0, 0.204886719, 0.11685918, 0.124581177, -0.643470638, 0.765247996, -0.0180359295, -0.744750977, -0.620361328, 0.245605469, 0.176812449, 0.171462325, 0.969221945, 0, 0, -0, 0, 0, 0, 0, 0.233017334, 0.109771289, 0.159935791, -0.833652962, 0.523250782, -0.176306963, 0.437011719, 0.42980957, -0.790039062, -0.337647357, -0.735712664, -0.586952098, 0, 2, 5, 1, 
347.690052, 40, 0.1, 0.1, 0.0365084981, 0.369790717, -0.0199701965, 0.964712423, 7.33868369e-006, -0.263305794, 0.263305794, 1.01899835e-005, 0.964712423, 9.76280103e-006, -1, 7.89808577e-006, 0.964712439, 1.62969097e-005, -0.263305736, 0.263305735, 1.74883643e-005, 0.964712439, 2.03266181e-005, -1, 1.25801728e-005, 0, 0, 0, 0, 0, 0, 0, 0.20524397, 0.115684253, 0.122783594, -0.645077329, 0.76350126, -0.0269148573, -0.743896484, -0.619628906, 0.250244141, 0.174471493, 0.181502743, 0.967785614, 0, 0, -0, 0, 0, 0, 0, 0.233497656, 0.109579053, 0.158416846, -0.829704311, 0.525403195, -0.187953854, 0.444213867, 0.41796875, -0.792480469, -0.337846051, -0.741009858, -0.580075217, 0, 2, 5, 1, 
347.690752, 40, 0.1, 0.1, 0.036508496, 0.369790716, -0.0199707138, 0.964712357, 5.16429159e-006, -0.263306035, 0.263306035, 1.41623037e-005, 0.964712357, 8.71107595e-006, -1, 1.23027603e-005, 0.964712363, -1.16763581e-005, -0.263306012, 0.263306012, 5.3991695e-006, 0.964712363, -9.84269322e-006, -1, 8.28310085e-006, 0, 0, 0, 0, 0, 0, 0, 0.20524397, 0.115684253, 0.122783594, -0.645077329, 0.76350126, -0.0269148573, -0.743896484, -0.619628906, 0.250244141, 0.174471493, 0.181502743, 0.967785614, 0, 0, -0, 0, 0, 0, 0, 0.233497656, 0.109579053, 0.158416846, -0.829704311, 0.525403195, -0.187953854, 0.444213867, 0.41796875, -0.792480469, -0.337846051, -0.741009858, -0.580075217, 0, 2, 5, 1, 
347.691448, 40, 0.1, 0.1, 0.0365084963, 0.369790716, -0.0199708554, 0.964712382, -2.20889992e-005, -0.263305943, 0.263305943, 1.55854935e-006, 0.964712382, -2.08991557e-005, -1, 7.31971663e-006, 0.964712368, -1.02053909e-005, -0.263305993, 0.263305993, -9.28720089e-006, 0.964712368, -1.22906425e-005, -1, -6.27233698e-006, 0, 0, 0, 0, 0, 0, 0, 0.20524397, 0.115684253, 0.122783594, -0.645077329, 0.76350126, -0.0269148573, -0.743896484, -0.619628906, 0.250244141, 0.174471493, 0.181502743, 0.967785614, 0, 0, -0, 0, 0, 0, 0, 0.233497656, 0.109579053, 0.158416846, -0.829704311, 0.525403195, -0.187953854, 0.444213867, 0.41796875, -0.792480469, -0.337846051, -0.741009858, -0.580075217, 0, 2, 5, 1, 
347.692145, 40, 0.1, 0.1, 0.0365084968, 0.369790716, -0.0199706001, 0.964712458, 1.94270371e-005, -0.263305664, 0.263305664, -1.46852194e-006, 0.964712458, 1.83548345e-005, -1, -6.53195029e-006, 0.964712445, 2.12553104e-005, -0.263305713, 0.263305713, -5.91417798e-006, 0.964712445, 1.89480256e-005, -1, -1.13021257e-005, 0, 0, 0, 0, 0, 0, 0, 0.20524397, 0.115684253, 0.122783594, -0.645077329, 0.76350126, -0.0269148573, -0.743896484, -0.619628906, 0.250244141, 0.174471493, 0.181502743, 0.967785614, 0, 0, -0, 0, 0, 0, 0, 0.233497656, 0.109579053, 0.158416846, -0.829704311, 0.525403195, -0.187953854, 0.444213867, 0.41796875, -0.792480469, -0.337846051, -0.741009858, -0.580075217, 0, 2, 5, 1, 
347.692847, 40, 0.1, 0.1, 0.0365084947, 0.369790716, -0.0199700326, 0.964712473, -4.4242296e-006, -0.26330561, 0.26330561, -1.49164453e-005, 0.964712473, -8.19569323e-006, -1, -1.32251564e-005, 0.964712478, -1.59076579e-005, -0.263305591, 0.263305591, -1.32348267e-005, 0.964712478, -1.88311199e-005, -1, -8.57922721e-006, 0, 0, 0, 0, 0, 0, 0, 0.20524397, 0.115684253, 0.122783594, -0.645077329, 0.76350126, -0.0269148573, -0.743896484, -0.619628906, 0.250244141, 0.174471493, 0.181502743, 0.967785614, 0, 0, -0, 0, 0, 0, 0, 0.233497656, 0.109579053, 0.158416846, -0.829704311, 0.525403195, -0.187953854, 0.444213867, 0.41796875, -0.792480469, -0.337846051, -0.741009858, -0.580075217, 0, 2, 5, 1, 
347.693556, 40, 0.1, 0.1, 0.0365084963, 0.369790716, -0.0199693356, 0.964712398, -1.03048127e-005, -0.263305885, 0.263305885, -1.37191642e-005, 0.964712398, -1.35535172e-005, -1, -1.05217299e-005, 0.964712418, 6.62827298e-006, -0.263305813, 0.263305813, 7.23110445e-006, 0.964712418, 8.29836909e-006, -1, 5.23067345e-006, 0, 0, 0, 0, 0, 0, 0, 0.20524397, 0.115684253, 0.122783594, -0.645077329, 0.76350126, -0.0269148573, -0.743896484, -0.619628906, 0.250244141, 0.174471493, 0.181502743, 0.967785614, 0, 0, -0, 0, 0, 0, 0, 0.233497656, 0.109579053, 0.158416846, -0.829704311, 0.525403195, -0.187953854, 0.444213867, 0.41796875, -0.792480469, -0.337846051, -0.741009858, -0.580075217, 0, 2, 5, 1, 
347.69426, 40, 0.1, 0.1, 0.036508495, 0.369790715, -0.0199685474, 0.964712344, 1.73048709e-005, -0.263306082, 0.263306082, 8.02552129e-006, 0.964712344, 1.88073912e-005, -1, 3.1858417e-006, 0.964712347, 6.55107772e-006, -0.263306073, 0.263306073, 1.08607199e-005, 0.964712347, 9.17959908e-006, -1, 8.75253204e-006, 0, 0, 0, 0, 0, 0, 0, 0.20524397, 0.115684253, 0.122783594, -0.645077329, 0.76350126, -0.0269148573, -0.743896484, -0.619628906, 0.250244141, 0.174471493, 0.181502743, 0.967785614, 0, 0, -0, 0, 0, 0, 0, 0.233497656, 0.109579053, 0.158416846, -0.829704311, 0.525403195, -0.187953854, 0.444213867, 0.41796875, -0.792480469, -0.337846051, -0.741009858, -0.580075217, 0, 2, 5, 1, 
347.694987, 40, 0.1, 0.1, 0.0365084935, 0.369790714, -0.0199678606, 0.964712396, -2.57115549e-005, -0.263305892, 0.263305892, 4.90502092e-006, 0.964712396, -2.35127349e-005, -1, 1.15019384e-005, 0.964712379, -2.60066057e-005, -0.263305955, 0.263305955, -2.7991167e-007, 0.964712379, -2.51625969e-005, -1, 6.57765991e-006, 0, 0, 0, 0, 0, 0, 0, 0.205588403, 0.114727808, 0.121408081, -0.646900066, 0.761653052, -0.0362760548, -0.742919922, -0.618896484, 0.254638672, 0.171546796, 0.191682826, 0.966425668, 0, 0, -0, 0, 0, 0, 0, 0.233714941, 0.109551953, 0.156724463, -0.826375429, 0.526705796, -0.198872335, 0.450439453, 0.406494141, -0.794799805, -0.337987142, -0.746396371, -0.573121777, 0, 2, 5, 1, 
347.695685, 40, 0.1, 0.1, 0.0365084955, 0.369790714, -0.0199675764, 0.964712483, 7.74018839e-006, -0.263305573, 0.263305573, 1.01157006e-005, 0.964712483, 1.01305767e-005, -1, 7.72070791e-006, 0.964712469, 2.1898861e-005, -0.263305625, 0.263305626, -1.69103948e-006, 0.964712469, 2.06808441e-005, -1, -7.39746018e-006, 0, 0, 0, 0, 0, 0, 0, 0.205588403, 0.114727808, 0.121408081, -0.646900066, 0.761653052, -0.0362760548, -0.742919922, -0.618896484, 0.254638672, 0.171546796, 0.191682826, 0.966425668, 0, 0, -0, 0, 0, 0, 0, 0.233714941, 0.109551953, 0.156724463, -0.826375429, 0.526705796, -0.198872335, 0.450439453, 0.406494141, -0.794799805, -0.337987142, -0.746396371, -0.573121777, 0, 2, 5, 1, 
347.696384, 40, 0.1, 0.1, 0.0365084938, 0.369790713, -0.0199678751, 0.96471248, 1.50122574e-005, -0.263305583, 0.263305583, -4.00418999e-006, 0.96471248, 1.34281865e-005, -1, -7.81570324e-006, 0.964712489, -3.48529579e-006, -0.263305552, 0.263305552, -1.48999016e-005, 0.964712489, -7.28553519e-006, -1, -1.34564234e-005, 0, 0, 0, 0, 0, 0, 0, 0.205588403, 0.114727808, 0.121408081, -0.646900066, 0.761653052, -0.0362760548, -0.742919922, -0.618896484, 0.254638672, 0.171546796, 0.191682826, 0.966425668, 0, 0, -0, 0, 0, 0, 0, 0.233714941, 0.109551953, 0.156724463, -0.826375429, 0.526705796, -0.198872335, 0.450439453, 0.406494141, -0.794799805, -0.337987142, -0.746396371, -0.573121777, 0, 2, 5, 1, 
347.697093, 40, 0.1, 0.1, 0.0365084946, 0.369790714, -0.0199686325, 0.964712396, -1.58887696e-005, -0.26330589, 0.26330589, -1.69826058e-005, 0.964712397, -1.97997132e-005, -1, -1.21997237e-005, 0.964712414, -6.74555103e-006, -0.263305825, 0.263305825, -9.39100083e-006, 0.964712414, -8.98022204e-006, -1, -7.28347221e-006, 0, 0, 0, 0, 0, 0, 0, 0.205588403, 0.114727808, 0.121408081, -0.647656793, 0.760470961, -0.0457769157, -0.743041992, -0.6171875, 0.258422852, 0.168329668, 0.201386629, 0.96496425, 0, 0, -0, 0, 0, 0, 0, 0.233714941, 0.109551953, 0.156724463, -0.826375429, 0.526705796, -0.198872335, 0.450439453, 0.406494141, -0.794799805, -0.337987142, -0.746396371, -0.573121777, 0, 2, 5, 1, 
347.697804, 40, 0.1, 0.1, 0.0365084952, 0.369790714, -0.0199693321, 0.964712359, 2.12897711e-005, -0.263306026, 0.263306027, -1.86595711e-006, 0.964712359, 2.00471875e-005, -1, -7.40583691e-006, 0.964712358, 1.85219824e-005, -0.26330603, 0.26330603, 1.25060407e-005, 0.964712358, 2.11613012e-005, -1, 7.18778235e-006, 0, 0, 0, 0, 0, 0, 0, 0.205986426, 0.113580713, 0.11980188, -0.647656793, 0.760470961, -0.0457769157, -0.743041992, -0.6171875, 0.258422852, 0.168329668, 0.201386629, 0.96496425, 0, 0, -0, 0, 0, 0, 0, 0.234276074, 0.109499951, 0.15522417, -0.822113247, 0.527644193, -0.213209383, 0.459838867, 0.395141602, -0.795166016, -0.3353298, -0.751821164, -0.567509584, 0, 2, 5, 1, 
347.698504, 40, 0.1, 0.1, 0.0365084932, 0.369790714, -0.0199700032, 0.964712421, -9.84513559e-006, -0.263305802, 0.263305802, 3.00658438e-006, 0.964712421, -8.70607348e-006, -1, 5.49277062e-006, 0.964712404, -2.12969492e-005, -0.263305863, 0.263305864, 5.26203069e-006, 0.964712404, -1.91599076e-005, -1, 1.06839579e-005, 0, 0, 0, 0, 0, 0, 0, 0.205986426, 0.113580713, 0.11980188, -0.647656793, 0.760470961, -0.0457769157, -0.743041992, -0.6171875, 0.258422852, 0.168329668, 0.201386629, 0.96496425, 0, 0, -0, 0, 0, 0, 0, 0.234276074, 0.109499951, 0.15522417, -0.822113247, 0.527644193, -0.213209383, 0.459838867, 0.395141602, -0.795166016, -0.3353298, -0.751821164, -0.567509584, 0, 2, 5, 1, 
347.699202, 40, 0.1, 0.1, 0.0365084952, 0.369790714, -0.0199704756, 0.964712489, -1.16048915e-005, -0.263305551, 0.263305551, 5.64111222e-006, 0.964712489, -9.71004765e-006, -1, 8.49768377e-006, 0.964712482, 7.64953012e-006, -0.263305577, 0.263305577, 6.93785591e-006, 0.964712482, 9.20637334e-006, -1, 4.67887226e-006, 0, 0, 0, 0, 0, 0, 0, 0.205986426, 0.113580713, 0.11980188, -0.647656793, 0.760470961, -0.0457769157, -0.743041992, -0.6171875, 0.258422852, 0.168329668, 0.201386629, 0.96496425, 0, 0, -0, 0, 0, 0, 0, 0.234276074, 0.109499951, 0.15522417, -0.822113247, 0.527644193, -0.213209383, 0.459838867, 0.395141602, -0.795166016, -0.3353298, -0.751821164, -0.567509584, 0, 2, 5, 1, 
347.699907, 40, 0.1, 0.1, 0.0365084948, 0.369790713, -0.0199705918, 0.964712466, 1.81759131e-005, -0.263305634, 0.263305634, 8.99250782e-006, 0.964712466, 1.9902308e-005, -1, 3.88936406e-006, 0.96471248, 1.36281756e-005, -0.263305586, 0.263305586, -6.71301955e-006, 0.96471248, 1.13796955e-005, -1, -1.00645085e-005, 0, 0, 0, 0, 0, 0, 0, 0.205986426, 0.113580713, 0.11980188, -0.647656793, 0.760470961, -0.0457769157, -0.743041992, -0.6171875, 0.258422852, 0.168329668, 0.201386629, 0.96496425, 0, 0, -0, 0, 0, 0, 0, 0.234276074, 0.109499951, 0.15522417, -0.822113247, 0.527644193, -0.213209383, 0.459838867, 0.395141602, -0.795166016, -0.3353298, -0.751821164, -0.567509584, 0, 2, 5, 1, 
347.700605, 40, 0.1, 0.1, 0.036508494, 0.369790712, -0.0199703526, 0.964712391, -1.66629435e-005, -0.263305912, 0.263305911, -1.34957874e-005, 0.964712391, -1.96284687e-005, -1, -8.63210185e-006, 0.964712404, -1.59561627e-005, -0.263305862, 0.263305862, -1.86155812e-005, 0.964712404, -2.02946997e-005, -1, -1.37573309e-005, 0, 0, 0, 0, 0, 0, 0, 0.205986426, 0.113580713, 0.11980188, -0.647656793, 0.760470961, -0.0457769157, -0.743041992, -0.6171875, 0.258422852, 0.168329668, 0.201386629, 0.96496425, 0, 0, -0, 0, 0, 0, 0, 0.234276074, 0.109499951, 0.15522417, -0.822113247, 0.527644193, -0.213209383, 0.459838867, 0.395141602, -0.795166016, -0.3353298, -0.751821164, -0.567509584, 0, 2, 5, 1, 
347.701301, 40, 0.1, 0.1, 0.0365084956, 0.369790712, -0.0199699151, 0.964712377, 1.0772547e-005, -0.26330596, 0.26330596, -1.14496714e-005, 0.964712377, 7.3776427e-006, -1, -1.38821155e-005, 0.964712372, 1.97501396e-005, -0.26330598, 0.26330598, -4.43265597e-006, 0.964712372, 1.78860592e-005, -1, -9.47656793e-006, 0, 0, 0, 0, 0, 0, 0, 0.205986426, 0.113580713, 0.11980188, -0.647656793, 0.760470961, -0.0457769157, -0.743041992, -0.6171875, 0.258422852, 0.168329668, 0.201386629, 0.96496425, 0, 0, -0, 0, 0, 0, 0, 0.234276074, 0.109499951, 0.15522417, -0.822113247, 0.527644193, -0.213209383, 0.459838867, 0.395141602, -0.795166016, -0.3353298, -0.751821164, -0.567509584, 0, 2, 5, 1, 
347.702013, 40, 0.1, 0.1, 0.0365084935, 0.369790712, -0.0199693104, 0.964712454, 1.42700488e-005, -0.26330568, 0.26330568, -5.24694436e-006, 0.964712454, 1.23849435e-005, -1, -8.81917746e-006, 0.964712436, -8.85186489e-006, -0.263305747, 0.263305747, 3.1408703e-006, 0.964712436, -7.71249493e-006, -1, 5.36078353e-006, 0, 0, 0, 0, 0, 0, 0, 0.206372241, 0.112420068, 0.118207886, -0.648654655, 0.759028639, -0.0550366418, -0.742919922, -0.615844727, 0.262207031, 0.165150731, 0.211008058, 0.96346464, 0, 0, -0, 0, 0, 0, 0, 0.234276074, 0.109499951, 0.15522417, -0.822113247, 0.527644193, -0.213209383, 0.459838867, 0.395141602, -0.795166016, -0.3353298, -0.751821164, -0.567509584, 0, 2, 5, 1, 
347.702725, 40, 0.1, 0.1, 0.0365084946, 0.369790712, -0.0199685475, 0.964712509, -1.92877794e-005, -0.263305479, 0.263305479, -1.52618965e-007, 0.964712509, -1.86473475e-005, -1, 4.93134457e-006, 0.964712506, -1.14755922e-005, -0.263305488, 0.263305488, 7.8361939e-006, 0.964712506, -9.00733448e-006, -1, 1.05812607e-005, 0, 0, 0, 0, 0, 0, 0, 0.206372241, 0.112420068, 0.118207886, -0.648654655, 0.759028639, -0.0550366418, -0.742919922, -0.615844727, 0.262207031, 0.165150731, 0.211008058, 0.96346464, 0, 0, -0, 0, 0, 0, 0, 0.234623486, 0.109059814, 0.153958594, -0.817372021, 0.5292472, -0.227265349, 0.469604492, 0.383789062, -0.795043945, -0.333726792, -0.756562389, -0.562236076, 0, 2, 5, 1, 
347.703421, 40, 0.1, 0.1, 0.0365084959, 0.369790711, -0.0199681371, 0.964712462, 1.7449215e-005, -0.263305651, 0.263305651, 1.56184355e-005, 0.964712462, 2.09458975e-005, -1, 1.04728225e-005, 0.964712478, 2.00663877e-005, -0.263305592, 0.263305592, 1.14158357e-005, 0.964712478, 2.2364148e-005, -1, 5.72940705e-006, 0, 0, 0, 0, 0, 0, 0, 0.206372241, 0.112420068, 0.118207886, -0.648654655, 0.759028639, -0.0550366418, -0.742919922, -0.615844727, 0.262207031, 0.165150731, 0.211008058, 0.96346464, 0, 0, -0, 0, 0, 0, 0, 0.234623486, 0.109059814, 0.153958594, -0.817372021, 0.5292472, -0.227265349, 0.469604492, 0.383789062, -0.795043945, -0.333726792, -0.756562389, -0.562236076, 0, 2, 5, 1, 
347.704122, 40, 0.1, 0.1, 0.0365084937, 0.36979071, -0.0199681671, 0.964712379, -1.23001427e-005, -0.263305954, 0.263305954, 3.30976576e-006, 0.964712379, -1.09946189e-005, -1, 6.43167282e-006, 0.964712393, -1.8766113e-005, -0.263305904, 0.263305904, -1.39784626e-005, 0.964712393, -2.17845135e-005, -1, -8.54396779e-006, 0, 0, 0, 0, 0, 0, 0, 0.206372241, 0.112420068, 0.118207886, -0.648654655, 0.759028639, -0.0550366418, -0.742919922, -0.615844727, 0.262207031, 0.165150731, 0.211008058, 0.96346464, 0, 0, -0, 0, 0, 0, 0, 0.234623486, 0.109059814, 0.153958594, -0.817372021, 0.5292472, -0.227265349, 0.469604492, 0.383789062, -0.795043945, -0.333726792, -0.756562389, -0.562236076, 0, 2, 5, 1, 
347.704819, 40, 0.1, 0.1, 0.0365084953, 0.36979071, -0.0199685852, 0.964712384, -9.96469579e-006, -0.263305935, 0.263305935, -1.20919508e-005, 0.964712384, -1.27969479e-005, -1, -9.04149117e-006, 0.964712376, 1.073046e-005, -0.263305967, 0.263305967, -1.21512947e-005, 0.964712376, 7.15229917e-006, -1, -1.45478986e-005, 0, 0, 0, 0, 0, 0, 0, 0.206372241, 0.112420068, 0.118207886, -0.648654655, 0.759028639, -0.0550366418, -0.742919922, -0.615844727, 0.262207031, 0.165150731, 0.211008058, 0.96346464, 0, 0, -0, 0, 0, 0, 0, 0.234623486, 0.109059814, 0.153958594, -0.817372021, 0.5292472, -0.227265349, 0.469604492, 0.383789062, -0.795043945, -0.333726792, -0.756562389, -0.562236076, 0, 2, 5, 1, 
