time, trialNum, realDorsalTactorPos, realVentralTactorPos, boxPosX, boxPosY, boxPosZ, boxLocalRot_11, boxLocalRot_12, boxLocalRot_13, boxLocalRot_21, boxLocalRot_22, boxLocalRot_23, boxLocalRot_31, boxLocalRot_32, boxLocalRot_33, boxGlobalRot_11, boxGlobalRot_12, boxGlobalRot_13, boxGlobalRot_21, boxGlobalRot_22, boxGlobalRot_23, boxGlobalRot_31, boxGlobalRot_32, boxGlobalRot_33, indexForceX, indexForceY, indexForceZ, indexForceGlobalX, indexForceGlobalY, indexForceGlobalZ, indexContact, indexPosX, indexPosY, indexPosZ, indexRot_11, indexRot_12, indexRot_13, indexRot_21, indexRot_22, indexRot_23, indexRot_31, indexRot_32, indexRot_33, thumbForceX, thumbForceY, thumbForceZ, thumbForceGlobalX, thumbForceGlobalY, thumbForceGlobalZ, thumbContact, thumbPosX, thumbPosY, thumbPosZ, thumbRot_11, thumbRot_12, thumbRot_13, thumbRot_21, thumbRot_22, thumbRot_23, thumbRot_31, thumbRot_32, thumbRot_33, manipForceTooHigh, cceExpType, mapping, trialSuccess, 
591.640821, 64, 0.1, 0.1, 0.00120163203, 0.357505548, -0.0349738748, 0.873358415, -0.487078103, 1.52324366e-005, 0.487078103, 0.873358415, -1.78163967e-005, -4.62539999e-006, 2.29794863e-005, 1, 0.873358512, -0.48707793, 1.52805999e-006, 0.48707793, 0.873358512, -1.37353855e-005, 5.35565892e-006, 1.27402001e-005, 1, 0, 0, 0, 0, 0, 0, 0, 0.343406348, -0.178475513, -0.169979248, -0.541102215, 0.565563613, -0.62235808, -0.801513672, -0.123046875, 0.585083008, 0.25428157, 0.815487259, 0.520020332, 0, 0, -0, 0, 0, 0, 0, 0.402335596, -0.115294727, -0.141969141, -0.103012656, 0.403598519, -0.909042114, 0.611328125, -0.695068359, -0.377929687, -0.784474367, -0.594614751, -0.175081452, 0, 2, 5, 1, 
591.669321, 64, 0.1, 0.1, 0.00120162156, 0.357505558, -0.0349731194, 0.873359404, -0.48707633, 1.29569895e-005, 0.48707633, 0.873359404, 2.45966833e-005, -2.32965708e-005, -1.51707017e-005, 1, 0.873359523, -0.487076117, 1.42858734e-005, 0.487076117, 0.873359523, 1.61866285e-005, -2.03608237e-005, -7.17843842e-006, 1, 0, 0, 0, 0, 0, 0, 0, 0.340464771, -0.18220918, -0.16351897, -0.563952737, 0.553198709, -0.613029823, -0.784301758, -0.126708984, 0.607177734, 0.258271513, 0.823254488, 0.505565728, 0, 0, -0, 0, 0, 0, 0, 0.399082471, -0.118598291, -0.137048486, -0.130000991, 0.39470885, -0.909511295, 0.612060547, -0.689575195, -0.38671875, -0.779946393, -0.606964165, -0.151932393, 0, 2, 5, 1, 
591.670017, 64, 0.1, 0.1, 0.00120162311, 0.357505556, -0.0349736198, 0.873358813, -0.48707739, -1.73168433e-005, 0.48707739, 0.873358813, -1.82528302e-005, 2.40143586e-005, 7.50662729e-006, 1, 0.873358925, -0.487077189, -1.14579943e-005, 0.487077189, 0.873358925, -7.76767584e-006, 1.37903993e-005, 1.20304136e-006, 1, 0, 0, 0, 0, 0, 0, 0, 0.340464771, -0.18220918, -0.16351897, -0.563952737, 0.553198709, -0.613029823, -0.784301758, -0.126708984, 0.607177734, 0.258271513, 0.823254488, 0.505565728, 0, 0, -0, 0, 0, 0, 0, 0.399082471, -0.118598291, -0.137048486, -0.130000991, 0.39470885, -0.909511295, 0.612060547, -0.689575195, -0.38671875, -0.779946393, -0.606964165, -0.151932393, 0, 2, 5, 1, 
591.670707, 64, 0.1, 0.1, 0.00120162837, 0.357505559, -0.0349730101, 0.873358325, -0.487078265, 2.22909632e-006, 0.487078265, 0.873358325, 2.59792618e-006, -3.21219321e-006, -1.18317609e-006, 1, 0.873358407, -0.487078117, -1.2012876e-005, 0.487078117, 0.873358407, -2.6470855e-006, 1.17808836e-005, -3.53935462e-006, 1, 0, 0, 0, 0, 0, 0, 0, 0.340464771, -0.18220918, -0.16351897, -0.563952737, 0.553198709, -0.613029823, -0.784301758, -0.126708984, 0.607177734, 0.258271513, 0.823254488, 0.505565728, 0, 0, -0, 0, 0, 0, 0, 0.399082471, -0.118598291, -0.137048486, -0.130000991, 0.39470885, -0.909511295, 0.612060547, -0.689575195, -0.38671875, -0.779946393, -0.606964165, -0.151932393, 0, 2, 5, 1, 
591.671415, 64, 0.1, 0.1, 0.00120162459, 0.357505558, -0.0349713319, 0.873357956, -0.487078926, -3.43979783e-006, 0.487078926, 0.873357956, 3.58151966e-006, 1.25969205e-006, -4.80340172e-006, 1, 0.87335803, -0.487078793, 7.70081637e-006, 0.487078793, 0.87335803, 7.0453966e-006, -1.01572331e-005, -2.40224936e-006, 1, 0, 0, 0, 0, 0, 0, 0, 0.340464771, -0.18220918, -0.16351897, -0.563952737, 0.553198709, -0.613029823, -0.784301758, -0.126708984, 0.607177734, 0.258271513, 0.823254488, 0.505565728, 0, 0, -0, 0, 0, 0, 0, 0.399156299, -0.119354443, -0.136781055, -0.13218622, 0.393520354, -0.909657849, 0.611328125, -0.689941406, -0.387329102, -0.780176069, -0.607334566, -0.1493702, 0, 2, 5, 1, 
591.672105, 64, 0.1, 0.1, 0.00120162437, 0.357505559, -0.0349693539, 0.873357556, -0.487079644, 8.24133127e-006, 0.487079644, 0.873357556, 8.88759991e-006, -1.15265979e-005, -3.74786783e-006, 1, 0.87335764, -0.487079494, 8.78946756e-006, 0.487079494, 0.87335764, -3.95265031e-007, -7.48382315e-006, 4.62637715e-006, 1, 0, 0, 0, 0, 0, 0, 0, 0.340464771, -0.18220918, -0.16351897, -0.563952737, 0.553198709, -0.613029823, -0.784301758, -0.126708984, 0.607177734, 0.258271513, 0.823254488, 0.505565728, 0, 0, -0, 0, 0, 0, 0, 0.399156299, -0.119354443, -0.136781055, -0.13218622, 0.393520354, -0.909657849, 0.611328125, -0.689941406, -0.387329102, -0.780176069, -0.607334566, -0.1493702, 0, 2, 5, 1, 
591.6728, 64, 0.1, 0.1, 0.00120162627, 0.35750556, -0.0349676165, 0.873357141, -0.487080387, -1.23034966e-005, 0.487080387, 0.873357141, -1.15665805e-005, 1.63792012e-005, 4.1089638e-006, 1, 0.873357218, -0.48708025, -1.07935256e-005, 0.48708025, 0.873357218, -1.42769248e-005, 1.63806115e-005, 7.2115422e-006, 1, 0, 0, 0, 0, 0, 0, 0, 0.340464771, -0.18220918, -0.16351897, -0.563952737, 0.553198709, -0.613029823, -0.784301758, -0.126708984, 0.607177734, 0.258271513, 0.823254488, 0.505565728, 0, 0, -0, 0, 0, 0, 0, 0.399156299, -0.119354443, -0.136781055, -0.13218622, 0.393520354, -0.909657849, 0.611328125, -0.689941406, -0.387329102, -0.780176069, -0.607334566, -0.1493702, 0, 2, 5, 1, 
591.673501, 64, 0.1, 0.1, 0.00120162621, 0.357505559, -0.0349665116, 0.873356838, -0.487080932, 4.2335309e-006, 0.487080932, 0.873356838, -6.68910033e-006, -4.39249944e-007, 7.90404369e-006, 1, 0.873356885, -0.487080848, 8.66219484e-006, 0.487080848, 0.873356885, -9.4932728e-007, -7.10278836e-006, 5.04829072e-006, 1, 0, 0, 0, 0, 0, 0, 0, 0.340597803, -0.182944092, -0.16305332, -0.565742153, 0.551866475, -0.612554666, -0.782836914, -0.126586914, 0.609008789, 0.25867852, 0.824207045, 0.503883776, 0, 0, -0, 0, 0, 0, 0, 0.399156299, -0.119354443, -0.136781055, -0.13218622, 0.393520354, -0.909657849, 0.611328125, -0.689941406, -0.387329102, -0.780176069, -0.607334566, -0.1493702, 0, 2, 5, 1, 
591.674193, 64, 0.1, 0.1, 0.00120162991, 0.357505561, -0.0349664478, 0.873356676, -0.487081222, 4.79108875e-006, 0.487081222, 0.873356676, -2.83936806e-006, -2.80132648e-006, 4.81343042e-006, 1, 0.873356701, -0.487081176, -1.06129056e-005, 0.487081176, 0.873356701, -1.29580654e-006, 9.90001519e-006, -4.03764521e-006, 1, 0, 0, 0, 0, 0, 0, 0, 0.340597803, -0.182944092, -0.16305332, -0.565742153, 0.551866475, -0.612554666, -0.782836914, -0.126586914, 0.609008789, 0.25867852, 0.824207045, 0.503883776, 0, 0, -0, 0, 0, 0, 0, 0.399156299, -0.119354443, -0.136781055, -0.13218622, 0.393520354, -0.909657849, 0.611328125, -0.689941406, -0.387329102, -0.780176069, -0.607334566, -0.1493702, 0, 2, 5, 1, 
591.674883, 64, 0.1, 0.1, 0.00120163006, 0.35750556, -0.0349673974, 0.87335652, -0.487081502, -1.26218227e-005, 0.487081502, 0.87335652, -2.68982939e-006, 1.23335173e-005, -3.7986763e-006, 1, 0.873356557, -0.487081435, -9.89714074e-006, 0.487081435, 0.873356557, 2.41593823e-006, 7.4669741e-006, -6.93068901e-006, 1, 0, 0, 0, 0, 0, 0, 0, 0.340597803, -0.182944092, -0.16305332, -0.565742153, 0.551866475, -0.612554666, -0.782836914, -0.126586914, 0.609008789, 0.25867852, 0.824207045, 0.503883776, 0, 0, -0, 0, 0, 0, 0, 0.399156299, -0.119354443, -0.136781055, -0.13218622, 0.393520354, -0.909657849, 0.611328125, -0.689941406, -0.387329102, -0.780176069, -0.607334566, -0.1493702, 0, 2, 5, 1, 
591.675598, 64, 0.1, 0.1, 0.00120162877, 0.35750556, -0.0349689428, 0.873356274, -0.487081943, 8.77738266e-006, 0.487081942, 0.873356274, 1.35043792e-005, -1.42435215e-005, -7.51882974e-006, 1, 0.873356331, -0.48708184, 1.01952927e-005, 0.48708184, 0.873356331, 1.0921509e-005, -1.42237921e-005, -4.57242711e-006, 1, 0, 0, 0, 0, 0, 0, 0, 0.340872168, -0.182986816, -0.162939429, -0.569067866, 0.551022504, -0.610327164, -0.780761719, -0.129272461, 0.611328125, 0.257969342, 0.824340717, 0.50390175, 0, 0, -0, 0, 0, 0, 0, 0.399156299, -0.119354443, -0.136781055, -0.136211429, 0.393468948, -0.909050475, 0.611694336, -0.688354492, -0.389526367, -0.779248966, -0.60918111, -0.14697425, 0, 2, 5, 1, 
591.67629, 64, 0.1, 0.1, 0.00120162958, 0.35750556, -0.0349703899, 0.873356023, -0.487082392, -4.03937262e-006, 0.487082392, 0.873356023, 3.91595405e-006, 1.62041814e-006, -5.38752934e-006, 1, 0.873356069, -0.487082311, -5.11603962e-006, 0.487082311, 0.873356069, -5.76450052e-006, 7.27591048e-006, 2.54252911e-006, 1, 0, 0, 0, 0, 0, 0, 0, 0.340872168, -0.182986816, -0.162939429, -0.569067866, 0.551022504, -0.610327164, -0.780761719, -0.129272461, 0.611328125, 0.257969342, 0.824340717, 0.50390175, 0, 0, -0, 0, 0, 0, 0, 0.399355957, -0.11939668, -0.136690479, -0.136211429, 0.393468948, -0.909050475, 0.611694336, -0.688354492, -0.389526367, -0.779248966, -0.60918111, -0.14697425, 0, 2, 5, 1, 
591.676983, 64, 0.1, 0.1, 0.00120162759, 0.357505559, -0.0349715759, 0.873355877, -0.487082655, -2.32286989e-006, 0.487082655, 0.873355877, -3.66015023e-006, 3.81148776e-006, 2.06518408e-006, 1, 0.873355897, -0.487082618, 8.48204328e-006, 0.487082619, 0.873355897, -8.11130852e-007, -7.01275477e-006, 4.83986176e-006, 1, 0, 0, 0, 0, 0, 0, 0, 0.340872168, -0.182986816, -0.162939429, -0.569067866, 0.551022504, -0.610327164, -0.780761719, -0.129272461, 0.611328125, 0.257969342, 0.824340717, 0.50390175, 0, 0, -0, 0, 0, 0, 0, 0.399355957, -0.11939668, -0.136690479, -0.136211429, 0.393468948, -0.909050475, 0.611694336, -0.688354492, -0.389526367, -0.779248966, -0.60918111, -0.14697425, 0, 2, 5, 1, 
591.677676, 64, 0.1, 0.1, 0.00120162866, 0.357505558, -0.0349721473, 0.873355821, -0.487082755, 1.10181202e-005, 0.487082755, 0.873355821, 7.03475214e-007, -9.96539005e-006, 4.75235217e-006, 1, 0.873355831, -0.487082737, 5.98623834e-006, 0.487082737, 0.873355831, 7.12799582e-007, -5.57530853e-006, 2.29326569e-006, 1, 0, 0, 0, 0, 0, 0, 0, 0.340872168, -0.182986816, -0.162939429, -0.569067866, 0.551022504, -0.610327164, -0.780761719, -0.129272461, 0.611328125, 0.257969342, 0.824340717, 0.50390175, 0, 0, -0, 0, 0, 0, 0, 0.399355957, -0.11939668, -0.136690479, -0.136211429, 0.393468948, -0.909050475, 0.611694336, -0.688354492, -0.389526367, -0.779248966, -0.60918111, -0.14697425, 0, 2, 5, 1, 
591.678368, 64, 0.1, 0.1, 0.00120163027, 0.357505558, -0.0349719806, 0.873355741, -0.487082899, -8.20945648e-006, 0.487082899, 0.873355741, -9.07284839e-006, 1.15890052e-005, 3.92513836e-006, 1, 0.873355763, -0.487082858, -1.23220771e-005, 0.487082858, 0.873355763, -2.56034932e-006, 1.20086593e-005, -3.76577669e-006, 1, 0, 0, 0, 0, 0, 0, 0, 0.340872168, -0.182986816, -0.162939429, -0.569067866, 0.551022504, -0.610327164, -0.780761719, -0.129272461, 0.611328125, 0.257969342, 0.824340717, 0.50390175, 0, 0, -0, 0, 0, 0, 0, 0.399355957, -0.11939668, -0.136690479, -0.136211429, 0.393468948, -0.909050475, 0.611694336, -0.688354492, -0.389526367, -0.779248966, -0.60918111, -0.14697425, 0, 2, 5, 1, 
591.679061, 64, 0.1, 0.1, 0.00120162949, 0.357505557, -0.0349711884, 0.873355582, -0.487083183, 6.87734883e-007, 0.487083183, 0.873355582, 3.87585539e-006, -2.48850108e-006, -3.05001585e-006, 1, 0.873355617, -0.487083121, 4.3487776e-006, 0.487083121, 0.873355617, 9.1829638e-006, -8.27089602e-006, -5.90177684e-006, 1, 0, 0, 0, 0, 0, 0, 0, 0.340872168, -0.182986816, -0.162939429, -0.569067866, 0.551022504, -0.610327164, -0.780761719, -0.129272461, 0.611328125, 0.257969342, 0.824340717, 0.50390175, 0, 0, -0, 0, 0, 0, 0, 0.399355957, -0.11939668, -0.136690479, -0.136211429, 0.393468948, -0.909050475, 0.611694336, -0.688354492, -0.389526367, -0.779248966, -0.60918111, -0.14697425, 0, 2, 5, 1, 
591.679751, 64, 0.1, 0.1, 0.00120163157, 0.357505559, -0.0349700663, 0.873355429, -0.487083458, 1.53155775e-006, 0.487083458, 0.873355429, 6.33613256e-006, -4.42381964e-006, -4.78769932e-006, 1, 0.873355451, -0.487083418, -7.04133787e-006, 0.487083418, 0.873355451, -7.85889407e-007, 6.53238451e-006, -2.74335812e-006, 1, 0, 0, 0, 0, 0, 0, 0, 0.340872168, -0.182986816, -0.162939429, -0.569067866, 0.551022504, -0.610327164, -0.780761719, -0.129272461, 0.611328125, 0.257969342, 0.824340717, 0.50390175, 0, 0, -0, 0, 0, 0, 0, 0.399355957, -0.11939668, -0.136690479, -0.136211429, 0.393468948, -0.909050475, 0.611694336, -0.688354492, -0.389526367, -0.779248966, -0.60918111, -0.14697425, 0, 2, 5, 1, 
591.680466, 64, 0.1, 0.1, 0.00120163112, 0.35750556, -0.0349688219, 0.873355383, -0.48708354, -1.28143014e-005, 0.48708354, 0.873355383, -4.14208855e-006, 1.32089823e-005, -2.62411998e-006, 1, 0.873355381, -0.487083544, -3.87394834e-006, 0.487083544, 0.873355381, -9.45715339e-006, 7.98975742e-006, 6.37251932e-006, 1, 0, 0, 0, 0, 0, 0, 0, 0.340553711, -0.18409082, -0.162604858, -0.571097294, 0.551263638, -0.608068584, -0.778320312, -0.128417969, 0.614501953, 0.260762611, 0.824302525, 0.50255529, 0, 0, -0, 0, 0, 0, 0, 0.399355957, -0.11939668, -0.136690479, -0.139450993, 0.393200625, -0.908775222, 0.609985352, -0.688720703, -0.391601562, -0.779957686, -0.608963826, -0.14375401, 0, 2, 5, 1, 
591.681164, 64, 0.1, 0.1, 0.00120162989, 0.35750556, -0.0349677307, 0.873355407, -0.487083497, 1.42946432e-005, 0.487083497, 0.873355407, 9.22695267e-007, -1.29337336e-005, 6.15684391e-006, 1, 0.873355403, -0.487083503, 1.59231733e-005, 0.487083504, 0.873355403, -1.6429233e-006, -1.31063486e-005, 9.19077099e-006, 1, 0, 0, 0, 0, 0, 0, 0, 0.340553711, -0.18409082, -0.162604858, -0.571097294, 0.551263638, -0.608068584, -0.778320312, -0.128417969, 0.614501953, 0.260762611, 0.824302525, 0.50255529, 0, 0, -0, 0, 0, 0, 0, 0.399126709, -0.120526074, -0.136604541, -0.139450993, 0.393200625, -0.908775222, 0.609985352, -0.688720703, -0.391601562, -0.779957686, -0.608963826, -0.14375401, 0, 2, 5, 1, 
591.681856, 64, 0.1, 0.1, 0.00120163107, 0.357505562, -0.0349672914, 0.873355367, -0.487083568, 2.32024902e-006, 0.487083568, 0.873355367, -1.03326348e-005, 3.00645468e-006, 1.01542172e-005, 1, 0.873355384, -0.487083539, -4.79638593e-006, 0.487083538, 0.873355384, -1.1087002e-005, 9.58924565e-006, 7.34665228e-006, 1, 0, 0, 0, 0, 0, 0, 0, 0.340553711, -0.18409082, -0.162604858, -0.571097294, 0.551263638, -0.608068584, -0.778320312, -0.128417969, 0.614501953, 0.260762611, 0.824302525, 0.50255529, 0, 0, -0, 0, 0, 0, 0, 0.399126709, -0.120526074, -0.136604541, -0.139450993, 0.393200625, -0.908775222, 0.609985352, -0.688720703, -0.391601562, -0.779957686, -0.608963826, -0.14375401, 0, 2, 5, 1, 
591.682547, 64, 0.1, 0.1, 0.00120162867, 0.35750556, -0.0349676037, 0.873355235, -0.487083805, -7.7183216e-007, 0.487083805, 0.873355235, -7.91260593e-006, 4.52818586e-006, 6.53456887e-006, 1, 0.873355265, -0.487083752, 5.63867867e-006, 0.487083752, 0.873355265, 5.3039203e-006, -7.5080231e-006, -1.88569795e-006, 1, 0, 0, 0, 0, 0, 0, 0, 0.340553711, -0.18409082, -0.162604858, -0.571097294, 0.551263638, -0.608068584, -0.778320312, -0.128417969, 0.614501953, 0.260762611, 0.824302525, 0.50255529, 0, 0, -0, 0, 0, 0, 0, 0.399126709, -0.120526074, -0.136604541, -0.139450993, 0.393200625, -0.908775222, 0.609985352, -0.688720703, -0.391601562, -0.779957686, -0.608963826, -0.14375401, 0, 2, 5, 1, 
591.683255, 64, 0.1, 0.1, 0.00120162927, 0.357505561, -0.0349684622, 0.873355132, -0.487083991, 8.92739685e-006, 0.487083991, 0.873355132, 8.90547e-006, -1.21344997e-005, -3.42924584e-006, 1, 0.873355143, -0.487083971, 3.10219573e-006, 0.487083971, 0.873355143, 8.95491272e-006, -7.07111304e-006, -6.30978926e-006, 1, 0, 0, 0, 0, 0, 0, 0, 0.340553711, -0.18409082, -0.162604858, -0.571097294, 0.551263638, -0.608068584, -0.778320312, -0.128417969, 0.614501953, 0.260762611, 0.824302525, 0.50255529, 0, 0, -0, 0, 0, 0, 0, 0.399126709, -0.120526074, -0.136604541, -0.139450993, 0.393200625, -0.908775222, 0.609985352, -0.688720703, -0.391601562, -0.779957686, -0.608963826, -0.14375401, 0, 2, 5, 1, 
591.683946, 64, 0.1, 0.1, 0.00120163028, 0.357505561, -0.0349695499, 0.873355138, -0.487083979, -1.41702576e-005, 0.487083979, 0.873355138, 4.9473923e-007, 1.21346877e-005, -7.3341885e-006, 1, 0.873355129, -0.487083994, -1.29586213e-005, 0.487083995, 0.87335513, -2.08921224e-006, 1.23351003e-005, -4.48731282e-006, 1, 0, 0, 0, 0, 0, 0, 0, 0.340553711, -0.18409082, -0.162604858, -0.571097294, 0.551263638, -0.608068584, -0.778320312, -0.128417969, 0.614501953, 0.260762611, 0.824302525, 0.50255529, 0, 0, -0, 0, 0, 0, 0, 0.399126709, -0.120526074, -0.136604541, -0.139450993, 0.393200625, -0.908775222, 0.609985352, -0.688720703, -0.391601562, -0.779957686, -0.608963826, -0.14375401, 0, 2, 5, 1, 
591.684639, 64, 0.1, 0.1, 0.00120162926, 0.357505561, -0.0349706234, 0.873355185, -0.487083894, 3.77740457e-007, 0.487083894, 0.873355185, 6.7064619e-006, -3.59651117e-006, -5.67313198e-006, 1, 0.873355178, -0.487083907, 9.17677836e-006, 0.487083907, 0.873355178, 2.61259473e-006, -9.28713975e-006, 2.18813792e-006, 1, 0, 0, 0, 0, 0, 0, 0, 0.340553711, -0.18409082, -0.162604858, -0.571097294, 0.551263638, -0.608068584, -0.778320312, -0.128417969, 0.614501953, 0.260762611, 0.824302525, 0.50255529, 0, 0, -0, 0, 0, 0, 0, 0.399126709, -0.120526074, -0.136604541, -0.139450993, 0.393200625, -0.908775222, 0.609985352, -0.688720703, -0.391601562, -0.779957686, -0.608963826, -0.14375401, 0, 2, 5, 1, 
591.685359, 64, 0.1, 0.1, 0.00120163149, 0.357505562, -0.0349712122, 0.873355149, -0.487083959, 5.8845126e-006, 0.48708396, 0.873355149, -5.34820287e-007, -4.878767e-006, 3.33333975e-006, 1, 0.873355163, -0.487083934, -1.76741715e-006, 0.487083934, 0.873355163, -8.03143449e-006, 5.4555656e-006, 6.15341428e-006, 1, 0, 0, 0, 0, 0, 0, 0, 0.340038501, -0.185204346, -0.161645972, -0.572581174, 0.55130183, -0.606692168, -0.776489258, -0.127197266, 0.61706543, 0.263098697, 0.824543659, 0.501101368, 0, 0, -0, 0, 0, 0, 0, 0.398717432, -0.12148374, -0.135868896, -0.142096308, 0.392216653, -0.908717253, 0.608764648, -0.689208984, -0.392700195, -0.780481205, -0.608944503, -0.140802092, 0, 2, 5, 1, 
591.68605, 64, 0.1, 0.1, 0.00120163164, 0.357505561, -0.0349711769, 0.873355043, -0.48708415, -7.35294084e-006, 0.48708415, 0.873355043, -1.10662132e-005, 1.1811905e-005, 6.08323216e-006, 1, 0.873355064, -0.487084113, -4.25805871e-006, 0.487084113, 0.873355064, -6.49270309e-006, 6.88128966e-006, 3.59640237e-006, 1, 0, 0, 0, 0, 0, 0, 0, 0.340038501, -0.185204346, -0.161645972, -0.572581174, 0.55130183, -0.606692168, -0.776489258, -0.127197266, 0.61706543, 0.263098697, 0.824543659, 0.501101368, 0, 0, -0, 0, 0, 0, 0, 0.398717432, -0.12148374, -0.135868896, -0.142096308, 0.392216653, -0.908717253, 0.608764648, -0.689208984, -0.392700195, -0.780481205, -0.608944503, -0.140802092, 0, 2, 5, 1, 
591.686741, 64, 0.1, 0.1, 0.00120163149, 0.35750556, -0.0349707492, 0.873354983, -0.487084257, 1.12147885e-005, 0.487084257, 0.873354983, 4.14586201e-007, -9.99642982e-006, 5.10046599e-006, 1, 0.873354986, -0.487084251, 7.61261309e-006, 0.487084251, 0.873354987, 7.588331e-006, -1.03446701e-005, -2.91932278e-006, 1, 0, 0, 0, 0, 0, 0, 0, 0.340038501, -0.185204346, -0.161645972, -0.572581174, 0.55130183, -0.606692168, -0.776489258, -0.127197266, 0.61706543, 0.263098697, 0.824543659, 0.501101368, 0, 0, -0, 0, 0, 0, 0, 0.398717432, -0.12148374, -0.135868896, -0.142096308, 0.392216653, -0.908717253, 0.608764648, -0.689208984, -0.392700195, -0.780481205, -0.608944503, -0.140802092, 0, 2, 5, 1, 
591.687433, 64, 0.1, 0.1, 0.00120163323, 0.357505561, -0.0349700692, 0.873355023, -0.487084186, -4.65670284e-006, 0.487084186, 0.873355023, 1.16686972e-007, 4.01011843e-006, -2.37011546e-006, 1, 0.87335501, -0.487084209, -1.14406178e-005, 0.487084209, 0.87335501, -3.64879054e-007, 1.01694477e-005, -5.25387532e-006, 1, 0, 0, 0, 0, 0, 0, 0, 0.340038501, -0.185204346, -0.161645972, -0.572581174, 0.55130183, -0.606692168, -0.776489258, -0.127197266, 0.61706543, 0.263098697, 0.824543659, 0.501101368, 0, 0, -0, 0, 0, 0, 0, 0.398717432, -0.12148374, -0.135868896, -0.142096308, 0.392216653, -0.908717253, 0.608764648, -0.689208984, -0.392700195, -0.780481205, -0.608944503, -0.140802092, 0, 2, 5, 1, 
591.688153, 64, 0.1, 0.1, 0.00120163014, 0.357505561, -0.0349690265, 0.873355076, -0.487084091, -4.84130663e-006, 0.487084091, 0.873355076, 1.67688292e-006, 3.41139672e-006, -3.82263765e-006, 1, 0.873355073, -0.487084096, 6.21349757e-006, 0.487084096, 0.873355073, 5.18824264e-006, -7.9537001e-006, -1.50468218e-006, 1, 0, 0, 0, 0, 0, 0, 0, 0.339314331, -0.186334839, -0.160492285, -0.573760639, 0.550997416, -0.605855309, -0.774902344, -0.125854492, 0.619384766, 0.265015793, 0.82496265, 0.499362128, 0, 0, -0, 0, 0, 0, 0, 0.39811665, -0.122241602, -0.134931738, -0.144428458, 0.391040916, -0.908863808, 0.608154297, -0.689453125, -0.393188477, -0.780480839, -0.609436306, -0.138239899, 0, 2, 5, 1, 
591.688844, 64, 0.1, 0.1, 0.00120162945, 0.357505562, -0.0349683036, 0.873355029, -0.487084175, 1.12148917e-005, 0.487084175, 0.873355029, 7.8577047e-006, -1.36219457e-005, -1.39996963e-006, 1, 0.873355048, -0.487084141, 1.1031626e-005, 0.487084141, 0.873355048, -2.07643162e-006, -8.62312934e-006, 7.18679211e-006, 1, 0, 0, 0, 0, 0, 0, 0, 0.339314331, -0.186334839, -0.160492285, -0.573760639, 0.550997416, -0.605855309, -0.774902344, -0.125854492, 0.619384766, 0.265015793, 0.82496265, 0.499362128, 0, 0, -0, 0, 0, 0, 0, 0.39811665, -0.122241602, -0.134931738, -0.144428458, 0.391040916, -0.908863808, 0.608154297, -0.689453125, -0.393188477, -0.780480839, -0.609436306, -0.138239899, 0, 2, 5, 1, 
591.689534, 64, 0.1, 0.1, 0.00120162983, 0.357505564, -0.0349680742, 0.873354926, -0.48708436, -7.80629791e-006, 0.48708436, 0.873354926, -1.12725035e-005, 1.23083289e-005, 6.04257081e-006, 1, 0.873354944, -0.487084327, -6.19929203e-006, 0.487084327, 0.873354944, -1.41095351e-005, 1.22867158e-005, 9.30305424e-006, 1, 0, 0, 0, 0, 0, 0, 0, 0.339314331, -0.186334839, -0.160492285, -0.573760639, 0.550997416, -0.605855309, -0.774902344, -0.125854492, 0.619384766, 0.265015793, 0.82496265, 0.499362128, 0, 0, -0, 0, 0, 0, 0, 0.39811665, -0.122241602, -0.134931738, -0.144428458, 0.391040916, -0.908863808, 0.608154297, -0.689453125, -0.393188477, -0.780480839, -0.609436306, -0.138239899, 0, 2, 5, 1, 
591.690226, 64, 0.1, 0.1, 0.00120162872, 0.357505563, -0.0349683575, 0.873354896, -0.487084413, 6.5663327e-006, 0.487084414, 0.873354896, -5.63261278e-006, -2.99118092e-006, 8.11762826e-006, 1, 0.873354893, -0.487084418, 1.09348471e-005, 0.487084418, 0.873354893, -3.63459551e-007, -9.37296674e-006, 5.64362282e-006, 1, 0, 0, 0, 0, 0, 0, 0, 0.339314331, -0.186334839, -0.160492285, -0.573760639, 0.550997416, -0.605855309, -0.774902344, -0.125854492, 0.619384766, 0.265015793, 0.82496265, 0.499362128, 0, 0, -0, 0, 0, 0, 0, 0.39811665, -0.122241602, -0.134931738, -0.144428458, 0.391040916, -0.908863808, 0.608154297, -0.689453125, -0.393188477, -0.780480839, -0.609436306, -0.138239899, 0, 2, 5, 1, 
591.690918, 64, 0.1, 0.1, 0.00120163151, 0.357505564, -0.0349690774, 0.873354963, -0.487084293, 5.57376323e-006, 0.487084293, 0.873354963, -1.59020395e-006, -4.09331041e-006, 4.10370503e-006, 1, 0.873354946, -0.487084324, -8.50469793e-006, 0.487084324, 0.873354946, -2.13696382e-007, 7.53170815e-006, -3.95587225e-006, 1, 0, 0, 0, 0, 0, 0, 0, 0.339314331, -0.186334839, -0.160492285, -0.573760639, 0.550997416, -0.605855309, -0.774902344, -0.125854492, 0.619384766, 0.265015793, 0.82496265, 0.499362128, 0, 0, -0, 0, 0, 0, 0, 0.39811665, -0.122241602, -0.134931738, -0.144428458, 0.391040916, -0.908863808, 0.608154297, -0.689453125, -0.393188477, -0.780480839, -0.609436306, -0.138239899, 0, 2, 5, 1, 
591.691609, 64, 0.1, 0.1, 0.00120163156, 0.357505563, -0.0349699596, 0.873355008, -0.487084212, -1.19882199e-005, 0.487084212, 0.873355009, -1.64953051e-006, 1.12734321e-005, -4.39864689e-006, 1, 0.873355007, -0.487084213, -9.08415649e-006, 0.487084213, 0.873355007, 3.37798737e-006, 6.28832923e-006, -7.3749314e-006, 1, 0, 0, 0, 0, 0, 0, 0, 0.339314331, -0.186334839, -0.160492285, -0.573760639, 0.550997416, -0.605855309, -0.774902344, -0.125854492, 0.619384766, 0.265015793, 0.82496265, 0.499362128, 0, 0, -0, 0, 0, 0, 0, 0.39811665, -0.122241602, -0.134931738, -0.144428458, 0.391040916, -0.908863808, 0.608154297, -0.689453125, -0.393188477, -0.780480839, -0.609436306, -0.138239899, 0, 2, 5, 1, 
591.692314, 64, 0.1, 0.1, 0.00120163086, 0.357505563, -0.0349707162, 0.873354955, -0.487084308, 6.17979733e-006, 0.487084308, 0.873354955, 1.19873659e-005, -1.12360144e-005, -7.45914309e-006, 1, 0.873354973, -0.487084274, 7.82829211e-006, 0.487084274, 0.873354973, 9.79765634e-006, -1.16091622e-005, -4.7437939e-006, 1, 0, 0, 0, 0, 0, 0, 0, 0.339314331, -0.186334839, -0.160492285, -0.574382572, 0.550432771, -0.605830221, -0.774414062, -0.125854492, 0.619873047, 0.264990706, 0.825299265, 0.498740194, 0, 0, -0, 0, 0, 0, 0, 0.39811665, -0.122241602, -0.134931738, -0.144428458, 0.391040916, -0.908863808, 0.608154297, -0.689453125, -0.393188477, -0.780480839, -0.609436306, -0.138239899, 0, 2, 5, 1, 
591.693016, 64, 0.1, 0.1, 0.00120163258, 0.357505564, -0.0349709107, 0.873354868, -0.487084464, -6.35742124e-006, 0.487084464, 0.873354868, 1.57237518e-006, 4.78640527e-006, -4.46984263e-006, 1, 0.873354882, -0.487084438, -7.6636234e-006, 0.487084438, 0.873354882, -7.93696525e-006, 1.05590352e-005, 3.19895566e-006, 1, 0, 0, 0, 0, 0, 0, 0, 0.339059229, -0.186585913, -0.159376685, -0.574382572, 0.550432771, -0.605830221, -0.774414062, -0.125854492, 0.619873047, 0.264990706, 0.825299265, 0.498740194, 0, 0, -0, 0, 0, 0, 0, 0.397608887, -0.122738135, -0.134025098, -0.14543795, 0.390497707, -0.908965886, 0.608276367, -0.689208984, -0.393432617, -0.780218713, -0.610107113, -0.137268686, 0, 2, 5, 1, 
591.693707, 64, 0.1, 0.1, 0.00120163094, 0.357505563, -0.0349707461, 0.873354867, -0.487084466, -2.63258427e-006, 0.487084466, 0.873354867, -5.78998367e-006, 5.11939139e-006, 3.77441951e-006, 1, 0.873354859, -0.487084479, 7.84076466e-006, 0.487084479, 0.873354859, -3.22013913e-006, -5.27929013e-006, 6.63143892e-006, 1, 0, 0, 0, 0, 0, 0, 0, 0.339059229, -0.186585913, -0.159376685, -0.574382572, 0.550432771, -0.605830221, -0.774414062, -0.125854492, 0.619873047, 0.264990706, 0.825299265, 0.498740194, 0, 0, -0, 0, 0, 0, 0, 0.397608887, -0.122738135, -0.134025098, -0.14543795, 0.390497707, -0.908965886, 0.608276367, -0.689208984, -0.393432617, -0.780218713, -0.610107113, -0.137268686, 0, 2, 5, 1, 
591.694398, 64, 0.1, 0.1, 0.00120163142, 0.357505563, -0.0349703309, 0.873354941, -0.487084333, 1.44129875e-005, 0.487084333, 0.873354941, 2.80665114e-007, -1.27243614e-005, 6.77522014e-006, 1, 0.873354926, -0.487084359, 8.68273306e-006, 0.487084359, 0.873354926, 1.09858748e-008, -7.58845874e-006, 4.2196289e-006, 1, 0, 0, 0, 0, 0, 0, 0, 0.339059229, -0.186585913, -0.159376685, -0.574382572, 0.550432771, -0.605830221, -0.774414062, -0.125854492, 0.619873047, 0.264990706, 0.825299265, 0.498740194, 0, 0, -0, 0, 0, 0, 0, 0.397608887, -0.122738135, -0.134025098, -0.14543795, 0.390497707, -0.908965886, 0.608276367, -0.689208984, -0.393432617, -0.780218713, -0.610107113, -0.137268686, 0, 2, 5, 1, 
591.695089, 64, 0.1, 0.1, 0.00120163201, 0.357505563, -0.0349698073, 0.873354971, -0.487084278, -5.52290408e-006, 0.487084278, 0.873354971, -9.70371465e-006, 9.54998258e-006, 5.78466768e-006, 1, 0.873354974, -0.487084274, -9.89491249e-006, 0.487084274, 0.873354974, -2.65957191e-006, 9.93720669e-006, -2.49690591e-006, 1, 0, 0, 0, 0, 0, 0, 0, 0.339059229, -0.186585913, -0.159376685, -0.574382572, 0.550432771, -0.605830221, -0.774414062, -0.125854492, 0.619873047, 0.264990706, 0.825299265, 0.498740194, 0, 0, -0, 0, 0, 0, 0, 0.397608887, -0.122738135, -0.134025098, -0.14543795, 0.390497707, -0.908965886, 0.608276367, -0.689208984, -0.393432617, -0.780218713, -0.610107113, -0.137268686, 0, 2, 5, 1, 
591.69578, 64, 0.1, 0.1, 0.00120163012, 0.357505562, -0.0349693131, 0.873354903, -0.4870844, 3.37320414e-006, 0.4870844, 0.873354903, 4.23165636e-006, -5.00717817e-006, -2.05270271e-006, 1, 0.873354921, -0.487084368, 7.460238e-006, 0.487084368, 0.873354921, 9.84112121e-006, -1.13088919e-005, -4.96102633e-006, 1, 0, 0, 0, 0, 0, 0, 0, 0.339059229, -0.186585913, -0.159376685, -0.574382572, 0.550432771, -0.605830221, -0.774414062, -0.125854492, 0.619873047, 0.264990706, 0.825299265, 0.498740194, 0, 0, -0, 0, 0, 0, 0, 0.397608887, -0.122738135, -0.134025098, -0.14543795, 0.390497707, -0.908965886, 0.608276367, -0.689208984, -0.393432617, -0.780218713, -0.610107113, -0.137268686, 0, 2, 5, 1, 
591.696476, 64, 0.1, 0.1, 0.0012016319, 0.357505564, -0.0349689521, 0.873354827, -0.487084536, 1.90444168e-006, 0.487084536, 0.873354827, 5.66056686e-006, -4.42042792e-006, -4.01605929e-006, 1, 0.873354835, -0.487084523, -6.73520076e-006, 0.487084523, 0.873354835, -1.86832898e-006, 6.79225427e-006, -1.6488979e-006, 1, 0, 0, 0, 0, 0, 0, 0, 0.339059229, -0.186585913, -0.159376685, -0.574382572, 0.550432771, -0.605830221, -0.774414062, -0.125854492, 0.619873047, 0.264990706, 0.825299265, 0.498740194, 0, 0, -0, 0, 0, 0, 0, 0.397608887, -0.122738135, -0.134025098, -0.14543795, 0.390497707, -0.908965886, 0.608276367, -0.689208984, -0.393432617, -0.780218713, -0.610107113, -0.137268686, 0, 2, 5, 1, 
591.69718, 64, 0.1, 0.1, 0.00120163157, 0.357505565, -0.0349688677, 0.873354853, -0.487084491, -1.3557863e-005, 0.487084491, 0.873354853, -4.59795069e-006, 1.40804159e-005, -2.58818225e-006, 1, 0.873354837, -0.48708452, -4.21416435e-006, 0.48708452, 0.873354837, -9.88680137e-006, 8.49616872e-006, 6.58203158e-006, 1, 0, 0, 0, 0, 0, 0, 0, 0.339059229, -0.186585913, -0.159376685, -0.577060142, 0.550394579, -0.603279209, -0.772094727, -0.127075195, 0.622558594, 0.266032751, 0.82505813, 0.498459746, 0, 0, -0, 0, 0, 0, 0, 0.397608887, -0.122738135, -0.134025098, -0.14543795, 0.390497707, -0.908965886, 0.608276367, -0.689208984, -0.393432617, -0.780218713, -0.610107113, -0.137268686, 0, 2, 5, 1, 
591.697887, 64, 0.1, 0.1, 0.00120163124, 0.357505565, -0.0349687546, 0.873354939, -0.487084335, 1.13673259e-005, 0.487084335, 0.87335494, 1.4064747e-006, -1.0612782e-005, 4.30849474e-006, 1, 0.873354924, -0.487084362, 1.30098364e-005, 0.487084362, 0.873354925, -1.37585341e-006, -1.0692048e-005, 7.53849621e-006, 1, 0, 0, 0, 0, 0, 0, 0, 0.338032593, -0.186588599, -0.159247168, -0.577060142, 0.550394579, -0.603279209, -0.772094727, -0.127075195, 0.622558594, 0.266032751, 0.82505813, 0.498459746, 0, 0, -0, 0, 0, 0, 0, 0.396695264, -0.122951611, -0.133922803, -0.149118278, 0.39079155, -0.90826263, 0.607299805, -0.688598633, -0.395996094, -0.780237303, -0.6105672, -0.134617174, 0, 2, 5, 1, 
591.698587, 64, 0.1, 0.1, 0.0012016332, 0.357505566, -0.0349689142, 0.873354955, -0.487084308, -3.46751886e-008, 0.487084308, 0.873354955, -8.3132774e-006, 4.07955071e-006, 7.24355227e-006, 1, 0.87335496, -0.487084298, -6.76221938e-006, 0.487084298, 0.87335496, -9.22449343e-006, 1.03989237e-005, 4.76248622e-006, 1, 0, 0, 0, 0, 0, 0, 0, 0.338032593, -0.186588599, -0.159247168, -0.577060142, 0.550394579, -0.603279209, -0.772094727, -0.127075195, 0.622558594, 0.266032751, 0.82505813, 0.498459746, 0, 0, -0, 0, 0, 0, 0, 0.396695264, -0.122951611, -0.133922803, -0.149118278, 0.39079155, -0.90826263, 0.607299805, -0.688598633, -0.395996094, -0.780237303, -0.6105672, -0.134617174, 0, 2, 5, 1, 
591.699285, 64, 0.1, 0.1, 0.00120163159, 0.357505564, -0.0349691935, 0.873354874, -0.487084452, -2.70620858e-006, 0.487084452, 0.873354874, -5.32479021e-006, 4.95710297e-006, 3.33227936e-006, 1, 0.873354894, -0.487084418, 3.31442588e-006, 0.487084418, 0.873354894, 7.20630431e-006, -6.40474859e-006, -4.67925593e-006, 1, 0, 0, 0, 0, 0, 0, 0, 0.338032593, -0.186588599, -0.159247168, -0.577060142, 0.550394579, -0.603279209, -0.772094727, -0.127075195, 0.622558594, 0.266032751, 0.82505813, 0.498459746, 0, 0, -0, 0, 0, 0, 0, 0.396695264, -0.122951611, -0.133922803, -0.149118278, 0.39079155, -0.90826263, 0.607299805, -0.688598633, -0.395996094, -0.780237303, -0.6105672, -0.134617174, 0, 2, 5, 1, 
591.699986, 64, 0.1, 0.1, 0.00120163243, 0.357505564, -0.0349696064, 0.873354816, -0.487084556, 8.40314042e-006, 0.487084556, 0.873354816, 9.38185015e-006, -1.19086775e-005, -4.10064409e-006, 1, 0.87335482, -0.48708455, 1.8227984e-006, 0.48708455, 0.87335482, 9.69234466e-006, -6.31294111e-006, -7.57699899e-006, 1, 0, 0, 0, 0, 0, 0, 0, 0.338032593, -0.186588599, -0.159247168, -0.577060142, 0.550394579, -0.603279209, -0.772094727, -0.127075195, 0.622558594, 0.266032751, 0.82505813, 0.498459746, 0, 0, -0, 0, 0, 0, 0, 0.396695264, -0.122951611, -0.133922803, -0.150913782, 0.389928979, -0.908370905, 0.606323242, -0.689208984, -0.396606445, -0.780671503, -0.610535117, -0.132419185, 0, 2, 5, 1, 
591.700675, 64, 0.1, 0.1, 0.0012016331, 0.357505564, -0.0349699536, 0.87335486, -0.487084477, -1.23482494e-005, 0.487084478, 0.87335486, 3.8677619e-007, 1.05960109e-005, -6.35243346e-006, 1, 0.873354845, -0.487084505, -1.15341215e-005, 0.487084505, 0.873354845, -1.96081368e-006, 1.10284628e-005, -3.90560572e-006, 1, 0, 0, 0, 0, 0, 0, 0, 0.338032593, -0.186588599, -0.159247168, -0.577060142, 0.550394579, -0.603279209, -0.772094727, -0.127075195, 0.622558594, 0.266032751, 0.82505813, 0.498459746, 0, 0, -0, 0, 0, 0, 0, 0.39612085, -0.123454492, -0.133660498, -0.150913782, 0.389928979, -0.908370905, 0.606323242, -0.689208984, -0.396606445, -0.780671503, -0.610535117, -0.132419185, 0, 2, 5, 1, 
591.701365, 64, 0.1, 0.1, 0.00120163123, 0.357505564, -0.0349702658, 0.873354938, -0.487084338, 2.8544379e-006, 0.487084338, 0.873354938, 5.52347917e-006, -5.18333763e-006, -3.43360582e-006, 1, 0.873354925, -0.487084362, 1.18033688e-005, 0.487084362, 0.873354925, 1.58656361e-006, -1.10813206e-005, 4.36360324e-006, 1, 0, 0, 0, 0, 0, 0, 0, 0.338032593, -0.186588599, -0.159247168, -0.577060142, 0.550394579, -0.603279209, -0.772094727, -0.127075195, 0.622558594, 0.266032751, 0.82505813, 0.498459746, 0, 0, -0, 0, 0, 0, 0, 0.39612085, -0.123454492, -0.133660498, -0.150913782, 0.389928979, -0.908370905, 0.606323242, -0.689208984, -0.396606445, -0.780671503, -0.610535117, -0.132419185, 0, 2, 5, 1, 
591.702061, 64, 0.1, 0.1, 0.00120163275, 0.357505565, -0.0349703975, 0.873354932, -0.487084349, 7.45849428e-006, 0.487084349, 0.873354932, -1.13293555e-006, -5.96207759e-006, 4.62237068e-006, 1, 0.873354941, -0.487084333, -4.40670302e-007, 0.487084333, 0.873354941, -8.99922363e-006, 4.76824243e-006, 7.64487282e-006, 1, 0, 0, 0, 0, 0, 0, 0, 0.338032593, -0.186588599, -0.159247168, -0.577060142, 0.550394579, -0.603279209, -0.772094727, -0.127075195, 0.622558594, 0.266032751, 0.82505813, 0.498459746, 0, 0, -0, 0, 0, 0, 0, 0.39612085, -0.123454492, -0.133660498, -0.150913782, 0.389928979, -0.908370905, 0.606323242, -0.689208984, -0.396606445, -0.780671503, -0.610535117, -0.132419185, 0, 2, 5, 1, 
591.702764, 64, 0.1, 0.1, 0.0012016325, 0.357505564, -0.0349701953, 0.873354846, -0.487084503, -7.07522688e-006, 0.487084503, 0.873354846, -1.11476217e-005, 1.16090175e-005, 6.28959609e-006, 1, 0.873354863, -0.487084473, -3.60991222e-006, 0.487084473, 0.873354863, -6.46442665e-006, 6.30145624e-006, 3.88740625e-006, 1, 0, 0, 0, 0, 0, 0, 0, 0.337953247, -0.186653784, -0.158570483, -0.578627519, 0.549062346, -0.603045188, -0.770874023, -0.126953125, 0.624145508, 0.266280999, 0.826010686, 0.496815985, 0, 0, -0, 0, 0, 0, 0, 0.39612085, -0.123454492, -0.133660498, -0.150913782, 0.389928979, -0.908370905, 0.606323242, -0.689208984, -0.396606445, -0.780671503, -0.610535117, -0.132419185, 0, 2, 5, 1, 
591.703457, 64, 0.1, 0.1, 0.0012016324, 0.357505563, -0.0349698958, 0.873354807, -0.487084572, 1.0888121e-005, 0.487084572, 0.873354807, 7.72382694e-007, -9.8854085e-006, 4.62887162e-006, 1, 0.873354807, -0.487084574, 7.31089101e-006, 0.487084574, 0.873354807, 8.2825081e-006, -1.04192837e-005, -3.67254603e-006, 1, 0, 0, 0, 0, 0, 0, 0, 0.337953247, -0.186653784, -0.158570483, -0.578627519, 0.549062346, -0.603045188, -0.770874023, -0.126953125, 0.624145508, 0.266280999, 0.826010686, 0.496815985, 0, 0, -0, 0, 0, 0, 0, 0.39612085, -0.123454492, -0.133660498, -0.150913782, 0.389928979, -0.908370905, 0.606323242, -0.689208984, -0.396606445, -0.780671503, -0.610535117, -0.132419185, 0, 2, 5, 1, 
591.704153, 64, 0.1, 0.1, 0.00120163462, 0.357505564, -0.0349695387, 0.873354868, -0.487084463, -6.33068809e-006, 0.487084463, 0.873354868, 5.35154756e-007, 5.2682717e-006, -3.55095982e-006, 1, 0.873354851, -0.487084493, -1.31572922e-005, 0.487084493, 0.873354851, 2.04459457e-008, 1.14810261e-005, -6.42656956e-006, 1, 0, 0, 0, 0, 0, 0, 0, 0.337953247, -0.186653784, -0.158570483, -0.578627519, 0.549062346, -0.603045188, -0.770874023, -0.126953125, 0.624145508, 0.266280999, 0.826010686, 0.496815985, 0, 0, -0, 0, 0, 0, 0, 0.39612085, -0.123454492, -0.133660498, -0.150913782, 0.389928979, -0.908370905, 0.606323242, -0.689208984, -0.396606445, -0.780671503, -0.610535117, -0.132419185, 0, 2, 5, 1, 
591.704871, 64, 0.1, 0.1, 0.00120163281, 0.357505564, -0.0349690818, 0.873354939, -0.487084336, -8.68606165e-006, 0.487084336, 0.873354939, 3.09597939e-006, 6.07801178e-006, -6.93473346e-006, 1, 0.873354933, -0.487084347, 2.28261698e-006, 0.487084347, 0.873354933, 6.55453812e-006, -5.18614772e-006, -4.6126112e-006, 1, 0, 0, 0, 0, 0, 0, 0, 0.33806687, -0.186303003, -0.15788916, -0.580659191, 0.547127276, -0.602778966, -0.769897461, -0.128662109, 0.62487793, 0.264378129, 0.827058723, 0.49615586, 0, 0, -0, 0, 0, 0, 0, 0.395965332, -0.122875098, -0.133386719, -0.153603574, 0.389136403, -0.908198098, 0.607055664, -0.687988281, -0.397460937, -0.779604042, -0.612336818, -0.130559882, 0, 2, 5, 1, 
591.705563, 64, 0.1, 0.1, 0.00120163317, 0.357505564, -0.0349687165, 0.873354907, -0.487084393, 8.70036827e-006, 0.487084393, 0.873354907, 9.10629756e-006, -1.20340448e-005, -3.71521606e-006, 1, 0.873354923, -0.487084364, 8.12863671e-006, 0.487084364, 0.873354923, -7.24651466e-007, -6.74621849e-006, 4.59220977e-006, 1, 0, 0, 0, 0, 0, 0, 0, 0.33806687, -0.186303003, -0.15788916, -0.580659191, 0.547127276, -0.602778966, -0.769897461, -0.128662109, 0.62487793, 0.264378129, 0.827058723, 0.49615586, 0, 0, -0, 0, 0, 0, 0, 0.395965332, -0.122875098, -0.133386719, -0.153603574, 0.389136403, -0.908198098, 0.607055664, -0.687988281, -0.397460937, -0.779604042, -0.612336818, -0.130559882, 0, 2, 5, 1, 
591.706253, 64, 0.1, 0.1, 0.00120163389, 0.357505565, -0.0349687187, 0.873354818, -0.487084552, -7.80909004e-006, 0.487084552, 0.873354819, -9.99840686e-006, 1.16901759e-005, 4.92846969e-006, 1, 0.873354834, -0.487084524, -6.74726552e-006, 0.487084524, 0.873354834, -1.27007167e-005, 1.20790795e-005, 7.80574375e-006, 1, 0, 0, 0, 0, 0, 0, 0, 0.33806687, -0.186303003, -0.15788916, -0.580659191, 0.547127276, -0.602778966, -0.769897461, -0.128662109, 0.62487793, 0.264378129, 0.827058723, 0.49615586, 0, 0, -0, 0, 0, 0, 0, 0.395965332, -0.122875098, -0.133386719, -0.153603574, 0.389136403, -0.908198098, 0.607055664, -0.687988281, -0.397460937, -0.779604042, -0.612336818, -0.130559882, 0, 2, 5, 1, 
