time, trialNum, realDorsalTactorPos, realVentralTactorPos, boxPosX, boxPosY, boxPosZ, boxLocalRot_11, boxLocalRot_12, boxLocalRot_13, boxLocalRot_21, boxLocalRot_22, boxLocalRot_23, boxLocalRot_31, boxLocalRot_32, boxLocalRot_33, boxGlobalRot_11, boxGlobalRot_12, boxGlobalRot_13, boxGlobalRot_21, boxGlobalRot_22, boxGlobalRot_23, boxGlobalRot_31, boxGlobalRot_32, boxGlobalRot_33, indexForceX, indexForceY, indexForceZ, indexForceGlobalX, indexForceGlobalY, indexForceGlobalZ, indexContact, indexPosX, indexPosY, indexPosZ, indexRot_11, indexRot_12, indexRot_13, indexRot_21, indexRot_22, indexRot_23, indexRot_31, indexRot_32, indexRot_33, thumbForceX, thumbForceY, thumbForceZ, thumbForceGlobalX, thumbForceGlobalY, thumbForceGlobalZ, thumbContact, thumbPosX, thumbPosY, thumbPosZ, thumbRot_11, thumbRot_12, thumbRot_13, thumbRot_21, thumbRot_22, thumbRot_23, thumbRot_31, thumbRot_32, thumbRot_33, manipForceTooHigh, cceExpType, mapping, trialSuccess, 
494.319669, 64, 0.1, 0.1, 0.0231038953, 0.367557154, -0.0349700713, 0.90181527, -2.65979179e-007, 0.432121764, 0.432121764, -3.42183641e-006, -0.90181527, 1.71851407e-006, 1, -2.97092894e-006, 0.901815269, -2.05957668e-006, 0.432121765, 0.432121765, -7.3610852e-006, -0.901815269, 5.03824283e-006, 1, -5.74835112e-006, 0, 0, 0, 0, 0, 0, 0, 0.24362583, -0.109372729, -0.181007422, -0.277415418, 0.655766811, -0.702014191, -0.848510742, 0.175537109, 0.499145508, 0.45055575, 0.734213647, 0.507918234, 0, 0, -0, 0, 0, 0, 0, 0.329231201, -0.082342041, -0.157904541, 0.179985588, 0.173419678, -0.968225961, 0.171264648, -0.974731445, -0.142700195, -0.968547854, -0.13998821, -0.205236754, 0, 2, 3, 1, 
494.369533, 64, 0.1, 0.1, 0.0231038609, 0.367557178, -0.0349717491, 0.9018205, -2.87930551e-006, 0.432110849, 0.432110849, 2.07317822e-006, -0.9018205, 1.70077393e-006, 1, 3.11381376e-006, 0.9018205, 5.00628893e-006, 0.432110849, 0.432110849, -2.72171832e-006, -0.9018205, -3.33868997e-006, 1, -4.61777313e-006, 0, 0, 0, 0, 0, 0, 0, 0.257224146, -0.133289868, -0.181757227, -0.303832738, 0.617647262, -0.725273965, -0.876098633, 0.117919922, 0.467407227, 0.374281493, 0.777575955, 0.505422623, 0, 0, -0, 0, 0, 0, 0, 0.33933291, -0.097385498, -0.156902979, 0.193407228, 0.177845835, -0.964786272, 0.26550293, -0.956176758, -0.123046875, -0.944429781, -0.232316491, -0.232124109, 0, 2, 3, 1, 
494.370222, 64, 0.1, 0.1, 0.0231038601, 0.36755718, -0.0349700063, 0.901820523, -9.42917988e-008, 0.432110801, 0.432110801, -4.63827771e-006, -0.901820523, 2.08928417e-006, 1, -4.14214953e-006, 0.901820514, 1.2762046e-006, 0.432110819, 0.432110819, -7.5212906e-006, -0.901820514, 2.09912355e-006, 1, -7.33431598e-006, 0, 0, 0, 0, 0, 0, 0, 0.257224146, -0.133289868, -0.181757227, -0.303832738, 0.617647262, -0.725273965, -0.876098633, 0.117919922, 0.467407227, 0.374281493, 0.777575955, 0.505422623, 0, 0, -0, 0, 0, 0, 0, 0.33933291, -0.097385498, -0.156902979, 0.193407228, 0.177845835, -0.964786272, 0.26550293, -0.956176758, -0.123046875, -0.944429781, -0.232316491, -0.232124109, 0, 2, 3, 1, 
494.370916, 64, 0.1, 0.1, 0.0231038595, 0.36755718, -0.0349683028, 0.901820553, 5.89314967e-006, 0.432110738, 0.432110738, -4.40236105e-006, -0.901820553, -3.41225601e-006, 1, -6.51663293e-006, 0.901820553, -2.32311018e-007, 0.432110738, 0.432110738, -4.60966001e-006, -0.901820553, 2.20138644e-006, 1, -4.05670206e-006, 0, 0, 0, 0, 0, 0, 0, 0.257224146, -0.133289868, -0.181757227, -0.303832738, 0.617647262, -0.725273965, -0.876098633, 0.117919922, 0.467407227, 0.374281493, 0.777575955, 0.505422623, 0, 0, -0, 0, 0, 0, 0, 0.33933291, -0.097385498, -0.156902979, 0.193407228, 0.177845835, -0.964786272, 0.26550293, -0.956176758, -0.123046875, -0.944429781, -0.232316491, -0.232124109, 0, 2, 3, 1, 
494.371608, 64, 0.1, 0.1, 0.0231038591, 0.36755718, -0.0349671558, 0.901820551, 3.93690498e-006, 0.432110742, 0.432110742, -2.41207983e-006, -0.901820551, -2.50809621e-006, 1, -3.8764421e-006, 0.901820548, 4.20516847e-007, 0.432110749, 0.432110749, 5.81809419e-006, -0.901820548, -2.89329177e-006, 1, 5.06516705e-006, 0, 0, 0, 0, 0, 0, 0, 0.257224146, -0.133289868, -0.181757227, -0.303832738, 0.617647262, -0.725273965, -0.876098633, 0.117919922, 0.467407227, 0.374281493, 0.777575955, 0.505422623, 0, 0, -0, 0, 0, 0, 0, 0.33933291, -0.097385498, -0.156902979, 0.193407228, 0.177845835, -0.964786272, 0.26550293, -0.956176758, -0.123046875, -0.944429781, -0.232316491, -0.232124109, 0, 2, 3, 1, 
494.372297, 64, 0.1, 0.1, 0.0231038594, 0.36755718, -0.0349668765, 0.901820591, -5.56109746e-006, 0.43211066, 0.43211066, 2.53877579e-006, -0.901820591, 3.91808011e-006, 1, 4.69252977e-006, 0.901820584, -1.75899592e-006, 0.432110674, 0.432110674, 8.09563443e-006, -0.901820584, -1.91191132e-006, 1, 8.06089068e-006, 0, 0, 0, 0, 0, 0, 0, 0.257224146, -0.133289868, -0.181757227, -0.303832738, 0.617647262, -0.725273965, -0.876098633, 0.117919922, 0.467407227, 0.374281493, 0.777575955, 0.505422623, 0, 0, -0, 0, 0, 0, 0, 0.33933291, -0.097385498, -0.156902979, 0.193407228, 0.177845835, -0.964786272, 0.26550293, -0.956176758, -0.123046875, -0.944429781, -0.232316491, -0.232124109, 0, 2, 3, 1, 
494.372989, 64, 0.1, 0.1, 0.0231038592, 0.367557181, -0.0349674604, 0.901820584, -6.26717909e-006, 0.432110673, 0.432110673, 4.87899956e-006, -0.901820584, 3.54360332e-006, 1, 7.10809721e-006, 0.901820586, -5.18707882e-006, 0.432110668, 0.432110668, 2.41223006e-006, -0.901820586, 3.63546412e-006, 1, 4.41679083e-006, 0, 0, 0, 0, 0, 0, 0, 0.257224146, -0.133289868, -0.181757227, -0.303832738, 0.617647262, -0.725273965, -0.876098633, 0.117919922, 0.467407227, 0.374281493, 0.777575955, 0.505422623, 0, 0, -0, 0, 0, 0, 0, 0.33933291, -0.097385498, -0.156902979, 0.193407228, 0.177845835, -0.964786272, 0.26550293, -0.956176758, -0.123046875, -0.944429781, -0.232316491, -0.232124109, 0, 2, 3, 1, 
494.373686, 64, 0.1, 0.1, 0.0231038585, 0.367557183, -0.0349686618, 0.901820607, -1.28276293e-007, 0.432110626, 0.432110626, 4.18255024e-006, -0.901820607, -1.6916422e-006, 1, 3.82733955e-006, 0.901820599, -1.44613055e-006, 0.432110643, 0.432110643, -5.78607514e-006, -0.901820599, 3.80437496e-006, 1, -4.59311334e-006, 0, 0, 0, 0, 0, 0, 0, 0.257224146, -0.133289868, -0.181757227, -0.303832738, 0.617647262, -0.725273965, -0.876098633, 0.117919922, 0.467407227, 0.374281493, 0.777575955, 0.505422623, 0, 0, -0, 0, 0, 0, 0, 0.33933291, -0.097385498, -0.156902979, 0.193407228, 0.177845835, -0.964786272, 0.26550293, -0.956176758, -0.123046875, -0.944429781, -0.232316491, -0.232124109, 0, 2, 3, 1, 
494.374405, 64, 0.1, 0.1, 0.023103858, 0.367557184, -0.0349698638, 0.901820617, 3.73829642e-006, 0.432110604, 0.432110604, -3.1131995e-006, -0.901820617, -2.02602627e-006, 1, -4.42290502e-006, 0.90182062, 5.05319611e-006, 0.432110598, 0.432110598, -5.88815529e-006, -0.90182062, -2.01274215e-006, 1, -7.49359945e-006, 0, 0, 0, 0, 0, 0, 0, 0.258470215, -0.134792407, -0.181649951, -0.305194546, 0.614247408, -0.727564746, -0.87890625, 0.112182617, 0.463500977, 0.366463706, 0.781080645, 0.505785447, 0, 0, -0, 0, 0, 0, 0, 0.340202832, -0.0981262695, -0.156489453, 0.195580064, 0.17910979, -0.964173434, 0.2734375, -0.954101563, -0.121826172, -0.941746553, -0.23967095, -0.235619236, 0, 2, 3, 1, 
494.375093, 64, 0.1, 0.1, 0.023103858, 0.367557184, -0.0349708652, 0.901820615, -1.14708328e-007, 0.43211061, 0.43211061, -7.03995903e-006, -0.901820615, 3.14548732e-006, 1, -6.2992135e-006, 0.90182061, 3.46493704e-006, 0.432110619, 0.432110619, -2.78414939e-006, -0.90182061, -1.92169112e-006, 1, -4.00803939e-006, 0, 0, 0, 0, 0, 0, 0, 0.258470215, -0.134792407, -0.181649951, -0.305194546, 0.614247408, -0.727564746, -0.87890625, 0.112182617, 0.463500977, 0.366463706, 0.781080645, 0.505785447, 0, 0, -0, 0, 0, 0, 0, 0.340202832, -0.0981262695, -0.156489453, 0.195580064, 0.17910979, -0.964173434, 0.2734375, -0.954101563, -0.121826172, -0.941746553, -0.23967095, -0.235619236, 0, 2, 3, 1, 
494.375785, 64, 0.1, 0.1, 0.0231038581, 0.367557184, -0.0349714982, 0.901820639, -8.59977375e-007, 0.43211056, 0.43211056, -3.84947878e-006, -0.901820639, 2.43894578e-006, 1, -3.09993411e-006, 0.901820637, -4.37267765e-006, 0.432110562, 0.432110562, 2.91254639e-006, -0.901820637, 2.68482888e-006, 1, 4.51607464e-006, 0, 0, 0, 0, 0, 0, 0, 0.258470215, -0.134792407, -0.181649951, -0.305194546, 0.614247408, -0.727564746, -0.87890625, 0.112182617, 0.463500977, 0.366463706, 0.781080645, 0.505785447, 0, 0, -0, 0, 0, 0, 0, 0.340202832, -0.0981262695, -0.156489453, 0.195580064, 0.17910979, -0.964173434, 0.2734375, -0.954101563, -0.121826172, -0.941746553, -0.23967095, -0.235619236, 0, 2, 3, 1, 
494.376478, 64, 0.1, 0.1, 0.0231038576, 0.367557184, -0.0349715953, 0.901820624, 6.54260352e-007, 0.43211059, 0.43211059, 5.25810236e-006, -0.901820624, -2.86210719e-006, 1, 4.45915232e-006, 0.901820626, -5.0900481e-006, 0.432110586, 0.432110586, 5.70988194e-006, -0.901820626, 2.12300994e-006, 1, 7.34875297e-006, 0, 0, 0, 0, 0, 0, 0, 0.258470215, -0.134792407, -0.181649951, -0.305194546, 0.614247408, -0.727564746, -0.87890625, 0.112182617, 0.463500977, 0.366463706, 0.781080645, 0.505785447, 0, 0, -0, 0, 0, 0, 0, 0.340202832, -0.0981262695, -0.156489453, 0.195580064, 0.17910979, -0.964173434, 0.2734375, -0.954101563, -0.121826172, -0.941746553, -0.23967095, -0.235619236, 0, 2, 3, 1, 
494.377178, 64, 0.1, 0.1, 0.023103857, 0.367557185, -0.0349710771, 0.901820647, -7.98742068e-007, 0.432110542, 0.432110542, 7.6336785e-006, -0.901820647, -2.57827087e-006, 1, 7.22935375e-006, 0.901820642, 2.76850196e-007, 0.432110553, 0.432110553, 5.64002801e-006, -0.901820642, -2.68678484e-006, 1, 4.96666379e-006, 0, 0, 0, 0, 0, 0, 0, 0.258470215, -0.134792407, -0.181649951, -0.305194546, 0.614247408, -0.727564746, -0.87890625, 0.112182617, 0.463500977, 0.366463706, 0.781080645, 0.505785447, 0, 0, -0, 0, 0, 0, 0, 0.341028076, -0.0986459961, -0.156284033, 0.19698621, 0.180756907, -0.963490234, 0.282470703, -0.951538086, -0.120727539, -0.938775678, -0.248335306, -0.238615997, 0, 2, 3, 1, 
494.377871, 64, 0.1, 0.1, 0.0231038565, 0.367557186, -0.0349701703, 0.901820641, -4.43052924e-006, 0.432110554, 0.432110554, 2.9173002e-006, -0.901820641, 2.73494651e-006, 1, 4.54535998e-006, 0.901820646, 3.88197661e-006, 0.432110544, 0.432110544, -2.08876647e-006, -0.901820646, -2.59826864e-006, 1, -3.56113575e-006, 0, 0, 0, 0, 0, 0, 0, 0.258470215, -0.134792407, -0.181649951, -0.305194546, 0.614247408, -0.727564746, -0.87890625, 0.112182617, 0.463500977, 0.366463706, 0.781080645, 0.505785447, 0, 0, -0, 0, 0, 0, 0, 0.341028076, -0.0986459961, -0.156284033, 0.19698621, 0.180756907, -0.963490234, 0.282470703, -0.951538086, -0.120727539, -0.938775678, -0.248335306, -0.238615997, 0, 2, 3, 1, 
494.378562, 64, 0.1, 0.1, 0.0231038562, 0.367557187, -0.0349692449, 0.901820646, -1.00798884e-006, 0.432110543, 0.432110543, -4.84383411e-006, -0.901820646, 3.00209694e-006, 1, -3.932707e-006, 0.901820641, 2.27000413e-007, 0.432110555, 0.432110555, -7.62522325e-006, -0.901820641, 3.09022579e-006, 1, -6.974673e-006, 0, 0, 0, 0, 0, 0, 0, 0.258470215, -0.134792407, -0.181649951, -0.305194546, 0.614247408, -0.727564746, -0.87890625, 0.112182617, 0.463500977, 0.366463706, 0.781080645, 0.505785447, 0, 0, -0, 0, 0, 0, 0, 0.341028076, -0.0986459961, -0.156284033, 0.19698621, 0.180756907, -0.963490234, 0.282470703, -0.951538086, -0.120727539, -0.938775678, -0.248335306, -0.238615997, 0, 2, 3, 1, 
494.379263, 64, 0.1, 0.1, 0.0231038557, 0.367557187, -0.0349684681, 0.90182066, 5.98533461e-006, 0.432110515, 0.432110515, -5.79444335e-006, -0.90182066, -2.89385851e-006, 1, -7.81187475e-006, 0.901820663, -1.67352677e-007, 0.432110509, 0.432110509, -5.92750215e-006, -0.901820663, 2.71225807e-006, 1, -5.27322907e-006, 0, 0, 0, 0, 0, 0, 0, 0.259675024, -0.136070361, -0.181304541, -0.307311959, 0.610866651, -0.7295762, -0.881713867, 0.10534668, 0.459716797, 0.35777686, 0.784705903, 0.506351214, 0, 0, -0, 0, 0, 0, 0, 0.341028076, -0.0986459961, -0.156284033, 0.19698621, 0.180756907, -0.963490234, 0.282470703, -0.951538086, -0.120727539, -0.938775678, -0.248335306, -0.238615997, 0, 2, 3, 1, 
494.38027, 64, 0.1, 0.1, 0.0231038568, 0.367557186, -0.0349640899, 0.901820629, 4.27864154e-006, 0.43211058, 0.43211058, -9.7798402e-007, -0.901820629, -3.43596996e-006, 1, -2.73081244e-006, 0.901820628, -1.72466774e-008, 0.432110582, 0.432110582, 8.69057768e-006, -0.901820628, -3.73973717e-006, 1, 7.84479469e-006, 0, 0, 0, 0, 0, 0, 0, 0.259675024, -0.136070361, -0.181304541, -0.307311959, 0.610866651, -0.7295762, -0.881713867, 0.10534668, 0.459716797, 0.35777686, 0.784705903, 0.506351214, 0, 0, -0, 0, 0, 0, 0, 0.341028076, -0.0986459961, -0.156284033, 0.19698621, 0.180756907, -0.963490234, 0.282470703, -0.951538086, -0.120727539, -0.938775678, -0.248335306, -0.238615997, 0, 2, 3, 1, 
494.380961, 64, 0.1, 0.1, 0.0231038569, 0.367557186, -0.0349616227, 0.90182066, -4.98127126e-006, 0.432110516, 0.432110516, 2.08011305e-006, -0.90182066, 3.59337461e-006, 1, 4.02834862e-006, 0.901820655, -8.63876398e-007, 0.432110526, 0.432110526, 9.07120334e-006, -0.901820655, -3.14070087e-006, 1, 8.55388862e-006, 0, 0, 0, 0, 0, 0, 0, 0.259675024, -0.136070361, -0.181304541, -0.307311959, 0.610866651, -0.7295762, -0.881713867, 0.10534668, 0.459716797, 0.35777686, 0.784705903, 0.506351214, 0, 0, -0, 0, 0, 0, 0, 0.341028076, -0.0986459961, -0.156284033, 0.19698621, 0.180756907, -0.963490234, 0.282470703, -0.951538086, -0.120727539, -0.938775678, -0.248335306, -0.238615997, 0, 2, 3, 1, 
494.381653, 64, 0.1, 0.1, 0.0231038561, 0.367557188, -0.0349617349, 0.901820639, -5.14516433e-006, 0.432110558, 0.432110558, 3.5801144e-006, -0.901820639, 3.09301015e-006, 1, 5.45190089e-006, 0.901820644, -4.04995826e-006, 0.432110548, 0.432110548, 8.00513847e-007, -0.901820644, 3.30642549e-006, 1, 2.4719496e-006, 0, 0, 0, 0, 0, 0, 0, 0.259675024, -0.136070361, -0.181304541, -0.307311959, 0.610866651, -0.7295762, -0.881713867, 0.10534668, 0.459716797, 0.35777686, 0.784705903, 0.506351214, 0, 0, -0, 0, 0, 0, 0, 0.341028076, -0.0986459961, -0.156284033, 0.19698621, 0.180756907, -0.963490234, 0.282470703, -0.951538086, -0.120727539, -0.938775678, -0.248335306, -0.238615997, 0, 2, 3, 1, 
494.382372, 64, 0.1, 0.1, 0.0231038544, 0.36755719, -0.0349639683, 0.901820656, 2.65814106e-006, 0.432110523, 0.432110523, 2.51869845e-006, -0.901820656, -3.48552262e-006, 1, 1.12280356e-006, 0.901820648, 1.24311703e-006, 0.43211054, 0.43211054, -9.20748944e-006, -0.901820648, 2.85758462e-006, 1, -8.84066806e-006, 0, 0, 0, 0, 0, 0, 0, 0.260852734, -0.137354419, -0.181399512, -0.309949833, 0.607365326, -0.731467087, -0.884399414, 0.0981445312, 0.456298828, 0.348925263, 0.788350257, 0.506897885, 0, 0, -0, 0, 0, 0, 0, 0.342114893, -0.0989891113, -0.155643848, 0.198839684, 0.181835295, -0.962902915, 0.291992187, -0.948852539, -0.118896484, -0.93538956, -0.257427666, -0.24186832, 0, 2, 3, 1, 
494.383059, 64, 0.1, 0.1, 0.0231038532, 0.367557191, -0.0349676334, 0.901820662, 5.27476437e-006, 0.432110511, 0.432110511, -3.72248585e-006, -0.901820662, -3.14836624e-006, 1, -5.63629578e-006, 0.901820666, 6.81584671e-006, 0.432110503, 0.432110503, -6.89604002e-006, -0.901820666, -3.1668201e-006, 1, -9.16419035e-006, 0, 0, 0, 0, 0, 0, 0, 0.260852734, -0.137354419, -0.181399512, -0.309949833, 0.607365326, -0.731467087, -0.884399414, 0.0981445312, 0.456298828, 0.348925263, 0.788350257, 0.506897885, 0, 0, -0, 0, 0, 0, 0, 0.342114893, -0.0989891113, -0.155643848, 0.198839684, 0.181835295, -0.962902915, 0.291992187, -0.948852539, -0.118896484, -0.93538956, -0.257427666, -0.24186832, 0, 2, 3, 1, 
494.38375, 64, 0.1, 0.1, 0.0231038532, 0.367557191, -0.0349717166, 0.901820655, -1.25668728e-007, 0.432110526, 0.432110526, -5.3537768e-006, -0.901820655, 2.42675396e-006, 1, -4.77384372e-006, 0.901820651, 3.4854897e-006, 0.432110533, 0.432110533, -1.42595481e-006, -0.901820651, -2.5271165e-006, 1, -2.79207231e-006, 0, 0, 0, 0, 0, 0, 0, 0.260852734, -0.137354419, -0.181399512, -0.309949833, 0.607365326, -0.731467087, -0.884399414, 0.0981445312, 0.456298828, 0.348925263, 0.788350257, 0.506897885, 0, 0, -0, 0, 0, 0, 0, 0.342114893, -0.0989891113, -0.155643848, 0.198839684, 0.181835295, -0.962902915, 0.291992187, -0.948852539, -0.118896484, -0.93538956, -0.257427666, -0.24186832, 0, 2, 3, 1, 
494.384441, 64, 0.1, 0.1, 0.0231038534, 0.367557191, -0.0349749836, 0.901820674, -1.47304155e-006, 0.432110485, 0.432110485, -1.25997325e-006, -0.901820674, 1.87286697e-006, 1, -4.99753226e-007, 0.901820674, -4.44369687e-006, 0.432110487, 0.432110487, 4.54855019e-006, -0.901820674, 2.04194146e-006, 1, 6.02214461e-006, 0, 0, 0, 0, 0, 0, 0, 0.260852734, -0.137354419, -0.181399512, -0.309949833, 0.607365326, -0.731467087, -0.884399414, 0.0981445312, 0.456298828, 0.348925263, 0.788350257, 0.506897885, 0, 0, -0, 0, 0, 0, 0, 0.342114893, -0.0989891113, -0.155643848, 0.198839684, 0.181835295, -0.962902915, 0.291992187, -0.948852539, -0.118896484, -0.93538956, -0.257427666, -0.24186832, 0, 2, 3, 1, 
494.385128, 64, 0.1, 0.1, 0.0231038532, 0.36755719, -0.0349765627, 0.901820661, -1.3330991e-007, 0.432110513, 0.432110513, 5.83013832e-006, -0.901820661, -2.39904243e-006, 1, 5.3153438e-006, 0.901820663, -4.80109381e-006, 0.432110508, 0.432110508, 6.32171197e-006, -0.901820663, 1.59804743e-006, 1, 7.77565357e-006, 0, 0, 0, 0, 0, 0, 0, 0.260852734, -0.137354419, -0.181399512, -0.309949833, 0.607365326, -0.731467087, -0.884399414, 0.0981445312, 0.456298828, 0.348925263, 0.788350257, 0.506897885, 0, 0, -0, 0, 0, 0, 0, 0.342114893, -0.0989891113, -0.155643848, 0.198839684, 0.181835295, -0.962902915, 0.291992187, -0.948852539, -0.118896484, -0.93538956, -0.257427666, -0.24186832, 0, 2, 3, 1, 
494.385818, 64, 0.1, 0.1, 0.0231038528, 0.367557191, -0.0349761123, 0.901820678, -1.01895554e-006, 0.432110477, 0.432110477, 6.30156758e-006, -0.901820678, -1.8040582e-006, 1, 6.12318531e-006, 0.901820674, -2.08627016e-007, 0.432110485, 0.432110485, 4.92274975e-006, -0.901820674, -1.93902763e-006, 1, 4.52958742e-006, 0, 0, 0, 0, 0, 0, 0, 0.260852734, -0.137354419, -0.181399512, -0.309949833, 0.607365326, -0.731467087, -0.884399414, 0.0981445312, 0.456298828, 0.348925263, 0.788350257, 0.506897885, 0, 0, -0, 0, 0, 0, 0, 0.342114893, -0.0989891113, -0.155643848, 0.198839684, 0.181835295, -0.962902915, 0.291992187, -0.948852539, -0.118896484, -0.93538956, -0.257427666, -0.24186832, 0, 2, 3, 1, 
494.386507, 64, 0.1, 0.1, 0.0231038525, 0.367557192, -0.0349739014, 0.901820672, -3.91330136e-006, 0.43211049, 0.43211049, 1.72537051e-006, -0.901820672, 2.78354536e-006, 1, 3.24695336e-006, 0.901820676, 3.2784238e-006, 0.432110481, 0.432110481, -2.46655517e-006, -0.901820676, -1.89072603e-006, 1, -3.64103174e-006, 0, 0, 0, 0, 0, 0, 0, 0.260852734, -0.137354419, -0.181399512, -0.309949833, 0.607365326, -0.731467087, -0.884399414, 0.0981445312, 0.456298828, 0.348925263, 0.788350257, 0.506897885, 0, 0, -0, 0, 0, 0, 0, 0.342114893, -0.0989891113, -0.155643848, 0.198839684, 0.181835295, -0.962902915, 0.291992187, -0.948852539, -0.118896484, -0.93538956, -0.257427666, -0.24186832, 0, 2, 3, 1, 
494.387225, 64, 0.1, 0.1, 0.023103852, 0.367557193, -0.0349703851, 0.901820678, -6.30176436e-007, 0.432110478, 0.432110478, -6.26708059e-006, -0.901820678, 3.27637733e-006, 1, -5.37947702e-006, 0.901820672, 7.37329742e-007, 0.432110491, 0.43211049, -9.357938e-006, -0.901820672, 3.37872398e-006, 1, -8.75778985e-006, 0, 0, 0, 0, 0, 0, 0, 0.262447144, -0.138382642, -0.181442358, -0.313146362, 0.604530117, -0.732380329, -0.88684082, 0.0897216797, 0.45324707, 0.339667781, 0.791518332, 0.508154856, 0, 0, -0, 0, 0, 0, 0, 0.342114893, -0.0989891113, -0.155643848, 0.199153216, 0.183859377, -0.962455955, 0.301147461, -0.946166992, -0.118408203, -0.932533524, -0.266175144, -0.243785226, 0, 2, 3, 1, 
494.387914, 64, 0.1, 0.1, 0.0231038515, 0.367557194, -0.034966881, 0.901820692, 6.10792627e-006, 0.432110449, 0.432110449, -6.46634288e-006, -0.901820692, -2.71407997e-006, 1, -8.47078057e-006, 0.901820695, -3.51805358e-007, 0.432110442, 0.432110442, -6.86902415e-006, -0.901820695, 3.28544242e-006, 1, -6.04260936e-006, 0, 0, 0, 0, 0, 0, 0, 0.262447144, -0.138382642, -0.181442358, -0.313146362, 0.604530117, -0.732380329, -0.88684082, 0.0897216797, 0.45324707, 0.339667781, 0.791518332, 0.508154856, 0, 0, -0, 0, 0, 0, 0, 0.34286543, -0.0994856445, -0.155431348, 0.199153216, 0.183859377, -0.962455955, 0.301147461, -0.946166992, -0.118408203, -0.932533524, -0.266175144, -0.243785226, 0, 2, 3, 1, 
494.388611, 64, 0.1, 0.1, 0.0231038512, 0.367557194, -0.0349643996, 0.901820675, 4.6981882e-006, 0.432110484, 0.432110484, -3.07226727e-006, -0.901820675, -2.90936436e-006, 1, -4.80077052e-006, 0.901820674, 8.29946454e-007, 0.432110486, 0.432110486, 5.5116549e-006, -0.901820674, -3.13010675e-006, 1, 4.61189577e-006, 0, 0, 0, 0, 0, 0, 0, 0.262447144, -0.138382642, -0.181442358, -0.313146362, 0.604530117, -0.732380329, -0.88684082, 0.0897216797, 0.45324707, 0.339667781, 0.791518332, 0.508154856, 0, 0, -0, 0, 0, 0, 0, 0.34286543, -0.0994856445, -0.155431348, 0.199153216, 0.183859377, -0.962455955, 0.301147461, -0.946166992, -0.118408203, -0.932533524, -0.266175144, -0.243785226, 0, 2, 3, 1, 
494.389303, 64, 0.1, 0.1, 0.0231038514, 0.367557194, -0.0349636595, 0.901820705, -5.64172573e-006, 0.432110421, 0.432110421, 3.98318926e-006, -0.901820705, 3.36664749e-006, 1, 6.02997103e-006, 0.9018207, -1.41888567e-006, 0.432110431, 0.432110431, 9.85332975e-006, -0.9018207, -2.9781461e-006, 1, 9.49905204e-006, 0, 0, 0, 0, 0, 0, 0, 0.262447144, -0.138382642, -0.181442358, -0.313146362, 0.604530117, -0.732380329, -0.88684082, 0.0897216797, 0.45324707, 0.339667781, 0.791518332, 0.508154856, 0, 0, -0, 0, 0, 0, 0, 0.34286543, -0.0994856445, -0.155431348, 0.199153216, 0.183859377, -0.962455955, 0.301147461, -0.946166992, -0.118408203, -0.932533524, -0.266175144, -0.243785226, 0, 2, 3, 1, 
494.390018, 64, 0.1, 0.1, 0.0231038511, 0.367557195, -0.034964585, 0.901820684, -7.02014467e-006, 0.432110465, 0.432110465, 7.66823037e-006, -0.901820684, 3.01738907e-006, 1, 9.94884674e-006, 0.901820689, -5.75148285e-006, 0.432110454, 0.432110454, 5.02277601e-006, -0.901820689, 3.0164122e-006, 1, 7.01491919e-006, 0, 0, 0, 0, 0, 0, 0, 0.263785718, -0.139205933, -0.181490576, -0.317009006, 0.601333207, -0.733369956, -0.888793945, 0.0814208984, 0.450927734, 0.330886577, 0.794743696, 0.508929557, 0, 0, -0, 0, 0, 0, 0, 0.343784521, -0.0997789551, -0.155216895, 0.198591417, 0.185666174, -0.962206955, 0.310302734, -0.943237305, -0.117919922, -0.929524004, -0.275190945, -0.244986482, 0, 2, 3, 1, 
494.390711, 64, 0.1, 0.1, 0.0231038506, 0.367557195, -0.0349668237, 0.901820695, -1.18911991e-007, 0.432110441, 0.432110441, 6.24238707e-006, -0.901820695, -2.59016334e-006, 1, 5.68089696e-006, 0.901820689, -1.61311662e-006, 0.432110454, 0.432110454, -4.13977083e-006, -0.901820689, 3.2435802e-006, 1, -3.03628643e-006, 0, 0, 0, 0, 0, 0, 0, 0.263785718, -0.139205933, -0.181490576, -0.317009006, 0.601333207, -0.733369956, -0.888793945, 0.0814208984, 0.450927734, 0.330886577, 0.794743696, 0.508929557, 0, 0, -0, 0, 0, 0, 0, 0.343784521, -0.0997789551, -0.155216895, 0.198591417, 0.185666174, -0.962206955, 0.310302734, -0.943237305, -0.117919922, -0.929524004, -0.275190945, -0.244986482, 0, 2, 3, 1, 
494.391401, 64, 0.1, 0.1, 0.0231038501, 0.367557196, -0.0349697711, 0.901820697, 4.03498612e-006, 0.432110438, 0.432110438, -2.32625036e-006, -0.901820697, -2.63363693e-006, 1, -3.84142034e-006, 0.901820701, 5.14675753e-006, 0.432110429, 0.432110429, -4.69406877e-006, -0.901820701, -2.61309641e-006, 1, -6.45717599e-006, 0, 0, 0, 0, 0, 0, 0, 0.263785718, -0.139205933, -0.181490576, -0.317009006, 0.601333207, -0.733369956, -0.888793945, 0.0814208984, 0.450927734, 0.330886577, 0.794743696, 0.508929557, 0, 0, -0, 0, 0, 0, 0, 0.343784521, -0.0997789551, -0.155216895, 0.198591417, 0.185666174, -0.962206955, 0.310302734, -0.943237305, -0.117919922, -0.929524004, -0.275190945, -0.244986482, 0, 2, 3, 1, 
494.392092, 64, 0.1, 0.1, 0.02310385, 0.367557196, -0.0349725471, 0.901820687, 6.22976907e-007, 0.432110458, 0.432110458, -6.97523728e-006, -0.901820687, 2.45225951e-006, 1, -6.55960811e-006, 0.901820684, 3.87788151e-006, 0.432110464, 0.432110464, -2.68709383e-006, -0.901820684, -2.33603239e-006, 1, -4.09894998e-006, 0, 0, 0, 0, 0, 0, 0, 0.263785718, -0.139205933, -0.181490576, -0.317009006, 0.601333207, -0.733369956, -0.888793945, 0.0814208984, 0.450927734, 0.330886577, 0.794743696, 0.508929557, 0, 0, -0, 0, 0, 0, 0, 0.343784521, -0.0997789551, -0.155216895, 0.198591417, 0.185666174, -0.962206955, 0.310302734, -0.943237305, -0.117919922, -0.929524004, -0.275190945, -0.244986482, 0, 2, 3, 1, 
494.392784, 64, 0.1, 0.1, 0.0231038498, 0.367557196, -0.0349743551, 0.901820703, -1.05113728e-008, 0.432110424, 0.432110424, -4.86423732e-006, -0.901820703, 2.11136703e-006, 1, -4.38212785e-006, 0.901820703, -3.14685907e-006, 0.432110425, 0.432110425, 1.31572763e-006, -0.901820703, 2.26936304e-006, 1, 2.54634102e-006, 0, 0, 0, 0, 0, 0, 0, 0.263785718, -0.139205933, -0.181490576, -0.317009006, 0.601333207, -0.733369956, -0.888793945, 0.0814208984, 0.450927734, 0.330886577, 0.794743696, 0.508929557, 0, 0, -0, 0, 0, 0, 0, 0.343784521, -0.0997789551, -0.155216895, 0.198591417, 0.185666174, -0.962206955, 0.310302734, -0.943237305, -0.117919922, -0.929524004, -0.275190945, -0.244986482, 0, 2, 3, 1, 
494.393472, 64, 0.1, 0.1, 0.0231038492, 0.367557197, -0.0349747427, 0.901820686, 1.32517e-006, 0.432110461, 0.432110461, 3.2519026e-006, -0.901820686, -2.60024685e-006, 1, 2.36001321e-006, 0.901820689, -3.74980007e-006, 0.432110455, 0.432110455, 3.53841284e-006, -0.901820689, 1.8526621e-006, 1, 4.81134172e-006, 0, 0, 0, 0, 0, 0, 0, 0.263785718, -0.139205933, -0.181490576, -0.317009006, 0.601333207, -0.733369956, -0.888793945, 0.0814208984, 0.450927734, 0.330886577, 0.794743696, 0.508929557, 0, 0, -0, 0, 0, 0, 0, 0.343784521, -0.0997789551, -0.155216895, 0.198591417, 0.185666174, -0.962206955, 0.310302734, -0.943237305, -0.117919922, -0.929524004, -0.275190945, -0.244986482, 0, 2, 3, 1, 
494.394164, 64, 0.1, 0.1, 0.0231038485, 0.367557198, -0.0349736768, 0.901820702, -5.06781581e-007, 0.432110427, 0.432110427, 6.33959269e-006, -0.901820702, -2.28237798e-006, 1, 5.93616153e-006, 0.901820698, 6.33847233e-007, 0.432110435, 0.432110435, 4.32559652e-006, -0.901820698, -2.44075195e-006, 1, 3.62702047e-006, 0, 0, 0, 0, 0, 0, 0, 0.263785718, -0.139205933, -0.181490576, -0.317009006, 0.601333207, -0.733369956, -0.888793945, 0.0814208984, 0.450927734, 0.330886577, 0.794743696, 0.508929557, 0, 0, -0, 0, 0, 0, 0, 0.343784521, -0.0997789551, -0.155216895, 0.198591417, 0.185666174, -0.962206955, 0.310302734, -0.943237305, -0.117919922, -0.929524004, -0.275190945, -0.244986482, 0, 2, 3, 1, 
494.394886, 64, 0.1, 0.1, 0.0231038481, 0.367557199, -0.03497121, 0.90182069, -4.56751122e-006, 0.432110453, 0.432110453, 3.06589161e-006, -0.90182069, 2.79427231e-006, 1, 4.73855383e-006, 0.901820696, 3.60879628e-006, 0.43211044, 0.43211044, -1.99856385e-006, -0.901820696, -2.39088687e-006, 1, -3.36174479e-006, 0, 0, 0, 0, 0, 0, 0, 0.264894824, -0.139970142, -0.181699048, -0.321061489, 0.599347962, -0.7331599, -0.890136719, 0.0731201172, 0.449707031, 0.323247768, 0.797035598, 0.510255799, 0, 0, -0, 0, 0, 0, 0, 0.343784521, -0.0997789551, -0.155216895, 0.198591417, 0.185666174, -0.962206955, 0.310302734, -0.943237305, -0.117919922, -0.929524004, -0.275190945, -0.244986482, 0, 2, 3, 1, 
494.395591, 64, 0.1, 0.1, 0.023103848, 0.367557199, -0.0349682442, 0.90182069, -1.67641316e-006, 0.432110453, 0.432110453, -3.8452564e-006, -0.90182069, 3.17339955e-006, 1, -2.74333613e-006, 0.901820685, -3.16078846e-007, 0.432110462, 0.432110462, -6.92510231e-006, -0.901820685, 3.2774556e-006, 1, -6.10861953e-006, 0, 0, 0, 0, 0, 0, 0, 0.264894824, -0.139970142, -0.181699048, -0.321061489, 0.599347962, -0.7331599, -0.890136719, 0.0731201172, 0.449707031, 0.323247768, 0.797035598, 0.510255799, 0, 0, -0, 0, 0, 0, 0, 0.344248828, -0.100053955, -0.155000732, 0.197908217, 0.187703016, -0.961970715, 0.319580078, -0.940185547, -0.117675781, -0.926527243, -0.284059825, -0.246066337, 0, 2, 3, 1, 
494.396282, 64, 0.1, 0.1, 0.0231038478, 0.367557199, -0.0349659984, 0.9018207, 5.82610418e-006, 0.432110432, 0.432110432, -4.46446993e-006, -0.9018207, -3.32495732e-006, 1, -6.54367179e-006, 0.901820704, -9.15498581e-007, 0.432110423, 0.432110423, -4.58366794e-006, -0.901820704, 2.80626627e-006, 1, -3.73805017e-006, 0, 0, 0, 0, 0, 0, 0, 0.264894824, -0.139970142, -0.181699048, -0.321061489, 0.599347962, -0.7331599, -0.890136719, 0.0731201172, 0.449707031, 0.323247768, 0.797035598, 0.510255799, 0, 0, -0, 0, 0, 0, 0, 0.344248828, -0.100053955, -0.155000732, 0.197908217, 0.187703016, -0.961970715, 0.319580078, -0.940185547, -0.117675781, -0.926527243, -0.284059825, -0.246066337, 0, 2, 3, 1, 
494.396974, 64, 0.1, 0.1, 0.0231038476, 0.367557199, -0.0349649861, 0.901820678, 4.57115617e-006, 0.432110477, 0.432110477, -2.657418e-006, -0.901820678, -2.974065e-006, 1, -4.37175897e-006, 0.901820678, 6.12174249e-007, 0.432110477, 0.432110477, 6.20575437e-006, -0.901820678, -3.23364287e-006, 1, 5.33195071e-006, 0, 0, 0, 0, 0, 0, 0, 0.264894824, -0.139970142, -0.181699048, -0.321061489, 0.599347962, -0.7331599, -0.890136719, 0.0731201172, 0.449707031, 0.323247768, 0.797035598, 0.510255799, 0, 0, -0, 0, 0, 0, 0, 0.344248828, -0.100053955, -0.155000732, 0.197908217, 0.187703016, -0.961970715, 0.319580078, -0.940185547, -0.117675781, -0.926527243, -0.284059825, -0.246066337, 0, 2, 3, 1, 
494.397677, 64, 0.1, 0.1, 0.0231038477, 0.367557199, -0.034965415, 0.901820703, -5.02502009e-006, 0.432110424, 0.432110424, 2.74876896e-006, -0.901820703, 3.34389543e-006, 1, 4.65026032e-006, 0.9018207, -1.07376161e-006, 0.432110432, 0.432110432, 8.54931096e-006, -0.9018207, -2.72590601e-006, 1, 8.17392919e-006, 0, 0, 0, 0, 0, 0, 0, 0.266235352, -0.140762183, -0.181714062, -0.324930126, 0.596798072, -0.733508498, -0.891601562, 0.0651855469, 0.447998047, 0.315209064, 0.799664116, 0.511176155, 0, 0, -0, 0, 0, 0, 0, 0.344248828, -0.100053955, -0.155000732, 0.197908217, 0.187703016, -0.961970715, 0.319580078, -0.940185547, -0.117675781, -0.926527243, -0.284059825, -0.246066337, 0, 2, 3, 1, 
494.398383, 64, 0.1, 0.1, 0.0231038472, 0.3675572, -0.034966827, 0.90182068, -5.2568869e-006, 0.432110473, 0.432110473, 4.40909077e-006, -0.90182068, 2.83555502e-006, 1, 6.24776512e-006, 0.901820686, -4.07355376e-006, 0.432110461, 0.432110461, 1.77617053e-006, -0.901820686, 2.90611318e-006, 1, 3.36201251e-006, 0, 0, 0, 0, 0, 0, 0, 0.266235352, -0.140762183, -0.181714062, -0.324930126, 0.596798072, -0.733508498, -0.891601562, 0.0651855469, 0.447998047, 0.315209064, 0.799664116, 0.511176155, 0, 0, -0, 0, 0, 0, 0, 0.345174512, -0.100363623, -0.154792871, 0.197480579, 0.18908181, -0.961855877, 0.328125, -0.937255859, -0.116821289, -0.923626365, -0.292506898, -0.247158951, 0, 2, 3, 1, 
494.399075, 64, 0.1, 0.1, 0.0231038463, 0.367557201, -0.0349689923, 0.901820688, 9.07205678e-007, 0.432110457, 0.432110457, 4.33214324e-006, -0.901820688, -2.69010124e-006, 1, 3.51480334e-006, 0.901820683, -3.22567666e-007, 0.432110468, 0.432110468, -5.66418435e-006, -0.901820683, 2.73845154e-006, 1, -4.96869373e-006, 0, 0, 0, 0, 0, 0, 0, 0.266235352, -0.140762183, -0.181714062, -0.324930126, 0.596798072, -0.733508498, -0.891601562, 0.0651855469, 0.447998047, 0.315209064, 0.799664116, 0.511176155, 0, 0, -0, 0, 0, 0, 0, 0.345174512, -0.100363623, -0.154792871, 0.197480579, 0.18908181, -0.961855877, 0.328125, -0.937255859, -0.116821289, -0.923626365, -0.292506898, -0.247158951, 0, 2, 3, 1, 
494.399766, 64, 0.1, 0.1, 0.0231038457, 0.367557202, -0.0349712339, 0.901820686, 3.89343165e-006, 0.43211046, 0.43211046, -2.22180323e-006, -0.901820686, -2.55111279e-006, 1, -3.68606065e-006, 0.901820691, 5.16427861e-006, 0.43211045, 0.43211045, -4.80296834e-006, -0.901820691, -2.58184049e-006, 1, -6.56295498e-006, 0, 0, 0, 0, 0, 0, 0, 0.266235352, -0.140762183, -0.181714062, -0.324930126, 0.596798072, -0.733508498, -0.891601562, 0.0651855469, 0.447998047, 0.315209064, 0.799664116, 0.511176155, 0, 0, -0, 0, 0, 0, 0, 0.345174512, -0.100363623, -0.154792871, 0.197480579, 0.18908181, -0.961855877, 0.328125, -0.937255859, -0.116821289, -0.923626365, -0.292506898, -0.247158951, 0, 2, 3, 1, 
494.400459, 64, 0.1, 0.1, 0.0231038458, 0.367557202, -0.0349729161, 0.901820675, -2.3972004e-007, 0.432110484, 0.432110484, -5.83156708e-006, -0.901820675, 2.73606576e-006, 1, -5.15544221e-006, 0.901820672, 3.19031613e-006, 0.43211049, 0.43211049, -1.78421334e-006, -0.901820672, -2.10611574e-006, 1, -2.98760954e-006, 0, 0, 0, 0, 0, 0, 0, 0.266235352, -0.140762183, -0.181714062, -0.324930126, 0.596798072, -0.733508498, -0.891601562, 0.0651855469, 0.447998047, 0.315209064, 0.799664116, 0.511176155, 0, 0, -0, 0, 0, 0, 0, 0.345174512, -0.100363623, -0.154792871, 0.197480579, 0.18908181, -0.961855877, 0.328125, -0.937255859, -0.116821289, -0.923626365, -0.292506898, -0.247158951, 0, 2, 3, 1, 
494.40115, 64, 0.1, 0.1, 0.023103846, 0.367557202, -0.0349735721, 0.901820689, -8.15987964e-007, 0.432110455, 0.432110455, -3.41927265e-006, -0.901820689, 2.21337829e-006, 1, -2.73097389e-006, 0.901820689, -4.1247526e-006, 0.432110454, 0.432110454, 2.92809458e-006, -0.901820689, 2.45452696e-006, 1, 4.422965e-006, 0, 0, 0, 0, 0, 0, 0, 0.266235352, -0.140762183, -0.181714062, -0.324930126, 0.596798072, -0.733508498, -0.891601562, 0.0651855469, 0.447998047, 0.315209064, 0.799664116, 0.511176155, 0, 0, -0, 0, 0, 0, 0, 0.345174512, -0.100363623, -0.154792871, 0.197480579, 0.18908181, -0.961855877, 0.328125, -0.937255859, -0.116821289, -0.923626365, -0.292506898, -0.247158951, 0, 2, 3, 1, 
494.401842, 64, 0.1, 0.1, 0.0231038456, 0.367557202, -0.03497308, 0.901820668, 7.52124841e-007, 0.432110498, 0.432110498, 4.77680902e-006, -0.901820668, -2.74239105e-006, 1, 3.98282406e-006, 0.901820671, -4.70017375e-006, 0.432110491, 0.432110491, 5.29083061e-006, -0.901820671, 1.95249043e-006, 1, 6.8023748e-006, 0, 0, 0, 0, 0, 0, 0, 0.266235352, -0.140762183, -0.181714062, -0.324930126, 0.596798072, -0.733508498, -0.891601562, 0.0651855469, 0.447998047, 0.315209064, 0.799664116, 0.511176155, 0, 0, -0, 0, 0, 0, 0, 0.345174512, -0.100363623, -0.154792871, 0.197480579, 0.18908181, -0.961855877, 0.328125, -0.937255859, -0.116821289, -0.923626365, -0.292506898, -0.247158951, 0, 2, 3, 1, 
494.402534, 64, 0.1, 0.1, 0.0231038451, 0.367557202, -0.0349716702, 0.901820684, -5.52807978e-007, 0.432110465, 0.432110465, 6.85353355e-006, -0.901820684, -2.4629499e-006, 1, 6.41953242e-006, 0.90182068, 5.27449587e-007, 0.432110473, 0.432110473, 4.91450323e-006, -0.90182068, -2.59927326e-006, 1, 4.20408415e-006, 0, 0, 0, 0, 0, 0, 0, 0.266235352, -0.140762183, -0.181714062, -0.324930126, 0.596798072, -0.733508498, -0.891601562, 0.0651855469, 0.447998047, 0.315209064, 0.799664116, 0.511176155, 0, 0, -0, 0, 0, 0, 0, 0.345174512, -0.100363623, -0.154792871, 0.197480579, 0.18908181, -0.961855877, 0.328125, -0.937255859, -0.116821289, -0.923626365, -0.292506898, -0.247158951, 0, 2, 3, 1, 
494.403252, 64, 0.1, 0.1, 0.0231038446, 0.367557204, -0.0349695416, 0.90182067, -4.23543978e-006, 0.432110494, 0.432110494, 2.34392176e-006, -0.90182067, 2.80677395e-006, 1, 3.94397507e-006, 0.901820676, 4.31226193e-006, 0.432110481, 0.432110481, -2.85975029e-006, -0.901820676, -2.6531589e-006, 1, -4.44235552e-006, 0, 0, 0, 0, 0, 0, 0, 0.267025293, -0.141998633, -0.181333374, -0.326564147, 0.594311461, -0.734815643, -0.893188477, 0.0598144531, 0.44543457, 0.308793903, 0.801911836, 0.511506778, 0, 0, -0, 0, 0, 0, 0, 0.345728418, -0.100867969, -0.154360547, 0.198145556, 0.190614088, -0.961383397, 0.33605957, -0.934570313, -0.115966797, -0.920610648, -0.300078639, -0.24931866, 0, 2, 3, 1, 
494.403954, 64, 0.1, 0.1, 0.0231038443, 0.367557205, -0.0349674069, 0.901820668, -7.5196477e-007, 0.432110498, 0.432110498, -5.13270455e-006, -0.901820668, 2.89603289e-006, 1, -4.30384718e-006, 0.901820664, 6.11751994e-007, 0.432110507, 0.432110507, -8.21930002e-006, -0.901820664, 2.99995531e-006, 1, -7.67667906e-006, 0, 0, 0, 0, 0, 0, 0, 0.267025293, -0.141998633, -0.181333374, -0.326564147, 0.594311461, -0.734815643, -0.893188477, 0.0598144531, 0.44543457, 0.308793903, 0.801911836, 0.511506778, 0, 0, -0, 0, 0, 0, 0, 0.345728418, -0.100867969, -0.154360547, 0.198145556, 0.190614088, -0.961383397, 0.33605957, -0.934570313, -0.115966797, -0.920610648, -0.300078639, -0.24931866, 0, 2, 3, 1, 
494.40465, 64, 0.1, 0.1, 0.0231038439, 0.367557205, -0.0349660991, 0.901820677, 6.25015635e-006, 0.432110479, 0.432110479, -5.30523438e-006, -0.901820677, -3.34407287e-006, 1, -7.48512812e-006, 0.901820682, -3.94857969e-007, 0.43211047, 0.43211047, -5.47221587e-006, -0.901820682, 2.72069285e-006, 1, -4.76433519e-006, 0, 0, 0, 0, 0, 0, 0, 0.267025293, -0.141998633, -0.181333374, -0.326564147, 0.594311461, -0.734815643, -0.893188477, 0.0598144531, 0.44543457, 0.308793903, 0.801911836, 0.511506778, 0, 0, -0, 0, 0, 0, 0, 0.345728418, -0.100867969, -0.154360547, 0.198145556, 0.190614088, -0.961383397, 0.33605957, -0.934570313, -0.115966797, -0.920610648, -0.300078639, -0.24931866, 0, 2, 3, 1, 
494.405341, 64, 0.1, 0.1, 0.0231038436, 0.367557204, -0.0349659404, 0.901820655, 4.50854195e-006, 0.432110526, 0.432110526, -2.44608386e-006, -0.901820655, -3.00891767e-006, 1, -4.15411738e-006, 0.901820655, 7.5153119e-007, 0.432110525, 0.432110525, 5.90241143e-006, -0.901820655, -3.22824045e-006, 1, 4.99817201e-006, 0, 0, 0, 0, 0, 0, 0, 0.267025293, -0.141998633, -0.181333374, -0.326564147, 0.594311461, -0.734815643, -0.893188477, 0.0598144531, 0.44543457, 0.308793903, 0.801911836, 0.511506778, 0, 0, -0, 0, 0, 0, 0, 0.345728418, -0.100867969, -0.154360547, 0.198145556, 0.190614088, -0.961383397, 0.33605957, -0.934570313, -0.115966797, -0.920610648, -0.300078639, -0.24931866, 0, 2, 3, 1, 
494.406033, 64, 0.1, 0.1, 0.0231038438, 0.367557204, -0.0349669189, 0.901820677, -4.92436051e-006, 0.432110478, 0.432110479, 3.31904667e-006, -0.901820677, 3.00669529e-006, 1, 5.12105269e-006, 0.901820674, -1.11976885e-006, 0.432110486, 0.432110486, 8.68146593e-006, -0.901820674, -2.74152176e-006, 1, 8.31298932e-006, 0, 0, 0, 0, 0, 0, 0, 0.267025293, -0.141998633, -0.181333374, -0.326564147, 0.594311461, -0.734815643, -0.893188477, 0.0598144531, 0.44543457, 0.308793903, 0.801911836, 0.511506778, 0, 0, -0, 0, 0, 0, 0, 0.345728418, -0.100867969, -0.154360547, 0.198145556, 0.190614088, -0.961383397, 0.33605957, -0.934570313, -0.115966797, -0.920610648, -0.300078639, -0.24931866, 0, 2, 3, 1, 
494.406723, 64, 0.1, 0.1, 0.0231038435, 0.367557205, -0.034968681, 0.901820657, -5.56919438e-006, 0.432110521, 0.432110521, 5.79065504e-006, -0.901820657, 2.52021157e-006, 1, 7.62863982e-006, 0.901820662, -4.47957622e-006, 0.432110511, 0.432110511, 3.40172623e-006, -0.901820662, 2.56985273e-006, 1, 5.00341897e-006, 0, 0, 0, 0, 0, 0, 0, 0.267025293, -0.141998633, -0.181333374, -0.326564147, 0.594311461, -0.734815643, -0.893188477, 0.0598144531, 0.44543457, 0.308793903, 0.801911836, 0.511506778, 0, 0, -0, 0, 0, 0, 0, 0.345728418, -0.100867969, -0.154360547, 0.198145556, 0.190614088, -0.961383397, 0.33605957, -0.934570313, -0.115966797, -0.920610648, -0.300078639, -0.24931866, 0, 2, 3, 1, 
494.407418, 64, 0.1, 0.1, 0.0231038429, 0.367557205, -0.0349706536, 0.901820666, 5.3240403e-007, 0.432110503, 0.432110503, 5.24564859e-006, -0.901820666, -2.74683281e-006, 1, 4.50057693e-006, 0.90182066, -7.10238711e-007, 0.432110515, 0.432110515, -4.21131837e-006, -0.90182066, 2.46026289e-006, 1, -3.4909523e-006, 0, 0, 0, 0, 0, 0, 0, 0.267025293, -0.141998633, -0.181333374, -0.326564147, 0.594311461, -0.734815643, -0.893188477, 0.0598144531, 0.44543457, 0.308793903, 0.801911836, 0.511506778, 0, 0, -0, 0, 0, 0, 0, 0.345728418, -0.100867969, -0.154360547, 0.198145556, 0.190614088, -0.961383397, 0.33605957, -0.934570313, -0.115966797, -0.920610648, -0.300078639, -0.24931866, 0, 2, 3, 1, 
