time, trialNum, realDorsalTactorPos, realVentralTactorPos, boxPosX, boxPosY, boxPosZ, boxLocalRot_11, boxLocalRot_12, boxLocalRot_13, boxLocalRot_21, boxLocalRot_22, boxLocalRot_23, boxLocalRot_31, boxLocalRot_32, boxLocalRot_33, boxGlobalRot_11, boxGlobalRot_12, boxGlobalRot_13, boxGlobalRot_21, boxGlobalRot_22, boxGlobalRot_23, boxGlobalRot_31, boxGlobalRot_32, boxGlobalRot_33, indexForceX, indexForceY, indexForceZ, indexForceGlobalX, indexForceGlobalY, indexForceGlobalZ, indexContact, indexPosX, indexPosY, indexPosZ, indexRot_11, indexRot_12, indexRot_13, indexRot_21, indexRot_22, indexRot_23, indexRot_31, indexRot_32, indexRot_33, thumbForceX, thumbForceY, thumbForceZ, thumbForceGlobalX, thumbForceGlobalY, thumbForceGlobalZ, thumbContact, thumbPosX, thumbPosY, thumbPosZ, thumbRot_11, thumbRot_12, thumbRot_13, thumbRot_21, thumbRot_22, thumbRot_23, thumbRot_31, thumbRot_32, thumbRot_33, manipForceTooHigh, cceExpType, mapping, trialSuccess, 
503.661757, 54, 0.1, 0.1, 0.0184858816, 0.360364495, -0.0349687389, 0.929011933, 9.75398477e-006, 0.370049765, 0.370049765, -8.69088194e-006, -0.929011933, -5.84550943e-006, 1, -1.16833928e-005, 0.929011941, 7.19153625e-006, 0.370049744, 0.370049744, -9.84679388e-006, -0.929011941, -3.03721949e-006, 1, -1.18090152e-005, 0, 0, 0, 0, 0, 0, 0, 0.278430762, -0.109848291, -0.155880835, -0.464373478, 0.742924744, -0.481917732, -0.811035156, -0.138305664, 0.568359375, 0.355586327, 0.65478187, 0.666974124, 0, 0, -0, 0, 0, 0, 0, 0.335807666, -0.063276709, -0.118632861, -0.133610258, 0.571185266, -0.809817332, 0.562744141, -0.62878418, -0.536376953, -0.815675642, -0.527289876, -0.237438934, 0, 2, 3, 1, 
503.668015, 54, 0.1, 0.1, 0.018485894, 0.360364484, -0.0349762033, 0.92901225, 9.36245229e-008, 0.370048969, 0.370048969, -1.2096861e-005, -0.92901225, 4.38945262e-006, 1, -1.12727777e-005, 0.929012235, 5.30977674e-006, 0.370049006, 0.370049006, -1.67235669e-005, -0.929012235, 1.25569174e-006, 1, -1.75012758e-005, 0, 0, 0, 0, 0, 0, 0, 0.279853687, -0.111557715, -0.155329761, -0.466800174, 0.739892584, -0.484246705, -0.811889648, -0.141601563, 0.566162109, 0.350409041, 0.657486771, 0.667095814, 0, 0, -0, 0, 0, 0, 0, 0.33695, -0.0644773926, -0.118013916, -0.134172057, 0.571082455, -0.809804939, 0.567016602, -0.625854492, -0.535400391, -0.812666122, -0.530982964, -0.239892486, 0, 2, 3, 1, 
503.668721, 54, 0.1, 0.1, 0.0184858964, 0.360364479, -0.0349708681, 0.929012333, -1.67509902e-005, 0.370048761, 0.370048762, 1.8907058e-005, -0.929012332, 8.56534309e-006, 1, 2.37635733e-005, 0.92901232, -9.33290503e-006, 0.370048793, 0.370048793, 2.47459073e-005, -0.92901232, -4.86809384e-007, 1, 2.6442883e-005, 0, 0, 0, 0, 0, 0, 0, 0.279853687, -0.111557715, -0.155329761, -0.468768567, 0.738275033, -0.48490683, -0.811767578, -0.143676758, 0.565917969, 0.348125374, 0.658978886, 0.666829591, 0, 0, -0, 0, 0, 0, 0, 0.33695, -0.0644773926, -0.118013916, -0.134172057, 0.571082455, -0.809804939, 0.567016602, -0.625854492, -0.535400391, -0.812666122, -0.530982964, -0.239892486, 0, 2, 3, 1, 
503.669429, 54, 0.1, 0.1, 0.0184858958, 0.360364484, -0.0349652942, 0.929012349, 1.22721236e-005, 0.37004872, 0.37004872, -3.19198664e-005, -0.929012349, 4.10951331e-007, 0.999999999, -3.41952337e-005, 0.929012344, 1.35508677e-005, 0.370048732, 0.370048732, -2.64151135e-005, -0.929012344, -2.81404406e-006, 1, -2.95544479e-005, 0, 0, 0, 0, 0, 0, 0, 0.280639111, -0.112305566, -0.155587549, -0.468768567, 0.738275033, -0.48490683, -0.811767578, -0.143676758, 0.565917969, 0.348125374, 0.658978886, 0.666829591, 0, 0, -0, 0, 0, 0, 0, 0.337362061, -0.0652074219, -0.118245459, -0.135015305, 0.570615805, -0.809926341, 0.568115234, -0.625, -0.53503418, -0.811650067, -0.53238218, -0.239905246, 0, 2, 3, 1, 
503.67012, 54, 0.1, 0.1, 0.0184858949, 0.360364485, -0.0349615885, 0.92901237, -9.33280227e-006, 0.370048669, 0.370048669, 2.72498336e-005, -0.929012369, -1.41347589e-006, 1, 2.87690235e-005, 0.929012363, -6.96171714e-006, 0.370048684, 0.370048684, 1.33478288e-005, -0.929012363, 1.52817483e-006, 1, 1.49764722e-005, 0, 0, 0, 0, 0, 0, 0, 0.280639111, -0.112305566, -0.155587549, -0.468768567, 0.738275033, -0.48490683, -0.811767578, -0.143676758, 0.565917969, 0.348125374, 0.658978886, 0.666829591, 0, 0, -0, 0, 0, 0, 0, 0.337362061, -0.0652074219, -0.118245459, -0.135015305, 0.570615805, -0.809926341, 0.568115234, -0.625, -0.53503418, -0.811650067, -0.53238218, -0.239905246, 0, 2, 3, 1, 
503.67081, 54, 0.1, 0.1, 0.0184858975, 0.36036448, -0.0349605937, 0.929012386, 1.92852845e-006, 0.370048628, 0.370048628, -1.44074373e-005, -0.929012386, 3.53982559e-006, 1, -1.4098337e-005, 0.929012379, -2.74372677e-006, 0.370048644, 0.370048644, 7.63659173e-006, -0.929012379, -2.76954281e-007, 1, 8.10980062e-006, 0, 0, 0, 0, 0, 0, 0, 0.280639111, -0.112305566, -0.155587549, -0.468768567, 0.738275033, -0.48490683, -0.811767578, -0.143676758, 0.565917969, 0.348125374, 0.658978886, 0.666829591, 0, 0, -0, 0, 0, 0, 0, 0.337362061, -0.0652074219, -0.118245459, -0.135015305, 0.570615805, -0.809926341, 0.568115234, -0.625, -0.53503418, -0.811650067, -0.53238218, -0.239905246, 0, 2, 3, 1, 
503.671503, 54, 0.1, 0.1, 0.0184858924, 0.360364488, -0.0349623888, 0.929012355, 6.0330894e-007, 0.370048705, 0.370048704, -1.04855757e-005, -0.929012355, 3.31969225e-006, 1, -9.96448308e-006, 0.929012365, 1.59887442e-005, 0.37004868, 0.37004868, -2.07668308e-005, -0.929012365, -7.16900278e-006, 1, -2.52092563e-005, 0, 0, 0, 0, 0, 0, 0, 0.280639111, -0.112305566, -0.155587549, -0.468768567, 0.738275033, -0.48490683, -0.811767578, -0.143676758, 0.565917969, 0.348125374, 0.658978886, 0.666829591, 0, 0, -0, 0, 0, 0, 0, 0.337362061, -0.0652074219, -0.118245459, -0.135015305, 0.570615805, -0.809926341, 0.568115234, -0.625, -0.53503418, -0.811650067, -0.53238218, -0.239905246, 0, 2, 3, 1, 
503.672198, 54, 0.1, 0.1, 0.0184858953, 0.36036448, -0.0349662486, 0.929012396, -6.14882647e-006, 0.370048603, 0.370048603, 2.43686337e-005, -0.929012395, -3.30524284e-006, 1, 2.49141274e-005, 0.929012383, -5.49342751e-006, 0.370048634, 0.370048634, 3.19058134e-005, -0.929012383, -6.7032405e-006, 0.999999999, 3.16737311e-005, 0, 0, 0, 0, 0, 0, 0, 0.280639111, -0.112305566, -0.155587549, -0.468768567, 0.738275033, -0.48490683, -0.811767578, -0.143676758, 0.565917969, 0.348125374, 0.658978886, 0.666829591, 0, 0, -0, 0, 0, 0, 0, 0.337362061, -0.0652074219, -0.118245459, -0.135015305, 0.570615805, -0.809926341, 0.568115234, -0.625, -0.53503418, -0.811650067, -0.53238218, -0.239905246, 0, 2, 3, 1, 
503.672891, 54, 0.1, 0.1, 0.0184858947, 0.360364484, -0.0349709008, 0.929012407, 1.22190029e-005, 0.370048575, 0.370048575, -2.05303718e-005, -0.929012406, -3.75437049e-006, 1, -2.35945947e-005, 0.929012412, 9.94824096e-006, 0.370048562, 0.370048562, -2.13995471e-005, -0.929012412, -1.3231677e-006, 1, -2.35617771e-005, 0, 0, 0, 0, 0, 0, 0, 0.280639111, -0.112305566, -0.155587549, -0.468768567, 0.738275033, -0.48490683, -0.811767578, -0.143676758, 0.565917969, 0.348125374, 0.658978886, 0.666829591, 0, 0, -0, 0, 0, 0, 0, 0.337362061, -0.0652074219, -0.118245459, -0.135015305, 0.570615805, -0.809926341, 0.568115234, -0.625, -0.53503418, -0.811650067, -0.53238218, -0.239905246, 0, 2, 3, 1, 
503.673596, 54, 0.1, 0.1, 0.018485896, 0.360364483, -0.0349749744, 0.929012404, -5.76594349e-006, 0.370048581, 0.370048581, 1.9782522e-005, -0.929012404, -1.96386117e-006, 1, 2.05118876e-005, 0.929012396, -1.0791249e-005, 0.370048602, 0.370048602, 1.27030697e-005, -0.929012396, 5.32445089e-006, 1, 1.57945958e-005, 0, 0, 0, 0, 0, 0, 0, 0.280639111, -0.112305566, -0.155587549, -0.470337065, 0.736536914, -0.48596685, -0.811767578, -0.145263672, 0.565551758, 0.346025553, 0.660490096, 0.666379522, 0, 0, -0, 0, 0, 0, 0, 0.337362061, -0.0652074219, -0.118245459, -0.135015305, 0.570615805, -0.809926341, 0.568115234, -0.625, -0.53503418, -0.811650067, -0.53238218, -0.239905246, 0, 2, 3, 1, 
503.674304, 54, 0.1, 0.1, 0.0184858966, 0.360364482, -0.0349769712, 0.92901244, 3.41543511e-006, 0.370048491, 0.370048491, -1.51012747e-005, -0.92901244, 2.4152222e-006, 1, -1.52931486e-005, 0.929012439, -1.8908557e-006, 0.370048494, 0.370048494, -8.38714197e-006, -0.929012439, 4.86027772e-006, 1, -7.09205091e-006, 0, 0, 0, 0, 0, 0, 0, 0.28122229, -0.113059521, -0.155643091, -0.470337065, 0.736536914, -0.48596685, -0.811767578, -0.145263672, 0.565551758, 0.346025553, 0.660490096, 0.666379522, 0, 0, -0, 0, 0, 0, 0, 0.338065479, -0.065982373, -0.118085449, -0.1349001, 0.569567666, -0.810737873, 0.569946289, -0.624633789, -0.533691406, -0.810410531, -0.534087999, -0.240358769, 0, 2, 3, 1, 
503.675, 54, 0.1, 0.1, 0.0184858948, 0.360364485, -0.0349766768, 0.929012423, -6.78280438e-006, 0.370048534, 0.370048534, 7.84511334e-006, -0.929012423, 3.39823683e-006, 1, 9.79817457e-006, 0.929012423, -4.3942161e-007, 0.370048534, 0.370048534, -3.90076219e-006, -0.929012423, 1.85169946e-006, 1, -3.46124922e-006, 0, 0, 0, 0, 0, 0, 0, 0.28122229, -0.113059521, -0.155643091, -0.470337065, 0.736536914, -0.48596685, -0.811767578, -0.145263672, 0.565551758, 0.346025553, 0.660490096, 0.666379522, 0, 0, -0, 0, 0, 0, 0, 0.338065479, -0.065982373, -0.118085449, -0.1349001, 0.569567666, -0.810737873, 0.569946289, -0.624633789, -0.533691406, -0.810410531, -0.534087999, -0.240358769, 0, 2, 3, 1, 
503.675691, 54, 0.1, 0.1, 0.0184858956, 0.36036448, -0.0349743983, 0.929012462, -2.21771023e-006, 0.370048437, 0.370048437, 2.17946744e-006, -0.929012462, 1.25377191e-006, 1, 2.84541262e-006, 0.929012451, 2.8234525e-008, 0.370048464, 0.370048464, 1.4561923e-005, -0.929012451, -5.41484748e-006, 1, 1.35177597e-005, 0, 0, 0, 0, 0, 0, 0, 0.28122229, -0.113059521, -0.155643091, -0.470337065, 0.736536914, -0.48596685, -0.811767578, -0.145263672, 0.565551758, 0.346025553, 0.660490096, 0.666379522, 0, 0, -0, 0, 0, 0, 0, 0.338065479, -0.065982373, -0.118085449, -0.1349001, 0.569567666, -0.810737873, 0.569946289, -0.624633789, -0.533691406, -0.810410531, -0.534087999, -0.240358769, 0, 2, 3, 1, 
503.676431, 54, 0.1, 0.1, 0.018485893, 0.360364487, -0.034970413, 0.929012465, 5.12957924e-006, 0.370048429, 0.370048429, -1.5342608e-005, -0.929012465, 9.12064915e-007, 1, -1.61516668e-005, 0.929012467, 1.04048565e-005, 0.370048425, 0.370048425, -2.21153046e-005, -0.929012466, -1.48250782e-006, 1, -2.43956944e-005, 0, 0, 0, 0, 0, 0, 0, 0.281566724, -0.113149854, -0.15547002, -0.472159803, 0.734678228, -0.486950485, -0.812011719, -0.147460938, 0.564575195, 0.343100856, 0.662020402, 0.666411723, 0, 0, -0, 0, 0, 0, 0, 0.338491211, -0.0661112793, -0.118133789, -0.135845426, 0.568512965, -0.811293841, 0.572631836, -0.623168945, -0.532470703, -0.808423263, -0.536899192, -0.240908175, 0, 2, 3, 1, 
503.677128, 54, 0.1, 0.1, 0.0184858956, 0.360364481, -0.0349664201, 0.929012462, -1.80684507e-005, 0.370048437, 0.370048437, 2.35496102e-005, -0.929012461, 8.07131941e-006, 1, 2.85640833e-005, 0.929012465, -1.12083308e-005, 0.370048429, 0.37004843, 2.86172336e-005, -0.929012464, -1.77083326e-007, 1, 3.07333919e-005, 0, 0, 0, 0, 0, 0, 0, 0.281566724, -0.113149854, -0.15547002, -0.472159803, 0.734678228, -0.486950485, -0.812011719, -0.147460938, 0.564575195, 0.343100856, 0.662020402, 0.666411723, 0, 0, -0, 0, 0, 0, 0, 0.338491211, -0.0661112793, -0.118133789, -0.135845426, 0.568512965, -0.811293841, 0.572631836, -0.623168945, -0.532470703, -0.808423263, -0.536899192, -0.240908175, 0, 2, 3, 1, 
503.67782, 54, 0.1, 0.1, 0.0184858939, 0.360364484, -0.0349637177, 0.929012413, 1.81861234e-005, 0.370048559, 0.370048559, -2.89284794e-005, -0.929012413, -6.19019226e-006, 0.999999999, -3.36046652e-005, 0.92901242, 1.83577616e-005, 0.370048541, 0.370048541, -2.29603965e-005, -0.92901242, -8.55812726e-006, 1, -2.81237564e-005, 0, 0, 0, 0, 0, 0, 0, 0.281566724, -0.113149854, -0.15547002, -0.472159803, 0.734678228, -0.486950485, -0.812011719, -0.147460938, 0.564575195, 0.343100856, 0.662020402, 0.666411723, 0, 0, -0, 0, 0, 0, 0, 0.338491211, -0.0661112793, -0.118133789, -0.135845426, 0.568512965, -0.811293841, 0.572631836, -0.623168945, -0.532470703, -0.808423263, -0.536899192, -0.240908175, 0, 2, 3, 1, 
503.678512, 54, 0.1, 0.1, 0.0184858936, 0.360364486, -0.0349630008, 0.92901241, -7.64347178e-006, 0.370048567, 0.370048567, 2.554156e-005, -0.92901241, -2.35073755e-006, 1, 2.6556882e-005, 0.929012407, -6.60101514e-006, 0.370048574, 0.370048574, 1.14029548e-005, -0.929012407, 1.91277783e-006, 1, 1.30361827e-005, 0, 0, 0, 0, 0, 0, 0, 0.281566724, -0.113149854, -0.15547002, -0.472159803, 0.734678228, -0.486950485, -0.812011719, -0.147460938, 0.564575195, 0.343100856, 0.662020402, 0.666411723, 0, 0, -0, 0, 0, 0, 0, 0.338491211, -0.0661112793, -0.118133789, -0.135845426, 0.568512965, -0.811293841, 0.572631836, -0.623168945, -0.532470703, -0.808423263, -0.536899192, -0.240908175, 0, 2, 3, 1, 
503.679214, 54, 0.1, 0.1, 0.0184858967, 0.360364481, -0.0349643457, 0.929012377, 1.02946288e-005, 0.370048649, 0.370048649, -9.00520128e-006, -0.929012377, -6.23147496e-006, 1, -1.21754569e-005, 0.92901239, -7.20890327e-006, 0.370048616, 0.370048617, 5.79996416e-006, -0.92901239, 4.55089175e-006, 1, 8.05588325e-006, 0, 0, 0, 0, 0, 0, 0, 0.281566724, -0.113149854, -0.15547002, -0.472159803, 0.734678228, -0.486950485, -0.812011719, -0.147460938, 0.564575195, 0.343100856, 0.662020402, 0.666411723, 0, 0, -0, 0, 0, 0, 0, 0.338491211, -0.0661112793, -0.118133789, -0.135845426, 0.568512965, -0.811293841, 0.572631836, -0.623168945, -0.532470703, -0.808423263, -0.536899192, -0.240908175, 0, 2, 3, 1, 
503.679905, 54, 0.1, 0.1, 0.0184858939, 0.360364489, -0.0349671164, 0.92901236, -1.23003637e-005, 0.370048692, 0.370048692, -1.6046749e-005, -0.92901236, 1.73652684e-005, 1, -1.03558947e-005, 0.929012355, -1.33235379e-006, 0.370048705, 0.370048705, -2.58814461e-005, -0.929012355, 1.08151688e-005, 1, -2.35511474e-005, 0, 0, 0, 0, 0, 0, 0, 0.281566724, -0.113149854, -0.15547002, -0.472159803, 0.734678228, -0.486950485, -0.812011719, -0.147460938, 0.564575195, 0.343100856, 0.662020402, 0.666411723, 0, 0, -0, 0, 0, 0, 0, 0.338491211, -0.0661112793, -0.118133789, -0.135845426, 0.568512965, -0.811293841, 0.572631836, -0.623168945, -0.532470703, -0.808423263, -0.536899192, -0.240908175, 0, 2, 3, 1, 
503.6806, 54, 0.1, 0.1, 0.018485896, 0.360364483, -0.034970498, 0.929012475, 1.44484987e-005, 0.370048404, 0.370048404, 2.65703533e-005, -0.929012475, -2.32551524e-005, 1, 1.93375458e-005, 0.929012442, 3.39807338e-006, 0.370048487, 0.370048487, 2.8702603e-005, -0.929012442, -1.37782073e-005, 1, 2.54076234e-005, 0, 0, 0, 0, 0, 0, 0, 0.281566724, -0.113149854, -0.15547002, -0.472159803, 0.734678228, -0.486950485, -0.812011719, -0.147460938, 0.564575195, 0.343100856, 0.662020402, 0.666411723, 0, 0, -0, 0, 0, 0, 0, 0.338491211, -0.0661112793, -0.118133789, -0.135845426, 0.568512965, -0.811293841, 0.572631836, -0.623168945, -0.532470703, -0.808423263, -0.536899192, -0.240908175, 0, 2, 3, 1, 
503.681323, 54, 0.1, 0.1, 0.0184858899, 0.360364486, -0.034973277, 0.929012718, -1.90168357e-006, 0.370047793, 0.370047793, -2.35782602e-005, -0.929012718, 1.04917714e-005, 1, -2.12007898e-005, 0.929012663, 1.31624632e-005, 0.370047932, 0.370047932, -1.9004958e-005, -0.929012663, -5.19534955e-006, 1, -2.25265889e-005, 0, 0, 0, 0, 0, 0, 0, 0.281951074, -0.11318855, -0.155706201, -0.473246032, 0.733891544, -0.487235804, -0.812255859, -0.149414063, 0.563720703, 0.34092465, 0.662515777, 0.666951281, 0, 0, -0, 0, 0, 0, 0, 0.338630469, -0.0659336914, -0.11855708, -0.137602285, 0.568487079, -0.810916877, 0.57434082, -0.62121582, -0.532958984, -0.806889518, -0.538988539, -0.240991297, 0, 2, 3, 1, 
503.682021, 54, 0.1, 0.1, 0.0184858975, 0.360364486, -0.0349746485, 0.92901306, -1.88364711e-005, 0.370046935, 0.370046936, 1.79464076e-005, -0.92901306, 1.08583145e-005, 1, 2.36428254e-005, 0.929012984, -2.64150859e-005, 0.370047125, 0.370047125, 1.00909417e-005, -0.929012984, 2.08058338e-005, 1, 1.91494425e-005, 0, 0, 0, 0, 0, 0, 0, 0.281951074, -0.11318855, -0.155706201, -0.473246032, 0.733891544, -0.487235804, -0.812255859, -0.149414063, 0.563720703, 0.34092465, 0.662515777, 0.666951281, 0, 0, -0, 0, 0, 0, 0, 0.338630469, -0.0659336914, -0.11855708, -0.137602285, 0.568487079, -0.810916877, 0.57434082, -0.62121582, -0.532958984, -0.806889518, -0.538988539, -0.240991297, 0, 2, 3, 1, 
503.682714, 54, 0.1, 0.1, 0.0184858945, 0.360364483, -0.0349744966, 0.929013478, 1.44333609e-005, 0.370045885, 0.370045885, -1.07477132e-005, -0.929013478, -9.43163974e-006, 1, -1.53257762e-005, 0.92901339, 1.63318609e-005, 0.370046106, 0.370046106, -5.47450453e-007, -0.92901339, -1.49699356e-005, 1, -6.55213034e-006, 0, 0, 0, 0, 0, 0, 0, 0.281951074, -0.11318855, -0.155706201, -0.473246032, 0.733891544, -0.487235804, -0.812255859, -0.149414063, 0.563720703, 0.34092465, 0.662515777, 0.666951281, 0, 0, -0, 0, 0, 0, 0, 0.338630469, -0.0659336914, -0.11855708, -0.137602285, 0.568487079, -0.810916877, 0.57434082, -0.62121582, -0.532958984, -0.806889518, -0.538988539, -0.240991297, 0, 2, 3, 1, 
503.683409, 54, 0.1, 0.1, 0.0184858939, 0.360364486, -0.0349729792, 0.92901394, 1.98159918e-006, 0.370044726, 0.370044726, 1.65511237e-005, -0.92901394, -7.96558931e-006, 1, 1.46429443e-005, 0.929013847, -9.23863729e-007, 0.370044959, 0.370044959, -1.16305133e-006, -0.929013847, 1.28866348e-006, 1, -7.38619673e-007, 0, 0, 0, 0, 0, 0, 0, 0.281951074, -0.11318855, -0.155706201, -0.473246032, 0.733891544, -0.487235804, -0.812255859, -0.149414063, 0.563720703, 0.34092465, 0.662515777, 0.666951281, 0, 0, -0, 0, 0, 0, 0, 0.338630469, -0.0659336914, -0.11855708, -0.137602285, 0.568487079, -0.810916877, 0.57434082, -0.62121582, -0.532958984, -0.806889518, -0.538988539, -0.240991297, 0, 2, 3, 1, 
503.684102, 54, 0.1, 0.1, 0.0184858955, 0.360364479, -0.0349706251, 0.929014338, -1.11688698e-005, 0.370043727, 0.370043727, 1.60017501e-006, -0.929014338, 9.78390543e-006, 1, 5.61955572e-006, 0.92901427, -1.13648148e-005, 0.370043897, 0.370043898, 1.5042145e-005, -0.92901427, 4.99182121e-006, 1, 1.81798477e-005, 0, 0, 0, 0, 0, 0, 0, 0.281951074, -0.11318855, -0.155706201, -0.473246032, 0.733891544, -0.487235804, -0.812255859, -0.149414063, 0.563720703, 0.34092465, 0.662515777, 0.666951281, 0, 0, -0, 0, 0, 0, 0, 0.338630469, -0.0659336914, -0.11855708, -0.137602285, 0.568487079, -0.810916877, 0.57434082, -0.62121582, -0.532958984, -0.806889518, -0.538988539, -0.240991297, 0, 2, 3, 1, 
503.684798, 54, 0.1, 0.1, 0.0184858912, 0.360364485, -0.0349681685, 0.92901458, 1.88422632e-005, 0.370043118, 0.370043118, -1.2480157e-005, -0.92901458, -1.28865411e-005, 1, -1.85666976e-005, 0.929014541, 2.21592835e-005, 0.370043215, 0.370043216, -1.93628093e-005, -0.929014541, -1.34212204e-005, 1, -2.6188224e-005, 0, 0, 0, 0, 0, 0, 0, 0.281951074, -0.11318855, -0.155706201, -0.473246032, 0.733891544, -0.487235804, -0.812255859, -0.149414063, 0.563720703, 0.34092465, 0.662515777, 0.666951281, 0, 0, -0, 0, 0, 0, 0, 0.338630469, -0.0659336914, -0.11855708, -0.137602285, 0.568487079, -0.810916877, 0.57434082, -0.62121582, -0.532958984, -0.806889518, -0.538988539, -0.240991297, 0, 2, 3, 1, 
503.685492, 54, 0.1, 0.1, 0.0184858951, 0.36036448, -0.0349663172, 0.929014749, -1.53006244e-005, 0.370042694, 0.370042695, 2.46601959e-005, -0.929014749, 5.08918039e-006, 1, 2.857157e-005, 0.929014715, -2.14051516e-005, 0.37004278, 0.37004278, 2.41734383e-005, -0.929014715, 1.09404945e-005, 0.999999999, 3.03783017e-005, 0, 0, 0, 0, 0, 0, 0, 0.281951074, -0.11318855, -0.155706201, -0.473246032, 0.733891544, -0.487235804, -0.812255859, -0.149414063, 0.563720703, 0.34092465, 0.662515777, 0.666951281, 0, 0, -0, 0, 0, 0, 0, 0.338630469, -0.0659336914, -0.11855708, -0.137602285, 0.568487079, -0.810916877, 0.57434082, -0.62121582, -0.532958984, -0.806889518, -0.538988539, -0.240991297, 0, 2, 3, 1, 
503.686213, 54, 0.1, 0.1, 0.0184858918, 0.360364483, -0.0349652732, 0.929014992, 4.15400214e-006, 0.370042085, 0.370042085, -3.42795273e-005, -0.929014991, 8.82573751e-006, 0.999999999, -3.33833504e-005, 0.929014934, 1.42160442e-005, 0.370042229, 0.370042229, -2.4852174e-005, -0.929014934, -4.01056347e-006, 1, -2.83485775e-005, 0, 0, 0, 0, 0, 0, 0, 0.28192605, -0.113650659, -0.156151343, -0.473703214, 0.733568034, -0.487216708, -0.812255859, -0.150146484, 0.563598633, 0.340379101, 0.662814199, 0.667071848, 0, 0, -0, 0, 0, 0, 0, 0.338587744, -0.066194043, -0.119005273, -0.138566934, 0.568397393, -0.810904117, 0.575439453, -0.620117188, -0.532958984, -0.805886222, -0.540470878, -0.241112699, 0, 2, 3, 1, 
503.686905, 54, 0.1, 0.1, 0.0184858931, 0.360364486, -0.034965671, 0.9290153, -2.03095902e-006, 0.370041312, 0.370041312, 2.53835329e-005, -0.9290153, -7.50616381e-006, 1, 2.43332292e-005, 0.929015239, -2.40753227e-006, 0.370041464, 0.370041464, 1.09994449e-005, -0.929015239, -1.83361654e-006, 1, 1.11095387e-005, 0, 0, 0, 0, 0, 0, 0, 0.28192605, -0.113650659, -0.156151343, -0.473703214, 0.733568034, -0.487216708, -0.812255859, -0.150146484, 0.563598633, 0.340379101, 0.662814199, 0.667071848, 0, 0, -0, 0, 0, 0, 0, 0.338587744, -0.066194043, -0.119005273, -0.138566934, 0.568397393, -0.810904117, 0.575439453, -0.620117188, -0.532958984, -0.805886222, -0.540470878, -0.241112699, 0, 2, 3, 1, 
503.687603, 54, 0.1, 0.1, 0.0184858973, 0.360364481, -0.0349672251, 0.929015536, -1.07381463e-005, 0.370040718, 0.370040718, -1.31583293e-005, -0.929015536, 1.48450224e-005, 1, -8.25074099e-006, 0.929015502, -1.84374981e-005, 0.370040804, 0.370040804, 3.19759063e-006, -0.929015502, 1.59454825e-005, 1, 9.79323788e-006, 0, 0, 0, 0, 0, 0, 0, 0.28192605, -0.113650659, -0.156151343, -0.473703214, 0.733568034, -0.487216708, -0.812255859, -0.150146484, 0.563598633, 0.340379101, 0.662814199, 0.667071848, 0, 0, -0, 0, 0, 0, 0, 0.338587744, -0.066194043, -0.119005273, -0.138566934, 0.568397393, -0.810904117, 0.575439453, -0.620117188, -0.532958984, -0.805886222, -0.540470878, -0.241112699, 0, 2, 3, 1, 
503.688299, 54, 0.1, 0.1, 0.0184858933, 0.360364487, -0.0349694094, 0.929015624, 7.7666724e-006, 0.370040498, 0.370040498, -2.4884975e-006, -0.929015624, -6.29451516e-006, 1, -5.18583638e-006, 0.929015614, 1.67945888e-005, 0.370040524, 0.370040524, -1.21327379e-005, -0.929015614, -1.11128306e-005, 1, -1.74861814e-005, 0, 0, 0, 0, 0, 0, 0, 0.28192605, -0.113650659, -0.156151343, -0.473703214, 0.733568034, -0.487216708, -0.812255859, -0.150146484, 0.563598633, 0.340379101, 0.662814199, 0.667071848, 0, 0, -0, 0, 0, 0, 0, 0.338587744, -0.066194043, -0.119005273, -0.138566934, 0.568397393, -0.810904117, 0.575439453, -0.620117188, -0.532958984, -0.805886222, -0.540470878, -0.241112699, 0, 2, 3, 1, 
503.68899, 54, 0.1, 0.1, 0.018485897, 0.36036448, -0.0349715588, 0.929015678, -6.61724798e-007, 0.370040362, 0.370040362, 2.17389063e-005, -0.929015678, -7.42952004e-006, 1, 2.04406497e-005, 0.929015665, -1.24039236e-005, 0.370040396, 0.370040396, 2.39730525e-005, -0.929015664, 2.65244144e-006, 1, 2.68612941e-005, 0, 0, 0, 0, 0, 0, 0, 0.28192605, -0.113650659, -0.156151343, -0.473703214, 0.733568034, -0.487216708, -0.812255859, -0.150146484, 0.563598633, 0.340379101, 0.662814199, 0.667071848, 0, 0, -0, 0, 0, 0, 0, 0.338587744, -0.066194043, -0.119005273, -0.138566934, 0.568397393, -0.810904117, 0.575439453, -0.620117188, -0.532958984, -0.805886222, -0.540470878, -0.241112699, 0, 2, 3, 1, 
503.689679, 54, 0.1, 0.1, 0.0184858944, 0.360364484, -0.0349731024, 0.929015818, -5.56474817e-007, 0.370040011, 0.370040011, -2.26147038e-005, -0.929015818, 8.88531913e-006, 1, -2.08034996e-005, 0.929015784, 4.24370385e-006, 0.370040097, 0.370040097, -2.13149824e-005, -0.929015783, 3.94493029e-006, 1, -2.13722956e-005, 0, 0, 0, 0, 0, 0, 0, 0.28192605, -0.113650659, -0.156151343, -0.473703214, 0.733568034, -0.487216708, -0.812255859, -0.150146484, 0.563598633, 0.340379101, 0.662814199, 0.667071848, 0, 0, -0, 0, 0, 0, 0, 0.338587744, -0.066194043, -0.119005273, -0.138566934, 0.568397393, -0.810904117, 0.575439453, -0.620117188, -0.532958984, -0.805886222, -0.540470878, -0.241112699, 0, 2, 3, 1, 
503.690386, 54, 0.1, 0.1, 0.0184858947, 0.360364481, -0.0349735741, 0.929016001, -1.36064549e-006, 0.370039551, 0.370039551, 2.46465347e-005, -0.929016001, -7.85613121e-006, 1, 2.34005178e-005, 0.929015965, 7.88072702e-007, 0.370039641, 0.370039641, 2.09219141e-005, -0.929015965, -8.47406969e-006, 1, 1.91451741e-005, 0, 0, 0, 0, 0, 0, 0, 0.28192605, -0.113650659, -0.156151343, -0.474636675, 0.732984293, -0.48715942, -0.812133789, -0.151489258, 0.563354492, 0.339167436, 0.663030247, 0.66743355, 0, 0, -0, 0, 0, 0, 0, 0.338587744, -0.066194043, -0.119005273, -0.138566934, 0.568397393, -0.810904117, 0.575439453, -0.620117188, -0.532958984, -0.805886222, -0.540470878, -0.241112699, 0, 2, 3, 1, 
503.691102, 54, 0.1, 0.1, 0.018485897, 0.360364482, -0.0349725734, 0.929016114, 3.38128501e-006, 0.370039268, 0.370039268, -2.22553191e-005, -0.929016114, 5.09407373e-006, 1, -2.19267583e-005, 0.929016103, -5.54788483e-006, 0.370039295, 0.370039295, -1.53077889e-005, -0.929016103, 1.08185577e-005, 1, -1.2168247e-005, 0, 0, 0, 0, 0, 0, 0, 0.2820979, -0.114126318, -0.156593799, -0.474636675, 0.732984293, -0.48715942, -0.812133789, -0.151489258, 0.563354492, 0.339167436, 0.663030247, 0.66743355, 0, 0, -0, 0, 0, 0, 0, 0.338528418, -0.0664644043, -0.119451758, -0.139774387, 0.568199066, -0.810904117, 0.576660156, -0.618896484, -0.533081055, -0.804908446, -0.542087378, -0.241112699, 0, 2, 3, 1, 
503.691794, 54, 0.1, 0.1, 0.0184858938, 0.360364485, -0.0349707524, 0.929016113, -9.70674788e-006, 0.37003927, 0.37003927, 8.9713503e-006, -0.929016113, 5.69797327e-006, 1, 1.19264069e-005, 0.929016118, 6.05300043e-006, 0.370039257, 0.370039257, -2.93037229e-006, -0.929016118, -4.53898218e-006, 1, -4.96221087e-006, 0, 0, 0, 0, 0, 0, 0, 0.2820979, -0.114126318, -0.156593799, -0.474636675, 0.732984293, -0.48715942, -0.812133789, -0.151489258, 0.563354492, 0.339167436, 0.663030247, 0.66743355, 0, 0, -0, 0, 0, 0, 0, 0.338528418, -0.0664644043, -0.119451758, -0.139774387, 0.568199066, -0.810904117, 0.576660156, -0.618896484, -0.533081055, -0.804908446, -0.542087378, -0.241112699, 0, 2, 3, 1, 
503.692488, 54, 0.1, 0.1, 0.0184858968, 0.360364479, -0.0349687923, 0.929016121, 8.1340885e-006, 0.370039251, 0.370039251, 9.86829133e-006, -0.929016121, -1.12083545e-005, 1, 6.15786971e-006, 0.929016112, -1.12412587e-006, 0.370039272, 0.370039272, 1.99661767e-005, -0.929016112, -6.34393845e-006, 1, 1.89648706e-005, 0, 0, 0, 0, 0, 0, 0, 0.2820979, -0.114126318, -0.156593799, -0.474636675, 0.732984293, -0.48715942, -0.812133789, -0.151489258, 0.563354492, 0.339167436, 0.663030247, 0.66743355, 0, 0, -0, 0, 0, 0, 0, 0.338528418, -0.0664644043, -0.119451758, -0.139774387, 0.568199066, -0.810904117, 0.576660156, -0.618896484, -0.533081055, -0.804908446, -0.542087378, -0.241112699, 0, 2, 3, 1, 
503.693212, 54, 0.1, 0.1, 0.0184858956, 0.360364487, -0.034966968, 0.929016247, -7.38652156e-006, 0.370038934, 0.370038934, -2.20989755e-005, -0.929016247, 1.50396799e-005, 1, -1.77970067e-005, 0.929016216, -4.57344639e-006, 0.370039012, 0.370039012, -2.99335084e-005, -0.929016216, 1.53253717e-005, 1, -2.61163611e-005, 0, 0, 0, 0, 0, 0, 0, 0.282510083, -0.114635303, -0.156439038, -0.475158258, 0.731690252, -0.488504757, -0.812866211, -0.152587891, 0.562011719, 0.336654616, 0.664223938, 0.667523039, 0, 0, -0, 0, 0, 0, 0, 0.339038623, -0.0667962891, -0.119302002, -0.139333257, 0.567176447, -0.81163909, 0.579101563, -0.618164063, -0.53137207, -0.803266427, -0.544036001, -0.242294632, 0, 2, 3, 1, 
503.6939, 54, 0.1, 0.1, 0.0184858973, 0.36036448, -0.0349660403, 0.9290164, -9.30564034e-006, 0.370038549, 0.370038549, 3.09330206e-005, -0.9290164, -2.80131757e-006, 0.999999999, 3.21807291e-005, 0.929016374, -4.35474956e-006, 0.370038615, 0.370038615, 3.43608296e-005, -0.929016374, -8.66920014e-006, 0.999999999, 3.35331988e-005, 0, 0, 0, 0, 0, 0, 0, 0.282510083, -0.114635303, -0.156439038, -0.475158258, 0.731690252, -0.488504757, -0.812866211, -0.152587891, 0.562011719, 0.336654616, 0.664223938, 0.667523039, 0, 0, -0, 0, 0, 0, 0, 0.339038623, -0.0667962891, -0.119302002, -0.139333257, 0.567176447, -0.81163909, 0.579101563, -0.618164063, -0.53137207, -0.803266427, -0.544036001, -0.242294632, 0, 2, 3, 1, 
503.694596, 54, 0.1, 0.1, 0.0184858987, 0.360364483, -0.0349662778, 0.92901645, 1.72454639e-005, 0.370038423, 0.370038423, -2.21889449e-005, -0.92901645, -7.81055748e-006, 1, -2.69953791e-005, 0.929016455, 3.14575428e-006, 0.370038413, 0.370038413, -2.17780443e-005, -0.929016455, 5.13625547e-006, 1, -2.13962115e-005, 0, 0, 0, 0, 0, 0, 0, 0.282510083, -0.114635303, -0.156439038, -0.475158258, 0.731690252, -0.488504757, -0.812866211, -0.152587891, 0.562011719, 0.336654616, 0.664223938, 0.667523039, 0, 0, -0, 0, 0, 0, 0, 0.339038623, -0.0667962891, -0.119302002, -0.139333257, 0.567176447, -0.81163909, 0.579101563, -0.618164063, -0.53137207, -0.803266427, -0.544036001, -0.242294632, 0, 2, 3, 1, 
503.695303, 54, 0.1, 0.1, 0.0184858963, 0.360364483, -0.0349674484, 0.929016393, -1.55001482e-005, 0.370038568, 0.370038568, 2.13054979e-005, -0.929016393, 6.51603583e-006, 1, 2.55288094e-005, 0.929016405, -6.49978573e-006, 0.370038538, 0.370038538, 1.23536424e-005, -0.929016405, 1.46708379e-006, 1, 1.38819077e-005, 0, 0, 0, 0, 0, 0, 0, 0.282510083, -0.114635303, -0.156439038, -0.475158258, 0.731690252, -0.488504757, -0.812866211, -0.152587891, 0.562011719, 0.336654616, 0.664223938, 0.667523039, 0, 0, -0, 0, 0, 0, 0, 0.339038623, -0.0667962891, -0.119302002, -0.139333257, 0.567176447, -0.81163909, 0.579101563, -0.618164063, -0.53137207, -0.803266427, -0.544036001, -0.242294632, 0, 2, 3, 1, 
503.695997, 54, 0.1, 0.1, 0.0184858992, 0.360364478, -0.0349691718, 0.92901636, -4.61003385e-007, 0.37003865, 0.37003865, -9.45714609e-006, -0.92901636, 3.92778926e-006, 1, -8.61525437e-006, 0.929016368, -7.69885305e-006, 0.37003863, 0.37003863, 6.96815834e-006, -0.929016368, 4.57387274e-006, 1, 9.32240618e-006, 0, 0, 0, 0, 0, 0, 0, 0.282510083, -0.114635303, -0.156439038, -0.475158258, 0.731690252, -0.488504757, -0.812866211, -0.152587891, 0.562011719, 0.336654616, 0.664223938, 0.667523039, 0, 0, -0, 0, 0, 0, 0, 0.339038623, -0.0667962891, -0.119302002, -0.139333257, 0.567176447, -0.81163909, 0.579101563, -0.618164063, -0.53137207, -0.803266427, -0.544036001, -0.242294632, 0, 2, 3, 1, 
503.696691, 54, 0.1, 0.1, 0.0184858962, 0.360364484, -0.0349709527, 0.929016308, 6.95330182e-006, 0.37003878, 0.37003878, -6.39178466e-006, -0.929016308, -4.09452259e-006, 1, -8.51106352e-006, 0.929016314, 5.92025114e-006, 0.370038765, 0.370038765, -1.86589267e-005, -0.929016314, 1.40451631e-006, 1, -1.95251697e-005, 0, 0, 0, 0, 0, 0, 0, 0.282510083, -0.114635303, -0.156439038, -0.475158258, 0.731690252, -0.488504757, -0.812866211, -0.152587891, 0.562011719, 0.336654616, 0.664223938, 0.667523039, 0, 0, -0, 0, 0, 0, 0, 0.339038623, -0.0667962891, -0.119302002, -0.139333257, 0.567176447, -0.81163909, 0.579101563, -0.618164063, -0.53137207, -0.803266427, -0.544036001, -0.242294632, 0, 2, 3, 1, 
503.697385, 54, 0.1, 0.1, 0.0184858985, 0.360364479, -0.0349722946, 0.929016232, -8.94987971e-006, 0.370038972, 0.370038972, 1.26590597e-005, -0.929016232, 3.6302381e-006, 1, 1.50722762e-005, 0.929016249, -1.17666706e-005, 0.370038929, 0.370038929, 1.8178791e-005, -0.929016249, 4.20456784e-006, 1, 2.12425184e-005, 0, 0, 0, 0, 0, 0, 0, 0.282510083, -0.114635303, -0.156439038, -0.475158258, 0.731690252, -0.488504757, -0.812866211, -0.152587891, 0.562011719, 0.336654616, 0.664223938, 0.667523039, 0, 0, -0, 0, 0, 0, 0, 0.339038623, -0.0667962891, -0.119302002, -0.139333257, 0.567176447, -0.81163909, 0.579101563, -0.618164063, -0.53137207, -0.803266427, -0.544036001, -0.242294632, 0, 2, 3, 1, 
503.698102, 54, 0.1, 0.1, 0.018485896, 0.360364485, -0.0349726343, 0.929016176, 1.2180047e-005, 0.370039112, 0.370039112, -2.32669304e-005, -0.929016176, -2.70578638e-006, 1, -2.61224485e-005, 0.929016185, 8.0749624e-006, 0.37003909, 0.37003909, -2.63894796e-005, -0.929016185, 2.26336826e-006, 1, -2.75043054e-005, 0, 0, 0, 0, 0, 0, 0, 0.283178711, -0.115370947, -0.156332373, -0.475038813, 0.730313835, -0.490770451, -0.813964844, -0.152832031, 0.560424805, 0.334287451, 0.665677861, 0.66726393, 0, 0, -0, 0, 0, 0, 0, 0.339598389, -0.0671328125, -0.118952197, -0.137978516, 0.565821707, -0.812751027, 0.580932617, -0.618408203, -0.529174805, -0.802142096, -0.545160331, -0.243393443, 0, 2, 3, 1, 
503.698797, 54, 0.1, 0.1, 0.018485896, 0.360364484, -0.034972028, 0.929016139, -4.86005421e-006, 0.370039206, 0.370039206, 2.27219178e-005, -0.929016139, -3.8929316e-006, 1, 2.29074389e-005, 0.929016142, -3.32741887e-006, 0.370039198, 0.370039198, 1.83933603e-005, -0.929016142, -3.71503845e-006, 1, 1.8319004e-005, 0, 0, 0, 0, 0, 0, 0, 0.283178711, -0.115370947, -0.156332373, -0.475038813, 0.730313835, -0.490770451, -0.813964844, -0.152832031, 0.560424805, 0.334287451, 0.665677861, 0.66726393, 0, 0, -0, 0, 0, 0, 0, 0.339598389, -0.0671328125, -0.118952197, -0.137978516, 0.565821707, -0.812751027, 0.580932617, -0.618408203, -0.529174805, -0.802142096, -0.545160331, -0.243393443, 0, 2, 3, 1, 
503.69949, 54, 0.1, 0.1, 0.0184858957, 0.360364483, -0.0349708223, 0.92901612, 7.45081087e-006, 0.370039254, 0.370039254, -1.97329994e-005, -0.929016119, 3.80060954e-007, 1, -2.1089367e-005, 0.929016117, 8.50583963e-006, 0.370039261, 0.370039261, -8.71579128e-006, -0.929016117, -4.67687714e-006, 1, -1.12446052e-005, 0, 0, 0, 0, 0, 0, 0, 0.283178711, -0.115370947, -0.156332373, -0.475038813, 0.730313835, -0.490770451, -0.813964844, -0.152832031, 0.560424805, 0.334287451, 0.665677861, 0.66726393, 0, 0, -0, 0, 0, 0, 0, 0.339598389, -0.0671328125, -0.118952197, -0.137978516, 0.565821707, -0.812751027, 0.580932617, -0.618408203, -0.529174805, -0.802142096, -0.545160331, -0.243393443, 0, 2, 3, 1, 
503.700186, 54, 0.1, 0.1, 0.0184858938, 0.360364486, -0.0349694164, 0.929016115, -6.25196292e-006, 0.370039265, 0.370039265, 1.36731654e-005, -0.929016115, 7.48566207e-007, 1, 1.50160628e-005, 0.929016114, 1.31739602e-007, 0.370039269, 0.370039269, -2.78413516e-006, -0.929016114, 9.07851125e-007, 1, -2.63525525e-006, 0, 0, 0, 0, 0, 0, 0, 0.283178711, -0.115370947, -0.156332373, -0.475038813, 0.730313835, -0.490770451, -0.813964844, -0.152832031, 0.560424805, 0.334287451, 0.665677861, 0.66726393, 0, 0, -0, 0, 0, 0, 0, 0.339598389, -0.0671328125, -0.118952197, -0.137978516, 0.565821707, -0.812751027, 0.580932617, -0.618408203, -0.529174805, -0.802142096, -0.545160331, -0.243393443, 0, 2, 3, 1, 
503.70088, 54, 0.1, 0.1, 0.0184858959, 0.360364478, -0.0349682125, 0.929016132, 1.38793949e-006, 0.370039224, 0.370039224, 1.03093144e-005, -0.929016132, -5.10426887e-006, 1, 9.06392733e-006, 0.929016133, -8.77931738e-006, 0.370039219, 0.370039219, 2.04781209e-005, -0.929016133, 5.78419606e-007, 1, 2.22731965e-005, 0, 0, 0, 0, 0, 0, 0, 0.283178711, -0.115370947, -0.156332373, -0.475038813, 0.730313835, -0.490770451, -0.813964844, -0.152832031, 0.560424805, 0.334287451, 0.665677861, 0.66726393, 0, 0, -0, 0, 0, 0, 0, 0.339598389, -0.0671328125, -0.118952197, -0.137978516, 0.565821707, -0.812751027, 0.580932617, -0.618408203, -0.529174805, -0.802142096, -0.545160331, -0.243393443, 0, 2, 3, 1, 
503.701572, 54, 0.1, 0.1, 0.0184858925, 0.360364485, -0.0349675653, 0.92901617, 1.06498322e-005, 0.370039128, 0.370039128, -1.54426529e-005, -0.92901617, -4.17948053e-006, 1, -1.82873289e-005, 0.929016165, 1.36235016e-005, 0.37003914, 0.37003914, -2.19999523e-005, -0.929016165, -4.51560975e-006, 1, -2.54795401e-005, 0, 0, 0, 0, 0, 0, 0, 0.283178711, -0.115370947, -0.156332373, -0.475038813, 0.730313835, -0.490770451, -0.813964844, -0.152832031, 0.560424805, 0.334287451, 0.665677861, 0.66726393, 0, 0, -0, 0, 0, 0, 0, 0.339598389, -0.0671328125, -0.118952197, -0.137978516, 0.565821707, -0.812751027, 0.580932617, -0.618408203, -0.529174805, -0.802142096, -0.545160331, -0.243393443, 0, 2, 3, 1, 
503.702265, 54, 0.1, 0.1, 0.0184858946, 0.360364479, -0.034967661, 0.929016218, -1.22447385e-005, 0.370039008, 0.370039008, 2.51095325e-005, -0.929016217, 2.0840542e-006, 1, 2.78581938e-005, 0.929016207, -7.60188999e-006, 0.370039034, 0.370039034, 2.85946963e-005, -0.929016207, -3.51887481e-006, 1, 2.93779324e-005, 0, 0, 0, 0, 0, 0, 0, 0.283178711, -0.115370947, -0.156332373, -0.475038813, 0.730313835, -0.490770451, -0.813964844, -0.152832031, 0.560424805, 0.334287451, 0.665677861, 0.66726393, 0, 0, -0, 0, 0, 0, 0, 0.339598389, -0.0671328125, -0.118952197, -0.137978516, 0.565821707, -0.812751027, 0.580932617, -0.618408203, -0.529174805, -0.802142096, -0.545160331, -0.243393443, 0, 2, 3, 1, 
503.702988, 54, 0.1, 0.1, 0.0184858934, 0.360364482, -0.0349681227, 0.929016274, 9.28088089e-006, 0.370038865, 0.370038865, -2.95158536e-005, -0.929016274, 2.2999236e-006, 1, -3.0854995e-005, 0.929016259, 7.41315543e-006, 0.370038903, 0.370038903, -2.46305922e-005, -0.929016259, 2.22733538e-006, 1, -2.56253765e-005, 0, 0, 0, 0, 0, 0, 0, 0.28424585, -0.115683179, -0.156436133, -0.475770452, 0.728474245, -0.492820097, -0.815063477, -0.154663086, 0.558227539, 0.330448389, 0.667328734, 0.667588562, 0, 0, -0, 0, 0, 0, 0, 0.340388232, -0.0676828125, -0.118832471, -0.136674815, 0.564760809, -0.813811925, 0.583374023, -0.617919922, -0.526855469, -0.800532159, -0.546744749, -0.24497786, 0, 2, 3, 1, 
503.70368, 54, 0.1, 0.1, 0.0184858923, 0.360364484, -0.0349689803, 0.929016338, -5.09634271e-006, 0.370038706, 0.370038706, 1.88011082e-005, -0.929016338, -2.22255212e-006, 1, 1.93523808e-005, 0.929016319, -5.75420133e-006, 0.370038754, 0.370038754, 6.27431587e-006, -0.929016319, 3.02400691e-006, 1, 7.95821932e-006, 0, 0, 0, 0, 0, 0, 0, 0.28424585, -0.115683179, -0.156436133, -0.475770452, 0.728474245, -0.492820097, -0.815063477, -0.154663086, 0.558227539, 0.330448389, 0.667328734, 0.667588562, 0, 0, -0, 0, 0, 0, 0, 0.340388232, -0.0676828125, -0.118832471, -0.136674815, 0.564760809, -0.813811925, 0.583374023, -0.617919922, -0.526855469, -0.800532159, -0.546744749, -0.24497786, 0, 2, 3, 1, 
503.704376, 54, 0.1, 0.1, 0.0184858939, 0.36036448, -0.0349700198, 0.929016406, 5.77278883e-006, 0.370038535, 0.370038535, -9.18175386e-006, -0.929016406, -1.96541279e-006, 1, -1.06661543e-005, 0.929016391, -1.97564573e-007, 0.370038572, 0.370038572, 6.30100345e-006, -0.929016391, -2.14807359e-006, 1, 5.926842e-006, 0, 0, 0, 0, 0, 0, 0, 0.28424585, -0.115683179, -0.156436133, -0.475770452, 0.728474245, -0.492820097, -0.815063477, -0.154663086, 0.558227539, 0.330448389, 0.667328734, 0.667588562, 0, 0, -0, 0, 0, 0, 0, 0.340388232, -0.0676828125, -0.118832471, -0.136674815, 0.564760809, -0.813811925, 0.583374023, -0.617919922, -0.526855469, -0.800532159, -0.546744749, -0.24497786, 0, 2, 3, 1, 
503.705067, 54, 0.1, 0.1, 0.0184858918, 0.360364487, -0.0349709626, 0.929016486, -1.29324667e-006, 0.370038335, 0.370038335, -6.82997596e-006, -0.929016486, 3.7288004e-006, 1, -5.86660942e-006, 0.929016475, 7.93586296e-006, 0.370038362, 0.370038362, -1.59190595e-005, -0.929016475, -1.48188472e-006, 1, -1.77256423e-005, 0, 0, 0, 0, 0, 0, 0, 0.28424585, -0.115683179, -0.156436133, -0.475770452, 0.728474245, -0.492820097, -0.815063477, -0.154663086, 0.558227539, 0.330448389, 0.667328734, 0.667588562, 0, 0, -0, 0, 0, 0, 0, 0.340388232, -0.0676828125, -0.118832471, -0.136674815, 0.564760809, -0.813811925, 0.583374023, -0.617919922, -0.526855469, -0.800532159, -0.546744749, -0.24497786, 0, 2, 3, 1, 
