time, trialNum, realDorsalTactorPos, realVentralTactorPos, boxPosX, boxPosY, boxPosZ, boxLocalRot_11, boxLocalRot_12, boxLocalRot_13, boxLocalRot_21, boxLocalRot_22, boxLocalRot_23, boxLocalRot_31, boxLocalRot_32, boxLocalRot_33, boxGlobalRot_11, boxGlobalRot_12, boxGlobalRot_13, boxGlobalRot_21, boxGlobalRot_22, boxGlobalRot_23, boxGlobalRot_31, boxGlobalRot_32, boxGlobalRot_33, indexForceX, indexForceY, indexForceZ, indexForceGlobalX, indexForceGlobalY, indexForceGlobalZ, indexContact, indexPosX, indexPosY, indexPosZ, indexRot_11, indexRot_12, indexRot_13, indexRot_21, indexRot_22, indexRot_23, indexRot_31, indexRot_32, indexRot_33, thumbForceX, thumbForceY, thumbForceZ, thumbForceGlobalX, thumbForceGlobalY, thumbForceGlobalZ, thumbContact, thumbPosX, thumbPosY, thumbPosZ, thumbRot_11, thumbRot_12, thumbRot_13, thumbRot_21, thumbRot_22, thumbRot_23, thumbRot_31, thumbRot_32, thumbRot_33, manipForceTooHigh, cceExpType, mapping, trialSuccess, 
490.255941, 63, 0.1, 0.1, 0.0292734254, 0.359653524, -0.0349686986, 0.914699016, -0.404135758, -5.42848867e-006, 0.404135758, 0.914699016, 4.11925393e-006, 3.30069544e-006, -5.9617239e-006, 1, 0.91469902, -0.404135747, -4.53990768e-006, 0.404135747, 0.91469902, 1.76868076e-006, 3.43786199e-006, -3.45254954e-006, 1, 0, 0, 0, 0, 0, 0, 0, 0.281750171, -0.18631189, -0.169469775, -0.567324776, 0.484960912, -0.665569149, -0.817993164, -0.239501953, 0.522827148, 0.0941811349, 0.841107033, 0.532796706, 0, 0, -0, 0, 0, 0, 0, 0.331855469, -0.121390332, -0.143213184, -0.113078358, 0.318643583, -0.940997319, 0.686767578, -0.659301758, -0.305786133, -0.717901082, -0.680871782, -0.144317606, 0, 2, 3, 1, 
490.292937, 63, 0.1, 0.1, 0.0292733733, 0.359653602, -0.0349750852, 0.914704347, -0.40412369, -1.91469061e-005, 0.404123691, 0.914704347, 1.59669963e-005, 1.10611167e-005, -2.23427993e-005, 1, 0.914704396, -0.40412358, -7.00937731e-006, 0.40412358, 0.914704396, 1.60050723e-005, -5.65189e-008, -1.74725647e-005, 1, 0, 0, 0, 0, 0, 0, 0, 0.289315552, -0.201916577, -0.163675342, -0.600910644, 0.449884026, -0.660744948, -0.79675293, -0.271850586, 0.539550781, 0.063164585, 0.850617608, 0.521898089, 0, 0, -0, 0, 0, 0, 0, 0.337313867, -0.134054932, -0.137895752, -0.138503396, 0.300370609, -0.943646265, 0.713989258, -0.629882813, -0.305297852, -0.686205402, -0.716055623, -0.1272893, 0, 2, 3, 1, 
490.293629, 63, 0.1, 0.1, 0.0292733777, 0.359653603, -0.0349746674, 0.914704083, -0.404124289, 8.63671737e-006, 0.404124289, 0.914704083, -1.00918684e-005, -3.82167151e-006, 1.27213805e-005, 1, 0.914704142, -0.404124156, -5.60073335e-006, 0.404124156, 0.914704142, -7.62067451e-006, 8.20271264e-006, 4.7072709e-006, 1, 0, 0, 0, 0, 0, 0, 0, 0.289315552, -0.201916577, -0.163675342, -0.600910644, 0.449884026, -0.660744948, -0.79675293, -0.271850586, 0.539550781, 0.063164585, 0.850617608, 0.521898089, 0, 0, -0, 0, 0, 0, 0, 0.337313867, -0.134054932, -0.137895752, -0.138503396, 0.300370609, -0.943646265, 0.713989258, -0.629882813, -0.305297852, -0.686205402, -0.716055623, -0.1272893, 0, 2, 3, 1, 
490.294319, 63, 0.1, 0.1, 0.0292733748, 0.359653604, -0.034972881, 0.91470378, -0.404124975, -1.06246276e-005, 0.404124975, 0.91470378, 5.79468339e-006, 7.37661072e-006, -9.59409615e-006, 1, 0.914703844, -0.404124829, 2.30196501e-006, 0.404124829, 0.914703844, 5.13489797e-006, -4.18075601e-006, -3.7666297e-006, 1, 0, 0, 0, 0, 0, 0, 0, 0.289315552, -0.201916577, -0.163675342, -0.600910644, 0.449884026, -0.660744948, -0.79675293, -0.271850586, 0.539550781, 0.063164585, 0.850617608, 0.521898089, 0, 0, -0, 0, 0, 0, 0, 0.337313867, -0.134054932, -0.137895752, -0.138503396, 0.300370609, -0.943646265, 0.713989258, -0.629882813, -0.305297852, -0.686205402, -0.716055623, -0.1272893, 0, 2, 3, 1, 
490.295012, 63, 0.1, 0.1, 0.0292733765, 0.359653606, -0.0349703214, 0.914703439, -0.404125747, 1.42281635e-005, 0.404125747, 0.914703439, 1.24981976e-006, -1.35196344e-005, 4.60675275e-006, 1, 0.914703511, -0.404125584, 2.08154373e-006, 0.404125584, 0.914703511, -6.28655936e-006, 6.36564117e-007, 6.59154299e-006, 1, 0, 0, 0, 0, 0, 0, 0, 0.289315552, -0.201916577, -0.163675342, -0.600910644, 0.449884026, -0.660744948, -0.79675293, -0.271850586, 0.539550781, 0.063164585, 0.850617608, 0.521898089, 0, 0, -0, 0, 0, 0, 0, 0.337313867, -0.134054932, -0.137895752, -0.138503396, 0.300370609, -0.943646265, 0.713989258, -0.629882813, -0.305297852, -0.686205402, -0.716055623, -0.1272893, 0, 2, 3, 1, 
490.295701, 63, 0.1, 0.1, 0.0292733716, 0.359653606, -0.0349678494, 0.914703083, -0.404126553, 3.33495571e-007, 0.404126553, 0.914703082, -1.27974854e-005, 4.86675425e-006, 1.18406738e-005, 1, 0.914703144, -0.404126414, 1.28028401e-005, 0.404126414, 0.914703144, -3.95614431e-006, -1.01120157e-005, 8.79266348e-006, 1, 0, 0, 0, 0, 0, 0, 0, 0.289315552, -0.201916577, -0.163675342, -0.600910644, 0.449884026, -0.660744948, -0.79675293, -0.271850586, 0.539550781, 0.063164585, 0.850617608, 0.521898089, 0, 0, -0, 0, 0, 0, 0, 0.337313867, -0.134054932, -0.137895752, -0.138503396, 0.300370609, -0.943646265, 0.713989258, -0.629882813, -0.305297852, -0.686205402, -0.716055623, -0.1272893, 0, 2, 3, 1, 
490.296426, 63, 0.1, 0.1, 0.029273374, 0.359653608, -0.0349656438, 0.914702832, -0.404127121, 1.03596226e-005, 0.404127121, 0.914702832, 6.26642502e-006, -1.20084084e-005, -1.54531226e-006, 1, 0.914702877, -0.404127019, -2.71031346e-006, 0.404127019, 0.914702877, -2.24562373e-006, 3.38664874e-006, 9.58767589e-007, 1, 0, 0, 0, 0, 0, 0, 0, 0.289692822, -0.20306062, -0.163405957, -0.602300165, 0.449319381, -0.659818601, -0.795654297, -0.271972656, 0.541137695, 0.0637554393, 0.850954223, 0.521504186, 0, 0, -0, 0, 0, 0, 0, 0.337676367, -0.134565137, -0.137643945, -0.140260254, 0.299929478, -0.94349278, 0.715209961, -0.628295898, -0.306030273, -0.684671657, -0.717697643, -0.126413969, 0, 2, 3, 1, 
490.297134, 63, 0.1, 0.1, 0.0292733704, 0.359653607, -0.0349648297, 0.914702642, -0.404127551, -1.30955188e-005, 0.404127551, 0.914702642, 3.9162493e-006, 1.03958414e-005, -8.87446352e-006, 1, 0.914702674, -0.404127479, 6.11424156e-006, 0.404127479, 0.914702674, 2.6176373e-006, -6.65057226e-006, 7.65731859e-008, 1, 0, 0, 0, 0, 0, 0, 0, 0.289692822, -0.20306062, -0.163405957, -0.602300165, 0.449319381, -0.659818601, -0.795654297, -0.271972656, 0.541137695, 0.0637554393, 0.850954223, 0.521504186, 0, 0, -0, 0, 0, 0, 0, 0.337676367, -0.134565137, -0.137643945, -0.140260254, 0.299929478, -0.94349278, 0.715209961, -0.628295898, -0.306030273, -0.684671657, -0.717697643, -0.126413969, 0, 2, 3, 1, 
490.297839, 63, 0.1, 0.1, 0.0292733752, 0.359653609, -0.0349652676, 0.914702444, -0.404127997, 6.68164286e-006, 0.404127997, 0.914702444, 1.0081289e-006, -6.51912817e-006, 1.77810098e-006, 1, 0.91470249, -0.404127894, -6.92512675e-006, 0.404127894, 0.91470249, -8.40670333e-006, 9.73181399e-006, 4.89099558e-006, 1, 0, 0, 0, 0, 0, 0, 0, 0.289692822, -0.20306062, -0.163405957, -0.602300165, 0.449319381, -0.659818601, -0.795654297, -0.271972656, 0.541137695, 0.0637554393, 0.850954223, 0.521504186, 0, 0, -0, 0, 0, 0, 0, 0.337676367, -0.134565137, -0.137643945, -0.140260254, 0.299929478, -0.94349278, 0.715209961, -0.628295898, -0.306030273, -0.684671657, -0.717697643, -0.126413969, 0, 2, 3, 1, 
490.298532, 63, 0.1, 0.1, 0.0292733727, 0.359653608, -0.034966978, 0.914702205, -0.404128538, -7.17390719e-006, 0.404128538, 0.914702205, -9.0402459e-006, 1.02154101e-005, 5.36995224e-006, 1, 0.914702245, -0.404128449, 5.5267163e-006, 0.404128449, 0.914702245, -3.60703631e-007, -4.90952921e-006, 2.56343971e-006, 1, 0, 0, 0, 0, 0, 0, 0, 0.289692822, -0.20306062, -0.163405957, -0.602300165, 0.449319381, -0.659818601, -0.795654297, -0.271972656, 0.541137695, 0.0637554393, 0.850954223, 0.521504186, 0, 0, -0, 0, 0, 0, 0, 0.337676367, -0.134565137, -0.137643945, -0.140260254, 0.299929478, -0.94349278, 0.715209961, -0.628295898, -0.306030273, -0.684671657, -0.717697643, -0.126413969, 0, 2, 3, 1, 
490.299226, 63, 0.1, 0.1, 0.0292733769, 0.35965361, -0.034969373, 0.914702074, -0.404128837, 6.43803574e-006, 0.404128837, 0.914702074, -4.1213254e-007, -5.72233e-006, 2.97877438e-006, 1, 0.914702093, -0.404128793, -9.8651654e-006, 0.404128793, 0.914702093, 1.33492101e-006, 8.48420743e-006, -5.20785242e-006, 1, 0, 0, 0, 0, 0, 0, 0, 0.289692822, -0.20306062, -0.163405957, -0.602300165, 0.449319381, -0.659818601, -0.795654297, -0.271972656, 0.541137695, 0.0637554393, 0.850954223, 0.521504186, 0, 0, -0, 0, 0, 0, 0, 0.337676367, -0.134565137, -0.137643945, -0.140260254, 0.299929478, -0.94349278, 0.715209961, -0.628295898, -0.306030273, -0.684671657, -0.717697643, -0.126413969, 0, 2, 3, 1, 
490.29992, 63, 0.1, 0.1, 0.0292733739, 0.359653609, -0.034971735, 0.914701947, -0.404129124, -6.59545402e-006, 0.404129124, 0.914701947, -2.51226804e-007, 6.1344027e-006, -2.43561741e-006, 1, 0.914701977, -0.404129055, 3.7107703e-006, 0.404129055, 0.914701977, 7.66517993e-006, -6.49197085e-006, -5.51172514e-006, 1, 0, 0, 0, 0, 0, 0, 0, 0.289692822, -0.20306062, -0.163405957, -0.602300165, 0.449319381, -0.659818601, -0.795654297, -0.271972656, 0.541137695, 0.0637554393, 0.850954223, 0.521504186, 0, 0, -0, 0, 0, 0, 0, 0.337676367, -0.134565137, -0.137643945, -0.140260254, 0.299929478, -0.94349278, 0.715209961, -0.628295898, -0.306030273, -0.684671657, -0.717697643, -0.126413969, 0, 2, 3, 1, 
490.300612, 63, 0.1, 0.1, 0.0292733757, 0.359653612, -0.0349733827, 0.914701779, -0.404129504, 6.85976928e-006, 0.404129504, 0.914701779, 5.80068027e-006, -8.6188692e-006, -2.53365741e-006, 1, 0.914701806, -0.404129441, -3.7195275e-006, 0.404129441, 0.914701806, -7.50732568e-007, 3.70565166e-006, -8.16474135e-007, 1, 0, 0, 0, 0, 0, 0, 0, 0.289692822, -0.20306062, -0.163405957, -0.602300165, 0.449319381, -0.659818601, -0.795654297, -0.271972656, 0.541137695, 0.0637554393, 0.850954223, 0.521504186, 0, 0, -0, 0, 0, 0, 0, 0.337676367, -0.134565137, -0.137643945, -0.140260254, 0.299929478, -0.94349278, 0.715209961, -0.628295898, -0.306030273, -0.684671657, -0.717697643, -0.126413969, 0, 2, 3, 1, 
490.30133, 63, 0.1, 0.1, 0.0292733718, 0.359653611, -0.0349736018, 0.914701661, -0.40412977, -2.83733403e-006, 0.40412977, 0.914701661, -3.99151249e-006, 4.20840318e-006, 2.50439195e-006, 1, 0.914701684, -0.404129718, 7.10733119e-006, 0.404129718, 0.914701684, 3.47137797e-006, -7.90397481e-006, -3.02991524e-007, 1, 0, 0, 0, 0, 0, 0, 0, 0.290767773, -0.204284741, -0.163005371, -0.60305577, 0.447143176, -0.660606406, -0.795166016, -0.271850586, 0.541870117, 0.06288638, 0.852040452, 0.519651491, 0, 0, -0, 0, 0, 0, 0, 0.338264795, -0.135757764, -0.13762002, -0.14148703, 0.298849624, -0.943671418, 0.71484375, -0.628540039, -0.306274414, -0.684677854, -0.717933883, -0.124714346, 0, 2, 3, 1, 
490.30202, 63, 0.1, 0.1, 0.0292733737, 0.359653612, -0.0349727036, 0.914701592, -0.404129926, 1.113036e-005, 0.404129926, 0.914701592, -1.213712e-008, -1.0176053e-005, 4.50921339e-006, 1, 0.914701601, -0.404129905, -3.32645838e-006, 0.404129905, 0.914701601, 2.40719124e-006, 2.06989884e-006, -3.54618299e-006, 1, 0, 0, 0, 0, 0, 0, 0, 0.290767773, -0.204284741, -0.163005371, -0.60305577, 0.447143176, -0.660606406, -0.795166016, -0.271850586, 0.541870117, 0.06288638, 0.852040452, 0.519651491, 0, 0, -0, 0, 0, 0, 0, 0.338264795, -0.135757764, -0.13762002, -0.14148703, 0.298849624, -0.943671418, 0.71484375, -0.628540039, -0.306274414, -0.684677854, -0.717933883, -0.124714346, 0, 2, 3, 1, 
490.302713, 63, 0.1, 0.1, 0.0292733703, 0.359653612, -0.034971044, 0.914701522, -0.404130084, -6.88814921e-006, 0.404130084, 0.914701522, -4.94483123e-006, 8.29895563e-006, 1.73933633e-006, 1, 0.914701542, -0.40413004, 4.2715713e-006, 0.40413004, 0.914701542, 4.13809208e-006, -5.57954017e-006, -2.05884893e-006, 1, 0, 0, 0, 0, 0, 0, 0, 0.290767773, -0.204284741, -0.163005371, -0.60305577, 0.447143176, -0.660606406, -0.795166016, -0.271850586, 0.541870117, 0.06288638, 0.852040452, 0.519651491, 0, 0, -0, 0, 0, 0, 0, 0.338264795, -0.135757764, -0.13762002, -0.14148703, 0.298849624, -0.943671418, 0.71484375, -0.628540039, -0.306274414, -0.684677854, -0.717933883, -0.124714346, 0, 2, 3, 1, 
490.303422, 63, 0.1, 0.1, 0.0292733735, 0.359653614, -0.0349689777, 0.914701472, -0.404130197, 1.14146703e-005, 0.404130197, 0.914701472, -3.37795292e-006, -9.07588299e-006, 7.70283149e-006, 1, 0.914701478, -0.404130185, -5.81396374e-006, 0.404130185, 0.914701478, -2.02812113e-007, 5.40000372e-006, -2.1640857e-006, 1, 0, 0, 0, 0, 0, 0, 0, 0.29222085, -0.20531748, -0.162555347, -0.605087442, 0.444345038, -0.66045476, -0.793701172, -0.273193359, 0.543334961, 0.0609835104, 0.853101593, 0.518267962, 0, 0, -0, 0, 0, 0, 0, 0.338264795, -0.135757764, -0.13762002, -0.14148703, 0.298849624, -0.943671418, 0.71484375, -0.628540039, -0.306274414, -0.684677854, -0.717933883, -0.124714346, 0, 2, 3, 1, 
490.304129, 63, 0.1, 0.1, 0.0292733703, 0.359653614, -0.0349670073, 0.914701421, -0.404130314, -1.61074672e-005, 0.404130314, 0.914701421, 1.0135212e-005, 1.06375767e-005, -1.57802086e-005, 1, 0.914701438, -0.404130275, 3.87204017e-007, 0.404130275, 0.914701438, 1.08675409e-005, -4.74607837e-006, -9.78407446e-006, 1, 0, 0, 0, 0, 0, 0, 0, 0.29222085, -0.20531748, -0.162555347, -0.605087442, 0.444345038, -0.66045476, -0.793701172, -0.273193359, 0.543334961, 0.0609835104, 0.853101593, 0.518267962, 0, 0, -0, 0, 0, 0, 0, 0.339051807, -0.136735693, -0.137364551, -0.143263212, 0.297833568, -0.943728654, 0.715087891, -0.628051758, -0.306640625, -0.684128082, -0.718777131, -0.123001964, 0, 2, 3, 1, 
490.304825, 63, 0.1, 0.1, 0.0292733743, 0.359653616, -0.034966008, 0.91470128, -0.404130633, 9.71907009e-006, 0.404130633, 0.91470128, -2.80945433e-006, -7.7546593e-006, 6.49758542e-006, 1, 0.914701317, -0.404130548, -4.48613487e-006, 0.404130548, 0.914701317, -1.01976152e-005, 8.22464129e-006, 7.51478787e-006, 1, 0, 0, 0, 0, 0, 0, 0, 0.29222085, -0.20531748, -0.162555347, -0.605087442, 0.444345038, -0.66045476, -0.793701172, -0.273193359, 0.543334961, 0.0609835104, 0.853101593, 0.518267962, 0, 0, -0, 0, 0, 0, 0, 0.339051807, -0.136735693, -0.137364551, -0.143263212, 0.297833568, -0.943728654, 0.715087891, -0.628051758, -0.306640625, -0.684128082, -0.718777131, -0.123001964, 0, 2, 3, 1, 
490.305515, 63, 0.1, 0.1, 0.0292733713, 0.359653615, -0.0349661824, 0.914701094, -0.404131053, -1.11630027e-005, 0.404131053, 0.914701094, -7.8876944e-007, 1.0529577e-005, -3.78982778e-006, 1, 0.914701124, -0.404130986, 5.84107434e-006, 0.404130986, 0.914701124, -7.52527562e-007, -5.03871756e-006, 3.04889694e-006, 1, 0, 0, 0, 0, 0, 0, 0, 0.29222085, -0.20531748, -0.162555347, -0.605087442, 0.444345038, -0.66045476, -0.793701172, -0.273193359, 0.543334961, 0.0609835104, 0.853101593, 0.518267962, 0, 0, -0, 0, 0, 0, 0, 0.339051807, -0.136735693, -0.137364551, -0.143263212, 0.297833568, -0.943728654, 0.715087891, -0.628051758, -0.306640625, -0.684128082, -0.718777131, -0.123001964, 0, 2, 3, 1, 
490.306205, 63, 0.1, 0.1, 0.0292733751, 0.359653618, -0.0349674386, 0.914700924, -0.404131438, 7.19357567e-006, 0.404131438, 0.914700924, 1.41019778e-007, -6.63696084e-006, 2.77815916e-006, 1, 0.91470096, -0.404131356, -6.06608815e-006, 0.404131356, 0.91470096, -7.0177587e-006, 8.38475299e-006, 3.96765419e-006, 1, 0, 0, 0, 0, 0, 0, 0, 0.29222085, -0.20531748, -0.162555347, -0.605087442, 0.444345038, -0.66045476, -0.793701172, -0.273193359, 0.543334961, 0.0609835104, 0.853101593, 0.518267962, 0, 0, -0, 0, 0, 0, 0, 0.339051807, -0.136735693, -0.137364551, -0.143263212, 0.297833568, -0.943728654, 0.715087891, -0.628051758, -0.306640625, -0.684128082, -0.718777131, -0.123001964, 0, 2, 3, 1, 
490.306897, 63, 0.1, 0.1, 0.0292733718, 0.359653618, -0.0349693532, 0.914700737, -0.404131863, -2.06872228e-006, 0.404131863, 0.914700736, -1.50627943e-005, 7.97961692e-006, 1.29419125e-005, 1, 0.914700766, -0.404131796, 9.08622039e-006, 0.404131796, 0.914700766, -6.16120818e-006, -5.82123263e-006, 9.3076924e-006, 1, 0, 0, 0, 0, 0, 0, 0, 0.29222085, -0.20531748, -0.162555347, -0.605087442, 0.444345038, -0.66045476, -0.793701172, -0.273193359, 0.543334961, 0.0609835104, 0.853101593, 0.518267962, 0, 0, -0, 0, 0, 0, 0, 0.339051807, -0.136735693, -0.137364551, -0.143263212, 0.297833568, -0.943728654, 0.715087891, -0.628051758, -0.306640625, -0.684128082, -0.718777131, -0.123001964, 0, 2, 3, 1, 
490.307589, 63, 0.1, 0.1, 0.0292733753, 0.359653619, -0.0349712669, 0.914700659, -0.404132038, 7.28472051e-007, 0.404132038, 0.914700659, 1.6264279e-005, -7.23925006e-006, -1.45825478e-005, 1, 0.914700664, -0.404132027, -1.12000568e-005, 0.404132027, 0.914700664, 1.03514882e-005, 6.06133151e-006, -1.39948148e-005, 1, 0, 0, 0, 0, 0, 0, 0, 0.29222085, -0.20531748, -0.162555347, -0.605087442, 0.444345038, -0.66045476, -0.793701172, -0.273193359, 0.543334961, 0.0609835104, 0.853101593, 0.518267962, 0, 0, -0, 0, 0, 0, 0, 0.339051807, -0.136735693, -0.137364551, -0.143263212, 0.297833568, -0.943728654, 0.715087891, -0.628051758, -0.306640625, -0.684128082, -0.718777131, -0.123001964, 0, 2, 3, 1, 
490.308312, 63, 0.1, 0.1, 0.0292733709, 0.359653622, -0.0349725206, 0.914700715, -0.404131911, 2.86614724e-006, 0.404131911, 0.914700715, -2.59028815e-005, 7.84651406e-006, 2.48516858e-005, 1, 0.914700692, -0.404131964, 1.3980497e-005, 0.404131965, 0.914700691, -1.80395523e-005, -5.49761062e-006, 2.21507567e-005, 1, 0, 0, 0, 0, 0, 0, 0, 0.293738989, -0.206325806, -0.161716455, -0.605856152, 0.442029169, -0.661426413, -0.793334961, -0.273803711, 0.543701172, 0.059251383, 0.85408635, 0.516815161, 0, 0, -0, 0, 0, 0, 0, 0.339051807, -0.136735693, -0.137364551, -0.142585841, 0.296427788, -0.944265299, 0.715820313, -0.627929688, -0.305297852, -0.683565917, -0.719415855, -0.122567397, 0, 2, 3, 1, 
490.309003, 63, 0.1, 0.1, 0.0292733737, 0.359653624, -0.0349726573, 0.914700876, -0.404131547, -4.12257424e-006, 0.404131547, 0.914700876, 2.57718797e-005, -6.64430734e-006, -2.52396232e-005, 1, 0.914700834, -0.404131642, -1.11467574e-005, 0.404131642, 0.914700834, 1.11142047e-005, 5.70434649e-006, -1.46709297e-005, 1, 0, 0, 0, 0, 0, 0, 0, 0.293738989, -0.206325806, -0.161716455, -0.605856152, 0.442029169, -0.661426413, -0.793334961, -0.273803711, 0.543701172, 0.059251383, 0.85408635, 0.516815161, 0, 0, -0, 0, 0, 0, 0, 0.340001416, -0.13795835, -0.136497949, -0.142585841, 0.296427788, -0.944265299, 0.715820313, -0.627929688, -0.305297852, -0.683565917, -0.719415855, -0.122567397, 0, 2, 3, 1, 
490.309693, 63, 0.1, 0.1, 0.0292733733, 0.359653617, -0.034972004, 0.914701088, -0.404131067, -3.41672503e-006, 0.404131067, 0.914701088, -5.02914931e-006, 5.15771758e-006, 3.21936362e-006, 1, 0.914701044, -0.404131166, 1.04752988e-006, 0.404131166, 0.914701044, 1.442797e-005, -6.78896902e-006, -1.27739398e-005, 1, 0, 0, 0, 0, 0, 0, 0, 0.293738989, -0.206325806, -0.161716455, -0.605856152, 0.442029169, -0.661426413, -0.793334961, -0.273803711, 0.543701172, 0.059251383, 0.85408635, 0.516815161, 0, 0, -0, 0, 0, 0, 0, 0.340001416, -0.13795835, -0.136497949, -0.142585841, 0.296427788, -0.944265299, 0.715820313, -0.627929688, -0.305297852, -0.683565917, -0.719415855, -0.122567397, 0, 2, 3, 1, 
490.310384, 63, 0.1, 0.1, 0.029273373, 0.359653623, -0.0349707606, 0.91470127, -0.404130655, 1.13515776e-005, 0.404130655, 0.91470127, 5.06661906e-006, -1.24308786e-005, -4.6922387e-008, 1, 0.914701237, -0.404130729, 3.77856258e-006, 0.404130729, 0.914701237, -1.0864792e-005, 9.34540427e-007, 1.14650719e-005, 1, 0, 0, 0, 0, 0, 0, 0, 0.293738989, -0.206325806, -0.161716455, -0.605856152, 0.442029169, -0.661426413, -0.793334961, -0.273803711, 0.543701172, 0.059251383, 0.85408635, 0.516815161, 0, 0, -0, 0, 0, 0, 0, 0.340001416, -0.13795835, -0.136497949, -0.142585841, 0.296427788, -0.944265299, 0.715820313, -0.627929688, -0.305297852, -0.683565917, -0.719415855, -0.122567397, 0, 2, 3, 1, 
490.311353, 63, 0.1, 0.1, 0.02927337, 0.359653622, -0.0349666606, 0.914701495, -0.404130147, -4.42394147e-006, 0.404130147, 0.914701495, -8.33414415e-006, 7.41466478e-006, 5.835406e-006, 1, 0.914701445, -0.40413026, -2.37369751e-006, 0.40413026, 0.914701445, 1.07814598e-006, 1.73551313e-006, -1.94546467e-006, 1, 0, 0, 0, 0, 0, 0, 0, 0.293738989, -0.206325806, -0.161716455, -0.605856152, 0.442029169, -0.661426413, -0.793334961, -0.273803711, 0.543701172, 0.059251383, 0.85408635, 0.516815161, 0, 0, -0, 0, 0, 0, 0, 0.340001416, -0.13795835, -0.136497949, -0.142585841, 0.296427788, -0.944265299, 0.715820313, -0.627929688, -0.305297852, -0.683565917, -0.719415855, -0.122567397, 0, 2, 3, 1, 
490.312514, 63, 0.1, 0.1, 0.0292733682, 0.359653622, -0.0349549851, 0.914701715, -0.404129649, -6.54892689e-006, 0.404129648, 0.914701715, -2.63844095e-005, 1.66530368e-005, 2.14872491e-005, 1, 0.914701673, -0.404129743, 5.11525746e-006, 0.404129743, 0.914701673, 4.26623653e-006, -6.40304762e-006, -1.83510601e-006, 1, 0, 0, 0, 0, 0, 0, 0, 0.293738989, -0.206325806, -0.161716455, -0.605856152, 0.442029169, -0.661426413, -0.793334961, -0.273803711, 0.543701172, 0.059251383, 0.85408635, 0.516815161, 0, 0, -0, 0, 0, 0, 0, 0.340001416, -0.13795835, -0.136497949, -0.142585841, 0.296427788, -0.944265299, 0.715820313, -0.627929688, -0.305297852, -0.683565917, -0.719415855, -0.122567397, 0, 2, 3, 1, 
490.31326, 63, 0.1, 0.1, 0.0292733683, 0.359653625, -0.0349493366, 0.914701846, -0.404129351, 1.29904602e-005, 0.40412935, 0.914701846, 3.59644787e-005, -2.64166994e-005, -2.76469489e-005, 0.999999999, 0.914701824, -0.404129403, 8.06916822e-006, 0.404129402, 0.914701823, 2.10207442e-005, -1.58759837e-005, -1.59667249e-005, 1, 0, 0, 0, 0, 0, 0, 0, 0.294506836, -0.206835278, -0.161198926, -0.608142063, 0.440829487, -0.660112154, -0.791748047, -0.277709961, 0.543945313, 0.0565236375, 0.85353481, 0.518090106, 0, 0, -0, 0, 0, 0, 0, 0.340658936, -0.138462207, -0.135611816, -0.143594967, 0.29630602, -0.94421426, 0.718017578, -0.625244141, -0.305419922, -0.68097164, -0.721760765, -0.123053003, 0, 2, 3, 1, 
490.313951, 63, 0.1, 0.1, 0.0292733685, 0.359653625, -0.0349503646, 0.914701955, -0.404129106, -1.75050756e-005, 0.404129104, 0.914701954, -4.65437755e-005, 3.48216212e-005, 3.54993719e-005, 0.999999999, 0.914701934, -0.404129152, -1.01711887e-005, 0.404129152, 0.914701934, -2.69212332e-005, 2.01832611e-005, 2.05144302e-005, 1, 0, 0, 0, 0, 0, 0, 0, 0.294506836, -0.206835278, -0.161198926, -0.608142063, 0.440829487, -0.660112154, -0.791748047, -0.277709961, 0.543945313, 0.0565236375, 0.85353481, 0.518090106, 0, 0, -0, 0, 0, 0, 0, 0.340658936, -0.138462207, -0.135611816, -0.143594967, 0.29630602, -0.94421426, 0.718017578, -0.625244141, -0.305419922, -0.68097164, -0.721760765, -0.123053003, 0, 2, 3, 1, 
490.314639, 63, 0.1, 0.1, 0.0292733719, 0.359653634, -0.0349569277, 0.914702054, -0.40412888, 9.13197612e-006, 0.40412888, 0.914702054, 2.61569367e-005, -1.89238109e-005, -2.02353085e-005, 1, 0.914702036, -0.404128923, -4.32931216e-006, 0.404128923, 0.914702036, -7.96479302e-006, 7.17883386e-006, 5.53581214e-006, 1, 0, 0, 0, 0, 0, 0, 0, 0.294506836, -0.206835278, -0.161198926, -0.608142063, 0.440829487, -0.660112154, -0.791748047, -0.277709961, 0.543945313, 0.0565236375, 0.85353481, 0.518090106, 0, 0, -0, 0, 0, 0, 0, 0.340658936, -0.138462207, -0.135611816, -0.143594967, 0.29630602, -0.94421426, 0.718017578, -0.625244141, -0.305419922, -0.68097164, -0.721760765, -0.123053003, 0, 2, 3, 1, 
490.315326, 63, 0.1, 0.1, 0.0292733642, 0.359653615, -0.0349666218, 0.914702145, -0.404128676, 1.7709902e-005, 0.404128674, 0.914702144, 4.78882287e-005, -3.55522918e-005, -3.66463862e-005, 0.999999999, 0.914702128, -0.404128714, 2.43081865e-005, 0.404128712, 0.914702127, 6.11744951e-005, -4.69571199e-005, -4.61328047e-005, 0.999999998, 0, 0, 0, 0, 0, 0, 0, 0.294506836, -0.206835278, -0.161198926, -0.608142063, 0.440829487, -0.660112154, -0.791748047, -0.277709961, 0.543945313, 0.0565236375, 0.85353481, 0.518090106, 0, 0, -0, 0, 0, 0, 0, 0.340658936, -0.138462207, -0.135611816, -0.143594967, 0.29630602, -0.94421426, 0.718017578, -0.625244141, -0.305419922, -0.68097164, -0.721760765, -0.123053003, 0, 2, 3, 1, 
490.316014, 63, 0.1, 0.1, 0.0292733655, 0.359653624, -0.0349762972, 0.914702166, -0.404128628, -8.03482812e-006, 0.404128627, 0.914702164, -6.2593333e-005, 3.26452325e-005, 5.40071532e-005, 0.999999998, 0.914702172, -0.404128614, -7.75399581e-006, 0.404128613, 0.914702171, -4.89311143e-005, 2.68670602e-005, 4.16237849e-005, 0.999999999, 0, 0, 0, 0, 0, 0, 0, 0.294506836, -0.206835278, -0.161198926, -0.608142063, 0.440829487, -0.660112154, -0.791748047, -0.277709961, 0.543945313, 0.0565236375, 0.85353481, 0.518090106, 0, 0, -0, 0, 0, 0, 0, 0.340658936, -0.138462207, -0.135611816, -0.143594967, 0.29630602, -0.94421426, 0.718017578, -0.625244141, -0.305419922, -0.68097164, -0.721760765, -0.123053003, 0, 2, 3, 1, 
490.316701, 63, 0.1, 0.1, 0.0292733662, 0.359653646, -0.0349833135, 0.914702121, -0.404128728, 6.0123738e-006, 0.404128728, 0.91470212, -4.43679176e-005, 1.24308191e-005, 4.30132014e-005, 0.999999999, 0.91470213, -0.404128709, 1.64325696e-006, 0.404128709, 0.914702128, -5.78959354e-005, 2.1894319e-005, 5.36216228e-005, 0.999999998, 0, 0, 0, 0, 0, 0, 0, 0.294506836, -0.206835278, -0.161198926, -0.608142063, 0.440829487, -0.660112154, -0.791748047, -0.277709961, 0.543945313, 0.0565236375, 0.85353481, 0.518090106, 0, 0, -0, 0, 0, 0, 0, 0.340658936, -0.138462207, -0.135611816, -0.143594967, 0.29630602, -0.94421426, 0.718017578, -0.625244141, -0.305419922, -0.68097164, -0.721760765, -0.123053003, 0, 2, 3, 1, 
490.317389, 63, 0.1, 0.1, 0.0292733607, 0.359653642, -0.0349859878, 0.914702048, -0.404128895, 1.8006313e-005, 0.404128894, 0.914702047, 4.4047865e-005, -3.42714264e-005, -3.30138009e-005, 0.999999999, 0.91470207, -0.404128844, 1.95111341e-005, 0.404128843, 0.91470207, 3.15791665e-005, -3.06089268e-005, -2.10005169e-005, 0.999999999, 0, 0, 0, 0, 0, 0, 0, 0.294506836, -0.206835278, -0.161198926, -0.608142063, 0.440829487, -0.660112154, -0.791748047, -0.277709961, 0.543945313, 0.0565236375, 0.85353481, 0.518090106, 0, 0, -0, 0, 0, 0, 0, 0.340658936, -0.138462207, -0.135611816, -0.143594967, 0.29630602, -0.94421426, 0.718017578, -0.625244141, -0.305419922, -0.68097164, -0.721760765, -0.123053003, 0, 2, 3, 1, 
490.318104, 63, 0.1, 0.1, 0.0292733592, 0.359653624, -0.0349836517, 0.914701896, -0.404129237, -6.23802398e-006, 0.404129237, 0.914701896, 4.14394088e-005, -1.10409443e-005, -4.04256737e-005, 0.999999999, 0.914701931, -0.40412916, 2.42136692e-007, 0.40412916, 0.914701929, 5.1626314e-005, -2.10851818e-005, -4.71248346e-005, 0.999999999, 0, 0, 0, 0, 0, 0, 0, 0.294660254, -0.208184863, -0.160467554, -0.609506497, 0.440651631, -0.658931567, -0.790649414, -0.278808594, 0.544921875, 0.0564925587, 0.853192203, 0.518521079, 0, 0, -0, 0, 0, 0, 0, 0.340658936, -0.138462207, -0.135611816, -0.143856727, 0.296190815, -0.94418874, 0.719238281, -0.624023438, -0.305297852, -0.679648983, -0.723000301, -0.123295807, 0, 2, 3, 1, 
490.318796, 63, 0.1, 0.1, 0.0292733623, 0.359653626, -0.0349773912, 0.914701669, -0.404129752, 4.51204439e-006, 0.404129752, 0.914701668, -3.34128702e-005, 9.37596044e-006, 3.23862595e-005, 0.999999999, 0.914701728, -0.404129619, -4.77116956e-006, 0.404129619, 0.914701728, -2.19310003e-005, 1.32271638e-005, 1.81321529e-005, 1, 0, 0, 0, 0, 0, 0, 0, 0.294660254, -0.208184863, -0.160467554, -0.609506497, 0.440651631, -0.658931567, -0.790649414, -0.278808594, 0.544921875, 0.0564925587, 0.853192203, 0.518521079, 0, 0, -0, 0, 0, 0, 0, 0.34133916, -0.139612109, -0.134945508, -0.143856727, 0.296190815, -0.94418874, 0.719238281, -0.624023438, -0.305297852, -0.679648983, -0.723000301, -0.123295807, 0, 2, 3, 1, 
490.319485, 63, 0.1, 0.1, 0.0292733543, 0.359653636, -0.0349695887, 0.914701325, -0.40413053, 1.99048217e-005, 0.40413053, 0.914701325, -1.13570684e-005, -1.36172287e-005, 1.84324716e-005, 1, 0.914701397, -0.404130366, 2.92684644e-005, 0.404130367, 0.914701397, -2.25842183e-005, -1.76449369e-005, 3.24860913e-005, 0.999999999, 0, 0, 0, 0, 0, 0, 0, 0.294660254, -0.208184863, -0.160467554, -0.609506497, 0.440651631, -0.658931567, -0.790649414, -0.278808594, 0.544921875, 0.0564925587, 0.853192203, 0.518521079, 0, 0, -0, 0, 0, 0, 0, 0.34133916, -0.139612109, -0.134945508, -0.143856727, 0.296190815, -0.94418874, 0.719238281, -0.624023438, -0.305297852, -0.679648983, -0.723000301, -0.123295807, 0, 2, 3, 1, 
490.320177, 63, 0.1, 0.1, 0.0292733608, 0.359653633, -0.0349626005, 0.914700916, -0.404131456, -1.9597971e-005, 0.404131456, 0.914700916, 4.85562075e-006, 1.59639729e-005, -1.23615973e-005, 1, 0.914700997, -0.404131273, -2.75457382e-005, 0.404131274, 0.914700997, 9.48092279e-006, 2.13645768e-005, -1.98043038e-005, 1, 0, 0, 0, 0, 0, 0, 0, 0.294660254, -0.208184863, -0.160467554, -0.609506497, 0.440651631, -0.658931567, -0.790649414, -0.278808594, 0.544921875, 0.0564925587, 0.853192203, 0.518521079, 0, 0, -0, 0, 0, 0, 0, 0.34133916, -0.139612109, -0.134945508, -0.143856727, 0.296190815, -0.94418874, 0.719238281, -0.624023438, -0.305297852, -0.679648983, -0.723000301, -0.123295807, 0, 2, 3, 1, 
490.320892, 63, 0.1, 0.1, 0.0292733547, 0.359653631, -0.0349578295, 0.914700458, -0.404132494, 1.68130344e-005, 0.404132493, 0.914700458, 2.28249219e-005, -2.46031829e-005, -1.4083273e-005, 1, 0.91470055, -0.404132284, 2.81791753e-005, 0.404132284, 0.91470055, 1.16766576e-005, -3.04944215e-005, 7.07469363e-007, 1, 0, 0, 0, 0, 0, 0, 0, 0.294435156, -0.208897925, -0.160509888, -0.613923308, 0.439832747, -0.655447095, -0.787353516, -0.281616211, 0.548339844, 0.0566977451, 0.852703942, 0.519452296, 0, 0, -0, 0, 0, 0, 0, 0.341597168, -0.14079375, -0.134878369, -0.147217325, 0.295762445, -0.94377313, 0.720092773, -0.622070313, -0.307250977, -0.678038312, -0.724763722, -0.121410984, 0, 2, 3, 1, 
490.321579, 63, 0.1, 0.1, 0.0292733601, 0.359653631, -0.0349570696, 0.914699916, -0.404133719, -1.31487411e-005, 0.404133719, 0.914699916, -2.0894091e-005, 2.04711591e-005, 1.37979736e-005, 1, 0.914700032, -0.404133458, -2.05285366e-005, 0.404133457, 0.914700032, -1.52759077e-005, 2.49509584e-005, 5.67660476e-006, 1, 0, 0, 0, 0, 0, 0, 0, 0.294435156, -0.208897925, -0.160509888, -0.613923308, 0.439832747, -0.655447095, -0.787353516, -0.281616211, 0.548339844, 0.0566977451, 0.852703942, 0.519452296, 0, 0, -0, 0, 0, 0, 0, 0.341597168, -0.14079375, -0.134878369, -0.147217325, 0.295762445, -0.94377313, 0.720092773, -0.622070313, -0.307250977, -0.678038312, -0.724763722, -0.121410984, 0, 2, 3, 1, 
490.322268, 63, 0.1, 0.1, 0.0292733568, 0.359653628, -0.0349601007, 0.914699303, -0.404135106, 1.24904214e-005, 0.404135106, 0.914699303, 1.96952026e-005, -1.93845025e-005, -1.29673703e-005, 1, 0.914699425, -0.404134831, 1.66014364e-005, 0.40413483, 0.914699425, 2.21544166e-005, -2.41386957e-005, -1.35554135e-005, 1, 0, 0, 0, 0, 0, 0, 0, 0.294435156, -0.208897925, -0.160509888, -0.613923308, 0.439832747, -0.655447095, -0.787353516, -0.281616211, 0.548339844, 0.0566977451, 0.852703942, 0.519452296, 0, 0, -0, 0, 0, 0, 0, 0.341597168, -0.14079375, -0.134878369, -0.147217325, 0.295762445, -0.94377313, 0.720092773, -0.622070313, -0.307250977, -0.678038312, -0.724763722, -0.121410984, 0, 2, 3, 1, 
490.322965, 63, 0.1, 0.1, 0.0292733606, 0.359653633, -0.0349658398, 0.914698719, -0.40413643, -1.64335938e-005, 0.404136429, 0.914698719, -1.81506531e-005, 2.23671274e-005, 9.96096524e-006, 1, 0.914698826, -0.404136186, -1.69015849e-005, 0.404136186, 0.914698826, -2.42250597e-005, 2.52500831e-005, 1.53280916e-005, 1, 0, 0, 0, 0, 0, 0, 0, 0.294435156, -0.208897925, -0.160509888, -0.613923308, 0.439832747, -0.655447095, -0.787353516, -0.281616211, 0.548339844, 0.0566977451, 0.852703942, 0.519452296, 0, 0, -0, 0, 0, 0, 0, 0.341597168, -0.14079375, -0.134878369, -0.147217325, 0.295762445, -0.94377313, 0.720092773, -0.622070313, -0.307250977, -0.678038312, -0.724763722, -0.121410984, 0, 2, 3, 1, 
490.323658, 63, 0.1, 0.1, 0.0292733602, 0.359653632, -0.034972264, 0.914698269, -0.404137449, 9.418537e-006, 0.404137449, 0.914698269, 3.43702684e-006, -1.00041507e-005, 6.62541014e-007, 1, 0.914698348, -0.404137268, 1.12792792e-005, 0.404137268, 0.914698348, 4.91451919e-006, -1.23032784e-005, 6.30744911e-008, 1, 0, 0, 0, 0, 0, 0, 0, 0.294435156, -0.208897925, -0.160509888, -0.613923308, 0.439832747, -0.655447095, -0.787353516, -0.281616211, 0.548339844, 0.0566977451, 0.852703942, 0.519452296, 0, 0, -0, 0, 0, 0, 0, 0.341597168, -0.14079375, -0.134878369, -0.147217325, 0.295762445, -0.94377313, 0.720092773, -0.622070313, -0.307250977, -0.678038312, -0.724763722, -0.121410984, 0, 2, 3, 1, 
490.324347, 63, 0.1, 0.1, 0.0292733638, 0.359653633, -0.0349775531, 0.914697881, -0.404138327, -1.24002119e-005, 0.404138327, 0.914697881, -4.99576386e-006, 1.33614272e-005, -4.41786289e-007, 1, 0.914697955, -0.404138158, -1.35127301e-005, 0.404138158, 0.914697955, -8.9148948e-006, 1.59629157e-005, 2.6934262e-006, 1, 0, 0, 0, 0, 0, 0, 0, 0.294435156, -0.208897925, -0.160509888, -0.613923308, 0.439832747, -0.655447095, -0.787353516, -0.281616211, 0.548339844, 0.0566977451, 0.852703942, 0.519452296, 0, 0, -0, 0, 0, 0, 0, 0.341597168, -0.14079375, -0.134878369, -0.147217325, 0.295762445, -0.94377313, 0.720092773, -0.622070313, -0.307250977, -0.678038312, -0.724763722, -0.121410984, 0, 2, 3, 1, 
490.325053, 63, 0.1, 0.1, 0.0292733625, 0.359653632, -0.0349802814, 0.914697537, -0.404139105, 9.58932256e-006, 0.404139105, 0.914697537, 1.76810023e-006, -9.48588817e-006, 2.25814331e-006, 1, 0.914697603, -0.404138955, 1.10596933e-005, 0.404138955, 0.914697603, 2.93089513e-006, -1.13007639e-005, 1.78877014e-006, 1, 0, 0, 0, 0, 0, 0, 0, 0.294435156, -0.208897925, -0.160509888, -0.61791626, 0.437122975, -0.653460728, -0.784301758, -0.285644531, 0.55065918, 0.0541167762, 0.852762352, 0.519508463, 0, 0, -0, 0, 0, 0, 0, 0.341597168, -0.14079375, -0.134878369, -0.147217325, 0.295762445, -0.94377313, 0.720092773, -0.622070313, -0.307250977, -0.678038312, -0.724763722, -0.121410984, 0, 2, 3, 1, 
490.325757, 63, 0.1, 0.1, 0.0292733644, 0.359653633, -0.0349795116, 0.914697232, -0.404139796, -5.90244232e-006, 0.404139796, 0.914697232, -3.19140622e-006, 6.68872191e-006, 5.33758603e-007, 1, 0.914697292, -0.40413966, -7.46592389e-006, 0.40413966, 0.914697292, -7.40480259e-006, 9.82163476e-006, 3.75587693e-006, 1, 0, 0, 0, 0, 0, 0, 0, 0.295339453, -0.209482715, -0.160408203, -0.61791626, 0.437122975, -0.653460728, -0.784301758, -0.285644531, 0.55065918, 0.0541167762, 0.852762352, 0.519508463, 0, 0, -0, 0, 0, 0, 0, 0.342608398, -0.141612402, -0.134403076, -0.149734309, 0.29449046, -0.943804846, 0.722290039, -0.619140625, -0.307861328, -0.675111548, -0.727843238, -0.119941405, 0, 2, 3, 1, 
490.326445, 63, 0.1, 0.1, 0.0292733653, 0.359653632, -0.0349759594, 0.914696951, -0.40414043, -1.86134418e-007, 0.40414043, 0.914696951, -8.44748799e-006, 3.58422802e-006, 7.65166707e-006, 1, 0.914697006, -0.404140306, -3.44966298e-006, 0.404140306, 0.914697006, 5.08225713e-007, 2.95000191e-006, -1.85902039e-006, 1, 0, 0, 0, 0, 0, 0, 0, 0.295339453, -0.209482715, -0.160408203, -0.61791626, 0.437122975, -0.653460728, -0.784301758, -0.285644531, 0.55065918, 0.0541167762, 0.852762352, 0.519508463, 0, 0, -0, 0, 0, 0, 0, 0.342608398, -0.141612402, -0.134403076, -0.149734309, 0.29449046, -0.943804846, 0.722290039, -0.619140625, -0.307861328, -0.675111548, -0.727843238, -0.119941405, 0, 2, 3, 1, 
490.327134, 63, 0.1, 0.1, 0.0292733652, 0.359653634, -0.0349709602, 0.914696665, -0.404141078, -7.1149086e-006, 0.404141078, 0.914696665, 4.53595847e-006, 4.67481602e-006, -7.02445292e-006, 1, 0.914696725, -0.404140941, 4.28223808e-007, 0.404140941, 0.914696725, 3.07536697e-006, -1.63457662e-006, -2.63996533e-006, 1, 0, 0, 0, 0, 0, 0, 0, 0.295339453, -0.209482715, -0.160408203, -0.61791626, 0.437122975, -0.653460728, -0.784301758, -0.285644531, 0.55065918, 0.0541167762, 0.852762352, 0.519508463, 0, 0, -0, 0, 0, 0, 0, 0.342608398, -0.141612402, -0.134403076, -0.149734309, 0.29449046, -0.943804846, 0.722290039, -0.619140625, -0.307861328, -0.675111548, -0.727843238, -0.119941405, 0, 2, 3, 1, 
490.327824, 63, 0.1, 0.1, 0.0292733642, 0.359653632, -0.0349659696, 0.914696361, -0.404141767, 8.58122718e-006, 0.404141767, 0.914696361, 6.04868742e-006, -1.02937445e-005, -2.06468006e-006, 1, 0.914696423, -0.404141626, 1.05447687e-005, 0.404141625, 0.914696423, 8.17554984e-006, -1.29493422e-005, -3.21656622e-006, 1, 0, 0, 0, 0, 0, 0, 0, 0.295339453, -0.209482715, -0.160408203, -0.61791626, 0.437122975, -0.653460728, -0.784301758, -0.285644531, 0.55065918, 0.0541167762, 0.852762352, 0.519508463, 0, 0, -0, 0, 0, 0, 0, 0.342608398, -0.141612402, -0.134403076, -0.149734309, 0.29449046, -0.943804846, 0.722290039, -0.619140625, -0.307861328, -0.675111548, -0.727843238, -0.119941405, 0, 2, 3, 1, 
490.328515, 63, 0.1, 0.1, 0.0292733694, 0.359653633, -0.0349624171, 0.914696121, -0.40414231, -1.95863553e-005, 0.40414231, 0.914696121, 9.42135683e-006, 1.41079943e-005, -1.65333534e-005, 1, 0.914696156, -0.404142229, -2.38348006e-005, 0.404142229, 0.914696156, 2.24864323e-006, 2.08928288e-005, -1.16894748e-005, 1, 0, 0, 0, 0, 0, 0, 0, 0.295339453, -0.209482715, -0.160408203, -0.61791626, 0.437122975, -0.653460728, -0.784301758, -0.285644531, 0.55065918, 0.0541167762, 0.852762352, 0.519508463, 0, 0, -0, 0, 0, 0, 0, 0.342608398, -0.141612402, -0.134403076, -0.149734309, 0.29449046, -0.943804846, 0.722290039, -0.619140625, -0.307861328, -0.675111548, -0.727843238, -0.119941405, 0, 2, 3, 1, 
490.329211, 63, 0.1, 0.1, 0.0292733618, 0.359653632, -0.0349612161, 0.914696027, -0.404142521, 3.53934251e-005, 0.404142521, 0.914696027, -7.04300329e-006, -2.95278482e-005, 2.07461952e-005, 0.999999999, 0.914696036, -0.404142499, 3.86837224e-005, 0.4041425, 0.914696037, -4.22862515e-006, -3.36748804e-005, 1.95016429e-005, 0.999999999, 0, 0, 0, 0, 0, 0, 0, 0.295339453, -0.209482715, -0.160408203, -0.61791626, 0.437122975, -0.653460728, -0.784301758, -0.285644531, 0.55065918, 0.0541167762, 0.852762352, 0.519508463, 0, 0, -0, 0, 0, 0, 0, 0.342608398, -0.141612402, -0.134403076, -0.149734309, 0.29449046, -0.943804846, 0.722290039, -0.619140625, -0.307861328, -0.675111548, -0.727843238, -0.119941405, 0, 2, 3, 1, 
490.329919, 63, 0.1, 0.1, 0.029273365, 0.359653629, -0.034962613, 0.914696045, -0.40414248, -2.21524596e-005, 0.404142481, 0.914696045, 2.18098563e-005, 1.14484778e-005, -2.89021393e-005, 1, 0.914696032, -0.404142509, -2.36692662e-005, 0.40414251, 0.914696032, 1.75091097e-005, 1.45740084e-005, -2.55812698e-005, 1, 0, 0, 0, 0, 0, 0, 0, 0.295339453, -0.209482715, -0.160408203, -0.61994194, 0.434813098, -0.652997554, -0.782836914, -0.288330078, 0.551269531, 0.0514714061, 0.853004609, 0.519311511, 0, 0, -0, 0, 0, 0, 0, 0.342608398, -0.141612402, -0.134403076, -0.149734309, 0.29449046, -0.943804846, 0.722290039, -0.619140625, -0.307861328, -0.675111548, -0.727843238, -0.119941405, 0, 2, 3, 1, 
490.330629, 63, 0.1, 0.1, 0.0292733608, 0.359653627, -0.0349657323, 0.914696158, -0.404142226, 2.285795e-005, 0.404142226, 0.914696158, -9.1440015e-006, -1.7212602e-005, 1.76018459e-005, 1, 0.914696128, -0.404142293, 2.65206919e-005, 0.404142293, 0.914696128, -3.82190986e-006, -2.27137788e-005, 1.42140194e-005, 1, 0, 0, 0, 0, 0, 0, 0, 0.295897607, -0.209600024, -0.159492163, -0.61994194, 0.434813098, -0.652997554, -0.782836914, -0.288330078, 0.551269531, 0.0514714061, 0.853004609, 0.519311511, 0, 0, -0, 0, 0, 0, 0, 0.343008008, -0.141501465, -0.133949756, -0.151401482, 0.293678561, -0.943855885, 0.724731445, -0.616210938, -0.307983398, -0.672095464, -0.730628912, -0.119455798, 0, 2, 3, 1, 
