time, trialNum, realDorsalTactorPos, realVentralTactorPos, boxPosX, boxPosY, boxPosZ, boxLocalRot_11, boxLocalRot_12, boxLocalRot_13, boxLocalRot_21, boxLocalRot_22, boxLocalRot_23, boxLocalRot_31, boxLocalRot_32, boxLocalRot_33, boxGlobalRot_11, boxGlobalRot_12, boxGlobalRot_13, boxGlobalRot_21, boxGlobalRot_22, boxGlobalRot_23, boxGlobalRot_31, boxGlobalRot_32, boxGlobalRot_33, indexForceX, indexForceY, indexForceZ, indexForceGlobalX, indexForceGlobalY, indexForceGlobalZ, indexContact, indexPosX, indexPosY, indexPosZ, indexRot_11, indexRot_12, indexRot_13, indexRot_21, indexRot_22, indexRot_23, indexRot_31, indexRot_32, indexRot_33, thumbForceX, thumbForceY, thumbForceZ, thumbForceGlobalX, thumbForceGlobalY, thumbForceGlobalZ, thumbContact, thumbPosX, thumbPosY, thumbPosZ, thumbRot_11, thumbRot_12, thumbRot_13, thumbRot_21, thumbRot_22, thumbRot_23, thumbRot_31, thumbRot_32, thumbRot_33, manipForceTooHigh, cceExpType, mapping, trialSuccess, 
605.349942, 67, 0.1, 0.1, 0.00778371517, 0.380966656, -0.0349679781, 0.912074984, -0.41002344, 3.47071944e-005, 0.41002344, 0.912074985, 1.58439812e-005, -3.81519675e-005, -2.20135624e-007, 0.999999999, 0.912074992, -0.410023423, 3.76409525e-005, 0.410023423, 0.912074993, 9.29252084e-006, -3.81415227e-005, 6.95819631e-006, 0.999999999, 0, 0, 0, 0, 0, 0, 0, 0.295198901, -0.0808271484, -0.15095647, -0.305286354, 0.747209005, -0.59021043, -0.822509766, 0.10534668, 0.558837891, 0.479812051, 0.65608078, 0.582533433, 0, 0, -0, 0, 0, 0, 0, 0.369355371, -0.0454074219, -0.11595918, 0.0708780352, 0.507747513, -0.858510667, 0.344726562, -0.820068359, -0.456542969, -0.935950887, -0.263555263, -0.233105621, 0, 2, 5, 1, 
605.360407, 67, 0.1, 0.1, 0.00778371218, 0.380966648, -0.0349654864, 0.912073255, -0.410027289, -5.64779044e-006, 0.410027289, 0.912073255, -2.03384971e-006, 5.9851325e-006, -4.60728279e-007, 1, 0.912073297, -0.410027195, -1.60277915e-005, 0.410027195, 0.912073297, 5.61863591e-006, 1.23147271e-005, -1.16964382e-005, 1, 0, 0, 0, 0, 0, 0, 0, 0.302872144, -0.0897784912, -0.147693896, -0.280364081, 0.73747861, -0.614264383, -0.844970703, 0.113891602, 0.522460938, 0.45534849, 0.665655399, 0.591410474, 0, 0, -0, 0, 0, 0, 0, 0.373561816, -0.0538904297, -0.111090674, 0.0851786373, 0.487689263, -0.868761273, 0.358398437, -0.828491211, -0.429931641, -0.929538124, -0.27474643, -0.24535259, 0, 2, 5, 1, 
605.361107, 67, 0.1, 0.1, 0.00778370531, 0.380966654, -0.0349712315, 0.912073054, -0.410027735, 8.63920277e-006, 0.410027735, 0.912073054, -1.92687859e-005, 2.11525842e-008, 2.11168532e-005, 1, 0.91207309, -0.410027655, 2.01047225e-005, 0.410027656, 0.91207309, -2.25504209e-005, -9.09068012e-006, 2.88111243e-005, 1, 0, 0, 0, 0, 0, 0, 0, 0.302872144, -0.0897784912, -0.147693896, -0.280364081, 0.73747861, -0.614264383, -0.844970703, 0.113891602, 0.522460938, 0.45534849, 0.665655399, 0.591410474, 0, 0, -0, 0, 0, 0, 0, 0.373561816, -0.0538904297, -0.111090674, 0.0851786373, 0.487689263, -0.868761273, 0.358398437, -0.828491211, -0.429931641, -0.929538124, -0.27474643, -0.24535259, 0, 2, 5, 1, 
605.3618, 67, 0.1, 0.1, 0.00778370705, 0.380966648, -0.0349761124, 0.912072959, -0.410027947, -1.17078873e-005, 0.410027947, 0.912072959, 2.47313525e-005, 5.37901714e-007, -2.73573589e-005, 1, 0.912072976, -0.410027909, -8.22435229e-006, 0.41002791, 0.912072976, 2.47993795e-005, -2.66722828e-006, -2.59910579e-005, 1, 0, 0, 0, 0, 0, 0, 0, 0.302872144, -0.0897784912, -0.147693896, -0.280364081, 0.73747861, -0.614264383, -0.844970703, 0.113891602, 0.522460938, 0.45534849, 0.665655399, 0.591410474, 0, 0, -0, 0, 0, 0, 0, 0.373561816, -0.0538904297, -0.111090674, 0.0851786373, 0.487689263, -0.868761273, 0.358398437, -0.828491211, -0.429931641, -0.929538124, -0.27474643, -0.24535259, 0, 2, 5, 1, 
605.362519, 67, 0.1, 0.1, 0.00778370692, 0.380966646, -0.0349786754, 0.912072864, -0.410028159, 1.12801603e-005, 0.410028159, 0.912072864, -1.67800126e-005, -3.40805044e-006, 1.99297776e-005, 1, 0.912072882, -0.410028119, 6.36374474e-006, 0.410028119, 0.912072882, -8.01687037e-006, -2.51705673e-006, 9.92128435e-006, 1, 0, 0, 0, 0, 0, 0, 0, 0.305025854, -0.0919072998, -0.147028955, -0.27709303, 0.734966912, -0.618857928, -0.849975586, 0.112792969, 0.514526367, 0.447909258, 0.668525052, 0.593621123, 0, 0, -0, 0, 0, 0, 0, 0.375604346, -0.0552856934, -0.109705713, 0.0882140438, 0.485004935, -0.870001542, 0.364624023, -0.828491211, -0.424926758, -0.926886979, -0.279570045, -0.249901685, 0, 2, 5, 1, 
605.363213, 67, 0.1, 0.1, 0.00778370479, 0.380966652, -0.0349783686, 0.91207282, -0.410028257, 1.48409342e-006, 0.410028257, 0.91207282, -5.28668177e-006, 8.14087646e-007, 5.43035899e-006, 1, 0.912072823, -0.410028249, 1.22150899e-006, 0.410028249, 0.912072823, -1.75121514e-005, 6.06637163e-006, 1.64732106e-005, 1, 0, 0, 0, 0, 0, 0, 0, 0.305025854, -0.0919072998, -0.147028955, -0.27709303, 0.734966912, -0.618857928, -0.849975586, 0.112792969, 0.514526367, 0.447909258, 0.668525052, 0.593621123, 0, 0, -0, 0, 0, 0, 0, 0.375604346, -0.0552856934, -0.109705713, 0.0882140438, 0.485004935, -0.870001542, 0.364624023, -0.828491211, -0.424926758, -0.926886979, -0.279570045, -0.249901685, 0, 2, 5, 1, 
605.363905, 67, 0.1, 0.1, 0.00778370401, 0.380966644, -0.0349755845, 0.912072797, -0.410028307, -5.82358051e-006, 0.410028307, 0.912072797, 1.84962779e-005, -2.27246813e-006, -1.92577847e-005, 1, 0.912072804, -0.410028291, -8.33901232e-007, 0.410028291, 0.912072804, 2.5964299e-005, -9.8855185e-006, -2.40232541e-005, 1, 0, 0, 0, 0, 0, 0, 0, 0.305025854, -0.0919072998, -0.147028955, -0.27709303, 0.734966912, -0.618857928, -0.849975586, 0.112792969, 0.514526367, 0.447909258, 0.668525052, 0.593621123, 0, 0, -0, 0, 0, 0, 0, 0.375604346, -0.0552856934, -0.109705713, 0.0882140438, 0.485004935, -0.870001542, 0.364624023, -0.828491211, -0.424926758, -0.926886979, -0.279570045, -0.249901685, 0, 2, 5, 1, 
605.364595, 67, 0.1, 0.1, 0.00778370627, 0.380966647, -0.0349713305, 0.912072712, -0.410028497, 1.3690714e-006, 0.410028497, 0.912072712, -1.42137067e-005, 4.57933212e-006, 1.35252923e-005, 1, 0.912072735, -0.410028446, -5.71645815e-006, 0.410028446, 0.912072735, -1.9841768e-005, 1.33495149e-005, 1.57532252e-005, 1, 0, 0, 0, 0, 0, 0, 0, 0.305025854, -0.0919072998, -0.147028955, -0.27709303, 0.734966912, -0.618857928, -0.849975586, 0.112792969, 0.514526367, 0.447909258, 0.668525052, 0.593621123, 0, 0, -0, 0, 0, 0, 0, 0.375604346, -0.0552856934, -0.109705713, 0.0882140438, 0.485004935, -0.870001542, 0.364624023, -0.828491211, -0.424926758, -0.926886979, -0.279570045, -0.249901685, 0, 2, 5, 1, 
605.365287, 67, 0.1, 0.1, 0.00778370301, 0.380966643, -0.0349669059, 0.912072551, -0.410028854, -8.9554745e-007, 0.410028854, 0.912072551, 9.40559473e-006, -3.03976098e-006, -8.94578507e-006, 1, 0.912072586, -0.410028776, 6.19200513e-006, 0.410028776, 0.912072586, 1.84937932e-005, -1.32305455e-005, -1.43287815e-005, 1, 0, 0, 0, 0, 0, 0, 0, 0.305025854, -0.0919072998, -0.147028955, -0.27709303, 0.734966912, -0.618857928, -0.849975586, 0.112792969, 0.514526367, 0.447909258, 0.668525052, 0.593621123, 0, 0, -0, 0, 0, 0, 0, 0.375604346, -0.0552856934, -0.109705713, 0.0882140438, 0.485004935, -0.870001542, 0.364624023, -0.828491211, -0.424926758, -0.926886979, -0.279570045, -0.249901685, 0, 2, 5, 1, 
605.365979, 67, 0.1, 0.1, 0.00778370745, 0.380966645, -0.0349636468, 0.912072393, -0.410029206, -7.69786099e-006, 0.410029206, 0.912072393, -1.83119197e-006, 7.77184869e-006, -1.48616819e-006, 1, 0.912072418, -0.410029151, -1.77584613e-005, 0.410029151, 0.912072418, -7.14843933e-006, 1.91280713e-005, -7.61592485e-007, 1, 0, 0, 0, 0, 0, 0, 0, 0.305025854, -0.0919072998, -0.147028955, -0.27709303, 0.734966912, -0.618857928, -0.849975586, 0.112792969, 0.514526367, 0.447909258, 0.668525052, 0.593621123, 0, 0, -0, 0, 0, 0, 0, 0.375604346, -0.0552856934, -0.109705713, 0.0882140438, 0.485004935, -0.870001542, 0.364624023, -0.828491211, -0.424926758, -0.926886979, -0.279570045, -0.249901685, 0, 2, 5, 1, 
605.366679, 67, 0.1, 0.1, 0.007783702, 0.380966643, -0.0349624303, 0.912072266, -0.410029489, 6.71414878e-006, 0.410029489, 0.912072266, 1.18954546e-007, -6.17256376e-006, 2.64450385e-006, 1, 0.912072297, -0.410029419, 1.49222225e-005, 0.410029419, 0.912072297, 1.1028939e-005, -1.81323352e-005, -3.94063949e-006, 1, 0, 0, 0, 0, 0, 0, 0, 0.305025854, -0.0919072998, -0.147028955, -0.275389355, 0.732068424, -0.622944116, -0.854248047, 0.110717773, 0.50769043, 0.440718274, 0.672073925, 0.595133455, 0, 0, -0, 0, 0, 0, 0, 0.375604346, -0.0552856934, -0.109705713, 0.0882140438, 0.485004935, -0.870001542, 0.364624023, -0.828491211, -0.424926758, -0.926886979, -0.279570045, -0.249901685, 0, 2, 5, 1, 
605.367401, 67, 0.1, 0.1, 0.00778370756, 0.380966644, -0.0349630441, 0.912072188, -0.410029662, -3.97085942e-006, 0.410029662, 0.912072188, -1.44211002e-005, 9.53478929e-006, 1.15249143e-005, 1, 0.912072201, -0.410029633, -1.94362194e-005, 0.410029632, 0.912072201, -8.13473346e-006, 2.10627172e-005, -5.49961637e-007, 1, 0, 0, 0, 0, 0, 0, 0, 0.306653735, -0.0936073242, -0.14634021, -0.275389355, 0.732068424, -0.622944116, -0.854248047, 0.110717773, 0.50769043, 0.440718274, 0.672073925, 0.595133455, 0, 0, -0, 0, 0, 0, 0, 0.377099072, -0.0566577637, -0.108723535, 0.089805391, 0.482697571, -0.871017964, 0.370117187, -0.828125, -0.420776367, -0.924510353, -0.284476782, -0.253077083, 0, 2, 5, 1, 
605.368094, 67, 0.1, 0.1, 0.00778370183, 0.380966643, -0.0349655356, 0.912072037, -0.410029999, 2.07825828e-006, 0.410029999, 0.912072036, 1.65650481e-005, -8.68768791e-006, -1.42563689e-005, 1, 0.912072075, -0.410029913, 1.36143671e-005, 0.410029913, 0.912072075, 1.40782042e-005, -1.81897689e-005, -7.2580392e-006, 1, 0, 0, 0, 0, 0, 0, 0, 0.306653735, -0.0936073242, -0.14634021, -0.275389355, 0.732068424, -0.622944116, -0.854248047, 0.110717773, 0.50769043, 0.440718274, 0.672073925, 0.595133455, 0, 0, -0, 0, 0, 0, 0, 0.377099072, -0.0566577637, -0.108723535, 0.089805391, 0.482697571, -0.871017964, 0.370117187, -0.828125, -0.420776367, -0.924510353, -0.284476782, -0.253077083, 0, 2, 5, 1, 
605.368786, 67, 0.1, 0.1, 0.00778370526, 0.380966643, -0.0349691269, 0.912071777, -0.410030577, -2.12131979e-006, 0.410030577, 0.912071777, -7.1609919e-006, 4.87102155e-006, 5.66153263e-006, 1, 0.912071834, -0.410030449, -1.01721811e-005, 0.410030449, 0.912071834, -1.14770008e-005, 1.39836797e-005, 6.2969452e-006, 1, 0, 0, 0, 0, 0, 0, 0, 0.306653735, -0.0936073242, -0.14634021, -0.275389355, 0.732068424, -0.622944116, -0.854248047, 0.110717773, 0.50769043, 0.440718274, 0.672073925, 0.595133455, 0, 0, -0, 0, 0, 0, 0, 0.377099072, -0.0566577637, -0.108723535, 0.089805391, 0.482697571, -0.871017964, 0.370117187, -0.828125, -0.420776367, -0.924510353, -0.284476782, -0.253077083, 0, 2, 5, 1, 
605.369474, 67, 0.1, 0.1, 0.00778370024, 0.38096664, -0.0349726822, 0.912071519, -0.41003115, 6.8649646e-006, 0.41003115, 0.912071519, 6.97512127e-006, -9.12135568e-006, -3.54696012e-006, 1, 0.912071564, -0.41003105, 1.60845166e-005, 0.41003105, 0.912071564, 5.22391365e-006, -1.6812197e-005, 1.83056813e-006, 1, 0, 0, 0, 0, 0, 0, 0, 0.306653735, -0.0936073242, -0.14634021, -0.275389355, 0.732068424, -0.622944116, -0.854248047, 0.110717773, 0.50769043, 0.440718274, 0.672073925, 0.595133455, 0, 0, -0, 0, 0, 0, 0, 0.377099072, -0.0566577637, -0.108723535, 0.089805391, 0.482697571, -0.871017964, 0.370117187, -0.828125, -0.420776367, -0.924510353, -0.284476782, -0.253077083, 0, 2, 5, 1, 
605.370169, 67, 0.1, 0.1, 0.00778370171, 0.380966642, -0.0349752039, 0.912071241, -0.410031768, 3.63331e-007, 0.410031768, 0.912071241, -1.10458753e-005, 4.19777604e-006, 1.02236025e-005, 1, 0.912071299, -0.41003164, -5.13712196e-006, 0.41003164, 0.912071299, -1.49083378e-005, 1.07983117e-005, 1.14910845e-005, 1, 0, 0, 0, 0, 0, 0, 0, 0.306653735, -0.0936073242, -0.14634021, -0.275389355, 0.732068424, -0.622944116, -0.854248047, 0.110717773, 0.50769043, 0.440718274, 0.672073925, 0.595133455, 0, 0, -0, 0, 0, 0, 0, 0.377099072, -0.0566577637, -0.108723535, 0.089805391, 0.482697571, -0.871017964, 0.370117187, -0.828125, -0.420776367, -0.924510353, -0.284476782, -0.253077083, 0, 2, 5, 1, 
605.370861, 67, 0.1, 0.1, 0.00778369924, 0.380966638, -0.0349759895, 0.91207093, -0.41003246, -6.83518302e-007, 0.41003246, 0.91207093, 7.58572603e-006, -2.48697673e-006, -7.19898488e-006, 1, 0.912070994, -0.410032318, 4.62234175e-006, 0.410032318, 0.912070994, 1.41573136e-005, -1.002086e-005, -1.10171656e-005, 1, 0, 0, 0, 0, 0, 0, 0, 0.306653735, -0.0936073242, -0.14634021, -0.275389355, 0.732068424, -0.622944116, -0.854248047, 0.110717773, 0.50769043, 0.440718274, 0.672073925, 0.595133455, 0, 0, -0, 0, 0, 0, 0, 0.377099072, -0.0566577637, -0.108723535, 0.089805391, 0.482697571, -0.871017964, 0.370117187, -0.828125, -0.420776367, -0.924510353, -0.284476782, -0.253077083, 0, 2, 5, 1, 
605.371549, 67, 0.1, 0.1, 0.00778370247, 0.38096664, -0.0349749435, 0.912070644, -0.410033096, -6.78648433e-006, 0.410033096, 0.912070644, -1.33901689e-006, 6.73879437e-006, -1.56140518e-006, 1, 0.912070694, -0.410032985, -1.33897904e-005, 0.410032985, 0.912070694, -4.76987841e-006, 1.41682429e-005, -1.13978942e-006, 1, 0, 0, 0, 0, 0, 0, 0, 0.306653735, -0.0936073242, -0.14634021, -0.275389355, 0.732068424, -0.622944116, -0.854248047, 0.110717773, 0.50769043, 0.440718274, 0.672073925, 0.595133455, 0, 0, -0, 0, 0, 0, 0, 0.377099072, -0.0566577637, -0.108723535, 0.089805391, 0.482697571, -0.871017964, 0.370117187, -0.828125, -0.420776367, -0.924510353, -0.284476782, -0.253077083, 0, 2, 5, 1, 
605.372272, 67, 0.1, 0.1, 0.0077836986, 0.380966638, -0.034972086, 0.912070392, -0.410033658, 3.30937985e-006, 0.410033658, 0.912070392, -4.82711504e-007, -2.82045941e-006, 1.797224e-006, 1, 0.912070441, -0.410033547, 9.30081734e-006, 0.410033547, 0.912070441, 7.34428969e-006, -1.14944057e-005, -2.88486241e-006, 1, 0, 0, 0, 0, 0, 0, 0, 0.309078516, -0.0946179687, -0.145812451, -0.275457122, 0.729550734, -0.625874804, -0.858886719, 0.10559082, 0.501098633, 0.431706796, 0.675686079, 0.597698694, 0, 0, -0, 0, 0, 0, 0, 0.378499072, -0.0579783203, -0.10815415, 0.0900868403, 0.481105858, -0.871919181, 0.375, -0.827392578, -0.41784668, -0.922516888, -0.289185558, -0.255012946, 0, 2, 5, 1, 
605.372968, 67, 0.1, 0.1, 0.00778370267, 0.380966639, -0.034968792, 0.912070198, -0.410034088, -5.02494413e-006, 0.410034088, 0.912070198, -2.36746614e-006, 5.55384361e-006, 9.88969323e-008, 1, 0.912070237, -0.410034001, -1.37244312e-005, 0.410034001, 0.912070237, -6.8817763e-006, 1.53394075e-005, 6.49179885e-007, 1, 0, 0, 0, 0, 0, 0, 0, 0.309078516, -0.0946179687, -0.145812451, -0.275457122, 0.729550734, -0.625874804, -0.858886719, 0.10559082, 0.501098633, 0.431706796, 0.675686079, 0.597698694, 0, 0, -0, 0, 0, 0, 0, 0.378499072, -0.0579783203, -0.10815415, 0.0900868403, 0.481105858, -0.871919181, 0.375, -0.827392578, -0.41784668, -0.922516888, -0.289185558, -0.255012946, 0, 2, 5, 1, 
605.373657, 67, 0.1, 0.1, 0.00778369753, 0.380966637, -0.0349660456, 0.912070034, -0.410034453, 1.07465737e-005, 0.410034454, 0.912070034, -1.06080616e-005, -5.45195716e-006, 1.40817606e-005, 1, 0.912070057, -0.410034402, 1.844483e-005, 0.410034402, 0.912070057, -2.19569981e-006, -1.59226647e-005, 9.56564687e-006, 1, 0, 0, 0, 0, 0, 0, 0, 0.309078516, -0.0946179687, -0.145812451, -0.275457122, 0.729550734, -0.625874804, -0.858886719, 0.10559082, 0.501098633, 0.431706796, 0.675686079, 0.597698694, 0, 0, -0, 0, 0, 0, 0, 0.378499072, -0.0579783203, -0.10815415, 0.0900868403, 0.481105858, -0.871919181, 0.375, -0.827392578, -0.41784668, -0.922516888, -0.289185558, -0.255012946, 0, 2, 5, 1, 
605.374379, 67, 0.1, 0.1, 0.0077837032, 0.380966636, -0.0349643004, 0.912070016, -0.410034494, -1.42148825e-005, 0.410034494, 0.912070016, 1.48941589e-005, 6.85784922e-006, -1.94131079e-005, 1, 0.912070008, -0.41003451, -2.37563176e-005, 0.410034511, 0.912070008, 1.048314e-005, 1.73689756e-005, -1.93022676e-005, 1, 0, 0, 0, 0, 0, 0, 0, 0.310683325, -0.0958572266, -0.144877393, -0.274216621, 0.726956661, -0.629497818, -0.862792969, 0.103149414, 0.494873047, 0.424712763, 0.678815962, 0.599014074, 0, 0, -0, 0, 0, 0, 0, 0.379500684, -0.0588306641, -0.107351758, 0.0911094589, 0.479718668, -0.872526556, 0.379760742, -0.826660156, -0.414916992, -0.920568266, -0.293504609, -0.257408895, 0, 2, 5, 1, 
605.375069, 67, 0.1, 0.1, 0.00778369816, 0.380966633, -0.034964208, 0.912070111, -0.410034281, 5.29709005e-006, 0.410034281, 0.912070111, 3.01684796e-006, -6.0683286e-006, -5.79588343e-007, 1, 0.912070088, -0.410034332, 1.78685099e-005, 0.410034332, 0.912070088, 1.52946996e-006, -1.69244686e-005, 5.93171873e-006, 1, 0, 0, 0, 0, 0, 0, 0, 0.310683325, -0.0958572266, -0.144877393, -0.274216621, 0.726956661, -0.629497818, -0.862792969, 0.103149414, 0.494873047, 0.424712763, 0.678815962, 0.599014074, 0, 0, -0, 0, 0, 0, 0, 0.379500684, -0.0588306641, -0.107351758, 0.0911094589, 0.479718668, -0.872526556, 0.379760742, -0.826660156, -0.414916992, -0.920568266, -0.293504609, -0.257408895, 0, 2, 5, 1, 
605.375763, 67, 0.1, 0.1, 0.00778370249, 0.380966636, -0.0349658179, 0.912070171, -0.410034149, -8.26898985e-006, 0.410034149, 0.912070171, -2.88146129e-006, 8.72339651e-006, -7.62473326e-007, 1, 0.912070156, -0.410034181, -1.74949388e-005, 0.410034181, 0.912070157, -6.96562066e-006, 1.88127541e-005, -8.20388155e-007, 1, 0, 0, 0, 0, 0, 0, 0, 0.310683325, -0.0958572266, -0.144877393, -0.274216621, 0.726956661, -0.629497818, -0.862792969, 0.103149414, 0.494873047, 0.424712763, 0.678815962, 0.599014074, 0, 0, -0, 0, 0, 0, 0, 0.379500684, -0.0588306641, -0.107351758, 0.0911094589, 0.479718668, -0.872526556, 0.379760742, -0.826660156, -0.414916992, -0.920568266, -0.293504609, -0.257408895, 0, 2, 5, 1, 
605.376457, 67, 0.1, 0.1, 0.00778369816, 0.380966632, -0.0349684406, 0.912070223, -0.410034032, -2.00273274e-007, 0.410034032, 0.912070223, 1.71276692e-005, -6.84026395e-006, -1.57037559e-005, 1, 0.912070222, -0.410034035, 1.00067274e-005, 0.410034035, 0.912070222, 1.64786152e-005, -1.58836311e-005, -1.09265554e-005, 1, 0, 0, 0, 0, 0, 0, 0, 0.310683325, -0.0958572266, -0.144877393, -0.274216621, 0.726956661, -0.629497818, -0.862792969, 0.103149414, 0.494873047, 0.424712763, 0.678815962, 0.599014074, 0, 0, -0, 0, 0, 0, 0, 0.379500684, -0.0588306641, -0.107351758, 0.0911094589, 0.479718668, -0.872526556, 0.379760742, -0.826660156, -0.414916992, -0.920568266, -0.293504609, -0.257408895, 0, 2, 5, 1, 
605.377151, 67, 0.1, 0.1, 0.00778370162, 0.380966633, -0.0349712534, 0.912070155, -0.410034184, -1.82466135e-006, 0.410034184, 0.912070155, -1.20442233e-005, 6.60276244e-006, 1.02370031e-005, 1, 0.912070176, -0.410034136, -9.71507125e-006, 0.410034136, 0.912070176, -1.48229369e-005, 1.49387369e-005, 9.53604779e-006, 1, 0, 0, 0, 0, 0, 0, 0, 0.310683325, -0.0958572266, -0.144877393, -0.274216621, 0.726956661, -0.629497818, -0.862792969, 0.103149414, 0.494873047, 0.424712763, 0.678815962, 0.599014074, 0, 0, -0, 0, 0, 0, 0, 0.379500684, -0.0588306641, -0.107351758, 0.0911094589, 0.479718668, -0.872526556, 0.379760742, -0.826660156, -0.414916992, -0.920568266, -0.293504609, -0.257408895, 0, 2, 5, 1, 
605.377841, 67, 0.1, 0.1, 0.00778369812, 0.38096663, -0.0349734835, 0.91207001, -0.410034508, 4.02244178e-006, 0.410034508, 0.91207001, 3.21919566e-006, -4.98872982e-006, -1.28679188e-006, 1, 0.91207004, -0.410034439, 8.97522e-006, 0.410034439, 0.91207004, 1.1318479e-005, -1.28269955e-005, -6.64309629e-006, 1, 0, 0, 0, 0, 0, 0, 0, 0.310683325, -0.0958572266, -0.144877393, -0.274216621, 0.726956661, -0.629497818, -0.862792969, 0.103149414, 0.494873047, 0.424712763, 0.678815962, 0.599014074, 0, 0, -0, 0, 0, 0, 0, 0.379500684, -0.0588306641, -0.107351758, 0.0911094589, 0.479718668, -0.872526556, 0.379760742, -0.826660156, -0.414916992, -0.920568266, -0.293504609, -0.257408895, 0, 2, 5, 1, 
605.378529, 67, 0.1, 0.1, 0.00778370004, 0.380966634, -0.0349745251, 0.912069871, -0.410034815, -5.67381887e-006, 0.410034815, 0.912069871, -2.76391853e-006, 6.30822207e-006, 1.94423551e-007, 1, 0.912069896, -0.41003476, -8.93686783e-006, 0.41003476, 0.912069896, -1.3660189e-005, 1.37522004e-005, 8.7946207e-006, 1, 0, 0, 0, 0, 0, 0, 0, 0.310683325, -0.0958572266, -0.144877393, -0.274216621, 0.726956661, -0.629497818, -0.862792969, 0.103149414, 0.494873047, 0.424712763, 0.678815962, 0.599014074, 0, 0, -0, 0, 0, 0, 0, 0.379500684, -0.0588306641, -0.107351758, 0.0911094589, 0.479718668, -0.872526556, 0.379760742, -0.826660156, -0.414916992, -0.920568266, -0.293504609, -0.257408895, 0, 2, 5, 1, 
605.379253, 67, 0.1, 0.1, 0.00778369852, 0.380966626, -0.0349738351, 0.912069752, -0.410035081, 1.02085296e-006, 0.410035081, 0.912069752, 1.51840118e-005, -7.1570666e-006, -1.34302923e-005, 1, 0.912069773, -0.410035034, 3.99934394e-006, 0.410035034, 0.912069773, 2.50625029e-005, -1.3924185e-005, -2.12188802e-005, 1, 0, 0, 0, 0, 0, 0, 0, 0.311786597, -0.0968419922, -0.144543579, -0.274130498, 0.725009608, -0.631775494, -0.865478516, 0.100219727, 0.490600586, 0.419013894, 0.681349, 0.600239966, 0, 0, -0, 0, 0, 0, 0, 0.380222656, -0.0596847168, -0.106549121, 0.0912695066, 0.478344237, -0.873319131, 0.384277344, -0.825927734, -0.412231445, -0.918587561, -0.297945063, -0.259210596, 0, 2, 5, 1, 
605.379948, 67, 0.1, 0.1, 0.00778369704, 0.380966632, -0.034971912, 0.9120696, -0.410035419, 1.370776e-005, 0.410035419, 0.9120696, -2.72336902e-005, -1.33565359e-006, 3.0459688e-005, 1, 0.912069636, -0.410035338, 6.42495413e-006, 0.410035338, 0.912069636, -3.14688683e-005, 7.04334248e-006, 3.13362575e-005, 0.999999999, 0, 0, 0, 0, 0, 0, 0, 0.311786597, -0.0968419922, -0.144543579, -0.274130498, 0.725009608, -0.631775494, -0.865478516, 0.100219727, 0.490600586, 0.419013894, 0.681349, 0.600239966, 0, 0, -0, 0, 0, 0, 0, 0.380222656, -0.0596847168, -0.106549121, 0.0912695066, 0.478344237, -0.873319131, 0.384277344, -0.825927734, -0.412231445, -0.918587561, -0.297945063, -0.259210596, 0, 2, 5, 1, 
605.380639, 67, 0.1, 0.1, 0.00778369696, 0.380966632, -0.0349695405, 0.912069397, -0.410035871, -9.86295068e-006, 0.410035871, 0.912069397, 1.65353832e-005, 2.21559523e-006, -1.91255806e-005, 1, 0.912069433, -0.410035791, -1.14272072e-005, 0.410035791, 0.912069433, 1.08642725e-005, 5.96766578e-006, -1.45945348e-005, 1, 0, 0, 0, 0, 0, 0, 0, 0.311786597, -0.0968419922, -0.144543579, -0.274130498, 0.725009608, -0.631775494, -0.865478516, 0.100219727, 0.490600586, 0.419013894, 0.681349, 0.600239966, 0, 0, -0, 0, 0, 0, 0, 0.380222656, -0.0596847168, -0.106549121, 0.0912695066, 0.478344237, -0.873319131, 0.384277344, -0.825927734, -0.412231445, -0.918587561, -0.297945063, -0.259210596, 0, 2, 5, 1, 
605.381328, 67, 0.1, 0.1, 0.00778369547, 0.38096663, -0.0349674334, 0.912069284, -0.410036121, 8.65997659e-007, 0.410036121, 0.912069284, -9.31738448e-006, 3.03061433e-006, 8.85319052e-006, 1, 0.912069299, -0.410036088, 2.7677681e-006, 0.410036088, 0.912069299, -7.97293859e-006, 7.44796238e-007, 8.40675731e-006, 1, 0, 0, 0, 0, 0, 0, 0, 0.311786597, -0.0968419922, -0.144543579, -0.274130498, 0.725009608, -0.631775494, -0.865478516, 0.100219727, 0.490600586, 0.419013894, 0.681349, 0.600239966, 0, 0, -0, 0, 0, 0, 0, 0.380222656, -0.0596847168, -0.106549121, 0.0912695066, 0.478344237, -0.873319131, 0.384277344, -0.825927734, -0.412231445, -0.918587561, -0.297945063, -0.259210596, 0, 2, 5, 1, 
605.382022, 67, 0.1, 0.1, 0.00778369579, 0.380966628, -0.0349661821, 0.912069214, -0.410036279, 8.92003212e-007, 0.410036279, 0.912069214, 3.68461205e-006, -2.32439328e-006, -2.99486754e-006, 1, 0.912069228, -0.410036247, -5.36863743e-006, 0.410036247, 0.912069228, 9.27261926e-006, 1.094459e-006, -1.06586066e-005, 1, 0, 0, 0, 0, 0, 0, 0, 0.311786597, -0.0968419922, -0.144543579, -0.274130498, 0.725009608, -0.631775494, -0.865478516, 0.100219727, 0.490600586, 0.419013894, 0.681349, 0.600239966, 0, 0, -0, 0, 0, 0, 0, 0.380222656, -0.0596847168, -0.106549121, 0.0912695066, 0.478344237, -0.873319131, 0.384277344, -0.825927734, -0.412231445, -0.918587561, -0.297945063, -0.259210596, 0, 2, 5, 1, 
605.382712, 67, 0.1, 0.1, 0.00778369482, 0.380966631, -0.0349660829, 0.912069163, -0.41003639, -9.92708645e-006, 0.41003639, 0.912069163, -3.51207608e-006, 1.04942684e-005, -8.67210398e-007, 1, 0.912069168, -0.41003638, -3.02117179e-006, 0.41003638, 0.912069168, -1.36146906e-005, 8.33803608e-006, 1.11787492e-005, 1, 0, 0, 0, 0, 0, 0, 0, 0.311786597, -0.0968419922, -0.144543579, -0.274130498, 0.725009608, -0.631775494, -0.865478516, 0.100219727, 0.490600586, 0.419013894, 0.681349, 0.600239966, 0, 0, -0, 0, 0, 0, 0, 0.380222656, -0.0596847168, -0.106549121, 0.0912695066, 0.478344237, -0.873319131, 0.384277344, -0.825927734, -0.412231445, -0.918587561, -0.297945063, -0.259210596, 0, 2, 5, 1, 
605.383427, 67, 0.1, 0.1, 0.00778369372, 0.380966631, -0.0349668179, 0.912069201, -0.410036305, 3.55670724e-006, 0.410036305, 0.912069201, -1.7349509e-005, 3.86996542e-006, 1.72823319e-005, 1, 0.912069185, -0.410036341, 8.83156818e-006, 0.410036341, 0.912069185, -9.01227375e-006, -4.35964144e-006, 1.18410811e-005, 1, 0, 0, 0, 0, 0, 0, 0, 0.311786597, -0.0968419922, -0.144543579, -0.274130498, 0.725009608, -0.631775494, -0.865478516, 0.100219727, 0.490600586, 0.419013894, 0.681349, 0.600239966, 0, 0, -0, 0, 0, 0, 0, 0.380222656, -0.0596847168, -0.106549121, 0.0912695066, 0.478344237, -0.873319131, 0.384277344, -0.825927734, -0.412231445, -0.918587561, -0.297945063, -0.259210596, 0, 2, 5, 1, 
605.384148, 67, 0.1, 0.1, 0.00778369232, 0.38096663, -0.0349681265, 0.912069293, -0.410036102, 1.97145004e-006, 0.410036102, 0.912069293, 1.22245815e-005, -6.81061878e-006, -1.03412997e-005, 1, 0.912069277, -0.410036137, 4.59552561e-006, 0.410036136, 0.912069277, 1.31979826e-005, -9.60308751e-006, -1.01531429e-005, 1, 0, 0, 0, 0, 0, 0, 0, 0.312949927, -0.098480127, -0.144208301, -0.273021426, 0.723430249, -0.633964804, -0.867431641, 0.0997314453, 0.487426758, 0.415872028, 0.683082249, 0.600463127, 0, 0, -0, 0, 0, 0, 0, 0.380726025, -0.0607463867, -0.105959473, 0.0917616761, 0.476669768, -0.874188265, 0.387084961, -0.825927734, -0.409790039, -0.917431147, -0.300698653, -0.260283887, 0, 2, 5, 1, 
605.38484, 67, 0.1, 0.1, 0.00778369046, 0.380966631, -0.0349697181, 0.912069322, -0.410036038, 1.06353369e-005, 0.410036038, 0.912069322, 7.54556017e-007, -1.00095597e-005, 3.672664e-006, 1, 0.912069323, -0.410036034, 1.08914739e-005, 0.410036034, 0.912069323, -6.10171361e-006, -7.43185683e-006, 1.00310826e-005, 1, 0, 0, 0, 0, 0, 0, 0, 0.312949927, -0.098480127, -0.144208301, -0.273021426, 0.723430249, -0.633964804, -0.867431641, 0.0997314453, 0.487426758, 0.415872028, 0.683082249, 0.600463127, 0, 0, -0, 0, 0, 0, 0, 0.380726025, -0.0607463867, -0.105959473, 0.0917616761, 0.476669768, -0.874188265, 0.387084961, -0.825927734, -0.409790039, -0.917431147, -0.300698653, -0.260283887, 0, 2, 5, 1, 
605.38553, 67, 0.1, 0.1, 0.00778369066, 0.380966628, -0.0349712357, 0.912069272, -0.410036149, 6.86864249e-006, 0.410036149, 0.912069272, -1.51379651e-008, -6.25847064e-006, 2.83019858e-006, 1, 0.912069284, -0.410036121, -4.03690672e-006, 0.410036121, 0.912069284, 6.37446957e-006, 1.06817585e-006, -7.46923547e-006, 1, 0, 0, 0, 0, 0, 0, 0, 0.312949927, -0.098480127, -0.144208301, -0.273021426, 0.723430249, -0.633964804, -0.867431641, 0.0997314453, 0.487426758, 0.415872028, 0.683082249, 0.600463127, 0, 0, -0, 0, 0, 0, 0, 0.380726025, -0.0607463867, -0.105959473, 0.0917616761, 0.476669768, -0.874188265, 0.387084961, -0.825927734, -0.409790039, -0.917431147, -0.300698653, -0.260283887, 0, 2, 5, 1, 
605.386224, 67, 0.1, 0.1, 0.00778369007, 0.380966627, -0.0349722256, 0.912069239, -0.410036222, -7.38955663e-006, 0.410036222, 0.912069239, 9.06732973e-006, 3.02185367e-006, -1.13000184e-005, 1, 0.912069239, -0.410036221, -7.69567818e-006, 0.410036221, 0.912069239, 4.17924801e-006, 5.30534828e-006, -6.96727035e-006, 1, 0, 0, 0, 0, 0, 0, 0, 0.312949927, -0.098480127, -0.144208301, -0.273021426, 0.723430249, -0.633964804, -0.867431641, 0.0997314453, 0.487426758, 0.415872028, 0.683082249, 0.600463127, 0, 0, -0, 0, 0, 0, 0, 0.380726025, -0.0607463867, -0.105959473, 0.0917616761, 0.476669768, -0.874188265, 0.387084961, -0.825927734, -0.409790039, -0.917431147, -0.300698653, -0.260283887, 0, 2, 5, 1, 
605.386936, 67, 0.1, 0.1, 0.00778368923, 0.380966627, -0.0349722819, 0.912069283, -0.410036124, -2.61139515e-006, 0.410036124, 0.912069283, -1.33849078e-005, 7.87006899e-006, 1.11371969e-005, 1, 0.912069269, -0.410036155, -1.67230373e-008, 0.410036155, 0.912069269, -1.25427638e-005, 5.15823923e-006, 1.14330124e-005, 1, 0, 0, 0, 0, 0, 0, 0, 0.312949927, -0.098480127, -0.144208301, -0.273021426, 0.723430249, -0.633964804, -0.867431641, 0.0997314453, 0.487426758, 0.415872028, 0.683082249, 0.600463127, 0, 0, -0, 0, 0, 0, 0, 0.38141626, -0.0615984863, -0.105589648, 0.0916085583, 0.475097377, -0.875082919, 0.39050293, -0.825439453, -0.407348633, -0.915974328, -0.304423457, -0.261114375, 0, 2, 5, 1, 
605.387626, 67, 0.1, 0.1, 0.00778368989, 0.380966626, -0.0349715403, 0.912069353, -0.410035968, -8.03307313e-006, 0.410035968, 0.912069353, -2.76567239e-007, 7.44012233e-006, -3.04160041e-006, 1, 0.912069341, -0.410035994, -3.21738658e-006, 0.410035994, 0.912069341, 8.10426191e-006, -3.88559437e-007, -8.71089313e-006, 1, 0, 0, 0, 0, 0, 0, 0, 0.312949927, -0.098480127, -0.144208301, -0.273021426, 0.723430249, -0.633964804, -0.867431641, 0.0997314453, 0.487426758, 0.415872028, 0.683082249, 0.600463127, 0, 0, -0, 0, 0, 0, 0, 0.38141626, -0.0615984863, -0.105589648, 0.0916085583, 0.475097377, -0.875082919, 0.39050293, -0.825439453, -0.407348633, -0.915974328, -0.304423457, -0.261114375, 0, 2, 5, 1, 
605.388317, 67, 0.1, 0.1, 0.00778368928, 0.380966628, -0.0349703434, 0.912069353, -0.410035969, -1.28799134e-006, 0.410035969, 0.912069353, 4.97352665e-006, -8.6458739e-007, -5.06432401e-006, 1, 0.912069359, -0.410035955, 5.69865161e-006, 0.410035955, 0.912069359, -3.84102726e-006, -3.62260624e-006, 5.83993532e-006, 1, 0, 0, 0, 0, 0, 0, 0, 0.312949927, -0.098480127, -0.144208301, -0.273021426, 0.723430249, -0.633964804, -0.867431641, 0.0997314453, 0.487426758, 0.415872028, 0.683082249, 0.600463127, 0, 0, -0, 0, 0, 0, 0, 0.38141626, -0.0615984863, -0.105589648, 0.0916085583, 0.475097377, -0.875082919, 0.39050293, -0.825439453, -0.407348633, -0.915974328, -0.304423457, -0.261114375, 0, 2, 5, 1, 
605.389019, 67, 0.1, 0.1, 0.00778368987, 0.380966627, -0.0349689939, 0.912069287, -0.410036115, 1.03592294e-005, 0.410036115, 0.912069287, -9.32506497e-006, -5.62472155e-006, 1.27527635e-005, 1, 0.9120693, -0.410036087, 5.69346061e-006, 0.410036087, 0.9120693, -5.90181478e-006, -2.7728736e-006, 7.71738838e-006, 1, 0, 0, 0, 0, 0, 0, 0, 0.313811279, -0.0994736816, -0.144326831, -0.273504817, 0.721324436, -0.636224506, -0.868408203, 0.0992431641, 0.485717773, 0.413600343, 0.685393248, 0.599461517, 0, 0, -0, 0, 0, 0, 0, 0.38141626, -0.0615984863, -0.105589648, 0.0916085583, 0.475097377, -0.875082919, 0.39050293, -0.825439453, -0.407348633, -0.915974328, -0.304423457, -0.261114375, 0, 2, 5, 1, 
605.389709, 67, 0.1, 0.1, 0.00778369028, 0.380966626, -0.0349679485, 0.91206926, -0.410036175, 2.02981622e-007, 0.410036175, 0.91206926, 1.31117077e-005, -5.56140775e-006, -1.18755557e-005, 1, 0.912069258, -0.41003618, -8.17176248e-006, 0.41003618, 0.912069258, 9.66268986e-006, 3.4911609e-006, -1.21637606e-005, 1, 0, 0, 0, 0, 0, 0, 0, 0.313811279, -0.0994736816, -0.144326831, -0.273504817, 0.721324436, -0.636224506, -0.868408203, 0.0992431641, 0.485717773, 0.413600343, 0.685393248, 0.599461517, 0, 0, -0, 0, 0, 0, 0, 0.38141626, -0.0615984863, -0.105589648, 0.0916085583, 0.475097377, -0.875082919, 0.39050293, -0.825439453, -0.407348633, -0.915974328, -0.304423457, -0.261114375, 0, 2, 5, 1, 
605.3904, 67, 0.1, 0.1, 0.0077836889, 0.380966627, -0.0349675385, 0.912069322, -0.410036038, -4.07405301e-007, 0.410036038, 0.912069322, -4.0818701e-006, 2.04529572e-006, 3.55589764e-006, 1, 0.912069305, -0.410036074, -5.95548437e-007, 0.410036074, 0.912069305, -1.13823018e-005, 5.2103358e-006, 1.01372518e-005, 1, 0, 0, 0, 0, 0, 0, 0, 0.313811279, -0.0994736816, -0.144326831, -0.273504817, 0.721324436, -0.636224506, -0.868408203, 0.0992431641, 0.485717773, 0.413600343, 0.685393248, 0.599461517, 0, 0, -0, 0, 0, 0, 0, 0.38141626, -0.0615984863, -0.105589648, 0.0916085583, 0.475097377, -0.875082919, 0.39050293, -0.825439453, -0.407348633, -0.915974328, -0.304423457, -0.261114375, 0, 2, 5, 1, 
605.391099, 67, 0.1, 0.1, 0.00778368858, 0.380966623, -0.0349677623, 0.912069391, -0.410035884, -2.12842612e-006, 0.410035884, 0.912069391, -5.44992056e-006, 4.17593531e-006, 4.09797464e-006, 1, 0.912069384, -0.4100359, -4.78211573e-006, 0.4100359, 0.912069384, 6.28310427e-006, 1.78532304e-006, -7.69146617e-006, 1, 0, 0, 0, 0, 0, 0, 0, 0.313811279, -0.0994736816, -0.144326831, -0.273504817, 0.721324436, -0.636224506, -0.868408203, 0.0992431641, 0.485717773, 0.413600343, 0.685393248, 0.599461517, 0, 0, -0, 0, 0, 0, 0, 0.38141626, -0.0615984863, -0.105589648, 0.0916085583, 0.475097377, -0.875082919, 0.39050293, -0.825439453, -0.407348633, -0.915974328, -0.304423457, -0.261114375, 0, 2, 5, 1, 
605.391817, 67, 0.1, 0.1, 0.00778368636, 0.380966622, -0.0349682887, 0.912069369, -0.410035933, -5.96048122e-006, 0.410035933, 0.912069369, 1.14879629e-005, 7.2589476e-007, -1.29218305e-005, 1, 0.912069382, -0.410035905, 4.2151514e-006, 0.410035905, 0.912069382, 1.02468814e-005, -8.04609982e-006, -7.61750337e-006, 1, 0, 0, 0, 0, 0, 0, 0, 0.314760156, -0.100687061, -0.143583643, -0.272236985, 0.719300999, -0.639131229, -0.870117187, 0.0993652344, 0.482543945, 0.410680515, 0.687444016, 0.599056753, 0, 0, -0, 0, 0, 0, 0, 0.382241016, -0.0625837402, -0.104539355, 0.0933851062, 0.474502763, -0.875140888, 0.394042969, -0.824829102, -0.405273437, -0.91419195, -0.306940808, -0.264066293, 0, 2, 5, 1, 
605.392511, 67, 0.1, 0.1, 0.00778368468, 0.380966622, -0.0349691335, 0.912069296, -0.410036096, 9.78095071e-006, 0.410036096, 0.912069296, -8.04812193e-006, -5.62088434e-006, 1.13509877e-005, 1, 0.912069308, -0.410036067, 1.28310106e-005, 0.410036067, 0.912069308, -6.78645941e-006, -8.92007787e-006, 1.14508985e-005, 1, 0, 0, 0, 0, 0, 0, 0, 0.314760156, -0.100687061, -0.143583643, -0.272236985, 0.719300999, -0.639131229, -0.870117187, 0.0993652344, 0.482543945, 0.410680515, 0.687444016, 0.599056753, 0, 0, -0, 0, 0, 0, 0, 0.382241016, -0.0625837402, -0.104539355, 0.0933851062, 0.474502763, -0.875140888, 0.394042969, -0.824829102, -0.405273437, -0.91419195, -0.306940808, -0.264066293, 0, 2, 5, 1, 
605.393215, 67, 0.1, 0.1, 0.00778368502, 0.38096662, -0.0349700339, 0.912069282, -0.410036127, 4.92385876e-006, 0.410036127, 0.912069282, 6.74130554e-006, -7.25507913e-006, -4.12957773e-006, 1, 0.912069278, -0.410036136, 4.68127484e-007, 0.410036136, 0.912069278, 1.12519782e-005, -5.04068235e-006, -1.00706344e-005, 1, 0, 0, 0, 0, 0, 0, 0, 0.314760156, -0.100687061, -0.143583643, -0.272236985, 0.719300999, -0.639131229, -0.870117187, 0.0993652344, 0.482543945, 0.410680515, 0.687444016, 0.599056753, 0, 0, -0, 0, 0, 0, 0, 0.382241016, -0.0625837402, -0.104539355, 0.0933851062, 0.474502763, -0.875140888, 0.394042969, -0.824829102, -0.405273437, -0.91419195, -0.306940808, -0.264066293, 0, 2, 5, 1, 
605.393909, 67, 0.1, 0.1, 0.00778368437, 0.380966622, -0.0349707202, 0.912069345, -0.410035987, 4.61184279e-007, 0.410035987, 0.912069345, 6.01421613e-006, -2.88667709e-006, -5.29628001e-006, 1, 0.912069329, -0.410036021, -1.90925889e-006, 0.410036021, 0.912069329, -6.95819892e-006, 4.59448867e-006, 5.5634949e-006, 1, 0, 0, 0, 0, 0, 0, 0, 0.314760156, -0.100687061, -0.143583643, -0.272236985, 0.719300999, -0.639131229, -0.870117187, 0.0993652344, 0.482543945, 0.410680515, 0.687444016, 0.599056753, 0, 0, -0, 0, 0, 0, 0, 0.382241016, -0.0625837402, -0.104539355, 0.0933851062, 0.474502763, -0.875140888, 0.394042969, -0.824829102, -0.405273437, -0.91419195, -0.306940808, -0.264066293, 0, 2, 5, 1, 
605.394599, 67, 0.1, 0.1, 0.00778368503, 0.380966621, -0.0349710814, 0.91206939, -0.410035885, -3.8630261e-007, 0.410035885, 0.91206939, -1.14825716e-005, 5.0606012e-006, 1.03145041e-005, 1, 0.912069388, -0.410035891, -5.05187369e-006, 0.410035891, 0.912069388, -8.27568571e-006, 8.00098751e-006, 5.47655007e-006, 1, 0, 0, 0, 0, 0, 0, 0, 0.314760156, -0.100687061, -0.143583643, -0.272236985, 0.719300999, -0.639131229, -0.870117187, 0.0993652344, 0.482543945, 0.410680515, 0.687444016, 0.599056753, 0, 0, -0, 0, 0, 0, 0, 0.382241016, -0.0625837402, -0.104539355, 0.0933851062, 0.474502763, -0.875140888, 0.394042969, -0.824829102, -0.405273437, -0.91419195, -0.306940808, -0.264066293, 0, 2, 5, 1, 
605.395292, 67, 0.1, 0.1, 0.00778368522, 0.380966619, -0.0349710495, 0.912069355, -0.410035964, -1.12911309e-005, 0.410035964, 0.912069355, 6.98953917e-006, 7.43233206e-006, -1.10047142e-005, 1, 0.912069368, -0.410035936, -9.37471089e-006, 0.410035936, 0.912069368, 8.46029234e-006, 5.08136274e-006, -1.15603418e-005, 1, 0, 0, 0, 0, 0, 0, 0, 0.314760156, -0.100687061, -0.143583643, -0.272236985, 0.719300999, -0.639131229, -0.870117187, 0.0993652344, 0.482543945, 0.410680515, 0.687444016, 0.599056753, 0, 0, -0, 0, 0, 0, 0, 0.382241016, -0.0625837402, -0.104539355, 0.0933851062, 0.474502763, -0.875140888, 0.394042969, -0.824829102, -0.405273437, -0.91419195, -0.306940808, -0.264066293, 0, 2, 5, 1, 
605.395986, 67, 0.1, 0.1, 0.00778368402, 0.38096662, -0.0349706425, 0.912069292, -0.410036104, -2.59774271e-006, 0.410036104, 0.912069292, -6.26475798e-006, 4.93809831e-006, 4.64872507e-006, 1, 0.912069302, -0.410036081, 6.75814146e-006, 0.410036081, 0.912069302, -8.32399094e-006, -2.75075675e-006, 1.03631385e-005, 1, 0, 0, 0, 0, 0, 0, 0, 0.314760156, -0.100687061, -0.143583643, -0.272236985, 0.719300999, -0.639131229, -0.870117187, 0.0993652344, 0.482543945, 0.410680515, 0.687444016, 0.599056753, 0, 0, -0, 0, 0, 0, 0, 0.382241016, -0.0625837402, -0.104539355, 0.0933851062, 0.474502763, -0.875140888, 0.394042969, -0.824829102, -0.405273437, -0.91419195, -0.306940808, -0.264066293, 0, 2, 5, 1, 
605.396705, 67, 0.1, 0.1, 0.00778368425, 0.380966618, -0.0349696673, 0.912069303, -0.41003608, 6.76162344e-006, 0.41003608, 0.912069303, -3.23634325e-006, -4.84005168e-006, 5.7242789e-006, 1, 0.912069294, -0.4100361, 4.7745121e-006, 0.4100361, 0.912069294, 8.06691098e-006, -7.66241059e-006, -5.39985948e-006, 1, 0, 0, 0, 0, 0, 0, 0, 0.315765063, -0.102333984, -0.143059546, -0.270003492, 0.71756288, -0.641911393, -0.87121582, 0.10168457, 0.480224609, 0.409955989, 0.688955226, 0.597890393, 0, 0, -0, 0, 0, 0, 0, 0.382949072, -0.0637102051, -0.104104834, 0.0938324331, 0.474579322, -0.87505157, 0.395019531, -0.824584961, -0.404785156, -0.913776706, -0.307669217, -0.264916104, 0, 2, 5, 1, 
605.397395, 67, 0.1, 0.1, 0.00778368354, 0.380966618, -0.0349687974, 0.912069379, -0.41003591, 2.75589466e-006, 0.41003591, 0.912069379, 1.42774982e-005, -8.3678541e-006, -1.18920531e-005, 1, 0.912069364, -0.410035943, 2.47775149e-006, 0.410035943, 0.912069364, 8.3666755e-006, -5.69051891e-006, -6.61502124e-006, 1, 0, 0, 0, 0, 0, 0, 0, 0.315765063, -0.102333984, -0.143059546, -0.270003492, 0.71756288, -0.641911393, -0.87121582, 0.10168457, 0.480224609, 0.409955989, 0.688955226, 0.597890393, 0, 0, -0, 0, 0, 0, 0, 0.382949072, -0.0637102051, -0.104104834, 0.0938324331, 0.474579322, -0.87505157, 0.395019531, -0.824584961, -0.404785156, -0.913776706, -0.307669217, -0.264916104, 0, 2, 5, 1, 
