time, trialNum, realDorsalTactorPos, realVentralTactorPos, boxPosX, boxPosY, boxPosZ, boxLocalRot_11, boxLocalRot_12, boxLocalRot_13, boxLocalRot_21, boxLocalRot_22, boxLocalRot_23, boxLocalRot_31, boxLocalRot_32, boxLocalRot_33, boxGlobalRot_11, boxGlobalRot_12, boxGlobalRot_13, boxGlobalRot_21, boxGlobalRot_22, boxGlobalRot_23, boxGlobalRot_31, boxGlobalRot_32, boxGlobalRot_33, indexForceX, indexForceY, indexForceZ, indexForceGlobalX, indexForceGlobalY, indexForceGlobalZ, indexContact, indexPosX, indexPosY, indexPosZ, indexRot_11, indexRot_12, indexRot_13, indexRot_21, indexRot_22, indexRot_23, indexRot_31, indexRot_32, indexRot_33, thumbForceX, thumbForceY, thumbForceZ, thumbForceGlobalX, thumbForceGlobalY, thumbForceGlobalZ, thumbContact, thumbPosX, thumbPosY, thumbPosZ, thumbRot_11, thumbRot_12, thumbRot_13, thumbRot_21, thumbRot_22, thumbRot_23, thumbRot_31, thumbRot_32, thumbRot_33, manipForceTooHigh, cceExpType, mapping, trialSuccess, 
502.4835, 66, 0.1, 0.1, 0.0120080612, 0.373570989, -0.0349721613, 0.896635928, -0.442768576, 3.24083653e-006, 0.442768576, 0.896635928, 4.71688125e-006, -4.99433726e-006, -2.79438462e-006, 1, 0.896635932, -0.442768568, 1.22283974e-006, 0.442768568, 0.896635932, 3.79305502e-006, -2.77588759e-006, -2.85955443e-006, 1, 0, 0, 0, 0, 0, 0, 0, 0.311596411, -0.17310271, -0.182489868, -0.239316292, 0.447607446, -0.861563392, -0.9609375, 0.0174560547, 0.276000977, 0.138631403, 0.893988176, 0.426034138, 0, 0, -0, 0, 0, 0, 0, 0.357962158, -0.108095605, -0.146662451, 0.0969660265, 0.322309423, -0.941516213, 0.625244141, -0.755737305, -0.194335937, -0.774257119, -0.569772562, -0.274847645, 0, 2, 3, 1, 
502.518222, 66, 0.1, 0.1, 0.0120081246, 0.373570956, -0.0349695793, 0.896638256, -0.442763862, 1.32849436e-005, 0.442763862, 0.896638256, -9.3721396e-006, -7.76214395e-006, 1.42855119e-005, 1, 0.896638104, -0.442764171, 1.72302088e-005, 0.442764171, 0.896638104, 1.75204884e-006, -1.62250062e-005, 6.05796534e-006, 1, 0, 0, 0, 0, 0, 0, 0, 0.317432983, -0.182647803, -0.179029614, -0.271684502, 0.448717641, -0.851296447, -0.956420898, -0.0284423828, 0.290283203, 0.105938892, 0.893194379, 0.437014391, 0, 0, -0, 0, 0, 0, 0, 0.361324316, -0.116198096, -0.14219502, 0.0694567387, 0.335070415, -0.939534775, 0.656738281, -0.724243164, -0.209716797, -0.750758779, -0.602431058, -0.270343392, 0, 2, 3, 1, 
502.51891, 66, 0.1, 0.1, 0.0120081283, 0.373570957, -0.0349711069, 0.89663904, -0.442762274, -1.01559852e-005, 0.442762274, 0.89663904, 1.22791623e-005, 3.66950304e-006, -1.55066634e-005, 1, 0.896638881, -0.442762596, -1.43944432e-005, 0.442762596, 0.896638881, 1.77569812e-006, 1.21204047e-005, -7.96548102e-006, 1, 0, 0, 0, 0, 0, 0, 0, 0.317432983, -0.182647803, -0.179029614, -0.271684502, 0.448717641, -0.851296447, -0.956420898, -0.0284423828, 0.290283203, 0.105938892, 0.893194379, 0.437014391, 0, 0, -0, 0, 0, 0, 0, 0.361324316, -0.116198096, -0.14219502, 0.0694567387, 0.335070415, -0.939534775, 0.656738281, -0.724243164, -0.209716797, -0.750758779, -0.602431058, -0.270343392, 0, 2, 3, 1, 
502.519598, 66, 0.1, 0.1, 0.0120081256, 0.373570953, -0.0349722155, 0.896639856, -0.442760621, 1.25120783e-005, 0.442760621, 0.896639856, -8.93411025e-006, -7.26315591e-006, 1.35505349e-005, 1, 0.896639692, -0.442760954, 1.6839469e-005, 0.442760954, 0.896639692, 1.18151217e-006, -1.56220638e-005, 6.39646865e-006, 1, 0, 0, 0, 0, 0, 0, 0, 0.317432983, -0.182647803, -0.179029614, -0.271684502, 0.448717641, -0.851296447, -0.956420898, -0.0284423828, 0.290283203, 0.105938892, 0.893194379, 0.437014391, 0, 0, -0, 0, 0, 0, 0, 0.361324316, -0.116198096, -0.14219502, 0.0694567387, 0.335070415, -0.939534775, 0.656738281, -0.724243164, -0.209716797, -0.750758779, -0.602431058, -0.270343392, 0, 2, 3, 1, 
502.520287, 66, 0.1, 0.1, 0.0120081295, 0.373570954, -0.0349725976, 0.896640695, -0.442758922, -1.06300962e-005, 0.442758922, 0.896640695, 1.17042637e-005, 4.34920964e-006, -1.5201089e-005, 1, 0.896640529, -0.442759258, -1.46027819e-005, 0.442759258, 0.896640529, 2.06745274e-006, 1.21780622e-005, -8.31927879e-006, 1, 0, 0, 0, 0, 0, 0, 0, 0.317432983, -0.182647803, -0.179029614, -0.271684502, 0.448717641, -0.851296447, -0.956420898, -0.0284423828, 0.290283203, 0.105938892, 0.893194379, 0.437014391, 0, 0, -0, 0, 0, 0, 0, 0.361324316, -0.116198096, -0.14219502, 0.0694567387, 0.335070415, -0.939534775, 0.656738281, -0.724243164, -0.209716797, -0.750758779, -0.602431058, -0.270343392, 0, 2, 3, 1, 
502.520975, 66, 0.1, 0.1, 0.0120081273, 0.373570951, -0.0349722193, 0.896641551, -0.442757189, 1.03650893e-005, 0.442757189, 0.896641551, -1.09654341e-005, -4.43874498e-006, 1.44212816e-005, 1, 0.896641377, -0.442757541, 1.49023732e-005, 0.442757541, 0.896641378, -6.86814458e-007, -1.30579921e-005, 7.21396435e-006, 1, 0, 0, 0, 0, 0, 0, 0, 0.317432983, -0.182647803, -0.179029614, -0.271684502, 0.448717641, -0.851296447, -0.956420898, -0.0284423828, 0.290283203, 0.105938892, 0.893194379, 0.437014391, 0, 0, -0, 0, 0, 0, 0, 0.361324316, -0.116198096, -0.14219502, 0.0694567387, 0.335070415, -0.939534775, 0.656738281, -0.724243164, -0.209716797, -0.750758779, -0.602431058, -0.270343392, 0, 2, 3, 1, 
502.521694, 66, 0.1, 0.1, 0.0120081326, 0.373570953, -0.0349708304, 0.896642469, -0.44275533, -1.38560068e-005, 0.44275533, 0.896642469, 1.13040375e-005, 7.41896132e-006, -1.6270501e-005, 1, 0.896642291, -0.44275569, -1.86795279e-005, 0.44275569, 0.896642291, 7.08032217e-007, 1.64353694e-005, -8.9053189e-006, 1, 0, 0, 0, 0, 0, 0, 0, 0.317328735, -0.183827124, -0.178367944, -0.27363979, 0.447448687, -0.851411023, -0.956054687, -0.0303955078, 0.291259766, 0.104518293, 0.893766137, 0.436290986, 0, 0, -0, 0, 0, 0, 0, 0.360938721, -0.11760127, -0.141952734, 0.0668179863, 0.334629285, -0.939860334, 0.657714844, -0.723144531, -0.210693359, -0.750176924, -0.604073078, -0.268413727, 0, 2, 3, 1, 
502.522387, 66, 0.1, 0.1, 0.0120081305, 0.373570949, -0.0349692596, 0.89664338, -0.442753487, 1.07395614e-005, 0.442753487, 0.896643379, -1.387255e-005, -3.48743669e-006, 1.71937084e-005, 1, 0.896643195, -0.44275386, 1.54947573e-005, 0.44275386, 0.896643195, -2.59257301e-006, -1.2745397e-005, 9.18497655e-006, 1, 0, 0, 0, 0, 0, 0, 0, 0.317328735, -0.183827124, -0.178367944, -0.27363979, 0.447448687, -0.851411023, -0.956054687, -0.0303955078, 0.291259766, 0.104518293, 0.893766137, 0.436290986, 0, 0, -0, 0, 0, 0, 0, 0.360938721, -0.11760127, -0.141952734, 0.0668179863, 0.334629285, -0.939860334, 0.657714844, -0.723144531, -0.210693359, -0.750176924, -0.604073078, -0.268413727, 0, 2, 3, 1, 
502.523078, 66, 0.1, 0.1, 0.0120081355, 0.373570951, -0.0349679804, 0.896644312, -0.442751598, -1.31373763e-005, 0.442751598, 0.896644312, 1.23868597e-005, 6.29525179e-006, -1.69232016e-005, 1, 0.896644124, -0.442751979, -1.8442122e-005, 0.442751979, 0.896644124, 6.55930724e-007, 1.62456057e-005, -8.75342246e-006, 1, 0, 0, 0, 0, 0, 0, 0, 0.317328735, -0.183827124, -0.178367944, -0.27363979, 0.447448687, -0.851411023, -0.956054687, -0.0303955078, 0.291259766, 0.104518293, 0.893766137, 0.436290986, 0, 0, -0, 0, 0, 0, 0, 0.360938721, -0.11760127, -0.141952734, 0.0668179863, 0.334629285, -0.939860334, 0.657714844, -0.723144531, -0.210693359, -0.750176924, -0.604073078, -0.268413727, 0, 2, 3, 1, 
502.523794, 66, 0.1, 0.1, 0.0120081322, 0.373570948, -0.0349672152, 0.896645313, -0.44274957, 1.3773721e-005, 0.44274957, 0.896645313, -1.5913242e-005, -5.30456129e-006, 2.03668429e-005, 1, 0.896645099, -0.442750005, 1.9216168e-005, 0.442750005, 0.896645099, -2.94815446e-006, -1.59247874e-005, 1.11514067e-005, 1, 0, 0, 0, 0, 0, 0, 0, 0.317618359, -0.184108716, -0.177903149, -0.276478364, 0.446281205, -0.851049321, -0.955688477, -0.0349121094, 0.292114258, 0.100642161, 0.894198232, 0.436233698, 0, 0, -0, 0, 0, 0, 0, 0.360938721, -0.11760127, -0.141952734, 0.0635149901, 0.33498656, -0.940000692, 0.660644531, -0.719970703, -0.212036133, -0.747946486, -0.607472323, -0.267078309, 0, 2, 3, 1, 
502.524489, 66, 0.1, 0.1, 0.0120081368, 0.373570951, -0.0349669988, 0.896646316, -0.44274754, -1.27108998e-005, 0.44274754, 0.896646316, 1.1151096e-005, 6.46006112e-006, -1.56263088e-005, 1, 0.896646117, -0.442747943, -1.79200361e-005, 0.442747943, 0.896646117, -1.09675035e-006, 1.65535147e-005, -6.95066218e-006, 1, 0, 0, 0, 0, 0, 0, 0, 0.317618359, -0.184108716, -0.177903149, -0.276478364, 0.446281205, -0.851049321, -0.955688477, -0.0349121094, 0.292114258, 0.100642161, 0.894198232, 0.436233698, 0, 0, -0, 0, 0, 0, 0, 0.36076709, -0.117872363, -0.141933936, 0.0635149901, 0.33498656, -0.940000692, 0.660644531, -0.719970703, -0.212036133, -0.747946486, -0.607472323, -0.267078309, 0, 2, 3, 1, 
502.525178, 66, 0.1, 0.1, 0.0120081335, 0.373570947, -0.0349676809, 0.896647336, -0.442745474, 1.47314571e-005, 0.442745474, 0.896647336, -1.25508949e-005, -7.65206987e-006, 1.77760124e-005, 1, 0.896647131, -0.442745889, 1.95242076e-005, 0.442745889, 0.896647131, -1.04669805e-006, -1.70429035e-005, 9.58278148e-006, 1, 0, 0, 0, 0, 0, 0, 0, 0.317618359, -0.184108716, -0.177903149, -0.276478364, 0.446281205, -0.851049321, -0.955688477, -0.0349121094, 0.292114258, 0.100642161, 0.894198232, 0.436233698, 0, 0, -0, 0, 0, 0, 0, 0.36076709, -0.117872363, -0.141933936, 0.0635149901, 0.33498656, -0.940000692, 0.660644531, -0.719970703, -0.212036133, -0.747946486, -0.607472323, -0.267078309, 0, 2, 3, 1, 
502.525875, 66, 0.1, 0.1, 0.0120081376, 0.373570949, -0.0349689662, 0.896648377, -0.442743366, -1.27328827e-005, 0.442743366, 0.896648377, 1.30907484e-005, 5.62107661e-006, -1.73751977e-005, 1, 0.896648166, -0.442743793, -1.69396371e-005, 0.442743793, 0.896648166, 1.25631933e-006, 1.46326669e-005, -8.62639559e-006, 1, 0, 0, 0, 0, 0, 0, 0, 0.317618359, -0.184108716, -0.177903149, -0.276478364, 0.446281205, -0.851049321, -0.955688477, -0.0349121094, 0.292114258, 0.100642161, 0.894198232, 0.436233698, 0, 0, -0, 0, 0, 0, 0, 0.36076709, -0.117872363, -0.141933936, 0.0635149901, 0.33498656, -0.940000692, 0.660644531, -0.719970703, -0.212036133, -0.747946486, -0.607472323, -0.267078309, 0, 2, 3, 1, 
502.526621, 66, 0.1, 0.1, 0.012008134, 0.373570943, -0.0349697422, 0.896649535, -0.442741021, 1.38466682e-005, 0.442741021, 0.896649535, -6.36613561e-006, -9.59705925e-006, 1.18386806e-005, 1, 0.896649323, -0.44274145, 1.91723553e-005, 0.44274145, 0.896649323, 4.62776999e-006, -1.9239785e-005, 4.33890954e-006, 1, 0, 0, 0, 0, 0, 0, 0, 0.317618359, -0.184108716, -0.177903149, -0.276478364, 0.446281205, -0.851049321, -0.955688477, -0.0349121094, 0.292114258, 0.100642161, 0.894198232, 0.436233698, 0, 0, -0, 0, 0, 0, 0, 0.36076709, -0.117872363, -0.141933936, 0.0635149901, 0.33498656, -0.940000692, 0.660644531, -0.719970703, -0.212036133, -0.747946486, -0.607472323, -0.267078309, 0, 2, 3, 1, 
502.527309, 66, 0.1, 0.1, 0.0120081385, 0.373570943, -0.0349704345, 0.896650599, -0.442738866, -1.39893255e-005, 0.442738866, 0.896650599, 1.54077928e-005, 5.72190838e-006, -2.00090248e-005, 1, 0.896650387, -0.442739295, -1.78423811e-005, 0.442739295, 0.896650387, 4.89640042e-006, 1.38305491e-005, -1.22898826e-005, 1, 0, 0, 0, 0, 0, 0, 0, 0.317618359, -0.184108716, -0.177903149, -0.276478364, 0.446281205, -0.851049321, -0.955688477, -0.0349121094, 0.292114258, 0.100642161, 0.894198232, 0.436233698, 0, 0, -0, 0, 0, 0, 0, 0.36076709, -0.117872363, -0.141933936, 0.0635149901, 0.33498656, -0.940000692, 0.660644531, -0.719970703, -0.212036133, -0.747946486, -0.607472323, -0.267078309, 0, 2, 3, 1, 
502.528004, 66, 0.1, 0.1, 0.012008137, 0.373570939, -0.034970937, 0.896651674, -0.442736689, 9.11337034e-006, 0.442736689, 0.896651674, -9.41454629e-006, -4.00335371e-006, 1.24763921e-005, 1, 0.896651459, -0.442737124, 1.34812881e-005, 0.442737124, 0.896651459, 1.73424804e-006, -1.28558326e-005, 4.41365067e-006, 1, 0, 0, 0, 0, 0, 0, 0, 0.317618359, -0.184108716, -0.177903149, -0.276478364, 0.446281205, -0.851049321, -0.955688477, -0.0349121094, 0.292114258, 0.100642161, 0.894198232, 0.436233698, 0, 0, -0, 0, 0, 0, 0, 0.36076709, -0.117872363, -0.141933936, 0.0635149901, 0.33498656, -0.940000692, 0.660644531, -0.719970703, -0.212036133, -0.747946486, -0.607472323, -0.267078309, 0, 2, 3, 1, 
502.528721, 66, 0.1, 0.1, 0.0120081422, 0.37357094, -0.0349709439, 0.896652783, -0.442734442, -1.33365232e-005, 0.442734442, 0.896652783, 1.22423437e-005, 6.53812344e-006, -1.68816697e-005, 1, 0.89665255, -0.442734914, -1.85327702e-005, 0.442734914, 0.89665255, 1.27553768e-006, 1.60527306e-005, -9.34881853e-006, 1, 0, 0, 0, 0, 0, 0, 0, 0.318012964, -0.184796753, -0.177232812, -0.277317467, 0.445919502, -0.851074408, -0.955688477, -0.0379638672, 0.291503906, 0.0976852632, 0.89425552, 0.436855631, 0, 0, -0, 0, 0, 0, 0, 0.36076709, -0.117872363, -0.141933936, 0.0618157343, 0.335995686, -0.939745129, 0.663330078, -0.717285156, -0.212890625, -0.745792974, -0.610066599, -0.267174191, 0, 2, 3, 1, 
502.529413, 66, 0.1, 0.1, 0.0120081399, 0.373570937, -0.0349704419, 0.896653856, -0.442732269, 1.13074509e-005, 0.442732269, 0.896653856, -1.38847307e-005, -3.99165113e-006, 1.74559707e-005, 1, 0.89665364, -0.442732706, 1.57454967e-005, 0.442732706, 0.896653641, -2.57773805e-006, -1.2977008e-005, 9.28238455e-006, 1, 0, 0, 0, 0, 0, 0, 0, 0.318012964, -0.184796753, -0.177232812, -0.277317467, 0.445919502, -0.851074408, -0.955688477, -0.0379638672, 0.291503906, 0.0976852632, 0.89425552, 0.436855631, 0, 0, -0, 0, 0, 0, 0, 0.361146436, -0.118083398, -0.141472559, 0.0618157343, 0.335995686, -0.939745129, 0.663330078, -0.717285156, -0.212890625, -0.745792974, -0.610066599, -0.267174191, 0, 2, 3, 1, 
502.530105, 66, 0.1, 0.1, 0.0120081442, 0.37357094, -0.0349697953, 0.89665493, -0.442730093, -1.14621579e-005, 0.442730093, 0.89665493, 8.93279035e-006, 6.32278527e-006, -1.30842727e-005, 1, 0.896654717, -0.442730525, -1.64242995e-005, 0.442730525, 0.896654718, -1.80779572e-006, 1.55272919e-005, -5.65057016e-006, 1, 0, 0, 0, 0, 0, 0, 0, 0.318012964, -0.184796753, -0.177232812, -0.277317467, 0.445919502, -0.851074408, -0.955688477, -0.0379638672, 0.291503906, 0.0976852632, 0.89425552, 0.436855631, 0, 0, -0, 0, 0, 0, 0, 0.361146436, -0.118083398, -0.141472559, 0.0618157343, 0.335995686, -0.939745129, 0.663330078, -0.717285156, -0.212890625, -0.745792974, -0.610066599, -0.267174191, 0, 2, 3, 1, 
502.530794, 66, 0.1, 0.1, 0.012008141, 0.373570938, -0.0349692114, 0.896656003, -0.442727921, 1.40210047e-005, 0.442727921, 0.896656003, -1.5727511e-005, -5.60900977e-006, 2.03096575e-005, 1, 0.896655789, -0.442728353, 1.86637054e-005, 0.442728354, 0.89665579, -4.54097289e-006, -1.47245021e-005, 1.23346412e-005, 1, 0, 0, 0, 0, 0, 0, 0, 0.318012964, -0.184796753, -0.177232812, -0.277317467, 0.445919502, -0.851074408, -0.955688477, -0.0379638672, 0.291503906, 0.0976852632, 0.89425552, 0.436855631, 0, 0, -0, 0, 0, 0, 0, 0.361146436, -0.118083398, -0.141472559, 0.0618157343, 0.335995686, -0.939745129, 0.663330078, -0.717285156, -0.212890625, -0.745792974, -0.610066599, -0.267174191, 0, 2, 3, 1, 
502.531487, 66, 0.1, 0.1, 0.0120081451, 0.373570941, -0.0349688645, 0.89665709, -0.44272572, -1.23498962e-005, 0.442725721, 0.89665709, 9.9370898e-006, 6.67421672e-006, -1.43777787e-005, 1, 0.896656873, -0.442726159, -1.67491144e-005, 0.442726159, 0.896656873, -1.74412413e-006, 1.57903779e-005, -5.85139019e-006, 1, 0, 0, 0, 0, 0, 0, 0, 0.318012964, -0.184796753, -0.177232812, -0.277317467, 0.445919502, -0.851074408, -0.955688477, -0.0379638672, 0.291503906, 0.0976852632, 0.89425552, 0.436855631, 0, 0, -0, 0, 0, 0, 0, 0.361146436, -0.118083398, -0.141472559, 0.0618157343, 0.335995686, -0.939745129, 0.663330078, -0.717285156, -0.212890625, -0.745792974, -0.610066599, -0.267174191, 0, 2, 3, 1, 
502.532176, 66, 0.1, 0.1, 0.0120081426, 0.373570937, -0.0349688457, 0.896658177, -0.442723518, 1.11863751e-005, 0.442723519, 0.896658177, -1.25919378e-005, -4.45560765e-006, 1.62431354e-005, 1, 0.896657962, -0.442723954, 1.62439602e-005, 0.442723954, 0.896657962, -1.69349329e-006, -1.38155262e-005, 8.71007451e-006, 1, 0, 0, 0, 0, 0, 0, 0, 0.318012964, -0.184796753, -0.177232812, -0.277317467, 0.445919502, -0.851074408, -0.955688477, -0.0379638672, 0.291503906, 0.0976852632, 0.89425552, 0.436855631, 0, 0, -0, 0, 0, 0, 0, 0.361146436, -0.118083398, -0.141472559, 0.0618157343, 0.335995686, -0.939745129, 0.663330078, -0.717285156, -0.212890625, -0.745792974, -0.610066599, -0.267174191, 0, 2, 3, 1, 
502.532874, 66, 0.1, 0.1, 0.0120081477, 0.373570939, -0.0349691428, 0.896659282, -0.442721281, -1.4917792e-005, 0.442721281, 0.896659281, 1.38333703e-005, 7.25184923e-006, -1.90082438e-005, 1, 0.896659053, -0.442721744, -1.97154352e-005, 0.442721744, 0.896659053, 1.79934489e-006, 1.68814144e-005, -1.03418508e-005, 1, 0, 0, 0, 0, 0, 0, 0, 0.318012964, -0.184796753, -0.177232812, -0.277317467, 0.445919502, -0.851074408, -0.955688477, -0.0379638672, 0.291503906, 0.0976852632, 0.89425552, 0.436855631, 0, 0, -0, 0, 0, 0, 0, 0.361146436, -0.118083398, -0.141472559, 0.0618157343, 0.335995686, -0.939745129, 0.663330078, -0.717285156, -0.212890625, -0.745792974, -0.610066599, -0.267174191, 0, 2, 3, 1, 
502.53359, 66, 0.1, 0.1, 0.0120081453, 0.373570935, -0.0349693874, 0.896660426, -0.442718963, 1.22037807e-005, 0.442718963, 0.896660426, -1.14669334e-005, -5.8660183e-006, 1.56847905e-005, 1, 0.896660208, -0.442719405, 1.64537683e-005, 0.442719405, 0.896660208, -4.2536291e-007, -1.45651229e-005, 7.66580852e-006, 1, 0, 0, 0, 0, 0, 0, 0, 0.318678906, -0.18552959, -0.176370972, -0.277236213, 0.444650549, -0.851652158, -0.956054687, -0.0400390625, 0.290405273, 0.0950769632, 0.894827279, 0.436329178, 0, 0, -0, 0, 0, 0, 0, 0.361620264, -0.118825391, -0.140822852, 0.0616115772, 0.335618355, -0.939962412, 0.665405273, -0.715698242, -0.211914062, -0.743850548, -0.612315627, -0.267442514, 0, 2, 3, 1, 
502.53428, 66, 0.1, 0.1, 0.0120081493, 0.373570937, -0.0349696191, 0.896661529, -0.442716729, -1.07394571e-005, 0.44271673, 0.896661529, 1.22630372e-005, 4.20060629e-006, -1.5750331e-005, 1, 0.896661308, -0.442717177, -1.57229561e-005, 0.442717177, 0.896661308, 1.15792381e-006, 1.35855336e-005, -7.99908822e-006, 1, 0, 0, 0, 0, 0, 0, 0, 0.318678906, -0.18552959, -0.176370972, -0.277236213, 0.444650549, -0.851652158, -0.956054687, -0.0400390625, 0.290405273, 0.0950769632, 0.894827279, 0.436329178, 0, 0, -0, 0, 0, 0, 0, 0.361620264, -0.118825391, -0.140822852, 0.0616115772, 0.335618355, -0.939962412, 0.665405273, -0.715698242, -0.211914062, -0.743850548, -0.612315627, -0.267442514, 0, 2, 3, 1, 
502.534971, 66, 0.1, 0.1, 0.0120081458, 0.373570933, -0.0349699179, 0.896662633, -0.442714492, 1.48069084e-005, 0.442714492, 0.896662633, -1.13745201e-005, -8.24113656e-006, 1.67543401e-005, 1, 0.896662413, -0.442714938, 1.93312457e-005, 0.442714938, 0.896662413, -3.49653303e-007, -1.71788046e-005, 8.8717522e-006, 1, 0, 0, 0, 0, 0, 0, 0, 0.318678906, -0.18552959, -0.176370972, -0.277236213, 0.444650549, -0.851652158, -0.956054687, -0.0400390625, 0.290405273, 0.0950769632, 0.894827279, 0.436329178, 0, 0, -0, 0, 0, 0, 0, 0.361620264, -0.118825391, -0.140822852, 0.0616115772, 0.335618355, -0.939962412, 0.665405273, -0.715698242, -0.211914062, -0.743850548, -0.612315627, -0.267442514, 0, 2, 3, 1, 
502.535661, 66, 0.1, 0.1, 0.0120081493, 0.373570935, -0.0349701976, 0.896663738, -0.442712256, -1.08530224e-005, 0.442712256, 0.896663738, 1.21827681e-005, 4.33805093e-006, -1.57286124e-005, 1, 0.896663519, -0.442712699, -1.49190192e-005, 0.442712699, 0.896663519, 1.30935235e-006, 1.27976733e-005, -7.77888772e-006, 1, 0, 0, 0, 0, 0, 0, 0, 0.318678906, -0.18552959, -0.176370972, -0.277236213, 0.444650549, -0.851652158, -0.956054687, -0.0400390625, 0.290405273, 0.0950769632, 0.894827279, 0.436329178, 0, 0, -0, 0, 0, 0, 0, 0.361620264, -0.118825391, -0.140822852, 0.0616115772, 0.335618355, -0.939962412, 0.665405273, -0.715698242, -0.211914062, -0.743850548, -0.612315627, -0.267442514, 0, 2, 3, 1, 
502.536369, 66, 0.1, 0.1, 0.0120081465, 0.373570931, -0.0349702344, 0.896664867, -0.442709968, 1.1563331e-005, 0.442709968, 0.896664867, -1.13811025e-005, -5.32990515e-006, 1.53242366e-005, 1, 0.896664648, -0.442710412, 1.66234341e-005, 0.442710412, 0.896664648, -6.32860105e-007, -1.46254719e-005, 7.92683065e-006, 1, 0, 0, 0, 0, 0, 0, 0, 0.318678906, -0.18552959, -0.176370972, -0.277236213, 0.444650549, -0.851652158, -0.956054687, -0.0400390625, 0.290405273, 0.0950769632, 0.894827279, 0.436329178, 0, 0, -0, 0, 0, 0, 0, 0.362048926, -0.120270068, -0.140157764, 0.0610111324, 0.334570216, -0.940294534, 0.666625977, -0.71472168, -0.21105957, -0.742808973, -0.614021446, -0.266618222, 0, 2, 3, 1, 
502.537058, 66, 0.1, 0.1, 0.0120081513, 0.373570933, -0.0349701068, 0.896665966, -0.442707742, -1.42697281e-005, 0.442707742, 0.896665966, 1.25893184e-005, 7.22179083e-006, -1.76057325e-005, 1, 0.896665748, -0.442708184, -1.86015304e-005, 0.442708184, 0.896665748, 1.70577364e-006, 1.59241952e-005, -9.76455854e-006, 1, 0, 0, 0, 0, 0, 0, 0, 0.318678906, -0.18552959, -0.176370972, -0.277236213, 0.444650549, -0.851652158, -0.956054687, -0.0400390625, 0.290405273, 0.0950769632, 0.894827279, 0.436329178, 0, 0, -0, 0, 0, 0, 0, 0.362048926, -0.120270068, -0.140157764, 0.0610111324, 0.334570216, -0.940294534, 0.666625977, -0.71472168, -0.21105957, -0.742808973, -0.614021446, -0.266618222, 0, 2, 3, 1, 
502.537749, 66, 0.1, 0.1, 0.0120081493, 0.373570929, -0.0349699219, 0.896667067, -0.442705512, 1.05610454e-005, 0.442705512, 0.896667067, -1.1506192e-005, -4.375887e-006, 1.49926565e-005, 1, 0.89666685, -0.442705952, 1.48476205e-005, 0.442705952, 0.89666685, -5.13896691e-007, -1.3085864e-005, 7.03392412e-006, 1, 0, 0, 0, 0, 0, 0, 0, 0.318678906, -0.18552959, -0.176370972, -0.277236213, 0.444650549, -0.851652158, -0.956054687, -0.0400390625, 0.290405273, 0.0950769632, 0.894827279, 0.436329178, 0, 0, -0, 0, 0, 0, 0, 0.362048926, -0.120270068, -0.140157764, 0.0610111324, 0.334570216, -0.940294534, 0.666625977, -0.71472168, -0.21105957, -0.742808973, -0.614021446, -0.266618222, 0, 2, 3, 1, 
502.538453, 66, 0.1, 0.1, 0.0120081539, 0.373570931, -0.0349696726, 0.896668188, -0.442703242, -1.2338005e-005, 0.442703242, 0.896668188, 1.28100994e-005, 5.39202411e-006, -1.69484834e-005, 1, 0.896667969, -0.442703685, -1.73949439e-005, 0.442703685, 0.896667969, 1.95308892e-006, 1.47328494e-005, -9.45207806e-006, 1, 0, 0, 0, 0, 0, 0, 0, 0.319490088, -0.186721118, -0.175722852, -0.27870324, 0.44314046, -0.852026965, -0.955810547, -0.0422363281, 0.290771484, 0.0928374788, 0.895437229, 0.435523398, 0, 0, -0, 0, 0, 0, 0, 0.362048926, -0.120270068, -0.140157764, 0.0610111324, 0.334570216, -0.940294534, 0.666625977, -0.71472168, -0.21105957, -0.742808973, -0.614021446, -0.266618222, 0, 2, 3, 1, 
502.539142, 66, 0.1, 0.1, 0.0120081508, 0.373570928, -0.0349694244, 0.896669288, -0.442701014, 1.36808058e-005, 0.442701014, 0.896669288, -1.23829657e-005, -6.7852069e-006, 1.71599316e-005, 1, 0.89666907, -0.442701454, 1.81551547e-005, 0.442701454, 0.896669071, -1.18378686e-006, -1.57551015e-005, 9.09877844e-006, 1, 0, 0, 0, 0, 0, 0, 0, 0.319490088, -0.186721118, -0.175722852, -0.27870324, 0.44314046, -0.852026965, -0.955810547, -0.0422363281, 0.290771484, 0.0928374788, 0.895437229, 0.435523398, 0, 0, -0, 0, 0, 0, 0, 0.362048926, -0.120270068, -0.140157764, 0.0610111324, 0.334570216, -0.940294534, 0.666625977, -0.71472168, -0.21105957, -0.742808973, -0.614021446, -0.266618222, 0, 2, 3, 1, 
502.539831, 66, 0.1, 0.1, 0.0120081547, 0.37357093, -0.0349693541, 0.896670389, -0.442698784, -1.17085338e-005, 0.442698784, 0.896670389, 1.16005016e-005, 5.36316764e-006, -1.558518e-005, 1, 0.896670169, -0.442699229, -1.60795309e-005, 0.442699229, 0.89667017, 4.21622151e-007, 1.42313839e-005, -7.49645193e-006, 1, 0, 0, 0, 0, 0, 0, 0, 0.319490088, -0.186721118, -0.175722852, -0.27870324, 0.44314046, -0.852026965, -0.955810547, -0.0422363281, 0.290771484, 0.0928374788, 0.895437229, 0.435523398, 0, 0, -0, 0, 0, 0, 0, 0.362048926, -0.120270068, -0.140157764, 0.0610111324, 0.334570216, -0.940294534, 0.666625977, -0.71472168, -0.21105957, -0.742808973, -0.614021446, -0.266618222, 0, 2, 3, 1, 
502.540524, 66, 0.1, 0.1, 0.0120081519, 0.373570926, -0.03496944, 0.896671497, -0.44269654, 1.16317663e-005, 0.44269654, 0.896671497, -1.22532433e-005, -5.00540491e-006, 1.61364767e-005, 1, 0.896671277, -0.442696985, 1.66109495e-005, 0.442696985, 0.896671277, -1.20690079e-006, -1.43602699e-005, 8.43581051e-006, 1, 0, 0, 0, 0, 0, 0, 0, 0.319490088, -0.186721118, -0.175722852, -0.27870324, 0.44314046, -0.852026965, -0.955810547, -0.0422363281, 0.290771484, 0.0928374788, 0.895437229, 0.435523398, 0, 0, -0, 0, 0, 0, 0, 0.362048926, -0.120270068, -0.140157764, 0.0610111324, 0.334570216, -0.940294534, 0.666625977, -0.71472168, -0.21105957, -0.742808973, -0.614021446, -0.266618222, 0, 2, 3, 1, 
502.541241, 66, 0.1, 0.1, 0.0120081572, 0.373570929, -0.0349694031, 0.896672648, -0.442694208, -1.53102105e-005, 0.442694208, 0.896672648, 1.26572734e-005, 8.12494537e-006, -1.81271724e-005, 1, 0.896672427, -0.442694655, -1.99980236e-005, 0.442694655, 0.896672427, 1.50017693e-006, 1.72675561e-005, -1.01981855e-005, 1, 0, 0, 0, 0, 0, 0, 0, 0.320339233, -0.188135889, -0.175082178, -0.279427766, 0.441630372, -0.852541435, -0.955810547, -0.0440673828, 0.290405273, 0.0906039857, 0.896047179, 0.434616147, 0, 0, -0, 0, 0, 0, 0, 0.3626021, -0.121681299, -0.139068408, 0.0622317115, 0.333822484, -0.940460778, 0.66784668, -0.714111328, -0.209350586, -0.741576, -0.615081978, -0.267372152, 0, 2, 3, 1, 
502.541949, 66, 0.1, 0.1, 0.0120081551, 0.373570925, -0.0349693794, 0.896673786, -0.442691904, 1.05892687e-005, 0.442691905, 0.896673785, -1.32705299e-005, -3.62036351e-006, 1.65871198e-005, 1, 0.896673536, -0.44269241, 1.52541437e-005, 0.442692411, 0.896673536, -6.14498569e-007, -1.34059531e-005, 7.30389827e-006, 1, 0, 0, 0, 0, 0, 0, 0, 0.320339233, -0.188135889, -0.175082178, -0.279427766, 0.441630372, -0.852541435, -0.955810547, -0.0440673828, 0.290405273, 0.0906039857, 0.896047179, 0.434616147, 0, 0, -0, 0, 0, 0, 0, 0.3626021, -0.121681299, -0.139068408, 0.0622317115, 0.333822484, -0.940460778, 0.66784668, -0.714111328, -0.209350586, -0.741576, -0.615081978, -0.267372152, 0, 2, 3, 1, 
502.542639, 66, 0.1, 0.1, 0.0120081594, 0.373570928, -0.0349693239, 0.896674902, -0.442689643, -1.17121915e-005, 0.442689643, 0.896674902, 1.03632388e-005, 5.91432964e-006, -1.4477322e-005, 1, 0.896674683, -0.442690086, -1.69158379e-005, 0.442690086, 0.896674683, -6.32898504e-007, 1.54481815e-005, -6.92096965e-006, 1, 0, 0, 0, 0, 0, 0, 0, 0.320339233, -0.188135889, -0.175082178, -0.279427766, 0.441630372, -0.852541435, -0.955810547, -0.0440673828, 0.290405273, 0.0906039857, 0.896047179, 0.434616147, 0, 0, -0, 0, 0, 0, 0, 0.3626021, -0.121681299, -0.139068408, 0.0622317115, 0.333822484, -0.940460778, 0.66784668, -0.714111328, -0.209350586, -0.741576, -0.615081978, -0.267372152, 0, 2, 3, 1, 
502.543331, 66, 0.1, 0.1, 0.0120081558, 0.373570925, -0.034969439, 0.89667602, -0.442687378, 1.53975434e-005, 0.442687378, 0.89667602, -1.343326e-005, -7.85987326e-006, 1.88615802e-005, 1, 0.896675797, -0.442687829, 1.97809845e-005, 0.442687829, 0.896675798, -2.33196461e-006, -1.67047977e-005, 1.08478173e-005, 1, 0, 0, 0, 0, 0, 0, 0, 0.320339233, -0.188135889, -0.175082178, -0.279427766, 0.441630372, -0.852541435, -0.955810547, -0.0440673828, 0.290405273, 0.0906039857, 0.896047179, 0.434616147, 0, 0, -0, 0, 0, 0, 0, 0.3626021, -0.121681299, -0.139068408, 0.0622317115, 0.333822484, -0.940460778, 0.66784668, -0.714111328, -0.209350586, -0.741576, -0.615081978, -0.267372152, 0, 2, 3, 1, 
502.544022, 66, 0.1, 0.1, 0.0120081589, 0.373570927, -0.0349696863, 0.896677136, -0.442685117, -9.79423765e-006, 0.442685117, 0.896677136, 1.14395291e-005, 3.7181597e-006, -1.45933274e-005, 1, 0.896676912, -0.442685571, -1.41018879e-005, 0.442685571, 0.896676912, 5.45402107e-008, 1.26206931e-005, -6.29160724e-006, 1, 0, 0, 0, 0, 0, 0, 0, 0.320339233, -0.188135889, -0.175082178, -0.279427766, 0.441630372, -0.852541435, -0.955810547, -0.0440673828, 0.290405273, 0.0906039857, 0.896047179, 0.434616147, 0, 0, -0, 0, 0, 0, 0, 0.3626021, -0.121681299, -0.139068408, 0.0622317115, 0.333822484, -0.940460778, 0.66784668, -0.714111328, -0.209350586, -0.741576, -0.615081978, -0.267372152, 0, 2, 3, 1, 
502.544712, 66, 0.1, 0.1, 0.0120081557, 0.373570924, -0.0349699798, 0.89667825, -0.442682861, 1.27334032e-005, 0.442682861, 0.89667825, -1.08270187e-005, -6.6248301e-006, 1.53452115e-005, 1, 0.896678029, -0.44268331, 1.77453312e-005, 0.44268331, 0.896678029, -1.04708426e-007, -1.58654959e-005, 7.9494517e-006, 1, 0, 0, 0, 0, 0, 0, 0, 0.320339233, -0.188135889, -0.175082178, -0.279427766, 0.441630372, -0.852541435, -0.955810547, -0.0440673828, 0.290405273, 0.0906039857, 0.896047179, 0.434616147, 0, 0, -0, 0, 0, 0, 0, 0.3626021, -0.121681299, -0.139068408, 0.0622317115, 0.333822484, -0.940460778, 0.66784668, -0.714111328, -0.209350586, -0.741576, -0.615081978, -0.267372152, 0, 2, 3, 1, 
502.545401, 66, 0.1, 0.1, 0.0120081599, 0.373570925, -0.0349702411, 0.896679358, -0.442680616, -1.32435815e-005, 0.442680617, 0.896679358, 1.32298707e-005, 6.01863889e-006, -1.77256288e-005, 1, 0.896679137, -0.442681064, -1.74941591e-005, 0.442681064, 0.896679138, 2.28267898e-006, 1.46761488e-005, -9.7911636e-006, 1, 0, 0, 0, 0, 0, 0, 0, 0.320339233, -0.188135889, -0.175082178, -0.279427766, 0.441630372, -0.852541435, -0.955810547, -0.0440673828, 0.290405273, 0.0906039857, 0.896047179, 0.434616147, 0, 0, -0, 0, 0, 0, 0, 0.3626021, -0.121681299, -0.139068408, 0.0622317115, 0.333822484, -0.940460778, 0.66784668, -0.714111328, -0.209350586, -0.741576, -0.615081978, -0.267372152, 0, 2, 3, 1, 
502.546118, 66, 0.1, 0.1, 0.0120081574, 0.373570922, -0.0349702302, 0.89668051, -0.442678284, 1.17128808e-005, 0.442678284, 0.89668051, -1.23344995e-005, -5.04249686e-006, 1.62451432e-005, 1, 0.89668029, -0.442678729, 1.60658323e-005, 0.442678729, 0.89668029, -1.53498024e-006, -1.37264121e-005, 8.48838877e-006, 1, 0, 0, 0, 0, 0, 0, 0, 0.321118555, -0.189242578, -0.174593091, -0.281516726, 0.441833315, -0.851766734, -0.955444336, -0.0473632813, 0.291137695, 0.0883394139, 0.895767852, 0.435605774, 0, 0, -0, 0, 0, 0, 0, 0.363292578, -0.122803369, -0.138187402, 0.061893393, 0.334416365, -0.94037146, 0.670166016, -0.712036133, -0.209106445, -0.739524933, -0.617228927, -0.268221963, 0, 2, 3, 1, 
502.546806, 66, 0.1, 0.1, 0.0120081614, 0.373570924, -0.0349699658, 0.896681614, -0.442676048, -1.12994431e-005, 0.442676048, 0.896681614, 1.11912007e-005, 5.17792634e-006, -1.50369367e-005, 1, 0.896681395, -0.442676491, -1.61325525e-005, 0.442676491, 0.896681395, 3.22522279e-007, 1.43229867e-005, -7.43070148e-006, 1, 0, 0, 0, 0, 0, 0, 0, 0.321118555, -0.189242578, -0.174593091, -0.281516726, 0.441833315, -0.851766734, -0.955444336, -0.0473632813, 0.291137695, 0.0883394139, 0.895767852, 0.435605774, 0, 0, -0, 0, 0, 0, 0, 0.363292578, -0.122803369, -0.138187402, 0.061893393, 0.334416365, -0.94037146, 0.670166016, -0.712036133, -0.209106445, -0.739524933, -0.617228927, -0.268221963, 0, 2, 3, 1, 
502.5475, 66, 0.1, 0.1, 0.012008158, 0.373570921, -0.0349696782, 0.896682726, -0.442673795, 1.39191684e-005, 0.442673795, 0.896682726, -1.24984042e-005, -6.94836179e-006, 1.73687542e-005, 1, 0.896682505, -0.442674242, 1.85761663e-005, 0.442674242, 0.896682505, -1.4667038e-006, -1.60076513e-005, 9.53835795e-006, 1, 0, 0, 0, 0, 0, 0, 0, 0.321118555, -0.189242578, -0.174593091, -0.281516726, 0.441833315, -0.851766734, -0.955444336, -0.0473632813, 0.291137695, 0.0883394139, 0.895767852, 0.435605774, 0, 0, -0, 0, 0, 0, 0, 0.363292578, -0.122803369, -0.138187402, 0.061893393, 0.334416365, -0.94037146, 0.670166016, -0.712036133, -0.209106445, -0.739524933, -0.617228927, -0.268221963, 0, 2, 3, 1, 
502.548202, 66, 0.1, 0.1, 0.012008162, 0.373570923, -0.0349694024, 0.896683852, -0.442671513, -1.23076682e-005, 0.442671514, 0.896683852, 1.32349717e-005, 5.17734237e-006, -1.73158395e-005, 1, 0.89668363, -0.442671963, -1.66256085e-005, 0.442671963, 0.89668363, 1.89708054e-006, 1.40681266e-005, -9.0607718e-006, 1, 0, 0, 0, 0, 0, 0, 0, 0.321118555, -0.189242578, -0.174593091, -0.281516726, 0.441833315, -0.851766734, -0.955444336, -0.0473632813, 0.291137695, 0.0883394139, 0.895767852, 0.435605774, 0, 0, -0, 0, 0, 0, 0, 0.363292578, -0.122803369, -0.138187402, 0.061893393, 0.334416365, -0.94037146, 0.670166016, -0.712036133, -0.209106445, -0.739524933, -0.617228927, -0.268221963, 0, 2, 3, 1, 
502.54891, 66, 0.1, 0.1, 0.0120081592, 0.373570919, -0.0349690817, 0.896684991, -0.442669207, 1.10104036e-005, 0.442669207, 0.896684991, -1.14575446e-005, -4.80096143e-006, 1.51477749e-005, 1, 0.896684766, -0.442669663, 1.62798822e-005, 0.442669663, 0.896684766, -1.0378847e-007, -1.45519784e-005, 7.29967553e-006, 1, 0, 0, 0, 0, 0, 0, 0, 0.321118555, -0.189242578, -0.174593091, -0.281516726, 0.441833315, -0.851766734, -0.955444336, -0.0473632813, 0.291137695, 0.0883394139, 0.895767852, 0.435605774, 0, 0, -0, 0, 0, 0, 0, 0.363978418, -0.123474316, -0.137291504, 0.0612229524, 0.335342369, -0.940026578, 0.673339844, -0.708984375, -0.209106445, -0.736649574, -0.620200168, -0.269167656, 0, 2, 3, 1, 
502.549601, 66, 0.1, 0.1, 0.0120081643, 0.373570921, -0.0349689296, 0.896686105, -0.44266695, -1.54576648e-005, 0.44266695, 0.896686105, 1.32909791e-005, 7.97719604e-006, -1.87604336e-005, 1, 0.896685883, -0.442667399, -2.00950892e-005, 0.442667399, 0.896685883, 1.92603608e-006, 1.71663894e-005, -1.06224902e-005, 1, 0, 0, 0, 0, 0, 0, 0, 0.321118555, -0.189242578, -0.174593091, -0.281516726, 0.441833315, -0.851766734, -0.955444336, -0.0473632813, 0.291137695, 0.0883394139, 0.895767852, 0.435605774, 0, 0, -0, 0, 0, 0, 0, 0.363978418, -0.123474316, -0.137291504, 0.0612229524, 0.335342369, -0.940026578, 0.673339844, -0.708984375, -0.209106445, -0.736649574, -0.620200168, -0.269167656, 0, 2, 3, 1, 
502.550293, 66, 0.1, 0.1, 0.0120081622, 0.373570917, -0.0349690701, 0.896687226, -0.442664679, 1.10403489e-005, 0.442664679, 0.896687226, -1.16819641e-005, -4.728547e-006, 1.53622405e-005, 1, 0.896687003, -0.442665131, 1.5310167e-005, 0.442665131, 0.896687003, -2.50690372e-007, -1.36174559e-005, 7.0020679e-006, 1, 0, 0, 0, 0, 0, 0, 0, 0.321118555, -0.189242578, -0.174593091, -0.281516726, 0.441833315, -0.851766734, -0.955444336, -0.0473632813, 0.291137695, 0.0883394139, 0.895767852, 0.435605774, 0, 0, -0, 0, 0, 0, 0, 0.363978418, -0.123474316, -0.137291504, 0.0612229524, 0.335342369, -0.940026578, 0.673339844, -0.708984375, -0.209106445, -0.736649574, -0.620200168, -0.269167656, 0, 2, 3, 1, 
502.551002, 66, 0.1, 0.1, 0.0120081667, 0.373570919, -0.0349692825, 0.896688376, -0.442662351, -1.23514506e-005, 0.442662351, 0.896688375, 1.20689212e-005, 5.73294518e-006, -1.62895835e-005, 1, 0.89668815, -0.442662808, -1.76059932e-005, 0.442662808, 0.89668815, 9.00348293e-007, 1.53885348e-005, -8.60085005e-006, 1, 0, 0, 0, 0, 0, 0, 0, 0.322320801, -0.190126025, -0.174314429, -0.283974502, 0.442036257, -0.850775985, -0.955078125, -0.0522460938, 0.291625977, 0.0845265615, 0.895488526, 0.437179142, 0, 0, -0, 0, 0, 0, 0, 0.363978418, -0.123474316, -0.137291504, 0.0612229524, 0.335342369, -0.940026578, 0.673339844, -0.708984375, -0.209106445, -0.736649574, -0.620200168, -0.269167656, 0, 2, 3, 1, 
502.551695, 66, 0.1, 0.1, 0.0120081633, 0.373570916, -0.0349695545, 0.896689499, -0.442660074, 1.45528173e-005, 0.442660075, 0.896689499, -1.25553706e-005, -7.49159715e-006, 1.77002202e-005, 1, 0.896689276, -0.442660526, 1.8924511e-005, 0.442660526, 0.896689276, -1.33048342e-006, -1.63804536e-005, 9.57016422e-006, 1, 0, 0, 0, 0, 0, 0, 0, 0.322320801, -0.190126025, -0.174314429, -0.283974502, 0.442036257, -0.850775985, -0.955078125, -0.0522460938, 0.291625977, 0.0845265615, 0.895488526, 0.437179142, 0, 0, -0, 0, 0, 0, 0, 0.363978418, -0.123474316, -0.137291504, 0.0612229524, 0.335342369, -0.940026578, 0.673339844, -0.708984375, -0.209106445, -0.736649574, -0.620200168, -0.269167656, 0, 2, 3, 1, 
502.552385, 66, 0.1, 0.1, 0.0120081666, 0.373570918, -0.0349699035, 0.89669062, -0.442657805, -1.06459831e-005, 0.442657805, 0.89669062, 1.09364597e-005, 4.70504392e-006, -1.45191484e-005, 1, 0.896690398, -0.442658255, -1.48912723e-005, 0.442658255, 0.896690398, -4.21931561e-008, 1.33715381e-005, -6.55391042e-006, 1, 0, 0, 0, 0, 0, 0, 0, 0.322320801, -0.190126025, -0.174314429, -0.283974502, 0.442036257, -0.850775985, -0.955078125, -0.0522460938, 0.291625977, 0.0845265615, 0.895488526, 0.437179142, 0, 0, -0, 0, 0, 0, 0, 0.363978418, -0.123474316, -0.137291504, 0.0612229524, 0.335342369, -0.940026578, 0.673339844, -0.708984375, -0.209106445, -0.736649574, -0.620200168, -0.269167656, 0, 2, 3, 1, 
502.553075, 66, 0.1, 0.1, 0.0120081636, 0.373570915, -0.0349702402, 0.896691734, -0.442655547, 1.19924231e-005, 0.442655547, 0.896691734, -1.17152459e-005, -5.56768809e-006, 1.58134767e-005, 1, 0.896691512, -0.442655997, 1.6880564e-005, 0.442655997, 0.896691512, -9.61954167e-007, -1.47108437e-005, 8.33485901e-006, 1, 0, 0, 0, 0, 0, 0, 0, 0.322320801, -0.190126025, -0.174314429, -0.283974502, 0.442036257, -0.850775985, -0.955078125, -0.0522460938, 0.291625977, 0.0845265615, 0.895488526, 0.437179142, 0, 0, -0, 0, 0, 0, 0, 0.363978418, -0.123474316, -0.137291504, 0.0612229524, 0.335342369, -0.940026578, 0.673339844, -0.708984375, -0.209106445, -0.736649574, -0.620200168, -0.269167656, 0, 2, 3, 1, 
502.553792, 66, 0.1, 0.1, 0.0120081685, 0.373570917, -0.03497019, 0.896692892, -0.442653203, -1.47294043e-005, 0.442653203, 0.896692892, 1.21166864e-005, 7.84426209e-006, -1.73849645e-005, 1, 0.896692673, -0.442653646, -1.92040505e-005, 0.442653646, 0.896692673, 1.33292566e-006, 1.66301069e-005, -9.69596762e-006, 1, 0, 0, 0, 0, 0, 0, 0, 0.322950464, -0.190553467, -0.174435498, -0.288900914, 0.442442143, -0.848883977, -0.953857422, -0.0582275391, 0.294311523, 0.080733927, 0.894929872, 0.43898054, 0, 0, -0, 0, 0, 0, 0, 0.364228613, -0.123760547, -0.137047754, 0.0573705507, 0.335629282, -0.940179696, 0.676757812, -0.705322266, -0.210449219, -0.733863167, -0.624097779, -0.267710837, 0, 2, 3, 1, 
502.554484, 66, 0.1, 0.1, 0.0120081664, 0.373570914, -0.0349699791, 0.896694009, -0.442650939, 1.09637753e-005, 0.442650939, 0.896694009, -1.17188621e-005, -4.6437863e-006, 1.53613589e-005, 1, 0.896693788, -0.442651387, 1.51181396e-005, 0.442651387, 0.896693788, -7.34129326e-007, -1.32313785e-005, 7.35035466e-006, 1, 0, 0, 0, 0, 0, 0, 0, 0.322950464, -0.190553467, -0.174435498, -0.288900914, 0.442442143, -0.848883977, -0.953857422, -0.0582275391, 0.294311523, 0.080733927, 0.894929872, 0.43898054, 0, 0, -0, 0, 0, 0, 0, 0.364228613, -0.123760547, -0.137047754, 0.0573705507, 0.335629282, -0.940179696, 0.676757812, -0.705322266, -0.210449219, -0.733863167, -0.624097779, -0.267710837, 0, 2, 3, 1, 
502.555175, 66, 0.1, 0.1, 0.0120081704, 0.373570916, -0.0349697562, 0.896695121, -0.442648687, -1.11715373e-005, 0.442648687, 0.896695121, 1.16069887e-005, 4.87964464e-006, -1.53529965e-005, 1, 0.8966949, -0.442649134, -1.62695734e-005, 0.442649134, 0.8966949, 7.02297189e-007, 1.42779723e-005, -7.83145888e-006, 1, 0, 0, 0, 0, 0, 0, 0, 0.322950464, -0.190553467, -0.174435498, -0.288900914, 0.442442143, -0.848883977, -0.953857422, -0.0582275391, 0.294311523, 0.080733927, 0.894929872, 0.43898054, 0, 0, -0, 0, 0, 0, 0, 0.364228613, -0.123760547, -0.137047754, 0.0573705507, 0.335629282, -0.940179696, 0.676757812, -0.705322266, -0.210449219, -0.733863167, -0.624097779, -0.267710837, 0, 2, 3, 1, 
