time, trialNum, realDorsalTactorPos, realVentralTactorPos, boxPosX, boxPosY, boxPosZ, boxLocalRot_11, boxLocalRot_12, boxLocalRot_13, boxLocalRot_21, boxLocalRot_22, boxLocalRot_23, boxLocalRot_31, boxLocalRot_32, boxLocalRot_33, boxGlobalRot_11, boxGlobalRot_12, boxGlobalRot_13, boxGlobalRot_21, boxGlobalRot_22, boxGlobalRot_23, boxGlobalRot_31, boxGlobalRot_32, boxGlobalRot_33, indexForceX, indexForceY, indexForceZ, indexForceGlobalX, indexForceGlobalY, indexForceGlobalZ, indexContact, indexPosX, indexPosY, indexPosZ, indexRot_11, indexRot_12, indexRot_13, indexRot_21, indexRot_22, indexRot_23, indexRot_31, indexRot_32, indexRot_33, thumbForceX, thumbForceY, thumbForceZ, thumbForceGlobalX, thumbForceGlobalY, thumbForceGlobalZ, thumbContact, thumbPosX, thumbPosY, thumbPosZ, thumbRot_11, thumbRot_12, thumbRot_13, thumbRot_21, thumbRot_22, thumbRot_23, thumbRot_31, thumbRot_32, thumbRot_33, manipForceTooHigh, cceExpType, mapping, trialSuccess, 
417.790183, 33, 0.1, 0.1, 0.00220098653, 0.364057315, -0.0349688395, 0.955704653, -0.294327395, -1.39467279e-005, 0.294327395, 0.955704653, 3.63138205e-006, 1.22601376e-005, -7.57543283e-006, 1, 0.955704662, -0.294327366, -1.27697046e-006, 0.294327366, 0.955704662, 2.26483001e-005, -5.44560789e-006, -2.20209333e-005, 1, 0, 0, 0, 0, 0, 0, 0, 0.267968579, -0.207097778, -0.219265601, 0.0444003769, 0.474043224, -0.879295803, -0.913452148, 0.375610352, 0.156494141, 0.40440522, 0.796365658, 0.449853305, 0, 0, 0, 0, 0, 0, 0, 0.338962158, -0.199553174, -0.194107764, 0.17897367, -0.287896705, -0.940786006, -0.541748047, -0.826904297, 0.149902344, -0.821117473, 0.482928107, -0.303983662, 0, 2, 5, 1, 
417.805041, 33, 0.1, 0.1, 0.00220101536, 0.364057366, -0.034970221, 0.955706071, -0.294322793, 1.73655214e-005, 0.294322793, 0.95570607, -1.95774279e-005, -1.0834251e-005, 2.38213354e-005, 1, 0.955706053, -0.294322851, 2.21020238e-005, 0.294322851, 0.955706052, -2.4822257e-005, -1.38172805e-005, 3.02279119e-005, 0.999999999, 0, 0, 0, 0, 0, 0, 0, 0.267220728, -0.207631787, -0.21865459, 0.0427828256, 0.472292001, -0.880299656, -0.912841797, 0.376464844, 0.157592773, 0.405897335, 0.7970138, 0.447416869, 0, 0, 0, 0, 0, 0, 0, 0.338455127, -0.199131104, -0.193877441, 0.178692221, -0.287347666, -0.941022246, -0.538696289, -0.828735352, 0.150756836, -0.823110938, 0.480039988, -0.302903807, 0, 2, 5, 1, 
417.805727, 33, 0.1, 0.1, 0.00220102071, 0.364057362, -0.0349664286, 0.955706151, -0.294322531, -1.85569008e-005, 0.294322531, 0.955706151, 1.50543499e-005, 1.33041099e-005, -1.98492488e-005, 1, 0.955706134, -0.294322586, -2.3977396e-005, 0.294322586, 0.955706134, 1.51147653e-005, 1.84667276e-005, -2.15023631e-005, 1, 0, 0, 0, 0, 0, 0, 0, 0.267220728, -0.207631787, -0.21865459, 0.0427828256, 0.472292001, -0.880299656, -0.912841797, 0.376464844, 0.157592773, 0.405897335, 0.7970138, 0.447416869, 0, 0, 0, 0, 0, 0, 0, 0.338455127, -0.199131104, -0.193877441, 0.178692221, -0.287347666, -0.941022246, -0.538696289, -0.828735352, 0.150756836, -0.823110938, 0.480039988, -0.302903807, 0, 2, 5, 1, 
417.806446, 33, 0.1, 0.1, 0.00220101513, 0.364057359, -0.0349637164, 0.955706238, -0.29432225, 2.19075381e-005, 0.29432225, 0.955706238, 1.21696586e-006, -2.12953509e-005, 5.28481405e-006, 1, 0.95570622, -0.294322305, 2.84771635e-005, 0.294322305, 0.955706221, -2.80060375e-006, -2.63915221e-005, 1.10580188e-005, 1, 0, 0, 0, 0, 0, 0, 0, 0.267220728, -0.207631787, -0.21865459, 0.0427828256, 0.472292001, -0.880299656, -0.912841797, 0.376464844, 0.157592773, 0.405897335, 0.7970138, 0.447416869, 0, 0, 0, 0, 0, 0, 0, 0.338455127, -0.199131104, -0.193877441, 0.178692221, -0.287347666, -0.941022246, -0.538696289, -0.828735352, 0.150756836, -0.823110938, 0.480039988, -0.302903807, 0, 2, 5, 1, 
417.807148, 33, 0.1, 0.1, 0.00220101973, 0.364057358, -0.0349626406, 0.955706266, -0.294322159, -1.24448523e-005, 0.294322159, 0.955706266, -1.88608783e-005, 1.74447978e-005, 1.43626638e-005, 1, 0.955706268, -0.294322152, -2.08069914e-005, 0.294322152, 0.955706268, -6.10779325e-006, 2.1683031e-005, -2.86702205e-007, 1, 0, 0, 0, 0, 0, 0, 0, 0.267220728, -0.207631787, -0.21865459, 0.0427828256, 0.472292001, -0.880299656, -0.912841797, 0.376464844, 0.157592773, 0.405897335, 0.7970138, 0.447416869, 0, 0, 0, 0, 0, 0, 0, 0.338455127, -0.199131104, -0.193877441, 0.178692221, -0.287347666, -0.941022246, -0.538696289, -0.828735352, 0.150756836, -0.823110938, 0.480039988, -0.302903807, 0, 2, 5, 1, 
417.807842, 33, 0.1, 0.1, 0.00220101498, 0.364057358, -0.0349637703, 0.955706185, -0.29432242, 1.30031649e-005, 0.29432242, 0.955706185, 1.92504226e-005, -1.80930361e-005, -1.4570625e-005, 1, 0.955706209, -0.294322343, 2.26725159e-005, 0.294322343, 0.955706209, 3.2371219e-006, -2.26210215e-005, 3.5792905e-006, 1, 0, 0, 0, 0, 0, 0, 0, 0.267220728, -0.207631787, -0.21865459, 0.0427828256, 0.472292001, -0.880299656, -0.912841797, 0.376464844, 0.157592773, 0.405897335, 0.7970138, 0.447416869, 0, 0, 0, 0, 0, 0, 0, 0.338455127, -0.199131104, -0.193877441, 0.178692221, -0.287347666, -0.941022246, -0.538696289, -0.828735352, 0.150756836, -0.823110938, 0.480039988, -0.302903807, 0, 2, 5, 1, 
417.808532, 33, 0.1, 0.1, 0.00220102182, 0.36405735, -0.0349665857, 0.955706001, -0.294323019, -1.97708895e-005, 0.294323019, 0.955706001, -2.13420301e-006, 1.95233028e-005, -3.77935727e-006, 1, 0.955706043, -0.294322883, -2.6914727e-005, 0.294322883, 0.955706043, 1.06674901e-005, 2.25828808e-005, -1.81166048e-005, 1, 0, 0, 0, 0, 0, 0, 0, 0.267220728, -0.207631787, -0.21865459, 0.0427828256, 0.472292001, -0.880299656, -0.912841797, 0.376464844, 0.157592773, 0.405897335, 0.7970138, 0.447416869, 0, 0, 0, 0, 0, 0, 0, 0.338455127, -0.199131104, -0.193877441, 0.178692221, -0.287347666, -0.941022246, -0.538696289, -0.828735352, 0.150756836, -0.823110938, 0.480039988, -0.302903807, 0, 2, 5, 1, 
417.809296, 33, 0.1, 0.1, 0.00220101522, 0.364057359, -0.0349698773, 0.955705725, -0.294323914, 2.55366612e-005, 0.294323914, 0.955705725, -2.61412656e-005, -1.67115337e-005, 3.24994073e-005, 0.999999999, 0.955705776, -0.294323749, 2.98262553e-005, 0.29432375, 0.955705776, -3.14261605e-005, -1.92556591e-005, 3.88127384e-005, 0.999999999, 0, 0, 0, 0, 0, 0, 0, 0.267888013, -0.207644116, -0.21799707, 0.0428831752, 0.471981595, -0.880540791, -0.91394043, 0.374389648, 0.15625, 0.403409602, 0.798175291, 0.447455061, 0, 0, 0, 0, 0, 0, 0, 0.339219092, -0.198943506, -0.193206494, 0.18037252, -0.28726491, -0.940664604, -0.536987305, -0.829956055, 0.150512695, -0.823916273, 0.478084803, -0.303970902, 0, 2, 5, 1, 
417.809989, 33, 0.1, 0.1, 0.00220101878, 0.364057353, -0.0349723693, 0.955705513, -0.294324602, -2.03740482e-005, 0.294324603, 0.955705513, 3.72960803e-005, 8.49443618e-006, -4.16406533e-005, 0.999999999, 0.955705545, -0.294324498, -2.05891127e-005, 0.294324498, 0.955705545, 2.7838708e-005, 1.14835154e-005, -3.26654878e-005, 0.999999999, 0, 0, 0, 0, 0, 0, 0, 0.267888013, -0.207644116, -0.21799707, 0.0428831752, 0.471981595, -0.880540791, -0.91394043, 0.374389648, 0.15625, 0.403409602, 0.798175291, 0.447455061, 0, 0, 0, 0, 0, 0, 0, 0.339219092, -0.198943506, -0.193206494, 0.18037252, -0.28726491, -0.940664604, -0.536987305, -0.829956055, 0.150512695, -0.823916273, 0.478084803, -0.303970902, 0, 2, 5, 1, 
417.81068, 33, 0.1, 0.1, 0.00220101835, 0.36405734, -0.0349740074, 0.955705413, -0.294324929, 1.36671169e-005, 0.294324929, 0.955705413, 8.41657295e-006, -1.55389448e-005, -4.02119112e-006, 1, 0.955705424, -0.294324894, 1.14281015e-005, 0.294324893, 0.955705424, 2.57985914e-005, -1.85150662e-005, -2.1292279e-005, 1, 0, 0, 0, 0, 0, 0, 0, 0.267888013, -0.207644116, -0.21799707, 0.0428831752, 0.471981595, -0.880540791, -0.91394043, 0.374389648, 0.15625, 0.403409602, 0.798175291, 0.447455061, 0, 0, 0, 0, 0, 0, 0, 0.339219092, -0.198943506, -0.193206494, 0.18037252, -0.28726491, -0.940664604, -0.536987305, -0.829956055, 0.150512695, -0.823916273, 0.478084803, -0.303970902, 0, 2, 5, 1, 
417.811409, 33, 0.1, 0.1, 0.00220101744, 0.364057352, -0.0349741642, 0.955705407, -0.294324947, 1.5723683e-006, 0.294324947, 0.955705406, -4.68094442e-005, 1.22744663e-005, 4.51988261e-005, 0.999999999, 0.955705407, -0.294324947, 1.4453221e-007, 0.294324947, 0.955705406, -4.92194435e-005, 1.43483799e-005, 4.70818277e-005, 0.999999999, 0, 0, 0, 0, 0, 0, 0, 0.267888013, -0.207644116, -0.21799707, 0.0428831752, 0.471981595, -0.880540791, -0.91394043, 0.374389648, 0.15625, 0.403409602, 0.798175291, 0.447455061, 0, 0, 0, 0, 0, 0, 0, 0.339219092, -0.198943506, -0.193206494, 0.18037252, -0.28726491, -0.940664604, -0.536987305, -0.829956055, 0.150512695, -0.823916273, 0.478084803, -0.303970902, 0, 2, 5, 1, 
417.812104, 33, 0.1, 0.1, 0.00220101574, 0.364057352, -0.0349727924, 0.955705374, -0.294325054, -2.66660114e-006, 0.294325054, 0.955705374, 2.70317824e-005, -5.40764577e-006, -2.66192672e-005, 1, 0.955705391, -0.294325, 5.99432895e-006, 0.294325, 0.955705391, 1.4293149e-005, -9.93564357e-006, -1.18957587e-005, 1, 0, 0, 0, 0, 0, 0, 0, 0.267888013, -0.207644116, -0.21799707, 0.0428831752, 0.471981595, -0.880540791, -0.91394043, 0.374389648, 0.15625, 0.403409602, 0.798175291, 0.447455061, 0, 0, 0, 0, 0, 0, 0, 0.339219092, -0.198943506, -0.193206494, 0.18037252, -0.28726491, -0.940664604, -0.536987305, -0.829956055, 0.150512695, -0.823916273, 0.478084803, -0.303970902, 0, 2, 5, 1, 
417.812792, 33, 0.1, 0.1, 0.00220101984, 0.364057341, -0.0349707347, 0.955705267, -0.294325401, 5.52368704e-006, 0.294325401, 0.955705267, 1.55212652e-005, -9.84731942e-006, -1.32079935e-005, 1, 0.955705289, -0.294325331, -8.47056724e-006, 0.294325331, 0.955705289, 2.543513e-005, 6.09162843e-007, -2.68015908e-005, 1, 0, 0, 0, 0, 0, 0, 0, 0.267888013, -0.207644116, -0.21799707, 0.0428831752, 0.471981595, -0.880540791, -0.91394043, 0.374389648, 0.15625, 0.403409602, 0.798175291, 0.447455061, 0, 0, 0, 0, 0, 0, 0, 0.339219092, -0.198943506, -0.193206494, 0.18037252, -0.28726491, -0.940664604, -0.536987305, -0.829956055, 0.150512695, -0.823916273, 0.478084803, -0.303970902, 0, 2, 5, 1, 
417.813493, 33, 0.1, 0.1, 0.00220101671, 0.364057345, -0.0349685379, 0.955705234, -0.294325511, -2.20165989e-006, 0.29432551, 0.955705234, -2.04977695e-005, 8.13715437e-006, 1.89418209e-005, 1, 0.955705233, -0.294325512, 4.83177832e-006, 0.294325512, 0.955705233, -2.47460363e-005, 2.66563397e-006, 2.5072032e-005, 1, 0, 0, 0, 0, 0, 0, 0, 0.267888013, -0.207644116, -0.21799707, 0.0428831752, 0.471981595, -0.880540791, -0.91394043, 0.374389648, 0.15625, 0.403409602, 0.798175291, 0.447455061, 0, 0, 0, 0, 0, 0, 0, 0.339219092, -0.198943506, -0.193206494, 0.18037252, -0.28726491, -0.940664604, -0.536987305, -0.829956055, 0.150512695, -0.823916273, 0.478084803, -0.303970902, 0, 2, 5, 1, 
417.814239, 33, 0.1, 0.1, 0.00220102001, 0.364057337, -0.0349661002, 0.955705254, -0.294325446, -1.02114212e-005, 0.294325446, 0.955705253, 2.22150557e-005, 3.22065267e-006, -2.42365266e-005, 1, 0.955705253, -0.294325448, -1.2098252e-005, 0.294325449, 0.955705253, 2.5136619e-005, 4.16401627e-006, -2.75840223e-005, 1, 0, 0, 0, 0, 0, 0, 0, 0.267879956, -0.20792644, -0.217139258, 0.0427685992, 0.470769929, -0.881175829, -0.914306641, 0.373901367, 0.155395508, 0.402686198, 0.799108752, 0.446566905, 0, 0, 0, 0, 0, 0, 0, 0.339467236, -0.199709668, -0.192525537, 0.180736725, -0.288562049, -0.940198321, -0.536865234, -0.829833984, 0.151489258, -0.823877994, 0.47758024, -0.304903835, 0, 2, 5, 1, 
417.814928, 33, 0.1, 0.1, 0.00220101939, 0.364057337, -0.0349650177, 0.955705281, -0.294325358, 7.9600603e-006, 0.294325358, 0.955705281, -5.71699356e-006, -5.92481548e-006, 7.80660853e-006, 1, 0.955705274, -0.29432538, 2.84788965e-006, 0.29432538, 0.955705274, -1.1677707e-005, 7.15302395e-007, 1.19986524e-005, 1, 0, 0, 0, 0, 0, 0, 0, 0.267879956, -0.20792644, -0.217139258, 0.0427685992, 0.470769929, -0.881175829, -0.914306641, 0.373901367, 0.155395508, 0.402686198, 0.799108752, 0.446566905, 0, 0, 0, 0, 0, 0, 0, 0.339467236, -0.199709668, -0.192525537, 0.180736725, -0.288562049, -0.940198321, -0.536865234, -0.829833984, 0.151489258, -0.823877994, 0.47758024, -0.304903835, 0, 2, 5, 1, 
417.815616, 33, 0.1, 0.1, 0.00220102223, 0.364057336, -0.034965431, 0.95570527, -0.294325393, -1.20421507e-005, 0.294325393, 0.95570527, -1.08561178e-005, 1.4703978e-005, 6.83093832e-006, 1, 0.955705277, -0.294325371, -1.4186855e-005, 0.294325371, 0.955705277, -9.20490598e-006, 1.62676895e-005, 4.62162587e-006, 1, 0, 0, 0, 0, 0, 0, 0, 0.267879956, -0.20792644, -0.217139258, 0.0427685992, 0.470769929, -0.881175829, -0.914306641, 0.373901367, 0.155395508, 0.402686198, 0.799108752, 0.446566905, 0, 0, 0, 0, 0, 0, 0, 0.339467236, -0.199709668, -0.192525537, 0.180736725, -0.288562049, -0.940198321, -0.536865234, -0.829833984, 0.151489258, -0.823877994, 0.47758024, -0.304903835, 0, 2, 5, 1, 
417.816371, 33, 0.1, 0.1, 0.0022010201, 0.364057331, -0.0349668432, 0.955705231, -0.294325519, 9.62352586e-006, 0.294325519, 0.955705231, 2.40675872e-006, -9.90562451e-006, 5.32297347e-007, 1, 0.955705237, -0.2943255, 1.29447194e-005, 0.2943255, 0.955705237, 1.26858126e-005, -1.61050942e-005, -8.31393654e-006, 1, 0, 0, 0, 0, 0, 0, 0, 0.267565161, -0.20790813, -0.217131079, 0.0409600878, 0.471131632, -0.880991982, -0.91418457, 0.373413086, 0.157104492, 0.402972638, 0.799051464, 0.446167011, 0, 0, 0, 0, 0, 0, 0, 0.339467236, -0.199709668, -0.192525537, 0.179343705, -0.288996616, -0.940313159, -0.536376953, -0.829956055, 0.152709961, -0.82463812, 0.477043594, -0.303811221, 0, 2, 5, 1, 
417.817062, 33, 0.1, 0.1, 0.00220102141, 0.36405733, -0.0349685237, 0.955705233, -0.294325513, 9.74085698e-007, 0.294325513, 0.955705233, 1.03425643e-006, -1.23534685e-006, -7.01746008e-007, 1, 0.955705232, -0.294325516, -2.68765626e-007, 0.294325516, 0.955705232, 2.77901925e-006, -5.61075559e-007, -2.73502782e-006, 1, 0, 0, 0, 0, 0, 0, 0, 0.267565161, -0.20790813, -0.217131079, 0.0409600878, 0.471131632, -0.880991982, -0.91418457, 0.373413086, 0.157104492, 0.402972638, 0.799051464, 0.446167011, 0, 0, 0, 0, 0, 0, 0, 0.33913584, -0.200196191, -0.192510156, 0.179343705, -0.288996616, -0.940313159, -0.536376953, -0.829956055, 0.152709961, -0.82463812, 0.477043594, -0.303811221, 0, 2, 5, 1, 
417.817745, 33, 0.1, 0.1, 0.00220102184, 0.364057329, -0.0349704974, 0.955705229, -0.294325526, -3.54586422e-006, 0.294325526, 0.955705229, 7.08798595e-006, 1.30262578e-006, -7.81766359e-006, 1, 0.955705233, -0.294325512, 1.83020927e-006, 0.294325512, 0.955705233, 5.23869376e-006, -3.2910218e-006, -4.46796977e-006, 1, 0, 0, 0, 0, 0, 0, 0, 0.267565161, -0.20790813, -0.217131079, 0.0409600878, 0.471131632, -0.880991982, -0.91418457, 0.373413086, 0.157104492, 0.402972638, 0.799051464, 0.446167011, 0, 0, 0, 0, 0, 0, 0, 0.33913584, -0.200196191, -0.192510156, 0.179343705, -0.288996616, -0.940313159, -0.536376953, -0.829956055, 0.152709961, -0.82463812, 0.477043594, -0.303811221, 0, 2, 5, 1, 
417.818461, 33, 0.1, 0.1, 0.00220102174, 0.364057327, -0.0349721735, 0.955705205, -0.294325604, 7.29785779e-007, 0.294325604, 0.955705205, -1.3022736e-006, -3.14167605e-007, 1.45938429e-006, 1, 0.95570521, -0.294325588, -1.73853196e-007, 0.294325588, 0.95570521, 4.9394031e-007, 2.07731331e-008, -5.23230772e-007, 1, 0, 0, 0, 0, 0, 0, 0, 0.267565161, -0.20790813, -0.217131079, 0.0409600878, 0.471131632, -0.880991982, -0.91418457, 0.373413086, 0.157104492, 0.402972638, 0.799051464, 0.446167011, 0, 0, 0, 0, 0, 0, 0, 0.33913584, -0.200196191, -0.192510156, 0.179343705, -0.288996616, -0.940313159, -0.536376953, -0.829956055, 0.152709961, -0.82463812, 0.477043594, -0.303811221, 0, 2, 5, 1, 
417.819168, 33, 0.1, 0.1, 0.00220102235, 0.364057326, -0.0349726531, 0.955705184, -0.294325671, -8.49295289e-007, 0.294325671, 0.955705184, -4.62935087e-006, 2.17421271e-006, 4.17432522e-006, 1, 0.955705188, -0.294325659, 4.32005692e-006, 0.294325659, 0.955705188, -6.87266894e-006, -2.105898e-006, 7.83974896e-006, 1, 0, 0, 0, 0, 0, 0, 0, 0.267565161, -0.20790813, -0.217131079, 0.0409600878, 0.471131632, -0.880991982, -0.91418457, 0.373413086, 0.157104492, 0.402972638, 0.799051464, 0.446167011, 0, 0, 0, 0, 0, 0, 0, 0.33913584, -0.200196191, -0.192510156, 0.179343705, -0.288996616, -0.940313159, -0.536376953, -0.829956055, 0.152709961, -0.82463812, 0.477043594, -0.303811221, 0, 2, 5, 1, 
417.819856, 33, 0.1, 0.1, 0.00220102262, 0.364057324, -0.0349722494, 0.955705189, -0.294325654, 1.21609195e-006, 0.294325654, 0.955705189, -2.76621118e-006, -3.48058471e-007, 3.00160944e-006, 1, 0.955705188, -0.29432566, 2.19916769e-007, 0.29432566, 0.955705188, -1.33158934e-006, 1.81745313e-007, 1.33733399e-006, 1, 0, 0, 0, 0, 0, 0, 0, 0.267565161, -0.20790813, -0.217131079, 0.0409600878, 0.471131632, -0.880991982, -0.91418457, 0.373413086, 0.157104492, 0.402972638, 0.799051464, 0.446167011, 0, 0, 0, 0, 0, 0, 0, 0.33913584, -0.200196191, -0.192510156, 0.179343705, -0.288996616, -0.940313159, -0.536376953, -0.829956055, 0.152709961, -0.82463812, 0.477043594, -0.303811221, 0, 2, 5, 1, 
417.820547, 33, 0.1, 0.1, 0.0022010232, 0.364057323, -0.0349711861, 0.955705197, -0.294325629, 3.52244888e-007, 0.294325629, 0.955705197, -6.60964944e-006, 1.60874696e-006, 6.42055102e-006, 1, 0.955705195, -0.294325636, 2.79587063e-006, 0.294325636, 0.955705195, 1.16111427e-006, -3.01377378e-006, -2.86786542e-007, 1, 0, 0, 0, 0, 0, 0, 0, 0.267565161, -0.20790813, -0.217131079, 0.0409600878, 0.471131632, -0.880991982, -0.91418457, 0.373413086, 0.157104492, 0.402972638, 0.799051464, 0.446167011, 0, 0, 0, 0, 0, 0, 0, 0.33913584, -0.200196191, -0.192510156, 0.179343705, -0.288996616, -0.940313159, -0.536376953, -0.829956055, 0.152709961, -0.82463812, 0.477043594, -0.303811221, 0, 2, 5, 1, 
417.821302, 33, 0.1, 0.1, 0.00220102329, 0.36405732, -0.0349691022, 0.955705187, -0.294325664, -2.35912243e-006, 0.294325664, 0.955705187, 8.15224952e-006, -1.44790705e-007, -8.48549742e-006, 1, 0.955705192, -0.294325647, -3.42666847e-006, 0.294325647, 0.955705192, 1.04701668e-005, 1.93246241e-007, -1.10149492e-005, 1, 0, 0, 0, 0, 0, 0, 0, 0.267056055, -0.208618506, -0.216938843, 0.039596776, 0.470350939, -0.881500461, -0.913208008, 0.37487793, 0.159057617, 0.405289628, 0.798804338, 0.444517259, 0, 0, 0, 0, 0, 0, 0, 0.338981543, -0.200936963, -0.192493066, 0.177011555, -0.29029995, -0.940440757, -0.537109375, -0.829101562, 0.154785156, -0.824637753, 0.477765807, -0.302597205, 0, 2, 5, 1, 
417.821993, 33, 0.1, 0.1, 0.00220102293, 0.364057323, -0.0349672601, 0.955705141, -0.294325811, 1.49735577e-006, 0.294325811, 0.955705141, -1.45029682e-005, 2.83756727e-006, 1.43012717e-005, 1, 0.955705152, -0.294325775, 8.08315822e-006, 0.294325775, 0.955705152, -1.83570368e-005, -2.32216688e-006, 1.99229964e-005, 1, 0, 0, 0, 0, 0, 0, 0, 0.267056055, -0.208618506, -0.216938843, 0.039596776, 0.470350939, -0.881500461, -0.913208008, 0.37487793, 0.159057617, 0.405289628, 0.798804338, 0.444517259, 0, 0, 0, 0, 0, 0, 0, 0.338981543, -0.200936963, -0.192493066, 0.177011555, -0.29029995, -0.940440757, -0.537109375, -0.829101562, 0.154785156, -0.824637753, 0.477765807, -0.302597205, 0, 2, 5, 1, 
417.822682, 33, 0.1, 0.1, 0.00220102527, 0.364057315, -0.0349663178, 0.955705102, -0.294325938, -1.68229305e-005, 0.294325938, 0.955705102, 1.98573545e-005, 1.0233226e-005, -2.39291999e-005, 1, 0.955705113, -0.294325903, -7.80187514e-006, 0.294325903, 0.955705113, 2.60522204e-005, -2.11551317e-007, -2.71945342e-005, 1, 0, 0, 0, 0, 0, 0, 0, 0.267056055, -0.208618506, -0.216938843, 0.039596776, 0.470350939, -0.881500461, -0.913208008, 0.37487793, 0.159057617, 0.405289628, 0.798804338, 0.444517259, 0, 0, 0, 0, 0, 0, 0, 0.338981543, -0.200936963, -0.192493066, 0.177011555, -0.29029995, -0.940440757, -0.537109375, -0.829101562, 0.154785156, -0.824637753, 0.477765807, -0.302597205, 0, 2, 5, 1, 
417.823409, 33, 0.1, 0.1, 0.00220102526, 0.364057315, -0.0349663285, 0.955704983, -0.294326324, 2.01997794e-005, 0.294326324, 0.955704983, -1.39640716e-006, -1.88940304e-005, 7.27988008e-006, 1, 0.955705015, -0.29432622, 1.42453159e-005, 0.29432622, 0.955705015, -7.95900156e-006, -1.1271777e-005, 1.17992277e-005, 1, 0, 0, 0, 0, 0, 0, 0, 0.267056055, -0.208618506, -0.216938843, 0.039596776, 0.470350939, -0.881500461, -0.913208008, 0.37487793, 0.159057617, 0.405289628, 0.798804338, 0.444517259, 0, 0, 0, 0, 0, 0, 0, 0.338981543, -0.200936963, -0.192493066, 0.177011555, -0.29029995, -0.940440757, -0.537109375, -0.829101562, 0.154785156, -0.824637753, 0.477765807, -0.302597205, 0, 2, 5, 1, 
417.8241, 33, 0.1, 0.1, 0.00220102596, 0.364057314, -0.0349670913, 0.95570481, -0.294326886, -2.1610172e-005, 0.294326886, 0.95570481, -1.35276582e-005, 2.46344988e-005, 6.56799334e-006, 1, 0.955704844, -0.294326777, -1.27554069e-005, 0.294326777, 0.955704844, -8.4654875e-006, 1.46820238e-005, 4.3362496e-006, 1, 0, 0, 0, 0, 0, 0, 0, 0.267056055, -0.208618506, -0.216938843, 0.039596776, 0.470350939, -0.881500461, -0.913208008, 0.37487793, 0.159057617, 0.405289628, 0.798804338, 0.444517259, 0, 0, 0, 0, 0, 0, 0, 0.338981543, -0.200936963, -0.192493066, 0.177011555, -0.29029995, -0.940440757, -0.537109375, -0.829101562, 0.154785156, -0.824637753, 0.477765807, -0.302597205, 0, 2, 5, 1, 
417.824792, 33, 0.1, 0.1, 0.00220103038, 0.364057312, -0.0349686194, 0.955704687, -0.294327285, 1.66790956e-005, 0.294327285, 0.955704687, 2.22570633e-006, -1.6595376e-005, 2.78199496e-006, 1, 0.955704704, -0.294327229, -4.08701384e-006, 0.294327229, 0.955704704, 4.62992974e-006, 2.54326396e-006, -5.6277651e-006, 1, 0, 0, 0, 0, 0, 0, 0, 0.267056055, -0.208618506, -0.216938843, 0.039596776, 0.470350939, -0.881500461, -0.913208008, 0.37487793, 0.159057617, 0.405289628, 0.798804338, 0.444517259, 0, 0, 0, 0, 0, 0, 0, 0.338981543, -0.200936963, -0.192493066, 0.177011555, -0.29029995, -0.940440757, -0.537109375, -0.829101562, 0.154785156, -0.824637753, 0.477765807, -0.302597205, 0, 2, 5, 1, 
417.825528, 33, 0.1, 0.1, 0.00220101988, 0.364057307, -0.0349701311, 0.955704562, -0.29432769, 1.7545413e-005, 0.29432769, 0.955704563, 7.98043823e-006, -1.91170952e-005, -2.46284036e-006, 1, 0.955704591, -0.294327597, 2.82940442e-005, 0.294327596, 0.955704591, 1.48105128e-005, -3.13998906e-005, -5.82675706e-006, 0.999999999, 0, 0, 0, 0, 0, 0, 0, 0.267056055, -0.208618506, -0.216938843, 0.039596776, 0.470350939, -0.881500461, -0.913208008, 0.37487793, 0.159057617, 0.405289628, 0.798804338, 0.444517259, 0, 0, 0, 0, 0, 0, 0, 0.338981543, -0.200936963, -0.192493066, 0.177011555, -0.29029995, -0.940440757, -0.537109375, -0.829101562, 0.154785156, -0.824637753, 0.477765807, -0.302597205, 0, 2, 5, 1, 
417.826272, 33, 0.1, 0.1, 0.00220102425, 0.364057308, -0.0349707626, 0.955704436, -0.294328102, -1.43527244e-005, 0.294328102, 0.955704436, 8.04189552e-006, 1.13500065e-005, -1.19100853e-005, 1, 0.955704453, -0.294328044, -1.66734814e-005, 0.294328044, 0.955704453, -5.13589907e-006, 1.74465596e-005, 9.28450351e-010, 1, 0, 0, 0, 0, 0, 0, 0, 0.266834033, -0.208645605, -0.216735864, 0.0395466012, 0.469830477, -0.881856172, -0.912719727, 0.376098633, 0.159423828, 0.406533494, 0.798639587, 0.443832047, 0, 0, 0, 0, 0, 0, 0, 0.338720215, -0.20117998, -0.192259814, 0.176379027, -0.290702435, -0.940332116, -0.537475586, -0.828735352, 0.155395508, -0.824458749, 0.478091733, -0.302463044, 0, 2, 5, 1, 
417.826966, 33, 0.1, 0.1, 0.00220101936, 0.364057302, -0.0349708998, 0.955704416, -0.294328164, 2.82399968e-005, 0.294328165, 0.955704416, -2.33167269e-006, -2.63028127e-005, 1.05402163e-005, 1, 0.955704412, -0.294328178, 2.613299e-005, 0.294328178, 0.955704412, 1.21347948e-005, -2.85470259e-005, -3.90560158e-006, 1, 0, 0, 0, 0, 0, 0, 0, 0.266834033, -0.208645605, -0.216735864, 0.0395466012, 0.469830477, -0.881856172, -0.912719727, 0.376098633, 0.159423828, 0.406533494, 0.798639587, 0.443832047, 0, 0, 0, 0, 0, 0, 0, 0.338720215, -0.20117998, -0.192259814, 0.176379027, -0.290702435, -0.940332116, -0.537475586, -0.828735352, 0.155395508, -0.824458749, 0.478091733, -0.302463044, 0, 2, 5, 1, 
417.827653, 33, 0.1, 0.1, 0.00220102057, 0.364057306, -0.0349707551, 0.955704501, -0.294327889, -2.55763046e-005, 0.294327889, 0.955704501, -5.81493604e-006, 2.61548872e-005, -1.97045918e-006, 1, 0.955704475, -0.294327972, -1.71472063e-005, 0.294327972, 0.955704476, -1.65696935e-005, 2.12645861e-005, 1.07888278e-005, 1, 0, 0, 0, 0, 0, 0, 0, 0.266834033, -0.208645605, -0.216735864, 0.0395466012, 0.469830477, -0.881856172, -0.912719727, 0.376098633, 0.159423828, 0.406533494, 0.798639587, 0.443832047, 0, 0, 0, 0, 0, 0, 0, 0.338720215, -0.20117998, -0.192259814, 0.176379027, -0.290702435, -0.940332116, -0.537475586, -0.828735352, 0.155395508, -0.824458749, 0.478091733, -0.302463044, 0, 2, 5, 1, 
417.828373, 33, 0.1, 0.1, 0.0022010229, 0.364057303, -0.0349701529, 0.95570466, -0.294327372, 2.13519074e-005, 0.294327372, 0.95570466, 2.77231727e-006, -2.12220863e-005, 3.63493426e-006, 1, 0.95570463, -0.29432747, 1.07220442e-005, 0.29432747, 0.95570463, 2.70835104e-006, -1.10442494e-005, 5.67408498e-007, 1, 0, 0, 0, 0, 0, 0, 0, 0.266834033, -0.208645605, -0.216735864, 0.0395466012, 0.469830477, -0.881856172, -0.912719727, 0.376098633, 0.159423828, 0.406533494, 0.798639587, 0.443832047, 0, 0, 0, 0, 0, 0, 0, 0.338720215, -0.20117998, -0.192259814, 0.176379027, -0.290702435, -0.940332116, -0.537475586, -0.828735352, 0.155395508, -0.824458749, 0.478091733, -0.302463044, 0, 2, 5, 1, 
417.829061, 33, 0.1, 0.1, 0.0022010199, 0.3640573, -0.0349694301, 0.95570477, -0.294327015, -1.15224773e-005, 0.294327015, 0.95570477, -9.21838945e-006, 1.37253076e-005, 5.41868242e-006, 1, 0.955704755, -0.294327066, 2.46256084e-006, 0.294327066, 0.955704755, 4.3664011e-006, -3.63863113e-006, -3.44819198e-006, 1, 0, 0, 0, 0, 0, 0, 0, 0.266834033, -0.208645605, -0.216735864, 0.0395466012, 0.469830477, -0.881856172, -0.912719727, 0.376098633, 0.159423828, 0.406533494, 0.798639587, 0.443832047, 0, 0, 0, 0, 0, 0, 0, 0.338720215, -0.20117998, -0.192259814, 0.176379027, -0.290702435, -0.940332116, -0.537475586, -0.828735352, 0.155395508, -0.824458749, 0.478091733, -0.302463044, 0, 2, 5, 1, 
417.82975, 33, 0.1, 0.1, 0.00220102763, 0.364057302, -0.0349689394, 0.955704875, -0.294326676, -8.32265279e-006, 0.294326676, 0.955704875, -4.93952597e-006, 9.4078341e-006, 2.27115032e-006, 1, 0.95570485, -0.294326755, -2.14249994e-005, 0.294326755, 0.955704851, -4.9392064e-006, 2.19297164e-005, -1.58552703e-006, 1, 0, 0, 0, 0, 0, 0, 0, 0.266834033, -0.208645605, -0.216735864, 0.0395466012, 0.469830477, -0.881856172, -0.912719727, 0.376098633, 0.159423828, 0.406533494, 0.798639587, 0.443832047, 0, 0, 0, 0, 0, 0, 0, 0.338720215, -0.20117998, -0.192259814, 0.176379027, -0.290702435, -0.940332116, -0.537475586, -0.828735352, 0.155395508, -0.824458749, 0.478091733, -0.302463044, 0, 2, 5, 1, 
417.830468, 33, 0.1, 0.1, 0.00220102189, 0.364057298, -0.034968676, 0.955704953, -0.294326421, 1.72645782e-005, 0.294326421, 0.955704953, -1.56984043e-006, -1.60377974e-005, 6.58172579e-006, 1, 0.955704937, -0.294326474, 2.17801505e-005, 0.294326474, 0.955704937, 1.05356414e-005, -2.39163156e-005, -3.65848955e-006, 1, 0, 0, 0, 0, 0, 0, 0, 0.266834033, -0.208645605, -0.216735864, 0.0395466012, 0.469830477, -0.881856172, -0.912719727, 0.376098633, 0.159423828, 0.406533494, 0.798639587, 0.443832047, 0, 0, 0, 0, 0, 0, 0, 0.338720215, -0.20117998, -0.192259814, 0.176379027, -0.290702435, -0.940332116, -0.537475586, -0.828735352, 0.155395508, -0.824458749, 0.478091733, -0.302463044, 0, 2, 5, 1, 
417.831201, 33, 0.1, 0.1, 0.00220102937, 0.3640573, -0.0349680826, 0.955705086, -0.294325988, -2.93558741e-005, 0.294325988, 0.955705087, -9.45854662e-006, 3.08394543e-005, 3.9938446e-007, 1, 0.95570506, -0.294326074, -3.2388072e-005, 0.294326074, 0.95570506, -7.04335461e-006, 3.30264872e-005, -2.80128443e-006, 0.999999999, 0, 0, 0, 0, 0, 0, 0, 0.266339209, -0.208406006, -0.216950928, 0.0384877036, 0.470198171, -0.881672325, -0.911865234, 0.377075195, 0.161376953, 0.408431494, 0.797839798, 0.443432152, 0, 0, 0, 0, 0, 0, 0, 0.338071094, -0.200863477, -0.19292832, 0.173490909, -0.289564978, -0.941258119, -0.537475586, -0.828613281, 0.155883789, -0.825007788, 0.478947741, -0.299491803, 0, 2, 5, 1, 
417.831893, 33, 0.1, 0.1, 0.00220102784, 0.364057298, -0.0349680599, 0.955705205, -0.294325603, 2.70285963e-005, 0.294325603, 0.955705205, 9.12528804e-006, -2.85171761e-005, -7.65877379e-007, 1, 0.955705183, -0.294325674, 2.21333026e-005, 0.294325674, 0.955705183, 5.02327359e-006, -2.26313904e-005, 1.7136306e-006, 1, 0, 0, 0, 0, 0, 0, 0, 0.266339209, -0.208406006, -0.216950928, 0.0384877036, 0.470198171, -0.881672325, -0.911865234, 0.377075195, 0.161376953, 0.408431494, 0.797839798, 0.443432152, 0, 0, 0, 0, 0, 0, 0, 0.338071094, -0.200863477, -0.19292832, 0.173490909, -0.289564978, -0.941258119, -0.537475586, -0.828613281, 0.155883789, -0.825007788, 0.478947741, -0.299491803, 0, 2, 5, 1, 
417.832584, 33, 0.1, 0.1, 0.00220102606, 0.364057296, -0.0349686058, 0.95570532, -0.294325228, -1.9687727e-005, 0.294325229, 0.955705321, 2.13293207e-006, 1.81878897e-005, -7.83304929e-006, 1, 0.955705293, -0.294325319, -7.02048637e-006, 0.294325319, 0.955705293, -2.18401422e-006, 7.35232667e-006, 2.09670618e-008, 1, 0, 0, 0, 0, 0, 0, 0, 0.266339209, -0.208406006, -0.216950928, 0.0384877036, 0.470198171, -0.881672325, -0.911865234, 0.377075195, 0.161376953, 0.408431494, 0.797839798, 0.443432152, 0, 0, 0, 0, 0, 0, 0, 0.338071094, -0.200863477, -0.19292832, 0.173490909, -0.289564978, -0.941258119, -0.537475586, -0.828613281, 0.155883789, -0.825007788, 0.478947741, -0.299491803, 0, 2, 5, 1, 
417.833337, 33, 0.1, 0.1, 0.00220103053, 0.364057296, -0.0349689718, 0.955705442, -0.294324836, 7.19598053e-006, 0.294324836, 0.955705442, -4.34174003e-007, -6.74944956e-006, 2.53289825e-006, 1, 0.955705426, -0.294324886, 1.71940919e-006, 0.294324886, 0.955705426, -5.15551861e-006, -1.25851262e-007, 5.43322202e-006, 1, 0, 0, 0, 0, 0, 0, 0, 0.265627856, -0.208407959, -0.217400708, 0.037524286, 0.470204163, -0.881685429, -0.910888672, 0.37890625, 0.163330078, 0.410932331, 0.797097298, 0.442569084, 0, 0, 0, 0, 0, 0, 0, 0.337258545, -0.200854932, -0.19335918, 0.171439841, -0.289628777, -0.941558158, -0.537841797, -0.82824707, 0.156860352, -0.825346106, 0.479554749, -0.29780494, 0, 2, 5, 1, 
417.834033, 33, 0.1, 0.1, 0.00220103217, 0.364057294, -0.0349693076, 0.955705479, -0.294324714, -6.73750934e-006, 0.294324714, 0.955705479, -8.96119742e-006, 9.07657646e-006, 6.58124997e-006, 1, 0.955705476, -0.294324723, -9.28496065e-006, 0.294324723, 0.955705476, -6.83175219e-006, 1.08844413e-005, 3.79634952e-006, 1, 0, 0, 0, 0, 0, 0, 0, 0.265627856, -0.208407959, -0.217400708, 0.037524286, 0.470204163, -0.881685429, -0.910888672, 0.37890625, 0.163330078, 0.410932331, 0.797097298, 0.442569084, 0, 0, 0, 0, 0, 0, 0, 0.337258545, -0.200854932, -0.19335918, 0.171439841, -0.289628777, -0.941558158, -0.537841797, -0.82824707, 0.156860352, -0.825346106, 0.479554749, -0.29780494, 0, 2, 5, 1, 
417.834726, 33, 0.1, 0.1, 0.00220102905, 0.364057291, -0.0349697005, 0.955705486, -0.294324692, 1.27138868e-005, 0.294324692, 0.955705486, -1.7736666e-007, -1.2098528e-005, 3.91152112e-006, 1, 0.955705483, -0.2943247, 1.54434476e-005, 0.2943247, 0.955705483, 8.91155441e-006, -1.73822781e-005, -3.97143332e-006, 1, 0, 0, 0, 0, 0, 0, 0, 0.265627856, -0.208407959, -0.217400708, 0.037524286, 0.470204163, -0.881685429, -0.910888672, 0.37890625, 0.163330078, 0.410932331, 0.797097298, 0.442569084, 0, 0, 0, 0, 0, 0, 0, 0.337258545, -0.200854932, -0.19335918, 0.171439841, -0.289628777, -0.941558158, -0.537841797, -0.82824707, 0.156860352, -0.825346106, 0.479554749, -0.29780494, 0, 2, 5, 1, 
417.835449, 33, 0.1, 0.1, 0.00220103575, 0.364057291, -0.0349699611, 0.955705548, -0.294324491, -2.459426e-005, 0.294324491, 0.955705548, -1.29459196e-006, 2.38859009e-005, -6.00144434e-006, 1, 0.955705533, -0.294324539, -2.82606928e-005, 0.294324539, 0.955705533, 3.42405346e-007, 2.69081221e-005, -8.64505405e-006, 1, 0, 0, 0, 0, 0, 0, 0, 0.265627856, -0.208407959, -0.217400708, 0.037524286, 0.470204163, -0.881685429, -0.910888672, 0.37890625, 0.163330078, 0.410932331, 0.797097298, 0.442569084, 0, 0, 0, 0, 0, 0, 0, 0.337258545, -0.200854932, -0.19335918, 0.171439841, -0.289628777, -0.941558158, -0.537841797, -0.82824707, 0.156860352, -0.825346106, 0.479554749, -0.29780494, 0, 2, 5, 1, 
417.836141, 33, 0.1, 0.1, 0.00220103227, 0.364057288, -0.0349699457, 0.955705573, -0.294324407, 2.93763856e-005, 0.294324407, 0.955705574, 2.07811141e-005, -3.41915646e-005, -1.12144393e-005, 0.999999999, 0.955705574, -0.294324405, 2.498471e-005, 0.294324405, 0.955705574, 1.63805487e-005, -2.86992219e-005, -8.30137179e-006, 1, 0, 0, 0, 0, 0, 0, 0, 0.265627856, -0.208407959, -0.217400708, 0.037524286, 0.470204163, -0.881685429, -0.910888672, 0.37890625, 0.163330078, 0.410932331, 0.797097298, 0.442569084, 0, 0, 0, 0, 0, 0, 0, 0.337258545, -0.200854932, -0.19335918, 0.171439841, -0.289628777, -0.941558158, -0.537841797, -0.82824707, 0.156860352, -0.825346106, 0.479554749, -0.29780494, 0, 2, 5, 1, 
417.836832, 33, 0.1, 0.1, 0.00220102791, 0.364057288, -0.0349699543, 0.95570559, -0.294324355, -7.12624721e-006, 0.294324355, 0.955705589, -2.012446e-005, 1.2733713e-005, 1.71356308e-005, 1, 0.95570558, -0.294324386, 3.23007064e-006, 0.294324386, 0.95570558, -1.63702851e-005, 1.73117758e-006, 1.65958614e-005, 1, 0, 0, 0, 0, 0, 0, 0, 0.265627856, -0.208407959, -0.217400708, 0.037524286, 0.470204163, -0.881685429, -0.910888672, 0.37890625, 0.163330078, 0.410932331, 0.797097298, 0.442569084, 0, 0, 0, 0, 0, 0, 0, 0.337258545, -0.200854932, -0.19335918, 0.171439841, -0.289628777, -0.941558158, -0.537841797, -0.82824707, 0.156860352, -0.825346106, 0.479554749, -0.29780494, 0, 2, 5, 1, 
417.837537, 33, 0.1, 0.1, 0.00220103137, 0.364057284, -0.0349699067, 0.955705684, -0.294324047, 7.87071741e-006, 0.294324047, 0.955705684, 2.7283233e-005, -1.55522009e-005, -2.37581995e-005, 1, 0.955705656, -0.294324138, -6.97006276e-006, 0.294324138, 0.955705656, 2.00574344e-005, 7.57941322e-007, -2.12204612e-005, 1, 0, 0, 0, 0, 0, 0, 0, 0.265627856, -0.208407959, -0.217400708, 0.037524286, 0.470204163, -0.881685429, -0.910888672, 0.37890625, 0.163330078, 0.410932331, 0.797097298, 0.442569084, 0, 0, 0, 0, 0, 0, 0, 0.337258545, -0.200854932, -0.19335918, 0.171439841, -0.289628777, -0.941558158, -0.537841797, -0.82824707, 0.156860352, -0.825346106, 0.479554749, -0.29780494, 0, 2, 5, 1, 
417.838276, 33, 0.1, 0.1, 0.00220102394, 0.36405728, -0.0349691736, 0.95570588, -0.294323411, 9.00574837e-006, 0.294323411, 0.95570588, -1.07480241e-005, -5.44345154e-006, 1.29225525e-005, 1, 0.955705837, -0.294323549, 2.16969634e-005, 0.29432355, 0.955705838, -5.08781426e-006, -1.9238451e-005, 1.12483811e-005, 1, 0, 0, 0, 0, 0, 0, 0, 0.265305615, -0.207895679, -0.217816064, 0.0355761112, 0.471511308, -0.88110768, -0.910888672, 0.377929687, 0.165405273, 0.4111173, 0.796766674, 0.443095537, 0, 0, 0, 0, 0, 0, 0, 0.336926904, -0.199896045, -0.194033057, 0.170232022, -0.288287163, -0.942260682, -0.536132813, -0.829345703, 0.156860352, -0.82670048, 0.478468331, -0.295792152, 0, 2, 5, 1, 
417.838967, 33, 0.1, 0.1, 0.00220103253, 0.364057282, -0.0349686772, 0.955706121, -0.294322628, -2.19589405e-005, 0.294322628, 0.955706121, -1.16410202e-005, 2.44125095e-005, 4.66238118e-006, 1, 0.955706074, -0.29432278, -3.03402472e-005, 0.29432278, 0.955706075, -6.83496948e-006, 3.10080457e-005, -2.39760405e-006, 1, 0, 0, 0, 0, 0, 0, 0, 0.265305615, -0.207895679, -0.217816064, 0.0355761112, 0.471511308, -0.88110768, -0.910888672, 0.377929687, 0.165405273, 0.4111173, 0.796766674, 0.443095537, 0, 0, 0, 0, 0, 0, 0, 0.336926904, -0.199896045, -0.194033057, 0.170232022, -0.288287163, -0.942260682, -0.536132813, -0.829345703, 0.156860352, -0.82670048, 0.478468331, -0.295792152, 0, 2, 5, 1, 
417.839658, 33, 0.1, 0.1, 0.00220102996, 0.364057279, -0.0349685669, 0.955706287, -0.294322091, 1.62433299e-005, 0.294322091, 0.955706287, 1.49514347e-005, -1.992439e-005, -9.50840929e-006, 1, 0.955706259, -0.294322182, 1.69950318e-005, 0.294322182, 0.955706259, 1.7106482e-005, -2.12770753e-005, -1.13467571e-005, 1, 0, 0, 0, 0, 0, 0, 0, 0.265305615, -0.207895679, -0.217816064, 0.0355761112, 0.471511308, -0.88110768, -0.910888672, 0.377929687, 0.165405273, 0.4111173, 0.796766674, 0.443095537, 0, 0, 0, 0, 0, 0, 0, 0.336926904, -0.199896045, -0.194033057, 0.170232022, -0.288287163, -0.942260682, -0.536132813, -0.829345703, 0.156860352, -0.82670048, 0.478468331, -0.295792152, 0, 2, 5, 1, 
417.840383, 33, 0.1, 0.1, 0.00220103, 0.364057282, -0.0349686237, 0.955706427, -0.294321636, -1.34770775e-006, 0.294321636, 0.955706427, -1.31740145e-005, 5.16541047e-006, 1.21938308e-005, 1, 0.9557064, -0.294321723, -3.8518784e-006, 0.294321723, 0.9557064, -2.00091139e-005, 9.57038171e-006, 1.79891467e-005, 1, 0, 0, 0, 0, 0, 0, 0, 0.265305615, -0.207895679, -0.217816064, 0.0355761112, 0.471511308, -0.88110768, -0.910888672, 0.377929687, 0.165405273, 0.4111173, 0.796766674, 0.443095537, 0, 0, 0, 0, 0, 0, 0, 0.336926904, -0.199896045, -0.194033057, 0.170232022, -0.288287163, -0.942260682, -0.536132813, -0.829345703, 0.156860352, -0.82670048, 0.478468331, -0.295792152, 0, 2, 5, 1, 
417.841092, 33, 0.1, 0.1, 0.00220103142, 0.364057274, -0.0349687854, 0.955706513, -0.294321356, -1.05655088e-005, 0.294321356, 0.955706513, 2.37127292e-005, 3.11836293e-006, -2.57720646e-005, 1, 0.955706502, -0.294321391, -9.95236895e-006, 0.294321391, 0.955706502, 2.68273252e-005, 1.61568804e-006, -2.85682442e-005, 1, 0, 0, 0, 0, 0, 0, 0, 0.265305615, -0.207895679, -0.217816064, 0.0355761112, 0.471511308, -0.88110768, -0.910888672, 0.377929687, 0.165405273, 0.4111173, 0.796766674, 0.443095537, 0, 0, 0, 0, 0, 0, 0, 0.336926904, -0.199896045, -0.194033057, 0.170232022, -0.288287163, -0.942260682, -0.536132813, -0.829345703, 0.156860352, -0.82670048, 0.478468331, -0.295792152, 0, 2, 5, 1, 
417.841782, 33, 0.1, 0.1, 0.00220103065, 0.364057277, -0.0349691325, 0.955706568, -0.294321178, 5.27869815e-006, 0.294321178, 0.955706567, -3.36116068e-005, 4.84772122e-006, 3.3676466e-005, 0.999999999, 0.955706553, -0.294321225, 9.76270631e-006, 0.294321225, 0.955706553, -2.61448563e-005, -1.63529626e-006, 2.78601822e-005, 1, 0, 0, 0, 0, 0, 0, 0, 0.265305615, -0.207895679, -0.217816064, 0.0355761112, 0.471511308, -0.88110768, -0.910888672, 0.377929687, 0.165405273, 0.4111173, 0.796766674, 0.443095537, 0, 0, 0, 0, 0, 0, 0, 0.336926904, -0.199896045, -0.194033057, 0.170232022, -0.288287163, -0.942260682, -0.536132813, -0.829345703, 0.156860352, -0.82670048, 0.478468331, -0.295792152, 0, 2, 5, 1, 
417.842514, 33, 0.1, 0.1, 0.00220102859, 0.364057279, -0.0349695726, 0.955706629, -0.294320981, 3.19802162e-006, 0.294320981, 0.955706629, 1.77640055e-005, -8.28468999e-006, -1.60359329e-005, 1, 0.955706624, -0.294320997, 9.36530061e-006, 0.294320997, 0.955706624, 6.26443604e-006, -1.07942349e-005, -3.2305584e-006, 1, 0, 0, 0, 0, 0, 0, 0, 0.265305615, -0.207895679, -0.217816064, 0.0371184003, 0.471656963, -0.880891632, -0.910522461, 0.37902832, 0.164550781, 0.411490985, 0.796125645, 0.443679278, 0, 0, 0, 0, 0, 0, 0, 0.336926904, -0.199896045, -0.194033057, 0.170232022, -0.288287163, -0.942260682, -0.536132813, -0.829345703, 0.156860352, -0.82670048, 0.478468331, -0.295792152, 0, 2, 5, 1, 
417.843227, 33, 0.1, 0.1, 0.00220102976, 0.364057275, -0.0349694526, 0.955706625, -0.294320994, 7.54686327e-006, 0.294320994, 0.955706625, -1.33588699e-005, -3.28079136e-006, 1.49883608e-005, 1, 0.955706627, -0.294320985, -8.06460502e-007, 0.294320985, 0.955706627, 1.65477114e-006, 2.83705774e-007, -1.81883399e-006, 1, 0, 0, 0, 0, 0, 0, 0, 0.265608813, -0.208113428, -0.217580005, 0.0371184003, 0.471656963, -0.880891632, -0.910522461, 0.37902832, 0.164550781, 0.411490985, 0.796125645, 0.443679278, 0, 0, 0, 0, 0, 0, 0, 0.337464697, -0.199661328, -0.193815186, 0.171567439, -0.28800608, -0.942037201, -0.535766602, -0.829711914, 0.156005859, -0.826560122, 0.478129646, -0.296750605, 0, 2, 5, 1, 
