time, trialNum, realDorsalTactorPos, realVentralTactorPos, boxPosX, boxPosY, boxPosZ, boxLocalRot_11, boxLocalRot_12, boxLocalRot_13, boxLocalRot_21, boxLocalRot_22, boxLocalRot_23, boxLocalRot_31, boxLocalRot_32, boxLocalRot_33, boxGlobalRot_11, boxGlobalRot_12, boxGlobalRot_13, boxGlobalRot_21, boxGlobalRot_22, boxGlobalRot_23, boxGlobalRot_31, boxGlobalRot_32, boxGlobalRot_33, indexForceX, indexForceY, indexForceZ, indexForceGlobalX, indexForceGlobalY, indexForceGlobalZ, indexContact, indexPosX, indexPosY, indexPosZ, indexRot_11, indexRot_12, indexRot_13, indexRot_21, indexRot_22, indexRot_23, indexRot_31, indexRot_32, indexRot_33, thumbForceX, thumbForceY, thumbForceZ, thumbForceGlobalX, thumbForceGlobalY, thumbForceGlobalZ, thumbContact, thumbPosX, thumbPosY, thumbPosZ, thumbRot_11, thumbRot_12, thumbRot_13, thumbRot_21, thumbRot_22, thumbRot_23, thumbRot_31, thumbRot_32, thumbRot_33, manipForceTooHigh, cceExpType, mapping, trialSuccess, 
356.23006, 45, 0.1, 0.1, 0.0111069309, 0.352307824, -0.0349712049, 0.974164865, -3.65970827e-006, -0.225838029, 0.225838029, -4.56381473e-006, 0.974164865, -4.59584213e-006, -1, -3.61940666e-006, 0.974164864, 8.38820383e-006, -0.225838034, 0.225838034, 3.54662692e-006, 0.974164864, 8.9724567e-006, -1, 1.56062387e-006, 0, 0, 0, 0, 0, 0, 0, 0.218827075, -0.0862869141, -0.190439966, -0.334083969, 0.763354561, -0.552729716, -0.832275391, 0.0362548828, 0.553100586, 0.442351887, 0.64487214, 0.623314822, 0, 0, -0, 0, 0, 0, 0, 0.300317236, -0.0561893555, -0.166072705, 0.123881659, 0.334237713, -0.934233513, 0.262817383, -0.918945313, -0.293823242, -0.956769664, -0.209128194, -0.201664003, 0, 2, 5, 1, 
356.259239, 45, 0.1, 0.1, 0.0111069221, 0.35230784, -0.0349739132, 0.97416641, 1.37302433e-005, -0.225831366, 0.225831366, -9.1187409e-006, 0.97416641, 1.13162441e-005, -1, -1.19838907e-005, 0.974166422, 1.47789279e-005, -0.225831314, 0.225831314, -1.22185979e-005, 0.974166422, 1.16377933e-005, -1, -1.52404925e-005, 0, 0, 0, 0, 0, 0, 0, 0.230779712, -0.10029248, -0.184468945, -0.33986371, 0.759866341, -0.553972461, -0.835083008, 0.0269775391, 0.549316406, 0.432391218, 0.649379562, 0.625612716, 0, 0, -0, 0, 0, 0, 0, 0.31017749, -0.0684809082, -0.15876499, 0.105161759, 0.354825643, -0.92887252, 0.296630859, -0.902709961, -0.311279297, -0.949163273, -0.242682443, -0.200118599, 0, 2, 5, 1, 
356.259927, 45, 0.1, 0.1, 0.0111069205, 0.352307844, -0.0349725946, 0.974166351, -5.4792003e-006, -0.225831619, 0.225831619, 1.26577957e-005, 0.974166351, -2.47912207e-006, -1, 1.35681753e-005, 0.974166362, -1.11171723e-005, -0.225831573, 0.225831574, 1.4968396e-005, 0.974166362, -7.44963882e-006, -1, 1.70923164e-005, 0, 0, 0, 0, 0, 0, 0, 0.230779712, -0.10029248, -0.184468945, -0.33986371, 0.759866341, -0.553972461, -0.835083008, 0.0269775391, 0.549316406, 0.432391218, 0.649379562, 0.625612716, 0, 0, -0, 0, 0, 0, 0, 0.31017749, -0.0684809082, -0.15876499, 0.105161759, 0.354825643, -0.92887252, 0.296630859, -0.902709961, -0.311279297, -0.949163273, -0.242682443, -0.200118599, 0, 2, 5, 1, 
356.260619, 45, 0.1, 0.1, 0.0111069232, 0.352307841, -0.034970566, 0.974166328, -3.66331675e-006, -0.225831718, 0.225831718, -1.49959871e-005, 0.974166328, -6.95524936e-006, -1, -1.37812926e-005, 0.974166329, 7.80242058e-006, -0.225831716, 0.225831716, -1.62304625e-005, 0.974166329, 3.93550221e-006, -1, -1.75732041e-005, 0, 0, 0, 0, 0, 0, 0, 0.230779712, -0.10029248, -0.184468945, -0.33986371, 0.759866341, -0.553972461, -0.835083008, 0.0269775391, 0.549316406, 0.432391218, 0.649379562, 0.625612716, 0, 0, -0, 0, 0, 0, 0, 0.31017749, -0.0684809082, -0.15876499, 0.105161759, 0.354825643, -0.92887252, 0.296630859, -0.902709961, -0.311279297, -0.949163273, -0.242682443, -0.200118599, 0, 2, 5, 1, 
356.261312, 45, 0.1, 0.1, 0.0111069215, 0.352307845, -0.0349684698, 0.97416637, 6.68034519e-006, -0.225831539, 0.225831538, 1.71742347e-005, 0.97416637, 1.03862515e-005, -1, 1.52219293e-005, 0.974166357, 7.21242598e-007, -0.225831595, 0.225831595, 1.99662062e-005, 0.974166357, 5.21161045e-006, -1, 1.9287527e-005, 0, 0, 0, 0, 0, 0, 0, 0.230779712, -0.10029248, -0.184468945, -0.33986371, 0.759866341, -0.553972461, -0.835083008, 0.0269775391, 0.549316406, 0.432391218, 0.649379562, 0.625612716, 0, 0, -0, 0, 0, 0, 0, 0.31017749, -0.0684809082, -0.15876499, 0.105161759, 0.354825643, -0.92887252, 0.296630859, -0.902709961, -0.311279297, -0.949163273, -0.242682443, -0.200118599, 0, 2, 5, 1, 
356.262031, 45, 0.1, 0.1, 0.0111069207, 0.35230784, -0.0349665938, 0.974166468, -1.09509598e-005, -0.225831113, 0.225831113, -2.05778833e-005, 0.974166468, -1.53151841e-005, -1, -1.75732165e-005, 0.974166447, -1.0341189e-005, -0.225831206, 0.225831206, -2.51245065e-005, 0.974166447, -1.57479369e-005, -1, -2.2140088e-005, 0, 0, 0, 0, 0, 0, 0, 0.232125391, -0.102102222, -0.18384939, -0.339673872, 0.759358984, -0.554956096, -0.835693359, 0.0268554687, 0.548339844, 0.431248823, 0.650077879, 0.625644917, 0, 0, -0, 0, 0, 0, 0, 0.310944727, -0.0696873047, -0.157813916, 0.102983094, 0.357866513, -0.928022709, 0.299926758, -0.900756836, -0.313964844, -0.948287576, -0.245922374, -0.20002928, 0, 2, 5, 1, 
356.262723, 45, 0.1, 0.1, 0.011106921, 0.352307845, -0.0349657486, 0.974166572, -1.13297957e-006, -0.225830665, 0.225830665, 1.77391894e-005, 0.974166572, 2.90234211e-006, -1, 1.75367869e-005, 0.974166554, 3.90549497e-006, -0.225830746, 0.225830746, 2.28650861e-005, 0.974166553, 8.96824202e-006, -1, 2.13924213e-005, 0, 0, 0, 0, 0, 0, 0, 0.232125391, -0.102102222, -0.18384939, -0.339673872, 0.759358984, -0.554956096, -0.835693359, 0.0268554687, 0.548339844, 0.431248823, 0.650077879, 0.625644917, 0, 0, -0, 0, 0, 0, 0, 0.310944727, -0.0696873047, -0.157813916, 0.102983094, 0.357866513, -0.928022709, 0.299926758, -0.900756836, -0.313964844, -0.948287576, -0.245922374, -0.20002928, 0, 2, 5, 1, 
356.263416, 45, 0.1, 0.1, 0.0111069197, 0.352307841, -0.0349661343, 0.974166628, 1.03761806e-005, -0.225830426, 0.225830426, -1.33481594e-005, 0.974166628, 7.09370833e-006, -1, -1.53465887e-005, 0.974166622, -9.89190574e-007, -0.225830452, 0.225830451, -2.02728346e-005, 0.974166622, -5.54185983e-006, -1, -1.95257295e-005, 0, 0, 0, 0, 0, 0, 0, 0.232125391, -0.102102222, -0.18384939, -0.339673872, 0.759358984, -0.554956096, -0.835693359, 0.0268554687, 0.548339844, 0.431248823, 0.650077879, 0.625644917, 0, 0, -0, 0, 0, 0, 0, 0.310944727, -0.0696873047, -0.157813916, 0.102983094, 0.357866513, -0.928022709, 0.299926758, -0.900756836, -0.313964844, -0.948287576, -0.245922374, -0.20002928, 0, 2, 5, 1, 
356.264122, 45, 0.1, 0.1, 0.01110692, 0.352307846, -0.0349675329, 0.974166605, -1.44693878e-005, -0.225830523, 0.225830523, 1.56437634e-005, 0.974166605, -1.05627551e-005, -1, 1.85072613e-005, 0.974166615, -1.00889157e-005, -0.225830481, 0.225830482, 2.04024697e-005, 0.974166615, -5.22078526e-006, -1, 2.21537895e-005, 0, 0, 0, 0, 0, 0, 0, 0.233699805, -0.103724731, -0.182830103, -0.339338379, 0.758103135, -0.556840992, -0.836914062, 0.0269775391, 0.546630859, 0.429465399, 0.651512705, 0.625449087, 0, 0, -0, 0, 0, 0, 0, 0.310944727, -0.0696873047, -0.157813916, 0.102983094, 0.357866513, -0.928022709, 0.299926758, -0.900756836, -0.313964844, -0.948287576, -0.245922374, -0.20002928, 0, 2, 5, 1, 
356.264827, 45, 0.1, 0.1, 0.0111069221, 0.352307844, -0.0349692476, 0.974166526, 1.56999207e-005, -0.225830863, 0.225830864, -1.0197266e-005, 0.974166526, 1.29914798e-005, -1, -1.34793618e-005, 0.974166544, 1.65028447e-005, -0.225830785, 0.225830785, -1.36906042e-005, 0.974166544, 1.29847593e-005, -1, -1.70637789e-005, 0, 0, 0, 0, 0, 0, 0, 0.233699805, -0.103724731, -0.182830103, -0.339338379, 0.758103135, -0.556840992, -0.836914062, 0.0269775391, 0.546630859, 0.429465399, 0.651512705, 0.625449087, 0, 0, -0, 0, 0, 0, 0, 0.312024805, -0.0711931152, -0.156678174, 0.102152605, 0.359642328, -0.927435024, 0.303100586, -0.899169922, -0.315307617, -0.947392922, -0.248804296, -0.200949453, 0, 2, 5, 1, 
356.26552, 45, 0.1, 0.1, 0.0111069204, 0.352307848, -0.0349709599, 0.97416644, -6.40847388e-006, -0.225831236, 0.225831236, 1.53796201e-005, 0.97416644, -2.76972156e-006, -1, 1.64295434e-005, 0.974166455, -1.21325348e-005, -0.225831169, 0.225831169, 1.74900176e-005, 0.974166455, -7.86931734e-006, -1, 1.97780929e-005, 0, 0, 0, 0, 0, 0, 0, 0.233699805, -0.103724731, -0.182830103, -0.339338379, 0.758103135, -0.556840992, -0.836914062, 0.0269775391, 0.546630859, 0.429465399, 0.651512705, 0.625449087, 0, 0, -0, 0, 0, 0, 0, 0.312024805, -0.0711931152, -0.156678174, 0.102152605, 0.359642328, -0.927435024, 0.303100586, -0.899169922, -0.315307617, -0.947392922, -0.248804296, -0.200949453, 0, 2, 5, 1, 
356.26621, 45, 0.1, 0.1, 0.0111069231, 0.352307846, -0.0349722571, 0.974166395, -1.77080016e-006, -0.225831431, 0.225831431, -1.36200426e-005, 0.974166395, -4.80088772e-006, -1, -1.28682854e-005, 0.974166399, 8.62274562e-006, -0.225831411, 0.225831411, -1.41771057e-005, 0.974166399, 5.19835326e-006, -1, -1.57581469e-005, 0, 0, 0, 0, 0, 0, 0, 0.233699805, -0.103724731, -0.182830103, -0.339338379, 0.758103135, -0.556840992, -0.836914062, 0.0269775391, 0.546630859, 0.429465399, 0.651512705, 0.625449087, 0, 0, -0, 0, 0, 0, 0, 0.312024805, -0.0711931152, -0.156678174, 0.102152605, 0.359642328, -0.927435024, 0.303100586, -0.899169922, -0.315307617, -0.947392922, -0.248804296, -0.200949453, 0, 2, 5, 1, 
356.266902, 45, 0.1, 0.1, 0.0111069221, 0.352307849, -0.0349727719, 0.974166411, 7.06047435e-006, -0.225831361, 0.225831361, 1.41432878e-005, 0.974166411, 1.00720749e-005, -1, 1.21834394e-005, 0.974166403, 1.83334175e-006, -0.225831394, 0.225831394, 1.65290733e-005, 0.974166403, 5.51876359e-006, -1, 1.56880418e-005, 0, 0, 0, 0, 0, 0, 0, 0.233699805, -0.103724731, -0.182830103, -0.339338379, 0.758103135, -0.556840992, -0.836914062, 0.0269775391, 0.546630859, 0.429465399, 0.651512705, 0.625449087, 0, 0, -0, 0, 0, 0, 0, 0.312024805, -0.0711931152, -0.156678174, 0.102152605, 0.359642328, -0.927435024, 0.303100586, -0.899169922, -0.315307617, -0.947392922, -0.248804296, -0.200949453, 0, 2, 5, 1, 
356.267594, 45, 0.1, 0.1, 0.0111069223, 0.352307845, -0.0349723869, 0.974166474, -6.35488568e-006, -0.225831089, 0.225831089, -1.65997408e-005, 0.974166474, -9.93945412e-006, -1, -1.47357802e-005, 0.974166459, -5.83140738e-006, -0.225831152, 0.225831152, -1.99563313e-005, 0.974166459, -1.01875228e-005, -1, -1.81238751e-005, 0, 0, 0, 0, 0, 0, 0, 0.233699805, -0.103724731, -0.182830103, -0.339338379, 0.758103135, -0.556840992, -0.836914062, 0.0269775391, 0.546630859, 0.429465399, 0.651512705, 0.625449087, 0, 0, -0, 0, 0, 0, 0, 0.312024805, -0.0711931152, -0.156678174, 0.102152605, 0.359642328, -0.927435024, 0.303100586, -0.899169922, -0.315307617, -0.947392922, -0.248804296, -0.200949453, 0, 2, 5, 1, 
356.268291, 45, 0.1, 0.1, 0.0111069233, 0.352307849, -0.0349712471, 0.974166546, 4.78735365e-007, -0.22583078, 0.22583078, 1.36081047e-005, 0.974166546, 3.53949689e-006, -1, 1.31484472e-005, 0.974166533, 4.99450529e-006, -0.225830835, 0.225830834, 1.82028596e-005, 0.974166533, 8.97624687e-006, -1, 1.66047033e-005, 0, 0, 0, 0, 0, 0, 0, 0.233699805, -0.103724731, -0.182830103, -0.339338379, 0.758103135, -0.556840992, -0.836914062, 0.0269775391, 0.546630859, 0.429465399, 0.651512705, 0.625449087, 0, 0, -0, 0, 0, 0, 0, 0.312024805, -0.0711931152, -0.156678174, 0.102152605, 0.359642328, -0.927435024, 0.303100586, -0.899169922, -0.315307617, -0.947392922, -0.248804296, -0.200949453, 0, 2, 5, 1, 
356.269008, 45, 0.1, 0.1, 0.0111069227, 0.352307845, -0.0349696039, 0.974166577, 1.11827697e-005, -0.225830645, 0.225830645, -1.19225279e-005, 0.974166577, 8.20140833e-006, -1, -1.41399403e-005, 0.974166575, 5.74428009e-007, -0.225830654, 0.225830654, -1.88584966e-005, 0.974166575, -3.69923804e-006, -1, -1.85010405e-005, 0, 0, 0, 0, 0, 0, 0, 0.235082715, -0.106016968, -0.181826318, -0.338450223, 0.756847286, -0.558980127, -0.837524414, 0.0284423828, 0.545532227, 0.428830362, 0.652947531, 0.624428382, 0, 0, -0, 0, 0, 0, 0, 0.312024805, -0.0711931152, -0.156678174, 0.101334877, 0.360990139, -0.927019779, 0.305541992, -0.897949219, -0.31628418, -0.94661967, -0.251117489, -0.20139678, 0, 2, 5, 1, 
356.269714, 45, 0.1, 0.1, 0.0111069232, 0.35230785, -0.0349677427, 0.974166538, -1.42109946e-005, -0.225830811, 0.225830811, 1.44535407e-005, 0.974166538, -1.05798206e-005, -1, 1.72894361e-005, 0.974166551, -9.58762241e-006, -0.225830756, 0.225830756, 1.97864632e-005, 0.974166551, -4.87154911e-006, -1, 2.14404907e-005, 0, 0, 0, 0, 0, 0, 0, 0.235082715, -0.106016968, -0.181826318, -0.338450223, 0.756847286, -0.558980127, -0.837524414, 0.0284423828, 0.545532227, 0.428830362, 0.652947531, 0.624428382, 0, 0, -0, 0, 0, 0, 0, 0.313103174, -0.0729385254, -0.155543896, 0.101334877, 0.360990139, -0.927019779, 0.305541992, -0.897949219, -0.31628418, -0.94661967, -0.251117489, -0.20139678, 0, 2, 5, 1, 
356.270405, 45, 0.1, 0.1, 0.0111069253, 0.352307847, -0.0349666536, 0.974166446, 1.54236333e-005, -0.225831208, 0.225831209, -1.1688405e-005, 0.974166446, 1.23855794e-005, -1, -1.48695897e-005, 0.974166467, 1.68856476e-005, -0.225831119, 0.22583112, -1.55547322e-005, 0.974166467, 1.29366891e-005, -1, -1.89662032e-005, 0, 0, 0, 0, 0, 0, 0, 0.235082715, -0.106016968, -0.181826318, -0.338450223, 0.756847286, -0.558980127, -0.837524414, 0.0284423828, 0.545532227, 0.428830362, 0.652947531, 0.624428382, 0, 0, -0, 0, 0, 0, 0, 0.313103174, -0.0729385254, -0.155543896, 0.101334877, 0.360990139, -0.927019779, 0.305541992, -0.897949219, -0.31628418, -0.94661967, -0.251117489, -0.20139678, 0, 2, 5, 1, 
356.271098, 45, 0.1, 0.1, 0.0111069223, 0.352307851, -0.034966561, 0.974166347, -1.01584614e-005, -0.225831639, 0.225831639, 1.61544952e-005, 0.974166346, -6.24783512e-006, -1, 1.80312676e-005, 0.974166365, -1.68223396e-005, -0.22583156, 0.22583156, 1.88804164e-005, 0.974166365, -1.21239635e-005, -1, 2.21916818e-005, 0, 0, 0, 0, 0, 0, 0, 0.235082715, -0.106016968, -0.181826318, -0.338450223, 0.756847286, -0.558980127, -0.837524414, 0.0284423828, 0.545532227, 0.428830362, 0.652947531, 0.624428382, 0, 0, -0, 0, 0, 0, 0, 0.313103174, -0.0729385254, -0.155543896, 0.101334877, 0.360990139, -0.927019779, 0.305541992, -0.897949219, -0.31628418, -0.94661967, -0.251117489, -0.20139678, 0, 2, 5, 1, 
356.271788, 45, 0.1, 0.1, 0.0111069245, 0.352307848, -0.0349674314, 0.974166294, -5.26427936e-006, -0.225831867, 0.225831867, -1.80561398e-005, 0.974166294, -9.20593528e-006, -1, -1.64008408e-005, 0.974166299, 7.05555989e-006, -0.225831844, 0.225831844, -1.87200187e-005, 0.974166299, 2.64571233e-006, -1, -1.98297815e-005, 0, 0, 0, 0, 0, 0, 0, 0.235082715, -0.106016968, -0.181826318, -0.338450223, 0.756847286, -0.558980127, -0.837524414, 0.0284423828, 0.545532227, 0.428830362, 0.652947531, 0.624428382, 0, 0, -0, 0, 0, 0, 0, 0.313103174, -0.0729385254, -0.155543896, 0.101334877, 0.360990139, -0.927019779, 0.305541992, -0.897949219, -0.31628418, -0.94661967, -0.251117489, -0.20139678, 0, 2, 5, 1, 
356.272478, 45, 0.1, 0.1, 0.011106922, 0.352307851, -0.0349689641, 0.974166313, 4.61995649e-006, -0.225831784, 0.225831783, 1.53041629e-005, 0.974166313, 7.95677237e-006, -1, 1.38654669e-005, 0.974166304, -1.46945279e-006, -0.225831822, 0.225831822, 1.76831566e-005, 0.974166304, 2.56192808e-006, -1, 1.75581846e-005, 0, 0, 0, 0, 0, 0, 0, 0.235082715, -0.106016968, -0.181826318, -0.338450223, 0.756847286, -0.558980127, -0.837524414, 0.0284423828, 0.545532227, 0.428830362, 0.652947531, 0.624428382, 0, 0, -0, 0, 0, 0, 0, 0.313103174, -0.0729385254, -0.155543896, 0.101334877, 0.360990139, -0.927019779, 0.305541992, -0.897949219, -0.31628418, -0.94661967, -0.251117489, -0.20139678, 0, 2, 5, 1, 
356.273172, 45, 0.1, 0.1, 0.0111069215, 0.352307847, -0.0349706411, 0.974166385, -8.79532445e-006, -0.225831471, 0.225831471, -1.89869782e-005, 0.974166385, -1.28559666e-005, -1, -1.65102149e-005, 0.974166369, -8.31657063e-006, -0.225831542, 0.225831542, -2.23798948e-005, 0.974166369, -1.31558096e-005, -1, -1.99235969e-005, 0, 0, 0, 0, 0, 0, 0, 0.235082715, -0.106016968, -0.181826318, -0.338450223, 0.756847286, -0.558980127, -0.837524414, 0.0284423828, 0.545532227, 0.428830362, 0.652947531, 0.624428382, 0, 0, -0, 0, 0, 0, 0, 0.313103174, -0.0729385254, -0.155543896, 0.101334877, 0.360990139, -0.927019779, 0.305541992, -0.897949219, -0.31628418, -0.94661967, -0.251117489, -0.20139678, 0, 2, 5, 1, 
356.273888, 45, 0.1, 0.1, 0.0111069219, 0.352307851, -0.0349719003, 0.974166468, -8.06095245e-007, -0.225831116, 0.225831116, 1.38171808e-005, 0.974166468, 2.3350784e-006, -1, 1.36422756e-005, 0.974166452, 3.79382295e-006, -0.225831184, 0.225831184, 1.81845335e-005, 0.974166452, 7.80244977e-006, -1, 1.6857999e-005, 0, 0, 0, 0, 0, 0, 0, 0.236019019, -0.108275879, -0.181000366, -0.337631339, 0.756301737, -0.560237097, -0.837646484, 0.0300292969, 0.545410156, 0.429318623, 0.653404714, 0.623515139, 0, 0, -0, 0, 0, 0, 0, 0.313103174, -0.0729385254, -0.155543896, 0.100434027, 0.363123962, -0.92625309, 0.307373047, -0.896728516, -0.318115234, -0.946223382, -0.252734356, -0.201684426, 0, 2, 5, 1, 
356.27458, 45, 0.1, 0.1, 0.0111069208, 0.352307848, -0.0349722256, 0.974166508, 8.10503064e-006, -0.225830943, 0.225830943, -1.05800939e-005, 0.974166508, 5.50633681e-006, -1, -1.21371398e-005, 0.974166504, -1.08143371e-006, -0.22583096, 0.22583096, -1.64274603e-005, 0.974166504, -4.76332562e-006, -1, -1.57588603e-005, 0, 0, 0, 0, 0, 0, 0, 0.236019019, -0.108275879, -0.181000366, -0.337631339, 0.756301737, -0.560237097, -0.837646484, 0.0300292969, 0.545410156, 0.429318623, 0.653404714, 0.623515139, 0, 0, -0, 0, 0, 0, 0, 0.314168115, -0.0748405273, -0.154383008, 0.100434027, 0.363123962, -0.92625309, 0.307373047, -0.896728516, -0.318115234, -0.946223382, -0.252734356, -0.201684426, 0, 2, 5, 1, 
356.275281, 45, 0.1, 0.1, 0.0111069208, 0.352307852, -0.0349717854, 0.974166485, -1.30479543e-005, -0.225831042, 0.225831043, 1.31159114e-005, 0.974166485, -9.74889986e-006, -1, 1.57237144e-005, 0.974166494, -9.33940235e-006, -0.225831003, 0.225831004, 1.74700517e-005, 0.974166494, -5.15285354e-006, -1, 1.91278656e-005, 0, 0, 0, 0, 0, 0, 0, 0.236019019, -0.108275879, -0.181000366, -0.337631339, 0.756301737, -0.560237097, -0.837646484, 0.0300292969, 0.545410156, 0.429318623, 0.653404714, 0.623515139, 0, 0, -0, 0, 0, 0, 0, 0.314168115, -0.0748405273, -0.154383008, 0.100434027, 0.363123962, -0.92625309, 0.307373047, -0.896728516, -0.318115234, -0.946223382, -0.252734356, -0.201684426, 0, 2, 5, 1, 
356.275971, 45, 0.1, 0.1, 0.0111069227, 0.35230785, -0.0349707649, 0.974166415, 1.40234005e-005, -0.225831344, 0.225831344, -8.55799359e-006, 0.974166415, 1.17284626e-005, -1, -1.15038333e-005, 0.974166431, 1.50828735e-005, -0.225831275, 0.225831275, -1.20783943e-005, 0.974166431, 1.19655499e-005, -1, -1.51725508e-005, 0, 0, 0, 0, 0, 0, 0, 0.236019019, -0.108275879, -0.181000366, -0.337631339, 0.756301737, -0.560237097, -0.837646484, 0.0300292969, 0.545410156, 0.429318623, 0.653404714, 0.623515139, 0, 0, -0, 0, 0, 0, 0, 0.314168115, -0.0748405273, -0.154383008, 0.100434027, 0.363123962, -0.92625309, 0.307373047, -0.896728516, -0.318115234, -0.946223382, -0.252734356, -0.201684426, 0, 2, 5, 1, 
356.276663, 45, 0.1, 0.1, 0.0111069203, 0.352307854, -0.0349695252, 0.974166336, -8.21938635e-006, -0.225831682, 0.225831683, 1.45692915e-005, 0.974166336, -4.71684188e-006, -1, 1.60491112e-005, 0.974166351, -1.43880212e-005, -0.225831621, 0.225831621, 1.74357499e-005, 0.97416635, -1.00787824e-005, -1, 2.0234591e-005, 0, 0, 0, 0, 0, 0, 0, 0.236019019, -0.108275879, -0.181000366, -0.337631339, 0.756301737, -0.560237097, -0.837646484, 0.0300292969, 0.545410156, 0.429318623, 0.653404714, 0.623515139, 0, 0, -0, 0, 0, 0, 0, 0.314168115, -0.0748405273, -0.154383008, 0.100434027, 0.363123962, -0.92625309, 0.307373047, -0.896728516, -0.318115234, -0.946223382, -0.252734356, -0.201684426, 0, 2, 5, 1, 
356.277354, 45, 0.1, 0.1, 0.0111069226, 0.352307851, -0.0349684963, 0.974166299, -4.76423847e-006, -0.225831842, 0.225831842, -1.81017395e-005, 0.974166299, -8.72910975e-006, -1, -1.65581879e-005, 0.974166302, 7.27044009e-006, -0.225831831, 0.225831831, -1.88459391e-005, 0.974166302, 2.8266048e-006, -1, -2.00009756e-005, 0, 0, 0, 0, 0, 0, 0, 0.236019019, -0.108275879, -0.181000366, -0.337631339, 0.756301737, -0.560237097, -0.837646484, 0.0300292969, 0.545410156, 0.429318623, 0.653404714, 0.623515139, 0, 0, -0, 0, 0, 0, 0, 0.314168115, -0.0748405273, -0.154383008, 0.100434027, 0.363123962, -0.92625309, 0.307373047, -0.896728516, -0.318115234, -0.946223382, -0.252734356, -0.201684426, 0, 2, 5, 1, 
356.278048, 45, 0.1, 0.1, 0.0111069205, 0.352307854, -0.0349679096, 0.974166332, 6.30996812e-006, -0.225831702, 0.225831702, 1.43874749e-005, 0.974166332, 9.39610644e-006, -1, 1.25908028e-005, 0.97416632, -9.59832405e-008, -0.225831752, 0.225831752, 1.72223194e-005, 0.97416632, 3.79584293e-006, -1, 1.67990796e-005, 0, 0, 0, 0, 0, 0, 0, 0.236019019, -0.108275879, -0.181000366, -0.337631339, 0.756301737, -0.560237097, -0.837646484, 0.0300292969, 0.545410156, 0.429318623, 0.653404714, 0.623515139, 0, 0, -0, 0, 0, 0, 0, 0.314168115, -0.0748405273, -0.154383008, 0.100434027, 0.363123962, -0.92625309, 0.307373047, -0.896728516, -0.318115234, -0.946223382, -0.252734356, -0.201684426, 0, 2, 5, 1, 
356.278768, 45, 0.1, 0.1, 0.0111069199, 0.352307848, -0.034967715, 0.974166423, -1.00874848e-005, -0.225831309, 0.225831308, -2.28389077e-005, 0.974166423, -1.49846294e-005, -1, -1.99708272e-005, 0.974166403, -9.60153477e-006, -0.225831394, 0.225831393, -2.69536364e-005, 0.974166403, -1.54404699e-005, -1, -2.4088999e-005, 0, 0, 0, 0, 0, 0, 0, 0.237562183, -0.109857617, -0.180130469, -0.337942866, 0.755895851, -0.560700271, -0.838012695, 0.029296875, 0.544677734, 0.428132045, 0.653963367, 0.62371209, 0, 0, -0, 0, 0, 0, 0, 0.315238184, -0.0767527832, -0.153228955, 0.0994948967, 0.365334344, -0.925435362, 0.310058594, -0.895141602, -0.320068359, -0.94546289, -0.255079633, -0.202457678, 0, 2, 5, 1, 
356.279461, 45, 0.1, 0.1, 0.0111069203, 0.352307851, -0.0349679711, 0.97416652, -9.79784454e-007, -0.225830893, 0.225830893, 1.520319e-005, 0.974166519, 2.47887676e-006, -1, 1.50317043e-005, 0.974166502, 3.85054274e-006, -0.225830966, 0.225830966, 1.9561945e-005, 0.974166502, 8.1687627e-006, -1, 1.81870198e-005, 0, 0, 0, 0, 0, 0, 0, 0.237562183, -0.109857617, -0.180130469, -0.337942866, 0.755895851, -0.560700271, -0.838012695, 0.029296875, 0.544677734, 0.428132045, 0.653963367, 0.62371209, 0, 0, -0, 0, 0, 0, 0, 0.315238184, -0.0767527832, -0.153228955, 0.0994948967, 0.365334344, -0.925435362, 0.310058594, -0.895141602, -0.320068359, -0.94546289, -0.255079633, -0.202457678, 0, 2, 5, 1, 
356.280156, 45, 0.1, 0.1, 0.0111069189, 0.352307848, -0.0349687296, 0.97416657, 8.71354301e-006, -0.225830674, 0.225830674, -1.21298039e-005, 0.97416657, 5.74916052e-006, -1, -1.37842348e-005, 0.974166565, -1.68716455e-006, -0.225830697, 0.225830697, -1.88324272e-005, 0.974166565, -5.89651946e-006, -1, -1.79649074e-005, 0, 0, 0, 0, 0, 0, 0, 0.237562183, -0.109857617, -0.180130469, -0.337942866, 0.755895851, -0.560700271, -0.838012695, 0.029296875, 0.544677734, 0.428132045, 0.653963367, 0.62371209, 0, 0, -0, 0, 0, 0, 0, 0.315238184, -0.0767527832, -0.153228955, 0.0994948967, 0.365334344, -0.925435362, 0.310058594, -0.895141602, -0.320068359, -0.94546289, -0.255079633, -0.202457678, 0, 2, 5, 1, 
356.280861, 45, 0.1, 0.1, 0.0111069189, 0.352307853, -0.0349697351, 0.974166549, -1.41370236e-005, -0.225830764, 0.225830764, 1.52044556e-005, 0.974166549, -1.03381817e-005, -1, 1.80042469e-005, 0.974166559, -9.63566435e-006, -0.225830722, 0.225830722, 1.98927828e-005, 0.974166559, -4.89434049e-006, -1, 2.15549128e-005, 0, 0, 0, 0, 0, 0, 0, 0.237562183, -0.109857617, -0.180130469, -0.338616096, 0.755388494, -0.56092231, -0.838378906, 0.0283203125, 0.544189453, 0.427002754, 0.654661685, 0.62387085, 0, 0, -0, 0, 0, 0, 0, 0.315238184, -0.0767527832, -0.153228955, 0.0994948967, 0.365334344, -0.925435362, 0.310058594, -0.895141602, -0.320068359, -0.94546289, -0.255079633, -0.202457678, 0, 2, 5, 1, 
356.281567, 45, 0.1, 0.1, 0.0111069207, 0.352307851, -0.0349703835, 0.974166476, 1.4280466e-005, -0.225831081, 0.225831081, -8.28398524e-006, 0.974166476, 1.20407699e-005, -1, -1.12949538e-005, 0.974166492, 1.52189454e-005, -0.225831009, 0.225831009, -1.17906763e-005, 0.974166492, 1.21630863e-005, -1, -1.49229916e-005, 0, 0, 0, 0, 0, 0, 0, 0.239087036, -0.111667358, -0.179248364, -0.338616096, 0.755388494, -0.56092231, -0.838378906, 0.0283203125, 0.544189453, 0.427002754, 0.654661685, 0.62387085, 0, 0, -0, 0, 0, 0, 0, 0.316505127, -0.078217334, -0.152071484, 0.0980191211, 0.367902367, -0.924643153, 0.313842773, -0.893066406, -0.322143555, -0.94426783, -0.258492004, -0.202988127, 0, 2, 5, 1, 
356.282263, 45, 0.1, 0.1, 0.0111069184, 0.352307855, -0.0349707872, 0.974166395, -8.11176361e-006, -0.22583143, 0.22583143, 1.51534338e-005, 0.974166395, -4.48008588e-006, -1, 1.65938572e-005, 0.97416641, -1.39030743e-005, -0.225831367, 0.225831367, 1.77401756e-005, 0.97416641, -9.5376199e-006, -1, 2.04216334e-005, 0, 0, 0, 0, 0, 0, 0, 0.239087036, -0.111667358, -0.179248364, -0.338616096, 0.755388494, -0.56092231, -0.838378906, 0.0283203125, 0.544189453, 0.427002754, 0.654661685, 0.62387085, 0, 0, -0, 0, 0, 0, 0, 0.316505127, -0.078217334, -0.152071484, 0.0980191211, 0.367902367, -0.924643153, 0.313842773, -0.893066406, -0.322143555, -0.94426783, -0.258492004, -0.202988127, 0, 2, 5, 1, 
356.282956, 45, 0.1, 0.1, 0.0111069206, 0.352307852, -0.0349708439, 0.974166354, -4.36170581e-006, -0.225831606, 0.225831606, -1.58145143e-005, 0.974166354, -7.8204442e-006, -1, -1.44209567e-005, 0.974166358, 6.8025727e-006, -0.225831591, 0.225831591, -1.63714557e-005, 0.974166358, 2.92964558e-006, -1, -1.74847572e-005, 0, 0, 0, 0, 0, 0, 0, 0.239087036, -0.111667358, -0.179248364, -0.338616096, 0.755388494, -0.56092231, -0.838378906, 0.0283203125, 0.544189453, 0.427002754, 0.654661685, 0.62387085, 0, 0, -0, 0, 0, 0, 0, 0.316505127, -0.078217334, -0.152071484, 0.0980191211, 0.367902367, -0.924643153, 0.313842773, -0.893066406, -0.322143555, -0.94426783, -0.258492004, -0.202988127, 0, 2, 5, 1, 
356.283658, 45, 0.1, 0.1, 0.0111069185, 0.352307855, -0.0349704961, 0.974166379, 5.26832156e-006, -0.225831498, 0.225831498, 1.38354101e-005, 0.974166379, 8.25669313e-006, -1, 1.22882384e-005, 0.97416637, -5.86358954e-007, -0.22583154, 0.22583154, 1.6588953e-005, 0.974166369, 3.17509762e-006, -1, 1.62928185e-005, 0, 0, 0, 0, 0, 0, 0, 0.239087036, -0.111667358, -0.179248364, -0.338616096, 0.755388494, -0.56092231, -0.838378906, 0.0283203125, 0.544189453, 0.427002754, 0.654661685, 0.62387085, 0, 0, -0, 0, 0, 0, 0, 0.316505127, -0.078217334, -0.152071484, 0.0980191211, 0.367902367, -0.924643153, 0.313842773, -0.893066406, -0.322143555, -0.94426783, -0.258492004, -0.202988127, 0, 2, 5, 1, 
356.284351, 45, 0.1, 0.1, 0.0111069181, 0.352307851, -0.0349699684, 0.974166455, -8.88738153e-006, -0.225831173, 0.225831172, -1.97750898e-005, 0.974166455, -1.31236207e-005, -1, -1.72571813e-005, 0.974166438, -8.43481884e-006, -0.225831246, 0.225831246, -2.34797073e-005, 0.974166437, -1.3519369e-005, -1, -2.09682972e-005, 0, 0, 0, 0, 0, 0, 0, 0.239087036, -0.111667358, -0.179248364, -0.338616096, 0.755388494, -0.56092231, -0.838378906, 0.0283203125, 0.544189453, 0.427002754, 0.654661685, 0.62387085, 0, 0, -0, 0, 0, 0, 0, 0.316505127, -0.078217334, -0.152071484, 0.0980191211, 0.367902367, -0.924643153, 0.313842773, -0.893066406, -0.322143555, -0.94426783, -0.258492004, -0.202988127, 0, 2, 5, 1, 
356.285054, 45, 0.1, 0.1, 0.0111069186, 0.352307854, -0.0349693823, 0.974166539, -9.41093621e-007, -0.22583081, 0.22583081, 1.37870952e-005, 0.974166539, 2.19676896e-006, -1, 1.36434548e-005, 0.974166523, 4.05220426e-006, -0.225830878, 0.225830878, 1.86831159e-005, 0.974166523, 8.16674618e-006, -1, 1.72853532e-005, 0, 0, 0, 0, 0, 0, 0, 0.239087036, -0.111667358, -0.179248364, -0.338616096, 0.755388494, -0.56092231, -0.838378906, 0.0283203125, 0.544189453, 0.427002754, 0.654661685, 0.62387085, 0, 0, -0, 0, 0, 0, 0, 0.316505127, -0.078217334, -0.152071484, 0.0980191211, 0.367902367, -0.924643153, 0.313842773, -0.893066406, -0.322143555, -0.94426783, -0.258492004, -0.202988127, 0, 2, 5, 1, 
356.285766, 45, 0.1, 0.1, 0.0111069173, 0.35230785, -0.0349687082, 0.97416658, 9.60087881e-006, -0.225830634, 0.225830634, -1.35020325e-005, 0.97416658, 6.30368272e-006, -1, -1.53214013e-005, 0.974166576, -7.49707889e-007, -0.225830648, 0.225830648, -2.02700692e-005, 0.974166576, -5.30794324e-006, -1, -1.95771169e-005, 0, 0, 0, 0, 0, 0, 0, 0.239878931, -0.113204907, -0.178920752, -0.34062755, 0.755914947, -0.558897751, -0.837280273, 0.0264892578, 0.546020508, 0.427568521, 0.654083935, 0.624168151, 0, 0, -0, 0, 0, 0, 0, 0.316505127, -0.078217334, -0.152071484, 0.0980191211, 0.367902367, -0.924643153, 0.313842773, -0.893066406, -0.322143555, -0.94426783, -0.258492004, -0.202988127, 0, 2, 5, 1, 
356.286475, 45, 0.1, 0.1, 0.0111069176, 0.352307855, -0.0349681003, 0.974166547, -1.43879727e-005, -0.225830774, 0.225830775, 1.48924027e-005, 0.974166547, -1.06531189e-005, -1, 1.77569275e-005, 0.974166559, -9.96279537e-006, -0.225830724, 0.225830725, 1.9777078e-005, 0.974166558, -5.23915023e-006, -1, 2.15160733e-005, 0, 0, 0, 0, 0, 0, 0, 0.239878931, -0.113204907, -0.178920752, -0.34062755, 0.755914947, -0.558897751, -0.837280273, 0.0264892578, 0.546020508, 0.427568521, 0.654083935, 0.624168151, 0, 0, -0, 0, 0, 0, 0, 0.317344482, -0.0794239746, -0.1517479, 0.0936679865, 0.371128438, -0.923741936, 0.317016602, -0.890625, -0.325683594, -0.943743211, -0.262326182, -0.201052265, 0, 2, 5, 1, 
356.287166, 45, 0.1, 0.1, 0.0111069197, 0.352307852, -0.0349680527, 0.974166462, 1.53831581e-005, -0.225831142, 0.225831142, -9.73235208e-006, 0.974166462, 1.27878885e-005, -1, -1.29549272e-005, 0.974166481, 1.65118249e-005, -0.225831059, 0.225831059, -1.34529438e-005, 0.974166481, 1.30471738e-005, -1, -1.68342898e-005, 0, 0, 0, 0, 0, 0, 0, 0.239878931, -0.113204907, -0.178920752, -0.34062755, 0.755914947, -0.558897751, -0.837280273, 0.0264892578, 0.546020508, 0.427568521, 0.654083935, 0.624168151, 0, 0, -0, 0, 0, 0, 0, 0.317344482, -0.0794239746, -0.1517479, 0.0936679865, 0.371128438, -0.923741936, 0.317016602, -0.890625, -0.325683594, -0.943743211, -0.262326182, -0.201052265, 0, 2, 5, 1, 
356.287858, 45, 0.1, 0.1, 0.0111069174, 0.352307857, -0.0349685045, 0.974166368, -8.36532337e-006, -0.225831545, 0.225831545, 1.70059894e-005, 0.974166368, -4.30872783e-006, -1, 1.84558168e-005, 0.974166385, -1.46231084e-005, -0.225831472, 0.225831473, 1.95056113e-005, 0.974166385, -9.84035974e-006, -1, 2.2304069e-005, 0, 0, 0, 0, 0, 0, 0, 0.239878931, -0.113204907, -0.178920752, -0.34062755, 0.755914947, -0.558897751, -0.837280273, 0.0264892578, 0.546020508, 0.427568521, 0.654083935, 0.624168151, 0, 0, -0, 0, 0, 0, 0, 0.317344482, -0.0794239746, -0.1517479, 0.0936679865, 0.371128438, -0.923741936, 0.317016602, -0.890625, -0.325683594, -0.943743211, -0.262326182, -0.201052265, 0, 2, 5, 1, 
356.288555, 45, 0.1, 0.1, 0.0111069201, 0.352307854, -0.0349692875, 0.974166319, -3.50839762e-006, -0.225831758, 0.225831758, -1.56054491e-005, 0.974166319, -6.94196881e-006, -1, -1.44099954e-005, 0.974166324, 8.2731686e-006, -0.225831737, 0.225831737, -1.61944351e-005, 0.974166324, 4.40222484e-006, -1, -1.76444173e-005, 0, 0, 0, 0, 0, 0, 0, 0.239878931, -0.113204907, -0.178920752, -0.34062755, 0.755914947, -0.558897751, -0.837280273, 0.0264892578, 0.546020508, 0.427568521, 0.654083935, 0.624168151, 0, 0, -0, 0, 0, 0, 0, 0.317344482, -0.0794239746, -0.1517479, 0.0936679865, 0.371128438, -0.923741936, 0.317016602, -0.890625, -0.325683594, -0.943743211, -0.262326182, -0.201052265, 0, 2, 5, 1, 
356.289251, 45, 0.1, 0.1, 0.0111069183, 0.352307858, -0.0349701316, 0.974166339, 6.36610503e-006, -0.225831673, 0.225831672, 1.54107307e-005, 0.974166339, 9.6818763e-006, -1, 1.35749469e-005, 0.97416633, 5.43859658e-007, -0.22583171, 0.22583171, 1.79711776e-005, 0.97416633, 4.58827153e-006, -1, 1.73840953e-005, 0, 0, 0, 0, 0, 0, 0, 0.239878931, -0.113204907, -0.178920752, -0.34062755, 0.755914947, -0.558897751, -0.837280273, 0.0264892578, 0.546020508, 0.427568521, 0.654083935, 0.624168151, 0, 0, -0, 0, 0, 0, 0, 0.317344482, -0.0794239746, -0.1517479, 0.0936679865, 0.371128438, -0.923741936, 0.317016602, -0.890625, -0.325683594, -0.943743211, -0.262326182, -0.201052265, 0, 2, 5, 1, 
356.289943, 45, 0.1, 0.1, 0.0111069183, 0.352307854, -0.034970805, 0.97416641, -7.51629607e-006, -0.225831367, 0.225831367, -1.83940541e-005, 0.974166409, -1.14760775e-005, -1, -1.62214542e-005, 0.974166393, -6.97323121e-006, -0.225831437, 0.225831437, -2.17702628e-005, 0.974166393, -1.17094972e-005, -1, -1.96330836e-005, 0, 0, 0, 0, 0, 0, 0, 0.239878931, -0.113204907, -0.178920752, -0.34062755, 0.755914947, -0.558897751, -0.837280273, 0.0264892578, 0.546020508, 0.427568521, 0.654083935, 0.624168151, 0, 0, -0, 0, 0, 0, 0, 0.317344482, -0.0794239746, -0.1517479, 0.0936679865, 0.371128438, -0.923741936, 0.317016602, -0.890625, -0.325683594, -0.943743211, -0.262326182, -0.201052265, 0, 2, 5, 1, 
356.290636, 45, 0.1, 0.1, 0.0111069191, 0.352307857, -0.0349711218, 0.974166489, 1.91069373e-007, -0.225831026, 0.225831026, 1.36429948e-005, 0.974166489, 3.26714489e-006, -1, 1.3247399e-005, 0.974166475, 4.62326573e-006, -0.225831086, 0.225831086, 1.79893505e-005, 0.974166475, 8.56638506e-006, -1, 1.64805451e-005, 0, 0, 0, 0, 0, 0, 0, 0.239878931, -0.113204907, -0.178920752, -0.34062755, 0.755914947, -0.558897751, -0.837280273, 0.0264892578, 0.546020508, 0.427568521, 0.654083935, 0.624168151, 0, 0, -0, 0, 0, 0, 0, 0.317344482, -0.0794239746, -0.1517479, 0.0936679865, 0.371128438, -0.923741936, 0.317016602, -0.890625, -0.325683594, -0.943743211, -0.262326182, -0.201052265, 0, 2, 5, 1, 
356.291357, 45, 0.1, 0.1, 0.0111069178, 0.352307852, -0.0349707089, 0.974166528, 8.47102666e-006, -0.225830857, 0.225830857, -1.42008834e-005, 0.974166528, 5.04519296e-006, -1, -1.57470445e-005, 0.974166525, -1.07419271e-006, -0.22583087, 0.22583087, -2.04815608e-005, 0.974166525, -5.67181129e-006, -1, -1.97098651e-005, 0, 0, 0, 0, 0, 0, 0, 0.240860986, -0.114294629, -0.178580322, -0.343210763, 0.756460496, -0.556657145, -0.836547852, 0.0230712891, 0.547241211, 0.426865335, 0.653626753, 0.625049193, 0, 0, -0, 0, 0, 0, 0, 0.318194092, -0.0804046875, -0.151436279, 0.0892402931, 0.374884591, -0.9227514, 0.322021484, -0.887451172, -0.329467773, -0.942490183, -0.267700302, -0.199966214, 0, 2, 5, 1, 
356.292048, 45, 0.1, 0.1, 0.0111069178, 0.352307856, -0.0349700542, 0.974166499, -1.39951471e-005, -0.22583098, 0.225830981, 1.17024388e-005, 0.974166499, -1.09908303e-005, -1, 1.45606616e-005, 0.97416651, -9.92121526e-006, -0.225830935, 0.225830936, 1.60967182e-005, 0.97416651, -6.02977872e-006, -1, 1.79214011e-005, 0, 0, 0, 0, 0, 0, 0, 0.240860986, -0.114294629, -0.178580322, -0.343210763, 0.756460496, -0.556657145, -0.836547852, 0.0230712891, 0.547241211, 0.426865335, 0.653626753, 0.625049193, 0, 0, -0, 0, 0, 0, 0, 0.318194092, -0.0804046875, -0.151436279, 0.0892402931, 0.374884591, -0.9227514, 0.322021484, -0.887451172, -0.329467773, -0.942490183, -0.267700302, -0.199966214, 0, 2, 5, 1, 
356.292741, 45, 0.1, 0.1, 0.0111069198, 0.352307853, -0.0349693722, 0.974166421, 1.44539675e-005, -0.225831318, 0.225831318, -1.01903488e-005, 0.974166421, 1.17792699e-005, -1, -1.31912542e-005, 0.974166439, 1.56133565e-005, -0.225831242, 0.225831242, -1.41224702e-005, 0.974166439, 1.20207129e-005, -1, -1.72836201e-005, 0, 0, 0, 0, 0, 0, 0, 0.240860986, -0.114294629, -0.178580322, -0.343210763, 0.756460496, -0.556657145, -0.836547852, 0.0230712891, 0.547241211, 0.426865335, 0.653626753, 0.625049193, 0, 0, -0, 0, 0, 0, 0, 0.318194092, -0.0804046875, -0.151436279, 0.0892402931, 0.374884591, -0.9227514, 0.322021484, -0.887451172, -0.329467773, -0.942490183, -0.267700302, -0.199966214, 0, 2, 5, 1, 
356.29346, 45, 0.1, 0.1, 0.0111069173, 0.352307858, -0.0349687244, 0.974166331, -7.61506999e-006, -0.225831707, 0.225831707, 1.67947523e-005, 0.974166331, -3.62555722e-006, -1, 1.80806064e-005, 0.974166348, -1.45984964e-005, -0.225831633, 0.225831633, 1.9410748e-005, 0.974166348, -9.837803e-006, -1, 2.22060998e-005, 0, 0, 0, 0, 0, 0, 0, 0.241726123, -0.115822656, -0.177841504, -0.343775408, 0.757189892, -0.555336895, -0.836181641, 0.0222167969, 0.547973633, 0.427201949, 0.652769676, 0.625581637, 0, 0, -0, 0, 0, 0, 0, 0.318194092, -0.0804046875, -0.151436279, 0.0853237257, 0.378270343, -0.921652223, 0.325927734, -0.884765625, -0.332885742, -0.941428918, -0.271885925, -0.198746001, 0, 2, 5, 1, 
356.294153, 45, 0.1, 0.1, 0.0111069201, 0.352307856, -0.0349682259, 0.974166288, -3.63927883e-006, -0.225831891, 0.225831891, -1.48439988e-005, 0.974166288, -6.89751107e-006, -1, -1.3638658e-005, 0.974166292, 8.48608665e-006, -0.225831875, 0.225831875, -1.57670617e-005, 0.974166292, 4.70615445e-006, -1, -1.72761689e-005, 0, 0, 0, 0, 0, 0, 0, 0.241726123, -0.115822656, -0.177841504, -0.343775408, 0.757189892, -0.555336895, -0.836181641, 0.0222167969, 0.547973633, 0.427201949, 0.652769676, 0.625581637, 0, 0, -0, 0, 0, 0, 0, 0.318850244, -0.0813849121, -0.150668164, 0.0853237257, 0.378270343, -0.921652223, 0.325927734, -0.884765625, -0.332885742, -0.941428918, -0.271885925, -0.198746001, 0, 2, 5, 1, 
356.294843, 45, 0.1, 0.1, 0.0111069184, 0.35230786, -0.0349682392, 0.974166315, 6.9385459e-006, -0.225831774, 0.225831773, 1.80739494e-005, 0.974166315, 1.08409697e-005, -1, 1.60400886e-005, 0.974166305, 7.61155316e-007, -0.225831818, 0.225831818, 2.07879532e-005, 0.974166305, 5.43607313e-006, -1, 2.00790305e-005, 0, 0, 0, 0, 0, 0, 0, 0.241726123, -0.115822656, -0.177841504, -0.343775408, 0.757189892, -0.555336895, -0.836181641, 0.0222167969, 0.547973633, 0.427201949, 0.652769676, 0.625581637, 0, 0, -0, 0, 0, 0, 0, 0.318850244, -0.0813849121, -0.150668164, 0.0853237257, 0.378270343, -0.921652223, 0.325927734, -0.884765625, -0.332885742, -0.941428918, -0.271885925, -0.198746001, 0, 2, 5, 1, 
356.295537, 45, 0.1, 0.1, 0.0111069184, 0.352307856, -0.0349687038, 0.974166397, -8.02962731e-006, -0.225831423, 0.225831423, -1.83224357e-005, 0.974166396, -1.19599748e-005, -1, -1.6035759e-005, 0.974166378, -7.45042073e-006, -0.225831503, 0.225831502, -2.18940972e-005, 0.974166378, -1.22023262e-005, -1, -1.96459537e-005, 0, 0, 0, 0, 0, 0, 0, 0.241726123, -0.115822656, -0.177841504, -0.343775408, 0.757189892, -0.555336895, -0.836181641, 0.0222167969, 0.547973633, 0.427201949, 0.652769676, 0.625581637, 0, 0, -0, 0, 0, 0, 0, 0.318850244, -0.0813849121, -0.150668164, 0.0853237257, 0.378270343, -0.921652223, 0.325927734, -0.884765625, -0.332885742, -0.941428918, -0.271885925, -0.198746001, 0, 2, 5, 1, 
356.296233, 45, 0.1, 0.1, 0.0111069192, 0.35230786, -0.034969447, 0.974166486, 4.46043961e-007, -0.225831038, 0.225831038, 1.56639682e-005, 0.974166486, 3.97193127e-006, -1, 1.51585823e-005, 0.97416647, 5.07068471e-006, -0.225831107, 0.225831107, 2.03051568e-005, 0.97416647, 9.52522704e-006, -1, 1.86354845e-005, 0, 0, 0, 0, 0, 0, 0, 0.241726123, -0.115822656, -0.177841504, -0.343775408, 0.757189892, -0.555336895, -0.836181641, 0.0222167969, 0.547973633, 0.427201949, 0.652769676, 0.625581637, 0, 0, -0, 0, 0, 0, 0, 0.318850244, -0.0813849121, -0.150668164, 0.0853237257, 0.378270343, -0.921652223, 0.325927734, -0.884765625, -0.332885742, -0.941428918, -0.271885925, -0.198746001, 0, 2, 5, 1, 
