time, trialNum, realDorsalTactorPos, realVentralTactorPos, boxPosX, boxPosY, boxPosZ, boxLocalRot_11, boxLocalRot_12, boxLocalRot_13, boxLocalRot_21, boxLocalRot_22, boxLocalRot_23, boxLocalRot_31, boxLocalRot_32, boxLocalRot_33, boxGlobalRot_11, boxGlobalRot_12, boxGlobalRot_13, boxGlobalRot_21, boxGlobalRot_22, boxGlobalRot_23, boxGlobalRot_31, boxGlobalRot_32, boxGlobalRot_33, indexForceX, indexForceY, indexForceZ, indexForceGlobalX, indexForceGlobalY, indexForceGlobalZ, indexContact, indexPosX, indexPosY, indexPosZ, indexRot_11, indexRot_12, indexRot_13, indexRot_21, indexRot_22, indexRot_23, indexRot_31, indexRot_32, indexRot_33, thumbForceX, thumbForceY, thumbForceZ, thumbForceGlobalX, thumbForceGlobalY, thumbForceGlobalZ, thumbContact, thumbPosX, thumbPosY, thumbPosZ, thumbRot_11, thumbRot_12, thumbRot_13, thumbRot_21, thumbRot_22, thumbRot_23, thumbRot_31, thumbRot_32, thumbRot_33, manipForceTooHigh, cceExpType, mapping, trialSuccess, 
388.065945, 46, 0.1, 0.1, 0.00370345443, 0.361749873, -0.0199603689, 0.997392897, -2.81549348e-005, 0.0721623798, 0.0721623793, -1.58180602e-005, -0.997392897, 2.92230008e-005, 0.999999999, -1.37450938e-005, 0.99739291, -7.3518398e-006, 0.0721622036, 0.0721622034, -2.09247632e-005, -0.99739291, 8.84264991e-006, 1, -2.03396855e-005, 0, -0, 0, 0, 0, 0, 0, 0.224830762, 0.127937109, 0.156632202, -0.514265702, 0.853410649, 0.0833372835, -0.857421875, -0.513183594, -0.0354003906, 0.012487386, -0.0896851361, 0.995928815, 0, 0, -0, 0, 0, 0, 0, 0.267081494, 0.110493896, 0.156213818, -0.574323369, 0.704031988, -0.417374945, 0.538452148, -0.0590820313, -0.840454102, -0.616511037, -0.70750609, -0.345201227, 0, 2, 5, 1, 
388.079908, 46, 0.1, 0.1, 0.00370346993, 0.361749885, -0.0199767408, 0.997395171, -1.30433654e-005, 0.0721309402, 0.0721309396, -4.00939939e-005, -0.99739517, 1.59014071e-005, 0.999999999, -3.90487257e-005, 0.997395196, 6.19129852e-006, 0.0721305922, 0.0721305924, -5.80610758e-005, -0.997395195, -1.98719161e-006, 0.999999998, -5.83564202e-005, 0, -0, 0, 0, 0, 0, 0, 0.225068433, 0.128346143, 0.156398315, -0.509028502, 0.857065863, 0.0787617127, -0.860595703, -0.507202148, -0.0435791016, 0.00263568384, -0.0900168814, 0.995911962, 0, 0, -0, 0, 0, 0, 0, 0.267724561, 0.111067529, 0.156009473, -0.562804077, 0.713119252, -0.417683013, 0.544189453, -0.060546875, -0.836669922, -0.622173902, -0.698204476, -0.353948339, 0, 2, 5, 1, 
388.08069, 46, 0.1, 0.1, 0.00370347193, 0.361749877, -0.0199731126, 0.997395083, 2.06283668e-005, 0.0721321524, 0.0721321509, 6.67022127e-005, -0.997395081, -2.53860058e-005, 0.999999998, 6.50404906e-005, 0.997395098, -8.77058892e-006, 0.0721319452, 0.0721319456, 5.97761487e-005, -0.997395097, 4.4359725e-006, 0.999999998, 6.02530774e-005, 0, -0, 0, 0, 0, 0, 0, 0.225068433, 0.128346143, 0.156398315, -0.509028502, 0.857065863, 0.0787617127, -0.860595703, -0.507202148, -0.0435791016, 0.00263568384, -0.0900168814, 0.995911962, 0, 0, -0, 0, 0, 0, 0, 0.267724561, 0.111067529, 0.156009473, -0.562804077, 0.713119252, -0.417683013, 0.544189453, -0.060546875, -0.836669922, -0.622173902, -0.698204476, -0.353948339, 0, 2, 5, 1, 
388.08171, 46, 0.1, 0.1, 0.00370346256, 0.361749873, -0.0199619745, 0.997395054, -2.58974756e-005, 0.0721325597, 0.0721325591, -2.5143585e-005, -0.997395054, 2.76436852e-005, 0.999999999, -2.32100361e-005, 0.997395052, 1.35239816e-005, 0.0721325879, 0.0721325881, -2.07235615e-005, -0.997395052, -1.19939082e-005, 1, -2.16450975e-005, 0, -0, 0, 0, 0, 0, 0, 0.225068433, 0.128346143, 0.156398315, -0.509028502, 0.857065863, 0.0787617127, -0.860595703, -0.507202148, -0.0435791016, 0.00263568384, -0.0900168814, 0.995911962, 0, 0, -0, 0, 0, 0, 0, 0.267724561, 0.111067529, 0.156009473, -0.562804077, 0.713119252, -0.417683013, 0.544189453, -0.060546875, -0.836669922, -0.622173902, -0.698204476, -0.353948339, 0, 2, 5, 1, 
388.082524, 46, 0.1, 0.1, 0.0037034732, 0.361749871, -0.0199541885, 0.997395103, 6.30090794e-006, 0.0721318844, 0.0721318844, 6.03276103e-006, -0.997395103, -6.71964915e-006, 1, 5.56254994e-006, 0.997395091, -3.39448833e-005, 0.0721320388, 0.0721320396, 2.27066505e-005, -0.997395091, 3.2218583e-005, 0.999999999, 2.50960154e-005, 0, -0, 0, 0, 0, 0, 0, 0.225246997, 0.128569019, 0.155562451, -0.509866482, 0.856858051, 0.0754872963, -0.860107422, -0.508056641, -0.0423583984, 0.00202685532, -0.0866469849, 0.996306987, 0, 0, -0, 0, 0, 0, 0, 0.267860791, 0.111059229, 0.155356934, -0.560887171, 0.71299785, -0.420545613, 0.546630859, -0.0623779297, -0.834960937, -0.621726942, -0.698217236, -0.354740181, 0, 2, 5, 1, 
388.083224, 46, 0.1, 0.1, 0.00370346958, 0.361749878, -0.0199526644, 0.99739518, -2.99907403e-005, 0.072130814, 0.0721308139, -3.14603923e-006, -0.99739518, 3.01395462e-005, 1, -9.74587851e-007, 0.997395165, 7.89248063e-006, 0.0721310293, 0.0721310295, -3.01397732e-005, -0.997395164, -5.69790915e-006, 1, -3.06305568e-005, 0, -0, 0, 0, 0, 0, 0, 0.225246997, 0.128569019, 0.155562451, -0.509866482, 0.856858051, 0.0754872963, -0.860107422, -0.508056641, -0.0423583984, 0.00202685532, -0.0866469849, 0.996306987, 0, 0, -0, 0, 0, 0, 0, 0.267860791, 0.111059229, 0.155356934, -0.560887171, 0.71299785, -0.420545613, 0.546630859, -0.0623779297, -0.834960937, -0.621726942, -0.698217236, -0.354740181, 0, 2, 5, 1, 
388.083928, 46, 0.1, 0.1, 0.00370347595, 0.361749866, -0.0199561914, 0.997395289, 1.40029992e-005, 0.0721293045, 0.0721293036, 5.32715119e-005, -0.997395288, -1.78089625e-005, 0.999999998, 5.21227284e-005, 0.997395266, -2.36734501e-005, 0.0721296233, 0.0721296248, 7.17919694e-005, -0.997395264, 1.84334593e-005, 0.999999997, 7.33125275e-005, 0, -0, 0, 0, 0, 0, 0, 0.225246997, 0.128569019, 0.155562451, -0.509866482, 0.856858051, 0.0754872963, -0.860107422, -0.508056641, -0.0423583984, 0.00202685532, -0.0866469849, 0.996306987, 0, 0, -0, 0, 0, 0, 0, 0.267860791, 0.111059229, 0.155356934, -0.560887171, 0.71299785, -0.420545613, 0.546630859, -0.0623779297, -0.834960937, -0.621726942, -0.698217236, -0.354740181, 0, 2, 5, 1, 
388.084689, 46, 0.1, 0.1, 0.0037034677, 0.361749878, -0.0199632415, 0.997395463, 3.67274569e-006, 0.0721269068, 0.0721269068, -9.15261876e-005, -0.997395459, 2.93832093e-006, 0.999999996, -9.1552708e-005, 0.997395427, 3.12544077e-005, 0.0721273963, 0.0721273988, -8.76051671e-005, -0.997395423, -2.48542706e-005, 0.999999996, -8.96312922e-005, 0, -0, 0, 0, 0, 0, 0, 0.225246997, 0.128569019, 0.155562451, -0.509866482, 0.856858051, 0.0754872963, -0.860107422, -0.508056641, -0.0423583984, 0.00202685532, -0.0866469849, 0.996306987, 0, 0, -0, 0, 0, 0, 0, 0.267860791, 0.111059229, 0.155356934, -0.560887171, 0.71299785, -0.420545613, 0.546630859, -0.0623779297, -0.834960937, -0.621726942, -0.698217236, -0.354740181, 0, 2, 5, 1, 
388.085395, 46, 0.1, 0.1, 0.00370346917, 0.361749883, -0.0199709287, 0.997395659, 1.23270777e-005, 0.072124188, 0.0721241874, 4.53040762e-005, -0.997395658, -1.55624935e-005, 0.999999999, 4.42970085e-005, 0.997395617, -7.71503738e-006, 0.0721247812, 0.0721247813, 1.36850218e-005, -0.997395616, 6.70791525e-006, 1, 1.42058262e-005, 0, -0, 0, 0, 0, 0, 0, 0.225246997, 0.128569019, 0.155562451, -0.509866482, 0.856858051, 0.0754872963, -0.860107422, -0.508056641, -0.0423583984, 0.00202685532, -0.0866469849, 0.996306987, 0, 0, -0, 0, 0, 0, 0, 0.267860791, 0.111059229, 0.155356934, -0.560887171, 0.71299785, -0.420545613, 0.546630859, -0.0623779297, -0.834960937, -0.621726942, -0.698217236, -0.354740181, 0, 2, 5, 1, 
388.086095, 46, 0.1, 0.1, 0.00370346507, 0.36174987, -0.0199774376, 0.997395852, 9.97069175e-007, 0.0721215299, 0.0721215298, 4.58057347e-005, -0.997395851, -4.29805232e-006, 0.999999999, 4.56145396e-005, 0.997395815, 1.58255938e-005, 0.0721220296, 0.0721220284, 6.40676067e-005, -0.997395814, -2.04050668e-005, 0.999999998, 6.27593889e-005, 0, -0, 0, 0, 0, 0, 0, 0.225246997, 0.128569019, 0.155562451, -0.509866482, 0.856858051, 0.0754872963, -0.860107422, -0.508056641, -0.0423583984, 0.00202685532, -0.0866469849, 0.996306987, 0, 0, -0, 0, 0, 0, 0, 0.267860791, 0.111059229, 0.155356934, -0.560887171, 0.71299785, -0.420545613, 0.546630859, -0.0623779297, -0.834960937, -0.621726942, -0.698217236, -0.354740181, 0, 2, 5, 1, 
388.086883, 46, 0.1, 0.1, 0.00370347202, 0.361749878, -0.0199809875, 0.997396017, -3.07411998e-005, 0.0721192327, 0.0721192305, -6.65223689e-005, -0.997396016, 3.54586924e-005, 0.999999997, -6.41321141e-005, 0.997395987, -3.79196736e-005, 0.0721196543, 0.0721196521, -5.76651318e-005, -0.997395986, 4.19797196e-005, 0.999999998, -5.47802174e-005, 0, -0, 0, 0, 0, 0, 0, 0.22526604, 0.128381299, 0.154719141, -0.509460597, 0.85732946, 0.0720732164, -0.860351562, -0.5078125, -0.041015625, 0.00146820161, -0.0828902988, 0.99660054, 0, 0, -0, 0, 0, 0, 0, 0.267860791, 0.111059229, 0.155356934, -0.558836104, 0.712633645, -0.423836216, 0.549072266, -0.0649414063, -0.833129883, -0.621388624, -0.698255515, -0.354963295, 0, 2, 5, 1, 
388.087592, 46, 0.1, 0.1, 0.00370346942, 0.361749885, -0.0199799329, 0.997396121, 3.34640917e-005, 0.0721177973, 0.0721177972, 5.48662037e-006, -0.997396122, -3.37726382e-005, 0.999999999, 3.0589773e-006, 0.997396105, 2.87592277e-005, 0.072118016, 0.0721180166, -2.05794385e-005, -0.997396105, -2.72001935e-005, 0.999999999, -2.25999103e-005, 0, -0, 0, 0, 0, 0, 0, 0.22526604, 0.128381299, 0.154719141, -0.509460597, 0.85732946, 0.0720732164, -0.860351562, -0.5078125, -0.041015625, 0.00146820161, -0.0828902988, 0.99660054, 0, 0, -0, 0, 0, 0, 0, 0.268003613, 0.111257568, 0.154911279, -0.558836104, 0.712633645, -0.423836216, 0.549072266, -0.0649414063, -0.833129883, -0.621388624, -0.698255515, -0.354963295, 0, 2, 5, 1, 
388.088294, 46, 0.1, 0.1, 0.00370346794, 0.36174988, -0.0199758335, 0.997396175, -2.35586517e-005, 0.0721170551, 0.0721170555, 1.45894943e-005, -0.997396175, 2.24451578e-005, 1, 1.62504864e-005, 0.997396168, -1.21819822e-005, 0.0721171543, 0.0721171546, 2.86002291e-005, -0.997396168, 1.00876952e-005, 1, 2.94042888e-005, 0, -0, 0, 0, 0, 0, 0, 0.22526604, 0.128381299, 0.154719141, -0.509460597, 0.85732946, 0.0720732164, -0.860351562, -0.5078125, -0.041015625, 0.00146820161, -0.0828902988, 0.99660054, 0, 0, -0, 0, 0, 0, 0, 0.268003613, 0.111257568, 0.154911279, -0.558836104, 0.712633645, -0.423836216, 0.549072266, -0.0649414063, -0.833129883, -0.621388624, -0.698255515, -0.354963295, 0, 2, 5, 1, 
388.08904, 46, 0.1, 0.1, 0.00370346736, 0.361749882, -0.0199695563, 0.997396187, 3.04323397e-005, 0.0721168825, 0.0721168822, 1.01010666e-005, -0.997396188, -3.1081557e-005, 0.999999999, 7.88007989e-006, 0.997396189, 1.83797912e-005, 0.0721168667, 0.0721168669, -9.88426526e-006, -0.997396189, -1.76191114e-005, 1, -1.11840214e-005, 0, -0, 0, 0, 0, 0, 0, 0.22526604, 0.128381299, 0.154719141, -0.509460597, 0.85732946, 0.0720732164, -0.860351562, -0.5078125, -0.041015625, 0.00146820161, -0.0828902988, 0.99660054, 0, 0, -0, 0, 0, 0, 0, 0.268003613, 0.111257568, 0.154911279, -0.558836104, 0.712633645, -0.423836216, 0.549072266, -0.0649414063, -0.833129883, -0.621388624, -0.698255515, -0.354963295, 0, 2, 5, 1, 
388.089767, 46, 0.1, 0.1, 0.00370346598, 0.361749882, -0.0199631843, 0.997396179, -1.00212918e-005, 0.0721170018, 0.0721170018, -5.0026351e-006, -0.997396179, 1.03559732e-005, 1, -4.26690362e-006, 0.99739618, -1.22815034e-005, 0.0721169842, 0.0721169841, -1.32676044e-005, -0.99739618, 1.32063442e-005, 1, -1.2347353e-005, 0, -0, 0, 0, 0, 0, 0, 0.22526604, 0.128381299, 0.154719141, -0.509460597, 0.85732946, 0.0720732164, -0.860351562, -0.5078125, -0.041015625, 0.00146820161, -0.0828902988, 0.99660054, 0, 0, -0, 0, 0, 0, 0, 0.268316455, 0.11145249, 0.154082373, -0.557487926, 0.71229496, -0.426315287, 0.550537109, -0.0671386719, -0.83203125, -0.621369667, -0.698536598, -0.354732885, 0, 2, 5, 1, 
388.090472, 46, 0.1, 0.1, 0.00370346477, 0.361749881, -0.0199591443, 0.997396169, 1.62049414e-005, 0.0721171401, 0.0721171402, -8.00848683e-006, -0.997396169, -1.55851973e-005, 1, -9.15628812e-006, 0.997396173, 2.3457544e-007, 0.0721170845, 0.0721170845, -3.59973071e-006, -0.997396173, 2.56374377e-008, 1, -3.60727453e-006, 0, -0, 0, 0, 0, 0, 0, 0.22526604, 0.128381299, 0.154719141, -0.509460597, 0.85732946, 0.0720732164, -0.860351562, -0.5078125, -0.041015625, 0.00146820161, -0.0828902988, 0.99660054, 0, 0, -0, 0, 0, 0, 0, 0.268316455, 0.11145249, 0.154082373, -0.557487926, 0.71229496, -0.426315287, 0.550537109, -0.0671386719, -0.83203125, -0.621369667, -0.698536598, -0.354732885, 0, 2, 5, 1, 
388.091174, 46, 0.1, 0.1, 0.00370346655, 0.361749879, -0.019958368, 0.997396135, -2.45565157e-005, 0.0721176041, 0.072117604, -5.87587162e-006, -0.997396136, 2.49163277e-005, 1, -4.08961457e-006, 0.997396144, -2.98812228e-005, 0.0721174798, 0.0721174802, 1.39863294e-005, -0.997396144, 2.87947576e-005, 0.999999999, 1.61048695e-005, 0, -0, 0, 0, 0, 0, 0, 0.22526604, 0.128381299, 0.154719141, -0.509460597, 0.85732946, 0.0720732164, -0.860351562, -0.5078125, -0.041015625, 0.00146820161, -0.0828902988, 0.99660054, 0, 0, -0, 0, 0, 0, 0, 0.268316455, 0.11145249, 0.154082373, -0.557487926, 0.71229496, -0.426315287, 0.550537109, -0.0671386719, -0.83203125, -0.621369667, -0.698536598, -0.354732885, 0, 2, 5, 1, 
388.091951, 46, 0.1, 0.1, 0.00370346029, 0.361749877, -0.019960519, 0.997396061, 2.88326793e-005, 0.0721186238, 0.0721186232, 2.03447847e-005, -0.997396062, -3.02248386e-005, 0.999999999, 1.8212435e-005, 0.997396076, 4.08948201e-005, 0.0721184224, 0.0721184213, 2.80801428e-005, -0.997396076, -4.28134287e-005, 0.999999999, 2.50577543e-005, 0, -0, 0, 0, 0, 0, 0, 0.225500757, 0.12841145, 0.153919897, -0.509263645, 0.857724484, 0.0695222045, -0.860595703, -0.50769043, -0.0388183594, 0.0019313753, -0.0796158823, 0.996880989, 0, 0, -0, 0, 0, 0, 0, 0.268316455, 0.11145249, 0.154082373, -0.557487926, 0.71229496, -0.426315287, 0.550537109, -0.0671386719, -0.83203125, -0.621369667, -0.698536598, -0.354732885, 0, 2, 5, 1, 
388.092658, 46, 0.1, 0.1, 0.00370346803, 0.361749877, -0.0199645321, 0.997396011, -5.93539545e-005, 0.0721193013, 0.0721193024, 1.54419996e-005, -0.997396013, 5.80857313e-005, 0.999999998, 1.96823546e-005, 0.997396017, -6.28190144e-005, 0.0721192157, 0.0721192165, 1.0426157e-005, -0.997396019, 6.19035086e-005, 0.999999998, 1.49294656e-005, 0, -0, 0, 0, 0, 0, 0, 0.225500757, 0.12841145, 0.153919897, -0.509263645, 0.857724484, 0.0695222045, -0.860595703, -0.50769043, -0.0388183594, 0.0019313753, -0.0796158823, 0.996880989, 0, 0, -0, 0, 0, 0, 0, 0.268316455, 0.11145249, 0.154082373, -0.557487926, 0.71229496, -0.426315287, 0.550537109, -0.0671386719, -0.83203125, -0.621369667, -0.698536598, -0.354732885, 0, 2, 5, 1, 
388.093362, 46, 0.1, 0.1, 0.00370346545, 0.361749876, -0.0199696997, 0.997395974, 5.38029873e-005, 0.0721198113, 0.0721198106, 1.44511292e-005, -0.997395976, -5.47050957e-005, 0.999999998, 1.05332368e-005, 0.997395986, 4.23469521e-005, 0.0721196634, 0.0721196635, 2.58494559e-007, -0.997395987, -4.22553226e-005, 0.999999999, -2.7962265e-006, 0, -0, 0, 0, 0, 0, 0, 0.225500757, 0.12841145, 0.153919897, -0.509263645, 0.857724484, 0.0695222045, -0.860595703, -0.50769043, -0.0388183594, 0.0019313753, -0.0796158823, 0.996880989, 0, 0, -0, 0, 0, 0, 0, 0.268316455, 0.11145249, 0.154082373, -0.557487926, 0.71229496, -0.426315287, 0.550537109, -0.0671386719, -0.83203125, -0.621369667, -0.698536598, -0.354732885, 0, 2, 5, 1, 
388.094123, 46, 0.1, 0.1, 0.00370346123, 0.361749876, -0.0199745388, 0.997395928, -3.47006667e-005, 0.0721204651, 0.072120465, -4.57438973e-006, -0.997395929, 3.49402108e-005, 0.999999999, -2.05984948e-006, 0.997395935, 3.14619443e-006, 0.0721203765, 0.0721203765, -7.04469475e-006, -0.997395935, -2.62993549e-006, 1, -7.25325464e-006, 0, -0, 0, 0, 0, 0, 0, 0.225500757, 0.12841145, 0.153919897, -0.510742655, 0.857168074, 0.0652450566, -0.859619141, -0.509277344, -0.0374755859, 0.00117689195, -0.0753256298, 0.997187647, 0, 0, -0, 0, 0, 0, 0, 0.268316455, 0.11145249, 0.154082373, -0.557487926, 0.71229496, -0.426315287, 0.550537109, -0.0671386719, -0.83203125, -0.621369667, -0.698536598, -0.354732885, 0, 2, 5, 1, 
388.094853, 46, 0.1, 0.1, 0.00370347522, 0.361749876, -0.0199765607, 0.997395911, -5.52013979e-005, 0.0721206904, 0.0721206895, -1.82265149e-005, -0.997395912, 5.63721575e-005, 0.999999998, -1.41978885e-005, 0.997395913, -7.08317358e-005, 0.0721206421, 0.0721206421, -2.85196119e-006, -0.997395916, 7.08529693e-005, 0.999999997, 2.26389583e-006, 0, -0, 0, 0, 0, 0, 0, 0.225422876, 0.128619312, 0.15303252, -0.510742655, 0.857168074, 0.0652450566, -0.859619141, -0.509277344, -0.0374755859, 0.00117689195, -0.0753256298, 0.997187647, 0, 0, -0, 0, 0, 0, 0, 0.268462939, 0.11159248, 0.153368555, -0.555647579, 0.711266145, -0.430187378, 0.553588867, -0.0693359375, -0.829833984, -0.620194297, -0.699258444, -0.355262601, 0, 2, 5, 1, 
388.095569, 46, 0.1, 0.1, 0.00370346955, 0.361749878, -0.0199761149, 0.997395859, 7.22111563e-005, 0.0721213937, 0.0721213922, 2.24596434e-005, -0.997395861, -7.36429292e-005, 0.999999997, 1.71931862e-005, 0.997395875, 5.76303734e-005, 0.0721211886, 0.0721211886, 1.07935879e-006, -0.997395876, -5.75581414e-005, 0.999999998, -3.07982303e-006, 0, -0, 0, 0, 0, 0, 0, 0.225422876, 0.128619312, 0.15303252, -0.510742655, 0.857168074, 0.0652450566, -0.859619141, -0.509277344, -0.0374755859, 0.00117689195, -0.0753256298, 0.997187647, 0, 0, -0, 0, 0, 0, 0, 0.268462939, 0.11159248, 0.153368555, -0.555647579, 0.711266145, -0.430187378, 0.553588867, -0.0693359375, -0.829833984, -0.620194297, -0.699258444, -0.355262601, 0, 2, 5, 1, 
388.096286, 46, 0.1, 0.1, 0.00370345851, 0.361749873, -0.0199735934, 0.997395784, 1.04769305e-005, 0.0721224602, 0.0721224602, -1.72663287e-006, -0.997395784, -1.03251173e-005, 1, -2.47775836e-006, 0.997395801, 4.14430591e-005, 0.0721222204, 0.0721222195, 2.15237897e-005, -0.997395802, -4.28874766e-005, 0.999999999, 1.8478772e-005, 0, -0, 0, 0, 0, 0, 0, 0.225422876, 0.128619312, 0.15303252, -0.510742655, 0.857168074, 0.0652450566, -0.859619141, -0.509277344, -0.0374755859, 0.00117689195, -0.0753256298, 0.997187647, 0, 0, -0, 0, 0, 0, 0, 0.268462939, 0.11159248, 0.153368555, -0.555647579, 0.711266145, -0.430187378, 0.553588867, -0.0693359375, -0.829833984, -0.620194297, -0.699258444, -0.355262601, 0, 2, 5, 1, 
388.097026, 46, 0.1, 0.1, 0.0037034715, 0.361749875, -0.0199692778, 0.997395741, -7.2260328e-005, 0.0721230297, 0.0721230307, 1.09332633e-005, -0.997395743, 7.12836035e-005, 0.999999997, 1.61164241e-005, 0.997395744, -7.98909413e-005, 0.0721229682, 0.0721229688, 3.87361228e-006, -0.997395748, 7.94035087e-005, 0.999999997, 9.62549627e-006, 0, -0, 0, 0, 0, 0, 0, 0.225422876, 0.128619312, 0.15303252, -0.510742655, 0.857168074, 0.0652450566, -0.859619141, -0.509277344, -0.0374755859, 0.00117689195, -0.0753256298, 0.997187647, 0, 0, -0, 0, 0, 0, 0, 0.268462939, 0.11159248, 0.153368555, -0.555647579, 0.711266145, -0.430187378, 0.553588867, -0.0693359375, -0.829833984, -0.620194297, -0.699258444, -0.355262601, 0, 2, 5, 1, 
388.097837, 46, 0.1, 0.1, 0.00370346496, 0.361749875, -0.0199639634, 0.997395706, 8.0524552e-005, 0.0721235058, 0.0721235053, 9.91381883e-006, -0.997395709, -8.1029862e-005, 0.999999997, 4.08028737e-006, 0.997395714, 6.87829185e-005, 0.0721233949, 0.0721233943, 1.12259295e-005, -0.997395717, -6.94134404e-005, 0.999999998, 6.23583645e-006, 0, -0, 0, 0, 0, 0, 0, 0.225422876, 0.128619312, 0.15303252, -0.510742655, 0.857168074, 0.0652450566, -0.859619141, -0.509277344, -0.0374755859, 0.00117689195, -0.0753256298, 0.997187647, 0, 0, -0, 0, 0, 0, 0, 0.268462939, 0.11159248, 0.153368555, -0.555647579, 0.711266145, -0.430187378, 0.553588867, -0.0693359375, -0.829833984, -0.620194297, -0.699258444, -0.355262601, 0, 2, 5, 1, 
388.098806, 46, 0.1, 0.1, 0.00370346211, 0.361749877, -0.0199566698, 0.997395669, -6.86412776e-005, 0.0721240191, 0.072124018, -1.83474753e-005, -0.997395672, 6.97858068e-005, 0.999999997, -1.33490077e-005, 0.997395681, -4.16699585e-005, 0.0721238759, 0.072123876, 1.59144168e-006, -0.997395682, 4.14466557e-005, 0.999999999, 4.59269597e-006, 0, -0, 0, 0, 0, 0, 0, 0.225422876, 0.128619312, 0.15303252, -0.510742655, 0.857168074, 0.0652450566, -0.859619141, -0.509277344, -0.0374755859, 0.00117689195, -0.0753256298, 0.997187647, 0, 0, -0, 0, 0, 0, 0, 0.268462939, 0.11159248, 0.153368555, -0.555647579, 0.711266145, -0.430187378, 0.553588867, -0.0693359375, -0.829833984, -0.620194297, -0.699258444, -0.355262601, 0, 2, 5, 1, 
388.099557, 46, 0.1, 0.1, 0.00370346954, 0.361749875, -0.0199535884, 0.997395642, 3.92027407e-005, 0.0721244159, 0.0721244146, 3.30118696e-005, -0.997395643, -4.14816046e-005, 0.999999999, 3.00984202e-005, 0.997395643, -1.12405522e-005, 0.0721244133, 0.0721244137, 3.47923926e-005, -0.997395643, 8.70189689e-006, 0.999999999, 3.5512499e-005, 0, -0, 0, 0, 0, 0, 0, 0.225641479, 0.128201514, 0.151934106, -0.510774856, 0.857474732, 0.0612090436, -0.859619141, -0.509399414, -0.0361328125, 0.000193256549, -0.071048482, 0.997456113, 0, 0, -0, 0, 0, 0, 0, 0.268860498, 0.111577588, 0.152439795, -0.553098146, 0.711010582, -0.433938068, 0.556518555, -0.0721435547, -0.827636719, -0.619926341, -0.699162563, -0.355779557, 0, 2, 5, 1, 
388.100261, 46, 0.1, 0.1, 0.00370345413, 0.361749879, -0.0199556408, 0.997395681, 4.31530153e-005, 0.0721238804, 0.0721238816, -2.68658178e-005, -0.997395681, -4.11029641e-005, 0.999999999, -2.99082136e-005, 0.997395668, 7.54728863e-005, 0.0721240263, 0.0721240292, -3.58289108e-005, -0.99739567, -7.26922047e-005, 0.999999997, -4.11790091e-005, 0, -0, 0, 0, 0, 0, 0, 0.225641479, 0.128201514, 0.151934106, -0.510774856, 0.857474732, 0.0612090436, -0.859619141, -0.509399414, -0.0361328125, 0.000193256549, -0.071048482, 0.997456113, 0, 0, -0, 0, 0, 0, 0, 0.268860498, 0.111577588, 0.152439795, -0.553098146, 0.711010582, -0.433938068, 0.556518555, -0.0721435547, -0.827636719, -0.619926341, -0.699162563, -0.355779557, 0, 2, 5, 1, 
388.100962, 46, 0.1, 0.1, 0.00370346141, 0.361749872, -0.0199615821, 0.997395757, -4.39589071e-005, 0.0721228258, 0.0721228281, 5.14400288e-005, -0.997395756, 4.01344271e-005, 0.999999998, 5.44765072e-005, 0.997395741, -5.42379207e-005, 0.0721230459, 0.072123049, 5.66267651e-005, -0.99739574, 5.00125763e-005, 0.999999997, 6.03910986e-005, 0, -0, 0, 0, 0, 0, 0, 0.225641479, 0.128201514, 0.151934106, -0.510774856, 0.857474732, 0.0612090436, -0.859619141, -0.509399414, -0.0361328125, 0.000193256549, -0.071048482, 0.997456113, 0, 0, -0, 0, 0, 0, 0, 0.268860498, 0.111577588, 0.152439795, -0.553098146, 0.711010582, -0.433938068, 0.556518555, -0.0721435547, -0.827636719, -0.619926341, -0.699162563, -0.355779557, 0, 2, 5, 1, 
388.101722, 46, 0.1, 0.1, 0.00370345542, 0.361749874, -0.0199692291, 0.997395839, 4.55999726e-005, 0.0721216925, 0.0721216936, -2.20060537e-005, -0.99739584, -4.38941092e-005, 0.999999999, -2.52374936e-005, 0.997395824, 4.92734377e-005, 0.0721218914, 0.0721218927, -2.40321587e-005, -0.997395825, -4.74118763e-005, 0.999999998, -2.75232683e-005, 0, -0, 0, 0, 0, 0, 0, 0.225641479, 0.128201514, 0.151934106, -0.510774856, 0.857474732, 0.0612090436, -0.859619141, -0.509399414, -0.0361328125, 0.000193256549, -0.071048482, 0.997456113, 0, 0, -0, 0, 0, 0, 0, 0.268860498, 0.111577588, 0.152439795, -0.553098146, 0.711010582, -0.433938068, 0.556518555, -0.0721435547, -0.827636719, -0.619926341, -0.699162563, -0.355779557, 0, 2, 5, 1, 
388.102426, 46, 0.1, 0.1, 0.00370345845, 0.361749873, -0.0199756028, 0.997395895, -5.29141422e-005, 0.0721209103, 0.0721209108, 8.28602637e-006, -0.997395896, 5.21787526e-005, 0.999999999, 1.20806648e-005, 0.997395888, -4.25198115e-005, 0.07212102, 0.0721210206, 1.43991899e-005, -0.997395888, 4.13706009e-005, 0.999999999, 1.7428265e-005, 0, -0, 0, 0, 0, 0, 0, 0.225641479, 0.128201514, 0.151934106, -0.510774856, 0.857474732, 0.0612090436, -0.859619141, -0.509399414, -0.0361328125, 0.000193256549, -0.071048482, 0.997456113, 0, 0, -0, 0, 0, 0, 0, 0.268860498, 0.111577588, 0.152439795, -0.553098146, 0.711010582, -0.433938068, 0.556518555, -0.0721435547, -0.827636719, -0.619926341, -0.699162563, -0.355779557, 0, 2, 5, 1, 
388.103129, 46, 0.1, 0.1, 0.00370346406, 0.361749874, -0.0199797108, 0.997395923, 9.40349013e-006, 0.0721205431, 0.0721205431, 6.65523703e-006, -0.997395923, -9.85898203e-006, 1, 5.95972147e-006, 0.997395917, -1.59282168e-005, 0.0721206205, 0.0721206206, 3.46591599e-006, -0.997395917, 1.56367744e-005, 1, 4.60564333e-006, 0, -0, 0, 0, 0, 0, 0, 0.225641479, 0.128201514, 0.151934106, -0.510774856, 0.857474732, 0.0612090436, -0.859619141, -0.509399414, -0.0361328125, 0.000193256549, -0.071048482, 0.997456113, 0, 0, -0, 0, 0, 0, 0, 0.268860498, 0.111577588, 0.152439795, -0.553098146, 0.711010582, -0.433938068, 0.556518555, -0.0721435547, -0.827636719, -0.619926341, -0.699162563, -0.355779557, 0, 2, 5, 1, 
388.103912, 46, 0.1, 0.1, 0.0037034558, 0.361749875, -0.0199799808, 0.997395968, 2.7398947e-005, 0.0721199144, 0.0721199144, -8.55787195e-007, -0.997395968, -2.72658799e-005, 1, -2.82956841e-006, 0.997395959, 3.9652468e-005, 0.0721200403, 0.0721200407, -8.89051449e-006, -0.997395959, -3.89080271e-005, 0.999999999, -1.17271008e-005, 0, -0, 0, 0, 0, 0, 0, 0.225876929, 0.128014404, 0.15084314, -0.510533721, 0.857921053, 0.057312694, -0.859863281, -0.509277344, -0.0339355469, 0.000155064541, -0.0666698627, 0.99782605, 0, 0, -0, 0, 0, 0, 0, 0.268860498, 0.111577588, 0.152439795, -0.550548712, 0.710767779, -0.437567356, 0.559326172, -0.0749511719, -0.825439453, -0.619658385, -0.699188082, -0.356283753, 0, 2, 5, 1, 
388.104614, 46, 0.1, 0.1, 0.00370345977, 0.361749874, -0.0199765961, 0.997395993, -3.30322771e-005, 0.0721195659, 0.0721195657, -7.07165426e-006, -0.997395994, 3.34562655e-005, 0.999999999, -4.67096614e-006, 0.997395991, -3.55563959e-005, 0.0721196003, 0.0721196005, 6.94881597e-006, -0.997395991, 3.49626609e-005, 0.999999999, 9.49503426e-006, 0, -0, 0, 0, 0, 0, 0, 0.225876929, 0.128014404, 0.15084314, -0.510533721, 0.857921053, 0.057312694, -0.859863281, -0.509277344, -0.0339355469, 0.000155064541, -0.0666698627, 0.99782605, 0, 0, -0, 0, 0, 0, 0, 0.269034814, 0.111560986, 0.151742578, -0.550548712, 0.710767779, -0.437567356, 0.559326172, -0.0749511719, -0.825439453, -0.619658385, -0.699188082, -0.356283753, 0, 2, 5, 1, 
388.105318, 46, 0.1, 0.1, 0.00370345709, 0.361749875, -0.0199713049, 0.997395994, 3.91736003e-005, 0.0721195447, 0.0721195449, -1.88610236e-006, -0.997395995, -3.89355672e-005, 0.999999999, -4.70637316e-006, 0.997395994, 3.37352469e-005, 0.0721195576, 0.0721195575, 4.97869121e-006, -0.997395994, -3.40064612e-005, 0.999999999, 2.53275558e-006, 0, -0, 0, 0, 0, 0, 0, 0.225876929, 0.128014404, 0.15084314, -0.510533721, 0.857921053, 0.057312694, -0.859863281, -0.509277344, -0.0339355469, 0.000155064541, -0.0666698627, 0.99782605, 0, 0, -0, 0, 0, 0, 0, 0.269034814, 0.111560986, 0.151742578, -0.550548712, 0.710767779, -0.437567356, 0.559326172, -0.0749511719, -0.825439453, -0.619658385, -0.699188082, -0.356283753, 0, 2, 5, 1, 
388.106066, 46, 0.1, 0.1, 0.00370345733, 0.361749875, -0.0199652827, 0.997395992, -2.42818629e-005, 0.0721195863, 0.0721195863, -2.45772483e-007, -0.997395992, 2.42363577e-005, 1, 1.50606542e-006, 0.997395994, -2.20004459e-005, 0.0721195533, 0.0721195533, -1.97913088e-006, -0.997395995, 2.20858906e-005, 1, -3.87314883e-007, 0, -0, 0, 0, 0, 0, 0, 0.225876929, 0.128014404, 0.15084314, -0.510533721, 0.857921053, 0.057312694, -0.859863281, -0.509277344, -0.0339355469, 0.000155064541, -0.0666698627, 0.99782605, 0, 0, -0, 0, 0, 0, 0, 0.269034814, 0.111560986, 0.151742578, -0.550548712, 0.710767779, -0.437567356, 0.559326172, -0.0749511719, -0.825439453, -0.619658385, -0.699188082, -0.356283753, 0, 2, 5, 1, 
388.106811, 46, 0.1, 0.1, 0.00370345596, 0.361749875, -0.0199599915, 0.997395971, -1.901103e-006, 0.072119885, 0.072119885, -2.44425165e-006, -0.997395971, 2.07243162e-006, 1, -2.30077942e-006, 0.997395976, 1.43883323e-005, 0.0721198093, 0.0721198092, 9.64061253e-006, -0.997395976, -1.50461439e-005, 1, 8.57782437e-006, 0, -0, 0, 0, 0, 0, 0, 0.226009351, 0.127992798, 0.149930005, -0.512298049, 0.857174805, 0.0525341804, -0.858764648, -0.511230469, -0.0314941406, -5.98611004e-005, -0.0612372154, 0.998088524, 0, 0, -0, 0, 0, 0, 0, 0.269338623, 0.111574268, 0.150779395, -0.550049979, 0.708301101, -0.442161294, 0.562255859, -0.0772705078, -0.823242187, -0.617396597, -0.701411224, -0.355784654, 0, 2, 5, 1, 
388.107513, 46, 0.1, 0.1, 0.0037034556, 0.361749875, -0.0199580982, 0.997395949, 5.02255938e-006, 0.0721201897, 0.0721201898, -2.10213679e-005, -0.997395948, -3.49341533e-006, 1, -2.13288551e-005, 0.997395952, 7.77558463e-006, 0.0721201456, 0.0721201456, 3.751918e-006, -0.997395952, -8.02592551e-006, 1, 3.18137153e-006, 0, -0, 0, 0, 0, 0, 0, 0.226009351, 0.127992798, 0.149930005, -0.512298049, 0.857174805, 0.0525341804, -0.858764648, -0.511230469, -0.0314941406, -5.98611004e-005, -0.0612372154, 0.998088524, 0, 0, -0, 0, 0, 0, 0, 0.269338623, 0.111574268, 0.150779395, -0.550049979, 0.708301101, -0.442161294, 0.562255859, -0.0772705078, -0.823242187, -0.617396597, -0.701411224, -0.355784654, 0, 2, 5, 1, 
388.10823, 46, 0.1, 0.1, 0.00370345549, 0.361749876, -0.019959669, 0.997395947, 2.02350173e-005, 0.0721202076, 0.0721202068, 3.62208432e-005, -0.997395947, -2.2794579e-005, 0.999999999, 3.46671686e-005, 0.997395947, 1.22544384e-005, 0.0721202072, 0.072120207, 1.91883372e-005, -0.997395947, -1.36063941e-005, 1, 1.82545771e-005, 0, -0, 0, 0, 0, 0, 0, 0.226009351, 0.127992798, 0.149930005, -0.512298049, 0.857174805, 0.0525341804, -0.858764648, -0.511230469, -0.0314941406, -5.98611004e-005, -0.0612372154, 0.998088524, 0, 0, -0, 0, 0, 0, 0, 0.269338623, 0.111574268, 0.150779395, -0.550049979, 0.708301101, -0.442161294, 0.562255859, -0.0772705078, -0.823242187, -0.617396597, -0.701411224, -0.355784654, 0, 2, 5, 1, 
388.10898, 46, 0.1, 0.1, 0.00370345459, 0.361749875, -0.0199634879, 0.997395935, 2.28202946e-006, 0.0721203732, 0.0721203732, -9.67283272e-006, -0.997395935, -1.57847861e-006, 1, -9.81222485e-006, 0.997395939, 5.52715568e-006, 0.072120321, 0.0721203211, -1.08761159e-005, -0.997395939, -4.72837366e-006, 1, -1.1246414e-005, 0, -0, 0, 0, 0, 0, 0, 0.226009351, 0.127992798, 0.149930005, -0.512298049, 0.857174805, 0.0525341804, -0.858764648, -0.511230469, -0.0314941406, -5.98611004e-005, -0.0612372154, 0.998088524, 0, 0, -0, 0, 0, 0, 0, 0.269338623, 0.111574268, 0.150779395, -0.550049979, 0.708301101, -0.442161294, 0.562255859, -0.0772705078, -0.823242187, -0.617396597, -0.701411224, -0.355784654, 0, 2, 5, 1, 
388.109693, 46, 0.1, 0.1, 0.00370345467, 0.361749875, -0.0199684865, 0.997395914, 1.83256627e-005, 0.0721206689, 0.0721206687, 9.54183196e-006, -0.997395914, -1.89661044e-005, 1, 8.19532517e-006, 0.99739592, 1.17615433e-005, 0.0721205874, 0.0721205874, -2.22646464e-006, -0.99739592, -1.15703413e-005, 1, -3.06891616e-006, 0, -0, 0, 0, 0, 0, 0, 0.226009351, 0.127992798, 0.149930005, -0.512298049, 0.857174805, 0.0525341804, -0.858764648, -0.511230469, -0.0314941406, -5.98611004e-005, -0.0612372154, 0.998088524, 0, 0, -0, 0, 0, 0, 0, 0.269338623, 0.111574268, 0.150779395, -0.550049979, 0.708301101, -0.442161294, 0.562255859, -0.0772705078, -0.823242187, -0.617396597, -0.701411224, -0.355784654, 0, 2, 5, 1, 
388.110466, 46, 0.1, 0.1, 0.00370345711, 0.361749878, -0.0199733773, 0.997395881, -2.88528849e-005, 0.0721211143, 0.0721211136, -2.32190944e-005, -0.997395881, 3.04523355e-005, 0.999999999, -2.10777269e-005, 0.997395889, -2.67182483e-005, 0.0721210139, 0.0721210132, -2.46050633e-005, -0.997395889, 2.84232131e-005, 0.999999999, -2.26140419e-005, 0, -0, 0, 0, 0, 0, 0, 0.226009351, 0.127992798, 0.149930005, -0.512298049, 0.857174805, 0.0525341804, -0.858764648, -0.511230469, -0.0314941406, -5.98611004e-005, -0.0612372154, 0.998088524, 0, 0, -0, 0, 0, 0, 0, 0.269338623, 0.111574268, 0.150779395, -0.550049979, 0.708301101, -0.442161294, 0.562255859, -0.0772705078, -0.823242187, -0.617396597, -0.701411224, -0.355784654, 0, 2, 5, 1, 
388.111268, 46, 0.1, 0.1, 0.00370345387, 0.361749876, -0.0199750527, 0.997395865, 4.08754372e-005, 0.0721213386, 0.0721213381, 1.37893342e-005, -0.997395865, -4.17634973e-005, 0.999999999, 1.08054337e-005, 0.997395865, 3.65078664e-005, 0.0721213357, 0.072121335, 2.13480296e-005, -0.997395866, -3.79524434e-005, 0.999999999, 1.86594403e-005, 0, -0, 0, 0, 0, 0, 0, 0.226008008, 0.127578906, 0.14877666, -0.512317145, 0.85746948, 0.0474130606, -0.858764648, -0.511352539, -0.0285644531, -0.000180428525, -0.0554750664, 0.998528854, 0, 0, -0, 0, 0, 0, 0, 0.26951123, 0.111074561, 0.150056055, -0.547487786, 0.707598211, -0.446512428, 0.564941406, -0.0810546875, -0.821044922, -0.617250042, -0.701730586, -0.355260035, 0, 2, 5, 1, 
388.11197, 46, 0.1, 0.1, 0.00370345387, 0.361749877, -0.0199743339, 0.997395882, -4.37751688e-005, 0.0721211032, 0.0721211038, 1.25888563e-005, -0.997395882, 4.2753251e-005, 0.999999999, 1.57131869e-005, 0.997395875, -2.47222623e-005, 0.072121197, 0.072121197, -2.61615367e-006, -0.997395876, 2.48465626e-005, 1, -8.26341733e-007, 0, -0, 0, 0, 0, 0, 0, 0.226008008, 0.127578906, 0.14877666, -0.512317145, 0.85746948, 0.0474130606, -0.858764648, -0.511352539, -0.0285644531, -0.000180428525, -0.0554750664, 0.998528854, 0, 0, -0, 0, 0, 0, 0, 0.26951123, 0.111074561, 0.150056055, -0.547487786, 0.707598211, -0.446512428, 0.564941406, -0.0810546875, -0.821044922, -0.617250042, -0.701730586, -0.355260035, 0, 2, 5, 1, 
388.112676, 46, 0.1, 0.1, 0.00370346017, 0.361749875, -0.0199721997, 0.997395914, 7.50079403e-006, 0.072120674, 0.0721206741, -7.07070523e-006, -0.997395914, -6.97131729e-006, 1, -7.59325482e-006, 0.997395909, -2.02792227e-005, 0.0721207307, 0.0721207307, -2.10799568e-006, -0.997395909, 2.03784439e-005, 1, -6.39953915e-007, 0, -0, 0, 0, 0, 0, 0, 0.226008008, 0.127578906, 0.14877666, -0.512317145, 0.85746948, 0.0474130606, -0.858764648, -0.511352539, -0.0285644531, -0.000180428525, -0.0554750664, 0.998528854, 0, 0, -0, 0, 0, 0, 0, 0.26951123, 0.111074561, 0.150056055, -0.547487786, 0.707598211, -0.446512428, 0.564941406, -0.0810546875, -0.821044922, -0.617250042, -0.701730586, -0.355260035, 0, 2, 5, 1, 
388.113439, 46, 0.1, 0.1, 0.00370345627, 0.361749875, -0.0199687958, 0.997395921, -1.0464419e-005, 0.0721205705, 0.0721205705, -1.39150646e-006, -0.997395921, 1.0537525e-005, 1, -6.33182997e-007, 0.997395919, 1.41422802e-005, 0.0721206013, 0.0721206013, -1.89531714e-006, -0.997395919, -1.39687611e-005, 1, -2.91033133e-006, 0, -0, 0, 0, 0, 0, 0, 0.226008008, 0.127578906, 0.14877666, -0.512317145, 0.85746948, 0.0474130606, -0.858764648, -0.511352539, -0.0285644531, -0.000180428525, -0.0554750664, 0.998528854, 0, 0, -0, 0, 0, 0, 0, 0.26951123, 0.111074561, 0.150056055, -0.547487786, 0.707598211, -0.446512428, 0.564941406, -0.0810546875, -0.821044922, -0.617250042, -0.701730586, -0.355260035, 0, 2, 5, 1, 
388.114262, 46, 0.1, 0.1, 0.00370345579, 0.361749877, -0.0199645126, 0.997395942, 2.94890202e-005, 0.0721202789, 0.0721202797, -2.66825978e-005, -0.997395942, -2.74878727e-005, 0.999999999, -2.87398712e-005, 0.997395936, 1.13584658e-005, 0.0721203652, 0.0721203654, -1.47832453e-005, -0.997395936, -1.02627146e-005, 1, -1.55639255e-005, 0, -0, 0, 0, 0, 0, 0, 0.226008008, 0.127578906, 0.14877666, -0.512317145, 0.85746948, 0.0474130606, -0.858764648, -0.511352539, -0.0285644531, -0.000180428525, -0.0554750664, 0.998528854, 0, 0, -0, 0, 0, 0, 0, 0.26951123, 0.111074561, 0.150056055, -0.547487786, 0.707598211, -0.446512428, 0.564941406, -0.0810546875, -0.821044922, -0.617250042, -0.701730586, -0.355260035, 0, 2, 5, 1, 
388.114969, 46, 0.1, 0.1, 0.00370345726, 0.361749875, -0.019961289, 0.997395956, -3.12847066e-005, 0.0721200849, 0.072120086, 3.3303409e-005, -0.997395956, 2.88013951e-005, 0.999999999, 3.54729412e-005, 0.997395953, -3.06526147e-005, 0.0721201209, 0.0721201219, 3.2582989e-005, -0.997395953, 2.82229048e-005, 0.999999999, 3.47088116e-005, 0, -0, 0, 0, 0, 0, 0, 0.226008008, 0.127578906, 0.14877666, -0.512317145, 0.85746948, 0.0474130606, -0.858764648, -0.511352539, -0.0285644531, -0.000180428525, -0.0554750664, 0.998528854, 0, 0, -0, 0, 0, 0, 0, 0.26951123, 0.111074561, 0.150056055, -0.547487786, 0.707598211, -0.446512428, 0.564941406, -0.0810546875, -0.821044922, -0.617250042, -0.701730586, -0.355260035, 0, 2, 5, 1, 
388.115737, 46, 0.1, 0.1, 0.00370345641, 0.361749876, -0.0199603907, 0.99739597, -4.62537656e-006, 0.0721198997, 0.0721198997, 3.27347424e-006, -0.99739597, 4.37724931e-006, 1, 3.59853171e-006, 0.997395966, 1.48650763e-005, 0.0721199422, 0.0721199424, -1.14622245e-005, -0.997395966, -1.39997121e-005, 1, -1.2504445e-005, 0, -0, 0, 0, 0, 0, 0, 0.226008008, 0.127578906, 0.14877666, -0.511923242, 0.857859635, 0.0425139796, -0.859008789, -0.511230469, -0.0245361328, 0.000745918862, -0.0491100803, 0.998810425, 0, 0, -0, 0, 0, 0, 0, 0.26951123, 0.111074561, 0.150056055, -0.547487786, 0.707598211, -0.446512428, 0.564941406, -0.0810546875, -0.821044922, -0.617250042, -0.701730586, -0.355260035, 0, 2, 5, 1, 
388.11646, 46, 0.1, 0.1, 0.00370345773, 0.361749876, -0.019961389, 0.997395981, -1.63217629e-005, 0.072119737, 0.0721197372, 7.50360078e-006, -0.997395981, 1.5738103e-005, 1, 8.66118251e-006, 0.997395979, -1.46310808e-005, 0.0721197666, 0.0721197667, 6.594078e-006, -0.997395979, 1.41174178e-005, 1, 7.63209702e-006, 0, -0, 0, 0, 0, 0, 0, 0.226254199, 0.126948486, 0.147187695, -0.511923242, 0.857859635, 0.0425139796, -0.859008789, -0.511230469, -0.0245361328, 0.000745918862, -0.0491100803, 0.998810425, 0, 0, -0, 0, 0, 0, 0, 0.269857031, 0.110566553, 0.148716455, -0.545468802, 0.706773919, -0.450345874, 0.56640625, -0.0850830078, -0.819580078, -0.617774295, -0.702062708, -0.353821805, 0, 2, 5, 1, 
388.117165, 46, 0.1, 0.1, 0.0037034549, 0.361749875, -0.0199646368, 0.99739598, 8.56160199e-006, 0.0721197517, 0.0721197516, 2.96247946e-006, -0.99739598, -8.7529607e-006, 1, 2.33730449e-006, 0.997395982, 2.20660841e-005, 0.0721197308, 0.0721197305, 1.39857061e-005, -0.997395982, -2.30172689e-005, 1, 1.2357887e-005, 0, -0, 0, 0, 0, 0, 0, 0.226254199, 0.126948486, 0.147187695, -0.511923242, 0.857859635, 0.0425139796, -0.859008789, -0.511230469, -0.0245361328, 0.000745918862, -0.0491100803, 0.998810425, 0, 0, -0, 0, 0, 0, 0, 0.269857031, 0.110566553, 0.148716455, -0.545468802, 0.706773919, -0.450345874, 0.56640625, -0.0850830078, -0.819580078, -0.617774295, -0.702062708, -0.353821805, 0, 2, 5, 1, 
388.117892, 46, 0.1, 0.1, 0.00370345872, 0.361749879, -0.0199690665, 0.997395974, -2.51237426e-006, 0.0721198376, 0.0721198376, 8.70327978e-006, -0.997395974, 1.87815285e-006, 1, 8.86180824e-006, 0.997395975, -2.17818703e-005, 0.072119826, 0.0721198257, -1.58732193e-005, -0.997395975, 2.28699236e-005, 1, -1.42609803e-005, 0, -0, 0, 0, 0, 0, 0, 0.226254199, 0.126948486, 0.147187695, -0.511923242, 0.857859635, 0.0425139796, -0.859008789, -0.511230469, -0.0245361328, 0.000745918862, -0.0491100803, 0.998810425, 0, 0, -0, 0, 0, 0, 0, 0.269857031, 0.110566553, 0.148716455, -0.545468802, 0.706773919, -0.450345874, 0.56640625, -0.0850830078, -0.819580078, -0.617774295, -0.702062708, -0.353821805, 0, 2, 5, 1, 
388.118639, 46, 0.1, 0.1, 0.00370344969, 0.361749877, -0.0199726523, 0.997395997, 3.53930519e-005, 0.0721195182, 0.0721195185, -7.17866324e-006, -0.997395997, -3.47831666e-005, 0.999999999, -9.71249984e-006, 0.997395989, 4.86378399e-005, 0.0721196087, 0.0721196087, 8.91758496e-007, -0.997395991, -4.85754997e-005, 0.999999999, -2.61830563e-006, 0, -0, 0, 0, 0, 0, 0, 0.226254199, 0.126948486, 0.147187695, -0.511923242, 0.857859635, 0.0425139796, -0.859008789, -0.511230469, -0.0245361328, 0.000745918862, -0.0491100803, 0.998810425, 0, 0, -0, 0, 0, 0, 0, 0.269857031, 0.110566553, 0.148716455, -0.545468802, 0.706773919, -0.450345874, 0.56640625, -0.0850830078, -0.819580078, -0.617774295, -0.702062708, -0.353821805, 0, 2, 5, 1, 
