time, trialNum, realDorsalTactorPos, realVentralTactorPos, boxPosX, boxPosY, boxPosZ, boxLocalRot_11, boxLocalRot_12, boxLocalRot_13, boxLocalRot_21, boxLocalRot_22, boxLocalRot_23, boxLocalRot_31, boxLocalRot_32, boxLocalRot_33, boxGlobalRot_11, boxGlobalRot_12, boxGlobalRot_13, boxGlobalRot_21, boxGlobalRot_22, boxGlobalRot_23, boxGlobalRot_31, boxGlobalRot_32, boxGlobalRot_33, indexForceX, indexForceY, indexForceZ, indexForceGlobalX, indexForceGlobalY, indexForceGlobalZ, indexContact, indexPosX, indexPosY, indexPosZ, indexRot_11, indexRot_12, indexRot_13, indexRot_21, indexRot_22, indexRot_23, indexRot_31, indexRot_32, indexRot_33, thumbForceX, thumbForceY, thumbForceZ, thumbForceGlobalX, thumbForceGlobalY, thumbForceGlobalZ, thumbContact, thumbPosX, thumbPosY, thumbPosZ, thumbRot_11, thumbRot_12, thumbRot_13, thumbRot_21, thumbRot_22, thumbRot_23, thumbRot_31, thumbRot_32, thumbRot_33, manipForceTooHigh, cceExpType, mapping, trialSuccess, 
436.063788, 55, 0.1, 0.1, -0.00474726617, 0.355553988, -0.0459082744, 0.87080891, -0.452099128, 0.193127474, 0.491621646, 0.800802715, -0.342086493, -1.48427104e-012, 0.392837612, 0.919607857, 0.87080891, -0.45203456, 0.193278555, 0.491621646, 0.800688344, -0.342354103, -1.45816692e-012, 0.393144925, 0.919476519, 0, 0, 0, 0, 0, 0, 0, 0.289541919, -0.0571429199, -0.205076367, -0.234397885, 0.756687405, -0.610173376, -0.901123047, 0.06640625, 0.428466797, 0.364767196, 0.650377423, 0.666400786, 0, 0, -0, 0, 0, 0, 0, 0.353537109, -0.014045459, -0.165011377, 0.0777421567, 0.534165653, -0.841762012, 0.373779297, -0.798217773, -0.472045898, -0.924182595, -0.277839841, -0.261662716, 0, 2, 5, 1, 
436.08838, 55, 0.1, 0.1, -0.00451379529, 0.355140441, -0.0446275177, 0.87080891, -0.463488407, 0.16392175, 0.491621646, 0.820976532, -0.290354424, -5.28493915e-013, 0.3334307, 0.942774612, 0.87080891, -0.463433218, 0.164077712, 0.491621646, 0.820878776, -0.29063068, -5.28660449e-013, 0.33374794, 0.942662353, 0, 0, 0, 0, 0, 0, 0, 0.295373145, -0.0679098145, -0.200510767, -0.26346473, 0.755451773, -0.599757029, -0.899536133, 0.0319824219, 0.435546875, 0.348236711, 0.654280886, 0.671301371, 0, 0, -0, 0, 0, 0, 0, 0.358184424, -0.0237727539, -0.16108335, 0.056856718, 0.533335862, -0.843838232, 0.402709961, -0.785644531, -0.469482422, -0.913489758, -0.313154213, -0.259426082, 0, 2, 5, 1, 
436.089059, 55, 0.1, 0.1, -0.00450777063, 0.35512977, -0.0445904828, 0.87080891, -0.463768657, 0.163127177, 0.491621646, 0.821472938, -0.288946999, -5.14838172e-013, 0.331814473, 0.943344664, 0.87080891, -0.463712686, 0.163286213, 0.491621646, 0.821373798, -0.2892287, -5.19348453e-013, 0.332137966, 0.943230816, 0, 0, 0, 0, 0, 0, 0, 0.295373145, -0.0679098145, -0.200510767, -0.26346473, 0.755451773, -0.599757029, -0.899536133, 0.0319824219, 0.435546875, 0.348236711, 0.654280886, 0.671301371, 0, 0, -0, 0, 0, 0, 0, 0.358184424, -0.0237727539, -0.16108335, 0.056856718, 0.533335862, -0.843838232, 0.402709961, -0.785644531, -0.469482422, -0.913489758, -0.313154213, -0.259426082, 0, 2, 5, 1, 
436.089767, 55, 0.1, 0.1, -0.00450150002, 0.355118663, -0.0445521363, 0.87080891, -0.464062026, 0.162290723, 0.491621646, 0.821992583, -0.287465389, -4.83307838e-013, 0.330113054, 0.943941402, 0.87080891, -0.464006711, 0.162448807, 0.491621646, 0.821894604, -0.287745402, -4.9013571e-013, 0.33043461, 0.943828887, 0, 0, 0, 0, 0, 0, 0, 0.296096924, -0.0697338379, -0.199594116, -0.26661371, 0.754640002, -0.599318942, -0.899658203, 0.0280761719, 0.435424805, 0.34552207, 0.655398194, 0.671726353, 0, 0, -0, 0, 0, 0, 0, 0.358808496, -0.0252152344, -0.160009131, 0.0555471866, 0.533188208, -0.844074839, 0.407226562, -0.783935547, -0.468383789, -0.911540769, -0.31758847, -0.260678377, 0, 2, 5, 1, 
436.090447, 55, 0.1, 0.1, -0.0044954743, 0.355107989, -0.044515406, 0.87080891, -0.464344852, 0.161479725, 0.491621646, 0.822493552, -0.286028869, -4.41410797e-013, 0.328463416, 0.944516693, 0.87080891, -0.464289013, 0.161640204, 0.491621646, 0.822394645, -0.286313124, -4.50514626e-013, 0.328789843, 0.944403113, 0, 0, 0, 0, 0, 0, 0, 0.296096924, -0.0697338379, -0.199594116, -0.26661371, 0.754640002, -0.599318942, -0.899658203, 0.0280761719, 0.435424805, 0.34552207, 0.655398194, 0.671726353, 0, 0, -0, 0, 0, 0, 0, 0.358808496, -0.0252152344, -0.160009131, 0.0555471866, 0.533188208, -0.844074839, 0.407226562, -0.783935547, -0.468383789, -0.911540769, -0.31758847, -0.260678377, 0, 2, 5, 1, 
436.091128, 55, 0.1, 0.1, -0.00448943984, 0.355097301, -0.0444786975, 0.87080891, -0.464628239, 0.16066251, 0.491621646, 0.822995516, -0.284581337, -3.9421244e-013, 0.326801131, 0.945093128, 0.87080891, -0.464571973, 0.160825139, 0.491621646, 0.822895851, -0.284869401, -4.03579947e-013, 0.327131932, 0.944978677, 0, 0, 0, 0, 0, 0, 0, 0.296096924, -0.0697338379, -0.199594116, -0.26661371, 0.754640002, -0.599318942, -0.899658203, 0.0280761719, 0.435424805, 0.34552207, 0.655398194, 0.671726353, 0, 0, -0, 0, 0, 0, 0, 0.358808496, -0.0252152344, -0.160009131, 0.0555471866, 0.533188208, -0.844074839, 0.407226562, -0.783935547, -0.468383789, -0.911540769, -0.31758847, -0.260678377, 0, 2, 5, 1, 
436.091809, 55, 0.1, 0.1, -0.00448340952, 0.355086619, -0.0444418332, 0.87080891, -0.464910424, 0.159844114, 0.491621646, 0.823495349, -0.283131713, -3.51066398e-013, 0.325136445, 0.945667115, 0.87080891, -0.464854492, 0.160006702, 0.491621646, 0.823396277, -0.283419704, -3.58948982e-013, 0.325467162, 0.945553344, 0, 0, 0, 0, 0, 0, 0, 0.296096924, -0.0697338379, -0.199594116, -0.26661371, 0.754640002, -0.599318942, -0.899658203, 0.0280761719, 0.435424805, 0.34552207, 0.655398194, 0.671726353, 0, 0, -0, 0, 0, 0, 0, 0.358808496, -0.0252152344, -0.160009131, 0.0555471866, 0.533188208, -0.844074839, 0.407226562, -0.783935547, -0.468383789, -0.911540769, -0.31758847, -0.260678377, 0, 2, 5, 1, 
436.092494, 55, 0.1, 0.1, -0.00447733813, 0.355075865, -0.0444042456, 0.87080891, -0.465192506, 0.159021304, 0.491621646, 0.823995001, -0.28167427, -3.20007909e-013, 0.32346278, 0.946240894, 0.87080891, -0.465136492, 0.15918507, 0.491621646, 0.823895784, -0.281964348, -3.25114935e-013, 0.323795892, 0.946126958, 0, 0, 0, 0, 0, 0, 0, 0.296096924, -0.0697338379, -0.199594116, -0.26661371, 0.754640002, -0.599318942, -0.899658203, 0.0280761719, 0.435424805, 0.34552207, 0.655398194, 0.671726353, 0, 0, -0, 0, 0, 0, 0, 0.358808496, -0.0252152344, -0.160009131, 0.0555471866, 0.533188208, -0.844074839, 0.407226562, -0.783935547, -0.468383789, -0.911540769, -0.31758847, -0.260678377, 0, 2, 5, 1, 
436.093178, 55, 0.1, 0.1, -0.00447127083, 0.355065118, -0.04436606, 0.87080891, -0.46547196, 0.158201447, 0.491621646, 0.824489997, -0.280222058, -3.03479464e-013, 0.32179512, 0.946809326, 0.87080891, -0.465417015, 0.158363017, 0.491621646, 0.824392673, -0.280508248, -3.05713788e-013, 0.322123769, 0.946697564, 0, 0, 0, 0, 0, 0, 0, 0.296096924, -0.0697338379, -0.199594116, -0.26661371, 0.754640002, -0.599318942, -0.899658203, 0.0280761719, 0.435424805, 0.34552207, 0.655398194, 0.671726353, 0, 0, -0, 0, 0, 0, 0, 0.358808496, -0.0252152344, -0.160009131, 0.0555471866, 0.533188208, -0.844074839, 0.407226562, -0.783935547, -0.468383789, -0.911540769, -0.31758847, -0.260678377, 0, 2, 5, 1, 
436.093859, 55, 0.1, 0.1, -0.00446524141, 0.355054438, -0.0443275079, 0.87080891, -0.465747462, 0.157388516, 0.491621646, 0.824977994, -0.278782114, -2.99621439e-013, 0.32014155, 0.947369721, 0.87080891, -0.465693185, 0.157549041, 0.491621646, 0.824881853, -0.279066452, -2.99690828e-013, 0.320468072, 0.947259318, 0, 0, 0, 0, 0, 0, 0, 0.296096924, -0.0697338379, -0.199594116, -0.26661371, 0.754640002, -0.599318942, -0.899658203, 0.0280761719, 0.435424805, 0.34552207, 0.655398194, 0.671726353, 0, 0, -0, 0, 0, 0, 0, 0.358808496, -0.0252152344, -0.160009131, 0.0555471866, 0.533188208, -0.844074839, 0.407226562, -0.783935547, -0.468383789, -0.911540769, -0.31758847, -0.260678377, 0, 2, 5, 1, 
436.094567, 55, 0.1, 0.1, -0.00445896439, 0.355043319, -0.0442867037, 0.87080891, -0.466032329, 0.156543001, 0.491621646, 0.825482579, -0.277284454, -3.04326009e-013, 0.3184217, 0.947949166, 0.87080891, -0.46597745, 0.156706282, 0.491621646, 0.825385372, -0.277573673, -3.02799452e-013, 0.318753828, 0.947837537, 0, 0, 0, 0, 0, 0, 0, 0.297094116, -0.0720294922, -0.19874314, -0.268779054, 0.753301778, -0.600118731, -0.900024414, 0.0252685547, 0.434814453, 0.342775228, 0.657093251, 0.671358659, 0, 0, -0, 0, 0, 0, 0, 0.359414014, -0.0270971191, -0.159369434, 0.0541928126, 0.532804314, -0.844400764, 0.41027832, -0.782836914, -0.467651367, -0.91033295, -0.320942872, -0.261080861, 0, 2, 5, 1, 
436.095247, 55, 0.1, 0.1, -0.0044529399, 0.355032648, -0.0442471009, 0.87080891, -0.466304795, 0.155729514, 0.491621646, 0.825965197, -0.275843526, -3.11112247e-013, 0.316767, 0.948503383, 0.87080891, -0.466251117, 0.155890151, 0.491621646, 0.825870117, -0.276128062, -3.1015468e-013, 0.317093749, 0.948394198, 0, 0, 0, 0, 0, 0, 0, 0.297094116, -0.0720294922, -0.19874314, -0.268779054, 0.753301778, -0.600118731, -0.900024414, 0.0252685547, 0.434814453, 0.342775228, 0.657093251, 0.671358659, 0, 0, -0, 0, 0, 0, 0, 0.359414014, -0.0270971191, -0.159369434, 0.0541928126, 0.532804314, -0.844400764, 0.41027832, -0.782836914, -0.467651367, -0.91033295, -0.320942872, -0.261080861, 0, 2, 5, 1, 
436.095939, 55, 0.1, 0.1, -0.00444682709, 0.355021821, -0.0442068652, 0.87080891, -0.466581453, 0.154898646, 0.491621646, 0.826455242, -0.274371809, -3.12805337e-013, 0.315076943, 0.94906613, 0.87080891, -0.466522432, 0.155076314, 0.491621646, 0.826350698, -0.274686514, -3.12846971e-013, 0.315438336, 0.948946077, 0, 0, 0, 0, 0, 0, 0, 0.297094116, -0.0720294922, -0.19874314, -0.268779054, 0.753301778, -0.600118731, -0.900024414, 0.0252685547, 0.434814453, 0.342775228, 0.657093251, 0.671358659, 0, 0, -0, 0, 0, 0, 0, 0.359414014, -0.0270971191, -0.159369434, 0.0541928126, 0.532804314, -0.844400764, 0.41027832, -0.782836914, -0.467651367, -0.91033295, -0.320942872, -0.261080861, 0, 2, 5, 1, 
436.096621, 55, 0.1, 0.1, -0.00444077504, 0.355011101, -0.0441670022, 0.87080891, -0.466855744, 0.154069974, 0.491621646, 0.826941093, -0.272903985, -3.07531778e-013, 0.313391356, 0.949624061, 0.87080891, -0.466801326, 0.154234774, 0.491621646, 0.826844702, -0.273195894, -3.09363646e-013, 0.313726572, 0.949513369, 0, 0, 0, 0, 0, 0, 0, 0.297094116, -0.0720294922, -0.19874314, -0.268779054, 0.753301778, -0.600118731, -0.900024414, 0.0252685547, 0.434814453, 0.342775228, 0.657093251, 0.671358659, 0, 0, -0, 0, 0, 0, 0, 0.359414014, -0.0270971191, -0.159369434, 0.0541928126, 0.532804314, -0.844400764, 0.41027832, -0.782836914, -0.467651367, -0.91033295, -0.320942872, -0.261080861, 0, 2, 5, 1, 
436.097299, 55, 0.1, 0.1, -0.00443476581, 0.355000457, -0.0441276019, 0.87080891, -0.467128747, 0.153240257, 0.491621646, 0.827424664, -0.271434307, -2.93584601e-013, 0.31170364, 0.950179373, 0.87080891, -0.467073859, 0.153407475, 0.491621646, 0.827327439, -0.271730501, -2.97054048e-013, 0.312043776, 0.950067725, 0, 0, 0, 0, 0, 0, 0, 0.297094116, -0.0720294922, -0.19874314, -0.268779054, 0.753301778, -0.600118731, -0.900024414, 0.0252685547, 0.434814453, 0.342775228, 0.657093251, 0.671358659, 0, 0, -0, 0, 0, 0, 0, 0.359414014, -0.0270971191, -0.159369434, 0.0541928126, 0.532804314, -0.844400764, 0.41027832, -0.782836914, -0.467651367, -0.91033295, -0.320942872, -0.261080861, 0, 2, 5, 1, 
436.097979, 55, 0.1, 0.1, -0.00442873935, 0.354989782, -0.0440881993, 0.87080891, -0.46740268, 0.152402684, 0.491621646, 0.827909879, -0.269950715, -2.73059353e-013, 0.309999946, 0.950736574, 0.87080891, -0.467348127, 0.15256989, 0.491621646, 0.82781325, -0.270246887, -2.77486367e-013, 0.310340057, 0.950625609, 0, 0, 0, 0, 0, 0, 0, 0.297094116, -0.0720294922, -0.19874314, -0.268779054, 0.753301778, -0.600118731, -0.900024414, 0.0252685547, 0.434814453, 0.342775228, 0.657093251, 0.671358659, 0, 0, -0, 0, 0, 0, 0, 0.359414014, -0.0270971191, -0.159369434, 0.0541928126, 0.532804314, -0.844400764, 0.41027832, -0.782836914, -0.467651367, -0.91033295, -0.320942872, -0.261080861, 0, 2, 5, 1, 
436.098657, 55, 0.1, 0.1, -0.00442273013, 0.354979138, -0.0440488624, 0.87080891, -0.467675203, 0.151564335, 0.491621646, 0.828392599, -0.268465749, -2.49855692e-013, 0.308294674, 0.951290909, 0.87080891, -0.467621257, 0.151730691, 0.491621646, 0.828297046, -0.268760414, -2.54588017e-013, 0.308633055, 0.95118118, 0, 0, 0, 0, 0, 0, 0, 0.297094116, -0.0720294922, -0.19874314, -0.268779054, 0.753301778, -0.600118731, -0.900024414, 0.0252685547, 0.434814453, 0.342775228, 0.657093251, 0.671358659, 0, 0, -0, 0, 0, 0, 0, 0.359414014, -0.0270971191, -0.159369434, 0.0541928126, 0.532804314, -0.844400764, 0.41027832, -0.782836914, -0.467651367, -0.91033295, -0.320942872, -0.261080861, 0, 2, 5, 1, 
436.099364, 55, 0.1, 0.1, -0.00441645629, 0.354968025, -0.0440074023, 0.87080891, -0.467957997, 0.150688938, 0.491621646, 0.828893512, -0.26691516, -2.28136954e-013, 0.306514043, 0.951866136, 0.87080891, -0.467903713, 0.150857411, 0.491621646, 0.828797359, -0.267213575, -2.31745179e-013, 0.306856731, 0.951755718, 0, 0, 0, 0, 0, 0, 0, 0.298043213, -0.074106665, -0.197877271, -0.271864754, 0.751862082, -0.600639193, -0.900390625, 0.0216064453, 0.434448242, 0.339679789, 0.658927971, 0.671193908, 0, 0, -0, 0, 0, 0, 0, 0.359979736, -0.029017334, -0.158734375, 0.0522186707, 0.531973092, -0.845058811, 0.413085937, -0.781860352, -0.466674805, -0.909067528, -0.324712518, -0.260659054, 0, 2, 5, 1, 
436.100049, 55, 0.1, 0.1, -0.00441037266, 0.354957249, -0.0439666774, 0.87080891, -0.468230118, 0.149841248, 0.491621646, 0.82937552, -0.265413647, -2.12774243e-013, 0.30478977, 0.952419653, 0.87080891, -0.468176699, 0.15000807, 0.491621646, 0.8292809, -0.265709138, -2.15411022e-013, 0.305129099, 0.952310996, 0, 0, 0, 0, 0, 0, 0, 0.298043213, -0.074106665, -0.197877271, -0.271864754, 0.751862082, -0.600639193, -0.900390625, 0.0216064453, 0.434448242, 0.339679789, 0.658927971, 0.671193908, 0, 0, -0, 0, 0, 0, 0, 0.359979736, -0.029017334, -0.158734375, 0.0522186707, 0.531973092, -0.845058811, 0.413085937, -0.781860352, -0.466674805, -0.909067528, -0.324712518, -0.260659054, 0, 2, 5, 1, 
436.10073, 55, 0.1, 0.1, -0.00440432577, 0.354946538, -0.0439257924, 0.87080891, -0.468498793, 0.148999073, 0.491621646, 0.829851424, -0.263921903, -2.02324268e-013, 0.303076715, 0.952966162, 0.87080891, -0.468445025, 0.14916803, 0.491621646, 0.829756185, -0.264221176, -2.04156136e-013, 0.303420387, 0.952856793, 0, 0, 0, 0, 0, 0, 0, 0.298043213, -0.074106665, -0.197877271, -0.271864754, 0.751862082, -0.600639193, -0.900390625, 0.0216064453, 0.434448242, 0.339679789, 0.658927971, 0.671193908, 0, 0, -0, 0, 0, 0, 0, 0.359979736, -0.029017334, -0.158734375, 0.0522186707, 0.531973092, -0.845058811, 0.413085937, -0.781860352, -0.466674805, -0.909067528, -0.324712518, -0.260659054, 0, 2, 5, 1, 
436.10141, 55, 0.1, 0.1, -0.00439828121, 0.354935831, -0.0438845774, 0.87080891, -0.468765844, 0.148156764, 0.491621646, 0.830324451, -0.262429922, -1.9591273e-013, 0.301363386, 0.953509365, 0.87080891, -0.468712855, 0.148324316, 0.491621646, 0.830230591, -0.262726707, -1.96995198e-013, 0.301704202, 0.953401581, 0, 0, 0, 0, 0, 0, 0, 0.298043213, -0.074106665, -0.197877271, -0.271864754, 0.751862082, -0.600639193, -0.900390625, 0.0216064453, 0.434448242, 0.339679789, 0.658927971, 0.671193908, 0, 0, -0, 0, 0, 0, 0, 0.359979736, -0.029017334, -0.158734375, 0.0522186707, 0.531973092, -0.845058811, 0.413085937, -0.781860352, -0.466674805, -0.909067528, -0.324712518, -0.260659054, 0, 2, 5, 1, 
436.102102, 55, 0.1, 0.1, -0.00439212635, 0.354924929, -0.0438422714, 0.87080891, -0.46903645, 0.147297834, 0.491621646, 0.830803775, -0.2609085, -1.91832661e-013, 0.29961625, 0.9540598, 0.87080891, -0.468983593, 0.147466037, 0.491621646, 0.83071015, -0.261206437, -1.92457161e-013, 0.299958389, 0.953952287, 0, 0, 0, 0, 0, 0, 0, 0.298043213, -0.074106665, -0.197877271, -0.271864754, 0.751862082, -0.600639193, -0.900390625, 0.0216064453, 0.434448242, 0.339679789, 0.658927971, 0.671193908, 0, 0, -0, 0, 0, 0, 0, 0.360750391, -0.0309175293, -0.15831084, 0.0500144855, 0.531359155, -0.845620977, 0.415771484, -0.780761719, -0.466064453, -0.907949027, -0.328213842, -0.259981684, 0, 2, 5, 1, 
436.10278, 55, 0.1, 0.1, -0.00438609744, 0.35491425, -0.0438006265, 0.87080891, -0.469300667, 0.14645384, 0.491621646, 0.831271782, -0.259413534, -1.89501193e-013, 0.297899494, 0.95459724, 0.87080891, -0.469248043, 0.146622364, 0.491621646, 0.831178569, -0.25971204, -1.89973037e-013, 0.298242286, 0.954490198, 0, 0, 0, 0, 0, 0, 0, 0.298043213, -0.074106665, -0.197877271, -0.271864754, 0.751862082, -0.600639193, -0.900390625, 0.0216064453, 0.434448242, 0.339679789, 0.658927971, 0.671193908, 0, 0, -0, 0, 0, 0, 0, 0.360750391, -0.0309175293, -0.15831084, 0.0500144855, 0.531359155, -0.845620977, 0.415771484, -0.780761719, -0.466064453, -0.907949027, -0.328213842, -0.259981684, 0, 2, 5, 1, 
436.103463, 55, 0.1, 0.1, -0.00438002018, 0.354903486, -0.0437585421, 0.87080891, -0.469566435, 0.145599471, 0.491621646, 0.831742537, -0.257900191, -1.86281546e-013, 0.296161636, 0.955137836, 0.87080891, -0.469513389, 0.145770436, 0.491621646, 0.831648577, -0.258203022, -1.87058702e-013, 0.296509394, 0.955029936, 0, 0, 0, 0, 0, 0, 0, 0.298043213, -0.074106665, -0.197877271, -0.271864754, 0.751862082, -0.600639193, -0.900390625, 0.0216064453, 0.434448242, 0.339679789, 0.658927971, 0.671193908, 0, 0, -0, 0, 0, 0, 0, 0.360750391, -0.0309175293, -0.15831084, 0.0500144855, 0.531359155, -0.845620977, 0.415771484, -0.780761719, -0.466064453, -0.907949027, -0.328213842, -0.259981684, 0, 2, 5, 1, 
436.104156, 55, 0.1, 0.1, -0.00437384793, 0.354892553, -0.0437156795, 0.87080891, -0.46983573, 0.144728123, 0.491621646, 0.832219539, -0.256356774, -1.81812898e-013, 0.294389241, 0.955685604, 0.87080891, -0.469783405, 0.144897878, 0.491621646, 0.832126857, -0.256657459, -1.82825977e-013, 0.294734536, 0.955579172, 0, 0, 0, 0, 0, 0, 0, 0.299199927, -0.0761804199, -0.197216333, -0.275273964, 0.750504761, -0.600797952, -0.900268555, 0.0177001953, 0.434692383, 0.336882773, 0.660502461, 0.670971869, 0, 0, -0, 0, 0, 0, 0, 0.360750391, -0.0309175293, -0.15831084, 0.0500144855, 0.531359155, -0.845620977, 0.415771484, -0.780761719, -0.466064453, -0.907949027, -0.328213842, -0.259981684, 0, 2, 5, 1, 
436.104833, 55, 0.1, 0.1, -0.00436782664, 0.354881887, -0.0436737477, 0.87080891, -0.470097739, 0.143874802, 0.491621646, 0.832683636, -0.254845287, -1.7622015e-013, 0.292653513, 0.956218553, 0.87080891, -0.470045777, 0.144044473, 0.491621646, 0.832591596, -0.255145824, -1.77524662e-013, 0.292998638, 0.956112859, 0, 0, 0, 0, 0, 0, 0, 0.299199927, -0.0761804199, -0.197216333, -0.275273964, 0.750504761, -0.600797952, -0.900268555, 0.0177001953, 0.434692383, 0.336882773, 0.660502461, 0.670971869, 0, 0, -0, 0, 0, 0, 0, 0.360750391, -0.0309175293, -0.15831084, 0.0500144855, 0.531359155, -0.845620977, 0.415771484, -0.780761719, -0.466064453, -0.907949027, -0.328213842, -0.259981684, 0, 2, 5, 1, 
436.105506, 55, 0.1, 0.1, -0.00436181064, 0.354871231, -0.0436318253, 0.87080891, -0.470358822, 0.143018957, 0.491621646, 0.83314609, -0.253329329, -1.68420833e-013, 0.290912652, 0.956749617, 0.87080891, -0.470307241, 0.143188485, 0.491621646, 0.833054726, -0.253629614, -1.70252701e-013, 0.291257487, 0.956644697, 0, 0, 0, 0, 0, 0, 0, 0.299199927, -0.0761804199, -0.197216333, -0.275273964, 0.750504761, -0.600797952, -0.900268555, 0.0177001953, 0.434692383, 0.336882773, 0.660502461, 0.670971869, 0, 0, -0, 0, 0, 0, 0, 0.360750391, -0.0309175293, -0.15831084, 0.0500144855, 0.531359155, -0.845620977, 0.415771484, -0.780761719, -0.466064453, -0.907949027, -0.328213842, -0.259981684, 0, 2, 5, 1, 
436.106187, 55, 0.1, 0.1, -0.00435574059, 0.354860479, -0.0435893777, 0.87080891, -0.470621103, 0.142153509, 0.491621646, 0.83361067, -0.251796363, -1.58248414e-013, 0.289152259, 0.95728312, 0.87080891, -0.47056906, 0.142325691, 0.491621646, 0.833518487, -0.252101348, -1.60371716e-013, 0.28950249, 0.957177261, 0, 0, 0, 0, 0, 0, 0, 0.299199927, -0.0761804199, -0.197216333, -0.275273964, 0.750504761, -0.600797952, -0.900268555, 0.0177001953, 0.434692383, 0.336882773, 0.660502461, 0.670971869, 0, 0, -0, 0, 0, 0, 0, 0.360750391, -0.0309175293, -0.15831084, 0.0500144855, 0.531359155, -0.845620977, 0.415771484, -0.780761719, -0.466064453, -0.907949027, -0.328213842, -0.259981684, 0, 2, 5, 1, 
436.106893, 55, 0.1, 0.1, -0.00434943778, 0.354849315, -0.0435448369, 0.87080891, -0.470891524, 0.141255143, 0.491621646, 0.834089666, -0.250205087, -1.48658863e-013, 0.287324905, 0.957833179, 0.87080891, -0.470839867, 0.141427235, 0.491621646, 0.833998166, -0.250509914, -1.50393586e-013, 0.287674955, 0.957728104, 0, 0, 0, 0, 0, 0, 0, 0.300124609, -0.0782589355, -0.196547949, -0.278841934, 0.749045969, -0.600817048, -0.900390625, 0.0135498047, 0.434814453, 0.333863718, 0.662216614, 0.670851302, 0, 0, -0, 0, 0, 0, 0, 0.36135127, -0.0326350098, -0.157469629, 0.0483279895, 0.530681051, -0.846151426, 0.420654297, -0.779052734, -0.464599609, -0.905916917, -0.333440307, -0.260773892, 0, 2, 5, 1, 
436.107574, 55, 0.1, 0.1, -0.00434335349, 0.354838538, -0.043501498, 0.87080891, -0.471150936, 0.140387459, 0.491621646, 0.834549162, -0.24866816, -1.4008239e-013, 0.285559963, 0.958360844, 0.87080891, -0.471099572, 0.140559723, 0.491621646, 0.834458182, -0.248973291, -1.4177548e-013, 0.285910363, 0.958256367, 0, 0, 0, 0, 0, 0, 0, 0.300124609, -0.0782589355, -0.196547949, -0.278841934, 0.749045969, -0.600817048, -0.900390625, 0.0135498047, 0.434814453, 0.333863718, 0.662216614, 0.670851302, 0, 0, -0, 0, 0, 0, 0, 0.36135127, -0.0326350098, -0.157469629, 0.0483279895, 0.530681051, -0.846151426, 0.420654297, -0.779052734, -0.464599609, -0.905916917, -0.333440307, -0.260773892, 0, 2, 5, 1, 
436.108253, 55, 0.1, 0.1, -0.00433727405, 0.354827769, -0.043457956, 0.87080891, -0.471408787, 0.13951917, 0.491621646, 0.835005893, -0.24713016, -1.31880618e-013, 0.283793789, 0.958885335, 0.87080891, -0.471357769, 0.139691435, 0.491621646, 0.834915525, -0.247435293, -1.33476563e-013, 0.28414419, 0.95878156, 0, 0, 0, 0, 0, 0, 0, 0.300124609, -0.0782589355, -0.196547949, -0.278841934, 0.749045969, -0.600817048, -0.900390625, 0.0135498047, 0.434814453, 0.333863718, 0.662216614, 0.670851302, 0, 0, -0, 0, 0, 0, 0, 0.36135127, -0.0326350098, -0.157469629, 0.0483279895, 0.530681051, -0.846151426, 0.420654297, -0.779052734, -0.464599609, -0.905916917, -0.333440307, -0.260773892, 0, 2, 5, 1, 
436.108934, 55, 0.1, 0.1, -0.00433117999, 0.354816975, -0.0434141063, 0.87080891, -0.471666032, 0.138647023, 0.491621646, 0.835461551, -0.245585328, -1.24927846e-013, 0.282019769, 0.959408594, 0.87080891, -0.471613753, 0.138824747, 0.491621646, 0.83536895, -0.24590013, -1.2621848e-013, 0.282381275, 0.959302254, 0, 0, 0, 0, 0, 0, 0, 0.300124609, -0.0782589355, -0.196547949, -0.278841934, 0.749045969, -0.600817048, -0.900390625, 0.0135498047, 0.434814453, 0.333863718, 0.662216614, 0.670851302, 0, 0, -0, 0, 0, 0, 0, 0.36135127, -0.0326350098, -0.157469629, 0.0483279895, 0.530681051, -0.846151426, 0.420654297, -0.779052734, -0.464599609, -0.905916917, -0.333440307, -0.260773892, 0, 2, 5, 1, 
436.109623, 55, 0.1, 0.1, -0.00432500535, 0.354806038, -0.0433693923, 0.87080891, -0.47192535, 0.137761775, 0.491621646, 0.835920881, -0.244017289, -1.19834698e-013, 0.2802191, 0.959936069, 0.87080891, -0.471874892, 0.137934512, 0.491621646, 0.835831504, -0.244323257, -1.20722876e-013, 0.280570461, 0.959833432, 0, 0, 0, 0, 0, 0, 0, 0.300124609, -0.0782589355, -0.196547949, -0.278841934, 0.749045969, -0.600817048, -0.900390625, 0.0135498047, 0.434814453, 0.333863718, 0.662216614, 0.670851302, 0, 0, -0, 0, 0, 0, 0, 0.36135127, -0.0326350098, -0.157469629, 0.0483279895, 0.530681051, -0.846151426, 0.420654297, -0.779052734, -0.464599609, -0.905916917, -0.333440307, -0.260773892, 0, 2, 5, 1, 
436.110303, 55, 0.1, 0.1, -0.00431891059, 0.354795242, -0.0433250857, 0.87080891, -0.472180251, 0.136885548, 0.491621646, 0.836372387, -0.242465229, -1.16087695e-013, 0.278436781, 0.960454559, 0.87080891, -0.472130143, 0.137058277, 0.491621646, 0.83628363, -0.242771183, -1.1680934e-013, 0.278788125, 0.960352634, 0, 0, 0, 0, 0, 0, 0, 0.300124609, -0.0782589355, -0.196547949, -0.278841934, 0.749045969, -0.600817048, -0.900390625, 0.0135498047, 0.434814453, 0.333863718, 0.662216614, 0.670851302, 0, 0, -0, 0, 0, 0, 0, 0.36135127, -0.0326350098, -0.157469629, 0.0483279895, 0.530681051, -0.846151426, 0.420654297, -0.779052734, -0.464599609, -0.905916917, -0.333440307, -0.260773892, 0, 2, 5, 1, 
436.110981, 55, 0.1, 0.1, -0.00431283176, 0.354784475, -0.0432808019, 0.87080891, -0.472433553, 0.136008754, 0.491621646, 0.83682106, -0.240912163, -1.12368448e-013, 0.276653306, 0.960969796, 0.87080891, -0.472382938, 0.136184443, 0.491621646, 0.836731406, -0.241223363, -1.13131726e-013, 0.277010674, 0.960866841, 0, 0, 0, 0, 0, 0, 0, 0.300124609, -0.0782589355, -0.196547949, -0.278841934, 0.749045969, -0.600817048, -0.900390625, 0.0135498047, 0.434814453, 0.333863718, 0.662216614, 0.670851302, 0, 0, -0, 0, 0, 0, 0, 0.36135127, -0.0326350098, -0.157469629, 0.0483279895, 0.530681051, -0.846151426, 0.420654297, -0.779052734, -0.464599609, -0.905916917, -0.333440307, -0.260773892, 0, 2, 5, 1, 
436.111689, 55, 0.1, 0.1, -0.00430646762, 0.354773202, -0.0432340767, 0.87080891, -0.47269723, 0.135089495, 0.491621646, 0.837288111, -0.239283881, -1.09773302e-013, 0.274783456, 0.961506138, 0.87080891, -0.472647203, 0.135264423, 0.491621646, 0.837199499, -0.239593731, -1.10189635e-013, 0.275139274, 0.961404379, 0, 0, 0, 0, 0, 0, 0, 0.301006689, -0.0798848633, -0.195860645, -0.283184604, 0.747707745, -0.600499529, -0.900512695, 0.0079345703, 0.434692383, 0.329855036, 0.663911671, 0.67129538, 0, 0, -0, 0, 0, 0, 0, 0.362383984, -0.0339013672, -0.156618652, 0.0462007298, 0.53033507, -0.846388032, 0.426513672, -0.776611328, -0.463378906, -0.903194676, -0.339491064, -0.262026188, 0, 2, 5, 1, 
436.112379, 55, 0.1, 0.1, -0.0043002574, 0.354762202, -0.0431881907, 0.87080891, -0.472953181, 0.134190655, 0.491621646, 0.837741476, -0.237691767, -1.07580611e-013, 0.27295514, 0.962026763, 0.87080891, -0.472903358, 0.134366131, 0.491621646, 0.837653225, -0.238002587, -1.08066334e-013, 0.273312072, 0.961925419, 0, 0, 0, 0, 0, 0, 0, 0.301006689, -0.0798848633, -0.195860645, -0.283184604, 0.747707745, -0.600499529, -0.900512695, 0.0079345703, 0.434692383, 0.329855036, 0.663911671, 0.67129538, 0, 0, -0, 0, 0, 0, 0, 0.362383984, -0.0339013672, -0.156618652, 0.0462007298, 0.53033507, -0.846388032, 0.426513672, -0.776611328, -0.463378906, -0.903194676, -0.339491064, -0.262026188, 0, 2, 5, 1, 
436.113058, 55, 0.1, 0.1, -0.00429414227, 0.35475137, -0.0431429183, 0.87080891, -0.473204244, 0.133302613, 0.491621646, 0.838186184, -0.23611878, -1.04041775e-013, 0.271148788, 0.962537446, 0.87080891, -0.473154352, 0.133479596, 0.491621646, 0.83809781, -0.236432269, -1.04846687e-013, 0.271508785, 0.962435961, 0, 0, 0, 0, 0, 0, 0, 0.301006689, -0.0798848633, -0.195860645, -0.283184604, 0.747707745, -0.600499529, -0.900512695, 0.0079345703, 0.434692383, 0.329855036, 0.663911671, 0.67129538, 0, 0, -0, 0, 0, 0, 0, 0.362383984, -0.0339013672, -0.156618652, 0.0462007298, 0.53033507, -0.846388032, 0.426513672, -0.776611328, -0.463378906, -0.903194676, -0.339491064, -0.262026188, 0, 2, 5, 1, 
436.113736, 55, 0.1, 0.1, -0.0042880328, 0.354740548, -0.0430976143, 0.87080891, -0.473454045, 0.132412653, 0.491621646, 0.838628656, -0.234542394, -9.91012827e-014, 0.269338533, 0.963045562, 0.87080891, -0.473404559, 0.132589465, 0.491621646, 0.838541003, -0.234855581, -1.00197628e-013, 0.269698183, 0.962944905, 0, 0, 0, 0, 0, 0, 0, 0.301006689, -0.0798848633, -0.195860645, -0.283184604, 0.747707745, -0.600499529, -0.900512695, 0.0079345703, 0.434692383, 0.329855036, 0.663911671, 0.67129538, 0, 0, -0, 0, 0, 0, 0, 0.362383984, -0.0339013672, -0.156618652, 0.0462007298, 0.53033507, -0.846388032, 0.426513672, -0.776611328, -0.463378906, -0.903194676, -0.339491064, -0.262026188, 0, 2, 5, 1, 
436.114418, 55, 0.1, 0.1, -0.00428188169, 0.354729653, -0.04305184, 0.87080891, -0.473704217, 0.131514856, 0.491621646, 0.839071787, -0.232952128, -9.38416012e-014, 0.267512339, 0.963554435, 0.87080891, -0.473654383, 0.131694222, 0.491621646, 0.838983516, -0.233269838, -9.49379464e-014, 0.267877184, 0.963453068, 0, 0, 0, 0, 0, 0, 0, 0.301006689, -0.0798848633, -0.195860645, -0.283184604, 0.747707745, -0.600499529, -0.900512695, 0.0079345703, 0.434692383, 0.329855036, 0.663911671, 0.67129538, 0, 0, -0, 0, 0, 0, 0, 0.362383984, -0.0339013672, -0.156618652, 0.0462007298, 0.53033507, -0.846388032, 0.426513672, -0.776611328, -0.463378906, -0.903194676, -0.339491064, -0.262026188, 0, 2, 5, 1, 
436.115106, 55, 0.1, 0.1, -0.00427567218, 0.354718654, -0.0430053918, 0.87080891, -0.47395516, 0.130607615, 0.491621646, 0.839516281, -0.231345133, -8.79851747e-014, 0.265666933, 0.964064874, 0.87080891, -0.473906199, 0.130785158, 0.491621646, 0.839429556, -0.231659614, -8.91647867e-014, 0.266028071, 0.963965282, 0, 0, 0, 0, 0, 0, 0, 0.301006689, -0.0798848633, -0.195860645, -0.283184604, 0.747707745, -0.600499529, -0.900512695, 0.0079345703, 0.434692383, 0.329855036, 0.663911671, 0.67129538, 0, 0, -0, 0, 0, 0, 0, 0.362383984, -0.0339013672, -0.156618652, 0.0462007298, 0.53033507, -0.846388032, 0.426513672, -0.776611328, -0.463378906, -0.903194676, -0.339491064, -0.262026188, 0, 2, 5, 1, 
436.115783, 55, 0.1, 0.1, -0.00426955245, 0.354707814, -0.0429593341, 0.87080891, -0.474200773, 0.12971303, 0.491621646, 0.839951335, -0.229760554, -8.26283486e-014, 0.263847271, 0.964564471, 0.87080891, -0.474152062, 0.129890975, 0.491621646, 0.839865053, -0.230075749, -8.37385716e-014, 0.264209228, 0.964465388, 0, 0, 0, 0, 0, 0, 0, 0.301006689, -0.0798848633, -0.195860645, -0.283184604, 0.747707745, -0.600499529, -0.900512695, 0.0079345703, 0.434692383, 0.329855036, 0.663911671, 0.67129538, 0, 0, -0, 0, 0, 0, 0, 0.362383984, -0.0339013672, -0.156618652, 0.0462007298, 0.53033507, -0.846388032, 0.426513672, -0.776611328, -0.463378906, -0.903194676, -0.339491064, -0.262026188, 0, 2, 5, 1, 
436.116491, 55, 0.1, 0.1, -0.00426313905, 0.354696454, -0.0429106, 0.87080891, -0.474456123, 0.128775893, 0.491621646, 0.840403636, -0.228100606, -7.79931675e-014, 0.261941056, 0.965083874, 0.87080891, -0.474407182, 0.128956074, 0.491621646, 0.840316946, -0.228419759, -7.87564458e-014, 0.262307559, 0.964984323, 0, 0, 0, 0, 0, 0, 0, 0.301833716, -0.0812637451, -0.195774585, -0.288681653, 0.746876878, -0.598836673, -0.899780273, 0.0020751953, 0.436279297, 0.327141516, 0.664908411, 0.671649969, 0, 0, -0, 0, 0, 0, 0, 0.363097021, -0.0351345215, -0.156182178, 0.042776332, 0.530474694, -0.846496674, 0.431640625, -0.773925781, -0.463256836, -0.900976997, -0.345490782, -0.262160349, 0, 2, 5, 1, 
436.117168, 55, 0.1, 0.1, -0.00425699993, 0.35468558, -0.0428636844, 0.87080891, -0.474699042, 0.127877529, 0.491621646, 0.840833919, -0.226509333, -7.43571871e-014, 0.260113707, 0.965577992, 0.87080891, -0.47465064, 0.128057069, 0.491621646, 0.840748184, -0.226827352, -7.50510765e-014, 0.260478906, 0.965479539, 0, 0, 0, 0, 0, 0, 0, 0.301833716, -0.0812637451, -0.195774585, -0.288681653, 0.746876878, -0.598836673, -0.899780273, 0.0020751953, 0.436279297, 0.327141516, 0.664908411, 0.671649969, 0, 0, -0, 0, 0, 0, 0, 0.363097021, -0.0351345215, -0.156182178, 0.042776332, 0.530474694, -0.846496674, 0.431640625, -0.773925781, -0.463256836, -0.900976997, -0.345490782, -0.262160349, 0, 2, 5, 1, 
436.117849, 55, 0.1, 0.1, -0.00425083335, 0.354674657, -0.0428164382, 0.87080891, -0.474941894, 0.126972595, 0.491621646, 0.841264083, -0.224906425, -7.14150961e-014, 0.258272995, 0.966071975, 0.87080891, -0.474893684, 0.127152788, 0.491621646, 0.841178688, -0.225225601, -7.19702076e-014, 0.258639523, 0.965973911, 0, 0, 0, 0, 0, 0, 0, 0.301833716, -0.0812637451, -0.195774585, -0.288681653, 0.746876878, -0.598836673, -0.899780273, 0.0020751953, 0.436279297, 0.327141516, 0.664908411, 0.671649969, 0, 0, -0, 0, 0, 0, 0, 0.363097021, -0.0351345215, -0.156182178, 0.042776332, 0.530474694, -0.846496674, 0.431640625, -0.773925781, -0.463256836, -0.900976997, -0.345490782, -0.262160349, 0, 2, 5, 1, 
436.118539, 55, 0.1, 0.1, -0.0042445654, 0.354663555, -0.0427682559, 0.87080891, -0.475187505, 0.1260503, 0.491621646, 0.841699132, -0.223272765, -6.88477053e-014, 0.256396969, 0.966571567, 0.87080891, -0.475139284, 0.126231945, 0.491621646, 0.841613718, -0.223594512, -6.93334279e-014, 0.25676645, 0.966473481, 0, 0, 0, 0, 0, 0, 0, 0.3022698, -0.0831156006, -0.195530957, -0.293118682, 0.745500461, -0.598411691, -0.899047852, -0.00231933595, 0.43762207, 0.324878066, 0.666362334, 0.671211882, 0, 0, -0, 0, 0, 0, 0, 0.363097021, -0.0351345215, -0.156182178, 0.042776332, 0.530474694, -0.846496674, 0.431640625, -0.773925781, -0.463256836, -0.900976997, -0.345490782, -0.262160349, 0, 2, 5, 1, 
436.119229, 55, 0.1, 0.1, -0.00423828822, 0.354652436, -0.0427197054, 0.87080891, -0.475431999, 0.125124967, 0.491621646, 0.842132204, -0.221633724, -6.75709488e-014, 0.254514764, 0.967068888, 0.87080891, -0.475384924, 0.125303699, 0.491621646, 0.842048821, -0.221950311, -6.78346268e-014, 0.254878319, 0.966973134, 0, 0, 0, 0, 0, 0, 0, 0.3022698, -0.0831156006, -0.195530957, -0.293118682, 0.745500461, -0.598411691, -0.899047852, -0.00231933595, 0.43762207, 0.324878066, 0.666362334, 0.671211882, 0, 0, -0, 0, 0, 0, 0, 0.36365957, -0.0368483398, -0.15577207, 0.0406425091, 0.529585871, -0.847141962, 0.435180664, -0.772583008, -0.462036133, -0.899360131, -0.349880196, -0.261859944, 0, 2, 5, 1, 
436.119908, 55, 0.1, 0.1, -0.00423211554, 0.354641502, -0.0426719317, 0.87080891, -0.475671377, 0.124211853, 0.491621646, 0.842556214, -0.220016326, -6.58292865e-014, 0.252657413, 0.967555803, 0.87080891, -0.475622692, 0.124398141, 0.491621646, 0.84246998, -0.220346297, -6.61415367e-014, 0.253036337, 0.967456775, 0, 0, 0, 0, 0, 0, 0, 0.3022698, -0.0831156006, -0.195530957, -0.293118682, 0.745500461, -0.598411691, -0.899047852, -0.00231933595, 0.43762207, 0.324878066, 0.666362334, 0.671211882, 0, 0, -0, 0, 0, 0, 0, 0.36365957, -0.0368483398, -0.15577207, 0.0406425091, 0.529585871, -0.847141962, 0.435180664, -0.772583008, -0.462036133, -0.899360131, -0.349880196, -0.261859944, 0, 2, 5, 1, 
436.120583, 55, 0.1, 0.1, -0.00422596724, 0.354630612, -0.0426242518, 0.87080891, -0.475908544, 0.123300045, 0.491621646, 0.842976308, -0.218401241, -6.36574127e-014, 0.250802717, 0.968038221, 0.87080891, -0.475861571, 0.123481207, 0.491621646, 0.842893105, -0.218722133, -6.41500741e-014, 0.251171216, 0.967942674, 0, 0, 0, 0, 0, 0, 0, 0.3022698, -0.0831156006, -0.195530957, -0.293118682, 0.745500461, -0.598411691, -0.899047852, -0.00231933595, 0.43762207, 0.324878066, 0.666362334, 0.671211882, 0, 0, -0, 0, 0, 0, 0, 0.36365957, -0.0368483398, -0.15577207, 0.0406425091, 0.529585871, -0.847141962, 0.435180664, -0.772583008, -0.462036133, -0.899360131, -0.349880196, -0.261859944, 0, 2, 5, 1, 
436.121263, 55, 0.1, 0.1, -0.00421976839, 0.354619632, -0.0425760109, 0.87080891, -0.476146114, 0.122379415, 0.491621646, 0.843397115, -0.216770531, -6.10622664e-014, 0.248930079, 0.968521459, 0.87080891, -0.476098664, 0.122563882, 0.491621646, 0.843313068, -0.217097276, -6.16035001e-014, 0.249305299, 0.968424942, 0, 0, 0, 0, 0, 0, 0, 0.3022698, -0.0831156006, -0.195530957, -0.293118682, 0.745500461, -0.598411691, -0.899047852, -0.00231933595, 0.43762207, 0.324878066, 0.666362334, 0.671211882, 0, 0, -0, 0, 0, 0, 0, 0.36365957, -0.0368483398, -0.15577207, 0.0406425091, 0.529585871, -0.847141962, 0.435180664, -0.772583008, -0.462036133, -0.899360131, -0.349880196, -0.261859944, 0, 2, 5, 1, 
436.121942, 55, 0.1, 0.1, -0.0042135727, 0.354608657, -0.0425275498, 0.87080891, -0.476381777, 0.121458823, 0.491621646, 0.843814545, -0.215139887, -5.83838533e-014, 0.247057517, 0.969000817, 0.87080891, -0.476335145, 0.121641573, 0.491621646, 0.843731947, -0.215463591, -5.88487592e-014, 0.247429245, 0.968905965, 0, 0, 0, 0, 0, 0, 0, 0.3022698, -0.0831156006, -0.195530957, -0.293118682, 0.745500461, -0.598411691, -0.899047852, -0.00231933595, 0.43762207, 0.324878066, 0.666362334, 0.671211882, 0, 0, -0, 0, 0, 0, 0, 0.36365957, -0.0368483398, -0.15577207, 0.0406425091, 0.529585871, -0.847141962, 0.435180664, -0.772583008, -0.462036133, -0.899360131, -0.349880196, -0.261859944, 0, 2, 5, 1, 
436.122624, 55, 0.1, 0.1, -0.00420735473, 0.354597643, -0.0424786131, 0.87080891, -0.476616371, 0.120534964, 0.491621646, 0.844230082, -0.213503457, -5.62050406e-014, 0.24517831, 0.969478002, 0.87080891, -0.476569606, 0.120719733, 0.491621646, 0.844147246, -0.213830738, -5.66491298e-014, 0.245554145, 0.969382877, 0, 0, 0, 0, 0, 0, 0, 0.3022698, -0.0831156006, -0.195530957, -0.293118682, 0.745500461, -0.598411691, -0.899047852, -0.00231933595, 0.43762207, 0.324878066, 0.666362334, 0.671211882, 0, 0, -0, 0, 0, 0, 0, 0.36365957, -0.0368483398, -0.15577207, 0.0406425091, 0.529585871, -0.847141962, 0.435180664, -0.772583008, -0.462036133, -0.899360131, -0.349880196, -0.261859944, 0, 2, 5, 1, 
436.123314, 55, 0.1, 0.1, -0.00420104566, 0.354586468, -0.0424285905, 0.87080891, -0.4768524, 0.119597791, 0.491621646, 0.844648159, -0.211843442, -5.39082667e-014, 0.24327202, 0.969958105, 0.87080891, -0.47680656, 0.119780412, 0.491621646, 0.844566963, -0.21216692, -5.43939893e-014, 0.243643488, 0.969864862, 0, 0, 0, 0, 0, 0, 0, 0.302900806, -0.0842807617, -0.195258276, -0.298025998, 0.744466651, -0.597472239, -0.898803711, -0.00817871095, 0.438110352, 0.321205999, 0.667638401, 0.671681047, 0, 0, -0, 0, 0, 0, 0, 0.36365957, -0.0368483398, -0.15577207, 0.0406425091, 0.529585871, -0.847141962, 0.435180664, -0.772583008, -0.462036133, -0.899360131, -0.349880196, -0.261859944, 0, 2, 5, 1, 
436.124008, 55, 0.1, 0.1, -0.00419469668, 0.354575222, -0.0423777767, 0.87080891, -0.477087906, 0.118654849, 0.491621646, 0.84506531, -0.21017321, -5.17363929e-014, 0.241353995, 0.970437143, 0.87080891, -0.477042344, 0.118837892, 0.491621646, 0.844984608, -0.210497435, -5.22221155e-014, 0.241726322, 0.970344467, 0, 0, 0, 0, 0, 0, 0, 0.302900806, -0.0842807617, -0.195258276, -0.298025998, 0.744466651, -0.597472239, -0.898803711, -0.00817871095, 0.438110352, 0.321205999, 0.667638401, 0.671681047, 0, 0, -0, 0, 0, 0, 0, 0.364430713, -0.0380978516, -0.155355615, 0.0380679225, 0.529297492, -0.847467887, 0.440063477, -0.770263672, -0.461303711, -0.897053134, -0.355311185, -0.262262428, 0, 2, 5, 1, 
436.124684, 55, 0.1, 0.1, -0.00418850283, 0.354564251, -0.0423280709, 0.87080891, -0.477316412, 0.117732263, 0.491621646, 0.845470063, -0.208539034, -4.918288e-014, 0.239477378, 0.970901944, 0.87080891, -0.477270814, 0.117916975, 0.491621646, 0.845389296, -0.208866216, -4.97449304e-014, 0.239853099, 0.970809194, 0, 0, 0, 0, 0, 0, 0, 0.302900806, -0.0842807617, -0.195258276, -0.298025998, 0.744466651, -0.597472239, -0.898803711, -0.00817871095, 0.438110352, 0.321205999, 0.667638401, 0.671681047, 0, 0, -0, 0, 0, 0, 0, 0.364430713, -0.0380978516, -0.155355615, 0.0380679225, 0.529297492, -0.847467887, 0.440063477, -0.770263672, -0.461303711, -0.897053134, -0.355311185, -0.262262428, 0, 2, 5, 1, 
436.12536, 55, 0.1, 0.1, -0.00418230635, 0.354553275, -0.0422782715, 0.87080891, -0.477543942, 0.116805933, 0.491621646, 0.845873088, -0.206898228, -4.66501837e-014, 0.237593145, 0.97136476, 0.87080891, -0.477499099, 0.116989116, 0.491621646, 0.845793657, -0.207222699, -4.71359063e-014, 0.237965754, 0.971273545, 0, 0, 0, 0, 0, 0, 0, 0.302900806, -0.0842807617, -0.195258276, -0.298025998, 0.744466651, -0.597472239, -0.898803711, -0.00817871095, 0.438110352, 0.321205999, 0.667638401, 0.671681047, 0, 0, -0, 0, 0, 0, 0, 0.364430713, -0.0380978516, -0.155355615, 0.0380679225, 0.529297492, -0.847467887, 0.440063477, -0.770263672, -0.461303711, -0.897053134, -0.355311185, -0.262262428, 0, 2, 5, 1, 
