time, trialNum, realDorsalTactorPos, realVentralTactorPos, boxPosX, boxPosY, boxPosZ, boxLocalRot_11, boxLocalRot_12, boxLocalRot_13, boxLocalRot_21, boxLocalRot_22, boxLocalRot_23, boxLocalRot_31, boxLocalRot_32, boxLocalRot_33, boxGlobalRot_11, boxGlobalRot_12, boxGlobalRot_13, boxGlobalRot_21, boxGlobalRot_22, boxGlobalRot_23, boxGlobalRot_31, boxGlobalRot_32, boxGlobalRot_33, indexForceX, indexForceY, indexForceZ, indexForceGlobalX, indexForceGlobalY, indexForceGlobalZ, indexContact, indexPosX, indexPosY, indexPosZ, indexRot_11, indexRot_12, indexRot_13, indexRot_21, indexRot_22, indexRot_23, indexRot_31, indexRot_32, indexRot_33, thumbForceX, thumbForceY, thumbForceZ, thumbForceGlobalX, thumbForceGlobalY, thumbForceGlobalZ, thumbContact, thumbPosX, thumbPosY, thumbPosZ, thumbRot_11, thumbRot_12, thumbRot_13, thumbRot_21, thumbRot_22, thumbRot_23, thumbRot_31, thumbRot_32, thumbRot_33, manipForceTooHigh, cceExpType, mapping, trialSuccess, 
337.439625, 41, 0.1, 0.1, 0.0201331643, 0.379360698, -0.0349660197, 0.906438283, -0.4223383, 4.62168167e-007, 0.4223383, 0.906438283, 7.19781961e-006, -3.45884181e-006, -6.32918793e-006, 1, 0.906438308, -0.422338246, 7.60030022e-006, 0.422338246, 0.906438308, 2.00375112e-005, -1.53518106e-005, -1.49528703e-005, 1, 0, 0, 0, 0, 0, 0, 0, 0.21679104, -0.0574960937, -0.254428711, -0.0823419396, 0.795576097, -0.600037809, -0.788696289, 0.316040039, 0.52734375, 0.609249173, 0.516671184, 0.601639991, 0, 0, 0, 0, 0, 0, 0, 0.307736865, -0.0455430664, -0.225077881, 0.28080615, 0.368757958, -0.8860025, 0.00463867187, -0.923583984, -0.383056641, -0.959669583, 0.103566174, -0.261157385, 0, 2, 5, 1, 
337.464304, 41, 0.1, 0.1, 0.0201331781, 0.379360799, -0.0349445042, 0.906428849, -0.422358545, -6.646857e-006, 0.422358545, 0.906428849, 3.28978117e-005, -7.86976895e-006, -3.26268824e-005, 0.999999999, 0.906428755, -0.422358747, -2.29592914e-005, 0.422358747, 0.906428755, 2.67148557e-005, 9.52770895e-006, -3.39121709e-005, 0.999999999, 0, 0, 0, 0, 0, 0, 0, 0.226922021, -0.0803079834, -0.245882593, -0.102284235, 0.78637065, -0.60909908, -0.790649414, 0.307250977, 0.529418945, 0.603509103, 0.53580283, 0.590468778, 0, 0, 0, 0, 0, 0, 0, 0.318295947, -0.0664278809, -0.216407617, 0.272288715, 0.360408199, -0.892117789, 0.0323486328, -0.929931641, -0.365966797, -0.961546744, 0.0708982171, -0.264868696, 0, 2, 5, 1, 
337.465433, 41, 0.1, 0.1, 0.0201331708, 0.379360806, -0.0349508859, 0.906429328, -0.422357518, 1.71324406e-005, 0.422357518, 0.906429328, -8.58294493e-006, -1.19042753e-005, 1.50158481e-005, 1, 0.906429253, -0.422357678, 2.34125093e-005, 0.422357678, 0.906429253, -2.29809032e-005, -1.15156225e-005, 3.0719016e-005, 0.999999999, 0, 0, 0, 0, 0, 0, 0, 0.226922021, -0.0803079834, -0.245882593, -0.102284235, 0.78637065, -0.60909908, -0.790649414, 0.307250977, 0.529418945, 0.603509103, 0.53580283, 0.590468778, 0, 0, 0, 0, 0, 0, 0, 0.318295947, -0.0664278809, -0.216407617, 0.272288715, 0.360408199, -0.892117789, 0.0323486328, -0.929931641, -0.365966797, -0.961546744, 0.0708982171, -0.264868696, 0, 2, 5, 1, 
337.466559, 41, 0.1, 0.1, 0.0201331713, 0.379360799, -0.0349565491, 0.906429701, -0.422356719, 3.51296655e-006, 0.422356719, 0.9064297, -1.25669121e-005, 2.12346255e-006, 1.28747474e-005, 1, 0.906429612, -0.422356909, 4.16203359e-006, 0.422356909, 0.906429612, 1.65922826e-005, -1.07804557e-005, -1.32818726e-005, 1, 0, 0, 0, 0, 0, 0, 0, 0.226922021, -0.0803079834, -0.245882593, -0.102284235, 0.78637065, -0.60909908, -0.790649414, 0.307250977, 0.529418945, 0.603509103, 0.53580283, 0.590468778, 0, 0, 0, 0, 0, 0, 0, 0.318295947, -0.0664278809, -0.216407617, 0.272288715, 0.360408199, -0.892117789, 0.0323486328, -0.929931641, -0.365966797, -0.961546744, 0.0708982171, -0.264868696, 0, 2, 5, 1, 
337.467699, 41, 0.1, 0.1, 0.0201331695, 0.379360801, -0.034958924, 0.906430008, -0.422356058, -1.71226442e-005, 0.422356059, 0.906430008, 2.09300937e-005, 6.6805267e-006, -2.62035175e-005, 1, 0.906429954, -0.422356174, -1.16092484e-005, 0.422356174, 0.906429954, 1.09282764e-005, 5.90734549e-006, -1.48089548e-005, 1, 0, 0, 0, 0, 0, 0, 0, 0.226922021, -0.0803079834, -0.245882593, -0.102284235, 0.78637065, -0.60909908, -0.790649414, 0.307250977, 0.529418945, 0.603509103, 0.53580283, 0.590468778, 0, 0, 0, 0, 0, 0, 0, 0.318295947, -0.0664278809, -0.216407617, 0.272288715, 0.360408199, -0.892117789, 0.0323486328, -0.929931641, -0.365966797, -0.961546744, 0.0708982171, -0.264868696, 0, 2, 5, 1, 
337.468876, 41, 0.1, 0.1, 0.0201331681, 0.379360805, -0.0349562797, 0.906430337, -0.422355354, 1.08063887e-005, 0.422355354, 0.906430336, -2.35177776e-005, 1.37620693e-007, 2.58813632e-005, 1, 0.906430282, -0.422355472, 1.8367703e-006, 0.422355472, 0.906430281, -3.03413718e-005, 1.11499402e-005, 2.82781082e-005, 1, 0, 0, 0, 0, 0, 0, 0, 0.22746687, -0.0835013672, -0.245072021, -0.104803047, 0.784930955, -0.610541019, -0.789428711, 0.307617187, 0.53112793, 0.604773187, 0.53763755, 0.587607361, 0, 0, 0, 0, 0, 0, 0, 0.318596191, -0.069248877, -0.215562256, 0.270263168, 0.359085174, -0.89322936, 0.0338134766, -0.930664063, -0.363891602, -0.962127865, 0.0683043074, -0.263635357, 0, 2, 5, 1, 
337.469753, 41, 0.1, 0.1, 0.0201331619, 0.379360796, -0.034953657, 0.906430424, -0.422355167, -1.14654442e-005, 0.422355167, 0.906430424, 1.24482648e-005, 5.13503849e-006, -1.61259756e-005, 1, 0.906430424, -0.422355166, 2.002855e-006, 0.422355166, 0.906430424, 2.93915805e-005, -1.42291346e-005, -2.57955066e-005, 1, 0, 0, 0, 0, 0, 0, 0, 0.22746687, -0.0835013672, -0.245072021, -0.104803047, 0.784930955, -0.610541019, -0.789428711, 0.307617187, 0.53112793, 0.604773187, 0.53763755, 0.587607361, 0, 0, 0, 0, 0, 0, 0, 0.318596191, -0.069248877, -0.215562256, 0.270263168, 0.359085174, -0.89322936, 0.0338134766, -0.930664063, -0.363891602, -0.962127865, 0.0683043074, -0.263635357, 0, 2, 5, 1, 
337.470445, 41, 0.1, 0.1, 0.0201331629, 0.379360799, -0.0349563156, 0.906430332, -0.422355364, 3.55016445e-006, 0.422355364, 0.906430332, 1.29399065e-005, -8.68321568e-006, -1.02296928e-005, 1, 0.90643036, -0.422355304, 4.27269532e-006, 0.422355304, 0.90643036, -2.76529249e-006, -2.70496481e-006, 4.3111406e-006, 1, 0, 0, 0, 0, 0, 0, 0, 0.22746687, -0.0835013672, -0.245072021, -0.104803047, 0.784930955, -0.610541019, -0.789428711, 0.307617187, 0.53112793, 0.604773187, 0.53763755, 0.587607361, 0, 0, 0, 0, 0, 0, 0, 0.318596191, -0.069248877, -0.215562256, 0.270263168, 0.359085174, -0.89322936, 0.0338134766, -0.930664063, -0.363891602, -0.962127865, 0.0683043074, -0.263635357, 0, 2, 5, 1, 
337.471136, 41, 0.1, 0.1, 0.0201331624, 0.379360798, -0.0349627005, 0.90643016, -0.422355733, 8.25047109e-006, 0.422355733, 0.90643016, -1.48253551e-005, -1.21690211e-006, 1.69227828e-005, 1, 0.906430194, -0.42235566, 5.91847707e-006, 0.42235566, 0.906430194, -7.15216768e-006, -2.34392781e-006, 8.98264303e-006, 1, 0, 0, 0, 0, 0, 0, 0, 0.22746687, -0.0835013672, -0.245072021, -0.104803047, 0.784930955, -0.610541019, -0.789428711, 0.307617187, 0.53112793, 0.604773187, 0.53763755, 0.587607361, 0, 0, 0, 0, 0, 0, 0, 0.318596191, -0.069248877, -0.215562256, 0.270263168, 0.359085174, -0.89322936, 0.0338134766, -0.930664063, -0.363891602, -0.962127865, 0.0683043074, -0.263635357, 0, 2, 5, 1, 
337.471826, 41, 0.1, 0.1, 0.0201331618, 0.379360797, -0.0349705638, 0.906430038, -0.422355995, 1.14692015e-006, 0.422355995, 0.906430038, 2.6267275e-005, -1.21337439e-005, -2.33250384e-005, 1, 0.90643006, -0.422355948, 1.10561337e-006, 0.422355948, 0.90643006, 1.5491292e-005, -7.54500052e-006, -1.35748104e-005, 1, 0, 0, 0, 0, 0, 0, 0, 0.22746687, -0.0835013672, -0.245072021, -0.104803047, 0.784930955, -0.610541019, -0.789428711, 0.307617187, 0.53112793, 0.604773187, 0.53763755, 0.587607361, 0, 0, 0, 0, 0, 0, 0, 0.318596191, -0.069248877, -0.215562256, 0.270263168, 0.359085174, -0.89322936, 0.0338134766, -0.930664063, -0.363891602, -0.962127865, 0.0683043074, -0.263635357, 0, 2, 5, 1, 
337.472527, 41, 0.1, 0.1, 0.0201331633, 0.379360793, -0.0349775483, 0.906429898, -0.422356294, -3.79065156e-006, 0.422356294, 0.906429898, -6.8513394e-006, 6.32966623e-006, 4.60925333e-006, 1, 0.906429935, -0.422356217, -9.57458996e-006, 0.422356217, 0.906429935, 6.11054566e-006, 6.09786801e-006, -9.58266909e-006, 1, 0, 0, 0, 0, 0, 0, 0, 0.22746687, -0.0835013672, -0.245072021, -0.104803047, 0.784930955, -0.610541019, -0.789428711, 0.307617187, 0.53112793, 0.604773187, 0.53763755, 0.587607361, 0, 0, 0, 0, 0, 0, 0, 0.318596191, -0.069248877, -0.215562256, 0.270263168, 0.359085174, -0.89322936, 0.0338134766, -0.930664063, -0.363891602, -0.962127865, 0.0683043074, -0.263635357, 0, 2, 5, 1, 
337.473243, 41, 0.1, 0.1, 0.0201331587, 0.379360798, -0.034981524, 0.906429674, -0.422356776, 9.71017309e-006, 0.422356776, 0.906429674, -1.04848083e-005, -4.37325921e-006, 1.36048987e-005, 1, 0.906429718, -0.422356682, 1.52088896e-005, 0.422356682, 0.906429718, -1.45056816e-005, -7.65921792e-006, 1.9571957e-005, 1, 0, 0, 0, 0, 0, 0, 0, 0.228259497, -0.0869669434, -0.243662891, -0.106770317, 0.782457448, -0.613366488, -0.7890625, 0.30859375, 0.531005859, 0.604837588, 0.540748338, 0.584594297, 0, 0, 0, 0, 0, 0, 0, 0.319455957, -0.0726357422, -0.214102588, 0.269777561, 0.355902847, -0.894660659, 0.0350341797, -0.932128906, -0.360229492, -0.962178905, 0.0658832052, -0.264031278, 0, 2, 5, 1, 
337.47395, 41, 0.1, 0.1, 0.0201331608, 0.379360795, -0.0349814846, 0.906429506, -0.422357137, -4.91732964e-006, 0.422357137, 0.906429506, 2.18569271e-005, -4.77421645e-006, -2.18886329e-005, 1, 0.90642953, -0.422357085, -1.04380366e-005, 0.422357085, 0.90642953, 1.88609251e-005, 1.49529928e-006, -2.15046782e-005, 1, 0, 0, 0, 0, 0, 0, 0, 0.228259497, -0.0869669434, -0.243662891, -0.106770317, 0.782457448, -0.613366488, -0.7890625, 0.30859375, 0.531005859, 0.604837588, 0.540748338, 0.584594297, 0, 0, 0, 0, 0, 0, 0, 0.319455957, -0.0726357422, -0.214102588, 0.269777561, 0.355902847, -0.894660659, 0.0350341797, -0.932128906, -0.360229492, -0.962178905, 0.0658832052, -0.264031278, 0, 2, 5, 1, 
337.474641, 41, 0.1, 0.1, 0.02013316, 0.379360795, -0.0349780377, 0.906429427, -0.422357307, 1.24401214e-006, 0.422357307, 0.906429426, -2.33982806e-005, 8.75482555e-006, 2.17343077e-005, 1, 0.90642944, -0.422357277, 8.23625796e-007, 0.422357277, 0.90642944, -1.35581086e-005, 4.97980716e-006, 1.26373331e-005, 1, 0, 0, 0, 0, 0, 0, 0, 0.228259497, -0.0869669434, -0.243662891, -0.106770317, 0.782457448, -0.613366488, -0.7890625, 0.30859375, 0.531005859, 0.604837588, 0.540748338, 0.584594297, 0, 0, 0, 0, 0, 0, 0, 0.319455957, -0.0726357422, -0.214102588, 0.269777561, 0.355902847, -0.894660659, 0.0350341797, -0.932128906, -0.360229492, -0.962178905, 0.0658832052, -0.264031278, 0, 2, 5, 1, 
337.475329, 41, 0.1, 0.1, 0.020133157, 0.3793608, -0.0349725159, 0.906429329, -0.422357517, 3.57153898e-006, 0.422357517, 0.906429329, 7.19088661e-006, -6.27447269e-006, -5.00956419e-006, 1, 0.906429356, -0.422357459, 1.11285246e-005, 0.422357459, 0.906429356, -5.54892999e-006, -7.74358941e-006, 9.72992841e-006, 1, 0, 0, 0, 0, 0, 0, 0, 0.228259497, -0.0869669434, -0.243662891, -0.106770317, 0.782457448, -0.613366488, -0.7890625, 0.30859375, 0.531005859, 0.604837588, 0.540748338, 0.584594297, 0, 0, 0, 0, 0, 0, 0, 0.319455957, -0.0726357422, -0.214102588, 0.269777561, 0.355902847, -0.894660659, 0.0350341797, -0.932128906, -0.360229492, -0.962178905, 0.0658832052, -0.264031278, 0, 2, 5, 1, 
337.476047, 41, 0.1, 0.1, 0.0201331585, 0.379360797, -0.0349660805, 0.906429175, -0.422357846, -2.57775351e-006, 0.422357846, 0.906429175, -9.36698397e-006, 6.29277016e-006, 7.40177314e-006, 1, 0.906429198, -0.422357797, -1.96359287e-006, 0.422357797, 0.906429198, 6.74497722e-006, -1.06893581e-006, -6.94318305e-006, 1, 0, 0, 0, 0, 0, 0, 0, 0.229367993, -0.0890348389, -0.242605518, -0.111169154, 0.781082154, -0.614439612, -0.790039062, 0.305541992, 0.53137207, 0.602815273, 0.544550329, 0.58328116, 0, 0, 0, 0, 0, 0, 0, 0.320669189, -0.0743568848, -0.2130396, 0.267969297, 0.355435463, -0.895363549, 0.0404052734, -0.932617188, -0.358154297, -0.962491704, 0.0598196885, -0.26435064, 0, 2, 5, 1, 
337.476737, 41, 0.1, 0.1, 0.0201331558, 0.379360799, -0.0349613835, 0.906429022, -0.422358175, 5.86842585e-006, 0.422358175, 0.906429022, 1.25037267e-005, -1.06003627e-005, -8.85516314e-006, 1, 0.906429059, -0.422358095, 1.0807337e-005, 0.422358095, 0.90642906, 8.6897415e-006, -1.3466267e-005, -3.31206797e-006, 1, 0, 0, 0, 0, 0, 0, 0, 0.229367993, -0.0890348389, -0.242605518, -0.111169154, 0.781082154, -0.614439612, -0.790039062, 0.305541992, 0.53137207, 0.602815273, 0.544550329, 0.58328116, 0, 0, 0, 0, 0, 0, 0, 0.320669189, -0.0743568848, -0.2130396, 0.267969297, 0.355435463, -0.895363549, 0.0404052734, -0.932617188, -0.358154297, -0.962491704, 0.0598196885, -0.26435064, 0, 2, 5, 1, 
337.477426, 41, 0.1, 0.1, 0.0201331606, 0.379360801, -0.0349594915, 0.906428836, -0.422358573, -1.62660422e-005, 0.422358573, 0.906428836, -6.53020218e-006, 1.75020966e-005, -9.50938805e-007, 1, 0.906428868, -0.422358506, -2.32894552e-005, 0.422358506, 0.906428868, -7.95209233e-006, 2.44688683e-005, -2.62849344e-006, 1, 0, 0, 0, 0, 0, 0, 0, 0.229367993, -0.0890348389, -0.242605518, -0.111169154, 0.781082154, -0.614439612, -0.790039062, 0.305541992, 0.53137207, 0.602815273, 0.544550329, 0.58328116, 0, 0, 0, 0, 0, 0, 0, 0.320669189, -0.0743568848, -0.2130396, 0.267969297, 0.355435463, -0.895363549, 0.0404052734, -0.932617188, -0.358154297, -0.962491704, 0.0598196885, -0.26435064, 0, 2, 5, 1, 
337.478117, 41, 0.1, 0.1, 0.0201331535, 0.379360798, -0.0349607506, 0.906428629, -0.422359018, 2.15068073e-005, 0.422359018, 0.906428629, 2.5844424e-005, -3.04100114e-005, -1.43425318e-005, 0.999999999, 0.906428679, -0.42235891, 2.67376156e-005, 0.42235891, 0.906428679, 2.26647503e-005, -3.38084008e-005, -9.25110951e-006, 0.999999999, 0, 0, 0, 0, 0, 0, 0, 0.229367993, -0.0890348389, -0.242605518, -0.111169154, 0.781082154, -0.614439612, -0.790039062, 0.305541992, 0.53137207, 0.602815273, 0.544550329, 0.58328116, 0, 0, 0, 0, 0, 0, 0, 0.320669189, -0.0743568848, -0.2130396, 0.267969297, 0.355435463, -0.895363549, 0.0404052734, -0.932617188, -0.358154297, -0.962491704, 0.0598196885, -0.26435064, 0, 2, 5, 1, 
337.478809, 41, 0.1, 0.1, 0.020133157, 0.379360802, -0.0349645989, 0.906428358, -0.422359599, -3.13573251e-005, 0.422359598, 0.906428358, -3.64986545e-005, 4.38387258e-005, 1.98393483e-005, 0.999999999, 0.906428407, -0.422359494, -2.49701592e-005, 0.422359493, 0.906428407, -3.17822272e-005, 3.6057187e-005, 1.82619298e-005, 0.999999999, 0, 0, 0, 0, 0, 0, 0, 0.229367993, -0.0890348389, -0.242605518, -0.111169154, 0.781082154, -0.614439612, -0.790039062, 0.305541992, 0.53137207, 0.602815273, 0.544550329, 0.58328116, 0, 0, 0, 0, 0, 0, 0, 0.320669189, -0.0743568848, -0.2130396, 0.267969297, 0.355435463, -0.895363549, 0.0404052734, -0.932617188, -0.358154297, -0.962491704, 0.0598196885, -0.26435064, 0, 2, 5, 1, 
337.4795, 41, 0.1, 0.1, 0.0201331638, 0.379360804, -0.0349697778, 0.906428179, -0.422359983, 4.02278002e-006, 0.422359983, 0.906428179, 2.41852266e-005, -1.38612331e-005, -2.02231096e-005, 1, 0.906428198, -0.422359943, -1.51481261e-005, 0.422359943, 0.906428198, 1.23079867e-005, 8.53228813e-006, -1.75542679e-005, 1, 0, 0, 0, 0, 0, 0, 0, 0.229367993, -0.0890348389, -0.242605518, -0.111169154, 0.781082154, -0.614439612, -0.790039062, 0.305541992, 0.53137207, 0.602815273, 0.544550329, 0.58328116, 0, 0, 0, 0, 0, 0, 0, 0.320669189, -0.0743568848, -0.2130396, 0.267969297, 0.355435463, -0.895363549, 0.0404052734, -0.932617188, -0.358154297, -0.962491704, 0.0598196885, -0.26435064, 0, 2, 5, 1, 
337.48019, 41, 0.1, 0.1, 0.0201331516, 0.379360798, -0.0349746565, 0.906428188, -0.422359964, 3.70558073e-005, 0.422359964, 0.906428188, 5.40744118e-006, -3.5872315e-005, 1.07494323e-005, 0.999999999, 0.906428177, -0.422359987, 4.2078348e-005, 0.422359987, 0.906428178, 1.02777053e-005, -4.24818917e-005, 8.45620884e-006, 0.999999999, 0, 0, 0, 0, 0, 0, 0, 0.229367993, -0.0890348389, -0.242605518, -0.111169154, 0.781082154, -0.614439612, -0.790039062, 0.305541992, 0.53137207, 0.602815273, 0.544550329, 0.58328116, 0, 0, 0, 0, 0, 0, 0, 0.320669189, -0.0743568848, -0.2130396, 0.267969297, 0.355435463, -0.895363549, 0.0404052734, -0.932617188, -0.358154297, -0.962491704, 0.0598196885, -0.26435064, 0, 2, 5, 1, 
337.480901, 41, 0.1, 0.1, 0.0201331545, 0.379360798, -0.0349777503, 0.906428279, -0.422359768, -3.86130981e-005, 0.422359768, 0.90642828, -1.34160798e-006, 3.55666454e-005, -1.50925478e-005, 0.999999999, 0.906428265, -0.422359799, -2.98748971e-005, 0.422359799, 0.906428265, 9.52526666e-007, 2.66771422e-005, -1.34813526e-005, 1, 0, 0, 0, 0, 0, 0, 0, 0.230766138, -0.0915559326, -0.241554248, -0.114285933, 0.779611379, -0.615633304, -0.790893555, 0.303588867, 0.53125, 0.601084268, 0.547749483, 0.581987119, 0, 0, 0, 0, 0, 0, 0, 0.321882422, -0.0764976563, -0.212196436, 0.266161033, 0.355134325, -0.896091959, 0.0451660156, -0.933105469, -0.356445312, -0.962804503, 0.054510101, -0.264427199, 0, 2, 5, 1, 
337.481594, 41, 0.1, 0.1, 0.0201331635, 0.379360803, -0.0349782685, 0.906428306, -0.422359711, -7.20414091e-006, 0.422359711, 0.906428306, -1.15406802e-005, 1.14043556e-005, 7.41806037e-006, 1, 0.90642831, -0.422359702, -1.95169607e-005, 0.422359702, 0.906428311, -1.61924326e-005, 2.45297567e-005, 6.43410167e-006, 1, 0, 0, 0, 0, 0, 0, 0, 0.230766138, -0.0915559326, -0.241554248, -0.114285933, 0.779611379, -0.615633304, -0.790893555, 0.303588867, 0.53125, 0.601084268, 0.547749483, 0.581987119, 0, 0, 0, 0, 0, 0, 0, 0.321882422, -0.0764976563, -0.212196436, 0.266161033, 0.355134325, -0.896091959, 0.0451660156, -0.933105469, -0.356445312, -0.962804503, 0.054510101, -0.264427199, 0, 2, 5, 1, 
337.482284, 41, 0.1, 0.1, 0.020133157, 0.3793608, -0.0349763398, 0.906428239, -0.422359856, 2.3195191e-005, 0.422359855, 0.906428239, 8.47356871e-006, -2.46036714e-005, 2.11603556e-006, 1, 0.90642825, -0.422359831, 2.30828105e-005, 0.42235983, 0.906428251, 1.43646719e-005, -2.69899719e-005, -3.27129246e-006, 1, 0, 0, 0, 0, 0, 0, 0, 0.230766138, -0.0915559326, -0.241554248, -0.114285933, 0.779611379, -0.615633304, -0.790893555, 0.303588867, 0.53125, 0.601084268, 0.547749483, 0.581987119, 0, 0, 0, 0, 0, 0, 0, 0.321882422, -0.0764976563, -0.212196436, 0.266161033, 0.355134325, -0.896091959, 0.0451660156, -0.933105469, -0.356445312, -0.962804503, 0.054510101, -0.264427199, 0, 2, 5, 1, 
337.482974, 41, 0.1, 0.1, 0.0201331583, 0.379360801, -0.0349726949, 0.906428205, -0.422359928, -2.16538486e-005, 0.422359928, 0.906428205, -9.45746287e-006, 2.36221124e-005, -5.73206813e-007, 1, 0.906428212, -0.422359913, -1.82801547e-005, 0.422359913, 0.906428212, -6.22125445e-006, 1.91972565e-005, -2.08168402e-006, 1, 0, 0, 0, 0, 0, 0, 0, 0.230766138, -0.0915559326, -0.241554248, -0.114285933, 0.779611379, -0.615633304, -0.790893555, 0.303588867, 0.53125, 0.601084268, 0.547749483, 0.581987119, 0, 0, 0, 0, 0, 0, 0, 0.321882422, -0.0764976563, -0.212196436, 0.266161033, 0.355134325, -0.896091959, 0.0451660156, -0.933105469, -0.356445312, -0.962804503, 0.054510101, -0.264427199, 0, 2, 5, 1, 
337.483663, 41, 0.1, 0.1, 0.0201331584, 0.379360801, -0.0349685366, 0.90642814, -0.422360068, 1.60821431e-005, 0.422360068, 0.90642814, 1.94859757e-005, -2.2807405e-005, -1.08701816e-005, 1, 0.906428154, -0.422360038, 8.28925279e-006, 0.422360038, 0.906428154, 1.17202753e-005, -1.2463788e-005, -7.12253834e-006, 1, 0, 0, 0, 0, 0, 0, 0, 0.230766138, -0.0915559326, -0.241554248, -0.114285933, 0.779611379, -0.615633304, -0.790893555, 0.303588867, 0.53125, 0.601084268, 0.547749483, 0.581987119, 0, 0, 0, 0, 0, 0, 0, 0.321882422, -0.0764976563, -0.212196436, 0.266161033, 0.355134325, -0.896091959, 0.0451660156, -0.933105469, -0.356445312, -0.962804503, 0.054510101, -0.264427199, 0, 2, 5, 1, 
337.484351, 41, 0.1, 0.1, 0.020133154, 0.379360802, -0.0349650757, 0.906428124, -0.422360102, -1.02805003e-005, 0.422360102, 0.906428124, -2.38812094e-005, 1.94050046e-005, 1.73045267e-005, 1, 0.906428115, -0.422360122, 7.78048799e-006, 0.422360122, 0.906428115, -1.59376642e-005, -3.2101927e-007, 1.77325148e-005, 1, 0, 0, 0, 0, 0, 0, 0, 0.230766138, -0.0915559326, -0.241554248, -0.114285933, 0.779611379, -0.615633304, -0.790893555, 0.303588867, 0.53125, 0.601084268, 0.547749483, 0.581987119, 0, 0, 0, 0, 0, 0, 0, 0.321882422, -0.0764976563, -0.212196436, 0.266161033, 0.355134325, -0.896091959, 0.0451660156, -0.933105469, -0.356445312, -0.962804503, 0.054510101, -0.264427199, 0, 2, 5, 1, 
337.485041, 41, 0.1, 0.1, 0.0201331627, 0.379360807, -0.0349632821, 0.906428255, -0.422359822, -9.82303257e-006, 0.422359822, 0.906428255, -5.42533432e-006, 1.11953175e-005, 7.68822034e-007, 1, 0.906428222, -0.422359891, -2.6885501e-005, 0.422359891, 0.906428223, -5.51997741e-006, 2.6701194e-005, -6.35189397e-006, 1, 0, 0, 0, 0, 0, 0, 0, 0.230766138, -0.0915559326, -0.241554248, -0.114285933, 0.779611379, -0.615633304, -0.790893555, 0.303588867, 0.53125, 0.601084268, 0.547749483, 0.581987119, 0, 0, 0, 0, 0, 0, 0, 0.321882422, -0.0764976563, -0.212196436, 0.266161033, 0.355134325, -0.896091959, 0.0451660156, -0.933105469, -0.356445312, -0.962804503, 0.054510101, -0.264427199, 0, 2, 5, 1, 
337.485755, 41, 0.1, 0.1, 0.0201331545, 0.379360803, -0.034963444, 0.906428351, -0.422359615, 2.20576395e-005, 0.422359615, 0.906428351, 6.41057541e-006, -2.2701238e-005, 3.50552885e-006, 1, 0.906428329, -0.422359661, 2.88708463e-005, 0.422359661, 0.90642833, 9.82717773e-006, -3.03199565e-005, 3.28624857e-006, 1, 0, 0, 0, 0, 0, 0, 0, 0.232157568, -0.0940913086, -0.240302808, -0.117498192, 0.77783619, -0.617290169, -0.792114258, 0.301391602, 0.530639648, 0.598750425, 0.551367628, 0.580890029, 0, 0, 0, 0, 0, 0, 0, 0.323355518, -0.0784469238, -0.21090874, 0.264812856, 0.35452002, -0.896622408, 0.0504150391, -0.93371582, -0.354248047, -0.962823459, 0.0486766276, -0.265219407, 0, 2, 5, 1, 
337.486448, 41, 0.1, 0.1, 0.0201331593, 0.379360806, -0.0349653291, 0.906428419, -0.422359469, -2.61944503e-005, 0.422359468, 0.906428419, -1.1264918e-005, 2.85012389e-005, -8.52632246e-007, 1, 0.906428408, -0.422359492, -2.50249549e-005, 0.422359492, 0.906428408, -1.68431299e-005, 2.97971858e-005, 4.6975642e-006, 1, 0, 0, 0, 0, 0, 0, 0, 0.232157568, -0.0940913086, -0.240302808, -0.117498192, 0.77783619, -0.617290169, -0.792114258, 0.301391602, 0.530639648, 0.598750425, 0.551367628, 0.580890029, 0, 0, 0, 0, 0, 0, 0, 0.323355518, -0.0784469238, -0.21090874, 0.264812856, 0.35452002, -0.896622408, 0.0504150391, -0.93371582, -0.354248047, -0.962823459, 0.0486766276, -0.265219407, 0, 2, 5, 1, 
337.487136, 41, 0.1, 0.1, 0.0201331566, 0.379360805, -0.034968443, 0.906428452, -0.422359397, 2.2386579e-005, 0.422359397, 0.906428452, 2.10452856e-005, -2.91805063e-005, -9.62086364e-006, 1, 0.906428458, -0.422359385, 2.15954024e-005, 0.422359385, 0.906428458, 9.32619646e-006, -2.35136939e-005, 6.67491018e-007, 1, 0, 0, 0, 0, 0, 0, 0, 0.232157568, -0.0940913086, -0.240302808, -0.117498192, 0.77783619, -0.617290169, -0.792114258, 0.301391602, 0.530639648, 0.598750425, 0.551367628, 0.580890029, 0, 0, 0, 0, 0, 0, 0, 0.323355518, -0.0784469238, -0.21090874, 0.264812856, 0.35452002, -0.896622408, 0.0504150391, -0.93371582, -0.354248047, -0.962823459, 0.0486766276, -0.265219407, 0, 2, 5, 1, 
337.488196, 41, 0.1, 0.1, 0.0201331538, 0.379360807, -0.0349698698, 0.906428314, -0.422359695, 6.99353384e-007, 0.422359695, 0.906428314, -2.4154581e-005, 9.56800776e-006, 2.21897748e-005, 1, 0.906428363, -0.422359589, -2.3827006e-006, 0.422359589, 0.906428363, -1.67827577e-005, 9.24810605e-006, 1.42060111e-005, 1, 0, 0, 0, 0, 0, 0, 0, 0.232157568, -0.0940913086, -0.240302808, -0.120278356, 0.775578731, -0.619620264, -0.792602539, 0.30065918, 0.530273438, 0.597584065, 0.555062156, 0.578663649, 0, 0, 0, 0, 0, 0, 0, 0.323355518, -0.0784469238, -0.21090874, 0.264812856, 0.35452002, -0.896622408, 0.0504150391, -0.93371582, -0.354248047, -0.962823459, 0.0486766276, -0.265219407, 0, 2, 5, 1, 
337.48936, 41, 0.1, 0.1, 0.0201331541, 0.379360803, -0.0349617633, 0.906428058, -0.422360245, -1.51414086e-005, 0.422360245, 0.906428057, 1.75711622e-005, 6.30323724e-006, -2.23221235e-005, 1, 0.906428112, -0.422360128, -5.1516027e-006, 0.422360128, 0.906428112, 2.49942474e-005, -5.88701604e-006, -2.48313201e-005, 1, 0, 0, 0, 0, 0, 0, 0, 0.233128149, -0.0968743408, -0.239089209, -0.120278356, 0.775578731, -0.619620264, -0.792602539, 0.30065918, 0.530273438, 0.597584065, 0.555062156, 0.578663649, 0, 0, 0, 0, 0, 0, 0, 0.324328906, -0.0809171387, -0.209875293, 0.262761788, 0.352627901, -0.898021625, 0.0544433594, -0.934570313, -0.351074219, -0.963161778, 0.0433225641, -0.264752757, 0, 2, 5, 1, 
337.490491, 41, 0.1, 0.1, 0.0201331516, 0.379360812, -0.0349497482, 0.906427773, -0.422360855, -5.05506201e-006, 0.422360855, 0.906427773, -1.0452834e-005, 8.99691652e-006, 7.33967876e-006, 1, 0.906427811, -0.422360774, 2.11167958e-006, 0.422360773, 0.906427811, -2.75782162e-005, 9.73387162e-006, 2.58895527e-005, 1, 0, 0, 0, 0, 0, 0, 0, 0.233128149, -0.0968743408, -0.239089209, -0.120278356, 0.775578731, -0.619620264, -0.792602539, 0.30065918, 0.530273438, 0.597584065, 0.555062156, 0.578663649, 0, 0, 0, 0, 0, 0, 0, 0.324328906, -0.0809171387, -0.209875293, 0.262761788, 0.352627901, -0.898021625, 0.0544433594, -0.934570313, -0.351074219, -0.963161778, 0.0433225641, -0.264752757, 0, 2, 5, 1, 
337.491623, 41, 0.1, 0.1, 0.020133154, 0.379360802, -0.0349396352, 0.906427554, -0.422361325, 2.13144334e-005, 0.422361325, 0.906427554, -1.47346341e-005, -1.30966502e-005, 2.23582706e-005, 1, 0.906427618, -0.422361188, -1.16303295e-005, 0.422361188, 0.906427618, 1.13122097e-005, 5.76421358e-006, -1.51658991e-005, 1, 0, 0, 0, 0, 0, 0, 0, 0.233128149, -0.0968743408, -0.239089209, -0.120278356, 0.775578731, -0.619620264, -0.792602539, 0.30065918, 0.530273438, 0.597584065, 0.555062156, 0.578663649, 0, 0, 0, 0, 0, 0, 0, 0.324328906, -0.0809171387, -0.209875293, 0.262761788, 0.352627901, -0.898021625, 0.0544433594, -0.934570313, -0.351074219, -0.963161778, 0.0433225641, -0.264752757, 0, 2, 5, 1, 
337.492753, 41, 0.1, 0.1, 0.0201331467, 0.379360803, -0.034935682, 0.906427401, -0.422361654, 1.93624279e-006, 0.422361653, 0.9064274, 4.58725728e-005, -2.11298792e-005, -4.07623622e-005, 0.999999999, 0.906427424, -0.422361605, 8.28915183e-006, 0.422361604, 0.906427424, 2.93275961e-005, -1.99003651e-005, -2.30823179e-005, 1, 0, 0, 0, 0, 0, 0, 0, 0.233128149, -0.0968743408, -0.239089209, -0.120278356, 0.775578731, -0.619620264, -0.792602539, 0.30065918, 0.530273438, 0.597584065, 0.555062156, 0.578663649, 0, 0, 0, 0, 0, 0, 0, 0.324328906, -0.0809171387, -0.209875293, 0.262761788, 0.352627901, -0.898021625, 0.0544433594, -0.934570313, -0.351074219, -0.963161778, 0.0433225641, -0.264752757, 0, 2, 5, 1, 
337.493935, 41, 0.1, 0.1, 0.0201331568, 0.379360816, -0.0349383262, 0.906427049, -0.422362408, 5.58920365e-006, 0.422362408, 0.906427048, -4.6642703e-005, 1.4633919e-005, 4.46388771e-005, 0.999999999, 0.906427151, -0.42236219, -1.54044546e-005, 0.422362189, 0.90642715, -5.85486931e-005, 3.86917701e-005, 4.65638659e-005, 0.999999998, 0, 0, 0, 0, 0, 0, 0, 0.233857056, -0.0996375977, -0.238058813, -0.123489493, 0.773771342, -0.621144579, -0.792114258, 0.300048828, 0.53137207, 0.597598291, 0.557696665, 0.576062463, 0, 0, 0, 0, 0, 0, 0, 0.32522417, -0.0833138672, -0.209262939, 0.259643626, 0.351470754, -0.899427038, 0.0573730469, -0.935302734, -0.348999023, -0.963857738, 0.0391504336, -0.263059332, 0, 2, 5, 1, 
337.495066, 41, 0.1, 0.1, 0.0201331444, 0.379360803, -0.0349459492, 0.906426311, -0.422363993, -6.91308415e-006, 0.422363993, 0.906426311, 1.40489243e-005, 3.32441592e-007, -1.56541525e-005, 1, 0.906426476, -0.422363638, 1.41187377e-005, 0.422363637, 0.906426476, 4.06699123e-005, -2.99750898e-005, -3.09010439e-005, 0.999999999, 0, 0, 0, 0, 0, 0, 0, 0.233857056, -0.0996375977, -0.238058813, -0.123489493, 0.773771342, -0.621144579, -0.792114258, 0.300048828, 0.53137207, 0.597598291, 0.557696665, 0.576062463, 0, 0, 0, 0, 0, 0, 0, 0.32522417, -0.0833138672, -0.209262939, 0.259643626, 0.351470754, -0.899427038, 0.0573730469, -0.935302734, -0.348999023, -0.963857738, 0.0391504336, -0.263059332, 0, 2, 5, 1, 
337.496194, 41, 0.1, 0.1, 0.0201331446, 0.379360811, -0.0349549253, 0.906425318, -0.422366124, -1.61869496e-005, 0.422366124, 0.906425318, 1.14458383e-005, 9.83792658e-006, -1.72116168e-005, 1, 0.906425525, -0.422365679, 6.28305484e-006, 0.422365679, 0.906425525, -8.47142225e-006, -2.11708327e-006, 1.03324601e-005, 1, 0, 0, 0, 0, 0, 0, 0, 0.233857056, -0.0996375977, -0.238058813, -0.123489493, 0.773771342, -0.621144579, -0.792114258, 0.300048828, 0.53137207, 0.597598291, 0.557696665, 0.576062463, 0, 0, 0, 0, 0, 0, 0, 0.32522417, -0.0833138672, -0.209262939, 0.259643626, 0.351470754, -0.899427038, 0.0573730469, -0.935302734, -0.348999023, -0.963857738, 0.0391504336, -0.263059332, 0, 2, 5, 1, 
337.497327, 41, 0.1, 0.1, 0.0201331489, 0.379360806, -0.034961045, 0.906424475, -0.422367933, 2.30757894e-007, 0.422367933, 0.906424475, -1.84770078e-005, 7.59493098e-006, 1.68454768e-005, 1, 0.90642463, -0.422367602, -5.12770215e-006, 0.422367602, 0.90642463, -8.3524952e-006, 8.17569889e-006, 5.40513211e-006, 1, 0, 0, 0, 0, 0, 0, 0, 0.233857056, -0.0996375977, -0.238058813, -0.123489493, 0.773771342, -0.621144579, -0.792114258, 0.300048828, 0.53137207, 0.597598291, 0.557696665, 0.576062463, 0, 0, 0, 0, 0, 0, 0, 0.32522417, -0.0833138672, -0.209262939, 0.259643626, 0.351470754, -0.899427038, 0.0573730469, -0.935302734, -0.348999023, -0.963857738, 0.0391504336, -0.263059332, 0, 2, 5, 1, 
337.498502, 41, 0.1, 0.1, 0.0201331521, 0.379360801, -0.0349612781, 0.906423664, -0.422369673, -8.45616337e-006, 0.422369673, 0.906423664, 2.49981134e-005, -2.89357839e-006, -2.62305085e-005, 1, 0.906423808, -0.422369364, -1.97894663e-005, 0.422369364, 0.906423808, 2.3298545e-005, 8.09705172e-006, -2.94768202e-005, 1, 0, 0, 0, 0, 0, 0, 0, 0.234564966, -0.10237644, -0.237215771, -0.127100525, 0.772446222, -0.621989672, -0.791748047, 0.298706055, 0.532714844, 0.597428671, 0.560254791, 0.573848065, 0, 0, 0, 0, 0, 0, 0, 0.325862988, -0.0856761719, -0.208622266, 0.256039858, 0.351156856, -0.900493766, 0.0611572266, -0.935546875, -0.34753418, -0.964604737, 0.0339622477, -0.261084823, 0, 2, 5, 1, 
337.499632, 41, 0.1, 0.1, 0.0201331501, 0.379360808, -0.0349562077, 0.906423047, -0.422370998, 4.88211218e-006, 0.422370998, 0.906423047, -9.64923592e-006, -3.49701597e-007, 1.08083524e-005, 1, 0.906423177, -0.422370718, 1.20763942e-005, 0.422370718, 0.906423177, -2.22698405e-005, -1.5401951e-006, 2.52866148e-005, 1, 0, 0, 0, 0, 0, 0, 0, 0.234564966, -0.10237644, -0.237215771, -0.127100525, 0.772446222, -0.621989672, -0.791748047, 0.298706055, 0.532714844, 0.597428671, 0.560254791, 0.573848065, 0, 0, 0, 0, 0, 0, 0, 0.325862988, -0.0856761719, -0.208622266, 0.256039858, 0.351156856, -0.900493766, 0.0611572266, -0.935546875, -0.34753418, -0.964604737, 0.0339622477, -0.261084823, 0, 2, 5, 1, 
337.500789, 41, 0.1, 0.1, 0.0201331481, 0.379360802, -0.0349488599, 0.906422493, -0.422372184, 4.40549458e-005, 0.422372185, 0.906422494, -1.11617861e-005, -3.52179658e-005, 2.87248777e-005, 0.999999999, 0.906422572, -0.422372017, 2.03124086e-005, 0.422372017, 0.906422572, 1.57708649e-005, -2.50727976e-005, -5.71567496e-006, 1, 0, 0, 0, 0, 0, 0, 0, 0.234564966, -0.10237644, -0.237215771, -0.131333489, 0.771279862, -0.622752391, -0.791137695, 0.296875, 0.534545898, 0.597233963, 0.563034955, 0.571373438, 0, 0, 0, 0, 0, 0, 0, 0.325862988, -0.0856761719, -0.208622266, 0.256039858, 0.351156856, -0.900493766, 0.0611572266, -0.935546875, -0.34753418, -0.964604737, 0.0339622477, -0.261084823, 0, 2, 5, 1, 
337.501946, 41, 0.1, 0.1, 0.0201331534, 0.379360814, -0.0349422213, 0.906422397, -0.422372389, -5.45505646e-005, 0.42237239, 0.906422398, 7.88393473e-006, 4.61158973e-005, -3.01868274e-005, 0.999999998, 0.906422376, -0.422372434, -4.90672607e-005, 0.422372434, 0.906422378, -8.14774103e-006, 4.79170444e-005, -1.33393636e-005, 0.999999999, 0, 0, 0, 0, 0, 0, 0, 0.235464258, -0.105329736, -0.236369312, -0.131333489, 0.771279862, -0.622752391, -0.791137695, 0.296875, 0.534545898, 0.597233963, 0.563034955, 0.571373438, 0, 0, 0, 0, 0, 0, 0, 0.326768262, -0.0880365234, -0.20798501, 0.253030337, 0.350644996, -0.901534975, 0.064453125, -0.935913086, -0.345947266, -0.965166536, 0.0294897116, -0.259353118, 0, 2, 5, 1, 
337.503076, 41, 0.1, 0.1, 0.0201331465, 0.379360818, -0.0349402736, 0.906422732, -0.422371674, 1.96412272e-005, 0.422371674, 0.906422731, -2.94400152e-005, -5.36862634e-006, 3.49809971e-005, 0.999999999, 0.906422638, -0.422371873, 3.77816737e-005, 0.422371874, 0.906422638, -2.47286291e-005, -2.3801487e-005, 3.83725055e-005, 0.999999999, 0, 0, 0, 0, 0, 0, 0, 0.235464258, -0.105329736, -0.236369312, -0.131333489, 0.771279862, -0.622752391, -0.791137695, 0.296875, 0.534545898, 0.597233963, 0.563034955, 0.571373438, 0, 0, 0, 0, 0, 0, 0, 0.326768262, -0.0880365234, -0.20798501, 0.253030337, 0.350644996, -0.901534975, 0.064453125, -0.935913086, -0.345947266, -0.965166536, 0.0294897116, -0.259353118, 0, 2, 5, 1, 
337.504215, 41, 0.1, 0.1, 0.0201331641, 0.379360812, -0.0349431299, 0.90642342, -0.422370196, 3.42746589e-006, 0.422370196, 0.90642342, 2.67962657e-005, -1.44246794e-005, -2.28411034e-005, 1, 0.906423263, -0.422370532, -3.57977567e-005, 0.422370533, 0.906423263, 2.89053147e-005, 2.02391663e-005, -4.13203672e-005, 0.999999999, 0, 0, 0, 0, 0, 0, 0, 0.235464258, -0.105329736, -0.236369312, -0.131333489, 0.771279862, -0.622752391, -0.791137695, 0.296875, 0.534545898, 0.597233963, 0.563034955, 0.571373438, 0, 0, 0, 0, 0, 0, 0, 0.326768262, -0.0880365234, -0.20798501, 0.253030337, 0.350644996, -0.901534975, 0.064453125, -0.935913086, -0.345947266, -0.965166536, 0.0294897116, -0.259353118, 0, 2, 5, 1, 
337.50535, 41, 0.1, 0.1, 0.0201331562, 0.379360817, -0.0349490583, 0.906424436, -0.422368016, -3.11403517e-005, 0.422368016, 0.906424437, 1.75181047e-006, 2.74864671e-005, -1.47405724e-005, 1, 0.906424209, -0.422368503, -6.45492799e-006, 0.422368503, 0.906424209, -1.87666577e-005, 1.37773481e-005, 1.42841946e-005, 1, 0, 0, 0, 0, 0, 0, 0, 0.235464258, -0.105329736, -0.236369312, -0.131333489, 0.771279862, -0.622752391, -0.791137695, 0.296875, 0.534545898, 0.597233963, 0.563034955, 0.571373438, 0, 0, 0, 0, 0, 0, 0, 0.326768262, -0.0880365234, -0.20798501, 0.253030337, 0.350644996, -0.901534975, 0.064453125, -0.935913086, -0.345947266, -0.965166536, 0.0294897116, -0.259353118, 0, 2, 5, 1, 
337.506529, 41, 0.1, 0.1, 0.020133153, 0.379360812, -0.0349544124, 0.906425701, -0.422365301, 3.83925582e-005, 0.422365302, 0.906425701, -1.61411666e-005, -2.79825328e-005, 3.08464527e-005, 0.999999999, 0.90642544, -0.422365861, 3.45714874e-005, 0.422365861, 0.90642544, -2.32211086e-006, -3.03556954e-005, 1.67066364e-005, 0.999999999, 0, 0, 0, 0, 0, 0, 0, 0.236274194, -0.107865845, -0.235314502, -0.137242415, 0.769460489, -0.623794436, -0.791259766, 0.293701172, 0.536376953, 0.595821598, 0.567154465, 0.568695867, 0, 0, 0, 0, 0, 0, 0, 0.327452002, -0.0905072266, -0.206723193, 0.250008057, 0.349123278, -0.902972471, 0.0697021484, -0.936645508, -0.342895508, -0.965606933, 0.0229471517, -0.258522263, 0, 2, 5, 1, 
337.507658, 41, 0.1, 0.1, 0.0201331588, 0.379360814, -0.0349571281, 0.906427058, -0.42236239, -1.86494201e-005, 0.422362391, 0.906427058, 1.61203529e-005, 1.00957082e-005, -2.24887377e-005, 1, 0.90642678, -0.422362986, -3.12841259e-005, 0.422362986, 0.90642678, 1.04072516e-005, 2.39611317e-005, -2.26466684e-005, 0.999999999, 0, 0, 0, 0, 0, 0, 0, 0.236274194, -0.107865845, -0.235314502, -0.137242415, 0.769460489, -0.623794436, -0.791259766, 0.293701172, 0.536376953, 0.595821598, 0.567154465, 0.568695867, 0, 0, 0, 0, 0, 0, 0, 0.327452002, -0.0905072266, -0.206723193, 0.250008057, 0.349123278, -0.902972471, 0.0697021484, -0.936645508, -0.342895508, -0.965606933, 0.0229471517, -0.258522263, 0, 2, 5, 1, 
337.508789, 41, 0.1, 0.1, 0.0201331492, 0.379360818, -0.0349565778, 0.906428521, -0.42235925, -1.12144002e-005, 0.42235925, 0.906428521, -1.30687499e-005, 1.56847596e-005, 7.10938201e-006, 1, 0.906428231, -0.422359872, 1.85309287e-005, 0.422359872, 0.906428231, -1.66323286e-005, -9.77212871e-006, 2.29027329e-005, 1, 0, 0, 0, 0, 0, 0, 0, 0.236274194, -0.107865845, -0.235314502, -0.137242415, 0.769460489, -0.623794436, -0.791259766, 0.293701172, 0.536376953, 0.595821598, 0.567154465, 0.568695867, 0, 0, 0, 0, 0, 0, 0, 0.327452002, -0.0905072266, -0.206723193, 0.250008057, 0.349123278, -0.902972471, 0.0697021484, -0.936645508, -0.342895508, -0.965606933, 0.0229471517, -0.258522263, 0, 2, 5, 1, 
337.509921, 41, 0.1, 0.1, 0.0201331543, 0.379360809, -0.0349533397, 0.906430097, -0.422355867, 3.17377795e-005, 0.422355867, 0.906430098, 2.25757274e-006, -2.97215776e-005, 1.13583055e-005, 0.999999999, 0.906429771, -0.422356568, 9.64402514e-006, 0.422356567, 0.906429771, 2.2437847e-005, -1.82184035e-005, -1.62651151e-005, 1, 0, 0, 0, 0, 0, 0, 0, 0.236274194, -0.107865845, -0.235314502, -0.137242415, 0.769460489, -0.623794436, -0.791259766, 0.293701172, 0.536376953, 0.595821598, 0.567154465, 0.568695867, 0, 0, 0, 0, 0, 0, 0, 0.327452002, -0.0905072266, -0.206723193, 0.250008057, 0.349123278, -0.902972471, 0.0697021484, -0.936645508, -0.342895508, -0.965606933, 0.0229471517, -0.258522263, 0, 2, 5, 1, 
337.511098, 41, 0.1, 0.1, 0.0201331618, 0.379360811, -0.0349485325, 0.906431862, -0.422352077, -5.00220046e-005, 0.422352079, 0.906431862, 2.08045983e-005, 3.65546735e-005, -3.99848484e-005, 0.999999999, 0.906431512, -0.422352828, -4.73275409e-005, 0.422352829, 0.906431513, 7.74470446e-006, 3.96281767e-005, -2.7008965e-005, 0.999999999, 0, 0, 0, 0, 0, 0, 0, 0.237105127, -0.110887134, -0.234076367, -0.142751446, 0.766854433, -0.62557299, -0.791137695, 0.291381836, 0.537719727, 0.59459308, 0.571769349, 0.565269804, 0, 0, 0, 0, 0, 0, 0, 0.328385596, -0.0932426758, -0.205256445, 0.247337222, 0.346994552, -0.90464001, 0.0748291016, -0.93762207, -0.339233398, -0.965887649, 0.0163407926, -0.25783833, 0, 2, 5, 1, 
337.511939, 41, 0.1, 0.1, 0.0201331609, 0.379360807, -0.0349472233, 0.9064332, -0.422349208, 1.45954114e-005, 0.422349208, 0.9064332, -1.23841315e-005, -7.9993374e-006, 1.73897484e-005, 1, 0.90643298, -0.422349681, 2.32472661e-005, 0.422349681, 0.90643298, -6.45291393e-006, -1.83467026e-005, 1.56676094e-005, 1, 0, 0, 0, 0, 0, 0, 0, 0.237105127, -0.110887134, -0.234076367, -0.142751446, 0.766854433, -0.62557299, -0.791137695, 0.291381836, 0.537719727, 0.59459308, 0.571769349, 0.565269804, 0, 0, 0, 0, 0, 0, 0, 0.328385596, -0.0932426758, -0.205256445, 0.247337222, 0.346994552, -0.90464001, 0.0748291016, -0.93762207, -0.339233398, -0.965887649, 0.0163407926, -0.25783833, 0, 2, 5, 1, 
337.512627, 41, 0.1, 0.1, 0.0201331646, 0.379360808, -0.0349528866, 0.90643429, -0.422346868, 5.08803326e-006, 0.422346868, 0.90643429, 4.9595993e-006, -6.70663905e-006, -2.34663595e-006, 1, 0.90643408, -0.42234732, -1.4416625e-005, 0.42234732, 0.90643408, 6.85032104e-006, 1.01745054e-005, -1.22981874e-005, 1, 0, 0, 0, 0, 0, 0, 0, 0.237105127, -0.110887134, -0.234076367, -0.142751446, 0.766854433, -0.62557299, -0.791137695, 0.291381836, 0.537719727, 0.59459308, 0.571769349, 0.565269804, 0, 0, 0, 0, 0, 0, 0, 0.328385596, -0.0932426758, -0.205256445, 0.247337222, 0.346994552, -0.90464001, 0.0748291016, -0.93762207, -0.339233398, -0.965887649, 0.0163407926, -0.25783833, 0, 2, 5, 1, 
