time, trialNum, realDorsalTactorPos, realVentralTactorPos, boxPosX, boxPosY, boxPosZ, boxLocalRot_11, boxLocalRot_12, boxLocalRot_13, boxLocalRot_21, boxLocalRot_22, boxLocalRot_23, boxLocalRot_31, boxLocalRot_32, boxLocalRot_33, boxGlobalRot_11, boxGlobalRot_12, boxGlobalRot_13, boxGlobalRot_21, boxGlobalRot_22, boxGlobalRot_23, boxGlobalRot_31, boxGlobalRot_32, boxGlobalRot_33, indexForceX, indexForceY, indexForceZ, indexForceGlobalX, indexForceGlobalY, indexForceGlobalZ, indexContact, indexPosX, indexPosY, indexPosZ, indexRot_11, indexRot_12, indexRot_13, indexRot_21, indexRot_22, indexRot_23, indexRot_31, indexRot_32, indexRot_33, thumbForceX, thumbForceY, thumbForceZ, thumbForceGlobalX, thumbForceGlobalY, thumbForceGlobalZ, thumbContact, thumbPosX, thumbPosY, thumbPosZ, thumbRot_11, thumbRot_12, thumbRot_13, thumbRot_21, thumbRot_22, thumbRot_23, thumbRot_31, thumbRot_32, thumbRot_33, manipForceTooHigh, cceExpType, mapping, trialSuccess, 
341.831456, 42, 0.1, 0.1, 0.00502784232, 0.375358356, -0.0349659955, 0.89388065, -4.70943334e-006, 0.448305012, 0.448305012, 1.33484986e-005, -0.89388065, -1.77452747e-006, 1, 1.40432271e-005, 0.893880631, -1.18670535e-005, 0.44830505, 0.44830505, -1.00978601e-005, -0.893880631, 1.5134651e-005, 1, -3.70622156e-006, 0, 0, 0, 0, 0, 0, 0, 0.220593042, -0.0734612793, -0.230407886, -0.214475832, 0.582384286, -0.784011615, -0.887451172, 0.218994141, 0.405517578, 0.407835236, 0.782790286, 0.470109065, 0, 0, -0, 0, 0, 0, 0, 0.308475537, -0.0422442383, -0.195354199, 0.307650496, 0.257273639, -0.915889584, 0.107299805, -0.965820313, -0.235351562, -0.945310314, -0.0257388162, -0.3248108, 0, 2, 5, 1, 
341.842258, 42, 0.1, 0.1, 0.00502695533, 0.375359999, -0.0349619109, 0.89387315, -1.61521064e-005, 0.448319966, 0.448319966, -5.59611474e-006, -0.89387315, 1.69467841e-005, 1, 2.23909507e-006, 0.893873287, -1.22559389e-005, 0.448319692, 0.448319692, -9.58592118e-006, -0.893873287, 1.52528136e-005, 1, -3.07402013e-006, 0, 0, 0, 0, 0, 0, 0, 0.227346729, -0.0846977783, -0.22861123, -0.229344174, 0.571329892, -0.787979479, -0.894897461, 0.194335937, 0.401489258, 0.382629149, 0.797271099, 0.466906163, 0, 0, -0, 0, 0, 0, 0, 0.314152246, -0.0512953125, -0.193486865, 0.301651145, 0.259313011, -0.917397809, 0.139160156, -0.963867188, -0.22668457, -0.943117789, -0.0591559721, -0.326810462, 0, 2, 5, 1, 
341.842982, 42, 0.1, 0.1, 0.00502690402, 0.375360095, -0.0349668461, 0.893872494, -5.30494758e-006, 0.448321274, 0.448321274, 5.65845089e-006, -0.893872494, 2.20514281e-006, 1, 7.43625446e-006, 0.893872616, 5.88966574e-006, 0.448321031, 0.448321031, -7.22760566e-007, -0.893872616, -4.94058216e-006, 1, -3.2865169e-006, 0, 0, 0, 0, 0, 0, 0, 0.228566553, -0.0877066162, -0.227992896, -0.231484431, 0.569103512, -0.788912939, -0.895751953, 0.19152832, 0.401000977, 0.379260374, 0.799601194, 0.465694497, 0, 0, -0, 0, 0, 0, 0, 0.315210596, -0.0536529785, -0.192847168, 0.300616133, 0.259331234, -0.917723734, 0.144775391, -0.963500977, -0.224853516, -0.94261286, -0.0651684495, -0.327212946, 0, 2, 5, 1, 
341.843679, 42, 0.1, 0.1, 0.00502685551, 0.375360185, -0.0349720709, 0.893871943, 7.60175051e-006, 0.448322372, 0.448322372, -1.10789689e-005, -0.893871943, -1.82804187e-006, 1, -1.33112143e-005, 0.893872045, 5.92208811e-006, 0.448322168, 0.448322169, -5.25547842e-006, -0.893872045, -2.93744153e-006, 1, -7.35272863e-006, 0, 0, 0, 0, 0, 0, 0, 0.228566553, -0.0877066162, -0.227992896, -0.231484431, 0.569103512, -0.788912939, -0.895751953, 0.19152832, 0.401000977, 0.379260374, 0.799601194, 0.465694497, 0, 0, -0, 0, 0, 0, 0, 0.315210596, -0.0536529785, -0.192847168, 0.300616133, 0.259331234, -0.917723734, 0.144775391, -0.963500977, -0.224853516, -0.94261286, -0.0651684495, -0.327212946, 0, 2, 5, 1, 
341.844377, 42, 0.1, 0.1, 0.00502680702, 0.375360274, -0.0349762122, 0.893871498, 1.74066226e-007, 0.44832326, 0.44832326, 2.07506759e-005, -0.893871498, -9.45860351e-006, 1, 1.84703998e-005, 0.893871581, 6.22178124e-007, 0.448323093, 0.448323093, 1.23899312e-005, -0.893871581, -6.11083965e-006, 1, 1.07960706e-005, 0, 0, 0, 0, 0, 0, 0, 0.228566553, -0.0877066162, -0.227992896, -0.231484431, 0.569103512, -0.788912939, -0.895751953, 0.19152832, 0.401000977, 0.379260374, 0.799601194, 0.465694497, 0, 0, -0, 0, 0, 0, 0, 0.315210596, -0.0536529785, -0.192847168, 0.300616133, 0.259331234, -0.917723734, 0.144775391, -0.963500977, -0.224853516, -0.94261286, -0.0651684495, -0.327212946, 0, 2, 5, 1, 
341.845085, 42, 0.1, 0.1, 0.0050267606, 0.375360361, -0.0349781011, 0.893871071, -3.0506941e-006, 0.448324112, 0.448324112, -1.26258755e-005, -0.893871071, 8.38741162e-006, 1, -9.91820513e-006, 0.893871158, -9.07383401e-006, 0.448323937, 0.448323937, -1.06945268e-006, -0.893871158, 8.59029975e-006, 1, 3.11206408e-006, 0, 0, 0, 0, 0, 0, 0, 0.230054419, -0.0912406738, -0.227228467, -0.232717436, 0.565284669, -0.791281226, -0.897094727, 0.189331055, 0.399047852, 0.375377129, 0.80280147, 0.463226983, 0, 0, -0, 0, 0, 0, 0, 0.315210596, -0.0536529785, -0.192847168, 0.300616133, 0.259331234, -0.917723734, 0.144775391, -0.963500977, -0.224853516, -0.94261286, -0.0651684495, -0.327212946, 0, 2, 5, 1, 
341.845794, 42, 0.1, 0.1, 0.00502670883, 0.375360455, -0.0349771429, 0.893870594, 5.27555606e-006, 0.448325063, 0.448325063, -6.85982273e-006, -0.893870594, -1.64023397e-006, 1, -8.49695782e-006, 0.893870687, 1.34566718e-005, 0.448324876, 0.448324876, -1.29867771e-005, -0.893870687, -6.20622923e-006, 1, -1.764146e-005, 0, 0, 0, 0, 0, 0, 0, 0.230054419, -0.0912406738, -0.227228467, -0.232717436, 0.565284669, -0.791281226, -0.897094727, 0.189331055, 0.399047852, 0.375377129, 0.80280147, 0.463226983, 0, 0, -0, 0, 0, 0, 0, 0.316327051, -0.0567943848, -0.192457324, 0.300430933, 0.257266674, -0.918401105, 0.148681641, -0.963623047, -0.221313477, -0.942018612, -0.0700496665, -0.327775111, 0, 2, 5, 1, 
341.846488, 42, 0.1, 0.1, 0.00502666593, 0.375360539, -0.0349740735, 0.893870169, -5.1745367e-007, 0.44832591, 0.44832591, 9.37824576e-006, -0.893870169, -3.74197416e-006, 1, 8.61492201e-006, 0.893870245, -1.15674323e-005, 0.448325757, 0.448325757, 1.09542763e-005, -0.893870245, 5.42869936e-006, 1, 1.49776795e-005, 0, 0, 0, 0, 0, 0, 0, 0.230054419, -0.0912406738, -0.227228467, -0.232717436, 0.565284669, -0.791281226, -0.897094727, 0.189331055, 0.399047852, 0.375377129, 0.80280147, 0.463226983, 0, 0, -0, 0, 0, 0, 0, 0.316327051, -0.0567943848, -0.192457324, 0.300430933, 0.257266674, -0.918401105, 0.148681641, -0.963623047, -0.221313477, -0.942018612, -0.0700496665, -0.327775111, 0, 2, 5, 1, 
341.847184, 42, 0.1, 0.1, 0.00502661973, 0.375360626, -0.0349699285, 0.893869871, -1.59973118e-005, 0.448326503, 0.448326503, -5.13448039e-007, -0.893869871, 1.45297074e-005, 1, 6.71306312e-006, 0.893869919, -7.24104077e-006, 0.448326408, 0.448326408, -7.35677491e-006, -0.893869919, 9.77078499e-006, 1, -3.32965e-006, 0, 0, 0, 0, 0, 0, 0, 0.230054419, -0.0912406738, -0.227228467, -0.232717436, 0.565284669, -0.791281226, -0.897094727, 0.189331055, 0.399047852, 0.375377129, 0.80280147, 0.463226983, 0, 0, -0, 0, 0, 0, 0, 0.316327051, -0.0567943848, -0.192457324, 0.300430933, 0.257266674, -0.918401105, 0.148681641, -0.963623047, -0.221313477, -0.942018612, -0.0700496665, -0.327775111, 0, 2, 5, 1, 
341.84788, 42, 0.1, 0.1, 0.0050265733, 0.375360711, -0.0349659759, 0.893869697, 1.74619477e-005, 0.44832685, 0.44832685, -1.03424193e-005, -0.893869697, -1.09719216e-005, 1, -1.70734352e-005, 0.893869722, 1.51181498e-005, 0.448326801, 0.448326801, -4.31489601e-006, -0.893869722, -1.15791729e-005, 1, -1.06348266e-005, 0, 0, 0, 0, 0, 0, 0, 0.230054419, -0.0912406738, -0.227228467, -0.232717436, 0.565284669, -0.791281226, -0.897094727, 0.189331055, 0.399047852, 0.375377129, 0.80280147, 0.463226983, 0, 0, -0, 0, 0, 0, 0, 0.316327051, -0.0567943848, -0.192457324, 0.300430933, 0.257266674, -0.918401105, 0.148681641, -0.963623047, -0.221313477, -0.942018612, -0.0700496665, -0.327775111, 0, 2, 5, 1, 
341.848574, 42, 0.1, 0.1, 0.00502653011, 0.375360796, -0.0349633698, 0.89386964, -8.32478025e-006, 0.448326964, 0.448326964, 5.92184014e-006, -0.89386964, 4.78634772e-006, 1, 9.02557657e-006, 0.893869642, -1.54502155e-005, 0.44832696, 0.44832696, 2.84902007e-006, -0.893869642, 1.25331861e-005, 1, 9.47340067e-006, 0, 0, 0, 0, 0, 0, 0, 0.230054419, -0.0912406738, -0.227228467, -0.232717436, 0.565284669, -0.791281226, -0.897094727, 0.189331055, 0.399047852, 0.375377129, 0.80280147, 0.463226983, 0, 0, -0, 0, 0, 0, 0, 0.316327051, -0.0567943848, -0.192457324, 0.300430933, 0.257266674, -0.918401105, 0.148681641, -0.963623047, -0.221313477, -0.942018612, -0.0700496665, -0.327775111, 0, 2, 5, 1, 
341.849271, 42, 0.1, 0.1, 0.00502648056, 0.375360881, -0.0349627468, 0.893869694, 3.23776656e-007, 0.448326856, 0.448326856, -1.00224289e-005, -0.893869694, 4.20390989e-006, 1, -9.10390321e-006, 0.893869678, 1.55074075e-005, 0.448326888, 0.448326888, -1.1198715e-005, -0.893869678, -8.84091629e-006, 1, -1.69625795e-005, 0, 0, 0, 0, 0, 0, 0, 0.230054419, -0.0912406738, -0.227228467, -0.232717436, 0.565284669, -0.791281226, -0.897094727, 0.189331055, 0.399047852, 0.375377129, 0.80280147, 0.463226983, 0, 0, -0, 0, 0, 0, 0, 0.316327051, -0.0567943848, -0.192457324, 0.300430933, 0.257266674, -0.918401105, 0.148681641, -0.963623047, -0.221313477, -0.942018612, -0.0700496665, -0.327775111, 0, 2, 5, 1, 
341.84998, 42, 0.1, 0.1, 0.00502643579, 0.375360963, -0.0349642098, 0.893869856, 1.86581685e-005, 0.448326533, 0.448326533, 1.19612261e-006, -0.893869856, -1.72142279e-005, 1, -7.29577406e-006, 0.893869812, 6.83815546e-006, 0.448326622, 0.448326622, 1.02815315e-005, -0.893869812, -1.0721905e-005, 1, 6.12462352e-006, 0, 0, 0, 0, 0, 0, 0, 0.230054419, -0.0912406738, -0.227228467, -0.235093958, 0.56212595, -0.792880803, -0.899169922, 0.183837891, 0.396972656, 0.368955977, 0.806267968, 0.462491595, 0, 0, -0, 0, 0, 0, 0, 0.316327051, -0.0567943848, -0.192457324, 0.300430933, 0.257266674, -0.918401105, 0.148681641, -0.963623047, -0.221313477, -0.942018612, -0.0700496665, -0.327775111, 0, 2, 5, 1, 
341.850687, 42, 0.1, 0.1, 0.00502639067, 0.375361047, -0.0349669035, 0.893870099, -1.54514683e-005, 0.448326048, 0.448326048, 7.05034988e-006, -0.893870099, 1.065075e-005, 1, 1.32293927e-005, 0.893870045, -1.2528363e-005, 0.448326156, 0.448326156, 1.49242688e-006, -0.893870045, 1.05296344e-005, 1, 6.95082852e-006, 0, 0, 0, 0, 0, 0, 0, 0.23214585, -0.094070459, -0.226642725, -0.235093958, 0.56212595, -0.792880803, -0.899169922, 0.183837891, 0.396972656, 0.368955977, 0.806267968, 0.462491595, 0, 0, -0, 0, 0, 0, 0, 0.317843604, -0.0589541992, -0.191822754, 0.299491803, 0.257291094, -0.91868875, 0.155639648, -0.963134766, -0.218994141, -0.941258119, -0.0772889198, -0.3285418, 0, 2, 5, 1, 
341.85138, 42, 0.1, 0.1, 0.00502634586, 0.375361127, -0.0349701377, 0.893870399, 7.13835352e-006, 0.44832545, 0.44832545, -6.25357023e-006, -0.893870399, -3.57712823e-006, 1, -8.79018688e-006, 0.893870337, 1.26515284e-005, 0.448325575, 0.448325575, -3.53410317e-006, -0.893870337, -9.72439713e-006, 1, -8.83103375e-006, 0, 0, 0, 0, 0, 0, 0, 0.23214585, -0.094070459, -0.226642725, -0.235093958, 0.56212595, -0.792880803, -0.899169922, 0.183837891, 0.396972656, 0.368955977, 0.806267968, 0.462491595, 0, 0, -0, 0, 0, 0, 0, 0.317843604, -0.0589541992, -0.191822754, 0.299491803, 0.257291094, -0.91868875, 0.155639648, -0.963134766, -0.218994141, -0.941258119, -0.0772889198, -0.3285418, 0, 2, 5, 1, 
341.852076, 42, 0.1, 0.1, 0.0050263063, 0.375361206, -0.0349730623, 0.893870746, -1.37795791e-006, 0.448324759, 0.448324759, 6.04968506e-006, -0.893870746, -1.48050733e-006, 1, 6.02540915e-006, 0.893870674, -1.22851601e-005, 0.448324901, 0.448324901, 6.42722356e-006, -0.893870674, 8.09985997e-006, 1, 1.12528498e-005, 0, 0, 0, 0, 0, 0, 0, 0.23214585, -0.094070459, -0.226642725, -0.235093958, 0.56212595, -0.792880803, -0.899169922, 0.183837891, 0.396972656, 0.368955977, 0.806267968, 0.462491595, 0, 0, -0, 0, 0, 0, 0, 0.317843604, -0.0589541992, -0.191822754, 0.299491803, 0.257291094, -0.91868875, 0.155639648, -0.963134766, -0.218994141, -0.941258119, -0.0772889198, -0.3285418, 0, 2, 5, 1, 
341.852776, 42, 0.1, 0.1, 0.00502626327, 0.375361287, -0.0349747948, 0.893871129, -1.3289601e-005, 0.448323995, 0.448323995, -4.07617855e-007, -0.893871129, 1.20619355e-005, 1, 5.59368916e-006, 0.893871047, -5.41799203e-006, 0.448324159, 0.448324159, -6.84469839e-006, -0.893871047, 7.91162986e-006, 1, -3.68926099e-006, 0, 0, 0, 0, 0, 0, 0, 0.23214585, -0.094070459, -0.226642725, -0.235093958, 0.56212595, -0.792880803, -0.899169922, 0.183837891, 0.396972656, 0.368955977, 0.806267968, 0.462491595, 0, 0, -0, 0, 0, 0, 0, 0.317843604, -0.0589541992, -0.191822754, 0.299491803, 0.257291094, -0.91868875, 0.155639648, -0.963134766, -0.218994141, -0.941258119, -0.0772889198, -0.3285418, 0, 2, 5, 1, 
341.853483, 42, 0.1, 0.1, 0.00502622047, 0.375361366, -0.034974723, 0.893871544, 1.16139102e-005, 0.448323167, 0.448323167, -4.23311951e-006, -0.893871544, -8.4835383e-006, 1, -8.99065008e-006, 0.893871462, 9.7241502e-006, 0.448323332, 0.448323332, -2.37397829e-007, -0.893871462, -8.58570937e-006, 1, -4.57176656e-006, 0, 0, 0, 0, 0, 0, 0, 0.23214585, -0.094070459, -0.226642725, -0.235093958, 0.56212595, -0.792880803, -0.899169922, 0.183837891, 0.396972656, 0.368955977, 0.806267968, 0.462491595, 0, 0, -0, 0, 0, 0, 0, 0.319731348, -0.061553418, -0.190963965, 0.300565461, 0.257079274, -0.918433554, 0.161865234, -0.962646484, -0.216552734, -0.939795103, -0.0834483184, -0.330969832, 0, 2, 5, 1, 
341.854183, 42, 0.1, 0.1, 0.00502618005, 0.375361443, -0.0349731015, 0.893871974, -6.05390136e-006, 0.448322311, 0.448322311, 7.95403398e-006, -0.893871974, 1.84544186e-006, 1, 9.8239871e-006, 0.893871887, -1.16147988e-005, 0.448322484, 0.448322484, 6.00475659e-006, -0.893871887, 7.6900747e-006, 1, 1.05746585e-005, 0, 0, 0, 0, 0, 0, 0, 0.23214585, -0.094070459, -0.226642725, -0.235093958, 0.56212595, -0.792880803, -0.899169922, 0.183837891, 0.396972656, 0.368955977, 0.806267968, 0.462491595, 0, 0, -0, 0, 0, 0, 0, 0.319731348, -0.061553418, -0.190963965, 0.300565461, 0.257079274, -0.918433554, 0.161865234, -0.962646484, -0.216552734, -0.939795103, -0.0834483184, -0.330969832, 0, 2, 5, 1, 
341.854881, 42, 0.1, 0.1, 0.00502613525, 0.375361521, -0.0349705489, 0.893872427, -1.24184071e-006, 0.448321407, 0.448321407, -6.34919043e-006, -0.893872427, 3.95652515e-006, 1, -5.11862249e-006, 0.893872336, 1.10782746e-005, 0.448321588, 0.448321588, -6.64072023e-006, -0.893872336, -6.925385e-006, 1, -1.09025858e-005, 0, 0, 0, 0, 0, 0, 0, 0.23214585, -0.094070459, -0.226642725, -0.235093958, 0.56212595, -0.792880803, -0.899169922, 0.183837891, 0.396972656, 0.368955977, 0.806267968, 0.462491595, 0, 0, -0, 0, 0, 0, 0, 0.319731348, -0.061553418, -0.190963965, 0.300565461, 0.257079274, -0.918433554, 0.161865234, -0.962646484, -0.216552734, -0.939795103, -0.0834483184, -0.330969832, 0, 2, 5, 1, 
341.85559, 42, 0.1, 0.1, 0.00502609392, 0.375361597, -0.0349677173, 0.893872922, 1.67125535e-005, 0.448320419, 0.448320419, -1.14997101e-006, -0.893872922, -1.44233435e-005, 1, -8.52050693e-006, 0.893872823, 7.04509426e-006, 0.448320617, 0.448320617, 7.23113836e-006, -0.893872823, -9.53928671e-006, 1, 3.30525705e-006, 0, 0, 0, 0, 0, 0, 0, 0.234036255, -0.0970766113, -0.226247021, -0.237120761, 0.559937762, -0.793839351, -0.900634766, 0.179443359, 0.395629883, 0.363962537, 0.808839198, 0.461901863, 0, 0, -0, 0, 0, 0, 0, 0.319731348, -0.061553418, -0.190963965, 0.300565461, 0.257079274, -0.918433554, 0.161865234, -0.962646484, -0.216552734, -0.939795103, -0.0834483184, -0.330969832, 0, 2, 5, 1, 
341.856297, 42, 0.1, 0.1, 0.00502605291, 0.375361675, -0.0349654672, 0.893873448, -1.61832869e-005, 0.448319372, 0.448319372, 4.87218744e-006, -0.893873448, 1.22815144e-005, 1, 1.16104e-005, 0.893873342, -1.40757229e-005, 0.448319584, 0.448319584, -7.82436449e-007, -0.893873342, 1.29326951e-005, 1, 5.61102316e-006, 0, 0, 0, 0, 0, 0, 0, 0.234036255, -0.0970766113, -0.226247021, -0.237120761, 0.559937762, -0.793839351, -0.900634766, 0.179443359, 0.395629883, 0.363962537, 0.808839198, 0.461901863, 0, 0, -0, 0, 0, 0, 0, 0.319731348, -0.061553418, -0.190963965, 0.300565461, 0.257079274, -0.918433554, 0.161865234, -0.962646484, -0.216552734, -0.939795103, -0.0834483184, -0.330969832, 0, 2, 5, 1, 
341.856988, 42, 0.1, 0.1, 0.00502601037, 0.375361749, -0.0349646528, 0.893873997, 1.08300941e-005, 0.448318277, 0.448318277, -8.99092367e-006, -0.893873997, -5.64994405e-006, 1, -1.2892082e-005, 0.893873886, 1.73461937e-005, 0.448318498, 0.448318498, -6.70652349e-006, -0.893873886, -1.2498651e-005, 1, -1.37714057e-005, 0, 0, 0, 0, 0, 0, 0, 0.234036255, -0.0970766113, -0.226247021, -0.237120761, 0.559937762, -0.793839351, -0.900634766, 0.179443359, 0.395629883, 0.363962537, 0.808839198, 0.461901863, 0, 0, -0, 0, 0, 0, 0, 0.319731348, -0.061553418, -0.190963965, 0.300565461, 0.257079274, -0.918433554, 0.161865234, -0.962646484, -0.216552734, -0.939795103, -0.0834483184, -0.330969832, 0, 2, 5, 1, 
341.85768, 42, 0.1, 0.1, 0.00502597393, 0.375361821, -0.0349653738, 0.893874574, 2.7771479e-006, 0.448317126, 0.448317126, 9.57331398e-006, -0.893874574, -6.7743025e-006, 1, 7.312299e-006, 0.893874459, -1.12679983e-005, 0.448317356, 0.448317356, 9.877266e-006, -0.893874459, 5.6440261e-006, 1, 1.3880675e-005, 0, 0, 0, 0, 0, 0, 0, 0.234036255, -0.0970766113, -0.226247021, -0.237120761, 0.559937762, -0.793839351, -0.900634766, 0.179443359, 0.395629883, 0.363962537, 0.808839198, 0.461901863, 0, 0, -0, 0, 0, 0, 0, 0.319731348, -0.061553418, -0.190963965, 0.300565461, 0.257079274, -0.918433554, 0.161865234, -0.962646484, -0.216552734, -0.939795103, -0.0834483184, -0.330969832, 0, 2, 5, 1, 
341.858401, 42, 0.1, 0.1, 0.00502593088, 0.375361898, -0.0349670762, 0.893875211, -1.23248295e-005, 0.448315857, 0.448315857, 5.51636065e-007, -0.893875211, 1.07695524e-005, 1, 6.01851032e-006, 0.893875086, -2.00138922e-006, 0.448316105, 0.448316105, -7.76339463e-006, -0.893875086, 5.26944681e-006, 1, -6.04225003e-006, 0, 0, 0, 0, 0, 0, 0, 0.236348975, -0.0996152832, -0.225376514, -0.239491291, 0.558149469, -0.794327612, -0.902832031, 0.172607422, 0.393554688, 0.356798885, 0.811594274, 0.462720747, 0, 0, -0, 0, 0, 0, 0, 0.321819141, -0.0636585449, -0.189643799, 0.301262154, 0.257979025, -0.917922795, 0.169555664, -0.961791992, -0.21472168, -0.938248965, -0.0908410561, -0.333493746, 0, 2, 5, 1, 
341.859108, 42, 0.1, 0.1, 0.00502589061, 0.37536197, -0.0349692885, 0.893875852, 1.58638684e-005, 0.448314579, 0.448314579, -4.11060931e-006, -0.893875852, -1.23374828e-005, 1, -1.07863779e-005, 0.893875725, 1.40734917e-005, 0.448314832, 0.448314832, 9.12901711e-007, -0.893875725, -1.298922e-005, 1, -5.4933344e-006, 0, 0, 0, 0, 0, 0, 0, 0.236348975, -0.0996152832, -0.225376514, -0.239491291, 0.558149469, -0.794327612, -0.902832031, 0.172607422, 0.393554688, 0.356798885, 0.811594274, 0.462720747, 0, 0, -0, 0, 0, 0, 0, 0.321819141, -0.0636585449, -0.189643799, 0.301262154, 0.257979025, -0.917922795, 0.169555664, -0.961791992, -0.21472168, -0.938248965, -0.0908410561, -0.333493746, 0, 2, 5, 1, 
341.859804, 42, 0.1, 0.1, 0.00502585387, 0.375362042, -0.0349713652, 0.893876491, -9.19577916e-006, 0.448313304, 0.448313304, 6.85284848e-006, -0.893876491, 5.14766766e-006, 1, 1.02481903e-005, 0.893876363, -1.39730788e-005, 0.448313559, 0.448313559, 4.94239074e-006, -0.893876363, 1.02744641e-005, 1, 1.06822069e-005, 0, 0, 0, 0, 0, 0, 0, 0.236348975, -0.0996152832, -0.225376514, -0.239491291, 0.558149469, -0.794327612, -0.902832031, 0.172607422, 0.393554688, 0.356798885, 0.811594274, 0.462720747, 0, 0, -0, 0, 0, 0, 0, 0.321819141, -0.0636585449, -0.189643799, 0.301262154, 0.257979025, -0.917922795, 0.169555664, -0.961791992, -0.21472168, -0.938248965, -0.0908410561, -0.333493746, 0, 2, 5, 1, 
341.860497, 42, 0.1, 0.1, 0.00502581388, 0.375362114, -0.0349728133, 0.893877127, -4.19225591e-006, 0.448312036, 0.448312036, -7.78935087e-006, -0.893877127, 7.23942141e-006, 1, -5.0832838e-006, 0.893877001, 7.14770103e-006, 0.448312287, 0.448312287, -8.01228365e-006, -0.893877001, -2.79716036e-006, 1, -1.03663983e-005, 0, 0, 0, 0, 0, 0, 0, 0.236348975, -0.0996152832, -0.225376514, -0.239491291, 0.558149469, -0.794327612, -0.902832031, 0.172607422, 0.393554688, 0.356798885, 0.811594274, 0.462720747, 0, 0, -0, 0, 0, 0, 0, 0.321819141, -0.0636585449, -0.189643799, 0.301262154, 0.257979025, -0.917922795, 0.169555664, -0.961791992, -0.21472168, -0.938248965, -0.0908410561, -0.333493746, 0, 2, 5, 1, 
341.86119, 42, 0.1, 0.1, 0.00502577805, 0.375362183, -0.0349732638, 0.893877766, 9.70639984e-006, 0.448310763, 0.448310763, -1.31535802e-006, -0.893877766, -8.08664585e-006, 1, -5.52725281e-006, 0.893877637, 1.24224943e-006, 0.448311019, 0.448311019, 5.20421418e-006, -0.893877637, -3.44352554e-006, 1, 4.09501657e-006, 0, 0, 0, 0, 0, 0, 0, 0.236348975, -0.0996152832, -0.225376514, -0.239491291, 0.558149469, -0.794327612, -0.902832031, 0.172607422, 0.393554688, 0.356798885, 0.811594274, 0.462720747, 0, 0, -0, 0, 0, 0, 0, 0.321819141, -0.0636585449, -0.189643799, 0.301262154, 0.257979025, -0.917922795, 0.169555664, -0.961791992, -0.21472168, -0.938248965, -0.0908410561, -0.333493746, 0, 2, 5, 1, 
341.86188, 42, 0.1, 0.1, 0.00502574165, 0.375362253, -0.0349726987, 0.893878395, -1.33181451e-005, 0.448309507, 0.448309507, 4.92098828e-006, -0.893878395, 9.69867638e-006, 1, 1.03694162e-005, 0.893878269, -1.20686883e-005, 0.44830976, 0.44830976, 2.28323004e-007, -0.893878269, 1.06855787e-005, 1, 5.61460371e-006, 0, 0, 0, 0, 0, 0, 0, 0.236348975, -0.0996152832, -0.225376514, -0.239491291, 0.558149469, -0.794327612, -0.902832031, 0.172607422, 0.393554688, 0.356798885, 0.811594274, 0.462720747, 0, 0, -0, 0, 0, 0, 0, 0.321819141, -0.0636585449, -0.189643799, 0.301262154, 0.257979025, -0.917922795, 0.169555664, -0.961791992, -0.21472168, -0.938248965, -0.0908410561, -0.333493746, 0, 2, 5, 1, 
341.862568, 42, 0.1, 0.1, 0.00502570282, 0.375362321, -0.0349713547, 0.893879024, 9.13090271e-006, 0.448308254, 0.448308254, -6.69128013e-006, -0.893879024, -5.16216629e-006, 1, -1.0074654e-005, 0.8938789, 1.42517888e-005, 0.448308501, 0.448308501, -4.79718069e-006, -0.8938789, -1.05887564e-005, 1, -1.06772967e-005, 0, 0, 0, 0, 0, 0, 0, 0.236348975, -0.0996152832, -0.225376514, -0.239491291, 0.558149469, -0.794327612, -0.902832031, 0.172607422, 0.393554688, 0.356798885, 0.811594274, 0.462720747, 0, 0, -0, 0, 0, 0, 0, 0.321819141, -0.0636585449, -0.189643799, 0.301262154, 0.257979025, -0.917922795, 0.169555664, -0.961791992, -0.21472168, -0.938248965, -0.0908410561, -0.333493746, 0, 2, 5, 1, 
341.863288, 42, 0.1, 0.1, 0.0050256674, 0.37536239, -0.0349693188, 0.893879682, 4.43135041e-006, 0.448306942, 0.448306942, 8.55402063e-006, -0.893879682, -7.79592092e-006, 1, 5.65966009e-006, 0.893879556, -8.50424273e-006, 0.448307192, 0.448307192, 9.16685671e-006, -0.893879556, 3.49220092e-006, 1, 1.2006579e-005, 0, 0, 0, 0, 0, 0, 0, 0.238268555, -0.10264585, -0.224336841, -0.240934352, 0.555479011, -0.795787526, -0.904541016, 0.168579102, 0.391479492, 0.351589398, 0.814241888, 0.462086831, 0, 0, -0, 0, 0, 0, 0, 0.323648779, -0.0662614258, -0.188561523, 0.301486001, 0.257977925, -0.917852799, 0.176391602, -0.96105957, -0.212158203, -0.936875268, -0.0978375062, -0.33532753, 0, 2, 5, 1, 
341.863983, 42, 0.1, 0.1, 0.00502562946, 0.375362458, -0.0349675242, 0.893880332, -1.34795058e-005, 0.448305645, 0.448305645, 4.96422625e-007, -0.893880332, 1.18265161e-005, 1, 6.48668098e-006, 0.893880202, -3.4827871e-006, 0.448305905, 0.448305905, -7.26580726e-006, -0.893880202, 6.37049874e-006, 1, -4.93340723e-006, 0, 0, 0, 0, 0, 0, 0, 0.238268555, -0.10264585, -0.224336841, -0.240934352, 0.555479011, -0.795787526, -0.904541016, 0.168579102, 0.391479492, 0.351589398, 0.814241888, 0.462086831, 0, 0, -0, 0, 0, 0, 0, 0.323648779, -0.0662614258, -0.188561523, 0.301486001, 0.257977925, -0.917852799, 0.176391602, -0.96105957, -0.212158203, -0.936875268, -0.0978375062, -0.33532753, 0, 2, 5, 1, 
341.864676, 42, 0.1, 0.1, 0.00502559291, 0.375362524, -0.034966486, 0.893880992, 1.65016899e-005, 0.44830433, 0.44830433, -7.74904688e-006, -0.893880992, -1.12766157e-005, 1, -1.43245047e-005, 0.893880858, 1.46017077e-005, 0.448304597, 0.448304597, -1.83065062e-006, -0.893880858, -1.22314979e-005, 1, -8.18239622e-006, 0, 0, 0, 0, 0, 0, 0, 0.238268555, -0.10264585, -0.224336841, -0.240934352, 0.555479011, -0.795787526, -0.904541016, 0.168579102, 0.391479492, 0.351589398, 0.814241888, 0.462086831, 0, 0, -0, 0, 0, 0, 0, 0.323648779, -0.0662614258, -0.188561523, 0.301486001, 0.257977925, -0.917852799, 0.176391602, -0.96105957, -0.212158203, -0.936875268, -0.0978375062, -0.33532753, 0, 2, 5, 1, 
341.86537, 42, 0.1, 0.1, 0.00502555963, 0.375362591, -0.0349664454, 0.893881664, -9.88718391e-006, 0.44830299, 0.44830299, 6.169505e-006, -0.893881664, 6.07216487e-006, 1, 9.9472615e-006, 0.893881529, -1.60823416e-005, 0.448303258, 0.448303258, 3.41912244e-006, -0.893881529, 1.28429044e-005, 1, 1.02660565e-005, 0, 0, 0, 0, 0, 0, 0, 0.238268555, -0.10264585, -0.224336841, -0.240934352, 0.555479011, -0.795787526, -0.904541016, 0.168579102, 0.391479492, 0.351589398, 0.814241888, 0.462086831, 0, 0, -0, 0, 0, 0, 0, 0.323648779, -0.0662614258, -0.188561523, 0.301486001, 0.257977925, -0.917852799, 0.176391602, -0.96105957, -0.212158203, -0.936875268, -0.0978375062, -0.33532753, 0, 2, 5, 1, 
341.866088, 42, 0.1, 0.1, 0.00502551943, 0.37536266, -0.0349671154, 0.893882373, -6.30017808e-007, 0.448301576, 0.448301576, -9.24160369e-006, -0.893882373, 4.70618731e-006, 1, -7.97846866e-006, 0.893882238, 1.29441905e-005, 0.448301846, 0.448301846, -1.0130898e-005, -0.893882238, -7.02888167e-006, 1, -1.48587343e-005, 0, 0, 0, 0, 0, 0, 0, 0.239423315, -0.105599023, -0.223874731, -0.244337571, 0.554381921, -0.795464016, -0.905029297, 0.1640625, 0.392333984, 0.348049881, 0.815898753, 0.461788408, 0, 0, -0, 0, 0, 0, 0, 0.324789258, -0.0686098145, -0.188359277, 0.298387162, 0.258660392, -0.918612925, 0.183349609, -0.960083008, -0.210693359, -0.936587256, -0.105498567, -0.33393451, 0, 2, 5, 1, 
341.866782, 42, 0.1, 0.1, 0.00502548567, 0.375362723, -0.0349684642, 0.893883071, 1.39545987e-005, 0.448300184, 0.448300184, 7.12320252e-007, -0.893883071, -1.27931128e-005, 1, -5.61911814e-006, 0.89388293, 4.41927633e-006, 0.448300466, 0.448300466, 8.17234843e-006, -0.89388293, -7.61398328e-006, 1, 5.32395912e-006, 0, 0, 0, 0, 0, 0, 0, 0.239423315, -0.105599023, -0.223874731, -0.244337571, 0.554381921, -0.795464016, -0.905029297, 0.1640625, 0.392333984, 0.348049881, 0.815898753, 0.461788408, 0, 0, -0, 0, 0, 0, 0, 0.324789258, -0.0686098145, -0.188359277, 0.298387162, 0.258660392, -0.918612925, 0.183349609, -0.960083008, -0.210693359, -0.936587256, -0.105498567, -0.33393451, 0, 2, 5, 1, 
341.867477, 42, 0.1, 0.1, 0.00502545154, 0.375362788, -0.0349700851, 0.893883772, -1.52307401e-005, 0.448298787, 0.448298788, 6.17721444e-006, -0.893883772, 1.08452736e-005, 1, 1.2349634e-005, 0.893883631, -1.29652894e-005, 0.448299067, 0.448299067, 1.23750972e-006, -0.893883631, 1.10346855e-005, 1, 6.91851682e-006, 0, 0, 0, 0, 0, 0, 0, 0.239423315, -0.105599023, -0.223874731, -0.244337571, 0.554381921, -0.795464016, -0.905029297, 0.1640625, 0.392333984, 0.348049881, 0.815898753, 0.461788408, 0, 0, -0, 0, 0, 0, 0, 0.324789258, -0.0686098145, -0.188359277, 0.298387162, 0.258660392, -0.918612925, 0.183349609, -0.960083008, -0.210693359, -0.936587256, -0.105498567, -0.33393451, 0, 2, 5, 1, 
341.868174, 42, 0.1, 0.1, 0.00502541586, 0.375362851, -0.0349714582, 0.893884471, 7.03269595e-006, 0.448297393, 0.448297393, -6.98828217e-006, -0.893884471, -3.15358902e-006, 1, -9.39945617e-006, 0.893884335, 1.214435e-005, 0.448297664, 0.448297664, -4.74375948e-006, -0.893884335, -8.72902795e-006, 1, -9.68465603e-006, 0, 0, 0, 0, 0, 0, 0, 0.239423315, -0.105599023, -0.223874731, -0.244337571, 0.554381921, -0.795464016, -0.905029297, 0.1640625, 0.392333984, 0.348049881, 0.815898753, 0.461788408, 0, 0, -0, 0, 0, 0, 0, 0.324789258, -0.0686098145, -0.188359277, 0.298387162, 0.258660392, -0.918612925, 0.183349609, -0.960083008, -0.210693359, -0.936587256, -0.105498567, -0.33393451, 0, 2, 5, 1, 
341.868868, 42, 0.1, 0.1, 0.005025385, 0.375362913, -0.0349722166, 0.893885161, 1.43529287e-006, 0.448296017, 0.448296017, 6.53600897e-006, -0.893885161, -4.21305378e-006, 1, 5.19900535e-006, 0.893885024, -1.02537375e-005, 0.448296291, 0.448296291, 6.7790727e-006, -0.893885024, 6.12662927e-006, 1, 1.06564241e-005, 0, 0, 0, 0, 0, 0, 0, 0.239423315, -0.105599023, -0.223874731, -0.244337571, 0.554381921, -0.795464016, -0.905029297, 0.1640625, 0.392333984, 0.348049881, 0.815898753, 0.461788408, 0, 0, -0, 0, 0, 0, 0, 0.324789258, -0.0686098145, -0.188359277, 0.298387162, 0.258660392, -0.918612925, 0.183349609, -0.960083008, -0.210693359, -0.936587256, -0.105498567, -0.33393451, 0, 2, 5, 1, 
341.869558, 42, 0.1, 0.1, 0.00502535061, 0.375362976, -0.0349722078, 0.893885844, -1.14893444e-005, 0.448294655, 0.448294655, 7.86924798e-007, -0.893885844, 9.91738815e-006, 1, 5.85403263e-006, 0.893885709, -3.33201963e-006, 0.448294923, 0.448294923, -6.16697975e-006, -0.893885709, 5.74307045e-006, 1, -4.01884759e-006, 0, 0, 0, 0, 0, 0, 0, 0.239423315, -0.105599023, -0.223874731, -0.244337571, 0.554381921, -0.795464016, -0.905029297, 0.1640625, 0.392333984, 0.348049881, 0.815898753, 0.461788408, 0, 0, -0, 0, 0, 0, 0, 0.324789258, -0.0686098145, -0.188359277, 0.298387162, 0.258660392, -0.918612925, 0.183349609, -0.960083008, -0.210693359, -0.936587256, -0.105498567, -0.33393451, 0, 2, 5, 1, 
341.870262, 42, 0.1, 0.1, 0.00502531604, 0.375363038, -0.0349714663, 0.893886534, 1.52493237e-005, 0.448293279, 0.448293279, -4.77462469e-006, -0.893886534, -1.14907329e-005, 1, -1.1104142e-005, 0.893886387, 1.33917537e-005, 0.448293572, 0.448293572, 2.91341129e-007, -0.893886387, -1.21013127e-005, 1, -5.74301121e-006, 0, 0, 0, 0, 0, 0, 0, 0.239423315, -0.105599023, -0.223874731, -0.247665528, 0.552637811, -0.79570515, -0.90612793, 0.158325195, 0.391967773, 0.342644565, 0.818152464, 0.4618266, 0, 0, -0, 0, 0, 0, 0, 0.324789258, -0.0686098145, -0.188359277, 0.298387162, 0.258660392, -0.918612925, 0.183349609, -0.960083008, -0.210693359, -0.936587256, -0.105498567, -0.33393451, 0, 2, 5, 1, 
341.870969, 42, 0.1, 0.1, 0.00502528456, 0.3753631, -0.0349700074, 0.893887223, -8.19276086e-006, 0.448291905, 0.448291905, 6.82094398e-006, -0.893887223, 4.26563028e-006, 1, 9.76990305e-006, 0.893887089, -1.38179957e-005, 0.448292172, 0.448292172, 4.92761814e-006, -0.893887089, 1.01427153e-005, 1, 1.05992335e-005, 0, 0, 0, 0, 0, 0, 0, 0.241022729, -0.108136963, -0.223217212, -0.247665528, 0.552637811, -0.79570515, -0.90612793, 0.158325195, 0.391967773, 0.342644565, 0.818152464, 0.4618266, 0, 0, -0, 0, 0, 0, 0, 0.326193018, -0.0707552246, -0.187720801, 0.29572289, 0.259310776, -0.919296492, 0.19128418, -0.958984375, -0.208984375, -0.935762598, -0.114022198, -0.333269899, 0, 2, 5, 1, 
341.871658, 42, 0.1, 0.1, 0.00502524947, 0.375363161, -0.0349685988, 0.893887896, -2.9654951e-006, 0.448290564, 0.448290564, -8.9524725e-006, -0.893887896, 6.66412913e-006, 1, -6.67310333e-006, 0.893887763, 9.98826636e-006, 0.448290829, 0.448290829, -9.42816679e-006, -0.893887763, -4.70182837e-006, 1, -1.29053711e-005, 0, 0, 0, 0, 0, 0, 0, 0.241022729, -0.108136963, -0.223217212, -0.247665528, 0.552637811, -0.79570515, -0.90612793, 0.158325195, 0.391967773, 0.342644565, 0.818152464, 0.4618266, 0, 0, -0, 0, 0, 0, 0, 0.326193018, -0.0707552246, -0.187720801, 0.29572289, 0.259310776, -0.919296492, 0.19128418, -0.958984375, -0.208984375, -0.935762598, -0.114022198, -0.333269899, 0, 2, 5, 1, 
341.872656, 42, 0.1, 0.1, 0.00502520317, 0.375363244, -0.0349640374, 0.893888905, 2.81465493e-005, 0.448288551, 0.448288552, -2.62341601e-006, -0.893888905, -2.39838408e-005, 1, -1.49628183e-005, 0.893888716, 1.47596791e-005, 0.448288928, 0.448288928, 9.85311446e-006, -0.893888716, -1.76105527e-005, 1, 2.1909871e-006, 0, 0, 0, 0, 0, 0, 0, 0.241022729, -0.108136963, -0.223217212, -0.247665528, 0.552637811, -0.79570515, -0.90612793, 0.158325195, 0.391967773, 0.342644565, 0.818152464, 0.4618266, 0, 0, -0, 0, 0, 0, 0, 0.326193018, -0.0707552246, -0.187720801, 0.29572289, 0.259310776, -0.919296492, 0.19128418, -0.958984375, -0.208984375, -0.935762598, -0.114022198, -0.333269899, 0, 2, 5, 1, 
341.873351, 42, 0.1, 0.1, 0.00502516937, 0.375363305, -0.0349610578, 0.893889643, -1.39989407e-005, 0.44828708, 0.44828708, 2.21692181e-006, -0.893889643, 1.15196907e-005, 1, 8.2572277e-006, 0.893889495, -1.02366786e-005, 0.448287374, 0.448287374, -3.66526151e-006, -0.893889496, 1.079355e-005, 1, 1.31263502e-006, 0, 0, 0, 0, 0, 0, 0, 0.241022729, -0.108136963, -0.223217212, -0.247665528, 0.552637811, -0.79570515, -0.90612793, 0.158325195, 0.391967773, 0.342644565, 0.818152464, 0.4618266, 0, 0, -0, 0, 0, 0, 0, 0.326193018, -0.0707552246, -0.187720801, 0.29572289, 0.259310776, -0.919296492, 0.19128418, -0.958984375, -0.208984375, -0.935762598, -0.114022198, -0.333269899, 0, 2, 5, 1, 
341.874043, 42, 0.1, 0.1, 0.00502513508, 0.375363365, -0.0349608308, 0.893890394, 1.03359804e-005, 0.448285583, 0.448285583, -1.45557866e-005, -0.893890394, -2.71408431e-006, 1, -1.76447488e-005, 0.893890246, 1.85525685e-005, 0.448285878, 0.448285878, -1.18585039e-005, -0.893890246, -1.12679602e-005, 1, -1.89170554e-005, 0, 0, 0, 0, 0, 0, 0, 0.241022729, -0.108136963, -0.223217212, -0.247665528, 0.552637811, -0.79570515, -0.90612793, 0.158325195, 0.391967773, 0.342644565, 0.818152464, 0.4618266, 0, 0, -0, 0, 0, 0, 0, 0.326193018, -0.0707552246, -0.187720801, 0.29572289, 0.259310776, -0.919296492, 0.19128418, -0.958984375, -0.208984375, -0.935762598, -0.114022198, -0.333269899, 0, 2, 5, 1, 
341.874735, 42, 0.1, 0.1, 0.00502510929, 0.375363423, -0.0349632258, 0.893891162, -4.13059498e-006, 0.448284052, 0.448284052, 6.8382863e-006, -0.893891162, 6.26807656e-007, 1, 7.96436354e-006, 0.893891011, -1.82422212e-005, 0.448284353, 0.448284353, 6.48215176e-006, -0.893891011, 1.34007103e-005, 1, 1.39720395e-005, 0, 0, 0, 0, 0, 0, 0, 0.241022729, -0.108136963, -0.223217212, -0.247665528, 0.552637811, -0.79570515, -0.90612793, 0.158325195, 0.391967773, 0.342644565, 0.818152464, 0.4618266, 0, 0, -0, 0, 0, 0, 0, 0.326193018, -0.0707552246, -0.187720801, 0.29572289, 0.259310776, -0.919296492, 0.19128418, -0.958984375, -0.208984375, -0.935762598, -0.114022198, -0.333269899, 0, 2, 5, 1, 
341.875442, 42, 0.1, 0.1, 0.00502506848, 0.375363478, -0.034967416, 0.893891881, 1.80577194e-005, 0.448282618, 0.448282617, 1.66602199e-005, -0.893891881, -2.36101357e-005, 1, 6.79747355e-006, 0.893891752, 3.05366352e-005, 0.448282874, 0.448282874, 1.0627123e-005, -0.893891752, -3.20604036e-005, 0.999999999, -4.18955297e-006, 0, 0, 0, 0, 0, 0, 0, 0.24264729, -0.110662695, -0.22210918, -0.250467031, 0.551134836, -0.795888997, -0.907592773, 0.15222168, 0.390991211, 0.336661499, 0.820367983, 0.462226495, 0, 0, -0, 0, 0, 0, 0, 0.326193018, -0.0707552246, -0.187720801, 0.29572289, 0.259310776, -0.919296492, 0.19128418, -0.958984375, -0.208984375, -0.935762598, -0.114022198, -0.333269899, 0, 2, 5, 1, 
341.87615, 42, 0.1, 0.1, 0.00502504349, 0.375363537, -0.0349717481, 0.893892378, -2.32128046e-005, 0.448281625, 0.448281624, -2.34401316e-005, -0.893892379, 3.12575294e-005, 0.999999999, -1.05470812e-005, 0.893892299, -2.49196754e-005, 0.448281784, 0.448281784, -1.81133673e-005, -0.893892299, 3.03953985e-005, 1, -5.02036298e-006, 0, 0, 0, 0, 0, 0, 0, 0.24264729, -0.110662695, -0.22210918, -0.250467031, 0.551134836, -0.795888997, -0.907592773, 0.15222168, 0.390991211, 0.336661499, 0.820367983, 0.462226495, 0, 0, -0, 0, 0, 0, 0, 0.327443359, -0.0723977539, -0.186849561, 0.294004311, 0.260823732, -0.919501015, 0.199829102, -0.957519531, -0.207763672, -0.934593058, -0.122577913, -0.333659624, 0, 2, 5, 1, 
341.87684, 42, 0.1, 0.1, 0.0050250136, 0.375363594, -0.034975193, 0.89389275, 2.26179487e-005, 0.448280884, 0.448280884, 1.51816035e-005, -0.89389275, -2.7023643e-005, 1, 3.43153122e-006, 0.893892671, 1.1012451e-005, 0.448281043, 0.448281042, 1.03264331e-005, -0.893892671, -1.44730934e-005, 1, 4.29404988e-006, 0, 0, 0, 0, 0, 0, 0, 0.24264729, -0.110662695, -0.22210918, -0.250467031, 0.551134836, -0.795888997, -0.907592773, 0.15222168, 0.390991211, 0.336661499, 0.820367983, 0.462226495, 0, 0, -0, 0, 0, 0, 0, 0.327443359, -0.0723977539, -0.186849561, 0.294004311, 0.260823732, -0.919501015, 0.199829102, -0.957519531, -0.207763672, -0.934593058, -0.122577913, -0.333659624, 0, 2, 5, 1, 
341.877527, 42, 0.1, 0.1, 0.00502497493, 0.375363645, -0.0349769445, 0.893893127, 1.57943473e-005, 0.448280132, 0.448280132, 2.91833297e-006, -0.893893128, -1.54266892e-005, 1, -4.47161432e-006, 0.89389306, 2.38615623e-005, 0.448280265, 0.448280265, 1.21748926e-005, -0.893893061, -2.6787449e-005, 1, 1.86384489e-007, 0, 0, 0, 0, 0, 0, 0, 0.24264729, -0.110662695, -0.22210918, -0.250467031, 0.551134836, -0.795888997, -0.907592773, 0.15222168, 0.390991211, 0.336661499, 0.820367983, 0.462226495, 0, 0, -0, 0, 0, 0, 0, 0.327443359, -0.0723977539, -0.186849561, 0.294004311, 0.260823732, -0.919501015, 0.199829102, -0.957519531, -0.207763672, -0.934593058, -0.122577913, -0.333659624, 0, 2, 5, 1, 
341.878235, 42, 0.1, 0.1, 0.00502494938, 0.375363702, -0.0349764681, 0.893893526, -1.70452114e-005, 0.448279337, 0.448279337, 5.08984794e-007, -0.893893526, 1.50084367e-005, 1, 8.09599426e-006, 0.893893449, -2.0424444e-005, 0.448279491, 0.448279491, 1.0742659e-007, -0.893893449, 1.82091196e-005, 1, 9.25188731e-006, 0, 0, 0, 0, 0, 0, 0, 0.243498242, -0.112675415, -0.221811475, -0.255387452, 0.55098319, -0.794492363, -0.907958984, 0.145629883, 0.392822266, 0.332126364, 0.821751513, 0.463241209, 0, 0, -0, 0, 0, 0, 0, 0.327443359, -0.0723977539, -0.186849561, 0.294004311, 0.260823732, -0.919501015, 0.199829102, -0.957519531, -0.207763672, -0.934593058, -0.122577913, -0.333659624, 0, 2, 5, 1, 
341.87894, 42, 0.1, 0.1, 0.00502491659, 0.375363758, -0.0349738191, 0.893893904, 1.27871168e-005, 0.448278584, 0.448278584, -1.23015361e-006, -0.893893904, -1.08788743e-005, 1, -6.83181745e-006, 0.893893835, 1.76315407e-005, 0.448278721, 0.448278721, -4.01615794e-006, -0.893893835, -1.39603674e-005, 1, -1.14938633e-005, 0, 0, 0, 0, 0, 0, 0, 0.243498242, -0.112675415, -0.221811475, -0.255387452, 0.55098319, -0.794492363, -0.907958984, 0.145629883, 0.392822266, 0.332126364, 0.821751513, 0.463241209, 0, 0, -0, 0, 0, 0, 0, 0.328367432, -0.0740036621, -0.186406006, 0.290854433, 0.262796774, -0.919845897, 0.208007812, -0.955810547, -0.207397461, -0.933819439, -0.130839785, -0.332713931, 0, 2, 5, 1, 
341.879628, 42, 0.1, 0.1, 0.00502489161, 0.375363812, -0.034970244, 0.893894171, -1.08166405e-005, 0.448278051, 0.44827805, -7.06687262e-006, -0.893894171, 1.28368558e-005, 1, -1.46817374e-006, 0.893894127, -1.509149e-005, 0.448278138, 0.448278138, -8.42718597e-006, -0.893894127, 1.72679175e-005, 1, -7.67827026e-007, 0, 0, 0, 0, 0, 0, 0, 0.243498242, -0.112675415, -0.221811475, -0.255387452, 0.55098319, -0.794492363, -0.907958984, 0.145629883, 0.392822266, 0.332126364, 0.821751513, 0.463241209, 0, 0, -0, 0, 0, 0, 0, 0.328367432, -0.0740036621, -0.186406006, 0.290854433, 0.262796774, -0.919845897, 0.208007812, -0.955810547, -0.207397461, -0.933819439, -0.130839785, -0.332713931, 0, 2, 5, 1, 
