time, trialNum, realDorsalTactorPos, realVentralTactorPos, boxPosX, boxPosY, boxPosZ, boxLocalRot_11, boxLocalRot_12, boxLocalRot_13, boxLocalRot_21, boxLocalRot_22, boxLocalRot_23, boxLocalRot_31, boxLocalRot_32, boxLocalRot_33, boxGlobalRot_11, boxGlobalRot_12, boxGlobalRot_13, boxGlobalRot_21, boxGlobalRot_22, boxGlobalRot_23, boxGlobalRot_31, boxGlobalRot_32, boxGlobalRot_33, indexForceX, indexForceY, indexForceZ, indexForceGlobalX, indexForceGlobalY, indexForceGlobalZ, indexContact, indexPosX, indexPosY, indexPosZ, indexRot_11, indexRot_12, indexRot_13, indexRot_21, indexRot_22, indexRot_23, indexRot_31, indexRot_32, indexRot_33, thumbForceX, thumbForceY, thumbForceZ, thumbForceGlobalX, thumbForceGlobalY, thumbForceGlobalZ, thumbContact, thumbPosX, thumbPosY, thumbPosZ, thumbRot_11, thumbRot_12, thumbRot_13, thumbRot_21, thumbRot_22, thumbRot_23, thumbRot_31, thumbRot_32, thumbRot_33, manipForceTooHigh, cceExpType, mapping, trialSuccess, 
353.592985, 46, 0.1, 0.1, 0.0281255965, 0.352887489, -0.0199696374, 0.96877185, -5.11591539e-006, -0.247953832, 0.247953833, 1.62940675e-005, 0.96877185, -9.15978325e-007, -1, 1.70537448e-005, 0.968771848, -3.21168722e-006, -0.247953839, 0.247953839, 1.79831113e-005, 0.968771848, 1.34758932e-006, -1, 1.82178822e-005, 0, 0, 0, 0, 0, 0, 0, 0.26881543, -0.0242220703, -0.202682471, 0.113015353, 0.596228785, -0.794742472, -0.618530273, 0.668212891, 0.413330078, 0.777537816, 0.444921839, 0.444494848, 0, 0, -0, 0, 0, 0, 0, 0.330413623, 0.00263901367, -0.162084229, 0.232758836, 0.531875624, -0.814140818, 0.203369141, -0.845214844, -0.494018555, -0.950972376, -0.0505155488, -0.304910871, 0, 1, 5, 1, 
353.612873, 46, 0.1, 0.1, 0.0281256068, 0.352887472, -0.0199637959, 0.968764974, 3.52242649e-005, -0.247980691, 0.24798069, 2.2771811e-005, 0.968764975, 3.97710035e-005, -0.999999999, 1.33255954e-005, 0.968764927, 8.61186573e-006, -0.247980878, 0.247980877, 2.38022972e-005, 0.968764927, 1.4245388e-005, -1, 2.09232527e-005, 0, 0, 0, 0, 0, 0, 0, 0.285654565, -0.0420158447, -0.193050903, 0.0986757076, 0.582133232, -0.807017506, -0.646484375, 0.653930664, 0.392700195, 0.756450117, 0.483119608, 0.441124569, 0, 0, -0, 0, 0, 0, 0, 0.345019629, -0.0146125, -0.152895898, 0.223111241, 0.511213263, -0.829910266, 0.22668457, -0.855224609, -0.465820312, -0.94793587, -0.0839866414, -0.306691049, 0, 1, 5, 1, 
353.613682, 46, 0.1, 0.1, 0.0281256119, 0.352887474, -0.0199680094, 0.96876526, -3.28739425e-005, -0.247979577, 0.247979577, 5.00153091e-006, 0.96876526, -3.06068559e-005, -0.999999999, 1.29973758e-005, 0.96876521, 5.05135714e-006, -0.247979772, 0.247979772, 1.06595178e-005, 0.96876521, 7.53692386e-006, -1, 9.07393565e-006, 0, 0, 0, 0, 0, 0, 0, 0.287272534, -0.0449475342, -0.191768213, 0.0954765534, 0.581341678, -0.80802735, -0.64855957, 0.651977539, 0.392578125, 0.754979342, 0.486705552, 0.439430634, 0, 0, -0, 0, 0, 0, 0, 0.345019629, -0.0146125, -0.152895898, 0.218561779, 0.508874184, -0.832542089, 0.226928711, -0.856201172, -0.463867187, -0.949027751, -0.0874237991, -0.30267167, 0, 1, 5, 1, 
353.614507, 46, 0.1, 0.1, 0.0281256019, 0.352887471, -0.0199708509, 0.968765396, -1.70403066e-005, -0.247979046, 0.247979046, 6.37376796e-007, 0.968765396, -1.63500033e-005, -1, 4.84310755e-006, 0.968765373, -4.1876843e-005, -0.247979133, 0.247979132, -2.34911649e-005, 0.968765374, -4.63941542e-005, -0.999999999, -1.23728439e-005, 0, 0, 0, 0, 0, 0, 0, 0.287272534, -0.0449475342, -0.191768213, 0.0954765534, 0.581341678, -0.80802735, -0.64855957, 0.651977539, 0.392578125, 0.754979342, 0.486705552, 0.439430634, 0, 0, -0, 0, 0, 0, 0, 0.346481592, -0.017518457, -0.152539014, 0.218561779, 0.508874184, -0.832542089, 0.226928711, -0.856201172, -0.463867187, -0.949027751, -0.0874237991, -0.30267167, 0, 1, 5, 1, 
353.61547, 46, 0.1, 0.1, 0.0281256165, 0.352887477, -0.0199690014, 0.968765617, 4.44590206e-005, -0.247978179, 0.247978178, 2.70713046e-005, 0.968765618, 4.97834634e-005, -0.999999999, 1.52008822e-005, 0.968765587, 6.111907e-005, -0.247978293, 0.247978291, 2.88974891e-005, 0.968765589, 6.63760019e-005, -0.999999998, 1.28386905e-005, 0, 0, 0, 0, 0, 0, 0, 0.287272534, -0.0449475342, -0.191768213, 0.0954765534, 0.581341678, -0.80802735, -0.64855957, 0.651977539, 0.392578125, 0.754979342, 0.486705552, 0.439430634, 0, 0, -0, 0, 0, 0, 0, 0.346481592, -0.017518457, -0.152539014, 0.218561779, 0.508874184, -0.832542089, 0.226928711, -0.856201172, -0.463867187, -0.949027751, -0.0874237991, -0.30267167, 0, 1, 5, 1, 
353.616259, 46, 0.1, 0.1, 0.028125611, 0.352887474, -0.0199660178, 0.968765731, -4.89088665e-005, -0.247977733, 0.247977732, -1.38477009e-005, 0.968765732, -5.08151554e-005, -0.999999999, -1.28686824e-006, 0.968765704, -4.74199665e-005, -0.247977841, 0.247977839, -2.92543844e-005, 0.968765705, -5.31932763e-005, -0.999999998, -1.65815435e-005, 0, 0, 0, 0, 0, 0, 0, 0.287272534, -0.0449475342, -0.191768213, 0.0954765534, 0.581341678, -0.80802735, -0.64855957, 0.651977539, 0.392578125, 0.754979342, 0.486705552, 0.439430634, 0, 0, -0, 0, 0, 0, 0, 0.346481592, -0.017518457, -0.152539014, 0.218561779, 0.508874184, -0.832542089, 0.226928711, -0.856201172, -0.463867187, -0.949027751, -0.0874237991, -0.30267167, 0, 1, 5, 1, 
353.617055, 46, 0.1, 0.1, 0.0281256145, 0.352887482, -0.0199630138, 0.968765979, 6.37039436e-005, -0.247976762, 0.247976761, 1.37039105e-005, 0.968765981, 6.51124648e-005, -0.999999998, -2.52121539e-006, 0.968765912, 4.85831725e-005, -0.247977025, 0.247977023, 3.70831546e-005, 0.968765913, 5.62614918e-005, -0.999999998, 2.38773856e-005, 0, 0, 0, 0, 0, 0, 0, 0.287272534, -0.0449475342, -0.191768213, 0.0954765534, 0.581341678, -0.80802735, -0.64855957, 0.651977539, 0.392578125, 0.754979342, 0.486705552, 0.439430634, 0, 0, -0, 0, 0, 0, 0, 0.346481592, -0.017518457, -0.152539014, 0.218561779, 0.508874184, -0.832542089, 0.226928711, -0.856201172, -0.463867187, -0.949027751, -0.0874237991, -0.30267167, 0, 1, 5, 1, 
353.617843, 46, 0.1, 0.1, 0.0281256142, 0.352887484, -0.0199611574, 0.968766356, -7.53112073e-005, -0.247975285, 0.247975287, 2.10871355e-005, 0.968766358, -6.77298755e-005, -0.999999997, 3.91038257e-005, 0.968766284, -4.42776517e-005, -0.247975573, 0.247975574, 1.59635826e-005, 0.968766285, -3.89361176e-005, -0.999999999, 2.64447567e-005, 0, 0, 0, 0, 0, 0, 0, 0.287272534, -0.0449475342, -0.191768213, 0.0954765534, 0.581341678, -0.80802735, -0.64855957, 0.651977539, 0.392578125, 0.754979342, 0.486705552, 0.439430634, 0, 0, -0, 0, 0, 0, 0, 0.346481592, -0.017518457, -0.152539014, 0.218561779, 0.508874184, -0.832542089, 0.226928711, -0.856201172, -0.463867187, -0.949027751, -0.0874237991, -0.30267167, 0, 1, 5, 1, 
353.61866, 46, 0.1, 0.1, 0.0281256048, 0.352887484, -0.0199608044, 0.968766633, 2.91078627e-005, -0.247974211, 0.247974211, -6.90347987e-006, 0.968766634, 2.64868412e-005, -1, -1.39058602e-005, 0.9687666, -1.76585238e-005, -0.247974341, 0.24797434, -2.13888165e-005, 0.9687666, -2.24108658e-005, -1, -1.63419102e-005, 0, 0, 0, 0, 0, 0, 0, 0.28896814, -0.0489272217, -0.190812891, 0.0936178672, 0.577636289, -0.810923212, -0.647094727, 0.654174805, 0.391357422, 0.756509648, 0.488281163, 0.4351928, 0, 0, -0, 0, 0, 0, 0, 0.346481592, -0.017518457, -0.152539014, 0.216676956, 0.505621127, -0.834899758, 0.23046875, -0.857543945, -0.459594727, -0.94861214, -0.0926754175, -0.3024285, 0, 1, 5, 1, 
353.619446, 46, 0.1, 0.1, 0.0281256161, 0.352887488, -0.0199618657, 0.968766747, 1.50718244e-005, -0.247973768, 0.247973768, 1.34980209e-005, 0.968766747, 1.79482374e-005, -1, 9.33901669e-006, 0.968766717, 4.87354417e-005, -0.247973882, 0.247973882, 6.4078496e-006, 0.968766718, 4.88022533e-005, -0.999999999, -5.87740527e-006, 0, 0, 0, 0, 0, 0, 0, 0.28896814, -0.0489272217, -0.190812891, 0.0936178672, 0.577636289, -0.810923212, -0.647094727, 0.654174805, 0.391357422, 0.756509648, 0.488281163, 0.4351928, 0, 0, -0, 0, 0, 0, 0, 0.348374805, -0.0205230469, -0.151350439, 0.216676956, 0.505621127, -0.834899758, 0.23046875, -0.857543945, -0.459594727, -0.94861214, -0.0926754175, -0.3024285, 0, 1, 5, 1, 
353.62023, 46, 0.1, 0.1, 0.0281256054, 0.352887485, -0.0199641527, 0.968766784, -4.30233261e-005, -0.247973622, 0.247973621, -1.97285459e-005, 0.968766785, -4.65717283e-005, -0.999999999, -8.44371003e-006, 0.968766781, -5.78710925e-005, -0.247973629, 0.247973628, -2.53231285e-005, 0.968766783, -6.23430601e-005, -0.999999998, -1.01817009e-005, 0, 0, 0, 0, 0, 0, 0, 0.28896814, -0.0489272217, -0.190812891, 0.0936178672, 0.577636289, -0.810923212, -0.647094727, 0.654174805, 0.391357422, 0.756509648, 0.488281163, 0.4351928, 0, 0, -0, 0, 0, 0, 0, 0.348374805, -0.0205230469, -0.151350439, 0.216676956, 0.505621127, -0.834899758, 0.23046875, -0.857543945, -0.459594727, -0.94861214, -0.0926754175, -0.3024285, 0, 1, 5, 1, 
353.621017, 46, 0.1, 0.1, 0.0281256126, 0.352887489, -0.0199668345, 0.968766833, 5.30671328e-005, -0.247973426, 0.247973425, 2.32695719e-005, 0.968766835, 5.71799137e-005, -0.999999998, 9.38355079e-006, 0.968766822, 5.76393248e-005, -0.247973469, 0.247973469, 1.20537664e-005, 0.968766824, 5.88280799e-005, -0.999999998, -2.61573434e-006, 0, 0, 0, 0, 0, 0, 0, 0.28896814, -0.0489272217, -0.190812891, 0.0936178672, 0.577636289, -0.810923212, -0.647094727, 0.654174805, 0.391357422, 0.756509648, 0.488281163, 0.4351928, 0, 0, -0, 0, 0, 0, 0, 0.348374805, -0.0205230469, -0.151350439, 0.216676956, 0.505621127, -0.834899758, 0.23046875, -0.857543945, -0.459594727, -0.94861214, -0.0926754175, -0.3024285, 0, 1, 5, 1, 
353.6218, 46, 0.1, 0.1, 0.0281256108, 0.352887488, -0.0199690248, 0.968766863, -4.71069912e-005, -0.247973309, 0.247973309, -2.0054369e-005, 0.968766865, -5.06086404e-005, -0.999999999, -7.74673167e-006, 0.968766858, -3.70007364e-005, -0.247973332, 0.247973331, -1.87950405e-005, 0.968766859, -4.0505756e-005, -0.999999999, -9.03281644e-006, 0, 0, 0, 0, 0, 0, 0, 0.28896814, -0.0489272217, -0.190812891, 0.0936178672, 0.577636289, -0.810923212, -0.647094727, 0.654174805, 0.391357422, 0.756509648, 0.488281163, 0.4351928, 0, 0, -0, 0, 0, 0, 0, 0.348374805, -0.0205230469, -0.151350439, 0.216676956, 0.505621127, -0.834899758, 0.23046875, -0.857543945, -0.459594727, -0.94861214, -0.0926754175, -0.3024285, 0, 1, 5, 1, 
353.622584, 46, 0.1, 0.1, 0.0281256095, 0.352887489, -0.0199700457, 0.968766903, 3.96944515e-005, -0.247973157, 0.247973156, 1.80524933e-005, 0.968766904, 4.29312046e-005, -0.999999999, 7.64549963e-006, 0.968766906, 2.21375077e-005, -0.247973146, 0.247973146, 1.99772643e-006, 0.968766906, 2.19414673e-005, -1, -3.55417616e-006, 0, 0, 0, 0, 0, 0, 0, 0.28896814, -0.0489272217, -0.190812891, 0.0936178672, 0.577636289, -0.810923212, -0.647094727, 0.654174805, 0.391357422, 0.756509648, 0.488281163, 0.4351928, 0, 0, -0, 0, 0, 0, 0, 0.348374805, -0.0205230469, -0.151350439, 0.216676956, 0.505621127, -0.834899758, 0.23046875, -0.857543945, -0.459594727, -0.94861214, -0.0926754175, -0.3024285, 0, 1, 5, 1, 
353.623397, 46, 0.1, 0.1, 0.0281256146, 0.352887491, -0.019969481, 0.968766919, -2.65191521e-005, -0.247973094, 0.247973093, -1.39215644e-005, 0.96876692, -2.91430507e-005, -1, -6.91071492e-006, 0.968766909, 1.02743512e-005, -0.247973135, 0.247973135, -7.11119561e-006, 0.968766909, 8.190066e-006, -1, -9.43685407e-006, 0, 0, 0, 0, 0, 0, 0, 0.290589282, -0.0519699951, -0.189607227, 0.0903625467, 0.574724696, -0.813298612, -0.646972656, 0.654663086, 0.390869141, 0.757025241, 0.490966969, 0.431119717, 0, 0, -0, 0, 0, 0, 0, 0.348374805, -0.0205230469, -0.151350439, 0.214255487, 0.503773484, -0.836708023, 0.235961914, -0.857910156, -0.456054687, -0.947761963, -0.0996204617, -0.302741299, 0, 1, 5, 1, 
353.62418, 46, 0.1, 0.1, 0.0281256055, 0.352887489, -0.019967552, 0.968766995, -8.33506658e-006, -0.247972798, 0.247972798, -1.10013657e-005, 0.968766995, -1.08027768e-005, -1, -8.59089017e-006, 0.96876698, -3.7176816e-005, -0.247972857, 0.247972857, -9.0287252e-006, 0.96876698, -3.82545505e-005, -0.999999999, 4.72110442e-007, 0, 0, 0, 0, 0, 0, 0, 0.290589282, -0.0519699951, -0.189607227, 0.0903625467, 0.574724696, -0.813298612, -0.646972656, 0.654663086, 0.390869141, 0.757025241, 0.490966969, 0.431119717, 0, 0, -0, 0, 0, 0, 0, 0.350688135, -0.0223540527, -0.150137207, 0.214255487, 0.503773484, -0.836708023, 0.235961914, -0.857910156, -0.456054687, -0.947761963, -0.0996204617, -0.302741299, 0, 1, 5, 1, 
353.624961, 46, 0.1, 0.1, 0.0281256161, 0.352887492, -0.0199652709, 0.96876699, 4.51431088e-005, -0.247972816, 0.247972816, -8.84824806e-006, 0.968766991, 4.15390287e-005, -0.999999999, -1.97661545e-005, 0.96876699, 5.59831925e-005, -0.247972815, 0.247972814, 1.51080709e-005, 0.968766991, 5.79810598e-005, -0.999999998, 7.53890554e-007, 0, 0, 0, 0, 0, 0, 0, 0.290589282, -0.0519699951, -0.189607227, 0.0903625467, 0.574724696, -0.813298612, -0.646972656, 0.654663086, 0.390869141, 0.757025241, 0.490966969, 0.431119717, 0, 0, -0, 0, 0, 0, 0, 0.350688135, -0.0223540527, -0.150137207, 0.214255487, 0.503773484, -0.836708023, 0.235961914, -0.857910156, -0.456054687, -0.947761963, -0.0996204617, -0.302741299, 0, 1, 5, 1, 
353.625745, 46, 0.1, 0.1, 0.028125608, 0.352887492, -0.0199633822, 0.968767132, -6.53862953e-005, -0.247972256, 0.247972258, 2.47961356e-005, 0.968767133, -5.71953401e-005, -0.999999998, 4.02356685e-005, 0.968767088, -6.59886408e-005, -0.247972429, 0.247972431, 8.83950827e-006, 0.968767089, -6.17356691e-005, -0.999999998, 2.49267883e-005, 0, 0, 0, 0, 0, 0, 0, 0.290589282, -0.0519699951, -0.189607227, 0.0903625467, 0.574724696, -0.813298612, -0.646972656, 0.654663086, 0.390869141, 0.757025241, 0.490966969, 0.431119717, 0, 0, -0, 0, 0, 0, 0, 0.350688135, -0.0223540527, -0.150137207, 0.214255487, 0.503773484, -0.836708023, 0.235961914, -0.857910156, -0.456054687, -0.947761963, -0.0996204617, -0.302741299, 0, 1, 5, 1, 
353.626542, 46, 0.1, 0.1, 0.0281256138, 0.352887493, -0.0199622684, 0.968767437, 8.40917836e-005, -0.247971057, 0.247971061, -3.59840636e-005, 0.968767439, 7.25423756e-005, -0.999999996, -5.57125179e-005, 0.968767365, 6.83057112e-005, -0.247971343, 0.247971345, -1.68155065e-005, 0.968767367, 6.20025803e-005, -0.999999998, -3.3228173e-005, 0, 0, 0, 0, 0, 0, 0, 0.290589282, -0.0519699951, -0.189607227, 0.0903625467, 0.574724696, -0.813298612, -0.646972656, 0.654663086, 0.390869141, 0.757025241, 0.490966969, 0.431119717, 0, 0, -0, 0, 0, 0, 0, 0.352889551, -0.0246112793, -0.148249854, 0.21338672, 0.501957923, -0.837998964, 0.241455078, -0.858276367, -0.452514648, -0.946503104, -0.105702935, -0.304472638, 0, 1, 5, 1, 
353.627327, 46, 0.1, 0.1, 0.0281256178, 0.352887489, -0.0199623775, 0.968767844, -6.0327023e-005, -0.247969477, 0.247969478, 2.18887086e-005, 0.968767845, -5.30151485e-005, -0.999999998, 3.61643375e-005, 0.968767749, -2.29621644e-005, -0.247969854, 0.247969853, -1.38340111e-005, 0.968767749, -2.5675422e-005, -1, -7.70801921e-006, 0, 0, 0, 0, 0, 0, 0, 0.290589282, -0.0519699951, -0.189607227, 0.0903625467, 0.574724696, -0.813298612, -0.646972656, 0.654663086, 0.390869141, 0.757025241, 0.490966969, 0.431119717, 0, 0, -0, 0, 0, 0, 0, 0.352889551, -0.0246112793, -0.148249854, 0.21338672, 0.501957923, -0.837998964, 0.241455078, -0.858276367, -0.452514648, -0.946503104, -0.105702935, -0.304472638, 0, 1, 5, 1, 
353.628107, 46, 0.1, 0.1, 0.028125606, 0.352887501, -0.0199636195, 0.968768342, 3.07326679e-006, -0.247967539, 0.247967539, 3.23476345e-005, 0.968768341, 1.09984469e-005, -0.999999999, 3.05752938e-005, 0.968768243, -3.98405708e-005, -0.247967922, 0.247967924, 5.23289636e-005, 0.968768242, -2.56203753e-005, -0.999999998, 6.05738218e-005, 0, 0, 0, 0, 0, 0, 0, 0.290589282, -0.0519699951, -0.189607227, 0.0903625467, 0.574724696, -0.813298612, -0.646972656, 0.654663086, 0.390869141, 0.757025241, 0.490966969, 0.431119717, 0, 0, -0, 0, 0, 0, 0, 0.352889551, -0.0246112793, -0.148249854, 0.21338672, 0.501957923, -0.837998964, 0.241455078, -0.858276367, -0.452514648, -0.946503104, -0.105702935, -0.304472638, 0, 1, 5, 1, 
353.628906, 46, 0.1, 0.1, 0.0281256148, 0.352887493, -0.0199653339, 0.968768952, 6.80024727e-006, -0.247965155, 0.247965155, -4.38987341e-005, 0.968768951, -4.297488e-006, -0.999999999, -4.4213955e-005, 0.96876883, 3.66199518e-005, -0.247965627, 0.247965629, -5.00134623e-005, 0.968768829, 2.30746483e-005, -0.999999998, -5.75319727e-005, 0, 0, 0, 0, 0, 0, 0, 0.292192725, -0.0549937256, -0.188839868, 0.0867204366, 0.57221899, -0.815490166, -0.646118164, 0.655273437, 0.391235352, 0.758220054, 0.493094121, 0.426646739, 0, 0, -0, 0, 0, 0, 0, 0.352889551, -0.0246112793, -0.148249854, 0.21338672, 0.501957923, -0.837998964, 0.241455078, -0.858276367, -0.452514648, -0.946503104, -0.105702935, -0.304472638, 0, 1, 5, 1, 
353.629773, 46, 0.1, 0.1, 0.028125613, 0.352887501, -0.0199667093, 0.968769736, 1.25846304e-005, -0.24796209, 0.247962089, 5.37939217e-005, 0.968769735, 2.55304623e-005, -0.999999998, 4.89934121e-005, 0.96876956, 1.45800556e-006, -0.247962778, 0.247962778, 5.58757551e-005, 0.968769559, 1.52675789e-005, -0.999999998, 5.37691996e-005, 0, 0, 0, 0, 0, 0, 0, 0.292192725, -0.0549937256, -0.188839868, 0.0867204366, 0.57221899, -0.815490166, -0.646118164, 0.655273437, 0.391235352, 0.758220054, 0.493094121, 0.426646739, 0, 0, -0, 0, 0, 0, 0, 0.352889551, -0.0246112793, -0.148249854, 0.21338672, 0.501957923, -0.837998964, 0.241455078, -0.858276367, -0.452514648, -0.946503104, -0.105702935, -0.304472638, 0, 1, 5, 1, 
353.630607, 46, 0.1, 0.1, 0.028125611, 0.352887501, -0.0199663446, 0.968770553, -2.72163883e-005, -0.247958898, 0.247958898, -1.5986851e-005, 0.968770553, -3.03305175e-005, -1, -8.73904484e-006, 0.968770385, -2.55766466e-005, -0.247959553, 0.247959552, -2.52955788e-005, 0.968770385, -3.10501782e-005, -0.999999999, -1.81636338e-005, 0, 0, 0, 0, 0, 0, 0, 0.292192725, -0.0549937256, -0.188839868, 0.082854044, 0.571510933, -0.816347242, -0.650512695, 0.651489258, 0.390136719, 0.754877488, 0.498767903, 0.425917343, 0, 0, -0, 0, 0, 0, 0, 0.352889551, -0.0246112793, -0.148249854, 0.21338672, 0.501957923, -0.837998964, 0.241455078, -0.858276367, -0.452514648, -0.946503104, -0.105702935, -0.304472638, 0, 1, 5, 1, 
353.63141, 46, 0.1, 0.1, 0.0281256122, 0.352887504, -0.0199654297, 0.968771349, 6.41023874e-006, -0.247955789, 0.247955789, -5.28393934e-006, 0.968771349, 4.89987228e-006, -1, -6.70838485e-006, 0.968771185, 1.88257488e-005, -0.247956428, 0.247956428, 2.553954e-006, 0.968771186, 1.88711123e-005, -1, -2.19376838e-006, 0, 0, 0, 0, 0, 0, 0, 0.293770898, -0.0570218262, -0.187323193, 0.082854044, 0.571510933, -0.816347242, -0.650512695, 0.651489258, 0.390136719, 0.754877488, 0.498767903, 0.425917343, 0, 0, -0, 0, 0, 0, 0, 0.35438667, -0.0269816406, -0.147177344, 0.209124904, 0.501337422, -0.839506456, 0.244018555, -0.858032227, -0.451660156, -0.946828296, -0.110309632, -0.301807999, 0, 1, 5, 1, 
353.632193, 46, 0.1, 0.1, 0.0281256087, 0.352887503, -0.0199646634, 0.968772095, 1.49238943e-005, -0.247952875, 0.247952875, -1.16164202e-005, 0.968772095, 1.15775275e-005, -1, -1.49540862e-005, 0.968771951, -1.45848312e-005, -0.247953435, 0.247953435, -2.43790579e-006, 0.968771952, -1.47338625e-005, -1, 1.25458425e-006, 0, 0, 0, 0, 0, 0, 0, 0.293770898, -0.0570218262, -0.187323193, 0.082854044, 0.571510933, -0.816347242, -0.650512695, 0.651489258, 0.390136719, 0.754877488, 0.498767903, 0.425917343, 0, 0, -0, 0, 0, 0, 0, 0.35438667, -0.0269816406, -0.147177344, 0.209124904, 0.501337422, -0.839506456, 0.244018555, -0.858032227, -0.451660156, -0.946828296, -0.110309632, -0.301807999, 0, 1, 5, 1, 
353.632975, 46, 0.1, 0.1, 0.0281256098, 0.352887505, -0.0199643478, 0.968772712, -2.72774377e-005, -0.247950462, 0.247950462, 7.06116213e-006, 0.968772712, -2.46748189e-005, -1, 1.36041145e-005, 0.968772607, -1.74116617e-005, -0.247950874, 0.247950874, 1.5159171e-005, 0.968772607, -1.31092112e-005, -1, 1.90030263e-005, 0, 0, 0, 0, 0, 0, 0, 0.293770898, -0.0570218262, -0.187323193, 0.082854044, 0.571510933, -0.816347242, -0.650512695, 0.651489258, 0.390136719, 0.754877488, 0.498767903, 0.425917343, 0, 0, -0, 0, 0, 0, 0, 0.35438667, -0.0269816406, -0.147177344, 0.209124904, 0.501337422, -0.839506456, 0.244018555, -0.858032227, -0.451660156, -0.946828296, -0.110309632, -0.301807999, 0, 1, 5, 1, 
353.633761, 46, 0.1, 0.1, 0.0281256115, 0.352887507, -0.0199645076, 0.968773132, 2.1108849e-005, -0.247948823, 0.247948822, 3.31757971e-005, 0.968773132, 2.86755856e-005, -0.999999999, 2.69059066e-005, 0.968773064, 2.40621319e-005, -0.247949088, 0.247949087, 2.6755674e-005, 0.968773064, 2.99447902e-005, -0.999999999, 1.99539926e-005, 0, 0, 0, 0, 0, 0, 0, 0.293770898, -0.0570218262, -0.187323193, 0.082854044, 0.571510933, -0.816347242, -0.650512695, 0.651489258, 0.390136719, 0.754877488, 0.498767903, 0.425917343, 0, 0, -0, 0, 0, 0, 0, 0.35438667, -0.0269816406, -0.147177344, 0.209124904, 0.501337422, -0.839506456, 0.244018555, -0.858032227, -0.451660156, -0.946828296, -0.110309632, -0.301807999, 0, 1, 5, 1, 
353.634554, 46, 0.1, 0.1, 0.0281256101, 0.352887503, -0.0199649909, 0.968773389, -5.41015352e-007, -0.247947818, 0.247947817, -4.47086937e-005, 0.968773388, -1.16095443e-005, -0.999999999, -4.31784491e-005, 0.968773352, -1.27510428e-005, -0.247947964, 0.247947963, -4.65327583e-005, 0.968773351, -2.38905731e-005, -0.999999999, -4.19181011e-005, 0, 0, 0, 0, 0, 0, 0, 0.293770898, -0.0570218262, -0.187323193, 0.082854044, 0.571510933, -0.816347242, -0.650512695, 0.651489258, 0.390136719, 0.754877488, 0.498767903, 0.425917343, 0, 0, -0, 0, 0, 0, 0, 0.35438667, -0.0269816406, -0.147177344, 0.209124904, 0.501337422, -0.839506456, 0.244018555, -0.858032227, -0.451660156, -0.946828296, -0.110309632, -0.301807999, 0, 1, 5, 1, 
353.635351, 46, 0.1, 0.1, 0.0281256108, 0.352887508, -0.0199656545, 0.968773457, -3.36637333e-005, -0.247947552, 0.247947553, 4.74929594e-005, 0.968773456, -2.08367683e-005, -0.999999998, 5.43567587e-005, 0.968773463, -5.60712703e-006, -0.247947529, 0.247947529, 4.73557608e-005, 0.968773462, 6.30970801e-006, -0.999999999, 4.72672777e-005, 0, 0, 0, 0, 0, 0, 0, 0.293770898, -0.0570218262, -0.187323193, 0.0806242988, 0.572148215, -0.816181369, -0.65625, 0.646728516, 0.388549805, 0.750163376, 0.504352197, 0.427744951, 0, 0, -0, 0, 0, 0, 0, 0.35438667, -0.0269816406, -0.147177344, 0.209124904, 0.501337422, -0.839506456, 0.244018555, -0.858032227, -0.451660156, -0.946828296, -0.110309632, -0.301807999, 0, 1, 5, 1, 
353.636153, 46, 0.1, 0.1, 0.0281256077, 0.352887509, -0.0199659822, 0.968773343, 2.19604978e-005, -0.247947997, 0.247947997, -2.02469434e-005, 0.968773343, 1.62545558e-005, -1, -2.50597605e-005, 0.968773376, 9.41242522e-006, -0.247947868, 0.247947868, -1.90670688e-005, 0.968773376, 4.39086789e-006, -1, -2.08054594e-005, 0, 0, 0, 0, 0, 0, 0, 0.296767993, -0.0594279297, -0.18574646, 0.0806242988, 0.572148215, -0.816181369, -0.65625, 0.646728516, 0.388549805, 0.750163376, 0.504352197, 0.427744951, 0, 0, -0, 0, 0, 0, 0, 0.355843994, -0.0291290039, -0.146094824, 0.20424332, 0.500902122, -0.840905306, 0.246948242, -0.857666016, -0.450927734, -0.947095886, -0.115510578, -0.299009199, 0, 1, 5, 1, 
353.636933, 46, 0.1, 0.1, 0.0281256056, 0.352887509, -0.0199661698, 0.968773138, -2.37787605e-005, -0.247948796, 0.247948796, -1.56752546e-005, 0.968773139, -2.69228849e-005, -1, -9.28985053e-006, 0.968773185, -3.01728256e-005, -0.247948613, 0.247948613, -1.39740082e-006, 0.968773186, -2.9577108e-005, -1, 6.12754583e-006, 0, 0, 0, 0, 0, 0, 0, 0.296767993, -0.0594279297, -0.18574646, 0.0806242988, 0.572148215, -0.816181369, -0.65625, 0.646728516, 0.388549805, 0.750163376, 0.504352197, 0.427744951, 0, 0, -0, 0, 0, 0, 0, 0.355843994, -0.0291290039, -0.146094824, 0.20424332, 0.500902122, -0.840905306, 0.246948242, -0.857666016, -0.450927734, -0.947095886, -0.115510578, -0.299009199, 0, 1, 5, 1, 
353.637718, 46, 0.1, 0.1, 0.0281256083, 0.352887512, -0.0199662302, 0.968772843, 8.63354059e-006, -0.247949953, 0.247949952, 2.16892007e-005, 0.968772843, 1.3741776e-005, -1, 1.88712227e-005, 0.968772906, 1.96133274e-005, -0.247949706, 0.247949706, 2.91593849e-005, 0.968772906, 2.62309211e-005, -0.999999999, 2.33857032e-005, 0, 0, 0, 0, 0, 0, 0, 0.296767993, -0.0594279297, -0.18574646, 0.0806242988, 0.572148215, -0.816181369, -0.65625, 0.646728516, 0.388549805, 0.750163376, 0.504352197, 0.427744951, 0, 0, -0, 0, 0, 0, 0, 0.355843994, -0.0291290039, -0.146094824, 0.20424332, 0.500902122, -0.840905306, 0.246948242, -0.857666016, -0.450927734, -0.947095886, -0.115510578, -0.299009199, 0, 1, 5, 1, 
353.6385, 46, 0.1, 0.1, 0.0281256081, 0.352887506, -0.0199661653, 0.96877248, 2.31627034e-005, -0.24795137, 0.24795137, -2.19588182e-005, 0.96877248, 1.69946706e-005, -0.999999999, -2.70163228e-005, 0.968772557, 3.24695387e-006, -0.247951069, 0.247951069, -3.95600247e-005, 0.968772556, -6.66339061e-006, -0.999999999, -3.91297519e-005, 0, 0, 0, 0, 0, 0, 0, 0.296767993, -0.0594279297, -0.18574646, 0.0806242988, 0.572148215, -0.816181369, -0.65625, 0.646728516, 0.388549805, 0.750163376, 0.504352197, 0.427744951, 0, 0, -0, 0, 0, 0, 0, 0.355843994, -0.0291290039, -0.146094824, 0.20424332, 0.500902122, -0.840905306, 0.246948242, -0.857666016, -0.450927734, -0.947095886, -0.115510578, -0.299009199, 0, 1, 5, 1, 
353.639281, 46, 0.1, 0.1, 0.0281256076, 0.352887515, -0.0199660326, 0.968771998, -3.47080491e-005, -0.247953252, 0.247953254, 4.31273455e-005, 0.968771997, -2.29306205e-005, -0.999999998, 5.03865384e-005, 0.968772102, -2.52401501e-005, -0.247952844, 0.247952845, 5.25938368e-005, 0.968772101, -1.14111618e-005, -0.999999998, 5.72098089e-005, 0, 0, 0, 0, 0, 0, 0, 0.296767993, -0.0594279297, -0.18574646, 0.0806242988, 0.572148215, -0.816181369, -0.65625, 0.646728516, 0.388549805, 0.750163376, 0.504352197, 0.427744951, 0, 0, -0, 0, 0, 0, 0, 0.355843994, -0.0291290039, -0.146094824, 0.20424332, 0.500902122, -0.840905306, 0.246948242, -0.857666016, -0.450927734, -0.947095886, -0.115510578, -0.299009199, 0, 1, 5, 1, 
353.64006, 46, 0.1, 0.1, 0.0281256092, 0.352887515, -0.0199659021, 0.968771427, 2.52520217e-005, -0.247955483, 0.247955483, -1.05312847e-005, 0.968771427, 2.18521473e-005, -1, -1.6463785e-005, 0.968771541, 2.8920299e-005, -0.247955038, 0.247955038, -1.66132129e-005, 0.968771541, 2.38978328e-005, -0.999999999, -2.32653417e-005, 0, 0, 0, 0, 0, 0, 0, 0.296767993, -0.0594279297, -0.18574646, 0.0806242988, 0.572148215, -0.816181369, -0.65625, 0.646728516, 0.388549805, 0.750163376, 0.504352197, 0.427744951, 0, 0, -0, 0, 0, 0, 0, 0.355843994, -0.0291290039, -0.146094824, 0.20424332, 0.500902122, -0.840905306, 0.246948242, -0.857666016, -0.450927734, -0.947095886, -0.115510578, -0.299009199, 0, 1, 5, 1, 
353.640872, 46, 0.1, 0.1, 0.0281256051, 0.352887514, -0.0199653976, 0.968770801, -1.39566441e-005, -0.247957929, 0.247957928, -2.30663862e-005, 0.968770801, -1.92402826e-005, -1, -1.88853809e-005, 0.968770925, -2.84441511e-005, -0.247957445, 0.247957444, -2.16036857e-005, 0.968770925, -3.29126612e-005, -0.999999999, -1.38760835e-005, 0, 0, 0, 0, 0, 0, 0, 0.299123682, -0.0622314453, -0.184347559, 0.0788648404, 0.573888577, -0.815133333, -0.66027832, 0.642700195, 0.388549805, 0.746857881, 0.507537125, 0.429680021, 0, 0, -0, 0, 0, 0, 0, 0.357443018, -0.0314395508, -0.145643213, 0.198320162, 0.501118672, -0.842227231, 0.248779297, -0.856811523, -0.451293945, -0.94796392, -0.119906555, -0.294606659, 0, 1, 5, 1, 
353.641656, 46, 0.1, 0.1, 0.0281256066, 0.352887515, -0.0199650486, 0.968770153, -1.54764736e-005, -0.24796046, 0.24796046, -1.4533244e-005, 0.968770153, -1.85968155e-005, -1, -1.02418196e-005, 0.968770281, 3.6891852e-006, -0.247959964, 0.247959964, 9.02277998e-006, 0.96877028, 5.81126118e-006, -1, 7.82623086e-006, 0, 0, 0, 0, 0, 0, 0, 0.299123682, -0.0622314453, -0.184347559, 0.0788648404, 0.573888577, -0.815133333, -0.66027832, 0.642700195, 0.388549805, 0.746857881, 0.507537125, 0.429680021, 0, 0, -0, 0, 0, 0, 0, 0.357443018, -0.0314395508, -0.145643213, 0.198320162, 0.501118672, -0.842227231, 0.248779297, -0.856811523, -0.451293945, -0.94796392, -0.119906555, -0.294606659, 0, 1, 5, 1, 
353.642439, 46, 0.1, 0.1, 0.0281256055, 0.352887515, -0.0199649836, 0.968769603, 2.48350446e-005, -0.247962611, 0.24796261, 1.4103377e-005, 0.968769603, 2.75565465e-005, -1, 7.50476044e-006, 0.968769697, 1.01007732e-005, -0.247962243, 0.247962243, 1.77168883e-005, 0.968769697, 1.41784424e-005, -1, 1.46589742e-005, 0, 0, 0, 0, 0, 0, 0, 0.299123682, -0.0622314453, -0.184347559, 0.0788648404, 0.573888577, -0.815133333, -0.66027832, 0.642700195, 0.388549805, 0.746857881, 0.507537125, 0.429680021, 0, 0, -0, 0, 0, 0, 0, 0.357443018, -0.0314395508, -0.145643213, 0.198320162, 0.501118672, -0.842227231, 0.248779297, -0.856811523, -0.451293945, -0.94796392, -0.119906555, -0.294606659, 0, 1, 5, 1, 
353.64325, 46, 0.1, 0.1, 0.0281256054, 0.352887515, -0.019964906, 0.968769235, -2.29656685e-005, -0.247964047, 0.247964047, 9.0129835e-006, 0.968769235, -2.00135373e-005, -1, 1.44261612e-005, 0.968769292, -2.39517307e-005, -0.247963824, 0.247963824, 2.64442865e-006, 0.968769292, -2.25479785e-005, -1, 8.50100399e-006, 0, 0, 0, 0, 0, 0, 0, 0.302196582, -0.065087207, -0.18253269, 0.0780508254, 0.574582025, -0.814688133, -0.664428711, 0.639160156, 0.387207031, 0.74327905, 0.511135052, 0.431710571, 0, 0, -0, 0, 0, 0, 0, 0.35968335, -0.0334110352, -0.144150098, 0.194793319, 0.500670246, -0.843358125, 0.254882812, -0.856079102, -0.449462891, -0.947107179, -0.127318249, -0.294357293, 0, 1, 5, 1, 
353.644029, 46, 0.1, 0.1, 0.0281256103, 0.352887515, -0.0199650409, 0.968768982, 1.77920925e-005, -0.247965037, 0.247965037, 1.22647844e-005, 0.968768982, 2.0277665e-005, -1, 7.46992586e-006, 0.968769031, 3.50311303e-005, -0.247964844, 0.247964844, -1.50583116e-006, 0.968769031, 3.3563681e-005, -0.999999999, -1.01452914e-005, 0, 0, 0, 0, 0, 0, 0, 0.302196582, -0.065087207, -0.18253269, 0.0780508254, 0.574582025, -0.814688133, -0.664428711, 0.639160156, 0.387207031, 0.74327905, 0.511135052, 0.431710571, 0, 0, -0, 0, 0, 0, 0, 0.35968335, -0.0334110352, -0.144150098, 0.194793319, 0.500670246, -0.843358125, 0.254882812, -0.856079102, -0.449462891, -0.947107179, -0.127318249, -0.294357293, 0, 1, 5, 1, 
353.644809, 46, 0.1, 0.1, 0.0281256098, 0.352887514, -0.0199654807, 0.968768661, 2.25530576e-005, -0.247966291, 0.247966291, -7.45232989e-006, 0.968768661, 2.00007689e-005, -1, -1.28119817e-005, 0.968768731, 1.08618396e-006, -0.247966018, 0.247966018, -1.97438396e-005, 0.968768731, -3.84354023e-006, -1, -1.93965512e-005, 0, 0, 0, 0, 0, 0, 0, 0.302196582, -0.065087207, -0.18253269, 0.0780508254, 0.574582025, -0.814688133, -0.664428711, 0.639160156, 0.387207031, 0.74327905, 0.511135052, 0.431710571, 0, 0, -0, 0, 0, 0, 0, 0.35968335, -0.0334110352, -0.144150098, 0.194793319, 0.500670246, -0.843358125, 0.254882812, -0.856079102, -0.449462891, -0.947107179, -0.127318249, -0.294357293, 0, 1, 5, 1, 
353.64566, 46, 0.1, 0.1, 0.0281256109, 0.352887514, -0.0199657222, 0.968768245, -2.52682902e-005, -0.247967914, 0.247967913, -3.02224383e-005, 0.968768245, -3.19733122e-005, -0.999999999, -2.30128133e-005, 0.968768334, -1.23024759e-005, -0.247967569, 0.247967569, -2.02367164e-005, 0.968768334, -1.69362985e-005, -1, -1.65540749e-005, 0, 0, 0, 0, 0, 0, 0, 0.302196582, -0.065087207, -0.18253269, 0.0780508254, 0.574582025, -0.814688133, -0.664428711, 0.639160156, 0.387207031, 0.74327905, 0.511135052, 0.431710571, 0, 0, -0, 0, 0, 0, 0, 0.35968335, -0.0334110352, -0.144150098, 0.194793319, 0.500670246, -0.843358125, 0.254882812, -0.856079102, -0.449462891, -0.947107179, -0.127318249, -0.294357293, 0, 1, 5, 1, 
353.646498, 46, 0.1, 0.1, 0.0281256112, 0.352887514, -0.0199646476, 0.968767937, 2.41321232e-005, -0.247969117, 0.247969118, -1.0126995e-005, 0.968767937, 2.08672452e-005, -1, -1.57947293e-005, 0.968767981, 2.07912733e-005, -0.247968948, 0.247968948, 8.74703551e-006, 0.968767981, 2.23109131e-005, -1, 3.31825775e-006, 0, 0, 0, 0, 0, 0, 0, 0.302196582, -0.065087207, -0.18253269, 0.0780508254, 0.574582025, -0.814688133, -0.664428711, 0.639160156, 0.387207031, 0.74327905, 0.511135052, 0.431710571, 0, 0, -0, 0, 0, 0, 0, 0.35968335, -0.0334110352, -0.144150098, 0.194793319, 0.500670246, -0.843358125, 0.254882812, -0.856079102, -0.449462891, -0.947107179, -0.127318249, -0.294357293, 0, 1, 5, 1, 
353.64728, 46, 0.1, 0.1, 0.028125608, 0.352887512, -0.0199639525, 0.968767816, -1.40307427e-005, -0.247969593, 0.247969593, 8.23197867e-007, 0.968767816, -1.33884039e-005, -1, 4.27668515e-006, 0.968767831, -3.00435988e-005, -0.247969532, 0.247969533, 3.35942186e-006, 0.968767831, -2.82722378e-005, -1, 1.0704397e-005, 0, 0, 0, 0, 0, 0, 0, 0.302196582, -0.065087207, -0.18253269, 0.0780508254, 0.574582025, -0.814688133, -0.664428711, 0.639160156, 0.387207031, 0.74327905, 0.511135052, 0.431710571, 0, 0, -0, 0, 0, 0, 0, 0.35968335, -0.0334110352, -0.144150098, 0.194793319, 0.500670246, -0.843358125, 0.254882812, -0.856079102, -0.449462891, -0.947107179, -0.127318249, -0.294357293, 0, 1, 5, 1, 
353.64809, 46, 0.1, 0.1, 0.0281256122, 0.352887512, -0.0199635735, 0.968767729, -1.36803152e-005, -0.24796993, 0.247969931, 7.40880268e-006, 0.968767729, -1.14158876e-005, -1, 1.05697158e-005, 0.968767754, 1.31222352e-005, -0.247969834, 0.247969834, 8.27883036e-006, 0.968767754, 1.47652985e-005, -1, 4.76634542e-006, 0, 0, 0, 0, 0, 0, 0, 0.303855322, -0.0675697266, -0.180560742, 0.0757016346, 0.573828663, -0.815386451, -0.667236328, 0.63684082, 0.386352539, 0.740932103, 0.51496213, 0.431203214, 0, 0, -0, 0, 0, 0, 0, 0.36179834, -0.0358016602, -0.142648926, 0.192736055, 0.500017662, -0.844182416, 0.259643555, -0.85559082, -0.447631836, -0.946218722, -0.132787518, -0.294689414, 0, 1, 5, 1, 
353.648875, 46, 0.1, 0.1, 0.0281256124, 0.352887511, -0.0199639022, 0.968767535, 2.69473884e-005, -0.247970687, 0.247970687, 1.39244848e-005, 0.968767536, 2.95586191e-005, -1, 6.80742644e-006, 0.968767585, 2.03524657e-005, -0.247970493, 0.247970493, -8.14299937e-006, 0.968767585, 1.76975855e-005, -1, -1.29354848e-005, 0, 0, 0, 0, 0, 0, 0, 0.303855322, -0.0675697266, -0.180560742, 0.0757016346, 0.573828663, -0.815386451, -0.667236328, 0.63684082, 0.386352539, 0.740932103, 0.51496213, 0.431203214, 0, 0, -0, 0, 0, 0, 0, 0.36179834, -0.0358016602, -0.142648926, 0.192736055, 0.500017662, -0.844182416, 0.259643555, -0.85559082, -0.447631836, -0.946218722, -0.132787518, -0.294689414, 0, 1, 5, 1, 
353.649656, 46, 0.1, 0.1, 0.0281256117, 0.35288751, -0.0199648493, 0.968767285, -2.2469506e-005, -0.247971664, 0.247971664, -1.44711901e-005, 0.968767286, -2.53561674e-005, -1, -8.44741472e-006, 0.968767331, -2.11672589e-005, -0.247971485, 0.247971485, -2.13744899e-005, 0.968767331, -2.58064129e-005, -1, -1.54580309e-005, 0, 0, 0, 0, 0, 0, 0, 0.303855322, -0.0675697266, -0.180560742, 0.0757016346, 0.573828663, -0.815386451, -0.667236328, 0.63684082, 0.386352539, 0.740932103, 0.51496213, 0.431203214, 0, 0, -0, 0, 0, 0, 0, 0.36179834, -0.0358016602, -0.142648926, 0.192736055, 0.500017662, -0.844182416, 0.259643555, -0.85559082, -0.447631836, -0.946218722, -0.132787518, -0.294689414, 0, 1, 5, 1, 
353.650436, 46, 0.1, 0.1, 0.0281256141, 0.352887512, -0.0199660838, 0.968767141, 1.27583204e-005, -0.24797223, 0.24797223, -1.09014568e-005, 0.968767141, 9.656583e-006, -1, -1.37246823e-005, 0.968767158, 2.41765032e-005, -0.247972164, 0.247972164, -2.34323051e-006, 0.968767158, 2.28403463e-005, -1, -8.26514456e-006, 0, 0, 0, 0, 0, 0, 0, 0.303855322, -0.0675697266, -0.180560742, 0.0757016346, 0.573828663, -0.815386451, -0.667236328, 0.63684082, 0.386352539, 0.740932103, 0.51496213, 0.431203214, 0, 0, -0, 0, 0, 0, 0, 0.36179834, -0.0358016602, -0.142648926, 0.192736055, 0.500017662, -0.844182416, 0.259643555, -0.85559082, -0.447631836, -0.946218722, -0.132787518, -0.294689414, 0, 1, 5, 1, 
353.651218, 46, 0.1, 0.1, 0.0281256111, 0.352887513, -0.0199671491, 0.968767127, 1.34881435e-005, -0.247972283, 0.247972283, -2.76175635e-006, 0.968767127, 1.2382031e-005, -1, -6.02018449e-006, 0.968767125, -1.40487797e-005, -0.247972293, 0.247972293, 7.60713102e-006, 0.968767125, -1.17236382e-005, -1, 1.08532466e-005, 0, 0, 0, 0, 0, 0, 0, 0.303855322, -0.0675697266, -0.180560742, 0.0757016346, 0.573828663, -0.815386451, -0.667236328, 0.63684082, 0.386352539, 0.740932103, 0.51496213, 0.431203214, 0, 0, -0, 0, 0, 0, 0, 0.36179834, -0.0358016602, -0.142648926, 0.192736055, 0.500017662, -0.844182416, 0.259643555, -0.85559082, -0.447631836, -0.946218722, -0.132787518, -0.294689414, 0, 1, 5, 1, 
353.651998, 46, 0.1, 0.1, 0.0281256122, 0.352887515, -0.0199677397, 0.968767102, -2.37203862e-005, -0.247972382, 0.247972382, 3.78984753e-006, 0.968767102, -2.20397523e-005, -1, 9.55348029e-006, 0.968767116, -1.48171026e-005, -0.247972327, 0.247972327, 1.29732124e-005, 0.968767116, -1.11373241e-005, -1, 1.6242253e-005, 0, 0, 0, 0, 0, 0, 0, 0.303855322, -0.0675697266, -0.180560742, 0.0757016346, 0.573828663, -0.815386451, -0.667236328, 0.63684082, 0.386352539, 0.740932103, 0.51496213, 0.431203214, 0, 0, -0, 0, 0, 0, 0, 0.36179834, -0.0358016602, -0.142648926, 0.192736055, 0.500017662, -0.844182416, 0.259643555, -0.85559082, -0.447631836, -0.946218722, -0.132787518, -0.294689414, 0, 1, 5, 1, 
353.65281, 46, 0.1, 0.1, 0.0281256143, 0.352887515, -0.0199673861, 0.968766958, 2.19579568e-005, -0.247972942, 0.247972942, 2.10672092e-005, 0.968766958, 2.64962409e-005, -1, 1.49642371e-005, 0.968766993, 2.50687599e-005, -0.247972804, 0.247972804, 1.65062384e-005, 0.968766994, 2.83788854e-005, -1, 9.77432827e-006, 0, 0, 0, 0, 0, 0, 0, 0.305702246, -0.0698218018, -0.179963159, 0.0682946032, 0.573076423, -0.816581264, -0.670532227, 0.632446289, 0.387695313, 0.738644687, 0.521137278, 0.427561104, 0, 0, -0, 0, 0, 0, 0, 0.363651758, -0.0381021973, -0.141104297, 0.190231464, 0.500342854, -0.84459766, 0.263061523, -0.854736328, -0.447143555, -0.945745509, -0.137049334, -0.294242088, 0, 1, 5, 1, 
353.653588, 46, 0.1, 0.1, 0.0281256121, 0.352887515, -0.0199664875, 0.968766788, -1.29474903e-005, -0.247973609, 0.247973609, 6.27231553e-006, 0.968766788, -1.09877299e-005, -1, 9.28704688e-006, 0.968766818, -2.08094554e-005, -0.247973492, 0.247973492, -1.35058313e-005, 0.968766818, -2.3508598e-005, -1, -7.92380792e-006, 0, 0, 0, 0, 0, 0, 0, 0.305702246, -0.0698218018, -0.179963159, 0.0682946032, 0.573076423, -0.816581264, -0.670532227, 0.632446289, 0.387695313, 0.738644687, 0.521137278, 0.427561104, 0, 0, -0, 0, 0, 0, 0, 0.363651758, -0.0381021973, -0.141104297, 0.190231464, 0.500342854, -0.84459766, 0.263061523, -0.854736328, -0.447143555, -0.945745509, -0.137049334, -0.294242088, 0, 1, 5, 1, 
353.654372, 46, 0.1, 0.1, 0.0281256147, 0.352887515, -0.0199654607, 0.968766735, -1.33658901e-005, -0.247973817, 0.247973817, -1.44098818e-005, 0.968766735, -1.65217031e-005, -1, -1.06454234e-005, 0.968766734, 1.27939097e-005, -0.247973817, 0.247973817, -1.47535074e-005, 0.968766734, 8.7358306e-006, -1, -1.74652618e-005, 0, 0, 0, 0, 0, 0, 0, 0.305702246, -0.0698218018, -0.179963159, 0.0682946032, 0.573076423, -0.816581264, -0.670532227, 0.632446289, 0.387695313, 0.738644687, 0.521137278, 0.427561104, 0, 0, -0, 0, 0, 0, 0, 0.363651758, -0.0381021973, -0.141104297, 0.190231464, 0.500342854, -0.84459766, 0.263061523, -0.854736328, -0.447143555, -0.945745509, -0.137049334, -0.294242088, 0, 1, 5, 1, 
353.655154, 46, 0.1, 0.1, 0.0281256135, 0.352887515, -0.0199646258, 0.96876679, 2.92662588e-005, -0.247973598, 0.247973598, -1.06000362e-005, 0.96876679, 2.57236505e-005, -1, -1.75262225e-005, 0.968766779, 1.59344407e-005, -0.247973643, 0.247973643, -8.11212809e-006, 0.968766779, 1.34251629e-005, -1, -1.18100815e-005, 0, 0, 0, 0, 0, 0, 0, 0.305702246, -0.0698218018, -0.179963159, 0.0682946032, 0.573076423, -0.816581264, -0.670532227, 0.632446289, 0.387695313, 0.738644687, 0.521137278, 0.427561104, 0, 0, -0, 0, 0, 0, 0, 0.363651758, -0.0381021973, -0.141104297, 0.190231464, 0.500342854, -0.84459766, 0.263061523, -0.854736328, -0.447143555, -0.945745509, -0.137049334, -0.294242088, 0, 1, 5, 1, 
