time, trialNum, realDorsalTactorPos, realVentralTactorPos, box1PosX, box1PosY, box1PosZ, box1LocalRot_11, box1LocalRot_12, box1LocalRot_13, box1LocalRot_21, box1LocalRot_22, box1LocalRot_23, box1LocalRot_31, box1LocalRot_32, box1LocalRot_33, box1GlobalRot_11, box1GlobalRot_12, box1GlobalRot_13, box1GlobalRot_21, box1GlobalRot_22, box1GlobalRot_23, box1GlobalRot_31, box1GlobalRot_32, box1GlobalRot_33, indexForceX, indexForceY, indexForceZ, indexForceGlobalX, indexForceGlobalY, indexForceGlobalZ, indexContact, indexPosX, indexPosY, indexPosZ, indexRot_11, indexRot_12, indexRot_13, indexRot_21, indexRot_22, indexRot_23, indexRot_31, indexRot_32, indexRot_33, thumbForceX, thumbForceY, thumbForceZ, thumbForceGlobalX, thumbForceGlobalY, thumbForceGlobalZ, thumbContact, thumbPosX, thumbPosY, thumbPosZ, thumbRot_11, thumbRot_12, thumbRot_13, thumbRot_21, thumbRot_22, thumbRot_23, thumbRot_31, thumbRot_32, thumbRot_33, manipForceTooHigh, cceExpType, mapping, trialSuccess, 
359.302988, 45, 0.1, 0.1, 0.0295932766, 0.361792023, -0.0199588095, 0.888178404, -0.459498773, 1.91011612e-005, 0.459498773, 0.888178404, -2.32543554e-005, -6.27989111e-006, 2.94309765e-005, 1, 0.888178082, -0.459499395, 1.07941145e-005, 0.459499395, 0.888178082, -8.65625345e-006, -5.60955267e-006, 1.26481837e-005, 1, 0, 0, 0, 0, 0, 0, 0, 0.228579102, -0.0988163818, -0.208242432, -0.0845108287, 0.579824656, -0.810291234, -0.952148437, 0.192626953, 0.237182617, 0.293568115, 0.791599943, 0.535943723, 0, 0, -0, 0, 0, 0, 0, 0.274225049, -0.0526166504, -0.162318164, -0.0427552219, 0.411348603, -0.910405984, 0.548950195, -0.751586914, -0.365356445, -0.834602702, -0.515367592, -0.193636207, 0, 1, 5, 1, 
359.350294, 45, 0.1, 0.1, 0.0295933038, 0.361792014, -0.0199626922, 0.888179044, -0.459497535, 2.22945683e-005, 0.459497533, 0.888179043, 6.03407326e-005, -4.75279863e-005, -4.33490751e-005, 0.999999998, 0.888179154, -0.459497324, -1.16004584e-006, 0.459497323, 0.888179153, 4.77438401e-005, -2.09078382e-005, -4.29381215e-005, 0.999999999, 0, 0, 0, 0, 0, 0, 0, 0.241508423, -0.117546631, -0.199435742, -0.127182672, 0.588027728, -0.798689812, -0.962402344, 0.12121582, 0.242553711, 0.23951944, 0.799693691, 0.550667557, 0, 0, -0, 0, 0, 0, 0, 0.285747998, -0.070137793, -0.155672217, -0.0640719285, 0.379195, -0.923009861, 0.591796875, -0.730224609, -0.341064453, -0.803457161, -0.567966899, -0.177654206, 0, 1, 5, 1, 
359.351117, 45, 0.1, 0.1, 0.0295932963, 0.361792017, -0.0199614685, 0.888178735, -0.459498134, -6.51708448e-006, 0.459498132, 0.888178733, -7.27873164e-005, 3.92339718e-005, 6.16535584e-005, 0.999999997, 0.888178748, -0.459498108, 2.94305534e-005, 0.459498109, 0.888178746, -4.78647552e-005, -4.14582758e-006, 5.6035742e-005, 0.999999998, 0, 0, 0, 0, 0, 0, 0, 0.242176416, -0.118832495, -0.199356519, -0.131530212, 0.589093739, -0.797191706, -0.962036133, 0.117797852, 0.245727539, 0.238601327, 0.799401259, 0.551542608, 0, 0, -0, 0, 0, 0, 0, 0.286332275, -0.0713076172, -0.155474609, -0.0660012277, 0.376127511, -0.924102109, 0.594238281, -0.729125977, -0.339233398, -0.80145057, -0.571480616, -0.175436894, 0, 1, 5, 1, 
359.351912, 45, 0.1, 0.1, 0.029593308, 0.361792024, -0.0199616791, 0.888178941, -0.459497734, -3.49627604e-005, 0.459497735, 0.888178941, 1.50716347e-005, 2.41278055e-005, -2.94516178e-005, 0.999999999, 0.888178864, -0.45949788, -6.11653654e-005, 0.45949788, 0.888178866, -4.44088692e-006, 5.6366363e-005, -2.41610538e-005, 0.999999998, 0, 0, 0, 0, 0, 0, 0, 0.242176416, -0.118832495, -0.199356519, -0.131530212, 0.589093739, -0.797191706, -0.962036133, 0.117797852, 0.245727539, 0.238601327, 0.799401259, 0.551542608, 0, 0, -0, 0, 0, 0, 0, 0.286332275, -0.0713076172, -0.155474609, -0.0660012277, 0.376127511, -0.924102109, 0.594238281, -0.729125977, -0.339233398, -0.80145057, -0.571480616, -0.175436894, 0, 1, 5, 1, 
359.352706, 45, 0.1, 0.1, 0.0295932987, 0.361792019, -0.0199631443, 0.888179471, -0.45949671, 3.42882699e-005, 0.459496709, 0.888179471, 3.15551548e-005, -4.49536272e-005, -1.22712935e-005, 0.999999999, 0.888179366, -0.45949691, 5.63528791e-005, 0.45949691, 0.888179368, 2.36202592e-005, -6.09049006e-005, 4.9149469e-006, 0.999999998, 0, 0, 0, 0, 0, 0, 0, 0.242176416, -0.118832495, -0.199356519, -0.131530212, 0.589093739, -0.797191706, -0.962036133, 0.117797852, 0.245727539, 0.238601327, 0.799401259, 0.551542608, 0, 0, -0, 0, 0, 0, 0, 0.286332275, -0.0713076172, -0.155474609, -0.0660012277, 0.376127511, -0.924102109, 0.594238281, -0.729125977, -0.339233398, -0.80145057, -0.571480616, -0.175436894, 0, 1, 5, 1, 
359.353496, 45, 0.1, 0.1, 0.0295933049, 0.361792024, -0.0199653059, 0.888179739, -0.459496191, -4.08751543e-005, 0.45949619, 0.88817974, -4.32474117e-005, 5.61765049e-005, 1.96294972e-005, 0.999999998, 0.8881797, -0.459496267, -4.19937607e-005, 0.459496265, 0.8881797, -4.79917437e-005, 5.93500328e-005, 2.33293163e-005, 0.999999998, 0, 0, 0, 0, 0, 0, 0, 0.242176416, -0.118832495, -0.199356519, -0.131530212, 0.589093739, -0.797191706, -0.962036133, 0.117797852, 0.245727539, 0.238601327, 0.799401259, 0.551542608, 0, 0, -0, 0, 0, 0, 0, 0.286332275, -0.0713076172, -0.155474609, -0.0660012277, 0.376127511, -0.924102109, 0.594238281, -0.729125977, -0.339233398, -0.80145057, -0.571480616, -0.175436894, 0, 1, 5, 1, 
359.354284, 45, 0.1, 0.1, 0.0295933036, 0.361792018, -0.0199673959, 0.888180022, -0.459495643, 4.5070381e-005, 0.459495641, 0.888180023, 4.96458939e-005, -6.2842684e-005, -2.33848476e-005, 0.999999998, 0.888179943, -0.459495797, 2.99840012e-005, 0.459495796, 0.888179943, 5.42082802e-005, -5.15396654e-005, -3.43691847e-005, 0.999999998, 0, 0, 0, 0, 0, 0, 0, 0.242176416, -0.118832495, -0.199356519, -0.131530212, 0.589093739, -0.797191706, -0.962036133, 0.117797852, 0.245727539, 0.238601327, 0.799401259, 0.551542608, 0, 0, -0, 0, 0, 0, 0, 0.286332275, -0.0713076172, -0.155474609, -0.0660012277, 0.376127511, -0.924102109, 0.594238281, -0.729125977, -0.339233398, -0.80145057, -0.571480616, -0.175436894, 0, 1, 5, 1, 
359.355082, 45, 0.1, 0.1, 0.0295932967, 0.361792024, -0.0199686859, 0.888180607, -0.459494516, -1.06150063e-005, 0.459494514, 0.888180605, -6.05912143e-005, 3.72693734e-005, 4.89384043e-005, 0.999999998, 0.888180463, -0.459494793, 1.26218439e-005, 0.459494793, 0.888180461, -5.5980358e-005, 1.45122079e-005, 5.55203319e-005, 0.999999998, 0, 0, 0, 0, 0, 0, 0, 0.242176416, -0.118832495, -0.199356519, -0.131530212, 0.589093739, -0.797191706, -0.962036133, 0.117797852, 0.245727539, 0.238601327, 0.799401259, 0.551542608, 0, 0, -0, 0, 0, 0, 0, 0.286332275, -0.0713076172, -0.155474609, -0.0660012277, 0.376127511, -0.924102109, 0.594238281, -0.729125977, -0.339233398, -0.80145057, -0.571480616, -0.175436894, 0, 1, 5, 1, 
359.355905, 45, 0.1, 0.1, 0.0295933023, 0.361792026, -0.01996844, 0.888181534, -0.459492724, 1.49585081e-005, 0.459492723, 0.888181534, 2.48794407e-005, -2.47177926e-005, -1.52241342e-005, 1, 0.888181337, -0.459493104, -1.87533006e-005, 0.459493105, 0.888181337, 1.58409706e-005, 9.3775148e-006, -2.26866667e-005, 1, 0, 0, 0, 0, 0, 0, 0, 0.242771289, -0.119647461, -0.199470752, -0.137255291, 0.59064202, -0.795134947, -0.961791992, 0.112304687, 0.249511719, 0.236789068, 0.799032444, 0.552823545, 0, 0, -0, 0, 0, 0, 0, 0.286924854, -0.0724708496, -0.155278711, -0.0678091253, 0.373194183, -0.925181597, 0.596923828, -0.727783203, -0.337402344, -0.799431219, -0.575102974, -0.173340984, 0, 1, 5, 1, 
359.356697, 45, 0.1, 0.1, 0.0295932951, 0.361792022, -0.0199672174, 0.888182528, -0.459490801, -3.16639219e-006, 0.459490801, 0.888182528, 1.48034894e-005, -3.98973296e-006, -1.46031287e-005, 1, 0.888182353, -0.459491139, 2.34921368e-005, 0.459491139, 0.888182353, 2.46550755e-005, -3.21940901e-005, -1.11037743e-005, 0.999999999, 0, 0, 0, 0, 0, 0, 0, 0.242771289, -0.119647461, -0.199470752, -0.137255291, 0.59064202, -0.795134947, -0.961791992, 0.112304687, 0.249511719, 0.236789068, 0.799032444, 0.552823545, 0, 0, -0, 0, 0, 0, 0, 0.286924854, -0.0724708496, -0.155278711, -0.0678091253, 0.373194183, -0.925181597, 0.596923828, -0.727783203, -0.337402344, -0.799431219, -0.575102974, -0.173340984, 0, 1, 5, 1, 
359.357488, 45, 0.1, 0.1, 0.0295933053, 0.36179203, -0.0199655641, 0.888183182, -0.459489535, -4.24575141e-005, 0.459489535, 0.888183183, -2.24097946e-005, 4.80071161e-005, 3.95219248e-007, 0.999999999, 0.888183061, -0.459489768, -5.03425207e-005, 0.459489766, 0.888183063, -4.46165417e-005, 6.52142186e-005, 1.64957836e-005, 0.999999998, 0, 0, 0, 0, 0, 0, 0, 0.242771289, -0.119647461, -0.199470752, -0.137255291, 0.59064202, -0.795134947, -0.961791992, 0.112304687, 0.249511719, 0.236789068, 0.799032444, 0.552823545, 0, 0, -0, 0, 0, 0, 0, 0.286924854, -0.0724708496, -0.155278711, -0.0678091253, 0.373194183, -0.925181597, 0.596923828, -0.727783203, -0.337402344, -0.799431219, -0.575102974, -0.173340984, 0, 1, 5, 1, 
359.358279, 45, 0.1, 0.1, 0.0295933013, 0.361792021, -0.0199640211, 0.888183907, -0.459488133, 4.92946264e-005, 0.459488132, 0.888183909, 2.74885254e-005, -5.64133451e-005, -1.76457005e-006, 0.999999998, 0.888183744, -0.45948845, 4.0912556e-005, 0.459488448, 0.888183744, 5.08631827e-005, -5.97089122e-005, -2.63770051e-005, 0.999999998, 0, 0, 0, 0, 0, 0, 0, 0.242771289, -0.119647461, -0.199470752, -0.137255291, 0.59064202, -0.795134947, -0.961791992, 0.112304687, 0.249511719, 0.236789068, 0.799032444, 0.552823545, 0, 0, -0, 0, 0, 0, 0, 0.286924854, -0.0724708496, -0.155278711, -0.0678091253, 0.373194183, -0.925181597, 0.596923828, -0.727783203, -0.337402344, -0.799431219, -0.575102974, -0.173340984, 0, 1, 5, 1, 
359.359071, 45, 0.1, 0.1, 0.0295933009, 0.361792033, -0.0199631011, 0.888184934, -0.459486149, -4.55020102e-005, 0.459486146, 0.888184935, -6.13658124e-005, 6.86109408e-005, 3.35966468e-005, 0.999999997, 0.888184704, -0.459486595, -2.67533234e-005, 0.459486592, 0.888184703, -7.45580625e-005, 5.80203229e-005, 5.39285373e-005, 0.999999997, 0, 0, 0, 0, 0, 0, 0, 0.242771289, -0.119647461, -0.199470752, -0.137255291, 0.59064202, -0.795134947, -0.961791992, 0.112304687, 0.249511719, 0.236789068, 0.799032444, 0.552823545, 0, 0, -0, 0, 0, 0, 0, 0.286924854, -0.0724708496, -0.155278711, -0.0678091253, 0.373194183, -0.925181597, 0.596923828, -0.727783203, -0.337402344, -0.799431219, -0.575102974, -0.173340984, 0, 1, 5, 1, 
359.359863, 45, 0.1, 0.1, 0.0295933079, 0.361792023, -0.0199630416, 0.888186288, -0.459483534, 1.4429474e-005, 0.459483531, 0.888186284, 9.7142071e-005, -5.74512431e-005, -7.96501497e-005, 0.999999995, 0.888185991, -0.459484109, -1.18206012e-005, 0.459484108, 0.888185987, 8.68042629e-005, -2.9386287e-005, -8.25297086e-005, 0.999999996, 0, 0, 0, 0, 0, 0, 0, 0.242771289, -0.119647461, -0.199470752, -0.137255291, 0.59064202, -0.795134947, -0.961791992, 0.112304687, 0.249511719, 0.236789068, 0.799032444, 0.552823545, 0, 0, -0, 0, 0, 0, 0, 0.286924854, -0.0724708496, -0.155278711, -0.0678091253, 0.373194183, -0.925181597, 0.596923828, -0.727783203, -0.337402344, -0.799431219, -0.575102974, -0.173340984, 0, 1, 5, 1, 
359.360684, 45, 0.1, 0.1, 0.0295932989, 0.361792018, -0.0199634763, 0.888187995, -0.459480234, 1.01551415e-005, 0.459480234, 0.888187994, -4.9375368e-005, 1.36673308e-005, 4.85206959e-005, 0.999999999, 0.888187634, -0.459480929, 4.10183201e-005, 0.45948093, 0.888187635, -2.10852569e-005, -2.67436913e-005, 3.75748003e-005, 0.999999999, 0, 0, 0, 0, 0, 0, 0, 0.243648486, -0.120507227, -0.198951147, -0.141768704, 0.591283049, -0.793757409, -0.961791992, 0.107299805, 0.251708984, 0.234043348, 0.799178099, 0.553717691, 0, 0, -0, 0, 0, 0, 0, 0.287916699, -0.0736804688, -0.154255273, -0.0670803491, 0.369506926, -0.926689455, 0.600219727, -0.726928711, -0.333374023, -0.79702251, -0.578559088, -0.173008496, 0, 1, 5, 1, 
359.361474, 45, 0.1, 0.1, 0.0295933067, 0.361792021, -0.0199645146, 0.888189862, -0.459476624, -3.43834796e-005, 0.459476625, 0.888189861, 5.12517676e-005, 6.99006887e-006, -6.13197056e-005, 0.999999998, 0.888189471, -0.459477378, -4.77041773e-005, 0.459477379, 0.888189472, 1.76512727e-005, 3.42599875e-005, -3.75966649e-005, 0.999999999, 0, 0, 0, 0, 0, 0, 0, 0.243648486, -0.120507227, -0.198951147, -0.141768704, 0.591283049, -0.793757409, -0.961791992, 0.107299805, 0.251708984, 0.234043348, 0.799178099, 0.553717691, 0, 0, -0, 0, 0, 0, 0, 0.287916699, -0.0736804688, -0.154255273, -0.0670803491, 0.369506926, -0.926689455, 0.600219727, -0.726928711, -0.333374023, -0.79702251, -0.578559088, -0.173008496, 0, 1, 5, 1, 
359.362266, 45, 0.1, 0.1, 0.0295932999, 0.361792009, -0.0199658223, 0.888191922, -0.459472641, 5.16794465e-005, 0.459472641, 0.888191923, 1.47895745e-006, -4.65808074e-005, 2.24316937e-005, 0.999999999, 0.888191509, -0.459473439, 4.83266572e-005, 0.459473437, 0.88819151, 4.42167246e-005, -6.32397371e-005, -1.7068104e-005, 0.999999998, 0, 0, 0, 0, 0, 0, 0, 0.243648486, -0.120507227, -0.198951147, -0.141768704, 0.591283049, -0.793757409, -0.961791992, 0.107299805, 0.251708984, 0.234043348, 0.799178099, 0.553717691, 0, 0, -0, 0, 0, 0, 0, 0.287916699, -0.0736804688, -0.154255273, -0.0670803491, 0.369506926, -0.926689455, 0.600219727, -0.726928711, -0.333374023, -0.79702251, -0.578559088, -0.173008496, 0, 1, 5, 1, 
359.363055, 45, 0.1, 0.1, 0.0295933018, 0.361792022, -0.0199669869, 0.888194152, -0.45946833, -4.25822425e-005, 0.459468329, 0.888194153, -4.46553066e-005, 5.83389979e-005, 2.00973904e-005, 0.999999998, 0.8881937, -0.459469205, -3.18078032e-005, 0.459469202, 0.888193699, -6.71793938e-005, 5.9118353e-005, 4.50536084e-005, 0.999999997, 0, 0, 0, 0, 0, 0, 0, 0.243648486, -0.120507227, -0.198951147, -0.141768704, 0.591283049, -0.793757409, -0.961791992, 0.107299805, 0.251708984, 0.234043348, 0.799178099, 0.553717691, 0, 0, -0, 0, 0, 0, 0, 0.287916699, -0.0736804688, -0.154255273, -0.0670803491, 0.369506926, -0.926689455, 0.600219727, -0.726928711, -0.333374023, -0.79702251, -0.578559088, -0.173008496, 0, 1, 5, 1, 
359.363983, 45, 0.1, 0.1, 0.0295933015, 0.361792013, -0.0199669037, 0.888196899, -0.459463021, 4.23971246e-005, 0.459463019, 0.8881969, 4.12422512e-005, -5.6606284e-005, -1.71513288e-005, 0.999999998, 0.888196129, -0.459464511, 1.96197656e-005, 0.459464509, 0.888196128, 5.61660924e-005, -4.3232526e-005, -4.08719198e-005, 0.999999998, 0, 0, 0, 0, 0, 0, 0, 0.243648486, -0.120507227, -0.198951147, -0.141768704, 0.591283049, -0.793757409, -0.961791992, 0.107299805, 0.251708984, 0.234043348, 0.799178099, 0.553717691, 0, 0, -0, 0, 0, 0, 0, 0.287916699, -0.0736804688, -0.154255273, -0.0670803491, 0.369506926, -0.926689455, 0.600219727, -0.726928711, -0.333374023, -0.79702251, -0.578559088, -0.173008496, 0, 1, 5, 1, 
359.364887, 45, 0.1, 0.1, 0.0295932985, 0.361792016, -0.0199635592, 0.888199707, -0.459457593, -2.76304086e-005, 0.459457594, 0.888199707, 3.5816306e-006, 2.28957135e-005, -1.58762043e-005, 1, 0.888199171, -0.45945863, -1.34678452e-005, 0.45945863, 0.888199171, -2.10186043e-005, 2.16193081e-005, 1.24807892e-005, 1, 0, 0, 0, 0, 0, 0, 0, 0.243648486, -0.120507227, -0.198951147, -0.146003912, 0.591416721, -0.793001804, -0.962280273, 0.100830078, 0.252319336, 0.229152502, 0.800022071, 0.554586751, 0, 0, -0, 0, 0, 0, 0, 0.287916699, -0.0736804688, -0.154255273, -0.0670803491, 0.369506926, -0.926689455, 0.600219727, -0.726928711, -0.333374023, -0.79702251, -0.578559088, -0.173008496, 0, 1, 5, 1, 
359.365696, 45, 0.1, 0.1, 0.0295932969, 0.361792014, -0.019960696, 0.888202234, -0.459452707, 1.7189168e-005, 0.459452708, 0.888202234, -2.78185127e-005, -2.48616649e-006, 3.26060749e-005, 0.999999999, 0.888201737, -0.459453668, 2.71913991e-005, 0.459453669, 0.888201737, -6.89733035e-006, -2.09824442e-005, 1.86194089e-005, 1, 0, 0, 0, 0, 0, 0, 0, 0.244533374, -0.121167554, -0.198240161, -0.146003912, 0.591416721, -0.793001804, -0.962280273, 0.100830078, 0.252319336, 0.229152502, 0.800022071, 0.554586751, 0, 0, -0, 0, 0, 0, 0, 0.288841895, -0.0753080078, -0.153658057, -0.067137585, 0.365973153, -0.928165231, 0.602416992, -0.72668457, -0.330078125, -0.795310128, -0.581139871, -0.171813436, 0, 1, 5, 1, 
359.366484, 45, 0.1, 0.1, 0.0295933033, 0.361792017, -0.0199597151, 0.888204736, -0.459447871, -1.29164892e-005, 0.459447871, 0.888204736, 2.24812974e-005, 1.14350261e-006, -2.59024483e-005, 1, 0.888204238, -0.459448834, -3.88732181e-005, 0.459448834, 0.888204238, 1.02438798e-005, 2.98208184e-005, -2.69589122e-005, 0.999999999, 0, 0, 0, 0, 0, 0, 0, 0.244533374, -0.121167554, -0.198240161, -0.146003912, 0.591416721, -0.793001804, -0.962280273, 0.100830078, 0.252319336, 0.229152502, 0.800022071, 0.554586751, 0, 0, -0, 0, 0, 0, 0, 0.288841895, -0.0753080078, -0.153658057, -0.067137585, 0.365973153, -0.928165231, 0.602416992, -0.72668457, -0.330078125, -0.795310128, -0.581139871, -0.171813436, 0, 1, 5, 1, 
359.367287, 45, 0.1, 0.1, 0.0295932898, 0.361792015, -0.0199607367, 0.888207295, -0.459442922, 4.58917252e-005, 0.459442922, 0.888207296, 4.06118799e-006, -4.26272492e-005, 1.74774515e-005, 0.999999999, 0.888206766, -0.459443942, 7.42131309e-005, 0.459443943, 0.888206768, 2.0184727e-006, -6.68439802e-005, 3.23039524e-005, 0.999999997, 0, 0, 0, 0, 0, 0, 0, 0.244533374, -0.121167554, -0.198240161, -0.148182361, 0.591049027, -0.792944516, -0.962890625, 0.0965576172, 0.251953125, 0.225542593, 0.800821859, 0.554948453, 0, 0, -0, 0, 0, 0, 0, 0.288841895, -0.0753080078, -0.153658057, -0.067137585, 0.365973153, -0.928165231, 0.602416992, -0.72668457, -0.330078125, -0.795310128, -0.581139871, -0.171813436, 0, 1, 5, 1, 
359.368088, 45, 0.1, 0.1, 0.0295933027, 0.361792019, -0.0199629584, 0.888209405, -0.459438841, -7.09338653e-005, 0.459438837, 0.888209407, -5.70314537e-005, 8.92065915e-005, 1.80661009e-005, 0.999999996, 0.888209048, -0.459439529, -8.32803415e-005, 0.459439528, 0.888209052, -3.47383809e-005, 8.99305385e-005, -7.40733655e-006, 0.999999996, 0, 0, 0, 0, 0, 0, 0, 0.245527271, -0.122523364, -0.197119922, -0.148182361, 0.591049027, -0.792944516, -0.962890625, 0.0965576172, 0.251953125, 0.225542593, 0.800821859, 0.554948453, 0, 0, -0, 0, 0, 0, 0, 0.289739258, -0.0760547852, -0.152819287, -0.0679039075, 0.3627139, -0.929410963, 0.605712891, -0.725097656, -0.327270508, -0.792690332, -0.585164714, -0.170471455, 0, 1, 5, 1, 
359.368879, 45, 0.1, 0.1, 0.0295933016, 0.361792021, -0.0199659264, 0.888210896, -0.459435958, 6.34430787e-005, 0.459435955, 0.888210898, 5.48954153e-005, -8.15717616e-005, -1.96106745e-005, 0.999999996, 0.888210624, -0.459436487, 3.74315173e-005, 0.459436486, 0.888210625, 2.72834602e-005, -4.57820885e-005, -7.03605443e-006, 0.999999999, 0, 0, 0, 0, 0, 0, 0, 0.245527271, -0.122523364, -0.197119922, -0.148182361, 0.591049027, -0.792944516, -0.962890625, 0.0965576172, 0.251953125, 0.225542593, 0.800821859, 0.554948453, 0, 0, -0, 0, 0, 0, 0, 0.289739258, -0.0760547852, -0.152819287, -0.0679039075, 0.3627139, -0.929410963, 0.605712891, -0.725097656, -0.327270508, -0.792690332, -0.585164714, -0.170471455, 0, 1, 5, 1, 
359.369671, 45, 0.1, 0.1, 0.029593284, 0.361792012, -0.0199686884, 0.88821231, -0.459433226, 4.91855877e-005, 0.459433226, 0.888212312, 9.47754374e-006, -4.8041543e-005, 1.41794222e-005, 0.999999999, 0.888212007, -0.459433808, 7.97956016e-005, 0.459433808, 0.88821201, 2.23127561e-005, -8.11266462e-005, 1.68423393e-005, 0.999999997, 0, 0, 0, 0, 0, 0, 0, 0.245527271, -0.122523364, -0.197119922, -0.148182361, 0.591049027, -0.792944516, -0.962890625, 0.0965576172, 0.251953125, 0.225542593, 0.800821859, 0.554948453, 0, 0, -0, 0, 0, 0, 0, 0.289739258, -0.0760547852, -0.152819287, -0.0679039075, 0.3627139, -0.929410963, 0.605712891, -0.725097656, -0.327270508, -0.792690332, -0.585164714, -0.170471455, 0, 1, 5, 1, 
359.370454, 45, 0.1, 0.1, 0.0295933005, 0.361792015, -0.0199702509, 0.888213705, -0.459430517, -0.000116387167, 0.459430517, 0.888213712, -2.72392162e-005, 0.000115891205, -2.92775712e-005, 0.999999993, 0.888213459, -0.459430995, -0.000111435368, 0.459430996, 0.888213465, -1.60678601e-005, 0.000106360467, -3.69251725e-005, 0.999999994, 0, 0, 0, 0, 0, 0, 0, 0.245527271, -0.122523364, -0.197119922, -0.148182361, 0.591049027, -0.792944516, -0.962890625, 0.0965576172, 0.251953125, 0.225542593, 0.800821859, 0.554948453, 0, 0, -0, 0, 0, 0, 0, 0.289739258, -0.0760547852, -0.152819287, -0.0679039075, 0.3627139, -0.929410963, 0.605712891, -0.725097656, -0.327270508, -0.792690332, -0.585164714, -0.170471455, 0, 1, 5, 1, 
359.371239, 45, 0.1, 0.1, 0.0295933104, 0.361792024, -0.019970347, 0.888214691, -0.459428625, 2.53634664e-005, 0.459428625, 0.888214691, -1.48937376e-005, -1.56855941e-005, 2.4881539e-005, 1, 0.888214546, -0.459428906, -1.20995029e-005, 0.459428905, 0.888214546, -4.27864705e-005, 3.04042958e-005, 3.24447041e-005, 0.999999999, 0, 0, 0, 0, 0, 0, 0, 0.245527271, -0.122523364, -0.197119922, -0.148182361, 0.591049027, -0.792944516, -0.962890625, 0.0965576172, 0.251953125, 0.225542593, 0.800821859, 0.554948453, 0, 0, -0, 0, 0, 0, 0, 0.289739258, -0.0760547852, -0.152819287, -0.0679039075, 0.3627139, -0.929410963, 0.605712891, -0.725097656, -0.327270508, -0.792690332, -0.585164714, -0.170471455, 0, 1, 5, 1, 
359.372042, 45, 0.1, 0.1, 0.0295932996, 0.361792012, -0.0199688964, 0.888215128, -0.459427781, 3.41068377e-005, 0.459427779, 0.888215128, 5.58021572e-005, -5.59312704e-005, -3.38946915e-005, 0.999999998, 0.888215053, -0.459427924, 4.77157786e-005, 0.45942792, 0.888215053, 7.0434389e-005, -7.47413979e-005, -4.06389237e-005, 0.999999996, 0, 0, 0, 0, 0, 0, 0, 0.245527271, -0.122523364, -0.197119922, -0.14968758, 0.591429825, -0.792309478, -0.963134766, 0.0936279297, 0.251831055, 0.223061974, 0.800885139, 0.555836608, 0, 0, -0, 0, 0, 0, 0, 0.289739258, -0.0760547852, -0.152819287, -0.0679039075, 0.3627139, -0.929410963, 0.605712891, -0.725097656, -0.327270508, -0.792690332, -0.585164714, -0.170471455, 0, 1, 5, 1, 
359.372847, 45, 0.1, 0.1, 0.0295933036, 0.361792018, -0.0199661048, 0.888215417, -0.459427221, -3.60180113e-005, 0.45942722, 0.888215418, -4.2607507e-005, 5.15668015e-005, 2.12969898e-005, 0.999999998, 0.888215356, -0.459427339, -3.32736538e-005, 0.459427337, 0.888215356, -5.10127572e-005, 5.29908256e-005, 3.00234882e-005, 0.999999998, 0, 0, 0, 0, 0, 0, 0, 0.246335767, -0.124066406, -0.196191797, -0.14968758, 0.591429825, -0.792309478, -0.963134766, 0.0936279297, 0.251831055, 0.223061974, 0.800885139, 0.555836608, 0, 0, -0, 0, 0, 0, 0, 0.290540186, -0.0767366211, -0.152600195, -0.0699673681, 0.360253418, -0.930113486, 0.608276367, -0.723510742, -0.326049805, -0.790575099, -0.588614631, -0.168458668, 0, 1, 5, 1, 
359.373636, 45, 0.1, 0.1, 0.0295933033, 0.36179201, -0.0199633884, 0.888215829, -0.459426424, 3.59630606e-005, 0.459426422, 0.888215829, 6.20367845e-005, -6.04442977e-005, -3.85796737e-005, 0.999999997, 0.888215726, -0.459426625, 2.35566488e-005, 0.459426623, 0.888215725, 6.73067539e-005, -5.18459007e-005, -4.89603657e-005, 0.999999997, 0, 0, 0, 0, 0, 0, 0, 0.246335767, -0.124066406, -0.196191797, -0.14968758, 0.591429825, -0.792309478, -0.963134766, 0.0936279297, 0.251831055, 0.223061974, 0.800885139, 0.555836608, 0, 0, -0, 0, 0, 0, 0, 0.290540186, -0.0767366211, -0.152600195, -0.0699673681, 0.360253418, -0.930113486, 0.608276367, -0.723510742, -0.326049805, -0.790575099, -0.588614631, -0.168458668, 0, 1, 5, 1, 
359.374422, 45, 0.1, 0.1, 0.0295933021, 0.361792015, -0.0199616092, 0.888216519, -0.45942509, -4.77032159e-005, 0.459425087, 0.88821652, -6.29839483e-005, 7.13071905e-005, 3.40273292e-005, 0.999999997, 0.888216349, -0.459425421, -1.89884932e-005, 0.459425419, 0.888216348, -5.79837856e-005, 4.35051151e-005, 4.27783499e-005, 0.999999998, 0, 0, 0, 0, 0, 0, 0, 0.246335767, -0.124066406, -0.196191797, -0.14968758, 0.591429825, -0.792309478, -0.963134766, 0.0936279297, 0.251831055, 0.223061974, 0.800885139, 0.555836608, 0, 0, -0, 0, 0, 0, 0, 0.290540186, -0.0767366211, -0.152600195, -0.0699673681, 0.360253418, -0.930113486, 0.608276367, -0.723510742, -0.326049805, -0.790575099, -0.588614631, -0.168458668, 0, 1, 5, 1, 
359.375209, 45, 0.1, 0.1, 0.029593314, 0.361792015, -0.0199613344, 0.888217568, -0.459423064, -2.43906534e-007, 0.459423064, 0.888217567, 3.79681401e-005, -1.72267972e-005, -3.38360253e-005, 0.999999999, 0.888217336, -0.459423511, -4.45064661e-005, 0.459423513, 0.888217336, 2.69183702e-005, 2.71644826e-005, -4.435668e-005, 0.999999999, 0, 0, 0, 0, 0, 0, 0, 0.246335767, -0.124066406, -0.196191797, -0.14968758, 0.591429825, -0.792309478, -0.963134766, 0.0936279297, 0.251831055, 0.223061974, 0.800885139, 0.555836608, 0, 0, -0, 0, 0, 0, 0, 0.290540186, -0.0767366211, -0.152600195, -0.0699673681, 0.360253418, -0.930113486, 0.608276367, -0.723510742, -0.326049805, -0.790575099, -0.588614631, -0.168458668, 0, 1, 5, 1, 
359.375995, 45, 0.1, 0.1, 0.0295933017, 0.361792017, -0.0199625655, 0.888218942, -0.459420406, 3.56787094e-005, 0.459420407, 0.888218942, -3.4550425e-005, -1.58173352e-005, 4.70798691e-005, 0.999999999, 0.888218659, -0.45942095, 6.36651757e-005, 0.459420952, 0.88821866, -2.85666758e-005, -4.34244677e-005, 5.46225701e-005, 0.999999998, 0, 0, 0, 0, 0, 0, 0, 0.246335767, -0.124066406, -0.196191797, -0.14968758, 0.591429825, -0.792309478, -0.963134766, 0.0936279297, 0.251831055, 0.223061974, 0.800885139, 0.555836608, 0, 0, -0, 0, 0, 0, 0, 0.290540186, -0.0767366211, -0.152600195, -0.0699673681, 0.360253418, -0.930113486, 0.608276367, -0.723510742, -0.326049805, -0.790575099, -0.588614631, -0.168458668, 0, 1, 5, 1, 
359.376798, 45, 0.1, 0.1, 0.0295933124, 0.361792019, -0.0199647469, 0.888220482, -0.459417427, -4.56367314e-005, 0.459417428, 0.888220483, 9.09742122e-006, 3.63559658e-005, -2.90468256e-005, 0.999999999, 0.888220153, -0.459418061, -6.49967452e-005, 0.459418062, 0.888220155, 5.84485012e-006, 5.50461894e-005, -3.50521924e-005, 0.999999998, 0, 0, 0, 0, 0, 0, 0, 0.246335767, -0.124066406, -0.196191797, -0.15068432, 0.591226883, -0.792208006, -0.963256836, 0.0922851562, 0.252075195, 0.222231106, 0.801164465, 0.555696945, 0, 0, -0, 0, 0, 0, 0, 0.290540186, -0.0767366211, -0.152600195, -0.0699673681, 0.360253418, -0.930113486, 0.608276367, -0.723510742, -0.326049805, -0.790575099, -0.588614631, -0.168458668, 0, 1, 5, 1, 
359.377599, 45, 0.1, 0.1, 0.0295933006, 0.361792019, -0.0199667003, 0.888221932, -0.459414621, 7.78273094e-005, 0.459414622, 0.888221935, 4.0504112e-006, -7.09887414e-005, 3.21573398e-005, 0.999999997, 0.888221667, -0.459415131, 8.31280849e-005, 0.459415133, 0.88822167, -1.3176651e-006, -7.32308112e-005, 3.93606789e-005, 0.999999997, 0, 0, 0, 0, 0, 0, 0, 0.247175269, -0.125861865, -0.195294067, -0.15068432, 0.591226883, -0.792208006, -0.963256836, 0.0922851562, 0.252075195, 0.222231106, 0.801164465, 0.555696945, 0, 0, -0, 0, 0, 0, 0, 0.291247852, -0.0775865234, -0.152575781, -0.0731682857, 0.358297866, -0.930662525, 0.60949707, -0.72253418, -0.326171875, -0.789315873, -0.591029537, -0.165570549, 0, 1, 5, 1, 
359.378384, 45, 0.1, 0.1, 0.0295933028, 0.361792015, -0.0199681663, 0.888223035, -0.459412491, -5.30400392e-005, 0.459412491, 0.888223037, 2.13601975e-006, 4.61300705e-005, -2.62645185e-005, 0.999999999, 0.888222854, -0.459412842, -4.58462798e-005, 0.459412843, 0.888222855, 1.42395661e-005, 3.4179874e-005, -3.37102777e-005, 0.999999999, 0, 0, 0, 0, 0, 0, 0, 0.247175269, -0.125861865, -0.195294067, -0.15068432, 0.591226883, -0.792208006, -0.963256836, 0.0922851562, 0.252075195, 0.222231106, 0.801164465, 0.555696945, 0, 0, -0, 0, 0, 0, 0, 0.291247852, -0.0775865234, -0.152575781, -0.0731682857, 0.358297866, -0.930662525, 0.60949707, -0.72253418, -0.326171875, -0.789315873, -0.591029537, -0.165570549, 0, 1, 5, 1, 
359.379332, 45, 0.1, 0.1, 0.0295933008, 0.361792025, -0.019967183, 0.888223844, -0.45941093, 2.96945827e-005, 0.45941093, 0.888223844, -2.84426729e-005, -1.33085616e-005, 3.89054761e-005, 0.999999999, 0.888223719, -0.459411171, 3.64362e-005, 0.459411172, 0.888223718, -3.97032128e-005, -1.41233975e-005, 5.20045327e-005, 0.999999999, 0, 0, 0, 0, 0, 0, 0, 0.247175269, -0.125861865, -0.195294067, -0.15068432, 0.591226883, -0.792208006, -0.963256836, 0.0922851562, 0.252075195, 0.222231106, 0.801164465, 0.555696945, 0, 0, -0, 0, 0, 0, 0, 0.291247852, -0.0775865234, -0.152575781, -0.0731682857, 0.358297866, -0.930662525, 0.60949707, -0.72253418, -0.326171875, -0.789315873, -0.591029537, -0.165570549, 0, 1, 5, 1, 
359.380169, 45, 0.1, 0.1, 0.0295933036, 0.361792018, -0.0199642566, 0.888224456, -0.459409747, -2.21679617e-005, 0.459409747, 0.888224455, 3.94531881e-005, 1.56494651e-006, -4.52274642e-005, 0.999999999, 0.888224341, -0.459409969, -1.49231585e-005, 0.459409969, 0.88822434, 5.23987326e-005, -1.08173875e-005, -5.33976775e-005, 0.999999999, 0, 0, 0, 0, 0, 0, 0, 0.247175269, -0.125861865, -0.195294067, -0.15068432, 0.591226883, -0.792208006, -0.963256836, 0.0922851562, 0.252075195, 0.222231106, 0.801164465, 0.555696945, 0, 0, -0, 0, 0, 0, 0, 0.29171543, -0.0788909668, -0.152542822, -0.0764268059, 0.356035712, -0.931275363, 0.609985352, -0.722045898, -0.326171875, -0.788676416, -0.592862954, -0.162075422, 0, 1, 5, 1, 
359.380959, 45, 0.1, 0.1, 0.0295933013, 0.361792021, -0.0199620819, 0.888224952, -0.459408789, 1.07842151e-005, 0.459408789, 0.888224951, -2.2868157e-005, 9.27023396e-007, 2.52664309e-005, 1, 0.888224848, -0.459408989, 1.47764507e-005, 0.459408989, 0.888224848, -3.13004972e-005, 1.25491905e-006, 3.45903136e-005, 0.999999999, 0, 0, 0, 0, 0, 0, 0, 0.247175269, -0.125861865, -0.195294067, -0.15068432, 0.591226883, -0.792208006, -0.963256836, 0.0922851562, 0.252075195, 0.222231106, 0.801164465, 0.555696945, 0, 0, -0, 0, 0, 0, 0, 0.29171543, -0.0788909668, -0.152542822, -0.0764268059, 0.356035712, -0.931275363, 0.609985352, -0.722045898, -0.326171875, -0.788676416, -0.592862954, -0.162075422, 0, 1, 5, 1, 
359.381763, 45, 0.1, 0.1, 0.0295933039, 0.361792013, -0.0199612171, 0.888225353, -0.459408012, -9.8863458e-006, 0.459408012, 0.888225352, 4.44104986e-005, -1.16212359e-005, -4.39883972e-005, 0.999999999, 0.888225281, -0.459408151, -2.77293969e-005, 0.459408152, 0.88822528, 4.85979984e-005, 2.30363474e-006, -5.59050817e-005, 0.999999998, 0, 0, 0, 0, 0, 0, 0, 0.247175269, -0.125861865, -0.195294067, -0.152080954, 0.591043036, -0.792106535, -0.963256836, 0.0906982422, 0.252685547, 0.221216392, 0.80156436, 0.555557282, 0, 0, -0, 0, 0, 0, 0, 0.29171543, -0.0788909668, -0.152542822, -0.0764268059, 0.356035712, -0.931275363, 0.609985352, -0.722045898, -0.326171875, -0.788676416, -0.592862954, -0.162075422, 0, 1, 5, 1, 
359.38255, 45, 0.1, 0.1, 0.0295933009, 0.361792018, -0.0199617418, 0.88822571, -0.459407322, 2.32618522e-005, 0.459407323, 0.888225709, -3.31684513e-005, -5.42394582e-006, 4.01477364e-005, 0.999999999, 0.888225653, -0.459407432, 2.80336173e-005, 0.459407433, 0.888225652, -3.92300092e-005, -6.87762023e-006, 4.77239527e-005, 0.999999999, 0, 0, 0, 0, 0, 0, 0, 0.247993774, -0.127432739, -0.194396338, -0.152080954, 0.591043036, -0.792106535, -0.963256836, 0.0906982422, 0.252685547, 0.221216392, 0.80156436, 0.555557282, 0, 0, -0, 0, 0, 0, 0, 0.29171543, -0.0788909668, -0.152542822, -0.0764268059, 0.356035712, -0.931275363, 0.609985352, -0.722045898, -0.326171875, -0.788676416, -0.592862954, -0.162075422, 0, 1, 5, 1, 
359.383339, 45, 0.1, 0.1, 0.0295933041, 0.361792015, -0.0199635369, 0.888226062, -0.459406642, -2.42054522e-005, 0.459406642, 0.888226062, 2.07091966e-005, 1.1985971e-005, -2.95145936e-005, 0.999999999, 0.888225989, -0.459406784, -1.6595106e-005, 0.459406784, 0.888225988, 3.48864483e-005, -1.28686659e-006, -3.86109543e-005, 0.999999999, 0, 0, 0, 0, 0, 0, 0, 0.247993774, -0.127432739, -0.194396338, -0.152080954, 0.591043036, -0.792106535, -0.963256836, 0.0906982422, 0.252685547, 0.221216392, 0.80156436, 0.555557282, 0, 0, -0, 0, 0, 0, 0, 0.29171543, -0.0788909668, -0.152542822, -0.0764268059, 0.356035712, -0.931275363, 0.609985352, -0.722045898, -0.326171875, -0.788676416, -0.592862954, -0.162075422, 0, 1, 5, 1, 
359.384123, 45, 0.1, 0.1, 0.0295933023, 0.361792022, -0.0199659085, 0.888226351, -0.459406083, 1.06077021e-005, 0.459406083, 0.88822635, -4.1431322e-005, 9.61176086e-006, 4.16736348e-005, 0.999999999, 0.888226287, -0.459406206, 1.35303843e-005, 0.459406206, 0.888226286, -4.872035e-005, 1.03643881e-005, 4.94906381e-005, 0.999999999, 0, 0, 0, 0, 0, 0, 0, 0.247993774, -0.127432739, -0.194396338, -0.152080954, 0.591043036, -0.792106535, -0.963256836, 0.0906982422, 0.252685547, 0.221216392, 0.80156436, 0.555557282, 0, 0, -0, 0, 0, 0, 0, 0.29171543, -0.0788909668, -0.152542822, -0.0764268059, 0.356035712, -0.931275363, 0.609985352, -0.722045898, -0.326171875, -0.788676416, -0.592862954, -0.162075422, 0, 1, 5, 1, 
359.38495, 45, 0.1, 0.1, 0.0295933045, 0.361792018, -0.0199676926, 0.888226579, -0.459405642, -1.04453106e-005, 0.459405642, 0.888226579, 2.97638045e-005, -4.39585718e-006, -3.12356369e-005, 1, 0.888226545, -0.459405708, -2.37807479e-005, 0.459405708, 0.888226544, 3.0976119e-005, 6.89208566e-006, -3.84388225e-005, 0.999999999, 0, 0, 0, 0, 0, 0, 0, 0.24829231, -0.128690039, -0.194525464, -0.155062939, 0.592717875, -0.790329102, -0.962402344, 0.0897216797, 0.255981445, 0.222677428, 0.800433948, 0.556635275, 0, 0, -0, 0, 0, 0, 0, 0.292240869, -0.079885498, -0.152508643, -0.0786503141, 0.354776854, -0.93153056, 0.609863281, -0.722045898, -0.326416016, -0.788541888, -0.593731722, -0.15964739, 0, 1, 5, 1, 
359.385738, 45, 0.1, 0.1, 0.0295933026, 0.361792022, -0.0199685191, 0.888226778, -0.459405258, 1.62048042e-005, 0.459405258, 0.888226777, -2.48346028e-005, -2.98439393e-006, 2.95033315e-005, 1, 0.888226749, -0.459405314, 2.02897341e-005, 0.459405314, 0.888226748, -3.16164708e-005, -3.49710987e-006, 3.74038067e-005, 0.999999999, 0, 0, 0, 0, 0, 0, 0, 0.24829231, -0.128690039, -0.194525464, -0.155062939, 0.592717875, -0.790329102, -0.962402344, 0.0897216797, 0.255981445, 0.222677428, 0.800433948, 0.556635275, 0, 0, -0, 0, 0, 0, 0, 0.292240869, -0.079885498, -0.152508643, -0.0786503141, 0.354776854, -0.93153056, 0.609863281, -0.722045898, -0.326416016, -0.788541888, -0.593731722, -0.15964739, 0, 1, 5, 1, 
359.386531, 45, 0.1, 0.1, 0.0295933059, 0.361792018, -0.0199682972, 0.888226984, -0.459404859, -2.20760717e-005, 0.45940486, 0.888226984, 2.46150825e-005, 8.30027407e-006, -3.20056351e-005, 0.999999999, 0.888226939, -0.459404946, -1.60461454e-005, 0.459404946, 0.888226938, 3.67042402e-005, -2.60949088e-006, -3.99733735e-005, 0.999999999, 0, 0, 0, 0, 0, 0, 0, 0.24829231, -0.128690039, -0.194525464, -0.155062939, 0.592717875, -0.790329102, -0.962402344, 0.0897216797, 0.255981445, 0.222677428, 0.800433948, 0.556635275, 0, 0, -0, 0, 0, 0, 0, 0.292240869, -0.079885498, -0.152508643, -0.0786503141, 0.354776854, -0.93153056, 0.609863281, -0.722045898, -0.326416016, -0.788541888, -0.593731722, -0.15964739, 0, 1, 5, 1, 
359.387322, 45, 0.1, 0.1, 0.0295933042, 0.361792023, -0.0199671807, 0.888227152, -0.459404534, 9.36352955e-006, 0.459404534, 0.888227152, -2.95307356e-005, 5.24961264e-006, 3.05316491e-005, 1, 0.888227111, -0.459404613, 1.22790925e-005, 0.459404613, 0.888227111, -3.73152854e-005, 6.2361914e-006, 3.87855199e-005, 0.999999999, 0, 0, 0, 0, 0, 0, 0, 0.24829231, -0.128690039, -0.194525464, -0.155062939, 0.592717875, -0.790329102, -0.962402344, 0.0897216797, 0.255981445, 0.222677428, 0.800433948, 0.556635275, 0, 0, -0, 0, 0, 0, 0, 0.292240869, -0.079885498, -0.152508643, -0.0786503141, 0.354776854, -0.93153056, 0.609863281, -0.722045898, -0.326416016, -0.788541888, -0.593731722, -0.15964739, 0, 1, 5, 1, 
359.388109, 45, 0.1, 0.1, 0.0295933062, 0.361792018, -0.01996566, 0.888227263, -0.45940432, -7.34158368e-006, 0.45940432, 0.888227262, 3.30459447e-005, -8.66045501e-006, -3.27250643e-005, 0.999999999, 0.888227248, -0.459404348, -2.2329241e-005, 0.459404348, 0.888227248, 3.54786205e-005, 3.53440775e-006, -4.17712279e-005, 0.999999999, 0, 0, 0, 0, 0, 0, 0, 0.24829231, -0.128690039, -0.194525464, -0.155062939, 0.592717875, -0.790329102, -0.962402344, 0.0897216797, 0.255981445, 0.222677428, 0.800433948, 0.556635275, 0, 0, -0, 0, 0, 0, 0, 0.292240869, -0.079885498, -0.152508643, -0.0786503141, 0.354776854, -0.93153056, 0.609863281, -0.722045898, -0.326416016, -0.788541888, -0.593731722, -0.15964739, 0, 1, 5, 1, 
359.388896, 45, 0.1, 0.1, 0.029593303, 0.361792023, -0.0199642672, 0.888227374, -0.459404105, 2.27331833e-005, 0.459404106, 0.888227373, -2.89378484e-005, -6.89806934e-006, 3.61471068e-005, 0.999999999, 0.888227363, -0.459404126, 2.74743864e-005, 0.459404127, 0.888227362, -3.63751917e-005, -7.6925886e-006, 4.4931287e-005, 0.999999999, 0, 0, 0, 0, 0, 0, 0, 0.24829231, -0.128690039, -0.194525464, -0.155062939, 0.592717875, -0.790329102, -0.962402344, 0.0897216797, 0.255981445, 0.222677428, 0.800433948, 0.556635275, 0, 0, -0, 0, 0, 0, 0, 0.292240869, -0.079885498, -0.152508643, -0.0786503141, 0.354776854, -0.93153056, 0.609863281, -0.722045898, -0.326416016, -0.788541888, -0.593731722, -0.15964739, 0, 1, 5, 1, 
359.389717, 45, 0.1, 0.1, 0.0295933066, 0.361792018, -0.0199630233, 0.888227516, -0.45940383, -2.47185651e-005, 0.45940383, 0.888227516, 2.98673867e-005, 8.23451781e-006, -3.78848382e-005, 0.999999999, 0.888227482, -0.459403896, -1.77398214e-005, 0.459403896, 0.888227481, 4.46657091e-005, -4.76260391e-006, -4.78230533e-005, 0.999999999, 0, 0, 0, 0, 0, 0, 0, 0.248743286, -0.129203638, -0.194348218, -0.159220641, 0.595883707, -0.787065547, -0.962158203, 0.0844726562, 0.258666992, 0.22061692, 0.798573018, 0.560073321, 0, 0, -0, 0, 0, 0, 0, 0.292574561, -0.0811264648, -0.152269531, -0.0803754562, 0.35314103, -0.9320158, 0.609741211, -0.722167969, -0.326171875, -0.788477722, -0.594517367, -0.157366279, 0, 1, 5, 1, 
359.390499, 45, 0.1, 0.1, 0.0295933044, 0.361792023, -0.0199627962, 0.888227625, -0.45940362, 1.26333174e-005, 0.45940362, 0.888227624, -3.59119258e-005, 5.27680725e-006, 3.77017563e-005, 0.999999999, 0.888227594, -0.45940368, 1.57039538e-005, 0.45940368, 0.888227593, -4.37906889e-005, 6.16891855e-006, 4.61105524e-005, 0.999999999, 0, 0, 0, 0, 0, 0, 0, 0.248743286, -0.129203638, -0.194348218, -0.159220641, 0.595883707, -0.787065547, -0.962158203, 0.0844726562, 0.258666992, 0.22061692, 0.798573018, 0.560073321, 0, 0, -0, 0, 0, 0, 0, 0.292574561, -0.0811264648, -0.152269531, -0.0803754562, 0.35314103, -0.9320158, 0.609741211, -0.722167969, -0.326171875, -0.788477722, -0.594517367, -0.157366279, 0, 1, 5, 1, 
359.391285, 45, 0.1, 0.1, 0.029593306, 0.361792018, -0.0199635734, 0.888227683, -0.459403507, -7.03722195e-006, 0.459403507, 0.888227683, 3.3767283e-005, -9.26215291e-006, -3.322596e-005, 0.999999999, 0.888227679, -0.459403515, -2.23209795e-005, 0.459403516, 0.888227678, 3.57990889e-005, 3.37988456e-006, -4.20520781e-005, 0.999999999, 0, 0, 0, 0, 0, 0, 0, 0.248743286, -0.129203638, -0.194348218, -0.159220641, 0.595883707, -0.787065547, -0.962158203, 0.0844726562, 0.258666992, 0.22061692, 0.798573018, 0.560073321, 0, 0, -0, 0, 0, 0, 0, 0.292574561, -0.0811264648, -0.152269531, -0.0803754562, 0.35314103, -0.9320158, 0.609741211, -0.722167969, -0.326171875, -0.788477722, -0.594517367, -0.157366279, 0, 1, 5, 1, 
359.392074, 45, 0.1, 0.1, 0.0295933027, 0.361792023, -0.0199650003, 0.888227749, -0.459403379, 2.36272782e-005, 0.459403379, 0.888227749, -3.1363006e-005, -6.57813319e-006, 3.87119437e-005, 0.999999999, 0.888227747, -0.459403384, 2.80337137e-005, 0.459403384, 0.888227746, -3.82039539e-005, -7.34929661e-006, 4.68125948e-005, 0.999999999, 0, 0, 0, 0, 0, 0, 0, 0.248743286, -0.129203638, -0.194348218, -0.159220641, 0.595883707, -0.787065547, -0.962158203, 0.0844726562, 0.258666992, 0.22061692, 0.798573018, 0.560073321, 0, 0, -0, 0, 0, 0, 0, 0.292574561, -0.0811264648, -0.152269531, -0.0803754562, 0.35314103, -0.9320158, 0.609741211, -0.722167969, -0.326171875, -0.788477722, -0.594517367, -0.157366279, 0, 1, 5, 1, 
