time, trialNum, realDorsalTactorPos, realVentralTactorPos, box1PosX, box1PosY, box1PosZ, box1LocalRot_11, box1LocalRot_12, box1LocalRot_13, box1LocalRot_21, box1LocalRot_22, box1LocalRot_23, box1LocalRot_31, box1LocalRot_32, box1LocalRot_33, box1GlobalRot_11, box1GlobalRot_12, box1GlobalRot_13, box1GlobalRot_21, box1GlobalRot_22, box1GlobalRot_23, box1GlobalRot_31, box1GlobalRot_32, box1GlobalRot_33, indexForceX, indexForceY, indexForceZ, indexForceGlobalX, indexForceGlobalY, indexForceGlobalZ, indexContact, indexPosX, indexPosY, indexPosZ, indexRot_11, indexRot_12, indexRot_13, indexRot_21, indexRot_22, indexRot_23, indexRot_31, indexRot_32, indexRot_33, thumbForceX, thumbForceY, thumbForceZ, thumbForceGlobalX, thumbForceGlobalY, thumbForceGlobalZ, thumbContact, thumbPosX, thumbPosY, thumbPosZ, thumbRot_11, thumbRot_12, thumbRot_13, thumbRot_21, thumbRot_22, thumbRot_23, thumbRot_31, thumbRot_32, thumbRot_33, manipForceTooHigh, cceExpType, mapping, trialSuccess, 
119.1766, 11, 0.1, 0.1, 0.0129488341, 0.361002351, -0.0199568311, 0.986315307, -0.164869992, -7.31909567e-006, 0.164869992, 0.986315307, -7.70181326e-006, 8.48873399e-006, 6.38971706e-006, 1, 0.986315309, -0.164869981, -1.4434804e-005, 0.16486998, 0.986315309, -1.85204163e-005, 1.72907288e-005, 1.58871043e-005, 1, 0, 0, 0, 0, 0, 0, 0, 0.234245117, -0.0706342285, -0.220299072, 0.164837188, 0.397391891, -0.902672014, -0.944335938, 0.327636719, -0.0280761719, 0.284602477, 0.857077667, 0.429455305, 0, 0, -0, 0, 0, 0, 0, 0.277287109, -0.0174019043, -0.180549951, 0.18347389, 0.235022512, -0.954442018, 0.495727539, -0.860473633, -0.116577148, -0.848752562, -0.451662596, -0.274487804, 0, 1, 1, 1, 
119.194969, 11, 0.1, 0.1, 0.0129488139, 0.361002317, -0.019959701, 0.986313237, -0.164882374, -3.8501509e-005, 0.164882374, 0.986313238, -1.92443586e-005, 4.11476035e-005, 1.26327454e-005, 0.999999999, 0.986313251, -0.16488229, -1.98884798e-005, 0.164882289, 0.986313251, -3.91370402e-005, 2.6069276e-005, 3.53221233e-005, 0.999999999, 0, 0, 0, 0, 0, 0, 0, 0.237493652, -0.0780193848, -0.21626394, 0.143960336, 0.422868306, -0.894598127, -0.96105957, 0.275024414, -0.0246582031, 0.235506065, 0.863424321, 0.446097358, 0, 0, -0, 0, 0, 0, 0, 0.277936475, -0.0241464844, -0.176509131, 0.162603044, 0.23854239, -0.957360387, 0.538818359, -0.834228516, -0.116333008, -0.826520377, -0.496830187, -0.264238664, 0, 1, 1, 1, 
119.195862, 11, 0.1, 0.1, 0.0129488173, 0.361002311, -0.0199623, 0.986313266, -0.164882201, 1.24023839e-005, 0.164882201, 0.986313267, 7.02476155e-006, -1.3390894e-005, -4.88368315e-006, 1, 0.986313244, -0.164882337, 7.51803306e-006, 0.164882337, 0.986313243, 4.08137727e-005, -1.41446058e-005, -3.90155737e-005, 0.999999999, 0, 0, 0, 0, 0, 0, 0, 0.237493652, -0.0780193848, -0.21626394, 0.143960336, 0.422868306, -0.894598127, -0.96105957, 0.275024414, -0.0246582031, 0.235506065, 0.863424321, 0.446097358, 0, 0, -0, 0, 0, 0, 0, 0.277936475, -0.0241464844, -0.176509131, 0.162603044, 0.23854239, -0.957360387, 0.538818359, -0.834228516, -0.116333008, -0.826520377, -0.496830187, -0.264238664, 0, 1, 1, 1, 
119.196807, 11, 0.1, 0.1, 0.0129488156, 0.361002327, -0.0199628985, 0.986313338, -0.164881771, -8.37999802e-007, 0.164881771, 0.986313338, -3.68446546e-005, 6.90154229e-006, 3.62022033e-005, 0.999999999, 0.986313333, -0.164881804, 1.71659501e-005, 0.164881804, 0.986313331, -5.88109348e-005, -7.23415241e-006, 6.08363619e-005, 0.999999998, 0, 0, 0, 0, 0, 0, 0, 0.237493652, -0.0780193848, -0.21626394, 0.143960336, 0.422868306, -0.894598127, -0.96105957, 0.275024414, -0.0246582031, 0.235506065, 0.863424321, 0.446097358, 0, 0, -0, 0, 0, 0, 0, 0.277936475, -0.0241464844, -0.176509131, 0.162603044, 0.23854239, -0.957360387, 0.538818359, -0.834228516, -0.116333008, -0.826520377, -0.496830187, -0.264238664, 0, 1, 1, 1, 
119.197597, 11, 0.1, 0.1, 0.0129488178, 0.361002323, -0.0199636559, 0.986313411, -0.164881336, -1.10442879e-005, 0.164881336, 0.986313411, 6.53594016e-006, 9.81547472e-006, -8.26748238e-006, 1, 0.9863134, -0.1648814, -1.39983657e-005, 0.164881401, 0.9863134, 2.48226692e-005, 9.71397922e-006, -2.67910014e-005, 1, 0, 0, 0, 0, 0, 0, 0, 0.237493652, -0.0780193848, -0.21626394, 0.143960336, 0.422868306, -0.894598127, -0.96105957, 0.275024414, -0.0246582031, 0.235506065, 0.863424321, 0.446097358, 0, 0, -0, 0, 0, 0, 0, 0.277936475, -0.0241464844, -0.176509131, 0.162603044, 0.23854239, -0.957360387, 0.538818359, -0.834228516, -0.116333008, -0.826520377, -0.496830187, -0.264238664, 0, 1, 1, 1, 
119.198382, 11, 0.1, 0.1, 0.0129488177, 0.36100233, -0.0199650208, 0.986313469, -0.164880991, 5.8347518e-006, 0.164880991, 0.986313469, -4.74494045e-006, -4.97254381e-006, 5.64203833e-006, 1, 0.986313454, -0.164881082, -2.86317898e-006, 0.164881082, 0.986313453, -2.99397358e-005, 7.76048798e-006, 2.90578801e-005, 1, 0, 0, 0, 0, 0, 0, 0, 0.237493652, -0.0780193848, -0.21626394, 0.143960336, 0.422868306, -0.894598127, -0.96105957, 0.275024414, -0.0246582031, 0.235506065, 0.863424321, 0.446097358, 0, 0, -0, 0, 0, 0, 0, 0.277936475, -0.0241464844, -0.176509131, 0.162603044, 0.23854239, -0.957360387, 0.538818359, -0.834228516, -0.116333008, -0.826520377, -0.496830187, -0.264238664, 0, 1, 1, 1, 
119.199186, 11, 0.1, 0.1, 0.0129488198, 0.361002321, -0.019966452, 0.986313496, -0.16488083, 1.00538311e-006, 0.16488083, 0.986313495, 3.08592947e-005, -6.07972906e-006, -3.02711704e-005, 1, 0.986313488, -0.164880876, -1.85244474e-006, 0.164880876, 0.986313487, 4.95846577e-005, -6.34847056e-006, -4.92114494e-005, 0.999999999, 0, 0, 0, 0, 0, 0, 0, 0.238410034, -0.0792227295, -0.215558447, 0.14051069, 0.425445527, -0.893988176, -0.963378906, 0.266479492, -0.0246582031, 0.227771776, 0.864870009, 0.447607446, 0, 0, -0, 0, 0, 0, 0, 0.277936475, -0.0241464844, -0.176509131, 0.162603044, 0.23854239, -0.957360387, 0.538818359, -0.834228516, -0.116333008, -0.826520377, -0.496830187, -0.264238664, 0, 1, 1, 1, 
119.199992, 11, 0.1, 0.1, 0.0129488205, 0.361002324, -0.0199671553, 0.986313526, -0.164880651, -7.3720767e-006, 0.164880651, 0.986313526, -9.82568178e-007, 7.43318544e-006, -2.4639252e-007, 1, 0.986313524, -0.164880661, 7.19756677e-006, 0.164880661, 0.986313524, -1.76353556e-005, -4.19132835e-006, 1.85807293e-005, 1, 0, 0, 0, 0, 0, 0, 0, 0.238410034, -0.0792227295, -0.215558447, 0.14051069, 0.425445527, -0.893988176, -0.963378906, 0.266479492, -0.0246582031, 0.227771776, 0.864870009, 0.447607446, 0, 0, -0, 0, 0, 0, 0, 0.278116748, -0.0249719727, -0.175624219, 0.16053995, 0.23860509, -0.957666989, 0.546142578, -0.829711914, -0.115112305, -0.822072994, -0.504433645, -0.263657175, 0, 1, 1, 1, 
119.20078, 11, 0.1, 0.1, 0.0129488215, 0.361002326, -0.0199672847, 0.98631356, -0.164880446, -5.22772397e-006, 0.164880446, 0.98631356, -9.82306047e-006, 6.77580563e-006, 8.82666829e-006, 1, 0.986313549, -0.16488051, -4.20227168e-006, 0.164880509, 0.986313549, -1.80601499e-005, 7.12252421e-006, 1.71200978e-005, 1, 0, 0, 0, 0, 0, 0, 0, 0.238410034, -0.0792227295, -0.215558447, 0.14051069, 0.425445527, -0.893988176, -0.963378906, 0.266479492, -0.0246582031, 0.227771776, 0.864870009, 0.447607446, 0, 0, -0, 0, 0, 0, 0, 0.278116748, -0.0249719727, -0.175624219, 0.16053995, 0.23860509, -0.957666989, 0.546142578, -0.829711914, -0.115112305, -0.822072994, -0.504433645, -0.263657175, 0, 1, 1, 1, 
119.201566, 11, 0.1, 0.1, 0.0129488221, 0.361002326, -0.0199668648, 0.986313599, -0.16488021, 7.69833513e-006, 0.16488021, 0.986313599, -6.54208907e-006, -6.51431161e-006, 7.72185453e-006, 1, 0.986313597, -0.164880225, -4.87352884e-006, 0.164880225, 0.986313597, -4.32516085e-006, 5.51996125e-006, 3.46241642e-006, 1, 0, 0, 0, 0, 0, 0, 0, 0.238410034, -0.0792227295, -0.215558447, 0.14051069, 0.425445527, -0.893988176, -0.963378906, 0.266479492, -0.0246582031, 0.227771776, 0.864870009, 0.447607446, 0, 0, -0, 0, 0, 0, 0, 0.278116748, -0.0249719727, -0.175624219, 0.16053995, 0.23860509, -0.957666989, 0.546142578, -0.829711914, -0.115112305, -0.822072994, -0.504433645, -0.263657175, 0, 1, 1, 1, 
119.202353, 11, 0.1, 0.1, 0.0129488221, 0.361002326, -0.0199660746, 0.986313604, -0.164880179, 7.08307566e-006, 0.164880179, 0.986313604, 7.02953199e-006, -8.14516438e-006, -5.76546425e-006, 1, 0.986313603, -0.164880185, 8.33095069e-006, 0.164880185, 0.986313604, -7.96158378e-008, -8.20380293e-006, 1.45213488e-006, 1, 0, 0, 0, 0, 0, 0, 0, 0.238410034, -0.0792227295, -0.215558447, 0.14051069, 0.425445527, -0.893988176, -0.963378906, 0.266479492, -0.0246582031, 0.227771776, 0.864870009, 0.447607446, 0, 0, -0, 0, 0, 0, 0, 0.278116748, -0.0249719727, -0.175624219, 0.16053995, 0.23860509, -0.957666989, 0.546142578, -0.829711914, -0.115112305, -0.822072994, -0.504433645, -0.263657175, 0, 1, 1, 1, 
119.203141, 11, 0.1, 0.1, 0.0129488222, 0.361002328, -0.0199651674, 0.986313578, -0.164880336, -5.4914203e-006, 0.164880336, 0.986313578, 9.75352429e-006, 3.80809804e-006, -1.05254607e-005, 1, 0.986313587, -0.164880283, 1.00319572e-005, 0.164880283, 0.986313587, -8.8530022e-006, -8.43497014e-006, 1.03859083e-005, 1, 0, 0, 0, 0, 0, 0, 0, 0.238410034, -0.0792227295, -0.215558447, 0.14051069, 0.425445527, -0.893988176, -0.963378906, 0.266479492, -0.0246582031, 0.227771776, 0.864870009, 0.447607446, 0, 0, -0, 0, 0, 0, 0, 0.278116748, -0.0249719727, -0.175624219, 0.16053995, 0.23860509, -0.957666989, 0.546142578, -0.829711914, -0.115112305, -0.822072994, -0.504433645, -0.263657175, 0, 1, 1, 1, 
119.203934, 11, 0.1, 0.1, 0.0129488228, 0.361002328, -0.0199644519, 0.986313566, -0.164880412, -5.02128676e-006, 0.164880412, 0.986313566, -1.05209998e-006, 5.12603392e-006, 2.09788653e-007, 1, 0.986313563, -0.164880426, -3.57059188e-006, 0.164880426, 0.986313563, -9.27540079e-006, 5.05105523e-006, 8.55973289e-006, 1, 0, 0, 0, 0, 0, 0, 0, 0.238410034, -0.0792227295, -0.215558447, 0.14051069, 0.425445527, -0.893988176, -0.963378906, 0.266479492, -0.0246582031, 0.227771776, 0.864870009, 0.447607446, 0, 0, -0, 0, 0, 0, 0, 0.278116748, -0.0249719727, -0.175624219, 0.16053995, 0.23860509, -0.957666989, 0.546142578, -0.829711914, -0.115112305, -0.822072994, -0.504433645, -0.263657175, 0, 1, 1, 1, 
119.204757, 11, 0.1, 0.1, 0.0129488229, 0.361002326, -0.0199637385, 0.986313565, -0.164880413, 1.48716307e-005, 0.164880413, 0.986313565, -2.8202934e-005, -1.00179797e-005, 3.0268977e-005, 0.999999999, 0.986313571, -0.164880378, -4.14525914e-006, 0.164880378, 0.986313571, 1.74788404e-006, 3.80033357e-006, -2.40743364e-006, 1, 0, 0, 0, 0, 0, 0, 0, 0.239048364, -0.0799721436, -0.214627637, 0.136045208, 0.428162412, -0.893314946, -0.966064453, 0.256835937, -0.0240478516, 0.219086052, 0.866417167, 0.448736737, 0, 0, -0, 0, 0, 0, 0, 0.278230615, -0.0255776367, -0.174957178, 0.157505643, 0.238693309, -0.958197072, 0.553466797, -0.824829102, -0.114501953, -0.817727689, -0.512279906, -0.262117234, 0, 1, 1, 1, 
119.205541, 11, 0.1, 0.1, 0.012948821, 0.361002332, -0.0199636538, 0.986313566, -0.164880407, 8.99235884e-006, 0.164880407, 0.986313566, 2.37950931e-005, -1.27926302e-005, -2.19867594e-005, 1, 0.986313569, -0.164880392, 1.49020069e-005, 0.164880392, 0.986313569, -1.13281635e-005, -1.28302596e-005, 1.36301701e-005, 1, 0, 0, 0, 0, 0, 0, 0, 0.239048364, -0.0799721436, -0.214627637, 0.136045208, 0.428162412, -0.893314946, -0.966064453, 0.256835937, -0.0240478516, 0.219086052, 0.866417167, 0.448736737, 0, 0, -0, 0, 0, 0, 0, 0.278230615, -0.0255776367, -0.174957178, 0.157505643, 0.238693309, -0.958197072, 0.553466797, -0.824829102, -0.114501953, -0.817727689, -0.512279906, -0.262117234, 0, 1, 1, 1, 
119.206327, 11, 0.1, 0.1, 0.0129488274, 0.361002326, -0.0199642732, 0.986313485, -0.164880896, -1.44455246e-005, 0.164880896, 0.986313485, -1.031231e-005, 1.59481186e-005, 7.7893794e-006, 1, 0.986313506, -0.164880764, -3.50045794e-005, 0.164880765, 0.986313506, 1.81356655e-005, 3.1535267e-005, -2.36590337e-005, 0.999999999, 0, 0, 0, 0, 0, 0, 0, 0.239048364, -0.0799721436, -0.214627637, 0.136045208, 0.428162412, -0.893314946, -0.966064453, 0.256835937, -0.0240478516, 0.219086052, 0.866417167, 0.448736737, 0, 0, -0, 0, 0, 0, 0, 0.278230615, -0.0255776367, -0.174957178, 0.157505643, 0.238693309, -0.958197072, 0.553466797, -0.824829102, -0.114501953, -0.817727689, -0.512279906, -0.262117234, 0, 1, 1, 1, 
119.207141, 11, 0.1, 0.1, 0.0129488243, 0.361002328, -0.0199651767, 0.986313319, -0.164881888, -1.46727626e-005, 0.164881888, 0.986313318, 3.14115546e-005, 9.2927447e-006, -3.34009075e-005, 0.999999999, 0.986313355, -0.16488167, 1.61645677e-005, 0.16488167, 0.986313355, 2.00124602e-006, -1.62732978e-005, 6.91385248e-007, 1, 0, 0, 0, 0, 0, 0, 0, 0.239375317, -0.080382959, -0.214096069, 0.12985359, 0.433195165, -0.891834815, -0.96887207, 0.246337891, -0.0213623047, 0.210426537, 0.866979569, 0.451839289, 0, 0, -0, 0, 0, 0, 0, 0.278230615, -0.0255776367, -0.174957178, 0.153608765, 0.239267134, -0.958631272, 0.560913086, -0.819702148, -0.114746094, -0.813350302, -0.520075128, -0.26032173, 0, 1, 1, 1, 
119.20794, 11, 0.1, 0.1, 0.0129488261, 0.361002321, -0.0199658356, 0.98631318, -0.164882717, 3.03615235e-005, 0.164882717, 0.98631318, -6.08748284e-006, -2.89422501e-005, 1.10102551e-005, 1, 0.986313199, -0.164882606, 1.4148131e-005, 0.164882606, 0.986313199, 2.51186757e-005, -1.8096121e-005, -2.24421006e-005, 1, 0, 0, 0, 0, 0, 0, 0, 0.239375317, -0.080382959, -0.214096069, 0.12985359, 0.433195165, -0.891834815, -0.96887207, 0.246337891, -0.0213623047, 0.210426537, 0.866979569, 0.451839289, 0, 0, -0, 0, 0, 0, 0, 0.278288086, -0.0261500977, -0.17450166, 0.153608765, 0.239267134, -0.958631272, 0.560913086, -0.819702148, -0.114746094, -0.813350302, -0.520075128, -0.26032173, 0, 1, 1, 1, 
119.208727, 11, 0.1, 0.1, 0.0129488264, 0.361002327, -0.019966344, 0.986313153, -0.164882877, -2.27784953e-005, 0.164882877, 0.986313153, 1.10955504e-005, 2.06372632e-005, -1.46994711e-005, 1, 0.986313149, -0.164882903, -1.93048914e-005, 0.164882903, 0.986313149, -1.76635417e-005, 2.19530843e-005, 1.42387369e-005, 1, 0, 0, 0, 0, 0, 0, 0, 0.239375317, -0.080382959, -0.214096069, 0.12985359, 0.433195165, -0.891834815, -0.96887207, 0.246337891, -0.0213623047, 0.210426537, 0.866979569, 0.451839289, 0, 0, -0, 0, 0, 0, 0, 0.278288086, -0.0261500977, -0.17450166, 0.153608765, 0.239267134, -0.958631272, 0.560913086, -0.819702148, -0.114746094, -0.813350302, -0.520075128, -0.26032173, 0, 1, 1, 1, 
119.209512, 11, 0.1, 0.1, 0.0129488241, 0.361002324, -0.0199666146, 0.986313239, -0.164882365, 1.69550198e-005, 0.164882365, 0.986313239, -2.51497887e-005, -1.25762038e-005, 2.76011534e-005, 1, 0.986313215, -0.164882505, 2.53893644e-005, 0.164882505, 0.986313216, 7.81301199e-006, -2.63300946e-005, -3.519815e-006, 1, 0, 0, 0, 0, 0, 0, 0, 0.239375317, -0.080382959, -0.214096069, 0.12985359, 0.433195165, -0.891834815, -0.96887207, 0.246337891, -0.0213623047, 0.210426537, 0.866979569, 0.451839289, 0, 0, -0, 0, 0, 0, 0, 0.278288086, -0.0261500977, -0.17450166, 0.153608765, 0.239267134, -0.958631272, 0.560913086, -0.819702148, -0.114746094, -0.813350302, -0.520075128, -0.26032173, 0, 1, 1, 1, 
119.210306, 11, 0.1, 0.1, 0.0129488264, 0.361002331, -0.0199665325, 0.986313402, -0.164881393, 8.02406507e-006, 0.164881393, 0.986313401, 1.48536652e-005, -1.03633359e-005, -1.332735e-005, 1, 0.986313366, -0.164881603, -9.60099121e-006, 0.164881603, 0.986313366, -2.18173085e-005, 1.30668588e-005, 1.99356761e-005, 1, 0, 0, 0, 0, 0, 0, 0, 0.239375317, -0.080382959, -0.214096069, 0.12985359, 0.433195165, -0.891834815, -0.96887207, 0.246337891, -0.0213623047, 0.210426537, 0.866979569, 0.451839289, 0, 0, -0, 0, 0, 0, 0, 0.278288086, -0.0261500977, -0.17450166, 0.153608765, 0.239267134, -0.958631272, 0.560913086, -0.819702148, -0.114746094, -0.813350302, -0.520075128, -0.26032173, 0, 1, 1, 1, 
119.211097, 11, 0.1, 0.1, 0.0129488277, 0.361002327, -0.0199660751, 0.986313534, -0.1648806, -2.54065288e-005, 0.1648806, 0.986313534, -2.31299643e-005, 2.88724856e-005, 1.86243531e-005, 0.999999999, 0.986313516, -0.164880706, -1.98353721e-005, 0.164880706, 0.986313516, 8.36750152e-006, 1.8184256e-005, -1.152345e-005, 1, 0, 0, 0, 0, 0, 0, 0, 0.239375317, -0.080382959, -0.214096069, 0.12985359, 0.433195165, -0.891834815, -0.96887207, 0.246337891, -0.0213623047, 0.210426537, 0.866979569, 0.451839289, 0, 0, -0, 0, 0, 0, 0, 0.278288086, -0.0261500977, -0.17450166, 0.153608765, 0.239267134, -0.958631272, 0.560913086, -0.819702148, -0.114746094, -0.813350302, -0.520075128, -0.26032173, 0, 1, 1, 1, 
119.212011, 11, 0.1, 0.1, 0.0129488254, 0.361002332, -0.0199646429, 0.986313557, -0.164880461, 2.583708e-005, 0.16488046, 0.986313557, 1.64969997e-005, -2.82034952e-005, -1.20111848e-005, 1, 0.986313562, -0.164880431, 2.96461201e-005, 0.164880431, 0.986313562, 7.36039338e-006, -3.04539551e-005, -2.37159076e-006, 1, 0, 0, 0, 0, 0, 0, 0, 0.239473413, -0.0817552246, -0.213597583, 0.123447046, 0.43688258, -0.890926442, -0.971191406, 0.237304687, -0.0181884766, 0.20353135, 0.867631459, 0.453672888, 0, 0, -0, 0, 0, 0, 0, 0.278100342, -0.0274416016, -0.174272314, 0.149692565, 0.238742149, -0.959410355, 0.567016602, -0.815673828, -0.114501953, -0.809956887, -0.526758413, -0.257580532, 0, 1, 1, 1, 
119.212861, 11, 0.1, 0.1, 0.0129488304, 0.361002334, -0.0199617096, 0.986313523, -0.164880667, -1.95504932e-005, 0.164880668, 0.986313523, 1.21338649e-005, 1.72822761e-005, -1.51912934e-005, 1, 0.986313526, -0.164880645, -3.16881249e-005, 0.164880644, 0.986313527, -1.24788225e-005, 3.33119425e-005, 7.08327297e-006, 0.999999999, 0, 0, 0, 0, 0, 0, 0, 0.239473413, -0.0817552246, -0.213597583, 0.123447046, 0.43688258, -0.890926442, -0.971191406, 0.237304687, -0.0181884766, 0.20353135, 0.867631459, 0.453672888, 0, 0, -0, 0, 0, 0, 0, 0.278100342, -0.0274416016, -0.174272314, 0.149692565, 0.238742149, -0.959410355, 0.567016602, -0.815673828, -0.114501953, -0.809956887, -0.526758413, -0.257580532, 0, 1, 1, 1, 
119.213654, 11, 0.1, 0.1, 0.0129488284, 0.361002332, -0.019960323, 0.986313574, -0.164880359, -1.69648842e-005, 0.164880359, 0.986313574, -2.2125936e-006, 1.70975088e-005, -6.14865094e-007, 1, 0.986313557, -0.164880462, 1.28252106e-005, 0.164880463, 0.986313557, -6.28251548e-006, -1.16138151e-005, 8.31115685e-006, 1, 0, 0, 0, 0, 0, 0, 0, 0.239473413, -0.0817552246, -0.213597583, 0.123447046, 0.43688258, -0.890926442, -0.971191406, 0.237304687, -0.0181884766, 0.20353135, 0.867631459, 0.453672888, 0, 0, -0, 0, 0, 0, 0, 0.278100342, -0.0274416016, -0.174272314, 0.149692565, 0.238742149, -0.959410355, 0.567016602, -0.815673828, -0.114501953, -0.809956887, -0.526758413, -0.257580532, 0, 1, 1, 1, 
119.214445, 11, 0.1, 0.1, 0.0129488299, 0.361002333, -0.0199607506, 0.986313643, -0.164879943, 3.11888683e-005, 0.164879943, 0.986313644, 7.61310377e-006, -3.20172545e-005, -2.36648928e-006, 0.999999999, 0.986313629, -0.164880031, 1.64472859e-005, 0.164880031, 0.986313629, 1.02739501e-005, -1.79161515e-005, -7.42150804e-006, 1, 0, 0, 0, 0, 0, 0, 0, 0.239473413, -0.0817552246, -0.213597583, 0.123447046, 0.43688258, -0.890926442, -0.971191406, 0.237304687, -0.0181884766, 0.20353135, 0.867631459, 0.453672888, 0, 0, -0, 0, 0, 0, 0, 0.278100342, -0.0274416016, -0.174272314, 0.149692565, 0.238742149, -0.959410355, 0.567016602, -0.815673828, -0.114501953, -0.809956887, -0.526758413, -0.257580532, 0, 1, 1, 1, 
119.215237, 11, 0.1, 0.1, 0.0129488306, 0.361002334, -0.0199627005, 0.986313764, -0.164879222, -2.50001444e-005, 0.164879222, 0.986313764, 1.74121928e-005, 2.17870777e-005, -2.12958898e-005, 1, 0.986313734, -0.164879403, -2.4903512e-005, 0.164879403, 0.986313734, 8.43237456e-006, 2.3172351e-005, -1.2423043e-005, 1, 0, 0, 0, 0, 0, 0, 0, 0.239473413, -0.0817552246, -0.213597583, 0.123447046, 0.43688258, -0.890926442, -0.971191406, 0.237304687, -0.0181884766, 0.20353135, 0.867631459, 0.453672888, 0, 0, -0, 0, 0, 0, 0, 0.278100342, -0.0274416016, -0.174272314, 0.149692565, 0.238742149, -0.959410355, 0.567016602, -0.815673828, -0.114501953, -0.809956887, -0.526758413, -0.257580532, 0, 1, 1, 1, 
119.216037, 11, 0.1, 0.1, 0.0129488268, 0.361002333, -0.0199653544, 0.986313913, -0.164878335, 1.90568717e-005, 0.164878335, 0.986313913, 9.26377827e-007, -1.89487973e-005, 2.22836594e-006, 1, 0.986313887, -0.164878486, 3.16378244e-005, 0.164878485, 0.986313888, 7.5132192e-006, -3.24435937e-005, -2.19399587e-006, 0.999999999, 0, 0, 0, 0, 0, 0, 0, 0.239473413, -0.0817552246, -0.213597583, 0.123447046, 0.43688258, -0.890926442, -0.971191406, 0.237304687, -0.0181884766, 0.20353135, 0.867631459, 0.453672888, 0, 0, -0, 0, 0, 0, 0, 0.278100342, -0.0274416016, -0.174272314, 0.149692565, 0.238742149, -0.959410355, 0.567016602, -0.815673828, -0.114501953, -0.809956887, -0.526758413, -0.257580532, 0, 1, 1, 1, 
119.216858, 11, 0.1, 0.1, 0.0129488288, 0.361002335, -0.0199676225, 0.98631402, -0.164877692, 1.76649477e-005, 0.164877692, 0.98631402, -6.46391564e-006, -1.63574301e-005, 9.28800644e-006, 1, 0.986314006, -0.164877775, -3.23295751e-006, 0.164877775, 0.986314006, -1.87079462e-005, 6.27323581e-006, 1.79188665e-005, 1, 0, 0, 0, 0, 0, 0, 0, 0.239615576, -0.0831519043, -0.212881958, 0.117903571, 0.440087726, -0.890138636, -0.973266602, 0.228759766, -0.0158691406, 0.196623058, 0.868359733, 0.455525582, 0, 0, -0, 0, 0, 0, 0, 0.277974121, -0.028747998, -0.173373486, 0.146600655, 0.2379616, -0.960004236, 0.572998047, -0.811523438, -0.113647461, -0.80623135, -0.533345815, -0.255433583, 0, 1, 1, 1, 
119.217657, 11, 0.1, 0.1, 0.0129488285, 0.361002334, -0.0199687355, 0.986314045, -0.164877545, -2.35503518e-005, 0.164877545, 0.986314045, -9.11117903e-006, 2.47302716e-005, 5.10355966e-006, 1, 0.986314041, -0.164877568, -1.22480089e-005, 0.164877568, 0.986314041, -3.25652528e-006, 1.26173111e-005, 1.19253469e-006, 1, 0, 0, 0, 0, 0, 0, 0, 0.239615576, -0.0831519043, -0.212881958, 0.117903571, 0.440087726, -0.890138636, -0.973266602, 0.228759766, -0.0158691406, 0.196623058, 0.868359733, 0.455525582, 0, 0, -0, 0, 0, 0, 0, 0.277974121, -0.028747998, -0.173373486, 0.146600655, 0.2379616, -0.960004236, 0.572998047, -0.811523438, -0.113647461, -0.80623135, -0.533345815, -0.255433583, 0, 1, 1, 1, 
119.218446, 11, 0.1, 0.1, 0.0129488287, 0.361002335, -0.0199686395, 0.986314073, -0.164877375, 1.94300237e-005, 0.164877375, 0.986314073, -1.01513813e-005, -1.74903727e-005, 1.32160215e-005, 1, 0.986314065, -0.164877423, 1.87457798e-005, 0.164877423, 0.986314065, 4.35946448e-006, -1.92080036e-005, -1.20904527e-006, 1, 0, 0, 0, 0, 0, 0, 0, 0.239615576, -0.0831519043, -0.212881958, 0.117903571, 0.440087726, -0.890138636, -0.973266602, 0.228759766, -0.0158691406, 0.196623058, 0.868359733, 0.455525582, 0, 0, -0, 0, 0, 0, 0, 0.277974121, -0.028747998, -0.173373486, 0.146600655, 0.2379616, -0.960004236, 0.572998047, -0.811523438, -0.113647461, -0.80623135, -0.533345815, -0.255433583, 0, 1, 1, 1, 
119.219252, 11, 0.1, 0.1, 0.0129488332, 0.361002335, -0.0199674256, 0.986314158, -0.16487687, -1.56239662e-005, 0.16487687, 0.986314158, 1.22386602e-005, 1.33922671e-005, -1.46471944e-005, 1, 0.986314135, -0.164877004, -3.08661573e-005, 0.164877005, 0.986314135, 1.43955761e-005, 2.80702278e-005, -1.92876798e-005, 0.999999999, 0, 0, 0, 0, 0, 0, 0, 0.239615576, -0.0831519043, -0.212881958, 0.117903571, 0.440087726, -0.890138636, -0.973266602, 0.228759766, -0.0158691406, 0.196623058, 0.868359733, 0.455525582, 0, 0, -0, 0, 0, 0, 0, 0.277974121, -0.028747998, -0.173373486, 0.143451144, 0.236753048, -0.96089196, 0.57824707, -0.807983398, -0.112670898, -0.803125582, -0.539364489, -0.252826547, 0, 1, 1, 1, 
119.220053, 11, 0.1, 0.1, 0.0129488315, 0.361002335, -0.0199654169, 0.986314253, -0.164876297, -1.72263144e-005, 0.164876297, 0.986314254, 2.99935417e-006, 1.64960371e-005, -5.7985167e-006, 1, 0.986314235, -0.164876408, 8.68404367e-006, 0.164876408, 0.986314235, -6.79336773e-007, -8.45318928e-006, 2.10183345e-006, 1, 0, 0, 0, 0, 0, 0, 0, 0.239615576, -0.0831519043, -0.212881958, 0.117903571, 0.440087726, -0.890138636, -0.973266602, 0.228759766, -0.0158691406, 0.196623058, 0.868359733, 0.455525582, 0, 0, -0, 0, 0, 0, 0, 0.277831055, -0.030070752, -0.172707666, 0.143451144, 0.236753048, -0.96089196, 0.57824707, -0.807983398, -0.112670898, -0.803125582, -0.539364489, -0.252826547, 0, 1, 1, 1, 
119.220847, 11, 0.1, 0.1, 0.0129488327, 0.361002337, -0.0199635443, 0.986314293, -0.164876057, 2.55832271e-005, 0.164876056, 0.986314294, 1.92016192e-005, -2.83989898e-005, -1.47207699e-005, 0.999999999, 0.986314295, -0.164876049, 1.69417366e-005, 0.164876049, 0.986314295, -4.87893753e-006, -1.59054571e-005, 7.60545242e-006, 1, 0, 0, 0, 0, 0, 0, 0, 0.239615576, -0.0831519043, -0.212881958, 0.117903571, 0.440087726, -0.890138636, -0.973266602, 0.228759766, -0.0158691406, 0.196623058, 0.868359733, 0.455525582, 0, 0, -0, 0, 0, 0, 0, 0.277831055, -0.030070752, -0.172707666, 0.143451144, 0.236753048, -0.96089196, 0.57824707, -0.807983398, -0.112670898, -0.803125582, -0.539364489, -0.252826547, 0, 1, 1, 1, 
119.221655, 11, 0.1, 0.1, 0.0129488345, 0.361002339, -0.0199622902, 0.986314245, -0.164876346, -1.9959802e-005, 0.164876345, 0.986314244, -5.08495288e-005, 2.80705216e-005, 4.68627154e-005, 0.999999999, 0.986314262, -0.164876242, -2.34084533e-005, 0.164876241, 0.986314262, -3.64839617e-005, 2.91034298e-005, 3.2125154e-005, 0.999999999, 0, 0, 0, 0, 0, 0, 0, 0.240010645, -0.0848742432, -0.211990332, 0.112849478, 0.441262321, -0.890157732, -0.974975586, 0.221679687, -0.013671875, 0.191243951, 0.869533207, 0.455405015, 0, 0, -0, 0, 0, 0, 0, 0.277831055, -0.030070752, -0.172707666, 0.143451144, 0.236753048, -0.96089196, 0.57824707, -0.807983398, -0.112670898, -0.803125582, -0.539364489, -0.252826547, 0, 1, 1, 1, 
119.222442, 11, 0.1, 0.1, 0.0129488329, 0.361002339, -0.0199620895, 0.986314104, -0.16487719, -3.30582301e-006, 0.16487719, 0.986314103, 5.88233949e-005, -6.43805618e-006, -5.85633989e-005, 0.999999998, 0.986314143, -0.164876955, 1.54443918e-005, 0.164876954, 0.986314143, 3.8285298e-005, -2.15453854e-005, -3.52149067e-005, 0.999999999, 0, 0, 0, 0, 0, 0, 0, 0.240010645, -0.0848742432, -0.211990332, 0.112849478, 0.441262321, -0.890157732, -0.974975586, 0.221679687, -0.013671875, 0.191243951, 0.869533207, 0.455405015, 0, 0, -0, 0, 0, 0, 0, 0.277831055, -0.030070752, -0.172707666, 0.143451144, 0.236753048, -0.96089196, 0.57824707, -0.807983398, -0.112670898, -0.803125582, -0.539364489, -0.252826547, 0, 1, 1, 1, 
119.223233, 11, 0.1, 0.1, 0.012948839, 0.361002334, -0.0199630807, 0.986313852, -0.164878697, 1.15194296e-005, 0.164878698, 0.986313851, -3.81392609e-005, -5.07342136e-006, 3.95165899e-005, 0.999999999, 0.986313907, -0.164878369, -2.18564318e-005, 0.164878369, 0.986313907, 2.0969208e-006, 2.12115657e-005, -5.67187497e-006, 1, 0, 0, 0, 0, 0, 0, 0, 0.240010645, -0.0848742432, -0.211990332, 0.112849478, 0.441262321, -0.890157732, -0.974975586, 0.221679687, -0.013671875, 0.191243951, 0.869533207, 0.455405015, 0, 0, -0, 0, 0, 0, 0, 0.277831055, -0.030070752, -0.172707666, 0.143451144, 0.236753048, -0.96089196, 0.57824707, -0.807983398, -0.112670898, -0.803125582, -0.539364489, -0.252826547, 0, 1, 1, 1, 
119.224052, 11, 0.1, 0.1, 0.0129488372, 0.36100235, -0.0199648001, 0.986313632, -0.164880015, -2.24220425e-005, 0.164880014, 0.986313631, -4.09749841e-005, 2.88711222e-005, 3.67172387e-005, 0.999999999, 0.986313667, -0.164879805, -6.73092303e-006, 0.164879804, 0.986313665, -6.92283702e-005, 1.80531615e-005, 6.71710945e-005, 0.999999998, 0, 0, 0, 0, 0, 0, 0, 0.240183936, -0.0858841309, -0.2110771, 0.107883752, 0.443280888, -0.889802021, -0.97668457, 0.213745117, -0.0119628906, 0.184862113, 0.870573008, 0.456090228, 0, 0, -0, 0, 0, 0, 0, 0.277831055, -0.030070752, -0.172707666, 0.140250592, 0.236068381, -0.961485842, 0.583984375, -0.803833008, -0.112182617, -0.799534206, -0.545696329, -0.250679598, 0, 1, 1, 1, 
119.224845, 11, 0.1, 0.1, 0.012948837, 0.361002344, -0.0199662994, 0.986313574, -0.164880361, 2.48097239e-005, 0.16488036, 0.986313574, 3.0762968e-005, -2.95423767e-005, -2.62512968e-005, 0.999999999, 0.986313577, -0.164880344, 2.15869144e-005, 0.164880343, 0.986313576, 4.41392169e-005, -2.8569156e-005, -3.9975851e-005, 0.999999999, 0, 0, 0, 0, 0, 0, 0, 0.240183936, -0.0858841309, -0.2110771, 0.107883752, 0.443280888, -0.889802021, -0.97668457, 0.213745117, -0.0119628906, 0.184862113, 0.870573008, 0.456090228, 0, 0, -0, 0, 0, 0, 0, 0.277471582, -0.0311421875, -0.17203208, 0.140250592, 0.236068381, -0.961485842, 0.583984375, -0.803833008, -0.112182617, -0.799534206, -0.545696329, -0.250679598, 0, 1, 1, 1, 
119.225637, 11, 0.1, 0.1, 0.012948837, 0.361002354, -0.0199674467, 0.986313572, -0.164880374, 5.32140927e-006, 0.164880374, 0.98631357, -5.82798807e-005, 4.36063035e-006, 5.83596333e-005, 0.999999998, 0.986313575, -0.164880359, -5.14190852e-006, 0.164880358, 0.986313572, -6.52498856e-005, 1.58299587e-005, 6.35090482e-005, 0.999999998, 0, 0, 0, 0, 0, 0, 0, 0.240183936, -0.0858841309, -0.2110771, 0.107883752, 0.443280888, -0.889802021, -0.97668457, 0.213745117, -0.0119628906, 0.184862113, 0.870573008, 0.456090228, 0, 0, -0, 0, 0, 0, 0, 0.277471582, -0.0311421875, -0.17203208, 0.140250592, 0.236068381, -0.961485842, 0.583984375, -0.803833008, -0.112182617, -0.799534206, -0.545696329, -0.250679598, 0, 1, 1, 1, 
119.226424, 11, 0.1, 0.1, 0.0129488351, 0.36100235, -0.0199678979, 0.986313491, -0.164880857, -2.30580367e-005, 0.164880859, 0.986313489, 5.88095159e-005, 1.30458892e-005, -6.18064478e-005, 0.999999998, 0.98631352, -0.164880688, 2.08209728e-006, 0.164880688, 0.986313518, 5.17224211e-005, -1.05816291e-005, -5.06712256e-005, 0.999999999, 0, 0, 0, 0, 0, 0, 0, 0.240183936, -0.0858841309, -0.2110771, 0.107883752, 0.443280888, -0.889802021, -0.97668457, 0.213745117, -0.0119628906, 0.184862113, 0.870573008, 0.456090228, 0, 0, -0, 0, 0, 0, 0, 0.277471582, -0.0311421875, -0.17203208, 0.140250592, 0.236068381, -0.961485842, 0.583984375, -0.803833008, -0.112182617, -0.799534206, -0.545696329, -0.250679598, 0, 1, 1, 1, 
119.227216, 11, 0.1, 0.1, 0.012948838, 0.361002348, -0.019967558, 0.986313324, -0.164881857, 2.2432458e-005, 0.164881858, 0.986313323, -3.60135714e-005, -1.61874477e-005, 3.92193706e-005, 0.999999999, 0.986313357, -0.164881662, 8.98901133e-006, 0.164881662, 0.986313357, -1.46442876e-005, -6.45140747e-006, 1.59259796e-005, 1, 0, 0, 0, 0, 0, 0, 0, 0.240183936, -0.0858841309, -0.2110771, 0.107883752, 0.443280888, -0.889802021, -0.97668457, 0.213745117, -0.0119628906, 0.184862113, 0.870573008, 0.456090228, 0, 0, -0, 0, 0, 0, 0, 0.277471582, -0.0311421875, -0.17203208, 0.140250592, 0.236068381, -0.961485842, 0.583984375, -0.803833008, -0.112182617, -0.799534206, -0.545696329, -0.250679598, 0, 1, 1, 1, 
119.228187, 11, 0.1, 0.1, 0.0129488437, 0.361002352, -0.019965003, 0.986313199, -0.164882601, -4.02619728e-005, 0.164882602, 0.986313199, 2.15480591e-005, 3.61580152e-005, -2.7891634e-005, 0.999999999, 0.986313213, -0.164882516, -4.27957725e-005, 0.164882516, 0.986313214, 2.6903383e-006, 4.17664461e-005, -9.70979086e-006, 0.999999999, 0, 0, 0, 0, 0, 0, 0, 0.240183936, -0.0858841309, -0.2110771, 0.107883752, 0.443280888, -0.889802021, -0.97668457, 0.213745117, -0.0119628906, 0.184862113, 0.870573008, 0.456090228, 0, 0, -0, 0, 0, 0, 0, 0.277471582, -0.0311421875, -0.17203208, 0.140250592, 0.236068381, -0.961485842, 0.583984375, -0.803833008, -0.112182617, -0.799534206, -0.545696329, -0.250679598, 0, 1, 1, 1, 
119.229029, 11, 0.1, 0.1, 0.0129488406, 0.361002353, -0.0199609983, 0.986313212, -0.164882524, 1.93879159e-005, 0.164882524, 0.986313212, -2.31294809e-005, -1.53089104e-005, 2.60096411e-005, 1, 0.986313203, -0.164882579, 3.33117214e-005, 0.16488258, 0.986313203, -2.3817457e-005, -2.89287069e-005, 2.89839949e-005, 0.999999999, 0, 0, 0, 0, 0, 0, 0, 0.239686401, -0.0870540283, -0.210567139, 0.102666031, 0.44663768, -0.888696697, -0.977783203, 0.209228516, -0.00781249999, 0.182351537, 0.869917753, 0.458387, 0, 0, -0, 0, 0, 0, 0, 0.276994189, -0.0321787109, -0.171785889, 0.135363179, 0.235856561, -0.962207322, 0.589477539, -0.799682617, -0.11315918, -0.79624287, -0.551855728, -0.247318632, 0, 1, 1, 1, 
119.229824, 11, 0.1, 0.1, 0.0129488429, 0.361002349, -0.0199587124, 0.986313312, -0.164881926, 2.59127099e-005, 0.164881926, 0.986313312, 2.48424179e-005, -2.96541164e-005, -2.02298699e-005, 0.999999999, 0.986313287, -0.164882078, -7.15430559e-006, 0.164882078, 0.986313286, 3.55609438e-005, 1.19302434e-006, -3.62538481e-005, 0.999999999, 0, 0, 0, 0, 0, 0, 0, 0.239686401, -0.0870540283, -0.210567139, 0.102666031, 0.44663768, -0.888696697, -0.977783203, 0.209228516, -0.00781249999, 0.182351537, 0.869917753, 0.458387, 0, 0, -0, 0, 0, 0, 0, 0.276994189, -0.0321787109, -0.171785889, 0.135363179, 0.235856561, -0.962207322, 0.589477539, -0.799682617, -0.11315918, -0.79624287, -0.551855728, -0.247318632, 0, 1, 1, 1, 
119.230613, 11, 0.1, 0.1, 0.012948839, 0.361002351, -0.019958858, 0.986313504, -0.164880779, -2.3163928e-005, 0.16488078, 0.986313504, 1.7269718e-005, 1.99994504e-005, -2.08526426e-005, 1, 0.986313458, -0.164881055, -3.43562392e-006, 0.164881055, 0.986313458, -8.57982635e-006, 4.80325294e-006, 7.8959289e-006, 1, 0, 0, 0, 0, 0, 0, 0, 0.239686401, -0.0870540283, -0.210567139, 0.102666031, 0.44663768, -0.888696697, -0.977783203, 0.209228516, -0.00781249999, 0.182351537, 0.869917753, 0.458387, 0, 0, -0, 0, 0, 0, 0, 0.276994189, -0.0321787109, -0.171785889, 0.135363179, 0.235856561, -0.962207322, 0.589477539, -0.799682617, -0.11315918, -0.79624287, -0.551855728, -0.247318632, 0, 1, 1, 1, 
119.2314, 11, 0.1, 0.1, 0.0129488376, 0.361002349, -0.0199612125, 0.986313758, -0.164879256, 3.08488395e-005, 0.164879257, 0.986313758, -2.56175981e-005, -2.62028243e-005, 3.03533232e-005, 0.999999999, 0.986313702, -0.164879594, 3.18309061e-005, 0.164879595, 0.986313702, -1.00972832e-005, -2.97304229e-005, 1.52073557e-005, 0.999999999, 0, 0, 0, 0, 0, 0, 0, 0.239686401, -0.0870540283, -0.210567139, 0.102666031, 0.44663768, -0.888696697, -0.977783203, 0.209228516, -0.00781249999, 0.182351537, 0.869917753, 0.458387, 0, 0, -0, 0, 0, 0, 0, 0.276994189, -0.0321787109, -0.171785889, 0.135363179, 0.235856561, -0.962207322, 0.589477539, -0.799682617, -0.11315918, -0.79624287, -0.551855728, -0.247318632, 0, 1, 1, 1, 
119.232192, 11, 0.1, 0.1, 0.0129488423, 0.36100235, -0.019964829, 0.986314074, -0.164877367, -2.34131103e-005, 0.164877367, 0.986314074, 1.55245672e-005, 2.05330305e-005, -1.91723912e-005, 1, 0.986314008, -0.164877764, -3.61540322e-005, 0.164877765, 0.986314008, 1.41080381e-005, 3.33331266e-005, -1.98759517e-005, 0.999999999, 0, 0, 0, 0, 0, 0, 0, 0.239686401, -0.0870540283, -0.210567139, 0.102666031, 0.44663768, -0.888696697, -0.977783203, 0.209228516, -0.00781249999, 0.182351537, 0.869917753, 0.458387, 0, 0, -0, 0, 0, 0, 0, 0.276994189, -0.0321787109, -0.171785889, 0.135363179, 0.235856561, -0.962207322, 0.589477539, -0.799682617, -0.11315918, -0.79624287, -0.551855728, -0.247318632, 0, 1, 1, 1, 
119.232979, 11, 0.1, 0.1, 0.012948841, 0.361002354, -0.019968407, 0.986314425, -0.164875269, -1.40618876e-005, 0.164875269, 0.986314425, -1.6082853e-005, 1.65211073e-005, 1.35442924e-005, 1, 0.986314355, -0.164875692, 9.18481759e-006, 0.164875693, 0.986314354, -2.5422587e-005, -4.8675508e-006, 2.65890157e-005, 1, 0, 0, 0, 0, 0, 0, 0, 0.239686401, -0.0870540283, -0.210567139, 0.102666031, 0.44663768, -0.888696697, -0.977783203, 0.209228516, -0.00781249999, 0.182351537, 0.869917753, 0.458387, 0, 0, -0, 0, 0, 0, 0, 0.276994189, -0.0321787109, -0.171785889, 0.135363179, 0.235856561, -0.962207322, 0.589477539, -0.799682617, -0.11315918, -0.79624287, -0.551855728, -0.247318632, 0, 1, 1, 1, 
119.233801, 11, 0.1, 0.1, 0.0129488426, 0.361002352, -0.0199706077, 0.986314825, -0.164872875, 2.76826082e-005, 0.164872875, 0.986314826, -4.37389112e-006, -2.65826309e-005, 8.87814486e-006, 1, 0.986314745, -0.164873356, 1.35827219e-005, 0.164873355, 0.986314745, 1.3437214e-005, -1.56122775e-005, -1.10138933e-005, 1, 0, 0, 0, 0, 0, 0, 0, 0.239701758, -0.0885503174, -0.20988728, 0.0987303674, 0.447919739, -0.888518841, -0.978637695, 0.205322266, -0.00524902343, 0.18013227, 0.870209063, 0.458729606, 0, 0, -0, 0, 0, 0, 0, 0.276644971, -0.0330288574, -0.171112012, 0.132086069, 0.235369855, -0.962788444, 0.596069336, -0.794921875, -0.112548828, -0.791923085, -0.558903217, -0.245293085, 0, 1, 1, 1, 
119.234595, 11, 0.1, 0.1, 0.0129488425, 0.361002352, -0.0199706801, 0.986315229, -0.164870459, -1.72675074e-005, 0.164870459, 0.986315229, 2.43822788e-005, 1.3011288e-005, -2.68955148e-005, 1, 0.986315148, -0.164870948, -1.68440758e-005, 0.164870948, 0.986315148, 1.44183184e-005, 1.42364052e-005, -1.69981046e-005, 1, 0, 0, 0, 0, 0, 0, 0, 0.239701758, -0.0885503174, -0.20988728, 0.0987303674, 0.447919739, -0.888518841, -0.978637695, 0.205322266, -0.00524902343, 0.18013227, 0.870209063, 0.458729606, 0, 0, -0, 0, 0, 0, 0, 0.276644971, -0.0330288574, -0.171112012, 0.132086069, 0.235369855, -0.962788444, 0.596069336, -0.794921875, -0.112548828, -0.791923085, -0.558903217, -0.245293085, 0, 1, 1, 1, 
119.235387, 11, 0.1, 0.1, 0.012948839, 0.361002352, -0.0199689497, 0.986315653, -0.164867925, 1.56606568e-005, 0.164867925, 0.986315653, -1.70169371e-005, -1.26408038e-005, 1.93660114e-005, 1, 0.986315568, -0.16486843, 2.93988899e-005, 0.164868431, 0.986315568, -1.53563365e-005, -2.64648077e-005, 1.99931426e-005, 0.999999999, 0, 0, 0, 0, 0, 0, 0, 0.239701758, -0.0885503174, -0.20988728, 0.0987303674, 0.447919739, -0.888518841, -0.978637695, 0.205322266, -0.00524902343, 0.18013227, 0.870209063, 0.458729606, 0, 0, -0, 0, 0, 0, 0, 0.276644971, -0.0330288574, -0.171112012, 0.132086069, 0.235369855, -0.962788444, 0.596069336, -0.794921875, -0.112548828, -0.791923085, -0.558903217, -0.245293085, 0, 1, 1, 1, 
119.236208, 11, 0.1, 0.1, 0.0129488424, 0.361002349, -0.0199659202, 0.986316112, -0.164865179, 1.32268633e-005, 0.164865179, 0.986316112, 1.06975001e-005, -1.48095136e-005, -8.37046748e-006, 1, 0.986316017, -0.164865749, -1.45946269e-005, 0.16486575, 0.986316016, 2.25303242e-005, 1.06804355e-005, -2.46281737e-005, 1, 0, 0, 0, 0, 0, 0, 0, 0.239651563, -0.0895343262, -0.209398926, 0.0936261, 0.450508942, -0.887788323, -0.979858398, 0.19934082, -0.00219726562, 0.175997029, 0.870169749, 0.460220599, 0, 0, -0, 0, 0, 0, 0, 0.276644971, -0.0330288574, -0.171112012, 0.128649278, 0.235164231, -0.963356805, 0.602905273, -0.789794922, -0.112182617, -0.787251855, -0.566289392, -0.243388938, 0, 1, 1, 1, 
119.236997, 11, 0.1, 0.1, 0.0129488423, 0.361002353, -0.0199628621, 0.986316581, -0.164862371, -3.57439823e-005, 0.164862372, 0.986316581, 5.68672786e-006, 3.4317355e-005, -1.15017517e-005, 0.999999999, 0.986316483, -0.164862957, -1.88130933e-005, 0.164862957, 0.986316483, -1.857378e-005, 2.16177923e-005, 1.52180432e-005, 1, 0, 0, 0, 0, 0, 0, 0, 0.239651563, -0.0895343262, -0.209398926, 0.0936261, 0.450508942, -0.887788323, -0.979858398, 0.19934082, -0.00219726562, 0.175997029, 0.870169749, 0.460220599, 0, 0, -0, 0, 0, 0, 0, 0.27651582, -0.0338675293, -0.170663086, 0.128649278, 0.235164231, -0.963356805, 0.602905273, -0.789794922, -0.112182617, -0.787251855, -0.566289392, -0.243388938, 0, 1, 1, 1, 
119.237788, 11, 0.1, 0.1, 0.0129488424, 0.361002354, -0.0199609011, 0.986317081, -0.164859382, 2.7700231e-005, 0.164859383, 0.98631708, -2.90533549e-005, -2.25314928e-005, 3.32224632e-005, 0.999999999, 0.986316978, -0.164859994, 2.71263127e-005, 0.164859994, 0.986316979, -1.58632414e-005, -2.41399289e-005, 2.01182281e-005, 1, 0, 0, 0, 0, 0, 0, 0, 0.239651563, -0.0895343262, -0.209398926, 0.0936261, 0.450508942, -0.887788323, -0.979858398, 0.19934082, -0.00219726562, 0.175997029, 0.870169749, 0.460220599, 0, 0, -0, 0, 0, 0, 0, 0.27651582, -0.0338675293, -0.170663086, 0.128649278, 0.235164231, -0.963356805, 0.602905273, -0.789794922, -0.112182617, -0.787251855, -0.566289392, -0.243388938, 0, 1, 1, 1, 
