time, trialNum, realDorsalTactorPos, realVentralTactorPos, boxPosX, boxPosY, boxPosZ, boxLocalRot_11, boxLocalRot_12, boxLocalRot_13, boxLocalRot_21, boxLocalRot_22, boxLocalRot_23, boxLocalRot_31, boxLocalRot_32, boxLocalRot_33, boxGlobalRot_11, boxGlobalRot_12, boxGlobalRot_13, boxGlobalRot_21, boxGlobalRot_22, boxGlobalRot_23, boxGlobalRot_31, boxGlobalRot_32, boxGlobalRot_33, indexForceX, indexForceY, indexForceZ, indexForceGlobalX, indexForceGlobalY, indexForceGlobalZ, indexContact, indexPosX, indexPosY, indexPosZ, indexRot_11, indexRot_12, indexRot_13, indexRot_21, indexRot_22, indexRot_23, indexRot_31, indexRot_32, indexRot_33, thumbForceX, thumbForceY, thumbForceZ, thumbForceGlobalX, thumbForceGlobalY, thumbForceGlobalZ, thumbContact, thumbPosX, thumbPosY, thumbPosZ, thumbRot_11, thumbRot_12, thumbRot_13, thumbRot_21, thumbRot_22, thumbRot_23, thumbRot_31, thumbRot_32, thumbRot_33, manipForceTooHigh, cceExpType, mapping, trialSuccess, 
689.586757, 47, 0.1, 0.1, -0.00338541999, 0.3633484, -0.0199585971, 0.81127695, -0.584662048, -5.4307533e-006, 0.584662048, 0.811276949, 2.79518378e-005, -1.19365338e-005, -2.58518371e-005, 1, 0.811276919, -0.584662092, 2.14636439e-006, 0.584662091, 0.811276918, 2.6324999e-005, -1.71325248e-005, -2.01019661e-005, 1, 0, 0, 0, 0, 0, 0, 0, 0.223959595, -0.119139331, -0.172039038, 0.196959344, 0.238393798, -0.950977153, -0.895019531, 0.439575195, -0.0751953125, 0.400016963, 0.866069947, 0.300042633, 0, 0, 0, 0, 0, 0, 0, 0.262174023, -0.0729865234, -0.17185957, 0.0532255618, -0.28284368, -0.957698826, 0.250732422, -0.924438477, 0.286987305, -0.96652803, -0.255329169, 0.0215935364, 0, 1, 5, 1, 
689.623513, 47, 0.1, 0.1, -0.00338541074, 0.363348402, -0.0199654949, 0.811273299, -0.584667113, -2.85182251e-005, 0.584667114, 0.811273299, 2.44220944e-005, 8.85727914e-006, -3.64866615e-005, 0.999999999, 0.811273393, -0.584666982, -4.1348333e-005, 0.584666983, 0.811273393, 3.00193756e-005, 1.59934647e-005, -4.85289258e-005, 0.999999999, 0, 0, 0, 0, 0, 0, 0, 0.239178345, -0.12276189, -0.178797339, 0.213545255, 0.343482165, -0.914458021, -0.910400391, 0.409423828, -0.0588378906, 0.354132836, 0.845223459, 0.40030045, 0, 0, -0, 0, 0, 0, 0, 0.275737891, -0.0781769043, -0.173721924, 0.104695109, -0.252968728, -0.961814122, 0.292114258, -0.916503906, 0.272949219, -0.95056249, -0.309510031, -0.0221671753, 0, 1, 5, 1, 
689.624341, 47, 0.1, 0.1, -0.00338541505, 0.363348407, -0.0199652735, 0.811273098, -0.584667393, 8.65520862e-006, 0.584667393, 0.811273097, -4.31786137e-005, 1.82233896e-005, 4.00900659e-005, 0.999999999, 0.811273103, -0.584667385, 1.88770848e-005, 0.584667385, 0.811273102, -4.61614744e-005, 1.16746374e-005, 4.84863784e-005, 0.999999999, 0, 0, 0, 0, 0, 0, 0, 0.239178345, -0.12276189, -0.178797339, 0.213545255, 0.343482165, -0.914458021, -0.910400391, 0.409423828, -0.0588378906, 0.354132836, 0.845223459, 0.40030045, 0, 0, -0, 0, 0, 0, 0, 0.275737891, -0.0781769043, -0.173721924, 0.104695109, -0.252968728, -0.961814122, 0.292114258, -0.916503906, 0.272949219, -0.95056249, -0.309510031, -0.0221671753, 0, 1, 5, 1, 
689.625154, 47, 0.1, 0.1, -0.00338541224, 0.363348403, -0.0199649371, 0.81127311, -0.584667376, -3.01796486e-005, 0.584667377, 0.81127311, 1.40330652e-005, 1.6279262e-005, -2.90297044e-005, 0.999999999, 0.81127312, -0.584667362, -1.8990604e-005, 0.584667362, 0.81127312, 3.34174395e-005, -4.13151966e-006, -3.82138568e-005, 0.999999999, 0, 0, 0, 0, 0, 0, 0, 0.239178345, -0.12276189, -0.178797339, 0.214178049, 0.352270483, -0.911071655, -0.911743164, 0.406616211, -0.0571289062, 0.350324853, 0.842966383, 0.408415538, 0, 0, -0, 0, 0, 0, 0, 0.275737891, -0.0781769043, -0.173721924, 0.104695109, -0.252968728, -0.961814122, 0.292114258, -0.916503906, 0.272949219, -0.95056249, -0.309510031, -0.0221671753, 0, 1, 5, 1, 
689.625965, 47, 0.1, 0.1, -0.00338541567, 0.363348408, -0.0199643666, 0.811272831, -0.584667762, 2.63170218e-005, 0.584667763, 0.811272831, -2.67419658e-005, -5.71511947e-006, 3.70817445e-005, 0.999999999, 0.8112729, -0.584667666, 3.70688902e-005, 0.584667668, 0.8112729, -3.15901812e-005, -1.16032285e-005, 4.73012395e-005, 0.999999999, 0, 0, 0, 0, 0, 0, 0, 0.240761792, -0.122766113, -0.179492554, 0.214178049, 0.352270483, -0.911071655, -0.911743164, 0.406616211, -0.0571289062, 0.350324853, 0.842966383, 0.408415538, 0, 0, -0, 0, 0, 0, 0, 0.276983398, -0.0783144531, -0.173818115, 0.109398055, -0.249940985, -0.962012816, 0.296508789, -0.915527344, 0.271728516, -0.948595278, -0.31496071, -0.0261158256, 0, 1, 5, 1, 
689.626761, 47, 0.1, 0.1, -0.00338541178, 0.363348403, -0.0199641667, 0.811272692, -0.584667957, -8.93863266e-006, 0.584667957, 0.811272691, 4.19108083e-005, -1.72522381e-005, -3.92272263e-005, 0.999999999, 0.811272688, -0.584667962, -1.89758214e-005, 0.584667962, 0.811272687, 4.4536356e-005, -1.06444148e-005, -4.72256841e-005, 0.999999999, 0, 0, 0, 0, 0, 0, 0, 0.240761792, -0.122766113, -0.179492554, 0.214178049, 0.352270483, -0.911071655, -0.911743164, 0.406616211, -0.0571289062, 0.350324853, 0.842966383, 0.408415538, 0, 0, -0, 0, 0, 0, 0, 0.276983398, -0.0783144531, -0.173818115, 0.109398055, -0.249940985, -0.962012816, 0.296508789, -0.915527344, 0.271728516, -0.948595278, -0.31496071, -0.0261158256, 0, 1, 5, 1, 
689.627553, 47, 0.1, 0.1, -0.00338541451, 0.363348406, -0.0199644089, 0.811272748, -0.584667878, 2.8306359e-005, 0.584667879, 0.811272748, -1.70770703e-005, -1.29797632e-005, 3.04039807e-005, 0.999999999, 0.811272749, -0.584667877, 1.81920722e-005, 0.584667878, 0.811272748, -3.50773395e-005, 5.74986125e-006, 3.90936099e-005, 0.999999999, 0, 0, 0, 0, 0, 0, 0, 0.240761792, -0.122766113, -0.179492554, 0.214178049, 0.352270483, -0.911071655, -0.911743164, 0.406616211, -0.0571289062, 0.350324853, 0.842966383, 0.408415538, 0, 0, -0, 0, 0, 0, 0, 0.276983398, -0.0783144531, -0.173818115, 0.109398055, -0.249940985, -0.962012816, 0.296508789, -0.915527344, 0.271728516, -0.948595278, -0.31496071, -0.0261158256, 0, 1, 5, 1, 
689.628346, 47, 0.1, 0.1, -0.00338541091, 0.363348401, -0.0199649812, 0.811272519, -0.584668196, -2.86203198e-005, 0.584668196, 0.811272519, 2.51587791e-005, 8.50934088e-006, -3.71440169e-005, 0.999999999, 0.811272577, -0.584668114, -3.86841927e-005, 0.584668115, 0.811272577, 2.9131012e-005, 1.43514508e-005, -4.62506052e-005, 0.999999999, 0, 0, 0, 0, 0, 0, 0, 0.240761792, -0.122766113, -0.179492554, 0.214178049, 0.352270483, -0.911071655, -0.911743164, 0.406616211, -0.0571289062, 0.350324853, 0.842966383, 0.408415538, 0, 0, -0, 0, 0, 0, 0, 0.276983398, -0.0783144531, -0.173818115, 0.109398055, -0.249940985, -0.962012816, 0.296508789, -0.915527344, 0.271728516, -0.948595278, -0.31496071, -0.0261158256, 0, 1, 5, 1, 
689.629142, 47, 0.1, 0.1, -0.00338541419, 0.363348404, -0.0199656429, 0.811272418, -0.584668337, 5.5373403e-006, 0.584668337, 0.811272417, -3.9135992e-005, 1.83892839e-005, 3.49874584e-005, 0.999999999, 0.811272408, -0.58466835, 1.50464876e-005, 0.58466835, 0.811272407, -4.18009363e-005, 1.22328843e-005, 4.27091514e-005, 0.999999999, 0, 0, 0, 0, 0, 0, 0, 0.240761792, -0.122766113, -0.179492554, 0.214178049, 0.352270483, -0.911071655, -0.911743164, 0.406616211, -0.0571289062, 0.350324853, 0.842966383, 0.408415538, 0, 0, -0, 0, 0, 0, 0, 0.276983398, -0.0783144531, -0.173818115, 0.109398055, -0.249940985, -0.962012816, 0.296508789, -0.915527344, 0.271728516, -0.948595278, -0.31496071, -0.0261158256, 0, 1, 5, 1, 
689.62995, 47, 0.1, 0.1, -0.00338541116, 0.3633484, -0.0199661344, 0.811272499, -0.584668224, -2.973885e-005, 0.584668224, 0.811272499, 1.60993704e-005, 1.47135208e-005, -3.04483371e-005, 0.999999999, 0.811272494, -0.58466823, -1.94910745e-005, 0.584668231, 0.811272494, 3.47178052e-005, -4.4858251e-006, -3.95614125e-005, 0.999999999, 0, 0, 0, 0, 0, 0, 0, 0.240761792, -0.122766113, -0.179492554, 0.214880114, 0.360754386, -0.907482346, -0.913452148, 0.402832031, -0.0560302734, 0.345393572, 0.841128297, 0.416251299, 0, 0, -0, 0, 0, 0, 0, 0.276983398, -0.0783144531, -0.173818115, 0.109398055, -0.249940985, -0.962012816, 0.296508789, -0.915527344, 0.271728516, -0.948595278, -0.31496071, -0.0261158256, 0, 1, 5, 1, 
689.630761, 47, 0.1, 0.1, -0.00338541461, 0.363348405, -0.0199659387, 0.811272293, -0.584668509, 2.69134889e-005, 0.58466851, 0.811272293, -2.44951038e-005, -7.51265204e-006, 3.56076685e-005, 0.999999999, 0.811272347, -0.584668434, 3.67207012e-005, 0.584668435, 0.811272347, -2.88318333e-005, -1.29334266e-005, 4.4859904e-005, 0.999999999, 0, 0, 0, 0, 0, 0, 0, 0.242568604, -0.122784619, -0.179955005, 0.214880114, 0.360754386, -0.907482346, -0.913452148, 0.402832031, -0.0560302734, 0.345393572, 0.841128297, 0.416251299, 0, 0, -0, 0, 0, 0, 0, 0.278738379, -0.078678418, -0.173706445, 0.115097734, -0.247072922, -0.962096671, 0.300292969, -0.914550781, 0.270874023, -0.946768791, -0.320059943, -0.0311570902, 0, 1, 5, 1, 
689.631564, 47, 0.1, 0.1, -0.00338541139, 0.3633484, -0.0199654763, 0.811272212, -0.584668623, -5.55244116e-006, 0.584668622, 0.811272211, 4.06283685e-005, -1.9249591e-005, -3.62070045e-005, 0.999999999, 0.811272198, -0.584668642, -1.55100099e-005, 0.584668642, 0.811272197, 4.35152588e-005, -1.28591675e-005, -4.43709361e-005, 0.999999999, 0, 0, 0, 0, 0, 0, 0, 0.242568604, -0.122784619, -0.179955005, 0.214880114, 0.360754386, -0.907482346, -0.913452148, 0.402832031, -0.0560302734, 0.345393572, 0.841128297, 0.416251299, 0, 0, -0, 0, 0, 0, 0, 0.278738379, -0.078678418, -0.173706445, 0.115097734, -0.247072922, -0.962096671, 0.300292969, -0.914550781, 0.270874023, -0.946768791, -0.320059943, -0.0311570902, 0, 1, 5, 1, 
689.632362, 47, 0.1, 0.1, -0.00338541489, 0.363348403, -0.0199649797, 0.811272315, -0.584668479, 3.13529053e-005, 0.584668479, 0.811272315, -1.68540572e-005, -1.55817081e-005, 3.20042855e-005, 0.999999999, 0.811272307, -0.58466849, 2.13699627e-005, 0.58466849, 0.811272306, -3.48464521e-005, 3.03676362e-006, 4.07643055e-005, 0.999999999, 0, 0, 0, 0, 0, 0, 0, 0.242568604, -0.122784619, -0.179955005, 0.214880114, 0.360754386, -0.907482346, -0.913452148, 0.402832031, -0.0560302734, 0.345393572, 0.841128297, 0.416251299, 0, 0, -0, 0, 0, 0, 0, 0.278738379, -0.078678418, -0.173706445, 0.115097734, -0.247072922, -0.962096671, 0.300292969, -0.914550781, 0.270874023, -0.946768791, -0.320059943, -0.0311570902, 0, 1, 5, 1, 
689.633159, 47, 0.1, 0.1, -0.00338541187, 0.363348398, -0.0199646164, 0.811272128, -0.584668738, -2.5883291e-005, 0.584668739, 0.811272128, 2.41481482e-005, 6.87972523e-006, -3.47238707e-005, 0.999999999, 0.811272179, -0.584668667, -3.61726153e-005, 0.584668668, 0.811272179, 2.83679413e-005, 1.27599901e-005, -4.41631164e-005, 0.999999999, 0, 0, 0, 0, 0, 0, 0, 0.242568604, -0.122784619, -0.179955005, 0.214880114, 0.360754386, -0.907482346, -0.913452148, 0.402832031, -0.0560302734, 0.345393572, 0.841128297, 0.416251299, 0, 0, -0, 0, 0, 0, 0, 0.278738379, -0.078678418, -0.173706445, 0.115097734, -0.247072922, -0.962096671, 0.300292969, -0.914550781, 0.270874023, -0.946768791, -0.320059943, -0.0311570902, 0, 1, 5, 1, 
689.633955, 47, 0.1, 0.1, -0.00338541578, 0.363348402, -0.0199644979, 0.811272065, -0.584668826, 7.37103068e-006, 0.584668826, 0.811272064, -4.07405845e-005, 1.78398384e-005, 3.73613099e-005, 0.999999999, 0.811272047, -0.584668851, 1.76707124e-005, 0.584668851, 0.811272046, -4.38480943e-005, 1.13008599e-005, 4.59042483e-005, 0.999999999, 0, 0, 0, 0, 0, 0, 0, 0.242568604, -0.122784619, -0.179955005, 0.214880114, 0.360754386, -0.907482346, -0.913452148, 0.402832031, -0.0560302734, 0.345393572, 0.841128297, 0.416251299, 0, 0, -0, 0, 0, 0, 0, 0.278738379, -0.078678418, -0.173706445, 0.115097734, -0.247072922, -0.962096671, 0.300292969, -0.914550781, 0.270874023, -0.946768791, -0.320059943, -0.0311570902, 0, 1, 5, 1, 
689.634764, 47, 0.1, 0.1, -0.00338541271, 0.363348397, -0.01996463, 0.811272188, -0.584668655, -3.10527851e-005, 0.584668656, 0.811272188, 1.76659335e-005, 1.48635433e-005, -3.24874707e-005, 0.999999999, 0.811272176, -0.584668672, -2.00199339e-005, 0.584668672, 0.811272175, 3.71456502e-005, -5.47628266e-006, -4.18402607e-005, 0.999999999, 0, 0, 0, 0, 0, 0, 0, 0.242568604, -0.122784619, -0.179955005, 0.216793845, 0.367525257, -0.904325131, -0.915161133, 0.398681641, -0.0573730469, 0.339528829, 0.840179488, 0.422919577, 0, 0, -0, 0, 0, 0, 0, 0.278738379, -0.078678418, -0.173706445, 0.115097734, -0.247072922, -0.962096671, 0.300292969, -0.914550781, 0.270874023, -0.946768791, -0.320059943, -0.0311570902, 0, 1, 5, 1, 
689.635573, 47, 0.1, 0.1, -0.00338541611, 0.363348402, -0.019964637, 0.811272008, -0.584668905, 2.69653808e-005, 0.584668906, 0.811272007, -2.45431038e-005, -7.52666897e-006, 3.56769528e-005, 0.999999999, 0.811272058, -0.584668835, 3.71978091e-005, 0.584668837, 0.811272057, -2.89664898e-005, -1.32417393e-005, 4.52481036e-005, 0.999999999, 0, 0, 0, 0, 0, 0, 0, 0.244880981, -0.123111206, -0.180219849, 0.216793845, 0.367525257, -0.904325131, -0.915161133, 0.398681641, -0.0573730469, 0.339528829, 0.840179488, 0.422919577, 0, 0, -0, 0, 0, 0, 0, 0.280468457, -0.0790455566, -0.17380459, 0.120433208, -0.24436454, -0.962097404, 0.303710937, -0.913574219, 0.270019531, -0.944980583, -0.324807732, -0.0358213903, 0, 1, 5, 1, 
689.636363, 47, 0.1, 0.1, -0.00338541278, 0.363348397, -0.0199649355, 0.81127195, -0.584668986, -6.55448202e-006, 0.584668986, 0.811271949, 4.12983414e-005, -1.8828392e-005, -3.73363883e-005, 0.999999999, 0.811271932, -0.584669011, -1.6489555e-005, 0.584669011, 0.81127193, 4.39779182e-005, -1.23350129e-005, -4.53189825e-005, 0.999999999, 0, 0, 0, 0, 0, 0, 0, 0.244880981, -0.123111206, -0.180219849, 0.216793845, 0.367525257, -0.904325131, -0.915161133, 0.398681641, -0.0573730469, 0.339528829, 0.840179488, 0.422919577, 0, 0, -0, 0, 0, 0, 0, 0.280468457, -0.0790455566, -0.17380459, 0.120433208, -0.24436454, -0.962097404, 0.303710937, -0.913574219, 0.270019531, -0.944980583, -0.324807732, -0.0358213903, 0, 1, 5, 1, 
689.63716, 47, 0.1, 0.1, -0.00338541597, 0.3633484, -0.0199653576, 0.811272073, -0.584668814, 2.99826023e-005, 0.584668815, 0.811272073, -1.68748511e-005, -1.44578487e-005, 3.1219988e-005, 0.999999999, 0.811272061, -0.584668831, 2.0099688e-005, 0.584668831, 0.811272061, -3.4392773e-005, 3.80206706e-006, 3.9653557e-005, 0.999999999, 0, 0, 0, 0, 0, 0, 0, 0.244880981, -0.123111206, -0.180219849, 0.216793845, 0.367525257, -0.904325131, -0.915161133, 0.398681641, -0.0573730469, 0.339528829, 0.840179488, 0.422919577, 0, 0, -0, 0, 0, 0, 0, 0.280468457, -0.0790455566, -0.17380459, 0.120433208, -0.24436454, -0.962097404, 0.303710937, -0.913574219, 0.270019531, -0.944980583, -0.324807732, -0.0358213903, 0, 1, 5, 1, 
689.637969, 47, 0.1, 0.1, -0.00338541253, 0.363348394, -0.0199655898, 0.811271903, -0.584669051, -2.77648447e-005, 0.584669051, 0.811271903, 2.51181162e-005, 7.83905318e-006, -3.66108673e-005, 0.999999999, 0.811271951, -0.584668984, -3.78283216e-005, 0.584668985, 0.81127195, 2.9359429e-005, 1.35235087e-005, -4.59355276e-005, 0.999999999, 0, 0, 0, 0, 0, 0, 0, 0.244880981, -0.123111206, -0.180219849, 0.216793845, 0.367525257, -0.904325131, -0.915161133, 0.398681641, -0.0573730469, 0.339528829, 0.840179488, 0.422919577, 0, 0, -0, 0, 0, 0, 0, 0.28191377, -0.0798887207, -0.173660937, 0.12494439, -0.242352486, -0.962053295, 0.306762695, -0.912719727, 0.269775391, -0.943524496, -0.328769509, -0.0397445209, 0, 1, 5, 1, 
689.638759, 47, 0.1, 0.1, -0.00338541576, 0.363348398, -0.0199657233, 0.811271852, -0.584669122, 5.42625019e-006, 0.584669122, 0.811271851, -3.92288702e-005, 1.8533745e-005, 3.49978391e-005, 0.999999999, 0.811271833, -0.584669148, 1.48831628e-005, 0.584669148, 0.811271832, -4.18172286e-005, 1.23749527e-005, 4.26268658e-005, 0.999999999, 0, 0, 0, 0, 0, 0, 0, 0.244880981, -0.123111206, -0.180219849, 0.216793845, 0.367525257, -0.904325131, -0.915161133, 0.398681641, -0.0573730469, 0.339528829, 0.840179488, 0.422919577, 0, 0, -0, 0, 0, 0, 0, 0.28191377, -0.0798887207, -0.173660937, 0.12494439, -0.242352486, -0.962053295, 0.306762695, -0.912719727, 0.269775391, -0.943524496, -0.328769509, -0.0397445209, 0, 1, 5, 1, 
689.639761, 47, 0.1, 0.1, -0.00338541093, 0.363348389, -0.0199636913, 0.811271997, -0.584668919, -3.61093184e-005, 0.58466892, 0.811271997, 2.50684427e-005, 1.46377396e-005, -4.14493218e-005, 0.999999999, 0.811271986, -0.584668936, -2.50651365e-005, 0.584668936, 0.811271984, 5.04161817e-005, -9.1421323e-006, -5.55560425e-005, 0.999999998, 0, 0, 0, 0, 0, 0, 0, 0.244880981, -0.123111206, -0.180219849, 0.217801446, 0.372392138, -0.90207629, -0.916015625, 0.396728516, -0.0573730469, 0.336526627, 0.838914282, 0.427754257, 0, 0, -0, 0, 0, 0, 0, 0.28191377, -0.0798887207, -0.173660937, 0.12494439, -0.242352486, -0.962053295, 0.306762695, -0.912719727, 0.269775391, -0.943524496, -0.328769509, -0.0397445209, 0, 1, 5, 1, 
689.640565, 47, 0.1, 0.1, -0.00338541483, 0.363348394, -0.019961279, 0.811271782, -0.584669218, 3.13232408e-005, 0.584669219, 0.811271782, -2.62741471e-005, -1.00499764e-005, 3.96292089e-005, 0.999999999, 0.811271839, -0.584669139, 4.19612287e-005, 0.58466914, 0.811271839, -2.98823803e-005, -1.65706576e-005, 4.87761691e-005, 0.999999999, 0, 0, 0, 0, 0, 0, 0, 0.246486035, -0.123759302, -0.180313452, 0.217801446, 0.372392138, -0.90207629, -0.916015625, 0.396728516, -0.0573730469, 0.336526627, 0.838914282, 0.427754257, 0, 0, -0, 0, 0, 0, 0, 0.28191377, -0.0798887207, -0.173660937, 0.12494439, -0.242352486, -0.962053295, 0.306762695, -0.912719727, 0.269775391, -0.943524496, -0.328769509, -0.0397445209, 0, 1, 5, 1, 
689.641362, 47, 0.1, 0.1, -0.00338541183, 0.363348389, -0.0199603837, 0.811271711, -0.584669317, -2.1668898e-006, 0.584669317, 0.81127171, 4.18519807e-005, -2.27116326e-005, -3.5220242e-005, 0.999999999, 0.811271692, -0.584669344, -1.40950766e-005, 0.584669344, 0.811271691, 4.60731084e-005, -1.55025975e-005, -4.56187678e-005, 0.999999999, 0, 0, 0, 0, 0, 0, 0, 0.246486035, -0.123759302, -0.180313452, 0.217801446, 0.372392138, -0.90207629, -0.916015625, 0.396728516, -0.0573730469, 0.336526627, 0.838914282, 0.427754257, 0, 0, -0, 0, 0, 0, 0, 0.28191377, -0.0798887207, -0.173660937, 0.12494439, -0.242352486, -0.962053295, 0.306762695, -0.912719727, 0.269775391, -0.943524496, -0.328769509, -0.0397445209, 0, 1, 5, 1, 
689.642172, 47, 0.1, 0.1, -0.00338541679, 0.363348394, -0.0199612083, 0.811271848, -0.584669127, 3.90464782e-005, 0.584669128, 0.811271848, -2.56746336e-005, -1.66661429e-005, 4.36583778e-005, 0.999999999, 0.811271834, -0.584669147, 2.74148089e-005, 0.584669148, 0.811271832, -4.6651151e-005, 5.03462644e-006, 5.38753578e-005, 0.999999999, 0, 0, 0, 0, 0, 0, 0, 0.246486035, -0.123759302, -0.180313452, 0.217310941, 0.3777162, -0.900005304, -0.917602539, 0.393310547, -0.0565185547, 0.332649373, 0.838194626, 0.43224633, 0, 0, -0, 0, 0, 0, 0, 0.28191377, -0.0798887207, -0.173660937, 0.12494439, -0.242352486, -0.962053295, 0.306762695, -0.912719727, 0.269775391, -0.943524496, -0.328769509, -0.0397445209, 0, 1, 5, 1, 
689.642979, 47, 0.1, 0.1, -0.00338541418, 0.36334839, -0.0199629552, 0.811271658, -0.58466939, -2.79669621e-005, 0.584669391, 0.811271658, 2.14644753e-005, 1.0139182e-005, -3.37649472e-005, 0.999999999, 0.811271711, -0.584669316, -3.74216877e-005, 0.584669317, 0.811271711, 2.55652133e-005, 1.54119609e-005, -4.2619647e-005, 0.999999999, 0, 0, 0, 0, 0, 0, 0, 0.247788623, -0.124159131, -0.180417187, 0.217310941, 0.3777162, -0.900005304, -0.917602539, 0.393310547, -0.0565185547, 0.332649373, 0.838194626, 0.43224633, 0, 0, -0, 0, 0, 0, 0, 0.283180762, -0.0803171387, -0.173065918, 0.13003706, -0.240653597, -0.961862264, 0.310058594, -0.911499023, 0.270019531, -0.941761808, -0.333255171, -0.0438976949, 0, 1, 5, 1, 
689.643772, 47, 0.1, 0.1, -0.00338541751, 0.363348395, -0.0199653638, 0.811271586, -0.584669491, 4.92528539e-006, 0.58466949, 0.811271585, -4.46899115e-005, 2.21330837e-005, 3.91353195e-005, 0.999999999, 0.81127157, -0.584669512, 1.51756753e-005, 0.584669512, 0.811271569, -4.71905888e-005, 1.52793047e-005, 4.71571378e-005, 0.999999999, 0, 0, 0, 0, 0, 0, 0, 0.247788623, -0.124159131, -0.180417187, 0.217310941, 0.3777162, -0.900005304, -0.917602539, 0.393310547, -0.0565185547, 0.332649373, 0.838194626, 0.43224633, 0, 0, -0, 0, 0, 0, 0, 0.283180762, -0.0803171387, -0.173065918, 0.13003706, -0.240653597, -0.961862264, 0.310058594, -0.911499023, 0.270019531, -0.941761808, -0.333255171, -0.0438976949, 0, 1, 5, 1, 
689.644569, 47, 0.1, 0.1, -0.00338541465, 0.363348391, -0.0199676177, 0.811271707, -0.584669323, -1.5877151e-005, 0.584669324, 0.811271706, 2.79345849e-005, -3.45181145e-006, -3.19454216e-005, 0.999999999, 0.811271692, -0.584669344, -2.3630393e-005, 0.584669345, 0.811271691, 3.04896547e-005, 1.34430249e-006, -3.85513601e-005, 0.999999999, 0, 0, 0, 0, 0, 0, 0, 0.247788623, -0.124159131, -0.180417187, 0.217310941, 0.3777162, -0.900005304, -0.917602539, 0.393310547, -0.0565185547, 0.332649373, 0.838194626, 0.43224633, 0, 0, -0, 0, 0, 0, 0, 0.283180762, -0.0803171387, -0.173065918, 0.13003706, -0.240653597, -0.961862264, 0.310058594, -0.911499023, 0.270019531, -0.941761808, -0.333255171, -0.0438976949, 0, 1, 5, 1, 
689.645364, 47, 0.1, 0.1, -0.0033854169, 0.363348394, -0.0199689632, 0.811271786, -0.584669214, 1.17280177e-005, 0.584669214, 0.811271786, -2.49083054e-005, 5.04850948e-006, 2.70644162e-005, 1, 0.811271773, -0.584669231, 2.10907963e-005, 0.584669232, 0.811271772, -2.79027473e-005, -7.96489875e-007, 3.4967851e-005, 0.999999999, 0, 0, 0, 0, 0, 0, 0, 0.247788623, -0.124159131, -0.180417187, 0.217310941, 0.3777162, -0.900005304, -0.917602539, 0.393310547, -0.0565185547, 0.332649373, 0.838194626, 0.43224633, 0, 0, -0, 0, 0, 0, 0, 0.283180762, -0.0803171387, -0.173065918, 0.13003706, -0.240653597, -0.961862264, 0.310058594, -0.911499023, 0.270019531, -0.941761808, -0.333255171, -0.0438976949, 0, 1, 5, 1, 
689.646164, 47, 0.1, 0.1, -0.0033854146, 0.363348389, -0.0199689813, 0.811271907, -0.584669046, -5.1929211e-006, 0.584669046, 0.811271906, 3.81674245e-005, -1.81024407e-005, -3.40002994e-005, 0.999999999, 0.811271868, -0.5846691, -1.26976443e-005, 0.584669099, 0.811271867, 4.2390547e-005, -1.44832013e-005, -4.18141785e-005, 0.999999999, 0, 0, 0, 0, 0, 0, 0, 0.247788623, -0.124159131, -0.180417187, 0.217310941, 0.3777162, -0.900005304, -0.917602539, 0.393310547, -0.0565185547, 0.332649373, 0.838194626, 0.43224633, 0, 0, -0, 0, 0, 0, 0, 0.283180762, -0.0803171387, -0.173065918, 0.13003706, -0.240653597, -0.961862264, 0.310058594, -0.911499023, 0.270019531, -0.941761808, -0.333255171, -0.0438976949, 0, 1, 5, 1, 
689.646975, 47, 0.1, 0.1, -0.00338541696, 0.363348392, -0.0199676764, 0.81127212, -0.584668749, 2.28000576e-005, 0.58466875, 0.81127212, -1.81186732e-005, -7.90362912e-006, 2.80296556e-005, 1, 0.811272086, -0.584668796, 1.39683514e-005, 0.584668797, 0.811272086, -3.5344674e-005, 9.33279447e-006, 3.68410066e-005, 0.999999999, 0, 0, 0, 0, 0, 0, 0, 0.247788623, -0.124159131, -0.180417187, 0.217308698, 0.382494714, -0.897991606, -0.919189453, 0.389404297, -0.0565185547, 0.327953235, 0.837932151, 0.436376702, 0, 0, -0, 0, 0, 0, 0, 0.283180762, -0.0803171387, -0.173065918, 0.13003706, -0.240653597, -0.961862264, 0.310058594, -0.911499023, 0.270019531, -0.941761808, -0.333255171, -0.0438976949, 0, 1, 5, 1, 
689.647781, 47, 0.1, 0.1, -0.003385412, 0.363348388, -0.0199653515, 0.811272051, -0.584668844, -3.45332954e-005, 0.584668845, 0.811272052, 1.54168733e-005, 1.90021319e-005, -3.26978203e-005, 0.999999999, 0.811272081, -0.584668802, -4.46643399e-005, 0.584668803, 0.811272081, 2.08435391e-005, 2.4048365e-005, -4.30236275e-005, 0.999999999, 0, 0, 0, 0, 0, 0, 0, 0.249336914, -0.124585449, -0.180301709, 0.217308698, 0.382494714, -0.897991606, -0.919189453, 0.389404297, -0.0565185547, 0.327953235, 0.837932151, 0.436376702, 0, 0, -0, 0, 0, 0, 0, 0.284606299, -0.0809404785, -0.172907129, 0.134145758, -0.238616022, -0.961747792, 0.313354492, -0.910400391, 0.26965332, -0.939979797, -0.337459751, -0.0473224593, 0, 1, 5, 1, 
689.648577, 47, 0.1, 0.1, -0.00338542159, 0.36334839, -0.0199632063, 0.811271897, -0.584669057, 5.13742136e-005, 0.584669058, 0.811271898, -1.70200467e-005, -3.17273611e-005, 4.38447987e-005, 0.999999999, 0.811271922, -0.584669022, 6.58623157e-005, 0.584669024, 0.811271922, -1.7242655e-005, -4.33510012e-005, 5.24961377e-005, 0.999999998, 0, 0, 0, 0, 0, 0, 0, 0.249336914, -0.124585449, -0.180301709, 0.217308698, 0.382494714, -0.897991606, -0.919189453, 0.389404297, -0.0565185547, 0.327953235, 0.837932151, 0.436376702, 0, 0, -0, 0, 0, 0, 0, 0.284606299, -0.0809404785, -0.172907129, 0.134145758, -0.238616022, -0.961747792, 0.313354492, -0.910400391, 0.26965332, -0.939979797, -0.337459751, -0.0473224593, 0, 1, 5, 1, 
689.649374, 47, 0.1, 0.1, -0.00338541254, 0.36334839, -0.0199619066, 0.811271793, -0.584669201, -5.77364394e-005, 0.584669202, 0.811271795, 1.64456379e-006, 4.5878419e-005, -3.50909062e-005, 0.999999998, 0.81127181, -0.584669176, -6.94122683e-005, 0.584669178, 0.811271812, 1.57276716e-006, 5.53926682e-005, -4.18591555e-005, 0.999999998, 0, 0, 0, 0, 0, 0, 0, 0.249336914, -0.124585449, -0.180301709, 0.217308698, 0.382494714, -0.897991606, -0.919189453, 0.389404297, -0.0565185547, 0.327953235, 0.837932151, 0.436376702, 0, 0, -0, 0, 0, 0, 0, 0.284606299, -0.0809404785, -0.172907129, 0.134145758, -0.238616022, -0.961747792, 0.313354492, -0.910400391, 0.26965332, -0.939979797, -0.337459751, -0.0473224593, 0, 1, 5, 1, 
689.65017, 47, 0.1, 0.1, -0.0033854193, 0.363348391, -0.0199618193, 0.811271722, -0.5846693, 4.4446638e-005, 0.584669301, 0.811271723, -2.20848207e-006, -3.47670689e-005, 2.77782638e-005, 0.999999999, 0.811271738, -0.584669277, 5.70796862e-005, 0.584669278, 0.81127174, -5.62193441e-006, -4.3020164e-005, 3.79336554e-005, 0.999999998, 0, 0, 0, 0, 0, 0, 0, 0.249336914, -0.124585449, -0.180301709, 0.217308698, 0.382494714, -0.897991606, -0.919189453, 0.389404297, -0.0565185547, 0.327953235, 0.837932151, 0.436376702, 0, 0, -0, 0, 0, 0, 0, 0.284606299, -0.0809404785, -0.172907129, 0.134145758, -0.238616022, -0.961747792, 0.313354492, -0.910400391, 0.26965332, -0.939979797, -0.337459751, -0.0473224593, 0, 1, 5, 1, 
689.650963, 47, 0.1, 0.1, -0.0033854095, 0.363348388, -0.0199628833, 0.811271638, -0.584669416, -6.08345746e-005, 0.584669418, 0.811271639, 1.19413595e-005, 4.23716173e-005, -4.52558016e-005, 0.999999998, 0.811271656, -0.58466939, -7.20814931e-005, 0.584669392, 0.811271657, 1.60801661e-005, 4.90760914e-005, -5.51892258e-005, 0.999999997, 0, 0, 0, 0, 0, 0, 0, 0.249336914, -0.124585449, -0.180301709, 0.217308698, 0.382494714, -0.897991606, -0.919189453, 0.389404297, -0.0565185547, 0.327953235, 0.837932151, 0.436376702, 0, 0, -0, 0, 0, 0, 0, 0.284606299, -0.0809404785, -0.172907129, 0.134145758, -0.238616022, -0.961747792, 0.313354492, -0.910400391, 0.26965332, -0.939979797, -0.337459751, -0.0473224593, 0, 1, 5, 1, 
689.651775, 47, 0.1, 0.1, -0.00338541516, 0.36334839, -0.0199646509, 0.811271536, -0.584669559, 3.9602497e-005, 0.58466956, 0.811271536, -1.36582622e-005, -2.41428084e-005, 3.42349339e-005, 0.999999999, 0.811271555, -0.584669532, 5.0696065e-005, 0.584669533, 0.811271556, -1.5066601e-005, -3.23192929e-005, 4.18635495e-005, 0.999999999, 0, 0, 0, 0, 0, 0, 0, 0.249336914, -0.124585449, -0.180301709, 0.217878212, 0.386473439, -0.89617486, -0.920288086, 0.38671875, -0.0570068359, 0.32452605, 0.837301983, 0.440043899, 0, 0, -0, 0, 0, 0, 0, 0.284606299, -0.0809404785, -0.172907129, 0.134145758, -0.238616022, -0.961747792, 0.313354492, -0.910400391, 0.26965332, -0.939979797, -0.337459751, -0.0473224593, 0, 1, 5, 1, 
689.652585, 47, 0.1, 0.1, -0.00338540606, 0.363348389, -0.0199661143, 0.811271457, -0.584669668, -5.31189138e-005, 0.584669669, 0.811271458, 8.32979209e-006, 3.82236819e-005, -3.78147403e-005, 0.999999999, 0.811271467, -0.584669652, -6.53053036e-005, 0.584669654, 0.811271469, 7.48090613e-006, 4.86064708e-005, -4.42510749e-005, 0.999999998, 0, 0, 0, 0, 0, 0, 0, 0.250695044, -0.125500244, -0.180197705, 0.217878212, 0.386473439, -0.89617486, -0.920288086, 0.38671875, -0.0570068359, 0.32452605, 0.837301983, 0.440043899, 0, 0, -0, 0, 0, 0, 0, 0.286046729, -0.0815589355, -0.172538525, 0.138510019, -0.236431527, -0.961716443, 0.316772461, -0.909423828, 0.269287109, -0.938293667, -0.341894374, -0.0511241883, 0, 1, 5, 1, 
689.653382, 47, 0.1, 0.1, -0.00338541293, 0.363348388, -0.0199671006, 0.811271422, -0.584669717, 4.67928265e-005, 0.584669717, 0.811271423, 2.81446701e-006, -3.96072166e-005, 2.5075052e-005, 0.999999999, 0.81127143, -0.584669705, 5.57286654e-005, 0.584669706, 0.811271431, 8.88406539e-007, -4.57304986e-005, 3.18621236e-005, 0.999999998, 0, 0, 0, 0, 0, 0, 0, 0.250695044, -0.125500244, -0.180197705, 0.217878212, 0.386473439, -0.89617486, -0.920288086, 0.38671875, -0.0570068359, 0.32452605, 0.837301983, 0.440043899, 0, 0, -0, 0, 0, 0, 0, 0.286046729, -0.0815589355, -0.172538525, 0.138510019, -0.236431527, -0.961716443, 0.316772461, -0.909423828, 0.269287109, -0.938293667, -0.341894374, -0.0511241883, 0, 1, 5, 1, 
689.654178, 47, 0.1, 0.1, -0.00338540738, 0.363348385, -0.01996741, 0.811271381, -0.584669774, -3.72793954e-005, 0.584669774, 0.811271382, 1.00395785e-005, 2.43738686e-005, -2.99409584e-005, 0.999999999, 0.811271392, -0.584669758, -4.83075774e-005, 0.584669759, 0.811271393, 1.43063969e-005, 3.0826038e-005, -3.98503502e-005, 0.999999999, 0, 0, 0, 0, 0, 0, 0, 0.250695044, -0.125500244, -0.180197705, 0.217878212, 0.386473439, -0.89617486, -0.920288086, 0.38671875, -0.0570068359, 0.32452605, 0.837301983, 0.440043899, 0, 0, -0, 0, 0, 0, 0, 0.286046729, -0.0815589355, -0.172538525, 0.138510019, -0.236431527, -0.961716443, 0.316772461, -0.909423828, 0.269287109, -0.938293667, -0.341894374, -0.0511241883, 0, 1, 5, 1, 
689.655038, 47, 0.1, 0.1, -0.00338541752, 0.363348387, -0.019966522, 0.81127131, -0.584669871, 5.38932635e-005, 0.584669872, 0.811271311, -1.44875037e-005, -3.52516516e-005, 4.32630636e-005, 0.999999998, 0.811271323, -0.584669852, 6.67184524e-005, 0.584669854, 0.811271324, -1.65126247e-005, -4.44723334e-005, 5.24044867e-005, 0.999999998, 0, 0, 0, 0, 0, 0, 0, 0.251724585, -0.126084497, -0.181404834, 0.216240443, 0.392653456, -0.893887827, -0.921142578, 0.385375977, -0.0534667969, 0.323549528, 0.834963653, 0.445119714, 0, 0, -0, 0, 0, 0, 0, 0.286858057, -0.0818359863, -0.173067041, 0.140203445, -0.232745369, -0.962387616, 0.32019043, -0.909057617, 0.266479492, -0.936888254, -0.34543471, -0.0529131294, 0, 1, 5, 1, 
689.655978, 47, 0.1, 0.1, -0.00338540593, 0.363348385, -0.0199626719, 0.811271247, -0.584669958, -5.97179545e-005, 0.58466996, 0.811271248, 1.21273243e-005, 4.13569773e-005, -4.47538436e-005, 0.999999998, 0.811271253, -0.584669948, -7.51756239e-005, 0.584669951, 0.811271255, 1.3379309e-005, 5.31653429e-005, -5.48071771e-005, 0.999999997, 0, 0, 0, 0, 0, 0, 0, 0.251724585, -0.126084497, -0.181404834, 0.216240443, 0.392653456, -0.893887827, -0.921142578, 0.385375977, -0.0534667969, 0.323549528, 0.834963653, 0.445119714, 0, 0, -0, 0, 0, 0, 0, 0.286858057, -0.0818359863, -0.173067041, 0.140203445, -0.232745369, -0.962387616, 0.32019043, -0.909057617, 0.266479492, -0.936888254, -0.34543471, -0.0529131294, 0, 1, 5, 1, 
689.656771, 47, 0.1, 0.1, -0.0033854141, 0.363348386, -0.0199600706, 0.811271222, -0.584669993, 5.35305468e-005, 0.584669994, 0.811271223, -1.00791395e-005, -3.75348218e-005, 3.94746203e-005, 0.999999999, 0.811271224, -0.58466999, 6.55927451e-005, 0.584669991, 0.811271225, -9.85093101e-006, -4.74539629e-005, 4.63418866e-005, 0.999999998, 0, 0, 0, 0, 0, 0, 0, 0.251724585, -0.126084497, -0.181404834, 0.216240443, 0.392653456, -0.893887827, -0.921142578, 0.385375977, -0.0534667969, 0.323549528, 0.834963653, 0.445119714, 0, 0, -0, 0, 0, 0, 0, 0.286858057, -0.0818359863, -0.173067041, 0.140203445, -0.232745369, -0.962387616, 0.32019043, -0.909057617, 0.266479492, -0.936888254, -0.34543471, -0.0529131294, 0, 1, 5, 1, 
689.657563, 47, 0.1, 0.1, -0.00338540619, 0.363348385, -0.019959411, 0.811271222, -0.584669994, -4.98070063e-005, 0.584669995, 0.811271223, 6.06710466e-006, 3.68597369e-005, -3.40427295e-005, 0.999999999, 0.81127122, -0.584669995, -6.42325168e-005, 0.584669997, 0.811271222, 6.99391299e-006, 4.80208613e-005, -4.32287857e-005, 0.999999998, 0, 0, 0, 0, 0, 0, 0, 0.251724585, -0.126084497, -0.181404834, 0.216240443, 0.392653456, -0.893887827, -0.921142578, 0.385375977, -0.0534667969, 0.323549528, 0.834963653, 0.445119714, 0, 0, -0, 0, 0, 0, 0, 0.286858057, -0.0818359863, -0.173067041, 0.140203445, -0.232745369, -0.962387616, 0.32019043, -0.909057617, 0.266479492, -0.936888254, -0.34543471, -0.0529131294, 0, 1, 5, 1, 
689.658354, 47, 0.1, 0.1, -0.00338541709, 0.363348386, -0.0199607616, 0.811271241, -0.584669966, 6.71297558e-005, 0.584669968, 0.811271243, -8.99762021e-006, -4.91998021e-005, 4.65482627e-005, 0.999999998, 0.811271236, -0.584669971, 7.84856071e-005, 0.584669974, 0.811271238, -9.7436041e-006, -5.79763229e-005, 5.37928836e-005, 0.999999997, 0, 0, 0, 0, 0, 0, 0, 0.251724585, -0.126084497, -0.181404834, 0.216240443, 0.392653456, -0.893887827, -0.921142578, 0.385375977, -0.0534667969, 0.323549528, 0.834963653, 0.445119714, 0, 0, -0, 0, 0, 0, 0, 0.286858057, -0.0818359863, -0.173067041, 0.140203445, -0.232745369, -0.962387616, 0.32019043, -0.909057617, 0.266479492, -0.936888254, -0.34543471, -0.0529131294, 0, 1, 5, 1, 
689.659169, 47, 0.1, 0.1, -0.00338541193, 0.363348385, -0.019963511, 0.811271274, -0.584669922, -4.0039774e-005, 0.584669923, 0.811271275, 3.72882354e-006, 3.03029875e-005, -2.6435139e-005, 0.999999999, 0.811271267, -0.584669931, -5.13730282e-005, 0.584669932, 0.811271268, 5.17681429e-006, 3.86507341e-005, -3.42360656e-005, 0.999999999, 0, 0, 0, 0, 0, 0, 0, 0.251724585, -0.126084497, -0.181404834, 0.215521908, 0.398364309, -0.891499322, -0.922241211, 0.3828125, -0.0518798828, 0.320573535, 0.833564775, 0.450055865, 0, 0, -0, 0, 0, 0, 0, 0.286858057, -0.0818359863, -0.173067041, 0.140203445, -0.232745369, -0.962387616, 0.32019043, -0.909057617, 0.266479492, -0.936888254, -0.34543471, -0.0529131294, 0, 1, 5, 1, 
689.659979, 47, 0.1, 0.1, -0.00338542148, 0.363348386, -0.0199662155, 0.811271305, -0.584669879, 5.56398868e-005, 0.58466988, 0.811271306, -8.18103472e-006, -4.03558391e-005, 3.91680047e-005, 0.999999998, 0.811271299, -0.584669886, 6.69657579e-005, 0.584669888, 0.8112713, -9.56438146e-006, -4.87353917e-005, 4.69121703e-005, 0.999999998, 0, 0, 0, 0, 0, 0, 0, 0.253018262, -0.126466626, -0.182160718, 0.215521908, 0.398364309, -0.891499322, -0.922241211, 0.3828125, -0.0518798828, 0.320573535, 0.833564775, 0.450055865, 0, 0, -0, 0, 0, 0, 0, 0.287669385, -0.0821179199, -0.173365723, 0.141896871, -0.229206133, -0.962924629, 0.323364258, -0.908691406, 0.263916016, -0.935482841, -0.348745003, -0.0548107124, 0, 1, 5, 1, 
689.660773, 47, 0.1, 0.1, -0.00338541617, 0.363348386, -0.0199683427, 0.811271338, -0.584669833, -4.08901846e-005, 0.584669834, 0.811271339, 5.98183549e-006, 2.96756361e-005, -2.87601491e-005, 0.999999999, 0.811271331, -0.584669843, -4.92784391e-005, 0.584669844, 0.811271332, 6.49506038e-006, 3.6180719e-005, -3.40808736e-005, 0.999999999, 0, 0, 0, 0, 0, 0, 0, 0.253018262, -0.126466626, -0.182160718, 0.215521908, 0.398364309, -0.891499322, -0.922241211, 0.3828125, -0.0518798828, 0.320573535, 0.833564775, 0.450055865, 0, 0, -0, 0, 0, 0, 0, 0.287669385, -0.0821179199, -0.173365723, 0.141896871, -0.229206133, -0.962924629, 0.323364258, -0.908691406, 0.263916016, -0.935482841, -0.348745003, -0.0548107124, 0, 1, 5, 1, 
689.661572, 47, 0.1, 0.1, -0.00338542261, 0.363348386, -0.0199692439, 0.81127138, -0.584669776, 3.87142375e-005, 0.584669776, 0.81127138, -4.55627525e-006, -2.87438365e-005, 2.63314203e-005, 0.999999999, 0.811271371, -0.584669787, 4.97151422e-005, 0.584669788, 0.811271372, -5.58239624e-006, -3.70686132e-005, 3.35957799e-005, 0.999999999, 0, 0, 0, 0, 0, 0, 0, 0.253018262, -0.126466626, -0.182160718, 0.215521908, 0.398364309, -0.891499322, -0.922241211, 0.3828125, -0.0518798828, 0.320573535, 0.833564775, 0.450055865, 0, 0, -0, 0, 0, 0, 0, 0.287669385, -0.0821179199, -0.173365723, 0.141896871, -0.229206133, -0.962924629, 0.323364258, -0.908691406, 0.263916016, -0.935482841, -0.348745003, -0.0548107124, 0, 1, 5, 1, 
689.662364, 47, 0.1, 0.1, -0.00338541478, 0.363348385, -0.0199687707, 0.811271427, -0.58466971, -4.8639805e-005, 0.584669711, 0.811271427, 6.63267903e-006, 3.55821575e-005, -3.38191237e-005, 0.999999999, 0.811271417, -0.584669723, -5.84901996e-005, 0.584669724, 0.811271418, 7.48761067e-006, 4.30736479e-005, -4.02719334e-005, 0.999999998, 0, 0, 0, 0, 0, 0, 0, 0.253018262, -0.126466626, -0.182160718, 0.215521908, 0.398364309, -0.891499322, -0.922241211, 0.3828125, -0.0518798828, 0.320573535, 0.833564775, 0.450055865, 0, 0, -0, 0, 0, 0, 0, 0.287669385, -0.0821179199, -0.173365723, 0.141896871, -0.229206133, -0.962924629, 0.323364258, -0.908691406, 0.263916016, -0.935482841, -0.348745003, -0.0548107124, 0, 1, 5, 1, 
689.663162, 47, 0.1, 0.1, -0.00338542028, 0.363348385, -0.0199671663, 0.811271479, -0.584669639, 3.53331294e-005, 0.584669639, 0.811271479, -4.42355109e-006, -2.60784441e-005, 2.42469088e-005, 0.999999999, 0.811271468, -0.584669652, 4.6752875e-005, 0.584669653, 0.811271469, -5.64718136e-006, -3.46275381e-005, 3.19163843e-005, 0.999999999, 0, 0, 0, 0, 0, 0, 0, 0.253018262, -0.126466626, -0.182160718, 0.215521908, 0.398364309, -0.891499322, -0.922241211, 0.3828125, -0.0518798828, 0.320573535, 0.833564775, 0.450055865, 0, 0, -0, 0, 0, 0, 0, 0.287669385, -0.0821179199, -0.173365723, 0.141896871, -0.229206133, -0.962924629, 0.323364258, -0.908691406, 0.263916016, -0.935482841, -0.348745003, -0.0548107124, 0, 1, 5, 1, 
689.663972, 47, 0.1, 0.1, -0.00338541076, 0.363348383, -0.0199649441, 0.811271536, -0.584669558, -5.21895791e-005, 0.584669559, 0.811271537, 8.66994466e-006, 3.72708673e-005, -3.75473376e-005, 0.999999999, 0.811271522, -0.584669576, -6.62382901e-005, 0.584669578, 0.811271524, 9.55635028e-006, 4.81499313e-005, -4.64803079e-005, 0.999999998, 0, 0, 0, 0, 0, 0, 0, 0.253018262, -0.126466626, -0.182160718, 0.214327095, 0.404557431, -0.888952058, -0.923828125, 0.379394531, -0.0501708984, 0.316931424, 0.832089513, 0.455214055, 0, 0, -0, 0, 0, 0, 0, 0.287669385, -0.0821179199, -0.173365723, 0.141896871, -0.229206133, -0.962924629, 0.323364258, -0.908691406, 0.263916016, -0.935482841, -0.348745003, -0.0548107124, 0, 1, 5, 1, 
689.664779, 47, 0.1, 0.1, -0.0033854188, 0.363348384, -0.0199626126, 0.811271597, -0.584669474, 4.98470906e-005, 0.584669475, 0.811271598, -8.61228123e-006, -3.54041909e-005, 3.61309714e-005, 0.999999999, 0.811271585, -0.58466949, 6.21739561e-005, 0.584669491, 0.811271586, -1.05146534e-005, -4.42923669e-005, 4.48814548e-005, 0.999999998, 0, 0, 0, 0, 0, 0, 0, 0.254285571, -0.126601099, -0.182907812, 0.214327095, 0.404557431, -0.888952058, -0.923828125, 0.379394531, -0.0501708984, 0.316931424, 0.832089513, 0.455214055, 0, 0, -0, 0, 0, 0, 0, 0.288723975, -0.0821636719, -0.173899365, 0.14380758, -0.225213373, -0.963557523, 0.327270508, -0.907958984, 0.261230469, -0.933809105, -0.352866827, -0.0569638583, 0, 1, 5, 1, 
689.665574, 47, 0.1, 0.1, -0.0033854103, 0.363348382, -0.019961376, 0.811271647, -0.584669404, -5.3144927e-005, 0.584669405, 0.811271648, 7.98468239e-006, 3.8446573e-005, -3.75499593e-005, 0.999999999, 0.811271638, -0.584669415, -6.61427238e-005, 0.584669417, 0.811271639, 1.00750024e-005, 4.77691702e-005, -4.68451915e-005, 0.999999998, 0, 0, 0, 0, 0, 0, 0, 0.254285571, -0.126601099, -0.182907812, 0.214327095, 0.404557431, -0.888952058, -0.923828125, 0.379394531, -0.0501708984, 0.316931424, 0.832089513, 0.455214055, 0, 0, -0, 0, 0, 0, 0, 0.288723975, -0.0821636719, -0.173899365, 0.14380758, -0.225213373, -0.963557523, 0.327270508, -0.907958984, 0.261230469, -0.933809105, -0.352866827, -0.0569638583, 0, 1, 5, 1, 
