time, trialNum, realDorsalTactorPos, realVentralTactorPos, box1PosX, box1PosY, box1PosZ, box1LocalRot_11, box1LocalRot_12, box1LocalRot_13, box1LocalRot_21, box1LocalRot_22, box1LocalRot_23, box1LocalRot_31, box1LocalRot_32, box1LocalRot_33, box1GlobalRot_11, box1GlobalRot_12, box1GlobalRot_13, box1GlobalRot_21, box1GlobalRot_22, box1GlobalRot_23, box1GlobalRot_31, box1GlobalRot_32, box1GlobalRot_33, indexForceX, indexForceY, indexForceZ, indexForceGlobalX, indexForceGlobalY, indexForceGlobalZ, indexContact, indexPosX, indexPosY, indexPosZ, indexRot_11, indexRot_12, indexRot_13, indexRot_21, indexRot_22, indexRot_23, indexRot_31, indexRot_32, indexRot_33, thumbForceX, thumbForceY, thumbForceZ, thumbForceGlobalX, thumbForceGlobalY, thumbForceGlobalZ, thumbContact, thumbPosX, thumbPosY, thumbPosZ, thumbRot_11, thumbRot_12, thumbRot_13, thumbRot_21, thumbRot_22, thumbRot_23, thumbRot_31, thumbRot_32, thumbRot_33, manipForceTooHigh, cceExpType, mapping, trialSuccess, 
395.517948, 51, 0.1, 0.1, 0.0150240387, 0.369062179, -0.0199626375, 0.96028834, -0.279009499, 5.28905969e-005, 0.279009498, 0.960288342, 3.23823138e-005, -5.98251968e-005, -1.63393795e-005, 0.999999998, 0.960288334, -0.279009517, 6.68777716e-005, 0.279009517, 0.960288337, 8.62622743e-006, -6.66287436e-005, 1.03758692e-005, 0.999999998, 0, 0, 0, 0, 0, 0, 0, 0.291359473, -0.128177759, -0.204808179, 0.0623699448, 0.572005366, -0.817843945, -0.985107422, 0.166381836, 0.0412597656, 0.159689705, 0.803096527, 0.574093943, 0, 0, -0, 0, 0, 0, 0, 0.329743359, -0.0851758301, -0.15895498, 0.103557391, 0.210361527, -0.972001437, 0.546142578, -0.828735352, -0.12109375, -0.83113067, -0.518326264, -0.200846606, 0, 1, 5, 1, 
395.559744, 51, 0.1, 0.1, 0.0150240456, 0.369062186, -0.0199548012, 0.960282921, -0.279028157, -1.48622726e-005, 0.279028156, 0.960282921, -2.24265715e-005, 2.05296315e-005, 1.7388861e-005, 1, 0.960282919, -0.279028161, 1.18353146e-005, 0.279028161, 0.960282919, 2.33569179e-005, -1.78824883e-005, -1.91268632e-005, 1, 0, 0, 0, 0, 0, 0, 0, 0.294971216, -0.141133276, -0.200496362, 0.0313597688, 0.521848552, -0.852475963, -0.983032227, 0.169799805, 0.0676269531, 0.180050226, 0.836006157, 0.5185247, 0, 0, -0, 0, 0, 0, 0, 0.334514893, -0.0945827148, -0.15555083, 0.104718937, 0.198252315, -0.974416709, 0.592041016, -0.799682617, -0.0989990234, -0.798972739, -0.566609452, -0.201223204, 0, 1, 5, 1, 
395.560968, 51, 0.1, 0.1, 0.0150240441, 0.369062184, -0.0199526102, 0.960282929, -0.279028126, 1.49835083e-005, 0.279028126, 0.960282929, 2.263443e-005, -2.07040499e-005, -1.75546365e-005, 1, 0.960282926, -0.279028138, 2.31672265e-005, 0.279028137, 0.960282926, 4.25040358e-005, -3.4106914e-005, -3.43515919e-005, 0.999999999, 0, 0, 0, 0, 0, 0, 0, 0.294971216, -0.141133276, -0.200496362, 0.0313597688, 0.521848552, -0.852475963, -0.983032227, 0.169799805, 0.0676269531, 0.180050226, 0.836006157, 0.5185247, 0, 0, -0, 0, 0, 0, 0, 0.334514893, -0.0945827148, -0.15555083, 0.104718937, 0.198252315, -0.974416709, 0.592041016, -0.799682617, -0.0989990234, -0.798972739, -0.566609452, -0.201223204, 0, 1, 5, 1, 
395.562189, 51, 0.1, 0.1, 0.0150240433, 0.369062186, -0.0199476912, 0.960282948, -0.27902806, 2.69964572e-005, 0.279028059, 0.960282948, 4.57184956e-005, -3.86809806e-005, -3.63699227e-005, 0.999999999, 0.960282946, -0.27902807, 1.98117749e-005, 0.27902807, 0.960282945, 2.91226757e-005, -2.71509535e-005, -2.24379675e-005, 0.999999999, 0, 0, 0, 0, 0, 0, 0, 0.294971216, -0.141133276, -0.200496362, 0.0313597688, 0.521848552, -0.852475963, -0.983032227, 0.169799805, 0.0676269531, 0.180050226, 0.836006157, 0.5185247, 0, 0, -0, 0, 0, 0, 0, 0.334514893, -0.0945827148, -0.15555083, 0.104718937, 0.198252315, -0.974416709, 0.592041016, -0.799682617, -0.0989990234, -0.798972739, -0.566609452, -0.201223204, 0, 1, 5, 1, 
395.563464, 51, 0.1, 0.1, 0.015024046, 0.36906219, -0.0199419064, 0.96028295, -0.279028057, 1.69491089e-005, 0.279028056, 0.960282949, 3.61741508e-005, -2.63695433e-005, -3.00081433e-005, 0.999999999, 0.96028295, -0.279028055, -1.73120301e-005, 0.279028054, 0.96028295, -2.39158461e-005, 2.32976393e-005, 1.81354372e-005, 1, 0, 0, 0, 0, 0, 0, 0, 0.295135132, -0.140610718, -0.19983833, 0.030381003, 0.527894898, -0.848690824, -0.983642578, 0.166137695, 0.0681152344, 0.176991857, 0.832823855, 0.524475566, 0, 0, -0, 0, 0, 0, 0, 0.335028027, -0.0963749023, -0.154229199, 0.105504949, 0.195197952, -0.975017154, 0.592895508, -0.799438477, -0.0959472656, -0.798276412, -0.56791242, -0.200181629, 0, 1, 5, 1, 
395.564712, 51, 0.1, 0.1, 0.0150240456, 0.369062193, -0.0199385609, 0.960282964, -0.279028007, -9.59723665e-006, 0.279028007, 0.960282964, -2.80726011e-005, 1.70491048e-005, 2.42797427e-005, 1, 0.96028296, -0.279028021, -2.34906181e-005, 0.279028019, 0.960282959, -5.41648833e-005, 3.76711604e-005, 4.54590738e-005, 0.999999998, 0, 0, 0, 0, 0, 0, 0, 0.295135132, -0.140610718, -0.19983833, 0.030381003, 0.527894898, -0.848690824, -0.983642578, 0.166137695, 0.0681152344, 0.176991857, 0.832823855, 0.524475566, 0, 0, -0, 0, 0, 0, 0, 0.335028027, -0.0963749023, -0.154229199, 0.105504949, 0.195197952, -0.975017154, 0.592895508, -0.799438477, -0.0959472656, -0.798276412, -0.56791242, -0.200181629, 0, 1, 5, 1, 
395.565982, 51, 0.1, 0.1, 0.0150240444, 0.369062191, -0.0199388101, 0.960282968, -0.279027991, -3.55629246e-005, 0.279027989, 0.960282968, -5.45923679e-005, 4.93832695e-005, 4.25010698e-005, 0.999999998, 0.960282969, -0.279027988, -2.26918744e-005, 0.279027988, 0.960282969, -3.37292716e-005, 3.12020313e-005, 2.6057977e-005, 0.999999999, 0, 0, 0, 0, 0, 0, 0, 0.296110718, -0.140961475, -0.199619336, 0.0278408521, 0.534322041, -0.844766021, -0.984375, 0.161254883, 0.0694580078, 0.173439236, 0.829704832, 0.530527903, 0, 0, -0, 0, 0, 0, 0, 0.335028027, -0.0963749023, -0.154229199, 0.104789666, 0.192871632, -0.975559996, 0.595947266, -0.797485352, -0.0936279297, -0.796142223, -0.571470979, -0.198520286, 0, 1, 5, 1, 
395.566989, 51, 0.1, 0.1, 0.0150240428, 0.369062188, -0.0199425054, 0.960282968, -0.279027994, -2.95456855e-006, 0.279027994, 0.960282968, -8.94150067e-006, 5.33215085e-006, 7.76196346e-006, 1, 0.960282967, -0.279027998, 1.70864306e-005, 0.279027998, 0.960282966, 3.02594749e-005, -2.4851049e-005, -2.42900658e-005, 0.999999999, 0, 0, 0, 0, 0, 0, 0, 0.296110718, -0.140961475, -0.199619336, 0.0278408521, 0.534322041, -0.844766021, -0.984375, 0.161254883, 0.0694580078, 0.173439236, 0.829704832, 0.530527903, 0, 0, -0, 0, 0, 0, 0, 0.33547207, -0.0970501465, -0.153113965, 0.104789666, 0.192871632, -0.975559996, 0.595947266, -0.797485352, -0.0936279297, -0.796142223, -0.571470979, -0.198520286, 0, 1, 5, 1, 
395.567792, 51, 0.1, 0.1, 0.0150240406, 0.369062187, -0.0199524274, 0.960282969, -0.279027991, 1.56238693e-005, 0.279027991, 0.960282969, 2.15350281e-005, -2.10122113e-005, -1.63202239e-005, 1, 0.960282969, -0.279027991, 2.22078795e-005, 0.27902799, 0.960282969, 3.2247434e-005, -3.03237851e-005, -2.47700417e-005, 0.999999999, 0, 0, 0, 0, 0, 0, 0, 0.296110718, -0.140961475, -0.199619336, 0.0278408521, 0.534322041, -0.844766021, -0.984375, 0.161254883, 0.0694580078, 0.173439236, 0.829704832, 0.530527903, 0, 0, -0, 0, 0, 0, 0, 0.33547207, -0.0970501465, -0.153113965, 0.104789666, 0.192871632, -0.975559996, 0.595947266, -0.797485352, -0.0936279297, -0.796142223, -0.571470979, -0.198520286, 0, 1, 5, 1, 
395.56859, 51, 0.1, 0.1, 0.0150240407, 0.369062188, -0.0199653718, 0.96028297, -0.279027988, 8.54403607e-006, 0.279027988, 0.96028297, 1.97584996e-005, -1.37178667e-005, -1.65897255e-005, 1, 0.960282969, -0.27902799, 5.29155956e-006, 0.279027989, 0.960282969, 1.20831882e-005, -8.45294223e-006, -1.01267866e-005, 1, 0, 0, 0, 0, 0, 0, 0, 0.296110718, -0.140961475, -0.199619336, 0.0278408521, 0.534322041, -0.844766021, -0.984375, 0.161254883, 0.0694580078, 0.173439236, 0.829704832, 0.530527903, 0, 0, -0, 0, 0, 0, 0, 0.33547207, -0.0970501465, -0.153113965, 0.104789666, 0.192871632, -0.975559996, 0.595947266, -0.797485352, -0.0936279297, -0.796142223, -0.571470979, -0.198520286, 0, 1, 5, 1, 
395.569389, 51, 0.1, 0.1, 0.0150240416, 0.369062189, -0.0199768507, 0.96028297, -0.279027985, -4.49716583e-007, 0.279027985, 0.96028297, 3.53944066e-006, -5.55747821e-007, -3.52434811e-006, 1, 0.960282971, -0.279027985, -8.56544739e-006, 0.279027985, 0.960282971, -1.02986975e-005, 1.10988781e-005, 7.49966433e-006, 1, 0, 0, 0, 0, 0, 0, 0, 0.296110718, -0.140961475, -0.199619336, 0.0278408521, 0.534322041, -0.844766021, -0.984375, 0.161254883, 0.0694580078, 0.173439236, 0.829704832, 0.530527903, 0, 0, -0, 0, 0, 0, 0, 0.33547207, -0.0970501465, -0.153113965, 0.104789666, 0.192871632, -0.975559996, 0.595947266, -0.797485352, -0.0936279297, -0.796142223, -0.571470979, -0.198520286, 0, 1, 5, 1, 
395.570193, 51, 0.1, 0.1, 0.0150240422, 0.36906219, -0.0199832532, 0.960282972, -0.27902798, -5.17084756e-006, 0.27902798, 0.960282972, -1.12020922e-005, 8.09117402e-006, 9.31436723e-006, 1, 0.960282972, -0.27902798, -7.47851732e-006, 0.27902798, 0.960282972, -1.44185991e-005, 1.12046854e-005, 1.17592196e-005, 1, 0, 0, 0, 0, 0, 0, 0, 0.296110718, -0.140961475, -0.199619336, 0.0278408521, 0.534322041, -0.844766021, -0.984375, 0.161254883, 0.0694580078, 0.173439236, 0.829704832, 0.530527903, 0, 0, -0, 0, 0, 0, 0, 0.33547207, -0.0970501465, -0.153113965, 0.104789666, 0.192871632, -0.975559996, 0.595947266, -0.797485352, -0.0936279297, -0.796142223, -0.571470979, -0.198520286, 0, 1, 5, 1, 
395.571033, 51, 0.1, 0.1, 0.0150240435, 0.369062187, -0.0199826295, 0.960282931, -0.27902812, -1.41131152e-005, 0.27902812, 0.960282931, 1.19775949e-005, 1.02104979e-005, -1.54398359e-005, 1, 0.960282945, -0.279028072, -1.37721163e-005, 0.279028073, 0.960282945, 1.88177252e-005, 7.97445483e-006, -2.19131476e-005, 1, 0, 0, 0, 0, 0, 0, 0, 0.297081665, -0.141115479, -0.198970093, 0.0252685005, 0.540203636, -0.841139642, -0.985229492, 0.155761719, 0.0703125, 0.168902979, 0.827042992, 0.536256729, 0, 0, -0, 0, 0, 0, 0, 0.334965381, -0.097507373, -0.153292773, 0.10030437, 0.193318593, -0.975891752, 0.59753418, -0.796020508, -0.0961914062, -0.795508962, -0.573387885, -0.195363845, 0, 1, 5, 1, 
395.571834, 51, 0.1, 0.1, 0.0150240419, 0.369062192, -0.019976058, 0.960282857, -0.279028376, -1.43637696e-006, 0.279028376, 0.960282857, -2.31134707e-005, 7.82864237e-006, 2.17946798e-005, 1, 0.960282868, -0.279028337, 1.25903604e-005, 0.279028337, 0.960282868, -2.68716853e-005, -4.59234578e-006, 2.93174864e-005, 1, 0, 0, 0, 0, 0, 0, 0, 0.297081665, -0.141115479, -0.198970093, 0.0252685005, 0.540203636, -0.841139642, -0.985229492, 0.155761719, 0.0703125, 0.168902979, 0.827042992, 0.536256729, 0, 0, -0, 0, 0, 0, 0, 0.334965381, -0.097507373, -0.153292773, 0.10030437, 0.193318593, -0.975891752, 0.59753418, -0.796020508, -0.0961914062, -0.795508962, -0.573387885, -0.195363845, 0, 1, 5, 1, 
395.572632, 51, 0.1, 0.1, 0.0150240417, 0.369062187, -0.0199665626, 0.960282888, -0.279028269, 6.350567e-006, 0.279028268, 0.960282888, 2.58556488e-005, -1.33127977e-005, -2.30567494e-005, 1, 0.960282875, -0.279028315, 9.18355249e-006, 0.279028314, 0.960282874, 3.90429253e-005, -1.97128898e-005, -3.49297814e-005, 0.999999999, 0, 0, 0, 0, 0, 0, 0, 0.297081665, -0.141115479, -0.198970093, 0.0252685005, 0.540203636, -0.841139642, -0.985229492, 0.155761719, 0.0703125, 0.168902979, 0.827042992, 0.536256729, 0, 0, -0, 0, 0, 0, 0, 0.334965381, -0.097507373, -0.153292773, 0.10030437, 0.193318593, -0.975891752, 0.59753418, -0.796020508, -0.0961914062, -0.795508962, -0.573387885, -0.195363845, 0, 1, 5, 1, 
395.573436, 51, 0.1, 0.1, 0.0150240399, 0.369062187, -0.0199575478, 0.960282945, -0.279028073, 2.47437523e-005, 0.279028073, 0.960282945, 2.34374311e-005, -3.03007046e-005, -1.56023638e-005, 0.999999999, 0.960282935, -0.279028108, 1.89531101e-005, 0.279028107, 0.960282935, 1.82777659e-005, -2.33003587e-005, -1.22633762e-005, 1, 0, 0, 0, 0, 0, 0, 0, 0.297081665, -0.141115479, -0.198970093, 0.0252685005, 0.540203636, -0.841139642, -0.985229492, 0.155761719, 0.0703125, 0.168902979, 0.827042992, 0.536256729, 0, 0, -0, 0, 0, 0, 0, 0.334965381, -0.097507373, -0.153292773, 0.10030437, 0.193318593, -0.975891752, 0.59753418, -0.796020508, -0.0961914062, -0.795508962, -0.573387885, -0.195363845, 0, 1, 5, 1, 
395.574242, 51, 0.1, 0.1, 0.0150240382, 0.369062191, -0.0199517549, 0.960282996, -0.279027897, 1.86854433e-005, 0.279027897, 0.960282996, 5.12581118e-006, -1.93735578e-005, 2.91530647e-007, 1, 0.960282986, -0.279027932, 1.58447918e-006, 0.279027932, 0.960282986, -2.70011479e-005, 6.01252605e-006, 2.63708568e-005, 1, 0, 0, 0, 0, 0, 0, 0, 0.297081665, -0.141115479, -0.198970093, 0.0252685005, 0.540203636, -0.841139642, -0.985229492, 0.155761719, 0.0703125, 0.168902979, 0.827042992, 0.536256729, 0, 0, -0, 0, 0, 0, 0, 0.334965381, -0.097507373, -0.153292773, 0.10030437, 0.193318593, -0.975891752, 0.59753418, -0.796020508, -0.0961914062, -0.795508962, -0.573387885, -0.195363845, 0, 1, 5, 1, 
395.575057, 51, 0.1, 0.1, 0.0150240416, 0.369062181, -0.019950838, 0.960282874, -0.279028316, -1.63290727e-005, 0.279028316, 0.960282874, 4.51160939e-006, 1.44216621e-005, -8.88869489e-006, 1, 0.960282917, -0.279028166, -3.54014831e-005, 0.279028167, 0.960282917, 3.79723829e-005, 2.34000751e-005, -4.63422416e-005, 0.999999999, 0, 0, 0, 0, 0, 0, 0, 0.297081665, -0.141115479, -0.198970093, 0.021803124, 0.546877906, -0.836834041, -0.985473633, 0.15246582, 0.0739746094, 0.168092329, 0.823143277, 0.542372345, 0, 0, -0, 0, 0, 0, 0, 0.334965381, -0.097507373, -0.153292773, 0.10030437, 0.193318593, -0.975891752, 0.59753418, -0.796020508, -0.0961914062, -0.795508962, -0.573387885, -0.195363845, 0, 1, 5, 1, 
395.575872, 51, 0.1, 0.1, 0.0150240365, 0.369062197, -0.0199545002, 0.960282712, -0.279028875, -3.31668956e-006, 0.279028875, 0.96028271, -5.56542603e-005, 1.87141053e-005, 5.25183719e-005, 0.999999998, 0.960282727, -0.279028823, 1.03042233e-005, 0.279028823, 0.960282724, -7.78071484e-005, 1.18154694e-005, 7.75920359e-005, 0.999999997, 0, 0, 0, 0, 0, 0, 0, 0.296678857, -0.141902466, -0.198954687, 0.021803124, 0.546877906, -0.836834041, -0.985473633, 0.15246582, 0.0739746094, 0.168092329, 0.823143277, 0.542372345, 0, 0, -0, 0, 0, 0, 0, 0.334566943, -0.0979226074, -0.153902686, 0.0944770929, 0.19400216, -0.976338345, 0.59765625, -0.795410156, -0.100219727, -0.796121433, -0.574052495, -0.191114789, 0, 1, 5, 1, 
395.576671, 51, 0.1, 0.1, 0.0150240385, 0.369062183, -0.0199613698, 0.960282683, -0.279028975, -2.82490075e-005, 0.279028976, 0.960282678, 9.58558341e-005, 3.80477445e-007, -9.99309891e-005, 0.999999995, 0.9602827, -0.279028918, -1.02130648e-005, 0.279028917, 0.960282695, 9.86197979e-005, -1.77103461e-005, -9.75526261e-005, 0.999999995, 0, 0, 0, 0, 0, 0, 0, 0.296678857, -0.141902466, -0.198954687, 0.021803124, 0.546877906, -0.836834041, -0.985473633, 0.15246582, 0.0739746094, 0.168092329, 0.823143277, 0.542372345, 0, 0, -0, 0, 0, 0, 0, 0.334566943, -0.0979226074, -0.153902686, 0.0944770929, 0.19400216, -0.976338345, 0.59765625, -0.795410156, -0.100219727, -0.796121433, -0.574052495, -0.191114789, 0, 1, 5, 1, 
395.577466, 51, 0.1, 0.1, 0.0150240394, 0.36906218, -0.019969085, 0.960282574, -0.279029351, 1.84279946e-005, 0.279029351, 0.960282572, -5.67429479e-005, -1.86313412e-006, 5.96312155e-005, 0.999999998, 0.960282589, -0.279029297, 1.20751977e-005, 0.279029298, 0.960282589, -2.26417296e-005, -5.27789623e-006, 2.51117927e-005, 1, 0, 0, 0, 0, 0, 0, 0, 0.296678857, -0.141902466, -0.198954687, 0.021803124, 0.546877906, -0.836834041, -0.985473633, 0.15246582, 0.0739746094, 0.168092329, 0.823143277, 0.542372345, 0, 0, -0, 0, 0, 0, 0, 0.334566943, -0.0979226074, -0.153902686, 0.0944770929, 0.19400216, -0.976338345, 0.59765625, -0.795410156, -0.100219727, -0.796121433, -0.574052495, -0.191114789, 0, 1, 5, 1, 
395.578283, 51, 0.1, 0.1, 0.0150240351, 0.369062198, -0.019975004, 0.960282535, -0.279029483, 2.47155635e-005, 0.279029484, 0.960282534, -4.57507109e-005, -1.09681267e-005, 5.08299796e-005, 0.999999999, 0.96028255, -0.279029431, 2.63281637e-005, 0.279029432, 0.960282548, -6.95705454e-005, -5.87024641e-006, 7.41537133e-005, 0.999999997, 0, 0, 0, 0, 0, 0, 0, 0.296678857, -0.141902466, -0.198954687, 0.021803124, 0.546877906, -0.836834041, -0.985473633, 0.15246582, 0.0739746094, 0.168092329, 0.823143277, 0.542372345, 0, 0, -0, 0, 0, 0, 0, 0.334443262, -0.0985244629, -0.154294727, 0.0893654659, 0.195145813, -0.976561459, 0.59777832, -0.794799805, -0.104125977, -0.796535944, -0.574423263, -0.187824186, 0, 1, 5, 1, 
395.579085, 51, 0.1, 0.1, 0.0150240377, 0.36906219, -0.0199770256, 0.96028243, -0.279029843, -1.39825139e-005, 0.279029844, 0.960282428, 7.52784045e-005, -7.57775905e-006, -7.61900679e-005, 0.999999997, 0.96028244, -0.279029812, -2.29229595e-005, 0.279029813, 0.960282437, 6.44414981e-005, 4.03141631e-006, -6.82782281e-005, 0.999999998, 0, 0, 0, 0, 0, 0, 0, 0.296678857, -0.141902466, -0.198954687, 0.021803124, 0.546877906, -0.836834041, -0.985473633, 0.15246582, 0.0739746094, 0.168092329, 0.823143277, 0.542372345, 0, 0, -0, 0, 0, 0, 0, 0.334443262, -0.0985244629, -0.154294727, 0.0893654659, 0.195145813, -0.976561459, 0.59777832, -0.794799805, -0.104125977, -0.796535944, -0.574423263, -0.187824186, 0, 1, 5, 1, 
395.57989, 51, 0.1, 0.1, 0.0150240397, 0.369062183, -0.0199749662, 0.960282382, -0.279030009, 4.37885929e-006, 0.279030009, 0.960282382, -2.68183042e-005, 3.27817023e-006, 2.69749782e-005, 1, 0.960282404, -0.279029933, -1.17302584e-005, 0.279029933, 0.960282404, 7.44900152e-006, 9.18586636e-006, -1.04262383e-005, 1, 0, 0, 0, 0, 0, 0, 0, 0.296678857, -0.141902466, -0.198954687, 0.021803124, 0.546877906, -0.836834041, -0.985473633, 0.15246582, 0.0739746094, 0.168092329, 0.823143277, 0.542372345, 0, 0, -0, 0, 0, 0, 0, 0.334443262, -0.0985244629, -0.154294727, 0.0893654659, 0.195145813, -0.976561459, 0.59777832, -0.794799805, -0.104125977, -0.796535944, -0.574423263, -0.187824186, 0, 1, 5, 1, 
395.580703, 51, 0.1, 0.1, 0.0150240344, 0.369062196, -0.0199695685, 0.96028224, -0.279030501, 4.5841011e-006, 0.2790305, 0.960282239, -3.82933617e-005, 6.28298502e-006, 3.80515392e-005, 0.999999999, 0.960282258, -0.279030438, 1.43758233e-005, 0.279030439, 0.960282256, -5.86279227e-005, 2.55412693e-006, 6.03106463e-005, 0.999999998, 0, 0, 0, 0, 0, 0, 0, 0.296164233, -0.142000073, -0.199155078, 0.0161735253, 0.553932974, -0.832388777, -0.985717773, 0.147705078, 0.0791015625, 0.166882907, 0.819306842, 0.548589433, 0, 0, -0, 0, 0, 0, 0, 0.334443262, -0.0985244629, -0.154294727, 0.0893654659, 0.195145813, -0.976561459, 0.59777832, -0.794799805, -0.104125977, -0.796535944, -0.574423263, -0.187824186, 0, 1, 5, 1, 
395.581497, 51, 0.1, 0.1, 0.0150240372, 0.369062186, -0.0199632584, 0.960282174, -0.279030727, -1.50266576e-005, 0.279030727, 0.960282171, 7.54733971e-005, -6.62956547e-006, -7.6668657e-005, 0.999999997, 0.960282186, -0.279030684, -2.28076746e-005, 0.279030685, 0.960282183, 7.55558013e-005, 8.19416686e-007, -7.89189311e-005, 0.999999997, 0, 0, 0, 0, 0, 0, 0, 0.296164233, -0.142000073, -0.199155078, 0.0161735253, 0.553932974, -0.832388777, -0.985717773, 0.147705078, 0.0791015625, 0.166882907, 0.819306842, 0.548589433, 0, 0, -0, 0, 0, 0, 0, 0.334443262, -0.0985244629, -0.154294727, 0.0893654659, 0.195145813, -0.976561459, 0.59777832, -0.794799805, -0.104125977, -0.796535944, -0.574423263, -0.187824186, 0, 1, 5, 1, 
395.582297, 51, 0.1, 0.1, 0.0150240385, 0.369062188, -0.019958095, 0.96028207, -0.279031082, 2.8417455e-005, 0.279031083, 0.960282069, -4.9896417e-005, -1.33661212e-005, 5.58439879e-005, 0.999999998, 0.960282111, -0.279030943, 1.79194699e-006, 0.279030943, 0.96028211, -4.62582028e-005, 1.11866953e-005, 4.49209333e-005, 0.999999999, 0, 0, 0, 0, 0, 0, 0, 0.296164233, -0.142000073, -0.199155078, 0.0161735253, 0.553932974, -0.832388777, -0.985717773, 0.147705078, 0.0791015625, 0.166882907, 0.819306842, 0.548589433, 0, 0, -0, 0, 0, 0, 0, 0.334443262, -0.0985244629, -0.154294727, 0.0893654659, 0.195145813, -0.976561459, 0.59777832, -0.794799805, -0.104125977, -0.796535944, -0.574423263, -0.187824186, 0, 1, 5, 1, 
395.583128, 51, 0.1, 0.1, 0.0150240375, 0.369062188, -0.019955259, 0.960281824, -0.279031932, -1.17681109e-005, 0.279031933, 0.960281823, 3.21052275e-005, 2.34231935e-006, -3.41137451e-005, 0.999999999, 0.960281865, -0.279031788, -2.09882235e-005, 0.279031789, 0.960281865, 2.73217958e-005, 1.25309608e-005, -3.20930066e-005, 0.999999999, 0, 0, 0, 0, 0, 0, 0, 0.295795703, -0.142118066, -0.199584082, 0.00910910026, 0.560563061, -0.828019897, -0.986206055, 0.141235352, 0.0847167969, 0.164417636, 0.815908492, 0.554324251, 0, 0, -0, 0, 0, 0, 0, 0.334702246, -0.0994193848, -0.154040723, 0.0865477095, 0.195343774, -0.976791136, 0.598144531, -0.794189453, -0.105834961, -0.796586617, -0.575138913, -0.185638957, 0, 1, 5, 1, 
395.583931, 51, 0.1, 0.1, 0.0150240342, 0.36906219, -0.0199559359, 0.96028173, -0.279032253, -9.3142603e-006, 0.279032253, 0.96028173, -2.03849936e-006, 9.51312106e-006, -6.41445349e-007, 1, 0.960281732, -0.279032248, 3.38292706e-006, 0.279032248, 0.960281732, -1.8839663e-005, 2.00831045e-006, 1.903533e-005, 1, 0, 0, 0, 0, 0, 0, 0, 0.295795703, -0.142118066, -0.199584082, 0.00910910026, 0.560563061, -0.828019897, -0.986206055, 0.141235352, 0.0847167969, 0.164417636, 0.815908492, 0.554324251, 0, 0, -0, 0, 0, 0, 0, 0.334702246, -0.0994193848, -0.154040723, 0.0865477095, 0.195343774, -0.976791136, 0.598144531, -0.794189453, -0.105834961, -0.796586617, -0.575138913, -0.185638957, 0, 1, 5, 1, 
395.58473, 51, 0.1, 0.1, 0.0150240319, 0.369062188, -0.0199596497, 0.960281731, -0.279032251, -8.92379171e-006, 0.279032251, 0.960281731, 1.42036487e-005, 4.6060781e-006, -1.612953e-005, 1, 0.96028174, -0.27903222, 1.44487577e-005, 0.27903222, 0.96028174, 1.83118787e-005, -1.89844824e-005, -1.35528938e-005, 1, 0, 0, 0, 0, 0, 0, 0, 0.295795703, -0.142118066, -0.199584082, 0.00910910026, 0.560563061, -0.828019897, -0.986206055, 0.141235352, 0.0847167969, 0.164417636, 0.815908492, 0.554324251, 0, 0, -0, 0, 0, 0, 0, 0.334702246, -0.0994193848, -0.154040723, 0.0865477095, 0.195343774, -0.976791136, 0.598144531, -0.794189453, -0.105834961, -0.796586617, -0.575138913, -0.185638957, 0, 1, 5, 1, 
395.585524, 51, 0.1, 0.1, 0.0150240302, 0.369062192, -0.0199648836, 0.960281606, -0.279032682, 1.14756243e-005, 0.279032682, 0.960281606, -5.97230106e-006, -9.35336374e-006, 8.93716508e-006, 1, 0.960281638, -0.27903257, 2.31100715e-005, 0.279032571, 0.960281638, -1.99006853e-005, -1.66392379e-005, 2.55587254e-005, 1, 0, 0, 0, 0, 0, 0, 0, 0.295795703, -0.142118066, -0.199584082, 0.00910910026, 0.560563061, -0.828019897, -0.986206055, 0.141235352, 0.0847167969, 0.164417636, 0.815908492, 0.554324251, 0, 0, -0, 0, 0, 0, 0, 0.334702246, -0.0994193848, -0.154040723, 0.0865477095, 0.195343774, -0.976791136, 0.598144531, -0.794189453, -0.105834961, -0.796586617, -0.575138913, -0.185638957, 0, 1, 5, 1, 
395.586322, 51, 0.1, 0.1, 0.0150240335, 0.369062187, -0.0199698302, 0.960281466, -0.279033163, 2.31171324e-006, 0.279033163, 0.960281466, 7.85275073e-006, -4.41107325e-006, -6.89580633e-006, 1, 0.960281484, -0.279033101, -6.75290975e-006, 0.279033101, 0.960281484, 2.630438e-005, -8.5509854e-007, -2.71438944e-005, 1, 0, 0, 0, 0, 0, 0, 0, 0.295795703, -0.142118066, -0.199584082, 0.00910910026, 0.560563061, -0.828019897, -0.986206055, 0.141235352, 0.0847167969, 0.164417636, 0.815908492, 0.554324251, 0, 0, -0, 0, 0, 0, 0, 0.334702246, -0.0994193848, -0.154040723, 0.0865477095, 0.195343774, -0.976791136, 0.598144531, -0.794189453, -0.105834961, -0.796586617, -0.575138913, -0.185638957, 0, 1, 5, 1, 
395.587166, 51, 0.1, 0.1, 0.015024031, 0.369062197, -0.0199725689, 0.960281398, -0.279033396, 1.75312584e-005, 0.279033396, 0.960281398, -2.82449184e-005, -8.95366582e-006, 3.20148763e-005, 0.999999999, 0.960281409, -0.279033359, 9.93495303e-006, 0.27903336, 0.960281408, -4.63127629e-005, 3.38245513e-006, 4.72454685e-005, 0.999999999, 0, 0, 0, 0, 0, 0, 0, 0.295795703, -0.142118066, -0.199584082, 0.00910910026, 0.560563061, -0.828019897, -0.986206055, 0.141235352, 0.0847167969, 0.164417636, 0.815908492, 0.554324251, 0, 0, -0, 0, 0, 0, 0, 0.334702246, -0.0994193848, -0.154040723, 0.0865477095, 0.195343774, -0.976791136, 0.598144531, -0.794189453, -0.105834961, -0.796586617, -0.575138913, -0.185638957, 0, 1, 5, 1, 
395.587998, 51, 0.1, 0.1, 0.0150240353, 0.369062189, -0.0199719387, 0.960281232, -0.279033967, -3.42685198e-005, 0.279033969, 0.96028123, 5.23938092e-005, 1.8287764e-005, -5.98748727e-005, 0.999999998, 0.960281268, -0.279033842, -3.79444966e-005, 0.279033844, 0.960281267, 5.38693845e-005, 2.14060079e-005, -6.23175596e-005, 0.999999998, 0, 0, 0, 0, 0, 0, 0, 0.29662041, -0.142135742, -0.198980737, 0.00378167218, 0.564668344, -0.825181323, -0.987304688, 0.132568359, 0.0861816406, 0.158093086, 0.814516728, 0.558200383, 0, 0, -0, 0, 0, 0, 0, 0.334827832, -0.100139404, -0.153582031, 0.0848929298, 0.194985766, -0.977065655, 0.599121094, -0.793457031, -0.106201172, -0.796024085, -0.576403968, -0.184194898, 0, 1, 5, 1, 
395.588801, 51, 0.1, 0.1, 0.0150240315, 0.36906219, -0.0199690454, 0.960281121, -0.279034348, 2.64905713e-005, 0.279034349, 0.960281121, -3.86623234e-005, -1.46502793e-005, 4.45184786e-005, 0.999999999, 0.960281127, -0.279034329, 3.51062619e-005, 0.27903433, 0.960281127, -2.64842203e-005, -2.63218741e-005, 3.52281491e-005, 0.999999999, 0, 0, 0, 0, 0, 0, 0, 0.29662041, -0.142135742, -0.198980737, 0.00378167218, 0.564668344, -0.825181323, -0.987304688, 0.132568359, 0.0861816406, 0.158093086, 0.814516728, 0.558200383, 0, 0, -0, 0, 0, 0, 0, 0.334827832, -0.100139404, -0.153582031, 0.0848929298, 0.194985766, -0.977065655, 0.599121094, -0.793457031, -0.106201172, -0.796024085, -0.576403968, -0.184194898, 0, 1, 5, 1, 
395.589601, 51, 0.1, 0.1, 0.0150240317, 0.369062192, -0.0199650648, 0.960281203, -0.279034068, 2.08482805e-005, 0.279034068, 0.960281203, 2.25598882e-005, -2.63151893e-005, -1.58464561e-005, 1, 0.96028117, -0.279034182, -4.59498669e-006, 0.279034182, 0.96028117, 1.45381346e-005, 3.55842692e-007, -1.52428553e-005, 1, 0, 0, 0, 0, 0, 0, 0, 0.29662041, -0.142135742, -0.198980737, 0.00378167218, 0.564668344, -0.825181323, -0.987304688, 0.132568359, 0.0861816406, 0.158093086, 0.814516728, 0.558200383, 0, 0, -0, 0, 0, 0, 0, 0.334827832, -0.100139404, -0.153582031, 0.0848929298, 0.194985766, -0.977065655, 0.599121094, -0.793457031, -0.106201172, -0.796024085, -0.576403968, -0.184194898, 0, 1, 5, 1, 
395.590396, 51, 0.1, 0.1, 0.0150240282, 0.369062195, -0.0199614151, 0.96028146, -0.279033181, -2.10984058e-005, 0.279033181, 0.960281461, -1.25170933e-005, 2.37530923e-005, 6.1327774e-006, 1, 0.960281395, -0.279033406, -2.57023476e-006, 0.279033406, 0.960281395, -2.64278949e-005, 9.84241415e-006, 2.46610344e-005, 1, 0, 0, 0, 0, 0, 0, 0, 0.29662041, -0.142135742, -0.198980737, 0.00378167218, 0.564668344, -0.825181323, -0.987304688, 0.132568359, 0.0861816406, 0.158093086, 0.814516728, 0.558200383, 0, 0, -0, 0, 0, 0, 0, 0.334827832, -0.100139404, -0.153582031, 0.0848929298, 0.194985766, -0.977065655, 0.599121094, -0.793457031, -0.106201172, -0.796024085, -0.576403968, -0.184194898, 0, 1, 5, 1, 
395.591198, 51, 0.1, 0.1, 0.0150240277, 0.369062189, -0.0199592512, 0.960281902, -0.279031662, 2.86958898e-005, 0.279031662, 0.960281902, 5.17148569e-006, -2.89991519e-005, 3.04097771e-006, 1, 0.960281803, -0.279032003, 2.39761485e-005, 0.279032002, 0.960281803, 3.36803563e-005, -3.24217564e-005, -2.56525206e-005, 0.999999999, 0, 0, 0, 0, 0, 0, 0, 0.29662041, -0.142135742, -0.198980737, 0.00378167218, 0.564668344, -0.825181323, -0.987304688, 0.132568359, 0.0861816406, 0.158093086, 0.814516728, 0.558200383, 0, 0, -0, 0, 0, 0, 0, 0.334827832, -0.100139404, -0.153582031, 0.0848929298, 0.194985766, -0.977065655, 0.599121094, -0.793457031, -0.106201172, -0.796024085, -0.576403968, -0.184194898, 0, 1, 5, 1, 
395.592, 51, 0.1, 0.1, 0.0150240318, 0.369062192, -0.0199592299, 0.960282485, -0.279029656, -1.6677594e-005, 0.279029655, 0.960282485, -1.43783147e-005, 2.00271776e-005, 9.15370051e-006, 1, 0.960282367, -0.27903006, -3.51351629e-005, 0.27903006, 0.960282368, -6.54890942e-006, 3.55670201e-005, -3.51496439e-006, 0.999999999, 0, 0, 0, 0, 0, 0, 0, 0.29662041, -0.142135742, -0.198980737, 0.00378167218, 0.564668344, -0.825181323, -0.987304688, 0.132568359, 0.0861816406, 0.158093086, 0.814516728, 0.558200383, 0, 0, -0, 0, 0, 0, 0, 0.334827832, -0.100139404, -0.153582031, 0.0848929298, 0.194985766, -0.977065655, 0.599121094, -0.793457031, -0.106201172, -0.796024085, -0.576403968, -0.184194898, 0, 1, 5, 1, 
395.592834, 51, 0.1, 0.1, 0.01502403, 0.369062192, -0.019960896, 0.960282977, -0.279027964, -2.09277118e-005, 0.279027964, 0.960282977, -5.5833061e-006, 2.16544239e-005, -4.77862995e-007, 1, 0.960282884, -0.279028284, 7.28169095e-006, 0.279028284, 0.960282884, 7.15105986e-007, -7.19201798e-006, 1.34509369e-006, 1, 0, 0, 0, 0, 0, 0, 0, 0.296407886, -0.142665698, -0.198208228, -0.000186191833, 0.567466483, -0.823314402, -0.987792969, 0.127441406, 0.0880126953, 0.154890184, 0.813455587, 0.560623714, 0, 0, -0, 0, 0, 0, 0, 0.334912158, -0.10020166, -0.153118213, 0.0824459414, 0.194717076, -0.977378454, 0.601074219, -0.791870117, -0.107055664, -0.794931104, -0.578518835, -0.182386634, 0, 1, 5, 1, 
395.593637, 51, 0.1, 0.1, 0.0150240324, 0.369062193, -0.0199636038, 0.960283397, -0.279026517, 2.27312718e-005, 0.279026518, 0.960283397, 2.12516389e-006, -2.242144e-005, 4.30186801e-006, 1, 0.960283303, -0.279026839, 6.1060395e-006, 0.279026839, 0.960283303, 9.28125307e-006, -8.4532465e-006, -7.20888346e-006, 1, 0, 0, 0, 0, 0, 0, 0, 0.296407886, -0.142665698, -0.198208228, -0.000186191833, 0.567466483, -0.823314402, -0.987792969, 0.127441406, 0.0880126953, 0.154890184, 0.813455587, 0.560623714, 0, 0, -0, 0, 0, 0, 0, 0.334912158, -0.10020166, -0.153118213, 0.0824459414, 0.194717076, -0.977378454, 0.601074219, -0.791870117, -0.107055664, -0.794931104, -0.578518835, -0.182386634, 0, 1, 5, 1, 
395.594434, 51, 0.1, 0.1, 0.0150240338, 0.369062194, -0.0199665881, 0.960283771, -0.27902523, -1.65980136e-005, 0.27902523, 0.960283771, -2.71565601e-005, 2.35161685e-005, 2.14467393e-005, 0.999999999, 0.960283713, -0.27902543, -2.46072974e-005, 0.27902543, 0.960283713, -6.59938309e-006, 2.54713826e-005, -5.28781639e-007, 1, 0, 0, 0, 0, 0, 0, 0, 0.296407886, -0.142665698, -0.198208228, -0.000186191833, 0.567466483, -0.823314402, -0.987792969, 0.127441406, 0.0880126953, 0.154890184, 0.813455587, 0.560623714, 0, 0, -0, 0, 0, 0, 0, 0.334912158, -0.10020166, -0.153118213, 0.0824459414, 0.194717076, -0.977378454, 0.601074219, -0.791870117, -0.107055664, -0.794931104, -0.578518835, -0.182386634, 0, 1, 5, 1, 
395.595274, 51, 0.1, 0.1, 0.0150240291, 0.369062196, -0.0199684356, 0.960283936, -0.279024663, 1.10059042e-005, 0.279024663, 0.960283936, 2.84804126e-005, -1.85155305e-005, -2.4278364e-005, 1, 0.960283922, -0.279024708, 2.63406127e-005, 0.279024707, 0.960283923, 1.94216531e-005, -3.07135879e-005, -1.13006195e-005, 0.999999999, 0, 0, 0, 0, 0, 0, 0, 0.29680249, -0.143661792, -0.196776855, -0.00102529421, 0.569883823, -0.82166952, -0.98828125, 0.124267578, 0.0874023438, 0.151933286, 0.812331166, 0.563205805, 0, 0, -0, 0, 0, 0, 0, 0.334956689, -0.100480566, -0.1528625, 0.0793791852, 0.194582548, -0.977620891, 0.602905273, -0.790405273, -0.108398437, -0.793780521, -0.580742343, -0.180080003, 0, 1, 5, 1, 
395.596076, 51, 0.1, 0.1, 0.0150240299, 0.369062196, -0.019968865, 0.960283896, -0.279024798, 2.36238501e-005, 0.279024799, 0.960283896, -7.06072477e-006, -2.07154855e-005, 1.33719403e-005, 1, 0.960283917, -0.279024728, 2.67013424e-006, 0.279024728, 0.960283917, -1.58729634e-005, 1.86486232e-006, 1.59875849e-005, 1, 0, 0, 0, 0, 0, 0, 0, 0.29680249, -0.143661792, -0.196776855, -0.00102529421, 0.569883823, -0.82166952, -0.98828125, 0.124267578, 0.0874023438, 0.151933286, 0.812331166, 0.563205805, 0, 0, -0, 0, 0, 0, 0, 0.334956689, -0.100480566, -0.1528625, 0.0793791852, 0.194582548, -0.977620891, 0.602905273, -0.790405273, -0.108398437, -0.793780521, -0.580742343, -0.180080003, 0, 1, 5, 1, 
395.596872, 51, 0.1, 0.1, 0.015024028, 0.369062196, -0.0199680489, 0.96028378, -0.2790252, -2.29656923e-005, 0.2790252, 0.96028378, 2.57068295e-006, 2.13362965e-005, -8.87659203e-006, 1, 0.960283792, -0.279025158, -7.95306948e-006, 0.279025158, 0.960283792, -6.94800642e-006, 9.57587231e-006, 4.45295148e-006, 1, 0, 0, 0, 0, 0, 0, 0, 0.29680249, -0.143661792, -0.196776855, -0.00102529421, 0.569883823, -0.82166952, -0.98828125, 0.124267578, 0.0874023438, 0.151933286, 0.812331166, 0.563205805, 0, 0, -0, 0, 0, 0, 0, 0.334956689, -0.100480566, -0.1528625, 0.0793791852, 0.194582548, -0.977620891, 0.602905273, -0.790405273, -0.108398437, -0.793780521, -0.580742343, -0.180080003, 0, 1, 5, 1, 
395.59767, 51, 0.1, 0.1, 0.0150240258, 0.369062199, -0.0199663733, 0.960283728, -0.279025375, 3.00960426e-005, 0.279025376, 0.960283729, -1.52355342e-005, -2.46496393e-005, 2.30279951e-005, 0.999999999, 0.960283739, -0.279025338, 3.2697236e-005, 0.279025339, 0.960283739, -1.96939396e-005, -2.59035159e-005, 2.80351273e-005, 0.999999999, 0, 0, 0, 0, 0, 0, 0, 0.29680249, -0.143661792, -0.196776855, -0.00102529421, 0.569883823, -0.82166952, -0.98828125, 0.124267578, 0.0874023438, 0.151933286, 0.812331166, 0.563205805, 0, 0, -0, 0, 0, 0, 0, 0.334956689, -0.100480566, -0.1528625, 0.0793791852, 0.194582548, -0.977620891, 0.602905273, -0.790405273, -0.108398437, -0.793780521, -0.580742343, -0.180080003, 0, 1, 5, 1, 
395.598464, 51, 0.1, 0.1, 0.0150240304, 0.369062195, -0.0199644284, 0.960283674, -0.279025564, -2.03368691e-005, 0.279025565, 0.960283674, 1.80554989e-005, 1.44912176e-005, -2.30129072e-005, 1, 0.960283684, -0.279025528, -3.61534834e-005, 0.279025529, 0.960283684, 2.71223534e-005, 2.71497712e-005, -3.61328983e-005, 0.999999999, 0, 0, 0, 0, 0, 0, 0, 0.29680249, -0.143661792, -0.196776855, -0.00102529421, 0.569883823, -0.82166952, -0.98828125, 0.124267578, 0.0874023438, 0.151933286, 0.812331166, 0.563205805, 0, 0, -0, 0, 0, 0, 0, 0.334956689, -0.100480566, -0.1528625, 0.0793791852, 0.194582548, -0.977620891, 0.602905273, -0.790405273, -0.108398437, -0.793780521, -0.580742343, -0.180080003, 0, 1, 5, 1, 
395.599264, 51, 0.1, 0.1, 0.0150240289, 0.369062196, -0.0199628128, 0.960283628, -0.27902572, -3.14945276e-005, 0.27902572, 0.960283628, 1.69872859e-005, 2.55037895e-005, -2.51003958e-005, 0.999999999, 0.960283636, -0.279025696, 3.4077943e-006, 0.279025696, 0.960283636, -3.65990816e-007, -3.17032826e-006, 1.30231717e-006, 1, 0, 0, 0, 0, 0, 0, 0, 0.29680249, -0.143661792, -0.196776855, -0.00102529421, 0.569883823, -0.82166952, -0.98828125, 0.124267578, 0.0874023438, 0.151933286, 0.812331166, 0.563205805, 0, 0, -0, 0, 0, 0, 0, 0.334956689, -0.100480566, -0.1528625, 0.0793791852, 0.194582548, -0.977620891, 0.602905273, -0.790405273, -0.108398437, -0.793780521, -0.580742343, -0.180080003, 0, 1, 5, 1, 
395.600093, 51, 0.1, 0.1, 0.015024034, 0.369062194, -0.0199616839, 0.960283593, -0.279025844, 2.28161361e-005, 0.279025844, 0.960283593, -1.14808019e-005, -1.87065207e-005, 1.73911173e-005, 1, 0.960283599, -0.279025822, 5.72907434e-006, 0.279025822, 0.960283599, -3.11013068e-006, -4.63372936e-006, 4.58516716e-006, 1, 0, 0, 0, 0, 0, 0, 0, 0.297313916, -0.145935596, -0.195471216, 0.000168397237, 0.569058947, -0.822285461, -0.98815918, 0.126098633, 0.0870361328, 0.153227327, 0.812585405, 0.562438217, 0, 0, -0, 0, 0, 0, 0, 0.334956543, -0.100271729, -0.152821729, 0.0755457399, 0.195240229, -0.977741926, 0.60534668, -0.788085938, -0.110595703, -0.792342291, -0.583496301, -0.177760613, 0, 1, 5, 1, 
395.600894, 51, 0.1, 0.1, 0.0150240382, 0.369062191, -0.0199617867, 0.960283559, -0.279025956, -4.37725939e-005, 0.279025957, 0.96028356, 2.39499464e-005, 3.53514456e-005, -3.52124297e-005, 0.999999999, 0.960283566, -0.279025932, -4.55555009e-005, 0.279025934, 0.960283566, 2.62820518e-005, 3.64128249e-005, -3.79493886e-005, 0.999999999, 0, 0, 0, 0, 0, 0, 0, 0.297313916, -0.145935596, -0.195471216, 0.000168397237, 0.569058947, -0.822285461, -0.98815918, 0.126098633, 0.0870361328, 0.153227327, 0.812585405, 0.562438217, 0, 0, -0, 0, 0, 0, 0, 0.334956543, -0.100271729, -0.152821729, 0.0755457399, 0.195240229, -0.977741926, 0.60534668, -0.788085938, -0.110595703, -0.792342291, -0.583496301, -0.177760613, 0, 1, 5, 1, 
395.601695, 51, 0.1, 0.1, 0.0150240355, 0.369062193, -0.0199629538, 0.960283527, -0.279026071, 1.29931768e-005, 0.279026071, 0.960283527, -6.72107374e-006, -1.06017788e-005, 1.00795715e-005, 1, 0.960283533, -0.279026047, 2.95071769e-005, 0.279026048, 0.960283533, -1.59563342e-005, -2.38830232e-005, 2.35558759e-005, 0.999999999, 0, 0, 0, 0, 0, 0, 0, 0.297313916, -0.145935596, -0.195471216, 0.000168397237, 0.569058947, -0.822285461, -0.98815918, 0.126098633, 0.0870361328, 0.153227327, 0.812585405, 0.562438217, 0, 0, -0, 0, 0, 0, 0, 0.334956543, -0.100271729, -0.152821729, 0.0755457399, 0.195240229, -0.977741926, 0.60534668, -0.788085938, -0.110595703, -0.792342291, -0.583496301, -0.177760613, 0, 1, 5, 1, 
395.602488, 51, 0.1, 0.1, 0.0150240391, 0.369062192, -0.0199647278, 0.960283496, -0.279026178, 1.88449004e-005, 0.279026178, 0.960283496, -1.0774248e-005, -1.50901496e-005, 1.56045531e-005, 1, 0.960283502, -0.279026157, -1.36837234e-005, 0.279026157, 0.960283502, 7.22307401e-006, 1.11248272e-005, -1.07543156e-005, 1, 0, 0, 0, 0, 0, 0, 0, 0.297313916, -0.145935596, -0.195471216, 0.000168397237, 0.569058947, -0.822285461, -0.98815918, 0.126098633, 0.0870361328, 0.153227327, 0.812585405, 0.562438217, 0, 0, -0, 0, 0, 0, 0, 0.334956543, -0.100271729, -0.152821729, 0.0755457399, 0.195240229, -0.977741926, 0.60534668, -0.788085938, -0.110595703, -0.792342291, -0.583496301, -0.177760613, 0, 1, 5, 1, 
395.603301, 51, 0.1, 0.1, 0.0150240357, 0.369062194, -0.0199663168, 0.960283465, -0.279026284, -2.12043522e-005, 0.279026284, 0.960283465, 1.20060446e-005, 1.70121868e-005, -1.74457777e-005, 1, 0.960283471, -0.279026264, -7.11306783e-006, 0.279026264, 0.960283471, 4.62439245e-006, 5.54023452e-006, -6.42546037e-006, 1, 0, 0, 0, 0, 0, 0, 0, 0.297313916, -0.145935596, -0.195471216, 0.000168397237, 0.569058947, -0.822285461, -0.98815918, 0.126098633, 0.0870361328, 0.153227327, 0.812585405, 0.562438217, 0, 0, -0, 0, 0, 0, 0, 0.334956543, -0.100271729, -0.152821729, 0.0755457399, 0.195240229, -0.977741926, 0.60534668, -0.788085938, -0.110595703, -0.792342291, -0.583496301, -0.177760613, 0, 1, 5, 1, 
395.604104, 51, 0.1, 0.1, 0.015024032, 0.369062197, -0.0199673315, 0.960283434, -0.279026388, 3.89600283e-005, 0.279026388, 0.960283434, -2.11614104e-005, -3.15080779e-005, 3.11918279e-005, 0.999999999, 0.96028344, -0.279026366, 3.98730291e-005, 0.279026367, 0.96028344, -2.26461575e-005, -3.19705345e-005, 3.28723565e-005, 0.999999999, 0, 0, 0, 0, 0, 0, 0, 0.297313916, -0.145935596, -0.195471216, 0.000168397237, 0.569058947, -0.822285461, -0.98815918, 0.126098633, 0.0870361328, 0.153227327, 0.812585405, 0.562438217, 0, 0, -0, 0, 0, 0, 0, 0.334956543, -0.100271729, -0.152821729, 0.0755457399, 0.195240229, -0.977741926, 0.60534668, -0.788085938, -0.110595703, -0.792342291, -0.583496301, -0.177760613, 0, 1, 5, 1, 
395.604933, 51, 0.1, 0.1, 0.0150240343, 0.369062196, -0.0199671376, 0.960283404, -0.279026492, -9.39873255e-006, 0.279026492, 0.960283404, 4.90196433e-006, 7.65766897e-006, -7.32977037e-006, 1, 0.96028341, -0.279026473, -2.47837233e-005, 0.279026473, 0.96028341, 1.3692589e-005, 1.99788035e-005, -2.0064081e-005, 1, 0, 0, 0, 0, 0, 0, 0, 0.297211499, -0.146839429, -0.194137134, -0.00186215297, 0.568836908, -0.822361845, -0.988037109, 0.125366211, 0.0889892578, 0.153672527, 0.812744165, 0.561955947, 0, 0, -0, 0, 0, 0, 0, 0.334925879, -0.101431396, -0.152560645, 0.0717567707, 0.194831181, -0.978207843, 0.60559082, -0.787719727, -0.112426758, -0.792495043, -0.584275749, -0.17449553, 0, 1, 5, 1, 
