time, trialNum, realDorsalTactorPos, realVentralTactorPos, boxPosX, boxPosY, boxPosZ, boxLocalRot_11, boxLocalRot_12, boxLocalRot_13, boxLocalRot_21, boxLocalRot_22, boxLocalRot_23, boxLocalRot_31, boxLocalRot_32, boxLocalRot_33, boxGlobalRot_11, boxGlobalRot_12, boxGlobalRot_13, boxGlobalRot_21, boxGlobalRot_22, boxGlobalRot_23, boxGlobalRot_31, boxGlobalRot_32, boxGlobalRot_33, indexForceX, indexForceY, indexForceZ, indexForceGlobalX, indexForceGlobalY, indexForceGlobalZ, indexContact, indexPosX, indexPosY, indexPosZ, indexRot_11, indexRot_12, indexRot_13, indexRot_21, indexRot_22, indexRot_23, indexRot_31, indexRot_32, indexRot_33, thumbForceX, thumbForceY, thumbForceZ, thumbForceGlobalX, thumbForceGlobalY, thumbForceGlobalZ, thumbContact, thumbPosX, thumbPosY, thumbPosZ, thumbRot_11, thumbRot_12, thumbRot_13, thumbRot_21, thumbRot_22, thumbRot_23, thumbRot_31, thumbRot_32, thumbRot_33, manipForceTooHigh, cceExpType, mapping, trialSuccess, 
349.505492, 45, 0.1, 0.1, -0.00182556718, 0.372182574, -0.0199604296, 0.759006294, -0.651083286, -6.18412274e-006, 0.651083286, 0.759006294, -1.77805421e-005, 1.62704019e-005, 9.46916441e-006, 1, 0.759006807, -0.651082688, -1.58470662e-005, 0.651082689, 0.759006807, 3.39218645e-006, 9.81943726e-006, -1.28924431e-005, 1, 0, 0, 0, 0, 0, 0, 0, 0.33635481, -0.180703003, -0.172383765, -0.442627464, 0.304539576, -0.843350088, -0.862548828, 0.112060547, 0.493164063, 0.244740706, 0.945815597, 0.213290329, 0, 0, -0, 0, 0, 0, 0, 0.382165381, -0.120991895, -0.149764014, -0.117527208, 0.226411917, -0.966888605, 0.673950195, -0.696777344, -0.245117187, -0.729292776, -0.680378075, -0.0708156672, 0, 1, 5, 1, 
349.542933, 45, 0.1, 0.1, -0.00182558349, 0.372182594, -0.0199651676, 0.758947533, -0.651151781, -7.58670616e-006, 0.651151781, 0.758947533, -2.0663796e-005, 1.92131795e-005, 1.07426397e-005, 1, 0.75894797, -0.651151272, -1.62728746e-005, 0.651151272, 0.75894797, -1.81442096e-006, 1.35317276e-005, -9.21905186e-006, 1, 0, 0, 0, 0, 0, 0, 0, 0.343521826, -0.186229297, -0.171136523, -0.471172344, 0.340982017, -0.813421322, -0.854492187, 0.0516357422, 0.516723633, 0.218240196, 0.93868417, 0.267256247, 0, 0, -0, 0, 0, 0, 0, 0.389651709, -0.127029102, -0.143619727, -0.142128687, 0.261805379, -0.954515137, 0.697875977, -0.657348633, -0.284179687, -0.701929274, -0.706484551, -0.0892767397, 0, 1, 5, 1, 
349.543808, 45, 0.1, 0.1, -0.00182558324, 0.372182595, -0.019963693, 0.758945107, -0.651154609, -1.69334206e-005, 0.651154609, 0.758945107, -5.73086658e-006, 1.65832169e-005, -6.67686172e-006, 1, 0.758945563, -0.651154077, -7.19952414e-006, 0.651154077, 0.758945563, 1.40971922e-005, -3.71539728e-006, -1.5387001e-005, 1, 0, 0, 0, 0, 0, 0, 0, 0.343521826, -0.186229297, -0.171136523, -0.471172344, 0.340982017, -0.813421322, -0.854492187, 0.0516357422, 0.516723633, 0.218240196, 0.93868417, 0.267256247, 0, 0, -0, 0, 0, 0, 0, 0.389651709, -0.127029102, -0.143619727, -0.142128687, 0.261805379, -0.954515137, 0.697875977, -0.657348633, -0.284179687, -0.701929274, -0.706484551, -0.0892767397, 0, 1, 5, 1, 
349.544632, 45, 0.1, 0.1, -0.00182558422, 0.372182596, -0.0199620232, 0.758942773, -0.651157329, -1.76782546e-006, 0.651157329, 0.758942773, 1.66896919e-005, -9.52593681e-006, -1.38176535e-005, 1, 0.758943221, -0.651156807, 7.64124275e-006, 0.651156807, 0.758943221, 1.67335728e-005, -1.66954492e-005, -7.7241844e-006, 1, 0, 0, 0, 0, 0, 0, 0, 0.343521826, -0.186229297, -0.171136523, -0.471172344, 0.340982017, -0.813421322, -0.854492187, 0.0516357422, 0.516723633, 0.218240196, 0.93868417, 0.267256247, 0, 0, -0, 0, 0, 0, 0, 0.389651709, -0.127029102, -0.143619727, -0.142128687, 0.261805379, -0.954515137, 0.697875977, -0.657348633, -0.284179687, -0.701929274, -0.706484551, -0.0892767397, 0, 1, 5, 1, 
349.545423, 45, 0.1, 0.1, -0.00182558528, 0.372182598, -0.0199614858, 0.758940508, -0.651159969, 1.04712726e-005, 0.651159968, 0.758940508, 1.86768107e-005, -2.01086644e-005, -7.35611466e-006, 1, 0.758940963, -0.651159438, 1.89803553e-005, 0.651159438, 0.758940963, -1.21873134e-006, -1.36113808e-005, 1.32841827e-005, 1, 0, 0, 0, 0, 0, 0, 0, 0.343521826, -0.186229297, -0.171136523, -0.471172344, 0.340982017, -0.813421322, -0.854492187, 0.0516357422, 0.516723633, 0.218240196, 0.93868417, 0.267256247, 0, 0, -0, 0, 0, 0, 0, 0.389651709, -0.127029102, -0.143619727, -0.142128687, 0.261805379, -0.954515137, 0.697875977, -0.657348633, -0.284179687, -0.701929274, -0.706484551, -0.0892767397, 0, 1, 5, 1, 
349.546244, 45, 0.1, 0.1, -0.00182558626, 0.372182599, -0.0199621757, 0.758938133, -0.651162737, 2.0518632e-005, 0.651162737, 0.758938133, 1.82470319e-006, -1.6760551e-005, 1.19761318e-005, 1, 0.758938629, -0.651162159, 9.16318858e-006, 0.651162159, 0.758938629, -1.90339565e-005, 5.43989441e-006, 2.04123265e-005, 1, 0, 0, 0, 0, 0, 0, 0, 0.344242188, -0.186539429, -0.170521704, -0.474403699, 0.34369778, -0.810385797, -0.853393555, 0.0460205078, 0.519042969, 0.215785786, 0.93788326, 0.271595553, 0, 0, -0, 0, 0, 0, 0, 0.389651709, -0.127029102, -0.143619727, -0.148268763, 0.265383261, -0.952662031, 0.697753906, -0.654418945, -0.290893555, -0.700733482, -0.707826898, -0.0882227713, 0, 1, 5, 1, 
349.547038, 45, 0.1, 0.1, -0.00182558679, 0.372182599, -0.0199635873, 0.758935804, -0.651165452, 7.63196346e-006, 0.651165452, 0.758935804, -1.75146473e-005, 5.61276287e-006, 1.82621638e-005, 1, 0.758936267, -0.651164912, -9.50105807e-007, 0.651164912, 0.758936267, -1.72484726e-005, 1.19526699e-005, 1.24718159e-005, 1, 0, 0, 0, 0, 0, 0, 0, 0.344242188, -0.186539429, -0.170521704, -0.474403699, 0.34369778, -0.810385797, -0.853393555, 0.0460205078, 0.519042969, 0.215785786, 0.93788326, 0.271595553, 0, 0, -0, 0, 0, 0, 0, 0.389493848, -0.127713574, -0.144144678, -0.148268763, 0.265383261, -0.952662031, 0.697753906, -0.654418945, -0.290893555, -0.700733482, -0.707826898, -0.0882227713, 0, 1, 5, 1, 
349.547826, 45, 0.1, 0.1, -0.00182558701, 0.372182599, -0.0199654497, 0.758933502, -0.651168135, -5.93230866e-006, 0.651168135, 0.758933502, -1.75007142e-005, 1.58981352e-005, 9.41894791e-006, 1, 0.758933961, -0.6511676, -1.26992142e-005, 0.6511676, 0.758933961, 2.75789699e-007, 9.45827964e-006, -8.47862303e-006, 1, 0, 0, 0, 0, 0, 0, 0, 0.344242188, -0.186539429, -0.170521704, -0.474403699, 0.34369778, -0.810385797, -0.853393555, 0.0460205078, 0.519042969, 0.215785786, 0.93788326, 0.271595553, 0, 0, -0, 0, 0, 0, 0, 0.389493848, -0.127713574, -0.144144678, -0.148268763, 0.265383261, -0.952662031, 0.697753906, -0.654418945, -0.290893555, -0.700733482, -0.707826898, -0.0882227713, 0, 1, 5, 1, 
349.548644, 45, 0.1, 0.1, -0.0018255865, 0.372182599, -0.019967135, 0.758931126, -0.651170903, -1.78475704e-005, 0.651170903, 0.758931126, -1.88590936e-006, 1.4773126e-005, -1.01905432e-005, 1, 0.75893162, -0.651170328, -7.34107924e-006, 0.651170328, 0.75893162, 1.58897867e-005, -4.77558044e-006, -1.68395545e-005, 1, 0, 0, 0, 0, 0, 0, 0, 0.344791431, -0.187500977, -0.169706714, -0.47665741, 0.346775245, -0.807813445, -0.852539062, 0.0412597656, 0.520874023, 0.214041675, 0.937025062, 0.27613181, 0, 0, -0, 0, 0, 0, 0, 0.389493848, -0.127713574, -0.144144678, -0.156395374, 0.268724171, -0.950336077, 0.700805664, -0.647705078, -0.298461914, -0.695818715, -0.712753691, -0.0869963621, 0, 1, 5, 1, 
349.549458, 45, 0.1, 0.1, -0.00182558576, 0.3721826, -0.0199677674, 0.758928785, -0.651173632, -8.80244006e-006, 0.651173632, 0.758928785, 1.58106614e-005, -3.61506067e-006, -1.77310829e-005, 1, 0.758929285, -0.65117305, -4.69025101e-007, 0.65117305, 0.758929285, 1.55967031e-005, -9.80019583e-006, -1.21422112e-005, 1, 0, 0, 0, 0, 0, 0, 0, 0.344791431, -0.187500977, -0.169706714, -0.47665741, 0.346775245, -0.807813445, -0.852539062, 0.0412597656, 0.520874023, 0.214041675, 0.937025062, 0.27613181, 0, 0, -0, 0, 0, 0, 0, 0.38995249, -0.126703174, -0.144857959, -0.156395374, 0.268724171, -0.950336077, 0.700805664, -0.647705078, -0.298461914, -0.695818715, -0.712753691, -0.0869963621, 0, 1, 5, 1, 
349.550252, 45, 0.1, 0.1, -0.00182558525, 0.372182601, -0.0199672832, 0.758926514, -0.651176278, 3.91023662e-006, 0.651176278, 0.758926514, 1.79368406e-005, -1.46476274e-005, -1.10664906e-005, 1, 0.758926969, -0.651175748, 1.05248487e-005, 0.651175748, 0.75892697, 6.64513837e-007, -8.42030682e-006, 6.34920875e-006, 1, 0, 0, 0, 0, 0, 0, 0, 0.344791431, -0.187500977, -0.169706714, -0.47665741, 0.346775245, -0.807813445, -0.852539062, 0.0412597656, 0.520874023, 0.214041675, 0.937025062, 0.27613181, 0, 0, -0, 0, 0, 0, 0, 0.38995249, -0.126703174, -0.144857959, -0.156395374, 0.268724171, -0.950336077, 0.700805664, -0.647705078, -0.298461914, -0.695818715, -0.712753691, -0.0869963621, 0, 1, 5, 1, 
349.551044, 45, 0.1, 0.1, -0.00182558539, 0.372182602, -0.0199662201, 0.758924277, -0.651178886, 1.59016646e-005, 0.651178886, 0.758924277, 1.99642314e-006, -1.33681879e-005, 8.83969423e-006, 1, 0.75892472, -0.65117837, 5.78888882e-006, 0.65117837, 0.75892472, -1.5118568e-005, 5.45155366e-006, 1.52434542e-005, 1, 0, 0, 0, 0, 0, 0, 0, 0.344791431, -0.187500977, -0.169706714, -0.47665741, 0.346775245, -0.807813445, -0.852539062, 0.0412597656, 0.520874023, 0.214041675, 0.937025062, 0.27613181, 0, 0, -0, 0, 0, 0, 0, 0.38995249, -0.126703174, -0.144857959, -0.156395374, 0.268724171, -0.950336077, 0.700805664, -0.647705078, -0.298461914, -0.695818715, -0.712753691, -0.0869963621, 0, 1, 5, 1, 
349.551842, 45, 0.1, 0.1, -0.00182558569, 0.372182602, -0.0199648527, 0.758922016, -0.651181521, 7.91816845e-006, 0.651181521, 0.758922016, -1.6253897e-005, 4.57496504e-006, 1.74916053e-005, 1, 0.758922458, -0.651181007, -1.17019573e-006, 0.651181006, 0.758922458, -1.60545143e-005, 1.13424826e-005, 1.14221223e-005, 1, 0, 0, 0, 0, 0, 0, 0, 0.344791431, -0.187500977, -0.169706714, -0.47665741, 0.346775245, -0.807813445, -0.852539062, 0.0412597656, 0.520874023, 0.214041675, 0.937025062, 0.27613181, 0, 0, -0, 0, 0, 0, 0, 0.38995249, -0.126703174, -0.144857959, -0.156395374, 0.268724171, -0.950336077, 0.700805664, -0.647705078, -0.298461914, -0.695818715, -0.712753691, -0.0869963621, 0, 1, 5, 1, 
349.552637, 45, 0.1, 0.1, -0.0018255863, 0.372182601, -0.0199637713, 0.758919762, -0.651184148, -3.04530922e-006, 0.651184148, 0.758919762, -1.96174993e-005, 1.50857499e-005, 1.29050508e-005, 1, 0.75892021, -0.651183626, -1.10520483e-005, 0.651183626, 0.75892021, -6.45022872e-007, 8.80765113e-006, -6.70739197e-006, 1, 0, 0, 0, 0, 0, 0, 0, 0.344791431, -0.187500977, -0.169706714, -0.47665741, 0.346775245, -0.807813445, -0.852539062, 0.0412597656, 0.520874023, 0.214041675, 0.937025062, 0.27613181, 0, 0, -0, 0, 0, 0, 0, 0.38995249, -0.126703174, -0.144857959, -0.156395374, 0.268724171, -0.950336077, 0.700805664, -0.647705078, -0.298461914, -0.695818715, -0.712753691, -0.0869963621, 0, 1, 5, 1, 
349.553456, 45, 0.1, 0.1, -0.00182558677, 0.372182601, -0.0199631909, 0.758917432, -0.651186864, -1.49346272e-005, 0.651186864, 0.758917432, -4.09202051e-006, 1.39988189e-005, -6.61972734e-006, 1, 0.758917922, -0.651186293, -3.46496877e-006, 0.651186293, 0.758917921, 1.62107502e-005, -7.92659143e-006, -1.4558969e-005, 1, 0, 0, 0, 0, 0, 0, 0, 0.34584209, -0.188474731, -0.168479785, -0.477826014, 0.349611575, -0.805901219, -0.852416992, 0.0369873047, 0.521484375, 0.212125701, 0.936205055, 0.280401844, 0, 0, -0, 0, 0, 0, 0, 0.38995249, -0.126703174, -0.144857959, -0.162662681, 0.271905399, -0.948464014, 0.704223633, -0.641235352, -0.30456543, -0.691076757, -0.717329039, -0.0872905712, 0, 1, 5, 1, 
349.554247, 45, 0.1, 0.1, -0.00182558716, 0.372182603, -0.0199631525, 0.758915154, -0.651189519, -5.51917277e-006, 0.651189519, 0.758915154, 1.63772225e-005, -6.47609176e-006, -1.60229498e-005, 1, 0.758915613, -0.651188983, 4.31118847e-006, 0.651188983, 0.758915613, 1.59275735e-005, -1.36436887e-005, -9.28028579e-006, 1, 0, 0, 0, 0, 0, 0, 0, 0.34584209, -0.188474731, -0.168479785, -0.477826014, 0.349611575, -0.805901219, -0.852416992, 0.0369873047, 0.521484375, 0.212125701, 0.936205055, 0.280401844, 0, 0, -0, 0, 0, 0, 0, 0.390530518, -0.125472705, -0.144740283, -0.162662681, 0.271905399, -0.948464014, 0.704223633, -0.641235352, -0.30456543, -0.691076757, -0.717329039, -0.0872905712, 0, 1, 5, 1, 
349.555107, 45, 0.1, 0.1, -0.00182558731, 0.372182604, -0.0199634723, 0.75891266, -0.651192425, 4.96994123e-006, 0.651192424, 0.75891266, 2.52050539e-005, -2.01850915e-005, -1.58920465e-005, 1, 0.758913199, -0.651191797, 1.47480946e-005, 0.651191797, 0.758913199, 3.10006629e-006, -1.32112614e-005, 7.25115699e-006, 1, 0, 0, 0, 0, 0, 0, 0, 0.34584209, -0.188474731, -0.168479785, -0.477826014, 0.349611575, -0.805901219, -0.852416992, 0.0369873047, 0.521484375, 0.212125701, 0.936205055, 0.280401844, 0, 0, -0, 0, 0, 0, 0, 0.390530518, -0.125472705, -0.144740283, -0.162662681, 0.271905399, -0.948464014, 0.704223633, -0.641235352, -0.30456543, -0.691076757, -0.717329039, -0.0872905712, 0, 1, 5, 1, 
349.555892, 45, 0.1, 0.1, -0.00182558681, 0.372182603, -0.0199638185, 0.758910362, -0.651195103, 1.24151971e-005, 0.651195103, 0.758910362, 5.5905465e-006, -1.30625582e-005, 3.84199189e-006, 1, 0.758910815, -0.651194576, 2.41718728e-006, 0.651194576, 0.758910814, -1.18522517e-005, 5.88369243e-006, 1.05688612e-005, 1, 0, 0, 0, 0, 0, 0, 0, 0.34584209, -0.188474731, -0.168479785, -0.477826014, 0.349611575, -0.805901219, -0.852416992, 0.0369873047, 0.521484375, 0.212125701, 0.936205055, 0.280401844, 0, 0, -0, 0, 0, 0, 0, 0.390530518, -0.125472705, -0.144740283, -0.162662681, 0.271905399, -0.948464014, 0.704223633, -0.641235352, -0.30456543, -0.691076757, -0.717329039, -0.0872905712, 0, 1, 5, 1, 
349.556681, 45, 0.1, 0.1, -0.00182558597, 0.372182603, -0.0199647606, 0.758908049, -0.651197799, 2.44390582e-006, 0.651197799, 0.758908049, -1.53737779e-005, 8.15667054e-006, 1.32587499e-005, 1, 0.758908514, -0.651197257, -6.88142173e-006, 0.651197257, 0.758908514, -1.43914751e-005, 1.45940586e-005, 6.44065001e-006, 1, 0, 0, 0, 0, 0, 0, 0, 0.34584209, -0.188474731, -0.168479785, -0.477826014, 0.349611575, -0.805901219, -0.852416992, 0.0369873047, 0.521484375, 0.212125701, 0.936205055, 0.280401844, 0, 0, -0, 0, 0, 0, 0, 0.390530518, -0.125472705, -0.144740283, -0.162662681, 0.271905399, -0.948464014, 0.704223633, -0.641235352, -0.30456543, -0.691076757, -0.717329039, -0.0872905712, 0, 1, 5, 1, 
349.557568, 45, 0.1, 0.1, -0.00182558555, 0.372182603, -0.0199656973, 0.758905601, -0.651200651, -5.77789064e-006, 0.651200651, 0.758905601, -2.48543411e-005, 2.05700367e-005, 1.50995325e-005, 1, 0.758906141, -0.651200022, -1.50059602e-005, 0.651200022, 0.758906141, -3.78768886e-006, 1.38546584e-005, -6.89738127e-006, 1, 0, 0, 0, 0, 0, 0, 0, 0.34584209, -0.188474731, -0.168479785, -0.477826014, 0.349611575, -0.805901219, -0.852416992, 0.0369873047, 0.521484375, 0.212125701, 0.936205055, 0.280401844, 0, 0, -0, 0, 0, 0, 0, 0.390530518, -0.125472705, -0.144740283, -0.162662681, 0.271905399, -0.948464014, 0.704223633, -0.641235352, -0.30456543, -0.691076757, -0.717329039, -0.0872905712, 0, 1, 5, 1, 
349.558416, 45, 0.1, 0.1, -0.00182558664, 0.372182605, -0.0199646174, 0.758902961, -0.651203728, -1.19299412e-005, 0.651203728, 0.758902961, -5.04972621e-006, 1.23420682e-005, -3.93657003e-006, 1, 0.758903419, -0.651203195, -1.97205394e-006, 0.651203195, 0.758903419, 1.26012168e-005, -6.70935419e-006, -1.08473144e-005, 1, 0, 0, 0, 0, 0, 0, 0, 0.346616772, -0.188978931, -0.167428125, -0.479947174, 0.352911079, -0.803137907, -0.851928711, 0.0305175781, 0.522583008, 0.208877494, 0.935188097, 0.286143775, 0, 0, -0, 0, 0, 0, 0, 0.390640088, -0.124891699, -0.144820703, -0.168949311, 0.27511871, -0.946412947, 0.706420898, -0.635742188, -0.310913086, -0.687318771, -0.721041816, -0.0869522526, 0, 1, 5, 1, 
349.559201, 45, 0.1, 0.1, -0.00182558756, 0.372182606, -0.0199638158, 0.758900645, -0.651206427, -2.9476086e-006, 0.651206427, 0.758900645, 1.51904684e-005, -7.65518861e-006, -1.3447558e-005, 1, 0.758901108, -0.651205887, 6.73128676e-006, 0.651205887, 0.758901108, 1.46513828e-005, -1.46494477e-005, -6.73549709e-006, 1, 0, 0, 0, 0, 0, 0, 0, 0.346616772, -0.188978931, -0.167428125, -0.479947174, 0.352911079, -0.803137907, -0.851928711, 0.0305175781, 0.522583008, 0.208877494, 0.935188097, 0.286143775, 0, 0, -0, 0, 0, 0, 0, 0.390640088, -0.124891699, -0.144820703, -0.168949311, 0.27511871, -0.946412947, 0.706420898, -0.635742188, -0.310913086, -0.687318771, -0.721041816, -0.0869522526, 0, 1, 5, 1, 
349.559986, 45, 0.1, 0.1, -0.00182558779, 0.372182607, -0.0199636855, 0.758898332, -0.651209123, 5.61788493e-006, 0.651209122, 0.758898332, 1.88646886e-005, -1.65482608e-005, -1.06579628e-005, 1, 0.758898793, -0.651208585, 1.39812352e-005, 0.651208585, 0.758898793, -2.06245129e-007, -1.04760339e-005, 9.2612196e-006, 1, 0, 0, 0, 0, 0, 0, 0, 0.346616772, -0.188978931, -0.167428125, -0.479947174, 0.352911079, -0.803137907, -0.851928711, 0.0305175781, 0.522583008, 0.208877494, 0.935188097, 0.286143775, 0, 0, -0, 0, 0, 0, 0, 0.390640088, -0.124891699, -0.144820703, -0.168949311, 0.27511871, -0.946412947, 0.706420898, -0.635742188, -0.310913086, -0.687318771, -0.721041816, -0.0869522526, 0, 1, 5, 1, 
349.560774, 45, 0.1, 0.1, -0.00182558735, 0.372182608, -0.0199641948, 0.758896015, -0.651211823, 1.24594237e-005, 0.651211823, 0.758896015, 2.09617496e-006, -1.08204609e-005, 6.52294519e-006, 1, 0.758896472, -0.651211291, 2.63251065e-006, 0.651211291, 0.758896472, -1.59248593e-005, 8.37264514e-006, 1.37996402e-005, 1, 0, 0, 0, 0, 0, 0, 0, 0.346616772, -0.188978931, -0.167428125, -0.479947174, 0.352911079, -0.803137907, -0.851928711, 0.0305175781, 0.522583008, 0.208877494, 0.935188097, 0.286143775, 0, 0, -0, 0, 0, 0, 0, 0.390640088, -0.124891699, -0.144820703, -0.168949311, 0.27511871, -0.946412947, 0.706420898, -0.635742188, -0.310913086, -0.687318771, -0.721041816, -0.0869522526, 0, 1, 5, 1, 
349.561561, 45, 0.1, 0.1, -0.00182558644, 0.372182608, -0.0199651494, 0.7588937, -0.65121452, 1.92815439e-006, 0.65121452, 0.7588937, -1.54107077e-005, 8.57241237e-006, 1.29507311e-005, 1, 0.758894158, -0.651213987, -7.08863543e-006, 0.651213987, 0.758894158, -1.51398254e-005, 1.52387901e-005, 6.87330651e-006, 1, 0, 0, 0, 0, 0, 0, 0, 0.346616772, -0.188978931, -0.167428125, -0.479947174, 0.352911079, -0.803137907, -0.851928711, 0.0305175781, 0.522583008, 0.208877494, 0.935188097, 0.286143775, 0, 0, -0, 0, 0, 0, 0, 0.390640088, -0.124891699, -0.144820703, -0.168949311, 0.27511871, -0.946412947, 0.706420898, -0.635742188, -0.310913086, -0.687318771, -0.721041816, -0.0869522526, 0, 1, 5, 1, 
349.562345, 45, 0.1, 0.1, -0.00182558605, 0.372182607, -0.0199662132, 0.75889141, -0.651217189, -6.53191284e-006, 0.651217189, 0.75889141, -1.65597885e-005, 1.57410315e-005, 8.31338736e-006, 1, 0.758891865, -0.651216659, -1.4161433e-005, 0.651216659, 0.758891865, 7.97883499e-007, 1.02274013e-005, -9.8276684e-006, 1, 0, 0, 0, 0, 0, 0, 0, 0.346616772, -0.188978931, -0.167428125, -0.479947174, 0.352911079, -0.803137907, -0.851928711, 0.0305175781, 0.522583008, 0.208877494, 0.935188097, 0.286143775, 0, 0, -0, 0, 0, 0, 0, 0.390640088, -0.124891699, -0.144820703, -0.168949311, 0.27511871, -0.946412947, 0.706420898, -0.635742188, -0.310913086, -0.687318771, -0.721041816, -0.0869522526, 0, 1, 5, 1, 
349.56316, 45, 0.1, 0.1, -0.00182558597, 0.372182607, -0.0199668438, 0.758889051, -0.651219939, -1.45226899e-005, 0.651219939, 0.758889051, -2.68025602e-007, 1.11956539e-005, -9.25406351e-006, 1, 0.758889502, -0.651219413, -5.49140211e-006, 0.651219413, 0.758889502, 1.67564792e-005, -6.74477713e-006, -1.62924238e-005, 1, 0, 0, 0, 0, 0, 0, 0, 0.347958398, -0.188637646, -0.166562476, -0.483935256, 0.355265139, -0.799676279, -0.851196289, 0.0209960937, 0.524414063, 0.203205955, 0.934444475, 0.292393064, 0, 0, -0, 0, 0, 0, 0, 0.390755273, -0.125607666, -0.144902588, -0.174360977, 0.278198226, -0.94453432, 0.706298828, -0.63293457, -0.316894531, -0.686046419, -0.722313801, -0.0861410874, 0, 1, 5, 1, 
349.563942, 45, 0.1, 0.1, -0.00182558631, 0.372182607, -0.0199668375, 0.758886793, -0.65122257, -4.04378602e-006, 0.65122257, 0.758886792, 1.50643077e-005, -6.74144139e-006, -1.40655089e-005, 1, 0.75888724, -0.651222048, 4.33266779e-006, 0.651222048, 0.75888724, 1.51430033e-005, -1.31494639e-005, -8.67030318e-006, 1, 0, 0, 0, 0, 0, 0, 0, 0.347958398, -0.188637646, -0.166562476, -0.483935256, 0.355265139, -0.799676279, -0.851196289, 0.0209960937, 0.524414063, 0.203205955, 0.934444475, 0.292393064, 0, 0, -0, 0, 0, 0, 0, 0.390755273, -0.125607666, -0.144902588, -0.174360977, 0.278198226, -0.94453432, 0.706298828, -0.63293457, -0.316894531, -0.686046419, -0.722313801, -0.0861410874, 0, 1, 5, 1, 
349.564729, 45, 0.1, 0.1, -0.00182558652, 0.372182609, -0.0199664515, 0.758884545, -0.651225189, 5.74591042e-006, 0.651225189, 0.758884545, 1.62648991e-005, -1.49525946e-005, -8.60129895e-006, 1, 0.758884992, -0.651224669, 1.31522135e-005, 0.651224669, 0.758884992, -1.271526e-006, -9.15296834e-006, 9.52998788e-006, 1, 0, 0, 0, 0, 0, 0, 0, 0.347958398, -0.188637646, -0.166562476, -0.483935256, 0.355265139, -0.799676279, -0.851196289, 0.0209960937, 0.524414063, 0.203205955, 0.934444475, 0.292393064, 0, 0, -0, 0, 0, 0, 0, 0.390755273, -0.125607666, -0.144902588, -0.174360977, 0.278198226, -0.94453432, 0.706298828, -0.63293457, -0.316894531, -0.686046419, -0.722313801, -0.0861410874, 0, 1, 5, 1, 
349.565549, 45, 0.1, 0.1, -0.00182558679, 0.37218261, -0.0199655527, 0.758882213, -0.651227907, 1.6285467e-005, 0.651227907, 0.758882213, 7.52237401e-007, -1.28486292e-005, 1.0034691e-005, 1, 0.758882655, -0.651227391, 6.72151794e-006, 0.651227391, 0.758882655, -1.72438793e-005, 6.12884313e-006, 1.74633175e-005, 1, 0, 0, 0, 0, 0, 0, 0, 0.349460278, -0.188318091, -0.166568066, -0.489123021, 0.357175122, -0.795770572, -0.849609375, 0.0108642578, 0.527099609, 0.196982876, 0.934018372, 0.298324833, 0, 0, -0, 0, 0, 0, 0, 0.391647266, -0.126878027, -0.142890723, -0.17490382, 0.279699521, -0.944004238, 0.707763672, -0.630737305, -0.317993164, -0.684385076, -0.723751664, -0.0876810287, 0, 1, 5, 1, 
349.566343, 45, 0.1, 0.1, -0.00182558687, 0.37218261, -0.0199645113, 0.758879947, -0.651230548, 6.74153967e-006, 0.651230548, 0.758879947, -1.60269152e-005, 5.32119752e-006, 1.65528011e-005, 1, 0.758880397, -0.651230023, -2.45610065e-006, 0.651230023, 0.758880397, -1.64136255e-005, 1.25529323e-005, 1.08564921e-005, 1, 0, 0, 0, 0, 0, 0, 0, 0.349460278, -0.188318091, -0.166568066, -0.489123021, 0.357175122, -0.795770572, -0.849609375, 0.0108642578, 0.527099609, 0.196982876, 0.934018372, 0.298324833, 0, 0, -0, 0, 0, 0, 0, 0.391647266, -0.126878027, -0.142890723, -0.17490382, 0.279699521, -0.944004238, 0.707763672, -0.630737305, -0.317993164, -0.684385076, -0.723751664, -0.0876810287, 0, 1, 5, 1, 
349.567129, 45, 0.1, 0.1, -0.00182558723, 0.372182609, -0.0199638793, 0.758877703, -0.651233163, -3.84653264e-006, 0.651233163, 0.758877702, -1.70292929e-005, 1.40090881e-005, 1.0418161e-005, 1, 0.758878155, -0.651232636, -1.17827377e-005, 0.651232636, 0.758878155, 1.79110544e-006, 7.77523591e-006, -9.0325341e-006, 1, 0, 0, 0, 0, 0, 0, 0, 0.349460278, -0.188318091, -0.166568066, -0.489123021, 0.357175122, -0.795770572, -0.849609375, 0.0108642578, 0.527099609, 0.196982876, 0.934018372, 0.298324833, 0, 0, -0, 0, 0, 0, 0, 0.391647266, -0.126878027, -0.142890723, -0.17490382, 0.279699521, -0.944004238, 0.707763672, -0.630737305, -0.317993164, -0.684385076, -0.723751664, -0.0876810287, 0, 1, 5, 1, 
349.567913, 45, 0.1, 0.1, -0.00182558771, 0.372182609, -0.0199638759, 0.758875455, -0.651235782, -1.34822707e-005, 0.651235782, 0.758875455, -6.6071701e-007, 1.06616469e-005, -8.27873519e-006, 1, 0.758875897, -0.651235266, -3.21155142e-006, 0.651235266, 0.758875897, 1.76865757e-005, -9.08095285e-006, -1.55133915e-005, 1, 0, 0, 0, 0, 0, 0, 0, 0.349460278, -0.188318091, -0.166568066, -0.489123021, 0.357175122, -0.795770572, -0.849609375, 0.0108642578, 0.527099609, 0.196982876, 0.934018372, 0.298324833, 0, 0, -0, 0, 0, 0, 0, 0.391647266, -0.126878027, -0.142890723, -0.17490382, 0.279699521, -0.944004238, 0.707763672, -0.630737305, -0.317993164, -0.684385076, -0.723751664, -0.0876810287, 0, 1, 5, 1, 
349.5687, 45, 0.1, 0.1, -0.00182558823, 0.37218261, -0.0199644576, 0.758873188, -0.651238424, -4.55682108e-006, 0.651238424, 0.758873188, 1.56275272e-005, -6.71919683e-006, -1.48268883e-005, 1, 0.758873638, -0.651237899, 4.93025848e-006, 0.651237899, 0.758873638, 1.56157798e-005, -1.39110308e-005, -8.63963248e-006, 1, 0, 0, 0, 0, 0, 0, 0, 0.349460278, -0.188318091, -0.166568066, -0.489123021, 0.357175122, -0.795770572, -0.849609375, 0.0108642578, 0.527099609, 0.196982876, 0.934018372, 0.298324833, 0, 0, -0, 0, 0, 0, 0, 0.391647266, -0.126878027, -0.142890723, -0.17490382, 0.279699521, -0.944004238, 0.707763672, -0.630737305, -0.317993164, -0.684385076, -0.723751664, -0.0876810287, 0, 1, 5, 1, 
349.569486, 45, 0.1, 0.1, -0.00182558802, 0.372182611, -0.0199654089, 0.758870931, -0.651241053, 3.53160524e-006, 0.651241053, 0.758870931, 1.62579838e-005, -1.32678991e-005, -1.0037785e-005, 1, 0.758871386, -0.651240524, 1.14227936e-005, 0.651240524, 0.758871386, -1.95832977e-006, -7.39308754e-006, 8.92510654e-006, 1, 0, 0, 0, 0, 0, 0, 0, 0.349460278, -0.188318091, -0.166568066, -0.489123021, 0.357175122, -0.795770572, -0.849609375, 0.0108642578, 0.527099609, 0.196982876, 0.934018372, 0.298324833, 0, 0, -0, 0, 0, 0, 0, 0.391647266, -0.126878027, -0.142890723, -0.17490382, 0.279699521, -0.944004238, 0.707763672, -0.630737305, -0.317993164, -0.684385076, -0.723751664, -0.0876810287, 0, 1, 5, 1, 
349.570298, 45, 0.1, 0.1, -0.00182558748, 0.372182613, -0.0199662399, 0.758868603, -0.651243767, 1.22626194e-005, 0.651243767, 0.758868603, 2.01733632e-006, -1.06194945e-005, 6.45506122e-006, 1, 0.758869089, -0.651243201, 2.02728949e-006, 0.651243201, 0.758869088, -1.69932869e-005, 9.52831522e-006, 1.42159386e-005, 1, 0, 0, 0, 0, 0, 0, 0, 0.351339551, -0.187731836, -0.166717065, -0.495631036, 0.35997326, -0.790391847, -0.847412109, -0.00109863282, 0.530883789, 0.190227353, 0.93295723, 0.305753586, 0, 0, -0, 0, 0, 0, 0, 0.391647266, -0.126878027, -0.142890723, -0.176411311, 0.281775741, -0.943084431, 0.709960938, -0.627197266, -0.32019043, -0.681720438, -0.725988298, -0.0894254938, 0, 1, 5, 1, 
349.57108, 45, 0.1, 0.1, -0.0018255868, 0.372182612, -0.0199665993, 0.758866366, -0.651246373, 2.83611718e-006, 0.651246373, 0.758866366, -1.29970653e-005, 6.31205772e-006, 1.17100468e-005, 1, 0.758866806, -0.65124586, -5.7762652e-006, 0.65124586, 0.758866806, -1.30874835e-005, 1.29065854e-005, 6.169888e-006, 1, 0, 0, 0, 0, 0, 0, 0, 0.351339551, -0.187731836, -0.166717065, -0.495631036, 0.35997326, -0.790391847, -0.847412109, -0.00109863282, 0.530883789, 0.190227353, 0.93295723, 0.305753586, 0, 0, -0, 0, 0, 0, 0, 0.392719775, -0.127680664, -0.141080615, -0.176411311, 0.281775741, -0.943084431, 0.709960938, -0.627197266, -0.32019043, -0.681720438, -0.725988298, -0.0894254938, 0, 1, 5, 1, 
349.571867, 45, 0.1, 0.1, -0.00182558663, 0.372182611, -0.0199666492, 0.758864133, -0.651248975, -5.23473325e-006, 0.651248975, 0.758864133, -1.43025753e-005, 1.32869888e-005, 7.44459675e-006, 1, 0.758864581, -0.651248453, -1.29009524e-005, 0.651248453, 0.758864581, 3.37042563e-006, 7.59509139e-006, -1.09594219e-005, 1, 0, 0, 0, 0, 0, 0, 0, 0.351339551, -0.187731836, -0.166717065, -0.495631036, 0.35997326, -0.790391847, -0.847412109, -0.00109863282, 0.530883789, 0.190227353, 0.93295723, 0.305753586, 0, 0, -0, 0, 0, 0, 0, 0.392719775, -0.127680664, -0.141080615, -0.176411311, 0.281775741, -0.943084431, 0.709960938, -0.627197266, -0.32019043, -0.681720438, -0.725988298, -0.0894254938, 0, 1, 5, 1, 
349.572653, 45, 0.1, 0.1, -0.00182558687, 0.37218261, -0.0199663838, 0.758861918, -0.651251556, -1.28261221e-005, 0.651251556, 0.758861918, -7.64127843e-007, 1.02308951e-005, -7.77316448e-006, 1, 0.758862356, -0.651251046, -3.51304086e-006, 0.651251046, 0.758862356, 1.67942373e-005, -8.27135016e-006, -1.5032386e-005, 1, 0, 0, 0, 0, 0, 0, 0, 0.351339551, -0.187731836, -0.166717065, -0.495631036, 0.35997326, -0.790391847, -0.847412109, -0.00109863282, 0.530883789, 0.190227353, 0.93295723, 0.305753586, 0, 0, -0, 0, 0, 0, 0, 0.392719775, -0.127680664, -0.141080615, -0.176411311, 0.281775741, -0.943084431, 0.709960938, -0.627197266, -0.32019043, -0.681720438, -0.725988298, -0.0894254938, 0, 1, 5, 1, 
349.573534, 45, 0.1, 0.1, -0.00182558712, 0.372182611, -0.0199654379, 0.758859467, -0.651254412, -8.11217625e-006, 0.651254412, 0.758859467, 1.65257576e-005, -4.60647081e-006, -1.78238182e-005, 1, 0.758860073, -0.651253706, 3.96159601e-006, 0.651253706, 0.758860073, 1.7459948e-005, -1.43771529e-005, -1.06696533e-005, 1, 0, 0, 0, 0, 0, 0, 0, 0.351339551, -0.187731836, -0.166717065, -0.495631036, 0.35997326, -0.790391847, -0.847412109, -0.00109863282, 0.530883789, 0.190227353, 0.93295723, 0.305753586, 0, 0, -0, 0, 0, 0, 0, 0.392719775, -0.127680664, -0.141080615, -0.176411311, 0.281775741, -0.943084431, 0.709960938, -0.627197266, -0.32019043, -0.681720438, -0.725988298, -0.0894254938, 0, 1, 5, 1, 
349.57436, 45, 0.1, 0.1, -0.00182558623, 0.372182613, -0.0199631336, 0.758857076, -0.651257199, 2.76385964e-006, 0.651257199, 0.758857075, 1.44878818e-005, -1.15327118e-005, -9.19424813e-006, 1, 0.758857531, -0.651256667, 1.08014718e-005, 0.651256668, 0.758857531, -5.05003811e-006, -4.90790727e-006, 1.086679e-005, 1, 0, 0, 0, 0, 0, 0, 0, 0.351339551, -0.187731836, -0.166717065, -0.495631036, 0.35997326, -0.790391847, -0.847412109, -0.00109863282, 0.530883789, 0.190227353, 0.93295723, 0.305753586, 0, 0, -0, 0, 0, 0, 0, 0.392719775, -0.127680664, -0.141080615, -0.176411311, 0.281775741, -0.943084431, 0.709960938, -0.627197266, -0.32019043, -0.681720438, -0.725988298, -0.0894254938, 0, 1, 5, 1, 
349.575181, 45, 0.1, 0.1, -0.00182558603, 0.372182615, -0.019961611, 0.758854712, -0.651259952, 1.6907656e-005, 0.651259952, 0.758854712, -1.27244431e-007, -1.27475852e-005, 1.11078393e-005, 1, 0.758855213, -0.651259369, 4.58190507e-006, 0.651259369, 0.758855212, -2.25469708e-005, 1.12069234e-005, 2.00938949e-005, 1, 0, 0, 0, 0, 0, 0, 0, 0.351859351, -0.187123853, -0.166619629, -0.502727661, 0.363215476, -0.784480678, -0.843994141, -0.0102539063, 0.536132813, 0.186778446, 0.93157857, 0.311862089, 0, 0, -0, 0, 0, 0, 0, 0.392719775, -0.127680664, -0.141080615, -0.177752926, 0.283590202, -0.942253943, 0.710571289, -0.625366211, -0.322265625, -0.68063402, -0.726902275, -0.0903201476, 0, 1, 5, 1, 
349.575977, 45, 0.1, 0.1, -0.00182558605, 0.372182615, -0.0199611908, 0.758852379, -0.651262671, 7.40631242e-006, 0.651262671, 0.758852379, -1.71963914e-005, 5.57906998e-006, 1.78729773e-005, 1, 0.758852844, -0.651262129, -3.03589977e-006, 0.651262129, 0.758852844, -1.75752474e-005, 1.37498942e-005, 1.13598599e-005, 1, 0, 0, 0, 0, 0, 0, 0, 0.351859351, -0.187123853, -0.166619629, -0.502727661, 0.363215476, -0.784480678, -0.843994141, -0.0102539063, 0.536132813, 0.186778446, 0.93157857, 0.311862089, 0, 0, -0, 0, 0, 0, 0, 0.393323584, -0.129142529, -0.139258545, -0.177752926, 0.283590202, -0.942253943, 0.710571289, -0.625366211, -0.322265625, -0.68063402, -0.726902275, -0.0903201476, 0, 1, 5, 1, 
349.576773, 45, 0.1, 0.1, -0.00182558681, 0.372182614, -0.0199621187, 0.758850027, -0.651265412, -2.5105411e-006, 0.651265412, 0.758850027, -1.58899898e-005, 1.22537249e-005, 1.04230906e-005, 1, 0.758850495, -0.651264866, -1.09336841e-005, 0.651264866, 0.758850495, 3.8653849e-006, 5.7796422e-006, -1.00539735e-005, 1, 0, 0, 0, 0, 0, 0, 0, 0.351859351, -0.187123853, -0.166619629, -0.502727661, 0.363215476, -0.784480678, -0.843994141, -0.0102539063, 0.536132813, 0.186778446, 0.93157857, 0.311862089, 0, 0, -0, 0, 0, 0, 0, 0.393323584, -0.129142529, -0.139258545, -0.177752926, 0.283590202, -0.942253943, 0.710571289, -0.625366211, -0.322265625, -0.68063402, -0.726902275, -0.0903201476, 0, 1, 5, 1, 
349.577582, 45, 0.1, 0.1, -0.00182558776, 0.372182613, -0.0199640388, 0.758847627, -0.651268208, -1.19995577e-005, 0.651268208, 0.758847627, -6.07488944e-007, 9.50147413e-006, -7.3539389e-006, 1, 0.758848135, -0.651267616, -7.2263896e-007, 0.651267616, 0.758848135, 1.96107569e-005, -1.22234777e-005, -1.53522177e-005, 1, 0, 0, 0, 0, 0, 0, 0, 0.351859351, -0.187123853, -0.166619629, -0.50851602, 0.369135262, -0.777883175, -0.840820312, -0.0184326172, 0.540893555, 0.185346985, 0.929157865, 0.319962951, 0, 0, -0, 0, 0, 0, 0, 0.393323584, -0.129142529, -0.139258545, -0.177752926, 0.283590202, -0.942253943, 0.710571289, -0.625366211, -0.322265625, -0.68063402, -0.726902275, -0.0903201476, 0, 1, 5, 1, 
349.57839, 45, 0.1, 0.1, -0.00182558872, 0.372182614, -0.019965877, 0.758845221, -0.651271012, -2.57637356e-006, 0.651271012, 0.758845221, 1.33618281e-005, -6.74710254e-006, -1.18174768e-005, 1, 0.758845692, -0.651270463, 6.65960561e-006, 0.651270463, 0.758845692, 1.32212331e-005, -1.36642116e-005, -5.69567134e-006, 1, 0, 0, 0, 0, 0, 0, 0, 0.351782422, -0.186605444, -0.166481055, -0.50851602, 0.369135262, -0.777883175, -0.840820312, -0.0184326172, 0.540893555, 0.185346985, 0.929157865, 0.319962951, 0, 0, -0, 0, 0, 0, 0, 0.393188672, -0.130494775, -0.139100586, -0.183330836, 0.286970124, -0.940132513, 0.709838867, -0.622924805, -0.328491211, -0.680115597, -0.727528973, -0.0894834629, 0, 1, 5, 1, 
349.579185, 45, 0.1, 0.1, -0.00182558885, 0.372182616, -0.0199673554, 0.758842877, -0.651273743, 4.52514115e-006, 0.651273743, 0.758842877, 1.42526428e-005, -1.27162431e-005, -7.86841082e-006, 1, 0.758843345, -0.651273198, 1.21799464e-005, 0.651273198, 0.758843345, -3.19780821e-006, -7.16002447e-006, 1.03591081e-005, 1, 0, 0, 0, 0, 0, 0, 0, 0.351782422, -0.186605444, -0.166481055, -0.50851602, 0.369135262, -0.777883175, -0.840820312, -0.0184326172, 0.540893555, 0.185346985, 0.929157865, 0.319962951, 0, 0, -0, 0, 0, 0, 0, 0.393188672, -0.130494775, -0.139100586, -0.183330836, 0.286970124, -0.940132513, 0.709838867, -0.622924805, -0.328491211, -0.680115597, -0.727528973, -0.0894834629, 0, 1, 5, 1, 
349.579979, 45, 0.1, 0.1, -0.00182558839, 0.372182617, -0.019968044, 0.758840567, -0.651276434, 1.08683302e-005, 0.651276434, 0.758840567, 1.19525436e-006, -9.02577082e-006, 6.17127981e-006, 1, 0.758841023, -0.651275903, 1.99445316e-006, 0.651275903, 0.758841023, -1.56782862e-005, 8.69741715e-006, 1.31962661e-005, 1, 0, 0, 0, 0, 0, 0, 0, 0.351782422, -0.186605444, -0.166481055, -0.50851602, 0.369135262, -0.777883175, -0.840820312, -0.0184326172, 0.540893555, 0.185346985, 0.929157865, 0.319962951, 0, 0, -0, 0, 0, 0, 0, 0.393188672, -0.130494775, -0.139100586, -0.183330836, 0.286970124, -0.940132513, 0.709838867, -0.622924805, -0.328491211, -0.680115597, -0.727528973, -0.0894834629, 0, 1, 5, 1, 
349.580772, 45, 0.1, 0.1, -0.00182558751, 0.372182617, -0.0199677654, 0.758838284, -0.651279094, 1.70524518e-006, 0.651279094, 0.758838284, -1.30114568e-005, 7.18008448e-006, 1.09841821e-005, 1, 0.758838731, -0.651278574, -6.71173268e-006, 0.651278574, 0.758838731, -1.33290064e-005, 1.3774019e-005, 5.74335865e-006, 1, 0, 0, 0, 0, 0, 0, 0, 0.351782422, -0.186605444, -0.166481055, -0.50851602, 0.369135262, -0.777883175, -0.840820312, -0.0184326172, 0.540893555, 0.185346985, 0.929157865, 0.319962951, 0, 0, -0, 0, 0, 0, 0, 0.393188672, -0.130494775, -0.139100586, -0.183330836, 0.286970124, -0.940132513, 0.709838867, -0.622924805, -0.328491211, -0.680115597, -0.727528973, -0.0894834629, 0, 1, 5, 1, 
349.581573, 45, 0.1, 0.1, -0.00182558701, 0.372182615, -0.0199666547, 0.758836005, -0.651281749, -6.63870113e-006, 0.651281749, 0.758836005, -1.49267736e-005, 1.47592207e-005, 7.00330837e-006, 1, 0.758836458, -0.651281222, -1.45522463e-005, 0.651281222, 0.758836458, 2.72292966e-006, 9.26938211e-006, -1.15438631e-005, 1, 0, 0, 0, 0, 0, 0, 0, 0.351782422, -0.186605444, -0.166481055, -0.50851602, 0.369135262, -0.777883175, -0.840820312, -0.0184326172, 0.540893555, 0.185346985, 0.929157865, 0.319962951, 0, 0, -0, 0, 0, 0, 0, 0.393188672, -0.130494775, -0.139100586, -0.183330836, 0.286970124, -0.940132513, 0.709838867, -0.622924805, -0.328491211, -0.680115597, -0.727528973, -0.0894834629, 0, 1, 5, 1, 
349.582378, 45, 0.1, 0.1, -0.00182558692, 0.372182615, -0.0199651345, 0.758833726, -0.651284404, -1.52854287e-005, 0.651284405, 0.758833726, -2.60353056e-006, 1.32947376e-005, -7.97951452e-006, 1, 0.758834213, -0.651283838, -4.89308819e-006, 0.651283838, 0.758834212, 1.73889774e-005, -7.61211724e-006, -1.63821403e-005, 1, 0, 0, 0, 0, 0, 0, 0, 0.351782422, -0.186605444, -0.166481055, -0.515532896, 0.3785384, -0.768702459, -0.835571289, -0.0238037109, 0.548706055, 0.189424556, 0.925320308, 0.328766999, 0, 0, -0, 0, 0, 0, 0, 0.393188672, -0.130494775, -0.139100586, -0.183330836, 0.286970124, -0.940132513, 0.709838867, -0.622924805, -0.328491211, -0.680115597, -0.727528973, -0.0894834629, 0, 1, 5, 1, 
349.583187, 45, 0.1, 0.1, -0.00182558759, 0.372182616, -0.0199634192, 0.758831416, -0.651287097, -3.66564053e-006, 0.651287097, 0.758831416, 1.46555459e-005, -6.76336472e-006, -1.3508473e-005, 1, 0.75883187, -0.651286567, 5.82769524e-006, 0.651286567, 0.75883187, 1.46610854e-005, -1.39708089e-005, -7.32979924e-006, 1, 0, 0, 0, 0, 0, 0, 0, 0.35143623, -0.186806299, -0.167101294, -0.515532896, 0.3785384, -0.768702459, -0.835571289, -0.0238037109, 0.548706055, 0.189424556, 0.925320308, 0.328766999, 0, 0, -0, 0, 0, 0, 0, 0.393800146, -0.131673828, -0.138751123, -0.188014092, 0.289806837, -0.938324249, 0.709838867, -0.620239258, -0.333740234, -0.678766687, -0.728826478, -0.0891706639, 0, 1, 5, 1, 
349.58398, 45, 0.1, 0.1, -0.00182558803, 0.372182618, -0.0199624976, 0.758829141, -0.651289747, 7.07289382e-006, 0.651289747, 0.758829141, 1.78073016e-005, -1.69648309e-005, -8.90619614e-006, 1, 0.758829599, -0.651289214, 1.55390864e-005, 0.651289214, 0.758829599, -2.27600982e-006, -1.0309178e-005, 1.1847543e-005, 1, 0, 0, 0, 0, 0, 0, 0, 0.35143623, -0.186806299, -0.167101294, -0.515532896, 0.3785384, -0.768702459, -0.835571289, -0.0238037109, 0.548706055, 0.189424556, 0.925320308, 0.328766999, 0, 0, -0, 0, 0, 0, 0, 0.393800146, -0.131673828, -0.138751123, -0.188014092, 0.289806837, -0.938324249, 0.709838867, -0.620239258, -0.333740234, -0.678766687, -0.728826478, -0.0891706639, 0, 1, 5, 1, 
349.584776, 45, 0.1, 0.1, -0.00182558809, 0.372182619, -0.0199625501, 0.758826837, -0.651292431, 1.5784796e-005, 0.651292431, 0.758826837, 2.15943628e-006, -1.33843513e-005, 8.64187997e-006, 1, 0.758827292, -0.651291901, 5.22003476e-006, 0.651291901, 0.758827292, -1.74771798e-005, 7.42164079e-006, 1.66619274e-005, 1, 0, 0, 0, 0, 0, 0, 0, 0.35143623, -0.186806299, -0.167101294, -0.515532896, 0.3785384, -0.768702459, -0.835571289, -0.0238037109, 0.548706055, 0.189424556, 0.925320308, 0.328766999, 0, 0, -0, 0, 0, 0, 0, 0.393800146, -0.131673828, -0.138751123, -0.188014092, 0.289806837, -0.938324249, 0.709838867, -0.620239258, -0.333740234, -0.678766687, -0.728826478, -0.0891706639, 0, 1, 5, 1, 
349.585569, 45, 0.1, 0.1, -0.0018255878, 0.372182618, -0.0199635228, 0.75882452, -0.651295131, 4.86113306e-006, 0.651295131, 0.75882452, -1.42593699e-005, 5.59831125e-006, 1.39863918e-005, 1, 0.75882498, -0.651294595, -4.6109184e-006, 0.651294595, 0.75882498, -1.43393169e-005, 1.28379996e-005, 7.87796561e-006, 1, 0, 0, 0, 0, 0, 0, 0, 0.35143623, -0.186806299, -0.167101294, -0.515532896, 0.3785384, -0.768702459, -0.835571289, -0.0238037109, 0.548706055, 0.189424556, 0.925320308, 0.328766999, 0, 0, -0, 0, 0, 0, 0, 0.393800146, -0.131673828, -0.138751123, -0.188014092, 0.289806837, -0.938324249, 0.709838867, -0.620239258, -0.333740234, -0.678766687, -0.728826478, -0.0891706639, 0, 1, 5, 1, 
