time, trialNum, realDorsalTactorPos, realVentralTactorPos, boxPosX, boxPosY, boxPosZ, boxLocalRot_11, boxLocalRot_12, boxLocalRot_13, boxLocalRot_21, boxLocalRot_22, boxLocalRot_23, boxLocalRot_31, boxLocalRot_32, boxLocalRot_33, boxGlobalRot_11, boxGlobalRot_12, boxGlobalRot_13, boxGlobalRot_21, boxGlobalRot_22, boxGlobalRot_23, boxGlobalRot_31, boxGlobalRot_32, boxGlobalRot_33, indexForceX, indexForceY, indexForceZ, indexForceGlobalX, indexForceGlobalY, indexForceGlobalZ, indexContact, indexPosX, indexPosY, indexPosZ, indexRot_11, indexRot_12, indexRot_13, indexRot_21, indexRot_22, indexRot_23, indexRot_31, indexRot_32, indexRot_33, thumbForceX, thumbForceY, thumbForceZ, thumbForceGlobalX, thumbForceGlobalY, thumbForceGlobalZ, thumbContact, thumbPosX, thumbPosY, thumbPosZ, thumbRot_11, thumbRot_12, thumbRot_13, thumbRot_21, thumbRot_22, thumbRot_23, thumbRot_31, thumbRot_32, thumbRot_33, manipForceTooHigh, cceExpType, mapping, trialSuccess, 
242.987664, 10, 0.1, 0.1, 0.0148872429, 0.359743397, -0.0199748873, 0.984047176, 5.65215696e-005, -0.177907709, -0.177907709, 4.47913066e-006, -0.984047177, -5.48230192e-005, 0.999999998, 1.44632989e-005, 0.984047082, 7.5341482e-005, -0.17790822, -0.17790822, -7.11922674e-006, -0.984047085, -7.54061347e-005, 0.999999997, 6.39821464e-006, 0, 0, 0, 0, 0, 0, 0, 0.31665647, -0.18070896, -0.17102251, -0.0924833459, 0.559739714, -0.823382118, -0.895141602, 0.315429687, 0.314941406, 0.435972827, 0.766231348, 0.472019022, 0, 0, 0, 0, 0, 0, 0, 0.354994043, -0.160842285, -0.148360498, 0.0881196634, -0.179408263, -0.979827466, 0.472412109, -0.858398437, 0.199584961, -0.876940616, -0.480369158, 0.00908007764, 0, 1, 1, 1, 
243.034068, 10, 0.1, 0.1, 0.0148872242, 0.35974341, -0.0199629769, 0.984036, -1.19107246e-006, -0.177969519, -0.177969519, 6.83309648e-005, -0.984035998, 1.33328871e-005, 0.999999998, 6.70281547e-005, 0.984036072, -3.14805399e-005, -0.177969119, -0.177969117, 6.59889147e-005, -0.984036071, 4.27219758e-005, 0.999999997, 5.93329086e-005, 0, 0, 0, 0, 0, 0, 0, 0.31560957, -0.180669653, -0.170535986, -0.0955166275, 0.560501311, -0.822576338, -0.89465332, 0.313964844, 0.317749023, 0.43632966, 0.766357907, 0.471644215, 0, 0, 0, 0, 0, 0, 0, 0.352611475, -0.160401514, -0.14795332, 0.0852063916, -0.174980936, -0.980817635, 0.4765625, -0.857299805, 0.194335938, -0.874914701, -0.483954336, 0.0103261765, 0, 1, 1, 1, 
243.034962, 10, 0.1, 0.1, 0.0148872093, 0.35974341, -0.0199648471, 0.984035494, 4.29160049e-005, -0.177972315, -0.177972314, -3.883004e-005, -0.984035494, -4.91415442e-005, 0.999999998, -3.05722769e-005, 0.984035592, 6.13294199e-005, -0.177971767, -0.177971765, -3.67903964e-005, -0.984035594, -6.6897984e-005, 0.999999997, -2.52881544e-005, 0, 0, 0, 0, 0, 0, 0, 0.315411597, -0.180709082, -0.169674878, -0.0949209036, 0.559670443, -0.823198271, -0.895507812, 0.312988281, 0.316162109, 0.434628611, 0.767354647, 0.471619128, 0, 0, 0, 0, 0, 0, 0, 0.352671289, -0.160663086, -0.147505371, 0.0860434429, -0.175428263, -0.980645194, 0.476928711, -0.856933594, 0.195068359, -0.874703981, -0.48436958, 0.00985332989, 0, 1, 1, 1, 
243.035763, 10, 0.1, 0.1, 0.0148872158, 0.359743404, -0.0199659949, 0.984034961, -4.97312981e-005, -0.177975258, -0.177975255, 6.00531769e-005, -0.984034961, 5.96253156e-005, 0.999999997, 5.02434852e-005, 0.984035069, -5.24067347e-005, -0.17797466, -0.177974658, 5.53714495e-005, -0.98403507, 6.14247798e-005, 0.999999997, 4.51603775e-005, 0, 0, 0, 0, 0, 0, 0, 0.315411597, -0.180709082, -0.169674878, -0.0949209036, 0.559670443, -0.823198271, -0.895507812, 0.312988281, 0.316162109, 0.434628611, 0.767354647, 0.471619128, 0, 0, 0, 0, 0, 0, 0, 0.352671289, -0.160663086, -0.147505371, 0.0860434429, -0.175428263, -0.980645194, 0.476928711, -0.856933594, 0.195068359, -0.874703981, -0.48436958, 0.00985332989, 0, 1, 1, 1, 
243.036573, 10, 0.1, 0.1, 0.0148872124, 0.359743404, -0.0199666078, 0.984034441, 5.11329145e-005, -0.177978134, -0.177978132, -3.93147359e-005, -0.984034442, -5.73137123e-005, 0.999999998, -2.95865136e-005, 0.984034538, 4.1803642e-005, -0.177977602, -0.177977601, -3.21149862e-005, -0.984034538, -4.68519758e-005, 0.999999999, -2.41621437e-005, 0, 0, 0, 0, 0, 0, 0, 0.315411597, -0.180709082, -0.169674878, -0.0949209036, 0.559670443, -0.823198271, -0.895507812, 0.312988281, 0.316162109, 0.434628611, 0.767354647, 0.471619128, 0, 0, 0, 0, 0, 0, 0, 0.352671289, -0.160663086, -0.147505371, 0.0860434429, -0.175428263, -0.980645194, 0.476928711, -0.856933594, 0.195068359, -0.874703981, -0.48436958, 0.00985332989, 0, 1, 1, 1, 
243.037449, 10, 0.1, 0.1, 0.0148872114, 0.359743399, -0.019965953, 0.984033991, -5.5286169e-005, -0.177980622, -0.177980619, 5.61604515e-005, -0.984033991, 6.43989417e-005, 0.999999997, 4.54239266e-005, 0.984034059, -3.09380524e-005, -0.17798025, -0.177980248, 5.10865814e-005, -0.984034059, 3.95364998e-005, 0.999999998, 4.47645738e-005, 0, 0, 0, 0, 0, 0, 0, 0.314929834, -0.181000195, -0.169053125, -0.0956252122, 0.558300018, -0.824049356, -0.895385742, 0.313354492, 0.31628418, 0.434863755, 0.768066069, 0.470147232, 0, 0, 0, 0, 0, 0, 0, 0.352671289, -0.160663086, -0.147505371, 0.0860434429, -0.175428263, -0.980645194, 0.476928711, -0.856933594, 0.195068359, -0.874703981, -0.48436958, 0.00985332989, 0, 1, 1, 1, 
243.038267, 10, 0.1, 0.1, 0.0148872205, 0.359743401, -0.019964436, 0.984033753, 1.3890858e-005, -0.177981943, -0.177981942, -5.08586645e-005, -0.984033752, -2.2720997e-005, 0.999999999, -4.75743207e-005, 0.984033782, -2.69598693e-005, -0.177981785, -0.177981786, -3.85533495e-005, -0.984033781, 1.96676281e-005, 0.999999999, -4.2736164e-005, 0, 0, 0, 0, 0, 0, 0, 0.314929834, -0.181000195, -0.169053125, -0.0956252122, 0.558300018, -0.824049356, -0.895385742, 0.313354492, 0.31628418, 0.434863755, 0.768066069, 0.470147232, 0, 0, 0, 0, 0, 0, 0, 0.35245, -0.160498438, -0.147263574, 0.0858454824, -0.175907673, -0.980600352, 0.478149414, -0.856079102, 0.195556641, -0.873988331, -0.485647395, 0.0105944993, 0, 1, 1, 1, 
243.039067, 10, 0.1, 0.1, 0.0148872092, 0.359743401, -0.0199633111, 0.984033723, 2.11078472e-005, -0.177982113, -0.177982113, 3.37977681e-005, -0.984033722, -1.47554353e-005, 0.999999999, 3.70149628e-005, 0.984033714, 4.96647785e-005, -0.177982155, -0.177982156, 2.40585991e-005, -0.984033715, -4.45898152e-005, 0.999999998, 3.2513917e-005, 0, 0, 0, 0, 0, 0, 0, 0.314929834, -0.181000195, -0.169053125, -0.0956252122, 0.558300018, -0.824049356, -0.895385742, 0.313354492, 0.31628418, 0.434863755, 0.768066069, 0.470147232, 0, 0, 0, 0, 0, 0, 0, 0.35245, -0.160498438, -0.147263574, 0.0858454824, -0.175907673, -0.980600352, 0.478149414, -0.856079102, 0.195556641, -0.873988331, -0.485647395, 0.0105944993, 0, 1, 1, 1, 
243.039935, 10, 0.1, 0.1, 0.0148872214, 0.359743405, -0.0199623869, 0.984033884, -4.57827738e-005, -0.177981216, -0.177981218, -5.16535719e-005, -0.984033883, 3.58584352e-005, 0.999999998, -5.89773388e-005, 0.984033837, -6.64493221e-005, -0.177981471, -0.177981474, -4.23665961e-005, -0.984033837, 5.78479123e-005, 0.999999997, -5.35169124e-005, 0, 0, 0, 0, 0, 0, 0, 0.314929834, -0.181000195, -0.169053125, -0.0956252122, 0.558300018, -0.824049356, -0.895385742, 0.313354492, 0.31628418, 0.434863755, 0.768066069, 0.470147232, 0, 0, 0, 0, 0, 0, 0, 0.35245, -0.160498438, -0.147263574, 0.0858454824, -0.175907673, -0.980600352, 0.478149414, -0.856079102, 0.195556641, -0.873988331, -0.485647395, 0.0105944993, 0, 1, 1, 1, 
243.040736, 10, 0.1, 0.1, 0.0148872094, 0.359743406, -0.0199619627, 0.984034152, 7.94462548e-005, -0.177979721, -0.177979723, 2.79631485e-005, -0.984034155, -7.32009549e-005, 0.999999996, 4.16565155e-005, 0.984034091, 8.25626466e-005, -0.177980056, -0.177980058, 1.94110764e-005, -0.984034094, -7.77896747e-005, 0.999999996, 3.37956656e-005, 0, 0, 0, 0, 0, 0, 0, 0.314929834, -0.181000195, -0.169053125, -0.0956252122, 0.558300018, -0.824049356, -0.895385742, 0.313354492, 0.31628418, 0.434863755, 0.768066069, 0.470147232, 0, 0, 0, 0, 0, 0, 0, 0.35245, -0.160498438, -0.147263574, 0.0858454824, -0.175907673, -0.980600352, 0.478149414, -0.856079102, 0.195556641, -0.873988331, -0.485647395, 0.0105944993, 0, 1, 1, 1, 
243.041542, 10, 0.1, 0.1, 0.0148872127, 0.359743407, -0.0199625713, 0.984034459, -7.58536548e-005, -0.177978025, -0.177978027, -2.27890549e-005, -0.984034461, 7.05866593e-005, 0.999999997, -3.59254992e-005, 0.984034404, -6.11883671e-005, -0.177978337, -0.177978338, -2.16810351e-005, -0.984034405, 5.63527038e-005, 0.999999998, -3.22250883e-005, 0, 0, 0, 0, 0, 0, 0, 0.314929834, -0.181000195, -0.169053125, -0.0956252122, 0.558300018, -0.824049356, -0.895385742, 0.313354492, 0.31628418, 0.434863755, 0.768066069, 0.470147232, 0, 0, 0, 0, 0, 0, 0, 0.35245, -0.160498438, -0.147263574, 0.0858454824, -0.175907673, -0.980600352, 0.478149414, -0.856079102, 0.195556641, -0.873988331, -0.485647395, 0.0105944993, 0, 1, 1, 1, 
243.042405, 10, 0.1, 0.1, 0.0148872139, 0.3597434, -0.0199636921, 0.984034688, 6.25518455e-005, -0.177976765, -0.177976768, 4.41439678e-005, -0.984034688, -5.36965852e-005, 0.999999997, 5.45719709e-005, 0.984034656, 3.16549669e-005, -0.177976948, -0.177976949, 4.58484157e-005, -0.984034656, -2.29896234e-005, 0.999999998, 5.07502844e-005, 0, 0, 0, 0, 0, 0, 0, 0.314929834, -0.181000195, -0.169053125, -0.0970959869, 0.56024108, -0.822545259, -0.893676758, 0.314697266, 0.319824219, 0.438062909, 0.766275532, 0.470279782, 0, 0, 0, 0, 0, 0, 0, 0.35245, -0.160498438, -0.147263574, 0.0858454824, -0.175907673, -0.980600352, 0.478149414, -0.856079102, 0.195556641, -0.873988331, -0.485647395, 0.0105944993, 0, 1, 1, 1, 
243.043245, 10, 0.1, 0.1, 0.0148872055, 0.359743403, -0.0199641507, 0.984034741, -3.28872489e-005, -0.177976479, -0.17797648, -3.8597424e-005, -0.984034741, 2.54927618e-005, 0.999999999, -4.38343629e-005, 0.984034748, 8.49844391e-006, -0.177976441, -0.177976441, -4.06695216e-005, -0.984034748, -1.56009808e-005, 0.999999999, -3.85076996e-005, 0, 0, 0, 0, 0, 0, 0, 0.313748193, -0.181129687, -0.169868823, -0.0970959869, 0.56024108, -0.822545259, -0.893676758, 0.314697266, 0.319824219, 0.438062909, 0.766275532, 0.470279782, 0, 0, 0, 0, 0, 0, 0, 0.351900732, -0.160422266, -0.147489746, 0.0842289822, -0.174642617, -0.980945234, 0.478759766, -0.856201172, 0.193603516, -0.873790004, -0.486005403, 0.0115401925, 0, 1, 1, 1, 
243.044045, 10, 0.1, 0.1, 0.0148872154, 0.3597434, -0.0199647739, 0.984034615, -7.55045574e-006, -0.177977182, -0.177977181, 4.01596255e-005, -0.984034614, 1.45774068e-005, 0.999999999, 3.81746528e-005, 0.984034651, -3.7133105e-005, -0.177976978, -0.177976976, 4.10115519e-005, -0.984034651, 4.3839374e-005, 0.999999998, 3.37479504e-005, 0, 0, 0, 0, 0, 0, 0, 0.313748193, -0.181129687, -0.169868823, -0.0970959869, 0.56024108, -0.822545259, -0.893676758, 0.314697266, 0.319824219, 0.438062909, 0.766275532, 0.470279782, 0, 0, 0, 0, 0, 0, 0, 0.351900732, -0.160422266, -0.147489746, 0.0842289822, -0.174642617, -0.980945234, 0.478759766, -0.856201172, 0.193603516, -0.873790004, -0.486005403, 0.0115401925, 0, 1, 1, 1, 
243.044886, 10, 0.1, 0.1, 0.0148872043, 0.359743406, -0.0199653534, 0.98403432, 3.15438254e-005, -0.177978806, -0.177978804, -5.88574033e-005, -0.98403432, -4.15155771e-005, 0.999999998, -5.23035726e-005, 0.984034395, 5.13416631e-005, -0.177978387, -0.177978384, -5.54218708e-005, -0.984034396, -6.03858576e-005, 0.999999997, -4.53993209e-005, 0, 0, 0, 0, 0, 0, 0, 0.313748193, -0.181129687, -0.169868823, -0.0970959869, 0.56024108, -0.822545259, -0.893676758, 0.314697266, 0.319824219, 0.438062909, 0.766275532, 0.470279782, 0, 0, 0, 0, 0, 0, 0, 0.351900732, -0.160422266, -0.147489746, 0.0842289822, -0.174642617, -0.980945234, 0.478759766, -0.856201172, 0.193603516, -0.873790004, -0.486005403, 0.0115401925, 0, 1, 1, 1, 
243.045718, 10, 0.1, 0.1, 0.0148872122, 0.359743403, -0.0199650908, 0.98403393, -4.82870317e-005, -0.177980963, -0.177980961, 4.74431723e-005, -0.98403393, 5.59600591e-005, 0.999999998, 3.8091519e-005, 0.984034008, -5.42132558e-005, -0.177980527, -0.177980525, 4.26843232e-005, -0.984034009, 6.09446658e-005, 0.999999998, 3.23539219e-005, 0, 0, 0, 0, 0, 0, 0, 0.313748193, -0.181129687, -0.169868823, -0.0970959869, 0.56024108, -0.822545259, -0.893676758, 0.314697266, 0.319824219, 0.438062909, 0.766275532, 0.470279782, 0, 0, 0, 0, 0, 0, 0, 0.351005176, -0.160295801, -0.14815874, 0.0809638988, -0.173019554, -0.981500836, 0.478515625, -0.857055664, 0.190673828, -0.874255921, -0.485098356, 0.013322937, 0, 1, 1, 1, 
243.04652, 10, 0.1, 0.1, 0.0148872063, 0.359743407, -0.0199646118, 0.984033539, 6.66986354e-005, -0.177983115, -0.177983112, -5.37532187e-005, -0.984033541, -7.52008597e-005, 0.999999996, -4.10237393e-005, 0.984033612, 5.58261016e-005, -0.177982716, -0.177982713, -4.70525042e-005, -0.984033613, -6.33092929e-005, 0.999999997, -3.63651646e-005, 0, 0, 0, 0, 0, 0, 0, 0.313748193, -0.181129687, -0.169868823, -0.0970959869, 0.56024108, -0.822545259, -0.893676758, 0.314697266, 0.319824219, 0.438062909, 0.766275532, 0.470279782, 0, 0, 0, 0, 0, 0, 0, 0.351005176, -0.160295801, -0.14815874, 0.0809638988, -0.173019554, -0.981500836, 0.478515625, -0.857055664, 0.190673828, -0.874255921, -0.485098356, 0.013322937, 0, 1, 1, 1, 
243.047615, 10, 0.1, 0.1, 0.0148872091, 0.359743397, -0.019961702, 0.984033174, -8.58990785e-005, -0.177985129, -0.177985123, 7.28655233e-005, -0.984033176, 9.74965225e-005, 0.999999994, 5.64133341e-005, 0.984033233, -4.58464276e-005, -0.177984814, -0.177984811, 6.6162857e-005, -0.984033233, 5.68903922e-005, 0.999999997, 5.69464823e-005, 0, 0, 0, 0, 0, 0, 0, 0.313748193, -0.181129687, -0.169868823, -0.0970959869, 0.56024108, -0.822545259, -0.893676758, 0.314697266, 0.319824219, 0.438062909, 0.766275532, 0.470279782, 0, 0, 0, 0, 0, 0, 0, 0.351005176, -0.160295801, -0.14815874, 0.0809638988, -0.173019554, -0.981500836, 0.478515625, -0.857055664, 0.190673828, -0.874255921, -0.485098356, 0.013322937, 0, 1, 1, 1, 
243.048969, 10, 0.1, 0.1, 0.0148872205, 0.359743395, -0.0199488856, 0.984033128, 6.88565908e-005, -0.17798539, -0.177985391, 1.0559645e-005, -0.98403313, -6.5877704e-005, 0.999999998, 2.26465077e-005, 0.984033093, 2.32566892e-005, -0.177985591, -0.177985591, -2.33484688e-005, -0.984033093, -2.70410428e-005, 0.999999999, -1.88363105e-005, 0, 0, 0, 0, 0, 0, 0, 0.312818115, -0.181507446, -0.170706128, -0.0980964747, 0.561724959, -0.821415969, -0.891235352, 0.317626953, 0.323608398, 0.44267068, 0.763939445, 0.469606552, 0, 0, 0, 0, 0, 0, 0, 0.351005176, -0.160295801, -0.14815874, 0.0809638988, -0.173019554, -0.981500836, 0.478515625, -0.857055664, 0.190673828, -0.874255921, -0.485098356, 0.013322937, 0, 1, 1, 1, 
243.050283, 10, 0.1, 0.1, 0.0148872248, 0.359743405, -0.0199347949, 0.984033305, -5.81583335e-005, -0.177984411, -0.177984413, -3.80911079e-005, -0.984033306, 5.04501137e-005, 0.999999998, -4.78341957e-005, 0.984033275, -7.29460998e-005, -0.177984571, -0.177984575, -5.95582867e-005, -0.984033276, 6.11809334e-005, 0.999999996, -7.15906165e-005, 0, 0, 0, 0, 0, 0, 0, 0.312818115, -0.181507446, -0.170706128, -0.0980964747, 0.561724959, -0.821415969, -0.891235352, 0.317626953, 0.323608398, 0.44267068, 0.763939445, 0.469606552, 0, 0, 0, 0, 0, 0, 0, 0.351005176, -0.160295801, -0.14815874, 0.0809638988, -0.173019554, -0.981500836, 0.478515625, -0.857055664, 0.190673828, -0.874255921, -0.485098356, 0.013322937, 0, 1, 1, 1, 
243.051657, 10, 0.1, 0.1, 0.0148872203, 0.359743408, -0.0199249945, 0.984033502, 3.58057916e-005, -0.177983328, -0.177983325, -8.05855464e-005, -0.9840335, -4.95769822e-005, 0.999999996, -7.29260436e-005, 0.984033437, -1.29576296e-005, -0.177983693, -0.177983693, -5.31308285e-005, -0.984033436, 3.29431973e-006, 0.999999999, -5.45887585e-005, 0, 0, 0, 0, 0, 0, 0, 0.31355813, -0.180454443, -0.171689771, -0.100947031, 0.564878808, -0.818990394, -0.892089844, 0.312866211, 0.325805664, 0.440279549, 0.763563517, 0.472435769, 0, 0, 0, 0, 0, 0, 0, 0.351425537, -0.159449316, -0.148885107, 0.0802420524, -0.169754837, -0.982178206, 0.48046875, -0.856689453, 0.18737793, -0.873227106, -0.48696459, 0.0127607716, 0, 1, 1, 1, 
243.05297, 10, 0.1, 0.1, 0.0148872304, 0.359743405, -0.0199258971, 0.98403404, -7.81020811e-005, -0.177980342, -0.177980344, -2.47185333e-005, -0.984034042, 7.24556936e-005, 0.999999997, -3.82245135e-005, 0.984033901, -8.51128596e-005, -0.177981107, -0.177981104, 3.99374629e-005, -0.984033904, 9.08620534e-005, 0.999999996, 2.41513367e-005, 0, 0, 0, 0, 0, 0, 0, 0.31355813, -0.180454443, -0.171689771, -0.100947031, 0.564878808, -0.818990394, -0.892089844, 0.312866211, 0.325805664, 0.440279549, 0.763563517, 0.472435769, 0, 0, 0, 0, 0, 0, 0, 0.351425537, -0.159449316, -0.148885107, 0.0802420524, -0.169754837, -0.982178206, 0.48046875, -0.856689453, 0.18737793, -0.873227106, -0.48696459, 0.0127607716, 0, 1, 1, 1, 
243.054285, 10, 0.1, 0.1, 0.0148871964, 0.359743406, -0.0199354841, 0.984035003, 0.000104043506, -0.177975002, -0.177975005, 2.5259124e-005, -0.984035008, -9.78869597e-005, 0.999999994, 4.33730057e-005, 0.98403479, 0.000144886978, -0.177976156, -0.177976162, 3.25231466e-005, -0.984034799, -0.000136785484, 0.999999989, 5.7790336e-005, 0, 0, 0, 0, 0, 0, 0, 0.31355813, -0.180454443, -0.171689771, -0.100947031, 0.564878808, -0.818990394, -0.892089844, 0.312866211, 0.325805664, 0.440279549, 0.763563517, 0.472435769, 0, 0, 0, 0, 0, 0, 0, 0.351425537, -0.159449316, -0.148885107, 0.0802420524, -0.169754837, -0.982178206, 0.48046875, -0.856689453, 0.18737793, -0.873227106, -0.48696459, 0.0127607716, 0, 1, 1, 1, 
243.055623, 10, 0.1, 0.1, 0.0148872367, 0.359743399, -0.0199478304, 0.984035809, -0.00015182038, -0.177970514, -0.17797051, 4.05425507e-005, -0.98403582, 0.000156612071, 0.999999988, 1.28757711e-005, 0.984035656, -0.000169566588, -0.177971343, -0.177971342, 2.33771829e-005, -0.984035671, 0.00017102004, 0.999999985, -7.17401163e-006, 0, 0, 0, 0, 0, 0, 0, 0.31355813, -0.180454443, -0.171689771, -0.102428285, 0.564740267, -0.818881809, -0.89465332, 0.307495117, 0.323974609, 0.434828928, 0.765810114, 0.473901674, 0, 0, 0, 0, 0, 0, 0, 0.351425537, -0.159449316, -0.148885107, 0.0802420524, -0.169754837, -0.982178206, 0.48046875, -0.856689453, 0.18737793, -0.873227106, -0.48696459, 0.0127607716, 0, 1, 1, 1, 
243.056964, 10, 0.1, 0.1, 0.0148872223, 0.359743407, -0.0199551156, 0.984036502, 0.000154474778, -0.177966677, -0.177966679, -4.52709457e-006, -0.984036514, -0.000152814494, 0.999999988, 2.30365368e-005, 0.984036335, 0.000120290696, -0.17796763, -0.177967626, -4.14810838e-005, -0.984036342, -0.000125752706, 0.999999992, -1.94110441e-005, 0, 0, 0, 0, 0, 0, 0, 0.314805298, -0.179338477, -0.170786792, -0.102428285, 0.564740267, -0.818881809, -0.89465332, 0.307495117, 0.323974609, 0.434828928, 0.765810114, 0.473901674, 0, 0, 0, 0, 0, 0, 0, 0.351777197, -0.158547559, -0.148470605, 0.0816671553, -0.168720192, -0.982306171, 0.483154297, -0.855224609, 0.187011719, -0.871604409, -0.489801669, 0.0116426376, 0, 1, 1, 1, 
243.0583, 10, 0.1, 0.1, 0.0148872075, 0.359743403, -0.0199549074, 0.984037319, -8.672309e-005, -0.17796221, -0.177962208, 3.06075265e-005, -0.984037322, 9.07857404e-005, 0.999999996, 1.46855158e-005, 0.984037194, -3.38662965e-005, -0.177962914, -0.177962914, -6.8175355e-007, -0.984037195, 3.32043686e-005, 0.999999999, -6.69781566e-006, 0, 0, 0, 0, 0, 0, 0, 0.314805298, -0.179338477, -0.170786792, -0.104404912, 0.565103091, -0.818335138, -0.897338867, 0.301025391, 0.322509766, 0.428591623, 0.768100895, 0.475792561, 0, 0, 0, 0, 0, 0, 0, 0.351777197, -0.158547559, -0.148470605, 0.0816671553, -0.168720192, -0.982306171, 0.483154297, -0.855224609, 0.187011719, -0.871604409, -0.489801669, 0.0116426376, 0, 1, 1, 1, 
243.059638, 10, 0.1, 0.1, 0.0148872225, 0.359743399, -0.0199474554, 0.984038033, 6.07341985e-005, -0.17795827, -0.177958273, 4.24465667e-005, -0.984038033, -5.22110437e-005, 0.999999997, 5.2577189e-005, 0.984037864, 1.52690958e-005, -0.177959213, -0.177959213, -4.02803145e-006, -0.984037864, -1.57421938e-005, 1, -1.24645919e-006, 0, 0, 0, 0, 0, 0, 0, 0.316024756, -0.177750269, -0.170083374, -0.104404912, 0.565103091, -0.818335138, -0.897338867, 0.301025391, 0.322509766, 0.428591623, 0.768100895, 0.475792561, 0, 0, 0, 0, 0, 0, 0, 0.352426807, -0.157690723, -0.147603271, 0.0841848726, -0.168267035, -0.982114773, 0.485839844, -0.853515625, 0.187988281, -0.869866874, -0.492945351, 0.00982161362, 0, 1, 1, 1, 
243.060949, 10, 0.1, 0.1, 0.0148872227, 0.359743391, -0.0199385699, 0.984038852, -3.4573818e-005, -0.177953746, -0.177953746, 8.34753866e-006, -0.984038853, 3.5507456e-005, 0.999999999, 2.06176194e-006, 0.984038698, -5.45455044e-005, -0.177954596, -0.177954597, -7.30027322e-006, -0.984038699, 5.237577e-005, 0.999999998, -1.68903746e-005, 0, 0, 0, 0, 0, 0, 0, 0.316024756, -0.177750269, -0.170083374, -0.104404912, 0.565103091, -0.818335138, -0.897338867, 0.301025391, 0.322509766, 0.428591623, 0.768100895, 0.475792561, 0, 0, 0, 0, 0, 0, 0, 0.352426807, -0.157690723, -0.147603271, 0.0841848726, -0.168267035, -0.982114773, 0.485839844, -0.853515625, 0.187988281, -0.869866874, -0.492945351, 0.00982161362, 0, 1, 1, 1, 
243.062263, 10, 0.1, 0.1, 0.0148872289, 0.359743393, -0.0199329003, 0.984039528, -7.96701731e-005, -0.177949993, -0.177949994, 1.51376914e-006, -0.984039532, 7.86679751e-005, 0.999999997, -1.26876981e-005, 0.9840394, -5.82941699e-005, -0.177950714, -0.177950714, 1.51330451e-005, -0.984039401, 6.00566962e-005, 0.999999998, 4.51802346e-006, 0, 0, 0, 0, 0, 0, 0, 0.316024756, -0.177750269, -0.170083374, -0.104404912, 0.565103091, -0.818335138, -0.897338867, 0.301025391, 0.322509766, 0.428591623, 0.768100895, 0.475792561, 0, 0, 0, 0, 0, 0, 0, 0.352426807, -0.157690723, -0.147603271, 0.0841848726, -0.168267035, -0.982114773, 0.485839844, -0.853515625, 0.187988281, -0.869866874, -0.492945351, 0.00982161362, 0, 1, 1, 1, 
243.063635, 10, 0.1, 0.1, 0.0148872332, 0.35974339, -0.0199325391, 0.984040131, -5.31007679e-005, -0.177946671, -0.17794667, 2.58870406e-005, -0.984040132, 5.68597994e-005, 0.999999998, 1.60247821e-005, 0.984040022, 4.5387355e-006, -0.17794728, -0.177947279, -8.8782673e-006, -0.984040022, -6.0461609e-006, 1, -7.92891472e-006, 0, 0, 0, 0, 0, 0, 0, 0.3148125, -0.178499951, -0.168817651, -0.102055721, 0.563560802, -0.819687589, -0.896484375, 0.304931641, 0.321166992, 0.43093857, 0.76772721, 0.474276481, 0, 0, 0, 0, 0, 0, 0, 0.352426807, -0.157690723, -0.147603271, 0.0848939592, -0.170023893, -0.981737809, 0.48425293, -0.854003906, 0.189819336, -0.870774287, -0.491411606, 0.00973849149, 0, 1, 1, 1, 
243.064947, 10, 0.1, 0.1, 0.014887235, 0.359743397, -0.0199366103, 0.984040544, 1.77406934e-005, -0.177944392, -0.17794439, -6.4431995e-005, -0.984040543, -2.89228737e-005, 0.999999998, -6.02468386e-005, 0.984040494, 3.36539235e-005, -0.17794467, -0.177944668, -5.61022713e-005, -0.984040493, -4.30999236e-005, 0.999999998, -4.92183705e-005, 0, 0, 0, 0, 0, 0, 0, 0.3148125, -0.178499951, -0.168817651, -0.102055721, 0.563560802, -0.819687589, -0.896484375, 0.304931641, 0.321166992, 0.43093857, 0.76772721, 0.474276481, 0, 0, 0, 0, 0, 0, 0, 0.351784912, -0.158221191, -0.146687109, 0.0848939592, -0.170023893, -0.981737809, 0.48425293, -0.854003906, 0.189819336, -0.870774287, -0.491411606, 0.00973849149, 0, 1, 1, 1, 
243.066263, 10, 0.1, 0.1, 0.0148872283, 0.359743391, -0.0199433045, 0.984040556, 6.64932171e-005, -0.177944314, -0.177944314, -1.60932781e-005, -0.984040559, -6.82957298e-005, 0.999999998, -4.00434845e-006, 0.98404059, 5.71282669e-005, -0.177944132, -0.177944134, 2.97688652e-005, -0.984040591, -5.09193386e-005, 0.999999998, 3.94594117e-005, 0, 0, 0, 0, 0, 0, 0, 0.3148125, -0.178499951, -0.168817651, -0.102055721, 0.563560802, -0.819687589, -0.896484375, 0.304931641, 0.321166992, 0.43093857, 0.76772721, 0.474276481, 0, 0, 0, 0, 0, 0, 0, 0.351784912, -0.158221191, -0.146687109, 0.0848939592, -0.170023893, -0.981737809, 0.48425293, -0.854003906, 0.189819336, -0.870774287, -0.491411606, 0.00973849149, 0, 1, 1, 1, 
243.06757, 10, 0.1, 0.1, 0.0148872451, 0.359743388, -0.0199488801, 0.984040354, -0.000112681898, -0.177945408, -0.177945407, 2.15419951e-005, -0.984040361, 0.000114716835, 0.999999993, 1.14696627e-006, 0.984040392, -0.000107180428, -0.177945201, -0.177945199, 3.19171172e-005, -0.984040398, 0.000111149369, 0.999999994, 1.23354899e-005, 0, 0, 0, 0, 0, 0, 0, 0.3148125, -0.178499951, -0.168817651, -0.102055721, 0.563560802, -0.819687589, -0.896484375, 0.304931641, 0.321166992, 0.43093857, 0.76772721, 0.474276481, 0, 0, 0, 0, 0, 0, 0, 0.351784912, -0.158221191, -0.146687109, 0.0848939592, -0.170023893, -0.981737809, 0.48425293, -0.854003906, 0.189819336, -0.870774287, -0.491411606, 0.00973849149, 0, 1, 1, 1, 
243.068526, 10, 0.1, 0.1, 0.0148872478, 0.359743393, -0.0199531405, 0.984040332, 6.46605204e-005, -0.177945554, -0.177945555, 7.02471931e-006, -0.984040334, -6.23785426e-005, 0.999999998, 1.84186593e-005, 0.984040321, 4.72599258e-005, -0.177945619, -0.177945619, -4.79191665e-006, -0.984040323, -4.73583732e-005, 0.999999999, 3.69425758e-006, 0, 0, 0, 0, 0, 0, 0, 0.313215991, -0.179091431, -0.169872095, -0.103043104, 0.565247624, -0.818437732, -0.893798828, 0.308349609, 0.325561523, 0.436409409, 0.765111797, 0.473584155, 0, 0, 0, 0, 0, 0, 0, 0.351784912, -0.158221191, -0.146687109, 0.082299683, -0.169742444, -0.982037848, 0.482666016, -0.855224609, 0.188354492, -0.871783413, -0.489418141, 0.0114253541, 0, 1, 1, 1, 
243.069326, 10, 0.1, 0.1, 0.0148872482, 0.359743392, -0.0199601483, 0.984040355, -7.6705015e-005, -0.177945424, -0.177945423, 2.00886943e-005, -0.984040358, 7.90555217e-005, 0.999999997, 6.11877954e-006, 0.984040354, -4.55138955e-005, -0.177945438, -0.177945437, 1.56854577e-005, -0.984040355, 4.75786656e-005, 0.999999999, 7.33613329e-006, 0, 0, 0, 0, 0, 0, 0, 0.313215991, -0.179091431, -0.169872095, -0.103043104, 0.565247624, -0.818437732, -0.893798828, 0.308349609, 0.325561523, 0.436409409, 0.765111797, 0.473584155, 0, 0, 0, 0, 0, 0, 0, 0.350922314, -0.158830371, -0.147341211, 0.082299683, -0.169742444, -0.982037848, 0.482666016, -0.855224609, 0.188354492, -0.871783413, -0.489418141, 0.0114253541, 0, 1, 1, 1, 
243.070128, 10, 0.1, 0.1, 0.0148872624, 0.359743391, -0.0199682711, 0.984040386, -1.59318375e-005, -0.177945269, -0.177945269, -8.60543328e-006, -0.984040386, 1.41462754e-005, 1, -1.1303089e-005, 0.984040386, -5.07815664e-005, -0.177945259, -0.177945259, 9.73652808e-006, -0.984040388, 5.17036813e-005, 0.999999999, 5.44797869e-007, 0, 0, 0, 0, 0, 0, 0, 0.313215991, -0.179091431, -0.169872095, -0.103043104, 0.565247624, -0.818437732, -0.893798828, 0.308349609, 0.325561523, 0.436409409, 0.765111797, 0.473584155, 0, 0, 0, 0, 0, 0, 0, 0.350922314, -0.158830371, -0.147341211, 0.082299683, -0.169742444, -0.982037848, 0.482666016, -0.855224609, 0.188354492, -0.871783413, -0.489418141, 0.0114253541, 0, 1, 1, 1, 
243.070941, 10, 0.1, 0.1, 0.0148872429, 0.359743392, -0.0199746755, 0.984040478, 0.000100008489, -0.177944735, -0.177944736, 5.05964009e-006, -0.984040482, -9.75120651e-005, 0.999999995, 2.27748748e-005, 0.984040454, 0.000102224606, -0.177944861, -0.177944863, 5.14820296e-006, -0.984040459, -9.96770519e-005, 0.999999995, 2.32563835e-005, 0, 0, 0, 0, 0, 0, 0, 0.311654761, -0.179735156, -0.170519971, -0.103326179, 0.565887531, -0.817924383, -0.891113281, 0.3125, 0.328735352, 0.441645105, 0.762909383, 0.472143338, 0, 0, 0, 0, 0, 0, 0, 0.350922314, -0.158830371, -0.147341211, 0.082299683, -0.169742444, -0.982037848, 0.482666016, -0.855224609, 0.188354492, -0.871783413, -0.489418141, 0.0114253541, 0, 1, 1, 1, 
243.071782, 10, 0.1, 0.1, 0.0148872357, 0.359743394, -0.0199769214, 0.98404056, -3.86081956e-005, -0.177944305, -0.177944305, 5.31367426e-006, -0.98404056, 3.89375685e-005, 0.999999999, -1.64123755e-006, 0.98404056, -1.27624568e-005, -0.177944306, -0.177944306, -8.85951899e-006, -0.98404056, 1.09822742e-005, 1, -1.09891326e-005, 0, 0, 0, 0, 0, 0, 0, 0.311654761, -0.179735156, -0.170519971, -0.103326179, 0.565887531, -0.817924383, -0.891113281, 0.3125, 0.328735352, 0.441645105, 0.762909383, 0.472143338, 0, 0, 0, 0, 0, 0, 0, 0.350077783, -0.159474219, -0.147757178, 0.0801206508, -0.170119042, -0.982082324, 0.48059082, -0.856567383, 0.18762207, -0.873239866, -0.487002869, 0.0130163347, 0, 1, 1, 1, 
243.072583, 10, 0.1, 0.1, 0.0148872457, 0.359743389, -0.0199748676, 0.984040522, -2.74924967e-005, -0.177944514, -0.177944514, 2.61588287e-006, -0.984040522, 2.75192128e-005, 1, -2.31800423e-006, 0.98404053, -4.61448079e-005, -0.177944467, -0.177944466, 2.32320114e-005, -0.984040531, 4.95423691e-005, 0.999999999, 1.46500276e-005, 0, 0, 0, 0, 0, 0, 0, 0.311654761, -0.179735156, -0.170519971, -0.103326179, 0.565887531, -0.817924383, -0.891113281, 0.3125, 0.328735352, 0.441645105, 0.762909383, 0.472143338, 0, 0, 0, 0, 0, 0, 0, 0.350077783, -0.159474219, -0.147757178, 0.0801206508, -0.170119042, -0.982082324, 0.48059082, -0.856567383, 0.18762207, -0.873239866, -0.487002869, 0.0130163347, 0, 1, 1, 1, 
243.073384, 10, 0.1, 0.1, 0.0148872399, 0.35974339, -0.0199697564, 0.984040552, 1.53903328e-005, -0.177944353, -0.177944353, -5.07346603e-006, -0.984040552, -1.60475063e-005, 1, -2.25387349e-006, 0.984040542, 3.06947716e-005, -0.177944405, -0.177944405, 1.36160303e-006, -0.984040542, -2.99626101e-005, 1, 6.80183546e-006, 0, 0, 0, 0, 0, 0, 0, 0.311654761, -0.179735156, -0.170519971, -0.103326179, 0.565887531, -0.817924383, -0.891113281, 0.3125, 0.328735352, 0.441645105, 0.762909383, 0.472143338, 0, 0, 0, 0, 0, 0, 0, 0.350077783, -0.159474219, -0.147757178, 0.0801206508, -0.170119042, -0.982082324, 0.48059082, -0.856567383, 0.18762207, -0.873239866, -0.487002869, 0.0130163347, 0, 1, 1, 1, 
243.07422, 10, 0.1, 0.1, 0.0148872408, 0.35974339, -0.0199628055, 0.984040585, 2.1482966e-005, -0.177944169, -0.177944169, 7.69468516e-006, -0.984040585, -1.9770886e-005, 1, 1.1394651e-005, 0.984040583, -5.3794851e-006, -0.17794418, -0.17794418, 1.08828156e-005, -0.984040583, 7.23016535e-006, 1, 9.75188412e-006, 0, 0, 0, 0, 0, 0, 0, 0.311654761, -0.179735156, -0.170519971, -0.103326179, 0.565887531, -0.817924383, -0.891113281, 0.3125, 0.328735352, 0.441645105, 0.762909383, 0.472143338, 0, 0, 0, 0, 0, 0, 0, 0.350077783, -0.159474219, -0.147757178, 0.0801206508, -0.170119042, -0.982082324, 0.48059082, -0.856567383, 0.18762207, -0.873239866, -0.487002869, 0.0130163347, 0, 1, 1, 1, 
243.075041, 10, 0.1, 0.1, 0.0148872396, 0.35974339, -0.0199570819, 0.984040553, -3.76879331e-005, -0.177944344, -0.177944343, 1.95904512e-005, -0.984040553, 4.05724646e-005, 0.999999999, 1.2571444e-005, 0.984040568, -2.60548979e-005, -0.177944262, -0.177944262, -1.22100743e-006, -0.984040568, 2.54218053e-005, 1, -5.83784044e-006, 0, 0, 0, 0, 0, 0, 0, 0.311654761, -0.179735156, -0.170519971, -0.103326179, 0.565887531, -0.817924383, -0.891113281, 0.3125, 0.328735352, 0.441645105, 0.762909383, 0.472143338, 0, 0, 0, 0, 0, 0, 0, 0.350077783, -0.159474219, -0.147757178, 0.0801206508, -0.170119042, -0.982082324, 0.48059082, -0.856567383, 0.18762207, -0.873239866, -0.487002869, 0.0130163347, 0, 1, 1, 1, 
243.075876, 10, 0.1, 0.1, 0.0148872381, 0.359743394, -0.0199541462, 0.984040475, 2.57216929e-005, -0.177944777, -0.177944776, -3.68986845e-005, -0.984040474, -3.1877115e-005, 0.999999999, -3.17327582e-005, 0.984040489, 2.46151965e-005, -0.177944698, -0.177944697, -4.4201975e-005, -0.984040488, -3.20878571e-005, 0.999999999, -3.91163894e-005, 0, 0, 0, 0, 0, 0, 0, 0.311309448, -0.17942439, -0.171775439, -0.105737528, 0.567638754, -0.816324806, -0.890625, 0.310913086, 0.331542969, 0.442027025, 0.762261241, 0.472878725, 0, 0, 0, 0, 0, 0, 0, 0.350077783, -0.159474219, -0.147757178, 0.0790025168, -0.169365113, -0.982280285, 0.480957031, -0.856567383, 0.186401367, -0.873111901, -0.487169113, 0.0137319844, 0, 1, 1, 1, 
243.076676, 10, 0.1, 0.1, 0.0148872399, 0.359743387, -0.0199548342, 0.984040421, -1.16156398e-005, -0.177945076, -0.177945075, 3.69418989e-005, -0.98404042, 1.8003888e-005, 0.999999999, 3.42853759e-005, 0.984040431, -2.4831731e-005, -0.177945017, -0.177945015, 5.52944876e-005, -0.98404043, 3.42748058e-005, 0.999999998, 4.99933287e-005, 0, 0, 0, 0, 0, 0, 0, 0.311309448, -0.17942439, -0.171775439, -0.105737528, 0.567638754, -0.816324806, -0.890625, 0.310913086, 0.331542969, 0.442027025, 0.762261241, 0.472878725, 0, 0, 0, 0, 0, 0, 0, 0.349783252, -0.15920459, -0.148424951, 0.0790025168, -0.169365113, -0.982280285, 0.480957031, -0.856567383, 0.186401367, -0.873111901, -0.487169113, 0.0137319844, 0, 1, 1, 1, 
243.077474, 10, 0.1, 0.1, 0.0148872381, 0.3597434, -0.0199588648, 0.984040296, -3.00479618e-005, -0.177945762, -0.177945764, -6.83004584e-005, -0.984040294, 1.7414628e-005, 0.999999997, -7.25573108e-005, 0.984040331, -2.99282664e-006, -0.177945572, -0.177945572, -8.06245622e-005, -0.984040328, -1.14017218e-005, 0.999999997, -7.98703811e-005, 0, 0, 0, 0, 0, 0, 0, 0.311309448, -0.17942439, -0.171775439, -0.105737528, 0.567638754, -0.816324806, -0.890625, 0.310913086, 0.331542969, 0.442027025, 0.762261241, 0.472878725, 0, 0, 0, 0, 0, 0, 0, 0.349783252, -0.15920459, -0.148424951, 0.0790025168, -0.169365113, -0.982280285, 0.480957031, -0.856567383, 0.186401367, -0.873111901, -0.487169113, 0.0137319844, 0, 1, 1, 1, 
243.078276, 10, 0.1, 0.1, 0.014887238, 0.359743394, -0.0199647416, 0.98404003, 3.77182274e-005, -0.177947234, -0.177947237, 7.75801117e-005, -0.984040027, -2.33110792e-005, 0.999999996, 8.30537897e-005, 0.98404009, 2.17658392e-005, -0.177946902, -0.177946903, 6.37550321e-005, -0.984040088, -1.00734479e-005, 0.999999998, 6.66106712e-005, 0, 0, 0, 0, 0, 0, 0, 0.311309448, -0.17942439, -0.171775439, -0.105737528, 0.567638754, -0.816324806, -0.890625, 0.310913086, 0.331542969, 0.442027025, 0.762261241, 0.472878725, 0, 0, 0, 0, 0, 0, 0, 0.349783252, -0.15920459, -0.148424951, 0.0790025168, -0.169365113, -0.982280285, 0.480957031, -0.856567383, 0.186401367, -0.873111901, -0.487169113, 0.0137319844, 0, 1, 1, 1, 
243.07911, 10, 0.1, 0.1, 0.0148872353, 0.359743386, -0.019970344, 0.984039764, -1.82705537e-005, -0.177948706, -0.177948707, -3.13387748e-005, -0.984039764, 1.24022569e-005, 0.999999999, -3.40898219e-005, 0.984039801, -1.33221868e-005, -0.177948501, -0.177948501, 1.2794208e-005, -0.984039802, 1.53862722e-005, 1, 1.02193467e-005, 0, 0, 0, 0, 0, 0, 0, 0.311309448, -0.17942439, -0.171775439, -0.105737528, 0.567638754, -0.816324806, -0.890625, 0.310913086, 0.331542969, 0.442027025, 0.762261241, 0.472878725, 0, 0, 0, 0, 0, 0, 0, 0.349783252, -0.15920459, -0.148424951, 0.0790025168, -0.169365113, -0.982280285, 0.480957031, -0.856567383, 0.186401367, -0.873111901, -0.487169113, 0.0137319844, 0, 1, 1, 1, 
243.079908, 10, 0.1, 0.1, 0.0148872369, 0.359743403, -0.0199734011, 0.984039618, -1.0644331e-006, -0.177949514, -0.177949514, -6.43735162e-005, -0.984039616, -1.04077916e-005, 0.999999998, -6.35355057e-005, 0.984039649, -1.53991105e-005, -0.177949344, -0.177949344, -7.9189237e-005, -0.984039646, 1.06166253e-006, 0.999999997, -8.06656106e-005, 0, 0, 0, 0, 0, 0, 0, 0.311309448, -0.17942439, -0.171775439, -0.105737528, 0.567638754, -0.816324806, -0.890625, 0.310913086, 0.331542969, 0.442027025, 0.762261241, 0.472878725, 0, 0, 0, 0, 0, 0, 0, 0.349783252, -0.15920459, -0.148424951, 0.0790025168, -0.169365113, -0.982280285, 0.480957031, -0.856567383, 0.186401367, -0.873111901, -0.487169113, 0.0137319844, 0, 1, 1, 1, 
243.080726, 10, 0.1, 0.1, 0.0148872358, 0.359743395, -0.0199733954, 0.984039526, -6.54916166e-007, -0.177950022, -0.177950021, 9.70267458e-005, -0.984039522, 1.7910375e-005, 0.999999995, 9.53616106e-005, 0.984039546, -5.79066687e-006, -0.177949911, -0.17794991, 7.91868035e-005, -0.984039543, 1.97895298e-005, 0.999999997, 7.68924976e-005, 0, 0, 0, 0, 0, 0, 0, 0.311579565, -0.179399976, -0.171546216, -0.104766997, 0.568121024, -0.816273509, -0.891235352, 0.310424805, 0.330444336, 0.441131756, 0.762184857, 0.473982928, 0, 0, 0, 0, 0, 0, 0, 0.349783252, -0.15920459, -0.148424951, 0.0794881232, -0.16910955, -0.982350647, 0.480957031, -0.856567383, 0.186401367, -0.873060861, -0.487264995, 0.0132336182, 0, 1, 1, 1, 
243.081536, 10, 0.1, 0.1, 0.0148872296, 0.35974338, -0.0199704609, 0.984039373, 9.86138877e-006, -0.177950871, -0.177950871, 7.85570326e-006, -0.984039373, -8.30606559e-006, 1, 9.48516403e-006, 0.984039412, 2.83680417e-005, -0.177950655, -0.177950656, 4.4079271e-005, -0.984039411, -2.00713359e-005, 0.999999999, 4.84238515e-005, 0, 0, 0, 0, 0, 0, 0, 0.311579565, -0.179399976, -0.171546216, -0.104766997, 0.568121024, -0.816273509, -0.891235352, 0.310424805, 0.330444336, 0.441131756, 0.762184857, 0.473982928, 0, 0, 0, 0, 0, 0, 0, 0.349816455, -0.159189697, -0.148440088, 0.0794881232, -0.16910955, -0.982350647, 0.480957031, -0.856567383, 0.186401367, -0.873060861, -0.487264995, 0.0132336182, 0, 1, 1, 1, 
243.082337, 10, 0.1, 0.1, 0.0148872348, 0.359743398, -0.0199660251, 0.984039206, -6.25903575e-006, -0.177951796, -0.177951796, -8.95690013e-005, -0.984039202, -9.77982811e-006, 0.999999996, -8.92532155e-005, 0.984039231, -3.01013205e-005, -0.177951655, -0.177951658, -9.48205081e-005, -0.984039226, 1.27474138e-005, 0.999999995, -9.86636797e-005, 0, 0, 0, 0, 0, 0, 0, 0.311579565, -0.179399976, -0.171546216, -0.104766997, 0.568121024, -0.816273509, -0.891235352, 0.310424805, 0.330444336, 0.441131756, 0.762184857, 0.473982928, 0, 0, 0, 0, 0, 0, 0, 0.349816455, -0.159189697, -0.148440088, 0.0794881232, -0.16910955, -0.982350647, 0.480957031, -0.856567383, 0.186401367, -0.873060861, -0.487264995, 0.0132336182, 0, 1, 1, 1, 
243.083167, 10, 0.1, 0.1, 0.0148872315, 0.359743395, -0.019961398, 0.984039145, 2.03400243e-005, -0.177952133, -0.177952134, 6.8118804e-005, -0.984039142, -7.89349362e-006, 0.999999997, 7.06511204e-005, 0.984039162, 6.185859e-006, -0.177952038, -0.177952038, 5.29263955e-005, -0.98403916, 3.33123246e-006, 0.999999999, 5.3182432e-005, 0, 0, 0, 0, 0, 0, 0, 0.312278589, -0.179358594, -0.171510449, -0.104113985, 0.5689459, -0.815663559, -0.891967773, 0.309204102, 0.329589844, 0.43979241, 0.761930617, 0.475493016, 0, 0, 0, 0, 0, 0, 0, 0.349816455, -0.159189697, -0.148440088, 0.078638312, -0.168138337, -0.98261897, 0.480957031, -0.856933594, 0.185180664, -0.87315018, -0.487162917, 0.0134509018, 0, 1, 1, 1, 
243.083969, 10, 0.1, 0.1, 0.0148872299, 0.359743392, -0.0199582277, 0.984039118, 1.54119006e-005, -0.177952282, -0.177952281, -5.06483374e-005, -0.984039117, -2.41789002e-005, 0.999999999, -4.70973624e-005, 0.984039108, -5.83473301e-006, -0.177952338, -0.177952338, -1.92460793e-005, -0.984039107, 2.31672065e-006, 1, -1.99771991e-005, 0, 0, 0, 0, 0, 0, 0, 0.312278589, -0.179358594, -0.171510449, -0.104113985, 0.5689459, -0.815663559, -0.891967773, 0.309204102, 0.329589844, 0.43979241, 0.761930617, 0.475493016, 0, 0, 0, 0, 0, 0, 0, 0.349981592, -0.159123291, -0.148676514, 0.078638312, -0.168138337, -0.98261897, 0.480957031, -0.856933594, 0.185180664, -0.87315018, -0.487162917, 0.0134509018, 0, 1, 1, 1, 
243.084765, 10, 0.1, 0.1, 0.014887229, 0.359743397, -0.0199576263, 0.98403917, -3.18657525e-005, -0.177951992, -0.177951991, 3.61821462e-005, -0.98403917, 3.77958336e-005, 0.999999999, 2.9934075e-005, 0.98403916, -1.94319072e-005, -0.177952047, -0.177952047, 1.27404694e-005, -0.98403916, 2.13889503e-005, 1, 9.07917318e-006, 0, 0, 0, 0, 0, 0, 0, 0.312278589, -0.179358594, -0.171510449, -0.104113985, 0.5689459, -0.815663559, -0.891967773, 0.309204102, 0.329589844, 0.43979241, 0.761930617, 0.475493016, 0, 0, 0, 0, 0, 0, 0, 0.349981592, -0.159123291, -0.148676514, 0.078638312, -0.168138337, -0.98261897, 0.480957031, -0.856933594, 0.185180664, -0.87315018, -0.487162917, 0.0134509018, 0, 1, 1, 1, 
