time, trialNum, realDorsalTactorPos, realVentralTactorPos, box1PosX, box1PosY, box1PosZ, box1LocalRot_11, box1LocalRot_12, box1LocalRot_13, box1LocalRot_21, box1LocalRot_22, box1LocalRot_23, box1LocalRot_31, box1LocalRot_32, box1LocalRot_33, box1GlobalRot_11, box1GlobalRot_12, box1GlobalRot_13, box1GlobalRot_21, box1GlobalRot_22, box1GlobalRot_23, box1GlobalRot_31, box1GlobalRot_32, box1GlobalRot_33, indexForceX, indexForceY, indexForceZ, indexForceGlobalX, indexForceGlobalY, indexForceGlobalZ, indexContact, indexPosX, indexPosY, indexPosZ, indexRot_11, indexRot_12, indexRot_13, indexRot_21, indexRot_22, indexRot_23, indexRot_31, indexRot_32, indexRot_33, thumbForceX, thumbForceY, thumbForceZ, thumbForceGlobalX, thumbForceGlobalY, thumbForceGlobalZ, thumbContact, thumbPosX, thumbPosY, thumbPosZ, thumbRot_11, thumbRot_12, thumbRot_13, thumbRot_21, thumbRot_22, thumbRot_23, thumbRot_31, thumbRot_32, thumbRot_33, manipForceTooHigh, cceExpType, mapping, trialSuccess, 
652.312404, 44, 0.1, 0.1, -0.00223897716, 0.365246422, -0.0199586999, 0.907367408, -0.42033842, 4.98002224e-006, 0.42033842, 0.907367408, 1.36245379e-005, -1.02456266e-005, -1.02691669e-005, 1, 0.907367433, -0.420338366, -1.04482081e-005, 0.420338365, 0.907367433, -2.48090471e-005, 1.99085581e-005, 1.81191387e-005, 1, 0, -0, 0, 0, 0, 0, 0, 0.301027612, -0.127612549, -0.21179585, -0.00825281382, 0.339279846, -0.940551092, -0.994995117, -0.0958251953, -0.0258789062, -0.0989259414, 0.935740377, 0.338558685, 0, 0, -0, 0, 0, 0, 0, 0.328648437, -0.0675307129, -0.191814844, 0.00905117785, 0.0472072394, -0.998766151, 0.557495117, -0.829345703, -0.0340576172, -0.830016829, -0.556586217, -0.0337837807, 0, 1, 5, 1, 
652.325886, 44, 0.1, 0.1, -0.00223897829, 0.365246398, -0.0199767039, 0.907361858, -0.420350399, 4.17489955e-005, 0.420350398, 0.907361859, 2.09178946e-005, -4.66742915e-005, -1.43089279e-006, 0.999999999, 0.907362193, -0.420349676, 3.03616609e-005, 0.420349677, 0.907362193, -7.1055451e-006, -2.45622097e-005, 1.92098173e-005, 1, 0, 0, 0, 0, 0, 0, 0, 0.300202222, -0.126950366, -0.208479492, -0.0380247326, 0.365954082, -0.929831095, -0.995117187, -0.0979003906, 0.00207519532, -0.0902555908, 0.925459589, 0.368005972, 0, 0, -0, 0, 0, 0, 0, 0.32756792, -0.0658027832, -0.190112842, -0.0187742081, 0.0620616108, -0.997805498, 0.563720703, -0.823486328, -0.0617675781, -0.825699575, -0.563616949, -0.0195674004, 0, 1, 5, 1, 
652.326689, 44, 0.1, 0.1, -0.00223898722, 0.365246393, -0.0199756405, 0.907360261, -0.420353847, 1.82776429e-005, 0.420353847, 0.907360261, -1.30409031e-005, -1.1102613e-005, 1.95158747e-005, 1, 0.907360586, -0.420353143, 3.38691438e-005, 0.420353143, 0.907360587, 1.77830083e-005, -3.82066696e-005, -1.89859979e-006, 0.999999999, 0, 0, 0, 0, 0, 0, 0, 0.300202222, -0.126950366, -0.208479492, -0.043640105, 0.371290128, -0.927410389, -0.994995117, -0.0981445313, 0.00756835938, -0.0882538758, 0.923254931, 0.373925759, 0, 0, -0, 0, 0, 0, 0, 0.32756792, -0.0658027832, -0.190112842, -0.0187742081, 0.0620616108, -0.997805498, 0.563720703, -0.823486328, -0.0617675781, -0.825699575, -0.563616949, -0.0195674004, 0, 1, 5, 1, 
652.327494, 44, 0.1, 0.1, -0.00223897906, 0.3652464, -0.0199709816, 0.907359037, -0.420356485, -5.04699732e-005, 0.420356486, 0.907359038, 6.32155077e-006, 4.31370815e-005, -2.69512968e-005, 0.999999999, 0.907359247, -0.420356032, -5.03136237e-005, 0.420356032, 0.907359249, -2.41616336e-005, 5.58090202e-005, 7.73646532e-007, 0.999999998, 0, 0, 0, 0, 0, 0, 0, 0.300591064, -0.127130859, -0.207891284, -0.043640105, 0.371290128, -0.927410389, -0.994995117, -0.0981445313, 0.00756835938, -0.0882538758, 0.923254931, 0.373925759, 0, 0, -0, 0, 0, 0, 0, 0.327525537, -0.066309668, -0.189390869, -0.0226590593, 0.0643299617, -0.997645451, 0.562866211, -0.823852539, -0.0659179687, -0.826107889, -0.563010308, -0.0175866954, 0, 1, 5, 1, 
652.328307, 44, 0.1, 0.1, -0.00223898162, 0.365246393, -0.0199645754, 0.907358284, -0.420358112, 4.02049953e-005, 0.420358112, 0.907358285, 1.69089186e-007, -3.65514136e-005, 1.67470714e-005, 0.999999999, 0.907358396, -0.420357871, 3.35257909e-005, 0.42035787, 0.907358397, 3.25030662e-005, -4.40828276e-005, -1.53991e-005, 0.999999999, 0, 0, 0, 0, 0, 0, 0, 0.300591064, -0.127130859, -0.207891284, -0.043640105, 0.371290128, -0.927410389, -0.994995117, -0.0981445313, 0.00756835938, -0.0882538758, 0.923254931, 0.373925759, 0, 0, -0, 0, 0, 0, 0, 0.327525537, -0.066309668, -0.189390869, -0.0226590593, 0.0643299617, -0.997645451, 0.562866211, -0.823852539, -0.0659179687, -0.826107889, -0.563010308, -0.0175866954, 0, 1, 5, 1, 
652.329097, 44, 0.1, 0.1, -0.00223897913, 0.365246398, -0.0199590512, 0.907357995, -0.420358736, -3.63137417e-005, 0.420358737, 0.907357995, 2.31718688e-005, 2.32090664e-005, -3.6289979e-005, 0.999999999, 0.907358024, -0.420358674, -3.26242941e-005, 0.420358673, 0.907358025, -1.65046035e-005, 3.65397683e-005, 1.26167947e-006, 0.999999999, 0, 0, 0, 0, 0, 0, 0, 0.300591064, -0.127130859, -0.207891284, -0.043640105, 0.371290128, -0.927410389, -0.994995117, -0.0981445313, 0.00756835938, -0.0882538758, 0.923254931, 0.373925759, 0, 0, -0, 0, 0, 0, 0, 0.327525537, -0.066309668, -0.189390869, -0.0226590593, 0.0643299617, -0.997645451, 0.562866211, -0.823852539, -0.0659179687, -0.826107889, -0.563010308, -0.0175866954, 0, 1, 5, 1, 
652.329885, 44, 0.1, 0.1, -0.00223897696, 0.365246391, -0.0199561186, 0.907357985, -0.420358761, 1.69300989e-006, 0.420358761, 0.907357984, -2.48400776e-005, 8.9055782e-006, 2.32505143e-005, 1, 0.907357998, -0.420358731, -1.41284949e-005, 0.420358731, 0.907357998, 1.5010972e-005, 6.50960973e-006, -1.95593617e-005, 1, 0, 0, 0, 0, 0, 0, 0, 0.300591064, -0.127130859, -0.207891284, -0.043640105, 0.371290128, -0.927410389, -0.994995117, -0.0981445313, 0.00756835938, -0.0882538758, 0.923254931, 0.373925759, 0, 0, -0, 0, 0, 0, 0, 0.327525537, -0.066309668, -0.189390869, -0.0226590593, 0.0643299617, -0.997645451, 0.562866211, -0.823852539, -0.0659179687, -0.826107889, -0.563010308, -0.0175866954, 0, 1, 5, 1, 
652.330671, 44, 0.1, 0.1, -0.00223897878, 0.365246398, -0.0199565889, 0.907357901, -0.420358941, -1.11166826e-005, 0.420358941, 0.907357901, 1.36528985e-005, 4.34769186e-006, -1.70610622e-005, 1, 0.907357897, -0.42035895, -6.91278297e-006, 0.420358949, 0.907357897, -2.76303679e-005, 1.78870407e-005, 2.21647824e-005, 1, 0, 0, 0, 0, 0, 0, 0, 0.300591064, -0.127130859, -0.207891284, -0.043640105, 0.371290128, -0.927410389, -0.994995117, -0.0981445313, 0.00756835938, -0.0882538758, 0.923254931, 0.373925759, 0, 0, -0, 0, 0, 0, 0, 0.327525537, -0.066309668, -0.189390869, -0.0226590593, 0.0643299617, -0.997645451, 0.562866211, -0.823852539, -0.0659179687, -0.826107889, -0.563010308, -0.0175866954, 0, 1, 5, 1, 
652.331458, 44, 0.1, 0.1, -0.00223898071, 0.365246392, -0.0199599975, 0.907358062, -0.420358593, -2.58651482e-006, 0.420358593, 0.907358062, -2.98948904e-005, 1.49134691e-005, 2.60381061e-005, 1, 0.907358025, -0.420358673, 9.48633899e-006, 0.420358672, 0.907358025, 1.67904334e-005, -1.56655101e-005, -1.12472697e-005, 1, 0, 0, 0, 0, 0, 0, 0, 0.300591064, -0.127130859, -0.207891284, -0.043640105, 0.371290128, -0.927410389, -0.994995117, -0.0981445313, 0.00756835938, -0.0882538758, 0.923254931, 0.373925759, 0, 0, -0, 0, 0, 0, 0, 0.327525537, -0.066309668, -0.189390869, -0.0226590593, 0.0643299617, -0.997645451, 0.562866211, -0.823852539, -0.0659179687, -0.826107889, -0.563010308, -0.0175866954, 0, 1, 5, 1, 
652.332277, 44, 0.1, 0.1, -0.00223898151, 0.365246402, -0.0199648151, 0.907358215, -0.420358263, 2.527568e-005, 0.420358263, 0.907358215, 1.8345797e-005, -3.06459033e-005, -6.02136867e-006, 1, 0.907358189, -0.42035832, 9.1943799e-006, 0.42035832, 0.907358188, -2.5527919e-005, 2.38827724e-006, 2.70279004e-005, 1, 0, 0, 0, 0, 0, 0, 0, 0.301256128, -0.127580737, -0.206658984, -0.0481643791, 0.375699826, -0.925421779, -0.994995117, -0.0988769531, 0.0115966797, -0.0871665254, 0.921444176, 0.378678063, 0, 0, -0, 0, 0, 0, 0, 0.327830664, -0.0668080078, -0.18825293, -0.0245376858, 0.0665345135, -0.997440927, 0.561645508, -0.824462891, -0.0687255859, -0.826919054, -0.561796659, -0.017196971, 0, 1, 5, 1, 
652.333065, 44, 0.1, 0.1, -0.00223898738, 0.365246394, -0.0199693236, 0.907358321, -0.420358035, 4.24718325e-006, 0.420358035, 0.907358321, -4.49161144e-006, -1.96563211e-006, 5.86083862e-006, 1, 0.907358305, -0.420358069, 2.07390033e-005, 0.420358068, 0.907358305, 2.94406917e-005, -3.11933392e-005, -1.79954487e-005, 0.999999999, 0, 0, 0, 0, 0, 0, 0, 0.301256128, -0.127580737, -0.206658984, -0.0481643791, 0.375699826, -0.925421779, -0.994995117, -0.0988769531, 0.0115966797, -0.0871665254, 0.921444176, 0.378678063, 0, 0, -0, 0, 0, 0, 0, 0.327830664, -0.0668080078, -0.18825293, -0.0245376858, 0.0665345135, -0.997440927, 0.561645508, -0.824462891, -0.0687255859, -0.826919054, -0.561796659, -0.017196971, 0, 1, 5, 1, 
652.333853, 44, 0.1, 0.1, -0.00223897535, 0.365246402, -0.0199723096, 0.907358598, -0.420357432, -6.42281238e-005, 0.420357431, 0.9073586, -1.74070639e-005, 6.55951292e-005, -1.12043201e-005, 0.999999998, 0.907358527, -0.420357583, -7.06430405e-005, 0.420357582, 0.90735853, -2.78172025e-005, 7.57917374e-005, -4.45516181e-006, 0.999999997, 0, 0, 0, 0, 0, 0, 0, 0.301256128, -0.127580737, -0.206658984, -0.0481643791, 0.375699826, -0.925421779, -0.994995117, -0.0988769531, 0.0115966797, -0.0871665254, 0.921444176, 0.378678063, 0, 0, -0, 0, 0, 0, 0, 0.327830664, -0.0668080078, -0.18825293, -0.0245376858, 0.0665345135, -0.997440927, 0.561645508, -0.824462891, -0.0687255859, -0.826919054, -0.561796659, -0.017196971, 0, 1, 5, 1, 
652.334672, 44, 0.1, 0.1, -0.00223897965, 0.3652464, -0.0199726604, 0.907358932, -0.420356712, 6.36731798e-005, 0.420356711, 0.907358934, 2.86993563e-005, -6.98383956e-005, 7.24831179e-007, 0.999999998, 0.907358882, -0.420356821, 4.96473182e-005, 0.42035682, 0.907358883, 2.44377153e-005, -5.53204955e-005, -1.30418922e-006, 0.999999998, 0, 0, 0, 0, 0, 0, 0, 0.301635083, -0.127254321, -0.205592554, -0.0538190652, 0.382266633, -0.922448411, -0.994628906, -0.10168457, 0.0158691406, -0.0877540143, 0.918426625, 0.385746236, 0, 0, -0, 0, 0, 0, 0, 0.32852041, -0.0671319336, -0.186485791, -0.0243204022, 0.068553498, -0.997300569, 0.562133789, -0.823974609, -0.0703125, -0.826650732, -0.562320911, -0.0185323885, 0, 1, 5, 1, 
652.33546, 44, 0.1, 0.1, -0.00223898708, 0.365246397, -0.0199705743, 0.907359168, -0.420356207, -2.05300806e-005, 0.420356207, 0.907359168, -9.77575024e-006, 2.27374541e-005, 2.40169798e-007, 1, 0.907359106, -0.42035634, 1.8194484e-005, 0.420356341, 0.907359106, -1.76862575e-006, -1.57654777e-005, 9.25294539e-006, 1, 0, 0, 0, 0, 0, 0, 0, 0.301635083, -0.127254321, -0.205592554, -0.0538190652, 0.382266633, -0.922448411, -0.994628906, -0.10168457, 0.0158691406, -0.0877540143, 0.918426625, 0.385746236, 0, 0, -0, 0, 0, 0, 0, 0.32852041, -0.0671319336, -0.186485791, -0.0243204022, 0.068553498, -0.997300569, 0.562133789, -0.823974609, -0.0703125, -0.826650732, -0.562320911, -0.0185323885, 0, 1, 5, 1, 
652.336249, 44, 0.1, 0.1, -0.002238976, 0.3652464, -0.019967053, 0.907359541, -0.420355402, -1.56548511e-005, 0.420355401, 0.907359541, -2.52081654e-005, 2.4800967e-005, 1.62922681e-005, 1, 0.90735947, -0.420355551, -4.86674871e-005, 0.420355551, 0.907359472, -1.29692101e-005, 4.96105849e-005, -8.68991279e-006, 0.999999999, 0, 0, 0, 0, 0, 0, 0, 0.301635083, -0.127254321, -0.205592554, -0.0538190652, 0.382266633, -0.922448411, -0.994628906, -0.10168457, 0.0158691406, -0.0877540143, 0.918426625, 0.385746236, 0, 0, -0, 0, 0, 0, 0, 0.32852041, -0.0671319336, -0.186485791, -0.0243204022, 0.068553498, -0.997300569, 0.562133789, -0.823974609, -0.0703125, -0.826650732, -0.562320911, -0.0185323885, 0, 1, 5, 1, 
652.337039, 44, 0.1, 0.1, -0.00223898276, 0.365246399, -0.0199633055, 0.907359649, -0.420355169, 6.9145669e-006, 0.420355168, 0.907359648, 2.7020358e-005, -1.76321462e-005, -2.16106087e-005, 1, 0.907359651, -0.420355163, 2.86493418e-005, 0.420355163, 0.907359651, 2.50109612e-005, -3.65087434e-005, -1.06510382e-005, 0.999999999, 0, 0, 0, 0, 0, 0, 0, 0.301635083, -0.127254321, -0.205592554, -0.0538190652, 0.382266633, -0.922448411, -0.994628906, -0.10168457, 0.0158691406, -0.0877540143, 0.918426625, 0.385746236, 0, 0, -0, 0, 0, 0, 0, 0.32852041, -0.0671319336, -0.186485791, -0.0243204022, 0.068553498, -0.997300569, 0.562133789, -0.823974609, -0.0703125, -0.826650732, -0.562320911, -0.0185323885, 0, 1, 5, 1, 
652.33783, 44, 0.1, 0.1, -0.0022389809, 0.365246404, -0.0199605794, 0.907359437, -0.420355626, 2.23946769e-005, 0.420355626, 0.907359436, -3.30292361e-005, -6.43599622e-006, 3.93831175e-005, 0.999999999, 0.907359503, -0.420355484, -4.68474918e-007, 0.420355484, 0.907359502, -4.51811953e-005, 1.94172384e-005, 4.07986609e-005, 0.999999999, 0, 0, 0, 0, 0, 0, 0, 0.301635083, -0.127254321, -0.205592554, -0.0538190652, 0.382266633, -0.922448411, -0.994628906, -0.10168457, 0.0158691406, -0.0877540143, 0.918426625, 0.385746236, 0, 0, -0, 0, 0, 0, 0, 0.32852041, -0.0671319336, -0.186485791, -0.0243204022, 0.068553498, -0.997300569, 0.562133789, -0.823974609, -0.0703125, -0.826650732, -0.562320911, -0.0185323885, 0, 1, 5, 1, 
652.338619, 44, 0.1, 0.1, -0.0022389816, 0.365246403, -0.0199597082, 0.907358977, -0.420356618, 2.09811361e-006, 0.420356618, 0.907358977, 6.30781423e-006, -4.55527367e-006, -4.84149593e-006, 1, 0.907359075, -0.420356407, -1.4304413e-005, 0.420356407, 0.907359075, 1.53621179e-005, 6.52167429e-006, -1.99519087e-005, 1, 0, 0, 0, 0, 0, 0, 0, 0.301635083, -0.127254321, -0.205592554, -0.0538190652, 0.382266633, -0.922448411, -0.994628906, -0.10168457, 0.0158691406, -0.0877540143, 0.918426625, 0.385746236, 0, 0, -0, 0, 0, 0, 0, 0.32852041, -0.0671319336, -0.186485791, -0.0243204022, 0.068553498, -0.997300569, 0.562133789, -0.823974609, -0.0703125, -0.826650732, -0.562320911, -0.0185323885, 0, 1, 5, 1, 
652.339439, 44, 0.1, 0.1, -0.00223898286, 0.365246408, -0.019960725, 0.90735864, -0.420357346, 1.1413067e-005, 0.420357346, 0.90735864, 2.34482288e-005, -2.02123801e-005, -1.64783864e-005, 1, 0.907358698, -0.420357221, 1.19981007e-006, 0.420357221, 0.907358698, -1.72355711e-005, 6.15643868e-006, 1.61431942e-005, 1, 0, 0, 0, 0, 0, 0, 0, 0.301538867, -0.127202051, -0.204318384, -0.0601518507, 0.387805621, -0.919729283, -0.994384766, -0.103027344, 0.021484375, -0.0863802238, 0.91594264, 0.391989533, 0, 0, -0, 0, 0, 0, 0, 0.32852041, -0.0671319336, -0.186485791, -0.0239755204, 0.0699913607, -0.99719849, 0.560791016, -0.824829102, -0.0712890625, -0.827596425, -0.560819616, -0.0195036013, 0, 1, 5, 1, 
652.340234, 44, 0.1, 0.1, -0.00223898226, 0.365246405, -0.0199628533, 0.907358359, -0.420357951, -2.43321842e-005, 0.42035795, 0.90735836, -3.3067855e-005, 3.59783465e-005, 1.97761676e-005, 0.999999999, 0.907358413, -0.420357835, -1.61148957e-005, 0.420357835, 0.907358413, -1.51642401e-005, 2.09963934e-005, 6.98537814e-006, 1, 0, 0, 0, 0, 0, 0, 0, 0.301538867, -0.127202051, -0.204318384, -0.0601518507, 0.387805621, -0.919729283, -0.994384766, -0.103027344, 0.021484375, -0.0863802238, 0.91594264, 0.391989533, 0, 0, -0, 0, 0, 0, 0, 0.328746582, -0.0681214355, -0.184490283, -0.0239755204, 0.0699913607, -0.99719849, 0.560791016, -0.824829102, -0.0712890625, -0.827596425, -0.560819616, -0.0195036013, 0, 1, 5, 1, 
652.341021, 44, 0.1, 0.1, -0.00223898009, 0.365246404, -0.0199657122, 0.907358112, -0.420358487, 6.64291971e-009, 0.420358486, 0.907358111, 2.86871384e-005, -1.20649096e-005, -2.60267153e-005, 1, 0.907358158, -0.420358387, -6.02215419e-007, 0.420358387, 0.907358157, 3.06147739e-005, -1.23227519e-005, -2.80317112e-005, 1, 0, 0, 0, 0, 0, 0, 0, 0.301538867, -0.127202051, -0.204318384, -0.0601518507, 0.387805621, -0.919729283, -0.994384766, -0.103027344, 0.021484375, -0.0863802238, 0.91594264, 0.391989533, 0, 0, -0, 0, 0, 0, 0, 0.328746582, -0.0681214355, -0.184490283, -0.0239755204, 0.0699913607, -0.99719849, 0.560791016, -0.824829102, -0.0712890625, -0.827596425, -0.560819616, -0.0195036013, 0, 1, 5, 1, 
652.341811, 44, 0.1, 0.1, -0.00223897758, 0.36524641, -0.0199683539, 0.907357898, -0.420358948, -6.95811073e-006, 0.420358948, 0.907357898, -2.37071443e-005, 1.6279007e-005, 1.85859605e-005, 1, 0.907357942, -0.420358853, -1.58012807e-005, 0.420358852, 0.907357942, -3.85317755e-005, 3.05345905e-005, 2.83199043e-005, 0.999999999, 0, 0, 0, 0, 0, 0, 0, 0.301538867, -0.127202051, -0.204318384, -0.0601518507, 0.387805621, -0.919729283, -0.994384766, -0.103027344, 0.021484375, -0.0863802238, 0.91594264, 0.391989533, 0, 0, -0, 0, 0, 0, 0, 0.328746582, -0.0681214355, -0.184490283, -0.0239755204, 0.0699913607, -0.99719849, 0.560791016, -0.824829102, -0.0712890625, -0.827596425, -0.560819616, -0.0195036013, 0, 1, 5, 1, 
652.342601, 44, 0.1, 0.1, -0.00223897965, 0.365246408, -0.0199698218, 0.907357708, -0.420359357, -6.77119186e-006, 0.420359357, 0.907357708, -6.82514134e-006, 9.01290516e-006, 3.34651075e-006, 1, 0.907357734, -0.420359301, 1.12647008e-005, 0.420359301, 0.907357734, 2.7746662e-006, -1.13874701e-005, 2.21760691e-006, 1, 0, 0, 0, 0, 0, 0, 0, 0.301538867, -0.127202051, -0.204318384, -0.0601518507, 0.387805621, -0.919729283, -0.994384766, -0.103027344, 0.021484375, -0.0863802238, 0.91594264, 0.391989533, 0, 0, -0, 0, 0, 0, 0, 0.328746582, -0.0681214355, -0.184490283, -0.0239755204, 0.0699913607, -0.99719849, 0.560791016, -0.824829102, -0.0712890625, -0.827596425, -0.560819616, -0.0195036013, 0, 1, 5, 1, 
652.343391, 44, 0.1, 0.1, -0.00223898033, 0.365246408, -0.0199697734, 0.9073576, -0.42035959, 2.62678318e-005, 0.42035959, 0.9073576, 1.41473744e-005, -2.97813013e-005, -1.79479266e-006, 1, 0.907357634, -0.420359516, 2.0681009e-005, 0.420359516, 0.907357635, 8.91474386e-007, -1.91398111e-005, 7.88457283e-006, 1, 0, 0, 0, 0, 0, 0, 0, 0.301538867, -0.127202051, -0.204318384, -0.0601518507, 0.387805621, -0.919729283, -0.994384766, -0.103027344, 0.021484375, -0.0863802238, 0.91594264, 0.391989533, 0, 0, -0, 0, 0, 0, 0, 0.328746582, -0.0681214355, -0.184490283, -0.0239755204, 0.0699913607, -0.99719849, 0.560791016, -0.824829102, -0.0712890625, -0.827596425, -0.560819616, -0.0195036013, 0, 1, 5, 1, 
652.344208, 44, 0.1, 0.1, -0.00223898089, 0.365246409, -0.0199681364, 0.90735749, -0.420359829, -1.59851612e-005, 0.420359829, 0.90735749, -7.92428653e-006, 1.78353075e-005, 4.70641098e-007, 1, 0.9073575, -0.420359807, -1.73052808e-005, 0.420359807, 0.9073575, -8.01336058e-006, 1.9070571e-005, -3.46167435e-009, 1, 0, 0, 0, 0, 0, 0, 0, 0.301538867, -0.127202051, -0.204318384, -0.0691944075, 0.394131294, -0.916375117, -0.993896484, -0.10546875, 0.0296630859, -0.0849480235, 0.912963281, 0.399120985, 0, 0, -0, 0, 0, 0, 0, 0.328746582, -0.0681214355, -0.184490283, -0.0239755204, 0.0699913607, -0.99719849, 0.560791016, -0.824829102, -0.0712890625, -0.827596425, -0.560819616, -0.0195036013, 0, 1, 5, 1, 
652.345004, 44, 0.1, 0.1, -0.002238984, 0.365246407, -0.0199654746, 0.907357514, -0.420359777, 7.75117798e-006, 0.420359777, 0.907357514, 1.17510431e-005, -1.19727555e-005, -7.40411384e-006, 1, 0.9073575, -0.420359806, 2.60192924e-005, 0.420359806, 0.9073575, 7.93532453e-006, -2.69444916e-005, 3.73728846e-006, 1, 0, 0, 0, 0, 0, 0, 0, 0.300857861, -0.1266646, -0.203902026, -0.0691944075, 0.394131294, -0.916375117, -0.993896484, -0.10546875, 0.0296630859, -0.0849480235, 0.912963281, 0.399120985, 0, 0, -0, 0, 0, 0, 0, 0.328768896, -0.0688913574, -0.183775146, -0.026876399, 0.0716399438, -0.996987403, 0.559814453, -0.825195313, -0.0743408203, -0.828024062, -0.560155372, -0.0180085027, 0, 1, 5, 1, 
652.345785, 44, 0.1, 0.1, -0.0022389815, 0.365246409, -0.0199631909, 0.907357479, -0.420359851, 1.153203e-005, 0.420359851, 0.90735748, 6.98946405e-006, -1.34017637e-005, -1.49434007e-006, 1, 0.90735748, -0.42035985, -1.30783993e-005, 0.42035985, 0.90735748, -2.71006991e-006, 1.3005988e-005, -3.03863174e-006, 1, 0, 0, 0, 0, 0, 0, 0, 0.300857861, -0.1266646, -0.203902026, -0.0691944075, 0.394131294, -0.916375117, -0.993896484, -0.10546875, 0.0296630859, -0.0849480235, 0.912963281, 0.399120985, 0, 0, -0, 0, 0, 0, 0, 0.328768896, -0.0688913574, -0.183775146, -0.026876399, 0.0716399438, -0.996987403, 0.559814453, -0.825195313, -0.0743408203, -0.828024062, -0.560155372, -0.0180085027, 0, 1, 5, 1, 
652.346569, 44, 0.1, 0.1, -0.0022389812, 0.365246408, -0.0199619427, 0.907357545, -0.420359708, -4.53933488e-005, 0.420359709, 0.907357545, 1.6740833e-005, 3.41508258e-005, -3.4271456e-005, 0.999999999, 0.907357532, -0.420359736, -2.83672939e-005, 0.420359737, 0.907357532, 1.32751778e-005, 2.01589275e-005, -2.39698008e-005, 1, 0, 0, 0, 0, 0, 0, 0, 0.300857861, -0.1266646, -0.203902026, -0.0691944075, 0.394131294, -0.916375117, -0.993896484, -0.10546875, 0.0296630859, -0.0849480235, 0.912963281, 0.399120985, 0, 0, -0, 0, 0, 0, 0, 0.328768896, -0.0688913574, -0.183775146, -0.026876399, 0.0716399438, -0.996987403, 0.559814453, -0.825195313, -0.0743408203, -0.828024062, -0.560155372, -0.0180085027, 0, 1, 5, 1, 
652.34738, 44, 0.1, 0.1, -0.00223898174, 0.36524641, -0.019961657, 0.907357587, -0.420359617, 3.24543398e-005, 0.420359618, 0.907357587, -2.21245115e-005, -2.01474403e-005, 3.37173372e-005, 0.999999999, 0.90735758, -0.420359633, 3.29410868e-005, 0.420359634, 0.90735758, -2.16400915e-005, -2.07927238e-005, 3.34824042e-005, 0.999999999, 0, 0, 0, 0, 0, 0, 0, 0.299962891, -0.126835571, -0.203724414, -0.0781725632, 0.399670282, -0.913275191, -0.993530273, -0.106201172, 0.0384521484, -0.0815485524, 0.910479296, 0.405427561, 0, 0, -0, 0, 0, 0, 0, 0.328864453, -0.0692284668, -0.182633789, -0.028857104, 0.0733906055, -0.996808399, 0.560058594, -0.824707031, -0.0769042969, -0.827864014, -0.560462341, -0.017375975, 0, 1, 5, 1, 
652.34816, 44, 0.1, 0.1, -0.00223897778, 0.36524641, -0.0199627661, 0.907357627, -0.420359532, -1.48558288e-005, 0.420359532, 0.907357627, -7.0829856e-008, 1.35093236e-005, -6.18052126e-006, 1, 0.907357618, -0.420359552, -3.47155187e-005, 0.420359552, 0.907357618, 5.26716599e-006, 2.92852868e-005, -1.93722031e-005, 0.999999999, 0, 0, 0, 0, 0, 0, 0, 0.299962891, -0.126835571, -0.203724414, -0.0781725632, 0.399670282, -0.913275191, -0.993530273, -0.106201172, 0.0384521484, -0.0815485524, 0.910479296, 0.405427561, 0, 0, -0, 0, 0, 0, 0, 0.328864453, -0.0692284668, -0.182633789, -0.028857104, 0.0733906055, -0.996808399, 0.560058594, -0.824707031, -0.0769042969, -0.827864014, -0.560462341, -0.017375975, 0, 1, 5, 1, 
652.348947, 44, 0.1, 0.1, -0.00223898333, 0.365246412, -0.0199647811, 0.907357662, -0.420359458, -8.26202799e-006, 0.420359458, 0.907357662, 8.83604967e-006, 3.78229735e-006, -1.1490479e-005, 1, 0.907357657, -0.420359466, 2.41214063e-005, 0.420359466, 0.907357658, -4.64915481e-006, -1.99324264e-005, 1.43581077e-005, 1, 0, 0, 0, 0, 0, 0, 0, 0.299962891, -0.126835571, -0.203724414, -0.0781725632, 0.399670282, -0.913275191, -0.993530273, -0.106201172, 0.0384521484, -0.0815485524, 0.910479296, 0.405427561, 0, 0, -0, 0, 0, 0, 0, 0.328864453, -0.0692284668, -0.182633789, -0.028857104, 0.0733906055, -0.996808399, 0.560058594, -0.824707031, -0.0769042969, -0.827864014, -0.560462341, -0.017375975, 0, 1, 5, 1, 
652.349728, 44, 0.1, 0.1, -0.00223898405, 0.365246411, -0.0199669645, 0.907357685, -0.420359406, 4.01295627e-005, 0.420359407, 0.907357685, -7.22376797e-006, -3.33752883e-005, 2.34233805e-005, 0.999999999, 0.90735768, -0.420359417, 2.55178907e-005, 0.420359417, 0.907357681, -1.36079073e-006, -2.25818329e-005, 1.19614096e-005, 1, 0, 0, 0, 0, 0, 0, 0, 0.299962891, -0.126835571, -0.203724414, -0.0781725632, 0.399670282, -0.913275191, -0.993530273, -0.106201172, 0.0384521484, -0.0815485524, 0.910479296, 0.405427561, 0, 0, -0, 0, 0, 0, 0, 0.328864453, -0.0692284668, -0.182633789, -0.028857104, 0.0733906055, -0.996808399, 0.560058594, -0.824707031, -0.0769042969, -0.827864014, -0.560462341, -0.017375975, 0, 1, 5, 1, 
652.350507, 44, 0.1, 0.1, -0.00223898431, 0.36524641, -0.0199686476, 0.907357715, -0.420359341, -2.50280092e-005, 0.420359341, 0.907357716, 7.25049394e-006, 1.96615444e-005, -1.70995491e-005, 1, 0.907357711, -0.420359351, -2.47049068e-005, 0.420359351, 0.907357711, 9.48654316e-006, 1.84284305e-005, -1.89926267e-005, 1, 0, 0, 0, 0, 0, 0, 0, 0.299962891, -0.126835571, -0.203724414, -0.0781725632, 0.399670282, -0.913275191, -0.993530273, -0.106201172, 0.0384521484, -0.0815485524, 0.910479296, 0.405427561, 0, 0, -0, 0, 0, 0, 0, 0.328864453, -0.0692284668, -0.182633789, -0.028857104, 0.0733906055, -0.996808399, 0.560058594, -0.824707031, -0.0769042969, -0.827864014, -0.560462341, -0.017375975, 0, 1, 5, 1, 
652.351288, 44, 0.1, 0.1, -0.00223898794, 0.365246413, -0.0199693226, 0.907357729, -0.420359311, 1.26755385e-005, 0.420359311, 0.907357729, -1.15215372e-005, -6.65806235e-006, 1.57824364e-005, 1, 0.907357726, -0.420359317, 2.86146377e-005, 0.420359318, 0.907357727, -1.74908262e-005, -1.86112808e-005, 2.78988659e-005, 0.999999999, 0, 0, 0, 0, 0, 0, 0, 0.299962891, -0.126835571, -0.203724414, -0.0781725632, 0.399670282, -0.913275191, -0.993530273, -0.106201172, 0.0384521484, -0.0815485524, 0.910479296, 0.405427561, 0, 0, -0, 0, 0, 0, 0, 0.328864453, -0.0692284668, -0.182633789, -0.028857104, 0.0733906055, -0.996808399, 0.560058594, -0.824707031, -0.0769042969, -0.827864014, -0.560462341, -0.017375975, 0, 1, 5, 1, 
652.352098, 44, 0.1, 0.1, -0.00223898461, 0.365246413, -0.0199686223, 0.907357749, -0.420359268, 1.78190878e-005, 0.420359268, 0.907357749, -7.16175431e-006, -1.31577776e-005, 1.3988692e-005, 1, 0.907357743, -0.420359282, -1.46135969e-005, 0.420359282, 0.907357743, 2.72261162e-006, 1.21152852e-005, -8.61334381e-006, 1, 0, 0, 0, 0, 0, 0, 0, 0.299793433, -0.126522705, -0.203301953, -0.0859521577, 0.405976858, -0.909800458, -0.993041992, -0.108154297, 0.0455322266, -0.0799456099, 0.90737937, 0.412539918, 0, 0, -0, 0, 0, 0, 0, 0.328864453, -0.0692284668, -0.182633789, -0.030562923, 0.0757544718, -0.996552836, 0.561523438, -0.823486328, -0.0798339844, -0.826815876, -0.561932286, -0.017471857, 0, 1, 5, 1, 
652.352885, 44, 0.1, 0.1, -0.00223898578, 0.365246412, -0.0199668355, 0.907357764, -0.420359235, -3.38841301e-005, 0.420359236, 0.907357764, 1.69151571e-005, 2.36345861e-005, -2.95916062e-005, 0.999999999, 0.907357762, -0.42035924, -1.85495966e-005, 0.420359241, 0.907357762, 1.11135517e-005, 1.21594363e-005, -1.78814617e-005, 1, 0, 0, 0, 0, 0, 0, 0, 0.299793433, -0.126522705, -0.203301953, -0.0859521577, 0.405976858, -0.909800458, -0.993041992, -0.108154297, 0.0455322266, -0.0799456099, 0.90737937, 0.412539918, 0, 0, -0, 0, 0, 0, 0, 0.329220117, -0.0691029785, -0.181725928, -0.030562923, 0.0757544718, -0.996552836, 0.561523438, -0.823486328, -0.0798339844, -0.826815876, -0.561932286, -0.017471857, 0, 1, 5, 1, 
652.353665, 44, 0.1, 0.1, -0.00223898708, 0.365246413, -0.0199648388, 0.907357772, -0.420359218, 2.84614563e-005, 0.420359219, 0.907357772, -1.19340307e-005, -2.08081438e-005, 2.2792471e-005, 1, 0.90735777, -0.420359224, 3.09325445e-005, 0.420359224, 0.90735777, -1.09962571e-005, -2.34445065e-005, 2.29803197e-005, 0.999999999, 0, 0, 0, 0, 0, 0, 0, 0.299793433, -0.126522705, -0.203301953, -0.0859521577, 0.405976858, -0.909800458, -0.993041992, -0.108154297, 0.0455322266, -0.0799456099, 0.90737937, 0.412539918, 0, 0, -0, 0, 0, 0, 0, 0.329220117, -0.0691029785, -0.181725928, -0.030562923, 0.0757544718, -0.996552836, 0.561523438, -0.823486328, -0.0798339844, -0.826815876, -0.561932286, -0.017471857, 0, 1, 5, 1, 
652.354447, 44, 0.1, 0.1, -0.00223898193, 0.365246412, -0.0199633113, 0.90735779, -0.420359181, -2.08773726e-005, 0.420359181, 0.90735779, 4.23176048e-006, 1.71643873e-005, -1.26157161e-005, 1, 0.907357786, -0.420359188, -4.01247101e-005, 0.420359189, 0.907357786, 1.04824627e-005, 3.20010686e-005, -2.63781347e-005, 0.999999999, 0, 0, 0, 0, 0, 0, 0, 0.299793433, -0.126522705, -0.203301953, -0.0859521577, 0.405976858, -0.909800458, -0.993041992, -0.108154297, 0.0455322266, -0.0799456099, 0.90737937, 0.412539918, 0, 0, -0, 0, 0, 0, 0, 0.329220117, -0.0691029785, -0.181725928, -0.030562923, 0.0757544718, -0.996552836, 0.561523438, -0.823486328, -0.0798339844, -0.826815876, -0.561932286, -0.017471857, 0, 1, 5, 1, 
652.355248, 44, 0.1, 0.1, -0.00223898554, 0.365246413, -0.0199625367, 0.907357802, -0.420359153, -2.10592891e-005, 0.420359154, 0.907357803, 1.08290462e-005, 1.45562216e-005, -1.86782845e-005, 1, 0.907357802, -0.420359155, 1.39597012e-005, 0.420359155, 0.907357802, -2.90123175e-006, -1.14468845e-005, 8.50054348e-006, 1, 0, 0, 0, 0, 0, 0, 0, 0.299793433, -0.126522705, -0.203301953, -0.0859521577, 0.405976858, -0.909800458, -0.993041992, -0.108154297, 0.0455322266, -0.0799456099, 0.90737937, 0.412539918, 0, 0, -0, 0, 0, 0, 0, 0.329206543, -0.0689394043, -0.181225732, -0.0344794904, 0.0787508657, -0.996220348, 0.562866211, -0.822143555, -0.0844726562, -0.825754611, -0.563581236, -0.0159639985, 0, 1, 5, 1, 
652.356035, 44, 0.1, 0.1, -0.00223898406, 0.365246412, -0.0199627842, 0.907357805, -0.420359148, 3.56992643e-005, 0.420359149, 0.907357805, -1.29793415e-005, -2.69360212e-005, 2.67834191e-005, 0.999999999, 0.907357804, -0.420359149, 1.87488701e-005, 0.420359149, 0.907357805, -5.4280507e-006, -1.47302028e-005, 1.28064432e-005, 1, 0, 0, 0, 0, 0, 0, 0, 0.299793433, -0.126522705, -0.203301953, -0.0859521577, 0.405976858, -0.909800458, -0.993041992, -0.108154297, 0.0455322266, -0.0799456099, 0.90737937, 0.412539918, 0, 0, -0, 0, 0, 0, 0, 0.329206543, -0.0689394043, -0.181225732, -0.0344794904, 0.0787508657, -0.996220348, 0.562866211, -0.822143555, -0.0844726562, -0.825754611, -0.563581236, -0.0159639985, 0, 1, 5, 1, 
652.356815, 44, 0.1, 0.1, -0.00223898256, 0.365246412, -0.0199639992, 0.907357816, -0.420359124, -3.35874997e-005, 0.420359124, 0.907357816, 8.4093471e-006, 2.69409346e-005, -2.17490988e-005, 0.999999999, 0.907357813, -0.420359129, -3.49565352e-005, 0.420359129, 0.907357814, 8.7476266e-006, 2.80409406e-005, -2.2631526e-005, 0.999999999, 0, 0, 0, 0, 0, 0, 0, 0.299793433, -0.126522705, -0.203301953, -0.0859521577, 0.405976858, -0.909800458, -0.993041992, -0.108154297, 0.0455322266, -0.0799456099, 0.90737937, 0.412539918, 0, 0, -0, 0, 0, 0, 0, 0.329206543, -0.0689394043, -0.181225732, -0.0344794904, 0.0787508657, -0.996220348, 0.562866211, -0.822143555, -0.0844726562, -0.825754611, -0.563581236, -0.0159639985, 0, 1, 5, 1, 
652.357613, 44, 0.1, 0.1, -0.0022389875, 0.365246414, -0.0199655514, 0.907357827, -0.4203591, 2.15086602e-005, 0.4203591, 0.907357827, -5.88325358e-006, -1.7042972e-005, 1.43795772e-005, 1, 0.907357826, -0.420359101, 3.82293749e-005, 0.420359102, 0.907357827, -1.31199777e-005, -2.91726204e-005, 2.79745801e-005, 0.999999999, 0, 0, 0, 0, 0, 0, 0, 0.299715527, -0.126688916, -0.202455957, -0.0919232409, 0.411617318, -0.906719627, -0.992553711, -0.109741211, 0.05078125, -0.0786291074, 0.904755722, 0.418725926, 0, 0, -0, 0, 0, 0, 0, 0.329206543, -0.0689394043, -0.181225732, -0.0344794904, 0.0787508657, -0.996220348, 0.562866211, -0.822143555, -0.0844726562, -0.825754611, -0.563581236, -0.0159639985, 0, 1, 5, 1, 
652.358393, 44, 0.1, 0.1, -0.00223898515, 0.365246413, -0.0199670027, 0.907357828, -0.420359099, 2.00064713e-005, 0.420359099, 0.907357828, -5.44679103e-006, -1.58634202e-005, 1.33520907e-005, 1, 0.907357828, -0.420359098, -1.04391999e-005, 0.420359098, 0.907357828, 6.42054529e-006, 6.77315516e-006, -1.02139447e-005, 1, 0, 0, 0, 0, 0, 0, 0, 0.299715527, -0.126688916, -0.202455957, -0.0919232409, 0.411617318, -0.906719627, -0.992553711, -0.109741211, 0.05078125, -0.0786291074, 0.904755722, 0.418725926, 0, 0, -0, 0, 0, 0, 0, 0.329206543, -0.0689394043, -0.181225732, -0.0344794904, 0.0787508657, -0.996220348, 0.562866211, -0.822143555, -0.0844726562, -0.825754611, -0.563581236, -0.0159639985, 0, 1, 5, 1, 
652.359183, 44, 0.1, 0.1, -0.00223898697, 0.365246414, -0.0199679268, 0.907357834, -0.420359084, -3.05178204e-005, 0.420359084, 0.907357835, 8.81264448e-006, 2.39861082e-005, -2.0824665e-005, 0.999999999, 0.907357833, -0.420359088, -1.55575622e-005, 0.420359088, 0.907357833, 3.60949624e-006, 1.25989914e-005, -9.81486735e-006, 1, 0, 0, 0, 0, 0, 0, 0, 0.299715527, -0.126688916, -0.202455957, -0.0919232409, 0.411617318, -0.906719627, -0.992553711, -0.109741211, 0.05078125, -0.0786291074, 0.904755722, 0.418725926, 0, 0, -0, 0, 0, 0, 0, 0.329206543, -0.0689394043, -0.181225732, -0.0344794904, 0.0787508657, -0.996220348, 0.562866211, -0.822143555, -0.0844726562, -0.825754611, -0.563581236, -0.0159639985, 0, 1, 5, 1, 
652.360019, 44, 0.1, 0.1, -0.00223898949, 0.365246415, -0.0199677015, 0.907357846, -0.42035906, 3.31895626e-005, 0.42035906, 0.907357846, -1.08317071e-005, -2.55616038e-005, 2.37797677e-005, 0.999999999, 0.907357844, -0.420359063, 3.5252714e-005, 0.420359064, 0.907357844, -1.21691186e-005, -2.68714273e-005, 2.58605431e-005, 0.999999999, 0, 0, 0, 0, 0, 0, 0, 0.299875879, -0.126417432, -0.201611304, -0.0975457265, 0.417099018, -0.903657893, -0.99206543, -0.112060547, 0.0552978516, -0.0782329609, 0.901910035, 0.424791368, 0, 0, -0, 0, 0, 0, 0, 0.329206543, -0.0689394043, -0.181225732, -0.0395462747, 0.0815110196, -0.995868536, 0.562988281, -0.821533203, -0.0895996094, -0.825427953, -0.564150331, -0.0134721674, 0, 1, 5, 1, 
652.36081, 44, 0.1, 0.1, -0.00223898605, 0.365246414, -0.0199663774, 0.907357851, -0.420359048, -1.44510097e-005, 0.420359048, 0.907357851, 4.26626339e-006, 1.13188747e-005, -9.94564028e-006, 1, 0.907357851, -0.420359049, -3.14426782e-005, 0.420359049, 0.907357851, 1.09990652e-005, 2.39062043e-005, -2.31973025e-005, 0.999999999, 0, 0, 0, 0, 0, 0, 0, 0.299875879, -0.126417432, -0.201611304, -0.0975457265, 0.417099018, -0.903657893, -0.99206543, -0.112060547, 0.0552978516, -0.0782329609, 0.901910035, 0.424791368, 0, 0, -0, 0, 0, 0, 0, 0.328878174, -0.0689919922, -0.181150049, -0.0395462747, 0.0815110196, -0.995868536, 0.562988281, -0.821533203, -0.0895996094, -0.825427953, -0.564150331, -0.0134721674, 0, 1, 5, 1, 
652.361598, 44, 0.1, 0.1, -0.00223898956, 0.365246415, -0.0199648421, 0.907357849, -0.420359054, -2.06423109e-005, 0.420359054, 0.907357849, 8.91559283e-006, 1.49822126e-005, -1.67668154e-005, 1, 0.90735785, -0.420359051, 1.30293922e-005, 0.420359051, 0.90735785, -4.25019572e-006, -1.00357131e-005, 9.33347138e-006, 1, 0, 0, 0, 0, 0, 0, 0, 0.299875879, -0.126417432, -0.201611304, -0.0975457265, 0.417099018, -0.903657893, -0.99206543, -0.112060547, 0.0552978516, -0.0782329609, 0.901910035, 0.424791368, 0, 0, -0, 0, 0, 0, 0, 0.328878174, -0.0689919922, -0.181150049, -0.0395462747, 0.0815110196, -0.995868536, 0.562988281, -0.821533203, -0.0895996094, -0.825427953, -0.564150331, -0.0134721674, 0, 1, 5, 1, 
652.362386, 44, 0.1, 0.1, -0.00223898775, 0.365246415, -0.0199636552, 0.90735784, -0.420359071, 3.24604685e-005, 0.420359072, 0.90735784, -1.28331884e-005, -2.40587134e-005, 2.52893465e-005, 0.999999999, 0.907357842, -0.420359068, 1.65319341e-005, 0.420359068, 0.907357842, -6.28263515e-006, -1.23594174e-005, 1.26499467e-005, 1, 0, 0, 0, 0, 0, 0, 0, 0.299875879, -0.126417432, -0.201611304, -0.0975457265, 0.417099018, -0.903657893, -0.99206543, -0.112060547, 0.0552978516, -0.0782329609, 0.901910035, 0.424791368, 0, 0, -0, 0, 0, 0, 0, 0.328878174, -0.0689919922, -0.181150049, -0.0395462747, 0.0815110196, -0.995868536, 0.562988281, -0.821533203, -0.0895996094, -0.825427953, -0.564150331, -0.0134721674, 0, 1, 5, 1, 
652.363178, 44, 0.1, 0.1, -0.00223898523, 0.365246414, -0.0199631561, 0.907357831, -0.42035909, -3.82074942e-005, 0.42035909, 0.907357832, 1.48771837e-005, 2.84141097e-005, -2.95597967e-005, 0.999999999, 0.907357833, -0.420359087, -3.98383611e-005, 0.420359088, 0.907357833, 1.52845639e-005, 2.97226437e-005, -3.06149859e-005, 0.999999999, 0, 0, 0, 0, 0, 0, 0, 0.299875879, -0.126417432, -0.201611304, -0.0975457265, 0.417099018, -0.903657893, -0.99206543, -0.112060547, 0.0552978516, -0.0782329609, 0.901910035, 0.424791368, 0, 0, -0, 0, 0, 0, 0, 0.328878174, -0.0689919922, -0.181150049, -0.0395462747, 0.0815110196, -0.995868536, 0.562988281, -0.821533203, -0.0895996094, -0.825427953, -0.564150331, -0.0134721674, 0, 1, 5, 1, 
652.363966, 44, 0.1, 0.1, -0.00223898875, 0.365246415, -0.0199634696, 0.907357823, -0.42035911, 1.38333064e-005, 0.42035911, 0.907357823, -4.99582438e-006, -1.04517185e-005, 1.03479567e-005, 1, 0.907357825, -0.420359105, 3.19277243e-005, 0.420359106, 0.907357825, -1.22663842e-005, -2.38135842e-005, 2.45511093e-005, 0.999999999, 0, 0, 0, 0, 0, 0, 0, 0.299875879, -0.126417432, -0.201611304, -0.0975457265, 0.417099018, -0.903657893, -0.99206543, -0.112060547, 0.0552978516, -0.0782329609, 0.901910035, 0.424791368, 0, 0, -0, 0, 0, 0, 0, 0.328878174, -0.0689919922, -0.181150049, -0.0395462747, 0.0815110196, -0.995868536, 0.562988281, -0.821533203, -0.0895996094, -0.825427953, -0.564150331, -0.0134721674, 0, 1, 5, 1, 
652.364785, 44, 0.1, 0.1, -0.00223898493, 0.365246414, -0.0199643079, 0.90735781, -0.420359136, 2.20102174e-005, 0.420359136, 0.907357811, -7.82179335e-006, -1.66831803e-005, 1.63493613e-005, 1, 0.907357813, -0.420359131, -1.58638581e-005, 0.420359131, 0.907357813, 5.77463589e-006, 1.19667747e-005, -1.19081786e-005, 1, 0, 0, 0, 0, 0, 0, 0, 0.299591089, -0.125928809, -0.200537305, -0.103149116, 0.422460151, -0.900475591, -0.991577148, -0.114379883, 0.0599365234, -0.077716247, 0.899083444, 0.430837713, 0, 0, -0, 0, 0, 0, 0, 0.328878174, -0.0689919922, -0.181150049, -0.0449962203, 0.0845839725, -0.995395323, 0.564941406, -0.819580078, -0.0952148437, -0.823791397, -0.56652769, -0.0109675765, 0, 1, 5, 1, 
652.365574, 44, 0.1, 0.1, -0.00223898735, 0.365246415, -0.0199651642, 0.907357802, -0.420359154, -3.00062824e-005, 0.420359154, 0.907357802, 1.1109172e-005, 2.25565923e-005, -2.26934094e-005, 0.999999999, 0.907357804, -0.420359151, -1.41545526e-005, 0.420359151, 0.907357804, 4.8410431e-006, 1.0808267e-005, -1.03425539e-005, 1, 0, 0, 0, 0, 0, 0, 0, 0.299591089, -0.125928809, -0.200537305, -0.103149116, 0.422460151, -0.900475591, -0.991577148, -0.114379883, 0.0599365234, -0.077716247, 0.899083444, 0.430837713, 0, 0, -0, 0, 0, 0, 0, 0.32832876, -0.0681689453, -0.181066064, -0.0449962203, 0.0845839725, -0.995395323, 0.564941406, -0.819580078, -0.0952148437, -0.823791397, -0.56652769, -0.0109675765, 0, 1, 5, 1, 
652.366361, 44, 0.1, 0.1, -0.00223898962, 0.365246416, -0.0199660612, 0.907357794, -0.420359172, 3.43693884e-005, 0.420359172, 0.907357794, -1.2596053e-005, -2.58904661e-005, 2.58766145e-005, 0.999999999, 0.907357796, -0.420359167, 3.55724983e-005, 0.420359168, 0.907357796, -1.36653964e-005, -2.6532609e-005, 2.73526297e-005, 0.999999999, 0, 0, 0, 0, 0, 0, 0, 0.299591089, -0.125928809, -0.200537305, -0.103149116, 0.422460151, -0.900475591, -0.991577148, -0.114379883, 0.0599365234, -0.077716247, 0.899083444, 0.430837713, 0, 0, -0, 0, 0, 0, 0, 0.32832876, -0.0681689453, -0.181066064, -0.0449962203, 0.0845839725, -0.995395323, 0.564941406, -0.819580078, -0.0952148437, -0.823791397, -0.56652769, -0.0109675765, 0, 1, 5, 1, 
652.36717, 44, 0.1, 0.1, -0.00223898627, 0.365246415, -0.0199666312, 0.907357785, -0.420359191, -1.27172039e-005, 0.420359191, 0.907357785, 5.26173155e-006, 9.32723674e-006, -1.01200666e-005, 1, 0.907357786, -0.420359187, -3.10429788e-005, 0.420359188, 0.907357787, 1.19156182e-005, 2.3158249e-005, -2.38609304e-005, 0.999999999, 0, 0, 0, 0, 0, 0, 0, 0.299591089, -0.125928809, -0.200537305, -0.10960846, 0.429210805, -0.8964613, -0.990966797, -0.115844727, 0.0656738281, -0.07558086, 0.895665999, 0.438235388, 0, 0, -0, 0, 0, 0, 0, 0.32832876, -0.0681689453, -0.181066064, -0.0449962203, 0.0845839725, -0.995395323, 0.564941406, -0.819580078, -0.0952148437, -0.823791397, -0.56652769, -0.0109675765, 0, 1, 5, 1, 
