time, trialNum, realDorsalTactorPos, realVentralTactorPos, box1PosX, box1PosY, box1PosZ, box1LocalRot_11, box1LocalRot_12, box1LocalRot_13, box1LocalRot_21, box1LocalRot_22, box1LocalRot_23, box1LocalRot_31, box1LocalRot_32, box1LocalRot_33, box1GlobalRot_11, box1GlobalRot_12, box1GlobalRot_13, box1GlobalRot_21, box1GlobalRot_22, box1GlobalRot_23, box1GlobalRot_31, box1GlobalRot_32, box1GlobalRot_33, indexForceX, indexForceY, indexForceZ, indexForceGlobalX, indexForceGlobalY, indexForceGlobalZ, indexContact, indexPosX, indexPosY, indexPosZ, indexRot_11, indexRot_12, indexRot_13, indexRot_21, indexRot_22, indexRot_23, indexRot_31, indexRot_32, indexRot_33, thumbForceX, thumbForceY, thumbForceZ, thumbForceGlobalX, thumbForceGlobalY, thumbForceGlobalZ, thumbContact, thumbPosX, thumbPosY, thumbPosZ, thumbRot_11, thumbRot_12, thumbRot_13, thumbRot_21, thumbRot_22, thumbRot_23, thumbRot_31, thumbRot_32, thumbRot_33, manipForceTooHigh, cceExpType, mapping, trialSuccess, 
390.18228, 50, 0.1, 0.1, 0.0232521041, 0.352116872, -0.019962517, 0.941943914, 1.75580401e-005, -0.335770252, 0.335770252, -8.1889357e-006, 0.941943914, 1.3789088e-005, -1, -1.36089857e-005, 0.941943917, 3.59727205e-005, -0.335770242, 0.335770243, -1.77777598e-005, 0.941943917, 2.79150425e-005, -0.999999999, -2.88242218e-005, 0, 0, 0, 0, 0, 0, 0, 0.221472607, -0.0615156006, -0.196712524, -0.112067178, 0.64280093, -0.757734748, -0.968017578, 0.10144043, 0.229248047, 0.224148228, 0.759255341, 0.611044149, 0, 0, -0, 0, 0, 0, 0, 0.259944971, -0.0187421875, -0.153641357, -0.0497625989, 0.352331, -0.934508364, 0.566040039, -0.760864258, -0.317016602, -0.822819451, -0.544768965, -0.161678768, 0, 1, 5, 1, 
390.204713, 50, 0.1, 0.1, 0.0232521163, 0.352116841, -0.0199726676, 0.94193999, 8.36513531e-007, -0.335781261, 0.335781261, -4.01999166e-006, 0.94193999, -5.6189232e-007, -1, -4.06747647e-006, 0.941939989, 9.45739093e-007, -0.335781263, 0.335781263, -5.96008887e-006, 0.941939989, -1.1104567e-006, -1, -5.93160752e-006, 0, 0, 0, 0, 0, 0, 0, 0.232372485, -0.0756948486, -0.191839771, -0.120862226, 0.640321433, -0.758452161, -0.969604492, 0.0872802734, 0.228149414, 0.212316889, 0.763108629, 0.610416224, 0, 0, -0, 0, 0, 0, 0, 0.270867627, -0.0314437012, -0.149460693, -0.0502080929, 0.337952006, -0.939721703, 0.58203125, -0.754638672, -0.302612305, -0.811573945, -0.562114067, -0.158789916, 0, 1, 5, 1, 
390.205517, 50, 0.1, 0.1, 0.0232521196, 0.352116839, -0.0199722209, 0.941939971, 1.7597697e-005, -0.335781314, 0.335781314, -1.84314108e-005, 0.941939971, 1.03870508e-005, -1, -2.32702604e-005, 0.941939985, 5.46419347e-006, -0.335781275, 0.335781275, -1.53763634e-005, 0.941939985, -1.61525918e-008, -1, -1.63183853e-005, 0, 0, 0, 0, 0, 0, 0, 0.232372485, -0.0756948486, -0.191839771, -0.119891695, 0.638342179, -0.760325074, -0.969970703, 0.0877685547, 0.22668457, 0.211421621, 0.764658031, 0.608735394, 0, 0, -0, 0, 0, 0, 0, 0.270867627, -0.0314437012, -0.149460693, -0.0502080929, 0.337952006, -0.939721703, 0.58203125, -0.754638672, -0.302612305, -0.811573945, -0.562114067, -0.158789916, 0, 1, 5, 1, 
390.206323, 50, 0.1, 0.1, 0.0232521215, 0.35211684, -0.0199692111, 0.94193994, -1.98841459e-006, -0.335781402, 0.335781402, 3.35220022e-005, 0.941939939, 9.3830978e-006, -0.999999999, 3.22433854e-005, 0.941939937, -1.42314066e-006, -0.335781409, 0.335781409, 3.35431272e-005, 0.941939937, 9.9226455e-006, -0.999999999, 3.20734753e-005, 0, 0, 0, 0, 0, 0, 0, 0.233982056, -0.0780237061, -0.190377905, -0.119891695, 0.638342179, -0.760325074, -0.969970703, 0.0877685547, 0.22668457, 0.211421621, 0.764658031, 0.608735394, 0, 0, -0, 0, 0, 0, 0, 0.272438867, -0.0333512207, -0.149038867, -0.050271892, 0.336475864, -0.940271108, 0.582885742, -0.754516602, -0.301147461, -0.810966937, -0.563251158, -0.158233947, 0, 1, 5, 1, 
390.207288, 50, 0.1, 0.1, 0.0232521259, 0.352116838, -0.019962748, 0.941939853, -5.26372807e-007, -0.335781645, 0.335781645, 4.40022992e-006, 0.941939853, 9.81704915e-007, -1, 4.32149825e-006, 0.941939877, 2.15692792e-005, -0.335781576, 0.335781577, -8.32004868e-006, 0.941939877, 1.75232452e-005, -1, -1.50795522e-005, 0, 0, 0, 0, 0, 0, 0, 0.233982056, -0.0780237061, -0.190377905, -0.119891695, 0.638342179, -0.760325074, -0.969970703, 0.0877685547, 0.22668457, 0.211421621, 0.764658031, 0.608735394, 0, 0, -0, 0, 0, 0, 0, 0.272438867, -0.0333512207, -0.149038867, -0.050271892, 0.336475864, -0.940271108, 0.582885742, -0.754516602, -0.301147461, -0.810966937, -0.563251158, -0.158233947, 0, 1, 5, 1, 
390.208083, 50, 0.1, 0.1, 0.0232521227, 0.352116836, -0.019957538, 0.941939677, 1.08476712e-005, -0.335782139, 0.335782139, 2.24679186e-005, 0.941939677, 1.77621777e-005, -1, 1.75209698e-005, 0.941939702, -1.98706406e-005, -0.335782069, 0.335782069, 1.0202501e-005, 0.941939702, -1.52911283e-005, -1, 1.62823456e-005, 0, 0, 0, 0, 0, 0, 0, 0.233982056, -0.0780237061, -0.190377905, -0.119891695, 0.638342179, -0.760325074, -0.969970703, 0.0877685547, 0.22668457, 0.211421621, 0.764658031, 0.608735394, 0, 0, -0, 0, 0, 0, 0, 0.272438867, -0.0333512207, -0.149038867, -0.050271892, 0.336475864, -0.940271108, 0.582885742, -0.754516602, -0.301147461, -0.810966937, -0.563251158, -0.158233947, 0, 1, 5, 1, 
390.208876, 50, 0.1, 0.1, 0.0232521273, 0.352116831, -0.0199553418, 0.941939717, -2.52376113e-005, -0.335782025, 0.335782024, -1.81315397e-005, 0.941939718, -2.98605536e-005, -1, -8.60448117e-006, 0.941939687, -4.48572916e-006, -0.33578211, 0.33578211, -3.34404373e-005, 0.941939687, -1.54539869e-005, -0.999999999, -2.99926475e-005, 0, 0, 0, 0, 0, 0, 0, 0.233982056, -0.0780237061, -0.190377905, -0.119891695, 0.638342179, -0.760325074, -0.969970703, 0.0877685547, 0.22668457, 0.211421621, 0.764658031, 0.608735394, 0, 0, -0, 0, 0, 0, 0, 0.272438867, -0.0333512207, -0.149038867, -0.050271892, 0.336475864, -0.940271108, 0.582885742, -0.754516602, -0.301147461, -0.810966937, -0.563251158, -0.158233947, 0, 1, 5, 1, 
390.209723, 50, 0.1, 0.1, 0.0232521298, 0.352116836, -0.0199566169, 0.941940073, 3.65076744e-005, -0.335781027, 0.335781027, 2.98260062e-006, 0.941940073, 3.53895422e-005, -0.999999999, -9.44915337e-006, 0.941939954, 2.50183506e-005, -0.33578136, 0.335781358, 4.15908782e-005, 0.941939954, 3.75312256e-005, -0.999999999, 3.07754141e-005, 0, 0, 0, 0, 0, 0, 0, 0.233982056, -0.0780237061, -0.190377905, -0.119891695, 0.638342179, -0.760325074, -0.969970703, 0.0877685547, 0.22668457, 0.211421621, 0.764658031, 0.608735394, 0, 0, -0, 0, 0, 0, 0, 0.272438867, -0.0333512207, -0.149038867, -0.050271892, 0.336475864, -0.940271108, 0.582885742, -0.754516602, -0.301147461, -0.810966937, -0.563251158, -0.158233947, 0, 1, 5, 1, 
390.210543, 50, 0.1, 0.1, 0.023252128, 0.352116834, -0.0199599693, 0.941940667, -2.61962143e-005, -0.33577936, 0.33577936, 3.83549821e-005, 0.941940667, -1.17964683e-005, -0.999999999, 4.49242655e-005, 0.941940525, -3.56220971e-005, -0.335779758, 0.335779758, 1.87369993e-005, 0.941940525, -2.72623918e-005, -0.999999999, 2.96103181e-005, 0, 0, 0, 0, 0, 0, 0, 0.234869629, -0.0798239258, -0.190798511, -0.124460153, 0.638037765, -0.759754437, -0.968994141, 0.0861816406, 0.231201172, 0.213010337, 0.765077021, 0.607656278, 0, 0, -0, 0, 0, 0, 0, 0.272438867, -0.0333512207, -0.149038867, -0.0501184076, 0.334648277, -0.940941916, 0.583984375, -0.754394531, -0.299316406, -0.810091606, -0.564547929, -0.157690738, 0, 1, 5, 1, 
390.211334, 50, 0.1, 0.1, 0.0232521327, 0.352116833, -0.0199644702, 0.941941425, 6.52980813e-006, -0.335777234, 0.335777234, -6.26643254e-005, 0.941941423, -1.48905571e-005, -0.999999998, -6.12186849e-005, 0.941941257, 2.33723744e-005, -0.335777706, 0.335777706, -3.16735635e-005, 0.941941257, 1.13801272e-005, -0.999999999, -3.76825585e-005, 0, 0, 0, 0, 0, 0, 0, 0.234869629, -0.0798239258, -0.190798511, -0.124460153, 0.638037765, -0.759754437, -0.968994141, 0.0861816406, 0.231201172, 0.213010337, 0.765077021, 0.607656278, 0, 0, -0, 0, 0, 0, 0, 0.273806885, -0.0352853516, -0.148178857, -0.0501184076, 0.334648277, -0.940941916, 0.583984375, -0.754394531, -0.299316406, -0.810091606, -0.564547929, -0.157690738, 0, 1, 5, 1, 
390.212126, 50, 0.1, 0.1, 0.0232521348, 0.352116822, -0.0199690157, 0.941942245, 2.11516324e-005, -0.335774935, 0.335774935, 2.5743426e-005, 0.941942245, 2.85676133e-005, -0.999999999, 1.71466325e-005, 0.941942085, 6.00555139e-006, -0.335775383, 0.335775383, -2.02706076e-005, 0.941942085, -1.14948943e-006, -1, -2.11102547e-005, 0, 0, 0, 0, 0, 0, 0, 0.234869629, -0.0798239258, -0.190798511, -0.124460153, 0.638037765, -0.759754437, -0.968994141, 0.0861816406, 0.231201172, 0.213010337, 0.765077021, 0.607656278, 0, 0, -0, 0, 0, 0, 0, 0.273806885, -0.0352853516, -0.148178857, -0.0501184076, 0.334648277, -0.940941916, 0.583984375, -0.754394531, -0.299316406, -0.810091606, -0.564547929, -0.157690738, 0, 1, 5, 1, 
390.212918, 50, 0.1, 0.1, 0.0232521404, 0.352116834, -0.0199720664, 0.941942946, -2.01259228e-006, -0.335772967, 0.335772967, 3.55678819e-005, 0.941942946, 1.00469861e-005, -0.999999999, 3.41786896e-005, 0.941942818, 1.32980312e-005, -0.335773328, 0.335773326, 6.17314073e-005, 0.941942817, 3.3253745e-005, -0.999999998, 5.36823315e-005, 0, 0, 0, 0, 0, 0, 0, 0.234869629, -0.0798239258, -0.190798511, -0.124460153, 0.638037765, -0.759754437, -0.968994141, 0.0861816406, 0.231201172, 0.213010337, 0.765077021, 0.607656278, 0, 0, -0, 0, 0, 0, 0, 0.273806885, -0.0352853516, -0.148178857, -0.0501184076, 0.334648277, -0.940941916, 0.583984375, -0.754394531, -0.299316406, -0.810091606, -0.564547929, -0.157690738, 0, 1, 5, 1, 
390.213707, 50, 0.1, 0.1, 0.0232521364, 0.35211682, -0.0199727201, 0.941943419, -1.29055273e-005, -0.335771642, 0.33577164, -8.27765523e-005, 0.941943416, -3.99502953e-005, -0.999999996, -7.36375186e-005, 0.941943342, -2.30902999e-005, -0.335771856, 0.335771853, -8.44021462e-005, 0.94194334, -5.00896195e-005, -0.999999996, -7.17489669e-005, 0, 0, 0, 0, 0, 0, 0, 0.234869629, -0.0798239258, -0.190798511, -0.124460153, 0.638037765, -0.759754437, -0.968994141, 0.0861816406, 0.231201172, 0.213010337, 0.765077021, 0.607656278, 0, 0, -0, 0, 0, 0, 0, 0.273806885, -0.0352853516, -0.148178857, -0.0501184076, 0.334648277, -0.940941916, 0.583984375, -0.754394531, -0.299316406, -0.810091606, -0.564547929, -0.157690738, 0, 1, 5, 1, 
390.214495, 50, 0.1, 0.1, 0.023252141, 0.352116817, -0.0199710024, 0.941943648, 4.18998029e-006, -0.335771, 0.335770999, 5.57801358e-005, 0.941943646, 2.26760773e-005, -0.999999998, 5.11348707e-005, 0.941943631, 1.84008171e-005, -0.335771045, 0.335771045, 3.28204635e-005, 0.941943631, 2.83526938e-005, -0.999999999, 2.4736565e-005, 0, 0, 0, 0, 0, 0, 0, 0.234869629, -0.0798239258, -0.190798511, -0.124460153, 0.638037765, -0.759754437, -0.968994141, 0.0861816406, 0.231201172, 0.213010337, 0.765077021, 0.607656278, 0, 0, -0, 0, 0, 0, 0, 0.273806885, -0.0352853516, -0.148178857, -0.0501184076, 0.334648277, -0.940941916, 0.583984375, -0.754394531, -0.299316406, -0.810091606, -0.564547929, -0.157690738, 0, 1, 5, 1, 
390.215315, 50, 0.1, 0.1, 0.0232521349, 0.352116823, -0.019967355, 0.941943573, -1.80943826e-005, -0.33577121, 0.33577121, -1.16363667e-005, 0.941943573, -2.09510443e-005, -1, -4.88522806e-006, 0.941943607, -4.13786813e-005, -0.335771112, 0.335771113, 1.81892074e-005, 0.941943607, -3.2868974e-005, -0.999999999, 3.10269735e-005, 0, 0, 0, 0, 0, 0, 0, 0.236436084, -0.0812062256, -0.190584668, -0.128662039, 0.637124522, -0.759888109, -0.96887207, 0.0826416016, 0.233276367, 0.211451195, 0.766333992, 0.606812306, 0, 0, -0, 0, 0, 0, 0, 0.273806885, -0.0352853516, -0.148178857, -0.0505591713, 0.333050733, -0.94154236, 0.584838867, -0.754150391, -0.298217773, -0.809401476, -0.56569778, -0.156649163, 0, 1, 5, 1, 
390.216107, 50, 0.1, 0.1, 0.0232521376, 0.352116819, -0.0199632464, 0.941943347, -1.57799418e-005, -0.335771843, 0.335771844, 2.12537051e-005, 0.941943347, -7.72741544e-006, -1, 2.53182463e-005, 0.941943381, -3.9740965e-006, -0.335771747, 0.335771747, -7.75018202e-006, 0.941943381, -6.34566605e-006, -1, -5.96584334e-006, 0, 0, 0, 0, 0, 0, 0, 0.236436084, -0.0812062256, -0.190584668, -0.128662039, 0.637124522, -0.759888109, -0.96887207, 0.0826416016, 0.233276367, 0.211451195, 0.766333992, 0.606812306, 0, 0, -0, 0, 0, 0, 0, 0.275131689, -0.0374244141, -0.147303711, -0.0505591713, 0.333050733, -0.94154236, 0.584838867, -0.754150391, -0.298217773, -0.809401476, -0.56569778, -0.156649163, 0, 1, 5, 1, 
390.216897, 50, 0.1, 0.1, 0.0232521368, 0.352116821, -0.0199602278, 0.941943201, 1.17958629e-005, -0.335772254, 0.335772254, -3.4523778e-005, 0.9419432, -4.81093905e-007, -0.999999999, -3.64801614e-005, 0.941943243, -1.41936438e-005, -0.335772136, 0.335772136, -2.04641674e-006, 0.941943243, -1.40567366e-005, -1, 2.83822168e-006, 0, 0, 0, 0, 0, 0, 0, 0.236436084, -0.0812062256, -0.190584668, -0.128662039, 0.637124522, -0.759888109, -0.96887207, 0.0826416016, 0.233276367, 0.211451195, 0.766333992, 0.606812306, 0, 0, -0, 0, 0, 0, 0, 0.275131689, -0.0374244141, -0.147303711, -0.0505591713, 0.333050733, -0.94154236, 0.584838867, -0.754150391, -0.298217773, -0.809401476, -0.56569778, -0.156649163, 0, 1, 5, 1, 
390.217704, 50, 0.1, 0.1, 0.0232521453, 0.352116812, -0.0199591566, 0.941942886, -1.89446855e-005, -0.335773137, 0.335773137, 5.49418746e-006, 0.941942886, -1.60000112e-005, -1, 1.15363273e-005, 0.941942957, 2.74209405e-005, -0.335772936, 0.335772936, -2.37076015e-005, 0.941942957, 1.78685908e-005, -0.999999999, -3.15384179e-005, 0, 0, 0, 0, 0, 0, 0, 0.236436084, -0.0812062256, -0.190584668, -0.131696442, 0.636293655, -0.760123253, -0.96887207, 0.0794677734, 0.23425293, 0.209459959, 0.767330732, 0.606107998, 0, 0, -0, 0, 0, 0, 0, 0.275131689, -0.0374244141, -0.147303711, -0.0505591713, 0.333050733, -0.94154236, 0.584838867, -0.754150391, -0.298217773, -0.809401476, -0.56569778, -0.156649163, 0, 1, 5, 1, 
390.218507, 50, 0.1, 0.1, 0.0232521425, 0.352116814, -0.0199598405, 0.941942637, 2.78398752e-005, -0.335773836, 0.335773836, -1.59089481e-005, 0.941942637, 2.08817569e-005, -0.999999999, -2.43332182e-005, 0.941942666, 4.43691036e-006, -0.335773755, 0.335773755, 1.40563057e-005, 0.941942666, 8.89905372e-006, -1, 1.1750436e-005, 0, 0, 0, 0, 0, 0, 0, 0.237837646, -0.0825851074, -0.190152344, -0.131696442, 0.636293655, -0.760123253, -0.96887207, 0.0794677734, 0.23425293, 0.209459959, 0.767330732, 0.606107998, 0, 0, -0, 0, 0, 0, 0, 0.276441846, -0.0388942383, -0.146640332, -0.0514406988, 0.331823591, -0.941861722, 0.586914063, -0.753051758, -0.297363281, -0.808021215, -0.568036126, -0.155946273, 0, 1, 5, 1, 
390.2193, 50, 0.1, 0.1, 0.0232521428, 0.352116806, -0.0199623675, 0.941942629, -3.97255435e-005, -0.335773857, 0.335773857, 6.06629561e-006, 0.941942629, -3.53822794e-005, -0.999999999, 1.90529014e-005, 0.941942607, -2.93465721e-005, -0.335773917, 0.335773916, -2.77670254e-005, 0.941942608, -3.69662295e-005, -0.999999999, -1.63011309e-005, 0, 0, 0, 0, 0, 0, 0, 0.237837646, -0.0825851074, -0.190152344, -0.131696442, 0.636293655, -0.760123253, -0.96887207, 0.0794677734, 0.23425293, 0.209459959, 0.767330732, 0.606107998, 0, 0, -0, 0, 0, 0, 0, 0.276441846, -0.0388942383, -0.146640332, -0.0514406988, 0.331823591, -0.941861722, 0.586914063, -0.753051758, -0.297363281, -0.808021215, -0.568036126, -0.155946273, 0, 1, 5, 1, 
390.220088, 50, 0.1, 0.1, 0.0232521434, 0.352116811, -0.0199657446, 0.941942885, 1.21730233e-005, -0.33577314, 0.33577314, -6.7342668e-006, 0.941942885, 9.20510676e-006, -1, -1.0430669e-005, 0.941942821, 1.24064347e-005, -0.33577332, 0.33577332, 2.6323125e-005, 0.941942821, 2.05247552e-005, -1, 2.06291289e-005, 0, 0, 0, 0, 0, 0, 0, 0.237837646, -0.0825851074, -0.190152344, -0.131696442, 0.636293655, -0.760123253, -0.96887207, 0.0794677734, 0.23425293, 0.209459959, 0.767330732, 0.606107998, 0, 0, -0, 0, 0, 0, 0, 0.276441846, -0.0388942383, -0.146640332, -0.0514406988, 0.331823591, -0.941861722, 0.586914063, -0.753051758, -0.297363281, -0.808021215, -0.568036126, -0.155946273, 0, 1, 5, 1, 
390.220878, 50, 0.1, 0.1, 0.0232521435, 0.352116806, -0.0199688363, 0.941943276, 5.70261779e-006, -0.335772042, 0.335772042, 2.363583e-005, 0.941943276, 1.33077934e-005, -1, 2.03488315e-005, 0.941943198, -6.37676076e-006, -0.33577226, 0.33577226, -1.08256115e-005, 0.941943198, -9.64148647e-006, -1, -8.05597174e-006, 0, 0, 0, 0, 0, 0, 0, 0.237837646, -0.0825851074, -0.190152344, -0.131696442, 0.636293655, -0.760123253, -0.96887207, 0.0794677734, 0.23425293, 0.209459959, 0.767330732, 0.606107998, 0, 0, -0, 0, 0, 0, 0, 0.276441846, -0.0388942383, -0.146640332, -0.0514406988, 0.331823591, -0.941861722, 0.586914063, -0.753051758, -0.297363281, -0.808021215, -0.568036126, -0.155946273, 0, 1, 5, 1, 
390.221667, 50, 0.1, 0.1, 0.0232521453, 0.35211681, -0.0199706269, 0.941943608, -6.05398485e-006, -0.335771112, 0.335771112, -1.53925971e-005, 0.941943608, -1.08709018e-005, -1, -1.24662052e-005, 0.941943556, -7.72524409e-006, -0.335771256, 0.335771256, 1.37651746e-005, 0.941943556, -2.65479393e-006, -1, 1.55599324e-005, 0, 0, 0, 0, 0, 0, 0, 0.237837646, -0.0825851074, -0.190152344, -0.131696442, 0.636293655, -0.760123253, -0.96887207, 0.0794677734, 0.23425293, 0.209459959, 0.767330732, 0.606107998, 0, 0, -0, 0, 0, 0, 0, 0.276441846, -0.0388942383, -0.146640332, -0.0514406988, 0.331823591, -0.941861722, 0.586914063, -0.753051758, -0.297363281, -0.808021215, -0.568036126, -0.155946273, 0, 1, 5, 1, 
390.222473, 50, 0.1, 0.1, 0.0232521475, 0.352116805, -0.0199705447, 0.941943786, -7.79363374e-006, -0.335770613, 0.335770613, 1.72011179e-005, 0.941943786, -1.56553498e-006, -1, 1.88193593e-005, 0.941943745, -1.90087584e-007, -0.335770726, 0.335770726, -1.10146721e-005, 0.941943745, -3.87745628e-006, -1, -1.03113757e-005, 0, 0, 0, 0, 0, 0, 0, 0.237837646, -0.0825851074, -0.190152344, -0.133721001, 0.636433318, -0.759621887, -0.96862793, 0.0778808594, 0.235717773, 0.209162658, 0.767432204, 0.606152181, 0, 0, -0, 0, 0, 0, 0, 0.276441846, -0.0388942383, -0.146640332, -0.0514406988, 0.331823591, -0.941861722, 0.586914063, -0.753051758, -0.297363281, -0.808021215, -0.568036126, -0.155946273, 0, 1, 5, 1, 
390.223498, 50, 0.1, 0.1, 0.0232521465, 0.352116809, -0.0199652453, 0.941944097, -2.61647092e-005, -0.335769739, 0.335769738, -2.07404591e-005, 0.941944097, -3.16097119e-005, -0.999999999, -1.07510355e-005, 0.94194405, -2.17230569e-005, -0.335769872, 0.335769872, -8.48693652e-006, 0.94194405, -2.33115618e-005, -1, -7.00271336e-007, 0, 0, 0, 0, 0, 0, 0, 0.239072729, -0.0841403564, -0.189680103, -0.133721001, 0.636433318, -0.759621887, -0.96862793, 0.0778808594, 0.235717773, 0.209162658, 0.767432204, 0.606152181, 0, 0, -0, 0, 0, 0, 0, 0.277119482, -0.0402576172, -0.146576367, -0.0549675418, 0.332002228, -0.941605793, 0.587646484, -0.751586914, -0.299316406, -0.807164474, -0.569735749, -0.153710005, 0, 1, 5, 1, 
390.224294, 50, 0.1, 0.1, 0.0232521506, 0.352116809, -0.0199604105, 0.941944351, 3.7723291e-005, -0.335769024, 0.335769024, 1.44449026e-005, 0.941944352, 4.03833917e-005, -0.999999999, 9.39981849e-007, 0.941944293, 3.81749618e-005, -0.335769186, 0.335769186, 1.21916041e-005, 0.941944294, 4.00522525e-005, -0.999999999, -1.33416391e-006, 0, 0, 0, 0, 0, 0, 0, 0.239072729, -0.0841403564, -0.189680103, -0.133721001, 0.636433318, -0.759621887, -0.96862793, 0.0778808594, 0.235717773, 0.209162658, 0.767432204, 0.606152181, 0, 0, -0, 0, 0, 0, 0, 0.277119482, -0.0402576172, -0.146576367, -0.0549675418, 0.332002228, -0.941605793, 0.587646484, -0.751586914, -0.299316406, -0.807164474, -0.569735749, -0.153710005, 0, 1, 5, 1, 
390.225089, 50, 0.1, 0.1, 0.0232521515, 0.352116808, -0.0199576028, 0.941944693, 3.25316239e-006, -0.335768068, 0.335768068, 8.66917184e-007, 0.941944693, 3.35538216e-006, -1, -2.75720012e-007, 0.94194462, -1.75516166e-005, -0.335768273, 0.335768273, 6.84424579e-006, 0.94194462, -1.42345703e-005, -1, 1.23401765e-005, 0, 0, 0, 0, 0, 0, 0, 0.239072729, -0.0841403564, -0.189680103, -0.133721001, 0.636433318, -0.759621887, -0.96862793, 0.0778808594, 0.235717773, 0.209162658, 0.767432204, 0.606152181, 0, 0, -0, 0, 0, 0, 0, 0.277119482, -0.0402576172, -0.146576367, -0.0549675418, 0.332002228, -0.941605793, 0.587646484, -0.751586914, -0.299316406, -0.807164474, -0.569735749, -0.153710005, 0, 1, 5, 1, 
390.225881, 50, 0.1, 0.1, 0.0232521532, 0.352116807, -0.0199576055, 0.941945023, 7.69706778e-006, -0.335767141, 0.335767141, 1.80109586e-005, 0.941945023, 1.32977028e-005, -1, 1.43809104e-005, 0.941944961, 7.35215686e-006, -0.335767316, 0.335767316, 1.50446335e-005, 0.941944961, 1.19768233e-005, -1, 1.17026028e-005, 0, 0, 0, 0, 0, 0, 0, 0.239072729, -0.0841403564, -0.189680103, -0.133721001, 0.636433318, -0.759621887, -0.96862793, 0.0778808594, 0.235717773, 0.209162658, 0.767432204, 0.606152181, 0, 0, -0, 0, 0, 0, 0, 0.277119482, -0.0402576172, -0.146576367, -0.0549675418, 0.332002228, -0.941605793, 0.587646484, -0.751586914, -0.299316406, -0.807164474, -0.569735749, -0.153710005, 0, 1, 5, 1, 
390.22667, 50, 0.1, 0.1, 0.0232521554, 0.352116801, -0.0199601912, 0.941945302, 1.05826123e-005, -0.335766359, 0.335766359, -7.38790611e-006, 0.941945302, 7.4876316e-006, -1, -1.05122886e-005, 0.941945246, 2.10590717e-006, -0.335766517, 0.335766516, -3.09095456e-005, 0.941945245, -8.3947412e-006, -1, -2.98221926e-005, 0, 0, 0, 0, 0, 0, 0, 0.239072729, -0.0841403564, -0.189680103, -0.133721001, 0.636433318, -0.759621887, -0.96862793, 0.0778808594, 0.235717773, 0.209162658, 0.767432204, 0.606152181, 0, 0, -0, 0, 0, 0, 0, 0.277119482, -0.0402576172, -0.146576367, -0.0549675418, 0.332002228, -0.941605793, 0.587646484, -0.751586914, -0.299316406, -0.807164474, -0.569735749, -0.153710005, 0, 1, 5, 1, 
390.227489, 50, 0.1, 0.1, 0.023252156, 0.352116806, -0.0199643472, 0.941945481, 1.26654279e-005, -0.335765857, 0.335765857, 8.06505805e-006, 0.941945481, 1.46381137e-005, -1, 3.34422672e-006, 0.941945438, 3.13129673e-006, -0.335765978, 0.335765978, 3.21657358e-005, 0.941945437, 1.37496704e-005, -0.999999999, 2.92469852e-005, 0, 0, 0, 0, 0, 0, 0, 0.240097266, -0.085938501, -0.189451367, -0.135598783, 0.636192183, -0.759476232, -0.968017578, 0.0777587891, 0.238037109, 0.210572397, 0.767470396, 0.605511152, 0, 0, -0, 0, 0, 0, 0, 0.277119482, -0.0402576172, -0.146576367, -0.0570375656, 0.331222413, -0.941758911, 0.588867188, -0.750488281, -0.299682617, -0.806154616, -0.571658851, -0.152253186, 0, 1, 5, 1, 
390.228278, 50, 0.1, 0.1, 0.0232521566, 0.352116794, -0.0199681981, 0.941945778, -4.4888296e-006, -0.335765024, 0.335765024, -3.95123957e-005, 0.941945777, -1.74951146e-005, -0.999999999, -3.57113423e-005, 0.941945715, -9.68013286e-006, -0.335765201, 0.3357652, -6.05480204e-005, 0.941945713, -2.94480779e-005, -0.999999998, -5.37826967e-005, 0, 0, 0, 0, 0, 0, 0, 0.240097266, -0.085938501, -0.189451367, -0.135598783, 0.636192183, -0.759476232, -0.968017578, 0.0777587891, 0.238037109, 0.210572397, 0.767470396, 0.605511152, 0, 0, -0, 0, 0, 0, 0, 0.278343213, -0.0416891113, -0.146332617, -0.0570375656, 0.331222413, -0.941758911, 0.588867188, -0.750488281, -0.299682617, -0.806154616, -0.571658851, -0.152253186, 0, 1, 5, 1, 
390.22907, 50, 0.1, 0.1, 0.0232521556, 0.352116802, -0.0199709041, 0.94194596, -3.62327645e-005, -0.335764512, 0.335764514, 6.24587572e-005, 0.941945958, -1.3157872e-005, -0.999999997, 7.09984505e-005, 0.941945944, -1.83123215e-005, -0.335764558, 0.335764558, 6.83683914e-005, 0.941945942, 5.70646577e-006, -0.999999997, 7.05479575e-005, 0, 0, 0, 0, 0, 0, 0, 0.240097266, -0.085938501, -0.189451367, -0.135598783, 0.636192183, -0.759476232, -0.968017578, 0.0777587891, 0.238037109, 0.210572397, 0.767470396, 0.605511152, 0, 0, -0, 0, 0, 0, 0, 0.278343213, -0.0416891113, -0.146332617, -0.0570375656, 0.331222413, -0.941758911, 0.588867188, -0.750488281, -0.299682617, -0.806154616, -0.571658851, -0.152253186, 0, 1, 5, 1, 
390.229861, 50, 0.1, 0.1, 0.0232521559, 0.352116801, -0.0199716728, 0.941945939, 4.25347112e-005, -0.335764569, 0.335764571, -4.97405738e-005, 0.941945938, 2.33642761e-005, -0.999999998, -6.11345806e-005, 0.941945947, 2.31461548e-005, -0.335764549, 0.33576455, -2.74450685e-005, 0.941945947, 1.25873456e-005, -0.999999999, -3.36234293e-005, 0, 0, 0, 0, 0, 0, 0, 0.240097266, -0.085938501, -0.189451367, -0.135598783, 0.636192183, -0.759476232, -0.968017578, 0.0777587891, 0.238037109, 0.210572397, 0.767470396, 0.605511152, 0, 0, -0, 0, 0, 0, 0, 0.278343213, -0.0416891113, -0.146332617, -0.0570375656, 0.331222413, -0.941758911, 0.588867188, -0.750488281, -0.299682617, -0.806154616, -0.571658851, -0.152253186, 0, 1, 5, 1, 
390.230665, 50, 0.1, 0.1, 0.0232521626, 0.352116788, -0.019970251, 0.941945988, 9.90206744e-008, -0.335764435, 0.335764435, -1.99590752e-005, 0.941945988, -6.60827546e-006, -1, -1.88336184e-005, 0.941945962, 7.42705427e-006, -0.335764509, 0.335764509, -5.05877629e-005, 0.94194596, -9.98969158e-006, -0.999999999, -5.01446802e-005, 0, 0, 0, 0, 0, 0, 0, 0.240097266, -0.085938501, -0.189451367, -0.135598783, 0.636192183, -0.759476232, -0.968017578, 0.0777587891, 0.238037109, 0.210572397, 0.767470396, 0.605511152, 0, 0, -0, 0, 0, 0, 0, 0.279373486, -0.0433204102, -0.145870752, -0.0585964633, 0.330634361, -0.941873749, 0.58984375, -0.749633789, -0.299926758, -0.805336521, -0.573070828, -0.151160572, 0, 1, 5, 1, 
390.231455, 50, 0.1, 0.1, 0.0232521592, 0.352116797, -0.019967394, 0.941946078, -3.79437821e-005, -0.33576418, 0.335764182, 4.33286674e-005, 0.941946077, -2.11927822e-005, -0.999999998, 5.35534313e-005, 0.941946076, -3.61154132e-005, -0.335764187, 0.335764188, 5.6384139e-005, 0.941946074, -1.50869971e-005, -0.999999998, 6.52370809e-005, 0, 0, 0, 0, 0, 0, 0, 0.240097266, -0.085938501, -0.189451367, -0.135598783, 0.636192183, -0.759476232, -0.968017578, 0.0777587891, 0.238037109, 0.210572397, 0.767470396, 0.605511152, 0, 0, -0, 0, 0, 0, 0, 0.279373486, -0.0433204102, -0.145870752, -0.0585964633, 0.330634361, -0.941873749, 0.58984375, -0.749633789, -0.299926758, -0.805336521, -0.573070828, -0.151160572, 0, 1, 5, 1, 
390.232264, 50, 0.1, 0.1, 0.0232521614, 0.352116792, -0.0199640136, 0.941946058, 1.49327467e-005, -0.335764239, 0.335764239, -2.70615847e-005, 0.941946057, 4.9795295e-006, -1, -3.05044354e-005, 0.941946057, 1.1791791e-005, -0.335764242, 0.335764242, -3.48447931e-005, 0.941946056, -5.92404491e-007, -0.999999999, -3.67811772e-005, 0, 0, 0, 0, 0, 0, 0, 0.240097266, -0.085938501, -0.189451367, -0.138111603, 0.636331847, -0.758892491, -0.967529297, 0.0766601562, 0.240356445, 0.21109398, 0.767571867, 0.605295105, 0, 0, -0, 0, 0, 0, 0, 0.279373486, -0.0433204102, -0.145870752, -0.0585964633, 0.330634361, -0.941873749, 0.58984375, -0.749633789, -0.299926758, -0.805336521, -0.573070828, -0.151160572, 0, 1, 5, 1, 
390.233057, 50, 0.1, 0.1, 0.0232521604, 0.352116795, -0.0199612813, 0.94194606, -1.44519293e-005, -0.335764232, 0.335764233, 2.12386354e-005, 0.94194606, -6.48176372e-006, -1, 2.48580899e-005, 0.941946058, -1.16473041e-005, -0.335764238, 0.335764238, 3.59118309e-005, 0.941946057, 1.08677636e-006, -0.999999999, 3.77377558e-005, 0, 0, 0, 0, 0, 0, 0, 0.241086646, -0.0872705078, -0.18919895, -0.138111603, 0.636331847, -0.758892491, -0.967529297, 0.0766601562, 0.240356445, 0.21109398, 0.767571867, 0.605295105, 0, 0, -0, 0, 0, 0, 0, 0.279373486, -0.0433204102, -0.145870752, -0.0585964633, 0.330634361, -0.941873749, 0.58984375, -0.749633789, -0.299926758, -0.805336521, -0.573070828, -0.151160572, 0, 1, 5, 1, 
390.233851, 50, 0.1, 0.1, 0.0232521632, 0.352116794, -0.019960106, 0.941946055, 1.96893931e-005, -0.335764246, 0.335764246, 1.67938696e-005, 0.941946055, 2.41851271e-005, -1, 9.20792499e-006, 0.941946055, 1.59421624e-005, -0.335764246, 0.335764246, 1.26459694e-005, 0.941946055, 1.92627214e-005, -1, 6.55901286e-006, 0, 0, 0, 0, 0, 0, 0, 0.241086646, -0.0872705078, -0.18919895, -0.138111603, 0.636331847, -0.758892491, -0.967529297, 0.0766601562, 0.240356445, 0.21109398, 0.767571867, 0.605295105, 0, 0, -0, 0, 0, 0, 0, 0.279373486, -0.0433204102, -0.145870752, -0.0585964633, 0.330634361, -0.941873749, 0.58984375, -0.749633789, -0.299926758, -0.805336521, -0.573070828, -0.151160572, 0, 1, 5, 1, 
390.234656, 50, 0.1, 0.1, 0.0232521638, 0.352116793, -0.0199607735, 0.941946063, 5.64629805e-006, -0.335764223, 0.335764223, 1.5259528e-005, 0.941946063, 1.04421118e-005, -1, 1.24778274e-005, 0.941946065, -8.47009964e-006, -0.335764219, 0.335764219, -9.48148918e-006, 0.941946065, -1.11619218e-005, -1, -6.08709503e-006, 0, 0, 0, 0, 0, 0, 0, 0.241086646, -0.0872705078, -0.18919895, -0.141062509, 0.636128904, -0.758607173, -0.967163086, 0.0749511719, 0.242675781, 0.211190582, 0.767851194, 0.604755547, 0, 0, -0, 0, 0, 0, 0, 0.279373486, -0.0433204102, -0.145870752, -0.0585964633, 0.330634361, -0.941873749, 0.58984375, -0.749633789, -0.299926758, -0.805336521, -0.573070828, -0.151160572, 0, 1, 5, 1, 
390.235459, 50, 0.1, 0.1, 0.0232521644, 0.352116789, -0.0199626187, 0.941946068, -8.02486486e-006, -0.335764211, 0.335764211, -2.93006441e-005, 0.941946067, -1.73970976e-005, -1, -2.49051641e-005, 0.941946067, -1.14774927e-005, -0.335764214, 0.335764213, -3.57696977e-005, 0.941946066, -2.28213635e-005, -0.999999999, -2.98393947e-005, 0, 0, 0, 0, 0, 0, 0, 0.242052344, -0.0888427246, -0.188739526, -0.141062509, 0.636128904, -0.758607173, -0.967163086, 0.0749511719, 0.242675781, 0.211190582, 0.767851194, 0.604755547, 0, 0, -0, 0, 0, 0, 0, 0.280686816, -0.0447533691, -0.145207373, -0.0593183097, 0.329682105, -0.942193111, 0.591064453, -0.748901367, -0.299316406, -0.804307705, -0.574521084, -0.150457682, 0, 1, 5, 1, 
390.236255, 50, 0.1, 0.1, 0.0232521636, 0.352116793, -0.0199651687, 0.941946002, -1.5410924e-005, -0.335764394, 0.335764394, 2.70080644e-005, 0.941946002, -5.44791189e-006, -1, 3.06145778e-005, 0.941946018, -1.19248769e-005, -0.335764349, 0.335764349, 4.0138592e-005, 0.941946018, 2.2445179e-006, -0.999999999, 4.18123355e-005, 0, 0, 0, 0, 0, 0, 0, 0.242052344, -0.0888427246, -0.188739526, -0.141062509, 0.636128904, -0.758607173, -0.967163086, 0.0749511719, 0.242675781, 0.211190582, 0.767851194, 0.604755547, 0, 0, -0, 0, 0, 0, 0, 0.280686816, -0.0447533691, -0.145207373, -0.0593183097, 0.329682105, -0.942193111, 0.591064453, -0.748901367, -0.299316406, -0.804307705, -0.574521084, -0.150457682, 0, 1, 5, 1, 
390.237045, 50, 0.1, 0.1, 0.023252169, 0.352116785, -0.0199676416, 0.941945901, 1.14416834e-005, -0.335764678, 0.335764678, -4.73115463e-005, 0.9419459, -5.10809936e-006, -0.999999999, -4.84066303e-005, 0.941945913, 3.00519752e-005, -0.335764645, 0.335764646, -4.69142103e-005, 0.941945912, 1.2555202e-005, -0.999999998, -5.42810395e-005, 0, 0, 0, 0, 0, 0, 0, 0.242052344, -0.0888427246, -0.188739526, -0.141062509, 0.636128904, -0.758607173, -0.967163086, 0.0749511719, 0.242675781, 0.211190582, 0.767851194, 0.604755547, 0, 0, -0, 0, 0, 0, 0, 0.280686816, -0.0447533691, -0.145207373, -0.0593183097, 0.329682105, -0.942193111, 0.591064453, -0.748901367, -0.299316406, -0.804307705, -0.574521084, -0.150457682, 0, 1, 5, 1, 
390.237836, 50, 0.1, 0.1, 0.0232521688, 0.35211679, -0.0199692635, 0.941945929, -1.47676632e-005, -0.335764601, 0.335764601, 7.15578001e-005, 0.941945926, 1.0116236e-005, -0.999999997, 7.2362037e-005, 0.941945928, -5.90734324e-006, -0.335764603, 0.335764603, 6.23743838e-005, 0.941945926, 1.53787123e-005, -0.999999998, 6.07367736e-005, 0, 0, 0, 0, 0, 0, 0, 0.242052344, -0.0888427246, -0.188739526, -0.141062509, 0.636128904, -0.758607173, -0.967163086, 0.0749511719, 0.242675781, 0.211190582, 0.767851194, 0.604755547, 0, 0, -0, 0, 0, 0, 0, 0.280686816, -0.0447533691, -0.145207373, -0.0593183097, 0.329682105, -0.942193111, 0.591064453, -0.748901367, -0.299316406, -0.804307705, -0.574521084, -0.150457682, 0, 1, 5, 1, 
390.238658, 50, 0.1, 0.1, 0.0232521685, 0.352116795, -0.0199695352, 0.941945853, 2.63856564e-005, -0.335764813, 0.335764814, -1.78024446e-005, 0.941945853, 1.88764252e-005, -0.999999999, -2.56283139e-005, 0.941945871, 1.26855708e-005, -0.335764763, 0.335764763, 3.78004028e-006, 0.941945871, 1.32183254e-005, -1, -6.98774344e-007, 0, 0, 0, 0, 0, 0, 0, 0.242052344, -0.0888427246, -0.188739526, -0.141062509, 0.636128904, -0.758607173, -0.967163086, 0.0749511719, 0.242675781, 0.211190582, 0.767851194, 0.604755547, 0, 0, -0, 0, 0, 0, 0, 0.280686816, -0.0447533691, -0.145207373, -0.0593183097, 0.329682105, -0.942193111, 0.591064453, -0.748901367, -0.299316406, -0.804307705, -0.574521084, -0.150457682, 0, 1, 5, 1, 
390.239555, 50, 0.1, 0.1, 0.0232521709, 0.35211679, -0.0199668274, 0.941945887, 7.36377398e-006, -0.335764717, 0.335764717, 2.56151282e-005, 0.941945887, 1.55369329e-005, -1, 2.16555692e-005, 0.94194586, -7.22287807e-006, -0.335764793, 0.335764793, 6.63080207e-006, 0.94194586, -4.57717021e-006, -1, 8.67104472e-006, 0, 0, 0, 0, 0, 0, 0, 0.242052344, -0.0888427246, -0.188739526, -0.144586295, 0.63630676, -0.757731, -0.967407227, 0.0698242187, 0.243286133, 0.207670161, 0.7681938, 0.60560551, 0, 0, -0, 0, 0, 0, 0, 0.280686816, -0.0447533691, -0.145207373, -0.0593183097, 0.329682105, -0.942193111, 0.591064453, -0.748901367, -0.299316406, -0.804307705, -0.574521084, -0.150457682, 0, 1, 5, 1, 
390.240366, 50, 0.1, 0.1, 0.0232521733, 0.352116788, -0.01996324, 0.941946029, 3.83041826e-006, -0.33576432, 0.33576432, -2.50104423e-005, 0.941946028, -4.78956688e-006, -1, -2.48446045e-005, 0.941946004, -1.16447369e-006, -0.335764391, 0.335764391, -3.01001406e-005, 0.941946003, -1.12034267e-005, -1, -2.79617184e-005, 0, 0, 0, 0, 0, 0, 0, 0.243201001, -0.0895023193, -0.188022437, -0.144586295, 0.63630676, -0.757731, -0.967407227, 0.0698242187, 0.243286133, 0.207670161, 0.7681938, 0.60560551, 0, 0, -0, 0, 0, 0, 0, 0.281833301, -0.0464444824, -0.144344189, -0.0591775851, 0.328257002, -0.942704237, 0.592529297, -0.748291016, -0.297851562, -0.803310973, -0.576143781, -0.150265918, 0, 1, 5, 1, 
390.241157, 50, 0.1, 0.1, 0.0232521735, 0.352116791, -0.0199607596, 0.941946045, -2.3498765e-005, -0.335764273, 0.335764273, 1.05018581e-005, 0.941946045, -1.86084201e-005, -1, 1.77822295e-005, 0.94194606, -2.19057695e-005, -0.335764233, 0.335764234, 2.76364987e-005, 0.941946059, -1.13547055e-005, -0.999999999, 3.3387265e-005, 0, 0, 0, 0, 0, 0, 0, 0.243201001, -0.0895023193, -0.188022437, -0.144586295, 0.63630676, -0.757731, -0.967407227, 0.0698242187, 0.243286133, 0.207670161, 0.7681938, 0.60560551, 0, 0, -0, 0, 0, 0, 0, 0.281833301, -0.0464444824, -0.144344189, -0.0591775851, 0.328257002, -0.942704237, 0.592529297, -0.748291016, -0.297851562, -0.803310973, -0.576143781, -0.150265918, 0, 1, 5, 1, 
390.241949, 50, 0.1, 0.1, 0.0232521753, 0.352116788, -0.0199600295, 0.941945875, -2.14967405e-005, -0.335764752, 0.335764752, 1.72364041e-005, 0.941945875, -1.44613891e-005, -1, 2.34536075e-005, 0.941945915, 9.4024679e-006, -0.335764638, 0.335764639, -3.36406248e-006, 0.941945915, 7.72708301e-006, -1, -6.32578114e-006, 0, 0, 0, 0, 0, 0, 0, 0.243201001, -0.0895023193, -0.188022437, -0.144586295, 0.63630676, -0.757731, -0.967407227, 0.0698242187, 0.243286133, 0.207670161, 0.7681938, 0.60560551, 0, 0, -0, 0, 0, 0, 0, 0.281833301, -0.0464444824, -0.144344189, -0.0591775851, 0.328257002, -0.942704237, 0.592529297, -0.748291016, -0.297851562, -0.803310973, -0.576143781, -0.150265918, 0, 1, 5, 1, 
390.242741, 50, 0.1, 0.1, 0.0232521745, 0.352116789, -0.019961136, 0.941945747, 9.58864075e-006, -0.33576511, 0.33576511, -2.22158928e-005, 0.941945747, 1.57265768e-006, -1, -2.41456967e-005, 0.941945756, 1.26470775e-005, -0.335765087, 0.335765087, -5.58490143e-006, 0.941945756, 1.0037646e-005, -1, -9.50712127e-006, 0, 0, 0, 0, 0, 0, 0, 0.243201001, -0.0895023193, -0.188022437, -0.144586295, 0.63630676, -0.757731, -0.967407227, 0.0698242187, 0.243286133, 0.207670161, 0.7681938, 0.60560551, 0, 0, -0, 0, 0, 0, 0, 0.281833301, -0.0464444824, -0.144344189, -0.0591775851, 0.328257002, -0.942704237, 0.592529297, -0.748291016, -0.297851562, -0.803310973, -0.576143781, -0.150265918, 0, 1, 5, 1, 
390.243528, 50, 0.1, 0.1, 0.0232521735, 0.352116789, -0.0199635903, 0.94194583, 2.0705569e-005, -0.335764877, 0.335764876, 3.43313099e-005, 0.94194583, 3.10307725e-005, -0.999999999, 2.53860314e-005, 0.941945795, -9.23470225e-006, -0.335764977, 0.335764977, 2.57079667e-005, 0.941945794, -6.67541158e-008, -1, 2.73162007e-005, 0, 0, 0, 0, 0, 0, 0, 0.243201001, -0.0895023193, -0.188022437, -0.144586295, 0.63630676, -0.757731, -0.967407227, 0.0698242187, 0.243286133, 0.207670161, 0.7681938, 0.60560551, 0, 0, -0, 0, 0, 0, 0, 0.281833301, -0.0464444824, -0.144344189, -0.0591775851, 0.328257002, -0.942704237, 0.592529297, -0.748291016, -0.297851562, -0.803310973, -0.576143781, -0.150265918, 0, 1, 5, 1, 
390.244331, 50, 0.1, 0.1, 0.0232521813, 0.352116787, -0.019966543, 0.941946149, -1.29634789e-005, -0.335763982, 0.335763982, -1.84529565e-005, 0.941946149, -1.84067372e-005, -1, -1.3029022e-005, 0.941946066, 2.55822479e-005, -0.335764214, 0.335764215, -1.90959883e-005, 0.941946066, 1.76853483e-005, -0.999999999, -2.65769944e-005, 0, 0, 0, 0, 0, 0, 0, 0.243201001, -0.0895023193, -0.188022437, -0.146046209, 0.635558268, -0.758086711, -0.967285156, 0.0686035156, 0.243774414, 0.207036245, 0.768930309, 0.604920298, 0, 0, -0, 0, 0, 0, 0, 0.281833301, -0.0464444824, -0.144344189, -0.0591775851, 0.328257002, -0.942704237, 0.592529297, -0.748291016, -0.297851562, -0.803310973, -0.576143781, -0.150265918, 0, 1, 5, 1, 
390.245136, 50, 0.1, 0.1, 0.0232521749, 0.352116786, -0.0199686059, 0.941946615, 7.75411603e-006, -0.335762675, 0.335762675, -8.03820756e-006, 0.941946615, 4.60503327e-006, -1, -1.01751051e-005, 0.941946524, -2.61299515e-005, -0.335762929, 0.335762929, 2.98479957e-006, 0.941946525, -2.3610832e-005, -1, 1.15849906e-005, 0, 0, 0, 0, 0, 0, 0, 0.244017432, -0.0915475098, -0.187149731, -0.146046209, 0.635558268, -0.758086711, -0.967285156, 0.0686035156, 0.243774414, 0.207036245, 0.768930309, 0.604920298, 0, 0, -0, 0, 0, 0, 0, 0.282693555, -0.0479572754, -0.143688867, -0.0600335929, 0.32625041, -0.943330202, 0.593994141, -0.747802734, -0.296386719, -0.802173516, -0.57807308, -0.14898154, 0, 1, 5, 1, 
390.245924, 50, 0.1, 0.1, 0.0232521775, 0.352116785, -0.0199694871, 0.941946993, -3.38018181e-005, -0.335761614, 0.335761615, 1.34557728e-005, 0.941946993, -2.73215889e-005, -0.999999999, 2.40239777e-005, 0.941946935, -4.54971604e-006, -0.335761779, 0.335761779, 1.3556231e-005, 0.941946935, 2.66073171e-007, -1, 1.4296871e-005, 0, 0, 0, 0, 0, 0, 0, 0.244017432, -0.0915475098, -0.187149731, -0.146046209, 0.635558268, -0.758086711, -0.967285156, 0.0686035156, 0.243774414, 0.207036245, 0.768930309, 0.604920298, 0, 0, -0, 0, 0, 0, 0, 0.282693555, -0.0479572754, -0.143688867, -0.0600335929, 0.32625041, -0.943330202, 0.593994141, -0.747802734, -0.296386719, -0.802173516, -0.57807308, -0.14898154, 0, 1, 5, 1, 
390.246727, 50, 0.1, 0.1, 0.0232521736, 0.352116781, -0.0199689588, 0.941947169, 2.17201358e-005, -0.335761122, 0.335761122, -1.03281841e-005, 0.941947169, 1.69914178e-005, -1, -1.7021381e-005, 0.941947153, -8.49887006e-006, -0.335761166, 0.335761166, -2.35919657e-005, 0.941947153, -1.59267524e-005, -1, -1.93687944e-005, 0, 0, 0, 0, 0, 0, 0, 0.244017432, -0.0915475098, -0.187149731, -0.146287344, 0.635336229, -0.758124903, -0.967285156, 0.0686035156, 0.244018555, 0.207074437, 0.769089069, 0.604679163, 0, 0, -0, 0, 0, 0, 0, 0.282693555, -0.0479572754, -0.143688867, -0.0600335929, 0.32625041, -0.943330202, 0.593994141, -0.747802734, -0.296386719, -0.802173516, -0.57807308, -0.14898154, 0, 1, 5, 1, 
