time, trialNum, realDorsalTactorPos, realVentralTactorPos, box1PosX, box1PosY, box1PosZ, box1LocalRot_11, box1LocalRot_12, box1LocalRot_13, box1LocalRot_21, box1LocalRot_22, box1LocalRot_23, box1LocalRot_31, box1LocalRot_32, box1LocalRot_33, box1GlobalRot_11, box1GlobalRot_12, box1GlobalRot_13, box1GlobalRot_21, box1GlobalRot_22, box1GlobalRot_23, box1GlobalRot_31, box1GlobalRot_32, box1GlobalRot_33, indexForceX, indexForceY, indexForceZ, indexForceGlobalX, indexForceGlobalY, indexForceGlobalZ, indexContact, indexPosX, indexPosY, indexPosZ, indexRot_11, indexRot_12, indexRot_13, indexRot_21, indexRot_22, indexRot_23, indexRot_31, indexRot_32, indexRot_33, thumbForceX, thumbForceY, thumbForceZ, thumbForceGlobalX, thumbForceGlobalY, thumbForceGlobalZ, thumbContact, thumbPosX, thumbPosY, thumbPosZ, thumbRot_11, thumbRot_12, thumbRot_13, thumbRot_21, thumbRot_22, thumbRot_23, thumbRot_31, thumbRot_32, thumbRot_33, manipForceTooHigh, cceExpType, mapping, trialSuccess, 
658.403353, 45, 0.1, 0.1, 0.0226619148, 0.354445293, -0.0199588412, 0.974350631, -0.22503521, -4.01651991e-005, 0.225035212, 0.974350628, 7.84248116e-005, 2.14866431e-005, -8.54518488e-005, 0.999999996, 0.974350635, -0.22503519, -5.75134758e-005, 0.225035193, 0.974350634, 5.95009579e-005, 4.26484823e-005, -7.09173522e-005, 0.999999997, 0, 0, 0, 0, 0, 0, 0, 0.213423389, -0.106472241, -0.214697021, -0.0251806682, 0.213359142, -0.976607406, -0.996337891, 0.0740966797, 0.0418701172, 0.0813567769, 0.974099456, 0.210790156, -0, 0, 0, 0, 0, 0, 0, 0.24756377, -0.0437972656, -0.214054395, -0.0770051005, -0.0616960857, -0.995027016, 0.447998047, -0.893676758, 0.0207519531, -0.890613646, -0.444185023, 0.0964710053, 0, 1, 5, 1, 
658.445846, 45, 0.1, 0.1, 0.022661929, 0.354445278, -0.0199642116, 0.974359784, -0.224995578, -2.61322911e-005, 0.224995579, 0.974359784, 3.15907486e-005, 1.83544748e-005, -3.66604049e-005, 0.999999999, 0.974359779, -0.224995603, -1.88336926e-006, 0.224995603, 0.974359778, 4.72031712e-005, -8.78542675e-006, -4.64166213e-005, 0.999999999, 0, 0, 0, 0, 0, 0, 0, 0.222078198, -0.106224463, -0.214738525, -0.0258812289, 0.28034109, -0.959567754, -0.996704102, 0.0659179687, 0.0460205078, 0.0761532817, 0.957681737, 0.277797191, -0, 0, 0, 0, 0, 0, 0, 0.255774023, -0.0443757324, -0.210265088, -0.0671639081, -0.0261998119, -0.997318355, 0.467285156, -0.883911133, -0.00817871093, -0.881478277, -0.466598412, 0.0715588911, 0, 1, 5, 1, 
658.44664, 45, 0.1, 0.1, 0.02266193, 0.354445284, -0.0199627079, 0.974359689, -0.224995991, 3.00029867e-005, 0.224995992, 0.974359688, -3.01455695e-005, -2.24510685e-005, 3.61231795e-005, 0.999999999, 0.974359721, -0.224995853, 2.00517895e-005, 0.224995854, 0.97435972, -4.18504711e-005, -1.01214736e-005, 4.52889828e-005, 0.999999999, 0, 0, 0, 0, 0, 0, 0, 0.222078198, -0.106224463, -0.214738525, -0.0258812289, 0.28034109, -0.959567754, -0.996704102, 0.0659179687, 0.0460205078, 0.0761532817, 0.957681737, 0.277797191, -0, 0, 0, 0, 0, 0, 0, 0.255774023, -0.0443757324, -0.210265088, -0.0671639081, -0.0261998119, -0.997318355, 0.467285156, -0.883911133, -0.00817871093, -0.881478277, -0.466598412, 0.0715588911, 0, 1, 5, 1, 
658.447436, 45, 0.1, 0.1, 0.0226619342, 0.354445279, -0.0199622098, 0.974359452, -0.224997016, -4.01427773e-005, 0.224997017, 0.974359452, 2.7466994e-005, 3.29335028e-005, -3.57947304e-005, 0.999999999, 0.974359505, -0.224996783, -4.31107557e-005, 0.224996785, 0.974359505, 3.70577135e-005, 3.36675083e-005, -4.58073169e-005, 0.999999998, 0, 0, 0, 0, 0, 0, 0, 0.222078198, -0.106224463, -0.214738525, -0.0258812289, 0.28034109, -0.959567754, -0.996704102, 0.0659179687, 0.0460205078, 0.0761532817, 0.957681737, 0.277797191, -0, 0, 0, 0, 0, 0, 0, 0.255774023, -0.0443757324, -0.210265088, -0.0671639081, -0.0261998119, -0.997318355, 0.467285156, -0.883911133, -0.00817871093, -0.881478277, -0.466598412, 0.0715588911, 0, 1, 5, 1, 
658.448243, 45, 0.1, 0.1, 0.022661931, 0.354445285, -0.0199627486, 0.974359191, -0.224998149, 1.63694183e-005, 0.22499815, 0.97435919, -3.83224896e-005, -7.32720389e-006, 4.10229588e-005, 0.999999999, 0.974359241, -0.22499793, 3.22614168e-005, 0.224997931, 0.97435924, -4.44550187e-005, -2.14319224e-005, 5.05739103e-005, 0.999999998, 0, 0, 0, 0, 0, 0, 0, 0.222078198, -0.106224463, -0.214738525, -0.0258812289, 0.28034109, -0.959567754, -0.996704102, 0.0659179687, 0.0460205078, 0.0761532817, 0.957681737, 0.277797191, -0, 0, 0, 0, 0, 0, 0, 0.255774023, -0.0443757324, -0.210265088, -0.0678602349, -0.02259641, -0.99744632, 0.46862793, -0.883178711, -0.0118408203, -0.880692265, -0.468183562, 0.0704407571, 0, 1, 5, 1, 
658.449035, 45, 0.1, 0.1, 0.0226619353, 0.354445281, -0.0199639747, 0.974359054, -0.22499874, 7.1416807e-006, 0.22499874, 0.974359054, 3.64392435e-005, -1.51573451e-005, -3.38980377e-005, 0.999999999, 0.974359069, -0.224998678, -2.05827284e-005, 0.224998679, 0.974359068, 3.8363258e-005, 1.14232857e-005, -4.20106751e-005, 0.999999999, 0, 0, 0, 0, 0, 0, 0, 0.222078198, -0.106224463, -0.214738525, -0.0258812289, 0.28034109, -0.959567754, -0.996704102, 0.0659179687, 0.0460205078, 0.0761532817, 0.957681737, 0.277797191, -0, 0, 0, 0, 0, 0, 0, 0.256190967, -0.0441706543, -0.21029707, -0.0678602349, -0.02259641, -0.99744632, 0.46862793, -0.883178711, -0.0118408203, -0.880692265, -0.468183562, 0.0704407571, 0, 1, 5, 1, 
658.449841, 45, 0.1, 0.1, 0.0226619326, 0.354445286, -0.0199655893, 0.974359104, -0.224998524, -1.44515298e-005, 0.224998523, 0.974359104, -3.70207021e-005, 2.24105829e-005, 3.28198853e-005, 0.999999999, 0.97435908, -0.224998629, -1.53751586e-007, 0.224998629, 0.974359079, -4.3092681e-005, 9.8456034e-006, 4.19531511e-005, 0.999999999, 0, 0, 0, 0, 0, 0, 0, 0.222078198, -0.106224463, -0.214738525, -0.0258812289, 0.28034109, -0.959567754, -0.996704102, 0.0659179687, 0.0460205078, 0.0761532817, 0.957681737, 0.277797191, -0, 0, 0, 0, 0, 0, 0, 0.256190967, -0.0441706543, -0.21029707, -0.0678602349, -0.02259641, -0.99744632, 0.46862793, -0.883178711, -0.0118408203, -0.880692265, -0.468183562, 0.0704407571, 0, 1, 5, 1, 
658.45065, 45, 0.1, 0.1, 0.0226619321, 0.354445279, -0.0199667348, 0.974359295, -0.224997698, 1.98360006e-005, 0.224997697, 0.974359294, 4.11430656e-005, -2.85844866e-005, -3.56250739e-005, 0.999999999, 0.974359251, -0.224997887, 1.84537733e-005, 0.224997885, 0.974359251, 4.94483406e-005, -2.91063768e-005, -4.40283882e-005, 0.999999999, 0, 0, 0, 0, 0, 0, 0, 0.222726074, -0.1063521, -0.214841772, -0.0263945774, 0.286698962, -0.957591126, -0.996582031, 0.0667724609, 0.0474853516, 0.0775940993, 0.955686013, 0.284034496, -0, 0, 0, 0, 0, 0, 0, 0.256190967, -0.0441706543, -0.21029707, -0.0678602349, -0.02259641, -0.99744632, 0.46862793, -0.883178711, -0.0118408203, -0.880692265, -0.468183562, 0.0704407571, 0, 1, 5, 1, 
658.451442, 45, 0.1, 0.1, 0.0226619327, 0.354445284, -0.0199672407, 0.974359504, -0.224996792, 4.92156511e-007, 0.224996792, 0.974359504, -3.25696555e-005, 6.84853063e-006, 3.1845287e-005, 0.999999999, 0.974359467, -0.224996954, -9.0039314e-006, 0.224996953, 0.974359466, -4.25065291e-005, 1.83369054e-005, 3.93907819e-005, 0.999999999, 0, 0, 0, 0, 0, 0, 0, 0.222726074, -0.1063521, -0.214841772, -0.0263945774, 0.286698962, -0.957591126, -0.996582031, 0.0667724609, 0.0474853516, 0.0775940993, 0.955686013, 0.284034496, -0, 0, 0, 0, 0, 0, 0, 0.256190967, -0.0441706543, -0.21029707, -0.0678602349, -0.02259641, -0.99744632, 0.46862793, -0.883178711, -0.0118408203, -0.880692265, -0.468183562, 0.0704407571, 0, 1, 5, 1, 
658.452236, 45, 0.1, 0.1, 0.0226619315, 0.354445279, -0.0199671199, 0.974359609, -0.224996336, -2.27123053e-005, 0.224996336, 0.974359609, 2.6134968e-005, 1.62496809e-005, -3.05750427e-005, 0.999999999, 0.9743596, -0.224996379, -6.47506736e-007, 0.224996379, 0.974359599, 4.00958385e-005, -8.39051408e-006, -3.92134518e-005, 0.999999999, 0, 0, 0, 0, 0, 0, 0, 0.222726074, -0.1063521, -0.214841772, -0.0263945774, 0.286698962, -0.957591126, -0.996582031, 0.0667724609, 0.0474853516, 0.0775940993, 0.955686013, 0.284034496, -0, 0, 0, 0, 0, 0, 0, 0.256190967, -0.0441706543, -0.21029707, -0.0678602349, -0.02259641, -0.99744632, 0.46862793, -0.883178711, -0.0118408203, -0.880692265, -0.468183562, 0.0704407571, 0, 1, 5, 1, 
658.453045, 45, 0.1, 0.1, 0.0226619321, 0.354445285, -0.0199663737, 0.974359543, -0.224996624, 2.85130436e-005, 0.224996625, 0.974359542, -2.77432548e-005, -2.15398174e-005, 3.34472436e-005, 0.999999999, 0.974359571, -0.224996504, 1.86826369e-005, 0.224996505, 0.97435957, -3.94627261e-005, -9.3246306e-006, 4.26544129e-005, 0.999999999, 0, 0, 0, 0, 0, 0, 0, 0.222726074, -0.1063521, -0.214841772, -0.024922681, 0.29094391, -0.956383208, -0.996704102, 0.0661621094, 0.0461425781, 0.0767430142, 0.95439572, 0.288539674, -0, 0, 0, 0, 0, 0, 0, 0.256190967, -0.0441706543, -0.21029707, -0.0678602349, -0.02259641, -0.99744632, 0.46862793, -0.883178711, -0.0118408203, -0.880692265, -0.468183562, 0.0704407571, 0, 1, 5, 1, 
658.453855, 45, 0.1, 0.1, 0.0226619357, 0.35444528, -0.0199649604, 0.974359342, -0.224997493, -3.6000775e-005, 0.224997494, 0.974359342, 2.52661698e-005, 2.93928665e-005, -3.27184127e-005, 0.999999999, 0.974359387, -0.224997296, -3.90168872e-005, 0.224997297, 0.974359387, 3.45281019e-005, 3.02477408e-005, -4.24214744e-005, 0.999999999, 0, 0, 0, 0, 0, 0, 0, 0.223691675, -0.106585571, -0.214096606, -0.024922681, 0.29094391, -0.956383208, -0.996704102, 0.0661621094, 0.0461425781, 0.0767430142, 0.95439572, 0.288539674, -0, 0, 0, 0, 0, 0, 0, 0.256747314, -0.0440371094, -0.209686426, -0.0664799746, -0.0199259414, -0.997555328, 0.470581055, -0.882202148, -0.013671875, -0.879810737, -0.470234996, 0.0679744456, 0, 1, 5, 1, 
658.454647, 45, 0.1, 0.1, 0.0226619323, 0.354445286, -0.0199637983, 0.974359121, -0.224998451, 1.71111291e-005, 0.224998451, 0.97435912, -3.6714663e-005, -8.41164237e-006, 3.96232443e-005, 0.999999999, 0.97435916, -0.224998279, 3.17405117e-005, 0.22499828, 0.97435916, -4.25497573e-005, -2.13530362e-005, 4.86003064e-005, 0.999999999, 0, 0, 0, 0, 0, 0, 0, 0.223691675, -0.106585571, -0.214096606, -0.024922681, 0.29094391, -0.956383208, -0.996704102, 0.0661621094, 0.0461425781, 0.0767430142, 0.95439572, 0.288539674, -0, 0, 0, 0, 0, 0, 0, 0.256747314, -0.0440371094, -0.209686426, -0.0664799746, -0.0199259414, -0.997555328, 0.470581055, -0.882202148, -0.013671875, -0.879810737, -0.470234996, 0.0679744456, 0, 1, 5, 1, 
658.455439, 45, 0.1, 0.1, 0.0226619362, 0.354445281, -0.019963286, 0.974359014, -0.224998915, 1.06738042e-005, 0.224998914, 0.974359014, 3.59846667e-005, -1.84966283e-005, -3.266039e-005, 0.999999999, 0.974359023, -0.224998876, -1.78375896e-005, 0.224998877, 0.974359022, 3.86233226e-005, 8.69001215e-006, -4.16464205e-005, 0.999999999, 0, 0, 0, 0, 0, 0, 0, 0.223691675, -0.106585571, -0.214096606, -0.024922681, 0.29094391, -0.956383208, -0.996704102, 0.0661621094, 0.0461425781, 0.0767430142, 0.95439572, 0.288539674, -0, 0, 0, 0, 0, 0, 0, 0.256747314, -0.0440371094, -0.209686426, -0.0664799746, -0.0199259414, -0.997555328, 0.470581055, -0.882202148, -0.013671875, -0.879810737, -0.470234996, 0.0679744456, 0, 1, 5, 1, 
658.456233, 45, 0.1, 0.1, 0.0226619327, 0.354445287, -0.0199635417, 0.974359093, -0.224998572, -1.19443997e-005, 0.224998571, 0.974359093, -4.23886509e-005, 2.11755203e-005, 3.86142946e-005, 0.999999999, 0.974359065, -0.224998696, 1.99572979e-006, 0.224998696, 0.974359063, -4.8516866e-005, 8.97167417e-006, 4.77218848e-005, 0.999999999, 0, 0, 0, 0, 0, 0, 0, 0.223691675, -0.106585571, -0.214096606, -0.024922681, 0.29094391, -0.956383208, -0.996704102, 0.0661621094, 0.0461425781, 0.0767430142, 0.95439572, 0.288539674, -0, 0, 0, 0, 0, 0, 0, 0.256747314, -0.0440371094, -0.209686426, -0.0664799746, -0.0199259414, -0.997555328, 0.470581055, -0.882202148, -0.013671875, -0.879810737, -0.470234996, 0.0679744456, 0, 1, 5, 1, 
658.457025, 45, 0.1, 0.1, 0.0226619315, 0.354445281, -0.0199644188, 0.974359311, -0.224997628, 2.29273533e-005, 0.224997627, 0.974359311, 3.99269654e-005, -3.13229526e-005, -3.37446104e-005, 0.999999999, 0.974359262, -0.224997841, 2.15799271e-005, 0.224997839, 0.974359261, 4.82776e-005, -3.18889576e-005, -4.21842897e-005, 0.999999999, 0, 0, 0, 0, 0, 0, 0, 0.223691675, -0.106585571, -0.214096606, -0.024922681, 0.29094391, -0.956383208, -0.996704102, 0.0661621094, 0.0461425781, 0.0767430142, 0.95439572, 0.288539674, -0, 0, 0, 0, 0, 0, 0, 0.256747314, -0.0440371094, -0.209686426, -0.0664799746, -0.0199259414, -0.997555328, 0.470581055, -0.882202148, -0.013671875, -0.879810737, -0.470234996, 0.0679744456, 0, 1, 5, 1, 
658.457831, 45, 0.1, 0.1, 0.0226619318, 0.354445287, -0.0199655474, 0.974359553, -0.224996583, 2.35452811e-006, 0.224996583, 0.974359552, -3.49273914e-005, 5.56438677e-006, 3.45615982e-005, 0.999999999, 0.974359505, -0.224996789, -8.42756964e-006, 0.224996789, 0.974359504, -4.68701232e-005, 1.87571098e-005, 4.37721739e-005, 0.999999999, 0, 0, 0, 0, 0, 0, 0, 0.223691675, -0.106585571, -0.214096606, -0.0234388017, 0.296635666, -0.9547241, -0.996826172, 0.0640869141, 0.0444335938, 0.0744069279, 0.952876275, 0.294332902, -0, 0, 0, 0, 0, 0, 0, 0.256747314, -0.0440371094, -0.209686426, -0.0664799746, -0.0199259414, -0.997555328, 0.470581055, -0.882202148, -0.013671875, -0.879810737, -0.470234996, 0.0679744456, 0, 1, 5, 1, 
658.458636, 45, 0.1, 0.1, 0.0226619299, 0.354445281, -0.0199661864, 0.974359683, -0.224996017, -2.10914117e-005, 0.224996018, 0.974359683, 3.02668372e-005, 1.37407033e-005, -3.42362695e-005, 0.999999999, 0.97435967, -0.224996076, 1.86911141e-006, 0.224996075, 0.974359669, 4.42018486e-005, -1.17664292e-005, -4.26479559e-005, 0.999999999, 0, 0, 0, 0, 0, 0, 0, 0.224876611, -0.106522559, -0.213324463, -0.0234388017, 0.296635666, -0.9547241, -0.996826172, 0.0640869141, 0.0444335938, 0.0744069279, 0.952876275, 0.294332902, -0, 0, 0, 0, 0, 0, 0, 0.257773584, -0.0436541992, -0.208867676, -0.0649079505, -0.0165336264, -0.997734699, 0.473388672, -0.880615234, -0.0162353516, -0.878418084, -0.473315246, 0.065009768, 0, 1, 5, 1, 
658.45943, 45, 0.1, 0.1, 0.0226619307, 0.354445286, -0.019966524, 0.974359634, -0.22499623, 2.67854776e-005, 0.224996231, 0.974359633, -2.67737253e-005, -2.00747008e-005, 3.21138687e-005, 0.999999999, 0.974359656, -0.224996136, 1.80778859e-005, 0.224996136, 0.974359655, -3.70546344e-005, -9.27721315e-006, 4.01719953e-005, 0.999999999, 0, 0, 0, 0, 0, 0, 0, 0.224876611, -0.106522559, -0.213324463, -0.0234388017, 0.296635666, -0.9547241, -0.996826172, 0.0640869141, 0.0444335938, 0.0744069279, 0.952876275, 0.294332902, -0, 0, 0, 0, 0, 0, 0, 0.257773584, -0.0436541992, -0.208867676, -0.0649079505, -0.0165336264, -0.997734699, 0.473388672, -0.880615234, -0.0162353516, -0.878418084, -0.473315246, 0.065009768, 0, 1, 5, 1, 
658.460231, 45, 0.1, 0.1, 0.0226619346, 0.354445281, -0.0199663891, 0.974359453, -0.224997011, -3.75223835e-005, 0.224997012, 0.974359453, 2.47310084e-005, 3.09958861e-005, -3.2539316e-005, 0.999999999, 0.974359495, -0.22499683, -3.9998106e-005, 0.224996832, 0.974359495, 3.33892046e-005, 3.14600691e-005, -4.15325356e-005, 0.999999999, 0, 0, 0, 0, 0, 0, 0, 0.224876611, -0.106522559, -0.213324463, -0.0234388017, 0.296635666, -0.9547241, -0.996826172, 0.0640869141, 0.0444335938, 0.0744069279, 0.952876275, 0.294332902, -0, 0, 0, 0, 0, 0, 0, 0.257773584, -0.0436541992, -0.208867676, -0.0649079505, -0.0165336264, -0.997734699, 0.473388672, -0.880615234, -0.0162353516, -0.878418084, -0.473315246, 0.065009768, 0, 1, 5, 1, 
658.461022, 45, 0.1, 0.1, 0.0226619324, 0.354445287, -0.0199659248, 0.97435925, -0.224997891, 1.24209968e-005, 0.224997891, 0.97435925, -3.44624959e-005, -4.34852423e-006, 3.63735498e-005, 0.999999999, 0.974359286, -0.224997734, 2.6059962e-005, 0.224997735, 0.974359286, -3.96756144e-005, -1.64648426e-005, 4.45217358e-005, 0.999999999, 0, 0, 0, 0, 0, 0, 0, 0.224876611, -0.106522559, -0.213324463, -0.0234388017, 0.296635666, -0.9547241, -0.996826172, 0.0640869141, 0.0444335938, 0.0744069279, 0.952876275, 0.294332902, -0, 0, 0, 0, 0, 0, 0, 0.257773584, -0.0436541992, -0.208867676, -0.0649079505, -0.0165336264, -0.997734699, 0.473388672, -0.880615234, -0.0162353516, -0.878418084, -0.473315246, 0.065009768, 0, 1, 5, 1, 
658.461816, 45, 0.1, 0.1, 0.0226619367, 0.354445283, -0.0199653502, 0.974359154, -0.224998309, 8.09150265e-006, 0.224998308, 0.974359154, 3.23312654e-005, -1.51585097e-005, -2.968169e-005, 0.999999999, 0.974359162, -0.224998275, -1.95038525e-005, 0.224998276, 0.974359161, 3.51348189e-005, 1.10984837e-005, -3.86222659e-005, 0.999999999, 0, 0, 0, 0, 0, 0, 0, 0.224876611, -0.106522559, -0.213324463, -0.0234388017, 0.296635666, -0.9547241, -0.996826172, 0.0640869141, 0.0444335938, 0.0744069279, 0.952876275, 0.294332902, -0, 0, 0, 0, 0, 0, 0, 0.257773584, -0.0436541992, -0.208867676, -0.0649079505, -0.0165336264, -0.997734699, 0.473388672, -0.880615234, -0.0162353516, -0.878418084, -0.473315246, 0.065009768, 0, 1, 5, 1, 
658.462623, 45, 0.1, 0.1, 0.0226619338, 0.354445289, -0.0199647656, 0.974359237, -0.22499795, -1.41084431e-005, 0.22499795, 0.974359236, -4.14799422e-005, 2.30795939e-005, 3.7241994e-005, 0.999999999, 0.974359206, -0.224998084, 1.8391965e-007, 0.224998084, 0.974359205, -4.81802948e-005, 1.06612702e-005, 4.69862953e-005, 0.999999999, 0, 0, 0, 0, 0, 0, 0, 0.224876611, -0.106522559, -0.213324463, -0.022284424, 0.301584922, -0.953179567, -0.996948242, 0.0629882812, 0.0432128906, 0.073111765, 0.951350838, 0.299402725, -0, 0, 0, 0, 0, 0, 0, 0.257773584, -0.0436541992, -0.208867676, -0.0649079505, -0.0165336264, -0.997734699, 0.473388672, -0.880615234, -0.0162353516, -0.878418084, -0.473315246, 0.065009768, 0, 1, 5, 1, 
658.463431, 45, 0.1, 0.1, 0.0226619329, 0.354445282, -0.0199641157, 0.974359457, -0.224996994, 2.26995362e-005, 0.224996993, 0.974359457, 4.13235259e-005, -3.14151769e-005, -3.51566409e-005, 0.999999999, 0.974359408, -0.224997207, 2.11837195e-005, 0.224997206, 0.974359407, 5.04838492e-005, -3.19992814e-005, -4.44231358e-005, 0.999999999, 0, 0, 0, 0, 0, 0, 0, 0.225824634, -0.10649751, -0.212560376, -0.022284424, 0.301584922, -0.953179567, -0.996948242, 0.0629882812, 0.0432128906, 0.073111765, 0.951350838, 0.299402725, -0, 0, 0, 0, 0, 0, 0, 0.25830332, -0.0439769043, -0.208243604, -0.0638791352, -0.0141570003, -0.997760585, 0.474853516, -0.879760742, -0.0178222656, -0.877696237, -0.474906593, 0.0629204212, 0, 1, 5, 1, 
658.464224, 45, 0.1, 0.1, 0.0226619333, 0.354445289, -0.0199639012, 0.974359697, -0.224995956, 1.7096742e-006, 0.224995956, 0.974359697, -3.85639559e-005, 7.01089648e-006, 3.79598342e-005, 0.999999999, 0.974359654, -0.224996142, -8.81131365e-006, 0.224996142, 0.974359653, -4.99778634e-005, 1.9830215e-005, 4.67139021e-005, 0.999999999, 0, 0, 0, 0, 0, 0, 0, 0.225824634, -0.10649751, -0.212560376, -0.022284424, 0.301584922, -0.953179567, -0.996948242, 0.0629882812, 0.0432128906, 0.073111765, 0.951350838, 0.299402725, -0, 0, 0, 0, 0, 0, 0, 0.25830332, -0.0439769043, -0.208243604, -0.0638791352, -0.0141570003, -0.997760585, 0.474853516, -0.879760742, -0.0178222656, -0.877696237, -0.474906593, 0.0629204212, 0, 1, 5, 1, 
658.465033, 45, 0.1, 0.1, 0.0226619318, 0.354445283, -0.0199641661, 0.974359822, -0.224995415, -2.55198927e-005, 0.224995416, 0.974359822, 2.76934881e-005, 1.86346502e-005, -3.2725281e-005, 0.999999999, 0.974359809, -0.224995471, 6.63125501e-007, 0.224995471, 0.974359808, 4.35605505e-005, -1.04470494e-005, -4.22944495e-005, 0.999999999, 0, 0, 0, 0, 0, 0, 0, 0.225824634, -0.10649751, -0.212560376, -0.0254251685, 0.309694018, -0.950453326, -0.996826172, 0.0628662109, 0.0472412109, 0.0743507617, 0.948706972, 0.307251591, -0, 0, 0, 0, 0, 0, 0, 0.25830332, -0.0439769043, -0.208243604, -0.0638791352, -0.0141570003, -0.997760585, 0.474853516, -0.879760742, -0.0178222656, -0.877696237, -0.474906593, 0.0629204212, 0, 1, 5, 1, 
658.465855, 45, 0.1, 0.1, 0.0226619327, 0.35444529, -0.0199644775, 0.974359754, -0.22499571, 2.93212962e-005, 0.22499571, 0.974359753, -3.20688804e-005, -2.13541305e-005, 3.78437923e-005, 0.999999999, 0.974359783, -0.224995585, 1.8758922e-005, 0.224995585, 0.974359782, -4.4659322e-005, -8.22978886e-006, 4.77349219e-005, 0.999999999, 0, 0, 0, 0, 0, 0, 0, 0.225667896, -0.105867896, -0.213290137, -0.0254251685, 0.309694018, -0.950453326, -0.996826172, 0.0628662109, 0.0472412109, 0.0743507617, 0.948706972, 0.307251591, -0, 0, 0, 0, 0, 0, 0, 0.258753223, -0.044229541, -0.207835937, -0.0639046548, -0.0110198818, -0.997837511, 0.475219727, -0.879516602, -0.0207519531, -0.877453434, -0.47555881, 0.0613166807, 0, 1, 5, 1, 
658.466649, 45, 0.1, 0.1, 0.0226619363, 0.354445285, -0.019964844, 0.974359548, -0.224996599, -3.66250528e-005, 0.2249966, 0.974359548, 2.54772838e-005, 2.99536677e-005, -3.3064547e-005, 0.999999999, 0.974359595, -0.224996396, -3.91863868e-005, 0.224996398, 0.974359595, 3.36395639e-005, 3.06128514e-005, -4.15938277e-005, 0.999999999, 0, 0, 0, 0, 0, 0, 0, 0.225667896, -0.105867896, -0.213290137, -0.0254251685, 0.309694018, -0.950453326, -0.996826172, 0.0628662109, 0.0472412109, 0.0743507617, 0.948706972, 0.307251591, -0, 0, 0, 0, 0, 0, 0, 0.258753223, -0.044229541, -0.207835937, -0.0639046548, -0.0110198818, -0.997837511, 0.475219727, -0.879516602, -0.0207519531, -0.877453434, -0.47555881, 0.0613166807, 0, 1, 5, 1, 
658.467446, 45, 0.1, 0.1, 0.0226619333, 0.35444529, -0.0199653154, 0.974359321, -0.224997583, 1.59449582e-005, 0.224997584, 0.974359321, -3.33185586e-005, -8.03952344e-006, 3.60518252e-005, 0.999999999, 0.974359362, -0.224997405, 2.98305338e-005, 0.224997406, 0.974359362, -3.90548716e-005, -2.02784151e-005, 4.47652725e-005, 0.999999999, 0, 0, 0, 0, 0, 0, 0, 0.225667896, -0.105867896, -0.213290137, -0.0254251685, 0.309694018, -0.950453326, -0.996826172, 0.0628662109, 0.0472412109, 0.0743507617, 0.948706972, 0.307251591, -0, 0, 0, 0, 0, 0, 0, 0.258753223, -0.044229541, -0.207835937, -0.0639046548, -0.0110198818, -0.997837511, 0.475219727, -0.879516602, -0.0207519531, -0.877453434, -0.47555881, 0.0613166807, 0, 1, 5, 1, 
658.468247, 45, 0.1, 0.1, 0.0226619372, 0.354445285, -0.0199656986, 0.974359205, -0.224998087, 9.09401764e-006, 0.224998087, 0.974359205, 3.7146271e-005, -1.72186797e-005, -3.41476745e-005, 0.999999999, 0.974359216, -0.224998039, -1.78986338e-005, 0.22499804, 0.974359215, 3.94707654e-005, 8.55885392e-006, -4.24858616e-005, 0.999999999, 0, 0, 0, 0, 0, 0, 0, 0.225667896, -0.105867896, -0.213290137, -0.0254251685, 0.309694018, -0.950453326, -0.996826172, 0.0628662109, 0.0472412109, 0.0743507617, 0.948706972, 0.307251591, -0, 0, 0, 0, 0, 0, 0, 0.258753223, -0.044229541, -0.207835937, -0.0639046548, -0.0110198818, -0.997837511, 0.475219727, -0.879516602, -0.0207519531, -0.877453434, -0.47555881, 0.0613166807, 0, 1, 5, 1, 
658.469048, 45, 0.1, 0.1, 0.0226619341, 0.35444529, -0.0199658814, 0.974359268, -0.224997813, -1.21757073e-005, 0.224997813, 0.974359268, -3.57677344e-005, 1.99111753e-005, 3.2111116e-005, 0.999999999, 0.974359243, -0.224997924, 1.17854191e-006, 0.224997924, 0.974359242, -4.16384632e-005, 8.22024456e-006, 4.08359909e-005, 0.999999999, 0, 0, 0, 0, 0, 0, 0, 0.225667896, -0.105867896, -0.213290137, -0.0254251685, 0.309694018, -0.950453326, -0.996826172, 0.0628662109, 0.0472412109, 0.0743507617, 0.948706972, 0.307251591, -0, 0, 0, 0, 0, 0, 0, 0.258753223, -0.044229541, -0.207835937, -0.0639046548, -0.0110198818, -0.997837511, 0.475219727, -0.879516602, -0.0207519531, -0.877453434, -0.47555881, 0.0613166807, 0, 1, 5, 1, 
658.469844, 45, 0.1, 0.1, 0.022661933, 0.354445284, -0.0199658164, 0.974359464, -0.224996967, 2.17641383e-005, 0.224996966, 0.974359463, 3.98238474e-005, -3.0166339e-005, -3.39058775e-005, 0.999999999, 0.974359419, -0.224997162, 2.04476939e-005, 0.224997161, 0.974359418, 4.87109395e-005, -3.08832263e-005, -4.28612896e-005, 0.999999999, 0, 0, 0, 0, 0, 0, 0, 0.225667896, -0.105867896, -0.213290137, -0.0254251685, 0.309694018, -0.950453326, -0.996826172, 0.0628662109, 0.0472412109, 0.0743507617, 0.948706972, 0.307251591, -0, 0, 0, 0, 0, 0, 0, 0.258753223, -0.044229541, -0.207835937, -0.0639046548, -0.0110198818, -0.997837511, 0.475219727, -0.879516602, -0.0207519531, -0.877453434, -0.47555881, 0.0613166807, 0, 1, 5, 1, 
658.47067, 45, 0.1, 0.1, 0.0226619339, 0.354445291, -0.0199651586, 0.974359692, -0.224995979, -8.19318436e-007, 0.224995979, 0.974359691, -4.07566404e-005, 9.96839106e-006, 3.95272843e-005, 0.999999999, 0.974359653, -0.22499615, -1.09485886e-005, 0.224996149, 0.974359651, -5.2407136e-005, 2.24592668e-005, 4.86000085e-005, 0.999999999, 0, 0, 0, 0, 0, 0, 0, 0.225971069, -0.105738354, -0.213814844, -0.0283749528, 0.316737103, -0.948019516, -0.996582031, 0.0638427734, 0.0511474609, 0.0767954326, 0.946355537, 0.314034445, -0, 0, 0, 0, 0, 0, 0, 0.259187988, -0.0447232422, -0.207413135, -0.0640005368, -0.00848320804, -0.997844074, 0.474731445, -0.879760742, -0.0229492187, -0.877708997, -0.475169452, 0.0602113065, 0, 1, 5, 1, 
658.471466, 45, 0.1, 0.1, 0.0226619328, 0.354445285, -0.019964556, 0.9743598, -0.224995509, -2.47389318e-005, 0.22499551, 0.9743598, 2.90299506e-005, 1.75730121e-005, -3.38517655e-005, 0.999999999, 0.974359791, -0.224995549, -1.39554674e-006, 0.224995549, 0.97435979, 4.26623136e-005, -8.23906606e-006, -4.18824348e-005, 0.999999999, 0, 0, 0, 0, 0, 0, 0, 0.225971069, -0.105738354, -0.213814844, -0.0283749528, 0.316737103, -0.948019516, -0.996582031, 0.0638427734, 0.0511474609, 0.0767954326, 0.946355537, 0.314034445, -0, 0, 0, 0, 0, 0, 0, 0.259187988, -0.0447232422, -0.207413135, -0.0640005368, -0.00848320804, -0.997844074, 0.474731445, -0.879760742, -0.0229492187, -0.877708997, -0.475169452, 0.0602113065, 0, 1, 5, 1, 
658.472258, 45, 0.1, 0.1, 0.0226619335, 0.354445291, -0.0199643039, 0.974359728, -0.22499582, 2.97586241e-005, 0.22499582, 0.974359728, -2.60351154e-005, -2.31378128e-005, 3.2063134e-005, 0.999999999, 0.974359756, -0.224995702, 1.98690022e-005, 0.224995702, 0.974359755, -3.80480506e-005, -1.07989083e-005, 4.15429294e-005, 0.999999999, 0, 0, 0, 0, 0, 0, 0, 0.225971069, -0.105738354, -0.213814844, -0.0283749528, 0.316737103, -0.948019516, -0.996582031, 0.0638427734, 0.0511474609, 0.0767954326, 0.946355537, 0.314034445, -0, 0, 0, 0, 0, 0, 0, 0.259187988, -0.0447232422, -0.207413135, -0.0640005368, -0.00848320804, -0.997844074, 0.474731445, -0.879760742, -0.0229492187, -0.877708997, -0.475169452, 0.0602113065, 0, 1, 5, 1, 
658.473052, 45, 0.1, 0.1, 0.022661937, 0.354445284, -0.019964446, 0.974359518, -0.224996728, -3.59912242e-005, 0.224996729, 0.974359518, 3.17947698e-005, 2.79146727e-005, -3.90774443e-005, 0.999999999, 0.974359566, -0.224996522, -3.87526192e-005, 0.224996523, 0.974359565, 4.02530491e-005, 2.87021892e-005, -4.7940148e-005, 0.999999998, 0, 0, 0, 0, 0, 0, 0, 0.225971069, -0.105738354, -0.213814844, -0.0283749528, 0.316737103, -0.948019516, -0.996582031, 0.0638427734, 0.0511474609, 0.0767954326, 0.946355537, 0.314034445, -0, 0, 0, 0, 0, 0, 0, 0.259187988, -0.0447232422, -0.207413135, -0.0640005368, -0.00848320804, -0.997844074, 0.474731445, -0.879760742, -0.0229492187, -0.877708997, -0.475169452, 0.0602113065, 0, 1, 5, 1, 
658.473846, 45, 0.1, 0.1, 0.0226619338, 0.354445289, -0.0199648933, 0.974359288, -0.224997729, 1.62691867e-005, 0.224997729, 0.974359287, -3.15076608e-005, -8.762881e-006, 3.4360312e-005, 0.999999999, 0.97435933, -0.224997547, 3.07203229e-005, 0.224997548, 0.974359329, -3.64053001e-005, -2.174153e-005, 4.23838411e-005, 0.999999999, 0, 0, 0, 0, 0, 0, 0, 0.225971069, -0.105738354, -0.213814844, -0.0283749528, 0.316737103, -0.948019516, -0.996582031, 0.0638427734, 0.0511474609, 0.0767954326, 0.946355537, 0.314034445, -0, 0, 0, 0, 0, 0, 0, 0.259187988, -0.0447232422, -0.207413135, -0.0640005368, -0.00848320804, -0.997844074, 0.474731445, -0.879760742, -0.0229492187, -0.877708997, -0.475169452, 0.0602113065, 0, 1, 5, 1, 
658.474638, 45, 0.1, 0.1, 0.0226619378, 0.354445284, -0.0199654539, 0.97435917, -0.224998238, 7.9236812e-006, 0.224998237, 0.97435917, 3.49027325e-005, -1.55735647e-005, -3.22249831e-005, 0.999999999, 0.974359182, -0.224998187, -1.84239777e-005, 0.224998188, 0.974359181, 3.78192343e-005, 9.44231268e-006, -4.09948798e-005, 0.999999999, 0, 0, 0, 0, 0, 0, 0, 0.225971069, -0.105738354, -0.213814844, -0.0283749528, 0.316737103, -0.948019516, -0.996582031, 0.0638427734, 0.0511474609, 0.0767954326, 0.946355537, 0.314034445, -0, 0, 0, 0, 0, 0, 0, 0.259187988, -0.0447232422, -0.207413135, -0.0640005368, -0.00848320804, -0.997844074, 0.474731445, -0.879760742, -0.0229492187, -0.877708997, -0.475169452, 0.0602113065, 0, 1, 5, 1, 
658.475465, 45, 0.1, 0.1, 0.0226619342, 0.354445291, -0.0199655337, 0.974359237, -0.224997948, -1.16489801e-005, 0.224997947, 0.974359237, -4.45801381e-005, 2.1380731e-005, 4.08160727e-005, 0.999999999, 0.974359212, -0.224998059, 1.78124221e-006, 0.224998059, 0.97435921, -5.04485727e-005, 9.61526121e-006, 4.95558076e-005, 0.999999999, 0, 0, 0, 0, 0, 0, 0, 0.226286572, -0.105356396, -0.214326733, -0.0310143316, 0.32436393, -0.945369658, -0.996337891, 0.0638427734, 0.0545654297, 0.0780786127, 0.943788055, 0.321401041, -0, 0, 0, 0, 0, 0, 0, 0.259882617, -0.044739209, -0.207008887, -0.063636332, -0.00526296736, -0.99789548, 0.474853516, -0.879638672, -0.0256347656, -0.877670718, -0.475444705, 0.0583647629, 0, 1, 5, 1, 
658.47626, 45, 0.1, 0.1, 0.0226619332, 0.354445286, -0.0199655364, 0.974359439, -0.224997074, 2.07533104e-005, 0.224997073, 0.974359439, 3.41672305e-005, -2.79087108e-005, -2.86217294e-005, 0.999999999, 0.974359393, -0.224997273, 1.97874027e-005, 0.224997272, 0.974359393, 4.23532305e-005, -2.8809403e-005, -3.68151563e-005, 0.999999999, 0, 0, 0, 0, 0, 0, 0, 0.226286572, -0.105356396, -0.214326733, -0.0310143316, 0.32436393, -0.945369658, -0.996337891, 0.0638427734, 0.0545654297, 0.0780786127, 0.943788055, 0.321401041, -0, 0, 0, 0, 0, 0, 0, 0.259882617, -0.044739209, -0.207008887, -0.063636332, -0.00526296736, -0.99789548, 0.474853516, -0.879638672, -0.0256347656, -0.877670718, -0.475444705, 0.0583647629, 0, 1, 5, 1, 
658.477054, 45, 0.1, 0.1, 0.0226619341, 0.354445292, -0.0199654665, 0.974359661, -0.224996115, -1.35135932e-006, 0.224996115, 0.97435966, -3.81972349e-005, 9.91093946e-006, 3.69137942e-005, 0.999999999, 0.97435962, -0.22499629, -1.11163206e-005, 0.224996289, 0.974359619, -5.00151552e-005, 2.20845182e-005, 4.62316167e-005, 0.999999999, 0, 0, 0, 0, 0, 0, 0, 0.226286572, -0.105356396, -0.214326733, -0.0310143316, 0.32436393, -0.945369658, -0.996337891, 0.0638427734, 0.0545654297, 0.0780786127, 0.943788055, 0.321401041, -0, 0, 0, 0, 0, 0, 0, 0.259882617, -0.044739209, -0.207008887, -0.063636332, -0.00526296736, -0.99789548, 0.474853516, -0.879638672, -0.0256347656, -0.877670718, -0.475444705, 0.0583647629, 0, 1, 5, 1, 
658.477878, 45, 0.1, 0.1, 0.0226619333, 0.354445285, -0.0199650624, 0.974359771, -0.224995635, -2.69743756e-005, 0.224995636, 0.974359771, 3.47721763e-005, 1.84591585e-005, -3.99497266e-005, 0.999999999, 0.974359763, -0.224995674, -3.66147919e-006, 0.224995674, 0.974359761, 4.8617513e-005, -7.3711321e-006, -4.81947654e-005, 0.999999999, 0, 0, 0, 0, 0, 0, 0, 0.227204565, -0.105052441, -0.213980078, -0.0305571493, 0.330442476, -0.943310655, -0.996337891, 0.0640869141, 0.0548095703, 0.0786241618, 0.941589389, 0.327378116, -0, 0, 0, 0, 0, 0, 0, 0.260299316, -0.0449735352, -0.206586084, -0.064147458, -0.00189580545, -0.997902043, 0.475219727, -0.879272461, -0.0289306641, -0.877478954, -0.475950001, 0.0572593887, 0, 1, 5, 1, 
658.478673, 45, 0.1, 0.1, 0.0226619346, 0.35444529, -0.0199646885, 0.974359697, -0.224995957, 2.73595013e-005, 0.224995957, 0.974359697, -2.14052148e-005, -2.18419086e-005, 2.70121558e-005, 0.999999999, 0.974359725, -0.224995837, 1.74887862e-005, 0.224995837, 0.974359724, -3.27802291e-005, -9.66495384e-006, 3.58746391e-005, 0.999999999, 0, 0, 0, 0, 0, 0, 0, 0.227204565, -0.105052441, -0.213980078, -0.0305571493, 0.330442476, -0.943310655, -0.996337891, 0.0640869141, 0.0548095703, 0.0786241618, 0.941589389, 0.327378116, -0, 0, 0, 0, 0, 0, 0, 0.260299316, -0.0449735352, -0.206586084, -0.064147458, -0.00189580545, -0.997902043, 0.475219727, -0.879272461, -0.0289306641, -0.877478954, -0.475950001, 0.0572593887, 0, 1, 5, 1, 
658.479469, 45, 0.1, 0.1, 0.0226619384, 0.354445283, -0.0199645062, 0.974359487, -0.224996865, -3.71445896e-005, 0.224996866, 0.974359487, 3.28205771e-005, 2.88076563e-005, -4.03364569e-005, 0.999999999, 0.974359534, -0.22499666, -4.0128389e-005, 0.224996661, 0.974359534, 4.2065616e-005, 2.96348553e-005, -5.00157875e-005, 0.999999998, 0, 0, 0, 0, 0, 0, 0, 0.227204565, -0.105052441, -0.213980078, -0.0305571493, 0.330442476, -0.943310655, -0.996337891, 0.0640869141, 0.0548095703, 0.0786241618, 0.941589389, 0.327378116, -0, 0, 0, 0, 0, 0, 0, 0.260299316, -0.0449735352, -0.206586084, -0.064147458, -0.00189580545, -0.997902043, 0.475219727, -0.879272461, -0.0289306641, -0.877478954, -0.475950001, 0.0572593887, 0, 1, 5, 1, 
658.480266, 45, 0.1, 0.1, 0.0226619352, 0.354445288, -0.0199646031, 0.974359254, -0.224997875, 1.66852869e-005, 0.224997876, 0.974359253, -3.45533718e-005, -8.48302847e-006, 3.74215517e-005, 0.999999999, 0.974359295, -0.224997696, 3.0926559e-005, 0.224997697, 0.974359294, -3.89528551e-005, -2.13692775e-005, 4.4912481e-005, 0.999999999, 0, 0, 0, 0, 0, 0, 0, 0.227204565, -0.105052441, -0.213980078, -0.0305571493, 0.330442476, -0.943310655, -0.996337891, 0.0640869141, 0.0548095703, 0.0786241618, 0.941589389, 0.327378116, -0, 0, 0, 0, 0, 0, 0, 0.260299316, -0.0449735352, -0.206586084, -0.064147458, -0.00189580545, -0.997902043, 0.475219727, -0.879272461, -0.0289306641, -0.877478954, -0.475950001, 0.0572593887, 0, 1, 5, 1, 
658.481063, 45, 0.1, 0.1, 0.0226619391, 0.354445284, -0.0199649332, 0.974359138, -0.224998377, 8.47793415e-006, 0.224998377, 0.974359138, 3.20907651e-005, -1.54809227e-005, -2.93604088e-005, 0.999999999, 0.97435915, -0.224998327, -1.90246908e-005, 0.224998327, 0.974359149, 3.51098194e-005, 1.06372309e-005, -3.84900974e-005, 0.999999999, 0, 0, 0, 0, 0, 0, 0, 0.227204565, -0.105052441, -0.213980078, -0.0305571493, 0.330442476, -0.943310655, -0.996337891, 0.0640869141, 0.0548095703, 0.0786241618, 0.941589389, 0.327378116, -0, 0, 0, 0, 0, 0, 0, 0.260299316, -0.0449735352, -0.206586084, -0.064147458, -0.00189580545, -0.997902043, 0.475219727, -0.879272461, -0.0289306641, -0.877478954, -0.475950001, 0.0572593887, 0, 1, 5, 1, 
658.481869, 45, 0.1, 0.1, 0.0226619364, 0.35444529, -0.0199653367, 0.974359203, -0.224998098, -1.55655749e-005, 0.224998098, 0.974359202, -4.2999177e-005, 2.48411942e-005, 3.83944191e-005, 0.999999999, 0.974359175, -0.224998217, -8.86400304e-007, 0.224998217, 0.974359174, -4.9108563e-005, 1.19130114e-005, 4.76499405e-005, 0.999999999, 0, 0, 0, 0, 0, 0, 0, 0.227204565, -0.105052441, -0.213980078, -0.0305571493, 0.330442476, -0.943310655, -0.996337891, 0.0640869141, 0.0548095703, 0.0786241618, 0.941589389, 0.327378116, -0, 0, 0, 0, 0, 0, 0, 0.260299316, -0.0449735352, -0.206586084, -0.064147458, -0.00189580545, -0.997902043, 0.475219727, -0.879272461, -0.0289306641, -0.877478954, -0.475950001, 0.0572593887, 0, 1, 5, 1, 
658.482691, 45, 0.1, 0.1, 0.022661936, 0.354445284, -0.019965276, 0.974359413, -0.224997187, 1.95277927e-005, 0.224997186, 0.974359413, 3.87453157e-005, -2.77446757e-005, -3.33581646e-005, 0.999999999, 0.974359366, -0.224997389, 1.84114476e-005, 0.224997388, 0.974359365, 4.7735345e-005, -2.86796944e-005, -4.23688529e-005, 0.999999999, 0, 0, 0, 0, 0, 0, 0, 0.227420239, -0.10493645, -0.213613159, -0.0307660835, 0.337225331, -0.940895941, -0.99621582, 0.0646972656, 0.0557861328, 0.0796459892, 0.939155579, 0.334040403, 0, 0, 0, 0, 0, 0, 0, 0.260776074, -0.0445122559, -0.206186963, -0.0640067334, 0.00237840357, -0.997915169, 0.477050781, -0.878173828, -0.0325927734, -0.876482221, -0.47807836, 0.0550486403, 0, 1, 5, 1, 
658.483485, 45, 0.1, 0.1, 0.0226619371, 0.354445291, -0.0199651244, 0.97435964, -0.224996204, -1.89753944e-006, 0.224996204, 0.974359639, -3.8488703e-005, 1.05086979e-005, 3.70748996e-005, 0.999999999, 0.974359599, -0.22499638, -1.18664316e-005, 0.224996379, 0.974359598, -4.95454954e-005, 2.27097287e-005, 4.56052249e-005, 0.999999999, 0, 0, 0, 0, 0, 0, 0, 0.227420239, -0.10493645, -0.213613159, -0.0307660835, 0.337225331, -0.940895941, -0.99621582, 0.0646972656, 0.0557861328, 0.0796459892, 0.939155579, 0.334040403, 0, 0, 0, 0, 0, 0, 0, 0.260776074, -0.0445122559, -0.206186963, -0.0640067334, 0.00237840357, -0.997915169, 0.477050781, -0.878173828, -0.0325927734, -0.876482221, -0.47807836, 0.0550486403, 0, 1, 5, 1, 
658.484276, 45, 0.1, 0.1, 0.0226619362, 0.354445285, -0.0199650869, 0.974359755, -0.224995707, -2.54856754e-005, 0.224995707, 0.974359754, 2.8685971e-005, 1.83779961e-005, -3.36846232e-005, 0.999999999, 0.974359744, -0.224995754, -2.36481643e-006, 0.224995754, 0.974359743, 4.24541433e-005, -7.24782005e-006, -4.18976819e-005, 0.999999999, 0, 0, 0, 0, 0, 0, 0, 0.227420239, -0.10493645, -0.213613159, -0.0307660835, 0.337225331, -0.940895941, -0.99621582, 0.0646972656, 0.0557861328, 0.0796459892, 0.939155579, 0.334040403, 0, 0, 0, 0, 0, 0, 0, 0.260776074, -0.0445122559, -0.206186963, -0.0640067334, 0.00237840357, -0.997915169, 0.477050781, -0.878173828, -0.0325927734, -0.876482221, -0.47807836, 0.0550486403, 0, 1, 5, 1, 
658.485071, 45, 0.1, 0.1, 0.0226619372, 0.35444529, -0.0199651982, 0.974359691, -0.22499598, 2.80634253e-005, 0.224995981, 0.974359691, -2.66933316e-005, -2.13379781e-005, 3.23230643e-005, 0.999999999, 0.974359717, -0.22499587, 1.8306112e-005, 0.22499587, 0.974359716, -3.81268573e-005, -9.25835264e-006, 4.12680735e-005, 0.999999999, 0, 0, 0, 0, 0, 0, 0, 0.227420239, -0.10493645, -0.213613159, -0.0307660835, 0.337225331, -0.940895941, -0.99621582, 0.0646972656, 0.0557861328, 0.0796459892, 0.939155579, 0.334040403, 0, 0, 0, 0, 0, 0, 0, 0.260776074, -0.0445122559, -0.206186963, -0.0640067334, 0.00237840357, -0.997915169, 0.477050781, -0.878173828, -0.0325927734, -0.876482221, -0.47807836, 0.0550486403, 0, 1, 5, 1, 
658.485862, 45, 0.1, 0.1, 0.0226619406, 0.354445285, -0.0199653657, 0.974359494, -0.224996836, -3.53572963e-005, 0.224996837, 0.974359494, 2.83619053e-005, 2.80693784e-005, -3.55899715e-005, 0.999999999, 0.974359539, -0.22499664, -3.81338228e-005, 0.224996641, 0.974359538, 3.67198878e-005, 2.88942026e-005, -4.4358355e-005, 0.999999999, 0, 0, 0, 0, 0, 0, 0, 0.227420239, -0.10493645, -0.213613159, -0.0307660835, 0.337225331, -0.940895941, -0.99621582, 0.0646972656, 0.0557861328, 0.0796459892, 0.939155579, 0.334040403, 0, 0, 0, 0, 0, 0, 0, 0.260776074, -0.0445122559, -0.206186963, -0.0640067334, 0.00237840357, -0.997915169, 0.477050781, -0.878173828, -0.0325927734, -0.876482221, -0.47807836, 0.0550486403, 0, 1, 5, 1, 
658.486651, 45, 0.1, 0.1, 0.0226619374, 0.35444529, -0.0199655684, 0.974359276, -0.224997781, 1.70795421e-005, 0.224997781, 0.974359275, -3.1183966e-005, -9.62528709e-006, 3.42272456e-005, 0.999999999, 0.974359315, -0.224997611, 3.06315434e-005, 0.224997612, 0.974359314, -3.64389434e-005, -2.16474545e-005, 4.23966481e-005, 0.999999999, 0, 0, 0, 0, 0, 0, 0, 0.227420239, -0.10493645, -0.213613159, -0.0307660835, 0.337225331, -0.940895941, -0.99621582, 0.0646972656, 0.0557861328, 0.0796459892, 0.939155579, 0.334040403, 0, 0, 0, 0, 0, 0, 0, 0.260776074, -0.0445122559, -0.206186963, -0.0640067334, 0.00237840357, -0.997915169, 0.477050781, -0.878173828, -0.0325927734, -0.876482221, -0.47807836, 0.0550486403, 0, 1, 5, 1, 
