time, trialNum, realDorsalTactorPos, realVentralTactorPos, box1PosX, box1PosY, box1PosZ, box1LocalRot_11, box1LocalRot_12, box1LocalRot_13, box1LocalRot_21, box1LocalRot_22, box1LocalRot_23, box1LocalRot_31, box1LocalRot_32, box1LocalRot_33, box1GlobalRot_11, box1GlobalRot_12, box1GlobalRot_13, box1GlobalRot_21, box1GlobalRot_22, box1GlobalRot_23, box1GlobalRot_31, box1GlobalRot_32, box1GlobalRot_33, indexForceX, indexForceY, indexForceZ, indexForceGlobalX, indexForceGlobalY, indexForceGlobalZ, indexContact, indexPosX, indexPosY, indexPosZ, indexRot_11, indexRot_12, indexRot_13, indexRot_21, indexRot_22, indexRot_23, indexRot_31, indexRot_32, indexRot_33, thumbForceX, thumbForceY, thumbForceZ, thumbForceGlobalX, thumbForceGlobalY, thumbForceGlobalZ, thumbContact, thumbPosX, thumbPosY, thumbPosZ, thumbRot_11, thumbRot_12, thumbRot_13, thumbRot_21, thumbRot_22, thumbRot_23, thumbRot_31, thumbRot_32, thumbRot_33, manipForceTooHigh, cceExpType, mapping, trialSuccess, 
670.320496, 47, 0.1, 0.1, 0.0165344008, 0.359914042, -0.019955537, 0.983039423, 2.54888656e-005, -0.183394361, 0.183394362, -2.39647056e-005, 0.983039423, 2.06615679e-005, -0.999999999, -2.82327646e-005, 0.983039447, -3.57247271e-005, -0.183394234, 0.183394232, -4.88563885e-005, 0.983039446, -4.40787959e-005, -0.999999998, -4.14760482e-005, 0, 0, 0, 0, 0, 0, 0, 0.215993652, -0.08534646, -0.200387158, 0.0917164236, 0.469129891, -0.878312932, -0.954467773, 0.292480469, 0.0565185547, 0.283330107, 0.833232698, 0.474786796, 0, 0, -0, 0, 0, 0, 0, 0.263521875, -0.0352504883, -0.186736523, 0.0111663054, 0.144749803, -0.989377051, 0.310058594, -0.941162109, -0.134155273, -0.950573347, -0.305144655, -0.0553816052, 0, 1, 5, 1, 
670.32933, 47, 0.1, 0.1, 0.0165344825, 0.359914103, -0.0199573555, 0.983040319, -3.93259374e-006, -0.18338956, 0.18338956, -2.11045274e-005, 0.983040319, -7.7362482e-006, -1, -2.00254047e-005, 0.983040263, 1.61726272e-005, -0.183389861, 0.183389861, -7.98131404e-006, 0.983040263, 1.44346517e-005, -1, -1.08118489e-005, 0, 0, 0, 0, 0, 0, 0, 0.219186914, -0.08735354, -0.199569482, 0.0930868486, 0.473685244, -0.875702389, -0.954589844, 0.292114258, 0.0565185547, 0.282618686, 0.830780914, 0.479564188, 0, 0, -0, 0, 0, 0, 0, 0.266437598, -0.0375335938, -0.185699658, 0.0137992277, 0.143310841, -0.989518142, 0.318847656, -0.938598633, -0.131469727, -0.947596276, -0.313642401, -0.0587104876, 0, 1, 5, 1, 
670.33013, 47, 0.1, 0.1, 0.0165344841, 0.359914102, -0.0199594326, 0.983040628, 2.11129415e-005, -0.183387902, 0.183387902, -1.644135e-005, 0.983040628, 1.77397346e-005, -1, -2.00343731e-005, 0.983040563, 2.46877461e-005, -0.183388252, 0.183388252, 7.52644114e-006, 0.983040563, 2.56493167e-005, -1, 2.87135434e-006, 0, 0, 0, 0, 0, 0, 0, 0.219186914, -0.08735354, -0.199569482, 0.0930868486, 0.473685244, -0.875702389, -0.954589844, 0.292114258, 0.0565185547, 0.282618686, 0.830780914, 0.479564188, 0, 0, -0, 0, 0, 0, 0, 0.266437598, -0.0375335938, -0.185699658, 0.0137992277, 0.143310841, -0.989518142, 0.318847656, -0.938598633, -0.131469727, -0.947596276, -0.313642401, -0.0587104876, 0, 1, 5, 1, 
670.330926, 47, 0.1, 0.1, 0.0165344849, 0.3599141, -0.0199632673, 0.983040993, 2.1090991e-005, -0.18338595, 0.18338595, 4.69303558e-006, 0.983040993, 2.15939455e-005, -1, 7.45654937e-007, 0.983040918, 1.45459648e-005, -0.183386352, 0.183386352, 9.92845279e-006, 0.983040918, 1.61200213e-005, -1, 7.09254392e-006, 0, 0, 0, 0, 0, 0, 0, 0.219186914, -0.08735354, -0.199569482, 0.0930868486, 0.473685244, -0.875702389, -0.954589844, 0.292114258, 0.0565185547, 0.282618686, 0.830780914, 0.479564188, 0, 0, -0, 0, 0, 0, 0, 0.266437598, -0.0375335938, -0.185699658, 0.0137992277, 0.143310841, -0.989518142, 0.318847656, -0.938598633, -0.131469727, -0.947596276, -0.313642401, -0.0587104876, 0, 1, 5, 1, 
670.33172, 47, 0.1, 0.1, 0.0165344848, 0.359914098, -0.0199674686, 0.983041391, 6.8096949e-006, -0.183383813, 0.183383813, 1.2517957e-005, 0.983041391, 8.98980264e-006, -1, 1.1056882e-005, 0.983041308, -8.03284438e-006, -0.183384261, 0.183384261, 2.52605518e-006, 0.983041308, -7.43337908e-006, -1, 3.95631382e-006, 0, 0, 0, 0, 0, 0, 0, 0.219186914, -0.08735354, -0.199569482, 0.0930868486, 0.473685244, -0.875702389, -0.954589844, 0.292114258, 0.0565185547, 0.282618686, 0.830780914, 0.479564188, 0, 0, -0, 0, 0, 0, 0, 0.266437598, -0.0375335938, -0.185699658, 0.0137992277, 0.143310841, -0.989518142, 0.318847656, -0.938598633, -0.131469727, -0.947596276, -0.313642401, -0.0587104876, 0, 1, 5, 1, 
670.332512, 47, 0.1, 0.1, 0.0165344838, 0.359914097, -0.0199706375, 0.98304181, -1.28029984e-005, -0.183381569, 0.183381569, 1.01451133e-005, 0.98304181, -1.07254559e-005, -1, 1.23209044e-005, 0.983041725, -1.46305061e-005, -0.183382022, 0.183382022, -7.50531145e-006, 0.983041726, -1.57587372e-005, -1, -4.69506253e-006, 0, 0, 0, 0, 0, 0, 0, 0.219186914, -0.08735354, -0.199569482, 0.0930868486, 0.473685244, -0.875702389, -0.954589844, 0.292114258, 0.0565185547, 0.282618686, 0.830780914, 0.479564188, 0, 0, -0, 0, 0, 0, 0, 0.266437598, -0.0375335938, -0.185699658, 0.0137992277, 0.143310841, -0.989518142, 0.318847656, -0.938598633, -0.131469727, -0.947596276, -0.313642401, -0.0587104876, 0, 1, 5, 1, 
670.333339, 47, 0.1, 0.1, 0.0165344826, 0.359914097, -0.0199715467, 0.983042264, -1.69810442e-005, -0.183379132, 0.183379132, -4.18275366e-006, 0.983042265, -1.74601139e-005, -1, -9.97854484e-007, 0.983042176, -1.14106296e-005, -0.183379604, 0.183379604, -9.25270614e-006, 0.983042176, -1.29138877e-005, -1, -7.00332365e-006, 0, 0, 0, 0, 0, 0, 0, 0.220076099, -0.0876962646, -0.199284106, 0.0931681022, 0.47573489, -0.87461616, -0.955322266, 0.289794922, 0.0557861328, 0.280010386, 0.830456282, 0.481740393, 0, 0, -0, 0, 0, 0, 0, 0.267212305, -0.037627832, -0.185513525, 0.0150325667, 0.142914187, -0.989607827, 0.322143555, -0.9375, -0.130493164, -0.946484705, -0.316875401, -0.0601928264, 0, 1, 5, 1, 
670.334136, 47, 0.1, 0.1, 0.0165344817, 0.359914098, -0.0199701173, 0.983042713, -9.86894161e-006, -0.183376728, 0.183376728, -1.12290049e-005, 0.983042713, -1.17607293e-005, -1, -9.22885718e-006, 0.983042622, 4.53615252e-006, -0.183377214, 0.183377214, -3.17177175e-006, 0.983042622, 3.8776006e-006, -1, -3.94981383e-006, 0, 0, 0, 0, 0, 0, 0, 0.220076099, -0.0876962646, -0.199284106, 0.0931681022, 0.47573489, -0.87461616, -0.955322266, 0.289794922, 0.0557861328, 0.280010386, 0.830456282, 0.481740393, 0, 0, -0, 0, 0, 0, 0, 0.267212305, -0.037627832, -0.185513525, 0.0150325667, 0.142914187, -0.989607827, 0.322143555, -0.9375, -0.130493164, -0.946484705, -0.316875401, -0.0601928264, 0, 1, 5, 1, 
670.334932, 47, 0.1, 0.1, 0.0165344816, 0.359914099, -0.0199671751, 0.983043173, 1.08447464e-005, -0.183374263, 0.183374263, -9.05328688e-006, 0.983043173, 9.00071414e-006, -1, -1.08884192e-005, 0.98304308, 1.35440248e-005, -0.183374761, 0.183374761, 1.08288684e-005, 0.98304308, 1.5300101e-005, -1, 8.16161187e-006, 0, 0, 0, 0, 0, 0, 0, 0.220076099, -0.0876962646, -0.199284106, 0.0931681022, 0.47573489, -0.87461616, -0.955322266, 0.289794922, 0.0557861328, 0.280010386, 0.830456282, 0.481740393, 0, 0, -0, 0, 0, 0, 0, 0.267212305, -0.037627832, -0.185513525, 0.0150325667, 0.142914187, -0.989607827, 0.322143555, -0.9375, -0.130493164, -0.946484705, -0.316875401, -0.0601928264, 0, 1, 5, 1, 
670.335762, 47, 0.1, 0.1, 0.0165344816, 0.359914099, -0.0199633819, 0.983043675, 2.04261909e-005, -0.183371568, 0.183371568, 9.60248998e-006, 0.983043676, 2.18406614e-005, -1, 5.6940844e-006, 0.983043576, 1.29812432e-005, -0.183372099, 0.183372099, 1.65868282e-005, 0.983043576, 1.58026892e-005, -1, 1.39251771e-005, 0, 0, 0, 0, 0, 0, 0, 0.221233936, -0.0880525391, -0.199223315, 0.0941315198, 0.477524306, -0.873549027, -0.956054688, 0.287963867, 0.0544433594, 0.277509548, 0.830049275, 0.48379603, 0, 0, -0, 0, 0, 0, 0, 0.2679521, -0.0378869629, -0.185530615, 0.0157930591, 0.143182143, -0.989480229, 0.324951172, -0.936645508, -0.130249023, -0.945545575, -0.319424835, -0.0614068424, 0, 1, 5, 1, 
670.33656, 47, 0.1, 0.1, 0.0165344817, 0.359914097, -0.0199603971, 0.983044186, 1.23931353e-005, -0.183368833, 0.183368833, 1.77361306e-005, 0.983044186, 1.54352532e-005, -1, 1.51628853e-005, 0.98304408, -7.17718508e-006, -0.183369398, 0.183369398, 7.19935068e-006, 0.98304408, -5.73534871e-006, -1, 8.39335518e-006, 0, 0, 0, 0, 0, 0, 0, 0.221233936, -0.0880525391, -0.199223315, 0.0941315198, 0.477524306, -0.873549027, -0.956054688, 0.287963867, 0.0544433594, 0.277509548, 0.830049275, 0.48379603, 0, 0, -0, 0, 0, 0, 0, 0.2679521, -0.0378869629, -0.185530615, 0.0157930591, 0.143182143, -0.989480229, 0.324951172, -0.936645508, -0.130249023, -0.945545575, -0.319424835, -0.0614068424, 0, 1, 5, 1, 
670.337357, 47, 0.1, 0.1, 0.0165344812, 0.359914095, -0.0199591889, 0.983044721, -1.33150293e-005, -0.183365965, 0.183365965, 1.05380171e-005, 0.983044721, -1.11569556e-005, -1, 1.28008653e-005, 0.983044614, -1.63599727e-005, -0.183366539, 0.183366538, -1.32623876e-005, 0.983044614, -1.85144612e-005, -1, -1.00376471e-005, 0, 0, 0, 0, 0, 0, 0, 0.221233936, -0.0880525391, -0.199223315, 0.0941315198, 0.477524306, -0.873549027, -0.956054688, 0.287963867, 0.0544433594, 0.277509548, 0.830049275, 0.48379603, 0, 0, -0, 0, 0, 0, 0, 0.2679521, -0.0378869629, -0.185530615, 0.0157930591, 0.143182143, -0.989480229, 0.324951172, -0.936645508, -0.130249023, -0.945545575, -0.319424835, -0.0614068424, 0, 1, 5, 1, 
670.338154, 47, 0.1, 0.1, 0.0165344807, 0.359914095, -0.0199600951, 0.983045284, -2.04450621e-005, -0.183362944, 0.183362944, -1.01842248e-005, 0.983045284, -2.19658314e-005, -1, -6.26268732e-006, 0.983045171, -1.16284857e-005, -0.183363552, 0.183363552, -1.71668322e-005, 0.983045171, -1.45790981e-005, -1, -1.4743531e-005, 0, 0, 0, 0, 0, 0, 0, 0.221233936, -0.0880525391, -0.199223315, 0.0941315198, 0.477524306, -0.873549027, -0.956054688, 0.287963867, 0.0544433594, 0.277509548, 0.830049275, 0.48379603, 0, 0, -0, 0, 0, 0, 0, 0.2679521, -0.0378869629, -0.185530615, 0.0157930591, 0.143182143, -0.989480229, 0.324951172, -0.936645508, -0.130249023, -0.945545575, -0.319424835, -0.0614068424, 0, 1, 5, 1, 
670.338963, 47, 0.1, 0.1, 0.01653448, 0.359914096, -0.0199625276, 0.983045878, -1.17298046e-005, -0.183359762, 0.183359762, -1.48102138e-005, 0.983045878, -1.42465334e-005, -1, -1.24083454e-005, 0.98304576, 6.85281943e-006, -0.183360395, 0.183360395, -4.50715089e-006, 0.98304576, 5.91020211e-006, -1, -5.68727125e-006, 0, 0, 0, 0, 0, 0, 0, 0.221233936, -0.0880525391, -0.199223315, 0.0941315198, 0.477524306, -0.873549027, -0.956054688, 0.287963867, 0.0544433594, 0.277509548, 0.830049275, 0.48379603, 0, 0, -0, 0, 0, 0, 0, 0.2679521, -0.0378869629, -0.185530615, 0.0157930591, 0.143182143, -0.989480229, 0.324951172, -0.936645508, -0.130249023, -0.945545575, -0.319424835, -0.0614068424, 0, 1, 5, 1, 
670.339767, 47, 0.1, 0.1, 0.0165344792, 0.359914097, -0.0199655977, 0.983046477, 8.72591136e-006, -0.183356548, 0.183356549, -8.53220237e-006, 0.983046477, 7.01354125e-006, -1, -9.98750447e-006, 0.983046354, 1.12475996e-005, -0.183357209, 0.183357209, 1.21917023e-005, 0.983046354, 1.32923483e-005, -1, 9.92268006e-006, 0, 0, 0, 0, 0, 0, 0, 0.221233936, -0.0880525391, -0.199223315, 0.0941315198, 0.477524306, -0.873549027, -0.956054688, 0.287963867, 0.0544433594, 0.277509548, 0.830049275, 0.48379603, 0, 0, -0, 0, 0, 0, 0, 0.2679521, -0.0378869629, -0.185530615, 0.0157930591, 0.143182143, -0.989480229, 0.324951172, -0.936645508, -0.130249023, -0.945545575, -0.319424835, -0.0614068424, 0, 1, 5, 1, 
670.340578, 47, 0.1, 0.1, 0.0165344785, 0.359914096, -0.0199681297, 0.98304709, 1.55329356e-005, -0.183353263, 0.183353263, 8.85636315e-006, 0.98304709, 1.68934503e-005, -1, 5.85820758e-006, 0.983046972, 8.3779928e-006, -0.183353896, 0.183353896, 1.40949552e-005, 0.983046972, 1.08203254e-005, -1, 1.23198654e-005, 0, 0, 0, 0, 0, 0, 0, 0.221959937, -0.0891592285, -0.199211841, 0.0952357227, 0.477727249, -0.873352076, -0.955932617, 0.288452148, 0.0534667969, 0.277458252, 0.829769948, 0.484259204, 0, 0, -0, 0, 0, 0, 0, 0.2679521, -0.0378869629, -0.185530615, 0.0157930591, 0.143182143, -0.989480229, 0.324951172, -0.936645508, -0.130249023, -0.945545575, -0.319424835, -0.0614068424, 0, 1, 5, 1, 
670.341408, 47, 0.1, 0.1, 0.0165344786, 0.359914094, -0.0199689414, 0.983047715, 1.06927183e-005, -0.183349909, 0.183349908, 1.2051537e-005, 0.983047715, 1.27211005e-005, -1, 9.88672697e-006, 0.983047594, -5.16712251e-006, -0.183350558, 0.183350558, 3.19029363e-006, 0.983047594, -4.49458523e-006, -1, 4.08360527e-006, 0, 0, 0, 0, 0, 0, 0, 0.221959937, -0.0891592285, -0.199211841, 0.0952357227, 0.477727249, -0.873352076, -0.955932617, 0.288452148, 0.0534667969, 0.277458252, 0.829769948, 0.484259204, 0, 0, -0, 0, 0, 0, 0, 0.268673584, -0.038170752, -0.18554917, 0.0163235082, 0.142900694, -0.989525072, 0.327026367, -0.935913086, -0.129760742, -0.944753366, -0.3214183, -0.0621480118, 0, 1, 5, 1, 
670.342203, 47, 0.1, 0.1, 0.0165344787, 0.359914093, -0.019968405, 0.98304831, -7.02283904e-006, -0.183346722, 0.183346722, 8.76027239e-006, 0.98304831, -5.29762282e-006, -1, 9.89938548e-006, 0.983048192, -9.66586185e-006, -0.183347352, 0.183347351, -9.98627578e-006, 0.983048192, -1.13329652e-005, -1, -8.04478018e-006, 0, 0, 0, 0, 0, 0, 0, 0.221959937, -0.0891592285, -0.199211841, 0.0952357227, 0.477727249, -0.873352076, -0.955932617, 0.288452148, 0.0534667969, 0.277458252, 0.829769948, 0.484259204, 0, 0, -0, 0, 0, 0, 0, 0.268673584, -0.038170752, -0.18554917, 0.0163235082, 0.142900694, -0.989525072, 0.327026367, -0.935913086, -0.129760742, -0.944753366, -0.3214183, -0.0621480118, 0, 1, 5, 1, 
670.342999, 47, 0.1, 0.1, 0.016534479, 0.359914093, -0.019966872, 0.983048905, -1.4109418e-005, -0.183343528, 0.183343528, -7.54143787e-006, 0.983048905, -1.52529218e-005, -1, -4.82673176e-006, 0.983048787, -6.79035401e-006, -0.183344164, 0.183344164, -1.35535468e-005, 0.983048787, -9.16021298e-006, -1, -1.20788259e-005, 0, 0, 0, 0, 0, 0, 0, 0.221959937, -0.0891592285, -0.199211841, 0.0952357227, 0.477727249, -0.873352076, -0.955932617, 0.288452148, 0.0534667969, 0.277458252, 0.829769948, 0.484259204, 0, 0, -0, 0, 0, 0, 0, 0.268673584, -0.038170752, -0.18554917, 0.0163235082, 0.142900694, -0.989525072, 0.327026367, -0.935913086, -0.129760742, -0.944753366, -0.3214183, -0.0621480118, 0, 1, 5, 1, 
670.343797, 47, 0.1, 0.1, 0.0165344787, 0.359914093, -0.0199648724, 0.983049505, -1.11224766e-005, -0.183340313, 0.183340313, -1.44620794e-005, 0.983049505, -1.35854273e-005, -1, -1.21777417e-005, 0.983049384, 7.44012712e-006, -0.183340964, 0.183340964, -5.0653576e-006, 0.983049384, 6.38532483e-006, -1, -6.34357675e-006, 0, 0, 0, 0, 0, 0, 0, 0.221959937, -0.0891592285, -0.199211841, 0.0952357227, 0.477727249, -0.873352076, -0.955932617, 0.288452148, 0.0534667969, 0.277458252, 0.829769948, 0.484259204, 0, 0, -0, 0, 0, 0, 0, 0.268673584, -0.038170752, -0.18554917, 0.0163235082, 0.142900694, -0.989525072, 0.327026367, -0.935913086, -0.129760742, -0.944753366, -0.3214183, -0.0621480118, 0, 1, 5, 1, 
670.344594, 47, 0.1, 0.1, 0.0165344778, 0.359914094, -0.0199631484, 0.983050108, 7.03276069e-006, -0.183337079, 0.18333708, -9.75764014e-006, 0.983050108, 5.12461891e-006, -1, -1.0881615e-005, 0.983049987, 1.0798358e-005, -0.183337728, 0.183337728, 1.23192529e-005, 0.983049987, 1.28739095e-005, -1, 1.0130695e-005, 0, 0, 0, 0, 0, 0, 0, 0.221959937, -0.0891592285, -0.199211841, 0.0952357227, 0.477727249, -0.873352076, -0.955932617, 0.288452148, 0.0534667969, 0.277458252, 0.829769948, 0.484259204, 0, 0, -0, 0, 0, 0, 0, 0.268673584, -0.038170752, -0.18554917, 0.0163235082, 0.142900694, -0.989525072, 0.327026367, -0.935913086, -0.129760742, -0.944753366, -0.3214183, -0.0621480118, 0, 1, 5, 1, 
670.345403, 47, 0.1, 0.1, 0.0165344762, 0.359914094, -0.0199621935, 0.983050733, 1.29584585e-005, -0.183333727, 0.183333727, 8.7029214e-006, 0.983050733, 1.43343611e-005, -1, 6.17969077e-006, 0.983050599, 4.17116267e-006, -0.183334449, 0.183334449, 1.59247279e-005, 0.983050599, 7.02001517e-006, -1, 1.48900955e-005, 0, 0, 0, 0, 0, 0, 0, 0.221959937, -0.0891592285, -0.199211841, 0.0959531358, 0.477467018, -0.873371172, -0.955688477, 0.289306641, 0.0532226563, 0.278086176, 0.829687572, 0.484138636, 0, 0, -0, 0, 0, 0, 0, 0.268673584, -0.038170752, -0.18554917, 0.0163235082, 0.142900694, -0.989525072, 0.327026367, -0.935913086, -0.129760742, -0.944753366, -0.3214183, -0.0621480118, 0, 1, 5, 1, 
670.34621, 47, 0.1, 0.1, 0.0165344749, 0.359914091, -0.0199619465, 0.983051368, 6.72299864e-006, -0.183330326, 0.183330326, 1.36072313e-005, 0.983051368, 9.10367116e-006, -1, 1.21440778e-005, 0.983051244, -1.25790024e-005, -0.183330986, 0.183330986, 3.41700425e-006, 0.983051245, -1.17393612e-005, -1, 5.6652112e-006, 0, 0, 0, 0, 0, 0, 0, 0.222668237, -0.0900657471, -0.198989941, 0.0959531358, 0.477467018, -0.873371172, -0.955688477, 0.289306641, 0.0532226563, 0.278086176, 0.829687572, 0.484138636, 0, 0, -0, 0, 0, 0, 0, 0.269148389, -0.0389337402, -0.185779004, 0.0166621933, 0.141763237, -0.989659233, 0.327758789, -0.935913086, -0.128540039, -0.944472284, -0.322274308, -0.0620393701, 0, 1, 5, 1, 
670.347003, 47, 0.1, 0.1, 0.0165344746, 0.359914089, -0.0199628853, 0.983051999, -8.89549477e-006, -0.183326943, 0.183326943, 6.92920649e-006, 0.983051999, -7.47442367e-006, -1, 8.44255415e-006, 0.983051874, -1.29789198e-005, -0.183327609, 0.183327608, -1.47700306e-005, 0.983051874, -1.54667058e-005, -1, -1.21403119e-005, 0, 0, 0, 0, 0, 0, 0, 0.222668237, -0.0900657471, -0.198989941, 0.0959531358, 0.477467018, -0.873371172, -0.955688477, 0.289306641, 0.0532226563, 0.278086176, 0.829687572, 0.484138636, 0, 0, -0, 0, 0, 0, 0, 0.269148389, -0.0389337402, -0.185779004, 0.0166621933, 0.141763237, -0.989659233, 0.327758789, -0.935913086, -0.128540039, -0.944472284, -0.322274308, -0.0620393701, 0, 1, 5, 1, 
670.347816, 47, 0.1, 0.1, 0.0165344756, 0.359914089, -0.0199645529, 0.983052652, -1.05972908e-005, -0.183323438, 0.183323438, -9.47604389e-006, 0.983052652, -1.21548757e-005, -1, -7.37271831e-006, 0.983052512, -2.68113933e-006, -0.183324192, 0.183324192, -1.63198268e-005, 0.983052511, -5.62751981e-006, -1, -1.5551729e-005, 0, 0, 0, 0, 0, 0, 0, 0.222668237, -0.0900657471, -0.198989941, 0.0942842879, 0.47782872, -0.873371172, -0.955688477, 0.288818359, 0.0548095703, 0.278474088, 0.829630284, 0.484138636, 0, 0, -0, 0, 0, 0, 0, 0.269148389, -0.0389337402, -0.185779004, 0.0166621933, 0.141763237, -0.989659233, 0.327758789, -0.935913086, -0.128540039, -0.944472284, -0.322274308, -0.0620393701, 0, 1, 5, 1, 
670.348624, 47, 0.1, 0.1, 0.0165344766, 0.35991409, -0.0199659339, 0.983053304, -3.62305324e-006, -0.183319944, 0.183319944, -1.21939933e-005, 0.983053304, -5.79705662e-006, -1, -1.13231675e-005, 0.983053176, 1.36738917e-005, -0.183320628, 0.183320628, -3.13378671e-006, 0.983053176, 1.28676749e-005, -1, -5.58738538e-006, 0, 0, 0, 0, 0, 0, 0, 0.222807373, -0.0904939209, -0.199436426, 0.0942842879, 0.47782872, -0.873371172, -0.955688477, 0.288818359, 0.0548095703, 0.278474088, 0.829630284, 0.484138636, 0, 0, -0, 0, 0, 0, 0, 0.26967959, -0.0399348633, -0.185367676, 0.0178634495, 0.140370217, -0.989946879, 0.328613281, -0.935791016, -0.126708984, -0.944223284, -0.323034433, -0.0628060591, 0, 1, 5, 1, 
670.349421, 47, 0.1, 0.1, 0.0165344768, 0.359914091, -0.0199669727, 0.983053942, 1.04414612e-005, -0.183316519, 0.183316519, -5.69504634e-006, 0.983053942, 9.22052356e-006, -1, -7.51263009e-006, 0.983053816, 1.41499295e-005, -0.183317196, 0.183317196, 1.37169296e-005, 0.983053816, 1.64246913e-005, -1, 1.08905546e-005, 0, 0, 0, 0, 0, 0, 0, 0.222807373, -0.0904939209, -0.199436426, 0.0942842879, 0.47782872, -0.873371172, -0.955688477, 0.288818359, 0.0548095703, 0.278474088, 0.829630284, 0.484138636, 0, 0, -0, 0, 0, 0, 0, 0.26967959, -0.0399348633, -0.185367676, 0.0178634495, 0.140370217, -0.989946879, 0.328613281, -0.935791016, -0.126708984, -0.944223284, -0.323034433, -0.0628060591, 0, 1, 5, 1, 
670.350218, 47, 0.1, 0.1, 0.0165344757, 0.359914091, -0.0199673324, 0.983054579, 1.08310344e-005, -0.183313103, 0.183313103, 9.40595471e-006, 0.98305458, 1.23717327e-005, -1, 7.26109633e-006, 0.983054454, 4.52607936e-006, -0.183313776, 0.183313776, 1.53804802e-005, 0.983054454, 7.26883638e-006, -1, 1.42901569e-005, 0, 0, 0, 0, 0, 0, 0, 0.222807373, -0.0904939209, -0.199436426, 0.0942842879, 0.47782872, -0.873371172, -0.955688477, 0.288818359, 0.0548095703, 0.278474088, 0.829630284, 0.484138636, 0, 0, -0, 0, 0, 0, 0, 0.26967959, -0.0399348633, -0.185367676, 0.0178634495, 0.140370217, -0.989946879, 0.328613281, -0.935791016, -0.126708984, -0.944223284, -0.323034433, -0.0628060591, 0, 1, 5, 1, 
670.351019, 47, 0.1, 0.1, 0.0165344742, 0.359914089, -0.0199669318, 0.983055214, 4.18012419e-006, -0.183309701, 0.183309701, 1.39042292e-005, 0.983055214, 6.65807296e-006, -1, 1.29023677e-005, 0.983055086, -1.27939624e-005, -0.183310384, 0.183310384, 5.30800083e-006, 0.983055087, -1.16041581e-005, -1, 7.56332337e-006, 0, 0, 0, 0, 0, 0, 0, 0.222807373, -0.0904939209, -0.199436426, 0.0942842879, 0.47782872, -0.873371172, -0.955688477, 0.288818359, 0.0548095703, 0.278474088, 0.829630284, 0.484138636, 0, 0, -0, 0, 0, 0, 0, 0.26967959, -0.0399348633, -0.185367676, 0.0178634495, 0.140370217, -0.989946879, 0.328613281, -0.935791016, -0.126708984, -0.944223284, -0.323034433, -0.0628060591, 0, 1, 5, 1, 
670.351817, 47, 0.1, 0.1, 0.0165344732, 0.359914088, -0.0199659658, 0.983055843, -1.13787902e-005, -0.183306328, 0.183306328, 7.08971666e-006, 0.983055843, -9.88639622e-006, -1, 9.05539162e-006, 0.983055717, -1.51825589e-005, -0.183307001, 0.183307001, -1.28923393e-005, 0.983055717, -1.72885573e-005, -1, -9.89081851e-006, 0, 0, 0, 0, 0, 0, 0, 0.222807373, -0.0904939209, -0.199436426, 0.0942842879, 0.47782872, -0.873371172, -0.955688477, 0.288818359, 0.0548095703, 0.278474088, 0.829630284, 0.484138636, 0, 0, -0, 0, 0, 0, 0, 0.26967959, -0.0399348633, -0.185367676, 0.0178634495, 0.140370217, -0.989946879, 0.328613281, -0.935791016, -0.126708984, -0.944223284, -0.323034433, -0.0628060591, 0, 1, 5, 1, 
670.352631, 47, 0.1, 0.1, 0.0165344735, 0.359914087, -0.0199646846, 0.983056488, -1.3225018e-005, -0.18330287, 0.18330287, -9.6921133e-006, 0.983056488, -1.47775319e-005, -1, -7.10371111e-006, 0.98305635, -5.89423587e-006, -0.183303608, 0.183303608, -1.69279409e-005, 0.98305635, -8.89731865e-006, -1, -1.55606851e-005, 0, 0, 0, 0, 0, 0, 0, 0.222807373, -0.0904939209, -0.199436426, 0.0929449416, 0.47798748, -0.873409364, -0.956054688, 0.287719727, 0.0556640625, 0.277821076, 0.829852323, 0.483897502, 0, 0, -0, 0, 0, 0, 0, 0.26967959, -0.0399348633, -0.185367676, 0.0178634495, 0.140370217, -0.989946879, 0.328613281, -0.935791016, -0.126708984, -0.944223284, -0.323034433, -0.0628060591, 0, 1, 5, 1, 
670.353445, 47, 0.1, 0.1, 0.0165344744, 0.359914088, -0.0199632585, 0.983057136, -4.72687824e-006, -0.183299395, 0.183299395, -1.38630916e-005, 0.983057136, -7.18788768e-006, -1, -1.27617772e-005, 0.983057008, 1.38225687e-005, -0.183300078, 0.183300078, -4.18814982e-006, 0.983057008, 1.28206848e-005, -1, -6.65086794e-006, 0, 0, 0, 0, 0, 0, 0, 0.223406665, -0.0909316162, -0.199439111, 0.0929449416, 0.47798748, -0.873409364, -0.956054688, 0.287719727, 0.0556640625, 0.277821076, 0.829852323, 0.483897502, 0, 0, -0, 0, 0, 0, 0, 0.270424023, -0.0407308105, -0.184944629, 0.0189560639, 0.138561952, -0.990138643, 0.328979492, -0.936035156, -0.124633789, -0.944108445, -0.323347232, -0.0633171852, 0, 1, 5, 1, 
670.35424, 47, 0.1, 0.1, 0.016534475, 0.35991409, -0.0199626431, 0.983057773, 1.31532174e-005, -0.183295977, 0.183295977, -6.82291244e-006, 0.983057773, 1.16797602e-005, -1, -9.11824896e-006, 0.983057645, 1.71313006e-005, -0.18329666, 0.18329666, 1.51775357e-005, 0.983057645, 1.96230477e-005, -1, 1.17802823e-005, 0, 0, 0, 0, 0, 0, 0, 0.223406665, -0.0909316162, -0.199439111, 0.0929449416, 0.47798748, -0.873409364, -0.956054688, 0.287719727, 0.0556640625, 0.277821076, 0.829852323, 0.483897502, 0, 0, -0, 0, 0, 0, 0, 0.270424023, -0.0407308105, -0.184944629, 0.0189560639, 0.138561952, -0.990138643, 0.328979492, -0.936035156, -0.124633789, -0.944108445, -0.323347232, -0.0633171852, 0, 1, 5, 1, 
670.355057, 47, 0.1, 0.1, 0.0165344743, 0.35991409, -0.0199628676, 0.983058431, 1.51304966e-005, -0.183292449, 0.183292449, 1.04521179e-005, 0.983058431, 1.67899566e-005, -1, 7.50173682e-006, 0.983058296, 7.72735114e-006, -0.18329317, 0.18329317, 1.7763639e-005, 0.983058296, 1.08523903e-005, -1, 1.60463221e-005, 0, 0, 0, 0, 0, 0, 0, 0.223406665, -0.0909316162, -0.199439111, 0.0929449416, 0.47798748, -0.873409364, -0.956054688, 0.287719727, 0.0556640625, 0.277821076, 0.829852323, 0.483897502, 0, 0, -0, 0, 0, 0, 0, 0.270424023, -0.0407308105, -0.184944629, 0.0189560639, 0.138561952, -0.990138643, 0.328979492, -0.936035156, -0.124633789, -0.944108445, -0.323347232, -0.0633171852, 0, 1, 5, 1, 
670.355861, 47, 0.1, 0.1, 0.0165344731, 0.359914087, -0.0199635555, 0.983059094, 5.61076646e-006, -0.183288889, 0.183288889, 1.28766849e-005, 0.983059094, 7.87586826e-006, -1, 1.16301511e-005, 0.983058962, -1.28344091e-005, -0.183289601, 0.183289601, 3.3112456e-006, 0.983058962, -1.2010064e-005, -1, 5.60756339e-006, 0, 0, 0, 0, 0, 0, 0, 0.223406665, -0.0909316162, -0.199439111, 0.0929449416, 0.47798748, -0.873409364, -0.956054688, 0.287719727, 0.0556640625, 0.277821076, 0.829852323, 0.483897502, 0, 0, -0, 0, 0, 0, 0, 0.270424023, -0.0407308105, -0.184944629, 0.0189560639, 0.138561952, -0.990138643, 0.328979492, -0.936035156, -0.124633789, -0.944108445, -0.323347232, -0.0633171852, 0, 1, 5, 1, 
670.35666, 47, 0.1, 0.1, 0.0165344722, 0.359914085, -0.0199646588, 0.98305975, -1.21383646e-005, -0.183285375, 0.183285375, 4.0275118e-006, 0.98305975, -1.11945536e-005, -1, 6.18406946e-006, 0.98305962, -1.56495837e-005, -0.183286068, 0.183286068, -1.64732023e-005, 0.98305962, -1.84037823e-005, -1, -1.33257893e-005, 0, 0, 0, 0, 0, 0, 0, 0.223406665, -0.0909316162, -0.199439111, 0.0929449416, 0.47798748, -0.873409364, -0.956054688, 0.287719727, 0.0556640625, 0.277821076, 0.829852323, 0.483897502, 0, 0, -0, 0, 0, 0, 0, 0.270424023, -0.0407308105, -0.184944629, 0.0189560639, 0.138561952, -0.990138643, 0.328979492, -0.936035156, -0.124633789, -0.944108445, -0.323347232, -0.0633171852, 0, 1, 5, 1, 
670.357506, 47, 0.1, 0.1, 0.0165344729, 0.359914084, -0.0199654127, 0.983060447, -1.2297093e-005, -0.183281633, 0.183281633, -1.13391093e-005, 0.983060447, -1.41670362e-005, -1, -8.89319857e-006, 0.983060307, -4.87292351e-006, -0.183282387, 0.183282387, -1.8431147e-005, 0.983060306, -8.1684823e-006, -1, -1.7225808e-005, 0, 0, 0, 0, 0, 0, 0, 0.223406665, -0.0909316162, -0.199439111, 0.0927097981, 0.478146239, -0.873269701, -0.956298828, 0.286865234, 0.0555419922, 0.277116767, 0.830074362, 0.483998973, 0, 0, -0, 0, 0, 0, 0, 0.270424023, -0.0407308105, -0.184944629, 0.0189560639, 0.138561952, -0.990138643, 0.328979492, -0.936035156, -0.124633789, -0.944108445, -0.323347232, -0.0633171852, 0, 1, 5, 1, 
670.358322, 47, 0.1, 0.1, 0.0165344737, 0.359914085, -0.019965524, 0.983061119, -4.64257917e-006, -0.183278031, 0.183278031, -1.26426304e-005, 0.983061119, -6.88105547e-006, -1, -1.15775956e-005, 0.983060988, 1.28770622e-005, -0.183278732, 0.183278732, -3.84749925e-006, 0.983060988, 1.19537727e-005, -1, -6.14241805e-006, 0, 0, 0, 0, 0, 0, 0, 0.224062231, -0.0915925537, -0.199654907, 0.0927097981, 0.478146239, -0.873269701, -0.956298828, 0.286865234, 0.0555419922, 0.277116767, 0.830074362, 0.483998973, 0, 0, -0, 0, 0, 0, 0, 0.270986719, -0.0419366211, -0.184755078, 0.0206556863, 0.137213775, -0.990253848, 0.329101562, -0.936157227, -0.122802734, -0.943929808, -0.323366189, -0.0645567208, 0, 1, 5, 1, 
670.359121, 47, 0.1, 0.1, 0.016534474, 0.359914087, -0.0199654945, 0.983061773, 1.10329463e-005, -0.183274523, 0.183274523, -4.8839337e-006, 0.983061773, 9.95096715e-006, -1, -6.8232665e-006, 0.983061643, 1.4844838e-005, -0.183275218, 0.183275217, 1.52611086e-005, 0.983061643, 1.73903739e-005, -1, 1.22819196e-005, 0, 0, 0, 0, 0, 0, 0, 0.224062231, -0.0915925537, -0.199654907, 0.0927097981, 0.478146239, -0.873269701, -0.956298828, 0.286865234, 0.0555419922, 0.277116767, 0.830074362, 0.483998973, 0, 0, -0, 0, 0, 0, 0, 0.270986719, -0.0419366211, -0.184755078, 0.0206556863, 0.137213775, -0.990253848, 0.329101562, -0.936157227, -0.122802734, -0.943929808, -0.323366189, -0.0645567208, 0, 1, 5, 1, 
670.359917, 47, 0.1, 0.1, 0.016534473, 0.359914087, -0.0199653472, 0.983062425, 1.18666e-005, -0.183271025, 0.183271025, 1.13606543e-005, 0.983062425, 1.37476873e-005, -1, 8.99342838e-006, 0.983062296, 5.27595399e-006, -0.183271716, 0.183271716, 1.7896686e-005, 0.983062296, 8.46654781e-006, -1, 1.66266241e-005, 0, 0, 0, 0, 0, 0, 0, 0.224062231, -0.0915925537, -0.199654907, 0.0927097981, 0.478146239, -0.873269701, -0.956298828, 0.286865234, 0.0555419922, 0.277116767, 0.830074362, 0.483998973, 0, 0, -0, 0, 0, 0, 0, 0.270986719, -0.0419366211, -0.184755078, 0.0206556863, 0.137213775, -0.990253848, 0.329101562, -0.936157227, -0.122802734, -0.943929808, -0.323366189, -0.0645567208, 0, 1, 5, 1, 
670.360733, 47, 0.1, 0.1, 0.0165344711, 0.359914085, -0.0199649458, 0.983063092, 2.48005396e-006, -0.183267449, 0.183267449, 1.44068335e-005, 0.983063092, 5.07835313e-006, -1, 1.37083131e-005, 0.983062962, -1.53055064e-005, -0.183268146, 0.183268146, 5.47985406e-006, 0.983062962, -1.40419938e-005, -1, 8.19205334e-006, 0, 0, 0, 0, 0, 0, 0, 0.224062231, -0.0915925537, -0.199654907, 0.0927097981, 0.478146239, -0.873269701, -0.956298828, 0.286865234, 0.0555419922, 0.277116767, 0.830074362, 0.483998973, 0, 0, -0, 0, 0, 0, 0, 0.271126953, -0.04263125, -0.185182764, 0.0194416703, 0.13684957, -0.990394206, 0.328979492, -0.936157227, -0.122924805, -0.944057406, -0.323404468, -0.0632213032, 0, 1, 5, 1, 
670.361532, 47, 0.1, 0.1, 0.0165344697, 0.359914084, -0.0199645745, 0.983063744, -1.35971424e-005, -0.18326395, 0.18326395, 5.73485735e-006, 0.983063744, -1.23158651e-005, -1, 8.12959637e-006, 0.983063616, -1.75580163e-005, -0.183264635, 0.183264634, -1.46227343e-005, 0.983063616, -1.99404771e-005, -1, -1.11573146e-005, 0, 0, 0, 0, 0, 0, 0, 0.224062231, -0.0915925537, -0.199654907, 0.0927097981, 0.478146239, -0.873269701, -0.956298828, 0.286865234, 0.0555419922, 0.277116767, 0.830074362, 0.483998973, 0, 0, -0, 0, 0, 0, 0, 0.271126953, -0.04263125, -0.185182764, 0.0194416703, 0.13684957, -0.990394206, 0.328979492, -0.936157227, -0.122924805, -0.944057406, -0.323404468, -0.0632213032, 0, 1, 5, 1, 
670.362327, 47, 0.1, 0.1, 0.0165344697, 0.359914083, -0.0199644635, 0.983064395, -1.37908116e-005, -0.183260459, 0.183260459, -1.16766671e-005, 0.983064395, -1.56971272e-005, -1, -8.95160527e-006, 0.983064266, -7.25245505e-006, -0.183261147, 0.183261147, -1.82672553e-005, 0.983064266, -1.04773076e-005, -1, -1.66287927e-005, 0, 0, 0, 0, 0, 0, 0, 0.224062231, -0.0915925537, -0.199654907, 0.0927097981, 0.478146239, -0.873269701, -0.956298828, 0.286865234, 0.0555419922, 0.277116767, 0.830074362, 0.483998973, 0, 0, -0, 0, 0, 0, 0, 0.271126953, -0.04263125, -0.185182764, 0.0194416703, 0.13684957, -0.990394206, 0.328979492, -0.936157227, -0.122924805, -0.944057406, -0.323404468, -0.0632213032, 0, 1, 5, 1, 
670.363141, 47, 0.1, 0.1, 0.0165344707, 0.359914084, -0.0199643816, 0.983065062, -4.02083742e-006, -0.183256882, 0.183256882, -1.4193483e-005, 0.983065061, -6.55379823e-006, -1, -1.32162711e-005, 0.983064931, 1.37688509e-005, -0.183257584, 0.183257584, -4.97902774e-006, 0.983064931, 1.26232299e-005, -1, -7.41795393e-006, 0, 0, 0, 0, 0, 0, 0, 0.224527637, -0.092235791, -0.19964209, 0.093046413, 0.478691788, -0.873053653, -0.956054688, 0.287475586, 0.0556640625, 0.277681413, 0.82961718, 0.484582714, 0, 0, -0, 0, 0, 0, 0, 0.271126953, -0.04263125, -0.185182764, 0.0194416703, 0.13684957, -0.990394206, 0.328979492, -0.936157227, -0.122924805, -0.944057406, -0.323404468, -0.0632213032, 0, 1, 5, 1, 
670.363939, 47, 0.1, 0.1, 0.0165344714, 0.359914085, -0.0199645812, 0.983065713, 1.34407683e-005, -0.183253387, 0.183253387, -6.27150587e-006, 0.983065713, 1.20638838e-005, -1, -8.6283687e-006, 0.983065583, 1.710277e-005, -0.183254086, 0.183254085, 1.44288551e-005, 0.983065583, 1.94572912e-005, -1, 1.10503583e-005, 0, 0, 0, 0, 0, 0, 0, 0.224527637, -0.092235791, -0.19964209, 0.093046413, 0.478691788, -0.873053653, -0.956054688, 0.287475586, 0.0556640625, 0.277681413, 0.82961718, 0.484582714, 0, 0, -0, 0, 0, 0, 0, 0.271126953, -0.04263125, -0.185182764, 0.0194416703, 0.13684957, -0.990394206, 0.328979492, -0.936157227, -0.122924805, -0.944057406, -0.323404468, -0.0632213032, 0, 1, 5, 1, 
670.364732, 47, 0.1, 0.1, 0.016534471, 0.359914085, -0.0199649934, 0.983066363, 1.46749554e-005, -0.1832499, 0.1832499, 1.06580824e-005, 0.983066363, 1.63795476e-005, -1, 7.78841815e-006, 0.983066233, 7.94122884e-006, -0.183250596, 0.183250595, 1.71208848e-005, 0.983066233, 1.09441663e-005, -1, 1.53757289e-005, 0, 0, 0, 0, 0, 0, 0, 0.224527637, -0.092235791, -0.19964209, 0.093046413, 0.478691788, -0.873053653, -0.956054688, 0.287475586, 0.0556640625, 0.277681413, 0.82961718, 0.484582714, 0, 0, -0, 0, 0, 0, 0, 0.271126953, -0.04263125, -0.185182764, 0.0194416703, 0.13684957, -0.990394206, 0.328979492, -0.936157227, -0.122924805, -0.944057406, -0.323404468, -0.0632213032, 0, 1, 5, 1, 
670.36556, 47, 0.1, 0.1, 0.0165344698, 0.359914083, -0.0199651852, 0.983067042, 5.41572008e-006, -0.18324626, 0.18324626, 1.57439397e-005, 0.983067041, 8.20903398e-006, -1, 1.44849378e-005, 0.98306691, -1.22594999e-005, -0.183246968, 0.183246968, 6.72469227e-006, 0.98306691, -1.08196292e-005, -1, 8.85733863e-006, 0, 0, 0, 0, 0, 0, 0, 0.225006592, -0.0931327881, -0.199857886, 0.0936432587, 0.4786345, -0.87291399, -0.955810547, 0.288330078, 0.0555419922, 0.278328433, 0.829255477, 0.484684186, 0, 0, -0, 0, 0, 0, 0, 0.271596875, -0.0433463867, -0.185411133, 0.0196334342, 0.136638483, -0.990355926, 0.330566406, -0.935668945, -0.122558594, -0.94354628, -0.324899567, -0.063585508, 0, 1, 5, 1, 
670.366358, 47, 0.1, 0.1, 0.016534469, 0.359914082, -0.0199651511, 0.983067693, -1.13082655e-005, -0.183242763, 0.183242763, 7.35086033e-006, 0.983067693, -9.76979848e-006, -1, 9.29855111e-006, 0.983067565, -1.48890725e-005, -0.183243452, 0.183243452, -1.26782334e-005, 0.983067565, -1.69601675e-005, -1, -9.73523503e-006, 0, 0, 0, 0, 0, 0, 0, 0.225006592, -0.0931327881, -0.199857886, 0.0936432587, 0.4786345, -0.87291399, -0.955810547, 0.288330078, 0.0555419922, 0.278328433, 0.829255477, 0.484684186, 0, 0, -0, 0, 0, 0, 0, 0.271596875, -0.0433463867, -0.185411133, 0.0196334342, 0.136638483, -0.990355926, 0.330566406, -0.935668945, -0.122558594, -0.94354628, -0.324899567, -0.063585508, 0, 1, 5, 1, 
670.367154, 47, 0.1, 0.1, 0.0165344693, 0.359914081, -0.0199651613, 0.983068344, -1.31566628e-005, -0.183239275, 0.183239275, -1.0484114e-005, 0.983068344, -1.48550001e-005, -1, -7.89578327e-006, 0.983068214, -6.34713578e-006, -0.18323997, 0.18323997, -1.68341497e-005, 0.983068214, -9.32435653e-006, -1, -1.53860685e-005, 0, 0, 0, 0, 0, 0, 0, 0.225006592, -0.0931327881, -0.199857886, 0.0936432587, 0.4786345, -0.87291399, -0.955810547, 0.288330078, 0.0555419922, 0.278328433, 0.829255477, 0.484684186, 0, 0, -0, 0, 0, 0, 0, 0.271596875, -0.0433463867, -0.185411133, 0.0196334342, 0.136638483, -0.990355926, 0.330566406, -0.935668945, -0.122558594, -0.94354628, -0.324899567, -0.063585508, 0, 1, 5, 1, 
670.367952, 47, 0.1, 0.1, 0.01653447, 0.359914082, -0.0199651728, 0.983068993, -5.43835236e-006, -0.183235788, 0.183235788, -1.51372852e-005, 0.983068993, -8.11996796e-006, -1, -1.38844949e-005, 0.983068863, 1.21827736e-005, -0.183236487, 0.183236487, -6.07205974e-006, 0.983068863, 1.08638825e-005, -1, -8.2015815e-006, 0, 0, 0, 0, 0, 0, 0, 0.225006592, -0.0931327881, -0.199857886, 0.0936432587, 0.4786345, -0.87291399, -0.955810547, 0.288330078, 0.0555419922, 0.278328433, 0.829255477, 0.484684186, 0, 0, -0, 0, 0, 0, 0, 0.271596875, -0.0433463867, -0.185411133, 0.0196334342, 0.136638483, -0.990355926, 0.330566406, -0.935668945, -0.122558594, -0.94354628, -0.324899567, -0.063585508, 0, 1, 5, 1, 
670.368749, 47, 0.1, 0.1, 0.0165344703, 0.359914083, -0.0199652017, 0.98306964, 1.10464418e-005, -0.183232317, 0.183232317, -7.49433028e-006, 0.98306964, 9.48621811e-006, -1, -9.39151371e-006, 0.983069511, 1.47231435e-005, -0.183233011, 0.183233011, 1.28708738e-005, 0.983069511, 1.68322425e-005, -1, 9.95519771e-006, 0, 0, 0, 0, 0, 0, 0, 0.225006592, -0.0931327881, -0.199857886, 0.0936432587, 0.4786345, -0.87291399, -0.955810547, 0.288330078, 0.0555419922, 0.278328433, 0.829255477, 0.484684186, 0, 0, -0, 0, 0, 0, 0, 0.271596875, -0.0433463867, -0.185411133, 0.0196334342, 0.136638483, -0.990355926, 0.330566406, -0.935668945, -0.122558594, -0.94354628, -0.324899567, -0.063585508, 0, 1, 5, 1, 
670.369547, 47, 0.1, 0.1, 0.0165344695, 0.359914083, -0.0199651876, 0.98307029, 1.31289548e-005, -0.183228831, 0.183228831, 1.04594343e-005, 0.98307029, 1.48231554e-005, -1, 7.87675605e-006, 0.983070162, 6.16733407e-006, -0.183229521, 0.183229521, 1.65334386e-005, 0.983070162, 9.09233613e-006, -1, 1.51234925e-005, 0, 0, 0, 0, 0, 0, 0, 0.225006592, -0.0931327881, -0.199857886, 0.0936432587, 0.4786345, -0.87291399, -0.955810547, 0.288330078, 0.0555419922, 0.278328433, 0.829255477, 0.484684186, 0, 0, -0, 0, 0, 0, 0, 0.271596875, -0.0433463867, -0.185411133, 0.0196334342, 0.136638483, -0.990355926, 0.330566406, -0.935668945, -0.122558594, -0.94354628, -0.324899567, -0.063585508, 0, 1, 5, 1, 
670.370365, 47, 0.1, 0.1, 0.0165344682, 0.359914082, -0.0199649925, 0.983070955, 5.76746002e-006, -0.183225266, 0.183225266, 1.74396324e-005, 0.983070955, 8.86520371e-006, -1, 1.60876517e-005, 0.983070826, -1.17746171e-005, -0.183225958, 0.183225958, 8.61717935e-006, 0.983070826, -9.9963916e-006, -1, 1.06287131e-005, 0, 0, 0, 0, 0, 0, 0, 0.225458569, -0.0935378906, -0.200059521, 0.0937889136, 0.479459376, -0.872539183, -0.955932617, 0.287841797, 0.0554199219, 0.277687404, 0.829001238, 0.485489966, 0, 0, -0, 0, 0, 0, 0, 0.271596875, -0.0433463867, -0.185411133, 0.0196334342, 0.136638483, -0.990355926, 0.330566406, -0.935668945, -0.122558594, -0.94354628, -0.324899567, -0.063585508, 0, 1, 5, 1, 
670.371178, 47, 0.1, 0.1, 0.0165344677, 0.359914081, -0.0199645143, 0.983071615, -1.11093458e-005, -0.183221724, 0.183221724, 7.86033816e-006, 0.983071615, -9.48109778e-006, -1, 9.76274881e-006, 0.983071486, -1.47453027e-005, -0.183222413, 0.183222413, -1.25147156e-005, 0.983071486, -1.67886631e-005, -1, -9.6011901e-006, 0, 0, 0, 0, 0, 0, 0, 0.225458569, -0.0935378906, -0.200059521, 0.0937889136, 0.479459376, -0.872539183, -0.955932617, 0.287841797, 0.0554199219, 0.277687404, 0.829001238, 0.485489966, 0, 0, -0, 0, 0, 0, 0, 0.272073633, -0.0433905762, -0.185641211, 0.0197741588, 0.136785038, -0.990304887, 0.333251953, -0.934814453, -0.122436523, -0.942549548, -0.32746176, -0.0640711144, 0, 1, 5, 1, 
670.371977, 47, 0.1, 0.1, 0.0165344679, 0.35991408, -0.0199642932, 0.983072266, -1.42635673e-005, -0.183218228, 0.183218228, -1.22240052e-005, 0.983072266, -1.6261778e-005, -1, -9.40373495e-006, 0.983072136, -7.0362473e-006, -0.183218925, 0.183218925, -1.84466724e-005, 0.983072136, -1.02969182e-005, -1, -1.6845236e-005, 0, 0, 0, 0, 0, 0, 0, 0.225458569, -0.0935378906, -0.200059521, 0.0937889136, 0.479459376, -0.872539183, -0.955932617, 0.287841797, 0.0554199219, 0.277687404, 0.829001238, 0.485489966, 0, 0, -0, 0, 0, 0, 0, 0.272073633, -0.0433905762, -0.185641211, 0.0197741588, 0.136785038, -0.990304887, 0.333251953, -0.934814453, -0.122436523, -0.942549548, -0.32746176, -0.0640711144, 0, 1, 5, 1, 
