time, trialNum, realDorsalTactorPos, realVentralTactorPos, boxPosX, boxPosY, boxPosZ, boxLocalRot_11, boxLocalRot_12, boxLocalRot_13, boxLocalRot_21, boxLocalRot_22, boxLocalRot_23, boxLocalRot_31, boxLocalRot_32, boxLocalRot_33, boxGlobalRot_11, boxGlobalRot_12, boxGlobalRot_13, boxGlobalRot_21, boxGlobalRot_22, boxGlobalRot_23, boxGlobalRot_31, boxGlobalRot_32, boxGlobalRot_33, indexForceX, indexForceY, indexForceZ, indexForceGlobalX, indexForceGlobalY, indexForceGlobalZ, indexContact, indexPosX, indexPosY, indexPosZ, indexRot_11, indexRot_12, indexRot_13, indexRot_21, indexRot_22, indexRot_23, indexRot_31, indexRot_32, indexRot_33, thumbForceX, thumbForceY, thumbForceZ, thumbForceGlobalX, thumbForceGlobalY, thumbForceGlobalZ, thumbContact, thumbPosX, thumbPosY, thumbPosZ, thumbRot_11, thumbRot_12, thumbRot_13, thumbRot_21, thumbRot_22, thumbRot_23, thumbRot_31, thumbRot_32, thumbRot_33, manipForceTooHigh, cceExpType, mapping, trialSuccess, 
345.531093, 44, 0.1, 0.1, 0.0286709235, 0.35925966, -0.0199647604, 0.999846028, -3.33208277e-005, -0.0175476339, -0.0175476348, -2.75775881e-005, -0.999846028, 3.28317758e-005, 0.999999999, -2.81580436e-005, 0.999846027, -2.03360602e-005, -0.0175477065, -0.0175477068, -1.38227306e-005, -0.999846027, 2.00903718e-005, 1, -1.41774535e-005, 0, 0, 0, 0, 0, 0, 0, 0.373979932, -0.171039453, -0.170506592, -0.256009742, 0.47208452, -0.843537045, -0.917236328, 0.156494141, 0.365966797, 0.304787515, 0.867494065, 0.393146205, 0, 0, 0, 0, 0, 0, 0, 0.403103516, -0.126928076, -0.149941553, -0.12211638, 0.107600929, -0.986625956, 0.705078125, -0.690185547, -0.162475586, -0.698475726, -0.715450272, 0.00836552759, 0, 1, 5, 1, 
345.577739, 44, 0.1, 0.1, 0.0286709386, 0.359259655, -0.0199674361, 0.999846382, 9.23633695e-006, -0.0175274513, -0.0175274511, -1.38696569e-005, -0.999846382, -9.47801783e-006, 1, -1.37056369e-005, 0.999846382, -1.37655277e-005, -0.0175274478, -0.0175274477, 9.71838658e-006, -0.999846382, 1.39337516e-005, 1, 9.47561909e-006, 0, 0, 0, 0, 0, 0, 0, 0.372007495, -0.169156665, -0.170713159, -0.276865281, 0.482884292, -0.830668913, -0.912719727, 0.138061523, 0.384521484, 0.300304416, 0.864671221, 0.402602143, 0, 0, 0, 0, 0, 0, 0, 0.401047754, -0.125655469, -0.146603271, -0.135839491, 0.116135854, -0.983814396, 0.711547852, -0.67956543, -0.178344727, -0.68936221, -0.724249889, 0.00964297611, 0, 1, 5, 1, 
345.578522, 44, 0.1, 0.1, 0.0286709381, 0.359259655, -0.0199669042, 0.999846382, -2.3165157e-005, -0.0175274503, -0.0175274497, 2.69465671e-005, -0.999846382, 2.3633903e-005, 0.999999999, 2.65364015e-005, 0.999846382, -1.30321911e-005, -0.0175274514, -0.0175274512, 1.49303633e-005, -0.999846382, 1.32918804e-005, 1, 1.46996487e-005, 0, 0, 0, 0, 0, 0, 0, 0.372007495, -0.169156665, -0.170713159, -0.276865281, 0.482884292, -0.830668913, -0.912719727, 0.138061523, 0.384521484, 0.300304416, 0.864671221, 0.402602143, 0, 0, 0, 0, 0, 0, 0, 0.401047754, -0.125655469, -0.146603271, -0.135839491, 0.116135854, -0.983814396, 0.711547852, -0.67956543, -0.178344727, -0.68936221, -0.724249889, 0.00964297611, 0, 1, 5, 1, 
345.579318, 44, 0.1, 0.1, 0.0286709366, 0.359259656, -0.0199659805, 0.999846382, 2.36487184e-005, -0.01752745, -0.0175274495, -2.36326322e-005, -0.999846382, -2.40593054e-005, 0.999999999, -2.32145001e-005, 0.999846382, 2.55164266e-005, -0.0175274483, -0.0175274476, -2.39748874e-005, -0.999846382, -2.59327255e-005, 0.999999999, -2.35239666e-005, 0, 0, 0, 0, 0, 0, 0, 0.372007495, -0.169156665, -0.170713159, -0.275978247, 0.484089966, -0.830369369, -0.91394043, 0.135009766, 0.382568359, 0.297321309, 0.864480261, 0.405273722, 0, 0, 0, 0, 0, 0, 0, 0.401047754, -0.125655469, -0.146603271, -0.135839491, 0.116135854, -0.983814396, 0.711547852, -0.67956543, -0.178344727, -0.68936221, -0.724249889, 0.00964297611, 0, 1, 5, 1, 
345.580121, 44, 0.1, 0.1, 0.0286709402, 0.359259653, -0.0199646364, 0.999846382, -1.383513e-005, -0.0175274737, -0.0175274736, 1.04902473e-005, -0.999846382, 1.40168722e-005, 1, 1.02461409e-005, 0.999846382, -2.79116887e-005, -0.0175274692, -0.0175274686, 2.44834137e-005, -0.999846382, 2.83365332e-005, 0.999999999, 2.39904313e-005, 0, 0, 0, 0, 0, 0, 0, 0.372266992, -0.168425903, -0.169796753, -0.275978247, 0.484089966, -0.830369369, -0.91394043, 0.135009766, 0.382568359, 0.297321309, 0.864480261, 0.405273722, 0, 0, 0, 0, 0, 0, 0, 0.400593555, -0.125935693, -0.147436182, -0.139066295, 0.118378685, -0.983162545, 0.710083008, -0.680053711, -0.182250977, -0.690192332, -0.723400445, 0.0104479446, 0, 1, 5, 1, 
345.58092, 44, 0.1, 0.1, 0.0286709373, 0.359259656, -0.019963613, 0.999846382, -1.23342907e-005, -0.0175274848, -0.0175274846, 1.53746796e-005, -0.999846382, 1.26018754e-005, 1, 1.51561287e-005, 0.999846382, 1.26331441e-005, -0.0175274854, -0.0175274853, -1.12454273e-005, -0.999846382, -1.28283075e-005, 1, -1.10222725e-005, 0, 0, 0, 0, 0, 0, 0, 0.372266992, -0.168425903, -0.169796753, -0.275978247, 0.484089966, -0.830369369, -0.91394043, 0.135009766, 0.382568359, 0.297321309, 0.864480261, 0.405273722, 0, 0, 0, 0, 0, 0, 0, 0.400593555, -0.125935693, -0.147436182, -0.139066295, 0.118378685, -0.983162545, 0.710083008, -0.680053711, -0.182250977, -0.690192332, -0.723400445, 0.0104479446, 0, 1, 5, 1, 
345.581706, 44, 0.1, 0.1, 0.028670938, 0.359259655, -0.0199632958, 0.999846382, 2.770675e-005, -0.0175274758, -0.017527475, -2.9782956e-005, -0.999846382, -2.82245138e-005, 0.999999999, -2.92927514e-005, 0.999846382, 1.57076188e-005, -0.0175274781, -0.0175274778, -1.64476443e-005, -0.999846382, -1.59934915e-005, 1, -1.61698027e-005, 0, 0, 0, 0, 0, 0, 0, 0.372266992, -0.168425903, -0.169796753, -0.275978247, 0.484089966, -0.830369369, -0.91394043, 0.135009766, 0.382568359, 0.297321309, 0.864480261, 0.405273722, 0, 0, 0, 0, 0, 0, 0, 0.400593555, -0.125935693, -0.147436182, -0.139066295, 0.118378685, -0.983162545, 0.710083008, -0.680053711, -0.182250977, -0.690192332, -0.723400445, 0.0104479446, 0, 1, 5, 1, 
345.582491, 44, 0.1, 0.1, 0.0286709388, 0.359259654, -0.019963792, 0.999846382, -2.24745509e-005, -0.0175274591, -0.0175274585, 2.46342901e-005, -0.999846382, 2.2902875e-005, 0.999999999, 2.42365841e-005, 0.999846382, -2.33068164e-005, -0.0175274625, -0.0175274619, 2.55306396e-005, -0.999846382, 2.37507234e-005, 0.999999999, 2.51182083e-005, 0, 0, 0, 0, 0, 0, 0, 0.372266992, -0.168425903, -0.169796753, -0.275978247, 0.484089966, -0.830369369, -0.91394043, 0.135009766, 0.382568359, 0.297321309, 0.864480261, 0.405273722, 0, 0, 0, 0, 0, 0, 0, 0.400593555, -0.125935693, -0.147436182, -0.139066295, 0.118378685, -0.983162545, 0.710083008, -0.680053711, -0.182250977, -0.690192332, -0.723400445, 0.0104479446, 0, 1, 5, 1, 
345.583276, 44, 0.1, 0.1, 0.0286709356, 0.359259657, -0.0199648314, 0.999846383, 1.37956718e-005, -0.0175274347, -0.0175274346, -1.35639472e-005, -0.999846383, -1.40312938e-005, 1, -1.33200608e-005, 0.999846382, 2.64254024e-005, -0.0175274408, -0.0175274401, -2.77514e-005, -0.999846382, -2.6907754e-005, 0.999999999, -2.72839672e-005, 0, 0, 0, 0, 0, 0, 0, 0.372266992, -0.168425903, -0.169796753, -0.275978247, 0.484089966, -0.830369369, -0.91394043, 0.135009766, 0.382568359, 0.297321309, 0.864480261, 0.405273722, 0, 0, 0, 0, 0, 0, 0, 0.400593555, -0.125935693, -0.147436182, -0.139066295, 0.118378685, -0.983162545, 0.710083008, -0.680053711, -0.182250977, -0.690192332, -0.723400445, 0.0104479446, 0, 1, 5, 1, 
345.584073, 44, 0.1, 0.1, 0.028670938, 0.359259655, -0.019966066, 0.999846383, 1.41570297e-005, -0.017527399, -0.0175273988, -1.59433847e-005, -0.999846383, -1.4434301e-005, 1, -1.56927996e-005, 0.999846383, -1.07153454e-005, -0.0175274085, -0.0175274084, 1.12640866e-005, -0.999846383, 1.09111296e-005, 1, 1.1074544e-005, 0, 0, 0, 0, 0, 0, 0, 0.372266992, -0.168425903, -0.169796753, -0.274113952, 0.487528011, -0.828960752, -0.911132812, 0.143920898, 0.385986328, 0.307531348, 0.861216706, 0.404803435, 0, 0, 0, 0, 0, 0, 0, 0.400593555, -0.125935693, -0.147436182, -0.139066295, 0.118378685, -0.983162545, 0.710083008, -0.680053711, -0.182250977, -0.690192332, -0.723400445, 0.0104479446, 0, 1, 5, 1, 
345.584874, 44, 0.1, 0.1, 0.0286709366, 0.359259656, -0.019966717, 0.999846384, -2.19582094e-005, -0.0175273588, -0.0175273583, 2.37831362e-005, -0.999846384, 2.23716918e-005, 0.999999999, 2.33946133e-005, 0.999846384, -1.13862339e-005, -0.0175273658, -0.0175273657, 1.14963971e-005, -0.999846384, 1.15859864e-005, 1, 1.12950604e-005, 0, 0, 0, 0, 0, 0, 0, 0.370607397, -0.170492554, -0.170172681, -0.274113952, 0.487528011, -0.828960752, -0.911132812, 0.143920898, 0.385986328, 0.307531348, 0.861216706, 0.404803435, 0, 0, 0, 0, 0, 0, 0, 0.399997412, -0.126050781, -0.147842627, -0.141066323, 0.119771706, -0.982727978, 0.708862305, -0.680664063, -0.184692383, -0.691016257, -0.722640319, 0.0109845903, 0, 1, 5, 1, 
345.585657, 44, 0.1, 0.1, 0.0286709354, 0.359259657, -0.0199669861, 0.999846384, 2.20623767e-005, -0.0175273295, -0.017527329, -2.34786659e-005, -0.999846384, -2.24705059e-005, 0.999999999, -2.30883647e-005, 0.999846384, 2.3963866e-005, -0.0175273336, -0.017527333, -2.41369753e-005, -0.999846384, -2.43832416e-005, 0.999999999, -2.37132448e-005, 0, 0, 0, 0, 0, 0, 0, 0.370607397, -0.170492554, -0.170172681, -0.274113952, 0.487528011, -0.828960752, -0.911132812, 0.143920898, 0.385986328, 0.307531348, 0.861216706, 0.404803435, 0, 0, 0, 0, 0, 0, 0, 0.399997412, -0.126050781, -0.147842627, -0.141066323, 0.119771706, -0.982727978, 0.708862305, -0.680664063, -0.184692383, -0.691016257, -0.722640319, 0.0109845903, 0, 1, 5, 1, 
345.586443, 44, 0.1, 0.1, 0.0286709385, 0.359259654, -0.0199668512, 0.999846385, -1.17969995e-005, -0.0175273187, -0.0175273185, 1.31972118e-005, -0.999846385, 1.20264991e-005, 1, 1.29884147e-005, 0.999846384, -2.48224712e-005, -0.0175273189, -0.0175273183, 2.51612387e-005, -0.999846384, 2.52596672e-005, 0.999999999, 2.47223022e-005, 0, 0, 0, 0, 0, 0, 0, 0.370607397, -0.170492554, -0.170172681, -0.274113952, 0.487528011, -0.828960752, -0.911132812, 0.143920898, 0.385986328, 0.307531348, 0.861216706, 0.404803435, 0, 0, 0, 0, 0, 0, 0, 0.399997412, -0.126050781, -0.147842627, -0.141066323, 0.119771706, -0.982727978, 0.708862305, -0.680664063, -0.184692383, -0.691016257, -0.722640319, 0.0109845903, 0, 1, 5, 1, 
345.58775, 44, 0.1, 0.1, 0.0286709334, 0.359259659, -0.0199590565, 0.999846383, -4.34256944e-005, -0.0175273555, -0.0175273537, 4.07925743e-005, -0.999846383, 4.41340095e-005, 0.999999998, 4.00251703e-005, 0.999846384, 7.86774232e-006, -0.0175273396, -0.0175273396, -9.78953972e-006, -0.999846384, -8.0381183e-006, 1, -9.6501353e-006, 0, 0, 0, 0, 0, 0, 0, 0.370607397, -0.170492554, -0.170172681, -0.274113952, 0.487528011, -0.828960752, -0.911132812, 0.143920898, 0.385986328, 0.307531348, 0.861216706, 0.404803435, 0, 0, 0, 0, 0, 0, 0, 0.399997412, -0.126050781, -0.147842627, -0.141066323, 0.119771706, -0.982727978, 0.708862305, -0.680664063, -0.184692383, -0.691016257, -0.722640319, 0.0109845903, 0, 1, 5, 1, 
345.588864, 44, 0.1, 0.1, 0.0286709407, 0.359259651, -0.0199469003, 0.999846381, 4.46240716e-005, -0.0175274515, -0.0175274498, -3.88516302e-005, -0.999846382, -4.52981866e-005, 0.999999998, -3.80635157e-005, 0.999846382, 2.31609995e-005, -0.0175274333, -0.0175274329, -1.8293033e-005, -0.999846383, -2.34780715e-005, 1, -1.788427e-005, 0, 0, 0, 0, 0, 0, 0, 0.370607397, -0.170492554, -0.170172681, -0.276961143, 0.490535084, -0.826237876, -0.908691406, 0.145629883, 0.390991211, 0.312184425, 0.859133737, 0.405608093, 0, 0, 0, 0, 0, 0, 0, 0.399997412, -0.126050781, -0.147842627, -0.141066323, 0.119771706, -0.982727978, 0.708862305, -0.680664063, -0.184692383, -0.691016257, -0.722640319, 0.0109845903, 0, 1, 5, 1, 
345.589662, 44, 0.1, 0.1, 0.0286709412, 0.35925965, -0.0199439934, 0.99984638, -3.45787383e-005, -0.0175275292, -0.0175275279, 3.54945611e-005, -0.99984638, 3.51955582e-005, 0.999999999, 3.48830286e-005, 0.999846381, -3.52880173e-005, -0.017527518, -0.0175275166, 3.9316858e-005, -0.999846381, 3.59717233e-005, 0.999999999, 3.86923068e-005, 0, 0, 0, 0, 0, 0, 0, 0.369136597, -0.169675488, -0.170924048, -0.276961143, 0.490535084, -0.826237876, -0.908691406, 0.145629883, 0.390991211, 0.312184425, 0.859133737, 0.405608093, 0, 0, 0, 0, 0, 0, 0, 0.399889746, -0.125711572, -0.148259326, -0.142829744, 0.121656529, -0.982216852, 0.708984375, -0.67980957, -0.187255859, -0.690587886, -0.723055929, 0.0107928264, 0, 1, 5, 1, 
345.590451, 44, 0.1, 0.1, 0.0286709354, 0.359259657, -0.0199484962, 0.99984638, 2.76003235e-005, -0.0175275625, -0.0175275617, -2.99990751e-005, -0.99984638, -2.81218942e-005, 0.999999999, -2.95107003e-005, 0.99984638, 4.45813092e-005, -0.0175275593, -0.017527557, -4.9732571e-005, -0.999846379, -4.54461512e-005, 0.999999998, -4.89435296e-005, 0, 0, 0, 0, 0, 0, 0, 0.369136597, -0.169675488, -0.170924048, -0.276961143, 0.490535084, -0.826237876, -0.908691406, 0.145629883, 0.390991211, 0.312184425, 0.859133737, 0.405608093, 0, 0, 0, 0, 0, 0, 0, 0.399889746, -0.125711572, -0.148259326, -0.142829744, 0.121656529, -0.982216852, 0.708984375, -0.67980957, -0.187255859, -0.690587886, -0.723055929, 0.0107928264, 0, 1, 5, 1, 
345.591237, 44, 0.1, 0.1, 0.028670937, 0.359259654, -0.0199581458, 0.99984638, 2.10772075e-005, -0.0175275811, -0.0175275807, -1.53417079e-005, -0.99984638, -2.13428726e-005, 1, -1.49699187e-005, 0.99984638, -7.74743789e-006, -0.0175275756, -0.0175275755, 1.42583628e-005, -0.99984638, 7.99616227e-006, 1, 1.41203787e-005, 0, 0, 0, 0, 0, 0, 0, 0.369136597, -0.169675488, -0.170924048, -0.276961143, 0.490535084, -0.826237876, -0.908691406, 0.145629883, 0.390991211, 0.312184425, 0.859133737, 0.405608093, 0, 0, 0, 0, 0, 0, 0, 0.399889746, -0.125711572, -0.148259326, -0.142829744, 0.121656529, -0.982216852, 0.708984375, -0.67980957, -0.187255859, -0.690587886, -0.723055929, 0.0107928264, 0, 1, 5, 1, 
345.592037, 44, 0.1, 0.1, 0.0286709338, 0.359259657, -0.0199692501, 0.999846379, -1.64663253e-005, -0.017527626, -0.0175276257, 1.42625137e-005, -0.999846379, 1.67137837e-005, 1, 1.39717071e-005, 0.99984638, -3.64485129e-006, -0.0175276165, -0.0175276165, 3.45289142e-006, -0.99984638, 3.70481233e-006, 1, 3.38847543e-006, 0, 0, 0, 0, 0, 0, 0, 0.369136597, -0.169675488, -0.170924048, -0.276961143, 0.490535084, -0.826237876, -0.908691406, 0.145629883, 0.390991211, 0.312184425, 0.859133737, 0.405608093, 0, 0, 0, 0, 0, 0, 0, 0.399864844, -0.125334033, -0.148486475, -0.143193949, 0.123988679, -0.981820931, 0.708862305, -0.679443359, -0.189086914, -0.690626166, -0.723056296, 0.00936152688, 0, 1, 5, 1, 
345.592827, 44, 0.1, 0.1, 0.0286709337, 0.359259658, -0.0199777587, 0.999846379, 1.24561121e-005, -0.0175276525, -0.0175276523, -2.00789119e-005, -0.999846379, -1.28061348e-005, 1, -1.98575009e-005, 0.999846379, 1.27025803e-005, -0.017527648, -0.0175276477, -2.04394185e-005, -0.999846379, -1.30588839e-005, 1, -2.02136322e-005, 0, 0, 0, 0, 0, 0, 0, 0.369136597, -0.169675488, -0.170924048, -0.276961143, 0.490535084, -0.826237876, -0.908691406, 0.145629883, 0.390991211, 0.312184425, 0.859133737, 0.405608093, 0, 0, 0, 0, 0, 0, 0, 0.399864844, -0.125334033, -0.148486475, -0.143193949, 0.123988679, -0.981820931, 0.708862305, -0.679443359, -0.189086914, -0.690626166, -0.723056296, 0.00936152688, 0, 1, 5, 1, 
345.593619, 44, 0.1, 0.1, 0.0286709355, 0.359259657, -0.0199815265, 0.999846378, -7.77866767e-006, -0.0175276755, -0.0175276754, 7.05868283e-006, -0.999846378, 7.901195e-006, 1, 6.92125651e-006, 0.999846379, -1.49636952e-005, -0.0175276681, -0.0175276679, 1.26095924e-005, -0.999846379, 1.51824132e-005, 1, 1.23453766e-005, 0, 0, 0, 0, 0, 0, 0, 0.369136597, -0.169675488, -0.170924048, -0.276961143, 0.490535084, -0.826237876, -0.908691406, 0.145629883, 0.390991211, 0.312184425, 0.859133737, 0.405608093, 0, 0, 0, 0, 0, 0, 0, 0.399864844, -0.125334033, -0.148486475, -0.143193949, 0.123988679, -0.981820931, 0.708862305, -0.679443359, -0.189086914, -0.690626166, -0.723056296, 0.00936152688, 0, 1, 5, 1, 
345.594419, 44, 0.1, 0.1, 0.0286709344, 0.359259658, -0.019979599, 0.999846378, -1.05016553e-005, -0.0175276894, -0.0175276893, 2.24292913e-006, -0.999846378, 1.05393554e-005, 1, 2.05851481e-006, 0.999846378, 4.1608812e-006, -0.0175277027, -0.0175277027, 7.6145922e-007, -0.999846378, -4.14689537e-006, 1, 8.34272932e-007, 0, 0, 0, 0, 0, 0, 0, 0.368166479, -0.169053833, -0.171894629, -0.278767411, 0.494106801, -0.823457712, -0.90637207, 0.147827148, 0.395629883, 0.317167003, 0.856714154, 0.406774454, 0, 0, 0, 0, 0, 0, 0, 0.399864844, -0.125334033, -0.148486475, -0.143193949, 0.123988679, -0.981820931, 0.708862305, -0.679443359, -0.189086914, -0.690626166, -0.723056296, 0.00936152688, 0, 1, 5, 1, 
345.595202, 44, 0.1, 0.1, 0.0286709342, 0.359259658, -0.019973245, 0.999846379, 2.29289306e-005, -0.0175276171, -0.0175276171, -9.2484707e-007, -0.99984638, -2.29416187e-005, 1, -5.22815478e-007, 0.99984638, 1.47304916e-005, -0.0175276031, -0.0175276032, 7.78221344e-006, -0.99984638, -1.45918252e-005, 1, 8.03920814e-006, 0, 0, 0, 0, 0, 0, 0, 0.368166479, -0.169053833, -0.171894629, -0.278767411, 0.494106801, -0.823457712, -0.90637207, 0.147827148, 0.395629883, 0.317167003, 0.856714154, 0.406774454, 0, 0, 0, 0, 0, 0, 0, 0.399864844, -0.125334033, -0.148486475, -0.143193949, 0.123988679, -0.981820931, 0.708862305, -0.679443359, -0.189086914, -0.690626166, -0.723056296, 0.00936152688, 0, 1, 5, 1, 
345.595988, 44, 0.1, 0.1, 0.0286709358, 0.359259658, -0.0199650285, 0.999846376, -2.30770011e-005, -0.0175277937, -0.0175277935, 1.03747925e-005, -0.999846376, 2.32553032e-005, 1, 9.96870979e-006, 0.999846377, -2.58933177e-005, -0.0175277319, -0.0175277317, 9.0176772e-006, -0.999846377, 2.60473994e-005, 1, 8.56244075e-006, 0, 0, 0, 0, 0, 0, 0, 0.368166479, -0.169053833, -0.171894629, -0.278767411, 0.494106801, -0.823457712, -0.90637207, 0.147827148, 0.395629883, 0.317167003, 0.856714154, 0.406774454, 0, 0, 0, 0, 0, 0, 0, 0.399864844, -0.125334033, -0.148486475, -0.143193949, 0.123988679, -0.981820931, 0.708862305, -0.679443359, -0.189086914, -0.690626166, -0.723056296, 0.00936152688, 0, 1, 5, 1, 
345.5968, 44, 0.1, 0.1, 0.0286709307, 0.359259658, -0.0199573682, 0.999846371, 1.69841691e-005, -0.0175280735, -0.0175280737, 1.0452037e-005, -0.999846371, -1.67983558e-005, 1, 1.07481311e-005, 0.999846372, 3.4866603e-005, -0.0175280175, -0.0175280173, -7.74106727e-006, -0.999846372, -3.4996932e-005, 0.999999999, -7.1287356e-006, 0, 0, 0, 0, 0, 0, 0, 0.367827759, -0.166533105, -0.171813574, -0.280781109, 0.495369764, -0.822034868, -0.907226562, 0.142333984, 0.395629883, 0.313036632, 0.856884896, 0.409515304, 0, 0, 0, 0, 0, 0, 0, 0.399619629, -0.125414209, -0.148716797, -0.143213272, 0.125854545, -0.981584691, 0.707885742, -0.680053711, -0.190429687, -0.691610138, -0.722123729, 0.00828167231, 0, 1, 5, 1, 
345.597588, 44, 0.1, 0.1, 0.0286709339, 0.359259659, -0.0199531727, 0.999846372, 2.1185062e-005, -0.0175280052, -0.017528005, -8.09688268e-006, -0.999846373, -2.13237296e-005, 1, -7.7243069e-006, 0.999846372, -1.28228253e-005, -0.0175280479, -0.0175280481, -1.11522479e-005, -0.999846372, 1.26253782e-005, 1, -1.13752937e-005, 0, 0, 0, 0, 0, 0, 0, 0.367827759, -0.166533105, -0.171813574, -0.280781109, 0.495369764, -0.822034868, -0.907226562, 0.142333984, 0.395629883, 0.313036632, 0.856884896, 0.409515304, 0, 0, 0, 0, 0, 0, 0, 0.399619629, -0.125414209, -0.148716797, -0.143213272, 0.125854545, -0.981584691, 0.707885742, -0.680053711, -0.190429687, -0.691610138, -0.722123729, 0.00828167231, 0, 1, 5, 1, 
345.598372, 44, 0.1, 0.1, 0.0286709324, 0.35925966, -0.0199534033, 0.99984638, -3.78341322e-005, -0.0175275744, -0.0175275759, -3.93179382e-005, -0.999846379, 3.7139172e-005, 0.999999999, -3.99750388e-005, 0.999846379, -1.99493312e-005, -0.0175276578, -0.0175276583, -2.80590353e-005, -0.999846378, 1.94544574e-005, 0.999999999, -2.84043899e-005, 0, 0, 0, 0, 0, 0, 0, 0.367827759, -0.166533105, -0.171813574, -0.280781109, 0.495369764, -0.822034868, -0.907226562, 0.142333984, 0.395629883, 0.313036632, 0.856884896, 0.409515304, 0, 0, 0, 0, 0, 0, 0, 0.399619629, -0.125414209, -0.148716797, -0.143213272, 0.125854545, -0.981584691, 0.707885742, -0.680053711, -0.190429687, -0.691610138, -0.722123729, 0.00828167231, 0, 1, 5, 1, 
345.599163, 44, 0.1, 0.1, 0.0286709326, 0.359259658, -0.0199576162, 0.999846386, 2.39098582e-005, -0.0175272524, -0.0175272534, 4.33108574e-005, -0.999846385, -2.3147065e-005, 0.999999999, 4.37232784e-005, 0.999846385, 2.40382109e-005, -0.0175273137, -0.0175273147, 4.10997311e-005, -0.999846384, -2.33141503e-005, 0.999999999, 4.15147428e-005, 0, 0, 0, 0, 0, 0, 0, 0.367827759, -0.166533105, -0.171813574, -0.280781109, 0.495369764, -0.822034868, -0.907226562, 0.142333984, 0.395629883, 0.313036632, 0.856884896, 0.409515304, 0, 0, 0, 0, 0, 0, 0, 0.399619629, -0.125414209, -0.148716797, -0.143213272, 0.125854545, -0.981584691, 0.707885742, -0.680053711, -0.190429687, -0.691610138, -0.722123729, 0.00828167231, 0, 1, 5, 1, 
345.599948, 44, 0.1, 0.1, 0.0286709365, 0.359259663, -0.0199641573, 0.999846395, -1.78394056e-005, -0.0175267227, -0.0175267239, -6.6884633e-005, -0.999846393, 1.66643969e-005, 0.999999998, -6.71870256e-005, 0.999846392, -3.06084317e-005, -0.0175268805, -0.0175268822, -5.80417374e-005, -0.999846391, 2.95864394e-005, 0.999999998, -5.85692921e-005, 0, 0, 0, 0, 0, 0, 0, 0.367827759, -0.166533105, -0.171813574, -0.280781109, 0.495369764, -0.822034868, -0.907226562, 0.142333984, 0.395629883, 0.313036632, 0.856884896, 0.409515304, 0, 0, 0, 0, 0, 0, 0, 0.399619629, -0.125414209, -0.148716797, -0.143213272, 0.125854545, -0.981584691, 0.707885742, -0.680053711, -0.190429687, -0.691610138, -0.722123729, 0.00828167231, 0, 1, 5, 1, 
345.600738, 44, 0.1, 0.1, 0.0286709345, 0.359259666, -0.0199707525, 0.999846416, -1.09515931e-005, -0.0175255606, -0.0175255601, 4.81226406e-005, -0.999846414, 1.17932874e-005, 0.999999999, 4.79233169e-005, 0.99984641, 8.7537224e-006, -0.0175258558, -0.017525856, 2.2509785e-005, -0.99984641, -8.35787467e-006, 1, 2.26597442e-005, 0, 0, 0, 0, 0, 0, 0, 0.367827759, -0.166533105, -0.171813574, -0.280781109, 0.495369764, -0.822034868, -0.907226562, 0.142333984, 0.395629883, 0.313036632, 0.856884896, 0.409515304, 0, 0, 0, 0, 0, 0, 0, 0.399619629, -0.125414209, -0.148716797, -0.143213272, 0.125854545, -0.981584691, 0.707885742, -0.680053711, -0.190429687, -0.691610138, -0.722123729, 0.00828167231, 0, 1, 5, 1, 
345.601562, 44, 0.1, 0.1, 0.0286709364, 0.359259655, -0.0199750715, 0.99984644, 1.00312966e-005, -0.0175241859, -0.0175241859, 9.07111358e-006, -0.99984644, -9.87079228e-006, 1, 9.24551092e-006, 0.999846436, 2.98444726e-006, -0.0175244169, -0.017524417, 3.73674079e-005, -0.999846435, -2.32914692e-006, 0.999999999, 3.74139703e-005, 0, 0, 0, 0, 0, 0, 0, 0.368222388, -0.168008887, -0.171363916, -0.277499579, 0.497146074, -0.822091035, -0.907836914, 0.144165039, 0.393676758, 0.314247176, 0.855614821, 0.411501671, 0, 0, 0, 0, 0, 0, 0, 0.399330225, -0.12487666, -0.149153516, -0.144369686, 0.127375164, -0.981290849, 0.708007813, -0.679321289, -0.192382812, -0.691117969, -0.722577619, 0.00782158556, 0, 1, 5, 1, 
345.602347, 44, 0.1, 0.1, 0.0286709363, 0.359259666, -0.0199756255, 0.999846453, -1.11096737e-006, -0.0175234352, -0.0175234353, -5.62759352e-005, -0.999846451, 1.24649076e-007, 0.999999998, -5.62867622e-005, 0.99984645, 8.36125951e-007, -0.0175235843, -0.0175235842, -6.36255692e-005, -0.999846448, -1.95094559e-006, 0.999999998, -6.36011476e-005, 0, 0, 0, 0, 0, 0, 0, 0.368222388, -0.168008887, -0.171363916, -0.277499579, 0.497146074, -0.822091035, -0.907836914, 0.144165039, 0.393676758, 0.314247176, 0.855614821, 0.411501671, 0, 0, 0, 0, 0, 0, 0, 0.399330225, -0.12487666, -0.149153516, -0.144369686, 0.127375164, -0.981290849, 0.708007813, -0.679321289, -0.192382812, -0.691117969, -0.722577619, 0.00782158556, 0, 1, 5, 1, 
345.603129, 44, 0.1, 0.1, 0.0286709366, 0.359259664, -0.0199729926, 0.999846466, -2.31033893e-006, -0.0175226995, -0.0175226994, 5.28340997e-005, -0.999846464, 3.23578027e-006, 0.999999999, 5.27855045e-005, 0.999846464, -9.28709198e-006, -0.0175228227, -0.0175228222, 4.19356725e-005, -0.999846463, 1.00204974e-005, 0.999999999, 4.17664978e-005, 0, 0, 0, 0, 0, 0, 0, 0.368222388, -0.168008887, -0.171363916, -0.277499579, 0.497146074, -0.822091035, -0.907836914, 0.144165039, 0.393676758, 0.314247176, 0.855614821, 0.411501671, 0, 0, 0, 0, 0, 0, 0, 0.399330225, -0.12487666, -0.149153516, -0.144369686, 0.127375164, -0.981290849, 0.708007813, -0.679321289, -0.192382812, -0.691117969, -0.722577619, 0.00782158556, 0, 1, 5, 1, 
345.603916, 44, 0.1, 0.1, 0.0286709349, 0.359259661, -0.0199682184, 0.999846472, -7.31372685e-006, -0.0175223497, -0.0175223499, -3.19504967e-005, -0.999846471, 6.75275621e-006, 0.999999999, -3.20737451e-005, 0.999846471, -2.77358084e-006, -0.0175224067, -0.0175224067, -1.2698203e-005, -0.999846471, 2.55065194e-006, 1, -1.27448532e-005, 0, 0, 0, 0, 0, 0, 0, 0.368222388, -0.168008887, -0.171363916, -0.277499579, 0.497146074, -0.822091035, -0.907836914, 0.144165039, 0.393676758, 0.314247176, 0.855614821, 0.411501671, 0, 0, 0, 0, 0, 0, 0, 0.399330225, -0.12487666, -0.149153516, -0.144369686, 0.127375164, -0.981290849, 0.708007813, -0.679321289, -0.192382812, -0.691117969, -0.722577619, 0.00782158556, 0, 1, 5, 1, 
345.604703, 44, 0.1, 0.1, 0.0286709347, 0.359259662, -0.0199629926, 0.999846478, 5.65769492e-006, -0.0175220112, -0.0175220114, 3.34347359e-005, -0.999846477, -5.07098252e-006, 0.999999999, 3.35287371e-005, 0.999846477, -1.95195564e-006, -0.0175220664, -0.0175220663, 1.74103411e-005, -0.999846477, 2.25672112e-006, 1, 1.73734659e-005, 0, 0, 0, 0, 0, 0, 0, 0.368222388, -0.168008887, -0.171363916, -0.277499579, 0.497146074, -0.822091035, -0.907836914, 0.144165039, 0.393676758, 0.314247176, 0.855614821, 0.411501671, 0, 0, 0, 0, 0, 0, 0, 0.399330225, -0.12487666, -0.149153516, -0.144369686, 0.127375164, -0.981290849, 0.708007813, -0.679321289, -0.192382812, -0.691117969, -0.722577619, 0.00782158556, 0, 1, 5, 1, 
345.605493, 44, 0.1, 0.1, 0.0286709363, 0.359259661, -0.0199590553, 0.999846481, -2.43503985e-005, -0.0175218362, -0.0175218364, -1.04135438e-005, -0.999846481, 2.41641959e-005, 1, -1.08386088e-005, 0.999846481, -1.99108185e-005, -0.0175218338, -0.017521834, -1.41416051e-005, -0.999846481, 1.96599749e-005, 1, -1.44883082e-005, 0, 0, 0, 0, 0, 0, 0, 0.368222388, -0.168008887, -0.171363916, -0.277499579, 0.497146074, -0.822091035, -0.907836914, 0.144165039, 0.393676758, 0.314247176, 0.855614821, 0.411501671, 0, 0, 0, 0, 0, 0, 0, 0.399330225, -0.12487666, -0.149153516, -0.144369686, 0.127375164, -0.981290849, 0.708007813, -0.679321289, -0.192382812, -0.691117969, -0.722577619, 0.00782158556, 0, 1, 5, 1, 
345.606312, 44, 0.1, 0.1, 0.0286709345, 0.359259661, -0.0199571856, 0.999846476, -6.1014334e-006, -0.0175220891, -0.0175220891, -1.14413607e-005, -0.999846476, 5.90002015e-006, 1, -1.1546514e-005, 0.999846477, 1.55791001e-005, -0.0175220335, -0.0175220335, 2.50104053e-007, -0.999846477, -1.5572326e-005, 1, 5.2304317e-007, 0, 0, 0, 0, 0, 0, 0, 0.368759717, -0.169859277, -0.168825391, -0.271243178, 0.495858025, -0.824864085, -0.91027832, 0.145996094, 0.387084961, 0.312391116, 0.856066011, 0.411940879, 0, 0, 0, 0, 0, 0, 0, 0.399675049, -0.124518555, -0.148069043, -0.142893543, 0.126384628, -0.981604014, 0.709472656, -0.678344727, -0.190551758, -0.689980878, -0.723663671, 0.0072976997, 0, 1, 5, 1, 
345.607098, 44, 0.1, 0.1, 0.0286709319, 0.35925966, -0.0199581092, 0.999846468, 2.11217298e-005, -0.0175225662, -0.0175225662, 1.96185666e-006, -0.999846468, -2.10841102e-005, 1, 2.33166237e-006, 0.99984647, 2.88937494e-005, -0.0175224457, -0.0175224456, -5.82372872e-007, -0.99984647, -2.88995179e-005, 1, -7.59943071e-008, 0, 0, 0, 0, 0, 0, 0, 0.368759717, -0.169859277, -0.168825391, -0.271243178, 0.495858025, -0.824864085, -0.91027832, 0.145996094, 0.387084961, 0.312391116, 0.856066011, 0.411940879, 0, 0, 0, 0, 0, 0, 0, 0.399675049, -0.124518555, -0.148069043, -0.142893543, 0.126384628, -0.981604014, 0.709472656, -0.678344727, -0.190551758, -0.689980878, -0.723663671, 0.0072976997, 0, 1, 5, 1, 
345.607882, 44, 0.1, 0.1, 0.0286709304, 0.35925966, -0.019961493, 0.999846456, 2.42305692e-005, -0.0175232109, -0.0175232109, -3.16141369e-007, -0.999846457, -2.42323885e-005, 1, 1.08504546e-007, 0.999846459, 1.89061549e-005, -0.0175230535, -0.0175230537, 1.10833351e-005, -0.999846459, -1.87090382e-005, 1, 1.1412927e-005, 0, 0, 0, 0, 0, 0, 0, 0.368759717, -0.169859277, -0.168825391, -0.271243178, 0.495858025, -0.824864085, -0.91027832, 0.145996094, 0.387084961, 0.312391116, 0.856066011, 0.411940879, 0, 0, 0, 0, 0, 0, 0, 0.399675049, -0.124518555, -0.148069043, -0.142893543, 0.126384628, -0.981604014, 0.709472656, -0.678344727, -0.190551758, -0.689980878, -0.723663671, 0.0072976997, 0, 1, 5, 1, 
345.608703, 44, 0.1, 0.1, 0.0286709303, 0.359259664, -0.0199659386, 0.999846438, 1.00667663e-005, -0.0175242783, -0.0175242785, 1.74795279e-005, -0.999846438, -9.75890434e-006, 1, 1.76532566e-005, 0.999846442, -7.19221661e-006, -0.0175240527, -0.0175240527, -1.03610307e-005, -0.999846442, 7.00954494e-006, 1, -1.04854765e-005, 0, 0, 0, 0, 0, 0, 0, 0.36994895, -0.171673657, -0.166484351, -0.265442837, 0.495318467, -0.82713577, -0.911987305, 0.148803711, 0.381958008, 0.312337575, 0.855780693, 0.41242427, 0, 0, 0, 0, 0, 0, 0, 0.400333789, -0.123852734, -0.147619385, -0.143545027, 0.126780549, -0.981444333, 0.71081543, -0.676757813, -0.19128418, -0.688453697, -0.72509497, 0.00694625473, 0, 1, 5, 1, 
345.609487, 44, 0.1, 0.1, 0.0286709307, 0.35925966, -0.0199695597, 0.999846423, -9.38302126e-006, -0.0175251141, -0.0175251143, -2.45028609e-005, -0.999846423, 8.95216481e-006, 1, -2.46635364e-005, 0.999846425, -1.44909367e-005, -0.017525001, -0.0175250009, 5.31984384e-006, -0.999846425, 1.45819415e-005, 1, 5.06507317e-006, 0, 0, 0, 0, 0, 0, 0, 0.36994895, -0.171673657, -0.166484351, -0.265442837, 0.495318467, -0.82713577, -0.911987305, 0.148803711, 0.381958008, 0.312337575, 0.855780693, 0.41242427, 0, 0, 0, 0, 0, 0, 0, 0.400333789, -0.123852734, -0.147619385, -0.143545027, 0.126780549, -0.981444333, 0.71081543, -0.676757813, -0.19128418, -0.688453697, -0.72509497, 0.00694625473, 0, 1, 5, 1, 
345.610271, 44, 0.1, 0.1, 0.0286709305, 0.359259668, -0.019971718, 0.999846417, -1.16657337e-005, -0.0175254941, -0.0175254941, -1.59003138e-006, -0.999846417, 1.16360759e-005, 1, -1.79423493e-006, 0.999846418, -8.08447998e-006, -0.0175253967, -0.0175253969, -2.72149174e-005, -0.999846418, 7.60628613e-006, 1, -2.73524214e-005, 0, 0, 0, 0, 0, 0, 0, 0.36994895, -0.171673657, -0.166484351, -0.265442837, 0.495318467, -0.82713577, -0.911987305, 0.148803711, 0.381958008, 0.312337575, 0.855780693, 0.41242427, 0, 0, 0, 0, 0, 0, 0, 0.400333789, -0.123852734, -0.147619385, -0.143545027, 0.126780549, -0.981444333, 0.71081543, -0.676757813, -0.19128418, -0.688453697, -0.72509497, 0.00694625473, 0, 1, 5, 1, 
345.611057, 44, 0.1, 0.1, 0.0286709288, 0.359259656, -0.0199717825, 0.999846404, -9.59917856e-007, -0.0175262332, -0.0175262331, 5.1752023e-005, -0.999846402, 1.86678844e-006, 0.999999999, 5.17272503e-005, 0.999846406, 1.25110536e-005, -0.0175260915, -0.0175260922, 6.38574922e-005, -0.999846404, -1.13899597e-005, 0.999999998, 6.4066954e-005, 0, 0, 0, 0, 0, 0, 0, 0.36994895, -0.171673657, -0.166484351, -0.265442837, 0.495318467, -0.82713577, -0.911987305, 0.148803711, 0.381958008, 0.312337575, 0.855780693, 0.41242427, 0, 0, 0, 0, 0, 0, 0, 0.400333789, -0.123852734, -0.147619385, -0.143545027, 0.126780549, -0.981444333, 0.71081543, -0.676757813, -0.19128418, -0.688453697, -0.72509497, 0.00694625473, 0, 1, 5, 1, 
345.611846, 44, 0.1, 0.1, 0.0286709288, 0.359259659, -0.0199698848, 0.999846396, 1.18365073e-006, -0.0175266923, -0.0175266923, -3.13881015e-005, -0.999846395, -1.73359851e-006, 1, -3.13625347e-005, 0.999846397, 4.74706264e-006, -0.0175266115, -0.0175266113, -3.40064865e-005, -0.999846397, -5.34235195e-006, 0.999999999, -3.39180631e-005, 0, 0, 0, 0, 0, 0, 0, 0.36994895, -0.171673657, -0.166484351, -0.265442837, 0.495318467, -0.82713577, -0.911987305, 0.148803711, 0.381958008, 0.312337575, 0.855780693, 0.41242427, 0, 0, 0, 0, 0, 0, 0, 0.400333789, -0.123852734, -0.147619385, -0.143545027, 0.126780549, -0.981444333, 0.71081543, -0.676757813, -0.19128418, -0.688453697, -0.72509497, 0.00694625473, 0, 1, 5, 1, 
345.612634, 44, 0.1, 0.1, 0.0286709286, 0.359259657, -0.0199667796, 0.999846384, 2.15908884e-005, -0.0175273197, -0.0175273199, 6.43768826e-006, -0.999846385, -2.14747363e-005, 1, 6.81512973e-006, 0.999846388, 1.45055626e-005, -0.0175271549, -0.0175271552, 1.8590285e-005, -0.999846387, -1.41774995e-005, 1, 1.88416705e-005, 0, 0, 0, 0, 0, 0, 0, 0.36994895, -0.171673657, -0.166484351, -0.265442837, 0.495318467, -0.82713577, -0.911987305, 0.148803711, 0.381958008, 0.312337575, 0.855780693, 0.41242427, 0, 0, 0, 0, 0, 0, 0, 0.400333789, -0.123852734, -0.147619385, -0.143545027, 0.126780549, -0.981444333, 0.71081543, -0.676757813, -0.19128418, -0.688453697, -0.72509497, 0.00694625473, 0, 1, 5, 1, 
345.613442, 44, 0.1, 0.1, 0.0286709281, 0.359259659, -0.0199633288, 0.999846367, -1.88798836e-006, -0.0175283257, -0.0175283257, 2.51517922e-005, -0.999846367, 2.32856711e-006, 1, 2.51148348e-005, 0.99984637, 2.8557239e-006, -0.0175281328, -0.0175281327, -5.92222293e-006, -0.99984637, -2.95909068e-006, 1, -5.8712576e-006, 0, 0, 0, 0, 0, 0, 0, 0.37047417, -0.171729321, -0.164538159, -0.263850373, 0.494189177, -0.828335453, -0.912841797, 0.149291992, 0.379882813, 0.311467394, 0.856453923, 0.41187273, 0, 0, 0, 0, 0, 0, 0, 0.400333789, -0.123852734, -0.147619385, -0.144011677, 0.126640191, -0.98139949, 0.709472656, -0.678100586, -0.191650391, -0.689852914, -0.723759553, 0.00768742414, 0, 1, 5, 1, 
345.614228, 44, 0.1, 0.1, 0.0286709299, 0.359259656, -0.019960777, 0.999846353, -1.08841388e-005, -0.0175291385, -0.0175291387, -1.82062075e-005, -0.999846353, 1.05633273e-005, 1, -1.83941998e-005, 0.999846355, -2.09245362e-005, -0.0175290306, -0.0175290307, -4.51678196e-006, -0.999846355, 2.08421464e-005, 1, -4.88287481e-006, 0, 0, 0, 0, 0, 0, 0, 0.37047417, -0.171729321, -0.164538159, -0.263850373, 0.494189177, -0.828335453, -0.912841797, 0.149291992, 0.379882813, 0.311467394, 0.856453923, 0.41187273, 0, 0, 0, 0, 0, 0, 0, 0.400273486, -0.124503662, -0.146931104, -0.144011677, 0.126640191, -0.98139949, 0.709472656, -0.678100586, -0.191650391, -0.689852914, -0.723759553, 0.00768742414, 0, 1, 5, 1, 
345.615012, 44, 0.1, 0.1, 0.0286709281, 0.359259652, -0.0199600596, 0.99984635, -8.0210718e-006, -0.0175292722, -0.0175292719, 3.60759546e-005, -0.99984635, 8.65222459e-006, 0.999999999, 3.5929808e-005, 0.99984635, -2.89160942e-006, -0.0175292898, -0.0175292897, 3.86420644e-005, -0.999846349, 3.56853307e-006, 0.999999999, 3.85854392e-005, 0, 0, 0, 0, 0, 0, 0, 0.37047417, -0.171729321, -0.164538159, -0.263850373, 0.494189177, -0.828335453, -0.912841797, 0.149291992, 0.379882813, 0.311467394, 0.856453923, 0.41187273, 0, 0, 0, 0, 0, 0, 0, 0.400273486, -0.124503662, -0.146931104, -0.144011677, 0.126640191, -0.98139949, 0.709472656, -0.678100586, -0.191650391, -0.689852914, -0.723759553, 0.00768742414, 0, 1, 5, 1, 
345.615796, 44, 0.1, 0.1, 0.0286709281, 0.359259655, -0.0199613102, 0.999846352, 5.36217941e-006, -0.0175291928, -0.0175291927, -1.39600833e-005, -0.999846352, -5.60606451e-006, 1, -1.38639437e-005, 0.999846352, -2.81326127e-006, -0.0175292036, -0.0175292036, -2.71711261e-005, -0.999846351, 2.33654082e-006, 1, -2.72162656e-005, 0, 0, 0, 0, 0, 0, 0, 0.37047417, -0.171729321, -0.164538159, -0.263850373, 0.494189177, -0.828335453, -0.912841797, 0.149291992, 0.379882813, 0.311467394, 0.856453923, 0.41187273, 0, 0, 0, 0, 0, 0, 0, 0.400273486, -0.124503662, -0.146931104, -0.144011677, 0.126640191, -0.98139949, 0.709472656, -0.678100586, -0.191650391, -0.689852914, -0.723759553, 0.00768742414, 0, 1, 5, 1, 
345.616601, 44, 0.1, 0.1, 0.0286709293, 0.359259653, -0.019963953, 0.999846354, -2.09176837e-005, -0.017529051, -0.0175290515, -2.15505341e-005, -0.999846354, 2.05367094e-005, 1, -2.19138901e-005, 0.999846353, -1.59058422e-005, -0.0175291127, -0.0175291126, 7.92726755e-006, -0.999846353, 1.60423563e-005, 1, 7.64723425e-006, 0, 0, 0, 0, 0, 0, 0, 0.37047417, -0.171729321, -0.164538159, -0.263850373, 0.494189177, -0.828335453, -0.912841797, 0.149291992, 0.379882813, 0.311467394, 0.856453923, 0.41187273, 0, 0, 0, 0, 0, 0, 0, 0.400273486, -0.124503662, -0.146931104, -0.144011677, 0.126640191, -0.98139949, 0.709472656, -0.678100586, -0.191650391, -0.689852914, -0.723759553, 0.00768742414, 0, 1, 5, 1, 
345.617385, 44, 0.1, 0.1, 0.0286709288, 0.359259656, -0.0199667029, 0.999846365, -6.53902098e-006, -0.0175284634, -0.0175284633, 1.65673158e-005, -0.999846365, 6.82841595e-006, 1, 1.64501515e-005, 0.999846362, 9.58342712e-006, -0.0175286267, -0.0175286267, 3.94147678e-006, -0.999846362, -9.51286606e-006, 1, 4.10885553e-006, 0, 0, 0, 0, 0, 0, 0, 0.37047417, -0.171729321, -0.164538159, -0.263850373, 0.494189177, -0.828335453, -0.912841797, 0.149291992, 0.379882813, 0.311467394, 0.856453923, 0.41187273, 0, 0, 0, 0, 0, 0, 0, 0.400273486, -0.124503662, -0.146931104, -0.144011677, 0.126640191, -0.98139949, 0.709472656, -0.678100586, -0.191650391, -0.689852914, -0.723759553, 0.00768742414, 0, 1, 5, 1, 
345.618203, 44, 0.1, 0.1, 0.0286709273, 0.359259659, -0.0199688239, 0.999846379, 1.42543923e-005, -0.0175276314, -0.017527631, -2.55074159e-005, -0.999846379, -1.46992871e-005, 1, -2.52536517e-005, 0.999846376, 1.94094679e-005, -0.0175277939, -0.0175277934, -2.7829573e-005, -0.999846376, -1.98942772e-005, 0.999999999, -2.74850926e-005, 0, 0, 0, 0, 0, 0, 0, 0.36991853, -0.170761035, -0.166393408, -0.270468476, 0.495699265, -0.825302172, -0.91027832, 0.147460937, 0.38684082, 0.313380742, 0.855843973, 0.411515897, 0, 0, 0, 0, 0, 0, 0, 0.400273486, -0.124503662, -0.146931104, -0.144452808, 0.127336884, -0.981182207, 0.707763672, -0.6796875, -0.192382812, -0.691494933, -0.722213415, 0.00795574698, 0, 1, 5, 1, 
345.61899, 44, 0.1, 0.1, 0.0286709273, 0.359259656, -0.0199694022, 0.999846388, 4.90821232e-006, -0.0175271134, -0.0175271134, 1.22304304e-005, -0.999846388, -4.69309422e-006, 1, 1.23145785e-005, 0.999846387, -1.60840609e-006, -0.0175272035, -0.0175272035, 2.34101003e-005, -0.999846386, 2.01847261e-006, 1, 2.33783133e-005, 0, 0, 0, 0, 0, 0, 0, 0.36991853, -0.170761035, -0.166393408, -0.270468476, 0.495699265, -0.825302172, -0.91027832, 0.147460937, 0.38684082, 0.313380742, 0.855843973, 0.411515897, 0, 0, 0, 0, 0, 0, 0, 0.399763281, -0.125094775, -0.146018115, -0.144452808, 0.127336884, -0.981182207, 0.707763672, -0.6796875, -0.192382812, -0.691494933, -0.722213415, 0.00795574698, 0, 1, 5, 1, 
345.619777, 44, 0.1, 0.1, 0.0286709287, 0.359259658, -0.0199687095, 0.999846392, 9.82823159e-006, -0.0175269221, -0.0175269223, 1.79707659e-005, -0.999846392, -9.51174967e-006, 1, 1.81402641e-005, 0.999846391, -9.2886951e-006, -0.0175269439, -0.0175269439, -4.30637797e-006, -0.999846391, 9.21179063e-006, 1, -4.46851891e-006, 0, 0, 0, 0, 0, 0, 0, 0.36991853, -0.170761035, -0.166393408, -0.270468476, 0.495699265, -0.825302172, -0.91027832, 0.147460937, 0.38684082, 0.313380742, 0.855843973, 0.411515897, 0, 0, 0, 0, 0, 0, 0, 0.399763281, -0.125094775, -0.146018115, -0.144452808, 0.127336884, -0.981182207, 0.707763672, -0.6796875, -0.192382812, -0.691494933, -0.722213415, 0.00795574698, 0, 1, 5, 1, 
