time, trialNum, realDorsalTactorPos, realVentralTactorPos, boxPosX, boxPosY, boxPosZ, boxLocalRot_11, boxLocalRot_12, boxLocalRot_13, boxLocalRot_21, boxLocalRot_22, boxLocalRot_23, boxLocalRot_31, boxLocalRot_32, boxLocalRot_33, boxGlobalRot_11, boxGlobalRot_12, boxGlobalRot_13, boxGlobalRot_21, boxGlobalRot_22, boxGlobalRot_23, boxGlobalRot_31, boxGlobalRot_32, boxGlobalRot_33, indexForceX, indexForceY, indexForceZ, indexForceGlobalX, indexForceGlobalY, indexForceGlobalZ, indexContact, indexPosX, indexPosY, indexPosZ, indexRot_11, indexRot_12, indexRot_13, indexRot_21, indexRot_22, indexRot_23, indexRot_31, indexRot_32, indexRot_33, thumbForceX, thumbForceY, thumbForceZ, thumbForceGlobalX, thumbForceGlobalY, thumbForceGlobalZ, thumbContact, thumbPosX, thumbPosY, thumbPosZ, thumbRot_11, thumbRot_12, thumbRot_13, thumbRot_21, thumbRot_22, thumbRot_23, thumbRot_31, thumbRot_32, thumbRot_33, manipForceTooHigh, cceExpType, mapping, trialSuccess, 
737.866864, 48, 0.1, 0.1, -0.00652027408, 0.371299966, -0.0199708801, 0.999531444, 0.0306086815, -1.77064455e-005, 0.0306086816, -0.999531445, 7.40357467e-006, -1.74715354e-005, -7.94207664e-006, -1, 0.999531433, 0.0306090691, 1.32040984e-005, 0.0306090686, -0.999531432, 4.07653367e-005, 1.44457003e-005, -4.03420702e-005, -0.999999999, 0, 0, 0, 0, 0, 0, 0, 0.315149829, -0.135154687, -0.183237451, -0.236067626, 0.317809106, -0.918294789, -0.971679687, -0.0726318359, 0.224609375, 0.00463757627, 0.945320605, 0.326135014, 0, 0, -0, 0, 0, 0, 0, 0.358637305, -0.075359375, -0.141908887, 0.0201005914, 0.27385959, -0.961475944, 0.630004883, -0.75012207, -0.200439453, -0.776321609, -0.601622755, -0.187711547, 0, 1, 5, 1, 
737.910699, 48, 0.1, 0.1, -0.00652027925, 0.371300074, -0.0199703257, 0.999530337, 0.0306447265, -8.28660232e-005, 0.0306447249, -0.99953034, -1.97527494e-005, -8.3432422e-005, 1.72040657e-005, -0.999999996, 0.99953034, 0.0306446352, -7.76510987e-005, 0.0306446346, -0.999530343, -8.34401941e-006, -7.78703287e-005, 5.96051101e-006, -0.999999997, 0, 0, 0, 0, 0, 0, 0, 0.32189646, -0.137076538, -0.176316479, -0.248975836, 0.350797031, -0.902718773, -0.968261719, -0.0732421875, 0.238647461, 0.0175581261, 0.933545459, 0.358150165, 0, 0, -0, 0, 0, 0, 0, 0.365437305, -0.0811071777, -0.132996973, -0.00329053796, 0.290426343, -0.956791588, 0.635375977, -0.73828125, -0.226196289, -0.772152009, -0.608596252, -0.182064008, 0, 1, 5, 1, 
737.911392, 48, 0.1, 0.1, -0.00652028497, 0.371300076, -0.0199737003, 0.999530328, 0.0306451141, 3.16583612e-005, 0.0306451139, -0.999530328, 5.67151447e-006, 3.18172963e-005, -4.69867663e-006, -0.999999999, 0.999530329, 0.0306450857, -7.03543685e-006, 0.0306450858, -0.999530329, 7.37993789e-006, -6.80597368e-006, -7.59207332e-006, -1, 0, 0, 0, 0, 0, 0, 0, 0.32189646, -0.137076538, -0.176316479, -0.248975836, 0.350797031, -0.902718773, -0.968261719, -0.0732421875, 0.238647461, 0.0175581261, 0.933545459, 0.358150165, 0, 0, -0, 0, 0, 0, 0, 0.365437305, -0.0811071777, -0.132996973, -0.00329053796, 0.290426343, -0.956791588, 0.635375977, -0.73828125, -0.226196289, -0.772152009, -0.608596252, -0.182064008, 0, 1, 5, 1, 
737.91211, 48, 0.1, 0.1, -0.00652026849, 0.371300079, -0.0199757171, 0.999530323, 0.0306451989, 7.62959686e-005, 0.0306451978, -0.999530326, 1.49923649e-005, 7.67195783e-005, -1.26472183e-005, -0.999999997, 0.999530323, 0.0306451541, 8.70214804e-005, 0.0306451533, -0.999530327, 1.11610036e-005, 8.73226395e-005, -8.48897497e-006, -0.999999996, 0, 0, 0, 0, 0, 0, 0, 0.321816748, -0.137753076, -0.176194165, -0.250751025, 0.355124354, -0.900540324, -0.967773437, -0.0716552734, 0.241210938, 0.0211762706, 0.931994935, 0.361760075, 0, 0, -0, 0, 0, 0, 0, 0.365437305, -0.0811071777, -0.132996973, -0.00617865668, 0.292356009, -0.956165257, 0.634765625, -0.737670898, -0.229614258, -0.772701048, -0.608270693, -0.181016236, 0, 1, 5, 1, 
737.912802, 48, 0.1, 0.1, -0.00652026882, 0.371300082, -0.0199756998, 0.999530318, 0.0306453847, -6.75614456e-005, 0.0306453846, -0.99953032, -2.70754685e-006, -6.76126871e-005, 6.35828677e-007, -0.999999998, 0.99953032, 0.0306453555, -3.88554509e-005, 0.0306453556, -0.999530321, 2.01599242e-007, -3.88310232e-005, -1.39224366e-006, -0.999999999, 0, 0, 0, 0, 0, 0, 0, 0.321816748, -0.137753076, -0.176194165, -0.250751025, 0.355124354, -0.900540324, -0.967773437, -0.0716552734, 0.241210938, 0.0211762706, 0.931994935, 0.361760075, 0, 0, -0, 0, 0, 0, 0, 0.36545791, -0.081865625, -0.132933496, -0.00617865668, 0.292356009, -0.956165257, 0.634765625, -0.737670898, -0.229614258, -0.772701048, -0.608270693, -0.181016236, 0, 1, 5, 1, 
737.913494, 48, 0.1, 0.1, -0.00652028537, 0.371300084, -0.0199740689, 0.999530314, 0.0306455066, -6.54373093e-005, 0.0306455064, -0.999530316, -4.37341208e-006, -6.55405999e-005, 2.36599847e-006, -0.999999998, 0.999530314, 0.030645461, -8.4490415e-005, 0.0306454602, -0.999530318, -1.09864204e-005, -8.47874152e-005, 8.39201258e-006, -0.999999996, 0, 0, 0, 0, 0, 0, 0, 0.321816748, -0.137753076, -0.176194165, -0.250751025, 0.355124354, -0.900540324, -0.967773437, -0.0716552734, 0.241210938, 0.0211762706, 0.931994935, 0.361760075, 0, 0, -0, 0, 0, 0, 0, 0.36545791, -0.081865625, -0.132933496, -0.00617865668, 0.292356009, -0.956165257, 0.634765625, -0.737670898, -0.229614258, -0.772701048, -0.608270693, -0.181016236, 0, 1, 5, 1, 
737.914207, 48, 0.1, 0.1, -0.00652028159, 0.371300088, -0.0199710646, 0.999530315, 0.0306454917, 4.93780184e-005, 0.0306454925, -0.999530316, -1.67295666e-005, 4.88421406e-005, 1.82349227e-005, -0.999999999, 0.999530314, 0.0306455516, 4.38785949e-005, 0.0306455515, -0.999530315, 3.27173826e-006, 4.395825e-005, -1.92551783e-006, -0.999999999, 0, 0, 0, 0, 0, 0, 0, 0.321816748, -0.137753076, -0.176194165, -0.250751025, 0.355124354, -0.900540324, -0.967773437, -0.0716552734, 0.241210938, 0.0211762706, 0.931994935, 0.361760075, 0, 0, -0, 0, 0, 0, 0, 0.36545791, -0.081865625, -0.132933496, -0.00617865668, 0.292356009, -0.956165257, 0.634765625, -0.737670898, -0.229614258, -0.772701048, -0.608270693, -0.181016236, 0, 1, 5, 1, 
737.914905, 48, 0.1, 0.1, -0.00652028118, 0.371300088, -0.0199679031, 0.999530332, 0.0306449557, -5.026335e-005, 0.030644957, -0.999530333, 2.49380696e-005, -4.94755169e-005, -2.64666752e-005, -0.999999998, 0.999530328, 0.0306451113, -2.88437708e-005, 0.0306451113, -0.999530328, -2.13672476e-006, -2.88957038e-005, 1.25180064e-006, -1, 0, 0, 0, 0, 0, 0, 0, 0.321816748, -0.137753076, -0.176194165, -0.250751025, 0.355124354, -0.900540324, -0.967773437, -0.0716552734, 0.241210938, 0.0211762706, 0.931994935, 0.361760075, 0, 0, -0, 0, 0, 0, 0, 0.36545791, -0.081865625, -0.132933496, -0.00617865668, 0.292356009, -0.956165257, 0.634765625, -0.737670898, -0.229614258, -0.772701048, -0.608270693, -0.181016236, 0, 1, 5, 1, 
737.915596, 48, 0.1, 0.1, -0.00652028714, 0.371300097, -0.0199655388, 0.999530359, 0.0306441144, 1.60353731e-005, 0.0306441144, -0.999530359, 3.83627786e-006, 1.61454016e-005, -3.34308637e-006, -1, 0.999530353, 0.0306442888, -1.82458827e-005, 0.0306442894, -0.999530353, 2.91117547e-005, -1.73452046e-005, -2.96572146e-005, -0.999999999, 0, 0, 0, 0, 0, 0, 0, 0.321816748, -0.137753076, -0.176194165, -0.250751025, 0.355124354, -0.900540324, -0.967773437, -0.0716552734, 0.241210938, 0.0211762706, 0.931994935, 0.361760075, 0, 0, -0, 0, 0, 0, 0, 0.36545791, -0.081865625, -0.132933496, -0.00617865668, 0.292356009, -0.956165257, 0.634765625, -0.737670898, -0.229614258, -0.772701048, -0.608270693, -0.181016236, 0, 1, 5, 1, 
737.916297, 48, 0.1, 0.1, -0.00652027962, 0.371300089, -0.0199645316, 0.999530396, 0.0306428996, 1.06887975e-005, 0.0306429001, -0.999530395, -5.06320453e-005, 9.13226532e-006, 5.0935804e-005, -0.999999999, 0.999530388, 0.0306431487, 3.39990143e-005, 0.0306431508, -0.999530386, -6.44508978e-005, 3.20080695e-005, 6.54624678e-005, -0.999999997, 0, 0, 0, 0, 0, 0, 0, 0.321816748, -0.137753076, -0.176194165, -0.250751025, 0.355124354, -0.900540324, -0.967773437, -0.0716552734, 0.241210938, 0.0211762706, 0.931994935, 0.361760075, 0, 0, -0, 0, 0, 0, 0, 0.36545791, -0.081865625, -0.132933496, -0.00617865668, 0.292356009, -0.956165257, 0.634765625, -0.737670898, -0.229614258, -0.772701048, -0.608270693, -0.181016236, 0, 1, 5, 1, 
737.91702, 48, 0.1, 0.1, -0.0065202877, 0.371300097, -0.0199649126, 0.999530444, 0.0306413327, -3.25750698e-005, 0.0306413342, -0.999530443, 4.73543656e-005, -3.1108773e-005, -4.83302737e-005, -0.999999998, 0.999530432, 0.0306416875, -4.95743244e-005, 0.0306416898, -0.999530432, 4.77291623e-005, -4.80885439e-005, -4.92257913e-005, -0.999999998, 0, 0, 0, 0, 0, 0, 0, 0.322176929, -0.13798313, -0.175841895, -0.252552423, 0.359451676, -0.898266395, -0.967285156, -0.0716552734, 0.243286133, 0.0230682792, 0.930444411, 0.365972821, 0, 0, -0, 0, 0, 0, 0, 0.36545791, -0.081865625, -0.132933496, -0.00829971977, 0.29438119, -0.95553273, 0.636352539, -0.735473633, -0.232177734, -0.771205583, -0.610021721, -0.18119524, 0, 1, 5, 1, 
737.917712, 48, 0.1, 0.1, -0.00652027954, 0.371300097, -0.019966467, 0.999530497, 0.0306395503, 6.060472e-005, 0.0306395534, -0.999530497, -4.99273143e-005, 5.90465154e-005, 5.17607748e-005, -0.999999997, 0.999530485, 0.0306399255, 6.23414599e-005, 0.030639928, -0.999530486, -3.9691962e-005, 6.1096031e-005, 4.15834639e-005, -0.999999997, 0, 0, 0, 0, 0, 0, 0, 0.322176929, -0.13798313, -0.175841895, -0.252552423, 0.359451676, -0.898266395, -0.967285156, -0.0716552734, 0.243286133, 0.0230682792, 0.930444411, 0.365972821, 0, 0, -0, 0, 0, 0, 0, 0.365795508, -0.0822149414, -0.132448926, -0.00829971977, 0.29438119, -0.95553273, 0.636352539, -0.735473633, -0.232177734, -0.771205583, -0.610021721, -0.18119524, 0, 1, 5, 1, 
737.918398, 48, 0.1, 0.1, -0.00652027927, 0.371300097, -0.0199689251, 0.999530558, 0.0306375814, -3.91665855e-005, 0.0306375826, -0.999530559, 3.06613695e-005, -3.82088089e-005, -3.18469453e-005, -0.999999999, 0.999530546, 0.0306379956, -2.8954062e-005, 0.030637996, -0.999530546, 1.10644266e-005, -2.86014776e-005, -1.19463268e-005, -1, 0, 0, 0, 0, 0, 0, 0, 0.322176929, -0.13798313, -0.175841895, -0.252552423, 0.359451676, -0.898266395, -0.967285156, -0.0716552734, 0.243286133, 0.0230682792, 0.930444411, 0.365972821, 0, 0, -0, 0, 0, 0, 0, 0.365795508, -0.0822149414, -0.132448926, -0.00829971977, 0.29438119, -0.95553273, 0.636352539, -0.735473633, -0.232177734, -0.771205583, -0.610021721, -0.18119524, 0, 1, 5, 1, 
737.919088, 48, 0.1, 0.1, -0.00652028009, 0.371300104, -0.0199715421, 0.999530623, 0.0306354783, 3.27893572e-005, 0.0306354788, -0.999530623, -1.40543847e-005, 3.23434039e-005, 1.50523056e-005, -0.999999999, 0.99953061, 0.0306359167, 1.61526678e-005, 0.0306359165, -0.99953061, 1.24126771e-005, 1.65253596e-005, -1.19119989e-005, -1, 0, 0, 0, 0, 0, 0, 0, 0.322176929, -0.13798313, -0.175841895, -0.252552423, 0.359451676, -0.898266395, -0.967285156, -0.0716552734, 0.243286133, 0.0230682792, 0.930444411, 0.365972821, 0, 0, -0, 0, 0, 0, 0, 0.365795508, -0.0822149414, -0.132448926, -0.00829971977, 0.29438119, -0.95553273, 0.636352539, -0.735473633, -0.232177734, -0.771205583, -0.610021721, -0.18119524, 0, 1, 5, 1, 
737.919781, 48, 0.1, 0.1, -0.00652027623, 0.3713001, -0.0199735036, 0.999530691, 0.0306332767, -2.01198116e-005, 0.0306332765, -0.999530691, -1.29230781e-005, -2.05062454e-005, 1.23006775e-005, -1, 0.999530678, 0.0306337024, 6.02753183e-006, 0.0306337025, -0.999530678, -3.02701281e-005, 5.09741688e-006, 3.04405673e-005, -1, 0, 0, 0, 0, 0, 0, 0, 0.322176929, -0.13798313, -0.175841895, -0.252552423, 0.359451676, -0.898266395, -0.967285156, -0.0716552734, 0.243286133, 0.0230682792, 0.930444411, 0.365972821, 0, 0, -0, 0, 0, 0, 0, 0.365795508, -0.0822149414, -0.132448926, -0.00829971977, 0.29438119, -0.95553273, 0.636352539, -0.735473633, -0.232177734, -0.771205583, -0.610021721, -0.18119524, 0, 1, 5, 1, 
737.920473, 48, 0.1, 0.1, -0.00652028271, 0.371300108, -0.0199742709, 0.999530762, 0.0306309664, -1.45709531e-005, 0.0306309668, -0.999530761, 2.92396889e-005, -1.3668476e-005, -2.96722909e-005, -0.999999999, 0.999530747, 0.0306314264, -3.30759883e-005, 0.0306314276, -0.999530747, 3.76053649e-005, -3.19085613e-005, -3.86008833e-005, -0.999999999, 0, 0, 0, 0, 0, 0, 0, 0.322176929, -0.13798313, -0.175841895, -0.252552423, 0.359451676, -0.898266395, -0.967285156, -0.0716552734, 0.243286133, 0.0230682792, 0.930444411, 0.365972821, 0, 0, -0, 0, 0, 0, 0, 0.365795508, -0.0822149414, -0.132448926, -0.00829971977, 0.29438119, -0.95553273, 0.636352539, -0.735473633, -0.232177734, -0.771205583, -0.610021721, -0.18119524, 0, 1, 5, 1, 
737.921164, 48, 0.1, 0.1, -0.00652027718, 0.371300107, -0.0199736765, 0.999530834, 0.0306286197, 2.31472685e-005, 0.0306286204, -0.999530833, -3.06581716e-005, 2.21973911e-005, 3.13527567e-005, -0.999999999, 0.999530819, 0.0306290844, 3.33265531e-005, 0.0306290855, -0.999530819, -3.27358732e-005, 3.23082471e-005, 3.3741276e-005, -0.999999999, 0, 0, 0, 0, 0, 0, 0, 0.322176929, -0.13798313, -0.175841895, -0.252552423, 0.359451676, -0.898266395, -0.967285156, -0.0716552734, 0.243286133, 0.0230682792, 0.930444411, 0.365972821, 0, 0, -0, 0, 0, 0, 0, 0.365795508, -0.0822149414, -0.132448926, -0.00829971977, 0.29438119, -0.95553273, 0.636352539, -0.735473633, -0.232177734, -0.771205583, -0.610021721, -0.18119524, 0, 1, 5, 1, 
737.92188, 48, 0.1, 0.1, -0.00652028264, 0.371300114, -0.0199717803, 0.999530908, 0.0306261522, -4.22260675e-005, 0.0306261544, -0.999530908, 5.25515501e-005, -4.05968078e-005, -5.38201207e-005, -0.999999998, 0.999530894, 0.0306266301, -4.53021055e-005, 0.0306266321, -0.999530894, 4.58937109e-005, -4.38752843e-005, -4.72596328e-005, -0.999999998, 0, 0, 0, 0, 0, 0, 0, 0.322955518, -0.137079272, -0.175698096, -0.254685567, 0.364165789, -0.89578241, -0.966674805, -0.0755615234, 0.244140625, 0.0213050731, 0.928214665, 0.37151181, 0, 0, -0, 0, 0, 0, 0, 0.366603271, -0.081648584, -0.131748193, -0.0104142197, 0.297153737, -0.954663962, 0.639526367, -0.731933594, -0.234741211, -0.768604744, -0.613044368, -0.182454099, 0, 1, 5, 1, 
737.922576, 48, 0.1, 0.1, -0.00652027981, 0.371300118, -0.0199693505, 0.999530983, 0.0306237086, 4.48815339e-005, 0.0306237102, -0.999530984, -3.689798e-005, 4.37305308e-005, 3.82551134e-005, -0.999999998, 0.999530968, 0.0306242271, 3.74392671e-005, 0.0306242277, -0.999530968, -1.60261195e-005, 3.69309194e-005, 1.71651514e-005, -0.999999999, 0, 0, 0, 0, 0, 0, 0, 0.322955518, -0.137079272, -0.175698096, -0.254685567, 0.364165789, -0.89578241, -0.966674805, -0.0755615234, 0.244140625, 0.0213050731, 0.928214665, 0.37151181, 0, 0, -0, 0, 0, 0, 0, 0.366603271, -0.081648584, -0.131748193, -0.0104142197, 0.297153737, -0.954663962, 0.639526367, -0.731933594, -0.234741211, -0.768604744, -0.613044368, -0.182454099, 0, 1, 5, 1, 
737.923267, 48, 0.1, 0.1, -0.0065202794, 0.371300116, -0.0199671783, 0.999531061, 0.0306211635, -4.74231452e-005, 0.0306211642, -0.999531062, 1.57261502e-005, -4.69193537e-005, -1.71709275e-005, -0.999999999, 0.999531046, 0.0306216929, -2.72858477e-005, 0.0306216925, -0.999531046, -1.44673667e-005, -2.77160672e-005, 1.36250433e-005, -1, 0, 0, 0, 0, 0, 0, 0, 0.322955518, -0.137079272, -0.175698096, -0.254685567, 0.364165789, -0.89578241, -0.966674805, -0.0755615234, 0.244140625, 0.0213050731, 0.928214665, 0.37151181, 0, 0, -0, 0, 0, 0, 0, 0.366603271, -0.081648584, -0.131748193, -0.0104142197, 0.297153737, -0.954663962, 0.639526367, -0.731933594, -0.234741211, -0.768604744, -0.613044368, -0.182454099, 0, 1, 5, 1, 
737.923955, 48, 0.1, 0.1, -0.0065202842, 0.371300124, -0.0199659955, 0.999531143, 0.030618529, 2.32946086e-005, 0.0306185288, -0.999531143, 8.27180638e-006, 2.35369573e-005, -7.55468144e-006, -1, 0.999531127, 0.030619053, -1.16701017e-005, 0.0306190533, -0.999531126, 3.09765203e-005, -1.07161582e-005, -3.13193238e-005, -0.999999999, 0, 0, 0, 0, 0, 0, 0, 0.322955518, -0.137079272, -0.175698096, -0.254685567, 0.364165789, -0.89578241, -0.966674805, -0.0755615234, 0.244140625, 0.0213050731, 0.928214665, 0.37151181, 0, 0, -0, 0, 0, 0, 0, 0.366603271, -0.081648584, -0.131748193, -0.0104142197, 0.297153737, -0.954663962, 0.639526367, -0.731933594, -0.234741211, -0.768604744, -0.613044368, -0.182454099, 0, 1, 5, 1, 
737.924647, 48, 0.1, 0.1, -0.00652027524, 0.371300118, -0.0199660216, 0.999531228, 0.0306157331, 1.89319679e-005, 0.0306157339, -0.999531228, -4.03917588e-005, 1.76864698e-005, 4.09524404e-005, -0.999999999, 0.999531211, 0.0306162865, 4.19407401e-005, 0.0306162887, -0.99953121, -5.3593216e-005, 4.02802535e-005, 5.48521619e-005, -0.999999998, 0, 0, 0, 0, 0, 0, 0, 0.322955518, -0.137079272, -0.175698096, -0.254685567, 0.364165789, -0.89578241, -0.966674805, -0.0755615234, 0.244140625, 0.0213050731, 0.928214665, 0.37151181, 0, 0, -0, 0, 0, 0, 0, 0.366603271, -0.081648584, -0.131748193, -0.0104142197, 0.297153737, -0.954663962, 0.639526367, -0.731933594, -0.234741211, -0.768604744, -0.613044368, -0.182454099, 0, 1, 5, 1, 
737.925334, 48, 0.1, 0.1, -0.00652028123, 0.371300126, -0.0199671565, 0.999531315, 0.0306128874, -2.89871107e-005, 0.0306128889, -0.999531314, 5.05161376e-005, -2.742708e-005, -5.13798407e-005, -0.999999998, 0.999531298, 0.030613451, -4.14546991e-005, 0.030613453, -0.999531297, 5.0339824e-005, -3.98941934e-005, -5.15853011e-005, -0.999999998, 0, 0, 0, 0, 0, 0, 0, 0.322955518, -0.137079272, -0.175698096, -0.254685567, 0.364165789, -0.89578241, -0.966674805, -0.0755615234, 0.244140625, 0.0213050731, 0.928214665, 0.37151181, 0, 0, -0, 0, 0, 0, 0, 0.366603271, -0.081648584, -0.131748193, -0.0104142197, 0.297153737, -0.954663962, 0.639526367, -0.731933594, -0.234741211, -0.768604744, -0.613044368, -0.182454099, 0, 1, 5, 1, 
737.926033, 48, 0.1, 0.1, -0.00652027404, 0.371300127, -0.0199689862, 0.999531405, 0.0306099279, 5.20923786e-005, 0.03060993, -0.999531406, -3.9915079e-005, 5.08461707e-005, 4.1490919e-005, -0.999999998, 0.999531387, 0.0306105201, 5.48290548e-005, 0.0306105218, -0.999531388, -3.04563994e-005, 5.3871075e-005, 3.21204731e-005, -0.999999998, 0, 0, 0, 0, 0, 0, 0, 0.322955518, -0.137079272, -0.175698096, -0.254685567, 0.364165789, -0.89578241, -0.966674805, -0.0755615234, 0.244140625, 0.0213050731, 0.928214665, 0.37151181, 0, 0, -0, 0, 0, 0, 0, 0.366603271, -0.081648584, -0.131748193, -0.0104142197, 0.297153737, -0.954663962, 0.639526367, -0.731933594, -0.234741211, -0.768604744, -0.613044368, -0.182454099, 0, 1, 5, 1, 
737.926758, 48, 0.1, 0.1, -0.00652027579, 0.371300129, -0.0199707549, 0.999531501, 0.0306067903, -4.84564327e-005, 0.0306067922, -0.999531502, 3.84403664e-005, -4.72571947e-005, -3.99054531e-005, -0.999999998, 0.999531483, 0.03060741, -3.89464204e-005, 0.0306074108, -0.999531483, 2.05401699e-005, -3.82994919e-005, -2.17225956e-005, -0.999999999, 0, 0, 0, 0, 0, 0, 0, 0.324149463, -0.136192383, -0.175328979, -0.25739646, 0.368537295, -0.893235146, -0.966064453, -0.0799560547, 0.245361328, 0.0190154138, 0.926162775, 0.37667, 0, 0, -0, 0, 0, 0, 0, 0.367066699, -0.0810939453, -0.131911621, -0.0143752632, 0.299830403, -0.953826911, 0.642700195, -0.728027344, -0.238525391, -0.765952498, -0.616322578, -0.182243378, 0, 1, 5, 1, 
737.927446, 48, 0.1, 0.1, -0.00652027828, 0.371300136, -0.0199718991, 0.999531593, 0.0306038239, 2.45697178e-005, 0.0306038242, -0.999531593, -1.29141781e-005, 2.41629859e-005, 1.36600564e-005, -1, 0.999531575, 0.0306044297, 7.45392948e-006, 0.0306044296, -0.999531575, 1.49695345e-005, 7.90857194e-006, -1.47343991e-005, -1, 0, 0, 0, 0, 0, 0, 0, 0.324149463, -0.136192383, -0.175328979, -0.25739646, 0.368537295, -0.893235146, -0.966064453, -0.0799560547, 0.245361328, 0.0190154138, 0.926162775, 0.37667, 0, 0, -0, 0, 0, 0, 0, 0.367066699, -0.0810939453, -0.131911621, -0.0143752632, 0.299830403, -0.953826911, 0.642700195, -0.728027344, -0.238525391, -0.765952498, -0.616322578, -0.182243378, 0, 1, 5, 1, 
737.928132, 48, 0.1, 0.1, -0.00652027551, 0.371300132, -0.0199724237, 0.999531683, 0.0306008859, -2.37541291e-005, 0.0306008856, -0.999531683, -1.25767647e-005, -2.41278648e-005, 1.18439774e-005, -1, 0.999531666, 0.0306014569, 2.22681203e-006, 0.030601457, -0.999531665, -3.05708282e-005, 1.29025726e-006, 3.06246545e-005, -1, 0, 0, 0, 0, 0, 0, 0, 0.324149463, -0.136192383, -0.175328979, -0.25739646, 0.368537295, -0.893235146, -0.966064453, -0.0799560547, 0.245361328, 0.0190154138, 0.926162775, 0.37667, 0, 0, -0, 0, 0, 0, 0, 0.367066699, -0.0810939453, -0.131911621, -0.0143752632, 0.299830403, -0.953826911, 0.642700195, -0.728027344, -0.238525391, -0.765952498, -0.616322578, -0.182243378, 0, 1, 5, 1, 
737.928835, 48, 0.1, 0.1, -0.00652028165, 0.37130014, -0.0199721783, 0.999531776, 0.0305978639, -6.66240067e-006, 0.0305978641, -0.999531775, 2.74086571e-005, -5.82063481e-006, -2.7599679e-005, -1, 0.999531756, 0.0305984979, -2.96748849e-005, 0.030598499, -0.999531756, 3.78350169e-005, -2.85032951e-005, -3.87253078e-005, -0.999999999, 0, 0, 0, 0, 0, 0, 0, 0.324149463, -0.136192383, -0.175328979, -0.260639798, 0.37313084, -0.890408555, -0.965209961, -0.0834960938, 0.247558594, 0.0180460048, 0.923952126, 0.382031133, 0, 0, -0, 0, 0, 0, 0, 0.367066699, -0.0810939453, -0.131911621, -0.0143752632, 0.299830403, -0.953826911, 0.642700195, -0.728027344, -0.238525391, -0.765952498, -0.616322578, -0.182243378, 0, 1, 5, 1, 
737.929536, 48, 0.1, 0.1, -0.00652027295, 0.371300137, -0.0199710125, 0.999531868, 0.0305948389, 3.84077563e-005, 0.0305948405, -0.999531867, -4.17107507e-005, 3.71136427e-005, 4.28663037e-005, -0.999999998, 0.999531849, 0.0305954254, 5.05878965e-005, 0.0305954276, -0.999531849, -4.2871631e-005, 4.92525379e-005, 4.4399319e-005, -0.999999998, 0, 0, 0, 0, 0, 0, 0, 0.324427246, -0.135294629, -0.175391455, -0.260639798, 0.37313084, -0.890408555, -0.965209961, -0.0834960938, 0.247558594, 0.0180460048, 0.923952126, 0.382031133, 0, 0, -0, 0, 0, 0, 0, 0.36728833, -0.0809755371, -0.131840088, -0.0183811493, 0.302430509, -0.952893977, 0.644897461, -0.724731445, -0.242431641, -0.764041422, -0.618872378, -0.181777095, 0, 1, 5, 1, 
737.930248, 48, 0.1, 0.1, -0.00652027705, 0.371300142, -0.0199693262, 0.999531962, 0.0305917668, -3.90924302e-005, 0.0305917686, -0.999531961, 4.60810165e-005, -3.76644337e-005, -4.72553554e-005, -0.999999998, 0.999531943, 0.0305923729, -4.20846881e-005, 0.0305923745, -0.999531943, 3.74065863e-005, -4.09206338e-005, -3.86765484e-005, -0.999999998, 0, 0, 0, 0, 0, 0, 0, 0.324427246, -0.135294629, -0.175391455, -0.260639798, 0.37313084, -0.890408555, -0.965209961, -0.0834960938, 0.247558594, 0.0180460048, 0.923952126, 0.382031133, 0, 0, -0, 0, 0, 0, 0, 0.36728833, -0.0809755371, -0.131840088, -0.0183811493, 0.302430509, -0.952893977, 0.644897461, -0.724731445, -0.242431641, -0.764041422, -0.618872378, -0.181777095, 0, 1, 5, 1, 
737.930943, 48, 0.1, 0.1, -0.006520273, 0.371300144, -0.0199678902, 0.999532053, 0.0305887606, 5.36692662e-005, 0.0305887628, -0.999532053, -4.11526934e-005, 5.2385342e-005, 4.27751126e-005, -0.999999998, 0.999532035, 0.0305893647, 4.61506609e-005, 0.0305893657, -0.999532036, -2.12166678e-005, 4.54800596e-005, 2.26184586e-005, -0.999999999, 0, 0, 0, 0, 0, 0, 0, 0.324427246, -0.135294629, -0.175391455, -0.260639798, 0.37313084, -0.890408555, -0.965209961, -0.0834960938, 0.247558594, 0.0180460048, 0.923952126, 0.382031133, 0, 0, -0, 0, 0, 0, 0, 0.36728833, -0.0809755371, -0.131840088, -0.0183811493, 0.302430509, -0.952893977, 0.644897461, -0.724731445, -0.242431641, -0.764041422, -0.618872378, -0.181777095, 0, 1, 5, 1, 
737.931634, 48, 0.1, 0.1, -0.00652027125, 0.371300141, -0.0199671377, 0.999532146, 0.0305857267, -4.17270728e-005, 0.0305857274, -0.999532147, 1.63826433e-005, -4.12064757e-005, -1.76512315e-005, -0.999999999, 0.999532128, 0.0305863563, -2.05370734e-005, 0.030586356, -0.999532128, -1.52293507e-005, -2.0993275e-005, 1.45940711e-005, -1, 0, 0, 0, 0, 0, 0, 0, 0.324427246, -0.135294629, -0.175391455, -0.260639798, 0.37313084, -0.890408555, -0.965209961, -0.0834960938, 0.247558594, 0.0180460048, 0.923952126, 0.382031133, 0, 0, -0, 0, 0, 0, 0, 0.36728833, -0.0809755371, -0.131840088, -0.0183811493, 0.302430509, -0.952893977, 0.644897461, -0.724731445, -0.242431641, -0.764041422, -0.618872378, -0.181777095, 0, 1, 5, 1, 
737.932322, 48, 0.1, 0.1, -0.00652027613, 0.37130015, -0.0199672452, 0.999532241, 0.030582665, 1.77206606e-005, 0.0305826648, -0.999532241, 1.30465348e-005, 1.81113694e-005, -1.24984872e-005, -1, 0.999532223, 0.0305832616, -1.38885926e-005, 0.0305832621, -0.999532222, 3.48940534e-005, -1.28149219e-005, -3.53024892e-005, -0.999999999, 0, 0, 0, 0, 0, 0, 0, 0.324427246, -0.135294629, -0.175391455, -0.260639798, 0.37313084, -0.890408555, -0.965209961, -0.0834960938, 0.247558594, 0.0180460048, 0.923952126, 0.382031133, 0, 0, -0, 0, 0, 0, 0, 0.36728833, -0.0809755371, -0.131840088, -0.0183811493, 0.302430509, -0.952893977, 0.644897461, -0.724731445, -0.242431641, -0.764041422, -0.618872378, -0.181777095, 0, 1, 5, 1, 
737.93301, 48, 0.1, 0.1, -0.00652026921, 0.371300145, -0.0199681487, 0.999532337, 0.0305795371, 9.17682924e-006, 0.0305795374, -0.999532336, -3.63212772e-005, 8.06184972e-006, 3.65849143e-005, -0.999999999, 0.999532317, 0.0305801476, 3.11587336e-005, 0.0305801491, -0.999532317, -4.77477488e-005, 2.96840279e-005, 4.86782567e-005, -0.999999998, 0, 0, 0, 0, 0, 0, 0, 0.324427246, -0.135294629, -0.175391455, -0.260639798, 0.37313084, -0.890408555, -0.965209961, -0.0834960938, 0.247558594, 0.0180460048, 0.923952126, 0.382031133, 0, 0, -0, 0, 0, 0, 0, 0.36728833, -0.0809755371, -0.131840088, -0.0183811493, 0.302430509, -0.952893977, 0.644897461, -0.724731445, -0.242431641, -0.764041422, -0.618872378, -0.181777095, 0, 1, 5, 1, 
737.933729, 48, 0.1, 0.1, -0.00652027702, 0.371300152, -0.0199694389, 0.999532436, 0.0305762587, -3.53729241e-005, 0.0305762603, -0.999532436, 4.5228296e-005, -3.3973473e-005, -4.62887207e-005, -0.999999998, 0.999532415, 0.0305769456, -4.84047889e-005, 0.0305769479, -0.999532415, 4.59582321e-005, -4.69768931e-005, -4.74168134e-005, -0.999999998, 0, 0, 0, 0, 0, 0, 0, 0.324317261, -0.135298022, -0.175246191, -0.262879282, 0.377540538, -0.887836204, -0.964477539, -0.0842285156, 0.249755859, 0.0195130317, 0.922141371, 0.38656739, 0, 0, -0, 0, 0, 0, 0, 0.36728833, -0.0809755371, -0.131840088, -0.0223104766, 0.304698493, -0.952146245, 0.646118164, -0.722290039, -0.246337891, -0.762858756, -0.620597886, -0.180716563, 0, 1, 5, 1, 
737.934419, 48, 0.1, 0.1, -0.00652027216, 0.371300153, -0.0199705025, 0.999532532, 0.0305731081, 3.98398346e-005, 0.0305731097, -0.999532532, -4.16517307e-005, 3.85477879e-005, 4.28502875e-005, -0.999999998, 0.999532513, 0.0305737442, 4.20776324e-005, 0.0305737456, -0.999532513, -3.23443235e-005, 4.10690746e-005, 3.36156738e-005, -0.999999999, 0, 0, 0, 0, 0, 0, 0, 0.324317261, -0.135298022, -0.175246191, -0.262879282, 0.377540538, -0.887836204, -0.964477539, -0.0842285156, 0.249755859, 0.0195130317, 0.922141371, 0.38656739, 0, 0, -0, 0, 0, 0, 0, 0.36682998, -0.0808617676, -0.131991553, -0.0223104766, 0.304698493, -0.952146245, 0.646118164, -0.722290039, -0.246337891, -0.762858756, -0.620597886, -0.180716563, 0, 1, 5, 1, 
737.93511, 48, 0.1, 0.1, -0.00652027433, 0.371300153, -0.0199713022, 0.999532628, 0.0305699808, -4.48909915e-005, 0.0305699823, -0.999532628, 3.38018008e-005, -4.38366903e-005, -3.51583196e-005, -0.999999998, 0.999532609, 0.0305706087, -3.74623236e-005, 0.0305706093, -0.99953261, 1.60407685e-005, -3.6954438e-005, -1.71785172e-005, -0.999999999, 0, 0, 0, 0, 0, 0, 0, 0.324317261, -0.135298022, -0.175246191, -0.262879282, 0.377540538, -0.887836204, -0.964477539, -0.0842285156, 0.249755859, 0.0195130317, 0.922141371, 0.38656739, 0, 0, -0, 0, 0, 0, 0, 0.36682998, -0.0808617676, -0.131991553, -0.0223104766, 0.304698493, -0.952146245, 0.646118164, -0.722290039, -0.246337891, -0.762858756, -0.620597886, -0.180716563, 0, 1, 5, 1, 
737.9358, 48, 0.1, 0.1, -0.00652027529, 0.37130016, -0.0199716512, 0.999532723, 0.0305668855, 3.48504198e-005, 0.030566886, -0.999532723, -1.48626061e-005, 3.43798314e-005, 1.592093e-005, -0.999999999, 0.999532704, 0.0305675158, 1.70281499e-005, 0.0305675156, -0.999532704, 1.21301005e-005, 1.73909797e-005, -1.16039239e-005, -1, 0, 0, 0, 0, 0, 0, 0, 0.324317261, -0.135298022, -0.175246191, -0.262879282, 0.377540538, -0.887836204, -0.964477539, -0.0842285156, 0.249755859, 0.0195130317, 0.922141371, 0.38656739, 0, 0, -0, 0, 0, 0, 0, 0.36682998, -0.0808617676, -0.131991553, -0.0223104766, 0.304698493, -0.952146245, 0.646118164, -0.722290039, -0.246337891, -0.762858756, -0.620597886, -0.180716563, 0, 1, 5, 1, 
737.936492, 48, 0.1, 0.1, -0.00652027088, 0.371300155, -0.0199714566, 0.999532818, 0.0305638058, -1.8237103e-005, 0.0305638056, -0.999532818, -1.11103796e-005, -1.85681585e-005, 1.05477937e-005, -1, 0.999532799, 0.0305644031, 9.4727097e-006, 0.0305644034, -0.999532799, -3.02603649e-005, 8.54339405e-006, 3.0535755e-005, -0.999999999, 0, 0, 0, 0, 0, 0, 0, 0.324317261, -0.135298022, -0.175246191, -0.262879282, 0.377540538, -0.887836204, -0.964477539, -0.0842285156, 0.249755859, 0.0195130317, 0.922141371, 0.38656739, 0, 0, -0, 0, 0, 0, 0, 0.36682998, -0.0808617676, -0.131991553, -0.0223104766, 0.304698493, -0.952146245, 0.646118164, -0.722290039, -0.246337891, -0.762858756, -0.620597886, -0.180716563, 0, 1, 5, 1, 
737.937182, 48, 0.1, 0.1, -0.00652027668, 0.371300164, -0.0199708042, 0.999532912, 0.0305607173, -7.81501177e-006, 0.0305607175, -0.999532912, 3.04051148e-005, -6.88215935e-006, -3.06297453e-005, -1, 0.999532893, 0.0305613178, -2.83838495e-005, 0.030561319, -0.999532893, 4.14378836e-005, -2.71041949e-005, -4.22859755e-005, -0.999999999, 0, 0, 0, 0, 0, 0, 0, 0.324317261, -0.135298022, -0.175246191, -0.262879282, 0.377540538, -0.887836204, -0.964477539, -0.0842285156, 0.249755859, 0.0195130317, 0.922141371, 0.38656739, 0, 0, -0, 0, 0, 0, 0, 0.36682998, -0.0808617676, -0.131991553, -0.0223104766, 0.304698493, -0.952146245, 0.646118164, -0.722290039, -0.246337891, -0.762858756, -0.620597886, -0.180716563, 0, 1, 5, 1, 
737.937873, 48, 0.1, 0.1, -0.0065202691, 0.37130016, -0.0199699406, 0.999533006, 0.0305576432, 3.22531295e-005, 0.0305576446, -0.999533005, -4.40422453e-005, 3.08922403e-005, 4.50072575e-005, -0.999999999, 0.999532987, 0.030558253, 4.45532412e-005, 0.030558255, -0.999532986, -4.54657318e-005, 4.31430809e-005, 4.6805968e-005, -0.999999998, 0, 0, 0, 0, 0, 0, 0, 0.324317261, -0.135298022, -0.175246191, -0.262879282, 0.377540538, -0.887836204, -0.964477539, -0.0842285156, 0.249755859, 0.0195130317, 0.922141371, 0.38656739, 0, 0, -0, 0, 0, 0, 0, 0.36682998, -0.0808617676, -0.131991553, -0.0223104766, 0.304698493, -0.952146245, 0.646118164, -0.722290039, -0.246337891, -0.762858756, -0.620597886, -0.180716563, 0, 1, 5, 1, 
737.938595, 48, 0.1, 0.1, -0.00652027452, 0.371300165, -0.0199689341, 0.999533104, 0.0305544281, -4.3704043e-005, 0.0305544302, -0.999533103, 4.87555654e-005, -4.21939393e-005, -5.00681537e-005, -0.999999998, 0.999533082, 0.0305551106, -4.71866601e-005, 0.0305551124, -0.999533083, 3.87112406e-005, -4.59818016e-005, -4.01349593e-005, -0.999999998, 0, 0, 0, 0, 0, 0, 0, 0.324508521, -0.135542969, -0.174693018, -0.263570486, 0.381588534, -0.885981265, -0.964355469, -0.0845947266, 0.250366211, 0.0206112431, 0.920387904, 0.390475722, 0, 0, -0, 0, 0, 0, 0, 0.36682998, -0.0808617676, -0.131991553, -0.0245529413, 0.30635947, -0.951526477, 0.647705078, -0.720092773, -0.248535156, -0.761376051, -0.622387194, -0.180774166, 0, 1, 5, 1, 
737.939282, 48, 0.1, 0.1, -0.00652027142, 0.371300169, -0.0199680682, 0.999533197, 0.0305513547, 4.96611751e-005, 0.0305513565, -0.999533198, -3.65588322e-005, 4.85210713e-005, 3.80589827e-005, -0.999999998, 0.999533179, 0.0305519779, 4.15482866e-005, 0.0305519786, -0.999533179, -1.65978662e-005, 4.10217933e-005, 1.78595003e-005, -0.999999999, 0, 0, 0, 0, 0, 0, 0, 0.324508521, -0.135542969, -0.174693018, -0.263570486, 0.381588534, -0.885981265, -0.964355469, -0.0845947266, 0.250366211, 0.0206112431, 0.920387904, 0.390475722, 0, 0, -0, 0, 0, 0, 0, 0.366936035, -0.080789502, -0.131282031, -0.0245529413, 0.30635947, -0.951526477, 0.647705078, -0.720092773, -0.248535156, -0.761376051, -0.622387194, -0.180774166, 0, 1, 5, 1, 
737.939972, 48, 0.1, 0.1, -0.00652026998, 0.371300166, -0.0199678188, 0.999533293, 0.0305482448, -4.12683968e-005, 0.0305482455, -0.999533293, 1.79663956e-005, -4.07002947e-005, -1.92186877e-005, -0.999999999, 0.999533274, 0.0305488757, -2.12877046e-005, 0.0305488755, -0.999533274, -1.21115909e-005, -2.16477646e-005, 1.14556227e-005, -1, 0, 0, 0, 0, 0, 0, 0, 0.324508521, -0.135542969, -0.174693018, -0.263570486, 0.381588534, -0.885981265, -0.964355469, -0.0845947266, 0.250366211, 0.0206112431, 0.920387904, 0.390475722, 0, 0, -0, 0, 0, 0, 0, 0.366936035, -0.080789502, -0.131282031, -0.0245529413, 0.30635947, -0.951526477, 0.647705078, -0.720092773, -0.248535156, -0.761376051, -0.622387194, -0.180774166, 0, 1, 5, 1, 
737.94067, 48, 0.1, 0.1, -0.00652027458, 0.371300175, -0.0199681716, 0.99953339, 0.0305450869, 1.98233735e-005, 0.0305450866, -0.99953339, 1.26067188e-005, 2.0199197e-005, -1.19953297e-005, -1, 0.999533371, 0.0305457197, -1.24946334e-005, 0.0305457201, -0.99953337, 3.50036848e-005, -1.14195903e-005, -3.53690086e-005, -0.999999999, 0, 0, 0, 0, 0, 0, 0, 0.324508521, -0.135542969, -0.174693018, -0.263570486, 0.381588534, -0.885981265, -0.964355469, -0.0845947266, 0.250366211, 0.0206112431, 0.920387904, 0.390475722, 0, 0, -0, 0, 0, 0, 0, 0.366936035, -0.080789502, -0.131282031, -0.0245529413, 0.30635947, -0.951526477, 0.647705078, -0.720092773, -0.248535156, -0.761376051, -0.622387194, -0.180774166, 0, 1, 5, 1, 
737.941375, 48, 0.1, 0.1, -0.00652026715, 0.371300169, -0.0199688537, 0.999533489, 0.0305418333, 1.10047275e-005, 0.0305418336, -0.999533489, -3.665328e-005, 9.88013529e-006, 3.69722854e-005, -0.999999999, 0.99953347, 0.0305424538, 3.24749783e-005, 0.0305424553, -0.999533469, -4.77934787e-005, 3.10000976e-005, 4.87630471e-005, -0.999999998, 0, 0, 0, 0, 0, 0, 0, 0.324508521, -0.135542969, -0.174693018, -0.263570486, 0.381588534, -0.885981265, -0.964355469, -0.0845947266, 0.250366211, 0.0206112431, 0.920387904, 0.390475722, 0, 0, -0, 0, 0, 0, 0, 0.366825684, -0.0807174805, -0.130800879, -0.0268464453, 0.308205647, -0.95086843, 0.650024414, -0.717163086, -0.250854492, -0.759407739, -0.62477075, -0.181195973, 0, 1, 5, 1, 
737.942067, 48, 0.1, 0.1, -0.00652027411, 0.371300175, -0.0199696668, 0.999533586, 0.0305386461, -3.32294955e-005, 0.0305386474, -0.999533586, 4.20546044e-005, -3.19297061e-005, -4.30497734e-005, -0.999999999, 0.999533567, 0.0305392751, -4.51673069e-005, 0.0305392771, -0.999533567, 4.28927438e-005, -4.38363261e-005, -4.42521141e-005, -0.999999998, 0, 0, 0, 0, 0, 0, 0, 0.324508521, -0.135542969, -0.174693018, -0.263570486, 0.381588534, -0.885981265, -0.964355469, -0.0845947266, 0.250366211, 0.0206112431, 0.920387904, 0.390475722, 0, 0, -0, 0, 0, 0, 0, 0.366825684, -0.0807174805, -0.130800879, -0.0268464453, 0.308205647, -0.95086843, 0.650024414, -0.717163086, -0.250854492, -0.759407739, -0.62477075, -0.181195973, 0, 1, 5, 1, 
737.942758, 48, 0.1, 0.1, -0.00652026884, 0.371300175, -0.0199704872, 0.999533683, 0.0305354748, 4.20705093e-005, 0.0305354767, -0.999533683, -4.45105357e-005, 4.06917408e-005, 4.57744227e-005, -0.999999998, 0.999533663, 0.0305361083, 4.44063568e-005, 0.0305361099, -0.999533664, -3.54159518e-005, 4.33041832e-005, 3.67554334e-005, -0.999999998, 0, 0, 0, 0, 0, 0, 0, 0.324508521, -0.135542969, -0.174693018, -0.263570486, 0.381588534, -0.885981265, -0.964355469, -0.0845947266, 0.250366211, 0.0206112431, 0.920387904, 0.390475722, 0, 0, -0, 0, 0, 0, 0, 0.366825684, -0.0807174805, -0.130800879, -0.0268464453, 0.308205647, -0.95086843, 0.650024414, -0.717163086, -0.250854492, -0.759407739, -0.62477075, -0.181195973, 0, 1, 5, 1, 
737.943467, 48, 0.1, 0.1, -0.00652027094, 0.371300175, -0.0199710196, 0.999533781, 0.0305322408, -4.43910908e-005, 0.0305322423, -0.999533782, 3.50395693e-005, -4.33005583e-005, -3.63785927e-005, -0.999999998, 0.99953376, 0.0305329485, -3.59982155e-005, 0.0305329491, -0.999533761, 1.48680683e-005, -3.55274658e-005, -1.59602679e-005, -0.999999999, 0, 0, 0, 0, 0, 0, 0, 0.324508521, -0.135542969, -0.174693018, -0.26445265, 0.385858568, -0.883789712, -0.964111328, -0.0863037109, 0.250732422, 0.0205037803, 0.918475678, 0.394948699, 0, 0, -0, 0, 0, 0, 0, 0.366825684, -0.0807174805, -0.130800879, -0.0268464453, 0.308205647, -0.95086843, 0.650024414, -0.717163086, -0.250854492, -0.759407739, -0.62477075, -0.181195973, 0, 1, 5, 1, 
737.944163, 48, 0.1, 0.1, -0.00652027173, 0.371300181, -0.0199709515, 0.999533878, 0.0305290859, 3.70610065e-005, 0.0305290865, -0.999533879, -1.46992003e-005, 3.65949785e-005, 1.58237874e-005, -0.999999999, 0.999533859, 0.0305297226, 1.90241119e-005, 0.0305297223, -0.999533859, 1.29017282e-005, 1.94091302e-005, -1.23149133e-005, -1, 0, 0, 0, 0, 0, 0, 0, 0.324686353, -0.135553809, -0.174120923, -0.26445265, 0.385858568, -0.883789712, -0.964111328, -0.0863037109, 0.250732422, 0.0205037803, 0.918475678, 0.394948699, 0, 0, -0, 0, 0, 0, 0, 0.366825684, -0.0807174805, -0.130800879, -0.0268464453, 0.308205647, -0.95086843, 0.650024414, -0.717163086, -0.250854492, -0.759407739, -0.62477075, -0.181195973, 0, 1, 5, 1, 
737.944856, 48, 0.1, 0.1, -0.00652026717, 0.371300177, -0.0199705451, 0.999533974, 0.0305259671, -1.90133898e-005, 0.0305259669, -0.999533974, -1.03475503e-005, -1.9320398e-005, 9.76232594e-006, -1, 0.999533956, 0.0305265663, 9.56395389e-006, 0.0305265666, -0.999533955, -2.99924565e-005, 8.64392995e-006, 3.02704334e-005, -1, 0, 0, 0, 0, 0, 0, 0, 0.324686353, -0.135553809, -0.174120923, -0.26445265, 0.385858568, -0.883789712, -0.964111328, -0.0863037109, 0.250732422, 0.0205037803, 0.918475678, 0.394948699, 0, 0, -0, 0, 0, 0, 0, 0.366825684, -0.0807174805, -0.130800879, -0.0268464453, 0.308205647, -0.95086843, 0.650024414, -0.717163086, -0.250854492, -0.759407739, -0.62477075, -0.181195973, 0, 1, 5, 1, 
737.945545, 48, 0.1, 0.1, -0.00652027334, 0.371300186, -0.0199699894, 0.999534069, 0.0305228466, -9.37621138e-006, 0.0305228469, -0.999534069, 3.25354118e-005, -8.37876933e-006, -3.28064412e-005, -0.999999999, 0.99953405, 0.0305234602, -3.05042652e-005, 0.0305234615, -0.99953405, 4.39355307e-005, -2.91489873e-005, -4.48461547e-005, -0.999999999, 0, 0, 0, 0, 0, 0, 0, 0.324686353, -0.135553809, -0.174120923, -0.26445265, 0.385858568, -0.883789712, -0.964111328, -0.0863037109, 0.250732422, 0.0205037803, 0.918475678, 0.394948699, 0, 0, -0, 0, 0, 0, 0, 0.366825684, -0.0807174805, -0.130800879, -0.0268464453, 0.308205647, -0.95086843, 0.650024414, -0.717163086, -0.250854492, -0.759407739, -0.62477075, -0.181195973, 0, 1, 5, 1, 
737.946278, 48, 0.1, 0.1, -0.00652026463, 0.371300181, -0.0199689921, 0.999534171, 0.0305195035, 3.48936312e-005, 0.0305195052, -0.99953417, -4.96191041e-005, 3.33630263e-005, 5.06609264e-005, -0.999999998, 0.999534151, 0.0305201306, 4.80651926e-005, 0.0305201331, -0.999534151, -5.13906029e-005, 4.64743536e-005, 5.28336187e-005, -0.999999998, 0, 0, 0, 0, 0, 0, 0, 0.324824146, -0.135576855, -0.173544067, -0.266140594, 0.389887468, -0.881496688, -0.963623047, -0.087890625, 0.252075195, 0.0207711244, 0.916601643, 0.399282013, 0, 0, -0, 0, 0, 0, 0, 0.367136914, -0.0808835938, -0.13008623, -0.029504154, 0.309796261, -0.950286941, 0.652099609, -0.714477539, -0.253173828, -0.757477707, -0.627058424, -0.180889371, 0, 1, 5, 1, 
