time, trialNum, realDorsalTactorPos, realVentralTactorPos, boxPosX, boxPosY, boxPosZ, boxLocalRot_11, boxLocalRot_12, boxLocalRot_13, boxLocalRot_21, boxLocalRot_22, boxLocalRot_23, boxLocalRot_31, boxLocalRot_32, boxLocalRot_33, boxGlobalRot_11, boxGlobalRot_12, boxGlobalRot_13, boxGlobalRot_21, boxGlobalRot_22, boxGlobalRot_23, boxGlobalRot_31, boxGlobalRot_32, boxGlobalRot_33, indexForceX, indexForceY, indexForceZ, indexForceGlobalX, indexForceGlobalY, indexForceGlobalZ, indexContact, indexPosX, indexPosY, indexPosZ, indexRot_11, indexRot_12, indexRot_13, indexRot_21, indexRot_22, indexRot_23, indexRot_31, indexRot_32, indexRot_33, thumbForceX, thumbForceY, thumbForceZ, thumbForceGlobalX, thumbForceGlobalY, thumbForceGlobalZ, thumbContact, thumbPosX, thumbPosY, thumbPosZ, thumbRot_11, thumbRot_12, thumbRot_13, thumbRot_21, thumbRot_22, thumbRot_23, thumbRot_31, thumbRot_32, thumbRot_33, manipForceTooHigh, cceExpType, mapping, trialSuccess, 
594.457373, 49, 0.1, 0.1, -0.0109657757, 0.362153926, -0.019965706, 0.957953051, 0.286924994, 2.06808092e-005, 0.286924994, -0.957953051, 8.72031149e-006, 2.23133196e-005, -2.41980792e-006, -1, 0.957952856, 0.286925644, 2.03809773e-005, 0.286925644, -0.957952856, -7.39230508e-007, 1.93119113e-005, 6.55597302e-006, -1, 0, 0, 0, 0, 0, 0, 0, 0.380844141, -0.182709155, -0.209439331, -0.0463428138, 0.638388606, -0.76819867, -0.998779297, -0.0350341797, 0.0311279297, -0.00699668375, 0.768852803, 0.639397329, 0, -0, 0, 0, 0, 0, 0, 0.404851221, -0.128552588, -0.186067285, 0.028044025, 0.252950801, -0.967063873, -0.236816406, -0.938110352, -0.252319336, -0.971015857, 0.236108006, 0.0336199575, 0, 1, 5, 1, 
594.503714, 49, 0.1, 0.1, -0.0109658107, 0.36215394, -0.0199690784, 0.957971762, 0.286862515, 7.71215514e-006, 0.286862515, -0.957971762, 6.26446667e-006, 9.18506752e-006, -3.78885396e-006, -1, 0.957971746, 0.286862569, 2.70238166e-005, 0.286862569, -0.957971746, -2.91053278e-006, 2.50531299e-005, 1.05403296e-005, -1, 0, -0, 0, 0, 0, 0, 0, 0.411106079, -0.203640796, -0.199724536, -0.0654819048, 0.66754647, -0.741599721, -0.994140625, -0.106933594, -0.00842285155, -0.0849180665, 0.736797242, 0.670778947, 0, -0, 0, 0, 0, 0, 0, 0.42944834, -0.151250439, -0.179258105, 0.010802432, 0.195252522, -0.980637532, -0.145751953, -0.969848633, -0.194702148, -0.989152802, 0.145105718, 0.0179551542, 0, 1, 5, 1, 
594.504415, 49, 0.1, 0.1, -0.0109658144, 0.362153938, -0.0199673102, 0.957971751, 0.286862554, -3.67058133e-006, 0.286862554, -0.957971751, -1.28620795e-005, -7.2059622e-006, 1.12685565e-005, -1, 0.957971761, 0.28686252, -1.95054083e-005, 0.286862519, -0.957971761, -2.36649012e-005, -2.54742035e-005, 1.70749365e-005, -1, 0, -0, 0, 0, 0, 0, 0, 0.411106079, -0.203640796, -0.199724536, -0.0654819048, 0.66754647, -0.741599721, -0.994140625, -0.106933594, -0.00842285155, -0.0849180665, 0.736797242, 0.670778947, 0, -0, 0, 0, 0, 0, 0, 0.42944834, -0.151250439, -0.179258105, 0.010802432, 0.195252522, -0.980637532, -0.145751953, -0.969848633, -0.194702148, -0.989152802, 0.145105718, 0.0179551542, 0, 1, 5, 1, 
594.50513, 49, 0.1, 0.1, -0.0109658084, 0.36215394, -0.0199662173, 0.957971716, 0.286862669, 1.74964772e-005, 0.286862669, -0.957971716, -8.2646633e-006, 1.43903069e-005, 1.29363998e-005, -1, 0.957971714, 0.286862676, 3.52346873e-005, 0.286862676, -0.957971714, 1.47623523e-006, 3.41773105e-005, 8.69332507e-006, -0.999999999, 0, -0, 0, 0, 0, 0, 0, 0.411106079, -0.203640796, -0.199724536, -0.0674536628, 0.67006416, -0.739072675, -0.993164062, -0.114990234, -0.0137939453, -0.0942459416, 0.733185089, 0.6734685, 0, -0, 0, 0, 0, 0, 0, 0.42944834, -0.151250439, -0.179258105, 0.010802432, 0.195252522, -0.980637532, -0.145751953, -0.969848633, -0.194702148, -0.989152802, 0.145105718, 0.0179551542, 0, 1, 5, 1, 
594.505847, 49, 0.1, 0.1, -0.0109658133, 0.36215394, -0.0199658708, 0.957971799, 0.286862392, -9.34426291e-006, 0.286862391, -0.957971799, -4.53506188e-006, -1.02524791e-005, 1.66394379e-006, -1, 0.95797178, 0.286862454, -3.13535838e-005, 0.286862455, -0.95797178, 4.82846849e-006, -2.86507422e-005, -1.36197026e-005, -0.999999999, 0, -0, 0, 0, 0, 0, 0, 0.413655835, -0.204639331, -0.19780127, -0.0674536628, 0.67006416, -0.739072675, -0.993164062, -0.114990234, -0.0137939453, -0.0942459416, 0.733185089, 0.6734685, 0, -0, 0, 0, 0, 0, 0, 0.431106104, -0.152610937, -0.178883154, 0.00919212838, 0.19049124, -0.981570465, -0.138671875, -0.971923828, -0.189819336, -0.990181251, 0.137854438, 0.0174888708, 0, 1, 5, 1, 
594.50655, 49, 0.1, 0.1, -0.0109658077, 0.362153942, -0.0199665661, 0.957971821, 0.286862319, 1.40362872e-005, 0.286862319, -0.957971821, 3.3008982e-006, 1.43932709e-005, 8.64314448e-007, -1, 0.95797182, 0.286862322, 2.96241518e-005, 0.286862321, -0.95797182, 1.22055255e-005, 3.1880408e-005, -3.19449649e-006, -0.999999999, 0, -0, 0, 0, 0, 0, 0, 0.413655835, -0.204639331, -0.19780127, -0.0674536628, 0.67006416, -0.739072675, -0.993164062, -0.114990234, -0.0137939453, -0.0942459416, 0.733185089, 0.6734685, 0, -0, 0, 0, 0, 0, 0, 0.431106104, -0.152610937, -0.178883154, 0.00919212838, 0.19049124, -0.981570465, -0.138671875, -0.971923828, -0.189819336, -0.990181251, 0.137854438, 0.0174888708, 0, 1, 5, 1, 
594.507254, 49, 0.1, 0.1, -0.0109658116, 0.36215394, -0.0199680529, 0.95797181, 0.286862357, -8.33389399e-006, 0.286862357, -0.95797181, -1.06793962e-005, -1.10471523e-005, 7.83988e-006, -1, 0.957971818, 0.286862327, -2.2172071e-005, 0.286862326, -0.957971819, -2.198761e-005, -2.75476361e-005, 1.47031788e-005, -1, 0, -0, 0, 0, 0, 0, 0, 0.413655835, -0.204639331, -0.19780127, -0.0674536628, 0.67006416, -0.739072675, -0.993164062, -0.114990234, -0.0137939453, -0.0942459416, 0.733185089, 0.6734685, 0, -0, 0, 0, 0, 0, 0, 0.431106104, -0.152610937, -0.178883154, 0.00919212838, 0.19049124, -0.981570465, -0.138671875, -0.971923828, -0.189819336, -0.990181251, 0.137854438, 0.0174888708, 0, 1, 5, 1, 
594.507968, 49, 0.1, 0.1, -0.0109658069, 0.362153943, -0.0199697884, 0.957971778, 0.286862464, 1.27645937e-005, 0.286862464, -0.957971778, -4.19041806e-007, 1.21079132e-005, 4.06311304e-006, -1, 0.957971776, 0.286862467, 2.71100755e-005, 0.286862467, -0.957971777, 6.70333028e-006, 2.7893621e-005, 1.35526191e-006, -1, 0, -0, 0, 0, 0, 0, 0, 0.416232324, -0.207454443, -0.195925366, -0.0691127715, 0.671909741, -0.737421801, -0.992431641, -0.120483398, -0.0167236328, -0.100039169, 0.730791715, 0.67530809, 0, -0, 0, 0, 0, 0, 0, 0.431106104, -0.152610937, -0.178883154, 0.00919212838, 0.19049124, -0.981570465, -0.138671875, -0.971923828, -0.189819336, -0.990181251, 0.137854438, 0.0174888708, 0, 1, 5, 1, 
594.508682, 49, 0.1, 0.1, -0.0109658109, 0.362153941, -0.0199710458, 0.957971771, 0.286862484, -9.85406748e-006, 0.286862484, -0.957971771, -8.4728036e-006, -1.1870448e-005, 5.2899444e-006, -1, 0.957971778, 0.286862461, -2.23367679e-005, 0.286862461, -0.957971778, -1.95697825e-005, -2.70118292e-005, 1.23397191e-005, -1, 0, -0, 0, 0, 0, 0, 0, 0.416232324, -0.207454443, -0.195925366, -0.0691127715, 0.671909741, -0.737421801, -0.992431641, -0.120483398, -0.0167236328, -0.100039169, 0.730791715, 0.67530809, 0, -0, 0, 0, 0, 0, 0, 0.432502539, -0.154438916, -0.178283008, 0.00694929712, 0.184969833, -0.982701359, -0.13293457, -0.973754883, -0.184204102, -0.991030695, 0.131996178, 0.0177382372, 0, 1, 5, 1, 
594.509383, 49, 0.1, 0.1, -0.0109658071, 0.362153943, -0.0199717303, 0.957971744, 0.286862575, 1.32487465e-005, 0.286862575, -0.957971744, -1.25349282e-005, 9.09612299e-006, 1.58086766e-005, -1, 0.957971746, 0.286862568, 2.20703145e-005, 0.286862567, -0.957971747, 1.0541243e-005, 2.41666258e-005, -3.76706591e-006, -1, 0, -0, 0, 0, 0, 0, 0, 0.416232324, -0.207454443, -0.195925366, -0.0691127715, 0.671909741, -0.737421801, -0.992431641, -0.120483398, -0.0167236328, -0.100039169, 0.730791715, 0.67530809, 0, -0, 0, 0, 0, 0, 0, 0.432502539, -0.154438916, -0.178283008, 0.00694929712, 0.184969833, -0.982701359, -0.13293457, -0.973754883, -0.184204102, -0.991030695, 0.131996178, 0.0177382372, 0, 1, 5, 1, 
594.510085, 49, 0.1, 0.1, -0.0109658103, 0.36215394, -0.0199716755, 0.957971817, 0.286862334, -1.12901921e-005, 0.286862334, -0.957971817, 5.48818004e-006, -9.24133373e-006, -8.49625267e-006, -1, 0.957971793, 0.28686241, -2.36344195e-005, 0.28686241, -0.957971794, -6.29052608e-006, -2.44456227e-005, -7.53679998e-007, -1, 0, -0, 0, 0, 0, 0, 0, 0.416232324, -0.207454443, -0.195925366, -0.0691127715, 0.671909741, -0.737421801, -0.992431641, -0.120483398, -0.0167236328, -0.100039169, 0.730791715, 0.67530809, 0, -0, 0, 0, 0, 0, 0, 0.432502539, -0.154438916, -0.178283008, 0.00694929712, 0.184969833, -0.982701359, -0.13293457, -0.973754883, -0.184204102, -0.991030695, 0.131996178, 0.0177382372, 0, 1, 5, 1, 
594.510787, 49, 0.1, 0.1, -0.0109658059, 0.362153942, -0.0199709664, 0.957971972, 0.286861813, 8.9255956e-006, 0.286861813, -0.957971973, 5.17859211e-006, 1.00360107e-005, -2.40053356e-006, -1, 0.957971945, 0.286861903, 2.31670245e-005, 0.286861903, -0.957971946, 1.09158805e-005, 2.53247098e-005, -3.81137052e-006, -1, 0, -0, 0, 0, 0, 0, 0, 0.416232324, -0.207454443, -0.195925366, -0.0691127715, 0.671909741, -0.737421801, -0.992431641, -0.120483398, -0.0167236328, -0.100039169, 0.730791715, 0.67530809, 0, -0, 0, 0, 0, 0, 0, 0.432502539, -0.154438916, -0.178283008, 0.00694929712, 0.184969833, -0.982701359, -0.13293457, -0.973754883, -0.184204102, -0.991030695, 0.131996178, 0.0177382372, 0, 1, 5, 1, 
594.511492, 49, 0.1, 0.1, -0.01096581, 0.362153941, -0.0199698308, 0.957972115, 0.286861336, -1.40300403e-005, 0.286861336, -0.957972115, 1.93622193e-005, -7.88611531e-006, -2.25731423e-005, -1, 0.957972079, 0.286861455, -2.76605101e-005, 0.286861455, -0.95797208, 8.41134074e-006, -2.4085107e-005, -1.59925638e-005, -1, 0, -0, 0, 0, 0, 0, 0, 0.416232324, -0.207454443, -0.195925366, -0.0691127715, 0.671909741, -0.737421801, -0.992431641, -0.120483398, -0.0167236328, -0.100039169, 0.730791715, 0.67530809, 0, -0, 0, 0, 0, 0, 0, 0.432502539, -0.154438916, -0.178283008, 0.00694929712, 0.184969833, -0.982701359, -0.13293457, -0.973754883, -0.184204102, -0.991030695, 0.131996178, 0.0177382372, 0, 1, 5, 1, 
594.512191, 49, 0.1, 0.1, -0.0109658045, 0.362153941, -0.0199686263, 0.957972376, 0.286860466, 1.91405436e-005, 0.286860466, -0.957972376, -2.46982993e-005, 1.12511464e-005, 2.91509537e-005, -1, 0.957972314, 0.286860669, 3.50436477e-005, 0.28686067, -0.957972315, -1.85126806e-005, 2.82602844e-005, 2.77872797e-005, -0.999999999, 0, -0, 0, 0, 0, 0, 0, 0.416232324, -0.207454443, -0.195925366, -0.0691127715, 0.671909741, -0.737421801, -0.992431641, -0.120483398, -0.0167236328, -0.100039169, 0.730791715, 0.67530809, 0, -0, 0, 0, 0, 0, 0, 0.432502539, -0.154438916, -0.178283008, 0.00694929712, 0.184969833, -0.982701359, -0.13293457, -0.973754883, -0.184204102, -0.991030695, 0.131996178, 0.0177382372, 0, 1, 5, 1, 
594.512894, 49, 0.1, 0.1, -0.0109658099, 0.362153944, -0.0199677248, 0.957972766, 0.286859163, -2.47103843e-005, 0.286859164, -0.957972765, 4.3170297e-005, -1.12880799e-005, -4.84443689e-005, -0.999999999, 0.957972678, 0.286859454, -3.89457095e-005, 0.286859456, -0.957972678, 3.37794137e-005, -2.76189814e-005, -4.35317005e-005, -0.999999999, 0, -0, 0, 0, 0, 0, 0, 0.416232324, -0.207454443, -0.195925366, -0.0691127715, 0.671909741, -0.737421801, -0.992431641, -0.120483398, -0.0167236328, -0.100039169, 0.730791715, 0.67530809, 0, -0, 0, 0, 0, 0, 0, 0.432502539, -0.154438916, -0.178283008, 0.00694929712, 0.184969833, -0.982701359, -0.13293457, -0.973754883, -0.184204102, -0.991030695, 0.131996178, 0.0177382372, 0, 1, 5, 1, 
594.513622, 49, 0.1, 0.1, -0.0109658051, 0.362153946, -0.0199670848, 0.957973302, 0.286857375, 1.53823345e-005, 0.286857375, -0.957973301, -1.8778775e-005, 9.34903573e-006, 2.24021012e-005, -1, 0.957973189, 0.28685775, 3.18657379e-005, 0.286857751, -0.957973189, -9.43066926e-006, 2.7821262e-005, 1.81752622e-005, -0.999999999, 0, -0, 0, 0, 0, 0, 0, 0.417539771, -0.209742871, -0.195492407, -0.0739246075, 0.675436153, -0.7335614, -0.991821289, -0.125854492, -0.0158691406, -0.103108399, 0.726525428, 0.679393156, 0, -0, 0, 0, 0, 0, 0, 0.433543799, -0.15644668, -0.177241748, 0.00604188344, 0.179857473, -0.983608772, -0.127807617, -0.975341797, -0.179077148, -0.991739782, 0.126917367, 0.0170291506, 0, 1, 5, 1, 
594.514322, 49, 0.1, 0.1, -0.0109658101, 0.362153944, -0.0199672023, 0.957973889, 0.286855413, -1.11286846e-005, 0.286855413, -0.957973889, -1.56545523e-005, -1.51515824e-005, 1.18043289e-005, -1, 0.957973773, 0.2868558, -3.18822648e-005, 0.2868558, -0.957973773, -6.91997983e-006, -3.25274099e-005, -2.51645338e-006, -0.999999999, 0, -0, 0, 0, 0, 0, 0, 0.417539771, -0.209742871, -0.195492407, -0.0739246075, 0.675436153, -0.7335614, -0.991821289, -0.125854492, -0.0158691406, -0.103108399, 0.726525428, 0.679393156, 0, -0, 0, 0, 0, 0, 0, 0.433543799, -0.15644668, -0.177241748, 0.00604188344, 0.179857473, -0.983608772, -0.127807617, -0.975341797, -0.179077148, -0.991739782, 0.126917367, 0.0170291506, 0, 1, 5, 1, 
594.51502, 49, 0.1, 0.1, -0.0109658059, 0.362153946, -0.019968001, 0.957974324, 0.28685396, 5.86688424e-006, 0.28685396, -0.957974324, 1.2426354e-005, 9.18487331e-006, -1.02211891e-005, -1, 0.95797425, 0.286854206, 2.04287452e-005, 0.286854206, -0.95797425, 2.1002623e-005, 2.55949026e-005, -1.42599006e-005, -1, 0, -0, 0, 0, 0, 0, 0, 0.417539771, -0.209742871, -0.195492407, -0.0739246075, 0.675436153, -0.7335614, -0.991821289, -0.125854492, -0.0158691406, -0.103108399, 0.726525428, 0.679393156, 0, -0, 0, 0, 0, 0, 0, 0.433543799, -0.15644668, -0.177241748, 0.00604188344, 0.179857473, -0.983608772, -0.127807617, -0.975341797, -0.179077148, -0.991739782, 0.126917367, 0.0170291506, 0, 1, 5, 1, 
594.515719, 49, 0.1, 0.1, -0.0109658105, 0.362153945, -0.0199691981, 0.957974681, 0.286852769, -1.62310994e-005, 0.286852769, -0.957974681, 1.27925798e-005, -1.18793954e-005, -1.69109034e-005, -1, 0.957974605, 0.28685302, -3.06903386e-005, 0.28685302, -0.957974606, 3.57235453e-006, -2.83758243e-005, -1.22258412e-005, -1, 0, -0, 0, 0, 0, 0, 0, 0.417539771, -0.209742871, -0.195492407, -0.0739246075, 0.675436153, -0.7335614, -0.991821289, -0.125854492, -0.0158691406, -0.103108399, 0.726525428, 0.679393156, 0, -0, 0, 0, 0, 0, 0, 0.433543799, -0.15644668, -0.177241748, 0.00604188344, 0.179857473, -0.983608772, -0.127807617, -0.975341797, -0.179077148, -0.991739782, 0.126917367, 0.0170291506, 0, 1, 5, 1, 
594.516416, 49, 0.1, 0.1, -0.0109658062, 0.362153947, -0.019970443, 0.957975088, 0.286851409, 7.33874717e-006, 0.286851409, -0.957975088, 1.3009287e-005, 1.07620693e-005, -1.03574429e-005, -1, 0.957975008, 0.286851677, 2.58857137e-005, 0.286851676, -0.957975008, 4.59455082e-006, 2.61158214e-005, 3.02389552e-006, -1, 0, -0, 0, 0, 0, 0, 0, 0.417539771, -0.209742871, -0.195492407, -0.0739246075, 0.675436153, -0.7335614, -0.991821289, -0.125854492, -0.0158691406, -0.103108399, 0.726525428, 0.679393156, 0, -0, 0, 0, 0, 0, 0, 0.433543799, -0.15644668, -0.177241748, 0.00604188344, 0.179857473, -0.983608772, -0.127807617, -0.975341797, -0.179077148, -0.991739782, 0.126917367, 0.0170291506, 0, 1, 5, 1, 
594.517112, 49, 0.1, 0.1, -0.01096581, 0.362153946, -0.0199713699, 0.957975374, 0.286850453, -8.07640851e-006, 0.286850453, -0.957975374, -9.2763317e-006, -1.03979204e-005, 6.56977589e-006, -1, 0.957975327, 0.286850609, -2.1089066e-005, 0.286850609, -0.957975327, -1.74111242e-005, -2.51971965e-005, 1.0630016e-005, -1, 0, -0, 0, 0, 0, 0, 0, 0.417539771, -0.209742871, -0.195492407, -0.0739246075, 0.675436153, -0.7335614, -0.991821289, -0.125854492, -0.0158691406, -0.103108399, 0.726525428, 0.679393156, 0, -0, 0, 0, 0, 0, 0, 0.433543799, -0.15644668, -0.177241748, 0.00604188344, 0.179857473, -0.983608772, -0.127807617, -0.975341797, -0.179077148, -0.991739782, 0.126917367, 0.0170291506, 0, 1, 5, 1, 
594.517807, 49, 0.1, 0.1, -0.0109658059, 0.362153948, -0.0199717337, 0.957975603, 0.286849688, 1.26251359e-005, 0.286849688, -0.957975603, -9.04898791e-006, 9.49887281e-006, 1.22902259e-005, -1, 0.957975553, 0.286849855, 2.55150947e-005, 0.286849855, -0.957975553, -8.95090013e-007, 2.41860805e-005, 8.17647556e-006, -1, 0, -0, 0, 0, 0, 0, 0, 0.417539771, -0.209742871, -0.195492407, -0.0739246075, 0.675436153, -0.7335614, -0.991821289, -0.125854492, -0.0158691406, -0.103108399, 0.726525428, 0.679393156, 0, -0, 0, 0, 0, 0, 0, 0.433543799, -0.15644668, -0.177241748, 0.00604188344, 0.179857473, -0.983608772, -0.127807617, -0.975341797, -0.179077148, -0.991739782, 0.126917367, 0.0170291506, 0, 1, 5, 1, 
594.518689, 49, 0.1, 0.1, -0.0109658096, 0.362153946, -0.0199701417, 0.957975969, 0.286848468, 7.92529137e-006, 0.286848468, -0.957975969, -1.52380606e-005, 3.22122433e-006, 1.68710536e-005, -1, 0.957975878, 0.28684877, -2.1903762e-005, 0.28684877, -0.957975878, -2.1644414e-006, -2.1604143e-005, -4.20958455e-006, -1, 0, -0, 0, 0, 0, 0, 0, 0.418872974, -0.212274927, -0.194644092, -0.0782350778, 0.678537584, -0.730278749, -0.991210937, -0.130981445, -0.0155029297, -0.106133446, 0.722697227, 0.682951769, 0, -0, 0, 0, 0, 0, 0, 0.434603369, -0.15848252, -0.175987256, 0.00536451314, 0.174221227, -0.984624828, -0.122924805, -0.977050781, -0.173583984, -0.992301947, 0.122151721, 0.0161859026, 0, 1, 5, 1, 
594.519538, 49, 0.1, 0.1, -0.0109658091, 0.362153946, -0.0199648748, 0.957976287, 0.286847405, -8.10889555e-006, 0.286847405, -0.957976287, 7.73376632e-006, -5.54971885e-006, -9.73478039e-006, -1, 0.957976238, 0.286847566, -1.67414725e-005, 0.286847567, -0.957976238, 1.02771399e-005, -1.30899602e-005, -1.46475064e-005, -1, 0, -0, 0, 0, 0, 0, 0, 0.418872974, -0.212274927, -0.194644092, -0.0782350778, 0.678537584, -0.730278749, -0.991210937, -0.130981445, -0.0155029297, -0.106133446, 0.722697227, 0.682951769, 0, -0, 0, 0, 0, 0, 0, 0.434603369, -0.15848252, -0.175987256, 0.00536451314, 0.174221227, -0.984624828, -0.122924805, -0.977050781, -0.173583984, -0.992301947, 0.122151721, 0.0161859026, 0, 1, 5, 1, 
594.520232, 49, 0.1, 0.1, -0.0109658078, 0.362153947, -0.0199620533, 0.957976513, 0.286846649, -1.47931259e-005, 0.286846649, -0.957976513, 1.68736221e-005, -9.33132519e-006, -2.04078922e-005, -1, 0.957976471, 0.28684679, -8.06518621e-006, 0.286846791, -0.957976471, 1.28393558e-005, -4.04333062e-006, -1.46132735e-005, -1, 0, -0, 0, 0, 0, 0, 0, 0.418872974, -0.212274927, -0.194644092, -0.0782350778, 0.678537584, -0.730278749, -0.991210937, -0.130981445, -0.0155029297, -0.106133446, 0.722697227, 0.682951769, 0, -0, 0, 0, 0, 0, 0, 0.434603369, -0.15848252, -0.175987256, 0.00536451314, 0.174221227, -0.984624828, -0.122924805, -0.977050781, -0.173583984, -0.992301947, 0.122151721, 0.0161859026, 0, 1, 5, 1, 
594.520958, 49, 0.1, 0.1, -0.0109658059, 0.362153948, -0.0199614162, 0.95797672, 0.286845958, -8.94538254e-006, 0.286845958, -0.95797672, 1.06442285e-005, -5.51621431e-006, -1.27628699e-005, -1, 0.957976682, 0.286846084, 1.41801712e-005, 0.286846084, -0.957976682, -6.7721024e-007, 1.33900182e-005, 4.71627819e-006, -1, 0, -0, 0, 0, 0, 0, 0, 0.421383276, -0.210482983, -0.193461572, -0.0851583352, 0.683452396, -0.724945329, -0.989135742, -0.14465332, -0.0201416016, -0.118632023, 0.715492017, 0.688533819, 0, -0, 0, 0, 0, 0, 0, 0.4368104, -0.158947852, -0.174968213, 0.00537070976, 0.170360429, -0.985366364, -0.112792969, -0.978881836, -0.169921875, -0.993528723, 0.112172004, 0.0138985953, 0, 1, 5, 1, 
594.521658, 49, 0.1, 0.1, -0.0109658051, 0.362153948, -0.0199630482, 0.957976894, 0.286845377, 1.01084252e-005, 0.286845378, -0.957976894, -7.76667616e-006, 7.45580267e-006, 1.03398514e-005, -1, 0.957976861, 0.286845487, 1.83443049e-005, 0.286845487, -0.957976861, -1.07478696e-005, 1.44904418e-005, 1.55581915e-005, -1, 0, -0, 0, 0, 0, 0, 0, 0.421383276, -0.210482983, -0.193461572, -0.0851583352, 0.683452396, -0.724945329, -0.989135742, -0.14465332, -0.0201416016, -0.118632023, 0.715492017, 0.688533819, 0, -0, 0, 0, 0, 0, 0, 0.4368104, -0.158947852, -0.174968213, 0.00537070976, 0.170360429, -0.985366364, -0.112792969, -0.978881836, -0.169921875, -0.993528723, 0.112172004, 0.0138985953, 0, 1, 5, 1, 
594.522361, 49, 0.1, 0.1, -0.0109658059, 0.362153948, -0.0199664362, 0.957977049, 0.286844859, 1.31853507e-005, 0.286844859, -0.957977049, -1.24719313e-005, 9.05375393e-006, 1.5729974e-005, -1, 0.95797702, 0.286844957, 6.81689766e-006, 0.286844957, -0.95797702, -8.97822233e-006, 3.95507351e-006, 1.05563234e-005, -1, 0, -0, 0, 0, 0, 0, 0, 0.421383276, -0.210482983, -0.193461572, -0.0851583352, 0.683452396, -0.724945329, -0.989135742, -0.14465332, -0.0201416016, -0.118632023, 0.715492017, 0.688533819, 0, -0, 0, 0, 0, 0, 0, 0.4368104, -0.158947852, -0.174968213, 0.00537070976, 0.170360429, -0.985366364, -0.112792969, -0.978881836, -0.169921875, -0.993528723, 0.112172004, 0.0138985953, 0, 1, 5, 1, 
594.523064, 49, 0.1, 0.1, -0.0109658068, 0.362153948, -0.0199704557, 0.957977185, 0.286844406, 6.58748841e-006, 0.286844406, -0.957977185, -5.63928466e-006, 4.69306635e-006, 7.29189024e-006, -1, 0.957977159, 0.286844494, -1.12336211e-005, 0.286844494, -0.957977159, 2.91485497e-006, -9.92544228e-006, -6.01466682e-006, -1, 0, -0, 0, 0, 0, 0, 0, 0.421383276, -0.210482983, -0.193461572, -0.0851583352, 0.683452396, -0.724945329, -0.989135742, -0.14465332, -0.0201416016, -0.118632023, 0.715492017, 0.688533819, 0, -0, 0, 0, 0, 0, 0, 0.4368104, -0.158947852, -0.174968213, 0.00537070976, 0.170360429, -0.985366364, -0.112792969, -0.978881836, -0.169921875, -0.993528723, 0.112172004, 0.0138985953, 0, 1, 5, 1, 
594.523772, 49, 0.1, 0.1, -0.0109658068, 0.362153948, -0.0199738313, 0.957977303, 0.28684401, -6.85503431e-006, 0.28684401, -0.957977303, 6.76050064e-006, -4.62775817e-006, -8.44273171e-006, -1, 0.957977281, 0.286844085, -1.25448831e-005, 0.286844085, -0.957977281, 9.20613873e-006, -9.37698658e-006, -1.24176973e-005, -1, 0, -0, 0, 0, 0, 0, 0, 0.421383276, -0.210482983, -0.193461572, -0.0851583352, 0.683452396, -0.724945329, -0.989135742, -0.14465332, -0.0201416016, -0.118632023, 0.715492017, 0.688533819, 0, -0, 0, 0, 0, 0, 0, 0.4368104, -0.158947852, -0.174968213, 0.00537070976, 0.170360429, -0.985366364, -0.112792969, -0.978881836, -0.169921875, -0.993528723, 0.112172004, 0.0138985953, 0, 1, 5, 1, 
594.524475, 49, 0.1, 0.1, -0.0109658061, 0.362153949, -0.0199756104, 0.957977408, 0.286843662, -1.06902505e-005, 0.286843662, -0.957977408, 9.0139414e-006, -7.65542648e-006, -1.17015828e-005, -1, 0.957977388, 0.286843728, -6.09091338e-006, 0.286843728, -0.957977388, 6.85127659e-006, -3.86971157e-006, -8.31050835e-006, -1, 0, -0, 0, 0, 0, 0, 0, 0.421383276, -0.210482983, -0.193461572, -0.0851583352, 0.683452396, -0.724945329, -0.989135742, -0.14465332, -0.0201416016, -0.118632023, 0.715492017, 0.688533819, 0, -0, 0, 0, 0, 0, 0, 0.4368104, -0.158947852, -0.174968213, 0.00537070976, 0.170360429, -0.985366364, -0.112792969, -0.978881836, -0.169921875, -0.993528723, 0.112172004, 0.0138985953, 0, 1, 5, 1, 
594.525179, 49, 0.1, 0.1, -0.0109658052, 0.362153949, -0.0199753734, 0.957977499, 0.286843358, -7.7054167e-006, 0.286843358, -0.957977499, 3.53513048e-006, -6.36758712e-006, -5.59682305e-006, -1, 0.957977481, 0.286843416, 7.20700344e-006, 0.286843416, -0.957977481, -3.51654291e-006, 5.89544982e-006, 5.43605041e-006, -1, 0, -0, 0, 0, 0, 0, 0, 0.421383276, -0.210482983, -0.193461572, -0.0851583352, 0.683452396, -0.724945329, -0.989135742, -0.14465332, -0.0201416016, -0.118632023, 0.715492017, 0.688533819, 0, -0, 0, 0, 0, 0, 0, 0.4368104, -0.158947852, -0.174968213, 0.00537070976, 0.170360429, -0.985366364, -0.112792969, -0.978881836, -0.169921875, -0.993528723, 0.112172004, 0.0138985953, 0, 1, 5, 1, 
594.525913, 49, 0.1, 0.1, -0.0109658045, 0.362153948, -0.0199730613, 0.957977582, 0.286843081, 7.40283327e-006, 0.286843081, -0.957977582, -6.6278029e-006, 5.19060891e-006, 8.4727381e-006, -1, 0.957977565, 0.286843135, 1.40294542e-005, 0.286843135, -0.957977565, -1.02896832e-005, 1.04883774e-005, 1.38815383e-005, -1, 0, -0, 0, 0, 0, 0, 0, 0.423615649, -0.208094409, -0.194551367, -0.0933995993, 0.691481742, -0.716227787, -0.987426758, -0.15612793, -0.0219726562, -0.126966905, 0.705321674, 0.697534819, 0, -0, 0, 0, 0, 0, 0, 0.4368104, -0.158947852, -0.174968213, 0.000188720489, 0.169170466, -0.985480836, -0.103881836, -0.980102539, -0.168212891, -0.9944416, 0.102473002, 0.0173233597, 0, 1, 5, 1, 
594.526618, 49, 0.1, 0.1, -0.0109658045, 0.362153948, -0.0199696725, 0.957977652, 0.286842845, 1.64096254e-005, 0.286842845, -0.957977652, -8.66783048e-006, 1.32337493e-005, 1.30105715e-005, -1, 0.957977639, 0.286842889, 1.07971528e-005, 0.286842889, -0.957977639, -6.48942258e-006, 8.48198621e-006, 9.31380823e-006, -1, 0, -0, 0, 0, 0, 0, 0, 0.423615649, -0.208094409, -0.194551367, -0.0933995993, 0.691481742, -0.716227787, -0.987426758, -0.15612793, -0.0219726562, -0.126966905, 0.705321674, 0.697534819, 0, -0, 0, 0, 0, 0, 0, 0.438234277, -0.158784082, -0.176019971, 0.000188720489, 0.169170466, -0.985480836, -0.103881836, -0.980102539, -0.168212891, -0.9944416, 0.102473002, 0.0173233597, 0, 1, 5, 1, 
594.527316, 49, 0.1, 0.1, -0.0109658047, 0.362153949, -0.0199664565, 0.957977712, 0.286842645, 1.18114031e-005, 0.286842645, -0.957977712, -5.43307107e-006, 9.75662444e-006, 8.59277509e-006, -1, 0.957977701, 0.286842683, -8.19434214e-006, 0.286842683, -0.957977701, 5.59668269e-006, -6.24462957e-006, -7.7119843e-006, -1, 0, -0, 0, 0, 0, 0, 0, 0.423615649, -0.208094409, -0.194551367, -0.0933995993, 0.691481742, -0.716227787, -0.987426758, -0.15612793, -0.0219726562, -0.126966905, 0.705321674, 0.697534819, 0, -0, 0, 0, 0, 0, 0, 0.438234277, -0.158784082, -0.176019971, 0.000188720489, 0.169170466, -0.985480836, -0.103881836, -0.980102539, -0.168212891, -0.9944416, 0.102473002, 0.0173233597, 0, 1, 5, 1, 
594.528014, 49, 0.1, 0.1, -0.010965805, 0.362153949, -0.0199643391, 0.957977766, 0.286842464, -1.06429548e-005, 0.286842464, -0.957977766, 4.815895e-006, -8.81431089e-006, -7.66637172e-006, -1, 0.957977756, 0.286842498, -1.82058159e-005, 0.286842498, -0.957977756, 8.86992069e-006, -1.48964965e-005, -1.37193884e-005, -1, 0, -0, 0, 0, 0, 0, 0, 0.423615649, -0.208094409, -0.194551367, -0.0933995993, 0.691481742, -0.716227787, -0.987426758, -0.15612793, -0.0219726562, -0.126966905, 0.705321674, 0.697534819, 0, -0, 0, 0, 0, 0, 0, 0.438234277, -0.158784082, -0.176019971, 0.000188720489, 0.169170466, -0.985480836, -0.103881836, -0.980102539, -0.168212891, -0.9944416, 0.102473002, 0.0173233597, 0, 1, 5, 1, 
594.528718, 49, 0.1, 0.1, -0.0109658043, 0.362153949, -0.0199638181, 0.957977813, 0.286842306, -1.75946624e-005, 0.286842306, -0.957977813, 1.0484177e-005, -1.38479907e-005, -1.50905026e-005, -1, 0.957977805, 0.286842336, -1.0805988e-005, 0.286842336, -0.957977805, 6.57918801e-006, -8.46470703e-006, -9.40233093e-006, -1, 0, -0, 0, 0, 0, 0, 0, 0.423615649, -0.208094409, -0.194551367, -0.0933995993, 0.691481742, -0.716227787, -0.987426758, -0.15612793, -0.0219726562, -0.126966905, 0.705321674, 0.697534819, 0, -0, 0, 0, 0, 0, 0, 0.438234277, -0.158784082, -0.176019971, 0.000188720489, 0.169170466, -0.985480836, -0.103881836, -0.980102539, -0.168212891, -0.9944416, 0.102473002, 0.0173233597, 0, 1, 5, 1, 
594.52942, 49, 0.1, 0.1, -0.0109658035, 0.362153949, -0.0199649583, 0.957977855, 0.286842169, -1.16665428e-005, 0.286842169, -0.957977855, 5.4795373e-006, -9.60452731e-006, -8.59573184e-006, -1, 0.957977847, 0.286842196, 9.49688597e-006, 0.286842196, -0.957977847, -5.4637453e-006, 7.53057367e-006, 7.95825458e-006, -1, 0, -0, 0, 0, 0, 0, 0, 0.423615649, -0.208094409, -0.194551367, -0.0933995993, 0.691481742, -0.716227787, -0.987426758, -0.15612793, -0.0219726562, -0.126966905, 0.705321674, 0.697534819, 0, -0, 0, 0, 0, 0, 0, 0.438234277, -0.158784082, -0.176019971, 0.000188720489, 0.169170466, -0.985480836, -0.103881836, -0.980102539, -0.168212891, -0.9944416, 0.102473002, 0.0173233597, 0, 1, 5, 1, 
594.530123, 49, 0.1, 0.1, -0.0109658033, 0.362153949, -0.0199673328, 0.957977892, 0.286842045, 8.13504684e-006, 0.286842045, -0.957977892, -4.18083392e-006, 6.59395607e-006, 6.33861994e-006, -1, 0.957977885, 0.286842068, 1.47233804e-005, 0.286842068, -0.957977885, -8.33727033e-006, 1.17131929e-005, 1.22102055e-005, -1, 0, -0, 0, 0, 0, 0, 0, 0.423615649, -0.208094409, -0.194551367, -0.0933995993, 0.691481742, -0.716227787, -0.987426758, -0.15612793, -0.0219726562, -0.126966905, 0.705321674, 0.697534819, 0, -0, 0, 0, 0, 0, 0, 0.438234277, -0.158784082, -0.176019971, 0.000188720489, 0.169170466, -0.985480836, -0.103881836, -0.980102539, -0.168212891, -0.9944416, 0.102473002, 0.0173233597, 0, 1, 5, 1, 
594.530858, 49, 0.1, 0.1, -0.0109658039, 0.36215395, -0.019969927, 0.957977924, 0.286841937, 1.38421294e-005, 0.286841938, -0.957977924, -7.35248205e-006, 1.11514542e-005, 1.10140187e-005, -1, 0.957977918, 0.286841957, 8.29880563e-006, 0.286841957, -0.957977918, -3.96832862e-006, 6.81178939e-006, 6.18201684e-006, -1, 0, -0, 0, 0, 0, 0, 0, 0.426509814, -0.205745142, -0.195222388, -0.101686169, 0.698749493, -0.708005619, -0.985229492, -0.168823242, -0.0251464844, -0.137148492, 0.695024772, 0.705749134, 0, -0, 0, 0, 0, 0, 0, 0.440427246, -0.157833301, -0.176689209, -0.00335124889, 0.167487967, -0.985851237, -0.0910644531, -0.981689453, -0.166503906, -0.995795608, 0.0892854373, 0.018511856, 0, 1, 5, 1, 
594.531556, 49, 0.1, 0.1, -0.0109658044, 0.36215395, -0.0199719337, 0.957977952, 0.286841842, 7.38141453e-006, 0.286841842, -0.957977952, -5.03241722e-006, 5.62772455e-006, 6.93824329e-006, -1, 0.957977947, 0.28684186, -9.06562597e-006, 0.28684186, -0.957977947, 3.69145254e-006, -7.62580664e-006, -6.13673114e-006, -1, 0, -0, 0, 0, 0, 0, 0, 0.426509814, -0.205745142, -0.195222388, -0.101686169, 0.698749493, -0.708005619, -0.985229492, -0.168823242, -0.0251464844, -0.137148492, 0.695024772, 0.705749134, 0, -0, 0, 0, 0, 0, 0, 0.440427246, -0.157833301, -0.176689209, -0.00335124889, 0.167487967, -0.985851237, -0.0910644531, -0.981689453, -0.166503906, -0.995795608, 0.0892854373, 0.018511856, 0, 1, 5, 1, 
594.532264, 49, 0.1, 0.1, -0.0109658046, 0.36215395, -0.0199730301, 0.957977977, 0.286841762, -7.39347758e-006, 0.286841762, -0.957977977, 4.86053115e-006, -5.68858538e-006, -6.77703993e-006, -1, 0.957977972, 0.286841777, -1.32456486e-005, 0.286841777, -0.957977972, 7.85065397e-006, -1.04371441e-005, -1.1320159e-005, -1, 0, -0, 0, 0, 0, 0, 0, 0.426509814, -0.205745142, -0.195222388, -0.101686169, 0.698749493, -0.708005619, -0.985229492, -0.168823242, -0.0251464844, -0.137148492, 0.695024772, 0.705749134, 0, -0, 0, 0, 0, 0, 0, 0.440427246, -0.157833301, -0.176689209, -0.00335124889, 0.167487967, -0.985851237, -0.0910644531, -0.981689453, -0.166503906, -0.995795608, 0.0892854373, 0.018511856, 0, 1, 5, 1, 
594.532978, 49, 0.1, 0.1, -0.0109658039, 0.36215395, -0.0199728682, 0.957977999, 0.286841688, -1.27783942e-005, 0.286841688, -0.957977999, 6.48321817e-006, -1.03817633e-005, -9.87615655e-006, -1, 0.957977994, 0.286841703, -7.36211501e-006, 0.286841703, -0.957977994, 3.92178789e-006, -5.92781185e-006, -5.8687481e-006, -1, 0, -0, 0, 0, 0, 0, 0, 0.426509814, -0.205745142, -0.195222388, -0.107717905, 0.705300952, -0.700678719, -0.983764648, -0.177124023, -0.0270996094, -0.143237899, 0.686448015, 0.712992919, 0, -0, 0, 0, 0, 0, 0, 0.440427246, -0.157833301, -0.176689209, -0.00335124889, 0.167487967, -0.985851237, -0.0910644531, -0.981689453, -0.166503906, -0.995795608, 0.0892854373, 0.018511856, 0, 1, 5, 1, 
594.533698, 49, 0.1, 0.1, -0.0109658028, 0.36215395, -0.0199713193, 0.957978018, 0.286841624, -7.16950105e-006, 0.286841624, -0.957978018, 4.15924367e-006, -5.67518019e-006, -6.04097533e-006, -1, 0.957978015, 0.286841635, 9.71857008e-006, 0.286841635, -0.957978015, -5.18649648e-006, 7.82247334e-006, 7.75624013e-006, -1, 0, -0, 0, 0, 0, 0, 0, 0.428638696, -0.205436426, -0.195718872, -0.107717905, 0.705300952, -0.700678719, -0.983764648, -0.177124023, -0.0270996094, -0.143237899, 0.686448015, 0.712992919, 0, -0, 0, 0, 0, 0, 0, 0.441883496, -0.158365381, -0.17670752, -0.00475702878, 0.165576158, -0.98608128, -0.0823974609, -0.982788086, -0.164550781, -0.996434332, 0.0806152511, 0.0183649348, 0, 1, 5, 1, 
594.534393, 49, 0.1, 0.1, -0.0109658019, 0.36215395, -0.0199694182, 0.957978033, 0.286841572, 9.21806541e-006, 0.286841572, -0.957978033, -5.29945468e-006, 7.31060026e-006, 7.72088555e-006, -1, 0.95797803, 0.286841582, 1.62462194e-005, 0.286841583, -0.95797803, -9.00085183e-006, 1.29817027e-005, 1.32827096e-005, -1, 0, -0, 0, 0, 0, 0, 0, 0.428638696, -0.205436426, -0.195718872, -0.107717905, 0.705300952, -0.700678719, -0.983764648, -0.177124023, -0.0270996094, -0.143237899, 0.686448015, 0.712992919, 0, -0, 0, 0, 0, 0, 0, 0.441883496, -0.158365381, -0.17670752, -0.00475702878, 0.165576158, -0.98608128, -0.0823974609, -0.982788086, -0.164550781, -0.996434332, 0.0806152511, 0.0183649348, 0, 1, 5, 1, 
594.535094, 49, 0.1, 0.1, -0.010965802, 0.36215395, -0.0199676045, 0.957978048, 0.286841523, 1.63289206e-005, 0.286841523, -0.957978048, -7.98019206e-006, 1.3353697e-005, 1.23286613e-005, -1, 0.957978045, 0.286841532, 1.05747715e-005, 0.286841533, -0.957978045, -4.98469721e-006, 8.70058077e-006, 7.80851416e-006, -1, 0, -0, 0, 0, 0, 0, 0, 0.428638696, -0.205436426, -0.195718872, -0.107717905, 0.705300952, -0.700678719, -0.983764648, -0.177124023, -0.0270996094, -0.143237899, 0.686448015, 0.712992919, 0, -0, 0, 0, 0, 0, 0, 0.441883496, -0.158365381, -0.17670752, -0.00475702878, 0.165576158, -0.98608128, -0.0823974609, -0.982788086, -0.164550781, -0.996434332, 0.0806152511, 0.0183649348, 0, 1, 5, 1, 
594.535795, 49, 0.1, 0.1, -0.0109658027, 0.362153951, -0.0199664414, 0.957978062, 0.286841477, 9.47947847e-006, 0.286841477, -0.957978062, -5.36668572e-006, 7.54174435e-006, 7.86027479e-006, -1, 0.957978059, 0.286841486, -1.04816912e-005, 0.286841486, -0.957978059, 5.38506274e-006, -8.49657081e-006, -8.16535584e-006, -1, 0, -0, 0, 0, 0, 0, 0, 0.428638696, -0.205436426, -0.195718872, -0.107717905, 0.705300952, -0.700678719, -0.983764648, -0.177124023, -0.0270996094, -0.143237899, 0.686448015, 0.712992919, 0, -0, 0, 0, 0, 0, 0, 0.441883496, -0.158365381, -0.17670752, -0.00475702878, 0.165576158, -0.98608128, -0.0823974609, -0.982788086, -0.164550781, -0.996434332, 0.0806152511, 0.0183649348, 0, 1, 5, 1, 
594.536494, 49, 0.1, 0.1, -0.010965803, 0.362153951, -0.019966232, 0.957978072, 0.286841443, -1.01272398e-005, 0.286841443, -0.957978072, 5.83756332e-006, -8.0272186e-006, -8.49716974e-006, -1, 0.95797807, 0.286841449, -1.72269431e-005, 0.286841449, -0.95797807, 9.89998101e-006, -1.36633088e-005, -1.4425366e-005, -1, 0, -0, 0, 0, 0, 0, 0, 0.428638696, -0.205436426, -0.195718872, -0.107717905, 0.705300952, -0.700678719, -0.983764648, -0.177124023, -0.0270996094, -0.143237899, 0.686448015, 0.712992919, 0, -0, 0, 0, 0, 0, 0, 0.441883496, -0.158365381, -0.17670752, -0.00475702878, 0.165576158, -0.98608128, -0.0823974609, -0.982788086, -0.164550781, -0.996434332, 0.0806152511, 0.0183649348, 0, 1, 5, 1, 
594.537192, 49, 0.1, 0.1, -0.0109658024, 0.362153951, -0.0199669717, 0.95797808, 0.286841416, -1.61810247e-005, 0.286841416, -0.95797808, 8.80911788e-006, -1.29742472e-005, -1.30803299e-005, -1, 0.957978079, 0.286841421, -1.0072448e-005, 0.286841421, -0.957978079, 5.47516216e-006, -8.07868111e-006, -8.13428063e-006, -1, 0, -0, 0, 0, 0, 0, 0, 0.428638696, -0.205436426, -0.195718872, -0.107717905, 0.705300952, -0.700678719, -0.983764648, -0.177124023, -0.0270996094, -0.143237899, 0.686448015, 0.712992919, 0, -0, 0, 0, 0, 0, 0, 0.441883496, -0.158365381, -0.17670752, -0.00475702878, 0.165576158, -0.98608128, -0.0823974609, -0.982788086, -0.164550781, -0.996434332, 0.0806152511, 0.0183649348, 0, 1, 5, 1, 
594.537916, 49, 0.1, 0.1, -0.0109658017, 0.362153951, -0.0199683545, 0.957978086, 0.286841395, -1.1457647e-005, 0.286841395, -0.957978086, 6.65818447e-006, -9.06633186e-006, -9.66492228e-006, -1, 0.957978085, 0.286841399, 8.74214709e-006, 0.286841399, -0.957978085, -4.43661321e-006, 7.10218099e-006, 6.75778793e-006, -1, 0, -0, 0, 0, 0, 0, 0, 0.43154436, -0.205093921, -0.192860645, -0.11131545, 0.707976279, -0.697351884, -0.981567383, -0.187866211, -0.0340576172, -0.155027297, 0.680709832, 0.716050166, 0, -0, 0, 0, 0, 0, 0, 0.441883496, -0.158365381, -0.17670752, -0.00269976481, 0.161178715, -0.986886982, -0.0723876953, -0.98425293, -0.160522461, -0.997322789, 0.0710701006, 0.0143524854, 0, 1, 5, 1, 
594.538618, 49, 0.1, 0.1, -0.0109658016, 0.362153951, -0.01996969, 0.95797809, 0.286841382, 6.80582348e-006, 0.286841382, -0.95797809, -4.33797905e-006, 5.27551787e-006, 6.10788069e-006, -1, 0.957978089, 0.286841385, 1.30011212e-005, 0.286841385, -0.957978089, -7.59779804e-006, 1.02754264e-005, 1.10077837e-005, -1, 0, -0, 0, 0, 0, 0, 0, 0.43154436, -0.205093921, -0.192860645, -0.11131545, 0.707976279, -0.697351884, -0.981567383, -0.187866211, -0.0340576172, -0.155027297, 0.680709832, 0.716050166, 0, -0, 0, 0, 0, 0, 0, 0.444456592, -0.159526807, -0.17528252, -0.00269976481, 0.161178715, -0.986886982, -0.0723876953, -0.98425293, -0.160522461, -0.997322789, 0.0710701006, 0.0143524854, 0, 1, 5, 1, 
594.539316, 49, 0.1, 0.1, -0.0109658021, 0.362153952, -0.019970853, 0.957978094, 0.286841368, 1.34686608e-005, 0.286841368, -0.957978095, -6.76141151e-006, 1.09632294e-005, 1.03406532e-005, -1, 0.957978094, 0.286841371, 7.79854612e-006, 0.286841371, -0.957978094, -3.85508964e-006, 6.36503715e-006, 5.93003709e-006, -1, 0, -0, 0, 0, 0, 0, 0, 0.43154436, -0.205093921, -0.192860645, -0.11131545, 0.707976279, -0.697351884, -0.981567383, -0.187866211, -0.0340576172, -0.155027297, 0.680709832, 0.716050166, 0, -0, 0, 0, 0, 0, 0, 0.444456592, -0.159526807, -0.17528252, -0.00269976481, 0.161178715, -0.986886982, -0.0723876953, -0.98425293, -0.160522461, -0.997322789, 0.0710701006, 0.0143524854, 0, 1, 5, 1, 
594.540014, 49, 0.1, 0.1, -0.0109658025, 0.362153952, -0.0199715346, 0.957978099, 0.286841354, 8.62451904e-006, 0.286841354, -0.957978099, -4.76582844e-006, 6.89506368e-006, 7.03942798e-006, -1, 0.957978098, 0.286841356, -8.43707976e-006, 0.286841356, -0.957978098, 4.37927833e-006, -6.82637949e-006, -6.61535613e-006, -1, 0, -0, 0, 0, 0, 0, 0, 0.43154436, -0.205093921, -0.192860645, -0.11131545, 0.707976279, -0.697351884, -0.981567383, -0.187866211, -0.0340576172, -0.155027297, 0.680709832, 0.716050166, 0, -0, 0, 0, 0, 0, 0, 0.444456592, -0.159526807, -0.17528252, -0.00269976481, 0.161178715, -0.986886982, -0.0723876953, -0.98425293, -0.160522461, -0.997322789, 0.0710701006, 0.0143524854, 0, 1, 5, 1, 
594.540714, 49, 0.1, 0.1, -0.0109658026, 0.362153952, -0.0199715604, 0.957978102, 0.286841342, -6.91113907e-006, 0.286841342, -0.957978102, 3.71817614e-006, -5.55419326e-006, -5.54433172e-006, -1, 0.957978101, 0.286841344, -1.32268597e-005, 0.286841345, -0.957978102, 6.95040466e-006, -1.06773785e-005, -1.04523457e-005, -1, 0, -0, 0, 0, 0, 0, 0, 0.43154436, -0.205093921, -0.192860645, -0.11131545, 0.707976279, -0.697351884, -0.981567383, -0.187866211, -0.0340576172, -0.155027297, 0.680709832, 0.716050166, 0, -0, 0, 0, 0, 0, 0, 0.444456592, -0.159526807, -0.17528252, -0.00269976481, 0.161178715, -0.986886982, -0.0723876953, -0.98425293, -0.160522461, -0.997322789, 0.0710701006, 0.0143524854, 0, 1, 5, 1, 
594.541414, 49, 0.1, 0.1, -0.0109658018, 0.362153952, -0.0199709907, 0.957978106, 0.286841329, -1.28970259e-005, 0.286841329, -0.957978106, 6.67729858e-006, -1.04397432e-005, -1.00961059e-005, -1, 0.957978105, 0.286841331, -7.42422389e-006, 0.286841331, -0.957978106, 3.90496328e-006, -5.99213907e-006, -5.87044359e-006, -1, 0, -0, 0, 0, 0, 0, 0, 0.43154436, -0.205093921, -0.192860645, -0.11131545, 0.707976279, -0.697351884, -0.981567383, -0.187866211, -0.0340576172, -0.155027297, 0.680709832, 0.716050166, 0, -0, 0, 0, 0, 0, 0, 0.444456592, -0.159526807, -0.17528252, -0.00269976481, 0.161178715, -0.986886982, -0.0723876953, -0.98425293, -0.160522461, -0.997322789, 0.0710701006, 0.0143524854, 0, 1, 5, 1, 
