time, trialNum, realDorsalTactorPos, realVentralTactorPos, boxPosX, boxPosY, boxPosZ, boxLocalRot_11, boxLocalRot_12, boxLocalRot_13, boxLocalRot_21, boxLocalRot_22, boxLocalRot_23, boxLocalRot_31, boxLocalRot_32, boxLocalRot_33, boxGlobalRot_11, boxGlobalRot_12, boxGlobalRot_13, boxGlobalRot_21, boxGlobalRot_22, boxGlobalRot_23, boxGlobalRot_31, boxGlobalRot_32, boxGlobalRot_33, indexForceX, indexForceY, indexForceZ, indexForceGlobalX, indexForceGlobalY, indexForceGlobalZ, indexContact, indexPosX, indexPosY, indexPosZ, indexRot_11, indexRot_12, indexRot_13, indexRot_21, indexRot_22, indexRot_23, indexRot_31, indexRot_32, indexRot_33, thumbForceX, thumbForceY, thumbForceZ, thumbForceGlobalX, thumbForceGlobalY, thumbForceGlobalZ, thumbContact, thumbPosX, thumbPosY, thumbPosZ, thumbRot_11, thumbRot_12, thumbRot_13, thumbRot_21, thumbRot_22, thumbRot_23, thumbRot_31, thumbRot_32, thumbRot_33, manipForceTooHigh, cceExpType, mapping, trialSuccess, 
340.611764, 43, 0.1, 0.1, 0.0117775953, 0.366573671, -0.0199668676, 0.991529087, -4.61316354e-005, 0.129884826, 0.12988483, 8.60200369e-005, -0.991529084, 3.45681607e-005, 0.999999995, 9.12831683e-005, 0.991529098, -3.30131893e-005, 0.129884743, 0.129884746, 9.45970722e-005, -0.991529094, 2.04468213e-005, 0.999999995, 9.80836594e-005, 0, 0, 0, 0, 0, 0, 0, 0.34870791, -0.124506836, -0.190980933, 0.0916742303, 0.485468421, -0.869409249, -0.721191406, 0.634277344, 0.278198242, 0.68649368, 0.601629075, 0.408490825, 0, 0, -0, 0, 0, 0, 0, 0.413279004, -0.102025781, -0.150761963, 0.30268106, 0.249932237, -0.919654866, 0.182250977, -0.962280273, -0.201538086, -0.935399493, -0.106538676, -0.336867105, 0, 1, 5, 1, 
340.638776, 43, 0.1, 0.1, 0.0117775612, 0.366573885, -0.019961588, 0.991527544, -2.88123041e-006, 0.129896607, 0.129896607, -1.69875772e-005, -0.991527544, 5.06344797e-006, 1, -1.64693887e-005, 0.991527569, -2.27185208e-005, 0.129896418, 0.129896418, 1.63988713e-005, -0.991527569, 2.0395885e-005, 1, 1.92109874e-005, 0, 0, 0, 0, 0, 0, 0, 0.359191992, -0.135675317, -0.185579272, 0.0499818924, 0.500508245, -0.864192649, -0.75793457, 0.582519531, 0.293457031, 0.650334288, 0.640403115, 0.408653333, 0, 0, -0, 0, 0, 0, 0, 0.420397656, -0.106569922, -0.1477646, 0.274759426, 0.270479688, -0.922566305, 0.229370117, -0.950317383, -0.210327148, -0.933669952, -0.153721621, -0.32318044, 0, 1, 5, 1, 
340.639567, 43, 0.1, 0.1, 0.0117775545, 0.366573893, -0.0199629782, 0.991527385, -8.54383107e-006, 0.129897821, 0.129897821, 2.12653654e-005, -0.991527385, 5.70911785e-006, 1, 2.21950172e-005, 0.991527417, 2.26437707e-005, 0.129897577, 0.129897578, -8.31263107e-006, -0.991527417, -2.13721288e-005, 1, -1.11835726e-005, 0, 0, 0, 0, 0, 0, 0, 0.359191992, -0.135675317, -0.185579272, 0.0499818924, 0.500508245, -0.864192649, -0.75793457, 0.582519531, 0.293457031, 0.650334288, 0.640403115, 0.408653333, 0, 0, -0, 0, 0, 0, 0, 0.420397656, -0.106569922, -0.1477646, 0.274759426, 0.270479688, -0.922566305, 0.229370117, -0.950317383, -0.210327148, -0.933669952, -0.153721621, -0.32318044, 0, 1, 5, 1, 
340.640359, 43, 0.1, 0.1, 0.0117775545, 0.366573893, -0.0199651137, 0.99152725, 2.66128909e-005, 0.129898854, 0.129898854, -1.50586979e-005, -0.99152725, -2.44312989e-005, 1, -1.83880933e-005, 0.99152727, 1.2361493e-005, 0.129898699, 0.129898699, 1.70279973e-005, -0.99152727, -1.44686721e-005, 1, 1.52779818e-005, 0, 0, 0, 0, 0, 0, 0, 0.359191992, -0.135675317, -0.185579272, 0.0499818924, 0.500508245, -0.864192649, -0.75793457, 0.582519531, 0.293457031, 0.650334288, 0.640403115, 0.408653333, 0, 0, -0, 0, 0, 0, 0, 0.420397656, -0.106569922, -0.1477646, 0.274759426, 0.270479688, -0.922566305, 0.229370117, -0.950317383, -0.210327148, -0.933669952, -0.153721621, -0.32318044, 0, 1, 5, 1, 
340.64119, 43, 0.1, 0.1, 0.0117775549, 0.366573905, -0.0199667628, 0.991527205, -3.32343637e-005, 0.129899198, 0.129899198, 4.44600765e-006, -0.991527205, 3.23752429e-005, 0.999999999, 8.72545471e-006, 0.991527205, -3.00857329e-005, 0.129899198, 0.129899197, -2.50485298e-005, -0.991527205, 3.30846066e-005, 0.999999999, -2.09281862e-005, 0, 0, 0, 0, 0, 0, 0, 0.359789063, -0.137224951, -0.184267407, 0.0443893639, 0.500491392, -0.864618752, -0.761108398, 0.577514648, 0.295166016, 0.647017932, 0.644978686, 0.40674335, 0, 0, -0, 0, 0, 0, 0, 0.420796045, -0.109495752, -0.145763477, 0.274018256, 0.270473125, -0.922872908, 0.230224609, -0.950073242, -0.210205078, -0.933625109, -0.154826995, -0.322598952, 0, 1, 5, 1, 
340.641982, 43, 0.1, 0.1, 0.0117775534, 0.366573906, -0.0199677257, 0.991527258, 5.4851124e-006, 0.129898797, 0.129898797, -2.56646161e-005, -0.991527257, -2.1048357e-006, 1, -2.61596759e-005, 0.991527242, 1.38296675e-005, 0.129898914, 0.129898914, 5.01257308e-006, -0.991527242, -1.43636199e-005, 1, 3.17364397e-006, 0, 0, 0, 0, 0, 0, 0, 0.359789063, -0.137224951, -0.184267407, 0.0443893639, 0.500491392, -0.864618752, -0.761108398, 0.577514648, 0.295166016, 0.647017932, 0.644978686, 0.40674335, 0, 0, -0, 0, 0, 0, 0, 0.420796045, -0.109495752, -0.145763477, 0.274018256, 0.270473125, -0.922872908, 0.230224609, -0.950073242, -0.210205078, -0.933625109, -0.154826995, -0.322598952, 0, 1, 5, 1, 
340.642774, 43, 0.1, 0.1, 0.0117775558, 0.366573917, -0.0199678762, 0.991527367, 2.86536435e-006, 0.12989796, 0.12989796, 1.47188574e-005, -0.991527367, -4.75303672e-006, 1, 1.4221945e-005, 0.991527344, -1.62154355e-005, 0.129898135, 0.129898135, -1.89643326e-005, -0.991527344, 1.85414792e-005, 1, -1.66972995e-005, 0, 0, 0, 0, 0, 0, 0, 0.359789063, -0.137224951, -0.184267407, 0.0443893639, 0.500491392, -0.864618752, -0.761108398, 0.577514648, 0.295166016, 0.647017932, 0.644978686, 0.40674335, 0, 0, -0, 0, 0, 0, 0, 0.420796045, -0.109495752, -0.145763477, 0.274018256, 0.270473125, -0.922872908, 0.230224609, -0.950073242, -0.210205078, -0.933625109, -0.154826995, -0.322598952, 0, 1, 5, 1, 
340.643565, 43, 0.1, 0.1, 0.0117775554, 0.366573917, -0.0199672215, 0.991527458, -2.37356148e-005, 0.129897267, 0.129897266, -2.01818617e-005, -0.991527458, 2.61560825e-005, 1, -1.69276785e-005, 0.991527446, -1.8610096e-005, 0.129897358, 0.129897358, 9.93103741e-006, -0.991527446, 1.71624055e-005, 1, 1.22642985e-005, 0, 0, 0, 0, 0, 0, 0, 0.359789063, -0.137224951, -0.184267407, 0.0443893639, 0.500491392, -0.864618752, -0.761108398, 0.577514648, 0.295166016, 0.647017932, 0.644978686, 0.40674335, 0, 0, -0, 0, 0, 0, 0, 0.420796045, -0.109495752, -0.145763477, 0.274018256, 0.270473125, -0.922872908, 0.230224609, -0.950073242, -0.210205078, -0.933625109, -0.154826995, -0.322598952, 0, 1, 5, 1, 
340.644356, 43, 0.1, 0.1, 0.0117775519, 0.366573925, -0.0199660429, 0.991527469, 2.51824966e-005, 0.129897185, 0.129897184, 2.89207849e-005, -0.991527468, -2.87258656e-005, 0.999999999, 2.54046172e-005, 0.991527474, 3.00749188e-005, 0.129897139, 0.129897139, -2.57852251e-006, -0.991527475, -2.94851656e-005, 1, -6.46332181e-006, 0, 0, 0, 0, 0, 0, 0, 0.359789063, -0.137224951, -0.184267407, 0.0443893639, 0.500491392, -0.864618752, -0.761108398, 0.577514648, 0.295166016, 0.647017932, 0.644978686, 0.40674335, 0, 0, -0, 0, 0, 0, 0, 0.420796045, -0.109495752, -0.145763477, 0.274018256, 0.270473125, -0.922872908, 0.230224609, -0.950073242, -0.210205078, -0.933625109, -0.154826995, -0.322598952, 0, 1, 5, 1, 
340.645148, 43, 0.1, 0.1, 0.0117775533, 0.366573923, -0.0199647751, 0.991527386, -3.40376296e-006, 0.129897818, 0.129897817, -1.40605138e-005, -0.991527386, 5.20135425e-006, 1, -1.34992432e-005, 0.991527407, -2.16581939e-005, 0.129897653, 0.129897654, 1.63757093e-005, -0.991527407, 1.93475266e-005, 1, 1.90503131e-005, 0, 0, 0, 0, 0, 0, 0, 0.359789063, -0.137224951, -0.184267407, 0.0443893639, 0.500491392, -0.864618752, -0.761108398, 0.577514648, 0.295166016, 0.647017932, 0.644978686, 0.40674335, 0, 0, -0, 0, 0, 0, 0, 0.420796045, -0.109495752, -0.145763477, 0.274018256, 0.270473125, -0.922872908, 0.230224609, -0.950073242, -0.210205078, -0.933625109, -0.154826995, -0.322598952, 0, 1, 5, 1, 
340.645984, 43, 0.1, 0.1, 0.0117775473, 0.36657393, -0.0199634519, 0.991527235, -1.5604555e-005, 0.129898969, 0.129898969, 2.95804508e-005, -0.991527235, 1.16298712e-005, 0.999999999, 3.13568382e-005, 0.991527267, 1.84018412e-005, 0.129898726, 0.129898726, -2.46753476e-006, -0.991527267, -1.79253976e-005, 1, -4.83700371e-006, 0, 0, 0, 0, 0, 0, 0, 0.359460327, -0.138422192, -0.183984351, 0.0379921772, 0.503189181, -0.863362903, -0.761962891, 0.573486328, 0.30078125, 0.646424451, 0.646405277, 0.405308523, 0, 0, -0, 0, 0, 0, 0, 0.420796045, -0.109495752, -0.145763477, 0.268305818, 0.271910621, -0.924028588, 0.23034668, -0.949584961, -0.212524414, -0.935330195, -0.15565785, -0.317442482, 0, 1, 5, 1, 
340.646776, 43, 0.1, 0.1, 0.0117775483, 0.366573928, -0.0199626251, 0.991527113, 2.51365822e-005, 0.129899898, 0.129899899, -1.59064791e-005, -0.991527113, -2.28573527e-005, 1, -1.90369448e-005, 0.99152713, 9.77486058e-006, 0.129899767, 0.129899767, 1.91799665e-005, -0.99152713, -1.21835126e-005, 1, 1.7747705e-005, 0, 0, 0, 0, 0, 0, 0, 0.359460327, -0.138422192, -0.183984351, 0.0379921772, 0.503189181, -0.863362903, -0.761962891, 0.573486328, 0.30078125, 0.646424451, 0.646405277, 0.405308523, 0, 0, -0, 0, 0, 0, 0, 0.420382227, -0.112320264, -0.145731494, 0.268305818, 0.271910621, -0.924028588, 0.23034668, -0.949584961, -0.212524414, -0.935330195, -0.15565785, -0.317442482, 0, 1, 5, 1, 
340.647566, 43, 0.1, 0.1, 0.0117775497, 0.366573939, -0.0199628252, 0.991527086, -3.74969852e-005, 0.1299001, 0.129900101, 7.30723559e-006, -0.991527087, 3.62300659e-005, 0.999999999, 1.21161842e-005, 0.991527083, -3.4373434e-005, 0.129900128, 0.129900127, -2.50578358e-005, -0.991527083, 3.73372068e-005, 0.999999999, -2.03804094e-005, 0, 0, 0, 0, 0, 0, 0, 0.359460327, -0.138422192, -0.183984351, 0.0379921772, 0.503189181, -0.863362903, -0.761962891, 0.573486328, 0.30078125, 0.646424451, 0.646405277, 0.405308523, 0, 0, -0, 0, 0, 0, 0, 0.420382227, -0.112320264, -0.145731494, 0.268305818, 0.271910621, -0.924028588, 0.23034668, -0.949584961, -0.212524414, -0.935330195, -0.15565785, -0.317442482, 0, 1, 5, 1, 
340.648371, 43, 0.1, 0.1, 0.0117775479, 0.36657394, -0.0199638225, 0.991527164, 7.97655788e-006, 0.12989951, 0.129899511, -3.16542745e-005, -0.991527164, -3.79709905e-006, 0.999999999, -3.2422224e-005, 0.991527143, 1.70043702e-005, 0.129899668, 0.129899668, 3.35789106e-006, -0.991527143, -1.72964835e-005, 1, 1.12057809e-006, 0, 0, 0, 0, 0, 0, 0, 0.359560864, -0.140300513, -0.184148999, 0.0311138426, 0.505759289, -0.862056879, -0.760620117, 0.571411133, 0.307861328, 0.648255424, 0.646245396, 0.402629831, 0, 0, -0, 0, 0, 0, 0, 0.420382227, -0.112320264, -0.145731494, 0.268305818, 0.271910621, -0.924028588, 0.23034668, -0.949584961, -0.212524414, -0.935330195, -0.15565785, -0.317442482, 0, 1, 5, 1, 
340.649178, 43, 0.1, 0.1, 0.0117775509, 0.366573953, -0.0199649885, 0.991527309, 1.90757252e-006, 0.129898405, 0.129898405, 8.28704042e-006, -0.991527309, -2.96788358e-006, 1, 7.96903626e-006, 0.991527279, -1.83257288e-005, 0.12989863, 0.12989863, -2.91407475e-005, -0.991527279, 2.19558032e-005, 0.999999999, -2.65133591e-005, 0, 0, 0, 0, 0, 0, 0, 0.359560864, -0.140300513, -0.184148999, 0.0311138426, 0.505759289, -0.862056879, -0.760620117, 0.571411133, 0.307861328, 0.648255424, 0.646245396, 0.402629831, 0, 0, -0, 0, 0, 0, 0, 0.421094873, -0.114227881, -0.145476514, 0.262516821, 0.274453125, -0.924999068, 0.232910156, -0.948242188, -0.215209961, -0.936306871, -0.158827418, -0.312880261, 0, 1, 5, 1, 
340.64997, 43, 0.1, 0.1, 0.011777551, 0.366573953, -0.0199662056, 0.991527426, -2.75097342e-005, 0.129897512, 0.129897512, -2.01061505e-005, -0.991527426, 2.98883949e-005, 0.999999999, -1.63623536e-005, 0.991527409, -2.15963603e-005, 0.129897638, 0.129897638, 9.88768165e-006, -0.991527409, 2.01289967e-005, 1, 1.26092236e-005, 0, 0, 0, 0, 0, 0, 0, 0.359560864, -0.140300513, -0.184148999, 0.0311138426, 0.505759289, -0.862056879, -0.760620117, 0.571411133, 0.307861328, 0.648255424, 0.646245396, 0.402629831, 0, 0, -0, 0, 0, 0, 0, 0.421094873, -0.114227881, -0.145476514, 0.262516821, 0.274453125, -0.924999068, 0.232910156, -0.948242188, -0.215209961, -0.936306871, -0.158827418, -0.312880261, 0, 1, 5, 1, 
340.65077, 43, 0.1, 0.1, 0.0117775485, 0.36657396, -0.0199669904, 0.991527459, 2.09174022e-005, 0.12989726, 0.129897259, 2.94644744e-005, -0.991527459, -2.45675331e-005, 0.999999999, 2.64977222e-005, 0.991527461, 2.54342457e-005, 0.129897245, 0.129897245, -1.62720832e-006, -0.991527461, -2.50073832e-005, 1, -4.9172602e-006, 0, 0, 0, 0, 0, 0, 0, 0.359560864, -0.140300513, -0.184148999, 0.0311138426, 0.505759289, -0.862056879, -0.760620117, 0.571411133, 0.307861328, 0.648255424, 0.646245396, 0.402629831, 0, 0, -0, 0, 0, 0, 0, 0.421094873, -0.114227881, -0.145476514, 0.262516821, 0.274453125, -0.924999068, 0.232910156, -0.948242188, -0.215209961, -0.936306871, -0.158827418, -0.312880261, 0, 1, 5, 1, 
340.651559, 43, 0.1, 0.1, 0.0117775499, 0.366573958, -0.0199672444, 0.9915274, -3.31965869e-006, 0.129897712, 0.129897712, -9.54040676e-006, -0.9915274, 4.53080957e-006, 1, -9.02835864e-006, 0.991527416, -2.02414693e-005, 0.129897586, 0.129897586, 1.91789952e-005, -0.991527416, 1.75786666e-005, 1, 2.16458176e-005, 0, 0, 0, 0, 0, 0, 0, 0.359560864, -0.140300513, -0.184148999, 0.0311138426, 0.505759289, -0.862056879, -0.760620117, 0.571411133, 0.307861328, 0.648255424, 0.646245396, 0.402629831, 0, 0, -0, 0, 0, 0, 0, 0.421094873, -0.114227881, -0.145476514, 0.262516821, 0.274453125, -0.924999068, 0.232910156, -0.948242188, -0.215209961, -0.936306871, -0.158827418, -0.312880261, 0, 1, 5, 1, 
340.652352, 43, 0.1, 0.1, 0.0117775443, 0.366573964, -0.0199668887, 0.991527284, -9.75607302e-006, 0.129898597, 0.129898597, 2.21457137e-005, -0.991527283, 6.79671542e-006, 1, 2.32253796e-005, 0.991527307, 1.84207222e-005, 0.129898417, 0.129898417, -3.91694238e-006, -0.991527307, -1.77558445e-005, 1, -6.27657799e-006, 0, 0, 0, 0, 0, 0, 0, 0.359560864, -0.140300513, -0.184148999, 0.0311138426, 0.505759289, -0.862056879, -0.760620117, 0.571411133, 0.307861328, 0.648255424, 0.646245396, 0.402629831, 0, 0, -0, 0, 0, 0, 0, 0.421094873, -0.114227881, -0.145476514, 0.262516821, 0.274453125, -0.924999068, 0.232910156, -0.948242188, -0.215209961, -0.936306871, -0.158827418, -0.312880261, 0, 1, 5, 1, 
340.653143, 43, 0.1, 0.1, 0.0117775442, 0.366573963, -0.0199661021, 0.991527186, 2.67116985e-005, 0.129899343, 0.129899344, -1.92028748e-005, -0.991527186, -2.39909344e-005, 0.999999999, -2.25100045e-005, 0.991527199, 1.33070502e-005, 0.129899242, 0.129899241, 1.21662511e-005, -0.991527199, -1.4774689e-005, 1, 1.03345931e-005, 0, 0, 0, 0, 0, 0, 0, 0.359560864, -0.140300513, -0.184148999, 0.0311138426, 0.505759289, -0.862056879, -0.760620117, 0.571411133, 0.307861328, 0.648255424, 0.646245396, 0.402629831, 0, 0, -0, 0, 0, 0, 0, 0.421094873, -0.114227881, -0.145476514, 0.262516821, 0.274453125, -0.924999068, 0.232910156, -0.948242188, -0.215209961, -0.936306871, -0.158827418, -0.312880261, 0, 1, 5, 1, 
340.653965, 43, 0.1, 0.1, 0.0117775451, 0.366573974, -0.0199647395, 0.991527174, -3.54410687e-005, 0.129899434, 0.129899434, 6.37511071e-006, -0.991527174, 3.43126594e-005, 0.999999999, 1.09248703e-005, 0.991527167, -3.24030385e-005, 0.129899482, 0.129899481, -2.54023387e-005, -0.991527168, 3.54282437e-005, 0.999999999, -2.0977971e-005, 0, 0, 0, 0, 0, 0, 0, 0.36033418, -0.140958374, -0.184249561, 0.0244815124, 0.510284685, -0.859670618, -0.762084961, 0.565917969, 0.314331055, 0.646957635, 0.647506115, 0.402869844, 0, 0, -0, 0, 0, 0, 0, 0.422256201, -0.114028662, -0.145195654, 0.256344662, 0.279934054, -0.9250625, 0.240966797, -0.9453125, -0.219360352, -0.93597365, -0.166597853, -0.309941103, 0, 1, 5, 1, 
340.654754, 43, 0.1, 0.1, 0.0117775435, 0.366573975, -0.019963767, 0.99152726, 6.43649747e-006, 0.12989878, 0.12989878, -2.96434246e-005, -0.991527259, -2.53131801e-006, 1, -3.02283568e-005, 0.991527238, 1.60536497e-005, 0.129898949, 0.129898949, 5.04754884e-006, -0.991527238, -1.65733023e-005, 1, 2.91942992e-006, 0, 0, 0, 0, 0, 0, 0, 0.36033418, -0.140958374, -0.184249561, 0.0244815124, 0.510284685, -0.859670618, -0.762084961, 0.565917969, 0.314331055, 0.646957635, 0.647506115, 0.402869844, 0, 0, -0, 0, 0, 0, 0, 0.422256201, -0.114028662, -0.145195654, 0.256344662, 0.279934054, -0.9250625, 0.240966797, -0.9453125, -0.219360352, -0.93597365, -0.166597853, -0.309941103, 0, 1, 5, 1, 
340.655546, 43, 0.1, 0.1, 0.0117775465, 0.366573986, -0.0199634376, 0.991527407, 3.12014611e-006, 0.129897655, 0.129897655, 1.68830753e-005, -0.991527407, -5.28678227e-006, 1, 1.63347322e-005, 0.991527377, -1.85338901e-005, 0.129897887, 0.129897887, -2.15233477e-005, -0.991527377, 2.11726968e-005, 1, -1.89334753e-005, 0, 0, 0, 0, 0, 0, 0, 0.36033418, -0.140958374, -0.184249561, 0.0244815124, 0.510284685, -0.859670618, -0.762084961, 0.565917969, 0.314331055, 0.646957635, 0.647506115, 0.402869844, 0, 0, -0, 0, 0, 0, 0, 0.422256201, -0.114028662, -0.145195654, 0.256344662, 0.279934054, -0.9250625, 0.240966797, -0.9453125, -0.219360352, -0.93597365, -0.166597853, -0.309941103, 0, 1, 5, 1, 
340.656347, 43, 0.1, 0.1, 0.0117775462, 0.366573984, -0.0199637149, 0.991527531, -2.60328385e-005, 0.129896707, 0.129896706, -2.00902065e-005, -0.991527531, 2.84219278e-005, 0.999999999, -1.65384129e-005, 0.991527514, -2.01779372e-005, 0.12989684, 0.12989684, 1.36229344e-005, -0.991527514, 1.82374038e-005, 1, 1.61285645e-005, 0, 0, 0, 0, 0, 0, 0, 0.36033418, -0.140958374, -0.184249561, 0.0244815124, 0.510284685, -0.859670618, -0.762084961, 0.565917969, 0.314331055, 0.646957635, 0.647506115, 0.402869844, 0, 0, -0, 0, 0, 0, 0, 0.422256201, -0.114028662, -0.145195654, 0.256344662, 0.279934054, -0.9250625, 0.240966797, -0.9453125, -0.219360352, -0.93597365, -0.166597853, -0.309941103, 0, 1, 5, 1, 
340.657138, 43, 0.1, 0.1, 0.0117775426, 0.366573991, -0.0199645329, 0.991527563, 2.72808883e-005, 0.129896464, 0.129896463, 2.88928328e-005, -0.991527563, -3.08028295e-005, 0.999999999, 2.51043492e-005, 0.991527565, 3.19247654e-005, 0.129896445, 0.129896445, -3.95293086e-006, -0.991527566, -3.11408132e-005, 0.999999999, -8.06635343e-006, 0, 0, 0, 0, 0, 0, 0, 0.36033418, -0.140958374, -0.184249561, 0.0244815124, 0.510284685, -0.859670618, -0.762084961, 0.565917969, 0.314331055, 0.646957635, 0.647506115, 0.402869844, 0, 0, -0, 0, 0, 0, 0, 0.422256201, -0.114028662, -0.145195654, 0.256344662, 0.279934054, -0.9250625, 0.240966797, -0.9453125, -0.219360352, -0.93597365, -0.166597853, -0.309941103, 0, 1, 5, 1, 
340.657929, 43, 0.1, 0.1, 0.0117775438, 0.366573988, -0.0199656018, 0.991527495, -3.33721888e-006, 0.129896983, 0.129896983, -1.13639751e-005, -0.991527495, 4.78509034e-006, 1, -1.08341991e-005, 0.991527514, -2.0422929e-005, 0.129896839, 0.129896839, 1.89482042e-005, -0.991527514, 1.77885842e-005, 1, 2.14405398e-005, 0, 0, 0, 0, 0, 0, 0, 0.36033418, -0.140958374, -0.184249561, 0.0244815124, 0.510284685, -0.859670618, -0.762084961, 0.565917969, 0.314331055, 0.646957635, 0.647506115, 0.402869844, 0, 0, -0, 0, 0, 0, 0, 0.422256201, -0.114028662, -0.145195654, 0.256344662, 0.279934054, -0.9250625, 0.240966797, -0.9453125, -0.219360352, -0.93597365, -0.166597853, -0.309941103, 0, 1, 5, 1, 
340.658752, 43, 0.1, 0.1, 0.0117775374, 0.366573996, -0.0199661862, 0.991527362, -8.64630563e-006, 0.129898002, 0.129898002, 1.89959416e-005, -0.991527362, 6.10551375e-006, 1, 1.99581337e-005, 0.991527387, 2.05742539e-005, 0.129897805, 0.129897805, -7.5751833e-006, -0.991527388, -1.94159365e-005, 1, -1.01835521e-005, 0, 0, 0, 0, 0, 0, 0, 0.360643921, -0.141546899, -0.184519165, 0.0174373052, 0.516268873, -0.856243434, -0.762207031, 0.561035156, 0.322753906, 0.646961001, 0.64705268, 0.403439359, 0, 0, -0, 0, 0, 0, 0, 0.422748389, -0.113316553, -0.145996582, 0.247067102, 0.286386195, -0.92556633, 0.248535156, -0.942016602, -0.225219727, -0.93645779, -0.17426621, -0.303979665, 0, 1, 5, 1, 
340.659544, 43, 0.1, 0.1, 0.0117775377, 0.366573995, -0.0199664163, 0.991527252, 2.37330246e-005, 0.129898836, 0.129898837, -1.93074903e-005, -0.991527252, -2.10239201e-005, 1, -2.22267951e-005, 0.991527268, 1.09270498e-005, 0.129898717, 0.129898717, 1.13688586e-005, -0.991527268, -1.2311268e-005, 1, 9.85312358e-006, 0, 0, 0, 0, 0, 0, 0, 0.360643921, -0.141546899, -0.184519165, 0.0174373052, 0.516268873, -0.856243434, -0.762207031, 0.561035156, 0.322753906, 0.646961001, 0.64705268, 0.403439359, 0, 0, -0, 0, 0, 0, 0, 0.422748389, -0.113316553, -0.145996582, 0.247067102, 0.286386195, -0.92556633, 0.248535156, -0.942016602, -0.225219727, -0.93645779, -0.17426621, -0.303979665, 0, 1, 5, 1, 
340.660333, 43, 0.1, 0.1, 0.0117775389, 0.366574004, -0.0199663241, 0.991527226, -3.44187179e-005, 0.129899036, 0.129899037, 9.06575178e-006, -0.991527226, 3.29494635e-005, 0.999999999, 1.3459898e-005, 0.991527223, -3.13152089e-005, 0.129899059, 0.129899058, -2.16259629e-005, -0.991527223, 3.38590744e-005, 0.999999999, -1.73749148e-005, 0, 0, 0, 0, 0, 0, 0, 0.360643921, -0.141546899, -0.184519165, 0.0174373052, 0.516268873, -0.856243434, -0.762207031, 0.561035156, 0.322753906, 0.646961001, 0.64705268, 0.403439359, 0, 0, -0, 0, 0, 0, 0, 0.422748389, -0.113316553, -0.145996582, 0.247067102, 0.286386195, -0.92556633, 0.248535156, -0.942016602, -0.225219727, -0.93645779, -0.17426621, -0.303979665, 0, 1, 5, 1, 
340.661168, 43, 0.1, 0.1, 0.0117775368, 0.366574003, -0.0199654246, 0.991527302, 8.99153052e-006, 0.12989846, 0.12989846, -2.19175967e-005, -0.991527301, -6.06828593e-006, 1, -2.28998815e-005, 0.991527282, 1.86069277e-005, 0.12989861, 0.12989861, 1.15068543e-005, -0.991527282, -1.99440009e-005, 1, 8.99234596e-006, 0, 0, 0, 0, 0, 0, 0, 0.361003955, -0.141962476, -0.184140771, 0.0114460042, 0.521200154, -0.853260327, -0.763305664, 0.555664062, 0.329223633, 0.645808867, 0.647754745, 0.404326392, 0, 0, -0, 0, 0, 0, 0, 0.423109863, -0.114074756, -0.146612354, 0.2394826, 0.289414305, -0.926702687, 0.250610352, -0.940551758, -0.229003906, -0.937868666, -0.177384739, -0.297839223, 0, 1, 5, 1, 
340.661964, 43, 0.1, 0.1, 0.0117775393, 0.366574012, -0.01996452, 0.991527436, 4.82739464e-006, 0.129897438, 0.129897438, 2.16703929e-005, -0.991527435, -7.60142274e-006, 1, 2.08597229e-005, 0.991527408, -1.60363452e-005, 0.12989765, 0.12989765, -1.51920583e-005, -0.991527408, 1.78738884e-005, 1, -1.29802587e-005, 0, 0, 0, 0, 0, 0, 0, 0.361003955, -0.141962476, -0.184140771, 0.0114460042, 0.521200154, -0.853260327, -0.763305664, 0.555664062, 0.329223633, 0.645808867, 0.647754745, 0.404326392, 0, 0, -0, 0, 0, 0, 0, 0.423109863, -0.114074756, -0.146612354, 0.2394826, 0.289414305, -0.926702687, 0.250610352, -0.940551758, -0.229003906, -0.937868666, -0.177384739, -0.297839223, 0, 1, 5, 1, 
340.662755, 43, 0.1, 0.1, 0.011777539, 0.36657401, -0.0199640033, 0.991527546, -2.550742e-005, 0.129896591, 0.12989659, -2.04414283e-005, -0.991527546, 2.79465814e-005, 0.999999999, -1.69549124e-005, 0.991527531, -1.95638501e-005, 0.129896707, 0.129896708, 1.37381924e-005, -0.991527531, 1.761355e-005, 1, 1.61630757e-005, 0, 0, 0, 0, 0, 0, 0, 0.361003955, -0.141962476, -0.184140771, 0.0114460042, 0.521200154, -0.853260327, -0.763305664, 0.555664062, 0.329223633, 0.645808867, 0.647754745, 0.404326392, 0, 0, -0, 0, 0, 0, 0, 0.423109863, -0.114074756, -0.146612354, 0.2394826, 0.289414305, -0.926702687, 0.250610352, -0.940551758, -0.229003906, -0.937868666, -0.177384739, -0.297839223, 0, 1, 5, 1, 
340.663546, 43, 0.1, 0.1, 0.0117775355, 0.366574017, -0.0199640148, 0.991527568, 2.68230358e-005, 0.129896427, 0.129896426, 2.6820025e-005, -0.991527568, -3.00796049e-005, 0.999999999, 2.31085777e-005, 0.991527572, 3.18563267e-005, 0.129896393, 0.129896393, -5.83105708e-006, -0.991527572, -3.0828993e-005, 0.999999999, -9.91967582e-006, 0, 0, 0, 0, 0, 0, 0, 0.361003955, -0.141962476, -0.184140771, 0.0114460042, 0.521200154, -0.853260327, -0.763305664, 0.555664062, 0.329223633, 0.645808867, 0.647754745, 0.404326392, 0, 0, -0, 0, 0, 0, 0, 0.423109863, -0.114074756, -0.146612354, 0.2394826, 0.289414305, -0.926702687, 0.250610352, -0.940551758, -0.229003906, -0.937868666, -0.177384739, -0.297839223, 0, 1, 5, 1, 
340.664339, 43, 0.1, 0.1, 0.0117775371, 0.366574015, -0.0199645055, 0.99152749, -4.34825902e-006, 0.129897023, 0.129897023, -1.65859282e-005, -0.99152749, 6.46588105e-006, 1, -1.58805779e-005, 0.991527511, -2.2478836e-005, 0.129896863, 0.129896864, 1.43856326e-005, -0.991527511, 2.04197358e-005, 1, 1.71836808e-005, 0, 0, 0, 0, 0, 0, 0, 0.361003955, -0.141962476, -0.184140771, 0.0114460042, 0.521200154, -0.853260327, -0.763305664, 0.555664062, 0.329223633, 0.645808867, 0.647754745, 0.404326392, 0, 0, -0, 0, 0, 0, 0, 0.423109863, -0.114074756, -0.146612354, 0.2394826, 0.289414305, -0.926702687, 0.250610352, -0.940551758, -0.229003906, -0.937868666, -0.177384739, -0.297839223, 0, 1, 5, 1, 
340.665131, 43, 0.1, 0.1, 0.0117775314, 0.366574022, -0.0199652635, 0.991527351, -9.19029815e-006, 0.129898081, 0.129898081, 2.05797433e-005, -0.991527351, 6.43916282e-006, 1, 2.15991805e-005, 0.99152738, 1.96602317e-005, 0.129897864, 0.129897864, -8.18272033e-006, -0.99152738, -1.84307401e-005, 1, -1.06672134e-005, 0, 0, 0, 0, 0, 0, 0, 0.361003955, -0.141962476, -0.184140771, 0.0114460042, 0.521200154, -0.853260327, -0.763305664, 0.555664062, 0.329223633, 0.645808867, 0.647754745, 0.404326392, 0, 0, -0, 0, 0, 0, 0, 0.423109863, -0.114074756, -0.146612354, 0.2394826, 0.289414305, -0.926702687, 0.250610352, -0.940551758, -0.229003906, -0.937868666, -0.177384739, -0.297839223, 0, 1, 5, 1, 
340.665952, 43, 0.1, 0.1, 0.0117775316, 0.366574019, -0.019965677, 0.991527231, 2.78389818e-005, 0.129899, 0.129899001, -1.16660057e-005, -0.991527231, -2.6087706e-005, 1, -1.51834183e-005, 0.991527247, 1.36591633e-005, 0.129898877, 0.129898877, 1.89725027e-005, -0.991527247, -1.60079394e-005, 1, 1.70374434e-005, 0, 0, 0, 0, 0, 0, 0, 0.361479834, -0.142834546, -0.183541943, 0.00767621344, 0.526022851, -0.850384683, -0.763671875, 0.552001953, 0.334594727, 0.645417207, 0.646990905, 0.40609559, 0, 0, -0, 0, 0, 0, 0, 0.422805029, -0.114130273, -0.147431592, 0.231872579, 0.293113223, -0.92743656, 0.253662109, -0.938720703, -0.233154297, -0.93903674, -0.181046476, -0.292024706, 0, 1, 5, 1, 
340.666741, 43, 0.1, 0.1, 0.0117775318, 0.366574027, -0.0199659825, 0.991527202, -2.90200186e-005, 0.129899217, 0.129899218, 1.4014555e-005, -0.991527202, 2.69536581e-005, 0.999999999, 1.76654902e-005, 0.9915272, -2.60195274e-005, 0.129899236, 0.129899236, -1.65556763e-005, -0.9915272, 2.79496388e-005, 1, -1.30354866e-005, 0, 0, 0, 0, 0, 0, 0, 0.361479834, -0.142834546, -0.183541943, 0.00767621344, 0.526022851, -0.850384683, -0.763671875, 0.552001953, 0.334594727, 0.645417207, 0.646990905, 0.40609559, 0, 0, -0, 0, 0, 0, 0, 0.422805029, -0.114130273, -0.147431592, 0.231872579, 0.293113223, -0.92743656, 0.253662109, -0.938720703, -0.233154297, -0.93903674, -0.181046476, -0.292024706, 0, 1, 5, 1, 
340.667532, 43, 0.1, 0.1, 0.0117775293, 0.366574026, -0.0199661037, 0.991527268, 1.09009651e-005, 0.12989872, 0.12989872, -2.1347464e-005, -0.991527267, -8.03559591e-006, 1, -2.25826141e-005, 0.991527249, 1.9913256e-005, 0.129898858, 0.129898858, 1.17818641e-005, -0.99152725, -2.12749867e-005, 1, 9.09533007e-006, 0, 0, 0, 0, 0, 0, 0, 0.361479834, -0.142834546, -0.183541943, 0.00767621344, 0.526022851, -0.850384683, -0.763671875, 0.552001953, 0.334594727, 0.645417207, 0.646990905, 0.40609559, 0, 0, -0, 0, 0, 0, 0, 0.422805029, -0.114130273, -0.147431592, 0.231872579, 0.293113223, -0.92743656, 0.253662109, -0.938720703, -0.233154297, -0.93903674, -0.181046476, -0.292024706, 0, 1, 5, 1, 
340.668326, 43, 0.1, 0.1, 0.0117775313, 0.366574035, -0.0199659863, 0.991527393, 6.2783539e-006, 0.12989776, 0.12989776, 1.70906152e-005, -0.991527393, -8.44519251e-006, 1, 1.61302691e-005, 0.991527367, -1.31527736e-005, 0.129897958, 0.129897958, -1.8008755e-005, -0.991527367, 1.53806355e-005, 1, -1.6147655e-005, 0, 0, 0, 0, 0, 0, 0, 0.361479834, -0.142834546, -0.183541943, 0.00767621344, 0.526022851, -0.850384683, -0.763671875, 0.552001953, 0.334594727, 0.645417207, 0.646990905, 0.40609559, 0, 0, -0, 0, 0, 0, 0, 0.422805029, -0.114130273, -0.147431592, 0.231872579, 0.293113223, -0.92743656, 0.253662109, -0.938720703, -0.233154297, -0.93903674, -0.181046476, -0.292024706, 0, 1, 5, 1, 
340.66912, 43, 0.1, 0.1, 0.011777531, 0.366574033, -0.0199656912, 0.991527497, -2.5121311e-005, 0.129896971, 0.12989697, -2.18591065e-005, -0.991527497, 2.77479024e-005, 0.999999999, -1.8410723e-005, 0.991527483, -1.90729495e-005, 0.129897076, 0.129897076, 1.01412123e-005, -0.991527483, 1.75940398e-005, 1, 1.25328111e-005, 0, 0, 0, 0, 0, 0, 0, 0.361479834, -0.142834546, -0.183541943, 0.00767621344, 0.526022851, -0.850384683, -0.763671875, 0.552001953, 0.334594727, 0.645417207, 0.646990905, 0.40609559, 0, 0, -0, 0, 0, 0, 0, 0.422805029, -0.114130273, -0.147431592, 0.231872579, 0.293113223, -0.92743656, 0.253662109, -0.938720703, -0.233154297, -0.93903674, -0.181046476, -0.292024706, 0, 1, 5, 1, 
340.669913, 43, 0.1, 0.1, 0.0117775281, 0.36657404, -0.019965336, 0.991527515, 2.32097703e-005, 0.129896829, 0.129896829, 2.59967448e-005, -0.991527515, -2.63900206e-005, 0.999999999, 2.27616122e-005, 0.99152752, 2.8476562e-005, 0.129896794, 0.129896794, -5.97400263e-006, -0.99152752, -2.74592911e-005, 1, -9.62240212e-006, 0, 0, 0, 0, 0, 0, 0, 0.361479834, -0.142834546, -0.183541943, 0.00767621344, 0.526022851, -0.850384683, -0.763671875, 0.552001953, 0.334594727, 0.645417207, 0.646990905, 0.40609559, 0, 0, -0, 0, 0, 0, 0, 0.422805029, -0.114130273, -0.147431592, 0.231872579, 0.293113223, -0.92743656, 0.253662109, -0.938720703, -0.233154297, -0.93903674, -0.181046476, -0.292024706, 0, 1, 5, 1, 
340.670736, 43, 0.1, 0.1, 0.011777531, 0.366574037, -0.0199646674, 0.991527432, -8.98665591e-006, 0.129897466, 0.129897466, -1.71516506e-005, -0.991527432, 1.11384718e-005, 1, -1.58389883e-005, 0.991527454, -2.80569807e-005, 0.129897297, 0.129897297, 1.47121916e-005, -0.991527454, 2.59081927e-005, 0.999999999, 1.82320678e-005, 0, 0, 0, 0, 0, 0, 0, 0.362019434, -0.144158472, -0.182935059, 0.00515028893, 0.530769164, -0.847394463, -0.764038086, 0.548828125, 0.339111328, 0.645075723, 0.645744795, 0.408588192, 0, 0, -0, 0, 0, 0, 0, 0.423091211, -0.114118896, -0.147576953, 0.226300865, 0.297412951, -0.92746791, 0.255981445, -0.936889648, -0.238037109, -0.939745093, -0.183417639, -0.288222977, 0, 1, 5, 1, 
340.671526, 43, 0.1, 0.1, 0.0117775265, 0.366574044, -0.0199642608, 0.99152729, -1.45932997e-005, 0.129898545, 0.129898546, 2.29502278e-005, -0.99152729, 1.14884537e-005, 1, 2.46514255e-005, 0.99152732, 1.48472527e-005, 0.129898323, 0.129898323, -6.76515808e-006, -0.99152732, -1.3842674e-005, 1, -8.63647228e-006, 0, 0, 0, 0, 0, 0, 0, 0.362019434, -0.144158472, -0.182935059, 0.00515028893, 0.530769164, -0.847394463, -0.764038086, 0.548828125, 0.339111328, 0.645075723, 0.645744795, 0.408588192, 0, 0, -0, 0, 0, 0, 0, 0.423091211, -0.114118896, -0.147576953, 0.226300865, 0.297412951, -0.92746791, 0.255981445, -0.936889648, -0.238037109, -0.939745093, -0.183417639, -0.288222977, 0, 1, 5, 1, 
340.67232, 43, 0.1, 0.1, 0.0117775272, 0.366574041, -0.019964247, 0.991527171, 2.73469238e-005, 0.129899454, 0.129899454, -1.32729745e-005, -0.991527171, -2.53910658e-005, 1, -1.67128653e-005, 0.991527188, 1.2145757e-005, 0.129899329, 0.129899329, 1.88066382e-005, -0.991527188, -1.4485818e-005, 1, 1.70695674e-005, 0, 0, 0, 0, 0, 0, 0, 0.362019434, -0.144158472, -0.182935059, 0.00515028893, 0.530769164, -0.847394463, -0.764038086, 0.548828125, 0.339111328, 0.645075723, 0.645744795, 0.408588192, 0, 0, -0, 0, 0, 0, 0, 0.423091211, -0.114118896, -0.147576953, 0.226300865, 0.297412951, -0.92746791, 0.255981445, -0.936889648, -0.238037109, -0.939745093, -0.183417639, -0.288222977, 0, 1, 5, 1, 
340.673139, 43, 0.1, 0.1, 0.0117775282, 0.366574049, -0.0199644491, 0.991527143, -3.35095251e-005, 0.129899665, 0.129899666, 1.48460502e-005, -0.991527144, 3.12971067e-005, 0.999999999, 1.90731379e-005, 0.99152714, -3.10219488e-005, 0.12989969, 0.12989969, -1.66843618e-005, -0.99152714, 3.29263976e-005, 0.999999999, -1.2513256e-005, 0, 0, 0, 0, 0, 0, 0, 0.362869067, -0.145783643, -0.181935889, 0.00433140436, 0.533967197, -0.845445166, -0.764404297, 0.54675293, 0.341552734, 0.644587462, 0.644867501, 0.410751292, 0, 0, -0, 0, 0, 0, 0, 0.422987061, -0.115062256, -0.147733789, 0.221776923, 0.299789944, -0.927780342, 0.254760742, -0.936157227, -0.241699219, -0.941079778, -0.182676836, -0.284082562, 0, 1, 5, 1, 
340.673929, 43, 0.1, 0.1, 0.0117775259, 0.366574047, -0.0199647833, 0.991527216, 1.1680212e-005, 0.129899112, 0.129899112, -2.18040724e-005, -0.991527216, -8.74891849e-006, 1, -2.31365804e-005, 0.991527196, 2.03241923e-005, 0.129899263, 0.129899263, 1.23566139e-005, -0.991527196, -2.17571045e-005, 1, 9.61182111e-006, 0, 0, 0, 0, 0, 0, 0, 0.362869067, -0.145783643, -0.181935889, 0.00433140436, 0.533967197, -0.845445166, -0.764404297, 0.54675293, 0.341552734, 0.644587462, 0.644867501, 0.410751292, 0, 0, -0, 0, 0, 0, 0, 0.422987061, -0.115062256, -0.147733789, 0.221776923, 0.299789944, -0.927780342, 0.254760742, -0.936157227, -0.241699219, -0.941079778, -0.182676836, -0.284082562, 0, 1, 5, 1, 
340.674721, 43, 0.1, 0.1, 0.0117775275, 0.366574056, -0.0199653618, 0.99152735, 9.26137668e-006, 0.12989809, 0.129898089, 1.68412109e-005, -0.99152735, -1.13705494e-005, 1, 1.54954861e-005, 0.991527322, -1.11448071e-005, 0.129898303, 0.129898302, -1.93180017e-005, -0.991527322, 1.35597564e-005, 1, -1.77066349e-005, 0, 0, 0, 0, 0, 0, 0, 0.362869067, -0.145783643, -0.181935889, 0.00433140436, 0.533967197, -0.845445166, -0.764404297, 0.54675293, 0.341552734, 0.644587462, 0.644867501, 0.410751292, 0, 0, -0, 0, 0, 0, 0, 0.422987061, -0.115062256, -0.147733789, 0.221776923, 0.299789944, -0.927780342, 0.254760742, -0.936157227, -0.241699219, -0.941079778, -0.182676836, -0.284082562, 0, 1, 5, 1, 
340.675506, 43, 0.1, 0.1, 0.0117775263, 0.366574055, -0.0199659747, 0.99152746, -2.0332398e-005, 0.129897251, 0.12989725, -2.07275476e-005, -0.99152746, 2.28525824e-005, 1, -1.791081e-005, 0.991527445, -1.44186269e-005, 0.129897367, 0.129897367, 1.06927984e-005, -0.991527445, 1.29074979e-005, 1, 1.24751448e-005, 0, 0, 0, 0, 0, 0, 0, 0.362869067, -0.145783643, -0.181935889, 0.00433140436, 0.533967197, -0.845445166, -0.764404297, 0.54675293, 0.341552734, 0.644587462, 0.644867501, 0.410751292, 0, 0, -0, 0, 0, 0, 0, 0.422987061, -0.115062256, -0.147733789, 0.221776923, 0.299789944, -0.927780342, 0.254760742, -0.936157227, -0.241699219, -0.941079778, -0.182676836, -0.284082562, 0, 1, 5, 1, 
340.676368, 43, 0.1, 0.1, 0.0117775217, 0.366574062, -0.0199657512, 0.991527484, 2.9795073e-005, 0.129897062, 0.129897061, 2.82115255e-005, -0.991527485, -3.32072281e-005, 0.999999999, 2.41022105e-005, 0.991527489, 3.56872577e-005, 0.129897028, 0.129897028, -3.76557222e-006, -0.991527489, -3.48957603e-005, 0.999999999, -8.36933708e-006, 0, 0, 0, 0, 0, 0, 0, 0.362869067, -0.145783643, -0.181935889, 0.00433140436, 0.533967197, -0.845445166, -0.764404297, 0.54675293, 0.341552734, 0.644587462, 0.644867501, 0.410751292, 0, 0, -0, 0, 0, 0, 0, 0.422987061, -0.115062256, -0.147733789, 0.221776923, 0.299789944, -0.927780342, 0.254760742, -0.936157227, -0.241699219, -0.941079778, -0.182676836, -0.284082562, 0, 1, 5, 1, 
340.677159, 43, 0.1, 0.1, 0.011777523, 0.366574059, -0.019965113, 0.991527408, -3.66632895e-006, 0.129897647, 0.129897647, -1.59629541e-005, -0.991527408, 5.70881583e-006, 1, -1.5351459e-005, 0.991527429, -2.08226159e-005, 0.12989749, 0.12989749, 1.45001251e-005, -0.991527429, 1.8762665e-005, 1, 1.70820773e-005, 0, 0, 0, 0, 0, 0, 0, 0.362869067, -0.145783643, -0.181935889, 0.00433140436, 0.533967197, -0.845445166, -0.764404297, 0.54675293, 0.341552734, 0.644587462, 0.644867501, 0.410751292, 0, 0, -0, 0, 0, 0, 0, 0.422987061, -0.115062256, -0.147733789, 0.221776923, 0.299789944, -0.927780342, 0.254760742, -0.936157227, -0.241699219, -0.941079778, -0.182676836, -0.284082562, 0, 1, 5, 1, 
340.67798, 43, 0.1, 0.1, 0.0117775182, 0.366574065, -0.0199644911, 0.991527267, -1.79499351e-005, 0.129898727, 0.129898727, 2.7117678e-005, -0.991527266, 1.42752983e-005, 0.999999999, 2.92195909e-005, 0.991527297, 1.49498466e-005, 0.129898493, 0.129898493, -4.92681684e-006, -0.991527297, -1.41831949e-005, 1, -6.82703593e-006, 0, 0, 0, 0, 0, 0, 0, 0.363387793, -0.146042383, -0.180921094, 0.00147485638, 0.53761642, -0.84317236, -0.76574707, 0.542724609, 0.344848633, 0.642938832, 0.645278256, 0.41261597, 0, 0, -0, 0, 0, 0, 0, 0.422987061, -0.115062256, -0.147733789, 0.217591666, 0.302984665, -0.927760653, 0.254638672, -0.935180664, -0.245727539, -0.94213338, -0.182709285, -0.28076644, 0, 1, 5, 1, 
340.678773, 43, 0.1, 0.1, 0.0117775201, 0.366574061, -0.0199639536, 0.991527151, 2.2127663e-005, 0.129899609, 0.12989961, -1.31398625e-005, -0.991527151, -2.02333156e-005, 1, -1.59029052e-005, 0.991527167, 7.22793993e-006, 0.129899487, 0.129899487, 1.99520479e-005, -0.991527167, -9.75845959e-006, 1, 1.88440918e-005, 0, 0, 0, 0, 0, 0, 0, 0.363387793, -0.146042383, -0.180921094, 0.00147485638, 0.53761642, -0.84317236, -0.76574707, 0.542724609, 0.344848633, 0.642938832, 0.645278256, 0.41261597, 0, 0, -0, 0, 0, 0, 0, 0.423134473, -0.116191016, -0.147662744, 0.217591666, 0.302984665, -0.927760653, 0.254638672, -0.935180664, -0.245727539, -0.94213338, -0.182709285, -0.28076644, 0, 1, 5, 1, 
340.67956, 43, 0.1, 0.1, 0.011777522, 0.366574069, -0.0199639954, 0.991527126, -3.70325584e-005, 0.129899796, 0.129899796, 1.1108608e-005, -0.991527127, 3.52757803e-005, 0.999999999, 1.5825008e-005, 0.991527123, -3.42620152e-005, 0.129899822, 0.129899822, -2.02425642e-005, -0.991527123, 3.66012229e-005, 0.999999999, -1.56204218e-005, 0, 0, 0, 0, 0, 0, 0, 0.363387793, -0.146042383, -0.180921094, 0.00147485638, 0.53761642, -0.84317236, -0.76574707, 0.542724609, 0.344848633, 0.642938832, 0.645278256, 0.41261597, 0, 0, -0, 0, 0, 0, 0, 0.423134473, -0.116191016, -0.147662744, 0.217591666, 0.302984665, -0.927760653, 0.254638672, -0.935180664, -0.245727539, -0.94213338, -0.182709285, -0.28076644, 0, 1, 5, 1, 
340.680353, 43, 0.1, 0.1, 0.0117775206, 0.366574068, -0.0199645609, 0.991527201, 7.76821204e-006, 0.129899229, 0.129899229, -2.63346931e-005, -0.991527201, -4.28153721e-006, 1, -2.71206493e-005, 0.991527181, 1.6541784e-005, 0.129899384, 0.129899384, 8.34622853e-006, -0.991527181, -1.74857984e-005, 1, 6.1267449e-006, 0, 0, 0, 0, 0, 0, 0, 0.363387793, -0.146042383, -0.180921094, 0.00147485638, 0.53761642, -0.84317236, -0.76574707, 0.542724609, 0.344848633, 0.642938832, 0.645278256, 0.41261597, 0, 0, -0, 0, 0, 0, 0, 0.423134473, -0.116191016, -0.147662744, 0.217591666, 0.302984665, -0.927760653, 0.254638672, -0.935180664, -0.245727539, -0.94213338, -0.182709285, -0.28076644, 0, 1, 5, 1, 
340.681146, 43, 0.1, 0.1, 0.0117775232, 0.366574078, -0.0199653633, 0.991527337, 4.99114322e-006, 0.12989819, 0.12989819, 1.32648857e-005, -0.991527337, -6.67193959e-006, 1, 1.25041563e-005, 0.991527309, -1.51600301e-005, 0.129898404, 0.129898403, -2.28834367e-005, -0.991527309, 1.80041058e-005, 1, -2.07202887e-005, 0, 0, 0, 0, 0, 0, 0, 0.363387793, -0.146042383, -0.180921094, 0.00147485638, 0.53761642, -0.84317236, -0.76574707, 0.542724609, 0.344848633, 0.642938832, 0.645278256, 0.41261597, 0, 0, -0, 0, 0, 0, 0, 0.423134473, -0.116191016, -0.147662744, 0.217591666, 0.302984665, -0.927760653, 0.254638672, -0.935180664, -0.245727539, -0.94213338, -0.182709285, -0.28076644, 0, 1, 5, 1, 
