time, trialNum, realDorsalTactorPos, realVentralTactorPos, box1PosX, box1PosY, box1PosZ, box1LocalRot_11, box1LocalRot_12, box1LocalRot_13, box1LocalRot_21, box1LocalRot_22, box1LocalRot_23, box1LocalRot_31, box1LocalRot_32, box1LocalRot_33, box1GlobalRot_11, box1GlobalRot_12, box1GlobalRot_13, box1GlobalRot_21, box1GlobalRot_22, box1GlobalRot_23, box1GlobalRot_31, box1GlobalRot_32, box1GlobalRot_33, indexForceX, indexForceY, indexForceZ, indexForceGlobalX, indexForceGlobalY, indexForceGlobalZ, indexContact, indexPosX, indexPosY, indexPosZ, indexRot_11, indexRot_12, indexRot_13, indexRot_21, indexRot_22, indexRot_23, indexRot_31, indexRot_32, indexRot_33, thumbForceX, thumbForceY, thumbForceZ, thumbForceGlobalX, thumbForceGlobalY, thumbForceGlobalZ, thumbContact, thumbPosX, thumbPosY, thumbPosZ, thumbRot_11, thumbRot_12, thumbRot_13, thumbRot_21, thumbRot_22, thumbRot_23, thumbRot_31, thumbRot_32, thumbRot_33, manipForceTooHigh, cceExpType, mapping, trialSuccess, 
383.943827, 49, 0.1, 0.1, 0.00851979463, 0.365793232, -0.0199668044, 0.963926583, -0.266168259, -1.58463016e-005, 0.266168258, 0.963926582, -4.68994106e-005, 2.77578058e-005, 4.09898061e-005, 0.999999999, 0.963926706, -0.266167814, -2.70243207e-005, 0.266167812, 0.963926705, -5.6886575e-005, 4.11908397e-005, 4.76414846e-005, 0.999999998, 0, 0, 0, 0, 0, 0, 0, 0.259648779, -0.108240186, -0.185640332, 0.0402869088, 0.614087552, -0.788167149, -0.945678711, 0.277832031, 0.168212891, 0.322250134, 0.73871393, 0.592134516, 0, 0, -0, 0, 0, 0, 0, 0.306580957, -0.0687912109, -0.146546973, 0.0467275131, 0.250155506, -0.96703303, 0.375244141, -0.901489258, -0.215087891, -0.925723967, -0.352737085, -0.136007226, 0, 1, 5, 1, 
383.982959, 49, 0.1, 0.1, 0.00851976123, 0.365793214, -0.0199666031, 0.963951689, -0.266077323, -8.56003143e-006, 0.266077323, 0.963951689, -1.66688875e-005, 1.26866697e-005, 1.3790372e-005, 1, 0.963951482, -0.26607807, 1.81487418e-005, 0.26607807, 0.963951482, -2.24590009e-005, -1.1518659e-005, 2.64783694e-005, 1, 0, 0, 0, 0, 0, 0, 0, 0.272212305, -0.113999976, -0.185904419, 0.0157229978, 0.667303856, -0.744565211, -0.953735352, 0.233398437, 0.188964844, 0.299815593, 0.707173604, 0.640350651, 0, 0, -0, 0, 0, 0, 0, 0.318898535, -0.0767319824, -0.1441229, 0.0506029036, 0.297686928, -0.953243589, 0.424072266, -0.870483398, -0.249389648, -0.904204901, -0.391560479, -0.170276026, 0, 1, 5, 1, 
383.983764, 49, 0.1, 0.1, 0.00851976231, 0.365793212, -0.0199681554, 0.963952752, -0.26607347, 2.68332961e-005, 0.26607347, 0.963952752, -8.10556467e-006, -2.37093539e-005, 1.49530096e-005, 1, 0.963952524, -0.266074298, 9.32145581e-006, 0.266074298, 0.963952524, 1.22911471e-005, -1.22557992e-005, -9.36788246e-006, 1, 0, 0, 0, 0, 0, 0, 0, 0.272212305, -0.113999976, -0.185904419, 0.0121119665, 0.671985768, -0.740400395, -0.953857422, 0.229614258, 0.192749023, 0.299645973, 0.703960223, 0.644016726, 0, 0, -0, 0, 0, 0, 0, 0.318898535, -0.0767319824, -0.1441229, 0.0506029036, 0.297686928, -0.953243589, 0.424072266, -0.870483398, -0.249389648, -0.904204901, -0.391560479, -0.170276026, 0, 1, 5, 1, 
383.984565, 49, 0.1, 0.1, 0.00851976251, 0.365793214, -0.019968374, 0.963953797, -0.266069685, -2.64392094e-005, 0.266069686, 0.963953797, 1.72081605e-005, 2.09076064e-005, -2.36225438e-005, 1, 0.963953592, -0.266070426, -2.49650082e-005, 0.266070427, 0.963953592, 5.56742713e-006, 2.25837816e-005, -1.20091918e-005, 1, 0, 0, 0, 0, 0, 0, 0, 0.272920215, -0.11444021, -0.186126904, 0.0121119665, 0.671985768, -0.740400395, -0.953857422, 0.229614258, 0.192749023, 0.299645973, 0.703960223, 0.644016726, 0, 0, -0, 0, 0, 0, 0, 0.319490625, -0.0776182129, -0.144061865, 0.0491654075, 0.301654535, -0.952048896, 0.426025391, -0.868530273, -0.253173828, -0.903374046, -0.39310735, -0.1711324, 0, 1, 5, 1, 
383.985359, 49, 0.1, 0.1, 0.00851975909, 0.365793214, -0.0199675687, 0.963954824, -0.266065963, 1.53755536e-005, 0.266065963, 0.963954824, -1.75437403e-005, -1.0153547e-005, 2.10022846e-005, 1, 0.963954622, -0.266066695, 2.8822344e-005, 0.266066695, 0.963954622, -1.51100112e-005, -2.3763161e-005, 2.22340309e-005, 0.999999999, 0, 0, 0, 0, 0, 0, 0, 0.272920215, -0.11444021, -0.186126904, 0.0121119665, 0.671985768, -0.740400395, -0.953857422, 0.229614258, 0.192749023, 0.299645973, 0.703960223, 0.644016726, 0, 0, -0, 0, 0, 0, 0, 0.319490625, -0.0776182129, -0.144061865, 0.0491654075, 0.301654535, -0.952048896, 0.426025391, -0.868530273, -0.253173828, -0.903374046, -0.39310735, -0.1711324, 0, 1, 5, 1, 
383.986149, 49, 0.1, 0.1, 0.00851976253, 0.365793212, -0.0199661341, 0.963955837, -0.266062293, 7.79819164e-006, 0.266062293, 0.963955837, 1.47182317e-005, -1.14330788e-005, -1.21129206e-005, 1, 0.96395564, -0.266063006, -1.87460111e-005, 0.266063006, 0.96395564, 2.18389621e-005, 1.22597832e-005, -2.60394107e-005, 1, 0, 0, 0, 0, 0, 0, 0, 0.272920215, -0.11444021, -0.186126904, 0.0121119665, 0.671985768, -0.740400395, -0.953857422, 0.229614258, 0.192749023, 0.299645973, 0.703960223, 0.644016726, 0, 0, -0, 0, 0, 0, 0, 0.319490625, -0.0776182129, -0.144061865, 0.0491654075, 0.301654535, -0.952048896, 0.426025391, -0.868530273, -0.253173828, -0.903374046, -0.39310735, -0.1711324, 0, 1, 5, 1, 
383.987061, 49, 0.1, 0.1, 0.00851976379, 0.365793214, -0.0199635908, 0.963957014, -0.266058025, -4.9519203e-005, 0.266058025, 0.963957015, 1.35861038e-005, 4.41196912e-005, -2.62714015e-005, 0.999999999, 0.963956757, -0.266058958, -2.85966628e-005, 0.266058957, 0.963956758, -1.31972078e-005, 3.10771817e-005, 5.11313932e-006, 1, 0, 0, 0, 0, 0, 0, 0, 0.272920215, -0.11444021, -0.186126904, 0.0121119665, 0.671985768, -0.740400395, -0.953857422, 0.229614258, 0.192749023, 0.299645973, 0.703960223, 0.644016726, 0, 0, -0, 0, 0, 0, 0, 0.319490625, -0.0776182129, -0.144061865, 0.0491654075, 0.301654535, -0.952048896, 0.426025391, -0.868530273, -0.253173828, -0.903374046, -0.39310735, -0.1711324, 0, 1, 5, 1, 
383.987939, 49, 0.1, 0.1, 0.00851976534, 0.365793211, -0.0199595085, 0.963958187, -0.266053777, 3.04044428e-005, 0.266053777, 0.963958187, -2.0581191e-005, -2.38329079e-005, 2.79286245e-005, 0.999999999, 0.963957977, -0.266054541, 2.6676836e-005, 0.266054541, 0.963957977, -4.63741965e-006, -2.44815423e-005, 1.1567771e-005, 1, 0, 0, 0, 0, 0, 0, 0, 0.272920215, -0.11444021, -0.186126904, 0.0121119665, 0.671985768, -0.740400395, -0.953857422, 0.229614258, 0.192749023, 0.299645973, 0.703960223, 0.644016726, 0, 0, -0, 0, 0, 0, 0, 0.319490625, -0.0776182129, -0.144061865, 0.0491654075, 0.301654535, -0.952048896, 0.426025391, -0.868530273, -0.253173828, -0.903374046, -0.39310735, -0.1711324, 0, 1, 5, 1, 
383.988756, 49, 0.1, 0.1, 0.00851976861, 0.365793211, -0.0199579842, 0.963959298, -0.266049753, -1.31600352e-005, 0.266049753, 0.963959298, 2.11733815e-005, 7.05256538e-006, -2.39115021e-005, 1, 0.963959065, -0.266050596, -3.35418577e-005, 0.266050597, 0.963959065, 1.87546938e-005, 2.73432803e-005, -2.70025883e-005, 0.999999999, 0, 0, 0, 0, 0, 0, 0, 0.27352998, -0.114687842, -0.186153857, 0.00666621455, 0.675995572, -0.736730954, -0.954467773, 0.223876953, 0.196777344, 0.298036656, 0.701965622, 0.646896118, 0, 0, -0, 0, 0, 0, 0, 0.319490625, -0.0776182129, -0.144061865, 0.0463159348, 0.304101157, -0.951492928, 0.429199219, -0.866088867, -0.255859375, -0.90195514, -0.396532481, -0.170582995, 0, 1, 5, 1, 
383.989541, 49, 0.1, 0.1, 0.00851976102, 0.365793215, -0.0199588421, 0.963960388, -0.266045806, 4.9598873e-006, 0.266045806, 0.963960388, -2.42341961e-005, 1.66627135e-006, 2.46803623e-005, 1, 0.963960172, -0.266046584, 3.61719838e-005, 0.266046585, 0.963960172, -3.20567527e-005, -2.63397622e-005, 4.05248656e-005, 0.999999999, 0, 0, 0, 0, 0, 0, 0, 0.27352998, -0.114687842, -0.186153857, 0.00666621455, 0.675995572, -0.736730954, -0.954467773, 0.223876953, 0.196777344, 0.298036656, 0.701965622, 0.646896118, 0, 0, -0, 0, 0, 0, 0, 0.32000166, -0.0786445801, -0.143790283, 0.0463159348, 0.304101157, -0.951492928, 0.429199219, -0.866088867, -0.255859375, -0.90195514, -0.396532481, -0.170582995, 0, 1, 5, 1, 
383.990325, 49, 0.1, 0.1, 0.00851976239, 0.365793214, -0.0199618967, 0.963961489, -0.266041815, -2.86079344e-006, 0.266041815, 0.963961489, -2.23905016e-005, 8.7145044e-006, 2.08224906e-005, 1, 0.963961273, -0.266042597, 1.63985022e-006, 0.266042597, 0.963961273, 6.36603108e-006, -3.27438755e-006, -5.70033742e-006, 1, 0, 0, 0, 0, 0, 0, 0, 0.27352998, -0.114687842, -0.186153857, 0.00666621455, 0.675995572, -0.736730954, -0.954467773, 0.223876953, 0.196777344, 0.298036656, 0.701965622, 0.646896118, 0, 0, -0, 0, 0, 0, 0, 0.32000166, -0.0786445801, -0.143790283, 0.0463159348, 0.304101157, -0.951492928, 0.429199219, -0.866088867, -0.255859375, -0.90195514, -0.396532481, -0.170582995, 0, 1, 5, 1, 
383.991141, 49, 0.1, 0.1, 0.00851976183, 0.365793216, -0.0199660047, 0.96396248, -0.266038223, -1.20509568e-005, 0.266038224, 0.96396248, 2.32020378e-005, 5.44404125e-006, -2.55719091e-005, 1, 0.963962286, -0.266038927, -8.85722173e-006, 0.266038927, 0.963962286, 9.35918975e-006, 6.04811891e-006, -1.13782717e-005, 1, 0, 0, 0, 0, 0, 0, 0, 0.274393506, -0.114968066, -0.186218042, 0.00182329977, 0.679339259, -0.73375983, -0.954956055, 0.21862793, 0.200073242, 0.29633186, 0.700447298, 0.649268153, 0, 0, -0, 0, 0, 0, 0, 0.32000166, -0.0786445801, -0.143790283, 0.0453195689, 0.305595522, -0.950988365, 0.434448242, -0.86328125, -0.256713867, -0.899482265, -0.401407868, -0.171880133, 0, 1, 5, 1, 
383.991927, 49, 0.1, 0.1, 0.00851976099, 0.365793216, -0.0199692961, 0.963963338, -0.266035115, 1.0767609e-005, 0.266035116, 0.963963338, -1.41634011e-005, -6.61161826e-006, 1.65175615e-005, 1, 0.963963179, -0.266035692, 8.90413805e-007, 0.266035692, 0.963963179, -1.81183801e-005, 3.96180968e-006, 1.77023332e-005, 1, 0, 0, 0, 0, 0, 0, 0, 0.274393506, -0.114968066, -0.186218042, 0.00182329977, 0.679339259, -0.73375983, -0.954956055, 0.21862793, 0.200073242, 0.29633186, 0.700447298, 0.649268153, 0, 0, -0, 0, 0, 0, 0, 0.321103955, -0.0793179688, -0.143337695, 0.0453195689, 0.305595522, -0.950988365, 0.434448242, -0.86328125, -0.256713867, -0.899482265, -0.401407868, -0.171880133, 0, 1, 5, 1, 
383.992712, 49, 0.1, 0.1, 0.00851976131, 0.365793212, -0.0199711997, 0.963964066, -0.26603248, -5.18420357e-008, 0.26603248, 0.963964065, 1.53163025e-005, -4.02466008e-006, -1.47781569e-005, 1, 0.963963923, -0.266032998, -2.33565054e-006, 0.266032998, 0.963963922, 2.65228337e-005, -4.80446611e-006, -2.6188415e-005, 1, 0, 0, 0, 0, 0, 0, 0, 0.274393506, -0.114968066, -0.186218042, 0.00182329977, 0.679339259, -0.73375983, -0.954956055, 0.21862793, 0.200073242, 0.29633186, 0.700447298, 0.649268153, 0, 0, -0, 0, 0, 0, 0, 0.321103955, -0.0793179688, -0.143337695, 0.0453195689, 0.305595522, -0.950988365, 0.434448242, -0.86328125, -0.256713867, -0.899482265, -0.401407868, -0.171880133, 0, 1, 5, 1, 
383.993497, 49, 0.1, 0.1, 0.00851976141, 0.365793214, -0.0199711621, 0.96396471, -0.266030144, -1.24951758e-005, 0.266030144, 0.96396471, 1.14296359e-005, 9.00428084e-006, -1.43418591e-005, 1, 0.963964594, -0.266030563, 3.22391444e-006, 0.266030563, 0.963964594, -5.22229329e-006, -1.71844975e-006, 5.89176561e-006, 1, 0, 0, 0, 0, 0, 0, 0, 0.274393506, -0.114968066, -0.186218042, 0.00182329977, 0.679339259, -0.73375983, -0.954956055, 0.21862793, 0.200073242, 0.29633186, 0.700447298, 0.649268153, 0, 0, -0, 0, 0, 0, 0, 0.321103955, -0.0793179688, -0.143337695, 0.0453195689, 0.305595522, -0.950988365, 0.434448242, -0.86328125, -0.256713867, -0.899482265, -0.401407868, -0.171880133, 0, 1, 5, 1, 
383.994282, 49, 0.1, 0.1, 0.00851976098, 0.365793214, -0.0199693579, 0.963965273, -0.266028104, 1.39865238e-005, 0.266028104, 0.963965273, -2.1883455e-005, -7.66090922e-006, 2.48156991e-005, 1, 0.963965165, -0.266028494, 1.23556822e-005, 0.266028494, 0.963965165, -1.12113227e-005, -8.92791595e-006, 1.40942881e-005, 1, 0, 0, 0, 0, 0, 0, 0, 0.274393506, -0.114968066, -0.186218042, 0.00182329977, 0.679339259, -0.73375983, -0.954956055, 0.21862793, 0.200073242, 0.29633186, 0.700447298, 0.649268153, 0, 0, -0, 0, 0, 0, 0, 0.321103955, -0.0793179688, -0.143337695, 0.0453195689, 0.305595522, -0.950988365, 0.434448242, -0.86328125, -0.256713867, -0.899482265, -0.401407868, -0.171880133, 0, 1, 5, 1, 
383.995071, 49, 0.1, 0.1, 0.00851976108, 0.365793213, -0.0199664651, 0.96396581, -0.266026157, -1.23136432e-005, 0.266026157, 0.96396581, 1.82539324e-005, 7.01390753e-006, -2.08719179e-005, 1, 0.963965711, -0.266026516, -1.01226396e-006, 0.266026516, 0.963965711, 2.34385054e-005, -5.25947618e-006, -2.28632045e-005, 1, 0, 0, 0, 0, 0, 0, 0, 0.274393506, -0.114968066, -0.186218042, 0.00182329977, 0.679339259, -0.73375983, -0.954956055, 0.21862793, 0.200073242, 0.29633186, 0.700447298, 0.649268153, 0, 0, -0, 0, 0, 0, 0, 0.321103955, -0.0793179688, -0.143337695, 0.0453195689, 0.305595522, -0.950988365, 0.434448242, -0.86328125, -0.256713867, -0.899482265, -0.401407868, -0.171880133, 0, 1, 5, 1, 
383.995891, 49, 0.1, 0.1, 0.00851976024, 0.365793217, -0.019963236, 0.963966273, -0.266024482, -3.64105998e-006, 0.266024482, 0.963966273, -1.37486566e-005, 7.16733826e-006, 1.22846302e-005, 1, 0.963966174, -0.266024839, -1.44677169e-007, 0.266024839, 0.963966174, -2.99880369e-005, 8.11702657e-006, 2.88689655e-005, 1, 0, 0, 0, 0, 0, 0, 0, 0.274884399, -0.115714429, -0.186071191, -0.00159789332, 0.682302148, -0.731029841, -0.955444336, 0.214599609, 0.202392578, 0.295019845, 0.698865695, 0.651678379, 0, 0, -0, 0, 0, 0, 0, 0.321103955, -0.0793179688, -0.143337695, 0.0443232031, 0.306981246, -0.950617963, 0.439575195, -0.860473633, -0.257324219, -0.897009391, -0.406417416, -0.173068629, 0, 1, 5, 1, 
383.996677, 49, 0.1, 0.1, 0.00851976004, 0.365793214, -0.0199608733, 0.963966673, -0.266023031, 1.46045643e-005, 0.266023031, 0.963966673, -1.32204742e-005, -1.05613627e-005, 1.6629247e-005, 1, 0.963966605, -0.266023279, -7.35198922e-006, 0.266023279, 0.963966605, 1.05521766e-005, 4.27994746e-006, -1.21277461e-005, 1, 0, 0, 0, 0, 0, 0, 0, 0.274884399, -0.115714429, -0.186071191, -0.00159789332, 0.682302148, -0.731029841, -0.955444336, 0.214599609, 0.202392578, 0.295019845, 0.698865695, 0.651678379, 0, 0, -0, 0, 0, 0, 0, 0.321759766, -0.0800013672, -0.142445215, 0.0443232031, 0.306981246, -0.950617963, 0.439575195, -0.860473633, -0.257324219, -0.897009391, -0.406417416, -0.173068629, 0, 1, 5, 1, 
383.997461, 49, 0.1, 0.1, 0.00851975771, 0.365793215, -0.0199602758, 0.963967033, -0.266021727, 6.80233224e-006, 0.266021726, 0.963967033, 3.32944808e-005, -1.54142793e-005, -3.02852137e-005, 0.999999999, 0.963966964, -0.266021978, 9.66982951e-006, 0.266021978, 0.963966964, 1.98310235e-005, -1.45968843e-005, -1.65440643e-005, 1, 0, 0, 0, 0, 0, 0, 0, 0.274884399, -0.115714429, -0.186071191, -0.00159789332, 0.682302148, -0.731029841, -0.955444336, 0.214599609, 0.202392578, 0.295019845, 0.698865695, 0.651678379, 0, 0, -0, 0, 0, 0, 0, 0.321759766, -0.0800013672, -0.142445215, 0.0443232031, 0.306981246, -0.950617963, 0.439575195, -0.860473633, -0.257324219, -0.897009391, -0.406417416, -0.173068629, 0, 1, 5, 1, 
383.998247, 49, 0.1, 0.1, 0.00851976118, 0.365793217, -0.0199615003, 0.963967281, -0.266020827, -3.60051175e-006, 0.266020827, 0.963967281, -2.96475981e-005, 1.13576541e-005, 2.76215034e-005, 1, 0.963967247, -0.266020951, -2.08618556e-005, 0.266020951, 0.963967247, -3.47878721e-005, 2.93644483e-005, 2.79846786e-005, 0.999999999, 0, 0, 0, 0, 0, 0, 0, 0.274884399, -0.115714429, -0.186071191, -0.00159789332, 0.682302148, -0.731029841, -0.955444336, 0.214599609, 0.202392578, 0.295019845, 0.698865695, 0.651678379, 0, 0, -0, 0, 0, 0, 0, 0.321759766, -0.0800013672, -0.142445215, 0.0443232031, 0.306981246, -0.950617963, 0.439575195, -0.860473633, -0.257324219, -0.897009391, -0.406417416, -0.173068629, 0, 1, 5, 1, 
383.999036, 49, 0.1, 0.1, 0.00851975659, 0.365793213, -0.0199640009, 0.96396735, -0.266020578, -3.11647635e-006, 0.266020578, 0.96396735, 1.17450166e-005, -1.20234669e-007, -1.21508594e-005, 1, 0.963967345, -0.266020595, 1.6523527e-005, 0.266020594, 0.963967345, 3.14098111e-005, -2.4283797e-005, -2.58824338e-005, 0.999999999, 0, 0, 0, 0, 0, 0, 0, 0.274884399, -0.115714429, -0.186071191, -0.00159789332, 0.682302148, -0.731029841, -0.955444336, 0.214599609, 0.202392578, 0.295019845, 0.698865695, 0.651678379, 0, 0, -0, 0, 0, 0, 0, 0.321759766, -0.0800013672, -0.142445215, 0.0443232031, 0.306981246, -0.950617963, 0.439575195, -0.860473633, -0.257324219, -0.897009391, -0.406417416, -0.173068629, 0, 1, 5, 1, 
383.999829, 49, 0.1, 0.1, 0.00851976623, 0.365793219, -0.019966861, 0.963967374, -0.266020489, -3.79048378e-005, 0.266020489, 0.963967375, -6.04569603e-006, 3.8147306e-005, -4.25560976e-006, 0.999999999, 0.963967366, -0.266020515, -5.05218894e-005, 0.266020513, 0.963967367, -3.1534197e-005, 5.70901961e-005, 1.69580779e-005, 0.999999998, 0, 0, 0, 0, 0, 0, 0, 0.274884399, -0.115714429, -0.186071191, -0.00159789332, 0.682302148, -0.731029841, -0.955444336, 0.214599609, 0.202392578, 0.295019845, 0.698865695, 0.651678379, 0, 0, -0, 0, 0, 0, 0, 0.321759766, -0.0800013672, -0.142445215, 0.0443232031, 0.306981246, -0.950617963, 0.439575195, -0.860473633, -0.257324219, -0.897009391, -0.406417416, -0.173068629, 0, 1, 5, 1, 
384.00063, 49, 0.1, 0.1, 0.00851975601, 0.365793216, -0.0199690459, 0.96396753, -0.266019917, 6.90081171e-005, 0.266019916, 0.963967533, 2.14674438e-005, -7.2232352e-005, -2.33638527e-006, 0.999999997, 0.963967497, -0.266020034, 7.08878673e-005, 0.266020034, 0.9639675, 1.38418184e-005, -7.20158013e-005, 5.5145298e-006, 0.999999997, 0, 0, 0, 0, 0, 0, 0, 0.274968604, -0.116181763, -0.186303809, -0.00435184808, 0.686463598, -0.727042881, -0.955200195, 0.212036133, 0.205932617, 0.29557962, 0.695487564, 0.655001849, 0, 0, -0, 0, 0, 0, 0, 0.321759766, -0.0800013672, -0.142445215, 0.0443232031, 0.306981246, -0.950617963, 0.439575195, -0.860473633, -0.257324219, -0.897009391, -0.406417416, -0.173068629, 0, 1, 5, 1, 
384.001429, 49, 0.1, 0.1, 0.00851975563, 0.365793217, -0.0199696844, 0.963967649, -0.266019487, -6.17514463e-005, 0.266019486, 0.963967651, -3.09989288e-005, 6.77727158e-005, 1.34548765e-005, 0.999999998, 0.96396763, -0.26601956, -3.4969958e-005, 0.26601956, 0.963967631, -2.02633978e-005, 3.91003677e-005, 1.02305667e-005, 0.999999999, 0, 0, 0, 0, 0, 0, 0, 0.274968604, -0.116181763, -0.186303809, -0.00435184808, 0.686463598, -0.727042881, -0.955200195, 0.212036133, 0.205932617, 0.29557962, 0.695487564, 0.655001849, 0, 0, -0, 0, 0, 0, 0, 0.321963086, -0.0801318359, -0.143039746, 0.0400872735, 0.30977275, -0.94989575, 0.443603516, -0.857299805, -0.260742187, -0.895245236, -0.41078824, -0.171765294, 0, 1, 5, 1, 
384.00221, 49, 0.1, 0.1, 0.00851976959, 0.36579322, -0.019969106, 0.963967825, -0.266018855, -2.12364624e-005, 0.266018855, 0.963967826, -1.06833565e-005, 2.33132408e-005, 4.64911249e-006, 1, 0.963967781, -0.26601901, -5.64866372e-005, 0.266019011, 0.963967783, -4.64880745e-006, 5.56879695e-005, -1.05452187e-005, 0.999999998, 0, 0, 0, 0, 0, 0, 0, 0.274968604, -0.116181763, -0.186303809, -0.00435184808, 0.686463598, -0.727042881, -0.955200195, 0.212036133, 0.205932617, 0.29557962, 0.695487564, 0.655001849, 0, 0, -0, 0, 0, 0, 0, 0.321963086, -0.0801318359, -0.143039746, 0.0400872735, 0.30977275, -0.94989575, 0.443603516, -0.857299805, -0.260742187, -0.895245236, -0.41078824, -0.171765294, 0, 1, 5, 1, 
384.003051, 49, 0.1, 0.1, 0.00851975778, 0.365793214, -0.019967119, 0.963967885, -0.266018636, 4.96427168e-005, 0.266018635, 0.963967886, 3.12443458e-005, -5.6165563e-005, -1.69126582e-005, 0.999999998, 0.963967881, -0.266018647, 5.95832419e-005, 0.266018645, 0.963967883, 4.06596034e-005, -6.82525442e-005, -2.33442985e-005, 0.999999997, 0, 0, 0, 0, 0, 0, 0, 0.274968604, -0.116181763, -0.186303809, -0.00435184808, 0.686463598, -0.727042881, -0.955200195, 0.212036133, 0.205932617, 0.29557962, 0.695487564, 0.655001849, 0, 0, -0, 0, 0, 0, 0, 0.321963086, -0.0801318359, -0.143039746, 0.0400872735, 0.30977275, -0.94989575, 0.443603516, -0.857299805, -0.260742187, -0.895245236, -0.41078824, -0.171765294, 0, 1, 5, 1, 
384.003932, 49, 0.1, 0.1, 0.00851976192, 0.365793216, -0.01996312, 0.963967973, -0.26601832, -3.50735536e-005, 0.26601832, 0.963967973, -4.78620803e-006, 3.50830014e-005, -4.71645657e-006, 0.999999999, 0.963967953, -0.266018391, -4.06633188e-005, 0.26601839, 0.963967954, -1.49283404e-005, 4.31693493e-005, 3.57325108e-006, 0.999999999, 0, 0, 0, 0, 0, 0, 0, 0.274968604, -0.116181763, -0.186303809, -0.00435184808, 0.686463598, -0.727042881, -0.955200195, 0.212036133, 0.205932617, 0.29557962, 0.695487564, 0.655001849, 0, 0, -0, 0, 0, 0, 0, 0.322466064, -0.0805387695, -0.142991406, 0.0369311986, 0.311861363, -0.949339782, 0.447875977, -0.854370117, -0.263183594, -0.893244841, -0.415478426, -0.171215889, 0, 1, 5, 1, 
384.004719, 49, 0.1, 0.1, 0.0085197562, 0.365793216, -0.0199603336, 0.963968094, -0.266017881, 3.42611356e-005, 0.266017882, 0.963968094, -9.81467841e-006, -3.04157617e-005, 1.85751116e-005, 0.999999999, 0.963968061, -0.266017997, 4.45139321e-005, 0.266017997, 0.963968062, -3.17219085e-006, -4.2066149e-005, 1.48993977e-005, 0.999999999, 0, 0, 0, 0, 0, 0, 0, 0.274968604, -0.116181763, -0.186303809, -0.00435184808, 0.686463598, -0.727042881, -0.955200195, 0.212036133, 0.205932617, 0.29557962, 0.695487564, 0.655001849, 0, 0, -0, 0, 0, 0, 0, 0.322466064, -0.0805387695, -0.142991406, 0.0369311986, 0.311861363, -0.949339782, 0.447875977, -0.854370117, -0.263183594, -0.893244841, -0.415478426, -0.171215889, 0, 1, 5, 1, 
384.005516, 49, 0.1, 0.1, 0.00851976511, 0.365793216, -0.0199595217, 0.963968259, -0.266017281, -4.87748266e-005, 0.266017281, 0.96396826, -1.23344187e-005, 5.02985532e-005, -1.08495861e-006, 0.999999999, 0.963968229, -0.266017386, -6.44661726e-005, 0.266017387, 0.963968231, 3.81739679e-006, 6.11278485e-005, -2.0828972e-005, 0.999999998, 0, 0, 0, 0, 0, 0, 0, 0.274968604, -0.116181763, -0.186303809, -0.00619967326, 0.689388295, -0.724236508, -0.955932617, 0.208251953, 0.206542969, 0.293276856, 0.693664826, 0.657894345, 0, 0, -0, 0, 0, 0, 0, 0.322466064, -0.0805387695, -0.142991406, 0.0369311986, 0.311861363, -0.949339782, 0.447875977, -0.854370117, -0.263183594, -0.893244841, -0.415478426, -0.171215889, 0, 1, 5, 1, 
384.006304, 49, 0.1, 0.1, 0.00851975882, 0.365793221, -0.0199606181, 0.963968277, -0.266017218, 3.25632177e-005, 0.266017218, 0.963968277, 7.69586657e-006, -3.34371419e-005, 1.24380533e-006, 0.999999999, 0.963968288, -0.266017176, 4.76421287e-005, 0.266017177, 0.963968288, -1.73466421e-005, -4.13109965e-005, 2.93952375e-005, 0.999999999, 0, 0, 0, 0, 0, 0, 0, 0.275983374, -0.116484326, -0.185705103, -0.00619967326, 0.689388295, -0.724236508, -0.955932617, 0.208251953, 0.206542969, 0.293276856, 0.693664826, 0.657894345, 0, 0, -0, 0, 0, 0, 0, 0.322466064, -0.0805387695, -0.142991406, 0.0369311986, 0.311861363, -0.949339782, 0.447875977, -0.854370117, -0.263183594, -0.893244841, -0.415478426, -0.171215889, 0, 1, 5, 1, 
384.007092, 49, 0.1, 0.1, 0.00851976812, 0.36579321, -0.0199633012, 0.963968111, -0.266017816, -5.22801633e-005, 0.266017818, 0.963968111, 3.34688199e-005, 4.14931078e-005, -4.61703301e-005, 0.999999998, 0.963968152, -0.266017666, -6.4352061e-005, 0.266017669, 0.963968151, 5.12690785e-005, 4.83948567e-005, -6.65405441e-005, 0.999999997, 0, 0, 0, 0, 0, 0, 0, 0.275983374, -0.116484326, -0.185705103, -0.00619967326, 0.689388295, -0.724236508, -0.955932617, 0.208251953, 0.206542969, 0.293276856, 0.693664826, 0.657894345, 0, 0, -0, 0, 0, 0, 0, 0.322466064, -0.0805387695, -0.142991406, 0.0369311986, 0.311861363, -0.949339782, 0.447875977, -0.854370117, -0.263183594, -0.893244841, -0.415478426, -0.171215889, 0, 1, 5, 1, 
384.007897, 49, 0.1, 0.1, 0.00851976126, 0.36579322, -0.0199665653, 0.963967897, -0.266018592, 4.81954144e-005, 0.266018595, 0.963967895, -6.75099423e-005, -2.84999324e-005, 7.78982935e-005, 0.999999997, 0.963967936, -0.266018449, 5.34701616e-005, 0.266018452, 0.963967935, -6.49118259e-005, -3.4275778e-005, 7.67969684e-005, 0.999999996, 0, 0, 0, 0, 0, 0, 0, 0.275983374, -0.116484326, -0.185705103, -0.00760829034, 0.691367549, -0.722401787, -0.955810547, 0.20715332, 0.208251953, 0.293747143, 0.692115424, 0.659334041, 0, 0, -0, 0, 0, 0, 0, 0.322466064, -0.0805387695, -0.142991406, 0.0369311986, 0.311861363, -0.949339782, 0.447875977, -0.854370117, -0.263183594, -0.893244841, -0.415478426, -0.171215889, 0, 1, 5, 1, 
384.0087, 49, 0.1, 0.1, 0.00851976451, 0.365793222, -0.0199689433, 0.963967816, -0.266018887, -3.95910429e-005, 0.266018889, 0.963967814, 6.11980143e-005, 2.18846635e-005, -6.95248814e-005, 0.999999997, 0.963967807, -0.266018919, -4.00961759e-005, 0.26601892, 0.963967807, 2.93681816e-005, 3.08389308e-005, -3.8976323e-005, 0.999999999, 0, 0, 0, 0, 0, 0, 0, 0.276359302, -0.117504102, -0.185160474, -0.00760829034, 0.691367549, -0.722401787, -0.955810547, 0.20715332, 0.208251953, 0.293747143, 0.692115424, 0.659334041, 0, 0, -0, 0, 0, 0, 0, 0.322973926, -0.081175293, -0.1431729, 0.0339220448, 0.313630615, -0.948917974, 0.451660156, -0.85168457, -0.265380859, -0.89147449, -0.419465723, -0.170557842, 0, 1, 5, 1, 
384.009487, 49, 0.1, 0.1, 0.00851976182, 0.365793205, -0.0199700647, 0.963967986, -0.266018273, 3.19911066e-005, 0.266018271, 0.963967986, 3.79728278e-005, -4.09398687e-005, -2.80943715e-005, 0.999999999, 0.963967938, -0.266018447, 2.86643862e-005, 0.266018444, 0.963967936, 7.01075915e-005, -4.62814618e-005, -5.9956215e-005, 0.999999997, 0, 0, 0, 0, 0, 0, 0, 0.276359302, -0.117504102, -0.185160474, -0.00760829034, 0.691367549, -0.722401787, -0.955810547, 0.20715332, 0.208251953, 0.293747143, 0.692115424, 0.659334041, 0, 0, -0, 0, 0, 0, 0, 0.322973926, -0.081175293, -0.1431729, 0.0339220448, 0.313630615, -0.948917974, 0.451660156, -0.85168457, -0.265380859, -0.89147449, -0.419465723, -0.170557842, 0, 1, 5, 1, 
384.010274, 49, 0.1, 0.1, 0.00851976035, 0.365793215, -0.0199696741, 0.963968306, -0.266017114, -2.35365242e-006, 0.266017114, 0.963968305, -5.58197774e-005, 1.71178624e-005, 5.31823844e-005, 0.999999998, 0.963968242, -0.266017347, -5.62270606e-006, 0.266017346, 0.96396824, -6.54812779e-005, 2.28392659e-005, 6.1626135e-005, 0.999999998, 0, 0, 0, 0, 0, 0, 0, 0.276359302, -0.117504102, -0.185160474, -0.00760829034, 0.691367549, -0.722401787, -0.955810547, 0.20715332, 0.208251953, 0.293747143, 0.692115424, 0.659334041, 0, 0, -0, 0, 0, 0, 0, 0.322973926, -0.081175293, -0.1431729, 0.0339220448, 0.313630615, -0.948917974, 0.451660156, -0.85168457, -0.265380859, -0.89147449, -0.419465723, -0.170557842, 0, 1, 5, 1, 
384.011059, 49, 0.1, 0.1, 0.00851975609, 0.365793208, -0.0199680579, 0.963968549, -0.266016233, 7.39760751e-006, 0.266016231, 0.963968546, 8.18820987e-005, -2.89130284e-005, -7.69638842e-005, 0.999999997, 0.963968519, -0.266016341, 2.03761613e-005, 0.266016339, 0.963968517, 7.20350643e-005, -3.88044823e-005, -6.40191424e-005, 0.999999997, 0, 0, 0, 0, 0, 0, 0, 0.276359302, -0.117504102, -0.185160474, -0.00760829034, 0.691367549, -0.722401787, -0.955810547, 0.20715332, 0.208251953, 0.293747143, 0.692115424, 0.659334041, 0, 0, -0, 0, 0, 0, 0, 0.322973926, -0.081175293, -0.1431729, 0.0339220448, 0.313630615, -0.948917974, 0.451660156, -0.85168457, -0.265380859, -0.89147449, -0.419465723, -0.170557842, 0, 1, 5, 1, 
384.011848, 49, 0.1, 0.1, 0.00851976298, 0.365793204, -0.0199658258, 0.96396857, -0.266016157, -2.07285237e-005, 0.266016156, 0.963968569, -5.33969223e-005, 3.41860895e-005, 4.59588326e-005, 0.999999998, 0.963968587, -0.266016091, -4.20408212e-005, 0.266016091, 0.963968588, -1.13856081e-005, 4.3554786e-005, -2.08166397e-007, 0.999999999, 0, 0, 0, 0, 0, 0, 0, 0.276359302, -0.117504102, -0.185160474, -0.00760829034, 0.691367549, -0.722401787, -0.955810547, 0.20715332, 0.208251953, 0.293747143, 0.692115424, 0.659334041, 0, 0, -0, 0, 0, 0, 0, 0.322973926, -0.081175293, -0.1431729, 0.0339220448, 0.313630615, -0.948917974, 0.451660156, -0.85168457, -0.265380859, -0.89147449, -0.419465723, -0.170557842, 0, 1, 5, 1, 
384.012636, 49, 0.1, 0.1, 0.00851975303, 0.36579322, -0.0199637572, 0.963968328, -0.266017032, 4.57540915e-005, 0.266017034, 0.963968327, -4.04067861e-005, -3.33566017e-005, 5.11222297e-005, 0.999999998, 0.963968386, -0.266016818, 6.03790205e-005, 0.266016822, 0.963968384, -6.50870413e-005, -4.08892192e-005, 7.88036853e-005, 0.999999996, 0, 0, 0, 0, 0, 0, 0, 0.276359302, -0.117504102, -0.185160474, -0.00760829034, 0.691367549, -0.722401787, -0.955810547, 0.20715332, 0.208251953, 0.293747143, 0.692115424, 0.659334041, 0, 0, -0, 0, 0, 0, 0, 0.322973926, -0.081175293, -0.1431729, 0.0339220448, 0.313630615, -0.948917974, 0.451660156, -0.85168457, -0.265380859, -0.89147449, -0.419465723, -0.170557842, 0, 1, 5, 1, 
384.013451, 49, 0.1, 0.1, 0.00851976314, 0.365793207, -0.0199620569, 0.963968012, -0.26601817, -6.72270589e-005, 0.266018175, 0.963968009, 9.14785975e-005, 4.0469765e-005, -0.000106066061, 0.999999994, 0.963968063, -0.266017984, -7.40231773e-005, 0.26601799, 0.96396806, 8.73904394e-005, 4.81085501e-005, -0.000103933089, 0.999999993, 0, 0, 0, 0, 0, 0, 0, 0.277105908, -0.118561963, -0.184648315, -0.0104326377, 0.692535031, -0.721163913, -0.955932617, 0.204467773, 0.210205078, 0.293082149, 0.691683329, 0.660126716, 0, 0, -0, 0, 0, 0, 0, 0.323348145, -0.0817817871, -0.142916699, 0.0322610685, 0.315725792, -0.948247167, 0.455322266, -0.849243164, -0.267211914, -0.889685182, -0.423050535, -0.171101051, 0, 1, 5, 1, 
384.014236, 49, 0.1, 0.1, 0.0085197606, 0.365793203, -0.0199617717, 0.963967883, -0.266018645, 3.75800613e-005, 0.266018647, 0.963967881, -5.92090991e-005, -2.04752477e-005, 6.70726669e-005, 0.999999998, 0.963967879, -0.266018659, 3.87289077e-005, 0.26601866, 0.963967879, -2.05323089e-005, -3.18714457e-005, 3.00950984e-005, 0.999999999, 0, 0, 0, 0, 0, 0, 0, 0.277105908, -0.118561963, -0.184648315, -0.0104326377, 0.692535031, -0.721163913, -0.955932617, 0.204467773, 0.210205078, 0.293082149, 0.691683329, 0.660126716, 0, 0, -0, 0, 0, 0, 0, 0.323348145, -0.0817817871, -0.142916699, 0.0322610685, 0.315725792, -0.948247167, 0.455322266, -0.849243164, -0.267211914, -0.889685182, -0.423050535, -0.171101051, 0, 1, 5, 1, 
384.015027, 49, 0.1, 0.1, 0.00851975687, 0.365793218, -0.0199628654, 0.963967972, -0.266018324, 1.18636767e-005, 0.266018324, 0.963967972, -1.82920358e-005, -6.57018767e-006, 2.07888921e-005, 1, 0.963967962, -0.26601836, 1.99157595e-005, 0.266018361, 0.96396796, -5.47815082e-005, -4.62526705e-006, 5.81055765e-005, 0.999999998, 0, 0, 0, 0, 0, 0, 0, 0.277105908, -0.118561963, -0.184648315, -0.0104326377, 0.692535031, -0.721163913, -0.955932617, 0.204467773, 0.210205078, 0.293082149, 0.691683329, 0.660126716, 0, 0, -0, 0, 0, 0, 0, 0.323348145, -0.0817817871, -0.142916699, 0.0322610685, 0.315725792, -0.948247167, 0.455322266, -0.849243164, -0.267211914, -0.889685182, -0.423050535, -0.171101051, 0, 1, 5, 1, 
384.015815, 49, 0.1, 0.1, 0.00851975988, 0.365793204, -0.0199648358, 0.96396803, -0.266018112, -1.91686023e-005, 0.266018113, 0.963968028, 7.10493351e-005, -4.22490272e-007, -7.3588483e-005, 0.999999997, 0.963968014, -0.266018172, -1.17174554e-005, 0.266018172, 0.96396801, 8.41840312e-005, -1.10992299e-005, -8.42677694e-005, 0.999999996, 0, 0, 0, 0, 0, 0, 0, 0.277105908, -0.118561963, -0.184648315, -0.0104326377, 0.692535031, -0.721163913, -0.955932617, 0.204467773, 0.210205078, 0.293082149, 0.691683329, 0.660126716, 0, 0, -0, 0, 0, 0, 0, 0.323348145, -0.0817817871, -0.142916699, 0.0322610685, 0.315725792, -0.948247167, 0.455322266, -0.849243164, -0.267211914, -0.889685182, -0.423050535, -0.171101051, 0, 1, 5, 1, 
384.016605, 49, 0.1, 0.1, 0.00851976154, 0.36579321, -0.0199669813, 0.963967984, -0.266018279, 3.46562498e-005, 0.266018281, 0.963967981, -7.29679024e-005, -1.39967193e-005, 7.95579178e-005, 0.999999997, 0.963968019, -0.266018155, 5.47950388e-006, 0.266018154, 0.963968017, -6.34963802e-005, 1.16091234e-005, 6.26661274e-005, 0.999999998, 0, 0, 0, 0, 0, 0, 0, 0.277105908, -0.118561963, -0.184648315, -0.0104326377, 0.692535031, -0.721163913, -0.955932617, 0.204467773, 0.210205078, 0.293082149, 0.691683329, 0.660126716, 0, 0, -0, 0, 0, 0, 0, 0.323348145, -0.0817817871, -0.142916699, 0.0322610685, 0.315725792, -0.948247167, 0.455322266, -0.849243164, -0.267211914, -0.889685182, -0.423050535, -0.171101051, 0, 1, 5, 1, 
384.017393, 49, 0.1, 0.1, 0.00851975664, 0.365793218, -0.0199685538, 0.96396777, -0.266019054, -3.41169735e-005, 0.266019054, 0.96396777, 1.78825334e-005, 2.81305682e-005, -2.63139509e-005, 0.999999999, 0.963967819, -0.26601888, 5.75829515e-006, 0.26601888, 0.963967819, -1.5873457e-005, -1.32817196e-006, 1.6833317e-005, 1, 0, 0, 0, 0, 0, 0, 0, 0.277105908, -0.118561963, -0.184648315, -0.0104326377, 0.692535031, -0.721163913, -0.955932617, 0.204467773, 0.210205078, 0.293082149, 0.691683329, 0.660126716, 0, 0, -0, 0, 0, 0, 0, 0.323348145, -0.0817817871, -0.142916699, 0.0322610685, 0.315725792, -0.948247167, 0.455322266, -0.849243164, -0.267211914, -0.889685182, -0.423050535, -0.171101051, 0, 1, 5, 1, 
384.01839, 49, 0.1, 0.1, 0.00851977124, 0.365793201, -0.0199669912, 0.963967558, -0.266019826, -8.98924787e-006, 0.266019826, 0.963967556, 4.64190239e-005, -3.68303734e-006, -4.71377512e-005, 0.999999999, 0.96396759, -0.266019704, -4.69063332e-005, 0.266019706, 0.963967588, 6.49859501e-005, 2.79286417e-005, -7.51223587e-005, 0.999999997, 0, 0, 0, 0, 0, 0, 0, 0.277381006, -0.119367407, -0.184337061, -0.0137141674, 0.694286254, -0.719507047, -0.956298828, 0.201049805, 0.212158203, 0.291871605, 0.691035186, 0.661223806, 0, 0, -0, 0, 0, 0, 0, 0.323665967, -0.0823650879, -0.142870312, 0.0297375211, 0.318197933, -0.947493238, 0.458984375, -0.846313477, -0.269897461, -0.887863792, -0.426718469, -0.171267295, 0, 1, 5, 1, 
384.019191, 49, 0.1, 0.1, 0.00851976744, 0.365793212, -0.0199639841, 0.963967616, -0.266019616, -2.3978397e-006, 0.266019615, 0.963967612, -8.4606266e-005, 2.48183662e-005, 8.09198281e-005, 0.999999996, 0.963967588, -0.266019717, 6.99310402e-006, 0.266019716, 0.963967584, -8.21968612e-005, 1.51248602e-005, 8.10954136e-005, 0.999999997, 0, 0, 0, 0, 0, 0, 0, 0.277381006, -0.119367407, -0.184337061, -0.0137141674, 0.694286254, -0.719507047, -0.956298828, 0.201049805, 0.212158203, 0.291871605, 0.691035186, 0.661223806, 0, 0, -0, 0, 0, 0, 0, 0.323665967, -0.0823650879, -0.142870312, 0.0297375211, 0.318197933, -0.947493238, 0.458984375, -0.846313477, -0.269897461, -0.887863792, -0.426718469, -0.171267295, 0, 1, 5, 1, 
384.019995, 49, 0.1, 0.1, 0.00851976378, 0.365793213, -0.0199617506, 0.963967777, -0.266019031, 2.16515407e-005, 0.26601903, 0.963967776, 5.03567193e-005, -3.42672332e-005, -4.27825329e-005, 0.999999998, 0.963967748, -0.266019136, 2.64203858e-005, 0.266019135, 0.963967748, 3.8140466e-005, -3.56144936e-005, -2.97378509e-005, 0.999999999, 0, 0, 0, 0, 0, 0, 0, 0.277381006, -0.119367407, -0.184337061, -0.0183803485, 0.69688145, -0.71687853, -0.957275391, 0.194458008, 0.213500977, 0.288161346, 0.690253372, 0.663773696, 0, 0, -0, 0, 0, 0, 0, 0.323665967, -0.0823650879, -0.142870312, 0.0297375211, 0.318197933, -0.947493238, 0.458984375, -0.846313477, -0.269897461, -0.887863792, -0.426718469, -0.171267295, 0, 1, 5, 1, 
384.020801, 49, 0.1, 0.1, 0.00851976505, 0.365793213, -0.0199605908, 0.963967822, -0.26601887, 2.74122297e-006, 0.26601887, 0.963967821, -2.69496221e-005, 4.52665726e-006, 2.67077855e-005, 1, 0.963967826, -0.266018852, -1.25325512e-005, 0.266018852, 0.963967826, -3.04815681e-005, 2.01896479e-005, 2.60493561e-005, 0.999999999, 0, 0, 0, 0, 0, 0, 0, 0.278470703, -0.119906885, -0.183971729, -0.0183803485, 0.69688145, -0.71687853, -0.957275391, 0.194458008, 0.213500977, 0.288161346, 0.690253372, 0.663773696, 0, 0, -0, 0, 0, 0, 0, 0.324027002, -0.0831418457, -0.142825879, 0.0278082219, 0.321181201, -0.946541348, 0.462890625, -0.843383789, -0.272583008, -0.885857201, -0.430578167, -0.172149189, 0, 1, 5, 1, 
384.021589, 49, 0.1, 0.1, 0.00851976071, 0.36579321, -0.0199611416, 0.96396771, -0.266019275, -1.13947522e-005, 0.266019275, 0.96396771, 4.45841031e-006, 9.79815012e-006, -7.32898729e-006, 1, 0.96396774, -0.266019164, 1.22821749e-005, 0.266019163, 0.96396774, 2.78442912e-005, -1.92467355e-005, -2.35737046e-005, 1, 0, 0, 0, 0, 0, 0, 0, 0.278470703, -0.119906885, -0.183971729, -0.0183803485, 0.69688145, -0.71687853, -0.957275391, 0.194458008, 0.213500977, 0.288161346, 0.690253372, 0.663773696, 0, 0, -0, 0, 0, 0, 0, 0.324027002, -0.0831418457, -0.142825879, 0.0278082219, 0.321181201, -0.946541348, 0.462890625, -0.843383789, -0.272583008, -0.885857201, -0.430578167, -0.172149189, 0, 1, 5, 1, 
384.022378, 49, 0.1, 0.1, 0.00851975977, 0.365793215, -0.0199631216, 0.963967461, -0.266020176, 2.41360503e-005, 0.266020176, 0.963967461, 1.24839461e-005, -2.65873487e-005, -5.61344153e-006, 1, 0.963967521, -0.266019957, 2.02641321e-005, 0.266019957, 0.963967521, -1.63141105e-005, -1.51940862e-005, 2.11169362e-005, 1, 0, 0, 0, 0, 0, 0, 0, 0.278470703, -0.119906885, -0.183971729, -0.0183803485, 0.69688145, -0.71687853, -0.957275391, 0.194458008, 0.213500977, 0.288161346, 0.690253372, 0.663773696, 0, 0, -0, 0, 0, 0, 0, 0.324027002, -0.0831418457, -0.142825879, 0.0278082219, 0.321181201, -0.946541348, 0.462890625, -0.843383789, -0.272583008, -0.885857201, -0.430578167, -0.172149189, 0, 1, 5, 1, 
384.023162, 49, 0.1, 0.1, 0.00851976116, 0.365793215, -0.0199657708, 0.963967108, -0.266021455, -2.06181128e-005, 0.266021455, 0.963967108, -3.48652385e-005, 2.9150084e-005, 2.81240828e-005, 0.999999999, 0.963967185, -0.266021174, -2.3788999e-005, 0.266021173, 0.963967186, -2.43562303e-005, 2.94110873e-005, 1.71502293e-005, 0.999999999, 0, 0, 0, 0, 0, 0, 0, 0.278470703, -0.119906885, -0.183971729, -0.0183803485, 0.69688145, -0.71687853, -0.957275391, 0.194458008, 0.213500977, 0.288161346, 0.690253372, 0.663773696, 0, 0, -0, 0, 0, 0, 0, 0.324027002, -0.0831418457, -0.142825879, 0.0278082219, 0.321181201, -0.946541348, 0.462890625, -0.843383789, -0.272583008, -0.885857201, -0.430578167, -0.172149189, 0, 1, 5, 1, 
384.02395, 49, 0.1, 0.1, 0.00851975966, 0.365793214, -0.0199682186, 0.963966675, -0.266023026, -7.61924614e-007, 0.266023026, 0.963966674, 2.28484883e-005, -5.34375405e-006, -2.22278708e-005, 1, 0.963966767, -0.266022693, 1.05511715e-005, 0.266022692, 0.963966766, 2.60952851e-005, -1.71129167e-005, -2.23481365e-005, 1, 0, 0, 0, 0, 0, 0, 0, 0.278470703, -0.119906885, -0.183971729, -0.0183803485, 0.69688145, -0.71687853, -0.957275391, 0.194458008, 0.213500977, 0.288161346, 0.690253372, 0.663773696, 0, 0, -0, 0, 0, 0, 0, 0.324027002, -0.0831418457, -0.142825879, 0.0278082219, 0.321181201, -0.946541348, 0.462890625, -0.843383789, -0.272583008, -0.885857201, -0.430578167, -0.172149189, 0, 1, 5, 1, 
384.024739, 49, 0.1, 0.1, 0.00851976168, 0.365793218, -0.019969618, 0.963966178, -0.266024825, 1.30181698e-005, 0.266024825, 0.963966178, -4.92565237e-006, -1.12387296e-005, 8.21131865e-006, 1, 0.963966281, -0.266024452, -6.09005318e-006, 0.266024452, 0.963966281, -2.2821042e-005, 1.19415611e-005, 2.03786119e-005, 1, 0, 0, 0, 0, 0, 0, 0, 0.278470703, -0.119906885, -0.183971729, -0.0183803485, 0.69688145, -0.71687853, -0.957275391, 0.194458008, 0.213500977, 0.288161346, 0.690253372, 0.663773696, 0, 0, -0, 0, 0, 0, 0, 0.324027002, -0.0831418457, -0.142825879, 0.0278082219, 0.321181201, -0.946541348, 0.462890625, -0.843383789, -0.272583008, -0.885857201, -0.430578167, -0.172149189, 0, 1, 5, 1, 
