time, trialNum, realDorsalTactorPos, realVentralTactorPos, boxPosX, boxPosY, boxPosZ, boxLocalRot_11, boxLocalRot_12, boxLocalRot_13, boxLocalRot_21, boxLocalRot_22, boxLocalRot_23, boxLocalRot_31, boxLocalRot_32, boxLocalRot_33, boxGlobalRot_11, boxGlobalRot_12, boxGlobalRot_13, boxGlobalRot_21, boxGlobalRot_22, boxGlobalRot_23, boxGlobalRot_31, boxGlobalRot_32, boxGlobalRot_33, indexForceX, indexForceY, indexForceZ, indexForceGlobalX, indexForceGlobalY, indexForceGlobalZ, indexContact, indexPosX, indexPosY, indexPosZ, indexRot_11, indexRot_12, indexRot_13, indexRot_21, indexRot_22, indexRot_23, indexRot_31, indexRot_32, indexRot_33, thumbForceX, thumbForceY, thumbForceZ, thumbForceGlobalX, thumbForceGlobalY, thumbForceGlobalZ, thumbContact, thumbPosX, thumbPosY, thumbPosZ, thumbRot_11, thumbRot_12, thumbRot_13, thumbRot_21, thumbRot_22, thumbRot_23, thumbRot_31, thumbRot_32, thumbRot_33, manipForceTooHigh, cceExpType, mapping, trialSuccess, 
588.923751, 48, 0.1, 0.1, 0.00193067545, 0.35871033, -0.0199702934, 0.997449355, 2.75527358e-005, -0.0713777586, 0.0713777583, 1.14206803e-005, 0.997449355, 2.82976411e-005, -1, 9.42489772e-006, 0.997449351, 1.32430736e-005, -0.0713778072, 0.0713778069, 2.14601345e-005, 0.997449351, 1.47410725e-005, -1, 2.04601357e-005, 0, -0, 0, 0, 0, 0, 0, 0.371826367, -0.20650957, -0.216200049, 0.0527082329, 0.270486761, -0.961236219, -0.994873047, -0.0682373047, -0.0737304687, -0.085469531, 0.960231244, 0.265702256, 0, -0, 0, 0, 0, 0, 0, 0.401219873, -0.140210254, -0.206914502, 0.216033135, 0.00378738247, -0.976283309, -0.267211914, -0.961425781, -0.0628662109, -0.938983135, 0.274605284, -0.206820071, 0, 1, 5, 1, 
588.948228, 48, 0.1, 0.1, 0.00193067346, 0.358710282, -0.0199638796, 0.997449858, 1.15838851e-005, -0.0713707265, 0.0713707267, -2.47485261e-005, 0.997449858, 9.78802422e-006, -1, -2.55121641e-005, 0.99744986, 5.90220843e-006, -0.0713706951, 0.0713706951, 4.27672047e-006, 0.99744986, 6.19238948e-006, -1, 3.84456951e-006, 0, -0, 0, 0, 0, 0, 0, 0.393677026, -0.213288672, -0.21382561, 0.0383746042, 0.304817781, -0.951550033, -0.98828125, -0.128540039, -0.0810546875, -0.147096337, 0.943670471, 0.29642561, 0, -0, 0, 0, 0, 0, 0, 0.417210889, -0.148830615, -0.203826709, 0.216848297, 0.0138461547, -0.976002593, -0.196655273, -0.978637695, -0.0576171875, -0.956081437, 0.204594474, -0.209490906, 0, 1, 5, 1, 
588.948958, 48, 0.1, 0.1, 0.00193067147, 0.358710277, -0.0199630251, 0.997449869, 9.6274259e-007, -0.0713705743, 0.0713705743, 2.0919566e-005, 0.997449869, 2.45332891e-006, -1, 2.07975069e-005, 0.997449864, -1.56902995e-005, -0.0713706412, 0.071370641, -1.54506691e-005, 0.997449864, -1.67530112e-005, -1, -1.4291441e-005, 0, -0, 0, 0, 0, 0, 0, 0.393677026, -0.213288672, -0.21382561, 0.0383746042, 0.304817781, -0.951550033, -0.98828125, -0.128540039, -0.0810546875, -0.147096337, 0.943670471, 0.29642561, 0, -0, 0, 0, 0, 0, 0, 0.417210889, -0.148830615, -0.203826709, 0.216848297, 0.0138461547, -0.976002593, -0.196655273, -0.978637695, -0.0576171875, -0.956081437, 0.204594474, -0.209490906, 0, 1, 5, 1, 
588.949692, 48, 0.1, 0.1, 0.00193066937, 0.358710282, -0.0199634801, 0.997449874, -1.26990266e-005, -0.071370501, 0.0713705009, -9.48324978e-006, 0.997449874, -1.33434667e-005, -1, -8.55273041e-006, 0.997449876, -2.13548031e-005, -0.0713704742, 0.0713704746, 1.96442765e-005, 0.997449876, -1.98983244e-005, -1, 2.11182836e-005, 0, -0, 0, 0, 0, 0, 0, 0.393919629, -0.214482959, -0.216373901, 0.0300041553, 0.312184377, -0.949489908, -0.988647461, -0.130371094, -0.0740966797, -0.146882916, 0.941020614, 0.304750754, 0, -0, 0, 0, 0, 0, 0, 0.417733008, -0.150285889, -0.205127588, 0.211915308, 0.017078422, -0.977024112, -0.19140625, -0.979614258, -0.05859375, -0.95819557, 0.19953352, -0.204443079, 0, 1, 5, 1, 
588.950389, 48, 0.1, 0.1, 0.00193066934, 0.358710279, -0.0199656628, 0.997449854, -1.42984738e-005, -0.0713707771, 0.0713707773, 1.7027511e-005, 0.997449854, -1.30467439e-005, -1, 1.80045815e-005, 0.997449857, -8.61994271e-006, -0.0713707477, 0.0713707476, -9.37147245e-006, 0.997449857, -9.26680962e-006, -1, -8.73236209e-006, 0, -0, 0, 0, 0, 0, 0, 0.393919629, -0.214482959, -0.216373901, 0.0300041553, 0.312184377, -0.949489908, -0.988647461, -0.130371094, -0.0740966797, -0.146882916, 0.941020614, 0.304750754, 0, -0, 0, 0, 0, 0, 0, 0.417733008, -0.150285889, -0.205127588, 0.211915308, 0.017078422, -0.977024112, -0.19140625, -0.979614258, -0.05859375, -0.95819557, 0.19953352, -0.204443079, 0, 1, 5, 1, 
588.951102, 48, 0.1, 0.1, 0.00193066984, 0.358710283, -0.019968882, 0.997449863, -2.56753915e-006, -0.071370658, 0.0713706579, -1.58148557e-005, 0.997449863, -3.68970823e-006, -1, -1.55912787e-005, 0.997449859, 9.95819258e-006, -0.0713707099, 0.0713707098, 1.29609626e-005, 0.997449859, 1.08578309e-005, -1, 1.22171871e-005, 0, -0, 0, 0, 0, 0, 0, 0.393919629, -0.214482959, -0.216373901, 0.0300041553, 0.312184377, -0.949489908, -0.988647461, -0.130371094, -0.0740966797, -0.146882916, 0.941020614, 0.304750754, 0, -0, 0, 0, 0, 0, 0, 0.417733008, -0.150285889, -0.205127588, 0.211915308, 0.017078422, -0.977024112, -0.19140625, -0.979614258, -0.05859375, -0.95819557, 0.19953352, -0.204443079, 0, 1, 5, 1, 
588.951845, 48, 0.1, 0.1, 0.00193067103, 0.358710278, -0.0199717701, 0.997449866, 9.89044513e-006, -0.0713706091, 0.071370609, 7.33731367e-006, 0.997449866, 1.03888917e-005, -1, 6.61271545e-006, 0.997449868, 1.68810135e-005, -0.0713705827, 0.071370583, -1.70328936e-005, 0.997449868, 1.56223172e-005, -1, -1.81942653e-005, 0, -0, 0, 0, 0, 0, 0, 0.393919629, -0.214482959, -0.216373901, 0.0300041553, 0.312184377, -0.949489908, -0.988647461, -0.130371094, -0.0740966797, -0.146882916, 0.941020614, 0.304750754, 0, -0, 0, 0, 0, 0, 0, 0.417733008, -0.150285889, -0.205127588, 0.21085441, 0.0175756885, -0.977356234, -0.184448242, -0.981079102, -0.0574951172, -0.959779988, 0.192466708, -0.203618787, 0, 1, 5, 1, 
588.952545, 48, 0.1, 0.1, 0.00193067085, 0.35871028, -0.0199733603, 0.99744985, 1.27538791e-005, -0.071370833, 0.0713708332, -1.58383106e-005, 0.99744985, 1.15909614e-005, -1, -1.67081755e-005, 0.997449852, 8.10197747e-006, -0.0713708087, 0.0713708087, 5.16970734e-006, 0.997449852, 8.45028242e-006, -1, 4.57827914e-006, 0, -0, 0, 0, 0, 0, 0, 0.393919629, -0.214482959, -0.216373901, 0.0300041553, 0.312184377, -0.949489908, -0.988647461, -0.130371094, -0.0740966797, -0.146882916, 0.941020614, 0.304750754, 0, -0, 0, 0, 0, 0, 0, 0.419192187, -0.151964307, -0.2044625, 0.21085441, 0.0175756885, -0.977356234, -0.184448242, -0.981079102, -0.0574951172, -0.959779988, 0.192466708, -0.203618787, 0, 1, 5, 1, 
588.953243, 48, 0.1, 0.1, 0.00193067046, 0.358710276, -0.0199737384, 0.997449856, 4.95802689e-006, -0.071370749, 0.071370749, 1.14652844e-005, 0.997449856, 5.76366914e-006, -1, 1.10821882e-005, 0.997449854, -5.42347169e-006, -0.0713707862, 0.0713707861, -1.14357045e-005, 0.997449854, -6.22581626e-006, -1, -1.10194644e-005, 0, -0, 0, 0, 0, 0, 0, 0.393919629, -0.214482959, -0.216373901, 0.0300041553, 0.312184377, -0.949489908, -0.988647461, -0.130371094, -0.0740966797, -0.146882916, 0.941020614, 0.304750754, 0, -0, 0, 0, 0, 0, 0, 0.419192187, -0.151964307, -0.2044625, 0.21085441, 0.0175756885, -0.977356234, -0.184448242, -0.981079102, -0.0574951172, -0.959779988, 0.192466708, -0.203618787, 0, 1, 5, 1, 
588.953964, 48, 0.1, 0.1, 0.0019306696, 0.358710279, -0.0199727555, 0.997449858, -4.38931312e-006, -0.0713707289, 0.0713707288, -1.58465605e-005, 0.997449858, -5.50910032e-006, -1, -1.5492881e-005, 0.99744986, -1.18957527e-005, -0.0713707009, 0.071370701, 7.4880786e-006, 0.99744986, -1.13309874e-005, -1, 8.31799116e-006, 0, -0, 0, 0, 0, 0, 0, 0.393919629, -0.214482959, -0.216373901, 0.0300041553, 0.312184377, -0.949489908, -0.988647461, -0.130371094, -0.0740966797, -0.146882916, 0.941020614, 0.304750754, 0, -0, 0, 0, 0, 0, 0, 0.419192187, -0.151964307, -0.2044625, 0.21085441, 0.0175756885, -0.977356234, -0.184448242, -0.981079102, -0.0574951172, -0.959779988, 0.192466708, -0.203618787, 0, 1, 5, 1, 
588.954683, 48, 0.1, 0.1, 0.0019306705, 0.358710276, -0.0199704072, 0.99744984, -8.90874939e-006, -0.071370984, 0.0713709842, 1.8667583e-005, 0.997449839, -7.55370687e-006, -1, 1.92558039e-005, 0.997449842, -3.46584382e-006, -0.0713709567, 0.0713709567, -6.42566772e-006, 0.997449842, -3.91561143e-006, -1, -6.16192066e-006, 0, -0, 0, 0, 0, 0, 0, 0.395187427, -0.216541675, -0.215639478, 0.0287149838, 0.315667727, -0.948434758, -0.98840332, -0.132202148, -0.0739746094, -0.148779794, 0.939603762, 0.308291392, 0, -0, 0, 0, 0, 0, 0, 0.419192187, -0.151964307, -0.2044625, 0.21085441, 0.0175756885, -0.977356234, -0.184448242, -0.981079102, -0.0574951172, -0.959779988, 0.192466708, -0.203618787, 0, 1, 5, 1, 
588.955385, 48, 0.1, 0.1, 0.00193067142, 0.35871028, -0.0199679758, 0.997449847, -2.32737739e-006, -0.0713708792, 0.0713708792, -1.16693642e-005, 0.997449847, -3.154295e-006, -1, -1.14734985e-005, 0.997449844, 1.08827418e-005, -0.0713709225, 0.0713709223, 1.55122566e-005, 0.997449844, 1.19621132e-005, -1, 1.46959866e-005, 0, -0, 0, 0, 0, 0, 0, 0.395187427, -0.216541675, -0.215639478, 0.0287149838, 0.315667727, -0.948434758, -0.98840332, -0.132202148, -0.0739746094, -0.148779794, 0.939603762, 0.308291392, 0, -0, 0, 0, 0, 0, 0, 0.419192187, -0.151964307, -0.2044625, 0.21085441, 0.0175756885, -0.977356234, -0.184448242, -0.981079102, -0.0574951172, -0.959779988, 0.192466708, -0.203618787, 0, 1, 5, 1, 
588.956088, 48, 0.1, 0.1, 0.00193067248, 0.358710277, -0.0199661344, 0.997449849, 8.34063557e-006, -0.0713708472, 0.071370847, 2.28332861e-005, 0.997449849, 9.94899667e-006, -1, 2.21797796e-005, 0.997449851, 1.71751813e-005, -0.0713708185, 0.0713708186, -4.11312183e-006, 0.997449851, 1.68378252e-005, -1, -5.32843951e-006, 0, -0, 0, 0, 0, 0, 0, 0.395187427, -0.216541675, -0.215639478, 0.0287149838, 0.315667727, -0.948434758, -0.98840332, -0.132202148, -0.0739746094, -0.148779794, 0.939603762, 0.308291392, 0, -0, 0, 0, 0, 0, 0, 0.419192187, -0.151964307, -0.2044625, 0.21085441, 0.0175756885, -0.977356234, -0.184448242, -0.981079102, -0.0574951172, -0.959779988, 0.192466708, -0.203618787, 0, 1, 5, 1, 
588.956853, 48, 0.1, 0.1, 0.00193067171, 0.358710281, -0.0199649013, 0.997449827, 1.52655429e-005, -0.0713711586, 0.071371159, -2.20799315e-005, 0.997449827, 1.36507428e-005, -1, -2.31131433e-005, 0.997449829, 9.0426952e-006, -0.0713711258, 0.0713711257, 1.01392664e-005, 0.997449829, 9.74328565e-006, -1, 9.46802225e-006, 0, -0, 0, 0, 0, 0, 0, 0.397123242, -0.21788855, -0.214439648, 0.0275703454, 0.320020137, -0.947042994, -0.987670898, -0.13684082, -0.0750732422, -0.15366577, 0.937431304, 0.312396676, 0, -0, 0, 0, 0, 0, 0, 0.419192187, -0.151964307, -0.2044625, 0.211033047, 0.0182643523, -0.977292435, -0.17565918, -0.982788086, -0.0562744141, -0.96147961, 0.183578871, -0.204225795, 0, 1, 5, 1, 
588.957553, 48, 0.1, 0.1, 0.00193067059, 0.358710276, -0.0199647642, 0.997449837, 2.54082612e-006, -0.0713710192, 0.0713710192, 1.21747713e-005, 0.997449837, 3.40327244e-006, -1, 1.19623823e-005, 0.997449833, -1.10816612e-005, -0.071371075, 0.0713710747, -1.84599235e-005, 0.997449833, -1.23709057e-005, -1, -1.76219376e-005, 0, -0, 0, 0, 0, 0, 0, 0.397123242, -0.21788855, -0.214439648, 0.0275703454, 0.320020137, -0.947042994, -0.987670898, -0.13684082, -0.0750732422, -0.15366577, 0.937431304, 0.312396676, 0, -0, 0, 0, 0, 0, 0, 0.421177441, -0.153445117, -0.203578076, 0.211033047, 0.0182643523, -0.977292435, -0.17565918, -0.982788086, -0.0562744141, -0.96147961, 0.183578871, -0.204225795, 0, 1, 5, 1, 
588.958268, 48, 0.1, 0.1, 0.00193066835, 0.358710279, -0.0199659435, 0.997449841, -1.38578843e-005, -0.0713709591, 0.0713709588, -1.74976879e-005, 0.997449841, -1.50713712e-005, -1, -1.64640155e-005, 0.997449843, -2.19582353e-005, -0.0713709335, 0.0713709337, 8.94146613e-006, 0.997449843, -2.12640776e-005, -1, 1.04858437e-005, 0, -0, 0, 0, 0, 0, 0, 0.397123242, -0.21788855, -0.214439648, 0.0275703454, 0.320020137, -0.947042994, -0.987670898, -0.13684082, -0.0750732422, -0.15366577, 0.937431304, 0.312396676, 0, -0, 0, 0, 0, 0, 0, 0.421177441, -0.153445117, -0.203578076, 0.211033047, 0.0182643523, -0.977292435, -0.17565918, -0.982788086, -0.0562744141, -0.96147961, 0.183578871, -0.204225795, 0, 1, 5, 1, 
588.958988, 48, 0.1, 0.1, 0.00193066752, 0.358710275, -0.0199679565, 0.997449822, -1.82573716e-005, -0.0713712239, 0.0713712242, 1.80841347e-005, 0.997449822, -1.69201252e-005, -1, 1.93410679e-005, 0.997449824, -1.24837593e-005, -0.0713711954, 0.0713711953, -9.96159766e-006, 0.997449824, -1.31628946e-005, -1, -9.04521302e-006, 0, -0, 0, 0, 0, 0, 0, 0.397123242, -0.21788855, -0.214439648, 0.0275703454, 0.320020137, -0.947042994, -0.987670898, -0.13684082, -0.0750732422, -0.15366577, 0.937431304, 0.312396676, 0, -0, 0, 0, 0, 0, 0, 0.421177441, -0.153445117, -0.203578076, 0.211033047, 0.0182643523, -0.977292435, -0.17565918, -0.982788086, -0.0562744141, -0.96147961, 0.183578871, -0.204225795, 0, 1, 5, 1, 
588.959707, 48, 0.1, 0.1, 0.00193066722, 0.35871028, -0.0199699664, 0.997449832, -5.97936423e-006, -0.0713710945, 0.0713710945, -8.19427181e-006, 0.997449832, -6.54894999e-006, -1, -7.74662127e-006, 0.997449828, 5.60472562e-006, -0.071371144, 0.0713711439, 1.76644596e-005, 0.997449828, 6.8511653e-006, -1, 1.72193966e-005, 0, -0, 0, 0, 0, 0, 0, 0.397123242, -0.21788855, -0.214439648, 0.0275703454, 0.320020137, -0.947042994, -0.987670898, -0.13684082, -0.0750732422, -0.15366577, 0.937431304, 0.312396676, 0, -0, 0, 0, 0, 0, 0, 0.421177441, -0.153445117, -0.203578076, 0.211033047, 0.0182643523, -0.977292435, -0.17565918, -0.982788086, -0.0562744141, -0.96147961, 0.183578871, -0.204225795, 0, 1, 5, 1, 
588.960409, 48, 0.1, 0.1, 0.00193066774, 0.358710277, -0.0199715312, 0.997449836, 7.14624793e-006, -0.0713710326, 0.0713710325, 1.54855419e-005, 0.997449836, 8.23324294e-006, -1, 1.49360161e-005, 0.997449837, 1.36136887e-005, -0.0713710138, 0.0713710139, -6.52230234e-006, 0.997449838, 1.31134682e-005, -1, -7.47729218e-006, 0, -0, 0, 0, 0, 0, 0, 0.397123242, -0.21788855, -0.214439648, 0.0275703454, 0.320020137, -0.947042994, -0.987670898, -0.13684082, -0.0750732422, -0.15366577, 0.937431304, 0.312396676, 0, -0, 0, 0, 0, 0, 0, 0.421177441, -0.153445117, -0.203578076, 0.211033047, 0.0182643523, -0.977292435, -0.17565918, -0.982788086, -0.0562744141, -0.96147961, 0.183578871, -0.204225795, 0, 1, 5, 1, 
588.961118, 48, 0.1, 0.1, 0.00193066728, 0.35871028, -0.0199723308, 0.997449821, 1.24731341e-005, -0.0713712367, 0.0713712369, -1.40082906e-005, 0.997449821, 1.14415364e-005, -1, -1.486279e-005, 0.997449823, 7.26953173e-006, -0.0713712175, 0.0713712174, 8.95812025e-006, 0.997449823, 7.89034509e-006, -1, 8.41644013e-006, 0, -0, 0, 0, 0, 0, 0, 0.397123242, -0.21788855, -0.214439648, 0.0275703454, 0.320020137, -0.947042994, -0.987670898, -0.13684082, -0.0750732422, -0.15366577, 0.937431304, 0.312396676, 0, -0, 0, 0, 0, 0, 0, 0.421177441, -0.153445117, -0.203578076, 0.211033047, 0.0182643523, -0.977292435, -0.17565918, -0.982788086, -0.0562744141, -0.96147961, 0.183578871, -0.204225795, 0, 1, 5, 1, 
588.961864, 48, 0.1, 0.1, 0.00193066699, 0.358710277, -0.0199719273, 0.997449831, 7.96581776e-006, -0.0713711009, 0.0713711008, 1.59812149e-005, 0.997449831, 9.08610049e-006, -1, 1.53719309e-005, 0.997449827, -5.3865279e-006, -0.0713711543, 0.0713711543, -1.14155643e-005, 0.997449827, -6.18753332e-006, -1, -1.10020099e-005, 0, -0, 0, 0, 0, 0, 0, 0.397123242, -0.21788855, -0.214439648, 0.0260939616, 0.325926819, -0.945079471, -0.986328125, -0.145019531, -0.0773925781, -0.162206961, 0.934147531, 0.317770914, 0, -0, 0, 0, 0, 0, 0, 0.421177441, -0.153445117, -0.203578076, 0.211033047, 0.0182643523, -0.977292435, -0.17565918, -0.982788086, -0.0562744141, -0.96147961, 0.183578871, -0.204225795, 0, 1, 5, 1, 
588.962586, 48, 0.1, 0.1, 0.00193066673, 0.35871028, -0.0199702065, 0.997449836, -2.4848465e-006, -0.0713710339, 0.0713710338, -1.64099561e-005, 0.997449836, -3.64970527e-006, -1, -1.6190762e-005, 0.997449837, -9.99403624e-006, -0.0713710144, 0.0713710145, 7.73104054e-006, 0.997449837, -9.41677762e-006, -1, 8.42460963e-006, 0, -0, 0, 0, 0, 0, 0, 0.399700708, -0.217819922, -0.213206738, 0.0260939616, 0.325926819, -0.945079471, -0.986328125, -0.145019531, -0.0773925781, -0.162206961, 0.934147531, 0.317770914, 0, -0, 0, 0, 0, 0, 0, 0.423458936, -0.153522754, -0.20246748, 0.212317059, 0.0206777916, -0.976883754, -0.1640625, -0.984741211, -0.0565185547, -0.963185796, 0.172294719, -0.205778496, 0, 1, 5, 1, 
588.963289, 48, 0.1, 0.1, 0.00193066793, 0.358710276, -0.0199683739, 0.997449821, -7.92958131e-006, -0.0713712505, 0.0713712506, 1.54195938e-005, 0.99744982, -6.80884376e-006, -1, 1.59462152e-005, 0.997449822, -2.23984921e-006, -0.071371231, 0.071371231, -1.04234383e-005, 0.997449822, -2.97807082e-006, -1, -1.02369959e-005, 0, -0, 0, 0, 0, 0, 0, 0.399700708, -0.217819922, -0.213206738, 0.0260939616, 0.325926819, -0.945079471, -0.986328125, -0.145019531, -0.0773925781, -0.162206961, 0.934147531, 0.317770914, 0, -0, 0, 0, 0, 0, 0, 0.423458936, -0.153522754, -0.20246748, 0.212317059, 0.0206777916, -0.976883754, -0.1640625, -0.984741211, -0.0565185547, -0.963185796, 0.172294719, -0.205778496, 0, 1, 5, 1, 
588.963999, 48, 0.1, 0.1, 0.00193066929, 0.35871028, -0.0199669396, 0.997449832, -5.80580866e-007, -0.0713710976, 0.0713710976, -1.79466828e-005, 0.997449831, -1.85997474e-006, -1, -1.78594791e-005, 0.997449828, 1.33997144e-005, -0.0713711516, 0.0713711514, 1.0450344e-005, 0.997449828, 1.41113959e-005, -1, 9.46734076e-006, 0, -0, 0, 0, 0, 0, 0, 0.399700708, -0.217819922, -0.213206738, 0.0260939616, 0.325926819, -0.945079471, -0.986328125, -0.145019531, -0.0773925781, -0.162206961, 0.934147531, 0.317770914, 0, -0, 0, 0, 0, 0, 0, 0.423458936, -0.153522754, -0.20246748, 0.212317059, 0.0206777916, -0.976883754, -0.1640625, -0.984741211, -0.0565185547, -0.963185796, 0.172294719, -0.205778496, 0, 1, 5, 1, 
588.964755, 48, 0.1, 0.1, 0.00193067076, 0.358710275, -0.0199657008, 0.997449837, 9.76894274e-006, -0.071371022, 0.0713710218, 1.78605347e-005, 0.997449837, 1.1018755e-005, -1, 1.7117768e-005, 0.997449838, 1.91723228e-005, -0.0713709977, 0.0713709979, -9.86858946e-006, 0.997449839, 1.84190993e-005, -1, -1.12117708e-005, 0, -0, 0, 0, 0, 0, 0, 0.401442187, -0.216946558, -0.213697754, 0.0212738907, 0.334530168, -0.94209899, -0.985229492, -0.152587891, -0.0764160156, -0.169229829, 0.92994228, 0.326444655, 0, -0, 0, 0, 0, 0, 0, 0.424904687, -0.153197217, -0.202446973, 0.211173039, 0.0252319836, -0.977036871, -0.153930664, -0.986206055, -0.0588378906, -0.965147178, 0.162831225, -0.204321677, 0, 1, 5, 1, 
588.965461, 48, 0.1, 0.1, 0.0019306697, 0.358710278, -0.0199654996, 0.997449818, 1.07689205e-005, -0.0713712909, 0.0713712911, -1.73610656e-005, 0.997449818, 9.50237613e-006, -1, -1.80853835e-005, 0.99744982, 5.04885441e-006, -0.071371262, 0.0713712619, 1.17999179e-005, 0.99744982, 5.87815395e-006, -1, 1.14094829e-005, 0, -0, 0, 0, 0, 0, 0, 0.401442187, -0.216946558, -0.213697754, 0.0212738907, 0.334530168, -0.94209899, -0.985229492, -0.152587891, -0.0764160156, -0.169229829, 0.92994228, 0.326444655, 0, -0, 0, 0, 0, 0, 0, 0.424904687, -0.153197217, -0.202446973, 0.211173039, 0.0252319836, -0.977036871, -0.153930664, -0.986206055, -0.0588378906, -0.965147178, 0.162831225, -0.204321677, 0, 1, 5, 1, 
588.96616, 48, 0.1, 0.1, 0.00193066786, 0.358710274, -0.0199664617, 0.997449827, -1.28674885e-006, -0.071371155, 0.071371155, 1.28532288e-005, 0.997449827, -3.66117631e-007, -1, 1.29122876e-005, 0.997449824, -1.46452721e-005, -0.0713712073, 0.0713712071, -1.5519078e-005, 0.997449824, -1.57155394e-005, -1, -1.44342509e-005, 0, -0, 0, 0, 0, 0, 0, 0.401442187, -0.216946558, -0.213697754, 0.0212738907, 0.334530168, -0.94209899, -0.985229492, -0.152587891, -0.0764160156, -0.169229829, 0.92994228, 0.326444655, 0, -0, 0, 0, 0, 0, 0, 0.424904687, -0.153197217, -0.202446973, 0.211173039, 0.0252319836, -0.977036871, -0.153930664, -0.986206055, -0.0588378906, -0.965147178, 0.162831225, -0.204321677, 0, 1, 5, 1, 
588.966899, 48, 0.1, 0.1, 0.00193067372, 0.358710278, -0.0199680381, 0.997449866, 1.33620492e-005, -0.0713706079, 0.0713706081, -1.37513505e-005, 0.997449866, 1.23465319e-005, -1, -1.46699403e-005, 0.997449858, 3.11297133e-005, -0.0713707222, 0.0713707218, 1.26585689e-005, 0.997449858, 3.19537794e-005, -0.999999999, 1.04045376e-005, 0, -0, 0, 0, 0, 0, 0, 0.401442187, -0.216946558, -0.213697754, 0.0212738907, 0.334530168, -0.94209899, -0.985229492, -0.152587891, -0.0764160156, -0.169229829, 0.92994228, 0.326444655, 0, -0, 0, 0, 0, 0, 0, 0.424904687, -0.153197217, -0.202446973, 0.211173039, 0.0252319836, -0.977036871, -0.153930664, -0.986206055, -0.0588378906, -0.965147178, 0.162831225, -0.204321677, 0, 1, 5, 1, 
588.967599, 48, 0.1, 0.1, 0.00193066794, 0.358710274, -0.0199696341, 0.997449927, -2.16382052e-005, -0.0713697663, 0.0713697667, 1.53537703e-005, 0.997449927, -2.04872311e-005, -1, 1.68589307e-005, 0.997449913, -3.4433108e-005, -0.0713699499, 0.0713699496, -1.04045759e-005, 0.997449914, -3.50878747e-005, -0.999999999, -7.92055413e-006, 0, -0, 0, 0, 0, 0, 0, 0.401442187, -0.216946558, -0.213697754, 0.0212738907, 0.334530168, -0.94209899, -0.985229492, -0.152587891, -0.0764160156, -0.169229829, 0.92994228, 0.326444655, 0, -0, 0, 0, 0, 0, 0, 0.424904687, -0.153197217, -0.202446973, 0.211173039, 0.0252319836, -0.977036871, -0.153930664, -0.986206055, -0.0588378906, -0.965147178, 0.162831225, -0.204321677, 0, 1, 5, 1, 
588.968298, 48, 0.1, 0.1, 0.00193066977, 0.358710278, -0.0199710779, 0.997450007, 2.39492139e-006, -0.0713686503, 0.0713686503, -9.05760161e-006, 0.997450007, 1.74238555e-006, -1, -9.20542709e-006, 0.99744999, 1.48424791e-005, -0.0713688778, 0.0713688775, 1.51986668e-005, 0.99744999, 1.58893424e-005, -1, 1.4100619e-005, 0, -0, 0, 0, 0, 0, 0, 0.401442187, -0.216946558, -0.213697754, 0.0212738907, 0.334530168, -0.94209899, -0.985229492, -0.152587891, -0.0764160156, -0.169229829, 0.92994228, 0.326444655, 0, -0, 0, 0, 0, 0, 0, 0.424904687, -0.153197217, -0.202446973, 0.211173039, 0.0252319836, -0.977036871, -0.153930664, -0.986206055, -0.0588378906, -0.965147178, 0.162831225, -0.204321677, 0, 1, 5, 1, 
588.96902, 48, 0.1, 0.1, 0.00193066433, 0.358710275, -0.0199719083, 0.997450103, -1.3427886e-005, -0.0713672987, 0.0713672989, 1.40870125e-005, 0.997450103, -1.23882943e-005, -1, 1.5009404e-005, 0.997450083, -2.87056762e-005, -0.0713675769, 0.0713675766, -9.72280035e-006, 0.997450083, -2.93263718e-005, -1, -7.64935347e-006, 0, -0, 0, 0, 0, 0, 0, 0.401442187, -0.216946558, -0.213697754, 0.0212738907, 0.334530168, -0.94209899, -0.985229492, -0.152587891, -0.0764160156, -0.169229829, 0.92994228, 0.326444655, 0, -0, 0, 0, 0, 0, 0, 0.424904687, -0.153197217, -0.202446973, 0.211173039, 0.0252319836, -0.977036871, -0.153930664, -0.986206055, -0.0588378906, -0.965147178, 0.162831225, -0.204321677, 0, 1, 5, 1, 
588.969759, 48, 0.1, 0.1, 0.00193066914, 0.358710279, -0.019971313, 0.997450219, 1.53590172e-005, -0.0713656817, 0.0713656819, -1.57409991e-005, 0.997450219, 1.4196488e-005, -1, -1.67969698e-005, 0.997450197, 2.85391218e-005, -0.0713659855, 0.0713659853, 8.57273743e-006, 0.997450197, 2.90781546e-005, -1, 6.51415609e-006, 0, -0, 0, 0, 0, 0, 0, 0.403624536, -0.216553613, -0.214200244, 0.016238894, 0.342448304, -0.93931546, -0.984375, -0.158447266, -0.0748291016, -0.174488369, 0.92609274, 0.334655223, 0, -0, 0, 0, 0, 0, 0, 0.426537305, -0.153580469, -0.20265459, 0.209383731, 0.0286108056, -0.977336911, -0.145751953, -0.987426758, -0.0601806641, -0.966808154, 0.155208077, -0.202634814, 0, 1, 5, 1, 
588.970463, 48, 0.1, 0.1, 0.00193066577, 0.358710275, -0.0199701044, 0.997450341, -5.89719647e-006, -0.0713639726, 0.0713639726, 1.27439817e-005, 0.997450341, -4.97269947e-006, -1, 1.31323363e-005, 0.997450317, -1.99073973e-005, -0.0713643134, 0.0713643132, -1.25472044e-005, 0.997450317, -2.07520624e-005, -1, -1.10945353e-005, 0, -0, 0, 0, 0, 0, 0, 0.403624536, -0.216553613, -0.214200244, 0.016238894, 0.342448304, -0.93931546, -0.984375, -0.158447266, -0.0748291016, -0.174488369, 0.92609274, 0.334655223, 0, -0, 0, 0, 0, 0, 0, 0.426537305, -0.153580469, -0.20265459, 0.209383731, 0.0286108056, -0.977336911, -0.145751953, -0.987426758, -0.0601806641, -0.966808154, 0.155208077, -0.202634814, 0, 1, 5, 1, 
588.971164, 48, 0.1, 0.1, 0.00193067058, 0.358710278, -0.0199687498, 0.997450474, 1.29303835e-005, -0.071362118, 0.0713621182, -1.59245207e-005, 0.997450474, 1.17610097e-005, -1, -1.68066603e-005, 0.997450448, 2.86244135e-005, -0.0713624814, 0.0713624812, 9.73540618e-006, 0.997450448, 2.92461768e-005, -1, 7.66787609e-006, 0, -0, 0, 0, 0, 0, 0, 0.403624536, -0.216553613, -0.214200244, 0.016238894, 0.342448304, -0.93931546, -0.984375, -0.158447266, -0.0748291016, -0.174488369, 0.92609274, 0.334655223, 0, -0, 0, 0, 0, 0, 0, 0.426537305, -0.153580469, -0.20265459, 0.209383731, 0.0286108056, -0.977336911, -0.145751953, -0.987426758, -0.0601806641, -0.966808154, 0.155208077, -0.202634814, 0, 1, 5, 1, 
588.971898, 48, 0.1, 0.1, 0.00193066522, 0.358710274, -0.0199674233, 0.997450625, -1.48931765e-005, -0.0713600047, 0.0713600051, 2.16622879e-005, 0.997450625, -1.33093872e-005, -1, 2.26698397e-005, 0.997450595, -2.99511869e-005, -0.0713604232, 0.071360423, -7.24818563e-006, 0.997450595, -3.03920628e-005, -1, -5.0923777e-006, 0, -0, 0, 0, 0, 0, 0, 0.403624536, -0.216553613, -0.214200244, 0.016238894, 0.342448304, -0.93931546, -0.984375, -0.158447266, -0.0748291016, -0.174488369, 0.92609274, 0.334655223, 0, -0, 0, 0, 0, 0, 0, 0.426537305, -0.153580469, -0.20265459, 0.209383731, 0.0286108056, -0.977336911, -0.145751953, -0.987426758, -0.0601806641, -0.966808154, 0.155208077, -0.202634814, 0, 1, 5, 1, 
588.972599, 48, 0.1, 0.1, 0.00193066892, 0.358710279, -0.0199666058, 0.997450782, 8.96959446e-006, -0.0713578117, 0.0713578118, -1.16763316e-005, 0.997450782, 8.11353154e-006, -1, -1.22866167e-005, 0.997450751, 2.41444165e-005, -0.0713582447, 0.0713582443, 1.72819382e-005, 0.997450751, 2.53160752e-005, -1, 1.55149791e-005, 0, -0, 0, 0, 0, 0, 0, 0.403624536, -0.216553613, -0.214200244, 0.016238894, 0.342448304, -0.93931546, -0.984375, -0.158447266, -0.0748291016, -0.174488369, 0.92609274, 0.334655223, 0, -0, 0, 0, 0, 0, 0, 0.426537305, -0.153580469, -0.20265459, 0.209383731, 0.0286108056, -0.977336911, -0.145751953, -0.987426758, -0.0601806641, -0.966808154, 0.155208077, -0.202634814, 0, 1, 5, 1, 
588.973311, 48, 0.1, 0.1, 0.00193066341, 0.358710275, -0.0199665702, 0.997450951, -1.35876666e-005, -0.0713554549, 0.0713554551, 1.26245487e-005, 0.997450951, -1.26522006e-005, -1, 1.35619222e-005, 0.997450918, -3.0249443e-005, -0.0713559063, 0.0713559059, -1.39107481e-005, 0.997450918, -3.11649487e-005, -0.999999999, -1.17168121e-005, 0, -0, 0, 0, 0, 0, 0, 0.403624536, -0.216553613, -0.214200244, 0.016238894, 0.342448304, -0.93931546, -0.984375, -0.158447266, -0.0748291016, -0.174488369, 0.92609274, 0.334655223, 0, -0, 0, 0, 0, 0, 0, 0.426537305, -0.153580469, -0.20265459, 0.209383731, 0.0286108056, -0.977336911, -0.145751953, -0.987426758, -0.0601806641, -0.966808154, 0.155208077, -0.202634814, 0, 1, 5, 1, 
588.974027, 48, 0.1, 0.1, 0.00193066825, 0.358710277, -0.019967332, 0.997451128, 1.48441816e-005, -0.0713529776, 0.0713529779, -2.3522308e-005, 0.997451128, 1.3127959e-005, -1, -2.45215292e-005, 0.997451092, 3.02234861e-005, -0.0713534798, 0.0713534797, 5.40204706e-006, 0.997451092, 3.05319041e-005, -1, 3.23172684e-006, 0, -0, 0, 0, 0, 0, 0, 0.403624536, -0.216553613, -0.214200244, 0.016238894, 0.342448304, -0.93931546, -0.984375, -0.158447266, -0.0748291016, -0.174488369, 0.92609274, 0.334655223, 0, -0, 0, 0, 0, 0, 0, 0.426537305, -0.153580469, -0.20265459, 0.209383731, 0.0286108056, -0.977336911, -0.145751953, -0.987426758, -0.0601806641, -0.966808154, 0.155208077, -0.202634814, 0, 1, 5, 1, 
588.974772, 48, 0.1, 0.1, 0.00193066278, 0.358710271, -0.0199680462, 0.997451325, -1.46486063e-005, -0.0713502258, 0.0713502259, 4.81097823e-006, 0.997451325, -1.42680073e-005, -1, 5.84389797e-006, 0.997451288, -2.99387397e-005, -0.0713507345, 0.0713507339, -2.26905921e-005, 0.997451288, -3.14814249e-005, -0.999999999, -2.04966093e-005, 0, -0, 0, 0, 0, 0, 0, 0.404799927, -0.218267627, -0.214294702, 0.013027757, 0.348368091, -0.937180073, -0.98449707, -0.159057617, -0.0727539062, -0.174474142, 0.923672035, 0.341114567, 0, -0, 0, 0, 0, 0, 0, 0.427435498, -0.154243115, -0.202631885, 0.206610451, 0.0309418559, -0.97787319, -0.138671875, -0.98840332, -0.0606689453, -0.968449807, 0.14821126, -0.199868097, 0, 1, 5, 1, 
588.975476, 48, 0.1, 0.1, 0.00193066702, 0.358710273, -0.0199689506, 0.997451515, 1.28119281e-005, -0.0713475587, 0.0713475589, -1.57478469e-005, 0.997451515, 1.16557067e-005, -1, -1.66218135e-005, 0.997451478, 2.69384481e-005, -0.0713480716, 0.0713480714, 8.48891804e-006, 0.997451479, 2.74754628e-005, -1, 6.54527753e-006, 0, -0, 0, 0, 0, 0, 0, 0.404799927, -0.218267627, -0.214294702, 0.013027757, 0.348368091, -0.937180073, -0.98449707, -0.159057617, -0.0727539062, -0.174474142, 0.923672035, 0.341114567, 0, -0, 0, 0, 0, 0, 0, 0.427435498, -0.154243115, -0.202631885, 0.206610451, 0.0309418559, -0.97787319, -0.138671875, -0.98840332, -0.0606689453, -0.968449807, 0.14821126, -0.199868097, 0, 1, 5, 1, 
588.976207, 48, 0.1, 0.1, 0.00193066193, 0.358710269, -0.019969654, 0.997451719, -1.41136826e-005, -0.0713447151, 0.0713447154, 1.89180618e-005, 0.997451719, -1.27280132e-005, -1, 1.98767899e-005, 0.99745168, -2.84278106e-005, -0.071345257, 0.0713452567, -8.2830656e-006, 0.99745168, -2.89463249e-005, -1, -6.23376825e-006, 0, -0, 0, 0, 0, 0, 0, 0.404799927, -0.218267627, -0.214294702, 0.013027757, 0.348368091, -0.937180073, -0.98449707, -0.159057617, -0.0727539062, -0.174474142, 0.923672035, 0.341114567, 0, -0, 0, 0, 0, 0, 0, 0.427435498, -0.154243115, -0.202631885, 0.206610451, 0.0309418559, -0.97787319, -0.138671875, -0.98840332, -0.0606689453, -0.968449807, 0.14821126, -0.199868097, 0, 1, 5, 1, 
588.976972, 48, 0.1, 0.1, 0.00193066633, 0.358710275, -0.019969688, 0.997451936, 1.06832053e-005, -0.0713416739, 0.071341674, -8.30119442e-006, 0.997451936, 1.00637627e-005, -1, -9.04220019e-006, 0.997451893, 2.61505142e-005, -0.0713422767, 0.0713422762, 1.90359926e-005, 0.997451893, 2.7441951e-005, -0.999999999, 1.71218496e-005, 0, -0, 0, 0, 0, 0, 0, 0.405965796, -0.220180469, -0.214825513, 0.00961367709, 0.354770147, -0.934866831, -0.984619141, -0.159423828, -0.0706787109, -0.174180589, 0.921174945, 0.347916518, 0, -0, 0, 0, 0, 0, 0, 0.427435498, -0.154243115, -0.202631885, 0.204795623, 0.0324868941, -0.978281871, -0.130981445, -0.989501953, -0.0603027344, -0.969867981, 0.140518117, -0.198315396, 0, 1, 5, 1, 
588.977673, 48, 0.1, 0.1, 0.00193066183, 0.358710272, -0.0199692629, 0.997452138, -1.07216718e-005, -0.0713388536, 0.0713388538, 2.04652217e-005, 0.997452138, -9.23438902e-006, -1, 2.11779509e-005, 0.997452099, -2.56635283e-005, -0.0713394033, 0.0713394032, -5.09770741e-006, 0.997452099, -2.59618076e-005, -1, -3.25389816e-006, 0, -0, 0, 0, 0, 0, 0, 0.405965796, -0.220180469, -0.214825513, 0.00961367709, 0.354770147, -0.934866831, -0.984619141, -0.159423828, -0.0706787109, -0.174180589, 0.921174945, 0.347916518, 0, -0, 0, 0, 0, 0, 0, 0.428848291, -0.154972412, -0.202403027, 0.204795623, 0.0324868941, -0.978281871, -0.130981445, -0.989501953, -0.0603027344, -0.969867981, 0.140518117, -0.198315396, 0, 1, 5, 1, 
588.978374, 48, 0.1, 0.1, 0.00193066646, 0.358710277, -0.0199689194, 0.997452342, 1.49435926e-005, -0.0713360029, 0.0713360031, -1.24276196e-005, 0.997452342, 1.40189847e-005, -1, -1.34619745e-005, 0.997452301, 2.91937907e-005, -0.0713365654, 0.071336565, 1.46158483e-005, 0.997452302, 3.01620581e-005, -0.999999999, 1.24960268e-005, 0, -0, 0, 0, 0, 0, 0, 0.405965796, -0.220180469, -0.214825513, 0.00961367709, 0.354770147, -0.934866831, -0.984619141, -0.159423828, -0.0706787109, -0.174180589, 0.921174945, 0.347916518, 0, -0, 0, 0, 0, 0, 0, 0.428848291, -0.154972412, -0.202403027, 0.204795623, 0.0324868941, -0.978281871, -0.130981445, -0.989501953, -0.0603027344, -0.969867981, 0.140518117, -0.198315396, 0, 1, 5, 1, 
588.979108, 48, 0.1, 0.1, 0.00193066237, 0.358710273, -0.0199685878, 0.997452557, -8.2298807e-006, -0.0713329996, 0.0713329998, 1.56519415e-005, 0.997452557, -7.0924156e-006, -1, 1.61991312e-005, 0.997452514, -2.35200079e-005, -0.0713335979, 0.0713335976, -1.14433343e-005, 0.997452514, -2.42763852e-005, -1, -9.73641579e-006, 0, -0, 0, 0, 0, 0, 0, 0.405965796, -0.220180469, -0.214825513, 0.00961367709, 0.354770147, -0.934866831, -0.984619141, -0.159423828, -0.0706787109, -0.174180589, 0.921174945, 0.347916518, 0, -0, 0, 0, 0, 0, 0, 0.428848291, -0.154972412, -0.202403027, 0.204795623, 0.0324868941, -0.978281871, -0.130981445, -0.989501953, -0.0603027344, -0.969867981, 0.140518117, -0.198315396, 0, 1, 5, 1, 
588.979809, 48, 0.1, 0.1, 0.00193066727, 0.358710276, -0.0199682347, 0.997452767, 1.29678656e-005, -0.0713300548, 0.071330055, -1.60905899e-005, 0.997452767, 1.17870908e-005, -1, -1.6974602e-005, 0.997452726, 2.89191689e-005, -0.0713306225, 0.0713306222, 1.08521929e-005, 0.997452727, 2.96195976e-005, -1, 8.7617271e-006, 0, -0, 0, 0, 0, 0, 0, 0.405965796, -0.220180469, -0.214825513, 0.00961367709, 0.354770147, -0.934866831, -0.984619141, -0.159423828, -0.0706787109, -0.174180589, 0.921174945, 0.347916518, 0, -0, 0, 0, 0, 0, 0, 0.428848291, -0.154972412, -0.202403027, 0.204795623, 0.0324868941, -0.978281871, -0.130981445, -0.989501953, -0.0603027344, -0.969867981, 0.140518117, -0.198315396, 0, 1, 5, 1, 
588.980512, 48, 0.1, 0.1, 0.00193066209, 0.358710272, -0.0199682525, 0.99745298, -1.69196471e-005, -0.071327084, 0.0713270842, 1.3333822e-005, 0.99745298, -1.59254898e-005, -1, 1.45066896e-005, 0.997452938, -3.09060623e-005, -0.0713276679, 0.0713276675, -1.35345702e-005, 0.997452938, -3.1792732e-005, -0.999999999, -1.12956395e-005, 0, -0, 0, 0, 0, 0, 0, 0.405965796, -0.220180469, -0.214825513, 0.00961367709, 0.354770147, -0.934866831, -0.984619141, -0.159423828, -0.0706787109, -0.174180589, 0.921174945, 0.347916518, 0, -0, 0, 0, 0, 0, 0, 0.428848291, -0.154972412, -0.202403027, 0.204795623, 0.0324868941, -0.978281871, -0.130981445, -0.989501953, -0.0603027344, -0.969867981, 0.140518117, -0.198315396, 0, 1, 5, 1, 
588.981223, 48, 0.1, 0.1, 0.00193066525, 0.358710276, -0.0199685785, 0.997453196, 6.02055085e-006, -0.0713240591, 0.0713240592, -1.53042902e-005, 0.997453196, 4.91365359e-006, -1, -1.56947233e-005, 0.997453153, 2.11933575e-005, -0.0713246659, 0.0713246656, 1.19111832e-005, 0.997453153, 2.19889424e-005, -1, 1.03692381e-005, 0, -0, 0, 0, 0, 0, 0, 0.405965796, -0.220180469, -0.214825513, 0.00961367709, 0.354770147, -0.934866831, -0.984619141, -0.159423828, -0.0706787109, -0.174180589, 0.921174945, 0.347916518, 0, -0, 0, 0, 0, 0, 0, 0.428848291, -0.154972412, -0.202403027, 0.204795623, 0.0324868941, -0.978281871, -0.130981445, -0.989501953, -0.0603027344, -0.969867981, 0.140518117, -0.198315396, 0, 1, 5, 1, 
588.981977, 48, 0.1, 0.1, 0.00193065847, 0.358710271, -0.0199685063, 0.997453429, -1.87440421e-005, -0.0713208045, 0.0713208047, 1.26092435e-005, 0.997453429, -1.77970077e-005, -1, 1.39139733e-005, 0.997453386, -3.49303356e-005, -0.0713213942, 0.0713213937, -1.36719127e-005, 0.997453387, -3.58164814e-005, -0.999999999, -1.11458154e-005, 0, -0, 0, 0, 0, 0, 0, 0.408024878, -0.22162168, -0.214892261, 0.00633813883, 0.361698657, -0.932236069, -0.98425293, -0.161987305, -0.0694580078, -0.176133633, 0.918100106, 0.355162546, 0, -0, 0, 0, 0, 0, 0, 0.429949951, -0.15662666, -0.202380322, 0.201619859, 0.0326203223, -0.97881815, -0.126464844, -0.990112305, -0.0590820312, -0.971183709, 0.135745175, -0.195548679, 0, 1, 5, 1, 
588.982676, 48, 0.1, 0.1, 0.0019306625, 0.358710274, -0.0199685526, 0.997453646, 1.42523287e-005, -0.0713177639, 0.0713177642, -1.63669852e-005, 0.997453646, 1.30487804e-005, -1, -1.73417533e-005, 0.997453603, 2.73107721e-005, -0.071318362, 0.0713183618, 1.01082202e-005, 0.997453604, 2.79621297e-005, -1, 8.13472113e-006, 0, -0, 0, 0, 0, 0, 0, 0.408024878, -0.22162168, -0.214892261, 0.00633813883, 0.361698657, -0.932236069, -0.98425293, -0.161987305, -0.0694580078, -0.176133633, 0.918100106, 0.355162546, 0, -0, 0, 0, 0, 0, 0, 0.429949951, -0.15662666, -0.202380322, 0.201619859, 0.0326203223, -0.97881815, -0.126464844, -0.990112305, -0.0590820312, -0.971183709, 0.135745175, -0.195548679, 0, 1, 5, 1, 
588.983377, 48, 0.1, 0.1, 0.00193065914, 0.35871027, -0.0199688825, 0.997453865, -5.40396322e-006, -0.0713147065, 0.0713147066, 1.46539457e-005, 0.997453865, -4.34516216e-006, -1, 1.50020169e-005, 0.997453822, -2.01527313e-005, -0.0713153077, 0.0713153074, -1.25886084e-005, 0.997453822, -2.09991793e-005, -1, -1.11193573e-005, 0, -0, 0, 0, 0, 0, 0, 0.408024878, -0.22162168, -0.214892261, 0.00633813883, 0.361698657, -0.932236069, -0.98425293, -0.161987305, -0.0694580078, -0.176133633, 0.918100106, 0.355162546, 0, -0, 0, 0, 0, 0, 0, 0.429949951, -0.15662666, -0.202380322, 0.201619859, 0.0326203223, -0.97881815, -0.126464844, -0.990112305, -0.0590820312, -0.971183709, 0.135745175, -0.195548679, 0, 1, 5, 1, 
588.984115, 48, 0.1, 0.1, 0.00193066499, 0.358710274, -0.0199690796, 0.997454095, 1.68483687e-005, -0.0713114924, 0.0713114926, -9.93279536e-006, 0.997454095, 1.60971519e-005, -1, -1.11089897e-005, 0.997454051, 3.23560412e-005, -0.0713120911, 0.0713120907, 1.49790818e-005, 0.997454052, 3.33418541e-005, -0.999999999, 1.26335689e-005, 0, -0, 0, 0, 0, 0, 0, 0.408024878, -0.22162168, -0.214892261, 0.00633813883, 0.361698657, -0.932236069, -0.98425293, -0.161987305, -0.0694580078, -0.176133633, 0.918100106, 0.355162546, 0, -0, 0, 0, 0, 0, 0, 0.429949951, -0.15662666, -0.202380322, 0.201619859, 0.0326203223, -0.97881815, -0.126464844, -0.990112305, -0.0590820312, -0.971183709, 0.135745175, -0.195548679, 0, 1, 5, 1, 
588.984816, 48, 0.1, 0.1, 0.00193066075, 0.358710272, -0.01996916, 0.997454313, -1.32268636e-005, -0.0713084323, 0.0713084326, 2.23558376e-005, 0.997454313, -1.15990324e-005, -1, 2.32421136e-005, 0.99745427, -2.63880336e-005, -0.0713090338, 0.0713090337, -4.19605352e-006, 0.99745427, -2.66200734e-005, -1, -2.30366632e-006, 0, -0, 0, 0, 0, 0, 0, 0.408024878, -0.22162168, -0.214892261, 0.00633813883, 0.361698657, -0.932236069, -0.98425293, -0.161987305, -0.0694580078, -0.176133633, 0.918100106, 0.355162546, 0, -0, 0, 0, 0, 0, 0, 0.429949951, -0.15662666, -0.202380322, 0.201619859, 0.0326203223, -0.97881815, -0.126464844, -0.990112305, -0.0590820312, -0.971183709, 0.135745175, -0.195548679, 0, 1, 5, 1, 
588.985517, 48, 0.1, 0.1, 0.00193066424, 0.358710277, -0.0199692977, 0.997454534, 8.14435211e-006, -0.0713053444, 0.0713053444, -6.91630051e-006, 0.997454534, 7.63045175e-006, -1, -7.47943114e-006, 0.997454491, 2.22857432e-005, -0.0713059411, 0.0713059407, 1.96403719e-005, 0.997454491, 2.36294899e-005, -1, 1.80012713e-005, 0, -0, 0, 0, 0, 0, 0, 0.408024878, -0.22162168, -0.214892261, 0.00633813883, 0.361698657, -0.932236069, -0.98425293, -0.161987305, -0.0694580078, -0.176133633, 0.918100106, 0.355162546, 0, -0, 0, 0, 0, 0, 0, 0.429949951, -0.15662666, -0.202380322, 0.201619859, 0.0326203223, -0.97881815, -0.126464844, -0.990112305, -0.0590820312, -0.971183709, 0.135745175, -0.195548679, 0, 1, 5, 1, 
