time, trialNum, realDorsalTactorPos, realVentralTactorPos, boxPosX, boxPosY, boxPosZ, boxLocalRot_11, boxLocalRot_12, boxLocalRot_13, boxLocalRot_21, boxLocalRot_22, boxLocalRot_23, boxLocalRot_31, boxLocalRot_32, boxLocalRot_33, boxGlobalRot_11, boxGlobalRot_12, boxGlobalRot_13, boxGlobalRot_21, boxGlobalRot_22, boxGlobalRot_23, boxGlobalRot_31, boxGlobalRot_32, boxGlobalRot_33, indexForceX, indexForceY, indexForceZ, indexForceGlobalX, indexForceGlobalY, indexForceGlobalZ, indexContact, indexPosX, indexPosY, indexPosZ, indexRot_11, indexRot_12, indexRot_13, indexRot_21, indexRot_22, indexRot_23, indexRot_31, indexRot_32, indexRot_33, thumbForceX, thumbForceY, thumbForceZ, thumbForceGlobalX, thumbForceGlobalY, thumbForceGlobalZ, thumbContact, thumbPosX, thumbPosY, thumbPosZ, thumbRot_11, thumbRot_12, thumbRot_13, thumbRot_21, thumbRot_22, thumbRot_23, thumbRot_31, thumbRot_32, thumbRot_33, manipForceTooHigh, cceExpType, mapping, trialSuccess, 
162.288144, 15, 0.1, 0.1, 0.0205341789, 0.356575322, -0.0199628297, 0.997086002, -1.63424831e-005, 0.0762856806, 0.0762856801, -2.98746246e-005, -0.997086001, 1.85738672e-005, 0.999999999, -2.85408725e-005, 0.997086029, -3.98116569e-005, 0.0762853088, 0.0762853078, -2.5135462e-005, -0.99708603, 4.16131134e-005, 0.999999999, -2.20251735e-005, 0, 0, 0, 0, 0, 0, 0, 0.330265796, -0.15480022, -0.224354907, 0.0299913846, 0.109023473, -0.99354931, -0.86328125, 0.50378418, 0.029296875, 0.503830641, 0.85689813, 0.109285489, 0, 0, -0, 0, 0, 0, 0, 0.37637627, -0.100441602, -0.202843457, 0.155608025, 0.00254827843, -0.987728538, 0.489257812, -0.868896484, 0.0748291016, -0.858064003, -0.494876257, -0.136464013, 0, 1, 1, 1, 
162.32761, 15, 0.1, 0.1, 0.020534159, 0.356575386, -0.0199681055, 0.99708182, -2.8076245e-005, 0.0763403164, 0.0763403161, -1.14274274e-005, -0.99708182, 2.88666869e-005, 1, -9.25073072e-006, 0.99708186, -3.75905321e-005, 0.076339785, 0.0763397853, 6.59603089e-006, -0.997081861, 3.69772981e-005, 0.999999999, 9.4464359e-006, 0, 0, 0, 0, 0, 0, 0, 0.335698364, -0.163102563, -0.22361189, -0.00129995422, 0.16846844, -0.985718444, -0.884155273, 0.460083008, 0.0798339844, 0.467012628, 0.871706991, 0.148583356, 0, 0, -0, 0, 0, 0, 0, 0.380071143, -0.108553125, -0.201284668, 0.128398043, 0.0316153643, -0.991183552, 0.525634766, -0.849609375, 0.041015625, -0.840916826, -0.526189142, -0.125780306, 0, 1, 1, 1, 
162.328397, 15, 0.1, 0.1, 0.0205341543, 0.356575387, -0.0199670099, 0.997081602, 3.20750524e-005, 0.076343164, 0.076343164, 3.57231253e-006, -0.997081602, -3.22541663e-005, 0.999999999, 1.11317611e-006, 0.997081644, 4.0226073e-005, 0.0763426066, 0.0763426062, 1.15293314e-005, -0.997081645, -4.09888582e-005, 0.999999999, 8.42472143e-006, 0, 0, 0, 0, 0, 0, 0, 0.335698364, -0.163102563, -0.22361189, -0.00129995422, 0.16846844, -0.985718444, -0.884155273, 0.460083008, 0.0798339844, 0.467012628, 0.871706991, 0.148583356, 0, 0, -0, 0, 0, 0, 0, 0.380071143, -0.108553125, -0.201284668, 0.128398043, 0.0316153643, -0.991183552, 0.525634766, -0.849609375, 0.041015625, -0.840916826, -0.526189142, -0.125780306, 0, 1, 1, 1, 
162.329177, 15, 0.1, 0.1, 0.0205341602, 0.356575391, -0.0199656532, 0.997081427, -3.39186597e-005, 0.0763454466, 0.0763454469, 5.64905712e-006, -0.997081427, 3.33883858e-005, 0.999999999, 8.22210516e-006, 0.997081456, -4.16922747e-005, 0.0763450644, 0.0763450645, -6.70695935e-007, -0.997081457, 4.16217984e-005, 0.999999999, 2.51426092e-006, 0, 0, 0, 0, 0, 0, 0, 0.335698364, -0.163102563, -0.22361189, -0.00129995422, 0.16846844, -0.985718444, -0.884155273, 0.460083008, 0.0798339844, 0.467012628, 0.871706991, 0.148583356, 0, 0, -0, 0, 0, 0, 0, 0.380071143, -0.108553125, -0.201284668, 0.128398043, 0.0316153643, -0.991183552, 0.525634766, -0.849609375, 0.041015625, -0.840916826, -0.526189142, -0.125780306, 0, 1, 1, 1, 
162.329964, 15, 0.1, 0.1, 0.0205341554, 0.356575394, -0.0199644526, 0.997081294, 3.1820319e-005, 0.0763471822, 0.076347182, 6.22752319e-006, -0.997081294, -3.22028988e-005, 0.999999999, 3.77995519e-006, 0.99708132, 4.27564218e-005, 0.0763468306, 0.0763468312, -1.18792103e-005, -0.997081321, -4.17246894e-005, 0.999999999, -1.5108856e-005, 0, 0, 0, 0, 0, 0, 0, 0.335698364, -0.163102563, -0.22361189, -0.00129995422, 0.16846844, -0.985718444, -0.884155273, 0.460083008, 0.0798339844, 0.467012628, 0.871706991, 0.148583356, 0, 0, -0, 0, 0, 0, 0, 0.380071143, -0.108553125, -0.201284668, 0.128398043, 0.0316153643, -0.991183552, 0.525634766, -0.849609375, 0.041015625, -0.840916826, -0.526189142, -0.125780306, 0, 1, 1, 1, 
162.330764, 15, 0.1, 0.1, 0.0205341625, 0.356575397, -0.0199636688, 0.997081139, -3.66950697e-005, 0.0763492024, 0.0763492017, -1.99444663e-005, -0.99708114, 3.8110706e-005, 0.999999999, -1.70846119e-005, 0.99708117, -4.54037609e-005, 0.0763487993, 0.0763487981, -2.73172673e-005, -0.99708117, 4.73568756e-005, 0.999999999, -2.37710103e-005, 0, 0, 0, 0, 0, 0, 0, 0.335399292, -0.163294409, -0.224233032, -0.00683631655, 0.173305363, -0.984892446, -0.886962891, 0.453735352, 0.0860595703, 0.461709905, 0.874154288, 0.150677186, 0, 0, -0, 0, 0, 0, 0, 0.380071143, -0.108553125, -0.201284668, 0.128398043, 0.0316153643, -0.991183552, 0.525634766, -0.849609375, 0.041015625, -0.840916826, -0.526189142, -0.125780306, 0, 1, 1, 1, 
162.331563, 15, 0.1, 0.1, 0.0205341575, 0.356575399, -0.0199632815, 0.997081018, 3.78657324e-005, 0.0763507889, 0.0763507897, -2.0395955e-005, -0.997081018, -3.61979558e-005, 0.999999999, -2.32274982e-005, 0.997081036, 4.6251555e-005, 0.0763505471, 0.0763505478, -1.37603252e-005, -0.997081037, -4.506594e-005, 0.999999999, -1.72514908e-005, 0, 0, 0, 0, 0, 0, 0, 0.335399292, -0.163294409, -0.224233032, -0.00683631655, 0.173305363, -0.984892446, -0.886962891, 0.453735352, 0.0860595703, 0.461709905, 0.874154288, 0.150677186, 0, 0, -0, 0, 0, 0, 0, 0.379939062, -0.109389209, -0.200825977, 0.125900016, 0.0333911791, -0.991458072, 0.528686523, -0.84777832, 0.0386962891, -0.839338238, -0.529071064, -0.124336247, 0, 1, 1, 1, 
162.332349, 15, 0.1, 0.1, 0.0205341637, 0.356575401, -0.019963791, 0.997080937, -3.42329882e-005, 0.0763518492, 0.0763518487, -1.60918731e-005, -0.997080937, 3.53617042e-005, 0.999999999, -1.3431148e-005, 0.997080953, -4.42827771e-005, 0.0763516309, 0.076351631, 1.02467291e-006, -0.997080954, 4.40752782e-005, 0.999999999, 4.4027441e-006, 0, 0, 0, 0, 0, 0, 0, 0.335399292, -0.163294409, -0.224233032, -0.00683631655, 0.173305363, -0.984892446, -0.886962891, 0.453735352, 0.0860595703, 0.461709905, 0.874154288, 0.150677186, 0, 0, -0, 0, 0, 0, 0, 0.379939062, -0.109389209, -0.200825977, 0.125900016, 0.0333911791, -0.991458072, 0.528686523, -0.84777832, 0.0386962891, -0.839338238, -0.529071064, -0.124336247, 0, 1, 1, 1, 
162.333132, 15, 0.1, 0.1, 0.0205341592, 0.356575401, -0.01996493, 0.997080831, 3.23576241e-005, 0.076353229, 0.0763532286, 1.5377697e-005, -0.997080831, -3.34373036e-005, 0.999999999, 1.28621979e-005, 0.997080853, 4.05288924e-005, 0.0763529394, 0.0763529386, 2.09086725e-005, -0.997080853, -4.20070212e-005, 0.999999999, 1.7753137e-005, 0, 0, 0, 0, 0, 0, 0, 0.335399292, -0.163294409, -0.224233032, -0.00683631655, 0.173305363, -0.984892446, -0.886962891, 0.453735352, 0.0860595703, 0.461709905, 0.874154288, 0.150677186, 0, 0, -0, 0, 0, 0, 0, 0.379939062, -0.109389209, -0.200825977, 0.125900016, 0.0333911791, -0.991458072, 0.528686523, -0.84777832, 0.0386962891, -0.839338238, -0.529071064, -0.124336247, 0, 1, 1, 1, 
162.333914, 15, 0.1, 0.1, 0.0205341653, 0.356575403, -0.0199662976, 0.997080744, -3.57351611e-005, 0.0763543662, 0.0763543663, 1.24584594e-006, -0.997080744, 3.55357153e-005, 0.999999999, 3.97074457e-006, 0.997080759, -4.27925957e-005, 0.0763541645, 0.0763541643, -6.99160217e-006, -0.99708076, 4.32015118e-005, 0.999999999, -3.70379911e-006, 0, 0, 0, 0, 0, 0, 0, 0.335399292, -0.163294409, -0.224233032, -0.00683631655, 0.173305363, -0.984892446, -0.886962891, 0.453735352, 0.0860595703, 0.461709905, 0.874154288, 0.150677186, 0, 0, -0, 0, 0, 0, 0, 0.379939062, -0.109389209, -0.200825977, 0.125900016, 0.0333911791, -0.991458072, 0.528686523, -0.84777832, 0.0386962891, -0.839338238, -0.529071064, -0.124336247, 0, 1, 1, 1, 
162.334697, 15, 0.1, 0.1, 0.0205341617, 0.356575404, -0.0199674545, 0.997080681, 2.97919182e-005, 0.0763551906, 0.076355191, -1.17198314e-005, -0.997080681, -2.88100761e-005, 0.999999999, -1.3960385e-005, 0.99708069, 3.71308138e-005, 0.076355061, 0.0763550613, -8.20821981e-006, -0.997080691, -3.63956784e-005, 0.999999999, -1.1019383e-005, 0, 0, 0, 0, 0, 0, 0, 0.335399292, -0.163294409, -0.224233032, -0.00683631655, 0.173305363, -0.984892446, -0.886962891, 0.453735352, 0.0860595703, 0.461709905, 0.874154288, 0.150677186, 0, 0, -0, 0, 0, 0, 0, 0.379939062, -0.109389209, -0.200825977, 0.125900016, 0.0333911791, -0.991458072, 0.528686523, -0.84777832, 0.0386962891, -0.839338238, -0.529071064, -0.124336247, 0, 1, 1, 1, 
162.335493, 15, 0.1, 0.1, 0.020534168, 0.356575403, -0.0199679671, 0.997080638, -3.24487483e-005, 0.0763557507, 0.0763557507, -4.83893542e-007, -0.997080638, 3.23909667e-005, 0.999999999, 1.99516765e-006, 0.997080647, -4.2409884e-005, 0.0763556237, 0.0763556243, 1.44094854e-005, -0.997080648, 4.11858294e-005, 0.999999999, 1.76056522e-005, 0, 0, 0, 0, 0, 0, 0, 0.335399292, -0.163294409, -0.224233032, -0.0116313001, 0.179399257, -0.983741816, -0.890869141, 0.444824219, 0.0916748047, 0.454065105, 0.877514827, 0.154820662, 0, 0, -0, 0, 0, 0, 0, 0.379939062, -0.109389209, -0.200825977, 0.125900016, 0.0333911791, -0.991458072, 0.528686523, -0.84777832, 0.0386962891, -0.839338238, -0.529071064, -0.124336247, 0, 1, 1, 1, 
162.336297, 15, 0.1, 0.1, 0.020534163, 0.35657541, -0.0199673464, 0.997080571, 3.23755522e-005, 0.0763566212, 0.0763566212, 6.11415764e-007, -0.997080572, -3.23277198e-005, 0.999999999, -1.862457e-006, 0.997080586, 4.24489594e-005, 0.0763564189, 0.0763564199, -2.11299725e-005, -0.997080587, -4.07116243e-005, 0.999999999, -2.43095359e-005, 0, 0, 0, 0, 0, 0, 0, 0.33602395, -0.162749512, -0.224831348, -0.0116313001, 0.179399257, -0.983741816, -0.890869141, 0.444824219, 0.0916748047, 0.454065105, 0.877514827, 0.154820662, 0, 0, -0, 0, 0, 0, 0, 0.380356494, -0.110375537, -0.200394629, 0.124833287, 0.036272368, -0.991528434, 0.531982422, -0.845825195, 0.0361328125, -0.83736373, -0.531959549, -0.124834613, 0, 1, 1, 1, 
162.337082, 15, 0.1, 0.1, 0.0205341697, 0.356575401, -0.0199662417, 0.997080472, -3.73838207e-005, 0.0763579098, 0.0763579108, 2.49643852e-005, -0.997080473, 3.53684494e-005, 0.999999999, 2.77460514e-005, 0.997080493, -4.52827304e-005, 0.0763576292, 0.0763576312, 4.45241849e-005, -0.997080493, 4.1750766e-005, 0.999999998, 4.78518783e-005, 0, 0, 0, 0, 0, 0, 0, 0.33602395, -0.162749512, -0.224831348, -0.0116313001, 0.179399257, -0.983741816, -0.890869141, 0.444824219, 0.0916748047, 0.454065105, 0.877514827, 0.154820662, 0, 0, -0, 0, 0, 0, 0, 0.380356494, -0.110375537, -0.200394629, 0.124833287, 0.036272368, -0.991528434, 0.531982422, -0.845825195, 0.0361328125, -0.83736373, -0.531959549, -0.124834613, 0, 1, 1, 1, 
162.337866, 15, 0.1, 0.1, 0.0205341662, 0.356575405, -0.0199650549, 0.997080347, 2.44117434e-005, 0.0763595469, 0.0763595468, 1.89563466e-006, -0.997080348, -2.44852194e-005, 1, 2.60304013e-008, 0.997080373, 3.55513173e-005, 0.0763592071, 0.0763592077, -1.63308287e-005, -0.997080373, -3.42005116e-005, 0.999999999, -1.89978192e-005, 0, 0, 0, 0, 0, 0, 0, 0.33602395, -0.162749512, -0.224831348, -0.0116313001, 0.179399257, -0.983741816, -0.890869141, 0.444824219, 0.0916748047, 0.454065105, 0.877514827, 0.154820662, 0, 0, -0, 0, 0, 0, 0, 0.380356494, -0.110375537, -0.200394629, 0.124833287, 0.036272368, -0.991528434, 0.531982422, -0.845825195, 0.0361328125, -0.83736373, -0.531959549, -0.124834613, 0, 1, 1, 1, 
162.338663, 15, 0.1, 0.1, 0.0205341751, 0.356575406, -0.0199640861, 0.997080208, -4.61936258e-005, 0.0763613601, 0.0763613602, 1.02778737e-006, -0.997080209, 4.59802668e-005, 0.999999999, 4.55219454e-006, 0.997080233, -5.50894235e-005, 0.0763610212, 0.076361021, -5.25809126e-006, -0.997080235, 5.53300886e-005, 0.999999998, -1.03605424e-006, 0, 0, 0, 0, 0, 0, 0, 0.33602395, -0.162749512, -0.224831348, -0.0116313001, 0.179399257, -0.983741816, -0.890869141, 0.444824219, 0.0916748047, 0.454065105, 0.877514827, 0.154820662, 0, 0, -0, 0, 0, 0, 0, 0.380148242, -0.110889014, -0.200828906, 0.121070204, 0.0396902026, -0.991802954, 0.535888672, -0.84362793, 0.0316162109, -0.835427134, -0.535282602, -0.123390554, 0, 1, 1, 1, 
162.339447, 15, 0.1, 0.1, 0.0205341719, 0.356575407, -0.0199637359, 0.997080089, 2.98260325e-005, 0.0763629197, 0.0763629198, -1.30929279e-006, -0.997080089, -2.96389617e-005, 1, -3.58307269e-006, 0.997080111, 3.6854085e-005, 0.0763626233, 0.0763626232, 5.77211477e-006, -0.997080112, -3.71872491e-005, 0.999999999, 2.94098623e-006, 0, 0, 0, 0, 0, 0, 0, 0.33602395, -0.162749512, -0.224831348, -0.0116313001, 0.179399257, -0.983741816, -0.890869141, 0.444824219, 0.0916748047, 0.454065105, 0.877514827, 0.154820662, 0, 0, -0, 0, 0, 0, 0, 0.380148242, -0.110889014, -0.200828906, 0.121070204, 0.0396902026, -0.991802954, 0.535888672, -0.84362793, 0.0316162109, -0.835427134, -0.535282602, -0.123390554, 0, 1, 1, 1, 
162.340233, 15, 0.1, 0.1, 0.0205341784, 0.356575408, -0.0199641073, 0.997079984, -3.46798135e-005, 0.0763642835, 0.0763642835, -1.81148563e-006, -0.997079985, 3.47168807e-005, 0.999999999, 8.42103048e-007, 0.997080004, -4.40133831e-005, 0.0763640216, 0.0763640213, -8.29633572e-006, -0.997080005, 4.45184058e-005, 0.999999999, -4.91107153e-006, 0, 0, 0, 0, 0, 0, 0, 0.33602395, -0.162749512, -0.224831348, -0.0116313001, 0.179399257, -0.983741816, -0.890869141, 0.444824219, 0.0916748047, 0.454065105, 0.877514827, 0.154820662, 0, 0, -0, 0, 0, 0, 0, 0.380148242, -0.110889014, -0.200828906, 0.121070204, 0.0396902026, -0.991802954, 0.535888672, -0.84362793, 0.0316162109, -0.835427134, -0.535282602, -0.123390554, 0, 1, 1, 1, 
162.341031, 15, 0.1, 0.1, 0.0205341727, 0.356575407, -0.0199648381, 0.997079879, 3.94598312e-005, 0.076365662, 0.0763656613, 1.774046e-005, -0.997079879, -4.06993657e-005, 0.999999999, 1.46752796e-005, 0.9970799, 4.68963045e-005, 0.0763653809, 0.0763653798, 2.55669007e-005, -0.997079901, -4.87117887e-005, 0.999999999, 2.19109887e-005, 0, 0, 0, 0, 0, 0, 0, 0.336652637, -0.162190332, -0.225419531, -0.0163689957, 0.185797566, -0.982413331, -0.89440918, 0.436279297, 0.0974121094, 0.446782006, 0.880456377, 0.159306744, 0, 0, -0, 0, 0, 0, 0, 0.380148242, -0.110889014, -0.200828906, 0.121070204, 0.0396902026, -0.991802954, 0.535888672, -0.84362793, 0.0316162109, -0.835427134, -0.535282602, -0.123390554, 0, 1, 1, 1, 
162.341815, 15, 0.1, 0.1, 0.0205341771, 0.356575407, -0.0199658409, 0.997079802, -2.90333054e-005, 0.0763666632, 0.0763666636, 1.56278988e-005, -0.997079802, 2.7755072e-005, 0.999999999, 1.77994389e-005, 0.997079813, -3.64596367e-005, 0.076366518, 0.0763665184, 1.00555948e-005, -0.997079814, 3.5585257e-005, 0.999999999, 1.28105261e-005, 0, 0, 0, 0, 0, 0, 0, 0.336652637, -0.162190332, -0.225419531, -0.0163689957, 0.185797566, -0.982413331, -0.89440918, 0.436279297, 0.0974121094, 0.446782006, 0.880456377, 0.159306744, 0, 0, -0, 0, 0, 0, 0, 0.380148242, -0.110889014, -0.200828906, 0.121070204, 0.0396902026, -0.991802954, 0.535888672, -0.84362793, 0.0316162109, -0.835427134, -0.535282602, -0.123390554, 0, 1, 1, 1, 
162.342602, 15, 0.1, 0.1, 0.0205341715, 0.356575409, -0.0199666901, 0.997079755, 3.54959818e-005, 0.0763672713, 0.076367271, 8.5294313e-006, -0.997079756, -3.60436942e-005, 0.999999999, 5.79379201e-006, 0.997079765, 4.5300154e-005, 0.0763671446, 0.0763671449, -6.50184208e-006, -0.997079766, -4.46713398e-005, 0.999999999, -9.9422986e-006, 0, 0, 0, 0, 0, 0, 0, 0.336652637, -0.162190332, -0.225419531, -0.0163689957, 0.185797566, -0.982413331, -0.89440918, 0.436279297, 0.0974121094, 0.446782006, 0.880456377, 0.159306744, 0, 0, -0, 0, 0, 0, 0, 0.380148242, -0.110889014, -0.200828906, 0.121070204, 0.0396902026, -0.991802954, 0.535888672, -0.84362793, 0.0316162109, -0.835427134, -0.535282602, -0.123390554, 0, 1, 1, 1, 
162.343416, 15, 0.1, 0.1, 0.0205341775, 0.356575412, -0.0199669403, 0.997079678, -3.40122339e-005, 0.0763682762, 0.0763682755, -2.29440561e-005, -0.997079679, 3.56651053e-005, 0.999999999, -2.02795964e-005, 0.997079694, -4.13767648e-005, 0.0763680677, 0.0763680665, -2.86176787e-005, -0.997079695, 4.34414088e-005, 0.999999999, -2.53742428e-005, 0, 0, 0, 0, 0, 0, 0, 0.337107153, -0.163169092, -0.225836963, -0.0203750517, 0.188393883, -0.981898861, -0.895996094, 0.432006836, 0.1015625, 0.443337969, 0.882022632, 0.160213995, 0, 0, -0, 0, 0, 0, 0, 0.38072959, -0.111198047, -0.20105874, 0.118796023, 0.0432483953, -0.991937115, 0.541015625, -0.840454102, 0.0281982422, -0.83247485, -0.539941072, -0.123281912, 0, 1, 1, 1, 
162.344201, 15, 0.1, 0.1, 0.0205341738, 0.356575407, -0.0199666496, 0.997079604, 3.01581938e-005, 0.0763692539, 0.076369253, 3.00071037e-005, -0.997079604, -3.23617401e-005, 0.999999999, 2.76163123e-005, 0.997079617, 3.62245075e-005, 0.0763690775, 0.076369076, 4.10299936e-005, -0.997079617, -3.92521408e-005, 0.999999999, 3.81437381e-005, 0, 0, 0, 0, 0, 0, 0, 0.337107153, -0.163169092, -0.225836963, -0.0203750517, 0.188393883, -0.981898861, -0.895996094, 0.432006836, 0.1015625, 0.443337969, 0.882022632, 0.160213995, 0, 0, -0, 0, 0, 0, 0, 0.38072959, -0.111198047, -0.20105874, 0.118796023, 0.0432483953, -0.991937115, 0.541015625, -0.840454102, 0.0281982422, -0.83247485, -0.539941072, -0.123281912, 0, 1, 1, 1, 
162.344986, 15, 0.1, 0.1, 0.0205341787, 0.356575416, -0.0199660962, 0.997079543, -2.97035343e-005, 0.0763700518, 0.0763700504, -4.45750991e-005, -0.997079542, 3.3020989e-005, 0.999999999, -4.21764591e-005, 0.997079554, -3.57635642e-005, 0.0763698999, 0.076369898, -5.32044918e-005, -0.997079553, 3.97223403e-005, 0.999999998, -5.03178512e-005, 0, 0, 0, 0, 0, 0, 0, 0.337107153, -0.163169092, -0.225836963, -0.0203750517, 0.188393883, -0.981898861, -0.895996094, 0.432006836, 0.1015625, 0.443337969, 0.882022632, 0.160213995, 0, 0, -0, 0, 0, 0, 0, 0.38072959, -0.111198047, -0.20105874, 0.118796023, 0.0432483953, -0.991937115, 0.541015625, -0.840454102, 0.0281982422, -0.83247485, -0.539941072, -0.123281912, 0, 1, 1, 1, 
162.345768, 15, 0.1, 0.1, 0.0205341757, 0.356575413, -0.0199654606, 0.99707949, 2.0977868e-005, 0.0763707357, 0.076370735, 3.08242369e-005, -0.99707949, -2.32706716e-005, 0.999999999, 2.91321192e-005, 0.9970795, 2.98168239e-005, 0.0763706019, 0.0763706008, 3.8284895e-005, -0.9970795, -3.26535843e-005, 0.999999999, 3.58959552e-005, 0, 0, 0, 0, 0, 0, 0, 0.337107153, -0.163169092, -0.225836963, -0.0203750517, 0.188393883, -0.981898861, -0.895996094, 0.432006836, 0.1015625, 0.443337969, 0.882022632, 0.160213995, 0, 0, -0, 0, 0, 0, 0, 0.38072959, -0.111198047, -0.20105874, 0.118796023, 0.0432483953, -0.991937115, 0.541015625, -0.840454102, 0.0281982422, -0.83247485, -0.539941072, -0.123281912, 0, 1, 1, 1, 
162.346551, 15, 0.1, 0.1, 0.0205341834, 0.35657542, -0.0199649869, 0.997079441, -3.99683213e-005, 0.0763713795, 0.0763713779, -3.97479802e-005, -0.997079441, 4.28871995e-005, 0.999999998, -3.6579458e-005, 0.99707945, -4.89557302e-005, 0.0763712551, 0.0763712528, -4.77644113e-005, -0.99707945, 5.24605806e-005, 0.999999998, -4.38861025e-005, 0, 0, 0, 0, 0, 0, 0, 0.337107153, -0.163169092, -0.225836963, -0.0203750517, 0.188393883, -0.981898861, -0.895996094, 0.432006836, 0.1015625, 0.443337969, 0.882022632, 0.160213995, 0, 0, -0, 0, 0, 0, 0, 0.38072959, -0.111198047, -0.20105874, 0.118796023, 0.0432483953, -0.991937115, 0.541015625, -0.840454102, 0.0281982422, -0.83247485, -0.539941072, -0.123281912, 0, 1, 1, 1, 
162.347336, 15, 0.1, 0.1, 0.0205341795, 0.356575416, -0.0199647869, 0.997079395, 3.2022431e-005, 0.076371974, 0.076371973, 3.0185785e-005, -0.997079395, -3.42342541e-005, 0.999999999, 2.7652008e-005, 0.997079403, 3.84345016e-005, 0.0763718656, 0.0763718641, 3.84666268e-005, -0.997079404, -4.12600179e-005, 0.999999999, 3.54189667e-005, 0, 0, 0, 0, 0, 0, 0, 0.337107153, -0.163169092, -0.225836963, -0.0203750517, 0.188393883, -0.981898861, -0.895996094, 0.432006836, 0.1015625, 0.443337969, 0.882022632, 0.160213995, 0, 0, -0, 0, 0, 0, 0, 0.38072959, -0.111198047, -0.20105874, 0.118796023, 0.0432483953, -0.991937115, 0.541015625, -0.840454102, 0.0281982422, -0.83247485, -0.539941072, -0.123281912, 0, 1, 1, 1, 
162.34815, 15, 0.1, 0.1, 0.0205341852, 0.356575424, -0.019964701, 0.997079356, -3.36163044e-005, 0.0763724911, 0.0763724898, -3.77211532e-005, -0.997079356, 3.63989815e-005, 0.999999999, -3.50436223e-005, 0.997079362, -3.97875479e-005, 0.0763724033, 0.0763724014, -4.85429947e-005, -0.997079362, 4.33786881e-005, 0.999999998, -4.53625476e-005, 0, 0, 0, 0, 0, 0, 0, 0.336854468, -0.16397063, -0.226263062, -0.0252179665, 0.190133124, -0.981473879, -0.896728516, 0.429443359, 0.106323242, 0.441633173, 0.88285949, 0.159775909, 0, 0, -0, 0, 0, 0, 0, 0.380800977, -0.112007764, -0.201048242, 0.115895512, 0.0455608557, -0.992198875, 0.544555664, -0.838256836, 0.0252685547, -0.830570337, -0.543257561, -0.121959254, 0, 1, 1, 1, 
162.348933, 15, 0.1, 0.1, 0.0205341814, 0.356575419, -0.0199647715, 0.997079326, 2.99481951e-005, 0.0763728847, 0.0763728835, 3.99870234e-005, -0.997079325, -3.29146505e-005, 0.999999999, 3.75830043e-005, 0.997079331, 3.60549106e-005, 0.0763728114, 0.0763728096, 4.8626957e-005, -0.997079331, -3.96633836e-005, 0.999999998, 4.57313189e-005, 0, 0, 0, 0, 0, 0, 0, 0.336854468, -0.16397063, -0.226263062, -0.0252179665, 0.190133124, -0.981473879, -0.896728516, 0.429443359, 0.106323242, 0.441633173, 0.88285949, 0.159775909, 0, 0, -0, 0, 0, 0, 0, 0.380800977, -0.112007764, -0.201048242, 0.115895512, 0.0455608557, -0.992198875, 0.544555664, -0.838256836, 0.0252685547, -0.830570337, -0.543257561, -0.121959254, 0, 1, 1, 1, 
162.349715, 15, 0.1, 0.1, 0.0205341859, 0.356575424, -0.0199651715, 0.997079301, -2.60172203e-005, 0.076373207, 0.0763732061, -3.39526342e-005, -0.997079301, 2.85343034e-005, 0.999999999, -3.18664503e-005, 0.997079306, -3.33920306e-005, 0.0763731456, 0.0763731441, -4.26783321e-005, -0.997079305, 3.65539811e-005, 0.999999999, -4.00034273e-005, 0, 0, 0, 0, 0, 0, 0, 0.336854468, -0.16397063, -0.226263062, -0.0252179665, 0.190133124, -0.981473879, -0.896728516, 0.429443359, 0.106323242, 0.441633173, 0.88285949, 0.159775909, 0, 0, -0, 0, 0, 0, 0, 0.380800977, -0.112007764, -0.201048242, 0.115895512, 0.0455608557, -0.992198875, 0.544555664, -0.838256836, 0.0252685547, -0.830570337, -0.543257561, -0.121959254, 0, 1, 1, 1, 
162.350496, 15, 0.1, 0.1, 0.0205341808, 0.356575419, -0.019965739, 0.997079279, 3.39338083e-005, 0.0763734886, 0.0763734872, 4.01164532e-005, -0.997079279, -3.68985306e-005, 0.999999999, 3.7407641e-005, 0.997079283, 4.05259887e-005, 0.0763734359, 0.0763734339, 4.8539836e-005, -0.997079283, -4.41147778e-005, 0.999999998, 4.5302956e-005, 0, 0, 0, 0, 0, 0, 0, 0.336854468, -0.16397063, -0.226263062, -0.0252179665, 0.190133124, -0.981473879, -0.896728516, 0.429443359, 0.106323242, 0.441633173, 0.88285949, 0.159775909, 0, 0, -0, 0, 0, 0, 0, 0.380800977, -0.112007764, -0.201048242, 0.115895512, 0.0455608557, -0.992198875, 0.544555664, -0.838256836, 0.0252685547, -0.830570337, -0.543257561, -0.121959254, 0, 1, 1, 1, 
162.351286, 15, 0.1, 0.1, 0.020534185, 0.356575424, -0.0199662456, 0.997079261, -2.67842107e-005, 0.0763737248, 0.0763737239, -3.26099084e-005, -0.997079261, 2.91965212e-005, 0.999999999, -3.04690535e-005, 0.997079264, -3.28346775e-005, 0.0763736823, 0.0763736809, -4.1125027e-005, -0.997079264, 3.58796458e-005, 0.999999999, -3.84972064e-005, 0, 0, 0, 0, 0, 0, 0, 0.336854468, -0.16397063, -0.226263062, -0.0252179665, 0.190133124, -0.981473879, -0.896728516, 0.429443359, 0.106323242, 0.441633173, 0.88285949, 0.159775909, 0, 0, -0, 0, 0, 0, 0, 0.380800977, -0.112007764, -0.201048242, 0.115895512, 0.0455608557, -0.992198875, 0.544555664, -0.838256836, 0.0252685547, -0.830570337, -0.543257561, -0.121959254, 0, 1, 1, 1, 
162.352072, 15, 0.1, 0.1, 0.0205341808, 0.356575419, -0.0199665076, 0.997079247, 2.95021467e-005, 0.0763739072, 0.0763739061, 3.68922217e-005, -0.997079247, -3.22335813e-005, 0.999999999, 3.45312745e-005, 0.99707925, 3.61307997e-005, 0.0763738741, 0.0763738724, 4.59665775e-005, -0.997079249, -3.95359162e-005, 0.999999998, 4.30728715e-005, 0, 0, 0, 0, 0, 0, 0, 0.336854468, -0.16397063, -0.226263062, -0.0252179665, 0.190133124, -0.981473879, -0.896728516, 0.429443359, 0.106323242, 0.441633173, 0.88285949, 0.159775909, 0, 0, -0, 0, 0, 0, 0, 0.380800977, -0.112007764, -0.201048242, 0.115895512, 0.0455608557, -0.992198875, 0.544555664, -0.838256836, 0.0252685547, -0.830570337, -0.543257561, -0.121959254, 0, 1, 1, 1, 
162.352884, 15, 0.1, 0.1, 0.0205341859, 0.356575426, -0.0199662646, 0.997079236, -2.89376432e-005, 0.0763740516, 0.0763740504, -3.8249413e-005, -0.997079236, 3.17743858e-005, 0.999999999, -3.59276105e-005, 0.997079238, -3.55637981e-005, 0.0763740255, 0.0763740238, -4.66367028e-005, -0.997079238, 3.90217574e-005, 0.999999998, -4.37843377e-005, 0, 0, 0, 0, 0, 0, 0, 0.336610571, -0.165001514, -0.226687817, -0.0299021219, 0.191751797, -0.981029801, -0.897338867, 0.427001953, 0.110839844, 0.440150415, 0.883715445, 0.15945839, 0, 0, -0, 0, 0, 0, 0, 0.381120508, -0.113260547, -0.201257812, 0.113359204, 0.0478477965, -0.992300953, 0.547973633, -0.83605957, 0.0223388672, -0.828627545, -0.546331247, -0.120988041, 0, 1, 1, 1, 
162.353664, 15, 0.1, 0.1, 0.0205341821, 0.356575422, -0.0199657061, 0.997079227, 2.65482989e-005, 0.0763741672, 0.0763741663, 3.39614399e-005, -0.997079227, -2.9064534e-005, 0.999999999, 3.1834642e-005, 0.997079229, 3.38445634e-005, 0.0763741444, 0.076374143, 4.24242101e-005, -0.997079229, -3.6985824e-005, 0.999999999, 3.97154492e-005, 0, 0, 0, 0, 0, 0, 0, 0.336610571, -0.165001514, -0.226687817, -0.0299021219, 0.191751797, -0.981029801, -0.897338867, 0.427001953, 0.110839844, 0.440150415, 0.883715445, 0.15945839, 0, 0, -0, 0, 0, 0, 0, 0.381120508, -0.113260547, -0.201257812, 0.113359204, 0.0478477965, -0.992300953, 0.547973633, -0.83605957, 0.0223388672, -0.828627545, -0.546331247, -0.120988041, 0, 1, 1, 1, 
162.354446, 15, 0.1, 0.1, 0.0205341878, 0.356575428, -0.0199652321, 0.997079219, -3.23733996e-005, 0.0763742715, 0.0763742702, -3.82397876e-005, -0.997079219, 3.519938e-005, 0.999999999, -3.56556028e-005, 0.997079221, -3.94197021e-005, 0.076374252, 0.0763742502, -4.7281014e-005, -0.99707922, 4.29156179e-005, 0.999999998, -4.41322664e-005, 0, 0, 0, 0, 0, 0, 0, 0.336610571, -0.165001514, -0.226687817, -0.0299021219, 0.191751797, -0.981029801, -0.897338867, 0.427001953, 0.110839844, 0.440150415, 0.883715445, 0.15945839, 0, 0, -0, 0, 0, 0, 0, 0.381120508, -0.113260547, -0.201257812, 0.113359204, 0.0478477965, -0.992300953, 0.547973633, -0.83605957, 0.0223388672, -0.828627545, -0.546331247, -0.120988041, 0, 1, 1, 1, 
162.355254, 15, 0.1, 0.1, 0.0205341836, 0.356575423, -0.0199648196, 0.997079213, 2.97731282e-005, 0.0763743507, 0.0763743496, 3.5784208e-005, -0.997079213, -3.24191629e-005, 0.999999999, 3.34057866e-005, 0.997079214, 3.67792536e-005, 0.0763743372, 0.0763743355, 4.5803677e-005, -0.997079214, -4.01700547e-005, 0.999999998, 4.28609032e-005, 0, 0, 0, 0, 0, 0, 0, 0.336163208, -0.165799023, -0.226885303, -0.0341362081, 0.193548325, -0.980528436, -0.8984375, 0.423583984, 0.114868164, 0.437607638, 0.884914006, 0.159502573, 0, 0, -0, 0, 0, 0, 0, 0.381120508, -0.113260547, -0.201257812, 0.111238141, 0.0492083672, -0.992524433, 0.55065918, -0.834350586, 0.0203857422, -0.82713208, -0.548765842, -0.120029588, 0, 1, 1, 1, 
162.356036, 15, 0.1, 0.1, 0.0205341886, 0.35657543, -0.0199645545, 0.99707921, -2.94189636e-005, 0.0763743918, 0.0763743907, -3.81680414e-005, -0.99707921, 3.22480979e-005, 0.999999999, -3.58097052e-005, 0.99707921, -3.64273217e-005, 0.0763743852, 0.0763743834, -4.75628478e-005, -0.99707921, 3.99535084e-005, 0.999999998, -4.46418125e-005, 0, 0, 0, 0, 0, 0, 0, 0.336163208, -0.165799023, -0.226885303, -0.0341362081, 0.193548325, -0.980528436, -0.8984375, 0.423583984, 0.114868164, 0.437607638, 0.884914006, 0.159502573, 0, 0, -0, 0, 0, 0, 0, 0.381011621, -0.114784424, -0.201252441, 0.111238141, 0.0492083672, -0.992524433, 0.55065918, -0.834350586, 0.0203857422, -0.82713208, -0.548765842, -0.120029588, 0, 1, 1, 1, 
162.356817, 15, 0.1, 0.1, 0.0205341842, 0.356575425, -0.0199647219, 0.997079209, 3.0961885e-005, 0.0763744087, 0.0763744075, 3.85390113e-005, -0.997079209, -3.38148459e-005, 0.999999999, 3.60617512e-005, 0.997079209, 3.77514283e-005, 0.0763744059, 0.0763744041, 4.72342744e-005, -0.997079209, -4.12486539e-005, 0.999999998, 4.42130701e-005, 0, 0, 0, 0, 0, 0, 0, 0.336163208, -0.165799023, -0.226885303, -0.0341362081, 0.193548325, -0.980528436, -0.8984375, 0.423583984, 0.114868164, 0.437607638, 0.884914006, 0.159502573, 0, 0, -0, 0, 0, 0, 0, 0.381011621, -0.114784424, -0.201252441, 0.111238141, 0.0492083672, -0.992524433, 0.55065918, -0.834350586, 0.0203857422, -0.82713208, -0.548765842, -0.120029588, 0, 1, 1, 1, 
162.357602, 15, 0.1, 0.1, 0.020534189, 0.356575431, -0.0199652149, 0.997079209, -2.89390239e-005, 0.0763744098, 0.0763744087, -3.61694718e-005, -0.997079209, 3.16169211e-005, 0.999999999, -3.38536275e-005, 0.997079209, -3.56275513e-005, 0.0763744102, 0.0763744086, -4.4899621e-005, -0.997079208, 3.89526727e-005, 0.999999998, -4.20474454e-005, 0, 0, 0, 0, 0, 0, 0, 0.336163208, -0.165799023, -0.226885303, -0.0341362081, 0.193548325, -0.980528436, -0.8984375, 0.423583984, 0.114868164, 0.437607638, 0.884914006, 0.159502573, 0, 0, -0, 0, 0, 0, 0, 0.381011621, -0.114784424, -0.201252441, 0.111238141, 0.0492083672, -0.992524433, 0.55065918, -0.834350586, 0.0203857422, -0.82713208, -0.548765842, -0.120029588, 0, 1, 1, 1, 
162.358391, 15, 0.1, 0.1, 0.0205341846, 0.356575426, -0.0199658041, 0.99707921, 3.08221653e-005, 0.0763743944, 0.0763743932, 3.82219241e-005, -0.99707921, -3.36513166e-005, 0.999999999, 3.57562617e-005, 0.997079209, 3.7402657e-005, 0.0763743982, 0.0763743964, 4.69910638e-005, -0.997079209, -4.08823259e-005, 0.999999998, 4.39972074e-005, 0, 0, 0, 0, 0, 0, 0, 0.336163208, -0.165799023, -0.226885303, -0.0341362081, 0.193548325, -0.980528436, -0.8984375, 0.423583984, 0.114868164, 0.437607638, 0.884914006, 0.159502573, 0, 0, -0, 0, 0, 0, 0, 0.381011621, -0.114784424, -0.201252441, 0.111238141, 0.0492083672, -0.992524433, 0.55065918, -0.834350586, 0.0203857422, -0.82713208, -0.548765842, -0.120029588, 0, 1, 1, 1, 
162.359171, 15, 0.1, 0.1, 0.0205341889, 0.356575432, -0.0199663278, 0.997079212, -2.66361091e-005, 0.0763743644, 0.0763743635, -3.51554975e-005, -0.997079212, 2.92432895e-005, 0.999999999, -3.30184999e-005, 0.997079212, -3.30679946e-005, 0.0763743701, 0.0763743687, -4.32254294e-005, -0.997079211, 3.6272725e-005, 0.999999999, -4.05736299e-005, 0, 0, 0, 0, 0, 0, 0, 0.336163208, -0.165799023, -0.226885303, -0.0341362081, 0.193548325, -0.980528436, -0.8984375, 0.423583984, 0.114868164, 0.437607638, 0.884914006, 0.159502573, 0, 0, -0, 0, 0, 0, 0, 0.381011621, -0.114784424, -0.201252441, 0.111238141, 0.0492083672, -0.992524433, 0.55065918, -0.834350586, 0.0203857422, -0.82713208, -0.548765842, -0.120029588, 0, 1, 1, 1, 
162.359986, 15, 0.1, 0.1, 0.0205341844, 0.356575426, -0.0199664997, 0.997079215, 2.81493988e-005, 0.076374332, 0.076374331, 3.53329636e-005, -0.997079215, -3.0765712e-005, 0.999999999, 3.30798721e-005, 0.997079214, 3.59488738e-005, 0.0763743376, 0.076374336, 4.46510171e-005, -0.997079214, -3.92540667e-005, 0.999999998, 4.17750296e-005, 0, 0, 0, 0, 0, 0, 0, 0.336150854, -0.167034229, -0.227525244, -0.0385672458, 0.195503613, -0.979969782, -0.899780273, 0.419677734, 0.119140625, 0.434601688, 0.886334606, 0.159908459, 0, 0, -0, 0, 0, 0, 0, 0.381011621, -0.114784424, -0.201252441, 0.1089512, 0.0519167487, -0.992588232, 0.555786133, -0.831054688, 0.017578125, -0.824058394, -0.553513631, -0.11942258, 0, 1, 1, 1, 
162.360771, 15, 0.1, 0.1, 0.0205341896, 0.356575433, -0.0199660965, 0.997079217, -3.0692225e-005, 0.0763742984, 0.0763742974, -3.50408575e-005, -0.997079217, 3.32788006e-005, 0.999999999, -3.25944136e-005, 0.997079216, -3.71437991e-005, 0.0763743064, 0.0763743047, -4.40399848e-005, -0.997079216, 4.03988334e-005, 0.999999998, -4.10745217e-005, 0, 0, 0, 0, 0, 0, 0, 0.336150854, -0.167034229, -0.227525244, -0.0385672458, 0.195503613, -0.979969782, -0.899780273, 0.419677734, 0.119140625, 0.434601688, 0.886334606, 0.159908459, 0, 0, -0, 0, 0, 0, 0, 0.381371436, -0.11492832, -0.201467139, 0.1089512, 0.0519167487, -0.992588232, 0.555786133, -0.831054688, 0.017578125, -0.824058394, -0.553513631, -0.11942258, 0, 1, 1, 1, 
162.361556, 15, 0.1, 0.1, 0.0205341853, 0.356575428, -0.0199655797, 0.997079221, 3.04195451e-005, 0.0763742558, 0.0763742548, 3.41896655e-005, -0.997079221, -3.29419065e-005, 0.999999999, 3.1766535e-005, 0.99707922, 3.76319867e-005, 0.0763742655, 0.0763742639, 4.28992629e-005, -0.99707922, -4.07984716e-005, 0.999999998, 3.98998483e-005, 0, 0, 0, 0, 0, 0, 0, 0.336150854, -0.167034229, -0.227525244, -0.0385672458, 0.195503613, -0.979969782, -0.899780273, 0.419677734, 0.119140625, 0.434601688, 0.886334606, 0.159908459, 0, 0, -0, 0, 0, 0, 0, 0.381371436, -0.11492832, -0.201467139, 0.1089512, 0.0519167487, -0.992588232, 0.555786133, -0.831054688, 0.017578125, -0.824058394, -0.553513631, -0.11942258, 0, 1, 1, 1, 
162.362341, 15, 0.1, 0.1, 0.0205341907, 0.356575434, -0.0199651484, 0.997079223, -3.04553992e-005, 0.0763742216, 0.0763742204, -3.74217319e-005, -0.997079223, 3.32245015e-005, 0.999999999, -3.4986424e-005, 0.997079223, -3.88443901e-005, 0.0763742262, 0.0763742245, -4.52363303e-005, -0.997079222, 4.2185824e-005, 0.999999998, -4.21374949e-005, 0, 0, 0, 0, 0, 0, 0, 0.336150854, -0.167034229, -0.227525244, -0.0385672458, 0.195503613, -0.979969782, -0.899780273, 0.419677734, 0.119140625, 0.434601688, 0.886334606, 0.159908459, 0, 0, -0, 0, 0, 0, 0, 0.381371436, -0.11492832, -0.201467139, 0.1089512, 0.0519167487, -0.992588232, 0.555786133, -0.831054688, 0.017578125, -0.824058394, -0.553513631, -0.11942258, 0, 1, 1, 1, 
162.363129, 15, 0.1, 0.1, 0.0205341861, 0.35657543, -0.0199649048, 0.997079224, 3.01724399e-005, 0.0763742128, 0.0763742117, 3.62134833e-005, -0.997079224, -3.28500892e-005, 0.999999999, 3.38033155e-005, 0.997079224, 3.8770694e-005, 0.0763742116, 0.0763742099, 4.37236001e-005, -0.997079224, -4.1996809e-005, 0.999999998, 4.06348121e-005, 0, 0, 0, 0, 0, 0, 0, 0.336150854, -0.167034229, -0.227525244, -0.0385672458, 0.195503613, -0.979969782, -0.899780273, 0.419677734, 0.119140625, 0.434601688, 0.886334606, 0.159908459, 0, 0, -0, 0, 0, 0, 0, 0.381371436, -0.11492832, -0.201467139, 0.1089512, 0.0519167487, -0.992588232, 0.555786133, -0.831054688, 0.017578125, -0.824058394, -0.553513631, -0.11942258, 0, 1, 1, 1, 
162.363908, 15, 0.1, 0.1, 0.0205341916, 0.356575436, -0.0199649491, 0.997079222, -3.13814251e-005, 0.0763742329, 0.0763742317, -3.60194422e-005, -0.997079222, 3.40407242e-005, 0.999999999, -3.35175052e-005, 0.997079222, -3.97489127e-005, 0.076374227, 0.0763742252, -4.36576325e-005, -0.997079222, 4.29671329e-005, 0.999999998, -4.04943258e-005, 0, 0, 0, 0, 0, 0, 0, 0.336150854, -0.167034229, -0.227525244, -0.0385672458, 0.195503613, -0.979969782, -0.899780273, 0.419677734, 0.119140625, 0.434601688, 0.886334606, 0.159908459, 0, 0, -0, 0, 0, 0, 0, 0.381371436, -0.11492832, -0.201467139, 0.1089512, 0.0519167487, -0.992588232, 0.555786133, -0.831054688, 0.017578125, -0.824058394, -0.553513631, -0.11942258, 0, 1, 1, 1, 
162.364719, 15, 0.1, 0.1, 0.0205341863, 0.356575431, -0.0199651577, 0.997079218, 3.37701817e-005, 0.0763742826, 0.0763742815, 3.32502572e-005, -0.997079219, -3.62110109e-005, 0.999999999, 3.05739671e-005, 0.997079219, 4.20965958e-005, 0.0763742726, 0.0763742708, 4.19621056e-005, -0.997079219, -4.51784662e-005, 0.999999998, 3.86244466e-005, 0, 0, 0, 0, 0, 0, 0, 0.336474902, -0.16874436, -0.227275635, -0.0408149653, 0.196919344, -0.979493504, -0.900878906, 0.416625977, 0.121337891, 0.432115077, 0.887469888, 0.160574575, 0, 0, -0, 0, 0, 0, 0, 0.381371436, -0.11492832, -0.201467139, 0.104440751, 0.0549189726, -0.992939311, 0.561401367, -0.827392578, 0.0133056641, -0.82085018, -0.558721506, -0.117250111, 0, 1, 1, 1, 
162.365501, 15, 0.1, 0.1, 0.0205341914, 0.356575437, -0.0199652848, 0.997079215, -3.19290937e-005, 0.076374334, 0.0763743329, -3.47173007e-005, -0.997079215, 3.44873463e-005, 0.999999999, -3.21773357e-005, 0.997079215, -3.91226382e-005, 0.0763743263, 0.0763743246, -4.3273877e-005, -0.997079215, 4.23133826e-005, 0.999999998, -4.01595183e-005, 0, 0, 0, 0, 0, 0, 0, 0.336474902, -0.16874436, -0.227275635, -0.0408149653, 0.196919344, -0.979493504, -0.900878906, 0.416625977, 0.121337891, 0.432115077, 0.887469888, 0.160574575, 0, 0, -0, 0, 0, 0, 0, 0.381140479, -0.114839209, -0.202114404, 0.104440751, 0.0549189726, -0.992939311, 0.561401367, -0.827392578, 0.0133056641, -0.82085018, -0.558721506, -0.117250111, 0, 1, 1, 1, 
162.366292, 15, 0.1, 0.1, 0.0205341868, 0.356575432, -0.019965519, 0.997079211, 3.20297172e-005, 0.0763743751, 0.0763743739, 3.63124515e-005, -0.997079211, -3.47095059e-005, 0.999999999, 3.37601409e-005, 0.997079212, 3.95707156e-005, 0.0763743678, 0.076374366, 4.4306531e-005, -0.997079212, -4.28390212e-005, 0.999999998, 4.11549327e-005, 0, 0, 0, 0, 0, 0, 0, 0.336474902, -0.16874436, -0.227275635, -0.0408149653, 0.196919344, -0.979493504, -0.900878906, 0.416625977, 0.121337891, 0.432115077, 0.887469888, 0.160574575, 0, 0, -0, 0, 0, 0, 0, 0.381140479, -0.114839209, -0.202114404, 0.104440751, 0.0549189726, -0.992939311, 0.561401367, -0.827392578, 0.0133056641, -0.82085018, -0.558721506, -0.117250111, 0, 1, 1, 1, 
162.367072, 15, 0.1, 0.1, 0.0205341918, 0.356575438, -0.0199657845, 0.997079208, -2.95952391e-005, 0.0763744239, 0.0763744229, -3.38021197e-005, -0.997079208, 3.2090415e-005, 0.999999999, -3.14430714e-005, 0.997079208, -3.73604686e-005, 0.0763744134, 0.0763744119, -4.12828246e-005, -0.997079208, 4.0404298e-005, 0.999999998, -3.83088622e-005, 0, 0, 0, 0, 0, 0, 0, 0.336474902, -0.16874436, -0.227275635, -0.0408149653, 0.196919344, -0.979493504, -0.900878906, 0.416625977, 0.121337891, 0.432115077, 0.887469888, 0.160574575, 0, 0, -0, 0, 0, 0, 0, 0.381140479, -0.114839209, -0.202114404, 0.104440751, 0.0549189726, -0.992939311, 0.561401367, -0.827392578, 0.0133056641, -0.82085018, -0.558721506, -0.117250111, 0, 1, 1, 1, 
162.367855, 15, 0.1, 0.1, 0.0205341869, 0.356575433, -0.0199660493, 0.997079203, 3.25497423e-005, 0.0763744909, 0.0763744898, 3.42064996e-005, -0.997079203, -3.50671751e-005, 0.999999999, 3.16206194e-005, 0.997079203, 4.02886295e-005, 0.0763744777, 0.076374476, 4.1982e-005, -0.997079203, -4.3377308e-005, 0.999999998, 3.87823561e-005, 0, 0, 0, 0, 0, 0, 0, 0.336474902, -0.16874436, -0.227275635, -0.0408149653, 0.196919344, -0.979493504, -0.900878906, 0.416625977, 0.121337891, 0.432115077, 0.887469888, 0.160574575, 0, 0, -0, 0, 0, 0, 0, 0.381140479, -0.114839209, -0.202114404, 0.104440751, 0.0549189726, -0.992939311, 0.561401367, -0.827392578, 0.0133056641, -0.82085018, -0.558721506, -0.117250111, 0, 1, 1, 1, 
162.368635, 15, 0.1, 0.1, 0.020534192, 0.356575439, -0.0199662136, 0.997079197, -3.11461395e-005, 0.0763745685, 0.0763745674, -3.33352831e-005, -0.997079197, 3.36011357e-005, 0.999999999, -3.08591444e-005, 0.997079197, -3.83413394e-005, 0.0763745543, 0.0763745527, -4.11524201e-005, -0.997079197, 4.13723496e-005, 0.999999998, -3.81039194e-005, 0, 0, 0, 0, 0, 0, 0, 0.336474902, -0.16874436, -0.227275635, -0.0408149653, 0.196919344, -0.979493504, -0.900878906, 0.416625977, 0.121337891, 0.432115077, 0.887469888, 0.160574575, 0, 0, -0, 0, 0, 0, 0, 0.381140479, -0.114839209, -0.202114404, 0.104440751, 0.0549189726, -0.992939311, 0.561401367, -0.827392578, 0.0133056641, -0.82085018, -0.558721506, -0.117250111, 0, 1, 1, 1, 
