time, trialNum, realDorsalTactorPos, realVentralTactorPos, box1PosX, box1PosY, box1PosZ, box1LocalRot_11, box1LocalRot_12, box1LocalRot_13, box1LocalRot_21, box1LocalRot_22, box1LocalRot_23, box1LocalRot_31, box1LocalRot_32, box1LocalRot_33, box1GlobalRot_11, box1GlobalRot_12, box1GlobalRot_13, box1GlobalRot_21, box1GlobalRot_22, box1GlobalRot_23, box1GlobalRot_31, box1GlobalRot_32, box1GlobalRot_33, indexForceX, indexForceY, indexForceZ, indexForceGlobalX, indexForceGlobalY, indexForceGlobalZ, indexContact, indexPosX, indexPosY, indexPosZ, indexRot_11, indexRot_12, indexRot_13, indexRot_21, indexRot_22, indexRot_23, indexRot_31, indexRot_32, indexRot_33, thumbForceX, thumbForceY, thumbForceZ, thumbForceGlobalX, thumbForceGlobalY, thumbForceGlobalZ, thumbContact, thumbPosX, thumbPosY, thumbPosZ, thumbRot_11, thumbRot_12, thumbRot_13, thumbRot_21, thumbRot_22, thumbRot_23, thumbRot_31, thumbRot_32, thumbRot_33, manipForceTooHigh, cceExpType, mapping, trialSuccess, 
354.570313, 44, 0.1, 0.1, 0.010621354, 0.356527709, -0.0199616597, 0.954517806, -0.298153917, 6.73668637e-006, 0.298153917, 0.954517806, -1.40827697e-005, -2.23145416e-006, 1.54508238e-005, 1, 0.954517788, -0.298153974, 2.55694108e-005, 0.298153974, 0.954517788, -2.18755295e-006, -2.37542298e-005, 9.71167966e-006, 1, 0, 0, 0, 0, 0, 0, 0, 0.292140723, -0.111857495, -0.210055933, -0.336589627, 0.628334394, -0.701316, -0.915527344, -0.392089844, 0.0881347656, -0.219580431, 0.671818871, 0.707408625, 0, 0, -0, 0, 0, 0, 0, 0.296836377, -0.0662366699, -0.176535352, -0.0248136161, 0.0990366428, -0.994672081, 0.93762207, -0.342773438, -0.0574951172, -0.346655832, -0.934095982, -0.0844144439, 0, 1, 5, 1, 
354.607315, 44, 0.1, 0.1, 0.0106213571, 0.356527701, -0.0199671177, 0.954520827, -0.298144244, 3.61253822e-005, 0.298144245, 0.954520827, -1.73079866e-005, -2.93221531e-005, 2.72914085e-005, 0.999999999, 0.954520821, -0.29814426, 4.36612681e-005, 0.298144262, 0.954520822, -2.30075987e-005, -3.4816006e-005, 3.49785885e-005, 0.999999999, 0, 0, 0, 0, 0, 0, 0, 0.285514819, -0.120140063, -0.197629541, -0.389948221, 0.62365623, -0.677359414, -0.902954102, -0.403076172, 0.148681641, -0.180354869, 0.669593613, 0.72054637, 0, 0, -0, 0, 0, 0, 0, 0.291930078, -0.0750708496, -0.163203516, -0.0800017353, 0.11021032, -0.990569213, 0.943481445, -0.312133789, -0.110961914, -0.321402431, -0.943477454, -0.0790735068, 0, 1, 5, 1, 
354.608102, 44, 0.1, 0.1, 0.0106213624, 0.356527697, -0.0199714539, 0.954520846, -0.298144181, -4.11457806e-005, 0.298144182, 0.954520846, 2.32107088e-005, 3.23543676e-005, -3.44224805e-005, 0.999999999, 0.954520843, -0.29814419, -4.75478058e-005, 0.298144192, 0.954520843, 2.79819233e-005, 3.70427239e-005, -4.08854312e-005, 0.999999998, 0, 0, 0, 0, 0, 0, 0, 0.285514819, -0.120140063, -0.197629541, -0.389948221, 0.62365623, -0.677359414, -0.902954102, -0.403076172, 0.148681641, -0.180354869, 0.669593613, 0.72054637, 0, 0, -0, 0, 0, 0, 0, 0.291930078, -0.0750708496, -0.163203516, -0.0800017353, 0.11021032, -0.990569213, 0.943481445, -0.312133789, -0.110961914, -0.321402431, -0.943477454, -0.0790735068, 0, 1, 5, 1, 
354.608907, 44, 0.1, 0.1, 0.0106213584, 0.356527699, -0.0199734819, 0.954520857, -0.298144149, 2.38632605e-005, 0.298144149, 0.954520857, -1.68428789e-005, -1.7756374e-005, 2.31915707e-005, 1, 0.954520854, -0.298144156, 3.07957102e-005, 0.298144156, 0.954520855, -2.03942606e-005, -2.3314718e-005, 2.86483081e-005, 0.999999999, 0, 0, 0, 0, 0, 0, 0, 0.284597046, -0.120505005, -0.196941357, -0.395130376, 0.625356157, -0.672807809, -0.901733398, -0.403442383, 0.154418945, -0.174837602, 0.667841267, 0.723533224, 0, 0, -0, 0, 0, 0, 0, 0.291930078, -0.0750708496, -0.163203516, -0.0800017353, 0.11021032, -0.990569213, 0.943481445, -0.312133789, -0.110961914, -0.321402431, -0.943477454, -0.0790735068, 0, 1, 5, 1, 
354.609688, 44, 0.1, 0.1, 0.0106213634, 0.356527696, -0.0199726769, 0.954520868, -0.298144112, -3.21799439e-005, 0.298144112, 0.954520868, 1.83996267e-005, 2.52306876e-005, -2.71570885e-005, 0.999999999, 0.954520864, -0.298144123, -4.21922153e-005, 0.298144124, 0.954520865, 2.13601794e-005, 3.39049379e-005, -3.29680979e-005, 0.999999999, 0, 0, 0, 0, 0, 0, 0, 0.284597046, -0.120505005, -0.196941357, -0.395130376, 0.625356157, -0.672807809, -0.901733398, -0.403442383, 0.154418945, -0.174837602, 0.667841267, 0.723533224, 0, 0, -0, 0, 0, 0, 0, 0.291930078, -0.0750708496, -0.163203516, -0.0800017353, 0.11021032, -0.990569213, 0.943481445, -0.312133789, -0.110961914, -0.321402431, -0.943477454, -0.0790735068, 0, 1, 5, 1, 
354.61047, 44, 0.1, 0.1, 0.0106213564, 0.356527699, -0.0199696737, 0.954520889, -0.298144045, 3.73319186e-005, 0.298144046, 0.954520889, -1.53937239e-005, -3.1044549e-005, 2.58239203e-005, 0.999999999, 0.954520884, -0.298144059, 4.69979078e-005, 0.29814406, 0.954520885, -1.95572933e-005, -3.90295937e-005, 3.26799919e-005, 0.999999999, 0, 0, 0, 0, 0, 0, 0, 0.284597046, -0.120505005, -0.196941357, -0.395130376, 0.625356157, -0.672807809, -0.901733398, -0.403442383, 0.154418945, -0.174837602, 0.667841267, 0.723533224, 0, 0, -0, 0, 0, 0, 0, 0.291930078, -0.0750708496, -0.163203516, -0.0800017353, 0.11021032, -0.990569213, 0.943481445, -0.312133789, -0.110961914, -0.321402431, -0.943477454, -0.0790735068, 0, 1, 5, 1, 
354.611268, 44, 0.1, 0.1, 0.010621362, 0.356527695, -0.0199654935, 0.954520911, -0.298143974, -3.72112057e-005, 0.298143975, 0.954520911, 1.6992018e-005, 3.04528062e-005, -2.73135332e-005, 0.999999999, 0.954520907, -0.298143986, -4.96115099e-005, 0.298143987, 0.954520907, 2.37181026e-005, 4.02838138e-005, -3.74307982e-005, 0.999999998, 0, 0, 0, 0, 0, 0, 0, 0.284597046, -0.120505005, -0.196941357, -0.400294558, 0.625222485, -0.669970357, -0.900146484, -0.405151367, 0.159667969, -0.171547838, 0.666997295, 0.725061287, 0, 0, -0, 0, 0, 0, 0, 0.291930078, -0.0750708496, -0.163203516, -0.0800017353, 0.11021032, -0.990569213, 0.943481445, -0.312133789, -0.110961914, -0.321402431, -0.943477454, -0.0790735068, 0, 1, 5, 1, 
354.612075, 44, 0.1, 0.1, 0.0106213517, 0.3565277, -0.0199612393, 0.954520926, -0.298143924, 5.40770352e-005, 0.298143925, 0.954520927, -2.54722284e-005, -4.40232716e-005, 4.04365146e-005, 0.999999998, 0.954520923, -0.298143929, 6.63395395e-005, 0.298143932, 0.954520924, -3.27907985e-005, -5.35461011e-005, 5.10782344e-005, 0.999999997, 0, 0, 0, 0, 0, 0, 0, 0.284119897, -0.120960889, -0.196121973, -0.400294558, 0.625222485, -0.669970357, -0.900146484, -0.405151367, 0.159667969, -0.171547838, 0.666997295, 0.725061287, 0, 0, -0, 0, 0, 0, 0, 0.291754053, -0.0763438965, -0.161625928, -0.0825384091, 0.111181533, -0.99031365, 0.943237305, -0.312133789, -0.113525391, -0.321791789, -0.943375376, -0.0791693887, 0, 1, 5, 1, 
354.612859, 44, 0.1, 0.1, 0.0106213579, 0.356527696, -0.0199588474, 0.954520933, -0.298143902, -4.71287123e-005, 0.298143904, 0.954520933, 2.34655623e-005, 3.79892281e-005, -3.64495086e-005, 0.999999999, 0.954520932, -0.298143903, -5.82990267e-005, 0.298143905, 0.954520933, 3.00017364e-005, 4.67028065e-005, -4.60187849e-005, 0.999999998, 0, 0, 0, 0, 0, 0, 0, 0.284119897, -0.120960889, -0.196121973, -0.400294558, 0.625222485, -0.669970357, -0.900146484, -0.405151367, 0.159667969, -0.171547838, 0.666997295, 0.725061287, 0, 0, -0, 0, 0, 0, 0, 0.291754053, -0.0763438965, -0.161625928, -0.0825384091, 0.111181533, -0.99031365, 0.943237305, -0.312133789, -0.113525391, -0.321791789, -0.943375376, -0.0791693887, 0, 1, 5, 1, 
354.613649, 44, 0.1, 0.1, 0.0106213487, 0.3565277, -0.0199588443, 0.954520935, -0.298143894, 5.1162771e-005, 0.298143895, 0.954520936, -2.76911921e-005, -4.05799762e-005, 4.16856904e-005, 0.999999998, 0.954520934, -0.298143896, 6.39622024e-005, 0.298143898, 0.954520935, -3.31988842e-005, -5.11552166e-005, 5.07589703e-005, 0.999999997, 0, 0, 0, 0, 0, 0, 0, 0.284119897, -0.120960889, -0.196121973, -0.400294558, 0.625222485, -0.669970357, -0.900146484, -0.405151367, 0.159667969, -0.171547838, 0.666997295, 0.725061287, 0, 0, -0, 0, 0, 0, 0, 0.291754053, -0.0763438965, -0.161625928, -0.0825384091, 0.111181533, -0.99031365, 0.943237305, -0.312133789, -0.113525391, -0.321791789, -0.943375376, -0.0791693887, 0, 1, 5, 1, 
354.614435, 44, 0.1, 0.1, 0.0106213556, 0.356527696, -0.0199610159, 0.954520941, -0.298143875, -5.11907064e-005, 0.298143876, 0.954520942, 2.841633e-005, 4.03904466e-005, -4.23861777e-005, 0.999999998, 0.954520939, -0.29814388, -6.09893569e-005, 0.298143882, 0.95452094, 3.31926675e-005, 4.83194276e-005, -4.98666997e-005, 0.999999998, 0, 0, 0, 0, 0, 0, 0, 0.284119897, -0.120960889, -0.196121973, -0.400294558, 0.625222485, -0.669970357, -0.900146484, -0.405151367, 0.159667969, -0.171547838, 0.666997295, 0.725061287, 0, 0, -0, 0, 0, 0, 0, 0.291754053, -0.0763438965, -0.161625928, -0.0825384091, 0.111181533, -0.99031365, 0.943237305, -0.312133789, -0.113525391, -0.321791789, -0.943375376, -0.0791693887, 0, 1, 5, 1, 
354.615227, 44, 0.1, 0.1, 0.010621349, 0.356527699, -0.0199644741, 0.954520947, -0.298143858, 4.1597668e-005, 0.298143859, 0.954520947, -2.1156831e-005, -3.33980663e-005, 3.25967277e-005, 0.999999999, 0.954520946, -0.29814386, 5.03490541e-005, 0.298143861, 0.954520946, -2.68076823e-005, -4.00666809e-005, 4.05997557e-005, 0.999999998, 0, 0, 0, 0, 0, 0, 0, 0.284119897, -0.120960889, -0.196121973, -0.400294558, 0.625222485, -0.669970357, -0.900146484, -0.405151367, 0.159667969, -0.171547838, 0.666997295, 0.725061287, 0, 0, -0, 0, 0, 0, 0, 0.291754053, -0.0763438965, -0.161625928, -0.0825384091, 0.111181533, -0.99031365, 0.943237305, -0.312133789, -0.113525391, -0.321791789, -0.943375376, -0.0791693887, 0, 1, 5, 1, 
354.616013, 44, 0.1, 0.1, 0.0106213547, 0.356527695, -0.0199680378, 0.954520948, -0.298143856, -4.32431909e-005, 0.298143857, 0.954520948, 2.17682617e-005, 3.47864581e-005, -3.36709535e-005, 0.999999999, 0.954520948, -0.298143854, -5.12768736e-005, 0.298143856, 0.954520948, 2.6196223e-005, 4.11346071e-005, -4.02927284e-005, 0.999999998, 0, 0, 0, 0, 0, 0, 0, 0.284119897, -0.120960889, -0.196121973, -0.400294558, 0.625222485, -0.669970357, -0.900146484, -0.405151367, 0.159667969, -0.171547838, 0.666997295, 0.725061287, 0, 0, -0, 0, 0, 0, 0, 0.291754053, -0.0763438965, -0.161625928, -0.0825384091, 0.111181533, -0.99031365, 0.943237305, -0.312133789, -0.113525391, -0.321791789, -0.943375376, -0.0791693887, 0, 1, 5, 1, 
354.616831, 44, 0.1, 0.1, 0.0106213484, 0.356527698, -0.0199702292, 0.954520949, -0.298143851, 3.65540015e-005, 0.298143852, 0.95452095, -1.93595736e-005, -2.91196223e-005, 2.93774694e-005, 0.999999999, 0.954520948, -0.298143853, 4.51524658e-005, 0.298143854, 0.954520949, -2.2828897e-005, -3.62926791e-005, 3.52525906e-005, 0.999999999, 0, 0, 0, 0, 0, 0, 0, 0.283914697, -0.121652344, -0.195113159, -0.404563471, 0.624778407, -0.667748846, -0.898925781, -0.405395508, 0.165405273, -0.167287542, 0.667314814, 0.725821762, 0, 0, -0, 0, 0, 0, 0, 0.2910229, -0.0780548828, -0.160469678, -0.0860977015, 0.112088947, -0.989879083, 0.942016602, -0.314086914, -0.117431641, -0.324129769, -0.942666289, -0.078632743, 0, 1, 5, 1, 
354.617614, 44, 0.1, 0.1, 0.0106213529, 0.356527695, -0.0199706381, 0.954520954, -0.298143835, -3.36872547e-005, 0.298143836, 0.954520955, 1.82911652e-005, 2.67017924e-005, -2.75029478e-005, 0.999999999, 0.954520953, -0.298143839, -4.20752557e-005, 0.29814384, 0.954520953, 2.25750807e-005, 3.34310919e-005, -3.40928659e-005, 0.999999999, 0, 0, 0, 0, 0, 0, 0, 0.283914697, -0.121652344, -0.195113159, -0.404563471, 0.624778407, -0.667748846, -0.898925781, -0.405395508, 0.165405273, -0.167287542, 0.667314814, 0.725821762, 0, 0, -0, 0, 0, 0, 0, 0.2910229, -0.0780548828, -0.160469678, -0.0860977015, 0.112088947, -0.989879083, 0.942016602, -0.314086914, -0.117431641, -0.324129769, -0.942666289, -0.078632743, 0, 1, 5, 1, 
354.618396, 44, 0.1, 0.1, 0.0106213465, 0.356527697, -0.0199694283, 0.954520958, -0.298143825, 3.50924571e-005, 0.298143825, 0.954520958, -1.75888567e-005, -2.82524768e-005, 2.72515318e-005, 0.999999999, 0.954520957, -0.298143825, 4.40292673e-005, 0.298143826, 0.954520958, -2.34479701e-005, -3.50359909e-005, 3.5508633e-005, 0.999999999, 0, 0, 0, 0, 0, 0, 0, 0.283914697, -0.121652344, -0.195113159, -0.404563471, 0.624778407, -0.667748846, -0.898925781, -0.405395508, 0.165405273, -0.167287542, 0.667314814, 0.725821762, 0, 0, -0, 0, 0, 0, 0, 0.2910229, -0.0780548828, -0.160469678, -0.0860977015, 0.112088947, -0.989879083, 0.942016602, -0.314086914, -0.117431641, -0.324129769, -0.942666289, -0.078632743, 0, 1, 5, 1, 
354.619255, 44, 0.1, 0.1, 0.0106213552, 0.356527692, -0.0199660724, 0.954520954, -0.298143834, -5.03090224e-005, 0.298143835, 0.954520955, 2.59362611e-005, 4.02882798e-005, -3.97560296e-005, 0.999999998, 0.954520955, -0.29814383, -6.21680544e-005, 0.298143832, 0.954520955, 3.23893868e-005, 4.96840149e-005, -4.94513704e-005, 0.999999998, 0, 0, 0, 0, 0, 0, 0, 0.283914697, -0.121652344, -0.195113159, -0.404563471, 0.624778407, -0.667748846, -0.898925781, -0.405395508, 0.165405273, -0.167287542, 0.667314814, 0.725821762, 0, 0, -0, 0, 0, 0, 0, 0.29096123, -0.0784251953, -0.159318555, -0.0907554383, 0.113354002, -0.989406236, 0.942016602, -0.3125, -0.122192383, -0.323023662, -0.943024297, -0.0784603021, 0, 1, 5, 1, 
354.620045, 44, 0.1, 0.1, 0.0106213485, 0.356527695, -0.0199627279, 0.954520952, -0.298143842, 4.03113506e-005, 0.298143843, 0.954520952, -2.16320899e-005, -3.20285543e-005, 3.2666864e-005, 0.999999999, 0.954520952, -0.298143841, 5.06716661e-005, 0.298143842, 0.954520952, -2.71042107e-005, -4.02862135e-005, 4.09789822e-005, 0.999999998, 0, 0, 0, 0, 0, 0, 0, 0.283914697, -0.121652344, -0.195113159, -0.404563471, 0.624778407, -0.667748846, -0.898925781, -0.405395508, 0.165405273, -0.167287542, 0.667314814, 0.725821762, 0, 0, -0, 0, 0, 0, 0, 0.29096123, -0.0784251953, -0.159318555, -0.0907554383, 0.113354002, -0.989406236, 0.942016602, -0.3125, -0.122192383, -0.323023662, -0.943024297, -0.0784603021, 0, 1, 5, 1, 
354.620834, 44, 0.1, 0.1, 0.0106213555, 0.356527691, -0.0199605749, 0.954520948, -0.298143855, -4.57119119e-005, 0.298143856, 0.954520948, 2.36894747e-005, 3.65701062e-005, -3.62408255e-005, 0.999999999, 0.954520948, -0.298143851, -5.86952761e-005, 0.298143853, 0.954520949, 3.04131958e-005, 4.69583633e-005, -4.65296682e-005, 0.999999998, 0, 0, 0, 0, 0, 0, 0, 0.283914697, -0.121652344, -0.195113159, -0.404563471, 0.624778407, -0.667748846, -0.898925781, -0.405395508, 0.165405273, -0.167287542, 0.667314814, 0.725821762, 0, 0, -0, 0, 0, 0, 0, 0.29096123, -0.0784251953, -0.159318555, -0.0907554383, 0.113354002, -0.989406236, 0.942016602, -0.3125, -0.122192383, -0.323023662, -0.943024297, -0.0784603021, 0, 1, 5, 1, 
354.621635, 44, 0.1, 0.1, 0.010621345, 0.356527696, -0.0199600247, 0.954520946, -0.298143858, 5.92246174e-005, 0.29814386, 0.954520947, -3.10573593e-005, -4.7271577e-005, 4.7302356e-005, 0.999999998, 0.954520945, -0.298143857, 7.02475505e-005, 0.29814386, 0.954520946, -3.6907683e-005, -5.60489594e-005, 5.61730323e-005, 0.999999997, 0, 0, 0, 0, 0, 0, 0, 0.28283667, -0.122562402, -0.194117163, -0.408545944, 0.62436653, -0.665743384, -0.89831543, -0.403808594, 0.172485352, -0.161218735, 0.668615969, 0.725998495, 0, 0, -0, 0, 0, 0, 0, 0.29096123, -0.0784251953, -0.159318555, -0.0907554383, 0.113354002, -0.989406236, 0.942016602, -0.3125, -0.122192383, -0.323023662, -0.943024297, -0.0784603021, 0, 1, 5, 1, 
354.622425, 44, 0.1, 0.1, 0.0106213494, 0.356527692, -0.0199612705, 0.954520944, -0.298143868, -3.94771278e-005, 0.298143869, 0.954520944, 2.04990823e-005, 3.15700695e-005, -3.1336667e-005, 0.999999999, 0.954520945, -0.298143864, -4.89887948e-005, 0.298143866, 0.954520945, 2.68966076e-005, 3.87417722e-005, -4.0279084e-005, 0.999999998, 0, 0, 0, 0, 0, 0, 0, 0.28283667, -0.122562402, -0.194117163, -0.408545944, 0.62436653, -0.665743384, -0.89831543, -0.403808594, 0.172485352, -0.161218735, 0.668615969, 0.725998495, 0, 0, -0, 0, 0, 0, 0, 0.29096123, -0.0784251953, -0.159318555, -0.0907554383, 0.113354002, -0.989406236, 0.942016602, -0.3125, -0.122192383, -0.323023662, -0.943024297, -0.0784603021, 0, 1, 5, 1, 
354.623214, 44, 0.1, 0.1, 0.0106213404, 0.356527697, -0.0199638199, 0.954520935, -0.298143896, 5.14196081e-005, 0.298143898, 0.954520935, -2.69068979e-005, -4.10589651e-005, 4.10136398e-005, 0.999999998, 0.954520936, -0.298143889, 6.15711083e-005, 0.298143892, 0.954520937, -3.22252504e-005, -4.91631505e-005, 4.9116726e-005, 0.999999998, 0, 0, 0, 0, 0, 0, 0, 0.28283667, -0.122562402, -0.194117163, -0.408545944, 0.62436653, -0.665743384, -0.89831543, -0.403808594, 0.172485352, -0.161218735, 0.668615969, 0.725998495, 0, 0, -0, 0, 0, 0, 0, 0.29096123, -0.0784251953, -0.159318555, -0.0907554383, 0.113354002, -0.989406236, 0.942016602, -0.3125, -0.122192383, -0.323023662, -0.943024297, -0.0784603021, 0, 1, 5, 1, 
354.624034, 44, 0.1, 0.1, 0.0106213462, 0.356527693, -0.019966513, 0.954520929, -0.298143915, -4.40278432e-005, 0.298143916, 0.954520929, 2.41395611e-005, 3.48284345e-005, -3.61683499e-005, 0.999999999, 0.954520929, -0.298143914, -5.28356505e-005, 0.298143916, 0.954520929, 2.71104296e-005, 4.23499247e-005, -4.16301002e-005, 0.999999998, 0, 0, 0, 0, 0, 0, 0, 0.281871191, -0.123450122, -0.19227019, -0.410320011, 0.624373644, -0.664537709, -0.89855957, -0.400878906, 0.178100586, -0.155252522, 0.670221537, 0.725807535, 0, 0, -0, 0, 0, 0, 0, 0.290619678, -0.0789672363, -0.158380908, -0.0960905454, 0.115334707, -0.988639547, 0.941650391, -0.311279297, -0.127685547, -0.32247972, -0.943184345, -0.078747948, 0, 1, 5, 1, 
354.624823, 44, 0.1, 0.1, 0.0106213407, 0.356527695, -0.0199684597, 0.954520931, -0.29814391, 3.27323513e-005, 0.29814391, 0.954520931, -1.68608777e-005, -2.62167465e-005, 2.58530119e-005, 0.999999999, 0.95452093, -0.298143913, 4.20960398e-005, 0.298143914, 0.95452093, -2.04337173e-005, -3.40893626e-005, 3.20550889e-005, 0.999999999, 0, 0, 0, 0, 0, 0, 0, 0.281871191, -0.123450122, -0.19227019, -0.410320011, 0.624373644, -0.664537709, -0.89855957, -0.400878906, 0.178100586, -0.155252522, 0.670221537, 0.725807535, 0, 0, -0, 0, 0, 0, 0, 0.290619678, -0.0789672363, -0.158380908, -0.0960905454, 0.115334707, -0.988639547, 0.941650391, -0.311279297, -0.127685547, -0.32247972, -0.943184345, -0.078747948, 0, 1, 5, 1, 
354.625612, 44, 0.1, 0.1, 0.0106213473, 0.356527692, -0.0199692835, 0.954520941, -0.298143877, -4.34849795e-005, 0.298143879, 0.954520941, 1.95090444e-005, 3.56908214e-005, -3.15865718e-005, 0.999999999, 0.954520938, -0.298143884, -5.28322664e-005, 0.298143886, 0.954520939, 2.3515771e-005, 4.34184213e-005, -3.8197913e-005, 0.999999998, 0, 0, 0, 0, 0, 0, 0, 0.281871191, -0.123450122, -0.19227019, -0.410320011, 0.624373644, -0.664537709, -0.89855957, -0.400878906, 0.178100586, -0.155252522, 0.670221537, 0.725807535, 0, 0, -0, 0, 0, 0, 0, 0.290619678, -0.0789672363, -0.158380908, -0.0960905454, 0.115334707, -0.988639547, 0.941650391, -0.311279297, -0.127685547, -0.32247972, -0.943184345, -0.078747948, 0, 1, 5, 1, 
354.6264, 44, 0.1, 0.1, 0.0106213417, 0.356527694, -0.0199688221, 0.954520955, -0.298143834, 3.40237991e-005, 0.298143834, 0.954520955, -1.53261052e-005, -2.79070455e-005, 2.47730745e-005, 0.999999999, 0.954520952, -0.298143841, 4.28639988e-005, 0.298143842, 0.954520953, -1.99259754e-005, -3.49737782e-005, 3.17993983e-005, 0.999999999, 0, 0, 0, 0, 0, 0, 0, 0.281871191, -0.123450122, -0.19227019, -0.410320011, 0.624373644, -0.664537709, -0.89855957, -0.400878906, 0.178100586, -0.155252522, 0.670221537, 0.725807535, 0, 0, -0, 0, 0, 0, 0, 0.290619678, -0.0789672363, -0.158380908, -0.0960905454, 0.115334707, -0.988639547, 0.941650391, -0.311279297, -0.127685547, -0.32247972, -0.943184345, -0.078747948, 0, 1, 5, 1, 
354.627191, 44, 0.1, 0.1, 0.0106213478, 0.35652769, -0.0199672758, 0.954520967, -0.298143796, -4.00883529e-005, 0.298143797, 0.954520967, 2.10078676e-005, 3.2001808e-005, -3.20045439e-005, 0.999999999, 0.954520964, -0.298143802, -5.09076591e-005, 0.298143804, 0.954520964, 2.61267195e-005, 4.08029084e-005, -4.01163047e-005, 0.999999998, 0, 0, 0, 0, 0, 0, 0, 0.281871191, -0.123450122, -0.19227019, -0.410320011, 0.624373644, -0.664537709, -0.89855957, -0.400878906, 0.178100586, -0.155252522, 0.670221537, 0.725807535, 0, 0, -0, 0, 0, 0, 0, 0.290619678, -0.0789672363, -0.158380908, -0.0960905454, 0.115334707, -0.988639547, 0.941650391, -0.311279297, -0.127685547, -0.32247972, -0.943184345, -0.078747948, 0, 1, 5, 1, 
354.627978, 44, 0.1, 0.1, 0.0106213403, 0.356527694, -0.019965264, 0.954520976, -0.298143763, 4.26502398e-005, 0.298143765, 0.954520977, -2.35044023e-005, -3.37028576e-005, 3.51513481e-005, 0.999999999, 0.954520974, -0.29814377, 5.31719694e-005, 0.298143772, 0.954520974, -2.77819241e-005, -4.24707524e-005, 4.23713208e-005, 0.999999998, 0, 0, 0, 0, 0, 0, 0, 0.281871191, -0.123450122, -0.19227019, -0.410320011, 0.624373644, -0.664537709, -0.89855957, -0.400878906, 0.178100586, -0.155252522, 0.670221537, 0.725807535, 0, 0, -0, 0, 0, 0, 0, 0.290619678, -0.0789672363, -0.158380908, -0.0960905454, 0.115334707, -0.988639547, 0.941650391, -0.311279297, -0.127685547, -0.32247972, -0.943184345, -0.078747948, 0, 1, 5, 1, 
354.628798, 44, 0.1, 0.1, 0.0106213468, 0.35652769, -0.0199632501, 0.954520991, -0.298143716, -4.05436803e-005, 0.298143718, 0.954520991, 2.34383598e-005, 3.17117942e-005, -3.446025e-005, 0.999999999, 0.954520987, -0.298143729, -5.39931374e-005, 0.298143731, 0.954520987, 2.82289712e-005, 4.31212921e-005, -4.30428609e-005, 0.999999998, 0, 0, 0, 0, 0, 0, 0, 0.280902905, -0.124530566, -0.190625464, -0.412201541, 0.624983594, -0.662932141, -0.898803711, -0.397460938, 0.184082031, -0.148404144, 0.671731626, 0.725800422, 0, 0, -0, 0, 0, 0, 0, 0.290619678, -0.0789672363, -0.158380908, -0.101783661, 0.117277133, -0.987789736, 0.940795898, -0.311157227, -0.133789062, -0.323200833, -0.942980188, -0.0786586292, 0, 1, 5, 1, 
354.629593, 44, 0.1, 0.1, 0.0106213377, 0.356527694, -0.0199619634, 0.954521013, -0.298143644, 5.04537587e-005, 0.298143646, 0.954521014, -2.45164989e-005, -4.08497346e-005, 3.84439809e-005, 0.999999998, 0.954521008, -0.29814366, 6.23777366e-005, 0.298143663, 0.954521009, -2.89113736e-005, -5.09211173e-005, 4.61940403e-005, 0.999999998, 0, 0, 0, 0, 0, 0, 0, 0.280902905, -0.124530566, -0.190625464, -0.412201541, 0.624983594, -0.662932141, -0.898803711, -0.397460938, 0.184082031, -0.148404144, 0.671731626, 0.725800422, 0, 0, -0, 0, 0, 0, 0, 0.290227832, -0.0797273926, -0.157653076, -0.101783661, 0.117277133, -0.987789736, 0.940795898, -0.311157227, -0.133789062, -0.323200833, -0.942980188, -0.0786586292, 0, 1, 5, 1, 
354.630381, 44, 0.1, 0.1, 0.0106213442, 0.356527691, -0.0199618266, 0.954521044, -0.298143546, -4.66607544e-005, 0.298143547, 0.954521045, 1.97977633e-005, 3.86360966e-005, -3.28089846e-005, 0.999999999, 0.954521038, -0.298143564, -5.7697753e-005, 0.298143566, 0.954521039, 2.50799256e-005, 4.75963007e-005, -4.11415305e-005, 0.999999998, 0, 0, 0, 0, 0, 0, 0, 0.280902905, -0.124530566, -0.190625464, -0.412201541, 0.624983594, -0.662932141, -0.898803711, -0.397460938, 0.184082031, -0.148404144, 0.671731626, 0.725800422, 0, 0, -0, 0, 0, 0, 0, 0.290227832, -0.0797273926, -0.157653076, -0.101783661, 0.117277133, -0.987789736, 0.940795898, -0.311157227, -0.133789062, -0.323200833, -0.942980188, -0.0786586292, 0, 1, 5, 1, 
354.631168, 44, 0.1, 0.1, 0.0106213361, 0.356527694, -0.0199629418, 0.954521073, -0.298143455, 4.8135273e-005, 0.298143456, 0.954521073, -2.40976498e-005, -3.87615759e-005, 3.73529312e-005, 0.999999999, 0.954521067, -0.29814347, 5.84520672e-005, 0.298143472, 0.954521068, -2.94082508e-005, -4.70258517e-005, 4.54978973e-005, 0.999999998, 0, 0, 0, 0, 0, 0, 0, 0.280902905, -0.124530566, -0.190625464, -0.412201541, 0.624983594, -0.662932141, -0.898803711, -0.397460938, 0.184082031, -0.148404144, 0.671731626, 0.725800422, 0, 0, -0, 0, 0, 0, 0, 0.290227832, -0.0797273926, -0.157653076, -0.101783661, 0.117277133, -0.987789736, 0.940795898, -0.311157227, -0.133789062, -0.323200833, -0.942980188, -0.0786586292, 0, 1, 5, 1, 
354.631972, 44, 0.1, 0.1, 0.0106213426, 0.356527691, -0.0199646781, 0.9545211, -0.298143367, -4.63512329e-005, 0.298143369, 0.9545211, 2.37047807e-005, 3.71758067e-005, -3.64460261e-005, 0.999999999, 0.954521094, -0.298143384, -5.63308464e-005, 0.298143386, 0.954521095, 2.77735078e-005, 4.54884936e-005, -4.33050683e-005, 0.999999998, 0, 0, 0, 0, 0, 0, 0, 0.280902905, -0.124530566, -0.190625464, -0.412201541, 0.624983594, -0.662932141, -0.898803711, -0.397460938, 0.184082031, -0.148404144, 0.671731626, 0.725800422, 0, 0, -0, 0, 0, 0, 0, 0.289816211, -0.0805041504, -0.156921826, -0.10787926, 0.118976755, -0.986965444, 0.939941406, -0.310913086, -0.140136719, -0.323596021, -0.94280155, -0.0783265073, 0, 1, 5, 1, 
354.632759, 44, 0.1, 0.1, 0.0106213362, 0.356527693, -0.0199665186, 0.954521131, -0.29814327, 4.00052923e-005, 0.298143271, 0.954521131, -1.76823065e-005, -3.29140362e-005, 2.88054439e-005, 0.999999999, 0.954521124, -0.298143289, 4.91063471e-005, 0.29814329, 0.954521125, -2.17507688e-005, -4.03881999e-005, 3.54022962e-005, 0.999999999, 0, 0, 0, 0, 0, 0, 0, 0.280902905, -0.124530566, -0.190625464, -0.412201541, 0.624983594, -0.662932141, -0.898803711, -0.397460938, 0.184082031, -0.148404144, 0.671731626, 0.725800422, 0, 0, -0, 0, 0, 0, 0, 0.289816211, -0.0805041504, -0.156921826, -0.10787926, 0.118976755, -0.986965444, 0.939941406, -0.310913086, -0.140136719, -0.323596021, -0.94280155, -0.0783265073, 0, 1, 5, 1, 
354.633546, 44, 0.1, 0.1, 0.0106213419, 0.35652769, -0.0199679184, 0.95452116, -0.298143176, -4.09854366e-005, 0.298143177, 0.954521161, 1.87556487e-005, 3.35295978e-005, -3.01221918e-005, 0.999999999, 0.954521155, -0.298143192, -5.00433089e-005, 0.298143193, 0.954521155, 2.35816704e-005, 4.07366826e-005, -3.74292752e-005, 0.999999998, 0, 0, 0, 0, 0, 0, 0, 0.280902905, -0.124530566, -0.190625464, -0.412201541, 0.624983594, -0.662932141, -0.898803711, -0.397460938, 0.184082031, -0.148404144, 0.671731626, 0.725800422, 0, 0, -0, 0, 0, 0, 0, 0.289816211, -0.0805041504, -0.156921826, -0.10787926, 0.118976755, -0.986965444, 0.939941406, -0.310913086, -0.140136719, -0.323596021, -0.94280155, -0.0783265073, 0, 1, 5, 1, 
354.634431, 44, 0.1, 0.1, 0.0106213326, 0.356527694, -0.019967032, 0.954521189, -0.298143083, 4.82703709e-005, 0.298143085, 0.954521189, -2.56502093e-005, -3.84276593e-005, 3.88751455e-005, 0.999999999, 0.954521183, -0.298143099, 5.94005924e-005, 0.298143101, 0.954521184, -3.06569711e-005, -4.75589594e-005, 4.69726051e-005, 0.999999998, 0, 0, 0, 0, 0, 0, 0, 0.280322876, -0.125177344, -0.189168091, -0.415181282, 0.625377497, -0.660647351, -0.8984375, -0.395507813, 0.190185547, -0.14224697, 0.672657973, 0.726180099, 0, 0, -0, 0, 0, 0, 0, 0.289816211, -0.0805041504, -0.156921826, -0.10787926, 0.118976755, -0.986965444, 0.939941406, -0.310913086, -0.140136719, -0.323596021, -0.94280155, -0.0783265073, 0, 1, 5, 1, 
354.635219, 44, 0.1, 0.1, 0.0106213374, 0.356527691, -0.0199657738, 0.95452121, -0.298143015, -3.77699716e-005, 0.298143016, 0.954521211, 1.97925671e-005, 3.01512234e-005, -3.01532783e-005, 0.999999999, 0.954521206, -0.298143027, -4.69038516e-005, 0.298143029, 0.954521207, 2.43043711e-005, 3.75245422e-005, -3.71830939e-005, 0.999999999, 0, 0, 0, 0, 0, 0, 0, 0.280322876, -0.125177344, -0.189168091, -0.415181282, 0.625377497, -0.660647351, -0.8984375, -0.395507813, 0.190185547, -0.14224697, 0.672657973, 0.726180099, 0, 0, -0, 0, 0, 0, 0, 0.289816211, -0.0805041504, -0.156921826, -0.10787926, 0.118976755, -0.986965444, 0.939941406, -0.310913086, -0.140136719, -0.323596021, -0.94280155, -0.0783265073, 0, 1, 5, 1, 
354.636009, 44, 0.1, 0.1, 0.01062133, 0.356527695, -0.0199645281, 0.954521226, -0.298142963, 4.03898573e-005, 0.298142964, 0.954521227, -2.01278316e-005, -3.25520048e-005, 3.12543942e-005, 0.999999999, 0.954521223, -0.298142971, 5.20154709e-005, 0.298142973, 0.954521224, -2.63667565e-005, -4.17888078e-005, 4.06756758e-005, 0.999999998, 0, 0, 0, 0, 0, 0, 0, 0.280322876, -0.125177344, -0.189168091, -0.415181282, 0.625377497, -0.660647351, -0.8984375, -0.395507813, 0.190185547, -0.14224697, 0.672657973, 0.726180099, 0, 0, -0, 0, 0, 0, 0, 0.289816211, -0.0805041504, -0.156921826, -0.10787926, 0.118976755, -0.986965444, 0.939941406, -0.310913086, -0.140136719, -0.323596021, -0.94280155, -0.0783265073, 0, 1, 5, 1, 
354.636826, 44, 0.1, 0.1, 0.0106213388, 0.35652769, -0.0199632762, 0.954521242, -0.298142912, -5.52422476e-005, 0.298142914, 0.954521242, 2.93342237e-005, 4.3984108e-005, -4.44702243e-005, 0.999999998, 0.954521238, -0.298142921, -6.58962562e-005, 0.298142924, 0.954521239, 3.51249787e-005, 5.24271124e-005, -5.31740406e-005, 0.999999997, 0, 0, 0, 0, 0, 0, 0, 0.27995791, -0.126039185, -0.188140967, -0.41834487, 0.625955246, -0.658064139, -0.897949219, -0.393310547, 0.196655273, -0.135689902, 0.673184426, 0.726883285, 0, 0, -0, 0, 0, 0, 0, 0.290018799, -0.0813573242, -0.155542334, -0.111559588, 0.119596523, -0.986530877, 0.939575195, -0.310546875, -0.143798828, -0.323614611, -0.942859153, -0.0777898616, 0, 1, 5, 1, 
354.637612, 44, 0.1, 0.1, 0.0106213335, 0.356527692, -0.0199628756, 0.954521253, -0.298142878, 3.62089623e-005, 0.298142879, 0.954521253, -1.90294099e-005, -2.8888741e-005, 2.89594204e-005, 0.999999999, 0.954521251, -0.298142883, 4.57900428e-005, 0.298142884, 0.954521252, -2.52823673e-005, -3.61698111e-005, 3.77845323e-005, 0.999999999, 0, 0, 0, 0, 0, 0, 0, 0.27995791, -0.126039185, -0.188140967, -0.41834487, 0.625955246, -0.658064139, -0.897949219, -0.393310547, 0.196655273, -0.135689902, 0.673184426, 0.726883285, 0, 0, -0, 0, 0, 0, 0, 0.290018799, -0.0813573242, -0.155542334, -0.111559588, 0.119596523, -0.986530877, 0.939575195, -0.310546875, -0.143798828, -0.323614611, -0.942859153, -0.0777898616, 0, 1, 5, 1, 
354.638398, 44, 0.1, 0.1, 0.010621341, 0.356527687, -0.0199634238, 0.954521254, -0.298142874, -4.88207641e-005, 0.298142875, 0.954521254, 2.81162583e-005, 3.82177949e-005, -4.13931291e-005, 0.999999998, 0.954521254, -0.298142872, -5.93826166e-005, 0.298142875, 0.954521254, 3.49792877e-005, 4.62531444e-005, -5.10929776e-005, 0.999999998, 0, 0, 0, 0, 0, 0, 0, 0.27995791, -0.126039185, -0.188140967, -0.41834487, 0.625955246, -0.658064139, -0.897949219, -0.393310547, 0.196655273, -0.135689902, 0.673184426, 0.726883285, 0, 0, -0, 0, 0, 0, 0, 0.290018799, -0.0813573242, -0.155542334, -0.111559588, 0.119596523, -0.986530877, 0.939575195, -0.310546875, -0.143798828, -0.323614611, -0.942859153, -0.0777898616, 0, 1, 5, 1, 
354.639187, 44, 0.1, 0.1, 0.0106213344, 0.356527691, -0.0199646091, 0.954521248, -0.298142895, 4.22336749e-005, 0.298142896, 0.954521248, -2.70831436e-005, -3.22382933e-005, 3.84431062e-005, 0.999999999, 0.954521248, -0.298142892, 5.09117209e-005, 0.298142893, 0.954521249, -3.17053047e-005, -3.91436082e-005, 4.54423548e-005, 0.999999998, 0, 0, 0, 0, 0, 0, 0, 0.27995791, -0.126039185, -0.188140967, -0.41834487, 0.625955246, -0.658064139, -0.897949219, -0.393310547, 0.196655273, -0.135689902, 0.673184426, 0.726883285, 0, 0, -0, 0, 0, 0, 0, 0.290018799, -0.0813573242, -0.155542334, -0.111559588, 0.119596523, -0.986530877, 0.939575195, -0.310546875, -0.143798828, -0.323614611, -0.942859153, -0.0777898616, 0, 1, 5, 1, 
354.639975, 44, 0.1, 0.1, 0.0106213395, 0.356527688, -0.0199660487, 0.954521244, -0.298142908, -3.63490929e-005, 0.298142909, 0.954521244, 2.13073998e-005, 2.83433312e-005, -3.117559e-005, 0.999999999, 0.954521243, -0.298142909, -4.66247767e-005, 0.29814291, 0.954521244, 2.54426995e-005, 3.69187794e-005, -3.81864438e-005, 0.999999999, 0, 0, 0, 0, 0, 0, 0, 0.27995791, -0.126039185, -0.188140967, -0.41834487, 0.625955246, -0.658064139, -0.897949219, -0.393310547, 0.196655273, -0.135689902, 0.673184426, 0.726883285, 0, 0, -0, 0, 0, 0, 0, 0.290018799, -0.0813573242, -0.155542334, -0.111559588, 0.119596523, -0.986530877, 0.939575195, -0.310546875, -0.143798828, -0.323614611, -0.942859153, -0.0777898616, 0, 1, 5, 1, 
354.640762, 44, 0.1, 0.1, 0.0106213315, 0.356527691, -0.0199672236, 0.954521249, -0.298142891, 4.52619851e-005, 0.298142892, 0.954521249, -2.41337779e-005, -3.60082122e-005, 3.6530743e-005, 0.999999999, 0.954521247, -0.298142897, 5.50268599e-005, 0.298142898, 0.954521247, -2.72141844e-005, -4.44105911e-005, 4.23823847e-005, 0.999999998, 0, 0, 0, 0, 0, 0, 0, 0.27995791, -0.126039185, -0.188140967, -0.41834487, 0.625955246, -0.658064139, -0.897949219, -0.393310547, 0.196655273, -0.135689902, 0.673184426, 0.726883285, 0, 0, -0, 0, 0, 0, 0, 0.290018799, -0.0813573242, -0.155542334, -0.111559588, 0.119596523, -0.986530877, 0.939575195, -0.310546875, -0.143798828, -0.323614611, -0.942859153, -0.0777898616, 0, 1, 5, 1, 
354.64158, 44, 0.1, 0.1, 0.0106213362, 0.356527689, -0.0199676515, 0.954521263, -0.298142847, -3.32372579e-005, 0.298142848, 0.954521263, 1.63742761e-005, 2.68437961e-005, -2.55390454e-005, 0.999999999, 0.954521259, -0.298142857, -4.3632896e-005, 0.298142858, 0.95452126, 2.06227381e-005, 3.55000048e-005, -3.26936783e-005, 0.999999999, 0, 0, 0, 0, 0, 0, 0, 0.28004834, -0.126921411, -0.187144971, -0.421280428, 0.626108015, -0.656058676, -0.897460937, -0.391479492, 0.202514648, -0.130034095, 0.674148965, 0.727060019, 0, 0, -0, 0, 0, 0, 0, 0.290018799, -0.0813573242, -0.155542334, -0.115840727, 0.120178011, -0.985904546, 0.938598633, -0.311523438, -0.148193359, -0.324923776, -0.942552551, -0.0767420899, 0, 1, 5, 1, 
354.642368, 44, 0.1, 0.1, 0.0106213282, 0.356527692, -0.0199670329, 0.954521282, -0.298142786, 4.33699639e-005, 0.298142787, 0.954521282, -2.11517882e-005, -3.50913005e-005, 3.31202739e-005, 0.999999999, 0.954521277, -0.298142798, 5.41494302e-005, 0.2981428, 0.954521278, -2.57207607e-005, -4.40183238e-005, 4.06952761e-005, 0.999999998, 0, 0, 0, 0, 0, 0, 0, 0.28004834, -0.126921411, -0.187144971, -0.421280428, 0.626108015, -0.656058676, -0.897460937, -0.391479492, 0.202514648, -0.130034095, 0.674148965, 0.727060019, 0, 0, -0, 0, 0, 0, 0, 0.289708008, -0.0824286133, -0.154139404, -0.115840727, 0.120178011, -0.985904546, 0.938598633, -0.311523438, -0.148193359, -0.324923776, -0.942552551, -0.0767420899, 0, 1, 5, 1, 
354.643154, 44, 0.1, 0.1, 0.010621334, 0.356527689, -0.0199660139, 0.954521305, -0.298142712, -4.13205555e-005, 0.298142713, 0.954521305, 1.98502339e-005, 3.3523148e-005, -3.12668937e-005, 0.999999999, 0.9545213, -0.298142726, -5.10451408e-005, 0.298142727, 0.954521301, 2.41196428e-005, 4.15325781e-005, -3.82414503e-005, 0.999999998, 0, 0, 0, 0, 0, 0, 0, 0.28004834, -0.126921411, -0.187144971, -0.421280428, 0.626108015, -0.656058676, -0.897460937, -0.391479492, 0.202514648, -0.130034095, 0.674148965, 0.727060019, 0, 0, -0, 0, 0, 0, 0, 0.289708008, -0.0824286133, -0.154139404, -0.115840727, 0.120178011, -0.985904546, 0.938598633, -0.311523438, -0.148193359, -0.324923776, -0.942552551, -0.0767420899, 0, 1, 5, 1, 
354.64394, 44, 0.1, 0.1, 0.010621327, 0.356527692, -0.0199649466, 0.954521331, -0.298142629, 4.03139918e-005, 0.29814263, 0.954521331, -1.87502468e-005, -3.28903173e-005, 2.99168301e-005, 0.999999999, 0.954521325, -0.298142645, 5.1388675e-005, 0.298142646, 0.954521326, -2.39470172e-005, -4.19119592e-005, 3.81790941e-005, 0.999999998, 0, 0, 0, 0, 0, 0, 0, 0.28004834, -0.126921411, -0.187144971, -0.421280428, 0.626108015, -0.656058676, -0.897460937, -0.391479492, 0.202514648, -0.130034095, 0.674148965, 0.727060019, 0, 0, -0, 0, 0, 0, 0, 0.289708008, -0.0824286133, -0.154139404, -0.115840727, 0.120178011, -0.985904546, 0.938598633, -0.311523438, -0.148193359, -0.324923776, -0.942552551, -0.0767420899, 0, 1, 5, 1, 
354.644765, 44, 0.1, 0.1, 0.0106213355, 0.356527687, -0.019963709, 0.95452136, -0.298142535, -5.19614525e-005, 0.298142537, 0.95452136, 2.77310958e-005, 4.13304971e-005, -4.19618425e-005, 0.999999998, 0.954521353, -0.298142554, -6.39931482e-005, 0.298142556, 0.954521354, 3.25499316e-005, 5.13783067e-005, -5.01486856e-005, 0.999999997, 0, 0, 0, 0, 0, 0, 0, 0.279770166, -0.12801272, -0.185741064, -0.422736977, 0.626495926, -0.654770626, -0.897705078, -0.387939453, 0.208251953, -0.123623803, 0.675817813, 0.726608828, 0, 0, -0, 0, 0, 0, 0, 0.289624121, -0.0830485352, -0.152741602, -0.120332586, 0.120906421, -0.985239936, 0.937866211, -0.311401367, -0.152709961, -0.325395889, -0.942475992, -0.076058523, 0, 1, 5, 1, 
354.645553, 44, 0.1, 0.1, 0.0106213293, 0.35652769, -0.0199630921, 0.95452139, -0.298142441, 3.92576313e-005, 0.298142442, 0.95452139, -2.11829801e-005, -3.11567034e-005, 3.19239736e-005, 0.999999999, 0.954521383, -0.29814246, 4.93107075e-005, 0.298142461, 0.954521384, -2.63031372e-005, -3.92260427e-005, 3.98085226e-005, 0.999999998, 0, 0, 0, 0, 0, 0, 0, 0.279770166, -0.12801272, -0.185741064, -0.422736977, 0.626495926, -0.654770626, -0.897705078, -0.387939453, 0.208251953, -0.123623803, 0.675817813, 0.726608828, 0, 0, -0, 0, 0, 0, 0, 0.289624121, -0.0830485352, -0.152741602, -0.120332586, 0.120906421, -0.985239936, 0.937866211, -0.311401367, -0.152709961, -0.325395889, -0.942475992, -0.076058523, 0, 1, 5, 1, 
354.646344, 44, 0.1, 0.1, 0.0106213366, 0.356527686, -0.019963274, 0.954521414, -0.298142363, -4.7582091e-005, 0.298142364, 0.954521414, 2.33355856e-005, 3.84607982e-005, -3.64605533e-005, 0.999999999, 0.954521409, -0.298142375, -5.81031338e-005, 0.298142377, 0.95452141, 3.05768806e-005, 4.63444214e-005, -4.65092936e-005, 0.999999998, 0, 0, 0, 0, 0, 0, 0, 0.279770166, -0.12801272, -0.185741064, -0.422736977, 0.626495926, -0.654770626, -0.897705078, -0.387939453, 0.208251953, -0.123623803, 0.675817813, 0.726608828, 0, 0, -0, 0, 0, 0, 0, 0.289624121, -0.0830485352, -0.152741602, -0.120332586, 0.120906421, -0.985239936, 0.937866211, -0.311401367, -0.152709961, -0.325395889, -0.942475992, -0.076058523, 0, 1, 5, 1, 
354.647203, 44, 0.1, 0.1, 0.0106213279, 0.35652769, -0.0199638748, 0.954521428, -0.298142319, 4.76746141e-005, 0.29814232, 0.954521428, -2.41536158e-005, -3.83052257e-005, 3.72689639e-005, 0.999999999, 0.954521425, -0.298142323, 5.85233957e-005, 0.298142325, 0.954521426, -3.23333556e-005, -4.62218934e-005, 4.8311182e-005, 0.999999998, 0, 0, 0, 0, 0, 0, 0, 0.279770166, -0.12801272, -0.185741064, -0.422736977, 0.626495926, -0.654770626, -0.897705078, -0.387939453, 0.208251953, -0.123623803, 0.675817813, 0.726608828, 0, 0, -0, 0, 0, 0, 0, 0.289624121, -0.0830485352, -0.152741602, -0.120332586, 0.120906421, -0.985239936, 0.937866211, -0.311401367, -0.152709961, -0.325395889, -0.942475992, -0.076058523, 0, 1, 5, 1, 
354.648014, 44, 0.1, 0.1, 0.0106213337, 0.356527686, -0.0199639819, 0.95452143, -0.298142313, -4.13847537e-005, 0.298142314, 0.95452143, 2.23035869e-005, 3.28529913e-005, -3.36277979e-005, 0.999999999, 0.95452143, -0.298142311, -5.16524315e-005, 0.298142313, 0.95452143, 2.92804363e-005, 4.05736158e-005, -4.33485793e-005, 0.999999998, 0, 0, 0, 0, 0, 0, 0, 0.279770166, -0.12801272, -0.185741064, -0.422736977, 0.626495926, -0.654770626, -0.897705078, -0.387939453, 0.208251953, -0.123623803, 0.675817813, 0.726608828, 0, 0, -0, 0, 0, 0, 0, 0.289624121, -0.0830485352, -0.152741602, -0.120332586, 0.120906421, -0.985239936, 0.937866211, -0.311401367, -0.152709961, -0.325395889, -0.942475992, -0.076058523, 0, 1, 5, 1, 
354.648802, 44, 0.1, 0.1, 0.010621326, 0.356527691, -0.0199645824, 0.954521421, -0.298142339, 4.64478908e-005, 0.298142341, 0.954521421, -2.84756101e-005, -3.58457217e-005, 4.10286627e-005, 0.999999999, 0.954521423, -0.298142333, 5.56770822e-005, 0.298142335, 0.954521423, -3.41739907e-005, -4.29562544e-005, 4.92195015e-005, 0.999999998, 0, 0, 0, 0, 0, 0, 0, 0.279770166, -0.12801272, -0.185741064, -0.422736977, 0.626495926, -0.654770626, -0.897705078, -0.387939453, 0.208251953, -0.123623803, 0.675817813, 0.726608828, 0, 0, -0, 0, 0, 0, 0, 0.289624121, -0.0830485352, -0.152741602, -0.120332586, 0.120906421, -0.985239936, 0.937866211, -0.311401367, -0.152709961, -0.325395889, -0.942475992, -0.076058523, 0, 1, 5, 1, 
