time, trialNum, realDorsalTactorPos, realVentralTactorPos, boxPosX, boxPosY, boxPosZ, boxLocalRot_11, boxLocalRot_12, boxLocalRot_13, boxLocalRot_21, boxLocalRot_22, boxLocalRot_23, boxLocalRot_31, boxLocalRot_32, boxLocalRot_33, boxGlobalRot_11, boxGlobalRot_12, boxGlobalRot_13, boxGlobalRot_21, boxGlobalRot_22, boxGlobalRot_23, boxGlobalRot_31, boxGlobalRot_32, boxGlobalRot_33, indexForceX, indexForceY, indexForceZ, indexForceGlobalX, indexForceGlobalY, indexForceGlobalZ, indexContact, indexPosX, indexPosY, indexPosZ, indexRot_11, indexRot_12, indexRot_13, indexRot_21, indexRot_22, indexRot_23, indexRot_31, indexRot_32, indexRot_33, thumbForceX, thumbForceY, thumbForceZ, thumbForceGlobalX, thumbForceGlobalY, thumbForceGlobalZ, thumbContact, thumbPosX, thumbPosY, thumbPosZ, thumbRot_11, thumbRot_12, thumbRot_13, thumbRot_21, thumbRot_22, thumbRot_23, thumbRot_31, thumbRot_32, thumbRot_33, manipForceTooHigh, cceExpType, mapping, trialSuccess, 
358.039571, 47, 0.1, 0.1, 0.00841997296, 0.366750376, -0.0199650236, 0.983470383, 0.181069064, 2.83037467e-006, 0.181069064, -0.983470383, 1.44177316e-006, 3.04465018e-006, -9.05447911e-007, -1, 0.98347038, 0.181069081, 7.1042636e-006, 0.181069081, -0.98347038, -1.60842971e-005, 4.07446393e-006, 1.71047922e-005, -1, 0, 0, 0, 0, 0, 0, 0, 0.376013892, -0.219005811, -0.161385034, -0.484163975, 0.261578998, -0.8349673, -0.868041992, -0.0240478516, 0.495849609, 0.109683087, 0.964855486, 0.238905668, 0, 0, 0, 0, 0, 0, 0, 0.408777637, -0.160869336, -0.14612207, -0.20548489, 0.069682348, -0.976119751, 0.795654297, -0.568725586, -0.208007812, -0.569766275, -0.819470984, 0.0613899405, 0, 1, 5, 1, 
358.041221, 47, 0.1, 0.1, 0.00841995291, 0.36675037, -0.0199511743, 0.983470248, 0.181069794, 3.54702017e-006, 0.181069795, -0.983470248, -1.74981456e-005, 3.20003178e-007, 1.78511638e-005, -1, 0.983470228, 0.181069897, 5.04756048e-005, 0.181069899, -0.983470229, -3.19971679e-005, 4.38475307e-005, 4.06078747e-005, -0.999999998, 0, 0, 0, 0, 0, 0, 0, 0.377811426, -0.220941113, -0.160157739, -0.483897753, 0.267492794, -0.833218702, -0.868286133, -0.0281982422, 0.495117188, 0.109022962, 0.963177281, 0.246044233, 0, 0, 0, 0, 0, 0, 0, 0.409581738, -0.160884082, -0.145683154, -0.209496973, 0.0769339945, -0.974785067, 0.796875, -0.564208984, -0.215698242, -0.566628423, -0.821900116, 0.0568659985, 0, 1, 5, 1, 
358.042003, 47, 0.1, 0.1, 0.00841993284, 0.366750373, -0.0199552171, 0.983470321, 0.181069381, -8.07772718e-005, 0.181069381, -0.983470324, -9.90916879e-006, -8.12362968e-005, -4.8809172e-006, -0.999999997, 0.983470308, 0.18106944, -0.000106222113, 0.181069442, -0.983470313, 1.2104826e-005, -0.000102274481, -3.11383157e-005, -0.999999994, 0, 0, 0, 0, 0, 0, 0, 0.377811426, -0.220941113, -0.160157739, -0.483897753, 0.267492794, -0.833218702, -0.868286133, -0.0281982422, 0.495117188, 0.109022962, 0.963177281, 0.246044233, 0, 0, 0, 0, 0, 0, 0, 0.409694385, -0.160887109, -0.145235937, -0.209496973, 0.0769339945, -0.974785067, 0.796875, -0.564208984, -0.215698242, -0.566628423, -0.821900116, 0.0568659985, 0, 1, 5, 1, 
358.042791, 47, 0.1, 0.1, 0.00841994118, 0.366750362, -0.0199625036, 0.983470282, 0.181069599, 7.32765637e-005, 0.181069601, -0.983470284, -2.58158784e-005, 6.73908521e-005, 3.86573073e-005, -0.999999997, 0.983470302, 0.181069488, 7.24175693e-005, 0.181069491, -0.983470303, -4.65845257e-005, 6.27854926e-005, 5.892711e-005, -0.999999996, 0, 0, 0, 0, 0, 0, 0, 0.377811426, -0.220941113, -0.160157739, -0.483897753, 0.267492794, -0.833218702, -0.868286133, -0.0281982422, 0.495117188, 0.109022962, 0.963177281, 0.246044233, 0, 0, 0, 0, 0, 0, 0, 0.409694385, -0.160887109, -0.145235937, -0.209496973, 0.0769339945, -0.974785067, 0.796875, -0.564208984, -0.215698242, -0.566628423, -0.821900116, 0.0568659985, 0, 1, 5, 1, 
358.04357, 47, 0.1, 0.1, 0.00841993854, 0.366750373, -0.0199701695, 0.983470091, 0.181070631, -8.28871288e-005, 0.181070636, -0.983470091, 6.47162122e-005, -6.97988068e-005, -7.86548842e-005, -0.999999994, 0.983470146, 0.181070345, -5.28170893e-005, 0.181070348, -0.983470144, 6.8078387e-005, -3.96170534e-005, -7.65166699e-005, -0.999999996, 0, 0, 0, 0, 0, 0, 0, 0.377811426, -0.220941113, -0.160157739, -0.483897753, 0.267492794, -0.833218702, -0.868286133, -0.0281982422, 0.495117188, 0.109022962, 0.963177281, 0.246044233, 0, 0, 0, 0, 0, 0, 0, 0.409694385, -0.160887109, -0.145235937, -0.209496973, 0.0769339945, -0.974785067, 0.796875, -0.564208984, -0.215698242, -0.566628423, -0.821900116, 0.0568659985, 0, 1, 5, 1, 
358.044355, 47, 0.1, 0.1, 0.00841992005, 0.366750375, -0.0199759234, 0.983469771, 0.181072382, -4.42403277e-005, 0.18107238, -0.983469772, -4.02690472e-005, -5.08006373e-005, 3.15926892e-005, -0.999999998, 0.983469843, 0.181071982, -7.27737273e-005, 0.181071981, -0.983469846, -2.1520195e-005, -7.54674707e-005, 7.98717984e-006, -0.999999997, 0, 0, 0, 0, 0, 0, 0, 0.377811426, -0.220941113, -0.160157739, -0.483897753, 0.267492794, -0.833218702, -0.868286133, -0.0281982422, 0.495117188, 0.109022962, 0.963177281, 0.246044233, 0, 0, 0, 0, 0, 0, 0, 0.409694385, -0.160887109, -0.145235937, -0.209496973, 0.0769339945, -0.974785067, 0.796875, -0.564208984, -0.215698242, -0.566628423, -0.821900116, 0.0568659985, 0, 1, 5, 1, 
358.045139, 47, 0.1, 0.1, 0.00841993047, 0.366750368, -0.0199779837, 0.983469314, 0.181074851, 7.97786771e-005, 0.181074851, -0.983469317, -2.48697709e-006, 7.80095521e-005, 1.68917777e-005, -0.999999997, 0.983469413, 0.181074317, 7.43537671e-005, 0.181074319, -0.983469415, -2.19073289e-005, 6.91578012e-005, 3.50087456e-005, -0.999999997, 0, 0, 0, 0, 0, 0, 0, 0.377811426, -0.220941113, -0.160157739, -0.483897753, 0.267492794, -0.833218702, -0.868286133, -0.0281982422, 0.495117188, 0.109022962, 0.963177281, 0.246044233, 0, 0, 0, 0, 0, 0, 0, 0.409694385, -0.160887109, -0.145235937, -0.209496973, 0.0769339945, -0.974785067, 0.796875, -0.564208984, -0.215698242, -0.566628423, -0.821900116, 0.0568659985, 0, 1, 5, 1, 
358.045954, 47, 0.1, 0.1, 0.00841993782, 0.366750375, -0.0199756868, 0.983468765, 0.181077851, -2.30416133e-005, 0.181077851, -0.983468765, 1.59059971e-005, -1.97804832e-005, -1.98153772e-005, -1, 0.983468886, 0.181077192, 1.18622085e-005, 0.181077191, -0.983468886, 3.3649097e-005, 1.7759197e-005, -3.09448646e-005, -0.999999999, 0, 0, 0, 0, 0, 0, 0, 0.378244971, -0.221920972, -0.159425269, -0.484183071, 0.270208556, -0.832157561, -0.868041992, -0.029296875, 0.495605469, 0.109562519, 0.962376371, 0.248842371, 0, 0, 0, 0, 0, 0, 0, 0.409694385, -0.160887109, -0.145235937, -0.211618403, 0.0805632826, -0.974012181, 0.795654297, -0.564331055, -0.219482422, -0.567465108, -0.821395919, 0.0553515768, 0, 1, 5, 1, 
358.046737, 47, 0.1, 0.1, 0.00841992885, 0.366750366, -0.0199701894, 0.983468162, 0.181081127, -1.90643054e-005, 0.181081126, -0.983468161, -4.63107346e-005, -2.71351374e-005, 4.20929472e-005, -0.999999999, 0.983468285, 0.181080457, -3.91786535e-005, 0.181080455, -0.983468284, -5.52177313e-005, -4.85298151e-005, 4.72103991e-005, -0.999999998, 0, 0, 0, 0, 0, 0, 0, 0.378244971, -0.221920972, -0.159425269, -0.484183071, 0.270208556, -0.832157561, -0.868041992, -0.029296875, 0.495605469, 0.109562519, 0.962376371, 0.248842371, 0, 0, 0, 0, 0, 0, 0, 0.409313184, -0.16197583, -0.144770166, -0.211618403, 0.0805632826, -0.974012181, 0.795654297, -0.564331055, -0.219482422, -0.567465108, -0.821395919, 0.0553515768, 0, 1, 5, 1, 
358.047521, 47, 0.1, 0.1, 0.00841993189, 0.366750368, -0.0199636687, 0.983467541, 0.181084496, -1.99822956e-006, 0.181084496, -0.983467541, 8.76918141e-006, -3.7723111e-007, -8.98605367e-006, -1, 0.983467664, 0.18108383, 1.61802443e-005, 0.18108383, -0.983467664, 2.2862615e-005, 2.00527969e-005, -1.9554662e-005, -1, 0, 0, 0, 0, 0, 0, 0, 0.378244971, -0.221920972, -0.159425269, -0.484183071, 0.270208556, -0.832157561, -0.868041992, -0.029296875, 0.495605469, 0.109562519, 0.962376371, 0.248842371, 0, 0, 0, 0, 0, 0, 0, 0.409313184, -0.16197583, -0.144770166, -0.211618403, 0.0805632826, -0.974012181, 0.795654297, -0.564331055, -0.219482422, -0.567465108, -0.821395919, 0.0553515768, 0, 1, 5, 1, 
358.048306, 47, 0.1, 0.1, 0.00841993147, 0.366750366, -0.0199583176, 0.983466935, 0.18108779, -7.47170009e-006, 0.181087791, -0.983466935, 7.36534932e-006, -6.01439516e-006, -8.59661118e-006, -1, 0.983467051, 0.181087162, 3.80435903e-007, 0.181087162, -0.983467051, 3.66498856e-006, 1.03782855e-006, -3.53550343e-006, -1, 0, 0, 0, 0, 0, 0, 0, 0.378244971, -0.221920972, -0.159425269, -0.484183071, 0.270208556, -0.832157561, -0.868041992, -0.029296875, 0.495605469, 0.109562519, 0.962376371, 0.248842371, 0, 0, 0, 0, 0, 0, 0, 0.409313184, -0.16197583, -0.144770166, -0.211618403, 0.0805632826, -0.974012181, 0.795654297, -0.564331055, -0.219482422, -0.567465108, -0.821395919, 0.0553515768, 0, 1, 5, 1, 
358.049106, 47, 0.1, 0.1, 0.00841993154, 0.366750366, -0.0199555988, 0.983466391, 0.181090742, 1.5325518e-006, 0.181090742, -0.983466391, 1.96051604e-005, 5.05752624e-006, -1.90034854e-005, -1, 0.983466489, 0.18109021, -3.00670136e-006, 0.18109021, -0.983466489, -2.327668e-006, -3.37850792e-006, 1.74469929e-006, -1, 0, 0, 0, 0, 0, 0, 0, 0.378244971, -0.221920972, -0.159425269, -0.484183071, 0.270208556, -0.832157561, -0.868041992, -0.029296875, 0.495605469, 0.109562519, 0.962376371, 0.248842371, 0, 0, 0, 0, 0, 0, 0, 0.409313184, -0.16197583, -0.144770166, -0.211618403, 0.0805632826, -0.974012181, 0.795654297, -0.564331055, -0.219482422, -0.567465108, -0.821395919, 0.0553515768, 0, 1, 5, 1, 
358.049889, 47, 0.1, 0.1, 0.00841993221, 0.366750365, -0.0199563765, 0.983465927, 0.181093263, 3.3764333e-006, 0.181093263, -0.983465927, -1.92441782e-005, -1.64383924e-007, 1.95374429e-005, -1, 0.983466015, 0.181092788, 1.14792021e-005, 0.181092789, -0.983466014, -2.36394118e-005, 7.00847814e-006, 2.53273588e-005, -1, 0, 0, 0, 0, 0, 0, 0, 0.378244971, -0.221920972, -0.159425269, -0.484183071, 0.270208556, -0.832157561, -0.868041992, -0.029296875, 0.495605469, 0.109562519, 0.962376371, 0.248842371, 0, 0, 0, 0, 0, 0, 0, 0.409313184, -0.16197583, -0.144770166, -0.211618403, 0.0805632826, -0.974012181, 0.795654297, -0.564331055, -0.219482422, -0.567465108, -0.821395919, 0.0553515768, 0, 1, 5, 1, 
358.050685, 47, 0.1, 0.1, 0.00841992983, 0.366750365, -0.0199602328, 0.983465513, 0.181095511, -1.492861e-005, 0.181095511, -0.983465513, -1.03584794e-005, -1.65576472e-005, 7.48370299e-006, -1, 0.983465596, 0.181095058, -2.59389901e-005, 0.181095058, -0.983465597, -2.55731372e-006, -2.59732213e-005, -2.18239287e-006, -1, 0, 0, 0, 0, 0, 0, 0, 0.378244971, -0.221920972, -0.159425269, -0.487172169, 0.272200914, -0.829770178, -0.866333008, -0.0316162109, 0.498291016, 0.109417986, 0.961690036, 0.251430453, 0, 0, 0, 0, 0, 0, 0, 0.409313184, -0.16197583, -0.144770166, -0.211618403, 0.0805632826, -0.974012181, 0.795654297, -0.564331055, -0.219482422, -0.567465108, -0.821395919, 0.0553515768, 0, 1, 5, 1, 
358.051482, 47, 0.1, 0.1, 0.00841993033, 0.366750367, -0.0199652802, 0.983465097, 0.181097774, -9.91133134e-006, 0.181097774, -0.983465097, -1.22650323e-005, -1.19686185e-005, 1.02673111e-005, -1, 0.98346518, 0.181097322, -8.96891943e-006, 0.181097322, -0.98346518, 8.72592937e-006, -7.24037753e-006, -1.0205895e-005, -1, 0, 0, 0, 0, 0, 0, 0, 0.378315015, -0.222714209, -0.15974187, -0.487172169, 0.272200914, -0.829770178, -0.866333008, -0.0316162109, 0.498291016, 0.109417986, 0.961690036, 0.251430453, 0, 0, 0, 0, 0, 0, 0, 0.408995215, -0.163142676, -0.143646143, -0.212928301, 0.083125476, -0.973520378, 0.795043945, -0.564331055, -0.222045898, -0.567848269, -0.821249365, 0.0541758403, 0, 1, 5, 1, 
358.052508, 47, 0.1, 0.1, 0.00841993543, 0.366750368, -0.0199685935, 0.983464518, 0.181100917, 2.78877993e-006, 0.181100917, -0.983464518, 3.35617491e-006, 3.35047246e-006, -2.79562834e-006, -1, 0.983464614, 0.181100395, 1.97204224e-005, 0.181100395, -0.983464614, 1.52160288e-005, 2.21499664e-005, -1.13930496e-005, -1, 0, 0, 0, 0, 0, 0, 0, 0.378315015, -0.222714209, -0.15974187, -0.487172169, 0.272200914, -0.829770178, -0.866333008, -0.0316162109, 0.498291016, 0.109417986, 0.961690036, 0.251430453, 0, 0, 0, 0, 0, 0, 0, 0.408995215, -0.163142676, -0.143646143, -0.212928301, 0.083125476, -0.973520378, 0.795043945, -0.564331055, -0.222045898, -0.567848269, -0.821249365, 0.0541758403, 0, 1, 5, 1, 
358.053303, 47, 0.1, 0.1, 0.0084199288, 0.366750364, -0.019968598, 0.983464101, 0.181103181, -1.65137721e-005, 0.181103181, -0.983464101, 1.58923537e-005, -1.33625462e-005, -1.86202559e-005, -1, 0.983464177, 0.181102765, -3.25803847e-005, 0.181102765, -0.983464177, -1.20434895e-005, -3.42227505e-005, 5.94394278e-006, -0.999999999, 0, 0, 0, 0, 0, 0, 0, 0.378315015, -0.222714209, -0.15974187, -0.487172169, 0.272200914, -0.829770178, -0.866333008, -0.0316162109, 0.498291016, 0.109417986, 0.961690036, 0.251430453, 0, 0, 0, 0, 0, 0, 0, 0.408995215, -0.163142676, -0.143646143, -0.212928301, 0.083125476, -0.973520378, 0.795043945, -0.564331055, -0.222045898, -0.567848269, -0.821249365, 0.0541758403, 0, 1, 5, 1, 
358.054096, 47, 0.1, 0.1, 0.0084199348, 0.366750368, -0.0199675439, 0.983463825, 0.18110468, 1.79550699e-005, 0.181104681, -0.983463825, -9.61561788e-006, 1.59167283e-005, 1.27083595e-005, -1, 0.983463867, 0.181104446, 3.45613728e-005, 0.181104446, -0.983463868, 3.27058735e-006, 3.45821793e-005, 3.04271378e-006, -0.999999999, 0, 0, 0, 0, 0, 0, 0, 0.378315015, -0.222714209, -0.15974187, -0.487172169, 0.272200914, -0.829770178, -0.866333008, -0.0316162109, 0.498291016, 0.109417986, 0.961690036, 0.251430453, 0, 0, 0, 0, 0, 0, 0, 0.408995215, -0.163142676, -0.143646143, -0.212928301, 0.083125476, -0.973520378, 0.795043945, -0.564331055, -0.222045898, -0.567848269, -0.821249365, 0.0541758403, 0, 1, 5, 1, 
358.054888, 47, 0.1, 0.1, 0.00841993011, 0.366750367, -0.0199658886, 0.983463669, 0.181105528, -3.04013186e-006, 0.181105528, -0.983463669, -3.95832138e-006, -3.70673311e-006, 3.34228059e-006, -1, 0.9834637, 0.181105357, -2.34529729e-005, 0.181105357, -0.9834637, -9.94186055e-006, -2.48656717e-005, 5.52999995e-006, -1, 0, 0, 0, 0, 0, 0, 0, 0.378315015, -0.222714209, -0.15974187, -0.487172169, 0.272200914, -0.829770178, -0.866333008, -0.0316162109, 0.498291016, 0.109417986, 0.961690036, 0.251430453, 0, 0, 0, 0, 0, 0, 0, 0.408995215, -0.163142676, -0.143646143, -0.212928301, 0.083125476, -0.973520378, 0.795043945, -0.564331055, -0.222045898, -0.567848269, -0.821249365, 0.0541758403, 0, 1, 5, 1, 
358.055705, 47, 0.1, 0.1, 0.00841993869, 0.366750368, -0.0199640979, 0.983463534, 0.181106256, 2.15064158e-005, 0.181106256, -0.983463534, -2.60419432e-005, 1.64344168e-005, 2.9506248e-005, -0.999999999, 0.983463551, 0.181106162, 4.37950248e-005, 0.181106163, -0.983463552, -1.29626726e-005, 4.07231908e-005, 2.06798649e-005, -0.999999999, 0, 0, 0, 0, 0, 0, 0, 0.378177441, -0.223307275, -0.159629565, -0.489837757, 0.273730099, -0.827700314, -0.864868164, -0.0339355469, 0.500610352, 0.10897503, 0.961200653, 0.253574458, 0, 0, 0, 0, 0, 0, 0, 0.408995215, -0.163142676, -0.143646143, -0.210959989, 0.0835469167, -0.973897709, 0.797241211, -0.561767578, -0.220825195, -0.565554765, -0.822923468, 0.0519268124, 0, 1, 5, 1, 
358.056501, 47, 0.1, 0.1, 0.00841993134, 0.36675037, -0.0199626102, 0.983463554, 0.181106153, -2.05215291e-005, 0.181106153, -0.983463553, 3.96624845e-005, -1.29990559e-005, -4.27231831e-005, -0.999999999, 0.983463538, 0.181106232, -4.15163003e-005, 0.181106234, -0.983463538, 3.46340927e-005, -3.45573176e-005, -4.15802281e-005, -0.999999999, 0, 0, 0, 0, 0, 0, 0, 0.378177441, -0.223307275, -0.159629565, -0.489837757, 0.273730099, -0.827700314, -0.864868164, -0.0339355469, 0.500610352, 0.10897503, 0.961200653, 0.253574458, 0, 0, 0, 0, 0, 0, 0, 0.409843408, -0.163373242, -0.141709229, -0.210959989, 0.0835469167, -0.973897709, 0.797241211, -0.561767578, -0.220825195, -0.565554765, -0.822923468, 0.0519268124, 0, 1, 5, 1, 
358.05729, 47, 0.1, 0.1, 0.00841993883, 0.366750366, -0.0199622184, 0.98346372, 0.181105249, 2.18626936e-005, 0.18110525, -0.983463718, -6.14269138e-005, 1.03764295e-005, 6.43705897e-005, -0.999999998, 0.983463674, 0.181105496, 4.30152273e-005, 0.181105498, -0.983463673, -5.0144888e-005, 3.32223986e-005, 5.710597e-005, -0.999999998, 0, 0, 0, 0, 0, 0, 0, 0.378177441, -0.223307275, -0.159629565, -0.489837757, 0.273730099, -0.827700314, -0.864868164, -0.0339355469, 0.500610352, 0.10897503, 0.961200653, 0.253574458, 0, 0, 0, 0, 0, 0, 0, 0.409843408, -0.163373242, -0.141709229, -0.210959989, 0.0835469167, -0.973897709, 0.797241211, -0.561767578, -0.220825195, -0.565554765, -0.822923468, 0.0519268124, 0, 1, 5, 1, 
358.058108, 47, 0.1, 0.1, 0.00841993066, 0.366750366, -0.0199628639, 0.983464049, 0.18110346, -2.89070674e-005, 0.181103461, -0.983464047, 7.31755326e-005, -1.51767194e-005, -7.72006755e-005, -0.999999997, 0.983463964, 0.181103917, -4.66165932e-005, 0.181103918, -0.983463964, 3.90334463e-005, -3.87766295e-005, -4.68304356e-005, -0.999999998, 0, 0, 0, 0, 0, 0, 0, 0.37922417, -0.221326538, -0.160134985, -0.495115011, 0.273190541, -0.824722077, -0.862792969, -0.0439453125, 0.503540039, 0.101406614, 0.960915335, 0.257552061, 0, 0, 0, 0, 0, 0, 0, 0.409843408, -0.163373242, -0.141709229, -0.209240677, 0.083814873, -0.97427504, 0.800170898, -0.557861328, -0.219848633, -0.562060005, -0.825472901, 0.0496777845, 0, 1, 5, 1, 
358.058896, 47, 0.1, 0.1, 0.00841993519, 0.36675038, -0.0199641149, 0.983464498, 0.181101025, 1.85441141e-005, 0.181101025, -0.983464498, -9.47951468e-007, 1.80658029e-005, 4.29063469e-006, -1, 0.983464404, 0.181101534, 2.94738466e-005, 0.181101533, -0.983464403, 4.44653406e-005, 3.70392204e-005, -3.83923208e-005, -0.999999999, 0, 0, 0, 0, 0, 0, 0, 0.37922417, -0.221326538, -0.160134985, -0.495115011, 0.273190541, -0.824722077, -0.862792969, -0.0439453125, 0.503540039, 0.101406614, 0.960915335, 0.257552061, 0, 0, 0, 0, 0, 0, 0, 0.411146875, -0.163409131, -0.139772314, -0.209240677, 0.083814873, -0.97427504, 0.800170898, -0.557861328, -0.219848633, -0.562060005, -0.825472901, 0.0496777845, 0, 1, 5, 1, 
358.059678, 47, 0.1, 0.1, 0.00841993156, 0.366750371, -0.0199658142, 0.983464997, 0.181098314, -6.78829914e-006, 0.181098314, -0.983464997, -1.32396463e-005, -9.07373223e-006, 1.17913792e-005, -1, 0.983464901, 0.181098833, -2.07336707e-005, 0.181098832, -0.983464901, -4.06423056e-005, -2.77511115e-005, 3.62154375e-005, -0.999999999, 0, 0, 0, 0, 0, 0, 0, 0.37922417, -0.221326538, -0.160134985, -0.495115011, 0.273190541, -0.824722077, -0.862792969, -0.0439453125, 0.503540039, 0.101406614, 0.960915335, 0.257552061, 0, 0, 0, 0, 0, 0, 0, 0.411146875, -0.163409131, -0.139772314, -0.209240677, 0.083814873, -0.97427504, 0.800170898, -0.557861328, -0.219848633, -0.562060005, -0.825472901, 0.0496777845, 0, 1, 5, 1, 
358.060469, 47, 0.1, 0.1, 0.00841993714, 0.366750382, -0.0199673357, 0.983465447, 0.181095873, 1.42951627e-005, 0.181095872, -0.983465446, 3.71317769e-005, 2.07832101e-005, -3.39290245e-005, -0.999999999, 0.983465362, 0.18109633, 2.82263309e-005, 0.181096328, -0.983465361, 5.72246799e-005, 3.81227982e-005, -5.11668057e-005, -0.999999998, 0, 0, 0, 0, 0, 0, 0, 0.37922417, -0.221326538, -0.160134985, -0.495115011, 0.273190541, -0.824722077, -0.862792969, -0.0439453125, 0.503540039, 0.101406614, 0.960915335, 0.257552061, 0, 0, 0, 0, 0, 0, 0, 0.411146875, -0.163409131, -0.139772314, -0.209240677, 0.083814873, -0.97427504, 0.800170898, -0.557861328, -0.219848633, -0.562060005, -0.825472901, 0.0496777845, 0, 1, 5, 1, 
358.061258, 47, 0.1, 0.1, 0.00841993549, 0.366750371, -0.0199681635, 0.983465773, 0.181094103, 1.10243988e-005, 0.181094103, -0.98346577, -6.66157223e-005, -1.22159564e-006, 6.75107364e-005, -0.999999998, 0.98346572, 0.181094391, -5.90678007e-006, 0.18109439, -0.983465717, -7.180961e-005, -1.88134333e-005, 6.9552605e-005, -0.999999997, 0, 0, 0, 0, 0, 0, 0, 0.37922417, -0.221326538, -0.160134985, -0.495115011, 0.273190541, -0.824722077, -0.862792969, -0.0439453125, 0.503540039, 0.101406614, 0.960915335, 0.257552061, 0, 0, 0, 0, 0, 0, 0, 0.411146875, -0.163409131, -0.139772314, -0.209240677, 0.083814873, -0.97427504, 0.800170898, -0.557861328, -0.219848633, -0.562060005, -0.825472901, 0.0496777845, 0, 1, 5, 1, 
358.062048, 47, 0.1, 0.1, 0.00841994257, 0.366750373, -0.0199681165, 0.983465932, 0.181093238, 5.67343906e-006, 0.181093238, -0.983465931, 4.4863374e-005, 1.37040877e-005, -4.30941785e-005, -0.999999999, 0.983465915, 0.181093326, 2.82907983e-005, 0.181093325, -0.983465915, 3.79107382e-005, 3.46884175e-005, -3.21606441e-005, -0.999999999, 0, 0, 0, 0, 0, 0, 0, 0.37922417, -0.221326538, -0.160134985, -0.495115011, 0.273190541, -0.824722077, -0.862792969, -0.0439453125, 0.503540039, 0.101406614, 0.960915335, 0.257552061, 0, 0, 0, 0, 0, 0, 0, 0.411146875, -0.163409131, -0.139772314, -0.209240677, 0.083814873, -0.97427504, 0.800170898, -0.557861328, -0.219848633, -0.562060005, -0.825472901, 0.0496777845, 0, 1, 5, 1, 
358.062868, 47, 0.1, 0.1, 0.00841993626, 0.366750371, -0.01996707, 0.983465913, 0.181093339, -2.24004418e-006, 0.181093339, -0.983465912, -5.76835572e-005, -1.26491151e-005, 5.63241552e-005, -0.999999998, 0.983465932, 0.181093236, -2.70217954e-005, 0.181093235, -0.983465932, -3.89175856e-005, -3.36227267e-005, 3.33806552e-005, -0.999999999, 0, 0, 0, 0, 0, 0, 0, 0.381590112, -0.219794263, -0.157956152, -0.496255901, 0.268164901, -0.825788088, -0.86340332, -0.052734375, 0.501708984, 0.0910819985, 0.961958502, 0.257844493, 0, 0, 0, 0, 0, 0, 0, 0.411146875, -0.163409131, -0.139772314, -0.208728818, 0.0829198525, -0.974441285, 0.803466797, -0.553466797, -0.219116211, -0.557587469, -0.828635539, 0.0489238553, 0, 1, 5, 1, 
358.063657, 47, 0.1, 0.1, 0.0084199428, 0.366750366, -0.0199653625, 0.983465754, 0.181094204, 1.23027376e-006, 0.181094204, -0.983465753, 3.35195964e-005, 7.28013675e-006, -3.27425797e-005, -0.999999999, 0.983465792, 0.181093996, 2.98184268e-005, 0.181093996, -0.983465792, -2.50674292e-006, 2.88714466e-005, 7.86523397e-006, -1, 0, 0, 0, 0, 0, 0, 0, 0.381590112, -0.219794263, -0.157956152, -0.496255901, 0.268164901, -0.825788088, -0.86340332, -0.052734375, 0.501708984, 0.0910819985, 0.961958502, 0.257844493, 0, 0, 0, 0, 0, 0, 0, 0.4128375, -0.163758105, -0.138459717, -0.208728818, 0.0829198525, -0.974441285, 0.803466797, -0.553466797, -0.219116211, -0.557587469, -0.828635539, 0.0489238553, 0, 1, 5, 1, 
358.064445, 47, 0.1, 0.1, 0.00841993202, 0.366750376, -0.0199638541, 0.983465499, 0.181095585, -2.89905458e-005, 0.181095585, -0.9834655, 1.49517255e-005, -2.58035101e-005, -1.99545661e-005, -0.999999999, 0.98346555, 0.181095303, -5.30191942e-005, 0.181095305, -0.98346555, 4.12881698e-005, -4.46654574e-005, -5.02070198e-005, -0.999999998, 0, 0, 0, 0, 0, 0, 0, 0.381590112, -0.219794263, -0.157956152, -0.496255901, 0.268164901, -0.825788088, -0.86340332, -0.052734375, 0.501708984, 0.0910819985, 0.961958502, 0.257844493, 0, 0, 0, 0, 0, 0, 0, 0.4128375, -0.163758105, -0.138459717, -0.208728818, 0.0829198525, -0.974441285, 0.803466797, -0.553466797, -0.219116211, -0.557587469, -0.828635539, 0.0489238553, 0, 1, 5, 1, 
358.065235, 47, 0.1, 0.1, 0.00841993763, 0.366750367, -0.0199630524, 0.983465261, 0.181096879, 8.83309097e-006, 0.18109688, -0.98346526, -4.10791124e-005, 1.24773905e-006, 4.19995252e-005, -0.999999999, 0.983465304, 0.181096646, 3.17788644e-005, 0.181096647, -0.983465303, -5.41315856e-005, 2.14503619e-005, 5.89915821e-005, -0.999999998, 0, 0, 0, 0, 0, 0, 0, 0.381590112, -0.219794263, -0.157956152, -0.496255901, 0.268164901, -0.825788088, -0.86340332, -0.052734375, 0.501708984, 0.0910819985, 0.961958502, 0.257844493, 0, 0, 0, 0, 0, 0, 0, 0.4128375, -0.163758105, -0.138459717, -0.208728818, 0.0829198525, -0.974441285, 0.803466797, -0.553466797, -0.219116211, -0.557587469, -0.828635539, 0.0489238553, 0, 1, 5, 1, 
358.066026, 47, 0.1, 0.1, 0.00841992763, 0.366750374, -0.0199631682, 0.983465135, 0.181097564, -2.8684715e-005, 0.181097565, -0.983465133, 5.98746271e-005, -1.73672679e-005, -6.40793402e-005, -0.999999998, 0.983465148, 0.181097488, -5.1395316e-005, 0.181097491, -0.983465147, 5.95936315e-005, -3.9753245e-005, -6.79158224e-005, -0.999999997, 0, 0, 0, 0, 0, 0, 0, 0.381590112, -0.219794263, -0.157956152, -0.496255901, 0.268164901, -0.825788088, -0.86340332, -0.052734375, 0.501708984, 0.0910819985, 0.961958502, 0.257844493, 0, 0, 0, 0, 0, 0, 0, 0.4128375, -0.163758105, -0.138459717, -0.208728818, 0.0829198525, -0.974441285, 0.803466797, -0.553466797, -0.219116211, -0.557587469, -0.828635539, 0.0489238553, 0, 1, 5, 1, 
358.066814, 47, 0.1, 0.1, 0.00841993468, 0.366750372, -0.0199640815, 0.983465173, 0.181097356, 2.51907879e-005, 0.181097358, -0.983465171, -6.2146134e-005, 1.3519762e-005, 6.56805436e-005, -0.999999998, 0.98346515, 0.18109748, 4.29797482e-005, 0.181097482, -0.983465149, -4.63141151e-005, 3.38817149e-005, 5.33318423e-005, -0.999999998, 0, 0, 0, 0, 0, 0, 0, 0.381590112, -0.219794263, -0.157956152, -0.496255901, 0.268164901, -0.825788088, -0.86340332, -0.052734375, 0.501708984, 0.0910819985, 0.961958502, 0.257844493, 0, 0, 0, 0, 0, 0, 0, 0.4128375, -0.163758105, -0.138459717, -0.208728818, 0.0829198525, -0.974441285, 0.803466797, -0.553466797, -0.219116211, -0.557587469, -0.828635539, 0.0489238553, 0, 1, 5, 1, 
358.067599, 47, 0.1, 0.1, 0.00841992924, 0.366750368, -0.0199654854, 0.983465371, 0.181096283, -1.88430864e-005, 0.181096283, -0.98346537, 4.11691898e-005, -1.10759357e-005, -4.39008854e-005, -0.999999999, 0.983465318, 0.181096568, -3.47407205e-005, 0.181096568, -0.983465319, 1.27138431e-005, -3.18638604e-005, -1.8795049e-005, -0.999999999, 0, 0, 0, 0, 0, 0, 0, 0.381590112, -0.219794263, -0.157956152, -0.496255901, 0.268164901, -0.825788088, -0.86340332, -0.052734375, 0.501708984, 0.0910819985, 0.961958502, 0.257844493, 0, 0, 0, 0, 0, 0, 0, 0.4128375, -0.163758105, -0.138459717, -0.208728818, 0.0829198525, -0.974441285, 0.803466797, -0.553466797, -0.219116211, -0.557587469, -0.828635539, 0.0489238553, 0, 1, 5, 1, 
358.068616, 47, 0.1, 0.1, 0.00841994085, 0.366750378, -0.0199642355, 0.983465808, 0.181093909, 3.05017123e-005, 0.18109391, -0.983465808, -2.82072354e-005, 2.48892326e-005, 3.32645259e-005, -0.999999999, 0.983465734, 0.181094304, 4.78823419e-005, 0.181094303, -0.983465736, 1.29834981e-005, 4.94418802e-005, -4.09760613e-006, -0.999999999, 0, 0, 0, 0, 0, 0, 0, 0.38349834, -0.218842847, -0.156173633, -0.497826643, 0.264909581, -0.825870463, -0.86315918, -0.0588378906, 0.501464844, 0.0842860394, 0.962474094, 0.258104723, 0, 0, 0, 0, 0, 0, 0, 0.414444873, -0.164288574, -0.137125391, -0.209245774, 0.0824466394, -0.974403005, 0.805908203, -0.549804688, -0.219482422, -0.553836779, -0.83114013, 0.0485596505, 0, 1, 5, 1, 
358.069407, 47, 0.1, 0.1, 0.00841993636, 0.366750368, -0.0199628791, 0.983466226, 0.18109164, -1.62567102e-005, 0.18109164, -0.983466226, -2.80667991e-006, -1.64961917e-005, -1.83679423e-007, -1, 0.98346614, 0.181092104, -2.89643444e-005, 0.181092102, -0.98346614, -3.92286443e-005, -3.55894497e-005, 3.33348294e-005, -0.999999999, 0, 0, 0, 0, 0, 0, 0, 0.38349834, -0.218842847, -0.156173633, -0.497826643, 0.264909581, -0.825870463, -0.86315918, -0.0588378906, 0.501464844, 0.0842860394, 0.962474094, 0.258104723, 0, 0, 0, 0, 0, 0, 0, 0.414444873, -0.164288574, -0.137125391, -0.209245774, 0.0824466394, -0.974403005, 0.805908203, -0.549804688, -0.219482422, -0.553836779, -0.83114013, 0.0485596505, 0, 1, 5, 1, 
358.070196, 47, 0.1, 0.1, 0.00841994046, 0.366750371, -0.0199625055, 0.983466694, 0.181089098, 5.35765341e-007, 0.181089098, -0.983466694, -1.20971181e-005, -1.66374884e-006, 1.1994134e-005, -1, 0.983466598, 0.18108962, 2.34729405e-005, 0.18108962, -0.983466598, -8.0417265e-007, 2.29392257e-005, 5.04158282e-006, -1, 0, 0, 0, 0, 0, 0, 0, 0.38349834, -0.218842847, -0.156173633, -0.497826643, 0.264909581, -0.825870463, -0.86315918, -0.0588378906, 0.501464844, 0.0842860394, 0.962474094, 0.258104723, 0, 0, 0, 0, 0, 0, 0, 0.414444873, -0.164288574, -0.137125391, -0.209245774, 0.0824466394, -0.974403005, 0.805908203, -0.549804688, -0.219482422, -0.553836779, -0.83114013, 0.0485596505, 0, 1, 5, 1, 
358.07103, 47, 0.1, 0.1, 0.00841993956, 0.366750372, -0.0199627231, 0.983467216, 0.181086266, 1.10421723e-007, 0.181086266, -0.983467216, -1.0986083e-005, -1.8808326e-006, 1.08244483e-005, -1, 0.983467116, 0.181086808, 6.75255894e-006, 0.181086808, -0.983467116, 1.24609445e-005, 8.89743233e-006, -1.10321298e-005, -1, 0, 0, 0, 0, 0, 0, 0, 0.384000366, -0.220457788, -0.153773389, -0.496766624, 0.263862666, -0.826861212, -0.863647461, -0.0573730469, 0.500610352, 0.0847361084, 0.962887093, 0.256531355, 0, 0, 0, 0, 0, 0, 0, 0.415594043, -0.164369141, -0.135779346, -0.209858612, 0.0819479066, -0.974268844, 0.808105469, -0.546386719, -0.219970703, -0.550341652, -0.833401918, 0.0484510087, 0, 1, 5, 1, 
358.071821, 47, 0.1, 0.1, 0.00841993973, 0.366750372, -0.0199636574, 0.983467687, 0.181083705, 1.04427562e-005, 0.181083705, -0.983467687, 5.40388174e-006, 1.12486682e-005, -3.4235301e-006, -1, 0.983467592, 0.181084223, 6.6895348e-006, 0.181084223, -0.983467592, 1.27753088e-005, 8.89234755e-006, -1.1352733e-005, -1, 0, 0, 0, 0, 0, 0, 0, 0.384000366, -0.220457788, -0.153773389, -0.496766624, 0.263862666, -0.826861212, -0.863647461, -0.0573730469, 0.500610352, 0.0847361084, 0.962887093, 0.256531355, 0, 0, 0, 0, 0, 0, 0, 0.415594043, -0.164369141, -0.135779346, -0.209858612, 0.0819479066, -0.974268844, 0.808105469, -0.546386719, -0.219970703, -0.550341652, -0.833401918, 0.0484510087, 0, 1, 5, 1, 
358.072629, 47, 0.1, 0.1, 0.00841993986, 0.36675037, -0.0199649728, 0.983468151, 0.181081188, 7.32538394e-006, 0.181081188, -0.983468151, 1.00100236e-005, 9.01690876e-006, -8.51805018e-006, -1, 0.983468059, 0.181081685, -5.97819774e-006, 0.181081685, -0.983468059, 1.32069378e-006, -5.64021307e-006, -2.38140227e-006, -1, 0, 0, 0, 0, 0, 0, 0, 0.384000366, -0.220457788, -0.153773389, -0.496766624, 0.263862666, -0.826861212, -0.863647461, -0.0573730469, 0.500610352, 0.0847361084, 0.962887093, 0.256531355, 0, 0, 0, 0, 0, 0, 0, 0.415594043, -0.164369141, -0.135779346, -0.209858612, 0.0819479066, -0.974268844, 0.808105469, -0.546386719, -0.219970703, -0.550341652, -0.833401918, 0.0484510087, 0, 1, 5, 1, 
358.07342, 47, 0.1, 0.1, 0.00841993989, 0.366750368, -0.0199662498, 0.983468587, 0.181078819, -7.89916592e-006, 0.181078819, -0.983468587, 4.85659701e-006, -6.8891547e-006, -6.20668223e-006, -1, 0.983468502, 0.181079278, -6.33048242e-006, 0.181079278, -0.983468502, -1.43164753e-005, -8.81824707e-006, 1.29334833e-005, -1, 0, 0, 0, 0, 0, 0, 0, 0.384000366, -0.220457788, -0.153773389, -0.496766624, 0.263862666, -0.826861212, -0.863647461, -0.0573730469, 0.500610352, 0.0847361084, 0.962887093, 0.256531355, 0, 0, 0, 0, 0, 0, 0, 0.415594043, -0.164369141, -0.135779346, -0.209858612, 0.0819479066, -0.974268844, 0.808105469, -0.546386719, -0.219970703, -0.550341652, -0.833401918, 0.0484510087, 0, 1, 5, 1, 
358.074208, 47, 0.1, 0.1, 0.00841994085, 0.366750368, -0.0199672024, 0.983469005, 0.181076546, 1.25994778e-005, 0.181076546, -0.983469005, -3.47329021e-006, 1.17622645e-005, 5.69734318e-006, -1, 0.983468928, 0.181076969, 1.68932499e-006, 0.181076969, -0.983468927, -1.31339778e-005, -7.16862253e-007, 1.32227569e-005, -1, 0, 0, 0, 0, 0, 0, 0, 0.384000366, -0.220457788, -0.153773389, -0.496766624, 0.263862666, -0.826861212, -0.863647461, -0.0573730469, 0.500610352, 0.0847361084, 0.962887093, 0.256531355, 0, 0, 0, 0, 0, 0, 0, 0.415594043, -0.164369141, -0.135779346, -0.209858612, 0.0819479066, -0.974268844, 0.808105469, -0.546386719, -0.219970703, -0.550341652, -0.833401918, 0.0484510087, 0, 1, 5, 1, 
358.074996, 47, 0.1, 0.1, 0.00841993775, 0.366750369, -0.0199675625, 0.983469315, 0.181074861, -2.3387791e-005, 0.181074861, -0.983469316, -1.36178539e-005, -2.54670258e-005, 9.15780043e-006, -1, 0.983469263, 0.181075143, -2.76824953e-005, 0.181075143, -0.983469264, -9.26498667e-006, -2.8902542e-005, 4.09921784e-006, -1, 0, 0, 0, 0, 0, 0, 0, 0.384000366, -0.220457788, -0.153773389, -0.498796052, 0.266698996, -0.824607501, -0.862182617, -0.056640625, 0.503295898, 0.087529377, 0.962067087, 0.258275466, 0, 0, 0, 0, 0, 0, 0, 0.415594043, -0.164369141, -0.135779346, -0.209858612, 0.0819479066, -0.974268844, 0.808105469, -0.546386719, -0.219970703, -0.550341652, -0.833401918, 0.0484510087, 0, 1, 5, 1, 
358.075815, 47, 0.1, 0.1, 0.00841994149, 0.366750372, -0.0199668476, 0.983469557, 0.181073548, 2.03588116e-005, 0.181073548, -0.983469557, 2.83247962e-006, 2.05351586e-005, 9.00784772e-007, -1, 0.983469511, 0.181073797, 2.92818717e-005, 0.181073796, -0.983469511, 2.20084862e-005, 3.27829882e-005, -1.63424955e-005, -0.999999999, 0, 0, 0, 0, 0, 0, 0, 0.383235425, -0.221431543, -0.153429663, -0.498796052, 0.266698996, -0.824607501, -0.862182617, -0.056640625, 0.503295898, 0.087529377, 0.962067087, 0.258275466, 0, 0, 0, 0, 0, 0, 0, 0.415778076, -0.164070459, -0.136577588, -0.214867427, 0.083768564, -0.972958946, 0.808959961, -0.54284668, -0.225341797, -0.547063076, -0.835542671, 0.04883417, 0, 1, 5, 1, 
358.076603, 47, 0.1, 0.1, 0.00841994018, 0.366750372, -0.0199657516, 0.983469807, 0.181072192, 2.34124604e-006, 0.181072192, -0.983469807, -1.45385903e-006, 2.03929135e-006, 1.85376101e-006, -1, 0.983469759, 0.18107245, 2.70318979e-007, 0.18107245, -0.983469759, 3.32385528e-006, 8.67709161e-007, -3.21996383e-006, -1, 0, 0, 0, 0, 0, 0, 0, 0.383235425, -0.221431543, -0.153429663, -0.498796052, 0.266698996, -0.824607501, -0.862182617, -0.056640625, 0.503295898, 0.087529377, 0.962067087, 0.258275466, 0, 0, 0, 0, 0, 0, 0, 0.415778076, -0.164070459, -0.136577588, -0.214867427, 0.083768564, -0.972958946, 0.808959961, -0.54284668, -0.225341797, -0.547063076, -0.835542671, 0.04883417, 0, 1, 5, 1, 
358.077395, 47, 0.1, 0.1, 0.00841994017, 0.36675037, -0.0199646329, 0.98347003, 0.181070979, -4.80841168e-007, 0.181070979, -0.98347003, -1.16446342e-005, -2.58139819e-006, 1.13650824e-005, -1, 0.983469988, 0.181071208, 1.17972657e-005, 0.181071208, -0.983469988, -1.8694188e-005, 8.21727754e-006, 2.0521318e-005, -1, 0, 0, 0, 0, 0, 0, 0, 0.383235425, -0.221431543, -0.153429663, -0.498796052, 0.266698996, -0.824607501, -0.862182617, -0.056640625, 0.503295898, 0.087529377, 0.962067087, 0.258275466, 0, 0, 0, 0, 0, 0, 0, 0.415778076, -0.164070459, -0.136577588, -0.214867427, 0.083768564, -0.972958946, 0.808959961, -0.54284668, -0.225341797, -0.547063076, -0.835542671, 0.04883417, 0, 1, 5, 1, 
358.078185, 47, 0.1, 0.1, 0.00841994025, 0.366750371, -0.0199638925, 0.983470273, 0.181069659, -1.86967083e-005, 0.181069659, -0.983470273, -1.30256231e-005, -2.0746202e-005, 9.42490651e-006, -1, 0.983470221, 0.181069945, 3.88087413e-006, 0.181069945, -0.983470221, -4.58714959e-006, 2.98612921e-006, 5.21403468e-006, -1, 0, 0, 0, 0, 0, 0, 0, 0.383235425, -0.221431543, -0.153429663, -0.498796052, 0.266698996, -0.824607501, -0.862182617, -0.056640625, 0.503295898, 0.087529377, 0.962067087, 0.258275466, 0, 0, 0, 0, 0, 0, 0, 0.415778076, -0.164070459, -0.136577588, -0.214867427, 0.083768564, -0.972958946, 0.808959961, -0.54284668, -0.225341797, -0.547063076, -0.835542671, 0.04883417, 0, 1, 5, 1, 
358.078979, 47, 0.1, 0.1, 0.00841993914, 0.366750374, -0.0199637424, 0.983470577, 0.181068007, 3.40464014e-005, 0.181068007, -0.983470578, 5.95259708e-006, 3.45614589e-005, 3.10509953e-007, -0.999999999, 0.983470509, 0.181068377, 1.65816438e-005, 0.181068376, -0.983470509, 2.2080851e-005, 2.03057015e-005, -1.87134545e-005, -1, 0, 0, 0, 0, 0, 0, 0, 0.383235425, -0.221431543, -0.153429663, -0.498796052, 0.266698996, -0.824607501, -0.862182617, -0.056640625, 0.503295898, 0.087529377, 0.962067087, 0.258275466, 0, 0, 0, 0, 0, 0, 0, 0.415778076, -0.164070459, -0.136577588, -0.214867427, 0.083768564, -0.972958946, 0.808959961, -0.54284668, -0.225341797, -0.547063076, -0.835542671, 0.04883417, 0, 1, 5, 1, 
358.079768, 47, 0.1, 0.1, 0.00841994032, 0.366750373, -0.0199641749, 0.983470897, 0.181066272, -1.1880672e-005, 0.181066272, -0.983470897, -6.91134887e-006, -1.29357073e-005, 4.64592149e-006, -1, 0.983470836, 0.181066605, -1.44952919e-005, 0.181066605, -0.983470836, -1.36995256e-006, -1.45037495e-005, -1.2773049e-006, -1, 0, 0, 0, 0, 0, 0, 0, 0.383235425, -0.221431543, -0.153429663, -0.498796052, 0.266698996, -0.824607501, -0.862182617, -0.056640625, 0.503295898, 0.087529377, 0.962067087, 0.258275466, 0, 0, 0, 0, 0, 0, 0, 0.415778076, -0.164070459, -0.136577588, -0.214867427, 0.083768564, -0.972958946, 0.808959961, -0.54284668, -0.225341797, -0.547063076, -0.835542671, 0.04883417, 0, 1, 5, 1, 
358.080583, 47, 0.1, 0.1, 0.00841994023, 0.366750374, -0.019964683, 0.983471184, 0.181064713, 7.10065399e-006, 0.181064713, -0.983471184, 5.43331687e-006, 7.96707054e-006, -4.0578327e-006, -1, 0.983471133, 0.181064988, -5.1881407e-006, 0.181064988, -0.983471133, -3.59809696e-006, -5.753876e-006, 2.59923386e-006, -1, 0, 0, 0, 0, 0, 0, 0, 0.38314436, -0.22221123, -0.152881006, -0.500698922, 0.268951585, -0.822715492, -0.860961914, -0.0565185547, 0.505493164, 0.089561049, 0.961463128, 0.260076864, 0, 0, 0, 0, 0, 0, 0, 0.415671484, -0.164847461, -0.137142334, -0.220106652, 0.0856533871, -0.971725607, 0.808105469, -0.541870117, -0.230712891, -0.546263571, -0.835958281, 0.0499457408, 0, 1, 5, 1, 
358.081374, 47, 0.1, 0.1, 0.00841994126, 0.366750374, -0.0199653906, 0.983471428, 0.181063385, 1.16446305e-005, 0.181063385, -0.983471428, 2.48111424e-006, 1.19014004e-005, -3.31688738e-007, -1, 0.983471382, 0.181063635, 1.03539811e-005, 0.181063635, -0.983471382, 7.93062555e-006, 1.1618792e-005, -5.92481382e-006, -1, 0, 0, 0, 0, 0, 0, 0, 0.38314436, -0.22221123, -0.152881006, -0.500698922, 0.268951585, -0.822715492, -0.860961914, -0.0565185547, 0.505493164, 0.089561049, 0.961463128, 0.260076864, 0, 0, 0, 0, 0, 0, 0, 0.415671484, -0.164847461, -0.137142334, -0.220106652, 0.0856533871, -0.971725607, 0.808105469, -0.541870117, -0.230712891, -0.546263571, -0.835958281, 0.0499457408, 0, 1, 5, 1, 
358.08216, 47, 0.1, 0.1, 0.00841994047, 0.366750373, -0.0199661148, 0.983471656, 0.18106215, -4.2701025e-007, 0.18106215, -0.983471656, 1.42721801e-005, 2.16419914e-006, -1.41136e-005, -1, 0.983471607, 0.181062412, -1.15968469e-005, 0.181062413, -0.983471607, 4.86093183e-006, -1.05250376e-005, -6.88034153e-006, -1, 0, 0, 0, 0, 0, 0, 0, 0.38314436, -0.22221123, -0.152881006, -0.500698922, 0.268951585, -0.822715492, -0.860961914, -0.0565185547, 0.505493164, 0.089561049, 0.961463128, 0.260076864, 0, 0, 0, 0, 0, 0, 0, 0.415671484, -0.164847461, -0.137142334, -0.220106652, 0.0856533871, -0.971725607, 0.808105469, -0.541870117, -0.230712891, -0.546263571, -0.835958281, 0.0499457408, 0, 1, 5, 1, 
358.083043, 47, 0.1, 0.1, 0.00841994058, 0.366750373, -0.0199661019, 0.983471904, 0.181060803, 4.64238876e-006, 0.181060803, -0.983471904, 2.27539073e-005, 8.68549965e-006, -2.15372739e-005, -1, 0.983471857, 0.181061059, 8.9596066e-006, 0.181061059, -0.983471857, -7.96164356e-007, 8.66736658e-006, 2.40524109e-006, -1, 0, 0, 0, 0, 0, 0, 0, 0.38314436, -0.22221123, -0.152881006, -0.500698922, 0.268951585, -0.822715492, -0.860961914, -0.0565185547, 0.505493164, 0.089561049, 0.961463128, 0.260076864, 0, 0, 0, 0, 0, 0, 0, 0.415810352, -0.164540234, -0.13791543, -0.225511755, 0.0874102454, -0.970236705, 0.808227539, -0.53918457, -0.236450195, -0.543885845, -0.837492026, 0.0509614297, 0, 1, 5, 1, 
