time, trialNum, realDorsalTactorPos, realVentralTactorPos, box1PosX, box1PosY, box1PosZ, box1LocalRot_11, box1LocalRot_12, box1LocalRot_13, box1LocalRot_21, box1LocalRot_22, box1LocalRot_23, box1LocalRot_31, box1LocalRot_32, box1LocalRot_33, box1GlobalRot_11, box1GlobalRot_12, box1GlobalRot_13, box1GlobalRot_21, box1GlobalRot_22, box1GlobalRot_23, box1GlobalRot_31, box1GlobalRot_32, box1GlobalRot_33, indexForceX, indexForceY, indexForceZ, indexForceGlobalX, indexForceGlobalY, indexForceGlobalZ, indexContact, indexPosX, indexPosY, indexPosZ, indexRot_11, indexRot_12, indexRot_13, indexRot_21, indexRot_22, indexRot_23, indexRot_31, indexRot_32, indexRot_33, thumbForceX, thumbForceY, thumbForceZ, thumbForceGlobalX, thumbForceGlobalY, thumbForceGlobalZ, thumbContact, thumbPosX, thumbPosY, thumbPosZ, thumbRot_11, thumbRot_12, thumbRot_13, thumbRot_21, thumbRot_22, thumbRot_23, thumbRot_31, thumbRot_32, thumbRot_33, manipForceTooHigh, cceExpType, mapping, trialSuccess, 
373.288665, 47, 0.1, 0.1, 0.0229751932, 0.371208595, -0.0199646163, 0.976944725, -0.213492396, 3.66631315e-005, 0.213492397, 0.976944725, -3.67439177e-005, -2.79733059e-005, 4.37240764e-005, 0.999999999, 0.976944775, -0.213492169, 2.46663891e-005, 0.21349217, 0.976944774, -3.4931286e-005, -1.6640144e-005, 3.93920183e-005, 0.999999999, 0, 0, 0, 0, 0, 0, 0, 0.282212573, -0.0711373535, -0.190258618, 0.149721923, 0.527826366, -0.836036114, -0.986938477, 0.0300292969, -0.157836914, -0.0581957726, 0.848778069, 0.525561055, 0, 0, -0, 0, 0, 0, 0, 0.305565283, -0.0165608398, -0.147658447, 0.276506999, 0.229254164, -0.933146503, 0.647827148, -0.76171875, 0.00488281251, -0.709726314, -0.605820004, -0.359151394, 0, 1, 5, 1, 
373.323787, 47, 0.1, 0.1, 0.0229752001, 0.371208594, -0.0199652673, 0.976941807, -0.213505752, -1.01341116e-005, 0.213505752, 0.976941807, 7.53808992e-006, 8.29101173e-006, -9.5279663e-006, 1, 0.976941786, -0.213505846, 1.84795917e-005, 0.213505846, 0.976941786, -4.98486722e-006, -1.69891871e-005, 8.81542594e-006, 1, 0, -0, 0, 0, 0, 0, 0, 0.297887256, -0.0806623535, -0.186050366, 0.153405998, 0.520238854, -0.840124163, -0.982543945, -0.00952148438, -0.185302734, -0.104384697, 0.853934755, 0.509894403, 0, 0, -0, 0, 0, 0, 0, 0.316138086, -0.0245967773, -0.140759521, 0.289512331, 0.266542643, -0.91924842, 0.701293945, -0.712646484, 0.0141601563, -0.651284039, -0.648788542, -0.393286032, 0, 1, 5, 1, 
373.324578, 47, 0.1, 0.1, 0.0229752003, 0.371208594, -0.0199672013, 0.976941867, -0.213505473, 2.72702281e-005, 0.213505473, 0.976941868, -1.79099958e-006, -2.62590393e-005, 7.57204541e-006, 1, 0.976941864, -0.213505488, 1.83178061e-005, 0.213505488, 0.976941864, -1.02542868e-005, -1.57060851e-005, 1.39287942e-005, 1, 0, -0, 0, 0, 0, 0, 0, 0.297887256, -0.0806623535, -0.186050366, 0.153405998, 0.520238854, -0.840124163, -0.982543945, -0.00952148438, -0.185302734, -0.104384697, 0.853934755, 0.509894403, 0, 0, -0, 0, 0, 0, 0, 0.316138086, -0.0245967773, -0.140759521, 0.289512331, 0.266542643, -0.91924842, 0.701293945, -0.712646484, 0.0141601563, -0.651284039, -0.648788542, -0.393286032, 0, 1, 5, 1, 
373.325398, 47, 0.1, 0.1, 0.0229752016, 0.371208594, -0.019968313, 0.976941817, -0.213505703, -2.00797758e-005, 0.213505703, 0.976941817, -2.03055759e-005, 2.39521289e-005, 1.55502196e-005, 1, 0.976941836, -0.213505617, -2.21429104e-005, 0.213505617, 0.976941836, -1.46901096e-005, 2.47687564e-005, 9.62374685e-006, 1, 0, -0, 0, 0, 0, 0, 0, 0.299715649, -0.0814623047, -0.185121509, 0.150362238, 0.522135732, -0.839444942, -0.982055664, -0.0178222656, -0.187011719, -0.11267764, 0.852645583, 0.510281193, 0, 0, -0, 0, 0, 0, 0, 0.316138086, -0.0245967773, -0.140759521, 0.290714687, 0.270273276, -0.917785771, 0.707397461, -0.706542969, 0.0161132813, -0.644038589, -0.653919858, -0.39669184, 0, 1, 5, 1, 
373.326197, 47, 0.1, 0.1, 0.0229751992, 0.371208594, -0.0199680191, 0.976941731, -0.2135061, 1.09326634e-005, 0.2135061, 0.976941731, -8.61259332e-006, -8.84173386e-006, 1.07481921e-005, 1, 0.976941745, -0.213506033, 1.9989036e-005, 0.213506033, 0.976941745, 1.07520477e-005, -2.18237508e-005, -6.23634442e-006, 1, 0, -0, 0, 0, 0, 0, 0, 0.299715649, -0.0814623047, -0.185121509, 0.150362238, 0.522135732, -0.839444942, -0.982055664, -0.0178222656, -0.187011719, -0.11267764, 0.852645583, 0.510281193, 0, 0, -0, 0, 0, 0, 0, 0.317262988, -0.0251275879, -0.139841406, 0.290714687, 0.270273276, -0.917785771, 0.707397461, -0.706542969, 0.0161132813, -0.644038589, -0.653919858, -0.39669184, 0, 1, 5, 1, 
373.326991, 47, 0.1, 0.1, 0.0229752022, 0.371208594, -0.0199668385, 0.976941737, -0.213506069, 1.03152785e-005, 0.213506069, 0.976941737, 1.19023029e-005, -1.261864e-005, -9.4254819e-006, 1, 0.976941728, -0.213506114, -1.4444257e-005, 0.213506114, 0.976941728, 1.30921273e-005, 1.13159482e-005, -1.58741826e-005, 1, 0, -0, 0, 0, 0, 0, 0, 0.299715649, -0.0814623047, -0.185121509, 0.150362238, 0.522135732, -0.839444942, -0.982055664, -0.0178222656, -0.187011719, -0.11267764, 0.852645583, 0.510281193, 0, 0, -0, 0, 0, 0, 0, 0.317262988, -0.0251275879, -0.139841406, 0.290714687, 0.270273276, -0.917785771, 0.707397461, -0.706542969, 0.0161132813, -0.644038589, -0.653919858, -0.39669184, 0, 1, 5, 1, 
373.327791, 47, 0.1, 0.1, 0.0229752019, 0.371208595, -0.0199652073, 0.976941831, -0.21350564, -3.34691772e-005, 0.213505641, 0.976941831, 1.0975561e-005, 3.03540951e-005, -1.78683428e-005, 0.999999999, 0.976941812, -0.213505725, -2.03241478e-005, 0.213505725, 0.976941813, 7.78225005e-006, 1.81939549e-005, -1.19421274e-005, 1, 0, -0, 0, 0, 0, 0, 0, 0.299715649, -0.0814623047, -0.185121509, 0.150362238, 0.522135732, -0.839444942, -0.982055664, -0.0178222656, -0.187011719, -0.11267764, 0.852645583, 0.510281193, 0, 0, -0, 0, 0, 0, 0, 0.317262988, -0.0251275879, -0.139841406, 0.290714687, 0.270273276, -0.917785771, 0.707397461, -0.706542969, 0.0161132813, -0.644038589, -0.653919858, -0.39669184, 0, 1, 5, 1, 
373.328582, 47, 0.1, 0.1, 0.0229752011, 0.371208595, -0.0199637553, 0.97694187, -0.21350546, 1.98894238e-005, 0.213505459, 0.976941871, 2.02589053e-005, -2.37561978e-005, -1.55452723e-005, 1, 0.976941873, -0.213505449, 2.51507524e-005, 0.213505449, 0.976941873, 1.08455566e-006, -2.48023817e-005, 4.31027485e-006, 1, 0, -0, 0, 0, 0, 0, 0, 0.299715649, -0.0814623047, -0.185121509, 0.150362238, 0.522135732, -0.839444942, -0.982055664, -0.0178222656, -0.187011719, -0.11267764, 0.852645583, 0.510281193, 0, 0, -0, 0, 0, 0, 0, 0.317262988, -0.0251275879, -0.139841406, 0.290714687, 0.270273276, -0.917785771, 0.707397461, -0.706542969, 0.0161132813, -0.644038589, -0.653919858, -0.39669184, 0, 1, 5, 1, 
373.329373, 47, 0.1, 0.1, 0.0229752044, 0.371208595, -0.0199629404, 0.976941791, -0.213505823, -9.65917087e-006, 0.213505822, 0.976941791, -6.2797025e-006, 1.07772007e-005, 4.07261459e-006, 1, 0.976941813, -0.213505724, -2.33866323e-005, 0.213505723, 0.976941813, -1.63332109e-005, 2.63346129e-005, 1.09634169e-005, 1, 0, -0, 0, 0, 0, 0, 0, 0.299715649, -0.0814623047, -0.185121509, 0.150362238, 0.522135732, -0.839444942, -0.982055664, -0.0178222656, -0.187011719, -0.11267764, 0.852645583, 0.510281193, 0, 0, -0, 0, 0, 0, 0, 0.317262988, -0.0251275879, -0.139841406, 0.290714687, 0.270273276, -0.917785771, 0.707397461, -0.706542969, 0.0161132813, -0.644038589, -0.653919858, -0.39669184, 0, 1, 5, 1, 
373.330198, 47, 0.1, 0.1, 0.022975201, 0.371208593, -0.0199628568, 0.9769417, -0.21350624, -1.09176069e-005, 0.21350624, 0.9769417, -1.49748942e-005, 1.38630988e-005, 1.22986214e-005, 1, 0.976941709, -0.2135062, 1.64994633e-005, 0.2135062, 0.976941709, -2.68090471e-006, -1.55466241e-005, 6.14182534e-006, 1, 0, -0, 0, 0, 0, 0, 0, 0.301063843, -0.081778418, -0.18532998, 0.142279733, 0.524800198, -0.839234886, -0.982299805, -0.0285644531, -0.184570312, -0.120790484, 0.85074047, 0.511607434, 0, 0, -0, 0, 0, 0, 0, 0.317262988, -0.0251275879, -0.139841406, 0.293444225, 0.273531063, -0.915882358, 0.713500977, -0.700195313, 0.0194091797, -0.636141655, -0.659223616, -0.400787778, 0, 1, 5, 1, 
373.330989, 47, 0.1, 0.1, 0.0229752019, 0.371208592, -0.0199633414, 0.976941733, -0.213506089, 3.05938928e-005, 0.213506089, 0.976941733, -2.79640225e-007, -2.98287458e-005, 6.80517461e-006, 1, 0.976941715, -0.213506171, 1.41760176e-005, 0.213506171, 0.976941715, 1.64448688e-005, -1.73602239e-005, -1.30390111e-005, 1, 0, -0, 0, 0, 0, 0, 0, 0.301063843, -0.081778418, -0.18532998, 0.142279733, 0.524800198, -0.839234886, -0.982299805, -0.0285644531, -0.184570312, -0.120790484, 0.85074047, 0.511607434, 0, 0, -0, 0, 0, 0, 0, 0.318949121, -0.0259165527, -0.1386854, 0.293444225, 0.273531063, -0.915882358, 0.713500977, -0.700195313, 0.0194091797, -0.636141655, -0.659223616, -0.400787778, 0, 1, 5, 1, 
373.33178, 47, 0.1, 0.1, 0.0229752029, 0.371208591, -0.0199645088, 0.976941834, -0.213505625, -2.63357289e-005, 0.213505626, 0.976941834, 4.38268233e-006, 2.4792748e-005, -9.90445199e-006, 1, 0.976941816, -0.213505708, -2.84951673e-005, 0.213505708, 0.976941816, 1.10446742e-005, 2.54800195e-005, -1.6873885e-005, 1, 0, -0, 0, 0, 0, 0, 0, 0.301063843, -0.081778418, -0.18532998, 0.142279733, 0.524800198, -0.839234886, -0.982299805, -0.0285644531, -0.184570312, -0.120790484, 0.85074047, 0.511607434, 0, 0, -0, 0, 0, 0, 0, 0.318949121, -0.0259165527, -0.1386854, 0.293444225, 0.273531063, -0.915882358, 0.713500977, -0.700195313, 0.0194091797, -0.636141655, -0.659223616, -0.400787778, 0, 1, 5, 1, 
373.332589, 47, 0.1, 0.1, 0.0229751999, 0.371208591, -0.019965845, 0.976941857, -0.213505522, 6.92874121e-006, 0.213505522, 0.976941857, 1.82304854e-005, -1.06612866e-005, -1.63307997e-005, 1, 0.976941863, -0.213505495, 2.25368795e-005, 0.213505495, 0.976941863, 1.531034e-005, -2.52860627e-005, -1.01455644e-005, 1, 0, -0, 0, 0, 0, 0, 0, 0.301063843, -0.081778418, -0.18532998, 0.131974596, 0.530674679, -0.837202092, -0.982299805, -0.0424804688, -0.181884766, -0.132011872, 0.846473061, 0.515858373, 0, 0, -0, 0, 0, 0, 0, 0.318949121, -0.0259165527, -0.1386854, 0.293444225, 0.273531063, -0.915882358, 0.713500977, -0.700195313, 0.0194091797, -0.636141655, -0.659223616, -0.400787778, 0, 1, 5, 1, 
373.333395, 47, 0.1, 0.1, 0.0229752028, 0.371208593, -0.0199665466, 0.976941771, -0.213505915, 1.08140487e-005, 0.213505915, 0.976941771, 1.06210042e-005, -1.28323431e-005, -8.06723933e-006, 1, 0.976941792, -0.21350582, -1.0117914e-005, 0.21350582, 0.976941792, -1.19131501e-005, 1.24281399e-005, 9.47822065e-006, 1, 0, -0, 0, 0, 0, 0, 0, 0.302065747, -0.0810447021, -0.185659644, 0.131974596, 0.530674679, -0.837202092, -0.982299805, -0.0424804688, -0.181884766, -0.132011872, 0.846473061, 0.515858373, 0, 0, -0, 0, 0, 0, 0, 0.320244775, -0.0272025391, -0.13777168, 0.294671734, 0.275332398, -0.914937031, 0.717163086, -0.696533203, 0.0213623047, -0.631471158, -0.662348341, -0.402775046, 0, 1, 5, 1, 
373.33431, 47, 0.1, 0.1, 0.0229752017, 0.371208595, -0.0199658778, 0.976941705, -0.213506215, -2.5496589e-005, 0.213506215, 0.976941706, -1.59853057e-005, 2.83216433e-005, 1.01730316e-005, 1, 0.976941707, -0.213506207, -1.04267741e-005, 0.213506207, 0.976941707, -2.26826661e-005, 1.50292405e-005, 1.99334616e-005, 1, 0, -0, 0, 0, 0, 0, 0, 0.302065747, -0.0810447021, -0.185659644, 0.131974596, 0.530674679, -0.837202092, -0.982299805, -0.0424804688, -0.181884766, -0.132011872, 0.846473061, 0.515858373, 0, 0, -0, 0, 0, 0, 0, 0.320244775, -0.0272025391, -0.13777168, 0.294671734, 0.275332398, -0.914937031, 0.717163086, -0.696533203, 0.0213623047, -0.631471158, -0.662348341, -0.402775046, 0, 1, 5, 1, 
373.335118, 47, 0.1, 0.1, 0.0229752003, 0.371208594, -0.0199640354, 0.976941771, -0.213505912, 3.04700176e-005, 0.213505912, 0.976941772, -6.53117645e-006, -2.83729882e-005, 1.2886108e-005, 1, 0.97694175, -0.213506008, 3.04592182e-005, 0.213506008, 0.976941751, -8.26295295e-007, -2.95804629e-005, 7.31046845e-006, 1, 0, -0, 0, 0, 0, 0, 0, 0.302065747, -0.0810447021, -0.185659644, 0.131974596, 0.530674679, -0.837202092, -0.982299805, -0.0424804688, -0.181884766, -0.132011872, 0.846473061, 0.515858373, 0, 0, -0, 0, 0, 0, 0, 0.320244775, -0.0272025391, -0.13777168, 0.294671734, 0.275332398, -0.914937031, 0.717163086, -0.696533203, 0.0213623047, -0.631471158, -0.662348341, -0.402775046, 0, 1, 5, 1, 
373.335911, 47, 0.1, 0.1, 0.0229752032, 0.371208593, -0.0199628062, 0.976941876, -0.213505436, -8.54676601e-006, 0.213505436, 0.976941876, -9.25519959e-006, 1.0325729e-005, 7.21701104e-006, 1, 0.976941858, -0.213505515, -2.71527243e-005, 0.213505516, 0.976941858, 6.95130471e-006, 2.5042491e-005, -1.25882769e-005, 1, 0, -0, 0, 0, 0, 0, 0, 0.302065747, -0.0810447021, -0.185659644, 0.131974596, 0.530674679, -0.837202092, -0.982299805, -0.0424804688, -0.181884766, -0.132011872, 0.846473061, 0.515858373, 0, 0, -0, 0, 0, 0, 0, 0.320244775, -0.0272025391, -0.13777168, 0.294671734, 0.275332398, -0.914937031, 0.717163086, -0.696533203, 0.0213623047, -0.631471158, -0.662348341, -0.402775046, 0, 1, 5, 1, 
373.336703, 47, 0.1, 0.1, 0.0229752003, 0.371208591, -0.0199625633, 0.976941873, -0.213505449, -1.77843602e-005, 0.213505449, 0.976941873, 7.62988833e-006, 1.57452634e-005, -1.12510152e-005, 1, 0.976941883, -0.213505402, 8.0343044e-006, 0.213505402, 0.976941883, 2.16804266e-005, -1.24779367e-005, -1.94651494e-005, 1, 0, -0, 0, 0, 0, 0, 0, 0.302065747, -0.0810447021, -0.185659644, 0.131974596, 0.530674679, -0.837202092, -0.982299805, -0.0424804688, -0.181884766, -0.132011872, 0.846473061, 0.515858373, 0, 0, -0, 0, 0, 0, 0, 0.320244775, -0.0272025391, -0.13777168, 0.294671734, 0.275332398, -0.914937031, 0.717163086, -0.696533203, 0.0213623047, -0.631471158, -0.662348341, -0.402775046, 0, 1, 5, 1, 
373.337521, 47, 0.1, 0.1, 0.022975201, 0.371208592, -0.0199631592, 0.976941769, -0.213505924, 2.63608325e-005, 0.213505924, 0.976941769, 2.28982503e-005, -3.06419104e-005, -1.67420632e-005, 0.999999999, 0.976941791, -0.213505826, 1.40024026e-005, 0.213505826, 0.976941791, 1.3979923e-005, -1.66643273e-005, -1.06679765e-005, 1, 0, -0, 0, 0, 0, 0, 0, 0.303237695, -0.0812270264, -0.185521094, 0.124931893, 0.536085987, -0.83472522, -0.981811523, -0.0535888672, -0.181518555, -0.142143283, 0.842402604, 0.519791793, 0, 0, -0, 0, 0, 0, 0, 0.320244775, -0.0272025391, -0.13777168, 0.294608668, 0.277139929, -0.914445228, 0.721679687, -0.691650391, 0.0229492188, -0.62619985, -0.666699842, -0.403950783, 0, 1, 5, 1, 
373.338309, 47, 0.1, 0.1, 0.0229752015, 0.371208593, -0.0199641861, 0.976941724, -0.213506127, -2.54981819e-005, 0.213506127, 0.976941725, 4.53675789e-006, 2.39416122e-005, -9.87616616e-006, 1, 0.976941723, -0.213506133, -2.21028308e-005, 0.213506133, 0.976941723, -1.39584439e-005, 2.4573391e-005, 8.91749631e-006, 1, 0, -0, 0, 0, 0, 0, 0, 0.303237695, -0.0812270264, -0.185521094, 0.124931893, 0.536085987, -0.83472522, -0.981811523, -0.0535888672, -0.181518555, -0.142143283, 0.842402604, 0.519791793, 0, 0, -0, 0, 0, 0, 0, 0.321021191, -0.0278441895, -0.137094141, 0.294608668, 0.277139929, -0.914445228, 0.721679687, -0.691650391, 0.0229492188, -0.62619985, -0.666699842, -0.403950783, 0, 1, 5, 1, 
373.339099, 47, 0.1, 0.1, 0.0229751985, 0.371208594, -0.0199656181, 0.976941796, -0.213505801, 1.18891429e-005, 0.213505802, 0.976941796, -7.40419673e-006, -1.00341617e-005, 9.77187024e-006, 1, 0.976941776, -0.213505891, 2.69200041e-005, 0.213505891, 0.976941776, -1.04048324e-005, -2.40777836e-005, 1.59124949e-005, 1, 0, -0, 0, 0, 0, 0, 0, 0.303237695, -0.0812270264, -0.185521094, 0.124931893, 0.536085987, -0.83472522, -0.981811523, -0.0535888672, -0.181518555, -0.142143283, 0.842402604, 0.519791793, 0, 0, -0, 0, 0, 0, 0, 0.321021191, -0.0278441895, -0.137094141, 0.294608668, 0.277139929, -0.914445228, 0.721679687, -0.691650391, 0.0229492188, -0.62619985, -0.666699842, -0.403950783, 0, 1, 5, 1, 
373.339892, 47, 0.1, 0.1, 0.0229752021, 0.371208594, -0.0199668906, 0.976941878, -0.213505428, 1.10770198e-005, 0.213505428, 0.976941878, -1.25145097e-005, -8.14968875e-006, 1.45909524e-005, 1, 0.976941869, -0.213505466, -1.33707399e-005, 0.213505466, 0.976941869, -1.27220351e-005, 1.57786597e-005, 9.57396267e-006, 1, 0, -0, 0, 0, 0, 0, 0, 0.303237695, -0.0812270264, -0.185521094, 0.124931893, 0.536085987, -0.83472522, -0.981811523, -0.0535888672, -0.181518555, -0.142143283, 0.842402604, 0.519791793, 0, 0, -0, 0, 0, 0, 0, 0.321021191, -0.0278441895, -0.137094141, 0.294608668, 0.277139929, -0.914445228, 0.721679687, -0.691650391, 0.0229492188, -0.62619985, -0.666699842, -0.403950783, 0, 1, 5, 1, 
373.340684, 47, 0.1, 0.1, 0.0229752023, 0.371208594, -0.0199675858, 0.976941852, -0.213505545, -2.56251381e-005, 0.213505545, 0.976941852, -1.35696314e-005, 2.79314614e-005, 7.78563181e-006, 1, 0.976941867, -0.213505475, -1.89940262e-005, 0.213505476, 0.976941867, 5.48626026e-006, 1.73847128e-005, -9.41508594e-006, 1, 0, -0, 0, 0, 0, 0, 0, 0.303237695, -0.0812270264, -0.185521094, 0.124931893, 0.536085987, -0.83472522, -0.981811523, -0.0535888672, -0.181518555, -0.142143283, 0.842402604, 0.519791793, 0, 0, -0, 0, 0, 0, 0, 0.321021191, -0.0278441895, -0.137094141, 0.294608668, 0.277139929, -0.914445228, 0.721679687, -0.691650391, 0.0229492188, -0.62619985, -0.666699842, -0.403950783, 0, 1, 5, 1, 
373.341475, 47, 0.1, 0.1, 0.0229752015, 0.371208593, -0.0199675362, 0.976941766, -0.213505938, 2.08104816e-005, 0.213505937, 0.976941766, 1.41747247e-005, -2.33570166e-005, -9.40471916e-006, 1, 0.976941781, -0.213505868, 1.99727904e-005, 0.213505867, 0.976941781, 2.02640714e-005, -2.38387516e-005, -1.553251e-005, 1, 0, -0, 0, 0, 0, 0, 0, 0.303237695, -0.0812270264, -0.185521094, 0.124931893, 0.536085987, -0.83472522, -0.981811523, -0.0535888672, -0.181518555, -0.142143283, 0.842402604, 0.519791793, 0, 0, -0, 0, 0, 0, 0, 0.321021191, -0.0278441895, -0.137094141, 0.294608668, 0.277139929, -0.914445228, 0.721679687, -0.691650391, 0.0229492188, -0.62619985, -0.666699842, -0.403950783, 0, 1, 5, 1, 
373.342281, 47, 0.1, 0.1, 0.022975204, 0.371208594, -0.0199666605, 0.976941752, -0.213506002, -1.21166855e-005, 0.213506003, 0.976941752, 1.69789845e-005, 8.21218084e-006, -1.9174464e-005, 1, 0.976941745, -0.213506032, -2.41188161e-005, 0.213506032, 0.976941745, 8.67273493e-006, 2.17109971e-005, -1.36222695e-005, 1, 0, -0, 0, 0, 0, 0, 0, 0.304135767, -0.0820390381, -0.18510791, 0.121120545, 0.542303075, -0.831314888, -0.981201172, -0.0609130859, -0.182739258, -0.149820284, 0.83795734, 0.524936878, 0, 0, -0, 0, 0, 0, 0, 0.321021191, -0.0278441895, -0.137094141, 0.294608668, 0.277139929, -0.914445228, 0.721679687, -0.691650391, 0.0229492188, -0.62619985, -0.666699842, -0.403950783, 0, 1, 5, 1, 
373.343088, 47, 0.1, 0.1, 0.0229752003, 0.371208593, -0.0199651369, 0.976941844, -0.213505583, -1.46968648e-005, 0.213505583, 0.976941844, 9.61362801e-006, 1.23054189e-005, -1.25298182e-005, 1, 0.976941822, -0.213505683, 1.50372537e-005, 0.213505683, 0.976941822, -2.82072019e-006, -1.40882822e-005, 5.96621865e-006, 1, 0, -0, 0, 0, 0, 0, 0, 0.304135767, -0.0820390381, -0.18510791, 0.121120545, 0.542303075, -0.831314888, -0.981201172, -0.0609130859, -0.182739258, -0.149820284, 0.83795734, 0.524936878, 0, 0, -0, 0, 0, 0, 0, 0.321164844, -0.028440918, -0.137100732, 0.292085487, 0.279528948, -0.91457939, 0.72644043, -0.686889648, 0.0220947266, -0.62204631, -0.670744741, -0.403842141, 0, 1, 5, 1, 
373.343881, 47, 0.1, 0.1, 0.0229752012, 0.371208594, -0.0199638434, 0.976941907, -0.213505294, 2.70431889e-005, 0.213505294, 0.976941907, -1.93532183e-006, -2.6006423e-005, 7.66456098e-006, 1, 0.976941904, -0.213505307, 1.73547975e-005, 0.213505307, 0.976941904, -1.10516115e-005, -1.45950512e-005, 1.45021237e-005, 1, 0, -0, 0, 0, 0, 0, 0, 0.304135767, -0.0820390381, -0.18510791, 0.121120545, 0.542303075, -0.831314888, -0.981201172, -0.0609130859, -0.182739258, -0.149820284, 0.83795734, 0.524936878, 0, 0, -0, 0, 0, 0, 0, 0.321164844, -0.028440918, -0.137100732, 0.292085487, 0.279528948, -0.91457939, 0.72644043, -0.686889648, 0.0220947266, -0.62204631, -0.670744741, -0.403842141, 0, 1, 5, 1, 
373.34467, 47, 0.1, 0.1, 0.0229752033, 0.371208594, -0.0199632276, 0.976941851, -0.213505547, -2.55781822e-005, 0.213505546, 0.976941852, -2.39294328e-005, 3.00974633e-005, 1.79165806e-005, 0.999999999, 0.976941871, -0.213505456, -2.82079942e-005, 0.213505456, 0.976941871, -1.75884523e-005, 3.13128011e-005, 1.11603348e-005, 0.999999999, 0, -0, 0, 0, 0, 0, 0, 0.304135767, -0.0820390381, -0.18510791, 0.121120545, 0.542303075, -0.831314888, -0.981201172, -0.0609130859, -0.182739258, -0.149820284, 0.83795734, 0.524936878, 0, 0, -0, 0, 0, 0, 0, 0.321164844, -0.028440918, -0.137100732, 0.292085487, 0.279528948, -0.91457939, 0.72644043, -0.686889648, 0.0220947266, -0.62204631, -0.670744741, -0.403842141, 0, 1, 5, 1, 
373.345471, 47, 0.1, 0.1, 0.0229752005, 0.371208594, -0.0199632451, 0.976941751, -0.213506005, 1.39167575e-005, 0.213506005, 0.976941751, -9.50269367e-006, -1.15669793e-005, 1.22548895e-005, 1, 0.976941768, -0.21350593, 2.38416802e-005, 0.213505929, 0.976941768, 1.27707717e-005, -2.60185687e-005, -7.38596017e-006, 1, 0, -0, 0, 0, 0, 0, 0, 0.304135767, -0.0820390381, -0.18510791, 0.121120545, 0.542303075, -0.831314888, -0.981201172, -0.0609130859, -0.182739258, -0.149820284, 0.83795734, 0.524936878, 0, 0, -0, 0, 0, 0, 0, 0.321553955, -0.0287533691, -0.136867725, 0.289396428, 0.28311266, -0.914285547, 0.732299805, -0.680541992, 0.0211181641, -0.616314548, -0.675646014, -0.404302228, 0, 1, 5, 1, 
373.346262, 47, 0.1, 0.1, 0.0229752035, 0.371208594, -0.0199639821, 0.976941758, -0.213505977, 1.16813426e-005, 0.213505977, 0.976941758, 1.14286422e-005, -1.38520748e-005, -8.67108132e-006, 1, 0.976941747, -0.213506025, -1.54177665e-005, 0.213506025, 0.976941747, 1.26500908e-005, 1.23613892e-005, -1.56501879e-005, 1, 0, -0, 0, 0, 0, 0, 0, 0.304135767, -0.0820390381, -0.18510791, 0.121120545, 0.542303075, -0.831314888, -0.981201172, -0.0609130859, -0.182739258, -0.149820284, 0.83795734, 0.524936878, 0, 0, -0, 0, 0, 0, 0, 0.321553955, -0.0287533691, -0.136867725, 0.289396428, 0.28311266, -0.914285547, 0.732299805, -0.680541992, 0.0211181641, -0.616314548, -0.675646014, -0.404302228, 0, 1, 5, 1, 
373.347056, 47, 0.1, 0.1, 0.0229752024, 0.371208595, -0.0199651228, 0.976941856, -0.213505523, -3.00521769e-005, 0.213505524, 0.976941857, 8.49582249e-006, 2.75453245e-005, -1.47162304e-005, 1, 0.976941837, -0.213505612, -1.66067544e-005, 0.213505612, 0.976941837, 5.33989411e-006, 1.50837358e-005, -8.76240124e-006, 1, 0, -0, 0, 0, 0, 0, 0, 0.304135767, -0.0820390381, -0.18510791, 0.121120545, 0.542303075, -0.831314888, -0.981201172, -0.0609130859, -0.182739258, -0.149820284, 0.83795734, 0.524936878, 0, 0, -0, 0, 0, 0, 0, 0.321553955, -0.0287533691, -0.136867725, 0.289396428, 0.28311266, -0.914285547, 0.732299805, -0.680541992, 0.0211181641, -0.616314548, -0.675646014, -0.404302228, 0, 1, 5, 1, 
373.347864, 47, 0.1, 0.1, 0.0229752015, 0.371208596, -0.0199660861, 0.976941904, -0.213505308, 1.98493142e-005, 0.213505308, 0.976941904, 1.57762641e-005, -2.2759943e-005, -1.11745595e-005, 1, 0.976941904, -0.213505305, 2.47549204e-005, 0.213505305, 0.976941904, -2.14169217e-006, -2.37268564e-005, 7.37761566e-006, 1, 0, -0, 0, 0, 0, 0, 0, 0.3050552, -0.0833518555, -0.184951782, 0.117545462, 0.547409968, -0.828520498, -0.980834961, -0.0656738281, -0.182739258, -0.154444908, 0.834305873, 0.529314376, 0, 0, -0, 0, 0, 0, 0, 0.321553955, -0.0287533691, -0.136867725, 0.289396428, 0.28311266, -0.914285547, 0.732299805, -0.680541992, 0.0211181641, -0.616314548, -0.675646014, -0.404302228, 0, 1, 5, 1, 
373.348655, 47, 0.1, 0.1, 0.0229752043, 0.371208596, -0.0199667517, 0.976941838, -0.213505611, -8.54837769e-006, 0.213505611, 0.976941838, -7.48006773e-006, 9.94830424e-006, 5.48246451e-006, 1, 0.976941856, -0.213505526, -2.0685341e-005, 0.213505526, 0.976941856, -1.67344887e-005, 2.37812813e-005, 1.19321879e-005, 1, 0, -0, 0, 0, 0, 0, 0, 0.3050552, -0.0833518555, -0.184951782, 0.117545462, 0.547409968, -0.828520498, -0.980834961, -0.0656738281, -0.182739258, -0.154444908, 0.834305873, 0.529314376, 0, 0, -0, 0, 0, 0, 0, 0.321553955, -0.0287533691, -0.136867725, 0.289396428, 0.28311266, -0.914285547, 0.732299805, -0.680541992, 0.0211181641, -0.616314548, -0.675646014, -0.404302228, 0, 1, 5, 1, 
373.349445, 47, 0.1, 0.1, 0.0229752013, 0.371208595, -0.0199669313, 0.976941762, -0.213505956, -7.95981588e-006, 0.213505956, 0.976941762, -1.19701204e-005, 1.03319686e-005, 9.99464241e-006, 1, 0.976941769, -0.213505923, 1.43872898e-005, 0.213505923, 0.976941769, -2.11834084e-006, -1.3603266e-005, 5.14126723e-006, 1, 0, -0, 0, 0, 0, 0, 0, 0.3050552, -0.0833518555, -0.184951782, 0.117545462, 0.547409968, -0.828520498, -0.980834961, -0.0656738281, -0.182739258, -0.154444908, 0.834305873, 0.529314376, 0, 0, -0, 0, 0, 0, 0, 0.321553955, -0.0287533691, -0.136867725, 0.289396428, 0.28311266, -0.914285547, 0.732299805, -0.680541992, 0.0211181641, -0.616314548, -0.675646014, -0.404302228, 0, 1, 5, 1, 
373.350399, 47, 0.1, 0.1, 0.0229752014, 0.371208592, -0.0199648991, 0.976941811, -0.213505728, 3.82155857e-005, 0.213505728, 0.976941812, 2.23016443e-006, -3.78105564e-005, 5.98050557e-006, 0.999999999, 0.976941788, -0.213505836, 2.14082707e-005, 0.213505836, 0.976941788, 2.13121938e-005, -2.5464912e-005, -1.6249982e-005, 1, 0, -0, 0, 0, 0, 0, 0, 0.305425977, -0.0835137939, -0.184775391, 0.112078371, 0.553246257, -0.825370397, -0.98046875, -0.0727539063, -0.182006836, -0.16087093, 0.829797329, 0.534377086, 0, 0, -0, 0, 0, 0, 0, 0.322199023, -0.0295367188, -0.136639844, 0.287563378, 0.285961766, -0.913953425, 0.736938477, -0.67565918, 0.0205078125, -0.611720244, -0.67939707, -0.405126519, 0, 1, 5, 1, 
373.351197, 47, 0.1, 0.1, 0.0229752017, 0.371208592, -0.0199624862, 0.97694193, -0.213505188, -2.61400771e-005, 0.213505188, 0.97694193, 3.86547647e-006, 2.47120381e-005, -9.35738812e-006, 1, 0.976941909, -0.213505282, -2.77441706e-005, 0.213505282, 0.976941909, 1.19239837e-005, 2.45586095e-005, -1.75725664e-005, 1, 0, -0, 0, 0, 0, 0, 0, 0.305425977, -0.0835137939, -0.184775391, 0.112078371, 0.553246257, -0.825370397, -0.98046875, -0.0727539063, -0.182006836, -0.16087093, 0.829797329, 0.534377086, 0, 0, -0, 0, 0, 0, 0, 0.322199023, -0.0295367188, -0.136639844, 0.287563378, 0.285961766, -0.913953425, 0.736938477, -0.67565918, 0.0205078125, -0.611720244, -0.67939707, -0.405126519, 0, 1, 5, 1, 
373.35199, 47, 0.1, 0.1, 0.0229751987, 0.371208592, -0.0199612259, 0.976941959, -0.213505054, 3.91754385e-006, 0.213505054, 0.976941959, 1.76630536e-005, -7.59836417e-006, -1.64193627e-005, 1, 0.976941964, -0.213505032, 2.16638399e-005, 0.213505032, 0.976941964, 1.50830407e-005, -2.43846194e-005, -1.01099166e-005, 1, 0, -0, 0, 0, 0, 0, 0, 0.305425977, -0.0835137939, -0.184775391, 0.112078371, 0.553246257, -0.825370397, -0.98046875, -0.0727539063, -0.182006836, -0.16087093, 0.829797329, 0.534377086, 0, 0, -0, 0, 0, 0, 0, 0.322199023, -0.0295367188, -0.136639844, 0.287563378, 0.285961766, -0.913953425, 0.736938477, -0.67565918, 0.0205078125, -0.611720244, -0.67939707, -0.405126519, 0, 1, 5, 1, 
373.352779, 47, 0.1, 0.1, 0.022975203, 0.371208594, -0.0199614847, 0.976941869, -0.213505466, 6.04898067e-006, 0.213505466, 0.976941869, 9.44928199e-006, -7.92697584e-006, -7.93990877e-006, 1, 0.976941891, -0.213505365, -1.74471318e-005, 0.213505364, 0.976941891, -1.63772572e-005, 2.05414662e-005, 1.22745724e-005, 1, 0, -0, 0, 0, 0, 0, 0, 0.305425977, -0.0835137939, -0.184775391, 0.112078371, 0.553246257, -0.825370397, -0.98046875, -0.0727539063, -0.182006836, -0.16087093, 0.829797329, 0.534377086, 0, 0, -0, 0, 0, 0, 0, 0.322199023, -0.0295367188, -0.136639844, 0.287563378, 0.285961766, -0.913953425, 0.736938477, -0.67565918, 0.0205078125, -0.611720244, -0.67939707, -0.405126519, 0, 1, 5, 1, 
373.353571, 47, 0.1, 0.1, 0.0229752026, 0.371208596, -0.0199630346, 0.976941805, -0.213505757, -2.75417074e-005, 0.213505756, 0.976941806, -1.8074274e-005, 3.07656069e-005, 1.17772008e-005, 0.999999999, 0.976941808, -0.213505745, -1.39634393e-005, 0.213505744, 0.976941808, -2.29152611e-005, 1.85340075e-005, 1.94056021e-005, 1, 0, -0, 0, 0, 0, 0, 0, 0.305425977, -0.0835137939, -0.184775391, 0.112078371, 0.553246257, -0.825370397, -0.98046875, -0.0727539063, -0.182006836, -0.16087093, 0.829797329, 0.534377086, 0, 0, -0, 0, 0, 0, 0, 0.322199023, -0.0295367188, -0.136639844, 0.287563378, 0.285961766, -0.913953425, 0.736938477, -0.67565918, 0.0205078125, -0.611720244, -0.67939707, -0.405126519, 0, 1, 5, 1, 
373.354376, 47, 0.1, 0.1, 0.0229752017, 0.371208596, -0.0199652808, 0.976941865, -0.213505484, 2.72103444e-005, 0.213505484, 0.976941865, -1.09902196e-005, -2.42364525e-005, 1.65463634e-005, 1, 0.976941844, -0.213505581, 2.63928832e-005, 0.213505581, 0.976941844, -4.79856436e-006, -2.47597917e-005, 1.03229462e-005, 1, 0, -0, 0, 0, 0, 0, 0, 0.305425977, -0.0835137939, -0.184775391, 0.104522319, 0.558016536, -0.823153756, -0.979858398, -0.0832519531, -0.181030273, -0.169561524, 0.825581217, 0.53822813, 0, 0, -0, 0, 0, 0, 0, 0.322199023, -0.0295367188, -0.136639844, 0.287563378, 0.285961766, -0.913953425, 0.736938477, -0.67565918, 0.0205078125, -0.611720244, -0.67939707, -0.405126519, 0, 1, 5, 1, 
373.355182, 47, 0.1, 0.1, 0.022975205, 0.371208596, -0.0199670722, 0.976941965, -0.213505028, -1.06534202e-005, 0.213505028, 0.976941965, -9.95081481e-006, 1.25323223e-005, 7.44680979e-006, 1, 0.976941948, -0.213505105, -2.73471117e-005, 0.213505105, 0.976941948, 3.84400706e-006, 2.58958254e-005, -9.5941197e-006, 1, 0, -0, 0, 0, 0, 0, 0, 0.30612959, -0.0832828369, -0.184427148, 0.104522319, 0.558016536, -0.823153756, -0.979858398, -0.0832519531, -0.181030273, -0.169561524, 0.825581217, 0.53822813, 0, 0, -0, 0, 0, 0, 0, 0.3226875, -0.0303583984, -0.136182129, 0.286516339, 0.288363546, -0.913487142, 0.741699219, -0.670410156, 0.0209960938, -0.606429613, -0.683563371, -0.406059453, 0, 1, 5, 1, 
373.355974, 47, 0.1, 0.1, 0.0229752024, 0.371208595, -0.0199681259, 0.976941968, -0.213505012, -1.28586519e-005, 0.213505012, 0.976941968, 8.9204521e-006, 1.06575955e-005, -1.14601507e-005, 1, 0.976941976, -0.213504978, 7.67715813e-006, 0.213504978, 0.976941976, 1.97830585e-005, -1.17239195e-005, -1.76877888e-005, 1, 0, -0, 0, 0, 0, 0, 0, 0.30612959, -0.0832828369, -0.184427148, 0.104522319, 0.558016536, -0.823153756, -0.979858398, -0.0832519531, -0.181030273, -0.169561524, 0.825581217, 0.53822813, 0, 0, -0, 0, 0, 0, 0, 0.3226875, -0.0303583984, -0.136182129, 0.286516339, 0.288363546, -0.913487142, 0.741699219, -0.670410156, 0.0209960938, -0.606429613, -0.683563371, -0.406059453, 0, 1, 5, 1, 
373.356766, 47, 0.1, 0.1, 0.0229752025, 0.371208595, -0.0199682084, 0.976941888, -0.213505379, 2.42452932e-005, 0.213505379, 0.976941888, 2.15496405e-005, -2.82872067e-005, -1.5876246e-005, 0.999999999, 0.976941904, -0.213505306, 1.44246806e-005, 0.213505306, 0.976941904, 1.43043024e-005, -1.71461194e-005, -1.08947266e-005, 1, 0, -0, 0, 0, 0, 0, 0, 0.30612959, -0.0832828369, -0.184427148, 0.104522319, 0.558016536, -0.823153756, -0.979858398, -0.0832519531, -0.181030273, -0.169561524, 0.825581217, 0.53822813, 0, 0, -0, 0, 0, 0, 0, 0.3226875, -0.0303583984, -0.136182129, 0.286516339, 0.288363546, -0.913487142, 0.741699219, -0.670410156, 0.0209960938, -0.606429613, -0.683563371, -0.406059453, 0, 1, 5, 1, 
373.357552, 47, 0.1, 0.1, 0.0229752027, 0.371208595, -0.019967406, 0.976941856, -0.213505527, -2.17968632e-005, 0.213505527, 0.976941856, 7.27179156e-006, 1.97417003e-005, -1.17578683e-005, 1, 0.976941853, -0.213505538, -1.90372624e-005, 0.213505538, 0.976941854, -9.87865047e-006, 2.0707445e-005, 5.58630614e-006, 1, 0, -0, 0, 0, 0, 0, 0, 0.30612959, -0.0832828369, -0.184427148, 0.104522319, 0.558016536, -0.823153756, -0.979858398, -0.0832519531, -0.181030273, -0.169561524, 0.825581217, 0.53822813, 0, 0, -0, 0, 0, 0, 0, 0.3226875, -0.0303583984, -0.136182129, 0.286516339, 0.288363546, -0.913487142, 0.741699219, -0.670410156, 0.0209960938, -0.606429613, -0.683563371, -0.406059453, 0, 1, 5, 1, 
373.358341, 47, 0.1, 0.1, 0.0229751995, 0.371208595, -0.0199660754, 0.976941929, -0.213505192, 1.18491703e-005, 0.213505192, 0.976941929, -4.29603354e-006, -1.06587258e-005, 6.72683468e-006, 1, 0.976941909, -0.213505282, 2.71902346e-005, 0.213505282, 0.976941909, -7.37707318e-006, -2.49882356e-005, 1.30122307e-005, 1, 0, -0, 0, 0, 0, 0, 0, 0.30612959, -0.0832828369, -0.184427148, 0.104522319, 0.558016536, -0.823153756, -0.979858398, -0.0832519531, -0.181030273, -0.169561524, 0.825581217, 0.53822813, 0, 0, -0, 0, 0, 0, 0, 0.3226875, -0.0303583984, -0.136182129, 0.286516339, 0.288363546, -0.913487142, 0.741699219, -0.670410156, 0.0209960938, -0.606429613, -0.683563371, -0.406059453, 0, 1, 5, 1, 
373.359134, 47, 0.1, 0.1, 0.022975203, 0.371208595, -0.0199646526, 0.976942011, -0.213504817, 1.38962083e-005, 0.213504817, 0.976942011, -1.08074794e-005, -1.12683407e-005, 1.35251881e-005, 1, 0.976942003, -0.213504853, -1.21387166e-005, 0.213504853, 0.976942003, -1.10611063e-005, 1.4220422e-005, 8.2143844e-006, 1, 0, -0, 0, 0, 0, 0, 0, 0.30612959, -0.0832828369, -0.184427148, 0.104522319, 0.558016536, -0.823153756, -0.979858398, -0.0832519531, -0.181030273, -0.169561524, 0.825581217, 0.53822813, 0, 0, -0, 0, 0, 0, 0, 0.3226875, -0.0303583984, -0.136182129, 0.286516339, 0.288363546, -0.913487142, 0.741699219, -0.670410156, 0.0209960938, -0.606429613, -0.683563371, -0.406059453, 0, 1, 5, 1, 
373.359951, 47, 0.1, 0.1, 0.0229752029, 0.371208593, -0.0199632061, 0.976941975, -0.213504982, -2.89246113e-005, 0.213504981, 0.976941975, -1.19352867e-005, 3.08059101e-005, 5.48453398e-006, 1, 0.976941993, -0.213504898, -2.14588086e-005, 0.213504898, 0.976941993, 9.78919244e-006, 1.88739707e-005, -1.41450339e-005, 1, 0, -0, 0, 0, 0, 0, 0, 0.30734707, -0.0831088867, -0.183664771, 0.0984310509, 0.561638428, -0.82146469, -0.978515625, -0.0952148438, -0.182495117, -0.180708771, 0.821917768, 0.540308855, 0, 0, -0, 0, 0, 0, 0, 0.323250928, -0.0314316406, -0.135506299, 0.286376714, 0.29042664, -0.912982579, 0.746582031, -0.664794922, 0.0227050781, -0.600429895, -0.688010754, -0.407356591, 0, 1, 5, 1, 
373.360744, 47, 0.1, 0.1, 0.0229752019, 0.371208592, -0.0199626488, 0.97694187, -0.21350546, 2.36205398e-005, 0.213505459, 0.976941871, 1.7941079e-005, -2.69064127e-005, -1.24842771e-005, 1, 0.976941889, -0.213505375, 2.28734765e-005, 0.213505374, 0.976941889, 2.53500851e-005, -2.77584367e-005, -1.98819499e-005, 0.999999999, 0, -0, 0, 0, 0, 0, 0, 0.30734707, -0.0831088867, -0.183664771, 0.0984310509, 0.561638428, -0.82146469, -0.978515625, -0.0952148438, -0.182495117, -0.180708771, 0.821917768, 0.540308855, 0, 0, -0, 0, 0, 0, 0, 0.323250928, -0.0314316406, -0.135506299, 0.286376714, 0.29042664, -0.912982579, 0.746582031, -0.664794922, 0.0227050781, -0.600429895, -0.688010754, -0.407356591, 0, 1, 5, 1, 
373.361529, 47, 0.1, 0.1, 0.0229752047, 0.371208593, -0.0199630835, 0.976941847, -0.213505566, -1.41527538e-005, 0.213505567, 0.976941847, 1.54890269e-005, 1.0519424e-005, -1.81535703e-005, 1, 0.976941842, -0.213505591, -2.73720579e-005, 0.213505591, 0.976941842, 6.7289869e-006, 2.53042323e-005, -1.24179162e-005, 1, 0, -0, 0, 0, 0, 0, 0, 0.30734707, -0.0831088867, -0.183664771, 0.0984310509, 0.561638428, -0.82146469, -0.978515625, -0.0952148438, -0.182495117, -0.180708771, 0.821917768, 0.540308855, 0, 0, -0, 0, 0, 0, 0, 0.323250928, -0.0314316406, -0.135506299, 0.286376714, 0.29042664, -0.912982579, 0.746582031, -0.664794922, 0.0227050781, -0.600429895, -0.688010754, -0.407356591, 0, 1, 5, 1, 
373.362347, 47, 0.1, 0.1, 0.0229752003, 0.371208593, -0.019964002, 0.976941942, -0.213505132, -1.18142894e-005, 0.213505132, 0.976941942, 3.91409378e-006, 1.07061957e-005, -6.34625379e-006, 1, 0.976941919, -0.213505237, 1.86794147e-005, 0.213505237, 0.976941919, -8.51356896e-006, -1.64310116e-005, 1.23054153e-005, 1, 0, -0, 0, 0, 0, 0, 0, 0.308372192, -0.0841394043, -0.182736646, 0.0927789907, 0.563464914, -0.820829652, -0.977416992, -0.104980469, -0.182617187, -0.189082968, 0.819403826, 0.541197011, 0, 0, -0, 0, 0, 0, 0, 0.323805078, -0.0313327637, -0.134818994, 0.285572845, 0.293722706, -0.912196934, 0.752929687, -0.657592773, 0.0240478516, -0.592781595, -0.693678716, -0.408992414, 0, 1, 5, 1, 
373.363136, 47, 0.1, 0.1, 0.022975201, 0.371208595, -0.019965269, 0.97694201, -0.21350482, 2.65258096e-005, 0.21350482, 0.97694201, -5.90727208e-006, -2.46529467e-005, 1.14344505e-005, 1, 0.976942006, -0.213504839, 1.71342845e-005, 0.213504839, 0.976942006, -1.54092959e-005, -1.3449243e-005, 1.87122411e-005, 1, 0, -0, 0, 0, 0, 0, 0, 0.308372192, -0.0841394043, -0.182736646, 0.0927789907, 0.563464914, -0.820829652, -0.977416992, -0.104980469, -0.182617187, -0.189082968, 0.819403826, 0.541197011, 0, 0, -0, 0, 0, 0, 0, 0.323805078, -0.0313327637, -0.134818994, 0.285572845, 0.293722706, -0.912196934, 0.752929687, -0.657592773, 0.0240478516, -0.592781595, -0.693678716, -0.408992414, 0, 1, 5, 1, 
373.363926, 47, 0.1, 0.1, 0.0229752027, 0.371208596, -0.0199665457, 0.976941963, -0.213505035, -2.30898318e-005, 0.213505035, 0.976941963, -2.06703278e-005, 2.69706447e-005, 1.52639153e-005, 1, 0.97694198, -0.213504958, -2.51130038e-005, 0.213504958, 0.97694198, -1.57347579e-005, 2.78933965e-005, 1.00101947e-005, 1, 0, -0, 0, 0, 0, 0, 0, 0.308372192, -0.0841394043, -0.182736646, 0.0927789907, 0.563464914, -0.820829652, -0.977416992, -0.104980469, -0.182617187, -0.189082968, 0.819403826, 0.541197011, 0, 0, -0, 0, 0, 0, 0, 0.323805078, -0.0313327637, -0.134818994, 0.285572845, 0.293722706, -0.912196934, 0.752929687, -0.657592773, 0.0240478516, -0.592781595, -0.693678716, -0.408992414, 0, 1, 5, 1, 
373.364722, 47, 0.1, 0.1, 0.0229752006, 0.371208595, -0.0199673921, 0.976941878, -0.213505426, 1.00417378e-005, 0.213505426, 0.976941878, -6.76975825e-006, -8.3648141e-006, 8.75762585e-006, 1, 0.976941893, -0.213505358, 1.91497791e-005, 0.213505358, 0.976941893, 1.31968096e-005, -2.1525811e-005, -8.8039357e-006, 1, 0, -0, 0, 0, 0, 0, 0, 0.308372192, -0.0841394043, -0.182736646, 0.0927789907, 0.563464914, -0.820829652, -0.977416992, -0.104980469, -0.182617187, -0.189082968, 0.819403826, 0.541197011, 0, 0, -0, 0, 0, 0, 0, 0.323805078, -0.0313327637, -0.134818994, 0.285572845, 0.293722706, -0.912196934, 0.752929687, -0.657592773, 0.0240478516, -0.592781595, -0.693678716, -0.408992414, 0, 1, 5, 1, 
373.365511, 47, 0.1, 0.1, 0.0229752035, 0.371208595, -0.0199674773, 0.976941884, -0.213505399, 1.10353399e-005, 0.213505399, 0.976941884, 1.32059323e-005, -1.36004236e-005, -1.05453237e-005, 1, 0.976941874, -0.213505442, -1.36870117e-005, 0.213505442, 0.976941874, 1.43281719e-005, 1.03122721e-005, -1.69200426e-005, 1, 0, -0, 0, 0, 0, 0, 0, 0.308372192, -0.0841394043, -0.182736646, 0.0927789907, 0.563464914, -0.820829652, -0.977416992, -0.104980469, -0.182617187, -0.189082968, 0.819403826, 0.541197011, 0, 0, -0, 0, 0, 0, 0, 0.323805078, -0.0313327637, -0.134818994, 0.285572845, 0.293722706, -0.912196934, 0.752929687, -0.657592773, 0.0240478516, -0.592781595, -0.693678716, -0.408992414, 0, 1, 5, 1, 
373.366447, 47, 0.1, 0.1, 0.0229752021, 0.371208596, -0.0199651178, 0.976942005, -0.213504841, -3.514042e-005, 0.213504842, 0.976942006, 1.06916636e-005, 3.20474305e-005, -1.79477851e-005, 0.999999999, 0.976941984, -0.213504939, -2.20588868e-005, 0.213504939, 0.976941984, 7.39046475e-006, 1.9972352e-005, -1.19297366e-005, 1, 0, -0, 0, 0, 0, 0, 0, 0.308372192, -0.0841394043, -0.182736646, 0.0927789907, 0.563464914, -0.820829652, -0.977416992, -0.104980469, -0.182617187, -0.189082968, 0.819403826, 0.541197011, 0, 0, -0, 0, 0, 0, 0, 0.323805078, -0.0313327637, -0.134818994, 0.285572845, 0.293722706, -0.912196934, 0.752929687, -0.657592773, 0.0240478516, -0.592781595, -0.693678716, -0.408992414, 0, 1, 5, 1, 
