time, trialNum, realDorsalTactorPos, realVentralTactorPos, box1PosX, box1PosY, box1PosZ, box1LocalRot_11, box1LocalRot_12, box1LocalRot_13, box1LocalRot_21, box1LocalRot_22, box1LocalRot_23, box1LocalRot_31, box1LocalRot_32, box1LocalRot_33, box1GlobalRot_11, box1GlobalRot_12, box1GlobalRot_13, box1GlobalRot_21, box1GlobalRot_22, box1GlobalRot_23, box1GlobalRot_31, box1GlobalRot_32, box1GlobalRot_33, indexForceX, indexForceY, indexForceZ, indexForceGlobalX, indexForceGlobalY, indexForceGlobalZ, indexContact, indexPosX, indexPosY, indexPosZ, indexRot_11, indexRot_12, indexRot_13, indexRot_21, indexRot_22, indexRot_23, indexRot_31, indexRot_32, indexRot_33, thumbForceX, thumbForceY, thumbForceZ, thumbForceGlobalX, thumbForceGlobalY, thumbForceGlobalZ, thumbContact, thumbPosX, thumbPosY, thumbPosZ, thumbRot_11, thumbRot_12, thumbRot_13, thumbRot_21, thumbRot_22, thumbRot_23, thumbRot_31, thumbRot_32, thumbRot_33, manipForceTooHigh, cceExpType, mapping, trialSuccess, 
166.63547, 17, 0.1, 0.1, 0.00817490914, 0.349059422, -0.019928636, 0.878821178, -0.47715127, 5.14751133e-005, 0.477151271, 0.878821179, -1.31884223e-005, -3.89445473e-005, 3.61516805e-005, 0.999999999, 0.87882047, -0.477152577, 4.0553658e-006, 0.477152576, 0.87882047, 3.27887433e-005, -1.92091719e-005, -2.68803906e-005, 0.999999999, 0, 0, 0, 0, 0, 0, 0, 0.235159229, -0.104708545, -0.223667822, 0.092120167, 0.20888879, -0.97354455, -0.988525391, 0.135864258, -0.0643310547, 0.118888888, 0.968504301, 0.219203666, 0, 0, 0, 0, 0, 0, 0, 0.266531934, -0.0408336426, -0.204976758, 0.048460057, -0.0675610494, -0.996517821, 0.601318359, -0.794555664, 0.0831298828, -0.79739848, -0.603262294, 0.00204791415, 0, 1, 1, 1, 
166.675819, 17, 0.1, 0.1, 0.00817407869, 0.349058671, -0.0199666898, 0.878834648, -0.477126463, 1.26751255e-006, 0.477126463, 0.878834648, -9.95470723e-006, 3.6357203e-006, 9.3533054e-006, 1, 0.878834587, -0.477126576, 2.11747167e-006, 0.477126576, 0.878834586, -2.57091145e-005, 1.04055945e-005, 2.3604361e-005, 1, 0, 0, 0, 0, 0, 0, 0, 0.240256323, -0.109389111, -0.223095947, 0.0468725563, 0.244524329, -0.968485231, -0.989990234, 0.140380859, -0.0124511719, 0.132852962, 0.959399612, 0.248805965, 0, 0, -0, 0, 0, 0, 0, 0.273535596, -0.046244043, -0.202836768, 0.0668121211, -0.06094996, -0.9958113, 0.612548828, -0.78527832, 0.0891113281, -0.787491324, -0.615946396, -0.0151845496, 0, 1, 1, 1, 
166.676641, 17, 0.1, 0.1, 0.00817406467, 0.349058655, -0.0199635258, 0.878834913, -0.477125975, -2.06550123e-006, 0.477125975, 0.878834913, -2.13119274e-005, 1.19837087e-005, 1.77441616e-005, 1, 0.87883488, -0.477126036, -1.11571656e-005, 0.477126036, 0.87883488, 7.24889736e-006, 6.34666866e-006, -1.16939581e-005, 1, 0, 0, 0, 0, 0, 0, 0, 0.240640527, -0.10934917, -0.223251196, 0.0412249833, 0.249752912, -0.967416976, -0.989990234, 0.140014648, -0.00610351562, 0.133871041, 0.958077118, 0.253209671, 0, 0, -0, 0, 0, 0, 0, 0.273535596, -0.046244043, -0.202836768, 0.0674446488, -0.0612182828, -0.995773021, 0.612304687, -0.785400391, 0.0897216797, -0.787670328, -0.615729113, -0.0155487544, 0, 1, 1, 1, 
166.677434, 17, 0.1, 0.1, 0.00817404889, 0.349058643, -0.0199610151, 0.87883489, -0.477126017, -2.03611163e-005, 0.477126018, 0.878834889, 2.29946127e-005, 6.92273136e-006, -2.99232863e-005, 1, 0.878834922, -0.477125958, 4.72625569e-006, 0.477125958, 0.878834922, 2.14955538e-005, -1.44096852e-005, -1.66360241e-005, 1, 0, 0, 0, 0, 0, 0, 0, 0.240640527, -0.10934917, -0.223251196, 0.0412249833, 0.249752912, -0.967416976, -0.989990234, 0.140014648, -0.00610351562, 0.133871041, 0.958077118, 0.253209671, 0, 0, -0, 0, 0, 0, 0, 0.273796924, -0.0467037109, -0.202841895, 0.0674446488, -0.0612182828, -0.995773021, 0.612304687, -0.785400391, 0.0897216797, -0.787670328, -0.615729113, -0.0155487544, 0, 1, 1, 1, 
166.678226, 17, 0.1, 0.1, 0.00817403365, 0.349058632, -0.0199601581, 0.878834696, -0.477126373, 2.52426827e-005, 0.477126373, 0.878834696, -2.00299268e-005, -1.26273391e-005, 2.96469443e-005, 0.999999999, 0.87883473, -0.477126311, 3.26790524e-005, 0.477126312, 0.87883473, -1.75343926e-005, -2.03533662e-005, 3.10018689e-005, 0.999999999, 0, 0, 0, 0, 0, 0, 0, 0.240640527, -0.10934917, -0.223251196, 0.0412249833, 0.249752912, -0.967416976, -0.989990234, 0.140014648, -0.00610351562, 0.133871041, 0.958077118, 0.253209671, 0, 0, -0, 0, 0, 0, 0, 0.273796924, -0.0467037109, -0.202841895, 0.0674446488, -0.0612182828, -0.995773021, 0.612304687, -0.785400391, 0.0897216797, -0.787670328, -0.615729113, -0.0155487544, 0, 1, 1, 1, 
166.679022, 17, 0.1, 0.1, 0.00817402197, 0.349058617, -0.0199610734, 0.878834691, -0.477126383, 1.03438806e-005, 0.477126383, 0.878834691, 2.06463434e-005, -1.89414763e-005, -1.32093845e-005, 1, 0.878834668, -0.477126425, -2.43447013e-006, 0.477126425, 0.878834668, 3.11822629e-005, -1.27383849e-005, -2.85656037e-005, 1, 0, 0, 0, 0, 0, 0, 0, 0.240640527, -0.10934917, -0.223251196, 0.0412249833, 0.249752912, -0.967416976, -0.989990234, 0.140014648, -0.00610351562, 0.133871041, 0.958077118, 0.253209671, 0, 0, -0, 0, 0, 0, 0, 0.273796924, -0.0467037109, -0.202841895, 0.0674446488, -0.0612182828, -0.995773021, 0.612304687, -0.785400391, 0.0897216797, -0.787670328, -0.615729113, -0.0155487544, 0, 1, 1, 1, 
166.679821, 17, 0.1, 0.1, 0.00817400803, 0.349058609, -0.0199633267, 0.878834945, -0.477125915, 6.87417951e-008, 0.477125915, 0.878834945, 1.79986354e-005, -8.64802809e-006, -1.57850313e-005, 1, 0.878834886, -0.477126025, -3.5290778e-006, 0.477126025, 0.878834886, -1.50057435e-005, 1.02611074e-005, 1.1503756e-005, 1, 0, 0, 0, 0, 0, 0, 0, 0.240640527, -0.10934917, -0.223251196, 0.0412249833, 0.249752912, -0.967416976, -0.989990234, 0.140014648, -0.00610351562, 0.133871041, 0.958077118, 0.253209671, 0, 0, -0, 0, 0, 0, 0, 0.273796924, -0.0467037109, -0.202841895, 0.0674446488, -0.0612182828, -0.995773021, 0.612304687, -0.785400391, 0.0897216797, -0.787670328, -0.615729113, -0.0155487544, 0, 1, 1, 1, 
166.680616, 17, 0.1, 0.1, 0.0081739965, 0.349058596, -0.0199659901, 0.878835138, -0.47712556, 1.90290497e-006, 0.47712556, 0.878835138, -2.37490637e-005, 9.65894555e-006, 2.17794363e-005, 1, 0.878835122, -0.47712559, -9.86308201e-006, 0.47712559, 0.878835122, -1.6157335e-005, 1.63771009e-005, 9.49370463e-006, 1, 0, 0, 0, 0, 0, 0, 0, 0.240640527, -0.10934917, -0.223251196, 0.0412249833, 0.249752912, -0.967416976, -0.989990234, 0.140014648, -0.00610351562, 0.133871041, 0.958077118, 0.253209671, 0, 0, -0, 0, 0, 0, 0, 0.273796924, -0.0467037109, -0.202841895, 0.0674446488, -0.0612182828, -0.995773021, 0.612304687, -0.785400391, 0.0897216797, -0.787670328, -0.615729113, -0.0155487544, 0, 1, 1, 1, 
166.681439, 17, 0.1, 0.1, 0.00817398397, 0.349058583, -0.0199681653, 0.878835066, -0.477125692, -2.60649374e-005, 0.477125692, 0.878835066, 1.32032883e-005, 1.66071529e-005, -2.4039764e-005, 1, 0.8788351, -0.47712563, -2.17828279e-005, 0.47712563, 0.8788351, 1.75598694e-005, 1.076525e-005, -2.5825375e-005, 1, 0, 0, 0, 0, 0, 0, 0, 0.241130444, -0.109757056, -0.223397656, 0.0376210652, 0.254962399, -0.966189962, -0.989990234, 0.14050293, -0.00146484374, 0.13530699, 0.956634057, 0.257835417, 0, 0, -0, 0, 0, 0, 0, 0.273796924, -0.0467037109, -0.202841895, 0.0683199796, -0.0609882395, -0.995805104, 0.612060547, -0.785522461, 0.0902099609, -0.787823813, -0.615582192, -0.0164113255, 0, 1, 1, 1, 
166.682234, 17, 0.1, 0.1, 0.00817396974, 0.349058574, -0.0199688891, 0.878834906, -0.477125988, -2.72427554e-006, 0.477125988, 0.878834906, -1.49932214e-005, 9.54784403e-006, 1.18767437e-005, 1, 0.878834932, -0.47712594, 1.69517566e-005, 0.47712594, 0.878834932, -1.78898542e-005, -6.36208239e-006, 2.38103516e-005, 1, 0, 0, 0, 0, 0, 0, 0, 0.241130444, -0.109757056, -0.223397656, 0.0376210652, 0.254962399, -0.966189962, -0.989990234, 0.14050293, -0.00146484374, 0.13530699, 0.956634057, 0.257835417, 0, 0, -0, 0, 0, 0, 0, 0.274298096, -0.0471318848, -0.2030854, 0.0683199796, -0.0609882395, -0.995805104, 0.612060547, -0.785522461, 0.0902099609, -0.787823813, -0.615582192, -0.0164113255, 0, 1, 1, 1, 
166.68303, 17, 0.1, 0.1, 0.00817395741, 0.349058561, -0.0199683618, 0.878834942, -0.477125921, 1.67803282e-005, 0.477125921, 0.878834942, -8.04825238e-006, -1.0907109e-005, 1.5079415e-005, 1, 0.878834917, -0.477125966, 1.13263667e-005, 0.477125966, 0.878834917, 1.46051861e-005, -1.69225201e-005, -7.43144389e-006, 1, 0, 0, 0, 0, 0, 0, 0, 0.241130444, -0.109757056, -0.223397656, 0.0376210652, 0.254962399, -0.966189962, -0.989990234, 0.14050293, -0.00146484374, 0.13530699, 0.956634057, 0.257835417, 0, 0, -0, 0, 0, 0, 0, 0.274298096, -0.0471318848, -0.2030854, 0.0683199796, -0.0609882395, -0.995805104, 0.612060547, -0.785522461, 0.0902099609, -0.787823813, -0.615582192, -0.0164113255, 0, 1, 1, 1, 
166.683818, 17, 0.1, 0.1, 0.00817394428, 0.34905855, -0.0199669341, 0.878835158, -0.477125524, 3.85851181e-006, 0.477125524, 0.878835157, 3.15107702e-005, -1.84255886e-005, -2.58517783e-005, 0.999999999, 0.878835116, -0.477125601, 4.60450585e-006, 0.477125601, 0.878835115, 1.87814596e-005, -1.30077166e-005, -1.43088786e-005, 1, 0, 0, 0, 0, 0, 0, 0, 0.241130444, -0.109757056, -0.223397656, 0.0376210652, 0.254962399, -0.966189962, -0.989990234, 0.14050293, -0.00146484374, 0.13530699, 0.956634057, 0.257835417, 0, 0, -0, 0, 0, 0, 0, 0.274298096, -0.0471318848, -0.2030854, 0.0683199796, -0.0609882395, -0.995805104, 0.612060547, -0.785522461, 0.0902099609, -0.787823813, -0.615582192, -0.0164113255, 0, 1, 1, 1, 
166.684617, 17, 0.1, 0.1, 0.00817393125, 0.349058541, -0.0199650245, 0.878835261, -0.477125334, 2.37606741e-005, 0.477125334, 0.878835261, -1.40395018e-005, -1.41831163e-005, 2.36752288e-005, 1, 0.878835262, -0.477125332, 8.19684336e-006, 0.477125333, 0.878835261, -2.4691198e-005, 4.57712107e-006, 2.56104171e-005, 1, 0, 0, 0, 0, 0, 0, 0, 0.241130444, -0.109757056, -0.223397656, 0.0376210652, 0.254962399, -0.966189962, -0.989990234, 0.14050293, -0.00146484374, 0.13530699, 0.956634057, 0.257835417, 0, 0, -0, 0, 0, 0, 0, 0.274574316, -0.0475483398, -0.203097363, 0.0692080703, -0.0606623141, -0.995715785, 0.611572266, -0.785888672, 0.0904541016, -0.788098699, -0.615179707, -0.0172611366, 0, 1, 1, 1, 
166.6854, 17, 0.1, 0.1, 0.00817392067, 0.349058527, -0.0199634883, 0.878835107, -0.477125616, -1.18320304e-005, 0.477125616, 0.878835107, 8.09319288e-006, 6.53693408e-006, -1.27579468e-005, 1, 0.878835151, -0.477125536, -2.46078986e-005, 0.477125537, 0.878835151, 1.78423287e-005, 1.31132557e-005, -2.74215225e-005, 1, 0, 0, 0, 0, 0, 0, 0, 0.241130444, -0.109757056, -0.223397656, 0.0376210652, 0.254962399, -0.966189962, -0.989990234, 0.14050293, -0.00146484374, 0.13530699, 0.956634057, 0.257835417, 0, 0, -0, 0, 0, 0, 0, 0.274574316, -0.0475483398, -0.203097363, 0.0692080703, -0.0606623141, -0.995715785, 0.611572266, -0.785888672, 0.0904541016, -0.788098699, -0.615179707, -0.0172611366, 0, 1, 1, 1, 
166.686199, 17, 0.1, 0.1, 0.00817390651, 0.349058518, -0.0199627756, 0.878834931, -0.477125941, -2.08824912e-005, 0.477125941, 0.878834931, 8.24452795e-006, 1.44185846e-005, -1.72091574e-005, 1, 0.878834947, -0.477125913, -1.28337933e-006, 0.477125913, 0.878834946, -1.4621734e-005, 8.10428679e-006, 1.22377573e-005, 1, 0, 0, 0, 0, 0, 0, 0, 0.241130444, -0.109757056, -0.223397656, 0.0333259431, 0.260876194, -0.964727805, -0.989746094, 0.141723633, 0.00402832032, 0.137841149, 0.954955852, 0.263165471, 0, 0, -0, 0, 0, 0, 0, 0.274574316, -0.0475483398, -0.203097363, 0.0692080703, -0.0606623141, -0.995715785, 0.611572266, -0.785888672, 0.0904541016, -0.788098699, -0.615179707, -0.0172611366, 0, 1, 1, 1, 
166.686986, 17, 0.1, 0.1, 0.00817389447, 0.349058506, -0.0199629204, 0.878835022, -0.477125775, 4.32536176e-006, 0.477125775, 0.878835021, -2.84954544e-005, 9.79463638e-006, 2.71065449e-005, 1, 0.878834978, -0.477125855, 1.59478167e-005, 0.477125855, 0.878834978, -7.67679276e-006, -1.03527028e-005, 1.43557497e-005, 1, 0, 0, 0, 0, 0, 0, 0, 0.241141895, -0.109906421, -0.223529956, 0.0333259431, 0.260876194, -0.964727805, -0.989746094, 0.141723633, 0.00402832032, 0.137841149, 0.954955852, 0.263165471, 0, 0, -0, 0, 0, 0, 0, 0.274574316, -0.0475483398, -0.203097363, 0.0692080703, -0.0606623141, -0.995715785, 0.611572266, -0.785888672, 0.0904541016, -0.788098699, -0.615179707, -0.0172611366, 0, 1, 1, 1, 
166.687768, 17, 0.1, 0.1, 0.00817388348, 0.349058495, -0.0199639952, 0.878835261, -0.477125334, -6.46820078e-006, 0.477125334, 0.87883526, 2.65359611e-005, -6.9764964e-006, -2.64068808e-005, 1, 0.878835218, -0.477125413, -8.38854629e-007, 0.477125413, 0.878835217, 3.06364883e-005, -1.38802322e-005, -2.73246638e-005, 1, 0, 0, 0, 0, 0, 0, 0, 0.241141895, -0.109906421, -0.223529956, 0.0333259431, 0.260876194, -0.964727805, -0.989746094, 0.141723633, 0.00402832032, 0.137841149, 0.954955852, 0.263165471, 0, 0, -0, 0, 0, 0, 0, 0.274574316, -0.0475483398, -0.203097363, 0.0692080703, -0.0606623141, -0.995715785, 0.611572266, -0.785888672, 0.0904541016, -0.788098699, -0.615179707, -0.0172611366, 0, 1, 1, 1, 
166.688552, 17, 0.1, 0.1, 0.00817387147, 0.349058488, -0.0199655756, 0.878835325, -0.477125215, 1.75367084e-005, 0.477125215, 0.878835325, -3.92531999e-006, -1.35390097e-005, 1.18169156e-005, 1, 0.878835334, -0.477125199, 1.85834724e-005, 0.477125199, 0.878835334, -1.82435272e-005, -7.62736566e-006, 2.48996993e-005, 1, 0, 0, 0, 0, 0, 0, 0, 0.241141895, -0.109906421, -0.223529956, 0.0333259431, 0.260876194, -0.964727805, -0.989746094, 0.141723633, 0.00402832032, 0.137841149, 0.954955852, 0.263165471, 0, 0, -0, 0, 0, 0, 0, 0.274574316, -0.0475483398, -0.203097363, 0.0692080703, -0.0606623141, -0.995715785, 0.611572266, -0.785888672, 0.0904541016, -0.788098699, -0.615179707, -0.0172611366, 0, 1, 1, 1, 
166.689366, 17, 0.1, 0.1, 0.00817386249, 0.349058476, -0.0199667637, 0.878835145, -0.477125548, 1.12433064e-005, 0.477125548, 0.878835145, -8.88001996e-006, -5.64412843e-006, 1.31685424e-005, 1, 0.878835188, -0.477125467, -1.64489815e-005, 0.477125467, 0.878835188, 4.33609249e-006, 1.23870836e-005, -1.16589387e-005, 1, 0, 0, 0, 0, 0, 0, 0, 0.241410522, -0.110087646, -0.223676416, 0.0297160336, 0.266168056, -0.963500791, -0.989624023, 0.142822266, 0.00891113282, 0.140019598, 0.95325256, 0.267791216, 0, 0, -0, 0, 0, 0, 0, 0.275105273, -0.0479862793, -0.202889502, 0.0705945271, -0.0607261133, -0.995600946, 0.610839844, -0.786376953, 0.0913085938, -0.788443947, -0.614572699, -0.018353751, 0, 1, 1, 1, 
166.690148, 17, 0.1, 0.1, 0.0081738512, 0.349058467, -0.0199674686, 0.878835015, -0.477125787, -1.67707556e-005, 0.477125788, 0.878835014, 1.541875e-005, 7.382044e-006, -2.15522973e-005, 1, 0.878835021, -0.477125775, -1.78893872e-005, 0.477125775, 0.878835021, 2.29330534e-006, 1.46276248e-005, -1.05509248e-005, 1, 0, 0, 0, 0, 0, 0, 0, 0.241410522, -0.110087646, -0.223676416, 0.0297160336, 0.266168056, -0.963500791, -0.989624023, 0.142822266, 0.00891113282, 0.140019598, 0.95325256, 0.267791216, 0, 0, -0, 0, 0, 0, 0, 0.275105273, -0.0479862793, -0.202889502, 0.0705945271, -0.0607261133, -0.995600946, 0.610839844, -0.786376953, 0.0913085938, -0.788443947, -0.614572699, -0.018353751, 0, 1, 1, 1, 
166.690937, 17, 0.1, 0.1, 0.00817383835, 0.349058459, -0.0199675504, 0.878835123, -0.477125587, 2.3870543e-006, 0.477125587, 0.878835123, -2.68420984e-005, 1.07092248e-005, 2.47287035e-005, 1, 0.878835086, -0.477125657, 7.49034053e-006, 0.477125657, 0.878835085, -2.59273848e-005, 5.78784643e-006, 2.63597291e-005, 1, 0, 0, 0, 0, 0, 0, 0, 0.241410522, -0.110087646, -0.223676416, 0.0297160336, 0.266168056, -0.963500791, -0.989624023, 0.142822266, 0.00891113282, 0.140019598, 0.95325256, 0.267791216, 0, 0, -0, 0, 0, 0, 0, 0.275105273, -0.0479862793, -0.202889502, 0.0705945271, -0.0607261133, -0.995600946, 0.610839844, -0.786376953, 0.0913085938, -0.788443947, -0.614572699, -0.018353751, 0, 1, 1, 1, 
166.691722, 17, 0.1, 0.1, 0.00817382738, 0.349058446, -0.0199670152, 0.878835311, -0.477125242, -1.01864875e-005, 0.477125242, 0.878835311, 8.30141874e-006, 4.99142845e-006, -1.21558102e-005, 1, 0.87883528, -0.477125299, -9.70230969e-007, 0.477125299, 0.87883528, 2.75011981e-005, -1.22688442e-005, -2.46319449e-005, 1, 0, 0, 0, 0, 0, 0, 0, 0.241410522, -0.110087646, -0.223676416, 0.0297160336, 0.266168056, -0.963500791, -0.989624023, 0.142822266, 0.00891113282, 0.140019598, 0.95325256, 0.267791216, 0, 0, -0, 0, 0, 0, 0, 0.275105273, -0.0479862793, -0.202889502, 0.0705945271, -0.0607261133, -0.995600946, 0.610839844, -0.786376953, 0.0913085938, -0.788443947, -0.614572699, -0.018353751, 0, 1, 1, 1, 
166.692507, 17, 0.1, 0.1, 0.00817381438, 0.349058437, -0.0199660874, 0.878835291, -0.477125278, 1.99984344e-006, 0.477125278, 0.878835291, 2.14060832e-005, -1.19709164e-005, -1.78582455e-005, 1, 0.878835313, -0.477125237, 2.01649046e-005, 0.477125237, 0.878835313, 3.09966611e-006, -1.92005592e-005, 6.89708887e-006, 1, 0, 0, 0, 0, 0, 0, 0, 0.241410522, -0.110087646, -0.223676416, 0.0297160336, 0.266168056, -0.963500791, -0.989624023, 0.142822266, 0.00891113282, 0.140019598, 0.95325256, 0.267791216, 0, 0, -0, 0, 0, 0, 0, 0.275105273, -0.0479862793, -0.202889502, 0.0705945271, -0.0607261133, -0.995600946, 0.610839844, -0.786376953, 0.0913085938, -0.788443947, -0.614572699, -0.018353751, 0, 1, 1, 1, 
166.693295, 17, 0.1, 0.1, 0.00817380448, 0.349058426, -0.0199650911, 0.878835076, -0.477125674, 2.54267465e-005, 0.477125674, 0.878835076, -1.33175639e-005, -1.5991765e-005, 2.38356958e-005, 1, 0.878835119, -0.477125595, 1.49358933e-005, 0.477125596, 0.878835119, -4.93430743e-006, -1.07719032e-005, 1.14627396e-005, 1, 0, 0, 0, 0, 0, 0, 0, 0.241410522, -0.110087646, -0.223676416, 0.0297160336, 0.266168056, -0.963500791, -0.989624023, 0.142822266, 0.00891113282, 0.140019598, 0.95325256, 0.267791216, 0, 0, -0, 0, 0, 0, 0, 0.275105273, -0.0479862793, -0.202889502, 0.0705945271, -0.0607261133, -0.995600946, 0.610839844, -0.786376953, 0.0913085938, -0.788443947, -0.614572699, -0.018353751, 0, 1, 1, 1, 
166.694112, 17, 0.1, 0.1, 0.00817379524, 0.349058416, -0.0199639352, 0.878834979, -0.477125854, -4.70704199e-006, 0.477125854, 0.878834978, 2.8661432e-005, -9.53839708e-006, -2.74345204e-005, 1, 0.878834975, -0.47712586, -2.28418309e-005, 0.47712586, 0.878834975, 2.10673729e-005, 1.00224115e-005, -2.94131723e-005, 1, 0, 0, 0, 0, 0, 0, 0, 0.241668286, -0.110050391, -0.22359353, 0.0258840852, 0.271358447, -0.96215321, -0.989379883, 0.143920898, 0.0140380859, 0.142356806, 0.951688932, 0.272397866, 0, 0, -0, 0, 0, 0, 0, 0.27563623, -0.0484193359, -0.202685059, 0.071980984, -0.0606429911, -0.995460588, 0.610351562, -0.786621094, 0.0921630859, -0.788789196, -0.614195735, -0.0196891686, 0, 1, 1, 1, 
166.694905, 17, 0.1, 0.1, 0.00817378369, 0.349058409, -0.0199633904, 0.878835152, -0.477125534, -2.76905022e-006, 0.477125534, 0.878835152, -1.43641476e-005, 9.28704024e-006, 1.13025332e-005, 1, 0.878835106, -0.47712562, -2.08822125e-006, 0.47712562, 0.878835105, -3.03383968e-005, 1.63104285e-005, 2.56661043e-005, 1, 0, 0, 0, 0, 0, 0, 0, 0.241668286, -0.110050391, -0.22359353, 0.0258840852, 0.271358447, -0.96215321, -0.989379883, 0.143920898, 0.0140380859, 0.142356806, 0.951688932, 0.272397866, 0, 0, -0, 0, 0, 0, 0, 0.27563623, -0.0484193359, -0.202685059, 0.071980984, -0.0606429911, -0.995460588, 0.610351562, -0.786621094, 0.0921630859, -0.788789196, -0.614195735, -0.0196891686, 0, 1, 1, 1, 
166.695688, 17, 0.1, 0.1, 0.00817377427, 0.349058397, -0.0199636194, 0.878835344, -0.47712518, -5.60124641e-006, 0.47712518, 0.878835344, -1.87883932e-005, 1.38869888e-005, 1.38394083e-005, 1, 0.878835325, -0.477125216, -1.36557772e-005, 0.477125216, 0.878835325, 7.1931366e-006, 8.56915256e-006, -1.28370982e-005, 1, 0, 0, 0, 0, 0, 0, 0, 0.241668286, -0.110050391, -0.22359353, 0.0258840852, 0.271358447, -0.96215321, -0.989379883, 0.143920898, 0.0140380859, 0.142356806, 0.951688932, 0.272397866, 0, 0, -0, 0, 0, 0, 0, 0.27563623, -0.0484193359, -0.202685059, 0.071980984, -0.0606429911, -0.995460588, 0.610351562, -0.786621094, 0.0921630859, -0.788789196, -0.614195735, -0.0196891686, 0, 1, 1, 1, 
166.696475, 17, 0.1, 0.1, 0.00817376206, 0.349058389, -0.0199645127, 0.878835278, -0.477125303, -1.71451846e-005, 0.477125303, 0.878835278, 1.8622214e-005, 6.18266359e-006, -2.454626e-005, 1, 0.878835316, -0.477125233, 5.42298926e-006, 0.477125232, 0.878835316, 1.7263471e-005, -1.30027521e-005, -1.2584303e-005, 1, 0, 0, 0, 0, 0, 0, 0, 0.241668286, -0.110050391, -0.22359353, 0.0258840852, 0.271358447, -0.96215321, -0.989379883, 0.143920898, 0.0140380859, 0.142356806, 0.951688932, 0.272397866, 0, 0, -0, 0, 0, 0, 0, 0.27563623, -0.0484193359, -0.202685059, 0.071980984, -0.0606429911, -0.995460588, 0.610351562, -0.786621094, 0.0921630859, -0.788789196, -0.614195735, -0.0196891686, 0, 1, 1, 1, 
166.697259, 17, 0.1, 0.1, 0.00817375036, 0.349058381, -0.0199657422, 0.878835065, -0.477125693, 2.2219358e-005, 0.477125694, 0.878835065, -1.88550128e-005, -1.05309399e-005, 2.7171873e-005, 1, 0.878835103, -0.477125624, 2.83188317e-005, 0.477125624, 0.878835103, -1.6562638e-005, -1.69851244e-005, 2.80674679e-005, 0.999999999, 0, 0, 0, 0, 0, 0, 0, 0.241668286, -0.110050391, -0.22359353, 0.0258840852, 0.271358447, -0.96215321, -0.989379883, 0.143920898, 0.0140380859, 0.142356806, 0.951688932, 0.272397866, 0, 0, -0, 0, 0, 0, 0, 0.27563623, -0.0484193359, -0.202685059, 0.071980984, -0.0606429911, -0.995460588, 0.610351562, -0.786621094, 0.0921630859, -0.788789196, -0.614195735, -0.0196891686, 0, 1, 1, 1, 
166.698044, 17, 0.1, 0.1, 0.00817374145, 0.34905837, -0.0199668799, 0.878835017, -0.477125783, 1.01673418e-005, 0.477125782, 0.878835017, 1.63612085e-005, -1.67417704e-005, -9.52770204e-006, 1, 0.878835006, -0.477125803, -6.85473269e-007, 0.477125802, 0.878835006, 2.47404274e-005, -1.12018784e-005, -2.20698107e-005, 1, 0, 0, 0, 0, 0, 0, 0, 0.241668286, -0.110050391, -0.22359353, 0.0258840852, 0.271358447, -0.96215321, -0.989379883, 0.143920898, 0.0140380859, 0.142356806, 0.951688932, 0.272397866, 0, 0, -0, 0, 0, 0, 0, 0.27563623, -0.0484193359, -0.202685059, 0.071980984, -0.0606429911, -0.995460588, 0.610351562, -0.786621094, 0.0921630859, -0.788789196, -0.614195735, -0.0196891686, 0, 1, 1, 1, 
166.698865, 17, 0.1, 0.1, 0.00817373022, 0.349058364, -0.0199671778, 0.878835208, -0.477125432, 8.34735944e-007, 0.477125432, 0.878835207, 1.65546736e-005, -8.63225113e-006, -1.41505563e-005, 1, 0.878835162, -0.477125516, -2.46159345e-006, 0.477125516, 0.878835162, -1.37721106e-005, 8.73436025e-006, 1.0928926e-005, 1, 0, 0, 0, 0, 0, 0, 0, 0.241688525, -0.110214648, -0.22394834, 0.0217477226, 0.276992915, -0.960646869, -0.989135742, 0.145385742, 0.01953125, 0.145113004, 0.949807784, 0.277226554, 0, 0, -0, 0, 0, 0, 0, 0.276135693, -0.048835791, -0.202930273, 0.0728690747, -0.0603170658, -0.995479911, 0.609863281, -0.786987305, 0.0924072266, -0.789064082, -0.61379325, -0.0206731412, 0, 1, 1, 1, 
166.699653, 17, 0.1, 0.1, 0.00817372153, 0.349058354, -0.0199668293, 0.878835341, -0.477125186, 3.74699405e-006, 0.477125186, 0.878835341, -2.17653941e-005, 7.09182692e-006, 2.09159828e-005, 1, 0.878835334, -0.477125198, -7.60854322e-006, 0.477125198, 0.878835334, -1.54621875e-005, 1.40640559e-005, 9.95848899e-006, 1, 0, 0, 0, 0, 0, 0, 0, 0.241688525, -0.110214648, -0.22394834, 0.0217477226, 0.276992915, -0.960646869, -0.989135742, 0.145385742, 0.01953125, 0.145113004, 0.949807784, 0.277226554, 0, 0, -0, 0, 0, 0, 0, 0.276135693, -0.048835791, -0.202930273, 0.0728690747, -0.0603170658, -0.995479911, 0.609863281, -0.786987305, 0.0924072266, -0.789064082, -0.61379325, -0.0206731412, 0, 1, 1, 1, 
166.700433, 17, 0.1, 0.1, 0.00817371223, 0.349058343, -0.0199661656, 0.878835232, -0.477125386, -2.43532509e-005, 0.477125387, 0.878835232, 1.79584406e-005, 1.2834067e-005, -2.74020645e-005, 1, 0.87883527, -0.477125317, -2.04189872e-005, 0.477125317, 0.87883527, 2.20048472e-005, 7.44585643e-006, -2.90810515e-005, 1, 0, 0, 0, 0, 0, 0, 0, 0.241688525, -0.110214648, -0.22394834, 0.0217477226, 0.276992915, -0.960646869, -0.989135742, 0.145385742, 0.01953125, 0.145113004, 0.949807784, 0.277226554, 0, 0, -0, 0, 0, 0, 0, 0.276135693, -0.048835791, -0.202930273, 0.0728690747, -0.0603170658, -0.995479911, 0.609863281, -0.786987305, 0.0924072266, -0.789064082, -0.61379325, -0.0206731412, 0, 1, 1, 1, 
166.701249, 17, 0.1, 0.1, 0.00817369963, 0.349058337, -0.0199650628, 0.878835028, -0.477125763, 8.52128226e-008, 0.477125763, 0.878835028, -1.39484985e-005, 6.58029997e-006, 1.22990863e-005, 1, 0.87883506, -0.477125703, 2.26327536e-005, 0.477125704, 0.87883506, -1.72567788e-005, -1.16568046e-005, 2.59645307e-005, 1, 0, 0, 0, 0, 0, 0, 0, 0.242246191, -0.110484741, -0.223889014, 0.0194449587, 0.280514458, -0.959668104, -0.988891602, 0.146484375, 0.0227050781, 0.146960829, 0.948632067, 0.280284923, 0, 0, -0, 0, 0, 0, 0, 0.276644434, -0.0498256836, -0.203138623, 0.0744214092, -0.0625274476, -0.995224348, 0.607299805, -0.788696289, 0.0949707031, -0.790987551, -0.611447974, -0.0207690232, 0, 1, 1, 1, 
166.702033, 17, 0.1, 0.1, 0.00817369029, 0.349058326, -0.0199642333, 0.87883505, -0.477125722, 1.84095083e-005, 0.477125722, 0.87883505, -9.07739014e-006, -1.18478648e-005, 1.67611786e-005, 1, 0.878835026, -0.477125766, 1.26891131e-005, 0.477125766, 0.878835026, 1.73194328e-005, -1.94151847e-005, -9.16662132e-006, 1, 0, 0, 0, 0, 0, 0, 0, 0.242246191, -0.110484741, -0.223889014, 0.0194449587, 0.280514458, -0.959668104, -0.988891602, 0.146484375, 0.0227050781, 0.146960829, 0.948632067, 0.280284923, 0, 0, -0, 0, 0, 0, 0, 0.276644434, -0.0498256836, -0.203138623, 0.0744214092, -0.0625274476, -0.995224348, 0.607299805, -0.788696289, 0.0949707031, -0.790987551, -0.611447974, -0.0207690232, 0, 1, 1, 1, 
166.70282, 17, 0.1, 0.1, 0.00817368047, 0.349058319, -0.0199639476, 0.878835276, -0.477125306, 1.46960344e-006, 0.477125306, 0.878835275, 3.15432783e-005, -1.63416356e-005, -2.70201607e-005, 1, 0.878835231, -0.477125388, 2.74834729e-006, 0.477125388, 0.878835231, 1.77068118e-005, -1.08637139e-005, -1.42500638e-005, 1, 0, 0, 0, 0, 0, 0, 0, 0.242246191, -0.110484741, -0.223889014, 0.0194449587, 0.280514458, -0.959668104, -0.988891602, 0.146484375, 0.0227050781, 0.146960829, 0.948632067, 0.280284923, 0, 0, -0, 0, 0, 0, 0, 0.276644434, -0.0498256836, -0.203138623, 0.0744214092, -0.0625274476, -0.995224348, 0.607299805, -0.788696289, 0.0949707031, -0.790987551, -0.611447974, -0.0207690232, 0, 1, 1, 1, 
166.703608, 17, 0.1, 0.1, 0.00817367119, 0.349058312, -0.0199642542, 0.878835377, -0.477125119, 2.14616178e-005, 0.477125119, 0.878835377, -1.64302719e-005, -1.10219335e-005, 2.46793811e-005, 1, 0.878835379, -0.477125116, 5.02489844e-006, 0.477125116, 0.878835379, -2.67326227e-005, 8.33874717e-006, 2.58910798e-005, 1, 0, 0, 0, 0, 0, 0, 0, 0.242246191, -0.110484741, -0.223889014, 0.0194449587, 0.280514458, -0.959668104, -0.988891602, 0.146484375, 0.0227050781, 0.146960829, 0.948632067, 0.280284923, 0, 0, -0, 0, 0, 0, 0, 0.276644434, -0.0498256836, -0.203138623, 0.0744214092, -0.0625274476, -0.995224348, 0.607299805, -0.788696289, 0.0949707031, -0.790987551, -0.611447974, -0.0207690232, 0, 1, 1, 1, 
166.704395, 17, 0.1, 0.1, 0.00817366374, 0.349058301, -0.0199649726, 0.878835221, -0.477125407, -1.30312502e-005, 0.477125407, 0.878835221, 5.42285317e-006, 8.86494065e-006, -1.09833349e-005, 1, 0.878835265, -0.477125326, -2.52695091e-005, 0.477125327, 0.878835265, 1.47999391e-005, 1.514631e-005, -2.50634312e-005, 1, 0, 0, 0, 0, 0, 0, 0, 0.242246191, -0.110484741, -0.223889014, 0.0194449587, 0.280514458, -0.959668104, -0.988891602, 0.146484375, 0.0227050781, 0.146960829, 0.948632067, 0.280284923, 0, 0, -0, 0, 0, 0, 0, 0.276644434, -0.0498256836, -0.203138623, 0.0744214092, -0.0625274476, -0.995224348, 0.607299805, -0.788696289, 0.0949707031, -0.790987551, -0.611447974, -0.0207690232, 0, 1, 1, 1, 
166.70518, 17, 0.1, 0.1, 0.00817365266, 0.349058296, -0.0199658409, 0.878835042, -0.477125737, -1.72366957e-005, 0.477125737, 0.878835042, 2.03357081e-006, 1.41779432e-005, -1.00112444e-005, 1, 0.878835059, -0.477125705, -1.217717e-006, 0.477125705, 0.878835059, -1.67488899e-005, 9.06149829e-006, 1.41385076e-005, 1, 0, 0, 0, 0, 0, 0, 0, 0.242246191, -0.110484741, -0.223889014, 0.0194449587, 0.280514458, -0.959668104, -0.988891602, 0.146484375, 0.0227050781, 0.146960829, 0.948632067, 0.280284923, 0, 0, -0, 0, 0, 0, 0, 0.276644434, -0.0498256836, -0.203138623, 0.0744214092, -0.0625274476, -0.995224348, 0.607299805, -0.788696289, 0.0949707031, -0.790987551, -0.611447974, -0.0207690232, 0, 1, 1, 1, 
166.705997, 17, 0.1, 0.1, 0.00817364228, 0.349058287, -0.0199663223, 0.878835112, -0.477125609, 8.09769414e-006, 0.477125609, 0.878835111, -2.71467747e-005, 5.83588348e-006, 2.7721156e-005, 1, 0.878835075, -0.477125676, 1.870433e-005, 0.477125676, 0.878835075, -9.28428315e-006, -1.20082514e-005, 1.70836698e-005, 1, 0, 0, 0, 0, 0, 0, 0, 0.24266814, -0.110285278, -0.2235896, 0.0188934182, 0.284499174, -0.958416002, -0.988647461, 0.147338867, 0.0242919922, 0.148160512, 0.947259398, 0.284288736, 0, 0, -0, 0, 0, 0, 0, 0.277241797, -0.0498354492, -0.203164258, 0.0767790789, -0.0628212901, -0.995032951, 0.606689453, -0.78894043, 0.0966796875, -0.791230721, -0.610987887, -0.0225900472, 0, 1, 1, 1, 
166.706781, 17, 0.1, 0.1, 0.0081736332, 0.349058278, -0.0199664472, 0.878835319, -0.477125226, -2.71222596e-006, 0.477125226, 0.878835319, 2.71564365e-005, -1.05734209e-005, -2.51601069e-005, 1, 0.878835283, -0.477125294, 2.70540208e-006, 0.477125293, 0.878835282, 3.06092314e-005, -1.69820413e-005, -2.56096568e-005, 1, 0, 0, 0, 0, 0, 0, 0, 0.24266814, -0.110285278, -0.2235896, 0.0188934182, 0.284499174, -0.958416002, -0.988647461, 0.147338867, 0.0242919922, 0.148160512, 0.947259398, 0.284288736, 0, 0, -0, 0, 0, 0, 0, 0.277241797, -0.0498354492, -0.203164258, 0.0767790789, -0.0628212901, -0.995032951, 0.606689453, -0.78894043, 0.0966796875, -0.791230721, -0.610987887, -0.0225900472, 0, 1, 1, 1, 
166.707566, 17, 0.1, 0.1, 0.00817362332, 0.349058272, -0.0199663434, 0.878835364, -0.477125143, 1.92101212e-005, 0.477125143, 0.878835364, 1.64333181e-006, -1.76666088e-005, 7.7214137e-006, 1, 0.878835376, -0.477125122, 2.07329549e-005, 0.477125122, 0.878835376, -1.28109309e-005, -1.21084372e-005, 2.1150913e-005, 1, 0, 0, 0, 0, 0, 0, 0, 0.24266814, -0.110285278, -0.2235896, 0.0188934182, 0.284499174, -0.958416002, -0.988647461, 0.147338867, 0.0242919922, 0.148160512, 0.947259398, 0.284288736, 0, 0, -0, 0, 0, 0, 0, 0.277241797, -0.0498354492, -0.203164258, 0.0767790789, -0.0628212901, -0.995032951, 0.606689453, -0.78894043, 0.0966796875, -0.791230721, -0.610987887, -0.0225900472, 0, 1, 1, 1, 
166.708352, 17, 0.1, 0.1, 0.00817361647, 0.349058262, -0.0199660415, 0.878835183, -0.477125478, 1.56580541e-005, 0.477125478, 0.878835183, -5.82040419e-006, -1.09837857e-005, 1.25860325e-005, 1, 0.878835228, -0.477125395, -1.22185864e-005, 0.477125395, 0.878835228, 8.10181925e-006, 6.87254047e-006, -1.2949962e-005, 1, 0, 0, 0, 0, 0, 0, 0, 0.24266814, -0.110285278, -0.2235896, 0.0188934182, 0.284499174, -0.958416002, -0.988647461, 0.147338867, 0.0242919922, 0.148160512, 0.947259398, 0.284288736, 0, 0, -0, 0, 0, 0, 0, 0.277241797, -0.0498354492, -0.203164258, 0.0767790789, -0.0628212901, -0.995032951, 0.606689453, -0.78894043, 0.0966796875, -0.791230721, -0.610987887, -0.0225900472, 0, 1, 1, 1, 
166.709137, 17, 0.1, 0.1, 0.00817360759, 0.349058255, -0.0199656507, 0.878835054, -0.477125715, -1.76548118e-005, 0.477125715, 0.878835054, 1.89341662e-005, 6.48168983e-006, -2.50635737e-005, 1, 0.878835059, -0.477125706, -1.83193338e-005, 0.477125706, 0.878835059, 5.41748353e-006, 1.35148522e-005, -1.35016995e-005, 1, 0, 0, 0, 0, 0, 0, 0, 0.24266814, -0.110285278, -0.2235896, 0.0188934182, 0.284499174, -0.958416002, -0.988647461, 0.147338867, 0.0242919922, 0.148160512, 0.947259398, 0.284288736, 0, 0, -0, 0, 0, 0, 0, 0.277241797, -0.0498354492, -0.203164258, 0.0767790789, -0.0628212901, -0.995032951, 0.606689453, -0.78894043, 0.0966796875, -0.791230721, -0.610987887, -0.0225900472, 0, 1, 1, 1, 
166.70993, 17, 0.1, 0.1, 0.00817359769, 0.349058249, -0.0199652782, 0.878835178, -0.477125486, -5.61389985e-007, 0.477125486, 0.878835178, -2.9059044e-005, 1.43581798e-005, 2.52702566e-005, 1, 0.878835136, -0.477125564, 5.3391055e-006, 0.477125564, 0.878835135, -2.7679373e-005, 8.51434294e-006, 2.68730292e-005, 1, 0, 0, 0, 0, 0, 0, 0, 0.24266814, -0.110285278, -0.2235896, 0.0188934182, 0.284499174, -0.958416002, -0.988647461, 0.147338867, 0.0242919922, 0.148160512, 0.947259398, 0.284288736, 0, 0, -0, 0, 0, 0, 0, 0.277241797, -0.0498354492, -0.203164258, 0.0767790789, -0.0628212901, -0.995032951, 0.606689453, -0.78894043, 0.0966796875, -0.791230721, -0.610987887, -0.0225900472, 0, 1, 1, 1, 
166.710756, 17, 0.1, 0.1, 0.00817358971, 0.349058237, -0.0199646298, 0.878835403, -0.477125073, -1.40949607e-005, 0.477125073, 0.878835403, 8.72114959e-006, 8.22607131e-006, -1.43895141e-005, 1, 0.878835366, -0.47712514, -4.4493222e-006, 0.47712514, 0.878835366, 3.02117098e-005, -1.05045445e-005, -2.86740025e-005, 1, 0, 0, 0, 0, 0, 0, 0, 0.24281167, -0.110222876, -0.22415752, 0.0171182293, 0.290216018, -0.956731806, -0.98815918, 0.150146484, 0.0279541016, 0.151778657, 0.94511802, 0.28946003, 0, 0, -0, 0, 0, 0, 0, 0.277800586, -0.0497617188, -0.203426562, 0.0788746223, -0.062271518, -0.994924676, 0.604614258, -0.790405273, 0.0974121094, -0.792483383, -0.609211706, -0.0247880358, 0, 1, 1, 1, 
166.711541, 17, 0.1, 0.1, 0.00817357947, 0.349058232, -0.019964193, 0.87883539, -0.477125096, 2.64710079e-006, 0.477125096, 0.87883539, 1.95792626e-005, -1.16681234e-005, -1.59439507e-005, 1, 0.878835412, -0.477125055, 2.12278542e-005, 0.477125055, 0.878835412, 5.27378777e-007, -1.89074156e-005, 9.66486194e-006, 1, 0, 0, 0, 0, 0, 0, 0, 0.24281167, -0.110222876, -0.22415752, 0.0171182293, 0.290216018, -0.956731806, -0.98815918, 0.150146484, 0.0279541016, 0.151778657, 0.94511802, 0.28946003, 0, 0, -0, 0, 0, 0, 0, 0.277800586, -0.0497617188, -0.203426562, 0.0788746223, -0.062271518, -0.994924676, 0.604614258, -0.790405273, 0.0974121094, -0.792483383, -0.609211706, -0.0247880358, 0, 1, 1, 1, 
166.712324, 17, 0.1, 0.1, 0.00817357184, 0.349058224, -0.0199642938, 0.878835174, -0.477125492, 2.88269071e-005, 0.477125493, 0.878835174, -1.71736488e-005, -1.71401143e-005, 2.88468589e-005, 0.999999999, 0.878835217, -0.477125414, 1.74694801e-005, 0.477125414, 0.878835218, -8.43431607e-006, -1.13285678e-005, 1.57475069e-005, 1, 0, 0, 0, 0, 0, 0, 0, 0.24281167, -0.110222876, -0.22415752, 0.0171182293, 0.290216018, -0.956731806, -0.98815918, 0.150146484, 0.0279541016, 0.151778657, 0.94511802, 0.28946003, 0, 0, -0, 0, 0, 0, 0, 0.277800586, -0.0497617188, -0.203426562, 0.0788746223, -0.062271518, -0.994924676, 0.604614258, -0.790405273, 0.0974121094, -0.792483383, -0.609211706, -0.0247880358, 0, 1, 1, 1, 
166.713126, 17, 0.1, 0.1, 0.00817356403, 0.349058216, -0.0199648158, 0.878835079, -0.477125668, 2.3843597e-006, 0.477125668, 0.878835079, 2.54353143e-005, -1.42313003e-005, -2.12158073e-005, 1, 0.878835076, -0.477125674, -1.6408306e-005, 0.477125675, 0.878835076, 1.68064324e-005, 6.40141445e-006, -2.25989064e-005, 1, 0, 0, 0, 0, 0, 0, 0, 0.24281167, -0.110222876, -0.22415752, 0.0171182293, 0.290216018, -0.956731806, -0.98815918, 0.150146484, 0.0279541016, 0.151778657, 0.94511802, 0.28946003, 0, 0, -0, 0, 0, 0, 0, 0.277800586, -0.0497617188, -0.203426562, 0.0810401615, -0.0642963326, -0.994579794, 0.600341797, -0.793334961, 0.100219727, -0.795569828, -0.605128528, -0.0257337289, 0, 1, 1, 1, 
166.713913, 17, 0.1, 0.1, 0.00817355391, 0.349058212, -0.0199654038, 0.878835241, -0.47712537, 1.96637443e-006, 0.47712537, 0.878835241, -1.43082669e-005, 5.098718e-006, 1.35128163e-005, 1, 0.878835196, -0.477125452, 3.24900916e-006, 0.477125452, 0.878835196, -2.97436864e-005, 1.13361262e-005, 2.76899834e-005, 1, 0, 0, 0, 0, 0, 0, 0, 0.24281167, -0.110222876, -0.22415752, 0.0171182293, 0.290216018, -0.956731806, -0.98815918, 0.150146484, 0.0279541016, 0.151778657, 0.94511802, 0.28946003, 0, 0, -0, 0, 0, 0, 0, 0.278325439, -0.050479541, -0.203646875, 0.0810401615, -0.0642963326, -0.994579794, 0.600341797, -0.793334961, 0.100219727, -0.795569828, -0.605128528, -0.0257337289, 0, 1, 1, 1, 
166.714714, 17, 0.1, 0.1, 0.00817354643, 0.349058202, -0.0199660174, 0.87883542, -0.477125041, -5.04194989e-006, 0.477125041, 0.87883542, -1.79370499e-005, 1.29892598e-005, 1.33580742e-005, 1, 0.878835403, -0.477125072, -1.2163702e-005, 0.477125072, 0.878835403, 7.99769665e-006, 6.87399034e-006, -1.28322661e-005, 1, 0, 0, 0, 0, 0, 0, 0, 0.24281167, -0.110222876, -0.22415752, 0.0171182293, 0.290216018, -0.956731806, -0.98815918, 0.150146484, 0.0279541016, 0.151778657, 0.94511802, 0.28946003, 0, 0, -0, 0, 0, 0, 0, 0.278325439, -0.050479541, -0.203646875, 0.0810401615, -0.0642963326, -0.994579794, 0.600341797, -0.793334961, 0.100219727, -0.795569828, -0.605128528, -0.0257337289, 0, 1, 1, 1, 
166.715522, 17, 0.1, 0.1, 0.00817353769, 0.349058195, -0.0199661717, 0.878835347, -0.477125174, -2.43872132e-005, 0.477125175, 0.878835347, 2.05153696e-005, 1.16439457e-005, -2.96653853e-005, 0.999999999, 0.87883539, -0.477125097, -3.18968581e-007, 0.477125096, 0.87883539, 1.88647876e-005, -8.72054273e-006, -1.67312309e-005, 1, 0, 0, 0, 0, 0, 0, 0, 0.24281167, -0.110222876, -0.22415752, 0.0161810209, 0.293902311, -0.955695752, -0.987548828, 0.153808594, 0.0306396484, 0.15600563, 0.943421841, 0.292880102, 0, 0, -0, 0, 0, 0, 0, 0.278325439, -0.050479541, -0.203646875, 0.0810401615, -0.0642963326, -0.994579794, 0.600341797, -0.793334961, 0.100219727, -0.795569828, -0.605128528, -0.0257337289, 0, 1, 1, 1, 
166.716316, 17, 0.1, 0.1, 0.00817353022, 0.349058189, -0.0199658818, 0.87883513, -0.477125575, 1.33380523e-005, 0.477125575, 0.87883513, -1.69673714e-005, -3.62638211e-006, 2.1275448e-005, 1, 0.878835168, -0.477125504, 1.97799153e-005, 0.477125504, 0.878835168, -1.44691576e-005, -1.04796811e-005, 2.21535066e-005, 1, 0, 0, 0, 0, 0, 0, 0, 0.24322312, -0.110486133, -0.224317407, 0.0161810209, 0.293902311, -0.955695752, -0.987548828, 0.153808594, 0.0306396484, 0.15600563, 0.943421841, 0.292880102, 0, 0, -0, 0, 0, 0, 0, 0.278325439, -0.050479541, -0.203646875, 0.0810401615, -0.0642963326, -0.994579794, 0.600341797, -0.793334961, 0.100219727, -0.795569828, -0.605128528, -0.0257337289, 0, 1, 1, 1, 
166.717109, 17, 0.1, 0.1, 0.00817352542, 0.34905818, -0.019965448, 0.878835083, -0.477125661, 4.96483723e-006, 0.477125661, 0.878835083, 1.6671172e-005, -1.23175171e-005, -1.22823596e-005, 1, 0.878835071, -0.477125684, -7.20786833e-006, 0.477125684, 0.878835071, 2.62113223e-005, -6.17156761e-006, -2.64744884e-005, 1, 0, 0, 0, 0, 0, 0, 0, 0.24322312, -0.110486133, -0.224317407, 0.0161810209, 0.293902311, -0.955695752, -0.987548828, 0.153808594, 0.0306396484, 0.15600563, 0.943421841, 0.292880102, 0, 0, -0, 0, 0, 0, 0, 0.278325439, -0.050479541, -0.203646875, 0.0810401615, -0.0642963326, -0.994579794, 0.600341797, -0.793334961, 0.100219727, -0.795569828, -0.605128528, -0.0257337289, 0, 1, 1, 1, 
166.71792, 17, 0.1, 0.1, 0.00817351745, 0.349058176, -0.0199649596, 0.87883528, -0.477125298, 7.27866073e-007, 0.477125298, 0.87883528, 2.00277558e-005, -1.01954234e-005, -1.72538151e-005, 1, 0.87883523, -0.477125392, -4.54739884e-006, 0.477125392, 0.878835229, -1.47703566e-005, 1.10437265e-005, 1.08110303e-005, 1, 0, 0, 0, 0, 0, 0, 0, 0.24322312, -0.110486133, -0.224317407, 0.0163098233, 0.297931211, -0.954462747, -0.986938477, 0.157470703, 0.0322265625, 0.159940171, 0.941547806, 0.296763347, 0, 0, -0, 0, 0, 0, 0, 0.278325439, -0.050479541, -0.203646875, 0.0810401615, -0.0642963326, -0.994579794, 0.600341797, -0.793334961, 0.100219727, -0.795569828, -0.605128528, -0.0257337289, 0, 1, 1, 1, 
