time, trialNum, realDorsalTactorPos, realVentralTactorPos, boxPosX, boxPosY, boxPosZ, boxLocalRot_11, boxLocalRot_12, boxLocalRot_13, boxLocalRot_21, boxLocalRot_22, boxLocalRot_23, boxLocalRot_31, boxLocalRot_32, boxLocalRot_33, boxGlobalRot_11, boxGlobalRot_12, boxGlobalRot_13, boxGlobalRot_21, boxGlobalRot_22, boxGlobalRot_23, boxGlobalRot_31, boxGlobalRot_32, boxGlobalRot_33, indexForceX, indexForceY, indexForceZ, indexForceGlobalX, indexForceGlobalY, indexForceGlobalZ, indexContact, indexPosX, indexPosY, indexPosZ, indexRot_11, indexRot_12, indexRot_13, indexRot_21, indexRot_22, indexRot_23, indexRot_31, indexRot_32, indexRot_33, thumbForceX, thumbForceY, thumbForceZ, thumbForceGlobalX, thumbForceGlobalY, thumbForceGlobalZ, thumbContact, thumbPosX, thumbPosY, thumbPosZ, thumbRot_11, thumbRot_12, thumbRot_13, thumbRot_21, thumbRot_22, thumbRot_23, thumbRot_31, thumbRot_32, thumbRot_33, manipForceTooHigh, cceExpType, mapping, trialSuccess, 
291.907997, 17, 0.1, 0.1, 0.0117889361, 0.359447011, -0.0199754009, 0.967430936, -2.44323805e-005, -0.253135111, 0.253135111, 1.41555954e-005, 0.967430936, -2.00533625e-005, -1, 1.98792542e-005, 0.967430934, -1.53338039e-005, -0.253135117, 0.253135117, 8.79859926e-006, 0.967430934, -1.26071618e-005, -1, 1.23935614e-005, 0, 0, 0, 0, 0, 0, 0, 0.310100635, -0.180245142, -0.165014722, -0.242179672, 0.579338256, -0.778272335, -0.928222656, 0.0948486328, 0.35949707, 0.282080786, 0.809597811, 0.514929068, 0, 0, -0, 0, 0, 0, 0, 0.348909521, -0.150676123, -0.142531934, 0.123042584, -0.0397149092, -0.991564479, 0.630126953, -0.768798828, 0.109008789, -0.766606654, -0.638140302, -0.0696041821, 0, 1, 1, 1, 
291.911262, 17, 0.1, 0.1, 0.0117889419, 0.359447007, -0.0199555775, 0.96743098, 1.83228217e-005, -0.25313494, 0.253134941, -1.30539508e-005, 0.96743098, 1.44216543e-005, -1, -1.72669428e-005, 0.967430979, 2.83904116e-005, -0.253134944, 0.253134944, -1.87514012e-005, 0.967430979, 2.27191288e-005, -0.999999999, -2.53272917e-005, 0, 0, 0, 0, 0, 0, 0, 0.310012524, -0.181385913, -0.163247119, -0.239413735, 0.574294642, -0.782754669, -0.92956543, 0.0969238281, 0.35534668, 0.28003601, 0.81286848, 0.510818915, 0, 0, -0, 0, 0, 0, 0, 0.349022314, -0.152077734, -0.141588672, 0.124767726, -0.0440022446, -0.991206471, 0.629638672, -0.768432617, 0.11340332, -0.76667082, -0.638222691, -0.0683391268, 0, 1, 1, 1, 
291.912062, 17, 0.1, 0.1, 0.0117889408, 0.359447008, -0.0199639292, 0.967430986, 2.12310286e-005, -0.253134918, 0.253134918, -1.13343173e-005, 0.967430986, 1.76704435e-005, -1, -1.63394844e-005, 0.967430985, 1.32079723e-005, -0.253134922, 0.253134923, -7.76011136e-006, 0.967430985, 1.08134464e-005, -1, -1.08507712e-005, 0, 0, 0, 0, 0, 0, 0, 0.310012524, -0.181385913, -0.163247119, -0.239413735, 0.574294642, -0.782754669, -0.92956543, 0.0969238281, 0.35534668, 0.28003601, 0.81286848, 0.510818915, 0, 0, -0, 0, 0, 0, 0, 0.349022314, -0.152077734, -0.141588672, 0.124767726, -0.0440022446, -0.991206471, 0.629638672, -0.768432617, 0.11340332, -0.76667082, -0.638222691, -0.0683391268, 0, 1, 1, 1, 
291.912858, 17, 0.1, 0.1, 0.0117889396, 0.359447009, -0.0199717869, 0.96743099, 8.73260546e-006, -0.253134905, 0.253134905, -3.35748906e-006, 0.96743099, 7.59829547e-006, -1, -5.45866622e-006, 0.967430989, -8.7240319e-006, -0.253134907, 0.253134907, 7.22103978e-006, 0.967430989, -6.61200158e-006, -1, 9.19421466e-006, 0, 0, 0, 0, 0, 0, 0, 0.310012524, -0.181385913, -0.163247119, -0.239413735, 0.574294642, -0.782754669, -0.92956543, 0.0969238281, 0.35534668, 0.28003601, 0.81286848, 0.510818915, 0, 0, -0, 0, 0, 0, 0, 0.349022314, -0.152077734, -0.141588672, 0.124767726, -0.0440022446, -0.991206471, 0.629638672, -0.768432617, 0.11340332, -0.76667082, -0.638222691, -0.0683391268, 0, 1, 1, 1, 
291.913651, 17, 0.1, 0.1, 0.0117889384, 0.359447009, -0.0199768217, 0.967430994, -9.53475026e-006, -0.253134888, 0.253134888, 4.19161978e-006, 0.967430994, -8.16316773e-006, -1, 6.46868083e-006, 0.967430993, -1.4306756e-005, -0.253134891, 0.253134891, 7.33872641e-006, 0.967430993, -1.19831115e-005, -1, 1.07212505e-005, 0, 0, 0, 0, 0, 0, 0, 0.310012524, -0.181385913, -0.163247119, -0.239413735, 0.574294642, -0.782754669, -0.92956543, 0.0969238281, 0.35534668, 0.28003601, 0.81286848, 0.510818915, 0, 0, -0, 0, 0, 0, 0, 0.349022314, -0.152077734, -0.141588672, 0.124767726, -0.0440022446, -0.991206471, 0.629638672, -0.768432617, 0.11340332, -0.76667082, -0.638222691, -0.0683391268, 0, 1, 1, 1, 
291.914446, 17, 0.1, 0.1, 0.0117889374, 0.359447009, -0.019977661, 0.967430997, -1.49668847e-005, -0.253134876, 0.253134876, 8.17196627e-006, 0.967430997, -1.24108186e-005, -1, 1.1694454e-005, 0.967430997, -1.0692003e-005, -0.253134878, 0.253134878, 5.19317253e-006, 0.967430997, -9.02920202e-006, -1, 7.73055495e-006, 0, 0, 0, 0, 0, 0, 0, 0.310012524, -0.181385913, -0.163247119, -0.239413735, 0.574294642, -0.782754669, -0.92956543, 0.0969238281, 0.35534668, 0.28003601, 0.81286848, 0.510818915, 0, 0, -0, 0, 0, 0, 0, 0.349022314, -0.152077734, -0.141588672, 0.124767726, -0.0440022446, -0.991206471, 0.629638672, -0.768432617, 0.11340332, -0.76667082, -0.638222691, -0.0683391268, 0, 1, 1, 1, 
291.915255, 17, 0.1, 0.1, 0.0117889369, 0.35944701, -0.0199740976, 0.967431002, -1.1424798e-005, -0.253134858, 0.253134858, 7.8652454e-006, 0.967431002, -9.06173603e-006, -1, 1.05010969e-005, 0.967431001, 6.00950111e-006, -0.253134861, 0.253134861, -2.31260704e-006, 0.967431001, 5.22837621e-006, -1, -3.75850197e-006, 0, 0, 0, 0, 0, 0, 0, 0.310012524, -0.181385913, -0.163247119, -0.239413735, 0.574294642, -0.782754669, -0.92956543, 0.0969238281, 0.35534668, 0.28003601, 0.81286848, 0.510818915, 0, 0, -0, 0, 0, 0, 0, 0.349022314, -0.152077734, -0.141588672, 0.124767726, -0.0440022446, -0.991206471, 0.629638672, -0.768432617, 0.11340332, -0.76667082, -0.638222691, -0.0683391268, 0, 1, 1, 1, 
291.91608, 17, 0.1, 0.1, 0.011788937, 0.359447009, -0.0199674334, 0.967431004, 9.55078915e-006, -0.253134849, 0.253134849, -6.5976674e-006, 0.967431004, 7.56963e-006, -1, -8.80042556e-006, 0.967431004, 1.82586535e-005, -0.25313485, 0.25313485, -1.16297182e-005, 0.967431004, 1.47201005e-005, -1, -1.58728515e-005, 0, 0, 0, 0, 0, 0, 0, 0.308929639, -0.182474902, -0.163459375, -0.239074876, 0.574884375, -0.782463359, -0.928100586, 0.10144043, 0.358032227, 0.285296793, 0.811909932, 0.509536856, 0, 0, -0, 0, 0, 0, 0, 0.348500879, -0.152595264, -0.141336621, 0.123860312, -0.0453055794, -0.991238187, 0.62890625, -0.768920898, 0.113891602, -0.767379906, -0.637500478, -0.0668695478, 0, 1, 1, 1, 
291.916873, 17, 0.1, 0.1, 0.0117889359, 0.35944701, -0.0199606154, 0.967431007, 2.27247879e-005, -0.253134836, 0.253134837, -1.23182625e-005, 0.967431007, 1.8866483e-005, -1, -1.76695046e-005, 0.967431007, 1.51028619e-005, -0.25313484, 0.25313484, -8.05643539e-006, 0.967431007, 1.25716124e-005, -1, -1.16171059e-005, 0, 0, 0, 0, 0, 0, 0, 0.308929639, -0.182474902, -0.163459375, -0.239074876, 0.574884375, -0.782463359, -0.928100586, 0.10144043, 0.358032227, 0.285296793, 0.811909932, 0.509536856, 0, 0, -0, 0, 0, 0, 0, 0.348500879, -0.152595264, -0.141336621, 0.123860312, -0.0453055794, -0.991238187, 0.62890625, -0.768920898, 0.113891602, -0.767379906, -0.637500478, -0.0668695478, 0, 1, 1, 1, 
291.917666, 17, 0.1, 0.1, 0.011788934, 0.359447011, -0.0199558691, 0.967431011, 1.53576581e-005, -0.253134822, 0.253134822, -9.60202045e-006, 0.967431011, 1.24268689e-005, -1, -1.31768504e-005, 0.967431011, -1.42030536e-005, -0.253134825, 0.253134825, 7.64960264e-006, 0.967431011, -1.18040937e-005, -1, 1.09957503e-005, 0, 0, 0, 0, 0, 0, 0, 0.308929639, -0.182474902, -0.163459375, -0.239074876, 0.574884375, -0.782463359, -0.928100586, 0.10144043, 0.358032227, 0.285296793, 0.811909932, 0.509536856, 0, 0, -0, 0, 0, 0, 0, 0.348500879, -0.152595264, -0.141336621, 0.123860312, -0.0453055794, -0.991238187, 0.62890625, -0.768920898, 0.113891602, -0.767379906, -0.637500478, -0.0668695478, 0, 1, 1, 1, 
291.918491, 17, 0.1, 0.1, 0.011788932, 0.359447012, -0.0199542946, 0.967431012, -1.80349839e-005, -0.25313482, 0.25313482, 1.121666e-005, 0.967431012, -1.46082755e-005, -1, 1.54166272e-005, 0.967431012, -2.88460903e-005, -0.253134819, 0.25313482, 1.80208412e-005, 0.967431012, -2.33448999e-005, -0.999999999, 2.47358705e-005, 0, 0, 0, 0, 0, 0, 0, 0.30937356, -0.182647241, -0.163640747, -0.239043797, 0.575912194, -0.781732842, -0.928466797, 0.0998535156, 0.357543945, 0.283932359, 0.811376366, 0.511027849, 0, 0, -0, 0, 0, 0, 0, 0.348818848, -0.152833643, -0.141117041, 0.12517021, -0.0453759417, -0.991027467, 0.629272461, -0.768554687, 0.114746094, -0.766996745, -0.637998844, -0.0677065992, 0, 1, 1, 1, 
291.919285, 17, 0.1, 0.1, 0.0117889315, 0.359447012, -0.0199563129, 0.96743101, -2.55265945e-005, -0.253134825, 0.253134825, 1.48288347e-005, 0.967431011, -2.09415246e-005, -1, 2.08075445e-005, 0.967431011, -1.66610396e-005, -0.253134824, 0.253134825, 9.1660115e-006, 0.967431011, -1.37981696e-005, -1, 1.30849731e-005, 0, 0, 0, 0, 0, 0, 0, 0.30937356, -0.182647241, -0.163640747, -0.239043797, 0.575912194, -0.781732842, -0.928466797, 0.0998535156, 0.357543945, 0.283932359, 0.811376366, 0.511027849, 0, 0, -0, 0, 0, 0, 0, 0.348818848, -0.152833643, -0.141117041, 0.12517021, -0.0453759417, -0.991027467, 0.629272461, -0.768554687, 0.114746094, -0.766996745, -0.637998844, -0.0677065992, 0, 1, 1, 1, 
291.92008, 17, 0.1, 0.1, 0.0117889319, 0.359447012, -0.0199611255, 0.967431013, -1.13863769e-005, -0.253134818, 0.253134818, 7.81110346e-006, 0.967431013, -9.03827193e-006, -1, 1.04389922e-005, 0.967431012, 1.35669806e-005, -0.25313482, 0.25313482, -6.39672317e-006, 0.967431012, 1.15058844e-005, -1, -9.62266357e-006, 0, 0, 0, 0, 0, 0, 0, 0.30937356, -0.182647241, -0.163640747, -0.239043797, 0.575912194, -0.781732842, -0.928466797, 0.0998535156, 0.357543945, 0.283932359, 0.811376366, 0.511027849, 0, 0, -0, 0, 0, 0, 0, 0.348818848, -0.152833643, -0.141117041, 0.12517021, -0.0453759417, -0.991027467, 0.629272461, -0.768554687, 0.114746094, -0.766996745, -0.637998844, -0.0677065992, 0, 1, 1, 1, 
291.920882, 17, 0.1, 0.1, 0.0117889317, 0.359447012, -0.019966956, 0.967431012, 1.17474354e-005, -0.253134819, 0.253134819, -8.44743644e-006, 0.967431012, 9.22649302e-006, -1, -1.11459969e-005, 0.967431012, 1.87187263e-005, -0.253134818, 0.253134819, -1.25100052e-005, 0.967431012, 1.49423585e-005, -1, -1.68409284e-005, 0, 0, 0, 0, 0, 0, 0, 0.30937356, -0.182647241, -0.163640747, -0.239043797, 0.575912194, -0.781732842, -0.928466797, 0.0998535156, 0.357543945, 0.283932359, 0.811376366, 0.511027849, 0, 0, -0, 0, 0, 0, 0, 0.348818848, -0.152833643, -0.141117041, 0.12517021, -0.0453759417, -0.991027467, 0.629272461, -0.768554687, 0.114746094, -0.766996745, -0.637998844, -0.0677065992, 0, 1, 1, 1, 
291.921675, 17, 0.1, 0.1, 0.0117889308, 0.359447012, -0.0199716856, 0.967431013, 1.70965751e-005, -0.253134817, 0.253134817, -8.94903961e-006, 0.967431013, 1.42744434e-005, -1, -1.29853169e-005, 0.967431012, 1.08170044e-005, -0.253134818, 0.253134818, -5.81702181e-006, 0.967431012, 8.9922148e-006, -1, -8.36572775e-006, 0, 0, 0, 0, 0, 0, 0, 0.30937356, -0.182647241, -0.163640747, -0.239043797, 0.575912194, -0.781732842, -0.928466797, 0.0998535156, 0.357543945, 0.283932359, 0.811376366, 0.511027849, 0, 0, -0, 0, 0, 0, 0, 0.348818848, -0.152833643, -0.141117041, 0.12517021, -0.0453759417, -0.991027467, 0.629272461, -0.768554687, 0.114746094, -0.766996745, -0.637998844, -0.0677065992, 0, 1, 1, 1, 
291.922467, 17, 0.1, 0.1, 0.0117889301, 0.359447013, -0.0199739833, 0.967431013, 1.05765866e-005, -0.253134816, 0.253134816, -6.06119942e-006, 0.967431013, 8.69781728e-006, -1, -8.5410946e-006, 0.967431013, -6.18217769e-006, -0.253134816, 0.253134816, 4.26154926e-006, 0.967431013, -4.90208394e-006, -1, 5.68767933e-006, 0, 0, 0, 0, 0, 0, 0, 0.30937356, -0.182647241, -0.163640747, -0.239043797, 0.575912194, -0.781732842, -0.928466797, 0.0998535156, 0.357543945, 0.283932359, 0.811376366, 0.511027849, 0, 0, -0, 0, 0, 0, 0, 0.348818848, -0.152833643, -0.141117041, 0.12517021, -0.0453759417, -0.991027467, 0.629272461, -0.768554687, 0.114746094, -0.766996745, -0.637998844, -0.0677065992, 0, 1, 1, 1, 
291.923289, 17, 0.1, 0.1, 0.0117889289, 0.359447013, -0.0199729883, 0.967431014, -8.84467134e-006, -0.253134813, 0.253134813, 4.5082397e-006, 0.967431014, -7.41541695e-006, -1, 6.60030513e-006, 0.967431013, -1.56376672e-005, -0.253134814, 0.253134814, 8.1403094e-006, 0.967431013, -1.30677685e-005, -1, 1.18336258e-005, 0, 0, 0, 0, 0, 0, 0, 0.309534424, -0.182531152, -0.164866553, -0.240268567, 0.578272246, -0.779643882, -0.928222656, 0.0981445312, 0.358764648, 0.284002752, 0.809890243, 0.513292421, 0, 0, -0, 0, 0, 0, 0, 0.348964209, -0.152979004, -0.141799951, 0.123917915, -0.0441236462, -0.991295789, 0.629760742, -0.768432617, 0.112915039, -0.766760138, -0.638235451, -0.0674893156, 0, 1, 1, 1, 
291.924079, 17, 0.1, 0.1, 0.0117889287, 0.359447013, -0.0199694031, 0.967431015, -1.67383989e-005, -0.253134809, 0.253134809, 1.0689007e-005, 0.967431015, -1.34874865e-005, -1, 1.45779483e-005, 0.967431015, -1.08990952e-005, -0.253134809, 0.253134809, 7.35506711e-006, 0.967431015, -8.68229919e-006, -1, 9.87446042e-006, 0, 0, 0, 0, 0, 0, 0, 0.309534424, -0.182531152, -0.164866553, -0.240268567, 0.578272246, -0.779643882, -0.928222656, 0.0981445312, 0.358764648, 0.284002752, 0.809890243, 0.513292421, 0, 0, -0, 0, 0, 0, 0, 0.348964209, -0.152979004, -0.141799951, 0.123917915, -0.0441236462, -0.991295789, 0.629760742, -0.768432617, 0.112915039, -0.766760138, -0.638235451, -0.0674893156, 0, 1, 1, 1, 
291.92487, 17, 0.1, 0.1, 0.0117889289, 0.359447013, -0.019964803, 0.967431014, -1.33314846e-005, -0.253134813, 0.253134813, 7.76679634e-006, 0.967431014, -1.09312451e-005, -1, 1.08885025e-005, 0.967431014, 1.00987327e-005, -0.253134812, 0.253134812, -6.20796829e-006, 0.967431014, 8.19837435e-006, -1, -8.56212187e-006, 0, 0, 0, 0, 0, 0, 0, 0.309534424, -0.182531152, -0.164866553, -0.240268567, 0.578272246, -0.779643882, -0.928222656, 0.0981445312, 0.358764648, 0.284002752, 0.809890243, 0.513292421, 0, 0, -0, 0, 0, 0, 0, 0.348964209, -0.152979004, -0.141799951, 0.123917915, -0.0441236462, -0.991295789, 0.629760742, -0.768432617, 0.112915039, -0.766760138, -0.638235451, -0.0674893156, 0, 1, 1, 1, 
291.925674, 17, 0.1, 0.1, 0.011788929, 0.359447013, -0.0199605689, 0.967431014, 1.15469523e-005, -0.253134813, 0.253134813, -7.54404681e-006, 0.967431014, 9.26121892e-006, -1, -1.02212805e-005, 0.967431013, 2.18423824e-005, -0.253134814, 0.253134814, -1.27694421e-005, 0.967431013, 1.78986078e-005, -1, -1.78826217e-005, 0, 0, 0, 0, 0, 0, 0, 0.309534424, -0.182531152, -0.164866553, -0.240268567, 0.578272246, -0.779643882, -0.928222656, 0.0981445312, 0.358764648, 0.284002752, 0.809890243, 0.513292421, 0, 0, -0, 0, 0, 0, 0, 0.348964209, -0.152979004, -0.141799951, 0.123917915, -0.0441236462, -0.991295789, 0.629760742, -0.768432617, 0.112915039, -0.766760138, -0.638235451, -0.0674893156, 0, 1, 1, 1, 
291.926469, 17, 0.1, 0.1, 0.0117889276, 0.359447013, -0.0199582087, 0.967431016, 2.29069656e-005, -0.253134804, 0.253134804, -1.33223426e-005, 0.967431016, 1.87885604e-005, -1, -1.86869976e-005, 0.967431016, 1.40189408e-005, -0.253134805, 0.253134805, -8.89431112e-006, 0.967431016, 1.13108984e-005, -1, -1.21533143e-005, 0, 0, 0, 0, 0, 0, 0, 0.309534424, -0.182531152, -0.164866553, -0.240268567, 0.578272246, -0.779643882, -0.928222656, 0.0981445312, 0.358764648, 0.284002752, 0.809890243, 0.513292421, 0, 0, -0, 0, 0, 0, 0, 0.348964209, -0.152979004, -0.141799951, 0.123917915, -0.0441236462, -0.991295789, 0.629760742, -0.768432617, 0.112915039, -0.766760138, -0.638235451, -0.0674893156, 0, 1, 1, 1, 
291.927263, 17, 0.1, 0.1, 0.0117889259, 0.359447014, -0.0199583555, 0.967431016, 1.37005264e-005, -0.253134803, 0.253134803, -8.81673903e-006, 0.967431016, 1.10224907e-005, -1, -1.19976669e-005, 0.967431017, -1.36803208e-005, -0.253134802, 0.253134802, 7.5748554e-006, 0.967431017, -1.13173071e-005, -1, 1.07911153e-005, 0, 0, 0, 0, 0, 0, 0, 0.309534424, -0.182531152, -0.164866553, -0.240268567, 0.578272246, -0.779643882, -0.928222656, 0.0981445312, 0.358764648, 0.284002752, 0.809890243, 0.513292421, 0, 0, -0, 0, 0, 0, 0, 0.348964209, -0.152979004, -0.141799951, 0.123917915, -0.0441236462, -0.991295789, 0.629760742, -0.768432617, 0.112915039, -0.766760138, -0.638235451, -0.0674893156, 0, 1, 1, 1, 
291.928093, 17, 0.1, 0.1, 0.0117889243, 0.359447015, -0.0199606187, 0.967431014, -1.50889033e-005, -0.25313481, 0.253134811, 9.07511739e-006, 0.967431014, -1.23002449e-005, -1, 1.25990767e-005, 0.967431015, -2.43467295e-005, -0.253134808, 0.253134809, 1.46937857e-005, 0.967431015, -1.98342726e-005, -1, 2.03782287e-005, 0, 0, 0, 0, 0, 0, 0, 0.310816138, -0.181637573, -0.165068311, -0.241089696, 0.578247158, -0.779338345, -0.929443359, 0.0931396484, 0.356689453, 0.278818353, 0.810512176, 0.515221499, 0, 0, -0, 0, 0, 0, 0, 0.349432666, -0.152946289, -0.14202832, 0.123937238, -0.0432676384, -0.99125751, 0.630981445, -0.767578125, 0.112426758, -0.765776166, -0.639372908, -0.0678535204, 0, 1, 1, 1, 
291.928885, 17, 0.1, 0.1, 0.0117889242, 0.359447015, -0.0199639003, 0.967431011, -1.97713888e-005, -0.253134822, 0.253134822, 1.16698602e-005, 0.967431011, -1.61734067e-005, -1, 1.62946117e-005, 0.967431012, -1.24104369e-005, -0.25313482, 0.25313482, 7.26597131e-006, 0.967431012, -1.01669712e-005, -1, 1.01708397e-005, 0, 0, 0, 0, 0, 0, 0, 0.310816138, -0.181637573, -0.165068311, -0.241089696, 0.578247158, -0.779338345, -0.929443359, 0.0931396484, 0.356689453, 0.278818353, 0.810512176, 0.515221499, 0, 0, -0, 0, 0, 0, 0, 0.349432666, -0.152946289, -0.14202832, 0.123937238, -0.0432676384, -0.99125751, 0.630981445, -0.767578125, 0.112426758, -0.765776166, -0.639372908, -0.0678535204, 0, 1, 1, 1, 
291.929778, 17, 0.1, 0.1, 0.0117889234, 0.359447015, -0.0199673523, 0.967431007, -2.13472707e-005, -0.253134839, 0.25313484, 1.33374718e-005, 0.967431007, -1.72758328e-005, -1, 1.83068217e-005, 0.967431008, 1.15403831e-005, -0.253134833, 0.253134834, -6.3163337e-006, 0.967431008, 9.56564043e-006, -1, -9.03189005e-006, 0, 0, 0, 0, 0, 0, 0, 0.310816138, -0.181637573, -0.165068311, -0.241089696, 0.578247158, -0.779338345, -0.929443359, 0.0931396484, 0.356689453, 0.278818353, 0.810512176, 0.515221499, 0, 0, -0, 0, 0, 0, 0, 0.349432666, -0.152946289, -0.14202832, 0.123937238, -0.0432676384, -0.99125751, 0.630981445, -0.767578125, 0.112426758, -0.765776166, -0.639372908, -0.0678535204, 0, 1, 1, 1, 
291.930599, 17, 0.1, 0.1, 0.0117889212, 0.359447017, -0.0199683956, 0.967431001, 2.3885035e-006, -0.253134863, 0.253134863, -1.97692959e-006, 0.967431001, 1.81028253e-006, -1, -2.51715648e-006, 0.967431002, 9.49976415e-006, -0.253134858, 0.253134858, -6.11281288e-006, 0.967431002, 7.64300033e-006, -1, -8.31844614e-006, 0, 0, 0, 0, 0, 0, 0, 0.310816138, -0.181637573, -0.165068311, -0.241089696, 0.578247158, -0.779338345, -0.929443359, 0.0931396484, 0.356689453, 0.278818353, 0.810512176, 0.515221499, 0, 0, -0, 0, 0, 0, 0, 0.349432666, -0.152946289, -0.14202832, 0.123534753, -0.0429865558, -0.991391671, 0.631347656, -0.767211914, 0.112060547, -0.76545024, -0.639711593, -0.0677448786, 0, 1, 1, 1, 
291.931396, 17, 0.1, 0.1, 0.0117889193, 0.359447018, -0.0199680556, 0.967430997, 1.62638889e-005, -0.253134879, 0.253134879, -8.17404391e-006, 0.967430997, 1.36650547e-005, -1, -1.2024781e-005, 0.967430997, 8.35333611e-006, -0.253134876, 0.253134876, -3.82974571e-006, 0.967430997, 7.11183408e-006, -1, -5.81953542e-006, 0, 0, 0, 0, 0, 0, 0, 0.310816138, -0.181637573, -0.165068311, -0.241089696, 0.578247158, -0.779338345, -0.929443359, 0.0931396484, 0.356689453, 0.278818353, 0.810512176, 0.515221499, 0, 0, -0, 0, 0, 0, 0, 0.349412891, -0.152711572, -0.142481396, 0.123534753, -0.0429865558, -0.991391671, 0.631347656, -0.767211914, 0.112060547, -0.76545024, -0.639711593, -0.0677448786, 0, 1, 1, 1, 
291.932192, 17, 0.1, 0.1, 0.0117889183, 0.359447018, -0.0199667892, 0.967430993, 1.50248183e-005, -0.253134892, 0.253134892, -9.4434667e-006, 0.967430993, 1.2145004e-005, -1, -1.29392081e-005, 0.967430994, -7.65070574e-006, -0.253134888, 0.253134888, 4.37474787e-006, 0.967430994, -6.29412855e-006, -1, 6.16892722e-006, 0, 0, 0, 0, 0, 0, 0, 0.310816138, -0.181637573, -0.165068311, -0.241089696, 0.578247158, -0.779338345, -0.929443359, 0.0931396484, 0.356689453, 0.278818353, 0.810512176, 0.515221499, 0, 0, -0, 0, 0, 0, 0, 0.349412891, -0.152711572, -0.142481396, 0.123534753, -0.0429865558, -0.991391671, 0.631347656, -0.767211914, 0.112060547, -0.76545024, -0.639711593, -0.0677448786, 0, 1, 1, 1, 
291.933006, 17, 0.1, 0.1, 0.0117889184, 0.359447018, -0.0199649381, 0.967430988, -3.83876571e-006, -0.25313491, 0.25313491, 3.06990284e-006, 0.967430988, -2.93664133e-006, -1, 3.94164475e-006, 0.967430989, -1.31504507e-005, -0.253134907, 0.253134907, 8.20441961e-006, 0.967430989, -1.06453286e-005, -1, 1.12660479e-005, 0, 0, 0, 0, 0, 0, 0, 0.311071362, -0.181425195, -0.165090039, -0.240398492, 0.578025119, -0.779782423, -0.930053711, 0.0926513672, 0.35534668, 0.277720141, 0.810670935, 0.515539018, 0, 0, -0, 0, 0, 0, 0, 0.349412891, -0.152711572, -0.142481396, 0.123534753, -0.0429865558, -0.991391671, 0.631347656, -0.767211914, 0.112060547, -0.76545024, -0.639711593, -0.0677448786, 0, 1, 1, 1, 
291.933807, 17, 0.1, 0.1, 0.0117889202, 0.359447017, -0.0199631488, 0.967430987, -1.36059559e-005, -0.253134916, 0.253134916, 6.14804448e-006, 0.967430987, -1.16065386e-005, -1, 9.39195123e-006, 0.967430987, -5.63229566e-006, -0.253134915, 0.253134915, 2.36753861e-006, 0.967430987, -4.84955067e-006, -1, 3.7161609e-006, 0, 0, 0, 0, 0, 0, 0, 0.311071362, -0.181425195, -0.165090039, -0.240398492, 0.578025119, -0.779782423, -0.930053711, 0.0926513672, 0.35534668, 0.277720141, 0.810670935, 0.515539018, 0, 0, -0, 0, 0, 0, 0, 0.349412891, -0.152711572, -0.142481396, 0.123534753, -0.0429865558, -0.991391671, 0.631347656, -0.767211914, 0.112060547, -0.76545024, -0.639711593, -0.0677448786, 0, 1, 1, 1, 
291.9346, 17, 0.1, 0.1, 0.0117889219, 0.359447015, -0.0199621882, 0.967430984, -7.97504055e-006, -0.253134929, 0.253134929, 3.30098586e-006, 0.967430984, -6.8797065e-006, -1, 5.21223731e-006, 0.967430984, 1.7234072e-005, -0.253134925, 0.253134925, -1.23484976e-005, 0.967430984, 1.35469392e-005, -1, -1.63088647e-005, 0, 0, 0, 0, 0, 0, 0, 0.311071362, -0.181425195, -0.165090039, -0.240398492, 0.578025119, -0.779782423, -0.930053711, 0.0926513672, 0.35534668, 0.277720141, 0.810670935, 0.515539018, 0, 0, -0, 0, 0, 0, 0, 0.349412891, -0.152711572, -0.142481396, 0.123534753, -0.0429865558, -0.991391671, 0.631347656, -0.767211914, 0.112060547, -0.76545024, -0.639711593, -0.0677448786, 0, 1, 1, 1, 
291.935411, 17, 0.1, 0.1, 0.0117889231, 0.359447015, -0.0199622354, 0.967430983, 1.6041107e-005, -0.253134932, 0.253134932, -6.64818683e-006, 0.967430983, 1.38357756e-005, -1, -1.04922264e-005, 0.967430983, 2.57608918e-005, -0.253134931, 0.253134931, -1.2446673e-005, 0.967430983, 2.17711971e-005, -1, -1.85622787e-005, 0, 0, 0, 0, 0, 0, 0, 0.311290088, -0.181264453, -0.164918921, -0.240361422, 0.576731078, -0.780760067, -0.930664062, 0.0914306641, 0.354125977, 0.275613207, 0.811864627, 0.514828718, 0, 0, -0, 0, 0, 0, 0, 0.349412891, -0.152711572, -0.142481396, 0.123534753, -0.0429865558, -0.991391671, 0.631347656, -0.767211914, 0.112060547, -0.76545024, -0.639711593, -0.0677448786, 0, 1, 1, 1, 
291.936227, 17, 0.1, 0.1, 0.0117889214, 0.359447016, -0.0199628333, 0.967430981, 1.64410826e-005, -0.25313494, 0.25313494, -1.05383539e-005, 0.967430981, 1.32379871e-005, -1, -1.43569425e-005, 0.967430981, 9.67562758e-006, -0.253134938, 0.253134938, -5.69386658e-006, 0.967430981, 7.91918532e-006, -1, -7.95766232e-006, 0, 0, 0, 0, 0, 0, 0, 0.311290088, -0.181264453, -0.164918921, -0.240361422, 0.576731078, -0.780760067, -0.930664062, 0.0914306641, 0.354125977, 0.275613207, 0.811864627, 0.514828718, 0, 0, -0, 0, 0, 0, 0, 0.349634668, -0.152738428, -0.14247627, 0.123362312, -0.0431528, -0.991429951, 0.632080078, -0.766723633, 0.112060547, -0.764977394, -0.640465522, -0.0673806738, 0, 1, 1, 1, 
291.937023, 17, 0.1, 0.1, 0.0117889188, 0.359447017, -0.0199641804, 0.96743098, 6.71693448e-006, -0.253134942, 0.253134942, -4.39952299e-006, 0.96743098, 5.38449751e-006, -1, -5.95652566e-006, 0.96743098, -1.69522796e-005, -0.253134943, 0.253134943, 8.66338704e-006, 0.96743098, -1.42071545e-005, -1, 1.26724433e-005, 0, 0, 0, 0, 0, 0, 0, 0.311290088, -0.181264453, -0.164918921, -0.240361422, 0.576731078, -0.780760067, -0.930664062, 0.0914306641, 0.354125977, 0.275613207, 0.811864627, 0.514828718, 0, 0, -0, 0, 0, 0, 0, 0.349634668, -0.152738428, -0.14247627, 0.123362312, -0.0431528, -0.991429951, 0.632080078, -0.766723633, 0.112060547, -0.764977394, -0.640465522, -0.0673806738, 0, 1, 1, 1, 
291.937819, 17, 0.1, 0.1, 0.0117889169, 0.359447018, -0.0199657868, 0.967430978, -1.46688629e-005, -0.253134948, 0.253134948, 9.65368561e-006, 0.967430978, -1.17474272e-005, -1, 1.30524764e-005, 0.967430979, -2.27934994e-005, -0.253134946, 0.253134946, 1.48049706e-005, 0.967430979, -1.8303482e-005, -1, 2.00926185e-005, 0, 0, 0, 0, 0, 0, 0, 0.311290088, -0.181264453, -0.164918921, -0.240361422, 0.576731078, -0.780760067, -0.930664062, 0.0914306641, 0.354125977, 0.275613207, 0.811864627, 0.514828718, 0, 0, -0, 0, 0, 0, 0, 0.349634668, -0.152738428, -0.14247627, 0.123362312, -0.0431528, -0.991429951, 0.632080078, -0.766723633, 0.112060547, -0.764977394, -0.640465522, -0.0673806738, 0, 1, 1, 1, 
291.938612, 17, 0.1, 0.1, 0.0117889162, 0.359447018, -0.0199670961, 0.967430977, -2.06663201e-005, -0.253134955, 0.253134955, 1.0975917e-005, 0.967430977, -1.721485e-005, -1, 1.58498101e-005, 0.967430977, -1.42902663e-005, -0.253134954, 0.253134954, 7.24116493e-006, 0.967430977, -1.19918543e-005, -1, 1.06226932e-005, 0, 0, 0, 0, 0, 0, 0, 0.311290088, -0.181264453, -0.164918921, -0.240361422, 0.576731078, -0.780760067, -0.930664062, 0.0914306641, 0.354125977, 0.275613207, 0.811864627, 0.514828718, 0, 0, -0, 0, 0, 0, 0, 0.349634668, -0.152738428, -0.14247627, 0.123362312, -0.0431528, -0.991429951, 0.632080078, -0.766723633, 0.112060547, -0.764977394, -0.640465522, -0.0673806738, 0, 1, 1, 1, 
291.939403, 17, 0.1, 0.1, 0.0117889163, 0.359447018, -0.0199677334, 0.967430976, -1.07321977e-005, -0.253134956, 0.253134956, 7.47407421e-006, 0.967430976, -8.49071108e-006, -1, 9.94734531e-006, 0.967430977, 1.00488572e-005, -0.253134955, 0.253134955, -4.86780909e-006, 0.967430977, 8.48936315e-006, -1, -7.25298633e-006, 0, 0, 0, 0, 0, 0, 0, 0.311290088, -0.181264453, -0.164918921, -0.240361422, 0.576731078, -0.780760067, -0.930664062, 0.0914306641, 0.354125977, 0.275613207, 0.811864627, 0.514828718, 0, 0, -0, 0, 0, 0, 0, 0.349634668, -0.152738428, -0.14247627, 0.123362312, -0.0431528, -0.991429951, 0.632080078, -0.766723633, 0.112060547, -0.764977394, -0.640465522, -0.0673806738, 0, 1, 1, 1, 
291.940201, 17, 0.1, 0.1, 0.0117889166, 0.359447018, -0.0199675065, 0.967430975, 1.11935508e-005, -0.253134963, 0.253134963, -7.46589964e-006, 0.967430975, 8.93910756e-006, -1, -1.00562216e-005, 0.967430975, 1.89682351e-005, -0.253134962, 0.253134962, -1.16619899e-005, 0.967430975, 1.53984008e-005, -1, -1.60836937e-005, 0, 0, 0, 0, 0, 0, 0, 0.311290088, -0.181264453, -0.164918921, -0.240361422, 0.576731078, -0.780760067, -0.930664062, 0.0914306641, 0.354125977, 0.275613207, 0.811864627, 0.514828718, 0, 0, -0, 0, 0, 0, 0, 0.349634668, -0.152738428, -0.14247627, 0.123362312, -0.0431528, -0.991429951, 0.632080078, -0.766723633, 0.112060547, -0.764977394, -0.640465522, -0.0673806738, 0, 1, 1, 1, 
291.941028, 17, 0.1, 0.1, 0.0117889157, 0.359447018, -0.0199661065, 0.967430975, 2.070143e-005, -0.253134961, 0.253134961, -1.14842407e-005, 0.967430975, 1.71201418e-005, -1, -1.63504659e-005, 0.967430975, 1.35044349e-005, -0.253134962, 0.253134962, -7.62185013e-006, 0.967430975, 1.11352519e-005, -1, -1.07920585e-005, 0, 0, 0, 0, 0, 0, 0, 0.310891577, -0.18199729, -0.164981787, -0.239510336, 0.575462125, -0.781890479, -0.930419922, 0.09375, 0.354125977, 0.277085103, 0.812436385, 0.513153879, 0, 0, -0, 0, 0, 0, 0, 0.349151562, -0.152996338, -0.142680957, 0.122902226, -0.0438108473, -0.991385108, 0.631713867, -0.766967773, 0.112304688, -0.765271236, -0.640043715, -0.0666395044, 0, 1, 1, 1, 
291.941824, 17, 0.1, 0.1, 0.0117889148, 0.359447019, -0.0199644639, 0.967430976, 1.47953117e-005, -0.253134958, 0.253134958, -8.90369848e-006, 0.967430976, 1.20596055e-005, -1, -1.23589243e-005, 0.967430976, -8.91607217e-006, -0.253134958, 0.253134958, 4.91921601e-006, 0.967430976, -7.38045886e-006, -1, 7.0159715e-006, 0, 0, 0, 0, 0, 0, 0, 0.310891577, -0.18199729, -0.164981787, -0.239510336, 0.575462125, -0.781890479, -0.930419922, 0.09375, 0.354125977, 0.277085103, 0.812436385, 0.513153879, 0, 0, -0, 0, 0, 0, 0, 0.349151562, -0.152996338, -0.142680957, 0.122902226, -0.0438108473, -0.991385108, 0.631713867, -0.766967773, 0.112304688, -0.765271236, -0.640043715, -0.0666395044, 0, 1, 1, 1, 
291.942622, 17, 0.1, 0.1, 0.0117889143, 0.359447019, -0.0199631881, 0.967430976, -9.11363976e-006, -0.253134959, 0.253134959, 5.03767963e-006, 0.967430976, -7.54160458e-006, -1, 7.18058814e-006, 0.967430976, -1.78826593e-005, -0.253134958, 0.253134958, 1.05552697e-005, 0.967430976, -1.46283308e-005, -1, 1.47382211e-005, 0, 0, 0, 0, 0, 0, 0, 0.310891577, -0.18199729, -0.164981787, -0.239510336, 0.575462125, -0.781890479, -0.930419922, 0.09375, 0.354125977, 0.277085103, 0.812436385, 0.513153879, 0, 0, -0, 0, 0, 0, 0, 0.349151562, -0.152996338, -0.142680957, 0.122902226, -0.0438108473, -0.991385108, 0.631713867, -0.766967773, 0.112304688, -0.765271236, -0.640043715, -0.0666395044, 0, 1, 1, 1, 
291.943448, 17, 0.1, 0.1, 0.0117889149, 0.359447019, -0.0199624366, 0.967430973, -1.95991245e-005, -0.253134967, 0.253134967, 1.20226411e-005, 0.967430973, -1.59174492e-005, -1, 1.65922991e-005, 0.967430974, -1.1116064e-005, -0.253134965, 0.253134965, 7.01411612e-006, 0.967430974, -8.97850655e-006, -1, 9.59953765e-006, 0, 0, 0, 0, 0, 0, 0, 0.310460596, -0.182052954, -0.165259106, -0.239256097, 0.574332834, -0.782862132, -0.930297852, 0.0952148437, 0.354125977, 0.277909979, 0.813109615, 0.511701079, 0, 0, -0, 0, 0, 0, 0, 0.349151562, -0.152996338, -0.142680957, 0.122538021, -0.0441622923, -0.991436148, 0.631835937, -0.766845703, 0.112426758, -0.765309516, -0.640203396, -0.066153898, 0, 1, 1, 1, 
291.944246, 17, 0.1, 0.1, 0.0117889155, 0.359447018, -0.0199624074, 0.96743097, -1.26191862e-005, -0.253134981, 0.253134981, 7.4517687e-006, 0.96743097, -1.03218882e-005, -1, 1.04034293e-005, 0.967430971, 1.23052896e-005, -0.253134978, 0.253134978, -7.5523743e-006, 0.967430971, 9.99274814e-006, -1, -1.04213e-005, 0, 0, 0, 0, 0, 0, 0, 0.310460596, -0.182052954, -0.165259106, -0.239256097, 0.574332834, -0.782862132, -0.930297852, 0.0952148437, 0.354125977, 0.277909979, 0.813109615, 0.511701079, 0, 0, -0, 0, 0, 0, 0, 0.348903418, -0.152799707, -0.143120605, 0.122538021, -0.0441622923, -0.991436148, 0.631835937, -0.766845703, 0.112426758, -0.765309516, -0.640203396, -0.066153898, 0, 1, 1, 1, 
291.945044, 17, 0.1, 0.1, 0.0117889155, 0.359447018, -0.0199632759, 0.967430965, 1.12079077e-005, -0.253134997, 0.253134998, -6.49654987e-006, 0.967430965, 9.19837281e-006, -1, -9.12207719e-006, 0.967430966, 1.9997898e-005, -0.253134994, 0.253134995, -1.14875838e-005, 0.967430966, 1.64386763e-005, -1, -1.61756121e-005, 0, 0, 0, 0, 0, 0, 0, 0.310460596, -0.182052954, -0.165259106, -0.239256097, 0.574332834, -0.782862132, -0.930297852, 0.0952148437, 0.354125977, 0.277909979, 0.813109615, 0.511701079, 0, 0, -0, 0, 0, 0, 0, 0.348903418, -0.152799707, -0.143120605, 0.122538021, -0.0441622923, -0.991436148, 0.631835937, -0.766845703, 0.112426758, -0.765309516, -0.640203396, -0.066153898, 0, 1, 1, 1, 
291.945866, 17, 0.1, 0.1, 0.0117889148, 0.359447018, -0.0199646342, 0.967430963, 2.2228717e-005, -0.253135008, 0.253135008, -1.22539048e-005, 0.967430963, 1.84028568e-005, -1, -1.74816734e-005, 0.967430963, 1.49454887e-005, -0.253135006, 0.253135006, -8.21050271e-006, 0.967430963, 1.23803629e-005, -1, -1.17263209e-005, 0, 0, 0, 0, 0, 0, 0, 0.310460596, -0.182052954, -0.165259106, -0.239256097, 0.574332834, -0.782862132, -0.930297852, 0.0952148437, 0.354125977, 0.277909979, 0.813109615, 0.511701079, 0, 0, -0, 0, 0, 0, 0, 0.348903418, -0.152799707, -0.143120605, 0.122538021, -0.0441622923, -0.991436148, 0.631835937, -0.766845703, 0.112426758, -0.765309516, -0.640203396, -0.066153898, 0, 1, 1, 1, 
291.946662, 17, 0.1, 0.1, 0.0117889138, 0.359447019, -0.019965778, 0.967430961, 1.23420522e-005, -0.253135014, 0.253135014, -8.04473317e-006, 0.967430961, 9.90367982e-006, -1, -1.09069295e-005, 0.967430962, -9.87455536e-006, -0.253135013, 0.253135013, 5.00764343e-006, 0.967430962, -8.28534071e-006, -1, 7.344145e-006, 0, 0, 0, 0, 0, 0, 0, 0.310460596, -0.182052954, -0.165259106, -0.239256097, 0.574332834, -0.782862132, -0.930297852, 0.0952148437, 0.354125977, 0.277909979, 0.813109615, 0.511701079, 0, 0, -0, 0, 0, 0, 0, 0.348903418, -0.152799707, -0.143120605, 0.122538021, -0.0441622923, -0.991436148, 0.631835937, -0.766845703, 0.112426758, -0.765309516, -0.640203396, -0.066153898, 0, 1, 1, 1, 
291.947455, 17, 0.1, 0.1, 0.011788913, 0.359447019, -0.0199666644, 0.967430958, -1.05334011e-005, -0.253135027, 0.253135028, 7.39645538e-006, 0.967430958, -8.31803635e-006, -1, 9.82193268e-006, 0.967430958, -1.80158016e-005, -0.253135025, 0.253135025, 1.16863267e-005, 0.967430958, -1.44708256e-005, -1, 1.58661446e-005, 0, 0, 0, 0, 0, 0, 0, 0.310460596, -0.182052954, -0.165259106, -0.239256097, 0.574332834, -0.782862132, -0.930297852, 0.0952148437, 0.354125977, 0.277909979, 0.813109615, 0.511701079, 0, 0, -0, 0, 0, 0, 0, 0.348903418, -0.152799707, -0.143120605, 0.122538021, -0.0441622923, -0.991436148, 0.631835937, -0.766845703, 0.112426758, -0.765309516, -0.640203396, -0.066153898, 0, 1, 1, 1, 
291.948268, 17, 0.1, 0.1, 0.0117889127, 0.359447019, -0.0199669039, 0.967430956, -2.16425079e-005, -0.253135034, 0.253135034, 1.1350441e-005, 0.967430956, -1.80644378e-005, -1, 1.6459245e-005, 0.967430956, -1.45911221e-005, -0.253135034, 0.253135034, 7.71781606e-006, 0.967430956, -1.21622535e-005, -1, 1.11599783e-005, 0, 0, 0, 0, 0, 0, 0, 0.3108927, -0.182618213, -0.163848755, -0.235137708, 0.571934591, -0.785737776, -0.931518555, 0.0980224609, 0.350097656, 0.277381283, 0.814354603, 0.509931881, 0, 0, -0, 0, 0, 0, 0, 0.348903418, -0.152799707, -0.143120605, 0.122538021, -0.0441622923, -0.991436148, 0.631835937, -0.766845703, 0.112426758, -0.765309516, -0.640203396, -0.066153898, 0, 1, 1, 1, 
291.94908, 17, 0.1, 0.1, 0.0117889125, 0.359447019, -0.0199661962, 0.967430954, -1.36341264e-005, -0.253135041, 0.253135041, 8.63407615e-006, 0.967430954, -1.10044887e-005, -1, 1.18041477e-005, 0.967430955, 8.4054012e-006, -0.253135038, 0.253135038, -5.06145824e-006, 0.967430955, 6.85041288e-006, -1, -7.02431293e-006, 0, 0, 0, 0, 0, 0, 0, 0.3108927, -0.182618213, -0.163848755, -0.235137708, 0.571934591, -0.785737776, -0.931518555, 0.0980224609, 0.350097656, 0.277381283, 0.814354603, 0.509931881, 0, 0, -0, 0, 0, 0, 0, 0.349086035, -0.153122559, -0.142226416, 0.125208856, -0.0456191115, -0.991078506, 0.631591797, -0.766601562, 0.115234375, -0.7650288, -0.640356514, -0.0672209928, 0, 1, 1, 1, 
291.949877, 17, 0.1, 0.1, 0.0117889124, 0.35944702, -0.0199652286, 0.967430952, 9.22666543e-006, -0.253135049, 0.25313505, -5.45619802e-006, 0.967430952, 7.54500676e-006, -1, -7.61408725e-006, 0.967430952, 1.77941807e-005, -0.253135049, 0.253135049, -9.77787975e-006, 0.967430952, 1.47395171e-005, -1, -1.39637543e-005, 0, 0, 0, 0, 0, 0, 0, 0.3108927, -0.182618213, -0.163848755, -0.235137708, 0.571934591, -0.785737776, -0.931518555, 0.0980224609, 0.350097656, 0.277381283, 0.814354603, 0.509931881, 0, 0, -0, 0, 0, 0, 0, 0.349086035, -0.153122559, -0.142226416, 0.125208856, -0.0456191115, -0.991078506, 0.631591797, -0.766601562, 0.115234375, -0.7650288, -0.640356514, -0.0672209928, 0, 1, 1, 1, 
291.950681, 17, 0.1, 0.1, 0.0117889111, 0.35944702, -0.0199642767, 0.967430952, 1.90654696e-005, -0.253135049, 0.253135049, -1.05339685e-005, 0.967430952, 1.57780087e-005, -1, -1.50170257e-005, 0.967430952, 1.10214481e-005, -0.253135049, 0.253135049, -6.49772678e-006, 0.967430952, 9.01768767e-006, -1, -9.07601681e-006, 0, 0, 0, 0, 0, 0, 0, 0.3108927, -0.182618213, -0.163848755, -0.235137708, 0.571934591, -0.785737776, -0.931518555, 0.0980224609, 0.350097656, 0.277381283, 0.814354603, 0.509931881, 0, 0, -0, 0, 0, 0, 0, 0.349086035, -0.153122559, -0.142226416, 0.125208856, -0.0456191115, -0.991078506, 0.631591797, -0.766601562, 0.115234375, -0.7650288, -0.640356514, -0.0672209928, 0, 1, 1, 1, 
291.951476, 17, 0.1, 0.1, 0.0117889097, 0.359447021, -0.0199636378, 0.96743095, 1.24504035e-005, -0.253135055, 0.253135055, -7.9906241e-006, 0.96743095, 1.00221987e-005, -1, -1.08820107e-005, 0.967430951, -1.15441575e-005, -0.253135052, 0.253135052, 6.84161947e-006, 0.967430951, -9.43632161e-006, -1, 9.54102536e-006, 0, 0, 0, 0, 0, 0, 0, 0.3108927, -0.182618213, -0.163848755, -0.235137708, 0.571934591, -0.785737776, -0.931518555, 0.0980224609, 0.350097656, 0.277381283, 0.814354603, 0.509931881, 0, 0, -0, 0, 0, 0, 0, 0.349086035, -0.153122559, -0.142226416, 0.125208856, -0.0456191115, -0.991078506, 0.631591797, -0.766601562, 0.115234375, -0.7650288, -0.640356514, -0.0672209928, 0, 1, 1, 1, 
291.952276, 17, 0.1, 0.1, 0.0117889088, 0.359447021, -0.0199635395, 0.967430949, -1.03087025e-005, -0.253135062, 0.253135062, 6.04937843e-006, 0.967430949, -8.44164802e-006, -1, 8.46184995e-006, 0.967430949, -1.95642932e-005, -0.253135062, 0.253135062, 1.07155788e-005, 0.967430949, -1.6214614e-005, -1, 1.53189911e-005, 0, 0, 0, 0, 0, 0, 0, 0.3108927, -0.182618213, -0.163848755, -0.235137708, 0.571934591, -0.785737776, -0.931518555, 0.0980224609, 0.350097656, 0.277381283, 0.814354603, 0.509931881, 0, 0, -0, 0, 0, 0, 0, 0.349086035, -0.153122559, -0.142226416, 0.125208856, -0.0456191115, -0.991078506, 0.631591797, -0.766601562, 0.115234375, -0.7650288, -0.640356514, -0.0672209928, 0, 1, 1, 1, 
291.95309, 17, 0.1, 0.1, 0.0117889094, 0.359447021, -0.0199638981, 0.967430949, -1.8896941e-005, -0.25313506, 0.25313506, 1.03932148e-005, 0.967430949, -1.56505985e-005, -1, 1.4838196e-005, 0.967430949, -1.05230898e-005, -0.25313506, 0.25313506, 6.19320029e-006, 0.967430949, -8.61264662e-006, -1, 8.6552566e-006, 0, 0, 0, 0, 0, 0, 0, 0.3108927, -0.182618213, -0.163848755, -0.232511434, 0.570824396, -0.78736244, -0.932739258, 0.0981445312, 0.346679688, 0.275235035, 0.8151484, 0.509818427, 0, 0, -0, 0, 0, 0, 0, 0.349086035, -0.153122559, -0.142226416, 0.125208856, -0.0456191115, -0.991078506, 0.631591797, -0.766601562, 0.115234375, -0.7650288, -0.640356514, -0.0672209928, 0, 1, 1, 1, 
291.953905, 17, 0.1, 0.1, 0.0117889103, 0.35944702, -0.0199642322, 0.967430948, -1.00564207e-005, -0.253135065, 0.253135065, 6.60112648e-006, 0.967430948, -8.05791606e-006, -1, 8.93176676e-006, 0.967430948, 1.33538429e-005, -0.253135062, 0.253135063, -7.9530037e-006, 0.967430948, 1.09057368e-005, -1, -1.10743078e-005, 0, 0, 0, 0, 0, 0, 0, 0.310797144, -0.182672534, -0.162815918, -0.232511434, 0.570824396, -0.78736244, -0.932739258, 0.0981445312, 0.346679688, 0.275235035, 0.8151484, 0.509818427, 0, 0, -0, 0, 0, 0, 0, 0.349242285, -0.152951074, -0.141557178, 0.127343046, -0.0461495605, -0.990708105, 0.632080078, -0.765869141, 0.11706543, -0.764313517, -0.641148722, -0.0684094891, 0, 1, 1, 1, 
