time, trialNum, realDorsalTactorPos, realVentralTactorPos, boxPosX, boxPosY, boxPosZ, boxLocalRot_11, boxLocalRot_12, boxLocalRot_13, boxLocalRot_21, boxLocalRot_22, boxLocalRot_23, boxLocalRot_31, boxLocalRot_32, boxLocalRot_33, boxGlobalRot_11, boxGlobalRot_12, boxGlobalRot_13, boxGlobalRot_21, boxGlobalRot_22, boxGlobalRot_23, boxGlobalRot_31, boxGlobalRot_32, boxGlobalRot_33, indexForceX, indexForceY, indexForceZ, indexForceGlobalX, indexForceGlobalY, indexForceGlobalZ, indexContact, indexPosX, indexPosY, indexPosZ, indexRot_11, indexRot_12, indexRot_13, indexRot_21, indexRot_22, indexRot_23, indexRot_31, indexRot_32, indexRot_33, thumbForceX, thumbForceY, thumbForceZ, thumbForceGlobalX, thumbForceGlobalY, thumbForceGlobalZ, thumbContact, thumbPosX, thumbPosY, thumbPosZ, thumbRot_11, thumbRot_12, thumbRot_13, thumbRot_21, thumbRot_22, thumbRot_23, thumbRot_31, thumbRot_32, thumbRot_33, manipForceTooHigh, cceExpType, mapping, trialSuccess, 
284.763712, 16, 0.1, 0.1, 0.0132818541, 0.351194257, -0.019954632, 0.990414359, -0.138128192, 8.20195957e-006, 0.138128191, 0.990414359, 9.35930388e-006, -9.41612225e-006, -8.13666712e-006, 1, 0.990414346, -0.13812828, -3.39447509e-005, 0.138128281, 0.990414347, 7.84179323e-006, 3.25361949e-005, -1.24553546e-005, 0.999999999, 0, 0, 0, 0, 0, 0, 0, 0.345422559, -0.154550415, -0.171061108, -0.203411649, 0.699270694, -0.68522582, -0.929443359, 0.08203125, 0.35949707, 0.30758007, 0.710020438, 0.633424053, 0, 0, -0, 0, 0, 0, 0, 0.393133984, -0.131463086, -0.145850977, 0.230441385, 0.0359395129, -0.972399557, 0.528686523, -0.843505859, 0.0942382813, -0.816812683, -0.535799558, -0.213408207, 0, 1, 1, 1, 
284.791773, 16, 0.1, 0.1, 0.0132818356, 0.351194258, -0.0199626877, 0.990416419, -0.138113418, -1.16769537e-005, 0.138113419, 0.990416419, 9.93843654e-006, 1.01924153e-005, -1.14559347e-005, 1, 0.990416418, -0.138113429, -2.38740483e-005, 0.138113429, 0.990416418, -1.17967793e-005, 2.5274543e-005, 8.38639726e-006, 1, 0, 0, 0, 0, 0, 0, 0, 0.340965454, -0.160059912, -0.169180151, -0.216911835, 0.705354109, -0.674722228, -0.923339844, 0.076171875, 0.376342773, 0.316763029, 0.704731202, 0.634973838, 0, 0, -0, 0, 0, 0, 0, 0.388539258, -0.135111279, -0.144117773, 0.211688303, 0.0492801958, -0.976040139, 0.536132812, -0.840820313, 0.0738525391, -0.817065313, -0.538938876, -0.204462402, 0, 1, 1, 1, 
284.792604, 16, 0.1, 0.1, 0.0132818309, 0.351194257, -0.019966598, 0.990416483, -0.138112959, -5.70858696e-006, 0.138112959, 0.990416483, -1.05236943e-005, 7.10733719e-006, 9.6344105e-006, 1, 0.990416466, -0.138113085, 1.95636024e-005, 0.138113085, 0.990416466, -1.33645293e-005, -1.75302976e-005, 1.59384394e-005, 1, 0, 0, 0, 0, 0, 0, 0, 0.34152041, -0.159358325, -0.169257764, -0.223373423, 0.705976043, -0.671942064, -0.922607422, 0.0690917969, 0.379272461, 0.314202278, 0.70475629, 0.636140198, 0, 0, -0, 0, 0, 0, 0, 0.389070801, -0.134552246, -0.144348828, 0.208685712, 0.0524741837, -0.976531942, 0.541625977, -0.837524414, 0.0708007813, -0.814189588, -0.543635625, -0.203286665, 0, 1, 1, 1, 
284.793395, 16, 0.1, 0.1, 0.0132818311, 0.351194255, -0.0199695027, 0.990416593, -0.138112171, 2.52281572e-005, 0.138112171, 0.990416593, -9.9919243e-006, -2.36063791e-005, 1.33804832e-005, 1, 0.990416572, -0.138112323, 1.46907465e-005, 0.138112323, 0.990416572, -6.18475307e-006, -1.36957682e-005, 8.15445507e-006, 1, 0, 0, 0, 0, 0, 0, 0, 0.34152041, -0.159358325, -0.169257764, -0.223373423, 0.705976043, -0.671942064, -0.922607422, 0.0690917969, 0.379272461, 0.314202278, 0.70475629, 0.636140198, 0, 0, -0, 0, 0, 0, 0, 0.389070801, -0.134552246, -0.144348828, 0.208685712, 0.0524741837, -0.976531942, 0.541625977, -0.837524414, 0.0708007813, -0.814189588, -0.543635625, -0.203286665, 0, 1, 1, 1, 
284.794194, 16, 0.1, 0.1, 0.0132818322, 0.351194254, -0.0199707891, 0.990416668, -0.138111633, -2.14716851e-005, 0.138111633, 0.990416668, -1.28214129e-005, 2.30367011e-005, 9.73305156e-006, 1, 0.990416659, -0.138111697, -2.4216476e-005, 0.138111698, 0.990416659, 2.85409886e-006, 2.35902169e-005, -6.17132568e-006, 1, 0, 0, 0, 0, 0, 0, 0, 0.34152041, -0.159358325, -0.169257764, -0.223373423, 0.705976043, -0.671942064, -0.922607422, 0.0690917969, 0.379272461, 0.314202278, 0.70475629, 0.636140198, 0, 0, -0, 0, 0, 0, 0, 0.389070801, -0.134552246, -0.144348828, 0.208685712, 0.0524741837, -0.976531942, 0.541625977, -0.837524414, 0.0708007813, -0.814189588, -0.543635625, -0.203286665, 0, 1, 1, 1, 
284.794993, 16, 0.1, 0.1, 0.0132818303, 0.351194253, -0.0199700855, 0.990416674, -0.138111593, 3.18075585e-006, 0.138111593, 0.990416674, 7.34354159e-006, -4.16450186e-006, -6.83386677e-006, 1, 0.990416676, -0.138111575, 1.49306286e-005, 0.138111575, 0.990416676, 1.47499286e-005, -1.68246794e-005, -1.25464826e-005, 1, 0, 0, 0, 0, 0, 0, 0, 0.34152041, -0.159358325, -0.169257764, -0.223373423, 0.705976043, -0.671942064, -0.922607422, 0.0690917969, 0.379272461, 0.314202278, 0.70475629, 0.636140198, 0, 0, -0, 0, 0, 0, 0, 0.389070801, -0.134552246, -0.144348828, 0.208685712, 0.0524741837, -0.976531942, 0.541625977, -0.837524414, 0.0708007813, -0.814189588, -0.543635625, -0.203286665, 0, 1, 1, 1, 
284.795808, 16, 0.1, 0.1, 0.0132818335, 0.351194253, -0.0199676899, 0.990416669, -0.13811163, 9.88121792e-006, 0.13811163, 0.990416669, 1.47384359e-005, -1.18220724e-005, -1.32324815e-005, 1, 0.990416665, -0.138111658, -1.51776634e-005, 0.138111658, 0.990416665, 6.39952937e-006, 1.41483611e-005, -8.43441279e-006, 1, 0, 0, 0, 0, 0, 0, 0, 0.34152041, -0.159358325, -0.169257764, -0.223373423, 0.705976043, -0.671942064, -0.922607422, 0.0690917969, 0.379272461, 0.314202278, 0.70475629, 0.636140198, 0, 0, -0, 0, 0, 0, 0, 0.389070801, -0.134552246, -0.144348828, 0.208685712, 0.0524741837, -0.976531942, 0.541625977, -0.837524414, 0.0708007813, -0.814189588, -0.543635625, -0.203286665, 0, 1, 1, 1, 
284.796608, 16, 0.1, 0.1, 0.0132818326, 0.351194254, -0.0199644709, 0.990416729, -0.138111193, -2.87454866e-005, 0.138111193, 0.99041673, 3.50603747e-006, 2.79857878e-005, -7.44251161e-006, 1, 0.990416711, -0.138111329, -1.4899858e-005, 0.138111328, 0.990416711, -1.40774864e-005, 1.67013287e-005, 1.18847386e-005, 1, 0, 0, 0, 0, 0, 0, 0, 0.34152041, -0.159358325, -0.169257764, -0.223373423, 0.705976043, -0.671942064, -0.922607422, 0.0690917969, 0.379272461, 0.314202278, 0.70475629, 0.636140198, 0, 0, -0, 0, 0, 0, 0, 0.389070801, -0.134552246, -0.144348828, 0.208685712, 0.0524741837, -0.976531942, 0.541625977, -0.837524414, 0.0708007813, -0.814189588, -0.543635625, -0.203286665, 0, 1, 1, 1, 
284.797439, 16, 0.1, 0.1, 0.0132818293, 0.351194254, -0.0199612572, 0.990416833, -0.138110445, 3.72812739e-005, 0.138110445, 0.990416834, -1.09746071e-005, -3.54082933e-005, 1.6018369e-005, 0.999999999, 0.990416815, -0.138110575, 3.99728536e-005, 0.138110576, 0.990416816, -1.8083218e-005, -3.70923027e-005, 2.3430597e-005, 0.999999999, 0, 0, 0, 0, 0, 0, 0, 0.341914502, -0.158651978, -0.169127759, -0.22861024, 0.706699447, -0.66948541, -0.922241211, 0.0628662109, 0.381225586, 0.311571135, 0.704641714, 0.637604981, 0, 0, -0, 0, 0, 0, 0, 0.38919541, -0.133986133, -0.144133643, 0.20648809, 0.0554319315, -0.976838544, 0.545898437, -0.835083008, 0.0679931641, -0.811965713, -0.54725252, -0.202705177, 0, 1, 1, 1, 
284.798239, 16, 0.1, 0.1, 0.0132818312, 0.351194255, -0.0199595508, 0.990416874, -0.138110157, -5.32120426e-006, 0.138110157, 0.990416874, -2.72057662e-005, 9.02760313e-006, 2.62101376e-005, 1, 0.990416874, -0.138110159, -2.16118391e-005, 0.138110158, 0.990416874, -2.26277267e-005, 2.45298491e-005, 1.94260679e-005, 1, 0, 0, 0, 0, 0, 0, 0, 0.341914502, -0.158651978, -0.169127759, -0.22861024, 0.706699447, -0.66948541, -0.922241211, 0.0628662109, 0.381225586, 0.311571135, 0.704641714, 0.637604981, 0, 0, -0, 0, 0, 0, 0, 0.38919541, -0.133986133, -0.144133643, 0.20648809, 0.0554319315, -0.976838544, 0.545898437, -0.835083008, 0.0679931641, -0.811965713, -0.54725252, -0.202705177, 0, 1, 1, 1, 
284.79904, 16, 0.1, 0.1, 0.0132818272, 0.351194254, -0.0199598384, 0.99041683, -0.138110476, -1.51016268e-005, 0.138110476, 0.990416829, -1.93694576e-005, 1.76320303e-005, 1.70981439e-005, 1, 0.990416842, -0.138110388, 1.2771709e-005, 0.138110388, 0.990416842, 5.94308719e-006, -1.34701178e-005, -4.12222797e-006, 1, 0, 0, 0, 0, 0, 0, 0, 0.341914502, -0.158651978, -0.169127759, -0.22861024, 0.706699447, -0.66948541, -0.922241211, 0.0628662109, 0.381225586, 0.311571135, 0.704641714, 0.637604981, 0, 0, -0, 0, 0, 0, 0, 0.38919541, -0.133986133, -0.144133643, 0.20648809, 0.0554319315, -0.976838544, 0.545898437, -0.835083008, 0.0679931641, -0.811965713, -0.54725252, -0.202705177, 0, 1, 1, 1, 
284.799848, 16, 0.1, 0.1, 0.013281829, 0.351194254, -0.019961848, 0.990416801, -0.138110682, 2.36836202e-005, 0.138110682, 0.990416801, 7.01145568e-006, -2.44250123e-005, -3.67330257e-006, 1, 0.9904168, -0.138110691, 8.99813245e-006, 0.13811069, 0.9904168, 1.27488967e-005, -1.06726605e-005, -1.13839832e-005, 1, 0, 0, 0, 0, 0, 0, 0, 0.341914502, -0.158651978, -0.169127759, -0.22861024, 0.706699447, -0.66948541, -0.922241211, 0.0628662109, 0.381225586, 0.311571135, 0.704641714, 0.637604981, 0, 0, -0, 0, 0, 0, 0, 0.38919541, -0.133986133, -0.144133643, 0.20648809, 0.0554319315, -0.976838544, 0.545898437, -0.835083008, 0.0679931641, -0.811965713, -0.54725252, -0.202705177, 0, 1, 1, 1, 
284.800652, 16, 0.1, 0.1, 0.0132818306, 0.351194256, -0.019964612, 0.990416853, -0.138110307, -3.00549128e-005, 0.138110307, 0.990416853, 6.3299105e-006, 2.88926663e-005, -1.04201433e-005, 1, 0.990416837, -0.13811042, -3.04285654e-005, 0.13811042, 0.990416837, -4.5723442e-007, 3.02001124e-005, -3.74964928e-006, 1, 0, 0, 0, 0, 0, 0, 0, 0.341914502, -0.158651978, -0.169127759, -0.22861024, 0.706699447, -0.66948541, -0.922241211, 0.0628662109, 0.381225586, 0.311571135, 0.704641714, 0.637604981, 0, 0, -0, 0, 0, 0, 0, 0.38919541, -0.133986133, -0.144133643, 0.20648809, 0.0554319315, -0.976838544, 0.545898437, -0.835083008, 0.0679931641, -0.811965713, -0.54725252, -0.202705177, 0, 1, 1, 1, 
284.801443, 16, 0.1, 0.1, 0.0132818277, 0.351194256, -0.0199673573, 0.990416929, -0.138109761, 1.11775118e-005, 0.138109761, 0.990416929, 8.60258782e-006, -1.22584983e-005, -6.97642512e-006, 1, 0.990416916, -0.138109852, 2.52667242e-005, 0.138109852, 0.990416917, -7.32318665e-006, -2.40131869e-005, 1.07425915e-005, 1, 0, 0, 0, 0, 0, 0, 0, 0.341914502, -0.158651978, -0.169127759, -0.22861024, 0.706699447, -0.66948541, -0.922241211, 0.0628662109, 0.381225586, 0.311571135, 0.704641714, 0.637604981, 0, 0, -0, 0, 0, 0, 0, 0.38919541, -0.133986133, -0.144133643, 0.20648809, 0.0554319315, -0.976838544, 0.545898437, -0.835083008, 0.0679931641, -0.811965713, -0.54725252, -0.202705177, 0, 1, 1, 1, 
284.802271, 16, 0.1, 0.1, 0.0132818303, 0.351194256, -0.019968895, 0.990416941, -0.138109677, 1.33375223e-005, 0.138109677, 0.990416941, -5.49782228e-006, -1.24504055e-005, 7.28717722e-006, 1, 0.990416944, -0.138109655, -8.60818675e-006, 0.138109654, 0.990416944, -1.54339122e-005, 1.06572663e-005, 1.40971345e-005, 1, 0, 0, 0, 0, 0, 0, 0, 0.341798877, -0.157672095, -0.169806006, -0.235185283, 0.708475758, -0.665384996, -0.920898437, 0.0563964844, 0.385498047, 0.310635048, 0.703371638, 0.639303786, 0, 0, -0, 0, 0, 0, 0, 0.388980566, -0.133180176, -0.144581104, 0.202590846, 0.0586324826, -0.977381387, 0.550292969, -0.832397461, 0.0640869141, -0.809920476, -0.550843895, -0.201043834, 0, 1, 1, 1, 
284.803069, 16, 0.1, 0.1, 0.0132818292, 0.351194254, -0.0199689741, 0.990416897, -0.138109994, -2.06910062e-005, 0.138109994, 0.990416897, -1.34381398e-005, 2.23486636e-005, 1.0451726e-005, 1, 0.990416906, -0.138109931, -1.10107887e-005, 0.138109931, 0.990416906, -7.12009985e-006, 1.18886278e-005, 5.53116799e-006, 1, 0, 0, 0, 0, 0, 0, 0, 0.341798877, -0.157672095, -0.169806006, -0.235185283, 0.708475758, -0.665384996, -0.920898437, 0.0563964844, 0.385498047, 0.310635048, 0.703371638, 0.639303786, 0, 0, -0, 0, 0, 0, 0, 0.388980566, -0.133180176, -0.144581104, 0.202590846, 0.0586324826, -0.977381387, 0.550292969, -0.832397461, 0.0640869141, -0.809920476, -0.550843895, -0.201043834, 0, 1, 1, 1, 
284.803867, 16, 0.1, 0.1, 0.0132818274, 0.351194251, -0.0199677803, 0.990416882, -0.1381101, 2.58714761e-005, 0.1381101, 0.990416882, -4.57164923e-006, -2.49921558e-005, 8.10095072e-006, 1, 0.990416879, -0.13811012, 2.48373347e-005, 0.13811012, 0.990416879, 1.33504888e-005, -2.64431531e-005, -9.79226214e-006, 1, 0, 0, 0, 0, 0, 0, 0, 0.341798877, -0.157672095, -0.169806006, -0.235185283, 0.708475758, -0.665384996, -0.920898437, 0.0563964844, 0.385498047, 0.310635048, 0.703371638, 0.639303786, 0, 0, -0, 0, 0, 0, 0, 0.388980566, -0.133180176, -0.144581104, 0.202590846, 0.0586324826, -0.977381387, 0.550292969, -0.832397461, 0.0640869141, -0.809920476, -0.550843895, -0.201043834, 0, 1, 1, 1, 
284.804695, 16, 0.1, 0.1, 0.0132818304, 0.35119425, -0.0199654488, 0.990416941, -0.138109678, -1.09654128e-005, 0.138109678, 0.990416941, 8.62380355e-006, 9.6692999e-006, -1.00555908e-005, 1, 0.990416926, -0.138109784, -2.67223225e-005, 0.138109785, 0.990416926, 1.38121766e-005, 2.45586438e-005, -1.73704277e-005, 1, 0, 0, 0, 0, 0, 0, 0, 0.341479053, -0.156945361, -0.170295557, -0.241354439, 0.709624144, -0.661944707, -0.919799805, 0.0500488281, 0.389038086, 0.309140308, 0.702818976, 0.640736369, 0, 0, -0, 0, 0, 0, 0, 0.388550781, -0.13258916, -0.145036865, 0.198815003, 0.0619544353, -0.978045631, 0.5546875, -0.829711914, 0.0601806641, -0.807862478, -0.554422511, -0.199395251, 0, 1, 1, 1, 
284.805489, 16, 0.1, 0.1, 0.0132818268, 0.351194249, -0.0199631945, 0.990417003, -0.138109235, -1.56928228e-005, 0.138109235, 0.990417003, 1.13924962e-005, 1.39690296e-005, -1.34506457e-005, 1, 0.990416996, -0.138109284, 1.19562239e-005, 0.138109284, 0.990416996, 1.04157009e-005, -1.32801523e-005, -8.66462167e-006, 1, 0, 0, 0, 0, 0, 0, 0, 0.341479053, -0.156945361, -0.170295557, -0.241354439, 0.709624144, -0.661944707, -0.919799805, 0.0500488281, 0.389038086, 0.309140308, 0.702818976, 0.640736369, 0, 0, -0, 0, 0, 0, 0, 0.388550781, -0.13258916, -0.145036865, 0.198815003, 0.0619544353, -0.978045631, 0.5546875, -0.829711914, 0.0601806641, -0.807862478, -0.554422511, -0.199395251, 0, 1, 1, 1, 
284.806288, 16, 0.1, 0.1, 0.013281827, 0.351194251, -0.0199617411, 0.990416985, -0.138109356, 3.00417034e-005, 0.138109355, 0.990416986, 9.72020415e-006, -3.10962645e-005, -5.478015e-006, 1, 0.990416997, -0.138109275, 2.02615741e-005, 0.138109276, 0.990416997, -1.2285088e-005, -1.83707228e-005, 1.49656713e-005, 1, 0, 0, 0, 0, 0, 0, 0, 0.341479053, -0.156945361, -0.170295557, -0.241354439, 0.709624144, -0.661944707, -0.919799805, 0.0500488281, 0.389038086, 0.309140308, 0.702818976, 0.640736369, 0, 0, -0, 0, 0, 0, 0, 0.388550781, -0.13258916, -0.145036865, 0.198815003, 0.0619544353, -0.978045631, 0.5546875, -0.829711914, 0.0601806641, -0.807862478, -0.554422511, -0.199395251, 0, 1, 1, 1, 
284.807087, 16, 0.1, 0.1, 0.013281828, 0.351194251, -0.0199615434, 0.990416922, -0.138109813, -2.72244507e-005, 0.138109812, 0.990416922, -1.79539374e-005, 2.94431716e-005, 1.40219196e-005, 0.999999999, 0.990416933, -0.138109733, -2.66777766e-005, 0.138109732, 0.990416933, -2.56550275e-005, 2.99653307e-005, 2.17247131e-005, 0.999999999, 0, 0, 0, 0, 0, 0, 0, 0.341479053, -0.156945361, -0.170295557, -0.241354439, 0.709624144, -0.661944707, -0.919799805, 0.0500488281, 0.389038086, 0.309140308, 0.702818976, 0.640736369, 0, 0, -0, 0, 0, 0, 0, 0.388550781, -0.13258916, -0.145036865, 0.198815003, 0.0619544353, -0.978045631, 0.5546875, -0.829711914, 0.0601806641, -0.807862478, -0.554422511, -0.199395251, 0, 1, 1, 1, 
284.807885, 16, 0.1, 0.1, 0.0132818251, 0.351194251, -0.0199625738, 0.990416914, -0.138109874, 1.26560697e-005, 0.138109874, 0.990416913, -1.88232358e-005, -9.93511081e-006, 2.03907793e-005, 1, 0.990416908, -0.13810991, 2.6540403e-005, 0.138109911, 0.990416908, -1.06946947e-005, -2.48090205e-005, 1.42576991e-005, 1, 0, 0, 0, 0, 0, 0, 0, 0.341479053, -0.156945361, -0.170295557, -0.241354439, 0.709624144, -0.661944707, -0.919799805, 0.0500488281, 0.389038086, 0.309140308, 0.702818976, 0.640736369, 0, 0, -0, 0, 0, 0, 0, 0.388550781, -0.13258916, -0.145036865, 0.198815003, 0.0619544353, -0.978045631, 0.5546875, -0.829711914, 0.0601806641, -0.807862478, -0.554422511, -0.199395251, 0, 1, 1, 1, 
284.808685, 16, 0.1, 0.1, 0.0132818285, 0.35119425, -0.0199643696, 0.990416979, -0.138109403, 1.38674575e-005, 0.138109403, 0.990416979, -8.65234171e-006, -1.25395956e-005, 1.04846524e-005, 1, 0.990416963, -0.138109517, -1.55109996e-005, 0.138109517, 0.990416963, 6.06585464e-006, 1.45246048e-005, -8.14994198e-006, 1, 0, 0, 0, 0, 0, 0, 0, 0.341479053, -0.156945361, -0.170295557, -0.241354439, 0.709624144, -0.661944707, -0.919799805, 0.0500488281, 0.389038086, 0.309140308, 0.702818976, 0.640736369, 0, 0, -0, 0, 0, 0, 0, 0.388550781, -0.13258916, -0.145036865, 0.198815003, 0.0619544353, -0.978045631, 0.5546875, -0.829711914, 0.0601806641, -0.807862478, -0.554422511, -0.199395251, 0, 1, 1, 1, 
284.809511, 16, 0.1, 0.1, 0.0132818269, 0.351194249, -0.0199660069, 0.990417029, -0.138109042, -2.52614369e-005, 0.138109042, 0.99041703, 5.60409346e-006, 2.42453813e-005, -9.03922244e-006, 1, 0.990417026, -0.138109065, -1.45931829e-005, 0.138109066, 0.990417026, 1.40087148e-005, 1.25186063e-005, -1.58899205e-005, 1, 0, 0, 0, 0, 0, 0, 0, 0.340354883, -0.156222656, -0.170369751, -0.245891818, 0.710715242, -0.659082168, -0.918579102, 0.0461425781, 0.392456055, 0.30936459, 0.701904611, 0.641642499, 0, 0, -0, 0, 0, 0, 0, 0.387861377, -0.131336963, -0.14547749, 0.194393873, 0.0653401871, -0.978639512, 0.559692383, -0.826660156, 0.0560302734, -0.805504076, -0.558608134, -0.197248301, 0, 1, 1, 1, 
284.81031, 16, 0.1, 0.1, 0.0132818252, 0.351194248, -0.0199671038, 0.990417003, -0.138109234, 2.20939208e-005, 0.138109233, 0.990417003, 1.82194405e-005, -2.43984677e-005, -1.49934692e-005, 1, 0.990417013, -0.13810916, 2.42147315e-005, 0.13810916, 0.990417013, 1.2864e-005, -2.57593183e-005, -9.39644819e-006, 1, 0, 0, 0, 0, 0, 0, 0, 0.340354883, -0.156222656, -0.170369751, -0.245891818, 0.710715242, -0.659082168, -0.918579102, 0.0461425781, 0.392456055, 0.30936459, 0.701904611, 0.641642499, 0, 0, -0, 0, 0, 0, 0, 0.387861377, -0.131336963, -0.14547749, 0.194393873, 0.0653401871, -0.978639512, 0.559692383, -0.826660156, 0.0560302734, -0.805504076, -0.558608134, -0.197248301, 0, 1, 1, 1, 
284.811109, 16, 0.1, 0.1, 0.013281828, 0.351194248, -0.0199674512, 0.99041695, -0.138109611, -1.35503704e-005, 0.138109611, 0.99041695, 7.17446152e-006, 1.24296545e-005, -8.97714469e-006, 1, 0.990416959, -0.138109549, -2.38898292e-005, 0.138109548, 0.990416959, -1.16334405e-005, 2.52675812e-005, 8.22254326e-006, 1, 0, 0, 0, 0, 0, 0, 0, 0.340354883, -0.156222656, -0.170369751, -0.245891818, 0.710715242, -0.659082168, -0.918579102, 0.0461425781, 0.392456055, 0.30936459, 0.701904611, 0.641642499, 0, 0, -0, 0, 0, 0, 0, 0.387861377, -0.131336963, -0.14547749, 0.194393873, 0.0653401871, -0.978639512, 0.559692383, -0.826660156, 0.0560302734, -0.805504076, -0.558608134, -0.197248301, 0, 1, 1, 1, 
284.811926, 16, 0.1, 0.1, 0.0132818254, 0.351194248, -0.0199668636, 0.99041696, -0.138109543, -1.47233781e-005, 0.138109543, 0.99041696, -1.28511872e-005, 1.63571549e-005, 1.06945948e-005, 1, 0.990416952, -0.138109596, 1.00981642e-005, 0.138109596, 0.990416952, -1.6292547e-005, -7.7512359e-006, 1.75310681e-005, 1, 0, 0, 0, 0, 0, 0, 0, 0.340354883, -0.156222656, -0.170369751, -0.245891818, 0.710715242, -0.659082168, -0.918579102, 0.0461425781, 0.392456055, 0.30936459, 0.701904611, 0.641642499, 0, 0, -0, 0, 0, 0, 0, 0.387861377, -0.131336963, -0.14547749, 0.194393873, 0.0653401871, -0.978639512, 0.559692383, -0.826660156, 0.0560302734, -0.805504076, -0.558608134, -0.197248301, 0, 1, 1, 1, 
284.812723, 16, 0.1, 0.1, 0.0132818263, 0.351194247, -0.0199656167, 0.990417025, -0.138109072, 2.92867181e-005, 0.138109072, 0.990417025, -1.27161744e-005, -2.72498451e-005, 1.66390771e-005, 0.999999999, 0.990417012, -0.138109164, 1.61733175e-005, 0.138109165, 0.990417012, -8.95077613e-006, -1.47821446e-005, 1.10986843e-005, 1, 0, 0, 0, 0, 0, 0, 0, 0.340354883, -0.156222656, -0.170369751, -0.245891818, 0.710715242, -0.659082168, -0.918579102, 0.0461425781, 0.392456055, 0.30936459, 0.701904611, 0.641642499, 0, 0, -0, 0, 0, 0, 0, 0.387861377, -0.131336963, -0.14547749, 0.194393873, 0.0653401871, -0.978639512, 0.559692383, -0.826660156, 0.0560302734, -0.805504076, -0.558608134, -0.197248301, 0, 1, 1, 1, 
284.813523, 16, 0.1, 0.1, 0.0132818271, 0.351194246, -0.0199643242, 0.990417055, -0.138108856, -2.13963302e-005, 0.138108855, 0.990417056, -1.63026207e-005, 2.34428266e-005, 1.3191371e-005, 1, 0.990417056, -0.138108852, -2.57632106e-005, 0.138108852, 0.990417056, 2.96433835e-006, 2.51069218e-005, -6.4940587e-006, 1, 0, 0, 0, 0, 0, 0, 0, 0.340354883, -0.156222656, -0.170369751, -0.245891818, 0.710715242, -0.659082168, -0.918579102, 0.0461425781, 0.392456055, 0.30936459, 0.701904611, 0.641642499, 0, 0, -0, 0, 0, 0, 0, 0.387861377, -0.131336963, -0.14547749, 0.194393873, 0.0653401871, -0.978639512, 0.559692383, -0.826660156, 0.0560302734, -0.805504076, -0.558608134, -0.197248301, 0, 1, 1, 1, 
284.814348, 16, 0.1, 0.1, 0.0132818226, 0.351194245, -0.0199629981, 0.990417005, -0.138109219, 1.45721076e-005, 0.138109219, 0.990417005, 9.27496874e-006, -1.57134219e-005, -7.17354435e-006, 1, 0.990417018, -0.138109121, 2.91624638e-005, 0.13810912, 0.990417019, 1.83131835e-005, -3.14122182e-005, -1.41100864e-005, 0.999999999, 0, 0, 0, 0, 0, 0, 0, 0.340185083, -0.15606875, -0.169269775, -0.24901571, 0.70925645, -0.65938059, -0.918823242, 0.0421142578, 0.392211914, 0.306028016, 0.703618764, 0.641318988, 0, 0, -0, 0, 0, 0, 0, 0.387831104, -0.130392725, -0.144814355, 0.192969503, 0.0675246827, -0.978773674, 0.564453125, -0.823486328, 0.0545654297, -0.802462472, -0.563042757, -0.19713966, 0, 1, 1, 1, 
284.815148, 16, 0.1, 0.1, 0.0132818252, 0.351194246, -0.0199625214, 0.990416948, -0.138109624, 1.26664458e-005, 0.138109624, 0.990416948, 1.62271902e-005, -1.47861938e-005, -1.43223262e-005, 1, 0.990416954, -0.138109586, -1.34352677e-005, 0.138109586, 0.990416954, 6.66589572e-006, 1.23858928e-005, -8.45755539e-006, 1, 0, 0, 0, 0, 0, 0, 0, 0.340185083, -0.15606875, -0.169269775, -0.24901571, 0.70925645, -0.65938059, -0.918823242, 0.0421142578, 0.392211914, 0.306028016, 0.703618764, 0.641318988, 0, 0, -0, 0, 0, 0, 0, 0.387831104, -0.130392725, -0.144814355, 0.192969503, 0.0675246827, -0.978773674, 0.564453125, -0.823486328, 0.0545654297, -0.802462472, -0.563042757, -0.19713966, 0, 1, 1, 1, 
284.815943, 16, 0.1, 0.1, 0.0132818244, 0.351194246, -0.0199629783, 0.99041697, -0.138109468, -3.24976287e-005, 0.138109468, 0.99041697, 4.71707261e-006, 3.15347306e-005, -9.16009898e-006, 0.999999999, 0.990416958, -0.138109555, -1.6752214e-005, 0.138109555, 0.990416958, -1.35764847e-005, 1.84667191e-005, 1.11327399e-005, 1, 0, 0, 0, 0, 0, 0, 0, 0.340185083, -0.15606875, -0.169269775, -0.24901571, 0.70925645, -0.65938059, -0.918823242, 0.0421142578, 0.392211914, 0.306028016, 0.703618764, 0.641318988, 0, 0, -0, 0, 0, 0, 0, 0.387831104, -0.130392725, -0.144814355, 0.192969503, 0.0675246827, -0.978773674, 0.564453125, -0.823486328, 0.0545654297, -0.802462472, -0.563042757, -0.19713966, 0, 1, 1, 1, 
284.816757, 16, 0.1, 0.1, 0.0132818234, 0.351194246, -0.0199640654, 0.990417038, -0.138108981, 2.54177479e-005, 0.138108981, 0.990417038, -4.92227977e-006, -2.44943596e-005, 8.38552901e-006, 1, 0.990417026, -0.138109064, 2.71931309e-005, 0.138109065, 0.990417026, -1.1801643e-005, -2.5302626e-005, 1.5444166e-005, 1, 0, 0, 0, 0, 0, 0, 0, 0.340185083, -0.15606875, -0.169269775, -0.24901571, 0.70925645, -0.65938059, -0.918823242, 0.0421142578, 0.392211914, 0.306028016, 0.703618764, 0.641318988, 0, 0, -0, 0, 0, 0, 0, 0.387533643, -0.130403467, -0.14414585, 0.191506487, 0.067971643, -0.979131315, 0.566650391, -0.822143555, 0.0537109375, -0.801388815, -0.564959663, -0.196072565, 0, 1, 1, 1, 
284.817555, 16, 0.1, 0.1, 0.0132818265, 0.351194245, -0.0199652824, 0.990417053, -0.138108875, -9.69414828e-006, 0.138108875, 0.990417053, -1.75175857e-005, 1.20205838e-005, 1.60108677e-005, 1, 0.990417056, -0.138108849, -2.43576119e-005, 0.138108849, 0.990417056, -1.33603464e-005, 2.59693764e-005, 9.86831317e-006, 1, 0, 0, 0, 0, 0, 0, 0, 0.340185083, -0.15606875, -0.169269775, -0.24901571, 0.70925645, -0.65938059, -0.918823242, 0.0421142578, 0.392211914, 0.306028016, 0.703618764, 0.641318988, 0, 0, -0, 0, 0, 0, 0, 0.387533643, -0.130403467, -0.14414585, 0.191506487, 0.067971643, -0.979131315, 0.566650391, -0.822143555, 0.0537109375, -0.801388815, -0.564959663, -0.196072565, 0, 1, 1, 1, 
284.818353, 16, 0.1, 0.1, 0.0132818236, 0.351194243, -0.0199663544, 0.990416998, -0.13810927, -1.2294415e-005, 0.138109269, 0.990416998, -1.14577711e-005, 1.3759022e-005, 9.64999856e-006, 1, 0.990417011, -0.138109174, 1.01196598e-005, 0.138109174, 0.990417011, 9.89099812e-006, -1.13887208e-005, -8.39859494e-006, 1, 0, 0, 0, 0, 0, 0, 0, 0.340185083, -0.15606875, -0.169269775, -0.24901571, 0.70925645, -0.65938059, -0.918823242, 0.0421142578, 0.392211914, 0.306028016, 0.703618764, 0.641318988, 0, 0, -0, 0, 0, 0, 0, 0.387533643, -0.130403467, -0.14414585, 0.191506487, 0.067971643, -0.979131315, 0.566650391, -0.822143555, 0.0537109375, -0.801388815, -0.564959663, -0.196072565, 0, 1, 1, 1, 
284.819166, 16, 0.1, 0.1, 0.0132818248, 0.351194242, -0.0199667821, 0.990416957, -0.138109562, 2.304149e-005, 0.138109562, 0.990416957, 9.83267329e-006, -2.41786686e-005, -6.55619627e-006, 1, 0.990416959, -0.138109548, 1.04970663e-005, 0.138109548, 0.990416959, 1.5330015e-005, -1.25136939e-005, -1.37333618e-005, 1, 0, 0, 0, 0, 0, 0, 0, 0.340090356, -0.156372192, -0.168217163, -0.250768055, 0.70757562, -0.660555186, -0.918823242, 0.0405273437, 0.392333984, 0.304328089, 0.705491677, 0.640145515, 0, 0, -0, 0, 0, 0, 0, 0.387533643, -0.130403467, -0.14414585, 0.191506487, 0.067971643, -0.979131315, 0.566650391, -0.822143555, 0.0537109375, -0.801388815, -0.564959663, -0.196072565, 0, 1, 1, 1, 
284.819961, 16, 0.1, 0.1, 0.0132818258, 0.351194243, -0.0199666235, 0.99041699, -0.138109326, -2.48338614e-005, 0.138109327, 0.99041699, 8.75486849e-006, 2.33867492e-005, -1.21007584e-005, 1, 0.990416978, -0.138109408, -2.57934201e-005, 0.138109408, 0.990416979, 3.14600111e-006, 2.51117489e-005, -6.6781669e-006, 1, 0, 0, 0, 0, 0, 0, 0, 0.340090356, -0.156372192, -0.168217163, -0.250768055, 0.70757562, -0.660555186, -0.918823242, 0.0405273437, 0.392333984, 0.304328089, 0.705491677, 0.640145515, 0, 0, -0, 0, 0, 0, 0, 0.387533643, -0.130403467, -0.14414585, 0.191506487, 0.067971643, -0.979131315, 0.566650391, -0.822143555, 0.0537109375, -0.801388815, -0.564959663, -0.196072565, 0, 1, 1, 1, 
284.820762, 16, 0.1, 0.1, 0.013281822, 0.351194243, -0.019965971, 0.990417048, -0.138108908, 1.2739236e-005, 0.138108908, 0.990417048, 8.04258511e-006, -1.37279091e-005, -6.20611144e-006, 1, 0.990417038, -0.138108978, 2.87894526e-005, 0.138108978, 0.990417038, -7.90014534e-006, -2.74224834e-005, 1.18005204e-005, 1, 0, 0, 0, 0, 0, 0, 0, 0.340090356, -0.156372192, -0.168217163, -0.250768055, 0.70757562, -0.660555186, -0.918823242, 0.0405273437, 0.392333984, 0.304328089, 0.705491677, 0.640145515, 0, 0, -0, 0, 0, 0, 0, 0.387533643, -0.130403467, -0.14414585, 0.191506487, 0.067971643, -0.979131315, 0.566650391, -0.822143555, 0.0537109375, -0.801388815, -0.564959663, -0.196072565, 0, 1, 1, 1, 
284.821587, 16, 0.1, 0.1, 0.0132818241, 0.351194244, -0.0199647783, 0.990417041, -0.138108957, 1.89270588e-005, 0.138108957, 0.990417041, -1.18430224e-005, -1.71100541e-005, 1.43435275e-005, 1, 0.990417049, -0.138108906, -5.49181171e-006, 0.138108906, 0.990417048, -2.29774149e-005, 8.61256958e-006, 2.19987553e-005, 1, 0, 0, 0, 0, 0, 0, 0, 0.340601758, -0.15690498, -0.167593457, -0.253694996, 0.705774222, -0.661412262, -0.919067383, 0.0372314453, 0.392211914, 0.301454689, 0.707383685, 0.639416119, 0, 0, -0, 0, 0, 0, 0, 0.387439404, -0.130872168, -0.143687158, 0.189826188, 0.0681375207, -0.979405835, 0.568237305, -0.821044922, 0.0529785156, -0.800583479, -0.566537884, -0.194628506, 0, 1, 1, 1, 
284.822383, 16, 0.1, 0.1, 0.0132818226, 0.351194244, -0.0199637394, 0.990416974, -0.138109441, -2.47499608e-005, 0.13810944, 0.990416974, -2.18357141e-005, 2.75284995e-005, 1.82082586e-005, 0.999999999, 0.990416987, -0.138109345, -1.2553294e-005, 0.138109345, 0.990416987, -1.46012775e-005, 1.44495685e-005, 1.27276261e-005, 1, 0, 0, 0, 0, 0, 0, 0, 0.340601758, -0.15690498, -0.167593457, -0.253694996, 0.705774222, -0.661412262, -0.919067383, 0.0372314453, 0.392211914, 0.301454689, 0.707383685, 0.639416119, 0, 0, -0, 0, 0, 0, 0, 0.387439404, -0.130872168, -0.143687158, 0.189826188, 0.0681375207, -0.979405835, 0.568237305, -0.821044922, 0.0529785156, -0.800583479, -0.566537884, -0.194628506, 0, 1, 1, 1, 
284.823179, 16, 0.1, 0.1, 0.0132818213, 0.351194242, -0.019963284, 0.990416944, -0.138109657, 2.73169029e-005, 0.138109657, 0.990416944, -8.13795932e-006, -2.59311928e-005, 1.18327009e-005, 1, 0.990416943, -0.138109661, 2.60105099e-005, 0.138109661, 0.990416943, 1.14098268e-005, -2.7337057e-005, -7.70818302e-006, 1, 0, 0, 0, 0, 0, 0, 0, 0.340601758, -0.15690498, -0.167593457, -0.253694996, 0.705774222, -0.661412262, -0.919067383, 0.0372314453, 0.392211914, 0.301454689, 0.707383685, 0.639416119, 0, 0, -0, 0, 0, 0, 0, 0.387439404, -0.130872168, -0.143687158, 0.189826188, 0.0681375207, -0.979405835, 0.568237305, -0.821044922, 0.0529785156, -0.800583479, -0.566537884, -0.194628506, 0, 1, 1, 1, 
284.823975, 16, 0.1, 0.1, 0.0132818244, 0.351194242, -0.0199635327, 0.990416992, -0.138109309, -1.271666e-005, 0.138109309, 0.990416992, 7.71631058e-006, 1.15291018e-005, -9.39865424e-006, 1, 0.990416978, -0.138109406, -2.84422375e-005, 0.138109406, 0.990416979, 1.22145276e-005, 2.64827338e-005, -1.6025616e-005, 1, 0, 0, 0, 0, 0, 0, 0, 0.340601758, -0.15690498, -0.167593457, -0.253694996, 0.705774222, -0.661412262, -0.919067383, 0.0372314453, 0.392211914, 0.301454689, 0.707383685, 0.639416119, 0, 0, -0, 0, 0, 0, 0, 0.387439404, -0.130872168, -0.143687158, 0.189826188, 0.0681375207, -0.979405835, 0.568237305, -0.821044922, 0.0529785156, -0.800583479, -0.566537884, -0.194628506, 0, 1, 1, 1, 
284.824775, 16, 0.1, 0.1, 0.0132818207, 0.351194241, -0.0199643117, 0.990417048, -0.138108911, -1.3759563e-005, 0.138108911, 0.990417048, 1.3974935e-005, 1.16976427e-005, -1.57413322e-005, 1, 0.990417042, -0.13810895, 1.29652248e-005, 0.13810895, 0.990417042, 1.20712038e-005, -1.45081209e-005, -1.01649124e-005, 1, 0, 0, 0, 0, 0, 0, 0, 0.340601758, -0.15690498, -0.167593457, -0.253694996, 0.705774222, -0.661412262, -0.919067383, 0.0372314453, 0.392211914, 0.301454689, 0.707383685, 0.639416119, 0, 0, -0, 0, 0, 0, 0, 0.387439404, -0.130872168, -0.143687158, 0.189826188, 0.0681375207, -0.979405835, 0.568237305, -0.821044922, 0.0529785156, -0.800583479, -0.566537884, -0.194628506, 0, 1, 1, 1, 
284.825572, 16, 0.1, 0.1, 0.0132818211, 0.351194241, -0.0199653369, 0.990417028, -0.138109054, 2.56384967e-005, 0.138109054, 0.990417028, 1.24297931e-005, -2.71094706e-005, -8.76977017e-006, 1, 0.990417039, -0.138108975, 1.68547987e-005, 0.138108975, 0.990417039, -7.54753755e-006, -1.56508971e-005, 9.80300876e-006, 1, 0, 0, 0, 0, 0, 0, 0, 0.340601758, -0.15690498, -0.167593457, -0.253694996, 0.705774222, -0.661412262, -0.919067383, 0.0372314453, 0.392211914, 0.301454689, 0.707383685, 0.639416119, 0, 0, -0, 0, 0, 0, 0, 0.387439404, -0.130872168, -0.143687158, 0.189826188, 0.0681375207, -0.979405835, 0.568237305, -0.821044922, 0.0529785156, -0.800583479, -0.566537884, -0.194628506, 0, 1, 1, 1, 
284.826403, 16, 0.1, 0.1, 0.0132818228, 0.351194242, -0.0199658769, 0.990416962, -0.138109526, -2.77462356e-005, 0.138109526, 0.990416962, -1.51845519e-005, 2.95774736e-005, 1.12070183e-005, 0.999999999, 0.990416973, -0.138109444, -2.78128127e-005, 0.138109444, 0.990416973, -2.17465532e-005, 3.05496862e-005, 1.76969433e-005, 0.999999999, 0, 0, 0, 0, 0, 0, 0, 0.340985376, -0.157365747, -0.166690356, -0.254825408, 0.705469807, -0.661234407, -0.919311523, 0.0352783203, 0.391845703, 0.29977985, 0.707802676, 0.639758725, 0, 0, -0, 0, 0, 0, 0, 0.387176611, -0.131524072, -0.143012305, 0.189021219, 0.0687379655, -0.979444114, 0.569335937, -0.8203125, 0.0522460938, -0.799931629, -0.567579459, -0.194264301, 0, 1, 1, 1, 
284.8272, 16, 0.1, 0.1, 0.0132818206, 0.351194241, -0.0199659872, 0.990416948, -0.138109626, 1.03189389e-005, 0.138109626, 0.990416948, -1.78746175e-005, -7.75139519e-006, 1.91284689e-005, 1, 0.990416944, -0.138109651, 2.25338736e-005, 0.138109652, 0.990416945, -1.02955267e-005, -2.08960186e-005, 1.33090095e-005, 1, 0, 0, 0, 0, 0, 0, 0, 0.340985376, -0.157365747, -0.166690356, -0.254825408, 0.705469807, -0.661234407, -0.919311523, 0.0352783203, 0.391845703, 0.29977985, 0.707802676, 0.639758725, 0, 0, -0, 0, 0, 0, 0, 0.387176611, -0.131524072, -0.143012305, 0.189021219, 0.0687379655, -0.979444114, 0.569335937, -0.8203125, 0.0522460938, -0.799931629, -0.567579459, -0.194264301, 0, 1, 1, 1, 
284.828007, 16, 0.1, 0.1, 0.0132818236, 0.351194241, -0.0199657454, 0.990417003, -0.138109231, 1.64889668e-005, 0.138109231, 0.990417003, -9.90008885e-006, -1.49636595e-005, 1.20824949e-005, 1, 0.99041699, -0.138109327, -1.17858623e-005, 0.138109327, 0.99041699, 4.42389464e-006, 1.10619371e-005, -6.00923792e-006, 1, 0, 0, 0, 0, 0, 0, 0, 0.340985376, -0.157365747, -0.166690356, -0.254825408, 0.705469807, -0.661234407, -0.919311523, 0.0352783203, 0.391845703, 0.29977985, 0.707802676, 0.639758725, 0, 0, -0, 0, 0, 0, 0, 0.387176611, -0.131524072, -0.143012305, 0.189021219, 0.0687379655, -0.979444114, 0.569335937, -0.8203125, 0.0522460938, -0.799931629, -0.567579459, -0.194264301, 0, 1, 1, 1, 
284.828805, 16, 0.1, 0.1, 0.0132818219, 0.35119424, -0.0199652977, 0.990417042, -0.138108952, -2.36614487e-005, 0.138108952, 0.990417042, 1.90513737e-006, 2.31715855e-005, -5.15473841e-006, 1, 0.99041704, -0.138108963, -1.30191036e-005, 0.138108964, 0.99041704, 1.07389141e-005, 1.14112018e-005, -1.24340584e-005, 1, 0, 0, 0, 0, 0, 0, 0, 0.340985376, -0.157365747, -0.166690356, -0.254825408, 0.705469807, -0.661234407, -0.919311523, 0.0352783203, 0.391845703, 0.29977985, 0.707802676, 0.639758725, 0, 0, -0, 0, 0, 0, 0, 0.387176611, -0.131524072, -0.143012305, 0.189021219, 0.0687379655, -0.979444114, 0.569335937, -0.8203125, 0.0522460938, -0.799931629, -0.567579459, -0.194264301, 0, 1, 1, 1, 
284.829605, 16, 0.1, 0.1, 0.0132818195, 0.35119424, -0.0199648341, 0.990417005, -0.138109216, 2.57522232e-005, 0.138109215, 0.990417005, 1.57490691e-005, -2.76805313e-005, -1.20415265e-005, 1, 0.990417018, -0.138109124, 2.83888758e-005, 0.138109124, 0.990417018, 9.91200245e-006, -2.94857637e-005, -5.89625313e-006, 1, 0, 0, 0, 0, 0, 0, 0, 0.340985376, -0.157365747, -0.166690356, -0.254825408, 0.705469807, -0.661234407, -0.919311523, 0.0352783203, 0.391845703, 0.29977985, 0.707802676, 0.639758725, 0, 0, -0, 0, 0, 0, 0, 0.387176611, -0.131524072, -0.143012305, 0.189021219, 0.0687379655, -0.979444114, 0.569335937, -0.8203125, 0.0522460938, -0.799931629, -0.567579459, -0.194264301, 0, 1, 1, 1, 
284.830401, 16, 0.1, 0.1, 0.0132818222, 0.351194242, -0.0199644946, 0.990416942, -0.138109669, -1.31483272e-005, 0.138109669, 0.990416942, 5.01374704e-006, 1.23298791e-005, -6.78161112e-006, 1, 0.990416952, -0.138109594, -2.42687095e-005, 0.138109593, 0.990416953, -1.560403e-005, 2.61912076e-005, 1.21027542e-005, 1, 0, 0, 0, 0, 0, 0, 0, 0.340985376, -0.157365747, -0.166690356, -0.254825408, 0.705469807, -0.661234407, -0.919311523, 0.0352783203, 0.391845703, 0.29977985, 0.707802676, 0.639758725, 0, 0, -0, 0, 0, 0, 0, 0.387176611, -0.131524072, -0.143012305, 0.189021219, 0.0687379655, -0.979444114, 0.569335937, -0.8203125, 0.0522460938, -0.799931629, -0.567579459, -0.194264301, 0, 1, 1, 1, 
284.831231, 16, 0.1, 0.1, 0.0132818189, 0.351194242, -0.0199640841, 0.990416947, -0.138109634, -1.44332843e-005, 0.138109634, 0.990416947, -1.55885836e-005, 1.6447903e-005, 1.34458217e-005, 1, 0.99041694, -0.138109684, 1.31058762e-005, 0.138109684, 0.99041694, -1.98310025e-005, -1.02414283e-005, 2.14510092e-005, 1, 0, 0, 0, 0, 0, 0, 0, 0.341093628, -0.157806128, -0.165971924, -0.256933464, 0.705590375, -0.660339138, -0.919433594, 0.0318603516, 0.391723633, 0.29739471, 0.70778358, 0.640729256, 0, 0, -0, 0, 0, 0, 0, 0.387425732, -0.131464014, -0.142127881, 0.188644621, 0.0706734613, -0.979380315, 0.572875977, -0.817993164, 0.0512695313, -0.797516357, -0.570812826, -0.194871309, 0, 1, 1, 1, 
284.832027, 16, 0.1, 0.1, 0.0132818202, 0.351194241, -0.019963945, 0.990417013, -0.138109156, 2.81694244e-005, 0.138109156, 0.990417014, -1.2155963e-005, -2.62206274e-005, 1.59299279e-005, 1, 0.990417001, -0.13810925, 1.48147024e-005, 0.13810925, 0.990417001, -8.68174729e-006, -1.34737035e-005, 1.06445975e-005, 1, 0, 0, 0, 0, 0, 0, 0, 0.341093628, -0.157806128, -0.165971924, -0.256933464, 0.705590375, -0.660339138, -0.919433594, 0.0318603516, 0.391723633, 0.29739471, 0.70778358, 0.640729256, 0, 0, -0, 0, 0, 0, 0, 0.387425732, -0.131464014, -0.142127881, 0.188644621, 0.0706734613, -0.979380315, 0.572875977, -0.817993164, 0.0512695313, -0.797516357, -0.570812826, -0.194871309, 0, 1, 1, 1, 
284.83283, 16, 0.1, 0.1, 0.0132818217, 0.35119424, -0.0199642089, 0.990417044, -0.138108939, -2.44064028e-005, 0.138108938, 0.990417044, -1.35610662e-005, 2.60454218e-005, 1.00603687e-005, 1, 0.990417044, -0.138108934, -2.86527686e-005, 0.138108934, 0.990417045, 5.60700354e-006, 2.76038132e-005, -9.51047522e-006, 1, 0, 0, 0, 0, 0, 0, 0, 0.341093628, -0.157806128, -0.165971924, -0.256933464, 0.705590375, -0.660339138, -0.919433594, 0.0318603516, 0.391723633, 0.29739471, 0.70778358, 0.640729256, 0, 0, -0, 0, 0, 0, 0, 0.387425732, -0.131464014, -0.142127881, 0.188644621, 0.0706734613, -0.979380315, 0.572875977, -0.817993164, 0.0512695313, -0.797516357, -0.570812826, -0.194871309, 0, 1, 1, 1, 
284.833659, 16, 0.1, 0.1, 0.013281818, 0.351194238, -0.0199644866, 0.990416993, -0.138109301, 1.13502539e-005, 0.138109301, 0.990416993, 1.1871227e-005, -1.28810112e-005, -1.01898893e-005, 1, 0.990417007, -0.138109204, 2.49652012e-005, 0.138109203, 0.990417007, 2.06402948e-005, -2.75765745e-005, -1.6994575e-005, 0.999999999, 0, 0, 0, 0, 0, 0, 0, 0.340427075, -0.159585962, -0.165298047, -0.25698963, 0.705710942, -0.66021258, -0.918823242, 0.0330810547, 0.393188477, 0.299381077, 0.707764484, 0.639967659, 0, 0, -0, 0, 0, 0, 0, 0.38698584, -0.132998389, -0.141016797, 0.188778782, 0.0710121465, -0.979342036, 0.572753906, -0.818115234, 0.0511474609, -0.797624998, -0.570531744, -0.195235514, 0, 1, 1, 1, 
284.834454, 16, 0.1, 0.1, 0.0132818209, 0.351194238, -0.019964802, 0.990416938, -0.138109696, 1.07022389e-005, 0.138109696, 0.990416938, 1.7083194e-005, -1.29590334e-005, -1.54414018e-005, 1, 0.990416944, -0.138109657, -1.38338453e-005, 0.138109657, 0.990416944, 8.37812533e-006, 1.25441747e-005, -1.02084249e-005, 1, 0, 0, 0, 0, 0, 0, 0, 0.340427075, -0.159585962, -0.165298047, -0.25698963, 0.705710942, -0.66021258, -0.918823242, 0.0330810547, 0.393188477, 0.299381077, 0.707764484, 0.639967659, 0, 0, -0, 0, 0, 0, 0, 0.38698584, -0.132998389, -0.141016797, 0.188778782, 0.0710121465, -0.979342036, 0.572753906, -0.818115234, 0.0511474609, -0.797624998, -0.570531744, -0.195235514, 0, 1, 1, 1, 
