time, trialNum, realDorsalTactorPos, realVentralTactorPos, boxPosX, boxPosY, boxPosZ, boxLocalRot_11, boxLocalRot_12, boxLocalRot_13, boxLocalRot_21, boxLocalRot_22, boxLocalRot_23, boxLocalRot_31, boxLocalRot_32, boxLocalRot_33, boxGlobalRot_11, boxGlobalRot_12, boxGlobalRot_13, boxGlobalRot_21, boxGlobalRot_22, boxGlobalRot_23, boxGlobalRot_31, boxGlobalRot_32, boxGlobalRot_33, indexForceX, indexForceY, indexForceZ, indexForceGlobalX, indexForceGlobalY, indexForceGlobalZ, indexContact, indexPosX, indexPosY, indexPosZ, indexRot_11, indexRot_12, indexRot_13, indexRot_21, indexRot_22, indexRot_23, indexRot_31, indexRot_32, indexRot_33, thumbForceX, thumbForceY, thumbForceZ, thumbForceGlobalX, thumbForceGlobalY, thumbForceGlobalZ, thumbContact, thumbPosX, thumbPosY, thumbPosZ, thumbRot_11, thumbRot_12, thumbRot_13, thumbRot_21, thumbRot_22, thumbRot_23, thumbRot_31, thumbRot_32, thumbRot_33, manipForceTooHigh, cceExpType, mapping, trialSuccess, 
156.233972, 14, 0.1, 0.1, 0.0178084469, 0.373576874, -0.0199628337, 0.993132898, 1.27453934e-005, 0.116991648, 0.116991648, 1.81134542e-005, -0.993132898, -1.47769924e-005, 1, 1.64979627e-005, 0.993132899, -1.02363893e-005, 0.11699164, 0.11699164, -9.91425758e-006, -0.993132899, 1.13259803e-005, 1, -8.6486034e-006, 0, 0, 0, 0, 0, 0, 0, 0.351597046, -0.171853491, -0.240929321, 0.269565866, 0.262940067, -0.926406103, -0.961914063, 0.115844727, -0.247070312, 0.04221262, 0.957842357, 0.284286135, 0, 0, -0, 0, 0, 0, 0, 0.378118115, -0.138953174, -0.233667285, 0.0276754213, -0.400803546, -0.915712865, 0.0294189453, -0.915283203, 0.401489258, -0.999039937, -0.0380756408, -0.0135167139, 0, 1, 1, 1, 
156.270445, 14, 0.1, 0.1, 0.0178084337, 0.373576852, -0.0199639656, 0.99313631, 2.5996228e-005, 0.11696268, 0.116962679, 3.64919943e-005, -0.99313631, -3.00859994e-005, 0.999999999, 3.32009361e-005, 0.99313623, 1.38448643e-005, 0.11696336, 0.116963359, 3.66788469e-005, -0.99313623, -1.80399175e-005, 0.999999999, 3.48077499e-005, 0, 0, 0, 0, 0, 0, 0, 0.355239868, -0.167943311, -0.251925464, 0.250311741, 0.368460171, -0.895203182, -0.963378906, 0.186035156, -0.192871094, 0.0954404992, 0.910849591, 0.401700093, 0, 0, 0, 0, 0, 0, 0, 0.383590723, -0.137141846, -0.238843945, 0.0186155107, -0.303479245, -0.952660127, 0.0756835937, -0.949584961, 0.304077148, -0.996923604, -0.0776799848, 0.00518463095, 0, 1, 1, 1, 
156.271233, 14, 0.1, 0.1, 0.017808434, 0.373576854, -0.0199664183, 0.993136713, -2.09330402e-005, 0.11695926, 0.11695926, -1.16582e-005, -0.993136713, 2.21529052e-005, 1, -9.1298735e-006, 0.993136633, -1.98754758e-005, 0.11695994, 0.116959939, -2.29279477e-005, -0.993136633, 2.24207145e-005, 1, -2.04459503e-005, 0, 0, 0, 0, 0, 0, 0, 0.355239868, -0.167943311, -0.251925464, 0.250311741, 0.368460171, -0.895203182, -0.963378906, 0.186035156, -0.192871094, 0.0954404992, 0.910849591, 0.401700093, 0, 0, 0, 0, 0, 0, 0, 0.383590723, -0.137141846, -0.238843945, 0.0186155107, -0.303479245, -0.952660127, 0.0756835937, -0.949584961, 0.304077148, -0.996923604, -0.0776799848, 0.00518463095, 0, 1, 1, 1, 
156.27205, 14, 0.1, 0.1, 0.0178084313, 0.373576851, -0.019968247, 0.993137134, 1.23669609e-005, 0.116955691, 0.116955692, -1.65312855e-005, -0.993137133, -1.03486602e-005, 1, -1.786422e-005, 0.993137053, 2.26061942e-005, 0.116956375, 0.116956375, 8.65041906e-006, -0.993137053, -2.34627707e-005, 1, 5.94711317e-006, 0, 0, 0, 0, 0, 0, 0, 0.355431128, -0.167160742, -0.252780688, 0.249249096, 0.379791266, -0.890850032, -0.962890625, 0.194824219, -0.186401367, 0.102777138, 0.904358428, 0.414358551, 0, 0, 0, 0, 0, 0, 0, 0.384639062, -0.137417627, -0.239030713, 0.017471857, -0.292867, -0.956033486, 0.0802001953, -0.952514648, 0.293212891, -0.996552836, -0.0817197867, 0.00691670275, 0, 1, 1, 1, 
156.272845, 14, 0.1, 0.1, 0.0178084342, 0.373576854, -0.0199687618, 0.993137548, 6.66330632e-006, 0.116952177, 0.116952176, 1.80975352e-005, -0.993137547, -8.73412582e-006, 1, 1.71940535e-005, 0.993137464, -1.40504364e-005, 0.116952883, 0.116952884, 4.91606256e-006, -0.993137464, 1.33790671e-005, 1, 6.52556495e-006, 0, 0, 0, 0, 0, 0, 0, 0.355431128, -0.167160742, -0.252780688, 0.249249096, 0.379791266, -0.890850032, -0.962890625, 0.194824219, -0.186401367, 0.102777138, 0.904358428, 0.414358551, 0, 0, 0, 0, 0, 0, 0, 0.384639062, -0.137417627, -0.239030713, 0.017471857, -0.292867, -0.956033486, 0.0802001953, -0.952514648, 0.293212891, -0.996552836, -0.0817197867, 0.00691670275, 0, 1, 1, 1, 
156.273634, 14, 0.1, 0.1, 0.0178084343, 0.373576855, -0.0199681608, 0.993137957, -2.65167388e-005, 0.116948695, 0.116948694, -2.77269333e-005, -0.993137957, 2.95774085e-005, 0.999999999, -2.44355719e-005, 0.993137874, -1.50679035e-005, 0.1169494, 0.116949399, -2.88501567e-005, -0.993137874, 1.83385142e-005, 0.999999999, -2.6890001e-005, 0, 0, 0, 0, 0, 0, 0, 0.355431128, -0.167160742, -0.252780688, 0.249249096, 0.379791266, -0.890850032, -0.962890625, 0.194824219, -0.186401367, 0.102777138, 0.904358428, 0.414358551, 0, 0, 0, 0, 0, 0, 0, 0.384639062, -0.137417627, -0.239030713, 0.017471857, -0.292867, -0.956033486, 0.0802001953, -0.952514648, 0.293212891, -0.996552836, -0.0817197867, 0.00691670275, 0, 1, 1, 1, 
156.274456, 14, 0.1, 0.1, 0.0178084338, 0.373576852, -0.0199664106, 0.993138387, 2.17701602e-005, 0.116945046, 0.116945046, 1.41875801e-005, -0.993138387, -2.3279949e-005, 1, 1.1544318e-005, 0.993138304, 2.14451164e-005, 0.116945747, 0.116945746, 2.69978862e-005, -0.993138304, -2.44552546e-005, 0.999999999, 2.43047198e-005, 0, 0, 0, 0, 0, 0, 0, 0.356744946, -0.166526099, -0.254024902, 0.248445559, 0.392632449, -0.885442855, -0.962524414, 0.201904297, -0.180541992, 0.107848083, 0.897257315, 0.428209578, 0, 0, 0, 0, 0, 0, 0, 0.385772119, -0.136543506, -0.239246045, 0.0175294595, -0.280855905, -0.959560329, 0.0872802734, -0.955566406, 0.28137207, -0.995933068, -0.0885583885, 0.00777344371, 0, 1, 1, 1, 
156.275245, 14, 0.1, 0.1, 0.0178084367, 0.373576854, -0.0199643558, 0.993138803, -1.26565744e-005, 0.116941516, 0.116941516, 1.86922244e-005, -0.993138803, 1.03838381e-005, 1, 2.00440524e-005, 0.993138721, -2.42638146e-005, 0.116942211, 0.116942211, -8.9133271e-006, -0.993138721, 2.51396779e-005, 1, -6.01470616e-006, 0, 0, 0, 0, 0, 0, 0, 0.356744946, -0.166526099, -0.254024902, 0.248445559, 0.392632449, -0.885442855, -0.962524414, 0.201904297, -0.180541992, 0.107848083, 0.897257315, 0.428209578, 0, 0, 0, 0, 0, 0, 0, 0.385772119, -0.136543506, -0.239246045, 0.0175294595, -0.280855905, -0.959560329, 0.0872802734, -0.955566406, 0.28137207, -0.995933068, -0.0885583885, 0.00777344371, 0, 1, 1, 1, 
156.276035, 14, 0.1, 0.1, 0.0178084335, 0.373576851, -0.0199628262, 0.993139231, -8.75455782e-006, 0.116937882, 0.116937882, -2.62262383e-005, -0.99313923, 1.17613356e-005, 1, -2.50225667e-005, 0.993139143, 1.63245594e-005, 0.116938624, 0.116938624, -1.00234215e-005, -0.993139143, -1.50404338e-005, 1, -1.18636238e-005, 0, 0, 0, 0, 0, 0, 0, 0.356744946, -0.166526099, -0.254024902, 0.248445559, 0.392632449, -0.885442855, -0.962524414, 0.201904297, -0.180541992, 0.107848083, 0.897257315, 0.428209578, 0, 0, 0, 0, 0, 0, 0, 0.385772119, -0.136543506, -0.239246045, 0.0175294595, -0.280855905, -0.959560329, 0.0872802734, -0.955566406, 0.28137207, -0.995933068, -0.0885583885, 0.00777344371, 0, 1, 1, 1, 
156.276828, 14, 0.1, 0.1, 0.017808434, 0.37357685, -0.0199622332, 0.993139666, 2.9261389e-005, 0.116934181, 0.11693418, 2.79485483e-005, -0.993139666, -3.23287867e-005, 0.999999999, 2.43351554e-005, 0.99313958, 1.58631781e-005, 0.116934916, 0.116934916, 2.90917147e-005, -0.99313958, -1.91561872e-005, 0.999999999, 2.7037174e-005, 0, 0, 0, 0, 0, 0, 0, 0.356744946, -0.166526099, -0.254024902, 0.248445559, 0.392632449, -0.885442855, -0.962524414, 0.201904297, -0.180541992, 0.107848083, 0.897257315, 0.428209578, 0, 0, 0, 0, 0, 0, 0, 0.385772119, -0.136543506, -0.239246045, 0.0175294595, -0.280855905, -0.959560329, 0.0872802734, -0.955566406, 0.28137207, -0.995933068, -0.0885583885, 0.00777344371, 0, 1, 1, 1, 
156.277619, 14, 0.1, 0.1, 0.0178084342, 0.373576854, -0.0199627809, 0.993140108, -2.24961118e-005, 0.116930426, 0.116930426, -1.93848228e-005, -0.993140109, 2.46084665e-005, 1, -1.66213651e-005, 0.993140021, -2.10312151e-005, 0.11693117, 0.116931169, -3.40619703e-005, -0.993140021, 2.48698474e-005, 0.999999999, -3.13691013e-005, 0, 0, 0, 0, 0, 0, 0, 0.356744946, -0.166526099, -0.254024902, 0.248445559, 0.392632449, -0.885442855, -0.962524414, 0.201904297, -0.180541992, 0.107848083, 0.897257315, 0.428209578, 0, 0, 0, 0, 0, 0, 0, 0.385772119, -0.136543506, -0.239246045, 0.0175294595, -0.280855905, -0.959560329, 0.0872802734, -0.955566406, 0.28137207, -0.995933068, -0.0885583885, 0.00777344371, 0, 1, 1, 1, 
156.278415, 14, 0.1, 0.1, 0.0178084314, 0.373576851, -0.0199641484, 0.993140558, 1.29288583e-005, 0.116926606, 0.116926606, -1.44366715e-005, -0.993140558, -1.11521425e-005, 1, -1.58493715e-005, 0.99314047, 2.47739053e-005, 0.116927355, 0.116927355, 1.23765649e-005, -0.99314047, -2.60511269e-005, 1, 9.39492028e-006, 0, 0, 0, 0, 0, 0, 0, 0.356744946, -0.166526099, -0.254024902, 0.248445559, 0.392632449, -0.885442855, -0.962524414, 0.201904297, -0.180541992, 0.107848083, 0.897257315, 0.428209578, 0, 0, 0, 0, 0, 0, 0, 0.385772119, -0.136543506, -0.239246045, 0.0175294595, -0.280855905, -0.959560329, 0.0872802734, -0.955566406, 0.28137207, -0.995933068, -0.0885583885, 0.00777344371, 0, 1, 1, 1, 
156.279231, 14, 0.1, 0.1, 0.0178084349, 0.373576852, -0.0199656789, 0.993141026, 7.01708038e-006, 0.116922638, 0.116922638, 2.98092752e-005, -0.993141025, -1.04543295e-005, 1, 2.87843586e-005, 0.993140935, -1.56296823e-005, 0.116923407, 0.116923407, 1.56432551e-005, -0.993140935, 1.36934146e-005, 1, 1.73634327e-005, 0, 0, 0, 0, 0, 0, 0, 0.357415283, -0.165640991, -0.255240063, 0.24804903, 0.406063364, -0.879521207, -0.961791992, 0.21081543, -0.173950195, 0.114708443, 0.889197655, 0.442967857, 0, 0, 0, 0, 0, 0, 0, 0.385984961, -0.135151855, -0.240516309, 0.0137725731, -0.267541474, -0.963361325, 0.0960693359, -0.958618164, 0.267578125, -0.995223249, -0.0961192034, 0.0124063941, 0, 1, 1, 1, 
156.28002, 14, 0.1, 0.1, 0.0178084344, 0.373576852, -0.0199668145, 0.993141477, -2.39327738e-005, 0.116918805, 0.116918805, -2.46671948e-005, -0.993141477, 2.66526892e-005, 0.999999999, -2.16998229e-005, 0.993141387, -1.26941651e-005, 0.116919566, 0.116919566, -2.42295488e-005, -0.993141387, 1.54400091e-005, 1, -2.25791715e-005, 0, 0, 0, 0, 0, 0, 0, 0.357415283, -0.165640991, -0.255240063, 0.24804903, 0.406063364, -0.879521207, -0.961791992, 0.21081543, -0.173950195, 0.114708443, 0.889197655, 0.442967857, 0, 0, 0, 0, 0, 0, 0, 0.385984961, -0.135151855, -0.240516309, 0.0137725731, -0.267541474, -0.963361325, 0.0960693359, -0.958618164, 0.267578125, -0.995223249, -0.0961192034, 0.0124063941, 0, 1, 1, 1, 
156.280812, 14, 0.1, 0.1, 0.0178084338, 0.373576849, -0.0199674232, 0.993141925, 2.18612981e-005, 0.116914993, 0.116914993, 1.09593769e-005, -0.993141926, -2.29926872e-005, 1, 8.32830317e-006, 0.993141836, 2.10846244e-005, 0.116915755, 0.116915754, 2.43329014e-005, -0.993141836, -2.37849221e-005, 0.999999999, 2.17008976e-005, 0, 0, 0, 0, 0, 0, 0, 0.357415283, -0.165640991, -0.255240063, 0.24804903, 0.406063364, -0.879521207, -0.961791992, 0.21081543, -0.173950195, 0.114708443, 0.889197655, 0.442967857, 0, 0, 0, 0, 0, 0, 0, 0.385984961, -0.135151855, -0.240516309, 0.0137725731, -0.267541474, -0.963361325, 0.0960693359, -0.958618164, 0.267578125, -0.995223249, -0.0961192034, 0.0124063941, 0, 1, 1, 1, 
156.281602, 14, 0.1, 0.1, 0.0178084361, 0.373576852, -0.0199673545, 0.99314237, -1.1480582e-005, 0.116911215, 0.116911215, 1.03080345e-005, -0.99314237, 1.01967276e-005, 1, 1.15795546e-005, 0.993142281, -2.15161235e-005, 0.116911969, 0.116911968, -1.52236507e-005, -0.993142282, 2.3148399e-005, 1, -1.26037588e-005, 0, 0, 0, 0, 0, 0, 0, 0.357415283, -0.165640991, -0.255240063, 0.24804903, 0.406063364, -0.879521207, -0.961791992, 0.21081543, -0.173950195, 0.114708443, 0.889197655, 0.442967857, 0, 0, 0, 0, 0, 0, 0, 0.385984961, -0.135151855, -0.240516309, 0.0137725731, -0.267541474, -0.963361325, 0.0960693359, -0.958618164, 0.267578125, -0.995223249, -0.0961192034, 0.0124063941, 0, 1, 1, 1, 
156.282394, 14, 0.1, 0.1, 0.0178084338, 0.373576851, -0.0199666555, 0.993142816, -1.19294374e-005, 0.116907425, 0.116907425, -2.67046121e-005, -0.993142816, 1.49696025e-005, 1, -2.51268539e-005, 0.993142727, 1.11313435e-005, 0.116908182, 0.116908183, -1.35460861e-005, -0.993142727, -9.47136453e-006, 1, -1.4754542e-005, 0, 0, 0, 0, 0, 0, 0, 0.357415283, -0.165640991, -0.255240063, 0.24804903, 0.406063364, -0.879521207, -0.961791992, 0.21081543, -0.173950195, 0.114708443, 0.889197655, 0.442967857, 0, 0, 0, 0, 0, 0, 0, 0.385984961, -0.135151855, -0.240516309, 0.0137725731, -0.267541474, -0.963361325, 0.0960693359, -0.958618164, 0.267578125, -0.995223249, -0.0961192034, 0.0124063941, 0, 1, 1, 1, 
156.283196, 14, 0.1, 0.1, 0.0178084351, 0.37357685, -0.0199655824, 0.993143267, 2.18928932e-005, 0.116903595, 0.116903594, 2.76846798e-005, -0.993143267, -2.49792181e-005, 0.999999999, 2.49354954e-005, 0.993143171, 9.00977297e-006, 0.116904416, 0.116904416, 2.79671363e-005, -0.99314317, -1.22174762e-005, 1, 2.67220882e-005, 0, 0, 0, 0, 0, 0, 0, 0.357415283, -0.165640991, -0.255240063, 0.24804903, 0.406063364, -0.879521207, -0.961791992, 0.21081543, -0.173950195, 0.114708443, 0.889197655, 0.442967857, 0, 0, 0, 0, 0, 0, 0, 0.385984961, -0.135151855, -0.240516309, 0.0137725731, -0.267541474, -0.963361325, 0.0960693359, -0.958618164, 0.267578125, -0.995223249, -0.0961192034, 0.0124063941, 0, 1, 1, 1, 
156.284014, 14, 0.1, 0.1, 0.017808437, 0.373576852, -0.0199642469, 0.993143728, -2.73149182e-005, 0.116899677, 0.116899676, -1.07356617e-005, -0.993143729, 2.83826351e-005, 1, -7.46895e-006, 0.993143632, -2.71650314e-005, 0.116900495, 0.116900494, -2.63390157e-005, -0.993143632, 3.0057822e-005, 0.999999999, -2.29828201e-005, 0, 0, 0, 0, 0, 0, 0, 0.358108081, -0.164552295, -0.255994458, 0.248140763, 0.419113481, -0.873295145, -0.96105957, 0.218994141, -0.16809082, 0.120749919, 0.881074714, 0.457307145, 0, 0, 0, 0, 0, 0, 0, 0.385984961, -0.135151855, -0.240516309, 0.0102329703, -0.253773521, -0.967136801, 0.10534668, -0.961547852, 0.253417969, -0.994245106, -0.10449155, 0.0167965412, 0, 1, 1, 1, 
156.284807, 14, 0.1, 0.1, 0.0178084346, 0.373576848, -0.0199631482, 0.993144178, 1.31387514e-005, 0.116895855, 0.116895855, -1.23433383e-005, -0.993144178, -1.16057894e-005, 1, -1.37945802e-005, 0.99314409, 2.38061392e-005, 0.116896602, 0.116896602, 1.63282305e-005, -0.99314409, -2.55516411e-005, 1, 1.34334289e-005, 0, 0, 0, 0, 0, 0, 0, 0.358108081, -0.164552295, -0.255994458, 0.248140763, 0.419113481, -0.873295145, -0.96105957, 0.218994141, -0.16809082, 0.120749919, 0.881074714, 0.457307145, 0, 0, 0, 0, 0, 0, 0, 0.38599458, -0.133524023, -0.242013232, 0.0102329703, -0.253773521, -0.967136801, 0.10534668, -0.961547852, 0.253417969, -0.994245106, -0.10449155, 0.0167965412, 0, 1, 1, 1, 
156.285597, 14, 0.1, 0.1, 0.0178084371, 0.37357685, -0.0199629311, 0.993144634, 1.49757939e-005, 0.116891985, 0.116891984, 2.69097286e-005, -0.993144634, -1.80186609e-005, 1, 2.49747023e-005, 0.993144541, -1.13150398e-005, 0.116892775, 0.116892775, 1.21572618e-005, -0.993144541, 9.81637392e-006, 1, 1.33965646e-005, 0, 0, 0, 0, 0, 0, 0, 0.358108081, -0.164552295, -0.255994458, 0.248140763, 0.419113481, -0.873295145, -0.96105957, 0.218994141, -0.16809082, 0.120749919, 0.881074714, 0.457307145, 0, 0, 0, 0, 0, 0, 0, 0.38599458, -0.133524023, -0.242013232, 0.0102329703, -0.253773521, -0.967136801, 0.10534668, -0.961547852, 0.253417969, -0.994245106, -0.10449155, 0.0167965412, 0, 1, 1, 1, 
156.286402, 14, 0.1, 0.1, 0.0178084348, 0.373576852, -0.0199634413, 0.993145102, -1.957495e-005, 0.116888006, 0.116888005, -3.49577277e-005, -0.993145102, 2.35269048e-005, 0.999999999, -3.24300192e-005, 0.993145011, -7.02604039e-006, 0.116888784, 0.116888784, -3.51153325e-005, -0.99314501, 1.10824655e-005, 0.999999999, -3.40533519e-005, 0, 0, 0, 0, 0, 0, 0, 0.358108081, -0.164552295, -0.255994458, 0.248140763, 0.419113481, -0.873295145, -0.96105957, 0.218994141, -0.16809082, 0.120749919, 0.881074714, 0.457307145, 0, 0, 0, 0, 0, 0, 0, 0.38599458, -0.133524023, -0.242013232, 0.0102329703, -0.253773521, -0.967136801, 0.10534668, -0.961547852, 0.253417969, -0.994245106, -0.10449155, 0.0167965412, 0, 1, 1, 1, 
156.287209, 14, 0.1, 0.1, 0.0178084333, 0.373576849, -0.0199642848, 0.993145574, 2.58746702e-005, 0.116883991, 0.116883991, 1.28987943e-005, -0.993145575, -2.72049768e-005, 1, 9.78604574e-006, 0.993145482, 2.59392635e-005, 0.116884778, 0.116884777, 2.61956464e-005, -0.993145482, -2.88233346e-005, 0.999999999, 2.29841828e-005, 0, 0, 0, 0, 0, 0, 0, 0.358108081, -0.164552295, -0.255994458, 0.248140763, 0.419113481, -0.873295145, -0.96105957, 0.218994141, -0.16809082, 0.120749919, 0.881074714, 0.457307145, 0, 0, 0, 0, 0, 0, 0, 0.385476416, -0.131950879, -0.24323833, 0.00546659172, -0.240880898, -0.970541509, 0.114746094, -0.963867187, 0.239868164, -0.99327316, -0.112710412, 0.022330342, 0, 1, 1, 1, 
156.288002, 14, 0.1, 0.1, 0.017808436, 0.373576852, -0.0199654313, 0.993146037, -1.43569292e-005, 0.116880062, 0.116880062, 1.40564026e-005, -0.993146037, 1.26156141e-005, 1, 1.56380993e-005, 0.993145946, -2.4563646e-005, 0.116880832, 0.116880832, -1.26468726e-005, -0.993145946, 2.58734625e-005, 1, -9.6891709e-006, 0, 0, 0, 0, 0, 0, 0, 0.358108081, -0.164552295, -0.255994458, 0.248140763, 0.419113481, -0.873295145, -0.96105957, 0.218994141, -0.16809082, 0.120749919, 0.881074714, 0.457307145, 0, 0, 0, 0, 0, 0, 0, 0.385476416, -0.131950879, -0.24323833, 0.00546659172, -0.240880898, -0.970541509, 0.114746094, -0.963867187, 0.239868164, -0.99327316, -0.112710412, 0.022330342, 0, 1, 1, 1, 
156.288807, 14, 0.1, 0.1, 0.0178084337, 0.37357685, -0.019966401, 0.99314651, -1.14223328e-005, 0.116876044, 0.116876044, -2.59281666e-005, -0.99314651, 1.43744315e-005, 1, -2.44154711e-005, 0.993146418, 1.08253959e-005, 0.116876828, 0.116876828, -1.21222832e-005, -0.993146418, -9.33438918e-006, 1, -1.33044401e-005, 0, 0, 0, 0, 0, 0, 0, 0.35815752, -0.162814868, -0.256522192, 0.248708773, 0.431763704, -0.866986708, -0.960083008, 0.227783203, -0.161987305, 0.127457511, 0.872767927, 0.471386203, 0, 0, 0, 0, 0, 0, 0, 0.385476416, -0.131950879, -0.24323833, 0.00546659172, -0.240880898, -0.970541509, 0.114746094, -0.963867187, 0.239868164, -0.99327316, -0.112710412, 0.022330342, 0, 1, 1, 1, 
156.289598, 14, 0.1, 0.1, 0.0178084349, 0.373576849, -0.0199668606, 0.99314697, 2.2778181e-005, 0.116872132, 0.116872131, 2.53777329e-005, -0.99314697, -2.55880312e-005, 0.999999999, 2.25416839e-005, 0.99314688, 1.08883981e-005, 0.116872904, 0.116872903, 2.57929524e-005, -0.993146879, -1.38282758e-005, 1, 2.43436315e-005, 0, 0, 0, 0, 0, 0, 0, 0.35815752, -0.162814868, -0.256522192, 0.248708773, 0.431763704, -0.866986708, -0.960083008, 0.227783203, -0.161987305, 0.127457511, 0.872767927, 0.471386203, 0, 0, 0, 0, 0, 0, 0, 0.385476416, -0.131950879, -0.24323833, 0.00546659172, -0.240880898, -0.970541509, 0.114746094, -0.963867187, 0.239868164, -0.99327316, -0.112710412, 0.022330342, 0, 1, 1, 1, 
156.290388, 14, 0.1, 0.1, 0.0178084355, 0.373576852, -0.0199668301, 0.993147426, -2.11444603e-005, 0.116868261, 0.11686826, -1.32084472e-005, -0.993147426, 2.25432146e-005, 1, -1.0646819e-005, 0.993147336, -2.03126051e-005, 0.116869021, 0.116869021, -2.66916903e-005, -0.993147336, 2.32928414e-005, 0.999999999, -2.41348669e-005, 0, 0, 0, 0, 0, 0, 0, 0.35815752, -0.162814868, -0.256522192, 0.248708773, 0.431763704, -0.866986708, -0.960083008, 0.227783203, -0.161987305, 0.127457511, 0.872767927, 0.471386203, 0, 0, 0, 0, 0, 0, 0, 0.385476416, -0.131950879, -0.24323833, 0.00546659172, -0.240880898, -0.970541509, 0.114746094, -0.963867187, 0.239868164, -0.99327316, -0.112710412, 0.022330342, 0, 1, 1, 1, 
156.291196, 14, 0.1, 0.1, 0.017808433, 0.373576848, -0.0199662978, 0.993147889, 1.04481478e-005, 0.116864326, 0.116864327, -1.32670305e-005, -0.993147889, -8.82611333e-006, 1, -1.43971391e-005, 0.993147797, 2.19130508e-005, 0.116865107, 0.116865106, 1.27745181e-005, -0.993147797, -2.32557936e-005, 1, 1.01261135e-005, 0, 0, 0, 0, 0, 0, 0, 0.357920605, -0.160813428, -0.257702075, 0.24800783, 0.44526389, -0.860360751, -0.959228516, 0.236328125, -0.154174805, 0.134736862, 0.863584967, 0.485909338, 0, 0, 0, 0, 0, 0, 0, 0.385476416, -0.131950879, -0.24323833, 0.00546659172, -0.240880898, -0.970541509, 0.114746094, -0.963867187, 0.239868164, -0.99327316, -0.112710412, 0.022330342, 0, 1, 1, 1, 
156.291998, 14, 0.1, 0.1, 0.0178084368, 0.373576849, -0.0199651571, 0.993148352, 6.56758444e-006, 0.11686039, 0.11686039, 2.8792086e-005, -0.993148352, -9.88724007e-006, 1, 2.78273223e-005, 0.993148261, -1.70843168e-005, 0.116861162, 0.116861162, 1.43717764e-005, -0.993148261, 1.5287757e-005, 1, 1.62697979e-005, 0, 0, 0, 0, 0, 0, 0, 0.357920605, -0.160813428, -0.257702075, 0.24800783, 0.44526389, -0.860360751, -0.959228516, 0.236328125, -0.154174805, 0.134736862, 0.863584967, 0.485909338, 0, 0, 0, 0, 0, 0, 0, 0.385552441, -0.130665918, -0.24380957, 0.0028982017, -0.228787047, -0.973460978, 0.124145508, -0.965820312, 0.227294922, -0.992192939, -0.121504199, 0.0255830321, 0, 1, 1, 1, 
156.292789, 14, 0.1, 0.1, 0.0178084364, 0.37357685, -0.0199642466, 0.993148809, -2.52157999e-005, 0.116856504, 0.116856503, -2.74082205e-005, -0.993148809, 2.82458705e-005, 0.999999999, -2.42738113e-005, 0.993148718, -1.35201021e-005, 0.116857281, 0.116857281, -2.75696449e-005, -0.993148718, 1.66491858e-005, 1, -2.58008351e-005, 0, 0, 0, 0, 0, 0, 0, 0.357920605, -0.160813428, -0.257702075, 0.24800783, 0.44526389, -0.860360751, -0.959228516, 0.236328125, -0.154174805, 0.134736862, 0.863584967, 0.485909338, 0, 0, 0, 0, 0, 0, 0, 0.385552441, -0.130665918, -0.24380957, 0.0028982017, -0.228787047, -0.973460978, 0.124145508, -0.965820312, 0.227294922, -0.992192939, -0.121504199, 0.0255830321, 0, 1, 1, 1, 
156.293582, 14, 0.1, 0.1, 0.017808435, 0.373576847, -0.0199638037, 0.993149267, 2.7424269e-005, 0.116852615, 0.116852614, 1.3536243e-005, -0.993149267, -2.88181381e-005, 1, 1.02389123e-005, 0.993149175, 2.64131025e-005, 0.116853396, 0.116853395, 2.81937259e-005, -0.993149175, -2.95266836e-005, 0.999999999, 2.49141149e-005, 0, 0, 0, 0, 0, 0, 0, 0.357920605, -0.160813428, -0.257702075, 0.24800783, 0.44526389, -0.860360751, -0.959228516, 0.236328125, -0.154174805, 0.134736862, 0.863584967, 0.485909338, 0, 0, 0, 0, 0, 0, 0, 0.385552441, -0.130665918, -0.24380957, 0.0028982017, -0.228787047, -0.973460978, 0.124145508, -0.965820312, 0.227294922, -0.992192939, -0.121504199, 0.0255830321, 0, 1, 1, 1, 
156.294371, 14, 0.1, 0.1, 0.0178084369, 0.37357685, -0.01996395, 0.993149725, -9.83124891e-006, 0.116848721, 0.116848721, 1.33979808e-005, -0.993149725, 8.19836523e-006, 1, 1.44549698e-005, 0.993149634, -2.06507399e-005, 0.116849492, 0.116849492, -1.45960099e-005, -0.993149634, 2.22148111e-005, 1, -1.20829934e-005, 0, 0, 0, 0, 0, 0, 0, 0.357920605, -0.160813428, -0.257702075, 0.24800783, 0.44526389, -0.860360751, -0.959228516, 0.236328125, -0.154174805, 0.134736862, 0.863584967, 0.485909338, 0, 0, 0, 0, 0, 0, 0, 0.385552441, -0.130665918, -0.24380957, 0.0028982017, -0.228787047, -0.973460978, 0.124145508, -0.965820312, 0.227294922, -0.992192939, -0.121504199, 0.0255830321, 0, 1, 1, 1, 
156.295159, 14, 0.1, 0.1, 0.0178084338, 0.373576848, -0.0199646369, 0.993150186, -1.04139418e-005, 0.116844805, 0.116844805, -2.55786964e-005, -0.993150186, 1.33313461e-005, 1, -2.4186672e-005, 0.993150091, 1.48598722e-005, 0.116845607, 0.116845607, -1.08507611e-005, -0.993150091, -1.34902197e-005, 1, -1.25127452e-005, 0, 0, 0, 0, 0, 0, 0, 0.357920605, -0.160813428, -0.257702075, 0.24800783, 0.44526389, -0.860360751, -0.959228516, 0.236328125, -0.154174805, 0.134736862, 0.863584967, 0.485909338, 0, 0, 0, 0, 0, 0, 0, 0.385552441, -0.130665918, -0.24380957, 0.0028982017, -0.228787047, -0.973460978, 0.124145508, -0.965820312, 0.227294922, -0.992192939, -0.121504199, 0.0255830321, 0, 1, 1, 1, 
156.295961, 14, 0.1, 0.1, 0.0178084354, 0.373576846, -0.0199655329, 0.993150655, 2.01618743e-005, 0.116840817, 0.116840816, 2.78992193e-005, -0.993150655, -2.32835463e-005, 0.999999999, 2.53523981e-005, 0.993150554, 7.55077056e-006, 0.116841673, 0.116841673, 2.82193417e-005, -0.993150554, -1.07962471e-005, 1, 2.71438102e-005, 0, 0, 0, 0, 0, 0, 0, 0.357920605, -0.160813428, -0.257702075, 0.24911652, 0.454316186, -0.855310406, -0.957641602, 0.246948242, -0.147705078, 0.144077842, 0.855971628, 0.496727084, 0, 0, 0, 0, 0, 0, 0, 0.385552441, -0.130665918, -0.24380957, 0.0028982017, -0.228787047, -0.973460978, 0.124145508, -0.965820312, 0.227294922, -0.992192939, -0.121504199, 0.0255830321, 0, 1, 1, 1, 
156.296767, 14, 0.1, 0.1, 0.0178084367, 0.37357685, -0.0199659831, 0.993151125, -2.45838055e-005, 0.116836818, 0.116836818, -1.65131668e-005, -0.993151125, 2.634478e-005, 1, -1.35277766e-005, 0.993151034, -2.44591179e-005, 0.116837594, 0.116837593, -2.93805e-005, -0.993151034, 2.77243451e-005, 0.999999999, -2.63215295e-005, 0, 0, 0, 0, 0, 0, 0, 0.358675415, -0.160150732, -0.258750513, 0.24911652, 0.454316186, -0.855310406, -0.957641602, 0.246948242, -0.147705078, 0.144077842, 0.855971628, 0.496727084, -0, 0, 0, 0, 0, 0, 0, 0.38555376, -0.129620068, -0.244349072, -0.000762802701, -0.217491602, -0.976067281, 0.131958008, -0.967407227, 0.215454102, -0.991227556, -0.128540762, 0.0293596081, 0, 1, 1, 1, 
156.297558, 14, 0.1, 0.1, 0.0178084342, 0.373576847, -0.0199662265, 0.993151583, 1.36735865e-005, 0.116832924, 0.116832924, -1.57794836e-005, -0.993151583, -1.17363809e-005, 1, -1.72689442e-005, 0.993151493, 2.37689601e-005, 0.116833693, 0.116833693, 9.85498253e-006, -0.993151493, -2.47575722e-005, 1, 7.01047523e-006, 0, 0, 0, 0, 0, 0, 0, 0.358675415, -0.160150732, -0.258750513, 0.24911652, 0.454316186, -0.855310406, -0.957641602, 0.246948242, -0.147705078, 0.144077842, 0.855971628, 0.496727084, -0, 0, 0, 0, 0, 0, 0, 0.38555376, -0.129620068, -0.244349072, -0.000762802701, -0.217491602, -0.976067281, 0.131958008, -0.967407227, 0.215454102, -0.991227556, -0.128540762, 0.0293596081, 0, 1, 1, 1, 
156.298346, 14, 0.1, 0.1, 0.0178084365, 0.373576849, -0.019966217, 0.993152041, 1.15780358e-005, 0.11682903, 0.11682903, 2.62139522e-005, -0.993152041, -1.45613005e-005, 1, 2.46817894e-005, 0.99315195, -1.10376534e-005, 0.116829811, 0.116829812, 1.16395336e-005, -0.99315195, 9.60222242e-006, 1, 1.28493525e-005, 0, 0, 0, 0, 0, 0, 0, 0.358675415, -0.160150732, -0.258750513, 0.24911652, 0.454316186, -0.855310406, -0.957641602, 0.246948242, -0.147705078, 0.144077842, 0.855971628, 0.496727084, -0, 0, 0, 0, 0, 0, 0, 0.38555376, -0.129620068, -0.244349072, -0.000762802701, -0.217491602, -0.976067281, 0.131958008, -0.967407227, 0.215454102, -0.991227556, -0.128540762, 0.0293596081, 0, 1, 1, 1, 
156.299171, 14, 0.1, 0.1, 0.0178084357, 0.373576849, -0.0199659153, 0.993152511, -2.51119089e-005, 0.11682504, 0.11682504, -2.27643093e-005, -0.993152511, 2.75993967e-005, 0.999999999, -1.96747312e-005, 0.993152405, -1.10560531e-005, 0.116825939, 0.116825939, -2.38805375e-005, -0.993152405, 1.3770212e-005, 1, -2.24253795e-005, 0, 0, 0, 0, 0, 0, 0, 0.358675415, -0.160150732, -0.258750513, 0.24911652, 0.454316186, -0.855310406, -0.957641602, 0.246948242, -0.147705078, 0.144077842, 0.855971628, 0.496727084, -0, 0, 0, 0, 0, 0, 0, 0.38555376, -0.129620068, -0.244349072, -0.000762802701, -0.217491602, -0.976067281, 0.131958008, -0.967407227, 0.215454102, -0.991227556, -0.128540762, 0.0293596081, 0, 1, 1, 1, 
156.300002, 14, 0.1, 0.1, 0.0178084354, 0.373576844, -0.0199644483, 0.993152997, 2.28451304e-005, 0.116820903, 0.116820902, 2.15362148e-005, -0.993152997, -2.52045898e-005, 1, 1.87199675e-005, 0.993152907, 2.18512802e-005, 0.116821672, 0.116821671, 3.66874029e-005, -0.993152907, -2.59875462e-005, 0.999999999, 3.38834978e-005, 0, 0, 0, 0, 0, 0, 0, 0.358675415, -0.160150732, -0.258750513, 0.24911652, 0.454316186, -0.855310406, -0.957641602, 0.246948242, -0.147705078, 0.144077842, 0.855971628, 0.496727084, -0, 0, 0, 0, 0, 0, 0, 0.38555376, -0.129620068, -0.244349072, -0.000762802701, -0.217491602, -0.976067281, 0.131958008, -0.967407227, 0.215454102, -0.991227556, -0.128540762, 0.0293596081, 0, 1, 1, 1, 
156.300804, 14, 0.1, 0.1, 0.0178084383, 0.373576846, -0.0199634244, 0.993153464, -1.25472893e-005, 0.116816939, 0.11681694, 1.58337219e-005, -0.993153464, 1.06117369e-005, 1, 1.71910517e-005, 0.993153374, -2.44107236e-005, 0.116817702, 0.116817701, -1.05437129e-005, -0.993153374, 2.54752848e-005, 1, -7.61991942e-006, 0, 0, 0, 0, 0, 0, 0, 0.359155835, -0.16002876, -0.260086401, 0.24905885, 0.461521778, -0.85140957, -0.955688477, 0.259033203, -0.139160156, 0.156198985, 0.848403594, 0.505749423, -0, 0, 0, 0, 0, 0, 0, 0.38555376, -0.129620068, -0.244349072, -0.000762802701, -0.217491602, -0.976067281, 0.131958008, -0.967407227, 0.215454102, -0.991227556, -0.128540762, 0.0293596081, 0, 1, 1, 1, 
156.301613, 14, 0.1, 0.1, 0.0178084344, 0.373576845, -0.0199628091, 0.99315394, -7.87627084e-006, 0.116812886, 0.116812886, -3.30952535e-005, -0.99315394, 1.16883015e-005, 0.999999999, -3.19486315e-005, 0.993153845, 1.77646408e-005, 0.116813693, 0.116813693, -1.66328215e-005, -0.993153845, -1.570008e-005, 1, -1.8594104e-005, 0, 0, 0, 0, 0, 0, 0, 0.359155835, -0.16002876, -0.260086401, 0.24905885, 0.461521778, -0.85140957, -0.955688477, 0.259033203, -0.139160156, 0.156198985, 0.848403594, 0.505749423, -0, 0, 0, 0, 0, 0, 0, 0.385535059, -0.130139111, -0.244645557, -0.00464109066, -0.20709664, -0.978271099, 0.13684082, -0.969116211, 0.204467773, -0.990530496, -0.132848886, 0.0328102587, 0, 1, 1, 1, 
156.302401, 14, 0.1, 0.1, 0.0178084353, 0.373576844, -0.019963148, 0.993154408, 2.45596648e-005, 0.116808907, 0.116808907, 2.40701965e-005, -0.993154408, -2.72031527e-005, 0.999999999, 2.10366341e-005, 0.993154315, 1.23033454e-005, 0.116809698, 0.116809697, 2.39391822e-005, -0.993154315, -1.50154492e-005, 1, 2.2338152e-005, 0, 0, 0, 0, 0, 0, 0, 0.359155835, -0.16002876, -0.260086401, 0.24905885, 0.461521778, -0.85140957, -0.955688477, 0.259033203, -0.139160156, 0.156198985, 0.848403594, 0.505749423, -0, 0, 0, 0, 0, 0, 0, 0.385535059, -0.130139111, -0.244645557, -0.00464109066, -0.20709664, -0.978271099, 0.13684082, -0.969116211, 0.204467773, -0.990530496, -0.132848886, 0.0328102587, 0, 1, 1, 1, 
156.303204, 14, 0.1, 0.1, 0.0178084366, 0.373576848, -0.0199642402, 0.993154884, -2.65152173e-005, 0.116804859, 0.116804858, -1.58571817e-005, -0.993154885, 2.81859135e-005, 1, -1.26515313e-005, 0.993154783, -2.54903821e-005, 0.116805722, 0.116805721, -3.14042497e-005, -0.993154783, 2.89840909e-005, 0.999999999, -2.82118583e-005, 0, 0, 0, 0, 0, 0, 0, 0.359155835, -0.16002876, -0.260086401, 0.246595822, 0.469913949, -0.847451445, -0.954345703, 0.26940918, -0.128295898, 0.167959549, 0.840524032, 0.515133464, -0, 0, 0, 0, 0, 0, 0, 0.385535059, -0.130139111, -0.244645557, -0.00464109066, -0.20709664, -0.978271099, 0.13684082, -0.969116211, 0.204467773, -0.990530496, -0.132848886, 0.0328102587, 0, 1, 1, 1, 
156.304009, 14, 0.1, 0.1, 0.0178084344, 0.373576845, -0.0199653034, 0.993155363, 1.21726978e-005, 0.116800793, 0.116800793, -1.12661105e-005, -0.993155363, -1.07734894e-005, 1, -1.26107788e-005, 0.99315527, 2.24258519e-005, 0.116801579, 0.116801578, 1.55121616e-005, -0.99315527, -2.4084198e-005, 1, 1.27866101e-005, 0, 0, 0, 0, 0, 0, 0, 0.358842505, -0.159623853, -0.261864746, 0.246595822, 0.469913949, -0.847451445, -0.954345703, 0.26940918, -0.128295898, 0.167959549, 0.840524032, 0.515133464, -0, 0, 0, 0, 0, 0, 0, 0.385220117, -0.130385107, -0.245599805, -0.00962475282, -0.195973269, -0.980564237, 0.141723633, -0.970825195, 0.192749023, -0.989826873, -0.137080452, 0.0371107205, 0, 1, 1, 1, 
156.304802, 14, 0.1, 0.1, 0.017808437, 0.373576846, -0.0199663149, 0.993155834, 1.12580025e-005, 0.116796786, 0.116796785, 2.49654135e-005, -0.993155834, -1.40968309e-005, 1, 2.34796476e-005, 0.99315574, -1.2169453e-005, 0.116797588, 0.116797589, 1.14784706e-005, -0.99315574, 1.07455045e-005, 1, 1.28212718e-005, 0, 0, 0, 0, 0, 0, 0, 0.358842505, -0.159623853, -0.261864746, 0.246595822, 0.469913949, -0.847451445, -0.954345703, 0.26940918, -0.128295898, 0.167959549, 0.840524032, 0.515133464, -0, 0, 0, 0, 0, 0, 0, 0.385220117, -0.130385107, -0.245599805, -0.00962475282, -0.195973269, -0.980564237, 0.141723633, -0.970825195, 0.192749023, -0.989826873, -0.137080452, 0.0371107205, 0, 1, 1, 1, 
156.305595, 14, 0.1, 0.1, 0.0178084354, 0.373576847, -0.0199669399, 0.993156301, -1.91130094e-005, 0.116792815, 0.116792814, -2.80470458e-005, -0.993156301, 2.22578991e-005, 0.999999999, -2.56228381e-005, 0.993156209, -7.72190424e-006, 0.116793602, 0.116793602, -2.81578984e-005, -0.993156208, 1.09577195e-005, 1, -2.70633226e-005, 0, 0, 0, 0, 0, 0, 0, 0.358842505, -0.159623853, -0.261864746, 0.246595822, 0.469913949, -0.847451445, -0.954345703, 0.26940918, -0.128295898, 0.167959549, 0.840524032, 0.515133464, -0, 0, 0, 0, 0, 0, 0, 0.385220117, -0.130385107, -0.245599805, -0.00962475282, -0.195973269, -0.980564237, 0.141723633, -0.970825195, 0.192749023, -0.989826873, -0.137080452, 0.0371107205, 0, 1, 1, 1, 
156.306394, 14, 0.1, 0.1, 0.0178084341, 0.373576844, -0.0199669691, 0.993156768, 2.29812823e-005, 0.116788846, 0.116788846, 1.29998672e-005, -0.993156768, -2.43422556e-005, 1, 1.02269486e-005, 0.993156676, 2.32207929e-005, 0.116789623, 0.116789622, 2.56122137e-005, -0.993156676, -2.60531262e-005, 0.999999999, 2.27249934e-005, 0, 0, 0, 0, 0, 0, 0, 0.358842505, -0.159623853, -0.261864746, 0.246595822, 0.469913949, -0.847451445, -0.954345703, 0.26940918, -0.128295898, 0.167959549, 0.840524032, 0.515133464, -0, 0, 0, 0, 0, 0, 0, 0.385220117, -0.130385107, -0.245599805, -0.00962475282, -0.195973269, -0.980564237, 0.141723633, -0.970825195, 0.192749023, -0.989826873, -0.137080452, 0.0371107205, 0, 1, 1, 1, 
156.307181, 14, 0.1, 0.1, 0.0178084368, 0.373576847, -0.0199664826, 0.993157222, -1.36203035e-005, 0.116784982, 0.116784982, 1.48959208e-005, -0.993157222, 1.17874829e-005, 1, 1.63846382e-005, 0.993157132, -2.38200569e-005, 0.116785745, 0.116785745, -1.09438822e-005, -0.993157132, 2.49351489e-005, 1, -8.08715158e-006, 0, 0, 0, 0, 0, 0, 0, 0.358842505, -0.159623853, -0.261864746, 0.246595822, 0.469913949, -0.847451445, -0.954345703, 0.26940918, -0.128295898, 0.167959549, 0.840524032, 0.515133464, -0, 0, 0, 0, 0, 0, 0, 0.385220117, -0.130385107, -0.245599805, -0.00962475282, -0.195973269, -0.980564237, 0.141723633, -0.970825195, 0.192749023, -0.989826873, -0.137080452, 0.0371107205, 0, 1, 1, 1, 
156.307981, 14, 0.1, 0.1, 0.0178084347, 0.373576845, -0.0199657038, 0.993157685, -1.36657064e-005, 0.116781046, 0.116781045, -2.68326578e-005, -0.993157685, 1.67057472e-005, 1, -2.50531648e-005, 0.993157585, 1.1202924e-005, 0.116781896, 0.116781896, -1.12833759e-005, -0.993157585, -9.80857492e-006, 1, -1.2514469e-005, 0, 0, 0, 0, 0, 0, 0, 0.358842505, -0.159623853, -0.261864746, 0.244132795, 0.478388496, -0.843531512, -0.952880859, 0.279541016, -0.1171875, 0.179720112, 0.832384239, 0.524276371, -0, 0, 0, 0, 0, 0, 0, 0.385220117, -0.130385107, -0.245599805, -0.00962475282, -0.195973269, -0.980564237, 0.141723633, -0.970825195, 0.192749023, -0.989826873, -0.137080452, 0.0371107205, 0, 1, 1, 1, 
156.308784, 14, 0.1, 0.1, 0.0178084363, 0.373576844, -0.0199645871, 0.99315815, 2.30292034e-005, 0.116777092, 0.116777092, 2.59102336e-005, -0.99315815, -2.58973628e-005, 0.999999999, 2.30436762e-005, 0.993158058, 9.96267587e-006, 0.116777873, 0.116777873, 2.67000815e-005, -0.993158058, -1.30124905e-005, 1, 2.53539809e-005, 0, 0, 0, 0, 0, 0, 0, 0.358305933, -0.158992285, -0.263645776, 0.244132795, 0.478388496, -0.843531512, -0.952880859, 0.279541016, -0.1171875, 0.179720112, 0.832384239, 0.524276371, -0, 0, 0, 0, 0, 0, 0, 0.385349365, -0.129716895, -0.246168359, -0.0114902529, -0.182991327, -0.982953623, 0.150756836, -0.972045898, 0.179199219, -0.98842729, -0.146149126, 0.0388234693, 0, 1, 1, 1, 
156.309572, 14, 0.1, 0.1, 0.0178084372, 0.373576847, -0.0199639146, 0.993158606, -2.34013249e-005, 0.116773209, 0.116773209, -1.58920528e-005, -0.993158606, 2.50969933e-005, 1, -1.30506812e-005, 0.993158515, -2.27229186e-005, 0.116773986, 0.116773985, -3.07445072e-005, -0.993158515, 2.61576187e-005, 0.999999999, -2.78807234e-005, 0, 0, 0, 0, 0, 0, 0, 0.358305933, -0.158992285, -0.263645776, 0.244132795, 0.478388496, -0.843531512, -0.952880859, 0.279541016, -0.1171875, 0.179720112, 0.832384239, 0.524276371, -0, 0, 0, 0, 0, 0, 0, 0.385349365, -0.129716895, -0.246168359, -0.0114902529, -0.182991327, -0.982953623, 0.150756836, -0.972045898, 0.179199219, -0.98842729, -0.146149126, 0.0388234693, 0, 1, 1, 1, 
156.310362, 14, 0.1, 0.1, 0.0178084344, 0.373576844, -0.0199638183, 0.993159065, 1.32452503e-005, 0.116769304, 0.116769305, -1.23988063e-005, -0.993159065, -1.17068404e-005, 1, -1.38606255e-005, 0.993158975, 2.4830142e-005, 0.116770068, 0.116770068, 1.45480844e-005, -0.993158976, -2.63590593e-005, 1, 1.15491433e-005, 0, 0, 0, 0, 0, 0, 0, 0.358305933, -0.158992285, -0.263645776, 0.244132795, 0.478388496, -0.843531512, -0.952880859, 0.279541016, -0.1171875, 0.179720112, 0.832384239, 0.524276371, -0, 0, 0, 0, 0, 0, 0, 0.385349365, -0.129716895, -0.246168359, -0.0114902529, -0.182991327, -0.982953623, 0.150756836, -0.972045898, 0.179199219, -0.98842729, -0.146149126, 0.0388234693, 0, 1, 1, 1, 
156.31115, 14, 0.1, 0.1, 0.0178084374, 0.373576845, -0.0199642953, 0.993159528, 9.04274716e-006, 0.116765373, 0.116765373, 3.01137883e-005, -0.993159527, -1.24971382e-005, 1, 2.8851916e-005, 0.993159435, -1.49348743e-005, 0.116766162, 0.116766162, 1.53333201e-005, -0.993159435, 1.30422984e-005, 1, 1.69723195e-005, 0, 0, 0, 0, 0, 0, 0, 0.358305933, -0.158992285, -0.263645776, 0.244132795, 0.478388496, -0.843531512, -0.952880859, 0.279541016, -0.1171875, 0.179720112, 0.832384239, 0.524276371, -0, 0, 0, 0, 0, 0, 0, 0.385349365, -0.129716895, -0.246168359, -0.0114902529, -0.182991327, -0.982953623, 0.150756836, -0.972045898, 0.179199219, -0.98842729, -0.146149126, 0.0388234693, 0, 1, 1, 1, 
156.31194, 14, 0.1, 0.1, 0.0178084364, 0.373576846, -0.0199651679, 0.993159991, -2.255258e-005, 0.116761432, 0.116761432, -2.67042282e-005, -0.993159991, 2.55163441e-005, 0.999999999, -2.38882995e-005, 0.993159899, -1.09325292e-005, 0.116762214, 0.116762213, -2.63865465e-005, -0.993159899, 1.39387012e-005, 1, -2.49295535e-005, 0, 0, 0, 0, 0, 0, 0, 0.358305933, -0.158992285, -0.263645776, 0.244132795, 0.478388496, -0.843531512, -0.952880859, 0.279541016, -0.1171875, 0.179720112, 0.832384239, 0.524276371, -0, 0, 0, 0, 0, 0, 0, 0.385349365, -0.129716895, -0.246168359, -0.0114902529, -0.182991327, -0.982953623, 0.150756836, -0.972045898, 0.179199219, -0.98842729, -0.146149126, 0.0388234693, 0, 1, 1, 1, 
156.312727, 14, 0.1, 0.1, 0.0178084351, 0.373576843, -0.0199660975, 0.99316045, 2.53822231e-005, 0.116757528, 0.116757527, 1.15991723e-005, -0.99316045, -2.65629108e-005, 1, 8.55627357e-006, 0.993160359, 2.45047949e-005, 0.116758305, 0.116758304, 2.50902987e-005, -0.993160359, -2.72666916e-005, 0.999999999, 2.20575517e-005, 0, 0, 0, 0, 0, 0, 0, 0.358305933, -0.158992285, -0.263645776, 0.238636486, 0.487123273, -0.839986386, -0.951782227, 0.288330078, -0.103271484, 0.191837508, 0.824326822, 0.532613497, -0, 0, 0, 0, 0, 0, 0, 0.385349365, -0.129716895, -0.246168359, -0.0114902529, -0.182991327, -0.982953623, 0.150756836, -0.972045898, 0.179199219, -0.98842729, -0.146149126, 0.0388234693, 0, 1, 1, 1, 
