time, trialNum, realDorsalTactorPos, realVentralTactorPos, box1PosX, box1PosY, box1PosZ, box1LocalRot_11, box1LocalRot_12, box1LocalRot_13, box1LocalRot_21, box1LocalRot_22, box1LocalRot_23, box1LocalRot_31, box1LocalRot_32, box1LocalRot_33, box1GlobalRot_11, box1GlobalRot_12, box1GlobalRot_13, box1GlobalRot_21, box1GlobalRot_22, box1GlobalRot_23, box1GlobalRot_31, box1GlobalRot_32, box1GlobalRot_33, indexForceX, indexForceY, indexForceZ, indexForceGlobalX, indexForceGlobalY, indexForceGlobalZ, indexContact, indexPosX, indexPosY, indexPosZ, indexRot_11, indexRot_12, indexRot_13, indexRot_21, indexRot_22, indexRot_23, indexRot_31, indexRot_32, indexRot_33, thumbForceX, thumbForceY, thumbForceZ, thumbForceGlobalX, thumbForceGlobalY, thumbForceGlobalZ, thumbContact, thumbPosX, thumbPosY, thumbPosZ, thumbRot_11, thumbRot_12, thumbRot_13, thumbRot_21, thumbRot_22, thumbRot_23, thumbRot_31, thumbRot_32, thumbRot_33, manipForceTooHigh, cceExpType, mapping, trialSuccess, 
378.959145, 48, 0.1, 0.1, 0.0064196936, 0.347721102, -0.0199645508, 0.901189261, -4.00792035e-005, -0.43342579, 0.43342579, 6.69171419e-007, 0.901189261, -3.58289116e-005, -0.999999999, 1.79744105e-005, 0.901189294, -2.23411927e-006, -0.433425722, 0.433425722, 6.0541412e-006, 0.901189294, 6.10656151e-007, -1, 6.42425199e-006, 0, 0, 0, 0, 0, 0, 0, 0.211611084, 0.000321020508, -0.196728174, -0.162603617, 0.878138216, -0.449713252, -0.970092773, -0.0592041016, 0.234985352, 0.179749433, 0.474550524, 0.861721594, 0, 0, -0, 0, 0, 0, 0, 0.237121631, 0.0275078125, -0.155550977, -0.053450082, 0.438215028, -0.897259701, 0.744750977, -0.581054688, -0.328125, -0.66511441, -0.685733781, -0.295358354, 0, 1, 5, 1, 
378.984767, 48, 0.1, 0.1, 0.00641968108, 0.347721085, -0.0199643052, 0.901185635, 3.60106501e-005, -0.433433328, 0.433433327, 2.86396952e-005, 0.901185636, 4.48656791e-005, -0.999999999, 1.0201466e-005, 0.90118553, -1.87604043e-005, -0.433433548, 0.433433549, 3.04831846e-005, 0.901185529, -3.69417e-006, -0.999999999, 3.56023934e-005, 0, 0, 0, 0, 0, 0, 0, 0.224169067, -0.0168241699, -0.195346411, -0.176357635, 0.859824308, -0.47896657, -0.974853516, -0.0854492188, 0.205566406, 0.135828064, 0.503281876, 0.853377711, 0, 0, -0, 0, 0, 0, 0, 0.248075635, 0.0126683594, -0.153634521, -0.0439260523, 0.410742885, -0.910638297, 0.765991211, -0.571166992, -0.294555664, -0.64128325, -0.710469422, -0.289522681, 0, 1, 5, 1, 
378.98566, 48, 0.1, 0.1, 0.00641969923, 0.347721082, -0.019961515, 0.901186322, 1.86148012e-005, -0.433431901, 0.433431901, -1.03055717e-005, 0.901186322, 1.23086407e-005, -1, -1.73554889e-005, 0.90118617, 6.67214834e-005, -0.433432211, 0.433432213, -1.56399719e-005, 0.901186172, 5.33496106e-005, -0.999999998, -4.30137666e-005, 0, 0, 0, 0, 0, 0, 0, 0.224169067, -0.0168241699, -0.195346411, -0.176357635, 0.859824308, -0.47896657, -0.974853516, -0.0854492188, 0.205566406, 0.135828064, 0.503281876, 0.853377711, 0, 0, -0, 0, 0, 0, 0, 0.248075635, 0.0126683594, -0.153634521, -0.0439260523, 0.410742885, -0.910638297, 0.765991211, -0.571166992, -0.294555664, -0.64128325, -0.710469422, -0.289522681, 0, 1, 5, 1, 
378.986478, 48, 0.1, 0.1, 0.00641968133, 0.347721082, -0.0199594667, 0.901186931, -6.69257642e-005, -0.43343063, 0.43343063, -9.46040478e-006, 0.901186933, -6.44130534e-005, -0.999999998, 2.0482083e-005, 0.901186824, -9.38136873e-005, -0.433430848, 0.43343085, 1.59060048e-006, 0.901186828, -8.38542439e-005, -0.999999996, 4.20951744e-005, 0, 0, 0, 0, 0, 0, 0, 0.226046045, -0.0189605469, -0.195116724, -0.178575397, 0.857103675, -0.483130264, -0.975219727, -0.0894775391, 0.201660156, 0.12962895, 0.507173356, 0.852059704, 0, 0, -0, 0, 0, 0, 0, 0.249568896, 0.0105826172, -0.153059033, -0.042507146, 0.40711323, -0.912318596, 0.768432617, -0.57019043, -0.290283203, -0.638433778, -0.713305768, -0.288717346, 0, 1, 5, 1, 
378.987262, 48, 0.1, 0.1, 0.00641969048, 0.347721081, -0.0199597142, 0.901187226, 5.69587281e-005, -0.433430018, 0.433430017, 2.40450577e-005, 0.901187228, 6.17523281e-005, -0.999999998, -3.01852364e-006, 0.901187197, 6.85015319e-005, -0.433430076, 0.433430076, 3.60177547e-006, 0.9011872, 6.32938215e-005, -0.999999998, -2.64447502e-005, 0, 0, 0, 0, 0, 0, 0, 0.226046045, -0.0189605469, -0.195116724, -0.178575397, 0.857103675, -0.483130264, -0.975219727, -0.0894775391, 0.201660156, 0.12962895, 0.507173356, 0.852059704, 0, 0, -0, 0, 0, 0, 0, 0.249568896, 0.0105826172, -0.153059033, -0.042507146, 0.40711323, -0.912318596, 0.768432617, -0.57019043, -0.290283203, -0.638433778, -0.713305768, -0.288717346, 0, 1, 5, 1, 
378.988046, 48, 0.1, 0.1, 0.00641968301, 0.347721087, -0.0199619919, 0.901187102, -7.11489786e-005, -0.433430273, 0.433430274, -5.08439171e-006, 0.901187105, -6.63222713e-005, -0.999999997, 2.62561331e-005, 0.901187164, -7.06053841e-005, -0.433430145, 0.433430147, 2.01406596e-005, 0.901187165, -5.4899097e-005, -0.999999997, 4.87530059e-005, 0, 0, 0, 0, 0, 0, 0, 0.226046045, -0.0189605469, -0.195116724, -0.178575397, 0.857103675, -0.483130264, -0.975219727, -0.0894775391, 0.201660156, 0.12962895, 0.507173356, 0.852059704, 0, 0, -0, 0, 0, 0, 0, 0.249568896, 0.0105826172, -0.153059033, -0.042507146, 0.40711323, -0.912318596, 0.768432617, -0.57019043, -0.290283203, -0.638433778, -0.713305768, -0.288717346, 0, 1, 5, 1, 
378.988847, 48, 0.1, 0.1, 0.00641968412, 0.347721082, -0.019965288, 0.901186562, 5.3508826e-005, -0.433431399, 0.433431399, 1.56323247e-005, 0.901186563, 5.49969753e-005, -0.999999998, -9.1047644e-006, 0.901186702, 3.76559856e-005, -0.433431109, 0.433431109, -1.32850829e-005, 0.901186703, 2.81769053e-005, -0.999999999, -2.82936156e-005, 0, 0, 0, 0, 0, 0, 0, 0.226046045, -0.0189605469, -0.195116724, -0.178575397, 0.857103675, -0.483130264, -0.975219727, -0.0894775391, 0.201660156, 0.12962895, 0.507173356, 0.852059704, 0, 0, -0, 0, 0, 0, 0, 0.250462842, 0.00873330078, -0.15310957, -0.0432479488, 0.403751898, -0.913775049, 0.770385742, -0.568847656, -0.287841797, -0.636056785, -0.716359398, -0.286538313, 0, 1, 5, 1, 
378.989638, 48, 0.1, 0.1, 0.00641968976, 0.347721092, -0.0199683751, 0.90118573, -1.62894165e-005, -0.433433131, 0.433433131, 1.1816735e-005, 0.90118573, -9.55802524e-006, -1, 1.77094457e-005, 0.901185912, 8.83596915e-006, -0.433432753, 0.433432752, 4.4850649e-005, 0.901185912, 2.74025912e-005, -0.999999999, 3.65889747e-005, 0, 0, 0, 0, 0, 0, 0, 0.226046045, -0.0189605469, -0.195116724, -0.178575397, 0.857103675, -0.483130264, -0.975219727, -0.0894775391, 0.201660156, 0.12962895, 0.507173356, 0.852059704, 0, 0, -0, 0, 0, 0, 0, 0.250462842, 0.00873330078, -0.15310957, -0.0432479488, 0.403751898, -0.913775049, 0.770385742, -0.568847656, -0.287841797, -0.636056785, -0.716359398, -0.286538313, 0, 1, 5, 1, 
378.990423, 48, 0.1, 0.1, 0.00641968609, 0.347721084, -0.0199702941, 0.901184773, -4.98364351e-007, -0.433435121, 0.433435121, -1.45773013e-005, 0.901184773, -6.76743274e-006, -1, -1.29208334e-005, 0.901184962, -1.48026463e-005, -0.433434729, 0.433434729, -3.83155165e-005, 0.901184961, -2.99471978e-005, -0.999999999, -2.81133863e-005, 0, 0, 0, 0, 0, 0, 0, 0.226046045, -0.0189605469, -0.195116724, -0.178575397, 0.857103675, -0.483130264, -0.975219727, -0.0894775391, 0.201660156, 0.12962895, 0.507173356, 0.852059704, 0, 0, -0, 0, 0, 0, 0, 0.250462842, 0.00873330078, -0.15310957, -0.0432479488, 0.403751898, -0.913775049, 0.770385742, -0.568847656, -0.287841797, -0.636056785, -0.716359398, -0.286538313, 0, 1, 5, 1, 
378.991224, 48, 0.1, 0.1, 0.00641969344, 0.347721092, -0.0199704022, 0.90118389, 2.96958467e-005, -0.433436958, 0.433436957, 2.41824882e-005, 0.90118389, 3.72430027e-005, -0.999999999, 8.92159133e-006, 0.90118405, 3.63808923e-005, -0.433436623, 0.433436622, 4.55789326e-005, 0.901184051, 5.25414585e-005, -0.999999998, 2.5306196e-005, 0, 0, 0, 0, 0, 0, 0, 0.227238892, -0.0210839844, -0.195058765, -0.181166845, 0.854668361, -0.486291226, -0.975463867, -0.0932617188, 0.19921875, 0.124972126, 0.510525279, 0.850830064, 0, 0, -0, 0, 0, 0, 0, 0.250462842, 0.00873330078, -0.15310957, -0.0432479488, 0.403751898, -0.913775049, 0.770385742, -0.568847656, -0.287841797, -0.636056785, -0.716359398, -0.286538313, 0, 1, 5, 1, 
378.992012, 48, 0.1, 0.1, 0.00641968911, 0.347721084, -0.0199689146, 0.901183287, -4.64374591e-005, -0.433438209, 0.433438208, -2.89335017e-005, 0.901183288, -5.43895472e-005, -0.999999999, -5.94661905e-006, 0.90118338, -4.07376991e-005, -0.433438016, 0.433438014, -4.67787217e-005, 0.901183381, -5.69878138e-005, -0.999999998, -2.44989391e-005, 0, 0, 0, 0, 0, 0, 0, 0.227238892, -0.0210839844, -0.195058765, -0.181166845, 0.854668361, -0.486291226, -0.975463867, -0.0932617188, 0.19921875, 0.124972126, 0.510525279, 0.850830064, 0, 0, -0, 0, 0, 0, 0, 0.250462842, 0.00873330078, -0.15310957, -0.0432479488, 0.403751898, -0.913775049, 0.770385742, -0.568847656, -0.287841797, -0.636056785, -0.716359398, -0.286538313, 0, 1, 5, 1, 
378.992798, 48, 0.1, 0.1, 0.00641968933, 0.347721091, -0.0199664971, 0.901183062, 4.32225564e-005, -0.433438678, 0.433438677, 3.43019833e-005, 0.901183062, 5.38192421e-005, -0.999999998, 1.21780387e-005, 0.901183073, 2.65043868e-005, -0.433438657, 0.433438655, 4.8679369e-005, 0.901183072, 4.4984825e-005, -0.999999998, 3.23809976e-005, 0, 0, 0, 0, 0, 0, 0, 0.227238892, -0.0210839844, -0.195058765, -0.181166845, 0.854668361, -0.486291226, -0.975463867, -0.0932617188, 0.19921875, 0.124972126, 0.510525279, 0.850830064, 0, 0, -0, 0, 0, 0, 0, 0.250462842, 0.00873330078, -0.15310957, -0.0432479488, 0.403751898, -0.913775049, 0.770385742, -0.568847656, -0.287841797, -0.636056785, -0.716359398, -0.286538313, 0, 1, 5, 1, 
378.993614, 48, 0.1, 0.1, 0.00641969454, 0.347721086, -0.019963653, 0.901183235, -1.18865887e-005, -0.433438319, 0.433438319, -1.59961424e-005, 0.901183235, -1.76453355e-005, -1, -9.2633524e-006, 0.901183176, -2.55210734e-007, -0.433438443, 0.433438442, -3.59011006e-005, 0.901183175, -1.57909088e-005, -0.999999999, -3.22428497e-005, 0, 0, 0, 0, 0, 0, 0, 0.228652905, -0.0231979004, -0.194996045, -0.183821572, 0.85243599, -0.489350717, -0.975463867, -0.0970458984, 0.197265625, 0.1206961, 0.513597874, 0.849460761, 0, 0, -0, 0, 0, 0, 0, 0.251849902, 0.00686567383, -0.152948584, -0.0434200231, 0.400160523, -0.915327383, 0.772705078, -0.567260742, -0.284667969, -0.633251788, -0.719559949, -0.284614844, 0, 1, 5, 1, 
378.994396, 48, 0.1, 0.1, 0.00641969435, 0.347721094, -0.0199616988, 0.901183654, -7.57005024e-008, -0.433437449, 0.433437449, 1.67586448e-005, 0.901183654, 7.19560419e-006, -1, 1.51354282e-005, 0.901183565, 4.56785137e-006, -0.433437633, 0.433437632, 4.53098705e-005, 0.901183564, 2.37554756e-005, -0.999999999, 3.8852632e-005, 0, 0, 0, 0, 0, 0, 0, 0.228652905, -0.0231979004, -0.194996045, -0.183821572, 0.85243599, -0.489350717, -0.975463867, -0.0970458984, 0.197265625, 0.1206961, 0.513597874, 0.849460761, 0, 0, -0, 0, 0, 0, 0, 0.251849902, 0.00686567383, -0.152948584, -0.0434200231, 0.400160523, -0.915327383, 0.772705078, -0.567260742, -0.284667969, -0.633251788, -0.719559949, -0.284614844, 0, 1, 5, 1, 
378.995185, 48, 0.1, 0.1, 0.0064196932, 0.347721084, -0.0199611771, 0.901184058, 8.92613508e-006, -0.433436609, 0.433436609, -1.70601999e-005, 0.901184058, 6.49575446e-007, -1, -1.92432939e-005, 0.901183986, -4.27928277e-006, -0.433436758, 0.433436758, -4.87501888e-005, 0.901183985, -2.49865449e-005, -0.999999999, -4.2078091e-005, 0, 0, 0, 0, 0, 0, 0, 0.228652905, -0.0231979004, -0.194996045, -0.183821572, 0.85243599, -0.489350717, -0.975463867, -0.0970458984, 0.197265625, 0.1206961, 0.513597874, 0.849460761, 0, 0, -0, 0, 0, 0, 0, 0.251849902, 0.00686567383, -0.152948584, -0.0434200231, 0.400160523, -0.915327383, 0.772705078, -0.567260742, -0.284667969, -0.633251788, -0.719559949, -0.284614844, 0, 1, 5, 1, 
378.99597, 48, 0.1, 0.1, 0.00641969129, 0.347721089, -0.0199621899, 0.901184196, -1.74761565e-006, -0.433436321, 0.433436321, 1.15466561e-005, 0.901184196, 3.42981654e-006, -1, 1.11631441e-005, 0.901184184, -2.13913481e-005, -0.433436346, 0.433436347, 2.6611702e-005, 0.901184183, -7.7430657e-006, -0.999999999, 3.32538327e-005, 0, 0, 0, 0, 0, 0, 0, 0.228652905, -0.0231979004, -0.194996045, -0.183821572, 0.85243599, -0.489350717, -0.975463867, -0.0970458984, 0.197265625, 0.1206961, 0.513597874, 0.849460761, 0, 0, -0, 0, 0, 0, 0, 0.251849902, 0.00686567383, -0.152948584, -0.0434200231, 0.400160523, -0.915327383, 0.772705078, -0.567260742, -0.284667969, -0.633251788, -0.719559949, -0.284614844, 0, 1, 5, 1, 
378.996756, 48, 0.1, 0.1, 0.00641969455, 0.347721081, -0.0199643195, 0.901184386, 2.45186403e-005, -0.433435927, 0.433435927, -9.42235768e-006, 0.901184386, 1.80118275e-005, -1, -1.91185412e-005, 0.901184349, 1.37446486e-005, -0.433436004, 0.433436004, -3.81634133e-005, 0.901184348, -4.15493522e-006, -0.999999999, -4.03496963e-005, 0, 0, 0, 0, 0, 0, 0, 0.228652905, -0.0231979004, -0.194996045, -0.183821572, 0.85243599, -0.489350717, -0.975463867, -0.0970458984, 0.197265625, 0.1206961, 0.513597874, 0.849460761, 0, 0, -0, 0, 0, 0, 0, 0.251849902, 0.00686567383, -0.152948584, -0.0434200231, 0.400160523, -0.915327383, 0.772705078, -0.567260742, -0.284667969, -0.633251788, -0.719559949, -0.284614844, 0, 1, 5, 1, 
378.997543, 48, 0.1, 0.1, 0.00641969272, 0.347721087, -0.0199667611, 0.901184354, -3.41619639e-005, -0.433435991, 0.433435991, -8.26631763e-008, 0.901184355, -3.08220566e-005, -0.999999999, 1.47325299e-005, 0.901184385, -3.03081828e-005, -0.433435928, 0.433435929, 2.24370616e-005, 0.901184385, -1.75882324e-005, -0.999999999, 3.33565849e-005, 0, 0, 0, 0, 0, 0, 0, 0.228652905, -0.0231979004, -0.194996045, -0.183821572, 0.85243599, -0.489350717, -0.975463867, -0.0970458984, 0.197265625, 0.1206961, 0.513597874, 0.849460761, 0, 0, -0, 0, 0, 0, 0, 0.251849902, 0.00686567383, -0.152948584, -0.0434200231, 0.400160523, -0.915327383, 0.772705078, -0.567260742, -0.284667969, -0.633251788, -0.719559949, -0.284614844, 0, 1, 5, 1, 
378.998357, 48, 0.1, 0.1, 0.00641969464, 0.347721081, -0.0199685306, 0.901184018, 1.46881173e-005, -0.433436691, 0.433436691, -1.57296622e-006, 0.901184018, 1.25549153e-005, -1, -7.78390097e-006, 0.9011841, 2.42576517e-005, -0.43343652, 0.433436521, -1.81551308e-005, 0.9011841, 1.39915133e-005, -1, -2.68752674e-005, 0, 0, 0, 0, 0, 0, 0, 0.229816577, -0.0250946777, -0.194701294, -0.186996761, 0.850083051, -0.492251449, -0.975341797, -0.101318359, 0.19543457, 0.116255323, 0.516689565, 0.848313497, 0, 0, -0, 0, 0, 0, 0, 0.253008838, 0.00498632812, -0.152787598, -0.0437390187, 0.396473266, -0.916879718, 0.775146484, -0.565551758, -0.281494141, -0.630216749, -0.723016063, -0.282691375, 0, 1, 5, 1, 
378.999145, 48, 0.1, 0.1, 0.00641969205, 0.347721087, -0.0199689869, 0.901183655, -1.40702383e-005, -0.433437446, 0.433437446, 1.12294748e-005, 0.901183655, -7.81259387e-006, -1, 1.62183873e-005, 0.901183715, -1.09222555e-005, -0.433437321, 0.433437321, 3.35517124e-005, 0.901183715, 4.69960551e-006, -0.999999999, 3.497037e-005, 0, 0, 0, 0, 0, 0, 0, 0.229816577, -0.0250946777, -0.194701294, -0.186996761, 0.850083051, -0.492251449, -0.975341797, -0.101318359, 0.19543457, 0.116255323, 0.516689565, 0.848313497, 0, 0, -0, 0, 0, 0, 0, 0.253008838, 0.00498632812, -0.152787598, -0.0437390187, 0.396473266, -0.916879718, 0.775146484, -0.565551758, -0.281494141, -0.630216749, -0.723016063, -0.282691375, 0, 1, 5, 1, 
378.999927, 48, 0.1, 0.1, 0.00641969477, 0.347721082, -0.01996839, 0.901183259, 9.14465642e-006, -0.43343827, 0.433438271, -4.87759747e-006, 0.901183259, 6.12687386e-006, -1, -8.35925325e-006, 0.901183341, 1.89412446e-005, -0.433438098, 0.433438099, -2.05267921e-005, 0.901183341, 8.17244032e-006, -1, -2.67082601e-005, 0, 0, 0, 0, 0, 0, 0, 0.229816577, -0.0250946777, -0.194701294, -0.186996761, 0.850083051, -0.492251449, -0.975341797, -0.101318359, 0.19543457, 0.116255323, 0.516689565, 0.848313497, 0, 0, -0, 0, 0, 0, 0, 0.253008838, 0.00498632812, -0.152787598, -0.0437390187, 0.396473266, -0.916879718, 0.775146484, -0.565551758, -0.281494141, -0.630216749, -0.723016063, -0.282691375, 0, 1, 5, 1, 
379.000757, 48, 0.1, 0.1, 0.0064196923, 0.347721088, -0.0199667739, 0.90118286, 6.65287769e-006, -0.433439099, 0.433439099, 9.26557894e-006, 0.90118286, 1.00115235e-005, -1, 5.46636362e-006, 0.901182951, -1.52779873e-005, -0.43343891, 0.43343891, 2.76300527e-005, 0.901182951, -1.79232179e-006, -1, 3.15218066e-005, 0, 0, 0, 0, 0, 0, 0, 0.229816577, -0.0250946777, -0.194701294, -0.186996761, 0.850083051, -0.492251449, -0.975341797, -0.101318359, 0.19543457, 0.116255323, 0.516689565, 0.848313497, 0, 0, -0, 0, 0, 0, 0, 0.253008838, 0.00498632812, -0.152787598, -0.0437390187, 0.396473266, -0.916879718, 0.775146484, -0.565551758, -0.281494141, -0.630216749, -0.723016063, -0.282691375, 0, 1, 5, 1, 
379.001669, 48, 0.1, 0.1, 0.00641969703, 0.347721078, -0.0199628979, 0.901182648, 2.6436948e-005, -0.433439539, 0.43343954, -4.28218318e-006, 0.901182648, 2.19684513e-005, -1, -1.53178477e-005, 0.901182679, 1.63652904e-005, -0.433439476, 0.433439476, -3.7208198e-005, 0.901182678, -1.37938562e-006, -0.999999999, -4.06247465e-005, 0, 0, 0, 0, 0, 0, 0, 0.229816577, -0.0250946777, -0.194701294, -0.186996761, 0.850083051, -0.492251449, -0.975341797, -0.101318359, 0.19543457, 0.116255323, 0.516689565, 0.848313497, 0, 0, -0, 0, 0, 0, 0, 0.253008838, 0.00498632812, -0.152787598, -0.0437390187, 0.396473266, -0.916879718, 0.775146484, -0.565551758, -0.281494141, -0.630216749, -0.723016063, -0.282691375, 0, 1, 5, 1, 
379.002453, 48, 0.1, 0.1, 0.00641969351, 0.347721084, -0.0199600917, 0.901182282, -4.70635283e-005, -0.433440299, 0.4334403, -4.99297354e-006, 0.901182283, -4.45769738e-005, -0.999999999, 1.58996505e-005, 0.90118238, -4.22523235e-005, -0.433440094, 0.433440096, 2.34189866e-005, 0.901182381, -2.79263217e-005, -0.999999999, 3.94186292e-005, 0, 0, 0, 0, 0, 0, 0, 0.229816577, -0.0250946777, -0.194701294, -0.186996761, 0.850083051, -0.492251449, -0.975341797, -0.101318359, 0.19543457, 0.116255323, 0.516689565, 0.848313497, 0, 0, -0, 0, 0, 0, 0, 0.253008838, 0.00498632812, -0.152787598, -0.0437390187, 0.396473266, -0.916879718, 0.775146484, -0.565551758, -0.281494141, -0.630216749, -0.723016063, -0.282691375, 0, 1, 5, 1, 
379.003271, 48, 0.1, 0.1, 0.00641969811, 0.347721077, -0.0199589972, 0.901181543, 6.14849063e-005, -0.433441832, 0.433441832, 1.59641678e-005, 0.901181545, 6.2328601e-005, -0.999999998, -1.22635171e-005, 0.901181715, 5.17750353e-005, -0.433441477, 0.433441478, -1.61137768e-005, 0.901181716, 3.96743359e-005, -0.999999999, -3.69628889e-005, 0, 0, 0, 0, 0, 0, 0, 0.23096792, -0.0267552734, -0.194815063, -0.190482355, 0.848015431, -0.494409679, -0.975097656, -0.10546875, 0.194702148, 0.112976037, 0.519241699, 0.847172224, 0, 0, -0, 0, 0, 0, 0, 0.253903027, 0.00309868164, -0.152618066, -0.0446650222, 0.392664607, -0.918495852, 0.77746582, -0.563598633, -0.278808594, -0.627245508, -0.726484937, -0.280160898, 0, 1, 5, 1, 
379.004052, 48, 0.1, 0.1, 0.00641970007, 0.347721087, -0.0199601665, 0.901180512, -3.18805515e-005, -0.43344398, 0.433443981, 9.25455705e-006, 0.901180512, -2.47187997e-005, -0.999999999, 2.21584596e-005, 0.901180741, -2.20437693e-005, -0.433443504, 0.433443505, 3.92901365e-005, 0.90118074, -2.83536589e-006, -0.999999999, 4.49622429e-005, 0, 0, 0, 0, 0, 0, 0, 0.23096792, -0.0267552734, -0.194815063, -0.190482355, 0.848015431, -0.494409679, -0.975097656, -0.10546875, 0.194702148, 0.112976037, 0.519241699, 0.847172224, 0, 0, -0, 0, 0, 0, 0, 0.253903027, 0.00309868164, -0.152618066, -0.0446650222, 0.392664607, -0.918495852, 0.77746582, -0.563598633, -0.278808594, -0.627245508, -0.726484937, -0.280160898, 0, 1, 5, 1, 
379.004844, 48, 0.1, 0.1, 0.00641970356, 0.347721082, -0.0199631068, 0.901179203, 4.61874613e-005, -0.4334467, 0.4334467, 1.19803675e-005, 0.901179204, 4.68160304e-005, -0.999999999, -9.2233447e-006, 0.901179479, 3.96433999e-005, -0.433446127, 0.433446128, -1.53250388e-005, 0.901179479, 2.90832398e-005, -0.999999999, -3.09938887e-005, 0, 0, 0, 0, 0, 0, 0, 0.23096792, -0.0267552734, -0.194815063, -0.190482355, 0.848015431, -0.494409679, -0.975097656, -0.10546875, 0.194702148, 0.112976037, 0.519241699, 0.847172224, 0, 0, -0, 0, 0, 0, 0, 0.253903027, 0.00309868164, -0.152618066, -0.0446650222, 0.392664607, -0.918495852, 0.77746582, -0.563598633, -0.278808594, -0.627245508, -0.726484937, -0.280160898, 0, 1, 5, 1, 
379.005661, 48, 0.1, 0.1, 0.00641970229, 0.34772109, -0.0199665058, 0.901177651, -4.24562649e-005, -0.433449928, 0.433449929, 2.04664687e-006, 0.901177651, -3.73735181e-005, -0.999999999, 2.02470574e-005, 0.901177966, -3.3966701e-005, -0.433449273, 0.433449274, 2.85871034e-005, 0.901177966, -1.82189833e-005, -0.999999999, 4.04849096e-005, 0, 0, 0, 0, 0, 0, 0, 0.232151978, -0.028685376, -0.194585986, -0.193232562, 0.844952192, -0.498548286, -0.975097656, -0.109375, 0.192504883, 0.108097174, 0.523311035, 0.845232284, 0, 0, -0, 0, 0, 0, 0, 0.254835303, 0.00117954102, -0.152463428, -0.0449584981, 0.388357582, -0.920367548, 0.779663086, -0.562255859, -0.275390625, -0.624453271, -0.729883449, -0.277534539, 0, 1, 5, 1, 
379.006449, 48, 0.1, 0.1, 0.00641970218, 0.347721084, -0.0199690693, 0.901175997, 2.78303851e-005, -0.433453367, 0.433453368, -1.97629503e-007, 0.901175997, 2.49944118e-005, -1, -1.22412731e-005, 0.901176336, 2.07011493e-005, -0.433452664, 0.433452664, -2.23078012e-005, 0.901176335, 8.98601001e-006, -1, -2.90762308e-005, 0, 0, 0, 0, 0, 0, 0, 0.232151978, -0.028685376, -0.194585986, -0.193232562, 0.844952192, -0.498548286, -0.975097656, -0.109375, 0.192504883, 0.108097174, 0.523311035, 0.845232284, 0, 0, -0, 0, 0, 0, 0, 0.254835303, 0.00117954102, -0.152463428, -0.0449584981, 0.388357582, -0.920367548, 0.779663086, -0.562255859, -0.275390625, -0.624453271, -0.729883449, -0.277534539, 0, 1, 5, 1, 
379.007239, 48, 0.1, 0.1, 0.00641970029, 0.347721088, -0.0199702845, 0.901174252, -3.54897242e-005, -0.433456994, 0.433456994, -1.04046143e-005, 0.901174253, -3.64923785e-005, -0.999999999, 6.00689865e-006, 0.901174603, -3.01962434e-005, -0.433456266, 0.433456266, 1.27988483e-005, 0.901174603, -2.16643467e-005, -0.999999999, 2.46227479e-005, 0, 0, 0, 0, 0, 0, 0, 0.232151978, -0.028685376, -0.194585986, -0.193232562, 0.844952192, -0.498548286, -0.975097656, -0.109375, 0.192504883, 0.108097174, 0.523311035, 0.845232284, 0, 0, -0, 0, 0, 0, 0, 0.254835303, 0.00117954102, -0.152463428, -0.0449584981, 0.388357582, -0.920367548, 0.779663086, -0.562255859, -0.275390625, -0.624453271, -0.729883449, -0.277534539, 0, 1, 5, 1, 
379.00803, 48, 0.1, 0.1, 0.00641970203, 0.347721081, -0.0199698609, 0.901172426, 3.46257861e-005, -0.433460791, 0.433460792, -2.80853815e-006, 0.901172426, 2.99864125e-005, -0.999999999, -1.75398978e-005, 0.901172793, 2.84127577e-005, -0.433460028, 0.433460029, -2.58848225e-005, 0.901172793, 1.43847683e-005, -0.999999999, -3.56424926e-005, 0, 0, 0, 0, 0, 0, 0, 0.232151978, -0.028685376, -0.194585986, -0.193232562, 0.844952192, -0.498548286, -0.975097656, -0.109375, 0.192504883, 0.108097174, 0.523311035, 0.845232284, 0, 0, -0, 0, 0, 0, 0, 0.254835303, 0.00117954102, -0.152463428, -0.0449584981, 0.388357582, -0.920367548, 0.779663086, -0.562255859, -0.275390625, -0.624453271, -0.729883449, -0.277534539, 0, 1, 5, 1, 
379.008819, 48, 0.1, 0.1, 0.00641970093, 0.347721084, -0.0199680612, 0.901170533, -3.39179863e-005, -0.433464727, 0.433464727, -1.34159008e-005, 0.901170533, -3.63812096e-005, -0.999999999, 2.61223616e-006, 0.901170916, -2.81803737e-005, -0.433463931, 0.433463932, 1.0832482e-005, 0.901170916, -2.06998429e-005, -1, 2.19770933e-005, 0, 0, 0, 0, 0, 0, 0, 0.232151978, -0.028685376, -0.194585986, -0.193232562, 0.844952192, -0.498548286, -0.975097656, -0.109375, 0.192504883, 0.108097174, 0.523311035, 0.845232284, 0, 0, -0, 0, 0, 0, 0, 0.254835303, 0.00117954102, -0.152463428, -0.0449584981, 0.388357582, -0.920367548, 0.779663086, -0.562255859, -0.275390625, -0.624453271, -0.729883449, -0.277534539, 0, 1, 5, 1, 
379.009603, 48, 0.1, 0.1, 0.00641970375, 0.347721077, -0.0199656573, 0.901168576, 4.16438661e-005, -0.433468794, 0.433468794, 3.2808398e-006, 0.901168577, 3.89502852e-005, -0.999999999, -1.50947267e-005, 0.901168978, 3.51884696e-005, -0.433467958, 0.433467959, -2.43998843e-005, 0.901168978, 2.11341892e-005, -0.999999999, -3.72414929e-005, 0, 0, 0, 0, 0, 0, 0, 0.232151978, -0.028685376, -0.194585986, -0.193232562, 0.844952192, -0.498548286, -0.975097656, -0.109375, 0.192504883, 0.108097174, 0.523311035, 0.845232284, 0, 0, -0, 0, 0, 0, 0, 0.254835303, 0.00117954102, -0.152463428, -0.0449584981, 0.388357582, -0.920367548, 0.779663086, -0.562255859, -0.275390625, -0.624453271, -0.729883449, -0.277534539, 0, 1, 5, 1, 
379.010415, 48, 0.1, 0.1, 0.00641970186, 0.347721083, -0.0199631825, 0.901166439, -4.37326668e-005, -0.433473237, 0.433473237, -8.65302604e-006, 0.90116644, -4.31612669e-005, -0.999999999, 1.1159124e-005, 0.901166855, -3.69044844e-005, -0.433472372, 0.433472373, 1.88092897e-005, 0.901166856, -2.51037908e-005, -0.999999999, 3.29473828e-005, 0, 0, 0, 0, 0, 0, 0, 0.233222534, -0.0310661133, -0.193959863, -0.193881826, 0.841762395, -0.503626344, -0.975463867, -0.110961914, 0.189941406, 0.103997882, 0.528141967, 0.842823179, 0, 0, -0, 0, 0, 0, 0, 0.255739746, -0.000526611329, -0.152300488, -0.0459610606, 0.384127116, -0.922117843, 0.782592773, -0.559814453, -0.272094727, -0.62075362, -0.73401037, -0.27489542, 0, 1, 5, 1, 
379.011199, 48, 0.1, 0.1, 0.00641970392, 0.347721076, -0.0199616345, 0.901164271, 4.2906461e-005, -0.433477745, 0.433477745, 7.31833339e-006, 0.901164271, 4.18381044e-005, -0.999999999, -1.20039754e-005, 0.90116471, 3.51998857e-005, -0.433476832, 0.433476833, -2.28746473e-005, 0.90116471, 2.18052652e-005, -0.999999999, -3.58721598e-005, 0, 0, 0, 0, 0, 0, 0, 0.233222534, -0.0310661133, -0.193959863, -0.193881826, 0.841762395, -0.503626344, -0.975463867, -0.110961914, 0.189941406, 0.103997882, 0.528141967, 0.842823179, 0, 0, -0, 0, 0, 0, 0, 0.255739746, -0.000526611329, -0.152300488, -0.0459610606, 0.384127116, -0.922117843, 0.782592773, -0.559814453, -0.272094727, -0.62075362, -0.73401037, -0.27489542, 0, 1, 5, 1, 
379.011986, 48, 0.1, 0.1, 0.00641970229, 0.347721084, -0.0199615529, 0.901161986, -4.3531755e-005, -0.433482494, 0.433482495, 4.90253237e-007, 0.901161987, -3.90166466e-005, -0.999999999, 1.93120513e-005, 0.901162445, -3.5917409e-005, -0.433481541, 0.433481542, 2.94605612e-005, 0.901162445, -1.95968107e-005, -0.999999999, 4.21182852e-005, 0, 0, 0, 0, 0, 0, 0, 0.233222534, -0.0310661133, -0.193959863, -0.193881826, 0.841762395, -0.503626344, -0.975463867, -0.110961914, 0.189941406, 0.103997882, 0.528141967, 0.842823179, 0, 0, -0, 0, 0, 0, 0, 0.255739746, -0.000526611329, -0.152300488, -0.0459610606, 0.384127116, -0.922117843, 0.782592773, -0.559814453, -0.272094727, -0.62075362, -0.73401037, -0.27489542, 0, 1, 5, 1, 
379.012773, 48, 0.1, 0.1, 0.00641970428, 0.347721077, -0.0199628677, 0.90115961, 4.26035435e-005, -0.433487434, 0.433487434, 8.28113309e-006, 0.901159611, 4.19823598e-005, -0.999999999, -1.10054781e-005, 0.901160091, 3.45079318e-005, -0.433486435, 0.433486436, -2.00556727e-005, 0.901160091, 2.24033089e-005, -0.999999999, -3.30320922e-005, 0, 0, 0, 0, 0, 0, 0, 0.233222534, -0.0310661133, -0.193959863, -0.193881826, 0.841762395, -0.503626344, -0.975463867, -0.110961914, 0.189941406, 0.103997882, 0.528141967, 0.842823179, 0, 0, -0, 0, 0, 0, 0, 0.255739746, -0.000526611329, -0.152300488, -0.0459610606, 0.384127116, -0.922117843, 0.782592773, -0.559814453, -0.272094727, -0.62075362, -0.73401037, -0.27489542, 0, 1, 5, 1, 
379.013555, 48, 0.1, 0.1, 0.0064197036, 0.347721085, -0.0199650447, 0.901157183, -3.65564163e-005, -0.43349248, 0.43349248, 1.7352268e-006, 0.901157184, -3.21908694e-005, -0.999999999, 1.74106437e-005, 0.901157671, -2.92298475e-005, -0.433491466, 0.433491467, 2.85340661e-005, 0.901157671, -1.39714271e-005, -0.999999999, 3.83845821e-005, 0, 0, 0, 0, 0, 0, 0, 0.233222534, -0.0310661133, -0.193959863, -0.193881826, 0.841762395, -0.503626344, -0.975463867, -0.110961914, 0.189941406, 0.103997882, 0.528141967, 0.842823179, 0, 0, -0, 0, 0, 0, 0, 0.255739746, -0.000526611329, -0.152300488, -0.0459610606, 0.384127116, -0.922117843, 0.782592773, -0.559814453, -0.272094727, -0.62075362, -0.73401037, -0.27489542, 0, 1, 5, 1, 
379.014341, 48, 0.1, 0.1, 0.00641970561, 0.347721079, -0.019967306, 0.901154709, 3.81837462e-005, -0.433497623, 0.433497623, 3.83682305e-006, 0.901154709, 3.60727164e-005, -0.999999999, -1.30949921e-005, 0.901155202, 3.12610057e-005, -0.433496598, 0.433496599, -2.03985097e-005, 0.901155202, 1.93283334e-005, -0.999999999, -3.19337628e-005, 0, 0, 0, 0, 0, 0, 0, 0.233222534, -0.0310661133, -0.193959863, -0.193881826, 0.841762395, -0.503626344, -0.975463867, -0.110961914, 0.189941406, 0.103997882, 0.528141967, 0.842823179, 0, 0, -0, 0, 0, 0, 0, 0.255739746, -0.000526611329, -0.152300488, -0.0459610606, 0.384127116, -0.922117843, 0.782592773, -0.559814453, -0.272094727, -0.62075362, -0.73401037, -0.27489542, 0, 1, 5, 1, 
379.015159, 48, 0.1, 0.1, 0.00641970451, 0.347721084, -0.0199687004, 0.901152128, -3.59500365e-005, -0.433502989, 0.433502989, -6.26332196e-006, 0.901152128, -3.51116207e-005, -0.999999999, 9.94024235e-006, 0.901152626, -2.96238138e-005, -0.433501954, 0.433501955, 1.79478117e-005, 0.901152626, -1.89151661e-005, -0.999999999, 2.90156988e-005, 0, 0, 0, 0, 0, 0, 0, 0.234349243, -0.0336449463, -0.193314087, -0.193496158, 0.83909905, -0.508323604, -0.975830078, -0.111328125, 0.187744141, 0.100970591, 0.532395149, 0.840477354, 0, 0, -0, 0, 0, 0, 0, 0.25659585, -0.00219614258, -0.152110937, -0.0475195918, 0.380356737, -0.923516694, 0.78503418, -0.557495117, -0.269897461, -0.617603376, -0.737843449, -0.27209662, 0, 1, 5, 1, 
379.016043, 48, 0.1, 0.1, 0.00641970766, 0.347721078, -0.0199681602, 0.901149344, 4.15402954e-005, -0.433508774, 0.433508774, 1.2971872e-005, 0.901149345, 4.30574303e-005, -0.999999999, -6.31848852e-006, 0.901149977, 3.44118826e-005, -0.43350746, 0.433507461, -1.72039924e-005, 0.901149977, 2.35522082e-005, -0.999999999, -3.04211852e-005, 0, 0, 0, 0, 0, 0, 0, 0.234349243, -0.0336449463, -0.193314087, -0.193496158, 0.83909905, -0.508323604, -0.975830078, -0.111328125, 0.187744141, 0.100970591, 0.532395149, 0.840477354, 0, 0, -0, 0, 0, 0, 0, 0.25659585, -0.00219614258, -0.152110937, -0.0475195918, 0.380356737, -0.923516694, 0.78503418, -0.557495117, -0.269897461, -0.617603376, -0.737843449, -0.27209662, 0, 1, 5, 1, 
379.016881, 48, 0.1, 0.1, 0.00641970613, 0.347721087, -0.0199652826, 0.901146637, -4.07549427e-005, -0.433514402, 0.433514403, -2.7151716e-006, 0.901146638, -3.79032456e-005, -0.999999999, 1.52210869e-005, 0.901147144, -3.42659158e-005, -0.433513348, 0.433513349, 2.58195279e-005, 0.901147144, -1.96855222e-005, -0.999999999, 3.81219257e-005, 0, 0, 0, 0, 0, 0, 0, 0.234349243, -0.0336449463, -0.193314087, -0.193496158, 0.83909905, -0.508323604, -0.975830078, -0.111328125, 0.187744141, 0.100970591, 0.532395149, 0.840477354, 0, 0, -0, 0, 0, 0, 0, 0.25659585, -0.00219614258, -0.152110937, -0.0475195918, 0.380356737, -0.923516694, 0.78503418, -0.557495117, -0.269897461, -0.617603376, -0.737843449, -0.27209662, 0, 1, 5, 1, 
379.017674, 48, 0.1, 0.1, 0.00641970837, 0.347721079, -0.0199627053, 0.901144047, 4.23125095e-005, -0.433519785, 0.433519785, 4.4218787e-006, 0.901144048, 4.0046638e-005, -0.999999999, -1.43585604e-005, 0.901144566, 3.51840586e-005, -0.433518707, 0.433518708, -2.36486345e-005, 0.901144566, 2.14537978e-005, -0.999999999, -3.65637861e-005, 0, 0, 0, 0, 0, 0, 0, 0.234349243, -0.0336449463, -0.193314087, -0.193496158, 0.83909905, -0.508323604, -0.975830078, -0.111328125, 0.187744141, 0.100970591, 0.532395149, 0.840477354, 0, 0, -0, 0, 0, 0, 0, 0.25659585, -0.00219614258, -0.152110937, -0.0475195918, 0.380356737, -0.923516694, 0.78503418, -0.557495117, -0.269897461, -0.617603376, -0.737843449, -0.27209662, 0, 1, 5, 1, 
379.018612, 48, 0.1, 0.1, 0.00641970355, 0.347721083, -0.0199602667, 0.901140946, -5.61913711e-005, -0.43352623, 0.433526229, -3.43411465e-005, 0.901140948, -6.55241332e-005, -0.999999998, -6.5857801e-006, 0.901141772, -4.63275405e-005, -0.433524514, 0.433524515, 1.04294054e-005, 0.901141773, -3.72262791e-005, -0.999999999, 2.94824974e-005, 0, 0, 0, 0, 0, 0, 0, 0.234349243, -0.0336449463, -0.193314087, -0.193496158, 0.83909905, -0.508323604, -0.975830078, -0.111328125, 0.187744141, 0.100970591, 0.532395149, 0.840477354, 0, 0, -0, 0, 0, 0, 0, 0.25659585, -0.00219614258, -0.152110937, -0.0475195918, 0.380356737, -0.923516694, 0.78503418, -0.557495117, -0.269897461, -0.617603376, -0.737843449, -0.27209662, 0, 1, 5, 1, 
379.019892, 48, 0.1, 0.1, 0.00641969785, 0.347721082, -0.0199515636, 0.901136888, 8.3473814e-006, -0.433534668, 0.433534668, 1.0292473e-005, 0.901136888, 1.19842772e-005, -1, 5.65604784e-006, 0.901137726, 5.74704797e-006, -0.433532927, 0.433532927, 3.66172459e-005, 0.901137725, 2.10536636e-005, -0.999999999, 3.05056472e-005, 0, 0, 0, 0, 0, 0, 0, 0.234349243, -0.0336449463, -0.193314087, -0.192387086, 0.835725406, -0.514099979, -0.976318359, -0.110717773, 0.185180664, 0.0978287251, 0.537625975, 0.837560892, 0, 0, -0, 0, 0, 0, 0, 0.25659585, -0.00219614258, -0.152110937, -0.0468673746, 0.375321302, -0.925631193, 0.787475586, -0.556152344, -0.265380859, -0.614466257, -0.741318519, -0.269495781, 0, 1, 5, 1, 
379.020739, 48, 0.1, 0.1, 0.00641970071, 0.34772108, -0.0199471609, 0.901134517, 1.64933283e-005, -0.433539597, 0.433539595, 5.61993316e-005, 0.901134516, 3.92273429e-005, -0.999999998, 4.34926467e-005, 0.901134999, 2.68484031e-005, -0.433538595, 0.433538595, 7.15767998e-006, 0.901134999, 2.72971663e-005, -1, -5.18978303e-006, 0, 0, 0, 0, 0, 0, 0, 0.235512573, -0.0364803467, -0.192725195, -0.192387086, 0.835725406, -0.514099979, -0.976318359, -0.110717773, 0.185180664, 0.0978287251, 0.537625975, 0.837560892, 0, 0, -0, 0, 0, 0, 0, 0.257597949, -0.0039418457, -0.1519729, -0.0468673746, 0.375321302, -0.925631193, 0.787475586, -0.556152344, -0.265380859, -0.614466257, -0.741318519, -0.269495781, 0, 1, 5, 1, 
379.021534, 48, 0.1, 0.1, 0.00641969316, 0.347721083, -0.0199491825, 0.901132242, -3.76297063e-005, -0.433544325, 0.433544322, -6.07929204e-005, 0.901132242, -6.02657672e-005, -0.999999997, -3.84683151e-005, 0.901132713, -5.8560416e-005, -0.433543342, 0.433543342, -1.31561977e-005, 0.901132715, -5.84744886e-005, -0.999999998, 1.35329983e-005, 0, 0, 0, 0, 0, 0, 0, 0.235512573, -0.0364803467, -0.192725195, -0.192387086, 0.835725406, -0.514099979, -0.976318359, -0.110717773, 0.185180664, 0.0978287251, 0.537625975, 0.837560892, 0, 0, -0, 0, 0, 0, 0, 0.257597949, -0.0039418457, -0.1519729, -0.0468673746, 0.375321302, -0.925631193, 0.787475586, -0.556152344, -0.265380859, -0.614466257, -0.741318519, -0.269495781, 0, 1, 5, 1, 
379.022363, 48, 0.1, 0.1, 0.00641970565, 0.347721074, -0.0199564802, 0.901129594, 8.00521757e-005, -0.433549823, 0.433549822, 2.32752391e-005, 0.901129597, 8.22283606e-005, -0.999999997, -1.37325998e-005, 0.901130125, 8.69970669e-005, -0.433548717, 0.43354872, -1.50971171e-005, 0.901130128, 7.18503423e-005, -0.999999996, -5.13219341e-005, 0, 0, 0, 0, 0, 0, 0, 0.237210132, -0.0386500488, -0.192095654, -0.193880322, 0.832294474, -0.519095662, -0.97644043, -0.113037109, 0.183227539, 0.0938631047, 0.542495099, 0.834891556, 0, 0, -0, 0, 0, 0, 0, 0.258594922, -0.00592568359, -0.151608203, -0.0461768779, 0.370030305, -0.927771213, 0.789672852, -0.555175781, -0.260742187, -0.611693343, -0.744697708, -0.266652138, 0, 1, 5, 1, 
379.023167, 48, 0.1, 0.1, 0.00641970121, 0.347721089, -0.0199655115, 0.901126783, -8.40630089e-005, -0.433555664, 0.433555668, 4.49341957e-005, 0.901126784, -5.62699538e-005, -0.999999995, 7.69374013e-005, 0.901127357, -6.18891309e-005, -0.433554475, 0.433554478, 6.96922687e-005, 0.901127355, -2.55545939e-005, -0.999999996, 8.96339198e-005, 0, 0, 0, 0, 0, 0, 0, 0.237210132, -0.0386500488, -0.192095654, -0.193880322, 0.832294474, -0.519095662, -0.97644043, -0.113037109, 0.183227539, 0.0938631047, 0.542495099, 0.834891556, 0, 0, -0, 0, 0, 0, 0, 0.258594922, -0.00592568359, -0.151608203, -0.0461768779, 0.370030305, -0.927771213, 0.789672852, -0.555175781, -0.260742187, -0.611693343, -0.744697708, -0.266652138, 0, 1, 5, 1, 
379.023975, 48, 0.1, 0.1, 0.00641969142, 0.347721078, -0.0199734629, 0.901123799, 1.22496425e-005, -0.433561874, 0.433561874, -8.16243853e-005, 0.901123796, -2.43507771e-005, -0.999999997, -7.88646541e-005, 0.901124397, -2.0260496e-005, -0.433560631, 0.433560629, -7.63982108e-005, 0.901124395, -5.13804837e-005, -0.999999997, -6.00601382e-005, 0, 0, 0, 0, 0, 0, 0, 0.237210132, -0.0386500488, -0.192095654, -0.193880322, 0.832294474, -0.519095662, -0.97644043, -0.113037109, 0.183227539, 0.0938631047, 0.542495099, 0.834891556, 0, 0, -0, 0, 0, 0, 0, 0.258594922, -0.00592568359, -0.151608203, -0.0461768779, 0.370030305, -0.927771213, 0.789672852, -0.555175781, -0.260742187, -0.611693343, -0.744697708, -0.266652138, 0, 1, 5, 1, 
379.024773, 48, 0.1, 0.1, 0.0064197064, 0.347721069, -0.0199779658, 0.901120784, 5.79613192e-005, -0.433568136, 0.433568137, 6.92243261e-006, 0.901120786, 5.52314957e-005, -0.999999998, -1.88922333e-005, 0.901121379, 7.27550657e-005, -0.433566898, 0.433566901, -1.7744916e-005, 0.90112138, 5.7867537e-005, -0.999999997, -4.75345115e-005, 0, 0, 0, 0, 0, 0, 0, 0.237210132, -0.0386500488, -0.192095654, -0.193880322, 0.832294474, -0.519095662, -0.97644043, -0.113037109, 0.183227539, 0.0938631047, 0.542495099, 0.834891556, 0, 0, -0, 0, 0, 0, 0, 0.258594922, -0.00592568359, -0.151608203, -0.0461768779, 0.370030305, -0.927771213, 0.789672852, -0.555175781, -0.260742187, -0.611693343, -0.744697708, -0.266652138, 0, 1, 5, 1, 
379.025568, 48, 0.1, 0.1, 0.00641970286, 0.347721078, -0.0199779403, 0.901117831, -5.15654059e-005, -0.433574276, 0.433574278, 4.28341904e-005, 0.90111783, -2.78947036e-005, -0.999999998, 6.09560864e-005, 0.901118407, -4.46235146e-005, -0.433573079, 0.433573081, 4.95018196e-005, 0.901118406, -1.8748414e-005, -0.999999998, 6.39545555e-005, 0, 0, 0, 0, 0, 0, 0, 0.237210132, -0.0386500488, -0.192095654, -0.193880322, 0.832294474, -0.519095662, -0.97644043, -0.113037109, 0.183227539, 0.0938631047, 0.542495099, 0.834891556, 0, 0, -0, 0, 0, 0, 0, 0.258594922, -0.00592568359, -0.151608203, -0.0461768779, 0.370030305, -0.927771213, 0.789672852, -0.555175781, -0.260742187, -0.611693343, -0.744697708, -0.266652138, 0, 1, 5, 1, 
379.02636, 48, 0.1, 0.1, 0.00641970251, 0.347721079, -0.0199738055, 0.901115035, 3.98657906e-005, -0.433580088, 0.433580089, -1.33087108e-005, 0.901115035, 3.01532713e-005, -0.999999999, -2.92776924e-005, 0.901115574, 2.43395669e-005, -0.433578969, 0.433578969, -1.13817423e-005, 0.901115574, 1.69978787e-005, -1, -2.08093895e-005, 0, 0, 0, 0, 0, 0, 0, 0.237210132, -0.0386500488, -0.192095654, -0.193880322, 0.832294474, -0.519095662, -0.97644043, -0.113037109, 0.183227539, 0.0938631047, 0.542495099, 0.834891556, 0, 0, -0, 0, 0, 0, 0, 0.258594922, -0.00592568359, -0.151608203, -0.0461768779, 0.370030305, -0.927771213, 0.789672852, -0.555175781, -0.260742187, -0.611693343, -0.744697708, -0.266652138, 0, 1, 5, 1, 
379.027188, 48, 0.1, 0.1, 0.00641970244, 0.347721077, -0.0199666972, 0.901112334, -4.5946642e-005, -0.4335857, 0.4335857, -8.02200389e-006, 0.901112335, -4.4881312e-005, -0.999999999, 1.26930803e-005, 0.901112894, -3.1499757e-005, -0.433584537, 0.433584537, 2.3561057e-006, 0.901112895, -2.73632662e-005, -1, 1.57809248e-005, 0, 0, 0, 0, 0, 0, 0, 0.238410181, -0.0405788086, -0.192306226, -0.196470647, 0.829250331, -0.523069517, -0.976074219, -0.115600586, 0.183349609, 0.0915543494, 0.546685002, 0.832431154, 0, 0, -0, 0, 0, 0, 0, 0.258594922, -0.00592568359, -0.151608203, -0.0452180583, 0.365065232, -0.929777071, 0.791748047, -0.554443359, -0.256103516, -0.609137713, -0.747674412, -0.263917137, 0, 1, 5, 1, 
