time, trialNum, realDorsalTactorPos, realVentralTactorPos, boxPosX, boxPosY, boxPosZ, boxLocalRot_11, boxLocalRot_12, boxLocalRot_13, boxLocalRot_21, boxLocalRot_22, boxLocalRot_23, boxLocalRot_31, boxLocalRot_32, boxLocalRot_33, boxGlobalRot_11, boxGlobalRot_12, boxGlobalRot_13, boxGlobalRot_21, boxGlobalRot_22, boxGlobalRot_23, boxGlobalRot_31, boxGlobalRot_32, boxGlobalRot_33, indexForceX, indexForceY, indexForceZ, indexForceGlobalX, indexForceGlobalY, indexForceGlobalZ, indexContact, indexPosX, indexPosY, indexPosZ, indexRot_11, indexRot_12, indexRot_13, indexRot_21, indexRot_22, indexRot_23, indexRot_31, indexRot_32, indexRot_33, thumbForceX, thumbForceY, thumbForceZ, thumbForceGlobalX, thumbForceGlobalY, thumbForceGlobalZ, thumbContact, thumbPosX, thumbPosY, thumbPosZ, thumbRot_11, thumbRot_12, thumbRot_13, thumbRot_21, thumbRot_22, thumbRot_23, thumbRot_31, thumbRot_32, thumbRot_33, manipForceTooHigh, cceExpType, mapping, trialSuccess, 
362.934286, 48, 0.1, 0.1, 0.00582382779, 0.368112487, -0.0199617858, 0.964632294, 1.82275298e-005, 0.263599198, 0.263599198, -2.48811372e-005, -0.964632294, -1.1024216e-005, 1, -2.88059107e-005, 0.96463231, -6.32869502e-006, 0.263599139, 0.263599138, -1.69791431e-005, -0.96463231, 1.05805512e-005, 1, -1.47103915e-005, 0, 0, 0, 0, 0, 0, 0, 0.360537598, -0.172757788, -0.156870898, -0.485194878, 0.468081447, -0.738519835, -0.837890625, -0.00756835938, 0.545654297, 0.249876027, 0.883577081, 0.396040638, 0, 0, -0, 0, 0, 0, 0, 0.402718555, -0.115606885, -0.134611768, -0.194725096, 0.316338017, -0.928377347, 0.695068359, -0.623291016, -0.358154297, -0.691991798, -0.714991094, -0.0985583328, 0, 1, 5, 1, 
362.97146, 48, 0.1, 0.1, 0.00582380825, 0.368112493, -0.019966498, 0.964591863, 1.16288018e-005, 0.263747108, 0.263747108, -7.28321329e-006, -0.964591863, -9.29612119e-006, 1, -1.00923911e-005, 0.964591895, 2.85343135e-005, 0.263746992, 0.263746992, -1.70515903e-005, -0.964591895, -2.30266619e-005, 0.999999999, -2.39736651e-005, 0, 0, 0, 0, 0, 0, 0, 0.358891309, -0.174579614, -0.161013232, -0.525762439, 0.467402226, -0.710664273, -0.815063477, -0.0377197266, 0.578125, 0.243447736, 0.883190291, 0.401021738, 0, 0, -0, 0, 0, 0, 0, 0.40273584, -0.120713477, -0.133906201, -0.21780196, 0.323223993, -0.920856278, 0.699829102, -0.605834961, -0.378173828, -0.680301863, -0.726787105, -0.094208298, 0, 1, 5, 1, 
362.972349, 48, 0.1, 0.1, 0.00582381326, 0.368112491, -0.0199665712, 0.964591707, 1.62868542e-005, 0.263747679, 0.263747679, -9.76865459e-006, -0.964591707, -1.31337045e-005, 1, -1.37183832e-005, 0.964591741, -2.09721774e-005, 0.263747556, 0.263747557, 1.18192645e-005, -0.964591741, 1.7112287e-005, 1, 1.69321255e-005, 0, 0, 0, 0, 0, 0, 0, 0.358891309, -0.174579614, -0.161013232, -0.525762439, 0.467402226, -0.710664273, -0.815063477, -0.0377197266, 0.578125, 0.243447736, 0.883190291, 0.401021738, 0, 0, -0, 0, 0, 0, 0, 0.40273584, -0.120713477, -0.133906201, -0.221168389, 0.322737653, -0.92022375, 0.703735352, -0.600341797, -0.379760742, -0.675132267, -0.731502445, -0.0943873021, 0, 1, 5, 1, 
362.973135, 48, 0.1, 0.1, 0.00582381202, 0.368112492, -0.0199656636, 0.964591582, -3.09489674e-005, 0.263748134, 0.263748135, 1.72191765e-005, -0.964591583, 2.53115878e-005, 0.999999999, 2.47722051e-005, 0.964591606, -1.66355825e-005, 0.263748049, 0.263748049, 9.54167528e-006, -0.964591606, 1.3529945e-005, 1, 1.35914223e-005, 0, 0, 0, 0, 0, 0, 0, 0.358891309, -0.174579614, -0.161013232, -0.525762439, 0.467402226, -0.710664273, -0.815063477, -0.0377197266, 0.578125, 0.243447736, 0.883190291, 0.401021738, 0, 0, -0, 0, 0, 0, 0, 0.403291553, -0.119282129, -0.133644873, -0.221168389, 0.322737653, -0.92022375, 0.703735352, -0.600341797, -0.379760742, -0.675132267, -0.731502445, -0.0943873021, 0, 1, 5, 1, 
362.973916, 48, 0.1, 0.1, 0.00582381035, 0.368112493, -0.0199648682, 0.964591476, 3.0717699e-005, 0.263748525, 0.263748525, -1.74745634e-005, -0.964591476, -2.50211403e-005, 0.999999999, -2.49575627e-005, 0.964591495, 3.23074432e-005, 0.263748452, 0.263748453, -1.78042212e-005, -0.964591496, -2.64676492e-005, 0.999999999, -2.56948385e-005, 0, 0, 0, 0, 0, 0, 0, 0.358891309, -0.174579614, -0.161013232, -0.525762439, 0.467402226, -0.710664273, -0.815063477, -0.0377197266, 0.578125, 0.243447736, 0.883190291, 0.401021738, 0, 0, -0, 0, 0, 0, 0, 0.403291553, -0.119282129, -0.133644873, -0.221168389, 0.322737653, -0.92022375, 0.703735352, -0.600341797, -0.379760742, -0.675132267, -0.731502445, -0.0943873021, 0, 1, 5, 1, 
362.974715, 48, 0.1, 0.1, 0.00582381417, 0.368112491, -0.0199643703, 0.964591384, -1.33803298e-005, 0.26374886, 0.26374886, 6.52057602e-006, -0.964591384, 1.11867564e-005, 1, 9.81873819e-006, 0.964591402, -3.20134933e-005, 0.263748792, 0.263748793, 1.62623068e-005, -0.964591403, 2.65907766e-005, 0.999999999, 2.41300015e-005, 0, 0, 0, 0, 0, 0, 0, 0.358891309, -0.174579614, -0.161013232, -0.522484274, 0.465327492, -0.714426951, -0.818725586, -0.0404052734, 0.572631836, 0.237614073, 0.884136856, 0.402235647, 0, 0, -0, 0, 0, 0, 0, 0.403291553, -0.119282129, -0.133644873, -0.221168389, 0.322737653, -0.92022375, 0.703735352, -0.600341797, -0.379760742, -0.675132267, -0.731502445, -0.0943873021, 0, 1, 5, 1, 
362.975496, 48, 0.1, 0.1, 0.00582381021, 0.368112493, -0.0199642191, 0.964591306, -1.49059241e-005, 0.263749147, 0.263749147, 9.99520495e-006, -0.964591306, 1.17418981e-005, 1, 1.35727126e-005, 0.964591321, 1.66725951e-005, 0.263749092, 0.263749092, -7.68627979e-006, -0.964591321, -1.40549912e-005, 1, -1.18115006e-005, 0, 0, 0, 0, 0, 0, 0, 0.360380542, -0.17535249, -0.158522925, -0.522484274, 0.465327492, -0.714426951, -0.818725586, -0.0404052734, 0.572631836, 0.237614073, 0.884136856, 0.402235647, 0, 0, -0, 0, 0, 0, 0, 0.403291553, -0.119282129, -0.133644873, -0.221168389, 0.322737653, -0.92022375, 0.703735352, -0.600341797, -0.379760742, -0.675132267, -0.731502445, -0.0943873021, 0, 1, 5, 1, 
362.976283, 48, 0.1, 0.1, 0.00582381127, 0.368112493, -0.019964643, 0.964591232, 3.22299935e-005, 0.263749416, 0.263749417, -1.94752077e-005, -0.964591232, -2.59521945e-005, 0.999999999, -2.72862565e-005, 0.964591247, 1.67361034e-005, 0.263749361, 0.263749362, -1.06880629e-005, -0.964591247, -1.33245291e-005, 1, -1.47237485e-005, 0, 0, 0, 0, 0, 0, 0, 0.360380542, -0.17535249, -0.158522925, -0.522484274, 0.465327492, -0.714426951, -0.818725586, -0.0404052734, 0.572631836, 0.237614073, 0.884136856, 0.402235647, 0, 0, -0, 0, 0, 0, 0, 0.403291553, -0.119282129, -0.133644873, -0.221168389, 0.322737653, -0.92022375, 0.703735352, -0.600341797, -0.379760742, -0.675132267, -0.731502445, -0.0943873021, 0, 1, 5, 1, 
362.97708, 48, 0.1, 0.1, 0.00582381257, 0.368112492, -0.019965282, 0.964591161, -2.86798734e-005, 0.263749674, 0.263749675, 1.83572509e-005, -0.964591162, 2.28226334e-005, 0.999999999, 2.52715492e-005, 0.964591176, -2.96182316e-005, 0.263749621, 0.263749622, 1.90084606e-005, -0.964591176, 2.35560106e-005, 0.999999999, 2.61471907e-005, 0, 0, 0, 0, 0, 0, 0, 0.360380542, -0.17535249, -0.158522925, -0.518939888, 0.462567546, -0.71871009, -0.822875977, -0.0430908203, 0.56640625, 0.231120285, 0.885439132, 0.403284805, 0, 0, -0, 0, 0, 0, 0, 0.403291553, -0.119282129, -0.133644873, -0.221168389, 0.322737653, -0.92022375, 0.703735352, -0.600341797, -0.379760742, -0.675132267, -0.731502445, -0.0943873021, 0, 1, 5, 1, 
362.977878, 48, 0.1, 0.1, 0.0058238089, 0.368112495, -0.0199656628, 0.964591097, 1.42614821e-005, 0.26374991, 0.26374991, -9.2537762e-006, -0.964591097, -1.13158161e-005, 1, -1.26875748e-005, 0.964591109, 3.04957213e-005, 0.263749867, 0.263749868, -1.8626928e-005, -0.964591109, -2.45030519e-005, 0.999999999, -2.60106116e-005, 0, 0, 0, 0, 0, 0, 0, 0.36165813, -0.17593606, -0.155836475, -0.518939888, 0.462567546, -0.71871009, -0.822875977, -0.0430908203, 0.56640625, 0.231120285, 0.885439132, 0.403284805, 0, 0, -0, 0, 0, 0, 0, 0.403905371, -0.117892285, -0.133185205, -0.223685007, 0.321644305, -0.919955428, 0.708007813, -0.595092773, -0.380126953, -0.669873352, -0.736281583, -0.0946045856, 0, 1, 5, 1, 
362.97866, 48, 0.1, 0.1, 0.0058238123, 0.368112493, -0.019966044, 0.964591044, 1.56442045e-005, 0.263750103, 0.263750104, -6.93013472e-006, -0.964591044, -1.32624358e-005, 1, -1.08109064e-005, 0.964591054, -1.38483948e-005, 0.263750068, 0.263750068, 9.62441926e-006, -0.964591054, 1.08195965e-005, 1, 1.29361438e-005, 0, 0, 0, 0, 0, 0, 0, 0.36165813, -0.17593606, -0.155836475, -0.518939888, 0.462567546, -0.71871009, -0.822875977, -0.0430908203, 0.56640625, 0.231120285, 0.885439132, 0.403284805, 0, 0, -0, 0, 0, 0, 0, 0.403905371, -0.117892285, -0.133185205, -0.223685007, 0.321644305, -0.919955428, 0.708007813, -0.595092773, -0.380126953, -0.669873352, -0.736281583, -0.0946045856, 0, 1, 5, 1, 
362.979441, 48, 0.1, 0.1, 0.00582381145, 0.368112494, -0.0199663533, 0.964591002, -3.26876138e-005, 0.263750258, 0.263750258, 1.69052331e-005, -0.964591002, 2.70714185e-005, 0.999999999, 2.49280023e-005, 0.96459101, -1.81564979e-005, 0.263750229, 0.26375023, 9.4540307e-006, -0.96459101, 1.50200919e-005, 1, 1.39080535e-005, 0, 0, 0, 0, 0, 0, 0, 0.36165813, -0.17593606, -0.155836475, -0.518939888, 0.462567546, -0.71871009, -0.822875977, -0.0430908203, 0.56640625, 0.231120285, 0.885439132, 0.403284805, 0, 0, -0, 0, 0, 0, 0, 0.403905371, -0.117892285, -0.133185205, -0.223685007, 0.321644305, -0.919955428, 0.708007813, -0.595092773, -0.380126953, -0.669873352, -0.736281583, -0.0946045856, 0, 1, 5, 1, 
362.980224, 48, 0.1, 0.1, 0.00582381051, 0.368112494, -0.0199664682, 0.964590965, 2.71436131e-005, 0.263750391, 0.263750391, -1.51309127e-005, -0.964590966, -2.21916999e-005, 1, -2.17542803e-005, 0.964590973, 2.81152938e-005, 0.263750365, 0.263750365, -1.60339149e-005, -0.964590973, -2.28908077e-005, 0.999999999, -2.28815885e-005, 0, 0, 0, 0, 0, 0, 0, 0.36165813, -0.17593606, -0.155836475, -0.518939888, 0.462567546, -0.71871009, -0.822875977, -0.0430908203, 0.56640625, 0.231120285, 0.885439132, 0.403284805, 0, 0, -0, 0, 0, 0, 0, 0.403905371, -0.117892285, -0.133185205, -0.223685007, 0.321644305, -0.919955428, 0.708007813, -0.595092773, -0.380126953, -0.669873352, -0.736281583, -0.0946045856, 0, 1, 5, 1, 
362.981005, 48, 0.1, 0.1, 0.00582381427, 0.368112492, -0.0199663362, 0.964590933, -1.47205503e-005, 0.263750509, 0.263750509, 8.81924921e-006, -0.964590933, 1.18732278e-005, 1, 1.23895205e-005, 0.964590939, -3.05440957e-005, 0.263750487, 0.263750488, 1.78566074e-005, -0.964590939, 2.4752869e-005, 0.999999999, 2.52803419e-005, 0, 0, 0, 0, 0, 0, 0, 0.36165813, -0.17593606, -0.155836475, -0.518939888, 0.462567546, -0.71871009, -0.822875977, -0.0430908203, 0.56640625, 0.231120285, 0.885439132, 0.403284805, 0, 0, -0, 0, 0, 0, 0, 0.403905371, -0.117892285, -0.133185205, -0.223685007, 0.321644305, -0.919955428, 0.708007813, -0.595092773, -0.380126953, -0.669873352, -0.736281583, -0.0946045856, 0, 1, 5, 1, 
362.981789, 48, 0.1, 0.1, 0.00582381116, 0.368112494, -0.0199660481, 0.964590905, -1.67429928e-005, 0.263750612, 0.263750612, 9.98467398e-006, -0.964590905, 1.35166747e-005, 1, 1.40471003e-005, 0.964590911, 1.29659136e-005, 0.263750591, 0.263750591, -7.24804735e-006, -0.964590911, -1.05951256e-005, 1, -1.0411168e-005, 0, 0, 0, 0, 0, 0, 0, 0.36165813, -0.17593606, -0.155836475, -0.518939888, 0.462567546, -0.71871009, -0.822875977, -0.0430908203, 0.56640625, 0.231120285, 0.885439132, 0.403284805, 0, 0, -0, 0, 0, 0, 0, 0.403905371, -0.117892285, -0.133185205, -0.223685007, 0.321644305, -0.919955428, 0.708007813, -0.595092773, -0.380126953, -0.669873352, -0.736281583, -0.0946045856, 0, 1, 5, 1, 
362.982602, 48, 0.1, 0.1, 0.00582381257, 0.368112494, -0.0199653121, 0.964590877, 3.22644262e-005, 0.263750712, 0.263750713, -1.80049814e-005, -0.964590878, -2.63731445e-005, 0.999999999, -2.58772062e-005, 0.964590883, 1.75563405e-005, 0.263750694, 0.263750694, -1.01146012e-005, -0.964590883, -1.42669529e-005, 1, -1.43869491e-005, 0, 0, 0, 0, 0, 0, 0, 0.361759448, -0.176506079, -0.153324194, -0.516789892, 0.460067831, -0.721890148, -0.824951172, -0.0428466797, 0.563354492, 0.22830792, 0.886823784, 0.401934598, 0, 0, -0, 0, 0, 0, 0, 0.403663818, -0.119064893, -0.13273335, -0.22391505, 0.320781734, -0.920178908, 0.707641602, -0.595581055, -0.379882812, -0.670020273, -0.7362495, -0.0936461327, 0, 1, 5, 1, 
362.983384, 48, 0.1, 0.1, 0.00582381402, 0.368112493, -0.0199647367, 0.964590855, -2.97591388e-005, 0.263750795, 0.263750796, 1.67391884e-005, -0.964590855, 2.42904189e-005, 0.999999999, 2.39954646e-005, 0.964590859, -3.13618406e-005, 0.26375078, 0.263750781, 1.71246214e-005, -0.964590859, 2.57347126e-005, 0.999999999, 2.47899632e-005, 0, 0, 0, 0, 0, 0, 0, 0.361759448, -0.176506079, -0.153324194, -0.516789892, 0.460067831, -0.721890148, -0.824951172, -0.0428466797, 0.563354492, 0.22830792, 0.886823784, 0.401934598, 0, 0, -0, 0, 0, 0, 0, 0.403663818, -0.119064893, -0.13273335, -0.22391505, 0.320781734, -0.920178908, 0.707641602, -0.595581055, -0.379882812, -0.670020273, -0.7362495, -0.0936461327, 0, 1, 5, 1, 
362.984164, 48, 0.1, 0.1, 0.00582381012, 0.368112495, -0.0199645719, 0.964590839, 1.5490455e-005, 0.263750853, 0.263750853, -8.05497288e-006, -0.964590839, -1.28174451e-005, 1, -1.18553738e-005, 0.964590842, 3.24124266e-005, 0.263750843, 0.263750844, -1.68531899e-005, -0.964590842, -2.68196868e-005, 0.999999999, -2.48052374e-005, 0, 0, 0, 0, 0, 0, 0, 0.361759448, -0.176506079, -0.153324194, -0.516789892, 0.460067831, -0.721890148, -0.824951172, -0.0428466797, 0.563354492, 0.22830792, 0.886823784, 0.401934598, 0, 0, -0, 0, 0, 0, 0, 0.403663818, -0.119064893, -0.13273335, -0.22391505, 0.320781734, -0.920178908, 0.707641602, -0.595581055, -0.379882812, -0.670020273, -0.7362495, -0.0936461327, 0, 1, 5, 1, 
362.984959, 48, 0.1, 0.1, 0.00582381334, 0.368112494, -0.0199648045, 0.964590828, 1.97121738e-005, 0.263750895, 0.263750896, -1.12531612e-005, -0.964590828, -1.60461507e-005, 1, -1.60537995e-005, 0.96459083, -1.43050029e-005, 0.263750888, 0.263750888, 7.41127722e-006, -0.96459083, 1.18437436e-005, 1, 1.09218073e-005, 0, 0, 0, 0, 0, 0, 0, 0.361759448, -0.176506079, -0.153324194, -0.516789892, 0.460067831, -0.721890148, -0.824951172, -0.0428466797, 0.563354492, 0.22830792, 0.886823784, 0.401934598, 0, 0, -0, 0, 0, 0, 0, 0.403663818, -0.119064893, -0.13273335, -0.220260242, 0.318705147, -0.921789211, 0.709106445, -0.596557617, -0.375732422, -0.66975888, -0.736345016, -0.0946745814, 0, 1, 5, 1, 
362.985738, 48, 0.1, 0.1, 0.00582381139, 0.368112495, -0.0199652116, 0.964590817, -2.8807373e-005, 0.263750934, 0.263750935, 1.59973653e-005, -0.964590817, 2.35680074e-005, 0.999999999, 2.30288832e-005, 0.964590819, -1.36941588e-005, 0.263750927, 0.263750927, 8.21043156e-006, -0.964590819, 1.10437509e-005, 1, 1.1531554e-005, 0, 0, 0, 0, 0, 0, 0, 0.361759448, -0.176506079, -0.153324194, -0.516789892, 0.460067831, -0.721890148, -0.824951172, -0.0428466797, 0.563354492, 0.22830792, 0.886823784, 0.401934598, 0, 0, -0, 0, 0, 0, 0, 0.403911133, -0.12054375, -0.130405859, -0.220260242, 0.318705147, -0.921789211, 0.709106445, -0.596557617, -0.375732422, -0.66975888, -0.736345016, -0.0946745814, 0, 1, 5, 1, 
362.986681, 48, 0.1, 0.1, 0.00582380787, 0.368112497, -0.0199649688, 0.964590804, 3.2975504e-005, 0.263750979, 0.26375098, -1.77876579e-005, -0.964590805, -2.71163557e-005, 0.999999999, -2.58551327e-005, 0.964590808, 3.6286207e-005, 0.263750966, 0.263750967, -1.97584849e-005, -0.964590808, -2.97900222e-005, 0.999999999, -2.86293751e-005, 0, 0, 0, 0, 0, 0, 0, 0.361759448, -0.176506079, -0.153324194, -0.516789892, 0.460067831, -0.721890148, -0.824951172, -0.0428466797, 0.563354492, 0.22830792, 0.886823784, 0.401934598, 0, 0, -0, 0, 0, 0, 0, 0.403911133, -0.12054375, -0.130405859, -0.220260242, 0.318705147, -0.921789211, 0.709106445, -0.596557617, -0.375732422, -0.66975888, -0.736345016, -0.0946745814, 0, 1, 5, 1, 
362.987506, 48, 0.1, 0.1, 0.00582381246, 0.368112495, -0.0199629758, 0.964590797, -1.75300126e-005, 0.263751008, 0.263751008, 1.06160743e-005, -0.964590797, 1.41092885e-005, 1, 1.48637261e-005, 0.964590798, -3.57611352e-005, 0.263751004, 0.263751004, 2.00212923e-005, -0.964590798, 2.9214226e-005, 0.999999999, 2.87443896e-005, 0, 0, 0, 0, 0, 0, 0, 0.36179104, -0.177083545, -0.1537271, -0.520427132, 0.457428452, -0.720932722, -0.823242187, -0.0450439453, 0.565795898, 0.226412164, 0.888106964, 0.400176262, 0, 0, -0, 0, 0, 0, 0, 0.403911133, -0.12054375, -0.130405859, -0.220260242, 0.318705147, -0.921789211, 0.709106445, -0.596557617, -0.375732422, -0.66975888, -0.736345016, -0.0946745814, 0, 1, 5, 1, 
362.988293, 48, 0.1, 0.1, 0.00582380931, 0.368112497, -0.0199619565, 0.964590794, -2.1645113e-005, 0.263751017, 0.263751017, 1.15481376e-005, -0.964590794, 1.78328437e-005, 1, 1.68481478e-005, 0.964590794, 1.26288784e-005, 0.263751017, 0.263751018, -6.92826215e-006, -0.964590794, -1.03543636e-005, 1, -1.00138174e-005, 0, 0, 0, 0, 0, 0, 0, 0.36179104, -0.177083545, -0.1537271, -0.520427132, 0.457428452, -0.720932722, -0.823242187, -0.0450439453, 0.565795898, 0.226412164, 0.888106964, 0.400176262, 0, 0, -0, 0, 0, 0, 0, 0.403911133, -0.12054375, -0.130405859, -0.220260242, 0.318705147, -0.921789211, 0.709106445, -0.596557617, -0.375732422, -0.66975888, -0.736345016, -0.0946745814, 0, 1, 5, 1, 
362.989078, 48, 0.1, 0.1, 0.00582381132, 0.368112496, -0.0199622311, 0.964590795, 3.24417838e-005, 0.263751015, 0.263751015, -1.73058966e-005, -0.964590795, -2.67285983e-005, 0.999999999, -2.5249662e-005, 0.964590795, 1.59330884e-005, 0.263751016, 0.263751016, -8.59755774e-006, -0.964590795, -1.31012958e-005, 1, -1.24954933e-005, 0, 0, 0, 0, 0, 0, 0, 0.36179104, -0.177083545, -0.1537271, -0.520427132, 0.457428452, -0.720932722, -0.823242187, -0.0450439453, 0.565795898, 0.226412164, 0.888106964, 0.400176262, 0, 0, -0, 0, 0, 0, 0, 0.403911133, -0.12054375, -0.130405859, -0.220260242, 0.318705147, -0.921789211, 0.709106445, -0.596557617, -0.375732422, -0.66975888, -0.736345016, -0.0946745814, 0, 1, 5, 1, 
362.989892, 48, 0.1, 0.1, 0.00582381367, 0.368112495, -0.0199634265, 0.964590797, -3.58288469e-005, 0.263751005, 0.263751006, 2.04583712e-005, -0.964590797, 2.916426e-005, 0.999999999, 2.9183851e-005, 0.964590797, -3.74896652e-005, 0.263751007, 0.263751008, 2.10306713e-005, -0.964590797, 3.06153253e-005, 0.999999999, 3.0173929e-005, 0, 0, 0, 0, 0, 0, 0, 0.362505908, -0.177667114, -0.154144897, -0.523804142, 0.454668506, -0.720254622, -0.821655273, -0.0467529297, 0.567993164, 0.224598783, 0.88940924, 0.398214982, 0, 0, -0, 0, 0, 0, 0, 0.404143066, -0.122208984, -0.128286475, -0.216490596, 0.316903446, -0.923329153, 0.709472656, -0.598510742, -0.371826172, -0.670590101, -0.73555244, -0.0952046638, 0, 1, 5, 1, 
362.990683, 48, 0.1, 0.1, 0.00582381053, 0.368112497, -0.0199649886, 0.9645908, 1.41529972e-005, 0.263750997, 0.263750997, -7.9307391e-006, -0.9645908, -1.15601105e-005, 1, -1.13827851e-005, 0.964590799, 2.9723266e-005, 0.263750998, 0.263750998, -1.71167853e-005, -0.9645908, -2.41562197e-005, 0.999999999, -2.43502347e-005, 0, 0, 0, 0, 0, 0, 0, 0.362505908, -0.177667114, -0.154144897, -0.523804142, 0.454668506, -0.720254622, -0.821655273, -0.0467529297, 0.567993164, 0.224598783, 0.88940924, 0.398214982, 0, 0, -0, 0, 0, 0, 0, 0.404143066, -0.122208984, -0.128286475, -0.216490596, 0.316903446, -0.923329153, 0.709472656, -0.598510742, -0.371826172, -0.670590101, -0.73555244, -0.0952046638, 0, 1, 5, 1, 
362.991475, 48, 0.1, 0.1, 0.00582381374, 0.368112495, -0.0199665875, 0.964590801, 1.72653471e-005, 0.263750992, 0.263750992, -9.91842156e-006, -0.964590801, -1.40380015e-005, 1, -1.41209706e-005, 0.964590801, -1.24548848e-005, 0.263750992, 0.263750993, 7.04753055e-006, -0.964590801, 1.01550742e-005, 1, 1.00829714e-005, 0, 0, 0, 0, 0, 0, 0, 0.362505908, -0.177667114, -0.154144897, -0.523804142, 0.454668506, -0.720254622, -0.821655273, -0.0467529297, 0.567993164, 0.224598783, 0.88940924, 0.398214982, 0, 0, -0, 0, 0, 0, 0, 0.404143066, -0.122208984, -0.128286475, -0.216490596, 0.316903446, -0.923329153, 0.709472656, -0.598510742, -0.371826172, -0.670590101, -0.73555244, -0.0952046638, 0, 1, 5, 1, 
362.992263, 48, 0.1, 0.1, 0.00582381185, 0.368112496, -0.0199676829, 0.964590802, -2.55660851e-005, 0.263750989, 0.26375099, 1.45396242e-005, -0.964590802, 2.08259703e-005, 1, 2.07678681e-005, 0.964590802, -1.18833057e-005, 0.263750989, 0.26375099, 6.98344522e-006, -0.964590802, 9.6206368e-006, 1, 9.87040066e-006, 0, 0, 0, 0, 0, 0, 0, 0.362505908, -0.177667114, -0.154144897, -0.523804142, 0.454668506, -0.720254622, -0.821655273, -0.0467529297, 0.567993164, 0.224598783, 0.88940924, 0.398214982, 0, 0, -0, 0, 0, 0, 0, 0.404143066, -0.122208984, -0.128286475, -0.216490596, 0.316903446, -0.923329153, 0.709472656, -0.598510742, -0.371826172, -0.670590101, -0.73555244, -0.0952046638, 0, 1, 5, 1, 
362.993052, 48, 0.1, 0.1, 0.00582380967, 0.368112498, -0.0199679813, 0.964590802, 3.11849049e-005, 0.263750989, 0.263750989, -1.7865061e-005, -0.964590802, -2.53687449e-005, 0.999999999, -2.5457523e-005, 0.964590802, 3.25934232e-005, 0.263750989, 0.263750989, -1.83706855e-005, -0.964590802, -2.65940297e-005, 0.999999999, -2.63167419e-005, 0, 0, 0, 0, 0, 0, 0, 0.362505908, -0.177667114, -0.154144897, -0.523804142, 0.454668506, -0.720254622, -0.821655273, -0.0467529297, 0.567993164, 0.224598783, 0.88940924, 0.398214982, 0, 0, -0, 0, 0, 0, 0, 0.404143066, -0.122208984, -0.128286475, -0.216490596, 0.316903446, -0.923329153, 0.709472656, -0.598510742, -0.371826172, -0.670590101, -0.73555244, -0.0952046638, 0, 1, 5, 1, 
362.993841, 48, 0.1, 0.1, 0.00582381241, 0.368112496, -0.0199674364, 0.964590802, -1.0708134e-005, 0.263750991, 0.263750991, 6.04702452e-006, -0.964590802, 8.73405889e-006, 1, 8.65718519e-006, 0.964590802, -2.57318796e-005, 0.26375099, 0.263750991, 1.48544613e-005, -0.964590802, 2.09028555e-005, 1, 2.11152854e-005, 0, 0, 0, 0, 0, 0, 0, 0.362505908, -0.177667114, -0.154144897, -0.523804142, 0.454668506, -0.720254622, -0.821655273, -0.0467529297, 0.567993164, 0.224598783, 0.88940924, 0.398214982, 0, 0, -0, 0, 0, 0, 0, 0.404143066, -0.122208984, -0.128286475, -0.216490596, 0.316903446, -0.923329153, 0.709472656, -0.598510742, -0.371826172, -0.670590101, -0.73555244, -0.0952046638, 0, 1, 5, 1, 
362.994657, 48, 0.1, 0.1, 0.00582380921, 0.368112498, -0.0199661375, 0.9645908, -2.05771415e-005, 0.263750996, 0.263750996, 1.20038356e-005, -0.9645908, 1.66824978e-005, 1, 1.70060309e-005, 0.964590801, 1.25295232e-005, 0.263750995, 0.263750995, -6.92199327e-006, -0.964590801, -1.02601802e-005, 1, -9.98156523e-006, 0, 0, 0, 0, 0, 0, 0, 0.364273633, -0.177634546, -0.15477251, -0.528217206, 0.450842549, -0.719385563, -0.82019043, -0.0521240234, 0.569580078, 0.21936533, 0.891003948, 0.397459377, 0, 0, -0, 0, 0, 0, 0, 0.404143066, -0.122208984, -0.128286475, -0.21294443, 0.315069663, -0.924805295, 0.710693359, -0.599487305, -0.367797852, -0.67046287, -0.735622436, -0.0963417543, 0, 1, 5, 1, 
362.995444, 48, 0.1, 0.1, 0.00582381114, 0.368112497, -0.0199645095, 0.964590798, 2.93237505e-005, 0.263751002, 0.263751003, -1.6554167e-005, -0.964590798, -2.39192418e-005, 0.999999999, -2.37021657e-005, 0.964590799, 1.43445587e-005, 0.263751001, 0.263751001, -8.2755827e-006, -0.964590799, -1.16539361e-005, 1, -1.17659426e-005, 0, 0, 0, 0, 0, 0, 0, 0.364273633, -0.177634546, -0.15477251, -0.528217206, 0.450842549, -0.719385563, -0.82019043, -0.0521240234, 0.569580078, 0.21936533, 0.891003948, 0.397459377, 0, 0, -0, 0, 0, 0, 0, 0.404603613, -0.123894482, -0.125952393, -0.21294443, 0.315069663, -0.924805295, 0.710693359, -0.599487305, -0.367797852, -0.67046287, -0.735622436, -0.0963417543, 0, 1, 5, 1, 
362.996235, 48, 0.1, 0.1, 0.00582381351, 0.368112496, -0.0199633289, 0.964590796, -3.43163134e-005, 0.26375101, 0.263751011, 1.96984457e-005, -0.964590796, 2.79057152e-005, 0.999999999, 2.80519018e-005, 0.964590796, -3.62054747e-005, 0.263751008, 0.263751009, 2.0457995e-005, -0.964590797, 2.95276509e-005, 0.999999999, 2.92828242e-005, 0, 0, 0, 0, 0, 0, 0, 0.364273633, -0.177634546, -0.15477251, -0.528217206, 0.450842549, -0.719385563, -0.82019043, -0.0521240234, 0.569580078, 0.21936533, 0.891003948, 0.397459377, 0, 0, -0, 0, 0, 0, 0, 0.404603613, -0.123894482, -0.125952393, -0.21294443, 0.315069663, -0.924805295, 0.710693359, -0.599487305, -0.367797852, -0.67046287, -0.735622436, -0.0963417543, 0, 1, 5, 1, 
362.997017, 48, 0.1, 0.1, 0.00582381008, 0.368112498, -0.0199629995, 0.964590794, 1.4262446e-005, 0.26375102, 0.26375102, -8.10881565e-006, -0.964590794, -1.16187157e-005, 1, -1.15834236e-005, 0.964590794, 3.12033753e-005, 0.263751018, 0.263751018, -1.80451356e-005, -0.964590794, -2.53390657e-005, 0.999999999, -2.56360937e-005, 0, 0, 0, 0, 0, 0, 0, 0.364273633, -0.177634546, -0.15477251, -0.528217206, 0.450842549, -0.719385563, -0.82019043, -0.0521240234, 0.569580078, 0.21936533, 0.891003948, 0.397459377, 0, 0, -0, 0, 0, 0, 0, 0.404603613, -0.123894482, -0.125952393, -0.21294443, 0.315069663, -0.924805295, 0.710693359, -0.599487305, -0.367797852, -0.67046287, -0.735622436, -0.0963417543, 0, 1, 5, 1, 
362.997804, 48, 0.1, 0.1, 0.0058238138, 0.368112496, -0.0199635614, 0.964590792, 1.79008503e-005, 0.263751027, 0.263751028, -8.82579908e-006, -0.964590792, -1.49391818e-005, 1, -1.32346522e-005, 0.964590792, -1.48669288e-005, 0.263751027, 0.263751028, 9.33012092e-006, -0.964590792, 1.18796737e-005, 1, 1.29209165e-005, 0, 0, 0, 0, 0, 0, 0, 0.364273633, -0.177634546, -0.15477251, -0.528217206, 0.450842549, -0.719385563, -0.82019043, -0.0521240234, 0.569580078, 0.21936533, 0.891003948, 0.397459377, 0, 0, -0, 0, 0, 0, 0, 0.404603613, -0.123894482, -0.125952393, -0.21294443, 0.315069663, -0.924805295, 0.710693359, -0.599487305, -0.367797852, -0.67046287, -0.735622436, -0.0963417543, 0, 1, 5, 1, 
362.998591, 48, 0.1, 0.1, 0.00582381215, 0.368112497, -0.0199647532, 0.964590793, -3.06708118e-005, 0.26375102, 0.263751021, 1.54001373e-005, -0.964590793, 2.55229807e-005, 0.999999999, 2.29442885e-005, 0.964590793, -1.57593101e-005, 0.263751022, 0.263751023, 7.79212655e-006, -0.964590793, 1.31461041e-005, 1, 1.16727477e-005, 0, 0, 0, 0, 0, 0, 0, 0.364273633, -0.177634546, -0.15477251, -0.528217206, 0.450842549, -0.719385563, -0.82019043, -0.0521240234, 0.569580078, 0.21936533, 0.891003948, 0.397459377, 0, 0, -0, 0, 0, 0, 0, 0.404603613, -0.123894482, -0.125952393, -0.21294443, 0.315069663, -0.924805295, 0.710693359, -0.599487305, -0.367797852, -0.67046287, -0.735622436, -0.0963417543, 0, 1, 5, 1, 
362.999407, 48, 0.1, 0.1, 0.00582381008, 0.368112499, -0.0199660549, 0.964590795, 3.30374827e-005, 0.263751013, 0.263751014, -1.80686539e-005, -0.964590795, -2.7102026e-005, 0.999999999, -2.61425268e-005, 0.964590795, 3.34475644e-005, 0.263751012, 0.263751013, -1.98202731e-005, -0.964590795, -2.70355956e-005, 0.999999999, -2.7940282e-005, 0, 0, 0, 0, 0, 0, 0, 0.36507688, -0.177275586, -0.153883691, -0.529729538, 0.449091326, -0.719512122, -0.8203125, -0.0560302734, 0.568969727, 0.215279143, 0.89165209, 0.398220974, 0, 0, -0, 0, 0, 0, 0, 0.404603613, -0.123894482, -0.125952393, -0.215321423, 0.315989836, -0.92396168, 0.709228516, -0.599609375, -0.370361328, -0.671203673, -0.735034751, -0.0950256598, 0, 1, 5, 1, 
363.000194, 48, 0.1, 0.1, 0.00582381264, 0.368112497, -0.0199667889, 0.964590792, -1.05509398e-005, 0.263751025, 0.263751025, 6.59592625e-006, -0.964590792, 8.43765703e-006, 1, 9.14519091e-006, 0.964590793, -2.55713831e-005, 0.263751021, 0.263751022, 1.60905655e-005, -0.964590793, 2.04220176e-005, 1, 2.22652898e-005, 0, 0, 0, 0, 0, 0, 0, 0.36507688, -0.177275586, -0.153883691, -0.529729538, 0.449091326, -0.719512122, -0.8203125, -0.0560302734, 0.568969727, 0.215279143, 0.89165209, 0.398220974, 0, 0, -0, 0, 0, 0, 0, 0.404430762, -0.124937451, -0.126538623, -0.215321423, 0.315989836, -0.92396168, 0.709228516, -0.599609375, -0.370361328, -0.671203673, -0.735034751, -0.0950256598, 0, 1, 5, 1, 
363.00098, 48, 0.1, 0.1, 0.00582380888, 0.3681125, -0.0199670697, 0.964590786, -1.33983532e-005, 0.263751048, 0.263751048, 7.81291892e-006, -0.964590786, 1.08632625e-005, 1, 1.10700993e-005, 0.964590787, 1.52758401e-005, 0.263751043, 0.263751043, -9.364642e-006, -0.964590787, -1.22650005e-005, 1, -1.30620662e-005, 0, 0, 0, 0, 0, 0, 0, 0.36507688, -0.177275586, -0.153883691, -0.529729538, 0.449091326, -0.719512122, -0.8203125, -0.0560302734, 0.568969727, 0.215279143, 0.89165209, 0.398220974, 0, 0, -0, 0, 0, 0, 0, 0.404430762, -0.124937451, -0.126538623, -0.215321423, 0.315989836, -0.92396168, 0.709228516, -0.599609375, -0.370361328, -0.671203673, -0.735034751, -0.0950256598, 0, 1, 5, 1, 
363.001923, 48, 0.1, 0.1, 0.00582380774, 0.368112501, -0.0199654389, 0.964590776, 4.62862839e-005, 0.26375108, 0.263751081, -2.71195392e-005, -0.964590777, -3.74945148e-005, 0.999999999, -3.83673148e-005, 0.964590779, 3.07966885e-005, 0.263751073, 0.263751074, -1.8273305e-005, -0.964590779, -2.48865979e-005, 0.999999999, -2.57489211e-005, 0, 0, 0, 0, 0, 0, 0, 0.36408125, -0.178060645, -0.154172339, -0.53189863, 0.451267531, -0.716490823, -0.818237305, -0.0561523438, 0.572021484, 0.21797094, 0.890565861, 0.399349142, 0, 0, -0, 0, 0, 0, 0, 0.404430762, -0.124937451, -0.126538623, -0.217205879, 0.316002229, -0.923450554, 0.711303711, -0.596557617, -0.371459961, -0.668455912, -0.737488303, -0.0952174237, 0, 1, 5, 1, 
363.00271, 48, 0.1, 0.1, 0.00582380742, 0.368112501, -0.0199630999, 0.964590768, -2.60407997e-005, 0.263751113, 0.263751113, 1.46396265e-005, -0.964590768, 2.12574972e-005, 1, 2.09895385e-005, 0.96459077, -2.60514759e-005, 0.263751107, 0.263751107, 1.43948788e-005, -0.96459077, 2.13323479e-005, 1, 2.07562729e-005, 0, 0, 0, 0, 0, 0, 0, 0.36408125, -0.178060645, -0.154172339, -0.53189863, 0.451267531, -0.716490823, -0.818237305, -0.0561523438, 0.572021484, 0.21797094, 0.890565861, 0.399349142, 0, 0, -0, 0, 0, 0, 0, 0.404810352, -0.125434717, -0.12673208, -0.217205879, 0.316002229, -0.923450554, 0.711303711, -0.596557617, -0.371459961, -0.668455912, -0.737488303, -0.0952174237, 0, 1, 5, 1, 
363.0035, 48, 0.1, 0.1, 0.00582380314, 0.368112504, -0.0199617356, 0.964590764, 1.32152746e-005, 0.26375113, 0.26375113, -8.27042599e-006, -0.964590764, -1.05659976e-005, 1, -1.14631201e-005, 0.964590764, 3.34234706e-005, 0.263751128, 0.263751129, -1.86150958e-005, -0.964590764, -2.73302185e-005, 0.999999999, -2.67714276e-005, 0, 0, 0, 0, 0, 0, 0, 0.36408125, -0.178060645, -0.154172339, -0.53189863, 0.451267531, -0.716490823, -0.818237305, -0.0561523438, 0.572021484, 0.21797094, 0.890565861, 0.399349142, 0, 0, -0, 0, 0, 0, 0, 0.404810352, -0.125434717, -0.12673208, -0.217205879, 0.316002229, -0.923450554, 0.711303711, -0.596557617, -0.371459961, -0.668455912, -0.737488303, -0.0952174237, 0, 1, 5, 1, 
363.004286, 48, 0.1, 0.1, 0.00582380855, 0.368112501, -0.0199617571, 0.964590765, 9.92514847e-006, 0.263751126, 0.263751126, -4.69607181e-006, -0.964590765, -8.33511233e-006, 1, -7.14755659e-006, 0.964590764, -2.36601268e-005, 0.26375113, 0.26375113, 1.29715649e-005, -0.964590764, 1.94010749e-005, 1, 1.87526369e-005, 0, 0, 0, 0, 0, 0, 0, 0.36408125, -0.178060645, -0.154172339, -0.53189863, 0.451267531, -0.716490823, -0.818237305, -0.0561523438, 0.572021484, 0.21797094, 0.890565861, 0.399349142, 0, 0, -0, 0, 0, 0, 0, 0.404810352, -0.125434717, -0.12673208, -0.217205879, 0.316002229, -0.923450554, 0.711303711, -0.596557617, -0.371459961, -0.668455912, -0.737488303, -0.0952174237, 0, 1, 5, 1, 
363.005074, 48, 0.1, 0.1, 0.00582380919, 0.3681125, -0.0199630344, 0.964590765, -4.30605679e-005, 0.263751123, 0.263751124, 2.71572821e-005, -0.964590765, 3.43730625e-005, 0.999999999, 3.75529367e-005, 0.964590765, -2.68882341e-005, 0.263751123, 0.263751124, 1.8448777e-005, -0.964590765, 2.10702567e-005, 0.999999999, 2.48873219e-005, 0, 0, 0, 0, 0, 0, 0, 0.36408125, -0.178060645, -0.154172339, -0.53189863, 0.451267531, -0.716490823, -0.818237305, -0.0561523438, 0.572021484, 0.21797094, 0.890565861, 0.399349142, 0, 0, -0, 0, 0, 0, 0, 0.404810352, -0.125434717, -0.12673208, -0.217205879, 0.316002229, -0.923450554, 0.711303711, -0.596557617, -0.371459961, -0.668455912, -0.737488303, -0.0952174237, 0, 1, 5, 1, 
363.005861, 48, 0.1, 0.1, 0.00582381049, 0.3681125, -0.0199650463, 0.964590759, 1.8524213e-005, 0.263751146, 0.263751146, -1.49372663e-005, -0.964590759, -1.39285635e-005, 1, -1.92941315e-005, 0.96459076, 1.91478126e-005, 0.263751142, 0.263751142, -1.45134828e-005, -0.96459076, -1.46418555e-005, 1, -1.90498289e-005, 0, 0, 0, 0, 0, 0, 0, 0.36408125, -0.178060645, -0.154172339, -0.53189863, 0.451267531, -0.716490823, -0.818237305, -0.0561523438, 0.572021484, 0.21797094, 0.890565861, 0.399349142, 0, 0, -0, 0, 0, 0, 0, 0.404810352, -0.125434717, -0.12673208, -0.217205879, 0.316002229, -0.923450554, 0.711303711, -0.596557617, -0.371459961, -0.668455912, -0.737488303, -0.0952174237, 0, 1, 5, 1, 
363.006684, 48, 0.1, 0.1, 0.00582381625, 0.368112498, -0.0199669369, 0.964590757, -1.96182719e-005, 0.263751154, 0.263751154, 9.7407734e-006, -0.964590757, 1.63544635e-005, 1, 1.45702018e-005, 0.964590756, -3.80257329e-005, 0.263751155, 0.263751156, 1.83660779e-005, -0.964590756, 3.18351962e-005, 0.999999999, 2.77450799e-005, 0, 0, 0, 0, 0, 0, 0, 0.362061206, -0.179662012, -0.154255933, -0.53249211, 0.45497292, -0.713761956, -0.816040039, -0.0524902344, 0.575439453, 0.224368126, 0.88899025, 0.3994113, 0, 0, -0, 0, 0, 0, 0, 0.404810352, -0.125434717, -0.12673208, -0.218145009, 0.316321592, -0.923194991, 0.711791992, -0.595581055, -0.372192383, -0.66769542, -0.738191193, -0.0953133056, 0, 1, 5, 1, 
363.007472, 48, 0.1, 0.1, 0.00582381321, 0.368112499, -0.0199678868, 0.964590759, -1.33637291e-005, 0.263751147, 0.263751147, 1.17561096e-005, -0.964590759, 9.78984219e-006, 1, 1.48645336e-005, 0.964590759, 1.38718028e-005, 0.263751147, 0.263751147, -4.01182812e-006, -0.964590759, -1.23224885e-005, 1, -7.52847622e-006, 0, 0, 0, 0, 0, 0, 0, 0.362061206, -0.179662012, -0.154255933, -0.53249211, 0.45497292, -0.713761956, -0.816040039, -0.0524902344, 0.575439453, 0.224368126, 0.88899025, 0.3994113, 0, 0, -0, 0, 0, 0, 0, 0.404317725, -0.126098096, -0.126493945, -0.218145009, 0.316321592, -0.923194991, 0.711791992, -0.595581055, -0.372192383, -0.66769542, -0.738191193, -0.0953133056, 0, 1, 5, 1, 
363.008263, 48, 0.1, 0.1, 0.00582381357, 0.368112498, -0.0199679955, 0.964590755, 3.26455584e-005, 0.263751158, 0.263751159, -1.93339576e-005, -0.964590756, -2.63902501e-005, 0.999999999, -2.72596607e-005, 0.964590756, 1.91097592e-005, 0.263751156, 0.263751157, -1.00015082e-005, -0.964590756, -1.57951877e-005, 1, -1.46875834e-005, 0, 0, 0, 0, 0, 0, 0, 0.362061206, -0.179662012, -0.154255933, -0.53249211, 0.45497292, -0.713761956, -0.816040039, -0.0524902344, 0.575439453, 0.224368126, 0.88899025, 0.3994113, 0, 0, -0, 0, 0, 0, 0, 0.404317725, -0.126098096, -0.126493945, -0.218145009, 0.316321592, -0.923194991, 0.711791992, -0.595581055, -0.372192383, -0.66769542, -0.738191193, -0.0953133056, 0, 1, 5, 1, 
363.009051, 48, 0.1, 0.1, 0.00582381404, 0.368112499, -0.0199672764, 0.964590755, -2.27410794e-005, 0.263751161, 0.263751161, 1.22700567e-005, -0.964590755, 1.86995932e-005, 1, 1.78335693e-005, 0.964590755, -2.46749322e-005, 0.263751162, 0.263751162, 1.26177401e-005, -0.964590755, 2.04732678e-005, 1, 1.86789975e-005, 0, 0, 0, 0, 0, 0, 0, 0.362061206, -0.179662012, -0.154255933, -0.53249211, 0.45497292, -0.713761956, -0.816040039, -0.0524902344, 0.575439453, 0.224368126, 0.88899025, 0.3994113, 0, 0, -0, 0, 0, 0, 0, 0.404317725, -0.126098096, -0.126493945, -0.218145009, 0.316321592, -0.923194991, 0.711791992, -0.595581055, -0.372192383, -0.66769542, -0.738191193, -0.0953133056, 0, 1, 5, 1, 
363.009838, 48, 0.1, 0.1, 0.00582380903, 0.368112501, -0.0199660315, 0.964590759, 1.96994827e-005, 0.263751146, 0.263751146, -1.05658525e-005, -0.964590759, -1.62151833e-005, 1, -1.53874848e-005, 0.964590758, 3.6501979e-005, 0.263751149, 0.26375115, -1.92309256e-005, -0.964590758, -3.01372929e-005, 0.999999999, -2.81774121e-005, 0, 0, 0, 0, 0, 0, 0, 0.362061206, -0.179662012, -0.154255933, -0.53249211, 0.45497292, -0.713761956, -0.816040039, -0.0524902344, 0.575439453, 0.224368126, 0.88899025, 0.3994113, 0, 0, -0, 0, 0, 0, 0, 0.404317725, -0.126098096, -0.126493945, -0.218145009, 0.316321592, -0.923194991, 0.711791992, -0.595581055, -0.372192383, -0.66769542, -0.738191193, -0.0953133056, 0, 1, 5, 1, 
363.010626, 48, 0.1, 0.1, 0.00582381155, 0.3681125, -0.0199647418, 0.964590765, 2.06539901e-005, 0.263751124, 0.263751125, -1.33302206e-005, -0.964590765, -1.64067874e-005, 1, -1.83057208e-005, 0.964590764, -1.0054389e-005, 0.263751128, 0.263751128, 3.90083177e-006, -0.964590764, 8.66952199e-006, 1, 6.41456274e-006, 0, 0, 0, 0, 0, 0, 0, 0.362061206, -0.179662012, -0.154255933, -0.53249211, 0.45497292, -0.713761956, -0.816040039, -0.0524902344, 0.575439453, 0.224368126, 0.88899025, 0.3994113, 0, 0, -0, 0, 0, 0, 0, 0.404317725, -0.126098096, -0.126493945, -0.218145009, 0.316321592, -0.923194991, 0.711791992, -0.595581055, -0.372192383, -0.66769542, -0.738191193, -0.0953133056, 0, 1, 5, 1, 
363.011444, 48, 0.1, 0.1, 0.00582381043, 0.368112501, -0.0199636581, 0.964590766, -3.60485711e-005, 0.26375112, 0.26375112, 2.18328923e-005, -0.964590766, 2.90136691e-005, 0.999999999, 3.05676573e-005, 0.964590766, -1.89695959e-005, 0.26375112, 0.26375112, 1.22075502e-005, -0.964590766, 1.50781421e-005, 1, 1.67785424e-005, 0, 0, 0, 0, 0, 0, 0, 0.359934106, -0.18110459, -0.154969824, -0.535148341, 0.45739026, -0.710202221, -0.812744141, -0.0496826172, 0.580444336, 0.230226877, 0.887865829, 0.398476717, 0, 0, -0, 0, 0, 0, 0, 0.404317725, -0.126098096, -0.126493945, -0.220738919, 0.315612138, -0.922766621, 0.712158203, -0.594360352, -0.373535156, -0.666372395, -0.739615929, -0.0935498841, 0, 1, 5, 1, 
363.01223, 48, 0.1, 0.1, 0.00582380982, 0.368112502, -0.0199630373, 0.964590762, 2.68385222e-005, 0.263751135, 0.263751135, -1.79298136e-005, -0.964590762, -2.11591819e-005, 0.999999999, -2.43736233e-005, 0.964590763, 2.82311444e-005, 0.263751132, 0.263751132, -1.8668253e-005, -0.964590763, -2.23077283e-005, 0.999999999, -2.54532207e-005, 0, 0, 0, 0, 0, 0, 0, 0.359934106, -0.18110459, -0.154969824, -0.535148341, 0.45739026, -0.710202221, -0.812744141, -0.0496826172, 0.580444336, 0.230226877, 0.887865829, 0.398476717, 0, 0, -0, 0, 0, 0, 0, 0.404173926, -0.126844727, -0.126875, -0.220738919, 0.315612138, -0.922766621, 0.712158203, -0.594360352, -0.373535156, -0.666372395, -0.739615929, -0.0935498841, 0, 1, 5, 1, 
363.013017, 48, 0.1, 0.1, 0.00582381455, 0.368112499, -0.0199632829, 0.964590759, -1.79785874e-005, 0.263751147, 0.263751147, 1.24890558e-005, -0.964590759, 1.40479765e-005, 1, 1.67887009e-005, 0.964590758, -3.59187148e-005, 0.263751147, 0.263751148, 2.17904118e-005, -0.964590759, 2.88996142e-005, 0.999999999, 3.04924321e-005, 0, 0, 0, 0, 0, 0, 0, 0.359934106, -0.18110459, -0.154969824, -0.535148341, 0.45739026, -0.710202221, -0.812744141, -0.0496826172, 0.580444336, 0.230226877, 0.887865829, 0.398476717, 0, 0, -0, 0, 0, 0, 0, 0.404173926, -0.126844727, -0.126875, -0.220738919, 0.315612138, -0.922766621, 0.712158203, -0.594360352, -0.373535156, -0.666372395, -0.739615929, -0.0935498841, 0, 1, 5, 1, 
363.013805, 48, 0.1, 0.1, 0.0058238113, 0.368112501, -0.0199642725, 0.964590762, -1.79821979e-005, 0.263751137, 0.263751137, 1.07075749e-005, -0.964590762, 1.45213269e-005, 1, 1.50712529e-005, 0.964590761, 1.33540458e-005, 0.263751141, 0.263751141, -6.03361987e-006, -0.964590761, -1.12898151e-005, 1, -9.34211881e-006, 0, 0, 0, 0, 0, 0, 0, 0.359934106, -0.18110459, -0.154969824, -0.535148341, 0.45739026, -0.710202221, -0.812744141, -0.0496826172, 0.580444336, 0.230226877, 0.887865829, 0.398476717, 0, 0, -0, 0, 0, 0, 0, 0.404173926, -0.126844727, -0.126875, -0.220738919, 0.315612138, -0.922766621, 0.712158203, -0.594360352, -0.373535156, -0.666372395, -0.739615929, -0.0935498841, 0, 1, 5, 1, 
