time, trialNum, realDorsalTactorPos, realVentralTactorPos, boxPosX, boxPosY, boxPosZ, boxLocalRot_11, boxLocalRot_12, boxLocalRot_13, boxLocalRot_21, boxLocalRot_22, boxLocalRot_23, boxLocalRot_31, boxLocalRot_32, boxLocalRot_33, boxGlobalRot_11, boxGlobalRot_12, boxGlobalRot_13, boxGlobalRot_21, boxGlobalRot_22, boxGlobalRot_23, boxGlobalRot_31, boxGlobalRot_32, boxGlobalRot_33, indexForceX, indexForceY, indexForceZ, indexForceGlobalX, indexForceGlobalY, indexForceGlobalZ, indexContact, indexPosX, indexPosY, indexPosZ, indexRot_11, indexRot_12, indexRot_13, indexRot_21, indexRot_22, indexRot_23, indexRot_31, indexRot_32, indexRot_33, thumbForceX, thumbForceY, thumbForceZ, thumbForceGlobalX, thumbForceGlobalY, thumbForceGlobalZ, thumbContact, thumbPosX, thumbPosY, thumbPosZ, thumbRot_11, thumbRot_12, thumbRot_13, thumbRot_21, thumbRot_22, thumbRot_23, thumbRot_31, thumbRot_32, thumbRot_33, manipForceTooHigh, cceExpType, mapping, trialSuccess, 
707.761081, 50, 0.1, 0.1, 0.0241766479, 0.349185235, -0.0199690026, 0.978295047, 1.29323248e-005, -0.207216795, 0.207216796, -1.3259804e-005, 0.978295047, 9.90397518e-006, -1, -1.56517955e-005, 0.978295056, 1.94586517e-005, -0.207216752, 0.207216752, -2.30695865e-005, 0.978295056, 1.4255898e-005, -1, -2.66010211e-005, 0, 0, 0, 0, 0, 0, 0, 0.282573022, -0.117160278, -0.179261694, -0.097465339, 0.459344426, -0.88283045, -0.989746094, 0.0472412109, 0.133911133, 0.103310858, 0.88693836, 0.450165954, 0, 0, -0, 0, 0, 0, 0, 0.316676807, -0.0632108398, -0.150151416, -0.021651872, 0.19601193, -0.980274828, 0.268432617, -0.943359375, -0.194580078, -0.962982894, -0.267352713, -0.0322084925, 0, 1, 5, 1, 
707.78897, 50, 0.1, 0.1, 0.0241766325, 0.349185267, -0.0199722408, 0.978299279, -2.57626179e-005, -0.207196816, 0.207196816, -6.90726843e-007, 0.978299279, -2.53466669e-005, -1, 4.66219481e-006, 0.978299268, -2.92245961e-005, -0.207196866, 0.207196866, -9.9527548e-006, 0.978299268, -3.06525806e-005, -1, -3.681528e-006, 0, 0, 0, 0, 0, 0, 0, 0.293589746, -0.129546411, -0.175948145, -0.121012292, 0.475136515, -0.871475033, -0.989013672, 0.0167236328, 0.146484375, 0.0841758216, 0.879740645, 0.46801855, 0, 0, -0, 0, 0, 0, 0, 0.325889062, -0.0753387695, -0.147440625, -0.0414508929, 0.194420914, -0.979979153, 0.306274414, -0.931030273, -0.197753906, -0.950948443, -0.308270516, -0.0210078292, 0, 1, 5, 1, 
707.789669, 50, 0.1, 0.1, 0.024176636, 0.349185267, -0.0199715535, 0.978299341, 1.876771e-005, -0.207196524, 0.207196524, 6.89210443e-006, 0.978299341, 1.97884584e-005, -1, 2.85393695e-006, 0.978299331, 2.51518692e-005, -0.207196567, 0.207196567, 8.90657275e-006, 0.978299332, 2.64514681e-005, -1, 3.5019132e-006, 0, 0, 0, 0, 0, 0, 0, 0.293589746, -0.129546411, -0.175948145, -0.121012292, 0.475136515, -0.871475033, -0.989013672, 0.0167236328, 0.146484375, 0.0841758216, 0.879740645, 0.46801855, 0, 0, -0, 0, 0, 0, 0, 0.325889062, -0.0753387695, -0.147440625, -0.0414508929, 0.194420914, -0.979979153, 0.306274414, -0.931030273, -0.197753906, -0.950948443, -0.308270516, -0.0210078292, 0, 1, 5, 1, 
707.790355, 50, 0.1, 0.1, 0.0241766328, 0.349185265, -0.0199703855, 0.978299404, -2.62106292e-005, -0.207196224, 0.207196224, -1.25093838e-005, 0.978299404, -2.82337401e-005, -1, -6.80717928e-006, 0.97829939, -3.46064895e-005, -0.207196289, 0.207196289, -5.21729238e-006, 0.978299391, -3.49365112e-005, -0.999999999, 2.06626225e-006, 0, 0, 0, 0, 0, 0, 0, 0.293589746, -0.129546411, -0.175948145, -0.121012292, 0.475136515, -0.871475033, -0.989013672, 0.0167236328, 0.146484375, 0.0841758216, 0.879740645, 0.46801855, 0, 0, -0, 0, 0, 0, 0, 0.325889062, -0.0753387695, -0.147440625, -0.0414508929, 0.194420914, -0.979979153, 0.306274414, -0.931030273, -0.197753906, -0.950948443, -0.308270516, -0.0210078292, 0, 1, 5, 1, 
707.791053, 50, 0.1, 0.1, 0.0241766372, 0.349185265, -0.019969116, 0.978299456, 2.64700443e-005, -0.207195978, 0.207195978, 9.78718537e-007, 0.978299457, 2.60984165e-005, -1, -4.5270069e-006, 0.978299443, 3.27940045e-005, -0.207196038, 0.207196038, 1.64794431e-006, 0.978299444, 3.24238039e-005, -0.999999999, -5.18260479e-006, 0, 0, 0, 0, 0, 0, 0, 0.293589746, -0.129546411, -0.175948145, -0.121012292, 0.475136515, -0.871475033, -0.989013672, 0.0167236328, 0.146484375, 0.0841758216, 0.879740645, 0.46801855, 0, 0, -0, 0, 0, 0, 0, 0.325889062, -0.0753387695, -0.147440625, -0.0414508929, 0.194420914, -0.979979153, 0.306274414, -0.931030273, -0.197753906, -0.950948443, -0.308270516, -0.0210078292, 0, 1, 5, 1, 
707.791745, 50, 0.1, 0.1, 0.0241766344, 0.349185264, -0.0199681745, 0.978299491, -2.57683781e-005, -0.207195815, 0.207195815, 1.60542778e-006, 0.978299491, -2.48765532e-005, -1, 6.90968929e-006, 0.978299486, -3.08417453e-005, -0.207195837, 0.207195837, -9.90822397e-006, 0.978299486, -3.22254064e-005, -0.999999999, -3.30292917e-006, 0, 0, 0, 0, 0, 0, 0, 0.293589746, -0.129546411, -0.175948145, -0.121012292, 0.475136515, -0.871475033, -0.989013672, 0.0167236328, 0.146484375, 0.0841758216, 0.879740645, 0.46801855, 0, 0, -0, 0, 0, 0, 0, 0.325889062, -0.0753387695, -0.147440625, -0.0414508929, 0.194420914, -0.979979153, 0.306274414, -0.931030273, -0.197753906, -0.950948443, -0.308270516, -0.0210078292, 0, 1, 5, 1, 
707.792445, 50, 0.1, 0.1, 0.0241766395, 0.349185265, -0.019967742, 0.978299526, 2.86025783e-005, -0.207195649, 0.207195649, 1.12716499e-005, 0.978299526, 3.03173256e-005, -1, 5.10071994e-006, 0.978299522, 3.55535558e-005, -0.207195667, 0.207195666, 1.34025498e-005, 0.978299522, 3.75589769e-005, -0.999999999, 5.74516542e-006, 0, 0, 0, 0, 0, 0, 0, 0.293589746, -0.129546411, -0.175948145, -0.125265474, 0.479006656, -0.868820306, -0.988647461, 0.01171875, 0.148925781, 0.0815124773, 0.877644572, 0.472294576, 0, 0, -0, 0, 0, 0, 0, 0.325889062, -0.0753387695, -0.147440625, -0.0414508929, 0.194420914, -0.979979153, 0.306274414, -0.931030273, -0.197753906, -0.950948443, -0.308270516, -0.0210078292, 0, 1, 5, 1, 
707.793159, 50, 0.1, 0.1, 0.0241766364, 0.349185263, -0.0199676417, 0.978299572, -2.70568311e-005, -0.207195431, 0.207195431, -1.16700803e-005, 0.978299572, -2.88876736e-005, -1, -5.81078279e-006, 0.978299561, -3.58888778e-005, -0.207195481, 0.207195481, -3.41377055e-006, 0.978299562, -3.58173912e-005, -0.999999999, 4.09632308e-006, 0, 0, 0, 0, 0, 0, 0, 0.294703735, -0.130471216, -0.176022705, -0.125265474, 0.479006656, -0.868820306, -0.988647461, 0.01171875, 0.148925781, 0.0815124773, 0.877644572, 0.472294576, 0, 0, -0, 0, 0, 0, 0, 0.327169434, -0.0767199707, -0.146977539, -0.0428435464, 0.195282752, -0.97973635, 0.310791016, -0.929321289, -0.198852539, -0.949376419, -0.312966899, -0.0209823096, 0, 1, 5, 1, 
707.793852, 50, 0.1, 0.1, 0.0241766409, 0.349185263, -0.0199681658, 0.978299609, 2.80960551e-005, -0.207195258, 0.207195258, 1.14835696e-006, 0.978299609, 2.77242939e-005, -1, -4.69793224e-006, 0.978299598, 3.42313262e-005, -0.207195305, 0.207195306, 1.90394921e-006, 0.978299599, 3.38829821e-005, -0.999999999, -5.22993735e-006, 0, 0, 0, 0, 0, 0, 0, 0.294703735, -0.130471216, -0.176022705, -0.125265474, 0.479006656, -0.868820306, -0.988647461, 0.01171875, 0.148925781, 0.0815124773, 0.877644572, 0.472294576, 0, 0, -0, 0, 0, 0, 0, 0.327169434, -0.0767199707, -0.146977539, -0.0428435464, 0.195282752, -0.97973635, 0.310791016, -0.929321289, -0.198852539, -0.949376419, -0.312966899, -0.0209823096, 0, 1, 5, 1, 
707.794541, 50, 0.1, 0.1, 0.0241766383, 0.349185262, -0.0199691506, 0.97829963, -2.61898695e-005, -0.207195158, 0.207195158, 4.71139699e-007, 0.97829963, -2.55239217e-005, -1, 5.88732992e-006, 0.978299628, -3.04694335e-005, -0.207195167, 0.207195167, -1.00866655e-005, 0.978299628, -3.18981438e-005, -0.999999999, -3.55466172e-006, 0, 0, 0, 0, 0, 0, 0, 0.294703735, -0.130471216, -0.176022705, -0.125265474, 0.479006656, -0.868820306, -0.988647461, 0.01171875, 0.148925781, 0.0815124773, 0.877644572, 0.472294576, 0, 0, -0, 0, 0, 0, 0, 0.327169434, -0.0767199707, -0.146977539, -0.0428435464, 0.195282752, -0.97973635, 0.310791016, -0.929321289, -0.198852539, -0.949376419, -0.312966899, -0.0209823096, 0, 1, 5, 1, 
707.795239, 50, 0.1, 0.1, 0.0241766428, 0.349185263, -0.0199702193, 0.978299654, 2.66068271e-005, -0.207195044, 0.207195044, 9.89558313e-006, 0.978299654, 2.80797655e-005, -1, 4.16804284e-006, 0.978299652, 3.23753865e-005, -0.207195052, 0.207195051, 1.16374066e-005, 0.978299653, 3.40840424e-005, -0.999999999, 4.67685098e-006, 0, 0, 0, 0, 0, 0, 0, 0.294703735, -0.130471216, -0.176022705, -0.125265474, 0.479006656, -0.868820306, -0.988647461, 0.01171875, 0.148925781, 0.0815124773, 0.877644572, 0.472294576, 0, 0, -0, 0, 0, 0, 0, 0.327169434, -0.0767199707, -0.146977539, -0.0428435464, 0.195282752, -0.97973635, 0.310791016, -0.929321289, -0.198852539, -0.949376419, -0.312966899, -0.0209823096, 0, 1, 5, 1, 
707.795934, 50, 0.1, 0.1, 0.0241766407, 0.349185262, -0.019971098, 0.978299686, -2.18250818e-005, -0.207194895, 0.207194895, -1.01213704e-005, 0.978299686, -2.34485669e-005, -1, -5.379688e-006, 0.978299678, -2.91872885e-005, -0.207194931, 0.207194931, -2.70150842e-006, 0.978299678, -2.91136538e-005, -1, 3.40457342e-006, 0, 0, 0, 0, 0, 0, 0, 0.294703735, -0.130471216, -0.176022705, -0.125265474, 0.479006656, -0.868820306, -0.988647461, 0.01171875, 0.148925781, 0.0815124773, 0.877644572, 0.472294576, 0, 0, -0, 0, 0, 0, 0, 0.327169434, -0.0767199707, -0.146977539, -0.0428435464, 0.195282752, -0.97973635, 0.310791016, -0.929321289, -0.198852539, -0.949376419, -0.312966899, -0.0209823096, 0, 1, 5, 1, 
707.796633, 50, 0.1, 0.1, 0.0241766449, 0.349185261, -0.0199715626, 0.97829971, 2.48070753e-005, -0.207194781, 0.207194781, 1.11593542e-006, 0.97829971, 2.44999706e-005, -1, -4.04817725e-006, 0.978299702, 3.08717407e-005, -0.207194816, 0.207194816, 1.9083762e-006, 0.978299703, 3.05972204e-005, -1, -4.52950078e-006, 0, 0, 0, 0, 0, 0, 0, 0.294703735, -0.130471216, -0.176022705, -0.125265474, 0.479006656, -0.868820306, -0.988647461, 0.01171875, 0.148925781, 0.0815124773, 0.877644572, 0.472294576, 0, 0, -0, 0, 0, 0, 0, 0.327169434, -0.0767199707, -0.146977539, -0.0428435464, 0.195282752, -0.97973635, 0.310791016, -0.929321289, -0.198852539, -0.949376419, -0.312966899, -0.0209823096, 0, 1, 5, 1, 
707.797363, 50, 0.1, 0.1, 0.0241766416, 0.349185261, -0.0199710335, 0.978299724, -2.67843946e-005, -0.207194711, 0.207194712, 2.21520456e-006, 0.978299725, -2.57441872e-005, -1, 7.71671893e-006, 0.978299724, -3.18675866e-005, -0.207194714, 0.207194714, -8.57368003e-006, 0.978299724, -3.29524724e-005, -0.999999999, -1.78483331e-006, 0, 0, 0, 0, 0, 0, 0, 0.294703735, -0.130471216, -0.176022705, -0.129975839, 0.482432718, -0.866222867, -0.98840332, 0.00598144531, 0.151489258, 0.0783035838, 0.875866018, 0.4762089, 0, 0, -0, 0, 0, 0, 0, 0.327169434, -0.0767199707, -0.146977539, -0.0428435464, 0.195282752, -0.97973635, 0.310791016, -0.929321289, -0.198852539, -0.949376419, -0.312966899, -0.0209823096, 0, 1, 5, 1, 
707.798074, 50, 0.1, 0.1, 0.0241766462, 0.349185262, -0.0199698311, 0.978299742, 2.64774481e-005, -0.20719463, 0.20719463, 9.99964184e-006, 0.978299742, 2.79747528e-005, -1, 4.29666196e-006, 0.978299741, 3.25678757e-005, -0.207194632, 0.207194631, 1.21512727e-005, 0.978299742, 3.43788228e-005, -0.999999999, 5.13969799e-006, 0, 0, 0, 0, 0, 0, 0, 0.296015942, -0.131417749, -0.175878052, -0.129975839, 0.482432718, -0.866222867, -0.98840332, 0.00598144531, 0.151489258, 0.0783035838, 0.875866018, 0.4762089, 0, 0, -0, 0, 0, 0, 0, 0.327907129, -0.0779213867, -0.146707178, -0.0457185387, 0.195735542, -0.979538023, 0.315795898, -0.927368164, -0.200073242, -0.94771471, -0.31844273, -0.0193658093, 0, 1, 5, 1, 
707.798771, 50, 0.1, 0.1, 0.0241766438, 0.34918526, -0.0199687345, 0.978299768, -2.19625741e-005, -0.207194506, 0.207194505, -1.24838161e-005, 0.978299768, -2.40725593e-005, -1, -7.66238969e-006, 0.978299761, -3.07324988e-005, -0.207194538, 0.207194538, -4.00013574e-006, 0.978299761, -3.08944025e-005, -1, 2.45427406e-006, 0, 0, 0, 0, 0, 0, 0, 0.296015942, -0.131417749, -0.175878052, -0.129975839, 0.482432718, -0.866222867, -0.98840332, 0.00598144531, 0.151489258, 0.0783035838, 0.875866018, 0.4762089, 0, 0, -0, 0, 0, 0, 0, 0.327907129, -0.0779213867, -0.146707178, -0.0457185387, 0.195735542, -0.979538023, 0.315795898, -0.927368164, -0.200073242, -0.94771471, -0.31844273, -0.0193658093, 0, 1, 5, 1, 
707.799459, 50, 0.1, 0.1, 0.0241766487, 0.34918526, -0.0199680057, 0.978299786, 2.90038731e-005, -0.207194422, 0.207194422, -7.41586534e-008, 0.978299786, 2.83591176e-005, -1, -6.08199013e-006, 0.978299779, 3.60792863e-005, -0.207194452, 0.207194453, 7.71321129e-007, 0.97829978, 3.54561713e-005, -0.999999999, -6.72084468e-006, 0, 0, 0, 0, 0, 0, 0, 0.296015942, -0.131417749, -0.175878052, -0.129975839, 0.482432718, -0.866222867, -0.98840332, 0.00598144531, 0.151489258, 0.0783035838, 0.875866018, 0.4762089, 0, 0, -0, 0, 0, 0, 0, 0.327907129, -0.0779213867, -0.146707178, -0.0457185387, 0.195735542, -0.979538023, 0.315795898, -0.927368164, -0.200073242, -0.94771471, -0.31844273, -0.0193658093, 0, 1, 5, 1, 
707.800183, 50, 0.1, 0.1, 0.0241766448, 0.349185258, -0.0199675721, 0.978299785, -3.27510281e-005, -0.207194424, 0.207194424, -2.62291396e-006, 0.978299786, -3.25837769e-005, -0.999999999, 4.21983423e-006, 0.978299787, -3.74774131e-005, -0.207194412, 0.207194412, -1.38302568e-005, 0.978299788, -3.95296972e-005, -0.999999999, -5.76502676e-006, 0, 0, 0, 0, 0, 0, 0, 0.297117847, -0.132164111, -0.17574353, -0.134400885, 0.485395607, -0.863803284, -0.988037109, -4.9543475e-012, 0.153686523, 0.0745551327, 0.874284415, 0.479780617, 0, 0, -0, 0, 0, 0, 0, 0.329141357, -0.0791447754, -0.146458789, -0.0480503222, 0.19616901, -0.979359018, 0.322021484, -0.925048828, -0.201171875, -0.945382193, -0.324902535, -0.0187332817, 0, 1, 5, 1, 
707.800881, 50, 0.1, 0.1, 0.0241766486, 0.349185258, -0.0199677595, 0.978299787, 2.34972798e-005, -0.207194414, 0.207194414, 8.79784675e-006, 0.978299788, 2.48102485e-005, -1, 3.73842649e-006, 0.97829979, 2.95526899e-005, -0.2071944, 0.2071944, 1.04987264e-005, 0.978299791, 3.10866676e-005, -1, 4.14774996e-006, 0, 0, 0, 0, 0, 0, 0, 0.297117847, -0.132164111, -0.17574353, -0.134400885, 0.485395607, -0.863803284, -0.988037109, -4.9543475e-012, 0.153686523, 0.0745551327, 0.874284415, 0.479780617, 0, 0, -0, 0, 0, 0, 0, 0.329141357, -0.0791447754, -0.146458789, -0.0480503222, 0.19616901, -0.979359018, 0.322021484, -0.925048828, -0.201171875, -0.945382193, -0.324902535, -0.0187332817, 0, 1, 5, 1, 
707.801568, 50, 0.1, 0.1, 0.0241766455, 0.349185257, -0.0199685046, 0.978299799, -2.55531732e-005, -0.207194359, 0.207194358, -1.19756359e-005, 0.9782998, -2.74799484e-005, -1, -6.42128887e-006, 0.978299795, -3.42496825e-005, -0.207194379, 0.207194379, -4.1647598e-006, 0.978299795, -3.43693722e-005, -0.999999999, 3.02195804e-006, 0, 0, 0, 0, 0, 0, 0, 0.297117847, -0.132164111, -0.17574353, -0.134400885, 0.485395607, -0.863803284, -0.988037109, -4.9543475e-012, 0.153686523, 0.0745551327, 0.874284415, 0.479780617, 0, 0, -0, 0, 0, 0, 0, 0.329141357, -0.0791447754, -0.146458789, -0.0480503222, 0.19616901, -0.979359018, 0.322021484, -0.925048828, -0.201171875, -0.945382193, -0.324902535, -0.0187332817, 0, 1, 5, 1, 
707.802265, 50, 0.1, 0.1, 0.0241766501, 0.349185257, -0.0199695703, 0.978299805, 2.95133377e-005, -0.207194331, 0.207194331, 2.07723803e-006, 0.978299805, 2.93032845e-005, -1, -4.08283468e-006, 0.978299801, 3.52128718e-005, -0.20719435, 0.20719435, 2.64227437e-006, 0.978299801, 3.49962098e-005, -0.999999999, -4.71097158e-006, 0, 0, 0, 0, 0, 0, 0, 0.297117847, -0.132164111, -0.17574353, -0.134400885, 0.485395607, -0.863803284, -0.988037109, -4.9543475e-012, 0.153686523, 0.0745551327, 0.874284415, 0.479780617, 0, 0, -0, 0, 0, 0, 0, 0.329141357, -0.0791447754, -0.146458789, -0.0480503222, 0.19616901, -0.979359018, 0.322021484, -0.925048828, -0.201171875, -0.945382193, -0.324902535, -0.0187332817, 0, 1, 5, 1, 
707.802967, 50, 0.1, 0.1, 0.0241766479, 0.349185256, -0.019970597, 0.978299799, -2.313208e-005, -0.207194359, 0.20719436, 1.64202717e-006, 0.978299799, -2.22898905e-005, -1, 6.39923135e-006, 0.978299802, -2.71869009e-005, -0.207194345, 0.207194345, -8.66375376e-006, 0.978299802, -2.83920206e-005, -1, -2.84277646e-006, 0, 0, 0, 0, 0, 0, 0, 0.297117847, -0.132164111, -0.17574353, -0.134400885, 0.485395607, -0.863803284, -0.988037109, -4.9543475e-012, 0.153686523, 0.0745551327, 0.874284415, 0.479780617, 0, 0, -0, 0, 0, 0, 0, 0.329141357, -0.0791447754, -0.146458789, -0.0480503222, 0.19616901, -0.979359018, 0.322021484, -0.925048828, -0.201171875, -0.945382193, -0.324902535, -0.0187332817, 0, 1, 5, 1, 
707.803665, 50, 0.1, 0.1, 0.0241766524, 0.349185257, -0.0199712664, 0.978299797, 2.54974162e-005, -0.207194367, 0.207194367, 1.05133117e-005, 0.978299798, 2.71224161e-005, -1, 5.00224974e-006, 0.978299801, 3.15602845e-005, -0.207194351, 0.207194351, 1.22917872e-005, 0.978299801, 3.3422209e-005, -0.999999999, 5.48594031e-006, 0, 0, 0, 0, 0, 0, 0, 0.297117847, -0.132164111, -0.17574353, -0.134400885, 0.485395607, -0.863803284, -0.988037109, -4.9543475e-012, 0.153686523, 0.0745551327, 0.874284415, 0.479780617, 0, 0, -0, 0, 0, 0, 0, 0.329141357, -0.0791447754, -0.146458789, -0.0480503222, 0.19616901, -0.979359018, 0.322021484, -0.925048828, -0.201171875, -0.945382193, -0.324902535, -0.0187332817, 0, 1, 5, 1, 
707.804354, 50, 0.1, 0.1, 0.0241766502, 0.349185255, -0.0199714284, 0.978299806, -2.156473e-005, -0.207194327, 0.207194327, -9.28089675e-006, 0.978299806, -2.30197203e-005, -1, -4.61140978e-006, 0.978299802, -2.89538614e-005, -0.207194343, 0.207194343, -1.95680064e-006, 0.978299803, -2.8730995e-005, -1, 4.08473862e-006, 0, 0, 0, 0, 0, 0, 0, 0.297117847, -0.132164111, -0.17574353, -0.134400885, 0.485395607, -0.863803284, -0.988037109, -4.9543475e-012, 0.153686523, 0.0745551327, 0.874284415, 0.479780617, 0, 0, -0, 0, 0, 0, 0, 0.329141357, -0.0791447754, -0.146458789, -0.0480503222, 0.19616901, -0.979359018, 0.322021484, -0.925048828, -0.201171875, -0.945382193, -0.324902535, -0.0187332817, 0, 1, 5, 1, 
707.805084, 50, 0.1, 0.1, 0.0241766552, 0.349185256, -0.0199707205, 0.978299806, 2.80611361e-005, -0.207194326, 0.207194326, 4.28867346e-006, 0.978299806, 2.83407928e-005, -1, -1.61849976e-006, 0.978299803, 3.50718547e-005, -0.20719434, 0.20719434, 5.22114181e-006, 0.978299803, 3.53925796e-005, -0.999999999, -2.15884777e-006, 0, 0, 0, 0, 0, 0, 0, 0.298244775, -0.133135059, -0.175393213, -0.138368749, 0.4883394, -0.861523364, -0.987670898, -0.00537109375, 0.155517578, 0.0713522306, 0.872582244, 0.483250863, 0, 0, -0, 0, 0, 0, 0, 0.329929102, -0.0799185059, -0.146203809, -0.0503821056, 0.196762158, -0.979045853, 0.328491211, -0.922485352, -0.202270508, -0.943049676, -0.331713784, -0.0182093958, 0, 1, 5, 1, 
707.805783, 50, 0.1, 0.1, 0.0241766523, 0.349185256, -0.0199697255, 0.978299796, -2.68117648e-005, -0.207194372, 0.207194373, 3.05246226e-006, 0.978299797, -2.5597491e-005, -1, 8.54146999e-006, 0.9782998, -3.07008033e-005, -0.207194355, 0.207194355, -7.32509659e-006, 0.9782998, -3.15523084e-005, -1, -8.05107381e-007, 0, 0, 0, 0, 0, 0, 0, 0.298244775, -0.133135059, -0.175393213, -0.138368749, 0.4883394, -0.861523364, -0.987670898, -0.00537109375, 0.155517578, 0.0713522306, 0.872582244, 0.483250863, 0, 0, -0, 0, 0, 0, 0, 0.329929102, -0.0799185059, -0.146203809, -0.0503821056, 0.196762158, -0.979045853, 0.328491211, -0.922485352, -0.202270508, -0.943049676, -0.331713784, -0.0182093958, 0, 1, 5, 1, 
707.806474, 50, 0.1, 0.1, 0.0241766562, 0.349185257, -0.0199687991, 0.978299792, 2.23693586e-005, -0.207194394, 0.207194394, 1.12858102e-005, 0.978299792, 2.42222954e-005, -1, 6.40610007e-006, 0.978299795, 2.91600239e-005, -0.207194376, 0.207194376, 1.34457601e-005, 0.978299796, 3.13131313e-005, -0.999999999, 7.11219142e-006, 0, 0, 0, 0, 0, 0, 0, 0.298244775, -0.133135059, -0.175393213, -0.138368749, 0.4883394, -0.861523364, -0.987670898, -0.00537109375, 0.155517578, 0.0713522306, 0.872582244, 0.483250863, 0, 0, -0, 0, 0, 0, 0, 0.329929102, -0.0799185059, -0.146203809, -0.0503821056, 0.196762158, -0.979045853, 0.328491211, -0.922485352, -0.202270508, -0.943049676, -0.331713784, -0.0182093958, 0, 1, 5, 1, 
707.807172, 50, 0.1, 0.1, 0.0241766523, 0.349185255, -0.0199681704, 0.9782998, -3.00653993e-005, -0.207194356, 0.207194355, -1.15900017e-005, 0.9782998, -3.1814357e-005, -0.999999999, -5.10911529e-006, 0.978299796, -3.87695877e-005, -0.207194372, 0.207194372, -3.37487772e-006, 0.978299797, -3.86275354e-005, -0.999999999, 4.7311982e-006, 0, 0, 0, 0, 0, 0, 0, 0.298244775, -0.133135059, -0.175393213, -0.138368749, 0.4883394, -0.861523364, -0.987670898, -0.00537109375, 0.155517578, 0.0713522306, 0.872582244, 0.483250863, 0, 0, -0, 0, 0, 0, 0, 0.329929102, -0.0799185059, -0.146203809, -0.0503821056, 0.196762158, -0.979045853, 0.328491211, -0.922485352, -0.202270508, -0.943049676, -0.331713784, -0.0182093958, 0, 1, 5, 1, 
707.807874, 50, 0.1, 0.1, 0.0241766561, 0.349185255, -0.0199680381, 0.978299804, 2.5353215e-005, -0.207194337, 0.207194337, 3.20744259e-007, 0.978299804, 2.48695016e-005, -1, -4.93925853e-006, 0.9782998, 3.15874799e-005, -0.207194356, 0.207194356, 1.20491098e-006, 0.9782998, 3.1151676e-005, -1, -5.36598339e-006, 0, 0, 0, 0, 0, 0, 0, 0.298244775, -0.133135059, -0.175393213, -0.138368749, 0.4883394, -0.861523364, -0.987670898, -0.00537109375, 0.155517578, 0.0713522306, 0.872582244, 0.483250863, 0, 0, -0, 0, 0, 0, 0, 0.329929102, -0.0799185059, -0.146203809, -0.0503821056, 0.196762158, -0.979045853, 0.328491211, -0.922485352, -0.202270508, -0.943049676, -0.331713784, -0.0182093958, 0, 1, 5, 1, 
707.80856, 50, 0.1, 0.1, 0.0241766528, 0.349185254, -0.019968396, 0.978299797, -2.80444838e-005, -0.207194368, 0.207194368, -4.77968657e-007, 0.978299798, -2.75349452e-005, -1, 5.34306246e-006, 0.9782998, -3.28175509e-005, -0.207194353, 0.207194352, -1.11695057e-005, 0.978299801, -3.44196621e-005, -0.999999999, -4.12751397e-006, 0, 0, 0, 0, 0, 0, 0, 0.298244775, -0.133135059, -0.175393213, -0.138368749, 0.4883394, -0.861523364, -0.987670898, -0.00537109375, 0.155517578, 0.0713522306, 0.872582244, 0.483250863, 0, 0, -0, 0, 0, 0, 0, 0.329929102, -0.0799185059, -0.146203809, -0.0503821056, 0.196762158, -0.979045853, 0.328491211, -0.922485352, -0.202270508, -0.943049676, -0.331713784, -0.0182093958, 0, 1, 5, 1, 
707.80927, 50, 0.1, 0.1, 0.0241766574, 0.349185255, -0.0199691326, 0.978299796, 2.72507428e-005, -0.207194376, 0.207194376, 9.11462452e-006, 0.978299796, 2.85478951e-005, -1, 3.27063466e-006, 0.978299799, 3.34543371e-005, -0.207194358, 0.207194358, 1.10936192e-005, 0.9782998, 3.50269065e-005, -0.999999999, 3.92133549e-006, 0, 0, 0, 0, 0, 0, 0, 0.298244775, -0.133135059, -0.175393213, -0.142190959, 0.490839116, -0.859541867, -0.987426758, -0.0111083984, 0.156982422, 0.0675082995, 0.871197593, 0.486397599, 0, 0, -0, 0, 0, 0, 0, 0.329929102, -0.0799185059, -0.146203809, -0.0503821056, 0.196762158, -0.979045853, 0.328491211, -0.922485352, -0.202270508, -0.943049676, -0.331713784, -0.0182093958, 0, 1, 5, 1, 
707.809978, 50, 0.1, 0.1, 0.0241766548, 0.349185253, -0.0199697485, 0.978299807, -2.32370696e-005, -0.20719432, 0.20719432, -1.18754104e-005, 0.978299808, -2.51933383e-005, -1, -6.80312284e-006, 0.978299803, -3.14946283e-005, -0.20719434, 0.20719434, -4.14466819e-006, 0.978299803, -3.16699404e-005, -0.999999999, 2.47078064e-006, 0, 0, 0, 0, 0, 0, 0, 0.299600439, -0.134127734, -0.174835889, -0.142190959, 0.490839116, -0.859541867, -0.987426758, -0.0111083984, 0.156982422, 0.0675082995, 0.871197593, 0.486397599, 0, 0, -0, 0, 0, 0, 0, 0.330902002, -0.0807122559, -0.145938574, -0.0533464167, 0.197138023, -0.978809246, 0.335083008, -0.919799805, -0.203613281, -0.940538156, -0.338793356, -0.0169571004, 0, 1, 5, 1, 
707.810677, 50, 0.1, 0.1, 0.0241766593, 0.349185253, -0.0199702896, 0.978299814, 2.76183823e-005, -0.207194287, 0.207194287, 5.62451898e-007, 0.978299815, 2.71355951e-005, -1, -5.17212444e-006, 0.97829981, 3.3864463e-005, -0.207194308, 0.207194308, 1.30938608e-006, 0.97829981, 3.3400895e-005, -0.999999999, -5.73555183e-006, 0, 0, 0, 0, 0, 0, 0, 0.299600439, -0.134127734, -0.174835889, -0.142190959, 0.490839116, -0.859541867, -0.987426758, -0.0111083984, 0.156982422, 0.0675082995, 0.871197593, 0.486397599, 0, 0, -0, 0, 0, 0, 0, 0.330902002, -0.0807122559, -0.145938574, -0.0533464167, 0.197138023, -0.978809246, 0.335083008, -0.919799805, -0.203613281, -0.940538156, -0.338793356, -0.0169571004, 0, 1, 5, 1, 
707.811369, 50, 0.1, 0.1, 0.0241766568, 0.349185252, -0.0199705708, 0.978299811, -2.37344919e-005, -0.207194304, 0.207194304, 3.98518231e-007, 0.978299811, -2.31368782e-005, -1, 5.30752184e-006, 0.978299813, -2.79206695e-005, -0.207194292, 0.207194292, -9.78369443e-006, 0.978299814, -2.93419114e-005, -1, -3.78638308e-006, 0, 0, 0, 0, 0, 0, 0, 0.299600439, -0.134127734, -0.174835889, -0.142190959, 0.490839116, -0.859541867, -0.987426758, -0.0111083984, 0.156982422, 0.0675082995, 0.871197593, 0.486397599, 0, 0, -0, 0, 0, 0, 0, 0.330902002, -0.0807122559, -0.145938574, -0.0533464167, 0.197138023, -0.978809246, 0.335083008, -0.919799805, -0.203613281, -0.940538156, -0.338793356, -0.0169571004, 0, 1, 5, 1, 
707.812359, 50, 0.1, 0.1, 0.0241766655, 0.349185254, -0.0199680593, 0.978299796, 2.93037305e-005, -0.207194373, 0.207194373, 1.51429152e-005, 0.978299796, 3.18053605e-005, -0.999999999, 8.7427428e-006, 0.978299806, 4.17770889e-005, -0.207194324, 0.207194323, 1.93693023e-005, 0.978299807, 4.48837274e-005, -0.999999999, 1.0293009e-005, 0, 0, 0, 0, 0, 0, 0, 0.299600439, -0.134127734, -0.174835889, -0.142190959, 0.490839116, -0.859541867, -0.987426758, -0.0111083984, 0.156982422, 0.0675082995, 0.871197593, 0.486397599, 0, 0, -0, 0, 0, 0, 0, 0.331874902, -0.0817375488, -0.14568335, -0.0563107278, 0.197392486, -0.978681282, 0.341674805, -0.917114258, -0.204711914, -0.938026635, -0.345885688, -0.0158389663, 0, 1, 5, 1, 
707.813113, 50, 0.1, 0.1, 0.0241766608, 0.349185251, -0.0199638126, 0.978299785, -3.40207352e-005, -0.207194422, 0.207194422, -1.5832344e-005, 0.978299786, -3.65628513e-005, -0.999999999, -8.43987222e-006, 0.978299784, -4.46202197e-005, -0.207194428, 0.207194428, -6.69334013e-006, 0.978299785, -4.50387741e-005, -0.999999999, 2.6969677e-006, 0, 0, 0, 0, 0, 0, 0, 0.299600439, -0.134127734, -0.174835889, -0.142190959, 0.490839116, -0.859541867, -0.987426758, -0.0111083984, 0.156982422, 0.0675082995, 0.871197593, 0.486397599, 0, 0, -0, 0, 0, 0, 0, 0.331874902, -0.0817375488, -0.14568335, -0.0563107278, 0.197392486, -0.978681282, 0.341674805, -0.917114258, -0.204711914, -0.938026635, -0.345885688, -0.0158389663, 0, 1, 5, 1, 
707.813814, 50, 0.1, 0.1, 0.0241766654, 0.349185251, -0.0199619782, 0.978299776, 3.09463367e-005, -0.207194467, 0.207194467, -6.93705859e-007, 0.978299777, 3.01310623e-005, -1, -7.09056203e-006, 0.978299774, 3.85196298e-005, -0.207194477, 0.207194477, 1.46053762e-007, 0.978299774, 3.77140067e-005, -0.999999999, -7.83817018e-006, 0, 0, 0, 0, 0, 0, 0, 0.299600439, -0.134127734, -0.174835889, -0.142190959, 0.490839116, -0.859541867, -0.987426758, -0.0111083984, 0.156982422, 0.0675082995, 0.871197593, 0.486397599, 0, 0, -0, 0, 0, 0, 0, 0.331874902, -0.0817375488, -0.14568335, -0.0563107278, 0.197392486, -0.978681282, 0.341674805, -0.917114258, -0.204711914, -0.938026635, -0.345885688, -0.0158389663, 0, 1, 5, 1, 
707.814516, 50, 0.1, 0.1, 0.0241766611, 0.34918525, -0.0199624633, 0.978299754, -3.42141744e-005, -0.207194569, 0.207194569, -9.39370066e-007, 0.978299755, -3.36663508e-005, -0.999999999, 6.17000563e-006, 0.97829976, -3.97879703e-005, -0.20719454, 0.207194539, -1.38237312e-005, 0.978299761, -4.17887634e-005, -0.999999999, -5.27990279e-006, 0, 0, 0, 0, 0, 0, 0, 0.300721387, -0.134904614, -0.174278564, -0.146210119, 0.493199167, -0.857560369, -0.987182617, -0.0173339844, 0.158203125, 0.0632011946, 0.86971147, 0.489544335, 0, 0, -0, 0, 0, 0, 0, 0.331874902, -0.0817375488, -0.14568335, -0.0563107278, 0.197392486, -0.978681282, 0.341674805, -0.917114258, -0.204711914, -0.938026635, -0.345885688, -0.0158389663, 0, 1, 5, 1, 
707.815216, 50, 0.1, 0.1, 0.0241766661, 0.349185251, -0.0199649167, 0.978299742, 3.31935543e-005, -0.207194627, 0.207194627, 1.16671546e-005, 0.978299743, 3.48906174e-005, -0.999999999, 4.53644829e-006, 0.978299748, 3.91523997e-005, -0.2071946, 0.207194599, 1.33834799e-005, 0.978299748, 4.10757675e-005, -0.999999999, 4.98088922e-006, 0, 0, 0, 0, 0, 0, 0, 0.300721387, -0.134904614, -0.174278564, -0.146210119, 0.493199167, -0.857560369, -0.987182617, -0.0173339844, 0.158203125, 0.0632011946, 0.86971147, 0.489544335, 0, 0, -0, 0, 0, 0, 0, 0.331874902, -0.0817375488, -0.14568335, -0.0563107278, 0.197392486, -0.978681282, 0.341674805, -0.917114258, -0.204711914, -0.938026635, -0.345885688, -0.0158389663, 0, 1, 5, 1, 
707.815915, 50, 0.1, 0.1, 0.0241766639, 0.349185249, -0.0199686176, 0.978299743, -2.24730518e-005, -0.207194626, 0.207194626, -1.08612172e-005, 0.978299743, -2.42357667e-005, -1, -5.96923045e-006, 0.97829974, -2.99731002e-005, -0.207194636, 0.207194636, -2.76396738e-006, 0.978299741, -2.98953554e-005, -1, 3.506277e-006, 0, 0, 0, 0, 0, 0, 0, 0.300721387, -0.134904614, -0.174278564, -0.146210119, 0.493199167, -0.857560369, -0.987182617, -0.0173339844, 0.158203125, 0.0632011946, 0.86971147, 0.489544335, 0, 0, -0, 0, 0, 0, 0, 0.331874902, -0.0817375488, -0.14568335, -0.0563107278, 0.197392486, -0.978681282, 0.341674805, -0.917114258, -0.204711914, -0.938026635, -0.345885688, -0.0158389663, 0, 1, 5, 1, 
707.816607, 50, 0.1, 0.1, 0.0241766681, 0.349185249, -0.0199723808, 0.978299739, 2.73503872e-005, -0.207194641, 0.207194641, 1.72709808e-006, 0.97829974, 2.71147222e-005, -1, -3.97723408e-006, 0.978299737, 3.24897233e-005, -0.207194651, 0.207194651, 2.38193507e-006, 0.978299738, 3.2278212e-005, -0.999999999, -4.40145045e-006, 0, 0, 0, 0, 0, 0, 0, 0.300721387, -0.134904614, -0.174278564, -0.146210119, 0.493199167, -0.857560369, -0.987182617, -0.0173339844, 0.158203125, 0.0632011946, 0.86971147, 0.489544335, 0, 0, -0, 0, 0, 0, 0, 0.331874902, -0.0817375488, -0.14568335, -0.0563107278, 0.197392486, -0.978681282, 0.341674805, -0.917114258, -0.204711914, -0.938026635, -0.345885688, -0.0158389663, 0, 1, 5, 1, 
707.817321, 50, 0.1, 0.1, 0.0241766657, 0.349185249, -0.0199749789, 0.978299728, -2.32477397e-005, -0.207194697, 0.207194697, 1.14081184e-006, 0.978299728, -2.25068873e-005, -1, 5.93286429e-006, 0.978299731, -2.62801921e-005, -0.207194679, 0.207194678, -7.22781527e-006, 0.978299732, -2.72074697e-005, -1, -1.62585379e-006, 0, 0, 0, 0, 0, 0, 0, 0.301871387, -0.136138843, -0.173723926, -0.149714809, 0.495337181, -0.855617064, -0.986816406, -0.0225830078, 0.159545898, 0.0598013411, 0.868384107, 0.492449936, 0, 0, -0, 0, 0, 0, 0, 0.332369824, -0.0825527832, -0.145411279, -0.0597734051, 0.197378627, -0.978495714, 0.348022461, -0.914550781, -0.205688477, -0.935444752, -0.352760737, -0.0141010645, 0, 1, 5, 1, 
707.818017, 50, 0.1, 0.1, 0.0241766687, 0.349185249, -0.0199757808, 0.978299719, 1.78086107e-005, -0.207194738, 0.207194738, 8.67003491e-006, 0.978299719, 1.92185444e-005, -1, 4.7920423e-006, 0.978299723, 2.25725284e-005, -0.207194719, 0.207194719, 1.01458359e-005, 0.978299723, 2.41848619e-005, -1, 5.24875981e-006, 0, 0, 0, 0, 0, 0, 0, 0.301871387, -0.136138843, -0.173723926, -0.149714809, 0.495337181, -0.855617064, -0.986816406, -0.0225830078, 0.159545898, 0.0598013411, 0.868384107, 0.492449936, 0, 0, -0, 0, 0, 0, 0, 0.332369824, -0.0825527832, -0.145411279, -0.0597734051, 0.197378627, -0.978495714, 0.348022461, -0.914550781, -0.205688477, -0.935444752, -0.352760737, -0.0141010645, 0, 1, 5, 1, 
707.818715, 50, 0.1, 0.1, 0.0241766662, 0.349185248, -0.0199747485, 0.97829972, -1.91682875e-005, -0.207194733, 0.207194733, -8.42889817e-006, 0.97829972, -2.04987536e-005, -1, -4.27442051e-006, 0.978299718, -2.68386582e-005, -0.207194741, 0.207194741, -1.65654963e-006, 0.978299718, -2.65994801e-005, -1, 3.94022681e-006, 0, 0, 0, 0, 0, 0, 0, 0.301871387, -0.136138843, -0.173723926, -0.149714809, 0.495337181, -0.855617064, -0.986816406, -0.0225830078, 0.159545898, 0.0598013411, 0.868384107, 0.492449936, 0, 0, -0, 0, 0, 0, 0, 0.332369824, -0.0825527832, -0.145411279, -0.0597734051, 0.197378627, -0.978495714, 0.348022461, -0.914550781, -0.205688477, -0.935444752, -0.352760737, -0.0141010645, 0, 1, 5, 1, 
707.819403, 50, 0.1, 0.1, 0.0241766701, 0.349185249, -0.0199723368, 0.978299717, 2.35265359e-005, -0.207194747, 0.207194747, 1.67202062e-006, 0.978299717, 2.33624373e-005, -1, -3.23883735e-006, 0.978299715, 2.97703448e-005, -0.207194756, 0.207194756, 2.44017574e-006, 0.978299715, 2.96299115e-005, -1, -3.78103611e-006, 0, 0, 0, 0, 0, 0, 0, 0.301871387, -0.136138843, -0.173723926, -0.149714809, 0.495337181, -0.855617064, -0.986816406, -0.0225830078, 0.159545898, 0.0598013411, 0.868384107, 0.492449936, 0, 0, -0, 0, 0, 0, 0, 0.332369824, -0.0825527832, -0.145411279, -0.0597734051, 0.197378627, -0.978495714, 0.348022461, -0.914550781, -0.205688477, -0.935444752, -0.352760737, -0.0141010645, 0, 1, 5, 1, 
707.820098, 50, 0.1, 0.1, 0.0241766668, 0.349185248, -0.0199693174, 0.978299703, -2.61715211e-005, -0.207194814, 0.207194814, 1.02629604e-006, 0.978299703, -2.53909481e-005, -1, 6.42662855e-006, 0.978299707, -3.12494254e-005, -0.207194792, 0.207194792, -9.61150289e-006, 0.978299708, -3.25627571e-005, -0.999999999, -2.92821228e-006, 0, 0, 0, 0, 0, 0, 0, 0.301871387, -0.136138843, -0.173723926, -0.149714809, 0.495337181, -0.855617064, -0.986816406, -0.0225830078, 0.159545898, 0.0598013411, 0.868384107, 0.492449936, 0, 0, -0, 0, 0, 0, 0, 0.332369824, -0.0825527832, -0.145411279, -0.0597734051, 0.197378627, -0.978495714, 0.348022461, -0.914550781, -0.205688477, -0.935444752, -0.352760737, -0.0141010645, 0, 1, 5, 1, 
707.820802, 50, 0.1, 0.1, 0.0241766715, 0.349185249, -0.0199665997, 0.978299694, 2.75472914e-005, -0.207194857, 0.207194857, 1.08822167e-005, 0.978299694, 2.9204246e-005, -1, 4.93841218e-006, 0.978299698, 3.48244547e-005, -0.207194833, 0.207194833, 1.32171088e-005, 0.978299699, 3.68072701e-005, -0.999999999, 5.71484645e-006, 0, 0, 0, 0, 0, 0, 0, 0.301871387, -0.136138843, -0.173723926, -0.149714809, 0.495337181, -0.855617064, -0.986816406, -0.0225830078, 0.159545898, 0.0598013411, 0.868384107, 0.492449936, 0, 0, -0, 0, 0, 0, 0, 0.332369824, -0.0825527832, -0.145411279, -0.0597734051, 0.197378627, -0.978495714, 0.348022461, -0.914550781, -0.205688477, -0.935444752, -0.352760737, -0.0141010645, 0, 1, 5, 1, 
707.821538, 50, 0.1, 0.1, 0.0241766679, 0.349185247, -0.0199647416, 0.978299698, -2.4902957e-005, -0.207194835, 0.207194835, -1.55547834e-005, 0.978299698, -2.75854261e-005, -1, -1.00574759e-005, 0.978299694, -3.69796101e-005, -0.207194851, 0.207194851, -4.32486315e-006, 0.978299695, -3.70732306e-005, -0.999999999, 3.43097251e-006, 0, 0, 0, 0, 0, 0, 0, 0.301871387, -0.136138843, -0.173723926, -0.15425331, 0.49894709, -0.852759394, -0.986206055, -0.02734375, 0.162475586, 0.0576775545, 0.866205658, 0.496446635, 0, 0, -0, 0, 0, 0, 0, 0.332369824, -0.0825527832, -0.145411279, -0.0597734051, 0.197378627, -0.978495714, 0.348022461, -0.914550781, -0.205688477, -0.935444752, -0.352760737, -0.0141010645, 0, 1, 5, 1, 
707.822255, 50, 0.1, 0.1, 0.0241766739, 0.349185247, -0.0199637693, 0.978299691, 3.66099063e-005, -0.207194867, 0.207194867, 9.63530703e-007, 0.978299692, 3.60150987e-005, -0.999999999, -6.64276287e-006, 0.978299689, 4.48787376e-005, -0.207194877, 0.207194877, 1.72029422e-006, 0.97829969, 4.42612912e-005, -0.999999999, -7.61568123e-006, 0, 0, 0, 0, 0, 0, 0, 0.302749194, -0.137300439, -0.173565723, -0.15425331, 0.49894709, -0.852759394, -0.986206055, -0.02734375, 0.162475586, 0.0576775545, 0.866205658, 0.496446635, 0, 0, -0, 0, 0, 0, 0, 0.33309458, -0.0835629395, -0.145132617, -0.0631019209, 0.197703452, -0.978175986, 0.354003906, -0.911865234, -0.20715332, -0.932971511, -0.359354702, -0.0124718044, 0, 1, 5, 1, 
707.822953, 50, 0.1, 0.1, 0.0241766704, 0.349185246, -0.0199646855, 0.978299672, -3.23497764e-005, -0.20719496, 0.20719496, -3.43923526e-007, 0.978299672, -3.17190349e-005, -0.999999999, 6.36625035e-006, 0.978299677, -3.61761874e-005, -0.207194933, 0.207194933, -1.24167934e-005, 0.978299678, -3.79638491e-005, -0.999999999, -4.6518223e-006, 0, 0, 0, 0, 0, 0, 0, 0.302749194, -0.137300439, -0.173565723, -0.15425331, 0.49894709, -0.852759394, -0.986206055, -0.02734375, 0.162475586, 0.0576775545, 0.866205658, 0.496446635, 0, 0, -0, 0, 0, 0, 0, 0.33309458, -0.0835629395, -0.145132617, -0.0631019209, 0.197703452, -0.978175986, 0.354003906, -0.911865234, -0.20715332, -0.932971511, -0.359354702, -0.0124718044, 0, 1, 5, 1, 
707.823649, 50, 0.1, 0.1, 0.0241766741, 0.349185246, -0.019967047, 0.978299659, 2.38069729e-005, -0.20719502, 0.20719502, 1.12379794e-005, 0.978299659, 2.56188068e-005, -1, 6.06142519e-006, 0.978299665, 3.04875081e-005, -0.207194992, 0.207194992, 1.28686686e-005, 0.978299665, 3.24922427e-005, -0.999999999, 6.27255524e-006, 0, 0, 0, 0, 0, 0, 0, 0.302749194, -0.137300439, -0.173565723, -0.15425331, 0.49894709, -0.852759394, -0.986206055, -0.02734375, 0.162475586, 0.0576775545, 0.866205658, 0.496446635, 0, 0, -0, 0, 0, 0, 0, 0.33309458, -0.0835629395, -0.145132617, -0.0631019209, 0.197703452, -0.978175986, 0.354003906, -0.911865234, -0.20715332, -0.932971511, -0.359354702, -0.0124718044, 0, 1, 5, 1, 
707.82434, 50, 0.1, 0.1, 0.0241766705, 0.349185245, -0.0199699931, 0.978299657, -2.93554432e-005, -0.20719503, 0.20719503, -9.8718174e-006, 0.978299657, -3.07638115e-005, -1, -3.57529364e-006, 0.978299655, -3.67492652e-005, -0.207195038, 0.207195038, -2.36708352e-006, 0.978299656, -3.64422415e-005, -0.999999999, 5.2985484e-006, 0, 0, 0, 0, 0, 0, 0, 0.302749194, -0.137300439, -0.173565723, -0.15425331, 0.49894709, -0.852759394, -0.986206055, -0.02734375, 0.162475586, 0.0576775545, 0.866205658, 0.496446635, 0, 0, -0, 0, 0, 0, 0, 0.33309458, -0.0835629395, -0.145132617, -0.0631019209, 0.197703452, -0.978175986, 0.354003906, -0.911865234, -0.20715332, -0.932971511, -0.359354702, -0.0124718044, 0, 1, 5, 1, 
707.825034, 50, 0.1, 0.1, 0.0241766733, 0.349185245, -0.0199727229, 0.978299653, 2.12197306e-005, -0.207195049, 0.207195049, 2.89223965e-006, 0.978299653, 2.13585128e-005, -1, -1.56714609e-006, 0.978299651, 2.58983781e-005, -0.207195059, 0.207195059, 3.43201295e-006, 0.978299651, 2.60474704e-005, -1, -2.00847889e-006, 0, 0, 0, 0, 0, 0, 0, 0.302749194, -0.137300439, -0.173565723, -0.15425331, 0.49894709, -0.852759394, -0.986206055, -0.02734375, 0.162475586, 0.0576775545, 0.866205658, 0.496446635, 0, 0, -0, 0, 0, 0, 0, 0.33309458, -0.0835629395, -0.145132617, -0.0631019209, 0.197703452, -0.978175986, 0.354003906, -0.911865234, -0.20715332, -0.932971511, -0.359354702, -0.0124718044, 0, 1, 5, 1, 
707.825734, 50, 0.1, 0.1, 0.0241766706, 0.349185245, -0.0199743992, 0.978299641, -2.24247692e-005, -0.207195106, 0.207195106, 3.33601738e-006, 0.978299641, -2.12469371e-005, -1, 7.90992704e-006, 0.978299645, -2.64531361e-005, -0.207195087, 0.207195087, -5.92364092e-006, 0.978299645, -2.71064429e-005, -1, -3.14135981e-007, 0, 0, 0, 0, 0, 0, 0, 0.302749194, -0.137300439, -0.173565723, -0.15425331, 0.49894709, -0.852759394, -0.986206055, -0.02734375, 0.162475586, 0.0576775545, 0.866205658, 0.496446635, 0, 0, -0, 0, 0, 0, 0, 0.33309458, -0.0835629395, -0.145132617, -0.0631019209, 0.197703452, -0.978175986, 0.354003906, -0.911865234, -0.20715332, -0.932971511, -0.359354702, -0.0124718044, 0, 1, 5, 1, 
