time, trialNum, realDorsalTactorPos, realVentralTactorPos, boxPosX, boxPosY, boxPosZ, boxLocalRot_11, boxLocalRot_12, boxLocalRot_13, boxLocalRot_21, boxLocalRot_22, boxLocalRot_23, boxLocalRot_31, boxLocalRot_32, boxLocalRot_33, boxGlobalRot_11, boxGlobalRot_12, boxGlobalRot_13, boxGlobalRot_21, boxGlobalRot_22, boxGlobalRot_23, boxGlobalRot_31, boxGlobalRot_32, boxGlobalRot_33, indexForceX, indexForceY, indexForceZ, indexForceGlobalX, indexForceGlobalY, indexForceGlobalZ, indexContact, indexPosX, indexPosY, indexPosZ, indexRot_11, indexRot_12, indexRot_13, indexRot_21, indexRot_22, indexRot_23, indexRot_31, indexRot_32, indexRot_33, thumbForceX, thumbForceY, thumbForceZ, thumbForceGlobalX, thumbForceGlobalY, thumbForceGlobalZ, thumbContact, thumbPosX, thumbPosY, thumbPosZ, thumbRot_11, thumbRot_12, thumbRot_13, thumbRot_21, thumbRot_22, thumbRot_23, thumbRot_31, thumbRot_32, thumbRot_33, manipForceTooHigh, cceExpType, mapping, trialSuccess, 
567.913361, 44, 0.1, 0.1, 0.00147787159, 0.36333112, -0.0199709458, 0.982972092, -5.29650856e-006, 0.183754906, 0.183754906, 6.61935338e-005, -0.98297209, -6.95706649e-006, 0.999999998, 6.60396559e-005, 0.982972072, 3.54714916e-006, 0.183755014, 0.183755014, 7.37082365e-005, -0.98297207, -1.70310066e-005, 0.999999997, 7.18013315e-005, 0, 0, 0, 0, 0, 0, 0, 0.341737549, -0.172358423, -0.204865845, -0.096680848, 0.489734913, -0.866419079, -0.995117187, -0.0313720703, 0.0932617188, 0.0185261323, 0.87124889, 0.490576641, 0, -0, 0, 0, 0, 0, 0, 0.365318359, -0.106949121, -0.180928369, -0.0615769741, 0.270651276, -0.960625887, -0.146606445, -0.954467773, -0.259521484, -0.987186253, 0.124922365, 0.0984910544, 0, 1, 5, 1, 
567.930355, 44, 0.1, 0.1, 0.00147790674, 0.363331156, -0.0199610798, 0.982977597, -5.61561227e-006, 0.183725455, 0.183725456, 4.05241563e-005, -0.982977597, -1.92529802e-006, 0.999999999, 4.08660687e-005, 0.982977547, 7.28068159e-006, 0.183725726, 0.183725726, 2.48130944e-005, -0.982977547, -1.17155503e-005, 1, 2.30530661e-005, 0, 0, 0, 0, 0, 0, 0, 0.35599939, -0.185734229, -0.199245312, -0.121767464, 0.499288575, -0.857718389, -0.992431641, -0.0689697266, 0.100708008, -0.00876929741, 0.863679733, 0.504153211, 0, -0, 0, 0, 0, 0, 0, 0.377380469, -0.121897021, -0.1750479, -0.0842535534, 0.255125695, -0.963211767, -0.114135742, -0.962646484, -0.244995117, -0.989815143, 0.0892908305, 0.110248053, 0, 1, 5, 1, 
567.931063, 44, 0.1, 0.1, 0.00147790852, 0.363331155, -0.0199616261, 0.982977774, 2.74394807e-005, 0.183724506, 0.183724507, -3.2204838e-005, -0.982977774, -2.10555817e-005, 0.999999999, -3.6697945e-005, 0.982977751, -4.28238512e-006, 0.183724633, 0.183724633, -1.83210038e-005, -0.982977751, 7.57550898e-006, 1, -1.72223595e-005, 0, 0, 0, 0, 0, 0, 0, 0.35599939, -0.185734229, -0.199245312, -0.121767464, 0.499288575, -0.857718389, -0.992431641, -0.0689697266, 0.100708008, -0.00876929741, 0.863679733, 0.504153211, 0, -0, 0, 0, 0, 0, 0, 0.377380469, -0.121897021, -0.1750479, -0.0842535534, 0.255125695, -0.963211767, -0.114135742, -0.962646484, -0.244995117, -0.989815143, 0.0892908305, 0.110248053, 0, 1, 5, 1, 
567.931759, 44, 0.1, 0.1, 0.00147790385, 0.363331156, -0.019964369, 0.982977848, -2.77621272e-005, 0.18372411, 0.183724111, 2.24436364e-005, -0.982977848, 2.3166119e-005, 0.999999999, 2.71621696e-005, 0.982977843, 5.54197975e-006, 0.183724139, 0.183724139, 1.25066353e-005, -0.982977843, -7.74541411e-006, 1, 1.127555e-005, 0, 0, 0, 0, 0, 0, 0, 0.35599939, -0.185734229, -0.199245312, -0.121767464, 0.499288575, -0.857718389, -0.992431641, -0.0689697266, 0.100708008, -0.00876929741, 0.863679733, 0.504153211, 0, -0, 0, 0, 0, 0, 0, 0.377380469, -0.121897021, -0.1750479, -0.0842535534, 0.255125695, -0.963211767, -0.114135742, -0.962646484, -0.244995117, -0.989815143, 0.0892908305, 0.110248053, 0, 1, 5, 1, 
567.932486, 44, 0.1, 0.1, 0.00147791059, 0.363331157, -0.0199683269, 0.982977833, -1.39142779e-007, 0.183724194, 0.183724194, -3.18555295e-005, -0.982977833, 5.98940577e-006, 0.999999999, -3.12877155e-005, 0.982977844, -2.73257572e-005, 0.183724135, 0.183724135, -2.24947757e-005, -0.982977844, 3.09934471e-005, 0.999999999, -1.70914651e-005, 0, 0, 0, 0, 0, 0, 0, 0.358228003, -0.187281909, -0.19764209, -0.125806843, 0.499637172, -0.857006968, -0.991821289, -0.0769042969, 0.100830078, -0.0155450388, 0.862759377, 0.505523636, 0, -0, 0, 0, 0, 0, 0, 0.379575391, -0.123181836, -0.17370625, -0.0879914833, 0.25199987, -0.963594928, -0.10559082, -0.964233398, -0.242553711, -0.990453501, 0.080493046, 0.111557951, 0, 1, 5, 1, 
567.933183, 44, 0.1, 0.1, 0.00147789956, 0.363331157, -0.0199721923, 0.982977702, 4.8460309e-005, 0.18372489, 0.183724888, 3.29616565e-005, -0.982977703, -5.369128e-005, 0.999999998, 2.34972085e-005, 0.982977735, 5.94997365e-005, 0.183724711, 0.18372471, 2.11664442e-005, -0.982977737, -6.23757152e-005, 0.999999998, 9.87457157e-006, 0, 0, 0, 0, 0, 0, 0, 0.358228003, -0.187281909, -0.19764209, -0.125806843, 0.499637172, -0.857006968, -0.991821289, -0.0769042969, 0.100830078, -0.0155450388, 0.862759377, 0.505523636, 0, -0, 0, 0, 0, 0, 0, 0.379575391, -0.123181836, -0.17370625, -0.0879914833, 0.25199987, -0.963594928, -0.10559082, -0.964233398, -0.242553711, -0.990453501, 0.080493046, 0.111557951, 0, 1, 5, 1, 
567.93388, 44, 0.1, 0.1, 0.00147790227, 0.363331156, -0.0199750586, 0.982977486, -5.47339369e-005, 0.183726043, 0.183726042, -2.78007896e-005, -0.982977487, 5.89099568e-005, 0.999999998, -1.72715007e-005, 0.982977534, -4.35641776e-005, 0.183725791, 0.183725791, -1.45882624e-005, -0.982977535, 4.55028479e-005, 0.999999999, -6.33607122e-006, 0, 0, 0, 0, 0, 0, 0, 0.358228003, -0.187281909, -0.19764209, -0.125806843, 0.499637172, -0.857006968, -0.991821289, -0.0769042969, 0.100830078, -0.0155450388, 0.862759377, 0.505523636, 0, -0, 0, 0, 0, 0, 0, 0.379575391, -0.123181836, -0.17370625, -0.0879914833, 0.25199987, -0.963594928, -0.10559082, -0.964233398, -0.242553711, -0.990453501, 0.080493046, 0.111557951, 0, 1, 5, 1, 
567.934582, 44, 0.1, 0.1, 0.00147790893, 0.363331158, -0.0199761359, 0.982977271, -1.18730881e-006, 0.183727201, 0.183727201, 2.18405433e-005, -0.982977271, -2.84560431e-006, 1, 2.16868986e-005, 0.982977306, -2.65287465e-005, 0.18372701, 0.183727011, 7.38223302e-006, -0.982977307, 2.47208402e-005, 1, 1.21306148e-005, 0, 0, 0, 0, 0, 0, 0, 0.358228003, -0.187281909, -0.19764209, -0.125806843, 0.499637172, -0.857006968, -0.991821289, -0.0769042969, 0.100830078, -0.0155450388, 0.862759377, 0.505523636, 0, -0, 0, 0, 0, 0, 0, 0.379575391, -0.123181836, -0.17370625, -0.0879914833, 0.25199987, -0.963594928, -0.10559082, -0.964233398, -0.242553711, -0.990453501, 0.080493046, 0.111557951, 0, 1, 5, 1, 
567.935277, 44, 0.1, 0.1, 0.00147790275, 0.363331157, -0.0199752391, 0.982977151, 2.12106682e-005, 0.183727843, 0.183727844, -2.41578684e-005, -0.982977151, -1.64111291e-005, 0.999999999, -2.7643623e-005, 0.982977166, 3.2561239e-005, 0.18372776, 0.18372776, -1.03831105e-005, -0.982977167, -3.00992888e-005, 0.999999999, -1.61887641e-005, 0, 0, 0, 0, 0, 0, 0, 0.358228003, -0.187281909, -0.19764209, -0.125806843, 0.499637172, -0.857006968, -0.991821289, -0.0769042969, 0.100830078, -0.0155450388, 0.862759377, 0.505523636, 0, -0, 0, 0, 0, 0, 0, 0.379575391, -0.123181836, -0.17370625, -0.0879914833, 0.25199987, -0.963594928, -0.10559082, -0.964233398, -0.242553711, -0.990453501, 0.080493046, 0.111557951, 0, 1, 5, 1, 
567.935976, 44, 0.1, 0.1, 0.00147790419, 0.363331159, -0.0199727532, 0.982977131, -6.63239808e-006, 0.18372795, 0.18372795, 2.23348465e-005, -0.982977131, 2.41596008e-006, 1, 2.31732002e-005, 0.982977127, -1.77256895e-005, 0.18372797, 0.18372797, 7.81255244e-006, -0.982977127, 1.59885629e-005, 1, 1.09362653e-005, 0, 0, 0, 0, 0, 0, 0, 0.358228003, -0.187281909, -0.19764209, -0.125806843, 0.499637172, -0.857006968, -0.991821289, -0.0769042969, 0.100830078, -0.0155450388, 0.862759377, 0.505523636, 0, -0, 0, 0, 0, 0, 0, 0.379575391, -0.123181836, -0.17370625, -0.0879914833, 0.25199987, -0.963594928, -0.10559082, -0.964233398, -0.242553711, -0.990453501, 0.080493046, 0.111557951, 0, 1, 5, 1, 
567.936674, 44, 0.1, 0.1, 0.00147789894, 0.363331158, -0.0199694916, 0.982977202, 1.25700711e-005, 0.183727568, 0.183727569, -3.13560724e-005, -0.982977202, -6.59511836e-006, 0.999999999, -3.31317729e-005, 0.982977181, 2.7597557e-005, 0.183727682, 0.183727683, -1.52481251e-005, -0.982977181, -2.43262661e-005, 1, -2.00589942e-005, 0, 0, 0, 0, 0, 0, 0, 0.358228003, -0.187281909, -0.19764209, -0.125806843, 0.499637172, -0.857006968, -0.991821289, -0.0769042969, 0.100830078, -0.0155450388, 0.862759377, 0.505523636, 0, -0, 0, 0, 0, 0, 0, 0.379575391, -0.123181836, -0.17370625, -0.0879914833, 0.25199987, -0.963594928, -0.10559082, -0.964233398, -0.242553711, -0.990453501, 0.080493046, 0.111557951, 0, 1, 5, 1, 
567.937402, 44, 0.1, 0.1, 0.00147790463, 0.36333116, -0.0199660259, 0.982977379, -2.42664448e-005, 0.183726622, 0.183726623, 3.01420675e-005, -0.982977379, 1.83154661e-005, 0.999999999, 3.40873624e-005, 0.982977336, -3.9593517e-005, 0.183726848, 0.183726849, 1.12315154e-005, -0.982977337, 3.68559989e-005, 0.999999999, 1.83147172e-005, 0, 0, 0, 0, 0, 0, 0, 0.360939111, -0.188852661, -0.195388062, -0.129097729, 0.499522596, -0.856632161, -0.991333008, -0.0850830078, 0.0997314453, -0.0230572893, 0.862035973, 0.506329416, 0, -0, 0, 0, 0, 0, 0, 0.381803516, -0.124474951, -0.172164795, -0.0912438068, 0.248752644, -0.964169854, -0.0969238281, -0.965820313, -0.239990234, -0.991040819, 0.0716825018, 0.112356723, 0, 1, 5, 1, 
567.938099, 44, 0.1, 0.1, 0.00147790028, 0.363331159, -0.0199639474, 0.982977645, 1.16807799e-005, 0.1837252, 0.1837252, -3.38420696e-005, -0.982977645, -5.26430449e-006, 0.999999999, -3.54120515e-005, 0.982977584, 2.6950536e-005, 0.183725527, 0.183725527, -1.36176517e-005, -0.982977584, -2.39898626e-005, 1, -1.83373478e-005, 0, 0, 0, 0, 0, 0, 0, 0.360939111, -0.188852661, -0.195388062, -0.129097729, 0.499522596, -0.856632161, -0.991333008, -0.0850830078, 0.0997314453, -0.0230572893, 0.862035973, 0.506329416, 0, -0, 0, 0, 0, 0, 0, 0.381803516, -0.124474951, -0.172164795, -0.0912438068, 0.248752644, -0.964169854, -0.0969238281, -0.965820313, -0.239990234, -0.991040819, 0.0716825018, 0.112356723, 0, 1, 5, 1, 
567.938792, 44, 0.1, 0.1, 0.00147790525, 0.363331161, -0.019963715, 0.982977994, -1.98132184e-005, 0.183723335, 0.183723336, 2.8460952e-005, -0.982977993, 1.42470166e-005, 0.999999999, 3.161664e-005, 0.982977917, -3.65090669e-005, 0.183723739, 0.18372374, 8.76523325e-006, -0.982977918, 3.42772251e-005, 0.999999999, 1.5323613e-005, 0, 0, 0, 0, 0, 0, 0, 0.360939111, -0.188852661, -0.195388062, -0.129097729, 0.499522596, -0.856632161, -0.991333008, -0.0850830078, 0.0997314453, -0.0230572893, 0.862035973, 0.506329416, 0, -0, 0, 0, 0, 0, 0, 0.381803516, -0.124474951, -0.172164795, -0.0912438068, 0.248752644, -0.964169854, -0.0969238281, -0.965820313, -0.239990234, -0.991040819, 0.0716825018, 0.112356723, 0, 1, 5, 1, 
567.939556, 44, 0.1, 0.1, 0.00147789817, 0.363331161, -0.0199648998, 0.982978468, 2.34961567e-005, 0.183720799, 0.183720799, -4.16164419e-005, -0.982978467, -1.54504101e-005, 0.999999999, -4.5224799e-005, 0.982978374, 3.81582321e-005, 0.183721299, 0.1837213, -2.24634082e-005, -0.982978374, -3.33817104e-005, 0.999999999, -2.90915244e-005, 0, 0, 0, 0, 0, 0, 0, 0.364297729, -0.189973511, -0.193123901, -0.132738335, 0.499490396, -0.856079498, -0.990600586, -0.0948486328, 0.0982666016, -0.0319972529, 0.861052337, 0.507477803, 0, -0, 0, 0, 0, 0, 0, 0.384469824, -0.125570215, -0.170403516, -0.0946175319, 0.245511614, -0.964719259, -0.0871582031, -0.967285156, -0.237670898, -0.991640897, 0.0616451817, 0.112912692, 0, 1, 5, 1, 
567.940256, 44, 0.1, 0.1, 0.0014779012, 0.363331165, -0.0199668509, 0.982978969, -1.41329225e-005, 0.183718119, 0.183718119, 2.12590703e-005, -0.982978968, 9.98668919e-006, 1, 2.34936929e-005, 0.982978865, -2.74641986e-005, 0.18371867, 0.18371867, 1.64977259e-006, -0.982978866, 2.66936328e-005, 1, 6.66737763e-006, 0, 0, 0, 0, 0, 0, 0, 0.364297729, -0.189973511, -0.193123901, -0.132738335, 0.499490396, -0.856079498, -0.990600586, -0.0948486328, 0.0982666016, -0.0319972529, 0.861052337, 0.507477803, 0, -0, 0, 0, 0, 0, 0, 0.384469824, -0.125570215, -0.170403516, -0.0946175319, 0.245511614, -0.964719259, -0.0871582031, -0.967285156, -0.237670898, -0.991640897, 0.0616451817, 0.112912692, 0, 1, 5, 1, 
567.940949, 44, 0.1, 0.1, 0.00147789583, 0.363331163, -0.0199694884, 0.982979512, 1.78379836e-005, 0.183715212, 0.183715213, -2.22112305e-005, -0.982979512, -1.34538315e-005, 1, -2.51102935e-005, 0.982979402, 3.10476682e-005, 0.183715798, 0.183715799, -7.00206857e-006, -0.982979402, -2.92328277e-005, 0.999999999, -1.25868363e-005, 0, 0, 0, 0, 0, 0, 0, 0.364297729, -0.189973511, -0.193123901, -0.132738335, 0.499490396, -0.856079498, -0.990600586, -0.0948486328, 0.0982666016, -0.0319972529, 0.861052337, 0.507477803, 0, -0, 0, 0, 0, 0, 0, 0.384469824, -0.125570215, -0.170403516, -0.0946175319, 0.245511614, -0.964719259, -0.0871582031, -0.967285156, -0.237670898, -0.991640897, 0.0616451817, 0.112912692, 0, 1, 5, 1, 
567.941653, 44, 0.1, 0.1, 0.0014778993, 0.363331164, -0.0199719796, 0.982980096, -1.71923768e-005, 0.183712088, 0.183712089, 3.03838526e-005, -0.982980095, 1.13178832e-005, 0.999999999, 3.30251698e-005, 0.982979977, -2.8608826e-005, 0.183712719, 0.183712719, 1.40273564e-005, -0.982979978, 2.55448994e-005, 0.999999999, 1.90444157e-005, 0, 0, 0, 0, 0, 0, 0, 0.364297729, -0.189973511, -0.193123901, -0.132738335, 0.499490396, -0.856079498, -0.990600586, -0.0948486328, 0.0982666016, -0.0319972529, 0.861052337, 0.507477803, 0, -0, 0, 0, 0, 0, 0, 0.384469824, -0.125570215, -0.170403516, -0.0946175319, 0.245511614, -0.964719259, -0.0871582031, -0.967285156, -0.237670898, -0.991640897, 0.0616451817, 0.112912692, 0, 1, 5, 1, 
567.942359, 44, 0.1, 0.1, 0.00147789537, 0.36333116, -0.0199735151, 0.982980704, 1.22527242e-005, 0.183708835, 0.183708836, -1.36168521e-005, -0.982980704, -9.54265546e-006, 1, -1.56360366e-005, 0.982980583, 2.31203403e-005, 0.18370948, 0.18370948, 8.87654246e-007, -0.982980583, -2.28899161e-005, 1, -3.37487881e-006, 0, 0, 0, 0, 0, 0, 0, 0.364297729, -0.189973511, -0.193123901, -0.132738335, 0.499490396, -0.856079498, -0.990600586, -0.0948486328, 0.0982666016, -0.0319972529, 0.861052337, 0.507477803, 0, -0, 0, 0, 0, 0, 0, 0.384469824, -0.125570215, -0.170403516, -0.0946175319, 0.245511614, -0.964719259, -0.0871582031, -0.967285156, -0.237670898, -0.991640897, 0.0616451817, 0.112912692, 0, 1, 5, 1, 
567.943057, 44, 0.1, 0.1, 0.00147789827, 0.36333116, -0.0199737435, 0.982981318, -1.19465322e-005, 0.183705548, 0.183705548, 2.88525841e-005, -0.982981318, 6.44283814e-006, 1, 3.05561954e-005, 0.982981194, -2.38710935e-005, 0.183706211, 0.183706211, 1.50501955e-005, -0.982981194, 2.07000216e-005, 1, 1.91793273e-005, 0, 0, 0, 0, 0, 0, 0, 0.364297729, -0.189973511, -0.193123901, -0.132738335, 0.499490396, -0.856079498, -0.990600586, -0.0948486328, 0.0982666016, -0.0319972529, 0.861052337, 0.507477803, 0, -0, 0, 0, 0, 0, 0, 0.384469824, -0.125570215, -0.170403516, -0.0946175319, 0.245511614, -0.964719259, -0.0871582031, -0.967285156, -0.237670898, -0.991640897, 0.0616451817, 0.112912692, 0, 1, 5, 1, 
567.943759, 44, 0.1, 0.1, 0.00147789359, 0.363331158, -0.0199727015, 0.982981947, 1.43182131e-005, 0.183702183, 0.183702183, -2.18666756e-005, -0.982981947, -1.0057589e-005, 1, -2.41248343e-005, 0.982981819, 2.65704892e-005, 0.183702865, 0.183702865, -6.29363823e-006, -0.982981819, -2.49621484e-005, 1, -1.10676069e-005, 0, 0, 0, 0, 0, 0, 0, 0.364297729, -0.189973511, -0.193123901, -0.132738335, 0.499490396, -0.856079498, -0.990600586, -0.0948486328, 0.0982666016, -0.0319972529, 0.861052337, 0.507477803, 0, -0, 0, 0, 0, 0, 0, 0.384469824, -0.125570215, -0.170403516, -0.0946175319, 0.245511614, -0.964719259, -0.0871582031, -0.967285156, -0.237670898, -0.991640897, 0.0616451817, 0.112912692, 0, 1, 5, 1, 
567.944488, 44, 0.1, 0.1, 0.00147789719, 0.36333116, -0.0199703843, 0.98298262, -1.36052384e-005, 0.183698583, 0.183698583, 2.76091376e-005, -0.982982619, 8.30195339e-006, 1, 2.96385654e-005, 0.982982491, -2.71876116e-005, 0.183699271, 0.183699272, 1.23565707e-005, -0.982982491, 2.44550531e-005, 1, 1.71406371e-005, 0, 0, 0, 0, 0, 0, 0, 0.366788647, -0.192708691, -0.190672266, -0.136154659, 0.498386193, -0.856136786, -0.989868164, -0.100219727, 0.0991210938, -0.0363998378, 0.861103634, 0.5071161, 0, -0, 0, 0, 0, 0, 0, 0.386703076, -0.128003467, -0.168636865, -0.0979081349, 0.241159379, -0.965492145, -0.0808105469, -0.96887207, -0.233764648, -0.991864011, 0.0551733507, 0.114427113, 0, 1, 5, 1, 
567.945187, 44, 0.1, 0.1, 0.00147789201, 0.363331158, -0.0199680008, 0.982983284, 1.56413581e-005, 0.183695028, 0.183695029, -3.21341698e-005, -0.982983283, -9.47230633e-006, 0.999999999, -3.44605915e-005, 0.982983149, 2.99312338e-005, 0.183695747, 0.183695747, -1.42922832e-005, -0.98298315, -2.67964668e-005, 0.999999999, -1.95473139e-005, 0, 0, 0, 0, 0, 0, 0, 0.366788647, -0.192708691, -0.190672266, -0.136154659, 0.498386193, -0.856136786, -0.989868164, -0.100219727, 0.0991210938, -0.0363998378, 0.861103634, 0.5071161, 0, -0, 0, 0, 0, 0, 0, 0.386703076, -0.128003467, -0.168636865, -0.0979081349, 0.241159379, -0.965492145, -0.0808105469, -0.96887207, -0.233764648, -0.991864011, 0.0551733507, 0.114427113, 0, 1, 5, 1, 
567.945886, 44, 0.1, 0.1, 0.00147789595, 0.363331161, -0.0199662071, 0.982983975, -1.54814621e-005, 0.183691332, 0.183691333, 2.57684138e-005, -0.982983974, 1.04845949e-005, 1, 2.81737482e-005, 0.982983835, -3.06356226e-005, 0.183692075, 0.183692075, 7.61344492e-006, -0.982983836, 2.87157923e-005, 1, 1.31114144e-005, 0, 0, 0, 0, 0, 0, 0, 0.366788647, -0.192708691, -0.190672266, -0.136154659, 0.498386193, -0.856136786, -0.989868164, -0.100219727, 0.0991210938, -0.0363998378, 0.861103634, 0.5071161, 0, -0, 0, 0, 0, 0, 0, 0.386703076, -0.128003467, -0.168636865, -0.0979081349, 0.241159379, -0.965492145, -0.0808105469, -0.96887207, -0.233764648, -0.991864011, 0.0551733507, 0.114427113, 0, 1, 5, 1, 
567.946605, 44, 0.1, 0.1, 0.00147788959, 0.36333116, -0.0199652941, 0.982984715, 2.08717127e-005, 0.183687367, 0.183687368, -3.53168126e-005, -0.982984715, -1.40293222e-005, 0.999999999, -3.8549757e-005, 0.982984568, 3.64593236e-005, 0.183688152, 0.183688153, -1.62408925e-005, -0.982984569, -3.2855693e-005, 0.999999999, -2.26616925e-005, 0, 0, 0, 0, 0, 0, 0, 0.366788647, -0.192708691, -0.190672266, -0.136154659, 0.498386193, -0.856136786, -0.989868164, -0.100219727, 0.0991210938, -0.0363998378, 0.861103634, 0.5071161, 0, -0, 0, 0, 0, 0, 0, 0.386703076, -0.128003467, -0.168636865, -0.0979081349, 0.241159379, -0.965492145, -0.0808105469, -0.96887207, -0.233764648, -0.991864011, 0.0551733507, 0.114427113, 0, 1, 5, 1, 
567.947304, 44, 0.1, 0.1, 0.00147789352, 0.363331163, -0.0199656791, 0.982985465, -1.85180546e-005, 0.183683357, 0.183683357, 2.77783811e-005, -0.982985464, 1.31005522e-005, 0.999999999, 3.07072033e-005, 0.982985315, -3.22100814e-005, 0.183684159, 0.183684159, 8.17503158e-006, -0.982985315, 3.01604132e-005, 0.999999999, 1.39524177e-005, 0, 0, 0, 0, 0, 0, 0, 0.366788647, -0.192708691, -0.190672266, -0.136154659, 0.498386193, -0.856136786, -0.989868164, -0.100219727, 0.0991210938, -0.0363998378, 0.861103634, 0.5071161, 0, -0, 0, 0, 0, 0, 0, 0.386703076, -0.128003467, -0.168636865, -0.0979081349, 0.241159379, -0.965492145, -0.0808105469, -0.96887207, -0.233764648, -0.991864011, 0.0551733507, 0.114427113, 0, 1, 5, 1, 
567.948011, 44, 0.1, 0.1, 0.00147788873, 0.36333116, -0.0199671194, 0.982986244, 1.3343366e-005, 0.183679186, 0.183679187, -2.47868321e-005, -0.982986244, -8.56352011e-006, 1, -2.68160136e-005, 0.982986088, 2.83304188e-005, 0.183680023, 0.183680023, -7.18835747e-006, -0.982986088, -2.65280499e-005, 1, -1.22697874e-005, 0, 0, 0, 0, 0, 0, 0, 0.366788647, -0.192708691, -0.190672266, -0.136154659, 0.498386193, -0.856136786, -0.989868164, -0.100219727, 0.0991210938, -0.0363998378, 0.861103634, 0.5071161, 0, -0, 0, 0, 0, 0, 0, 0.386703076, -0.128003467, -0.168636865, -0.0979081349, 0.241159379, -0.965492145, -0.0808105469, -0.96887207, -0.233764648, -0.991864011, 0.0551733507, 0.114427113, 0, 1, 5, 1, 
567.948724, 44, 0.1, 0.1, 0.0014778937, 0.363331161, -0.0199691201, 0.982987044, -2.23542096e-005, 0.183674903, 0.183674904, 3.18752808e-005, -0.982987044, 1.61192093e-005, 0.999999999, 3.54388954e-005, 0.982986872, -3.64160708e-005, 0.183675823, 0.183675823, 1.28470609e-005, -0.982986873, 3.34368251e-005, 0.999999999, 1.9317244e-005, 0, 0, 0, 0, 0, 0, 0, 0.366788647, -0.192708691, -0.190672266, -0.142018279, 0.501716775, -0.853279117, -0.989135742, -0.103271484, 0.103881836, -0.0359654993, 0.858722243, 0.511112799, 0, -0, 0, 0, 0, 0, 0, 0.386703076, -0.128003467, -0.168636865, -0.0979081349, 0.241159379, -0.965492145, -0.0808105469, -0.96887207, -0.233764648, -0.991864011, 0.0551733507, 0.114427113, 0, 1, 5, 1, 
567.949442, 44, 0.1, 0.1, 0.00147788977, 0.363331158, -0.0199708203, 0.982987861, 1.25394901e-005, 0.183670533, 0.183670533, -1.95959683e-005, -0.982987861, -8.72696462e-006, 1, -2.15657338e-005, 0.982987702, 2.43833883e-005, 0.183671386, 0.183671386, -3.05597709e-006, -0.982987702, -2.34072753e-005, 1, -7.48251862e-006, 0, 0, 0, 0, 0, 0, 0, 0.367829761, -0.195001392, -0.189844336, -0.142018279, 0.501716775, -0.853279117, -0.989135742, -0.103271484, 0.103881836, -0.0359654993, 0.858722243, 0.511112799, 0, -0, 0, 0, 0, 0, 0, 0.387935693, -0.13025874, -0.167436182, -0.102962159, 0.239145858, -0.965389333, -0.0762939453, -0.969604492, -0.232055664, -0.991658754, 0.0498065273, 0.1181202, 0, 1, 5, 1, 
567.950145, 44, 0.1, 0.1, 0.00147789323, 0.36333116, -0.0199718836, 0.982988657, -1.39982581e-005, 0.183666272, 0.183666272, 2.5653399e-005, -0.982988657, 9.04846476e-006, 1, 2.77880081e-005, 0.982988501, -2.66865638e-005, 0.183667107, 0.183667107, 1.0974098e-005, -0.982988501, 2.42170045e-005, 1, 1.56888561e-005, 0, 0, 0, 0, 0, 0, 0, 0.367829761, -0.195001392, -0.189844336, -0.142018279, 0.501716775, -0.853279117, -0.989135742, -0.103271484, 0.103881836, -0.0359654993, 0.858722243, 0.511112799, 0, -0, 0, 0, 0, 0, 0, 0.387935693, -0.13025874, -0.167436182, -0.102962159, 0.239145858, -0.965389333, -0.0762939453, -0.969604492, -0.232055664, -0.991658754, 0.0498065273, 0.1181202, 0, 1, 5, 1, 
567.950841, 44, 0.1, 0.1, 0.00147788845, 0.363331158, -0.0199721843, 0.982989442, 1.66561613e-005, 0.183662073, 0.183662074, -2.4424963e-005, -0.982989441, -1.18868914e-005, 1, -2.70685858e-005, 0.982989287, 2.83250446e-005, 0.183662902, 0.183662903, -8.93038222e-006, -0.982989287, -2.62030355e-005, 1, -1.398073e-005, 0, 0, 0, 0, 0, 0, 0, 0.367829761, -0.195001392, -0.189844336, -0.142018279, 0.501716775, -0.853279117, -0.989135742, -0.103271484, 0.103881836, -0.0359654993, 0.858722243, 0.511112799, 0, -0, 0, 0, 0, 0, 0, 0.387935693, -0.13025874, -0.167436182, -0.102962159, 0.239145858, -0.965389333, -0.0762939453, -0.969604492, -0.232055664, -0.991658754, 0.0498065273, 0.1181202, 0, 1, 5, 1, 
567.951556, 44, 0.1, 0.1, 0.0014778912, 0.36333116, -0.01997162, 0.982990246, -1.05977598e-005, 0.18365777, 0.18365777, 2.52928633e-005, -0.982990246, 5.77226364e-006, 1, 2.68089989e-005, 0.982990075, -2.37715384e-005, 0.183658684, 0.183658684, 8.49263708e-006, -0.982990075, 2.18074398e-005, 1, 1.27140274e-005, 0, 0, 0, 0, 0, 0, 0, 0.367829761, -0.195001392, -0.189844336, -0.142018279, 0.501716775, -0.853279117, -0.989135742, -0.103271484, 0.103881836, -0.0359654993, 0.858722243, 0.511112799, 0, -0, 0, 0, 0, 0, 0, 0.387935693, -0.13025874, -0.167436182, -0.107639219, 0.236768133, -0.965491045, -0.0715332031, -0.970458984, -0.229980469, -0.991536619, 0.0444014244, 0.121423563, 0, 1, 5, 1, 
567.952259, 44, 0.1, 0.1, 0.00147788622, 0.363331158, -0.0199703132, 0.982991034, 1.43954587e-005, 0.18365355, 0.18365355, -2.7092662e-005, -0.982991034, -9.17494335e-006, 1, -2.92756209e-005, 0.98299088, 2.80754609e-005, 0.183654374, 0.183654374, -1.12099406e-005, -0.98299088, -2.55391674e-005, 1, -1.61754506e-005, 0, 0, 0, 0, 0, 0, 0, 0.367829761, -0.195001392, -0.189844336, -0.142018279, 0.501716775, -0.853279117, -0.989135742, -0.103271484, 0.103881836, -0.0359654993, 0.858722243, 0.511112799, 0, -0, 0, 0, 0, 0, 0, 0.38986123, -0.132538916, -0.166033984, -0.107639219, 0.236768133, -0.965491045, -0.0715332031, -0.970458984, -0.229980469, -0.991536619, 0.0444014244, 0.121423563, 0, 1, 5, 1, 
567.95296, 44, 0.1, 0.1, 0.00147789027, 0.36333116, -0.0199688286, 0.982991823, -1.72710548e-005, 0.183649326, 0.183649327, 2.75637008e-005, -0.982991823, 1.19152505e-005, 0.999999999, 3.02667101e-005, 0.982991666, -3.08494994e-005, 0.183650167, 0.183650168, 1.05690398e-005, -0.982991666, 2.83837949e-005, 0.999999999, 1.60547938e-005, 0, 0, 0, 0, 0, 0, 0, 0.367829761, -0.195001392, -0.189844336, -0.142018279, 0.501716775, -0.853279117, -0.989135742, -0.103271484, 0.103881836, -0.0359654993, 0.858722243, 0.511112799, 0, -0, 0, 0, 0, 0, 0, 0.38986123, -0.132538916, -0.166033984, -0.107639219, 0.236768133, -0.965491045, -0.0715332031, -0.970458984, -0.229980469, -0.991536619, 0.0444014244, 0.121423563, 0, 1, 5, 1, 
567.95366, 44, 0.1, 0.1, 0.00147788571, 0.363331158, -0.0199676379, 0.982992619, 1.2881012e-005, 0.183645066, 0.183645066, -2.8655166e-005, -0.982992619, -7.39955984e-006, 1, -3.05333509e-005, 0.982992461, 2.7350056e-005, 0.183645913, 0.183645914, -1.10784709e-005, -0.982992461, -2.4850383e-005, 1, -1.59127794e-005, 0, 0, 0, 0, 0, 0, 0, 0.367829761, -0.195001392, -0.189844336, -0.142018279, 0.501716775, -0.853279117, -0.989135742, -0.103271484, 0.103881836, -0.0359654993, 0.858722243, 0.511112799, 0, -0, 0, 0, 0, 0, 0, 0.38986123, -0.132538916, -0.166033984, -0.107639219, 0.236768133, -0.965491045, -0.0715332031, -0.970458984, -0.229980469, -0.991536619, 0.0444014244, 0.121423563, 0, 1, 5, 1, 
567.954374, 44, 0.1, 0.1, 0.00147789091, 0.36333116, -0.0199668975, 0.982993444, -2.15802746e-005, 0.183640652, 0.183640653, 2.89704927e-005, -0.982993443, 1.58931082e-005, 0.999999999, 3.24408201e-005, 0.982993283, -3.63799024e-005, 0.18364151, 0.18364151, 1.09185682e-005, -0.982993284, 3.37560974e-005, 0.999999999, 1.74137394e-005, 0, 0, 0, 0, 0, 0, 0, 0.370248657, -0.19713396, -0.188613867, -0.146931586, 0.503778404, -0.851215244, -0.98828125, -0.108642578, 0.106323242, -0.0388950659, 0.856912609, 0.513999304, 0, -0, 0, 0, 0, 0, 0, 0.38986123, -0.132538916, -0.166033984, -0.107639219, 0.236768133, -0.965491045, -0.0715332031, -0.970458984, -0.229980469, -0.991536619, 0.0444014244, 0.121423563, 0, 1, 5, 1, 
567.955072, 44, 0.1, 0.1, 0.0014778863, 0.363331159, -0.0199670215, 0.982994262, 1.60548917e-005, 0.183636271, 0.183636271, -2.98860563e-005, -0.982994262, -1.02937025e-005, 0.999999999, -3.23260823e-005, 0.982994096, 2.93762647e-005, 0.183637159, 0.18363716, -1.1093176e-005, -0.982994096, -2.68395755e-005, 1, -1.62991003e-005, 0, 0, 0, 0, 0, 0, 0, 0.370248657, -0.19713396, -0.188613867, -0.146931586, 0.503778404, -0.851215244, -0.98828125, -0.108642578, 0.106323242, -0.0388950659, 0.856912609, 0.513999304, 0, -0, 0, 0, 0, 0, 0, 0.38986123, -0.132538916, -0.166033984, -0.107639219, 0.236768133, -0.965491045, -0.0715332031, -0.970458984, -0.229980469, -0.991536619, 0.0444014244, 0.121423563, 0, 1, 5, 1, 
567.95577, 44, 0.1, 0.1, 0.00147788978, 0.363331161, -0.0199678755, 0.982995088, -1.26036649e-005, 0.183631851, 0.183631851, 2.35398386e-005, -0.982995088, 8.0666766e-006, 1, 2.545398e-005, 0.982994922, -2.74308615e-005, 0.183632737, 0.183632738, 6.05297186e-006, -0.982994922, 2.58528738e-005, 1, 1.09872448e-005, 0, 0, 0, 0, 0, 0, 0, 0.370248657, -0.19713396, -0.188613867, -0.146931586, 0.503778404, -0.851215244, -0.98828125, -0.108642578, 0.106323242, -0.0388950659, 0.856912609, 0.513999304, 0, -0, 0, 0, 0, 0, 0, 0.38986123, -0.132538916, -0.166033984, -0.107639219, 0.236768133, -0.965491045, -0.0715332031, -0.970458984, -0.229980469, -0.991536619, 0.0444014244, 0.121423563, 0, 1, 5, 1, 
567.956496, 44, 0.1, 0.1, 0.00147788323, 0.36333116, -0.0199690116, 0.982995954, 2.42036714e-005, 0.183627215, 0.183627216, -3.31647363e-005, -0.982995953, -1.77021628e-005, 0.999999999, -3.70452544e-005, 0.982995788, 3.71985872e-005, 0.183628099, 0.1836281, -1.63906139e-005, -0.982995789, -3.35562773e-005, 0.999999999, -2.29426103e-005, 0, 0, 0, 0, 0, 0, 0, 0.372793164, -0.198357935, -0.186499951, -0.149281899, 0.506163544, -0.849354314, -0.987792969, -0.114257813, 0.10559082, -0.0435900822, 0.854804553, 0.517165136, 0, -0, 0, 0, 0, 0, 0, 0.39148457, -0.134529199, -0.164006006, -0.110092771, 0.235176419, -0.965631403, -0.0671386719, -0.971069336, -0.228759766, -0.991549012, 0.0396926483, 0.122758981, 0, 1, 5, 1, 
567.957194, 44, 0.1, 0.1, 0.00147788533, 0.363331163, -0.0199700496, 0.982996788, -9.28727584e-006, 0.183622753, 0.183622754, 2.19445617e-005, -0.982996787, 5.09984148e-006, 1, 2.32767888e-005, 0.982996622, -2.12529877e-005, 0.183623641, 0.183623641, 4.65117283e-006, -0.982996622, 2.00375498e-005, 1, 8.47463816e-006, 0, 0, 0, 0, 0, 0, 0, 0.372793164, -0.198357935, -0.186499951, -0.149281899, 0.506163544, -0.849354314, -0.987792969, -0.114257813, 0.10559082, -0.0435900822, 0.854804553, 0.517165136, 0, -0, 0, 0, 0, 0, 0, 0.39148457, -0.134529199, -0.164006006, -0.110092771, 0.235176419, -0.965631403, -0.0671386719, -0.971069336, -0.228759766, -0.991549012, 0.0396926483, 0.122758981, 0, 1, 5, 1, 
567.957888, 44, 0.1, 0.1, 0.00147788015, 0.363331162, -0.0199708884, 0.982997612, 1.65780679e-005, 0.18361834, 0.183618341, -2.25795533e-005, -0.982997612, -1.21501811e-005, 1, -2.52396843e-005, 0.98299745, 2.993309e-005, 0.183619205, 0.183619206, -7.75411563e-006, -0.98299745, -2.80003466e-005, 1, -1.31185661e-005, 0, 0, 0, 0, 0, 0, 0, 0.372793164, -0.198357935, -0.186499951, -0.149281899, 0.506163544, -0.849354314, -0.987792969, -0.114257813, 0.10559082, -0.0435900822, 0.854804553, 0.517165136, 0, -0, 0, 0, 0, 0, 0, 0.39148457, -0.134529199, -0.164006006, -0.110092771, 0.235176419, -0.965631403, -0.0671386719, -0.971069336, -0.228759766, -0.991549012, 0.0396926483, 0.122758981, 0, 1, 5, 1, 
567.958592, 44, 0.1, 0.1, 0.00147788388, 0.363331162, -0.0199712801, 0.982998442, -1.72438386e-005, 0.183613898, 0.183613898, 3.00461972e-005, -0.982998441, 1.14337671e-005, 0.999999999, 3.27015735e-005, 0.982998276, -2.9156183e-005, 0.183614783, 0.183614783, 1.37087983e-005, -0.982998276, 2.61433396e-005, 0.999999999, 1.88292313e-005, 0, 0, 0, 0, 0, 0, 0, 0.372793164, -0.198357935, -0.186499951, -0.149281899, 0.506163544, -0.849354314, -0.987792969, -0.114257813, 0.10559082, -0.0435900822, 0.854804553, 0.517165136, 0, -0, 0, 0, 0, 0, 0, 0.39148457, -0.134529199, -0.164006006, -0.110092771, 0.235176419, -0.965631403, -0.0671386719, -0.971069336, -0.228759766, -0.991549012, 0.0396926483, 0.122758981, 0, 1, 5, 1, 
567.959293, 44, 0.1, 0.1, 0.00147788008, 0.36333116, -0.0199710814, 0.982999265, 1.11853058e-005, 0.183609491, 0.183609491, -2.00613329e-005, -0.982999265, -7.31169623e-006, 1, -2.17740038e-005, 0.982999104, 2.35061134e-005, 0.183610354, 0.183610354, -4.14716997e-006, -0.982999104, -2.2345025e-005, 1, -8.39263015e-006, 0, 0, 0, 0, 0, 0, 0, 0.372793164, -0.198357935, -0.186499951, -0.149281899, 0.506163544, -0.849354314, -0.987792969, -0.114257813, 0.10559082, -0.0435900822, 0.854804553, 0.517165136, 0, -0, 0, 0, 0, 0, 0, 0.39148457, -0.134529199, -0.164006006, -0.110092771, 0.235176419, -0.965631403, -0.0671386719, -0.971069336, -0.228759766, -0.991549012, 0.0396926483, 0.122758981, 0, 1, 5, 1, 
567.959994, 44, 0.1, 0.1, 0.00147788413, 0.363331161, -0.0199704247, 0.983000081, -1.61091344e-005, 0.183605122, 0.183605122, 2.84865292e-005, -0.983000081, 1.06050078e-005, 0.999999999, 3.09599801e-005, 0.982999919, -2.95377241e-005, 0.183605984, 0.183605985, 1.29538018e-005, -0.98299992, 2.66571849e-005, 0.999999999, 1.8156889e-005, 0, 0, 0, 0, 0, 0, 0, 0.372793164, -0.198357935, -0.186499951, -0.149281899, 0.506163544, -0.849354314, -0.987792969, -0.114257813, 0.10559082, -0.0435900822, 0.854804553, 0.517165136, 0, -0, 0, 0, 0, 0, 0, 0.39148457, -0.134529199, -0.164006006, -0.110092771, 0.235176419, -0.965631403, -0.0671386719, -0.971069336, -0.228759766, -0.991549012, 0.0396926483, 0.122758981, 0, 1, 5, 1, 
567.960692, 44, 0.1, 0.1, 0.00147787952, 0.363331159, -0.0199695526, 0.983000895, 1.49344913e-005, 0.183600762, 0.183600762, -2.72167407e-005, -0.983000895, -9.683604e-006, 1, -2.94960645e-005, 0.983000733, 2.80973374e-005, 0.183601628, 0.183601628, -1.01919976e-005, -0.983000734, -2.5748436e-005, 1, -1.5177458e-005, 0, 0, 0, 0, 0, 0, 0, 0.372793164, -0.198357935, -0.186499951, -0.149281899, 0.506163544, -0.849354314, -0.987792969, -0.114257813, 0.10559082, -0.0435900822, 0.854804553, 0.517165136, 0, -0, 0, 0, 0, 0, 0, 0.39148457, -0.134529199, -0.164006006, -0.110092771, 0.235176419, -0.965631403, -0.0671386719, -0.971069336, -0.228759766, -0.991549012, 0.0396926483, 0.122758981, 0, 1, 5, 1, 
567.961424, 44, 0.1, 0.1, 0.00147788369, 0.363331161, -0.0199684032, 0.98300175, -1.54173998e-005, 0.183596187, 0.183596187, 2.7861128e-005, -0.983001749, 1.00401342e-005, 0.999999999, 3.02181134e-005, 0.983001587, -2.9803386e-005, 0.183597055, 0.183597055, 1.12320013e-005, -0.983001588, 2.72346134e-005, 0.999999999, 1.6512889e-005, 0, 0, 0, 0, 0, 0, 0, 0.374861377, -0.199054614, -0.186512256, -0.156682939, 0.510204426, -0.845544088, -0.986450195, -0.121337891, 0.109619141, -0.0466199984, 0.851445518, 0.522494069, 0, -0, 0, 0, 0, 0, 0, 0.392353076, -0.136408398, -0.16403418, -0.117395823, 0.235322607, -0.964703933, -0.0638427734, -0.971191406, -0.229125977, -0.990966424, 0.0347983049, 0.12911634, 0, 1, 5, 1, 
567.962203, 44, 0.1, 0.1, 0.00147787845, 0.36333116, -0.0199672529, 0.983002656, 1.08862035e-005, 0.183591332, 0.183591333, -3.92492159e-005, -0.983002656, -3.49535109e-006, 0.999999999, -4.05806961e-005, 0.983002407, 3.18570466e-005, 0.183592666, 0.183592666, -1.27072765e-005, -0.983002407, -2.89825907e-005, 0.999999999, -1.83400035e-005, 0, 0, 0, 0, 0, 0, 0, 0.374861377, -0.199054614, -0.186512256, -0.156682939, 0.510204426, -0.845544088, -0.986450195, -0.121337891, 0.109619141, -0.0466199984, 0.851445518, 0.522494069, 0, -0, 0, 0, 0, 0, 0, 0.392353076, -0.136408398, -0.16403418, -0.117395823, 0.235322607, -0.964703933, -0.0638427734, -0.971191406, -0.229125977, -0.990966424, 0.0347983049, 0.12911634, 0, 1, 5, 1, 
567.963312, 44, 0.1, 0.1, 0.00147789072, 0.363331161, -0.0199609833, 0.983004034, -1.7414742e-005, 0.183583957, 0.183583958, 6.58621403e-005, -0.983004032, 5.02752924e-006, 0.999999998, 6.79398169e-005, 0.983003745, -5.08773818e-005, 0.183585496, 0.183585498, 3.47157791e-005, -0.983003746, 4.36393434e-005, 0.999999998, 4.34660904e-005, 0, 0, 0, 0, 0, 0, 0, 0.374861377, -0.199054614, -0.186512256, -0.156682939, 0.510204426, -0.845544088, -0.986450195, -0.121337891, 0.109619141, -0.0466199984, 0.851445518, 0.522494069, 0, -0, 0, 0, 0, 0, 0, 0.392353076, -0.136408398, -0.16403418, -0.117395823, 0.235322607, -0.964703933, -0.0638427734, -0.971191406, -0.229125977, -0.990966424, 0.0347983049, 0.12911634, 0, 1, 5, 1, 
567.964431, 44, 0.1, 0.1, 0.00147787064, 0.36333116, -0.0199509919, 0.983005573, 3.43235588e-005, 0.183575714, 0.183575716, -9.0113159e-005, -0.983005569, -1.7197662e-005, 0.999999995, -9.48827094e-005, 0.983005238, 7.45688485e-005, 0.183577497, 0.183577501, -4.62736582e-005, -0.983005239, -6.48067664e-005, 0.999999996, -5.91764112e-005, 0, 0, 0, 0, 0, 0, 0, 0.374861377, -0.199054614, -0.186512256, -0.156682939, 0.510204426, -0.845544088, -0.986450195, -0.121337891, 0.109619141, -0.0466199984, 0.851445518, 0.522494069, 0, -0, 0, 0, 0, 0, 0, 0.392353076, -0.136408398, -0.16403418, -0.117395823, 0.235322607, -0.964703933, -0.0638427734, -0.971191406, -0.229125977, -0.990966424, 0.0347983049, 0.12911634, 0, 1, 5, 1, 
567.965557, 44, 0.1, 0.1, 0.00147788937, 0.363331167, -0.0199418756, 0.98300734, -3.18403278e-005, 0.183566251, 0.183566253, 8.73068234e-005, -0.983007336, 1.52726895e-005, 0.999999996, 9.16680579e-005, 0.983006967, -7.83427616e-005, 0.183568236, 0.18356824, 3.64448443e-005, -0.983006968, 7.03213647e-005, 0.999999996, 5.02067787e-005, 0, 0, 0, 0, 0, 0, 0, 0.374861377, -0.199054614, -0.186512256, -0.156682939, 0.510204426, -0.845544088, -0.986450195, -0.121337891, 0.109619141, -0.0466199984, 0.851445518, 0.522494069, 0, -0, 0, 0, 0, 0, 0, 0.392353076, -0.136408398, -0.16403418, -0.117395823, 0.235322607, -0.964703933, -0.0638427734, -0.971191406, -0.229125977, -0.990966424, 0.0347983049, 0.12911634, 0, 1, 5, 1, 
567.966695, 44, 0.1, 0.1, 0.00147785949, 0.36333116, -0.019937432, 0.983009382, 6.44319249e-005, 0.183555308, 0.183555314, -9.50873462e-005, -0.983009378, -4.58833993e-005, 0.999999993, -0.000105298576, 0.983008976, 0.000111502746, 0.183557458, 0.183557464, -4.23597354e-005, -0.98300898, -0.000101832755, 0.999999993, -6.21071614e-005, 0, 0, 0, 0, 0, 0, 0, 0.376748462, -0.200048511, -0.186138257, -0.16321492, 0.512754316, -0.842826082, -0.985229492, -0.128295898, 0.112670898, -0.0504055198, 0.848817, 0.526389296, 0, -0, 0, 0, 0, 0, 0, 0.39377915, -0.137733105, -0.163473193, -0.122960974, 0.234312015, -0.964275196, -0.0582275391, -0.971679688, -0.228637695, -0.990569404, 0.028063981, 0.133211912, 0, 1, 5, 1, 
567.967806, 44, 0.1, 0.1, 0.00147787963, 0.363331171, -0.0199400322, 0.983011639, -5.15905021e-005, 0.183543225, 0.183543229, 8.09997771e-005, -0.983011636, 3.58471036e-005, 0.999999995, 8.90928109e-005, 0.983011177, -9.1910255e-005, 0.18354568, 0.183545684, 2.77432851e-005, -0.983011181, 8.52566482e-005, 0.999999995, 4.41416899e-005, 0, 0, 0, 0, 0, 0, 0, 0.376748462, -0.200048511, -0.186138257, -0.16321492, 0.512754316, -0.842826082, -0.985229492, -0.128295898, 0.112670898, -0.0504055198, 0.848817, 0.526389296, 0, -0, 0, 0, 0, 0, 0, 0.39377915, -0.137733105, -0.163473193, -0.122960974, 0.234312015, -0.964275196, -0.0582275391, -0.971679688, -0.228637695, -0.990569404, 0.028063981, 0.133211912, 0, 1, 5, 1, 
567.968969, 44, 0.1, 0.1, 0.00147785804, 0.363331161, -0.0199472622, 0.983014201, 4.62818028e-005, 0.183529503, 0.183529506, -7.20270623e-005, -0.983014199, -3.22765784e-005, 0.999999996, -7.92977016e-005, 0.983013697, 8.47403718e-005, 0.183532186, 0.183532189, -2.54983534e-005, -0.9830137, -7.86211779e-005, 0.999999996, -4.06178166e-005, 0, 0, 0, 0, 0, 0, 0, 0.379042847, -0.200135156, -0.185740576, -0.170439226, 0.515608621, -0.839669989, -0.983764648, -0.136962891, 0.115600586, -0.0554408988, 0.845769492, 0.530709506, 0, -0, 0, 0, 0, 0, 0, 0.395378662, -0.137982617, -0.162897314, -0.129254534, 0.233607659, -0.963590896, -0.0496826172, -0.972045898, -0.229003906, -0.990248942, 0.0184160188, 0.137211601, 0, 1, 5, 1, 
567.970081, 44, 0.1, 0.1, 0.00147787518, 0.36333117, -0.0199550325, 0.983016742, -4.65281613e-005, 0.18351589, 0.183515893, 5.73144467e-005, -0.983016741, 3.52198498e-005, 0.999999997, 6.48797177e-005, 0.983016225, -7.70514795e-005, 0.183518649, 0.183518651, 1.6031323e-005, -0.983016228, 7.2800808e-005, 0.999999997, 2.98994342e-005, 0, 0, 0, 0, 0, 0, 0, 0.379042847, -0.200135156, -0.185740576, -0.170439226, 0.515608621, -0.839669989, -0.983764648, -0.136962891, 0.115600586, -0.0554408988, 0.845769492, 0.530709506, 0, -0, 0, 0, 0, 0, 0, 0.395378662, -0.137982617, -0.162897314, -0.129254534, 0.233607659, -0.963590896, -0.0496826172, -0.972045898, -0.229003906, -0.990248942, 0.0184160188, 0.137211601, 0, 1, 5, 1, 
