time, trialNum, realDorsalTactorPos, realVentralTactorPos, boxPosX, boxPosY, boxPosZ, boxLocalRot_11, boxLocalRot_12, boxLocalRot_13, boxLocalRot_21, boxLocalRot_22, boxLocalRot_23, boxLocalRot_31, boxLocalRot_32, boxLocalRot_33, boxGlobalRot_11, boxGlobalRot_12, boxGlobalRot_13, boxGlobalRot_21, boxGlobalRot_22, boxGlobalRot_23, boxGlobalRot_31, boxGlobalRot_32, boxGlobalRot_33, indexForceX, indexForceY, indexForceZ, indexForceGlobalX, indexForceGlobalY, indexForceGlobalZ, indexContact, indexPosX, indexPosY, indexPosZ, indexRot_11, indexRot_12, indexRot_13, indexRot_21, indexRot_22, indexRot_23, indexRot_31, indexRot_32, indexRot_33, thumbForceX, thumbForceY, thumbForceZ, thumbForceGlobalX, thumbForceGlobalY, thumbForceGlobalZ, thumbContact, thumbPosX, thumbPosY, thumbPosZ, thumbRot_11, thumbRot_12, thumbRot_13, thumbRot_21, thumbRot_22, thumbRot_23, thumbRot_31, thumbRot_32, thumbRot_33, manipForceTooHigh, cceExpType, mapping, trialSuccess, 
671.186696, 44, 0.1, 0.1, 0.020745811, 0.369206398, -0.0199721621, 0.954378448, 0.298599694, 4.047964e-006, 0.298599694, -0.954378448, -1.8388296e-005, -1.62744996e-006, 1.87581142e-005, -1, 0.954378456, 0.29859967, 1.36200834e-005, 0.29859967, -0.954378456, 2.58649697e-007, 1.30759468e-005, 3.8201027e-006, -1, 0, 0, 0, 0, 0, 0, 0, 0.312576611, -0.108904443, -0.183071338, 0.126160616, 0.739831931, -0.660743596, -0.984863281, 0.172973633, 0.00561523438, 0.118441088, 0.650080862, 0.750542953, 0, 0, -0, 0, 0, 0, 0, 0.332873437, -0.0669255859, -0.176475977, 0.192384715, -0.14137172, -0.971024289, 0.533081055, -0.815673828, 0.224487305, -0.823758425, -0.56081834, -0.0816834754, 0, 1, 5, 1, 
671.215235, 44, 0.1, 0.1, 0.020745812, 0.36920639, -0.0199596253, 0.954378311, 0.298600125, 7.08381287e-005, 0.298600128, -0.954378312, -3.60324836e-005, 5.68470696e-005, 5.55408952e-005, -0.999999997, 0.954378309, 0.29860013, 7.57371671e-005, 0.298600134, -0.95437831, -3.97264468e-005, 6.04195874e-005, 6.05291873e-005, -0.999999996, 0, 0, 0, 0, 0, 0, 0, 0.30701394, -0.110840259, -0.181546484, 0.0724538075, 0.76448199, -0.640511495, -0.986572266, 0.149047852, 0.0661621094, 0.14610416, 0.627019926, 0.765135742, 0, 0, -0, 0, 0, 0, 0, 0.326745801, -0.0669537109, -0.173240771, 0.15185264, -0.106451104, -0.9826307, 0.57043457, -0.802368164, 0.175048828, -0.807152257, -0.587097257, -0.0611778988, 0, 1, 5, 1, 
671.216036, 44, 0.1, 0.1, 0.0207458026, 0.369206395, -0.0199586425, 0.95437832, 0.298600085, -0.000105846192, 0.298600091, -0.954378322, 5.56641996e-005, -8.43959767e-005, -8.4730388e-005, -0.999999993, 0.954378318, 0.298600095, -9.08507129e-005, 0.2986001, -0.95437832, 4.61865076e-005, -7.29146552e-005, -7.12074335e-005, -0.999999995, 0, 0, 0, 0, 0, 0, 0, 0.30701394, -0.110840259, -0.181546484, 0.0724538075, 0.76448199, -0.640511495, -0.986572266, 0.149047852, 0.0661621094, 0.14610416, 0.627019926, 0.765135742, 0, 0, -0, 0, 0, 0, 0, 0.326745801, -0.0669537109, -0.173240771, 0.15185264, -0.106451104, -0.9826307, 0.57043457, -0.802368164, 0.175048828, -0.807152257, -0.587097257, -0.0611778988, 0, 1, 5, 1, 
671.216899, 44, 0.1, 0.1, 0.0207457983, 0.369206397, -0.0199597197, 0.95437834, 0.298600032, 7.57200124e-005, 0.298600035, -0.954378341, -4.01532437e-005, 6.027578e-005, 6.09313844e-005, -0.999999996, 0.954378337, 0.298600048, 2.7407968e-005, 0.298600048, -0.954378337, -1.35108969e-005, 2.21232165e-005, 2.10785279e-005, -1, 0, 0, 0, 0, 0, 0, 0, 0.30701394, -0.110840259, -0.181546484, 0.0665841957, 0.767089169, -0.637896082, -0.986694336, 0.145141602, 0.0714111328, 0.147281, 0.624753111, 0.766822564, 0, 0, -0, 0, 0, 0, 0, 0.326745801, -0.0669537109, -0.173240771, 0.15185264, -0.106451104, -0.9826307, 0.57043457, -0.802368164, 0.175048828, -0.807152257, -0.587097257, -0.0611778988, 0, 1, 5, 1, 
671.217716, 44, 0.1, 0.1, 0.0207458116, 0.36920639, -0.0199615373, 0.954378356, 0.29859999, -1.74548868e-005, 0.29859999, -0.954378356, 8.37477621e-006, -1.41578581e-005, -1.32047342e-005, -1, 0.954378352, 0.2986, 3.70326404e-005, 0.298600001, -0.954378352, -1.84064211e-005, 2.9846993e-005, 2.86246362e-005, -0.999999999, 0, 0, 0, 0, 0, 0, 0, 0.306717554, -0.110713916, -0.18140769, 0.0665841957, 0.767089169, -0.637896082, -0.986694336, 0.145141602, 0.0714111328, 0.147281, 0.624753111, 0.766822564, 0, 0, -0, 0, 0, 0, 0, 0.32632749, -0.0670004395, -0.172823584, 0.14835788, -0.103001187, -0.983512228, 0.573730469, -0.801025391, 0.170532227, -0.805432945, -0.589557738, -0.0597976385, 0, 1, 5, 1, 
671.218516, 44, 0.1, 0.1, 0.0207457998, 0.369206396, -0.0199643453, 0.95437837, 0.298599943, -1.3513185e-005, 0.298599943, -0.954378371, 8.87058844e-006, -1.02479343e-005, -1.2500934e-005, -1, 0.954378366, 0.298599954, -4.836338e-005, 0.298599956, -0.954378366, 2.59656636e-005, -3.84036176e-005, -3.92223707e-005, -0.999999998, 0, 0, 0, 0, 0, 0, 0, 0.306717554, -0.110713916, -0.18140769, 0.0665841957, 0.767089169, -0.637896082, -0.986694336, 0.145141602, 0.0714111328, 0.147281, 0.624753111, 0.766822564, 0, 0, -0, 0, 0, 0, 0, 0.32632749, -0.0670004395, -0.172823584, 0.14835788, -0.103001187, -0.983512228, 0.573730469, -0.801025391, 0.170532227, -0.805432945, -0.589557738, -0.0597976385, 0, 1, 5, 1, 
671.219351, 44, 0.1, 0.1, 0.0207458147, 0.369206388, -0.019967085, 0.954378394, 0.298599862, 5.71299205e-005, 0.298599864, -0.954378395, -3.21419376e-005, 4.49259836e-005, 4.77345573e-005, -0.999999998, 0.954378387, 0.298599882, 7.75822689e-005, 0.298599885, -0.954378388, -4.1746835e-005, 6.15772407e-005, 6.30083336e-005, -0.999999996, 0, 0, 0, 0, 0, 0, 0, 0.306717554, -0.110713916, -0.18140769, 0.0665841957, 0.767089169, -0.637896082, -0.986694336, 0.145141602, 0.0714111328, 0.147281, 0.624753111, 0.766822564, 0, 0, -0, 0, 0, 0, 0, 0.32632749, -0.0670004395, -0.172823584, 0.14835788, -0.103001187, -0.983512228, 0.573730469, -0.801025391, 0.170532227, -0.805432945, -0.589557738, -0.0597976385, 0, 1, 5, 1, 
671.220154, 44, 0.1, 0.1, 0.0207458063, 0.369206393, -0.0199684746, 0.954378422, 0.298599772, -6.24705726e-005, 0.298599774, -0.954378423, 3.44712319e-005, -4.93274645e-005, -5.15522988e-005, -0.999999997, 0.954378416, 0.298599791, -6.43314244e-005, 0.298599794, -0.954378417, 3.48946479e-005, -5.09769884e-005, -5.25120489e-005, -0.999999997, 0, 0, 0, 0, 0, 0, 0, 0.306717554, -0.110713916, -0.18140769, 0.0665841957, 0.767089169, -0.637896082, -0.986694336, 0.145141602, 0.0714111328, 0.147281, 0.624753111, 0.766822564, 0, 0, -0, 0, 0, 0, 0, 0.32632749, -0.0670004395, -0.172823584, 0.14835788, -0.103001187, -0.983512228, 0.573730469, -0.801025391, 0.170532227, -0.805432945, -0.589557738, -0.0597976385, 0, 1, 5, 1, 
671.220956, 44, 0.1, 0.1, 0.0207458096, 0.369206391, -0.0199685623, 0.954378445, 0.298599697, 6.51258538e-005, 0.2985997, -0.954378446, -3.54266039e-005, 5.15763379e-005, 5.32569475e-005, -0.999999997, 0.954378442, 0.29859971, 5.35896722e-005, 0.298599712, -0.954378442, -2.98971e-005, 4.22175625e-005, 4.45350084e-005, -0.999999998, 0, 0, 0, 0, 0, 0, 0, 0.306717554, -0.110713916, -0.18140769, 0.0665841957, 0.767089169, -0.637896082, -0.986694336, 0.145141602, 0.0714111328, 0.147281, 0.624753111, 0.766822564, 0, 0, -0, 0, 0, 0, 0, 0.32632749, -0.0670004395, -0.172823584, 0.14835788, -0.103001187, -0.983512228, 0.573730469, -0.801025391, 0.170532227, -0.805432945, -0.589557738, -0.0597976385, 0, 1, 5, 1, 
671.221798, 44, 0.1, 0.1, 0.0207458088, 0.369206391, -0.019967136, 0.95437846, 0.298599647, -7.33708021e-005, 0.29859965, -0.954378461, 3.71035382e-005, -5.89444098e-005, -5.73193135e-005, -0.999999997, 0.954378459, 0.298599657, -4.10291837e-005, 0.298599658, -0.954378459, 2.14808452e-005, -3.27431961e-005, -3.27521561e-005, -0.999999999, 0, 0, 0, 0, 0, 0, 0, 0.305421899, -0.110877344, -0.180683765, 0.0628166485, 0.768345018, -0.636855158, -0.986328125, 0.144775391, 0.0773925781, 0.151585478, 0.623318284, 0.767152066, 0, 0, -0, 0, 0, 0, 0, 0.32632749, -0.0670004395, -0.172823584, 0.144645836, -0.100196557, -0.984310633, 0.576660156, -0.799804687, 0.166259766, -0.803981956, -0.591717814, -0.0580404137, 0, 1, 5, 1, 
671.222601, 44, 0.1, 0.1, 0.0207457984, 0.369206397, -0.0199647722, 0.954378476, 0.298599603, 2.72614441e-005, 0.298599604, -0.954378476, -1.48283207e-005, 2.15900048e-005, 2.22920865e-005, -1, 0.954378474, 0.298599611, -2.35530345e-005, 0.298599612, -0.954378474, 1.22044803e-005, -1.8834256e-005, -1.86806202e-005, -1, 0, 0, 0, 0, 0, 0, 0, 0.305421899, -0.110877344, -0.180683765, 0.0628166485, 0.768345018, -0.636855158, -0.986328125, 0.144775391, 0.0773925781, 0.151585478, 0.623318284, 0.767152066, 0, 0, -0, 0, 0, 0, 0, 0.325665918, -0.0670835449, -0.172392969, 0.144645836, -0.100196557, -0.984310633, 0.576660156, -0.799804687, 0.166259766, -0.803981956, -0.591717814, -0.0580404137, 0, 1, 5, 1, 
671.223397, 44, 0.1, 0.1, 0.0207458104, 0.36920639, -0.0199627031, 0.954378487, 0.298599569, 1.36607923e-005, 0.298599569, -0.954378488, -8.69807594e-006, 1.04403245e-005, 1.23803632e-005, -1, 0.954378484, 0.298599576, 5.09565391e-005, 0.298599578, -0.954378484, -2.77187504e-005, 4.03550174e-005, 4.166978e-005, -0.999999998, 0, 0, 0, 0, 0, 0, 0, 0.305421899, -0.110877344, -0.180683765, 0.0628166485, 0.768345018, -0.636855158, -0.986328125, 0.144775391, 0.0773925781, 0.151585478, 0.623318284, 0.767152066, 0, 0, -0, 0, 0, 0, 0, 0.325665918, -0.0670835449, -0.172392969, 0.144645836, -0.100196557, -0.984310633, 0.576660156, -0.799804687, 0.166259766, -0.803981956, -0.591717814, -0.0580404137, 0, 1, 5, 1, 
671.224228, 44, 0.1, 0.1, 0.0207457938, 0.369206399, -0.019961277, 0.954378502, 0.298599517, -5.94566066e-005, 0.298599519, -0.954378503, 3.06901816e-005, -4.75800337e-005, -4.70437637e-005, -0.999999998, 0.954378498, 0.298599525, -8.19810892e-005, 0.298599529, -0.954378499, 4.38099342e-005, -6.51593633e-005, -6.62907738e-005, -0.999999996, 0, 0, 0, 0, 0, 0, 0, 0.304385376, -0.111255835, -0.180160742, 0.0597283225, 0.769784714, -0.635395245, -0.985839844, 0.145141602, 0.0831298828, 0.156276747, 0.621483564, 0.767785982, 0, 0, -0, 0, 0, 0, 0, 0.324802588, -0.0671449219, -0.171752539, 0.141323517, -0.0971874032, -0.98519216, 0.579223633, -0.798828125, 0.161987305, -0.80273549, -0.593488165, -0.0566601534, 0, 1, 5, 1, 
671.225025, 44, 0.1, 0.1, 0.0207458058, 0.369206393, -0.0199610465, 0.954378512, 0.298599478, 8.77556699e-005, 0.298599482, -0.954378514, -4.50875797e-005, 7.0288998e-005, 6.92344149e-005, -0.999999995, 0.95437851, 0.298599483, 8.98915365e-005, 0.298599488, -0.954378512, -4.72755088e-005, 7.16741083e-005, 7.19602964e-005, -0.999999995, 0, 0, 0, 0, 0, 0, 0, 0.304385376, -0.111255835, -0.180160742, 0.0597283225, 0.769784714, -0.635395245, -0.985839844, 0.145141602, 0.0831298828, 0.156276747, 0.621483564, 0.767785982, 0, 0, -0, 0, 0, 0, 0, 0.324802588, -0.0671449219, -0.171752539, 0.141323517, -0.0971874032, -0.98519216, 0.579223633, -0.798828125, 0.161987305, -0.80273549, -0.593488165, -0.0566601534, 0, 1, 5, 1, 
671.225835, 44, 0.1, 0.1, 0.0207458019, 0.369206394, -0.0199621249, 0.954378526, 0.298599434, -7.88588215e-005, 0.298599438, -0.954378528, 3.89653072e-005, -6.36261472e-005, -6.07348522e-005, -0.999999996, 0.954378524, 0.298599445, -6.34635836e-005, 0.298599447, -0.954378525, 3.0252764e-005, -5.15348227e-005, -4.78227792e-005, -0.999999998, 0, 0, 0, 0, 0, 0, 0, 0.304385376, -0.111255835, -0.180160742, 0.0597283225, 0.769784714, -0.635395245, -0.985839844, 0.145141602, 0.0831298828, 0.156276747, 0.621483564, 0.767785982, 0, 0, -0, 0, 0, 0, 0, 0.324802588, -0.0671449219, -0.171752539, 0.141323517, -0.0971874032, -0.98519216, 0.579223633, -0.798828125, 0.161987305, -0.80273549, -0.593488165, -0.0566601534, 0, 1, 5, 1, 
671.226636, 44, 0.1, 0.1, 0.0207457996, 0.369206396, -0.019963989, 0.954378554, 0.29859935, 6.7702247e-005, 0.298599353, -0.954378555, -2.80300107e-005, 5.62438297e-005, 4.69670882e-005, -0.999999997, 0.954378549, 0.29859937, 3.44545488e-005, 0.29859937, -0.95437855, -1.14297857e-005, 2.94697555e-005, 2.11964489e-005, -0.999999999, 0, 0, 0, 0, 0, 0, 0, 0.304385376, -0.111255835, -0.180160742, 0.0597283225, 0.769784714, -0.635395245, -0.985839844, 0.145141602, 0.0831298828, 0.156276747, 0.621483564, 0.767785982, 0, 0, -0, 0, 0, 0, 0, 0.324802588, -0.0671449219, -0.171752539, 0.141323517, -0.0971874032, -0.98519216, 0.579223633, -0.798828125, 0.161987305, -0.80273549, -0.593488165, -0.0566601534, 0, 1, 5, 1, 
671.227437, 44, 0.1, 0.1, 0.0207458094, 0.369206391, -0.0199660501, 0.954378595, 0.298599224, -2.50183973e-005, 0.298599224, -0.954378595, 7.03669861e-006, -2.17758702e-005, -1.41861486e-005, -1, 0.954378585, 0.298599257, 2.42160601e-005, 0.298599258, -0.954378585, -1.52445298e-005, 1.85592839e-005, 2.17799503e-005, -1, 0, 0, 0, 0, 0, 0, 0, 0.304385376, -0.111255835, -0.180160742, 0.0597283225, 0.769784714, -0.635395245, -0.985839844, 0.145141602, 0.0831298828, 0.156276747, 0.621483564, 0.767785982, 0, 0, -0, 0, 0, 0, 0, 0.324802588, -0.0671449219, -0.171752539, 0.141323517, -0.0971874032, -0.98519216, 0.579223633, -0.798828125, 0.161987305, -0.80273549, -0.593488165, -0.0566601534, 0, 1, 5, 1, 
671.22824, 44, 0.1, 0.1, 0.0207457964, 0.369206396, -0.0199675939, 0.954378638, 0.298599089, -2.13915433e-005, 0.298599089, -0.954378638, 3.85700624e-006, -1.92639334e-005, -1.00685397e-005, -1, 0.954378628, 0.298599116, -5.35709516e-005, 0.298599117, -0.954378629, 1.85602816e-005, -4.55848876e-005, -3.37097749e-005, -0.999999998, 0, 0, 0, 0, 0, 0, 0, 0.304385376, -0.111255835, -0.180160742, 0.0597283225, 0.769784714, -0.635395245, -0.985839844, 0.145141602, 0.0831298828, 0.156276747, 0.621483564, 0.767785982, 0, 0, -0, 0, 0, 0, 0, 0.324802588, -0.0671449219, -0.171752539, 0.141323517, -0.0971874032, -0.98519216, 0.579223633, -0.798828125, 0.161987305, -0.80273549, -0.593488165, -0.0566601534, 0, 1, 5, 1, 
671.22907, 44, 0.1, 0.1, 0.0207458089, 0.36920639, -0.0199679361, 0.954378672, 0.298598975, 4.98564911e-005, 0.298598977, -0.954378673, -2.0620321e-005, 4.14247651e-005, 3.45666918e-005, -0.999999999, 0.954378667, 0.298598989, 6.74662636e-005, 0.298598992, -0.954378668, -3.07408035e-005, 5.52091899e-005, 4.94837253e-005, -0.999999997, 0, 0, 0, 0, 0, 0, 0, 0.303850269, -0.111903101, -0.179475391, 0.0577251033, 0.770272975, -0.635071734, -0.985229492, 0.146362305, 0.0880126953, 0.160796151, 0.620664679, 0.767487559, 0, 0, -0, 0, 0, 0, 0, 0.324084131, -0.0674439453, -0.171093555, 0.137119304, -0.0948042138, -0.986028845, 0.580566406, -0.798706055, 0.157592773, -0.802440915, -0.593974138, -0.0545387238, 0, 1, 5, 1, 
671.229874, 44, 0.1, 0.1, 0.0207457989, 0.369206396, -0.0199670401, 0.954378689, 0.298598918, -6.95825346e-005, 0.298598921, -0.95437869, 3.5149092e-005, -5.59126073e-005, -5.4322814e-005, -0.999999997, 0.954378687, 0.298598922, -7.17463437e-005, 0.298598926, -0.954378688, 3.95446078e-005, -5.66652041e-005, -5.9163912e-005, -0.999999997, 0, 0, 0, 0, 0, 0, 0, 0.303850269, -0.111903101, -0.179475391, 0.0577251033, 0.770272975, -0.635071734, -0.985229492, 0.146362305, 0.0880126953, 0.160796151, 0.620664679, 0.767487559, 0, 0, -0, 0, 0, 0, 0, 0.324084131, -0.0674439453, -0.171093555, 0.137119304, -0.0948042138, -0.986028845, 0.580566406, -0.798706055, 0.157592773, -0.802440915, -0.593974138, -0.0545387238, 0, 1, 5, 1, 
671.230745, 44, 0.1, 0.1, 0.0207458046, 0.369206392, -0.0199651324, 0.954378689, 0.298598916, 7.85673133e-005, 0.29859892, -0.95437869, -4.3378251e-005, 6.20302708e-005, 6.48593932e-005, -0.999999996, 0.954378691, 0.298598914, 6.00390717e-005, 0.298598916, -0.954378691, -3.55439186e-005, 4.66866352e-005, 5.18499602e-005, -0.999999998, 0, 0, 0, 0, 0, 0, 0, 0.303850269, -0.111903101, -0.179475391, 0.0577251033, 0.770272975, -0.635071734, -0.985229492, 0.146362305, 0.0880126953, 0.160796151, 0.620664679, 0.767487559, 0, 0, -0, 0, 0, 0, 0, 0.324084131, -0.0674439453, -0.171093555, 0.137119304, -0.0948042138, -0.986028845, 0.580566406, -0.798706055, 0.157592773, -0.802440915, -0.593974138, -0.0545387238, 0, 1, 5, 1, 
671.231618, 44, 0.1, 0.1, 0.0207458059, 0.369206392, -0.0199614904, 0.954378674, 0.298598961, -7.85945227e-005, 0.298598965, -0.954378675, 4.32229679e-005, -6.21026032e-005, -6.4719322e-005, -0.999999996, 0.954378679, 0.298598954, -4.46792736e-005, 0.298598955, -0.954378679, 2.62643785e-005, -3.47984302e-005, -3.84073472e-005, -0.999999999, 0, 0, 0, 0, 0, 0, 0, 0.303850269, -0.111903101, -0.179475391, 0.0577251033, 0.770272975, -0.635071734, -0.985229492, 0.146362305, 0.0880126953, 0.160796151, 0.620664679, 0.767487559, 0, 0, -0, 0, 0, 0, 0, 0.324084131, -0.0674439453, -0.171093555, 0.137119304, -0.0948042138, -0.986028845, 0.580566406, -0.798706055, 0.157592773, -0.802440915, -0.593974138, -0.0545387238, 0, 1, 5, 1, 
671.232412, 44, 0.1, 0.1, 0.0207457949, 0.369206397, -0.0199594746, 0.954378659, 0.298599019, 3.47863314e-005, 0.298599019, -0.954378659, -1.80436934e-005, 2.78115032e-005, 2.76076803e-005, -0.999999999, 0.954378663, 0.298599009, -2.24973652e-005, 0.298599009, -0.954378663, 1.23650736e-005, -1.77788066e-005, -1.85186533e-005, -1, 0, 0, 0, 0, 0, 0, 0, 0.303850269, -0.111903101, -0.179475391, 0.0577251033, 0.770272975, -0.635071734, -0.985229492, 0.146362305, 0.0880126953, 0.160796151, 0.620664679, 0.767487559, 0, 0, -0, 0, 0, 0, 0, 0.324084131, -0.0674439453, -0.171093555, 0.137119304, -0.0948042138, -0.986028845, 0.580566406, -0.798706055, 0.157592773, -0.802440915, -0.593974138, -0.0545387238, 0, 1, 5, 1, 
671.233209, 44, 0.1, 0.1, 0.0207458105, 0.369206389, -0.019959523, 0.954378643, 0.298599069, 2.77351079e-005, 0.29859907, -0.954378644, -1.3865813e-005, 2.23294759e-005, 2.15149132e-005, -1, 0.954378645, 0.298599058, 6.73934836e-005, 0.298599061, -0.954378646, -3.36660102e-005, 5.42662627e-005, 5.22537521e-005, -0.999999997, 0, 0, 0, 0, 0, 0, 0, 0.303850269, -0.111903101, -0.179475391, 0.0577251033, 0.770272975, -0.635071734, -0.985229492, 0.146362305, 0.0880126953, 0.160796151, 0.620664679, 0.767487559, 0, 0, -0, 0, 0, 0, 0, 0.324084131, -0.0674439453, -0.171093555, 0.137119304, -0.0948042138, -0.986028845, 0.580566406, -0.798706055, 0.157592773, -0.802440915, -0.593974138, -0.0545387238, 0, 1, 5, 1, 
671.234038, 44, 0.1, 0.1, 0.0207457944, 0.369206398, -0.0199611687, 0.954378631, 0.298599103, -6.17957371e-005, 0.298599105, -0.954378632, 3.35944127e-005, -4.89452696e-005, -5.05139414e-005, -0.999999998, 0.954378631, 0.298599097, -8.30468535e-005, 0.298599101, -0.954378633, 4.43174415e-005, -6.60249945e-005, -6.7093335e-005, -0.999999996, 0, 0, 0, 0, 0, 0, 0, 0.303846826, -0.11183584, -0.17917561, 0.0531506544, 0.771668487, -0.633611821, -0.985107422, 0.144287109, 0.0928955078, 0.163127368, 0.619331324, 0.768121475, 0, 0, -0, 0, 0, 0, 0, 0.323602588, -0.067515332, -0.170881055, 0.132813012, -0.0919037019, -0.98686553, 0.583251953, -0.797607422, 0.152832031, -0.801175126, -0.595878651, -0.0524172941, 0, 1, 5, 1, 
671.234835, 44, 0.1, 0.1, 0.0207458046, 0.369206392, -0.0199638013, 0.95437862, 0.298599134, 8.01448831e-005, 0.298599137, -0.954378622, -4.03670062e-005, 6.443501e-005, 6.24566006e-005, -0.999999996, 0.954378623, 0.298599125, 8.06888484e-005, 0.298599129, -0.954378624, -4.27002085e-005, 6.42574672e-005, 6.4845786e-005, -0.999999996, 0, 0, 0, 0, 0, 0, 0, 0.303846826, -0.11183584, -0.17917561, 0.0531506544, 0.771668487, -0.633611821, -0.985107422, 0.144287109, 0.0928955078, 0.163127368, 0.619331324, 0.768121475, 0, 0, -0, 0, 0, 0, 0, 0.323602588, -0.067515332, -0.170881055, 0.132813012, -0.0919037019, -0.98686553, 0.583251953, -0.797607422, 0.152832031, -0.801175126, -0.595878651, -0.0524172941, 0, 1, 5, 1, 
671.235627, 44, 0.1, 0.1, 0.0207458024, 0.369206394, -0.019966725, 0.954378608, 0.298599176, -6.47907972e-005, 0.298599178, -0.954378609, 3.26014319e-005, -5.21001902e-005, -5.0460588e-005, -0.999999997, 0.954378612, 0.298599168, -5.02807774e-005, 0.298599169, -0.954378612, 2.54163994e-005, -4.03975829e-005, -3.92706663e-005, -0.999999998, 0, 0, 0, 0, 0, 0, 0, 0.303846826, -0.11183584, -0.17917561, 0.0531506544, 0.771668487, -0.633611821, -0.985107422, 0.144287109, 0.0928955078, 0.163127368, 0.619331324, 0.768121475, 0, 0, -0, 0, 0, 0, 0, 0.323602588, -0.067515332, -0.170881055, 0.132813012, -0.0919037019, -0.98686553, 0.583251953, -0.797607422, 0.152832031, -0.801175126, -0.595878651, -0.0524172941, 0, 1, 5, 1, 
671.236436, 44, 0.1, 0.1, 0.0207458007, 0.369206395, -0.0199689024, 0.954378602, 0.298599197, 5.91034756e-005, 0.298599199, -0.954378603, -2.82473419e-005, 4.79724589e-005, 4.46069091e-005, -0.999999998, 0.954378604, 0.298599195, 3.18438708e-005, 0.298599196, -0.954378604, -1.39039448e-005, 2.62394023e-005, 2.27781817e-005, -0.999999999, 0, 0, 0, 0, 0, 0, 0, 0.303846826, -0.11183584, -0.17917561, 0.0531506544, 0.771668487, -0.633611821, -0.985107422, 0.144287109, 0.0928955078, 0.163127368, 0.619331324, 0.768121475, 0, 0, -0, 0, 0, 0, 0, 0.323400439, -0.0675515625, -0.170015918, 0.129554492, -0.0887155441, -0.987574617, 0.585083008, -0.797241211, 0.1484375, -0.800535669, -0.597016474, -0.0515098804, 0, 1, 5, 1, 
671.237231, 44, 0.1, 0.1, 0.0207458088, 0.36920639, -0.0199695433, 0.954378607, 0.298599186, -2.33652198e-005, 0.298599186, -0.954378607, 1.07352818e-005, -1.90937195e-005, -1.72223589e-005, -1, 0.954378606, 0.298599189, 1.92186823e-005, 0.298599189, -0.954378606, -1.18903097e-005, 1.47914624e-005, 1.70865401e-005, -1, 0, 0, 0, 0, 0, 0, 0, 0.303846826, -0.11183584, -0.17917561, 0.0531506544, 0.771668487, -0.633611821, -0.985107422, 0.144287109, 0.0928955078, 0.163127368, 0.619331324, 0.768121475, 0, 0, -0, 0, 0, 0, 0, 0.323400439, -0.0675515625, -0.170015918, 0.129554492, -0.0887155441, -0.987574617, 0.585083008, -0.797241211, 0.1484375, -0.800535669, -0.597016474, -0.0515098804, 0, 1, 5, 1, 
671.238028, 44, 0.1, 0.1, 0.020745798, 0.369206396, -0.0199687164, 0.954378615, 0.298599161, -1.36803506e-005, 0.298599161, -0.954378615, 6.27269001e-006, -1.11832141e-005, -1.00714624e-005, -1, 0.954378613, 0.298599163, -4.35129183e-005, 0.298599164, -0.954378614, 2.33280514e-005, -3.4562062e-005, -3.52567144e-005, -0.999999999, 0, 0, 0, 0, 0, 0, 0, 0.303846826, -0.11183584, -0.17917561, 0.0531506544, 0.771668487, -0.633611821, -0.985107422, 0.144287109, 0.0928955078, 0.163127368, 0.619331324, 0.768121475, 0, 0, -0, 0, 0, 0, 0, 0.323400439, -0.0675515625, -0.170015918, 0.129554492, -0.0887155441, -0.987574617, 0.585083008, -0.797241211, 0.1484375, -0.800535669, -0.597016474, -0.0515098804, 0, 1, 5, 1, 
671.23884, 44, 0.1, 0.1, 0.0207458102, 0.369206389, -0.0199665796, 0.954378614, 0.29859916, 4.71007542e-005, 0.298599162, -0.954378615, -2.18204498e-005, 3.84363846e-005, 3.48892164e-005, -0.999999999, 0.954378615, 0.298599155, 6.58954578e-005, 0.298599157, -0.954378616, -3.45183541e-005, 5.25820645e-005, 5.26199072e-005, -0.999999997, 0, 0, 0, 0, 0, 0, 0, 0.303911133, -0.111972778, -0.178637695, 0.0498773597, 0.773469885, -0.63187258, -0.984741211, 0.143188477, 0.0975341797, 0.165870462, 0.617439316, 0.768958333, 0, 0, -0, 0, 0, 0, 0, 0.323400439, -0.0675515625, -0.170015918, 0.129554492, -0.0887155441, -0.987574617, 0.585083008, -0.797241211, 0.1484375, -0.800535669, -0.597016474, -0.0515098804, 0, 1, 5, 1, 
671.239632, 44, 0.1, 0.1, 0.0207457988, 0.369206397, -0.0199641389, 0.954378599, 0.298599204, -7.69949463e-005, 0.298599208, -0.9543786, 4.45285093e-005, -6.01861516e-005, -6.54876863e-005, -0.999999996, 0.954378602, 0.298599192, -8.00961726e-005, 0.298599196, -0.954378603, 4.83060801e-005, -6.20179168e-005, -7.0018942e-005, -0.999999996, 0, 0, 0, 0, 0, 0, 0, 0.303911133, -0.111972778, -0.178637695, 0.0498773597, 0.773469885, -0.63187258, -0.984741211, 0.143188477, 0.0975341797, 0.165870462, 0.617439316, 0.768958333, 0, 0, -0, 0, 0, 0, 0, 0.323400439, -0.0675515625, -0.170015918, 0.129554492, -0.0887155441, -0.987574617, 0.585083008, -0.797241211, 0.1484375, -0.800535669, -0.597016474, -0.0515098804, 0, 1, 5, 1, 
671.240427, 44, 0.1, 0.1, 0.0207458023, 0.369206393, -0.0199622582, 0.954378567, 0.298599307, 7.43804509e-005, 0.298599311, -0.954378567, -5.04127679e-005, 5.59338906e-005, 7.03228165e-005, -0.999999996, 0.954378573, 0.298599289, 6.04479659e-005, 0.298599291, -0.954378573, -4.17264245e-005, 4.52307628e-005, 5.78725253e-005, -0.999999997, 0, 0, 0, 0, 0, 0, 0, 0.303911133, -0.111972778, -0.178637695, 0.0498773597, 0.773469885, -0.63187258, -0.984741211, 0.143188477, 0.0975341797, 0.165870462, 0.617439316, 0.768958333, 0, 0, -0, 0, 0, 0, 0, 0.323400439, -0.0675515625, -0.170015918, 0.129554492, -0.0887155441, -0.987574617, 0.585083008, -0.797241211, 0.1484375, -0.800535669, -0.597016474, -0.0515098804, 0, 1, 5, 1, 
671.241258, 44, 0.1, 0.1, 0.0207458021, 0.369206392, -0.0199611548, 0.954378529, 0.298599426, -8.06182016e-005, 0.298599429, -0.95437853, 4.20857611e-005, -6.43734967e-005, -6.42382958e-005, -0.999999996, 0.954378537, 0.298599405, -4.81715517e-005, 0.298599407, -0.954378538, 2.15934914e-005, -3.95260914e-005, -3.49923615e-005, -0.999999999, 0, 0, 0, 0, 0, 0, 0, 0.303688477, -0.111837524, -0.178241113, 0.0453601988, 0.776305094, -0.628597042, -0.98449707, 0.140991211, 0.103027344, 0.168563381, 0.61427124, 0.770911378, 0, 0, -0, 0, 0, 0, 0, 0.322947217, -0.0672969238, -0.169605566, 0.125586885, -0.0841985318, -0.988405105, 0.588012695, -0.796142578, 0.142578125, -0.798988798, -0.599119314, -0.0506152266, 0, 1, 5, 1, 
671.242053, 44, 0.1, 0.1, 0.0207457908, 0.3692064, -0.0199613331, 0.954378514, 0.298599484, 2.90283131e-005, 0.298599484, -0.954378514, -8.26538866e-006, 2.52359575e-005, 1.65561487e-005, -1, 0.954378517, 0.298599473, -2.56465366e-005, 0.298599474, -0.954378517, 2.13955215e-005, -1.80878121e-005, -2.80774684e-005, -0.999999999, 0, 0, 0, 0, 0, 0, 0, 0.303688477, -0.111837524, -0.178241113, 0.0453601988, 0.776305094, -0.628597042, -0.98449707, 0.140991211, 0.103027344, 0.168563381, 0.61427124, 0.770911378, 0, 0, -0, 0, 0, 0, 0, 0.322947217, -0.0672969238, -0.169605566, 0.125586885, -0.0841985318, -0.988405105, 0.588012695, -0.796142578, 0.142578125, -0.798988798, -0.599119314, -0.0506152266, 0, 1, 5, 1, 
671.24285, 44, 0.1, 0.1, 0.0207458045, 0.369206392, -0.019962807, 0.954378513, 0.298599487, 2.29130356e-005, 0.298599488, -0.954378513, -1.67352739e-005, 1.68705646e-005, 2.28136065e-005, -1, 0.95437851, 0.298599491, 5.85778725e-005, 0.298599494, -0.95437851, -3.42918214e-005, 4.56659422e-005, 5.02187004e-005, -0.999999998, 0, 0, 0, 0, 0, 0, 0, 0.303688477, -0.111837524, -0.178241113, 0.0453601988, 0.776305094, -0.628597042, -0.98449707, 0.140991211, 0.103027344, 0.168563381, 0.61427124, 0.770911378, 0, 0, -0, 0, 0, 0, 0, 0.322947217, -0.0672969238, -0.169605566, 0.125586885, -0.0841985318, -0.988405105, 0.588012695, -0.796142578, 0.142578125, -0.798988798, -0.599119314, -0.0506152266, 0, 1, 5, 1, 
671.243645, 44, 0.1, 0.1, 0.0207457914, 0.369206398, -0.0199649713, 0.954378526, 0.298599443, -4.9570284e-005, 0.298599445, -0.954378526, 2.76457221e-005, -3.90538173e-005, -4.11861428e-005, -0.999999998, 0.95437852, 0.298599457, -7.02327019e-005, 0.29859946, -0.954378521, 3.49353419e-005, -5.6596908e-005, -5.43129867e-005, -0.999999997, 0, 0, 0, 0, 0, 0, 0, 0.303688477, -0.111837524, -0.178241113, 0.0453601988, 0.776305094, -0.628597042, -0.98449707, 0.140991211, 0.103027344, 0.168563381, 0.61427124, 0.770911378, 0, 0, -0, 0, 0, 0, 0, 0.322947217, -0.0672969238, -0.169605566, 0.125586885, -0.0841985318, -0.988405105, 0.588012695, -0.796142578, 0.142578125, -0.798988798, -0.599119314, -0.0506152266, 0, 1, 5, 1, 
671.244442, 44, 0.1, 0.1, 0.0207458024, 0.369206394, -0.0199670313, 0.954378553, 0.298599351, 7.83010347e-005, 0.298599354, -0.954378554, -3.53109846e-005, 6.41849912e-005, 5.70806847e-005, -0.999999996, 0.954378547, 0.298599369, 8.0773144e-005, 0.298599373, -0.954378548, -3.50602116e-005, 6.66191988e-005, 5.75795239e-005, -0.999999996, 0, 0, 0, 0, 0, 0, 0, 0.303688477, -0.111837524, -0.178241113, 0.0453601988, 0.776305094, -0.628597042, -0.98449707, 0.140991211, 0.103027344, 0.168563381, 0.61427124, 0.770911378, 0, 0, -0, 0, 0, 0, 0, 0.322947217, -0.0672969238, -0.169605566, 0.125586885, -0.0841985318, -0.988405105, 0.588012695, -0.796142578, 0.142578125, -0.798988798, -0.599119314, -0.0506152266, 0, 1, 5, 1, 
671.245241, 44, 0.1, 0.1, 0.0207458001, 0.369206394, -0.019968298, 0.954378594, 0.298599222, -6.30408556e-005, 0.298599224, -0.954378595, 2.46752486e-005, -5.27968332e-005, -4.23734796e-005, -0.999999998, 0.954378587, 0.298599245, -4.95229789e-005, 0.298599247, -0.954378588, 1.90995765e-005, -4.15605516e-005, -3.3015751e-005, -0.999999999, 0, 0, 0, 0, 0, 0, 0, 0.303688477, -0.111837524, -0.178241113, 0.0453601988, 0.776305094, -0.628597042, -0.98449707, 0.140991211, 0.103027344, 0.168563381, 0.61427124, 0.770911378, 0, 0, -0, 0, 0, 0, 0, 0.322947217, -0.0672969238, -0.169605566, 0.125586885, -0.0841985318, -0.988405105, 0.588012695, -0.796142578, 0.142578125, -0.798988798, -0.599119314, -0.0506152266, 0, 1, 5, 1, 
671.246186, 44, 0.1, 0.1, 0.0207458013, 0.369206396, -0.0199671947, 0.954378579, 0.298599268, 6.96542188e-005, 0.298599269, -0.954378581, 4.11251447e-006, 6.77044884e-005, 1.68738031e-005, -0.999999998, 0.954378604, 0.298599194, 4.77007625e-005, 0.298599195, -0.954378605, -4.18838383e-006, 4.42739391e-005, 1.82407132e-005, -0.999999999, 0, 0, 0, 0, 0, 0, 0, 0.302689917, -0.112193555, -0.177674756, 0.0430143733, 0.778233051, -0.626318244, -0.983886719, 0.141845703, 0.108520508, 0.173260641, 0.611617635, 0.772033555, 0, 0, -0, 0, 0, 0, 0, 0.322025537, -0.0672716309, -0.168970264, 0.121599956, -0.0801860825, -0.989248353, 0.589599609, -0.795898437, 0.137084961, -0.798425899, -0.599925016, -0.0495991711, 0, 1, 5, 1, 
671.246991, 44, 0.1, 0.1, 0.0207458075, 0.369206402, -0.0199645146, 0.954378372, 0.298599938, -3.26775352e-005, 0.298599938, -0.954378372, 2.30302078e-006, -3.0499051e-005, -1.19554632e-005, -0.999999999, 0.95437843, 0.298599753, 4.27995688e-006, 0.298599753, -0.954378429, 3.03750241e-005, 1.31546732e-005, -2.77112737e-005, -1, 0, 0, 0, 0, 0, 0, 0, 0.302689917, -0.112193555, -0.177674756, 0.0430143733, 0.778233051, -0.626318244, -0.983886719, 0.141845703, 0.108520508, 0.173260641, 0.611617635, 0.772033555, 0, 0, -0, 0, 0, 0, 0, 0.322025537, -0.0672716309, -0.168970264, 0.121599956, -0.0801860825, -0.989248353, 0.589599609, -0.795898437, 0.137084961, -0.798425899, -0.599925016, -0.0495991711, 0, 1, 5, 1, 
671.24779, 44, 0.1, 0.1, 0.0207457963, 0.369206395, -0.0199623164, 0.954378003, 0.298601117, -2.37210762e-005, 0.298601117, -0.954378003, 5.81616966e-007, -2.24652019e-005, -7.63822228e-006, -1, 0.954378075, 0.298600884, -4.55666317e-005, 0.298600883, -0.954378076, -3.25061641e-005, -5.31941636e-005, 1.74169339e-005, -0.999999998, 0, 0, 0, 0, 0, 0, 0, 0.302689917, -0.112193555, -0.177674756, 0.0430143733, 0.778233051, -0.626318244, -0.983886719, 0.141845703, 0.108520508, 0.173260641, 0.611617635, 0.772033555, 0, 0, -0, 0, 0, 0, 0, 0.322025537, -0.0672716309, -0.168970264, 0.121599956, -0.0801860825, -0.989248353, 0.589599609, -0.795898437, 0.137084961, -0.798425899, -0.599925016, -0.0495991711, 0, 1, 5, 1, 
671.248592, 44, 0.1, 0.1, 0.0207458051, 0.369206399, -0.0199612373, 0.954377826, 0.298601681, 3.22985575e-005, 0.298601681, -0.954377827, 1.76560663e-005, 3.60971582e-005, -7.20615461e-006, -0.999999999, 0.954377849, 0.298601604, 5.36283753e-005, 0.298601604, -0.954377851, 1.26966709e-005, 5.49729798e-005, 3.89609742e-006, -0.999999998, 0, 0, 0, 0, 0, 0, 0, 0.302689917, -0.112193555, -0.177674756, 0.0430143733, 0.778233051, -0.626318244, -0.983886719, 0.141845703, 0.108520508, 0.173260641, 0.611617635, 0.772033555, 0, 0, -0, 0, 0, 0, 0, 0.322025537, -0.0672716309, -0.168970264, 0.121599956, -0.0801860825, -0.989248353, 0.589599609, -0.795898437, 0.137084961, -0.798425899, -0.599925016, -0.0495991711, 0, 1, 5, 1, 
671.249394, 44, 0.1, 0.1, 0.0207457934, 0.369206395, -0.0199615022, 0.954377672, 0.298602166, -7.84627232e-005, 0.298602166, -0.954377675, -7.1234842e-006, -7.70101592e-005, -1.66306449e-005, -0.999999997, 0.95437769, 0.29860211, -7.59110936e-005, 0.298602108, -0.954377693, -2.99317145e-005, -8.13855274e-005, 5.89894794e-006, -0.999999997, 0, 0, 0, 0, 0, 0, 0, 0.302689917, -0.112193555, -0.177674756, 0.0430143733, 0.778233051, -0.626318244, -0.983886719, 0.141845703, 0.108520508, 0.173260641, 0.611617635, 0.772033555, 0, 0, -0, 0, 0, 0, 0, 0.322025537, -0.0672716309, -0.168970264, 0.121599956, -0.0801860825, -0.989248353, 0.589599609, -0.795898437, 0.137084961, -0.798425899, -0.599925016, -0.0495991711, 0, 1, 5, 1, 
671.250195, 44, 0.1, 0.1, 0.0207457958, 0.369206395, -0.0199629848, 0.954377738, 0.298601955, 7.51514725e-005, 0.298601957, -0.95437774, -2.32628687e-005, 6.47765544e-005, 4.46419408e-005, -0.999999997, 0.954377709, 0.298602053, 5.67144051e-005, 0.298602054, -0.95437771, -1.1967757e-005, 5.05533672e-005, 2.83567984e-005, -0.999999998, 0, 0, 0, 0, 0, 0, 0, 0.302689917, -0.112193555, -0.177674756, 0.0430143733, 0.778233051, -0.626318244, -0.983886719, 0.141845703, 0.108520508, 0.173260641, 0.611617635, 0.772033555, 0, 0, -0, 0, 0, 0, 0, 0.322025537, -0.0672716309, -0.168970264, 0.121599956, -0.0801860825, -0.989248353, 0.589599609, -0.795898437, 0.137084961, -0.798425899, -0.599925016, -0.0495991711, 0, 1, 5, 1, 
671.251027, 44, 0.1, 0.1, 0.0207457988, 0.369206394, -0.019964782, 0.95437791, 0.298601407, -5.94427853e-005, 0.298601409, -0.954377911, 2.45498644e-005, -4.94002573e-005, -4.11795477e-005, -0.999999998, 0.95437788, 0.298601511, -2.92830047e-005, 0.298601511, -0.95437788, 1.3046261e-005, -2.40514187e-005, -2.11950124e-005, -0.999999999, 0, 0, 0, 0, 0, 0, 0, 0.301343237, -0.112080029, -0.177761157, 0.0381497366, 0.780624181, -0.623696839, -0.983032227, 0.141357422, 0.116699219, 0.179221985, 0.608767079, 0.772977876, 0, 0, -0, 0, 0, 0, 0, 0.321037695, -0.0672897949, -0.168764355, 0.116456612, -0.0765826805, -0.990219199, 0.592041016, -0.795043945, 0.131225586, -0.797370831, -0.601510166, -0.0473690997, 0, 1, 5, 1, 
671.251826, 44, 0.1, 0.1, 0.0207457911, 0.369206397, -0.0199663705, 0.954378034, 0.298601016, 3.20163244e-005, 0.298601016, -0.954378035, -7.40536447e-006, 2.83444274e-005, 1.66276242e-005, -0.999999999, 0.954378026, 0.298601043, -1.02447178e-005, 0.298601043, -0.954378026, -5.0764895e-006, -1.12931786e-005, 1.7858066e-006, -1, 0, 0, 0, 0, 0, 0, 0, 0.301343237, -0.112080029, -0.177761157, 0.0381497366, 0.780624181, -0.623696839, -0.983032227, 0.141357422, 0.116699219, 0.179221985, 0.608767079, 0.772977876, 0, 0, -0, 0, 0, 0, 0, 0.321037695, -0.0672897949, -0.168764355, 0.116456612, -0.0765826805, -0.990219199, 0.592041016, -0.795043945, 0.131225586, -0.797370831, -0.601510166, -0.0473690997, 0, 1, 5, 1, 
671.252621, 44, 0.1, 0.1, 0.0207458017, 0.369206401, -0.0199674838, 0.954377973, 0.298601213, 1.73531588e-005, 0.298601213, -0.954377973, 1.71628288e-005, 2.1686314e-005, -1.11981515e-005, -1, 0.954377998, 0.298601131, 4.15072978e-005, 0.29860113, -0.954377999, 2.93053646e-005, 4.83642668e-005, -1.55742692e-005, -0.999999999, 0, 0, 0, 0, 0, 0, 0, 0.301343237, -0.112080029, -0.177761157, 0.0381497366, 0.780624181, -0.623696839, -0.983032227, 0.141357422, 0.116699219, 0.179221985, 0.608767079, 0.772977876, 0, 0, -0, 0, 0, 0, 0, 0.321037695, -0.0672897949, -0.168764355, 0.116456612, -0.0765826805, -0.990219199, 0.592041016, -0.795043945, 0.131225586, -0.797370831, -0.601510166, -0.0473690997, 0, 1, 5, 1, 
671.253452, 44, 0.1, 0.1, 0.0207457921, 0.369206399, -0.0199675272, 0.954377876, 0.29860152, -4.09644277e-005, 0.298601521, -0.954377877, 1.20828364e-005, -3.54875902e-005, -2.37636321e-005, -0.999999999, 0.95437788, 0.298601505, -5.3296245e-005, 0.298601506, -0.954377882, 2.2704814e-006, -5.01867882e-005, -1.80812362e-005, -0.999999999, 0, 0, 0, 0, 0, 0, 0, 0.300004736, -0.11220061, -0.177862451, 0.0334689466, 0.782793273, -0.621354761, -0.982177734, 0.14074707, 0.124267578, 0.184783435, 0.606075281, 0.773719255, 0, 0, -0, 0, 0, 0, 0, 0.320010059, -0.0672830566, -0.16854502, 0.110693501, -0.0726150738, -0.991106923, 0.594604492, -0.794189453, 0.124755859, -0.796258161, -0.603057038, -0.0447620636, 0, 1, 5, 1, 
671.254255, 44, 0.1, 0.1, 0.0207457997, 0.369206403, -0.0199665649, 0.954377882, 0.298601502, 4.8823608e-005, 0.2986015, -0.954377883, 3.18881051e-005, 5.61180077e-005, -1.58544996e-005, -0.999999998, 0.954377887, 0.298601482, 5.79647288e-005, 0.298601481, -0.954377889, 1.73051094e-005, 6.04875868e-005, 7.9274017e-007, -0.999999998, 0, 0, 0, 0, 0, 0, 0, 0.300004736, -0.11220061, -0.177862451, 0.0334689466, 0.782793273, -0.621354761, -0.982177734, 0.14074707, 0.124267578, 0.184783435, 0.606075281, 0.773719255, 0, 0, -0, 0, 0, 0, 0, 0.320010059, -0.0672830566, -0.16854502, 0.110693501, -0.0726150738, -0.991106923, 0.594604492, -0.794189453, 0.124755859, -0.796258161, -0.603057038, -0.0447620636, 0, 1, 5, 1, 
671.255055, 44, 0.1, 0.1, 0.0207457949, 0.369206401, -0.0199652174, 0.954377787, 0.2986018, -6.04837726e-005, 0.298601799, -0.954377789, -3.05618663e-005, -6.68501974e-005, 1.1107003e-005, -0.999999998, 0.954377802, 0.298601756, -4.87973106e-005, 0.298601754, -0.954377803, -3.16818285e-005, -5.60313197e-005, 1.56654713e-005, -0.999999998, 0, 0, 0, 0, 0, 0, 0, 0.300004736, -0.11220061, -0.177862451, 0.0334689466, 0.782793273, -0.621354761, -0.982177734, 0.14074707, 0.124267578, 0.184783435, 0.606075281, 0.773719255, 0, 0, -0, 0, 0, 0, 0, 0.320010059, -0.0672830566, -0.16854502, 0.110693501, -0.0726150738, -0.991106923, 0.594604492, -0.794189453, 0.124755859, -0.796258161, -0.603057038, -0.0447620636, 0, 1, 5, 1, 
671.25586, 44, 0.1, 0.1, 0.0207457925, 0.369206401, -0.0199639289, 0.954377778, 0.298601831, 5.12105483e-005, 0.298601831, -0.95437778, 1.08163877e-005, 5.21040026e-005, 4.96864345e-006, -0.999999999, 0.954377775, 0.298601844, 2.39096113e-005, 0.298601844, -0.954377776, 1.10374218e-005, 2.61145961e-005, -3.39441602e-006, -1, 0, 0, 0, 0, 0, 0, 0, 0.300004736, -0.11220061, -0.177862451, 0.0334689466, 0.782793273, -0.621354761, -0.982177734, 0.14074707, 0.124267578, 0.184783435, 0.606075281, 0.773719255, 0, 0, -0, 0, 0, 0, 0, 0.320010059, -0.0672830566, -0.16854502, 0.110693501, -0.0726150738, -0.991106923, 0.594604492, -0.794189453, 0.124755859, -0.796258161, -0.603057038, -0.0447620636, 0, 1, 5, 1, 
671.256662, 44, 0.1, 0.1, 0.0207457982, 0.369206404, -0.0199631468, 0.954377717, 0.298602031, -2.56911382e-005, 0.298602031, -0.954377717, -2.29741005e-005, -3.13791629e-005, 1.42545436e-005, -0.999999999, 0.954377742, 0.29860195, 8.57506944e-006, 0.29860195, -0.954377742, 1.186965e-005, 1.17281561e-005, -8.76759734e-006, -1, 0, 0, 0, 0, 0, 0, 0, 0.300004736, -0.11220061, -0.177862451, 0.0334689466, 0.782793273, -0.621354761, -0.982177734, 0.14074707, 0.124267578, 0.184783435, 0.606075281, 0.773719255, 0, 0, -0, 0, 0, 0, 0, 0.320010059, -0.0672830566, -0.16854502, 0.110693501, -0.0726150738, -0.991106923, 0.594604492, -0.794189453, 0.124755859, -0.796258161, -0.603057038, -0.0447620636, 0, 1, 5, 1, 
671.257459, 44, 0.1, 0.1, 0.0207457864, 0.369206402, -0.0199631184, 0.954377683, 0.29860214, -2.83727917e-005, 0.298602141, -0.954377682, 3.13412165e-005, -1.77198049e-005, -3.8383534e-005, -0.999999999, 0.954377671, 0.298602173, -5.37180577e-005, 0.298602174, -0.954377673, 9.04284119e-006, -4.85671028e-005, -2.46706145e-005, -0.999999999, 0, 0, 0, 0, 0, 0, 0, 0.300004736, -0.11220061, -0.177862451, 0.0334689466, 0.782793273, -0.621354761, -0.982177734, 0.14074707, 0.124267578, 0.184783435, 0.606075281, 0.773719255, 0, 0, -0, 0, 0, 0, 0, 0.320010059, -0.0672830566, -0.16854502, 0.110693501, -0.0726150738, -0.991106923, 0.594604492, -0.794189453, 0.124755859, -0.796258161, -0.603057038, -0.0447620636, 0, 1, 5, 1, 
