time, trialNum, realDorsalTactorPos, realVentralTactorPos, boxPosX, boxPosY, boxPosZ, boxLocalRot_11, boxLocalRot_12, boxLocalRot_13, boxLocalRot_21, boxLocalRot_22, boxLocalRot_23, boxLocalRot_31, boxLocalRot_32, boxLocalRot_33, boxGlobalRot_11, boxGlobalRot_12, boxGlobalRot_13, boxGlobalRot_21, boxGlobalRot_22, boxGlobalRot_23, boxGlobalRot_31, boxGlobalRot_32, boxGlobalRot_33, indexForceX, indexForceY, indexForceZ, indexForceGlobalX, indexForceGlobalY, indexForceGlobalZ, indexContact, indexPosX, indexPosY, indexPosZ, indexRot_11, indexRot_12, indexRot_13, indexRot_21, indexRot_22, indexRot_23, indexRot_31, indexRot_32, indexRot_33, thumbForceX, thumbForceY, thumbForceZ, thumbForceGlobalX, thumbForceGlobalY, thumbForceGlobalZ, thumbContact, thumbPosX, thumbPosY, thumbPosZ, thumbRot_11, thumbRot_12, thumbRot_13, thumbRot_21, thumbRot_22, thumbRot_23, thumbRot_31, thumbRot_32, thumbRot_33, manipForceTooHigh, cceExpType, mapping, trialSuccess, 
229.628314, 13, 0.1, 0.1, 0.000785751129, 0.378113529, -0.0199692506, 0.900740909, -0.434356784, -7.78463932e-007, 0.434356784, 0.900740909, -1.55243633e-005, 7.44430683e-006, 1.3645298e-005, 1, 0.900740945, -0.434356709, -1.9571364e-005, 0.434356708, 0.900740945, -1.58133815e-005, 2.44973772e-005, 5.74280689e-006, 1, 0, 0, 0, 0, 0, 0, 0, 0.292246753, -0.0712202637, -0.195394873, -0.132307182, 0.751840742, -0.64585162, -0.952880859, 0.0827636719, 0.291625977, 0.272712169, 0.654111266, 0.705668671, 0, -0, 0, 0, 0, 0, 0, 0.339255225, -0.0272741211, -0.163554785, -0.0196496796, 0.457145985, -0.889142968, -0.145874023, -0.880981445, -0.449829102, -0.989039395, 0.120957149, 0.0840332669, 0, 1, 1, 1, 
229.629763, 13, 0.1, 0.1, 0.000785693469, 0.378113506, -0.0199361983, 0.900740099, -0.43435842, -0.000191905117, 0.434358419, 0.900740119, -4.47637203e-005, 0.000192300137, -4.30351255e-005, 0.999999981, 0.900740056, -0.434358516, -0.00017487832, 0.434358517, 0.900740072, -3.58283422e-005, 0.000173082256, -4.36878646e-005, 0.999999984, 0, 0, 0, 0, 0, 0, 0, 0.296281885, -0.0759112793, -0.193035254, -0.144395743, 0.751664009, -0.643502429, -0.954345703, 0.0657958984, 0.291015625, 0.261155288, 0.656116729, 0.708015618, 0, -0, 0, 0, 0, 0, 0, 0.341917822, -0.0316399414, -0.161269775, -0.0293811305, 0.450970894, -0.891903122, -0.129638672, -0.886474609, -0.444091797, -0.991044153, 0.10263317, 0.084602362, 0, 1, 1, 1, 
229.630465, 13, 0.1, 0.1, 0.000785708044, 0.378113524, -0.0199448469, 0.900740129, -0.434358398, 3.34209267e-005, 0.434358398, 0.90074013, 5.87770834e-006, -3.26566018e-005, 9.22237242e-006, 0.999999999, 0.900740177, -0.4343583, -3.09729518e-005, 0.434358298, 0.900740177, -4.5782077e-005, 4.77844072e-005, 2.77843975e-005, 0.999999998, 0, 0, 0, 0, 0, 0, 0, 0.296281885, -0.0759112793, -0.193035254, -0.144395743, 0.751664009, -0.643502429, -0.954345703, 0.0657958984, 0.291015625, 0.261155288, 0.656116729, 0.708015618, 0, -0, 0, 0, 0, 0, 0, 0.341917822, -0.0316399414, -0.161269775, -0.0293811305, 0.450970894, -0.891903122, -0.129638672, -0.886474609, -0.444091797, -0.991044153, 0.10263317, 0.084602362, 0, 1, 1, 1, 
229.631194, 13, 0.1, 0.1, 0.000785683179, 0.378113513, -0.019960407, 0.900739766, -0.434359133, 0.000129436246, 0.434359126, 0.900739776, 7.69405279e-005, -0.000150008196, -1.30815783e-005, 0.999999989, 0.900739823, -0.434359015, 0.000130643163, 0.434359005, 0.900739832, 0.000102057825, -0.000162005237, -3.51815129e-005, 0.999999986, 0, 0, 0, 0, 0, 0, 0, 0.297912524, -0.0778682129, -0.192435083, -0.151568753, 0.752710923, -0.640607689, -0.954345703, 0.0572509766, 0.29296875, 0.257224112, 0.65570373, 0.709905383, 0, -0, 0, 0, 0, 0, 0, 0.341917822, -0.0316399414, -0.161269775, -0.0347100411, 0.449276368, -0.892663247, -0.122680664, -0.888305664, -0.442260742, -0.991726987, 0.094231307, 0.085995382, 0, 1, 1, 1, 
229.631901, 13, 0.1, 0.1, 0.000785672357, 0.378113523, -0.0199764677, 0.900739765, -0.434359153, -3.01199128e-005, 0.434359151, 0.900739765, -5.43855154e-005, 5.07530496e-005, 3.59043366e-005, 0.999999998, 0.900739723, -0.434359243, 1.20414751e-005, 0.434359243, 0.900739721, -4.36677468e-005, 8.12125451e-006, 4.45636001e-005, 0.999999999, 0, 0, 0, 0, 0, 0, 0, 0.297912524, -0.0778682129, -0.192435083, -0.151568753, 0.752710923, -0.640607689, -0.954345703, 0.0572509766, 0.29296875, 0.257224112, 0.65570373, 0.709905383, 0, -0, 0, 0, 0, 0, 0, 0.343113574, -0.0339379395, -0.160621045, -0.0347100411, 0.449276368, -0.892663247, -0.122680664, -0.888305664, -0.442260742, -0.991726987, 0.094231307, 0.085995382, 0, 1, 1, 1, 
229.632613, 13, 0.1, 0.1, 0.000785694766, 0.378113538, -0.0199889113, 0.900740193, -0.434358242, -0.000146649395, 0.434358245, 0.900740204, -1.50406125e-005, 0.00013862602, -5.01506894e-005, 0.999999989, 0.900740097, -0.434358444, -0.000138093498, 0.434358445, 0.900740107, -2.60020378e-005, 0.000135680557, -3.65609992e-005, 0.99999999, 0, 0, 0, 0, 0, 0, 0, 0.297912524, -0.0778682129, -0.192435083, -0.151568753, 0.752710923, -0.640607689, -0.954345703, 0.0572509766, 0.29296875, 0.257224112, 0.65570373, 0.709905383, 0, -0, 0, 0, 0, 0, 0, 0.343113574, -0.0339379395, -0.160621045, -0.0347100411, 0.449276368, -0.892663247, -0.122680664, -0.888305664, -0.442260742, -0.991726987, 0.094231307, 0.085995382, 0, 1, 1, 1, 
229.633321, 13, 0.1, 0.1, 0.000785720048, 0.37811354, -0.0199944553, 0.900740767, -0.434357065, -0.000107939591, 0.434357071, 0.900740769, 4.01198004e-005, 7.97992718e-005, -8.30218645e-005, 0.999999993, 0.900740641, -0.434357321, -0.000124426327, 0.434357328, 0.900740646, 2.94920571e-005, 9.92657593e-005, -8.06101813e-005, 0.999999992, 0, 0, 0, 0, 0, 0, 0, 0.297912524, -0.0778682129, -0.192435083, -0.151568753, 0.752710923, -0.640607689, -0.954345703, 0.0572509766, 0.29296875, 0.257224112, 0.65570373, 0.709905383, 0, -0, 0, 0, 0, 0, 0, 0.343113574, -0.0339379395, -0.160621045, -0.0347100411, 0.449276368, -0.892663247, -0.122680664, -0.888305664, -0.442260742, -0.991726987, 0.094231307, 0.085995382, 0, 1, 1, 1, 
229.634019, 13, 0.1, 0.1, 0.000785726899, 0.378113537, -0.0199921871, 0.900741448, -0.434355664, 4.82846654e-006, 0.434355664, 0.900741447, 4.82564889e-005, -2.53096792e-005, -4.13693479e-005, 0.999999999, 0.900741302, -0.434355967, -1.90358658e-005, 0.434355968, 0.900741301, 5.30064696e-005, -5.87728586e-006, -5.60134584e-005, 0.999999998, 0, 0, 0, 0, 0, 0, 0, 0.297912524, -0.0778682129, -0.192435083, -0.151568753, 0.752710923, -0.640607689, -0.954345703, 0.0572509766, 0.29296875, 0.257224112, 0.65570373, 0.709905383, 0, -0, 0, 0, 0, 0, 0, 0.343113574, -0.0339379395, -0.160621045, -0.0347100411, 0.449276368, -0.892663247, -0.122680664, -0.888305664, -0.442260742, -0.991726987, 0.094231307, 0.085995382, 0, 1, 1, 1, 
229.634719, 13, 0.1, 0.1, 0.000785714803, 0.378113542, -0.0199835314, 0.900742304, -0.434353886, 6.61917765e-005, 0.434353888, 0.900742305, -2.20688446e-005, -5.00360449e-005, 4.86289974e-005, 0.999999998, 0.900742122, -0.434354261, 6.7214567e-005, 0.434354263, 0.900742124, -8.50398043e-006, -5.68492518e-005, 3.68548271e-005, 0.999999998, 0, 0, 0, 0, 0, 0, 0, 0.297912524, -0.0778682129, -0.192435083, -0.151568753, 0.752710923, -0.640607689, -0.954345703, 0.0572509766, 0.29296875, 0.257224112, 0.65570373, 0.709905383, 0, -0, 0, 0, 0, 0, 0, 0.343113574, -0.0339379395, -0.160621045, -0.0347100411, 0.449276368, -0.892663247, -0.122680664, -0.888305664, -0.442260742, -0.991726987, 0.094231307, 0.085995382, 0, 1, 1, 1, 
229.635457, 13, 0.1, 0.1, 0.000785711596, 0.378113555, -0.0199706314, 0.900743336, -0.434351748, -3.72029252e-005, 0.434351748, 0.900743337, -7.88019895e-006, 3.69330652e-005, -9.06111889e-006, 0.999999999, 0.900743127, -0.434352183, -1.9284257e-005, 0.434352182, 0.900743127, -3.08246271e-005, 3.07589061e-005, 1.93889119e-005, 0.999999999, 0, 0, 0, 0, 0, 0, 0, 0.297912524, -0.0778682129, -0.192435083, -0.151568753, 0.752710923, -0.640607689, -0.954345703, 0.0572509766, 0.29296875, 0.257224112, 0.65570373, 0.709905383, 0, -0, 0, 0, 0, 0, 0, 0.343113574, -0.0339379395, -0.160621045, -0.0347100411, 0.449276368, -0.892663247, -0.122680664, -0.888305664, -0.442260742, -0.991726987, 0.094231307, 0.085995382, 0, 1, 1, 1, 
229.636193, 13, 0.1, 0.1, 0.000785710957, 0.378113558, -0.0199583882, 0.900744525, -0.434349282, 3.44750888e-005, 0.434349283, 0.900744526, -8.94668033e-006, -2.71672634e-005, 2.30329034e-005, 0.999999999, 0.900744291, -0.434349769, 2.22213572e-005, 0.434349769, 0.900744291, 1.90056774e-005, -2.82708723e-005, -7.46741407e-006, 1, 0, 0, 0, 0, 0, 0, 0, 0.299824634, -0.0805308838, -0.191667822, -0.157643551, 0.753009346, -0.638747881, -0.954223633, 0.0501708984, 0.294677734, 0.25398414, 0.65602724, 0.710723146, 0, -0, 0, 0, 0, 0, 0, 0.344527686, -0.0364704102, -0.159738818, -0.0401858728, 0.447115559, -0.893499932, -0.116821289, -0.890136719, -0.440185547, -0.992179777, 0.086762377, 0.0881168117, 0, 1, 1, 1, 
229.63689, 13, 0.1, 0.1, 0.00078571071, 0.378113567, -0.0199510615, 0.900745806, -0.434346627, -1.25721312e-005, 0.434346627, 0.900745806, 1.11990354e-005, 6.46003118e-006, -1.55481469e-005, 1, 0.900745542, -0.434347174, -2.39630101e-005, 0.434347174, 0.900745543, -7.93602833e-006, 2.5031566e-005, -3.25992355e-006, 1, 0, 0, 0, 0, 0, 0, 0, 0.299824634, -0.0805308838, -0.191667822, -0.157643551, 0.753009346, -0.638747881, -0.954223633, 0.0501708984, 0.294677734, 0.25398414, 0.65602724, 0.710723146, 0, -0, 0, 0, 0, 0, 0, 0.344527686, -0.0364704102, -0.159738818, -0.0401858728, 0.447115559, -0.893499932, -0.116821289, -0.890136719, -0.440185547, -0.992179777, 0.086762377, 0.0881168117, 0, 1, 1, 1, 
229.637589, 13, 0.1, 0.1, 0.000785705085, 0.37811357, -0.019949728, 0.900747162, -0.434343815, -7.58070633e-006, 0.434343815, 0.900747162, -4.09106177e-006, 8.60522709e-006, 3.92379363e-007, 1, 0.900746912, -0.434344334, 2.02973169e-005, 0.434344333, 0.900746912, 1.30819035e-005, -2.39647962e-005, -2.96745956e-006, 1, 0, 0, 0, 0, 0, 0, 0, 0.299824634, -0.0805308838, -0.191667822, -0.157643551, 0.753009346, -0.638747881, -0.954223633, 0.0501708984, 0.294677734, 0.25398414, 0.65602724, 0.710723146, 0, -0, 0, 0, 0, 0, 0, 0.344527686, -0.0364704102, -0.159738818, -0.0401858728, 0.447115559, -0.893499932, -0.116821289, -0.890136719, -0.440185547, -0.992179777, 0.086762377, 0.0881168117, 0, 1, 1, 1, 
229.638302, 13, 0.1, 0.1, 0.000785703933, 0.378113576, -0.01995439, 0.900748358, -0.434341334, 3.24809997e-005, 0.434341334, 0.900748359, 1.51531116e-005, -3.58388299e-005, 4.58700328e-007, 0.999999999, 0.900748135, -0.434341798, 2.43748231e-005, 0.434341798, 0.900748135, -2.47917679e-006, -2.08787664e-005, 1.28201184e-005, 1, 0, 0, 0, 0, 0, 0, 0, 0.299824634, -0.0805308838, -0.191667822, -0.163356647, 0.753168106, -0.637110112, -0.954101562, 0.0434570312, 0.296142578, 0.25068688, 0.656249279, 0.711699668, 0, -0, 0, 0, 0, 0, 0, 0.344527686, -0.0364704102, -0.159738818, -0.0401858728, 0.447115559, -0.893499932, -0.116821289, -0.890136719, -0.440185547, -0.992179777, 0.086762377, 0.0881168117, 0, 1, 1, 1, 
229.639015, 13, 0.1, 0.1, 0.000785704412, 0.378113577, -0.0199627781, 0.900749165, -0.434339662, -1.45578584e-005, 0.434339662, 0.900749165, -1.90697406e-005, 2.13957235e-005, 1.08539976e-005, 1, 0.900749038, -0.434339925, -2.53947979e-005, 0.434339925, 0.900749038, 5.76050002e-006, 2.03723246e-005, -1.62187395e-005, 1, 0, 0, 0, 0, 0, 0, 0, 0.301308569, -0.0829777588, -0.190464941, -0.163356647, 0.753168106, -0.637110112, -0.954101562, 0.0434570312, 0.296142578, 0.25068688, 0.656249279, 0.711699668, 0, -0, 0, 0, 0, 0, 0, 0.345716846, -0.0385334473, -0.158845117, -0.0456489447, 0.445516916, -0.894055534, -0.110229492, -0.891723633, -0.438720703, -0.992753969, 0.0786160766, 0.0898995562, 0, 1, 1, 1, 
229.639713, 13, 0.1, 0.1, 0.000785700818, 0.378113584, -0.0199721373, 0.900749615, -0.434338728, 5.64816727e-007, 0.434338728, 0.900749615, 1.91316012e-005, -8.81835378e-006, -1.69874607e-005, 1, 0.900749545, -0.434338874, 1.88913449e-005, 0.434338874, 0.900749545, 1.80167942e-006, -1.77989097e-005, 6.58238354e-006, 1, 0, 0, 0, 0, 0, 0, 0, 0.301308569, -0.0829777588, -0.190464941, -0.163356647, 0.753168106, -0.637110112, -0.954101562, 0.0434570312, 0.296142578, 0.25068688, 0.656249279, 0.711699668, 0, -0, 0, 0, 0, 0, 0, 0.345716846, -0.0385334473, -0.158845117, -0.0456489447, 0.445516916, -0.894055534, -0.110229492, -0.891723633, -0.438720703, -0.992753969, 0.0786160766, 0.0898995562, 0, 1, 1, 1, 
229.640409, 13, 0.1, 0.1, 0.000785704421, 0.378113584, -0.0199798613, 0.900749867, -0.434338205, -6.20661096e-006, 0.434338205, 0.900749867, 8.82450474e-006, 1.75778445e-006, -1.06444397e-005, 1, 0.900749823, -0.434338296, -2.30383491e-005, 0.434338297, 0.900749823, 1.81504527e-005, 1.28683522e-005, -2.63554543e-005, 1, 0, 0, 0, 0, 0, 0, 0, 0.301308569, -0.0829777588, -0.190464941, -0.163356647, 0.753168106, -0.637110112, -0.954101562, 0.0434570312, 0.296142578, 0.25068688, 0.656249279, 0.711699668, 0, -0, 0, 0, 0, 0, 0, 0.345716846, -0.0385334473, -0.158845117, -0.0456489447, 0.445516916, -0.894055534, -0.110229492, -0.891723633, -0.438720703, -0.992753969, 0.0786160766, 0.0898995562, 0, 1, 1, 1, 
229.64111, 13, 0.1, 0.1, 0.000785696584, 0.378113592, -0.0199839389, 0.900750078, -0.434337767, 3.56153341e-005, 0.434337767, 0.900750078, -1.9397505e-005, -2.36554459e-005, 3.29413889e-005, 0.999999999, 0.900750036, -0.434337854, 4.22212544e-005, 0.434337855, 0.900750036, -2.03336889e-005, -2.91991057e-005, 3.665386e-005, 0.999999999, 0, 0, 0, 0, 0, 0, 0, 0.301308569, -0.0829777588, -0.190464941, -0.163356647, 0.753168106, -0.637110112, -0.954101562, 0.0434570312, 0.296142578, 0.25068688, 0.656249279, 0.711699668, 0, -0, 0, 0, 0, 0, 0, 0.345716846, -0.0385334473, -0.158845117, -0.0456489447, 0.445516916, -0.894055534, -0.110229492, -0.891723633, -0.438720703, -0.992753969, 0.0786160766, 0.0898995562, 0, 1, 1, 1, 
229.641805, 13, 0.1, 0.1, 0.000785696944, 0.378113596, -0.0199835342, 0.900750322, -0.434337262, -2.33102413e-005, 0.434337262, 0.900750322, 2.0540982e-005, 1.20749934e-005, -2.86268025e-005, 1, 0.900750266, -0.434337379, -2.17471028e-005, 0.434337379, 0.900750266, 1.37674758e-005, 1.36089792e-005, -2.18466371e-005, 1, 0, 0, 0, 0, 0, 0, 0, 0.301308569, -0.0829777588, -0.190464941, -0.163356647, 0.753168106, -0.637110112, -0.954101562, 0.0434570312, 0.296142578, 0.25068688, 0.656249279, 0.711699668, 0, -0, 0, 0, 0, 0, 0, 0.345716846, -0.0385334473, -0.158845117, -0.0456489447, 0.445516916, -0.894055534, -0.110229492, -0.891723633, -0.438720703, -0.992753969, 0.0786160766, 0.0898995562, 0, 1, 1, 1, 
229.642499, 13, 0.1, 0.1, 0.00078569589, 0.378113599, -0.0199791242, 0.900750648, -0.434336585, 9.4798817e-006, 0.434336585, 0.900750648, -1.22014782e-005, -3.23946123e-006, 1.51079488e-005, 1, 0.900750573, -0.434336742, 1.1781663e-005, 0.434336742, 0.900750573, 1.87390192e-007, -1.06937301e-005, 4.94841729e-006, 1, 0, 0, 0, 0, 0, 0, 0, 0.301308569, -0.0829777588, -0.190464941, -0.163356647, 0.753168106, -0.637110112, -0.954101562, 0.0434570312, 0.296142578, 0.25068688, 0.656249279, 0.711699668, 0, -0, 0, 0, 0, 0, 0, 0.345716846, -0.0385334473, -0.158845117, -0.0456489447, 0.445516916, -0.894055534, -0.110229492, -0.891723633, -0.438720703, -0.992753969, 0.0786160766, 0.0898995562, 0, 1, 1, 1, 
229.643224, 13, 0.1, 0.1, 0.000785696386, 0.378113603, -0.0199718282, 0.900751105, -0.434335638, 1.54849205e-006, 0.434335637, 0.900751105, 3.72839307e-005, -1.75885457e-005, -3.29109765e-005, 0.999999999, 0.900750997, -0.434335863, -1.2191957e-005, 0.434335863, 0.900750997, 1.84850836e-005, 2.95318273e-006, -2.19458616e-005, 1, 0, 0, 0, 0, 0, 0, 0, 0.30228877, -0.0851368164, -0.190049316, -0.170356671, 0.754684186, -0.633428688, -0.95300293, 0.0369873047, 0.300415039, 0.250188879, 0.654896828, 0.713094058, 0, -0, 0, 0, 0, 0, 0, 0.345716846, -0.0385334473, -0.158845117, -0.0528626784, 0.44452528, -0.894099644, -0.104736328, -0.892822266, -0.437744141, -0.993021193, 0.0705335754, 0.0938226868, 0, 1, 1, 1, 
229.643919, 13, 0.1, 0.1, 0.000785693917, 0.378113607, -0.0199646441, 0.900751612, -0.434334588, 2.21858567e-006, 0.434334587, 0.900751611, -4.89330467e-005, 1.92549201e-005, 4.50401292e-005, 0.999999999, 0.900751515, -0.434334789, 4.31158347e-006, 0.434334789, 0.900751514, -2.89881207e-005, 8.70688396e-006, 2.79837643e-005, 1, 0, 0, 0, 0, 0, 0, 0, 0.30228877, -0.0851368164, -0.190049316, -0.170356671, 0.754684186, -0.633428688, -0.95300293, 0.0369873047, 0.300415039, 0.250188879, 0.654896828, 0.713094058, 0, -0, 0, 0, 0, 0, 0, 0.346350146, -0.0405549805, -0.158319043, -0.0528626784, 0.44452528, -0.894099644, -0.104736328, -0.892822266, -0.437744141, -0.993021193, 0.0705335754, 0.0938226868, 0, 1, 1, 1, 
229.644618, 13, 0.1, 0.1, 0.000785690377, 0.378113613, -0.0199594652, 0.900752002, -0.434333778, 7.98648455e-006, 0.434333777, 0.900752002, 3.9238821e-005, -2.42365873e-005, -3.18756465e-005, 0.999999999, 0.900751947, -0.434333891, 1.91587044e-005, 0.434333891, 0.900751947, 2.33193311e-005, -2.73856162e-005, -1.26836582e-005, 1, 0, 0, 0, 0, 0, 0, 0, 0.30228877, -0.0851368164, -0.190049316, -0.170356671, 0.754684186, -0.633428688, -0.95300293, 0.0369873047, 0.300415039, 0.250188879, 0.654896828, 0.713094058, 0, -0, 0, 0, 0, 0, 0, 0.346350146, -0.0405549805, -0.158319043, -0.0528626784, 0.44452528, -0.894099644, -0.104736328, -0.892822266, -0.437744141, -0.993021193, 0.0705335754, 0.0938226868, 0, 1, 1, 1, 
229.645317, 13, 0.1, 0.1, 0.00078569277, 0.37811362, -0.0199575534, 0.900752096, -0.434333584, 5.48279503e-006, 0.434333583, 0.900752095, -5.06754621e-005, 1.70714159e-005, 4.80273907e-005, 0.999999999, 0.900752106, -0.434333563, -1.6048444e-005, 0.434333562, 0.900752105, -3.94361631e-005, 3.1584119e-005, 2.85518291e-005, 0.999999999, 0, 0, 0, 0, 0, 0, 0, 0.30228877, -0.0851368164, -0.190049316, -0.170356671, 0.754684186, -0.633428688, -0.95300293, 0.0369873047, 0.300415039, 0.250188879, 0.654896828, 0.713094058, 0, -0, 0, 0, 0, 0, 0, 0.346350146, -0.0405549805, -0.158319043, -0.0528626784, 0.44452528, -0.894099644, -0.104736328, -0.892822266, -0.437744141, -0.993021193, 0.0705335754, 0.0938226868, 0, 1, 1, 1, 
229.646018, 13, 0.1, 0.1, 0.000785689016, 0.378113626, -0.0199593092, 0.90075188, -0.434334031, -2.96177969e-005, 0.434334032, 0.900751879, 2.33393183e-005, 1.6541226e-005, -3.3886952e-005, 0.999999999, 0.900751947, -0.434333892, 2.02055247e-006, 0.434333891, 0.900751947, 1.63763775e-005, -8.93283235e-006, -1.38734595e-005, 1, 0, 0, 0, 0, 0, 0, 0, 0.30228877, -0.0851368164, -0.190049316, -0.170356671, 0.754684186, -0.633428688, -0.95300293, 0.0369873047, 0.300415039, 0.250188879, 0.654896828, 0.713094058, 0, -0, 0, 0, 0, 0, 0, 0.346350146, -0.0405549805, -0.158319043, -0.0528626784, 0.44452528, -0.894099644, -0.104736328, -0.892822266, -0.437744141, -0.993021193, 0.0705335754, 0.0938226868, 0, 1, 1, 1, 
229.646713, 13, 0.1, 0.1, 0.000785690921, 0.378113629, -0.0199639394, 0.900751532, -0.434334752, 2.87610431e-005, 0.434334753, 0.900751532, -2.10522107e-005, -1.67628469e-005, 3.14547316e-005, 0.999999999, 0.900751599, -0.434334613, 1.1139038e-005, 0.434334614, 0.900751599, -1.06150326e-005, -5.42303024e-006, 1.43995774e-005, 1, 0, 0, 0, 0, 0, 0, 0, 0.30228877, -0.0851368164, -0.190049316, -0.170356671, 0.754684186, -0.633428688, -0.95300293, 0.0369873047, 0.300415039, 0.250188879, 0.654896828, 0.713094058, 0, -0, 0, 0, 0, 0, 0, 0.346350146, -0.0405549805, -0.158319043, -0.0528626784, 0.44452528, -0.894099644, -0.104736328, -0.892822266, -0.437744141, -0.993021193, 0.0705335754, 0.0938226868, 0, 1, 1, 1, 
229.647409, 13, 0.1, 0.1, 0.000785690289, 0.378113636, -0.0199699437, 0.900751273, -0.434335289, -2.88580357e-005, 0.43433529, 0.900751273, 1.56452087e-005, 1.91986461e-005, -2.6626505e-005, 0.999999999, 0.900751306, -0.43433522, -2.323115e-005, 0.43433522, 0.900751307, 1.37324739e-006, 2.0329039e-005, -1.1327061e-005, 1, 0, 0, 0, 0, 0, 0, 0, 0.30228877, -0.0851368164, -0.190049316, -0.170356671, 0.754684186, -0.633428688, -0.95300293, 0.0369873047, 0.300415039, 0.250188879, 0.654896828, 0.713094058, 0, -0, 0, 0, 0, 0, 0, 0.346350146, -0.0405549805, -0.158319043, -0.0528626784, 0.44452528, -0.894099644, -0.104736328, -0.892822266, -0.437744141, -0.993021193, 0.0705335754, 0.0938226868, 0, 1, 1, 1, 
229.648134, 13, 0.1, 0.1, 0.000785688661, 0.378113637, -0.0199755076, 0.900751225, -0.43433539, 1.66209434e-005, 0.43433539, 0.900751225, -1.1341191e-005, -1.00454545e-005, 1.74346556e-005, 1, 0.900751216, -0.434335409, 1.86920315e-005, 0.434335409, 0.900751216, 3.4912029e-006, -1.83532231e-005, 4.97390587e-006, 1, 0, 0, 0, 0, 0, 0, 0, 0.303468042, -0.0868684326, -0.189208936, -0.177700423, 0.75579438, -0.630191342, -0.952392578, 0.0290527344, 0.303222656, 0.247520665, 0.654103031, 0.714805968, 0, -0, 0, 0, 0, 0, 0, 0.346350146, -0.0405549805, -0.158319043, -0.0599550104, 0.44340568, -0.894188596, -0.0977783203, -0.894042969, -0.436889648, -0.993275656, 0.0613329401, 0.097004648, 0, 1, 1, 1, 
229.648845, 13, 0.1, 0.1, 0.000785688482, 0.378113642, -0.0199785856, 0.900751354, -0.434335121, -4.4214595e-007, 0.434335121, 0.900751354, 2.52886739e-005, -1.05854957e-005, -2.29708468e-005, 1, 0.900751313, -0.434335207, -8.85947601e-006, 0.434335207, 0.900751313, 9.39879998e-006, 3.89795492e-006, -1.23139638e-005, 1, 0, 0, 0, 0, 0, 0, 0, 0.303468042, -0.0868684326, -0.189208936, -0.177700423, 0.75579438, -0.630191342, -0.952392578, 0.0290527344, 0.303222656, 0.247520665, 0.654103031, 0.714805968, 0, -0, 0, 0, 0, 0, 0, 0.34721499, -0.0421620117, -0.157811523, -0.0599550104, 0.44340568, -0.894188596, -0.0977783203, -0.894042969, -0.436889648, -0.993275656, 0.0613329401, 0.097004648, 0, 1, 1, 1, 
229.649545, 13, 0.1, 0.1, 0.000785687097, 0.378113644, -0.0199786281, 0.900751556, -0.434334704, -6.85219616e-007, 0.434334704, 0.900751555, -2.0426797e-005, 9.48927946e-006, 1.81018545e-005, 1, 0.900751517, -0.434334784, 5.95982591e-007, 0.434334784, 0.900751517, -8.76418772e-006, 3.26975935e-006, 8.15321136e-006, 1, 0, 0, 0, 0, 0, 0, 0, 0.303468042, -0.0868684326, -0.189208936, -0.177700423, 0.75579438, -0.630191342, -0.952392578, 0.0290527344, 0.303222656, 0.247520665, 0.654103031, 0.714805968, 0, -0, 0, 0, 0, 0, 0, 0.34721499, -0.0421620117, -0.157811523, -0.0599550104, 0.44340568, -0.894188596, -0.0977783203, -0.894042969, -0.436889648, -0.993275656, 0.0613329401, 0.097004648, 0, 1, 1, 1, 
229.650251, 13, 0.1, 0.1, 0.000785684992, 0.378113648, -0.0199758975, 0.900751698, -0.434334408, 3.73265258e-006, 0.434334408, 0.900751698, 2.9978848e-005, -1.63830383e-005, -2.53822788e-005, 1, 0.900751683, -0.43433444, 1.02065497e-005, 0.43433444, 0.900751683, 2.15784689e-005, -1.8565839e-005, -1.50037861e-005, 1, 0, 0, 0, 0, 0, 0, 0, 0.303468042, -0.0868684326, -0.189208936, -0.177700423, 0.75579438, -0.630191342, -0.952392578, 0.0290527344, 0.303222656, 0.247520665, 0.654103031, 0.714805968, 0, -0, 0, 0, 0, 0, 0, 0.34721499, -0.0421620117, -0.157811523, -0.0599550104, 0.44340568, -0.894188596, -0.0977783203, -0.894042969, -0.436889648, -0.993275656, 0.0613329401, 0.097004648, 0, 1, 1, 1, 
229.65097, 13, 0.1, 0.1, 0.000785685953, 0.378113653, -0.0199712171, 0.900751668, -0.43433447, 7.94427659e-006, 0.43433447, 0.900751668, -3.34158333e-005, 7.35782785e-006, 3.35498407e-005, 0.999999999, 0.900751693, -0.434334419, -6.85156447e-006, 0.434334418, 0.900751693, -2.62319094e-005, 1.75649794e-005, 2.06525665e-005, 1, 0, 0, 0, 0, 0, 0, 0, 0.303468042, -0.0868684326, -0.189208936, -0.177700423, 0.75579438, -0.630191342, -0.952392578, 0.0290527344, 0.303222656, 0.247520665, 0.654103031, 0.714805968, 0, -0, 0, 0, 0, 0, 0, 0.34721499, -0.0421620117, -0.157811523, -0.0599550104, 0.44340568, -0.894188596, -0.0977783203, -0.894042969, -0.436889648, -0.993275656, 0.0613329401, 0.097004648, 0, 1, 1, 1, 
229.651667, 13, 0.1, 0.1, 0.000785683458, 0.378113657, -0.0199663615, 0.900751437, -0.434334949, -2.90573223e-005, 0.43433495, 0.900751437, 2.29182461e-005, 1.62192296e-005, -3.32642538e-005, 0.999999999, 0.900751502, -0.434334816, -2.68509945e-006, 0.434334816, 0.900751501, 1.85771213e-005, -5.65008321e-006, -1.78996021e-005, 1, 0, 0, 0, 0, 0, 0, 0, 0.303468042, -0.0868684326, -0.189208936, -0.177700423, 0.75579438, -0.630191342, -0.952392578, 0.0290527344, 0.303222656, 0.247520665, 0.654103031, 0.714805968, 0, -0, 0, 0, 0, 0, 0, 0.34721499, -0.0421620117, -0.157811523, -0.0599550104, 0.44340568, -0.894188596, -0.0977783203, -0.894042969, -0.436889648, -0.993275656, 0.0613329401, 0.097004648, 0, 1, 1, 1, 
229.652367, 13, 0.1, 0.1, 0.00078568444, 0.378113661, -0.0199627373, 0.900751095, -0.434335658, 3.42245133e-005, 0.434335659, 0.900751095, -2.62201685e-005, -1.94394137e-005, 3.8482772e-005, 0.999999999, 0.900751161, -0.434335522, 1.69684747e-005, 0.434335522, 0.900751161, -1.54986781e-005, -8.55274686e-006, 2.13304637e-005, 1, 0, 0, 0, 0, 0, 0, 0, 0.303468042, -0.0868684326, -0.189208936, -0.177700423, 0.75579438, -0.630191342, -0.952392578, 0.0290527344, 0.303222656, 0.247520665, 0.654103031, 0.714805968, 0, -0, 0, 0, 0, 0, 0, 0.34721499, -0.0421620117, -0.157811523, -0.0599550104, 0.44340568, -0.894188596, -0.0977783203, -0.894042969, -0.436889648, -0.993275656, 0.0613329401, 0.097004648, 0, 1, 1, 1, 
229.653093, 13, 0.1, 0.1, 0.000785685506, 0.378113667, -0.0199611236, 0.900750845, -0.434336175, -4.42008553e-005, 0.434336176, 0.900750845, 2.58361838e-005, 2.85923686e-005, -4.24699949e-005, 0.999999999, 0.90075087, -0.434336123, -3.87398504e-005, 0.434336124, 0.900750871, 8.08036472e-006, 3.13853597e-005, -2.4104512e-005, 0.999999999, 0, 0, 0, 0, 0, 0, 0, 0.304614111, -0.0886074951, -0.188348901, -0.185685204, 0.756764911, -0.626573197, -0.951538086, 0.0202636719, 0.306518555, 0.244706797, 0.653207762, 0.716581157, 0, -0, 0, 0, 0, 0, 0, 0.347879785, -0.043730957, -0.156847754, -0.0666703777, 0.442918607, -0.893983706, -0.0904541016, -0.894897461, -0.436645508, -0.993613241, 0.0519533007, 0.0997265225, 0, 1, 1, 1, 
229.653795, 13, 0.1, 0.1, 0.000785683699, 0.378113668, -0.0199619561, 0.900750878, -0.434336109, 2.45242161e-005, 0.43433611, 0.900750877, -2.36083945e-005, -1.1836231e-005, 3.19170347e-005, 0.999999999, 0.900750845, -0.434336176, 2.76801587e-005, 0.434336176, 0.900750846, -1.46921731e-006, -2.42947921e-005, 1.3345893e-005, 1, 0, 0, 0, 0, 0, 0, 0, 0.304614111, -0.0886074951, -0.188348901, -0.185685204, 0.756764911, -0.626573197, -0.951538086, 0.0202636719, 0.306518555, 0.244706797, 0.653207762, 0.716581157, 0, -0, 0, 0, 0, 0, 0, 0.347879785, -0.043730957, -0.156847754, -0.0666703777, 0.442918607, -0.893983706, -0.0904541016, -0.894897461, -0.436645508, -0.993613241, 0.0519533007, 0.0997265225, 0, 1, 1, 1, 
229.654492, 13, 0.1, 0.1, 0.000785684344, 0.378113674, -0.0199649512, 0.900751167, -0.434335509, -2.84240237e-006, 0.434335509, 0.900751167, 3.45574957e-005, -1.24492502e-005, -3.23622609e-005, 0.999999999, 0.90075109, -0.434335669, -1.59460868e-005, 0.434335669, 0.90075109, 1.02938404e-005, 9.89247305e-006, -1.61981423e-005, 1, 0, 0, 0, 0, 0, 0, 0, 0.304614111, -0.0886074951, -0.188348901, -0.185685204, 0.756764911, -0.626573197, -0.951538086, 0.0202636719, 0.306518555, 0.244706797, 0.653207762, 0.716581157, 0, -0, 0, 0, 0, 0, 0, 0.347879785, -0.043730957, -0.156847754, -0.0666703777, 0.442918607, -0.893983706, -0.0904541016, -0.894897461, -0.436645508, -0.993613241, 0.0519533007, 0.0997265225, 0, 1, 1, 1, 
229.655204, 13, 0.1, 0.1, 0.00078568271, 0.378113676, -0.0199691297, 0.900751569, -0.434334676, -2.83403255e-007, 0.434334676, 0.900751569, -3.34722359e-005, 1.47934287e-005, 3.00270771e-005, 0.999999999, 0.900751486, -0.434334849, 1.56349478e-006, 0.434334849, 0.900751486, -1.36129568e-005, 4.5042613e-006, 1.29409714e-005, 1, 0, 0, 0, 0, 0, 0, 0, 0.304614111, -0.0886074951, -0.188348901, -0.194164237, 0.758566309, -0.621793562, -0.950195312, 0.0118408203, 0.311157227, 0.243454313, 0.651315754, 0.718666752, 0, -0, 0, 0, 0, 0, 0, 0.347879785, -0.043730957, -0.156847754, -0.0666703777, 0.442918607, -0.893983706, -0.0904541016, -0.894897461, -0.436645508, -0.993613241, 0.0519533007, 0.0997265225, 0, 1, 1, 1, 
229.655912, 13, 0.1, 0.1, 0.000785679984, 0.378113681, -0.0199728752, 0.900751874, -0.434334044, 8.07737908e-006, 0.434334043, 0.900751874, 2.43303815e-005, -1.78432273e-005, -1.8407356e-005, 1, 0.900751831, -0.434334132, 1.4684037e-005, 0.434334132, 0.900751831, 1.31278887e-005, -1.89285634e-005, -5.44719135e-006, 1, 0, 0, 0, 0, 0, 0, 0, 0.305293188, -0.0900838867, -0.188098291, -0.194164237, 0.758566309, -0.621793562, -0.950195312, 0.0118408203, 0.311157227, 0.243454313, 0.651315754, 0.718666752, 0, -0, 0, 0, 0, 0, 0, 0.348278369, -0.0452466797, -0.156495117, -0.074165194, 0.443134425, -0.893299406, -0.0841064453, -0.895263672, -0.437133789, -0.993541779, 0.0428930235, 0.103726212, 0, 1, 1, 1, 
229.65661, 13, 0.1, 0.1, 0.000785680787, 0.378113686, -0.0199753542, 0.900751977, -0.43433383, 4.16664318e-006, 0.43433383, 0.900751977, -2.62312956e-005, 7.64002701e-006, 2.54376055e-005, 1, 0.900751973, -0.434333837, -8.01156893e-006, 0.434333837, 0.900751973, -1.97206702e-005, 1.57817909e-005, 1.42837371e-005, 1, 0, 0, 0, 0, 0, 0, 0, 0.305293188, -0.0900838867, -0.188098291, -0.194164237, 0.758566309, -0.621793562, -0.950195312, 0.0118408203, 0.311157227, 0.243454313, 0.651315754, 0.718666752, 0, -0, 0, 0, 0, 0, 0, 0.348278369, -0.0452466797, -0.156495117, -0.074165194, 0.443134425, -0.893299406, -0.0841064453, -0.895263672, -0.437133789, -0.993541779, 0.0428930235, 0.103726212, 0, 1, 1, 1, 
229.657307, 13, 0.1, 0.1, 0.000785678335, 0.37811369, -0.019975985, 0.900751898, -0.434333994, -1.71521715e-005, 0.434333994, 0.900751898, 1.50968711e-005, 8.89276671e-006, -2.10483064e-005, 1, 0.900751928, -0.434333931, 1.44697349e-006, 0.434333931, 0.900751928, 1.15233509e-005, -6.30834646e-006, -9.75121087e-006, 1, 0, 0, 0, 0, 0, 0, 0, 0.305293188, -0.0900838867, -0.188098291, -0.194164237, 0.758566309, -0.621793562, -0.950195312, 0.0118408203, 0.311157227, 0.243454313, 0.651315754, 0.718666752, 0, -0, 0, 0, 0, 0, 0, 0.348278369, -0.0452466797, -0.156495117, -0.074165194, 0.443134425, -0.893299406, -0.0841064453, -0.895263672, -0.437133789, -0.993541779, 0.0428930235, 0.103726212, 0, 1, 1, 1, 
229.658001, 13, 0.1, 0.1, 0.000785678416, 0.378113693, -0.0199747268, 0.900751734, -0.434334334, 2.46662836e-005, 0.434334334, 0.900751734, -1.58738795e-005, -1.53236268e-005, 2.50118383e-005, 1, 0.900751766, -0.434334268, 1.32034908e-005, 0.434334268, 0.900751766, -8.99453488e-006, -7.98643296e-006, 1.38365717e-005, 1, 0, 0, 0, 0, 0, 0, 0, 0.305293188, -0.0900838867, -0.188098291, -0.194164237, 0.758566309, -0.621793562, -0.950195312, 0.0118408203, 0.311157227, 0.243454313, 0.651315754, 0.718666752, 0, -0, 0, 0, 0, 0, 0, 0.348278369, -0.0452466797, -0.156495117, -0.074165194, 0.443134425, -0.893299406, -0.0841064453, -0.895263672, -0.437133789, -0.993541779, 0.0428930235, 0.103726212, 0, 1, 1, 1, 
229.658699, 13, 0.1, 0.1, 0.000785678446, 0.378113698, -0.0199720409, 0.900751628, -0.434334554, -2.69666502e-005, 0.434334554, 0.900751628, 2.00237979e-005, 1.55932267e-005, -2.97490165e-005, 0.999999999, 0.900751634, -0.43433454, -2.3201146e-005, 0.43433454, 0.900751634, 7.32276875e-006, 1.77179388e-005, -1.6673055e-005, 1, 0, 0, 0, 0, 0, 0, 0, 0.305293188, -0.0900838867, -0.188098291, -0.194164237, 0.758566309, -0.621793562, -0.950195312, 0.0118408203, 0.311157227, 0.243454313, 0.651315754, 0.718666752, 0, -0, 0, 0, 0, 0, 0, 0.348278369, -0.0452466797, -0.156495117, -0.074165194, 0.443134425, -0.893299406, -0.0841064453, -0.895263672, -0.437133789, -0.993541779, 0.0428930235, 0.103726212, 0, 1, 1, 1, 
229.659396, 13, 0.1, 0.1, 0.000785675902, 0.378113699, -0.0199688135, 0.900751707, -0.43433439, 2.22564587e-005, 0.43433439, 0.900751707, -2.11681392e-005, -1.08534924e-005, 2.8733983e-005, 1, 0.900751672, -0.434334463, 2.62210462e-005, 0.434334463, 0.900751672, -3.54565649e-006, -2.20786504e-005, 1.458246e-005, 1, 0, 0, 0, 0, 0, 0, 0, 0.305293188, -0.0900838867, -0.188098291, -0.194164237, 0.758566309, -0.621793562, -0.950195312, 0.0118408203, 0.311157227, 0.243454313, 0.651315754, 0.718666752, 0, -0, 0, 0, 0, 0, 0, 0.348278369, -0.0452466797, -0.156495117, -0.074165194, 0.443134425, -0.893299406, -0.0841064453, -0.895263672, -0.437133789, -0.993541779, 0.0428930235, 0.103726212, 0, 1, 1, 1, 
229.660122, 13, 0.1, 0.1, 0.00078567658, 0.378113703, -0.0199658143, 0.900752014, -0.434333754, -1.42608574e-006, 0.434333753, 0.900752013, 4.42245805e-005, -1.79236784e-005, -4.04547771e-005, 0.999999999, 0.900751929, -0.43433393, -1.53693445e-005, 0.43433393, 0.900751929, 1.92817503e-005, 5.46924836e-006, -2.40435016e-005, 1, 0, 0, 0, 0, 0, 0, 0, 0.306458179, -0.0918338135, -0.187260596, -0.201812403, 0.759314801, -0.618594407, -0.94921875, 0.00390624999, 0.314453125, 0.241205089, 0.650579244, 0.720137526, 0, -0, 0, 0, 0, 0, 0, 0.348278369, -0.0452466797, -0.156495117, -0.0811616441, 0.442749797, -0.892845149, -0.0787353516, -0.895874023, -0.437133789, -0.99354068, 0.0348743214, 0.10757898, 0, 1, 1, 1, 
229.660822, 13, 0.1, 0.1, 0.000785675123, 0.378113704, -0.0199639386, 0.900752418, -0.434332915, -2.48017957e-006, 0.434332914, 0.900752418, -3.90513757e-005, 1.91953256e-005, 3.40983975e-005, 0.999999999, 0.90075234, -0.434333077, -1.56720476e-007, 0.434333077, 0.90075234, -1.79915337e-005, 7.9554845e-006, 1.61378472e-005, 1, 0, 0, 0, 0, 0, 0, 0, 0.306458179, -0.0918338135, -0.187260596, -0.201812403, 0.759314801, -0.618594407, -0.94921875, 0.00390624999, 0.314453125, 0.241205089, 0.650579244, 0.720137526, 0, -0, 0, 0, 0, 0, 0, 0.348708447, -0.0470034668, -0.156160791, -0.0811616441, 0.442749797, -0.892845149, -0.0787353516, -0.895874023, -0.437133789, -0.99354068, 0.0348743214, 0.10757898, 0, 1, 1, 1, 
229.661518, 13, 0.1, 0.1, 0.000785672659, 0.378113709, -0.0199638463, 0.900752716, -0.434332297, 5.48184893e-006, 0.434332296, 0.900752716, 3.79439975e-005, -2.14180939e-005, -3.17972148e-005, 0.999999999, 0.900752678, -0.434332377, 1.4757289e-005, 0.434332377, 0.900752678, 2.38060015e-005, -2.36323848e-005, -1.50337512e-005, 1, 0, 0, 0, 0, 0, 0, 0, 0.306458179, -0.0918338135, -0.187260596, -0.201812403, 0.759314801, -0.618594407, -0.94921875, 0.00390624999, 0.314453125, 0.241205089, 0.650579244, 0.720137526, 0, -0, 0, 0, 0, 0, 0, 0.348708447, -0.0470034668, -0.156160791, -0.0811616441, 0.442749797, -0.892845149, -0.0787353516, -0.895874023, -0.437133789, -0.99354068, 0.0348743214, 0.10757898, 0, 1, 1, 1, 
229.662218, 13, 0.1, 0.1, 0.000785675073, 0.378113713, -0.0199654549, 0.900752763, -0.434332201, 2.04885503e-006, 0.4343322, 0.900752762, -3.7890249e-005, 1.46114434e-005, 3.50196302e-005, 0.999999999, 0.900752777, -0.43433217, -1.5590098e-005, 0.43433217, 0.900752777, -2.79102197e-005, 2.61651304e-005, 1.83689268e-005, 0.999999999, 0, 0, 0, 0, 0, 0, 0, 0.306458179, -0.0918338135, -0.187260596, -0.201812403, 0.759314801, -0.618594407, -0.94921875, 0.00390624999, 0.314453125, 0.241205089, 0.650579244, 0.720137526, 0, -0, 0, 0, 0, 0, 0, 0.348708447, -0.0470034668, -0.156160791, -0.0811616441, 0.442749797, -0.892845149, -0.0787353516, -0.895874023, -0.437133789, -0.99354068, 0.0348743214, 0.10757898, 0, 1, 1, 1, 
229.662918, 13, 0.1, 0.1, 0.000785672292, 0.378113717, -0.0199681532, 0.900752563, -0.434332615, -2.33526896e-005, 0.434332615, 0.900752563, 1.69728684e-005, 1.36631247e-005, -2.54311895e-005, 1, 0.900752621, -0.434332494, 1.16949345e-006, 0.434332494, 0.900752621, 1.20169625e-005, -6.2727816e-006, -1.03163615e-005, 1, 0, 0, 0, 0, 0, 0, 0, 0.306458179, -0.0918338135, -0.187260596, -0.201812403, 0.759314801, -0.618594407, -0.94921875, 0.00390624999, 0.314453125, 0.241205089, 0.650579244, 0.720137526, 0, -0, 0, 0, 0, 0, 0, 0.348708447, -0.0470034668, -0.156160791, -0.0811616441, 0.442749797, -0.892845149, -0.0787353516, -0.895874023, -0.437133789, -0.99354068, 0.0348743214, 0.10757898, 0, 1, 1, 1, 
229.663614, 13, 0.1, 0.1, 0.000785673553, 0.378113721, -0.0199710531, 0.900752263, -0.434333236, 2.45453975e-005, 0.434333236, 0.900752263, -1.99105782e-005, -1.34614965e-005, 2.85953803e-005, 1, 0.900752321, -0.434333117, 1.05962939e-005, 0.434333117, 0.900752321, -1.15471244e-005, -4.52933775e-006, 1.50034205e-005, 1, 0, 0, 0, 0, 0, 0, 0, 0.306458179, -0.0918338135, -0.187260596, -0.201812403, 0.759314801, -0.618594407, -0.94921875, 0.00390624999, 0.314453125, 0.241205089, 0.650579244, 0.720137526, 0, -0, 0, 0, 0, 0, 0, 0.348708447, -0.0470034668, -0.156160791, -0.0811616441, 0.442749797, -0.892845149, -0.0787353516, -0.895874023, -0.437133789, -0.99354068, 0.0348743214, 0.10757898, 0, 1, 1, 1, 
229.66431, 13, 0.1, 0.1, 0.000785673184, 0.378113726, -0.0199733488, 0.90075204, -0.4343337, -2.47781196e-005, 0.4343337, 0.90075204, 1.28169703e-005, 1.67520996e-005, -2.23068845e-005, 1, 0.900752069, -0.434333639, -2.04365949e-005, 0.43433364, 0.900752069, 3.57323215e-007, 1.82531076e-005, -9.19816026e-006, 1, 0, 0, 0, 0, 0, 0, 0, 0.306458179, -0.0918338135, -0.187260596, -0.201812403, 0.759314801, -0.618594407, -0.94921875, 0.00390624999, 0.314453125, 0.241205089, 0.650579244, 0.720137526, 0, -0, 0, 0, 0, 0, 0, 0.348708447, -0.0470034668, -0.156160791, -0.0811616441, 0.442749797, -0.892845149, -0.0787353516, -0.895874023, -0.437133789, -0.99354068, 0.0348743214, 0.10757898, 0, 1, 1, 1, 
229.665037, 13, 0.1, 0.1, 0.000785670983, 0.378113728, -0.019974261, 0.900752007, -0.434333767, 1.89185655e-005, 0.434333767, 0.900752007, -1.87562403e-005, -8.89446735e-006, 2.51116929e-005, 1, 0.900751995, -0.434333793, 2.21069613e-005, 0.434333793, 0.900751995, -3.52715991e-006, -1.83809247e-005, 1.27788967e-005, 1, 0, 0, 0, 0, 0, 0, 0, 0.307209155, -0.093588501, -0.186426929, -0.208863724, 0.759961821, -0.615452541, -0.948120117, -0.00317382813, 0.317871094, 0.239602886, 0.649982399, 0.721246599, 0, -0, 0, 0, 0, 0, 0, 0.348708447, -0.0470034668, -0.156160791, -0.0889247832, 0.442211685, -0.89232053, -0.0726318359, -0.896362305, -0.437011719, -0.993251934, 0.0259802884, 0.111930115, 0, 1, 1, 1, 
229.665753, 13, 0.1, 0.1, 0.000785671255, 0.378113732, -0.0199733842, 0.900752168, -0.434333435, -1.04609563e-006, 0.434333434, 0.900752167, 3.15791949e-005, -1.27736273e-005, -2.88993826e-005, 1, 0.900752119, -0.434333536, -1.1345378e-005, 0.434333537, 0.900752118, 1.23267701e-005, 4.86544363e-006, -1.60310425e-005, 1, 0, 0, 0, 0, 0, 0, 0, 0.307209155, -0.093588501, -0.186426929, -0.208863724, 0.759961821, -0.615452541, -0.948120117, -0.00317382813, 0.317871094, 0.239602886, 0.649982399, 0.721246599, 0, -0, 0, 0, 0, 0, 0, 0.349093848, -0.048342334, -0.155811328, -0.0889247832, 0.442211685, -0.89232053, -0.0726318359, -0.896362305, -0.437011719, -0.993251934, 0.0259802884, 0.111930115, 0, 1, 1, 1, 
229.666452, 13, 0.1, 0.1, 0.000785670085, 0.378113734, -0.0199713079, 0.900752416, -0.43433292, -2.50646014e-006, 0.434332919, 0.900752416, -2.99904646e-005, 1.52835461e-005, 2.59253453e-005, 1, 0.900752368, -0.434333019, -6.11517413e-007, 0.434333019, 0.900752368, -1.43523191e-005, 6.78451184e-006, 1.26622832e-005, 1, 0, 0, 0, 0, 0, 0, 0, 0.307209155, -0.093588501, -0.186426929, -0.208863724, 0.759961821, -0.615452541, -0.948120117, -0.00317382813, 0.317871094, 0.239602886, 0.649982399, 0.721246599, 0, -0, 0, 0, 0, 0, 0, 0.349093848, -0.048342334, -0.155811328, -0.0889247832, 0.442211685, -0.89232053, -0.0726318359, -0.896362305, -0.437011719, -0.993251934, 0.0259802884, 0.111930115, 0, 1, 1, 1, 
