time, trialNum, realDorsalTactorPos, realVentralTactorPos, boxPosX, boxPosY, boxPosZ, boxLocalRot_11, boxLocalRot_12, boxLocalRot_13, boxLocalRot_21, boxLocalRot_22, boxLocalRot_23, boxLocalRot_31, boxLocalRot_32, boxLocalRot_33, boxGlobalRot_11, boxGlobalRot_12, boxGlobalRot_13, boxGlobalRot_21, boxGlobalRot_22, boxGlobalRot_23, boxGlobalRot_31, boxGlobalRot_32, boxGlobalRot_33, indexForceX, indexForceY, indexForceZ, indexForceGlobalX, indexForceGlobalY, indexForceGlobalZ, indexContact, indexPosX, indexPosY, indexPosZ, indexRot_11, indexRot_12, indexRot_13, indexRot_21, indexRot_22, indexRot_23, indexRot_31, indexRot_32, indexRot_33, thumbForceX, thumbForceY, thumbForceZ, thumbForceGlobalX, thumbForceGlobalY, thumbForceGlobalZ, thumbContact, thumbPosX, thumbPosY, thumbPosZ, thumbRot_11, thumbRot_12, thumbRot_13, thumbRot_21, thumbRot_22, thumbRot_23, thumbRot_31, thumbRot_32, thumbRot_33, manipForceTooHigh, cceExpType, mapping, trialSuccess, 
489.841, 61, 0.1, 0.1, 0.0267640578, 0.368789434, -0.0349796286, 0.966453443, -2.83334367e-006, 0.256841863, 0.256841863, 1.2699971e-005, -0.966453443, -5.23589475e-007, 1, 1.3001652e-005, 0.966453436, -2.62559815e-006, 0.256841888, 0.256841888, 8.00967427e-006, -0.966453436, 4.80298489e-007, 1, 8.41534081e-006, 0, 0, 0, 0, 0, 0, 0, 0.213820215, -0.0265227051, -0.207317578, -0.308288939, 0.809310254, -0.499862418, -0.814575195, 0.0467529297, 0.578125, 0.491287296, 0.585437677, 0.644974305, 0, 0, -0, 0, 0, 0, 0, 0.281526416, 0.00520424805, -0.167688428, -0.0347989581, 0.645088801, -0.76324829, 0.317016602, -0.717041016, -0.620605469, -0.9476717, -0.263481009, -0.17951948, 0, 2, 1, 1, 
489.853458, 61, 0.1, 0.1, 0.0267640753, 0.368789448, -0.0349784852, 0.966454919, 1.09792461e-005, 0.256836309, 0.256836309, -3.05084692e-005, -0.966454919, -2.7752638e-006, 0.999999999, -3.23049291e-005, 0.966454898, 4.04712012e-006, 0.256836387, 0.256836387, -3.3956417e-005, -0.966454898, 4.8098844e-006, 0.999999999, -3.38567932e-005, 0, 0, 0, 0, 0, 0, 0, 0.218871729, -0.0348571777, -0.204355078, -0.317575614, 0.79818659, -0.511736435, -0.821655273, 0.0375976562, 0.568603516, 0.473230635, 0.601041789, 0.644135942, 0, 0, -0, 0, 0, 0, 0, 0.285868359, -0.00225683594, -0.165039746, -0.0351813862, 0.635220989, -0.771408816, 0.334472656, -0.719848633, -0.608032227, -0.941697502, -0.279370026, -0.187128035, 0, 2, 1, 1, 
489.854144, 61, 0.1, 0.1, 0.0267640744, 0.368789449, -0.0349798519, 0.966454985, -1.26348058e-005, 0.256836061, 0.256836062, 2.06896533e-005, -0.966454984, 6.89712203e-006, 1, 2.32406923e-005, 0.966454973, -6.54159807e-006, 0.256836104, 0.256836104, 1.03636204e-005, -0.966454973, 3.66040811e-006, 1, 1.1696091e-005, 0, 0, 0, 0, 0, 0, 0, 0.218871729, -0.0348571777, -0.204355078, -0.317575614, 0.79818659, -0.511736435, -0.821655273, 0.0375976562, 0.568603516, 0.473230635, 0.601041789, 0.644135942, 0, 0, -0, 0, 0, 0, 0, 0.285868359, -0.00225683594, -0.165039746, -0.0351813862, 0.635220989, -0.771408816, 0.334472656, -0.719848633, -0.608032227, -0.941697502, -0.279370026, -0.187128035, 0, 2, 1, 1, 
489.854824, 61, 0.1, 0.1, 0.0267640762, 0.36878944, -0.0349784042, 0.966455061, 1.38300936e-006, 0.256835773, 0.256835773, 1.74052127e-005, -0.966455061, -5.80689763e-006, 1, 1.64661496e-005, 0.966455043, -3.35911754e-007, 0.256835841, 0.256835841, 2.68762266e-005, -0.966455043, -6.57813468e-006, 1, 2.6060939e-005, 0, 0, 0, 0, 0, 0, 0, 0.218871729, -0.0348571777, -0.204355078, -0.317575614, 0.79818659, -0.511736435, -0.821655273, 0.0375976562, 0.568603516, 0.473230635, 0.601041789, 0.644135942, 0, 0, -0, 0, 0, 0, 0, 0.285868359, -0.00225683594, -0.165039746, -0.0351813862, 0.635220989, -0.771408816, 0.334472656, -0.719848633, -0.608032227, -0.941697502, -0.279370026, -0.187128035, 0, 2, 1, 1, 
489.855511, 61, 0.1, 0.1, 0.0267640765, 0.368789448, -0.0349747068, 0.966455156, 2.05078053e-006, 0.256835417, 0.256835416, -3.47300218e-005, -0.966455156, 6.9379122e-006, 0.999999999, -3.40917217e-005, 0.966455141, -2.49328725e-006, 0.256835475, 0.256835475, -3.45463707e-005, -0.96645514, 1.12823838e-005, 0.999999999, -3.27471529e-005, 0, 0, 0, 0, 0, 0, 0, 0.218871729, -0.0348571777, -0.204355078, -0.317575614, 0.79818659, -0.511736435, -0.821655273, 0.0375976562, 0.568603516, 0.473230635, 0.601041789, 0.644135942, 0, 0, -0, 0, 0, 0, 0, 0.285868359, -0.00225683594, -0.165039746, -0.0351813862, 0.635220989, -0.771408816, 0.334472656, -0.719848633, -0.608032227, -0.941697502, -0.279370026, -0.187128035, 0, 2, 1, 1, 
489.856195, 61, 0.1, 0.1, 0.0267640756, 0.36878945, -0.0349699638, 0.966455198, -9.5111126e-006, 0.256835259, 0.256835259, 2.1759064e-005, -0.966455198, 3.60356937e-006, 1, 2.34719496e-005, 0.966455191, -5.25559102e-006, 0.256835284, 0.256835284, 1.01878269e-005, -0.966455191, 2.46269982e-006, 1, 1.11958994e-005, 0, 0, 0, 0, 0, 0, 0, 0.218871729, -0.0348571777, -0.204355078, -0.317575614, 0.79818659, -0.511736435, -0.821655273, 0.0375976562, 0.568603516, 0.473230635, 0.601041789, 0.644135942, 0, 0, -0, 0, 0, 0, 0, 0.285868359, -0.00225683594, -0.165039746, -0.0351813862, 0.635220989, -0.771408816, 0.334472656, -0.719848633, -0.608032227, -0.941697502, -0.279370026, -0.187128035, 0, 2, 1, 1, 
489.856892, 61, 0.1, 0.1, 0.026764077, 0.368789444, -0.0349654388, 0.966455246, -3.94680129e-006, 0.256835079, 0.256835079, -9.31463915e-006, -0.966455246, 6.2067329e-006, 1, -7.98850484e-006, 0.966455233, -1.14974557e-006, 0.256835126, 0.256835126, 1.01932631e-005, -0.966455233, -1.50681039e-006, 1, 1.01466275e-005, 0, 0, 0, 0, 0, 0, 0, 0.218871729, -0.0348571777, -0.204355078, -0.317575614, 0.79818659, -0.511736435, -0.821655273, 0.0375976562, 0.568603516, 0.473230635, 0.601041789, 0.644135942, 0, 0, -0, 0, 0, 0, 0, 0.285868359, -0.00225683594, -0.165039746, -0.0351813862, 0.635220989, -0.771408816, 0.334472656, -0.719848633, -0.608032227, -0.941697502, -0.279370026, -0.187128035, 0, 2, 1, 1, 
489.857574, 61, 0.1, 0.1, 0.0267640744, 0.368789449, -0.0349626601, 0.966455268, 7.10008886e-006, 0.256834997, 0.256834997, 6.40451103e-006, -0.966455268, -8.50682085e-006, 1, 4.36612212e-006, 0.966455269, 1.39427956e-005, 0.256834991, 0.256834991, -7.64886511e-006, -0.966455269, -1.15105921e-005, 1, -1.09732838e-005, 0, 0, 0, 0, 0, 0, 0, 0.218871729, -0.0348571777, -0.204355078, -0.317575614, 0.79818659, -0.511736435, -0.821655273, 0.0375976562, 0.568603516, 0.473230635, 0.601041789, 0.644135942, 0, 0, -0, 0, 0, 0, 0, 0.285868359, -0.00225683594, -0.165039746, -0.0351813862, 0.635220989, -0.771408816, 0.334472656, -0.719848633, -0.608032227, -0.941697502, -0.279370026, -0.187128035, 0, 2, 1, 1, 
489.858284, 61, 0.1, 0.1, 0.0267640737, 0.368789447, -0.034961939, 0.966455232, 1.4769317e-005, 0.25683513, 0.25683513, -4.84822282e-006, -0.966455232, -1.30286898e-005, 1, -8.47886976e-006, 0.966455239, 1.02559966e-005, 0.256835105, 0.256835105, -6.10747201e-007, -0.966455239, -9.75510028e-006, 1, -3.22435978e-006, 0, 0, 0, 0, 0, 0, 0, 0.219674731, -0.0364851807, -0.204196167, -0.319226488, 0.796785086, -0.512955214, -0.822021484, 0.0363769531, 0.568237305, 0.471391045, 0.603117644, 0.643463834, 0, 0, -0, 0, 0, 0, 0, 0.286554932, -0.00374960938, -0.164696289, -0.0351237837, 0.633431681, -0.772840116, 0.33605957, -0.720825195, -0.606079102, -0.941077734, -0.281031002, -0.187523956, 0, 2, 1, 1, 
489.858977, 61, 0.1, 0.1, 0.0267640727, 0.368789448, -0.0349635704, 0.966455202, 8.07273444e-006, 0.256835244, 0.256835244, 7.65891506e-007, -0.966455202, -7.99864413e-006, 1, -1.33316289e-006, 0.96645521, -6.30501289e-007, 0.256835215, 0.256835215, -3.03227926e-006, -0.96645521, 1.38814735e-006, 1, -2.76862715e-006, 0, 0, 0, 0, 0, 0, 0, 0.219674731, -0.0364851807, -0.204196167, -0.319226488, 0.796785086, -0.512955214, -0.822021484, 0.0363769531, 0.568237305, 0.471391045, 0.603117644, 0.643463834, 0, 0, -0, 0, 0, 0, 0, 0.286554932, -0.00374960938, -0.164696289, -0.0351237837, 0.633431681, -0.772840116, 0.33605957, -0.720825195, -0.606079102, -0.941077734, -0.281031002, -0.187523956, 0, 2, 1, 1, 
489.859673, 61, 0.1, 0.1, 0.0267640721, 0.368789448, -0.0349669014, 0.966455136, -4.51891167e-008, 0.256835492, 0.256835492, -1.37345394e-005, -0.966455136, 3.57119044e-006, 1, -1.326221e-005, 0.966455153, -3.6334255e-006, 0.256835429, 0.256835429, -1.01646911e-005, -0.966455153, 6.12219561e-006, 1, -8.89052573e-006, 0, 0, 0, 0, 0, 0, 0, 0.219674731, -0.0364851807, -0.204196167, -0.319226488, 0.796785086, -0.512955214, -0.822021484, 0.0363769531, 0.568237305, 0.471391045, 0.603117644, 0.643463834, 0, 0, -0, 0, 0, 0, 0, 0.286554932, -0.00374960938, -0.164696289, -0.0351237837, 0.633431681, -0.772840116, 0.33605957, -0.720825195, -0.606079102, -0.941077734, -0.281031002, -0.187523956, 0, 2, 1, 1, 
489.860391, 61, 0.1, 0.1, 0.0267640725, 0.368789447, -0.0349708204, 0.966455022, -1.30401026e-005, 0.25683592, 0.25683592, 1.31490465e-005, -0.966455022, 9.22552514e-006, 1, 1.60571288e-005, 0.966455049, -9.59871102e-006, 0.256835818, 0.256835818, 1.31742866e-005, -0.966455049, 5.89309405e-006, 1, 1.51976486e-005, 0, 0, 0, 0, 0, 0, 0, 0.220464185, -0.0378912842, -0.204027124, -0.321137592, 0.795364486, -0.513996137, -0.822387695, 0.0347900391, 0.567749023, 0.469469079, 0.605072932, 0.643134332, 0, 0, -0, 0, 0, 0, 0, 0.286554932, -0.00374960938, -0.164696289, -0.0353089844, 0.631667893, -0.774271415, 0.337890625, -0.721557617, -0.604125977, -0.940483486, -0.282934782, -0.187919877, 0, 2, 1, 1, 
489.861086, 61, 0.1, 0.1, 0.0267640689, 0.368789449, -0.0349738145, 0.9664549, 2.39568655e-005, 0.256836381, 0.256836381, -1.78708888e-005, -0.9664549, -1.85633356e-005, 1, -2.34244027e-005, 0.966454923, 2.1735256e-005, 0.256836295, 0.256836295, -1.52814393e-005, -0.966454923, -1.70813169e-005, 1, -2.03512248e-005, 0, 0, 0, 0, 0, 0, 0, 0.220464185, -0.0378912842, -0.204027124, -0.321137592, 0.795364486, -0.513996137, -0.822387695, 0.0347900391, 0.567749023, 0.469469079, 0.605072932, 0.643134332, 0, 0, -0, 0, 0, 0, 0, 0.287224902, -0.00546904297, -0.164576074, -0.0353089844, 0.631667893, -0.774271415, 0.337890625, -0.721557617, -0.604125977, -0.940483486, -0.282934782, -0.187919877, 0, 2, 1, 1, 
489.861779, 61, 0.1, 0.1, 0.0267640688, 0.36878945, -0.0349754203, 0.966454808, -1.68978571e-005, 0.256836726, 0.256836726, 1.83650769e-005, -0.966454808, 1.1614189e-005, 1, 2.20890072e-005, 0.96645482, -1.24953329e-005, 0.25683668, 0.25683668, 9.32651054e-006, -0.96645482, 9.68078472e-006, 1, 1.22229109e-005, 0, 0, 0, 0, 0, 0, 0, 0.220464185, -0.0378912842, -0.204027124, -0.321137592, 0.795364486, -0.513996137, -0.822387695, 0.0347900391, 0.567749023, 0.469469079, 0.605072932, 0.643134332, 0, 0, -0, 0, 0, 0, 0, 0.287224902, -0.00546904297, -0.164576074, -0.0353089844, 0.631667893, -0.774271415, 0.337890625, -0.721557617, -0.604125977, -0.940483486, -0.282934782, -0.187919877, 0, 2, 1, 1, 
489.862469, 61, 0.1, 0.1, 0.0267640688, 0.368789444, -0.0349753207, 0.966454779, 1.29874583e-005, 0.256836834, 0.256836834, 2.09453431e-006, -0.96645478, -1.30897447e-005, 1, -1.31138498e-006, 0.966454779, 8.9293852e-006, 0.256836836, 0.256836835, 1.49867686e-005, -0.966454779, -1.24790012e-005, 1, 1.21906391e-005, 0, 0, 0, 0, 0, 0, 0, 0.220464185, -0.0378912842, -0.204027124, -0.321137592, 0.795364486, -0.513996137, -0.822387695, 0.0347900391, 0.567749023, 0.469469079, 0.605072932, 0.643134332, 0, 0, -0, 0, 0, 0, 0, 0.287224902, -0.00546904297, -0.164576074, -0.0353089844, 0.631667893, -0.774271415, 0.337890625, -0.721557617, -0.604125977, -0.940483486, -0.282934782, -0.187919877, 0, 2, 1, 1, 
489.863158, 61, 0.1, 0.1, 0.0267640705, 0.368789447, -0.0349736594, 0.966454825, -2.02265279e-005, 0.256836662, 0.256836662, -8.84300648e-007, -0.966454825, 1.97751464e-005, 1, 4.34027729e-006, 0.96645481, -1.58791496e-005, 0.256836717, 0.256836717, -1.03776491e-005, -0.966454811, 1.80118419e-005, 1, -5.95118024e-006, 0, 0, 0, 0, 0, 0, 0, 0.220464185, -0.0378912842, -0.204027124, -0.321137592, 0.795364486, -0.513996137, -0.822387695, 0.0347900391, 0.567749023, 0.469469079, 0.605072932, 0.643134332, 0, 0, -0, 0, 0, 0, 0, 0.287224902, -0.00546904297, -0.164576074, -0.0353089844, 0.631667893, -0.774271415, 0.337890625, -0.721557617, -0.604125977, -0.940483486, -0.282934782, -0.187919877, 0, 2, 1, 1, 
489.863851, 61, 0.1, 0.1, 0.0267640702, 0.368789447, -0.034970998, 0.966454927, 1.53244879e-005, 0.256836277, 0.256836277, -4.88316192e-006, -0.966454927, -1.35562537e-005, 1, -8.65524032e-006, 0.966454904, 1.25957861e-005, 0.256836366, 0.256836366, -1.1735954e-006, -0.966454904, -1.18718373e-005, 1, -4.36928297e-006, 0, 0, 0, 0, 0, 0, 0, 0.220464185, -0.0378912842, -0.204027124, -0.321137592, 0.795364486, -0.513996137, -0.822387695, 0.0347900391, 0.567749023, 0.469469079, 0.605072932, 0.643134332, 0, 0, -0, 0, 0, 0, 0, 0.287224902, -0.00546904297, -0.164576074, -0.0353089844, 0.631667893, -0.774271415, 0.337890625, -0.721557617, -0.604125977, -0.940483486, -0.282934782, -0.187919877, 0, 2, 1, 1, 
489.864542, 61, 0.1, 0.1, 0.0267640738, 0.368789446, -0.0349681884, 0.966455043, -2.62933008e-005, 0.256835841, 0.256835841, 9.21777669e-006, -0.966455043, 2.30438377e-005, 1, 1.56616288e-005, 0.966455021, -2.48169328e-005, 0.256835923, 0.256835923, 9.69823701e-006, -0.966455021, 2.14935937e-005, 1, 1.57467897e-005, 0, 0, 0, 0, 0, 0, 0, 0.220464185, -0.0378912842, -0.204027124, -0.321137592, 0.795364486, -0.513996137, -0.822387695, 0.0347900391, 0.567749023, 0.469469079, 0.605072932, 0.643134332, 0, 0, -0, 0, 0, 0, 0, 0.287224902, -0.00546904297, -0.164576074, -0.0353089844, 0.631667893, -0.774271415, 0.337890625, -0.721557617, -0.604125977, -0.940483486, -0.282934782, -0.187919877, 0, 2, 1, 1, 
489.865243, 61, 0.1, 0.1, 0.0267640722, 0.368789445, -0.0349659838, 0.96645512, 1.90023476e-005, 0.256835552, 0.256835552, 7.74259257e-006, -0.96645512, -2.03534892e-005, 1, 2.60238981e-006, 0.966455111, 1.81034885e-005, 0.256835587, 0.256835588, -2.52954156e-007, -0.966455111, -1.74312413e-005, 1, -4.89408893e-006, 0, 0, 0, 0, 0, 0, 0, 0.220464185, -0.0378912842, -0.204027124, -0.322667899, 0.793943886, -0.515316388, -0.822875977, 0.0336914062, 0.567138672, 0.467610393, 0.60702822, 0.642601887, 0, 0, -0, 0, 0, 0, 0, 0.287224902, -0.00546904297, -0.164576074, -0.0353089844, 0.631667893, -0.774271415, 0.337890625, -0.721557617, -0.604125977, -0.940483486, -0.282934782, -0.187919877, 0, 2, 1, 1, 
489.865949, 61, 0.1, 0.1, 0.0267640738, 0.368789445, -0.034964774, 0.966455168, -2.12499753e-005, 0.25683537, 0.25683537, 1.06810059e-006, -0.966455169, 2.02628225e-005, 1, 6.4900166e-006, 0.966455156, -1.9234286e-005, 0.256835416, 0.256835416, 9.50523875e-007, -0.966455156, 1.83449467e-005, 1, 5.85868455e-006, 0, 0, 0, 0, 0, 0, 0, 0.221496533, -0.0397438721, -0.203872974, -0.322667899, 0.793943886, -0.515316388, -0.822875977, 0.0336914062, 0.567138672, 0.467610393, 0.60702822, 0.642601887, 0, 0, -0, 0, 0, 0, 0, 0.288114941, -0.00694716797, -0.164221143, -0.0356538662, 0.630319349, -0.775421632, 0.340209961, -0.721923828, -0.602416992, -0.939537793, -0.285285888, -0.188654483, 0, 2, 1, 1, 
489.866635, 61, 0.1, 0.1, 0.0267640705, 0.368789448, -0.0349652176, 0.966455201, 2.44553315e-005, 0.256835248, 0.256835248, 1.87811785e-006, -0.966455201, -2.41173492e-005, 1, -4.46587436e-006, 0.966455201, 2.37551165e-005, 0.256835248, 0.256835248, -6.53996776e-006, -0.966455201, -2.12785616e-005, 1, -1.24217371e-005, 0, 0, 0, 0, 0, 0, 0, 0.221496533, -0.0397438721, -0.203872974, -0.322667899, 0.793943886, -0.515316388, -0.822875977, 0.0336914062, 0.567138672, 0.467610393, 0.60702822, 0.642601887, 0, 0, -0, 0, 0, 0, 0, 0.288114941, -0.00694716797, -0.164221143, -0.0356538662, 0.630319349, -0.775421632, 0.340209961, -0.721923828, -0.602416992, -0.939537793, -0.285285888, -0.188654483, 0, 2, 1, 1, 
489.867325, 61, 0.1, 0.1, 0.0267640715, 0.368789445, -0.0349670253, 0.966455152, -1.57665225e-005, 0.256835433, 0.256835433, -4.4409562e-006, -0.966455152, 1.63782318e-005, 1, -2.42583368e-007, 0.966455168, -1.62434458e-005, 0.25683537, 0.25683537, 6.88046421e-006, -0.966455168, 1.39314155e-005, 1, 1.08215516e-005, 0, 0, 0, 0, 0, 0, 0, 0.221496533, -0.0397438721, -0.203872974, -0.322667899, 0.793943886, -0.515316388, -0.822875977, 0.0336914062, 0.567138672, 0.467610393, 0.60702822, 0.642601887, 0, 0, -0, 0, 0, 0, 0, 0.288114941, -0.00694716797, -0.164221143, -0.0356538662, 0.630319349, -0.775421632, 0.340209961, -0.721923828, -0.602416992, -0.939537793, -0.285285888, -0.188654483, 0, 2, 1, 1, 
489.868017, 61, 0.1, 0.1, 0.026764069, 0.368789445, -0.0349695273, 0.966455054, 2.06195764e-005, 0.256835798, 0.256835798, 3.18950482e-006, -0.966455055, -2.07470728e-005, 1, -2.2133323e-006, 0.966455072, 1.74406611e-005, 0.256835734, 0.256835734, 6.89114594e-006, -0.966455072, -1.86255079e-005, 1, 2.18059796e-006, 0, 0, 0, 0, 0, 0, 0, 0.221496533, -0.0397438721, -0.203872974, -0.322667899, 0.793943886, -0.515316388, -0.822875977, 0.0336914062, 0.567138672, 0.467610393, 0.60702822, 0.642601887, 0, 0, -0, 0, 0, 0, 0, 0.288114941, -0.00694716797, -0.164221143, -0.0356538662, 0.630319349, -0.775421632, 0.340209961, -0.721923828, -0.602416992, -0.939537793, -0.285285888, -0.188654483, 0, 2, 1, 1, 
489.868702, 61, 0.1, 0.1, 0.0267640693, 0.368789445, -0.0349720115, 0.966454963, -1.2957708e-005, 0.256836144, 0.256836144, -1.1699678e-005, -0.966454963, 1.55279414e-005, 1, -7.97920407e-006, 0.966454985, -1.28089142e-005, 0.256836059, 0.256836059, -2.59500197e-006, -0.966454985, 1.30457291e-005, 1, 7.81838463e-007, 0, 0, 0, 0, 0, 0, 0, 0.221496533, -0.0397438721, -0.203872974, -0.322667899, 0.793943886, -0.515316388, -0.822875977, 0.0336914062, 0.567138672, 0.467610393, 0.60702822, 0.642601887, 0, 0, -0, 0, 0, 0, 0, 0.288114941, -0.00694716797, -0.164221143, -0.0356538662, 0.630319349, -0.775421632, 0.340209961, -0.721923828, -0.602416992, -0.939537793, -0.285285888, -0.188654483, 0, 2, 1, 1, 
489.86939, 61, 0.1, 0.1, 0.026764068, 0.368789446, -0.0349737661, 0.966454829, 1.1237696e-005, 0.256836645, 0.256836645, 1.42315526e-005, -0.966454829, -1.45159098e-005, 1, 1.08679006e-005, 0.966454859, 1.11490035e-005, 0.256836535, 0.256836535, 8.6612685e-006, -0.966454859, -1.29995388e-005, 1, 5.5072536e-006, 0, 0, 0, 0, 0, 0, 0, 0.221496533, -0.0397438721, -0.203872974, -0.322667899, 0.793943886, -0.515316388, -0.822875977, 0.0336914062, 0.567138672, 0.467610393, 0.60702822, 0.642601887, 0, 0, -0, 0, 0, 0, 0, 0.288114941, -0.00694716797, -0.164221143, -0.0356538662, 0.630319349, -0.775421632, 0.340209961, -0.721923828, -0.602416992, -0.939537793, -0.285285888, -0.188654483, 0, 2, 1, 1, 
489.870105, 61, 0.1, 0.1, 0.0267640699, 0.368789446, -0.0349741831, 0.966454679, -1.57993437e-005, 0.256837211, 0.256837211, -9.27795739e-006, -0.966454679, 1.76522743e-005, 1, -4.90886596e-006, 0.966454709, -1.385209e-005, 0.2568371, 0.2568371, -9.44867056e-006, -0.966454709, 1.58141868e-005, 1, -5.57398151e-006, 0, 0, 0, 0, 0, 0, 0, 0.221496533, -0.0397438721, -0.203872974, -0.324965793, 0.792624758, -0.515811762, -0.822631836, 0.0319824219, 0.567504883, 0.466367649, 0.608843845, 0.641815203, 0, 0, -0, 0, 0, 0, 0, 0.288114941, -0.00694716797, -0.164221143, -0.0356538662, 0.630319349, -0.775421632, 0.340209961, -0.721923828, -0.602416992, -0.939537793, -0.285285888, -0.188654483, 0, 2, 1, 1, 
489.870812, 61, 0.1, 0.1, 0.0267640687, 0.368789447, -0.0349729528, 0.966454563, 1.44256874e-005, 0.256837649, 0.256837649, 5.47355679e-006, -0.966454563, -1.53475869e-005, 1, 1.5848843e-006, 0.966454585, 1.40823702e-005, 0.256837564, 0.256837564, 2.16432812e-007, -0.966454585, -1.36655593e-005, 1, -3.40770916e-006, 0, 0, 0, 0, 0, 0, 0, 0.222268286, -0.041368457, -0.203900684, -0.324965793, 0.792624758, -0.515811762, -0.822631836, 0.0319824219, 0.567504883, 0.466367649, 0.608843845, 0.641815203, 0, 0, -0, 0, 0, 0, 0, 0.288945166, -0.00822207031, -0.164070898, -0.0368357993, 0.628753522, -0.776527006, 0.342285156, -0.722167969, -0.600952148, -0.93880282, -0.287905317, -0.18864792, 0, 2, 1, 1, 
489.871504, 61, 0.1, 0.1, 0.0267640705, 0.368789447, -0.0349708931, 0.966454464, -1.84242517e-005, 0.25683802, 0.25683802, -1.90962558e-006, -0.966454464, 1.82966648e-005, 1, 2.88648218e-006, 0.96645448, -1.68843165e-005, 0.256837961, 0.256837961, -1.63956004e-006, -0.96645448, 1.67390246e-005, 1, 2.75197327e-006, 0, 0, 0, 0, 0, 0, 0, 0.222268286, -0.041368457, -0.203900684, -0.324965793, 0.792624758, -0.515811762, -0.822631836, 0.0319824219, 0.567504883, 0.466367649, 0.608843845, 0.641815203, 0, 0, -0, 0, 0, 0, 0, 0.288945166, -0.00822207031, -0.164070898, -0.0368357993, 0.628753522, -0.776527006, 0.342285156, -0.722167969, -0.600952148, -0.93880282, -0.287905317, -0.18864792, 0, 2, 1, 1, 
489.872193, 61, 0.1, 0.1, 0.0267640686, 0.368789447, -0.0349686777, 0.96645438, 1.90849276e-005, 0.256838337, 0.256838337, 4.44619344e-006, -0.96645438, -1.95866648e-005, 1, -6.04697933e-007, 0.966454394, 1.58529936e-005, 0.256838282, 0.256838282, 8.77052038e-006, -0.966454395, -1.75738007e-005, 1, 4.40465233e-006, 0, 0, 0, 0, 0, 0, 0, 0.222268286, -0.041368457, -0.203900684, -0.324965793, 0.792624758, -0.515811762, -0.822631836, 0.0319824219, 0.567504883, 0.466367649, 0.608843845, 0.641815203, 0, 0, -0, 0, 0, 0, 0, 0.288945166, -0.00822207031, -0.164070898, -0.0368357993, 0.628753522, -0.776527006, 0.342285156, -0.722167969, -0.600952148, -0.93880282, -0.287905317, -0.18864792, 0, 2, 1, 1, 
489.873213, 61, 0.1, 0.1, 0.026764077, 0.368789449, -0.0349632743, 0.966454247, -3.22091012e-005, 0.256838835, 0.256838835, -1.16923407e-005, -0.966454248, 3.41316698e-005, 0.999999999, -3.02756436e-006, 0.966454281, -3.19330701e-005, 0.256838708, 0.256838707, -1.22361795e-005, -0.966454281, 3.40045769e-005, 0.999999999, -3.62405963e-006, 0, 0, 0, 0, 0, 0, 0, 0.222778955, -0.0429978027, -0.203690991, -0.327936917, 0.791204158, -0.516071993, -0.822875977, 0.0290527344, 0.567382813, 0.463995614, 0.610799133, 0.641732828, 0, 0, -0, 0, 0, 0, 0, 0.289749023, -0.0094840332, -0.163907471, -0.0385543781, 0.627641218, -0.777364058, 0.345092773, -0.721679688, -0.599853516, -0.93763328, -0.291336278, -0.188858641, 0, 2, 1, 1, 
489.874254, 61, 0.1, 0.1, 0.0267640661, 0.368789446, -0.0349544029, 0.966454126, 4.74339038e-005, 0.256839289, 0.256839288, 1.70140415e-005, -0.966454127, -5.02125664e-005, 0.999999999, 4.26040047e-006, 0.966454153, 4.73519273e-005, 0.256839186, 0.256839186, 5.22529575e-006, -0.966454154, -4.71055276e-005, 0.999999999, -7.11182169e-006, 0, 0, 0, 0, 0, 0, 0, 0.222778955, -0.0429978027, -0.203690991, -0.327936917, 0.791204158, -0.516071993, -0.822875977, 0.0290527344, 0.567382813, 0.463995614, 0.610799133, 0.641732828, 0, 0, -0, 0, 0, 0, 0, 0.289749023, -0.0094840332, -0.163907471, -0.0385543781, 0.627641218, -0.777364058, 0.345092773, -0.721679688, -0.599853516, -0.93763328, -0.291336278, -0.188858641, 0, 2, 1, 1, 
489.875147, 61, 0.1, 0.1, 0.0267640664, 0.368789448, -0.034947712, 0.966454036, -3.91448318e-005, 0.25683963, 0.25683963, 5.69649854e-006, -0.966454036, 3.63685941e-005, 0.999999999, 1.55593481e-005, 0.966454037, -3.11256393e-005, 0.256839625, 0.256839625, -1.03567927e-005, -0.966454038, 3.27415345e-005, 0.999999999, -2.01506658e-006, 0, 0, 0, 0, 0, 0, 0, 0.222778955, -0.0429978027, -0.203690991, -0.327936917, 0.791204158, -0.516071993, -0.822875977, 0.0290527344, 0.567382813, 0.463995614, 0.610799133, 0.641732828, 0, 0, -0, 0, 0, 0, 0, 0.289749023, -0.0094840332, -0.163907471, -0.0385543781, 0.627641218, -0.777364058, 0.345092773, -0.721679688, -0.599853516, -0.93763328, -0.291336278, -0.188858641, 0, 2, 1, 1, 
489.875844, 61, 0.1, 0.1, 0.0267640653, 0.368789446, -0.0349490718, 0.966454089, 3.33886568e-005, 0.256839428, 0.256839429, -1.25394117e-005, -0.96645409, -2.90479886e-005, 0.999999999, -2.06942893e-005, 0.966454071, 2.67786657e-005, 0.256839498, 0.256839498, -3.54879273e-006, -0.966454071, -2.49688803e-005, 1, -1.03075642e-005, 0, 0, 0, 0, 0, 0, 0, 0.222778955, -0.0429978027, -0.203690991, -0.327936917, 0.791204158, -0.516071993, -0.822875977, 0.0290527344, 0.567382813, 0.463995614, 0.610799133, 0.641732828, 0, 0, -0, 0, 0, 0, 0, 0.289749023, -0.0094840332, -0.163907471, -0.0385543781, 0.627641218, -0.777364058, 0.345092773, -0.721679688, -0.599853516, -0.93763328, -0.291336278, -0.188858641, 0, 2, 1, 1, 
489.876538, 61, 0.1, 0.1, 0.026764067, 0.368789448, -0.0349563587, 0.966454191, -3.00564809e-005, 0.256839047, 0.256839047, -6.39958392e-007, -0.966454191, 2.92125782e-005, 1, 7.10118743e-006, 0.966454173, -2.60728338e-005, 0.256839117, 0.256839117, 9.98028939e-007, -0.966454173, 2.49418662e-005, 1, 7.66107284e-006, 0, 0, 0, 0, 0, 0, 0, 0.222778955, -0.0429978027, -0.203690991, -0.327936917, 0.791204158, -0.516071993, -0.822875977, 0.0290527344, 0.567382813, 0.463995614, 0.610799133, 0.641732828, 0, 0, -0, 0, 0, 0, 0, 0.289749023, -0.0094840332, -0.163907471, -0.0385543781, 0.627641218, -0.777364058, 0.345092773, -0.721679688, -0.599853516, -0.93763328, -0.291336278, -0.188858641, 0, 2, 1, 1, 
489.87729, 61, 0.1, 0.1, 0.0267640665, 0.368789448, -0.0349674032, 0.966454266, 1.9044424e-005, 0.256838764, 0.256838764, 1.58047241e-006, -0.966454267, -1.88114914e-005, 1, -3.36389201e-006, 0.966454245, 1.18216916e-005, 0.256838844, 0.256838843, 7.78773881e-006, -0.966454245, -1.34253179e-005, 1, 4.49022362e-006, 0, 0, 0, 0, 0, 0, 0, 0.222778955, -0.0429978027, -0.203690991, -0.327936917, 0.791204158, -0.516071993, -0.822875977, 0.0290527344, 0.567382813, 0.463995614, 0.610799133, 0.641732828, 0, 0, -0, 0, 0, 0, 0, 0.289749023, -0.0094840332, -0.163907471, -0.0385543781, 0.627641218, -0.777364058, 0.345092773, -0.721679688, -0.599853516, -0.93763328, -0.291336278, -0.188858641, 0, 2, 1, 1, 
489.878405, 61, 0.1, 0.1, 0.0267640687, 0.36878945, -0.0349767973, 0.966454368, -1.9067097e-005, 0.256838382, 0.256838382, -1.10151406e-005, -0.966454368, 2.125659e-005, 1, -5.7484684e-006, 0.966454355, -1.78962976e-005, 0.256838429, 0.256838428, -1.00167013e-005, -0.966454356, 1.98686286e-005, 1, -5.08422767e-006, 0, 0, 0, 0, 0, 0, 0, 0.223726709, -0.0441759033, -0.203468481, -0.331041713, 0.789885029, -0.516116176, -0.823364258, 0.0252685547, 0.566772461, 0.460779607, 0.612614758, 0.642234194, 0, 0, -0, 0, 0, 0, 0, 0.290299854, -0.010296582, -0.16372915, -0.040784083, 0.626873796, -0.777945546, 0.348754883, -0.720703125, -0.598999023, -0.936271976, -0.295712933, -0.189165243, 0, 2, 1, 1, 
489.879457, 61, 0.1, 0.1, 0.0267640656, 0.368789446, -0.0349747748, 0.966454461, 2.22540642e-005, 0.256838031, 0.256838031, 7.03981673e-006, -0.966454461, -2.33156323e-005, 1, 1.08797226e-006, 0.966454434, 1.81114995e-005, 0.256838134, 0.256838134, 1.59206118e-005, -0.966454434, -2.15929592e-005, 1, 1.07348221e-005, 0, 0, 0, 0, 0, 0, 0, 0.223726709, -0.0441759033, -0.203468481, -0.331041713, 0.789885029, -0.516116176, -0.823364258, 0.0252685547, 0.566772461, 0.460779607, 0.612614758, 0.642234194, 0, 0, -0, 0, 0, 0, 0, 0.290299854, -0.010296582, -0.16372915, -0.040784083, 0.626873796, -0.777945546, 0.348754883, -0.720703125, -0.598999023, -0.936271976, -0.295712933, -0.189165243, 0, 2, 1, 1, 
489.880451, 61, 0.1, 0.1, 0.0267640685, 0.368789454, -0.0349649826, 0.966454663, -2.98098991e-005, 0.25683727, 0.25683727, -1.26523631e-006, -0.966454663, 2.91348758e-005, 1, 6.43349958e-006, 0.966454621, -2.56058377e-005, 0.256837431, 0.25683743, -1.59278943e-005, -0.966454621, 2.88377596e-005, 1, -8.81704949e-006, 0, 0, 0, 0, 0, 0, 0, 0.223726709, -0.0441759033, -0.203468481, -0.331041713, 0.789885029, -0.516116176, -0.823364258, 0.0252685547, 0.566772461, 0.460779607, 0.612614758, 0.642234194, 0, 0, -0, 0, 0, 0, 0, 0.290299854, -0.010296582, -0.16372915, -0.040784083, 0.626873796, -0.777945546, 0.348754883, -0.720703125, -0.598999023, -0.936271976, -0.295712933, -0.189165243, 0, 2, 1, 1, 
489.881148, 61, 0.1, 0.1, 0.0267640661, 0.368789453, -0.0349586055, 0.966454885, 3.00577677e-005, 0.256836436, 0.256836437, -9.86956007e-006, -0.966454885, -2.65146137e-005, 0.999999999, -1.72584145e-005, 0.966454837, 2.50020483e-005, 0.256836616, 0.256836616, -4.12939321e-006, -0.966454837, -2.31027712e-005, 1, -1.04123135e-005, 0, 0, 0, 0, 0, 0, 0, 0.223726709, -0.0441759033, -0.203468481, -0.331041713, 0.789885029, -0.516116176, -0.823364258, 0.0252685547, 0.566772461, 0.460779607, 0.612614758, 0.642234194, 0, 0, -0, 0, 0, 0, 0, 0.290299854, -0.010296582, -0.16372915, -0.040784083, 0.626873796, -0.777945546, 0.348754883, -0.720703125, -0.598999023, -0.936271976, -0.295712933, -0.189165243, 0, 2, 1, 1, 
489.881845, 61, 0.1, 0.1, 0.0267640675, 0.368789453, -0.0349559757, 0.966455118, -2.71946922e-005, 0.25683556, 0.25683556, 7.42412491e-006, -0.966455118, 2.43756702e-005, 1, 1.41596475e-005, 0.966455074, -2.48541866e-005, 0.256835723, 0.256835723, 8.58172358e-006, -0.966455075, 2.18163616e-005, 1, 1.46772933e-005, 0, 0, 0, 0, 0, 0, 0, 0.223726709, -0.0441759033, -0.203468481, -0.331041713, 0.789885029, -0.516116176, -0.823364258, 0.0252685547, 0.566772461, 0.460779607, 0.612614758, 0.642234194, 0, 0, -0, 0, 0, 0, 0, 0.290299854, -0.010296582, -0.16372915, -0.040784083, 0.626873796, -0.777945546, 0.348754883, -0.720703125, -0.598999023, -0.936271976, -0.295712933, -0.189165243, 0, 2, 1, 1, 
489.882568, 61, 0.1, 0.1, 0.0267640619, 0.368789455, -0.0349574434, 0.966455288, 3.44870587e-005, 0.256834917, 0.256834917, 1.04984994e-006, -0.966455289, -3.35998384e-005, 0.999999999, -7.84284783e-006, 0.966455265, 3.35801164e-005, 0.256835006, 0.256835007, -7.62412865e-006, -0.966455265, -3.04955372e-005, 0.999999999, -1.59929287e-005, 0, 0, 0, 0, 0, 0, 0, 0.224398364, -0.0453669434, -0.20323645, -0.335168336, 0.788280582, -0.515957417, -0.823608398, 0.0206298828, 0.566650391, 0.457354666, 0.61496994, 0.642456233, 0, 0, -0, 0, 0, 0, 0, 0.291019238, -0.0111391602, -0.163550586, -0.0438891187, 0.625780448, -0.778712235, 0.352294922, -0.719604492, -0.598144531, -0.934757188, -0.300492071, -0.188877597, 0, 2, 1, 1, 
489.883267, 61, 0.1, 0.1, 0.0267640617, 0.368789453, -0.0349621541, 0.96645534, -1.71342458e-005, 0.256834724, 0.256834724, -1.1053193e-005, -0.96645534, 1.93983271e-005, 1, -6.28174807e-006, 0.96645534, -1.64487164e-005, 0.256834725, 0.256834725, 3.10383628e-006, -0.96645534, 1.50997768e-005, 1, 7.22432069e-006, 0, 0, 0, 0, 0, 0, 0, 0.224398364, -0.0453669434, -0.20323645, -0.335168336, 0.788280582, -0.515957417, -0.823608398, 0.0206298828, 0.566650391, 0.457354666, 0.61496994, 0.642456233, 0, 0, -0, 0, 0, 0, 0, 0.291019238, -0.0111391602, -0.163550586, -0.0438891187, 0.625780448, -0.778712235, 0.352294922, -0.719604492, -0.598144531, -0.934757188, -0.300492071, -0.188877597, 0, 2, 1, 1, 
489.883966, 61, 0.1, 0.1, 0.02676406, 0.368789454, -0.0349686985, 0.966455304, 1.36330098e-005, 0.25683486, 0.25683486, 1.4329796e-005, -0.966455304, -1.68560858e-005, 1, 1.03476752e-005, 0.966455316, 1.31916188e-005, 0.256834815, 0.256834815, 8.251105e-006, -0.966455316, -1.48682812e-005, 1, 4.5862573e-006, 0, 0, 0, 0, 0, 0, 0, 0.224398364, -0.0453669434, -0.20323645, -0.335168336, 0.788280582, -0.515957417, -0.823608398, 0.0206298828, 0.566650391, 0.457354666, 0.61496994, 0.642456233, 0, 0, -0, 0, 0, 0, 0, 0.291019238, -0.0111391602, -0.163550586, -0.0438891187, 0.625780448, -0.778712235, 0.352294922, -0.719604492, -0.598144531, -0.934757188, -0.300492071, -0.188877597, 0, 2, 1, 1, 
489.884664, 61, 0.1, 0.1, 0.0267640614, 0.368789455, -0.0349750589, 0.96645524, -1.71004685e-005, 0.256835102, 0.256835102, -1.31966785e-005, -0.96645524, 1.99162077e-005, 1, -8.36199852e-006, 0.966455251, -1.43132322e-005, 0.256835059, 0.256835058, -1.22763215e-005, -0.966455251, 1.69860882e-005, 1, -8.18837558e-006, 0, 0, 0, 0, 0, 0, 0, 0.224398364, -0.0453669434, -0.20323645, -0.335168336, 0.788280582, -0.515957417, -0.823608398, 0.0206298828, 0.566650391, 0.457354666, 0.61496994, 0.642456233, 0, 0, -0, 0, 0, 0, 0, 0.291019238, -0.0111391602, -0.163550586, -0.0438891187, 0.625780448, -0.778712235, 0.352294922, -0.719604492, -0.598144531, -0.934757188, -0.300492071, -0.188877597, 0, 2, 1, 1, 
489.885374, 61, 0.1, 0.1, 0.0267640614, 0.368789454, -0.0349793292, 0.966455208, 1.84715892e-005, 0.256835221, 0.256835221, 7.94014014e-006, -0.966455208, -1.98912712e-005, 1, 2.92963509e-006, 0.966455208, 9.21473424e-006, 0.256835222, 0.256835222, 9.65161071e-006, -0.966455208, -1.13845015e-005, 1, 6.96118112e-006, 0, 0, 0, 0, 0, 0, 0, 0.224398364, -0.0453669434, -0.20323645, -0.335168336, 0.788280582, -0.515957417, -0.823608398, 0.0206298828, 0.566650391, 0.457354666, 0.61496994, 0.642456233, 0, 0, -0, 0, 0, 0, 0, 0.29158667, -0.012024707, -0.163418652, -0.0458760203, 0.623907652, -0.780047653, 0.355957031, -0.719360352, -0.596313477, -0.933370364, -0.304862162, -0.189017955, 0, 2, 1, 1, 
489.88607, 61, 0.1, 0.1, 0.0267640547, 0.368789454, -0.0349803724, 0.966455232, 2.31937584e-006, 0.25683513, 0.25683513, 1.99356991e-006, -0.966455232, -2.75359171e-006, 1, 1.33099887e-006, 0.966455226, 1.43032513e-005, 0.256835155, 0.256835155, -1.50610278e-006, -0.966455226, -1.34366318e-005, 1, -5.12915865e-006, 0, 0, 0, 0, 0, 0, 0, 0.224398364, -0.0453669434, -0.20323645, -0.335168336, 0.788280582, -0.515957417, -0.823608398, 0.0206298828, 0.566650391, 0.457354666, 0.61496994, 0.642456233, 0, 0, -0, 0, 0, 0, 0, 0.29158667, -0.012024707, -0.163418652, -0.0458760203, 0.623907652, -0.780047653, 0.355957031, -0.719360352, -0.596313477, -0.933370364, -0.304862162, -0.189017955, 0, 2, 1, 1, 
489.886833, 61, 0.1, 0.1, 0.0267640624, 0.368789455, -0.0349776106, 0.966455225, -2.24437378e-005, 0.256835158, 0.256835158, -3.53319473e-006, -0.966455225, 2.25983163e-005, 1, 2.34966645e-006, 0.966455228, -2.56071934e-005, 0.256835147, 0.256835146, -8.28920967e-006, -0.966455228, 2.68771664e-005, 1, -1.43432274e-006, 0, 0, 0, 0, 0, 0, 0, 0.224398364, -0.0453669434, -0.20323645, -0.335168336, 0.788280582, -0.515957417, -0.823608398, 0.0206298828, 0.566650391, 0.457354666, 0.61496994, 0.642456233, 0, 0, -0, 0, 0, 0, 0, 0.29158667, -0.012024707, -0.163418652, -0.0458760203, 0.623907652, -0.780047653, 0.355957031, -0.719360352, -0.596313477, -0.933370364, -0.304862162, -0.189017955, 0, 2, 1, 1, 
489.88755, 61, 0.1, 0.1, 0.0267640578, 0.368789455, -0.0349721884, 0.966455208, 3.03100856e-005, 0.25683522, 0.25683522, 8.33952696e-006, -0.966455208, -3.14352244e-005, 1, 2.75081759e-007, 0.966455214, 2.53199979e-005, 0.256835198, 0.256835198, 7.55846517e-006, -0.966455214, -2.64119239e-005, 1, 8.01851401e-007, 0, 0, 0, 0, 0, 0, 0, 0.225072827, -0.0465892334, -0.20283269, -0.339187497, 0.786029115, -0.516801389, -0.82434082, 0.0162353516, 0.565673828, 0.453047562, 0.617921968, 0.642589905, 0, 0, -0, 0, 0, 0, 0, 0.29158667, -0.012024707, -0.163418652, -0.0458760203, 0.623907652, -0.780047653, 0.355957031, -0.719360352, -0.596313477, -0.933370364, -0.304862162, -0.189017955, 0, 2, 1, 1, 
489.888241, 61, 0.1, 0.1, 0.0267640547, 0.368789454, -0.0349665193, 0.966455195, -1.86927249e-005, 0.256835269, 0.256835269, 2.41183157e-007, -0.966455195, 1.80037367e-005, 1, 5.03404374e-006, 0.966455196, -6.53036163e-006, 0.256835267, 0.256835267, -1.98152057e-006, -0.966455196, 6.82022629e-006, 1, -2.37823675e-007, 0, 0, 0, 0, 0, 0, 0, 0.225072827, -0.0465892334, -0.20283269, -0.339187497, 0.786029115, -0.516801389, -0.82434082, 0.0162353516, 0.565673828, 0.453047562, 0.617921968, 0.642589905, 0, 0, -0, 0, 0, 0, 0, 0.29158667, -0.012024707, -0.163418652, -0.0458760203, 0.623907652, -0.780047653, 0.355957031, -0.719360352, -0.596313477, -0.933370364, -0.304862162, -0.189017955, 0, 2, 1, 1, 
489.88925, 61, 0.1, 0.1, 0.0267640522, 0.368789454, -0.0349576206, 0.966455149, 3.05535024e-005, 0.256835442, 0.256835442, 1.30364599e-005, -0.966455149, -3.28768146e-005, 0.999999999, 4.75193149e-006, 0.96645516, 1.92054408e-005, 0.2568354, 0.2568354, 1.05404783e-005, -0.966455161, -2.12683653e-005, 1, 5.25426258e-006, 0, 0, 0, 0, 0, 0, 0, 0.225072827, -0.0465892334, -0.20283269, -0.339187497, 0.786029115, -0.516801389, -0.82434082, 0.0162353516, 0.565673828, 0.453047562, 0.617921968, 0.642589905, 0, 0, -0, 0, 0, 0, 0, 0.29158667, -0.012024707, -0.163418652, -0.0458760203, 0.623907652, -0.780047653, 0.355957031, -0.719360352, -0.596313477, -0.933370364, -0.304862162, -0.189017955, 0, 2, 1, 1, 
489.89037, 61, 0.1, 0.1, 0.0267640547, 0.368789455, -0.0349461812, 0.966455146, -2.4557378e-005, 0.256835454, 0.256835454, -1.19604221e-005, -0.966455146, 2.68054648e-005, 1, -5.25200613e-006, 0.966455149, -3.14491211e-005, 0.256835442, 0.256835442, 6.43918095e-007, -0.966455149, 3.0228784e-005, 1, 8.69956688e-006, 0, 0, 0, 0, 0, 0, 0, 0.225394189, -0.0480347656, -0.202037256, -0.341473409, 0.783777648, -0.518661197, -0.824951172, 0.0144042969, 0.564941406, 0.450319816, 0.620873996, 0.641772142, 0, 0, -0, 0, 0, 0, 0, 0.291757178, -0.0135926758, -0.162864893, -0.0469493117, 0.621396131, -0.781932476, 0.358032227, -0.720336914, -0.593994141, -0.93250123, -0.307826473, -0.188602344, 0, 2, 1, 1, 
489.891357, 61, 0.1, 0.1, 0.0267640426, 0.368789451, -0.0349397402, 0.9664551, 3.02141558e-005, 0.256835627, 0.256835628, -1.19152203e-005, -0.9664551, -2.61403719e-005, 0.999999999, -1.92755971e-005, 0.966455102, 3.82301374e-005, 0.256835619, 0.256835619, 1.11733674e-005, -0.966455102, -3.98174301e-005, 0.999999999, 9.79696945e-007, 0, 0, 0, 0, 0, 0, 0, 0.225394189, -0.0480347656, -0.202037256, -0.341473409, 0.783777648, -0.518661197, -0.824951172, 0.0144042969, 0.564941406, 0.450319816, 0.620873996, 0.641772142, 0, 0, -0, 0, 0, 0, 0, 0.291757178, -0.0135926758, -0.162864893, -0.0469493117, 0.621396131, -0.781932476, 0.358032227, -0.720336914, -0.593994141, -0.93250123, -0.307826473, -0.188602344, 0, 2, 1, 1, 
489.892053, 61, 0.1, 0.1, 0.0267640551, 0.368789457, -0.0349433656, 0.9664552, -6.15632733e-005, 0.256835244, 0.256835245, 7.24352131e-006, -0.966455202, 5.76377542e-005, 0.999999998, 2.28121572e-005, 0.966455169, -6.13524925e-005, 0.256835361, 0.256835362, -4.81521909e-006, -0.966455171, 6.05311521e-005, 0.999999998, 1.11037962e-005, 0, 0, 0, 0, 0, 0, 0, 0.225394189, -0.0480347656, -0.202037256, -0.341473409, 0.783777648, -0.518661197, -0.824951172, 0.0144042969, 0.564941406, 0.450319816, 0.620873996, 0.641772142, 0, 0, -0, 0, 0, 0, 0, 0.291757178, -0.0135926758, -0.162864893, -0.0469493117, 0.621396131, -0.781932476, 0.358032227, -0.720336914, -0.593994141, -0.93250123, -0.307826473, -0.188602344, 0, 2, 1, 1, 
489.892746, 61, 0.1, 0.1, 0.0267640529, 0.368789457, -0.0349543851, 0.966455417, 5.19496815e-005, 0.256834429, 0.25683443, -2.36948454e-005, -0.966455418, -4.41213991e-005, 0.999999998, -3.62424785e-005, 0.966455367, 3.66270596e-005, 0.25683462, 0.25683462, -1.26984651e-005, -0.966455368, -3.21370129e-005, 0.999999999, -2.16795967e-005, 0, 0, 0, 0, 0, 0, 0, 0.225394189, -0.0480347656, -0.202037256, -0.341473409, 0.783777648, -0.518661197, -0.824951172, 0.0144042969, 0.564941406, 0.450319816, 0.620873996, 0.641772142, 0, 0, -0, 0, 0, 0, 0, 0.291757178, -0.0135926758, -0.162864893, -0.0469493117, 0.621396131, -0.781932476, 0.358032227, -0.720336914, -0.593994141, -0.93250123, -0.307826473, -0.188602344, 0, 2, 1, 1, 
489.893439, 61, 0.1, 0.1, 0.0267640417, 0.368789464, -0.0349687146, 0.966455665, -6.64587355e-006, 0.2568335, 0.2568335, -2.13470685e-006, -0.966455666, 6.97120637e-006, 1, -3.56216563e-007, 0.966455617, 1.91823905e-005, 0.25683368, 0.25683368, -1.57663527e-005, -0.966455617, -1.44895987e-005, 1, -2.01641641e-005, 0, 0, 0, 0, 0, 0, 0, 0.225394189, -0.0480347656, -0.202037256, -0.341473409, 0.783777648, -0.518661197, -0.824951172, 0.0144042969, 0.564941406, 0.450319816, 0.620873996, 0.641772142, 0, 0, -0, 0, 0, 0, 0, 0.291757178, -0.0135926758, -0.162864893, -0.0469493117, 0.621396131, -0.781932476, 0.358032227, -0.720336914, -0.593994141, -0.93250123, -0.307826473, -0.188602344, 0, 2, 1, 1, 
