time, trialNum, realDorsalTactorPos, realVentralTactorPos, boxPosX, boxPosY, boxPosZ, boxLocalRot_11, boxLocalRot_12, boxLocalRot_13, boxLocalRot_21, boxLocalRot_22, boxLocalRot_23, boxLocalRot_31, boxLocalRot_32, boxLocalRot_33, boxGlobalRot_11, boxGlobalRot_12, boxGlobalRot_13, boxGlobalRot_21, boxGlobalRot_22, boxGlobalRot_23, boxGlobalRot_31, boxGlobalRot_32, boxGlobalRot_33, indexForceX, indexForceY, indexForceZ, indexForceGlobalX, indexForceGlobalY, indexForceGlobalZ, indexContact, indexPosX, indexPosY, indexPosZ, indexRot_11, indexRot_12, indexRot_13, indexRot_21, indexRot_22, indexRot_23, indexRot_31, indexRot_32, indexRot_33, thumbForceX, thumbForceY, thumbForceZ, thumbForceGlobalX, thumbForceGlobalY, thumbForceGlobalZ, thumbContact, thumbPosX, thumbPosY, thumbPosZ, thumbRot_11, thumbRot_12, thumbRot_13, thumbRot_21, thumbRot_22, thumbRot_23, thumbRot_31, thumbRot_32, thumbRot_33, manipForceTooHigh, cceExpType, mapping, trialSuccess, 
494.311053, 52, 0.1, 0.1, 0.0259074561, 0.344014132, -0.0349668751, 0.887278938, -2.09248627e-006, 0.461233223, 0.461233223, -7.94598218e-006, -0.887278938, 5.52156997e-006, 1, -6.08517844e-006, 0.887278986, -1.29473789e-005, 0.461233131, 0.461233132, 7.05214355e-007, -0.887278986, 1.1162669e-005, 1, 6.59748197e-006, 0, 0, 0, 0, 0, 0, 0, 0.350087354, -0.0888482666, -0.219270361, -0.261122959, 0.626627661, -0.734174283, -0.934326172, 0.0266113281, 0.355102539, 0.242071115, 0.778872622, 0.578762801, 0, 0, -0, 0, 0, 0, 0, 0.406728613, -0.0367056152, -0.169766309, 0.165443423, 0.523166475, -0.835915186, 0.5703125, -0.74230957, -0.35168457, -0.804496381, -0.41843162, -0.421227426, 0, 2, 3, 1, 
494.357269, 52, 0.1, 0.1, 0.0259074533, 0.344014115, -0.0349728026, 0.88728659, 3.02201711e-006, 0.461218503, 0.461218503, 4.79108048e-006, -0.88728659, -4.89113022e-006, 1, 2.85725126e-006, 0.88728659, 2.93959238e-006, 0.461218502, 0.461218502, -6.58963619e-007, -0.88728659, -2.30433469e-006, 1, -1.94048398e-006, 0, 0, 0, 0, 0, 0, 0, 0.357975342, -0.0927240479, -0.219587549, -0.271276067, 0.629533262, -0.728012622, -0.93762207, -0.00231933594, 0.347412109, 0.216983352, 0.776929317, 0.591134819, 0, 0, -0, 0, 0, 0, 0, 0.412854883, -0.0406667969, -0.16888418, 0.158487818, 0.536460116, -0.82888229, 0.594116211, -0.722290039, -0.353881836, -0.788534436, -0.436305007, -0.433253481, 0, 2, 3, 1, 
494.35796, 52, 0.1, 0.1, 0.0259074545, 0.344014115, -0.0349717831, 0.887286585, 3.25336354e-006, 0.461218513, 0.461218513, 4.23739966e-006, -0.887286585, -4.84103299e-006, 1, 2.25927638e-006, 0.887286582, -4.02307651e-006, 0.461218518, 0.461218518, 7.91456481e-007, -0.887286582, 3.20458742e-006, 1, 2.5577661e-006, 0, 0, 0, 0, 0, 0, 0, 0.357975342, -0.0927240479, -0.219587549, -0.271276067, 0.629533262, -0.728012622, -0.93762207, -0.00231933594, 0.347412109, 0.216983352, 0.776929317, 0.591134819, 0, 0, -0, 0, 0, 0, 0, 0.412854883, -0.0406667969, -0.16888418, 0.158487818, 0.536460116, -0.82888229, 0.594116211, -0.722290039, -0.353881836, -0.788534436, -0.436305007, -0.433253481, 0, 2, 3, 1, 
494.358648, 52, 0.1, 0.1, 0.0259074547, 0.344014116, -0.0349703014, 0.887286618, 6.2370801e-008, 0.461218449, 0.461218449, -3.86220135e-006, -0.887286618, 1.72597774e-006, 1, -3.45564614e-006, 0.887286612, -5.19532399e-006, 0.46121846, 0.46121846, -6.04248505e-007, -0.887286612, 4.88843198e-006, 1, 1.86003772e-006, 0, 0, 0, 0, 0, 0, 0, 0.357975342, -0.0927240479, -0.219587549, -0.271276067, 0.629533262, -0.728012622, -0.93762207, -0.00231933594, 0.347412109, 0.216983352, 0.776929317, 0.591134819, 0, 0, -0, 0, 0, 0, 0, 0.412854883, -0.0406667969, -0.16888418, 0.158487818, 0.536460116, -0.82888229, 0.594116211, -0.722290039, -0.353881836, -0.788534436, -0.436305007, -0.433253481, 0, 2, 3, 1, 
494.359361, 52, 0.1, 0.1, 0.0259074542, 0.344014115, -0.0349685021, 0.887286605, -2.9982222e-006, 0.461218473, 0.461218473, -5.11335889e-006, -0.887286605, 5.01865798e-006, 1, -3.15417938e-006, 0.887286609, -4.21393021e-007, 0.461218467, 0.461218467, -4.020473e-006, -0.887286609, 2.22821278e-006, 1, -3.37295761e-006, 0, 0, 0, 0, 0, 0, 0, 0.358217017, -0.0936435059, -0.219174268, -0.270845094, 0.628987713, -0.728653651, -0.937988281, -0.00268554688, 0.346313477, 0.215802765, 0.777386499, 0.590989164, 0, 0, -0, 0, 0, 0, 0, 0.413244629, -0.0415897949, -0.168233496, 0.160545449, 0.53613419, -0.828556731, 0.595336914, -0.722167969, -0.351928711, -0.787090743, -0.436707492, -0.435183147, 0, 2, 3, 1, 
494.360054, 52, 0.1, 0.1, 0.025907454, 0.344014115, -0.0349672038, 0.887286625, -5.06956261e-006, 0.461218435, 0.461218435, 4.48978279e-007, -0.887286625, 4.29107804e-006, 1, 2.73654816e-006, 0.887286617, 5.92612814e-006, 0.461218451, 0.461218451, -4.33246425e-007, -0.887286617, -5.05835295e-006, 1, -3.1176534e-006, 0, 0, 0, 0, 0, 0, 0, 0.358217017, -0.0936435059, -0.219174268, -0.270845094, 0.628987713, -0.728653651, -0.937988281, -0.00268554688, 0.346313477, 0.215802765, 0.777386499, 0.590989164, 0, 0, -0, 0, 0, 0, 0, 0.413244629, -0.0415897949, -0.168233496, 0.160545449, 0.53613419, -0.828556731, 0.595336914, -0.722167969, -0.351928711, -0.787090743, -0.436707492, -0.435183147, 0, 2, 3, 1, 
494.36075, 52, 0.1, 0.1, 0.0259074547, 0.344014115, -0.0349667578, 0.887286631, 1.10752805e-006, 0.461218424, 0.461218424, 3.99013396e-006, -0.887286631, -2.82301813e-006, 1, 3.02958017e-006, 0.887286635, 4.27317095e-006, 0.461218416, 0.461218416, 5.68234737e-006, -0.887286635, -6.41233072e-006, 1, 3.07100574e-006, 0, 0, 0, 0, 0, 0, 0, 0.358217017, -0.0936435059, -0.219174268, -0.270845094, 0.628987713, -0.728653651, -0.937988281, -0.00268554688, 0.346313477, 0.215802765, 0.777386499, 0.590989164, 0, 0, -0, 0, 0, 0, 0, 0.413244629, -0.0415897949, -0.168233496, 0.160545449, 0.53613419, -0.828556731, 0.595336914, -0.722167969, -0.351928711, -0.787090743, -0.436707492, -0.435183147, 0, 2, 3, 1, 
494.361438, 52, 0.1, 0.1, 0.0259074563, 0.344014116, -0.0349671819, 0.887286623, 5.84850038e-006, 0.461218439, 0.461218439, -1.14034473e-006, -0.887286623, -4.66334813e-006, 1, -3.70924884e-006, 0.887286619, 6.75422131e-007, 0.461218448, 0.461218448, 2.83942511e-006, -0.887286619, -1.90888826e-006, 1, 2.20786676e-006, 0, 0, 0, 0, 0, 0, 0, 0.358217017, -0.0936435059, -0.219174268, -0.270845094, 0.628987713, -0.728653651, -0.937988281, -0.00268554688, 0.346313477, 0.215802765, 0.777386499, 0.590989164, 0, 0, -0, 0, 0, 0, 0, 0.413244629, -0.0415897949, -0.168233496, 0.160545449, 0.53613419, -0.828556731, 0.595336914, -0.722167969, -0.351928711, -0.787090743, -0.436707492, -0.435183147, 0, 2, 3, 1, 
494.362127, 52, 0.1, 0.1, 0.0259074578, 0.344014117, -0.0349683786, 0.887286648, 3.68366987e-006, 0.46121839, 0.46121839, -1.93320133e-006, -0.887286648, -2.37684308e-006, 1, -3.41428002e-006, 0.887286648, -3.91466903e-006, 0.461218392, 0.461218392, -6.11370796e-006, -0.887286648, 6.29318811e-006, 1, -3.61909408e-006, 0, 0, 0, 0, 0, 0, 0, 0.358217017, -0.0936435059, -0.219174268, -0.270845094, 0.628987713, -0.728653651, -0.937988281, -0.00268554688, 0.346313477, 0.215802765, 0.777386499, 0.590989164, 0, 0, -0, 0, 0, 0, 0, 0.413244629, -0.0415897949, -0.168233496, 0.160545449, 0.53613419, -0.828556731, 0.595336914, -0.722167969, -0.351928711, -0.787090743, -0.436707492, -0.435183147, 0, 2, 3, 1, 
494.362817, 52, 0.1, 0.1, 0.025907459, 0.344014117, -0.0349699477, 0.887286628, -4.86518344e-006, 0.461218429, 0.461218429, 3.95003713e-007, -0.887286628, 4.13462922e-006, 1, 2.59439377e-006, 0.887286632, -5.28551896e-006, 0.461218423, 0.461218423, -5.82860862e-006, -0.887286632, 7.37803199e-006, 1, -2.73386779e-006, 0, 0, 0, 0, 0, 0, 0, 0.358217017, -0.0936435059, -0.219174268, -0.270845094, 0.628987713, -0.728653651, -0.937988281, -0.00268554688, 0.346313477, 0.215802765, 0.777386499, 0.590989164, 0, 0, -0, 0, 0, 0, 0, 0.413244629, -0.0415897949, -0.168233496, 0.160545449, 0.53613419, -0.828556731, 0.595336914, -0.722167969, -0.351928711, -0.787090743, -0.436707492, -0.435183147, 0, 2, 3, 1, 
494.363505, 52, 0.1, 0.1, 0.0259074593, 0.344014117, -0.034971411, 0.88728665, -5.83707996e-006, 0.461218387, 0.461218387, -1.40179589e-008, -0.88728665, 5.18562847e-006, 1, 2.67973066e-006, 0.887286645, -3.90042754e-006, 0.461218397, 0.461218397, 1.00903265e-006, -0.887286645, 2.99541284e-006, 1, 2.69425013e-006, 0, 0, 0, 0, 0, 0, 0, 0.358217017, -0.0936435059, -0.219174268, -0.270845094, 0.628987713, -0.728653651, -0.937988281, -0.00268554688, 0.346313477, 0.215802765, 0.777386499, 0.590989164, 0, 0, -0, 0, 0, 0, 0, 0.413244629, -0.0415897949, -0.168233496, 0.160545449, 0.53613419, -0.828556731, 0.595336914, -0.722167969, -0.351928711, -0.787090743, -0.436707492, -0.435183147, 0, 2, 3, 1, 
494.364226, 52, 0.1, 0.1, 0.0259074587, 0.344014117, -0.0349720276, 0.887286641, -4.12822739e-007, 0.461218404, 0.461218404, -2.52618609e-006, -0.887286641, 1.53141562e-006, 1, -2.05104973e-006, 0.887286647, 4.16645356e-006, 0.461218393, 0.461218393, 5.24012148e-006, -0.887286647, -6.11367902e-006, 1, 2.7278448e-006, 0, 0, 0, 0, 0, 0, 0, 0.359077026, -0.0940960937, -0.218719727, -0.271347581, 0.628867145, -0.728539075, -0.938476562, -0.00500488282, 0.345092773, 0.213410512, 0.777405595, 0.591712568, 0, 0, -0, 0, 0, 0, 0, 0.413919727, -0.0419652344, -0.16798584, 0.160321969, 0.537437525, -0.827822125, 0.596801758, -0.720825195, -0.352294922, -0.78613229, -0.437429705, -0.436333364, 0, 2, 3, 1, 
494.364917, 52, 0.1, 0.1, 0.0259074586, 0.344014116, -0.0349718947, 0.887286642, 4.56449051e-006, 0.461218402, 0.461218402, 6.11278291e-007, -0.887286642, -4.33194426e-006, 1, -1.56284796e-006, 0.887286638, 7.43541213e-006, 0.461218411, 0.461218411, 1.93785898e-006, -0.887286638, -7.49111807e-006, 1, -1.70991259e-006, 0, 0, 0, 0, 0, 0, 0, 0.359077026, -0.0940960937, -0.218719727, -0.271347581, 0.628867145, -0.728539075, -0.938476562, -0.00500488282, 0.345092773, 0.213410512, 0.777405595, 0.591712568, 0, 0, -0, 0, 0, 0, 0, 0.413919727, -0.0419652344, -0.16798584, 0.160321969, 0.537437525, -0.827822125, 0.596801758, -0.720825195, -0.352294922, -0.78613229, -0.437429705, -0.436333364, 0, 2, 3, 1, 
494.365605, 52, 0.1, 0.1, 0.0259074599, 0.344014116, -0.0349711891, 0.887286653, 2.95925719e-006, 0.461218381, 0.461218381, 6.11031931e-006, -0.887286653, -5.44390099e-006, 1, 4.05674096e-006, 0.887286656, 3.51225382e-006, 0.461218375, 0.461218375, 6.27730479e-007, -0.887286656, -3.40589678e-006, 1, -1.06293912e-006, 0, 0, 0, 0, 0, 0, 0, 0.359077026, -0.0940960937, -0.218719727, -0.271347581, 0.628867145, -0.728539075, -0.938476562, -0.00500488282, 0.345092773, 0.213410512, 0.777405595, 0.591712568, 0, 0, -0, 0, 0, 0, 0, 0.413919727, -0.0419652344, -0.16798584, 0.160321969, 0.537437525, -0.827822125, 0.596801758, -0.720825195, -0.352294922, -0.78613229, -0.437429705, -0.436333364, 0, 2, 3, 1, 
494.366301, 52, 0.1, 0.1, 0.0259074617, 0.344014116, -0.0349700972, 0.887286635, 4.56774986e-007, 0.461218416, 0.461218416, 4.05717362e-006, -0.887286635, -2.27653353e-006, 1, 3.38920289e-006, 0.887286635, -6.85671543e-006, 0.461218417, 0.461218417, 6.09072373e-007, -0.887286635, 5.80295657e-006, 1, 3.70286521e-006, 0, 0, 0, 0, 0, 0, 0, 0.359077026, -0.0940960937, -0.218719727, -0.271347581, 0.628867145, -0.728539075, -0.938476562, -0.00500488282, 0.345092773, 0.213410512, 0.777405595, 0.591712568, 0, 0, -0, 0, 0, 0, 0, 0.413919727, -0.0419652344, -0.16798584, 0.160321969, 0.537437525, -0.827822125, 0.596801758, -0.720825195, -0.352294922, -0.78613229, -0.437429705, -0.436333364, 0, 2, 3, 1, 
494.366991, 52, 0.1, 0.1, 0.0259074631, 0.344014117, -0.0349690179, 0.887286659, -3.43369124e-006, 0.461218369, 0.461218369, -4.94839631e-006, -0.887286659, 5.32895971e-006, 1, -2.80696456e-006, 0.887286655, -8.92314869e-006, 0.461218377, 0.461218377, -1.56344268e-006, -0.887286655, 8.63847925e-006, 1, 2.72829832e-006, 0, 0, 0, 0, 0, 0, 0, 0.359077026, -0.0940960937, -0.218719727, -0.271347581, 0.628867145, -0.728539075, -0.938476562, -0.00500488282, 0.345092773, 0.213410512, 0.777405595, 0.591712568, 0, 0, -0, 0, 0, 0, 0, 0.413919727, -0.0419652344, -0.16798584, 0.160321969, 0.537437525, -0.827822125, 0.596801758, -0.720825195, -0.352294922, -0.78613229, -0.437429705, -0.436333364, 0, 2, 3, 1, 
494.367676, 52, 0.1, 0.1, 0.0259074636, 0.344014117, -0.0349682999, 0.88728664, -5.30522635e-006, 0.461218407, 0.461218407, -6.0353867e-006, -0.88728664, 7.4908879e-006, 1, -2.90824994e-006, 0.887286645, -3.13319204e-006, 0.461218397, 0.461218397, -4.94854108e-006, -0.887286645, 5.06239764e-006, 1, -2.9456886e-006, 0, 0, 0, 0, 0, 0, 0, 0.359077026, -0.0940960937, -0.218719727, -0.271347581, 0.628867145, -0.728539075, -0.938476562, -0.00500488282, 0.345092773, 0.213410512, 0.777405595, 0.591712568, 0, 0, -0, 0, 0, 0, 0, 0.413919727, -0.0419652344, -0.16798584, 0.160321969, 0.537437525, -0.827822125, 0.596801758, -0.720825195, -0.352294922, -0.78613229, -0.437429705, -0.436333364, 0, 2, 3, 1, 
494.368452, 52, 0.1, 0.1, 0.0259074637, 0.344014116, -0.0349671219, 0.887286656, -5.44517554e-006, 0.461218375, 0.461218375, 2.07129716e-006, -0.887286656, 3.87611129e-006, 1, 4.34924935e-006, 0.887286647, 6.3038137e-006, 0.461218392, 0.461218392, 1.1937383e-006, -0.887286647, -6.14386379e-006, 1, -1.84824676e-006, 0, 0, 0, 0, 0, 0, 0, 0.359077026, -0.0940960937, -0.218719727, -0.27111356, 0.628765674, -0.728703826, -0.938842773, -0.00622558594, 0.343994141, 0.211766752, 0.777545258, 0.59223303, 0, 0, -0, 0, 0, 0, 0, 0.413919727, -0.0419652344, -0.16798584, 0.160321969, 0.537437525, -0.827822125, 0.596801758, -0.720825195, -0.352294922, -0.78613229, -0.437429705, -0.436333364, 0, 2, 3, 1, 
494.369168, 52, 0.1, 0.1, 0.025907464, 0.344014116, -0.034966432, 0.887286659, 2.69095503e-006, 0.46121837, 0.46121837, 4.39452137e-006, -0.887286659, -4.41448248e-006, 1, 2.65808229e-006, 0.887286664, 5.62572795e-006, 0.461218361, 0.461218361, 6.33900003e-006, -0.887286664, -7.91529659e-006, 1, 3.02982117e-006, 0, 0, 0, 0, 0, 0, 0, 0.359976953, -0.0949938232, -0.218280078, -0.27111356, 0.628765674, -0.728703826, -0.938842773, -0.00622558594, 0.343994141, 0.211766752, 0.777545258, 0.59223303, 0, 0, -0, 0, 0, 0, 0, 0.414571631, -0.0425856445, -0.167741357, 0.159721524, 0.538536336, -0.827247199, 0.598266602, -0.719360352, -0.352783203, -0.785090715, -0.438541642, -0.437132136, 0, 2, 3, 1, 
494.369863, 52, 0.1, 0.1, 0.0259074648, 0.344014116, -0.0349667473, 0.887286648, 8.14134645e-006, 0.46121839, 0.46121839, -1.42583397e-006, -0.887286649, -6.56608716e-006, 1, -5.02006215e-006, 0.887286644, 2.8272255e-006, 0.461218399, 0.461218399, 2.91961233e-006, -0.887286644, -3.85513835e-006, 1, 1.28656461e-006, 0, 0, 0, 0, 0, 0, 0, 0.359976953, -0.0949938232, -0.218280078, -0.27111356, 0.628765674, -0.728703826, -0.938842773, -0.00622558594, 0.343994141, 0.211766752, 0.777545258, 0.59223303, 0, 0, -0, 0, 0, 0, 0, 0.414571631, -0.0425856445, -0.167741357, 0.159721524, 0.538536336, -0.827247199, 0.598266602, -0.719360352, -0.352783203, -0.785090715, -0.438541642, -0.437132136, 0, 2, 3, 1, 
494.370555, 52, 0.1, 0.1, 0.0259074657, 0.344014118, -0.0349678846, 0.887286672, 5.12808146e-006, 0.461218345, 0.461218345, -2.93272474e-006, -0.887286672, -3.19745188e-006, 1, -4.96733282e-006, 0.887286672, -2.4985141e-006, 0.461218346, 0.461218346, -7.09254173e-006, -0.887286672, 5.48810862e-006, 1, -5.1407572e-006, 0, 0, 0, 0, 0, 0, 0, 0.359976953, -0.0949938232, -0.218280078, -0.27111356, 0.628765674, -0.728703826, -0.938842773, -0.00622558594, 0.343994141, 0.211766752, 0.777545258, 0.59223303, 0, 0, -0, 0, 0, 0, 0, 0.414571631, -0.0425856445, -0.167741357, 0.159721524, 0.538536336, -0.827247199, 0.598266602, -0.719360352, -0.352783203, -0.785090715, -0.438541642, -0.437132136, 0, 2, 3, 1, 
494.371252, 52, 0.1, 0.1, 0.0259074666, 0.344014119, -0.0349694663, 0.887286649, -4.61036924e-006, 0.461218389, 0.461218389, -1.08199714e-006, -0.887286649, 4.58975605e-006, 1, 1.16634546e-006, 0.887286653, -4.88479833e-006, 0.461218382, 0.461218382, -7.34151464e-006, -0.887286653, 7.72025786e-006, 1, -4.26106917e-006, 0, 0, 0, 0, 0, 0, 0, 0.359976953, -0.0949938232, -0.218280078, -0.27111356, 0.628765674, -0.728703826, -0.938842773, -0.00622558594, 0.343994141, 0.211766752, 0.777545258, 0.59223303, 0, 0, -0, 0, 0, 0, 0, 0.414571631, -0.0425856445, -0.167741357, 0.159721524, 0.538536336, -0.827247199, 0.598266602, -0.719360352, -0.352783203, -0.785090715, -0.438541642, -0.437132136, 0, 2, 3, 1, 
494.371951, 52, 0.1, 0.1, 0.0259074668, 0.344014119, -0.0349709956, 0.887286669, -6.45349975e-006, 0.46121835, 0.46121835, -1.54047121e-006, -0.887286669, 6.43659789e-006, 1, 1.60963294e-006, 0.887286665, -4.31609171e-006, 0.461218359, 0.461218359, -5.01515624e-007, -0.887286665, 4.06091883e-006, 1, 1.54567261e-006, 0, 0, 0, 0, 0, 0, 0, 0.359976953, -0.0949938232, -0.218280078, -0.27111356, 0.628765674, -0.728703826, -0.938842773, -0.00622558594, 0.343994141, 0.211766752, 0.777545258, 0.59223303, 0, 0, -0, 0, 0, 0, 0, 0.414571631, -0.0425856445, -0.167741357, 0.159721524, 0.538536336, -0.827247199, 0.598266602, -0.719360352, -0.352783203, -0.785090715, -0.438541642, -0.437132136, 0, 2, 3, 1, 
494.372643, 52, 0.1, 0.1, 0.0259074667, 0.344014119, -0.0349719989, 0.887286661, -1.81168404e-006, 0.461218367, 0.461218367, -3.97583917e-006, -0.887286661, 3.44121313e-006, 1, -2.69212711e-006, 0.887286666, 2.66953625e-006, 0.461218356, 0.461218356, 3.78897382e-006, -0.887286666, -4.1161882e-006, 1, 2.13066683e-006, 0, 0, 0, 0, 0, 0, 0, 0.359976953, -0.0949938232, -0.218280078, -0.27111356, 0.628765674, -0.728703826, -0.938842773, -0.00622558594, 0.343994141, 0.211766752, 0.777545258, 0.59223303, 0, 0, -0, 0, 0, 0, 0, 0.414571631, -0.0425856445, -0.167741357, 0.159721524, 0.538536336, -0.827247199, 0.598266602, -0.719360352, -0.352783203, -0.785090715, -0.438541642, -0.437132136, 0, 2, 3, 1, 
494.373352, 52, 0.1, 0.1, 0.0259074667, 0.344014119, -0.0349721753, 0.887286663, 4.84671054e-006, 0.461218362, 0.461218362, -3.83689032e-007, -0.887286663, -4.12345719e-006, 1, -2.57583406e-006, 0.887286658, 7.4205522e-006, 0.461218372, 0.461218372, 7.43325525e-007, -0.887286658, -6.92699235e-006, 1, -2.76295218e-006, 0, 0, 0, 0, 0, 0, 0, 0.36006665, -0.0954138184, -0.218880713, -0.27372186, 0.629311223, -0.727383575, -0.938110352, -0.00817871094, 0.345825195, 0.211685498, 0.777088076, 0.592765475, 0, 0, -0, 0, 0, 0, 0, 0.414571631, -0.0425856445, -0.167741357, 0.159721524, 0.538536336, -0.827247199, 0.598266602, -0.719360352, -0.352783203, -0.785090715, -0.438541642, -0.437132136, 0, 2, 3, 1, 
494.374066, 52, 0.1, 0.1, 0.0259074678, 0.344014119, -0.0349712924, 0.887286676, 3.8869774e-006, 0.461218337, 0.461218337, 6.0891473e-006, -0.887286676, -6.25728965e-006, 1, 3.61007402e-006, 0.887286679, 4.24539703e-006, 0.461218331, 0.461218331, 3.39330633e-007, -0.887286679, -3.92338974e-006, 1, -1.65697138e-006, 0, 0, 0, 0, 0, 0, 0, 0.36006665, -0.0954138184, -0.218880713, -0.27372186, 0.629311223, -0.727383575, -0.938110352, -0.00817871094, 0.345825195, 0.211685498, 0.777088076, 0.592765475, 0, 0, -0, 0, 0, 0, 0, 0.414907275, -0.0427830078, -0.167713037, 0.157798421, 0.539443383, -0.826908514, 0.599731445, -0.717651367, -0.353759766, -0.7843109, -0.440164705, -0.436851053, 0, 2, 3, 1, 
494.374763, 52, 0.1, 0.1, 0.025907469, 0.344014119, -0.0349699924, 0.88728666, 2.44671881e-006, 0.461218369, 0.461218369, 5.04958712e-006, -0.88728666, -4.49990329e-006, 1, 3.35195963e-006, 0.887286659, -5.18563416e-006, 0.46121837, 0.46121837, 1.39514618e-006, -0.887286659, 3.95767696e-006, 1, 3.62960433e-006, 0, 0, 0, 0, 0, 0, 0, 0.36006665, -0.0954138184, -0.218880713, -0.27372186, 0.629311223, -0.727383575, -0.938110352, -0.00817871094, 0.345825195, 0.211685498, 0.777088076, 0.592765475, 0, 0, -0, 0, 0, 0, 0, 0.414907275, -0.0427830078, -0.167713037, 0.157798421, 0.539443383, -0.826908514, 0.599731445, -0.717651367, -0.353759766, -0.7843109, -0.440164705, -0.436851053, 0, 2, 3, 1, 
494.375457, 52, 0.1, 0.1, 0.0259074698, 0.344014119, -0.034968644, 0.887286686, -2.36952025e-006, 0.461218318, 0.461218318, -4.0193946e-006, -0.887286686, 3.95626218e-006, 1, -2.47348917e-006, 0.887286682, -7.71923839e-006, 0.461218326, 0.461218326, -5.50747685e-007, -0.887286682, 7.10319234e-006, 1, 3.07158312e-006, 0, 0, 0, 0, 0, 0, 0, 0.36006665, -0.0954138184, -0.218880713, -0.27372186, 0.629311223, -0.727383575, -0.938110352, -0.00817871094, 0.345825195, 0.211685498, 0.777088076, 0.592765475, 0, 0, -0, 0, 0, 0, 0, 0.414907275, -0.0427830078, -0.167713037, 0.157798421, 0.539443383, -0.826908514, 0.599731445, -0.717651367, -0.353759766, -0.7843109, -0.440164705, -0.436851053, 0, 2, 3, 1, 
494.376187, 52, 0.1, 0.1, 0.0259074698, 0.344014119, -0.0349672742, 0.887286663, -5.2893117e-006, 0.461218362, 0.461218362, -5.22609456e-006, -0.887286663, 7.1035065e-006, 1, -2.19751633e-006, 0.887286669, -2.747302e-006, 0.461218352, 0.461218352, -3.96567707e-006, -0.887286669, 4.26668748e-006, 1, -2.2515863e-006, 0, 0, 0, 0, 0, 0, 0, 0.360389111, -0.0960679199, -0.219256763, -0.276127217, 0.629634733, -0.726044229, -0.9375, -0.0102539063, 0.34753418, 0.211324918, 0.776789653, 0.593418487, 0, 0, -0, 0, 0, 0, 0, 0.415269287, -0.0434415039, -0.16770791, 0.156411964, 0.539909667, -0.826946794, 0.600585937, -0.716674805, -0.354370117, -0.783965651, -0.441097639, -0.436486848, 0, 2, 3, 1, 
494.376885, 52, 0.1, 0.1, 0.0259074701, 0.344014118, -0.0349666734, 0.887286675, -6.21385781e-006, 0.46121834, 0.46121834, 5.08864248e-007, -0.887286675, 5.27877571e-006, 1, 3.31745365e-006, 0.887286668, 4.7847735e-006, 0.461218353, 0.461218353, -4.41483701e-007, -0.887286668, -4.04184535e-006, 1, -2.59854796e-006, 0, 0, 0, 0, 0, 0, 0, 0.360389111, -0.0960679199, -0.219256763, -0.276127217, 0.629634733, -0.726044229, -0.9375, -0.0102539063, 0.34753418, 0.211324918, 0.776789653, 0.593418487, 0, 0, -0, 0, 0, 0, 0, 0.415269287, -0.0434415039, -0.16770791, 0.156411964, 0.539909667, -0.826946794, 0.600585937, -0.716674805, -0.354370117, -0.783965651, -0.441097639, -0.436486848, 0, 2, 3, 1, 
494.377578, 52, 0.1, 0.1, 0.0259074707, 0.344014118, -0.0349669524, 0.887286674, 1.36507597e-006, 0.461218341, 0.461218341, 4.21783799e-006, -0.887286674, -3.15655795e-006, 1, 3.11283337e-006, 0.887286679, 4.22658332e-006, 0.461218331, 0.461218331, 5.82867504e-006, -0.887286679, -6.43848285e-006, 1, 3.22232802e-006, 0, 0, 0, 0, 0, 0, 0, 0.360389111, -0.0960679199, -0.219256763, -0.276127217, 0.629634733, -0.726044229, -0.9375, -0.0102539063, 0.34753418, 0.211324918, 0.776789653, 0.593418487, 0, 0, -0, 0, 0, 0, 0, 0.415269287, -0.0434415039, -0.16770791, 0.156411964, 0.539909667, -0.826946794, 0.600585937, -0.716674805, -0.354370117, -0.783965651, -0.441097639, -0.436486848, 0, 2, 3, 1, 
494.378275, 52, 0.1, 0.1, 0.0259074718, 0.344014119, -0.0349680094, 0.887286661, 6.68117041e-006, 0.461218366, 0.461218366, -2.45777992e-007, -0.887286661, -5.81475606e-006, 1, -3.29955403e-006, 0.887286657, 1.5665576e-006, 0.461218373, 0.461218373, 3.63197126e-006, -0.887286657, -3.06511754e-006, 1, 2.50007449e-006, 0, 0, 0, 0, 0, 0, 0, 0.360389111, -0.0960679199, -0.219256763, -0.276127217, 0.629634733, -0.726044229, -0.9375, -0.0102539063, 0.34753418, 0.211324918, 0.776789653, 0.593418487, 0, 0, -0, 0, 0, 0, 0, 0.415269287, -0.0434415039, -0.16770791, 0.156411964, 0.539909667, -0.826946794, 0.600585937, -0.716674805, -0.354370117, -0.783965651, -0.441097639, -0.436486848, 0, 2, 3, 1, 
494.378971, 52, 0.1, 0.1, 0.0259074729, 0.344014119, -0.0349694753, 0.887286681, 4.56822198e-006, 0.461218328, 0.461218328, -1.04933429e-006, -0.887286681, -3.56935031e-006, 1, -3.03800804e-006, 0.887286681, -2.78996002e-006, 0.461218327, 0.461218327, -5.12535745e-006, -0.887286681, 4.83940316e-006, 1, -3.26088071e-006, 0, 0, 0, 0, 0, 0, 0, 0.360389111, -0.0960679199, -0.219256763, -0.276127217, 0.629634733, -0.726044229, -0.9375, -0.0102539063, 0.34753418, 0.211324918, 0.776789653, 0.593418487, 0, 0, -0, 0, 0, 0, 0, 0.415269287, -0.0434415039, -0.16770791, 0.156411964, 0.539909667, -0.826946794, 0.600585937, -0.716674805, -0.354370117, -0.783965651, -0.441097639, -0.436486848, 0, 2, 3, 1, 
494.379667, 52, 0.1, 0.1, 0.0259074738, 0.34401412, -0.034970873, 0.887286658, -4.47301197e-006, 0.461218373, 0.461218373, 6.90680767e-007, -0.887286658, 3.65028918e-006, 1, 2.67586713e-006, 0.887286661, -4.72873313e-006, 0.461218365, 0.461218365, -5.28260443e-006, -0.887286661, 6.63217601e-006, 1, -2.50620588e-006, 0, 0, 0, 0, 0, 0, 0, 0.360389111, -0.0960679199, -0.219256763, -0.276127217, 0.629634733, -0.726044229, -0.9375, -0.0102539063, 0.34753418, 0.211324918, 0.776789653, 0.593418487, 0, 0, -0, 0, 0, 0, 0, 0.415269287, -0.0434415039, -0.16770791, 0.156411964, 0.539909667, -0.826946794, 0.600585937, -0.716674805, -0.354370117, -0.783965651, -0.441097639, -0.436486848, 0, 2, 3, 1, 
494.380364, 52, 0.1, 0.1, 0.0259074738, 0.344014119, -0.0349717727, 0.887286676, -6.07712446e-006, 0.461218337, 0.461218337, -3.23671531e-007, -0.887286676, 5.54143481e-006, 1, 2.5156918e-006, 0.887286672, -4.02836472e-006, 0.461218346, 0.461218346, 8.01027248e-007, -0.887286672, 3.20486586e-006, 1, 2.56869651e-006, 0, 0, 0, 0, 0, 0, 0, 0.360389111, -0.0960679199, -0.219256763, -0.276127217, 0.629634733, -0.726044229, -0.9375, -0.0102539063, 0.34753418, 0.211324918, 0.776789653, 0.593418487, 0, 0, -0, 0, 0, 0, 0, 0.415269287, -0.0434415039, -0.16770791, 0.156411964, 0.539909667, -0.826946794, 0.600585937, -0.716674805, -0.354370117, -0.783965651, -0.441097639, -0.436486848, 0, 2, 3, 1, 
494.381087, 52, 0.1, 0.1, 0.0259074734, 0.344014119, -0.0349716908, 0.887286664, -1.50632446e-006, 0.46121836, 0.46121836, -3.35340015e-006, -0.887286664, 2.88319132e-006, 1, -2.28068273e-006, 0.887286671, 3.24252056e-006, 0.461218348, 0.461218348, 4.64282506e-006, -0.887286671, -5.01840137e-006, 1, 2.62400681e-006, 0, 0, 0, 0, 0, 0, 0, 0.36048772, -0.0958181885, -0.219406885, -0.278507486, 0.630180282, -0.724666691, -0.937011719, -0.0130615234, 0.348876953, 0.210342404, 0.776332471, 0.594312633, 0, 0, -0, 0, 0, 0, 0, 0.415682812, -0.0436085938, -0.167458301, 0.155741157, 0.540957438, -0.826410148, 0.6015625, -0.715454102, -0.354980469, -0.783422443, -0.44172397, -0.436921415, 0, 2, 3, 1, 
494.381783, 52, 0.1, 0.1, 0.0259074735, 0.344014119, -0.0349709898, 0.887286663, 3.7629193e-006, 0.461218362, 0.461218362, -4.3113805e-007, -0.887286663, -3.13993932e-006, 1, -2.11807051e-006, 0.887286659, 6.77578177e-006, 0.46121837, 0.46121837, 1.02092197e-006, -0.887286659, -6.48292873e-006, 1, -2.21926458e-006, 0, 0, 0, 0, 0, 0, 0, 0.36048772, -0.0958181885, -0.219406885, -0.278507486, 0.630180282, -0.724666691, -0.937011719, -0.0130615234, 0.348876953, 0.210342404, 0.776332471, 0.594312633, 0, 0, -0, 0, 0, 0, 0, 0.415682812, -0.0436085938, -0.167458301, 0.155741157, 0.540957438, -0.826410148, 0.6015625, -0.715454102, -0.354980469, -0.783422443, -0.44172397, -0.436921415, 0, 2, 3, 1, 
494.382475, 52, 0.1, 0.1, 0.0259074748, 0.344014119, -0.0349699521, 0.887286672, 2.84874798e-006, 0.461218345, 0.461218345, 5.53852642e-006, -0.887286672, -5.08212611e-006, 1, 3.60036585e-006, 0.887286676, 3.31662301e-006, 0.461218337, 0.461218337, -3.56743112e-007, -0.887286676, -2.77825894e-006, 1, -1.84622076e-006, 0, 0, 0, 0, 0, 0, 0, 0.36048772, -0.0958181885, -0.219406885, -0.278507486, 0.630180282, -0.724666691, -0.937011719, -0.0130615234, 0.348876953, 0.210342404, 0.776332471, 0.594312633, 0, 0, -0, 0, 0, 0, 0, 0.415682812, -0.0436085938, -0.167458301, 0.155741157, 0.540957438, -0.826410148, 0.6015625, -0.715454102, -0.354980469, -0.783422443, -0.44172397, -0.436921415, 0, 2, 3, 1, 
494.383173, 52, 0.1, 0.1, 0.0259074766, 0.344014119, -0.0349688673, 0.887286651, 8.03695982e-007, 0.461218386, 0.461218386, 3.71000245e-006, -0.887286651, -2.42423005e-006, 1, 2.92115628e-006, 0.887286651, -6.92281802e-006, 0.461218385, 0.461218385, 4.61109403e-008, -0.887286651, 6.1212568e-006, 1, 3.23384457e-006, 0, 0, 0, 0, 0, 0, 0, 0.36048772, -0.0958181885, -0.219406885, -0.278507486, 0.630180282, -0.724666691, -0.937011719, -0.0130615234, 0.348876953, 0.210342404, 0.776332471, 0.594312633, 0, 0, -0, 0, 0, 0, 0, 0.415682812, -0.0436085938, -0.167458301, 0.155741157, 0.540957438, -0.826410148, 0.6015625, -0.715454102, -0.354980469, -0.783422443, -0.44172397, -0.436921415, 0, 2, 3, 1, 
494.383888, 52, 0.1, 0.1, 0.0259074775, 0.34401412, -0.0349680287, 0.887286675, -1.98114487e-006, 0.461218339, 0.461218339, -5.79569548e-006, -0.887286675, 4.43092449e-006, 1, -4.22870302e-006, 0.887286671, -8.53193303e-006, 0.461218347, 0.461218347, -1.85479333e-006, -0.887286671, 8.42573517e-006, 1, 2.28935066e-006, 0, 0, 0, 0, 0, 0, 0, 0.36048772, -0.0958181885, -0.219406885, -0.278507486, 0.630180282, -0.724666691, -0.937011719, -0.0130615234, 0.348876953, 0.210342404, 0.776332471, 0.594312633, 0, 0, -0, 0, 0, 0, 0, 0.415682812, -0.0436085938, -0.167458301, 0.155741157, 0.540957438, -0.826410148, 0.6015625, -0.715454102, -0.354980469, -0.783422443, -0.44172397, -0.436921415, 0, 2, 3, 1, 
494.384579, 52, 0.1, 0.1, 0.0259074773, 0.344014121, -0.0349675428, 0.887286652, -3.97377776e-006, 0.461218384, 0.461218383, -6.29911245e-006, -0.887286652, 6.43114643e-006, 1, -3.75633904e-006, 0.887286657, -1.528878e-006, 0.461218373, 0.461218373, -5.27595123e-006, -0.887286657, 3.7899187e-006, 1, -3.97613451e-006, 0, 0, 0, 0, 0, 0, 0, 0.36048772, -0.0958181885, -0.219406885, -0.278507486, 0.630180282, -0.724666691, -0.937011719, -0.0130615234, 0.348876953, 0.210342404, 0.776332471, 0.594312633, 0, 0, -0, 0, 0, 0, 0, 0.415682812, -0.0436085938, -0.167458301, 0.155741157, 0.540957438, -0.826410148, 0.6015625, -0.715454102, -0.354980469, -0.783422443, -0.44172397, -0.436921415, 0, 2, 3, 1, 
494.385287, 52, 0.1, 0.1, 0.025907477, 0.34401412, -0.03496769, 0.887286664, -5.26767399e-006, 0.461218361, 0.461218361, 8.14932597e-007, -0.887286664, 4.298075e-006, 1, 3.15262679e-006, 0.887286657, 6.28081694e-006, 0.461218374, 0.461218374, -3.59672172e-007, -0.887286657, -5.40699765e-006, 1, -3.2159605e-006, 0, 0, 0, 0, 0, 0, 0, 0.36048772, -0.0958181885, -0.219406885, -0.281020306, 0.631696362, -0.722330605, -0.936157227, -0.0150146484, 0.351074219, 0.210863987, 0.77498002, 0.595796513, 0, 0, -0, 0, 0, 0, 0, 0.415682812, -0.0436085938, -0.167458301, 0.155741157, 0.540957438, -0.826410148, 0.6015625, -0.715454102, -0.354980469, -0.783422443, -0.44172397, -0.436921415, 0, 2, 3, 1, 
494.38601, 52, 0.1, 0.1, 0.0259074775, 0.34401412, -0.0349679687, 0.887286663, 1.73675293e-006, 0.461218363, 0.461218363, 5.15699172e-006, -0.887286663, -3.91949698e-006, 1, 3.77470763e-006, 0.887286668, 4.55831471e-006, 0.461218352, 0.461218352, 6.63582447e-006, -0.887286668, -7.10509589e-006, 1, 3.78550018e-006, 0, 0, 0, 0, 0, 0, 0, 0.359914404, -0.0957448242, -0.21995271, -0.281020306, 0.631696362, -0.722330605, -0.936157227, -0.0150146484, 0.351074219, 0.210863987, 0.77498002, 0.595796513, 0, 0, -0, 0, 0, 0, 0, 0.415276953, -0.0437507813, -0.168079443, 0.153070322, 0.542369415, -0.82603938, 0.601806641, -0.714111328, -0.357299805, -0.783703159, -0.442312021, -0.435777762, 0, 2, 3, 1, 
494.386703, 52, 0.1, 0.1, 0.0259074785, 0.34401412, -0.0349686855, 0.887286649, 6.50552004e-006, 0.46121839, 0.46121839, 1.14824071e-006, -0.887286649, -6.30185081e-006, 1, -1.98164682e-006, 0.887286645, 1.68422371e-006, 0.461218396, 0.461218396, 4.87999924e-006, -0.887286645, -3.74513463e-006, 1, 3.5531632e-006, 0, 0, 0, 0, 0, 0, 0, 0.359914404, -0.0957448242, -0.21995271, -0.281020306, 0.631696362, -0.722330605, -0.936157227, -0.0150146484, 0.351074219, 0.210863987, 0.77498002, 0.595796513, 0, 0, -0, 0, 0, 0, 0, 0.415276953, -0.0437507813, -0.168079443, 0.153070322, 0.542369415, -0.82603938, 0.601806641, -0.714111328, -0.357299805, -0.783703159, -0.442312021, -0.435777762, 0, 2, 3, 1, 
494.387401, 52, 0.1, 0.1, 0.0259074797, 0.34401412, -0.0349696184, 0.887286667, 3.72703091e-006, 0.461218354, 0.461218354, 3.51051464e-008, -0.887286667, -3.32313597e-006, 1, -1.68782673e-006, 0.887286667, -3.48392977e-006, 0.461218354, 0.461218354, -3.90825525e-006, -0.887286667, 4.89380349e-006, 1, -1.86089042e-006, 0, 0, 0, 0, 0, 0, 0, 0.359914404, -0.0957448242, -0.21995271, -0.281020306, 0.631696362, -0.722330605, -0.936157227, -0.0150146484, 0.351074219, 0.210863987, 0.77498002, 0.595796513, 0, 0, -0, 0, 0, 0, 0, 0.415276953, -0.0437507813, -0.168079443, 0.153070322, 0.542369415, -0.82603938, 0.601806641, -0.714111328, -0.357299805, -0.783703159, -0.442312021, -0.435777762, 0, 2, 3, 1, 
494.388112, 52, 0.1, 0.1, 0.0259074809, 0.34401412, -0.0349704659, 0.887286642, -5.37179647e-006, 0.461218403, 0.461218403, 1.44410555e-006, -0.887286642, 4.1002752e-006, 1, 3.75890696e-006, 0.887286646, -5.7654232e-006, 0.461218394, 0.461218394, -5.03629064e-006, -0.887286646, 7.4384129e-006, 1, -1.8095142e-006, 0, 0, 0, 0, 0, 0, 0, 0.359914404, -0.0957448242, -0.21995271, -0.281020306, 0.631696362, -0.722330605, -0.936157227, -0.0150146484, 0.351074219, 0.210863987, 0.77498002, 0.595796513, 0, 0, -0, 0, 0, 0, 0, 0.415276953, -0.0437507813, -0.168079443, 0.151325857, 0.542950903, -0.825936935, 0.601074219, -0.713867188, -0.359130859, -0.784622966, -0.442005419, -0.434416824, 0, 2, 3, 1, 
494.388812, 52, 0.1, 0.1, 0.0259074812, 0.34401412, -0.0349708367, 0.88728666, -6.86815847e-006, 0.461218368, 0.461218368, -4.87998936e-007, -0.88728666, 6.31909947e-006, 1, 2.7347259e-006, 0.887286656, -4.81396794e-006, 0.461218377, 0.461218377, 8.23470041e-007, -0.887286656, 3.89157e-006, 1, 2.95094446e-006, 0, 0, 0, 0, 0, 0, 0, 0.359914404, -0.0957448242, -0.21995271, -0.281020306, 0.631696362, -0.722330605, -0.936157227, -0.0150146484, 0.351074219, 0.210863987, 0.77498002, 0.595796513, 0, 0, -0, 0, 0, 0, 0, 0.414918945, -0.0441523438, -0.168490527, 0.151325857, 0.542950903, -0.825936935, 0.601074219, -0.713867188, -0.359130859, -0.784622966, -0.442005419, -0.434416824, 0, 2, 3, 1, 
494.389501, 52, 0.1, 0.1, 0.0259074809, 0.34401412, -0.034970831, 0.887286649, -1.92476333e-006, 0.46121839, 0.46121839, -4.26864236e-006, -0.887286649, 3.67659316e-006, 1, -2.89977313e-006, 0.887286654, 2.64962504e-006, 0.461218379, 0.461218379, 3.99246213e-006, -0.887286654, -4.19237385e-006, 1, 2.3204026e-006, 0, 0, 0, 0, 0, 0, 0, 0.359914404, -0.0957448242, -0.21995271, -0.281020306, 0.631696362, -0.722330605, -0.936157227, -0.0150146484, 0.351074219, 0.210863987, 0.77498002, 0.595796513, 0, 0, -0, 0, 0, 0, 0, 0.414918945, -0.0441523438, -0.168490527, 0.151325857, 0.542950903, -0.825936935, 0.601074219, -0.713867188, -0.359130859, -0.784622966, -0.442005419, -0.434416824, 0, 2, 3, 1, 
494.390199, 52, 0.1, 0.1, 0.0259074808, 0.34401412, -0.034970467, 0.887286648, 5.24157005e-006, 0.46121839, 0.46121839, -8.95212162e-007, -0.887286648, -4.23788681e-006, 1, -3.2118183e-006, 0.887286644, 7.87078836e-006, 0.461218399, 0.461218399, 4.64751187e-007, -0.887286644, -7.19799718e-006, 1, -3.21778489e-006, 0, 0, 0, 0, 0, 0, 0, 0.359914404, -0.0957448242, -0.21995271, -0.281020306, 0.631696362, -0.722330605, -0.936157227, -0.0150146484, 0.351074219, 0.210863987, 0.77498002, 0.595796513, 0, 0, -0, 0, 0, 0, 0, 0.414918945, -0.0441523438, -0.168490527, 0.151325857, 0.542950903, -0.825936935, 0.601074219, -0.713867188, -0.359130859, -0.784622966, -0.442005419, -0.434416824, 0, 2, 3, 1, 
494.390917, 52, 0.1, 0.1, 0.0259074816, 0.34401412, -0.0349696849, 0.887286659, 4.73331854e-006, 0.461218369, 0.461218369, 5.58505295e-006, -0.887286659, -6.77573941e-006, 1, 2.77244951e-006, 0.887286663, 5.07551055e-006, 0.461218362, 0.461218362, -4.19143711e-007, -0.887286663, -4.31011605e-006, 1, -2.71281929e-006, 0, 0, 0, 0, 0, 0, 0, 0.359628662, -0.0959246094, -0.220114307, -0.282314347, 0.632584518, -0.721150018, -0.935546875, -0.0153808594, 0.352783203, 0.212057679, 0.774344982, 0.596227486, 0, 0, -0, 0, 0, 0, 0, 0.414918945, -0.0441523438, -0.168490527, 0.151325857, 0.542950903, -0.825936935, 0.601074219, -0.713867188, -0.359130859, -0.784622966, -0.442005419, -0.434416824, 0, 2, 3, 1, 
494.391608, 52, 0.1, 0.1, 0.0259074826, 0.34401412, -0.0349689145, 0.887286639, 2.50253923e-006, 0.461218409, 0.461218409, 3.97931253e-006, -0.887286639, -4.05580182e-006, 1, 2.37657368e-006, 0.887286639, -5.04422261e-006, 0.461218409, 0.461218409, 3.45673324e-007, -0.887286639, 4.31624043e-006, 1, 2.63319965e-006, 0, 0, 0, 0, 0, 0, 0, 0.359628662, -0.0959246094, -0.220114307, -0.282314347, 0.632584518, -0.721150018, -0.935546875, -0.0153808594, 0.352783203, 0.212057679, 0.774344982, 0.596227486, 0, 0, -0, 0, 0, 0, 0, 0.414918945, -0.0441523438, -0.168490527, 0.151325857, 0.542950903, -0.825936935, 0.601074219, -0.713867188, -0.359130859, -0.784622966, -0.442005419, -0.434416824, 0, 2, 3, 1, 
494.392305, 52, 0.1, 0.1, 0.0259074832, 0.344014121, -0.0349683955, 0.887286663, -2.38691014e-006, 0.461218363, 0.461218363, -5.37449118e-006, -0.887286663, 4.59668756e-006, 1, -3.66782755e-006, 0.887286659, -7.75345023e-006, 0.46121837, 0.46121837, -1.83937736e-006, -0.887286659, 7.72788758e-006, 1, 1.94397868e-006, 0, 0, 0, 0, 0, 0, 0, 0.359628662, -0.0959246094, -0.220114307, -0.282314347, 0.632584518, -0.721150018, -0.935546875, -0.0153808594, 0.352783203, 0.212057679, 0.774344982, 0.596227486, 0, 0, -0, 0, 0, 0, 0, 0.414918945, -0.0441523438, -0.168490527, 0.151325857, 0.542950903, -0.825936935, 0.601074219, -0.713867188, -0.359130859, -0.784622966, -0.442005419, -0.434416824, 0, 2, 3, 1, 
494.393033, 52, 0.1, 0.1, 0.0259074835, 0.344014121, -0.0349680491, 0.887286639, -6.22224524e-006, 0.461218409, 0.461218409, -7.80348314e-006, -0.887286639, 9.12002514e-006, 1, -4.05411228e-006, 0.887286644, -3.85586476e-006, 0.461218398, 0.461218398, -6.69705603e-006, -0.887286644, 6.51006276e-006, 1, -4.1638126e-006, 0, 0, 0, 0, 0, 0, 0, 0.359353174, -0.0958716309, -0.220492432, -0.283361262, 0.633675616, -0.719873951, -0.935180664, -0.0162353516, 0.353759766, 0.212470678, 0.773430618, 0.597261296, 0, 0, -0, 0, 0, 0, 0, 0.414517969, -0.0441027832, -0.168893311, 0.148801943, 0.543864513, -0.825713088, 0.601074219, -0.712768555, -0.361083984, -0.785133725, -0.442523108, -0.433043127, 0, 2, 3, 1, 
494.393723, 52, 0.1, 0.1, 0.0259074837, 0.344014122, -0.0349680484, 0.887286648, -5.60763447e-006, 0.46121839, 0.46121839, -1.16743104e-006, -0.887286648, 5.51401986e-006, 1, 1.55049817e-006, 0.887286643, 4.43992123e-006, 0.461218402, 0.461218402, -2.37947623e-006, -0.887286643, -2.84202458e-006, 1, -4.15905085e-006, 0, 0, 0, 0, 0, 0, 0, 0.359353174, -0.0958716309, -0.220492432, -0.283361262, 0.633675616, -0.719873951, -0.935180664, -0.0162353516, 0.353759766, 0.212470678, 0.773430618, 0.597261296, 0, 0, -0, 0, 0, 0, 0, 0.414517969, -0.0441027832, -0.168893311, 0.148801943, 0.543864513, -0.825713088, 0.601074219, -0.712768555, -0.361083984, -0.785133725, -0.442523108, -0.433043127, 0, 2, 3, 1, 
494.394418, 52, 0.1, 0.1, 0.025907484, 0.344014122, -0.0349685229, 0.887286647, 2.42910543e-006, 0.461218394, 0.461218394, 3.78406139e-006, -0.887286647, -3.90059153e-006, 1, 2.23719904e-006, 0.887286652, 5.03083332e-006, 0.461218383, 0.461218383, 5.03527275e-006, -0.887286652, -6.78615161e-006, 1, 2.14741749e-006, 0, 0, 0, 0, 0, 0, 0, 0.359353174, -0.0958716309, -0.220492432, -0.283361262, 0.633675616, -0.719873951, -0.935180664, -0.0162353516, 0.353759766, 0.212470678, 0.773430618, 0.597261296, 0, 0, -0, 0, 0, 0, 0, 0.414517969, -0.0441027832, -0.168893311, 0.148801943, 0.543864513, -0.825713088, 0.601074219, -0.712768555, -0.361083984, -0.785133725, -0.442523108, -0.433043127, 0, 2, 3, 1, 
