time, trialNum, realDorsalTactorPos, realVentralTactorPos, boxPosX, boxPosY, boxPosZ, boxLocalRot_11, boxLocalRot_12, boxLocalRot_13, boxLocalRot_21, boxLocalRot_22, boxLocalRot_23, boxLocalRot_31, boxLocalRot_32, boxLocalRot_33, boxGlobalRot_11, boxGlobalRot_12, boxGlobalRot_13, boxGlobalRot_21, boxGlobalRot_22, boxGlobalRot_23, boxGlobalRot_31, boxGlobalRot_32, boxGlobalRot_33, indexForceX, indexForceY, indexForceZ, indexForceGlobalX, indexForceGlobalY, indexForceGlobalZ, indexContact, indexPosX, indexPosY, indexPosZ, indexRot_11, indexRot_12, indexRot_13, indexRot_21, indexRot_22, indexRot_23, indexRot_31, indexRot_32, indexRot_33, thumbForceX, thumbForceY, thumbForceZ, thumbForceGlobalX, thumbForceGlobalY, thumbForceGlobalZ, thumbContact, thumbPosX, thumbPosY, thumbPosZ, thumbRot_11, thumbRot_12, thumbRot_13, thumbRot_21, thumbRot_22, thumbRot_23, thumbRot_31, thumbRot_32, thumbRot_33, manipForceTooHigh, cceExpType, mapping, trialSuccess, 
422.72234, 51, 0.1, 0.1, 0.0152243131, 0.354137942, -0.0349707125, 0.91952014, -0.393042889, -2.20254647e-005, 0.393042889, 0.919520139, 3.19492326e-005, 7.69543971e-006, -3.80349151e-005, 0.999999999, 0.919520142, -0.393042882, -3.50574794e-005, 0.393042883, 0.919520142, 3.53774661e-005, 1.83311972e-005, -4.63093854e-005, 0.999999999, 0, 0, 0, 0, 0, 0, 0, 0.281346387, -0.0757369385, -0.223189478, -0.296974928, 0.736480366, -0.607769906, -0.91784668, -0.0447998047, 0.394165039, 0.263074909, 0.674959309, 0.689378989, 0, 0, -0, 0, 0, 0, 0, 0.353298633, -0.0377486816, -0.177043945, 0.180772735, 0.557870751, -0.809871741, 0.34753418, -0.806518555, -0.478027344, -0.919981751, -0.195074603, -0.33968933, 0, 2, 5, 1, 
422.755188, 51, 0.1, 0.1, 0.0152243578, 0.354137755, -0.0349834926, 0.919526994, -0.393026853, -7.46924506e-006, 0.393026853, 0.919526994, 6.7563742e-006, 4.21273597e-006, -9.14828234e-006, 1, 0.919526968, -0.393026914, 1.7519252e-006, 0.393026914, 0.919526968, 3.95523491e-007, -1.76639385e-006, 3.24859241e-007, 1, 0, 0, 0, 0, 0, 0, 0, 0.289545166, -0.0907063965, -0.217194727, -0.323275836, 0.731747157, -0.599961858, -0.9140625, -0.0776367188, 0.397827148, 0.244499648, 0.677068486, 0.694198321, 0, 0, -0, 0, 0, 0, 0, 0.358574707, -0.0502794922, -0.172382666, 0.148322794, 0.549784915, -0.821908723, 0.39465332, -0.794921875, -0.460571289, -0.906699368, -0.255945643, -0.334940075, 0, 2, 5, 1, 
422.755879, 51, 0.1, 0.1, 0.0152243634, 0.354137747, -0.0349873859, 0.91952713, -0.393026534, -2.39000031e-006, 0.393026534, 0.91952713, 1.25141023e-005, -2.72070414e-006, -1.24463901e-005, 1, 0.919527103, -0.393026598, -9.47694894e-006, 0.393026598, 0.919527103, 1.46156111e-005, 2.96998753e-006, -1.71641435e-005, 1, 0, 0, 0, 0, 0, 0, 0, 0.289545166, -0.0907063965, -0.217194727, -0.323275836, 0.731747157, -0.599961858, -0.9140625, -0.0776367188, 0.397827148, 0.244499648, 0.677068486, 0.694198321, 0, 0, -0, 0, 0, 0, 0, 0.358574707, -0.0502794922, -0.172382666, 0.148322794, 0.549784915, -0.821908723, 0.39465332, -0.794921875, -0.460571289, -0.906699368, -0.255945643, -0.334940075, 0, 2, 5, 1, 
422.756569, 51, 0.1, 0.1, 0.0152243635, 0.354137746, -0.0349859318, 0.919527304, -0.393026128, 9.97157034e-007, 0.393026128, 0.919527304, -1.39894855e-005, 4.5813202e-006, 1.32556227e-005, 1, 0.919527266, -0.393026216, 6.28897002e-006, 0.393026216, 0.919527266, -1.12377209e-005, -1.36616048e-006, 1.28051209e-005, 1, 0, 0, 0, 0, 0, 0, 0, 0.289545166, -0.0907063965, -0.217194727, -0.323275836, 0.731747157, -0.599961858, -0.9140625, -0.0776367188, 0.397827148, 0.244499648, 0.677068486, 0.694198321, 0, 0, -0, 0, 0, 0, 0, 0.358574707, -0.0502794922, -0.172382666, 0.148322794, 0.549784915, -0.821908723, 0.39465332, -0.794921875, -0.460571289, -0.906699368, -0.255945643, -0.334940075, 0, 2, 5, 1, 
422.757288, 51, 0.1, 0.1, 0.0152243665, 0.354137743, -0.0349794851, 0.919527526, -0.393025608, 6.23939054e-007, 0.393025608, 0.919527526, 9.97551515e-006, -4.49436205e-006, -8.92753674e-006, 1, 0.919527481, -0.393025713, -1.44525889e-006, 0.393025713, 0.919527481, 8.51331217e-006, -2.01699532e-006, -8.3962484e-006, 1, 0, 0, 0, 0, 0, 0, 0, 0.289968799, -0.0923390381, -0.217150537, -0.328092541, 0.730313453, -0.599029519, -0.912353516, -0.0809326172, 0.401123047, 0.244520987, 0.678160707, 0.693061917, 0, 0, -0, 0, 0, 0, 0, 0.358689893, -0.0516659668, -0.172461279, 0.142911128, 0.548135233, -0.823889061, 0.399536133, -0.793579102, -0.458740234, -0.905427017, -0.263606337, -0.332447878, 0, 2, 5, 1, 
422.757982, 51, 0.1, 0.1, 0.0152243685, 0.354137741, -0.0349708894, 0.919527736, -0.393025117, -2.28964306e-006, 0.393025117, 0.919527736, 3.25608252e-006, 8.25668082e-007, -3.89394542e-006, 1, 0.919527699, -0.393025203, 1.71229789e-006, 0.393025203, 0.919527699, -2.73914143e-006, -4.97953727e-007, 3.19169264e-006, 1, 0, 0, 0, 0, 0, 0, 0, 0.289968799, -0.0923390381, -0.217150537, -0.328092541, 0.730313453, -0.599029519, -0.912353516, -0.0809326172, 0.401123047, 0.244520987, 0.678160707, 0.693061917, 0, 0, -0, 0, 0, 0, 0, 0.358689893, -0.0516659668, -0.172461279, 0.142911128, 0.548135233, -0.823889061, 0.399536133, -0.793579102, -0.458740234, -0.905427017, -0.263606337, -0.332447878, 0, 2, 5, 1, 
422.758669, 51, 0.1, 0.1, 0.0152243703, 0.35413774, -0.0349629246, 0.919527922, -0.393024681, 1.60504551e-006, 0.393024681, 0.919527922, -9.40937717e-006, 2.2222333e-006, 9.28300754e-006, 1, 0.919527888, -0.393024762, -1.82494052e-006, 0.393024762, 0.919527888, -1.46373232e-005, 7.43091417e-006, 1.27421801e-005, 1, 0, 0, 0, 0, 0, 0, 0, 0.289968799, -0.0923390381, -0.217150537, -0.328092541, 0.730313453, -0.599029519, -0.912353516, -0.0809326172, 0.401123047, 0.244520987, 0.678160707, 0.693061917, 0, 0, -0, 0, 0, 0, 0, 0.358689893, -0.0516659668, -0.172461279, 0.142911128, 0.548135233, -0.823889061, 0.399536133, -0.793579102, -0.458740234, -0.905427017, -0.263606337, -0.332447878, 0, 2, 5, 1, 
422.759356, 51, 0.1, 0.1, 0.0152243694, 0.354137738, -0.0349576629, 0.919528084, -0.393024303, 2.7376735e-006, 0.393024303, 0.919528084, -1.41238956e-005, 3.03366657e-006, 1.40632909e-005, 1, 0.919528053, -0.393024375, 4.2396313e-006, 0.393024375, 0.919528053, -1.00624817e-005, 5.63406562e-008, 1.09190126e-005, 1, 0, 0, 0, 0, 0, 0, 0, 0.289968799, -0.0923390381, -0.217150537, -0.328092541, 0.730313453, -0.599029519, -0.912353516, -0.0809326172, 0.401123047, 0.244520987, 0.678160707, 0.693061917, 0, 0, -0, 0, 0, 0, 0, 0.358689893, -0.0516659668, -0.172461279, 0.142911128, 0.548135233, -0.823889061, 0.399536133, -0.793579102, -0.458740234, -0.905427017, -0.263606337, -0.332447878, 0, 2, 5, 1, 
422.760048, 51, 0.1, 0.1, 0.0152243706, 0.354137735, -0.0349563151, 0.919528222, -0.39302398, 6.83548763e-006, 0.39302398, 0.919528222, -6.00829035e-006, -3.92402161e-006, 8.21130309e-006, 1, 0.919528198, -0.393024037, -1.64882459e-006, 0.393024037, 0.919528198, 2.63937892e-006, 4.78801347e-007, -3.07501104e-006, 1, 0, 0, 0, 0, 0, 0, 0, 0.289968799, -0.0923390381, -0.217150537, -0.328092541, 0.730313453, -0.599029519, -0.912353516, -0.0809326172, 0.401123047, 0.244520987, 0.678160707, 0.693061917, 0, 0, -0, 0, 0, 0, 0, 0.358689893, -0.0516659668, -0.172461279, 0.142911128, 0.548135233, -0.823889061, 0.399536133, -0.793579102, -0.458740234, -0.905427017, -0.263606337, -0.332447878, 0, 2, 5, 1, 
422.760734, 51, 0.1, 0.1, 0.0152243737, 0.354137733, -0.0349590278, 0.919528382, -0.393023606, 2.58153518e-006, 0.393023606, 0.919528382, 7.00157957e-006, -5.12558092e-006, -5.42354687e-006, 1, 0.919528344, -0.393023695, -9.99724677e-006, 0.393023695, 0.919528344, 5.4201505e-006, 7.06250419e-006, -8.91313688e-006, 1, 0, 0, 0, 0, 0, 0, 0, 0.289968799, -0.0923390381, -0.217150537, -0.328092541, 0.730313453, -0.599029519, -0.912353516, -0.0809326172, 0.401123047, 0.244520987, 0.678160707, 0.693061917, 0, 0, -0, 0, 0, 0, 0, 0.358689893, -0.0516659668, -0.172461279, 0.142911128, 0.548135233, -0.823889061, 0.399536133, -0.793579102, -0.458740234, -0.905427017, -0.263606337, -0.332447878, 0, 2, 5, 1, 
422.761425, 51, 0.1, 0.1, 0.0152243746, 0.354137731, -0.0349647185, 0.919528611, -0.39302307, -3.8306792e-006, 0.39302307, 0.919528611, 8.03383488e-006, 3.64936681e-007, -8.89288633e-006, 1, 0.919528562, -0.393023185, -6.07447613e-006, 0.393023185, 0.919528562, 3.50196129e-006, 4.20930232e-006, -5.60756338e-006, 1, 0, 0, 0, 0, 0, 0, 0, 0.289968799, -0.0923390381, -0.217150537, -0.328092541, 0.730313453, -0.599029519, -0.912353516, -0.0809326172, 0.401123047, 0.244520987, 0.678160707, 0.693061917, 0, 0, -0, 0, 0, 0, 0, 0.358689893, -0.0516659668, -0.172461279, 0.142911128, 0.548135233, -0.823889061, 0.399536133, -0.793579102, -0.458740234, -0.905427017, -0.263606337, -0.332447878, 0, 2, 5, 1, 
422.762153, 51, 0.1, 0.1, 0.0152243746, 0.354137728, -0.0349715713, 0.919528899, -0.393022396, -1.14416113e-005, 0.393022396, 0.919528899, -2.01249466e-008, 1.05288018e-005, -4.478304e-006, 1, 0.919528843, -0.393022527, 2.79693878e-006, 0.393022527, 0.919528843, -2.11268416e-006, -1.74153341e-006, 3.04193397e-006, 1, 0, 0, 0, 0, 0, 0, 0, 0.290153076, -0.0939859619, -0.216900073, -0.333138399, 0.728575334, -0.598439787, -0.910888672, -0.0850830078, 0.403564453, 0.243095518, 0.679671917, 0.692103369, 0, 0, -0, 0, 0, 0, 0, 0.359013672, -0.0528147949, -0.172318604, 0.137058699, 0.547111514, -0.825671439, 0.406005859, -0.791259766, -0.45690918, -0.903464535, -0.27255141, -0.33067133, 0, 2, 5, 1, 
422.762847, 51, 0.1, 0.1, 0.0152243802, 0.354137726, -0.0349769771, 0.919529134, -0.393021848, 2.45195412e-006, 0.393021848, 0.919529134, 8.6974798e-007, -2.5964732e-006, 1.6391293e-007, 1, 0.919529095, -0.393021939, -7.01525157e-006, 0.393021939, 0.919529095, -5.7606166e-006, 8.71477662e-006, 2.53990679e-006, 1, 0, 0, 0, 0, 0, 0, 0, 0.290153076, -0.0939859619, -0.216900073, -0.333138399, 0.728575334, -0.598439787, -0.910888672, -0.0850830078, 0.403564453, 0.243095518, 0.679671917, 0.692103369, 0, 0, -0, 0, 0, 0, 0, 0.359013672, -0.0528147949, -0.172318604, 0.137058699, 0.547111514, -0.825671439, 0.406005859, -0.791259766, -0.45690918, -0.903464535, -0.27255141, -0.33067133, 0, 2, 5, 1, 
422.763537, 51, 0.1, 0.1, 0.01522438, 0.354137722, -0.0349799131, 0.919529289, -0.393021484, 7.7657809e-008, 0.393021484, 0.919529289, -7.4021422e-006, 2.83779228e-006, 6.83700774e-006, 1, 0.91952926, -0.393021552, 4.62646717e-006, 0.393021552, 0.91952926, 3.55165432e-006, -5.65004862e-006, -1.44754876e-006, 1, 0, 0, 0, 0, 0, 0, 0, 0.290153076, -0.0939859619, -0.216900073, -0.333138399, 0.728575334, -0.598439787, -0.910888672, -0.0850830078, 0.403564453, 0.243095518, 0.679671917, 0.692103369, 0, 0, -0, 0, 0, 0, 0, 0.359013672, -0.0528147949, -0.172318604, 0.137058699, 0.547111514, -0.825671439, 0.406005859, -0.791259766, -0.45690918, -0.903464535, -0.27255141, -0.33067133, 0, 2, 5, 1, 
422.76423, 51, 0.1, 0.1, 0.0152243819, 0.354137721, -0.0349797157, 0.919529431, -0.393021151, 4.1021477e-006, 0.393021151, 0.919529431, 1.02039128e-005, -7.7823991e-006, -7.77056732e-006, 1, 0.919529403, -0.393021216, -1.88788157e-007, 0.393021216, 0.919529403, -2.49611883e-006, 1.15462392e-006, 2.22105691e-006, 1, 0, 0, 0, 0, 0, 0, 0, 0.290153076, -0.0939859619, -0.216900073, -0.333138399, 0.728575334, -0.598439787, -0.910888672, -0.0850830078, 0.403564453, 0.243095518, 0.679671917, 0.692103369, 0, 0, -0, 0, 0, 0, 0, 0.359013672, -0.0528147949, -0.172318604, 0.137058699, 0.547111514, -0.825671439, 0.406005859, -0.791259766, -0.45690918, -0.903464535, -0.27255141, -0.33067133, 0, 2, 5, 1, 
422.764931, 51, 0.1, 0.1, 0.0152243825, 0.354137715, -0.0349765748, 0.919529558, -0.393020855, -4.49947154e-006, 0.393020855, 0.919529558, -6.81111471e-006, 6.8143072e-006, 4.49463514e-006, 1, 0.919529534, -0.393020911, 1.11689193e-006, 0.393020911, 0.919529534, 7.40410659e-006, -3.93698383e-006, -6.3693328e-006, 1, 0, 0, 0, 0, 0, 0, 0, 0.290153076, -0.0939859619, -0.216900073, -0.333138399, 0.728575334, -0.598439787, -0.910888672, -0.0850830078, 0.403564453, 0.243095518, 0.679671917, 0.692103369, 0, 0, -0, 0, 0, 0, 0, 0.359013672, -0.0528147949, -0.172318604, 0.137058699, 0.547111514, -0.825671439, 0.406005859, -0.791259766, -0.45690918, -0.903464535, -0.27255141, -0.33067133, 0, 2, 5, 1, 
422.765622, 51, 0.1, 0.1, 0.015224385, 0.354137715, -0.0349716176, 0.919529664, -0.393020607, 7.39699315e-006, 0.393020607, 0.919529664, 1.5839085e-005, -1.30268414e-005, -1.16573378e-005, 1, 0.919529645, -0.393020651, -8.30499027e-008, 0.393020651, 0.919529645, -9.84716161e-007, 4.63380635e-007, 8.72835375e-007, 1, 0, 0, 0, 0, 0, 0, 0, 0.290153076, -0.0939859619, -0.216900073, -0.333138399, 0.728575334, -0.598439787, -0.910888672, -0.0850830078, 0.403564453, 0.243095518, 0.679671917, 0.692103369, 0, 0, -0, 0, 0, 0, 0, 0.359013672, -0.0528147949, -0.172318604, 0.137058699, 0.547111514, -0.825671439, 0.406005859, -0.791259766, -0.45690918, -0.903464535, -0.27255141, -0.33067133, 0, 2, 5, 1, 
422.766312, 51, 0.1, 0.1, 0.0152243841, 0.354137707, -0.0349664677, 0.919529753, -0.393020397, -4.61312099e-006, 0.393020397, 0.919529753, -1.09324056e-005, 8.53856042e-006, 8.23962162e-006, 1, 0.919529737, -0.393020436, 4.26675715e-006, 0.393020435, 0.919529737, 9.26498804e-006, -7.56473971e-006, -6.84250926e-006, 1, 0, 0, 0, 0, 0, 0, 0, 0.290153076, -0.0939859619, -0.216900073, -0.333138399, 0.728575334, -0.598439787, -0.910888672, -0.0850830078, 0.403564453, 0.243095518, 0.679671917, 0.692103369, 0, 0, -0, 0, 0, 0, 0, 0.359013672, -0.0528147949, -0.172318604, 0.137058699, 0.547111514, -0.825671439, 0.406005859, -0.791259766, -0.45690918, -0.903464535, -0.27255141, -0.33067133, 0, 2, 5, 1, 
422.767034, 51, 0.1, 0.1, 0.0152243876, 0.354137709, -0.034962202, 0.919529833, -0.39302021, 6.95860345e-006, 0.39302021, 0.919529833, 1.72389633e-005, -1.31739045e-005, -1.31168693e-005, 1, 0.919529819, -0.393020243, -2.44939017e-006, 0.393020243, 0.919529819, -4.99097281e-006, 4.21384065e-006, 3.62668841e-006, 1, 0, 0, 0, 0, 0, 0, 0, 0.290699976, -0.0949685303, -0.217046045, -0.339714563, 0.726760831, -0.59693569, -0.909301758, -0.0919189453, 0.405517578, 0.239811362, 0.680700857, 0.692235919, 0, 0, -0, 0, 0, 0, 0, 0.359335986, -0.0535007813, -0.172156152, 0.131033828, 0.5465158, -0.827051333, 0.413330078, -0.788330078, -0.455444336, -0.901029207, -0.28206521, -0.329220707, 0, 2, 5, 1, 
422.767727, 51, 0.1, 0.1, 0.0152243868, 0.354137701, -0.0349604564, 0.919529898, -0.393020059, -5.99534677e-006, 0.393020059, 0.919529898, -1.2674932e-005, 1.04944031e-005, 9.29868736e-006, 1, 0.919529886, -0.393020087, 3.90343737e-006, 0.393020087, 0.919529886, 1.1835615e-005, -8.24096177e-006, -9.34907243e-006, 1, 0, 0, 0, 0, 0, 0, 0, 0.290699976, -0.0949685303, -0.217046045, -0.339714563, 0.726760831, -0.59693569, -0.909301758, -0.0919189453, 0.405517578, 0.239811362, 0.680700857, 0.692235919, 0, 0, -0, 0, 0, 0, 0, 0.359335986, -0.0535007813, -0.172156152, 0.131033828, 0.5465158, -0.827051333, 0.413330078, -0.788330078, -0.455444336, -0.901029207, -0.28206521, -0.329220707, 0, 2, 5, 1, 
422.768416, 51, 0.1, 0.1, 0.0152243906, 0.354137705, -0.0349615199, 0.91952995, -0.393019938, 5.33069621e-006, 0.393019938, 0.91952995, 9.6021487e-006, -8.67557071e-006, -6.73439342e-006, 1, 0.919529941, -0.393019959, -3.87680659e-006, 0.393019959, 0.919529941, -1.26083267e-005, 8.52016377e-006, 1.00700715e-005, 1, 0, 0, 0, 0, 0, 0, 0, 0.290699976, -0.0949685303, -0.217046045, -0.339714563, 0.726760831, -0.59693569, -0.909301758, -0.0919189453, 0.405517578, 0.239811362, 0.680700857, 0.692235919, 0, 0, -0, 0, 0, 0, 0, 0.359335986, -0.0535007813, -0.172156152, 0.131033828, 0.5465158, -0.827051333, 0.413330078, -0.788330078, -0.455444336, -0.901029207, -0.28206521, -0.329220707, 0, 2, 5, 1, 
422.76911, 51, 0.1, 0.1, 0.0152243899, 0.354137698, -0.0349649415, 0.919529991, -0.393019841, -5.45356418e-006, 0.393019841, 0.919529991, -1.14603384e-005, 9.51885619e-006, 8.39476591e-006, 1, 0.919529984, -0.393019858, 3.60733044e-006, 0.393019858, 0.919529984, 9.30281008e-006, -6.97323759e-006, -7.13646031e-006, 1, 0, 0, 0, 0, 0, 0, 0, 0.290699976, -0.0949685303, -0.217046045, -0.339714563, 0.726760831, -0.59693569, -0.909301758, -0.0919189453, 0.405517578, 0.239811362, 0.680700857, 0.692235919, 0, 0, -0, 0, 0, 0, 0, 0.359335986, -0.0535007813, -0.172156152, 0.131033828, 0.5465158, -0.827051333, 0.413330078, -0.788330078, -0.455444336, -0.901029207, -0.28206521, -0.329220707, 0, 2, 5, 1, 
422.769805, 51, 0.1, 0.1, 0.015224394, 0.354137701, -0.0349695399, 0.919530024, -0.393019764, 2.30492618e-006, 0.393019764, 0.919530024, 5.33803686e-006, -4.21740281e-006, -4.00260362e-006, 1, 0.919530018, -0.393019778, -5.62402231e-006, 0.393019778, 0.919530018, -1.24876677e-005, 1.00793577e-005, 9.2724333e-006, 1, 0, 0, 0, 0, 0, 0, 0, 0.290699976, -0.0949685303, -0.217046045, -0.339714563, 0.726760831, -0.59693569, -0.909301758, -0.0919189453, 0.405517578, 0.239811362, 0.680700857, 0.692235919, 0, 0, -0, 0, 0, 0, 0, 0.359335986, -0.0535007813, -0.172156152, 0.131033828, 0.5465158, -0.827051333, 0.413330078, -0.788330078, -0.455444336, -0.901029207, -0.28206521, -0.329220707, 0, 2, 5, 1, 
422.770497, 51, 0.1, 0.1, 0.0152243937, 0.354137695, -0.0349738564, 0.919530052, -0.393019698, -2.5866543e-006, 0.393019698, 0.919530052, -8.62548459e-006, 5.76849171e-006, 6.9147862e-006, 1, 0.919530047, -0.39301971, 3.74041125e-006, 0.39301971, 0.919530047, 6.47897303e-006, -5.98578463e-006, -4.48755503e-006, 1, 0, 0, 0, 0, 0, 0, 0, 0.290699976, -0.0949685303, -0.217046045, -0.339714563, 0.726760831, -0.59693569, -0.909301758, -0.0919189453, 0.405517578, 0.239811362, 0.680700857, 0.692235919, 0, 0, -0, 0, 0, 0, 0, 0.359335986, -0.0535007813, -0.172156152, 0.131033828, 0.5465158, -0.827051333, 0.413330078, -0.788330078, -0.455444336, -0.901029207, -0.28206521, -0.329220707, 0, 2, 5, 1, 
422.771192, 51, 0.1, 0.1, 0.0152243968, 0.354137697, -0.0349766802, 0.919530079, -0.393019635, 2.07424283e-006, 0.393019635, 0.919530079, 6.20651062e-006, -4.34660921e-006, -4.89185505e-006, 1, 0.919530074, -0.393019647, -3.59212158e-006, 0.393019647, 0.919530074, -7.74153854e-006, 6.34564057e-006, 5.70680316e-006, 1, 0, 0, 0, 0, 0, 0, 0, 0.290699976, -0.0949685303, -0.217046045, -0.339714563, 0.726760831, -0.59693569, -0.909301758, -0.0919189453, 0.405517578, 0.239811362, 0.680700857, 0.692235919, 0, 0, -0, 0, 0, 0, 0, 0.359335986, -0.0535007813, -0.172156152, 0.131033828, 0.5465158, -0.827051333, 0.413330078, -0.788330078, -0.455444336, -0.901029207, -0.28206521, -0.329220707, 0, 2, 5, 1, 
422.771911, 51, 0.1, 0.1, 0.0152243969, 0.354137692, -0.0349770428, 0.919530106, -0.393019573, -3.24103821e-006, 0.393019573, 0.919530106, -7.9538907e-006, 6.10626693e-006, 6.04005051e-006, 1, 0.919530101, -0.393019584, 2.32148164e-006, 0.393019584, 0.919530101, 5.47063045e-006, -4.28473715e-006, -4.11802161e-006, 1, 0, 0, 0, 0, 0, 0, 0, 0.291462671, -0.0959633057, -0.216974878, -0.34643039, 0.724705194, -0.59555216, -0.907714844, -0.0989990234, 0.407592773, 0.236425735, 0.68176799, 0.692387566, 0, 0, -0, 0, 0, 0, 0, 0.359608496, -0.0544217285, -0.171983447, 0.124280548, 0.545824203, -0.828507785, 0.420410156, -0.78527832, -0.454223633, -0.898670437, -0.291834574, -0.327041675, 0, 2, 5, 1, 
422.772601, 51, 0.1, 0.1, 0.0152243994, 0.354137692, -0.0349751744, 0.919530127, -0.393019522, 4.54418994e-006, 0.393019522, 0.919530127, 1.10181159e-005, -8.5088542e-006, -8.34553413e-006, 1, 0.919530123, -0.393019532, -1.40858545e-006, 0.393019532, 0.919530123, -3.70556752e-006, 2.75159717e-006, 2.85377936e-006, 1, 0, 0, 0, 0, 0, 0, 0, 0.291462671, -0.0959633057, -0.216974878, -0.34643039, 0.724705194, -0.59555216, -0.907714844, -0.0989990234, 0.407592773, 0.236425735, 0.68176799, 0.692387566, 0, 0, -0, 0, 0, 0, 0, 0.359608496, -0.0544217285, -0.171983447, 0.124280548, 0.545824203, -0.828507785, 0.420410156, -0.78527832, -0.454223633, -0.898670437, -0.291834574, -0.327041675, 0, 2, 5, 1, 
422.773295, 51, 0.1, 0.1, 0.0152243993, 0.354137686, -0.0349718287, 0.919530145, -0.39301948, -4.20874316e-006, 0.39301948, 0.919530145, -1.06135676e-005, 8.04140502e-006, 8.10537731e-006, 1, 0.919530142, -0.393019488, 2.45695788e-006, 0.393019488, 0.919530142, 6.715427e-006, -4.89854051e-006, -5.20940521e-006, 1, 0, 0, 0, 0, 0, 0, 0, 0.291462671, -0.0959633057, -0.216974878, -0.34643039, 0.724705194, -0.59555216, -0.907714844, -0.0989990234, 0.407592773, 0.236425735, 0.68176799, 0.692387566, 0, 0, -0, 0, 0, 0, 0, 0.359608496, -0.0544217285, -0.171983447, 0.124280548, 0.545824203, -0.828507785, 0.420410156, -0.78527832, -0.454223633, -0.898670437, -0.291834574, -0.327041675, 0, 2, 5, 1, 
422.774018, 51, 0.1, 0.1, 0.0152244021, 0.354137687, -0.0349677695, 0.919530163, -0.39301944, 6.68796305e-006, 0.39301944, 0.919530162, 1.69309935e-005, -1.28039933e-005, -1.29400597e-005, 1, 0.919530159, -0.393019448, -1.69412766e-006, 0.393019448, 0.919530159, -4.3816506e-006, 3.27987538e-006, 3.36323476e-006, 1, 0, 0, 0, 0, 0, 0, 0, 0.292284326, -0.0972180664, -0.216766406, -0.352003823, 0.721856881, -0.595762216, -0.90637207, -0.104248047, 0.409179688, 0.233229946, 0.684072998, 0.691061324, 0, 0, -0, 0, 0, 0, 0, 0.359608496, -0.0544217285, -0.171983447, 0.118198074, 0.544008276, -0.830622285, 0.42590332, -0.783447266, -0.452392578, -0.896854877, -0.300249197, -0.324440836, 0, 2, 5, 1, 
422.774706, 51, 0.1, 0.1, 0.0152244011, 0.35413768, -0.0349645326, 0.919530178, -0.393019404, -4.78398914e-006, 0.393019404, 0.919530178, -1.11976443e-005, 8.79991388e-006, 8.41637131e-006, 1, 0.919530175, -0.39301941, 4.41224991e-006, 0.39301941, 0.919530175, 1.05751134e-005, -8.21342174e-006, -7.99003598e-006, 1, 0, 0, 0, 0, 0, 0, 0, 0.292284326, -0.0972180664, -0.216766406, -0.352003823, 0.721856881, -0.595762216, -0.90637207, -0.104248047, 0.409179688, 0.233229946, 0.684072998, 0.691061324, 0, 0, -0, 0, 0, 0, 0, 0.359690723, -0.0556118164, -0.172068652, 0.118198074, 0.544008276, -0.830622285, 0.42590332, -0.783447266, -0.452392578, -0.896854877, -0.300249197, -0.324440836, 0, 2, 5, 1, 
422.775397, 51, 0.1, 0.1, 0.0152244044, 0.354137683, -0.0349630312, 0.919530189, -0.393019378, 6.46207646e-006, 0.393019378, 0.919530189, 1.27750996e-005, -1.09629361e-005, -9.20736848e-006, 1, 0.919530188, -0.393019381, -2.84161322e-006, 0.393019381, 0.919530188, -8.92961346e-006, 6.12246029e-006, 7.09424007e-006, 1, 0, 0, 0, 0, 0, 0, 0, 0.292284326, -0.0972180664, -0.216766406, -0.352003823, 0.721856881, -0.595762216, -0.90637207, -0.104248047, 0.409179688, 0.233229946, 0.684072998, 0.691061324, 0, 0, -0, 0, 0, 0, 0, 0.359690723, -0.0556118164, -0.172068652, 0.118198074, 0.544008276, -0.830622285, 0.42590332, -0.783447266, -0.452392578, -0.896854877, -0.300249197, -0.324440836, 0, 2, 5, 1, 
422.776087, 51, 0.1, 0.1, 0.0152244033, 0.354137676, -0.034963608, 0.919530195, -0.393019364, -5.39217931e-006, 0.393019363, 0.919530195, -1.23432329e-005, 9.80940123e-006, 9.23074447e-006, 1, 0.919530195, -0.393019365, 4.24776968e-006, 0.393019365, 0.919530195, 9.47697493e-006, -7.63058715e-006, -7.04490886e-006, 1, 0, 0, 0, 0, 0, 0, 0, 0.292284326, -0.0972180664, -0.216766406, -0.352003823, 0.721856881, -0.595762216, -0.90637207, -0.104248047, 0.409179688, 0.233229946, 0.684072998, 0.691061324, 0, 0, -0, 0, 0, 0, 0, 0.359690723, -0.0556118164, -0.172068652, 0.118198074, 0.544008276, -0.830622285, 0.42590332, -0.783447266, -0.452392578, -0.896854877, -0.300249197, -0.324440836, 0, 2, 5, 1, 
422.776779, 51, 0.1, 0.1, 0.0152244073, 0.354137679, -0.0349659447, 0.919530198, -0.393019356, 3.09859417e-006, 0.393019356, 0.919530198, 7.62570931e-006, -5.84630228e-006, -5.7942625e-006, 1, 0.919530198, -0.393019357, -5.54288738e-006, 0.393019357, 0.919530198, -1.21910826e-005, 9.88818376e-006, 9.03160656e-006, 1, 0, 0, 0, 0, 0, 0, 0, 0.292284326, -0.0972180664, -0.216766406, -0.352003823, 0.721856881, -0.595762216, -0.90637207, -0.104248047, 0.409179688, 0.233229946, 0.684072998, 0.691061324, 0, 0, -0, 0, 0, 0, 0, 0.359690723, -0.0556118164, -0.172068652, 0.118198074, 0.544008276, -0.830622285, 0.42590332, -0.783447266, -0.452392578, -0.896854877, -0.300249197, -0.324440836, 0, 2, 5, 1, 
422.777468, 51, 0.1, 0.1, 0.0152244068, 0.354137673, -0.0349692413, 0.9195302, -0.393019352, -4.34041441e-006, 0.393019352, 0.9195302, -1.06325842e-005, 8.16995348e-006, 8.0711154e-006, 1, 0.9195302, -0.393019353, 3.28759782e-006, 0.393019353, 0.9195302, 7.24983477e-006, -5.87237085e-006, -5.37435245e-006, 1, 0, 0, 0, 0, 0, 0, 0, 0.292284326, -0.0972180664, -0.216766406, -0.352003823, 0.721856881, -0.595762216, -0.90637207, -0.104248047, 0.409179688, 0.233229946, 0.684072998, 0.691061324, 0, 0, -0, 0, 0, 0, 0, 0.359690723, -0.0556118164, -0.172068652, 0.118198074, 0.544008276, -0.830622285, 0.42590332, -0.783447266, -0.452392578, -0.896854877, -0.300249197, -0.324440836, 0, 2, 5, 1, 
422.77817, 51, 0.1, 0.1, 0.0152244103, 0.354137677, -0.0349724379, 0.9195302, -0.393019352, 2.21754943e-006, 0.393019352, 0.9195302, 5.455196e-006, -4.18310127e-006, -4.14467762e-006, 1, 0.9195302, -0.393019352, -4.2161571e-006, 0.393019352, 0.9195302, -1.07999796e-005, 8.12148478e-006, 8.27387611e-006, 1, 0, 0, 0, 0, 0, 0, 0, 0.292284326, -0.0972180664, -0.216766406, -0.352003823, 0.721856881, -0.595762216, -0.90637207, -0.104248047, 0.409179688, 0.233229946, 0.684072998, 0.691061324, 0, 0, -0, 0, 0, 0, 0, 0.359690723, -0.0556118164, -0.172068652, 0.118198074, 0.544008276, -0.830622285, 0.42590332, -0.783447266, -0.452392578, -0.896854877, -0.300249197, -0.324440836, 0, 2, 5, 1, 
422.778889, 51, 0.1, 0.1, 0.0152244103, 0.354137672, -0.0349744705, 0.9195302, -0.393019352, -3.85739062e-006, 0.393019352, 0.9195302, -1.05921096e-005, 7.70989121e-006, 8.22373549e-006, 1, 0.9195302, -0.393019352, 2.06169476e-006, 0.393019352, 0.9195302, 4.21749646e-006, -3.55334832e-006, -3.06782943e-006, 1, 0, 0, 0, 0, 0, 0, 0, 0.292294922, -0.0986947266, -0.2161521, -0.356040958, 0.719027664, -0.596752965, -0.905395508, -0.107421875, 0.410644531, 0.231150343, 0.686498572, 0.689487956, 0, 0, -0, 0, 0, 0, 0, 0.3595646, -0.0568050781, -0.17214873, 0.112371164, 0.542032668, -0.832775065, 0.431152344, -0.781616211, -0.450561523, -0.895135198, -0.308312376, -0.321475791, 0, 2, 5, 1, 
422.77958, 51, 0.1, 0.1, 0.0152244132, 0.354137673, -0.034974763, 0.919530202, -0.393019348, 3.41293205e-006, 0.393019348, 0.919530202, 7.97478383e-006, -6.27253844e-006, -5.99170625e-006, 1, 0.919530202, -0.393019349, -2.93071059e-006, 0.393019349, 0.919530202, -7.19620248e-006, 5.52312371e-006, 5.46529955e-006, 1, 0, 0, 0, 0, 0, 0, 0, 0.292294922, -0.0986947266, -0.2161521, -0.356040958, 0.719027664, -0.596752965, -0.905395508, -0.107421875, 0.410644531, 0.231150343, 0.686498572, 0.689487956, 0, 0, -0, 0, 0, 0, 0, 0.3595646, -0.0568050781, -0.17214873, 0.112371164, 0.542032668, -0.832775065, 0.431152344, -0.781616211, -0.450561523, -0.895135198, -0.308312376, -0.321475791, 0, 2, 5, 1, 
422.780277, 51, 0.1, 0.1, 0.015224413, 0.354137668, -0.0349735176, 0.919530202, -0.393019348, -3.91463614e-006, 0.393019348, 0.919530202, -8.85371672e-006, 7.07930813e-006, 6.60273218e-006, 1, 0.919530202, -0.393019347, 2.41832415e-006, 0.393019347, 0.919530202, 6.81634161e-006, -4.90267623e-006, -5.3173838e-006, 1, 0, 0, 0, 0, 0, 0, 0, 0.292294922, -0.0986947266, -0.2161521, -0.356040958, 0.719027664, -0.596752965, -0.905395508, -0.107421875, 0.410644531, 0.231150343, 0.686498572, 0.689487956, 0, 0, -0, 0, 0, 0, 0, 0.3595646, -0.0568050781, -0.17214873, 0.112371164, 0.542032668, -0.832775065, 0.431152344, -0.781616211, -0.450561523, -0.895135198, -0.308312376, -0.321475791, 0, 2, 5, 1, 
422.780967, 51, 0.1, 0.1, 0.0152244155, 0.354137669, -0.0349712922, 0.919530201, -0.39301935, 5.15670131e-006, 0.39301935, 0.919530201, 1.33200064e-005, -9.97676284e-006, -1.02214647e-005, 1, 0.919530201, -0.39301935, -1.68595437e-006, 0.39301935, 0.919530201, -4.00893178e-006, 3.12587372e-006, 3.02372115e-006, 1, 0, 0, 0, 0, 0, 0, 0, 0.292294922, -0.0986947266, -0.2161521, -0.356040958, 0.719027664, -0.596752965, -0.905395508, -0.107421875, 0.410644531, 0.231150343, 0.686498572, 0.689487956, 0, 0, -0, 0, 0, 0, 0, 0.3595646, -0.0568050781, -0.17214873, 0.112371164, 0.542032668, -0.832775065, 0.431152344, -0.781616211, -0.450561523, -0.895135198, -0.308312376, -0.321475791, 0, 2, 5, 1, 
422.781677, 51, 0.1, 0.1, 0.0152244148, 0.354137662, -0.0349686273, 0.919530201, -0.393019351, -5.0172778e-006, 0.393019351, 0.9195302, -1.15823456e-005, 9.1656244e-006, 8.67842926e-006, 1, 0.919530201, -0.39301935, 3.70941732e-006, 0.39301935, 0.919530201, 9.09881227e-006, -6.98693054e-006, -6.90875989e-006, 1, 0, 0, 0, 0, 0, 0, 0, 0.292294922, -0.0986947266, -0.2161521, -0.356040958, 0.719027664, -0.596752965, -0.905395508, -0.107421875, 0.410644531, 0.231150343, 0.686498572, 0.689487956, 0, 0, -0, 0, 0, 0, 0, 0.3595646, -0.0568050781, -0.17214873, 0.112371164, 0.542032668, -0.832775065, 0.431152344, -0.781616211, -0.450561523, -0.895135198, -0.308312376, -0.321475791, 0, 2, 5, 1, 
422.782368, 51, 0.1, 0.1, 0.0152244178, 0.354137665, -0.0349663695, 0.919530199, -0.393019356, 5.39287986e-006, 0.393019355, 0.919530199, 1.27232002e-005, -9.95937982e-006, -9.57986061e-006, 1, 0.919530199, -0.393019354, -2.7241652e-006, 0.393019354, 0.919530199, -7.34155119e-006, 5.39032388e-006, 5.68012838e-006, 1, 0, 0, 0, 0, 0, 0, 0, 0.292294922, -0.0986947266, -0.2161521, -0.356040958, 0.719027664, -0.596752965, -0.905395508, -0.107421875, 0.410644531, 0.231150343, 0.686498572, 0.689487956, 0, 0, -0, 0, 0, 0, 0, 0.3595646, -0.0568050781, -0.17214873, 0.112371164, 0.542032668, -0.832775065, 0.431152344, -0.781616211, -0.450561523, -0.895135198, -0.308312376, -0.321475791, 0, 2, 5, 1, 
422.783065, 51, 0.1, 0.1, 0.015224417, 0.354137658, -0.0349652091, 0.919530195, -0.393019363, -4.41330472e-006, 0.393019363, 0.919530195, -1.18218872e-005, 8.70439752e-006, 9.13606801e-006, 1, 0.919530196, -0.393019362, 3.64699049e-006, 0.393019362, 0.919530196, 9.2541754e-006, -6.990588e-006, -7.07615584e-006, 1, 0, 0, 0, 0, 0, 0, 0, 0.292294922, -0.0986947266, -0.2161521, -0.356040958, 0.719027664, -0.596752965, -0.905395508, -0.107421875, 0.410644531, 0.231150343, 0.686498572, 0.689487956, 0, 0, -0, 0, 0, 0, 0, 0.3595646, -0.0568050781, -0.17214873, 0.112371164, 0.542032668, -0.832775065, 0.431152344, -0.781616211, -0.450561523, -0.895135198, -0.308312376, -0.321475791, 0, 2, 5, 1, 
422.783787, 51, 0.1, 0.1, 0.0152244204, 0.354137661, -0.0349651909, 0.919530194, -0.393019366, 4.57151799e-006, 0.393019366, 0.919530194, 1.25195213e-005, -9.12406316e-006, -9.71538276e-006, 1, 0.919530194, -0.393019366, -3.76248827e-006, 0.393019366, 0.919530194, -8.40331499e-006, 6.7623871e-006, 6.24837111e-006, 1, 0, 0, 0, 0, 0, 0, 0, 0.29302749, -0.100610425, -0.21556355, -0.359031178, 0.71633811, -0.598245079, -0.904785156, -0.110107422, 0.411132813, 0.228657741, 0.689025619, 0.687870405, 0, 0, -0, 0, 0, 0, 0, 0.35948999, -0.0579932129, -0.171785986, 0.107259904, 0.54001878, -0.834717124, 0.436401367, -0.779907227, -0.448486328, -0.893217559, -0.316011349, -0.319347799, 0, 2, 5, 1, 
422.784477, 51, 0.1, 0.1, 0.0152244194, 0.354137654, -0.0349663627, 0.919530195, -0.393019364, -4.05228636e-006, 0.393019364, 0.919530195, -9.60217188e-006, 7.50003916e-006, 7.23685997e-006, 1, 0.919530195, -0.393019364, 4.11163952e-006, 0.393019364, 0.919530195, 1.04576835e-005, -7.8908488e-006, -8.00020175e-006, 1, 0, 0, 0, 0, 0, 0, 0, 0.29302749, -0.100610425, -0.21556355, -0.359031178, 0.71633811, -0.598245079, -0.904785156, -0.110107422, 0.411132813, 0.228657741, 0.689025619, 0.687870405, 0, 0, -0, 0, 0, 0, 0, 0.35948999, -0.0579932129, -0.171785986, 0.107259904, 0.54001878, -0.834717124, 0.436401367, -0.779907227, -0.448486328, -0.893217559, -0.316011349, -0.319347799, 0, 2, 5, 1, 
422.785174, 51, 0.1, 0.1, 0.0152244226, 0.354137657, -0.0349684351, 0.919530195, -0.393019364, 3.39066923e-006, 0.393019364, 0.919530195, 9.45887201e-006, -6.8353426e-006, -7.36511976e-006, 1, 0.919530195, -0.393019364, -3.91453136e-006, 0.393019364, 0.919530195, -9.22297518e-006, 7.22433763e-006, 6.94231754e-006, 1, 0, 0, 0, 0, 0, 0, 0, 0.29302749, -0.100610425, -0.21556355, -0.359031178, 0.71633811, -0.598245079, -0.904785156, -0.110107422, 0.411132813, 0.228657741, 0.689025619, 0.687870405, 0, 0, -0, 0, 0, 0, 0, 0.35948999, -0.0579932129, -0.171785986, 0.107259904, 0.54001878, -0.834717124, 0.436401367, -0.779907227, -0.448486328, -0.893217559, -0.316011349, -0.319347799, 0, 2, 5, 1, 
422.78587, 51, 0.1, 0.1, 0.015224422, 0.354137651, -0.0349707235, 0.919530198, -0.393019358, -3.19521154e-006, 0.393019358, 0.919530198, -9.8773384e-006, 6.82007869e-006, 7.82673095e-006, 1, 0.919530197, -0.39301936, 3.69142534e-006, 0.39301936, 0.919530197, 7.62393202e-006, -6.39072995e-006, -5.55963409e-006, 1, 0, 0, 0, 0, 0, 0, 0, 0.29302749, -0.100610425, -0.21556355, -0.359031178, 0.71633811, -0.598245079, -0.904785156, -0.110107422, 0.411132813, 0.228657741, 0.689025619, 0.687870405, 0, 0, -0, 0, 0, 0, 0, 0.35948999, -0.0579932129, -0.171785986, 0.107259904, 0.54001878, -0.834717124, 0.436401367, -0.779907227, -0.448486328, -0.893217559, -0.316011349, -0.319347799, 0, 2, 5, 1, 
422.786572, 51, 0.1, 0.1, 0.015224425, 0.354137654, -0.0349724442, 0.919530203, -0.393019345, 2.25054456e-006, 0.393019345, 0.919530203, 7.28016277e-006, -4.9306885e-006, -5.809822e-006, 1, 0.919530202, -0.393019348, -4.112586e-006, 0.393019348, 0.919530202, -8.98902222e-006, 7.31450669e-006, 6.64935155e-006, 1, 0, 0, 0, 0, 0, 0, 0, 0.29302749, -0.100610425, -0.21556355, -0.359031178, 0.71633811, -0.598245079, -0.904785156, -0.110107422, 0.411132813, 0.228657741, 0.689025619, 0.687870405, 0, 0, -0, 0, 0, 0, 0, 0.359268311, -0.059463916, -0.171463037, 0.103413699, 0.53679744, -0.837278951, 0.440551758, -0.779418945, -0.44519043, -0.891657928, -0.322732546, -0.317162203, 0, 2, 5, 1, 
422.787269, 51, 0.1, 0.1, 0.0152244248, 0.354137649, -0.03497318, 0.919530211, -0.393019326, -3.09684096e-006, 0.393019326, 0.919530211, -1.06066438e-005, 7.01625481e-006, 8.53601105e-006, 1, 0.919530209, -0.393019331, 2.79461043e-006, 0.393019331, 0.919530209, 5.43930949e-006, -4.70748249e-006, -3.90327347e-006, 1, 0, 0, 0, 0, 0, 0, 0, 0.29302749, -0.100610425, -0.21556355, -0.359031178, 0.71633811, -0.598245079, -0.904785156, -0.110107422, 0.411132813, 0.228657741, 0.689025619, 0.687870405, 0, 0, -0, 0, 0, 0, 0, 0.359268311, -0.059463916, -0.171463037, 0.103413699, 0.53679744, -0.837278951, 0.440551758, -0.779418945, -0.44519043, -0.891657928, -0.322732546, -0.317162203, 0, 2, 5, 1, 
422.787961, 51, 0.1, 0.1, 0.0152244272, 0.354137651, -0.0349728611, 0.919530221, -0.393019303, 3.80204447e-006, 0.393019303, 0.919530221, 9.0118127e-006, -7.03791113e-006, -6.79235725e-006, 1, 0.919530219, -0.393019308, -2.17973854e-006, 0.393019308, 0.919530219, -7.3920873e-006, 4.90956849e-006, 5.94056831e-006, 1, 0, 0, 0, 0, 0, 0, 0, 0.29302749, -0.100610425, -0.21556355, -0.359031178, 0.71633811, -0.598245079, -0.904785156, -0.110107422, 0.411132813, 0.228657741, 0.689025619, 0.687870405, 0, 0, -0, 0, 0, 0, 0, 0.359268311, -0.059463916, -0.171463037, 0.103413699, 0.53679744, -0.837278951, 0.440551758, -0.779418945, -0.44519043, -0.891657928, -0.322732546, -0.317162203, 0, 2, 5, 1, 
422.788667, 51, 0.1, 0.1, 0.0152244271, 0.354137646, -0.0349715343, 0.91953023, -0.393019283, -4.99318851e-006, 0.393019283, 0.91953023, -1.09841994e-005, 8.90838995e-006, 8.13788403e-006, 1, 0.919530228, -0.393019287, 1.61304463e-006, 0.393019287, 0.919530228, 6.12284751e-006, -3.88964045e-006, -4.99618572e-006, 1, 0, 0, 0, 0, 0, 0, 0, 0.29356123, -0.102558716, -0.215027124, -0.361539128, 0.71298244, -0.600714837, -0.904418945, -0.112060547, 0.411376953, 0.226088755, 0.692028943, 0.685542553, 0, 0, -0, 0, 0, 0, 0, 0.359268311, -0.059463916, -0.171463037, 0.103413699, 0.53679744, -0.837278951, 0.440551758, -0.779418945, -0.44519043, -0.891657928, -0.322732546, -0.317162203, 0, 2, 5, 1, 
422.789357, 51, 0.1, 0.1, 0.0152244296, 0.354137648, -0.0349697546, 0.919530235, -0.393019271, 5.35790915e-006, 0.393019271, 0.919530235, 1.14268274e-005, -9.41772285e-006, -8.40155176e-006, 1, 0.919530234, -0.393019273, -1.97497563e-006, 0.393019273, 0.919530234, -7.03655007e-006, 4.58154959e-006, 5.69411705e-006, 1, 0, 0, 0, 0, 0, 0, 0, 0.29356123, -0.102558716, -0.215027124, -0.361539128, 0.71298244, -0.600714837, -0.904418945, -0.112060547, 0.411376953, 0.226088755, 0.692028943, 0.685542553, 0, 0, -0, 0, 0, 0, 0, 0.359268311, -0.059463916, -0.171463037, 0.103413699, 0.53679744, -0.837278951, 0.440551758, -0.779418945, -0.44519043, -0.891657928, -0.322732546, -0.317162203, 0, 2, 5, 1, 
422.790047, 51, 0.1, 0.1, 0.0152244289, 0.354137642, -0.0349681017, 0.919530237, -0.393019265, -4.12142114e-006, 0.393019265, 0.919530237, -1.06699614e-005, 7.98327177e-006, 8.19155427e-006, 1, 0.919530237, -0.393019267, 3.23904808e-006, 0.393019267, 0.919530237, 8.25322889e-006, -6.22208062e-006, -6.31608521e-006, 1, 0, 0, 0, 0, 0, 0, 0, 0.29356123, -0.102558716, -0.215027124, -0.361539128, 0.71298244, -0.600714837, -0.904418945, -0.112060547, 0.411376953, 0.226088755, 0.692028943, 0.685542553, 0, 0, -0, 0, 0, 0, 0, 0.359268311, -0.059463916, -0.171463037, 0.103413699, 0.53679744, -0.837278951, 0.440551758, -0.779418945, -0.44519043, -0.891657928, -0.322732546, -0.317162203, 0, 2, 5, 1, 
422.790754, 51, 0.1, 0.1, 0.0152244316, 0.354137644, -0.0349669845, 0.91953024, -0.393019259, 5.86371231e-006, 0.393019259, 0.91953024, 1.49193212e-005, -1.12554413e-005, -1.14142151e-005, 1, 0.919530239, -0.393019261, -2.83140797e-006, 0.393019261, 0.919530239, -6.91588106e-006, 5.32163971e-006, 5.2465639e-006, 1, 0, 0, 0, 0, 0, 0, 0, 0.29356123, -0.102558716, -0.215027124, -0.364154541, 0.709563491, -0.603140412, -0.903808594, -0.11328125, 0.412475586, 0.224401933, 0.695413066, 0.682713336, 0, 0, -0, 0, 0, 0, 0, 0.359268311, -0.059463916, -0.171463037, 0.103413699, 0.53679744, -0.837278951, 0.440551758, -0.779418945, -0.44519043, -0.891657928, -0.322732546, -0.317162203, 0, 2, 5, 1, 
422.791457, 51, 0.1, 0.1, 0.0152244302, 0.354137637, -0.0349664855, 0.919530243, -0.393019251, -2.79230521e-006, 0.393019251, 0.919530243, -9.13471619e-006, 6.1577284e-006, 7.30221809e-006, 1, 0.919530242, -0.393019253, 5.0910524e-006, 0.393019253, 0.919530242, 1.13714291e-005, -9.15056722e-006, -8.45549134e-006, 1, 0, 0, 0, 0, 0, 0, 0, 0.294315405, -0.104732324, -0.214266724, -0.364154541, 0.709563491, -0.603140412, -0.903808594, -0.11328125, 0.412475586, 0.224401933, 0.695413066, 0.682713336, 0, 0, -0, 0, 0, 0, 0, 0.359449902, -0.0614143066, -0.171364551, 0.0989732455, 0.533090493, -0.840198419, 0.444335937, -0.779174805, -0.442016602, -0.890283498, -0.329504783, -0.313909513, 0, 2, 5, 1, 
422.792149, 51, 0.1, 0.1, 0.0152244329, 0.354137639, -0.0349669462, 0.919530249, -0.393019237, 3.94773534e-006, 0.393019237, 0.919530249, 1.19317251e-005, -8.31945954e-006, -9.4200462e-006, 1, 0.919530248, -0.393019241, -3.29344247e-006, 0.393019241, 0.919530248, -7.56719974e-006, 6.00247507e-006, 5.66388279e-006, 1, 0, 0, 0, 0, 0, 0, 0, 0.294315405, -0.104732324, -0.214266724, -0.364154541, 0.709563491, -0.603140412, -0.903808594, -0.11328125, 0.412475586, 0.224401933, 0.695413066, 0.682713336, 0, 0, -0, 0, 0, 0, 0, 0.359449902, -0.0614143066, -0.171364551, 0.0989732455, 0.533090493, -0.840198419, 0.444335937, -0.779174805, -0.442016602, -0.890283498, -0.329504783, -0.313909513, 0, 2, 5, 1, 
