time, trialNum, realDorsalTactorPos, realVentralTactorPos, boxPosX, boxPosY, boxPosZ, boxLocalRot_11, boxLocalRot_12, boxLocalRot_13, boxLocalRot_21, boxLocalRot_22, boxLocalRot_23, boxLocalRot_31, boxLocalRot_32, boxLocalRot_33, boxGlobalRot_11, boxGlobalRot_12, boxGlobalRot_13, boxGlobalRot_21, boxGlobalRot_22, boxGlobalRot_23, boxGlobalRot_31, boxGlobalRot_32, boxGlobalRot_33, indexForceX, indexForceY, indexForceZ, indexForceGlobalX, indexForceGlobalY, indexForceGlobalZ, indexContact, indexPosX, indexPosY, indexPosZ, indexRot_11, indexRot_12, indexRot_13, indexRot_21, indexRot_22, indexRot_23, indexRot_31, indexRot_32, indexRot_33, thumbForceX, thumbForceY, thumbForceZ, thumbForceGlobalX, thumbForceGlobalY, thumbForceGlobalZ, thumbContact, thumbPosX, thumbPosY, thumbPosZ, thumbRot_11, thumbRot_12, thumbRot_13, thumbRot_21, thumbRot_22, thumbRot_23, thumbRot_31, thumbRot_32, thumbRot_33, manipForceTooHigh, cceExpType, mapping, trialSuccess, 
601.063571, 66, 0.1, 0.1, 0.0260908775, 0.357630193, -0.0349665087, 0.99171429, 1.3498919e-006, 0.128463099, 0.128463099, 3.43564304e-007, -0.99171429, -1.38284242e-006, 1, 1.67306333e-007, 0.99171429, 3.55248899e-006, 0.128463099, 0.128463099, 3.58849772e-006, -0.99171429, -3.98404363e-006, 1, 3.10240072e-006, 0, 0, 0, 0, 0, 0, 0, 0.297858203, -0.0446762207, -0.199616382, -0.322788517, 0.696887441, -0.640434551, -0.772216797, 0.197265625, 0.603881836, 0.547222703, 0.689510871, 0.474558918, 0, 0, -0, 0, 0, 0, 0, 0.381533057, -0.0130085938, -0.165131104, 0.190568718, 0.453849602, -0.870345761, 0.358032227, -0.857666016, -0.368896484, -0.9139197, -0.241234824, -0.326038344, 0, 2, 5, 1, 
601.084538, 66, 0.1, 0.1, 0.0260908985, 0.357630214, -0.0349771765, 0.991714368, -3.6264593e-006, 0.128462497, 0.128462497, -6.43147465e-006, -0.991714368, 4.42261508e-006, 1, -5.9123218e-006, 0.99171437, -7.74154087e-006, 0.128462475, 0.128462475, -8.73536216e-006, -0.99171437, 8.79956357e-006, 1, -7.66848668e-006, 0, 0, 0, 0, 0, 0, 0, 0.302992773, -0.0491177979, -0.200120288, -0.322417075, 0.688133568, -0.650032014, -0.776733398, 0.200073242, 0.597167969, 0.540984276, 0.697447721, 0.470146594, 0, 0, -0, 0, 0, 0, 0, 0.386144287, -0.017080127, -0.164998096, 0.195144066, 0.44512691, -0.873873337, 0.363769531, -0.860229492, -0.356933594, -0.910738472, -0.248166008, -0.329845903, 0, 2, 5, 1, 
601.085234, 66, 0.1, 0.1, 0.0260908969, 0.357630213, -0.0349759069, 0.991714354, -6.34464043e-006, 0.128462601, 0.128462601, -2.15724091e-006, -0.991714354, 6.56919576e-006, 1, -1.32431776e-006, 0.991714357, 2.14038846e-006, 0.128462579, 0.128462579, 1.51311159e-006, -0.991714357, -2.31703218e-006, 1, 1.22561466e-006, 0, 0, 0, 0, 0, 0, 0, 0.302992773, -0.0491177979, -0.200120288, -0.322417075, 0.688133568, -0.650032014, -0.776733398, 0.200073242, 0.597167969, 0.540984276, 0.697447721, 0.470146594, 0, 0, -0, 0, 0, 0, 0, 0.386144287, -0.017080127, -0.164998096, 0.195144066, 0.44512691, -0.873873337, 0.363769531, -0.860229492, -0.356933594, -0.910738472, -0.248166008, -0.329845903, 0, 2, 5, 1, 
601.08595, 66, 0.1, 0.1, 0.0260908973, 0.357630211, -0.0349725552, 0.991714342, 8.87075222e-006, 0.128462694, 0.128462694, 8.97195024e-006, -0.991714342, -9.9498131e-006, 1, 7.75805101e-006, 0.991714344, 4.313115e-006, 0.128462676, 0.128462676, 6.96178938e-006, -0.991714344, -5.17170811e-006, 1, 6.35003209e-006, 0, 0, 0, 0, 0, 0, 0, 0.304389355, -0.0503352051, -0.200034619, -0.321199418, 0.686052843, -0.652697602, -0.778442383, 0.201171875, 0.594604492, 0.539308314, 0.699136787, 0.469703638, 0, 0, -0, 0, 0, 0, 0, 0.387408447, -0.0183525879, -0.165066699, 0.197156854, 0.442992721, -0.874461389, 0.364501953, -0.861206055, -0.354003906, -0.910035949, -0.248881292, -0.33125788, 0, 2, 5, 1, 
601.08667, 66, 0.1, 0.1, 0.0260908977, 0.357630211, -0.0349682339, 0.991714342, -1.16485184e-005, 0.128462694, 0.128462694, 2.01243696e-006, -0.991714342, 1.12934797e-005, 1, 3.49216266e-006, 0.99171434, -1.16429422e-005, 0.128462711, 0.128462711, -6.47058352e-006, -0.99171434, 1.23777015e-005, 1, -4.92128654e-006, 0, 0, 0, 0, 0, 0, 0, 0.304389355, -0.0503352051, -0.200034619, -0.321199418, 0.686052843, -0.652697602, -0.778442383, 0.201171875, 0.594604492, 0.539308314, 0.699136787, 0.469703638, 0, 0, -0, 0, 0, 0, 0, 0.387408447, -0.0183525879, -0.165066699, 0.197156854, 0.442992721, -0.874461389, 0.364501953, -0.861206055, -0.354003906, -0.910035949, -0.248881292, -0.33125788, 0, 2, 5, 1, 
601.087367, 66, 0.1, 0.1, 0.0260908944, 0.357630211, -0.0349647123, 0.991714369, 7.11252187e-006, 0.128462485, 0.128462485, -6.81191866e-006, -0.991714369, -6.17851414e-006, 1, -7.66916986e-006, 0.991714362, 1.46233986e-005, 0.128462537, 0.128462537, -9.01744672e-006, -0.991714362, -1.33438303e-005, 1, -1.08212903e-005, 0, 0, 0, 0, 0, 0, 0, 0.304389355, -0.0503352051, -0.200034619, -0.321199418, 0.686052843, -0.652697602, -0.778442383, 0.201171875, 0.594604492, 0.539308314, 0.699136787, 0.469703638, 0, 0, -0, 0, 0, 0, 0, 0.387408447, -0.0183525879, -0.165066699, 0.197156854, 0.442992721, -0.874461389, 0.364501953, -0.861206055, -0.354003906, -0.910035949, -0.248881292, -0.33125788, 0, 2, 5, 1, 
601.088082, 66, 0.1, 0.1, 0.0260908958, 0.357630211, -0.0349627901, 0.991714398, 1.07739333e-005, 0.128462262, 0.128462262, -9.6855038e-006, -0.991714398, -9.44044308e-006, 1, -1.09892974e-005, 0.991714394, -4.68015038e-006, 0.128462289, 0.128462289, -8.72131557e-006, -0.991714394, 5.76173266e-006, 1, -8.04783136e-006, 0, 0, 0, 0, 0, 0, 0, 0.304389355, -0.0503352051, -0.200034619, -0.319981761, 0.683972118, -0.655401382, -0.780029297, 0.202270508, 0.592041016, 0.537632353, 0.700825853, 0.469019547, 0, 0, -0, 0, 0, 0, 0, 0.387408447, -0.0183525879, -0.165066699, 0.197156854, 0.442992721, -0.874461389, 0.364501953, -0.861206055, -0.354003906, -0.910035949, -0.248881292, -0.33125788, 0, 2, 5, 1, 
601.088788, 66, 0.1, 0.1, 0.0260908935, 0.35763021, -0.0349626991, 0.991714392, -1.16365443e-005, 0.128462308, 0.128462308, -6.47393595e-006, -0.991714392, 1.23717852e-005, 1, -4.92543812e-006, 0.991714396, -6.16514452e-006, 0.128462274, 0.128462274, 3.82757821e-006, -0.991714397, 5.62236318e-006, 1, 4.5878529e-006, 0, 0, 0, 0, 0, 0, 0, 0.305339453, -0.0511061279, -0.199951636, -0.319981761, 0.683972118, -0.655401382, -0.780029297, 0.202270508, 0.592041016, 0.537632353, 0.700825853, 0.469019547, 0, 0, -0, 0, 0, 0, 0, 0.38841958, -0.018972168, -0.164916943, 0.198658515, 0.440800929, -0.875196362, 0.365722656, -0.861816406, -0.351074219, -0.909141662, -0.250216343, -0.332439813, 0, 2, 5, 1, 
601.089495, 66, 0.1, 0.1, 0.0260908917, 0.357630208, -0.0349646377, 0.991714367, 1.28479588e-005, 0.128462497, 0.128462497, 8.80797666e-006, -0.991714368, -1.3873e-005, 1, 7.08451613e-006, 0.991714372, 1.31202117e-005, 0.128462463, 0.128462463, 1.17678359e-005, -0.991714372, -1.45232277e-005, 1, 9.98487726e-006, 0, 0, 0, 0, 0, 0, 0, 0.305339453, -0.0511061279, -0.199951636, -0.319981761, 0.683972118, -0.655401382, -0.780029297, 0.202270508, 0.592041016, 0.537632353, 0.700825853, 0.469019547, 0, 0, -0, 0, 0, 0, 0, 0.38841958, -0.018972168, -0.164916943, 0.198658515, 0.440800929, -0.875196362, 0.365722656, -0.861816406, -0.351074219, -0.909141662, -0.250216343, -0.332439813, 0, 2, 5, 1, 
601.090193, 66, 0.1, 0.1, 0.0260908934, 0.357630207, -0.0349678089, 0.991714363, -7.76696594e-006, 0.128462535, 0.128462535, 1.04117923e-005, -0.991714363, 6.36508644e-006, 1, 1.13232881e-005, 0.991714361, -1.31924914e-005, 0.128462547, 0.128462547, 6.71305588e-006, -0.991714361, 1.2220807e-005, 1, 8.35217497e-006, 0, 0, 0, 0, 0, 0, 0, 0.305339453, -0.0511061279, -0.199951636, -0.319981761, 0.683972118, -0.655401382, -0.780029297, 0.202270508, 0.592041016, 0.537632353, 0.700825853, 0.469019547, 0, 0, -0, 0, 0, 0, 0, 0.38841958, -0.018972168, -0.164916943, 0.198658515, 0.440800929, -0.875196362, 0.365722656, -0.861816406, -0.351074219, -0.909141662, -0.250216343, -0.332439813, 0, 2, 5, 1, 
601.090884, 66, 0.1, 0.1, 0.0260908909, 0.357630209, -0.0349712896, 0.99171439, -3.07128931e-006, 0.128462322, 0.128462322, -2.19437178e-005, -0.99171439, 5.86478273e-006, 1, -2.13673557e-005, 0.991714382, 6.65740079e-006, 0.128462385, 0.128462385, -1.9321557e-005, -0.991714382, -4.12014681e-006, 1, -2.00166916e-005, 0, 0, 0, 0, 0, 0, 0, 0.305339453, -0.0511061279, -0.199951636, -0.319981761, 0.683972118, -0.655401382, -0.780029297, 0.202270508, 0.592041016, 0.537632353, 0.700825853, 0.469019547, 0, 0, -0, 0, 0, 0, 0, 0.38841958, -0.018972168, -0.164916943, 0.198658515, 0.440800929, -0.875196362, 0.365722656, -0.861816406, -0.351074219, -0.909141662, -0.250216343, -0.332439813, 0, 2, 5, 1, 
601.091583, 66, 0.1, 0.1, 0.0260908915, 0.357630208, -0.0349740766, 0.991714447, 6.18686002e-006, 0.128461887, 0.128461887, 1.67717903e-005, -0.991714446, -8.29013429e-006, 1, 1.5838051e-005, 0.991714434, 1.93439408e-006, 0.128461984, 0.128461984, 1.32730663e-005, -0.991714434, -3.62345098e-006, 1, 1.29145954e-005, 0, 0, 0, 0, 0, 0, 0, 0.305339453, -0.0511061279, -0.199951636, -0.319981761, 0.683972118, -0.655401382, -0.780029297, 0.202270508, 0.592041016, 0.537632353, 0.700825853, 0.469019547, 0, 0, -0, 0, 0, 0, 0, 0.38841958, -0.018972168, -0.164916943, 0.198658515, 0.440800929, -0.875196362, 0.365722656, -0.861816406, -0.351074219, -0.909141662, -0.250216343, -0.332439813, 0, 2, 5, 1, 
601.09228, 66, 0.1, 0.1, 0.0260908915, 0.357630207, -0.0349753953, 0.991714508, -6.02223113e-006, 0.12846141, 0.12846141, -1.19133354e-005, -0.991714508, 7.50273785e-006, 1, -1.10410032e-005, 0.991714497, -6.83997488e-006, 0.128461499, 0.128461499, -1.06615251e-005, -0.991714497, 8.15289775e-006, 1, -9.69451561e-006, 0, 0, 0, 0, 0, 0, 0, 0.305339453, -0.0511061279, -0.199951636, -0.319981761, 0.683972118, -0.655401382, -0.780029297, 0.202270508, 0.592041016, 0.537632353, 0.700825853, 0.469019547, 0, 0, -0, 0, 0, 0, 0, 0.38841958, -0.018972168, -0.164916943, 0.198658515, 0.440800929, -0.875196362, 0.365722656, -0.861816406, -0.351074219, -0.909141662, -0.250216343, -0.332439813, 0, 2, 5, 1, 
601.093003, 66, 0.1, 0.1, 0.0260908892, 0.357630203, -0.0349747723, 0.991714553, 2.46773097e-006, 0.128461068, 0.128461068, 2.02620645e-005, -0.991714552, -5.05017116e-006, 1, 1.97771769e-005, 0.991714546, 7.70407442e-006, 0.12846112, 0.12846112, 1.94931161e-005, -0.991714546, -1.01443502e-005, 1, 1.83419327e-005, 0, 0, 0, 0, 0, 0, 0, 0.30602627, -0.0518661865, -0.199846924, -0.319569884, 0.682113432, -0.657661084, -0.78112793, 0.20324707, 0.590332031, 0.536331199, 0.702356159, 0.468017937, 0, 0, -0, 0, 0, 0, 0, 0.38841958, -0.018972168, -0.164916943, 0.200294339, 0.438500495, -0.876039976, 0.366943359, -0.862548828, -0.347900391, -0.908356016, -0.251685555, -0.333755908, 0, 2, 5, 1, 
601.093699, 66, 0.1, 0.1, 0.0260908895, 0.357630203, -0.0349724609, 0.991714563, 1.07219273e-005, 0.128460989, 0.128460989, -1.29955246e-005, -0.991714563, -8.96367352e-006, 1, -1.42652004e-005, 0.991714564, 3.42178983e-007, 0.12846098, 0.12846098, -1.24469873e-005, -0.991714564, 1.2596083e-006, 1, -1.23878152e-005, 0, 0, 0, 0, 0, 0, 0, 0.30602627, -0.0518661865, -0.199846924, -0.319569884, 0.682113432, -0.657661084, -0.78112793, 0.20324707, 0.590332031, 0.536331199, 0.702356159, 0.468017937, 0, 0, -0, 0, 0, 0, 0, 0.389437305, -0.0196017578, -0.164777197, 0.200294339, 0.438500495, -0.876039976, 0.366943359, -0.862548828, -0.347900391, -0.908356016, -0.251685555, -0.333755908, 0, 2, 5, 1, 
601.094397, 66, 0.1, 0.1, 0.0260908877, 0.3576302, -0.0349694896, 0.991714541, -1.08805804e-005, 0.12846116, 0.12846116, 1.70185519e-005, -0.991714541, 8.6042069e-006, 1, 1.82752774e-005, 0.991714547, -5.58766586e-006, 0.12846111, 0.12846111, 1.67520257e-005, -0.991714547, 3.3893857e-006, 1, 1.73310254e-005, 0, 0, 0, 0, 0, 0, 0, 0.30602627, -0.0518661865, -0.199846924, -0.319569884, 0.682113432, -0.657661084, -0.78112793, 0.20324707, 0.590332031, 0.536331199, 0.702356159, 0.468017937, 0, 0, -0, 0, 0, 0, 0, 0.389437305, -0.0196017578, -0.164777197, 0.200294339, 0.438500495, -0.876039976, 0.366943359, -0.862548828, -0.347900391, -0.908356016, -0.251685555, -0.333755908, 0, 2, 5, 1, 
601.09509, 66, 0.1, 0.1, 0.026090885, 0.357630202, -0.034966829, 0.991714505, 1.6632943e-005, 0.128461432, 0.128461432, -2.2617352e-005, -0.991714505, -1.35896734e-005, 1, -2.45666477e-005, 0.991714512, 1.6935036e-005, 0.128461381, 0.128461381, -1.99144797e-005, -0.991714512, -1.42364794e-005, 1, -2.19249766e-005, 0, 0, 0, 0, 0, 0, 0, 0.30602627, -0.0518661865, -0.199846924, -0.319569884, 0.682113432, -0.657661084, -0.78112793, 0.20324707, 0.590332031, 0.536331199, 0.702356159, 0.468017937, 0, 0, -0, 0, 0, 0, 0, 0.389437305, -0.0196017578, -0.164777197, 0.200294339, 0.438500495, -0.876039976, 0.366943359, -0.862548828, -0.347900391, -0.908356016, -0.251685555, -0.333755908, 0, 2, 5, 1, 
601.095782, 66, 0.1, 0.1, 0.026090886, 0.357630201, -0.0349651718, 0.99171449, -4.87650139e-006, 0.128461554, 0.128461554, 1.6645498e-005, -0.99171449, 2.69779055e-006, 1, 1.71340245e-005, 0.99171449, -1.13673264e-005, 0.128461553, 0.128461553, 1.33648233e-005, -0.99171449, 9.55627637e-006, 1, 1.47143533e-005, 0, 0, 0, 0, 0, 0, 0, 0.30602627, -0.0518661865, -0.199846924, -0.319569884, 0.682113432, -0.657661084, -0.78112793, 0.20324707, 0.590332031, 0.536331199, 0.702356159, 0.468017937, 0, 0, -0, 0, 0, 0, 0, 0.389437305, -0.0196017578, -0.164777197, 0.200294339, 0.438500495, -0.876039976, 0.366943359, -0.862548828, -0.347900391, -0.908356016, -0.251685555, -0.333755908, 0, 2, 5, 1, 
601.09648, 66, 0.1, 0.1, 0.026090882, 0.357630203, -0.0349649377, 0.991714514, -1.53119849e-006, 0.128461368, 0.128461368, -2.51756217e-005, -0.991714513, 4.75260658e-006, 1, -2.47703296e-005, 0.991714505, 1.09746831e-005, 0.128461433, 0.128461434, -2.14657555e-005, -0.991714505, -8.12623066e-006, 1, -2.26977247e-005, 0, 0, 0, 0, 0, 0, 0, 0.30602627, -0.0518661865, -0.199846924, -0.319569884, 0.682113432, -0.657661084, -0.78112793, 0.20324707, 0.590332031, 0.536331199, 0.702356159, 0.468017937, 0, 0, -0, 0, 0, 0, 0, 0.389437305, -0.0196017578, -0.164777197, 0.200294339, 0.438500495, -0.876039976, 0.366943359, -0.862548828, -0.347900391, -0.908356016, -0.251685555, -0.333755908, 0, 2, 5, 1, 
601.097173, 66, 0.1, 0.1, 0.0260908822, 0.357630202, -0.0349661296, 0.991714574, 9.96926526e-006, 0.128460902, 0.128460902, 2.05509784e-005, -0.991714574, -1.25266629e-005, 1, 1.9100044e-005, 0.99171456, 4.73983368e-006, 0.128461011, 0.128461011, 1.69207102e-005, -0.99171456, -6.87421361e-006, 1, 1.61716308e-005, 0, 0, 0, 0, 0, 0, 0, 0.30602627, -0.0518661865, -0.199846924, -0.319569884, 0.682113432, -0.657661084, -0.78112793, 0.20324707, 0.590332031, 0.536331199, 0.702356159, 0.468017937, 0, 0, -0, 0, 0, 0, 0, 0.389437305, -0.0196017578, -0.164777197, 0.200294339, 0.438500495, -0.876039976, 0.366943359, -0.862548828, -0.347900391, -0.908356016, -0.251685555, -0.333755908, 0, 2, 5, 1, 
601.097891, 66, 0.1, 0.1, 0.0260908825, 0.357630203, -0.0349682384, 0.991714646, -9.58064979e-006, 0.128460349, 0.128460349, -2.23421126e-005, -0.991714646, 1.23713463e-005, 1, -2.09262667e-005, 0.991714632, -9.9295095e-006, 0.128460458, 0.128460458, -1.9947333e-005, -0.991714631, 1.24096834e-005, 1, -1.85065127e-005, 0, 0, 0, 0, 0, 0, 0, 0.306907886, -0.0523894531, -0.199929565, -0.319697565, 0.680514976, -0.659241565, -0.782104492, 0.203125, 0.588989258, 0.534744727, 0.703968841, 0.467403117, 0, 0, -0, 0, 0, 0, 0, 0.389437305, -0.0196017578, -0.164777197, 0.201054831, 0.43700503, -0.876557665, 0.368774414, -0.862792969, -0.345581055, -0.907416886, -0.253806618, -0.334669518, 0, 2, 5, 1, 
601.098588, 66, 0.1, 0.1, 0.0260908812, 0.357630201, -0.0349703666, 0.991714694, -4.52645075e-007, 0.128459979, 0.128459979, 1.8308589e-005, -0.991714694, -1.90302618e-006, 1, 1.82150435e-005, 0.991714687, 5.74020368e-006, 0.128460029, 0.128460029, 1.63209011e-005, -0.991714687, -7.78922772e-006, 1, 1.54482906e-005, 0, 0, 0, 0, 0, 0, 0, 0.306907886, -0.0523894531, -0.199929565, -0.319697565, 0.680514976, -0.659241565, -0.782104492, 0.203125, 0.588989258, 0.534744727, 0.703968841, 0.467403117, 0, 0, -0, 0, 0, 0, 0, 0.3901771, -0.0201917969, -0.164607422, 0.201054831, 0.43700503, -0.876557665, 0.368774414, -0.862792969, -0.345581055, -0.907416886, -0.253806618, -0.334669518, 0, 2, 5, 1, 
601.099283, 66, 0.1, 0.1, 0.0260908836, 0.357630202, -0.0349721564, 0.991714704, 3.90609744e-006, 0.128459903, 0.128459903, -1.37840628e-005, -0.991714703, -2.10303488e-006, 1, -1.41716347e-005, 0.991714705, -6.30923263e-006, 0.128459893, 0.128459893, -1.33847739e-005, -0.991714705, 7.9763654e-006, 1, -1.24633938e-005, 0, 0, 0, 0, 0, 0, 0, 0.306907886, -0.0523894531, -0.199929565, -0.319697565, 0.680514976, -0.659241565, -0.782104492, 0.203125, 0.588989258, 0.534744727, 0.703968841, 0.467403117, 0, 0, -0, 0, 0, 0, 0, 0.3901771, -0.0201917969, -0.164607422, 0.201054831, 0.43700503, -0.876557665, 0.368774414, -0.862792969, -0.345581055, -0.907416886, -0.253806618, -0.334669518, 0, 2, 5, 1, 
601.099975, 66, 0.1, 0.1, 0.0260908836, 0.357630199, -0.0349731282, 0.991714681, -1.39613142e-005, 0.128460073, 0.128460073, 1.71841849e-005, -0.991714681, 1.16381586e-005, 1, 1.88352799e-005, 0.991714688, -9.39842122e-006, 0.128460025, 0.128460025, 1.59493013e-005, -0.991714688, 7.27170473e-006, 1, 1.70244778e-005, 0, 0, 0, 0, 0, 0, 0, 0.306907886, -0.0523894531, -0.199929565, -0.319697565, 0.680514976, -0.659241565, -0.782104492, 0.203125, 0.588989258, 0.534744727, 0.703968841, 0.467403117, 0, 0, -0, 0, 0, 0, 0, 0.3901771, -0.0201917969, -0.164607422, 0.201054831, 0.43700503, -0.876557665, 0.368774414, -0.862792969, -0.345581055, -0.907416886, -0.253806618, -0.334669518, 0, 2, 5, 1, 
601.100684, 66, 0.1, 0.1, 0.0260908827, 0.357630199, -0.0349729129, 0.991714648, 1.07193311e-005, 0.128460331, 0.128460332, -1.49563011e-005, -0.991714648, -8.70922625e-006, 1, -1.62093917e-005, 0.991714654, 1.07262361e-005, 0.128460286, 0.128460286, -1.28987971e-005, -0.991714654, -8.98038234e-006, 1, -1.41698215e-005, 0, 0, 0, 0, 0, 0, 0, 0.306907886, -0.0523894531, -0.199929565, -0.319697565, 0.680514976, -0.659241565, -0.782104492, 0.203125, 0.588989258, 0.534744727, 0.703968841, 0.467403117, 0, 0, -0, 0, 0, 0, 0, 0.391325049, -0.0210663574, -0.164688721, 0.201367997, 0.434500072, -0.877784441, 0.369995117, -0.86340332, -0.342651367, -0.906893, -0.255665555, -0.334675714, 0, 2, 5, 1, 
601.101387, 66, 0.1, 0.1, 0.0260908842, 0.357630197, -0.0349716478, 0.991714631, -5.27045746e-006, 0.12846046, 0.12846046, 1.65749517e-005, -0.991714631, 3.09756385e-006, 1, 1.71146675e-005, 0.991714632, -1.10303374e-005, 0.128460454, 0.128460454, 1.43011125e-005, -0.991714632, 9.10181959e-006, 1, 1.55995847e-005, 0, 0, 0, 0, 0, 0, 0, 0.306907886, -0.0523894531, -0.199929565, -0.319697565, 0.680514976, -0.659241565, -0.782104492, 0.203125, 0.588989258, 0.534744727, 0.703968841, 0.467403117, 0, 0, -0, 0, 0, 0, 0, 0.391325049, -0.0210663574, -0.164688721, 0.201367997, 0.434500072, -0.877784441, 0.369995117, -0.86340332, -0.342651367, -0.906893, -0.255665555, -0.334675714, 0, 2, 5, 1, 
601.102089, 66, 0.1, 0.1, 0.0260908811, 0.357630198, -0.0349698375, 0.991714649, -2.44288588e-006, 0.128460325, 0.128460325, -2.00493591e-005, -0.991714649, 4.99819289e-006, 1, -1.95694292e-005, 0.991714642, 8.82220838e-006, 0.12846038, 0.12846038, -1.6480146e-005, -0.991714642, -6.63206741e-006, 1, -1.74769063e-005, 0, 0, 0, 0, 0, 0, 0, 0.306907886, -0.0523894531, -0.199929565, -0.319697565, 0.680514976, -0.659241565, -0.782104492, 0.203125, 0.588989258, 0.534744727, 0.703968841, 0.467403117, 0, 0, -0, 0, 0, 0, 0, 0.391325049, -0.0210663574, -0.164688721, 0.201367997, 0.434500072, -0.877784441, 0.369995117, -0.86340332, -0.342651367, -0.906893, -0.255665555, -0.334675714, 0, 2, 5, 1, 
601.102796, 66, 0.1, 0.1, 0.0260908808, 0.357630196, -0.0349679437, 0.9917147, 1.17492114e-005, 0.128459934, 0.128459933, 2.03534902e-005, -0.991714699, -1.42664736e-005, 1, 1.86755525e-005, 0.991714688, 6.67281534e-006, 0.128460025, 0.128460025, 1.79077148e-005, -0.991714688, -8.91795448e-006, 1, 1.69021538e-005, 0, 0, 0, 0, 0, 0, 0, 0.307805005, -0.0535959961, -0.200032471, -0.319571006, 0.67865629, -0.661177757, -0.782714844, 0.204223633, 0.587890625, 0.53398313, 0.705499147, 0.466103085, 0, 0, -0, 0, 0, 0, 0, 0.391325049, -0.0210663574, -0.164688721, 0.201367997, 0.434500072, -0.877784441, 0.369995117, -0.86340332, -0.342651367, -0.906893, -0.255665555, -0.334675714, 0, 2, 5, 1, 
601.103493, 66, 0.1, 0.1, 0.0260908803, 0.357630198, -0.0349665954, 0.99171476, -7.06600363e-006, 0.128459467, 0.128459466, -2.42570795e-005, -0.99171476, 1.01235116e-005, 1, -2.31484087e-005, 0.991714749, -7.57355829e-006, 0.128459552, 0.128459552, -2.20170129e-005, -0.991714749, 1.03391051e-005, 1, -2.08617005e-005, 0, 0, 0, 0, 0, 0, 0, 0.307805005, -0.0535959961, -0.200032471, -0.319571006, 0.67865629, -0.661177757, -0.782714844, 0.204223633, 0.587890625, 0.53398313, 0.705499147, 0.466103085, 0, 0, -0, 0, 0, 0, 0, 0.391325049, -0.0210663574, -0.164688721, 0.201367997, 0.434500072, -0.877784441, 0.369995117, -0.86340332, -0.342651367, -0.906893, -0.255665555, -0.334675714, 0, 2, 5, 1, 
601.104194, 66, 0.1, 0.1, 0.0260908778, 0.357630196, -0.0349662153, 0.991714799, 1.97051088e-006, 0.128459166, 0.128459166, 1.99648746e-005, -0.991714799, -4.51885594e-006, 1, 1.95463314e-005, 0.991714795, 9.21208967e-006, 0.1284592, 0.1284592, 1.82381835e-005, -0.991714794, -1.14786281e-005, 1, 1.69036987e-005, 0, 0, 0, 0, 0, 0, 0, 0.307805005, -0.0535959961, -0.200032471, -0.319571006, 0.67865629, -0.661177757, -0.782714844, 0.204223633, 0.587890625, 0.53398313, 0.705499147, 0.466103085, 0, 0, -0, 0, 0, 0, 0, 0.391325049, -0.0210663574, -0.164688721, 0.201367997, 0.434500072, -0.877784441, 0.369995117, -0.86340332, -0.342651367, -0.906893, -0.255665555, -0.334675714, 0, 2, 5, 1, 
601.104884, 66, 0.1, 0.1, 0.0260908799, 0.357630197, -0.0349668711, 0.991714796, 6.82778739e-006, 0.128459191, 0.128459191, -1.91155544e-005, -0.991714796, -4.31564913e-006, 1, -1.98342701e-005, 0.9917148, -5.07165767e-006, 0.128459158, 0.128459158, -1.85450742e-005, -0.9917148, 7.41192259e-006, 1, -1.77399237e-005, 0, 0, 0, 0, 0, 0, 0, 0.307805005, -0.0535959961, -0.200032471, -0.319571006, 0.67865629, -0.661177757, -0.782714844, 0.204223633, 0.587890625, 0.53398313, 0.705499147, 0.466103085, 0, 0, -0, 0, 0, 0, 0, 0.391325049, -0.0210663574, -0.164688721, 0.201367997, 0.434500072, -0.877784441, 0.369995117, -0.86340332, -0.342651367, -0.906893, -0.255665555, -0.334675714, 0, 2, 5, 1, 
601.105607, 66, 0.1, 0.1, 0.0260908791, 0.357630194, -0.0349680428, 0.991714754, -1.51218421e-005, 0.128459511, 0.128459511, 1.94371865e-005, -0.991714754, 1.24996624e-005, 1, 2.1218689e-005, 0.991714764, -9.37882581e-006, 0.128459433, 0.128459433, 1.78974695e-005, -0.991714764, 7.00202125e-006, 1, 1.89539834e-005, 0, 0, 0, 0, 0, 0, 0, 0.308742773, -0.0547943604, -0.200144897, -0.318663755, 0.676981451, -0.663316892, -0.783447266, 0.205688477, 0.586303711, 0.53346866, 0.706629559, 0.465082379, 0, 0, -0, 0, 0, 0, 0, 0.392033105, -0.0219008789, -0.164746826, 0.201815324, 0.432429682, -0.878634252, 0.370727539, -0.864135742, -0.340087891, -0.906477756, -0.256987846, -0.334765033, 0, 2, 5, 1, 
601.106308, 66, 0.1, 0.1, 0.0260908782, 0.357630195, -0.0349695485, 0.991714702, 1.19468479e-005, 0.128459912, 0.128459912, -1.74511709e-005, -0.991714702, -9.60608883e-006, 1, -1.88412738e-005, 0.991714712, 1.19088865e-005, 0.128459839, 0.12845984, -1.48396138e-005, -0.991714712, -9.9039235e-006, 1, -1.6246477e-005, 0, 0, 0, 0, 0, 0, 0, 0.308742773, -0.0547943604, -0.200144897, -0.318663755, 0.676981451, -0.663316892, -0.783447266, 0.205688477, 0.586303711, 0.53346866, 0.706629559, 0.465082379, 0, 0, -0, 0, 0, 0, 0, 0.392033105, -0.0219008789, -0.164746826, 0.201815324, 0.432429682, -0.878634252, 0.370727539, -0.864135742, -0.340087891, -0.906477756, -0.256987846, -0.334765033, 0, 2, 5, 1, 
601.107006, 66, 0.1, 0.1, 0.0260908799, 0.357630194, -0.0349709412, 0.991714671, -6.80457364e-006, 0.128460157, 0.128460157, 1.57796718e-005, -0.991714671, 4.72113639e-006, 1, 1.65230486e-005, 0.991714674, -1.22087535e-005, 0.128460129, 0.128460129, 1.29434747e-005, -0.991714674, 1.04448796e-005, 1, 1.44045718e-005, 0, 0, 0, 0, 0, 0, 0, 0.308742773, -0.0547943604, -0.200144897, -0.318663755, 0.676981451, -0.663316892, -0.783447266, 0.205688477, 0.586303711, 0.53346866, 0.706629559, 0.465082379, 0, 0, -0, 0, 0, 0, 0, 0.392033105, -0.0219008789, -0.164746826, 0.201815324, 0.432429682, -0.878634252, 0.370727539, -0.864135742, -0.340087891, -0.906477756, -0.256987846, -0.334765033, 0, 2, 5, 1, 
601.107699, 66, 0.1, 0.1, 0.0260908773, 0.357630194, -0.034971833, 0.991714674, -2.47660186e-006, 0.12846013, 0.12846013, -1.81903524e-005, -0.991714674, 4.79281744e-006, 1, -1.77214948e-005, 0.99171467, 7.22029472e-006, 0.128460159, 0.12846016, -1.50428119e-005, -0.99171467, -5.22807018e-006, 1, -1.58456975e-005, 0, 0, 0, 0, 0, 0, 0, 0.308742773, -0.0547943604, -0.200144897, -0.318663755, 0.676981451, -0.663316892, -0.783447266, 0.205688477, 0.586303711, 0.53346866, 0.706629559, 0.465082379, 0, 0, -0, 0, 0, 0, 0, 0.392033105, -0.0219008789, -0.164746826, 0.201815324, 0.432429682, -0.878634252, 0.370727539, -0.864135742, -0.340087891, -0.906477756, -0.256987846, -0.334765033, 0, 2, 5, 1, 
601.108391, 66, 0.1, 0.1, 0.0260908776, 0.357630193, -0.0349721031, 0.991714708, 8.09288583e-006, 0.128459867, 0.128459866, 1.72890599e-005, -0.991714708, -1.02467842e-005, 1, 1.61062039e-005, 0.9917147, 3.72698092e-006, 0.128459933, 0.128459933, 1.48463969e-005, -0.9917147, -5.60326891e-006, 1, 1.42446223e-005, 0, 0, 0, 0, 0, 0, 0, 0.308742773, -0.0547943604, -0.200144897, -0.318663755, 0.676981451, -0.663316892, -0.783447266, 0.205688477, 0.586303711, 0.53346866, 0.706629559, 0.465082379, 0, 0, -0, 0, 0, 0, 0, 0.392033105, -0.0219008789, -0.164746826, 0.201815324, 0.432429682, -0.878634252, 0.370727539, -0.864135742, -0.340087891, -0.906477756, -0.256987846, -0.334765033, 0, 2, 5, 1, 
601.109082, 66, 0.1, 0.1, 0.0260908777, 0.357630194, -0.0349716903, 0.991714752, -7.5689812e-006, 0.12845953, 0.12845953, -1.90590508e-005, -0.991714752, 9.95458703e-006, 1, -1.79288341e-005, 0.991714744, -8.0313788e-006, 0.128459593, 0.128459593, -1.72539584e-005, -0.991714744, 1.01812732e-005, 1, -1.60792973e-005, 0, 0, 0, 0, 0, 0, 0, 0.308742773, -0.0547943604, -0.200144897, -0.318663755, 0.676981451, -0.663316892, -0.783447266, 0.205688477, 0.586303711, 0.53346866, 0.706629559, 0.465082379, 0, 0, -0, 0, 0, 0, 0, 0.392033105, -0.0219008789, -0.164746826, 0.201815324, 0.432429682, -0.878634252, 0.370727539, -0.864135742, -0.340087891, -0.906477756, -0.256987846, -0.334765033, 0, 2, 5, 1, 
601.109789, 66, 0.1, 0.1, 0.0260908761, 0.357630191, -0.034970697, 0.991714778, -5.3933626e-007, 0.128459326, 0.128459326, 1.82405966e-005, -0.991714778, -1.808307e-006, 1, 1.8158752e-005, 0.991714776, 6.31597187e-006, 0.128459347, 0.128459347, 1.68131905e-005, -0.991714775, -8.42345411e-006, 1, 1.58625439e-005, 0, 0, 0, 0, 0, 0, 0, 0.308742773, -0.0547943604, -0.200144897, -0.317877071, 0.67552865, -0.665214892, -0.784057617, 0.20703125, 0.585083008, 0.532973285, 0.707601212, 0.464023482, 0, 0, -0, 0, 0, 0, 0, 0.392033105, -0.0219008789, -0.164746826, 0.201815324, 0.432429682, -0.878634252, 0.370727539, -0.864135742, -0.340087891, -0.906477756, -0.256987846, -0.334765033, 0, 2, 5, 1, 
601.110494, 66, 0.1, 0.1, 0.0260908785, 0.357630193, -0.0349692273, 0.991714768, 5.73165004e-006, 0.128459405, 0.128459405, -1.76684837e-005, -0.991714768, -3.41447907e-006, 1, -1.82583806e-005, 0.991714773, -5.62800789e-006, 0.128459364, 0.128459364, -1.74489585e-005, -0.991714773, 7.82286068e-006, 1, -1.65814196e-005, 0, 0, 0, 0, 0, 0, 0, 0.309674438, -0.0559818604, -0.200021875, -0.317877071, 0.67552865, -0.665214892, -0.784057617, 0.20703125, 0.585083008, 0.532973285, 0.707601212, 0.464023482, 0, 0, -0, 0, 0, 0, 0, 0.392689648, -0.022712207, -0.164796387, 0.201547001, 0.430736256, -0.879547863, 0.371459961, -0.864501953, -0.338256836, -0.906260473, -0.25839326, -0.334247344, 0, 2, 5, 1, 
601.111185, 66, 0.1, 0.1, 0.0260908785, 0.35763019, -0.0349680337, 0.991714724, -1.59261883e-005, 0.128459741, 0.128459741, 1.86804985e-005, -0.991714724, 1.33945434e-005, 1, 2.05715994e-005, 0.991714735, -1.05884784e-005, 0.12845966, 0.12845966, 1.73170531e-005, -0.991714735, 8.27620726e-006, 1, 1.85337691e-005, 0, 0, 0, 0, 0, 0, 0, 0.309674438, -0.0559818604, -0.200021875, -0.317877071, 0.67552865, -0.665214892, -0.784057617, 0.20703125, 0.585083008, 0.532973285, 0.707601212, 0.464023482, 0, 0, -0, 0, 0, 0, 0, 0.392689648, -0.022712207, -0.164796387, 0.201547001, 0.430736256, -0.879547863, 0.371459961, -0.864501953, -0.338256836, -0.906260473, -0.25839326, -0.334247344, 0, 2, 5, 1, 
601.111875, 66, 0.1, 0.1, 0.0260908774, 0.357630191, -0.0349674671, 0.991714671, 1.32743799e-005, 0.128460155, 0.128460155, -1.80425511e-005, -0.991714671, -1.08466483e-005, 1, -1.95982915e-005, 0.991714681, 1.30394972e-005, 0.128460079, 0.128460079, -1.5722399e-005, -0.991714681, -1.09117602e-005, 1, -1.72671888e-005, 0, 0, 0, 0, 0, 0, 0, 0.309674438, -0.0559818604, -0.200021875, -0.317877071, 0.67552865, -0.665214892, -0.784057617, 0.20703125, 0.585083008, 0.532973285, 0.707601212, 0.464023482, 0, 0, -0, 0, 0, 0, 0, 0.392689648, -0.022712207, -0.164796387, 0.201547001, 0.430736256, -0.879547863, 0.371459961, -0.864501953, -0.338256836, -0.906260473, -0.25839326, -0.334247344, 0, 2, 5, 1, 
601.112571, 66, 0.1, 0.1, 0.0260908789, 0.357630189, -0.0349675984, 0.991714637, -5.28385822e-006, 0.128460417, 0.128460417, 1.94681742e-005, -0.991714637, 2.73918976e-006, 1, 1.998564e-005, 0.991714641, -1.17430972e-005, 0.128460388, 0.128460388, 1.63751803e-005, -0.991714641, 9.54223938e-006, 1, 1.77480289e-005, 0, 0, 0, 0, 0, 0, 0, 0.309674438, -0.0559818604, -0.200021875, -0.317877071, 0.67552865, -0.665214892, -0.784057617, 0.20703125, 0.585083008, 0.532973285, 0.707601212, 0.464023482, 0, 0, -0, 0, 0, 0, 0, 0.392689648, -0.022712207, -0.164796387, 0.201547001, 0.430736256, -0.879547863, 0.371459961, -0.864501953, -0.338256836, -0.906260473, -0.25839326, -0.334247344, 0, 2, 5, 1, 
601.113265, 66, 0.1, 0.1, 0.026090875, 0.357630189, -0.0349683456, 0.991714643, 3.01166058e-007, 0.128460371, 0.128460371, -1.93858658e-005, -0.991714643, 2.19164472e-006, 1, -1.92639349e-005, 0.991714638, 1.11385812e-005, 0.128460407, 0.128460407, -1.56844947e-005, -0.991714638, -9.03145744e-006, 1, -1.69854097e-005, 0, 0, 0, 0, 0, 0, 0, 0.309674438, -0.0559818604, -0.200021875, -0.317877071, 0.67552865, -0.665214892, -0.784057617, 0.20703125, 0.585083008, 0.532973285, 0.707601212, 0.464023482, 0, 0, -0, 0, 0, 0, 0, 0.392689648, -0.022712207, -0.164796387, 0.201547001, 0.430736256, -0.879547863, 0.371459961, -0.864501953, -0.338256836, -0.906260473, -0.25839326, -0.334247344, 0, 2, 5, 1, 
601.113954, 66, 0.1, 0.1, 0.0260908743, 0.357630187, -0.0349694884, 0.991714683, 1.2076285e-005, 0.128460064, 0.128460064, 1.94030825e-005, -0.991714683, -1.44687504e-005, 1, 1.76910015e-005, 0.991714673, 7.23130696e-006, 0.12846014, 0.12846014, 1.6659754e-005, -0.991714673, -9.31150755e-006, 1, 1.55927878e-005, 0, 0, 0, 0, 0, 0, 0, 0.309674438, -0.0559818604, -0.200021875, -0.317877071, 0.67552865, -0.665214892, -0.784057617, 0.20703125, 0.585083008, 0.532973285, 0.707601212, 0.464023482, 0, 0, -0, 0, 0, 0, 0, 0.392689648, -0.022712207, -0.164796387, 0.201547001, 0.430736256, -0.879547863, 0.371459961, -0.864501953, -0.338256836, -0.906260473, -0.25839326, -0.334247344, 0, 2, 5, 1, 
601.114665, 66, 0.1, 0.1, 0.0260908736, 0.357630189, -0.0349705838, 0.991714734, -6.24418533e-006, 0.128459671, 0.128459671, -1.92697693e-005, -0.991714733, 8.66783882e-006, 1, -1.83079882e-005, 0.991714723, -6.21439499e-006, 0.12845975, 0.12845975, -1.71020848e-005, -0.991714723, 8.35983654e-006, 1, -1.61620896e-005, 0, 0, 0, 0, 0, 0, 0, 0.309674438, -0.0559818604, -0.200021875, -0.317306434, 0.674215513, -0.666877748, -0.78515625, 0.207519531, 0.583496094, 0.53189417, 0.708674336, 0.463668893, 0, 0, -0, 0, 0, 0, 0, 0.392689648, -0.022712207, -0.164796387, 0.201547001, 0.430736256, -0.879547863, 0.371459961, -0.864501953, -0.338256836, -0.906260473, -0.25839326, -0.334247344, 0, 2, 5, 1, 
601.115371, 66, 0.1, 0.1, 0.0260908718, 0.357630186, -0.0349710626, 0.991714766, 1.24330882e-008, 0.128459418, 0.128459418, 1.83154243e-005, -0.991714766, -2.36511882e-006, 1, 1.81620796e-005, 0.991714763, 6.57973943e-006, 0.128459446, 0.128459446, 1.69958803e-005, -0.991714763, -8.70850609e-006, 1, 1.60098357e-005, 0, 0, 0, 0, 0, 0, 0, 0.310370044, -0.0567154297, -0.200107935, -0.317306434, 0.674215513, -0.666877748, -0.78515625, 0.207519531, 0.583496094, 0.53189417, 0.708674336, 0.463668893, 0, 0, -0, 0, 0, 0, 0, 0.393166162, -0.0234952148, -0.1648396, 0.201872926, 0.429381515, -0.880142111, 0.372070312, -0.864868164, -0.336669922, -0.905857988, -0.25951759, -0.334432545, 0, 2, 5, 1, 
601.116069, 66, 0.1, 0.1, 0.0260908744, 0.357630187, -0.0349711317, 0.991714762, 3.72723316e-006, 0.128459452, 0.128459453, -1.59670774e-005, -0.991714762, -1.64523013e-006, 1, -1.63135847e-005, 0.991714766, -6.9204009e-006, 0.12845942, 0.12845942, -1.54222882e-005, -0.991714766, 8.84420196e-006, 1, -1.44055202e-005, 0, 0, 0, 0, 0, 0, 0, 0.310370044, -0.0567154297, -0.200107935, -0.317306434, 0.674215513, -0.666877748, -0.78515625, 0.207519531, 0.583496094, 0.53189417, 0.708674336, 0.463668893, 0, 0, -0, 0, 0, 0, 0, 0.393166162, -0.0234952148, -0.1648396, 0.201872926, 0.429381515, -0.880142111, 0.372070312, -0.864868164, -0.336669922, -0.905857988, -0.25951759, -0.334432545, 0, 2, 5, 1, 
601.11676, 66, 0.1, 0.1, 0.0260908751, 0.357630185, -0.0349707611, 0.991714726, -1.76185013e-005, 0.128459725, 0.128459725, 1.64103563e-005, -0.991714726, 1.53644573e-005, 1, 1.85376598e-005, 0.991714736, -1.23943375e-005, 0.128459656, 0.128459656, 1.52778632e-005, -0.991714735, 1.03290581e-005, 1, 1.67434544e-005, 0, 0, 0, 0, 0, 0, 0, 0.310370044, -0.0567154297, -0.200107935, -0.317306434, 0.674215513, -0.666877748, -0.78515625, 0.207519531, 0.583496094, 0.53189417, 0.708674336, 0.463668893, 0, 0, -0, 0, 0, 0, 0, 0.393166162, -0.0234952148, -0.1648396, 0.201872926, 0.429381515, -0.880142111, 0.372070312, -0.864868164, -0.336669922, -0.905857988, -0.25951759, -0.334432545, 0, 2, 5, 1, 
601.117478, 66, 0.1, 0.1, 0.0260908748, 0.357630186, -0.0349699269, 0.99171468, 1.09428173e-005, 0.128460088, 0.128460089, -1.77857457e-005, -0.991714679, -8.56739411e-006, 1, -1.90441004e-005, 0.991714688, 1.06852496e-005, 0.128460024, 0.128460024, -1.60486072e-005, -0.991714688, -8.53511447e-006, 1, -1.72882669e-005, 0, 0, 0, 0, 0, 0, 0, 0.310772583, -0.0574571777, -0.200164087, -0.318100231, 0.672718529, -0.66791268, -0.785400391, 0.207397461, 0.583007813, 0.530783976, 0.710147354, 0.46259689, 0, 0, -0, 0, 0, 0, 0, 0.393601172, -0.0243016602, -0.164892578, 0.201591843, 0.427835011, -0.881030202, 0.373168945, -0.865234375, -0.334716797, -0.905519303, -0.261153047, -0.334157659, 0, 2, 5, 1, 
601.118187, 66, 0.1, 0.1, 0.0260908765, 0.357630184, -0.034968918, 0.991714652, -4.81967859e-006, 0.128460303, 0.128460303, 1.93549576e-005, -0.991714652, 2.29340215e-006, 1, 1.98137324e-005, 0.991714654, -1.18067442e-005, 0.128460282, 0.128460283, 1.60297409e-005, -0.991714654, 9.64973618e-006, 1, 1.74136266e-005, 0, 0, 0, 0, 0, 0, 0, 0.310772583, -0.0574571777, -0.200164087, -0.318100231, 0.672718529, -0.66791268, -0.785400391, 0.207397461, 0.583007813, 0.530783976, 0.710147354, 0.46259689, 0, 0, -0, 0, 0, 0, 0, 0.393601172, -0.0243016602, -0.164892578, 0.201591843, 0.427835011, -0.881030202, 0.373168945, -0.865234375, -0.334716797, -0.905519303, -0.261153047, -0.334157659, 0, 2, 5, 1, 
601.118896, 66, 0.1, 0.1, 0.0260908723, 0.357630185, -0.034967896, 0.991714663, 8.86316554e-007, 0.128460213, 0.128460213, -1.88151488e-005, -0.991714663, 1.5380249e-006, 1, -1.87731154e-005, 0.991714658, 1.21253706e-005, 0.128460258, 0.128460258, -1.54045987e-005, -0.991714657, -1.0046029e-005, 1, -1.68345945e-005, 0, 0, 0, 0, 0, 0, 0, 0.310772583, -0.0574571777, -0.200164087, -0.318100231, 0.672718529, -0.66791268, -0.785400391, 0.207397461, 0.583007813, 0.530783976, 0.710147354, 0.46259689, 0, 0, -0, 0, 0, 0, 0, 0.393601172, -0.0243016602, -0.164892578, 0.201591843, 0.427835011, -0.881030202, 0.373168945, -0.865234375, -0.334716797, -0.905519303, -0.261153047, -0.334157659, 0, 2, 5, 1, 
601.119589, 66, 0.1, 0.1, 0.0260908713, 0.357630182, -0.0349675103, 0.991714709, 1.36459363e-005, 0.128459859, 0.128459859, 2.26938304e-005, -0.991714709, -1.6448122e-005, 1, 2.07528504e-005, 0.991714698, 8.50319461e-006, 0.128459946, 0.128459946, 1.98480867e-005, -0.991714698, -1.09824272e-005, 1, 1.85913194e-005, 0, 0, 0, 0, 0, 0, 0, 0.310772583, -0.0574571777, -0.200164087, -0.318100231, 0.672718529, -0.66791268, -0.785400391, 0.207397461, 0.583007813, 0.530783976, 0.710147354, 0.46259689, 0, 0, -0, 0, 0, 0, 0, 0.393601172, -0.0243016602, -0.164892578, 0.201591843, 0.427835011, -0.881030202, 0.373168945, -0.865234375, -0.334716797, -0.905519303, -0.261153047, -0.334157659, 0, 2, 5, 1, 
601.120282, 66, 0.1, 0.1, 0.0260908702, 0.357630183, -0.0349678032, 0.991714766, -5.02737216e-006, 0.128459425, 0.128459425, -2.06612061e-005, -0.991714765, 7.63984585e-006, 1, -1.98442099e-005, 0.991714755, -5.32544168e-006, 0.128459505, 0.128459505, -1.81804773e-005, -0.991714755, 7.6167742e-006, 1, -1.73457439e-005, 0, 0, 0, 0, 0, 0, 0, 0.310772583, -0.0574571777, -0.200164087, -0.318100231, 0.672718529, -0.66791268, -0.785400391, 0.207397461, 0.583007813, 0.530783976, 0.710147354, 0.46259689, 0, 0, -0, 0, 0, 0, 0, 0.393601172, -0.0243016602, -0.164892578, 0.201591843, 0.427835011, -0.881030202, 0.373168945, -0.865234375, -0.334716797, -0.905519303, -0.261153047, -0.334157659, 0, 2, 5, 1, 
601.120974, 66, 0.1, 0.1, 0.0260908675, 0.357630181, -0.0349686516, 0.991714802, 2.82098365e-006, 0.128459146, 0.128459146, 1.85797834e-005, -0.991714802, -5.18435435e-006, 1, 1.80634651e-005, 0.991714797, 9.67358778e-006, 0.128459178, 0.128459178, 1.7310301e-005, -0.991714797, -1.18171072e-005, 1, 1.59242205e-005, 0, 0, 0, 0, 0, 0, 0, 0.310772583, -0.0574571777, -0.200164087, -0.318100231, 0.672718529, -0.66791268, -0.785400391, 0.207397461, 0.583007813, 0.530783976, 0.710147354, 0.46259689, 0, 0, -0, 0, 0, 0, 0, 0.393601172, -0.0243016602, -0.164892578, 0.201591843, 0.427835011, -0.881030202, 0.373168945, -0.865234375, -0.334716797, -0.905519303, -0.261153047, -0.334157659, 0, 2, 5, 1, 
601.121664, 66, 0.1, 0.1, 0.0260908695, 0.357630182, -0.034969795, 0.991714799, 5.51360826e-006, 0.128459165, 0.128459165, -1.87949887e-005, -0.991714799, -3.05353834e-006, 1, -1.9347542e-005, 0.991714803, -5.02287805e-006, 0.128459136, 0.128459136, -1.79730109e-005, -0.991714803, 7.29005997e-006, 1, -1.71788664e-005, 0, 0, 0, 0, 0, 0, 0, 0.310772583, -0.0574571777, -0.200164087, -0.318100231, 0.672718529, -0.66791268, -0.785400391, 0.207397461, 0.583007813, 0.530783976, 0.710147354, 0.46259689, 0, 0, -0, 0, 0, 0, 0, 0.393601172, -0.0243016602, -0.164892578, 0.201591843, 0.427835011, -0.881030202, 0.373168945, -0.865234375, -0.334716797, -0.905519303, -0.261153047, -0.334157659, 0, 2, 5, 1, 
