time, trialNum, realDorsalTactorPos, realVentralTactorPos, boxPosX, boxPosY, boxPosZ, boxLocalRot_11, boxLocalRot_12, boxLocalRot_13, boxLocalRot_21, boxLocalRot_22, boxLocalRot_23, boxLocalRot_31, boxLocalRot_32, boxLocalRot_33, boxGlobalRot_11, boxGlobalRot_12, boxGlobalRot_13, boxGlobalRot_21, boxGlobalRot_22, boxGlobalRot_23, boxGlobalRot_31, boxGlobalRot_32, boxGlobalRot_33, indexForceX, indexForceY, indexForceZ, indexForceGlobalX, indexForceGlobalY, indexForceGlobalZ, indexContact, indexPosX, indexPosY, indexPosZ, indexRot_11, indexRot_12, indexRot_13, indexRot_21, indexRot_22, indexRot_23, indexRot_31, indexRot_32, indexRot_33, thumbForceX, thumbForceY, thumbForceZ, thumbForceGlobalX, thumbForceGlobalY, thumbForceGlobalZ, thumbContact, thumbPosX, thumbPosY, thumbPosZ, thumbRot_11, thumbRot_12, thumbRot_13, thumbRot_21, thumbRot_22, thumbRot_23, thumbRot_31, thumbRot_32, thumbRot_33, manipForceTooHigh, cceExpType, mapping, trialSuccess, 
355.528347, 42, 0.1, 0.1, 0.0106460866, 0.35963476, -0.0349849449, 0.923011762, -1.51212412e-005, 0.384771733, 0.384771733, -4.02255062e-006, -0.923011762, 1.55048473e-005, 1, 2.10536466e-006, 0.923011793, -2.78230218e-005, 0.384771657, 0.384771657, -9.8100287e-006, -0.923011794, 2.94555982e-005, 1, 1.65073801e-006, 0, 0, 0, 0, 0, 0, 0, 0.306793408, -0.143517187, -0.197017627, -0.376409483, 0.609393632, -0.697704435, -0.824462891, 0.123046875, 0.552368164, 0.422483324, 0.783208919, 0.456315759, 0, 0, -0, 0, 0, 0, 0, 0.378777295, -0.0967324219, -0.16404126, 0.0806580297, 0.35273832, -0.932150031, 0.488037109, -0.829345703, -0.271606445, -0.869010133, -0.433030288, -0.23900429, 0, 2, 3, 1, 
355.543132, 42, 0.1, 0.1, 0.0106460569, 0.35963475, -0.0349756569, 0.923000328, 5.52945348e-006, 0.38479916, 0.38479916, 7.32585913e-006, -0.923000328, -7.92267182e-006, 1, 4.63404133e-006, 0.923000387, 1.21861731e-005, 0.384799019, 0.384799019, 4.82513316e-006, -0.923000387, -1.3104549e-005, 1, -2.35627674e-007, 0, 0, 0, 0, 0, 0, 0, 0.305157202, -0.146734106, -0.196286963, -0.382486908, 0.612077194, -0.692075958, -0.819335937, 0.121459961, 0.560302734, 0.42703006, 0.781424373, 0.455177112, 0, 0, -0, 0, 0, 0, 0, 0.377860107, -0.0992398438, -0.163071631, 0.0731697766, 0.353491516, -0.932539023, 0.491210937, -0.826416016, -0.274780273, -0.867833296, -0.437860832, -0.234135466, 0, 2, 3, 1, 
355.543875, 42, 0.1, 0.1, 0.0106460597, 0.359634751, -0.0349726129, 0.923, 7.74451153e-006, 0.384799949, 0.384799949, -2.93186633e-007, -0.923, -7.03536594e-006, 1, -3.2506989e-006, 0.923000062, -1.07142392e-006, 0.384799799, 0.384799799, -4.83070504e-006, -0.923000062, 2.84777867e-006, 1, -4.04645734e-006, 0, 0, 0, 0, 0, 0, 0, 0.305202344, -0.145803174, -0.196156958, -0.385863917, 0.612819695, -0.689619304, -0.818603516, 0.11706543, 0.562133789, 0.425216679, 0.781430365, 0.456641895, 0, 0, -0, 0, 0, 0, 0, 0.377487939, -0.0987894531, -0.163041357, 0.0706141464, 0.35437924, -0.932398298, 0.493408203, -0.824707031, -0.276123047, -0.866874477, -0.440467868, -0.233138734, 0, 2, 3, 1, 
355.544573, 42, 0.1, 0.1, 0.0106460611, 0.35963475, -0.0349689597, 0.922999695, -1.39389163e-005, 0.384800679, 0.384800679, -4.50723524e-007, -0.922999695, 1.30390542e-005, 1, 4.94768677e-006, 0.922999747, -6.54238822e-006, 0.384800554, 0.384800554, -3.93364386e-006, -0.922999747, 7.55229101e-006, 1, -1.11323768e-006, 0, 0, 0, 0, 0, 0, 0, 0.305202344, -0.145803174, -0.196156958, -0.385863917, 0.612819695, -0.689619304, -0.818603516, 0.11706543, 0.562133789, 0.425216679, 0.781430365, 0.456641895, 0, 0, -0, 0, 0, 0, 0, 0.377487939, -0.0987894531, -0.163041357, 0.0706141464, 0.35437924, -0.932398298, 0.493408203, -0.824707031, -0.276123047, -0.866874477, -0.440467868, -0.233138734, 0, 2, 3, 1, 
355.545274, 42, 0.1, 0.1, 0.0106460619, 0.359634749, -0.0349657212, 0.922999446, 1.14910515e-005, 0.384801276, 0.384801276, 8.81872163e-007, -0.922999446, -1.09455797e-005, 1, -3.60780376e-006, 0.922999492, 1.27353285e-005, 0.384801166, 0.384801166, 2.95113306e-007, -0.922999492, -1.18682617e-005, 1, -4.62817983e-006, 0, 0, 0, 0, 0, 0, 0, 0.305202344, -0.145803174, -0.196156958, -0.385863917, 0.612819695, -0.689619304, -0.818603516, 0.11706543, 0.562133789, 0.425216679, 0.781430365, 0.456641895, 0, 0, -0, 0, 0, 0, 0, 0.377487939, -0.0987894531, -0.163041357, 0.0706141464, 0.35437924, -0.932398298, 0.493408203, -0.824707031, -0.276123047, -0.866874477, -0.440467868, -0.233138734, 0, 2, 3, 1, 
355.545997, 42, 0.1, 0.1, 0.0106460668, 0.359634749, -0.0349636188, 0.922999183, -9.00087862e-006, 0.384801908, 0.384801908, 3.1991699e-006, -0.922999183, 7.07675694e-006, 1, 6.41638646e-006, 0.92299924, -1.36061485e-005, 0.384801771, 0.384801771, -7.06823503e-006, -0.92299924, 1.52783341e-005, 1, -1.2883055e-006, 0, 0, 0, 0, 0, 0, 0, 0.305008618, -0.144642896, -0.196224438, -0.389564437, 0.613682763, -0.686661285, -0.817626953, 0.112548828, 0.564575195, 0.423701721, 0.78141726, 0.458150862, 0, 0, -0, 0, 0, 0, 0, 0.377487939, -0.0987894531, -0.163041357, 0.0666144568, 0.355861213, -0.932129609, 0.495117187, -0.822753906, -0.278808594, -0.866190177, -0.442889703, -0.231023867, 0, 2, 3, 1, 
355.546696, 42, 0.1, 0.1, 0.0106460652, 0.35963475, -0.0349632224, 0.922999013, -7.49170439e-007, 0.384802316, 0.384802316, -1.66404697e-005, -0.922999013, 7.09477486e-006, 1, -1.50708546e-005, 0.922999035, 1.20328234e-005, 0.384802261, 0.384802262, -1.32504932e-005, -0.922999035, -6.00746461e-006, 1, -1.68604501e-005, 0, 0, 0, 0, 0, 0, 0, 0.305008618, -0.144642896, -0.196224438, -0.389564437, 0.613682763, -0.686661285, -0.817626953, 0.112548828, 0.564575195, 0.423701721, 0.78141726, 0.458150862, 0, 0, -0, 0, 0, 0, 0, 0.376791211, -0.0982958496, -0.163425586, 0.0666144568, 0.355861213, -0.932129609, 0.495117187, -0.822753906, -0.278808594, -0.866190177, -0.442889703, -0.231023867, 0, 2, 3, 1, 
355.547393, 42, 0.1, 0.1, 0.0106460685, 0.359634748, -0.0349647672, 0.922998984, 8.83123594e-006, 0.384802385, 0.384802385, 1.43524785e-005, -0.922998984, -1.36740897e-005, 1, 9.84904238e-006, 0.92299898, 8.52710696e-007, 0.384802396, 0.384802396, 1.73904006e-005, -0.922998979, -7.4789189e-006, 1, 1.57231969e-005, 0, 0, 0, 0, 0, 0, 0, 0.305008618, -0.144642896, -0.196224438, -0.389564437, 0.613682763, -0.686661285, -0.817626953, 0.112548828, 0.564575195, 0.423701721, 0.78141726, 0.458150862, 0, 0, -0, 0, 0, 0, 0, 0.376791211, -0.0982958496, -0.163425586, 0.0666144568, 0.355861213, -0.932129609, 0.495117187, -0.822753906, -0.278808594, -0.866190177, -0.442889703, -0.231023867, 0, 2, 3, 1, 
355.548097, 42, 0.1, 0.1, 0.0106460701, 0.359634748, -0.0349676401, 0.922999067, -1.07511978e-005, 0.384802186, 0.384802186, -2.78327518e-006, -0.922999067, 1.09943559e-005, 1, 1.56812402e-006, 0.922999045, -1.05754558e-005, 0.38480224, 0.38480224, -3.83343416e-006, -0.922999045, 1.12362497e-005, 1, 5.3120303e-007, 0, 0, 0, 0, 0, 0, 0, 0.305008618, -0.144642896, -0.196224438, -0.389564437, 0.613682763, -0.686661285, -0.817626953, 0.112548828, 0.564575195, 0.423701721, 0.78141726, 0.458150862, 0, 0, -0, 0, 0, 0, 0, 0.376791211, -0.0982958496, -0.163425586, 0.0666144568, 0.355861213, -0.932129609, 0.495117187, -0.822753906, -0.278808594, -0.866190177, -0.442889703, -0.231023867, 0, 2, 3, 1, 
355.548792, 42, 0.1, 0.1, 0.0106460698, 0.359634747, -0.0349708083, 0.922999142, 4.76996647e-006, 0.384802007, 0.384802007, 3.18127411e-006, -0.922999142, -5.62683562e-006, 1, 1.10082061e-006, 0.922999131, 8.40115619e-006, 0.384802033, 0.384802033, 9.24285419e-006, -0.922999131, -1.13109289e-005, 1, 5.29836439e-006, 0, 0, 0, 0, 0, 0, 0, 0.305008618, -0.144642896, -0.196224438, -0.389564437, 0.613682763, -0.686661285, -0.817626953, 0.112548828, 0.564575195, 0.423701721, 0.78141726, 0.458150862, 0, 0, -0, 0, 0, 0, 0, 0.376791211, -0.0982958496, -0.163425586, 0.0666144568, 0.355861213, -0.932129609, 0.495117187, -0.822753906, -0.278808594, -0.866190177, -0.442889703, -0.231023867, 0, 2, 3, 1, 
355.549491, 42, 0.1, 0.1, 0.0106460724, 0.359634749, -0.0349733963, 0.922999197, 4.07860641e-007, 0.384801875, 0.384801875, 7.38586287e-006, -0.922999197, -3.21854893e-006, 1, 6.66019996e-006, 0.922999185, -4.1207468e-006, 0.384801902, 0.384801902, -6.01318864e-006, -0.922999185, 6.11733236e-006, 1, -3.96449701e-006, 0, 0, 0, 0, 0, 0, 0, 0.305008618, -0.144642896, -0.196224438, -0.389564437, 0.613682763, -0.686661285, -0.817626953, 0.112548828, 0.564575195, 0.423701721, 0.78141726, 0.458150862, 0, 0, -0, 0, 0, 0, 0, 0.376791211, -0.0982958496, -0.163425586, 0.0666144568, 0.355861213, -0.932129609, 0.495117187, -0.822753906, -0.278808594, -0.866190177, -0.442889703, -0.231023867, 0, 2, 3, 1, 
355.550197, 42, 0.1, 0.1, 0.0106460746, 0.359634747, -0.0349746727, 0.922999248, -7.74646433e-006, 0.384801752, 0.384801752, -8.06316147e-006, -0.922999248, 1.02526994e-005, 1, -4.46143892e-006, 0.922999238, -5.41438577e-006, 0.384801777, 0.384801777, -2.40690268e-006, -0.922999238, 5.92365436e-006, 1, -1.38104078e-007, 0, 0, 0, 0, 0, 0, 0, 0.305008618, -0.144642896, -0.196224438, -0.389564437, 0.613682763, -0.686661285, -0.817626953, 0.112548828, 0.564575195, 0.423701721, 0.78141726, 0.458150862, 0, 0, -0, 0, 0, 0, 0, 0.376791211, -0.0982958496, -0.163425586, 0.0666144568, 0.355861213, -0.932129609, 0.495117187, -0.822753906, -0.278808594, -0.866190177, -0.442889703, -0.231023867, 0, 2, 3, 1, 
355.550922, 42, 0.1, 0.1, 0.0106460747, 0.359634747, -0.0349740774, 0.922999313, 1.13889039e-005, 0.384801595, 0.384801595, 1.55583442e-006, -0.922999313, -1.1110638e-005, 1, -2.94643427e-006, 0.922999298, 1.19093648e-005, 0.384801633, 0.384801633, 1.26287372e-006, -0.922999298, -1.14782912e-005, 1, -3.41711146e-006, 0, 0, 0, 0, 0, 0, 0, 0.304865674, -0.143963037, -0.196138379, -0.392306409, 0.613860618, -0.684998428, -0.816894531, 0.109863281, 0.566162109, 0.422776495, 0.781759866, 0.458505451, 0, 0, -0, 0, 0, 0, 0, 0.376380713, -0.0978518066, -0.163608301, 0.0636114997, 0.356429574, -0.932065443, 0.496459961, -0.821533203, -0.280273437, -0.865646601, -0.444793849, -0.229298725, 0, 2, 3, 1, 
355.551621, 42, 0.1, 0.1, 0.0106460773, 0.359634747, -0.0349720107, 0.922999363, -3.372681e-006, 0.384801475, 0.384801475, 2.30066984e-006, -0.922999363, 2.22768127e-006, 1, 3.42132943e-006, 0.922999356, -6.63094481e-006, 0.384801492, 0.384801492, -4.70527066e-006, -0.922999356, 7.93095296e-006, 1, -1.79136433e-006, 0, 0, 0, 0, 0, 0, 0, 0.304865674, -0.143963037, -0.196138379, -0.392306409, 0.613860618, -0.684998428, -0.816894531, 0.109863281, 0.566162109, 0.422776495, 0.781759866, 0.458505451, 0, 0, -0, 0, 0, 0, 0, 0.376380713, -0.0978518066, -0.163608301, 0.0636114997, 0.356429574, -0.932065443, 0.496459961, -0.821533203, -0.280273437, -0.865646601, -0.444793849, -0.229298725, 0, 2, 3, 1, 
355.552321, 42, 0.1, 0.1, 0.0106460767, 0.359634745, -0.0349693775, 0.922999428, -6.83898824e-006, 0.38480132, 0.38480132, 1.37961201e-006, -0.922999428, 5.78150571e-006, 1, 3.9050328e-006, 0.922999418, 3.72633249e-006, 0.384801344, 0.384801344, 5.99766366e-006, -0.922999418, -5.74731176e-006, 1, 4.10194232e-006, 0, 0, 0, 0, 0, 0, 0, 0.304865674, -0.143963037, -0.196138379, -0.392306409, 0.613860618, -0.684998428, -0.816894531, 0.109863281, 0.566162109, 0.422776495, 0.781759866, 0.458505451, 0, 0, -0, 0, 0, 0, 0, 0.376380713, -0.0978518066, -0.163608301, 0.0636114997, 0.356429574, -0.932065443, 0.496459961, -0.821533203, -0.280273437, -0.865646601, -0.444793849, -0.229298725, 0, 2, 3, 1, 
355.553019, 42, 0.1, 0.1, 0.0106460786, 0.359634745, -0.0349669837, 0.922999465, 1.26322462e-005, 0.384801231, 0.384801231, 2.96776813e-006, -0.922999465, -1.28015573e-005, 1, -2.12165551e-006, 0.922999452, 5.36597188e-006, 0.384801262, 0.384801262, 6.37762259e-006, -0.922999452, -7.40690633e-006, 1, 3.82170941e-006, 0, 0, 0, 0, 0, 0, 0, 0.304865674, -0.143963037, -0.196138379, -0.392306409, 0.613860618, -0.684998428, -0.816894531, 0.109863281, 0.566162109, 0.422776495, 0.781759866, 0.458505451, 0, 0, -0, 0, 0, 0, 0, 0.376380713, -0.0978518066, -0.163608301, 0.0636114997, 0.356429574, -0.932065443, 0.496459961, -0.821533203, -0.280273437, -0.865646601, -0.444793849, -0.229298725, 0, 2, 3, 1, 
355.553712, 42, 0.1, 0.1, 0.0106460811, 0.359634745, -0.0349655235, 0.922999507, -1.11490742e-005, 0.38480113, 0.384801129, -7.60652302e-006, -0.922999507, 1.32175886e-005, 1, -2.73064067e-006, 0.922999504, -1.16072407e-005, 0.384801138, 0.384801137, -7.7677944e-006, -0.922999504, 1.37025335e-005, 1, -2.70319095e-006, 0, 0, 0, 0, 0, 0, 0, 0.304865674, -0.143963037, -0.196138379, -0.392306409, 0.613860618, -0.684998428, -0.816894531, 0.109863281, 0.566162109, 0.422776495, 0.781759866, 0.458505451, 0, 0, -0, 0, 0, 0, 0, 0.376380713, -0.0978518066, -0.163608301, 0.0636114997, 0.356429574, -0.932065443, 0.496459961, -0.821533203, -0.280273437, -0.865646601, -0.444793849, -0.229298725, 0, 2, 3, 1, 
355.554407, 42, 0.1, 0.1, 0.0106460807, 0.359634744, -0.0349653922, 0.922999554, 3.49190742e-006, 0.384801017, 0.384801017, 3.9593256e-006, -0.922999554, -4.74658151e-006, 1, 2.31076623e-006, 0.922999542, 1.21050798e-005, 0.384801046, 0.384801046, 1.14413171e-006, -0.922999542, -1.16132462e-005, 1, -3.60201432e-006, 0, 0, 0, 0, 0, 0, 0, 0.304865674, -0.143963037, -0.196138379, -0.392306409, 0.613860618, -0.684998428, -0.816894531, 0.109863281, 0.566162109, 0.422776495, 0.781759866, 0.458505451, 0, 0, -0, 0, 0, 0, 0, 0.376380713, -0.0978518066, -0.163608301, 0.0636114997, 0.356429574, -0.932065443, 0.496459961, -0.821533203, -0.280273437, -0.865646601, -0.444793849, -0.229298725, 0, 2, 3, 1, 
355.555113, 42, 0.1, 0.1, 0.0106460842, 0.359634745, -0.0349665285, 0.922999575, 5.56121566e-006, 0.384800967, 0.384800967, 3.19546329e-006, -0.922999575, -6.36261705e-006, 1, 8.09450094e-007, 0.922999568, -7.00207281e-006, 0.384800984, 0.384800984, -1.59990608e-006, -0.922999568, 7.07855562e-006, 1, 1.21769189e-006, 0, 0, 0, 0, 0, 0, 0, 0.304865674, -0.143963037, -0.196138379, -0.392306409, 0.613860618, -0.684998428, -0.816894531, 0.109863281, 0.566162109, 0.422776495, 0.781759866, 0.458505451, 0, 0, -0, 0, 0, 0, 0, 0.376380713, -0.0978518066, -0.163608301, 0.0636114997, 0.356429574, -0.932065443, 0.496459961, -0.821533203, -0.280273437, -0.865646601, -0.444793849, -0.229298725, 0, 2, 3, 1, 
355.555833, 42, 0.1, 0.1, 0.0106460853, 0.359634743, -0.0349682104, 0.922999633, -1.81174412e-005, 0.384800828, 0.384800828, 1.02404572e-005, -0.922999633, 1.27818552e-005, 1, 1.64235446e-005, 0.922999623, -1.1026343e-005, 0.384800853, 0.384800853, 8.1593746e-006, -0.922999623, 7.0375761e-006, 1, 1.17740459e-005, 0, 0, 0, 0, 0, 0, 0, 0.304757886, -0.143733691, -0.195845312, -0.394413343, 0.613981186, -0.683633994, -0.815917969, 0.108154297, 0.567871094, 0.422739425, 0.78174077, 0.458536529, 0, 0, -0, 0, 0, 0, 0, 0.375996826, -0.0973962891, -0.1635729, 0.0609599876, 0.357279019, -0.931962998, 0.498046875, -0.819946289, -0.281738281, -0.864943345, -0.447036681, -0.227937788, 0, 2, 3, 1, 
355.556531, 42, 0.1, 0.1, 0.0106460867, 0.359634743, -0.0349700187, 0.922999678, 1.13056397e-005, 0.384800721, 0.384800721, -8.09023733e-006, -0.922999678, -7.32197266e-006, 1, -1.18177048e-005, 0.922999669, 1.1520775e-005, 0.384800742, 0.384800742, -7.17351388e-006, -0.922999669, -7.87329806e-006, 1, -1.10543537e-005, 0, 0, 0, 0, 0, 0, 0, 0.304757886, -0.143733691, -0.195845312, -0.394413343, 0.613981186, -0.683633994, -0.815917969, 0.108154297, 0.567871094, 0.422739425, 0.78174077, 0.458536529, 0, 0, -0, 0, 0, 0, 0, 0.375996826, -0.0973962891, -0.1635729, 0.0609599876, 0.357279019, -0.931962998, 0.498046875, -0.819946289, -0.281738281, -0.864943345, -0.447036681, -0.227937788, 0, 2, 3, 1, 
355.557226, 42, 0.1, 0.1, 0.0106460909, 0.359634743, -0.0349716141, 0.922999722, -7.11608275e-006, 0.384800614, 0.384800614, -2.2625651e-006, -0.922999722, 7.43877884e-006, 1, 6.49926055e-007, 0.922999713, -1.47044843e-005, 0.384800635, 0.384800635, 7.32305084e-007, -0.922999714, 1.32904434e-005, 1, 6.33421229e-006, 0, 0, 0, 0, 0, 0, 0, 0.304757886, -0.143733691, -0.195845312, -0.394413343, 0.613981186, -0.683633994, -0.815917969, 0.108154297, 0.567871094, 0.422739425, 0.78174077, 0.458536529, 0, 0, -0, 0, 0, 0, 0, 0.375996826, -0.0973962891, -0.1635729, 0.0609599876, 0.357279019, -0.931962998, 0.498046875, -0.819946289, -0.281738281, -0.864943345, -0.447036681, -0.227937788, 0, 2, 3, 1, 
355.55792, 42, 0.1, 0.1, 0.0106460895, 0.359634745, -0.0349725173, 0.922999759, -4.40536606e-006, 0.384800525, 0.384800525, -4.47578438e-008, -0.922999759, 4.08337466e-006, 1, 1.6538757e-006, 0.922999753, 7.92980264e-006, 0.38480054, 0.38480054, -6.16052516e-006, -0.922999753, -4.94863247e-006, 1, -8.73755554e-006, 0, 0, 0, 0, 0, 0, 0, 0.304757886, -0.143733691, -0.195845312, -0.394413343, 0.613981186, -0.683633994, -0.815917969, 0.108154297, 0.567871094, 0.422739425, 0.78174077, 0.458536529, 0, 0, -0, 0, 0, 0, 0, 0.375996826, -0.0973962891, -0.1635729, 0.0609599876, 0.357279019, -0.931962998, 0.498046875, -0.819946289, -0.281738281, -0.864943345, -0.447036681, -0.227937788, 0, 2, 3, 1, 
355.558632, 42, 0.1, 0.1, 0.0106460901, 0.359634745, -0.0349723867, 0.922999797, 1.86348536e-005, 0.384800436, 0.384800436, -4.59298382e-006, -0.922999797, -1.54325839e-005, 1, -1.14100229e-005, 0.922999789, 1.23465985e-005, 0.384800453, 0.384800453, -2.66070891e-006, -0.92299979, -1.03720658e-005, 1, -7.20681045e-006, 0, 0, 0, 0, 0, 0, 0, 0.304757886, -0.143733691, -0.195845312, -0.394413343, 0.613981186, -0.683633994, -0.815917969, 0.108154297, 0.567871094, 0.422739425, 0.78174077, 0.458536529, 0, 0, -0, 0, 0, 0, 0, 0.375983887, -0.0971337402, -0.163333301, 0.060506464, 0.358269188, -0.931534994, 0.499511719, -0.818847656, -0.282470703, -0.864131813, -0.448282779, -0.228506516, 0, 2, 3, 1, 
355.559332, 42, 0.1, 0.1, 0.0106460908, 0.359634743, -0.0349713862, 0.92299983, -9.07800951e-006, 0.384800355, 0.384800355, 6.48083507e-006, -0.92299983, 5.8851736e-006, 1, 9.47503096e-006, 0.922999824, -9.35405165e-006, 0.38480037, 0.38480037, 6.99066525e-006, -0.922999824, 5.94377744e-006, 1, 1.00518253e-005, 0, 0, 0, 0, 0, 0, 0, 0.304757886, -0.143733691, -0.195845312, -0.394413343, 0.613981186, -0.683633994, -0.815917969, 0.108154297, 0.567871094, 0.422739425, 0.78174077, 0.458536529, 0, 0, -0, 0, 0, 0, 0, 0.375983887, -0.0971337402, -0.163333301, 0.060506464, 0.358269188, -0.931534994, 0.499511719, -0.818847656, -0.282470703, -0.864131813, -0.448282779, -0.228506516, 0, 2, 3, 1, 
355.560027, 42, 0.1, 0.1, 0.0106460886, 0.359634744, -0.0349699184, 0.922999859, 7.63911974e-006, 0.384800287, 0.384800287, -3.88544763e-006, -0.922999859, -5.55578508e-006, 1, -6.52580308e-006, 0.922999853, 1.59707547e-005, 0.384800301, 0.384800302, -6.63957259e-006, -0.922999853, -1.21860947e-005, 1, -1.22738757e-005, 0, 0, 0, 0, 0, 0, 0, 0.304757886, -0.143733691, -0.195845312, -0.394413343, 0.613981186, -0.683633994, -0.815917969, 0.108154297, 0.567871094, 0.422739425, 0.78174077, 0.458536529, 0, 0, -0, 0, 0, 0, 0, 0.375983887, -0.0971337402, -0.163333301, 0.060506464, 0.358269188, -0.931534994, 0.499511719, -0.818847656, -0.282470703, -0.864131813, -0.448282779, -0.228506516, 0, 2, 3, 1, 
355.560735, 42, 0.1, 0.1, 0.0106460926, 0.359634743, -0.0349683206, 0.922999888, 7.89303711e-006, 0.384800216, 0.384800216, -4.69496633e-006, -0.922999888, -5.47864831e-006, 1, -7.37069579e-006, 0.922999883, -6.75030826e-006, 0.384800229, 0.384800229, 1.12091586e-006, -0.922999883, 5.79920505e-006, 1, 3.63212537e-006, 0, 0, 0, 0, 0, 0, 0, 0.304739575, -0.143699756, -0.195578735, -0.394775046, 0.614666398, -0.68281511, -0.815673828, 0.107543945, 0.568481445, 0.422796713, 0.781385059, 0.459024791, 0, 0, -0, 0, 0, 0, 0, 0.375983887, -0.0971337402, -0.163333301, 0.060506464, 0.358269188, -0.931534994, 0.499511719, -0.818847656, -0.282470703, -0.864131813, -0.448282779, -0.228506516, 0, 2, 3, 1, 
355.561434, 42, 0.1, 0.1, 0.0106460933, 0.359634743, -0.0349671323, 0.922999911, -1.71776487e-005, 0.384800161, 0.384800161, 8.35773654e-006, -0.922999911, 1.26389099e-005, 1, 1.43241521e-005, 0.922999907, -9.72629988e-006, 0.384800171, 0.384800171, 4.84668447e-006, -0.922999907, 7.11236887e-006, 1, 8.21617117e-006, 0, 0, 0, 0, 0, 0, 0, 0.304739575, -0.143699756, -0.195578735, -0.394775046, 0.614666398, -0.68281511, -0.815673828, 0.107543945, 0.568481445, 0.422796713, 0.781385059, 0.459024791, 0, 0, -0, 0, 0, 0, 0, 0.375983887, -0.0971337402, -0.163333301, 0.060506464, 0.358269188, -0.931534994, 0.499511719, -0.818847656, -0.282470703, -0.864131813, -0.448282779, -0.228506516, 0, 2, 3, 1, 
355.562133, 42, 0.1, 0.1, 0.0106460939, 0.359634743, -0.034966742, 0.922999931, 1.32863827e-005, 0.384800113, 0.384800113, -5.2420979e-006, -0.922999931, -1.02461705e-005, 1, -9.95105758e-006, 0.922999927, 1.41586744e-005, 0.384800123, 0.384800123, -5.05987481e-006, -0.922999927, -1.1121415e-005, 1, -1.01185237e-005, 0, 0, 0, 0, 0, 0, 0, 0.304739575, -0.143699756, -0.195578735, -0.394775046, 0.614666398, -0.68281511, -0.815673828, 0.107543945, 0.568481445, 0.422796713, 0.781385059, 0.459024791, 0, 0, -0, 0, 0, 0, 0, 0.375983887, -0.0971337402, -0.163333301, 0.060506464, 0.358269188, -0.931534994, 0.499511719, -0.818847656, -0.282470703, -0.864131813, -0.448282779, -0.228506516, 0, 2, 3, 1, 
355.56283, 42, 0.1, 0.1, 0.010646099, 0.359634741, -0.0349671429, 0.922999953, -1.06292589e-005, 0.38480006, 0.38480006, 2.99019472e-006, -0.922999953, 8.66017835e-006, 1, 6.85008905e-006, 0.922999949, -1.89911309e-005, 0.38480007, 0.384800071, 6.23434876e-006, -0.922999949, 1.5129835e-005, 1, 1.30620921e-005, 0, 0, 0, 0, 0, 0, 0, 0.304739575, -0.143699756, -0.195578735, -0.394775046, 0.614666398, -0.68281511, -0.815673828, 0.107543945, 0.568481445, 0.422796713, 0.781385059, 0.459024791, 0, 0, -0, 0, 0, 0, 0, 0.375983887, -0.0971337402, -0.163333301, 0.060506464, 0.358269188, -0.931534994, 0.499511719, -0.818847656, -0.282470703, -0.864131813, -0.448282779, -0.228506516, 0, 2, 3, 1, 
355.563556, 42, 0.1, 0.1, 0.010646098, 0.359634742, -0.0349680341, 0.922999972, -9.23356587e-006, 0.384800015, 0.384800015, 4.58269694e-006, -0.922999972, 6.75915918e-006, 1, 7.78290544e-006, 0.922999969, 5.67560236e-006, 0.384800022, 0.384800022, -1.84554839e-006, -0.922999969, -4.52841374e-006, 1, -3.88741302e-006, 0, 0, 0, 0, 0, 0, 0, 0.304502051, -0.143671924, -0.195097705, -0.39507946, 0.615231043, -0.682154985, -0.815307617, 0.107299805, 0.568969727, 0.423215703, 0.781048445, 0.459291013, 0, 0, -0, 0, 0, 0, 0, 0.375994141, -0.0971125, -0.162887061, 0.0604299051, 0.358844113, -0.931349793, 0.500610352, -0.818115234, -0.282714844, -0.863403403, -0.449081551, -0.229100765, 0, 2, 3, 1, 
355.564252, 42, 0.1, 0.1, 0.0106461004, 0.359634741, -0.0349691635, 0.922999986, 1.44283976e-005, 0.384799982, 0.384799983, -6.27905396e-006, -0.922999986, -1.09012309e-005, 1, -1.13476138e-005, 0.922999983, 7.34905065e-006, 0.384799989, 0.384799989, -3.04134671e-006, -0.922999983, -5.61286345e-006, 1, -5.63507757e-006, 0, 0, 0, 0, 0, 0, 0, 0.304502051, -0.143671924, -0.195097705, -0.39507946, 0.615231043, -0.682154985, -0.815307617, 0.107299805, 0.568969727, 0.423215703, 0.781048445, 0.459291013, 0, 0, -0, 0, 0, 0, 0, 0.375994141, -0.0971125, -0.162887061, 0.0604299051, 0.358844113, -0.931349793, 0.500610352, -0.818115234, -0.282714844, -0.863403403, -0.449081551, -0.229100765, 0, 2, 3, 1, 
355.564941, 42, 0.1, 0.1, 0.0106461023, 0.359634741, -0.0349703603, 0.922999997, -1.26534186e-005, 0.384799954, 0.384799954, 5.46232326e-006, -0.922999997, 9.57720362e-006, 1, 9.91075927e-006, 0.922999995, -1.32579565e-005, 0.38479996, 0.38479996, 5.62116022e-006, -0.922999995, 1.00740715e-005, 1, 1.0289992e-005, 0, 0, 0, 0, 0, 0, 0, 0.304502051, -0.143671924, -0.195097705, -0.39507946, 0.615231043, -0.682154985, -0.815307617, 0.107299805, 0.568969727, 0.423215703, 0.781048445, 0.459291013, 0, 0, -0, 0, 0, 0, 0, 0.375994141, -0.0971125, -0.162887061, 0.0604299051, 0.358844113, -0.931349793, 0.500610352, -0.818115234, -0.282714844, -0.863403403, -0.449081551, -0.229100765, 0, 2, 3, 1, 
355.565645, 42, 0.1, 0.1, 0.0106461004, 0.359634742, -0.034971183, 0.923000008, 8.69329418e-006, 0.384799929, 0.384799929, -3.3936162e-006, -0.923000008, -6.71804732e-006, 1, -6.47748676e-006, 0.923000006, 1.57508326e-005, 0.384799934, 0.384799934, -6.28382527e-006, -0.923000006, -1.2120003e-005, 1, -1.18608901e-005, 0, 0, 0, 0, 0, 0, 0, 0.304502051, -0.143671924, -0.195097705, -0.39507946, 0.615231043, -0.682154985, -0.815307617, 0.107299805, 0.568969727, 0.423215703, 0.781048445, 0.459291013, 0, 0, -0, 0, 0, 0, 0, 0.375994141, -0.0971125, -0.162887061, 0.0604299051, 0.358844113, -0.931349793, 0.500610352, -0.818115234, -0.282714844, -0.863403403, -0.449081551, -0.229100765, 0, 2, 3, 1, 
355.56634, 42, 0.1, 0.1, 0.0106461032, 0.359634741, -0.0349715217, 0.923000017, 9.25839407e-006, 0.384799908, 0.384799908, -3.67799868e-006, -0.923000017, -7.13020433e-006, 1, -6.95742202e-006, 0.923000015, -4.13011594e-006, 0.384799912, 0.384799912, 1.64651435e-006, -0.923000015, 3.17851849e-006, 1, 3.10900102e-006, 0, 0, 0, 0, 0, 0, 0, 0.304502051, -0.143671924, -0.195097705, -0.39507946, 0.615231043, -0.682154985, -0.815307617, 0.107299805, 0.568969727, 0.423215703, 0.781048445, 0.459291013, 0, 0, -0, 0, 0, 0, 0, 0.375994141, -0.0971125, -0.162887061, 0.0604299051, 0.358844113, -0.931349793, 0.500610352, -0.818115234, -0.282714844, -0.863403403, -0.449081551, -0.229100765, 0, 2, 3, 1, 
355.56704, 42, 0.1, 0.1, 0.010646103, 0.359634741, -0.0349712589, 0.923000026, -1.29811673e-005, 0.384799886, 0.384799886, 5.32317986e-006, -0.923000026, 9.93325877e-006, 1, 9.90844686e-006, 0.923000024, -6.3232082e-006, 0.38479989, 0.38479989, 2.5621019e-006, -0.923000024, 4.85042479e-006, 1, 4.79798993e-006, 0, 0, 0, 0, 0, 0, 0, 0.304502051, -0.143671924, -0.195097705, -0.39507946, 0.615231043, -0.682154985, -0.815307617, 0.107299805, 0.568969727, 0.423215703, 0.781048445, 0.459291013, 0, 0, -0, 0, 0, 0, 0, 0.375994141, -0.0971125, -0.162887061, 0.0604299051, 0.358844113, -0.931349793, 0.500610352, -0.818115234, -0.282714844, -0.863403403, -0.449081551, -0.229100765, 0, 2, 3, 1, 
355.567743, 42, 0.1, 0.1, 0.0106461028, 0.359634741, -0.0349703957, 0.923000035, 1.41809771e-005, 0.384799865, 0.384799865, -5.82780355e-006, -0.923000035, -1.08465044e-005, 1, -1.0835901e-005, 0.923000033, 1.5017668e-005, 0.384799869, 0.384799869, -6.21030824e-006, -0.923000033, -1.14715822e-005, 1, -1.15109114e-005, 0, 0, 0, 0, 0, 0, 0, 0.304502051, -0.143671924, -0.195097705, -0.39507946, 0.615231043, -0.682154985, -0.815307617, 0.107299805, 0.568969727, 0.423215703, 0.781048445, 0.459291013, 0, 0, -0, 0, 0, 0, 0, 0.375994141, -0.0971125, -0.162887061, 0.0604299051, 0.358844113, -0.931349793, 0.500610352, -0.818115234, -0.282714844, -0.863403403, -0.449081551, -0.229100765, 0, 2, 3, 1, 
355.568465, 42, 0.1, 0.1, 0.010646107, 0.35963474, -0.034969143, 0.923000044, -7.45345476e-006, 0.384799843, 0.384799843, 3.26379509e-006, -0.923000044, 5.62363123e-006, 1, 5.88057123e-006, 0.923000042, -1.52266491e-005, 0.384799847, 0.384799847, 6.4110138e-006, -0.923000042, 1.15872406e-005, 1, 1.17765783e-005, 0, 0, 0, 0, 0, 0, 0, 0.304262451, -0.144091919, -0.194842603, -0.395447154, 0.615776593, -0.681533052, -0.814697266, 0.107299805, 0.569702148, 0.424015492, 0.780591262, 0.4593161, 0, 0, -0, 0, 0, 0, 0, 0.375969482, -0.0971212891, -0.162440576, 0.0598804996, 0.359093113, -0.931349793, 0.501708984, -0.817382813, -0.282958984, -0.862847435, -0.450282808, -0.229100765, 0, 2, 3, 1, 
355.569161, 42, 0.1, 0.1, 0.0106461061, 0.35963474, -0.0349679965, 0.923000053, -1.04263977e-005, 0.384799821, 0.384799821, 4.10121898e-006, -0.923000053, 8.04541734e-006, 1, 7.79750132e-006, 0.923000051, 5.40281036e-006, 0.384799826, 0.384799826, -2.35001888e-006, -0.923000051, -4.08250738e-006, 1, -4.24806803e-006, 0, 0, 0, 0, 0, 0, 0, 0.304262451, -0.144091919, -0.194842603, -0.395447154, 0.615776593, -0.681533052, -0.814697266, 0.107299805, 0.569702148, 0.424015492, 0.780591262, 0.4593161, 0, 0, -0, 0, 0, 0, 0, 0.375969482, -0.0971212891, -0.162440576, 0.0598804996, 0.359093113, -0.931349793, 0.501708984, -0.817382813, -0.282958984, -0.862847435, -0.450282808, -0.229100765, 0, 2, 3, 1, 
355.569855, 42, 0.1, 0.1, 0.0106461087, 0.359634739, -0.034967397, 0.923000062, 1.42897033e-005, 0.384799799, 0.384799799, -5.75717998e-006, -0.923000062, -1.09740353e-005, 1, -1.08125524e-005, 0.92300006, 6.95393505e-006, 0.384799803, 0.384799803, -2.5912649e-006, -0.92300006, -5.42136425e-006, 1, -5.0676105e-006, 0, 0, 0, 0, 0, 0, 0, 0.304262451, -0.144091919, -0.194842603, -0.395447154, 0.615776593, -0.681533052, -0.814697266, 0.107299805, 0.569702148, 0.424015492, 0.780591262, 0.4593161, 0, 0, -0, 0, 0, 0, 0, 0.375969482, -0.0971212891, -0.162440576, 0.0598804996, 0.359093113, -0.931349793, 0.501708984, -0.817382813, -0.282958984, -0.862847435, -0.450282808, -0.229100765, 0, 2, 3, 1, 
355.570551, 42, 0.1, 0.1, 0.0106461114, 0.359634738, -0.0349674542, 0.923000072, -1.64739326e-005, 0.384799774, 0.384799774, 6.80379729e-006, -0.923000072, 1.25873414e-005, 1, 1.2619071e-005, 0.92300007, -1.72637183e-005, 0.384799779, 0.384799779, 6.78975836e-006, -0.92300007, 1.33217157e-005, 1, 1.29100224e-005, 0, 0, 0, 0, 0, 0, 0, 0.304262451, -0.144091919, -0.194842603, -0.395447154, 0.615776593, -0.681533052, -0.814697266, 0.107299805, 0.569702148, 0.424015492, 0.780591262, 0.4593161, 0, 0, -0, 0, 0, 0, 0, 0.375969482, -0.0971212891, -0.162440576, 0.0598804996, 0.359093113, -0.931349793, 0.501708984, -0.817382813, -0.282958984, -0.862847435, -0.450282808, -0.229100765, 0, 2, 3, 1, 
355.571292, 42, 0.1, 0.1, 0.0106461094, 0.359634739, -0.03496786, 0.923000084, 7.77310598e-006, 0.384799747, 0.384799747, -3.28086297e-006, -0.923000084, -5.91210223e-006, 1, -6.01932601e-006, 0.923000082, 1.59903916e-005, 0.384799752, 0.384799752, -6.52080071e-006, -0.923000082, -1.22499302e-005, 1, -1.21717983e-005, 0, 0, 0, 0, 0, 0, 0, 0.304262451, -0.144091919, -0.194842603, -0.395447154, 0.615776593, -0.681533052, -0.814697266, 0.107299805, 0.569702148, 0.424015492, 0.780591262, 0.4593161, 0, 0, -0, 0, 0, 0, 0, 0.376188086, -0.0973899414, -0.162219043, 0.0595483776, 0.358882026, -0.931337033, 0.503173828, -0.81652832, -0.282470703, -0.862023143, -0.451777906, -0.229222166, 0, 2, 3, 1, 
355.57199, 42, 0.1, 0.1, 0.0106461129, 0.359634738, -0.0349684395, 0.923000094, 9.02110807e-006, 0.384799722, 0.384799722, -3.35524849e-006, -0.923000094, -7.03538492e-006, 1, -6.56821455e-006, 0.923000092, -6.08981196e-006, 0.384799727, 0.384799727, 2.87703829e-006, -0.923000092, 4.51381345e-006, 1, 4.99886459e-006, 0, 0, 0, 0, 0, 0, 0, 0.304262451, -0.144091919, -0.194842603, -0.395447154, 0.615776593, -0.681533052, -0.814697266, 0.107299805, 0.569702148, 0.424015492, 0.780591262, 0.4593161, 0, 0, -0, 0, 0, 0, 0, 0.376188086, -0.0973899414, -0.162219043, 0.0595483776, 0.358882026, -0.931337033, 0.503173828, -0.81652832, -0.282470703, -0.862023143, -0.451777906, -0.229222166, 0, 2, 3, 1, 
355.572691, 42, 0.1, 0.1, 0.0106461124, 0.359634739, -0.0349692211, 0.923000105, -1.33175731e-005, 0.384799695, 0.384799695, 5.26219675e-006, -0.923000106, 1.02672297e-005, 1, 9.98160624e-006, 0.923000103, -6.38460064e-006, 0.3847997, 0.3847997, 2.32072901e-006, -0.923000103, 4.99997122e-006, 1, 4.59882552e-006, 0, 0, 0, 0, 0, 0, 0, 0.304262451, -0.144091919, -0.194842603, -0.395447154, 0.615776593, -0.681533052, -0.814697266, 0.107299805, 0.569702148, 0.424015492, 0.780591262, 0.4593161, 0, 0, -0, 0, 0, 0, 0, 0.376188086, -0.0973899414, -0.162219043, 0.0595483776, 0.358882026, -0.931337033, 0.503173828, -0.81652832, -0.282470703, -0.862023143, -0.451777906, -0.229222166, 0, 2, 3, 1, 
355.573399, 42, 0.1, 0.1, 0.0106461118, 0.359634739, -0.0349699464, 0.923000117, 1.55102351e-005, 0.384799666, 0.384799666, -6.69453563e-006, -0.923000117, -1.17398938e-005, 1, -1.21473905e-005, 0.923000115, 1.62720854e-005, 0.384799672, 0.384799672, -6.65481392e-006, -0.923000115, -1.24583665e-005, 1, -1.24038871e-005, 0, 0, 0, 0, 0, 0, 0, 0.304455176, -0.144549268, -0.194609839, -0.396049991, 0.615554554, -0.681330109, -0.814331055, 0.107177734, 0.5703125, 0.424110972, 0.780750022, 0.459036773, 0, 0, -0, 0, 0, 0, 0, 0.376188086, -0.0973899414, -0.162219043, 0.0595483776, 0.358882026, -0.931337033, 0.503173828, -0.81652832, -0.282470703, -0.862023143, -0.451777906, -0.229222166, 0, 2, 3, 1, 
355.574096, 42, 0.1, 0.1, 0.010646115, 0.359634738, -0.0349704898, 0.92300013, -5.57215098e-006, 0.384799637, 0.384799637, 2.72447756e-006, -0.92300013, 4.0947181e-006, 1, 4.65885482e-006, 0.923000127, -1.30760372e-005, 0.384799643, 0.384799643, 5.33891673e-006, -0.923000127, 1.00147707e-005, 1, 9.95947526e-006, 0, 0, 0, 0, 0, 0, 0, 0.304455176, -0.144549268, -0.194609839, -0.396049991, 0.615554554, -0.681330109, -0.814331055, 0.107177734, 0.5703125, 0.424110972, 0.780750022, 0.459036773, 0, 0, -0, 0, 0, 0, 0, 0.376188086, -0.0973899414, -0.162219043, 0.0595483776, 0.358882026, -0.931337033, 0.503173828, -0.81652832, -0.282470703, -0.862023143, -0.451777906, -0.229222166, 0, 2, 3, 1, 
355.574791, 42, 0.1, 0.1, 0.0106461135, 0.359634738, -0.0349707328, 0.923000143, -7.70592385e-006, 0.384799605, 0.384799605, 3.60121987e-006, -0.923000143, 5.72682083e-006, 1, 6.28916291e-006, 0.92300014, 6.64090014e-006, 0.384799611, 0.384799611, -1.98177992e-006, -0.92300014, -5.36696362e-006, 1, -4.38459894e-006, 0, 0, 0, 0, 0, 0, 0, 0.304455176, -0.144549268, -0.194609839, -0.396049991, 0.615554554, -0.681330109, -0.814331055, 0.107177734, 0.5703125, 0.424110972, 0.780750022, 0.459036773, 0, 0, -0, 0, 0, 0, 0, 0.376188086, -0.0973899414, -0.162219043, 0.0595483776, 0.358882026, -0.931337033, 0.503173828, -0.81652832, -0.282470703, -0.862023143, -0.451777906, -0.229222166, 0, 2, 3, 1, 
355.575503, 42, 0.1, 0.1, 0.0106461155, 0.359634738, -0.0349705169, 0.923000155, 1.44164988e-005, 0.384799576, 0.384799576, -5.72420314e-006, -0.923000155, -1.11037596e-005, 1, -1.0830903e-005, 0.923000153, 7.85534247e-006, 0.384799581, 0.384799581, -3.25816343e-006, -0.923000153, -5.99674237e-006, 1, -6.03001784e-006, 0, 0, 0, 0, 0, 0, 0, 0.30460249, -0.144738574, -0.194527197, -0.397534992, 0.616239766, -0.679749628, -0.813598633, 0.10559082, 0.571655273, 0.424098989, 0.780394311, 0.459651593, 0, 0, -0, 0, 0, 0, 0, 0.376188086, -0.0973899414, -0.162219043, 0.0595483776, 0.358882026, -0.931337033, 0.503173828, -0.81652832, -0.282470703, -0.862023143, -0.451777906, -0.229222166, 0, 2, 3, 1, 
355.576217, 42, 0.1, 0.1, 0.0106461179, 0.359634737, -0.0349697102, 0.923000166, -1.53247413e-005, 0.38479955, 0.38479955, 6.10871343e-006, -0.923000166, 1.17941086e-005, 1, 1.15352971e-005, 0.923000164, -1.5878273e-005, 0.384799555, 0.384799555, 6.21617019e-006, -0.923000164, 1.22636691e-005, 1, 1.18474785e-005, 0, 0, 0, 0, 0, 0, 0, 0.30460249, -0.144738574, -0.194527197, -0.397534992, 0.616239766, -0.679749628, -0.813598633, 0.10559082, 0.571655273, 0.424098989, 0.780394311, 0.459651593, 0, 0, -0, 0, 0, 0, 0, 0.376317334, -0.0971395996, -0.161970898, 0.0576828776, 0.360146715, -0.930972829, 0.505737305, -0.814575195, -0.283813477, -0.86062356, -0.454468064, -0.229183887, 0, 2, 3, 1, 
355.576925, 42, 0.1, 0.1, 0.0106461165, 0.359634738, -0.0349688288, 0.923000177, 5.48067895e-006, 0.384799522, 0.384799522, -2.22804858e-006, -0.923000177, -4.20131561e-006, 1, -4.16545187e-006, 0.923000175, 1.37403151e-005, 0.384799528, 0.384799528, -5.3127322e-006, -0.923000175, -1.06379764e-005, 1, -1.01909195e-005, 0, 0, 0, 0, 0, 0, 0, 0.30460249, -0.144738574, -0.194527197, -0.397534992, 0.616239766, -0.679749628, -0.813598633, 0.10559082, 0.571655273, 0.424098989, 0.780394311, 0.459651593, 0, 0, -0, 0, 0, 0, 0, 0.376317334, -0.0971395996, -0.161970898, 0.0576828776, 0.360146715, -0.930972829, 0.505737305, -0.814575195, -0.283813477, -0.86062356, -0.454468064, -0.229183887, 0, 2, 3, 1, 
355.577621, 42, 0.1, 0.1, 0.0106461207, 0.359634736, -0.0349681417, 0.923000189, 6.71590211e-006, 0.384799494, 0.384799494, -2.57831405e-006, -0.923000189, -5.20664498e-006, 1, -4.96406009e-006, 0.923000187, -8.63524831e-006, 0.3847995, 0.3847995, 3.33549654e-006, -0.923000187, 6.6868384e-006, 1, 6.40150316e-006, 0, 0, 0, 0, 0, 0, 0, 0.30460249, -0.144738574, -0.194527197, -0.397534992, 0.616239766, -0.679749628, -0.813598633, 0.10559082, 0.571655273, 0.424098989, 0.780394311, 0.459651593, 0, 0, -0, 0, 0, 0, 0, 0.376317334, -0.0971395996, -0.161970898, 0.0576828776, 0.360146715, -0.930972829, 0.505737305, -0.814575195, -0.283813477, -0.86062356, -0.454468064, -0.229183887, 0, 2, 3, 1, 
355.578317, 42, 0.1, 0.1, 0.0106461211, 0.359634736, -0.0349679439, 0.923000201, -1.65854654e-005, 0.384799466, 0.384799466, 6.68934855e-006, -0.923000201, 1.27343301e-005, 1, 1.25563483e-005, 0.923000199, -9.36443927e-006, 0.384799471, 0.384799471, 4.05599213e-006, -0.923000199, 7.08263568e-006, 1, 7.34711282e-006, 0, 0, 0, 0, 0, 0, 0, 0.30460249, -0.144738574, -0.194527197, -0.397534992, 0.616239766, -0.679749628, -0.813598633, 0.10559082, 0.571655273, 0.424098989, 0.780394311, 0.459651593, 0, 0, -0, 0, 0, 0, 0, 0.376317334, -0.0971395996, -0.161970898, 0.0576828776, 0.360146715, -0.930972829, 0.505737305, -0.814575195, -0.283813477, -0.86062356, -0.454468064, -0.229183887, 0, 2, 3, 1, 
355.579019, 42, 0.1, 0.1, 0.0106461211, 0.359634736, -0.0349682038, 0.923000211, 1.498789e-005, 0.384799441, 0.384799441, -5.99421576e-006, -0.923000211, -1.15272548e-005, 1, -1.12999941e-005, 0.923000209, 1.54094742e-005, 0.384799446, 0.384799446, -6.05882147e-006, -0.923000209, -1.18915168e-005, 1, -1.15218506e-005, 0, 0, 0, 0, 0, 0, 0, 0.30460249, -0.144738574, -0.194527197, -0.397534992, 0.616239766, -0.679749628, -0.813598633, 0.10559082, 0.571655273, 0.424098989, 0.780394311, 0.459651593, 0, 0, -0, 0, 0, 0, 0, 0.376317334, -0.0971395996, -0.161970898, 0.0576828776, 0.360146715, -0.930972829, 0.505737305, -0.814575195, -0.283813477, -0.86062356, -0.454468064, -0.229183887, 0, 2, 3, 1, 
355.579716, 42, 0.1, 0.1, 0.0106461246, 0.359634735, -0.0349688079, 0.923000222, -6.4541557e-006, 0.384799415, 0.384799415, 2.7127885e-006, -0.923000222, 4.91330771e-006, 1, 4.98745973e-006, 0.92300022, -1.44804631e-005, 0.38479942, 0.38479942, 5.66934804e-006, -0.92300022, 1.11839088e-005, 1, 1.08048833e-005, 0, 0, 0, 0, 0, 0, 0, 0.30460249, -0.144738574, -0.194527197, -0.397534992, 0.616239766, -0.679749628, -0.813598633, 0.10559082, 0.571655273, 0.424098989, 0.780394311, 0.459651593, 0, 0, -0, 0, 0, 0, 0, 0.376317334, -0.0971395996, -0.161970898, 0.0576828776, 0.360146715, -0.930972829, 0.505737305, -0.814575195, -0.283813477, -0.86062356, -0.454468064, -0.229183887, 0, 2, 3, 1, 
355.580444, 42, 0.1, 0.1, 0.0106461228, 0.359634736, -0.0349694243, 0.923000235, -8.19953116e-006, 0.384799385, 0.384799385, 3.04253861e-006, -0.923000235, 6.3974022e-006, 1, 5.9634384e-006, 0.923000232, 7.61945228e-006, 0.384799392, 0.384799392, -3.22941159e-006, -0.923000232, -5.79008061e-006, 1, -5.91270825e-006, 0, 0, 0, 0, 0, 0, 0, 0.304323462, -0.145594189, -0.194459326, -0.398733553, 0.617007354, -0.678379203, -0.812133789, 0.105957031, 0.573730469, 0.425895518, 0.779778369, 0.458940171, 0, 0, -0, 0, 0, 0, 0, 0.376317334, -0.0971395996, -0.161970898, 0.0560791371, 0.360466077, -0.931087667, 0.506103516, -0.813964844, -0.284667969, -0.860546634, -0.455170954, -0.228091272, 0, 2, 3, 1, 
