time, trialNum, realDorsalTactorPos, realVentralTactorPos, boxPosX, boxPosY, boxPosZ, boxLocalRot_11, boxLocalRot_12, boxLocalRot_13, boxLocalRot_21, boxLocalRot_22, boxLocalRot_23, boxLocalRot_31, boxLocalRot_32, boxLocalRot_33, boxGlobalRot_11, boxGlobalRot_12, boxGlobalRot_13, boxGlobalRot_21, boxGlobalRot_22, boxGlobalRot_23, boxGlobalRot_31, boxGlobalRot_32, boxGlobalRot_33, indexForceX, indexForceY, indexForceZ, indexForceGlobalX, indexForceGlobalY, indexForceGlobalZ, indexContact, indexPosX, indexPosY, indexPosZ, indexRot_11, indexRot_12, indexRot_13, indexRot_21, indexRot_22, indexRot_23, indexRot_31, indexRot_32, indexRot_33, thumbForceX, thumbForceY, thumbForceZ, thumbForceGlobalX, thumbForceGlobalY, thumbForceGlobalZ, thumbContact, thumbPosX, thumbPosY, thumbPosZ, thumbRot_11, thumbRot_12, thumbRot_13, thumbRot_21, thumbRot_22, thumbRot_23, thumbRot_31, thumbRot_32, thumbRot_33, manipForceTooHigh, cceExpType, mapping, trialSuccess, 
489.524606, 51, 0.1, 0.1, 0.0279945561, 0.358058726, -0.0349731095, 0.980215114, -5.02977189e-007, 0.197935167, 0.197935167, 4.40438588e-006, -0.980215114, -3.78757013e-007, 1, 4.41680249e-006, 0.980215115, 1.10738544e-006, 0.197935164, 0.197935163, 1.75337148e-005, -0.980215115, -4.55601465e-006, 1, 1.69676218e-005, 0, 0, 0, 0, 0, 0, 0, 0.35779165, -0.182395703, -0.162434229, -0.402122419, 0.480840254, -0.779166048, -0.887084961, 0.00598144531, 0.461425781, 0.226584104, 0.876736199, 0.424230547, 0, 0, -0, 0, 0, 0, 0, 0.423664893, -0.127281787, -0.130214404, 0.112066797, 0.304011401, -0.94594717, 0.53112793, -0.822875977, -0.201538086, -0.839687484, -0.479761472, -0.25371064, 0, 2, 3, 1, 
489.572182, 51, 0.1, 0.1, 0.0279945831, 0.358058763, -0.0349682841, 0.980211516, -1.79591154e-005, 0.197952982, 0.197952982, 2.32357331e-005, -0.980211516, 1.30041491e-005, 1, 2.63309936e-005, 0.98021154, -2.13484017e-005, 0.197952866, 0.197952866, 2.4391625e-005, -0.980211539, 1.60975576e-005, 0.999999999, 2.81349296e-005, 0, 0, 0, 0, 0, 0, 0, 0.361271021, -0.183303003, -0.158215308, -0.419412588, 0.471551693, -0.775672219, -0.886962891, -0.0311279297, 0.460693359, 0.193110161, 0.881297161, 0.43146347, 0, 0, -0, 0, 0, 0, 0, 0.424962793, -0.125352246, -0.125812891, 0.0984731167, 0.322344474, -0.941456411, 0.563476562, -0.797729492, -0.214233398, -0.820127234, -0.509379465, -0.260234977, 0, 2, 3, 1, 
489.57288, 51, 0.1, 0.1, 0.0279945785, 0.358058765, -0.0349680351, 0.980211428, 1.92993587e-005, 0.197953417, 0.197953417, -2.82596458e-005, -0.980211428, -1.33233586e-005, 0.999999999, -3.15208017e-005, 0.98021144, 2.26330387e-005, 0.197953359, 0.19795336, -2.20836355e-005, -0.98021144, -1.78136337e-005, 1, -2.61269182e-005, 0, 0, 0, 0, 0, 0, 0, 0.361271021, -0.183303003, -0.158215308, -0.419412588, 0.471551693, -0.775672219, -0.886962891, -0.0311279297, 0.460693359, 0.193110161, 0.881297161, 0.43146347, 0, 0, -0, 0, 0, 0, 0, 0.424962793, -0.125352246, -0.125812891, 0.0984731167, 0.322344474, -0.941456411, 0.563476562, -0.797729492, -0.214233398, -0.820127234, -0.509379465, -0.260234977, 0, 2, 3, 1, 
489.57358, 51, 0.1, 0.1, 0.0279945824, 0.358058768, -0.0349682719, 0.980211411, -2.1937167e-005, 0.197953504, 0.197953504, 1.55073666e-005, -0.980211411, 1.84333239e-005, 1, 1.95430367e-005, 0.980211407, -2.3422428e-005, 0.197953521, 0.197953521, 3.19699252e-006, -0.980211407, 2.23260752e-005, 1, 7.77028064e-006, 0, 0, 0, 0, 0, 0, 0, 0.361271021, -0.183303003, -0.158215308, -0.419412588, 0.471551693, -0.775672219, -0.886962891, -0.0311279297, 0.460693359, 0.193110161, 0.881297161, 0.43146347, 0, 0, -0, 0, 0, 0, 0, 0.424962793, -0.125352246, -0.125812891, 0.0984731167, 0.322344474, -0.941456411, 0.563476562, -0.797729492, -0.214233398, -0.820127234, -0.509379465, -0.260234977, 0, 2, 3, 1, 
489.574302, 51, 0.1, 0.1, 0.0279945798, 0.358058763, -0.0349685914, 0.980211471, 1.61010594e-005, 0.197953208, 0.197953208, -1.03508666e-005, -0.980211471, -1.37334559e-005, 1, -1.33332945e-005, 0.980211454, 1.64077867e-005, 0.19795329, 0.19795329, 7.48855566e-006, -0.980211454, -1.75654846e-005, 1, 4.09239269e-006, 0, 0, 0, 0, 0, 0, 0, 0.36202229, -0.184548853, -0.157229712, -0.417712661, 0.46893141, -0.778103785, -0.888061523, -0.0302734375, 0.458496094, 0.191357816, 0.882700908, 0.429376754, 0, 0, -0, 0, 0, 0, 0, 0.425277588, -0.126090332, -0.124940186, 0.0996233336, 0.321571222, -0.941488494, 0.564453125, -0.797485352, -0.212646484, -0.819392627, -0.510197193, -0.261097548, 0, 2, 3, 1, 
489.575001, 51, 0.1, 0.1, 0.0279945822, 0.358058771, -0.0349691587, 0.980211593, -1.57260926e-005, 0.1979526, 0.1979526, -1.20324687e-005, -0.980211594, 1.77967568e-005, 1, -8.68134441e-006, 0.980211566, -1.66772261e-005, 0.197952736, 0.197952735, -2.49640504e-005, -0.980211566, 2.12889119e-005, 1, -2.11687484e-005, 0, 0, 0, 0, 0, 0, 0, 0.36202229, -0.184548853, -0.157229712, -0.417712661, 0.46893141, -0.778103785, -0.888061523, -0.0302734375, 0.458496094, 0.191357816, 0.882700908, 0.429376754, 0, 0, -0, 0, 0, 0, 0, 0.425277588, -0.126090332, -0.124940186, 0.0996233336, 0.321571222, -0.941488494, 0.564453125, -0.797485352, -0.212646484, -0.819392627, -0.510197193, -0.261097548, 0, 2, 3, 1, 
489.575706, 51, 0.1, 0.1, 0.0279945803, 0.358058764, -0.0349697965, 0.980211753, 1.03028634e-005, 0.197951812, 0.197951812, 1.84497016e-005, -0.980211753, -1.37511397e-005, 1, 1.60451438e-005, 0.980211719, 1.16399675e-005, 0.197951979, 0.197951978, 2.6195243e-005, -0.980211719, -1.65950328e-005, 1, 2.33727295e-005, 0, 0, 0, 0, 0, 0, 0, 0.36202229, -0.184548853, -0.157229712, -0.417712661, 0.46893141, -0.778103785, -0.888061523, -0.0302734375, 0.458496094, 0.191357816, 0.882700908, 0.429376754, 0, 0, -0, 0, 0, 0, 0, 0.425277588, -0.126090332, -0.124940186, 0.0996233336, 0.321571222, -0.941488494, 0.564453125, -0.797485352, -0.212646484, -0.819392627, -0.510197193, -0.261097548, 0, 2, 3, 1, 
489.576401, 51, 0.1, 0.1, 0.0279945818, 0.358058771, -0.0349702697, 0.980211905, -7.59609513e-006, 0.197951056, 0.197951056, -3.01870745e-005, -0.980211905, 1.34213462e-005, 1, -2.80860748e-005, 0.980211877, -1.04979285e-005, 0.197951195, 0.197951195, -3.20657771e-005, -0.980211877, 1.66376531e-005, 0.999999999, -2.93531781e-005, 0, 0, 0, 0, 0, 0, 0, 0.36202229, -0.184548853, -0.157229712, -0.417712661, 0.46893141, -0.778103785, -0.888061523, -0.0302734375, 0.458496094, 0.191357816, 0.882700908, 0.429376754, 0, 0, -0, 0, 0, 0, 0, 0.425277588, -0.126090332, -0.124940186, 0.0996233336, 0.321571222, -0.941488494, 0.564453125, -0.797485352, -0.212646484, -0.819392627, -0.510197193, -0.261097548, 0, 2, 3, 1, 
489.577096, 51, 0.1, 0.1, 0.0279945785, 0.358058768, -0.0349705385, 0.980212015, 7.84415867e-006, 0.197950511, 0.197950511, 2.71603442e-005, -0.980212015, -1.30653426e-005, 1, 2.50701405e-005, 0.980211999, 1.24609114e-005, 0.197950592, 0.197950592, 2.2767855e-005, -0.980211999, -1.67212453e-005, 1, 1.98506798e-005, 0, 0, 0, 0, 0, 0, 0, 0.36202229, -0.184548853, -0.157229712, -0.417712661, 0.46893141, -0.778103785, -0.888061523, -0.0302734375, 0.458496094, 0.191357816, 0.882700908, 0.429376754, 0, 0, -0, 0, 0, 0, 0, 0.425277588, -0.126090332, -0.124940186, 0.0996233336, 0.321571222, -0.941488494, 0.564453125, -0.797485352, -0.212646484, -0.819392627, -0.510197193, -0.261097548, 0, 2, 3, 1, 
489.577797, 51, 0.1, 0.1, 0.0279945821, 0.358058767, -0.0349705269, 0.980212059, -9.9545998e-006, 0.197950297, 0.197950297, -2.27688641e-005, -0.980212058, 1.42647222e-005, 1, -2.03477991e-005, 0.980212056, -1.58748695e-005, 0.197950307, 0.197950307, -1.33517983e-005, -0.980212057, 1.8203731e-005, 1, -9.94515839e-006, 0, 0, 0, 0, 0, 0, 0, 0.36202229, -0.184548853, -0.157229712, -0.417712661, 0.46893141, -0.778103785, -0.888061523, -0.0302734375, 0.458496094, 0.191357816, 0.882700908, 0.429376754, 0, 0, -0, 0, 0, 0, 0, 0.425277588, -0.126090332, -0.124940186, 0.0996233336, 0.321571222, -0.941488494, 0.564453125, -0.797485352, -0.212646484, -0.819392627, -0.510197193, -0.261097548, 0, 2, 3, 1, 
489.578503, 51, 0.1, 0.1, 0.0279945776, 0.358058769, -0.034970226, 0.980212029, 1.02620482e-005, 0.197950441, 0.197950441, 1.67822519e-005, -0.980212029, -1.33810372e-005, 1, 1.44187883e-005, 0.980212041, 1.80329941e-005, 0.197950383, 0.197950383, -1.59165466e-007, -0.980212041, -1.76446511e-005, 1, -3.725654e-006, 0, 0, 0, 0, 0, 0, 0, 0.36202229, -0.184548853, -0.157229712, -0.417891639, 0.467541889, -0.778865382, -0.888671875, -0.0323486328, 0.457275391, 0.18866714, 0.883291763, 0.429250195, 0, 0, -0, 0, 0, 0, 0, 0.425277588, -0.126090332, -0.124940186, 0.0996233336, 0.321571222, -0.941488494, 0.564453125, -0.797485352, -0.212646484, -0.819392627, -0.510197193, -0.261097548, 0, 2, 3, 1, 
489.579211, 51, 0.1, 0.1, 0.0279945829, 0.358058762, -0.0349694982, 0.980211934, -1.77180683e-005, 0.197950912, 0.197950912, 3.4025574e-006, -0.980211934, 1.66939226e-005, 1, 6.84253515e-006, 0.980211956, -2.3565582e-005, 0.197950804, 0.197950804, 1.57485061e-005, -0.980211956, 1.99818358e-005, 1, 2.01016999e-005, 0, 0, 0, 0, 0, 0, 0, 0.36245144, -0.185064551, -0.156599292, -0.417891639, 0.467541889, -0.778865382, -0.888671875, -0.0323486328, 0.457275391, 0.18866714, 0.883291763, 0.429250195, 0, 0, -0, 0, 0, 0, 0, 0.425788037, -0.125899805, -0.124062598, 0.0998792632, 0.321998859, -0.941373656, 0.567504883, -0.795532227, -0.211914062, -0.817156359, -0.513098072, -0.262190162, 0, 2, 3, 1, 
489.579913, 51, 0.1, 0.1, 0.0279945781, 0.358058769, -0.0349688856, 0.980211801, 1.74893634e-005, 0.197951571, 0.197951572, -1.76988253e-005, -0.980211801, -1.36397701e-005, 1, -2.08106444e-005, 0.980211828, 2.18859586e-005, 0.197951438, 0.197951439, -2.37639923e-005, -0.980211828, -1.6748759e-005, 0.999999999, -2.76261033e-005, 0, 0, 0, 0, 0, 0, 0, 0.36245144, -0.185064551, -0.156599292, -0.417891639, 0.467541889, -0.778865382, -0.888671875, -0.0323486328, 0.457275391, 0.18866714, 0.883291763, 0.429250195, 0, 0, -0, 0, 0, 0, 0, 0.425788037, -0.125899805, -0.124062598, 0.0998792632, 0.321998859, -0.941373656, 0.567504883, -0.795532227, -0.211914062, -0.817156359, -0.513098072, -0.262190162, 0, 2, 3, 1, 
489.580616, 51, 0.1, 0.1, 0.0279945827, 0.358058764, -0.0349684169, 0.980211668, -2.01230786e-005, 0.197952229, 0.19795223, 2.17973174e-005, -0.980211668, 1.54100489e-005, 1, 2.53493931e-005, 0.980211692, -2.400603e-005, 0.197952109, 0.197952109, 2.25632903e-005, -0.980211692, 1.90645404e-005, 0.999999999, 2.68688452e-005, 0, 0, 0, 0, 0, 0, 0, 0.36245144, -0.185064551, -0.156599292, -0.417891639, 0.467541889, -0.778865382, -0.888671875, -0.0323486328, 0.457275391, 0.18866714, 0.883291763, 0.429250195, 0, 0, -0, 0, 0, 0, 0, 0.425788037, -0.125899805, -0.124062598, 0.0998792632, 0.321998859, -0.941373656, 0.567504883, -0.795532227, -0.211914062, -0.817156359, -0.513098072, -0.262190162, 0, 2, 3, 1, 
489.58131, 51, 0.1, 0.1, 0.0279945786, 0.358058766, -0.0349683364, 0.98021158, 1.86357049e-005, 0.197952667, 0.197952667, -2.73074645e-005, -0.98021158, -1.28613483e-005, 0.999999999, -3.04560804e-005, 0.980211592, 2.14701385e-005, 0.197952607, 0.197952607, -2.14257475e-005, -0.980211592, -1.6803996e-005, 1, -2.5251836e-005, 0, 0, 0, 0, 0, 0, 0, 0.36245144, -0.185064551, -0.156599292, -0.417891639, 0.467541889, -0.778865382, -0.888671875, -0.0323486328, 0.457275391, 0.18866714, 0.883291763, 0.429250195, 0, 0, -0, 0, 0, 0, 0, 0.425788037, -0.125899805, -0.124062598, 0.0998792632, 0.321998859, -0.941373656, 0.567504883, -0.795532227, -0.211914062, -0.817156359, -0.513098072, -0.262190162, 0, 2, 3, 1, 
489.582015, 51, 0.1, 0.1, 0.0279945823, 0.358058769, -0.0349685723, 0.980211558, -2.09358992e-005, 0.197952773, 0.197952774, 1.69190553e-005, -0.980211558, 1.71724365e-005, 1, 2.07285728e-005, 0.980211556, -2.27916475e-005, 0.197952787, 0.197952787, 4.76631473e-006, -0.980211556, 2.13971309e-005, 1, 9.18366691e-006, 0, 0, 0, 0, 0, 0, 0, 0.36245144, -0.185064551, -0.156599292, -0.417891639, 0.467541889, -0.778865382, -0.888671875, -0.0323486328, 0.457275391, 0.18866714, 0.883291763, 0.429250195, 0, 0, -0, 0, 0, 0, 0, 0.425788037, -0.125899805, -0.124062598, 0.0998792632, 0.321998859, -0.941373656, 0.567504883, -0.795532227, -0.211914062, -0.817156359, -0.513098072, -0.262190162, 0, 2, 3, 1, 
489.582713, 51, 0.1, 0.1, 0.0279945797, 0.358058764, -0.0349690842, 0.980211612, 1.66264724e-005, 0.197952508, 0.197952508, -8.99418145e-006, -0.980211612, -1.45170406e-005, 1, -1.2107453e-005, 0.980211596, 1.65265632e-005, 0.197952585, 0.197952585, 8.51821985e-006, -0.980211597, -1.78857326e-005, 1, 5.07818197e-006, 0, 0, 0, 0, 0, 0, 0, 0.36245144, -0.185064551, -0.156599292, -0.417891639, 0.467541889, -0.778865382, -0.888671875, -0.0323486328, 0.457275391, 0.18866714, 0.883291763, 0.429250195, 0, 0, -0, 0, 0, 0, 0, 0.425788037, -0.125899805, -0.124062598, 0.0998792632, 0.321998859, -0.941373656, 0.567504883, -0.795532227, -0.211914062, -0.817156359, -0.513098072, -0.262190162, 0, 2, 3, 1, 
489.583436, 51, 0.1, 0.1, 0.0279945816, 0.358058771, -0.0349696526, 0.980211734, -1.36362818e-005, 0.197951903, 0.197951903, -8.35768859e-006, -0.980211734, 1.50208638e-005, 1, -5.49297649e-006, 0.980211705, -1.43546202e-005, 0.197952047, 0.197952047, -2.2576047e-005, -0.980211705, 1.85395414e-005, 1, -1.92877791e-005, 0, 0, 0, 0, 0, 0, 0, 0.363065869, -0.18558501, -0.155953247, -0.418813116, 0.466050897, -0.779303468, -0.888793945, -0.0346679688, 0.45690918, 0.185970473, 0.88402228, 0.428825213, 0, 0, -0, 0, 0, 0, 0, 0.425788037, -0.125899805, -0.124062598, 0.0995792241, 0.32188985, -0.941456778, 0.570068359, -0.793945313, -0.21105957, -0.815469497, -0.515564383, -0.262567127, 0, 2, 3, 1, 
489.584134, 51, 0.1, 0.1, 0.0279945794, 0.358058763, -0.0349699061, 0.980211887, 1.05110622e-005, 0.197951146, 0.197951145, 2.20029802e-005, -0.980211887, -1.46585832e-005, 1, 1.9486906e-005, 0.980211856, 1.20572995e-005, 0.197951298, 0.197951298, 2.94958828e-005, -0.980211856, -1.76574562e-005, 0.999999999, 2.65254559e-005, 0, 0, 0, 0, 0, 0, 0, 0.363065869, -0.18558501, -0.155953247, -0.418813116, 0.466050897, -0.779303468, -0.888793945, -0.0346679688, 0.45690918, 0.185970473, 0.88402228, 0.428825213, 0, 0, -0, 0, 0, 0, 0, 0.426026904, -0.125958887, -0.123406299, 0.0995792241, 0.32188985, -0.941456778, 0.570068359, -0.793945313, -0.21105957, -0.815469497, -0.515564383, -0.262567127, 0, 2, 3, 1, 
489.584832, 51, 0.1, 0.1, 0.0279945811, 0.358058769, -0.0349700524, 0.980212036, -7.7782353e-006, 0.197950411, 0.197950411, -2.85259759e-005, -0.980212035, 1.32710485e-005, 1, -2.64218001e-005, 0.980212008, -1.07589541e-005, 0.197950546, 0.197950546, -3.00804137e-005, -0.980212008, 1.65004903e-005, 0.999999999, -2.73554419e-005, 0, 0, 0, 0, 0, 0, 0, 0.363065869, -0.18558501, -0.155953247, -0.418813116, 0.466050897, -0.779303468, -0.888793945, -0.0346679688, 0.45690918, 0.185970473, 0.88402228, 0.428825213, 0, 0, -0, 0, 0, 0, 0, 0.426026904, -0.125958887, -0.123406299, 0.0995792241, 0.32188985, -0.941456778, 0.570068359, -0.793945313, -0.21105957, -0.815469497, -0.515564383, -0.262567127, 0, 2, 3, 1, 
489.585527, 51, 0.1, 0.1, 0.0279945779, 0.358058766, -0.0349700752, 0.98021214, 7.32856225e-006, 0.197949892, 0.197949891, 2.65834243e-005, -0.98021214, -1.24457316e-005, 1, 2.46067071e-005, 0.980212125, 1.21492023e-005, 0.197949969, 0.197949968, 2.27419246e-005, -0.980212125, -1.64105586e-005, 1, 1.9886976e-005, 0, 0, 0, 0, 0, 0, 0, 0.363065869, -0.18558501, -0.155953247, -0.418813116, 0.466050897, -0.779303468, -0.888793945, -0.0346679688, 0.45690918, 0.185970473, 0.88402228, 0.428825213, 0, 0, -0, 0, 0, 0, 0, 0.426026904, -0.125958887, -0.123406299, 0.0995792241, 0.32188985, -0.941456778, 0.570068359, -0.793945313, -0.21105957, -0.815469497, -0.515564383, -0.262567127, 0, 2, 3, 1, 
489.586246, 51, 0.1, 0.1, 0.0279945824, 0.358058766, -0.034969765, 0.980212179, -1.23935094e-005, 0.197949699, 0.197949699, -2.81366166e-005, -0.980212179, 1.77179036e-005, 1, -2.51265628e-005, 0.980212179, -1.84882954e-005, 0.197949702, 0.197949702, -1.83548674e-005, -0.980212179, 2.17557928e-005, 1, -1.4331912e-005, 0, 0, 0, 0, 0, 0, 0, 0.362629858, -0.185350903, -0.156721582, -0.422919522, 0.466272936, -0.776923199, -0.886962891, -0.0379638672, 0.460083008, 0.185014169, 0.883863521, 0.429807727, 0, 0, -0, 0, 0, 0, 0, 0.425871387, -0.125986475, -0.123609033, 0.0968894324, 0.322279208, -0.941609896, 0.572143555, -0.792114258, -0.212280273, -0.814402035, -0.518101057, -0.261110308, 0, 2, 3, 1, 
489.586943, 51, 0.1, 0.1, 0.0279945783, 0.358058771, -0.0349693736, 0.980212142, 1.00846123e-005, 0.197949882, 0.197949882, 1.22561454e-005, -0.980212142, -1.2311162e-005, 1, 1.00173748e-005, 0.980212155, 1.70869454e-005, 0.197949819, 0.197949819, -4.41933569e-006, -0.980212155, -1.58740248e-005, 1, -7.71424431e-006, 0, 0, 0, 0, 0, 0, 0, 0.362629858, -0.185350903, -0.156721582, -0.422919522, 0.466272936, -0.776923199, -0.886962891, -0.0379638672, 0.460083008, 0.185014169, 0.883863521, 0.429807727, 0, 0, -0, 0, 0, 0, 0, 0.425871387, -0.125986475, -0.123609033, 0.0968894324, 0.322279208, -0.941609896, 0.572143555, -0.792114258, -0.212280273, -0.814402035, -0.518101057, -0.261110308, 0, 2, 3, 1, 
489.587723, 51, 0.1, 0.1, 0.0279945839, 0.358058765, -0.0349688179, 0.980212028, -1.47870061e-005, 0.197950448, 0.197950448, -1.63465909e-006, -0.980212028, 1.48179828e-005, 1, 1.32478199e-006, 0.980212063, -2.39832479e-005, 0.197950273, 0.197950273, 1.45784761e-005, -0.980212063, 2.06228556e-005, 1, 1.90374886e-005, 0, 0, 0, 0, 0, 0, 0, 0.362629858, -0.185350903, -0.156721582, -0.422919522, 0.466272936, -0.776923199, -0.886962891, -0.0379638672, 0.460083008, 0.185014169, 0.883863521, 0.429807727, 0, 0, -0, 0, 0, 0, 0, 0.425871387, -0.125986475, -0.123609033, 0.0968894324, 0.322279208, -0.941609896, 0.572143555, -0.792114258, -0.212280273, -0.814402035, -0.518101057, -0.261110308, 0, 2, 3, 1, 
489.588849, 51, 0.1, 0.1, 0.0279945803, 0.358058783, -0.0349622933, 0.980211861, -7.17176405e-006, 0.197951275, 0.197951275, -2.0388268e-005, -0.980211861, 1.10657318e-005, 1, -1.85651623e-005, 0.980211885, -1.35040434e-006, 0.197951156, 0.197951156, -3.94543661e-005, -0.980211884, 9.13371978e-006, 0.999999999, -3.84063245e-005, 0, 0, 0, 0, 0, 0, 0, 0.362629858, -0.185350903, -0.156721582, -0.422919522, 0.466272936, -0.776923199, -0.886962891, -0.0379638672, 0.460083008, 0.185014169, 0.883863521, 0.429807727, 0, 0, -0, 0, 0, 0, 0, 0.425871387, -0.125986475, -0.123609033, 0.0968894324, 0.322279208, -0.941609896, 0.572143555, -0.792114258, -0.212280273, -0.814402035, -0.518101057, -0.261110308, 0, 2, 3, 1, 
489.589978, 51, 0.1, 0.1, 0.0279945746, 0.358058772, -0.0349511733, 0.980211839, 1.13069326e-006, 0.197951384, 0.197951384, -8.10148245e-006, -0.980211839, 4.95380741e-007, 1, -8.1649913e-006, 0.980211838, 1.62009227e-005, 0.19795139, 0.19795139, 2.09569111e-005, -0.980211838, -2.00287859e-005, 1, 1.73352171e-005, 0, 0, 0, 0, 0, 0, 0, 0.362629858, -0.185350903, -0.156721582, -0.422919522, 0.466272936, -0.776923199, -0.886962891, -0.0379638672, 0.460083008, 0.185014169, 0.883863521, 0.429807727, 0, 0, -0, 0, 0, 0, 0, 0.425871387, -0.125986475, -0.123609033, 0.0968894324, 0.322279208, -0.941609896, 0.572143555, -0.792114258, -0.212280273, -0.814402035, -0.518101057, -0.261110308, 0, 2, 3, 1, 
489.591137, 51, 0.1, 0.1, 0.027994574, 0.358058772, -0.0349407745, 0.980211831, -1.37638181e-007, 0.197951423, 0.197951423, 1.62902737e-006, -0.980211831, -1.87553713e-007, 1, 1.62403757e-006, 0.98021183, 4.47691093e-006, 0.197951427, 0.197951427, 1.61719136e-005, -0.98021183, -7.58957444e-006, 1, 1.49656902e-005, 0, 0, 0, 0, 0, 0, 0, 0.362419165, -0.184913208, -0.15750481, -0.426962648, 0.466114176, -0.774822256, -0.885375977, -0.0415039063, 0.463012695, 0.183677066, 0.883641482, 0.430587298, 0, 0, -0, 0, 0, 0, 0, 0.425964014, -0.126027246, -0.123591943, 0.0945638456, 0.322400243, -0.941737494, 0.573974609, -0.790527344, -0.213012695, -0.813296295, -0.520420447, -0.259896292, 0, 2, 3, 1, 
489.592239, 51, 0.1, 0.1, 0.0279945769, 0.358058778, -0.0349362052, 0.98021182, 1.14238091e-005, 0.197951478, 0.197951477, 4.52344953e-005, -0.980211819, -2.01519879e-005, 0.999999999, 4.20780271e-005, 0.980211835, 1.12047118e-005, 0.197951402, 0.197951402, 1.99036829e-006, -0.980211835, -1.13769873e-005, 1, -2.67005857e-007, 0, 0, 0, 0, 0, 0, 0, 0.362419165, -0.184913208, -0.15750481, -0.426962648, 0.466114176, -0.774822256, -0.885375977, -0.0415039063, 0.463012695, 0.183677066, 0.883641482, 0.430587298, 0, 0, -0, 0, 0, 0, 0, 0.425964014, -0.126027246, -0.123591943, 0.0945638456, 0.322400243, -0.941737494, 0.573974609, -0.790527344, -0.213012695, -0.813296295, -0.520420447, -0.259896292, 0, 2, 3, 1, 
489.593346, 51, 0.1, 0.1, 0.0279945814, 0.358058761, -0.0349390461, 0.980211627, 2.47397494e-005, 0.197952432, 0.197952433, -3.35571835e-005, -0.980211627, -1.76074639e-005, 0.999999999, -3.7790435e-005, 0.980211678, -1.17812874e-005, 0.197952182, 0.197952182, 1.0494194e-005, -0.980211678, 9.47080692e-006, 1, 1.26186631e-005, 0, 0, 0, 0, 0, 0, 0, 0.362419165, -0.184913208, -0.15750481, -0.426962648, 0.466114176, -0.774822256, -0.885375977, -0.0415039063, 0.463012695, 0.183677066, 0.883641482, 0.430587298, 0, 0, -0, 0, 0, 0, 0, 0.425964014, -0.126027246, -0.123591943, 0.0945638456, 0.322400243, -0.941737494, 0.573974609, -0.790527344, -0.213012695, -0.813296295, -0.520420447, -0.259896292, 0, 2, 3, 1, 
489.594451, 51, 0.1, 0.1, 0.0279945782, 0.358058791, -0.0349474378, 0.980211474, -4.65363131e-005, 0.197953187, 0.197953187, -1.76651338e-005, -0.980211475, 4.91122977e-005, 0.999999999, -8.10355535e-006, 0.980211485, -2.20134026e-005, 0.197953135, 0.197953134, -5.24785315e-005, -0.980211484, 3.19660799e-005, 0.999999998, -4.70824372e-005, 0, 0, 0, 0, 0, 0, 0, 0.362419165, -0.184913208, -0.15750481, -0.426962648, 0.466114176, -0.774822256, -0.885375977, -0.0415039063, 0.463012695, 0.183677066, 0.883641482, 0.430587298, 0, 0, -0, 0, 0, 0, 0, 0.425964014, -0.126027246, -0.123591943, 0.0945638456, 0.322400243, -0.941737494, 0.573974609, -0.790527344, -0.213012695, -0.813296295, -0.520420447, -0.259896292, 0, 2, 3, 1, 
489.595627, 51, 0.1, 0.1, 0.0279945864, 0.358058745, -0.0349569393, 0.980211648, 3.9501644e-005, 0.197952324, 0.19795232, 8.87533416e-005, -0.980211646, -5.62889018e-005, 0.999999995, 7.91776172e-005, 0.980211586, 1.19396808e-005, 0.197952636, 0.197952634, 9.95583019e-005, -0.980211582, -3.14112417e-005, 0.999999995, 9.52247098e-005, 0, 0, 0, 0, 0, 0, 0, 0.362068604, -0.184444995, -0.157646143, -0.42938111, 0.466558254, -0.773285958, -0.884399414, -0.0441894531, 0.464477539, 0.182453418, 0.883323963, 0.431703483, 0, 0, -0, 0, 0, 0, 0, 0.425964014, -0.126027246, -0.123591943, 0.0935033141, 0.322783405, -0.941775773, 0.575317383, -0.789428711, -0.213500977, -0.812548562, -0.521730345, -0.259532087, 0, 2, 3, 1, 
489.596749, 51, 0.1, 0.1, 0.0279945661, 0.358058754, -0.0349617468, 0.980212083, -6.16880445e-006, 0.197950176, 0.197950175, -8.49573455e-005, -0.98021208, 2.28640581e-005, 0.999999996, -8.20551007e-005, 0.980211972, 2.66008633e-005, 0.197950724, 0.197950725, -6.06012255e-005, -0.98021197, -1.40784282e-005, 0.999999998, -6.4667707e-005, 0, 0, 0, 0, 0, 0, 0, 0.362068604, -0.184444995, -0.157646143, -0.42938111, 0.466558254, -0.773285958, -0.884399414, -0.0441894531, 0.464477539, 0.182453418, 0.883323963, 0.431703483, 0, 0, -0, 0, 0, 0, 0, 0.425463086, -0.125806201, -0.123363574, 0.0935033141, 0.322783405, -0.941775773, 0.575317383, -0.789428711, -0.213500977, -0.812548562, -0.521730345, -0.259532087, 0, 2, 3, 1, 
489.59786, 51, 0.1, 0.1, 0.0279945888, 0.358058783, -0.0349615431, 0.980212692, -3.3297647e-005, 0.197947156, 0.197947156, 1.13460507e-005, -0.980212693, 3.03928578e-005, 0.999999999, 1.77127175e-005, 0.980212564, -4.79087852e-005, 0.197947788, 0.197947786, -3.26960315e-005, -0.980212565, 5.34329003e-005, 0.999999998, -2.25656229e-005, 0, 0, 0, 0, 0, 0, 0, 0.362068604, -0.184444995, -0.157646143, -0.42938111, 0.466558254, -0.773285958, -0.884399414, -0.0441894531, 0.464477539, 0.182453418, 0.883323963, 0.431703483, 0, 0, -0, 0, 0, 0, 0, 0.425463086, -0.125806201, -0.123363574, 0.0935033141, 0.322783405, -0.941775773, 0.575317383, -0.789428711, -0.213500977, -0.812548562, -0.521730345, -0.259532087, 0, 2, 3, 1, 
489.599142, 51, 0.1, 0.1, 0.0279945715, 0.358058744, -0.0349529911, 0.980213565, 2.37961177e-005, 0.197942836, 0.197942835, 2.13884473e-005, -0.980213565, -2.75589673e-005, 0.999999999, 1.62549751e-005, 0.980213417, 3.59222212e-005, 0.197943569, 0.197943567, 5.72388885e-005, -0.980213416, -4.65415131e-005, 0.999999998, 4.89957539e-005, 0, 0, 0, 0, 0, 0, 0, 0.362068604, -0.184444995, -0.157646143, -0.42938111, 0.466558254, -0.773285958, -0.884399414, -0.0441894531, 0.464477539, 0.182453418, 0.883323963, 0.431703483, 0, 0, -0, 0, 0, 0, 0, 0.42488916, -0.125616895, -0.123568018, 0.0913374083, 0.3228534, -0.941916131, 0.576660156, -0.788208008, -0.214233398, -0.811794266, -0.523564129, -0.258196669, 0, 2, 3, 1, 
489.600253, 51, 0.1, 0.1, 0.0279945728, 0.358058773, -0.0349454833, 0.98021425, 1.7102228e-005, 0.197939446, 0.197939446, -3.35069088e-005, -0.980214249, -1.01315086e-005, 0.999999999, -3.6229155e-005, 0.980214124, -3.36399307e-006, 0.197940071, 0.197940071, -6.23460077e-005, -0.980214122, 1.56382067e-005, 0.999999998, -6.04465683e-005, 0, 0, 0, 0, 0, 0, 0, 0.362068604, -0.184444995, -0.157646143, -0.42938111, 0.466558254, -0.773285958, -0.884399414, -0.0441894531, 0.464477539, 0.182453418, 0.883323963, 0.431703483, 0, 0, -0, 0, 0, 0, 0, 0.42488916, -0.125616895, -0.123568018, 0.0913374083, 0.3228534, -0.941916131, 0.576660156, -0.788208008, -0.214233398, -0.811794266, -0.523564129, -0.258196669, 0, 2, 3, 1, 
489.601401, 51, 0.1, 0.1, 0.0279945743, 0.358058764, -0.0349408048, 0.980214688, -2.95022965e-006, 0.197937276, 0.197937276, -1.44632619e-005, -0.980214688, 5.75467709e-006, 1, -1.35931413e-005, 0.98021462, -2.05367767e-005, 0.197937612, 0.197937612, 1.45841985e-005, -0.98021462, 1.72436873e-005, 1, 1.83606451e-005, 0, 0, 0, 0, 0, 0, 0, 0.361709253, -0.183782715, -0.157796265, -0.431958331, 0.46641859, -0.77190842, -0.883544922, -0.0471191406, 0.465942383, 0.181007731, 0.883222492, 0.43259763, 0, 0, -0, 0, 0, 0, 0, 0.42488916, -0.125616895, -0.123568018, 0.0913374083, 0.3228534, -0.941916131, 0.576660156, -0.788208008, -0.214233398, -0.811794266, -0.523564129, -0.258196669, 0, 2, 3, 1, 
489.602532, 51, 0.1, 0.1, 0.0279945672, 0.358058767, -0.034941191, 0.980214877, -1.21339101e-005, 0.197936341, 0.197936341, -7.58311482e-006, -0.980214877, 1.33948132e-005, 1, -5.03134019e-006, 0.980214855, -6.46964956e-006, 0.197936448, 0.197936448, 5.9484094e-006, -0.980214855, 5.16423957e-006, 1, 7.11129872e-006, 0, 0, 0, 0, 0, 0, 0, 0.361709253, -0.183782715, -0.157796265, -0.431958331, 0.46641859, -0.77190842, -0.883544922, -0.0471191406, 0.465942383, 0.181007731, 0.883222492, 0.43259763, 0, 0, -0, 0, 0, 0, 0, 0.42488916, -0.125616895, -0.123568018, 0.0913374083, 0.3228534, -0.941916131, 0.576660156, -0.788208008, -0.214233398, -0.811794266, -0.523564129, -0.258196669, 0, 2, 3, 1, 
489.603696, 51, 0.1, 0.1, 0.0279945613, 0.35805876, -0.0349454293, 0.980214973, -4.04346449e-006, 0.197935867, 0.197935867, -1.34864916e-005, -0.980214973, 6.63292485e-006, 1, -1.24193144e-005, 0.980214955, 1.60861227e-005, 0.197935956, 0.197935956, 1.77641271e-005, -0.980214955, -1.92840175e-005, 1, 1.4228641e-005, 0, 0, 0, 0, 0, 0, 0, 0.361207227, -0.183827515, -0.157798218, -0.43301835, 0.465511339, -0.771902428, -0.883056641, -0.0474853516, 0.466674805, 0.180557662, 0.883736962, 0.43185513, 0, 0, -0, 0, 0, 0, 0, 0.424134717, -0.126133203, -0.123570703, 0.0901361522, 0.321907707, -0.942446214, 0.576416016, -0.788452148, -0.214111328, -0.812043266, -0.52390901, -0.256656728, 0, 2, 3, 1, 
489.604807, 51, 0.1, 0.1, 0.0279945615, 0.358058763, -0.0349514452, 0.980215054, 1.52366102e-006, 0.197935463, 0.197935463, 1.25816737e-006, -0.980215054, -1.74255142e-006, 1, 9.31688047e-007, 0.980215039, 9.63556259e-006, 0.197935537, 0.197935537, 1.1161704e-005, -0.980215039, -1.16542212e-005, 1, 9.03364987e-006, 0, 0, 0, 0, 0, 0, 0, 0.361207227, -0.183827515, -0.157798218, -0.43301835, 0.465511339, -0.771902428, -0.883056641, -0.0474853516, 0.466674805, 0.180557662, 0.883736962, 0.43185513, 0, 0, -0, 0, 0, 0, 0, 0.424134717, -0.126133203, -0.123570703, 0.0901361522, 0.321907707, -0.942446214, 0.576416016, -0.788452148, -0.214111328, -0.812043266, -0.52390901, -0.256656728, 0, 2, 3, 1, 
489.605919, 51, 0.1, 0.1, 0.0279945662, 0.358058769, -0.0349567908, 0.980215119, 2.00611923e-005, 0.197935143, 0.197935142, 2.89273171e-005, -0.980215119, -2.53900166e-005, 0.999999999, 2.43841787e-005, 0.980215107, -3.59083757e-006, 0.1979352, 0.1979352, -5.05106951e-006, -0.980215107, 4.51957768e-006, 1, -4.24038149e-006, 0, 0, 0, 0, 0, 0, 0, 0.361207227, -0.183827515, -0.157798218, -0.43301835, 0.465511339, -0.771902428, -0.883056641, -0.0474853516, 0.466674805, 0.180557662, 0.883736962, 0.43185513, 0, 0, -0, 0, 0, 0, 0, 0.424134717, -0.126133203, -0.123570703, 0.0901361522, 0.321907707, -0.942446214, 0.576416016, -0.788452148, -0.214111328, -0.812043266, -0.52390901, -0.256656728, 0, 2, 3, 1, 
489.60705, 51, 0.1, 0.1, 0.0279945557, 0.358058753, -0.0349588181, 0.980215171, -1.49755353e-005, 0.197934882, 0.197934881, -2.1161798e-005, -0.980215171, 1.88679048e-005, 1, -1.77789347e-005, 0.980215162, 1.02354918e-005, 0.197934928, 0.197934927, 1.63309785e-005, -0.980215162, -1.32654553e-005, 1, 1.39819114e-005, 0, 0, 0, 0, 0, 0, 0, 0.361207227, -0.183827515, -0.157798218, -0.43301835, 0.465511339, -0.771902428, -0.883056641, -0.0474853516, 0.466674805, 0.180557662, 0.883736962, 0.43185513, 0, 0, -0, 0, 0, 0, 0, 0.424134717, -0.126133203, -0.123570703, 0.0901361522, 0.321907707, -0.942446214, 0.576416016, -0.788452148, -0.214111328, -0.812043266, -0.52390901, -0.256656728, 0, 2, 3, 1, 
489.608177, 51, 0.1, 0.1, 0.0279945675, 0.358058771, -0.0349566179, 0.980215214, 6.88470178e-006, 0.197934672, 0.197934672, 1.17040789e-005, -0.980215214, -9.06513244e-006, 1, 1.0109795e-005, 0.980215207, -1.21669594e-005, 0.197934704, 0.197934704, -1.77534191e-005, -0.980215207, 1.54402563e-005, 1, -1.49939079e-005, 0, 0, 0, 0, 0, 0, 0, 0.360915015, -0.18343938, -0.1577948, -0.43426933, 0.464343857, -0.771820053, -0.8828125, -0.0493164063, 0.467041016, 0.178901918, 0.884169057, 0.431594899, 0, 0, -0, 0, 0, 0, 0, 0.423827246, -0.125522314, -0.123565332, 0.0885644946, 0.321613498, -0.942669694, 0.57800293, -0.787353516, -0.214233398, -0.81110377, -0.525781074, -0.255698275, 0, 2, 3, 1, 
489.608872, 51, 0.1, 0.1, 0.0279945644, 0.358058766, -0.0349570038, 0.980215239, -1.02413148e-005, 0.197934548, 0.197934547, -1.84638006e-005, -0.980215239, 1.36933168e-005, 1, -1.60713887e-005, 0.980215234, 4.86606455e-006, 0.197934573, 0.197934573, 5.68734917e-006, -0.980215234, -5.89551363e-006, 1, 4.61166389e-006, 0, 0, 0, 0, 0, 0, 0, 0.360915015, -0.18343938, -0.1577948, -0.43426933, 0.464343857, -0.771820053, -0.8828125, -0.0493164063, 0.467041016, 0.178901918, 0.884169057, 0.431594899, 0, 0, -0, 0, 0, 0, 0, 0.423827246, -0.125522314, -0.123565332, 0.0885644946, 0.321613498, -0.942669694, 0.57800293, -0.787353516, -0.214233398, -0.81110377, -0.525781074, -0.255698275, 0, 2, 3, 1, 
489.609563, 51, 0.1, 0.1, 0.0279945695, 0.358058774, -0.0349610779, 0.980215263, 2.55508312e-007, 0.197934427, 0.197934427, 1.82131978e-006, -0.980215263, -6.10955034e-007, 1, 1.73471156e-006, 0.980215258, -1.23604933e-005, 0.197934452, 0.197934452, -1.94877759e-005, -0.980215258, 1.59732464e-005, 1, -1.66556478e-005, 0, 0, 0, 0, 0, 0, 0, 0.360915015, -0.18343938, -0.1577948, -0.43426933, 0.464343857, -0.771820053, -0.8828125, -0.0493164063, 0.467041016, 0.178901918, 0.884169057, 0.431594899, 0, 0, -0, 0, 0, 0, 0, 0.423827246, -0.125522314, -0.123565332, 0.0885644946, 0.321613498, -0.942669694, 0.57800293, -0.787353516, -0.214233398, -0.81110377, -0.525781074, -0.255698275, 0, 2, 3, 1, 
489.610258, 51, 0.1, 0.1, 0.0279945687, 0.358058771, -0.0349674462, 0.980215284, -1.19776701e-005, 0.197934324, 0.197934324, -1.09097665e-005, -0.980215284, 1.39001125e-005, 1, -8.32312788e-006, 0.980215281, -6.5089436e-007, 0.197934342, 0.197934342, 5.83539105e-006, -0.980215281, -5.17007691e-007, 1, 5.84877382e-006, 0, 0, 0, 0, 0, 0, 0, 0.360915015, -0.18343938, -0.1577948, -0.43426933, 0.464343857, -0.771820053, -0.8828125, -0.0493164063, 0.467041016, 0.178901918, 0.884169057, 0.431594899, 0, 0, -0, 0, 0, 0, 0, 0.423827246, -0.125522314, -0.123565332, 0.0885644946, 0.321613498, -0.942669694, 0.57800293, -0.787353516, -0.214233398, -0.81110377, -0.525781074, -0.255698275, 0, 2, 3, 1, 
489.610948, 51, 0.1, 0.1, 0.0279945731, 0.358058776, -0.0349740336, 0.980215299, 2.35929171e-007, 0.19793425, 0.19793425, 5.83789275e-007, -0.980215299, -3.46813275e-007, 1, 5.25540716e-007, 0.980215297, -1.02016811e-005, 0.197934261, 0.197934261, -1.27740799e-005, -0.980215297, 1.25282719e-005, 1, -1.05020864e-005, 0, 0, 0, 0, 0, 0, 0, 0.360915015, -0.18343938, -0.1577948, -0.43426933, 0.464343857, -0.771820053, -0.8828125, -0.0493164063, 0.467041016, 0.178901918, 0.884169057, 0.431594899, 0, 0, -0, 0, 0, 0, 0, 0.423827246, -0.125522314, -0.123565332, 0.0885644946, 0.321613498, -0.942669694, 0.57800293, -0.787353516, -0.214233398, -0.81110377, -0.525781074, -0.255698275, 0, 2, 3, 1, 
489.61164, 51, 0.1, 0.1, 0.0279945707, 0.358058774, -0.0349789669, 0.980215313, -9.459655e-008, 0.197934179, 0.197934179, -7.27999376e-006, -0.980215313, 1.53368458e-006, 1, -7.11723747e-006, 0.98021531, 6.32123019e-006, 0.197934194, 0.197934194, 3.1019164e-006, -0.98021531, -6.81014194e-006, 1, 1.78935835e-006, 0, 0, 0, 0, 0, 0, 0, 0.360915015, -0.18343938, -0.1577948, -0.43426933, 0.464343857, -0.771820053, -0.8828125, -0.0493164063, 0.467041016, 0.178901918, 0.884169057, 0.431594899, 0, 0, -0, 0, 0, 0, 0, 0.423827246, -0.125522314, -0.123565332, 0.0885644946, 0.321613498, -0.942669694, 0.57800293, -0.787353516, -0.214233398, -0.81110377, -0.525781074, -0.255698275, 0, 2, 3, 1, 
489.612335, 51, 0.1, 0.1, 0.0279945712, 0.358058776, -0.0349809139, 0.980215325, 1.72533257e-006, 0.197934121, 0.197934121, 5.09587239e-006, -0.980215325, -2.69984445e-006, 1, 4.65355003e-006, 0.980215325, 1.60183065e-006, 0.197934123, 0.197934123, -4.28062802e-006, -0.980215325, -7.22856597e-007, 1, -4.51299413e-006, 0, 0, 0, 0, 0, 0, 0, 0.360915015, -0.18343938, -0.1577948, -0.43426933, 0.464343857, -0.771820053, -0.8828125, -0.0493164063, 0.467041016, 0.178901918, 0.884169057, 0.431594899, 0, 0, -0, 0, 0, 0, 0, 0.423827246, -0.125522314, -0.123565332, 0.0885644946, 0.321613498, -0.942669694, 0.57800293, -0.787353516, -0.214233398, -0.81110377, -0.525781074, -0.255698275, 0, 2, 3, 1, 
489.613053, 51, 0.1, 0.1, 0.027994572, 0.358058774, -0.034979166, 0.980215312, 4.66174929e-006, 0.197934186, 0.197934186, -4.19315556e-006, -0.980215312, -3.7395492e-006, 1, -5.03291483e-006, 0.980215316, -3.1630082e-006, 0.197934167, 0.197934167, 3.75468516e-006, -0.980215316, 2.3572486e-006, 1, 4.3064673e-006, 0, 0, 0, 0, 0, 0, 0, 0.361170972, -0.183467212, -0.157386279, -0.433533943, 0.463779212, -0.772562553, -0.883422852, -0.0500488281, 0.465698242, 0.177302341, 0.884505672, 0.431588907, 0, 0, -0, 0, 0, 0, 0, 0.423812598, -0.125246338, -0.123772217, 0.0881237309, 0.32268679, -0.94224169, 0.578979492, -0.786254883, -0.215087891, -0.810413639, -0.526650208, -0.256267004, 0, 2, 3, 1, 
489.613744, 51, 0.1, 0.1, 0.0279945711, 0.358058775, -0.0349748161, 0.980215305, -2.43606815e-007, 0.197934222, 0.197934222, 3.25198445e-006, -0.980215305, -4.04891885e-007, 1, 3.23586306e-006, 0.980215304, -2.77121586e-006, 0.197934227, 0.197934227, -3.32145117e-007, -0.980215304, 2.78213108e-006, 1, 2.22944741e-007, 0, 0, 0, 0, 0, 0, 0, 0.361170972, -0.183467212, -0.157386279, -0.433533943, 0.463779212, -0.772562553, -0.883422852, -0.0500488281, 0.465698242, 0.177302341, 0.884505672, 0.431588907, 0, 0, -0, 0, 0, 0, 0, 0.423812598, -0.125246338, -0.123772217, 0.0881237309, 0.32268679, -0.94224169, 0.578979492, -0.786254883, -0.215087891, -0.810413639, -0.526650208, -0.256267004, 0, 2, 3, 1, 
489.614434, 51, 0.1, 0.1, 0.0279945717, 0.358058776, -0.0349693154, 0.980215311, -8.46917162e-006, 0.197934189, 0.197934189, 5.77083479e-006, -0.980215311, 7.15936619e-006, 1, 7.33299924e-006, 0.980215308, -5.68568252e-006, 0.197934205, 0.197934205, -3.16268533e-006, -0.980215308, 6.19919665e-006, 1, -1.97472153e-006, 0, 0, 0, 0, 0, 0, 0, 0.361170972, -0.183467212, -0.157386279, -0.433533943, 0.463779212, -0.772562553, -0.883422852, -0.0500488281, 0.465698242, 0.177302341, 0.884505672, 0.431588907, 0, 0, -0, 0, 0, 0, 0, 0.423812598, -0.125246338, -0.123772217, 0.0881237309, 0.32268679, -0.94224169, 0.578979492, -0.786254883, -0.215087891, -0.810413639, -0.526650208, -0.256267004, 0, 2, 3, 1, 
489.615159, 51, 0.1, 0.1, 0.0279945701, 0.358058774, -0.0349638769, 0.980215352, -1.23851131e-006, 0.197933988, 0.197933988, -2.59118729e-007, -0.980215352, 1.26529621e-006, 1, -8.84867202e-009, 0.980215342, 8.89120266e-006, 0.197934039, 0.197934039, -2.54486457e-006, -0.980215342, -8.21157793e-006, 1, -4.25438694e-006, 0, 0, 0, 0, 0, 0, 0, 0.361217236, -0.183730493, -0.156998755, -0.432538324, 0.462973432, -0.773704948, -0.884277344, -0.0505371094, 0.464111328, 0.175785139, 0.884880479, 0.431399069, 0, 0, -0, 0, 0, 0, 0, 0.423614258, -0.125434668, -0.123779053, 0.0884879357, 0.323159636, -0.942190651, 0.579101562, -0.786254883, -0.215332031, -0.81037536, -0.526477767, -0.25675261, 0, 2, 3, 1, 
489.615851, 51, 0.1, 0.1, 0.0279945707, 0.358058772, -0.0349605154, 0.980215416, 2.16920786e-007, 0.197933671, 0.197933671, -4.19319299e-006, -0.980215416, 6.17344982e-007, 1, -4.15316834e-006, 0.980215404, 2.18881555e-006, 0.197933733, 0.197933733, -3.33399771e-007, -0.980215404, -2.07951965e-006, 1, -7.60044023e-007, 0, 0, 0, 0, 0, 0, 0, 0.361217236, -0.183730493, -0.156998755, -0.432538324, 0.462973432, -0.773704948, -0.884277344, -0.0505371094, 0.464111328, 0.175785139, 0.884880479, 0.431399069, 0, 0, -0, 0, 0, 0, 0, 0.423614258, -0.125434668, -0.123779053, 0.0884879357, 0.323159636, -0.942190651, 0.579101562, -0.786254883, -0.215332031, -0.81037536, -0.526477767, -0.25675261, 0, 2, 3, 1, 
489.616541, 51, 0.1, 0.1, 0.0279945725, 0.35805877, -0.0349601101, 0.980215458, -5.71507596e-006, 0.197933463, 0.197933463, -3.81067029e-006, -0.980215458, 6.35626496e-006, 1, -2.60407314e-006, 0.980215453, -1.27399323e-005, 0.197933487, 0.197933487, 6.12533048e-006, -0.980215453, 1.12754705e-005, 1, 8.52580282e-006, 0, 0, 0, 0, 0, 0, 0, 0.361217236, -0.183730493, -0.156998755, -0.432538324, 0.462973432, -0.773704948, -0.884277344, -0.0505371094, 0.464111328, 0.175785139, 0.884880479, 0.431399069, 0, 0, -0, 0, 0, 0, 0, 0.423614258, -0.125434668, -0.123779053, 0.0884879357, 0.323159636, -0.942190651, 0.579101562, -0.786254883, -0.215332031, -0.81037536, -0.526477767, -0.25675261, 0, 2, 3, 1, 
489.617237, 51, 0.1, 0.1, 0.0279945714, 0.358058769, -0.0349625611, 0.98021545, -5.53841552e-006, 0.197933501, 0.197933501, 4.08742144e-006, -0.98021545, 4.61980282e-006, 1, 5.10279162e-006, 0.980215455, -3.85809944e-006, 0.197933477, 0.197933478, 8.57489348e-006, -0.980215455, 2.08451021e-006, 1, 9.16889016e-006, 0, 0, 0, 0, 0, 0, 0, 0.361217236, -0.183730493, -0.156998755, -0.432538324, 0.462973432, -0.773704948, -0.884277344, -0.0505371094, 0.464111328, 0.175785139, 0.884880479, 0.431399069, 0, 0, -0, 0, 0, 0, 0, 0.423614258, -0.125434668, -0.123779053, 0.0884879357, 0.323159636, -0.942190651, 0.579101562, -0.786254883, -0.215332031, -0.81037536, -0.526477767, -0.25675261, 0, 2, 3, 1, 
