time, trialNum, realDorsalTactorPos, realVentralTactorPos, boxPosX, boxPosY, boxPosZ, boxLocalRot_11, boxLocalRot_12, boxLocalRot_13, boxLocalRot_21, boxLocalRot_22, boxLocalRot_23, boxLocalRot_31, boxLocalRot_32, boxLocalRot_33, boxGlobalRot_11, boxGlobalRot_12, boxGlobalRot_13, boxGlobalRot_21, boxGlobalRot_22, boxGlobalRot_23, boxGlobalRot_31, boxGlobalRot_32, boxGlobalRot_33, indexForceX, indexForceY, indexForceZ, indexForceGlobalX, indexForceGlobalY, indexForceGlobalZ, indexContact, indexPosX, indexPosY, indexPosZ, indexRot_11, indexRot_12, indexRot_13, indexRot_21, indexRot_22, indexRot_23, indexRot_31, indexRot_32, indexRot_33, thumbForceX, thumbForceY, thumbForceZ, thumbForceGlobalX, thumbForceGlobalY, thumbForceGlobalZ, thumbContact, thumbPosX, thumbPosY, thumbPosZ, thumbRot_11, thumbRot_12, thumbRot_13, thumbRot_21, thumbRot_22, thumbRot_23, thumbRot_31, thumbRot_32, thumbRot_33, manipForceTooHigh, cceExpType, mapping, trialSuccess, 
501.832241, 64, 0.1, 0.1, 0.0449651739, 0.346173908, -0.0349783909, 0.945574479, -4.06759051e-006, -0.325405754, 0.325405754, 2.99874943e-006, 0.945574479, -2.87039946e-006, -1, 4.15915828e-006, 0.945574362, -1.12666806e-006, -0.325406093, 0.325406093, 3.83552245e-006, 0.945574362, 1.82753939e-007, -1, 3.99339635e-006, 0, 0, 0, 0, 0, 0, 0, 0.30983335, -0.171390967, -0.183735815, -0.310657304, 0.406059234, -0.85938943, -0.950195312, -0.110107422, 0.291381836, 0.0237433448, 0.907119139, 0.420251771, 0, 0, -0, 0, 0, 0, 0, 0.367284473, -0.104438232, -0.140449805, 0.170407762, 0.384493731, -0.907172391, 0.56640625, -0.791503906, -0.229125977, -0.806183977, -0.474739234, -0.352861866, 0, 2, 1, 1, 
501.854147, 64, 0.1, 0.1, 0.0449652006, 0.346173892, -0.0349594272, 0.94557455, 1.88585756e-005, -0.325405548, 0.325405548, -6.91324379e-006, 0.94557455, 1.55825812e-005, -1, -1.26736725e-005, 0.945574578, 4.77791702e-005, -0.325405463, 0.325405463, 3.7842564e-006, 0.945574579, 4.64101865e-005, -0.999999999, -1.19693064e-005, 0, 0, 0, 0, 0, 0, 0, 0.313740552, -0.178634375, -0.182145459, -0.303119584, 0.395151999, -0.86713532, -0.952880859, -0.118774414, 0.278930664, 0.00734767931, 0.910824146, 0.412703572, 0, 0, -0, 0, 0, 0, 0, 0.368571973, -0.110689893, -0.139429932, 0.172780024, 0.370478576, -0.912488175, 0.581420898, -0.786132813, -0.208984375, -0.794887798, -0.494378207, -0.351333951, 0, 2, 1, 1, 
501.855305, 64, 0.1, 0.1, 0.0449651667, 0.346173891, -0.0349663608, 0.945574573, -5.87112436e-005, -0.325405476, 0.325405476, -3.70834999e-006, 0.945574574, -5.67225765e-005, -0.999999998, 1.55984387e-005, 0.945574563, -7.30650396e-005, -0.325405502, 0.325405503, 2.56631665e-006, 0.945574565, -6.82533495e-005, -0.999999997, 2.62024097e-005, 0, 0, 0, 0, 0, 0, 0, 0.313740552, -0.178634375, -0.182145459, -0.303119584, 0.395151999, -0.86713532, -0.952880859, -0.118774414, 0.278930664, 0.00734767931, 0.910824146, 0.412703572, 0, 0, -0, 0, 0, 0, 0, 0.368571973, -0.110689893, -0.139429932, 0.174735576, 0.370235406, -0.912258498, 0.584106445, -0.784790039, -0.206665039, -0.792472893, -0.496735877, -0.35351918, 0, 2, 1, 1, 
501.856434, 64, 0.1, 0.1, 0.0449651789, 0.346173894, -0.0349650118, 0.945574458, 6.40566775e-005, -0.325405808, 0.325405806, 2.79256889e-005, 0.945574461, 6.96575397e-005, -0.999999998, 5.56140335e-006, 0.945574498, 5.33852053e-005, -0.325405693, 0.325405693, 2.23045727e-005, 0.9455745, 5.77377238e-005, -0.999999998, 3.71878544e-006, 0, 0, 0, 0, 0, 0, 0, 0.313740552, -0.178634375, -0.182145459, -0.303119584, 0.395151999, -0.86713532, -0.952880859, -0.118774414, 0.278930664, 0.00734767931, 0.910824146, 0.412703572, 0, 0, -0, 0, 0, 0, 0, 0.369198633, -0.111202051, -0.139237451, 0.174735576, 0.370235406, -0.912258498, 0.584106445, -0.784790039, -0.206665039, -0.792472893, -0.496735877, -0.35351918, 0, 2, 1, 1, 
501.857587, 64, 0.1, 0.1, 0.04496519, 0.346173899, -0.0349571807, 0.945574343, -3.25500841e-005, -0.325406147, 0.325406147, 2.37848167e-006, 0.945574344, -3.00045519e-005, -0.999999999, 1.28410287e-005, 0.945574341, -4.50850979e-006, -0.325406156, 0.325406156, -5.79483545e-006, 0.945574341, -6.1488063e-006, -1, -4.01235087e-006, 0, 0, 0, 0, 0, 0, 0, 0.313740552, -0.178634375, -0.182145459, -0.299574076, 0.394428595, -0.868759985, -0.953979492, -0.120727539, 0.274169922, 0.00320195986, 0.910938722, 0.412590118, 0, 0, -0, 0, 0, 0, 0, 0.369198633, -0.111202051, -0.139237451, 0.174735576, 0.370235406, -0.912258498, 0.584106445, -0.784790039, -0.206665039, -0.792472893, -0.496735877, -0.35351918, 0, 2, 1, 1, 
501.858309, 64, 0.1, 0.1, 0.0449651841, 0.346173897, -0.0349532371, 0.945574321, 1.6055738e-005, -0.325406212, 0.325406212, -2.91855691e-006, 0.945574321, 1.42321771e-005, -1, -7.98434936e-006, 0.945574335, 6.02699991e-006, -0.325406173, 0.325406173, -9.71458903e-006, 0.945574335, 2.53778919e-006, -1, -1.1147089e-005, 0, 0, 0, 0, 0, 0, 0, 0.314578857, -0.179340723, -0.181782349, -0.299574076, 0.394428595, -0.868759985, -0.953979492, -0.120727539, 0.274169922, 0.00320195986, 0.910938722, 0.412590118, 0, 0, -0, 0, 0, 0, 0, 0.369198633, -0.111202051, -0.139237451, 0.174735576, 0.370235406, -0.912258498, 0.584106445, -0.784790039, -0.206665039, -0.792472893, -0.496735877, -0.35351918, 0, 2, 1, 1, 
501.859013, 64, 0.1, 0.1, 0.0449651846, 0.346173896, -0.0349546084, 0.945574203, 4.72864948e-007, -0.325406555, 0.325406555, -1.8858301e-005, 0.945574203, -5.68948588e-006, -1, -1.79857963e-005, 0.945574232, -3.73487782e-006, -0.325406471, 0.325406471, -1.54640929e-005, 0.945574232, -8.56372014e-006, -1, -1.34070944e-005, 0, 0, 0, 0, 0, 0, 0, 0.314578857, -0.179340723, -0.181782349, -0.299574076, 0.394428595, -0.868759985, -0.953979492, -0.120727539, 0.274169922, 0.00320195986, 0.910938722, 0.412590118, 0, 0, -0, 0, 0, 0, 0, 0.369198633, -0.111202051, -0.139237451, 0.174735576, 0.370235406, -0.912258498, 0.584106445, -0.784790039, -0.206665039, -0.792472893, -0.496735877, -0.35351918, 0, 2, 1, 1, 
501.859728, 64, 0.1, 0.1, 0.0449651818, 0.3461739, -0.034960371, 0.945574007, -2.37998472e-005, -0.325407123, 0.325407124, 2.15065023e-005, 0.945574007, -1.55061479e-005, -0.999999999, 2.80806294e-005, 0.945574057, -1.78504769e-005, -0.325406981, 0.325406981, 2.08846101e-005, 0.945574056, -1.00829499e-005, -1, 2.55566153e-005, 0, 0, 0, 0, 0, 0, 0, 0.314578857, -0.179340723, -0.181782349, -0.299574076, 0.394428595, -0.868759985, -0.953979492, -0.120727539, 0.274169922, 0.00320195986, 0.910938722, 0.412590118, 0, 0, -0, 0, 0, 0, 0, 0.369198633, -0.111202051, -0.139237451, 0.174735576, 0.370235406, -0.912258498, 0.584106445, -0.784790039, -0.206665039, -0.792472893, -0.496735877, -0.35351918, 0, 2, 1, 1, 
501.860451, 64, 0.1, 0.1, 0.0449651833, 0.346173899, -0.0349680112, 0.945573787, 2.6122198e-005, -0.325407765, 0.325407765, -1.66298135e-005, 0.945573787, 1.92889953e-005, -1, -2.42250818e-005, 0.945573826, 2.31018748e-005, -0.325407652, 0.325407652, -1.2826917e-005, 0.945573826, 1.76705512e-005, -1, -1.96463238e-005, 0, 0, 0, 0, 0, 0, 0, 0.315341724, -0.180739868, -0.181617334, -0.297607927, 0.393242016, -0.869858196, -0.954589844, -0.121948242, 0.271484375, 0.000789489573, 0.91125025, 0.411898914, 0, 0, -0, 0, 0, 0, 0, 0.369550293, -0.111972119, -0.139046191, 0.176160679, 0.369334189, -0.912386463, 0.58605957, -0.784057617, -0.204223633, -0.790850196, -0.498671739, -0.354637314, 0, 2, 1, 1, 
501.861154, 64, 0.1, 0.1, 0.0449651817, 0.346173899, -0.034975062, 0.945573626, -2.31654486e-005, -0.325408231, 0.325408231, 1.61565399e-005, 0.945573626, -1.66471662e-005, -1, 2.28154256e-005, 0.94557365, -1.70416789e-005, -0.325408163, 0.325408164, 6.77372883e-006, 0.94557365, -1.39099358e-005, -1, 1.19505609e-005, 0, 0, 0, 0, 0, 0, 0, 0.315341724, -0.180739868, -0.181617334, -0.297607927, 0.393242016, -0.869858196, -0.954589844, -0.121948242, 0.271484375, 0.000789489573, 0.91125025, 0.411898914, 0, 0, -0, 0, 0, 0, 0, 0.369550293, -0.111972119, -0.139046191, 0.176160679, 0.369334189, -0.912386463, 0.58605957, -0.784057617, -0.204223633, -0.790850196, -0.498671739, -0.354637314, 0, 2, 1, 1, 
501.861857, 64, 0.1, 0.1, 0.0449651787, 0.346173906, -0.0349799493, 0.94557355, 1.53890742e-005, -0.325408453, 0.325408453, 1.27704401e-005, 0.94557355, 1.87071107e-005, -1, 7.06765551e-006, 0.945573558, 4.51921286e-006, -0.325408431, 0.325408431, 2.06701345e-005, 0.945573558, 1.09994842e-005, -1, 1.80745426e-005, 0, 0, 0, 0, 0, 0, 0, 0.315341724, -0.180739868, -0.181617334, -0.297607927, 0.393242016, -0.869858196, -0.954589844, -0.121948242, 0.271484375, 0.000789489573, 0.91125025, 0.411898914, 0, 0, -0, 0, 0, 0, 0, 0.369550293, -0.111972119, -0.139046191, 0.176160679, 0.369334189, -0.912386463, 0.58605957, -0.784057617, -0.204223633, -0.790850196, -0.498671739, -0.354637314, 0, 2, 1, 1, 
501.862555, 64, 0.1, 0.1, 0.044965185, 0.346173901, -0.0349814099, 0.945573573, 8.84175147e-006, -0.325408385, 0.325408385, -2.24808201e-005, 0.945573573, 1.04507918e-006, -1, -2.41344494e-005, 0.945573563, 1.87937604e-005, -0.325408415, 0.325408416, -2.08428213e-005, 0.945573563, 1.09884535e-005, -1, -2.58240686e-005, 0, 0, 0, 0, 0, 0, 0, 0.315341724, -0.180739868, -0.181617334, -0.297607927, 0.393242016, -0.869858196, -0.954589844, -0.121948242, 0.271484375, 0.000789489573, 0.91125025, 0.411898914, 0, 0, -0, 0, 0, 0, 0, 0.369550293, -0.111972119, -0.139046191, 0.176160679, 0.369334189, -0.912386463, 0.58605957, -0.784057617, -0.204223633, -0.790850196, -0.498671739, -0.354637314, 0, 2, 1, 1, 
501.863325, 64, 0.1, 0.1, 0.0449651758, 0.3461739, -0.034978547, 0.945573693, -2.70755026e-005, -0.325408036, 0.325408037, 9.67190872e-006, 0.945573693, -2.24545661e-005, -1, 1.79560886e-005, 0.945573662, -3.02095451e-005, -0.325408127, 0.325408127, 4.19774433e-006, 0.945573662, -2.71993701e-005, -1, 1.3799708e-005, 0, 0, 0, 0, 0, 0, 0, 0.315341724, -0.180739868, -0.181617334, -0.297607927, 0.393242016, -0.869858196, -0.954589844, -0.121948242, 0.271484375, 0.000789489573, 0.91125025, 0.411898914, 0, 0, -0, 0, 0, 0, 0, 0.369550293, -0.111972119, -0.139046191, 0.176160679, 0.369334189, -0.912386463, 0.58605957, -0.784057617, -0.204223633, -0.790850196, -0.498671739, -0.354637314, 0, 2, 1, 1, 
501.864067, 64, 0.1, 0.1, 0.0449651762, 0.346173901, -0.0349723121, 0.94557389, 1.51768435e-005, -0.325407466, 0.325407467, -1.59105988e-005, 0.945573889, 9.17339935e-006, -1, -1.9983305e-005, 0.945573846, 1.52434612e-005, -0.325407592, 0.325407592, -7.71786396e-006, 0.945573846, 1.19023667e-005, -1, -1.22581483e-005, 0, 0, 0, 0, 0, 0, 0, 0.315341724, -0.180739868, -0.181617334, -0.297607927, 0.393242016, -0.869858196, -0.954589844, -0.121948242, 0.271484375, 0.000789489573, 0.91125025, 0.411898914, 0, 0, -0, 0, 0, 0, 0, 0.369550293, -0.111972119, -0.139046191, 0.176160679, 0.369334189, -0.912386463, 0.58605957, -0.784057617, -0.204223633, -0.790850196, -0.498671739, -0.354637314, 0, 2, 1, 1, 
501.864783, 64, 0.1, 0.1, 0.0449651722, 0.346173898, -0.0349656959, 0.945574155, -1.55307286e-005, -0.325406696, 0.325406696, 1.24766828e-005, 0.945574155, -1.06254595e-005, -1, 1.68514319e-005, 0.945574093, -1.90737155e-005, -0.325406876, 0.325406876, 1.9275607e-006, 0.945574093, -1.74083697e-005, -1, 8.02936962e-006, 0, 0, 0, 0, 0, 0, 0, 0.316246777, -0.181839746, -0.181061865, -0.297064621, 0.389117637, -0.871922069, -0.954833984, -0.125366211, 0.269287109, -0.00436383087, 0.912521447, 0.409012409, 0, 0, -0, 0, 0, 0, 0, 0.369550293, -0.111972119, -0.139046191, 0.176160679, 0.369334189, -0.912386463, 0.58605957, -0.784057617, -0.204223633, -0.790850196, -0.498671739, -0.354637314, 0, 2, 1, 1, 
501.865487, 64, 0.1, 0.1, 0.0449651727, 0.346173898, -0.0349604564, 0.945574479, 6.5098698e-006, -0.325405755, 0.325405755, -2.73271575e-005, 0.945574478, -2.73684758e-006, -1, -2.79582118e-005, 0.945574417, 4.43559524e-006, -0.325405933, 0.325405933, -1.71240527e-005, 0.945574417, -1.37808294e-006, -1, -1.76354351e-005, 0, 0, 0, 0, 0, 0, 0, 0.316246777, -0.181839746, -0.181061865, -0.297064621, 0.389117637, -0.871922069, -0.954833984, -0.125366211, 0.269287109, -0.00436383087, 0.912521447, 0.409012409, 0, 0, -0, 0, 0, 0, 0, 0.370372119, -0.113130469, -0.138662939, 0.177592345, 0.366547782, -0.913197995, 0.589233398, -0.782836914, -0.199584961, -0.788122125, -0.502524141, -0.355090837, 0, 2, 1, 1, 
501.86622, 64, 0.1, 0.1, 0.0449651716, 0.346173896, -0.0349580922, 0.945574782, -9.68980839e-006, -0.325404872, 0.325404872, 2.0873643e-005, 0.945574782, -2.37005332e-006, -1, 2.28907013e-005, 0.945574717, -1.20008335e-005, -0.325405061, 0.325405061, 7.76841202e-006, 0.945574717, -8.81980415e-006, -1, 1.12507459e-005, 0, 0, 0, 0, 0, 0, 0, 0.316246777, -0.181839746, -0.181061865, -0.297064621, 0.389117637, -0.871922069, -0.954833984, -0.125366211, 0.269287109, -0.00436383087, 0.912521447, 0.409012409, 0, 0, -0, 0, 0, 0, 0, 0.370372119, -0.113130469, -0.138662939, 0.177592345, 0.366547782, -0.913197995, 0.589233398, -0.782836914, -0.199584961, -0.788122125, -0.502524141, -0.355090837, 0, 2, 1, 1, 
501.866923, 64, 0.1, 0.1, 0.0449651726, 0.346173898, -0.0349590915, 0.945575141, -4.19307792e-006, -0.325403831, 0.325403831, -2.51816691e-005, 0.94557514, -1.21590818e-005, -1, -2.24467166e-005, 0.945575063, 7.63317694e-006, -0.325404056, 0.325404056, -9.6400285e-006, 0.945575063, 4.08083739e-006, -1, -1.15992373e-005, 0, 0, 0, 0, 0, 0, 0, 0.316246777, -0.181839746, -0.181061865, -0.297064621, 0.389117637, -0.871922069, -0.954833984, -0.125366211, 0.269287109, -0.00436383087, 0.912521447, 0.409012409, 0, 0, -0, 0, 0, 0, 0, 0.370372119, -0.113130469, -0.138662939, 0.177592345, 0.366547782, -0.913197995, 0.589233398, -0.782836914, -0.199584961, -0.788122125, -0.502524141, -0.355090837, 0, 2, 1, 1, 
501.867617, 64, 0.1, 0.1, 0.0449651694, 0.346173895, -0.0349630505, 0.945575535, 8.3274652e-006, -0.325402685, 0.325402684, 2.11301728e-005, 0.945575535, 1.47500623e-005, -1, 1.72703949e-005, 0.945575451, -6.06591002e-006, -0.325402929, 0.325402929, 5.67855819e-006, 0.945575451, -3.88795614e-006, -1, 7.34337011e-006, 0, 0, 0, 0, 0, 0, 0, 0.316246777, -0.181839746, -0.181061865, -0.297064621, 0.389117637, -0.871922069, -0.954833984, -0.125366211, 0.269287109, -0.00436383087, 0.912521447, 0.409012409, 0, 0, -0, 0, 0, 0, 0, 0.370372119, -0.113130469, -0.138662939, 0.177592345, 0.366547782, -0.913197995, 0.589233398, -0.782836914, -0.199584961, -0.788122125, -0.502524141, -0.355090837, 0, 2, 1, 1, 
501.86832, 64, 0.1, 0.1, 0.0449651757, 0.3461739, -0.0349686242, 0.945575969, 1.09585441e-005, -0.325401425, 0.325401426, -1.0238995e-005, 0.945575968, 7.03035236e-006, -1, -1.32476735e-005, 0.945575881, 2.14486313e-005, -0.32540168, 0.32540168, 1.63480749e-006, 0.945575881, 2.08132775e-005, -1, -5.43358612e-006, 0, 0, 0, 0, 0, 0, 0, 0.316246777, -0.181839746, -0.181061865, -0.297064621, 0.389117637, -0.871922069, -0.954833984, -0.125366211, 0.269287109, -0.00436383087, 0.912521447, 0.409012409, 0, 0, -0, 0, 0, 0, 0, 0.370372119, -0.113130469, -0.138662939, 0.177592345, 0.366547782, -0.913197995, 0.589233398, -0.782836914, -0.199584961, -0.788122125, -0.502524141, -0.355090837, 0, 2, 1, 1, 
501.869017, 64, 0.1, 0.1, 0.0449651666, 0.346173897, -0.0349741331, 0.94557646, -3.23355433e-005, -0.325399995, 0.325399995, 5.47510388e-006, 0.945576461, -2.87941298e-005, -0.999999999, 1.5699115e-005, 0.94557636, -3.37078974e-005, -0.325400286, 0.325400287, -2.59524724e-006, 0.94557636, -3.27178851e-005, -0.999999999, 8.51455504e-006, 0, 0, 0, 0, 0, 0, 0, 0.316246777, -0.181839746, -0.181061865, -0.297064621, 0.389117637, -0.871922069, -0.954833984, -0.125366211, 0.269287109, -0.00436383087, 0.912521447, 0.409012409, 0, 0, -0, 0, 0, 0, 0, 0.370372119, -0.113130469, -0.138662939, 0.177592345, 0.366547782, -0.913197995, 0.589233398, -0.782836914, -0.199584961, -0.788122125, -0.502524141, -0.355090837, 0, 2, 1, 1, 
501.869746, 64, 0.1, 0.1, 0.0449651677, 0.3461739, -0.034977977, 0.945577011, 3.0826828e-005, -0.325398395, 0.325398395, 3.27316931e-006, 0.945577011, 3.02142239e-005, -1, -6.9359667e-006, 0.945576889, 2.08618621e-005, -0.325398751, 0.325398751, 7.06355416e-006, 0.945576889, 2.20249664e-005, -1, -1.09290325e-007, 0, 0, 0, 0, 0, 0, 0, 0.317520679, -0.182193848, -0.180441577, -0.297861784, 0.386547529, -0.872861521, -0.954467773, -0.132568359, 0.266967773, -0.0125182323, 0.912681328, 0.408543244, 0, 0, -0, 0, 0, 0, 0, 0.370372119, -0.113130469, -0.138662939, 0.176992267, 0.365856919, -0.913658081, 0.59387207, -0.779907227, -0.197143555, -0.784748399, -0.507629205, -0.35538468, 0, 2, 1, 1, 
501.870439, 64, 0.1, 0.1, 0.0449651738, 0.346173903, -0.03497877, 0.945577496, -3.00756549e-006, -0.325396988, 0.325396988, 1.03026452e-005, 0.945577495, 5.08563483e-007, -1, 1.07206022e-005, 0.945577409, 1.12922937e-005, -0.32539724, 0.32539724, 1.05614035e-005, 0.945577409, 1.41143894e-005, -1, 6.31214335e-006, 0, 0, 0, 0, 0, 0, 0, 0.317520679, -0.182193848, -0.180441577, -0.297861784, 0.386547529, -0.872861521, -0.954467773, -0.132568359, 0.266967773, -0.0125182323, 0.912681328, 0.408543244, 0, 0, -0, 0, 0, 0, 0, 0.371073096, -0.113283545, -0.138253076, 0.176992267, 0.365856919, -0.913658081, 0.59387207, -0.779907227, -0.197143555, -0.784748399, -0.507629205, -0.35538468, 0, 2, 1, 1, 
501.871137, 64, 0.1, 0.1, 0.044965163, 0.346173899, -0.0349768561, 0.945577834, -2.80625438e-005, -0.325396003, 0.325396003, -2.647951e-005, 0.945577834, -3.51516461e-005, -0.999999999, -1.59069982e-005, 0.945577778, -3.2677968e-005, -0.325396165, 0.325396165, -2.17324194e-005, 0.945577779, -3.79712063e-005, -0.999999999, -9.91640737e-006, 0, 0, 0, 0, 0, 0, 0, 0.317520679, -0.182193848, -0.180441577, -0.297861784, 0.386547529, -0.872861521, -0.954467773, -0.132568359, 0.266967773, -0.0125182323, 0.912681328, 0.408543244, 0, 0, -0, 0, 0, 0, 0, 0.371073096, -0.113283545, -0.138253076, 0.176992267, 0.365856919, -0.913658081, 0.59387207, -0.779907227, -0.197143555, -0.784748399, -0.507629205, -0.35538468, 0, 2, 1, 1, 
501.871841, 64, 0.1, 0.1, 0.0449651624, 0.346173897, -0.0349729113, 0.945578048, 1.43655392e-005, -0.325395383, 0.325395382, 1.59028375e-005, 0.945578048, 1.87584484e-005, -1, 1.03628939e-005, 0.945578014, 1.09281223e-005, -0.325395481, 0.325395481, 7.94954151e-006, 0.945578014, 1.29201371e-005, -1, 3.96095005e-006, 0, 0, 0, 0, 0, 0, 0, 0.317520679, -0.182193848, -0.180441577, -0.297861784, 0.386547529, -0.872861521, -0.954467773, -0.132568359, 0.266967773, -0.0125182323, 0.912681328, 0.408543244, 0, 0, -0, 0, 0, 0, 0, 0.371073096, -0.113283545, -0.138253076, 0.176992267, 0.365856919, -0.913658081, 0.59387207, -0.779907227, -0.197143555, -0.784748399, -0.507629205, -0.35538468, 0, 2, 1, 1, 
501.872564, 64, 0.1, 0.1, 0.0449651616, 0.346173898, -0.0349678042, 0.945578222, -2.05874064e-005, -0.325394876, 0.325394876, -9.71222269e-006, 0.945578222, -2.26273107e-005, -1, -2.4846297e-006, 0.945578184, -1.11191555e-005, -0.325394987, 0.325394987, -9.05628677e-006, 0.945578184, -1.34609012e-005, -1, -4.94530974e-006, 0, 0, 0, 0, 0, 0, 0, 0.318167822, -0.1836771, -0.179834717, -0.298047874, 0.383692103, -0.873991933, -0.954345703, -0.135986328, 0.26574707, -0.0168144762, 0.913380767, 0.406868404, 0, 0, -0, 0, 0, 0, 0, 0.371561816, -0.114590186, -0.13784126, 0.177043673, 0.363977926, -0.914316129, 0.596313477, -0.778686523, -0.194458008, -0.782901856, -0.51077252, -0.354962873, 0, 2, 1, 1, 
501.873288, 64, 0.1, 0.1, 0.0449651582, 0.346173898, -0.0349632362, 0.945578442, 1.83302878e-005, -0.325394237, 0.325394237, -4.5325374e-006, 0.945578442, 1.58578634e-005, -1, -1.02504396e-005, 0.945578402, 8.19695754e-006, -0.325394354, 0.325394354, -4.18897887e-006, 0.945578402, 6.38779593e-006, -1, -6.62825165e-006, 0, 0, 0, 0, 0, 0, 0, 0.318167822, -0.1836771, -0.179834717, -0.298047874, 0.383692103, -0.873991933, -0.954345703, -0.135986328, 0.26574707, -0.0168144762, 0.913380767, 0.406868404, 0, 0, -0, 0, 0, 0, 0, 0.371561816, -0.114590186, -0.13784126, 0.177043673, 0.363977926, -0.914316129, 0.596313477, -0.778686523, -0.194458008, -0.782901856, -0.51077252, -0.354962873, 0, 2, 1, 1, 
501.873992, 64, 0.1, 0.1, 0.0449651568, 0.346173898, -0.0349609491, 0.945578601, -2.61964552e-005, -0.325393775, 0.325393775, -7.08278038e-006, 0.945578601, -2.70755001e-005, -1, 1.82683788e-006, 0.945578573, -1.60061299e-005, -0.325393857, 0.325393857, -5.78736277e-006, 0.945578573, -1.70182257e-005, -1, -2.64109887e-007, 0, 0, 0, 0, 0, 0, 0, 0.318167822, -0.1836771, -0.179834717, -0.298047874, 0.383692103, -0.873991933, -0.954345703, -0.135986328, 0.26574707, -0.0168144762, 0.913380767, 0.406868404, 0, 0, -0, 0, 0, 0, 0, 0.371561816, -0.114590186, -0.13784126, 0.177043673, 0.363977926, -0.914316129, 0.596313477, -0.778686523, -0.194458008, -0.782901856, -0.51077252, -0.354962873, 0, 2, 1, 1, 
501.874702, 64, 0.1, 0.1, 0.0449651535, 0.346173899, -0.0349613678, 0.945578736, 1.71877618e-005, -0.325393382, 0.325393382, 1.00238963e-005, 0.945578736, 1.95140916e-005, -1, 3.88559923e-006, 0.9455787, 3.38013898e-006, -0.325393489, 0.325393489, 1.14856301e-005, 0.9455787, 6.93353666e-006, -1, 9.76069193e-006, 0, 0, 0, 0, 0, 0, 0, 0.318167822, -0.1836771, -0.179834717, -0.298047874, 0.383692103, -0.873991933, -0.954345703, -0.135986328, 0.26574707, -0.0168144762, 0.913380767, 0.406868404, 0, 0, -0, 0, 0, 0, 0, 0.371561816, -0.114590186, -0.13784126, 0.177043673, 0.363977926, -0.914316129, 0.596313477, -0.778686523, -0.194458008, -0.782901856, -0.51077252, -0.354962873, 0, 2, 1, 1, 
501.875398, 64, 0.1, 0.1, 0.0449651555, 0.346173898, -0.0349639854, 0.945578944, -1.88225472e-005, -0.325392778, 0.325392778, 6.83669796e-006, 0.945578944, -1.55735922e-005, -1, 1.25893586e-005, 0.945578896, -5.48102735e-006, -0.325392918, 0.325392918, -3.99013758e-006, 0.945578896, -6.4811063e-006, -1, -1.98950241e-006, 0, 0, 0, 0, 0, 0, 0, 0.318167822, -0.1836771, -0.179834717, -0.298047874, 0.383692103, -0.873991933, -0.954345703, -0.135986328, 0.26574707, -0.0168144762, 0.913380767, 0.406868404, 0, 0, -0, 0, 0, 0, 0, 0.371561816, -0.114590186, -0.13784126, 0.177043673, 0.363977926, -0.914316129, 0.596313477, -0.778686523, -0.194458008, -0.782901856, -0.51077252, -0.354962873, 0, 2, 1, 1, 
501.876105, 64, 0.1, 0.1, 0.0449651531, 0.346173902, -0.0349680266, 0.945579201, 2.10796287e-005, -0.325392033, 0.325392033, -4.5009907e-006, 0.945579201, 1.84678719e-005, -1, -1.11151864e-005, 0.945579145, 8.02609081e-006, -0.325392194, 0.325392194, 8.18175278e-006, 0.945579145, 1.02515826e-005, -1, 5.1248675e-006, 0, 0, 0, 0, 0, 0, 0, 0.318167822, -0.1836771, -0.179834717, -0.298047874, 0.383692103, -0.873991933, -0.954345703, -0.135986328, 0.26574707, -0.0168144762, 0.913380767, 0.406868404, 0, 0, -0, 0, 0, 0, 0, 0.371561816, -0.114590186, -0.13784126, 0.177043673, 0.363977926, -0.914316129, 0.596313477, -0.778686523, -0.194458008, -0.782901856, -0.51077252, -0.354962873, 0, 2, 1, 1, 
501.876818, 64, 0.1, 0.1, 0.0449651566, 0.346173897, -0.0349722654, 0.945579504, -1.01415217e-005, -0.325391152, 0.325391152, -6.27253474e-006, 0.945579504, -1.16306424e-005, -1, -2.63121887e-006, 0.945579433, 1.91297525e-006, -0.325391358, 0.325391358, -1.63596526e-005, 0.945579433, -3.51441953e-006, -1, -1.60918167e-005, 0, 0, 0, 0, 0, 0, 0, 0.318167822, -0.1836771, -0.179834717, -0.29944563, 0.38210563, -0.874188884, -0.953857422, -0.139282227, 0.26574707, -0.0201772595, 0.913508448, 0.406405231, 0, 0, -0, 0, 0, 0, 0, 0.371561816, -0.114590186, -0.13784126, 0.177043673, 0.363977926, -0.914316129, 0.596313477, -0.778686523, -0.194458008, -0.782901856, -0.51077252, -0.354962873, 0, 2, 1, 1, 
501.877523, 64, 0.1, 0.1, 0.0449651525, 0.346173905, -0.0349751178, 0.945579872, 3.93230366e-006, -0.325390083, 0.325390082, 2.78352636e-005, 0.945579872, 1.27756259e-005, -1, 2.50409324e-005, 0.945579796, -3.61384209e-006, -0.325390303, 0.325390303, 3.07165858e-005, 0.945579795, 6.57770313e-006, -1, 3.02208922e-005, 0, 0, 0, 0, 0, 0, 0, 0.318086157, -0.184650757, -0.179622949, -0.29944563, 0.38210563, -0.874188884, -0.953857422, -0.139282227, 0.26574707, -0.0201772595, 0.913508448, 0.406405231, 0, 0, -0, 0, 0, 0, 0, 0.371597461, -0.115675293, -0.137436035, 0.176960917, 0.362111693, -0.915108337, 0.598876953, -0.77746582, -0.191772461, -0.78094667, -0.514037237, -0.354432424, 0, 2, 1, 1, 
501.878225, 64, 0.1, 0.1, 0.0449651542, 0.346173901, -0.0349760884, 0.945580284, -7.68216946e-008, -0.325388886, 0.325388885, -3.78437817e-005, 0.945580283, -1.2386587e-005, -0.999999999, -3.57593369e-005, 0.945580201, 3.67115174e-006, -0.325389126, 0.325389126, -2.929605e-005, 0.945580201, -6.06124768e-006, -1, -2.88963177e-005, 0, 0, 0, 0, 0, 0, 0, 0.318086157, -0.184650757, -0.179622949, -0.29944563, 0.38210563, -0.874188884, -0.953857422, -0.139282227, 0.26574707, -0.0201772595, 0.913508448, 0.406405231, 0, 0, -0, 0, 0, 0, 0, 0.371597461, -0.115675293, -0.137436035, 0.176960917, 0.362111693, -0.915108337, 0.598876953, -0.77746582, -0.191772461, -0.78094667, -0.514037237, -0.354432424, 0, 2, 1, 1, 
501.878924, 64, 0.1, 0.1, 0.0449651548, 0.346173894, -0.0349751415, 0.945580672, 7.73628428e-006, -0.325387756, 0.325387756, 6.35662114e-006, 0.945580672, 9.38364758e-006, -1, 3.4934059e-006, 0.945580605, 8.16984253e-006, -0.325387952, 0.325387952, -1.08584616e-005, 0.945580605, 4.19203206e-006, -1, -1.2925919e-005, 0, 0, 0, 0, 0, 0, 0, 0.318086157, -0.184650757, -0.179622949, -0.29944563, 0.38210563, -0.874188884, -0.953857422, -0.139282227, 0.26574707, -0.0201772595, 0.913508448, 0.406405231, 0, 0, -0, 0, 0, 0, 0, 0.371597461, -0.115675293, -0.137436035, 0.176960917, 0.362111693, -0.915108337, 0.598876953, -0.77746582, -0.191772461, -0.78094667, -0.514037237, -0.354432424, 0, 2, 1, 1, 
501.879668, 64, 0.1, 0.1, 0.0449651526, 0.3461739, -0.0349723049, 0.945580958, -5.02799222e-006, -0.325386925, 0.325386925, 4.68489413e-006, 0.945580958, -3.22997041e-006, -1, 6.06598961e-006, 0.945580898, -1.10964258e-005, -0.3253871, 0.3253871, 1.54954363e-005, 0.945580898, -5.45055322e-006, -1, 1.82628223e-005, 0, 0, 0, 0, 0, 0, 0, 0.318086157, -0.184650757, -0.179622949, -0.29944563, 0.38210563, -0.874188884, -0.953857422, -0.139282227, 0.26574707, -0.0201772595, 0.913508448, 0.406405231, 0, 0, -0, 0, 0, 0, 0, 0.371597461, -0.115675293, -0.137436035, 0.176960917, 0.362111693, -0.915108337, 0.598876953, -0.77746582, -0.191772461, -0.78094667, -0.514037237, -0.354432424, 0, 2, 1, 1, 
501.880363, 64, 0.1, 0.1, 0.044965153, 0.346173896, -0.0349685868, 0.945581179, -8.27282241e-006, -0.325386285, 0.325386285, -8.94632577e-006, 0.945581179, -1.07336369e-005, -1, -5.76761431e-006, 0.945581132, -2.3532585e-006, -0.32538642, 0.32538642, -1.67345157e-005, 0.945581132, -7.670381e-006, -1, -1.50581239e-005, 0, 0, 0, 0, 0, 0, 0, 0.318086157, -0.184650757, -0.179622949, -0.29944563, 0.38210563, -0.874188884, -0.953857422, -0.139282227, 0.26574707, -0.0201772595, 0.913508448, 0.406405231, 0, 0, -0, 0, 0, 0, 0, 0.371597461, -0.115675293, -0.137436035, 0.176960917, 0.362111693, -0.915108337, 0.598876953, -0.77746582, -0.191772461, -0.78094667, -0.514037237, -0.354432424, 0, 2, 1, 1, 
501.88106, 64, 0.1, 0.1, 0.044965151, 0.3461739, -0.0349654514, 0.945581434, 1.31913771e-006, -0.325385544, 0.325385544, 3.16484992e-006, 0.945581434, 2.27714853e-006, -1, 2.56339498e-006, 0.945581387, -4.65812875e-006, -0.32538568, 0.32538568, 1.25932494e-005, 0.945581387, -3.0697684e-007, -1, 1.34236306e-005, 0, 0, 0, 0, 0, 0, 0, 0.318086157, -0.184650757, -0.179622949, -0.29944563, 0.38210563, -0.874188884, -0.953857422, -0.139282227, 0.26574707, -0.0201772595, 0.913508448, 0.406405231, 0, 0, -0, 0, 0, 0, 0, 0.371597461, -0.115675293, -0.137436035, 0.176960917, 0.362111693, -0.915108337, 0.598876953, -0.77746582, -0.191772461, -0.78094667, -0.514037237, -0.354432424, 0, 2, 1, 1, 
501.881789, 64, 0.1, 0.1, 0.0449651522, 0.346173894, -0.0349635834, 0.945581674, -1.04692017e-006, -0.325384846, 0.325384846, -9.87255879e-006, 0.945581674, -4.20232955e-006, -1, -8.99465871e-006, 0.945581626, 7.11749114e-006, -0.325384984, 0.325384984, -2.03722541e-005, 0.945581626, 1.01343266e-007, -1, -2.15795539e-005, 0, 0, 0, 0, 0, 0, 0, 0.318463062, -0.186068213, -0.179416553, -0.300671523, 0.38055735, -0.87446222, -0.953369141, -0.141479492, 0.266113281, -0.0224549359, 0.913877263, 0.405459787, 0, 0, -0, 0, 0, 0, 0, 0.371597461, -0.115675293, -0.137436035, 0.176999563, 0.360015416, -0.915900546, 0.60144043, -0.776123047, -0.188842773, -0.778978725, -0.517448875, -0.353901975, 0, 2, 1, 1, 
501.882486, 64, 0.1, 0.1, 0.0449651512, 0.346173899, -0.0349633752, 0.945581914, -6.09847637e-006, -0.325384149, 0.325384149, 3.96295087e-006, 0.945581914, -4.47712756e-006, -1, 5.73164222e-006, 0.945581867, 1.40989435e-007, -0.325384285, 0.325384285, 1.78016119e-005, 0.945581867, 5.92568183e-006, -1, 1.67870057e-005, 0, 0, 0, 0, 0, 0, 0, 0.318463062, -0.186068213, -0.179416553, -0.300671523, 0.38055735, -0.87446222, -0.953369141, -0.141479492, 0.266113281, -0.0224549359, 0.913877263, 0.405459787, 0, 0, -0, 0, 0, 0, 0, 0.371864648, -0.116778711, -0.136807568, 0.176999563, 0.360015416, -0.915900546, 0.60144043, -0.776123047, -0.188842773, -0.778978725, -0.517448875, -0.353901975, 0, 2, 1, 1, 
501.883186, 64, 0.1, 0.1, 0.0449651526, 0.346173893, -0.034964984, 0.945582066, 5.64211953e-006, -0.325383705, 0.325383705, -8.1147339e-006, 0.945582066, 2.69468486e-006, -1, -9.5090006e-006, 0.945582043, 1.25318562e-005, -0.325383772, 0.325383772, -1.6753196e-005, 0.945582043, 6.39868006e-006, -1, -1.99191839e-005, 0, 0, 0, 0, 0, 0, 0, 0.318463062, -0.186068213, -0.179416553, -0.300671523, 0.38055735, -0.87446222, -0.953369141, -0.141479492, 0.266113281, -0.0224549359, 0.913877263, 0.405459787, 0, 0, -0, 0, 0, 0, 0, 0.371864648, -0.116778711, -0.136807568, 0.176999563, 0.360015416, -0.915900546, 0.60144043, -0.776123047, -0.188842773, -0.778978725, -0.517448875, -0.353901975, 0, 2, 1, 1, 
501.883888, 64, 0.1, 0.1, 0.0449651491, 0.346173898, -0.0349678522, 0.945582185, -1.05366906e-007, -0.325383362, 0.325383362, 7.58379832e-006, 0.945582185, 2.36800872e-006, -1, 7.20538922e-006, 0.945582157, -5.09186095e-006, -0.325383441, 0.325383441, 1.54864131e-005, 0.945582157, 2.24249508e-007, -1, 1.63004831e-005, 0, 0, 0, 0, 0, 0, 0, 0.318463062, -0.186068213, -0.179416553, -0.300671523, 0.38055735, -0.87446222, -0.953369141, -0.141479492, 0.266113281, -0.0224549359, 0.913877263, 0.405459787, 0, 0, -0, 0, 0, 0, 0, 0.371864648, -0.116778711, -0.136807568, 0.176999563, 0.360015416, -0.915900546, 0.60144043, -0.776123047, -0.188842773, -0.778978725, -0.517448875, -0.353901975, 0, 2, 1, 1, 
501.884594, 64, 0.1, 0.1, 0.0449651501, 0.346173894, -0.0349710004, 0.945582323, 7.76103137e-006, -0.325382958, 0.325382959, -3.16644142e-006, 0.945582323, 6.308388e-006, -1, -5.51943838e-006, 0.945582297, 4.08928621e-006, -0.325383036, 0.325383036, -1.34183325e-005, 0.945582297, -4.99341107e-007, -1, -1.4018722e-005, 0, 0, 0, 0, 0, 0, 0, 0.318463062, -0.186068213, -0.179416553, -0.300671523, 0.38055735, -0.87446222, -0.953369141, -0.141479492, 0.266113281, -0.0224549359, 0.913877263, 0.405459787, 0, 0, -0, 0, 0, 0, 0, 0.37217041, -0.1169479, -0.136177881, 0.177300336, 0.358711348, -0.916335113, 0.605102539, -0.774047852, -0.185913086, -0.776001288, -0.521390962, -0.35443862, 0, 2, 1, 1, 
501.885295, 64, 0.1, 0.1, 0.0449651479, 0.346173898, -0.0349733659, 0.945582396, -7.06984737e-006, -0.325382748, 0.325382748, 4.80702266e-006, 0.945582396, -5.12100097e-006, -1, 6.84584236e-006, 0.945582387, -1.12304627e-005, -0.325382773, 0.325382773, 1.1720582e-005, 0.945582387, -6.80565228e-006, -1, 1.4736975e-005, 0, 0, 0, 0, 0, 0, 0, 0.318463062, -0.186068213, -0.179416553, -0.300671523, 0.38055735, -0.87446222, -0.953369141, -0.141479492, 0.266113281, -0.0224549359, 0.913877263, 0.405459787, 0, 0, -0, 0, 0, 0, 0, 0.37217041, -0.1169479, -0.136177881, 0.177300336, 0.358711348, -0.916335113, 0.605102539, -0.774047852, -0.185913086, -0.776001288, -0.521390962, -0.35443862, 0, 2, 1, 1, 
501.885997, 64, 0.1, 0.1, 0.0449651489, 0.346173895, -0.0349744559, 0.945582439, 3.69642968e-007, -0.325382624, 0.325382624, -5.52756714e-006, 0.945582439, -1.4490464e-006, -1, -5.34704582e-006, 0.945582431, 5.47077887e-006, -0.325382647, 0.325382647, -1.14544242e-005, 0.945582431, 1.4460015e-006, -1, -1.26111988e-005, 0, 0, 0, 0, 0, 0, 0, 0.318463062, -0.186068213, -0.179416553, -0.300671523, 0.38055735, -0.87446222, -0.953369141, -0.141479492, 0.266113281, -0.0224549359, 0.913877263, 0.405459787, 0, 0, -0, 0, 0, 0, 0, 0.37217041, -0.1169479, -0.136177881, 0.177300336, 0.358711348, -0.916335113, 0.605102539, -0.774047852, -0.185913086, -0.776001288, -0.521390962, -0.35443862, 0, 2, 1, 1, 
501.886711, 64, 0.1, 0.1, 0.0449651481, 0.346173899, -0.0349739448, 0.945582489, 6.30103649e-006, -0.325382476, 0.325382476, 4.45680674e-006, 0.945582489, 7.40831658e-006, -1, 2.16403156e-006, 0.945582477, 2.27778638e-006, -0.325382513, 0.325382513, 1.19632794e-005, 0.945582477, 6.04647681e-006, -1, 1.05711155e-005, 0, 0, 0, 0, 0, 0, 0, 0.31910752, -0.186362622, -0.178995825, -0.300895805, 0.37917382, -0.874963585, -0.953125, -0.145629883, 0.264770508, -0.0269923146, 0.913725617, 0.405415604, 0, 0, -0, 0, 0, 0, 0, 0.37217041, -0.1169479, -0.136177881, 0.177300336, 0.358711348, -0.916335113, 0.605102539, -0.774047852, -0.185913086, -0.776001288, -0.521390962, -0.35443862, 0, 2, 1, 1, 
501.887401, 64, 0.1, 0.1, 0.0449651484, 0.346173894, -0.0349721284, 0.945582581, 3.13538935e-006, -0.325382211, 0.325382211, -5.44085985e-006, 0.945582581, 1.19441055e-006, -1, -6.16498221e-006, 0.945582561, -2.46543064e-007, -0.325382267, 0.325382267, -1.58640955e-005, 0.945582561, -5.39502217e-006, -1, -1.49205913e-005, 0, 0, 0, 0, 0, 0, 0, 0.31910752, -0.186362622, -0.178995825, -0.300895805, 0.37917382, -0.874963585, -0.953125, -0.145629883, 0.264770508, -0.0269923146, 0.913725617, 0.405415604, 0, 0, -0, 0, 0, 0, 0, 0.37217041, -0.1169479, -0.136177881, 0.177300336, 0.358711348, -0.916335113, 0.605102539, -0.774047852, -0.185913086, -0.776001288, -0.521390962, -0.35443862, 0, 2, 1, 1, 
501.888104, 64, 0.1, 0.1, 0.0449651463, 0.346173899, -0.0349696431, 0.945582635, -3.14161383e-006, -0.325382054, 0.325382054, 4.00223646e-006, 0.945582635, -1.66839957e-006, -1, 4.80667006e-006, 0.945582627, -7.76011466e-006, -0.325382077, 0.325382077, 1.20180612e-005, 0.945582627, -3.42736789e-006, -1, 1.38890721e-005, 0, 0, 0, 0, 0, 0, 0, 0.31910752, -0.186362622, -0.178995825, -0.300895805, 0.37917382, -0.874963585, -0.953125, -0.145629883, 0.264770508, -0.0269923146, 0.913725617, 0.405415604, 0, 0, -0, 0, 0, 0, 0, 0.37217041, -0.1169479, -0.136177881, 0.177300336, 0.358711348, -0.916335113, 0.605102539, -0.774047852, -0.185913086, -0.776001288, -0.521390962, -0.35443862, 0, 2, 1, 1, 
501.888921, 64, 0.1, 0.1, 0.0449651463, 0.346173895, -0.0349665424, 0.945582696, -1.20957938e-005, -0.325381874, 0.325381874, -1.46610611e-006, 0.945582697, -1.19146177e-005, -1, 2.5494275e-006, 0.945582667, -1.35603019e-006, -0.325381961, 0.32538196, -1.63516039e-005, 0.945582667, -6.60275559e-006, -1, -1.50205655e-005, 0, 0, 0, 0, 0, 0, 0, 0.31910752, -0.186362622, -0.178995825, -0.300895805, 0.37917382, -0.874963585, -0.953125, -0.145629883, 0.264770508, -0.0269923146, 0.913725617, 0.405415604, 0, 0, -0, 0, 0, 0, 0, 0.37217041, -0.1169479, -0.136177881, 0.177300336, 0.358711348, -0.916335113, 0.605102539, -0.774047852, -0.185913086, -0.776001288, -0.521390962, -0.35443862, 0, 2, 1, 1, 
501.890101, 64, 0.1, 0.1, 0.0449651474, 0.346173893, -0.0349560987, 0.945582935, -1.28521524e-005, -0.325381182, 0.325381181, -1.14255692e-005, 0.945582935, -1.58704412e-005, -1, -6.62197472e-006, 0.945582879, 1.00518197e-005, -0.325381345, 0.325381345, -1.38520468e-005, 0.945582878, 4.99763094e-006, -1, -1.63689329e-005, 0, 0, 0, 0, 0, 0, 0, 0.31922395, -0.186321851, -0.179382861, -0.302820014, 0.380023783, -0.873915549, -0.952514648, -0.149414063, 0.265136719, -0.0297773482, 0.912849445, 0.407350674, 0, 0, -0, 0, 0, 0, 0, 0.371836572, -0.117167236, -0.136839063, 0.175192032, 0.359599072, -0.916398912, 0.607543945, -0.771850586, -0.186767578, -0.774627224, -0.523997998, -0.353831612, 0, 2, 1, 1, 
501.891219, 64, 0.1, 0.1, 0.0449651449, 0.346173896, -0.0349449784, 0.945583349, 9.17351168e-006, -0.325379977, 0.325379977, -1.25380999e-005, 0.945583349, 4.59467323e-006, -1, -1.48406955e-005, 0.945583251, 1.6496102e-005, -0.325380262, 0.325380262, -3.11905264e-006, 0.945583251, 1.45835596e-005, -1, -8.31682993e-006, 0, 0, 0, 0, 0, 0, 0, 0.31922395, -0.186321851, -0.179382861, -0.302820014, 0.380023783, -0.873915549, -0.952514648, -0.149414063, 0.265136719, -0.0297773482, 0.912849445, 0.407350674, 0, 0, -0, 0, 0, 0, 0, 0.371836572, -0.117167236, -0.136839063, 0.175192032, 0.359599072, -0.916398912, 0.607543945, -0.771850586, -0.186767578, -0.774627224, -0.523997998, -0.353831612, 0, 2, 1, 1, 
501.892326, 64, 0.1, 0.1, 0.0449651388, 0.346173901, -0.0349380337, 0.945583956, 2.13342474e-005, -0.325378214, 0.325378214, -2.74478815e-006, 0.945583956, 1.92802278e-005, -1, -9.53712694e-006, 0.945583816, 4.33278272e-006, -0.32537862, 0.325378619, 2.05561435e-005, 0.945583816, 1.07855388e-005, -1, 1.80277618e-005, 0, 0, 0, 0, 0, 0, 0, 0.31922395, -0.186321851, -0.179382861, -0.302820014, 0.380023783, -0.873915549, -0.952514648, -0.149414063, 0.265136719, -0.0297773482, 0.912849445, 0.407350674, 0, 0, -0, 0, 0, 0, 0, 0.371836572, -0.117167236, -0.136839063, 0.175192032, 0.359599072, -0.916398912, 0.607543945, -0.771850586, -0.186767578, -0.774627224, -0.523997998, -0.353831612, 0, 2, 1, 1, 
501.893445, 64, 0.1, 0.1, 0.0449651346, 0.346173903, -0.034937782, 0.945584764, 1.05316944e-005, -0.325375864, 0.325375864, 1.79343288e-005, 0.945584764, 1.57940075e-005, -1, 1.35316689e-005, 0.945584593, -1.94811866e-005, -0.325376363, 0.325376363, 1.93318017e-005, 0.945584593, -1.21309986e-005, -1, 2.46185715e-005, 0, 0, 0, 0, 0, 0, 0, 0.31922395, -0.186321851, -0.179382861, -0.302820014, 0.380023783, -0.873915549, -0.952514648, -0.149414063, 0.265136719, -0.0297773482, 0.912849445, 0.407350674, 0, 0, -0, 0, 0, 0, 0, 0.371836572, -0.117167236, -0.136839063, 0.175192032, 0.359599072, -0.916398912, 0.607543945, -0.771850586, -0.186767578, -0.774627224, -0.523997998, -0.353831612, 0, 2, 1, 1, 
501.894594, 64, 0.1, 0.1, 0.0449651355, 0.3461739, -0.0349431525, 0.945585779, -1.47800789e-005, -0.325372916, 0.325372917, 1.25261472e-005, 0.945585779, -9.90016336e-006, -1, 1.66535841e-005, 0.945585574, -2.09558073e-005, -0.325373511, 0.325373511, 2.17106107e-006, 0.945585574, -1.91091033e-005, -1, 8.87138862e-006, 0, 0, 0, 0, 0, 0, 0, 0.318930396, -0.18676626, -0.180030981, -0.30409009, 0.380087063, -0.873540742, -0.952026367, -0.151611328, 0.26550293, -0.031553659, 0.912468646, 0.408156454, 0, 0, -0, 0, 0, 0, 0, 0.371532275, -0.11765083, -0.137511719, 0.173780056, 0.359509387, -0.916743794, 0.608642578, -0.770996094, -0.186889648, -0.774039173, -0.525480337, -0.352885919, 0, 2, 1, 1, 
501.895699, 64, 0.1, 0.1, 0.0449651395, 0.346173897, -0.0349513861, 0.945586866, -1.5600062e-005, -0.325369756, 0.325369756, 2.16193827e-006, 0.945586866, -1.40477844e-005, -1, 7.12008881e-006, 0.945586643, -2.36668473e-006, -0.325370406, 0.325370406, -1.54788208e-005, 0.945586643, -7.27425568e-006, -1, -1.3866517e-005, 0, 0, 0, 0, 0, 0, 0, 0.318930396, -0.18676626, -0.180030981, -0.30409009, 0.380087063, -0.873540742, -0.952026367, -0.151611328, 0.26550293, -0.031553659, 0.912468646, 0.408156454, 0, 0, -0, 0, 0, 0, 0, 0.371532275, -0.11765083, -0.137511719, 0.173780056, 0.359509387, -0.916743794, 0.608642578, -0.770996094, -0.186889648, -0.774039173, -0.525480337, -0.352885919, 0, 2, 1, 1, 
