time, trialNum, realDorsalTactorPos, realVentralTactorPos, boxPosX, boxPosY, boxPosZ, boxLocalRot_11, boxLocalRot_12, boxLocalRot_13, boxLocalRot_21, boxLocalRot_22, boxLocalRot_23, boxLocalRot_31, boxLocalRot_32, boxLocalRot_33, boxGlobalRot_11, boxGlobalRot_12, boxGlobalRot_13, boxGlobalRot_21, boxGlobalRot_22, boxGlobalRot_23, boxGlobalRot_31, boxGlobalRot_32, boxGlobalRot_33, indexForceX, indexForceY, indexForceZ, indexForceGlobalX, indexForceGlobalY, indexForceGlobalZ, indexContact, indexPosX, indexPosY, indexPosZ, indexRot_11, indexRot_12, indexRot_13, indexRot_21, indexRot_22, indexRot_23, indexRot_31, indexRot_32, indexRot_33, thumbForceX, thumbForceY, thumbForceZ, thumbForceGlobalX, thumbForceGlobalY, thumbForceGlobalZ, thumbContact, thumbPosX, thumbPosY, thumbPosZ, thumbRot_11, thumbRot_12, thumbRot_13, thumbRot_21, thumbRot_22, thumbRot_23, thumbRot_31, thumbRot_32, thumbRot_33, manipForceTooHigh, cceExpType, mapping, trialSuccess, 
508.449348, 55, 0.1, 0.1, 0.0318443305, 0.347803937, -0.0349860442, 0.982684159, 2.95135332e-006, 0.185288541, 0.185288541, 7.38497066e-006, -0.982684159, -4.2685986e-006, 1, 6.71024173e-006, 0.982684157, -4.10878181e-006, 0.18528855, 0.18528855, 1.65485719e-006, -0.982684157, 3.7310087e-006, 1, 2.38751216e-006, 0, 0, 0, 0, 0, 0, 0, 0.293587256, -0.141068262, -0.121993579, -0.459714868, 0.650331155, -0.604621513, -0.740844727, 0.0944824219, 0.664916992, 0.489563685, 0.753736953, 0.438483074, 0, 0, -0, 0, 0, 0, 0, 0.361731641, -0.0961287109, -0.0955010742, -0.148786628, 0.499909507, -0.85310106, 0.396118164, -0.760375977, -0.514526367, -0.906013722, -0.414370662, -0.0848775688, 0, 2, 3, 1, 
508.452811, 55, 0.1, 0.1, 0.0318443228, 0.347803937, -0.0349609383, 0.982684191, -2.66413782e-005, 0.185288368, 0.185288367, -1.60988698e-005, -0.982684192, 2.91629945e-005, 1, -1.08837674e-005, 0.9826842, -1.50698686e-005, 0.185288322, 0.185288322, -1.00989655e-005, -0.9826842, 1.66801421e-005, 1, -7.13182319e-006, 0, 0, 0, 0, 0, 0, 0, 0.29395437, -0.14248999, -0.121860767, -0.465402877, 0.648587045, -0.602057397, -0.739868164, 0.0880126953, 0.666870117, 0.485644491, 0.755990663, 0.439065693, 0, 0, -0, 0, 0, 0, 0, 0.36212085, -0.097542041, -0.0945944336, -0.153699561, 0.499013753, -0.852775134, 0.40222168, -0.756591797, -0.515258789, -0.902479583, -0.4221976, -0.0844750845, 0, 2, 3, 1, 
508.453499, 55, 0.1, 0.1, 0.0318443278, 0.347803938, -0.0349653969, 0.98268417, 1.42547527e-005, 0.18528848, 0.18528848, 5.22087469e-006, -0.982684171, -1.49752877e-005, 1, 2.48922946e-006, 0.982684175, -5.9702265e-006, 0.185288457, 0.185288457, -1.14182192e-006, -0.982684175, 6.07841353e-006, 1, -1.58362715e-008, 0, 0, 0, 0, 0, 0, 0, 0.29395437, -0.14248999, -0.121860767, -0.465402877, 0.648587045, -0.602057397, -0.739868164, 0.0880126953, 0.666870117, 0.485644491, 0.755990663, 0.439065693, 0, 0, -0, 0, 0, 0, 0, 0.36212085, -0.097542041, -0.0945944336, -0.153699561, 0.499013753, -0.852775134, 0.40222168, -0.756591797, -0.515258789, -0.902479583, -0.4221976, -0.0844750845, 0, 2, 3, 1, 
508.454219, 55, 0.1, 0.1, 0.0318443164, 0.347803936, -0.0349710339, 0.98268416, 2.12708666e-005, 0.185288535, 0.185288535, 1.80217146e-006, -0.98268416, -2.12364654e-005, 1, -2.17028237e-006, 0.982684163, 3.18003506e-005, 0.185288519, 0.185288519, 6.9103208e-006, -0.982684163, -3.25301041e-005, 0.999999999, 8.98422955e-007, 0, 0, 0, 0, 0, 0, 0, 0.294013184, -0.143027539, -0.121404761, -0.468450385, 0.646684175, -0.601854454, -0.739868164, 0.0849609375, 0.667358398, 0.482790187, 0.758022335, 0.438786366, 0, 0, -0, 0, 0, 0, 0, 0.36212085, -0.097542041, -0.0945944336, -0.157098439, 0.497275118, -0.853183815, 0.405395508, -0.755249023, -0.514892578, -0.900504708, -0.426676333, -0.0829223834, 0, 2, 3, 1, 
508.454908, 55, 0.1, 0.1, 0.0318443235, 0.347803937, -0.0349755587, 0.982684159, -3.86538281e-005, 0.185288536, 0.185288536, -8.24383247e-007, -0.98268416, 3.81372534e-005, 0.999999999, 6.35200287e-006, 0.982684158, -3.55351452e-005, 0.185288545, 0.185288546, -1.77303985e-006, -0.982684158, 3.52483482e-005, 0.999999999, 4.84191719e-006, 0, 0, 0, 0, 0, 0, 0, 0.294013184, -0.143027539, -0.121404761, -0.468450385, 0.646684175, -0.601854454, -0.739868164, 0.0849609375, 0.667358398, 0.482790187, 0.758022335, 0.438786366, 0, 0, -0, 0, 0, 0, 0, 0.362383984, -0.0977512695, -0.0943655762, -0.157098439, 0.497275118, -0.853183815, 0.405395508, -0.755249023, -0.514892578, -0.900504708, -0.426676333, -0.0829223834, 0, 2, 3, 1, 
508.455598, 55, 0.1, 0.1, 0.0318443283, 0.347803938, -0.0349782245, 0.982684155, 1.26106163e-005, 0.185288563, 0.185288563, 5.47640124e-006, -0.982684155, -1.34069673e-005, 1, 3.04496976e-006, 0.98268416, -3.83936491e-006, 0.185288536, 0.185288536, -3.33481124e-006, -0.98268416, 4.39078538e-006, 1, -2.56567588e-006, 0, 0, 0, 0, 0, 0, 0, 0.294013184, -0.143027539, -0.121404761, -0.468450385, 0.646684175, -0.601854454, -0.739868164, 0.0849609375, 0.667358398, 0.482790187, 0.758022335, 0.438786366, 0, 0, -0, 0, 0, 0, 0, 0.362383984, -0.0977512695, -0.0943655762, -0.157098439, 0.497275118, -0.853183815, 0.405395508, -0.755249023, -0.514892578, -0.900504708, -0.426676333, -0.0829223834, 0, 2, 3, 1, 
508.456285, 55, 0.1, 0.1, 0.0318443166, 0.347803936, -0.0349783796, 0.982684154, 3.16699183e-005, 0.185288565, 0.185288565, 4.47449075e-006, -0.982684155, -3.19505989e-005, 0.999999999, -1.47106257e-006, 0.982684152, 3.73962143e-005, 0.185288574, 0.185288574, 3.36232094e-006, -0.982684153, -3.73716668e-005, 0.999999999, -3.62499171e-006, 0, 0, 0, 0, 0, 0, 0, 0.294013184, -0.143027539, -0.121404761, -0.468450385, 0.646684175, -0.601854454, -0.739868164, 0.0849609375, 0.667358398, 0.482790187, 0.758022335, 0.438786366, 0, 0, -0, 0, 0, 0, 0, 0.362383984, -0.0977512695, -0.0943655762, -0.157098439, 0.497275118, -0.853183815, 0.405395508, -0.755249023, -0.514892578, -0.900504708, -0.426676333, -0.0829223834, 0, 2, 3, 1, 
508.456974, 55, 0.1, 0.1, 0.0318443182, 0.347803936, -0.0349761348, 0.982684142, -2.60026501e-005, 0.185288631, 0.185288631, -9.63754983e-006, -0.982684142, 2.73381203e-005, 1, -4.65267194e-006, 0.982684147, -1.94580126e-005, 0.185288604, 0.185288604, -6.35693242e-006, -0.982684147, 2.02989477e-005, 1, -2.64150872e-006, 0, 0, 0, 0, 0, 0, 0, 0.294013184, -0.143027539, -0.121404761, -0.468450385, 0.646684175, -0.601854454, -0.739868164, 0.0849609375, 0.667358398, 0.482790187, 0.758022335, 0.438786366, 0, 0, -0, 0, 0, 0, 0, 0.362383984, -0.0977512695, -0.0943655762, -0.157098439, 0.497275118, -0.853183815, 0.405395508, -0.755249023, -0.514892578, -0.900504708, -0.426676333, -0.0829223834, 0, 2, 3, 1, 
508.457658, 55, 0.1, 0.1, 0.0318443226, 0.347803937, -0.034972373, 0.982684134, 1.19274127e-005, 0.185288675, 0.185288675, -3.40044586e-006, -0.982684134, -1.10908151e-005, 1, -5.5515787e-006, 0.982684132, -6.10426635e-006, 0.185288684, 0.185288684, 1.10639788e-006, -0.982684132, 5.79356268e-006, 1, 2.21829112e-006, 0, 0, 0, 0, 0, 0, 0, 0.294013184, -0.143027539, -0.121404761, -0.468450385, 0.646684175, -0.601854454, -0.739868164, 0.0849609375, 0.667358398, 0.482790187, 0.758022335, 0.438786366, 0, 0, -0, 0, 0, 0, 0, 0.362383984, -0.0977512695, -0.0943655762, -0.157098439, 0.497275118, -0.853183815, 0.405395508, -0.755249023, -0.514892578, -0.900504708, -0.426676333, -0.0829223834, 0, 2, 3, 1, 
508.458356, 55, 0.1, 0.1, 0.0318443148, 0.347803936, -0.0349680128, 0.98268412, 7.98209415e-006, 0.185288748, 0.185288748, 9.81551584e-007, -0.98268412, -8.02574763e-006, 1, -5.14437079e-007, 0.982684125, 1.95338023e-005, 0.185288719, 0.185288719, 6.96944495e-006, -0.982684126, -2.0486917e-005, 1, 3.22936971e-006, 0, 0, 0, 0, 0, 0, 0, 0.294013184, -0.143027539, -0.121404761, -0.468450385, 0.646684175, -0.601854454, -0.739868164, 0.0849609375, 0.667358398, 0.482790187, 0.758022335, 0.438786366, 0, 0, -0, 0, 0, 0, 0, 0.362383984, -0.0977512695, -0.0943655762, -0.157098439, 0.497275118, -0.853183815, 0.405395508, -0.755249023, -0.514892578, -0.900504708, -0.426676333, -0.0829223834, 0, 2, 3, 1, 
508.459072, 55, 0.1, 0.1, 0.0318443211, 0.347803938, -0.0349643265, 0.982684099, -1.29844561e-005, 0.185288859, 0.185288859, -2.61224889e-006, -0.982684099, 1.32436392e-005, 1, -1.61140394e-007, 0.982684104, -2.22391607e-005, 0.18528883, 0.18528883, -7.2487554e-006, -0.982684105, 2.31971832e-005, 1, -3.00256865e-006, 0, 0, 0, 0, 0, 0, 0, 0.294303418, -0.143811401, -0.120983301, -0.471314046, 0.644318132, -0.602311636, -0.740112305, 0.0822753906, 0.667358398, 0.479535988, 0.760250959, 0.438240817, 0, 0, -0, 0, 0, 0, 0, 0.362383984, -0.0977512695, -0.0943655762, -0.160331073, 0.494801511, -0.854014303, 0.409912109, -0.753540039, -0.513671875, -0.897775904, -0.432336999, -0.0820277295, 0, 2, 3, 1, 
508.45976, 55, 0.1, 0.1, 0.0318443192, 0.347803937, -0.0349624597, 0.982684083, -3.19387175e-006, 0.185288944, 0.185288944, -9.83779322e-006, -0.982684083, 4.96140125e-006, 1, -9.07565368e-006, 0.982684083, 7.51879939e-006, 0.185288947, 0.185288947, -3.7343994e-006, -0.982684083, -6.69666155e-006, 1, -5.06288527e-006, 0, 0, 0, 0, 0, 0, 0, 0.294303418, -0.143811401, -0.120983301, -0.471314046, 0.644318132, -0.602311636, -0.740112305, 0.0822753906, 0.667358398, 0.479535988, 0.760250959, 0.438240817, 0, 0, -0, 0, 0, 0, 0, 0.362897217, -0.0980339844, -0.0939552246, -0.160331073, 0.494801511, -0.854014303, 0.409912109, -0.753540039, -0.513671875, -0.897775904, -0.432336999, -0.0820277295, 0, 2, 3, 1, 
508.460451, 55, 0.1, 0.1, 0.03184432, 0.347803938, -0.0349628636, 0.982684106, 1.35377203e-007, 0.185288822, 0.185288822, -9.97704584e-006, -0.982684106, 1.71560204e-006, 1, -9.82936826e-006, 0.982684099, 2.77968726e-006, 0.185288859, 0.185288859, 1.37472057e-006, -0.982684099, -2.98627488e-006, 1, 8.3587096e-007, 0, 0, 0, 0, 0, 0, 0, 0.294303418, -0.143811401, -0.120983301, -0.471314046, 0.644318132, -0.602311636, -0.740112305, 0.0822753906, 0.667358398, 0.479535988, 0.760250959, 0.438240817, 0, 0, -0, 0, 0, 0, 0, 0.362897217, -0.0980339844, -0.0939552246, -0.160331073, 0.494801511, -0.854014303, 0.409912109, -0.753540039, -0.513671875, -0.897775904, -0.432336999, -0.0820277295, 0, 2, 3, 1, 
508.461147, 55, 0.1, 0.1, 0.0318443194, 0.347803937, -0.0349652491, 0.982684141, 3.26154136e-006, 0.18528864, 0.185288639, 2.35906508e-005, -0.98268414, -7.57614456e-006, 1, 2.25778318e-005, 0.982684134, 2.97649556e-006, 0.185288676, 0.185288676, 1.53042887e-005, -0.982684134, -5.76066634e-006, 1, 1.44877707e-005, 0, 0, 0, 0, 0, 0, 0, 0.294303418, -0.143811401, -0.120983301, -0.471314046, 0.644318132, -0.602311636, -0.740112305, 0.0822753906, 0.667358398, 0.479535988, 0.760250959, 0.438240817, 0, 0, -0, 0, 0, 0, 0, 0.362897217, -0.0980339844, -0.0939552246, -0.160331073, 0.494801511, -0.854014303, 0.409912109, -0.753540039, -0.513671875, -0.897775904, -0.432336999, -0.0820277295, 0, 2, 3, 1, 
508.461847, 55, 0.1, 0.1, 0.0318443207, 0.347803935, -0.0349688148, 0.982684149, 4.23979401e-006, 0.185288595, 0.185288595, -1.72432491e-005, -0.982684149, -9.71400982e-007, 1, -1.7730253e-005, 0.982684153, -5.12632749e-006, 0.185288575, 0.185288575, -9.37619733e-006, -0.982684153, 6.77486303e-006, 1, -8.26399061e-006, 0, 0, 0, 0, 0, 0, 0, 0.294303418, -0.143811401, -0.120983301, -0.471314046, 0.644318132, -0.602311636, -0.740112305, 0.0822753906, 0.667358398, 0.479535988, 0.760250959, 0.438240817, 0, 0, -0, 0, 0, 0, 0, 0.362834961, -0.0982463867, -0.0931120605, -0.161883408, 0.492903195, -0.854742713, 0.413696289, -0.752441406, -0.512329102, -0.895852435, -0.436464287, -0.0821042885, 0, 2, 3, 1, 
508.46253, 55, 0.1, 0.1, 0.0318443213, 0.347803939, -0.0349723706, 0.982684141, -8.40620227e-006, 0.185288639, 0.185288639, 6.2912954e-006, -0.982684141, 7.09493609e-006, 1, 7.73992999e-006, 0.982684139, -9.5943556e-006, 0.185288646, 0.185288646, -1.06887329e-006, -0.982684139, 9.62627116e-006, 1, 7.27360328e-007, 0, 0, 0, 0, 0, 0, 0, 0.294303418, -0.143811401, -0.120983301, -0.471314046, 0.644318132, -0.602311636, -0.740112305, 0.0822753906, 0.667358398, 0.479535988, 0.760250959, 0.438240817, 0, 0, -0, 0, 0, 0, 0, 0.362834961, -0.0982463867, -0.0931120605, -0.161883408, 0.492903195, -0.854742713, 0.413696289, -0.752441406, -0.512329102, -0.895852435, -0.436464287, -0.0821042885, 0, 2, 3, 1, 
508.463218, 55, 0.1, 0.1, 0.031844322, 0.347803938, -0.0349750558, 0.982684165, -7.824159e-006, 0.185288509, 0.185288508, -2.91016592e-006, -0.982684165, 8.22789746e-006, 1, -1.41004721e-006, 0.982684159, -5.7070751e-006, 0.185288544, 0.185288544, -4.2930838e-006, -0.982684159, 6.40371154e-006, 1, -3.1612898e-006, 0, 0, 0, 0, 0, 0, 0, 0.294303418, -0.143811401, -0.120983301, -0.471314046, 0.644318132, -0.602311636, -0.740112305, 0.0822753906, 0.667358398, 0.479535988, 0.760250959, 0.438240817, 0, 0, -0, 0, 0, 0, 0, 0.362834961, -0.0982463867, -0.0931120605, -0.161883408, 0.492903195, -0.854742713, 0.413696289, -0.752441406, -0.512329102, -0.895852435, -0.436464287, -0.0821042885, 0, 2, 3, 1, 
508.463922, 55, 0.1, 0.1, 0.031844322, 0.347803938, -0.0349760456, 0.982684212, -3.36081985e-006, 0.185288258, 0.185288258, -7.15332709e-006, -0.982684212, 4.62805212e-006, 1, -6.40674114e-006, 0.9826842, 2.55840502e-006, 0.185288324, 0.185288324, -3.39782238e-006, -0.9826842, -1.88452737e-006, 1, -3.81302894e-006, 0, 0, 0, 0, 0, 0, 0, 0.294303418, -0.143811401, -0.120983301, -0.472616322, 0.642275599, -0.603212896, -0.741088867, 0.0806884766, 0.666503906, 0.476776042, 0.762181159, 0.438012787, 0, 0, -0, 0, 0, 0, 0, 0.362834961, -0.0982463867, -0.0931120605, -0.161883408, 0.492903195, -0.854742713, 0.413696289, -0.752441406, -0.512329102, -0.895852435, -0.436464287, -0.0821042885, 0, 2, 3, 1, 
508.464609, 55, 0.1, 0.1, 0.0318443214, 0.347803938, -0.0349750724, 0.982684277, 4.93186949e-006, 0.185287916, 0.185287916, -5.43958129e-006, -0.982684277, -3.83858192e-006, 1, -6.25920683e-006, 0.982684263, 5.82767456e-006, 0.185287991, 0.185287991, 1.68641647e-006, -0.982684263, -6.0392368e-006, 1, 5.7741681e-007, 0, 0, 0, 0, 0, 0, 0, 0.294451709, -0.144356396, -0.120137085, -0.472616322, 0.642275599, -0.603212896, -0.741088867, 0.0806884766, 0.666503906, 0.476776042, 0.762181159, 0.438012787, 0, 0, -0, 0, 0, 0, 0, 0.362834961, -0.0982463867, -0.0931120605, -0.161883408, 0.492903195, -0.854742713, 0.413696289, -0.752441406, -0.512329102, -0.895852435, -0.436464287, -0.0821042885, 0, 2, 3, 1, 
508.4653, 55, 0.1, 0.1, 0.0318443208, 0.347803939, -0.0349726295, 0.98268436, 7.56887644e-006, 0.185287475, 0.185287475, 2.85012406e-006, -0.98268436, -7.96590879e-006, 1, 1.39835434e-006, 0.982684342, 4.91104049e-006, 0.185287569, 0.185287569, 4.89846906e-006, -0.982684342, -5.73362802e-006, 1, 3.90369409e-006, 0, 0, 0, 0, 0, 0, 0, 0.294451709, -0.144356396, -0.120137085, -0.472616322, 0.642275599, -0.603212896, -0.741088867, 0.0806884766, 0.666503906, 0.476776042, 0.762181159, 0.438012787, 0, 0, -0, 0, 0, 0, 0, 0.362834961, -0.0982463867, -0.0931120605, -0.161883408, 0.492903195, -0.854742713, 0.413696289, -0.752441406, -0.512329102, -0.895852435, -0.436464287, -0.0821042885, 0, 2, 3, 1, 
508.465991, 55, 0.1, 0.1, 0.0318443203, 0.347803939, -0.0349695565, 0.982684461, 5.0437774e-006, 0.18528694, 0.18528694, 8.04776801e-006, -0.982684461, -6.44758799e-006, 1, 6.97387049e-006, 0.982684439, -2.4766432e-006, 0.185287056, 0.185287056, 3.87996321e-006, -0.982684439, 1.71485178e-006, 1, 4.27166939e-006, 0, 0, 0, 0, 0, 0, 0, 0.294451709, -0.144356396, -0.120137085, -0.472616322, 0.642275599, -0.603212896, -0.741088867, 0.0806884766, 0.666503906, 0.476776042, 0.762181159, 0.438012787, 0, 0, -0, 0, 0, 0, 0, 0.362834961, -0.0982463867, -0.0931120605, -0.161883408, 0.492903195, -0.854742713, 0.413696289, -0.752441406, -0.512329102, -0.895852435, -0.436464287, -0.0821042885, 0, 2, 3, 1, 
508.466693, 55, 0.1, 0.1, 0.03184432, 0.34780394, -0.0349666261, 0.982684583, -4.65742147e-006, 0.185286293, 0.185286293, 5.3270255e-006, -0.982684583, 3.58975146e-006, 1, 6.09774219e-006, 0.982684558, -6.16247266e-006, 0.185286427, 0.185286427, -4.37294254e-006, -0.982684558, 6.86601362e-006, 1, -3.15540057e-006, 0, 0, 0, 0, 0, 0, 0, 0.294505029, -0.144672046, -0.119904932, -0.475809485, 0.640353634, -0.602984866, -0.740478516, 0.078125, 0.667480469, 0.474562767, 0.764092264, 0.437111527, 0, 0, -0, 0, 0, 0, 0, 0.362834961, -0.0982463867, -0.0931120605, -0.161883408, 0.492903195, -0.854742713, 0.413696289, -0.752441406, -0.512329102, -0.895852435, -0.436464287, -0.0821042885, 0, 2, 3, 1, 
508.467395, 55, 0.1, 0.1, 0.0318443192, 0.347803939, -0.0349646344, 0.982684727, -6.96628319e-006, 0.185285532, 0.185285532, -4.01098139e-006, -0.982684727, 7.58883691e-006, 1, -2.65077866e-006, 0.982684697, -3.13223354e-006, 0.185285689, 0.185285689, -6.87766751e-006, -0.982684697, 4.35233133e-006, 1, -6.17822056e-006, 0, 0, 0, 0, 0, 0, 0, 0.294505029, -0.144672046, -0.119904932, -0.475809485, 0.640353634, -0.602984866, -0.740478516, 0.078125, 0.667480469, 0.474562767, 0.764092264, 0.437111527, 0, 0, -0, 0, 0, 0, 0, 0.362669922, -0.0984805176, -0.0931230469, -0.165052243, 0.490800355, -0.855394197, 0.416870117, -0.751342773, -0.511474609, -0.893730638, -0.440981299, -0.080577107, 0, 2, 3, 1, 
508.468084, 55, 0.1, 0.1, 0.0318443186, 0.347803939, -0.0349643507, 0.982684886, -4.44464412e-006, 0.185284686, 0.185284686, -7.83605523e-006, -0.982684886, 5.81958564e-006, 1, -6.87684855e-006, 0.982684853, 4.48191189e-006, 0.185284861, 0.185284861, -3.10494181e-006, -0.982684853, -3.82900821e-006, 1, -3.88160971e-006, 0, 0, 0, 0, 0, 0, 0, 0.294505029, -0.144672046, -0.119904932, -0.475809485, 0.640353634, -0.602984866, -0.740478516, 0.078125, 0.667480469, 0.474562767, 0.764092264, 0.437111527, 0, 0, -0, 0, 0, 0, 0, 0.362669922, -0.0984805176, -0.0931230469, -0.165052243, 0.490800355, -0.855394197, 0.416870117, -0.751342773, -0.511474609, -0.893730638, -0.440981299, -0.080577107, 0, 2, 3, 1, 
508.468771, 55, 0.1, 0.1, 0.0318443188, 0.347803938, -0.034965738, 0.982685059, 3.50925661e-006, 0.185283767, 0.185283767, -3.47782084e-006, -0.982685059, -2.80411029e-006, 1, -4.06781086e-006, 0.982685024, 5.06739936e-006, 0.185283954, 0.185283954, 6.11401701e-006, -0.982685024, -6.11248671e-006, 1, 5.06924516e-006, 0, 0, 0, 0, 0, 0, 0, 0.294505029, -0.144672046, -0.119904932, -0.475809485, 0.640353634, -0.602984866, -0.740478516, 0.078125, 0.667480469, 0.474562767, 0.764092264, 0.437111527, 0, 0, -0, 0, 0, 0, 0, 0.362669922, -0.0984805176, -0.0931230469, -0.165052243, 0.490800355, -0.855394197, 0.416870117, -0.751342773, -0.511474609, -0.893730638, -0.440981299, -0.080577107, 0, 2, 3, 1, 
508.469461, 55, 0.1, 0.1, 0.0318443196, 0.347803938, -0.0349682345, 0.982685249, 4.36254233e-006, 0.18528276, 0.18528276, 5.36120711e-006, -0.982685249, -5.28034525e-006, 1, 4.46007526e-006, 0.982685211, 9.50648214e-007, 0.185282962, 0.185282962, 7.79223171e-006, -0.982685211, -2.37795572e-006, 1, 7.48117195e-006, 0, 0, 0, 0, 0, 0, 0, 0.294505029, -0.144672046, -0.119904932, -0.475809485, 0.640353634, -0.602984866, -0.740478516, 0.078125, 0.667480469, 0.474562767, 0.764092264, 0.437111527, 0, 0, -0, 0, 0, 0, 0, 0.362669922, -0.0984805176, -0.0931230469, -0.165052243, 0.490800355, -0.855394197, 0.416870117, -0.751342773, -0.511474609, -0.893730638, -0.440981299, -0.080577107, 0, 2, 3, 1, 
508.470153, 55, 0.1, 0.1, 0.0318443202, 0.347803938, -0.0349710348, 0.982685447, 2.00430724e-006, 0.185281713, 0.185281713, 7.12404712e-006, -0.982685447, -3.2895592e-006, 1, 6.62933595e-006, 0.982685406, -5.50847022e-006, 0.185281929, 0.185281929, 3.13418772e-006, -0.982685406, 4.83238495e-006, 1, 4.10054051e-006, 0, 0, 0, 0, 0, 0, 0, 0.294505029, -0.144672046, -0.119904932, -0.475809485, 0.640353634, -0.602984866, -0.740478516, 0.078125, 0.667480469, 0.474562767, 0.764092264, 0.437111527, 0, 0, -0, 0, 0, 0, 0, 0.362669922, -0.0984805176, -0.0931230469, -0.165052243, 0.490800355, -0.855394197, 0.416870117, -0.751342773, -0.511474609, -0.893730638, -0.440981299, -0.080577107, 0, 2, 3, 1, 
508.470845, 55, 0.1, 0.1, 0.03184432, 0.347803939, -0.0349732724, 0.982685649, -3.36732007e-006, 0.18528064, 0.18528064, 3.50208414e-006, -0.982685649, 2.66014872e-006, 1, 4.06534705e-006, 0.982685609, -4.7536325e-006, 0.185280853, 0.185280853, -4.02278933e-006, -0.982685609, 5.41667208e-006, 1, -3.0723801e-006, 0, 0, 0, 0, 0, 0, 0, 0.294505029, -0.144672046, -0.119904932, -0.475809485, 0.640353634, -0.602984866, -0.740478516, 0.078125, 0.667480469, 0.474562767, 0.764092264, 0.437111527, 0, 0, -0, 0, 0, 0, 0, 0.362669922, -0.0984805176, -0.0931230469, -0.165052243, 0.490800355, -0.855394197, 0.416870117, -0.751342773, -0.511474609, -0.893730638, -0.440981299, -0.080577107, 0, 2, 3, 1, 
508.471544, 55, 0.1, 0.1, 0.0318443191, 0.347803939, -0.0349743532, 0.982685856, -3.89649278e-006, 0.185279543, 0.185279543, -3.50797003e-006, -0.982685856, 4.47898343e-006, 1, -2.72529213e-006, 0.982685811, -1.13029375e-006, 0.185279778, 0.185279778, -5.68052167e-006, -0.982685811, 2.16320942e-006, 1, -5.37274747e-006, 0, 0, 0, 0, 0, 0, 0, 0.294505029, -0.144672046, -0.119904932, -0.477745677, 0.638171437, -0.603772672, -0.740112305, 0.0778808594, 0.66796875, 0.473262734, 0.765920993, 0.435258832, 0, 0, -0, 0, 0, 0, 0, 0.362669922, -0.0984805176, -0.0931230469, -0.165052243, 0.490800355, -0.855394197, 0.416870117, -0.751342773, -0.511474609, -0.893730638, -0.440981299, -0.080577107, 0, 2, 3, 1, 
508.472245, 55, 0.1, 0.1, 0.0318443181, 0.347803938, -0.0349737911, 0.982686064, -1.45785812e-006, 0.185278437, 0.185278437, -5.72767518e-006, -0.982686064, 2.49383156e-006, 1, -5.3583969e-006, 0.982686023, 5.13694797e-006, 0.185278654, 0.185278654, -2.15434535e-006, -0.982686023, -4.64885276e-006, 1, -3.06881187e-006, 0, 0, 0, 0, 0, 0, 0, 0.294402124, -0.145224487, -0.119727588, -0.477745677, 0.638171437, -0.603772672, -0.740112305, 0.0778808594, 0.66796875, 0.473262734, 0.765920993, 0.435258832, 0, 0, -0, 0, 0, 0, 0, 0.362352197, -0.0993265137, -0.0929254395, -0.166547341, 0.488448882, -0.856486445, 0.416870117, -0.752197266, -0.510131836, -0.893519552, -0.441964905, -0.0783597954, 0, 2, 3, 1, 
508.472958, 55, 0.1, 0.1, 0.0318443173, 0.347803938, -0.0349720176, 0.982686278, 4.56976605e-006, 0.185277305, 0.185277305, -5.13098752e-006, -0.982686278, -3.53999084e-006, 1, -5.88882497e-006, 0.982686232, 6.33777233e-006, 0.185277545, 0.185277545, 3.89520472e-006, -0.982686232, -6.94973558e-006, 1, 2.65351715e-006, 0, 0, 0, 0, 0, 0, 0, 0.294402124, -0.145224487, -0.119727588, -0.477745677, 0.638171437, -0.603772672, -0.740112305, 0.0778808594, 0.66796875, 0.473262734, 0.765920993, 0.435258832, 0, 0, -0, 0, 0, 0, 0, 0.362352197, -0.0993265137, -0.0929254395, -0.166547341, 0.488448882, -0.856486445, 0.416870117, -0.752197266, -0.510131836, -0.893519552, -0.441964905, -0.0783597954, 0, 2, 3, 1, 
508.47365, 55, 0.1, 0.1, 0.0318443175, 0.347803938, -0.0349695503, 0.98268649, 5.77244364e-006, 0.18527618, 0.18527618, 2.94148613e-006, -0.98268649, -6.21748969e-006, 1, 1.82106237e-006, 0.982686447, 2.83262061e-006, 0.185276404, 0.185276404, 5.54251226e-006, -0.982686447, -3.81047463e-006, 1, 4.92173392e-006, 0, 0, 0, 0, 0, 0, 0, 0.294402124, -0.145224487, -0.119727588, -0.477745677, 0.638171437, -0.603772672, -0.740112305, 0.0778808594, 0.66796875, 0.473262734, 0.765920993, 0.435258832, 0, 0, -0, 0, 0, 0, 0, 0.362352197, -0.0993265137, -0.0929254395, -0.166547341, 0.488448882, -0.856486445, 0.416870117, -0.752197266, -0.510131836, -0.893519552, -0.441964905, -0.0783597954, 0, 2, 3, 1, 
508.474355, 55, 0.1, 0.1, 0.0318443179, 0.347803939, -0.0349672062, 0.982686711, 2.9855171e-006, 0.185275008, 0.185275008, 7.46254299e-006, -0.982686711, -4.31645069e-006, 1, 6.78020012e-006, 0.982686667, -5.24537649e-006, 0.18527524, 0.18527524, 3.0773215e-006, -0.982686667, 4.58441006e-006, 1, 3.99588119e-006, 0, 0, 0, 0, 0, 0, 0, 0.29448999, -0.14535083, -0.119319556, -0.480278715, 0.635564259, -0.604420814, -0.739746094, 0.0766601562, 0.668457031, 0.471315681, 0.768187809, 0.433507609, 0, 0, -0, 0, 0, 0, 0, 0.362352197, -0.0993265137, -0.0929254395, -0.166547341, 0.488448882, -0.856486445, 0.416870117, -0.752197266, -0.510131836, -0.893519552, -0.441964905, -0.0783597954, 0, 2, 3, 1, 
508.475059, 55, 0.1, 0.1, 0.0318443178, 0.34780394, -0.0349655308, 0.982686939, -5.02604803e-006, 0.185273795, 0.185273795, 4.34290597e-006, -0.982686939, 4.13440509e-006, 1, 5.19891197e-006, 0.982686894, -6.76806402e-006, 0.185274034, 0.185274034, -5.73397851e-006, -0.982686894, 7.71324514e-006, 1, -4.38075901e-006, 0, 0, 0, 0, 0, 0, 0, 0.29448999, -0.14535083, -0.119319556, -0.480278715, 0.635564259, -0.604420814, -0.739746094, 0.0766601562, 0.668457031, 0.471315681, 0.768187809, 0.433507609, 0, 0, -0, 0, 0, 0, 0, 0.362181787, -0.0993366699, -0.0929293457, -0.169492696, 0.48579044, -0.857374169, 0.418212891, -0.752319336, -0.508911133, -0.892356208, -0.444699173, -0.0757527593, 0, 2, 3, 1, 
508.475747, 55, 0.1, 0.1, 0.0318443171, 0.34780394, -0.0349652789, 0.982687171, -6.525243e-006, 0.185272567, 0.185272567, -4.66688794e-006, -0.982687171, 7.27691889e-006, 1, -3.37714239e-006, 0.982687124, -2.95737311e-006, 0.185272814, 0.185272814, -7.55862684e-006, -0.982687124, 4.30658054e-006, 1, -6.87984443e-006, 0, 0, 0, 0, 0, 0, 0, 0.29448999, -0.14535083, -0.119319556, -0.480278715, 0.635564259, -0.604420814, -0.739746094, 0.0766601562, 0.668457031, 0.471315681, 0.768187809, 0.433507609, 0, 0, -0, 0, 0, 0, 0, 0.362181787, -0.0993366699, -0.0929293457, -0.169492696, 0.48579044, -0.857374169, 0.418212891, -0.752319336, -0.508911133, -0.892356208, -0.444699173, -0.0757527593, 0, 2, 3, 1, 
508.476442, 55, 0.1, 0.1, 0.0318443164, 0.347803939, -0.0349663192, 0.982687411, -3.21612362e-006, 0.185271293, 0.185271293, -6.8377377e-006, -0.982687411, 4.4272807e-006, 1, -6.12350338e-006, 0.982687363, 5.21350783e-006, 0.185271548, 0.185271548, -2.2980075e-006, -0.982687363, -4.69749285e-006, 1, -3.22413759e-006, 0, 0, 0, 0, 0, 0, 0, 0.29448999, -0.14535083, -0.119319556, -0.480278715, 0.635564259, -0.604420814, -0.739746094, 0.0766601562, 0.668457031, 0.471315681, 0.768187809, 0.433507609, 0, 0, -0, 0, 0, 0, 0, 0.362181787, -0.0993366699, -0.0929293457, -0.169492696, 0.48579044, -0.857374169, 0.418212891, -0.752319336, -0.508911133, -0.892356208, -0.444699173, -0.0757527593, 0, 2, 3, 1, 
508.47713, 55, 0.1, 0.1, 0.0318443163, 0.347803938, -0.0349683335, 0.982687653, 4.07516875e-006, 0.185270012, 0.185270012, -3.07614825e-006, -0.982687653, -3.43469999e-006, 1, -3.77789947e-006, 0.982687605, 5.58903005e-006, 0.185270264, 0.185270264, 5.89777539e-006, -0.982687605, -6.58495296e-006, 1, 4.7601897e-006, 0, 0, 0, 0, 0, 0, 0, 0.29448999, -0.14535083, -0.119319556, -0.480278715, 0.635564259, -0.604420814, -0.739746094, 0.0766601562, 0.668457031, 0.471315681, 0.768187809, 0.433507609, 0, 0, -0, 0, 0, 0, 0, 0.362181787, -0.0993366699, -0.0929293457, -0.169492696, 0.48579044, -0.857374169, 0.418212891, -0.752319336, -0.508911133, -0.892356208, -0.444699173, -0.0757527593, 0, 2, 3, 1, 
508.47782, 55, 0.1, 0.1, 0.0318443168, 0.347803938, -0.0349706975, 0.982687897, 4.62514764e-006, 0.185268714, 0.185268714, 4.41869288e-006, -0.982687897, -5.36372215e-006, 1, 3.48530086e-006, 0.982687849, 1.59583115e-006, 0.185268973, 0.185268973, 6.82864905e-006, -0.982687848, -2.83334068e-006, 1, 6.41477244e-006, 0, 0, 0, 0, 0, 0, 0, 0.29448999, -0.14535083, -0.119319556, -0.480278715, 0.635564259, -0.604420814, -0.739746094, 0.0766601562, 0.668457031, 0.471315681, 0.768187809, 0.433507609, 0, 0, -0, 0, 0, 0, 0, 0.362181787, -0.0993366699, -0.0929293457, -0.169492696, 0.48579044, -0.857374169, 0.418212891, -0.752319336, -0.508911133, -0.892356208, -0.444699173, -0.0757527593, 0, 2, 3, 1, 
508.478507, 55, 0.1, 0.1, 0.0318443172, 0.347803939, -0.0349726692, 0.98268814, 1.85140959e-006, 0.185267426, 0.185267426, 5.73898732e-006, -0.98268814, -2.88260566e-006, 1, 5.29662889e-006, 0.982688092, -5.00866588e-006, 0.185267684, 0.185267684, 2.13733677e-006, -0.982688092, 4.52597688e-006, 1, 3.02827932e-006, 0, 0, 0, 0, 0, 0, 0, 0.29448999, -0.14535083, -0.119319556, -0.480278715, 0.635564259, -0.604420814, -0.739746094, 0.0766601562, 0.668457031, 0.471315681, 0.768187809, 0.433507609, 0, 0, -0, 0, 0, 0, 0, 0.362181787, -0.0993366699, -0.0929293457, -0.169492696, 0.48579044, -0.857374169, 0.418212891, -0.752319336, -0.508911133, -0.892356208, -0.444699173, -0.0757527593, 0, 2, 3, 1, 
508.479206, 55, 0.1, 0.1, 0.0318443172, 0.34780394, -0.0349737177, 0.982688384, -3.6845543e-006, 0.185266131, 0.185266131, 3.32555693e-006, -0.982688384, 3.00465565e-006, 1, 3.95060928e-006, 0.982688333, -5.19294691e-006, 0.185266404, 0.185266404, -4.81336279e-006, -0.982688333, 5.99480276e-006, 1, -3.76795686e-006, 0, 0, 0, 0, 0, 0, 0, 0.29448999, -0.14535083, -0.119319556, -0.480894656, 0.635462788, -0.603982728, -0.739746094, 0.0755615234, 0.668579102, 0.470548093, 0.768327472, 0.433932591, 0, 0, -0, 0, 0, 0, 0, 0.362181787, -0.0993366699, -0.0929293457, -0.169492696, 0.48579044, -0.857374169, 0.418212891, -0.752319336, -0.508911133, -0.892356208, -0.444699173, -0.0757527593, 0, 2, 3, 1, 
508.479906, 55, 0.1, 0.1, 0.0318443165, 0.34780394, -0.0349733792, 0.982688627, -4.39484577e-006, 0.185264846, 0.185264846, -3.89024651e-006, -0.982688627, 5.03949087e-006, 1, -3.00869058e-006, 0.982688579, -1.71487521e-006, 0.1852651, 0.1852651, -6.14391288e-006, -0.982688579, 2.82344091e-006, 1, -5.71984649e-006, 0, 0, 0, 0, 0, 0, 0, 0.294679419, -0.145802075, -0.119295874, -0.480894656, 0.635462788, -0.603982728, -0.739746094, 0.0755615234, 0.668579102, 0.470548093, 0.768327472, 0.433932591, 0, 0, -0, 0, 0, 0, 0, 0.362127344, -0.0991588379, -0.092915918, -0.170553227, 0.485579353, -0.857291047, 0.419189453, -0.751586914, -0.509033203, -0.891608476, -0.446194271, -0.0753757947, 0, 2, 3, 1, 
508.480593, 55, 0.1, 0.1, 0.0318443156, 0.34780394, -0.0349720477, 0.982688862, -2.23603694e-006, 0.185263597, 0.185263597, -6.85887375e-006, -0.982688862, 3.46802822e-006, 1, -6.32588259e-006, 0.982688815, 4.84647241e-006, 0.185263847, 0.185263847, -3.17613456e-006, -0.982688815, -4.17415132e-006, 1, -4.01902803e-006, 0, 0, 0, 0, 0, 0, 0, 0.294679419, -0.145802075, -0.119295874, -0.480894656, 0.635462788, -0.603982728, -0.739746094, 0.0755615234, 0.668579102, 0.470548093, 0.768327472, 0.433932591, 0, 0, -0, 0, 0, 0, 0, 0.362127344, -0.0991588379, -0.092915918, -0.170553227, 0.485579353, -0.857291047, 0.419189453, -0.751586914, -0.509033203, -0.891608476, -0.446194271, -0.0753757947, 0, 2, 3, 1, 
508.481284, 55, 0.1, 0.1, 0.0318443151, 0.347803939, -0.0349701574, 0.982689098, 4.43959351e-006, 0.185262344, 0.185262344, -4.25930677e-006, -0.982689098, -3.57365099e-006, 1, -5.00806383e-006, 0.982689051, 6.05949015e-006, 0.185262592, 0.185262592, 4.38667808e-006, -0.982689052, -6.76728198e-006, 1, 3.18814367e-006, 0, 0, 0, 0, 0, 0, 0, 0.294679419, -0.145802075, -0.119295874, -0.480894656, 0.635462788, -0.603982728, -0.739746094, 0.0755615234, 0.668579102, 0.470548093, 0.768327472, 0.433932591, 0, 0, -0, 0, 0, 0, 0, 0.362127344, -0.0991588379, -0.092915918, -0.170553227, 0.485579353, -0.857291047, 0.419189453, -0.751586914, -0.509033203, -0.891608476, -0.446194271, -0.0753757947, 0, 2, 3, 1, 
508.481974, 55, 0.1, 0.1, 0.0318443153, 0.347803939, -0.0349683186, 0.982689337, 5.96724719e-006, 0.18526108, 0.18526108, 4.34604721e-006, -0.982689337, -6.66910359e-006, 1, 3.16531559e-006, 0.982689289, 2.78122026e-006, 0.185261335, 0.185261335, 7.02927924e-006, -0.982689289, -4.03532901e-006, 1, 6.39234484e-006, 0, 0, 0, 0, 0, 0, 0, 0.294679419, -0.145802075, -0.119295874, -0.480894656, 0.635462788, -0.603982728, -0.739746094, 0.0755615234, 0.668579102, 0.470548093, 0.768327472, 0.433932591, 0, 0, -0, 0, 0, 0, 0, 0.362127344, -0.0991588379, -0.092915918, -0.170553227, 0.485579353, -0.857291047, 0.419189453, -0.751586914, -0.509033203, -0.891608476, -0.446194271, -0.0753757947, 0, 2, 3, 1, 
508.482662, 55, 0.1, 0.1, 0.0318443157, 0.34780394, -0.0349670636, 0.982689577, 3.10095014e-006, 0.185259806, 0.185259806, 7.73510111e-006, -0.982689577, -4.48027471e-006, 1, 7.02672181e-006, 0.982689528, -5.1789229e-006, 0.185260063, 0.185260063, 3.3240151e-006, -0.982689528, 4.47346605e-006, 1, 4.22592241e-006, 0, 0, 0, 0, 0, 0, 0, 0.294679419, -0.145802075, -0.119295874, -0.480894656, 0.635462788, -0.603982728, -0.739746094, 0.0755615234, 0.668579102, 0.470548093, 0.768327472, 0.433932591, 0, 0, -0, 0, 0, 0, 0, 0.362127344, -0.0991588379, -0.092915918, -0.170553227, 0.485579353, -0.857291047, 0.419189453, -0.751586914, -0.509033203, -0.891608476, -0.446194271, -0.0753757947, 0, 2, 3, 1, 
508.483347, 55, 0.1, 0.1, 0.0318443156, 0.34780394, -0.034966741, 0.982689819, -4.58192101e-006, 0.185258519, 0.185258519, 4.34846205e-006, -0.982689819, 3.69701749e-006, 1, 5.12202929e-006, 0.982689771, -6.22685003e-006, 0.185258774, 0.185258774, -5.14512265e-006, -0.982689771, 7.07224095e-006, 1, -3.90248079e-006, 0, 0, 0, 0, 0, 0, 0, 0.294679419, -0.145802075, -0.119295874, -0.480894656, 0.635462788, -0.603982728, -0.739746094, 0.0755615234, 0.668579102, 0.470548093, 0.768327472, 0.433932591, 0, 0, -0, 0, 0, 0, 0, 0.362127344, -0.0991588379, -0.092915918, -0.170553227, 0.485579353, -0.857291047, 0.419189453, -0.751586914, -0.509033203, -0.891608476, -0.446194271, -0.0753757947, 0, 2, 3, 1, 
508.484034, 55, 0.1, 0.1, 0.0318443148, 0.34780394, -0.034967396, 0.982690067, -5.70459263e-006, 0.185257206, 0.185257206, -4.35906147e-006, -0.982690067, 6.41339406e-006, 1, -3.22678951e-006, 0.982690018, -2.40359841e-006, 0.185257465, 0.185257465, -6.95911987e-006, -0.982690018, 3.65122107e-006, 1, -6.39337309e-006, 0, 0, 0, 0, 0, 0, 0, 0.294679419, -0.145802075, -0.119295874, -0.480894656, 0.635462788, -0.603982728, -0.739746094, 0.0755615234, 0.668579102, 0.470548093, 0.768327472, 0.433932591, 0, 0, -0, 0, 0, 0, 0, 0.362127344, -0.0991588379, -0.092915918, -0.170553227, 0.485579353, -0.857291047, 0.419189453, -0.751586914, -0.509033203, -0.891608476, -0.446194271, -0.0753757947, 0, 2, 3, 1, 
508.484748, 55, 0.1, 0.1, 0.0318443138, 0.347803939, -0.0349684944, 0.982690327, -1.88868058e-006, 0.185255826, 0.185255826, -5.88905088e-006, -0.982690327, 2.94696912e-006, 1, -5.43722425e-006, 0.982690277, 5.9936157e-006, 0.185256091, 0.185256091, -1.6026823e-006, -0.982690277, -5.59296122e-006, 1, -2.68529413e-006, 0, 0, 0, 0, 0, 0, 0, 0.294688208, -0.14625332, -0.119088867, -0.480735897, 0.635361316, -0.604281151, -0.739746094, 0.0760498047, 0.668457031, 0.470770132, 0.768467136, 0.43360908, 0, 0, -0, 0, 0, 0, 0, 0.36189751, -0.0996485352, -0.0927141602, -0.170687389, 0.484985105, -0.857680771, 0.419433594, -0.751831055, -0.508544922, -0.891499834, -0.446379472, -0.075171271, 0, 2, 3, 1, 
508.485438, 55, 0.1, 0.1, 0.0318443134, 0.347803938, -0.0349698594, 0.982690579, 4.37520436e-006, 0.18525449, 0.18525449, -3.01259813e-006, -0.982690579, -3.74137477e-006, 1, -3.77097805e-006, 0.982690529, 5.96067605e-006, 0.185254753, 0.185254753, 5.73647157e-006, -0.982690529, -6.92020853e-006, 1, 4.53293272e-006, 0, 0, 0, 0, 0, 0, 0, 0.294688208, -0.14625332, -0.119088867, -0.480735897, 0.635361316, -0.604281151, -0.739746094, 0.0760498047, 0.668457031, 0.470770132, 0.768467136, 0.43360908, 0, 0, -0, 0, 0, 0, 0, 0.36189751, -0.0996485352, -0.0927141602, -0.170687389, 0.484985105, -0.857680771, 0.419433594, -0.751831055, -0.508544922, -0.891499834, -0.446379472, -0.075171271, 0, 2, 3, 1, 
508.486126, 55, 0.1, 0.1, 0.0318443138, 0.347803939, -0.0349711674, 0.98269083, 4.64561304e-006, 0.185253157, 0.185253157, 3.98501424e-006, -0.98269083, -5.30343781e-006, 1, 3.05542247e-006, 0.982690781, 1.80831329e-006, 0.18525342, 0.18525342, 6.4510721e-006, -0.982690781, -2.97209596e-006, 1, 6.00441286e-006, 0, 0, 0, 0, 0, 0, 0, 0.294688208, -0.14625332, -0.119088867, -0.480735897, 0.635361316, -0.604281151, -0.739746094, 0.0760498047, 0.668457031, 0.470770132, 0.768467136, 0.43360908, 0, 0, -0, 0, 0, 0, 0, 0.36189751, -0.0996485352, -0.0927141602, -0.170687389, 0.484985105, -0.857680771, 0.419433594, -0.751831055, -0.508544922, -0.891499834, -0.446379472, -0.075171271, 0, 2, 3, 1, 
508.486828, 55, 0.1, 0.1, 0.0318443144, 0.347803939, -0.03497199, 0.982691084, 1.86713037e-006, 0.185251811, 0.185251811, 6.40751132e-006, -0.982691084, -3.02181545e-006, 1, 5.95071496e-006, 0.982691034, -5.16452309e-006, 0.185252076, 0.185252076, 2.79477436e-006, -0.982691034, 4.55739278e-006, 1, 3.70313833e-006, 0, 0, 0, 0, 0, 0, 0, 0.294912793, -0.147152393, -0.119097656, -0.480716801, 0.635240749, -0.60443991, -0.739624023, 0.0762939453, 0.668579102, 0.4708907, 0.768486232, 0.433387041, 0, 0, -0, 0, 0, 0, 0, 0.36189751, -0.0996485352, -0.0927141602, -0.170687389, 0.484985105, -0.857680771, 0.419433594, -0.751831055, -0.508544922, -0.891499834, -0.446379472, -0.075171271, 0, 2, 3, 1, 
508.487533, 55, 0.1, 0.1, 0.0318443144, 0.34780394, -0.0349718439, 0.982691337, -4.33441114e-006, 0.185250468, 0.185250468, 2.78999414e-006, -0.982691337, 3.74254056e-006, 1, 3.54465476e-006, 0.982691288, -5.78442027e-006, 0.185250726, 0.185250726, -5.23812569e-006, -0.982691288, 6.65466599e-006, 1, -4.07589243e-006, 0, 0, 0, 0, 0, 0, 0, 0.294912793, -0.147152393, -0.119097656, -0.480716801, 0.635240749, -0.60443991, -0.739624023, 0.0762939453, 0.668579102, 0.4708907, 0.768486232, 0.433387041, 0, 0, -0, 0, 0, 0, 0, 0.361889209, -0.100363184, -0.0925023926, -0.17080879, 0.484403616, -0.857961854, 0.419555664, -0.752075195, -0.508178711, -0.891512594, -0.446686074, -0.0748325858, 0, 2, 3, 1, 
508.48822, 55, 0.1, 0.1, 0.0318443138, 0.34780394, -0.0349711497, 0.982691583, -5.01715751e-006, 0.185249166, 0.185249166, -4.40399661e-006, -0.982691583, 5.74615515e-006, 1, -3.39834615e-006, 0.982691534, -2.27556184e-006, 0.185249423, 0.185249423, -6.98944337e-006, -0.982691534, 3.53096571e-006, 1, -6.44692031e-006, 0, 0, 0, 0, 0, 0, 0, 0.294912793, -0.147152393, -0.119097656, -0.480716801, 0.635240749, -0.60443991, -0.739624023, 0.0762939453, 0.668579102, 0.4708907, 0.768486232, 0.433387041, 0, 0, -0, 0, 0, 0, 0, 0.361889209, -0.100363184, -0.0925023926, -0.17080879, 0.484403616, -0.857961854, 0.419555664, -0.752075195, -0.508178711, -0.891512594, -0.446686074, -0.0748325858, 0, 2, 3, 1, 
508.488919, 55, 0.1, 0.1, 0.031844313, 0.34780394, -0.0349700991, 0.982691831, -2.43381642e-006, 0.185247847, 0.185247847, -6.6257658e-006, -0.982691831, 3.61910036e-006, 1, -6.06022668e-006, 0.982691779, 5.49059309e-006, 0.185248124, 0.185248124, -2.58407307e-006, -0.982691779, -4.91686601e-006, 1, -3.55646943e-006, 0, 0, 0, 0, 0, 0, 0, 0.294912793, -0.147152393, -0.119097656, -0.480716801, 0.635240749, -0.60443991, -0.739624023, 0.0762939453, 0.668579102, 0.4708907, 0.768486232, 0.433387041, 0, 0, -0, 0, 0, 0, 0, 0.361889209, -0.100363184, -0.0925023926, -0.17080879, 0.484403616, -0.857961854, 0.419555664, -0.752075195, -0.508178711, -0.891512594, -0.446686074, -0.0748325858, 0, 2, 3, 1, 
508.489607, 55, 0.1, 0.1, 0.0318443124, 0.347803939, -0.0349690096, 0.982692076, 4.9760482e-006, 0.185246546, 0.185246546, -3.18499363e-006, -0.982692076, -4.29991407e-006, 1, -4.05166375e-006, 0.982692028, 6.55246978e-006, 0.185246805, 0.185246804, 5.66848342e-006, -0.982692028, -7.48912825e-006, 1, 4.35654938e-006, 0, 0, 0, 0, 0, 0, 0, 0.294912793, -0.147152393, -0.119097656, -0.480716801, 0.635240749, -0.60443991, -0.739624023, 0.0762939453, 0.668579102, 0.4708907, 0.768486232, 0.433387041, 0, 0, -0, 0, 0, 0, 0, 0.361889209, -0.100363184, -0.0925023926, -0.17080879, 0.484403616, -0.857961854, 0.419555664, -0.752075195, -0.508178711, -0.891512594, -0.446686074, -0.0748325858, 0, 2, 3, 1, 
