time, realDorsalTactorPos, realVentralTactorPos, boxPosX, boxPosY, boxPosZ, boxLocalRot_11, boxLocalRot_12, boxLocalRot_13, boxLocalRot_21, boxLocalRot_22, boxLocalRot_23, boxLocalRot_31, boxLocalRot_32, boxLocalRot_33, boxGlobalRot_11, boxGlobalRot_12, boxGlobalRot_13, boxGlobalRot_21, boxGlobalRot_22, boxGlobalRot_23, boxGlobalRot_31, boxGlobalRot_32, boxGlobalRot_33, indexForceX, indexForceY, indexForceZ, indexForceGlobalX, indexForceGlobalY, indexForceGlobalZ, indexContact, indexPosX, indexPosY, indexPosZ, indexRot_11, indexRot_12, indexRot_13, indexRot_21, indexRot_22, indexRot_23, indexRot_31, indexRot_32, indexRot_33, thumbForceX, thumbForceY, thumbForceZ, thumbForceGlobalX, thumbForceGlobalY, thumbForceGlobalZ, thumbContact, thumbPosX, thumbPosY, thumbPosZ, thumbRot_11, thumbRot_12, thumbRot_13, thumbRot_21, thumbRot_22, thumbRot_23, thumbRot_31, thumbRot_32, thumbRot_33, mapping, trialSuccess, 
749.192985, 0.1, 0.1, 0.116867641, 0.181863975, -0.0199642909, 0.917402442, -1.57011264e-006, -0.397960751, 0.397960751, 1.9147352e-005, 0.917402442, 6.17946939e-006, -1, 1.81906706e-005, 0.917402461, -2.24377603e-005, -0.397960706, 0.397960706, 3.45101986e-005, 0.917402461, -6.85075351e-006, -0.999999999, 4.0589088e-005, 0, 0, 0, 0, 0, 0, 0, 0.212936523, -0.0414668457, 0.189746631, -0.604137535, 0.792880144, -0.0784582109, -0.390869141, -0.209106445, 0.896362305, 0.694365315, 0.572220183, 0.436346894, 0, 0, 0, 0, 0, 0, 0, 0.256619873, 0.00463076172, 0.207242041, -0.775284925, 0.585091308, -0.237442148, -0.121337891, -0.506958008, -0.853271484, -0.619712512, -0.632737193, 0.464173524, 2, 1, 
749.214067, 0.1, 0.1, 0.116867665, 0.18186392, -0.0199639622, 0.917416496, 1.31171529e-005, -0.397928352, 0.397928352, -3.42636019e-006, 0.917416496, 1.06704465e-005, -1, -8.36308637e-006, 0.917416225, 1.21545222e-005, -0.397928977, 0.397928977, 1.83853216e-005, 0.917416225, 1.84668081e-005, -1, 1.20303557e-005, 0, 0, 0, 0, 0, 0, 0, 0.212720093, -0.0418171631, 0.189389404, -0.608464857, 0.790228783, -0.0719880056, -0.381347656, -0.211669922, 0.899780273, 0.695915839, 0.574988364, 0.430378437, 0, 0, 0, 0, 0, 0, 0, 0.256430908, 0.00499750977, 0.206207568, -0.780842413, 0.581301972, -0.228565972, -0.129150391, -0.508178711, -0.851318359, -0.611213667, -0.635222094, 0.471980039, 2, 1, 
749.214904, 0.1, 0.1, 0.116867664, 0.181863921, -0.0199662749, 0.917417891, 8.70295454e-006, -0.397925135, 0.397925135, 1.36119845e-005, 0.917417891, 1.3400797e-005, -1, 9.02475374e-006, 0.917417613, 6.5633648e-007, -0.397925776, 0.397925775, 1.83276738e-005, 0.917417613, 7.89518848e-006, -1, 1.65529576e-005, 0, 0, 0, 0, 0, 0, 0, 0.212720093, -0.0418171631, 0.189389404, -0.608464857, 0.790228783, -0.0719880056, -0.381347656, -0.211669922, 0.899780273, 0.695915839, 0.574988364, 0.430378437, 0, 0, 0, 0, 0, 0, 0, 0.256430908, 0.00499750977, 0.206207568, -0.780842413, 0.581301972, -0.228565972, -0.129150391, -0.508178711, -0.851318359, -0.611213667, -0.635222094, 0.471980039, 2, 1, 
749.215742, 0.1, 0.1, 0.116867663, 0.18186392, -0.0199674221, 0.917419292, -2.37811693e-007, -0.397921904, 0.397921904, 1.56057008e-005, 0.917419292, 5.99167716e-006, -1, 1.44116015e-005, 0.917419017, -1.48321791e-005, -0.397922539, 0.397922539, 3.49969856e-006, 0.917419017, -1.22147142e-005, -1, 9.11274838e-006, 0, 0, 0, 0, 0, 0, 0, 0.212720093, -0.0418171631, 0.189389404, -0.608464857, 0.790228783, -0.0719880056, -0.381347656, -0.211669922, 0.899780273, 0.695915839, 0.574988364, 0.430378437, 0, 0, 0, 0, 0, 0, 0, 0.256430908, 0.00499750977, 0.206207568, -0.780842413, 0.581301972, -0.228565972, -0.129150391, -0.508178711, -0.851318359, -0.611213667, -0.635222094, 0.471980039, 2, 1, 
749.216612, 0.1, 0.1, 0.116867661, 0.181863919, -0.0199667953, 0.91742075, -1.61612629e-005, -0.397918544, 0.397918544, 3.70623709e-006, 0.91742075, -1.33518975e-005, -1, 9.83104501e-006, 0.917420472, -1.56690903e-005, -0.397919185, 0.397919185, -1.69113458e-005, 0.917420472, -2.11044932e-005, -1, -9.27978323e-006, 0, 0, 0, 0, 0, 0, 0, 0.212720093, -0.0418171631, 0.189389404, -0.608464857, 0.790228783, -0.0719880056, -0.381347656, -0.211669922, 0.899780273, 0.695915839, 0.574988364, 0.430378437, 0, 0, 0, 0, 0, 0, 0, 0.255795361, 0.00480917969, 0.206472412, -0.779813964, 0.581774819, -0.230693965, -0.126831055, -0.5078125, -0.851928711, -0.612823971, -0.635049653, 0.47003798, 2, 1, 
749.217449, 0.1, 0.1, 0.116867661, 0.181863919, -0.0199648491, 0.917422168, -1.28054618e-005, -0.397915275, 0.397915275, -1.38254297e-005, 0.917422168, -1.72493642e-005, -1, -7.58826679e-006, 0.917421881, -4.65288004e-006, -0.397915936, 0.397915936, -1.92791633e-005, 0.917421881, -1.19401403e-005, -1, -1.58356711e-005, 0, 0, 0, 0, 0, 0, 0, 0.212720093, -0.0418171631, 0.189389404, -0.608464857, 0.790228783, -0.0719880056, -0.381347656, -0.211669922, 0.899780273, 0.695915839, 0.574988364, 0.430378437, 0, 0, 0, 0, 0, 0, 0, 0.255795361, 0.00480917969, 0.206472412, -0.779813964, 0.581774819, -0.230693965, -0.126831055, -0.5078125, -0.851928711, -0.612823971, -0.635049653, 0.47003798, 2, 1, 
749.218279, 0.1, 0.1, 0.116867661, 0.181863921, -0.0199626136, 0.917423588, -1.83707736e-006, -0.397911999, 0.397911999, -1.76681587e-005, 0.917423588, -8.71575046e-006, -1, -1.54781904e-005, 0.917423302, 1.48793009e-005, -0.39791266, 0.39791266, -3.53143847e-006, 0.917423302, 1.22454133e-005, -1, -9.16048613e-006, 0, 0, 0, 0, 0, 0, 0, 0.212720093, -0.0418171631, 0.189389404, -0.608464857, 0.790228783, -0.0719880056, -0.381347656, -0.211669922, 0.899780273, 0.695915839, 0.574988364, 0.430378437, 0, 0, 0, 0, 0, 0, 0, 0.255795361, 0.00480917969, 0.206472412, -0.779813964, 0.581774819, -0.230693965, -0.126831055, -0.5078125, -0.851928711, -0.612823971, -0.635049653, 0.47003798, 2, 1, 
749.219135, 0.1, 0.1, 0.116867661, 0.181863923, -0.0199605446, 0.91742508, 1.64825675e-005, -0.397908561, 0.397908561, -4.52670577e-006, 0.91742508, 1.33203058e-005, -1, -1.07114681e-005, 0.91742479, 1.51667283e-005, -0.39790923, 0.397909229, 1.99695654e-005, 0.91742479, 2.18604069e-005, -1, 1.22855931e-005, 0, 0, 0, 0, 0, 0, 0, 0.212322437, -0.0420091553, 0.189541357, -0.607500318, 0.790875803, -0.0734408061, -0.383300781, -0.2109375, 0.899169922, 0.695763071, 0.574391519, 0.43135009, 0, 0, 0, 0, 0, 0, 0, 0.255795361, 0.00480917969, 0.206472412, -0.779813964, 0.581774819, -0.230693965, -0.126831055, -0.5078125, -0.851928711, -0.612823971, -0.635049653, 0.47003798, 2, 1, 
749.219975, 0.1, 0.1, 0.116867661, 0.181863924, -0.0199596714, 0.917426582, 1.483419e-005, -0.397905097, 0.397905097, 1.64556405e-005, 0.917426582, 2.01570635e-005, -1, 9.19424216e-006, 0.917426284, 4.96388543e-006, -0.397905785, 0.397905785, 2.23754835e-005, 0.917426284, 1.34573333e-005, -1, 1.85526979e-005, 0, 0, 0, 0, 0, 0, 0, 0.212322437, -0.0420091553, 0.189541357, -0.607500318, 0.790875803, -0.0734408061, -0.383300781, -0.2109375, 0.899169922, 0.695763071, 0.574391519, 0.43135009, 0, 0, 0, 0, 0, 0, 0, 0.255795361, 0.00480917969, 0.206472412, -0.779813964, 0.581774819, -0.230693965, -0.126831055, -0.5078125, -0.851928711, -0.612823971, -0.635049653, 0.47003798, 2, 1, 
749.220804, 0.1, 0.1, 0.11686766, 0.181863923, -0.0199602447, 0.917428095, 4.3522555e-006, -0.397901609, 0.397901609, 1.8144595e-005, 0.917428095, 1.1212645e-005, -1, 1.49145917e-005, 0.917427787, -1.36189878e-005, -0.397902319, 0.397902319, 3.04178792e-006, 0.917427787, -1.12841034e-005, -1, 8.20964759e-006, 0, 0, 0, 0, 0, 0, 0, 0.212322437, -0.0420091553, 0.189541357, -0.607500318, 0.790875803, -0.0734408061, -0.383300781, -0.2109375, 0.899169922, 0.695763071, 0.574391519, 0.43135009, 0, 0, 0, 0, 0, 0, 0, 0.255795361, 0.00480917969, 0.206472412, -0.779813964, 0.581774819, -0.230693965, -0.126831055, -0.5078125, -0.851928711, -0.612823971, -0.635049653, 0.47003798, 2, 1, 
749.221678, 0.1, 0.1, 0.11686766, 0.181863921, -0.0199614753, 0.917429715, -1.22909867e-005, -0.397897874, 0.397897874, 1.18453247e-006, 0.917429715, -1.08047935e-005, -1, 5.97728276e-006, 0.917429408, -1.08937309e-005, -0.397898583, 0.397898582, -2.25924564e-005, 0.917429407, -1.89837355e-005, -1, -1.63923838e-005, 0, 0, 0, 0, 0, 0, 0, 0.212320483, -0.042020752, 0.189897632, -0.607494326, 0.790609581, -0.0752302214, -0.384521484, -0.209960938, 0.898925781, 0.695020571, 0.575051644, 0.431757097, 0, 0, 0, 0, 0, 0, 0, 0.255584814, 0.00482089844, 0.206967334, -0.77917524, 0.581870701, -0.232872997, -0.124755859, -0.508056641, -0.852050781, -0.614229751, -0.63479409, 0.468581527, 2, 1, 
749.222513, 0.1, 0.1, 0.116867661, 0.181863921, -0.0199632434, 0.91743128, -1.04510796e-005, -0.397894264, 0.397894264, -1.5580993e-005, 0.91743128, -1.57877351e-005, -1, -1.01360657e-005, 0.91743096, -1.02001425e-006, -0.397895002, 0.397895002, -2.11869267e-005, 0.91743096, -9.36596493e-006, -1, -1.9031684e-005, 0, 0, 0, 0, 0, 0, 0, 0.212320483, -0.042020752, 0.189897632, -0.607494326, 0.790609581, -0.0752302214, -0.384521484, -0.209960938, 0.898925781, 0.695020571, 0.575051644, 0.431757097, 0, 0, 0, 0, 0, 0, 0, 0.255584814, 0.00482089844, 0.206967334, -0.77917524, 0.581870701, -0.232872997, -0.124755859, -0.508056641, -0.852050781, -0.614229751, -0.63479409, 0.468581527, 2, 1, 
749.223342, 0.1, 0.1, 0.116867662, 0.181863923, -0.0199649793, 0.917432835, -2.25764329e-006, -0.397890679, 0.397890679, -1.49668985e-005, 0.917432835, -8.02642548e-006, -1, -1.28328289e-005, 0.917432523, 1.3736016e-005, -0.397891399, 0.397891399, -1.93475344e-006, 0.917432523, 1.1832046e-005, -1, -7.24044834e-006, 0, 0, 0, 0, 0, 0, 0, 0.212320483, -0.042020752, 0.189897632, -0.607494326, 0.790609581, -0.0752302214, -0.384521484, -0.209960938, 0.898925781, 0.695020571, 0.575051644, 0.431757097, 0, 0, 0, 0, 0, 0, 0, 0.255584814, 0.00482089844, 0.206967334, -0.77917524, 0.581870701, -0.232872997, -0.124755859, -0.508056641, -0.852050781, -0.614229751, -0.63479409, 0.468581527, 2, 1, 
749.224183, 0.1, 0.1, 0.116867661, 0.181863926, -0.0199660597, 0.917434402, 1.17889054e-005, -0.397887067, 0.397887067, -1.39123992e-006, 0.917434402, 1.0261991e-005, -1, -5.96702435e-006, 0.917434097, 1.09584328e-005, -0.397887771, 0.397887771, 1.92487057e-005, 0.917434096, 1.77124645e-005, -1, 1.32991925e-005, 0, 0, 0, 0, 0, 0, 0, 0.212320483, -0.042020752, 0.189897632, -0.607494326, 0.790609581, -0.0752302214, -0.384521484, -0.209960938, 0.898925781, 0.695020571, 0.575051644, 0.431757097, 0, 0, 0, 0, 0, 0, 0, 0.255584814, 0.00482089844, 0.206967334, -0.77917524, 0.581870701, -0.232872997, -0.124755859, -0.508056641, -0.852050781, -0.614229751, -0.63479409, 0.468581527, 2, 1, 
749.225016, 0.1, 0.1, 0.11686766, 0.181863927, -0.0199661626, 0.917435947, 8.95199108e-006, -0.397883504, 0.397883504, 1.57197105e-005, 0.917435947, 1.44674919e-005, -1, 1.08599779e-005, 0.917435643, 8.76106981e-007, -0.397884205, 0.397884205, 2.07684321e-005, 0.917435643, 9.06720287e-006, -1, 1.87051107e-005, 0, 0, 0, 0, 0, 0, 0, 0.212320483, -0.042020752, 0.189897632, -0.607494326, 0.790609581, -0.0752302214, -0.384521484, -0.209960938, 0.898925781, 0.695020571, 0.575051644, 0.431757097, 0, 0, 0, 0, 0, 0, 0, 0.255584814, 0.00482089844, 0.206967334, -0.77917524, 0.581870701, -0.232872997, -0.124755859, -0.508056641, -0.852050781, -0.614229751, -0.63479409, 0.468581527, 2, 1, 
749.225887, 0.1, 0.1, 0.116867659, 0.181863927, -0.0199651481, 0.917437549, 2.35196706e-006, -0.39787981, 0.39787981, 2.07641336e-005, 0.917437549, 1.04194124e-005, -1, 1.81139956e-005, 0.917437206, -1.53322787e-005, -0.397880601, 0.397880601, 7.05832441e-006, 0.917437206, -1.12580326e-005, -1, 1.25759857e-005, 0, 0, 0, 0, 0, 0, 0, 0.212288013, -0.0420397949, 0.190091699, -0.608091172, 0.790203695, -0.0758139625, -0.384887695, -0.209960938, 0.898681641, 0.69437355, 0.575610297, 0.431973145, 0, 0, 0, 0, 0, 0, 0, 0.255584814, 0.00482089844, 0.206967334, -0.778881397, 0.581666177, -0.233850773, -0.123413086, -0.5078125, -0.852416992, -0.614689837, -0.635183815, 0.467374075, 2, 1, 
749.226725, 0.1, 0.1, 0.116867658, 0.181863926, -0.019963304, 0.917439093, -1.42882936e-005, -0.397876251, 0.397876251, 4.81726654e-006, 0.917439093, -1.11919631e-005, -1, 1.01045213e-005, 0.917438786, -1.33059837e-005, -0.397876959, 0.397876959, -1.72143667e-005, 0.917438786, -1.90566254e-005, -1, -1.04989834e-005, 0, 0, 0, 0, 0, 0, 0, 0.212288013, -0.0420397949, 0.190091699, -0.608091172, 0.790203695, -0.0758139625, -0.384887695, -0.209960938, 0.898681641, 0.69437355, 0.575610297, 0.431973145, 0, 0, 0, 0, 0, 0, 0, 0.255817822, 0.00457592773, 0.20732373, -0.778881397, 0.581666177, -0.233850773, -0.123413086, -0.5078125, -0.852416992, -0.614689837, -0.635183815, 0.467374075, 2, 1, 
749.227554, 0.1, 0.1, 0.116867658, 0.181863926, -0.0199617183, 0.917440632, -1.25615376e-005, -0.397872701, 0.3978727, -1.85541887e-005, 0.917440632, -1.89066701e-005, -1, -1.20244738e-005, 0.917440323, -3.2584661e-006, -0.397873414, 0.397873414, -2.36128166e-005, 0.917440323, -1.23843601e-005, -1, -2.0366893e-005, 0, 0, 0, 0, 0, 0, 0, 0.212288013, -0.0420397949, 0.190091699, -0.608091172, 0.790203695, -0.0758139625, -0.384887695, -0.209960938, 0.898681641, 0.69437355, 0.575610297, 0.431973145, 0, 0, 0, 0, 0, 0, 0, 0.255817822, 0.00457592773, 0.20732373, -0.778881397, 0.581666177, -0.233850773, -0.123413086, -0.5078125, -0.852416992, -0.614689837, -0.635183815, 0.467374075, 2, 1, 
749.228385, 0.1, 0.1, 0.116867659, 0.181863927, -0.0199609649, 0.917442185, -2.10015208e-006, -0.397869121, 0.397869121, -2.20503944e-005, 0.917442185, -1.06999391e-005, -1, -1.93943763e-005, 0.917441871, 1.53760179e-005, -0.397869845, 0.397869846, -7.7277805e-006, 0.917441871, 1.10319518e-005, -1, -1.32074433e-005, 0, 0, 0, 0, 0, 0, 0, 0.212288013, -0.0420397949, 0.190091699, -0.608091172, 0.790203695, -0.0758139625, -0.384887695, -0.209960938, 0.898681641, 0.69437355, 0.575610297, 0.431973145, 0, 0, 0, 0, 0, 0, 0, 0.255817822, 0.00457592773, 0.20732373, -0.778881397, 0.581666177, -0.233850773, -0.123413086, -0.5078125, -0.852416992, -0.614689837, -0.635183815, 0.467374075, 2, 1, 
749.229211, 0.1, 0.1, 0.116867659, 0.181863929, -0.0199612229, 0.917443744, 1.58170752e-005, -0.397865526, 0.397865526, -4.83924034e-006, 0.917443744, 1.25859098e-005, -1, -1.07327997e-005, 0.917443436, 1.44817056e-005, -0.397866235, 0.397866234, 1.79492373e-005, 0.917443437, 2.04275412e-005, -1, 1.07056283e-005, 0, 0, 0, 0, 0, 0, 0, 0.212288013, -0.0420397949, 0.190091699, -0.608091172, 0.790203695, -0.0758139625, -0.384887695, -0.209960938, 0.898681641, 0.69437355, 0.575610297, 0.431973145, 0, 0, 0, 0, 0, 0, 0, 0.255817822, 0.00457592773, 0.20732373, -0.778881397, 0.581666177, -0.233850773, -0.123413086, -0.5078125, -0.852416992, -0.614689837, -0.635183815, 0.467374075, 2, 1, 
749.230044, 0.1, 0.1, 0.116867658, 0.18186393, -0.0199623404, 0.917445331, 1.3132079e-005, -0.397861866, 0.397861866, 1.68929191e-005, 0.917445331, 1.87690129e-005, -1, 1.02735763e-005, 0.917445014, 3.91232187e-006, -0.397862597, 0.397862596, 2.17484451e-005, 0.917445014, 1.2242233e-005, -1, 1.8396436e-005, 0, 0, 0, 0, 0, 0, 0, 0.212288013, -0.0420397949, 0.190091699, -0.608091172, 0.790203695, -0.0758139625, -0.384887695, -0.209960938, 0.898681641, 0.69437355, 0.575610297, 0.431973145, 0, 0, 0, 0, 0, 0, 0, 0.255817822, 0.00457592773, 0.20732373, -0.778881397, 0.581666177, -0.233850773, -0.123413086, -0.5078125, -0.852416992, -0.614689837, -0.635183815, 0.467374075, 2, 1, 
749.230908, 0.1, 0.1, 0.116867657, 0.181863929, -0.01996361, 0.917446976, 2.1001633e-006, -0.397858072, 0.397858072, 2.19553733e-005, 0.917446976, 1.06619109e-005, -1, 1.93073239e-005, 0.917446663, -1.39761371e-005, -0.397858794, 0.397858795, 8.7053626e-006, 0.917446663, -9.35885526e-006, -1, 1.35472349e-005, 0, 0, 0, 0, 0, 0, 0, 0.212466577, -0.0420697021, 0.190321045, -0.608929153, 0.789575771, -0.0756933951, -0.384643555, -0.210449219, 0.898803711, 0.693764722, 0.576327711, 0.431954049, 0, 0, 0, 0, 0, 0, 0, 0.256012988, 0.00450756836, 0.207730176, -0.779405283, 0.580892925, -0.23428534, -0.122192383, -0.5078125, -0.852661133, -0.614376672, -0.636001543, 0.466837429, 2, 1, 
749.231738, 0.1, 0.1, 0.116867657, 0.181863929, -0.0199645168, 0.917448555, -1.38472672e-005, -0.397854431, 0.397854431, 5.86608383e-006, 0.917448555, -1.03703079e-005, -1, 1.08910268e-005, 0.917448249, -1.27530651e-005, -0.397855136, 0.397855136, -1.47919595e-005, 0.917448249, -1.75853343e-005, -1, -8.49698489e-006, 0, 0, 0, 0, 0, 0, 0, 0.212466577, -0.0420697021, 0.190321045, -0.608929153, 0.789575771, -0.0756933951, -0.384643555, -0.210449219, 0.898803711, 0.693764722, 0.576327711, 0.431954049, 0, 0, 0, 0, 0, 0, 0, 0.256012988, 0.00450756836, 0.207730176, -0.779405283, 0.580892925, -0.23428534, -0.122192383, -0.5078125, -0.852661133, -0.614376672, -0.636001543, 0.466837429, 2, 1, 
749.232571, 0.1, 0.1, 0.116867657, 0.181863929, -0.0199650925, 0.917450135, -1.24176484e-005, -0.397850788, 0.397850788, -1.62847525e-005, 0.917450135, -1.78714748e-005, -1, -1.00000772e-005, 0.91744982, -3.83557243e-006, -0.397851515, 0.397851515, -2.05602314e-005, 0.91744982, -1.16988644e-005, -1, -1.73369923e-005, 0, 0, 0, 0, 0, 0, 0, 0.212466577, -0.0420697021, 0.190321045, -0.608929153, 0.789575771, -0.0756933951, -0.384643555, -0.210449219, 0.898803711, 0.693764722, 0.576327711, 0.431954049, 0, 0, 0, 0, 0, 0, 0, 0.256012988, 0.00450756836, 0.207730176, -0.779405283, 0.580892925, -0.23428534, -0.122192383, -0.5078125, -0.852661133, -0.614376672, -0.636001543, 0.466837429, 2, 1, 
749.233443, 0.1, 0.1, 0.116867658, 0.18186393, -0.0199646366, 0.917451782, -3.75548414e-007, -0.397846991, 0.397846991, -1.93172021e-005, 0.917451782, -8.02983827e-006, -1, -1.75731907e-005, 0.917451474, 1.53292263e-005, -0.397847701, 0.397847701, -6.42721786e-006, 0.917451474, 1.15067674e-005, -1, -1.19953579e-005, 0, 0, 0, 0, 0, 0, 0, 0.212449609, -0.0423024658, 0.190346191, -0.609271759, 0.789372828, -0.075166942, -0.383789062, -0.210571289, 0.899047852, 0.693942577, 0.576607037, 0.431376299, 0, 0, 0, 0, 0, 0, 0, 0.25601958, 0.00429775391, 0.207943652, -0.779271122, 0.580976047, -0.234579183, -0.122314453, -0.508178711, -0.852416992, -0.614485314, -0.635624578, 0.467297516, 2, 1, 
749.234281, 0.1, 0.1, 0.116867658, 0.181863932, -0.0199636801, 0.91745336, 1.57340286e-005, -0.39784335, 0.39784335, -5.65292417e-006, 0.917453361, 1.21862591e-005, -1, -1.14459729e-005, 0.917453048, 1.48606335e-005, -0.397844072, 0.397844071, 1.66231268e-005, 0.917453048, 2.0247346e-005, -1, 9.33872343e-006, 0, 0, 0, 0, 0, 0, 0, 0.212449609, -0.0423024658, 0.190346191, -0.609271759, 0.789372828, -0.075166942, -0.383789062, -0.210571289, 0.899047852, 0.693942577, 0.576607037, 0.431376299, 0, 0, 0, 0, 0, 0, 0, 0.25601958, 0.00429775391, 0.207943652, -0.779271122, 0.580976047, -0.234579183, -0.122314453, -0.508178711, -0.852416992, -0.614485314, -0.635624578, 0.467297516, 2, 1, 
749.235119, 0.1, 0.1, 0.116867658, 0.181863933, -0.0199626628, 0.917454946, 1.2645388e-005, -0.397839694, 0.397839694, 1.5295642e-005, 0.917454946, 1.76867873e-005, -1, 9.00222512e-006, 0.917454636, 3.88820408e-006, -0.397840409, 0.397840409, 2.0433325e-005, 0.917454636, 1.16964532e-005, -1, 1.7199764e-005, 0, 0, 0, 0, 0, 0, 0, 0.212449609, -0.0423024658, 0.190346191, -0.609271759, 0.789372828, -0.075166942, -0.383789062, -0.210571289, 0.899047852, 0.693942577, 0.576607037, 0.431376299, 0, 0, 0, 0, 0, 0, 0, 0.25601958, 0.00429775391, 0.207943652, -0.779271122, 0.580976047, -0.234579183, -0.122314453, -0.508178711, -0.852416992, -0.614485314, -0.635624578, 0.467297516, 2, 1, 
749.23596, 0.1, 0.1, 0.116867657, 0.181863932, -0.0199619873, 0.917456541, 2.24623284e-006, -0.397836015, 0.397836015, 1.99162932e-005, 0.917456541, 9.98423974e-006, -1, 1.73787012e-005, 0.917456219, -1.519764e-005, -0.397836758, 0.397836758, 5.09214595e-006, 0.917456219, -1.19173265e-005, -1, 1.07180008e-005, 0, 0, 0, 0, 0, 0, 0, 0.212449609, -0.0423024658, 0.190346191, -0.609271759, 0.789372828, -0.075166942, -0.383789062, -0.210571289, 0.899047852, 0.693942577, 0.576607037, 0.431376299, 0, 0, 0, 0, 0, 0, 0, 0.25601958, 0.00429775391, 0.207943652, -0.779271122, 0.580976047, -0.234579183, -0.122314453, -0.508178711, -0.852416992, -0.614485314, -0.635624578, 0.467297516, 2, 1, 
749.236806, 0.1, 0.1, 0.116867656, 0.181863931, -0.0199617373, 0.917458153, -1.60322114e-005, -0.397832298, 0.397832298, 5.78067934e-006, 0.917458153, -1.24091421e-005, -1, 1.16816629e-005, 0.917457841, -1.4971175e-005, -0.397833018, 0.397833018, -1.75947379e-005, 0.917457841, -2.07351896e-005, -1, -1.01864025e-005, 0, 0, 0, 0, 0, 0, 0, 0.212449609, -0.0423024658, 0.190346191, -0.609271759, 0.789372828, -0.075166942, -0.383789062, -0.210571289, 0.899047852, 0.693942577, 0.576607037, 0.431376299, 0, 0, 0, 0, 0, 0, 0, 0.25601958, 0.00429775391, 0.207943652, -0.779271122, 0.580976047, -0.234579183, -0.122314453, -0.508178711, -0.852416992, -0.614485314, -0.635624578, 0.467297516, 2, 1, 
749.237645, 0.1, 0.1, 0.116867656, 0.181863931, -0.0199620421, 0.917459769, -1.33325099e-005, -0.39782857, 0.39782857, -1.4482814e-005, 0.917459769, -1.79937186e-005, -1, -7.98334581e-006, 0.91745945, -4.11281078e-006, -0.397829308, 0.397829308, -1.95317322e-005, 0.917459449, -1.15436326e-005, -1, -1.62833756e-005, 0, 0, 0, 0, 0, 0, 0, 0.212449609, -0.0423024658, 0.190346191, -0.609271759, 0.789372828, -0.075166942, -0.383789062, -0.210571289, 0.899047852, 0.693942577, 0.576607037, 0.431376299, 0, 0, 0, 0, 0, 0, 0, 0.25601958, 0.00429775391, 0.207943652, -0.779271122, 0.580976047, -0.234579183, -0.122314453, -0.508178711, -0.852416992, -0.614485314, -0.635624578, 0.467297516, 2, 1, 
749.238523, 0.1, 0.1, 0.116867657, 0.181863934, -0.0199622646, 0.917461469, -1.79925311e-006, -0.39782465, 0.39782465, -1.58277751e-005, 0.917461469, -7.94742448e-006, -1, -1.38055865e-005, 0.917461141, 1.56056401e-005, -0.397825407, 0.397825407, -6.48220059e-007, 0.917461141, 1.405969e-005, -1, -6.80303684e-006, 0, 0, 0, 0, 0, 0, 0, 0.212642334, -0.0425474365, 0.190179956, -0.609874596, 0.78892875, -0.0740185558, -0.382568359, -0.211303711, 0.899414063, 0.694038057, 0.576924556, 0.430823637, 0, 0, 0, 0, 0, 0, 0, 0.256459717, 0.00408623047, 0.207833691, -0.779590484, 0.581071929, -0.233224442, -0.124023437, -0.508300781, -0.852050781, -0.613782424, -0.635369015, 0.468421846, 2, 1, 
749.239371, 0.1, 0.1, 0.116867657, 0.181863936, -0.0199627461, 0.91746311, 1.44071963e-005, -0.397820866, 0.397820867, -6.11556822e-006, 0.91746311, 1.07851705e-005, -1, -1.13422916e-005, 0.917462782, 1.34217884e-005, -0.397821623, 0.397821622, 1.7881787e-005, 0.917462782, 1.94277529e-005, -1, 1.10663964e-005, 0, 0, 0, 0, 0, 0, 0, 0.212642334, -0.0425474365, 0.190179956, -0.609874596, 0.78892875, -0.0740185558, -0.382568359, -0.211303711, 0.899414063, 0.694038057, 0.576924556, 0.430823637, 0, 0, 0, 0, 0, 0, 0, 0.256459717, 0.00408623047, 0.207833691, -0.779590484, 0.581071929, -0.233224442, -0.124023437, -0.508300781, -0.852050781, -0.613782424, -0.635369015, 0.468421846, 2, 1, 
749.240208, 0.1, 0.1, 0.116867656, 0.181863936, -0.0199633106, 0.917464742, 1.17501537e-005, -0.397817103, 0.397817103, 1.29195633e-005, 0.917464742, 1.5919975e-005, -1, 7.17883174e-006, 0.917464417, 2.63654966e-006, -0.397817853, 0.397817853, 1.77506051e-005, 0.917464417, 9.48044812e-006, -1, 1.52366821e-005, 0, 0, 0, 0, 0, 0, 0, 0.212642334, -0.0425474365, 0.190179956, -0.609874596, 0.78892875, -0.0740185558, -0.382568359, -0.211303711, 0.899414063, 0.694038057, 0.576924556, 0.430823637, 0, 0, 0, 0, 0, 0, 0, 0.256459717, 0.00408623047, 0.207833691, -0.779590484, 0.581071929, -0.233224442, -0.124023437, -0.508300781, -0.852050781, -0.613782424, -0.635369015, 0.468421846, 2, 1, 
749.241044, 0.1, 0.1, 0.116867655, 0.181863935, -0.0199638504, 0.917466362, 2.47860829e-006, -0.397813367, 0.397813367, 1.6577043e-005, 0.917466362, 8.86860901e-006, -1, 1.42228558e-005, 0.917466043, -1.38459184e-005, -0.397814103, 0.397814103, 2.55414614e-006, 0.917466043, -1.16870846e-005, -1, 7.85144397e-006, 0, 0, 0, 0, 0, 0, 0, 0.212642334, -0.0425474365, 0.190179956, -0.609874596, 0.78892875, -0.0740185558, -0.382568359, -0.211303711, 0.899414063, 0.694038057, 0.576924556, 0.430823637, 0, 0, 0, 0, 0, 0, 0, 0.256459717, 0.00408623047, 0.207833691, -0.779590484, 0.581071929, -0.233224442, -0.124023437, -0.508300781, -0.852050781, -0.613782424, -0.635369015, 0.468421846, 2, 1, 
749.24188, 0.1, 0.1, 0.116867655, 0.181863934, -0.0199642525, 0.91746797, -1.26332166e-005, -0.397809657, 0.397809657, 5.68784629e-006, 0.91746797, -9.32789142e-006, -1, 1.02440324e-005, 0.917467655, -1.17061666e-005, -0.397810383, 0.397810383, -1.64511803e-005, 0.917467655, -1.72844796e-005, -1, -1.04365912e-005, 0, 0, 0, 0, 0, 0, 0, 0.212642334, -0.0425474365, 0.190179956, -0.609874596, 0.78892875, -0.0740185558, -0.382568359, -0.211303711, 0.899414063, 0.694038057, 0.576924556, 0.430823637, 0, 0, 0, 0, 0, 0, 0, 0.256459717, 0.00408623047, 0.207833691, -0.779590484, 0.581071929, -0.233224442, -0.124023437, -0.508300781, -0.852050781, -0.613782424, -0.635369015, 0.468421846, 2, 1, 
749.242757, 0.1, 0.1, 0.116867655, 0.181863934, -0.0199641725, 0.917469657, -1.40674769e-005, -0.397805766, 0.397805766, -1.45013642e-005, 0.917469657, -1.86752095e-005, -1, -7.7084382e-006, 0.917469294, -4.16258473e-006, -0.397806604, 0.397806604, -2.00280581e-005, 0.917469294, -1.17863375e-005, -1, -1.67192247e-005, 0, 0, 0, 0, 0, 0, 0, 0.212834326, -0.0425623291, 0.189851514, -0.610521617, 0.788649423, -0.0716644953, -0.380493164, -0.212768555, 0.899902344, 0.694634903, 0.576721613, 0.430080014, 0, 0, 0, 0, 0, 0, 0, 0.256459717, 0.00408623047, 0.207833691, -0.780133326, 0.58194726, -0.229007102, -0.128173828, -0.507202148, -0.852172852, -0.612121081, -0.6355225, 0.470338019, 2, 1, 
749.243599, 0.1, 0.1, 0.116867655, 0.181863935, -0.0199633707, 0.917471276, -4.45642412e-006, -0.397802034, 0.397802034, -1.95159455e-005, 0.917471275, -1.18521239e-005, -1, -1.61325448e-005, 0.917470955, 1.20293555e-005, -0.397802774, 0.397802774, -5.71786622e-006, 0.917470955, 8.76200123e-006, -1, -1.00312872e-005, 0, 0, 0, 0, 0, 0, 0, 0.212834326, -0.0425623291, 0.189851514, -0.610521617, 0.788649423, -0.0716644953, -0.380493164, -0.212768555, 0.899902344, 0.694634903, 0.576721613, 0.430080014, 0, 0, 0, 0, 0, 0, 0, 0.256681982, 0.00369443359, 0.207260059, -0.780133326, 0.58194726, -0.229007102, -0.128173828, -0.507202148, -0.852172852, -0.612121081, -0.6355225, 0.470338019, 2, 1, 
749.244436, 0.1, 0.1, 0.116867655, 0.181863937, -0.0199626045, 0.917472881, 1.31843364e-005, -0.397798331, 0.397798331, -6.0305539e-006, 0.917472881, 9.69732683e-006, -1, -1.07775767e-005, 0.917472564, 1.18825748e-005, -0.397799063, 0.397799062, 1.68783669e-005, 0.917472564, 1.76161349e-005, -1, 1.07585614e-005, 0, 0, 0, 0, 0, 0, 0, 0.212834326, -0.0425623291, 0.189851514, -0.610521617, 0.788649423, -0.0716644953, -0.380493164, -0.212768555, 0.899902344, 0.694634903, 0.576721613, 0.430080014, 0, 0, 0, 0, 0, 0, 0, 0.256681982, 0.00369443359, 0.207260059, -0.780133326, 0.58194726, -0.229007102, -0.128173828, -0.507202148, -0.852172852, -0.612121081, -0.6355225, 0.470338019, 2, 1, 
749.245275, 0.1, 0.1, 0.116867654, 0.181863938, -0.0199622093, 0.917474494, 1.31071875e-005, -0.397794611, 0.397794611, 1.63917405e-005, 0.917474494, 1.85460562e-005, -1, 9.82503527e-006, 0.917474169, 3.45956163e-006, -0.397795361, 0.397795361, 2.14720508e-005, 0.917474169, 1.17155406e-005, -1, 1.83238544e-005, 0, 0, 0, 0, 0, 0, 0, 0.212834326, -0.0425623291, 0.189851514, -0.610521617, 0.788649423, -0.0716644953, -0.380493164, -0.212768555, 0.899902344, 0.694634903, 0.576721613, 0.430080014, 0, 0, 0, 0, 0, 0, 0, 0.256681982, 0.00369443359, 0.207260059, -0.780133326, 0.58194726, -0.229007102, -0.128173828, -0.507202148, -0.852172852, -0.612121081, -0.6355225, 0.470338019, 2, 1, 
749.246129, 0.1, 0.1, 0.116867653, 0.181863937, -0.0199619332, 0.917476144, 4.17278826e-006, -0.397790806, 0.397790806, 1.88414193e-005, 0.917476144, 1.1323377e-005, -1, 1.56266559e-005, 0.917475825, -1.30555249e-005, -0.397791542, 0.397791542, 4.05771904e-006, 0.917475825, -1.03640022e-005, -1, 8.91623651e-006, 0, 0, 0, 0, 0, 0, 0, 0.212834326, -0.0425623291, 0.189851514, -0.610521617, 0.788649423, -0.0716644953, -0.380493164, -0.212768555, 0.899902344, 0.694634903, 0.576721613, 0.430080014, 0, 0, 0, 0, 0, 0, 0, 0.257076465, 0.00384418945, 0.206868164, -0.78176222, 0.581212287, -0.225396771, -0.130981445, -0.506469727, -0.852050781, -0.609469202, -0.636704433, 0.472190393, 2, 1, 
749.247015, 0.1, 0.1, 0.116867653, 0.181863935, -0.0199617282, 0.917477859, -1.32802602e-005, -0.397786849, 0.39778685, 4.10116182e-006, 0.917477859, -1.05529565e-005, -1, 9.04543805e-006, 0.91747753, -1.22347415e-005, -0.397787608, 0.397787608, -2.07499557e-005, 0.91747753, -1.94791757e-005, -1, -1.41707895e-005, 0, 0, 0, 0, 0, 0, 0, 0.212834326, -0.0425623291, 0.189851514, -0.610521617, 0.788649423, -0.0716644953, -0.380493164, -0.212768555, 0.899902344, 0.694634903, 0.576721613, 0.430080014, 0, 0, 0, 0, 0, 0, 0, 0.257076465, 0.00384418945, 0.206868164, -0.78176222, 0.581212287, -0.225396771, -0.130981445, -0.506469727, -0.852050781, -0.609469202, -0.636704433, 0.472190393, 2, 1, 
749.247917, 0.1, 0.1, 0.116867654, 0.181863934, -0.0199612755, 0.917479625, -1.12215784e-005, -0.397782776, 0.397782776, -1.9292374e-005, 0.917479625, -1.79697436e-005, -1, -1.32366094e-005, 0.917479295, -1.59260151e-006, -0.397783538, 0.397783538, -2.60172347e-005, 0.917479295, -1.18104066e-005, -1, -2.32367635e-005, 0, 0, 0, 0, 0, 0, 0, 0.212985059, -0.0426057861, 0.189730688, -0.611924242, 0.787761268, -0.0696339451, -0.378540039, -0.214477539, 0.900390625, 0.694362689, 0.577356651, 0.429634815, 0, 0, 0, 0, 0, 0, 0, 0.257076465, 0.00384418945, 0.206868164, -0.78176222, 0.581212287, -0.225396771, -0.130981445, -0.506469727, -0.852050781, -0.609469202, -0.636704433, 0.472190393, 2, 1, 
749.248773, 0.1, 0.1, 0.116867655, 0.181863936, -0.0199610524, 0.917481312, -9.24699504e-007, -0.397778886, 0.397778886, -1.74521637e-005, 0.917481312, -7.79049675e-006, -1, -1.56442081e-005, 0.917480982, 1.70151345e-005, -0.397779646, 0.397779646, -3.47356847e-006, 0.917480982, 1.42293475e-005, -1, -9.95520721e-006, 0, 0, 0, 0, 0, 0, 0, 0.212985059, -0.0426057861, 0.189730688, -0.611924242, 0.787761268, -0.0696339451, -0.378540039, -0.214477539, 0.900390625, 0.694362689, 0.577356651, 0.429634815, 0, 0, 0, 0, 0, 0, 0, 0.257076465, 0.00384418945, 0.206868164, -0.78176222, 0.581212287, -0.225396771, -0.130981445, -0.506469727, -0.852050781, -0.609469202, -0.636704433, 0.472190393, 2, 1, 
749.249632, 0.1, 0.1, 0.116867656, 0.181863939, -0.019961462, 0.917483009, 1.58485642e-005, -0.39777497, 0.39777497, -9.54451318e-007, 0.91748301, 1.41611315e-005, -1, -7.17985502e-006, 0.917482677, 1.50365454e-005, -0.397775737, 0.397775737, 2.25591392e-005, 0.917482677, 2.27692482e-005, -1, 1.47164465e-005, 0, 0, 0, 0, 0, 0, 0, 0.212985059, -0.0426057861, 0.189730688, -0.611924242, 0.787761268, -0.0696339451, -0.378540039, -0.214477539, 0.900390625, 0.694362689, 0.577356651, 0.429634815, 0, 0, 0, 0, 0, 0, 0, 0.257076465, 0.00384418945, 0.206868164, -0.78176222, 0.581212287, -0.225396771, -0.130981445, -0.506469727, -0.852050781, -0.609469202, -0.636704433, 0.472190393, 2, 1, 
749.250532, 0.1, 0.1, 0.116867654, 0.181863941, -0.019961773, 0.917484801, 1.14340319e-005, -0.397770839, 0.397770839, 2.30890053e-005, 0.917484801, 1.96746835e-005, -1, 1.6635687e-005, 0.917484445, 1.63863885e-006, -0.397771661, 0.39777166, 2.92087237e-005, 0.917484444, 1.31218282e-005, -1, 2.61467456e-005, 0, 0, 0, 0, 0, 0, 0, 0.212960645, -0.0424029297, 0.189742285, -0.612406512, 0.787336286, -0.0693677228, -0.377685547, -0.214477539, 0.900756836, 0.694439073, 0.577794738, 0.42897469, 0, 0, 0, 0, 0, 0, 0, 0.257047168, 0.00402080078, 0.206776514, -0.782643747, 0.580643558, -0.223811987, -0.132324219, -0.506591797, -0.851806641, -0.608088942, -0.637132437, 0.473461645, 2, 1, 
749.251379, 0.1, 0.1, 0.116867653, 0.181863941, -0.0199621894, 0.917486476, -1.99230397e-007, -0.397766974, 0.397766974, 2.124128e-005, 0.917486476, 8.26628848e-006, -1, 1.95678344e-005, 0.917486143, -1.70229336e-005, -0.397767744, 0.397767744, 8.09620083e-006, 0.917486143, -1.23978981e-005, -1, 1.4199326e-005, 0, 0, 0, 0, 0, 0, 0, 0.212960645, -0.0424029297, 0.189742285, -0.612406512, 0.787336286, -0.0693677228, -0.377685547, -0.214477539, 0.900756836, 0.694439073, 0.577794738, 0.42897469, 0, 0, 0, 0, 0, 0, 0, 0.257047168, 0.00402080078, 0.206776514, -0.782643747, 0.580643558, -0.223811987, -0.132324219, -0.506591797, -0.851806641, -0.608088942, -0.637132437, 0.473461645, 2, 1, 
749.252226, 0.1, 0.1, 0.116867652, 0.18186394, -0.0199628027, 0.917488175, -1.74880391e-005, -0.397763056, 0.397763056, 1.26656084e-006, 0.917488175, -1.5541278e-005, -1, 8.11815048e-006, 0.917487843, -1.62701954e-005, -0.397763822, 0.397763821, -2.07319129e-005, 0.917487843, -2.31741114e-005, -1, -1.25495829e-005, 0, 0, 0, 0, 0, 0, 0, 0.212960645, -0.0424029297, 0.189742285, -0.612406512, 0.787336286, -0.0693677228, -0.377685547, -0.214477539, 0.900756836, 0.694439073, 0.577794738, 0.42897469, 0, 0, 0, 0, 0, 0, 0, 0.257047168, 0.00402080078, 0.206776514, -0.782643747, 0.580643558, -0.223811987, -0.132324219, -0.506591797, -0.851806641, -0.608088942, -0.637132437, 0.473461645, 2, 1, 
749.253093, 0.1, 0.1, 0.116867652, 0.181863939, -0.0199631473, 0.917489902, -1.30169166e-005, -0.397759072, 0.397759071, -2.09799141e-005, 0.917489902, -2.02878407e-005, -1, -1.40712627e-005, 0.917489569, -3.91825397e-006, -0.397759841, 0.397759841, -2.57648305e-005, 0.917489569, -1.3843172e-005, -1, -2.20804392e-005, 0, 0, 0, 0, 0, 0, 0, 0.212960645, -0.0424029297, 0.189742285, -0.612406512, 0.787336286, -0.0693677228, -0.377685547, -0.214477539, 0.900756836, 0.694439073, 0.577794738, 0.42897469, 0, 0, 0, 0, 0, 0, 0, 0.257047168, 0.00402080078, 0.206776514, -0.782643747, 0.580643558, -0.223811987, -0.132324219, -0.506591797, -0.851806641, -0.608088942, -0.637132437, 0.473461645, 2, 1, 
749.253947, 0.1, 0.1, 0.116867653, 0.181863939, -0.0199633139, 0.917491599, -1.83009964e-006, -0.397755159, 0.397755159, -2.22957258e-005, 0.917491599, -1.0547341e-005, -1, -1.97282095e-005, 0.917491262, 1.48351875e-005, -0.397755934, 0.397755934, -8.77169443e-006, 0.917491262, 1.01221614e-005, -1, -1.39487369e-005, 0, 0, 0, 0, 0, 0, 0, 0.212960645, -0.0424029297, 0.189742285, -0.612406512, 0.787336286, -0.0693677228, -0.377685547, -0.214477539, 0.900756836, 0.694439073, 0.577794738, 0.42897469, 0, 0, 0, 0, 0, 0, 0, 0.257047168, 0.00402080078, 0.206776514, -0.782643747, 0.580643558, -0.223811987, -0.132324219, -0.506591797, -0.851806641, -0.608088942, -0.637132437, 0.473461645, 2, 1, 
749.254833, 0.1, 0.1, 0.116867653, 0.181863941, -0.0199630896, 0.917493351, 1.71781335e-005, -0.397751116, 0.397751116, -7.4445576e-006, 0.917493351, 1.27997422e-005, -1, -1.36629539e-005, 0.917492979, 1.60327851e-005, -0.397751974, 0.397751974, 1.76336131e-005, 0.917492979, 2.17237722e-005, -1, 9.80164432e-006, 0, 0, 0, 0, 0, 0, 0, 0.212960645, -0.0424029297, 0.189742285, -0.612806406, 0.787050968, -0.0695837703, -0.377319336, -0.214111328, 0.900878906, 0.694255226, 0.578334295, 0.428390949, 0, 0, 0, 0, 0, 0, 0, 0.257047168, 0.00402080078, 0.206776514, -0.782643747, 0.580643558, -0.223811987, -0.132324219, -0.506591797, -0.851806641, -0.608088942, -0.637132437, 0.473461645, 2, 1, 
749.255717, 0.1, 0.1, 0.116867653, 0.181863941, -0.019962064, 0.91749511, 1.54532734e-005, -0.397747059, 0.397747059, 1.81062431e-005, 0.91749511, 2.13800077e-005, -1, 1.04658954e-005, 0.91749477, 5.99924256e-006, -0.397747842, 0.397747842, 2.27670231e-005, 0.91749477, 1.4559808e-005, -1, 1.85024388e-005, 0, 0, 0, 0, 0, 0, 0, 0.212716406, -0.0424158691, 0.189729468, -0.612806406, 0.787050968, -0.0695837703, -0.377319336, -0.214111328, 0.900878906, 0.694255226, 0.578334295, 0.428390949, 0, 0, 0, 0, 0, 0, 0, 0.256815869, 0.0040125, 0.206619922, -0.782950349, 0.580522157, -0.223025975, -0.133178711, -0.506713867, -0.85168457, -0.607507453, -0.637145197, 0.474157971, 2, 1, 
749.256572, 0.1, 0.1, 0.116867652, 0.181863941, -0.0199612798, 0.917496815, 4.49637339e-006, -0.397743126, 0.397743126, 2.4615667e-005, 0.917496815, 1.39161206e-005, -1, 2.07963944e-005, 0.917496474, -1.30457498e-005, -0.397743913, 0.397743913, 9.86452587e-006, 0.917496474, -8.04587435e-006, -1, 1.42395353e-005, 0, 0, 0, 0, 0, 0, 0, 0.212716406, -0.0424158691, 0.189729468, -0.612806406, 0.787050968, -0.0695837703, -0.377319336, -0.214111328, 0.900878906, 0.694255226, 0.578334295, 0.428390949, 0, 0, 0, 0, 0, 0, 0, 0.256815869, 0.0040125, 0.206619922, -0.782950349, 0.580522157, -0.223025975, -0.133178711, -0.506713867, -0.85168457, -0.607507453, -0.637145197, 0.474157971, 2, 1, 
749.257422, 0.1, 0.1, 0.116867652, 0.181863941, -0.0199611477, 0.917498511, -1.57333085e-005, -0.397739214, 0.397739215, 8.73552579e-006, 0.917498511, -1.0960826e-005, -1, 1.42725857e-005, 0.917498155, -1.39587458e-005, -0.397740036, 0.397740035, -1.59234812e-005, 0.917498155, -1.91405295e-005, -1, -9.0578126e-006, 0, 0, 0, 0, 0, 0, 0, 0.212716406, -0.0424158691, 0.189729468, -0.612806406, 0.787050968, -0.0695837703, -0.377319336, -0.214111328, 0.900878906, 0.694255226, 0.578334295, 0.428390949, 0, 0, 0, 0, 0, 0, 0, 0.256815869, 0.0040125, 0.206619922, -0.782950349, 0.580522157, -0.223025975, -0.133178711, -0.506713867, -0.85168457, -0.607507453, -0.637145197, 0.474157971, 2, 1, 
749.258268, 0.1, 0.1, 0.116867652, 0.181863941, -0.0199615762, 0.917500209, -1.56624266e-005, -0.397735297, 0.397735296, -1.83987761e-005, 0.917500209, -2.16881224e-005, -1, -1.0651381e-005, 0.917499871, -5.74315993e-006, -0.397736077, 0.397736077, -2.26917357e-005, 0.917499871, -1.42946705e-005, -1, -1.85354027e-005, 0, 0, 0, 0, 0, 0, 0, 0.212716406, -0.0424158691, 0.189729468, -0.612806406, 0.787050968, -0.0695837703, -0.377319336, -0.214111328, 0.900878906, 0.694255226, 0.578334295, 0.428390949, 0, 0, 0, 0, 0, 0, 0, 0.256815869, 0.0040125, 0.206619922, -0.782950349, 0.580522157, -0.223025975, -0.133178711, -0.506713867, -0.85168457, -0.607507453, -0.637145197, 0.474157971, 2, 1, 
749.259141, 0.1, 0.1, 0.116867651, 0.181863942, -0.019962025, 0.917501962, -6.42671383e-006, -0.397731254, 0.397731254, -2.16445653e-005, 0.917501962, -1.45052426e-005, -1, -1.73028261e-005, 0.917501625, 1.07453473e-005, -0.39773203, 0.39773203, -6.42724953e-006, 0.917501625, 7.30255062e-006, -1, -1.01707807e-005, 0, 0, 0, 0, 0, 0, 0, 0.212716406, -0.0424158691, 0.189729468, -0.612806406, 0.787050968, -0.0695837703, -0.377319336, -0.214111328, 0.900878906, 0.694255226, 0.578334295, 0.428390949, 0, 0, 0, 0, 0, 0, 0, 0.256815869, 0.0040125, 0.206619922, -0.782950349, 0.580522157, -0.223025975, -0.133178711, -0.506713867, -0.85168457, -0.607507453, -0.637145197, 0.474157971, 2, 1, 
749.260038, 0.1, 0.1, 0.116867651, 0.181863944, -0.019962411, 0.917503761, 1.43541163e-005, -0.397727104, 0.397727104, -7.14522209e-006, 0.917503761, 1.03281072e-005, -1, -1.22647892e-005, 0.917503425, 1.29990537e-005, -0.397727879, 0.397727879, 1.63212645e-005, 0.917503425, 1.84180982e-005, -1, 9.80473004e-006, 0, 0, 0, 0, 0, 0, 0, 0.212490479, -0.0424145264, 0.189937085, -0.612844598, 0.787070064, -0.0699072806, -0.377807617, -0.214111328, 0.900756836, 0.694014091, 0.578454863, 0.428689372, 0, 0, 0, 0, 0, 0, 0, 0.25635791, 0.00422890625, 0.2066729, -0.783231432, 0.580573196, -0.222137884, -0.133422852, -0.505981445, -0.852050781, -0.607168768, -0.637630803, 0.473883085, 2, 1, 
