time, trialNum, realDorsalTactorPos, realVentralTactorPos, boxPosX, boxPosY, boxPosZ, boxLocalRot_11, boxLocalRot_12, boxLocalRot_13, boxLocalRot_21, boxLocalRot_22, boxLocalRot_23, boxLocalRot_31, boxLocalRot_32, boxLocalRot_33, boxGlobalRot_11, boxGlobalRot_12, boxGlobalRot_13, boxGlobalRot_21, boxGlobalRot_22, boxGlobalRot_23, boxGlobalRot_31, boxGlobalRot_32, boxGlobalRot_33, indexForceX, indexForceY, indexForceZ, indexForceGlobalX, indexForceGlobalY, indexForceGlobalZ, indexContact, indexPosX, indexPosY, indexPosZ, indexRot_11, indexRot_12, indexRot_13, indexRot_21, indexRot_22, indexRot_23, indexRot_31, indexRot_32, indexRot_33, thumbForceX, thumbForceY, thumbForceZ, thumbForceGlobalX, thumbForceGlobalY, thumbForceGlobalZ, thumbContact, thumbPosX, thumbPosY, thumbPosZ, thumbRot_11, thumbRot_12, thumbRot_13, thumbRot_21, thumbRot_22, thumbRot_23, thumbRot_31, thumbRot_32, thumbRot_33, manipForceTooHigh, cceExpType, mapping, trialSuccess, 
218.730976, 11, 0.1, 0.1, 0.00672447785, 0.362182587, -0.0199757234, 0.961243762, -0.27569989, -6.6429064e-006, -0.27569989, -0.961243762, -3.04729343e-006, -5.54531388e-006, 4.76064036e-006, -1, 0.961243607, -0.275700432, -4.92185106e-007, -0.275700432, -0.961243607, 7.25196726e-006, -2.47248029e-006, -6.83521152e-006, -1, 0, 0, 0, 0, 0, 0, 0, 0.179911719, 0.120599414, -0.189373022, 0.0202250155, 0.96798096, -0.250083911, -0.829711914, 0.155883789, 0.535888672, 0.55765687, 0.196699235, 0.806497353, 0, -0, 0, 0, 0, 0, 0, 0.237937842, 0.13492002, -0.147163086, 0.0159553062, 0.866932551, -0.49783629, -0.367919922, -0.457763672, -0.809204102, -0.92957197, 0.196186043, 0.311730175, 0, 1, 1, 1, 
218.747296, 11, 0.1, 0.1, 0.00672431556, 0.362182654, -0.0199780433, 0.961266557, -0.275620402, -2.68629291e-006, -0.275620402, -0.961266557, 7.45117588e-006, -4.63593963e-006, -6.42216905e-006, -1, 0.961266471, -0.275620704, -8.28661576e-006, -0.275620704, -0.961266471, -1.04434801e-005, -5.08720655e-006, 1.23229301e-005, -1, 0, 0, 0, 0, 0, 0, 0, 0.203331665, 0.0878791748, -0.190662109, 0.00517471295, 0.95314102, -0.302356633, -0.859863281, 0.158569336, 0.485107422, 0.510233054, 0.257508636, 0.820585359, 0, -0, 0, 0, 0, 0, 0, 0.258968994, 0.106788428, -0.147388281, 0.00468827772, 0.833577728, -0.552140386, -0.326904297, -0.520507813, -0.788696289, -0.944994337, 0.184211062, 0.270181713, 0, 1, 1, 1, 
218.747998, 11, 0.1, 0.1, 0.00672431141, 0.362182658, -0.0199795571, 0.961266951, -0.275619029, 2.54654881e-006, -0.275619029, -0.961266951, -6.15419888e-006, 4.14412753e-006, 5.21395068e-006, -1, 0.961266874, -0.275619298, 2.66383304e-007, -0.275619298, -0.961266874, 1.04589133e-005, -2.62661291e-006, -1.01272273e-005, -1, 0, 0, 0, 0, 0, 0, 0, 0.203331665, 0.0878791748, -0.190662109, 0.00517471295, 0.95314102, -0.302356633, -0.859863281, 0.158569336, 0.485107422, 0.510233054, 0.257508636, 0.820585359, 0, -0, 0, 0, 0, 0, 0, 0.258968994, 0.106788428, -0.147388281, 0.00468827772, 0.833577728, -0.552140386, -0.326904297, -0.520507813, -0.788696289, -0.944994337, 0.184211062, 0.270181713, 0, 1, 1, 1, 
218.748695, 11, 0.1, 0.1, 0.00672430669, 0.362182658, -0.0199780148, 0.961267291, -0.275617844, 8.09157155e-006, -0.275617844, -0.961267291, 4.64506427e-006, 6.49790046e-006, -6.69532985e-006, -1, 0.961267227, -0.275618065, 6.66902211e-006, -0.275618065, -0.961267227, 8.44109562e-008, 6.38744721e-006, -1.91924446e-006, -1, 0, 0, 0, 0, 0, 0, 0, 0.203331665, 0.0878791748, -0.190662109, 0.00517471295, 0.95314102, -0.302356633, -0.859863281, 0.158569336, 0.485107422, 0.510233054, 0.257508636, 0.820585359, 0, -0, 0, 0, 0, 0, 0, 0.258968994, 0.106788428, -0.147388281, 0.00468827772, 0.833577728, -0.552140386, -0.326904297, -0.520507813, -0.788696289, -0.944994337, 0.184211062, 0.270181713, 0, 1, 1, 1, 
218.749395, 11, 0.1, 0.1, 0.00672430148, 0.36218266, -0.019974074, 0.96126759, -0.2756168, 7.24393992e-006, -0.2756168, -0.96126759, 1.11158339e-005, 3.89965408e-006, -1.26818424e-005, -1, 0.961267536, -0.275616988, -5.53543819e-006, -0.275616988, -0.961267536, 3.53213214e-007, -5.41838859e-006, 1.18612841e-006, -1, 0, 0, 0, 0, 0, 0, 0, 0.203331665, 0.0878791748, -0.190662109, 0.00517471295, 0.95314102, -0.302356633, -0.859863281, 0.158569336, 0.485107422, 0.510233054, 0.257508636, 0.820585359, 0, -0, 0, 0, 0, 0, 0, 0.258968994, 0.106788428, -0.147388281, 0.00468827772, 0.833577728, -0.552140386, -0.326904297, -0.520507813, -0.788696289, -0.944994337, 0.184211062, 0.270181713, 0, 1, 1, 1, 
218.750099, 11, 0.1, 0.1, 0.00672429763, 0.362182663, -0.0199689844, 0.961267871, -0.275615819, 9.70144197e-006, -0.275615819, -0.961267871, -2.06725792e-007, 9.38266137e-006, -2.47515201e-006, -1, 0.961267813, -0.275616023, 7.58376672e-006, -0.275616023, -0.961267813, -6.02553829e-006, 8.95076575e-006, 3.70194839e-006, -1, 0, 0, 0, 0, 0, 0, 0, 0.203331665, 0.0878791748, -0.190662109, 0.00517471295, 0.95314102, -0.302356633, -0.859863281, 0.158569336, 0.485107422, 0.510233054, 0.257508636, 0.820585359, 0, -0, 0, 0, 0, 0, 0, 0.258968994, 0.106788428, -0.147388281, 0.00468827772, 0.833577728, -0.552140386, -0.326904297, -0.520507813, -0.788696289, -0.944994337, 0.184211062, 0.270181713, 0, 1, 1, 1, 
218.750803, 11, 0.1, 0.1, 0.00672429199, 0.362182664, -0.019964317, 0.96126816, -0.275614811, 1.03412056e-007, -0.275614811, -0.96126816, -1.8630102e-005, 5.23413877e-006, 1.7880022e-005, -1, 0.9612681, -0.275615021, -1.12587445e-005, -0.275615021, -0.9612681, -1.22822558e-005, -7.43749774e-006, 1.49096198e-005, -1, 0, 0, 0, 0, 0, 0, 0, 0.203331665, 0.0878791748, -0.190662109, 0.00517471295, 0.95314102, -0.302356633, -0.859863281, 0.158569336, 0.485107422, 0.510233054, 0.257508636, 0.820585359, 0, -0, 0, 0, 0, 0, 0, 0.258968994, 0.106788428, -0.147388281, 0.00468827772, 0.833577728, -0.552140386, -0.326904297, -0.520507813, -0.788696289, -0.944994337, 0.184211062, 0.270181713, 0, 1, 1, 1, 
218.751502, 11, 0.1, 0.1, 0.00672428824, 0.362182666, -0.0199614646, 0.961268447, -0.275613812, 8.74337082e-006, -0.275613812, -0.961268447, -5.93375843e-006, 1.00401523e-005, 3.29414099e-006, -1, 0.961268399, -0.275613979, 1.2947913e-005, -0.275613979, -0.961268399, 1.04070527e-005, 9.57809039e-006, -1.35725967e-005, -1, 0, 0, 0, 0, 0, 0, 0, 0.203331665, 0.0878791748, -0.190662109, 0.00517471295, 0.95314102, -0.302356633, -0.859863281, 0.158569336, 0.485107422, 0.510233054, 0.257508636, 0.820585359, 0, -0, 0, 0, 0, 0, 0, 0.258968994, 0.106788428, -0.147388281, 0.00468827772, 0.833577728, -0.552140386, -0.326904297, -0.520507813, -0.788696289, -0.944994337, 0.184211062, 0.270181713, 0, 1, 1, 1, 
218.75223, 11, 0.1, 0.1, 0.00672428383, 0.362182667, -0.0199608227, 0.961268649, -0.275613108, -1.1534929e-006, -0.275613108, -0.961268649, -2.30894561e-007, -1.04517899e-006, 5.39869466e-007, -1, 0.961268611, -0.27561324, 1.1724119e-005, -0.27561324, -0.961268611, 8.89705777e-007, 1.10248129e-005, -4.08656866e-006, -1, 0, 0, 0, 0, 0, 0, 0, 0.20687168, 0.0826188721, -0.190677417, 0.00492422129, 0.950137313, -0.311456478, -0.863647461, 0.161010742, 0.477539063, 0.50396954, 0.266635812, 0.821655857, 0, -0, 0, 0, 0, 0, 0, 0.262063867, 0.102181836, -0.147161328, 0.00473275381, 0.828050857, -0.560370908, -0.322143555, -0.529174805, -0.784790039, -0.946585317, 0.184243878, 0.264406942, 0, 1, 1, 1, 
218.752932, 11, 0.1, 0.1, 0.00672427952, 0.362182668, -0.019962761, 0.961268786, -0.275612629, -3.67955996e-006, -0.275612629, -0.961268786, -9.01085943e-006, -1.05353948e-006, 9.6759911e-006, -1, 0.961268767, -0.275612696, -5.90548097e-006, -0.275612696, -0.961268766, -1.68836556e-005, -1.02340456e-006, 1.78573564e-005, -1, 0, 0, 0, 0, 0, 0, 0, 0.20687168, 0.0826188721, -0.190677417, 0.00492422129, 0.950137313, -0.311456478, -0.863647461, 0.161010742, 0.477539063, 0.50396954, 0.266635812, 0.821655857, 0, -0, 0, 0, 0, 0, 0, 0.262063867, 0.102181836, -0.147161328, 0.00473275381, 0.828050857, -0.560370908, -0.322143555, -0.529174805, -0.784790039, -0.946585317, 0.184243878, 0.264406942, 0, 1, 1, 1, 
218.753632, 11, 0.1, 0.1, 0.00672427631, 0.36218267, -0.0199665007, 0.96126889, -0.275612265, 7.24485191e-006, -0.275612265, -0.96126889, -6.81215132e-006, 8.84176321e-006, 4.5515391e-006, -1, 0.961268864, -0.275612356, -1.39385788e-006, -0.275612356, -0.961268864, -5.23840587e-007, -1.19549524e-006, 8.877161e-007, -1, 0, 0, 0, 0, 0, 0, 0, 0.20687168, 0.0826188721, -0.190677417, 0.00492422129, 0.950137313, -0.311456478, -0.863647461, 0.161010742, 0.477539063, 0.50396954, 0.266635812, 0.821655857, 0, -0, 0, 0, 0, 0, 0, 0.262063867, 0.102181836, -0.147161328, 0.00473275381, 0.828050857, -0.560370908, -0.322143555, -0.529174805, -0.784790039, -0.946585317, 0.184243878, 0.264406942, 0, 1, 1, 1, 
218.754331, 11, 0.1, 0.1, 0.00672427221, 0.362182672, -0.0199708738, 0.961269017, -0.275611824, 2.00218683e-006, -0.275611824, -0.961269017, -1.260771e-005, 5.39947412e-006, 1.15675746e-005, -1, 0.961268996, -0.275611895, 6.07249156e-006, -0.275611895, -0.961268996, -9.5163897e-007, 6.09958089e-006, -7.58869868e-007, -1, 0, 0, 0, 0, 0, 0, 0, 0.20687168, 0.0826188721, -0.190677417, 0.00492422129, 0.950137313, -0.311456478, -0.863647461, 0.161010742, 0.477539063, 0.50396954, 0.266635812, 0.821655857, 0, -0, 0, 0, 0, 0, 0, 0.262063867, 0.102181836, -0.147161328, 0.00473275381, 0.828050857, -0.560370908, -0.322143555, -0.529174805, -0.784790039, -0.946585317, 0.184243878, 0.264406942, 0, 1, 1, 1, 
218.755033, 11, 0.1, 0.1, 0.00672426729, 0.362182673, -0.019974551, 0.961269087, -0.275611578, -3.28075409e-006, -0.275611578, -0.961269087, 9.23056095e-006, -5.69773696e-006, -7.96883908e-006, -1, 0.961269073, -0.275611629, 5.48828953e-006, -0.275611629, -0.961269073, 9.70738213e-006, 2.60025558e-006, -1.08440426e-005, -1, 0, 0, 0, 0, 0, 0, 0, 0.20687168, 0.0826188721, -0.190677417, 0.00492422129, 0.950137313, -0.311456478, -0.863647461, 0.161010742, 0.477539063, 0.50396954, 0.266635812, 0.821655857, 0, -0, 0, 0, 0, 0, 0, 0.262063867, 0.102181836, -0.147161328, 0.00473275381, 0.828050857, -0.560370908, -0.322143555, -0.529174805, -0.784790039, -0.946585317, 0.184243878, 0.264406942, 0, 1, 1, 1, 
218.755732, 11, 0.1, 0.1, 0.00672426238, 0.362182676, -0.0199764591, 0.961269184, -0.275611241, -1.77246007e-006, -0.275611241, -0.961269184, 1.72375687e-005, -6.45467893e-006, -1.60814336e-005, -1, 0.961269165, -0.275611307, -2.76042184e-006, -0.275611307, -0.961269165, 1.32547641e-005, -6.30667124e-006, -1.19805925e-005, -1, 0, 0, 0, 0, 0, 0, 0, 0.20687168, 0.0826188721, -0.190677417, 0.00492422129, 0.950137313, -0.311456478, -0.863647461, 0.161010742, 0.477539063, 0.50396954, 0.266635812, 0.821655857, 0, -0, 0, 0, 0, 0, 0, 0.262063867, 0.102181836, -0.147161328, 0.00473275381, 0.828050857, -0.560370908, -0.322143555, -0.529174805, -0.784790039, -0.946585317, 0.184243878, 0.264406942, 0, 1, 1, 1, 
218.756448, 11, 0.1, 0.1, 0.00672425665, 0.362182675, -0.0199760996, 0.961269259, -0.27561098, -7.46432133e-006, -0.27561098, -0.961269258, -2.54362715e-005, -1.64706905e-007, 2.65083548e-005, -1, 0.961269242, -0.275611039, -1.44676918e-005, -0.27561104, -0.961269241, -2.22643546e-005, -7.7710452e-006, 2.53894948e-005, -1, 0, 0, 0, 0, 0, 0, 0, 0.20687168, 0.0826188721, -0.190677417, 0.000313084544, 0.948301088, -0.317211514, -0.868286133, 0.157592773, 0.470214844, 0.495924845, 0.275330893, 0.823556101, 0, -0, 0, 0, 0, 0, 0, 0.262063867, 0.102181836, -0.147161328, 0.00473275381, 0.828050857, -0.560370908, -0.322143555, -0.529174805, -0.784790039, -0.946585317, 0.184243878, 0.264406942, 0, 1, 1, 1, 
218.757171, 11, 0.1, 0.1, 0.00672425482, 0.362182679, -0.0199733743, 0.9612694, -0.275610488, -1.10404222e-006, -0.275610488, -0.961269399, 3.58850869e-005, -1.09515883e-005, -3.41909503e-005, -0.999999999, 0.961269362, -0.27561062, 1.57857714e-005, -0.275610621, -0.961269361, 2.79594072e-005, 7.46846887e-006, -3.12272478e-005, -0.999999999, 0, 0, 0, 0, 0, 0, 0, 0.210183423, 0.0787563721, -0.190296021, 0.000313084544, 0.948301088, -0.317211514, -0.868286133, 0.157592773, 0.470214844, 0.495924845, 0.275330893, 0.823556101, 0, -0, 0, 0, 0, 0, 0, 0.264946094, 0.0986748535, -0.146816455, 0.00178046941, 0.823564828, -0.566914567, -0.315429688, -0.537475586, -0.781860352, -0.948859498, 0.180212839, 0.25893221, 0, 1, 1, 1, 
218.757868, 11, 0.1, 0.1, 0.00672424909, 0.36218268, -0.0199697466, 0.961269639, -0.275609652, 7.19665193e-006, -0.275609652, -0.961269639, -2.96666786e-005, 1.5094346e-005, 2.65342107e-005, -1, 0.961269586, -0.275609839, 1.74026247e-007, -0.275609839, -0.961269586, -2.46358783e-005, 6.95717659e-006, 2.36337572e-005, -1, 0, 0, 0, 0, 0, 0, 0, 0.210183423, 0.0787563721, -0.190296021, 0.000313084544, 0.948301088, -0.317211514, -0.868286133, 0.157592773, 0.470214844, 0.495924845, 0.275330893, 0.823556101, 0, -0, 0, 0, 0, 0, 0, 0.264946094, 0.0986748535, -0.146816455, 0.00178046941, 0.823564828, -0.566914567, -0.315429688, -0.537475586, -0.781860352, -0.948859498, 0.180212839, 0.25893221, 0, 1, 1, 1, 
218.758579, 11, 0.1, 0.1, 0.00672424317, 0.362182686, -0.0199661207, 0.961269911, -0.275608706, -1.63526311e-005, -0.275608705, -0.96126991, 5.02464371e-005, -2.95676477e-005, -4.37934606e-005, -0.999999999, 0.961269861, -0.27560888, -1.7708463e-005, -0.275608879, -0.96126986, 4.77383287e-005, -3.01797191e-005, -4.10088069e-005, -0.999999999, 0, 0, 0, 0, 0, 0, 0, 0.210183423, 0.0787563721, -0.190296021, 0.000313084544, 0.948301088, -0.317211514, -0.868286133, 0.157592773, 0.470214844, 0.495924845, 0.275330893, 0.823556101, 0, -0, 0, 0, 0, 0, 0, 0.264946094, 0.0986748535, -0.146816455, 0.00178046941, 0.823564828, -0.566914567, -0.315429688, -0.537475586, -0.781860352, -0.948859498, 0.180212839, 0.25893221, 0, 1, 1, 1, 
218.759293, 11, 0.1, 0.1, 0.00672423854, 0.362182685, -0.0199636702, 0.961270093, -0.275608069, -1.36954831e-005, -0.27560807, -0.961270092, -3.70057598e-005, -2.96597233e-006, 3.93471158e-005, -0.999999999, 0.961270069, -0.275608155, 1.24062431e-006, -0.275608155, -0.961270068, -3.54581097e-005, 1.09651192e-005, 3.37428934e-005, -0.999999999, 0, 0, 0, 0, 0, 0, 0, 0.210183423, 0.0787563721, -0.190296021, 0.000313084544, 0.948301088, -0.317211514, -0.868286133, 0.157592773, 0.470214844, 0.495924845, 0.275330893, 0.823556101, 0, -0, 0, 0, 0, 0, 0, 0.264946094, 0.0986748535, -0.146816455, -0.00188090157, 0.819366445, -0.572997774, -0.311157227, -0.544921875, -0.778442383, -0.950226265, 0.176948489, 0.256083471, 0, 1, 1, 1, 
218.759991, 11, 0.1, 0.1, 0.00672423432, 0.362182688, -0.0199630255, 0.961270213, -0.275607652, 1.01798559e-006, -0.275607652, -0.961270212, 3.7684202e-005, -9.40749521e-006, -3.65052655e-005, -0.999999999, 0.961270184, -0.275607753, 9.66387606e-007, -0.275607753, -0.961270183, 3.37098369e-005, -8.36173281e-006, -3.2670605e-005, -0.999999999, 0, 0, 0, 0, 0, 0, 0, 0.210183423, 0.0787563721, -0.190296021, 0.000313084544, 0.948301088, -0.317211514, -0.868286133, 0.157592773, 0.470214844, 0.495924845, 0.275330893, 0.823556101, 0, -0, 0, 0, 0, 0, 0, 0.267577246, 0.094756543, -0.147055615, -0.00188090157, 0.819366445, -0.572997774, -0.311157227, -0.544921875, -0.778442383, -0.950226265, 0.176948489, 0.256083471, 0, 1, 1, 1, 
218.76069, 11, 0.1, 0.1, 0.00672422995, 0.362182687, -0.0199643242, 0.96127033, -0.275607243, -1.5825067e-005, -0.275607243, -0.961270329, -4.16313258e-005, -3.73827248e-006, 4.43804614e-005, -0.999999999, 0.961270314, -0.2756073, -3.03425302e-006, -0.2756073, -0.961270313, -4.02057443e-005, 8.16425931e-006, 3.94848508e-005, -0.999999999, 0, 0, 0, 0, 0, 0, 0, 0.210183423, 0.0787563721, -0.190296021, 0.000313084544, 0.948301088, -0.317211514, -0.868286133, 0.157592773, 0.470214844, 0.495924845, 0.275330893, 0.823556101, 0, -0, 0, 0, 0, 0, 0, 0.267577246, 0.094756543, -0.147055615, -0.00188090157, 0.819366445, -0.572997774, -0.311157227, -0.544921875, -0.778442383, -0.950226265, 0.176948489, 0.256083471, 0, 1, 1, 1, 
218.761413, 11, 0.1, 0.1, 0.00672422532, 0.362182689, -0.0199670694, 0.961270427, -0.275606906, 2.61886406e-007, -0.275606906, -0.961270426, 3.29412967e-005, -8.82710522e-006, -3.17376721e-005, -0.999999999, 0.961270401, -0.275606997, -2.11059515e-007, -0.275606997, -0.9612704, 2.74288093e-005, -7.76245702e-006, -2.6308333e-005, -1, 0, 0, 0, 0, 0, 0, 0, 0.210183423, 0.0787563721, -0.190296021, -0.00314742236, 0.946419558, -0.322510489, -0.870483398, 0.15612793, 0.466552734, 0.492023625, 0.28217927, 0.823653825, 0, -0, 0, 0, 0, 0, 0, 0.267577246, 0.094756543, -0.147055615, -0.00188090157, 0.819366445, -0.572997774, -0.311157227, -0.544921875, -0.778442383, -0.950226265, 0.176948489, 0.256083471, 0, 1, 1, 1, 
218.762111, 11, 0.1, 0.1, 0.00672422118, 0.362182689, -0.0199701106, 0.961270519, -0.275606585, -1.24081667e-005, -0.275606585, -0.961270518, -3.03206369e-005, -3.57103762e-006, 3.25661068e-005, -0.999999999, 0.961270506, -0.27560663, -1.69968883e-006, -0.27560663, -0.961270505, -2.94302621e-005, 6.47731462e-006, 2.87588884e-005, -1, 0, 0, 0, 0, 0, 0, 0, 0.213120093, 0.0744394531, -0.190566528, -0.00314742236, 0.946419558, -0.322510489, -0.870483398, 0.15612793, 0.466552734, 0.492023625, 0.28217927, 0.823653825, 0, -0, 0, 0, 0, 0, 0, 0.267577246, 0.094756543, -0.147055615, -0.00188090157, 0.819366445, -0.572997774, -0.311157227, -0.544921875, -0.778442383, -0.950226265, 0.176948489, 0.256083471, 0, 1, 1, 1, 
218.762809, 11, 0.1, 0.1, 0.006724217, 0.362182692, -0.0199728012, 0.961270591, -0.275606333, 1.05244005e-006, -0.275606332, -0.961270591, 3.01072215e-005, -7.28606124e-006, -2.92312458e-005, -1, 0.961270572, -0.275606398, 6.11687211e-007, -0.275606398, -0.961270572, 2.59291537e-005, -6.55824375e-006, -2.50935173e-005, -1, 0, 0, 0, 0, 0, 0, 0, 0.213120093, 0.0744394531, -0.190566528, -0.00314742236, 0.946419558, -0.322510489, -0.870483398, 0.15612793, 0.466552734, 0.492023625, 0.28217927, 0.823653825, 0, -0, 0, 0, 0, 0, 0, 0.267577246, 0.094756543, -0.147055615, -0.00188090157, 0.819366445, -0.572997774, -0.311157227, -0.544921875, -0.778442383, -0.950226265, 0.176948489, 0.256083471, 0, 1, 1, 1, 
218.763512, 11, 0.1, 0.1, 0.00672421309, 0.362182692, -0.0199743323, 0.961270663, -0.275606082, -9.82459228e-006, -0.275606082, -0.961270663, -2.31538412e-005, -3.06275287e-006, 2.49648257e-005, -1, 0.961270653, -0.275606116, -7.08130714e-007, -0.275606116, -0.961270653, -2.26874982e-005, 5.57210798e-006, 2.20039914e-005, -1, 0, 0, 0, 0, 0, 0, 0, 0.213120093, 0.0744394531, -0.190566528, -0.00314742236, 0.946419558, -0.322510489, -0.870483398, 0.15612793, 0.466552734, 0.492023625, 0.28217927, 0.823653825, 0, -0, 0, 0, 0, 0, 0, 0.267577246, 0.094756543, -0.147055615, -0.00188090157, 0.819366445, -0.572997774, -0.311157227, -0.544921875, -0.778442383, -0.950226265, 0.176948489, 0.256083471, 0, 1, 1, 1, 
218.76424, 11, 0.1, 0.1, 0.00672420934, 0.362182696, -0.0199740698, 0.961270722, -0.275605876, 3.04216296e-006, -0.275605876, -0.961270722, 3.27522206e-005, -6.10236226e-006, -3.23221887e-005, -0.999999999, 0.961270706, -0.275605931, 2.87123178e-006, -0.275605931, -0.961270706, 3.01430744e-005, -5.54757906e-006, -2.97669829e-005, -1, 0, 0, 0, 0, 0, 0, 0, 0.216316138, 0.069655542, -0.190474658, -0.00579016651, 0.944043776, -0.329478312, -0.873779297, 0.155517578, 0.46081543, 0.486262598, 0.290589033, 0.82413946, 0, -0, 0, 0, 0, 0, 0, 0.270520996, 0.0908018555, -0.146730518, -0.00400889443, 0.814522774, -0.579943918, -0.305175781, -0.553222656, -0.774902344, -0.952168324, 0.173984544, 0.250934664, 0, 1, 1, 1, 
218.764936, 11, 0.1, 0.1, 0.00672420447, 0.362182696, -0.0199724106, 0.961270778, -0.275605681, -9.36994928e-006, -0.275605681, -0.961270778, -2.57260659e-005, -1.91680852e-006, 2.73121266e-005, -1, 0.961270765, -0.275605725, -1.58504661e-005, -0.275605726, -0.961270765, -2.04148909e-005, -9.61012883e-006, 2.3992717e-005, -1, 0, 0, 0, 0, 0, 0, 0, 0.216316138, 0.069655542, -0.190474658, -0.00579016651, 0.944043776, -0.329478312, -0.873779297, 0.155517578, 0.46081543, 0.486262598, 0.290589033, 0.82413946, 0, -0, 0, 0, 0, 0, 0, 0.270520996, 0.0908018555, -0.146730518, -0.00400889443, 0.814522774, -0.579943918, -0.305175781, -0.553222656, -0.774902344, -0.952168324, 0.173984544, 0.250934664, 0, 1, 1, 1, 
218.765638, 11, 0.1, 0.1, 0.00672420277, 0.362182699, -0.019969979, 0.961270909, -0.275605224, -6.51174746e-006, -0.275605223, -0.961270909, 3.57297889e-005, -1.61068699e-005, -3.25513351e-005, -0.999999999, 0.961270872, -0.275605354, 1.31677105e-005, -0.275605354, -0.961270871, 2.74481241e-005, 5.09288657e-006, -3.00141737e-005, -1, 0, 0, 0, 0, 0, 0, 0, 0.216316138, 0.069655542, -0.190474658, -0.00579016651, 0.944043776, -0.329478312, -0.873779297, 0.155517578, 0.46081543, 0.486262598, 0.290589033, 0.82413946, 0, -0, 0, 0, 0, 0, 0, 0.270520996, 0.0908018555, -0.146730518, -0.00400889443, 0.814522774, -0.579943918, -0.305175781, -0.553222656, -0.774902344, -0.952168324, 0.173984544, 0.250934664, 0, 1, 1, 1, 
218.766336, 11, 0.1, 0.1, 0.00672419619, 0.362182699, -0.019967589, 0.961271156, -0.275604362, 1.27962438e-006, -0.275604362, -0.961271155, -3.67074816e-005, 1.13468081e-005, 3.49331732e-005, -0.999999999, 0.961271101, -0.275604556, -6.40464905e-006, -0.275604556, -0.9612711, -3.13215571e-005, 2.47575981e-006, 3.18736582e-005, -0.999999999, 0, 0, 0, 0, 0, 0, 0, 0.216316138, 0.069655542, -0.190474658, -0.00579016651, 0.944043776, -0.329478312, -0.873779297, 0.155517578, 0.46081543, 0.486262598, 0.290589033, 0.82413946, 0, -0, 0, 0, 0, 0, 0, 0.270520996, 0.0908018555, -0.146730518, -0.00400889443, 0.814522774, -0.579943918, -0.305175781, -0.553222656, -0.774902344, -0.952168324, 0.173984544, 0.250934664, 0, 1, 1, 1, 
218.767038, 11, 0.1, 0.1, 0.00672419379, 0.362182702, -0.0199659531, 0.961271398, -0.275603518, 1.68469549e-005, -0.275603518, -0.961271397, 3.59466017e-005, 6.28748604e-006, -3.91975201e-005, -0.999999999, 0.961271357, -0.275603661, 1.67503119e-005, -0.275603661, -0.961271357, 3.15308599e-005, 7.41157465e-006, -3.49261597e-005, -0.999999999, 0, 0, 0, 0, 0, 0, 0, 0.216316138, 0.069655542, -0.190474658, -0.00579016651, 0.944043776, -0.329478312, -0.873779297, 0.155517578, 0.46081543, 0.486262598, 0.290589033, 0.82413946, 0, -0, 0, 0, 0, 0, 0, 0.270520996, 0.0908018555, -0.146730518, -0.00400889443, 0.814522774, -0.579943918, -0.305175781, -0.553222656, -0.774902344, -0.952168324, 0.173984544, 0.250934664, 0, 1, 1, 1, 
218.767742, 11, 0.1, 0.1, 0.0067241892, 0.362182702, -0.0199653925, 0.961271611, -0.275602774, -1.66558439e-005, -0.275602774, -0.961271611, -3.22431983e-005, -7.12447507e-006, 3.55848679e-005, -0.999999999, 0.961271575, -0.275602903, -5.03012849e-006, -0.275602903, -0.961271574, -3.1153763e-005, 3.75074797e-006, 3.13335448e-005, -1, 0, 0, 0, 0, 0, 0, 0, 0.216316138, 0.069655542, -0.190474658, -0.00579016651, 0.944043776, -0.329478312, -0.873779297, 0.155517578, 0.46081543, 0.486262598, 0.290589033, 0.82413946, 0, -0, 0, 0, 0, 0, 0, 0.270520996, 0.0908018555, -0.146730518, -0.00400889443, 0.814522774, -0.579943918, -0.305175781, -0.553222656, -0.774902344, -0.952168324, 0.173984544, 0.250934664, 0, 1, 1, 1, 
218.768441, 11, 0.1, 0.1, 0.00672418541, 0.362182706, -0.0199660985, 0.9612718, -0.275602116, 2.91844637e-006, -0.275602116, -0.961271799, 3.86774362e-005, -7.85416304e-006, -3.79838587e-005, -0.999999999, 0.961271758, -0.275602261, 1.84900639e-006, -0.275602261, -0.961271758, 3.45730064e-005, -7.75100112e-006, -3.3743645e-005, -0.999999999, 0, 0, 0, 0, 0, 0, 0, 0.216316138, 0.069655542, -0.190474658, -0.00579016651, 0.944043776, -0.329478312, -0.873779297, 0.155517578, 0.46081543, 0.486262598, 0.290589033, 0.82413946, 0, -0, 0, 0, 0, 0, 0, 0.270520996, 0.0908018555, -0.146730518, -0.00400889443, 0.814522774, -0.579943918, -0.305175781, -0.553222656, -0.774902344, -0.952168324, 0.173984544, 0.250934664, 0, 1, 1, 1, 
218.769173, 11, 0.1, 0.1, 0.00672418062, 0.362182706, -0.0199675214, 0.961271977, -0.275601498, -1.02864215e-005, -0.275601499, -0.961271976, -3.60074079e-005, 3.56468428e-008, 3.74478654e-005, -0.999999999, 0.961271942, -0.275601621, -1.82326481e-005, -0.275601622, -0.961271941, -2.92167271e-005, -9.47435569e-006, 3.31101674e-005, -0.999999999, 0, 0, 0, 0, 0, 0, 0, 0.219404517, 0.0657897461, -0.190063354, -0.0104705741, 0.942194447, -0.334605424, -0.877441406, 0.151733398, 0.454833984, 0.479341202, 0.298421046, 0.82532229, 0, -0, 0, 0, 0, 0, 0, 0.273131885, 0.0875093262, -0.14611748, -0.00770234825, 0.810285745, -0.585906089, -0.297973633, -0.561035156, -0.772094727, -0.954397663, 0.168752249, 0.245766534, 0, 1, 1, 1, 
218.769869, 11, 0.1, 0.1, 0.00672417749, 0.362182708, -0.019969297, 0.961272169, -0.27560083, 4.21283899e-006, -0.27560083, -0.961272168, 3.02055565e-005, -4.27499156e-006, -3.01968227e-005, -1, 0.961272127, -0.275600975, 3.8150312e-006, -0.275600975, -0.961272127, 2.58609013e-005, -3.46000645e-006, -2.59107899e-005, -1, 0, 0, 0, 0, 0, 0, 0, 0.219404517, 0.0657897461, -0.190063354, -0.0104705741, 0.942194447, -0.334605424, -0.877441406, 0.151733398, 0.454833984, 0.479341202, 0.298421046, 0.82532229, 0, -0, 0, 0, 0, 0, 0, 0.273131885, 0.0875093262, -0.14611748, -0.00770234825, 0.810285745, -0.585906089, -0.297973633, -0.561035156, -0.772094727, -0.954397663, 0.168752249, 0.245766534, 0, 1, 1, 1, 
218.770571, 11, 0.1, 0.1, 0.00672417316, 0.362182707, -0.01997103, 0.961272345, -0.275600214, -9.11723773e-006, -0.275600214, -0.961272345, -3.05017504e-005, -3.57859535e-007, 3.18332019e-005, -0.999999999, 0.96127231, -0.275600337, -1.55681448e-005, -0.275600338, -0.96127231, -2.50505477e-005, -8.06128707e-006, 2.83709838e-005, -1, 0, 0, 0, 0, 0, 0, 0, 0.219404517, 0.0657897461, -0.190063354, -0.0104705741, 0.942194447, -0.334605424, -0.877441406, 0.151733398, 0.454833984, 0.479341202, 0.298421046, 0.82532229, 0, -0, 0, 0, 0, 0, 0, 0.273131885, 0.0875093262, -0.14611748, -0.00770234825, 0.810285745, -0.585906089, -0.297973633, -0.561035156, -0.772094727, -0.954397663, 0.168752249, 0.245766534, 0, 1, 1, 1, 
218.77127, 11, 0.1, 0.1, 0.00672417201, 0.362182709, -0.0199722028, 0.961272581, -0.275599391, -3.13805375e-006, -0.275599391, -0.961272581, 3.17152971e-005, -1.17572416e-005, -2.96221998e-005, -0.999999999, 0.961272524, -0.27559959, 1.46894461e-005, -0.275599591, -0.961272524, 2.27613796e-005, 7.847534e-006, -2.59282941e-005, -1, 0, 0, 0, 0, 0, 0, 0, 0.219404517, 0.0657897461, -0.190063354, -0.0104705741, 0.942194447, -0.334605424, -0.877441406, 0.151733398, 0.454833984, 0.479341202, 0.298421046, 0.82532229, 0, -0, 0, 0, 0, 0, 0, 0.273131885, 0.0875093262, -0.14611748, -0.00770234825, 0.810285745, -0.585906089, -0.297973633, -0.561035156, -0.772094727, -0.954397663, 0.168752249, 0.245766534, 0, 1, 1, 1, 
218.771974, 11, 0.1, 0.1, 0.00672416605, 0.36218271, -0.0199724761, 0.961272914, -0.275598229, -5.8570552e-007, -0.275598229, -0.961272914, -2.91671927e-005, 7.4754038e-006, 2.81990517e-005, -1, 0.961272843, -0.275598478, -6.66942999e-006, -0.275598478, -0.961272843, -2.40644784e-005, 2.2099168e-007, 2.49706143e-005, -1, 0, 0, 0, 0, 0, 0, 0, 0.219404517, 0.0657897461, -0.190063354, -0.0104705741, 0.942194447, -0.334605424, -0.877441406, 0.151733398, 0.454833984, 0.479341202, 0.298421046, 0.82532229, 0, -0, 0, 0, 0, 0, 0, 0.273131885, 0.0875093262, -0.14611748, -0.00770234825, 0.810285745, -0.585906089, -0.297973633, -0.561035156, -0.772094727, -0.954397663, 0.168752249, 0.245766534, 0, 1, 1, 1, 
218.772681, 11, 0.1, 0.1, 0.00672416304, 0.362182713, -0.0199717538, 0.961273229, -0.275597133, 1.00501594e-005, -0.275597133, -0.961273228, 3.01951394e-005, 1.33925533e-006, -3.17955742e-005, -0.999999999, 0.961273175, -0.275597321, 1.03087462e-005, -0.275597322, -0.961273174, 2.69360401e-005, 2.48602071e-006, -2.87339556e-005, -1, 0, 0, 0, 0, 0, 0, 0, 0.219404517, 0.0657897461, -0.190063354, -0.0104705741, 0.942194447, -0.334605424, -0.877441406, 0.151733398, 0.454833984, 0.479341202, 0.298421046, 0.82532229, 0, -0, 0, 0, 0, 0, 0, 0.273131885, 0.0875093262, -0.14611748, -0.00770234825, 0.810285745, -0.585906089, -0.297973633, -0.561035156, -0.772094727, -0.954397663, 0.168752249, 0.245766534, 0, 1, 1, 1, 
218.77344, 11, 0.1, 0.1, 0.00672415857, 0.362182712, -0.0199700198, 0.961273534, -0.27559607, 9.21435805e-007, -0.27559607, -0.961273533, -3.63046432e-005, 1.08911688e-005, 3.46447485e-005, -0.999999999, 0.96127346, -0.275596328, -8.46607029e-006, -0.275596328, -0.961273459, -2.92630511e-005, -7.34192539e-008, 3.04630123e-005, -1, 0, 0, 0, 0, 0, 0, 0, 0.219404517, 0.0657897461, -0.190063354, -0.0145781015, 0.940579139, -0.338978051, -0.879150391, 0.149414062, 0.452270508, 0.476036829, 0.304609298, 0.825026111, 0, -0, 0, 0, 0, 0, 0, 0.273131885, 0.0875093262, -0.14611748, -0.00770234825, 0.810285745, -0.585906089, -0.297973633, -0.561035156, -0.772094727, -0.954397663, 0.168752249, 0.245766534, 0, 1, 1, 1, 
218.774158, 11, 0.1, 0.1, 0.00672415623, 0.362182715, -0.0199676212, 0.961273787, -0.275595185, 1.52774972e-005, -0.275595185, -0.961273787, 3.22265939e-005, 5.80436345e-006, -3.51889846e-005, -0.999999999, 0.961273746, -0.275595327, 1.52394221e-005, -0.275595328, -0.961273746, 2.86808289e-005, 6.74495399e-006, -3.17700414e-005, -0.999999999, 0, 0, 0, 0, 0, 0, 0, 0.221863452, 0.061707666, -0.190064478, -0.0145781015, 0.940579139, -0.338978051, -0.879150391, 0.149414062, 0.452270508, 0.476036829, 0.304609298, 0.825026111, 0, -0, 0, 0, 0, 0, 0, 0.27547168, 0.083790332, -0.146071875, -0.0123221722, 0.806265999, -0.591165004, -0.29296875, -0.568115234, -0.768920898, -0.95598791, 0.163788276, 0.243249917, 0, 1, 1, 1, 
218.774857, 11, 0.1, 0.1, 0.006724152, 0.362182714, -0.0199659696, 0.961274002, -0.275594435, -1.62556112e-005, -0.275594436, -0.961274001, -3.49092478e-005, -6.005302e-006, 3.80373084e-005, -0.999999999, 0.961273965, -0.275594566, -5.06415897e-006, -0.275594566, -0.961273964, -3.40347518e-005, 4.51174848e-006, 3.41123755e-005, -0.999999999, 0, 0, 0, 0, 0, 0, 0, 0.221863452, 0.061707666, -0.190064478, -0.0145781015, 0.940579139, -0.338978051, -0.879150391, 0.149414062, 0.452270508, 0.476036829, 0.304609298, 0.825026111, 0, -0, 0, 0, 0, 0, 0, 0.27547168, 0.083790332, -0.146071875, -0.0123221722, 0.806265999, -0.591165004, -0.29296875, -0.568115234, -0.768920898, -0.95598791, 0.163788276, 0.243249917, 0, 1, 1, 1, 
218.775561, 11, 0.1, 0.1, 0.00672414881, 0.362182717, -0.0199654402, 0.961274195, -0.275593763, 4.44358991e-006, -0.275593763, -0.961274194, 3.72253269e-005, -5.98755959e-006, -3.70083718e-005, -0.999999999, 0.961274152, -0.275593911, 3.26359688e-006, -0.275593911, -0.961274152, 3.31227357e-005, -5.99121297e-006, -3.27394571e-005, -0.999999999, 0, 0, 0, 0, 0, 0, 0, 0.221863452, 0.061707666, -0.190064478, -0.0145781015, 0.940579139, -0.338978051, -0.879150391, 0.149414062, 0.452270508, 0.476036829, 0.304609298, 0.825026111, 0, -0, 0, 0, 0, 0, 0, 0.27547168, 0.083790332, -0.146071875, -0.0123221722, 0.806265999, -0.591165004, -0.29296875, -0.568115234, -0.768920898, -0.95598791, 0.163788276, 0.243249917, 0, 1, 1, 1, 
218.776296, 11, 0.1, 0.1, 0.00672414454, 0.362182716, -0.0199659122, 0.961274376, -0.275593132, -8.88263542e-006, -0.275593132, -0.961274375, -3.97645503e-005, 2.42018711e-006, 4.06726365e-005, -0.999999999, 0.96127434, -0.275593257, -1.72697983e-005, -0.275593257, -0.961274339, -3.30717507e-005, -7.4866625e-006, 3.65504653e-005, -0.999999999, 0, 0, 0, 0, 0, 0, 0, 0.225059497, 0.0569163086, -0.189745947, -0.0172208456, 0.938063693, -0.345863499, -0.882324219, 0.14855957, 0.446533203, 0.470275801, 0.31291759, 0.825251515, 0, -0, 0, 0, 0, 0, 0, 0.278172412, 0.079815625, -0.145718213, -0.0148526493, 0.801205045, -0.597957663, -0.287475586, -0.576171875, -0.765014648, -0.957604044, 0.160556009, 0.238976441, 0, 1, 1, 1, 
218.776996, 11, 0.1, 0.1, 0.00672414088, 0.362182718, -0.019967196, 0.961274523, -0.275592618, 9.05271445e-006, -0.275592618, -0.961274523, 3.18155717e-005, -6.59929334e-008, -3.30783598e-005, -0.999999999, 0.961274501, -0.275592694, 8.11541811e-006, -0.275592694, -0.961274501, 2.71495991e-005, 3.18913346e-007, -2.83347673e-005, -1, 0, 0, 0, 0, 0, 0, 0, 0.225059497, 0.0569163086, -0.189745947, -0.0172208456, 0.938063693, -0.345863499, -0.882324219, 0.14855957, 0.446533203, 0.470275801, 0.31291759, 0.825251515, 0, -0, 0, 0, 0, 0, 0, 0.278172412, 0.079815625, -0.145718213, -0.0148526493, 0.801205045, -0.597957663, -0.287475586, -0.576171875, -0.765014648, -0.957604044, 0.160556009, 0.238976441, 0, 1, 1, 1, 
218.777705, 11, 0.1, 0.1, 0.00672413789, 0.362182717, -0.0199690533, 0.961274606, -0.275592331, -3.76025196e-006, -0.275592331, -0.961274605, -3.41299183e-005, 5.79130901e-006, 3.38445204e-005, -0.999999999, 0.961274588, -0.275592393, -1.09062692e-005, -0.275592393, -0.961274587, -2.81604277e-005, -2.72311973e-006, 3.00755883e-005, -1, 0, 0, 0, 0, 0, 0, 0, 0.225059497, 0.0569163086, -0.189745947, -0.0172208456, 0.938063693, -0.345863499, -0.882324219, 0.14855957, 0.446533203, 0.470275801, 0.31291759, 0.825251515, 0, -0, 0, 0, 0, 0, 0, 0.278172412, 0.079815625, -0.145718213, -0.0148526493, 0.801205045, -0.597957663, -0.287475586, -0.576171875, -0.765014648, -0.957604044, 0.160556009, 0.238976441, 0, 1, 1, 1, 
218.778411, 11, 0.1, 0.1, 0.0067241349, 0.36218272, -0.0199708121, 0.961274672, -0.2755921, 1.02463431e-005, -0.2755921, -0.961274671, 3.0550083e-005, 1.43018858e-006, -3.21908322e-005, -0.999999999, 0.961274664, -0.275592126, 9.8029564e-006, -0.275592126, -0.961274664, 2.62950874e-005, 2.17661457e-006, -2.79784189e-005, -1, 0, 0, 0, 0, 0, 0, 0, 0.225059497, 0.0569163086, -0.189745947, -0.0172208456, 0.938063693, -0.345863499, -0.882324219, 0.14855957, 0.446533203, 0.470275801, 0.31291759, 0.825251515, 0, -0, 0, 0, 0, 0, 0, 0.278172412, 0.079815625, -0.145718213, -0.0148526493, 0.801205045, -0.597957663, -0.287475586, -0.576171875, -0.765014648, -0.957604044, 0.160556009, 0.238976441, 0, 1, 1, 1, 
218.779114, 11, 0.1, 0.1, 0.0067241311, 0.36218272, -0.0199720054, 0.961274734, -0.275591883, 1.14061737e-007, -0.275591883, -0.961274734, -2.89882854e-005, 8.09858082e-006, 2.78342719e-005, -1, 0.961274719, -0.275591934, -6.8189818e-006, -0.275591934, -0.961274719, -2.32986305e-005, -1.34000171e-007, 2.42756409e-005, -1, 0, 0, 0, 0, 0, 0, 0, 0.225059497, 0.0569163086, -0.189745947, -0.0172208456, 0.938063693, -0.345863499, -0.882324219, 0.14855957, 0.446533203, 0.470275801, 0.31291759, 0.825251515, 0, -0, 0, 0, 0, 0, 0, 0.278172412, 0.079815625, -0.145718213, -0.0148526493, 0.801205045, -0.597957663, -0.287475586, -0.576171875, -0.765014648, -0.957604044, 0.160556009, 0.238976441, 0, 1, 1, 1, 
218.779812, 11, 0.1, 0.1, 0.00672412905, 0.362182723, -0.0199723849, 0.961274786, -0.275591702, 1.41526446e-005, -0.275591703, -0.961274785, 2.79022692e-005, 5.91494653e-006, -3.07220993e-005, -1, 0.961274781, -0.27559172, 1.37482675e-005, -0.27559172, -0.96127478, 2.47476665e-005, 6.39561087e-006, -2.75782164e-005, -1, 0, 0, 0, 0, 0, 0, 0, 0.225059497, 0.0569163086, -0.189745947, -0.0172208456, 0.938063693, -0.345863499, -0.882324219, 0.14855957, 0.446533203, 0.470275801, 0.31291759, 0.825251515, 0, -0, 0, 0, 0, 0, 0, 0.278172412, 0.079815625, -0.145718213, -0.0148526493, 0.801205045, -0.597957663, -0.287475586, -0.576171875, -0.765014648, -0.957604044, 0.160556009, 0.238976441, 0, 1, 1, 1, 
218.780518, 11, 0.1, 0.1, 0.00672412554, 0.362182722, -0.0199718476, 0.96127483, -0.275591549, -1.14974732e-005, -0.275591549, -0.961274829, -2.80156451e-005, -3.33135656e-006, 3.00993409e-005, -1, 0.961274824, -0.27559157, -2.14346885e-006, -0.27559157, -0.961274823, -2.71677742e-005, 5.42674689e-006, 2.67064193e-005, -1, 0, 0, 0, 0, 0, 0, 0, 0.225059497, 0.0569163086, -0.189745947, -0.0172208456, 0.938063693, -0.345863499, -0.882324219, 0.14855957, 0.446533203, 0.470275801, 0.31291759, 0.825251515, 0, -0, 0, 0, 0, 0, 0, 0.278172412, 0.079815625, -0.145718213, -0.0148526493, 0.801205045, -0.597957663, -0.287475586, -0.576171875, -0.765014648, -0.957604044, 0.160556009, 0.238976441, 0, 1, 1, 1, 
218.781254, 11, 0.1, 0.1, 0.00672412299, 0.362182725, -0.0199702859, 0.961274875, -0.275591392, 5.96445797e-006, -0.275591392, -0.961274874, 3.33121979e-005, -3.44707141e-006, -3.36659321e-005, -0.999999999, 0.961274861, -0.27559144, 5.00854666e-006, -0.27559144, -0.96127486, 3.06424408e-005, -3.63020439e-006, -3.08361206e-005, -1, 0, 0, 0, 0, 0, 0, 0, 0.227890088, 0.0532676514, -0.188883398, -0.0225613783, 0.936093796, -0.350889139, -0.885986328, 0.143920898, 0.440795898, 0.463088183, 0.320768699, 0.826294682, 0, -0, 0, 0, 0, 0, 0, 0.280515381, 0.0767229004, -0.145296436, -0.0193127922, 0.796776252, -0.60379187, -0.280517578, -0.583984375, -0.76159668, -0.959545736, 0.154812588, 0.234926445, 0, 1, 1, 1, 
218.781953, 11, 0.1, 0.1, 0.00672411968, 0.362182725, -0.0199684922, 0.961274917, -0.275591244, -5.34216495e-006, -0.275591244, -0.961274916, -3.49562305e-005, 4.49834189e-006, 3.50748015e-005, -0.999999999, 0.961274906, -0.275591281, -1.3145438e-005, -0.275591281, -0.961274906, -2.87169278e-005, -4.72224472e-006, 3.12276301e-005, -1, 0, 0, 0, 0, 0, 0, 0, 0.227890088, 0.0532676514, -0.188883398, -0.0225613783, 0.936093796, -0.350889139, -0.885986328, 0.143920898, 0.440795898, 0.463088183, 0.320768699, 0.826294682, 0, -0, 0, 0, 0, 0, 0, 0.280515381, 0.0767229004, -0.145296436, -0.0193127922, 0.796776252, -0.60379187, -0.280517578, -0.583984375, -0.76159668, -0.959545736, 0.154812588, 0.234926445, 0, 1, 1, 1, 
218.782662, 11, 0.1, 0.1, 0.00672411682, 0.362182727, -0.0199670161, 0.961274949, -0.275591131, 1.15620322e-005, -0.275591131, -0.961274949, 3.23676552e-005, 2.19405324e-006, -3.43006097e-005, -0.999999999, 0.961274949, -0.275591132, 1.10277514e-005, -0.275591132, -0.961274949, 2.88676948e-005, 2.64502049e-006, -3.07889423e-005, -1, 0, 0, 0, 0, 0, 0, 0, 0.227890088, 0.0532676514, -0.188883398, -0.0225613783, 0.936093796, -0.350889139, -0.885986328, 0.143920898, 0.440795898, 0.463088183, 0.320768699, 0.826294682, 0, -0, 0, 0, 0, 0, 0, 0.280515381, 0.0767229004, -0.145296436, -0.0193127922, 0.796776252, -0.60379187, -0.280517578, -0.583984375, -0.76159668, -0.959545736, 0.154812588, 0.234926445, 0, 1, 1, 1, 
218.783366, 11, 0.1, 0.1, 0.00672411241, 0.362182726, -0.0199663357, 0.961274975, -0.275591042, -1.79549673e-005, -0.275591043, -0.961274974, -3.63133346e-005, -7.25203094e-006, 3.98553279e-005, -0.999999999, 0.961274973, -0.27559105, -7.2164011e-006, -0.27559105, -0.961274972, -3.50521094e-005, 2.72310187e-006, 3.56834911e-005, -0.999999999, 0, 0, 0, 0, 0, 0, 0, 0.227890088, 0.0532676514, -0.188883398, -0.0225613783, 0.936093796, -0.350889139, -0.885986328, 0.143920898, 0.440795898, 0.463088183, 0.320768699, 0.826294682, 0, -0, 0, 0, 0, 0, 0, 0.280515381, 0.0767229004, -0.145296436, -0.0193127922, 0.796776252, -0.60379187, -0.280517578, -0.583984375, -0.76159668, -0.959545736, 0.154812588, 0.234926445, 0, 1, 1, 1, 
218.784066, 11, 0.1, 0.1, 0.00672410937, 0.362182728, -0.0199666374, 0.961275002, -0.275590947, 3.85575096e-006, -0.275590947, -0.961275002, 3.32641865e-005, -5.46087164e-006, -3.3038641e-005, -0.999999999, 0.961274991, -0.275590985, 2.25210113e-006, -0.275590985, -0.961274991, 2.90836778e-005, -5.85031092e-006, -2.85780709e-005, -1, 0, 0, 0, 0, 0, 0, 0, 0.227890088, 0.0532676514, -0.188883398, -0.0225613783, 0.936093796, -0.350889139, -0.885986328, 0.143920898, 0.440795898, 0.463088183, 0.320768699, 0.826294682, 0, -0, 0, 0, 0, 0, 0, 0.280515381, 0.0767229004, -0.145296436, -0.0193127922, 0.796776252, -0.60379187, -0.280517578, -0.583984375, -0.76159668, -0.959545736, 0.154812588, 0.234926445, 0, 1, 1, 1, 
