time, trialNum, realDorsalTactorPos, realVentralTactorPos, boxPosX, boxPosY, boxPosZ, boxLocalRot_11, boxLocalRot_12, boxLocalRot_13, boxLocalRot_21, boxLocalRot_22, boxLocalRot_23, boxLocalRot_31, boxLocalRot_32, boxLocalRot_33, boxGlobalRot_11, boxGlobalRot_12, boxGlobalRot_13, boxGlobalRot_21, boxGlobalRot_22, boxGlobalRot_23, boxGlobalRot_31, boxGlobalRot_32, boxGlobalRot_33, indexForceX, indexForceY, indexForceZ, indexForceGlobalX, indexForceGlobalY, indexForceGlobalZ, indexContact, indexPosX, indexPosY, indexPosZ, indexRot_11, indexRot_12, indexRot_13, indexRot_21, indexRot_22, indexRot_23, indexRot_31, indexRot_32, indexRot_33, thumbForceX, thumbForceY, thumbForceZ, thumbForceGlobalX, thumbForceGlobalY, thumbForceGlobalZ, thumbContact, thumbPosX, thumbPosY, thumbPosZ, thumbRot_11, thumbRot_12, thumbRot_13, thumbRot_21, thumbRot_22, thumbRot_23, thumbRot_31, thumbRot_32, thumbRot_33, manipForceTooHigh, cceExpType, mapping, trialSuccess, 
234.369679, 14, 0.1, 0.1, 0.0164245907, 0.368884793, -0.0199620345, 0.884277931, -0.466960961, 2.273869e-005, 0.466960962, 0.884277932, -5.42387071e-006, -1.75745858e-005, 1.54142897e-005, 1, 0.884278422, -0.466960032, 2.40229704e-006, 0.466960032, 0.884278422, -3.20490539e-005, 1.28413278e-005, 2.94620635e-005, 0.999999999, 0, 0, 0, 0, 0, 0, 0, 0.211254297, 0.00639904785, -0.184693433, -0.1811839, 0.918842125, -0.350475375, -0.875488281, 0.0115966797, 0.483032227, 0.447920552, 0.394442865, 0.802375905, 0, -0, 0, 0, 0, 0, 0, 0.266489062, 0.0363044434, -0.155310107, -0.121596004, 0.660083847, -0.741093412, -0.232055664, -0.744873047, -0.625366211, -0.965018198, 0.096012776, 0.243816586, 0, 1, 1, 1, 
234.412293, 14, 0.1, 0.1, 0.0164244133, 0.368885496, -0.0199700978, 0.884250282, -0.467013318, -9.17597673e-007, 0.467013318, 0.884250282, -1.10541227e-005, 5.97380853e-006, 9.34608078e-006, 1, 0.88425049, -0.467012923, -1.20396001e-005, 0.467012923, 0.884250491, -9.46724353e-007, 1.10881548e-005, -4.78550736e-006, 1, 0, 0, 0, 0, 0, 0, 0, 0.230625659, -0.0309834961, -0.175345386, -0.234725193, 0.911595715, -0.337400171, -0.861572266, -0.0343017578, 0.506347656, 0.450097471, 0.409556472, 0.793631032, 0, -0, 0, 0, 0, 0, 0, 0.282823877, 0.000166796875, -0.148892041, -0.180449893, 0.616745239, -0.766050369, -0.167602539, -0.786743164, -0.593994141, -0.969117365, 0.0213716173, 0.245366757, 0, 1, 1, 1, 
234.413014, 14, 0.1, 0.1, 0.0164244103, 0.368885505, -0.0199725324, 0.884249175, -0.467015413, -1.18601249e-005, 0.467015413, 0.884249175, -7.6315168e-007, 1.08437093e-005, -4.8640449e-006, 1, 0.88424939, -0.467015006, -1.03146643e-005, 0.467015006, 0.88424939, 5.34710247e-006, 6.62355853e-006, -9.54527511e-006, 1, 0, 0, 0, 0, 0, 0, 0, 0.231854736, -0.0334793213, -0.174339746, -0.241293122, 0.910720664, -0.335122495, -0.859375, -0.0401611328, 0.509643555, 0.450766953, 0.411054578, 0.79240514, 0, -0, 0, 0, 0, 0, 0, 0.283880713, -0.00230405273, -0.148499512, -0.188225792, 0.61267372, -0.767481302, -0.160888672, -0.790039063, -0.591308594, -0.968707218, 0.0122289511, 0.247302986, 0, 1, 1, 1, 
234.413704, 14, 0.1, 0.1, 0.0164244073, 0.368885514, -0.0199737413, 0.884248123, -0.467017405, -1.04607116e-005, 0.467017405, 0.884248123, 5.12555175e-006, 6.85614275e-006, -9.41759391e-006, 1, 0.884248332, -0.467017009, 2.35047729e-006, 0.467017009, 0.884248332, 7.39973991e-006, -5.53421002e-006, -5.4454948e-006, 1, 0, 0, 0, 0, 0, 0, 0, 0.231854736, -0.0334793213, -0.174339746, -0.241293122, 0.910720664, -0.335122495, -0.859375, -0.0401611328, 0.509643555, 0.450766953, 0.411054578, 0.79240514, 0, -0, 0, 0, 0, 0, 0, 0.283880713, -0.00230405273, -0.148499512, -0.188225792, 0.61267372, -0.767481302, -0.160888672, -0.790039063, -0.591308594, -0.968707218, 0.0122289511, 0.247302986, 0, 1, 1, 1, 
234.414395, 14, 0.1, 0.1, 0.0164244046, 0.368885523, -0.0199737363, 0.884247084, -0.467019373, 5.56517094e-007, 0.467019373, 0.884247084, 8.38521696e-006, -4.40815739e-006, -7.15469938e-006, 1, 0.884247288, -0.467018987, 1.06387917e-005, 0.467018987, 0.884247288, -5.73635929e-007, -9.13942382e-006, 5.47575373e-006, 1, 0, 0, 0, 0, 0, 0, 0, 0.231854736, -0.0334793213, -0.174339746, -0.241293122, 0.910720664, -0.335122495, -0.859375, -0.0401611328, 0.509643555, 0.450766953, 0.411054578, 0.79240514, 0, -0, 0, 0, 0, 0, 0, 0.283880713, -0.00230405273, -0.148499512, -0.188225792, 0.61267372, -0.767481302, -0.160888672, -0.790039063, -0.591308594, -0.968707218, 0.0122289511, 0.247302986, 0, 1, 1, 1, 
234.415091, 14, 0.1, 0.1, 0.0164244025, 0.368885531, -0.0199725639, 0.884246043, -0.467021343, 1.05180131e-005, 0.467021343, 0.884246043, 4.80645516e-007, -9.52498317e-006, 4.4871277e-006, 1, 0.884246249, -0.467020954, 9.27119783e-006, 0.467020954, 0.884246249, -5.81270316e-006, -5.48336773e-006, 9.46970462e-006, 1, 0, 0, 0, 0, 0, 0, 0, 0.231854736, -0.0334793213, -0.174339746, -0.241293122, 0.910720664, -0.335122495, -0.859375, -0.0401611328, 0.509643555, 0.450766953, 0.411054578, 0.79240514, 0, -0, 0, 0, 0, 0, 0, 0.283880713, -0.00230405273, -0.148499512, -0.188225792, 0.61267372, -0.767481302, -0.160888672, -0.790039063, -0.591308594, -0.968707218, 0.0122289511, 0.247302986, 0, 1, 1, 1, 
234.415781, 14, 0.1, 0.1, 0.0164244009, 0.36888554, -0.0199706526, 0.884245012, -0.467023295, 1.10955759e-005, 0.467023295, 0.884245012, -5.9737025e-006, -7.02134943e-006, 1.04641091e-005, 1, 0.884245217, -0.467022908, -3.28886019e-006, 0.467022908, 0.884245217, -8.82883257e-006, 7.03142594e-006, 6.27087992e-006, 1, 0, 0, 0, 0, 0, 0, 0, 0.231854736, -0.0334793213, -0.174339746, -0.241293122, 0.910720664, -0.335122495, -0.859375, -0.0401611328, 0.509643555, 0.450766953, 0.411054578, 0.79240514, 0, -0, 0, 0, 0, 0, 0, 0.283880713, -0.00230405273, -0.148499512, -0.188225792, 0.61267372, -0.767481302, -0.160888672, -0.790039063, -0.591308594, -0.968707218, 0.0122289511, 0.247302986, 0, 1, 1, 1, 
234.416472, 14, 0.1, 0.1, 0.016424399, 0.368885547, -0.0199686331, 0.884243977, -0.467025255, -1.08182309e-006, 0.467025255, 0.884243977, -9.85004324e-006, 5.55681451e-006, 8.2046027e-006, 1, 0.884244183, -0.467024865, -1.33769564e-005, 0.467024865, 0.884244183, 8.09486865e-007, 1.14504454e-005, -6.96315529e-006, 1, 0, 0, 0, 0, 0, 0, 0, 0.231854736, -0.0334793213, -0.174339746, -0.241293122, 0.910720664, -0.335122495, -0.859375, -0.0401611328, 0.509643555, 0.450766953, 0.411054578, 0.79240514, 0, -0, 0, 0, 0, 0, 0, 0.283880713, -0.00230405273, -0.148499512, -0.188225792, 0.61267372, -0.767481302, -0.160888672, -0.790039063, -0.591308594, -0.968707218, 0.0122289511, 0.247302986, 0, 1, 1, 1, 
234.417165, 14, 0.1, 0.1, 0.0164243961, 0.368885555, -0.0199670799, 0.884242919, -0.467027258, -1.27866841e-005, 0.467027258, 0.884242919, 5.29633002e-007, 1.10591818e-005, -6.44005424e-006, 1, 0.88424313, -0.467026859, -1.12602871e-005, 0.467026859, 0.88424313, 7.95647436e-006, 6.24094432e-006, -1.22943143e-005, 1, 0, 0, 0, 0, 0, 0, 0, 0.231854736, -0.0334793213, -0.174339746, -0.241293122, 0.910720664, -0.335122495, -0.859375, -0.0401611328, 0.509643555, 0.450766953, 0.411054578, 0.79240514, 0, -0, 0, 0, 0, 0, 0, 0.283880713, -0.00230405273, -0.148499512, -0.188225792, 0.61267372, -0.767481302, -0.160888672, -0.790039063, -0.591308594, -0.968707218, 0.0122289511, 0.247302986, 0, 1, 1, 1, 
234.417883, 14, 0.1, 0.1, 0.0164243924, 0.368885563, -0.0199661616, 0.884241802, -0.467029373, -1.13166417e-005, 0.467029373, 0.884241802, 8.90753125e-006, 5.84656894e-006, -1.31616156e-005, 1, 0.88424202, -0.46702896, 5.57024699e-006, 0.46702896, 0.88424202, 1.21564796e-005, -1.06028745e-005, -8.14780346e-006, 1, 0, 0, 0, 0, 0, 0, 0, 0.232948584, -0.0363902588, -0.173286011, -0.246204186, 0.910561904, -0.331924462, -0.857055664, -0.0446777344, 0.513183594, 0.452533524, 0.410832539, 0.791527845, 0, -0, 0, 0, 0, 0, 0, 0.284800488, -0.00514960938, -0.14764585, -0.194627994, 0.609349935, -0.768471471, -0.154541016, -0.792724609, -0.589477539, -0.968520918, 0.00414681647, 0.248549084, 0, 1, 1, 1, 
234.418575, 14, 0.1, 0.1, 0.0164243894, 0.368885571, -0.019966288, 0.884240705, -0.46703145, 2.45588144e-006, 0.46703145, 0.884240705, 1.16595201e-005, -7.61695292e-006, -9.16284841e-006, 1, 0.884240922, -0.46703104, 1.5464955e-005, 0.46703104, 0.884240922, 4.44613977e-007, -1.38823946e-005, 6.82946815e-006, 1, 0, 0, 0, 0, 0, 0, 0, 0.232948584, -0.0363902588, -0.173286011, -0.246204186, 0.910561904, -0.331924462, -0.857055664, -0.0446777344, 0.513183594, 0.452533524, 0.410832539, 0.791527845, 0, -0, 0, 0, 0, 0, 0, 0.284800488, -0.00514960938, -0.14764585, -0.194627994, 0.609349935, -0.768471471, -0.154541016, -0.792724609, -0.589477539, -0.968520918, 0.00414681647, 0.248549084, 0, 1, 1, 1, 
234.419266, 14, 0.1, 0.1, 0.0164243876, 0.368885579, -0.0199674262, 0.884239588, -0.467033565, 1.24453069e-005, 0.467033565, 0.884239588, -2.96920569e-007, -1.08659612e-005, 6.07492498e-006, 1, 0.88423981, -0.467033144, 1.08835548e-005, 0.467033144, 0.88423981, -7.3646416e-006, -6.18414069e-006, 1.15950901e-005, 1, 0, 0, 0, 0, 0, 0, 0, 0.232948584, -0.0363902588, -0.173286011, -0.246204186, 0.910561904, -0.331924462, -0.857055664, -0.0446777344, 0.513183594, 0.452533524, 0.410832539, 0.791527845, 0, -0, 0, 0, 0, 0, 0, 0.284800488, -0.00514960938, -0.14764585, -0.194627994, 0.609349935, -0.768471471, -0.154541016, -0.792724609, -0.589477539, -0.968520918, 0.00414681647, 0.248549084, 0, 1, 1, 1, 
234.419976, 14, 0.1, 0.1, 0.0164243863, 0.368885587, -0.0199691219, 0.884238437, -0.467035745, 1.10784661e-005, 0.467035745, 0.884238437, -8.4446479e-006, -5.85205308e-006, 1.26411219e-005, 1, 0.884238665, -0.467035313, -4.1595563e-006, 0.467035313, 0.884238665, -1.1162251e-005, 8.8912059e-006, 7.92743424e-006, 1, 0, 0, 0, 0, 0, 0, 0, 0.234568994, -0.0397824707, -0.172167603, -0.24950369, 0.909604478, -0.331791912, -0.85546875, -0.0465087891, 0.515625, 0.453550482, 0.412590876, 0.790023748, 0, -0, 0, 0, 0, 0, 0, 0.284800488, -0.00514960938, -0.14764585, -0.199317814, 0.605138425, -0.770637377, -0.149780273, -0.796020508, -0.586303711, -0.968277381, -0.00132828214, 0.24930338, 0, 1, 1, 1, 
234.420682, 14, 0.1, 0.1, 0.0164243844, 0.368885595, -0.0199705615, 0.884237289, -0.467037918, -2.1797174e-006, 0.467037918, 0.884237289, -1.02431473e-005, 6.71132558e-006, 8.03936209e-006, 1, 0.884237508, -0.467037503, -1.3191884e-005, 0.467037503, 0.884237508, -3.99217871e-007, 1.18512083e-005, -5.80810114e-006, 1, 0, 0, 0, 0, 0, 0, 0, 0.234568994, -0.0397824707, -0.172167603, -0.24950369, 0.909604478, -0.331791912, -0.85546875, -0.0465087891, 0.515625, 0.453550482, 0.412590876, 0.790023748, 0, -0, 0, 0, 0, 0, 0, 0.286058008, -0.00822231445, -0.146880322, -0.199317814, 0.605138425, -0.770637377, -0.149780273, -0.796020508, -0.586303711, -0.968277381, -0.00132828214, 0.24930338, 0, 1, 1, 1, 
234.421379, 14, 0.1, 0.1, 0.0164243818, 0.368885603, -0.0199716189, 0.884236159, -0.467040056, -1.15681696e-005, 0.467040056, 0.884236159, -2.97314915e-007, 1.03678519e-005, -5.13990201e-006, 1, 0.884236379, -0.467039641, -1.0150077e-005, 0.467039641, 0.884236379, 5.93169137e-006, 6.20473229e-006, -9.9855056e-006, 1, 0, 0, 0, 0, 0, 0, 0, 0.234568994, -0.0397824707, -0.172167603, -0.24950369, 0.909604478, -0.331791912, -0.85546875, -0.0465087891, 0.515625, 0.453550482, 0.412590876, 0.790023748, 0, -0, 0, 0, 0, 0, 0, 0.286058008, -0.00822231445, -0.146880322, -0.199317814, 0.605138425, -0.770637377, -0.149780273, -0.796020508, -0.586303711, -0.968277381, -0.00132828214, 0.24930338, 0, 1, 1, 1, 
234.422072, 14, 0.1, 0.1, 0.0164243789, 0.36888561, -0.0199720523, 0.884235048, -0.467042161, -1.06990314e-005, 0.467042161, 0.884235048, 5.78281927e-006, 6.75963812e-006, -1.01102702e-005, 1, 0.884235271, -0.467041739, 3.11777752e-006, 0.467041739, 0.88423527, 8.34817642e-006, -6.65579568e-006, -5.9256198e-006, 1, 0, 0, 0, 0, 0, 0, 0, 0.234568994, -0.0397824707, -0.172167603, -0.24950369, 0.909604478, -0.331791912, -0.85546875, -0.0465087891, 0.515625, 0.453550482, 0.412590876, 0.790023748, 0, -0, 0, 0, 0, 0, 0, 0.286058008, -0.00822231445, -0.146880322, -0.199317814, 0.605138425, -0.770637377, -0.149780273, -0.796020508, -0.586303711, -0.968277381, -0.00132828214, 0.24930338, 0, 1, 1, 1, 
234.422761, 14, 0.1, 0.1, 0.0164243764, 0.368885618, -0.019971807, 0.884233956, -0.467044228, 1.06440614e-006, 0.467044228, 0.884233956, 9.01330085e-006, -5.15079419e-006, -7.47274192e-006, 1, 0.884234171, -0.467043821, 1.18770047e-005, 0.467043821, 0.884234171, -5.25268493e-007, -1.025673e-005, 6.01154199e-006, 1, 0, 0, 0, 0, 0, 0, 0, 0.234568994, -0.0397824707, -0.172167603, -0.24950369, 0.909604478, -0.331791912, -0.85546875, -0.0465087891, 0.515625, 0.453550482, 0.412590876, 0.790023748, 0, -0, 0, 0, 0, 0, 0, 0.286058008, -0.00822231445, -0.146880322, -0.199317814, 0.605138425, -0.770637377, -0.149780273, -0.796020508, -0.586303711, -0.968277381, -0.00132828214, 0.24930338, 0, 1, 1, 1, 
234.423452, 14, 0.1, 0.1, 0.0164243746, 0.368885626, -0.0199710047, 0.884232863, -0.467046297, 1.12348012e-005, 0.467046297, 0.884232863, -3.19962948e-008, -9.91923666e-006, 5.27546446e-006, 1, 0.884233078, -0.46704589, 9.86926194e-006, 0.46704589, 0.884233078, -6.55308358e-006, -5.66613712e-006, 1.04038515e-005, 1, 0, 0, 0, 0, 0, 0, 0, 0.234568994, -0.0397824707, -0.172167603, -0.24950369, 0.909604478, -0.331791912, -0.85546875, -0.0465087891, 0.515625, 0.453550482, 0.412590876, 0.790023748, 0, -0, 0, 0, 0, 0, 0, 0.286058008, -0.00822231445, -0.146880322, -0.199317814, 0.605138425, -0.770637377, -0.149780273, -0.796020508, -0.586303711, -0.968277381, -0.00132828214, 0.24930338, 0, 1, 1, 1, 
234.424148, 14, 0.1, 0.1, 0.0164243733, 0.368885633, -0.019969879, 0.884231769, -0.467048369, 1.12415147e-005, 0.467048369, 0.884231769, -6.6931485e-006, -6.81408034e-006, 1.11686256e-005, 1, 0.884231988, -0.467047954, -3.74619848e-006, 0.467047954, 0.884231988, -9.59400531e-006, 7.79336908e-006, 6.73367205e-006, 1, 0, 0, 0, 0, 0, 0, 0, 0.234568994, -0.0397824707, -0.172167603, -0.24950369, 0.909604478, -0.331791912, -0.85546875, -0.0465087891, 0.515625, 0.453550482, 0.412590876, 0.790023748, 0, -0, 0, 0, 0, 0, 0, 0.286058008, -0.00822231445, -0.146880322, -0.199317814, 0.605138425, -0.770637377, -0.149780273, -0.796020508, -0.586303711, -0.968277381, -0.00132828214, 0.24930338, 0, 1, 1, 1, 
234.424919, 14, 0.1, 0.1, 0.0164243716, 0.36888564, -0.0199686103, 0.88423063, -0.467050525, -3.51126144e-007, 0.467050525, 0.88423063, -1.20807462e-005, 5.95279532e-006, 1.05181721e-005, 1, 0.884230867, -0.467050076, -1.37562696e-005, 0.467050076, 0.884230867, -5.57794525e-007, 1.24242361e-005, -5.93164761e-006, 1, 0, 0, 0, 0, 0, 0, 0, 0.236111401, -0.0427316162, -0.170805566, -0.254351474, 0.908564677, -0.33123438, -0.853393555, -0.0496826172, 0.518798828, 0.454936255, 0.414609443, 0.788081565, 0, -0, 0, 0, 0, 0, 0, 0.286058008, -0.00822231445, -0.146880322, -0.204991606, 0.600556148, -0.77273292, -0.144287109, -0.799316406, -0.583129883, -0.968014522, -0.00794703442, 0.250556042, 0, 1, 1, 1, 
234.425617, 14, 0.1, 0.1, 0.0164243675, 0.368885648, -0.0199667452, 0.884229419, -0.467052819, -8.15589034e-006, 0.467052819, 0.884229419, 8.90282971e-007, 6.795869e-006, -4.59644597e-006, 1, 0.884229645, -0.467052391, -6.0774101e-006, 0.467052391, 0.884229645, 8.26311457e-006, 1.51451875e-006, -1.01449598e-005, 1, 0, 0, 0, 0, 0, 0, 0, 0.236111401, -0.0427316162, -0.170805566, -0.254351474, 0.908564677, -0.33123438, -0.853393555, -0.0496826172, 0.518798828, 0.454936255, 0.414609443, 0.788081565, 0, -0, 0, 0, 0, 0, 0, 0.287027588, -0.0113436035, -0.145876416, -0.204991606, 0.600556148, -0.77273292, -0.144287109, -0.799316406, -0.583129883, -0.968014522, -0.00794703442, 0.250556042, 0, 1, 1, 1, 
234.426306, 14, 0.1, 0.1, 0.0164243638, 0.368885655, -0.0199660623, 0.884228292, -0.467054951, -1.0420494e-005, 0.467054951, 0.884228292, 9.14386744e-006, 4.94340706e-006, -1.29522096e-005, 1, 0.884228519, -0.467054522, 6.86199501e-006, 0.467054522, 0.884228519, 1.21974407e-005, -1.17644415e-005, -7.58039909e-006, 1, 0, 0, 0, 0, 0, 0, 0, 0.236111401, -0.0427316162, -0.170805566, -0.254351474, 0.908564677, -0.33123438, -0.853393555, -0.0496826172, 0.518798828, 0.454936255, 0.414609443, 0.788081565, 0, -0, 0, 0, 0, 0, 0, 0.287027588, -0.0113436035, -0.145876416, -0.204991606, 0.600556148, -0.77273292, -0.144287109, -0.799316406, -0.583129883, -0.968014522, -0.00794703442, 0.250556042, 0, 1, 1, 1, 
234.426995, 14, 0.1, 0.1, 0.0164243613, 0.368885662, -0.0199665575, 0.884227155, -0.467057105, 6.21936646e-007, 0.467057105, 0.884227154, 1.25942055e-005, -6.43214641e-006, -1.08456585e-005, 1, 0.884227383, -0.467056673, 1.40771479e-005, 0.467056673, 0.884227383, 1.20670102e-006, -1.30109974e-005, 5.50782775e-006, 1, 0, 0, 0, 0, 0, 0, 0, 0.236111401, -0.0427316162, -0.170805566, -0.254351474, 0.908564677, -0.33123438, -0.853393555, -0.0496826172, 0.518798828, 0.454936255, 0.414609443, 0.788081565, 0, -0, 0, 0, 0, 0, 0, 0.287027588, -0.0113436035, -0.145876416, -0.204991606, 0.600556148, -0.77273292, -0.144287109, -0.799316406, -0.583129883, -0.968014522, -0.00794703442, 0.250556042, 0, 1, 1, 1, 
234.427691, 14, 0.1, 0.1, 0.0164243603, 0.368885669, -0.0199679587, 0.884225994, -0.467059302, 9.44645881e-006, 0.467059302, 0.884225994, 1.03861667e-006, -8.83790001e-006, 3.49368461e-006, 1, 0.884226226, -0.467058863, 8.08844373e-006, 0.467058864, 0.884226226, -5.95849504e-006, -4.36904615e-006, 9.04643692e-006, 1, 0, 0, 0, 0, 0, 0, 0, 0.236111401, -0.0427316162, -0.170805566, -0.254351474, 0.908564677, -0.33123438, -0.853393555, -0.0496826172, 0.518798828, 0.454936255, 0.414609443, 0.788081565, 0, -0, 0, 0, 0, 0, 0, 0.287027588, -0.0113436035, -0.145876416, -0.204991606, 0.600556148, -0.77273292, -0.144287109, -0.799316406, -0.583129883, -0.968014522, -0.00794703442, 0.250556042, 0, 1, 1, 1, 
234.428389, 14, 0.1, 0.1, 0.01642436, 0.368885675, -0.0199697104, 0.884224828, -0.46706151, 6.17455583e-006, 0.46706151, 0.884224828, -6.08332557e-006, -2.61840834e-006, 8.26292487e-006, 1, 0.88422506, -0.467061069, -8.79827565e-006, 0.467061069, 0.884225061, -8.63067567e-006, 1.18107084e-005, 3.52212769e-006, 1, 0, 0, 0, 0, 0, 0, 0, 0.236111401, -0.0427316162, -0.170805566, -0.254351474, 0.908564677, -0.33123438, -0.853393555, -0.0496826172, 0.518798828, 0.454936255, 0.414609443, 0.788081565, 0, -0, 0, 0, 0, 0, 0, 0.287027588, -0.0113436035, -0.145876416, -0.204991606, 0.600556148, -0.77273292, -0.144287109, -0.799316406, -0.583129883, -0.968014522, -0.00794703442, 0.250556042, 0, 1, 1, 1, 
234.429082, 14, 0.1, 0.1, 0.0164243593, 0.368885682, -0.0199713475, 0.88422368, -0.467063683, -5.48968755e-006, 0.467063683, 0.88422368, -9.57664741e-006, 9.32701594e-006, 5.90386473e-006, 1, 0.884223905, -0.467063256, -1.66106188e-005, 0.467063256, 0.884223905, 2.1693191e-007, 1.45861853e-005, -7.95002606e-006, 1, 0, 0, 0, 0, 0, 0, 0, 0.236111401, -0.0427316162, -0.170805566, -0.254351474, 0.908564677, -0.33123438, -0.853393555, -0.0496826172, 0.518798828, 0.454936255, 0.414609443, 0.788081565, 0, -0, 0, 0, 0, 0, 0, 0.287027588, -0.0113436035, -0.145876416, -0.204991606, 0.600556148, -0.77273292, -0.144287109, -0.799316406, -0.583129883, -0.968014522, -0.00794703442, 0.250556042, 0, 1, 1, 1, 
234.4298, 14, 0.1, 0.1, 0.0164243575, 0.368885689, -0.0199722614, 0.884222497, -0.467065921, -1.3488154e-005, 0.467065921, 0.884222498, -8.19928188e-007, 1.23094897e-005, -5.57485813e-006, 1, 0.884222722, -0.467065496, -1.29771901e-005, 0.467065496, 0.884222722, 5.60339456e-006, 8.85757411e-006, -1.10158465e-005, 1, 0, 0, 0, 0, 0, 0, 0, 0.237235645, -0.0456657471, -0.169835083, -0.258728972, 0.907873473, -0.329591741, -0.850585937, -0.0523681641, 0.523193359, 0.457730646, 0.415707655, 0.785967517, 0, -0, 0, 0, 0, 0, 0, 0.28824043, -0.0143999512, -0.145049121, -0.210448115, 0.596772642, -0.774259735, -0.139648437, -0.802124023, -0.580322266, -0.96748334, -0.0139908615, 0.252236708, 0, 1, 1, 1, 
234.430495, 14, 0.1, 0.1, 0.0164243547, 0.368885696, -0.0199721557, 0.884221367, -0.467068061, -8.59973541e-006, 0.467068061, 0.884221367, 4.33132896e-006, 5.58104439e-006, -7.84651536e-006, 1, 0.884221591, -0.467067638, 4.34635885e-006, 0.467067638, 0.884221591, 7.04201691e-006, -7.13224254e-006, -4.19665983e-006, 1, 0, 0, 0, 0, 0, 0, 0, 0.237235645, -0.0456657471, -0.169835083, -0.258728972, 0.907873473, -0.329591741, -0.850585937, -0.0523681641, 0.523193359, 0.457730646, 0.415707655, 0.785967517, 0, -0, 0, 0, 0, 0, 0, 0.28824043, -0.0143999512, -0.145049121, -0.210448115, 0.596772642, -0.774259735, -0.139648437, -0.802124023, -0.580322266, -0.96748334, -0.0139908615, 0.252236708, 0, 1, 1, 1, 
234.431186, 14, 0.1, 0.1, 0.0164243517, 0.368885703, -0.0199713851, 0.884220259, -0.467070159, 5.79947159e-006, 0.467070159, 0.884220259, 7.6222844e-006, -8.68815186e-006, -4.03101817e-006, 1, 0.884220477, -0.467069746, 1.64449756e-005, 0.467069746, 0.884220477, -1.99900451e-006, -1.36073096e-005, 9.4485113e-006, 1, 0, 0, 0, 0, 0, 0, 0, 0.237235645, -0.0456657471, -0.169835083, -0.258728972, 0.907873473, -0.329591741, -0.850585937, -0.0523681641, 0.523193359, 0.457730646, 0.415707655, 0.785967517, 0, -0, 0, 0, 0, 0, 0, 0.28824043, -0.0143999512, -0.145049121, -0.210448115, 0.596772642, -0.774259735, -0.139648437, -0.802124023, -0.580322266, -0.96748334, -0.0139908615, 0.252236708, 0, 1, 1, 1, 
234.43188, 14, 0.1, 0.1, 0.0164243492, 0.36888571, -0.0199701979, 0.884219149, -0.467072259, 1.60892432e-005, 0.46707226, 0.88421915, -1.00109902e-006, -1.37588313e-005, 8.40003008e-006, 1, 0.884219372, -0.467071838, 1.50668654e-005, 0.467071839, 0.884219372, -8.07325746e-006, -9.55162308e-006, 1.41758392e-005, 1, 0, 0, 0, 0, 0, 0, 0, 0.237235645, -0.0456657471, -0.169835083, -0.258728972, 0.907873473, -0.329591741, -0.850585937, -0.0523681641, 0.523193359, 0.457730646, 0.415707655, 0.785967517, 0, -0, 0, 0, 0, 0, 0, 0.28824043, -0.0143999512, -0.145049121, -0.210448115, 0.596772642, -0.774259735, -0.139648437, -0.802124023, -0.580322266, -0.96748334, -0.0139908615, 0.252236708, 0, 1, 1, 1, 
234.432584, 14, 0.1, 0.1, 0.0164243477, 0.368885717, -0.019968827, 0.884218025, -0.467074388, 1.2471996e-005, 0.467074388, 0.884218025, -7.16798379e-006, -7.67998199e-006, 1.21634104e-005, 1, 0.884218244, -0.467073973, -1.89645963e-006, 0.467073973, 0.884218244, -1.04640588e-005, 6.56437372e-006, 8.36672476e-006, 1, 0, 0, 0, 0, 0, 0, 0, 0.237235645, -0.0456657471, -0.169835083, -0.258728972, 0.907873473, -0.329591741, -0.850585937, -0.0523681641, 0.523193359, 0.457730646, 0.415707655, 0.785967517, 0, -0, 0, 0, 0, 0, 0, 0.289213428, -0.0174863281, -0.144223535, -0.216147427, 0.592663211, -0.77577379, -0.134521484, -0.805053711, -0.577514648, -0.966977677, -0.0204371729, 0.253795973, 0, 1, 1, 1, 
234.433278, 14, 0.1, 0.1, 0.0164243467, 0.368885723, -0.0199677763, 0.884216911, -0.467076498, -4.85459489e-006, 0.467076498, 0.884216911, -9.36554922e-006, 8.66694282e-006, 6.01370983e-006, 1, 0.88421713, -0.467076083, -1.6640767e-005, 0.467076083, 0.88421713, 1.21763236e-006, 1.41453243e-005, -8.84915567e-006, 1, 0, 0, 0, 0, 0, 0, 0, 0.237235645, -0.0456657471, -0.169835083, -0.258728972, 0.907873473, -0.329591741, -0.850585937, -0.0523681641, 0.523193359, 0.457730646, 0.415707655, 0.785967517, 0, -0, 0, 0, 0, 0, 0, 0.289213428, -0.0174863281, -0.144223535, -0.216147427, 0.592663211, -0.77577379, -0.134521484, -0.805053711, -0.577514648, -0.966977677, -0.0204371729, 0.253795973, 0, 1, 1, 1, 
234.433972, 14, 0.1, 0.1, 0.0164243451, 0.368885729, -0.019967362, 0.884215785, -0.467078629, -1.68159571e-005, 0.467078629, 0.884215785, 1.72591468e-006, 1.40627969e-005, -9.38045522e-006, 1, 0.88421601, -0.467078203, -1.53511321e-005, 0.467078203, 0.88421601, 9.11652867e-006, 9.31558499e-006, -1.52311598e-005, 1, 0, 0, 0, 0, 0, 0, 0, 0.237235645, -0.0456657471, -0.169835083, -0.258728972, 0.907873473, -0.329591741, -0.850585937, -0.0523681641, 0.523193359, 0.457730646, 0.415707655, 0.785967517, 0, -0, 0, 0, 0, 0, 0, 0.289213428, -0.0174863281, -0.144223535, -0.216147427, 0.592663211, -0.77577379, -0.134521484, -0.805053711, -0.577514648, -0.966977677, -0.0204371729, 0.253795973, 0, 1, 1, 1, 
234.434681, 14, 0.1, 0.1, 0.016424343, 0.368885735, -0.0199675944, 0.884214626, -0.467080823, -1.46954212e-005, 0.467080823, 0.884214626, 9.26267197e-006, 8.66748992e-006, -1.50541395e-005, 1, 0.884214858, -0.467080383, 7.82648575e-007, 0.467080383, 0.884214858, 1.2558874e-005, -6.55803315e-006, -1.07391832e-005, 1, 0, 0, 0, 0, 0, 0, 0, 0.238807837, -0.0488381348, -0.16847439, -0.263018102, 0.906833671, -0.329053305, -0.848266602, -0.0549316406, 0.526611328, 0.459522305, 0.417726222, 0.783904767, 0, -0, 0, 0, 0, 0, 0, 0.289213428, -0.0174863281, -0.144223535, -0.216147427, 0.592663211, -0.77577379, -0.134521484, -0.805053711, -0.577514648, -0.966977677, -0.0204371729, 0.253795973, 0, 1, 1, 1, 
234.435378, 14, 0.1, 0.1, 0.0164243407, 0.368885741, -0.0199682734, 0.88421348, -0.467082993, 3.82132364e-006, 0.467082993, 0.88421348, 1.05699285e-005, -8.31589971e-006, -7.56119796e-006, 1, 0.884213707, -0.467082563, 1.51018327e-005, 0.467082563, 0.884213707, 1.40966402e-007, -1.34190904e-005, 6.92915829e-006, 1, 0, 0, 0, 0, 0, 0, 0, 0.238807837, -0.0488381348, -0.16847439, -0.263018102, 0.906833671, -0.329053305, -0.848266602, -0.0549316406, 0.526611328, 0.459522305, 0.417726222, 0.783904767, 0, -0, 0, 0, 0, 0, 0, 0.289213428, -0.0174863281, -0.144223535, -0.216147427, 0.592663211, -0.77577379, -0.134521484, -0.805053711, -0.577514648, -0.966977677, -0.0204371729, 0.253795973, 0, 1, 1, 1, 
234.436078, 14, 0.1, 0.1, 0.0164243385, 0.368885748, -0.0199692837, 0.884212322, -0.467085185, 1.66017033e-005, 0.467085185, 0.884212322, -7.07784868e-007, -1.43488348e-005, 8.38024178e-006, 1, 0.884212551, -0.467084751, 1.49095277e-005, 0.467084751, 0.884212551, -7.45438377e-006, -9.70136251e-006, 1.35552727e-005, 1, 0, 0, 0, 0, 0, 0, 0, 0.238807837, -0.0488381348, -0.16847439, -0.263018102, 0.906833671, -0.329053305, -0.848266602, -0.0549316406, 0.526611328, 0.459522305, 0.417726222, 0.783904767, 0, -0, 0, 0, 0, 0, 0, 0.289213428, -0.0174863281, -0.144223535, -0.216147427, 0.592663211, -0.77577379, -0.134521484, -0.805053711, -0.577514648, -0.966977677, -0.0204371729, 0.253795973, 0, 1, 1, 1, 
234.43677, 14, 0.1, 0.1, 0.0164243368, 0.368885754, -0.0199703006, 0.884211181, -0.467087344, 1.38180861e-005, 0.467087344, 0.884211181, -7.14960338e-006, -8.87861702e-006, 1.27760124e-005, 1, 0.884211411, -0.467086909, -3.14177549e-007, 0.467086909, 0.884211411, -9.87172309e-006, 4.888752e-006, 8.58194199e-006, 1, 0, 0, 0, 0, 0, 0, 0, 0.238807837, -0.0488381348, -0.16847439, -0.263018102, 0.906833671, -0.329053305, -0.848266602, -0.0549316406, 0.526611328, 0.459522305, 0.417726222, 0.783904767, 0, -0, 0, 0, 0, 0, 0, 0.289213428, -0.0174863281, -0.144223535, -0.216147427, 0.592663211, -0.77577379, -0.134521484, -0.805053711, -0.577514648, -0.966977677, -0.0204371729, 0.253795973, 0, 1, 1, 1, 
234.437489, 14, 0.1, 0.1, 0.0164243353, 0.36888576, -0.0199708037, 0.884210002, -0.467089577, -2.44747868e-006, 0.467089577, 0.884210002, -8.60447468e-006, 6.18314557e-006, 6.46497078e-006, 1, 0.884210224, -0.467089157, -1.30868702e-005, 0.467089157, 0.884210224, 1.25261359e-006, 1.09864622e-005, -7.22030892e-006, 1, 0, 0, 0, 0, 0, 0, 0, 0.240317651, -0.0517981445, -0.167096729, -0.268532003, 0.905571831, -0.328172263, -0.845581055, -0.0584716797, 0.530517578, 0.461384356, 0.419903549, 0.78166416, 0, -0, 0, 0, 0, 0, 0, 0.290609717, -0.0205797852, -0.143161523, -0.222223703, 0.58879002, -0.777019522, -0.128417969, -0.807617188, -0.575317383, -0.966388893, -0.0279633389, 0.255137953, 0, 1, 1, 1, 
234.438178, 14, 0.1, 0.1, 0.0164243336, 0.368885765, -0.019970953, 0.884208878, -0.467091704, -1.37509886e-005, 0.467091704, 0.884208878, 3.69955266e-007, 1.19859432e-005, -6.75009044e-006, 1, 0.884209101, -0.467091281, -1.22850389e-005, 0.467091281, 0.884209101, 7.02296703e-006, 7.58217651e-006, -1.19480059e-005, 1, 0, 0, 0, 0, 0, 0, 0, 0.240317651, -0.0517981445, -0.167096729, -0.268532003, 0.905571831, -0.328172263, -0.845581055, -0.0584716797, 0.530517578, 0.461384356, 0.419903549, 0.78166416, 0, -0, 0, 0, 0, 0, 0, 0.290609717, -0.0205797852, -0.143161523, -0.222223703, 0.58879002, -0.777019522, -0.128417969, -0.807617188, -0.575317383, -0.966388893, -0.0279633389, 0.255137953, 0, 1, 1, 1, 
234.438868, 14, 0.1, 0.1, 0.0164243315, 0.368885771, -0.0199707898, 0.884207765, -0.467093811, -1.27762633e-005, 0.467093811, 0.884207765, 5.95140291e-006, 8.51700774e-006, -1.12299902e-005, 1, 0.884207988, -0.467093388, 1.31302687e-006, 0.467093388, 0.884207988, 8.84413291e-006, -5.29202485e-006, -7.2067468e-006, 1, 0, 0, 0, 0, 0, 0, 0, 0.240317651, -0.0517981445, -0.167096729, -0.268532003, 0.905571831, -0.328172263, -0.845581055, -0.0584716797, 0.530517578, 0.461384356, 0.419903549, 0.78166416, 0, -0, 0, 0, 0, 0, 0, 0.290609717, -0.0205797852, -0.143161523, -0.222223703, 0.58879002, -0.777019522, -0.128417969, -0.807617188, -0.575317383, -0.966388893, -0.0279633389, 0.255137953, 0, 1, 1, 1, 
234.43956, 14, 0.1, 0.1, 0.0164243295, 0.368885778, -0.0199703333, 0.88420665, -0.467095921, 1.23143278e-006, 0.467095921, 0.88420665, 8.48849555e-006, -5.0537827e-006, -6.93038699e-006, 1, 0.884206869, -0.467095508, 1.23499288e-005, 0.467095508, 0.884206869, -1.41272122e-006, -1.02600161e-005, 7.01773408e-006, 1, 0, 0, 0, 0, 0, 0, 0, 0.240317651, -0.0517981445, -0.167096729, -0.268532003, 0.905571831, -0.328172263, -0.845581055, -0.0584716797, 0.530517578, 0.461384356, 0.419903549, 0.78166416, 0, -0, 0, 0, 0, 0, 0, 0.290609717, -0.0205797852, -0.143161523, -0.222223703, 0.58879002, -0.777019522, -0.128417969, -0.807617188, -0.575317383, -0.966388893, -0.0279633389, 0.255137953, 0, 1, 1, 1, 
234.440253, 14, 0.1, 0.1, 0.0164243282, 0.368885784, -0.0199697422, 0.884205537, -0.467098028, 1.24498133e-005, 0.467098028, 0.884205537, -1.32903614e-006, -1.03874037e-005, 6.99042435e-006, 1, 0.884205759, -0.467097609, 1.10588943e-005, 0.467097609, 0.884205759, -8.22929834e-006, -5.93445248e-006, 1.24419761e-005, 1, 0, 0, 0, 0, 0, 0, 0, 0.240317651, -0.0517981445, -0.167096729, -0.268532003, 0.905571831, -0.328172263, -0.845581055, -0.0584716797, 0.530517578, 0.461384356, 0.419903549, 0.78166416, 0, -0, 0, 0, 0, 0, 0, 0.290609717, -0.0205797852, -0.143161523, -0.222223703, 0.58879002, -0.777019522, -0.128417969, -0.807617188, -0.575317383, -0.966388893, -0.0279633389, 0.255137953, 0, 1, 1, 1, 
234.440961, 14, 0.1, 0.1, 0.0164243271, 0.36888579, -0.0199691434, 0.884204403, -0.467100174, 1.30929276e-005, 0.467100174, 0.884204403, -7.27969332e-006, -8.17647826e-006, 1.25524457e-005, 1, 0.884204649, -0.467099709, -3.5324845e-006, 0.467099709, 0.884204649, -1.06016289e-005, 8.07545699e-006, 7.72398708e-006, 1, 0, 0, 0, 0, 0, 0, 0, 0.240317651, -0.0517981445, -0.167096729, -0.268532003, 0.905571831, -0.328172263, -0.845581055, -0.0584716797, 0.530517578, 0.461384356, 0.419903549, 0.78166416, 0, -0, 0, 0, 0, 0, 0, 0.290609717, -0.0205797852, -0.143161523, -0.222223703, 0.58879002, -0.777019522, -0.128417969, -0.807617188, -0.575317383, -0.966388893, -0.0279633389, 0.255137953, 0, 1, 1, 1, 
234.441675, 14, 0.1, 0.1, 0.0164243256, 0.368885796, -0.0199684925, 0.884203249, -0.467102359, 4.39750764e-007, 0.467102359, 0.884203249, -1.11437874e-005, 4.81646031e-006, 1.00587816e-005, 1, 0.884203495, -0.467101894, -1.29012564e-005, 0.467101894, 0.884203495, 5.79752975e-007, 1.11365323e-005, -6.5388209e-006, 1, 0, 0, 0, 0, 0, 0, 0, 0.240317651, -0.0517981445, -0.167096729, -0.273549408, 0.905432167, -0.324315227, -0.841186523, -0.0616455078, 0.537109375, 0.466381161, 0.419802078, 0.778705019, 0, -0, 0, 0, 0, 0, 0, 0.290609717, -0.0205797852, -0.143161523, -0.222223703, 0.58879002, -0.777019522, -0.128417969, -0.807617188, -0.575317383, -0.966388893, -0.0279633389, 0.255137953, 0, 1, 1, 1, 
234.442387, 14, 0.1, 0.1, 0.016424323, 0.368885801, -0.0199678572, 0.884202085, -0.467104562, -1.13113972e-005, 0.467104562, 0.884202085, 9.32415335e-007, 9.56602555e-006, -6.10804883e-006, 1, 0.884202307, -0.467104143, -9.45924675e-006, 0.467104143, 0.884202307, 7.91406701e-006, 4.66719431e-006, -1.14160897e-005, 1, 0, 0, 0, 0, 0, 0, 0, 0.241415894, -0.0544844971, -0.166685376, -0.273549408, 0.905432167, -0.324315227, -0.841186523, -0.0616455078, 0.537109375, 0.466381161, 0.419802078, 0.778705019, 0, -0, 0, 0, 0, 0, 0, 0.291478467, -0.023371875, -0.142853809, -0.229711956, 0.585983923, -0.776916711, -0.124267578, -0.809326172, -0.573730469, -0.965212056, -0.0351318633, 0.258831041, 0, 1, 1, 1, 
234.443078, 14, 0.1, 0.1, 0.0164243204, 0.368885807, -0.0199678483, 0.884200953, -0.467106707, -1.21767366e-005, 0.467106707, 0.884200953, 8.39443365e-006, 6.84558582e-006, -1.31102015e-005, 1, 0.884201181, -0.467106274, 4.0201704e-006, 0.467106274, 0.884201181, 1.13270883e-005, -8.84559343e-006, -8.13757805e-006, 1, 0, 0, 0, 0, 0, 0, 0, 0.241415894, -0.0544844971, -0.166685376, -0.273549408, 0.905432167, -0.324315227, -0.841186523, -0.0616455078, 0.537109375, 0.466381161, 0.419802078, 0.778705019, 0, -0, 0, 0, 0, 0, 0, 0.291478467, -0.023371875, -0.142853809, -0.229711956, 0.585983923, -0.776916711, -0.124267578, -0.809326172, -0.573730469, -0.965212056, -0.0351318633, 0.258831041, 0, 1, 1, 1, 
234.443776, 14, 0.1, 0.1, 0.0164243185, 0.368885812, -0.0199683677, 0.884199805, -0.46710888, 8.90060472e-007, 0.46710888, 0.884199805, 1.13785289e-005, -6.10200319e-006, -9.64513791e-006, 1, 0.88420003, -0.467108452, 1.30352746e-005, 0.467108452, 0.884200031, 7.60935035e-007, -1.18812294e-005, 5.41606817e-006, 1, 0, 0, 0, 0, 0, 0, 0, 0.241415894, -0.0544844971, -0.166685376, -0.273549408, 0.905432167, -0.324315227, -0.841186523, -0.0616455078, 0.537109375, 0.466381161, 0.419802078, 0.778705019, 0, -0, 0, 0, 0, 0, 0, 0.291478467, -0.023371875, -0.142853809, -0.229711956, 0.585983923, -0.776916711, -0.124267578, -0.809326172, -0.573730469, -0.965212056, -0.0351318633, 0.258831041, 0, 1, 1, 1, 
234.444482, 14, 0.1, 0.1, 0.0164243175, 0.368885818, -0.0199691542, 0.884198636, -0.467111092, 1.13991921e-005, 0.467111092, 0.884198636, 3.21818705e-007, -1.02294751e-005, 5.04013739e-006, 1, 0.884198874, -0.46711064, 9.71115166e-006, 0.46711064, 0.884198874, -6.71346673e-006, -5.45065762e-006, 1.0472222e-005, 1, 0, 0, 0, 0, 0, 0, 0, 0.241415894, -0.0544844971, -0.166685376, -0.273549408, 0.905432167, -0.324315227, -0.841186523, -0.0616455078, 0.537109375, 0.466381161, 0.419802078, 0.778705019, 0, -0, 0, 0, 0, 0, 0, 0.291478467, -0.023371875, -0.142853809, -0.229711956, 0.585983923, -0.776916711, -0.124267578, -0.809326172, -0.573730469, -0.965212056, -0.0351318633, 0.258831041, 0, 1, 1, 1, 
234.44518, 14, 0.1, 0.1, 0.016424317, 0.368885824, -0.0199699215, 0.884197482, -0.467113276, 1.04746798e-005, 0.467113276, 0.884197482, -6.84994997e-006, -6.06198298e-006, 1.09495705e-005, 1, 0.884197714, -0.467112838, -4.58979528e-006, 0.467112838, 0.884197714, -9.47847293e-006, 8.48580288e-006, 6.2368918e-006, 1, 0, 0, 0, 0, 0, 0, 0, 0.241415894, -0.0544844971, -0.166685376, -0.273549408, 0.905432167, -0.324315227, -0.841186523, -0.0616455078, 0.537109375, 0.466381161, 0.419802078, 0.778705019, 0, -0, 0, 0, 0, 0, 0, 0.291478467, -0.023371875, -0.142853809, -0.229711956, 0.585983923, -0.776916711, -0.124267578, -0.809326172, -0.573730469, -0.965212056, -0.0351318633, 0.258831041, 0, 1, 1, 1, 
234.445874, 14, 0.1, 0.1, 0.0164243159, 0.368885829, -0.0199705656, 0.884196346, -0.467115426, -1.69967791e-006, 0.467115426, 0.884196346, -1.03379194e-005, 6.33185063e-006, 8.34680482e-006, 1, 0.884196569, -0.467115003, -1.30487591e-005, 0.467115004, 0.884196569, -3.35546755e-007, 1.1694407e-005, -5.79858186e-006, 1, 0, 0, 0, 0, 0, 0, 0, 0.241415894, -0.0544844971, -0.166685376, -0.273549408, 0.905432167, -0.324315227, -0.841186523, -0.0616455078, 0.537109375, 0.466381161, 0.419802078, 0.778705019, 0, -0, 0, 0, 0, 0, 0, 0.291478467, -0.023371875, -0.142853809, -0.229711956, 0.585983923, -0.776916711, -0.124267578, -0.809326172, -0.573730469, -0.965212056, -0.0351318633, 0.258831041, 0, 1, 1, 1, 
234.446596, 14, 0.1, 0.1, 0.016424314, 0.368885834, -0.0199707792, 0.884195161, -0.467117669, -1.23365387e-005, 0.467117669, 0.884195161, -1.69197656e-006, 1.169826e-005, -4.26657773e-006, 1, 0.884195408, -0.467117203, -1.09737076e-005, 0.467117203, 0.884195408, 5.47653345e-006, 7.14471888e-006, -9.96833332e-006, 1, 0, 0, 0, 0, 0, 0, 0, 0.242724561, -0.0574036133, -0.165844507, -0.27878286, 0.905089561, -0.320800798, -0.836914062, -0.0651855469, 0.543212891, 0.470794225, 0.419979933, 0.775923733, 0, -0, 0, 0, 0, 0, 0, 0.291478467, -0.023371875, -0.142853809, -0.237066048, 0.582781539, -0.777088785, -0.118774414, -0.811279297, -0.572265625, -0.964143862, -0.0432012381, 0.261636037, 0, 1, 1, 1, 
234.447292, 14, 0.1, 0.1, 0.0164243117, 0.36888584, -0.0199704155, 0.884194027, -0.467119817, -1.12343138e-005, 0.467119817, 0.884194027, 5.3390954e-006, 7.43931587e-006, -9.96856685e-006, 1, 0.884194253, -0.467119388, 3.2600252e-006, 0.467119388, 0.884194253, 8.04054436e-006, -6.63838971e-006, -5.58658214e-006, 1, 0, 0, 0, 0, 0, 0, 0, 0.242724561, -0.0574036133, -0.165844507, -0.27878286, 0.905089561, -0.320800798, -0.836914062, -0.0651855469, 0.543212891, 0.470794225, 0.419979933, 0.775923733, 0, -0, 0, 0, 0, 0, 0, 0.292353809, -0.0262091309, -0.142136475, -0.237066048, 0.582781539, -0.777088785, -0.118774414, -0.811279297, -0.572265625, -0.964143862, -0.0432012381, 0.261636037, 0, 1, 1, 1, 
234.44799, 14, 0.1, 0.1, 0.0164243097, 0.368885846, -0.0199698232, 0.884192895, -0.467121958, 1.96967674e-006, 0.467121958, 0.884192895, 9.49501794e-006, -6.17690555e-006, -7.47534815e-006, 1, 0.884193119, -0.467121534, 1.36768169e-005, 0.467121534, 0.884193119, -9.4872642e-007, -1.16497769e-005, 7.22759307e-006, 1, 0, 0, 0, 0, 0, 0, 0, 0.242724561, -0.0574036133, -0.165844507, -0.27878286, 0.905089561, -0.320800798, -0.836914062, -0.0651855469, 0.543212891, 0.470794225, 0.419979933, 0.775923733, 0, -0, 0, 0, 0, 0, 0, 0.292353809, -0.0262091309, -0.142136475, -0.237066048, 0.582781539, -0.777088785, -0.118774414, -0.811279297, -0.572265625, -0.964143862, -0.0432012381, 0.261636037, 0, 1, 1, 1, 
234.448689, 14, 0.1, 0.1, 0.0164243085, 0.368885851, -0.0199691627, 0.884191758, -0.46712411, 1.30489884e-005, 0.46712411, 0.884191758, 5.15043935e-008, -1.15618669e-005, 6.04995733e-006, 1, 0.884191986, -0.467123679, 1.15186873e-005, 0.467123679, 0.884191986, -7.13066027e-006, -6.85383078e-006, 1.16855243e-005, 1, 0, 0, 0, 0, 0, 0, 0, 0.242724561, -0.0574036133, -0.165844507, -0.27878286, 0.905089561, -0.320800798, -0.836914062, -0.0651855469, 0.543212891, 0.470794225, 0.419979933, 0.775923733, 0, -0, 0, 0, 0, 0, 0, 0.292353809, -0.0262091309, -0.142136475, -0.237066048, 0.582781539, -0.777088785, -0.118774414, -0.811279297, -0.572265625, -0.964143862, -0.0432012381, 0.261636037, 0, 1, 1, 1, 
234.449414, 14, 0.1, 0.1, 0.0164243079, 0.368885856, -0.019968347, 0.884190579, -0.467126343, 1.18958484e-005, 0.467126343, 0.884190579, -6.51493992e-006, -7.47489706e-006, 1.13173127e-005, 1, 0.884190807, -0.467125912, -3.91363709e-006, 0.467125912, 0.884190807, -9.53795073e-006, 7.91582587e-006, 6.60520706e-006, 1, 0, 0, 0, 0, 0, 0, 0, 0.243581372, -0.0598714844, -0.164762817, -0.284092697, 0.904848426, -0.31696885, -0.833007812, -0.0692138672, 0.548828125, 0.474725018, 0.420018125, 0.773586525, 0, -0, 0, 0, 0, 0, 0, 0.293191064, -0.028398877, -0.141405957, -0.245052667, 0.579745033, -0.776992536, -0.112060547, -0.812988281, -0.571166992, -0.962896663, -0.0528488337, 0.26422375, 0, 1, 1, 1, 
