time, trialNum, realDorsalTactorPos, realVentralTactorPos, boxPosX, boxPosY, boxPosZ, boxLocalRot_11, boxLocalRot_12, boxLocalRot_13, boxLocalRot_21, boxLocalRot_22, boxLocalRot_23, boxLocalRot_31, boxLocalRot_32, boxLocalRot_33, boxGlobalRot_11, boxGlobalRot_12, boxGlobalRot_13, boxGlobalRot_21, boxGlobalRot_22, boxGlobalRot_23, boxGlobalRot_31, boxGlobalRot_32, boxGlobalRot_33, indexForceX, indexForceY, indexForceZ, indexForceGlobalX, indexForceGlobalY, indexForceGlobalZ, indexContact, indexPosX, indexPosY, indexPosZ, indexRot_11, indexRot_12, indexRot_13, indexRot_21, indexRot_22, indexRot_23, indexRot_31, indexRot_32, indexRot_33, thumbForceX, thumbForceY, thumbForceZ, thumbForceGlobalX, thumbForceGlobalY, thumbForceGlobalZ, thumbContact, thumbPosX, thumbPosY, thumbPosZ, thumbRot_11, thumbRot_12, thumbRot_13, thumbRot_21, thumbRot_22, thumbRot_23, thumbRot_31, thumbRot_32, thumbRot_33, manipForceTooHigh, cceExpType, mapping, trialSuccess, 
274.492789, 13, 0.1, 0.1, -0.0144422921, 0.379675426, -0.0199652898, 0.927833151, 1.05995882e-005, 0.372995501, 0.372995501, 7.76744464e-006, -0.927833151, -1.27318712e-005, 1, 3.25329392e-006, 0.927833148, 1.60012168e-006, 0.37299551, 0.37299551, 1.70308083e-005, -0.927833147, -7.83706097e-006, 1, 1.52049103e-005, 0, 0, 0, 0, 0, 0, 0, 0.222140674, 0.0008109375, -0.195310669, -0.159235377, 0.826409132, -0.539993064, -0.889160156, 0.117553711, 0.442138672, 0.428871663, 0.550595578, 0.71621614, 0, 0, -0, 0, 0, 0, 0, 0.275293652, 0.0254666016, -0.166401611, 0.0117980999, 0.479028573, -0.877691683, 0.294555664, -0.840332031, -0.454711914, -0.955416651, -0.253072047, -0.151042871, 0, 1, 1, 1, 
274.504087, 13, 0.1, 0.1, -0.0144422689, 0.379675446, -0.019970355, 0.927812162, -5.58838238e-005, 0.373047703, 0.373047701, -4.32073599e-005, -0.927812163, 6.79680979e-005, 0.999999998, -1.9240982e-005, 0.927812396, -2.64335874e-005, 0.373047124, 0.373047123, -3.72410093e-005, -0.927812396, 3.84180614e-005, 0.999999999, -2.46916963e-005, 0, 0, 0, 0, 0, 0, 0, 0.231151147, -0.0152265625, -0.19355459, -0.182605596, 0.812567079, -0.553285055, -0.89453125, 0.0960693359, 0.436401367, 0.407731164, 0.574787308, 0.709546357, 0, 0, -0, 0, 0, 0, 0, 0.283489844, 0.0112453125, -0.164715332, 0.000937587998, 0.463995162, -0.885716948, 0.325195312, -0.837768555, -0.438476562, -0.945511293, -0.287547168, -0.151763618, 0, 1, 1, 1, 
274.504783, 13, 0.1, 0.1, -0.0144422506, 0.379675447, -0.0199766032, 0.927811205, -6.74108001e-005, 0.373050082, 0.373050084, 4.01873229e-006, -0.927811207, 6.10453074e-005, 0.999999998, 2.88762294e-005, 0.927811371, -8.65013043e-005, 0.373049665, 0.373049667, -9.60728722e-007, -0.927811374, 8.06152936e-005, 0.999999996, 3.13779077e-005, 0, 0, 0, 0, 0, 0, 0, 0.231151147, -0.0152265625, -0.19355459, -0.182605596, 0.812567079, -0.553285055, -0.89453125, 0.0960693359, 0.436401367, 0.407731164, 0.574787308, 0.709546357, 0, 0, -0, 0, 0, 0, 0, 0.283489844, 0.0112453125, -0.164715332, 0.000937587998, 0.463995162, -0.885716948, 0.325195312, -0.837768555, -0.438476562, -0.945511293, -0.287547168, -0.151763618, 0, 1, 1, 1, 
274.505476, 13, 0.1, 0.1, -0.0144422558, 0.379675446, -0.019980425, 0.927810485, 9.63847156e-005, 0.373051865, 0.373051868, -4.53763406e-006, -0.927810489, -8.77339773e-005, 0.999999995, -4.01665626e-005, 0.927810625, 7.37962335e-005, 0.373051522, 0.373051524, -4.54035834e-006, -0.927810628, -6.67751421e-005, 0.999999997, -3.17423901e-005, 0, 0, 0, 0, 0, 0, 0, 0.231151147, -0.0152265625, -0.19355459, -0.182605596, 0.812567079, -0.553285055, -0.89453125, 0.0960693359, 0.436401367, 0.407731164, 0.574787308, 0.709546357, 0, 0, -0, 0, 0, 0, 0, 0.283489844, 0.0112453125, -0.164715332, 0.000937587998, 0.463995162, -0.885716948, 0.325195312, -0.837768555, -0.438476562, -0.945511293, -0.287547168, -0.151763618, 0, 1, 1, 1, 
274.506171, 13, 0.1, 0.1, -0.0144422734, 0.379675443, -0.0199809476, 0.927809808, 6.61477452e-005, 0.373053556, 0.373053555, 2.5243602e-005, -0.92780981, -7.07897424e-005, 0.999999997, -1.25539005e-006, 0.927809934, 9.02147626e-005, 0.373053237, 0.373053237, 1.5597979e-005, -0.927809938, -8.95210299e-005, 0.999999996, -1.91829494e-005, 0, 0, 0, 0, 0, 0, 0, 0.231151147, -0.0152265625, -0.19355459, -0.182605596, 0.812567079, -0.553285055, -0.89453125, 0.0960693359, 0.436401367, 0.407731164, 0.574787308, 0.709546357, 0, 0, -0, 0, 0, 0, 0, 0.283489844, 0.0112453125, -0.164715332, 0.000937587998, 0.463995162, -0.885716948, 0.325195312, -0.837768555, -0.438476562, -0.945511293, -0.287547168, -0.151763618, 0, 1, 1, 1, 
274.506875, 13, 0.1, 0.1, -0.0144422654, 0.379675436, -0.0199781005, 0.927809058, -8.1484373e-005, 0.373055419, 0.373055421, 1.09910181e-005, -0.927809061, 7.15016807e-005, 0.999999997, 4.05957532e-005, 0.927809221, -6.64712292e-005, 0.373055016, 0.373055018, 2.36822533e-005, -0.927809222, 5.28378361e-005, 0.999999998, 4.67700387e-005, 0, 0, 0, 0, 0, 0, 0, 0.231151147, -0.0152265625, -0.19355459, -0.182605596, 0.812567079, -0.553285055, -0.89453125, 0.0960693359, 0.436401367, 0.407731164, 0.574787308, 0.709546357, 0, 0, -0, 0, 0, 0, 0, 0.283489844, 0.0112453125, -0.164715332, 0.000937587998, 0.463995162, -0.885716948, 0.325195312, -0.837768555, -0.438476562, -0.945511293, -0.287547168, -0.151763618, 0, 1, 1, 1, 
274.507565, 13, 0.1, 0.1, -0.0144422532, 0.379675441, -0.0199731478, 0.927808192, -1.0690884e-005, 0.37305758, 0.373057579, -4.78495543e-005, -0.927808192, 2.77697286e-005, 0.999999999, -4.04068932e-005, 0.927808376, -3.78406993e-005, 0.373057122, 0.37305712, -5.0561473e-005, -0.927808376, 5.39712354e-005, 0.999999998, -3.27946158e-005, 0, 0, 0, 0, 0, 0, 0, 0.231151147, -0.0152265625, -0.19355459, -0.182605596, 0.812567079, -0.553285055, -0.89453125, 0.0960693359, 0.436401367, 0.407731164, 0.574787308, 0.709546357, 0, 0, -0, 0, 0, 0, 0, 0.283489844, 0.0112453125, -0.164715332, 0.000937587998, 0.463995162, -0.885716948, 0.325195312, -0.837768555, -0.438476562, -0.945511293, -0.287547168, -0.151763618, 0, 1, 1, 1, 
274.508285, 13, 0.1, 0.1, -0.0144422579, 0.379675437, -0.0199671346, 0.927807101, 1.69596197e-005, 0.373060293, 0.373060292, 5.4009487e-005, -0.927807101, -3.58840506e-005, 0.999999998, 4.37834249e-005, 0.927807341, 3.39219772e-005, 0.373059696, 0.373059695, 4.01599063e-005, -0.927807341, -4.6455102e-005, 0.999999999, 2.46057334e-005, 0, 0, 0, 0, 0, 0, 0, 0.23270564, -0.01847854, -0.19325166, -0.186910075, 0.809821359, -0.55600194, -0.895385742, 0.0922851562, 0.435424805, 0.403963617, 0.579300721, 0.707999199, 0, 0, -0, 0, 0, 0, 0, 0.283489844, 0.0112453125, -0.164715332, -0.000748907984, 0.461016625, -0.887282409, 0.331176758, -0.837036133, -0.435302734, -0.943479182, -0.294242846, -0.152050897, 0, 1, 1, 1, 
274.50898, 13, 0.1, 0.1, -0.0144422518, 0.379675434, -0.0199623214, 0.927805927, -1.71624816e-005, 0.373063214, 0.373063214, -2.89774974e-005, -0.927805927, 2.67338904e-005, 0.999999999, -2.04828033e-005, 0.927806169, -3.04988965e-005, 0.373062612, 0.373062612, -1.71569927e-005, -0.927806169, 3.46976969e-005, 0.999999999, -4.54036565e-006, 0, 0, 0, 0, 0, 0, 0, 0.23270564, -0.01847854, -0.19325166, -0.186910075, 0.809821359, -0.55600194, -0.895385742, 0.0922851562, 0.435424805, 0.403963617, 0.579300721, 0.707999199, 0, 0, -0, 0, 0, 0, 0, 0.284983691, 0.00822851562, -0.164155225, -0.000748907984, 0.461016625, -0.887282409, 0.331176758, -0.837036133, -0.435302734, -0.943479182, -0.294242846, -0.152050897, 0, 1, 1, 1, 
274.509678, 13, 0.1, 0.1, -0.0144422555, 0.379675431, -0.0199599933, 0.927804676, 2.85867905e-005, 0.373066325, 0.373066325, 2.12478259e-005, -0.927804676, -3.44498062e-005, 0.999999999, 9.04906338e-006, 0.927804926, 3.62766555e-005, 0.373065701, 0.3730657, 2.93047519e-005, -0.927804927, -4.45902575e-005, 0.999999999, 1.36555173e-005, 0, 0, 0, 0, 0, 0, 0, 0.23270564, -0.01847854, -0.19325166, -0.186910075, 0.809821359, -0.55600194, -0.895385742, 0.0922851562, 0.435424805, 0.403963617, 0.579300721, 0.707999199, 0, 0, -0, 0, 0, 0, 0, 0.284983691, 0.00822851562, -0.164155225, -0.000748907984, 0.461016625, -0.887282409, 0.331176758, -0.837036133, -0.435302734, -0.943479182, -0.294242846, -0.152050897, 0, 1, 1, 1, 
274.510382, 13, 0.1, 0.1, -0.0144422481, 0.379675432, -0.0199605227, 0.927803621, -4.90613207e-005, 0.373068947, 0.373068948, 6.89887445e-006, -0.927803622, 4.29455152e-005, 0.999999999, 2.4704056e-005, 0.927803797, -5.30973207e-005, 0.373068508, 0.373068508, -2.66465323e-006, -0.927803798, 5.0257994e-005, 0.999999999, 1.73366628e-005, 0, 0, 0, 0, 0, 0, 0, 0.23270564, -0.01847854, -0.19325166, -0.186910075, 0.809821359, -0.55600194, -0.895385742, 0.0922851562, 0.435424805, 0.403963617, 0.579300721, 0.707999199, 0, 0, -0, 0, 0, 0, 0, 0.284983691, 0.00822851562, -0.164155225, -0.000748907984, 0.461016625, -0.887282409, 0.331176758, -0.837036133, -0.435302734, -0.943479182, -0.294242846, -0.152050897, 0, 1, 1, 1, 
274.511079, 13, 0.1, 0.1, -0.0144422506, 0.379675432, -0.0199636872, 0.927802892, 4.08926258e-005, 0.37307076, 0.373070761, -2.73853829e-005, -0.927802892, -2.77236109e-005, 0.999999999, -4.06640805e-005, 0.927803016, 4.53084818e-005, 0.373070451, 0.373070452, -2.33977677e-005, -0.927803016, -3.33083303e-005, 0.999999999, -3.86117752e-005, 0, 0, 0, 0, 0, 0, 0, 0.23270564, -0.01847854, -0.19325166, -0.186910075, 0.809821359, -0.55600194, -0.895385742, 0.0922851562, 0.435424805, 0.403963617, 0.579300721, 0.707999199, 0, 0, -0, 0, 0, 0, 0, 0.284983691, 0.00822851562, -0.164155225, -0.000748907984, 0.461016625, -0.887282409, 0.331176758, -0.837036133, -0.435302734, -0.943479182, -0.294242846, -0.152050897, 0, 1, 1, 1, 
274.511774, 13, 0.1, 0.1, -0.0144422449, 0.37967543, -0.0199683905, 0.927802392, -4.05063619e-005, 0.373072004, 0.373072006, 3.32364414e-005, -0.927802391, 2.51823137e-005, 0.999999999, 4.59486395e-005, 0.927802471, -4.3745201e-005, 0.373071806, 0.373071807, 2.3977755e-005, -0.927802471, 3.16414812e-005, 0.999999999, 3.85667215e-005, 0, 0, 0, 0, 0, 0, 0, 0.23270564, -0.01847854, -0.19325166, -0.186910075, 0.809821359, -0.55600194, -0.895385742, 0.0922851562, 0.435424805, 0.403963617, 0.579300721, 0.707999199, 0, 0, -0, 0, 0, 0, 0, 0.284983691, 0.00822851562, -0.164155225, -0.000748907984, 0.461016625, -0.887282409, 0.331176758, -0.837036133, -0.435302734, -0.943479182, -0.294242846, -0.152050897, 0, 1, 1, 1, 
274.512466, 13, 0.1, 0.1, -0.0144422465, 0.379675427, -0.019973166, 0.927802126, 4.00915195e-005, 0.373072664, 0.373072665, -2.75642918e-005, -0.927802126, -2.69135133e-005, 0.999999999, -4.05312585e-005, 0.927802156, 3.71282301e-005, 0.37307259, 0.37307259, -7.33264522e-006, -0.927802157, -3.17120431e-005, 0.999999999, -2.0654769e-005, 0, 0, 0, 0, 0, 0, 0, 0.23270564, -0.01847854, -0.19325166, -0.186910075, 0.809821359, -0.55600194, -0.895385742, 0.0922851562, 0.435424805, 0.403963617, 0.579300721, 0.707999199, 0, 0, -0, 0, 0, 0, 0, 0.284983691, 0.00822851562, -0.164155225, -0.000748907984, 0.461016625, -0.887282409, 0.331176758, -0.837036133, -0.435302734, -0.943479182, -0.294242846, -0.152050897, 0, 1, 1, 1, 
274.51319, 13, 0.1, 0.1, -0.0144422459, 0.379675434, -0.0199765417, 0.9278021, -1.43881505e-005, 0.373072732, 0.373072732, -1.15730708e-005, -0.9278021, 1.76669533e-005, 1, -5.36969278e-006, 0.92780209, -9.74072887e-006, 0.373072756, 0.373072755, -3.37605443e-005, -0.92780209, 2.16326079e-005, 0.999999999, -2.7689103e-005, 0, 0, 0, 0, 0, 0, 0, 0.234631543, -0.0212670654, -0.192892578, -0.192586101, 0.807418245, -0.557683893, -0.896606445, 0.0860595703, 0.434082031, 0.398559422, 0.583636279, 0.707524042, 0, 0, -0, 0, 0, 0, 0, 0.28666123, 0.00567919922, -0.163800293, -0.00324037249, 0.458798213, -0.888432626, 0.338745117, -0.835327148, -0.432617187, -0.94079522, -0.302331544, -0.152785503, 0, 1, 1, 1, 
274.513886, 13, 0.1, 0.1, -0.0144422438, 0.379675423, -0.0199774477, 0.927802227, 3.51321911e-007, 0.373072417, 0.373072416, 5.68419342e-005, -0.927802225, -2.1532115e-005, 0.999999998, 5.26070046e-005, 0.9278022, 1.73430432e-006, 0.373072483, 0.373072482, 6.311319e-005, -0.927802198, -2.51548859e-005, 0.999999998, 5.79095353e-005, 0, 0, 0, 0, 0, 0, 0, 0.234631543, -0.0212670654, -0.192892578, -0.192586101, 0.807418245, -0.557683893, -0.896606445, 0.0860595703, 0.434082031, 0.398559422, 0.583636279, 0.707524042, 0, 0, -0, 0, 0, 0, 0, 0.28666123, 0.00567919922, -0.163800293, -0.00324037249, 0.458798213, -0.888432626, 0.338745117, -0.835327148, -0.432617187, -0.94079522, -0.302331544, -0.152785503, 0, 1, 1, 1, 
274.514583, 13, 0.1, 0.1, -0.0144422413, 0.379675423, -0.0199760492, 0.927802306, 4.79853479e-006, 0.373072219, 0.373072218, -3.79625239e-005, -0.927802306, 9.71067136e-006, 0.999999999, -3.70119172e-005, 0.927802305, -4.71781721e-006, 0.373072222, 0.373072222, -3.07776045e-005, -0.927802304, 1.5859471e-005, 1, -2.67954458e-005, 0, 0, 0, 0, 0, 0, 0, 0.234631543, -0.0212670654, -0.192892578, -0.192586101, 0.807418245, -0.557683893, -0.896606445, 0.0860595703, 0.434082031, 0.398559422, 0.583636279, 0.707524042, 0, 0, -0, 0, 0, 0, 0, 0.28666123, 0.00567919922, -0.163800293, -0.00324037249, 0.458798213, -0.888432626, 0.338745117, -0.835327148, -0.432617187, -0.94079522, -0.302331544, -0.152785503, 0, 1, 1, 1, 
274.51529, 13, 0.1, 0.1, -0.0144422408, 0.379675424, -0.0199727914, 0.927802252, -1.56869931e-005, 0.373072354, 0.373072354, 1.74967854e-005, -0.927802252, 8.02686059e-006, 1, 2.20859403e-005, 0.927802265, -7.74837493e-006, 0.373072322, 0.373072322, 4.65294714e-006, -0.927802265, 5.45307402e-006, 1, 7.20771912e-006, 0, 0, 0, 0, 0, 0, 0, 0.234631543, -0.0212670654, -0.192892578, -0.198794571, 0.805401922, -0.558299834, -0.897094727, 0.0798339844, 0.434448242, 0.394475478, 0.587292615, 0.706756454, 0, 0, -0, 0, 0, 0, 0, 0.28666123, 0.00567919922, -0.163800293, -0.00324037249, 0.458798213, -0.888432626, 0.338745117, -0.835327148, -0.432617187, -0.94079522, -0.302331544, -0.152785503, 0, 1, 1, 1, 
274.516006, 13, 0.1, 0.1, -0.0144422409, 0.379675422, -0.0199684274, 0.927802274, 1.07654638e-005, 0.3730723, 0.3730723, -2.90335246e-005, -0.927802273, 8.43382012e-007, 1, -3.09536665e-005, 0.927802254, 1.95112355e-005, 0.373072349, 0.373072349, -1.21951677e-005, -0.927802254, -1.35528884e-005, 1, -1.85938066e-005, 0, 0, 0, 0, 0, 0, 0, 0.236311011, -0.0242611328, -0.192926392, -0.198794571, 0.805401922, -0.558299834, -0.897094727, 0.0798339844, 0.434448242, 0.394475478, 0.587292615, 0.706756454, 0, 0, -0, 0, 0, 0, 0, 0.288064014, 0.00338974609, -0.163631738, -0.00644748677, 0.457039889, -0.889307957, 0.345581055, -0.833496094, -0.430908203, -0.938309219, -0.3101264, -0.152632019, 0, 1, 1, 1, 
274.516813, 13, 0.1, 0.1, -0.0144422379, 0.379675419, -0.01996405, 0.92780237, -2.48922259e-005, 0.37307206, 0.373072061, 4.757901e-005, -0.927802369, 5.34466693e-006, 0.999999999, 5.34305122e-005, 0.927802354, -7.3137769e-006, 0.373072101, 0.373072101, 2.45858009e-005, -0.927802353, -2.38653699e-006, 1, 2.55393301e-005, 0, 0, 0, 0, 0, 0, 0, 0.236311011, -0.0242611328, -0.192926392, -0.198794571, 0.805401922, -0.558299834, -0.897094727, 0.0798339844, 0.434448242, 0.394475478, 0.587292615, 0.706756454, 0, 0, -0, 0, 0, 0, 0, 0.288064014, 0.00338974609, -0.163631738, -0.00644748677, 0.457039889, -0.889307957, 0.345581055, -0.833496094, -0.430908203, -0.938309219, -0.3101264, -0.152632019, 0, 1, 1, 1, 
274.517947, 13, 0.1, 0.1, -0.0144422376, 0.379675418, -0.0199541692, 0.927802495, 3.9559446e-005, 0.373071748, 0.37307175, -7.20250874e-005, -0.927802492, -9.83282733e-006, 0.999999997, -8.15835675e-005, 0.92780248, 1.80816423e-005, 0.373071787, 0.373071788, -4.90401177e-005, -0.927802478, 1.5192918e-006, 0.999999999, -5.22452934e-005, 0, 0, 0, 0, 0, 0, 0, 0.236311011, -0.0242611328, -0.192926392, -0.198794571, 0.805401922, -0.558299834, -0.897094727, 0.0798339844, 0.434448242, 0.394475478, 0.587292615, 0.706756454, 0, 0, -0, 0, 0, 0, 0, 0.288064014, 0.00338974609, -0.163631738, -0.00644748677, 0.457039889, -0.889307957, 0.345581055, -0.833496094, -0.430908203, -0.938309219, -0.3101264, -0.152632019, 0, 1, 1, 1, 
274.519072, 13, 0.1, 0.1, -0.0144422353, 0.379675414, -0.0199439268, 0.927802605, -4.35405327e-005, 0.373071473, 0.373071475, 0.000102500541, -0.9278026, 2.15699167e-006, 0.999999994, 0.000111344, 0.927802596, -1.61598924e-005, 0.373071497, 0.373071498, 6.86543562e-005, -0.927802594, -1.06197934e-005, 0.999999998, 6.97264852e-005, 0, 0, 0, 0, 0, 0, 0, 0.236311011, -0.0242611328, -0.192926392, -0.198794571, 0.805401922, -0.558299834, -0.897094727, 0.0798339844, 0.434448242, 0.394475478, 0.587292615, 0.706756454, 0, 0, -0, 0, 0, 0, 0, 0.288064014, 0.00338974609, -0.163631738, -0.00644748677, 0.457039889, -0.889307957, 0.345581055, -0.833496094, -0.430908203, -0.938309219, -0.3101264, -0.152632019, 0, 1, 1, 1, 
274.520227, 13, 0.1, 0.1, -0.0144422335, 0.379675406, -0.0199378019, 0.927802706, 5.17920019e-005, 0.373071221, 0.373071225, -8.65100684e-005, -0.927802702, -1.57783424e-005, 0.999999995, -9.95863811e-005, 0.927802704, 1.72258869e-005, 0.37307123, 0.373071231, -4.36746391e-005, -0.927802703, 3.11526951e-007, 0.999999999, -4.69479311e-005, 0, 0, 0, 0, 0, 0, 0, 0.236311011, -0.0242611328, -0.192926392, -0.203695896, 0.802212124, -0.561016719, -0.897827148, 0.0751953125, 0.43359375, 0.39006091, 0.592123547, 0.705209295, 0, 0, -0, 0, 0, 0, 0, 0.288064014, 0.00338974609, -0.163631738, -0.00644748677, 0.457039889, -0.889307957, 0.345581055, -0.833496094, -0.430908203, -0.938309219, -0.3101264, -0.152632019, 0, 1, 1, 1, 
274.521378, 13, 0.1, 0.1, -0.0144422344, 0.37967541, -0.019937517, 0.927802798, -4.00886796e-005, 0.373070993, 0.373070995, 9.21479627e-005, -0.927802794, 2.81665698e-006, 0.999999995, 0.000100451061, 0.927802795, -8.9068642e-006, 0.373071004, 0.373071004, 5.35441091e-005, -0.927802793, -1.1711941e-005, 0.999999999, 5.30012668e-005, 0, 0, 0, 0, 0, 0, 0, 0.238279517, -0.0273115967, -0.192846704, -0.203695896, 0.802212124, -0.561016719, -0.897827148, 0.0751953125, 0.43359375, 0.39006091, 0.592123547, 0.705209295, 0, 0, -0, 0, 0, 0, 0, 0.289782812, 0.000363183593, -0.163299756, -0.00814674257, 0.453767509, -0.891020339, 0.351318359, -0.832885742, -0.427368164, -0.936155707, -0.316361991, -0.152689255, 0, 1, 1, 1, 
274.522515, 13, 0.1, 0.1, -0.0144422312, 0.379675401, -0.0199434128, 0.927802886, 4.16923404e-005, 0.373070775, 0.373070777, -7.64096248e-005, -0.927802883, -1.01760757e-005, 0.999999996, -8.64472642e-005, 0.927802883, 1.28735548e-005, 0.373070785, 0.373070785, -3.87909174e-005, -0.927802882, 2.52763678e-006, 0.999999999, -4.07930722e-005, 0, 0, 0, 0, 0, 0, 0, 0.238279517, -0.0273115967, -0.192846704, -0.203695896, 0.802212124, -0.561016719, -0.897827148, 0.0751953125, 0.43359375, 0.39006091, 0.592123547, 0.705209295, 0, 0, -0, 0, 0, 0, 0, 0.289782812, 0.000363183593, -0.163299756, -0.00814674257, 0.453767509, -0.891020339, 0.351318359, -0.832885742, -0.427368164, -0.936155707, -0.316361991, -0.152689255, 0, 1, 1, 1, 
274.523642, 13, 0.1, 0.1, -0.0144422324, 0.379675408, -0.0199520808, 0.927802971, -2.79308319e-005, 0.373070565, 0.373070566, 5.59941544e-005, -0.927802969, 5.02453791e-006, 0.999999998, 6.23717141e-005, 0.927802966, -2.7435065e-006, 0.373070577, 0.373070577, 2.44393512e-005, -0.927802966, -6.57216937e-006, 1, 2.36984241e-005, 0, 0, 0, 0, 0, 0, 0, 0.238279517, -0.0273115967, -0.192846704, -0.203695896, 0.802212124, -0.561016719, -0.897827148, 0.0751953125, 0.43359375, 0.39006091, 0.592123547, 0.705209295, 0, 0, -0, 0, 0, 0, 0, 0.289782812, 0.000363183593, -0.163299756, -0.00814674257, 0.453767509, -0.891020339, 0.351318359, -0.832885742, -0.427368164, -0.936155707, -0.316361991, -0.152689255, 0, 1, 1, 1, 
274.524769, 13, 0.1, 0.1, -0.0144422289, 0.379675402, -0.0199593194, 0.927803045, 2.59615841e-005, 0.37307038, 0.373070381, -5.30258779e-005, -0.927803044, -4.30485228e-006, 0.999999998, -5.88830691e-005, 0.92780304, 6.20012466e-006, 0.373070394, 0.373070394, -2.80479462e-005, -0.92780304, 4.71136381e-006, 1, -2.83360527e-005, 0, 0, 0, 0, 0, 0, 0, 0.238279517, -0.0273115967, -0.192846704, -0.203695896, 0.802212124, -0.561016719, -0.897827148, 0.0751953125, 0.43359375, 0.39006091, 0.592123547, 0.705209295, 0, 0, -0, 0, 0, 0, 0, 0.289782812, 0.000363183593, -0.163299756, -0.00814674257, 0.453767509, -0.891020339, 0.351318359, -0.832885742, -0.427368164, -0.936155707, -0.316361991, -0.152689255, 0, 1, 1, 1, 
274.525943, 13, 0.1, 0.1, -0.0144422272, 0.379675404, -0.0199613323, 0.927803125, -2.88035279e-005, 0.373070183, 0.373070184, 5.34896479e-005, -0.927803123, 6.76861041e-006, 0.999999998, 6.03735999e-005, 0.927803119, -9.74569529e-006, 0.373070199, 0.373070199, 3.0634332e-005, -0.927803118, -2.38666985e-006, 0.999999999, 3.20584572e-005, 0, 0, 0, 0, 0, 0, 0, 0.240000488, -0.0301218506, -0.192294165, -0.209010219, 0.799364933, -0.563257325, -0.899047852, 0.0693359375, 0.432128906, 0.384599428, 0.596776624, 0.704328253, 0, 0, -0, 0, 0, 0, 0, 0.291238818, -0.00198950195, -0.162947998, -0.0106509669, 0.451197653, -0.892330237, 0.358764648, -0.831176758, -0.424560547, -0.933350343, -0.324610369, -0.153072416, 0, 1, 1, 1, 
274.527067, 13, 0.1, 0.1, -0.0144422245, 0.379675402, -0.0199582, 0.927803195, 2.89063261e-005, 0.373070007, 0.373070008, -6.3390624e-005, -0.927803193, -3.17024107e-006, 0.999999998, -6.95981068e-005, 0.92780319, 8.91277575e-006, 0.37307002, 0.37307002, -3.96558736e-005, -0.927803189, 6.52511583e-006, 0.999999999, -4.01179355e-005, 0, 0, 0, 0, 0, 0, 0, 0.240000488, -0.0301218506, -0.192294165, -0.209010219, 0.799364933, -0.563257325, -0.899047852, 0.0693359375, 0.432128906, 0.384599428, 0.596776624, 0.704328253, 0, 0, -0, 0, 0, 0, 0, 0.291238818, -0.00198950195, -0.162947998, -0.0106509669, 0.451197653, -0.892330237, 0.358764648, -0.831176758, -0.424560547, -0.933350343, -0.324610369, -0.153072416, 0, 1, 1, 1, 
274.528217, 13, 0.1, 0.1, -0.014442221, 0.379675401, -0.0199516851, 0.927803255, -4.11659555e-005, 0.373069857, 0.373069859, 7.75898316e-005, -0.927803252, 9.24747999e-006, 0.999999996, 8.73458756e-005, 0.927803254, -1.84362358e-005, 0.373069861, 0.373069861, 5.02111205e-005, -0.927803253, -1.62705619e-006, 0.999999999, 5.3464045e-005, 0, 0, 0, 0, 0, 0, 0, 0.240000488, -0.0301218506, -0.192294165, -0.209010219, 0.799364933, -0.563257325, -0.899047852, 0.0693359375, 0.432128906, 0.384599428, 0.596776624, 0.704328253, 0, 0, -0, 0, 0, 0, 0, 0.292620117, -0.00430385742, -0.162770898, -0.0142478056, 0.449075124, -0.893269367, 0.365478516, -0.829223633, -0.422607422, -0.930659819, -0.332443504, -0.152311924, 0, 1, 1, 1, 
274.529344, 13, 0.1, 0.1, -0.0144422184, 0.379675398, -0.0199454896, 0.927803313, 4.14033157e-005, 0.373069713, 0.373069716, -8.54122027e-005, -0.927803309, -6.54942732e-006, 0.999999995, -9.46920479e-005, 0.927803313, 1.40328491e-005, 0.373069714, 0.373069714, -5.2313301e-005, -0.927803312, 6.49678438e-006, 0.999999999, -5.3771685e-005, 0, 0, 0, 0, 0, 0, 0, 0.240000488, -0.0301218506, -0.192294165, -0.209010219, 0.799364933, -0.563257325, -0.899047852, 0.0693359375, 0.432128906, 0.384599428, 0.596776624, 0.704328253, 0, 0, -0, 0, 0, 0, 0, 0.292620117, -0.00430385742, -0.162770898, -0.0142478056, 0.449075124, -0.893269367, 0.365478516, -0.829223633, -0.422607422, -0.930659819, -0.332443504, -0.152311924, 0, 1, 1, 1, 
274.530493, 13, 0.1, 0.1, -0.0144422173, 0.379675401, -0.0199421693, 0.927803363, -4.23194328e-005, 0.37306959, 0.373069592, 8.49066394e-005, -0.927803359, 7.58802681e-006, 0.999999995, 9.4564759e-005, 0.927803366, -1.41250753e-005, 0.373069582, 0.373069583, 4.99326696e-005, -0.927803365, -5.52306779e-006, 0.999999999, 5.15973349e-005, 0, 0, 0, 0, 0, 0, 0, 0.241281567, -0.0329014648, -0.192347632, -0.214298334, 0.79718985, -0.564254065, -0.899414062, 0.0642089844, 0.432250977, 0.380864081, 0.600210922, 0.703497386, 0, 0, -0, 0, 0, 0, 0, 0.292620117, -0.00430385742, -0.162770898, -0.0142478056, 0.449075124, -0.893269367, 0.365478516, -0.829223633, -0.422607422, -0.930659819, -0.332443504, -0.152311924, 0, 1, 1, 1, 
274.531242, 13, 0.1, 0.1, -0.0144422129, 0.37967539, -0.0199452935, 0.927803385, 2.70071896e-005, 0.373069534, 0.373069535, -4.93091824e-005, -0.927803384, -6.66160823e-006, 0.999999998, -5.5824786e-005, 0.927803392, -4.92231399e-006, 0.373069519, 0.37306952, 5.94275007e-006, -0.927803392, 2.3498807e-006, 1, 7.35006899e-006, 0, 0, 0, 0, 0, 0, 0, 0.241281567, -0.0329014648, -0.192347632, -0.214298334, 0.79718985, -0.564254065, -0.899414062, 0.0642089844, 0.432250977, 0.380864081, 0.600210922, 0.703497386, 0, 0, -0, 0, 0, 0, 0, 0.292620117, -0.00430385742, -0.162770898, -0.0142478056, 0.449075124, -0.893269367, 0.365478516, -0.829223633, -0.422607422, -0.930659819, -0.332443504, -0.152311924, 0, 1, 1, 1, 
274.532002, 13, 0.1, 0.1, -0.0144422215, 0.379675412, -0.0199556939, 0.927803415, 3.68985242e-005, 0.37306946, 0.373069462, -8.8220698e-005, -0.927803411, -1.32212839e-006, 0.999999995, -9.56171774e-005, 0.927803415, 5.26399334e-005, 0.373069457, 0.37306946, -0.000111550355, -0.927803409, -7.22347938e-006, 0.999999992, -0.000123135152, 0, 0, 0, 0, 0, 0, 0, 0.241281567, -0.0329014648, -0.192347632, -0.214298334, 0.79718985, -0.564254065, -0.899414062, 0.0642089844, 0.432250977, 0.380864081, 0.600210922, 0.703497386, 0, 0, -0, 0, 0, 0, 0, 0.292620117, -0.00430385742, -0.162770898, -0.0142478056, 0.449075124, -0.893269367, 0.365478516, -0.829223633, -0.422607422, -0.930659819, -0.332443504, -0.152311924, 0, 1, 1, 1, 
274.532735, 13, 0.1, 0.1, -0.0144422164, 0.379675406, -0.0199684472, 0.927803545, -2.02270259e-005, 0.373069137, 0.373069137, 7.65378618e-005, -0.927803542, -9.78720775e-006, 0.999999997, 7.85581787e-005, 0.927803502, -2.14700141e-005, 0.373069244, 0.373069245, 6.20027852e-005, -0.9278035, -3.21137798e-006, 0.999999998, 6.55362032e-005, 0, 0, 0, 0, 0, 0, 0, 0.243016089, -0.0354864014, -0.191781543, -0.219352426, 0.794405938, -0.56623444, -0.900390625, 0.05859375, 0.430908203, 0.375484974, 0.6044832, 0.702698719, 0, 0, -0, 0, 0, 0, 0, 0.29404292, -0.00666459961, -0.16263042, -0.0172376363, 0.446198665, -0.894668583, 0.372070313, -0.827636719, -0.420043945, -0.927905495, -0.340110395, -0.151845274, 0, 1, 1, 1, 
274.533428, 13, 0.1, 0.1, -0.014442212, 0.379675396, -0.019979554, 0.927803691, 7.80280656e-006, 0.373068774, 0.373068774, 7.94369669e-006, -0.927803691, -1.02030179e-005, 1, 4.45920763e-006, 0.927803677, -1.24058189e-005, 0.373068811, 0.373068811, 3.08114495e-005, -0.927803676, 1.53735092e-008, 0.999999999, 3.32152002e-005, 0, 0, 0, 0, 0, 0, 0, 0.243016089, -0.0354864014, -0.191781543, -0.219352426, 0.794405938, -0.56623444, -0.900390625, 0.05859375, 0.430908203, 0.375484974, 0.6044832, 0.702698719, 0, 0, -0, 0, 0, 0, 0, 0.29404292, -0.00666459961, -0.16263042, -0.0172376363, 0.446198665, -0.894668583, 0.372070313, -0.827636719, -0.420043945, -0.927905495, -0.340110395, -0.151845274, 0, 1, 1, 1, 
274.534159, 13, 0.1, 0.1, -0.0144422175, 0.379675409, -0.0199868679, 0.927803927, 3.13248558e-005, 0.373068188, 0.373068189, -9.49331847e-005, -0.927803922, 6.35322708e-006, 0.999999995, -9.97656888e-005, 0.927803873, 3.35370467e-005, 0.37306832, 0.373068322, -8.70676237e-005, -0.927803869, 1.36637044e-006, 0.999999996, -9.32932882e-005, 0, 0, 0, 0, 0, 0, 0, 0.243016089, -0.0354864014, -0.191781543, -0.219352426, 0.794405938, -0.56623444, -0.900390625, 0.05859375, 0.430908203, 0.375484974, 0.6044832, 0.702698719, 0, 0, -0, 0, 0, 0, 0, 0.29404292, -0.00666459961, -0.16263042, -0.0172376363, 0.446198665, -0.894668583, 0.372070313, -0.827636719, -0.420043945, -0.927905495, -0.340110395, -0.151845274, 0, 1, 1, 1, 
274.534866, 13, 0.1, 0.1, -0.0144422223, 0.379675422, -0.0199882174, 0.927804187, 2.80602265e-005, 0.373067542, 0.373067543, -4.3234673e-005, -0.927804186, -9.90494243e-006, 0.999999999, -5.05816704e-005, 0.927804142, 3.16237207e-005, 0.373067652, 0.373067653, -6.24589934e-005, -0.92780414, -6.03918895e-006, 0.999999998, -6.97475001e-005, 0, 0, 0, 0, 0, 0, 0, 0.243016089, -0.0354864014, -0.191781543, -0.219352426, 0.794405938, -0.56623444, -0.900390625, 0.05859375, 0.430908203, 0.375484974, 0.6044832, 0.702698719, 0, 0, -0, 0, 0, 0, 0, 0.29404292, -0.00666459961, -0.16263042, -0.0172376363, 0.446198665, -0.894668583, 0.372070313, -0.827636719, -0.420043945, -0.927905495, -0.340110395, -0.151845274, 0, 1, 1, 1, 
274.535579, 13, 0.1, 0.1, -0.01444222, 0.379675418, -0.0199838201, 0.927804301, -2.12500791e-005, 0.373067258, 0.373067258, 4.16194087e-005, -0.9278043, 4.18907611e-006, 0.999999999, 4.65423751e-005, 0.927804279, -1.92371279e-005, 0.373067312, 0.373067313, 3.24031851e-005, -0.927804278, 5.75972036e-006, 0.999999999, 3.72405574e-005, 0, 0, 0, 0, 0, 0, 0, 0.243016089, -0.0354864014, -0.191781543, -0.219352426, 0.794405938, -0.56623444, -0.900390625, 0.05859375, 0.430908203, 0.375484974, 0.6044832, 0.702698719, 0, 0, -0, 0, 0, 0, 0, 0.29404292, -0.00666459961, -0.16263042, -0.0172376363, 0.446198665, -0.894668583, 0.372070313, -0.827636719, -0.420043945, -0.927905495, -0.340110395, -0.151845274, 0, 1, 1, 1, 
274.536273, 13, 0.1, 0.1, -0.0144422174, 0.379675412, -0.0199757238, 0.927804409, 1.19982026e-005, 0.373066989, 0.373066989, -8.25978185e-006, -0.927804409, -8.05053338e-006, 1, -1.21395953e-005, 0.927804396, -5.86788784e-006, 0.373067021, 0.373067021, 1.22176527e-005, -0.927804396, 8.86248823e-007, 1, 1.35247074e-005, 0, 0, 0, 0, 0, 0, 0, 0.243016089, -0.0354864014, -0.191781543, -0.219352426, 0.794405938, -0.56623444, -0.900390625, 0.05859375, 0.430908203, 0.375484974, 0.6044832, 0.702698719, 0, 0, -0, 0, 0, 0, 0, 0.29404292, -0.00666459961, -0.16263042, -0.0172376363, 0.446198665, -0.894668583, 0.372070313, -0.827636719, -0.420043945, -0.927905495, -0.340110395, -0.151845274, 0, 1, 1, 1, 
274.537002, 13, 0.1, 0.1, -0.0144422158, 0.379675416, -0.0199660446, 0.927804561, -2.07517237e-005, 0.37306661, 0.37306661, -8.5448102e-008, -0.927804562, 1.92854217e-005, 1, 7.66249605e-006, 0.92780452, -1.68495571e-005, 0.373066712, 0.373066712, -2.47086899e-005, -0.92780452, 2.4851085e-005, 1, -1.66388253e-005, 0, 0, 0, 0, 0, 0, 0, 0.243016089, -0.0354864014, -0.191781543, -0.219352426, 0.794405938, -0.56623444, -0.900390625, 0.05859375, 0.430908203, 0.375484974, 0.6044832, 0.702698719, 0, 0, -0, 0, 0, 0, 0, 0.29404292, -0.00666459961, -0.16263042, -0.0172376363, 0.446198665, -0.894668583, 0.372070313, -0.827636719, -0.420043945, -0.927905495, -0.340110395, -0.151845274, 0, 1, 1, 1, 
274.537733, 13, 0.1, 0.1, -0.0144422199, 0.379675413, -0.019957899, 0.927804916, 3.5614836e-005, 0.373065726, 0.373065727, -1.67211654e-005, -0.927804917, -2.68055263e-005, 0.999999999, -2.88006542e-005, 0.927804832, 4.51598504e-005, 0.373065935, 0.373065935, -1.44402375e-006, -0.927804833, -4.13608114e-005, 0.999999999, -1.8187374e-005, 0, 0, 0, 0, 0, 0, 0, 0.244780396, -0.038747168, -0.191237793, -0.223847865, 0.791501459, -0.568633806, -0.901367187, 0.0537109375, 0.42956543, 0.370511753, 0.608774574, 0.701595638, 0, 0, -0, 0, 0, 0, 0, 0.295245654, -0.00947158203, -0.162261572, -0.020067786, 0.443137006, -0.89610608, 0.378051758, -0.826293945, -0.417114258, -0.925502616, -0.347183037, -0.151014419, 0, 1, 1, 1, 
274.538424, 13, 0.1, 0.1, -0.0144422174, 0.379675409, -0.0199541761, 0.927805435, -7.73395238e-006, 0.373064438, 0.373064438, 3.7730822e-005, -0.927805434, -6.90042483e-006, 0.999999999, 3.78921243e-005, 0.927805324, -9.26781106e-006, 0.373064714, 0.373064714, 3.7583428e-005, -0.927805323, -5.42232639e-006, 0.999999999, 3.83275979e-005, 0, 0, 0, 0, 0, 0, 0, 0.244780396, -0.038747168, -0.191237793, -0.223847865, 0.791501459, -0.568633806, -0.901367187, 0.0537109375, 0.42956543, 0.370511753, 0.608774574, 0.701595638, 0, 0, -0, 0, 0, 0, 0, 0.295245654, -0.00947158203, -0.162261572, -0.020067786, 0.443137006, -0.89610608, 0.378051758, -0.826293945, -0.417114258, -0.925502616, -0.347183037, -0.151014419, 0, 1, 1, 1, 
274.539124, 13, 0.1, 0.1, -0.0144422172, 0.379675409, -0.0199551447, 0.927805893, 2.45407074e-006, 0.373063299, 0.373063299, -4.11989117e-006, -0.927805893, -7.39921097e-007, 1, -4.73798303e-006, 0.927805816, 1.94466151e-005, 0.373063491, 0.373063491, -1.36988862e-005, -0.927805816, -1.29321283e-005, 1, -1.99647284e-005, 0, 0, 0, 0, 0, 0, 0, 0.244780396, -0.038747168, -0.191237793, -0.223847865, 0.791501459, -0.568633806, -0.901367187, 0.0537109375, 0.42956543, 0.370511753, 0.608774574, 0.701595638, 0, 0, -0, 0, 0, 0, 0, 0.295245654, -0.00947158203, -0.162261572, -0.020067786, 0.443137006, -0.89610608, 0.378051758, -0.826293945, -0.417114258, -0.925502616, -0.347183037, -0.151014419, 0, 1, 1, 1, 
274.539833, 13, 0.1, 0.1, -0.0144422103, 0.379675405, -0.0199603323, 0.927806264, 9.25594187e-006, 0.373062376, 0.373062376, 1.54426039e-006, -0.927806264, -9.16382629e-006, 1, -2.02026919e-006, 0.927806194, -2.47901863e-005, 0.373062549, 0.373062549, 1.55291034e-005, -0.927806194, 1.72071615e-005, 1, 2.36562884e-005, 0, 0, 0, 0, 0, 0, 0, 0.244780396, -0.038747168, -0.191237793, -0.223847865, 0.791501459, -0.568633806, -0.901367187, 0.0537109375, 0.42956543, 0.370511753, 0.608774574, 0.701595638, 0, 0, -0, 0, 0, 0, 0, 0.295245654, -0.00947158203, -0.162261572, -0.020067786, 0.443137006, -0.89610608, 0.378051758, -0.826293945, -0.417114258, -0.925502616, -0.347183037, -0.151014419, 0, 1, 1, 1, 
274.540527, 13, 0.1, 0.1, -0.0144422109, 0.379675404, -0.0199676644, 0.927806589, -2.17580833e-005, 0.373061566, 0.373061567, 1.26792675e-005, -0.927806589, 1.54571457e-005, 1, 1.98810125e-005, 0.927806528, -9.66065248e-006, 0.373061719, 0.373061719, 8.49038727e-006, -0.927806528, 5.79577797e-006, 1, 1.14814564e-005, 0, 0, 0, 0, 0, 0, 0, 0.244780396, -0.038747168, -0.191237793, -0.223847865, 0.791501459, -0.568633806, -0.901367187, 0.0537109375, 0.42956543, 0.370511753, 0.608774574, 0.701595638, 0, 0, -0, 0, 0, 0, 0, 0.295245654, -0.00947158203, -0.162261572, -0.020067786, 0.443137006, -0.89610608, 0.378051758, -0.826293945, -0.417114258, -0.925502616, -0.347183037, -0.151014419, 0, 1, 1, 1, 
274.541228, 13, 0.1, 0.1, -0.0144422112, 0.379675404, -0.01997484, 0.927806871, 2.66206161e-005, 0.373060866, 0.373060866, -1.46841058e-005, -0.927806871, -1.92207253e-005, 1, -2.35551244e-005, 0.927806819, 2.56190383e-005, 0.373060996, 0.373060997, -1.34184634e-005, -0.927806819, -1.87636131e-005, 1, -2.20072059e-005, 0, 0, 0, 0, 0, 0, 0, 0.244780396, -0.038747168, -0.191237793, -0.223847865, 0.791501459, -0.568633806, -0.901367187, 0.0537109375, 0.42956543, 0.370511753, 0.608774574, 0.701595638, 0, 0, -0, 0, 0, 0, 0, 0.295245654, -0.00947158203, -0.162261572, -0.020067786, 0.443137006, -0.89610608, 0.378051758, -0.826293945, -0.417114258, -0.925502616, -0.347183037, -0.151014419, 0, 1, 1, 1, 
274.541945, 13, 0.1, 0.1, -0.0144422091, 0.379675401, -0.019979938, 0.92780717, -1.33781084e-005, 0.373060123, 0.373060123, 3.13122039e-005, -0.927807169, 7.30970282e-007, 0.999999999, 3.40425261e-005, 0.927807099, -1.76766698e-005, 0.373060299, 0.373060299, 2.40258377e-005, -0.927807099, 7.43745352e-006, 1, 2.88858065e-005, 0, 0, 0, 0, 0, 0, 0, 0.244780396, -0.038747168, -0.191237793, -0.22775245, 0.789167616, -0.570271575, -0.901855469, 0.0496826172, 0.428955078, 0.366928052, 0.611986833, 0.700619116, 0, 0, -0, 0, 0, 0, 0, 0.295245654, -0.00947158203, -0.162261572, -0.020067786, 0.443137006, -0.89610608, 0.378051758, -0.826293945, -0.417114258, -0.925502616, -0.347183037, -0.151014419, 0, 1, 1, 1, 
274.542662, 13, 0.1, 0.1, -0.0144422096, 0.379675398, -0.0199812585, 0.927807552, 6.23276725e-006, 0.373059172, 0.373059172, -2.28981809e-005, -0.927807552, 2.75956788e-006, 1, -2.35702962e-005, 0.927807464, 1.33414483e-005, 0.373059392, 0.373059392, -5.54928645e-006, -0.927807464, -1.03080819e-005, 1, -1.0125822e-005, 0, 0, 0, 0, 0, 0, 0, 0.246132642, -0.0419820557, -0.191101221, -0.22775245, 0.789167616, -0.570271575, -0.901855469, 0.0496826172, 0.428955078, 0.366928052, 0.611986833, 0.700619116, 0, 0, -0, 0, 0, 0, 0, 0.296521387, -0.0122233887, -0.161896387, -0.0217925614, 0.440580276, -0.897332855, 0.383666992, -0.825073242, -0.414428711, -0.9231063, -0.353220668, -0.151020616, 0, 1, 1, 1, 
274.543358, 13, 0.1, 0.1, -0.0144422097, 0.379675401, -0.0199789786, 0.927807943, 7.26661785e-006, 0.3730582, 0.3730582, 1.53231515e-005, -0.927807943, -1.24584531e-005, 1, 1.15060703e-005, 0.927807876, 1.04161233e-005, 0.373058368, 0.373058368, -4.32485424e-006, -0.927807876, -8.05073813e-006, 1, -7.89845576e-006, 0, 0, 0, 0, 0, 0, 0, 0.246132642, -0.0419820557, -0.191101221, -0.22775245, 0.789167616, -0.570271575, -0.901855469, 0.0496826172, 0.428955078, 0.366928052, 0.611986833, 0.700619116, 0, 0, -0, 0, 0, 0, 0, 0.296521387, -0.0122233887, -0.161896387, -0.0217925614, 0.440580276, -0.897332855, 0.383666992, -0.825073242, -0.414428711, -0.9231063, -0.353220668, -0.151020616, 0, 1, 1, 1, 
274.544058, 13, 0.1, 0.1, -0.014442208, 0.379675397, -0.0199740653, 0.927808211, 4.03620549e-006, 0.373057534, 0.373057534, -6.24387596e-006, -0.927808211, -1.41549963e-006, 1, -7.29885625e-006, 0.927808159, -9.29816311e-007, 0.373057663, 0.373057663, 1.27103099e-005, -0.927808159, -3.87898733e-006, 1, 1.21396043e-005, 0, 0, 0, 0, 0, 0, 0, 0.246132642, -0.0419820557, -0.191101221, -0.22775245, 0.789167616, -0.570271575, -0.901855469, 0.0496826172, 0.428955078, 0.366928052, 0.611986833, 0.700619116, 0, 0, -0, 0, 0, 0, 0, 0.296521387, -0.0122233887, -0.161896387, -0.0217925614, 0.440580276, -0.897332855, 0.383666992, -0.825073242, -0.414428711, -0.9231063, -0.353220668, -0.151020616, 0, 1, 1, 1, 
274.544788, 13, 0.1, 0.1, -0.0144422078, 0.379675396, -0.0199676558, 0.927808506, 1.32715877e-005, 0.373056799, 0.373056799, 2.5183414e-005, -0.927808506, -2.17083357e-005, 1, 1.84143297e-005, 0.927808453, 1.05001779e-005, 0.373056932, 0.373056932, 1.57513794e-005, -0.927808453, -1.56183151e-005, 1, 1.06970988e-005, 0, 0, 0, 0, 0, 0, 0, 0.247962622, -0.045472168, -0.190587256, -0.231010014, 0.786142569, -0.573229595, -0.902709961, 0.0465087891, 0.427490234, 0.362747506, 0.616297303, 0.699110149, 0, 0, -0, 0, 0, 0, 0, 0.298043311, -0.0154526855, -0.161324316, -0.0229551716, 0.437154778, -0.898987635, 0.387695313, -0.824951172, -0.411010742, -0.921387355, -0.35799944, -0.150458084, 0, 1, 1, 1, 
274.545481, 13, 0.1, 0.1, -0.0144422047, 0.3796754, -0.0199623998, 0.927808744, -2.36415406e-005, 0.373056207, 0.373056206, -4.59085282e-005, -0.927808744, 3.90612895e-005, 0.999999999, -3.37747105e-005, 0.927808699, -2.32117032e-005, 0.373056319, 0.373056318, -4.57561657e-005, -0.927808699, 3.86056469e-005, 0.999999999, -3.37936961e-005, 0, 0, 0, 0, 0, 0, 0, 0.247962622, -0.045472168, -0.190587256, -0.231010014, 0.786142569, -0.573229595, -0.902709961, 0.0465087891, 0.427490234, 0.362747506, 0.616297303, 0.699110149, 0, 0, -0, 0, 0, 0, 0, 0.298043311, -0.0154526855, -0.161324316, -0.0229551716, 0.437154778, -0.898987635, 0.387695313, -0.824951172, -0.411010742, -0.921387355, -0.35799944, -0.150458084, 0, 1, 1, 1, 
274.546182, 13, 0.1, 0.1, -0.0144422082, 0.379675397, -0.0199594772, 0.927809028, 5.85508413e-005, 0.373055497, 0.373055497, 1.85796325e-005, -0.92780903, -6.12552334e-005, 0.999999998, -4.60436238e-006, 0.927808958, 4.7115876e-005, 0.373055674, 0.373055673, 2.93886879e-005, -0.927808959, -5.46781486e-005, 0.999999998, 9.69024306e-006, 0, 0, 0, 0, 0, 0, 0, 0.247962622, -0.045472168, -0.190587256, -0.231010014, 0.786142569, -0.573229595, -0.902709961, 0.0465087891, 0.427490234, 0.362747506, 0.616297303, 0.699110149, 0, 0, -0, 0, 0, 0, 0, 0.298043311, -0.0154526855, -0.161324316, -0.0229551716, 0.437154778, -0.898987635, 0.387695313, -0.824951172, -0.411010742, -0.921387355, -0.35799944, -0.150458084, 0, 1, 1, 1, 
