time, trialNum, realDorsalTactorPos, realVentralTactorPos, boxPosX, boxPosY, boxPosZ, boxLocalRot_11, boxLocalRot_12, boxLocalRot_13, boxLocalRot_21, boxLocalRot_22, boxLocalRot_23, boxLocalRot_31, boxLocalRot_32, boxLocalRot_33, boxGlobalRot_11, boxGlobalRot_12, boxGlobalRot_13, boxGlobalRot_21, boxGlobalRot_22, boxGlobalRot_23, boxGlobalRot_31, boxGlobalRot_32, boxGlobalRot_33, indexForceX, indexForceY, indexForceZ, indexForceGlobalX, indexForceGlobalY, indexForceGlobalZ, indexContact, indexPosX, indexPosY, indexPosZ, indexRot_11, indexRot_12, indexRot_13, indexRot_21, indexRot_22, indexRot_23, indexRot_31, indexRot_32, indexRot_33, thumbForceX, thumbForceY, thumbForceZ, thumbForceGlobalX, thumbForceGlobalY, thumbForceGlobalZ, thumbContact, thumbPosX, thumbPosY, thumbPosZ, thumbRot_11, thumbRot_12, thumbRot_13, thumbRot_21, thumbRot_22, thumbRot_23, thumbRot_31, thumbRot_32, thumbRot_33, manipForceTooHigh, cceExpType, mapping, trialSuccess, 
701.878085, 49, 0.1, 0.1, 0.00708530171, 0.364905711, -0.0199699312, 0.991284006, -0.131742243, -2.84747883e-005, -0.131742243, -0.991284006, -2.27679848e-006, -2.79266517e-005, 6.00828641e-006, -1, 0.991284022, -0.131742126, -2.70400011e-005, -0.131742126, -0.991284022, -2.19602291e-005, -2.39112337e-005, 2.53311315e-005, -0.999999999, 0, 0, 0, 0, 0, 0, 0, 0.273449634, -0.12682002, -0.1926625, 0.245983221, 0.21036033, -0.946177274, -0.9453125, 0.267578125, -0.186279297, 0.214032775, 0.940339455, 0.264800257, 0, 0, -0, 0, 0, 0, 0, 0.316341309, -0.0703910156, -0.168731836, 0.285202494, -0.0139120126, -0.958341096, 0.0482177734, -0.998291016, 0.0289306641, -0.957120883, -0.0544870621, -0.284103317, 0, 1, 5, 1, 
701.926079, 49, 0.1, 0.1, 0.00708529304, 0.364905604, -0.0199686221, 0.991285239, -0.131732962, -4.36008581e-005, -0.131732962, -0.99128524, 5.97495516e-006, -4.40079856e-005, -1.79214697e-007, -0.999999999, 0.991285236, -0.131732985, -3.48583056e-005, -0.131732985, -0.991285237, 9.95515595e-006, -3.58659462e-005, -5.27641046e-006, -0.999999999, 0, 0, 0, 0, 0, 0, 0, 0.299991504, -0.148716992, -0.181352344, 0.204675479, 0.306135788, -0.929684293, -0.974365234, 0.153930664, -0.163818359, 0.0929048101, 0.939506777, 0.329916405, 0, 0, -0, 0, 0, 0, 0, 0.33557666, -0.0938358887, -0.156773291, 0.254086505, -0.000927610521, -0.967172394, 0.1640625, -0.985351562, 0.0440673828, -0.953026743, -0.169850664, -0.250295337, 0, 1, 5, 1, 
701.926861, 49, 0.1, 0.1, 0.00708529405, 0.3649056, -0.0199674513, 0.991285281, -0.131732636, 6.02416704e-005, -0.131732636, -0.991285283, 4.4307685e-006, 5.91330045e-005, -1.23279496e-005, -0.999999998, 0.991285272, -0.131732717, 3.22408754e-005, -0.131732717, -0.991285272, 6.42960763e-009, 3.1959058e-005, -4.2535517e-006, -0.999999999, 0, 0, 0, 0, 0, 0, 0, 0.299991504, -0.148716992, -0.181352344, 0.204675479, 0.306135788, -0.929684293, -0.974365234, 0.153930664, -0.163818359, 0.0929048101, 0.939506777, 0.329916405, 0, 0, -0, 0, 0, 0, 0, 0.33557666, -0.0938358887, -0.156773291, 0.254086505, -0.000927610521, -0.967172394, 0.1640625, -0.985351562, 0.0440673828, -0.953026743, -0.169850664, -0.250295337, 0, 1, 5, 1, 
701.927561, 49, 0.1, 0.1, 0.00708530144, 0.364905598, -0.0199664864, 0.991285294, -0.131732553, -9.3739727e-006, -0.131732553, -0.991285294, 1.71557348e-005, -1.155225e-005, -1.57713702e-005, -1, 0.991285296, -0.131732534, 2.30008267e-005, -0.131732534, -0.991285297, -4.38551911e-006, 2.33780968e-005, 1.31734343e-006, -1, 0, 0, 0, 0, 0, 0, 0, 0.299991504, -0.148716992, -0.181352344, 0.204675479, 0.306135788, -0.929684293, -0.974365234, 0.153930664, -0.163818359, 0.0929048101, 0.939506777, 0.329916405, 0, 0, -0, 0, 0, 0, 0, 0.33557666, -0.0938358887, -0.156773291, 0.254086505, -0.000927610521, -0.967172394, 0.1640625, -0.985351562, 0.0440673828, -0.953026743, -0.169850664, -0.250295337, 0, 1, 5, 1, 
701.928263, 49, 0.1, 0.1, 0.0070852939, 0.364905597, -0.0199664904, 0.991285314, -0.131732401, -1.73778531e-005, -0.131732402, -0.991285314, -3.07093724e-005, -1.31809912e-005, 3.27309761e-005, -0.999999999, 0.991285304, -0.131732472, -3.76662616e-005, -0.131732473, -0.991285305, -1.55197407e-005, -3.52935578e-005, 2.03463607e-005, -0.999999999, 0, 0, 0, 0, 0, 0, 0, 0.299991504, -0.148716992, -0.181352344, 0.204675479, 0.306135788, -0.929684293, -0.974365234, 0.153930664, -0.163818359, 0.0929048101, 0.939506777, 0.329916405, 0, 0, -0, 0, 0, 0, 0, 0.33557666, -0.0938358887, -0.156773291, 0.254086505, -0.000927610521, -0.967172394, 0.1640625, -0.985351562, 0.0440673828, -0.953026743, -0.169850664, -0.250295337, 0, 1, 5, 1, 
701.929038, 49, 0.1, 0.1, 0.00708530179, 0.364905596, -0.0199669483, 0.99128543, -0.131731523, 3.53549306e-005, -0.131731525, -0.99128543, 4.7794416e-005, 2.87507964e-005, -5.20352671e-005, -0.999999998, 0.991285399, -0.131731757, 4.90155205e-005, -0.131731758, -0.991285399, 2.7010216e-005, 4.50302666e-005, -3.32317335e-005, -0.999999998, 0, 0, 0, 0, 0, 0, 0, 0.30152207, -0.150055298, -0.180560669, 0.200165814, 0.315000489, -0.927713657, -0.975952148, 0.145996094, -0.161010742, 0.0847204517, 0.937731971, 0.336896211, 0, 0, -0, 0, 0, 0, 0, 0.33557666, -0.0938358887, -0.156773291, 0.250732103, 0.000457746624, -0.968028035, 0.17175293, -0.984008789, 0.0439453125, -0.952642848, -0.177192362, -0.246825729, 0, 1, 5, 1, 
701.929741, 49, 0.1, 0.1, 0.00708529446, 0.3649056, -0.0199675901, 0.99128562, -0.131730086, -6.01336788e-005, -0.131730088, -0.991285622, -2.09485241e-005, -5.68501003e-005, 2.86873855e-005, -0.999999998, 0.991285575, -0.131730428, -5.80394137e-005, -0.131730427, -0.991285577, 1.44078045e-005, -5.94315799e-005, -6.63669205e-006, -0.999999998, 0, 0, 0, 0, 0, 0, 0, 0.30152207, -0.150055298, -0.180560669, 0.200165814, 0.315000489, -0.927713657, -0.975952148, 0.145996094, -0.161010742, 0.0847204517, 0.937731971, 0.336896211, 0, 0, -0, 0, 0, 0, 0, 0.336702246, -0.0952380859, -0.156310449, 0.250732103, 0.000457746624, -0.968028035, 0.17175293, -0.984008789, 0.0439453125, -0.952642848, -0.177192362, -0.246825729, 0, 1, 5, 1, 
701.930441, 49, 0.1, 0.1, 0.00708529334, 0.364905588, -0.0199687796, 0.991285893, -0.131728043, 3.5401694e-005, -0.131728041, -0.991285893, -3.67335134e-005, 3.99320337e-005, 3.17500178e-005, -0.999999999, 0.991285833, -0.131728493, 2.28387376e-005, -0.131728492, -0.991285832, -5.65065572e-005, 3.00832407e-005, 5.30056372e-005, -0.999999998, 0, 0, 0, 0, 0, 0, 0, 0.30152207, -0.150055298, -0.180560669, 0.200165814, 0.315000489, -0.927713657, -0.975952148, 0.145996094, -0.161010742, 0.0847204517, 0.937731971, 0.336896211, 0, 0, -0, 0, 0, 0, 0, 0.336702246, -0.0952380859, -0.156310449, 0.250732103, 0.000457746624, -0.968028035, 0.17175293, -0.984008789, 0.0439453125, -0.952642848, -0.177192362, -0.246825729, 0, 1, 5, 1, 
701.931188, 49, 0.1, 0.1, 0.00708529416, 0.364905598, -0.0199699962, 0.991286254, -0.131725329, -3.35937174e-005, -0.131725326, -0.991286251, 8.63230271e-005, -4.46719193e-005, -8.11456867e-005, -0.999999996, 0.991286167, -0.131725988, -1.25447928e-005, -0.131725987, -0.991286164, 8.02125304e-005, -2.30015543e-005, -7.78610966e-005, -0.999999997, 0, 0, 0, 0, 0, 0, 0, 0.30152207, -0.150055298, -0.180560669, 0.195707445, 0.323262353, -0.9258385, -0.977539063, 0.139038086, -0.158081055, 0.0776402961, 0.936052644, 0.34327318, 0, 0, -0, 0, 0, 0, 0, 0.336702246, -0.0952380859, -0.156310449, 0.250732103, 0.000457746624, -0.968028035, 0.17175293, -0.984008789, 0.0439453125, -0.952642848, -0.177192362, -0.246825729, 0, 1, 5, 1, 
701.931918, 49, 0.1, 0.1, 0.00708528804, 0.364905601, -0.0199702493, 0.991286646, -0.13172238, 7.70209563e-006, -0.131722379, -0.991286645, -3.77140557e-005, 1.26027697e-005, 3.63709014e-005, -0.999999999, 0.991286567, -0.131722976, -1.91529945e-005, -0.131722976, -0.991286567, -9.49270568e-006, -1.77356987e-005, 1.19328811e-005, -1, 0, 0, 0, 0, 0, 0, 0, 0.302835376, -0.151647363, -0.179775708, 0.195707445, 0.323262353, -0.9258385, -0.977539063, 0.139038086, -0.158081055, 0.0776402961, 0.936052644, 0.34327318, 0, 0, -0, 0, 0, 0, 0, 0.337346436, -0.0971128906, -0.155617529, 0.246904854, 0.00112125738, -0.968934716, 0.178100586, -0.982910156, 0.0443115234, -0.952431395, -0.183505245, -0.242870516, 0, 1, 5, 1, 
701.932618, 49, 0.1, 0.1, 0.00708529355, 0.364905592, -0.0199701589, 0.991287026, -0.131719522, 1.60017092e-005, -0.131719522, -0.991287026, -3.37715848e-006, 1.63071244e-005, 1.2399959e-006, -1, 0.991286951, -0.131720082, 3.10047941e-005, -0.131720081, -0.991286951, -3.19747438e-005, 3.49463636e-005, 2.76121923e-005, -0.999999999, 0, 0, 0, 0, 0, 0, 0, 0.302835376, -0.151647363, -0.179775708, 0.195707445, 0.323262353, -0.9258385, -0.977539063, 0.139038086, -0.158081055, 0.0776402961, 0.936052644, 0.34327318, 0, 0, -0, 0, 0, 0, 0, 0.337346436, -0.0971128906, -0.155617529, 0.246904854, 0.00112125738, -0.968934716, 0.178100586, -0.982910156, 0.0443115234, -0.952431395, -0.183505245, -0.242870516, 0, 1, 5, 1, 
701.933327, 49, 0.1, 0.1, 0.00708528926, 0.364905603, -0.0199698566, 0.991287372, -0.131716919, -1.58109732e-005, -0.131716917, -0.99128737, 6.07739513e-005, -2.36781756e-005, -5.81618778e-005, -0.999999998, 0.991287303, -0.131717431, -2.56213024e-005, -0.131717429, -0.991287301, 7.30970856e-005, -3.5026232e-005, -6.90854408e-005, -0.999999997, 0, 0, 0, 0, 0, 0, 0, 0.302835376, -0.151647363, -0.179775708, 0.195707445, 0.323262353, -0.9258385, -0.977539063, 0.139038086, -0.158081055, 0.0776402961, 0.936052644, 0.34327318, 0, 0, -0, 0, 0, 0, 0, 0.337346436, -0.0971128906, -0.155617529, 0.246904854, 0.00112125738, -0.968934716, 0.178100586, -0.982910156, 0.0443115234, -0.952431395, -0.183505245, -0.242870516, 0, 1, 5, 1, 
701.93411, 49, 0.1, 0.1, 0.00708529624, 0.364905593, -0.019968475, 0.991287668, -0.131714682, 3.92683953e-005, -0.131714678, -0.991287665, -9.44167563e-005, 5.13623489e-005, 8.84219422e-005, -0.999999995, 0.991287625, -0.131715001, 4.58258746e-005, -0.131714997, -0.991287624, -8.15969712e-005, 5.61741675e-005, 7.48501129e-005, -0.999999996, 0, 0, 0, 0, 0, 0, 0, 0.302835376, -0.151647363, -0.179775708, 0.195707445, 0.323262353, -0.9258385, -0.977539063, 0.139038086, -0.158081055, 0.0776402961, 0.936052644, 0.34327318, 0, 0, -0, 0, 0, 0, 0, 0.337346436, -0.0971128906, -0.155617529, 0.246904854, 0.00112125738, -0.968934716, 0.178100586, -0.982910156, 0.0443115234, -0.952431395, -0.183505245, -0.242870516, 0, 1, 5, 1, 
701.934811, 49, 0.1, 0.1, 0.0070852926, 0.364905582, -0.0199673431, 0.991287827, -0.131713485, -4.44880824e-005, -0.131713484, -0.991287828, 2.12670899e-005, -4.69016571e-005, -1.5222127e-005, -0.999999999, 0.991287807, -0.131713633, -4.14412817e-005, -0.131713634, -0.991287808, -2.00134006e-005, -3.84441996e-005, 2.52974219e-005, -0.999999999, 0, 0, 0, 0, 0, 0, 0, 0.302835376, -0.151647363, -0.179775708, 0.195707445, 0.323262353, -0.9258385, -0.977539063, 0.139038086, -0.158081055, 0.0776402961, 0.936052644, 0.34327318, 0, 0, -0, 0, 0, 0, 0, 0.337346436, -0.0971128906, -0.155617529, 0.246904854, 0.00112125738, -0.968934716, 0.178100586, -0.982910156, 0.0443115234, -0.952431395, -0.183505245, -0.242870516, 0, 1, 5, 1, 
701.935511, 49, 0.1, 0.1, 0.00708529273, 0.364905591, -0.0199669528, 0.991287864, -0.131713205, 4.54332961e-005, -0.131713207, -0.991287864, 3.2977868e-005, 4.06938543e-005, -3.86747255e-005, -0.999999998, 0.991287866, -0.131713199, 2.86380489e-005, -0.1317132, -0.991287864, 5.38638921e-005, 2.12939648e-005, -5.71666317e-005, -0.999999998, 0, 0, 0, 0, 0, 0, 0, 0.302835376, -0.151647363, -0.179775708, 0.195707445, 0.323262353, -0.9258385, -0.977539063, 0.139038086, -0.158081055, 0.0776402961, 0.936052644, 0.34327318, 0, 0, -0, 0, 0, 0, 0, 0.337346436, -0.0971128906, -0.155617529, 0.246904854, 0.00112125738, -0.968934716, 0.178100586, -0.982910156, 0.0443115234, -0.952431395, -0.183505245, -0.242870516, 0, 1, 5, 1, 
701.936272, 49, 0.1, 0.1, 0.00708529459, 0.36490558, -0.0199669155, 0.99128778, -0.131713836, -4.45225363e-005, -0.131713839, -0.991287779, -6.64492984e-005, -3.53823541e-005, 7.17346117e-005, -0.999999997, 0.991287808, -0.131713638, -9.41254064e-006, -0.131713639, -0.991287805, -7.13397776e-005, 6.58849044e-008, 7.19580117e-005, -0.999999997, 0, 0, 0, 0, 0, 0, 0, 0.303919946, -0.153437524, -0.179197144, 0.191103422, 0.332050671, -0.923690009, -0.978881836, 0.13269043, -0.154785156, 0.0712011696, 0.933795568, 0.350595592, 0, 0, -0, 0, 0, 0, 0, 0.337346436, -0.0971128906, -0.155617529, 0.243441811, 0.00195101239, -0.969911759, 0.183959961, -0.981811523, 0.0441894531, -0.952181662, -0.189064199, -0.239413669, 0, 1, 5, 1, 
701.936975, 49, 0.1, 0.1, 0.00708528368, 0.364905579, -0.0199673017, 0.991287604, -0.131715167, -1.88535227e-005, -0.131715165, -0.991287602, 6.64936436e-005, -2.74474847e-005, -6.34310298e-005, -0.999999998, 0.991287647, -0.131714839, -4.65158837e-005, -0.131714837, -0.991287647, 4.1437736e-005, -5.15685856e-005, -3.49498837e-005, -0.999999998, 0, 0, 0, 0, 0, 0, 0, 0.303919946, -0.153437524, -0.179197144, 0.191103422, 0.332050671, -0.923690009, -0.978881836, 0.13269043, -0.154785156, 0.0712011696, 0.933795568, 0.350595592, 0, 0, -0, 0, 0, 0, 0, 0.338015527, -0.099184082, -0.154716504, 0.243441811, 0.00195101239, -0.969911759, 0.183959961, -0.981811523, 0.0441894531, -0.952181662, -0.189064199, -0.239413669, 0, 1, 5, 1, 
701.937676, 49, 0.1, 0.1, 0.00708529073, 0.36490559, -0.0199683434, 0.991287348, -0.131717092, 3.40618717e-005, -0.131717093, -0.991287348, 2.20691613e-005, 3.08582167e-005, -2.63634111e-005, -0.999999999, 0.991287402, -0.131716682, 4.67880905e-005, -0.131716684, -0.991287402, 5.03032825e-005, 3.97546632e-005, -5.60277824e-005, -0.999999998, 0, 0, 0, 0, 0, 0, 0, 0.303919946, -0.153437524, -0.179197144, 0.191103422, 0.332050671, -0.923690009, -0.978881836, 0.13269043, -0.154785156, 0.0712011696, 0.933795568, 0.350595592, 0, 0, -0, 0, 0, 0, 0, 0.338015527, -0.099184082, -0.154716504, 0.243441811, 0.00195101239, -0.969911759, 0.183959961, -0.981811523, 0.0441894531, -0.952181662, -0.189064199, -0.239413669, 0, 1, 5, 1, 
701.938414, 49, 0.1, 0.1, 0.00708528403, 0.36490558, -0.0199694884, 0.991287042, -0.131719389, -4.61101118e-005, -0.131719391, -0.991287042, -4.48875044e-005, -3.97958017e-005, 5.05699973e-005, -0.999999998, 0.991287104, -0.131718921, -4.98547671e-005, -0.131718924, -0.991287104, -5.2416551e-005, -4.25161361e-005, 5.85266673e-005, -0.999999997, 0, 0, 0, 0, 0, 0, 0, 0.303919946, -0.153437524, -0.179197144, 0.191103422, 0.332050671, -0.923690009, -0.978881836, 0.13269043, -0.154785156, 0.0712011696, 0.933795568, 0.350595592, 0, 0, -0, 0, 0, 0, 0, 0.338015527, -0.099184082, -0.154716504, 0.243441811, 0.00195101239, -0.969911759, 0.183959961, -0.981811523, 0.0441894531, -0.952181662, -0.189064199, -0.239413669, 0, 1, 5, 1, 
701.939119, 49, 0.1, 0.1, 0.00708528766, 0.364905583, -0.0199701657, 0.991286766, -0.131721467, 5.97368601e-005, -0.131721471, -0.991286765, 5.96408396e-005, 5.13603799e-005, -6.69898021e-005, -0.999999996, 0.991286817, -0.131721083, 4.88695794e-005, -0.131721085, -0.991286817, 4.84485141e-005, 4.20620791e-005, -5.44635274e-005, -0.999999998, 0, 0, 0, 0, 0, 0, 0, 0.303919946, -0.153437524, -0.179197144, 0.191103422, 0.332050671, -0.923690009, -0.978881836, 0.13269043, -0.154785156, 0.0712011696, 0.933795568, 0.350595592, 0, 0, -0, 0, 0, 0, 0, 0.338015527, -0.099184082, -0.154716504, 0.243441811, 0.00195101239, -0.969911759, 0.183959961, -0.981811523, 0.0441894531, -0.952181662, -0.189064199, -0.239413669, 0, 1, 5, 1, 
701.939819, 49, 0.1, 0.1, 0.00708529205, 0.364905587, -0.0199705887, 0.991286534, -0.131723219, -2.10586511e-005, -0.13172322, -0.991286534, -2.35256444e-005, -1.77762836e-005, 2.60945678e-005, -1, 0.991286573, -0.131722928, -5.587864e-007, -0.131722928, -0.991286573, 1.06848324e-005, -1.96135487e-006, -1.05181259e-005, -1, 0, 0, 0, 0, 0, 0, 0, 0.303919946, -0.153437524, -0.179197144, 0.191103422, 0.332050671, -0.923690009, -0.978881836, 0.13269043, -0.154785156, 0.0712011696, 0.933795568, 0.350595592, 0, 0, -0, 0, 0, 0, 0, 0.338015527, -0.099184082, -0.154716504, 0.243441811, 0.00195101239, -0.969911759, 0.183959961, -0.981811523, 0.0441894531, -0.952181662, -0.189064199, -0.239413669, 0, 1, 5, 1, 
701.940527, 49, 0.1, 0.1, 0.00708528912, 0.364905574, -0.0199706623, 0.991286386, -0.131724335, 1.32591333e-005, -0.131724334, -0.991286385, -4.61360244e-005, 1.92208355e-005, 4.39874624e-005, -0.999999999, 0.99128641, -0.131724153, 5.334629e-007, -0.131724152, -0.991286409, -6.28503694e-005, 8.80772618e-006, 6.22324471e-005, -0.999999998, 0, 0, 0, 0, 0, 0, 0, 0.303919946, -0.153437524, -0.179197144, 0.191103422, 0.332050671, -0.923690009, -0.978881836, 0.13269043, -0.154785156, 0.0712011696, 0.933795568, 0.350595592, 0, 0, -0, 0, 0, 0, 0, 0.338015527, -0.099184082, -0.154716504, 0.243441811, 0.00195101239, -0.969911759, 0.183959961, -0.981811523, 0.0441894531, -0.952181662, -0.189064199, -0.239413669, 0, 1, 5, 1, 
701.941286, 49, 0.1, 0.1, 0.00708528915, 0.364905581, -0.0199696405, 0.991286325, -0.131724793, -1.02332452e-005, -0.131724792, -0.991286323, 6.63218084e-005, -1.88803025e-005, -6.43959296e-005, -0.999999998, 0.991286333, -0.131724736, -1.13884361e-005, -0.131724735, -0.991286331, 6.60734351e-005, -1.99927068e-005, -6.39975544e-005, -0.999999998, 0, 0, 0, 0, 0, 0, 0, 0.305642627, -0.154701855, -0.178357495, 0.186016007, 0.342406364, -0.920868287, -0.98046875, 0.124389648, -0.151855469, 0.062490358, 0.931290244, 0.359047295, 0, 0, -0, 0, 0, 0, 0, 0.339167725, -0.100815869, -0.153805713, 0.240438853, 0.00301700741, -0.970594959, 0.190795898, -0.98059082, 0.0441894531, -0.951638086, -0.195703007, -0.236416908, 0, 1, 5, 1, 
701.941987, 49, 0.1, 0.1, 0.00708529066, 0.364905579, -0.0199685992, 0.991286261, -0.131725278, -1.64410993e-006, -0.131725278, -0.991286259, -6.10110883e-005, 6.40691899e-006, 6.06960245e-005, -0.999999998, 0.991286282, -0.131725121, 1.2847808e-005, -0.13172512, -0.991286281, -3.66929475e-005, 1.75692387e-005, 3.46808364e-005, -0.999999999, 0, 0, 0, 0, 0, 0, 0, 0.305642627, -0.154701855, -0.178357495, 0.186016007, 0.342406364, -0.920868287, -0.98046875, 0.124389648, -0.151855469, 0.062490358, 0.931290244, 0.359047295, 0, 0, -0, 0, 0, 0, 0, 0.339167725, -0.100815869, -0.153805713, 0.240438853, 0.00301700741, -0.970594959, 0.190795898, -0.98059082, 0.0441894531, -0.951638086, -0.195703007, -0.236416908, 0, 1, 5, 1, 
701.942698, 49, 0.1, 0.1, 0.00708528622, 0.364905567, -0.0199679146, 0.991286131, -0.131726258, 3.52355205e-006, -0.131726258, -0.991286131, -1.76754827e-005, 5.82117348e-006, 1.70573165e-005, -1, 0.991286158, -0.131726051, -1.97815991e-005, -0.131726052, -0.991286157, -4.53282302e-005, -1.36383166e-005, 4.75389992e-005, -0.999999999, 0, 0, 0, 0, 0, 0, 0, 0.305642627, -0.154701855, -0.178357495, 0.186016007, 0.342406364, -0.920868287, -0.98046875, 0.124389648, -0.151855469, 0.062490358, 0.931290244, 0.359047295, 0, 0, -0, 0, 0, 0, 0, 0.339167725, -0.100815869, -0.153805713, 0.240438853, 0.00301700741, -0.970594959, 0.190795898, -0.98059082, 0.0441894531, -0.951638086, -0.195703007, -0.236416908, 0, 1, 5, 1, 
701.943836, 49, 0.1, 0.1, 0.00708529165, 0.364905591, -0.0199625795, 0.991286064, -0.131726759, 2.13407229e-005, -0.13172676, -0.991286061, 7.44549092e-005, 1.13470573e-005, -7.66172581e-005, -0.999999997, 0.99128607, -0.131726715, 8.14455505e-006, -0.131726715, -0.991286065, 0.00010035673, -5.14607847e-006, -0.000100555084, -0.999999995, 0, 0, 0, 0, 0, 0, 0, 0.305642627, -0.154701855, -0.178357495, 0.186016007, 0.342406364, -0.920868287, -0.98046875, 0.124389648, -0.151855469, 0.062490358, 0.931290244, 0.359047295, 0, 0, -0, 0, 0, 0, 0, 0.340568311, -0.102185352, -0.15289834, 0.2376149, 0.00525837237, -0.97125264, 0.199584961, -0.978759766, 0.0434570313, -0.950461983, -0.204182163, -0.233662951, 0, 1, 5, 1, 
701.944951, 49, 0.1, 0.1, 0.00708528769, 0.364905576, -0.019952565, 0.991286001, -0.131727235, -1.1643485e-005, -0.131727236, -0.991285999, -6.19079594e-005, -3.38705932e-006, 6.29022576e-005, -0.999999998, 0.991286006, -0.131727198, -9.7092193e-006, -0.131727199, -0.991286003, -7.75515593e-005, 5.91036456e-007, 7.81547438e-005, -0.999999997, 0, 0, 0, 0, 0, 0, 0, 0.305642627, -0.154701855, -0.178357495, 0.186016007, 0.342406364, -0.920868287, -0.98046875, 0.124389648, -0.151855469, 0.062490358, 0.931290244, 0.359047295, 0, 0, -0, 0, 0, 0, 0, 0.340568311, -0.102185352, -0.15289834, 0.2376149, 0.00525837237, -0.97125264, 0.199584961, -0.978759766, 0.0434570313, -0.950461983, -0.204182163, -0.233662951, 0, 1, 5, 1, 
701.946089, 49, 0.1, 0.1, 0.00708528796, 0.364905589, -0.0199427868, 0.991286044, -0.13172691, 5.37442213e-006, -0.13172691, -0.991286043, 4.9947021e-005, -1.25177707e-006, -5.02197409e-005, -0.999999999, 0.991286028, -0.131727032, -1.44066795e-005, -0.13172703, -0.991286025, 8.07349305e-005, -2.49161128e-005, -7.81336594e-005, -0.999999997, 0, 0, 0, 0, 0, 0, 0, 0.307792383, -0.155244214, -0.17749624, 0.180686335, 0.353808973, -0.917671759, -0.982055664, 0.113769531, -0.149536133, 0.0514696694, 0.928371921, 0.368304777, 0, 0, -0, 0, 0, 0, 0, 0.340568311, -0.102185352, -0.15289834, 0.2376149, 0.00525837237, -0.97125264, 0.199584961, -0.978759766, 0.0434570313, -0.950461983, -0.204182163, -0.233662951, 0, 1, 5, 1, 
701.947243, 49, 0.1, 0.1, 0.00708529548, 0.36490558, -0.0199370657, 0.991286126, -0.131726279, -6.51563716e-005, -0.131726278, -0.991286128, 1.44452661e-005, -6.64914284e-005, -5.73658548e-006, -0.999999998, 0.991286102, -0.131726474, 9.55683394e-006, -0.131726474, -0.991286102, 2.2022343e-006, 9.18346411e-006, -3.44193229e-006, -1, 0, 0, 0, 0, 0, 0, 0, 0.307792383, -0.155244214, -0.17749624, 0.180686335, 0.353808973, -0.917671759, -0.982055664, 0.113769531, -0.149536133, 0.0514696694, 0.928371921, 0.368304777, 0, 0, -0, 0, 0, 0, 0, 0.340568311, -0.102185352, -0.15289834, 0.2376149, 0.00525837237, -0.97125264, 0.199584961, -0.978759766, 0.0434570313, -0.950461983, -0.204182163, -0.233662951, 0, 1, 5, 1, 
701.948402, 49, 0.1, 0.1, 0.00708528246, 0.364905578, -0.0199382436, 0.991286265, -0.131725222, 8.73646619e-005, -0.13172522, -0.991286268, -3.01069006e-005, 9.05692279e-005, 1.83364277e-005, -0.999999996, 0.991286261, -0.131725277, -1.13061086e-005, -0.131725277, -0.991286261, 1.83142083e-005, -1.36200343e-005, -1.66653228e-005, -1, 0, 0, 0, 0, 0, 0, 0, 0.307792383, -0.155244214, -0.17749624, 0.173593457, 0.36759073, -0.913591945, -0.983764648, 0.104858398, -0.144775391, 0.0425821242, 0.924088042, 0.380017792, 0, 0, -0, 0, 0, 0, 0, 0.340568311, -0.102185352, -0.15289834, 0.231442742, 0.00870099349, -0.972702163, 0.208618164, -0.977050781, 0.0408935547, -0.950128762, -0.212412319, -0.228046395, 0, 1, 5, 1, 
701.94952, 49, 0.1, 0.1, 0.00708531664, 0.364905568, -0.0199447099, 0.991286386, -0.131724333, 1.38568142e-005, -0.131724332, -0.991286386, -2.16932645e-005, 1.6593602e-005, 1.96789582e-005, -1, 0.991286367, -0.131724449, 8.87197322e-005, -0.131724447, -0.991286371, -3.21888964e-005, 9.2186726e-005, 2.02218565e-005, -0.999999996, 0, 0, 0, 0, 0, 0, 0, 0.309188794, -0.155669141, -0.177698584, 0.173593457, 0.36759073, -0.913591945, -0.983764648, 0.104858398, -0.144775391, 0.0425821242, 0.924088042, 0.380017792, 0, 0, -0, 0, 0, 0, 0, 0.341283154, -0.103246875, -0.153099365, 0.231442742, 0.00870099349, -0.972702163, 0.208618164, -0.977050781, 0.0408935547, -0.950128762, -0.212412319, -0.228046395, 0, 1, 5, 1, 
701.950638, 49, 0.1, 0.1, 0.00708526939, 0.364905574, -0.0199535962, 0.991286454, -0.13172374, -0.00015200211, -0.131723735, -0.991286465, 3.92338833e-005, -0.000155845669, -1.88697313e-005, -0.999999988, 0.991286428, -0.1317239, -0.000180639807, -0.131723899, -0.991286444, 1.93037068e-005, -0.000181608552, 4.65907711e-006, -0.999999983, 0, 0, 0, 0, 0, 0, 0, 0.309188794, -0.155669141, -0.177698584, 0.173593457, 0.36759073, -0.913591945, -0.983764648, 0.104858398, -0.144775391, 0.0425821242, 0.924088042, 0.380017792, 0, 0, -0, 0, 0, 0, 0, 0.341283154, -0.103246875, -0.153099365, 0.231442742, 0.00870099349, -0.972702163, 0.208618164, -0.977050781, 0.0408935547, -0.950128762, -0.212412319, -0.228046395, 0, 1, 5, 1, 
701.951748, 49, 0.1, 0.1, 0.00708528003, 0.364905564, -0.0199607255, 0.991286452, -0.131723757, 0.000145568712, -0.131723747, -0.991286462, -7.32667283e-005, 0.000153951262, 5.34534589e-005, -0.999999987, 0.991286452, -0.131723792, 0.000109420388, -0.131723785, -0.991286457, -6.93665227e-005, 0.00011760417, 5.43488265e-005, -0.999999992, 0, 0, 0, 0, 0, 0, 0, 0.309188794, -0.155669141, -0.177698584, 0.173593457, 0.36759073, -0.913591945, -0.983764648, 0.104858398, -0.144775391, 0.0425821242, 0.924088042, 0.380017792, 0, 0, -0, 0, 0, 0, 0, 0.341283154, -0.103246875, -0.153099365, 0.231442742, 0.00870099349, -0.972702163, 0.208618164, -0.977050781, 0.0408935547, -0.950128762, -0.212412319, -0.228046395, 0, 1, 5, 1, 
701.95286, 49, 0.1, 0.1, 0.00708531183, 0.364905568, -0.0199632602, 0.991286587, -0.131722826, 3.94425964e-006, -0.131722826, -0.991286583, 8.13340044e-005, -6.80365326e-006, -8.11448566e-005, -0.999999997, 0.991286535, -0.131723196, 7.37636405e-005, -0.131723201, -0.991286535, 6.59855469e-005, 6.44290764e-005, -7.5126967e-005, -0.999999995, 0, 0, 0, 0, 0, 0, 0, 0.309188794, -0.155669141, -0.177698584, 0.173593457, 0.36759073, -0.913591945, -0.983764648, 0.104858398, -0.144775391, 0.0425821242, 0.924088042, 0.380017792, 0, 0, -0, 0, 0, 0, 0, 0.341283154, -0.103246875, -0.153099365, 0.231442742, 0.00870099349, -0.972702163, 0.208618164, -0.977050781, 0.0408935547, -0.950128762, -0.212412319, -0.228046395, 0, 1, 5, 1, 
701.954043, 49, 0.1, 0.1, 0.00708528728, 0.364905567, -0.019958941, 0.991287013, -0.131719609, -4.0488575e-005, -0.131719611, -0.991287012, -5.39962034e-005, -3.30234397e-005, 5.88588746e-005, -0.999999998, 0.991286913, -0.131720343, -8.05184207e-005, -0.131720347, -0.991286915, -4.19993022e-005, -7.42846944e-005, 5.22392729e-005, -0.999999996, 0, 0, 0, 0, 0, 0, 0, 0.310566162, -0.156098096, -0.177893481, 0.166094694, 0.381315198, -0.909372468, -0.985351563, 0.0961914062, -0.139648437, 0.0342532327, 0.919442461, 0.391832278, 0, 0, -0, 0, 0, 0, 0, 0.342534326, -0.104358447, -0.152859277, 0.22643356, 0.0116004057, -0.973928205, 0.218261719, -0.974975586, 0.0391845703, -0.949182335, -0.221313281, -0.223388291, 0, 1, 5, 1, 
701.955149, 49, 0.1, 0.1, 0.00708530251, 0.364905575, -0.019951775, 0.99128762, -0.13171505, 2.60216339e-005, -0.131715052, -0.991287616, 8.45526973e-005, 1.46580606e-005, -8.72434829e-005, -0.999999996, 0.991287483, -0.131716066, 6.42770825e-005, -0.131716071, -0.991287481, 7.61972721e-005, 5.36806623e-005, -8.39997268e-005, -0.999999995, 0, 0, 0, 0, 0, 0, 0, 0.310566162, -0.156098096, -0.177893481, 0.166094694, 0.381315198, -0.909372468, -0.985351563, 0.0961914062, -0.139648437, 0.0342532327, 0.919442461, 0.391832278, 0, 0, -0, 0, 0, 0, 0, 0.342534326, -0.104358447, -0.152859277, 0.22643356, 0.0116004057, -0.973928205, 0.218261719, -0.974975586, 0.0391845703, -0.949182335, -0.221313281, -0.223388291, 0, 1, 5, 1, 
701.956265, 49, 0.1, 0.1, 0.00708528448, 0.364905563, -0.0199453205, 0.99128843, -0.13170895, -1.6280088e-005, -0.131708951, -0.991288425, -0.000107805492, -1.93931469e-006, 0.00010901057, -0.999999994, 0.991288247, -0.131710312, -6.5915601e-005, -0.131710318, -0.991288244, -9.23793296e-005, -5.317405e-005, 0.000100256308, -0.999999994, 0, 0, 0, 0, 0, 0, 0, 0.310566162, -0.156098096, -0.177893481, 0.166094694, 0.381315198, -0.909372468, -0.985351563, 0.0961914062, -0.139648437, 0.0342532327, 0.919442461, 0.391832278, 0, 0, -0, 0, 0, 0, 0, 0.342534326, -0.104358447, -0.152859277, 0.22643356, 0.0116004057, -0.973928205, 0.218261719, -0.974975586, 0.0391845703, -0.949182335, -0.221313281, -0.223388291, 0, 1, 5, 1, 
701.957386, 49, 0.1, 0.1, 0.00708531362, 0.364905564, -0.0199421812, 0.991289475, -0.131701076, 5.73309681e-005, -0.131701081, -0.991289472, 9.12400678e-005, 4.481517e-005, -9.79958694e-005, -0.999999994, 0.991289243, -0.131702788, 0.000109536979, -0.131702796, -0.991289246, 7.11223728e-005, 9.92158148e-005, -8.49291695e-005, -0.999999991, 0, 0, 0, 0, 0, 0, 0, 0.310566162, -0.156098096, -0.177893481, 0.166094694, 0.381315198, -0.909372468, -0.985351563, 0.0961914062, -0.139648437, 0.0342532327, 0.919442461, 0.391832278, 0, 0, -0, 0, 0, 0, 0, 0.342534326, -0.104358447, -0.152859277, 0.22643356, 0.0116004057, -0.973928205, 0.218261719, -0.974975586, 0.0391845703, -0.949182335, -0.221313281, -0.223388291, 0, 1, 5, 1, 
701.958463, 49, 0.1, 0.1, 0.00708529018, 0.364905558, -0.0199428703, 0.991290703, -0.131691829, -6.24321745e-005, -0.131691834, -0.9912907, -9.37731054e-005, -4.95392822e-005, 0.000101178215, -0.999999994, 0.991290528, -0.131693134, -9.21482078e-005, -0.131693142, -0.991290527, -8.48480186e-005, -8.01717441e-005, 9.62443241e-005, -0.999999992, 0, 0, 0, 0, 0, 0, 0, 0.31171687, -0.156318701, -0.17785293, 0.158513555, 0.39476034, -0.904911855, -0.986938477, 0.0876464844, -0.134643555, 0.0261845721, 0.914593937, 0.403608571, 0, 0, -0, 0, 0, 0, 0, 0.343367334, -0.104782227, -0.152840967, 0.221763063, 0.0149150621, -0.974981807, 0.228149414, -0.97277832, 0.0369873047, -0.947954826, -0.230661571, -0.219203034, 0, 1, 5, 1, 
701.959169, 49, 0.1, 0.1, 0.00708530526, 0.364905556, -0.0199497368, 0.991291563, -0.131685305, 0.000129282844, -0.131685317, -0.991291567, 8.60911355e-005, 0.000116820055, -0.000102366069, -0.999999988, 0.991291386, -0.131686646, 0.000122899496, -0.131686652, -0.991291392, 4.29900682e-005, 0.000116167995, -5.87999075e-005, -0.999999992, 0, 0, 0, 0, 0, 0, 0, 0.31171687, -0.156318701, -0.17785293, 0.158513555, 0.39476034, -0.904911855, -0.986938477, 0.0876464844, -0.134643555, 0.0261845721, 0.914593937, 0.403608571, 0, 0, -0, 0, 0, 0, 0, 0.343367334, -0.104782227, -0.152840967, 0.221763063, 0.0149150621, -0.974981807, 0.228149414, -0.97277832, 0.0369873047, -0.947954826, -0.230661571, -0.219203034, 0, 1, 5, 1, 
701.959878, 49, 0.1, 0.1, 0.00708531214, 0.364905576, -0.019961729, 0.991292475, -0.131678493, -5.09290042e-005, -0.131678489, -0.991292474, 7.90148275e-005, -6.0890092e-005, -7.16205496e-005, -0.999999996, 0.991292293, -0.131679879, -8.48878292e-006, -0.131679877, -0.991292287, 0.000109517058, -2.28360579e-005, -0.000107445614, -0.999999994, 0, 0, 0, 0, 0, 0, 0, 0.31171687, -0.156318701, -0.17785293, 0.158513555, 0.39476034, -0.904911855, -0.986938477, 0.0876464844, -0.134643555, 0.0261845721, 0.914593937, 0.403608571, 0, 0, -0, 0, 0, 0, 0, 0.343367334, -0.104782227, -0.152840967, 0.221763063, 0.0149150621, -0.974981807, 0.228149414, -0.97277832, 0.0369873047, -0.947954826, -0.230661571, -0.219203034, 0, 1, 5, 1, 
701.960642, 49, 0.1, 0.1, 0.00708528964, 0.364905561, -0.0199753559, 0.99129354, -0.131670452, -9.39687075e-005, -0.131670464, -0.991293534, -0.000134530832, -7.54368367e-005, 0.000145732448, -0.999999987, 0.991293341, -0.13167194, -0.000107611986, -0.131671952, -0.991293339, -0.000111695955, -9.19678223e-005, 0.000124892937, -0.999999988, 0, 0, 0, 0, 0, 0, 0, 0.312642383, -0.156548096, -0.177361133, 0.150938407, 0.408046722, -0.900349772, -0.98828125, 0.0782470703, -0.130126953, 0.0173734109, 0.909523374, 0.415245202, 0, 0, -0, 0, 0, 0, 0, 0.344162256, -0.105226025, -0.152590869, 0.216460039, 0.0180124348, -0.976099208, 0.238525391, -0.970458984, 0.0350341797, -0.946548313, -0.240278183, -0.21441077, 0, 1, 5, 1, 
701.961348, 49, 0.1, 0.1, 0.00708528612, 0.364905533, -0.0199846463, 0.991294514, -0.131663153, 3.37919578e-005, -0.131663148, -0.991294509, -0.000112338161, 4.82885788e-005, 0.000106911048, -0.999999993, 0.991294321, -0.131664609, 1.13740465e-005, -0.131664606, -0.991294312, -0.000132621865, 2.87366336e-005, 0.000129969743, -0.999999991, 0, 0, 0, 0, 0, 0, 0, 0.312642383, -0.156548096, -0.177361133, 0.150938407, 0.408046722, -0.900349772, -0.98828125, 0.0782470703, -0.130126953, 0.0173734109, 0.909523374, 0.415245202, 0, 0, -0, 0, 0, 0, 0, 0.344162256, -0.105226025, -0.152590869, 0.216460039, 0.0180124348, -0.976099208, 0.238525391, -0.970458984, 0.0350341797, -0.946548313, -0.240278183, -0.21441077, 0, 1, 5, 1, 
701.962063, 49, 0.1, 0.1, 0.00708529989, 0.364905529, -0.0199886535, 0.991295501, -0.131655705, 7.60791672e-005, -0.131655709, -0.991295502, 5.17585316e-005, 6.86026302e-005, -6.13242562e-005, -0.999999996, 0.991295308, -0.131657151, 7.83110667e-005, -0.131657153, -0.991295311, 1.9701209e-005, 7.50355882e-005, -2.98399282e-005, -0.999999997, 0, 0, 0, 0, 0, 0, 0, 0.312642383, -0.156548096, -0.177361133, 0.150938407, 0.408046722, -0.900349772, -0.98828125, 0.0782470703, -0.130126953, 0.0173734109, 0.909523374, 0.415245202, 0, 0, -0, 0, 0, 0, 0, 0.344162256, -0.105226025, -0.152590869, 0.216460039, 0.0180124348, -0.976099208, 0.238525391, -0.970458984, 0.0350341797, -0.946548313, -0.240278183, -0.21441077, 0, 1, 5, 1, 
701.9628, 49, 0.1, 0.1, 0.00708530729, 0.364905552, -0.0199862966, 0.99129651, -0.13164813, -1.16481711e-006, -0.131648129, -0.991296501, 0.000129617473, -1.82185771e-005, -0.000128336003, -0.999999992, 0.991296307, -0.131649651, 2.20017374e-005, -0.131649652, -0.991296299, 0.000127675415, 5.00181712e-006, -0.000129460688, -0.999999992, 0, 0, 0, 0, 0, 0, 0, 0.312642383, -0.156548096, -0.177361133, 0.150938407, 0.408046722, -0.900349772, -0.98828125, 0.0782470703, -0.130126953, 0.0173734109, 0.909523374, 0.415245202, 0, 0, -0, 0, 0, 0, 0, 0.344162256, -0.105226025, -0.152590869, 0.216460039, 0.0180124348, -0.976099208, 0.238525391, -0.970458984, 0.0350341797, -0.946548313, -0.240278183, -0.21441077, 0, 1, 5, 1, 
701.963502, 49, 0.1, 0.1, 0.00708530031, 0.364905568, -0.0199791514, 0.991297433, -0.13164117, -4.16891269e-005, -0.131641169, -0.991297434, 2.47559821e-005, -4.45852309e-005, -1.90525361e-005, -0.999999999, 0.99129725, -0.131642545, -4.41796772e-005, -0.131642542, -0.99129725, 6.09772625e-005, -5.18223945e-005, -5.46306677e-005, -0.999999997, 0, 0, 0, 0, 0, 0, 0, 0.312642383, -0.156548096, -0.177361133, 0.150938407, 0.408046722, -0.900349772, -0.98828125, 0.0782470703, -0.130126953, 0.0173734109, 0.909523374, 0.415245202, 0, 0, -0, 0, 0, 0, 0, 0.344162256, -0.105226025, -0.152590869, 0.216460039, 0.0180124348, -0.976099208, 0.238525391, -0.970458984, 0.0350341797, -0.946548313, -0.240278183, -0.21441077, 0, 1, 5, 1, 
701.964203, 49, 0.1, 0.1, 0.00708530235, 0.364905554, -0.0199698745, 0.991298343, -0.131634315, 4.09283056e-005, -0.131634311, -0.991298341, -8.88431945e-005, 5.22669744e-005, 8.26825423e-005, -0.999999995, 0.991298167, -0.131635642, 3.10845791e-005, -0.131635639, -0.991298164, -8.94186145e-005, 4.2584763e-005, 8.45486703e-005, -0.999999996, 0, 0, 0, 0, 0, 0, 0, 0.312642383, -0.156548096, -0.177361133, 0.150938407, 0.408046722, -0.900349772, -0.98828125, 0.0782470703, -0.130126953, 0.0173734109, 0.909523374, 0.415245202, 0, 0, -0, 0, 0, 0, 0, 0.344162256, -0.105226025, -0.152590869, 0.216460039, 0.0180124348, -0.976099208, 0.238525391, -0.970458984, 0.0350341797, -0.946548313, -0.240278183, -0.21441077, 0, 1, 5, 1, 
701.96492, 49, 0.1, 0.1, 0.00708530458, 0.364905554, -0.0199612289, 0.99129921, -0.131627795, -2.52970296e-005, -0.131627793, -0.991299207, 7.69455404e-005, -3.52050972e-005, -7.29462612e-005, -0.999999997, 0.991299033, -0.13162913, -8.22226811e-006, -0.13162913, -0.991299032, 3.96734543e-005, -1.33729087e-005, -3.82459668e-005, -0.999999999, 0, 0, 0, 0, 0, 0, 0, 0.312642383, -0.156548096, -0.177361133, 0.150938407, 0.408046722, -0.900349772, -0.98828125, 0.0782470703, -0.130126953, 0.0173734109, 0.909523374, 0.415245202, 0, 0, -0, 0, 0, 0, 0, 0.344162256, -0.105226025, -0.152590869, 0.216460039, 0.0180124348, -0.976099208, 0.238525391, -0.970458984, 0.0350341797, -0.946548313, -0.240278183, -0.21441077, 0, 1, 5, 1, 
701.965669, 49, 0.1, 0.1, 0.0070853041, 0.364905567, -0.0199548926, 0.991299991, -0.131621912, 3.19632067e-005, -0.131621912, -0.991299991, -8.92927179e-007, 3.18026553e-005, -3.32189968e-006, -0.999999999, 0.99129986, -0.131622899, 2.15656442e-005, -0.1316229, -0.991299859, 4.40731903e-005, 1.5576979e-005, -4.652828e-005, -0.999999999, 0, 0, 0, 0, 0, 0, 0, 0.313533716, -0.157009521, -0.177085132, 0.142539505, 0.421174345, -0.895648024, -0.989624023, 0.0708007812, -0.124145508, 0.0111645583, 0.904230773, 0.426983304, 0, 0, -0, 0, 0, 0, 0, 0.344752002, -0.106431836, -0.152110937, 0.211572259, 0.0192315477, -0.977082447, 0.246826172, -0.968383789, 0.0344238281, -0.945589127, -0.248373811, -0.209727146, 0, 1, 5, 1, 
701.966371, 49, 0.1, 0.1, 0.00708530218, 0.364905548, -0.0199536368, 0.991300516, -0.131617959, -2.97902196e-005, -0.131617961, -0.991300511, -9.4917332e-005, -1.70382345e-005, 9.80125281e-005, -0.999999995, 0.991300422, -0.131618659, -3.41046158e-005, -0.131618661, -0.991300417, -0.000108715795, -1.94988928e-005, 0.000112258817, -0.999999994, 0, 0, 0, 0, 0, 0, 0, 0.313533716, -0.157009521, -0.177085132, 0.142539505, 0.421174345, -0.895648024, -0.989624023, 0.0708007812, -0.124145508, 0.0111645583, 0.904230773, 0.426983304, 0, 0, -0, 0, 0, 0, 0, 0.344752002, -0.106431836, -0.152110937, 0.211572259, 0.0192315477, -0.977082447, 0.246826172, -0.968383789, 0.0344238281, -0.945589127, -0.248373811, -0.209727146, 0, 1, 5, 1, 
701.967074, 49, 0.1, 0.1, 0.00708530826, 0.364905552, -0.0199572112, 0.991300974, -0.131614502, 3.89821993e-005, -0.131614505, -0.99130097, 9.1148789e-005, 2.66465895e-005, -9.54865062e-005, -0.999999995, 0.991300877, -0.131615228, 4.98457276e-005, -0.131615232, -0.991300876, 6.62784599e-005, 4.06888588e-005, -7.22623524e-005, -0.999999997, 0, 0, 0, 0, 0, 0, 0, 0.313533716, -0.157009521, -0.177085132, 0.142539505, 0.421174345, -0.895648024, -0.989624023, 0.0708007812, -0.124145508, 0.0111645583, 0.904230773, 0.426983304, 0, 0, -0, 0, 0, 0, 0, 0.344752002, -0.106431836, -0.152110937, 0.211572259, 0.0192315477, -0.977082447, 0.246826172, -0.968383789, 0.0344238281, -0.945589127, -0.248373811, -0.209727146, 0, 1, 5, 1, 
701.967817, 49, 0.1, 0.1, 0.0070853092, 0.364905565, -0.0199641559, 0.991301505, -0.131610508, 1.51019396e-005, -0.131610508, -0.991301505, -4.23636975e-006, 1.55281262e-005, 2.21194577e-006, -1, 0.991301405, -0.131611265, -1.83782273e-007, -0.131611265, -0.991301404, 4.09899502e-005, -5.57692283e-006, -4.06092074e-005, -0.999999999, 0, 0, 0, 0, 0, 0, 0, 0.313533716, -0.157009521, -0.177085132, 0.142539505, 0.421174345, -0.895648024, -0.989624023, 0.0708007812, -0.124145508, 0.0111645583, 0.904230773, 0.426983304, 0, 0, -0, 0, 0, 0, 0, 0.344752002, -0.106431836, -0.152110937, 0.211572259, 0.0192315477, -0.977082447, 0.246826172, -0.968383789, 0.0344238281, -0.945589127, -0.248373811, -0.209727146, 0, 1, 5, 1, 
701.968526, 49, 0.1, 0.1, 0.00708530989, 0.364905555, -0.0199716342, 0.99130194, -0.131607234, -1.88674454e-005, -0.131607234, -0.991301939, -3.98180861e-005, -1.3462987e-005, 4.19548383e-005, -0.999999999, 0.991301863, -0.131607812, -1.14960924e-005, -0.131607813, -0.991301862, -5.42233236e-005, -4.25988476e-006, 5.52646573e-005, -0.999999998, 0, 0, 0, 0, 0, 0, 0, 0.313533716, -0.157009521, -0.177085132, 0.142539505, 0.421174345, -0.895648024, -0.989624023, 0.0708007812, -0.124145508, 0.0111645583, 0.904230773, 0.426983304, 0, 0, -0, 0, 0, 0, 0, 0.344752002, -0.106431836, -0.152110937, 0.211572259, 0.0192315477, -0.977082447, 0.246826172, -0.968383789, 0.0344238281, -0.945589127, -0.248373811, -0.209727146, 0, 1, 5, 1, 
