time, trialNum, realDorsalTactorPos, realVentralTactorPos, boxPosX, boxPosY, boxPosZ, boxLocalRot_11, boxLocalRot_12, boxLocalRot_13, boxLocalRot_21, boxLocalRot_22, boxLocalRot_23, boxLocalRot_31, boxLocalRot_32, boxLocalRot_33, boxGlobalRot_11, boxGlobalRot_12, boxGlobalRot_13, boxGlobalRot_21, boxGlobalRot_22, boxGlobalRot_23, boxGlobalRot_31, boxGlobalRot_32, boxGlobalRot_33, indexForceX, indexForceY, indexForceZ, indexForceGlobalX, indexForceGlobalY, indexForceGlobalZ, indexContact, indexPosX, indexPosY, indexPosZ, indexRot_11, indexRot_12, indexRot_13, indexRot_21, indexRot_22, indexRot_23, indexRot_31, indexRot_32, indexRot_33, thumbForceX, thumbForceY, thumbForceZ, thumbForceGlobalX, thumbForceGlobalY, thumbForceGlobalZ, thumbContact, thumbPosX, thumbPosY, thumbPosZ, thumbRot_11, thumbRot_12, thumbRot_13, thumbRot_21, thumbRot_22, thumbRot_23, thumbRot_31, thumbRot_32, thumbRot_33, manipForceTooHigh, cceExpType, mapping, trialSuccess, 
240.489514, 15, 0.1, 0.1, 0.0221868215, 0.363832042, -0.0199777248, 0.996868768, 1.88749554e-006, -0.0790737581, 0.0790737581, -2.41970032e-006, 0.996868768, 1.69025056e-006, -1, -2.56137505e-006, 0.996868764, 1.19007068e-005, -0.0790738149, 0.079073815, -5.76329466e-006, 0.996868764, 1.14077172e-005, -1, -6.68628271e-006, 0, 0, 0, 0, 0, 0, 0, 0.344847339, -0.174908252, -0.130011353, -0.630326928, 0.664806435, -0.400762062, -0.752197266, -0.395385742, 0.527099609, 0.191909969, 0.63366118, 0.74940971, 0, 0, 0, 0, 0, 0, 0, 0.357238672, -0.15693833, -0.105853906, -0.644587613, 0.275840295, -0.713007225, 0.32019043, -0.749389648, -0.579467773, -0.694227679, -0.601782803, 0.394673529, 0, 1, 1, 1, 
240.522502, 15, 0.1, 0.1, 0.022186825, 0.363832034, -0.0199658786, 0.996867355, 2.26202675e-006, -0.0790915743, 0.0790915743, -3.99126148e-006, 0.996867355, 1.93926547e-006, -1, -4.15766553e-006, 0.996867356, -5.75967776e-006, -0.0790915615, 0.0790915615, 3.24666626e-006, 0.996867356, -5.48485083e-006, -1, 3.69203751e-006, 0, 0, 0, 0, 0, 0, 0, 0.342973926, -0.175997656, -0.126598706, -0.642085247, 0.659900241, -0.39003044, -0.741577148, -0.405639648, 0.534179688, 0.194143079, 0.632337182, 0.750058235, 0, 0, 0, 0, 0, 0, 0, 0.357088037, -0.156756006, -0.10208916, -0.648414128, 0.27341153, -0.710412949, 0.322875977, -0.746337891, -0.58190918, -0.689351926, -0.606702299, 0.395682655, 0, 1, 1, 1, 
240.523262, 15, 0.1, 0.1, 0.0221868245, 0.363832035, -0.0199618917, 0.996867348, -1.59563249e-005, -0.079091662, 0.0790916617, -1.57669539e-005, 0.996867348, -1.71533739e-005, -1, -1.44555492e-005, 0.996867351, -1.52817388e-005, -0.0790916236, 0.0790916237, 5.30287698e-006, 0.996867351, -1.48144533e-005, -1, 6.49492246e-006, 0, 0, 0, 0, 0, 0, 0, 0.342640234, -0.177198682, -0.126976709, -0.640109742, 0.662679283, -0.388685102, -0.74230957, -0.402954102, 0.53527832, 0.198032316, 0.631155473, 0.749968746, 0, 0, 0, 0, 0, 0, 0, 0.356799365, -0.157519678, -0.102612891, -0.648842499, 0.278114476, -0.708202201, 0.318237305, -0.74609375, -0.584594727, -0.691115347, -0.604735087, 0.395669528, 0, 1, 1, 1, 
240.523959, 15, 0.1, 0.1, 0.0221868269, 0.363832036, -0.0199604674, 0.99686731, -1.72517151e-006, -0.0790921373, 0.0790921373, 3.9558693e-005, 0.996867309, 1.40901451e-006, -0.999999999, 3.95712154e-005, 0.996867321, 1.58289121e-005, -0.0790919964, 0.079091996, 2.68580429e-005, 0.996867321, 1.79035814e-005, -1, 2.55219651e-005, 0, 0, 0, 0, 0, 0, 0, 0.342640234, -0.177198682, -0.126976709, -0.640109742, 0.662679283, -0.388685102, -0.74230957, -0.402954102, 0.53527832, 0.198032316, 0.631155473, 0.749968746, 0, 0, 0, 0, 0, 0, 0, 0.356799365, -0.157519678, -0.102612891, -0.648842499, 0.278114476, -0.708202201, 0.318237305, -0.74609375, -0.584594727, -0.691115347, -0.604735087, 0.395669528, 0, 1, 1, 1, 
240.524687, 15, 0.1, 0.1, 0.0221868217, 0.363832034, -0.0199617085, 0.996867223, -4.3034876e-007, -0.0790932367, 0.0790932365, -5.69452154e-005, 0.996867221, -4.93298197e-006, -0.999999998, -5.6732781e-005, 0.996867243, -2.51196994e-005, -0.079092973, 0.079092972, -3.87163721e-005, 0.996867243, -2.81031985e-005, -0.999999999, -3.66082915e-005, 0, 0, 0, 0, 0, 0, 0, 0.342640234, -0.177198682, -0.126976709, -0.640109742, 0.662679283, -0.388685102, -0.74230957, -0.402954102, 0.53527832, 0.198032316, 0.631155473, 0.749968746, 0, 0, 0, 0, 0, 0, 0, 0.356799365, -0.157519678, -0.102612891, -0.648842499, 0.278114476, -0.708202201, 0.318237305, -0.74609375, -0.584594727, -0.691115347, -0.604735087, 0.395669528, 0, 1, 1, 1, 
240.525393, 15, 0.1, 0.1, 0.0221868319, 0.363832029, -0.0199649147, 0.996867089, 3.56079712e-005, -0.0790949156, 0.0790949145, 3.23233207e-005, 0.996867089, 3.80530249e-005, -0.999999999, 2.94056451e-005, 0.996867117, 5.47763467e-005, -0.0790945506, 0.0790945509, -4.46198837e-006, 0.996867119, 5.42518199e-005, -0.999999998, -8.78052002e-006, 0, 0, 0, 0, 0, 0, 0, 0.342640234, -0.177198682, -0.126976709, -0.640109742, 0.662679283, -0.388685102, -0.74230957, -0.402954102, 0.53527832, 0.198032316, 0.631155473, 0.749968746, 0, 0, 0, 0, 0, 0, 0, 0.356799365, -0.157519678, -0.102612891, -0.648842499, 0.278114476, -0.708202201, 0.318237305, -0.74609375, -0.584594727, -0.691115347, -0.604735087, 0.395669528, 0, 1, 1, 1, 
240.526142, 15, 0.1, 0.1, 0.0221868221, 0.363832041, -0.0199689189, 0.996866891, -7.63837127e-005, -0.0790973814, 0.0790973846, 3.96441404e-005, 0.996866893, -7.30086467e-005, -0.999999996, 4.55616829e-005, 0.996866929, -7.676668e-005, -0.079096902, 0.0790969066, 5.87170846e-005, 0.99686693, -7.18818252e-005, -0.999999995, 6.46051267e-005, 0, 0, 0, 0, 0, 0, 0, 0.342536743, -0.178448657, -0.126556592, -0.637900214, 0.664424515, -0.38916138, -0.743530273, -0.399902344, 0.535766602, 0.200277792, 0.631249832, 0.74930263, 0, 0, 0, 0, 0, 0, 0, 0.356381689, -0.158111377, -0.102155176, -0.64759057, 0.281916571, -0.707735917, 0.315063477, -0.746582031, -0.585693359, -0.693684104, -0.602371588, 0.394736595, 0, 1, 1, 1, 
240.526849, 15, 0.1, 0.1, 0.0221868214, 0.363832034, -0.0199724221, 0.996866678, 5.36240056e-005, -0.0791000826, 0.0791000857, -5.91979818e-005, 0.996866678, 4.8773419e-005, -0.999999997, -6.32541589e-005, 0.996866724, 2.75470237e-005, -0.0790995131, 0.0790995146, -5.72952736e-005, 0.996866723, 2.2928683e-005, -0.999999998, -5.92947079e-005, 0, 0, 0, 0, 0, 0, 0, 0.342536743, -0.178448657, -0.126556592, -0.637900214, 0.664424515, -0.38916138, -0.743530273, -0.399902344, 0.535766602, 0.200277792, 0.631249832, 0.74930263, 0, 0, 0, 0, 0, 0, 0, 0.356381689, -0.158111377, -0.102155176, -0.64759057, 0.281916571, -0.707735917, 0.315063477, -0.746582031, -0.585693359, -0.693684104, -0.602371588, 0.394736595, 0, 1, 1, 1, 
240.527547, 15, 0.1, 0.1, 0.022186834, 0.363832031, -0.0199748294, 0.996866443, 3.32655433e-005, -0.0791030529, 0.079103052, 2.54209208e-005, 0.996866444, 3.51721763e-005, -0.999999999, 2.27098569e-005, 0.99686649, 5.53083406e-005, -0.0791024477, 0.0791024473, 8.62068737e-006, 0.996866492, 5.5816949e-005, -0.999999998, 4.21864927e-006, 0, 0, 0, 0, 0, 0, 0, 0.342536743, -0.178448657, -0.126556592, -0.637900214, 0.664424515, -0.38916138, -0.743530273, -0.399902344, 0.535766602, 0.200277792, 0.631249832, 0.74930263, 0, 0, 0, 0, 0, 0, 0, 0.356381689, -0.158111377, -0.102155176, -0.64759057, 0.281916571, -0.707735917, 0.315063477, -0.746582031, -0.585693359, -0.693684104, -0.602371588, 0.394736595, 0, 1, 1, 1, 
240.528277, 15, 0.1, 0.1, 0.0221868244, 0.363832034, -0.0199752798, 0.996866162, -7.96019174e-005, -0.079106563, 0.0791065622, -1.33965323e-005, 0.996866165, -8.04122118e-005, -0.999999997, -7.05751574e-006, 0.996866217, -7.58092978e-005, -0.0791058784, 0.0791058791, 7.14115715e-006, 0.99686622, -7.50068206e-005, -0.999999997, 1.31157395e-005, 0, 0, 0, 0, 0, 0, 0, 0.342536743, -0.178448657, -0.126556592, -0.637900214, 0.664424515, -0.38916138, -0.743530273, -0.399902344, 0.535766602, 0.200277792, 0.631249832, 0.74930263, 0, 0, 0, 0, 0, 0, 0, 0.356381689, -0.158111377, -0.102155176, -0.64759057, 0.281916571, -0.707735917, 0.315063477, -0.746582031, -0.585693359, -0.693684104, -0.602371588, 0.394736595, 0, 1, 1, 1, 
240.528975, 15, 0.1, 0.1, 0.0221868184, 0.36383203, -0.0199739487, 0.99686589, 2.22217703e-005, -0.0791100284, 0.0791100282, 1.10279759e-005, 0.99686589, 2.30245483e-005, -1, 9.23544812e-006, 0.996865945, -1.26846312e-005, -0.0791093366, 0.0791093365, -1.07627336e-005, 0.996865945, -1.34963096e-005, -1, -9.72552983e-006, 0, 0, 0, 0, 0, 0, 0, 0.342536743, -0.178448657, -0.126556592, -0.637900214, 0.664424515, -0.38916138, -0.743530273, -0.399902344, 0.535766602, 0.200277792, 0.631249832, 0.74930263, 0, 0, 0, 0, 0, 0, 0, 0.356381689, -0.158111377, -0.102155176, -0.64759057, 0.281916571, -0.707735917, 0.315063477, -0.746582031, -0.585693359, -0.693684104, -0.602371588, 0.394736595, 0, 1, 1, 1, 
240.529669, 15, 0.1, 0.1, 0.0221868309, 0.363832033, -0.0199714975, 0.99686565, 5.32494026e-005, -0.0791130335, 0.0791130345, -1.68285078e-005, 0.996865652, 5.17511461e-005, -0.999999998, -2.09884832e-005, 0.996865693, 6.6021191e-005, -0.0791124877, 0.0791124874, 6.14334841e-006, 0.996865695, 6.6300276e-005, -0.999999998, 9.00992631e-007, 0, 0, 0, 0, 0, 0, 0, 0.342536743, -0.178448657, -0.126556592, -0.637900214, 0.664424515, -0.38916138, -0.743530273, -0.399902344, 0.535766602, 0.200277792, 0.631249832, 0.74930263, 0, 0, 0, 0, 0, 0, 0, 0.356381689, -0.158111377, -0.102155176, -0.64759057, 0.281916571, -0.707735917, 0.315063477, -0.746582031, -0.585693359, -0.693684104, -0.602371588, 0.394736595, 0, 1, 1, 1, 
240.530441, 15, 0.1, 0.1, 0.022186828, 0.363832029, -0.0199681876, 0.996865474, -3.98777316e-005, -0.0791152657, 0.0791152667, 2.49484179e-005, 0.996865474, -3.77789331e-005, -0.999999999, 2.80251538e-005, 0.996865509, -3.74325675e-005, -0.0791148248, 0.0791148245, -1.04613432e-005, 0.99686551, -3.81428828e-005, -0.999999999, -7.46708117e-006, 0, 0, 0, 0, 0, 0, 0, 0.342536743, -0.178448657, -0.126556592, -0.638292995, 0.665623076, -0.386622351, -0.742797852, -0.400878906, 0.536010742, 0.201699513, 0.629453303, 0.750507182, 0, 0, 0, 0, 0, 0, 0, 0.356381689, -0.158111377, -0.102155176, -0.64759057, 0.281916571, -0.707735917, 0.315063477, -0.746582031, -0.585693359, -0.693684104, -0.602371588, 0.394736595, 0, 1, 1, 1, 
240.531451, 15, 0.1, 0.1, 0.0221868315, 0.363832039, -0.0199595937, 0.996865354, 1.07042187e-005, -0.0791167863, 0.0791167865, -2.22564167e-005, 0.996865354, 8.90980855e-006, -1, -2.30335341e-005, 0.996865365, 2.51697752e-005, -0.0791166447, 0.0791166444, 1.46541516e-005, 0.996865365, 2.62502645e-005, -1, 1.2616868e-005, 0, 0, 0, 0, 0, 0, 0, 0.342074512, -0.179062598, -0.126646411, -0.638292995, 0.665623076, -0.386622351, -0.742797852, -0.400878906, 0.536010742, 0.201699513, 0.629453303, 0.750507182, 0, 0, 0, 0, 0, 0, 0, 0.356451025, -0.158275049, -0.101141016, -0.646274475, 0.282938823, -0.708624375, 0.316040039, -0.74597168, -0.58605957, -0.694527719, -0.602755115, 0.392679331, 0, 1, 1, 1, 
240.532148, 15, 0.1, 0.1, 0.022186828, 0.363832034, -0.019956107, 0.996865329, 9.40522248e-007, -0.0791171035, 0.0791171035, 1.86233539e-005, 0.996865329, 2.41099984e-006, -1, 1.84905644e-005, 0.996865332, -2.22812475e-005, -0.0791170634, 0.0791170629, -1.88234706e-005, 0.996865332, -2.37006609e-005, -1, -1.70016384e-005, 0, 0, 0, 0, 0, 0, 0, 0.342074512, -0.179062598, -0.126646411, -0.638292995, 0.665623076, -0.386622351, -0.742797852, -0.400878906, 0.536010742, 0.201699513, 0.629453303, 0.750507182, 0, 0, 0, 0, 0, 0, 0, 0.356451025, -0.158275049, -0.101141016, -0.646274475, 0.282938823, -0.708624375, 0.316040039, -0.74597168, -0.58605957, -0.694527719, -0.602755115, 0.392679331, 0, 1, 1, 1, 
240.532873, 15, 0.1, 0.1, 0.0221868294, 0.363832037, -0.0199567394, 0.9968653, 1.0274682e-005, -0.0791174641, 0.0791174644, -2.71884855e-005, 0.9968653, 8.09138993e-006, -1, -2.79161645e-005, 0.996865309, -5.73385644e-006, -0.0791173539, 0.0791173539, 9.38016233e-006, 0.996865309, -4.97374895e-006, -1, 9.80440597e-006, 0, 0, 0, 0, 0, 0, 0, 0.342074512, -0.179062598, -0.126646411, -0.638292995, 0.665623076, -0.386622351, -0.742797852, -0.400878906, 0.536010742, 0.201699513, 0.629453303, 0.750507182, 0, 0, 0, 0, 0, 0, 0, 0.356451025, -0.158275049, -0.101141016, -0.646274475, 0.282938823, -0.708624375, 0.316040039, -0.74597168, -0.58605957, -0.694527719, -0.602755115, 0.392679331, 0, 1, 1, 1, 
240.533579, 15, 0.1, 0.1, 0.0221868307, 0.36383203, -0.0199607973, 0.996865277, 3.27278027e-006, -0.0791177591, 0.079117759, 7.08054772e-006, 0.996865277, 3.82271808e-006, -1, 6.79941713e-006, 0.996865282, 6.78798707e-006, -0.0791176915, 0.0791176916, -2.55711581e-005, 0.996865282, 4.74357764e-006, -1, -2.60280496e-005, 0, 0, 0, 0, 0, 0, 0, 0.342074512, -0.179062598, -0.126646411, -0.638292995, 0.665623076, -0.386622351, -0.742797852, -0.400878906, 0.536010742, 0.201699513, 0.629453303, 0.750507182, 0, 0, 0, 0, 0, 0, 0, 0.356451025, -0.158275049, -0.101141016, -0.646274475, 0.282938823, -0.708624375, 0.316040039, -0.74597168, -0.58605957, -0.694527719, -0.602755115, 0.392679331, 0, 1, 1, 1, 
240.534275, 15, 0.1, 0.1, 0.0221868307, 0.363832033, -0.0199671565, 0.996865244, 1.01166844e-005, -0.0791181699, 0.07911817, -1.1721569e-005, 0.996865244, 9.15758202e-006, -1, -1.24852383e-005, 0.99686525, -1.14193975e-006, -0.079118092, 0.079118092, 1.25831945e-005, 0.99686525, -1.4280172e-007, -1, 1.26340974e-005, 0, 0, 0, 0, 0, 0, 0, 0.342074512, -0.179062598, -0.126646411, -0.638292995, 0.665623076, -0.386622351, -0.742797852, -0.400878906, 0.536010742, 0.201699513, 0.629453303, 0.750507182, 0, 0, 0, 0, 0, 0, 0, 0.356451025, -0.158275049, -0.101141016, -0.646274475, 0.282938823, -0.708624375, 0.316040039, -0.74597168, -0.58605957, -0.694527719, -0.602755115, 0.392679331, 0, 1, 1, 1, 
240.534976, 15, 0.1, 0.1, 0.0221868323, 0.36383203, -0.0199737962, 0.996865226, 5.12396102e-006, -0.0791184023, 0.0791184023, 1.0142363e-005, 0.996865226, 5.91034611e-006, -1, 9.70516936e-006, 0.99686523, 7.38432006e-006, -0.0791183511, 0.0791183512, -1.11948717e-005, 0.99686523, 6.47545212e-006, -1, -1.17440136e-005, 0, 0, 0, 0, 0, 0, 0, 0.342074512, -0.179062598, -0.126646411, -0.638292995, 0.665623076, -0.386622351, -0.742797852, -0.400878906, 0.536010742, 0.201699513, 0.629453303, 0.750507182, 0, 0, 0, 0, 0, 0, 0, 0.356451025, -0.158275049, -0.101141016, -0.646274475, 0.282938823, -0.708624375, 0.316040039, -0.74597168, -0.58605957, -0.694527719, -0.602755115, 0.392679331, 0, 1, 1, 1, 
240.535728, 15, 0.1, 0.1, 0.0221868324, 0.363832034, -0.0199785901, 0.9968652, -4.47079804e-006, -0.079118727, 0.079118727, -4.6760208e-007, 0.9968652, -4.49377906e-006, -1, -1.12412392e-007, 0.996865203, 1.38631617e-006, -0.0791186867, 0.0791186867, 1.65591217e-005, 0.996865203, 2.69210631e-006, -1, 1.63975287e-005, 0, 0, 0, 0, 0, 0, 0, 0.341599951, -0.179898437, -0.126928223, -0.638996182, 0.666840733, -0.383436302, -0.741577148, -0.401489258, 0.537353516, 0.204282726, 0.627777342, 0.751114889, 0, 0, 0, 0, 0, 0, 0, 0.356314941, -0.15901665, -0.100348389, -0.644357936, 0.284926092, -0.709525592, 0.315673828, -0.74597168, -0.586303711, -0.696412908, -0.601809789, 0.390743469, 0, 1, 1, 1, 
240.536426, 15, 0.1, 0.1, 0.0221868333, 0.363832032, -0.0199798751, 0.996865179, 4.15368574e-006, -0.0791189938, 0.0791189937, 5.55232705e-006, 0.996865179, 4.57995921e-006, -1, 5.20628606e-006, 0.996865183, 5.38370869e-006, -0.0791189392, 0.0791189392, 2.08474306e-006, 0.996865183, 5.5317744e-006, -1, 1.65225445e-006, 0, 0, 0, 0, 0, 0, 0, 0.341599951, -0.179898437, -0.126928223, -0.638996182, 0.666840733, -0.383436302, -0.741577148, -0.401489258, 0.537353516, 0.204282726, 0.627777342, 0.751114889, 0, 0, 0, 0, 0, 0, 0, 0.356314941, -0.15901665, -0.100348389, -0.644357936, 0.284926092, -0.709525592, 0.315673828, -0.74597168, -0.586303711, -0.696412908, -0.601809789, 0.390743469, 0, 1, 1, 1, 
240.537122, 15, 0.1, 0.1, 0.0221868337, 0.363832032, -0.0199780489, 0.996865152, -6.09194565e-006, -0.0791193345, 0.0791193345, 6.31504651e-006, 0.996865152, -5.57320605e-006, -1, 6.77724048e-006, 0.996865158, 2.35326746e-006, -0.0791192597, 0.0791192597, -4.39507574e-006, 0.996865158, 1.9981552e-006, -1, -4.56748665e-006, 0, 0, 0, 0, 0, 0, 0, 0.341599951, -0.179898437, -0.126928223, -0.638996182, 0.666840733, -0.383436302, -0.741577148, -0.401489258, 0.537353516, 0.204282726, 0.627777342, 0.751114889, 0, 0, 0, 0, 0, 0, 0, 0.356314941, -0.15901665, -0.100348389, -0.644357936, 0.284926092, -0.709525592, 0.315673828, -0.74597168, -0.586303711, -0.696412908, -0.601809789, 0.390743469, 0, 1, 1, 1, 
240.537845, 15, 0.1, 0.1, 0.0221868334, 0.363832031, -0.0199735103, 0.99686513, -8.52096487e-006, -0.0791196027, 0.0791196027, -3.87877509e-006, 0.996865131, -8.8011399e-006, -1, -3.19244028e-006, 0.996865133, -8.16457126e-006, -0.0791195702, 0.0791195701, -9.26726292e-006, 0.996865133, -8.87219827e-006, -1, -8.59223392e-006, 0, 0, 0, 0, 0, 0, 0, 0.341599951, -0.179898437, -0.126928223, -0.638996182, 0.666840733, -0.383436302, -0.741577148, -0.401489258, 0.537353516, 0.204282726, 0.627777342, 0.751114889, 0, 0, 0, 0, 0, 0, 0, 0.356314941, -0.15901665, -0.100348389, -0.644357936, 0.284926092, -0.709525592, 0.315673828, -0.74597168, -0.586303711, -0.696412908, -0.601809789, 0.390743469, 0, 1, 1, 1, 
240.538566, 15, 0.1, 0.1, 0.0221868346, 0.363832032, -0.0199677703, 0.996865123, -2.25652719e-006, -0.0791196995, 0.0791196994, -1.11141349e-005, 0.996865123, -3.12880027e-006, -1, -1.09007577e-005, 0.996865123, 8.75658257e-006, -0.0791197031, 0.0791197032, -5.85942363e-006, 0.996865123, 8.2655359e-006, -1, -6.53387327e-006, 0, 0, 0, 0, 0, 0, 0, 0.341599951, -0.179898437, -0.126928223, -0.638996182, 0.666840733, -0.383436302, -0.741577148, -0.401489258, 0.537353516, 0.204282726, 0.627777342, 0.751114889, 0, 0, 0, 0, 0, 0, 0, 0.35611123, -0.159826367, -0.0999253418, -0.643770251, 0.285954907, -0.709717356, 0.315063477, -0.74609375, -0.586425781, -0.697333082, -0.601087943, 0.390232343, 0, 1, 1, 1, 
240.539261, 15, 0.1, 0.1, 0.0221868348, 0.363832033, -0.019963022, 0.996865125, -6.93460009e-006, -0.0791196693, 0.0791196692, -8.46471727e-006, 0.996865125, -7.58258662e-006, -1, -7.88951818e-006, 0.996865126, -8.10472813e-006, -0.0791196563, 0.0791196563, 9.48021578e-006, 0.996865126, -7.32924942e-006, -1, 1.00917398e-005, 0, 0, 0, 0, 0, 0, 0, 0.341599951, -0.179898437, -0.126928223, -0.638996182, 0.666840733, -0.383436302, -0.741577148, -0.401489258, 0.537353516, 0.204282726, 0.627777342, 0.751114889, 0, 0, 0, 0, 0, 0, 0, 0.35611123, -0.159826367, -0.0999253418, -0.643770251, 0.285954907, -0.709717356, 0.315063477, -0.74609375, -0.586425781, -0.697333082, -0.601087943, 0.390232343, 0, 1, 1, 1, 
240.539957, 15, 0.1, 0.1, 0.0221868349, 0.363832033, -0.0199605072, 0.996865112, 6.94143656e-007, -0.0791198341, 0.0791198341, 1.00051252e-005, 0.996865112, 1.48357144e-006, -1, 9.91883973e-006, 0.996865114, -1.14598702e-005, -0.0791198061, 0.0791198062, 1.62613731e-005, 0.996865114, -1.01373481e-005, -1, 1.71170983e-005, 0, 0, 0, 0, 0, 0, 0, 0.341599951, -0.179898437, -0.126928223, -0.638996182, 0.666840733, -0.383436302, -0.741577148, -0.401489258, 0.537353516, 0.204282726, 0.627777342, 0.751114889, 0, 0, 0, 0, 0, 0, 0, 0.35611123, -0.159826367, -0.0999253418, -0.643770251, 0.285954907, -0.709717356, 0.315063477, -0.74609375, -0.586425781, -0.697333082, -0.601087943, 0.390232343, 0, 1, 1, 1, 
240.540703, 15, 0.1, 0.1, 0.0221868344, 0.363832032, -0.0199605611, 0.996865118, -1.23687803e-006, -0.0791197653, 0.0791197653, 1.81736841e-005, 0.996865117, 2.04897052e-007, -1, 1.82145732e-005, 0.996865116, -5.73252919e-007, -0.0791197844, 0.0791197844, 1.24017737e-005, 0.996865116, 4.09769827e-007, -1, 1.24082513e-005, 0, 0, 0, 0, 0, 0, 0, 0.341085474, -0.180807642, -0.126817017, -0.640435878, 0.66654231, -0.381246992, -0.739746094, -0.40222168, 0.539306641, 0.206117446, 0.627453832, 0.750891728, 0, 0, 0, 0, 0, 0, 0, 0.35611123, -0.159826367, -0.0999253418, -0.643770251, 0.285954907, -0.709717356, 0.315063477, -0.74609375, -0.586425781, -0.697333082, -0.601087943, 0.390232343, 0, 1, 1, 1, 
240.541407, 15, 0.1, 0.1, 0.0221868338, 0.363832032, -0.019962925, 0.996865111, -1.08397627e-005, -0.0791198452, 0.0791198453, 9.51234301e-006, 0.996865111, -1.00531662e-005, -1, 1.03401632e-005, 0.996865114, 1.87434169e-006, -0.0791198089, 0.0791198089, -7.50797795e-006, 0.996865114, 1.27443606e-006, -1, -7.63273886e-006, 0, 0, 0, 0, 0, 0, 0, 0.341085474, -0.180807642, -0.126817017, -0.640435878, 0.66654231, -0.381246992, -0.739746094, -0.40222168, 0.539306641, 0.206117446, 0.627453832, 0.750891728, 0, 0, 0, 0, 0, 0, 0, 0.35611123, -0.159826367, -0.0999253418, -0.643770251, 0.285954907, -0.709717356, 0.315063477, -0.74609375, -0.586425781, -0.697333082, -0.601087943, 0.390232343, 0, 1, 1, 1, 
240.542102, 15, 0.1, 0.1, 0.0221868336, 0.363832031, -0.0199669721, 0.996865109, -6.17895703e-006, -0.0791198764, 0.0791198763, -8.76918394e-006, 0.996865109, -6.85340342e-006, -1, -8.25281519e-006, 0.996865108, -6.33319382e-006, -0.0791198908, 0.0791198907, -1.37279019e-005, 0.996865108, -7.39949004e-006, -1, -1.31837848e-005, 0, 0, 0, 0, 0, 0, 0, 0.341085474, -0.180807642, -0.126817017, -0.640435878, 0.66654231, -0.381246992, -0.739746094, -0.40222168, 0.539306641, 0.206117446, 0.627453832, 0.750891728, 0, 0, 0, 0, 0, 0, 0, 0.35611123, -0.159826367, -0.0999253418, -0.643770251, 0.285954907, -0.709717356, 0.315063477, -0.74609375, -0.586425781, -0.697333082, -0.601087943, 0.390232343, 0, 1, 1, 1, 
240.542813, 15, 0.1, 0.1, 0.0221868345, 0.363832031, -0.0199715321, 0.996865111, 7.13841073e-006, -0.0791198536, 0.0791198537, -1.18589109e-005, 0.996865111, 6.17775731e-006, -1, -1.23865245e-005, 0.996865112, -3.00436314e-006, -0.0791198353, 0.0791198353, -7.81369247e-006, 0.996865112, -3.61316286e-006, -1, -7.55149271e-006, 0, 0, 0, 0, 0, 0, 0, 0.341085474, -0.180807642, -0.126817017, -0.640435878, 0.66654231, -0.381246992, -0.739746094, -0.40222168, 0.539306641, 0.206117446, 0.627453832, 0.750891728, 0, 0, 0, 0, 0, 0, 0, 0.35611123, -0.159826367, -0.0999253418, -0.643770251, 0.285954907, -0.709717356, 0.315063477, -0.74609375, -0.586425781, -0.697333082, -0.601087943, 0.390232343, 0, 1, 1, 1, 
240.543566, 15, 0.1, 0.1, 0.0221868358, 0.363832032, -0.0199747767, 0.996865103, 7.71739182e-006, -0.0791199546, 0.0791199546, -5.5872142e-006, 0.996865103, 7.25113845e-006, -1, -6.18029854e-006, 0.996865103, 6.86054733e-006, -0.0791199499, 0.0791199498, 6.31897594e-006, 0.996865103, 7.33899728e-006, -1, 5.75636044e-006, 0, 0, 0, 0, 0, 0, 0, 0.341236816, -0.181297583, -0.126339282, -0.641863591, 0.665654155, -0.380599971, -0.73840332, -0.402832031, 0.540649414, 0.206467166, 0.628088869, 0.750294883, 0, 0, 0, 0, 0, 0, 0, 0.356163965, -0.160456055, -0.0993239746, -0.64269696, 0.286389474, -0.710490608, 0.315185547, -0.746337891, -0.5859375, -0.698202216, -0.600551297, 0.389414614, 0, 1, 1, 1, 
240.544261, 15, 0.1, 0.1, 0.0221868368, 0.363832031, -0.0199758281, 0.996865106, -1.67024555e-006, -0.0791199059, 0.0791199059, 4.88072882e-006, 0.996865106, -1.2788467e-006, -1, 4.99757793e-006, 0.996865106, 5.65172701e-006, -0.0791199123, 0.0791199122, 9.6070508e-006, 0.996865106, 6.39411846e-006, -1, 9.12976957e-006, 0, 0, 0, 0, 0, 0, 0, 0.341236816, -0.181297583, -0.126339282, -0.641863591, 0.665654155, -0.380599971, -0.73840332, -0.402832031, 0.540649414, 0.206467166, 0.628088869, 0.750294883, 0, 0, 0, 0, 0, 0, 0, 0.356163965, -0.160456055, -0.0993239746, -0.64269696, 0.286389474, -0.710490608, 0.315185547, -0.746337891, -0.5859375, -0.698202216, -0.600551297, 0.389414614, 0, 1, 1, 1, 
240.544958, 15, 0.1, 0.1, 0.0221868376, 0.363832031, -0.019974976, 0.9968651, -3.03511749e-006, -0.0791199876, 0.0791199877, 9.59559463e-006, 0.9968651, -2.26639937e-006, -1, 9.80565186e-006, 0.996865101, -2.66153556e-006, -0.079119969, 0.079119969, 5.84753305e-006, 0.996865101, -2.19053528e-006, -1, 6.03978224e-006, 0, 0, 0, 0, 0, 0, 0, 0.341236816, -0.181297583, -0.126339282, -0.641863591, 0.665654155, -0.380599971, -0.73840332, -0.402832031, 0.540649414, 0.206467166, 0.628088869, 0.750294883, 0, 0, 0, 0, 0, 0, 0, 0.356163965, -0.160456055, -0.0993239746, -0.64269696, 0.286389474, -0.710490608, 0.315185547, -0.746337891, -0.5859375, -0.698202216, -0.600551297, 0.389414614, 0, 1, 1, 1, 
240.545689, 15, 0.1, 0.1, 0.0221868384, 0.36383203, -0.0199723317, 0.996865102, 3.32776836e-006, -0.0791199597, 0.0791199597, 9.69945231e-006, 0.996865102, 4.08475642e-006, -1, 9.40575262e-006, 0.996865101, -4.23620366e-006, -0.0791199796, 0.0791199795, -4.69054938e-006, 0.996865101, -4.59403976e-006, -1, -4.34067663e-006, 0, 0, 0, 0, 0, 0, 0, 0.341236816, -0.181297583, -0.126339282, -0.641863591, 0.665654155, -0.380599971, -0.73840332, -0.402832031, 0.540649414, 0.206467166, 0.628088869, 0.750294883, 0, 0, 0, 0, 0, 0, 0, 0.356163965, -0.160456055, -0.0993239746, -0.64269696, 0.286389474, -0.710490608, 0.315185547, -0.746337891, -0.5859375, -0.698202216, -0.600551297, 0.389414614, 0, 1, 1, 1, 
240.546413, 15, 0.1, 0.1, 0.022186839, 0.36383203, -0.0199687572, 0.996865101, 4.09401811e-006, -0.0791199803, 0.0791199803, -3.5285724e-006, 0.996865101, 3.80200319e-006, -1, -3.84142931e-006, 0.996865103, 5.02076819e-006, -0.0791199553, 0.0791199554, -9.75479417e-006, 0.996865102, 4.23322971e-006, -1, -1.01214568e-005, 0, 0, 0, 0, 0, 0, 0, 0.341236816, -0.181297583, -0.126339282, -0.641863591, 0.665654155, -0.380599971, -0.73840332, -0.402832031, 0.540649414, 0.206467166, 0.628088869, 0.750294883, 0, 0, 0, 0, 0, 0, 0, 0.356163965, -0.160456055, -0.0993239746, -0.64269696, 0.286389474, -0.710490608, 0.315185547, -0.746337891, -0.5859375, -0.698202216, -0.600551297, 0.389414614, 0, 1, 1, 1, 
240.547161, 15, 0.1, 0.1, 0.0221868384, 0.363832031, -0.0199650951, 0.996865095, -9.20958062e-006, -0.0791200444, 0.0791200443, -1.04159853e-005, 0.996865095, -1.00048227e-005, -1, -9.65466975e-006, 0.996865094, 1.50901488e-006, -0.0791200588, 0.0791200588, -4.00786115e-006, 0.996865094, 1.18718205e-006, -1, -4.11469023e-006, 0, 0, 0, 0, 0, 0, 0, 0.341236816, -0.181297583, -0.126339282, -0.641863591, 0.665654155, -0.380599971, -0.73840332, -0.402832031, 0.540649414, 0.206467166, 0.628088869, 0.750294883, 0, 0, 0, 0, 0, 0, 0, 0.356163965, -0.160456055, -0.0993239746, -0.64269696, 0.286389474, -0.710490608, 0.315185547, -0.746337891, -0.5859375, -0.698202216, -0.600551297, 0.389414614, 0, 1, 1, 1, 
240.547922, 15, 0.1, 0.1, 0.0221868381, 0.363832032, -0.0199620356, 0.996865102, -5.57295438e-006, -0.0791199628, 0.0791199627, -1.2728562e-005, 0.996865102, -6.56256709e-006, -1, -1.22477274e-005, 0.996865103, -8.74654188e-006, -0.0791199543, 0.0791199544, 1.10334265e-005, 0.996865103, -7.84615817e-006, -1, 1.16908639e-005, 0, 0, 0, 0, 0, 0, 0, 0.341236816, -0.181297583, -0.126339282, -0.641863591, 0.665654155, -0.380599971, -0.73840332, -0.402832031, 0.540649414, 0.206467166, 0.628088869, 0.750294883, 0, 0, 0, 0, 0, 0, 0, 0.356163965, -0.160456055, -0.0993239746, -0.64269696, 0.286389474, -0.710490608, 0.315185547, -0.746337891, -0.5859375, -0.698202216, -0.600551297, 0.389414614, 0, 1, 1, 1, 
240.548706, 15, 0.1, 0.1, 0.0221868396, 0.363832032, -0.0199601264, 0.996865086, 8.10490689e-006, -0.0791201611, 0.0791201611, 7.49209267e-006, 0.996865086, 8.67227428e-006, -1, 6.82734406e-006, 0.996865089, -5.15400791e-006, -0.0791201309, 0.079120131, 1.39697174e-005, 0.996865089, -4.03256468e-006, -1, 1.43337093e-005, 0, 0, 0, 0, 0, 0, 0, 0.341689258, -0.180135132, -0.126067944, -0.645932926, 0.6621577, -0.379679615, -0.735717773, -0.407592773, 0.540771484, 0.203403927, 0.628642653, 0.75064348, 0, 0, 0, 0, 0, 0, 0, 0.35685127, -0.159142139, -0.0987228516, -0.643194959, 0.283845871, -0.711078659, 0.319702148, -0.744262695, -0.586303711, -0.695799704, -0.604378179, 0.388002638, 0, 1, 1, 1, 
240.549406, 15, 0.1, 0.1, 0.0221868409, 0.36383203, -0.0199611813, 0.99686509, 6.96812785e-006, -0.0791201163, 0.0791201162, 1.34148598e-005, 0.99686509, 8.00766866e-006, -1, 1.28214863e-005, 0.996865089, 7.79132916e-006, -0.0791201298, 0.0791201298, 7.2043473e-006, 0.996865089, 8.33691293e-006, -1, 6.56531133e-006, 0, 0, 0, 0, 0, 0, 0, 0.341689258, -0.180135132, -0.126067944, -0.645932926, 0.6621577, -0.379679615, -0.735717773, -0.407592773, 0.540771484, 0.203403927, 0.628642653, 0.75064348, 0, 0, 0, 0, 0, 0, 0, 0.35685127, -0.159142139, -0.0987228516, -0.643194959, 0.283845871, -0.711078659, 0.319702148, -0.744262695, -0.586303711, -0.695799704, -0.604378179, 0.388002638, 0, 1, 1, 1, 
240.550103, 15, 0.1, 0.1, 0.0221868416, 0.363832029, -0.0199645748, 0.996865082, -4.68038064e-006, -0.0791202138, 0.0791202139, 6.89194166e-006, 0.996865082, -4.12041613e-006, -1, 7.2406487e-006, 0.996865085, 7.76427523e-006, -0.0791201769, 0.079120177, -9.40318426e-006, 0.996865085, 6.99595328e-006, -1, -9.9880169e-006, 0, 0, 0, 0, 0, 0, 0, 0.341689258, -0.180135132, -0.126067944, -0.645932926, 0.6621577, -0.379679615, -0.735717773, -0.407592773, 0.540771484, 0.203403927, 0.628642653, 0.75064348, 0, 0, 0, 0, 0, 0, 0, 0.35685127, -0.159142139, -0.0987228516, -0.643194959, 0.283845871, -0.711078659, 0.319702148, -0.744262695, -0.586303711, -0.695799704, -0.604378179, 0.388002638, 0, 1, 1, 1, 
240.550892, 15, 0.1, 0.1, 0.022186842, 0.363832028, -0.019969122, 0.996865079, -5.85090716e-006, -0.0791202477, 0.0791202476, -8.71063303e-006, 0.996865079, -6.52175247e-006, -1, -8.22040067e-006, 0.996865078, -5.21993099e-006, -0.0791202665, 0.0791202664, -1.497671e-005, 0.996865078, -6.3885282e-006, -1, -1.45167568e-005, 0, 0, 0, 0, 0, 0, 0, 0.34159292, -0.17820835, -0.128527588, -0.652334983, 0.66071576, -0.371124198, -0.729370117, -0.414306641, 0.544311523, 0.205901017, 0.625781236, 0.752378234, 0, 0, 0, 0, 0, 0, 0, 0.35685127, -0.159142139, -0.0987228516, -0.648382412, 0.283736496, -0.706433316, 0.319946289, -0.740356445, -0.591064453, -0.690821505, -0.60917664, 0.389350082, 0, 1, 1, 1, 
240.551597, 15, 0.1, 0.1, 0.0221868423, 0.363832029, -0.0199723789, 0.996865082, 3.54229505e-006, -0.0791202134, 0.0791202134, -9.2149969e-006, 0.996865082, 2.80209773e-006, -1, -9.46637578e-006, 0.996865083, -5.47246937e-006, -0.0791201992, 0.0791201991, -6.03812751e-006, 0.996865083, -5.93305148e-006, -1, -5.58621561e-006, 0, 0, 0, 0, 0, 0, 0, 0.34159292, -0.17820835, -0.128527588, -0.652334983, 0.66071576, -0.371124198, -0.729370117, -0.414306641, 0.544311523, 0.205901017, 0.625781236, 0.752378234, 0, 0, 0, 0, 0, 0, 0, 0.356835986, -0.157241113, -0.100842822, -0.648382412, 0.283736496, -0.706433316, 0.319946289, -0.740356445, -0.591064453, -0.690821505, -0.60917664, 0.389350082, 0, 1, 1, 1, 
240.552295, 15, 0.1, 0.1, 0.0221868427, 0.363832029, -0.0199745011, 0.996865076, 2.73034788e-006, -0.0791202897, 0.0791202897, -3.39458596e-006, 0.996865076, 2.45320783e-006, -1, -3.59997011e-006, 0.996865076, 1.94718294e-006, -0.0791202876, 0.0791202876, 8.50685446e-006, 0.996865076, 2.61414344e-006, -1, 8.32612444e-006, 0, 0, 0, 0, 0, 0, 0, 0.34159292, -0.17820835, -0.128527588, -0.652334983, 0.66071576, -0.371124198, -0.729370117, -0.414306641, 0.544311523, 0.205901017, 0.625781236, 0.752378234, 0, 0, 0, 0, 0, 0, 0, 0.356835986, -0.157241113, -0.100842822, -0.648382412, 0.283736496, -0.706433316, 0.319946289, -0.740356445, -0.591064453, -0.690821505, -0.60917664, 0.389350082, 0, 1, 1, 1, 
240.553035, 15, 0.1, 0.1, 0.0221868426, 0.36383203, -0.0199748359, 0.996865081, -7.04150759e-006, -0.0791202238, 0.0791202239, 6.25542888e-006, 0.996865081, -6.5245021e-006, -1, 6.79294428e-006, 0.99686508, 1.43453231e-006, -0.0791202349, 0.0791202348, 1.24399713e-005, 0.99686508, 2.41428861e-006, -1, 1.22874724e-005, 0, 0, 0, 0, 0, 0, 0, 0.34159292, -0.17820835, -0.128527588, -0.652334983, 0.66071576, -0.371124198, -0.729370117, -0.414306641, 0.544311523, 0.205901017, 0.625781236, 0.752378234, 0, 0, 0, 0, 0, 0, 0, 0.356835986, -0.157241113, -0.100842822, -0.648382412, 0.283736496, -0.706433316, 0.319946289, -0.740356445, -0.591064453, -0.690821505, -0.60917664, 0.389350082, 0, 1, 1, 1, 
240.55375, 15, 0.1, 0.1, 0.0221868427, 0.363832029, -0.0199730126, 0.996865074, -5.56880735e-006, -0.0791203088, 0.0791203088, 1.01784935e-005, 0.996865074, -4.746024e-006, -1, 1.05871904e-005, 0.996865076, -5.77275181e-006, -0.0791202894, 0.0791202895, 6.41616678e-006, 0.996865076, -5.2470057e-006, -1, 6.85279437e-006, 0, 0, 0, 0, 0, 0, 0, 0.34159292, -0.17820835, -0.128527588, -0.652334983, 0.66071576, -0.371124198, -0.729370117, -0.414306641, 0.544311523, 0.205901017, 0.625781236, 0.752378234, 0, 0, 0, 0, 0, 0, 0, 0.356835986, -0.157241113, -0.100842822, -0.648382412, 0.283736496, -0.706433316, 0.319946289, -0.740356445, -0.591064453, -0.690821505, -0.60917664, 0.389350082, 0, 1, 1, 1, 
240.554454, 15, 0.1, 0.1, 0.0221868435, 0.363832028, -0.0199702629, 0.996865077, 5.10362702e-006, -0.0791202787, 0.0791202787, 8.46717271e-006, 0.996865077, 5.7575526e-006, -1, 8.03682838e-006, 0.996865075, -3.65076796e-006, -0.0791202996, 0.0791202995, -7.23749243e-006, 0.996865075, -4.21195565e-006, -1, -6.92595358e-006, 0, 0, 0, 0, 0, 0, 0, 0.34159292, -0.17820835, -0.128527588, -0.652334983, 0.66071576, -0.371124198, -0.729370117, -0.414306641, 0.544311523, 0.205901017, 0.625781236, 0.752378234, 0, 0, 0, 0, 0, 0, 0, 0.356835986, -0.157241113, -0.100842822, -0.648382412, 0.283736496, -0.706433316, 0.319946289, -0.740356445, -0.591064453, -0.690821505, -0.60917664, 0.389350082, 0, 1, 1, 1, 
240.555161, 15, 0.1, 0.1, 0.0221868445, 0.363832028, -0.0199674464, 0.996865075, 7.47135394e-006, -0.0791202961, 0.0791202961, -6.23655601e-006, 0.996865075, 6.95449365e-006, -1, -6.80814061e-006, 0.996865077, 8.00145344e-006, -0.0791202732, 0.0791202733, -1.20545499e-005, 0.996865077, 7.02261023e-006, -1, -1.2649837e-005, 0, 0, 0, 0, 0, 0, 0, 0.34159292, -0.17820835, -0.128527588, -0.652334983, 0.66071576, -0.371124198, -0.729370117, -0.414306641, 0.544311523, 0.205901017, 0.625781236, 0.752378234, 0, 0, 0, 0, 0, 0, 0, 0.356835986, -0.157241113, -0.100842822, -0.648382412, 0.283736496, -0.706433316, 0.319946289, -0.740356445, -0.591064453, -0.690821505, -0.60917664, 0.389350082, 0, 1, 1, 1, 
240.555956, 15, 0.1, 0.1, 0.0221868448, 0.363832029, -0.0199641267, 0.996865071, -4.86851849e-006, -0.0791203577, 0.0791203576, -1.45387379e-005, 0.996865071, -6.00356617e-006, -1, -1.41079611e-005, 0.996865069, 7.67521343e-006, -0.0791203793, 0.0791203794, -7.26453746e-006, 0.996865069, 7.0763792e-006, -1, -7.84902943e-006, 0, 0, 0, 0, 0, 0, 0, 0.340956006, -0.177288647, -0.131228662, -0.656393839, 0.661399851, -0.362861212, -0.724121094, -0.417358398, 0.548950195, 0.211487554, 0.623077456, 0.753046976, 0, 0, 0, 0, 0, 0, 0, 0.356576953, -0.156286133, -0.103125977, -0.653416747, 0.285474031, -0.701136121, 0.317138672, -0.737548828, -0.595947266, -0.687300125, -0.611694358, 0.391502495, 0, 1, 1, 1, 
240.556665, 15, 0.1, 0.1, 0.022186845, 0.363832029, -0.0199624407, 0.996865078, -4.90327243e-006, -0.0791202582, 0.0791202581, -1.03655502e-005, 0.996865078, -5.70802606e-006, -1, -9.94510679e-006, 0.996865078, -6.78023803e-006, -0.0791202585, 0.0791202586, 7.7965862e-006, 0.996865078, -6.1421146e-006, -1, 8.3085987e-006, 0, 0, 0, 0, 0, 0, 0, 0.340956006, -0.177288647, -0.131228662, -0.656393839, 0.661399851, -0.362861212, -0.724121094, -0.417358398, 0.548950195, 0.211487554, 0.623077456, 0.753046976, 0, 0, 0, 0, 0, 0, 0, 0.356576953, -0.156286133, -0.103125977, -0.653416747, 0.285474031, -0.701136121, 0.317138672, -0.737548828, -0.595947266, -0.687300125, -0.611694358, 0.391502495, 0, 1, 1, 1, 
240.557389, 15, 0.1, 0.1, 0.0221868459, 0.363832029, -0.0199627219, 0.996865069, 6.00067512e-006, -0.0791203738, 0.0791203737, 8.26943175e-006, 0.996865069, 6.63614395e-006, -1, 7.76873199e-006, 0.996865071, -6.54319619e-006, -0.0791203553, 0.0791203554, 1.41742765e-005, 0.996865071, -5.40120994e-006, -1, 1.46475412e-005, 0, 0, 0, 0, 0, 0, 0, 0.340956006, -0.177288647, -0.131228662, -0.656393839, 0.661399851, -0.362861212, -0.724121094, -0.417358398, 0.548950195, 0.211487554, 0.623077456, 0.753046976, 0, 0, 0, 0, 0, 0, 0, 0.356576953, -0.156286133, -0.103125977, -0.653416747, 0.285474031, -0.701136121, 0.317138672, -0.737548828, -0.595947266, -0.687300125, -0.611694358, 0.391502495, 0, 1, 1, 1, 
240.558141, 15, 0.1, 0.1, 0.0221868464, 0.363832028, -0.0199645175, 0.996865078, 3.59817791e-006, -0.0791202598, 0.0791202598, 1.43135993e-005, 0.996865078, 4.7193936e-006, -1, 1.39840385e-005, 0.996865076, 4.13934364e-006, -0.0791202856, 0.0791202856, 8.91926979e-006, 0.996865076, 4.83206228e-006, -1, 8.56380251e-006, 0, 0, 0, 0, 0, 0, 0, 0.340956006, -0.177288647, -0.131228662, -0.656393839, 0.661399851, -0.362861212, -0.724121094, -0.417358398, 0.548950195, 0.211487554, 0.623077456, 0.753046976, 0, 0, 0, 0, 0, 0, 0, 0.356576953, -0.156286133, -0.103125977, -0.653416747, 0.285474031, -0.701136121, 0.317138672, -0.737548828, -0.595947266, -0.687300125, -0.611694358, 0.391502495, 0, 1, 1, 1, 
240.558842, 15, 0.1, 0.1, 0.0221868466, 0.363832027, -0.0199672689, 0.996865076, -6.04503228e-006, -0.0791202859, 0.0791202859, 7.02563312e-006, 0.996865076, -5.47021147e-006, -1, 7.48189298e-006, 0.996865078, 5.10807816e-006, -0.079120264, 0.0791202641, -7.63246601e-006, 0.996865078, 4.48818201e-006, -1, -8.01269132e-006, 0, 0, 0, 0, 0, 0, 0, 0.340956006, -0.177288647, -0.131228662, -0.656393839, 0.661399851, -0.362861212, -0.724121094, -0.417358398, 0.548950195, 0.211487554, 0.623077456, 0.753046976, 0, 0, 0, 0, 0, 0, 0, 0.356576953, -0.156286133, -0.103125977, -0.653416747, 0.285474031, -0.701136121, 0.317138672, -0.737548828, -0.595947266, -0.687300125, -0.611694358, 0.391502495, 0, 1, 1, 1, 
240.559541, 15, 0.1, 0.1, 0.0221868468, 0.363832027, -0.0199704969, 0.996865077, -4.85770502e-006, -0.0791202741, 0.0791202741, -6.66726006e-006, 0.996865077, -5.36999193e-006, -1, -6.26201576e-006, 0.996865076, -4.52243722e-006, -0.0791202949, 0.0791202948, -1.16505797e-005, 0.996865076, -5.43005702e-006, -1, -1.12562394e-005, 0, 0, 0, 0, 0, 0, 0, 0.340956006, -0.177288647, -0.131228662, -0.656393839, 0.661399851, -0.362861212, -0.724121094, -0.417358398, 0.548950195, 0.211487554, 0.623077456, 0.753046976, 0, 0, 0, 0, 0, 0, 0, 0.356576953, -0.156286133, -0.103125977, -0.653416747, 0.285474031, -0.701136121, 0.317138672, -0.737548828, -0.595947266, -0.687300125, -0.611694358, 0.391502495, 0, 1, 1, 1, 
240.560315, 15, 0.1, 0.1, 0.0221868475, 0.363832027, -0.0199730897, 0.996865081, 7.61074465e-006, -0.0791202316, 0.0791202317, -1.24870275e-005, 0.996865081, 6.59890907e-006, -1, -1.30500456e-005, 0.996865082, -3.60485064e-006, -0.0791202121, 0.0791202121, -8.53346214e-006, 0.996865082, -4.26871906e-006, -1, -8.22149389e-006, 0, 0, 0, 0, 0, 0, 0, 0.340956006, -0.177288647, -0.131228662, -0.658319553, 0.663467471, -0.355436206, -0.720214844, -0.41784668, 0.553710938, 0.218837297, 0.620525322, 0.75310689, 0, 0, 0, 0, 0, 0, 0, 0.356576953, -0.156286133, -0.103125977, -0.653416747, 0.285474031, -0.701136121, 0.317138672, -0.737548828, -0.595947266, -0.687300125, -0.611694358, 0.391502495, 0, 1, 1, 1, 
240.561033, 15, 0.1, 0.1, 0.0221868486, 0.363832027, -0.0199733813, 0.996865074, 6.26584434e-006, -0.0791203175, 0.0791203176, -6.29210352e-006, 0.996865074, 5.74836815e-006, -1, -6.76813383e-006, 0.996865074, 5.83226025e-006, -0.0791203143, 0.0791203143, 6.08108635e-006, 0.996865074, 6.29511401e-006, -1, 5.60057233e-006, 0, 0, 0, 0, 0, 0, 0, 0.339763745, -0.176967505, -0.133751172, -0.658319553, 0.663467471, -0.355436206, -0.720214844, -0.41784668, 0.553710938, 0.218837297, 0.620525322, 0.75310689, 0, 0, 0, 0, 0, 0, 0, 0.355645996, -0.155670703, -0.105373975, -0.658067921, 0.288246945, -0.695551281, 0.312255859, -0.735961914, -0.600463867, -0.685088644, -0.612384854, 0.394421597, 0, 1, 1, 1, 
