time, trialNum, realDorsalTactorPos, realVentralTactorPos, boxPosX, boxPosY, boxPosZ, boxLocalRot_11, boxLocalRot_12, boxLocalRot_13, boxLocalRot_21, boxLocalRot_22, boxLocalRot_23, boxLocalRot_31, boxLocalRot_32, boxLocalRot_33, boxGlobalRot_11, boxGlobalRot_12, boxGlobalRot_13, boxGlobalRot_21, boxGlobalRot_22, boxGlobalRot_23, boxGlobalRot_31, boxGlobalRot_32, boxGlobalRot_33, indexForceX, indexForceY, indexForceZ, indexForceGlobalX, indexForceGlobalY, indexForceGlobalZ, indexContact, indexPosX, indexPosY, indexPosZ, indexRot_11, indexRot_12, indexRot_13, indexRot_21, indexRot_22, indexRot_23, indexRot_31, indexRot_32, indexRot_33, thumbForceX, thumbForceY, thumbForceZ, thumbForceGlobalX, thumbForceGlobalY, thumbForceGlobalZ, thumbContact, thumbPosX, thumbPosY, thumbPosZ, thumbRot_11, thumbRot_12, thumbRot_13, thumbRot_21, thumbRot_22, thumbRot_23, thumbRot_31, thumbRot_32, thumbRot_33, manipForceTooHigh, cceExpType, mapping, trialSuccess, 
250.178491, 17, 0.1, 0.1, -0.00201661864, 0.378980145, -0.0199765312, 0.975791153, -2.55439659e-005, 0.218704425, 0.218704426, 1.80420544e-005, -0.975791153, 2.09796988e-005, 1, 2.31918555e-005, 0.975791123, -1.72457975e-005, 0.218704559, 0.218704559, -8.74963459e-006, -0.975791123, 1.87418811e-005, 1, -4.76608123e-006, 0, 0, 0, 0, 0, 0, 0, 0.276145337, -0.0797048096, -0.200373047, -0.112813426, 0.682048266, -0.722419379, -0.966674805, 0.0926513672, 0.23840332, 0.229580875, 0.72535458, 0.649078697, 0, -0, 0, 0, 0, 0, 0, 0.327037109, -0.0351660156, -0.174155322, 0.0985061586, 0.284211145, -0.953676218, -0.194946289, -0.934082031, -0.298583984, -0.975761517, 0.215458772, -0.0365319431, 0, 1, 1, 1, 
250.191424, 17, 0.1, 0.1, -0.00201663616, 0.378980133, -0.0199795477, 0.975794873, -1.18109878e-005, 0.218687825, 0.218687825, 5.91233335e-007, -0.975794873, 1.13958058e-005, 1, 3.15984169e-006, 0.975794831, -3.5860429e-005, 0.218688011, 0.218688011, -5.25085955e-006, -0.975794832, 3.61407213e-005, 0.999999999, 2.71848426e-006, 0, 0, 0, 0, 0, 0, 0, 0.286103589, -0.0949549805, -0.197794336, -0.134796368, 0.680381661, -0.720196747, -0.969726562, 0.0583496094, 0.236694336, 0.203153383, 0.73043863, 0.652187241, 0, -0, 0, 0, 0, 0, 0, 0.334589648, -0.0507447754, -0.172313916, 0.0869336275, 0.260742689, -0.961376291, -0.157226563, -0.94934082, -0.271728516, -0.983605945, 0.174819155, -0.0415145056, 0, 1, 1, 1, 
250.192122, 17, 0.1, 0.1, -0.00201664458, 0.378980133, -0.0199807181, 0.975795047, 5.43500347e-005, 0.218687045, 0.218687045, 9.44132703e-006, -0.975795048, -5.50991906e-005, 0.999999998, -2.67284832e-006, 0.975795015, 5.47215612e-005, 0.218687187, 0.218687187, 1.52812664e-005, -0.975795016, -5.67388439e-005, 0.999999998, 2.94447933e-006, 0, 0, 0, 0, 0, 0, 0, 0.286103589, -0.0949549805, -0.197794336, -0.134796368, 0.680381661, -0.720196747, -0.969726562, 0.0583496094, 0.236694336, 0.203153383, 0.73043863, 0.652187241, 0, -0, 0, 0, 0, 0, 0, 0.334589648, -0.0507447754, -0.172313916, 0.0869336275, 0.260742689, -0.961376291, -0.157226563, -0.94934082, -0.271728516, -0.983605945, 0.174819155, -0.0415145056, 0, 1, 1, 1, 
250.19282, 17, 0.1, 0.1, -0.00201664584, 0.378980134, -0.0199785981, 0.975795195, -3.4170222e-005, 0.218686389, 0.218686389, -1.08501437e-005, -0.975795195, 3.57159172e-005, 0.999999999, -3.11495564e-006, 0.975795168, -1.5574991e-005, 0.218686511, 0.218686511, -6.59142663e-006, -0.975795168, 1.6639457e-005, 1, -3.02584182e-006, 0, 0, 0, 0, 0, 0, 0, 0.286103589, -0.0949549805, -0.197794336, -0.134796368, 0.680381661, -0.720196747, -0.969726562, 0.0583496094, 0.236694336, 0.203153383, 0.73043863, 0.652187241, 0, -0, 0, 0, 0, 0, 0, 0.334589648, -0.0507447754, -0.172313916, 0.0869336275, 0.260742689, -0.961376291, -0.157226563, -0.94934082, -0.271728516, -0.983605945, 0.174819155, -0.0415145056, 0, 1, 1, 1, 
250.193529, 17, 0.1, 0.1, -0.00201663907, 0.378980136, -0.0199738931, 0.975795328, -5.13387893e-006, 0.218685797, 0.218685797, 2.79427067e-006, -0.975795328, 4.39854777e-006, 1, 3.84934267e-006, 0.975795307, -2.62863816e-005, 0.218685891, 0.218685891, -1.07660024e-005, -0.975795307, 2.80045006e-005, 1, -4.75695379e-006, 0, 0, 0, 0, 0, 0, 0, 0.286103589, -0.0949549805, -0.197794336, -0.134796368, 0.680381661, -0.720196747, -0.969726562, 0.0583496094, 0.236694336, 0.203153383, 0.73043863, 0.652187241, 0, -0, 0, 0, 0, 0, 0, 0.334589648, -0.0507447754, -0.172313916, 0.0869336275, 0.260742689, -0.961376291, -0.157226563, -0.94934082, -0.271728516, -0.983605945, 0.174819155, -0.0415145056, 0, 1, 1, 1, 
250.194284, 17, 0.1, 0.1, -0.00201664927, 0.378980136, -0.0199672131, 0.975795483, 4.2020668e-005, 0.218685101, 0.218685101, 1.00902773e-005, -0.975795484, -4.32101714e-005, 0.999999999, 6.56753003e-007, 0.975795458, 5.5848598e-005, 0.21868521, 0.21868521, 1.3985986e-005, -0.97579546, -5.75553367e-005, 0.999999998, 1.43419924e-006, 0, 0, 0, 0, 0, 0, 0, 0.287856421, -0.0981327393, -0.197361401, -0.139488759, 0.679265476, -0.720456978, -0.970214844, 0.0515136719, 0.236450195, 0.197716988, 0.731974927, 0.652104865, 0, -0, 0, 0, 0, 0, 0, 0.336117773, -0.0537434082, -0.171980225, 0.0835405794, 0.255444395, -0.963101433, -0.148925781, -0.952392578, -0.265625, -0.985189996, 0.165670293, -0.0414503399, 0, 1, 1, 1, 
250.194984, 17, 0.1, 0.1, -0.00201664412, 0.378980139, -0.019961967, 0.975795627, -4.19648589e-005, 0.218684458, 0.218684457, -2.08656692e-005, -0.975795628, 4.55121234e-005, 0.999999999, -1.11835663e-005, 0.975795598, -4.84202518e-005, 0.218684586, 0.218684586, -1.04687069e-005, -0.975795599, 4.95376135e-005, 0.999999999, 3.73444616e-007, 0, 0, 0, 0, 0, 0, 0, 0.287856421, -0.0981327393, -0.197361401, -0.139488759, 0.679265476, -0.720456978, -0.970214844, 0.0515136719, 0.236450195, 0.197716988, 0.731974927, 0.652104865, 0, -0, 0, 0, 0, 0, 0, 0.336117773, -0.0537434082, -0.171980225, 0.0835405794, 0.255444395, -0.963101433, -0.148925781, -0.952392578, -0.265625, -0.985189996, 0.165670293, -0.0414503399, 0, 1, 1, 1, 
250.195724, 17, 0.1, 0.1, -0.00201664519, 0.378980141, -0.019958916, 0.975795761, 1.0861364e-005, 0.218683866, 0.218683866, -8.25442459e-006, -0.975795761, -8.7933635e-006, 1, -1.04298376e-005, 0.975795732, 2.22505508e-005, 0.218683992, 0.218683992, -6.4993994e-006, -0.975795733, -2.02906779e-005, 1, -1.12079255e-005, 0, 0, 0, 0, 0, 0, 0, 0.287856421, -0.0981327393, -0.197361401, -0.139488759, 0.679265476, -0.720456978, -0.970214844, 0.0515136719, 0.236450195, 0.197716988, 0.731974927, 0.652104865, 0, -0, 0, 0, 0, 0, 0, 0.336117773, -0.0537434082, -0.171980225, 0.0835405794, 0.255444395, -0.963101433, -0.148925781, -0.952392578, -0.265625, -0.985189996, 0.165670293, -0.0414503399, 0, 1, 1, 1, 
250.196461, 17, 0.1, 0.1, -0.00201664297, 0.378980142, -0.0199587422, 0.975795886, 2.19178721e-005, 0.218683304, 0.218683304, 1.33682644e-005, -0.975795887, -2.43107857e-005, 1, 8.25162473e-006, 0.97579587, -3.4819157e-006, 0.218683378, 0.218683378, -6.93361857e-006, -0.97579587, 4.91390609e-006, 1, -6.00435928e-006, 0, 0, 0, 0, 0, 0, 0, 0.287856421, -0.0981327393, -0.197361401, -0.139488759, 0.679265476, -0.720456978, -0.970214844, 0.0515136719, 0.236450195, 0.197716988, 0.731974927, 0.652104865, 0, -0, 0, 0, 0, 0, 0, 0.336117773, -0.0537434082, -0.171980225, 0.0835405794, 0.255444395, -0.963101433, -0.148925781, -0.952392578, -0.265625, -0.985189996, 0.165670293, -0.0414503399, 0, 1, 1, 1, 
250.197155, 17, 0.1, 0.1, -0.00201664611, 0.378980143, -0.0199616429, 0.975795994, -2.73863489e-005, 0.218682825, 0.218682824, -1.46207643e-005, -0.975795994, 2.99207996e-005, 1, -8.27795907e-006, 0.975795969, 6.50024181e-006, 0.218682938, 0.218682938, -9.14522872e-006, -0.975795969, -4.34300427e-006, 1, -1.03453693e-005, 0, 0, 0, 0, 0, 0, 0, 0.287856421, -0.0981327393, -0.197361401, -0.139488759, 0.679265476, -0.720456978, -0.970214844, 0.0515136719, 0.236450195, 0.197716988, 0.731974927, 0.652104865, 0, -0, 0, 0, 0, 0, 0, 0.336117773, -0.0537434082, -0.171980225, 0.0835405794, 0.255444395, -0.963101433, -0.148925781, -0.952392578, -0.265625, -0.985189996, 0.165670293, -0.0414503399, 0, 1, 1, 1, 
250.197856, 17, 0.1, 0.1, -0.00201663733, 0.378980146, -0.0199667529, 0.975796141, -1.20297903e-005, 0.21868217, 0.21868217, -1.10402645e-005, -0.975796141, 1.41529319e-005, 1, -8.14234684e-006, 0.975796112, -3.92510139e-005, 0.218682297, 0.218682297, -8.55604755e-006, -0.975796112, 4.01720429e-005, 0.999999999, 2.34543952e-007, 0, 0, 0, 0, 0, 0, 0, 0.287856421, -0.0981327393, -0.197361401, -0.139488759, 0.679265476, -0.720456978, -0.970214844, 0.0515136719, 0.236450195, 0.197716988, 0.731974927, 0.652104865, 0, -0, 0, 0, 0, 0, 0, 0.336117773, -0.0537434082, -0.171980225, 0.0835405794, 0.255444395, -0.963101433, -0.148925781, -0.952392578, -0.265625, -0.985189996, 0.165670293, -0.0414503399, 0, 1, 1, 1, 
250.198608, 17, 0.1, 0.1, -0.00201664717, 0.378980144, -0.0199724777, 0.975796226, 5.00297954e-005, 0.218681784, 0.218681783, 1.31485388e-005, -0.975796227, -5.16942316e-005, 0.999999999, 1.88968966e-006, 0.975796205, 5.91635433e-005, 0.218681874, 0.218681873, 1.30288207e-005, -0.975796207, -6.05807281e-005, 0.999999998, -2.24520645e-007, 0, 0, 0, 0, 0, 0, 0, 0.287856421, -0.0981327393, -0.197361401, -0.143475719, 0.679525707, -0.719339671, -0.970336914, 0.0462646484, 0.237182617, 0.194393518, 0.732057303, 0.652916637, 0, -0, 0, 0, 0, 0, 0, 0.336117773, -0.0537434082, -0.171980225, 0.0835405794, 0.255444395, -0.963101433, -0.148925781, -0.952392578, -0.265625, -0.985189996, 0.165670293, -0.0414503399, 0, 1, 1, 1, 
250.199329, 17, 0.1, 0.1, -0.00201664388, 0.378980146, -0.0199760915, 0.975796316, -5.64041859e-005, 0.218681383, 0.218681383, -9.07641442e-006, -0.975796317, 5.70238398e-005, 0.999999998, 3.47781366e-006, 0.975796302, -4.50225375e-005, 0.218681445, 0.218681445, -1.28802963e-006, -0.975796303, 4.42144938e-005, 0.999999999, 8.58873902e-006, 0, 0, 0, 0, 0, 0, 0, 0.289205249, -0.101467822, -0.196855347, -0.143475719, 0.679525707, -0.719339671, -0.970336914, 0.0462646484, 0.237182617, 0.194393518, 0.732057303, 0.652916637, 0, -0, 0, 0, 0, 0, 0, 0.337194531, -0.0566719727, -0.17206958, 0.08000061, 0.250906593, -0.964634811, -0.141601563, -0.954956055, -0.260253906, -0.986544004, 0.15746056, -0.0408750482, 0, 1, 1, 1, 
250.200027, 17, 0.1, 0.1, -0.00201663681, 0.378980149, -0.0199774241, 0.975796344, -1.151394e-006, 0.218681265, 0.218681265, 1.50413278e-005, -0.975796344, -2.16573054e-006, 1, 1.4929061e-005, 0.975796343, -2.31512557e-005, 0.218681267, 0.218681267, -5.96499234e-006, -0.975796343, 2.38953427e-005, 1, -7.57871782e-007, 0, 0, 0, 0, 0, 0, 0, 0.289205249, -0.101467822, -0.196855347, -0.143475719, 0.679525707, -0.719339671, -0.970336914, 0.0462646484, 0.237182617, 0.194393518, 0.732057303, 0.652916637, 0, -0, 0, 0, 0, 0, 0, 0.337194531, -0.0566719727, -0.17206958, 0.08000061, 0.250906593, -0.964634811, -0.141601563, -0.954956055, -0.260253906, -0.986544004, 0.15746056, -0.0408750482, 0, 1, 1, 1, 
250.200738, 17, 0.1, 0.1, -0.00201664147, 0.378980147, -0.0199763082, 0.975796377, 1.83649759e-005, 0.218681116, 0.218681116, -1.39728139e-005, -0.975796377, -1.48648864e-005, 1, -1.76506946e-005, 0.975796366, 2.75898368e-005, 0.218681162, 0.218681162, 1.01553215e-005, -0.975796367, -2.914284e-005, 1, 3.87614825e-006, 0, 0, 0, 0, 0, 0, 0, 0.289205249, -0.101467822, -0.196855347, -0.143475719, 0.679525707, -0.719339671, -0.970336914, 0.0462646484, 0.237182617, 0.194393518, 0.732057303, 0.652916637, 0, -0, 0, 0, 0, 0, 0, 0.337194531, -0.0566719727, -0.17206958, 0.08000061, 0.250906593, -0.964634811, -0.141601563, -0.954956055, -0.260253906, -0.986544004, 0.15746056, -0.0408750482, 0, 1, 1, 1, 
250.201497, 17, 0.1, 0.1, -0.0020166391, 0.378980152, -0.0199723912, 0.975796486, -6.62537315e-006, 0.21868063, 0.21868063, 1.22665914e-005, -0.975796486, 3.7825499e-006, 1, 1.34185376e-005, 0.975796462, -1.55151296e-005, 0.218680735, 0.218680734, -1.32944147e-005, -0.975796462, 1.80468409e-005, 1, -9.57978295e-006, 0, 0, 0, 0, 0, 0, 0, 0.291268726, -0.104864062, -0.195988135, -0.146486157, 0.678510992, -0.719841036, -0.970825195, 0.0407714844, 0.235961914, 0.18943228, 0.733453937, 0.652872453, 0, -0, 0, 0, 0, 0, 0, 0.338787598, -0.0601209961, -0.171745898, 0.0774063338, 0.244720575, -0.966468595, -0.135864258, -0.957641602, -0.253295898, -0.987553129, 0.150918733, -0.0409450439, 0, 1, 1, 1, 
250.202193, 17, 0.1, 0.1, -0.00201664273, 0.37898015, -0.0199679471, 0.975796647, 8.88715542e-006, 0.218679911, 0.218679911, -1.79270987e-005, -0.975796647, -4.75176011e-006, 1, -1.94366451e-005, 0.975796614, 2.17477007e-005, 0.218680059, 0.218680059, 1.06391027e-005, -0.975796614, -2.35478924e-005, 1, 5.62581194e-006, 0, 0, 0, 0, 0, 0, 0, 0.291268726, -0.104864062, -0.195988135, -0.146486157, 0.678510992, -0.719841036, -0.970825195, 0.0407714844, 0.235961914, 0.18943228, 0.733453937, 0.652872453, 0, -0, 0, 0, 0, 0, 0, 0.338787598, -0.0601209961, -0.171745898, 0.0774063338, 0.244720575, -0.966468595, -0.135864258, -0.957641602, -0.253295898, -0.987553129, 0.150918733, -0.0409450439, 0, 1, 1, 1, 
250.202895, 17, 0.1, 0.1, -0.00201663689, 0.378980155, -0.0199642194, 0.975796876, -2.22549277e-005, 0.218678889, 0.218678889, 1.68258957e-005, -0.975796876, 1.80368208e-005, 1, 2.12853394e-005, 0.975796827, -3.49553719e-005, 0.218679106, 0.218679105, -1.61934052e-005, -0.975796828, 3.76505004e-005, 0.999999999, -8.15746393e-006, 0, 0, 0, 0, 0, 0, 0, 0.291268726, -0.104864062, -0.195988135, -0.146486157, 0.678510992, -0.719841036, -0.970825195, 0.0407714844, 0.235961914, 0.18943228, 0.733453937, 0.652872453, 0, -0, 0, 0, 0, 0, 0, 0.338787598, -0.0601209961, -0.171745898, 0.0774063338, 0.244720575, -0.966468595, -0.135864258, -0.957641602, -0.253295898, -0.987553129, 0.150918733, -0.0409450439, 0, 1, 1, 1, 
250.203635, 17, 0.1, 0.1, -0.00201664061, 0.378980151, -0.0199619029, 0.975797194, 1.15432829e-005, 0.218677471, 0.218677471, -2.11896805e-005, -0.975797194, -6.63019733e-006, 1, -2.32010866e-005, 0.975797127, 2.49853066e-005, 0.218677766, 0.218677766, 1.56464444e-005, -0.975797128, -2.78021199e-005, 1, 9.80402445e-006, 0, 0, 0, 0, 0, 0, 0, 0.291268726, -0.104864062, -0.195988135, -0.146486157, 0.678510992, -0.719841036, -0.970825195, 0.0407714844, 0.235961914, 0.18943228, 0.733453937, 0.652872453, 0, -0, 0, 0, 0, 0, 0, 0.338787598, -0.0601209961, -0.171745898, 0.0774063338, 0.244720575, -0.966468595, -0.135864258, -0.957641602, -0.253295898, -0.987553129, 0.150918733, -0.0409450439, 0, 1, 1, 1, 
250.204334, 17, 0.1, 0.1, -0.0020166349, 0.378980159, -0.0199618516, 0.975797562, -2.17771084e-005, 0.218675828, 0.218675828, 1.06371543e-005, -0.975797562, 1.89239607e-005, 1, 1.51418364e-005, 0.975797487, -3.49575889e-005, 0.218676162, 0.218676162, -2.42108186e-005, -0.975797487, 3.94058563e-005, 0.999999999, -1.59804645e-005, 0, 0, 0, 0, 0, 0, 0, 0.291268726, -0.104864062, -0.195988135, -0.146486157, 0.678510992, -0.719841036, -0.970825195, 0.0407714844, 0.235961914, 0.18943228, 0.733453937, 0.652872453, 0, -0, 0, 0, 0, 0, 0, 0.338787598, -0.0601209961, -0.171745898, 0.0774063338, 0.244720575, -0.966468595, -0.135864258, -0.957641602, -0.253295898, -0.987553129, 0.150918733, -0.0409450439, 0, 1, 1, 1, 
250.205034, 17, 0.1, 0.1, -0.0020166391, 0.378980154, -0.0199640402, 0.97579799, 1.84129426e-005, 0.21867392, 0.21867392, -1.1322644e-005, -0.97579799, -1.54913455e-005, 1, -1.50750436e-005, 0.975797903, 2.92858949e-005, 0.218674305, 0.218674304, 2.02592593e-005, -0.975797903, -3.30072943e-005, 0.999999999, 1.33648701e-005, 0, 0, 0, 0, 0, 0, 0, 0.291268726, -0.104864062, -0.195988135, -0.146486157, 0.678510992, -0.719841036, -0.970825195, 0.0407714844, 0.235961914, 0.18943228, 0.733453937, 0.652872453, 0, -0, 0, 0, 0, 0, 0, 0.338787598, -0.0601209961, -0.171745898, 0.0774063338, 0.244720575, -0.966468595, -0.135864258, -0.957641602, -0.253295898, -0.987553129, 0.150918733, -0.0409450439, 0, 1, 1, 1, 
250.20576, 17, 0.1, 0.1, -0.00201663532, 0.37898016, -0.0199677293, 0.975798477, -1.28836982e-005, 0.218671743, 0.218671743, 1.53254632e-005, -0.975798477, 9.22064729e-006, 1, 1.77718644e-005, 0.975798372, -2.45308652e-005, 0.218672211, 0.218672211, -1.69702426e-005, -0.975798373, 2.76480989e-005, 1, -1.11953166e-005, 0, 0, 0, 0, 0, 0, 0, 0.291268726, -0.104864062, -0.195988135, -0.146486157, 0.678510992, -0.719841036, -0.970825195, 0.0407714844, 0.235961914, 0.18943228, 0.733453937, 0.652872453, 0, -0, 0, 0, 0, 0, 0, 0.338787598, -0.0601209961, -0.171745898, 0.0774063338, 0.244720575, -0.966468595, -0.135864258, -0.957641602, -0.253295898, -0.987553129, 0.150918733, -0.0409450439, 0, 1, 1, 1, 
250.206498, 17, 0.1, 0.1, -0.00201664054, 0.378980154, -0.0199710146, 0.975799012, 2.21836466e-005, 0.218669357, 0.218669357, -8.65161506e-007, -0.975799012, -2.14575962e-005, 1, -5.69510749e-006, 0.975798913, 3.16457103e-005, 0.218669797, 0.218669796, 2.49816014e-005, -0.975798914, -3.63425715e-005, 0.999999999, 1.74570585e-005, 0, 0, 0, 0, 0, 0, 0, 0.293518213, -0.107821265, -0.195107373, -0.150194912, 0.677356615, -0.720082171, -0.971313477, 0.0344238281, 0.234985352, 0.183963684, 0.7347491, 0.652910645, 0, -0, 0, 0, 0, 0, 0, 0.340377246, -0.0631108398, -0.171184082, 0.0748375772, 0.239173281, -0.968046816, -0.128417969, -0.960327148, -0.247314453, -0.988805058, 0.142971126, -0.0411109216, 0, 1, 1, 1, 
250.207199, 17, 0.1, 0.1, -0.00201663849, 0.378980158, -0.0199734339, 0.975799535, -8.17155247e-006, 0.218667025, 0.218667025, 1.25037087e-005, -0.975799535, 5.23964832e-006, 1, 1.39879622e-005, 0.975799433, -1.57899233e-005, 0.218667479, 0.218667479, -9.97930644e-006, -0.975799433, 1.75899479e-005, 1, -6.28505886e-006, 0, 0, 0, 0, 0, 0, 0, 0.293518213, -0.107821265, -0.195107373, -0.150194912, 0.677356615, -0.720082171, -0.971313477, 0.0344238281, 0.234985352, 0.183963684, 0.7347491, 0.652910645, 0, -0, 0, 0, 0, 0, 0, 0.340377246, -0.0631108398, -0.171184082, 0.0748375772, 0.239173281, -0.968046816, -0.128417969, -0.960327148, -0.247314453, -0.988805058, 0.142971126, -0.0411109216, 0, 1, 1, 1, 
250.207898, 17, 0.1, 0.1, -0.00201664173, 0.378980155, -0.0199745288, 0.97580006, 1.14703059e-005, 0.21866468, 0.21866468, -1.17348633e-005, -0.97580006, -8.62672508e-006, 1, -1.39590311e-005, 0.975799958, 2.06226299e-005, 0.218665138, 0.218665138, 1.19682326e-005, -0.975799958, -2.27405967e-005, 1, 7.16915065e-006, 0, 0, 0, 0, 0, 0, 0, 0.293518213, -0.107821265, -0.195107373, -0.150194912, 0.677356615, -0.720082171, -0.971313477, 0.0344238281, 0.234985352, 0.183963684, 0.7347491, 0.652910645, 0, -0, 0, 0, 0, 0, 0, 0.340377246, -0.0631108398, -0.171184082, 0.0748375772, 0.239173281, -0.968046816, -0.128417969, -0.960327148, -0.247314453, -0.988805058, 0.142971126, -0.0411109216, 0, 1, 1, 1, 
250.208627, 17, 0.1, 0.1, -0.0020166377, 0.378980161, -0.019973743, 0.975800618, -1.58138345e-005, 0.218662192, 0.218662192, 6.0979569e-006, -0.975800618, 1.40977569e-005, 1, 9.40827783e-006, 0.975800515, -2.42618434e-005, 0.21866265, 0.21866265, -1.66813819e-005, -0.975800515, 2.73223144e-005, 1, -1.09725421e-005, 0, 0, 0, 0, 0, 0, 0, 0.293518213, -0.107821265, -0.195107373, -0.150194912, 0.677356615, -0.720082171, -0.971313477, 0.0344238281, 0.234985352, 0.183963684, 0.7347491, 0.652910645, 0, -0, 0, 0, 0, 0, 0, 0.340377246, -0.0631108398, -0.171184082, 0.0748375772, 0.239173281, -0.968046816, -0.128417969, -0.960327148, -0.247314453, -0.988805058, 0.142971126, -0.0411109216, 0, 1, 1, 1, 
250.209326, 17, 0.1, 0.1, -0.00201663996, 0.378980159, -0.019971692, 0.975801158, 6.6026289e-006, 0.218659783, 0.218659783, -1.95423104e-005, -0.975801158, -2.16973558e-006, 1, -2.05131385e-005, 0.975801052, 1.61960144e-005, 0.218660254, 0.218660254, 6.05756242e-006, -0.975801052, -1.7128636e-005, 1, 2.36955117e-006, 0, 0, 0, 0, 0, 0, 0, 0.293518213, -0.107821265, -0.195107373, -0.150194912, 0.677356615, -0.720082171, -0.971313477, 0.0344238281, 0.234985352, 0.183963684, 0.7347491, 0.652910645, 0, -0, 0, 0, 0, 0, 0, 0.340377246, -0.0631108398, -0.171184082, 0.0748375772, 0.239173281, -0.968046816, -0.128417969, -0.960327148, -0.247314453, -0.988805058, 0.142971126, -0.0411109216, 0, 1, 1, 1, 
250.210025, 17, 0.1, 0.1, -0.00201663538, 0.378980165, -0.0199691395, 0.975801708, -1.63899319e-005, 0.218657329, 0.218657329, 1.07767154e-005, -0.975801708, 1.36369157e-005, 1, 1.4099716e-005, 0.9758016, -2.74148036e-005, 0.218657808, 0.218657808, -1.76402167e-005, -0.9758016, 3.06085803e-005, 0.999999999, -1.12188909e-005, 0, 0, 0, 0, 0, 0, 0, 0.293518213, -0.107821265, -0.195107373, -0.150194912, 0.677356615, -0.720082171, -0.971313477, 0.0344238281, 0.234985352, 0.183963684, 0.7347491, 0.652910645, 0, -0, 0, 0, 0, 0, 0, 0.340377246, -0.0631108398, -0.171184082, 0.0748375772, 0.239173281, -0.968046816, -0.128417969, -0.960327148, -0.247314453, -0.988805058, 0.142971126, -0.0411109216, 0, 1, 1, 1, 
250.210785, 17, 0.1, 0.1, -0.00201663911, 0.378980162, -0.0199663499, 0.975802325, 1.06569257e-005, 0.218654572, 0.218654572, -2.55255081e-005, -0.975802325, -4.81778384e-006, 1, -2.72380357e-005, 0.975802195, 2.3469331e-005, 0.21865515, 0.21865515, 8.88649173e-006, -0.975802196, -2.48445019e-005, 1, 3.53976804e-006, 0, 0, 0, 0, 0, 0, 0, 0.295031934, -0.110698999, -0.195026807, -0.155349354, 0.677838884, -0.718564969, -0.971069336, 0.0285644531, 0.236816406, 0.181072309, 0.734672716, 0.653906263, 0, -0, 0, 0, 0, 0, 0, 0.340377246, -0.0631108398, -0.171184082, 0.0711379268, 0.235006248, -0.969305308, -0.122314453, -0.962402344, -0.24230957, -0.989807621, 0.135905047, -0.0396475392, 0, 1, 1, 1, 
250.211505, 17, 0.1, 0.1, -0.00201663416, 0.378980169, -0.0199642401, 0.975802936, -1.57928364e-005, 0.218651846, 0.218651846, 1.54925868e-005, -0.975802936, 1.20232134e-005, 1, 1.85708445e-005, 0.975802809, -2.95512081e-005, 0.218652409, 0.218652409, -2.07961394e-005, -0.97580281, 3.33832779e-005, 0.999999999, -1.38314884e-005, 0, 0, 0, 0, 0, 0, 0, 0.295031934, -0.110698999, -0.195026807, -0.155349354, 0.677838884, -0.718564969, -0.971069336, 0.0285644531, 0.236816406, 0.181072309, 0.734672716, 0.653906263, 0, -0, 0, 0, 0, 0, 0, 0.341674072, -0.0657675781, -0.171236572, 0.0711379268, 0.235006248, -0.969305308, -0.122314453, -0.962402344, -0.24230957, -0.989807621, 0.135905047, -0.0396475392, 0, 1, 1, 1, 
250.212206, 17, 0.1, 0.1, -0.00201663895, 0.378980164, -0.0199636625, 0.975803558, 1.96157288e-005, 0.218649071, 0.218649071, -9.63991619e-006, -0.975803558, -1.70333392e-005, 1, -1.36956254e-005, 0.975803436, 3.13258593e-005, 0.218649612, 0.218649611, 2.2210641e-005, -0.975803437, -3.54242292e-005, 0.999999999, 1.48238328e-005, 0, 0, 0, 0, 0, 0, 0, 0.295031934, -0.110698999, -0.195026807, -0.155349354, 0.677838884, -0.718564969, -0.971069336, 0.0285644531, 0.236816406, 0.181072309, 0.734672716, 0.653906263, 0, -0, 0, 0, 0, 0, 0, 0.341674072, -0.0657675781, -0.171236572, 0.0711379268, 0.235006248, -0.969305308, -0.122314453, -0.962402344, -0.24230957, -0.989807621, 0.135905047, -0.0396475392, 0, 1, 1, 1, 
250.21293, 17, 0.1, 0.1, -0.00201663497, 0.378980169, -0.0199647935, 0.975804218, -1.39535132e-005, 0.218646127, 0.218646127, 2.02904662e-005, -0.975804217, 9.17946512e-006, 1, 2.28504041e-005, 0.975804085, -2.5863879e-005, 0.218646719, 0.218646719, -1.28560657e-005, -0.975804085, 2.80490154e-005, 1, -6.88994916e-006, 0, 0, 0, 0, 0, 0, 0, 0.295031934, -0.110698999, -0.195026807, -0.155349354, 0.677838884, -0.718564969, -0.971069336, 0.0285644531, 0.236816406, 0.181072309, 0.734672716, 0.653906263, 0, -0, 0, 0, 0, 0, 0, 0.341674072, -0.0657675781, -0.171236572, 0.0711379268, 0.235006248, -0.969305308, -0.122314453, -0.962402344, -0.24230957, -0.989807621, 0.135905047, -0.0396475392, 0, 1, 1, 1, 
250.213659, 17, 0.1, 0.1, -0.00201663998, 0.378980163, -0.0199668591, 0.975804912, 1.94022221e-005, 0.218643027, 0.218643027, -7.07695415e-006, -0.975804912, -1.7385457e-005, 1, -1.11478872e-005, 0.975804782, 3.05036887e-005, 0.218643607, 0.218643606, 2.31232212e-005, -0.975804782, -3.48213898e-005, 0.999999999, 1.58943134e-005, 0, 0, 0, 0, 0, 0, 0, 0.295031934, -0.110698999, -0.195026807, -0.155349354, 0.677838884, -0.718564969, -0.971069336, 0.0285644531, 0.236816406, 0.181072309, 0.734672716, 0.653906263, 0, -0, 0, 0, 0, 0, 0, 0.3429875, -0.0689154785, -0.171309082, 0.0676810795, 0.230072525, -0.970781084, -0.116455078, -0.964477539, -0.236816406, -0.990784663, 0.129126614, -0.0384524797, 0, 1, 1, 1, 
250.214358, 17, 0.1, 0.1, -0.00201663648, 0.378980168, -0.0199693029, 0.975805582, -1.44799214e-005, 0.218640035, 0.218640035, 1.0178398e-005, -0.975805582, 1.19041829e-005, 1, 1.30980281e-005, 0.97580545, -2.38348551e-005, 0.218640627, 0.218640626, -1.66605482e-005, -0.97580545, 2.69008542e-005, 1, -1.10461861e-005, 0, 0, 0, 0, 0, 0, 0, 0.295031934, -0.110698999, -0.195026807, -0.155349354, 0.677838884, -0.718564969, -0.971069336, 0.0285644531, 0.236816406, 0.181072309, 0.734672716, 0.653906263, 0, -0, 0, 0, 0, 0, 0, 0.3429875, -0.0689154785, -0.171309082, 0.0676810795, 0.230072525, -0.970781084, -0.116455078, -0.964477539, -0.236816406, -0.990784663, 0.129126614, -0.0384524797, 0, 1, 1, 1, 
250.215055, 17, 0.1, 0.1, -0.00201663956, 0.378980165, -0.0199716379, 0.975806248, 1.14934302e-005, 0.218637063, 0.218637063, -1.30831095e-005, -0.975806248, -8.35490835e-006, 1, -1.52794698e-005, 0.97580612, 2.0895694e-005, 0.218637637, 0.218637637, 1.25549924e-005, -0.97580612, -2.313514e-005, 1, 7.68265329e-006, 0, 0, 0, 0, 0, 0, 0, 0.295031934, -0.110698999, -0.195026807, -0.155349354, 0.677838884, -0.718564969, -0.971069336, 0.0285644531, 0.236816406, 0.181072309, 0.734672716, 0.653906263, 0, -0, 0, 0, 0, 0, 0, 0.3429875, -0.0689154785, -0.171309082, 0.0676810795, 0.230072525, -0.970781084, -0.116455078, -0.964477539, -0.236816406, -0.990784663, 0.129126614, -0.0384524797, 0, 1, 1, 1, 
250.215805, 17, 0.1, 0.1, -0.00201663531, 0.378980171, -0.0199729664, 0.975806958, -1.57008957e-005, 0.218633894, 0.218633894, 8.61354787e-006, -0.975806958, 1.34378298e-005, 1, 1.18379079e-005, 0.975806823, -2.48432674e-005, 0.218634499, 0.218634499, -1.62871845e-005, -0.975806823, 2.78031702e-005, 1, -1.04615504e-005, 0, 0, 0, 0, 0, 0, 0, 0.297027417, -0.113843433, -0.19455188, -0.159799488, 0.677432999, -0.718025412, -0.970947266, 0.0233154297, 0.238037109, 0.177945791, 0.73523137, 0.654191582, 0, -0, 0, 0, 0, 0, 0, 0.3429875, -0.0689154785, -0.171309082, 0.0676810795, 0.230072525, -0.970781084, -0.116455078, -0.964477539, -0.236816406, -0.990784663, 0.129126614, -0.0384524797, 0, 1, 1, 1, 
250.216514, 17, 0.1, 0.1, -0.00201663786, 0.378980169, -0.0199727053, 0.975807623, 8.71267851e-006, 0.21863093, 0.21863093, -1.48456336e-005, -0.975807623, -5.25618344e-006, 1, -1.63913434e-005, 0.975807496, 1.76183892e-005, 0.218631495, 0.218631495, 9.5903501e-006, -0.975807496, -1.92889088e-005, 1, 5.50640076e-006, 0, 0, 0, 0, 0, 0, 0, 0.297027417, -0.113843433, -0.19455188, -0.159799488, 0.677432999, -0.718025412, -0.970947266, 0.0233154297, 0.238037109, 0.177945791, 0.73523137, 0.654191582, 0, -0, 0, 0, 0, 0, 0, 0.3429875, -0.0689154785, -0.171309082, 0.0676810795, 0.230072525, -0.970781084, -0.116455078, -0.964477539, -0.236816406, -0.990784663, 0.129126614, -0.0384524797, 0, 1, 1, 1, 
250.217209, 17, 0.1, 0.1, -0.00201663402, 0.378980174, -0.0199714934, 0.975808267, -1.37437478e-005, 0.218628052, 0.218628052, 1.04925957e-005, -0.975808267, 1.1117287e-005, 1, 1.32435305e-005, 0.975808142, -2.36848369e-005, 0.21862861, 0.21862861, -1.53177652e-005, -0.975808142, 2.64607584e-005, 1, -9.76901703e-006, 0, 0, 0, 0, 0, 0, 0, 0.297027417, -0.113843433, -0.19455188, -0.159799488, 0.677432999, -0.718025412, -0.970947266, 0.0233154297, 0.238037109, 0.177945791, 0.73523137, 0.654191582, 0, -0, 0, 0, 0, 0, 0, 0.3429875, -0.0689154785, -0.171309082, 0.0676810795, 0.230072525, -0.970781084, -0.116455078, -0.964477539, -0.236816406, -0.990784663, 0.129126614, -0.0384524797, 0, 1, 1, 1, 
250.217936, 17, 0.1, 0.1, -0.00201663751, 0.378980171, -0.0199696133, 0.975808937, 1.15598512e-005, 0.218625064, 0.218625064, -1.8702762e-005, -0.975808937, -7.19131356e-006, 1, -2.07775955e-005, 0.975808798, 2.26504476e-005, 0.218625683, 0.218625683, 1.11553697e-005, -0.975808798, -2.45413563e-005, 1, 5.93353833e-006, 0, 0, 0, 0, 0, 0, 0, 0.297027417, -0.113843433, -0.19455188, -0.159799488, 0.677432999, -0.718025412, -0.970947266, 0.0233154297, 0.238037109, 0.177945791, 0.73523137, 0.654191582, 0, -0, 0, 0, 0, 0, 0, 0.3429875, -0.0689154785, -0.171309082, 0.0676810795, 0.230072525, -0.970781084, -0.116455078, -0.964477539, -0.236816406, -0.990784663, 0.129126614, -0.0384524797, 0, 1, 1, 1, 
250.218677, 17, 0.1, 0.1, -0.00201663237, 0.378980178, -0.0199670327, 0.975809637, -1.74180296e-005, 0.21862194, 0.21862194, 1.19165647e-005, -0.975809637, 1.43914586e-005, 1, 1.54362621e-005, 0.975809508, -2.94649252e-005, 0.218622512, 0.218622511, -1.8931163e-005, -0.975809509, 3.28909326e-005, 0.999999999, -1.2031513e-005, 0, 0, 0, 0, 0, 0, 0, 0.299032544, -0.116308618, -0.19383479, -0.163977408, 0.677230056, -0.717149239, -0.971069336, 0.0169677734, 0.238037109, 0.173416648, 0.735510697, 0.655041545, 0, -0, 0, 0, 0, 0, 0, 0.344340723, -0.0713343262, -0.171143701, 0.0648440001, 0.226346255, -0.971816096, -0.10925293, -0.966308594, -0.232299805, -0.991819309, 0.121370404, -0.0379475502, 0, 1, 1, 1, 
250.219375, 17, 0.1, 0.1, -0.00201663628, 0.378980174, -0.0199654626, 0.975810304, 1.5347055e-005, 0.218618961, 0.218618961, -1.39571135e-005, -0.975810304, -1.19245247e-005, 1, -1.69746524e-005, 0.975810172, 2.64246326e-005, 0.218619548, 0.218619548, 1.66842287e-005, -0.975810173, -2.94329239e-005, 1, 1.05036988e-005, 0, 0, 0, 0, 0, 0, 0, 0.299032544, -0.116308618, -0.19383479, -0.163977408, 0.677230056, -0.717149239, -0.971069336, 0.0169677734, 0.238037109, 0.173416648, 0.735510697, 0.655041545, 0, -0, 0, 0, 0, 0, 0, 0.344340723, -0.0713343262, -0.171143701, 0.0648440001, 0.226346255, -0.971816096, -0.10925293, -0.966308594, -0.232299805, -0.991819309, 0.121370404, -0.0379475502, 0, 1, 1, 1, 
250.220073, 17, 0.1, 0.1, -0.00201663237, 0.378980179, -0.0199651915, 0.975810982, -1.32069828e-005, 0.218615938, 0.218615938, 1.81106208e-005, -0.975810981, 8.92824855e-006, 1, 2.05597996e-005, 0.975810848, -2.52491942e-005, 0.218616532, 0.218616531, -1.39965047e-005, -0.975810848, 2.76983049e-005, 1, -8.13804987e-006, 0, 0, 0, 0, 0, 0, 0, 0.299032544, -0.116308618, -0.19383479, -0.163977408, 0.677230056, -0.717149239, -0.971069336, 0.0169677734, 0.238037109, 0.173416648, 0.735510697, 0.655041545, 0, -0, 0, 0, 0, 0, 0, 0.344340723, -0.0713343262, -0.171143701, 0.0648440001, 0.226346255, -0.971816096, -0.10925293, -0.966308594, -0.232299805, -0.991819309, 0.121370404, -0.0379475502, 0, 1, 1, 1, 
250.220813, 17, 0.1, 0.1, -0.00201663816, 0.378980173, -0.0199658429, 0.975811714, 2.338684e-005, 0.218612667, 0.218612667, -6.07051544e-006, -0.975811714, -2.14940608e-005, 1, -1.10363395e-005, 0.975811577, 3.48411843e-005, 0.218613276, 0.218613276, 2.47455218e-005, -0.975811578, -3.94081306e-005, 0.999999999, 1.65302212e-005, 0, 0, 0, 0, 0, 0, 0, 0.299032544, -0.116308618, -0.19383479, -0.163977408, 0.677230056, -0.717149239, -0.971069336, 0.0169677734, 0.238037109, 0.173416648, 0.735510697, 0.655041545, 0, -0, 0, 0, 0, 0, 0, 0.344340723, -0.0713343262, -0.171143701, 0.0648440001, 0.226346255, -0.971816096, -0.10925293, -0.966308594, -0.232299805, -0.991819309, 0.121370404, -0.0379475502, 0, 1, 1, 1, 
250.221517, 17, 0.1, 0.1, -0.00201663517, 0.378980177, -0.0199673357, 0.975812421, -1.14188825e-005, 0.218609511, 0.218609511, 1.55087789e-005, -0.975812421, 7.75232085e-006, 1, 1.76299354e-005, 0.975812284, -2.14031821e-005, 0.218610124, 0.218610124, -1.32422806e-005, -0.975812284, 2.37803846e-005, 1, -8.24302778e-006, 0, 0, 0, 0, 0, 0, 0, 0.299032544, -0.116308618, -0.19383479, -0.163977408, 0.677230056, -0.717149239, -0.971069336, 0.0169677734, 0.238037109, 0.173416648, 0.735510697, 0.655041545, 0, -0, 0, 0, 0, 0, 0, 0.344340723, -0.0713343262, -0.171143701, 0.0648440001, 0.226346255, -0.971816096, -0.10925293, -0.966308594, -0.232299805, -0.991819309, 0.121370404, -0.0379475502, 0, 1, 1, 1, 
250.222213, 17, 0.1, 0.1, -0.00201663923, 0.378980173, -0.0199693617, 0.975813119, 1.56640813e-005, 0.218606397, 0.218606398, -9.65989274e-006, -0.975813119, -1.31735017e-005, 1, -1.28505185e-005, 0.975812982, 2.61587048e-005, 0.218607005, 0.218607005, 1.82788356e-005, -0.975812983, -2.95218852e-005, 0.999999999, 1.21182489e-005, 0, 0, 0, 0, 0, 0, 0, 0.299032544, -0.116308618, -0.19383479, -0.163977408, 0.677230056, -0.717149239, -0.971069336, 0.0169677734, 0.238037109, 0.173416648, 0.735510697, 0.655041545, 0, -0, 0, 0, 0, 0, 0, 0.344340723, -0.0713343262, -0.171143701, 0.0648440001, 0.226346255, -0.971816096, -0.10925293, -0.966308594, -0.232299805, -0.991819309, 0.121370404, -0.0379475502, 0, 1, 1, 1, 
250.222964, 17, 0.1, 0.1, -0.00201663497, 0.378980178, -0.0199710993, 0.975813869, -1.66141909e-005, 0.218603046, 0.218603047, 1.07015839e-005, -0.975813869, 1.38729591e-005, 1, 1.40746667e-005, 0.975813726, -2.58261739e-005, 0.218603687, 0.218603686, -1.54324744e-005, -0.975813726, 2.85751307e-005, 1, -9.41352349e-006, 0, 0, 0, 0, 0, 0, 0, 0.300315454, -0.118684814, -0.194132349, -0.169340784, 0.678866703, -0.714355971, -0.970458984, 0.0113525391, 0.240844727, 0.1715471, 0.73413915, 0.657070973, 0, -0, 0, 0, 0, 0, 0, 0.344340723, -0.0713343262, -0.171143701, 0.0648440001, 0.226346255, -0.971816096, -0.10925293, -0.966308594, -0.232299805, -0.991819309, 0.121370404, -0.0379475502, 0, 1, 1, 1, 
250.223676, 17, 0.1, 0.1, -0.00201663768, 0.378980175, -0.0199716257, 0.975814578, 8.55752921e-006, 0.218599885, 0.218599885, -1.45512017e-005, -0.975814578, -5.16967072e-006, 1, -1.60699497e-005, 0.975814444, 1.82950521e-005, 0.218600482, 0.218600482, 1.16219138e-005, -0.975814444, -2.0393132e-005, 1, 7.34152415e-006, 0, 0, 0, 0, 0, 0, 0, 0.300315454, -0.118684814, -0.194132349, -0.169340784, 0.678866703, -0.714355971, -0.970458984, 0.0113525391, 0.240844727, 0.1715471, 0.73413915, 0.657070973, 0, -0, 0, 0, 0, 0, 0, 0.345382812, -0.0737182617, -0.171161035, 0.0606459834, 0.223092832, -0.972786942, -0.102661133, -0.968017578, -0.228393555, -0.992751509, 0.113786636, -0.0357174788, 0, 1, 1, 1, 
250.224375, 17, 0.1, 0.1, -0.00201663326, 0.378980181, -0.0199714973, 0.975815263, -1.79511005e-005, 0.218596826, 0.218596826, 5.60043741e-006, -0.975815263, 1.629272e-005, 1, 9.3890459e-006, 0.97581513, -2.7426882e-005, 0.21859742, 0.21859742, -1.95405354e-005, -0.97581513, 3.1035077e-005, 0.999999999, -1.30725044e-005, 0, 0, 0, 0, 0, 0, 0, 0.300315454, -0.118684814, -0.194132349, -0.169340784, 0.678866703, -0.714355971, -0.970458984, 0.0113525391, 0.240844727, 0.1715471, 0.73413915, 0.657070973, 0, -0, 0, 0, 0, 0, 0, 0.345382812, -0.0737182617, -0.171161035, 0.0606459834, 0.223092832, -0.972786942, -0.102661133, -0.968017578, -0.228393555, -0.992751509, 0.113786636, -0.0357174788, 0, 1, 1, 1, 
250.225091, 17, 0.1, 0.1, -0.0020166358, 0.378980179, -0.0199707095, 0.975815956, 7.88023282e-006, 0.218593732, 0.218593732, -2.0821648e-005, -0.975815956, -3.13817519e-006, 1, -2.20406659e-005, 0.975815815, 1.79881618e-005, 0.218594363, 0.218594363, 7.16621297e-006, -0.975815815, -1.91196265e-005, 1, 3.06079319e-006, 0, 0, 0, 0, 0, 0, 0, 0.300315454, -0.118684814, -0.194132349, -0.169340784, 0.678866703, -0.714355971, -0.970458984, 0.0113525391, 0.240844727, 0.1715471, 0.73413915, 0.657070973, 0, -0, 0, 0, 0, 0, 0, 0.345382812, -0.0737182617, -0.171161035, 0.0606459834, 0.223092832, -0.972786942, -0.102661133, -0.968017578, -0.228393555, -0.992751509, 0.113786636, -0.0357174788, 0, 1, 1, 1, 
250.225806, 17, 0.1, 0.1, -0.00201663102, 0.378980185, -0.0199692645, 0.97581665, -1.70429191e-005, 0.218590633, 0.218590633, 7.88156227e-006, -0.97581665, 1.49079285e-005, 1, 1.14163822e-005, 0.975816518, -2.82480744e-005, 0.218591221, 0.21859122, -2.07696502e-005, -0.975816519, 3.21050008e-005, 0.999999999, -1.40925867e-005, 0, 0, 0, 0, 0, 0, 0, 0.300315454, -0.118684814, -0.194132349, -0.169340784, 0.678866703, -0.714355971, -0.970458984, 0.0113525391, 0.240844727, 0.1715471, 0.73413915, 0.657070973, 0, -0, 0, 0, 0, 0, 0, 0.345382812, -0.0737182617, -0.171161035, 0.0606459834, 0.223092832, -0.972786942, -0.102661133, -0.968017578, -0.228393555, -0.992751509, 0.113786636, -0.0357174788, 0, 1, 1, 1, 
250.226615, 17, 0.1, 0.1, -0.00201663471, 0.378980184, -0.0199673948, 0.975817423, 8.74776846e-006, 0.218587182, 0.218587183, -3.13870617e-005, -0.975817423, -1.6754155e-006, 0.999999999, -3.25401917e-005, 0.975817215, 2.44428729e-005, 0.21858811, 0.21858811, 1.18217847e-005, -0.975817216, -2.64358777e-005, 1, 6.19297961e-006, 0, 0, 0, 0, 0, 0, 0, 0.300315454, -0.118684814, -0.194132349, -0.169340784, 0.678866703, -0.714355971, -0.970458984, 0.0113525391, 0.240844727, 0.1715471, 0.73413915, 0.657070973, 0, -0, 0, 0, 0, 0, 0, 0.345382812, -0.0737182617, -0.171161035, 0.0606459834, 0.223092832, -0.972786942, -0.102661133, -0.968017578, -0.228393555, -0.992751509, 0.113786636, -0.0357174788, 0, 1, 1, 1, 
250.22776, 17, 0.1, 0.1, -0.00201662427, 0.378980192, -0.0199592942, 0.975818587, -4.50493292e-006, 0.218581985, 0.218581985, 5.92092319e-005, -0.975818586, -8.54607419e-006, 0.999999998, 5.87621662e-005, 0.975818337, -3.72196368e-005, 0.218583099, 0.218583099, -8.9747268e-006, -0.975818338, 3.82813277e-005, 0.999999999, -6.22119439e-007, 0, 0, 0, 0, 0, 0, 0, 0.300315454, -0.118684814, -0.194132349, -0.174311379, 0.679634291, -0.712502154, -0.970092773, 0.00512695312, 0.2421875, 0.168255832, 0.733523208, 0.658631237, 0, -0, 0, 0, 0, 0, 0, 0.345382812, -0.0737182617, -0.171161035, 0.0606459834, 0.223092832, -0.972786942, -0.102661133, -0.968017578, -0.228393555, -0.992751509, 0.113786636, -0.0357174788, 0, 1, 1, 1, 
250.228906, 17, 0.1, 0.1, -0.00201661825, 0.378980181, -0.0199476135, 0.97581959, -5.21853155e-005, 0.218577504, 0.218577501, -7.18250338e-005, -0.975819589, 6.66227898e-005, 0.999999996, -5.86817392e-005, 0.975819433, -5.00468809e-005, 0.218578205, 0.218578205, 3.28390661e-006, -0.975819434, 4.81189286e-005, 0.999999999, 1.41436573e-005, 0, 0, 0, 0, 0, 0, 0, 0.301837354, -0.120879883, -0.193809619, -0.174311379, 0.679634291, -0.712502154, -0.970092773, 0.00512695312, 0.2421875, 0.168255832, 0.733523208, 0.658631237, 0, -0, 0, 0, 0, 0, 0, 0.346531104, -0.0761817871, -0.171013965, 0.0580389474, 0.218599873, -0.974051997, -0.095703125, -0.969970703, -0.223388672, -0.993639233, 0.106318073, -0.0353594706, 0, 1, 1, 1, 
250.230025, 17, 0.1, 0.1, -0.00201662969, 0.378980198, -0.0199392334, 0.975820046, 5.81533714e-005, 0.218575465, 0.218575461, 6.08847017e-005, -0.975820047, -7.00551276e-005, 0.999999996, 4.67016125e-005, 0.975820006, 8.00174187e-005, 0.218575637, 0.218575639, -1.62134682e-005, -0.975820009, -7.4538729e-005, 0.999999997, -3.3311285e-005, 0, 0, 0, 0, 0, 0, 0, 0.301837354, -0.120879883, -0.193809619, -0.174311379, 0.679634291, -0.712502154, -0.970092773, 0.00512695312, 0.2421875, 0.168255832, 0.733523208, 0.658631237, 0, -0, 0, 0, 0, 0, 0, 0.346531104, -0.0761817871, -0.171013965, 0.0580389474, 0.218599873, -0.974051997, -0.095703125, -0.969970703, -0.223388672, -0.993639233, 0.106318073, -0.0353594706, 0, 1, 1, 1, 
250.231216, 17, 0.1, 0.1, -0.00201661425, 0.378980186, -0.0199358078, 0.975819853, -1.52491685e-005, 0.218576335, 0.218576333, -7.45647547e-005, -0.975819851, 3.11785321e-005, 0.999999997, -6.94286606e-005, 0.975819926, -7.22037559e-005, 0.218575997, 0.218575997, 3.04289855e-006, -0.975819929, 6.97927594e-005, 0.999999997, 1.8751329e-005, 0, 0, 0, 0, 0, 0, 0, 0.303038013, -0.123767749, -0.193309668, -0.176926793, 0.679938706, -0.711505414, -0.969970703, 0.00183105468, 0.243041992, 0.166569009, 0.733104218, 0.659462104, 0, -0, 0, 0, 0, 0, 0, 0.347277832, -0.0790878906, -0.170637061, 0.0560133997, 0.213710993, -0.975182891, -0.0902099609, -0.971679688, -0.218139648, -0.994220355, 0.100280809, -0.0351101042, 0, 1, 1, 1, 
