time, trialNum, realDorsalTactorPos, realVentralTactorPos, boxPosX, boxPosY, boxPosZ, boxLocalRot_11, boxLocalRot_12, boxLocalRot_13, boxLocalRot_21, boxLocalRot_22, boxLocalRot_23, boxLocalRot_31, boxLocalRot_32, boxLocalRot_33, boxGlobalRot_11, boxGlobalRot_12, boxGlobalRot_13, boxGlobalRot_21, boxGlobalRot_22, boxGlobalRot_23, boxGlobalRot_31, boxGlobalRot_32, boxGlobalRot_33, indexForceX, indexForceY, indexForceZ, indexForceGlobalX, indexForceGlobalY, indexForceGlobalZ, indexContact, indexPosX, indexPosY, indexPosZ, indexRot_11, indexRot_12, indexRot_13, indexRot_21, indexRot_22, indexRot_23, indexRot_31, indexRot_32, indexRot_33, thumbForceX, thumbForceY, thumbForceZ, thumbForceGlobalX, thumbForceGlobalY, thumbForceGlobalZ, thumbContact, thumbPosX, thumbPosY, thumbPosZ, thumbRot_11, thumbRot_12, thumbRot_13, thumbRot_21, thumbRot_22, thumbRot_23, thumbRot_31, thumbRot_32, thumbRot_33, manipForceTooHigh, cceExpType, mapping, trialSuccess, 
476.529457, 27, 0.1, 0.1, 0.0144322695, 0.36052117, -0.0349821233, 0.956130532, 1.28316346e-005, 0.292940958, 0.292940958, 1.17331579e-005, -0.956130532, -1.57058402e-005, 1, 7.45951917e-006, 0.956130547, 1.92222501e-005, 0.29294091, 0.29294091, 1.66806071e-005, -0.956130547, -2.32654128e-005, 1, 1.03178546e-005, 0, 0, 0, 0, 0, 0, 0, 0.277109839, -0.0720317383, -0.296882959, 0.438631023, 0.676164299, -0.591690688, -0.726196289, 0.654663086, 0.209594727, 0.529083409, 0.337837059, 0.778413914, 0, 0, 0, 0, 0, 0, 0, 0.33631167, -0.108199414, -0.265400098, 0.248582292, -0.11761741, -0.961425709, -0.381713867, -0.924072266, 0.0142822266, -0.890147278, 0.36347609, -0.274608106, 0, 2, 5, 1, 
476.539279, 27, 0.1, 0.1, 0.0144322888, 0.360521215, -0.0349578005, 0.956134115, -1.09668082e-005, 0.292929265, 0.292929265, 8.2863519e-006, -0.956134115, 8.0584245e-006, 1, 1.11353628e-005, 0.956134092, 7.41304732e-006, 0.29292934, 0.29292934, -1.15478416e-005, -0.956134092, -3.70516564e-006, 1, -1.32127841e-005, 0, 0, 0, 0, 0, 0, 0, 0.277331812, -0.0741214844, -0.298039868, 0.429325609, 0.674275655, -0.600712644, -0.725097656, 0.653930664, 0.215698242, 0.538219941, 0.343079869, 0.769831905, 0, 0, 0, 0, 0, 0, 0, 0.337213721, -0.109774316, -0.266716113, 0.240128289, -0.116059245, -0.963801235, -0.375732422, -0.926391602, 0.0179443359, -0.894963596, 0.357993695, -0.266020308, 0, 2, 5, 1, 
476.539983, 27, 0.1, 0.1, 0.0144322922, 0.360521205, -0.0349603855, 0.956134269, -3.05239105e-006, 0.292928762, 0.292928762, 9.27106786e-006, -0.956134269, 2.0273326e-007, 1, 9.75851882e-006, 0.956134234, -3.45671619e-006, 0.292928876, 0.292928876, 2.53421133e-005, -0.956134234, -4.1183521e-006, 1, 2.52430341e-005, 0, 0, 0, 0, 0, 0, 0, 0.277331812, -0.0741214844, -0.298039868, 0.429325609, 0.674275655, -0.600712644, -0.725097656, 0.653930664, 0.215698242, 0.538219941, 0.343079869, 0.769831905, 0, 0, 0, 0, 0, 0, 0, 0.337213721, -0.109774316, -0.266716113, 0.240128289, -0.116059245, -0.963801235, -0.375732422, -0.926391602, 0.0179443359, -0.894963596, 0.357993695, -0.266020308, 0, 2, 5, 1, 
476.540678, 27, 0.1, 0.1, 0.0144322892, 0.360521213, -0.0349654908, 0.956134421, 7.25197291e-006, 0.292928266, 0.292928266, -2.36614803e-005, -0.956134421, -2.74452436e-009, 1, -2.47478636e-005, 0.95613439, 7.04371155e-006, 0.292928366, 0.292928366, -3.13227374e-005, -0.95613439, 2.44058344e-006, 0.999999999, -3.20120493e-005, 0, 0, 0, 0, 0, 0, 0, 0.277331812, -0.0741214844, -0.298039868, 0.429325609, 0.674275655, -0.600712644, -0.725097656, 0.653930664, 0.215698242, 0.538219941, 0.343079869, 0.769831905, 0, 0, 0, 0, 0, 0, 0, 0.337213721, -0.109774316, -0.266716113, 0.240128289, -0.116059245, -0.963801235, -0.375732422, -0.926391602, 0.0179443359, -0.894963596, 0.357993695, -0.266020308, 0, 2, 5, 1, 
476.541369, 27, 0.1, 0.1, 0.0144322889, 0.360521208, -0.0349715302, 0.956134578, -1.71477924e-006, 0.292927753, 0.292927752, 2.56506584e-005, -0.956134578, -5.87422998e-006, 1, 2.50277879e-005, 0.956134547, 1.01786159e-006, 0.292927856, 0.292927856, 2.61316772e-005, -0.956134546, -8.62790882e-006, 1, 2.46872393e-005, 0, 0, 0, 0, 0, 0, 0, 0.277331812, -0.0741214844, -0.298039868, 0.429325609, 0.674275655, -0.600712644, -0.725097656, 0.653930664, 0.215698242, 0.538219941, 0.343079869, 0.769831905, 0, 0, 0, 0, 0, 0, 0, 0.337213721, -0.109774316, -0.266716113, 0.240128289, -0.116059245, -0.963801235, -0.375732422, -0.926391602, 0.0179443359, -0.894963596, 0.357993695, -0.266020308, 0, 2, 5, 1, 
476.542069, 27, 0.1, 0.1, 0.0144322884, 0.360521207, -0.0349766716, 0.956134692, 1.04349869e-005, 0.292927382, 0.292927382, -1.42828416e-005, -0.956134692, -5.79341758e-006, 1, -1.67130138e-005, 0.956134674, 7.41178103e-006, 0.292927439, 0.292927439, -1.07888696e-005, -0.956134674, -3.9263049e-006, 1, -1.24867264e-005, 0, 0, 0, 0, 0, 0, 0, 0.277331812, -0.0741214844, -0.298039868, 0.429325609, 0.674275655, -0.600712644, -0.725097656, 0.653930664, 0.215698242, 0.538219941, 0.343079869, 0.769831905, 0, 0, 0, 0, 0, 0, 0, 0.337213721, -0.109774316, -0.266716113, 0.240128289, -0.116059245, -0.963801235, -0.375732422, -0.926391602, 0.0179443359, -0.894963596, 0.357993695, -0.266020308, 0, 2, 5, 1, 
476.542788, 27, 0.1, 0.1, 0.0144322879, 0.360521208, -0.0349792038, 0.956134796, -1.28451974e-006, 0.292927043, 0.292927043, 1.5110226e-005, -0.956134795, -3.19801982e-006, 1, 1.48236835e-005, 0.956134771, -4.50619673e-006, 0.292927123, 0.292927123, 6.79504602e-006, -0.956134771, 2.3180781e-006, 1, 7.81696702e-006, 0, 0, 0, 0, 0, 0, 0, 0.277511816, -0.0734975098, -0.298037061, 0.424083922, 0.677677753, -0.600605182, -0.727783203, 0.649780273, 0.219116211, 0.538679367, 0.344271316, 0.768949741, 0, 0, 0, 0, 0, 0, 0, 0.337959229, -0.108486719, -0.266708301, 0.239028745, -0.111287403, -0.964593077, -0.367919922, -0.92956543, 0.0161132813, -0.898515959, 0.351130673, -0.263157709, 0, 2, 5, 1, 
476.543478, 27, 0.1, 0.1, 0.0144322882, 0.360521204, -0.034978708, 0.9561349, 1.95969191e-006, 0.292926704, 0.292926704, -8.66626617e-006, -0.9561349, 6.64850958e-007, 1, -8.86016563e-006, 0.956134884, -3.93948872e-006, 0.292926754, 0.292926754, 1.93800554e-006, -0.956134884, 3.19898891e-006, 1, 3.00697634e-006, 0, 0, 0, 0, 0, 0, 0, 0.277511816, -0.0734975098, -0.298037061, 0.424083922, 0.677677753, -0.600605182, -0.727783203, 0.649780273, 0.219116211, 0.538679367, 0.344271316, 0.768949741, 0, 0, 0, 0, 0, 0, 0, 0.337959229, -0.108486719, -0.266708301, 0.239028745, -0.111287403, -0.964593077, -0.367919922, -0.92956543, 0.0161132813, -0.898515959, 0.351130673, -0.263157709, 0, 2, 5, 1, 
476.54417, 27, 0.1, 0.1, 0.0144322858, 0.360521208, -0.0349756694, 0.956134955, -8.76555774e-006, 0.292926524, 0.292926524, -4.85975263e-006, -0.956134955, 9.8046066e-006, 1, -2.078915e-006, 0.956134944, 3.68196685e-006, 0.292926558, 0.292926558, -1.17494696e-005, -0.956134944, -7.8725486e-008, 1, -1.23126243e-005, 0, 0, 0, 0, 0, 0, 0, 0.277511816, -0.0734975098, -0.298037061, 0.424083922, 0.677677753, -0.600605182, -0.727783203, 0.649780273, 0.219116211, 0.538679367, 0.344271316, 0.768949741, 0, 0, 0, 0, 0, 0, 0, 0.337959229, -0.108486719, -0.266708301, 0.239028745, -0.111287403, -0.964593077, -0.367919922, -0.92956543, 0.0161132813, -0.898515959, 0.351130673, -0.263157709, 0, 2, 5, 1, 
476.544865, 27, 0.1, 0.1, 0.0144322891, 0.360521202, -0.0349711076, 0.956135052, 8.73465272e-006, 0.292926205, 0.292926205, 1.83677119e-005, -0.956135052, -1.37318918e-005, 1, 1.50034045e-005, 0.95613503, -6.69305655e-006, 0.292926278, 0.292926278, 2.15439352e-005, -0.95613503, 8.86810986e-008, 1, 2.25594832e-005, 0, 0, 0, 0, 0, 0, 0, 0.277511816, -0.0734975098, -0.298037061, 0.424083922, 0.677677753, -0.600605182, -0.727783203, 0.649780273, 0.219116211, 0.538679367, 0.344271316, 0.768949741, 0, 0, 0, 0, 0, 0, 0, 0.337959229, -0.108486719, -0.266708301, 0.239028745, -0.111287403, -0.964593077, -0.367919922, -0.92956543, 0.0161132813, -0.898515959, 0.351130673, -0.263157709, 0, 2, 5, 1, 
476.545569, 27, 0.1, 0.1, 0.0144322817, 0.360521206, -0.0349662674, 0.956135237, 4.30604793e-006, 0.292925603, 0.292925603, -2.97784817e-005, -0.956135236, 4.60571554e-006, 1, -2.97336073e-005, 0.956135194, 1.94411332e-005, 0.292925741, 0.292925741, -2.77137939e-005, -0.956135194, -1.0470268e-005, 0.999999999, -3.2192942e-005, 0, 0, 0, 0, 0, 0, 0, 0.277511816, -0.0734975098, -0.298037061, 0.424083922, 0.677677753, -0.600605182, -0.727783203, 0.649780273, 0.219116211, 0.538679367, 0.344271316, 0.768949741, 0, 0, 0, 0, 0, 0, 0, 0.337399463, -0.10939043, -0.26625791, 0.237674004, -0.110840443, -0.964988998, -0.365966797, -0.930419922, 0.0167236328, -0.899640289, 0.349213767, -0.26172641, 0, 2, 5, 1, 
476.54626, 27, 0.1, 0.1, 0.0144322846, 0.360521203, -0.034962899, 0.956135504, -5.67029815e-006, 0.292924731, 0.292924731, 3.32309767e-005, -0.956135503, -4.31260156e-006, 0.999999999, 3.34342872e-005, 0.956135447, -7.97654815e-006, 0.292924915, 0.292924916, 2.68070471e-005, -0.956135447, -2.25791562e-007, 1, 2.79676976e-005, 0, 0, 0, 0, 0, 0, 0, 0.277511816, -0.0734975098, -0.298037061, 0.424083922, 0.677677753, -0.600605182, -0.727783203, 0.649780273, 0.219116211, 0.538679367, 0.344271316, 0.768949741, 0, 0, 0, 0, 0, 0, 0, 0.337399463, -0.10939043, -0.26625791, 0.237674004, -0.110840443, -0.964988998, -0.365966797, -0.930419922, 0.0167236328, -0.899640289, 0.349213767, -0.26172641, 0, 2, 5, 1, 
476.546954, 27, 0.1, 0.1, 0.0144322852, 0.360521202, -0.0349618169, 0.956135738, 1.63561573e-005, 0.292923966, 0.292923966, -2.48802142e-005, -0.956135738, -8.35069548e-006, 1, -2.85799725e-005, 0.956135705, 1.23923285e-006, 0.292924076, 0.292924076, -1.50986229e-005, -0.956135704, 3.2378754e-006, 1, -1.47993336e-005, 0, 0, 0, 0, 0, 0, 0, 0.277511816, -0.0734975098, -0.298037061, 0.424083922, 0.677677753, -0.600605182, -0.727783203, 0.649780273, 0.219116211, 0.538679367, 0.344271316, 0.768949741, 0, 0, 0, 0, 0, 0, 0, 0.337399463, -0.10939043, -0.26625791, 0.237674004, -0.110840443, -0.964988998, -0.365966797, -0.930419922, 0.0167236328, -0.899640289, 0.349213767, -0.26172641, 0, 2, 5, 1, 
476.547676, 27, 0.1, 0.1, 0.0144322833, 0.360521207, -0.0349629747, 0.956135911, -2.25854551e-005, 0.292923401, 0.292923402, 7.53441073e-006, -0.956135911, 1.93877595e-005, 1, 1.3819729e-005, 0.956135869, -8.43801622e-006, 0.292923538, 0.292923538, -1.22613273e-005, -0.956135869, 1.16595213e-005, 1, -9.25180127e-006, 0, 0, 0, 0, 0, 0, 0, 0.277031885, -0.0751566406, -0.297071118, 0.423304351, 0.675698499, -0.603417546, -0.72668457, 0.651000977, 0.219116211, 0.54078031, 0.345820719, 0.766799746, 0, 0, 0, 0, 0, 0, 0, 0.337399463, -0.10939043, -0.26625791, 0.237674004, -0.110840443, -0.964988998, -0.365966797, -0.930419922, 0.0167236328, -0.899640289, 0.349213767, -0.26172641, 0, 2, 5, 1, 
476.548372, 27, 0.1, 0.1, 0.0144322853, 0.360521197, -0.0349658623, 0.956136145, 2.12911322e-005, 0.292922637, 0.292922637, 1.99458055e-005, -0.956136145, -2.6199799e-005, 1, 1.2834251e-005, 0.956136092, 7.30311327e-006, 0.29292281, 0.29292281, 2.98487238e-005, -0.956136092, -1.57261422e-005, 1, 2.64001937e-005, 0, 0, 0, 0, 0, 0, 0, 0.277031885, -0.0751566406, -0.297071118, 0.423304351, 0.675698499, -0.603417546, -0.72668457, 0.651000977, 0.219116211, 0.54078031, 0.345820719, 0.766799746, 0, 0, 0, 0, 0, 0, 0, 0.337399463, -0.10939043, -0.26625791, 0.237674004, -0.110840443, -0.964988998, -0.365966797, -0.930419922, 0.0167236328, -0.899640289, 0.349213767, -0.26172641, 0, 2, 5, 1, 
476.549066, 27, 0.1, 0.1, 0.0144322787, 0.360521202, -0.0349696948, 0.956136465, -7.20582694e-006, 0.292921595, 0.292921594, -2.22682273e-005, -0.956136465, 1.34125985e-005, 1, -1.91807218e-005, 0.956136396, 1.20584855e-005, 0.292921818, 0.292921818, -2.25167077e-005, -0.956136396, -4.93392192e-006, 1, -2.50612373e-005, 0, 0, 0, 0, 0, 0, 0, 0.277031885, -0.0751566406, -0.297071118, 0.423304351, 0.675698499, -0.603417546, -0.72668457, 0.651000977, 0.219116211, 0.54078031, 0.345820719, 0.766799746, 0, 0, 0, 0, 0, 0, 0, 0.337399463, -0.10939043, -0.26625791, 0.237674004, -0.110840443, -0.964988998, -0.365966797, -0.930419922, 0.0167236328, -0.899640289, 0.349213767, -0.26172641, 0, 2, 5, 1, 
476.549789, 27, 0.1, 0.1, 0.0144322889, 0.360521199, -0.0349733066, 0.956136871, -2.24989311e-005, 0.292920268, 0.292920269, 1.73179666e-005, -0.956136871, 1.64392742e-005, 1, 2.31487393e-005, 0.956136783, -3.28483456e-005, 0.292920554, 0.292920554, 1.40938958e-005, -0.956136783, 2.72791197e-005, 0.999999999, 2.30976478e-005, 0, 0, 0, 0, 0, 0, 0, 0.276510571, -0.0765654297, -0.296323657, 0.421699905, 0.674239707, -0.606128439, -0.725952148, 0.651611328, 0.219726563, 0.543135492, 0.347534872, 0.764510086, 0, 0, 0, 0, 0, 0, 0, 0.337399463, -0.10939043, -0.26625791, 0.235654653, -0.110387286, -0.965448718, -0.362670898, -0.931640625, 0.0179443359, -0.901448187, 0.346070085, -0.259688102, 0, 2, 5, 1, 
476.550478, 27, 0.1, 0.1, 0.014432281, 0.360521198, -0.0349753188, 0.956137286, 4.02692516e-005, 0.292918911, 0.292918912, -7.04052691e-006, -0.956137287, -3.64406295e-005, 0.999999999, -1.85273357e-005, 0.956137203, 3.73610573e-005, 0.292919183, 0.292919183, -3.34333951e-006, -0.956137204, -3.47429686e-005, 0.999999999, -1.41404617e-005, 0, 0, 0, 0, 0, 0, 0, 0.276510571, -0.0765654297, -0.296323657, 0.421699905, 0.674239707, -0.606128439, -0.725952148, 0.651611328, 0.219726563, 0.543135492, 0.347534872, 0.764510086, 0, 0, 0, 0, 0, 0, 0, 0.336781348, -0.109873047, -0.265798975, 0.235654653, -0.110387286, -0.965448718, -0.362670898, -0.931640625, 0.0179443359, -0.901448187, 0.346070085, -0.259688102, 0, 2, 5, 1, 
476.551177, 27, 0.1, 0.1, 0.0144322771, 0.360521197, -0.0349755931, 0.956137691, -1.97903944e-005, 0.292917591, 0.292917591, 7.91782174e-006, -0.956137691, 1.66030727e-005, 1, 1.33674824e-005, 0.956137615, -6.29935345e-006, 0.292917841, 0.292917842, 4.33722407e-006, -0.956137615, 4.75259847e-006, 1, 5.99217609e-006, 0, 0, 0, 0, 0, 0, 0, 0.276510571, -0.0765654297, -0.296323657, 0.421699905, 0.674239707, -0.606128439, -0.725952148, 0.651611328, 0.219726563, 0.543135492, 0.347534872, 0.764510086, 0, 0, 0, 0, 0, 0, 0, 0.336781348, -0.109873047, -0.265798975, 0.235654653, -0.110387286, -0.965448718, -0.362670898, -0.931640625, 0.0179443359, -0.901448187, 0.346070085, -0.259688102, 0, 2, 5, 1, 
476.551872, 27, 0.1, 0.1, 0.0144322829, 0.360521196, -0.034974136, 0.95613803, 1.64631056e-006, 0.292916485, 0.292916485, -6.11857406e-006, -0.95613803, 2.18131077e-007, 1, -6.33243285e-006, 0.95613797, -1.20239088e-005, 0.29291668, 0.29291668, -4.99662715e-006, -0.956137971, 1.29601112e-005, 1, -1.25546151e-006, 0, 0, 0, 0, 0, 0, 0, 0.276510571, -0.0765654297, -0.296323657, 0.421699905, 0.674239707, -0.606128439, -0.725952148, 0.651611328, 0.219726563, 0.543135492, 0.347534872, 0.764510086, 0, 0, 0, 0, 0, 0, 0, 0.336781348, -0.109873047, -0.265798975, 0.235654653, -0.110387286, -0.965448718, -0.362670898, -0.931640625, 0.0179443359, -0.901448187, 0.346070085, -0.259688102, 0, 2, 5, 1, 
476.552565, 27, 0.1, 0.1, 0.0144322741, 0.360521192, -0.0349714932, 0.956138248, 2.19519531e-005, 0.292915773, 0.292915773, 1.69235851e-005, -0.956138248, -2.5946287e-005, 1, 9.75121369e-006, 0.956138211, 2.7475087e-005, 0.292915892, 0.292915892, 1.98759694e-005, -0.956138212, -3.20919679e-005, 0.999999999, 1.09562843e-005, 0, 0, 0, 0, 0, 0, 0, 0.276510571, -0.0765654297, -0.296323657, 0.421699905, 0.674239707, -0.606128439, -0.725952148, 0.651611328, 0.219726563, 0.543135492, 0.347534872, 0.764510086, 0, 0, 0, 0, 0, 0, 0, 0.336781348, -0.109873047, -0.265798975, 0.235654653, -0.110387286, -0.965448718, -0.362670898, -0.931640625, 0.0179443359, -0.901448187, 0.346070085, -0.259688102, 0, 2, 5, 1, 
476.553258, 27, 0.1, 0.1, 0.0144322755, 0.360521195, -0.0349685457, 0.956138414, -1.33992335e-005, 0.292915233, 0.292915233, -1.16897657e-005, -0.956138414, 1.62356323e-005, 1, -7.2521944e-006, 0.956138381, -1.32290918e-005, 0.29291534, 0.29291534, -1.74981324e-005, -0.956138381, 1.77743138e-005, 1, -1.28556321e-005, 0, 0, 0, 0, 0, 0, 0, 0.276510571, -0.0765654297, -0.296323657, 0.421699905, 0.674239707, -0.606128439, -0.725952148, 0.651611328, 0.219726563, 0.543135492, 0.347534872, 0.764510086, 0, 0, 0, 0, 0, 0, 0, 0.336781348, -0.109873047, -0.265798975, 0.235654653, -0.110387286, -0.965448718, -0.362670898, -0.931640625, 0.0179443359, -0.901448187, 0.346070085, -0.259688102, 0, 2, 5, 1, 
476.553953, 27, 0.1, 0.1, 0.0144322739, 0.360521193, -0.034966134, 0.956138606, 8.89187708e-006, 0.292914604, 0.292914604, -9.5915777e-006, -0.956138606, -5.69235378e-006, 1, -1.17754384e-005, 0.956138566, 1.08247879e-005, 0.292914736, 0.292914736, 3.91095251e-006, -0.956138566, -1.14955728e-005, 1, 5.68672627e-007, 0, 0, 0, 0, 0, 0, 0, 0.276510571, -0.0765654297, -0.296323657, 0.421699905, 0.674239707, -0.606128439, -0.725952148, 0.651611328, 0.219726563, 0.543135492, 0.347534872, 0.764510086, 0, 0, 0, 0, 0, 0, 0, 0.336781348, -0.109873047, -0.265798975, 0.235654653, -0.110387286, -0.965448718, -0.362670898, -0.931640625, 0.0179443359, -0.901448187, 0.346070085, -0.259688102, 0, 2, 5, 1, 
476.554676, 27, 0.1, 0.1, 0.0144322743, 0.360521195, -0.0349647144, 0.956138852, 7.84984177e-006, 0.292913802, 0.292913802, 1.42798903e-005, -0.956138852, -1.16883157e-005, 1, 1.13542309e-005, 0.9561388, -3.18475232e-006, 0.292913971, 0.292913971, 4.42691659e-006, -0.9561388, 1.74835954e-006, 1, 5.16560517e-006, 0, 0, 0, 0, 0, 0, 0, 0.275789087, -0.07802854, -0.295402393, 0.420558632, 0.671670721, -0.609778784, -0.724975586, 0.652954102, 0.219116211, 0.545293723, 0.350042822, 0.761751262, 0, 0, 0, 0, 0, 0, 0, 0.335996631, -0.110916406, -0.265125586, 0.234312672, -0.111831712, -0.965659439, -0.360595703, -0.932373047, 0.0205078125, -0.902693919, 0.343463416, -0.258851051, 0, 2, 5, 1, 
476.555368, 27, 0.1, 0.1, 0.0144322715, 0.360521195, -0.0349647185, 0.956139122, -5.33360358e-006, 0.292912922, 0.292912922, -1.40725134e-005, -0.956139122, 9.22168806e-006, 1, -1.18929992e-005, 0.956139066, 1.18197521e-006, 0.292913105, 0.292913105, -1.3197593e-005, -0.956139066, 2.73561529e-006, 1, -1.29649503e-005, 0, 0, 0, 0, 0, 0, 0, 0.275789087, -0.07802854, -0.295402393, 0.420558632, 0.671670721, -0.609778784, -0.724975586, 0.652954102, 0.219116211, 0.545293723, 0.350042822, 0.761751262, 0, 0, 0, 0, 0, 0, 0, 0.335996631, -0.110916406, -0.265125586, 0.234312672, -0.111831712, -0.965659439, -0.360595703, -0.932373047, 0.0205078125, -0.902693919, 0.343463416, -0.258851051, 0, 2, 5, 1, 
476.556079, 27, 0.1, 0.1, 0.0144322705, 0.36052119, -0.0349660819, 0.956139434, 1.0950014e-005, 0.292911903, 0.292911903, 1.32794962e-005, -0.956139434, -1.43594627e-005, 1, 9.48966055e-006, 0.956139371, 9.76525373e-006, 0.292912107, 0.292912107, 1.97427592e-005, -0.956139371, -1.51198368e-005, 1, 1.60164684e-005, 0, 0, 0, 0, 0, 0, 0, 0.275789087, -0.07802854, -0.295402393, 0.420558632, 0.671670721, -0.609778784, -0.724975586, 0.652954102, 0.219116211, 0.545293723, 0.350042822, 0.761751262, 0, 0, 0, 0, 0, 0, 0, 0.335996631, -0.110916406, -0.265125586, 0.234312672, -0.111831712, -0.965659439, -0.360595703, -0.932373047, 0.0205078125, -0.902693919, 0.343463416, -0.258851051, 0, 2, 5, 1, 
476.556774, 27, 0.1, 0.1, 0.0144322718, 0.360521191, -0.0349683163, 0.956139762, -8.35005565e-006, 0.292910833, 0.292910833, 6.59823049e-006, -0.956139762, 6.05112703e-006, 1, 8.75465228e-006, 0.956139696, -1.04687563e-005, 0.292911046, 0.292911046, -5.52239968e-006, -0.956139696, 1.16271653e-005, 1, -2.21377121e-006, 0, 0, 0, 0, 0, 0, 0, 0.275789087, -0.07802854, -0.295402393, 0.420558632, 0.671670721, -0.609778784, -0.724975586, 0.652954102, 0.219116211, 0.545293723, 0.350042822, 0.761751262, 0, 0, 0, 0, 0, 0, 0, 0.335996631, -0.110916406, -0.265125586, 0.234312672, -0.111831712, -0.965659439, -0.360595703, -0.932373047, 0.0205078125, -0.902693919, 0.343463416, -0.258851051, 0, 2, 5, 1, 
476.557469, 27, 0.1, 0.1, 0.0144322706, 0.360521189, -0.0349707916, 0.95614011, -3.78232407e-006, 0.292909697, 0.292909697, -1.1786997e-005, -0.95614011, 7.06895746e-006, 1, -1.01621412e-005, 0.956140038, 4.8538613e-006, 0.292909932, 0.292909932, -3.30164417e-006, -0.956140038, -3.67388675e-006, 1, -4.57857836e-006, 0, 0, 0, 0, 0, 0, 0, 0.275789087, -0.07802854, -0.295402393, 0.420558632, 0.671670721, -0.609778784, -0.724975586, 0.652954102, 0.219116211, 0.545293723, 0.350042822, 0.761751262, 0, 0, 0, 0, 0, 0, 0, 0.335996631, -0.110916406, -0.265125586, 0.234312672, -0.111831712, -0.965659439, -0.360595703, -0.932373047, 0.0205078125, -0.902693919, 0.343463416, -0.258851051, 0, 2, 5, 1, 
476.558167, 27, 0.1, 0.1, 0.0144322718, 0.360521189, -0.0349727505, 0.956140468, 5.66019653e-006, 0.292908526, 0.292908526, 9.37816506e-006, -0.956140468, -8.15888747e-006, 1, 7.30892332e-006, 0.956140397, 7.40782635e-007, 0.292908759, 0.292908759, 8.76501847e-006, -0.956140397, -3.27564289e-006, 1, 8.16360652e-006, 0, 0, 0, 0, 0, 0, 0, 0.275789087, -0.07802854, -0.295402393, 0.420558632, 0.671670721, -0.609778784, -0.724975586, 0.652954102, 0.219116211, 0.545293723, 0.350042822, 0.761751262, 0, 0, 0, 0, 0, 0, 0, 0.335996631, -0.110916406, -0.265125586, 0.234312672, -0.111831712, -0.965659439, -0.360595703, -0.932373047, 0.0205078125, -0.902693919, 0.343463416, -0.258851051, 0, 2, 5, 1, 
476.558863, 27, 0.1, 0.1, 0.014432272, 0.360521192, -0.0349736666, 0.956140833, -7.97737633e-006, 0.292907337, 0.292907337, -9.94572758e-006, -0.956140833, 1.05406718e-005, 1, -7.1728842e-006, 0.95614076, -6.7713382e-006, 0.292907575, 0.292907575, -1.51059084e-005, -0.95614076, 1.08989875e-005, 1, -1.24599985e-005, 0, 0, 0, 0, 0, 0, 0, 0.275789087, -0.07802854, -0.295402393, 0.420558632, 0.671670721, -0.609778784, -0.724975586, 0.652954102, 0.219116211, 0.545293723, 0.350042822, 0.761751262, 0, 0, 0, 0, 0, 0, 0, 0.335996631, -0.110916406, -0.265125586, 0.234312672, -0.111831712, -0.965659439, -0.360595703, -0.932373047, 0.0205078125, -0.902693919, 0.343463416, -0.258851051, 0, 2, 5, 1, 
476.559584, 27, 0.1, 0.1, 0.0144322704, 0.36052119, -0.0349731016, 0.956141214, 6.33945267e-006, 0.292906091, 0.292906091, -5.83215994e-006, -0.956141214, -4.3531368e-006, 1, -7.43323279e-006, 0.956141141, 8.74898552e-006, 0.292906329, 0.292906329, 4.83185658e-006, -0.956141141, -9.78054638e-006, 1, 2.05730364e-006, 0, 0, 0, 0, 0, 0, 0, 0.275419971, -0.0786876465, -0.294611597, 0.417639926, 0.671754218, -0.611670793, -0.725830078, 0.651611328, 0.220092773, 0.54637396, 0.35213066, 0.759949864, 0, 0, 0, 0, 0, 0, 0, 0.335426611, -0.11145249, -0.26444707, 0.233034491, -0.111896244, -0.965908439, -0.356689453, -0.933837891, 0.0220947266, -0.904546659, 0.339406124, -0.257649795, 0, 2, 5, 1, 
476.560279, 27, 0.1, 0.1, 0.0144322716, 0.360521191, -0.0349714687, 0.95614159, 2.10572741e-006, 0.292904864, 0.292904864, 1.26582261e-005, -0.95614159, -5.72102953e-006, 1, 1.14862786e-005, 0.956141514, -6.15079839e-006, 0.292905112, 0.292905112, 4.77459725e-006, -0.956141514, 4.48252975e-006, 1, 6.36679093e-006, 0, 0, 0, 0, 0, 0, 0, 0.275419971, -0.0786876465, -0.294611597, 0.417639926, 0.671754218, -0.611670793, -0.725830078, 0.651611328, 0.220092773, 0.54637396, 0.35213066, 0.759949864, 0, 0, 0, 0, 0, 0, 0, 0.335426611, -0.11145249, -0.26444707, 0.233034491, -0.111896244, -0.965908439, -0.356689453, -0.933837891, 0.0220947266, -0.904546659, 0.339406124, -0.257649795, 0, 2, 5, 1, 
476.560975, 27, 0.1, 0.1, 0.0144322709, 0.36052119, -0.0349694019, 0.956141974, -8.77447021e-006, 0.292903613, 0.292903613, -1.21131587e-005, -0.956141974, 1.19376272e-005, 1, -9.01182545e-006, 0.956141897, -3.58019268e-006, 0.292903863, 0.292903863, -1.15366885e-005, -0.956141897, 6.80231283e-006, 1, -9.98205893e-006, 0, 0, 0, 0, 0, 0, 0, 0.275419971, -0.0786876465, -0.294611597, 0.417639926, 0.671754218, -0.611670793, -0.725830078, 0.651611328, 0.220092773, 0.54637396, 0.35213066, 0.759949864, 0, 0, 0, 0, 0, 0, 0, 0.335426611, -0.11145249, -0.26444707, 0.233034491, -0.111896244, -0.965908439, -0.356689453, -0.933837891, 0.0220947266, -0.904546659, 0.339406124, -0.257649795, 0, 2, 5, 1, 
476.561683, 27, 0.1, 0.1, 0.0144322704, 0.360521187, -0.0349675106, 0.956142373, 9.99024837e-006, 0.292902309, 0.292902309, 8.99004538e-006, -0.956142373, -1.21853048e-005, 1, 5.66959651e-006, 0.956142286, 8.12703127e-006, 0.292902594, 0.292902594, 1.62367986e-005, -0.956142286, -1.25263987e-005, 1, 1.31442612e-005, 0, 0, 0, 0, 0, 0, 0, 0.275419971, -0.0786876465, -0.294611597, 0.415272761, 0.671609685, -0.613486418, -0.727294922, 0.650146484, 0.219482422, 0.546254515, 0.355119759, 0.758630735, 0, 0, 0, 0, 0, 0, 0, 0.335426611, -0.11145249, -0.26444707, 0.233034491, -0.111896244, -0.965908439, -0.356689453, -0.933837891, 0.0220947266, -0.904546659, 0.339406124, -0.257649795, 0, 2, 5, 1, 
476.56239, 27, 0.1, 0.1, 0.0144322715, 0.36052119, -0.034966068, 0.956142785, -6.38895167e-006, 0.292900965, 0.292900965, 4.70744978e-006, -0.956142785, 4.72993346e-006, 1, 6.37232425e-006, 0.956142704, -9.28265992e-006, 0.292901229, 0.292901229, -9.2682559e-006, -0.956142704, 1.15902311e-005, 1, -6.14287276e-006, 0, 0, 0, 0, 0, 0, 0, 0.275521875, -0.0791324219, -0.29381543, 0.415272761, 0.671609685, -0.613486418, -0.727294922, 0.650146484, 0.219482422, 0.546254515, 0.355119759, 0.758630735, 0, 0, 0, 0, 0, 0, 0, 0.335705762, -0.11205498, -0.263333057, 0.234267463, -0.112931989, -0.965525277, -0.352905273, -0.935302734, 0.0238037109, -0.905767239, 0.335246753, -0.258959693, 0, 2, 5, 1, 
476.563089, 27, 0.1, 0.1, 0.0144322691, 0.360521188, -0.0349657588, 0.956143208, -1.92727855e-006, 0.292899583, 0.292899583, -1.37972796e-005, -0.956143208, 5.88397174e-006, 1, -1.26276761e-005, 0.956143123, 8.42100255e-006, 0.292899862, 0.292899862, -4.88620076e-006, -0.956143123, -6.62051615e-006, 1, -7.13841773e-006, 0, 0, 0, 0, 0, 0, 0, 0.275521875, -0.0791324219, -0.29381543, 0.415272761, 0.671609685, -0.613486418, -0.727294922, 0.650146484, 0.219482422, 0.546254515, 0.355119759, 0.758630735, 0, 0, 0, 0, 0, 0, 0, 0.335705762, -0.11205498, -0.263333057, 0.234267463, -0.112931989, -0.965525277, -0.352905273, -0.935302734, 0.0238037109, -0.905767239, 0.335246753, -0.258959693, 0, 2, 5, 1, 
476.563782, 27, 0.1, 0.1, 0.0144322698, 0.360521187, -0.0349666331, 0.956143638, 8.65608936e-006, 0.292898181, 0.292898181, 1.56489329e-005, -0.956143638, -1.28600088e-005, 1, 1.24272748e-005, 0.956143551, 2.92875311e-006, 0.292898465, 0.292898465, 1.44442208e-005, -0.956143551, -7.0309985e-006, 1, 1.29529213e-005, 0, 0, 0, 0, 0, 0, 0, 0.275521875, -0.0791324219, -0.29381543, 0.415272761, 0.671609685, -0.613486418, -0.727294922, 0.650146484, 0.219482422, 0.546254515, 0.355119759, 0.758630735, 0, 0, 0, 0, 0, 0, 0, 0.335705762, -0.11205498, -0.263333057, 0.234267463, -0.112931989, -0.965525277, -0.352905273, -0.935302734, 0.0238037109, -0.905767239, 0.335246753, -0.258959693, 0, 2, 5, 1, 
476.564477, 27, 0.1, 0.1, 0.0144322699, 0.360521188, -0.0349683376, 0.956144076, -1.00572716e-005, 0.29289675, 0.29289675, -7.86997968e-006, -0.956144076, 1.19212921e-005, 1, -4.57909227e-006, 0.956143988, -8.44588447e-006, 0.292897035, 0.292897035, -1.36435747e-005, -0.956143988, 1.20716443e-005, 1, -1.05714475e-005, 0, 0, 0, 0, 0, 0, 0, 0.275521875, -0.0791324219, -0.29381543, 0.415272761, 0.671609685, -0.613486418, -0.727294922, 0.650146484, 0.219482422, 0.546254515, 0.355119759, 0.758630735, 0, 0, 0, 0, 0, 0, 0, 0.335705762, -0.11205498, -0.263333057, 0.234267463, -0.112931989, -0.965525277, -0.352905273, -0.935302734, 0.0238037109, -0.905767239, 0.335246753, -0.258959693, 0, 2, 5, 1, 
476.565167, 27, 0.1, 0.1, 0.0144322688, 0.360521185, -0.0349703226, 0.956144514, 5.82847507e-006, 0.29289532, 0.29289532, -3.97709624e-006, -0.956144514, -4.40799159e-006, 1, -5.50981183e-006, 0.956144428, 7.98549926e-006, 0.2928956, 0.2928956, 7.99146212e-006, -0.956144428, -9.97595471e-006, 1, 5.30207439e-006, 0, 0, 0, 0, 0, 0, 0, 0.275521875, -0.0791324219, -0.29381543, 0.415272761, 0.671609685, -0.613486418, -0.727294922, 0.650146484, 0.219482422, 0.546254515, 0.355119759, 0.758630735, 0, 0, 0, 0, 0, 0, 0, 0.335705762, -0.11205498, -0.263333057, 0.234267463, -0.112931989, -0.965525277, -0.352905273, -0.935302734, 0.0238037109, -0.905767239, 0.335246753, -0.258959693, 0, 2, 5, 1, 
476.565863, 27, 0.1, 0.1, 0.0144322703, 0.360521186, -0.0349720403, 0.956144957, 2.37990859e-006, 0.292893872, 0.292893872, 9.97379532e-006, -0.956144957, -5.19680113e-006, 1, 8.83933346e-006, 0.956144868, -6.23024082e-006, 0.292894163, 0.292894163, 2.60922983e-006, -0.956144868, 5.1927846e-006, 1, 4.31960289e-006, 0, 0, 0, 0, 0, 0, 0, 0.275521875, -0.0791324219, -0.29381543, 0.415272761, 0.671609685, -0.613486418, -0.727294922, 0.650146484, 0.219482422, 0.546254515, 0.355119759, 0.758630735, 0, 0, 0, 0, 0, 0, 0, 0.335705762, -0.11205498, -0.263333057, 0.234267463, -0.112931989, -0.965525277, -0.352905273, -0.935302734, 0.0238037109, -0.905767239, 0.335246753, -0.258959693, 0, 2, 5, 1, 
476.566586, 27, 0.1, 0.1, 0.0144322691, 0.360521187, -0.03497283, 0.956145415, -6.43683825e-006, 0.292892378, 0.292892378, -1.37415126e-005, -0.956145415, 1.01793377e-005, 1, -1.12535835e-005, 0.956145319, -1.52066721e-006, 0.292892692, 0.292892692, -1.29438363e-005, -0.956145319, 5.2451339e-006, 1, -1.19307962e-005, 0, 0, 0, 0, 0, 0, 0, 0.275624512, -0.0795684082, -0.292785889, 0.412949779, 0.671623912, -0.615124187, -0.729125977, 0.6484375, 0.218505859, 0.545633704, 0.358330896, 0.757654213, 0, 0, 0, 0, 0, 0, 0, 0.335705762, -0.11205498, -0.263333057, 0.2358774, -0.113405569, -0.965103837, -0.348266602, -0.936889648, 0.0249023438, -0.90707094, 0.330410012, -0.260633795, 0, 2, 5, 1, 
476.567273, 27, 0.1, 0.1, 0.0144322685, 0.360521185, -0.034972456, 0.956145848, 8.44199922e-006, 0.292890964, 0.292890964, 6.71796265e-006, -0.956145848, -1.00394131e-005, 1, 3.95076681e-006, 0.956145764, 7.39747515e-006, 0.292891239, 0.292891239, 1.15606472e-005, -0.956145764, -1.04590768e-005, 1, 8.8870082e-006, 0, 0, 0, 0, 0, 0, 0, 0.275624512, -0.0795684082, -0.292785889, 0.412949779, 0.671623912, -0.615124187, -0.729125977, 0.6484375, 0.218505859, 0.545633704, 0.358330896, 0.757654213, 0, 0, 0, 0, 0, 0, 0, 0.336008105, -0.112411279, -0.26222417, 0.2358774, -0.113405569, -0.965103837, -0.348266602, -0.936889648, 0.0249023438, -0.90707094, 0.330410012, -0.260633795, 0, 2, 5, 1, 
476.567966, 27, 0.1, 0.1, 0.0144322696, 0.360521187, -0.034971356, 0.95614628, -5.92901383e-006, 0.292889555, 0.292889555, 6.15440443e-006, -0.95614628, 3.86644374e-006, 1, 7.62105712e-006, 0.956146194, -8.42359743e-006, 0.292889835, 0.292889835, -5.83441238e-006, -0.956146194, 9.7630307e-006, 1, -3.11136514e-006, 0, 0, 0, 0, 0, 0, 0, 0.275624512, -0.0795684082, -0.292785889, 0.412949779, 0.671623912, -0.615124187, -0.729125977, 0.6484375, 0.218505859, 0.545633704, 0.358330896, 0.757654213, 0, 0, 0, 0, 0, 0, 0, 0.336008105, -0.112411279, -0.26222417, 0.2358774, -0.113405569, -0.965103837, -0.348266602, -0.936889648, 0.0249023438, -0.90707094, 0.330410012, -0.260633795, 0, 2, 5, 1, 
476.56866, 27, 0.1, 0.1, 0.0144322677, 0.360521185, -0.0349698492, 0.956146716, -1.88442897e-006, 0.292888133, 0.292888133, -1.10194915e-005, -0.956146716, 5.02926888e-006, 1, -9.98432377e-006, 0.956146628, 7.03700227e-006, 0.29288842, 0.29288842, -2.89525285e-006, -0.956146628, -5.88041995e-006, 1, -4.82934272e-006, 0, 0, 0, 0, 0, 0, 0, 0.275624512, -0.0795684082, -0.292785889, 0.412949779, 0.671623912, -0.615124187, -0.729125977, 0.6484375, 0.218505859, 0.545633704, 0.358330896, 0.757654213, 0, 0, 0, 0, 0, 0, 0, 0.336008105, -0.112411279, -0.26222417, 0.2358774, -0.113405569, -0.965103837, -0.348266602, -0.936889648, 0.0249023438, -0.90707094, 0.330410012, -0.260633795, 0, 2, 5, 1, 
476.569353, 27, 0.1, 0.1, 0.0144322681, 0.360521183, -0.0349683919, 0.956147152, 9.61898868e-006, 0.292886706, 0.292886706, 1.47295055e-005, -0.956147152, -1.3511245e-005, 1, 1.12663009e-005, 0.956147065, 4.07601951e-006, 0.292886992, 0.292886992, 1.41422121e-005, -0.956147065, -8.03934406e-006, 1, 1.23282215e-005, 0, 0, 0, 0, 0, 0, 0, 0.275624512, -0.0795684082, -0.292785889, 0.412949779, 0.671623912, -0.615124187, -0.729125977, 0.6484375, 0.218505859, 0.545633704, 0.358330896, 0.757654213, 0, 0, 0, 0, 0, 0, 0, 0.336008105, -0.112411279, -0.26222417, 0.2358774, -0.113405569, -0.965103837, -0.348266602, -0.936889648, 0.0249023438, -0.90707094, 0.330410012, -0.260633795, 0, 2, 5, 1, 
476.570049, 27, 0.1, 0.1, 0.0144322678, 0.360521185, -0.0349674045, 0.956147595, -8.85861568e-006, 0.292885261, 0.292885261, -8.54279505e-006, -0.956147595, 1.09722028e-005, 1, -5.57361498e-006, 0.956147507, -7.15340614e-006, 0.29288555, 0.29288555, -1.48972102e-005, -0.956147507, 1.12028891e-005, 1, -1.21488011e-005, 0, 0, 0, 0, 0, 0, 0, 0.275624512, -0.0795684082, -0.292785889, 0.412949779, 0.671623912, -0.615124187, -0.729125977, 0.6484375, 0.218505859, 0.545633704, 0.358330896, 0.757654213, 0, 0, 0, 0, 0, 0, 0, 0.336008105, -0.112411279, -0.26222417, 0.2358774, -0.113405569, -0.965103837, -0.348266602, -0.936889648, 0.0249023438, -0.90707094, 0.330410012, -0.260633795, 0, 2, 5, 1, 
476.570743, 27, 0.1, 0.1, 0.0144322662, 0.360521182, -0.0349671658, 0.956148041, 6.32867555e-006, 0.292883804, 0.292883804, -5.02277103e-006, -0.956148041, -4.58006245e-006, 1, -6.65607925e-006, 0.956147952, 9.46061358e-006, 0.292884096, 0.292884096, 8.39753977e-006, -0.956147952, -1.15052521e-005, 1, 5.2584272e-006, 0, 0, 0, 0, 0, 0, 0, 0.275624512, -0.0795684082, -0.292785889, 0.412949779, 0.671623912, -0.615124187, -0.729125977, 0.6484375, 0.218505859, 0.545633704, 0.358330896, 0.757654213, 0, 0, 0, 0, 0, 0, 0, 0.336008105, -0.112411279, -0.26222417, 0.2358774, -0.113405569, -0.965103837, -0.348266602, -0.936889648, 0.0249023438, -0.90707094, 0.330410012, -0.260633795, 0, 2, 5, 1, 
476.571461, 27, 0.1, 0.1, 0.0144322684, 0.360521183, -0.0349675688, 0.956148512, 1.27245071e-006, 0.292882268, 0.292882268, 1.43043697e-005, -0.956148512, -5.4061481e-006, 1, 1.33044236e-005, 0.956148411, -9.12023991e-006, 0.292882598, 0.292882598, 4.96839878e-006, -0.956148411, 7.26514536e-006, 1, 7.42168616e-006, 0, 0, 0, 0, 0, 0, 0, 0.27573313, -0.0809679199, -0.29182605, 0.410678094, 0.670229521, -0.618057119, -0.729980469, 0.647827148, 0.217407227, 0.546117095, 0.36201232, 0.755523313, 0, 0, 0, 0, 0, 0, 0, 0.336008105, -0.112411279, -0.26222417, 0.237110373, -0.114658597, -0.964599274, -0.344482422, -0.938354492, 0.0268554688, -0.908291519, 0.325982319, -0.261930934, 0, 2, 5, 1, 
476.572169, 27, 0.1, 0.1, 0.0144322676, 0.360521183, -0.0349682505, 0.956148982, -8.66195977e-006, 0.292880735, 0.292880734, -1.48077884e-005, -0.956148982, 1.261904e-005, 1, -1.16215307e-005, 0.95614889, -3.34507481e-006, 0.292881035, 0.292881035, -1.35916102e-005, -0.95614889, 7.17911444e-006, 1, -1.20158941e-005, 0, 0, 0, 0, 0, 0, 0, 0.27573313, -0.0809679199, -0.29182605, 0.410678094, 0.670229521, -0.618057119, -0.729980469, 0.647827148, 0.217407227, 0.546117095, 0.36201232, 0.755523313, 0, 0, 0, 0, 0, 0, 0, 0.336287256, -0.113703516, -0.261101855, 0.237110373, -0.114658597, -0.964599274, -0.344482422, -0.938354492, 0.0268554688, -0.908291519, 0.325982319, -0.261930934, 0, 2, 5, 1, 
476.572867, 27, 0.1, 0.1, 0.0144322671, 0.360521181, -0.0349692459, 0.956149445, 9.98291627e-006, 0.292879221, 0.292879221, 6.99085508e-006, -0.956149445, -1.1592636e-005, 1, 3.76051347e-006, 0.956149352, 8.3614797e-006, 0.292879526, 0.292879525, 1.28568755e-005, -0.956149352, -1.1760339e-005, 1, 9.84418696e-006, 0, 0, 0, 0, 0, 0, 0, 0.27573313, -0.0809679199, -0.29182605, 0.410678094, 0.670229521, -0.618057119, -0.729980469, 0.647827148, 0.217407227, 0.546117095, 0.36201232, 0.755523313, 0, 0, 0, 0, 0, 0, 0, 0.336287256, -0.113703516, -0.261101855, 0.237110373, -0.114658597, -0.964599274, -0.344482422, -0.938354492, 0.0268554688, -0.908291519, 0.325982319, -0.261930934, 0, 2, 5, 1, 
476.573564, 27, 0.1, 0.1, 0.0144322679, 0.360521184, -0.0349702395, 0.956149908, -5.36612495e-006, 0.29287771, 0.29287771, 3.6335543e-006, -0.956149908, 4.06663282e-006, 1, 5.045841e-006, 0.956149817, -7.68406171e-006, 0.292878007, 0.292878007, -8.63967487e-006, -0.956149817, 9.87748496e-006, 1, -6.01033087e-006, 0, 0, 0, 0, 0, 0, 0, 0.27573313, -0.0809679199, -0.29182605, 0.410678094, 0.670229521, -0.618057119, -0.729980469, 0.647827148, 0.217407227, 0.546117095, 0.36201232, 0.755523313, 0, 0, 0, 0, 0, 0, 0, 0.336287256, -0.113703516, -0.261101855, 0.237110373, -0.114658597, -0.964599274, -0.344482422, -0.938354492, 0.0268554688, -0.908291519, 0.325982319, -0.261930934, 0, 2, 5, 1, 
476.574279, 27, 0.1, 0.1, 0.0144322658, 0.360521182, -0.0349708506, 0.956150384, -1.9058913e-006, 0.292876158, 0.292876158, -1.17708479e-005, -0.956150384, 5.2697194e-006, 1, -1.06965106e-005, 0.956150291, 7.03576093e-006, 0.292876461, 0.292876461, -4.31204634e-006, -0.956150291, -5.46434799e-006, 1, -6.18357312e-006, 0, 0, 0, 0, 0, 0, 0, 0.27573313, -0.0809679199, -0.29182605, 0.410678094, 0.670229521, -0.618057119, -0.729980469, 0.647827148, 0.217407227, 0.546117095, 0.36201232, 0.755523313, 0, 0, 0, 0, 0, 0, 0, 0.337018018, -0.115210449, -0.260437744, 0.238305066, -0.115975425, -0.964190593, -0.341064453, -0.939453125, 0.0286865234, -0.909147893, 0.322161633, -0.263483635, 0, 2, 5, 1, 
476.574983, 27, 0.1, 0.1, 0.0144322666, 0.360521181, -0.0349708933, 0.956150848, 7.24890719e-006, 0.292874641, 0.292874641, 1.46183412e-005, -0.956150848, -1.12123902e-005, 1, 1.18543182e-005, 0.956150756, 2.2951368e-006, 0.292874943, 0.292874943, 1.36245349e-005, -0.956150756, -6.18478167e-006, 1, 1.23549213e-005, 0, 0, 0, 0, 0, 0, 0, 0.27573313, -0.0809679199, -0.29182605, 0.410678094, 0.670229521, -0.618057119, -0.729980469, 0.647827148, 0.217407227, 0.546117095, 0.36201232, 0.755523313, 0, 0, 0, 0, 0, 0, 0, 0.337018018, -0.115210449, -0.260437744, 0.238305066, -0.115975425, -0.964190593, -0.341064453, -0.939453125, 0.0286865234, -0.909147893, 0.322161633, -0.263483635, 0, 2, 5, 1, 
476.575684, 27, 0.1, 0.1, 0.0144322667, 0.360521182, -0.0349704977, 0.956151309, -8.67275472e-006, 0.292873137, 0.292873137, -6.5517859e-006, -0.956151309, 1.02113079e-005, 1, -3.72448178e-006, 0.956151216, -7.53078461e-006, 0.292873441, 0.292873441, -1.21775035e-005, -0.956151216, 1.07670362e-005, 1, -9.43796801e-006, 0, 0, 0, 0, 0, 0, 0, 0.27573313, -0.0809679199, -0.29182605, 0.410678094, 0.670229521, -0.618057119, -0.729980469, 0.647827148, 0.217407227, 0.546117095, 0.36201232, 0.755523313, 0, 0, 0, 0, 0, 0, 0, 0.337018018, -0.115210449, -0.260437744, 0.238305066, -0.115975425, -0.964190593, -0.341064453, -0.939453125, 0.0286865234, -0.909147893, 0.322161633, -0.263483635, 0, 2, 5, 1, 
476.576393, 27, 0.1, 0.1, 0.014432265, 0.360521179, -0.034969739, 0.956151772, 7.00801653e-006, 0.292871626, 0.292871626, -5.4205865e-006, -0.956151772, -5.11319144e-006, 1, -7.23535258e-006, 0.956151683, 9.59478137e-006, 0.292871916, 0.292871916, 6.98203846e-006, -0.956151683, -1.12189093e-005, 1, 3.86584581e-006, 0, 0, 0, 0, 0, 0, 0, 0.276128711, -0.0824046631, -0.29108811, 0.409650275, 0.668136813, -0.620970955, -0.730224609, 0.648193359, 0.215698242, 0.546650661, 0.365186386, 0.753512981, 0, 0, 0, 0, 0, 0, 0, 0.337018018, -0.115210449, -0.260437744, 0.238305066, -0.115975425, -0.964190593, -0.341064453, -0.939453125, 0.0286865234, -0.909147893, 0.322161633, -0.263483635, 0, 2, 5, 1, 
