time, trialNum, realDorsalTactorPos, realVentralTactorPos, boxPosX, boxPosY, boxPosZ, boxLocalRot_11, boxLocalRot_12, boxLocalRot_13, boxLocalRot_21, boxLocalRot_22, boxLocalRot_23, boxLocalRot_31, boxLocalRot_32, boxLocalRot_33, boxGlobalRot_11, boxGlobalRot_12, boxGlobalRot_13, boxGlobalRot_21, boxGlobalRot_22, boxGlobalRot_23, boxGlobalRot_31, boxGlobalRot_32, boxGlobalRot_33, indexForceX, indexForceY, indexForceZ, indexForceGlobalX, indexForceGlobalY, indexForceGlobalZ, indexContact, indexPosX, indexPosY, indexPosZ, indexRot_11, indexRot_12, indexRot_13, indexRot_21, indexRot_22, indexRot_23, indexRot_31, indexRot_32, indexRot_33, thumbForceX, thumbForceY, thumbForceZ, thumbForceGlobalX, thumbForceGlobalY, thumbForceGlobalZ, thumbContact, thumbPosX, thumbPosY, thumbPosZ, thumbRot_11, thumbRot_12, thumbRot_13, thumbRot_21, thumbRot_22, thumbRot_23, thumbRot_31, thumbRot_32, thumbRot_33, manipForceTooHigh, cceExpType, mapping, trialSuccess, 
224.867471, 12, 0.1, 0.1, -0.00895050988, 0.370651514, -0.0199661749, 0.998819356, 0.0485787348, -1.93996927e-005, 0.0485787353, -0.998819356, 2.14773264e-005, -1.83334472e-005, -2.23943818e-005, -1, 0.998819352, 0.0485788007, -4.0758935e-005, 0.0485788021, -0.998819352, 3.56453368e-005, -3.89792054e-005, -3.75832724e-005, -0.999999999, 0, 0, 0, 0, 0, 0, 0, 0.201005493, 0.0700382324, -0.182024072, 0.198810458, 0.912875656, -0.356284716, -0.825073242, 0.352172852, 0.441650391, 0.528753755, 0.20616861, 0.8234415, 0, -0, 0, 0, 0, 0, 0, 0.259638428, 0.0830037598, -0.143887793, 0.104273704, 0.744622947, -0.65905948, -0.405517578, -0.573242188, -0.711914062, -0.908015061, 0.341546138, 0.242251055, 0, 1, 1, 1, 
224.904051, 12, 0.1, 0.1, -0.00895052771, 0.370651505, -0.0199729977, 0.998822462, 0.0485148354, 3.12306306e-005, 0.0485148347, -0.998822462, 2.41424768e-005, 3.23651236e-005, -2.25988992e-005, -0.999999999, 0.998822458, 0.0485149206, 2.70276132e-005, 0.0485149201, -0.998822458, 2.0409901e-005, 2.79859718e-005, -1.9074625e-005, -0.999999999, 0, 0, 0, 0, 0, 0, 0, 0.229994434, 0.0256322754, -0.175610327, 0.143298172, 0.924226943, -0.353697016, -0.855957031, 0.295166016, 0.424438477, 0.496637107, 0.241942691, 0.833536963, 0, -0, 0, 0, 0, 0, 0, 0.281407227, 0.0459050293, -0.139325977, 0.0385148476, 0.718765069, -0.694045396, -0.338989258, -0.643920898, -0.685791016, -0.939843366, 0.261745944, 0.218935054, 0, 1, 1, 1, 
224.904751, 12, 0.1, 0.1, -0.00895052919, 0.370651503, -0.0199723197, 0.998822481, 0.0485144376, -2.28044974e-005, 0.0485144369, -0.998822481, -3.04625278e-005, -2.42555171e-005, 2.93203102e-005, -0.999999999, 0.998822478, 0.0485145136, -1.92810978e-005, 0.0485145131, -0.998822477, -2.85510337e-005, -2.06435333e-005, 2.75820012e-005, -0.999999999, 0, 0, 0, 0, 0, 0, 0, 0.229994434, 0.0256322754, -0.175610327, 0.143298172, 0.924226943, -0.353697016, -0.855957031, 0.295166016, 0.424438477, 0.496637107, 0.241942691, 0.833536963, 0, -0, 0, 0, 0, 0, 0, 0.281407227, 0.0459050293, -0.139325977, 0.0385148476, 0.718765069, -0.694045396, -0.338989258, -0.643920898, -0.685791016, -0.939843366, 0.261745944, 0.218935054, 0, 1, 1, 1, 
224.905445, 12, 0.1, 0.1, -0.00895052841, 0.370651506, -0.019970889, 0.998822499, 0.0485140574, 2.97093492e-005, 0.0485140563, -0.998822499, 3.91932478e-005, 3.15757899e-005, -3.77057766e-005, -0.999999999, 0.998822496, 0.0485141283, 2.69360111e-005, 0.0485141273, -0.998822496, 3.49777826e-005, 2.86012105e-005, -3.36298191e-005, -0.999999999, 0, 0, 0, 0, 0, 0, 0, 0.229994434, 0.0256322754, -0.175610327, 0.143298172, 0.924226943, -0.353697016, -0.855957031, 0.295166016, 0.424438477, 0.496637107, 0.241942691, 0.833536963, 0, -0, 0, 0, 0, 0, 0, 0.281407227, 0.0459050293, -0.139325977, 0.0385148476, 0.718765069, -0.694045396, -0.338989258, -0.643920898, -0.685791016, -0.939843366, 0.261745944, 0.218935054, 0, 1, 1, 1, 
224.906167, 12, 0.1, 0.1, -0.00895053138, 0.370651506, -0.0199689421, 0.998822516, 0.0485137123, -3.09437902e-005, 0.0485137112, -0.998822516, -3.29126392e-005, -3.25040687e-005, 3.1372687e-005, -0.999999999, 0.998822513, 0.0485137738, -2.88337165e-005, 0.048513773, -0.998822513, -2.84541301e-005, -3.01801824e-005, 2.70217934e-005, -0.999999999, 0, 0, 0, 0, 0, 0, 0, 0.229994434, 0.0256322754, -0.175610327, 0.143298172, 0.924226943, -0.353697016, -0.855957031, 0.295166016, 0.424438477, 0.496637107, 0.241942691, 0.833536963, 0, -0, 0, 0, 0, 0, 0, 0.281407227, 0.0459050293, -0.139325977, 0.0385148476, 0.718765069, -0.694045396, -0.338989258, -0.643920898, -0.685791016, -0.939843366, 0.261745944, 0.218935054, 0, 1, 1, 1, 
224.906868, 12, 0.1, 0.1, -0.00895052994, 0.370651508, -0.0199672011, 0.998822529, 0.0485134505, 3.8470154e-005, 0.0485134492, -0.998822529, 3.57590116e-005, 4.01596495e-005, -3.38505866e-005, -0.999999999, 0.998822526, 0.0485134996, 3.46687032e-005, 0.0485134985, -0.998822527, 3.16721131e-005, 3.61644068e-005, -2.99529199e-005, -0.999999999, 0, 0, 0, 0, 0, 0, 0, 0.229994434, 0.0256322754, -0.175610327, 0.143298172, 0.924226943, -0.353697016, -0.855957031, 0.295166016, 0.424438477, 0.496637107, 0.241942691, 0.833536963, 0, -0, 0, 0, 0, 0, 0, 0.281407227, 0.0459050293, -0.139325977, 0.0385148476, 0.718765069, -0.694045396, -0.338989258, -0.643920898, -0.685791016, -0.939843366, 0.261745944, 0.218935054, 0, 1, 1, 1, 
224.907566, 12, 0.1, 0.1, -0.00895053218, 0.370651507, -0.0199662253, 0.998822539, 0.0485132332, -3.32759716e-005, 0.048513232, -0.998822539, -3.4934299e-005, -3.49315662e-005, 3.32788403e-005, -0.999999999, 0.998822537, 0.0485132751, -2.85703917e-005, 0.0485132742, -0.998822537, -3.11573757e-005, -3.00482975e-005, 2.97346459e-005, -0.999999999, 0, 0, 0, 0, 0, 0, 0, 0.229994434, 0.0256322754, -0.175610327, 0.143298172, 0.924226943, -0.353697016, -0.855957031, 0.295166016, 0.424438477, 0.496637107, 0.241942691, 0.833536963, 0, -0, 0, 0, 0, 0, 0, 0.281407227, 0.0459050293, -0.139325977, 0.0385148476, 0.718765069, -0.694045396, -0.338989258, -0.643920898, -0.685791016, -0.939843366, 0.261745944, 0.218935054, 0, 1, 1, 1, 
224.908281, 12, 0.1, 0.1, -0.00895053131, 0.370651509, -0.0199662102, 0.998822549, 0.0485130293, 3.67478742e-005, 0.0485130278, -0.998822549, 3.89239216e-005, 3.85929227e-005, -3.709534e-005, -0.999999999, 0.998822547, 0.0485130721, 3.14211225e-005, 0.048513071, -0.998822547, 3.50077976e-005, 3.30824615e-005, -3.34422425e-005, -0.999999999, 0, 0, 0, 0, 0, 0, 0, 0.229994434, 0.0256322754, -0.175610327, 0.136786409, 0.926226414, -0.350891765, -0.857788086, 0.287963867, 0.42565918, 0.495320222, 0.242861925, 0.83408139, 0, -0, 0, 0, 0, 0, 0, 0.281407227, 0.0459050293, -0.139325977, 0.0385148476, 0.718765069, -0.694045396, -0.338989258, -0.643920898, -0.685791016, -0.939843366, 0.261745944, 0.218935054, 0, 1, 1, 1, 
224.908991, 12, 0.1, 0.1, -0.00895053349, 0.370651508, -0.0199668715, 0.998822559, 0.0485128379, -3.29541273e-005, 0.0485128367, -0.998822559, -3.56769883e-005, -3.46461177e-005, 3.40362825e-005, -0.999999999, 0.998822557, 0.0485128744, -2.78750359e-005, 0.0485128735, -0.998822557, -3.16353513e-005, -2.93769364e-005, 3.02458044e-005, -0.999999999, 0, 0, 0, 0, 0, 0, 0, 0.231890063, 0.022388623, -0.175242065, 0.136786409, 0.926226414, -0.350891765, -0.857788086, 0.287963867, 0.42565918, 0.495320222, 0.242861925, 0.83408139, 0, -0, 0, 0, 0, 0, 0, 0.283115967, 0.043225, -0.138949316, 0.0314221491, 0.718239717, -0.69499109, -0.332519531, -0.648071289, -0.684936523, -0.942429979, 0.252730509, 0.218590172, 0, 1, 1, 1, 
224.909695, 12, 0.1, 0.1, -0.00895053323, 0.37065151, -0.019968198, 0.998822567, 0.0485126624, 3.1932475e-005, 0.0485126613, -0.998822567, 3.5025736e-005, 3.35940683e-005, -3.34353662e-005, -0.999999999, 0.998822566, 0.0485126955, 2.79904599e-005, 0.0485126946, -0.998822566, 3.06992089e-005, 2.94468043e-005, -2.93051699e-005, -0.999999999, 0, 0, 0, 0, 0, 0, 0, 0.231890063, 0.022388623, -0.175242065, 0.136786409, 0.926226414, -0.350891765, -0.857788086, 0.287963867, 0.42565918, 0.495320222, 0.242861925, 0.83408139, 0, -0, 0, 0, 0, 0, 0, 0.283115967, 0.043225, -0.138949316, 0.0314221491, 0.718239717, -0.69499109, -0.332519531, -0.648071289, -0.684936523, -0.942429979, 0.252730509, 0.218590172, 0, 1, 1, 1, 
224.910395, 12, 0.1, 0.1, -0.00895053564, 0.370651509, -0.0199697725, 0.998822574, 0.0485125137, -3.00546429e-005, 0.0485125127, -0.998822574, -3.43435211e-005, -3.16853463e-005, 3.28450579e-005, -0.999999999, 0.998822573, 0.0485125402, -2.66786776e-005, 0.0485125394, -0.998822573, -2.93848595e-005, -2.80727996e-005, 2.80560105e-005, -0.999999999, 0, 0, 0, 0, 0, 0, 0, 0.231890063, 0.022388623, -0.175242065, 0.136786409, 0.926226414, -0.350891765, -0.857788086, 0.287963867, 0.42565918, 0.495320222, 0.242861925, 0.83408139, 0, -0, 0, 0, 0, 0, 0, 0.283115967, 0.043225, -0.138949316, 0.0314221491, 0.718239717, -0.69499109, -0.332519531, -0.648071289, -0.684936523, -0.942429979, 0.252730509, 0.218590172, 0, 1, 1, 1, 
224.911123, 12, 0.1, 0.1, -0.00895053527, 0.370651511, -0.0199710042, 0.998822581, 0.0485123846, 2.97053325e-005, 0.0485123836, -0.998822581, 3.35155154e-005, 3.12962744e-005, -3.20349771e-005, -0.999999999, 0.99882258, 0.0485124079, 2.63090637e-005, 0.0485124071, -0.99882258, 2.9568335e-005, 2.7712518e-005, -2.82572046e-005, -0.999999999, 0, 0, 0, 0, 0, 0, 0, 0.234093896, 0.0188638672, -0.174343115, 0.132056949, 0.926964045, -0.350840468, -0.860473633, 0.282958984, 0.423706055, 0.491990761, 0.245958486, 0.835185593, 0, -0, 0, 0, 0, 0, 0, 0.283115967, 0.043225, -0.138949316, 0.0314221491, 0.718239717, -0.69499109, -0.332519531, -0.648071289, -0.684936523, -0.942429979, 0.252730509, 0.218590172, 0, 1, 1, 1, 
224.911854, 12, 0.1, 0.1, -0.00895053759, 0.37065151, -0.0199712195, 0.998822587, 0.0485122634, -2.84157676e-005, 0.0485122624, -0.998822586, -3.36590415e-005, -3.00151868e-005, 3.22408977e-005, -0.999999999, 0.998822586, 0.0485122864, -2.4701888e-005, 0.0485122857, -0.998822585, -2.98297553e-005, -2.61199133e-005, 2.85962883e-005, -0.999999999, 0, 0, 0, 0, 0, 0, 0, 0.234093896, 0.0188638672, -0.174343115, 0.132056949, 0.926964045, -0.350840468, -0.860473633, 0.282958984, 0.423706055, 0.491990761, 0.245958486, 0.835185593, 0, -0, 0, 0, 0, 0, 0, 0.285033936, 0.0395885254, -0.138278027, 0.0273517306, 0.715804388, -0.69755365, -0.326782227, -0.653076172, -0.682983398, -0.944576195, 0.246705639, 0.216111467, 0, 1, 1, 1, 
224.912551, 12, 0.1, 0.1, -0.00895053757, 0.370651512, -0.0199707386, 0.998822592, 0.0485121472, 2.65465265e-005, 0.0485121464, -0.998822592, 3.20777848e-005, 2.80714326e-005, -3.07521872e-005, -0.999999999, 0.998822591, 0.048512169, 2.3337985e-005, 0.0485121684, -0.998822591, 2.83734628e-005, 2.46869649e-005, -2.72078794e-005, -0.999999999, 0, 0, 0, 0, 0, 0, 0, 0.234093896, 0.0188638672, -0.174343115, 0.132056949, 0.926964045, -0.350840468, -0.860473633, 0.282958984, 0.423706055, 0.491990761, 0.245958486, 0.835185593, 0, -0, 0, 0, 0, 0, 0, 0.285033936, 0.0395885254, -0.138278027, 0.0273517306, 0.715804388, -0.69755365, -0.326782227, -0.653076172, -0.682983398, -0.944576195, 0.246705639, 0.216111467, 0, 1, 1, 1, 
224.913255, 12, 0.1, 0.1, -0.00895054044, 0.37065151, -0.0199699053, 0.998822598, 0.0485120342, -3.09823839e-005, 0.0485120331, -0.998822598, -3.55108883e-005, -3.26686105e-005, 3.39660592e-005, -0.999999999, 0.998822597, 0.0485120557, -2.76474854e-005, 0.0485120548, -0.998822597, -3.17713283e-005, -2.91562256e-005, 3.03926843e-005, -0.999999999, 0, 0, 0, 0, 0, 0, 0, 0.234093896, 0.0188638672, -0.174343115, 0.132056949, 0.926964045, -0.350840468, -0.860473633, 0.282958984, 0.423706055, 0.491990761, 0.245958486, 0.835185593, 0, -0, 0, 0, 0, 0, 0, 0.285033936, 0.0395885254, -0.138278027, 0.0273517306, 0.715804388, -0.69755365, -0.326782227, -0.653076172, -0.682983398, -0.944576195, 0.246705639, 0.216111467, 0, 1, 1, 1, 
224.913957, 12, 0.1, 0.1, -0.00895054022, 0.370651512, -0.0199689394, 0.998822603, 0.0485119236, 2.93758682e-005, 0.0485119226, -0.998822603, 3.49471405e-005, 3.10366342e-005, -3.3480914e-005, -0.999999999, 0.998822602, 0.0485119447, 2.56529837e-005, 0.0485119439, -0.998822602, 3.09705732e-005, 2.71252227e-005, -2.96896324e-005, -0.999999999, 0, 0, 0, 0, 0, 0, 0, 0.234093896, 0.0188638672, -0.174343115, 0.132056949, 0.926964045, -0.350840468, -0.860473633, 0.282958984, 0.423706055, 0.491990761, 0.245958486, 0.835185593, 0, -0, 0, 0, 0, 0, 0, 0.285033936, 0.0395885254, -0.138278027, 0.0273517306, 0.715804388, -0.69755365, -0.326782227, -0.653076172, -0.682983398, -0.944576195, 0.246705639, 0.216111467, 0, 1, 1, 1, 
224.914658, 12, 0.1, 0.1, -0.00895054283, 0.370651511, -0.0199681511, 0.998822608, 0.0485118123, -3.12659692e-005, 0.0485118111, -0.998822608, -3.65364123e-005, -3.30016045e-005, 3.49766258e-005, -0.999999999, 0.998822607, 0.0485118336, -2.76585221e-005, 0.0485118327, -0.998822607, -3.26033826e-005, -2.9207607e-005, 3.122323e-005, -0.999999999, 0, 0, 0, 0, 0, 0, 0, 0.234093896, 0.0188638672, -0.174343115, 0.132056949, 0.926964045, -0.350840468, -0.860473633, 0.282958984, 0.423706055, 0.491990761, 0.245958486, 0.835185593, 0, -0, 0, 0, 0, 0, 0, 0.285033936, 0.0395885254, -0.138278027, 0.0273517306, 0.715804388, -0.69755365, -0.326782227, -0.653076172, -0.682983398, -0.944576195, 0.246705639, 0.216111467, 0, 1, 1, 1, 
224.915355, 12, 0.1, 0.1, -0.00895054238, 0.370651513, -0.019967793, 0.998822614, 0.0485117015, 3.14796455e-005, 0.0485117003, -0.998822614, 3.70984535e-005, 3.32422909e-005, -3.55276431e-005, -0.999999999, 0.998822613, 0.0485117226, 2.752034e-005, 0.0485117216, -0.998822613, 3.28079513e-005, 2.90795081e-005, -3.14342645e-005, -0.999999999, 0, 0, 0, 0, 0, 0, 0, 0.234093896, 0.0188638672, -0.174343115, 0.132056949, 0.926964045, -0.350840468, -0.860473633, 0.282958984, 0.423706055, 0.491990761, 0.245958486, 0.835185593, 0, -0, 0, 0, 0, 0, 0, 0.285033936, 0.0395885254, -0.138278027, 0.0273517306, 0.715804388, -0.69755365, -0.326782227, -0.653076172, -0.682983398, -0.944576195, 0.246705639, 0.216111467, 0, 1, 1, 1, 
224.916073, 12, 0.1, 0.1, -0.00895054492, 0.370651512, -0.0199678877, 0.998822619, 0.0485115865, -3.14456922e-005, 0.0485115853, -0.998822619, -3.70414794e-005, -3.32056096e-005, 3.54723871e-005, -0.999999999, 0.998822618, 0.0485116097, -2.73286544e-005, 0.0485116088, -0.998822618, -3.25307616e-005, -2.88745978e-005, 3.11667035e-005, -0.999999999, 0, 0, 0, 0, 0, 0, 0, 0.234093896, 0.0188638672, -0.174343115, 0.125105978, 0.928444177, -0.349507114, -0.863769531, 0.275268555, 0.421875, 0.487900826, 0.249061038, 0.836581105, 0, -0, 0, 0, 0, 0, 0, 0.285033936, 0.0395885254, -0.138278027, 0.0273517306, 0.715804388, -0.69755365, -0.326782227, -0.653076172, -0.682983398, -0.944576195, 0.246705639, 0.216111467, 0, 1, 1, 1, 
224.916787, 12, 0.1, 0.1, -0.00895054441, 0.370651514, -0.0199681363, 0.998822625, 0.0485114716, 3.19062561e-005, 0.0485114704, -0.998822625, 3.74739922e-005, 3.36866089e-005, -3.58820519e-005, -0.999999999, 0.998822624, 0.0485114935, 2.79157972e-005, 0.0485114926, -0.998822624, 3.31425944e-005, 2.94907266e-005, -3.17493361e-005, -0.999999999, 0, 0, 0, 0, 0, 0, 0, 0.236405127, 0.0158235596, -0.173377759, 0.125105978, 0.928444177, -0.349507114, -0.863769531, 0.275268555, 0.421875, 0.487900826, 0.249061038, 0.836581105, 0, -0, 0, 0, 0, 0, 0, 0.286822266, 0.0368257324, -0.137578418, 0.0214985677, 0.71387982, -0.699777524, -0.319335938, -0.658325195, -0.681518555, -0.947278013, 0.238156854, 0.213913845, 0, 1, 1, 1, 
224.917486, 12, 0.1, 0.1, -0.00895054648, 0.370651513, -0.0199687051, 0.998822631, 0.0485113582, -2.91362588e-005, 0.0485113572, -0.99882263, -3.46540729e-005, -3.07830708e-005, 3.31998328e-005, -0.999999999, 0.99882263, 0.0485113799, -2.52044724e-005, 0.0485113791, -0.998822629, -3.02559485e-005, -2.66425553e-005, 2.89976224e-005, -0.999999999, 0, 0, 0, 0, 0, 0, 0, 0.236405127, 0.0158235596, -0.173377759, 0.125105978, 0.928444177, -0.349507114, -0.863769531, 0.275268555, 0.421875, 0.487900826, 0.249061038, 0.836581105, 0, -0, 0, 0, 0, 0, 0, 0.286822266, 0.0368257324, -0.137578418, 0.0214985677, 0.71387982, -0.699777524, -0.319335938, -0.658325195, -0.681518555, -0.947278013, 0.238156854, 0.213913845, 0, 1, 1, 1, 
224.918185, 12, 0.1, 0.1, -0.00895054605, 0.370651515, -0.0199694441, 0.998822636, 0.0485112471, 2.94681746e-005, 0.048511246, -0.998822636, 3.52777589e-005, 3.11448479e-005, -3.38066862e-005, -0.999999999, 0.998822635, 0.048511268, 2.59264842e-005, 0.0485112672, -0.998822635, 3.10389171e-005, 2.74016964e-005, -2.97446463e-005, -0.999999999, 0, 0, 0, 0, 0, 0, 0, 0.236405127, 0.0158235596, -0.173377759, 0.125105978, 0.928444177, -0.349507114, -0.863769531, 0.275268555, 0.421875, 0.487900826, 0.249061038, 0.836581105, 0, -0, 0, 0, 0, 0, 0, 0.286822266, 0.0368257324, -0.137578418, 0.0214985677, 0.71387982, -0.699777524, -0.319335938, -0.658325195, -0.681518555, -0.947278013, 0.238156854, 0.213913845, 0, 1, 1, 1, 
224.918882, 12, 0.1, 0.1, -0.00895054825, 0.370651514, -0.0199701587, 0.998822641, 0.048511141, -2.86395324e-005, 0.0485111401, -0.998822641, -3.33007764e-005, -3.0221272e-005, 3.1872233e-005, -0.999999999, 0.99882264, 0.0485111609, -2.50008244e-005, 0.0485111602, -0.99882264, -2.90078727e-005, -2.6378595e-005, 2.7760901e-005, -0.999999999, 0, 0, 0, 0, 0, 0, 0, 0.236405127, 0.0158235596, -0.173377759, 0.125105978, 0.928444177, -0.349507114, -0.863769531, 0.275268555, 0.421875, 0.487900826, 0.249061038, 0.836581105, 0, -0, 0, 0, 0, 0, 0, 0.286822266, 0.0368257324, -0.137578418, 0.0214985677, 0.71387982, -0.699777524, -0.319335938, -0.658325195, -0.681518555, -0.947278013, 0.238156854, 0.213913845, 0, 1, 1, 1, 
224.919579, 12, 0.1, 0.1, -0.008950548, 0.370651516, -0.0199706471, 0.998822646, 0.0485110397, 2.75057802e-005, 0.0485110388, -0.998822646, 3.28575924e-005, 2.90673521e-005, -3.14845734e-005, -0.999999999, 0.998822645, 0.0485110588, 2.4137949e-005, 0.0485110581, -0.998822645, 2.89399659e-005, 2.55134385e-005, -2.77349359e-005, -0.999999999, 0, 0, 0, 0, 0, 0, 0, 0.236405127, 0.0158235596, -0.173377759, 0.125105978, 0.928444177, -0.349507114, -0.863769531, 0.275268555, 0.421875, 0.487900826, 0.249061038, 0.836581105, 0, -0, 0, 0, 0, 0, 0, 0.286822266, 0.0368257324, -0.137578418, 0.0214985677, 0.71387982, -0.699777524, -0.319335938, -0.658325195, -0.681518555, -0.947278013, 0.238156854, 0.213913845, 0, 1, 1, 1, 
224.920278, 12, 0.1, 0.1, -0.00895055038, 0.370651514, -0.0199707509, 0.998822651, 0.048510941, -2.8924385e-005, 0.0485109401, -0.998822651, -3.37363785e-005, -3.05269144e-005, 3.22935099e-005, -0.999999999, 0.99882265, 0.0485109595, -2.55483715e-005, 0.0485109588, -0.99882265, -2.98308477e-005, -2.69654152e-005, 2.85563504e-005, -0.999999999, 0, 0, 0, 0, 0, 0, 0, 0.236405127, 0.0158235596, -0.173377759, 0.125105978, 0.928444177, -0.349507114, -0.863769531, 0.275268555, 0.421875, 0.487900826, 0.249061038, 0.836581105, 0, -0, 0, 0, 0, 0, 0, 0.286822266, 0.0368257324, -0.137578418, 0.0214985677, 0.71387982, -0.699777524, -0.319335938, -0.658325195, -0.681518555, -0.947278013, 0.238156854, 0.213913845, 0, 1, 1, 1, 
224.920989, 12, 0.1, 0.1, -0.00895055, 0.370651516, -0.0199704524, 0.998822656, 0.0485108436, 2.81828313e-005, 0.0485108427, -0.998822655, 3.24546066e-005, 2.97240507e-005, -3.10492235e-005, -0.999999999, 0.998822655, 0.0485108639, 2.43051464e-005, 0.0485108632, -0.998822655, 2.83588607e-005, 2.56522437e-005, -2.71464089e-005, -0.999999999, 0, 0, 0, 0, 0, 0, 0, 0.236405127, 0.0158235596, -0.173377759, 0.118994109, 0.930183417, -0.346962093, -0.865356445, 0.268554687, 0.423095703, 0.486767788, 0.249897897, 0.837043157, 0, -0, 0, 0, 0, 0, 0, 0.286822266, 0.0368257324, -0.137578418, 0.0214985677, 0.71387982, -0.699777524, -0.319335938, -0.658325195, -0.681518555, -0.947278013, 0.238156854, 0.213913845, 0, 1, 1, 1, 
224.921703, 12, 0.1, 0.1, -0.00895055254, 0.370651514, -0.0199695745, 0.99882266, 0.0485107428, -3.05452458e-005, 0.0485107417, -0.99882266, -3.67520967e-005, -3.22921552e-005, 3.52270545e-005, -0.999999999, 0.99882266, 0.0485107618, -2.72035116e-005, 0.0485107609, -0.998822659, -3.31960736e-005, -2.87818506e-005, 3.18373275e-005, -0.999999999, 0, 0, 0, 0, 0, 0, 0, 0.238098511, 0.0125663574, -0.173246289, 0.118994109, 0.930183417, -0.346962093, -0.865356445, 0.268554687, 0.423095703, 0.486767788, 0.249897897, 0.837043157, 0, -0, 0, 0, 0, 0, 0, 0.288339502, 0.0339029297, -0.137444775, 0.0147190346, 0.712766782, -0.701125702, -0.313720703, -0.662475586, -0.680053711, -0.949340741, 0.230061593, 0.213894889, 0, 1, 1, 1, 
224.922418, 12, 0.1, 0.1, -0.00895055213, 0.370651517, -0.0199684728, 0.998822665, 0.0485106386, 3.0084705e-005, 0.0485106375, -0.998822665, 3.6552341e-005, 3.18224626e-005, -3.50498785e-005, -0.999999999, 0.998822665, 0.0485106577, 2.65665296e-005, 0.0485106569, -0.998822665, 3.21827745e-005, 2.80964594e-005, -3.08561247e-005, -0.999999999, 0, 0, 0, 0, 0, 0, 0, 0.238098511, 0.0125663574, -0.173246289, 0.118994109, 0.930183417, -0.346962093, -0.865356445, 0.268554687, 0.423095703, 0.486767788, 0.249897897, 0.837043157, 0, -0, 0, 0, 0, 0, 0, 0.288339502, 0.0339029297, -0.137444775, 0.0147190346, 0.712766782, -0.701125702, -0.313720703, -0.662475586, -0.680053711, -0.949340741, 0.230061593, 0.213894889, 0, 1, 1, 1, 
224.923118, 12, 0.1, 0.1, -0.00895055462, 0.370651515, -0.0199677581, 0.99882267, 0.0485105435, -3.1088328e-005, 0.0485105424, -0.99882267, -3.63575056e-005, -3.28154492e-005, 3.48065892e-005, -0.999999999, 0.998822669, 0.0485105605, -2.78288654e-005, 0.0485105596, -0.998822669, -3.1926982e-005, -2.93448974e-005, 3.05393996e-005, -0.999999999, 0, 0, 0, 0, 0, 0, 0, 0.238098511, 0.0125663574, -0.173246289, 0.118994109, 0.930183417, -0.346962093, -0.865356445, 0.268554687, 0.423095703, 0.486767788, 0.249897897, 0.837043157, 0, -0, 0, 0, 0, 0, 0, 0.288339502, 0.0339029297, -0.137444775, 0.0147190346, 0.712766782, -0.701125702, -0.313720703, -0.662475586, -0.680053711, -0.949340741, 0.230061593, 0.213894889, 0, 1, 1, 1, 
224.923847, 12, 0.1, 0.1, -0.00895055337, 0.370651518, -0.0199673393, 0.998822674, 0.0485104579, 3.54405059e-005, 0.0485104564, -0.998822674, 4.09368826e-005, 3.73846478e-005, -3.91694515e-005, -0.999999999, 0.998822673, 0.0485104727, 3.18787894e-005, 0.0485104715, -0.998822673, 3.65728641e-005, 3.36154246e-005, -3.49833508e-005, -0.999999999, 0, 0, 0, 0, 0, 0, 0, 0.240317847, 0.00903623047, -0.172569849, 0.114518888, 0.930844664, -0.346866613, -0.86730957, 0.263916016, 0.421875, 0.484263203, 0.252512188, 0.837645994, 0, -0, 0, 0, 0, 0, 0, 0.290151514, 0.0305026367, -0.137139404, 0.00887243484, 0.710784978, -0.703189529, -0.308837891, -0.666870117, -0.677978516, -0.950937185, 0.223225191, 0.213677972, 0, 1, 1, 1, 
224.924548, 12, 0.1, 0.1, -0.00895055517, 0.370651517, -0.0199674136, 0.998822678, 0.0485103789, -2.98091473e-005, 0.0485103779, -0.998822678, -3.42776939e-005, -3.14368763e-005, 3.2791285e-005, -0.999999999, 0.998822677, 0.0485103942, -2.54155386e-005, 0.0485103934, -0.998822677, -2.96212487e-005, -2.68225548e-005, 2.83534571e-005, -0.999999999, 0, 0, 0, 0, 0, 0, 0, 0.240317847, 0.00903623047, -0.172569849, 0.114518888, 0.930844664, -0.346866613, -0.86730957, 0.263916016, 0.421875, 0.484263203, 0.252512188, 0.837645994, 0, -0, 0, 0, 0, 0, 0, 0.290151514, 0.0305026367, -0.137139404, 0.00887243484, 0.710784978, -0.703189529, -0.308837891, -0.666870117, -0.677978516, -0.950937185, 0.223225191, 0.213677972, 0, 1, 1, 1, 
224.925313, 12, 0.1, 0.1, -0.00895055365, 0.370651521, -0.0199673765, 0.998822682, 0.0485102845, 3.70662585e-005, 0.0485102829, -0.998822682, 4.46706643e-005, 3.91896064e-005, -4.28199781e-005, -0.999999998, 0.998822682, 0.0485103017, 3.37484351e-005, 0.0485103003, -0.998822681, 4.13329959e-005, 3.57137786e-005, -3.96471871e-005, -0.999999999, 0, 0, 0, 0, 0, 0, 0, 0.240317847, 0.00903623047, -0.172569849, 0.114518888, 0.930844664, -0.346866613, -0.86730957, 0.263916016, 0.421875, 0.484263203, 0.252512188, 0.837645994, 0, -0, 0, 0, 0, 0, 0, 0.290151514, 0.0305026367, -0.137139404, 0.00887243484, 0.710784978, -0.703189529, -0.308837891, -0.666870117, -0.677978516, -0.950937185, 0.223225191, 0.213677972, 0, 1, 1, 1, 
224.926024, 12, 0.1, 0.1, -0.0089505553, 0.37065152, -0.0199677269, 0.998822687, 0.0485101869, -2.90131918e-005, 0.0485101858, -0.998822687, -3.77262177e-005, -3.08091401e-005, 3.62743668e-005, -0.999999999, 0.998822687, 0.048510204, -2.47648575e-005, 0.0485102032, -0.998822687, -3.18652308e-005, -2.62814903e-005, 3.06263672e-005, -0.999999999, 0, 0, 0, 0, 0, 0, 0, 0.240317847, 0.00903623047, -0.172569849, 0.114518888, 0.930844664, -0.346866613, -0.86730957, 0.263916016, 0.421875, 0.484263203, 0.252512188, 0.837645994, 0, -0, 0, 0, 0, 0, 0, 0.290151514, 0.0305026367, -0.137139404, 0.00887243484, 0.710784978, -0.703189529, -0.308837891, -0.666870117, -0.677978516, -0.950937185, 0.223225191, 0.213677972, 0, 1, 1, 1, 
224.926727, 12, 0.1, 0.1, -0.00895055472, 0.370651521, -0.0199684404, 0.998822691, 0.0485101062, 2.90624509e-005, 0.0485101053, -0.998822691, 3.08461535e-005, 3.05245856e-005, -2.94000155e-005, -0.999999999, 0.998822691, 0.0485101195, 2.67655134e-005, 0.0485101188, -0.998822691, 2.63965969e-005, 2.80145042e-005, -2.50671217e-005, -0.999999999, 0, 0, 0, 0, 0, 0, 0, 0.240317847, 0.00903623047, -0.172569849, 0.114518888, 0.930844664, -0.346866613, -0.86730957, 0.263916016, 0.421875, 0.484263203, 0.252512188, 0.837645994, 0, -0, 0, 0, 0, 0, 0, 0.290151514, 0.0305026367, -0.137139404, 0.00887243484, 0.710784978, -0.703189529, -0.308837891, -0.666870117, -0.677978516, -0.950937185, 0.223225191, 0.213677972, 0, 1, 1, 1, 
224.927428, 12, 0.1, 0.1, -0.00895055825, 0.370651519, -0.0199693628, 0.998822693, 0.0485100654, -3.88491104e-005, 0.0485100639, -0.998822693, -3.68962537e-005, -4.05932128e-005, 3.49682427e-005, -0.999999999, 0.998822693, 0.0485100725, -3.47224524e-005, 0.0485100713, -0.998822693, -3.23310895e-005, -3.62499569e-005, 3.06086373e-005, -0.999999999, 0, 0, 0, 0, 0, 0, 0, 0.240317847, 0.00903623047, -0.172569849, 0.114518888, 0.930844664, -0.346866613, -0.86730957, 0.263916016, 0.421875, 0.484263203, 0.252512188, 0.837645994, 0, -0, 0, 0, 0, 0, 0, 0.290151514, 0.0305026367, -0.137139404, 0.00887243484, 0.710784978, -0.703189529, -0.308837891, -0.666870117, -0.677978516, -0.950937185, 0.223225191, 0.213677972, 0, 1, 1, 1, 
224.92813, 12, 0.1, 0.1, -0.00895055896, 0.37065152, -0.0199702325, 0.998822694, 0.0485100434, 2.58068407e-005, 0.0485100428, -0.998822695, 2.51115966e-005, 2.69946228e-005, -2.38301416e-005, -0.999999999, 0.998822694, 0.0485100487, 2.1311972e-005, 0.0485100482, -0.998822694, 2.17958079e-005, 2.2344197e-005, -2.07363027e-005, -1, 0, 0, 0, 0, 0, 0, 0, 0.240317847, 0.00903623047, -0.172569849, 0.114518888, 0.930844664, -0.346866613, -0.86730957, 0.263916016, 0.421875, 0.484263203, 0.252512188, 0.837645994, 0, -0, 0, 0, 0, 0, 0, 0.290151514, 0.0305026367, -0.137139404, 0.00887243484, 0.710784978, -0.703189529, -0.308837891, -0.666870117, -0.677978516, -0.950937185, 0.223225191, 0.213677972, 0, 1, 1, 1, 
224.928866, 12, 0.1, 0.1, -0.00895056206, 0.370651517, -0.0199704404, 0.998822696, 0.0485100087, -3.43912831e-005, 0.0485100073, -0.998822696, -4.08780912e-005, -3.63337906e-005, 3.91616439e-005, -0.999999999, 0.998822696, 0.0485100165, -3.06508529e-005, 0.0485100153, -0.998822695, -3.81471688e-005, -3.24652873e-005, 3.66153846e-005, -0.999999999, 0, 0, 0, 0, 0, 0, 0, 0.242398267, 0.00598713379, -0.171833105, 0.107358983, 0.932166036, -0.345609642, -0.869873047, 0.256347656, 0.421142578, 0.481195095, 0.255392702, 0.838559237, 0, -0, 0, 0, 0, 0, 0, 0.291850488, 0.0277513184, -0.136807422, 0.00148589377, 0.709141492, -0.704901911, -0.302490234, -0.671508789, -0.676269531, -0.953063711, 0.214337721, 0.213620736, 0, 1, 1, 1, 
224.92957, 12, 0.1, 0.1, -0.00895056269, 0.370651518, -0.0199701726, 0.998822699, 0.0485099485, 2.31472314e-005, 0.0485099477, -0.998822699, 3.36006377e-005, 2.47499454e-005, -3.24382087e-005, -0.999999999, 0.998822699, 0.0485099592, 1.95665121e-005, 0.0485099586, -0.998822699, 2.84519652e-005, 2.09236801e-005, -2.7469298e-005, -0.999999999, 0, 0, 0, 0, 0, 0, 0, 0.242398267, 0.00598713379, -0.171833105, 0.107358983, 0.932166036, -0.345609642, -0.869873047, 0.256347656, 0.421142578, 0.481195095, 0.255392702, 0.838559237, 0, -0, 0, 0, 0, 0, 0, 0.291850488, 0.0277513184, -0.136807422, 0.00148589377, 0.709141492, -0.704901911, -0.302490234, -0.671508789, -0.676269531, -0.953063711, 0.214337721, 0.213620736, 0, 1, 1, 1, 
224.93027, 12, 0.1, 0.1, -0.00895056577, 0.370651517, -0.019969707, 0.998822701, 0.0485099001, -3.18880074e-005, 0.0485098991, -0.998822701, -3.08331099e-005, -3.33461767e-005, 2.92499261e-005, -0.999999999, 0.998822701, 0.0485099074, -2.99442944e-005, 0.0485099066, -0.998822701, -2.6818853e-005, -3.12100211e-005, 2.53346843e-005, -0.999999999, 0, 0, 0, 0, 0, 0, 0, 0.242398267, 0.00598713379, -0.171833105, 0.107358983, 0.932166036, -0.345609642, -0.869873047, 0.256347656, 0.421142578, 0.481195095, 0.255392702, 0.838559237, 0, -0, 0, 0, 0, 0, 0, 0.291850488, 0.0277513184, -0.136807422, 0.00148589377, 0.709141492, -0.704901911, -0.302490234, -0.671508789, -0.676269531, -0.953063711, 0.214337721, 0.213620736, 0, 1, 1, 1, 
224.930966, 12, 0.1, 0.1, -0.00895056424, 0.370651519, -0.0199692341, 0.998822701, 0.0485098918, 3.77689549e-005, 0.0485098905, -0.998822702, 3.41049855e-005, 3.93789187e-005, -3.22326659e-005, -0.999999999, 0.998822702, 0.0485098937, 3.31949909e-005, 0.0485098927, -0.998822702, 3.02072526e-005, 3.46212611e-005, -2.85614042e-005, -0.999999999, 0, 0, 0, 0, 0, 0, 0, 0.242398267, 0.00598713379, -0.171833105, 0.107358983, 0.932166036, -0.345609642, -0.869873047, 0.256347656, 0.421142578, 0.481195095, 0.255392702, 0.838559237, 0, -0, 0, 0, 0, 0, 0, 0.291850488, 0.0277513184, -0.136807422, 0.00148589377, 0.709141492, -0.704901911, -0.302490234, -0.671508789, -0.676269531, -0.953063711, 0.214337721, 0.213620736, 0, 1, 1, 1, 
224.931663, 12, 0.1, 0.1, -0.00895056515, 0.370651519, -0.019968869, 0.998822702, 0.0485098832, -2.55536643e-005, 0.0485098824, -0.998822702, -3.03660335e-005, -2.69966328e-005, 2.90906784e-005, -0.999999999, 0.998822702, 0.0485098864, -2.11078295e-005, 0.0485098858, -0.998822702, -2.74737375e-005, -2.24157271e-005, 2.64174543e-005, -0.999999999, 0, 0, 0, 0, 0, 0, 0, 0.242398267, 0.00598713379, -0.171833105, 0.107358983, 0.932166036, -0.345609642, -0.869873047, 0.256347656, 0.421142578, 0.481195095, 0.255392702, 0.838559237, 0, -0, 0, 0, 0, 0, 0, 0.291850488, 0.0277513184, -0.136807422, 0.00148589377, 0.709141492, -0.704901911, -0.302490234, -0.671508789, -0.676269531, -0.953063711, 0.214337721, 0.213620736, 0, 1, 1, 1, 
224.932359, 12, 0.1, 0.1, -0.00895056391, 0.370651522, -0.0199687436, 0.998822704, 0.0485098459, 3.28886147e-005, 0.0485098445, -0.998822704, 4.17383239e-005, 3.48746147e-005, -4.00937639e-005, -0.999999999, 0.998822704, 0.0485098531, 2.93729072e-005, 0.048509852, -0.998822703, 3.77487787e-005, 3.11695143e-005, -3.62794618e-005, -0.999999999, 0, 0, 0, 0, 0, 0, 0, 0.242398267, 0.00598713379, -0.171833105, 0.107358983, 0.932166036, -0.345609642, -0.869873047, 0.256347656, 0.421142578, 0.481195095, 0.255392702, 0.838559237, 0, -0, 0, 0, 0, 0, 0, 0.291850488, 0.0277513184, -0.136807422, 0.00148589377, 0.709141492, -0.704901911, -0.302490234, -0.671508789, -0.676269531, -0.953063711, 0.214337721, 0.213620736, 0, 1, 1, 1, 
224.933067, 12, 0.1, 0.1, -0.00895056555, 0.370651521, -0.019968866, 0.998822706, 0.0485098, -2.65775282e-005, 0.0485097992, -0.998822706, -3.22360488e-005, -2.8110003e-005, 3.0908827e-005, -0.999999999, 0.998822706, 0.0485098077, -2.28765844e-005, 0.0485098071, -0.998822706, -2.65766114e-005, -2.41388782e-005, 2.54355842e-005, -0.999999999, 0, 0, 0, 0, 0, 0, 0, 0.242398267, 0.00598713379, -0.171833105, 0.100803037, 0.933702334, -0.343343949, -0.87121582, 0.249511719, 0.422607422, 0.480379576, 0.256508887, 0.838818346, 0, -0, 0, 0, 0, 0, 0, 0.291850488, 0.0277513184, -0.136807422, 0.00148589377, 0.709141492, -0.704901911, -0.302490234, -0.671508789, -0.676269531, -0.953063711, 0.214337721, 0.213620736, 0, 1, 1, 1, 
224.933781, 12, 0.1, 0.1, -0.00895056421, 0.370651523, -0.0199688556, 0.998822708, 0.048509771, 3.29906708e-005, 0.0485097698, -0.998822707, 3.54444637e-005, 3.46712339e-005, -3.38023653e-005, -0.999999999, 0.998822707, 0.0485097748, 3.05101568e-005, 0.0485097739, -0.998822707, 3.11587679e-005, 3.19857422e-005, -2.96420441e-005, -0.999999999, 0, 0, 0, 0, 0, 0, 0, 0.244293164, 0.00294365234, -0.171493286, 0.100803037, 0.933702334, -0.343343949, -0.87121582, 0.249511719, 0.422607422, 0.480379576, 0.256508887, 0.838818346, 0, -0, 0, 0, 0, 0, 0, 0.293143018, 0.0250666504, -0.136408789, -0.00546608019, 0.708284017, -0.705828281, -0.297119141, -0.675048828, -0.675170898, -0.954653592, 0.206146578, 0.214259827, 0, 1, 1, 1, 
224.934475, 12, 0.1, 0.1, -0.00895056674, 0.370651522, -0.0199690618, 0.998822707, 0.0485097708, -3.39818357e-005, 0.0485097696, -0.998822708, -3.28884203e-005, -3.55372388e-005, 3.120125e-005, -0.999999999, 0.998822708, 0.0485097702, -2.98754336e-005, 0.0485097693, -0.998822708, -2.81864136e-005, -3.12075779e-005, 2.67039795e-005, -0.999999999, 0, 0, 0, 0, 0, 0, 0, 0.244293164, 0.00294365234, -0.171493286, 0.100803037, 0.933702334, -0.343343949, -0.87121582, 0.249511719, 0.422607422, 0.480379576, 0.256508887, 0.838818346, 0, -0, 0, 0, 0, 0, 0, 0.293143018, 0.0250666504, -0.136408789, -0.00546608019, 0.708284017, -0.705828281, -0.297119141, -0.675048828, -0.675170898, -0.954653592, 0.206146578, 0.214259827, 0, 1, 1, 1, 
224.935171, 12, 0.1, 0.1, -0.00895056653, 0.370651524, -0.0199694102, 0.998822707, 0.0485097859, 2.90781214e-005, 0.0485097851, -0.998822707, 2.92797174e-005, 3.04642407e-005, -2.78346732e-005, -0.999999999, 0.998822707, 0.0485097834, 2.5244277e-005, 0.0485097828, -0.998822707, 2.59051556e-005, 2.64712106e-005, -2.46500632e-005, -0.999999999, 0, 0, 0, 0, 0, 0, 0, 0.244293164, 0.00294365234, -0.171493286, 0.100803037, 0.933702334, -0.343343949, -0.87121582, 0.249511719, 0.422607422, 0.480379576, 0.256508887, 0.838818346, 0, -0, 0, 0, 0, 0, 0, 0.293143018, 0.0250666504, -0.136408789, -0.00546608019, 0.708284017, -0.705828281, -0.297119141, -0.675048828, -0.675170898, -0.954653592, 0.206146578, 0.214259827, 0, 1, 1, 1, 
224.935886, 12, 0.1, 0.1, -0.00895056947, 0.370651521, -0.0199697319, 0.998822706, 0.0485097974, -3.53692853e-005, 0.0485097961, -0.998822706, -3.70848065e-005, -3.71266217e-005, 3.532539e-005, -0.999999999, 0.998822706, 0.048509797, -3.02475457e-005, 0.048509796, -0.998822706, -3.35908789e-005, -3.18414222e-005, 3.20840303e-005, -0.999999999, 0, 0, 0, 0, 0, 0, 0, 0.244293164, 0.00294365234, -0.171493286, 0.100803037, 0.933702334, -0.343343949, -0.87121582, 0.249511719, 0.422607422, 0.480379576, 0.256508887, 0.838818346, 0, -0, 0, 0, 0, 0, 0, 0.293143018, 0.0250666504, -0.136408789, -0.010961235, 0.706398095, -0.707649305, -0.292358398, -0.678955078, -0.673339844, -0.956090355, 0.199565738, 0.214068429, 0, 1, 1, 1, 
224.936585, 12, 0.1, 0.1, -0.00895056977, 0.370651523, -0.0199697722, 0.998822707, 0.0485097925, 2.63629906e-005, 0.0485097918, -0.998822707, 2.97390948e-005, 2.77745909e-005, -2.84252199e-005, -0.999999999, 0.998822707, 0.0485097945, 2.1994753e-005, 0.0485097939, -0.998822707, 2.61523018e-005, 2.32375016e-005, -2.50545519e-005, -0.999999999, 0, 0, 0, 0, 0, 0, 0, 0.244293164, 0.00294365234, -0.171493286, 0.100803037, 0.933702334, -0.343343949, -0.87121582, 0.249511719, 0.422607422, 0.480379576, 0.256508887, 0.838818346, 0, -0, 0, 0, 0, 0, 0, 0.294758398, 0.0216780762, -0.135863574, -0.010961235, 0.706398095, -0.707649305, -0.292358398, -0.678955078, -0.673339844, -0.956090355, 0.199565738, 0.214068429, 0, 1, 1, 1, 
224.937287, 12, 0.1, 0.1, -0.00895057219, 0.37065152, -0.0199697028, 0.998822708, 0.0485097677, -3.08440892e-005, 0.0485097665, -0.998822708, -3.74754591e-005, -3.26257025e-005, 3.59351e-005, -0.999999999, 0.998822708, 0.0485097729, -2.73869304e-005, 0.048509772, -0.998822707, -3.40883526e-005, -2.90083062e-005, 3.27196869e-005, -0.999999999, 0, 0, 0, 0, 0, 0, 0, 0.244293164, 0.00294365234, -0.171493286, 0.100803037, 0.933702334, -0.343343949, -0.87121582, 0.249511719, 0.422607422, 0.480379576, 0.256508887, 0.838818346, 0, -0, 0, 0, 0, 0, 0, 0.294758398, 0.0216780762, -0.135863574, -0.010961235, 0.706398095, -0.707649305, -0.292358398, -0.678955078, -0.673339844, -0.956090355, 0.199565738, 0.214068429, 0, 1, 1, 1, 
224.937998, 12, 0.1, 0.1, -0.00895057165, 0.370651522, -0.0199695162, 0.99882271, 0.048509727, 2.87425964e-005, 0.048509726, -0.99882271, 3.64772738e-005, 3.04782606e-005, -3.5040034e-005, -0.999999999, 0.99882271, 0.048509734, 2.5228466e-005, 0.0485097332, -0.998822709, 3.17294814e-005, 2.67379535e-005, -3.04683004e-005, -0.999999999, 0, 0, 0, 0, 0, 0, 0, 0.244293164, 0.00294365234, -0.171493286, 0.100803037, 0.933702334, -0.343343949, -0.87121582, 0.249511719, 0.422607422, 0.480379576, 0.256508887, 0.838818346, 0, -0, 0, 0, 0, 0, 0, 0.294758398, 0.0216780762, -0.135863574, -0.010961235, 0.706398095, -0.707649305, -0.292358398, -0.678955078, -0.673339844, -0.956090355, 0.199565738, 0.214068429, 0, 1, 1, 1, 
224.93871, 12, 0.1, 0.1, -0.00895057381, 0.370651522, -0.0199690236, 0.998822711, 0.0485096917, -2.91173922e-005, 0.0485096907, -0.998822711, -3.2678965e-005, -3.06683591e-005, 3.12280167e-005, -0.999999999, 0.998822711, 0.0485096963, -2.67686992e-005, 0.0485096956, -0.998822711, -2.80342622e-005, -2.80971183e-005, 2.67027163e-005, -0.999999999, 0, 0, 0, 0, 0, 0, 0, 0.246243848, -0.000365307617, -0.171035327, 0.095445652, 0.934300301, -0.343146997, -0.873168945, 0.244140625, 0.421630859, 0.477767528, 0.259503977, 0.83928152, 0, -0, 0, 0, 0, 0, 0, 0.294758398, 0.0216780762, -0.135863574, -0.010961235, 0.706398095, -0.707649305, -0.292358398, -0.678955078, -0.673339844, -0.956090355, 0.199565738, 0.214068429, 0, 1, 1, 1, 
224.93941, 12, 0.1, 0.1, -0.00895057233, 0.370651524, -0.019968688, 0.998822712, 0.048509679, 3.46840364e-005, 0.0485096777, -0.998822712, 3.71786538e-005, 3.64467279e-005, -3.54523724e-005, -0.999999999, 0.998822712, 0.0485096801, 3.14915427e-005, 0.0485096791, -0.998822712, 3.25518633e-005, 3.30335485e-005, -3.09858958e-005, -0.999999999, 0, 0, 0, 0, 0, 0, 0, 0.246243848, -0.000365307617, -0.171035327, 0.095445652, 0.934300301, -0.343146997, -0.873168945, 0.244140625, 0.421630859, 0.477767528, 0.259503977, 0.83928152, 0, -0, 0, 0, 0, 0, 0, 0.294758398, 0.0216780762, -0.135863574, -0.010961235, 0.706398095, -0.707649305, -0.292358398, -0.678955078, -0.673339844, -0.956090355, 0.199565738, 0.214068429, 0, 1, 1, 1, 
224.940122, 12, 0.1, 0.1, -0.00895057442, 0.370651523, -0.0199684917, 0.998822712, 0.0485096885, -3.17112686e-005, 0.0485096874, -0.998822712, -3.2185389e-005, -3.32352385e-005, 3.06091938e-005, -0.999999999, 0.998822712, 0.0485096859, -2.81759849e-005, 0.0485096851, -0.998822712, -2.78191468e-005, -2.94923117e-005, 2.64195875e-005, -0.999999999, 0, 0, 0, 0, 0, 0, 0, 0.246243848, -0.000365307617, -0.171035327, 0.095445652, 0.934300301, -0.343146997, -0.873168945, 0.244140625, 0.421630859, 0.477767528, 0.259503977, 0.83928152, 0, -0, 0, 0, 0, 0, 0, 0.294758398, 0.0216780762, -0.135863574, -0.010961235, 0.706398095, -0.707649305, -0.292358398, -0.678955078, -0.673339844, -0.956090355, 0.199565738, 0.214068429, 0, 1, 1, 1, 
