time, trialNum, realDorsalTactorPos, realVentralTactorPos, boxPosX, boxPosY, boxPosZ, boxLocalRot_11, boxLocalRot_12, boxLocalRot_13, boxLocalRot_21, boxLocalRot_22, boxLocalRot_23, boxLocalRot_31, boxLocalRot_32, boxLocalRot_33, boxGlobalRot_11, boxGlobalRot_12, boxGlobalRot_13, boxGlobalRot_21, boxGlobalRot_22, boxGlobalRot_23, boxGlobalRot_31, boxGlobalRot_32, boxGlobalRot_33, indexForceX, indexForceY, indexForceZ, indexForceGlobalX, indexForceGlobalY, indexForceGlobalZ, indexContact, indexPosX, indexPosY, indexPosZ, indexRot_11, indexRot_12, indexRot_13, indexRot_21, indexRot_22, indexRot_23, indexRot_31, indexRot_32, indexRot_33, thumbForceX, thumbForceY, thumbForceZ, thumbForceGlobalX, thumbForceGlobalY, thumbForceGlobalZ, thumbContact, thumbPosX, thumbPosY, thumbPosZ, thumbRot_11, thumbRot_12, thumbRot_13, thumbRot_21, thumbRot_22, thumbRot_23, thumbRot_31, thumbRot_32, thumbRot_33, manipForceTooHigh, cceExpType, mapping, trialSuccess, 
577.407413, 46, 0.1, 0.1, 0.0266214314, 0.350121781, -0.0199685722, 0.906827844, 2.78301101e-005, -0.421501199, 0.421501199, -9.47051013e-006, 0.906827844, 2.12452874e-005, -1, -2.03185471e-005, 0.906827831, 2.07025013e-005, -0.421501226, 0.421501227, -1.61536203e-005, 0.906827831, 1.19648336e-005, -1, -2.33746821e-005, 0, 0, 0, 0, 0, 0, 0, 0.325825757, -0.154440918, -0.226985522, -0.0911059366, 0.405320099, -0.909576915, -0.994384766, 0.0101318359, 0.104125977, 0.0513837511, 0.914157355, 0.402246381, 0, -0, 0, 0, 0, 0, 0, 0.358964062, -0.0838989258, -0.201853125, 0.0167215935, 0.304211426, -0.952422386, -0.229492188, -0.92590332, -0.299804687, -0.973065092, 0.223698022, 0.0543067025, 0, 1, 5, 1, 
577.446594, 46, 0.1, 0.1, 0.0266214144, 0.350121783, -0.0199693076, 0.906821809, 1.3088124e-005, -0.421514183, 0.421514183, -6.93257432e-006, 0.906821809, 8.94641792e-006, -1, -1.18034395e-005, 0.906821808, -1.31795038e-005, -0.421514185, 0.421514185, 3.66802951e-006, 0.906821808, -1.0405335e-005, -1, 8.88159696e-006, 0, 0, 0, 0, 0, 0, 0, 0.351053955, -0.16982644, -0.223608545, -0.109114998, 0.450766165, -0.885937872, -0.993896484, -0.060546875, 0.0915527344, -0.0123799464, 0.890521678, 0.454736655, 0, -0, 0, 0, 0, 0, 0, 0.378094531, -0.100420117, -0.196049951, 0.00392738355, 0.307086348, -0.951664093, -0.145996094, -0.941162109, -0.304321289, -0.989138943, 0.14028966, 0.0412529324, 0, 1, 5, 1, 
577.447314, 46, 0.1, 0.1, 0.0266214151, 0.350121782, -0.0199677594, 0.906821815, -2.87276106e-005, -0.42151417, 0.42151417, 8.31035689e-006, 0.906821815, -2.25478908e-005, -1, 1.96451079e-005, 0.906821814, -1.5008076e-005, -0.421514173, 0.421514173, 2.69830442e-006, 0.906821814, -1.24722771e-005, -1, 8.77299806e-006, 0, 0, 0, 0, 0, 0, 0, 0.351053955, -0.16982644, -0.223608545, -0.109114998, 0.450766165, -0.885937872, -0.993896484, -0.060546875, 0.0915527344, -0.0123799464, 0.890521678, 0.454736655, 0, -0, 0, 0, 0, 0, 0, 0.378094531, -0.100420117, -0.196049951, 0.00392738355, 0.307086348, -0.951664093, -0.145996094, -0.941162109, -0.304321289, -0.989138943, 0.14028966, 0.0412529324, 0, 1, 5, 1, 
577.448008, 46, 0.1, 0.1, 0.0266214168, 0.350121781, -0.0199666479, 0.906821827, 3.13592601e-005, -0.421514144, 0.421514145, -9.47118942e-006, 0.906821827, 2.44450213e-005, -0.999999999, -2.1807053e-005, 0.906821824, 3.20227486e-005, -0.421514149, 0.421514149, -9.94558406e-006, 0.906821825, 2.48467229e-005, -0.999999999, -2.25169143e-005, 0, 0, 0, 0, 0, 0, 0, 0.351053955, -0.16982644, -0.223608545, -0.109114998, 0.450766165, -0.885937872, -0.993896484, -0.060546875, 0.0915527344, -0.0123799464, 0.890521678, 0.454736655, 0, -0, 0, 0, 0, 0, 0, 0.378094531, -0.100420117, -0.196049951, 0.00392738355, 0.307086348, -0.951664093, -0.145996094, -0.941162109, -0.304321289, -0.989138943, 0.14028966, 0.0412529324, 0, 1, 5, 1, 
577.448729, 46, 0.1, 0.1, 0.0266214147, 0.350121782, -0.0199663925, 0.906821837, -8.02492455e-006, -0.421514123, 0.421514123, 2.03444258e-006, 0.906821837, -6.41963054e-006, -1, 5.22749599e-006, 0.906821836, -2.43526609e-005, -0.421514125, 0.421514125, 8.59811537e-006, 0.906821836, -1.84592976e-005, -1, 1.80619493e-005, 0, 0, 0, 0, 0, 0, 0, 0.354070215, -0.169643091, -0.222812598, -0.110498145, 0.454521729, -0.883771406, -0.993530273, -0.0728759766, 0.0866699219, -0.0250144385, 0.8877022, 0.459831566, 0, -0, 0, 0, 0, 0, 0, 0.378094531, -0.100420117, -0.196049951, 0.00287924525, 0.308701015, -0.951140574, -0.133911133, -0.942382813, -0.306274414, -0.990844762, 0.128430583, 0.0386076169, 0, 1, 5, 1, 
577.449423, 46, 0.1, 0.1, 0.0266214185, 0.35012178, -0.0199669089, 0.90682184, -9.87332025e-006, -0.421514117, 0.421514117, 4.54299606e-006, 0.90682184, -7.03840546e-006, -1, 8.28143192e-006, 0.90682184, 1.78445449e-005, -0.421514116, 0.421514117, -6.64131773e-006, 0.90682184, 1.33824139e-005, -1, -1.35442196e-005, 0, 0, 0, 0, 0, 0, 0, 0.354070215, -0.169643091, -0.222812598, -0.110498145, 0.454521729, -0.883771406, -0.993530273, -0.0728759766, 0.0866699219, -0.0250144385, 0.8877022, 0.459831566, 0, -0, 0, 0, 0, 0, 0, 0.380221729, -0.100562695, -0.195401221, 0.00287924525, 0.308701015, -0.951140574, -0.133911133, -0.942382813, -0.306274414, -0.990844762, 0.128430583, 0.0386076169, 0, 1, 5, 1, 
577.450141, 46, 0.1, 0.1, 0.0266214181, 0.35012178, -0.0199679664, 0.906821841, 3.02036403e-005, -0.421514113, 0.421514113, -9.01054131e-006, 0.906821842, 2.35912504e-005, -1, -2.09022163e-005, 0.906821841, 1.76430615e-005, -0.421514114, 0.421514114, -4.08628486e-006, 0.906821841, 1.42766867e-005, -1, -1.11423318e-005, 0, 0, 0, 0, 0, 0, 0, 0.354070215, -0.169643091, -0.222812598, -0.110498145, 0.454521729, -0.883771406, -0.993530273, -0.0728759766, 0.0866699219, -0.0250144385, 0.8877022, 0.459831566, 0, -0, 0, 0, 0, 0, 0, 0.380221729, -0.100562695, -0.195401221, 0.00287924525, 0.308701015, -0.951140574, -0.133911133, -0.942382813, -0.306274414, -0.990844762, 0.128430583, 0.0386076169, 0, 1, 5, 1, 
577.450836, 46, 0.1, 0.1, 0.0266214173, 0.35012178, -0.0199693541, 0.906821849, -2.60556186e-005, -0.421514096, 0.421514097, 6.83156925e-006, 0.906821849, -2.07482015e-005, -1, 1.71778268e-005, 0.906821848, -2.61546723e-005, -0.421514099, 0.421514099, 7.44680603e-006, 0.906821848, -2.05786946e-005, -1, 1.77774896e-005, 0, 0, 0, 0, 0, 0, 0, 0.354070215, -0.169643091, -0.222812598, -0.110498145, 0.454521729, -0.883771406, -0.993530273, -0.0728759766, 0.0866699219, -0.0250144385, 0.8877022, 0.459831566, 0, -0, 0, 0, 0, 0, 0, 0.380221729, -0.100562695, -0.195401221, 0.00287924525, 0.308701015, -0.951140574, -0.133911133, -0.942382813, -0.306274414, -0.990844762, 0.128430583, 0.0386076169, 0, 1, 5, 1, 
577.451532, 46, 0.1, 0.1, 0.0266214195, 0.350121778, -0.019970733, 0.906821853, 9.87287847e-006, -0.421514088, 0.421514088, -4.73163121e-006, 0.906821853, 6.95849274e-006, -1, -8.45230394e-006, 0.906821853, 2.29216231e-005, -0.421514088, 0.421514088, -1.04247922e-005, 0.906821853, 1.63916319e-005, -1, -1.91152164e-005, 0, 0, 0, 0, 0, 0, 0, 0.354070215, -0.169643091, -0.222812598, -0.110498145, 0.454521729, -0.883771406, -0.993530273, -0.0728759766, 0.0866699219, -0.0250144385, 0.8877022, 0.459831566, 0, -0, 0, 0, 0, 0, 0, 0.380221729, -0.100562695, -0.195401221, 0.00287924525, 0.308701015, -0.951140574, -0.133911133, -0.942382813, -0.306274414, -0.990844762, 0.128430583, 0.0386076169, 0, 1, 5, 1, 
577.452223, 46, 0.1, 0.1, 0.0266214168, 0.350121779, -0.0199717196, 0.906821855, 1.03769174e-005, -0.421514084, 0.421514084, -1.5189874e-006, 0.906821855, 8.76974087e-006, -1, -5.75146779e-006, 0.906821854, -1.3330534e-005, -0.421514086, 0.421514086, 7.03660627e-006, 0.906821854, -9.12239092e-006, -1, 1.19999562e-005, 0, 0, 0, 0, 0, 0, 0, 0.354070215, -0.169643091, -0.222812598, -0.110498145, 0.454521729, -0.883771406, -0.993530273, -0.0728759766, 0.0866699219, -0.0250144385, 0.8877022, 0.459831566, 0, -0, 0, 0, 0, 0, 0, 0.380221729, -0.100562695, -0.195401221, 0.00287924525, 0.308701015, -0.951140574, -0.133911133, -0.942382813, -0.306274414, -0.990844762, 0.128430583, 0.0386076169, 0, 1, 5, 1, 
577.452916, 46, 0.1, 0.1, 0.0266214172, 0.350121779, -0.0199720657, 0.906821861, -2.66679559e-005, -0.421514071, 0.421514072, 9.25758811e-006, 0.906821861, -2.02808818e-005, -1, 1.9635902e-005, 0.90682186, -1.53237063e-005, -0.421514074, 0.421514074, 6.03679513e-006, 0.90682186, -1.13512778e-005, -1, 1.19334557e-005, 0, 0, 0, 0, 0, 0, 0, 0.354070215, -0.169643091, -0.222812598, -0.110498145, 0.454521729, -0.883771406, -0.993530273, -0.0728759766, 0.0866699219, -0.0250144385, 0.8877022, 0.459831566, 0, -0, 0, 0, 0, 0, 0, 0.380221729, -0.100562695, -0.195401221, 0.00287924525, 0.308701015, -0.951140574, -0.133911133, -0.942382813, -0.306274414, -0.990844762, 0.128430583, 0.0386076169, 0, 1, 5, 1, 
577.453639, 46, 0.1, 0.1, 0.0266214183, 0.350121778, -0.0199714865, 0.906821864, 2.40506634e-005, -0.421514064, 0.421514064, -9.02506452e-006, 0.906821864, 1.80054758e-005, -1, -1.83218187e-005, 0.906821864, 2.49700707e-005, -0.421514064, 0.421514065, -9.95064773e-006, 0.906821864, 1.84490681e-005, -1, -1.95487009e-005, 0, 0, 0, 0, 0, 0, 0, 0.355789624, -0.171583667, -0.221872388, -0.111478033, 0.455936338, -0.882964505, -0.993164062, -0.0783691406, 0.0849609375, -0.0304208766, 0.886489413, 0.461804828, 0, -0, 0, 0, 0, 0, 0, 0.381886084, -0.102101611, -0.194756885, 0.00140310305, 0.308539868, -0.951134377, -0.12512207, -0.943603516, -0.306274414, -0.991981852, 0.119453428, 0.0373808411, 0, 1, 5, 1, 
577.454334, 46, 0.1, 0.1, 0.0266214159, 0.350121779, -0.0199702409, 0.906821862, -1.02949364e-005, -0.421514068, 0.421514068, 5.41800096e-006, 0.906821862, -7.05190977e-006, -1, 9.25262224e-006, 0.906821863, -2.3539351e-005, -0.421514067, 0.421514067, 1.05355203e-005, 0.906821863, -1.69051281e-005, -1, 1.94760078e-005, 0, 0, 0, 0, 0, 0, 0, 0.355789624, -0.171583667, -0.221872388, -0.111478033, 0.455936338, -0.882964505, -0.993164062, -0.0783691406, 0.0849609375, -0.0304208766, 0.886489413, 0.461804828, 0, -0, 0, 0, 0, 0, 0, 0.381886084, -0.102101611, -0.194756885, 0.00140310305, 0.308539868, -0.951134377, -0.12512207, -0.943603516, -0.306274414, -0.991981852, 0.119453428, 0.0373808411, 0, 1, 5, 1, 
577.455031, 46, 0.1, 0.1, 0.0266214186, 0.350121778, -0.0199688785, 0.906821863, -1.47383353e-005, -0.421514067, 0.421514067, 3.99742668e-006, 0.906821863, -1.16800731e-005, -1, 9.83736954e-006, 0.906821862, 1.16034418e-005, -0.421514069, 0.421514069, -5.25365047e-006, 0.906821862, 8.30776714e-006, -1, -9.65513908e-006, 0, 0, 0, 0, 0, 0, 0, 0.355789624, -0.171583667, -0.221872388, -0.111478033, 0.455936338, -0.882964505, -0.993164062, -0.0783691406, 0.0849609375, -0.0304208766, 0.886489413, 0.461804828, 0, -0, 0, 0, 0, 0, 0, 0.381886084, -0.102101611, -0.194756885, 0.00140310305, 0.308539868, -0.951134377, -0.12512207, -0.943603516, -0.306274414, -0.991981852, 0.119453428, 0.0373808411, 0, 1, 5, 1, 
577.455725, 46, 0.1, 0.1, 0.0266214178, 0.350121778, -0.0199678464, 0.906821868, 2.83091843e-005, -0.421514056, 0.421514056, -9.76453691e-006, 0.906821868, 2.15554978e-005, -1, -2.07874147e-005, 0.906821867, 1.53629289e-005, -0.421514059, 0.421514059, -5.53674468e-006, 0.906821867, 1.15976242e-005, -1, -1.14965317e-005, 0, 0, 0, 0, 0, 0, 0, 0.355789624, -0.171583667, -0.221872388, -0.111478033, 0.455936338, -0.882964505, -0.993164062, -0.0783691406, 0.0849609375, -0.0304208766, 0.886489413, 0.461804828, 0, -0, 0, 0, 0, 0, 0, 0.381886084, -0.102101611, -0.194756885, 0.00140310305, 0.308539868, -0.951134377, -0.12512207, -0.943603516, -0.306274414, -0.991981852, 0.119453428, 0.0373808411, 0, 1, 5, 1, 
577.456442, 46, 0.1, 0.1, 0.026621416, 0.350121778, -0.0199672162, 0.906821875, -3.08686969e-005, -0.421514041, 0.421514042, 1.12587294e-005, 0.906821875, -2.32466971e-005, -0.999999999, 2.32212513e-005, 0.906821873, -3.22167604e-005, -0.421514044, 0.421514045, 1.14628163e-005, 0.906821873, -2.43831249e-005, -0.999999999, 2.39745495e-005, 0, 0, 0, 0, 0, 0, 0, 0.355789624, -0.171583667, -0.221872388, -0.111478033, 0.455936338, -0.882964505, -0.993164062, -0.0783691406, 0.0849609375, -0.0304208766, 0.886489413, 0.461804828, 0, -0, 0, 0, 0, 0, 0, 0.383423389, -0.103458789, -0.19350166, 0.00140929967, 0.307771713, -0.95142239, -0.115600586, -0.944946289, -0.305908203, -0.993208628, 0.110412474, 0.034282002, 0, 1, 5, 1, 
577.457135, 46, 0.1, 0.1, 0.0266214184, 0.350121777, -0.0199672527, 0.906821885, 1.10028074e-005, -0.42151402, 0.42151402, -3.26143183e-006, 0.906821885, 8.60284733e-006, -1, -7.59537535e-006, 0.906821882, 2.5340704e-005, -0.421514025, 0.421514025, -8.01443623e-006, 0.906821883, 1.96013077e-005, -1, -1.79491283e-005, 0, 0, 0, 0, 0, 0, 0, 0.355789624, -0.171583667, -0.221872388, -0.111478033, 0.455936338, -0.882964505, -0.993164062, -0.0783691406, 0.0849609375, -0.0304208766, 0.886489413, 0.461804828, 0, -0, 0, 0, 0, 0, 0, 0.383423389, -0.103458789, -0.19350166, 0.00140929967, 0.307771713, -0.95142239, -0.115600586, -0.944946289, -0.305908203, -0.993208628, 0.110412474, 0.034282002, 0, 1, 5, 1, 
577.45783, 46, 0.1, 0.1, 0.0266214154, 0.350121778, -0.0199679894, 0.906821894, 1.29873572e-005, -0.421513999, 0.421513999, -5.51785936e-006, 0.906821894, 9.45136492e-006, -1, -1.04780686e-005, 0.906821893, -1.45455118e-005, -0.421514003, 0.421514003, 4.28595056e-006, 0.906821893, -1.13836004e-005, -1, 1.00177307e-005, 0, 0, 0, 0, 0, 0, 0, 0.355789624, -0.171583667, -0.221872388, -0.111478033, 0.455936338, -0.882964505, -0.993164062, -0.0783691406, 0.0849609375, -0.0304208766, 0.886489413, 0.461804828, 0, -0, 0, 0, 0, 0, 0, 0.383423389, -0.103458789, -0.19350166, 0.00140929967, 0.307771713, -0.95142239, -0.115600586, -0.944946289, -0.305908203, -0.993208628, 0.110412474, 0.034282002, 0, 1, 5, 1, 
577.458541, 46, 0.1, 0.1, 0.0266214164, 0.350121777, -0.0199690766, 0.906821899, -2.67070475e-005, -0.421513989, 0.421513989, 1.07648113e-005, 0.906821899, -1.96810169e-005, -1, 2.10191607e-005, 0.906821899, -1.44817408e-005, -0.42151399, 0.42151399, 6.34135708e-006, 0.906821899, -1.04593889e-005, -1, 1.18547378e-005, 0, 0, 0, 0, 0, 0, 0, 0.357483398, -0.173559521, -0.220723096, -0.112890015, 0.456646638, -0.882392746, -0.992797852, -0.0849609375, 0.0830078125, -0.0369947969, 0.885511769, 0.463073781, 0, -0, 0, 0, 0, 0, 0, 0.383423389, -0.103458789, -0.19350166, 0.00140929967, 0.307771713, -0.95142239, -0.115600586, -0.944946289, -0.305908203, -0.993208628, 0.110412474, 0.034282002, 0, 1, 5, 1, 
577.459233, 46, 0.1, 0.1, 0.0266214175, 0.350121777, -0.0199701576, 0.906821899, 2.52195246e-005, -0.421513989, 0.42151399, -1.02579966e-005, 0.906821899, 1.85457281e-005, -1, -1.99325584e-005, 0.906821899, 2.56231163e-005, -0.421513989, 0.421513989, -1.04498828e-005, 0.906821899, 1.88308312e-005, -1, -2.02766845e-005, 0, 0, 0, 0, 0, 0, 0, 0.357483398, -0.173559521, -0.220723096, -0.112890015, 0.456646638, -0.882392746, -0.992797852, -0.0849609375, 0.0830078125, -0.0369947969, 0.885511769, 0.463073781, 0, -0, 0, 0, 0, 0, 0, 0.383423389, -0.103458789, -0.19350166, 0.00140929967, 0.307771713, -0.95142239, -0.115600586, -0.944946289, -0.305908203, -0.993208628, 0.110412474, 0.034282002, 0, 1, 5, 1, 
577.459926, 46, 0.1, 0.1, 0.0266214155, 0.350121777, -0.0199710482, 0.906821897, -8.6578178e-006, -0.421513993, 0.421513993, 4.14448422e-006, 0.906821897, -6.10414068e-006, -1, 7.40770039e-006, 0.906821897, -2.18724863e-005, -0.421513993, 0.421513993, 8.95681674e-006, 0.906821898, -1.60590259e-005, -1, 1.73417966e-005, 0, 0, 0, 0, 0, 0, 0, 0.357483398, -0.173559521, -0.220723096, -0.112890015, 0.456646638, -0.882392746, -0.992797852, -0.0849609375, 0.0830078125, -0.0369947969, 0.885511769, 0.463073781, 0, -0, 0, 0, 0, 0, 0, 0.383423389, -0.103458789, -0.19350166, 0.00140929967, 0.307771713, -0.95142239, -0.115600586, -0.944946289, -0.305908203, -0.993208628, 0.110412474, 0.034282002, 0, 1, 5, 1, 
577.460619, 46, 0.1, 0.1, 0.0266214185, 0.350121776, -0.0199714719, 0.906821899, -9.974893e-006, -0.42151399, 0.42151399, 3.0384432e-006, 0.906821899, -7.76470509e-006, -1, 6.95988378e-006, 0.906821898, 1.39681211e-005, -0.421513991, 0.421513991, -5.60704963e-006, 0.906821898, 1.03031483e-005, -1, -1.09723539e-005, 0, 0, 0, 0, 0, 0, 0, 0.357483398, -0.173559521, -0.220723096, -0.112890015, 0.456646638, -0.882392746, -0.992797852, -0.0849609375, 0.0830078125, -0.0369947969, 0.885511769, 0.463073781, 0, -0, 0, 0, 0, 0, 0, 0.383423389, -0.103458789, -0.19350166, 0.00140929967, 0.307771713, -0.95142239, -0.115600586, -0.944946289, -0.305908203, -0.993208628, 0.110412474, 0.034282002, 0, 1, 5, 1, 
577.461341, 46, 0.1, 0.1, 0.026621418, 0.350121776, -0.0199710289, 0.906821904, 2.76009753e-005, -0.421513978, 0.421513978, -8.89015665e-006, 0.906821904, 2.12818437e-005, -1, -1.96959857e-005, 0.906821903, 1.6216096e-005, -0.421513981, 0.421513981, -4.96097351e-006, 0.906821903, 1.26139913e-005, -1, -1.13340306e-005, 0, 0, 0, 0, 0, 0, 0, 0.359869238, -0.175797314, -0.219376929, -0.113883008, 0.456570254, -0.882297266, -0.992431641, -0.0909423828, 0.0809326172, -0.043264303, 0.885029499, 0.463676619, 0, -0, 0, 0, 0, 0, 0, 0.385130957, -0.105232178, -0.192434277, 0.00052740564, 0.307144282, -0.951607957, -0.107299805, -0.946044922, -0.305419922, -0.994160518, 0.102368252, 0.0325441001, 0, 1, 5, 1, 
577.462038, 46, 0.1, 0.1, 0.0266214172, 0.350121776, -0.0199701725, 0.906821912, -2.35963544e-005, -0.42151396, 0.421513961, 7.83906114e-006, 0.906821912, -1.80934175e-005, -1, 1.70548252e-005, 0.906821911, -2.44812917e-005, -0.421513964, 0.421513964, 8.27970854e-006, 0.906821911, -1.8710159e-005, -1, 1.78274274e-005, 0, 0, 0, 0, 0, 0, 0, 0.359869238, -0.175797314, -0.219376929, -0.113883008, 0.456570254, -0.882297266, -0.992431641, -0.0909423828, 0.0809326172, -0.043264303, 0.885029499, 0.463676619, 0, -0, 0, 0, 0, 0, 0, 0.385130957, -0.105232178, -0.192434277, 0.00052740564, 0.307144282, -0.951607957, -0.107299805, -0.946044922, -0.305419922, -0.994160518, 0.102368252, 0.0325441001, 0, 1, 5, 1, 
577.462733, 46, 0.1, 0.1, 0.0266214201, 0.350121774, -0.0199691921, 0.90682192, 1.20607149e-005, -0.421513944, 0.421513944, -4.17636342e-006, 0.90682192, 9.17652524e-006, -1, -8.8709774e-006, 0.906821918, 2.62797759e-005, -0.421513947, 0.421513947, -9.13894892e-006, 0.906821919, 1.99788823e-005, -1, -1.93646913e-005, 0, 0, 0, 0, 0, 0, 0, 0.359869238, -0.175797314, -0.219376929, -0.113883008, 0.456570254, -0.882297266, -0.992431641, -0.0909423828, 0.0809326172, -0.043264303, 0.885029499, 0.463676619, 0, -0, 0, 0, 0, 0, 0, 0.385130957, -0.105232178, -0.192434277, 0.00052740564, 0.307144282, -0.951607957, -0.107299805, -0.946044922, -0.305419922, -0.994160518, 0.102368252, 0.0325441001, 0, 1, 5, 1, 
577.463444, 46, 0.1, 0.1, 0.0266214174, 0.350121775, -0.0199682693, 0.906821929, 1.47519568e-005, -0.421513925, 0.421513925, -4.47529868e-006, 0.906821929, 1.14909972e-005, -1, -1.02764542e-005, 0.906821927, -1.21636315e-005, -0.42151393, 0.42151393, 4.96848947e-006, 0.906821927, -8.93596025e-006, -1, 9.63267532e-006, 0, 0, 0, 0, 0, 0, 0, 0.359869238, -0.175797314, -0.219376929, -0.113883008, 0.456570254, -0.882297266, -0.992431641, -0.0909423828, 0.0809326172, -0.043264303, 0.885029499, 0.463676619, 0, -0, 0, 0, 0, 0, 0, 0.385130957, -0.105232178, -0.192434277, 0.00052740564, 0.307144282, -0.951607957, -0.107299805, -0.946044922, -0.305419922, -0.994160518, 0.102368252, 0.0325441001, 0, 1, 5, 1, 
577.464141, 46, 0.1, 0.1, 0.0266214182, 0.350121775, -0.0199677474, 0.90682194, -2.92473462e-005, -0.421513901, 0.421513901, 9.7485326e-006, 0.90682194, -2.24129932e-005, -1, 2.11683462e-005, 0.906821938, -1.58977374e-005, -0.421513906, 0.421513906, 5.34296767e-006, 0.906821938, -1.21642818e-005, -1, 1.15462377e-005, 0, 0, 0, 0, 0, 0, 0, 0.359869238, -0.175797314, -0.219376929, -0.113883008, 0.456570254, -0.882297266, -0.992431641, -0.0909423828, 0.0809326172, -0.043264303, 0.885029499, 0.463676619, 0, -0, 0, 0, 0, 0, 0, 0.385130957, -0.105232178, -0.192434277, 0.00052740564, 0.307144282, -0.951607957, -0.107299805, -0.946044922, -0.305419922, -0.994160518, 0.102368252, 0.0325441001, 0, 1, 5, 1, 
577.464833, 46, 0.1, 0.1, 0.0266214191, 0.350121774, -0.0199677899, 0.906821951, 2.58689614e-005, -0.421513876, 0.421513876, -8.53909076e-006, 0.906821952, 1.98591969e-005, -1, -1.86475612e-005, 0.906821949, 2.67387674e-005, -0.42151388, 0.421513881, -9.14652104e-006, 0.90682195, 2.03919156e-005, -1, -1.95650276e-005, 0, 0, 0, 0, 0, 0, 0, 0.359869238, -0.175797314, -0.219376929, -0.113883008, 0.456570254, -0.882297266, -0.992431641, -0.0909423828, 0.0809326172, -0.043264303, 0.885029499, 0.463676619, 0, -0, 0, 0, 0, 0, 0, 0.385130957, -0.105232178, -0.192434277, 0.00052740564, 0.307144282, -0.951607957, -0.107299805, -0.946044922, -0.305419922, -0.994160518, 0.102368252, 0.0325441001, 0, 1, 5, 1, 
577.465529, 46, 0.1, 0.1, 0.0266214162, 0.350121775, -0.0199683885, 0.90682196, -1.41921834e-005, -0.421513858, 0.421513858, 4.11552228e-006, 0.90682196, -1.11350339e-005, -1, 9.71424795e-006, 0.906821959, -2.82122316e-005, -0.42151386, 0.421513861, 9.64358661e-006, 0.906821959, -2.15185657e-005, -1, 2.06368627e-005, 0, 0, 0, 0, 0, 0, 0, 0.359869238, -0.175797314, -0.219376929, -0.113883008, 0.456570254, -0.882297266, -0.992431641, -0.0909423828, 0.0809326172, -0.043264303, 0.885029499, 0.463676619, 0, -0, 0, 0, 0, 0, 0, 0.385130957, -0.105232178, -0.192434277, 0.00052740564, 0.307144282, -0.951607957, -0.107299805, -0.946044922, -0.305419922, -0.994160518, 0.102368252, 0.0325441001, 0, 1, 5, 1, 
577.466426, 46, 0.1, 0.1, 0.0266214164, 0.350121774, -0.0199682479, 0.906821961, -4.07506213e-005, -0.421513855, 0.421513856, 1.63120273e-005, 0.906821961, -3.00778128e-005, -0.999999999, 3.19690561e-005, 0.906821963, 1.4940939e-005, -0.421513852, 0.421513853, -5.32542372e-006, 0.906821963, 1.13040318e-005, -1, -1.1127024e-005, 0, 0, 0, 0, 0, 0, 0, 0.362198926, -0.177574341, -0.218014526, -0.115910932, 0.456798284, -0.881903363, -0.991821289, -0.0985107422, 0.0793457031, -0.0506058113, 0.884128239, 0.464602966, 0, -0, 0, 0, 0, 0, 0, 0.386558887, -0.106359521, -0.191136816, -0.00121705941, 0.306510288, -0.951844563, -0.0982666016, -0.947143555, -0.304931641, -0.995080325, 0.0932186562, 0.0312918047, 0, 1, 5, 1, 
577.467556, 46, 0.1, 0.1, 0.0266214128, 0.350121775, -0.0199612318, 0.906821943, 5.25642032e-005, -0.421513892, 0.421513894, -2.41948912e-005, 0.906821943, 3.74678902e-005, -0.999999998, -4.40970003e-005, 0.906821948, 2.811199e-005, -0.421513883, 0.421513883, -1.43877329e-005, 0.906821948, 1.94279404e-005, -1, -2.48967061e-005, 0, 0, 0, 0, 0, 0, 0, 0.362198926, -0.177574341, -0.218014526, -0.115910932, 0.456798284, -0.881903363, -0.991821289, -0.0985107422, 0.0793457031, -0.0506058113, 0.884128239, 0.464602966, 0, -0, 0, 0, 0, 0, 0, 0.386558887, -0.106359521, -0.191136816, -0.00121705941, 0.306510288, -0.951844563, -0.0982666016, -0.947143555, -0.304931641, -0.995080325, 0.0932186562, 0.0312918047, 0, 1, 5, 1, 
577.468683, 46, 0.1, 0.1, 0.0266214054, 0.350121777, -0.0199501529, 0.906821914, -6.35705301e-005, -0.421513953, 0.421513956, 2.60246662e-005, 0.906821914, -4.66773899e-005, -0.999999998, 5.03956032e-005, 0.906821917, -7.23943643e-005, -0.421513944, 0.421513947, 2.82420872e-005, 0.906821918, -5.37443628e-005, -0.999999997, 5.61257779e-005, 0, 0, 0, 0, 0, 0, 0, 0.362198926, -0.177574341, -0.218014526, -0.115910932, 0.456798284, -0.881903363, -0.991821289, -0.0985107422, 0.0793457031, -0.0506058113, 0.884128239, 0.464602966, 0, -0, 0, 0, 0, 0, 0, 0.386558887, -0.106359521, -0.191136816, -0.00121705941, 0.306510288, -0.951844563, -0.0982666016, -0.947143555, -0.304931641, -0.995080325, 0.0932186562, 0.0312918047, 0, 1, 5, 1, 
577.469841, 46, 0.1, 0.1, 0.0266214241, 0.35012177, -0.0199398688, 0.906821893, 4.60324272e-005, -0.421514, 0.421514001, -1.54508942e-005, 0.906821894, 3.52304446e-005, -0.999999999, -3.34145217e-005, 0.906821895, 9.24798206e-005, -0.421513987, 0.421513992, -3.45656921e-005, 0.906821897, 6.92928037e-005, -0.999999995, -7.03264647e-005, 0, 0, 0, 0, 0, 0, 0, 0.362198926, -0.177574341, -0.218014526, -0.115910932, 0.456798284, -0.881903363, -0.991821289, -0.0985107422, 0.0793457031, -0.0506058113, 0.884128239, 0.464602966, 0, -0, 0, 0, 0, 0, 0, 0.387644189, -0.10742876, -0.190661768, -0.0048208279, 0.306726105, -0.951691079, -0.08984375, -0.947998047, -0.305053711, -0.995827324, 0.084158379, 0.0321671355, 0, 1, 5, 1, 
577.470971, 46, 0.1, 0.1, 0.0266214129, 0.350121773, -0.0199357232, 0.906821853, 5.56806456e-005, -0.421514085, 0.421514087, -2.60342933e-005, 0.906821853, 3.95186049e-005, -0.999999998, -4.70786426e-005, 0.906821865, -3.1520826e-005, -0.421514061, 0.421514062, 8.37598878e-006, 0.906821866, -2.50531772e-005, -0.999999999, 2.08820012e-005, 0, 0, 0, 0, 0, 0, 0, 0.362198926, -0.177574341, -0.218014526, -0.115910932, 0.456798284, -0.881903363, -0.991821289, -0.0985107422, 0.0793457031, -0.0506058113, 0.884128239, 0.464602966, 0, -0, 0, 0, 0, 0, 0, 0.387644189, -0.10742876, -0.190661768, -0.0048208279, 0.306726105, -0.951691079, -0.08984375, -0.947998047, -0.305053711, -0.995827324, 0.084158379, 0.0321671355, 0, 1, 5, 1, 
577.472135, 46, 0.1, 0.1, 0.0266214233, 0.350121769, -0.0199381718, 0.906821781, -7.71182211e-005, -0.421514237, 0.421514241, 3.45088404e-005, 0.906821782, -5.53865151e-005, -0.999999996, 6.37997966e-005, 0.906821797, -3.54796497e-005, -0.421514208, 0.421514209, 1.5871226e-005, 0.906821797, -2.54837725e-005, -0.999999999, 2.93475501e-005, 0, 0, 0, 0, 0, 0, 0, 0.363696655, -0.17858728, -0.218139136, -0.121225255, 0.458942288, -0.880163001, -0.990966797, -0.105957031, 0.0811767578, -0.0560672938, 0.882058375, 0.467787894, 0, -0, 0, 0, 0, 0, 0, 0.387644189, -0.10742876, -0.190661768, -0.0048208279, 0.306726105, -0.951691079, -0.08984375, -0.947998047, -0.305053711, -0.995827324, 0.084158379, 0.0321671355, 0, 1, 5, 1, 
577.473266, 46, 0.1, 0.1, 0.0266214281, 0.350121768, -0.0199460052, 0.90682172, 7.12028612e-005, -0.42151437, 0.421514372, -2.66007774e-005, 0.906821721, 5.33556912e-005, -0.999999997, -5.4135192e-005, 0.906821727, 7.4726184e-005, -0.421514352, 0.421514355, -2.40236538e-005, 0.906821729, 5.76370125e-005, -0.999999997, -5.32833305e-005, 0, 0, 0, 0, 0, 0, 0, 0.363696655, -0.17858728, -0.218139136, -0.121225255, 0.458942288, -0.880163001, -0.990966797, -0.105957031, 0.0811767578, -0.0560672938, 0.882058375, 0.467787894, 0, -0, 0, 0, 0, 0, 0, 0.387644189, -0.10742876, -0.190661768, -0.0048208279, 0.306726105, -0.951691079, -0.08984375, -0.947998047, -0.305053711, -0.995827324, 0.084158379, 0.0321671355, 0, 1, 5, 1, 
577.474441, 46, 0.1, 0.1, 0.0266214134, 0.350121772, -0.0199547111, 0.906821702, -4.77987783e-005, -0.421514412, 0.421514413, 1.88066601e-005, 0.906821702, -3.54176912e-005, -0.999999999, 3.72021615e-005, 0.9068217, -8.02364564e-005, -0.421514411, 0.421514414, 2.71764069e-005, 0.906821701, -6.13049128e-005, -0.999999996, 5.84649784e-005, 0, 0, 0, 0, 0, 0, 0, 0.365877783, -0.17961853, -0.217819946, -0.126210077, 0.460724591, -0.878460831, -0.989990234, -0.114257813, 0.0822753906, -0.0625696997, 0.880045799, 0.470731687, 0, -0, 0, 0, 0, 0, 0, 0.388952734, -0.108286475, -0.189971777, -0.00842459639, 0.30684604, -0.951658996, -0.0812988281, -0.948730469, -0.305175781, -0.996574324, 0.0748425388, 0.0330297065, 0, 1, 5, 1, 
577.475572, 46, 0.1, 0.1, 0.0266214188, 0.350121772, -0.0199600098, 0.906821707, -3.83579524e-005, -0.4215144, 0.421514401, 1.84852759e-005, 0.906821708, -2.69920139e-005, -0.999999999, 3.29312788e-005, 0.906821706, 1.46565547e-005, -0.421514404, 0.421514404, -4.83706444e-008, 0.906821706, 1.3270493e-005, -1, -6.22181247e-006, 0, 0, 0, 0, 0, 0, 0, 0.365877783, -0.17961853, -0.217819946, -0.126210077, 0.460724591, -0.878460831, -0.989990234, -0.114257813, 0.0822753906, -0.0625696997, 0.880045799, 0.470731687, 0, -0, 0, 0, 0, 0, 0, 0.388952734, -0.108286475, -0.189971777, -0.00842459639, 0.30684604, -0.951658996, -0.0812988281, -0.948730469, -0.305175781, -0.996574324, 0.0748425388, 0.0330297065, 0, 1, 5, 1, 
577.476703, 46, 0.1, 0.1, 0.026621414, 0.350121773, -0.0199604624, 0.90682169, 5.09503882e-005, -0.421514435, 0.421514437, -2.14024616e-005, 0.906821691, 3.71814706e-005, -0.999999998, -4.08845406e-005, 0.906821696, 2.4513509e-005, -0.421514426, 0.421514427, -1.16535904e-005, 0.906821696, 1.73172254e-005, -1, -2.09005263e-005, 0, 0, 0, 0, 0, 0, 0, 0.365877783, -0.17961853, -0.217819946, -0.126210077, 0.460724591, -0.878460831, -0.989990234, -0.114257813, 0.0822753906, -0.0625696997, 0.880045799, 0.470731687, 0, -0, 0, 0, 0, 0, 0, 0.388952734, -0.108286475, -0.189971777, -0.00842459639, 0.30684604, -0.951658996, -0.0812988281, -0.948730469, -0.305175781, -0.996574324, 0.0748425388, 0.0330297065, 0, 1, 5, 1, 
577.477831, 46, 0.1, 0.1, 0.0266214094, 0.350121774, -0.0199563528, 0.906821654, -5.39188183e-005, -0.421514514, 0.421514516, 2.16006419e-005, 0.906821654, -3.97897679e-005, -0.999999998, 4.23154944e-005, 0.906821661, -5.98749766e-005, -0.421514497, 0.421514499, 2.45691892e-005, 0.906821662, -4.39396564e-005, -0.999999998, 4.75180437e-005, 0, 0, 0, 0, 0, 0, 0, 0.365877783, -0.17961853, -0.217819946, -0.126210077, 0.460724591, -0.878460831, -0.989990234, -0.114257813, 0.0822753906, -0.0625696997, 0.880045799, 0.470731687, 0, -0, 0, 0, 0, 0, 0, 0.388952734, -0.108286475, -0.189971777, -0.00842459639, 0.30684604, -0.951658996, -0.0812988281, -0.948730469, -0.305175781, -0.996574324, 0.0748425388, 0.0330297065, 0, 1, 5, 1, 
577.47878, 46, 0.1, 0.1, 0.0266214228, 0.350121769, -0.0199515393, 0.906821607, 5.71807758e-005, -0.421514613, 0.421514615, -1.94018098e-005, 0.906821608, 4.36746167e-005, -0.999999998, -4.16965131e-005, 0.906821614, 7.99552731e-005, -0.421514595, 0.421514598, -2.99032382e-005, 0.906821616, 5.99005186e-005, -0.999999996, -6.08192176e-005, 0, 0, 0, 0, 0, 0, 0, 0.36808479, -0.180187671, -0.217274829, -0.130624262, 0.462830403, -0.876720468, -0.988891602, -0.123413086, 0.0821533203, -0.070151221, 0.8777348, 0.473916615, 0, -0, 0, 0, 0, 0, 0, 0.390567529, -0.109339111, -0.189075635, -0.0108143489, 0.307304661, -0.951499315, -0.0726318359, -0.94921875, -0.305786133, -0.997193725, 0.0658077812, 0.0326782616, 0, 1, 5, 1, 
577.479473, 46, 0.1, 0.1, 0.0266214103, 0.350121774, -0.0199531132, 0.906821561, -0.000100217541, -0.421514705, 0.421514711, 3.71928173e-005, 0.906821563, -7.52021075e-005, -0.999999994, 7.59704163e-005, 0.90682157, -0.000103309817, -0.421514684, 0.42151469, 4.07486666e-005, 0.906821573, -7.65074093e-005, -0.999999994, 8.04983752e-005, 0, 0, 0, 0, 0, 0, 0, 0.36808479, -0.180187671, -0.217274829, -0.130624262, 0.462830403, -0.876720468, -0.988891602, -0.123413086, 0.0821533203, -0.070151221, 0.8777348, 0.473916615, 0, -0, 0, 0, 0, 0, 0, 0.390567529, -0.109339111, -0.189075635, -0.0108143489, 0.307304661, -0.951499315, -0.0726318359, -0.94921875, -0.305786133, -0.997193725, 0.0658077812, 0.0326782616, 0, 1, 5, 1, 
577.480165, 46, 0.1, 0.1, 0.0266214123, 0.350121772, -0.0199594156, 0.906821501, 7.92692515e-005, -0.421514838, 0.421514842, -3.78405241e-005, 0.906821502, 5.59327193e-005, -0.999999996, -6.77277669e-005, 0.906821514, 5.88302178e-005, -0.421514814, 0.421514816, -3.01044158e-005, 0.906821514, 4.06590499e-005, -0.999999998, -5.20971403e-005, 0, 0, 0, 0, 0, 0, 0, 0.36808479, -0.180187671, -0.217274829, -0.130624262, 0.462830403, -0.876720468, -0.988891602, -0.123413086, 0.0821533203, -0.070151221, 0.8777348, 0.473916615, 0, -0, 0, 0, 0, 0, 0, 0.390567529, -0.109339111, -0.189075635, -0.0108143489, 0.307304661, -0.951499315, -0.0726318359, -0.94921875, -0.305786133, -0.997193725, 0.0658077812, 0.0326782616, 0, 1, 5, 1, 
577.480853, 46, 0.1, 0.1, 0.0266214182, 0.350121769, -0.0199680866, 0.90682143, -4.68265911e-005, -0.421514995, 0.421514997, 2.13947252e-005, 0.906821431, -3.34451588e-005, -0.999999999, 3.91393057e-005, 0.906821448, 3.87432642e-006, -0.42151496, 0.42151496, -4.52650044e-007, 0.906821448, 3.32252353e-006, -1, -2.04355931e-006, 0, 0, 0, 0, 0, 0, 0, 0.36808479, -0.180187671, -0.217274829, -0.130624262, 0.462830403, -0.876720468, -0.988891602, -0.123413086, 0.0821533203, -0.070151221, 0.8777348, 0.473916615, 0, -0, 0, 0, 0, 0, 0, 0.390567529, -0.109339111, -0.189075635, -0.0108143489, 0.307304661, -0.951499315, -0.0726318359, -0.94921875, -0.305786133, -0.997193725, 0.0658077812, 0.0326782616, 0, 1, 5, 1, 
577.481556, 46, 0.1, 0.1, 0.0266213964, 0.350121778, -0.0199764793, 0.906821349, -0.000111450698, -0.421515159, 0.421515165, 4.18801944e-005, 0.906821352, -8.3412736e-005, -0.999999993, 8.49560139e-005, 0.906821365, -0.000121892771, -0.421515121, 0.421515129, 4.96547643e-005, 0.906821368, -8.96047354e-005, -0.999999991, 9.64076483e-005, 0, 0, 0, 0, 0, 0, 0, 0.36808479, -0.180187671, -0.217274829, -0.130624262, 0.462830403, -0.876720468, -0.988891602, -0.123413086, 0.0821533203, -0.070151221, 0.8777348, 0.473916615, 0, -0, 0, 0, 0, 0, 0, 0.391599854, -0.110112109, -0.188778662, -0.015306208, 0.308625852, -0.950949543, -0.064453125, -0.94934082, -0.307128906, -0.997665838, 0.0567409407, 0.0344544429, 0, 1, 5, 1, 
577.48225, 46, 0.1, 0.1, 0.026621393, 0.350121777, -0.0199820443, 0.906821246, 5.38894038e-005, -0.421515392, 0.421515394, -3.42056601e-005, 0.906821246, 3.4449844e-005, -0.999999998, -5.37336326e-005, 0.906821268, 1.8855817e-005, -0.421515347, 0.421515347, -1.98247138e-005, 0.906821268, 8.74243474e-006, -1, -2.59254884e-005, 0, 0, 0, 0, 0, 0, 0, 0.36808479, -0.180187671, -0.217274829, -0.130624262, 0.462830403, -0.876720468, -0.988891602, -0.123413086, 0.0821533203, -0.070151221, 0.8777348, 0.473916615, 0, -0, 0, 0, 0, 0, 0, 0.391599854, -0.110112109, -0.188778662, -0.015306208, 0.308625852, -0.950949543, -0.064453125, -0.94934082, -0.307128906, -0.997665838, 0.0567409407, 0.0344544429, 0, 1, 5, 1, 
577.482939, 46, 0.1, 0.1, 0.0266214134, 0.350121767, -0.0199837165, 0.906821133, 0.000104263458, -0.421515624, 0.42151563, -4.06460497e-005, 0.906821136, 7.74153626e-005, -0.999999994, -8.08073741e-005, 0.906821158, 0.000109791709, -0.42151557, 0.421515577, -4.80075213e-005, 0.90682116, 7.93255276e-005, -0.999999993, -8.98131517e-005, 0, 0, 0, 0, 0, 0, 0, 0.36808479, -0.180187671, -0.217274829, -0.130624262, 0.462830403, -0.876720468, -0.988891602, -0.123413086, 0.0821533203, -0.070151221, 0.8777348, 0.473916615, 0, -0, 0, 0, 0, 0, 0, 0.391599854, -0.110112109, -0.188778662, -0.015306208, 0.308625852, -0.950949543, -0.064453125, -0.94934082, -0.307128906, -0.997665838, 0.0567409407, 0.0344544429, 0, 1, 5, 1, 
577.483642, 46, 0.1, 0.1, 0.0266214211, 0.350121766, -0.0199810931, 0.90682096, -3.10360503e-005, -0.421516009, 0.421516009, 2.1242191e-005, 0.90682096, -1.91902174e-005, -0.999999999, 3.23450562e-005, 0.906821012, 4.96160376e-006, -0.421515897, 0.421515897, 1.42119734e-005, 0.906821012, 1.04898592e-005, -1, 1.07963212e-005, 0, 0, 0, 0, 0, 0, 0, 0.369526978, -0.180460937, -0.217335229, -0.136998605, 0.466408112, -0.873830598, -0.987548828, -0.132080078, 0.0842285156, -0.0760627726, 0.874572716, 0.478896949, 0, -0, 0, 0, 0, 0, 0, 0.391599854, -0.110112109, -0.188778662, -0.015306208, 0.308625852, -0.950949543, -0.064453125, -0.94934082, -0.307128906, -0.997665838, 0.0567409407, 0.0344544429, 0, 1, 5, 1, 
577.484332, 46, 0.1, 0.1, 0.0266214081, 0.350121769, -0.0199753971, 0.906820669, -5.84604097e-005, -0.421516631, 0.421516632, 5.25480808e-006, 0.906820671, -5.07981189e-005, -0.999999998, 2.94072036e-005, 0.906820728, -7.48213248e-005, -0.421516503, 0.421516505, 1.40498968e-005, 0.90682073, -6.1927265e-005, -0.999999997, 4.42791609e-005, 0, 0, 0, 0, 0, 0, 0, 0.369526978, -0.180460937, -0.217335229, -0.136998605, 0.466408112, -0.873830598, -0.987548828, -0.132080078, 0.0842285156, -0.0760627726, 0.874572716, 0.478896949, 0, -0, 0, 0, 0, 0, 0, 0.391599854, -0.110112109, -0.188778662, -0.015306208, 0.308625852, -0.950949543, -0.064453125, -0.94934082, -0.307128906, -0.997665838, 0.0567409407, 0.0344544429, 0, 1, 5, 1, 
577.485024, 46, 0.1, 0.1, 0.0266214158, 0.350121766, -0.0199684981, 0.906820301, 8.4221168e-005, -0.421517418, 0.421517421, -1.39663117e-005, 0.906820304, 7.04864215e-005, -0.999999996, -4.81656244e-005, 0.90682039, 7.32152359e-005, -0.42151723, 0.421517233, -2.08829777e-005, 0.906820391, 5.7590534e-005, -0.999999997, -4.97985936e-005, 0, 0, 0, 0, 0, 0, 0, 0.369526978, -0.180460937, -0.217335229, -0.136998605, 0.466408112, -0.873830598, -0.987548828, -0.132080078, 0.0842285156, -0.0760627726, 0.874572716, 0.478896949, 0, -0, 0, 0, 0, 0, 0, 0.391599854, -0.110112109, -0.188778662, -0.015306208, 0.308625852, -0.950949543, -0.064453125, -0.94934082, -0.307128906, -0.997665838, 0.0567409407, 0.0344544429, 0, 1, 5, 1, 
577.48573, 46, 0.1, 0.1, 0.0266214199, 0.350121769, -0.0199623947, 0.906819773, -5.7288547e-005, -0.42151856, 0.421518561, 1.70393715e-005, 0.906819774, -4.47679759e-005, -0.999999998, 3.95998249e-005, 0.906819919, -1.12641181e-005, -0.42151825, 0.42151825, 3.20559495e-005, 0.906819918, 3.29764104e-006, -0.999999999, 3.38170049e-005, 0, 0, 0, 0, 0, 0, 0, 0.369526978, -0.180460937, -0.217335229, -0.142193483, 0.468475732, -0.871931476, -0.986206055, -0.141723633, 0.0847167969, -0.0838914202, 0.872020582, 0.482303916, 0, -0, 0, 0, 0, 0, 0, 0.391599854, -0.110112109, -0.188778662, -0.015306208, 0.308625852, -0.950949543, -0.064453125, -0.94934082, -0.307128906, -0.997665838, 0.0567409407, 0.0344544429, 0, 1, 5, 1, 
577.48644, 46, 0.1, 0.1, 0.0266214073, 0.350121761, -0.0199586077, 0.906818951, -2.62499673e-005, -0.421520331, 0.421520329, -4.95066553e-005, 0.906818951, -4.46720295e-005, -0.999999998, -3.38286783e-005, 0.906819126, -5.28607372e-005, -0.421519951, 0.421519948, -5.92653841e-005, 0.906819127, -7.29166694e-005, -0.999999997, -3.14611286e-005, 0, 0, 0, 0, 0, 0, 0, 0.371023608, -0.180363037, -0.217004565, -0.142193483, 0.468475732, -0.871931476, -0.986206055, -0.141723633, 0.0847167969, -0.0838914202, 0.872020582, 0.482303916, 0, -0, 0, 0, 0, 0, 0, 0.392490234, -0.111181348, -0.188093799, -0.0185712914, 0.30884167, -0.950879181, -0.0560302734, -0.949829102, -0.307373047, -0.998131755, 0.0476806635, 0.0349528091, 0, 1, 5, 1, 
577.487128, 46, 0.1, 0.1, 0.02662142, 0.350121766, -0.0199584303, 0.90681808, 0.000101003972, -0.421522194, 0.421522192, 4.15099348e-005, 0.906818085, 0.000109089587, -0.999999994, -4.93345638e-006, 0.906818229, 9.09832656e-005, -0.421521875, 0.421521872, 5.19589003e-005, 0.906818234, 0.000104407097, -0.999999995, 8.76584153e-006, 0, 0, 0, 0, 0, 0, 0, 0.371023608, -0.180363037, -0.217004565, -0.142193483, 0.468475732, -0.871931476, -0.986206055, -0.141723633, 0.0847167969, -0.0838914202, 0.872020582, 0.482303916, 0, -0, 0, 0, 0, 0, 0, 0.392490234, -0.111181348, -0.188093799, -0.0185712914, 0.30884167, -0.950879181, -0.0560302734, -0.949829102, -0.307373047, -0.998131755, 0.0476806635, 0.0349528091, 0, 1, 5, 1, 
577.487815, 46, 0.1, 0.1, 0.0266214268, 0.350121768, -0.0199617414, 0.906817374, -3.12638171e-005, -0.421523724, 0.421523723, -2.87652611e-005, 0.906817374, -4.04758125e-005, -0.999999999, -1.29063979e-005, 0.90681751, -1.55252933e-006, -0.421523431, 0.421523431, -1.32515509e-005, 0.90681751, -6.99369997e-006, -1, -1.13623109e-005, 0, 0, 0, 0, 0, 0, 0, 0.371023608, -0.180363037, -0.217004565, -0.142193483, 0.468475732, -0.871931476, -0.986206055, -0.141723633, 0.0847167969, -0.0838914202, 0.872020582, 0.482303916, 0, -0, 0, 0, 0, 0, 0, 0.392490234, -0.111181348, -0.188093799, -0.0185712914, 0.30884167, -0.950879181, -0.0560302734, -0.949829102, -0.307373047, -0.998131755, 0.0476806635, 0.0349528091, 0, 1, 5, 1, 
