time, trialNum, realDorsalTactorPos, realVentralTactorPos, boxPosX, boxPosY, boxPosZ, boxLocalRot_11, boxLocalRot_12, boxLocalRot_13, boxLocalRot_21, boxLocalRot_22, boxLocalRot_23, boxLocalRot_31, boxLocalRot_32, boxLocalRot_33, boxGlobalRot_11, boxGlobalRot_12, boxGlobalRot_13, boxGlobalRot_21, boxGlobalRot_22, boxGlobalRot_23, boxGlobalRot_31, boxGlobalRot_32, boxGlobalRot_33, indexForceX, indexForceY, indexForceZ, indexForceGlobalX, indexForceGlobalY, indexForceGlobalZ, indexContact, indexPosX, indexPosY, indexPosZ, indexRot_11, indexRot_12, indexRot_13, indexRot_21, indexRot_22, indexRot_23, indexRot_31, indexRot_32, indexRot_33, thumbForceX, thumbForceY, thumbForceZ, thumbForceGlobalX, thumbForceGlobalY, thumbForceGlobalZ, thumbContact, thumbPosX, thumbPosY, thumbPosZ, thumbRot_11, thumbRot_12, thumbRot_13, thumbRot_21, thumbRot_22, thumbRot_23, thumbRot_31, thumbRot_32, thumbRot_33, manipForceTooHigh, cceExpType, mapping, trialSuccess, 
732.081371, 47, 0.1, 0.1, -0.00297360169, 0.375683129, -0.0199746196, 0.983679012, 4.8732399e-005, -0.179932209, 0.179932211, -2.38331459e-005, 0.983679012, 4.36486876e-005, -0.999999999, -3.22126937e-005, 0.983678966, 4.99656573e-005, -0.179932457, 0.179932458, -2.33602802e-005, 0.983678967, 4.49468935e-005, -0.999999998, -3.19694598e-005, 0, 0, 0, 0, 0, 0, 0, 0.274834937, -0.0868865967, -0.173930518, -0.291799171, 0.713354621, -0.637073373, -0.904541016, 0.0103759766, 0.426025391, 0.310579596, 0.700621431, 0.642482366, 0, 0, -0, 0, 0, 0, 0, 0.321562207, -0.0517132813, -0.134572754, -0.204412874, 0.428757434, -0.879967295, 0.588623047, -0.664306641, -0.460449219, -0.781998489, -0.612100247, -0.116545861, 0, 1, 5, 1, 
732.098952, 47, 0.1, 0.1, -0.00297360493, 0.375683139, -0.0199478706, 0.983682458, -2.20207363e-005, -0.179913374, 0.179913375, 1.4492548e-005, 0.983682458, -1.90540087e-005, -1, 1.82178903e-005, 0.983682566, -1.39424925e-005, -0.179912785, 0.179912785, 2.3668214e-005, 0.983682565, -9.45677245e-006, -1, 2.57904421e-005, 0, 0, 0, 0, 0, 0, 0, 0.277561499, -0.0887996094, -0.172235742, -0.303448524, 0.710703259, -0.63455344, -0.903686523, -0.00366210938, 0.427978516, 0.301795766, 0.703389612, 0.643566351, 0, 0, -0, 0, 0, 0, 0, 0.323561572, -0.0538116699, -0.132802686, -0.215126098, 0.419036543, -0.882049345, 0.600585938, -0.655273438, -0.457885742, -0.769991025, -0.628219307, -0.1107503, 0, 1, 5, 1, 
732.100122, 47, 0.1, 0.1, -0.0029736035, 0.37568314, -0.0199372886, 0.983681936, 1.38434263e-005, -0.179916226, 0.179916226, 3.05273658e-005, 0.983681936, 1.91098969e-005, -0.999999999, 2.75385613e-005, 0.983682037, -2.37766634e-006, -0.179915677, 0.179915677, -1.18869695e-006, 0.983682037, -2.55273288e-006, -1, -7.41520384e-007, 0, 0, 0, 0, 0, 0, 0, 0.277561499, -0.0887996094, -0.172235742, -0.305187764, 0.709853296, -0.634629824, -0.903442383, -0.00524902344, 0.428588867, 0.300958907, 0.704265785, 0.643084081, 0, 0, -0, 0, 0, 0, 0, 0.323561572, -0.0538116699, -0.132802686, -0.215126098, 0.419036543, -0.882049345, 0.600585938, -0.655273438, -0.457885742, -0.769991025, -0.628219307, -0.1107503, 0, 1, 5, 1, 
732.101271, 47, 0.1, 0.1, -0.00297360744, 0.375683141, -0.0199334161, 0.983681494, 2.83395132e-005, -0.179918642, 0.17991864, 6.32586383e-005, 0.983681493, 3.9258463e-005, -0.999999998, 5.71275451e-005, 0.983681575, -1.85520636e-005, -0.1799182, 0.1799182, -3.61601358e-006, 0.983681575, -1.88999098e-005, -1, -2.19152045e-007, 0, 0, 0, 0, 0, 0, 0, 0.277693311, -0.0892868652, -0.171571387, -0.305187764, 0.709853296, -0.634629824, -0.903442383, -0.00524902344, 0.428588867, 0.300958907, 0.704265785, 0.643084081, 0, 0, -0, 0, 0, 0, 0, 0.323561572, -0.0538116699, -0.132802686, -0.215126098, 0.419036543, -0.882049345, 0.600585938, -0.655273438, -0.457885742, -0.769991025, -0.628219307, -0.1107503, 0, 1, 5, 1, 
732.102443, 47, 0.1, 0.1, -0.0029736093, 0.375683139, -0.0199375731, 0.983681123, -7.92811274e-005, -0.179920657, 0.179920645, -0.000130125025, 0.983681119, -0.000101399528, -0.999999988, -0.000113737219, 0.983681197, -4.77081251e-005, -0.179920264, 0.17992026, -7.80250721e-005, 0.983681195, -6.09678771e-005, -0.999999996, -6.8168138e-005, 0, 0, 0, 0, 0, 0, 0, 0.277693311, -0.0892868652, -0.171571387, -0.30530234, 0.709529786, -0.634991526, -0.903564453, -0.00561523438, 0.428100586, 0.300235502, 0.704564208, 0.643141369, 0, 0, -0, 0, 0, 0, 0, 0.323561572, -0.0538116699, -0.132802686, -0.215126098, 0.419036543, -0.882049345, 0.600585938, -0.655273438, -0.457885742, -0.769991025, -0.628219307, -0.1107503, 0, 1, 5, 1, 
732.103611, 47, 0.1, 0.1, -0.00297361381, 0.375683132, -0.0199460532, 0.983680829, 7.50952769e-005, -0.179922265, 0.179922255, 0.000121058375, 0.983680826, 9.56508811e-005, -0.99999999, 0.000105571491, 0.983680883, 3.79502931e-005, -0.179921983, 0.17992198, 6.29680574e-005, 0.983680882, 4.86603155e-005, -0.999999997, 5.51123824e-005, 0, 0, 0, 0, 0, 0, 0, 0.277908496, -0.0897489746, -0.170919971, -0.30530234, 0.709529786, -0.634991526, -0.903564453, -0.00561523438, 0.428100586, 0.300235502, 0.704564208, 0.643141369, 0, 0, -0, 0, 0, 0, 0, 0.323818506, -0.0543931641, -0.131957812, -0.215010894, 0.417477279, -0.882790515, 0.602294922, -0.654907227, -0.456420898, -0.768751489, -0.629733362, -0.110705458, 0, 1, 5, 1, 
732.104755, 47, 0.1, 0.1, -0.00297359815, 0.375683153, -0.0199552966, 0.983680611, -3.48534421e-005, -0.179923469, 0.179923466, -7.10262883e-005, 0.983680609, -4.70639514e-005, -0.999999997, -6.35962306e-005, 0.983680648, 2.28107679e-005, -0.179923267, 0.179923266, 1.78608863e-005, 0.983680648, 2.56520999e-005, -1, 1.34652203e-005, 0, 0, 0, 0, 0, 0, 0, 0.277908496, -0.0897489746, -0.170919971, -0.30530234, 0.709529786, -0.634991526, -0.903564453, -0.00561523438, 0.428100586, 0.300235502, 0.704564208, 0.643141369, 0, 0, -0, 0, 0, 0, 0, 0.323818506, -0.0543931641, -0.131957812, -0.215010894, 0.417477279, -0.882790515, 0.602294922, -0.654907227, -0.456420898, -0.768751489, -0.629733362, -0.110705458, 0, 1, 5, 1, 
732.105885, 47, 0.1, 0.1, -0.00297362583, 0.375683111, -0.0199612694, 0.983680454, -6.5750269e-005, -0.179924316, 0.179924311, -7.87236962e-005, 0.983680454, -7.88415617e-005, -0.999999995, -6.56088894e-005, 0.983680475, -9.39319309e-005, -0.179924188, 0.179924176, -0.000128759165, 0.983680474, -0.000115565895, -0.999999987, -0.000109757252, 0, 0, 0, 0, 0, 0, 0, 0.277908496, -0.0897489746, -0.170919971, -0.30530234, 0.709529786, -0.634991526, -0.903564453, -0.00561523438, 0.428100586, 0.300235502, 0.704564208, 0.643141369, 0, 0, -0, 0, 0, 0, 0, 0.323818506, -0.0543931641, -0.131957812, -0.215010894, 0.417477279, -0.882790515, 0.602294922, -0.654907227, -0.456420898, -0.768751489, -0.629733362, -0.110705458, 0, 1, 5, 1, 
732.10703, 47, 0.1, 0.1, -0.00297360398, 0.375683149, -0.0199614958, 0.983680351, 0.000118822826, -0.179924852, 0.17992483, 0.000177264659, 0.983680346, 0.000148777997, -0.999999977, 0.000152992585, 0.983680367, 0.000108488681, -0.179924772, 0.179924752, 0.000175698897, 0.983680361, 0.000138330769, -0.999999979, 0.000153311756, 0, 0, 0, 0, 0, 0, 0, 0.277908496, -0.0897489746, -0.170919971, -0.30530234, 0.709529786, -0.634991526, -0.903564453, -0.00561523438, 0.428100586, 0.300235502, 0.704564208, 0.643141369, 0, 0, -0, 0, 0, 0, 0, 0.323818506, -0.0543931641, -0.131957812, -0.215010894, 0.417477279, -0.882790515, 0.602294922, -0.654907227, -0.456420898, -0.768751489, -0.629733362, -0.110705458, 0, 1, 5, 1, 
732.107869, 47, 0.1, 0.1, -0.002973589, 0.375683166, -0.019959586, 0.98368035, -2.82093097e-005, -0.179924895, 0.179924894, -4.11947337e-005, 0.98368035, -3.51609017e-005, -0.999999999, -3.5446893e-005, 0.983680337, 2.28123331e-005, -0.179924966, 0.179924966, 2.82164353e-006, 0.983680338, 2.29477277e-005, -1, -1.32891301e-006, 0, 0, 0, 0, 0, 0, 0, 0.278177759, -0.0906562256, -0.170068262, -0.304445264, 0.709225372, -0.635747132, -0.903686523, -0.00415039063, 0.428100586, 0.300964898, 0.704983198, 0.64227231, 0, 0, -0, 0, 0, 0, 0, 0.324075195, -0.0549561035, -0.131106104, -0.214710488, 0.415962857, -0.883582723, 0.603149414, -0.655151367, -0.454956055, -0.768106202, -0.630506247, -0.110175009, 0, 1, 5, 1, 
732.108573, 47, 0.1, 0.1, -0.00297360805, 0.375683153, -0.0199609466, 0.983680458, -9.58645328e-005, -0.179924283, 0.17992428, -3.21984118e-005, 0.983680462, -0.000100093344, -0.999999995, -1.44245914e-005, 0.983680431, -0.000108166158, -0.179924424, 0.179924419, -6.21780606e-005, 0.983680436, -0.000117588285, -0.999999992, -4.17016083e-005, 0, 0, 0, 0, 0, 0, 0, 0.278177759, -0.0906562256, -0.170068262, -0.304445264, 0.709225372, -0.635747132, -0.903686523, -0.00415039063, 0.428100586, 0.300964898, 0.704983198, 0.64227231, 0, 0, -0, 0, 0, 0, 0, 0.324075195, -0.0549561035, -0.131106104, -0.214710488, 0.415962857, -0.883582723, 0.603149414, -0.655151367, -0.454956055, -0.768106202, -0.630506247, -0.110175009, 0, 1, 5, 1, 
732.109273, 47, 0.1, 0.1, -0.00297360657, 0.375683163, -0.0199647464, 0.983680681, 7.72687993e-005, -0.179923073, 0.179923069, 6.02109418e-005, 0.983680683, 8.6841163e-005, -0.999999995, 4.53259008e-005, 0.983680625, 5.12666224e-005, -0.179923388, 0.179923385, 6.78381135e-005, 0.983680625, 6.26356463e-005, -0.999999996, 5.75069737e-005, 0, 0, 0, 0, 0, 0, 0, 0.278177759, -0.0906562256, -0.170068262, -0.304445264, 0.709225372, -0.635747132, -0.903686523, -0.00415039063, 0.428100586, 0.300964898, 0.704983198, 0.64227231, 0, 0, -0, 0, 0, 0, 0, 0.324075195, -0.0549561035, -0.131106104, -0.214710488, 0.415962857, -0.883582723, 0.603149414, -0.655151367, -0.454956055, -0.768106202, -0.630506247, -0.110175009, 0, 1, 5, 1, 
732.109968, 47, 0.1, 0.1, -0.00297359161, 0.375683162, -0.0199697823, 0.983681037, 3.26643427e-005, -0.179921138, 0.179921139, -3.21110949e-005, 0.983681037, 2.63538298e-005, -0.999999999, -3.74640808e-005, 0.983680958, 6.51425491e-005, -0.179921562, 0.179921564, -2.61581191e-005, 0.98368096, 5.93730756e-005, -0.999999998, -3.7451793e-005, 0, 0, 0, 0, 0, 0, 0, 0.278177759, -0.0906562256, -0.170068262, -0.304445264, 0.709225372, -0.635747132, -0.903686523, -0.00415039063, 0.428100586, 0.300964898, 0.704983198, 0.64227231, 0, 0, -0, 0, 0, 0, 0, 0.324075195, -0.0549561035, -0.131106104, -0.214710488, 0.415962857, -0.883582723, 0.603149414, -0.655151367, -0.454956055, -0.768106202, -0.630506247, -0.110175009, 0, 1, 5, 1, 
732.110681, 47, 0.1, 0.1, -0.00297360356, 0.375683163, -0.0199743666, 0.983681498, -8.48959124e-005, -0.179918604, 0.179918607, 2.88240402e-005, 0.9836815, -7.83245575e-005, -0.999999996, 4.36280293e-005, 0.983681405, -8.37562815e-005, -0.17991911, 0.179919112, 2.03102299e-005, 0.983681408, -7.87352985e-005, -0.999999996, 3.50481514e-005, 0, 0, 0, 0, 0, 0, 0, 0.278177759, -0.0906562256, -0.170068262, -0.304445264, 0.709225372, -0.635747132, -0.903686523, -0.00415039063, 0.428100586, 0.300964898, 0.704983198, 0.64227231, 0, 0, -0, 0, 0, 0, 0, 0.324343115, -0.0561768066, -0.130260986, -0.213943799, 0.414359117, -0.884509093, 0.603027344, -0.65625, -0.453369141, -0.768393847, -0.630429322, -0.109535918, 0, 1, 5, 1, 
732.111384, 47, 0.1, 0.1, -0.00297360819, 0.375683165, -0.0199771646, 0.983681972, 3.51444229e-005, -0.179916028, 0.179916029, -1.78856353e-005, 0.983681972, 3.13530228e-005, -0.999999999, -2.3916822e-005, 0.983681871, 6.69538549e-006, -0.17991658, 0.17991658, 4.83624234e-006, 0.983681871, 7.45624951e-006, -1, 3.55271306e-006, 0, 0, 0, 0, 0, 0, 0, 0.278177759, -0.0906562256, -0.170068262, -0.304445264, 0.709225372, -0.635747132, -0.903686523, -0.00415039063, 0.428100586, 0.300964898, 0.704983198, 0.64227231, 0, 0, -0, 0, 0, 0, 0, 0.324343115, -0.0561768066, -0.130260986, -0.213943799, 0.414359117, -0.884509093, 0.603027344, -0.65625, -0.453369141, -0.768393847, -0.630429322, -0.109535918, 0, 1, 5, 1, 
732.112078, 47, 0.1, 0.1, -0.00297359755, 0.375683157, -0.0199775236, 0.983682436, 3.67408745e-005, -0.179913491, 0.179913492, -3.18449177e-005, 0.983682436, 3.04120227e-005, -0.999999999, -3.79354652e-005, 0.983682347, 5.29563963e-005, -0.17991397, 0.179913973, -4.25841683e-005, 0.983682347, 4.44307854e-005, -0.999999998, -5.14168903e-005, 0, 0, 0, 0, 0, 0, 0, 0.278177759, -0.0906562256, -0.170068262, -0.304445264, 0.709225372, -0.635747132, -0.903686523, -0.00415039063, 0.428100586, 0.300964898, 0.704983198, 0.64227231, 0, 0, -0, 0, 0, 0, 0, 0.324343115, -0.0561768066, -0.130260986, -0.213943799, 0.414359117, -0.884509093, 0.603027344, -0.65625, -0.453369141, -0.768393847, -0.630429322, -0.109535918, 0, 1, 5, 1, 
732.112829, 47, 0.1, 0.1, -0.00297360564, 0.375683163, -0.0199748066, 0.983682879, -6.244013e-005, -0.179911059, 0.179911062, 4.43291888e-005, 0.98368288, -5.34459756e-005, -0.999999997, 5.48395342e-005, 0.983682802, -6.27243881e-005, -0.179911483, 0.179911486, 4.14492981e-005, 0.983682802, -5.42436972e-005, -0.999999997, 5.20577995e-005, 0, 0, 0, 0, 0, 0, 0, 0.278687842, -0.091794165, -0.169230103, -0.303270668, 0.708781294, -0.636762968, -0.903686523, -0.00207519532, 0.428100586, 0.302138372, 0.705300717, 0.641320875, 0, 0, -0, 0, 0, 0, 0, 0.324343115, -0.0561768066, -0.130260986, -0.213943799, 0.414359117, -0.884509093, 0.603027344, -0.65625, -0.453369141, -0.768393847, -0.630429322, -0.109535918, 0, 1, 5, 1, 
732.113532, 47, 0.1, 0.1, -0.00297360544, 0.375683163, -0.0199706825, 0.98368325, 5.9115774e-005, -0.179909033, 0.179909036, -3.78808411e-005, 0.983683251, 5.13360912e-005, -0.999999998, -4.78982107e-005, 0.983683181, 3.3700605e-005, -0.179909419, 0.17990942, -1.95723507e-005, 0.983683181, 2.96294681e-005, -0.999999999, -2.53160484e-005, 0, 0, 0, 0, 0, 0, 0, 0.278687842, -0.091794165, -0.169230103, -0.303270668, 0.708781294, -0.636762968, -0.903686523, -0.00207519532, 0.428100586, 0.302138372, 0.705300717, 0.641320875, 0, 0, -0, 0, 0, 0, 0, 0.324343115, -0.0561768066, -0.130260986, -0.213943799, 0.414359117, -0.884509093, 0.603027344, -0.65625, -0.453369141, -0.768393847, -0.630429322, -0.109535918, 0, 1, 5, 1, 
732.114226, 47, 0.1, 0.1, -0.00297359609, 0.375683156, -0.019966538, 0.983683579, -9.61340461e-007, -0.179907246, 0.179907246, -2.63886046e-006, 0.983683579, -1.42040494e-006, -1, -2.42285159e-006, 0.983683516, 3.40806509e-005, -0.179907584, 0.179907585, -2.7201874e-005, 0.983683516, 2.86307511e-005, -0.999999999, -3.28894026e-005, 0, 0, 0, 0, 0, 0, 0, 0.278687842, -0.091794165, -0.169230103, -0.303270668, 0.708781294, -0.636762968, -0.903686523, -0.00207519532, 0.428100586, 0.302138372, 0.705300717, 0.641320875, 0, 0, -0, 0, 0, 0, 0, 0.324343115, -0.0561768066, -0.130260986, -0.213943799, 0.414359117, -0.884509093, 0.603027344, -0.65625, -0.453369141, -0.768393847, -0.630429322, -0.109535918, 0, 1, 5, 1, 
732.114937, 47, 0.1, 0.1, -0.00297360076, 0.375683169, -0.0199634696, 0.983683954, 5.58131323e-006, -0.179905195, 0.179905194, 6.63452188e-005, 0.983683952, 1.74260978e-005, -0.999999998, 6.42586199e-005, 0.983683872, -2.31747795e-005, -0.179905638, 0.179905639, 7.5333699e-005, 0.98368387, -9.2436996e-006, -0.999999997, 7.82738183e-005, 0, 0, 0, 0, 0, 0, 0, 0.278687842, -0.091794165, -0.169230103, -0.303535769, 0.709428314, -0.636014476, -0.902587891, -0.000244140632, 0.430419922, 0.305146566, 0.704703871, 0.640584366, 0, 0, -0, 0, 0, 0, 0, 0.324343115, -0.0561768066, -0.130260986, -0.213943799, 0.414359117, -0.884509093, 0.603027344, -0.65625, -0.453369141, -0.768393847, -0.630429322, -0.109535918, 0, 1, 5, 1, 
732.11565, 47, 0.1, 0.1, -0.00297359784, 0.375683168, -0.019962161, 0.983684402, -8.51667632e-006, -0.179902744, 0.179902744, -3.32210519e-005, 0.983684401, -1.43542801e-005, -0.999999999, -3.11468572e-005, 0.98368431, 2.19501706e-006, -0.179903248, 0.179903248, -3.40657623e-005, 0.983684309, -3.96933746e-006, -0.999999999, -3.39048465e-005, 0, 0, 0, 0, 0, 0, 0, 0.278460205, -0.0926558838, -0.169194092, -0.303535769, 0.709428314, -0.636014476, -0.902587891, -0.000244140632, 0.430419922, 0.305146566, 0.704703871, 0.640584366, 0, 0, -0, 0, 0, 0, 0, 0.324248389, -0.0571327637, -0.130230225, -0.215253697, 0.413362385, -0.88473877, 0.602050781, -0.656982422, -0.453491211, -0.768777009, -0.630288597, -0.107350689, 0, 1, 5, 1, 
732.116348, 47, 0.1, 0.1, -0.00297359912, 0.37568317, -0.0199631513, 0.983684838, -8.59361218e-006, -0.179900361, 0.179900361, 1.21275041e-005, 0.983684838, -6.27166365e-006, -1, 1.34756358e-005, 0.983684757, -1.22796976e-005, -0.179900801, 0.179900801, 2.25565981e-005, 0.983684757, -8.0214013e-006, -1, 2.43977091e-005, 0, 0, 0, 0, 0, 0, 0, 0.278460205, -0.0926558838, -0.169194092, -0.303535769, 0.709428314, -0.636014476, -0.902587891, -0.000244140632, 0.430419922, 0.305146566, 0.704703871, 0.640584366, 0, 0, -0, 0, 0, 0, 0, 0.324248389, -0.0571327637, -0.130230225, -0.215253697, 0.413362385, -0.88473877, 0.602050781, -0.656982422, -0.453491211, -0.768777009, -0.630288597, -0.107350689, 0, 1, 5, 1, 
732.117042, 47, 0.1, 0.1, -0.00297359856, 0.375683168, -0.0199659525, 0.983685209, -1.14458804e-005, -0.179898331, 0.179898331, 1.67150816e-005, 0.983685209, -8.25212797e-006, -1, 1.85014733e-005, 0.983685139, 1.35258028e-006, -0.179898713, 0.179898713, -3.86601616e-006, 0.983685139, 6.35021784e-007, -1, -4.0462701e-006, 0, 0, 0, 0, 0, 0, 0, 0.278460205, -0.0926558838, -0.169194092, -0.303535769, 0.709428314, -0.636014476, -0.902587891, -0.000244140632, 0.430419922, 0.305146566, 0.704703871, 0.640584366, 0, 0, -0, 0, 0, 0, 0, 0.324248389, -0.0571327637, -0.130230225, -0.215253697, 0.413362385, -0.88473877, 0.602050781, -0.656982422, -0.453491211, -0.768777009, -0.630288597, -0.107350689, 0, 1, 5, 1, 
732.117742, 47, 0.1, 0.1, -0.00297359895, 0.37568317, -0.0199696647, 0.983685561, 3.36625287e-006, -0.179896409, 0.179896409, -2.76871266e-005, 0.98368556, -1.66948031e-006, -1, -2.78410035e-005, 0.983685496, -3.01692955e-006, -0.179896763, 0.179896763, -3.62787472e-007, 0.983685496, -3.03297413e-006, -1, 1.85867086e-007, 0, 0, 0, 0, 0, 0, 0, 0.278460205, -0.0926558838, -0.169194092, -0.303535769, 0.709428314, -0.636014476, -0.902587891, -0.000244140632, 0.430419922, 0.305146566, 0.704703871, 0.640584366, 0, 0, -0, 0, 0, 0, 0, 0.324248389, -0.0571327637, -0.130230225, -0.215253697, 0.413362385, -0.88473877, 0.602050781, -0.656982422, -0.453491211, -0.768777009, -0.630288597, -0.107350689, 0, 1, 5, 1, 
732.118437, 47, 0.1, 0.1, -0.00297359789, 0.375683163, -0.0199731155, 0.983685849, -1.57670172e-005, -0.179894833, 0.179894832, -1.94594889e-005, 0.983685849, -1.90104532e-005, -1, -1.63056189e-005, 0.98368579, -5.88223174e-006, -0.179895154, 0.179895153, -3.85641783e-005, 0.983685789, -1.27237765e-005, -0.999999999, -3.68768492e-005, 0, 0, 0, 0, 0, 0, 0, 0.278460205, -0.0926558838, -0.169194092, -0.303535769, 0.709428314, -0.636014476, -0.902587891, -0.000244140632, 0.430419922, 0.305146566, 0.704703871, 0.640584366, 0, 0, -0, 0, 0, 0, 0, 0.324248389, -0.0571327637, -0.130230225, -0.215253697, 0.413362385, -0.88473877, 0.602050781, -0.656982422, -0.453491211, -0.768777009, -0.630288597, -0.107350689, 0, 1, 5, 1, 
732.119134, 47, 0.1, 0.1, -0.00297359766, 0.375683169, -0.0199753431, 0.983686183, 1.62918294e-005, -0.179893002, 0.179893002, 3.69813832e-005, 0.983686183, 2.26787396e-005, -0.999999999, 3.34472896e-005, 0.983686115, 1.33051624e-005, -0.179893379, 0.179893378, 4.42932309e-005, 0.983686114, 2.10561625e-005, -0.999999999, 4.11771255e-005, 0, 0, 0, 0, 0, 0, 0, 0.278460205, -0.0926558838, -0.169194092, -0.303535769, 0.709428314, -0.636014476, -0.902587891, -0.000244140632, 0.430419922, 0.305146566, 0.704703871, 0.640584366, 0, 0, -0, 0, 0, 0, 0, 0.324248389, -0.0571327637, -0.130230225, -0.215253697, 0.413362385, -0.88473877, 0.602050781, -0.656982422, -0.453491211, -0.768777009, -0.630288597, -0.107350689, 0, 1, 5, 1, 
732.119845, 47, 0.1, 0.1, -0.00297359957, 0.375683166, -0.0199756897, 0.983686545, -2.70646473e-005, -0.179891025, 0.179891025, -2.89352667e-005, 0.983686545, -3.18283242e-005, -0.999999999, -2.35945453e-005, 0.983686466, -2.32997531e-005, -0.179891454, 0.179891453, -3.02635972e-005, 0.983686466, -2.83638143e-005, -0.999999999, -2.55784645e-005, 0, 0, 0, 0, 0, 0, 0, 0.278460205, -0.0926558838, -0.169194092, -0.304429916, 0.709954768, -0.634910273, -0.901855469, -0.000366210945, 0.432006836, 0.306524104, 0.704126121, 0.640533069, 0, 0, -0, 0, 0, 0, 0, 0.324248389, -0.0571327637, -0.130230225, -0.215253697, 0.413362385, -0.88473877, 0.602050781, -0.656982422, -0.453491211, -0.768777009, -0.630288597, -0.107350689, 0, 1, 5, 1, 
732.120564, 47, 0.1, 0.1, -0.00297359913, 0.375683167, -0.0199738498, 0.983686912, 2.25700298e-005, -0.179889018, 0.179889018, 6.26393139e-006, 0.983686912, 2.33286553e-005, -1, 2.10164683e-006, 0.98368684, 1.82129819e-005, -0.179889413, 0.179889413, 1.38955225e-005, 0.98368684, 2.04155279e-005, -1, 1.039252e-005, 0, 0, 0, 0, 0, 0, 0, 0.278418701, -0.0933004639, -0.168914575, -0.304429916, 0.709954768, -0.634910273, -0.901855469, -0.000366210945, 0.432006836, 0.306524104, 0.704126121, 0.640533069, 0, 0, -0, 0, 0, 0, 0, 0.324162207, -0.057892334, -0.129984766, -0.216627394, 0.412199408, -0.884904648, 0.601928711, -0.657104492, -0.453491211, -0.768553162, -0.630901802, -0.105772468, 0, 1, 5, 1, 
732.121259, 47, 0.1, 0.1, -0.00297360111, 0.375683164, -0.0199708923, 0.983687291, -3.42985147e-005, -0.179886941, 0.179886941, 5.10252731e-006, 0.983687292, -3.2821135e-005, -0.999999999, 1.11891461e-005, 0.983687213, -2.90729896e-005, -0.179887373, 0.179887373, -1.34048774e-005, 0.983687213, -3.10100963e-005, -0.999999999, -7.95634279e-006, 0, 0, 0, 0, 0, 0, 0, 0.278418701, -0.0933004639, -0.168914575, -0.304429916, 0.709954768, -0.634910273, -0.901855469, -0.000366210945, 0.432006836, 0.306524104, 0.704126121, 0.640533069, 0, 0, -0, 0, 0, 0, 0, 0.324162207, -0.057892334, -0.129984766, -0.216627394, 0.412199408, -0.884904648, 0.601928711, -0.657104492, -0.453491211, -0.768553162, -0.630901802, -0.105772468, 0, 1, 5, 1, 
732.122098, 47, 0.1, 0.1, -0.0029735945, 0.375683168, -0.0199657244, 0.983687781, 5.82895733e-005, -0.17988426, 0.179884259, 1.90995245e-005, 0.983687782, 6.0774445e-005, -0.999999998, 8.30259216e-006, 0.983687705, 5.8268551e-005, -0.179884674, 0.179884674, 9.33746511e-006, 0.983687707, 5.89977242e-005, -0.999999998, -1.29646966e-006, 0, 0, 0, 0, 0, 0, 0, 0.278418701, -0.0933004639, -0.168914575, -0.304429916, 0.709954768, -0.634910273, -0.901855469, -0.000366210945, 0.432006836, 0.306524104, 0.704126121, 0.640533069, 0, 0, -0, 0, 0, 0, 0, 0.324162207, -0.057892334, -0.129984766, -0.216627394, 0.412199408, -0.884904648, 0.601928711, -0.657104492, -0.453491211, -0.768553162, -0.630901802, -0.105772468, 0, 1, 5, 1, 
732.122865, 47, 0.1, 0.1, -0.00297359435, 0.375683168, -0.0199610722, 0.98368818, -3.80792385e-005, -0.179882082, 0.179882082, -3.4438817e-006, 0.98368818, -3.80775894e-005, -0.999999999, 3.46206699e-006, 0.983688107, -3.22409673e-005, -0.17988248, 0.17988248, -1.37430907e-006, 0.983688108, -3.19622702e-005, -0.999999999, 4.44769366e-006, 0, 0, 0, 0, 0, 0, 0, 0.278418701, -0.0933004639, -0.168914575, -0.304429916, 0.709954768, -0.634910273, -0.901855469, -0.000366210945, 0.432006836, 0.306524104, 0.704126121, 0.640533069, 0, 0, -0, 0, 0, 0, 0, 0.324286572, -0.0580026855, -0.129737842, -0.218639815, 0.411189549, -0.884898085, 0.603271484, -0.655761719, -0.453857422, -0.766923535, -0.632971826, -0.104667094, 0, 1, 5, 1, 
732.123573, 47, 0.1, 0.1, -0.00297359194, 0.375683167, -0.0199594543, 0.983688504, 4.26931291e-005, -0.179880311, 0.179880311, -2.7128701e-006, 0.983688504, 4.15087484e-005, -0.999999999, -1.03482725e-005, 0.983688442, 3.71923145e-005, -0.179880651, 0.179880651, 8.82750782e-006, 0.983688442, 3.81735478e-005, -0.999999999, 1.99333967e-006, 0, 0, 0, 0, 0, 0, 0, 0.278418701, -0.0933004639, -0.168914575, -0.304429916, 0.709954768, -0.634910273, -0.901855469, -0.000366210945, 0.432006836, 0.306524104, 0.704126121, 0.640533069, 0, 0, -0, 0, 0, 0, 0, 0.324286572, -0.0580026855, -0.129737842, -0.218639815, 0.411189549, -0.884898085, 0.603271484, -0.655761719, -0.453857422, -0.766923535, -0.632971826, -0.104667094, 0, 1, 5, 1, 
732.124274, 47, 0.1, 0.1, -0.00297359494, 0.375683166, -0.0199609603, 0.98368878, -4.86566081e-005, -0.179878797, 0.179878796, -1.81569874e-005, 0.983688781, -5.11290166e-005, -0.999999999, -9.10853264e-006, 0.983688732, -4.24352661e-005, -0.179879059, 0.179879059, -1.7167378e-005, 0.983688733, -4.4831145e-005, -0.999999999, -9.25414053e-006, 0, 0, 0, 0, 0, 0, 0, 0.278418701, -0.0933004639, -0.168914575, -0.304429916, 0.709954768, -0.634910273, -0.901855469, -0.000366210945, 0.432006836, 0.306524104, 0.704126121, 0.640533069, 0, 0, -0, 0, 0, 0, 0, 0.324286572, -0.0580026855, -0.129737842, -0.218639815, 0.411189549, -0.884898085, 0.603271484, -0.655761719, -0.453857422, -0.766923535, -0.632971826, -0.104667094, 0, 1, 5, 1, 
732.124986, 47, 0.1, 0.1, -0.00297359532, 0.375683165, -0.0199648974, 0.983689027, 2.85056253e-005, -0.179877453, 0.179877453, 7.16804136e-006, 0.983689027, 2.93300399e-005, -1, 1.92360436e-006, 0.983688984, 2.49860451e-005, -0.179877686, 0.179877686, -4.1414899e-006, 0.983688984, 2.38335357e-005, -1, -8.56836997e-006, 0, 0, 0, 0, 0, 0, 0, 0.278789258, -0.0932692139, -0.168620898, -0.305914917, 0.710601788, -0.633570927, -0.901367187, -0.00183105469, 0.432983398, 0.306512122, 0.703529276, 0.641186081, 0, 0, -0, 0, 0, 0, 0, 0.324286572, -0.0580026855, -0.129737842, -0.218639815, 0.411189549, -0.884898085, 0.603271484, -0.655761719, -0.453857422, -0.766923535, -0.632971826, -0.104667094, 0, 1, 5, 1, 
732.125681, 47, 0.1, 0.1, -0.00297359732, 0.375683164, -0.0199697478, 0.983689236, -3.53093128e-005, -0.179876307, 0.179876307, -4.6749017e-006, 0.983689237, -3.5574295e-005, -0.999999999, 1.7526583e-006, 0.983689194, -3.16528222e-005, -0.17987654, 0.17987654, -4.28036062e-006, 0.983689194, -3.19064756e-005, -0.999999999, 1.48305564e-006, 0, 0, 0, 0, 0, 0, 0, 0.278789258, -0.0932692139, -0.168620898, -0.305914917, 0.710601788, -0.633570927, -0.901367187, -0.00183105469, 0.432983398, 0.306512122, 0.703529276, 0.641186081, 0, 0, -0, 0, 0, 0, 0, 0.324286572, -0.0580026855, -0.129737842, -0.218639815, 0.411189549, -0.884898085, 0.603271484, -0.655761719, -0.453857422, -0.766923535, -0.632971826, -0.104667094, 0, 1, 5, 1, 
732.126381, 47, 0.1, 0.1, -0.00297359665, 0.375683164, -0.0199742908, 0.983689426, 2.77008264e-005, -0.17987527, 0.17987527, 7.80383096e-007, 0.983689426, 2.73893816e-005, -1, -4.21503903e-006, 0.983689388, 2.14940552e-005, -0.179875478, 0.179875477, 7.00015867e-006, 0.983689388, 2.24026308e-005, -1, 3.01972837e-006, 0, 0, 0, 0, 0, 0, 0, 0.278789258, -0.0932692139, -0.168620898, -0.305914917, 0.710601788, -0.633570927, -0.901367187, -0.00183105469, 0.432983398, 0.306512122, 0.703529276, 0.641186081, 0, 0, -0, 0, 0, 0, 0, 0.324286572, -0.0580026855, -0.129737842, -0.218639815, 0.411189549, -0.884898085, 0.603271484, -0.655761719, -0.453857422, -0.766923535, -0.632971826, -0.104667094, 0, 1, 5, 1, 
732.127076, 47, 0.1, 0.1, -0.00297359671, 0.375683164, -0.01997713, 0.983689589, -1.73255867e-005, -0.17987438, 0.17987438, -4.60041059e-006, 0.983689589, -1.78704953e-005, -1, -1.40894683e-006, 0.983689561, -1.48209928e-005, -0.179874534, 0.179874534, -4.61369738e-006, 0.983689561, -1.54091425e-005, -1, -1.87252677e-006, 0, 0, 0, 0, 0, 0, 0, 0.278789258, -0.0932692139, -0.168620898, -0.305914917, 0.710601788, -0.633570927, -0.901367187, -0.00183105469, 0.432983398, 0.306512122, 0.703529276, 0.641186081, 0, 0, -0, 0, 0, 0, 0, 0.324286572, -0.0580026855, -0.129737842, -0.218639815, 0.411189549, -0.884898085, 0.603271484, -0.655761719, -0.453857422, -0.766923535, -0.632971826, -0.104667094, 0, 1, 5, 1, 
732.127834, 47, 0.1, 0.1, -0.00297359699, 0.375683165, -0.0199770493, 0.983689753, -7.07980087e-006, -0.179873482, 0.179873482, 5.24701903e-006, 0.983689753, -6.02052799e-006, -1, 6.43490729e-006, 0.983689723, 3.9622717e-006, -0.179873648, 0.179873648, -1.45054686e-007, 0.983689723, 3.87155444e-006, -1, -8.55397071e-007, 0, 0, 0, 0, 0, 0, 0, 0.278891772, -0.0934564453, -0.168519946, -0.308307169, 0.71135028, -0.631628743, -0.900268555, -0.00390625001, 0.435058594, 0.307014609, 0.702792767, 0.641743613, 0, 0, -0, 0, 0, 0, 0, 0.324337939, -0.0579015137, -0.129902246, -0.221757611, 0.410083808, -0.884603876, 0.604248047, -0.654174805, -0.454711914, -0.765287345, -0.635297413, -0.102795031, 0, 1, 5, 1, 
732.128531, 47, 0.1, 0.1, -0.00297359634, 0.375683166, -0.0199745313, 0.98368988, 7.88114849e-006, -0.179872787, 0.179872787, 7.92479913e-006, 0.98368988, 9.17806172e-006, -1, 6.37794056e-006, 0.983689859, 1.1865033e-005, -0.179872902, 0.179872902, 8.97415499e-006, 0.983689859, 1.32857199e-005, -1, 6.69358734e-006, 0, 0, 0, 0, 0, 0, 0, 0.278891772, -0.0934564453, -0.168519946, -0.308307169, 0.71135028, -0.631628743, -0.900268555, -0.00390625001, 0.435058594, 0.307014609, 0.702792767, 0.641743613, 0, 0, -0, 0, 0, 0, 0, 0.324337939, -0.0579015137, -0.129902246, -0.221757611, 0.410083808, -0.884603876, 0.604248047, -0.654174805, -0.454711914, -0.765287345, -0.635297413, -0.102795031, 0, 1, 5, 1, 
732.129228, 47, 0.1, 0.1, -0.00297359567, 0.375683166, -0.0199707409, 0.983689987, 1.70113702e-005, -0.179872205, 0.179872205, -4.53440731e-007, 0.983689987, 1.66523532e-005, -1, -3.50591778e-006, 0.983689963, 1.13753731e-005, -0.179872335, 0.179872335, 8.18800166e-006, 0.983689963, 1.26626353e-005, -1, 6.00834013e-006, 0, 0, 0, 0, 0, 0, 0, 0.278891772, -0.0934564453, -0.168519946, -0.308307169, 0.71135028, -0.631628743, -0.900268555, -0.00390625001, 0.435058594, 0.307014609, 0.702792767, 0.641743613, 0, 0, -0, 0, 0, 0, 0, 0.324337939, -0.0579015137, -0.129902246, -0.221757611, 0.410083808, -0.884603876, 0.604248047, -0.654174805, -0.454711914, -0.765287345, -0.635297413, -0.102795031, 0, 1, 5, 1, 
732.129928, 47, 0.1, 0.1, -0.00297359547, 0.375683166, -0.0199668153, 0.983690099, 1.22757708e-005, -0.179871589, 0.179871589, -2.64223202e-006, 0.983690099, 1.16002917e-005, -1, -4.80719989e-006, 0.983690081, -2.83114684e-006, -0.179871689, 0.179871689, -5.67922422e-006, 0.983690081, -3.80650272e-006, -1, -5.07735336e-006, 0, 0, 0, 0, 0, 0, 0, 0.278891772, -0.0934564453, -0.168519946, -0.308307169, 0.71135028, -0.631628743, -0.900268555, -0.00390625001, 0.435058594, 0.307014609, 0.702792767, 0.641743613, 0, 0, -0, 0, 0, 0, 0, 0.324337939, -0.0579015137, -0.129902246, -0.221757611, 0.410083808, -0.884603876, 0.604248047, -0.654174805, -0.454711914, -0.765287345, -0.635297413, -0.102795031, 0, 1, 5, 1, 
732.130626, 47, 0.1, 0.1, -0.00297359581, 0.375683166, -0.0199639598, 0.983690167, -9.62619969e-006, -0.17987122, 0.17987122, 3.67163037e-006, 0.983690167, -8.80877735e-006, -1, 5.34322297e-006, 0.983690153, -1.33845716e-005, -0.179871294, 0.179871294, -8.28596915e-006, 0.983690153, -1.46566792e-005, -1, -5.74332606e-006, 0, 0, 0, 0, 0, 0, 0, 0.278891772, -0.0934564453, -0.168519946, -0.308307169, 0.71135028, -0.631628743, -0.900268555, -0.00390625001, 0.435058594, 0.307014609, 0.702792767, 0.641743613, 0, 0, -0, 0, 0, 0, 0, 0.324337939, -0.0579015137, -0.129902246, -0.221757611, 0.410083808, -0.884603876, 0.604248047, -0.654174805, -0.454711914, -0.765287345, -0.635297413, -0.102795031, 0, 1, 5, 1, 
732.131321, 47, 0.1, 0.1, -0.00297359588, 0.375683166, -0.0199629606, 0.983690258, -1.81966829e-005, -0.179870718, 0.179870718, 1.19223235e-006, 0.983690259, -1.7685452e-005, -1, 4.44583776e-006, 0.98369024, -1.25024439e-005, -0.179870818, 0.179870818, 2.36772218e-006, 0.98369024, -1.1872648e-005, -1, 4.57793003e-006, 0, 0, 0, 0, 0, 0, 0, 0.278891772, -0.0934564453, -0.168519946, -0.308307169, 0.71135028, -0.631628743, -0.900268555, -0.00390625001, 0.435058594, 0.307014609, 0.702792767, 0.641743613, 0, 0, -0, 0, 0, 0, 0, 0.324337939, -0.0579015137, -0.129902246, -0.221757611, 0.410083808, -0.884603876, 0.604248047, -0.654174805, -0.454711914, -0.765287345, -0.635297413, -0.102795031, 0, 1, 5, 1, 
732.132016, 47, 0.1, 0.1, -0.00297359585, 0.375683166, -0.0199639825, 0.983690316, -1.04289623e-005, -0.179870406, 0.179870406, -7.79362879e-006, 0.983690316, -1.16607124e-005, -1, -5.79065548e-006, 0.983690308, 4.17994372e-006, -0.179870446, 0.179870446, 6.09998938e-006, 0.983690308, 5.20897794e-006, -1, 5.24865209e-006, 0, 0, 0, 0, 0, 0, 0, 0.278891772, -0.0934564453, -0.168519946, -0.308307169, 0.71135028, -0.631628743, -0.900268555, -0.00390625001, 0.435058594, 0.307014609, 0.702792767, 0.641743613, 0, 0, -0, 0, 0, 0, 0, 0.324337939, -0.0579015137, -0.129902246, -0.221757611, 0.410083808, -0.884603876, 0.604248047, -0.654174805, -0.454711914, -0.765287345, -0.635297413, -0.102795031, 0, 1, 5, 1, 
732.132741, 47, 0.1, 0.1, -0.00297359587, 0.375683165, -0.0199664303, 0.983690376, 8.02172693e-006, -0.179870075, 0.179870075, -4.15308008e-006, 0.983690376, 7.14388075e-006, -1, -5.52821354e-006, 0.983690361, 1.32363702e-005, -0.179870156, 0.179870156, -3.26285341e-006, 0.983690361, 1.24335999e-005, -1, -5.59046543e-006, 0, 0, 0, 0, 0, 0, 0, 0.278771045, -0.0934265381, -0.168636133, -0.310699422, 0.711978205, -0.629565992, -0.899291992, -0.00585937501, 0.437133789, 0.307517097, 0.702075353, 0.642282049, 0, 0, -0, 0, 0, 0, 0, 0.32416582, -0.0582199707, -0.130059814, -0.224690205, 0.409144312, -0.884360706, 0.604492188, -0.653198242, -0.455810547, -0.764245404, -0.63686907, -0.100437361, 0, 1, 5, 1, 
732.133438, 47, 0.1, 0.1, -0.00297359633, 0.375683166, -0.0199694231, 0.983690437, 1.09049416e-005, -0.179869743, 0.179869742, 7.17217194e-006, 0.983690437, 1.20171435e-005, -1, 5.09372792e-006, 0.98369043, 7.88614429e-006, -0.179869783, 0.179869783, -3.03910018e-006, 0.98369043, 7.21088237e-006, -1, -4.40801282e-006, 0, 0, 0, 0, 0, 0, 0, 0.278771045, -0.0934265381, -0.168636133, -0.310699422, 0.711978205, -0.629565992, -0.899291992, -0.00585937501, 0.437133789, 0.307517097, 0.702075353, 0.642282049, 0, 0, -0, 0, 0, 0, 0, 0.32416582, -0.0582199707, -0.130059814, -0.224690205, 0.409144312, -0.884360706, 0.604492188, -0.653198242, -0.455810547, -0.764245404, -0.63686907, -0.100437361, 0, 1, 5, 1, 
732.134134, 47, 0.1, 0.1, -0.00297359673, 0.375683166, -0.0199722587, 0.98369047, 6.16522685e-006, -0.179869563, 0.179869563, 5.77203997e-006, 0.98369047, 7.1028892e-006, -1, 4.56896406e-006, 0.983690461, -6.76822361e-006, -0.179869609, 0.179869609, 3.63315524e-006, 0.983690461, -6.0043428e-006, -1, 4.79129789e-006, 0, 0, 0, 0, 0, 0, 0, 0.278771045, -0.0934265381, -0.168636133, -0.310699422, 0.711978205, -0.629565992, -0.899291992, -0.00585937501, 0.437133789, 0.307517097, 0.702075353, 0.642282049, 0, 0, -0, 0, 0, 0, 0, 0.32416582, -0.0582199707, -0.130059814, -0.224690205, 0.409144312, -0.884360706, 0.604492188, -0.653198242, -0.455810547, -0.764245404, -0.63686907, -0.100437361, 0, 1, 5, 1, 
732.134834, 47, 0.1, 0.1, -0.00297359676, 0.375683166, -0.0199741045, 0.983690524, -4.2630396e-006, -0.179869265, 0.179869265, -4.89157371e-006, 0.983690524, -5.07335542e-006, -1, -4.04500491e-006, 0.983690514, -1.00717172e-005, -0.179869318, 0.179869318, 2.19736485e-006, 0.983690514, -9.51221411e-006, -1, 3.97311986e-006, 0, 0, 0, 0, 0, 0, 0, 0.278771045, -0.0934265381, -0.168636133, -0.310699422, 0.711978205, -0.629565992, -0.899291992, -0.00585937501, 0.437133789, 0.307517097, 0.702075353, 0.642282049, 0, 0, -0, 0, 0, 0, 0, 0.32416582, -0.0582199707, -0.130059814, -0.224690205, 0.409144312, -0.884360706, 0.604492188, -0.653198242, -0.455810547, -0.764245404, -0.63686907, -0.100437361, 0, 1, 5, 1, 
732.135566, 47, 0.1, 0.1, -0.00297359647, 0.375683166, -0.019974229, 0.983690548, -1.03216209e-005, -0.179869133, 0.179869133, -6.2202972e-006, 0.983690548, -1.12721204e-005, -1, -4.26230656e-006, 0.983690545, -6.53431921e-006, -0.179869153, 0.179869153, -5.69468625e-006, 0.983690545, -7.45204641e-006, -1, -4.42648656e-006, 0, 0, 0, 0, 0, 0, 0, 0.278669238, -0.0933905273, -0.16854397, -0.312755059, 0.712726697, -0.627782568, -0.898193359, -0.00720214844, 0.439331055, 0.308584229, 0.701338844, 0.642617542, 0, 0, -0, 0, 0, 0, 0, 0.323955615, -0.0581219727, -0.130205664, -0.228255328, 0.40787889, -0.884021654, 0.604736328, -0.65222168, -0.45703125, -0.763024458, -0.638843212, -0.0978241283, 0, 1, 5, 1, 
732.136263, 47, 0.1, 0.1, -0.0029735963, 0.375683166, -0.0199727907, 0.983690585, -8.99497779e-006, -0.179868932, 0.179868932, 2.5505593e-006, 0.983690585, -8.38950859e-006, -1, 4.12687822e-006, 0.983690576, 5.45080533e-006, -0.179868984, 0.179868984, -3.50670129e-006, 0.983690576, 4.73115904e-006, -1, -4.42993983e-006, 0, 0, 0, 0, 0, 0, 0, 0.278669238, -0.0933905273, -0.16854397, -0.312755059, 0.712726697, -0.627782568, -0.898193359, -0.00720214844, 0.439331055, 0.308584229, 0.701338844, 0.642617542, 0, 0, -0, 0, 0, 0, 0, 0.323955615, -0.0581219727, -0.130205664, -0.228255328, 0.40787889, -0.884021654, 0.604736328, -0.65222168, -0.45703125, -0.763024458, -0.638843212, -0.0978241283, 0, 1, 5, 1, 
732.136961, 47, 0.1, 0.1, -0.00297359626, 0.375683166, -0.0199704662, 0.98369061, 4.3387482e-006, -0.179868795, 0.179868795, 5.36453534e-006, 0.98369061, 5.23289837e-006, -1, 4.49663763e-006, 0.983690609, 9.51585869e-006, -0.179868803, 0.179868803, 6.49700249e-006, 0.983690609, 1.05292689e-005, -1, 4.67943423e-006, 0, 0, 0, 0, 0, 0, 0, 0.278669238, -0.0933905273, -0.16854397, -0.312755059, 0.712726697, -0.627782568, -0.898193359, -0.00720214844, 0.439331055, 0.308584229, 0.701338844, 0.642617542, 0, 0, -0, 0, 0, 0, 0, 0.323955615, -0.0581219727, -0.130205664, -0.228255328, 0.40787889, -0.884021654, 0.604736328, -0.65222168, -0.45703125, -0.763024458, -0.638843212, -0.0978241283, 0, 1, 5, 1, 
732.137659, 47, 0.1, 0.1, -0.00297359667, 0.375683166, -0.0199680385, 0.983690626, 1.29038205e-005, -0.179868709, 0.179868709, -3.34587244e-006, 0.983690626, 1.20915495e-005, -1, -5.61229689e-006, 0.983690619, 6.5310687e-006, -0.179868748, 0.179868748, 5.75019652e-006, 0.983690619, 7.45883166e-006, -1, 4.48167922e-006, 0, 0, 0, 0, 0, 0, 0, 0.278669238, -0.0933905273, -0.16854397, -0.312755059, 0.712726697, -0.627782568, -0.898193359, -0.00720214844, 0.439331055, 0.308584229, 0.701338844, 0.642617542, 0, 0, -0, 0, 0, 0, 0, 0.323955615, -0.0581219727, -0.130205664, -0.228255328, 0.40787889, -0.884021654, 0.604736328, -0.65222168, -0.45703125, -0.763024458, -0.638843212, -0.0978241283, 0, 1, 5, 1, 
732.138478, 47, 0.1, 0.1, -0.00297359595, 0.375683165, -0.0199654051, 0.983690659, 2.27329192e-005, -0.179868527, 0.179868527, -2.22786973e-007, 0.983690659, 2.23220879e-005, -1, -4.30809016e-006, 0.983690657, -6.74032798e-006, -0.179868541, 0.179868541, -7.13319178e-006, 0.983690657, -7.91343445e-006, -1, -5.80448115e-006, 0, 0, 0, 0, 0, 0, 0, 0.278669238, -0.0933905273, -0.16854397, -0.312755059, 0.712726697, -0.627782568, -0.898193359, -0.00720214844, 0.439331055, 0.308584229, 0.701338844, 0.642617542, 0, 0, -0, 0, 0, 0, 0, 0.323955615, -0.0581219727, -0.130205664, -0.228255328, 0.40787889, -0.884021654, 0.604736328, -0.65222168, -0.45703125, -0.763024458, -0.638843212, -0.0978241283, 0, 1, 5, 1, 
732.139338, 47, 0.1, 0.1, -0.00297360042, 0.375683167, -0.0199620789, 0.983690672, -6.25308821e-005, -0.179868447, 0.179868448, 1.19300759e-005, 0.983690674, -5.93652013e-005, -0.999999998, 2.29828371e-005, 0.98369065, -2.64988776e-005, -0.179868573, 0.179868573, -6.96157659e-006, 0.983690651, -2.7318867e-005, -1, -2.0817225e-006, 0, 0, 0, 0, 0, 0, 0, 0.278669238, -0.0933905273, -0.16854397, -0.312755059, 0.712726697, -0.627782568, -0.898193359, -0.00720214844, 0.439331055, 0.308584229, 0.701338844, 0.642617542, 0, 0, -0, 0, 0, 0, 0, 0.323955615, -0.0581219727, -0.130205664, -0.228255328, 0.40787889, -0.884021654, 0.604736328, -0.65222168, -0.45703125, -0.763024458, -0.638843212, -0.0978241283, 0, 1, 5, 1, 
