time, trialNum, realDorsalTactorPos, realVentralTactorPos, boxPosX, boxPosY, boxPosZ, boxLocalRot_11, boxLocalRot_12, boxLocalRot_13, boxLocalRot_21, boxLocalRot_22, boxLocalRot_23, boxLocalRot_31, boxLocalRot_32, boxLocalRot_33, boxGlobalRot_11, boxGlobalRot_12, boxGlobalRot_13, boxGlobalRot_21, boxGlobalRot_22, boxGlobalRot_23, boxGlobalRot_31, boxGlobalRot_32, boxGlobalRot_33, indexForceX, indexForceY, indexForceZ, indexForceGlobalX, indexForceGlobalY, indexForceGlobalZ, indexContact, indexPosX, indexPosY, indexPosZ, indexRot_11, indexRot_12, indexRot_13, indexRot_21, indexRot_22, indexRot_23, indexRot_31, indexRot_32, indexRot_33, thumbForceX, thumbForceY, thumbForceZ, thumbForceGlobalX, thumbForceGlobalY, thumbForceGlobalZ, thumbContact, thumbPosX, thumbPosY, thumbPosZ, thumbRot_11, thumbRot_12, thumbRot_13, thumbRot_21, thumbRot_22, thumbRot_23, thumbRot_31, thumbRot_32, thumbRot_33, manipForceTooHigh, cceExpType, mapping, trialSuccess, 
563.212737, 43, 0.1, 0.1, -0.00169866829, 0.369486842, -0.0199743057, 0.909358324, 1.37565279e-005, 0.416013748, 0.416013749, -8.02658552e-006, -0.909358324, -9.17044326e-006, 1, -1.30219471e-005, 0.909358393, 8.80668492e-006, 0.416013597, 0.416013597, -6.70136245e-006, -0.909358393, -5.22057495e-006, 1, -9.75764086e-006, 0, 0, 0, 0, 0, 0, 0, 0.283174292, -0.0814902344, -0.222600024, -0.236836896, 0.709579961, -0.663623294, -0.92590332, 0.0417480469, 0.375244141, 0.293964543, 0.703320341, 0.64730542, 0, -0, 0, 0, 0, 0, 0, 0.32939043, -0.0396719727, -0.191682178, -0.0739027012, 0.468140623, -0.880447593, -0.117919922, -0.880737305, -0.458374023, -0.990200137, 0.0700698229, 0.120419831, 0, 1, 5, 1, 
563.251288, 43, 0.1, 0.1, -0.00169867009, 0.369486806, -0.0199702181, 0.909356487, 3.96292884e-005, 0.416017761, 0.416017762, -1.11376246e-005, -0.909356488, -3.14037008e-005, 0.999999999, -2.6614559e-005, 0.909356278, 3.11018143e-005, 0.41601822, 0.41601822, 2.80291201e-007, -0.909356278, -2.83992363e-005, 1, -1.26840369e-005, 0, 0, 0, 0, 0, 0, 0, 0.310205688, -0.110564209, -0.214130518, -0.289791414, 0.685260525, -0.668073428, -0.927490234, -0.0290527344, 0.372436523, 0.235859254, 0.727688423, 0.644178902, 0, -0, 0, 0, 0, 0, 0, 0.349264453, -0.0644766113, -0.18331084, -0.109888614, 0.450950732, -0.885631049, -0.0269775391, -0.891967773, -0.450927734, -0.993491438, -0.0256350806, 0.110178354, 0, 1, 5, 1, 
563.251985, 43, 0.1, 0.1, -0.00169866879, 0.369486807, -0.0199683043, 0.909357505, -4.45997742e-005, 0.416015536, 0.416015537, 1.58248229e-005, -0.909357505, 3.39737672e-005, 0.999999999, 3.29446205e-005, 0.909357298, -3.58325863e-005, 0.416015989, 0.416015989, 3.80141597e-006, -0.909357299, 3.1003174e-005, 0.999999999, 1.83637742e-005, 0, 0, 0, 0, 0, 0, 0, 0.310205688, -0.110564209, -0.214130518, -0.289791414, 0.685260525, -0.668073428, -0.927490234, -0.0290527344, 0.372436523, 0.235859254, 0.727688423, 0.644178902, 0, -0, 0, 0, 0, 0, 0, 0.349264453, -0.0644766113, -0.18331084, -0.109888614, 0.450950732, -0.885631049, -0.0269775391, -0.891967773, -0.450927734, -0.993491438, -0.0256350806, 0.110178354, 0, 1, 5, 1, 
563.252685, 43, 0.1, 0.1, -0.00169867031, 0.369486805, -0.0199668574, 0.909358563, 4.48890347e-005, 0.416013223, 0.416013224, -1.11332747e-005, -0.909358564, -3.61886386e-005, 0.999999999, -2.87985707e-005, 0.909358349, 3.5486191e-005, 0.416013691, 0.416013692, 1.37725076e-006, -0.90935835, -3.28426192e-005, 0.999999999, -1.35103268e-005, 0, 0, 0, 0, 0, 0, 0, 0.310205688, -0.110564209, -0.214130518, -0.289791414, 0.685260525, -0.668073428, -0.927490234, -0.0290527344, 0.372436523, 0.235859254, 0.727688423, 0.644178902, 0, -0, 0, 0, 0, 0, 0, 0.349264453, -0.0644766113, -0.18331084, -0.109888614, 0.450950732, -0.885631049, -0.0269775391, -0.891967773, -0.450927734, -0.993491438, -0.0256350806, 0.110178354, 0, 1, 5, 1, 
563.253384, 43, 0.1, 0.1, -0.00169866931, 0.369486806, -0.0199663043, 0.90935966, -4.61483175e-005, 0.416010825, 0.416010826, 1.56012616e-005, -0.90935966, 3.54751246e-005, 0.999999999, 3.33853576e-005, 0.909359435, -3.62391039e-005, 0.416011318, 0.416011319, 2.88896532e-006, -0.909359435, 3.17525288e-005, 0.999999999, 1.77029853e-005, 0, 0, 0, 0, 0, 0, 0, 0.310205688, -0.110564209, -0.214130518, -0.289791414, 0.685260525, -0.668073428, -0.927490234, -0.0290527344, 0.372436523, 0.235859254, 0.727688423, 0.644178902, 0, -0, 0, 0, 0, 0, 0, 0.349264453, -0.0644766113, -0.18331084, -0.109888614, 0.450950732, -0.885631049, -0.0269775391, -0.891967773, -0.450927734, -0.993491438, -0.0256350806, 0.110178354, 0, 1, 5, 1, 
563.254082, 43, 0.1, 0.1, -0.00169867058, 0.369486803, -0.0199667268, 0.909360789, 4.44474286e-005, 0.416008358, 0.416008359, -1.17502904e-005, -0.909360789, -3.55305297e-005, 0.999999999, -2.91757552e-005, 0.90936056, 3.45192788e-005, 0.41600886, 0.41600886, 1.07206749e-006, -0.90936056, -3.18364603e-005, 0.999999999, -1.33854299e-005, 0, 0, 0, 0, 0, 0, 0, 0.310205688, -0.110564209, -0.214130518, -0.289791414, 0.685260525, -0.668073428, -0.927490234, -0.0290527344, 0.372436523, 0.235859254, 0.727688423, 0.644178902, 0, -0, 0, 0, 0, 0, 0, 0.349264453, -0.0644766113, -0.18331084, -0.109888614, 0.450950732, -0.885631049, -0.0269775391, -0.891967773, -0.450927734, -0.993491438, -0.0256350806, 0.110178354, 0, 1, 5, 1, 
563.254791, 43, 0.1, 0.1, -0.00169866983, 0.369486805, -0.0199679638, 0.909361965, -4.34316685e-005, 0.416005787, 0.416005788, 1.30748627e-005, -0.909361966, 3.40558889e-005, 0.999999999, 2.99576083e-005, 0.909361711, -3.29878903e-005, 0.416006343, 0.416006343, 2.22904073e-007, -0.909361712, 2.99051949e-005, 0.999999999, 1.39258721e-005, 0, 0, 0, 0, 0, 0, 0, 0.310205688, -0.110564209, -0.214130518, -0.289791414, 0.685260525, -0.668073428, -0.927490234, -0.0290527344, 0.372436523, 0.235859254, 0.727688423, 0.644178902, 0, -0, 0, 0, 0, 0, 0, 0.349264453, -0.0644766113, -0.18331084, -0.109888614, 0.450950732, -0.885631049, -0.0269775391, -0.891967773, -0.450927734, -0.993491438, -0.0256350806, 0.110178354, 0, 1, 5, 1, 
563.25552, 43, 0.1, 0.1, -0.00169867088, 0.369486802, -0.0199691253, 0.909363199, 4.19379112e-005, 0.416003089, 0.416003089, -1.11959513e-005, -0.9093632, -3.34792428e-005, 0.999999999, -2.76274867e-005, 0.909362962, 3.29152464e-005, 0.416003608, 0.416003609, 6.84324614e-007, -0.909362963, -3.02165875e-005, 0.999999999, -1.30705618e-005, 0, 0, 0, 0, 0, 0, 0, 0.312413184, -0.113127173, -0.213471655, -0.294299958, 0.683059232, -0.668295467, -0.927612305, -0.0357666016, 0.371704102, 0.230022965, 0.729396585, 0.644337661, 0, -0, 0, 0, 0, 0, 0, 0.350826514, -0.0671461426, -0.182642822, -0.113351658, 0.45016362, -0.885618289, -0.0198974609, -0.892211914, -0.451049805, -0.993241705, -0.0333278574, 0.110056952, 0, 1, 5, 1, 
563.256215, 43, 0.1, 0.1, -0.0016986705, 0.369486804, -0.0199702638, 0.909364385, -3.90127717e-005, 0.416000497, 0.416000497, 1.05308336e-005, -0.909364386, 3.10959932e-005, 0.999999999, 2.58056975e-005, 0.909364148, -3.00231685e-005, 0.416001016, 0.416001016, -3.95310249e-007, -0.909364149, 2.74664425e-005, 1, 1.21301876e-005, 0, 0, 0, 0, 0, 0, 0, 0.312413184, -0.113127173, -0.213471655, -0.294299958, 0.683059232, -0.668295467, -0.927612305, -0.0357666016, 0.371704102, 0.230022965, 0.729396585, 0.644337661, 0, -0, 0, 0, 0, 0, 0, 0.350826514, -0.0671461426, -0.182642822, -0.113351658, 0.45016362, -0.885618289, -0.0198974609, -0.892211914, -0.451049805, -0.993241705, -0.0333278574, 0.110056952, 0, 1, 5, 1, 
563.25691, 43, 0.1, 0.1, -0.0016986715, 0.369486802, -0.0199711435, 0.909365575, 3.7315555e-005, 0.415997897, 0.415997897, -1.21257564e-005, -0.909365575, -2.8889192e-005, 0.999999999, -2.65499379e-005, 0.909365337, 2.90096611e-005, 0.415998416, 0.415998416, -1.23987152e-006, -0.909365338, -2.58645957e-005, 1, -1.31954693e-005, 0, 0, 0, 0, 0, 0, 0, 0.312413184, -0.113127173, -0.213471655, -0.294299958, 0.683059232, -0.668295467, -0.927612305, -0.0357666016, 0.371704102, 0.230022965, 0.729396585, 0.644337661, 0, -0, 0, 0, 0, 0, 0, 0.350826514, -0.0671461426, -0.182642822, -0.113351658, 0.45016362, -0.885618289, -0.0198974609, -0.892211914, -0.451049805, -0.993241705, -0.0333278574, 0.110056952, 0, 1, 5, 1, 
563.257671, 43, 0.1, 0.1, -0.00169866915, 0.369486804, -0.0199710829, 0.909366875, -4.83868181e-005, 0.415995053, 0.415995054, 1.28601735e-005, -0.909366876, 3.86516011e-005, 0.999999999, 3.18232928e-005, 0.909366612, -3.99590303e-005, 0.41599563, 0.41599563, 1.02443826e-006, -0.909366612, 3.59112462e-005, 0.999999999, 1.75543719e-005, 0, 0, 0, 0, 0, 0, 0, 0.312413184, -0.113127173, -0.213471655, -0.294299958, 0.683059232, -0.668295467, -0.927612305, -0.0357666016, 0.371704102, 0.230022965, 0.729396585, 0.644337661, 0, -0, 0, 0, 0, 0, 0, 0.350826514, -0.0671461426, -0.182642822, -0.117811434, 0.449203701, -0.885535167, -0.0115966797, -0.892211914, -0.451171875, -0.992851247, -0.0428799376, 0.110433917, 0, 1, 5, 1, 
563.258373, 43, 0.1, 0.1, -0.00169866931, 0.369486802, -0.0199701882, 0.909368084, 3.60513357e-005, 0.415992412, 0.415992413, -1.28340919e-005, -0.909368084, -2.74450492e-005, 0.999999999, -2.66679956e-005, 0.909367837, 2.62389339e-005, 0.415992951, 0.415992951, -1.11960418e-006, -0.909367838, -2.33950951e-005, 1, -1.19333436e-005, 0, 0, 0, 0, 0, 0, 0, 0.312413184, -0.113127173, -0.213471655, -0.294299958, 0.683059232, -0.668295467, -0.927612305, -0.0357666016, 0.371704102, 0.230022965, 0.729396585, 0.644337661, 0, -0, 0, 0, 0, 0, 0, 0.35277207, -0.0691964844, -0.181959668, -0.117811434, 0.449203701, -0.885535167, -0.0115966797, -0.892211914, -0.451171875, -0.992851247, -0.0428799376, 0.110433917, 0, 1, 5, 1, 
563.259072, 43, 0.1, 0.1, -0.00169866826, 0.369486803, -0.0199691096, 0.909369289, -4.04736606e-005, 0.415989777, 0.415989778, 1.11711595e-005, -0.90936929, 3.21584159e-005, 0.999999999, 2.69953385e-005, 0.909369048, -3.28574624e-005, 0.415990305, 0.415990305, -2.66736306e-007, -0.909369048, 2.9990519e-005, 0.999999999, 1.34258241e-005, 0, 0, 0, 0, 0, 0, 0, 0.312413184, -0.113127173, -0.213471655, -0.294299958, 0.683059232, -0.668295467, -0.927612305, -0.0357666016, 0.371704102, 0.230022965, 0.729396585, 0.644337661, 0, -0, 0, 0, 0, 0, 0, 0.35277207, -0.0691964844, -0.181959668, -0.117811434, 0.449203701, -0.885535167, -0.0115966797, -0.892211914, -0.451171875, -0.992851247, -0.0428799376, 0.110433917, 0, 1, 5, 1, 
563.259774, 43, 0.1, 0.1, -0.00169867073, 0.369486802, -0.0199681915, 0.909370508, 4.97471146e-005, 0.41598711, 0.415987112, -1.48620763e-005, -0.909370509, -3.90561267e-005, 0.999999999, -3.42092923e-005, 0.909370266, 4.00721013e-005, 0.415987642, 0.415987642, -2.87636655e-006, -0.909370266, -3.52438445e-005, 0.999999999, -1.92851812e-005, 0, 0, 0, 0, 0, 0, 0, 0.312413184, -0.113127173, -0.213471655, -0.294299958, 0.683059232, -0.668295467, -0.927612305, -0.0357666016, 0.371704102, 0.230022965, 0.729396585, 0.644337661, 0, -0, 0, 0, 0, 0, 0, 0.35277207, -0.0691964844, -0.181959668, -0.117811434, 0.449203701, -0.885535167, -0.0115966797, -0.892211914, -0.451171875, -0.992851247, -0.0428799376, 0.110433917, 0, 1, 5, 1, 
563.260491, 43, 0.1, 0.1, -0.00169867133, 0.369486804, -0.0199675228, 0.909371772, -3.77043867e-005, 0.415984349, 0.41598435, 1.18039955e-005, -0.909371772, 2.93770276e-005, 0.999999999, 2.64186551e-005, 0.909371522, -2.80635881e-005, 0.415984896, 0.415984896, -7.85714403e-007, -0.909371523, 2.58470732e-005, 1, 1.09595225e-005, 0, 0, 0, 0, 0, 0, 0, 0.314814136, -0.115466895, -0.212582104, -0.299367155, 0.68085794, -0.668377842, -0.927490234, -0.0433349609, 0.37121582, 0.22378079, 0.731104746, 0.644597892, 0, -0, 0, 0, 0, 0, 0, 0.35277207, -0.0691964844, -0.181959668, -0.117811434, 0.449203701, -0.885535167, -0.0115966797, -0.892211914, -0.451171875, -0.992851247, -0.0428799376, 0.110433917, 0, 1, 5, 1, 
563.261191, 43, 0.1, 0.1, -0.0016986738, 0.369486802, -0.0199674744, 0.909373019, 4.86044174e-005, 0.415981622, 0.415981623, -1.3235454e-005, -0.90937302, -3.86938402e-005, 0.999999999, -3.22545093e-005, 0.909372768, 3.95538842e-005, 0.415982172, 0.415982172, -1.16539014e-006, -0.909372769, -3.54844436e-005, 0.999999999, -1.75134847e-005, 0, 0, 0, 0, 0, 0, 0, 0.314814136, -0.115466895, -0.212582104, -0.299367155, 0.68085794, -0.668377842, -0.927490234, -0.0433349609, 0.37121582, 0.22378079, 0.731104746, 0.644597892, 0, -0, 0, 0, 0, 0, 0, 0.35277207, -0.0691964844, -0.181959668, -0.117811434, 0.449203701, -0.885535167, -0.0115966797, -0.892211914, -0.451171875, -0.992851247, -0.0428799376, 0.110433917, 0, 1, 5, 1, 
563.261895, 43, 0.1, 0.1, -0.00169867364, 0.369486803, -0.0199679492, 0.909374288, -4.17638119e-005, 0.415978848, 0.415978849, 1.30940718e-005, -0.909374289, 3.25320798e-005, 0.999999999, 2.92802747e-005, 0.909374036, -3.17250396e-005, 0.415979401, 0.415979401, 7.8615064e-007, -0.909374036, 2.85229048e-005, 0.999999999, 1.39118679e-005, 0, 0, 0, 0, 0, 0, 0, 0.314814136, -0.115466895, -0.212582104, -0.299367155, 0.68085794, -0.668377842, -0.927490234, -0.0433349609, 0.37121582, 0.22378079, 0.731104746, 0.644597892, 0, -0, 0, 0, 0, 0, 0, 0.35277207, -0.0691964844, -0.181959668, -0.117811434, 0.449203701, -0.885535167, -0.0115966797, -0.892211914, -0.451171875, -0.992851247, -0.0428799376, 0.110433917, 0, 1, 5, 1, 
563.262608, 43, 0.1, 0.1, -0.00169867505, 0.369486801, -0.019968777, 0.909375584, 4.2456011e-005, 0.415976016, 0.415976017, -1.20501502e-005, -0.909375584, -3.35958864e-005, 0.999999999, -2.86187947e-005, 0.909375329, 3.38070705e-005, 0.415976574, 0.415976574, -4.51760045e-007, -0.909375329, -3.05553943e-005, 0.999999999, -1.44737688e-005, 0, 0, 0, 0, 0, 0, 0, 0.316751514, -0.11799043, -0.21207605, -0.304846229, 0.679487515, -0.667260535, -0.926879883, -0.0506591797, 0.371826172, 0.218839769, 0.731816168, 0.645409663, 0, -0, 0, 0, 0, 0, 0, 0.35277207, -0.0691964844, -0.181959668, -0.117811434, 0.449203701, -0.885535167, -0.0115966797, -0.892211914, -0.451171875, -0.992851247, -0.0428799376, 0.110433917, 0, 1, 5, 1, 
563.263324, 43, 0.1, 0.1, -0.0016986742, 0.369486803, -0.0199694857, 0.909376889, -4.33334073e-005, 0.415973163, 0.415973164, 1.24095008e-005, -0.909376889, 3.42443799e-005, 0.999999999, 2.93104478e-005, 0.909376628, -3.37318914e-005, 0.415973734, 0.415973735, 4.92266171e-007, -0.909376628, 3.04702239e-005, 0.999999999, 1.44792362e-005, 0, 0, 0, 0, 0, 0, 0, 0.316751514, -0.11799043, -0.21207605, -0.304846229, 0.679487515, -0.667260535, -0.926879883, -0.0506591797, 0.371826172, 0.218839769, 0.731816168, 0.645409663, 0, -0, 0, 0, 0, 0, 0, 0.354264551, -0.0711984863, -0.18103667, -0.122405372, 0.44879975, -0.885209242, -0.00366210937, -0.891967773, -0.451782227, -0.992352148, -0.0518826123, 0.110836401, 0, 1, 5, 1, 
563.264027, 43, 0.1, 0.1, -0.00169867478, 0.369486801, -0.0199700937, 0.909378171, 3.71296238e-005, 0.41597036, 0.415970361, -1.11018077e-005, -0.909378172, -2.91468465e-005, 0.999999999, -2.55405646e-005, 0.909377908, 2.78112492e-005, 0.415970936, 0.415970936, 5.94090157e-007, -0.909377908, -2.55380598e-005, 1, -1.10284189e-005, 0, 0, 0, 0, 0, 0, 0, 0.316751514, -0.11799043, -0.21207605, -0.304846229, 0.679487515, -0.667260535, -0.926879883, -0.0506591797, 0.371826172, 0.218839769, 0.731816168, 0.645409663, 0, -0, 0, 0, 0, 0, 0, 0.354264551, -0.0711984863, -0.18103667, -0.122405372, 0.44879975, -0.885209242, -0.00366210937, -0.891967773, -0.451782227, -0.992352148, -0.0518826123, 0.110836401, 0, 1, 5, 1, 
563.264734, 43, 0.1, 0.1, -0.00169867362, 0.369486802, -0.0199703698, 0.909379457, -4.16405369e-005, 0.415967549, 0.41596755, 1.2048113e-005, -0.909379457, 3.28554248e-005, 0.999999999, 2.82774186e-005, 0.9093792, -3.33039771e-005, 0.415968112, 0.415968112, 8.1595585e-007, -0.9093792, 2.99465325e-005, 0.999999999, 1.45954058e-005, 0, 0, 0, 0, 0, 0, 0, 0.316751514, -0.11799043, -0.21207605, -0.304846229, 0.679487515, -0.667260535, -0.926879883, -0.0506591797, 0.371826172, 0.218839769, 0.731816168, 0.645409663, 0, -0, 0, 0, 0, 0, 0, 0.354264551, -0.0711984863, -0.18103667, -0.122405372, 0.44879975, -0.885209242, -0.00366210937, -0.891967773, -0.451782227, -0.992352148, -0.0518826123, 0.110836401, 0, 1, 5, 1, 
563.265438, 43, 0.1, 0.1, -0.00169867483, 0.3694868, -0.0199703153, 0.90938073, 4.04885769e-005, 0.415964767, 0.415964767, -1.25048499e-005, -0.90938073, -3.16179547e-005, 0.999999999, -2.8213491e-005, 0.909380475, 3.15380325e-005, 0.415965324, 0.415965324, -1.19050609e-006, -0.909380475, -2.81848618e-005, 1, -1.42013509e-005, 0, 0, 0, 0, 0, 0, 0, 0.316751514, -0.11799043, -0.21207605, -0.304846229, 0.679487515, -0.667260535, -0.926879883, -0.0506591797, 0.371826172, 0.218839769, 0.731816168, 0.645409663, 0, -0, 0, 0, 0, 0, 0, 0.354264551, -0.0711984863, -0.18103667, -0.122405372, 0.44879975, -0.885209242, -0.00366210937, -0.891967773, -0.451782227, -0.992352148, -0.0518826123, 0.110836401, 0, 1, 5, 1, 
563.266133, 43, 0.1, 0.1, -0.00169867432, 0.369486802, -0.0199700181, 0.909381984, -3.83378177e-005, 0.415962023, 0.415962024, 1.12240441e-005, -0.909381985, 3.01949446e-005, 0.999999999, 2.61540198e-005, 0.909381734, -2.99760861e-005, 0.415962572, 0.415962572, 8.91220881e-009, -0.909381734, 2.7255998e-005, 1, 1.24770345e-005, 0, 0, 0, 0, 0, 0, 0, 0.316751514, -0.11799043, -0.21207605, -0.304846229, 0.679487515, -0.667260535, -0.926879883, -0.0506591797, 0.371826172, 0.218839769, 0.731816168, 0.645409663, 0, -0, 0, 0, 0, 0, 0, 0.354264551, -0.0711984863, -0.18103667, -0.122405372, 0.44879975, -0.885209242, -0.00366210937, -0.891967773, -0.451782227, -0.992352148, -0.0518826123, 0.110836401, 0, 1, 5, 1, 
563.266844, 43, 0.1, 0.1, -0.00169867613, 0.3694868, -0.0199694526, 0.909383264, 4.40286818e-005, 0.415959225, 0.415959226, -1.27155068e-005, -0.909383265, -3.4749814e-005, 0.999999999, -2.98774054e-005, 0.909383009, 3.52034163e-005, 0.415959783, 0.415959783, -1.07278011e-006, -0.90938301, -3.15671553e-005, 0.999999999, -1.56187734e-005, 0, 0, 0, 0, 0, 0, 0, 0.316751514, -0.11799043, -0.21207605, -0.304846229, 0.679487515, -0.667260535, -0.926879883, -0.0506591797, 0.371826172, 0.218839769, 0.731816168, 0.645409663, 0, -0, 0, 0, 0, 0, 0, 0.354264551, -0.0711984863, -0.18103667, -0.122405372, 0.44879975, -0.885209242, -0.00366210937, -0.891967773, -0.451782227, -0.992352148, -0.0518826123, 0.110836401, 0, 1, 5, 1, 
563.267564, 43, 0.1, 0.1, -0.00169867532, 0.369486801, -0.0199688419, 0.909384563, -4.22108906e-005, 0.415956386, 0.415956387, 1.39001228e-005, -0.909384563, 3.26040875e-005, 0.999999999, 3.01984467e-005, 0.909384284, -3.23471983e-005, 0.415956996, 0.415956996, 9.94253901e-007, -0.909384285, 2.90024669e-005, 0.999999999, 1.43592023e-005, 0, 0, 0, 0, 0, 0, 0, 0.316751514, -0.11799043, -0.21207605, -0.310389705, 0.67724803, -0.666904824, -0.926635742, -0.0592041016, 0.37109375, 0.211931477, 0.733283195, 0.646094876, 0, -0, 0, 0, 0, 0, 0, 0.354264551, -0.0711984863, -0.18103667, -0.122405372, 0.44879975, -0.885209242, -0.00366210937, -0.891967773, -0.451782227, -0.992352148, -0.0518826123, 0.110836401, 0, 1, 5, 1, 
563.268284, 43, 0.1, 0.1, -0.00169867697, 0.369486799, -0.0199681245, 0.909385864, 4.45929085e-005, 0.41595354, 0.415953541, -1.25262489e-005, -0.909385865, -3.53418231e-005, 0.999999999, -2.99397718e-005, 0.909385597, 3.51569407e-005, 0.415954125, 0.415954126, 2.01853349e-007, -0.909385598, -3.20551772e-005, 0.999999999, -1.4440112e-005, 0, 0, 0, 0, 0, 0, 0, 0.319349341, -0.120109595, -0.211162817, -0.310389705, 0.67724803, -0.666904824, -0.926635742, -0.0592041016, 0.37109375, 0.211931477, 0.733283195, 0.646094876, 0, 0, 0, 0, 0, 0, 0, 0.356005176, -0.0734466797, -0.180120264, -0.126635105, 0.447833635, -0.885017478, 0.00341796875, -0.891967773, -0.451904297, -0.991814769, -0.0602079168, 0.111347527, 0, 1, 5, 1, 
563.268981, 43, 0.1, 0.1, -0.00169867627, 0.369486801, -0.0199677762, 0.909387138, -4.30546731e-005, 0.415950757, 0.415950758, 1.27861211e-005, -0.909387138, 3.38349692e-005, 0.999999999, 2.95361579e-005, 0.909386882, -3.3480782e-005, 0.415951316, 0.415951317, 6.59444684e-007, -0.909386883, 3.01726871e-005, 0.999999999, 1.45260657e-005, 0, 0, 0, 0, 0, 0, 0, 0.319349341, -0.120109595, -0.211162817, -0.310389705, 0.67724803, -0.666904824, -0.926635742, -0.0592041016, 0.37109375, 0.211931477, 0.733283195, 0.646094876, 0, 0, 0, 0, 0, 0, 0, 0.356005176, -0.0734466797, -0.180120264, -0.126635105, 0.447833635, -0.885017478, 0.00341796875, -0.891967773, -0.451904297, -0.991814769, -0.0602079168, 0.111347527, 0, 1, 5, 1, 
563.269687, 43, 0.1, 0.1, -0.00169867764, 0.369486799, -0.0199679022, 0.909388431, 4.36977991e-005, 0.41594793, 0.415947931, -1.2811294e-005, -0.909388431, -3.44094418e-005, 0.999999999, -2.98264517e-005, 0.909388174, 3.45239317e-005, 0.415948492, 0.415948492, -6.55767898e-007, -0.909388174, -3.11228896e-005, 0.999999999, -1.49565249e-005, 0, 0, 0, 0, 0, 0, 0, 0.319349341, -0.120109595, -0.211162817, -0.310389705, 0.67724803, -0.666904824, -0.926635742, -0.0592041016, 0.37109375, 0.211931477, 0.733283195, 0.646094876, 0, 0, 0, 0, 0, 0, 0, 0.356005176, -0.0734466797, -0.180120264, -0.126635105, 0.447833635, -0.885017478, 0.00341796875, -0.891967773, -0.451904297, -0.991814769, -0.0602079168, 0.111347527, 0, 1, 5, 1, 
563.270418, 43, 0.1, 0.1, -0.00169867619, 0.3694868, -0.0199683136, 0.909389777, -4.71476365e-005, 0.415944987, 0.415944988, 1.40525176e-005, -0.909389777, 3.70305044e-005, 0.999999999, 3.23900389e-005, 0.909389493, -3.69720194e-005, 0.415945607, 0.415945607, 1.00942758e-006, -0.909389494, 3.32020991e-005, 0.999999999, 1.62963119e-005, 0, 0, 0, 0, 0, 0, 0, 0.321924341, -0.121327612, -0.210014258, -0.316257812, 0.675192393, -0.666377249, -0.926635742, -0.0694580078, 0.369262695, 0.202973539, 0.734350328, 0.647865195, 0, 0, 0, 0, 0, 0, 0, 0.356005176, -0.0734466797, -0.180120264, -0.130366471, 0.447895967, -0.884442553, 0.0125732422, -0.891235352, -0.453125, -0.991347753, -0.0701435248, 0.110548755, 0, 1, 5, 1, 
563.271117, 43, 0.1, 0.1, -0.00169867658, 0.369486798, -0.0199688023, 0.909391068, 3.8701191e-005, 0.415942163, 0.415942164, -1.14336395e-005, -0.909391069, -3.04387847e-005, 0.999999999, -2.64951068e-005, 0.909390809, 2.88035024e-005, 0.415942732, 0.415942732, 6.72037873e-007, -0.909390809, -2.64731696e-005, 1, -1.13694624e-005, 0, 0, 0, 0, 0, 0, 0, 0.321924341, -0.121327612, -0.210014258, -0.316257812, 0.675192393, -0.666377249, -0.926635742, -0.0694580078, 0.369262695, 0.202973539, 0.734350328, 0.647865195, 0, 0, 0, 0, 0, 0, 0, 0.357777295, -0.0749909668, -0.178982812, -0.130366471, 0.447895967, -0.884442553, 0.0125732422, -0.891235352, -0.453125, -0.991347753, -0.0701435248, 0.110548755, 0, 1, 5, 1, 
563.271821, 43, 0.1, 0.1, -0.00169867564, 0.3694868, -0.0199694137, 0.909392371, -4.11748432e-005, 0.415939314, 0.415939315, 1.12130119e-005, -0.909392372, 3.27801559e-005, 0.999999999, 2.73232636e-005, 0.909392114, -3.28694602e-005, 0.415939878, 0.415939878, -4.44753995e-008, -0.909392115, 2.9909727e-005, 0.999999999, 1.36312737e-005, 0, 0, 0, 0, 0, 0, 0, 0.321924341, -0.121327612, -0.210014258, -0.316257812, 0.675192393, -0.666377249, -0.926635742, -0.0694580078, 0.369262695, 0.202973539, 0.734350328, 0.647865195, 0, 0, 0, 0, 0, 0, 0, 0.357777295, -0.0749909668, -0.178982812, -0.130366471, 0.447895967, -0.884442553, 0.0125732422, -0.891235352, -0.453125, -0.991347753, -0.0701435248, 0.110548755, 0, 1, 5, 1, 
563.272533, 43, 0.1, 0.1, -0.00169867744, 0.369486798, -0.0199699131, 0.909393684, 4.49955368e-005, 0.415936445, 0.415936446, -1.39918977e-005, -0.909393684, -3.50989168e-005, 0.999999999, -3.14394271e-005, 0.909393424, 3.576922e-005, 0.415937012, 0.415937013, -2.45583925e-006, -0.909393425, -3.15068191e-005, 0.999999999, -1.71110666e-005, 0, 0, 0, 0, 0, 0, 0, 0.321924341, -0.121327612, -0.210014258, -0.316257812, 0.675192393, -0.666377249, -0.926635742, -0.0694580078, 0.369262695, 0.202973539, 0.734350328, 0.647865195, 0, 0, 0, 0, 0, 0, 0, 0.357777295, -0.0749909668, -0.178982812, -0.130366471, 0.447895967, -0.884442553, 0.0125732422, -0.891235352, -0.453125, -0.991347753, -0.0701435248, 0.110548755, 0, 1, 5, 1, 
563.273235, 43, 0.1, 0.1, -0.00169867767, 0.3694868, -0.0199701883, 0.909394974, -3.53439852e-005, 0.415933624, 0.415933625, 1.02063418e-005, -0.909394975, 2.78964818e-005, 0.999999999, 2.39823478e-005, 0.909394708, -2.59536314e-005, 0.415934207, 0.415934207, -1.59108266e-006, -0.909394708, 2.42638808e-005, 1, 9.34808096e-006, 0, 0, 0, 0, 0, 0, 0, 0.321924341, -0.121327612, -0.210014258, -0.316257812, 0.675192393, -0.666377249, -0.926635742, -0.0694580078, 0.369262695, 0.202973539, 0.734350328, 0.647865195, 0, 0, 0, 0, 0, 0, 0, 0.357777295, -0.0749909668, -0.178982812, -0.130366471, 0.447895967, -0.884442553, 0.0125732422, -0.891235352, -0.453125, -0.991347753, -0.0701435248, 0.110548755, 0, 1, 5, 1, 
563.27393, 43, 0.1, 0.1, -0.00169867948, 0.369486798, -0.0199702283, 0.909396246, 4.19392537e-005, 0.415930843, 0.415930844, -1.24097942e-005, -0.909396246, -3.29777837e-005, 0.999999999, -2.87292494e-005, 0.909395992, 3.38684487e-005, 0.415931399, 0.415931399, -1.44410909e-006, -0.909395993, -3.01991812e-005, 0.999999999, -1.54002183e-005, 0, 0, 0, 0, 0, 0, 0, 0.321924341, -0.121327612, -0.210014258, -0.316257812, 0.675192393, -0.666377249, -0.926635742, -0.0694580078, 0.369262695, 0.202973539, 0.734350328, 0.647865195, 0, 0, 0, 0, 0, 0, 0, 0.357777295, -0.0749909668, -0.178982812, -0.130366471, 0.447895967, -0.884442553, 0.0125732422, -0.891235352, -0.453125, -0.991347753, -0.0701435248, 0.110548755, 0, 1, 5, 1, 
563.274631, 43, 0.1, 0.1, -0.00169867866, 0.3694868, -0.0199700517, 0.909397521, -4.13730618e-005, 0.415928055, 0.415928055, 1.24407249e-005, -0.909397522, 3.24501134e-005, 0.999999999, 2.85217815e-005, 0.909397267, -3.23224663e-005, 0.415928611, 0.415928612, 9.77012442e-007, -0.909397267, 2.89875951e-005, 0.999999999, 1.4332331e-005, 0, 0, 0, 0, 0, 0, 0, 0.321924341, -0.121327612, -0.210014258, -0.316257812, 0.675192393, -0.666377249, -0.926635742, -0.0694580078, 0.369262695, 0.202973539, 0.734350328, 0.647865195, 0, 0, 0, 0, 0, 0, 0, 0.357777295, -0.0749909668, -0.178982812, -0.130366471, 0.447895967, -0.884442553, 0.0125732422, -0.891235352, -0.453125, -0.991347753, -0.0701435248, 0.110548755, 0, 1, 5, 1, 
563.275346, 43, 0.1, 0.1, -0.00169867984, 0.369486798, -0.0199696474, 0.90939882, 4.00649628e-005, 0.415925215, 0.415925216, -1.3083975e-005, -0.90939882, -3.09930748e-005, 0.999999999, -2.85625797e-005, 0.909398557, 3.1491546e-005, 0.41592579, 0.41592579, -1.4814494e-006, -0.909398558, -2.80221935e-005, 1, -1.44453741e-005, 0, 0, 0, 0, 0, 0, 0, 0.323760156, -0.122018945, -0.209840308, -0.323653983, 0.674817586, -0.663126798, -0.925415039, -0.0798339844, 0.370239258, 0.196853054, 0.733544548, 0.650440173, 0, 0, 0, 0, 0, 0, 0, 0.357777295, -0.0749909668, -0.178982812, -0.130366471, 0.447895967, -0.884442553, 0.0125732422, -0.891235352, -0.453125, -0.991347753, -0.0701435248, 0.110548755, 0, 1, 5, 1, 
563.276057, 43, 0.1, 0.1, -0.00169867857, 0.3694868, -0.019968923, 0.909400116, -4.47091808e-005, 0.415922381, 0.415922382, 1.23128332e-005, -0.909400116, 3.55373513e-005, 0.999999999, 2.97928409e-005, 0.909399861, -3.56824283e-005, 0.41592294, 0.41592294, 3.78048946e-007, -0.909399861, 3.22923561e-005, 0.999999999, 1.51849381e-005, 0, 0, 0, 0, 0, 0, 0, 0.323760156, -0.122018945, -0.209840308, -0.323653983, 0.674817586, -0.663126798, -0.925415039, -0.0798339844, 0.370239258, 0.196853054, 0.733544548, 0.650440173, 0, 0, 0, 0, 0, 0, 0, 0.358995264, -0.0762521973, -0.178431348, -0.135861259, 0.448795352, -0.883209213, 0.0205078125, -0.889892578, -0.455322266, -0.990452366, -0.0798684125, 0.111660326, 0, 1, 5, 1, 
563.276756, 43, 0.1, 0.1, -0.00169867938, 0.369486798, -0.0199684304, 0.909401392, 4.00819411e-005, 0.415919591, 0.415919591, -1.1994362e-005, -0.909401393, -3.1461883e-005, 0.999999999, -2.7578554e-005, 0.909401136, 3.08890334e-005, 0.415920153, 0.415920153, -1.76273788e-007, -0.909401136, -2.80172063e-005, 1, -1.30076751e-005, 0, 0, 0, 0, 0, 0, 0, 0.323760156, -0.122018945, -0.209840308, -0.323653983, 0.674817586, -0.663126798, -0.925415039, -0.0798339844, 0.370239258, 0.196853054, 0.733544548, 0.650440173, 0, 0, 0, 0, 0, 0, 0, 0.358995264, -0.0762521973, -0.178431348, -0.135861259, 0.448795352, -0.883209213, 0.0205078125, -0.889892578, -0.455322266, -0.990452366, -0.0798684125, 0.111660326, 0, 1, 5, 1, 
563.277459, 43, 0.1, 0.1, -0.00169867794, 0.369486799, -0.0199682774, 0.909402677, -4.5544092e-005, 0.415916782, 0.415916783, 1.44033835e-005, -0.909402677, 3.54273103e-005, 0.999999999, 3.20410278e-005, 0.909402422, -3.65779246e-005, 0.41591734, 0.415917341, 2.44311675e-006, -0.909402422, 3.22479186e-005, 0.999999999, 1.74351694e-005, 0, 0, 0, 0, 0, 0, 0, 0.323760156, -0.122018945, -0.209840308, -0.323653983, 0.674817586, -0.663126798, -0.925415039, -0.0798339844, 0.370239258, 0.196853054, 0.733544548, 0.650440173, 0, 0, 0, 0, 0, 0, 0, 0.358995264, -0.0762521973, -0.178431348, -0.135861259, 0.448795352, -0.883209213, 0.0205078125, -0.889892578, -0.455322266, -0.990452366, -0.0798684125, 0.111660326, 0, 1, 5, 1, 
563.278158, 43, 0.1, 0.1, -0.00169867881, 0.369486797, -0.0199684559, 0.909403962, 4.11946032e-005, 0.415913971, 0.415913972, -1.07016808e-005, -0.909403963, -3.30115568e-005, 0.999999999, -2.6865562e-005, 0.909403706, 3.17114798e-005, 0.415914533, 0.415914533, 1.23019985e-006, -0.909403707, -2.93501953e-005, 0.999999999, -1.2070517e-005, 0, 0, 0, 0, 0, 0, 0, 0.323760156, -0.122018945, -0.209840308, -0.323653983, 0.674817586, -0.663126798, -0.925415039, -0.0798339844, 0.370239258, 0.196853054, 0.733544548, 0.650440173, 0, 0, 0, 0, 0, 0, 0, 0.358995264, -0.0762521973, -0.178431348, -0.135861259, 0.448795352, -0.883209213, 0.0205078125, -0.889892578, -0.455322266, -0.990452366, -0.0798684125, 0.111660326, 0, 1, 5, 1, 
563.278862, 43, 0.1, 0.1, -0.00169867797, 0.369486798, -0.0199688912, 0.909405258, -4.17270431e-005, 0.415911139, 0.41591114, 1.32806972e-005, -0.909405258, 3.24232026e-005, 0.999999999, 2.94322779e-005, 0.909404997, -3.27121438e-005, 0.415911709, 0.41591171, 1.52262621e-006, -0.909404998, 2.91153089e-005, 0.999999999, 1.49900475e-005, 0, 0, 0, 0, 0, 0, 0, 0.323760156, -0.122018945, -0.209840308, -0.323653983, 0.674817586, -0.663126798, -0.925415039, -0.0798339844, 0.370239258, 0.196853054, 0.733544548, 0.650440173, 0, 0, 0, 0, 0, 0, 0, 0.358995264, -0.0762521973, -0.178431348, -0.135861259, 0.448795352, -0.883209213, 0.0205078125, -0.889892578, -0.455322266, -0.990452366, -0.0798684125, 0.111660326, 0, 1, 5, 1, 
563.279562, 43, 0.1, 0.1, -0.00169867934, 0.369486796, -0.0199694584, 0.909406544, 4.24987216e-005, 0.415908326, 0.415908326, -1.16049836e-005, -0.909406545, -3.38220063e-005, 0.999999999, -2.82292203e-005, 0.909406289, 3.34144452e-005, 0.415908885, 0.415908886, 7.5724477e-009, -0.909406289, -3.03904561e-005, 0.999999999, -1.38904782e-005, 0, 0, 0, 0, 0, 0, 0, 0.323760156, -0.122018945, -0.209840308, -0.323653983, 0.674817586, -0.663126798, -0.925415039, -0.0798339844, 0.370239258, 0.196853054, 0.733544548, 0.650440173, 0, 0, 0, 0, 0, 0, 0, 0.358995264, -0.0762521973, -0.178431348, -0.135861259, 0.448795352, -0.883209213, 0.0205078125, -0.889892578, -0.455322266, -0.990452366, -0.0798684125, 0.111660326, 0, 1, 5, 1, 
563.280277, 43, 0.1, 0.1, -0.00169867878, 0.369486797, -0.01996998, 0.909407855, -3.89903901e-005, 0.415905461, 0.415905462, 1.27135987e-005, -0.909407855, 3.01705119e-005, 0.999999999, 2.77781628e-005, 0.909407565, -2.9053242e-005, 0.415906096, 0.415906096, 1.21318414e-007, -0.909407565, 2.6370781e-005, 1, 1.21937483e-005, 0, 0, 0, 0, 0, 0, 0, 0.323760156, -0.122018945, -0.209840308, -0.330028326, 0.673491344, -0.661393549, -0.924438477, -0.0888671875, 0.370727539, 0.190941502, 0.733754604, 0.652019532, 0, 0, 0, 0, 0, 0, 0, 0.358995264, -0.0762521973, -0.178431348, -0.135861259, 0.448795352, -0.883209213, 0.0205078125, -0.889892578, -0.455322266, -0.990452366, -0.0798684125, 0.111660326, 0, 1, 5, 1, 
563.280986, 43, 0.1, 0.1, -0.00169868029, 0.369486795, -0.0199700228, 0.909409151, 4.19611853e-005, 0.415902625, 0.415902626, -1.16018021e-005, -0.909409152, -3.3334666e-005, 0.999999999, -2.80025522e-005, 0.909408897, 3.3474983e-005, 0.415903183, 0.415903183, -1.43531788e-007, -0.909408897, -3.03827521e-005, 0.999999999, -1.40528811e-005, 0, 0, 0, 0, 0, 0, 0, 0.325425586, -0.123202295, -0.209300439, -0.330028326, 0.673491344, -0.661393549, -0.924438477, -0.0888671875, 0.370727539, 0.190941502, 0.733754604, 0.652019532, 0, 0, 0, 0, 0, 0, 0, 0.360340918, -0.0780355957, -0.177523486, -0.139375343, 0.448059279, -0.88295365, 0.0278320313, -0.889526367, -0.455810547, -0.989717026, -0.0880467957, 0.111564444, 0, 1, 5, 1, 
563.281698, 43, 0.1, 0.1, -0.00169867944, 0.369486797, -0.0199697726, 0.909410451, -4.15666033e-005, 0.415899784, 0.415899785, 1.20143938e-005, -0.909410451, 3.28043196e-005, 0.999999999, 2.82135566e-005, 0.909410194, -3.27075696e-005, 0.415900347, 0.415900347, 6.7064593e-007, -0.909410194, 2.94656754e-005, 0.999999999, 1.42129818e-005, 0, 0, 0, 0, 0, 0, 0, 0.325425586, -0.123202295, -0.209300439, -0.330028326, 0.673491344, -0.661393549, -0.924438477, -0.0888671875, 0.370727539, 0.190941502, 0.733754604, 0.652019532, 0, 0, 0, 0, 0, 0, 0, 0.360340918, -0.0780355957, -0.177523486, -0.139375343, 0.448059279, -0.88295365, 0.0278320313, -0.889526367, -0.455810547, -0.989717026, -0.0880467957, 0.111564444, 0, 1, 5, 1, 
563.282405, 43, 0.1, 0.1, -0.0016986807, 0.369486795, -0.0199693648, 0.909411737, 4.13584871e-005, 0.415896971, 0.415896972, -1.37958294e-005, -0.909411737, -3.18742499e-005, 0.999999999, -2.97469587e-005, 0.909411479, 3.25469851e-005, 0.415897536, 0.415897536, -2.03985913e-006, -0.90941148, -2.87502295e-005, 0.999999999, -1.53912822e-005, 0, 0, 0, 0, 0, 0, 0, 0.325425586, -0.123202295, -0.209300439, -0.330028326, 0.673491344, -0.661393549, -0.924438477, -0.0888671875, 0.370727539, 0.190941502, 0.733754604, 0.652019532, 0, 0, 0, 0, 0, 0, 0, 0.360340918, -0.0780355957, -0.177523486, -0.139375343, 0.448059279, -0.88295365, 0.0278320313, -0.889526367, -0.455810547, -0.989717026, -0.0880467957, 0.111564444, 0, 1, 5, 1, 
563.283133, 43, 0.1, 0.1, -0.00169867902, 0.369486797, -0.0199687577, 0.909413066, -4.71234868e-005, 0.415894065, 0.415894066, 1.32732677e-005, -0.909413067, 3.73344414e-005, 0.999999999, 3.16692616e-005, 0.909412807, -3.83906227e-005, 0.415894632, 0.415894632, 1.4077581e-006, -0.909412808, 3.4327445e-005, 0.999999999, 1.72466872e-005, 0, 0, 0, 0, 0, 0, 0, 0.327118848, -0.124610229, -0.208765332, -0.335838023, 0.672146006, -0.659761771, -0.923583984, -0.09765625, 0.370605469, 0.184693335, 0.733844092, 0.653738555, 0, 0, 0, 0, 0, 0, 0, 0.361846826, -0.0791731934, -0.176605615, -0.143886158, 0.447501844, -0.882589446, 0.0366210938, -0.888793945, -0.456665039, -0.988840962, -0.0979248013, 0.111602723, 0, 1, 5, 1, 
563.283836, 43, 0.1, 0.1, -0.00169867963, 0.369486795, -0.0199681759, 0.909414358, 4.0471897e-005, 0.415891241, 0.415891241, -1.22520338e-005, -0.909414358, -3.17102107e-005, 0.999999999, -2.79740829e-005, 0.909414102, 3.09362675e-005, 0.4158918, 0.4158918, -2.35459647e-007, -0.909414103, -2.80359522e-005, 1, -1.30802703e-005, 0, 0, 0, 0, 0, 0, 0, 0.327118848, -0.124610229, -0.208765332, -0.335838023, 0.672146006, -0.659761771, -0.923583984, -0.09765625, 0.370605469, 0.184693335, 0.733844092, 0.653738555, 0, 0, 0, 0, 0, 0, 0, 0.361846826, -0.0791731934, -0.176605615, -0.143886158, 0.447501844, -0.882589446, 0.0366210938, -0.888793945, -0.456665039, -0.988840962, -0.0979248013, 0.111602723, 0, 1, 5, 1, 
563.284553, 43, 0.1, 0.1, -0.00169867817, 0.369486796, -0.0199679865, 0.909415676, -4.51510447e-005, 0.415888358, 0.415888359, 1.40784647e-005, -0.909415676, 3.52059983e-005, 0.999999999, 3.15809704e-005, 0.909415393, -3.54986863e-005, 0.415888979, 0.415888979, 9.77748676e-007, -0.909415393, 3.18764168e-005, 0.999999999, 1.56526921e-005, 0, 0, 0, 0, 0, 0, 0, 0.327118848, -0.124610229, -0.208765332, -0.335838023, 0.672146006, -0.659761771, -0.923583984, -0.09765625, 0.370605469, 0.184693335, 0.733844092, 0.653738555, 0, 0, 0, 0, 0, 0, 0, 0.361846826, -0.0791731934, -0.176605615, -0.143886158, 0.447501844, -0.882589446, 0.0366210938, -0.888793945, -0.456665039, -0.988840962, -0.0979248013, 0.111602723, 0, 1, 5, 1, 
563.285278, 43, 0.1, 0.1, -0.00169867955, 0.369486794, -0.0199678308, 0.909417019, 4.55995046e-005, 0.415885422, 0.415885423, -1.21791729e-005, -0.909417019, -3.64038251e-005, 0.999999999, -3.00401163e-005, 0.909416751, 3.56600961e-005, 0.415886008, 0.415886008, 5.47553143e-007, -0.909416752, -3.26576084e-005, 0.999999999, -1.4332581e-005, 0, 0, 0, 0, 0, 0, 0, 0.327118848, -0.124610229, -0.208765332, -0.335838023, 0.672146006, -0.659761771, -0.923583984, -0.09765625, 0.370605469, 0.184693335, 0.733844092, 0.653738555, 0, 0, 0, 0, 0, 0, 0, 0.361846826, -0.0791731934, -0.176605615, -0.143886158, 0.447501844, -0.882589446, 0.0366210938, -0.888793945, -0.456665039, -0.988840962, -0.0979248013, 0.111602723, 0, 1, 5, 1, 
563.285976, 43, 0.1, 0.1, -0.00169867922, 0.369486795, -0.0199681327, 0.90941832, -4.02156029e-005, 0.415882577, 0.415882577, 1.24673499e-005, -0.90941832, 3.13878525e-005, 0.999999999, 2.8063005e-005, 0.909418059, -3.09002333e-005, 0.415883148, 0.415883148, 5.93361919e-007, -0.90941806, 2.7854461e-005, 1, 1.33905004e-005, 0, 0, 0, 0, 0, 0, 0, 0.327118848, -0.124610229, -0.208765332, -0.335838023, 0.672146006, -0.659761771, -0.923583984, -0.09765625, 0.370605469, 0.184693335, 0.733844092, 0.653738555, 0, 0, 0, 0, 0, 0, 0, 0.361846826, -0.0791731934, -0.176605615, -0.143886158, 0.447501844, -0.882589446, 0.0366210938, -0.888793945, -0.456665039, -0.988840962, -0.0979248013, 0.111602723, 0, 1, 5, 1, 
563.286683, 43, 0.1, 0.1, -0.00169868101, 0.369486794, -0.0199687333, 0.909419636, 4.53384144e-005, 0.415879698, 0.415879699, -1.30023831e-005, -0.909419637, -3.58242172e-005, 0.999999999, -3.06799486e-005, 0.909419376, 3.62531307e-005, 0.415880269, 0.415880269, -1.07384197e-006, -0.909419376, -3.25227098e-005, 0.999999999, -1.60535344e-005, 0, 0, 0, 0, 0, 0, 0, 0.327118848, -0.124610229, -0.208765332, -0.335838023, 0.672146006, -0.659761771, -0.923583984, -0.09765625, 0.370605469, 0.184693335, 0.733844092, 0.653738555, 0, 0, 0, 0, 0, 0, 0, 0.361846826, -0.0791731934, -0.176605615, -0.143886158, 0.447501844, -0.882589446, 0.0366210938, -0.888793945, -0.456665039, -0.988840962, -0.0979248013, 0.111602723, 0, 1, 5, 1, 
563.287416, 43, 0.1, 0.1, -0.00169868027, 0.369486795, -0.0199694096, 0.909421, -4.21912321e-005, 0.415876717, 0.415876717, 1.38194995e-005, -0.909421, 3.26223844e-005, 0.999999999, 3.01140942e-005, 0.90942069, -3.08028355e-005, 0.415877395, 0.415877396, 1.14390838e-007, -0.90942069, 2.79651633e-005, 1, 1.29142324e-005, 0, 0, 0, 0, 0, 0, 0, 0.327118848, -0.124610229, -0.208765332, -0.335838023, 0.672146006, -0.659761771, -0.923583984, -0.09765625, 0.370605469, 0.184693335, 0.733844092, 0.653738555, 0, 0, 0, 0, 0, 0, 0, 0.361846826, -0.0791731934, -0.176605615, -0.143886158, 0.447501844, -0.882589446, 0.0366210938, -0.888793945, -0.456665039, -0.988840962, -0.0979248013, 0.111602723, 0, 1, 5, 1, 
563.288147, 43, 0.1, 0.1, -0.00169868142, 0.369486793, -0.0199695911, 0.909422367, 4.06900319e-005, 0.415873727, 0.415873728, -1.35702199e-005, -0.909422367, -3.13609272e-005, 0.999999999, -2.92629768e-005, 0.909422073, 3.09566339e-005, 0.415874371, 0.415874371, -5.66063593e-007, -0.909422073, -2.79172349e-005, 1, -1.33888614e-005, 0, 0, 0, 0, 0, 0, 0, 0.329302783, -0.126044653, -0.207613354, -0.340715382, 0.67025512, -0.659151821, -0.923217773, -0.106323242, 0.369018555, 0.177308766, 0.734390763, 0.655248643, 0, 0, 0, 0, 0, 0, 0, 0.361846826, -0.0791731934, -0.176605615, -0.143886158, 0.447501844, -0.882589446, 0.0366210938, -0.888793945, -0.456665039, -0.988840962, -0.0979248013, 0.111602723, 0, 1, 5, 1, 
