time, trialNum, realDorsalTactorPos, realVentralTactorPos, boxPosX, boxPosY, boxPosZ, boxLocalRot_11, boxLocalRot_12, boxLocalRot_13, boxLocalRot_21, boxLocalRot_22, boxLocalRot_23, boxLocalRot_31, boxLocalRot_32, boxLocalRot_33, boxGlobalRot_11, boxGlobalRot_12, boxGlobalRot_13, boxGlobalRot_21, boxGlobalRot_22, boxGlobalRot_23, boxGlobalRot_31, boxGlobalRot_32, boxGlobalRot_33, indexForceX, indexForceY, indexForceZ, indexForceGlobalX, indexForceGlobalY, indexForceGlobalZ, indexContact, indexPosX, indexPosY, indexPosZ, indexRot_11, indexRot_12, indexRot_13, indexRot_21, indexRot_22, indexRot_23, indexRot_31, indexRot_32, indexRot_33, thumbForceX, thumbForceY, thumbForceZ, thumbForceGlobalX, thumbForceGlobalY, thumbForceGlobalZ, thumbContact, thumbPosX, thumbPosY, thumbPosZ, thumbRot_11, thumbRot_12, thumbRot_13, thumbRot_21, thumbRot_22, thumbRot_23, thumbRot_31, thumbRot_32, thumbRot_33, manipForceTooHigh, cceExpType, mapping, trialSuccess, 
572.956536, 45, 0.1, 0.1, 0.0115456604, 0.364250494, -0.0199743222, 0.985612186, 0.16902254, -1.35568405e-005, 0.169022539, -0.985612186, -1.87269327e-005, -1.65270609e-005, 1.61660815e-005, -1, 0.98561216, 0.169022691, -1.848648e-005, 0.169022691, -0.98561216, 1.31152067e-006, -1.79988227e-005, -4.41728531e-006, -1, 0, 0, 0, 0, 0, 0, 0, 0.24024353, -0.0642803467, -0.236602563, 0.0597963448, 0.571468459, -0.818437782, -0.934082031, 0.321044922, 0.155761719, 0.351788413, 0.755227894, 0.553177369, 0, -0, 0, 0, 0, 0, 0, 0.291981152, -0.00883691406, -0.206743164, 0.106079437, 0.402556392, -0.909216142, -0.456665039, -0.792358398, -0.404174805, -0.883153986, 0.458162683, 0.0998439269, 0, 1, 5, 1, 
572.967744, 45, 0.1, 0.1, 0.0115456585, 0.364250488, -0.0199682315, 0.985610195, 0.169034148, 1.43436182e-005, 0.169034148, -0.985610195, -2.14714032e-005, 1.0507816e-005, 2.35869952e-005, -1, 0.985610216, 0.169034029, 9.15120308e-006, 0.169034029, -0.985610215, -2.21930478e-005, 5.26813896e-006, 2.34205593e-005, -1, 0, 0, 0, 0, 0, 0, 0, 0.257660815, -0.0826262207, -0.231860132, 0.0839383078, 0.574783311, -0.813949839, -0.94543457, 0.303833008, 0.11706543, 0.31459488, 0.759770143, 0.569027868, 0, -0, 0, 0, 0, 0, 0, 0.306253076, -0.0271258301, -0.203583154, 0.116798858, 0.371986143, -0.920729272, -0.427246094, -0.817993164, -0.384765625, -0.896388227, 0.438379354, 0.0634066904, 0, 1, 5, 1, 
572.968439, 45, 0.1, 0.1, 0.011545657, 0.36425049, -0.0199739997, 0.985610096, 0.169034726, 5.09947461e-006, 0.169034726, -0.985610096, 7.11231165e-006, 6.22832131e-006, -6.14797787e-006, -1, 0.985610113, 0.169034625, -8.21099127e-006, 0.169034625, -0.985610113, 1.29033914e-005, -5.91171611e-006, -1.41056549e-005, -1, 0, 0, 0, 0, 0, 0, 0, 0.257660815, -0.0826262207, -0.231860132, 0.0839383078, 0.574783311, -0.813949839, -0.94543457, 0.303833008, 0.11706543, 0.31459488, 0.759770143, 0.569027868, 0, -0, 0, 0, 0, 0, 0, 0.306253076, -0.0271258301, -0.203583154, 0.116798858, 0.371986143, -0.920729272, -0.427246094, -0.817993164, -0.384765625, -0.896388227, 0.438379354, 0.0634066904, 0, 1, 5, 1, 
572.969133, 45, 0.1, 0.1, 0.0115456564, 0.364250488, -0.0199781074, 0.985610047, 0.16903501, -4.68383818e-006, 0.16903501, -0.985610047, 4.49924904e-006, -3.85590737e-006, -5.22623769e-006, -1, 0.985610053, 0.169034978, -5.76092425e-006, 0.169034977, -0.985610053, -9.89156736e-006, -7.35004572e-006, 8.77543053e-006, -1, 0, 0, 0, 0, 0, 0, 0, 0.257660815, -0.0826262207, -0.231860132, 0.0839383078, 0.574783311, -0.813949839, -0.94543457, 0.303833008, 0.11706543, 0.31459488, 0.759770143, 0.569027868, 0, -0, 0, 0, 0, 0, 0, 0.306253076, -0.0271258301, -0.203583154, 0.116798858, 0.371986143, -0.920729272, -0.427246094, -0.817993164, -0.384765625, -0.896388227, 0.438379354, 0.0634066904, 0, 1, 5, 1, 
572.969827, 45, 0.1, 0.1, 0.0115456559, 0.364250489, -0.0199795066, 0.985610039, 0.169035061, -4.73450141e-006, 0.169035061, -0.985610039, -1.36162847e-005, -6.96800163e-006, 1.26200501e-005, -1, 0.98561004, 0.169035053, -2.63615923e-006, 0.169035053, -0.98561004, -7.47773226e-006, -3.86222387e-006, 6.92452468e-006, -1, 0, 0, 0, 0, 0, 0, 0, 0.257660815, -0.0826262207, -0.231860132, 0.0839383078, 0.574783311, -0.813949839, -0.94543457, 0.303833008, 0.11706543, 0.31459488, 0.759770143, 0.569027868, 0, -0, 0, 0, 0, 0, 0, 0.306253076, -0.0271258301, -0.203583154, 0.116798858, 0.371986143, -0.920729272, -0.427246094, -0.817993164, -0.384765625, -0.896388227, 0.438379354, 0.0634066904, 0, 1, 5, 1, 
572.970521, 45, 0.1, 0.1, 0.0115456551, 0.364250491, -0.0199779423, 0.985610017, 0.169035189, -9.00716217e-006, 0.169035189, -0.985610016, 1.39569482e-005, -6.51833387e-006, -1.52786353e-005, -1, 0.985610024, 0.169035145, 1.27522574e-006, 0.169035145, -0.985610024, 1.67884079e-005, 4.09470624e-006, -1.63312652e-005, -1, 0, 0, 0, 0, 0, 0, 0, 0.257660815, -0.0826262207, -0.231860132, 0.0839383078, 0.574783311, -0.813949839, -0.94543457, 0.303833008, 0.11706543, 0.31459488, 0.759770143, 0.569027868, 0, -0, 0, 0, 0, 0, 0, 0.306253076, -0.0271258301, -0.203583154, 0.116798858, 0.371986143, -0.920729272, -0.427246094, -0.817993164, -0.384765625, -0.896388227, 0.438379354, 0.0634066904, 0, 1, 5, 1, 
572.971221, 45, 0.1, 0.1, 0.0115456545, 0.36425049, -0.0199740518, 0.985609953, 0.169035558, 4.38990726e-006, 0.169035558, -0.985609953, -2.43271232e-006, 3.9155214e-006, 3.1397559e-006, -1, 0.985609969, 0.169035468, 1.10743235e-005, 0.169035468, -0.985609969, -1.16193209e-005, 8.95088633e-006, 1.3324072e-005, -1, 0, 0, 0, 0, 0, 0, 0, 0.257660815, -0.0826262207, -0.231860132, 0.0881559241, 0.577784392, -0.811339296, -0.946777344, 0.301513672, 0.111816406, 0.309230381, 0.758429675, 0.57380526, 0, -0, 0, 0, 0, 0, 0, 0.306253076, -0.0271258301, -0.203583154, 0.116798858, 0.371986143, -0.920729272, -0.427246094, -0.817993164, -0.384765625, -0.896388227, 0.438379354, 0.0634066904, 0, 1, 5, 1, 
572.971938, 45, 0.1, 0.1, 0.0115456521, 0.364250493, -0.0199686829, 0.985609888, 0.169035938, 9.47647019e-006, 0.169035938, -0.985609888, -8.04652987e-006, 7.97995e-006, 9.53260343e-006, -1, 0.985609896, 0.169035892, 2.12723639e-006, 0.169035892, -0.985609896, 1.18995411e-005, 4.10807478e-006, -1.13687261e-005, -1, 0, 0, 0, 0, 0, 0, 0, 0.26053894, -0.0860488037, -0.23148894, 0.0881559241, 0.577784392, -0.811339296, -0.946777344, 0.301513672, 0.111816406, 0.309230381, 0.758429675, 0.57380526, 0, -0, 0, 0, 0, 0, 0, 0.308612451, -0.0306323242, -0.203154883, 0.119335165, 0.367129713, -0.922410671, -0.422607422, -0.821777344, -0.381835937, -0.898331019, 0.435536812, 0.0572155754, 0, 1, 5, 1, 
572.972919, 45, 0.1, 0.1, 0.0115456495, 0.364250491, -0.0199600824, 0.985609902, 0.169035856, 2.21283032e-005, 0.169035856, -0.985609902, -1.29977559e-005, 1.9612788e-005, 1.65511936e-005, -1, 0.985609892, 0.169035915, -1.17332201e-005, 0.169035915, -0.985609892, 2.65456496e-007, -1.15195062e-005, -2.24497215e-006, -1, 0, 0, 0, 0, 0, 0, 0, 0.26053894, -0.0860488037, -0.23148894, 0.0881559241, 0.577784392, -0.811339296, -0.946777344, 0.301513672, 0.111816406, 0.309230381, 0.758429675, 0.57380526, 0, -0, 0, 0, 0, 0, 0, 0.308612451, -0.0306323242, -0.203154883, 0.119335165, 0.367129713, -0.922410671, -0.422607422, -0.821777344, -0.381835937, -0.898331019, 0.435536812, 0.0572155754, 0, 1, 5, 1, 
572.974045, 45, 0.1, 0.1, 0.0115456462, 0.364250491, -0.0199476505, 0.985609876, 0.16903601, -1.48243198e-005, 0.169036009, -0.985609876, -1.59241165e-005, -1.73027451e-005, 1.31891226e-005, -1, 0.985609894, 0.169035903, -3.1382057e-005, 0.169035903, -0.985609894, -2.07395773e-005, -3.4436199e-005, 1.51364383e-005, -0.999999999, 0, 0, 0, 0, 0, 0, 0, 0.26053894, -0.0860488037, -0.23148894, 0.0881559241, 0.577784392, -0.811339296, -0.946777344, 0.301513672, 0.111816406, 0.309230381, 0.758429675, 0.57380526, 0, -0, 0, 0, 0, 0, 0, 0.308612451, -0.0306323242, -0.203154883, 0.119335165, 0.367129713, -0.922410671, -0.422607422, -0.821777344, -0.381835937, -0.898331019, 0.435536812, 0.0572155754, 0, 1, 5, 1, 
572.975143, 45, 0.1, 0.1, 0.0115456467, 0.364250494, -0.0199386887, 0.985609826, 0.169036294, -3.88472034e-005, 0.169036295, -0.985609827, 1.45317492e-005, -3.58317924e-005, -2.08892221e-005, -0.999999999, 0.985609819, 0.169036343, -2.11125517e-005, 0.169036342, -0.985609819, -1.29990692e-005, -2.30060534e-005, 9.2432217e-006, -1, 0, 0, 0, 0, 0, 0, 0, 0.26053894, -0.0860488037, -0.23148894, 0.0881559241, 0.577784392, -0.811339296, -0.946777344, 0.301513672, 0.111816406, 0.309230381, 0.758429675, 0.57380526, 0, -0, 0, 0, 0, 0, 0, 0.308612451, -0.0306323242, -0.203154883, 0.119335165, 0.367129713, -0.922410671, -0.422607422, -0.821777344, -0.381835937, -0.898331019, 0.435536812, 0.0572155754, 0, 1, 5, 1, 
572.976259, 45, 0.1, 0.1, 0.0115456477, 0.364250498, -0.0199368016, 0.985609874, 0.169036018, -3.19831626e-005, 0.169036018, -0.985609874, 1.30598319e-005, -2.93153389e-005, -1.82782057e-005, -0.999999999, 0.985609879, 0.169035991, 2.06703604e-005, 0.169035991, -0.985609879, 2.43011207e-005, 2.44806754e-005, -2.04573898e-005, -0.999999999, 0, 0, 0, 0, 0, 0, 0, 0.26053894, -0.0860488037, -0.23148894, 0.0930647443, 0.580360492, -0.808988983, -0.948486328, 0.298828125, 0.105102539, 0.302767672, 0.757527293, 0.578500276, 0, -0, 0, 0, 0, 0, 0, 0.308612451, -0.0306323242, -0.203154883, 0.119335165, 0.367129713, -0.922410671, -0.422607422, -0.821777344, -0.381835937, -0.898331019, 0.435536812, 0.0572155754, 0, 1, 5, 1, 
572.977385, 45, 0.1, 0.1, 0.0115456463, 0.364250497, -0.0199410918, 0.98560977, 0.169036626, 2.11454974e-005, 0.169036627, -0.98560977, -1.31259331e-005, 1.86224454e-005, 1.65114115e-005, -1, 0.985609786, 0.169036529, 3.13798889e-005, 0.169036528, -0.985609787, 1.76560702e-005, 3.39128464e-005, -1.20976481e-005, -0.999999999, 0, 0, 0, 0, 0, 0, 0, 0.26367229, -0.0897150146, -0.230908057, 0.0930647443, 0.580360492, -0.808988983, -0.948486328, 0.298828125, 0.105102539, 0.302767672, 0.757527293, 0.578500276, 0, -0, 0, 0, 0, 0, 0, 0.311410254, -0.0343999023, -0.202518262, 0.12156487, 0.361455554, -0.924347634, -0.419067383, -0.825439453, -0.377929687, -0.899692323, 0.433467521, 0.0511203424, 0, 1, 5, 1, 
572.978482, 45, 0.1, 0.1, 0.0115456433, 0.364250496, -0.0199496867, 0.9856098, 0.169036449, 3.35930724e-005, 0.169036449, -0.9856098, -8.64701671e-006, 3.16480004e-005, 1.42010381e-005, -0.999999999, 0.985609791, 0.169036501, 2.04769845e-005, 0.169036501, -0.985609792, -1.08541706e-005, 1.83475654e-005, 1.41593346e-005, -1, 0, 0, 0, 0, 0, 0, 0, 0.26367229, -0.0897150146, -0.230908057, 0.0930647443, 0.580360492, -0.808988983, -0.948486328, 0.298828125, 0.105102539, 0.302767672, 0.757527293, 0.578500276, 0, -0, 0, 0, 0, 0, 0, 0.311410254, -0.0343999023, -0.202518262, 0.12156487, 0.361455554, -0.924347634, -0.419067383, -0.825439453, -0.377929687, -0.899692323, 0.433467521, 0.0511203424, 0, 1, 5, 1, 
572.979616, 45, 0.1, 0.1, 0.0115456409, 0.364250496, -0.0199582597, 0.985609756, 0.169036706, 1.77457594e-005, 0.169036706, -0.985609756, 1.03896744e-005, 1.924663e-005, -7.24047978e-006, -1, 0.985609775, 0.1690366, -1.10833068e-005, 0.1690366, -0.985609775, -1.53853975e-005, -1.35245108e-005, 1.32905137e-005, -1, 0, 0, 0, 0, 0, 0, 0, 0.26367229, -0.0897150146, -0.230908057, 0.0930647443, 0.580360492, -0.808988983, -0.948486328, 0.298828125, 0.105102539, 0.302767672, 0.757527293, 0.578500276, 0, -0, 0, 0, 0, 0, 0, 0.31419292, -0.037929834, -0.201640088, 0.123724212, 0.356407359, -0.926054552, -0.414306641, -0.829345703, -0.374511719, -0.901551993, 0.430113852, 0.0451720307, 0, 1, 5, 1, 
572.98074, 45, 0.1, 0.1, 0.0115456406, 0.364250497, -0.0199623815, 0.985609736, 0.169036827, -9.17717299e-006, 0.169036827, -0.985609736, 7.673222e-006, -7.74805394e-006, -9.11408252e-006, -1, 0.985609729, 0.169036865, -1.94699981e-005, 0.169036865, -0.985609729, 5.62034814e-006, -1.82397735e-005, -8.83061725e-006, -1, 0, 0, 0, 0, 0, 0, 0, 0.26367229, -0.0897150146, -0.230908057, 0.0930647443, 0.580360492, -0.808988983, -0.948486328, 0.298828125, 0.105102539, 0.302767672, 0.757527293, 0.578500276, 0, -0, 0, 0, 0, 0, 0, 0.31419292, -0.037929834, -0.201640088, 0.123724212, 0.356407359, -0.926054552, -0.414306641, -0.829345703, -0.374511719, -0.901551993, 0.430113852, 0.0451720307, 0, 1, 5, 1, 
572.981848, 45, 0.1, 0.1, 0.0115456418, 0.364250498, -0.0199610111, 0.985609742, 0.169036788, -1.902442e-005, 0.169036788, -0.985609742, -1.47933042e-005, -2.12512663e-005, 1.13645979e-005, -1, 0.985609753, 0.169036728, -1.31104051e-005, 0.169036728, -0.985609753, 5.71936971e-006, -1.19549596e-005, -7.85320653e-006, -1, 0, 0, 0, 0, 0, 0, 0, 0.267011426, -0.0926735352, -0.230072803, 0.0977253164, 0.583679091, -0.80606092, -0.950439453, 0.294677734, 0.0981445313, 0.294737586, 0.756630902, 0.583721745, 0, -0, 0, 0, 0, 0, 0, 0.31419292, -0.037929834, -0.201640088, 0.123724212, 0.356407359, -0.926054552, -0.414306641, -0.829345703, -0.374511719, -0.901551993, 0.430113852, 0.0451720307, 0, 1, 5, 1, 
572.982948, 45, 0.1, 0.1, 0.0115456424, 0.364250498, -0.0199558104, 0.98560969, 0.169037094, -2.05343193e-005, 0.169037094, -0.98560969, -1.16685994e-005, -2.22112502e-005, 8.02962297e-006, -1, 0.985609691, 0.169037086, 1.48990689e-005, 0.169037086, -0.985609691, -7.60057385e-006, 1.33998878e-005, 1.00096944e-005, -1, 0, 0, 0, 0, 0, 0, 0, 0.267011426, -0.0926735352, -0.230072803, 0.0977253164, 0.583679091, -0.80606092, -0.950439453, 0.294677734, 0.0981445313, 0.294737586, 0.756630902, 0.583721745, 0, -0, 0, 0, 0, 0, 0, 0.31419292, -0.037929834, -0.201640088, 0.123724212, 0.356407359, -0.926054552, -0.414306641, -0.829345703, -0.374511719, -0.901551993, 0.430113852, 0.0451720307, 0, 1, 5, 1, 
572.984095, 45, 0.1, 0.1, 0.0115456423, 0.364250501, -0.0199485959, 0.985609744, 0.169036776, 1.38066431e-005, 0.169036775, -0.985609744, 1.80280781e-005, 1.66553702e-005, -1.5434819e-005, -1, 0.985609736, 0.169036821, 3.36750516e-005, 0.169036822, -0.985609737, -3.83785721e-006, 3.25417196e-005, 9.47495313e-006, -0.999999999, 0, 0, 0, 0, 0, 0, 0, 0.269307446, -0.0953041992, -0.230286743, 0.0992713533, 0.589160792, -0.801875887, -0.951904297, 0.290893555, 0.0958251953, 0.289672632, 0.753785215, 0.589856458, 0, -0, 0, 0, 0, 0, 0, 0.316338428, -0.0411666992, -0.20179707, 0.122906117, 0.352304858, -0.92763314, -0.411132813, -0.832641602, -0.370727539, -0.903110891, 0.427105065, 0.042674003, 0, 1, 5, 1, 
572.98519, 45, 0.1, 0.1, 0.011545639, 0.364250502, -0.0199435351, 0.985609677, 0.169037169, 3.02847198e-005, 0.169037168, -0.985609677, 2.06430098e-005, 3.33383488e-005, -1.52267069e-005, -0.999999999, 0.985609692, 0.169037078, 1.80086708e-005, 0.169037078, -0.985609693, 1.90043454e-005, 2.09619595e-005, -1.56867339e-005, -1, 0, 0, 0, 0, 0, 0, 0, 0.269307446, -0.0953041992, -0.230286743, 0.0992713533, 0.589160792, -0.801875887, -0.951904297, 0.290893555, 0.0958251953, 0.289672632, 0.753785215, 0.589856458, 0, -0, 0, 0, 0, 0, 0, 0.316338428, -0.0411666992, -0.20179707, 0.122906117, 0.352304858, -0.92763314, -0.411132813, -0.832641602, -0.370727539, -0.903110891, 0.427105065, 0.042674003, 0, 1, 5, 1, 
572.986327, 45, 0.1, 0.1, 0.0115456343, 0.364250502, -0.0199423532, 0.985609708, 0.169036987, 2.46098528e-005, 0.169036987, -0.985609708, -8.20386351e-006, 2.28689535e-005, 1.22457829e-005, -1, 0.985609688, 0.169037103, -2.73360046e-005, 0.169037103, -0.985609688, 1.31354101e-005, -2.47222593e-005, -1.75671865e-005, -1, 0, 0, 0, 0, 0, 0, 0, 0.269307446, -0.0953041992, -0.230286743, 0.0992713533, 0.589160792, -0.801875887, -0.951904297, 0.290893555, 0.0958251953, 0.289672632, 0.753785215, 0.589856458, 0, -0, 0, 0, 0, 0, 0, 0.316338428, -0.0411666992, -0.20179707, 0.122906117, 0.352304858, -0.92763314, -0.411132813, -0.832641602, -0.370727539, -0.903110891, 0.427105065, 0.042674003, 0, 1, 5, 1, 
572.987434, 45, 0.1, 0.1, 0.0115456328, 0.364250502, -0.0199450598, 0.985609708, 0.169036988, -1.49677344e-005, 0.169036988, -0.985609708, -1.52925708e-005, -1.73373545e-005, 1.25424055e-005, -1, 0.985609722, 0.169036906, -2.98164887e-005, 0.169036905, -0.985609722, -1.8000804e-005, -3.24302213e-005, 1.27016805e-005, -0.999999999, 0, 0, 0, 0, 0, 0, 0, 0.269307446, -0.0953041992, -0.230286743, 0.0992713533, 0.589160792, -0.801875887, -0.951904297, 0.290893555, 0.0958251953, 0.289672632, 0.753785215, 0.589856458, 0, -0, 0, 0, 0, 0, 0, 0.316338428, -0.0411666992, -0.20179707, 0.122906117, 0.352304858, -0.92763314, -0.411132813, -0.832641602, -0.370727539, -0.903110891, 0.427105065, 0.042674003, 0, 1, 5, 1, 
572.988424, 45, 0.1, 0.1, 0.0115456355, 0.364250504, -0.0199504802, 0.985609666, 0.169037235, -1.9636886e-005, 0.169037235, -0.985609666, 2.5558721e-006, -1.89222671e-005, -5.83845715e-006, -1, 0.985609663, 0.169037251, -9.4591292e-006, 0.169037251, -0.985609663, -1.18559795e-005, -1.13271113e-005, 1.00864228e-005, -1, 0, 0, 0, 0, 0, 0, 0, 0.272747754, -0.0979390137, -0.230274756, 0.101520577, 0.594515933, -0.797652662, -0.953979492, 0.285522461, 0.0913085938, 0.282024466, 0.751701125, 0.596232305, 0, -0, 0, 0, 0, 0, 0, 0.316338428, -0.0411666992, -0.20179707, 0.122906117, 0.352304858, -0.92763314, -0.411132813, -0.832641602, -0.370727539, -0.903110891, 0.427105065, 0.042674003, 0, 1, 5, 1, 
572.989128, 45, 0.1, 0.1, 0.0115456358, 0.364250505, -0.0199584116, 0.985609683, 0.169037136, -7.58792119e-006, 0.169037136, -0.985609683, 4.24705384e-006, -6.76081877e-006, -5.46857786e-006, -1, 0.985609683, 0.169037135, 1.13024958e-005, 0.169037135, -0.985609683, 7.39417891e-006, 1.23897401e-005, -5.37723282e-006, -1, 0, 0, 0, 0, 0, 0, 0, 0.272747754, -0.0979390137, -0.230274756, 0.101520577, 0.594515933, -0.797652662, -0.953979492, 0.285522461, 0.0913085938, 0.282024466, 0.751701125, 0.596232305, 0, -0, 0, 0, 0, 0, 0, 0.318960205, -0.044427002, -0.201761084, 0.122599148, 0.348010593, -0.929352452, -0.407226563, -0.836303711, -0.366821289, -0.904861552, 0.423585152, 0.0391792428, 0, 1, 5, 1, 
572.989816, 45, 0.1, 0.1, 0.0115456355, 0.364250505, -0.0199687315, 0.985609663, 0.169037252, 9.59988325e-006, 0.169037252, -0.985609663, -2.90595598e-006, 8.97052288e-006, 4.48687618e-006, -1, 0.985609666, 0.169037233, 1.26182428e-005, 0.169037233, -0.985609666, 6.68568679e-006, 1.3566792e-005, -4.45652468e-006, -1, 0, 0, 0, 0, 0, 0, 0, 0.272747754, -0.0979390137, -0.230274756, 0.101520577, 0.594515933, -0.797652662, -0.953979492, 0.285522461, 0.0913085938, 0.282024466, 0.751701125, 0.596232305, 0, -0, 0, 0, 0, 0, 0, 0.318960205, -0.044427002, -0.201761084, 0.122599148, 0.348010593, -0.929352452, -0.407226563, -0.836303711, -0.366821289, -0.904861552, 0.423585152, 0.0391792428, 0, 1, 5, 1, 
572.990512, 45, 0.1, 0.1, 0.0115456346, 0.364250505, -0.0199784422, 0.985609669, 0.169037216, 8.55071485e-006, 0.169037216, -0.985609669, -9.56841106e-007, 8.26592548e-006, 2.38846088e-006, -1, 0.985609667, 0.169037226, 5.15431426e-006, 0.169037226, -0.985609667, -1.58586085e-006, 4.81207245e-006, 2.43431077e-006, -1, 0, 0, 0, 0, 0, 0, 0, 0.272747754, -0.0979390137, -0.230274756, 0.101520577, 0.594515933, -0.797652662, -0.953979492, 0.285522461, 0.0913085938, 0.282024466, 0.751701125, 0.596232305, 0, -0, 0, 0, 0, 0, 0, 0.318960205, -0.044427002, -0.201761084, 0.122599148, 0.348010593, -0.929352452, -0.407226563, -0.836303711, -0.366821289, -0.904861552, 0.423585152, 0.0391792428, 0, 1, 5, 1, 
572.99121, 45, 0.1, 0.1, 0.0115456337, 0.364250506, -0.0199846857, 0.985609664, 0.169037244, 2.59866375e-006, 0.169037244, -0.985609664, 4.01537912e-006, 3.24001673e-006, -3.5183255e-006, -1, 0.985609666, 0.169037231, -3.5772995e-006, 0.169037231, -0.985609666, -1.84805639e-006, -3.8382113e-006, 1.21676544e-006, -1, 0, 0, 0, 0, 0, 0, 0, 0.272747754, -0.0979390137, -0.230274756, 0.101520577, 0.594515933, -0.797652662, -0.953979492, 0.285522461, 0.0913085938, 0.282024466, 0.751701125, 0.596232305, 0, -0, 0, 0, 0, 0, 0, 0.318960205, -0.044427002, -0.201761084, 0.122599148, 0.348010593, -0.929352452, -0.407226563, -0.836303711, -0.366821289, -0.904861552, 0.423585152, 0.0391792428, 0, 1, 5, 1, 
572.991915, 45, 0.1, 0.1, 0.0115456329, 0.364250507, -0.0199859454, 0.985609662, 0.169037256, -3.12515106e-006, 0.169037256, -0.985609662, 2.74097809e-006, -2.61685166e-006, -3.22980144e-006, -1, 0.985609661, 0.169037262, -5.63437151e-006, 0.169037262, -0.985609661, 2.51161876e-006, -5.12873384e-006, -3.42789445e-006, -1, 0, 0, 0, 0, 0, 0, 0, 0.272747754, -0.0979390137, -0.230274756, 0.101520577, 0.594515933, -0.797652662, -0.953979492, 0.285522461, 0.0913085938, 0.282024466, 0.751701125, 0.596232305, 0, -0, 0, 0, 0, 0, 0, 0.321631543, -0.0471963867, -0.201253955, 0.12320579, 0.344668217, -0.930522358, -0.402099609, -0.83984375, -0.364379883, -0.907129903, 0.419183344, 0.035128514, 0, 1, 5, 1, 
572.992605, 45, 0.1, 0.1, 0.0115456323, 0.364250507, -0.0199823852, 0.985609663, 0.16903725, -6.57348317e-006, 0.16903725, -0.985609663, -4.26939692e-006, -7.20057564e-006, 3.09679534e-006, -1, 0.985609665, 0.16903724, -5.41007626e-006, 0.16903724, -0.985609665, 1.87564928e-006, -5.01516888e-006, -2.76316241e-006, -1, 0, 0, 0, 0, 0, 0, 0, 0.272747754, -0.0979390137, -0.230274756, 0.101520577, 0.594515933, -0.797652662, -0.953979492, 0.285522461, 0.0913085938, 0.282024466, 0.751701125, 0.596232305, 0, -0, 0, 0, 0, 0, 0, 0.321631543, -0.0471963867, -0.201253955, 0.12320579, 0.344668217, -0.930522358, -0.402099609, -0.83984375, -0.364379883, -0.907129903, 0.419183344, 0.035128514, 0, 1, 5, 1, 
572.9933, 45, 0.1, 0.1, 0.0115456321, 0.364250507, -0.0199753617, 0.985609654, 0.169037305, -6.54649335e-006, 0.169037305, -0.985609654, -5.39151927e-006, -7.36365493e-006, 4.20733185e-006, -1, 0.985609654, 0.169037306, 5.52465625e-006, 0.169037306, -0.985609654, -3.73646028e-006, 4.81355336e-006, 4.61656433e-006, -1, 0, 0, 0, 0, 0, 0, 0, 0.272747754, -0.0979390137, -0.230274756, 0.101520577, 0.594515933, -0.797652662, -0.953979492, 0.285522461, 0.0913085938, 0.282024466, 0.751701125, 0.596232305, 0, -0, 0, 0, 0, 0, 0, 0.321631543, -0.0471963867, -0.201253955, 0.12320579, 0.344668217, -0.930522358, -0.402099609, -0.83984375, -0.364379883, -0.907129903, 0.419183344, 0.035128514, 0, 1, 5, 1, 
572.994006, 45, 0.1, 0.1, 0.0115456321, 0.364250508, -0.0199671457, 0.985609668, 0.169037221, 6.80625737e-006, 0.169037221, -0.985609668, 5.75051812e-006, 7.68036467e-006, -4.51725543e-006, -1, 0.985609666, 0.169037234, 1.47731393e-005, 0.169037234, -0.985609666, -3.21287689e-006, 1.4017453e-005, 5.66385312e-006, -1, 0, 0, 0, 0, 0, 0, 0, 0.27624104, -0.100347168, -0.229574121, 0.104860899, 0.59995345, -0.793092822, -0.956054688, 0.280151367, 0.0854492188, 0.273461935, 0.749356804, 0.603172797, 0, -0, 0, 0, 0, 0, 0, 0.321631543, -0.0471963867, -0.201253955, 0.12320579, 0.344668217, -0.930522358, -0.402099609, -0.83984375, -0.364379883, -0.907129903, 0.419183344, 0.035128514, 0, 1, 5, 1, 
572.994697, 45, 0.1, 0.1, 0.0115456314, 0.364250508, -0.0199605964, 0.985609651, 0.169037322, 1.55520129e-005, 0.169037322, -0.985609651, 6.84166814e-006, 1.64847112e-005, -4.11434354e-006, -1, 0.985609655, 0.169037298, 1.01757269e-005, 0.169037298, -0.985609655, 6.18506737e-006, 1.10748018e-005, -4.37598473e-006, -1, 0, 0, 0, 0, 0, 0, 0, 0.27624104, -0.100347168, -0.229574121, 0.104860899, 0.59995345, -0.793092822, -0.956054688, 0.280151367, 0.0854492188, 0.273461935, 0.749356804, 0.603172797, 0, -0, 0, 0, 0, 0, 0, 0.321631543, -0.0471963867, -0.201253955, 0.12320579, 0.344668217, -0.930522358, -0.402099609, -0.83984375, -0.364379883, -0.907129903, 0.419183344, 0.035128514, 0, 1, 5, 1, 
572.995387, 45, 0.1, 0.1, 0.0115456302, 0.364250508, -0.0199572156, 0.985609661, 0.169037264, 1.21944885e-005, 0.169037265, -0.985609661, -6.0936751e-006, 1.09889475e-005, 8.06730802e-006, -1, 0.985609655, 0.169037296, -1.02559285e-005, 0.169037296, -0.985609655, 3.50066707e-006, -9.51659883e-006, -5.18392568e-006, -1, 0, 0, 0, 0, 0, 0, 0, 0.27624104, -0.100347168, -0.229574121, 0.104860899, 0.59995345, -0.793092822, -0.956054688, 0.280151367, 0.0854492188, 0.273461935, 0.749356804, 0.603172797, 0, -0, 0, 0, 0, 0, 0, 0.321631543, -0.0471963867, -0.201253955, 0.12320579, 0.344668217, -0.930522358, -0.402099609, -0.83984375, -0.364379883, -0.907129903, 0.419183344, 0.035128514, 0, 1, 5, 1, 
572.996088, 45, 0.1, 0.1, 0.0115456294, 0.364250507, -0.0199577332, 0.98560966, 0.169037271, -7.4290073e-006, 0.169037271, -0.98560966, -8.75924798e-006, -8.80274072e-006, 7.3774203e-006, -1, 0.985609664, 0.169037242, -1.50075276e-005, 0.169037242, -0.985609665, -1.02801717e-005, -1.65292961e-005, 7.59540548e-006, -1, 0, 0, 0, 0, 0, 0, 0, 0.27624104, -0.100347168, -0.229574121, 0.107593514, 0.607135077, -0.787256915, -0.957275391, 0.276855469, 0.0825195313, 0.268085454, 0.744758772, 0.611147099, 0, -0, 0, 0, 0, 0, 0, 0.321631543, -0.0471963867, -0.201253955, 0.12320579, 0.344668217, -0.930522358, -0.402099609, -0.83984375, -0.364379883, -0.907129903, 0.419183344, 0.035128514, 0, 1, 5, 1, 
572.996796, 45, 0.1, 0.1, 0.0115456299, 0.364250508, -0.0199614224, 0.985609647, 0.169037344, -1.32186014e-005, 0.169037344, -0.985609647, 5.2121035e-006, -1.2147341e-005, -7.37153677e-006, -1, 0.985609645, 0.169037359, -5.1899073e-006, 0.169037359, -0.985609645, -5.47617505e-006, -6.04090086e-006, 4.52008272e-006, -1, 0, 0, 0, 0, 0, 0, 0, 0.279043237, -0.102673047, -0.229474854, 0.107593514, 0.607135077, -0.787256915, -0.957275391, 0.276855469, 0.0825195313, 0.268085454, 0.744758772, 0.611147099, 0, -0, 0, 0, 0, 0, 0, 0.323545508, -0.0498524902, -0.201337451, 0.122266293, 0.342680583, -0.931365973, -0.398803711, -0.842285156, -0.362304687, -0.908701561, 0.415905868, 0.0338124194, 0, 1, 5, 1, 
572.997491, 45, 0.1, 0.1, 0.0115456301, 0.364250509, -0.0199672632, 0.985609661, 0.169037264, -7.32361309e-006, 0.169037264, -0.985609661, 4.94928265e-006, -6.38161062e-006, -6.11602431e-006, -1, 0.985609661, 0.169037263, 8.07770199e-006, 0.169037263, -0.985609661, 7.89764102e-006, 9.29645675e-006, -6.41855865e-006, -1, 0, 0, 0, 0, 0, 0, 0, 0.279043237, -0.102673047, -0.229474854, 0.107593514, 0.607135077, -0.787256915, -0.957275391, 0.276855469, 0.0825195313, 0.268085454, 0.744758772, 0.611147099, 0, -0, 0, 0, 0, 0, 0, 0.323545508, -0.0498524902, -0.201337451, 0.122266293, 0.342680583, -0.931365973, -0.398803711, -0.842285156, -0.362304687, -0.908701561, 0.415905868, 0.0338124194, 0, 1, 5, 1, 
572.998186, 45, 0.1, 0.1, 0.0115456295, 0.36425051, -0.0199734225, 0.985609645, 0.169037354, 5.56707084e-006, 0.169037354, -0.985609645, -2.91798958e-006, 4.99370948e-006, 3.8170416e-006, -1, 0.985609648, 0.16903734, 8.6110509e-006, 0.169037339, -0.985609648, 5.9288935e-006, 9.48933923e-006, -4.3879855e-006, -1, 0, 0, 0, 0, 0, 0, 0, 0.279043237, -0.102673047, -0.229474854, 0.107593514, 0.607135077, -0.787256915, -0.957275391, 0.276855469, 0.0825195313, 0.268085454, 0.744758772, 0.611147099, 0, -0, 0, 0, 0, 0, 0, 0.323545508, -0.0498524902, -0.201337451, 0.122266293, 0.342680583, -0.931365973, -0.398803711, -0.842285156, -0.362304687, -0.908701561, 0.415905868, 0.0338124194, 0, 1, 5, 1, 
572.998878, 45, 0.1, 0.1, 0.0115456283, 0.36425051, -0.0199780619, 0.985609653, 0.169037308, 6.34353598e-006, 0.169037308, -0.985609653, -2.42116463e-006, 5.84298314e-006, 3.45861748e-006, -1, 0.985609651, 0.16903732, 3.05138875e-006, 0.16903732, -0.985609651, -2.99650686e-006, 2.50095671e-006, 3.46918466e-006, -1, 0, 0, 0, 0, 0, 0, 0, 0.279043237, -0.102673047, -0.229474854, 0.107593514, 0.607135077, -0.787256915, -0.957275391, 0.276855469, 0.0825195313, 0.268085454, 0.744758772, 0.611147099, 0, -0, 0, 0, 0, 0, 0, 0.323545508, -0.0498524902, -0.201337451, 0.122266293, 0.342680583, -0.931365973, -0.398803711, -0.842285156, -0.362304687, -0.908701561, 0.415905868, 0.0338124194, 0, 1, 5, 1, 
572.999569, 45, 0.1, 0.1, 0.0115456271, 0.36425051, -0.0199799864, 0.985609648, 0.169037339, 2.95994371e-006, 0.169037339, -0.985609648, 3.05694669e-006, 3.43408721e-006, -2.51261514e-006, -1, 0.985609651, 0.169037323, -5.51729563e-006, 0.169037323, -0.985609651, -4.51313907e-006, -6.20078877e-006, 3.51556453e-006, -1, 0, 0, 0, 0, 0, 0, 0, 0.279043237, -0.102673047, -0.229474854, 0.107593514, 0.607135077, -0.787256915, -0.957275391, 0.276855469, 0.0825195313, 0.268085454, 0.744758772, 0.611147099, 0, -0, 0, 0, 0, 0, 0, 0.323545508, -0.0498524902, -0.201337451, 0.122266293, 0.342680583, -0.931365973, -0.398803711, -0.842285156, -0.362304687, -0.908701561, 0.415905868, 0.0338124194, 0, 1, 5, 1, 
573.00026, 45, 0.1, 0.1, 0.0115456262, 0.36425051, -0.0199788504, 0.985609648, 0.169037341, -4.32240477e-006, 0.169037341, -0.985609648, 2.07767702e-006, -3.90899884e-006, -2.77842633e-006, -1, 0.985609645, 0.169037353, -8.5901196e-006, 0.169037353, -0.985609645, 1.49180424e-006, -8.2143341e-006, -2.92238773e-006, -1, 0, 0, 0, 0, 0, 0, 0, 0.279043237, -0.102673047, -0.229474854, 0.107593514, 0.607135077, -0.787256915, -0.957275391, 0.276855469, 0.0825195313, 0.268085454, 0.744758772, 0.611147099, 0, -0, 0, 0, 0, 0, 0, 0.323545508, -0.0498524902, -0.201337451, 0.122266293, 0.342680583, -0.931365973, -0.398803711, -0.842285156, -0.362304687, -0.908701561, 0.415905868, 0.0338124194, 0, 1, 5, 1, 
573.000977, 45, 0.1, 0.1, 0.011545626, 0.36425051, -0.0199748894, 0.985609651, 0.169037324, -7.92205141e-006, 0.169037324, -0.985609651, -7.29240483e-006, -9.04073892e-006, 5.84834221e-006, -1, 0.985609653, 0.169037308, -6.18377876e-006, 0.169037308, -0.985609653, 1.83159951e-006, -5.78518339e-006, -2.85053147e-006, -1, 0, 0, 0, 0, 0, 0, 0, 0.281883521, -0.105025415, -0.229161133, 0.1111379, 0.613771155, -0.781579767, -0.958618164, 0.273193359, 0.0782470703, 0.261591665, 0.740617922, 0.618899363, 0, -0, 0, 0, 0, 0, 0, 0.323545508, -0.0498524902, -0.201337451, 0.122093486, 0.340392542, -0.932324792, -0.39465332, -0.845092773, -0.360229492, -0.910560864, 0.411983104, 0.0312567892, 0, 1, 5, 1, 
573.001676, 45, 0.1, 0.1, 0.0115456265, 0.36425051, -0.0199695055, 0.985609637, 0.169037403, -4.78578466e-006, 0.169037402, -0.985609637, -5.41068323e-006, -5.63152332e-006, 4.52384493e-006, -1, 0.985609637, 0.169037401, 9.91520378e-006, 0.169037401, -0.985609637, -3.59573403e-006, 9.16470687e-006, 5.22003039e-006, -1, 0, 0, 0, 0, 0, 0, 0, 0.281883521, -0.105025415, -0.229161133, 0.1111379, 0.613771155, -0.781579767, -0.958618164, 0.273193359, 0.0782470703, 0.261591665, 0.740617922, 0.618899363, 0, -0, 0, 0, 0, 0, 0, 0.325950635, -0.0527652832, -0.201008154, 0.122093486, 0.340392542, -0.932324792, -0.39465332, -0.845092773, -0.360229492, -0.910560864, 0.411983104, 0.0312567892, 0, 1, 5, 1, 
573.00237, 45, 0.1, 0.1, 0.0115456269, 0.364250511, -0.0199645704, 0.985609652, 0.169037315, 8.68738039e-006, 0.169037315, -0.985609652, 8.14335829e-006, 9.93889738e-006, -6.55768107e-006, -1, 0.98560965, 0.169037329, 1.71663183e-005, 0.169037329, -0.98560965, -1.52886944e-006, 1.66608529e-005, 4.40861706e-006, -1, 0, 0, 0, 0, 0, 0, 0, 0.281883521, -0.105025415, -0.229161133, 0.1111379, 0.613771155, -0.781579767, -0.958618164, 0.273193359, 0.0782470703, 0.261591665, 0.740617922, 0.618899363, 0, -0, 0, 0, 0, 0, 0, 0.325950635, -0.0527652832, -0.201008154, 0.122093486, 0.340392542, -0.932324792, -0.39465332, -0.845092773, -0.360229492, -0.910560864, 0.411983104, 0.0312567892, 0, 1, 5, 1, 
573.003059, 45, 0.1, 0.1, 0.0115456263, 0.364250512, -0.01996151, 0.985609634, 0.169037419, 1.49703776e-005, 0.169037419, -0.985609634, 8.63864218e-006, 1.62152022e-005, -5.98377495e-006, -1, 0.985609638, 0.169037395, 9.76879704e-006, 0.169037395, -0.985609638, 8.01222044e-006, 1.09825854e-005, -6.24562969e-006, -1, 0, 0, 0, 0, 0, 0, 0, 0.281883521, -0.105025415, -0.229161133, 0.1111379, 0.613771155, -0.781579767, -0.958618164, 0.273193359, 0.0782470703, 0.261591665, 0.740617922, 0.618899363, 0, -0, 0, 0, 0, 0, 0, 0.325950635, -0.0527652832, -0.201008154, 0.122093486, 0.340392542, -0.932324792, -0.39465332, -0.845092773, -0.360229492, -0.910560864, 0.411983104, 0.0312567892, 0, 1, 5, 1, 
573.003751, 45, 0.1, 0.1, 0.0115456252, 0.364250512, -0.0199610677, 0.985609642, 0.169037375, 1.0122588e-005, 0.169037375, -0.985609642, -4.51682473e-006, 9.21340815e-006, 6.16292171e-006, -1, 0.985609637, 0.169037403, -1.00793243e-005, 0.169037403, -0.985609637, 4.27143092e-006, -9.21224753e-006, -5.91374627e-006, -1, 0, 0, 0, 0, 0, 0, 0, 0.281883521, -0.105025415, -0.229161133, 0.1111379, 0.613771155, -0.781579767, -0.958618164, 0.273193359, 0.0782470703, 0.261591665, 0.740617922, 0.618899363, 0, -0, 0, 0, 0, 0, 0, 0.325950635, -0.0527652832, -0.201008154, 0.122093486, 0.340392542, -0.932324792, -0.39465332, -0.845092773, -0.360229492, -0.910560864, 0.411983104, 0.0312567892, 0, 1, 5, 1, 
573.004609, 45, 0.1, 0.1, 0.0115456237, 0.364250511, -0.0199628876, 0.985609631, 0.169037435, -5.98966636e-006, 0.169037435, -0.985609631, -1.22598155e-005, -7.97584062e-006, 1.10709144e-005, -1, 0.985609641, 0.169037379, -1.58726229e-005, 0.169037379, -0.985609641, -1.44733783e-005, -1.80907521e-005, 1.15820347e-005, -1, 0, 0, 0, 0, 0, 0, 0, 0.281883521, -0.105025415, -0.229161133, 0.1111379, 0.613771155, -0.781579767, -0.958618164, 0.273193359, 0.0782470703, 0.261591665, 0.740617922, 0.618899363, 0, -0, 0, 0, 0, 0, 0, 0.325950635, -0.0527652832, -0.201008154, 0.122093486, 0.340392542, -0.932324792, -0.39465332, -0.845092773, -0.360229492, -0.910560864, 0.411983104, 0.0312567892, 0, 1, 5, 1, 
573.005761, 45, 0.1, 0.1, 0.011545624, 0.364250512, -0.0199606457, 0.985609612, 0.169037546, -2.77808943e-005, 0.169037547, -0.985609612, 1.03421067e-005, -2.56329121e-005, -1.4889294e-005, -1, 0.985609602, 0.169037604, -1.39779496e-005, 0.169037604, -0.985609602, -1.03100925e-005, -1.55195946e-005, 7.79892706e-006, -1, 0, 0, 0, 0, 0, 0, 0, 0.281883521, -0.105025415, -0.229161133, 0.116015642, 0.619080991, -0.776537657, -0.959472656, 0.271850586, 0.0733642578, 0.256493389, 0.736687128, 0.625763471, 0, -0, 0, 0, 0, 0, 0, 0.325950635, -0.0527652832, -0.201008154, 0.122093486, 0.340392542, -0.932324792, -0.39465332, -0.845092773, -0.360229492, -0.910560864, 0.411983104, 0.0312567892, 0, 1, 5, 1, 
573.006908, 45, 0.1, 0.1, 0.0115456243, 0.364250515, -0.0199533405, 0.985609662, 0.169037254, -2.58174506e-005, 0.169037254, -0.985609662, 8.38505732e-006, -2.40285417e-005, -1.26285045e-005, -1, 0.985609662, 0.169037255, 1.05576161e-005, 0.169037255, -0.985609662, 1.72787303e-005, 1.33264376e-005, -1.52454531e-005, -1, 0, 0, 0, 0, 0, 0, 0, 0.284349707, -0.107891406, -0.228212842, 0.116015642, 0.619080991, -0.776537657, -0.959472656, 0.271850586, 0.0733642578, 0.256493389, 0.736687128, 0.625763471, 0, -0, 0, 0, 0, 0, 0, 0.327759277, -0.0556907715, -0.20046416, 0.122840852, 0.337465777, -0.933219813, -0.391479492, -0.84753418, -0.358154297, -0.911832483, 0.40946612, 0.0280941511, 0, 1, 5, 1, 
573.008059, 45, 0.1, 0.1, 0.011545625, 0.364250514, -0.0199455093, 0.985609597, 0.169037634, 1.88643107e-005, 0.169037634, -0.985609597, -1.76715978e-005, 1.56056806e-005, 2.06060749e-005, -1, 0.985609607, 0.169037572, 3.16698385e-005, 0.169037571, -0.985609608, 1.56763906e-005, 3.38639961e-005, -1.00974086e-005, -0.999999999, 0, 0, 0, 0, 0, 0, 0, 0.284349707, -0.107891406, -0.228212842, 0.119199448, 0.625602493, -0.770917798, -0.960205078, 0.270019531, 0.0706787109, 0.252404958, 0.731822874, 0.633154032, 0, -0, 0, 0, 0, 0, 0, 0.327759277, -0.0556907715, -0.20046416, 0.122840852, 0.337465777, -0.933219813, -0.391479492, -0.84753418, -0.358154297, -0.911832483, 0.40946612, 0.0280941511, 0, 1, 5, 1, 
573.009208, 45, 0.1, 0.1, 0.0115456219, 0.364250512, -0.0199401148, 0.985609672, 0.169037192, 4.17186829e-005, 0.169037193, -0.985609673, -9.45828693e-006, 3.95195351e-005, 1.63741881e-005, -0.999999999, 0.985609655, 0.169037296, 2.64557394e-005, 0.169037297, -0.985609655, -1.32561283e-005, 2.38342521e-005, 1.75373747e-005, -1, 0, 0, 0, 0, 0, 0, 0, 0.286285913, -0.110475073, -0.227903149, 0.119199448, 0.625602493, -0.770917798, -0.960205078, 0.270019531, 0.0706787109, 0.252404958, 0.731822874, 0.633154032, 0, -0, 0, 0, 0, 0, 0, 0.329521533, -0.0585830566, -0.200121436, 0.122834289, 0.335024619, -0.93409551, -0.388793945, -0.849609375, -0.355834961, -0.912937857, 0.407000175, 0.0259154855, 0, 1, 5, 1, 
573.01033, 45, 0.1, 0.1, 0.0115456199, 0.364250513, -0.0199403204, 0.985609644, 0.169037358, 2.82506093e-005, 0.169037358, -0.985609644, 1.9046978e-005, 3.10637239e-005, -1.39974769e-005, -0.999999999, 0.985609663, 0.169037249, -1.31581604e-005, 0.169037249, -0.985609663, -1.84211963e-005, -1.60826784e-005, 1.59318899e-005, -1, 0, 0, 0, 0, 0, 0, 0, 0.286285913, -0.110475073, -0.227903149, 0.119199448, 0.625602493, -0.770917798, -0.960205078, 0.270019531, 0.0706787109, 0.252404958, 0.731822874, 0.633154032, 0, -0, 0, 0, 0, 0, 0, 0.329521533, -0.0585830566, -0.200121436, 0.122834289, 0.335024619, -0.93409551, -0.388793945, -0.849609375, -0.355834961, -0.912937857, 0.407000175, 0.0259154855, 0, 1, 5, 1, 
573.011455, 45, 0.1, 0.1, 0.0115456207, 0.364250515, -0.0199453093, 0.985609648, 0.169037338, -1.35320489e-005, 0.169037338, -0.985609648, 1.46334605e-005, -1.08637168e-005, -1.67103014e-005, -1, 0.985609632, 0.16903743, -2.82797365e-005, 0.169037431, -0.985609632, 1.17242032e-005, -2.58909515e-005, -1.63358216e-005, -1, 0, 0, 0, 0, 0, 0, 0, 0.286285913, -0.110475073, -0.227903149, 0.119199448, 0.625602493, -0.770917798, -0.960205078, 0.270019531, 0.0706787109, 0.252404958, 0.731822874, 0.633154032, 0, -0, 0, 0, 0, 0, 0, 0.329521533, -0.0585830566, -0.200121436, 0.122834289, 0.335024619, -0.93409551, -0.388793945, -0.849609375, -0.355834961, -0.912937857, 0.407000175, 0.0259154855, 0, 1, 5, 1, 
573.012578, 45, 0.1, 0.1, 0.0115456238, 0.364250515, -0.0199522864, 0.985609689, 0.169037096, -2.28342531e-005, 0.169037095, -0.98560969, -1.61018715e-005, -2.52274747e-005, 1.20103247e-005, -1, 0.985609697, 0.16903705, -1.40028086e-005, 0.16903705, -0.985609697, 1.01948795e-005, -1.20779916e-005, -1.24151655e-005, -1, 0, 0, 0, 0, 0, 0, 0, 0.286285913, -0.110475073, -0.227903149, 0.119199448, 0.625602493, -0.770917798, -0.960205078, 0.270019531, 0.0706787109, 0.252404958, 0.731822874, 0.633154032, 0, -0, 0, 0, 0, 0, 0, 0.329521533, -0.0585830566, -0.200121436, 0.122834289, 0.335024619, -0.93409551, -0.388793945, -0.849609375, -0.355834961, -0.912937857, 0.407000175, 0.0259154855, 0, 1, 5, 1, 
573.013751, 45, 0.1, 0.1, 0.0115456258, 0.364250515, -0.0199572591, 0.985609642, 0.169037375, -1.51495949e-005, 0.169037375, -0.985609642, -1.45431237e-005, -1.73899183e-005, 1.17729951e-005, -1, 0.985609641, 0.169037378, 1.916556e-005, 0.169037379, -0.985609641, -8.99214621e-006, 1.73697519e-005, 1.2102442e-005, -1, 0, 0, 0, 0, 0, 0, 0, 0.289144019, -0.112843066, -0.226916284, 0.123199895, 0.631915061, -0.765158275, -0.961791992, 0.26574707, 0.0645751953, 0.244108649, 0.727980447, 0.640646065, 0, -0, 0, 0, 0, 0, 0, 0.331826221, -0.0613189941, -0.199383008, 0.124495265, 0.331982649, -0.934958814, -0.383911133, -0.852661133, -0.354003906, -0.914727165, 0.403243655, 0.0212832683, 0, 1, 5, 1, 
573.014877, 45, 0.1, 0.1, 0.0115456245, 0.364250516, -0.0199584715, 0.985609696, 0.169037057, 7.06891788e-006, 0.169037057, -0.985609696, 9.74300413e-006, 8.61412275e-006, -8.40789027e-006, -1, 0.985609688, 0.169037106, 2.29686666e-005, 0.169037106, -0.985609688, -8.45554021e-006, 2.12088403e-005, 1.22164193e-005, -1, 0, 0, 0, 0, 0, 0, 0, 0.289144019, -0.112843066, -0.226916284, 0.123199895, 0.631915061, -0.765158275, -0.961791992, 0.26574707, 0.0645751953, 0.244108649, 0.727980447, 0.640646065, 0, -0, 0, 0, 0, 0, 0, 0.331826221, -0.0613189941, -0.199383008, 0.124495265, 0.331982649, -0.934958814, -0.383911133, -0.852661133, -0.354003906, -0.914727165, 0.403243655, 0.0212832683, 0, 1, 5, 1, 
