time, trialNum, realDorsalTactorPos, realVentralTactorPos, boxPosX, boxPosY, boxPosZ, boxLocalRot_11, boxLocalRot_12, boxLocalRot_13, boxLocalRot_21, boxLocalRot_22, boxLocalRot_23, boxLocalRot_31, boxLocalRot_32, boxLocalRot_33, boxGlobalRot_11, boxGlobalRot_12, boxGlobalRot_13, boxGlobalRot_21, boxGlobalRot_22, boxGlobalRot_23, boxGlobalRot_31, boxGlobalRot_32, boxGlobalRot_33, indexForceX, indexForceY, indexForceZ, indexForceGlobalX, indexForceGlobalY, indexForceGlobalZ, indexContact, indexPosX, indexPosY, indexPosZ, indexRot_11, indexRot_12, indexRot_13, indexRot_21, indexRot_22, indexRot_23, indexRot_31, indexRot_32, indexRot_33, thumbForceX, thumbForceY, thumbForceZ, thumbForceGlobalX, thumbForceGlobalY, thumbForceGlobalZ, thumbContact, thumbPosX, thumbPosY, thumbPosZ, thumbRot_11, thumbRot_12, thumbRot_13, thumbRot_21, thumbRot_22, thumbRot_23, thumbRot_31, thumbRot_32, thumbRot_33, manipForceTooHigh, cceExpType, mapping, trialSuccess, 
269.029257, 12, 0.1, 0.1, -0.00285264718, 0.368375959, -0.01997606, 0.975585412, 3.20409153e-005, 0.21962036, 0.219620361, -1.38724454e-005, -0.975585412, -2.82119781e-005, 0.999999999, -2.05705928e-005, 0.975585411, 2.6682318e-005, 0.219620368, 0.219620368, -1.26046853e-005, -0.975585411, -2.32626345e-005, 1, -1.81569276e-005, 0, 0, 0, 0, 0, 0, 0, 0.315748242, -0.180657227, -0.180065039, -0.493514745, 0.645581859, -0.582734918, -0.847167969, -0.205322266, 0.489868164, 0.19656613, 0.735456009, 0.648459848, 0, 0, -0, 0, 0, 0, 0, 0.354164502, -0.143031592, -0.155452344, -0.23852229, 0.263276425, -0.934734269, 0.655273438, -0.666748047, -0.354980469, -0.716724873, -0.697124235, -0.0135520607, 0, 1, 1, 1, 
269.051012, 12, 0.1, 0.1, -0.00285265361, 0.368375949, -0.0199722935, 0.975586971, 9.80218686e-006, 0.219613438, 0.219613438, -6.31740243e-006, -0.975586971, -8.17549932e-006, 1, -8.31586746e-006, 0.97558697, 1.62112595e-005, 0.219613441, 0.219613441, -1.04249649e-005, -0.97558697, -1.35260312e-005, 1, -1.37306704e-005, 0, 0, 0, 0, 0, 0, 0, 0.315872949, -0.18413396, -0.175445117, -0.521326124, 0.634135067, -0.570836934, -0.831665039, -0.227783203, 0.506347656, 0.191083665, 0.738875698, 0.646328209, 0, 0, -0, 0, 0, 0, 0, 0.353932227, -0.14600459, -0.151327979, -0.261661853, 0.261637669, -0.928956932, 0.667236328, -0.646362305, -0.369873047, -0.69743148, -0.71656708, -0.00545753282, 0, 1, 1, 1, 
269.051704, 12, 0.1, 0.1, -0.00285265383, 0.368375949, -0.0199720874, 0.975586974, 1.3542751e-005, 0.219613425, 0.219613425, -8.7366166e-006, -0.975586974, -1.12934532e-005, 1, -1.14974993e-005, 0.975586973, 9.07360323e-006, 0.219613427, 0.219613427, -5.86556626e-006, -0.975586973, -7.563932e-006, 1, -7.71505514e-006, 0, 0, 0, 0, 0, 0, 0, 0.315872949, -0.18413396, -0.175445117, -0.521326124, 0.634135067, -0.570836934, -0.831665039, -0.227783203, 0.506347656, 0.191083665, 0.738875698, 0.646328209, 0, 0, -0, 0, 0, 0, 0, 0.353932227, -0.14600459, -0.151327979, -0.261661853, 0.261637669, -0.928956932, 0.667236328, -0.646362305, -0.369873047, -0.69743148, -0.71656708, -0.00545753282, 0, 1, 1, 1, 
269.052398, 12, 0.1, 0.1, -0.0028526535, 0.368375949, -0.0199711982, 0.975586976, 7.66551081e-006, 0.219613415, 0.219613415, -4.73478867e-006, -0.975586976, -6.4385494e-006, 1, -6.30264717e-006, 0.975586976, -8.42173161e-006, 0.219613417, 0.219613417, 5.44950884e-006, -0.975586976, 7.01934641e-006, 1, 7.1659951e-006, 0, 0, 0, 0, 0, 0, 0, 0.315872949, -0.18413396, -0.175445117, -0.521326124, 0.634135067, -0.570836934, -0.831665039, -0.227783203, 0.506347656, 0.191083665, 0.738875698, 0.646328209, 0, 0, -0, 0, 0, 0, 0, 0.353932227, -0.14600459, -0.151327979, -0.261661853, 0.261637669, -0.928956932, 0.667236328, -0.646362305, -0.369873047, -0.69743148, -0.71656708, -0.00545753282, 0, 1, 1, 1, 
269.05309, 12, 0.1, 0.1, -0.00285265315, 0.368375948, -0.0199699612, 0.975586978, -9.56851221e-006, 0.219613407, 0.219613407, 5.93429092e-006, -0.975586978, 8.03166607e-006, 1, 7.89079051e-006, 0.975586977, -1.56980897e-005, 0.219613408, 0.219613408, 9.74054432e-006, -0.975586978, 1.31756977e-005, 1, 1.29502592e-005, 0, 0, 0, 0, 0, 0, 0, 0.315872949, -0.18413396, -0.175445117, -0.521326124, 0.634135067, -0.570836934, -0.831665039, -0.227783203, 0.506347656, 0.191083665, 0.738875698, 0.646328209, 0, 0, -0, 0, 0, 0, 0, 0.353932227, -0.14600459, -0.151327979, -0.261661853, 0.261637669, -0.928956932, 0.667236328, -0.646362305, -0.369873047, -0.69743148, -0.71656708, -0.00545753282, 0, 1, 1, 1, 
269.053779, 12, 0.1, 0.1, -0.0028526535, 0.368375948, -0.0199687612, 0.97558698, -1.61725447e-005, 0.219613398, 0.219613398, 9.97898186e-006, -0.97558698, 1.35862059e-005, 1, 1.32870723e-005, 0.975586979, -1.07991102e-005, 0.2196134, 0.2196134, 6.63601061e-006, -0.97558698, 9.07811449e-006, 1, 8.84563486e-006, 0, 0, 0, 0, 0, 0, 0, 0.315872949, -0.18413396, -0.175445117, -0.521326124, 0.634135067, -0.570836934, -0.831665039, -0.227783203, 0.506347656, 0.191083665, 0.738875698, 0.646328209, 0, 0, -0, 0, 0, 0, 0, 0.353932227, -0.14600459, -0.151327979, -0.261661853, 0.261637669, -0.928956932, 0.667236328, -0.646362305, -0.369873047, -0.69743148, -0.71656708, -0.00545753282, 0, 1, 1, 1, 
269.054475, 12, 0.1, 0.1, -0.00285265423, 0.368375949, -0.019967903, 0.975586982, -1.03661461e-005, 0.219613387, 0.219613387, 6.85542352e-006, -0.975586982, 8.60753445e-006, 1, 8.9646064e-006, 0.975586982, 7.90370464e-006, 0.219613389, 0.219613389, -4.50971137e-006, -0.975586982, -6.72035836e-006, 1, -6.13537507e-006, 0, 0, 0, 0, 0, 0, 0, 0.315872949, -0.18413396, -0.175445117, -0.521326124, 0.634135067, -0.570836934, -0.831665039, -0.227783203, 0.506347656, 0.191083665, 0.738875698, 0.646328209, 0, 0, -0, 0, 0, 0, 0, 0.353932227, -0.14600459, -0.151327979, -0.261661853, 0.261637669, -0.928956932, 0.667236328, -0.646362305, -0.369873047, -0.69743148, -0.71656708, -0.00545753282, 0, 1, 1, 1, 
269.055167, 12, 0.1, 0.1, -0.00285265473, 0.368375949, -0.0199676291, 0.975586984, 8.10477513e-006, 0.219613378, 0.219613378, -4.94451377e-006, -0.975586984, -6.82103175e-006, 1, -6.60372033e-006, 0.975586984, 1.45491493e-005, 0.21961338, 0.21961338, -9.00434549e-006, -0.975586984, -1.2216486e-005, 1, -1.19797101e-005, 0, 0, 0, 0, 0, 0, 0, 0.315872949, -0.18413396, -0.175445117, -0.521326124, 0.634135067, -0.570836934, -0.831665039, -0.227783203, 0.506347656, 0.191083665, 0.738875698, 0.646328209, 0, 0, -0, 0, 0, 0, 0, 0.353932227, -0.14600459, -0.151327979, -0.261661853, 0.261637669, -0.928956932, 0.667236328, -0.646362305, -0.369873047, -0.69743148, -0.71656708, -0.00545753282, 0, 1, 1, 1, 
269.055886, 12, 0.1, 0.1, -0.00285265439, 0.368375948, -0.0199677597, 0.975586986, 1.46421796e-005, 0.219613372, 0.219613372, -9.19330372e-006, -0.975586986, -1.22657474e-005, 1, -1.21844859e-005, 0.975586986, 8.73191887e-006, 0.219613373, 0.219613373, -5.738653e-006, -0.975586986, -7.25846146e-006, 1, -7.51620134e-006, 0, 0, 0, 0, 0, 0, 0, 0.315982178, -0.184604858, -0.175146558, -0.523622896, 0.633652797, -0.569326846, -0.829956055, -0.228637695, 0.508789063, 0.192188989, 0.738952082, 0.645718259, 0, 0, -0, 0, 0, 0, 0, 0.353738379, -0.146657959, -0.151001221, -0.264798972, 0.262065673, -0.927896034, 0.666503906, -0.645629883, -0.372558594, -0.696779262, -0.717135809, -0.00387311541, 0, 1, 1, 1, 
269.056577, 12, 0.1, 0.1, -0.00285265406, 0.368375948, -0.019968364, 0.975586987, 9.09962073e-006, 0.219613368, 0.219613368, -5.9777254e-006, -0.975586987, -7.56468316e-006, 1, -7.83018947e-006, 0.975586986, -8.75815082e-006, 0.219613369, 0.219613369, 5.36373333e-006, -0.975586986, 7.36639042e-006, 1, 7.15619544e-006, 0, 0, 0, 0, 0, 0, 0, 0.315982178, -0.184604858, -0.175146558, -0.523622896, 0.633652797, -0.569326846, -0.829956055, -0.228637695, 0.508789063, 0.192188989, 0.738952082, 0.645718259, 0, 0, -0, 0, 0, 0, 0, 0.353738379, -0.146657959, -0.151001221, -0.264798972, 0.262065673, -0.927896034, 0.666503906, -0.645629883, -0.372558594, -0.696779262, -0.717135809, -0.00387311541, 0, 1, 1, 1, 
269.057266, 12, 0.1, 0.1, -0.00285265415, 0.368375948, -0.0199693582, 0.975586987, -7.50203217e-006, 0.219613368, 0.219613368, 5.02608889e-006, -0.975586987, 6.21508865e-006, 1, 6.55093346e-006, 0.975586987, -1.35119751e-005, 0.219613368, 0.219613368, 9.02895121e-006, -0.975586987, 1.11992287e-005, 1, 1.17759377e-005, 0, 0, 0, 0, 0, 0, 0, 0.315982178, -0.184604858, -0.175146558, -0.523622896, 0.633652797, -0.569326846, -0.829956055, -0.228637695, 0.508789063, 0.192188989, 0.738952082, 0.645718259, 0, 0, -0, 0, 0, 0, 0, 0.353738379, -0.146657959, -0.151001221, -0.264798972, 0.262065673, -0.927896034, 0.666503906, -0.645629883, -0.372558594, -0.696779262, -0.717135809, -0.00387311541, 0, 1, 1, 1, 
269.057952, 12, 0.1, 0.1, -0.00285265499, 0.368375948, -0.0199704751, 0.975586986, -1.23433851e-005, 0.219613372, 0.219613372, 8.11244863e-006, -0.975586986, 1.02604437e-005, 1, 1.06251717e-005, 0.975586986, -7.22046589e-006, 0.219613371, 0.219613371, 4.74769345e-006, -0.975586986, 6.0015356e-006, 1, 6.21749879e-006, 0, 0, 0, 0, 0, 0, 0, 0.315982178, -0.184604858, -0.175146558, -0.523622896, 0.633652797, -0.569326846, -0.829956055, -0.228637695, 0.508789063, 0.192188989, 0.738952082, 0.645718259, 0, 0, -0, 0, 0, 0, 0, 0.353738379, -0.146657959, -0.151001221, -0.264798972, 0.262065673, -0.927896034, 0.666503906, -0.645629883, -0.372558594, -0.696779262, -0.717135809, -0.00387311541, 0, 1, 1, 1, 
269.058635, 12, 0.1, 0.1, -0.00285265596, 0.368375949, -0.0199714036, 0.975586985, -7.3998992e-006, 0.219613375, 0.219613375, 4.32134077e-006, -0.975586985, 6.27022112e-006, 1, 5.84096065e-006, 0.975586985, 8.52104313e-006, 0.219613375, 0.219613375, -5.81566802e-006, -0.975586985, -7.0358203e-006, 1, -7.54502507e-006, 0, 0, 0, 0, 0, 0, 0, 0.315982178, -0.184604858, -0.175146558, -0.523622896, 0.633652797, -0.569326846, -0.829956055, -0.228637695, 0.508789063, 0.192188989, 0.738952082, 0.645718259, 0, 0, -0, 0, 0, 0, 0, 0.353738379, -0.146657959, -0.151001221, -0.264798972, 0.262065673, -0.927896034, 0.666503906, -0.645629883, -0.372558594, -0.696779262, -0.717135809, -0.00387311541, 0, 1, 1, 1, 
269.059323, 12, 0.1, 0.1, -0.00285265668, 0.368375949, -0.0199718643, 0.975586985, 8.10745909e-006, 0.219613374, 0.219613374, -4.70972898e-006, -0.975586985, -6.8752121e-006, 1, -6.37525675e-006, 0.975586985, 1.38946968e-005, 0.219613375, 0.219613375, -8.21819369e-006, -0.975586985, -1.17506601e-005, 1, -1.10690241e-005, 0, 0, 0, 0, 0, 0, 0, 0.315982178, -0.184604858, -0.175146558, -0.523622896, 0.633652797, -0.569326846, -0.829956055, -0.228637695, 0.508789063, 0.192188989, 0.738952082, 0.645718259, 0, 0, -0, 0, 0, 0, 0, 0.353738379, -0.146657959, -0.151001221, -0.264798972, 0.262065673, -0.927896034, 0.666503906, -0.645629883, -0.372558594, -0.696779262, -0.717135809, -0.00387311541, 0, 1, 1, 1, 
269.060014, 12, 0.1, 0.1, -0.00285265659, 0.368375949, -0.0199717207, 0.975586985, 1.27883358e-005, 0.219613373, 0.219613373, -8.43517826e-006, -0.975586985, -1.06236561e-005, 1, -1.10377397e-005, 0.975586985, 7.93920632e-006, 0.219613373, 0.219613373, -5.49014577e-006, -0.975586986, -6.53967693e-006, 1, -7.09967064e-006, 0, 0, 0, 0, 0, 0, 0, 0.315982178, -0.184604858, -0.175146558, -0.523622896, 0.633652797, -0.569326846, -0.829956055, -0.228637695, 0.508789063, 0.192188989, 0.738952082, 0.645718259, 0, 0, -0, 0, 0, 0, 0, 0.353738379, -0.146657959, -0.151001221, -0.264798972, 0.262065673, -0.927896034, 0.666503906, -0.645629883, -0.372558594, -0.696779262, -0.717135809, -0.00387311541, 0, 1, 1, 1, 
269.060726, 12, 0.1, 0.1, -0.0028526561, 0.368375948, -0.0199707898, 0.975586985, 7.40521215e-006, 0.219613377, 0.219613377, -4.96610093e-006, -0.975586985, -6.13380639e-006, 1, -6.47114708e-006, 0.975586985, -8.86505861e-006, 0.219613376, 0.219613376, 5.67819993e-006, -0.975586985, 7.40162714e-006, 1, 7.48646339e-006, 0, 0, 0, 0, 0, 0, 0, 0.315010718, -0.185642334, -0.175426904, -0.52544826, 0.635245261, -0.56605243, -0.827636719, -0.227416992, 0.512939453, 0.197051, 0.738081901, 0.645323234, 0, 0, -0, 0, 0, 0, 0, 0.35282793, -0.147696045, -0.150872559, -0.268319618, 0.263132767, -0.926656132, 0.664672852, -0.645629883, -0.375854492, -0.697149297, -0.716778167, -0.00165617037, 0, 1, 1, 1, 
269.061413, 12, 0.1, 0.1, -0.00285265583, 0.368375948, -0.0199696369, 0.975586984, -8.52880654e-006, 0.219613381, 0.219613381, 5.90717271e-006, -0.975586984, 7.02329848e-006, 1, 7.63600085e-006, 0.975586984, -1.50124564e-005, 0.219613381, 0.219613381, 9.46908225e-006, -0.975586984, 1.25664199e-005, 1, 1.25348497e-005, 0, 0, 0, 0, 0, 0, 0, 0.315010718, -0.185642334, -0.175426904, -0.52544826, 0.635245261, -0.56605243, -0.827636719, -0.227416992, 0.512939453, 0.197051, 0.738081901, 0.645323234, 0, 0, -0, 0, 0, 0, 0, 0.35282793, -0.147696045, -0.150872559, -0.268319618, 0.263132767, -0.926656132, 0.664672852, -0.645629883, -0.375854492, -0.697149297, -0.716778167, -0.00165617037, 0, 1, 1, 1, 
269.062109, 12, 0.1, 0.1, -0.00285265639, 0.368375948, -0.0199686093, 0.975586984, -1.52574801e-005, 0.21961338, 0.21961338, 1.00420874e-005, -0.975586984, 1.26796222e-005, 1, 1.31476765e-005, 0.975586984, -9.78661783e-006, 0.21961338, 0.21961338, 6.96555872e-006, -0.975586984, 8.01796708e-006, 1, 8.94478065e-006, 0, 0, 0, 0, 0, 0, 0, 0.315010718, -0.185642334, -0.175426904, -0.52544826, 0.635245261, -0.56605243, -0.827636719, -0.227416992, 0.512939453, 0.197051, 0.738081901, 0.645323234, 0, 0, -0, 0, 0, 0, 0, 0.35282793, -0.147696045, -0.150872559, -0.268319618, 0.263132767, -0.926656132, 0.664672852, -0.645629883, -0.375854492, -0.697149297, -0.716778167, -0.00165617037, 0, 1, 1, 1, 
269.062791, 12, 0.1, 0.1, -0.00285265709, 0.368375949, -0.0199680363, 0.975586983, -9.80034904e-006, 0.219613385, 0.219613385, 5.38745787e-006, -0.975586983, 8.37793509e-006, 1, 7.40822159e-006, 0.975586983, 7.66309391e-006, 0.219613384, 0.219613384, -5.80176462e-006, -0.975586983, -6.20186951e-006, 1, -7.34304403e-006, 0, 0, 0, 0, 0, 0, 0, 0.315010718, -0.185642334, -0.175426904, -0.52544826, 0.635245261, -0.56605243, -0.827636719, -0.227416992, 0.512939453, 0.197051, 0.738081901, 0.645323234, 0, 0, -0, 0, 0, 0, 0, 0.35282793, -0.147696045, -0.150872559, -0.268319618, 0.263132767, -0.926656132, 0.664672852, -0.645629883, -0.375854492, -0.697149297, -0.716778167, -0.00165617037, 0, 1, 1, 1, 
269.063495, 12, 0.1, 0.1, -0.00285265764, 0.368375949, -0.0199678724, 0.975586983, 8.9676496e-006, 0.219613385, 0.219613385, -5.06129873e-006, -0.975586983, -7.63719328e-006, 1, -6.90715304e-006, 0.975586983, 1.53016834e-005, 0.219613385, 0.219613385, -8.99863952e-006, -0.975586983, -1.29519015e-005, 1, -1.21394101e-005, 0, 0, 0, 0, 0, 0, 0, 0.315010718, -0.185642334, -0.175426904, -0.52544826, 0.635245261, -0.56605243, -0.827636719, -0.227416992, 0.512939453, 0.197051, 0.738081901, 0.645323234, 0, 0, -0, 0, 0, 0, 0, 0.35282793, -0.147696045, -0.150872559, -0.268319618, 0.263132767, -0.926656132, 0.664672852, -0.645629883, -0.375854492, -0.697149297, -0.716778167, -0.00165617037, 0, 1, 1, 1, 
269.064188, 12, 0.1, 0.1, -0.00285265749, 0.368375949, -0.0199682849, 0.975586982, 1.45312301e-005, 0.219613386, 0.219613386, -1.047695e-005, -0.975586983, -1.18756005e-005, 1, -1.34124287e-005, 0.975586983, 8.99928539e-006, 0.219613385, 0.219613386, -6.74050079e-006, -0.975586983, -7.29928148e-006, 1, -8.55230836e-006, 0, 0, 0, 0, 0, 0, 0, 0.315010718, -0.185642334, -0.175426904, -0.52544826, 0.635245261, -0.56605243, -0.827636719, -0.227416992, 0.512939453, 0.197051, 0.738081901, 0.645323234, 0, 0, -0, 0, 0, 0, 0, 0.35282793, -0.147696045, -0.150872559, -0.268319618, 0.263132767, -0.926656132, 0.664672852, -0.645629883, -0.375854492, -0.697149297, -0.716778167, -0.00165617037, 0, 1, 1, 1, 
269.064878, 12, 0.1, 0.1, -0.00285265726, 0.368375948, -0.0199691185, 0.975586982, 9.9889282e-006, 0.219613388, 0.219613388, -5.75212938e-006, -0.975586982, -8.4818237e-006, 1, -7.8054049e-006, 0.975586982, -7.80384299e-006, 0.219613389, 0.219613389, 4.81660828e-006, -0.975586982, 6.55553597e-006, 1, 6.41284874e-006, 0, 0, 0, 0, 0, 0, 0, 0.315010718, -0.185642334, -0.175426904, -0.52544826, 0.635245261, -0.56605243, -0.827636719, -0.227416992, 0.512939453, 0.197051, 0.738081901, 0.645323234, 0, 0, -0, 0, 0, 0, 0, 0.35282793, -0.147696045, -0.150872559, -0.268319618, 0.263132767, -0.926656132, 0.664672852, -0.645629883, -0.375854492, -0.697149297, -0.716778167, -0.00165617037, 0, 1, 1, 1, 
269.065594, 12, 0.1, 0.1, -0.00285265763, 0.368375948, -0.0199698255, 0.975586982, -6.76808481e-006, 0.219613388, 0.219613388, 5.03269168e-006, -0.975586982, 5.49760897e-006, 1, 6.39619053e-006, 0.975586982, -1.25510478e-005, 0.219613387, 0.219613388, 9.06572213e-006, -0.975586982, 1.02536849e-005, 1, 1.16007786e-005, 0, 0, 0, 0, 0, 0, 0, 0.315231494, -0.184988721, -0.175888013, -0.529839984, 0.635016109, -0.562072583, -0.824951172, -0.232299805, 0.515136719, 0.196634253, 0.736635092, 0.647041135, 0, 0, -0, 0, 0, 0, 0, 0.352843408, -0.147467432, -0.15076123, -0.272453102, 0.264192932, -0.925103431, 0.666381836, -0.641723633, -0.379516602, -0.694024205, -0.71985805, -0.00124748948, 0, 1, 1, 1, 
269.066286, 12, 0.1, 0.1, -0.00285265846, 0.368375949, -0.0199704306, 0.975586982, -1.28298291e-005, 0.219613389, 0.219613389, 7.19527861e-006, -0.975586982, 1.09364347e-005, 1, 9.8372224e-006, 0.975586982, -7.55318626e-006, 0.219613389, 0.219613389, 3.87736016e-006, -0.975586982, 6.51726998e-006, 1, 5.44148293e-006, 0, 0, 0, 0, 0, 0, 0, 0.315231494, -0.184988721, -0.175888013, -0.529839984, 0.635016109, -0.562072583, -0.824951172, -0.232299805, 0.515136719, 0.196634253, 0.736635092, 0.647041135, 0, 0, -0, 0, 0, 0, 0, 0.352843408, -0.147467432, -0.15076123, -0.272453102, 0.264192932, -0.925103431, 0.666381836, -0.641723633, -0.379516602, -0.694024205, -0.71985805, -0.00124748948, 0, 1, 1, 1, 
269.066974, 12, 0.1, 0.1, -0.00285265943, 0.368375949, -0.0199708244, 0.975586982, -7.48569617e-006, 0.219613388, 0.219613388, 5.01024794e-006, -0.975586982, 6.20263021e-006, 1, 6.53189177e-006, 0.975586982, 8.8285177e-006, 0.219613388, 0.219613388, -5.33991337e-006, -0.975586982, -7.44027048e-006, 1, -7.14841065e-006, 0, 0, 0, 0, 0, 0, 0, 0.315231494, -0.184988721, -0.175888013, -0.529839984, 0.635016109, -0.562072583, -0.824951172, -0.232299805, 0.515136719, 0.196634253, 0.736635092, 0.647041135, 0, 0, -0, 0, 0, 0, 0, 0.352843408, -0.147467432, -0.15076123, -0.272453102, 0.264192932, -0.925103431, 0.666381836, -0.641723633, -0.379516602, -0.694024205, -0.71985805, -0.00124748948, 0, 1, 1, 1, 
269.06769, 12, 0.1, 0.1, -0.00285266036, 0.36837595, -0.019970733, 0.975586981, 9.65040374e-006, 0.219613391, 0.219613391, -6.15664643e-006, -0.975586981, -8.06272625e-006, 1, -8.125702e-006, 0.975586982, 1.56074167e-005, 0.21961339, 0.21961339, -1.02003763e-005, -0.975586982, -1.29862533e-005, 1, -1.3378952e-005, 0, 0, 0, 0, 0, 0, 0, 0.314944629, -0.184069751, -0.177133691, -0.535506653, 0.635656017, -0.556010889, -0.821044922, -0.237792969, 0.518798828, 0.197531766, 0.734432678, 0.649418039, 0, 0, -0, 0, 0, 0, 0, 0.352504541, -0.146717627, -0.151699463, -0.278541772, 0.266345712, -0.922764718, 0.667114258, -0.637451172, -0.385375977, -0.690981869, -0.722823094, -0.000142481851, 0, 1, 1, 1, 
269.068379, 12, 0.1, 0.1, -0.00285266045, 0.368375949, -0.0199702476, 0.97558698, 1.41842525e-005, 0.219613397, 0.219613397, -8.62021391e-006, -0.97558698, -1.19448576e-005, 1, -1.15248203e-005, 0.97558698, 9.4064929e-006, 0.219613396, 0.219613396, -5.34583489e-006, -0.97558698, -8.00283505e-006, 1, -7.28111877e-006, 0, 0, 0, 0, 0, 0, 0, 0.314944629, -0.184069751, -0.177133691, -0.535506653, 0.635656017, -0.556010889, -0.821044922, -0.237792969, 0.518798828, 0.197531766, 0.734432678, 0.649418039, 0, 0, -0, 0, 0, 0, 0, 0.352504541, -0.146717627, -0.151699463, -0.278541772, 0.266345712, -0.922764718, 0.667114258, -0.637451172, -0.385375977, -0.690981869, -0.722823094, -0.000142481851, 0, 1, 1, 1, 
269.069064, 12, 0.1, 0.1, -0.00285266, 0.368375949, -0.0199697431, 0.97558698, 7.95405578e-006, 0.219613397, 0.219613397, -5.27847312e-006, -0.97558698, -6.60064985e-006, 1, -6.89642686e-006, 0.97558698, -8.84502881e-006, 0.219613397, 0.219613397, 5.09624803e-006, -0.97558698, 7.5098906e-006, 1, 6.91432005e-006, 0, 0, 0, 0, 0, 0, 0, 0.314944629, -0.184069751, -0.177133691, -0.535506653, 0.635656017, -0.556010889, -0.821044922, -0.237792969, 0.518798828, 0.197531766, 0.734432678, 0.649418039, 0, 0, -0, 0, 0, 0, 0, 0.352504541, -0.146717627, -0.151699463, -0.278541772, 0.266345712, -0.922764718, 0.667114258, -0.637451172, -0.385375977, -0.690981869, -0.722823094, -0.000142481851, 0, 1, 1, 1, 
269.06976, 12, 0.1, 0.1, -0.00285265966, 0.368375949, -0.0199693035, 0.97558698, -9.47505901e-006, 0.219613399, 0.219613399, 5.67016224e-006, -0.97558698, 7.9985006e-006, 1, 7.61258637e-006, 0.97558698, -1.56173463e-005, 0.219613398, 0.219613398, 9.99362899e-006, -0.97558698, 1.30413448e-005, 1, 1.31794328e-005, 0, 0, 0, 0, 0, 0, 0, 0.314944629, -0.184069751, -0.177133691, -0.535506653, 0.635656017, -0.556010889, -0.821044922, -0.237792969, 0.518798828, 0.197531766, 0.734432678, 0.649418039, 0, 0, -0, 0, 0, 0, 0, 0.352504541, -0.146717627, -0.151699463, -0.278541772, 0.266345712, -0.922764718, 0.667114258, -0.637451172, -0.385375977, -0.690981869, -0.722823094, -0.000142481851, 0, 1, 1, 1, 
269.070446, 12, 0.1, 0.1, -0.00285266, 0.368375949, -0.0199690251, 0.975586978, -1.53853488e-005, 0.219613405, 0.219613405, 9.93244301e-006, -0.975586978, 1.28284483e-005, 1, 1.30687909e-005, 0.975586979, -1.01834482e-005, 0.219613404, 0.219613404, 6.21129564e-006, -0.975586979, 8.57075571e-006, 1, 8.29608088e-006, 0, 0, 0, 0, 0, 0, 0, 0.314944629, -0.184069751, -0.177133691, -0.535506653, 0.635656017, -0.556010889, -0.821044922, -0.237792969, 0.518798828, 0.197531766, 0.734432678, 0.649418039, 0, 0, -0, 0, 0, 0, 0, 0.352504541, -0.146717627, -0.151699463, -0.278541772, 0.266345712, -0.922764718, 0.667114258, -0.637451172, -0.385375977, -0.690981869, -0.722823094, -0.000142481851, 0, 1, 1, 1, 
269.07113, 12, 0.1, 0.1, -0.00285266062, 0.368375949, -0.019969052, 0.975586978, -9.89905776e-006, 0.219613407, 0.219613407, 5.84206014e-006, -0.975586978, 8.37439712e-006, 1, 7.8734036e-006, 0.975586978, 7.21149789e-006, 0.219613407, 0.219613407, -4.75152487e-006, -0.975586978, -5.99194487e-006, 1, -6.21926741e-006, 0, 0, 0, 0, 0, 0, 0, 0.314944629, -0.184069751, -0.177133691, -0.535506653, 0.635656017, -0.556010889, -0.821044922, -0.237792969, 0.518798828, 0.197531766, 0.734432678, 0.649418039, 0, 0, -0, 0, 0, 0, 0, 0.352504541, -0.146717627, -0.151699463, -0.278541772, 0.266345712, -0.922764718, 0.667114258, -0.637451172, -0.385375977, -0.690981869, -0.722823094, -0.000142481851, 0, 1, 1, 1, 
269.071821, 12, 0.1, 0.1, -0.00285266107, 0.368375949, -0.0199693493, 0.975586978, 7.85218472e-006, 0.219613405, 0.219613405, -4.73307422e-006, -0.975586978, -6.62104262e-006, 1, -6.3419706e-006, 0.975586978, 1.39344478e-005, 0.219613405, 0.219613405, -8.52935397e-006, -0.975586978, -1.17211053e-005, 1, -1.13813182e-005, 0, 0, 0, 0, 0, 0, 0, 0.314944629, -0.184069751, -0.177133691, -0.535506653, 0.635656017, -0.556010889, -0.821044922, -0.237792969, 0.518798828, 0.197531766, 0.734432678, 0.649418039, 0, 0, -0, 0, 0, 0, 0, 0.352504541, -0.146717627, -0.151699463, -0.278541772, 0.266345712, -0.922764718, 0.667114258, -0.637451172, -0.385375977, -0.690981869, -0.722823094, -0.000142481851, 0, 1, 1, 1, 
269.072539, 12, 0.1, 0.1, -0.0028526608, 0.368375949, -0.0199695477, 0.975586979, 1.46539024e-005, 0.219613403, 0.219613403, -9.26331541e-006, -0.975586979, -1.22618082e-005, 1, -1.22553633e-005, 0.975586979, 9.14576488e-006, 0.219613403, 0.219613403, -6.0457176e-006, -0.975586979, -7.59476851e-006, 1, -7.90665592e-006, 0, 0, 0, 0, 0, 0, 0, 0.314691699, -0.183188135, -0.177999902, -0.540488109, 0.635528336, -0.551206166, -0.817626953, -0.242431641, 0.521972656, 0.198073567, 0.732846205, 0.650881701, 0, 0, 0, 0, 0, 0, 0, 0.352268457, -0.146275537, -0.152016064, -0.283013942, 0.267112034, -0.921167174, 0.66809082, -0.634155273, -0.389160156, -0.68813786, -0.72544289, 0.00100736845, 0, 1, 1, 1, 
269.073226, 12, 0.1, 0.1, -0.00285266059, 0.368375949, -0.0199696904, 0.975586979, 9.49192072e-006, 0.219613402, 0.219613402, -5.77252698e-006, -0.975586979, -7.99246997e-006, 1, -7.71615516e-006, 0.975586979, -7.42914974e-006, 0.219613402, 0.219613403, 4.82887717e-006, -0.975586979, 6.1872956e-006, 1, 6.34253054e-006, 0, 0, 0, 0, 0, 0, 0, 0.314691699, -0.183188135, -0.177999902, -0.540488109, 0.635528336, -0.551206166, -0.817626953, -0.242431641, 0.521972656, 0.198073567, 0.732846205, 0.650881701, 0, 0, 0, 0, 0, 0, 0, 0.352268457, -0.146275537, -0.152016064, -0.283013942, 0.267112034, -0.921167174, 0.66809082, -0.634155273, -0.389160156, -0.68813786, -0.72544289, 0.00100736845, 0, 1, 1, 1, 
269.073914, 12, 0.1, 0.1, -0.00285266059, 0.368375949, -0.0199699221, 0.97558698, -7.37839188e-006, 0.219613397, 0.219613397, 4.61302533e-006, -0.97558698, 6.18518089e-006, 1, 6.12080116e-006, 0.97558698, -1.35213299e-005, 0.219613398, 0.219613398, 8.26843141e-006, -0.97558698, 1.13753751e-005, 1, 1.10360392e-005, 0, 0, 0, 0, 0, 0, 0, 0.314691699, -0.183188135, -0.177999902, -0.540488109, 0.635528336, -0.551206166, -0.817626953, -0.242431641, 0.521972656, 0.198073567, 0.732846205, 0.650881701, 0, 0, 0, 0, 0, 0, 0, 0.352268457, -0.146275537, -0.152016064, -0.283013942, 0.267112034, -0.921167174, 0.66809082, -0.634155273, -0.389160156, -0.68813786, -0.72544289, 0.00100736845, 0, 1, 1, 1, 
269.074602, 12, 0.1, 0.1, -0.00285266134, 0.368375949, -0.0199701268, 0.975586982, -1.32213762e-005, 0.219613389, 0.219613389, 8.0654769e-006, -0.975586982, 1.11273158e-005, 1, 1.07721655e-005, 0.975586982, -7.75662536e-006, 0.219613391, 0.219613391, 4.98917892e-006, -0.975586982, 6.47157222e-006, 1, 6.5708368e-006, 0, 0, 0, 0, 0, 0, 0, 0.314691699, -0.183188135, -0.177999902, -0.540488109, 0.635528336, -0.551206166, -0.817626953, -0.242431641, 0.521972656, 0.198073567, 0.732846205, 0.650881701, 0, 0, 0, 0, 0, 0, 0, 0.352268457, -0.146275537, -0.152016064, -0.283013942, 0.267112034, -0.921167174, 0.66809082, -0.634155273, -0.389160156, -0.68813786, -0.72544289, 0.00100736845, 0, 1, 1, 1, 
269.075288, 12, 0.1, 0.1, -0.00285266223, 0.368375949, -0.0199702702, 0.975586983, -7.87346403e-006, 0.219613386, 0.219613386, 5.33140953e-006, -0.975586983, 6.51040012e-006, 1, 6.93037183e-006, 0.975586983, 8.6344662e-006, 0.219613386, 0.219613386, -5.34449931e-006, -0.975586983, -7.24994923e-006, 1, -7.11026831e-006, 0, 0, 0, 0, 0, 0, 0, 0.314691699, -0.183188135, -0.177999902, -0.540488109, 0.635528336, -0.551206166, -0.817626953, -0.242431641, 0.521972656, 0.198073567, 0.732846205, 0.650881701, 0, 0, 0, 0, 0, 0, 0, 0.352268457, -0.146275537, -0.152016064, -0.283013942, 0.267112034, -0.921167174, 0.66809082, -0.634155273, -0.389160156, -0.68813786, -0.72544289, 0.00100736845, 0, 1, 1, 1, 
269.075976, 12, 0.1, 0.1, -0.00285266281, 0.36837595, -0.0199703396, 0.975586983, 7.552243e-006, 0.219613385, 0.219613385, -5.31475137e-006, -0.975586983, -6.20067943e-006, 1, -6.8435759e-006, 0.975586983, 1.37099341e-005, 0.219613385, 0.219613386, -9.05954505e-006, -0.975586983, -1.13856359e-005, 1, -1.18492593e-005, 0, 0, 0, 0, 0, 0, 0, 0.314691699, -0.183188135, -0.177999902, -0.540488109, 0.635528336, -0.551206166, -0.817626953, -0.242431641, 0.521972656, 0.198073567, 0.732846205, 0.650881701, 0, 0, 0, 0, 0, 0, 0, 0.352268457, -0.146275537, -0.152016064, -0.283013942, 0.267112034, -0.921167174, 0.66809082, -0.634155273, -0.389160156, -0.68813786, -0.72544289, 0.00100736845, 0, 1, 1, 1, 
269.076663, 12, 0.1, 0.1, -0.00285266253, 0.368375949, -0.0199702789, 0.975586984, 1.29976617e-005, 0.219613381, 0.219613381, -7.8852687e-006, -0.975586984, -1.09486391e-005, 1, -1.05472259e-005, 0.975586983, 7.86737916e-006, 0.219613382, 0.219613382, -4.72992742e-006, -0.975586984, -6.63655735e-006, 1, -6.34223737e-006, 0, 0, 0, 0, 0, 0, 0, 0.314691699, -0.183188135, -0.177999902, -0.540488109, 0.635528336, -0.551206166, -0.817626953, -0.242431641, 0.521972656, 0.198073567, 0.732846205, 0.650881701, 0, 0, 0, 0, 0, 0, 0, 0.352268457, -0.146275537, -0.152016064, -0.283013942, 0.267112034, -0.921167174, 0.66809082, -0.634155273, -0.389160156, -0.68813786, -0.72544289, 0.00100736845, 0, 1, 1, 1, 
269.077382, 12, 0.1, 0.1, -0.00285266146, 0.368375949, -0.0199698207, 0.975586986, 5.43440982e-006, 0.219613373, 0.219613373, -3.18771519e-006, -0.975586986, -4.60167461e-006, 1, -4.30336253e-006, 0.975586985, -1.15898578e-005, 0.219613375, 0.219613375, 7.51078318e-006, -0.975586985, 9.65744602e-006, 1, 9.87271011e-006, 0, 0, 0, 0, 0, 0, 0, 0.31447063, -0.182510107, -0.178883081, -0.544847632, 0.635781454, -0.54674405, -0.814575195, -0.246704102, 0.524780273, 0.198640456, 0.731323012, 0.652523217, 0, 0, 0, 0, 0, 0, 0, 0.35184209, -0.146024951, -0.152347803, -0.286815304, 0.268191522, -0.919639992, 0.668823242, -0.631225586, -0.392578125, -0.68583706, -0.7275388, 0.00165885253, 0, 1, 1, 1, 
269.078214, 12, 0.1, 0.1, -0.00285266042, 0.368375948, -0.019968514, 0.975586988, -7.39332112e-006, 0.219613361, 0.219613361, 4.68180261e-006, -0.975586988, 6.18464148e-006, 1, 6.1911778e-006, 0.975586987, -1.85725108e-005, 0.219613364, 0.219613365, 1.13753425e-005, -0.975586987, 1.56209227e-005, 1, 1.51764077e-005, 0, 0, 0, 0, 0, 0, 0, 0.31447063, -0.182510107, -0.178883081, -0.544847632, 0.635781454, -0.54674405, -0.814575195, -0.246704102, 0.524780273, 0.198640456, 0.731323012, 0.652523217, 0, 0, 0, 0, 0, 0, 0, 0.35184209, -0.146024951, -0.152347803, -0.286815304, 0.268191522, -0.919639992, 0.668823242, -0.631225586, -0.392578125, -0.68583706, -0.7275388, 0.00165885253, 0, 1, 1, 1, 
269.079071, 12, 0.1, 0.1, -0.00285266364, 0.36837595, -0.0199640466, 0.975586992, -3.25315818e-005, 0.219613344, 0.219613344, 2.03595286e-005, -0.975586992, 2.72661639e-005, 0.999999999, 2.70068607e-005, 0.975586991, 4.60087249e-007, 0.219613347, 0.219613347, -4.01538921e-007, -0.975586991, -3.60671829e-007, 1, -4.92777448e-007, 0, 0, 0, 0, 0, 0, 0, 0.31447063, -0.182510107, -0.178883081, -0.544847632, 0.635781454, -0.54674405, -0.814575195, -0.246704102, 0.524780273, 0.198640456, 0.731323012, 0.652523217, 0, 0, 0, 0, 0, 0, 0, 0.35184209, -0.146024951, -0.152347803, -0.286815304, 0.268191522, -0.919639992, 0.668823242, -0.631225586, -0.392578125, -0.68583706, -0.7275388, 0.00165885253, 0, 1, 1, 1, 
269.07977, 12, 0.1, 0.1, -0.00285265818, 0.368375946, -0.0199620876, 0.975586995, 2.16308369e-005, 0.219613331, 0.219613331, -1.42529576e-005, -0.975586995, -1.79726237e-005, 1, -1.86554202e-005, 0.975586994, -1.92288272e-005, 0.219613333, 0.219613333, 1.22107737e-005, -0.975586995, 1.60777451e-005, 1, 1.61355788e-005, 0, 0, 0, 0, 0, 0, 0, 0.31447063, -0.182510107, -0.178883081, -0.544847632, 0.635781454, -0.54674405, -0.814575195, -0.246704102, 0.524780273, 0.198640456, 0.731323012, 0.652523217, 0, 0, 0, 0, 0, 0, 0, 0.35184209, -0.146024951, -0.152347803, -0.286501772, 0.266031446, -0.920355642, 0.671875, -0.62890625, -0.390991211, -0.682981024, -0.73034343, 0.001460892, 0, 1, 1, 1, 
269.080476, 12, 0.1, 0.1, -0.00285266438, 0.36837595, -0.0199623502, 0.975586995, -1.36682716e-005, 0.21961333, 0.21961333, 1.08005518e-005, -0.975586995, 1.09626428e-005, 1, 1.35386125e-005, 0.975586995, 2.29930882e-005, 0.219613329, 0.219613329, -1.25903388e-005, -0.975586995, -1.96667516e-005, 1, -1.73325595e-005, 0, 0, 0, 0, 0, 0, 0, 0.31447063, -0.182510107, -0.178883081, -0.544847632, 0.635781454, -0.54674405, -0.814575195, -0.246704102, 0.524780273, 0.198640456, 0.731323012, 0.652523217, 0, 0, 0, 0, 0, 0, 0, 0.352592627, -0.146003613, -0.150836621, -0.286501772, 0.266031446, -0.920355642, 0.671875, -0.62890625, -0.390991211, -0.682981024, -0.73034343, 0.001460892, 0, 1, 1, 1, 
269.081168, 12, 0.1, 0.1, -0.00285266096, 0.368375947, -0.019964611, 0.975586991, 2.3761365e-005, 0.219613346, 0.219613347, -1.63609537e-005, -0.975586991, -1.95881948e-005, 1, -2.11798465e-005, 0.975586993, -9.79955461e-006, 0.219613342, 0.219613342, 5.42226864e-006, -0.975586993, 8.36951548e-006, 1, 7.44200769e-006, 0, 0, 0, 0, 0, 0, 0, 0.31447063, -0.182510107, -0.178883081, -0.544847632, 0.635781454, -0.54674405, -0.814575195, -0.246704102, 0.524780273, 0.198640456, 0.731323012, 0.652523217, 0, 0, 0, 0, 0, 0, 0, 0.352592627, -0.146003613, -0.150836621, -0.286501772, 0.266031446, -0.920355642, 0.671875, -0.62890625, -0.390991211, -0.682981024, -0.73034343, 0.001460892, 0, 1, 1, 1, 
269.081854, 12, 0.1, 0.1, -0.00285266752, 0.368375951, -0.0199682464, 0.975586984, -3.23581291e-006, 0.219613378, 0.219613378, 3.60516175e-006, -0.975586984, 2.36507521e-006, 1, 4.22777668e-006, 0.975586986, 2.66318175e-005, 0.219613371, 0.219613371, -1.54732198e-005, -0.975586986, -2.25835286e-005, 1, -2.09441751e-005, 0, 0, 0, 0, 0, 0, 0, 0.31447063, -0.182510107, -0.178883081, -0.544847632, 0.635781454, -0.54674405, -0.814575195, -0.246704102, 0.524780273, 0.198640456, 0.731323012, 0.652523217, 0, 0, 0, 0, 0, 0, 0, 0.352592627, -0.146003613, -0.150836621, -0.286501772, 0.266031446, -0.920355642, 0.671875, -0.62890625, -0.390991211, -0.682981024, -0.73034343, 0.001460892, 0, 1, 1, 1, 
269.082557, 12, 0.1, 0.1, -0.00285266503, 0.36837595, -0.019972049, 0.975586975, 1.72472102e-005, 0.219613421, 0.219613421, -1.25595947e-005, -0.975586975, -1.40678981e-005, 1, -1.60406958e-005, 0.975586977, -7.88983855e-006, 0.219613411, 0.219613411, 4.32378921e-006, -0.975586977, 6.74766165e-006, 1, 5.9509468e-006, 0, 0, 0, 0, 0, 0, 0, 0.315237988, -0.182684546, -0.177194678, -0.547039186, 0.632253919, -0.548603858, -0.814331055, -0.249755859, 0.523803711, 0.194167478, 0.73324123, 0.651705455, 0, 0, 0, 0, 0, 0, 0, 0.352592627, -0.146003613, -0.150836621, -0.286501772, 0.266031446, -0.920355642, 0.671875, -0.62890625, -0.390991211, -0.682981024, -0.73034343, 0.001460892, 0, 1, 1, 1, 
269.083251, 12, 0.1, 0.1, -0.00285266934, 0.368375952, -0.0199748889, 0.975586963, -8.58160606e-006, 0.219613471, 0.219613471, 6.32644866e-006, -0.975586963, 6.98272964e-006, 1, 8.05663713e-006, 0.975586966, 1.53521838e-005, 0.219613459, 0.219613459, -1.01974876e-005, -0.975586966, -1.27378849e-005, 1, -1.33200822e-005, 0, 0, 0, 0, 0, 0, 0, 0.315237988, -0.182684546, -0.177194678, -0.547039186, 0.632253919, -0.548603858, -0.814331055, -0.249755859, 0.523803711, 0.194167478, 0.73324123, 0.651705455, 0, 0, 0, 0, 0, 0, 0, 0.352592627, -0.146003613, -0.150836621, -0.286501772, 0.266031446, -0.920355642, 0.671875, -0.62890625, -0.390991211, -0.682981024, -0.73034343, 0.001460892, 0, 1, 1, 1, 
269.083937, 12, 0.1, 0.1, -0.00285266687, 0.36837595, -0.0199760626, 0.975586953, 1.2960403e-005, 0.219613517, 0.219613518, -6.15160672e-006, -0.975586953, -1.1293024e-005, 1, -8.84770694e-006, 0.975586955, -8.68678333e-006, 0.219613508, 0.219613508, 8.0264775e-006, -0.975586955, 6.71198961e-006, 1, 9.73826171e-006, 0, 0, 0, 0, 0, 0, 0, 0.315237988, -0.182684546, -0.177194678, -0.547039186, 0.632253919, -0.548603858, -0.814331055, -0.249755859, 0.523803711, 0.194167478, 0.73324123, 0.651705455, 0, 0, 0, 0, 0, 0, 0, 0.352592627, -0.146003613, -0.150836621, -0.286501772, 0.266031446, -0.920355642, 0.671875, -0.62890625, -0.390991211, -0.682981024, -0.73034343, 0.001460892, 0, 1, 1, 1, 
269.084651, 12, 0.1, 0.1, -0.00285266918, 0.368375952, -0.0199752133, 0.975586947, -2.21755644e-005, 0.219613544, 0.219613544, 1.06382496e-005, -0.975586947, 1.92978875e-005, 1, 1.52485917e-005, 0.975586948, 4.0456134e-006, 0.219613541, 0.219613541, -4.98345604e-006, -0.975586948, -2.8524132e-006, 1, -5.75026616e-006, 0, 0, 0, 0, 0, 0, 0, 0.315603418, -0.182821021, -0.175724023, -0.548462029, 0.629468886, -0.550318011, -0.813964844, -0.251098633, 0.523681641, 0.191426628, 0.735165439, 0.650246663, 0, 0, 0, 0, 0, 0, 0, 0.352592627, -0.146003613, -0.150836621, -0.286047882, 0.263839654, -0.921147851, 0.673583984, -0.628295898, -0.389038086, -0.681460405, -0.731678481, 0.00199134106, 0, 1, 1, 1, 
269.085339, 12, 0.1, 0.1, -0.00285266494, 0.36837595, -0.0199727349, 0.975586946, 1.15824656e-005, 0.219613548, 0.219613548, -7.21797512e-006, -0.975586946, -9.71453712e-006, 1, -9.58542868e-006, 0.975586946, -1.51335883e-005, 0.21961355, 0.21961355, 8.12363604e-006, -0.975586946, 1.29800707e-005, 1, 1.12488543e-005, 0, 0, 0, 0, 0, 0, 0, 0.315603418, -0.182821021, -0.175724023, -0.548462029, 0.629468886, -0.550318011, -0.813964844, -0.251098633, 0.523681641, 0.191426628, 0.735165439, 0.650246663, 0, 0, 0, 0, 0, 0, 0, 0.353101123, -0.146623193, -0.149538428, -0.286047882, 0.263839654, -0.921147851, 0.673583984, -0.628295898, -0.389038086, -0.681460405, -0.731678481, 0.00199134106, 0, 1, 1, 1, 
269.086024, 12, 0.1, 0.1, -0.00285266764, 0.368375951, -0.0199696672, 0.975586946, -2.29678926e-005, 0.219613549, 0.219613549, 1.6345487e-005, -0.975586946, 1.88174857e-005, 1, 2.09905042e-005, 0.975586946, 5.64402734e-006, 0.219613549, 0.219613549, -1.43351371e-006, -0.975586946, -5.19142036e-006, 1, -2.63802214e-006, 0, 0, 0, 0, 0, 0, 0, 0.315603418, -0.182821021, -0.175724023, -0.548462029, 0.629468886, -0.550318011, -0.813964844, -0.251098633, 0.523681641, 0.191426628, 0.735165439, 0.650246663, 0, 0, 0, 0, 0, 0, 0, 0.353101123, -0.146623193, -0.149538428, -0.286047882, 0.263839654, -0.921147851, 0.673583984, -0.628295898, -0.389038086, -0.681460405, -0.731678481, 0.00199134106, 0, 1, 1, 1, 
269.086709, 12, 0.1, 0.1, -0.00285266333, 0.368375948, -0.0199669094, 0.975586943, 1.78622297e-005, 0.21961356, 0.21961356, -1.18029439e-005, -0.975586943, -1.48340716e-005, 1, -1.54375858e-005, 0.975586944, -1.45979045e-005, 0.219613558, 0.219613558, 8.43200735e-006, -0.975586944, 1.23897419e-005, 1, 1.1432054e-005, 0, 0, 0, 0, 0, 0, 0, 0.315603418, -0.182821021, -0.175724023, -0.548462029, 0.629468886, -0.550318011, -0.813964844, -0.251098633, 0.523681641, 0.191426628, 0.735165439, 0.650246663, 0, 0, 0, 0, 0, 0, 0, 0.353101123, -0.146623193, -0.149538428, -0.286047882, 0.263839654, -0.921147851, 0.673583984, -0.628295898, -0.389038086, -0.681460405, -0.731678481, 0.00199134106, 0, 1, 1, 1, 
269.087397, 12, 0.1, 0.1, -0.00285266779, 0.368375951, -0.0199651844, 0.975586941, -1.90242588e-005, 0.219613571, 0.219613572, 1.12518065e-005, -0.975586941, 1.6088769e-005, 1, 1.51551009e-005, 0.975586941, 1.34598443e-005, 0.21961357, 0.21961357, -9.39439566e-006, -0.975586941, -1.10681116e-005, 1, -1.21210142e-005, 0, 0, 0, 0, 0, 0, 0, 0.315603418, -0.182821021, -0.175724023, -0.548462029, 0.629468886, -0.550318011, -0.813964844, -0.251098633, 0.523681641, 0.191426628, 0.735165439, 0.650246663, 0, 0, 0, 0, 0, 0, 0, 0.353101123, -0.146623193, -0.149538428, -0.286047882, 0.263839654, -0.921147851, 0.673583984, -0.628295898, -0.389038086, -0.681460405, -0.731678481, 0.00199134106, 0, 1, 1, 1, 
269.088087, 12, 0.1, 0.1, -0.00285266386, 0.368375948, -0.0199649464, 0.97558694, 2.12711647e-005, 0.219613573, 0.219613573, -1.33621927e-005, -0.97558694, -1.78173516e-005, 1, -1.77074172e-005, 0.975586941, -1.1752724e-005, 0.219613573, 0.219613573, 8.04179229e-006, -0.975586941, 9.69971733e-006, 1, 1.04265252e-005, 0, 0, 0, 0, 0, 0, 0, 0.315603418, -0.182821021, -0.175724023, -0.548462029, 0.629468886, -0.550318011, -0.813964844, -0.251098633, 0.523681641, 0.191426628, 0.735165439, 0.650246663, 0, 0, 0, 0, 0, 0, 0, 0.353101123, -0.146623193, -0.149538428, -0.286047882, 0.263839654, -0.921147851, 0.673583984, -0.628295898, -0.389038086, -0.681460405, -0.731678481, 0.00199134106, 0, 1, 1, 1, 
