time, trialNum, realDorsalTactorPos, realVentralTactorPos, boxPosX, boxPosY, boxPosZ, boxLocalRot_11, boxLocalRot_12, boxLocalRot_13, boxLocalRot_21, boxLocalRot_22, boxLocalRot_23, boxLocalRot_31, boxLocalRot_32, boxLocalRot_33, boxGlobalRot_11, boxGlobalRot_12, boxGlobalRot_13, boxGlobalRot_21, boxGlobalRot_22, boxGlobalRot_23, boxGlobalRot_31, boxGlobalRot_32, boxGlobalRot_33, indexForceX, indexForceY, indexForceZ, indexForceGlobalX, indexForceGlobalY, indexForceGlobalZ, indexContact, indexPosX, indexPosY, indexPosZ, indexRot_11, indexRot_12, indexRot_13, indexRot_21, indexRot_22, indexRot_23, indexRot_31, indexRot_32, indexRot_33, thumbForceX, thumbForceY, thumbForceZ, thumbForceGlobalX, thumbForceGlobalY, thumbForceGlobalZ, thumbContact, thumbPosX, thumbPosY, thumbPosZ, thumbRot_11, thumbRot_12, thumbRot_13, thumbRot_21, thumbRot_22, thumbRot_23, thumbRot_31, thumbRot_32, thumbRot_33, manipForceTooHigh, cceExpType, mapping, trialSuccess, 
557.608322, 42, 0.1, 0.1, 0.00124022669, 0.364179181, -0.0199680036, 0.975769862, 0.218799396, -2.57916752e-005, 0.218799396, -0.975769862, -1.06174152e-005, -2.74898234e-005, 4.71695087e-006, -1, 0.975769772, 0.218799798, 1.06192082e-005, 0.218799799, -0.975769772, -2.467858e-005, 4.96223408e-006, 2.6404093e-005, -1, 0, 0, 0, 0, 0, 0, 0, 0.135843188, 0.136782886, -0.195469678, 0.169844243, 0.93999402, -0.295849689, -0.734863281, 0.320800781, 0.597412109, 0.656439119, 0.115977088, 0.7453996, 0, -0, 0, 0, 0, 0, 0, 0.198944678, 0.155992676, -0.165484961, 0.0346946694, 0.804111231, -0.593259603, -0.633666992, -0.441162109, -0.635253906, -0.772701083, 0.398000377, 0.494406835, 0, 1, 5, 1, 
557.653012, 42, 0.1, 0.1, 0.00124027221, 0.364178892, -0.0199714115, 0.975785722, 0.218728645, -7.24712382e-005, 0.218728649, -0.975785723, 4.18336119e-005, -6.15661902e-005, -5.66721772e-005, -0.999999996, 0.975785717, 0.218728671, -5.81357717e-005, 0.218728673, -0.975785717, 3.36597094e-005, -4.93657122e-005, -4.55606239e-005, -0.999999998, 0, 0, 0, 0, 0, 0, 0, 0.187772388, 0.0830228271, -0.194410864, 0.101612157, 0.970267662, -0.219562404, -0.84375, 0.201049805, 0.497558594, 0.526845583, 0.134664682, 0.839235169, 0, -0, 0, 0, 0, 0, 0, 0.236740479, 0.10543374, -0.163590332, -0.0444574455, 0.761670139, -0.646241478, -0.449707031, -0.592895508, -0.66784668, -0.891979716, 0.261100255, 0.369041331, 0, 1, 5, 1, 
557.653705, 42, 0.1, 0.1, 0.00124026689, 0.364178892, -0.0199706763, 0.975785755, 0.218728505, 2.96866105e-005, 0.218728506, -0.975785755, -1.50260331e-005, 2.56811499e-005, 2.1155497e-005, -0.999999999, 0.975785749, 0.218728536, -1.1141793e-005, 0.218728536, -0.975785749, 9.40362619e-006, -8.81516141e-006, -1.16129525e-005, -1, 0, 0, 0, 0, 0, 0, 0, 0.187772388, 0.0830228271, -0.194410864, 0.101612157, 0.970267662, -0.219562404, -0.84375, 0.201049805, 0.497558594, 0.526845583, 0.134664682, 0.839235169, 0, -0, 0, 0, 0, 0, 0, 0.236740479, 0.10543374, -0.163590332, -0.0444574455, 0.761670139, -0.646241478, -0.449707031, -0.592895508, -0.66784668, -0.891979716, 0.261100255, 0.369041331, 0, 1, 5, 1, 
557.654401, 42, 0.1, 0.1, 0.00124028075, 0.36417888, -0.0199697102, 0.97578579, 0.21872835, 4.43396963e-005, 0.218728351, -0.97578579, -3.14226799e-005, 3.63930146e-005, 4.03601532e-005, -0.999999999, 0.975785781, 0.218728384, 6.63645912e-005, 0.218728387, -0.975785781, -4.1725188e-005, 5.56311416e-005, 5.52306651e-005, -0.999999997, 0, 0, 0, 0, 0, 0, 0, 0.187772388, 0.0830228271, -0.194410864, 0.101612157, 0.970267662, -0.219562404, -0.84375, 0.201049805, 0.497558594, 0.526845583, 0.134664682, 0.839235169, 0, -0, 0, 0, 0, 0, 0, 0.236740479, 0.10543374, -0.163590332, -0.0444574455, 0.761670139, -0.646241478, -0.449707031, -0.592895508, -0.66784668, -0.891979716, 0.261100255, 0.369041331, 0, 1, 5, 1, 
557.655097, 42, 0.1, 0.1, 0.00124027238, 0.364178881, -0.0199687547, 0.975785829, 0.218728165, -7.95678351e-005, 0.218728168, -0.97578583, 4.10757133e-005, -6.86567506e-005, -5.74848258e-005, -0.999999996, 0.975785821, 0.2187282, -7.74158424e-005, 0.218728203, -0.975785823, 3.87410822e-005, -6.70675143e-005, -5.47360268e-005, -0.999999996, 0, 0, 0, 0, 0, 0, 0, 0.187772388, 0.0830228271, -0.194410864, 0.101612157, 0.970267662, -0.219562404, -0.84375, 0.201049805, 0.497558594, 0.526845583, 0.134664682, 0.839235169, 0, -0, 0, 0, 0, 0, 0, 0.236740479, 0.10543374, -0.163590332, -0.0444574455, 0.761670139, -0.646241478, -0.449707031, -0.592895508, -0.66784668, -0.891979716, 0.261100255, 0.369041331, 0, 1, 5, 1, 
557.655797, 42, 0.1, 0.1, 0.00124027285, 0.364178877, -0.0199680951, 0.975785877, 0.218727953, 6.80463418e-005, 0.218727956, -0.975785878, -3.60941165e-005, 5.85038672e-005, 5.01037663e-005, -0.999999997, 0.975785869, 0.218727997, 3.65936442e-005, 0.218727998, -0.975785869, -1.90018193e-005, 3.1551331e-005, 2.65457612e-005, -0.999999999, 0, 0, 0, 0, 0, 0, 0, 0.187772388, 0.0830228271, -0.194410864, 0.101612157, 0.970267662, -0.219562404, -0.84375, 0.201049805, 0.497558594, 0.526845583, 0.134664682, 0.839235169, 0, -0, 0, 0, 0, 0, 0, 0.236740479, 0.10543374, -0.163590332, -0.0444574455, 0.761670139, -0.646241478, -0.449707031, -0.592895508, -0.66784668, -0.891979716, 0.261100255, 0.369041331, 0, 1, 5, 1, 
557.65649, 42, 0.1, 0.1, 0.00124028694, 0.364178867, -0.0199679278, 0.975785925, 0.218727751, 1.99985882e-005, 0.218727751, -0.975785925, -1.22739892e-005, 1.68296788e-005, 1.63510322e-005, -1, 0.975785913, 0.218727795, 5.52859776e-005, 0.218727797, -0.975785914, -3.09483698e-005, 4.71780095e-005, 4.22915633e-005, -0.999999998, 0, 0, 0, 0, 0, 0, 0, 0.187772388, 0.0830228271, -0.194410864, 0.101612157, 0.970267662, -0.219562404, -0.84375, 0.201049805, 0.497558594, 0.526845583, 0.134664682, 0.839235169, 0, -0, 0, 0, 0, 0, 0, 0.236740479, 0.10543374, -0.163590332, -0.0444574455, 0.761670139, -0.646241478, -0.449707031, -0.592895508, -0.66784668, -0.891979716, 0.261100255, 0.369041331, 0, 1, 5, 1, 
557.657197, 42, 0.1, 0.1, 0.00124027516, 0.36417887, -0.0199682483, 0.97578597, 0.218727537, -7.2191675e-005, 0.21872754, -0.975785971, 3.75358436e-005, -6.22335011e-005, -5.24172571e-005, -0.999999997, 0.97578596, 0.218727578, -8.20082131e-005, 0.218727582, -0.975785962, 4.27512131e-005, -7.06715938e-005, -5.96534917e-005, -0.999999996, 0, 0, 0, 0, 0, 0, 0, 0.187772388, 0.0830228271, -0.194410864, 0.0946076461, 0.970879856, -0.219864575, -0.850708008, 0.193725586, 0.488647461, 0.516955306, 0.140870909, 0.844350297, 0, -0, 0, 0, 0, 0, 0, 0.236740479, 0.10543374, -0.163590332, -0.0444574455, 0.761670139, -0.646241478, -0.449707031, -0.592895508, -0.66784668, -0.891979716, 0.261100255, 0.369041331, 0, 1, 5, 1, 
557.657905, 42, 0.1, 0.1, 0.0012402801, 0.364178863, -0.0199686547, 0.975786017, 0.218727324, 7.58712317e-005, 0.218727328, -0.975786019, -4.45549464e-005, 6.4288703e-005, 6.00712054e-005, -0.999999996, 0.97578601, 0.218727363, 5.94856728e-005, 0.218727366, -0.97578601, -3.53606468e-005, 5.03109463e-005, 4.7515569e-005, -0.999999998, 0, 0, 0, 0, 0, 0, 0, 0.191402686, 0.0781616699, -0.193964258, 0.0946076461, 0.970879856, -0.219864575, -0.850708008, 0.193725586, 0.488647461, 0.516955306, 0.140870909, 0.844350297, 0, -0, 0, 0, 0, 0, 0, 0.239526514, 0.101170605, -0.163220557, -0.0476084236, 0.757279259, -0.651137288, -0.436767578, -0.601928711, -0.668334961, -0.898202547, 0.252660478, 0.359566543, 0, 1, 5, 1, 
557.658621, 42, 0.1, 0.1, 0.00124028794, 0.364178855, -0.0199692422, 0.975786066, 0.218727119, -3.45683479e-005, 0.218727119, -0.975786066, 1.78836058e-005, -2.98196826e-005, -2.50116085e-005, -0.999999999, 0.975786057, 0.218727162, 9.31008018e-006, 0.218727162, -0.975786057, -8.52308726e-006, 7.22041575e-006, 1.03530771e-005, -1, 0, 0, 0, 0, 0, 0, 0, 0.191402686, 0.0781616699, -0.193964258, 0.0946076461, 0.970879856, -0.219864575, -0.850708008, 0.193725586, 0.488647461, 0.516955306, 0.140870909, 0.844350297, 0, -0, 0, 0, 0, 0, 0, 0.239526514, 0.101170605, -0.163220557, -0.0476084236, 0.757279259, -0.651137288, -0.436767578, -0.601928711, -0.668334961, -0.898202547, 0.252660478, 0.359566543, 0, 1, 5, 1, 
557.659317, 42, 0.1, 0.1, 0.00124027487, 0.36417886, -0.0199697116, 0.975786112, 0.218726909, -5.26026354e-005, 0.218726911, -0.975786112, 3.57536802e-005, -4.35086292e-005, -4.63935565e-005, -0.999999998, 0.975786101, 0.218726952, -7.38211786e-005, 0.218726956, -0.975786102, 4.74503482e-005, -6.16550101e-005, -6.24480719e-005, -0.999999996, 0, 0, 0, 0, 0, 0, 0, 0.191402686, 0.0781616699, -0.193964258, 0.0946076461, 0.970879856, -0.219864575, -0.850708008, 0.193725586, 0.488647461, 0.516955306, 0.140870909, 0.844350297, 0, -0, 0, 0, 0, 0, 0, 0.239526514, 0.101170605, -0.163220557, -0.0476084236, 0.757279259, -0.651137288, -0.436767578, -0.601928711, -0.668334961, -0.898202547, 0.252660478, 0.359566543, 0, 1, 5, 1, 
557.660038, 42, 0.1, 0.1, 0.00124028405, 0.364178852, -0.0199699995, 0.975786161, 0.218726684, 7.08155636e-005, 0.218726687, -0.975786162, -4.48565724e-005, 5.92895177e-005, 5.92596762e-005, -0.999999996, 0.975786151, 0.218726731, 6.77837756e-005, 0.218726734, -0.975786152, -4.06733849e-005, 5.7246113e-005, 5.45146496e-005, -0.999999997, 0, 0, 0, 0, 0, 0, 0, 0.194919434, 0.0753829346, -0.193091772, 0.0810913723, 0.972938859, -0.216238195, -0.858764648, 0.178344727, 0.480224609, 0.505748145, 0.146847983, 0.850079124, 0, -0, 0, 0, 0, 0, 0, 0.239526514, 0.101170605, -0.163220557, -0.0550533003, 0.754280299, -0.65402031, -0.420166016, -0.611694336, -0.670166016, -0.905613141, 0.237984378, 0.350794278, 0, 1, 5, 1, 
557.660736, 42, 0.1, 0.1, 0.00124028588, 0.364178847, -0.0199699202, 0.975786215, 0.21872645, -5.96603176e-005, 0.218726452, -0.975786215, 3.0755733e-005, -5.14886233e-005, -4.30603099e-005, -0.999999998, 0.975786205, 0.218726497, -3.18624796e-005, 0.218726497, -0.975786206, 1.32535081e-005, -2.81920746e-005, -1.99017589e-005, -0.999999999, 0, 0, 0, 0, 0, 0, 0, 0.194919434, 0.0753829346, -0.193091772, 0.0810913723, 0.972938859, -0.216238195, -0.858764648, 0.178344727, 0.480224609, 0.505748145, 0.146847983, 0.850079124, 0, -0, 0, 0, 0, 0, 0, 0.242226709, 0.0984311035, -0.16247959, -0.0550533003, 0.754280299, -0.65402031, -0.420166016, -0.611694336, -0.670166016, -0.905613141, 0.237984378, 0.350794278, 0, 1, 5, 1, 
557.661438, 42, 0.1, 0.1, 0.00124027637, 0.36417885, -0.019969727, 0.975786273, 0.218726198, -7.76311271e-006, 0.218726198, -0.975786273, 1.21288748e-005, -4.92223616e-006, -1.35331856e-005, -1, 0.975786259, 0.218726254, -4.20615063e-005, 0.218726255, -0.97578626, 3.04609434e-005, -3.43804319e-005, -3.89233258e-005, -0.999999999, 0, 0, 0, 0, 0, 0, 0, 0.194919434, 0.0753829346, -0.193091772, 0.0810913723, 0.972938859, -0.216238195, -0.858764648, 0.178344727, 0.480224609, 0.505748145, 0.146847983, 0.850079124, 0, -0, 0, 0, 0, 0, 0, 0.242226709, 0.0984311035, -0.16247959, -0.0550533003, 0.754280299, -0.65402031, -0.420166016, -0.611694336, -0.670166016, -0.905613141, 0.237984378, 0.350794278, 0, 1, 5, 1, 
557.662133, 42, 0.1, 0.1, 0.00124029124, 0.36417884, -0.0199694531, 0.97578633, 0.218725928, 7.61503693e-005, 0.218725931, -0.975786332, -3.81446366e-005, 6.59632684e-005, 5.38770754e-005, -0.999999996, 0.975786318, 0.218725979, 8.60086669e-005, 0.218725983, -0.97578632, -4.2223521e-005, 7.46906996e-005, 6.00134644e-005, -0.999999995, 0, 0, 0, 0, 0, 0, 0, 0.194919434, 0.0753829346, -0.193091772, 0.0810913723, 0.972938859, -0.216238195, -0.858764648, 0.178344727, 0.480224609, 0.505748145, 0.146847983, 0.850079124, 0, -0, 0, 0, 0, 0, 0, 0.242226709, 0.0984311035, -0.16247959, -0.0550533003, 0.754280299, -0.65402031, -0.420166016, -0.611694336, -0.670166016, -0.905613141, 0.237984378, 0.350794278, 0, 1, 5, 1, 
557.662832, 42, 0.1, 0.1, 0.00124028905, 0.364178838, -0.0199692169, 0.975786395, 0.218725642, -7.32128312e-005, 0.218725645, -0.975786396, 3.82560588e-005, -6.30725037e-005, -5.33432655e-005, -0.999999997, 0.975786384, 0.218725695, -5.60475358e-005, 0.218725697, -0.975786385, 2.98713316e-005, -4.81567946e-005, -4.1407075e-005, -0.999999998, 0, 0, 0, 0, 0, 0, 0, 0.194919434, 0.0753829346, -0.193091772, 0.0810913723, 0.972938859, -0.216238195, -0.858764648, 0.178344727, 0.480224609, 0.505748145, 0.146847983, 0.850079124, 0, -0, 0, 0, 0, 0, 0, 0.242226709, 0.0984311035, -0.16247959, -0.0550533003, 0.754280299, -0.65402031, -0.420166016, -0.611694336, -0.670166016, -0.905613141, 0.237984378, 0.350794278, 0, 1, 5, 1, 
557.663532, 42, 0.1, 0.1, 0.00124028307, 0.364178838, -0.0199690956, 0.975786453, 0.218725393, 2.98441161e-005, 0.218725393, -0.975786453, -2.17663563e-005, 2.43606294e-005, 2.77669816e-005, -0.999999999, 0.975786441, 0.218725445, -1.36770216e-005, 0.218725445, -0.975786442, 3.42284068e-006, -1.25971899e-005, -6.33147417e-006, -1, 0, 0, 0, 0, 0, 0, 0, 0.194919434, 0.0753829346, -0.193091772, 0.0810913723, 0.972938859, -0.216238195, -0.858764648, 0.178344727, 0.480224609, 0.505748145, 0.146847983, 0.850079124, 0, -0, 0, 0, 0, 0, 0, 0.242226709, 0.0984311035, -0.16247959, -0.0550533003, 0.754280299, -0.65402031, -0.420166016, -0.611694336, -0.670166016, -0.905613141, 0.237984378, 0.350794278, 0, 1, 5, 1, 
557.664229, 42, 0.1, 0.1, 0.00124029743, 0.364178826, -0.0199691102, 0.975786502, 0.218725171, 4.78188595e-005, 0.218725172, -0.975786502, -3.17668439e-005, 3.97127893e-005, 4.14568458e-005, -0.999999998, 0.975786491, 0.218725214, 7.01337922e-005, 0.218725217, -0.975786492, -4.36463575e-005, 5.88890482e-005, 5.79295549e-005, -0.999999997, 0, 0, 0, 0, 0, 0, 0, 0.194919434, 0.0753829346, -0.193091772, 0.0810913723, 0.972938859, -0.216238195, -0.858764648, 0.178344727, 0.480224609, 0.505748145, 0.146847983, 0.850079124, 0, -0, 0, 0, 0, 0, 0, 0.242226709, 0.0984311035, -0.16247959, -0.0550533003, 0.754280299, -0.65402031, -0.420166016, -0.611694336, -0.670166016, -0.905613141, 0.237984378, 0.350794278, 0, 1, 5, 1, 
557.664953, 42, 0.1, 0.1, 0.00124028849, 0.364178828, -0.0199690859, 0.975786551, 0.218724941, -8.0983533e-005, 0.218724945, -0.975786552, 5.00710038e-005, -6.80708652e-005, -6.65717309e-005, -0.999999995, 0.975786541, 0.21872499, -7.80976396e-005, 0.218724994, -0.975786542, 4.60214715e-005, -6.61405798e-005, -6.19890382e-005, -0.999999996, 0, 0, 0, 0, 0, 0, 0, 0.197973364, 0.071900293, -0.193095044, 0.0713280369, 0.974545549, -0.212130668, -0.86328125, 0.166870117, 0.476196289, 0.499508213, 0.149188939, 0.853383497, 0, -0, 0, 0, 0, 0, 0, 0.242226709, 0.0984311035, -0.16247959, -0.0615459206, 0.752208076, -0.655855193, -0.40612793, -0.619140625, -0.67199707, -0.91157348, 0.225001337, 0.343727832, 0, 1, 5, 1, 
557.66565, 42, 0.1, 0.1, 0.00124028737, 0.364178827, -0.0199689818, 0.975786605, 0.218724707, 5.57799503e-005, 0.218724709, -0.975786606, -2.99911112e-005, 4.78695313e-005, 4.1465378e-005, -0.999999998, 0.975786596, 0.218724754, 2.67242093e-005, 0.218724754, -0.975786596, -1.15527791e-005, 2.35502464e-005, 1.71182931e-005, -1, 0, 0, 0, 0, 0, 0, 0, 0.197973364, 0.071900293, -0.193095044, 0.0713280369, 0.974545549, -0.212130668, -0.86328125, 0.166870117, 0.476196289, 0.499508213, 0.149188939, 0.853383497, 0, -0, 0, 0, 0, 0, 0, 0.244573926, 0.095342041, -0.162079883, -0.0615459206, 0.752208076, -0.655855193, -0.40612793, -0.619140625, -0.67199707, -0.91157348, 0.225001337, 0.343727832, 0, 1, 5, 1, 
557.666346, 42, 0.1, 0.1, 0.00124029874, 0.364178817, -0.0199690864, 0.975786661, 0.218724465, 9.69077579e-006, 0.218724465, -0.975786661, -1.05751289e-005, 7.14309034e-006, 1.24386795e-005, -1, 0.975786649, 0.218724515, 4.21283592e-005, 0.218724516, -0.975786649, -2.99381564e-005, 3.45600818e-005, 3.84277583e-005, -0.999999999, 0, 0, 0, 0, 0, 0, 0, 0.197973364, 0.071900293, -0.193095044, 0.0713280369, 0.974545549, -0.212130668, -0.86328125, 0.166870117, 0.476196289, 0.499508213, 0.149188939, 0.853383497, 0, -0, 0, 0, 0, 0, 0, 0.244573926, 0.095342041, -0.162079883, -0.0615459206, 0.752208076, -0.655855193, -0.40612793, -0.619140625, -0.67199707, -0.91157348, 0.225001337, 0.343727832, 0, 1, 5, 1, 
557.667052, 42, 0.1, 0.1, 0.00124028643, 0.364178822, -0.0199692463, 0.975786716, 0.218724208, -7.05666523e-005, 0.218724212, -0.975786717, 4.58776942e-005, -5.88234396e-005, -6.02014799e-005, -0.999999996, 0.975786704, 0.218724261, -8.17363853e-005, 0.218724266, -0.975786705, 4.93671363e-005, -6.89594877e-005, -6.60495261e-005, -0.999999995, 0, 0, 0, 0, 0, 0, 0, 0.197973364, 0.071900293, -0.193095044, 0.0713280369, 0.974545549, -0.212130668, -0.86328125, 0.166870117, 0.476196289, 0.499508213, 0.149188939, 0.853383497, 0, -0, 0, 0, 0, 0, 0, 0.244573926, 0.095342041, -0.162079883, -0.0615459206, 0.752208076, -0.655855193, -0.40612793, -0.619140625, -0.67199707, -0.91157348, 0.225001337, 0.343727832, 0, 1, 5, 1, 
557.667751, 42, 0.1, 0.1, 0.00124029126, 0.364178817, -0.0199694113, 0.975786776, 0.218723942, 7.38135667e-005, 0.218723945, -0.975786777, -4.21768899e-005, 6.28012067e-005, 5.7300446e-005, -0.999999996, 0.975786765, 0.218723994, 5.76484389e-005, 0.218723996, -0.975786766, -3.11167657e-005, 4.94466004e-005, 4.2972425e-005, -0.999999998, 0, 0, 0, 0, 0, 0, 0, 0.197973364, 0.071900293, -0.193095044, 0.0713280369, 0.974545549, -0.212130668, -0.86328125, 0.166870117, 0.476196289, 0.499508213, 0.149188939, 0.853383497, 0, -0, 0, 0, 0, 0, 0, 0.244573926, 0.095342041, -0.162079883, -0.0615459206, 0.752208076, -0.655855193, -0.40612793, -0.619140625, -0.67199707, -0.91157348, 0.225001337, 0.343727832, 0, 1, 5, 1, 
557.668449, 42, 0.1, 0.1, 0.00124029929, 0.364178809, -0.0199695848, 0.975786839, 0.21872367, -2.72352593e-005, 0.21872367, -0.975786839, 1.28788203e-005, -2.37589048e-005, -1.85239793e-005, -1, 0.975786827, 0.218723724, 1.43508508e-005, 0.218723725, -0.975786827, -1.28262154e-005, 1.11979736e-005, 1.56545236e-005, -1, 0, 0, 0, 0, 0, 0, 0, 0.197973364, 0.071900293, -0.193095044, 0.0713280369, 0.974545549, -0.212130668, -0.86328125, 0.166870117, 0.476196289, 0.499508213, 0.149188939, 0.853383497, 0, -0, 0, 0, 0, 0, 0, 0.244573926, 0.095342041, -0.162079883, -0.0615459206, 0.752208076, -0.655855193, -0.40612793, -0.619140625, -0.67199707, -0.91157348, 0.225001337, 0.343727832, 0, 1, 5, 1, 
557.669142, 42, 0.1, 0.1, 0.00124028808, 0.364178813, -0.0199697687, 0.9757869, 0.218723398, -4.2122428e-005, 0.218723399, -0.9757869, 3.01267514e-005, -3.4513088e-005, -3.86104499e-005, -0.999999999, 0.975786886, 0.218723453, -6.34336003e-005, 0.218723456, -0.975786887, 4.17116026e-005, -5.27743696e-005, -5.45760511e-005, -0.999999997, 0, 0, 0, 0, 0, 0, 0, 0.197973364, 0.071900293, -0.193095044, 0.0713280369, 0.974545549, -0.212130668, -0.86328125, 0.166870117, 0.476196289, 0.499508213, 0.149188939, 0.853383497, 0, -0, 0, 0, 0, 0, 0, 0.244573926, 0.095342041, -0.162079883, -0.0615459206, 0.752208076, -0.655855193, -0.40612793, -0.619140625, -0.67199707, -0.91157348, 0.225001337, 0.343727832, 0, 1, 5, 1, 
557.669868, 42, 0.1, 0.1, 0.00124029992, 0.364178804, -0.0199696247, 0.975786962, 0.218723106, 8.44509361e-005, 0.218723111, -0.975786963, -5.17245483e-005, 7.10927686e-005, 6.89435113e-005, -0.999999995, 0.97578695, 0.218723162, 8.28329409e-005, 0.218723167, -0.975786951, -4.81999789e-005, 7.0284851e-005, 6.51503935e-005, -0.999999995, 0, 0, 0, 0, 0, 0, 0, 0.201385669, 0.067464624, -0.192702515, 0.0643306391, 0.974757849, -0.213404491, -0.868530273, 0.16003418, 0.468994141, 0.491223505, 0.155211319, 0.857045825, 0, -0, 0, 0, 0, 0, 0, 0.247340674, 0.0913155762, -0.161636133, -0.0654697844, 0.747900318, -0.660386432, -0.395019531, -0.627075195, -0.671142578, -0.916281889, 0.216938525, 0.336623474, 0, 1, 5, 1, 
557.670572, 42, 0.1, 0.1, 0.00124030306, 0.364178798, -0.0199693192, 0.975787031, 0.21872281, -5.70098203e-005, 0.218722812, -0.975787032, 2.93365275e-005, -4.92128756e-005, -4.10955512e-005, -0.999999998, 0.975787019, 0.218722868, -2.69627642e-005, 0.218722869, -0.975787019, 1.05625056e-005, -2.39996538e-005, -1.6204129e-005, -1, 0, 0, 0, 0, 0, 0, 0, 0.201385669, 0.067464624, -0.192702515, 0.0643306391, 0.974757849, -0.213404491, -0.868530273, 0.16003418, 0.468994141, 0.491223505, 0.155211319, 0.857045825, 0, -0, 0, 0, 0, 0, 0, 0.247340674, 0.0913155762, -0.161636133, -0.0654697844, 0.747900318, -0.660386432, -0.395019531, -0.627075195, -0.671142578, -0.916281889, 0.216938525, 0.336623474, 0, 1, 5, 1, 
557.671269, 42, 0.1, 0.1, 0.0012402932, 0.364178802, -0.0199690713, 0.9757871, 0.218722508, -1.08208435e-005, 0.218722508, -0.9757871, 1.3373956e-005, -7.63365435e-006, -1.54168958e-005, -1, 0.975787085, 0.218722572, -4.38342908e-005, 0.218722573, -0.975787085, 3.11365071e-005, -3.59626779e-005, -3.99701503e-005, -0.999999999, 0, 0, 0, 0, 0, 0, 0, 0.201385669, 0.067464624, -0.192702515, 0.0643306391, 0.974757849, -0.213404491, -0.868530273, 0.16003418, 0.468994141, 0.491223505, 0.155211319, 0.857045825, 0, -0, 0, 0, 0, 0, 0, 0.247340674, 0.0913155762, -0.161636133, -0.0654697844, 0.747900318, -0.660386432, -0.395019531, -0.627075195, -0.671142578, -0.916281889, 0.216938525, 0.336623474, 0, 1, 5, 1, 
557.671967, 42, 0.1, 0.1, 0.00124030717, 0.364178793, -0.0199689513, 0.975787168, 0.218722195, 7.10099096e-005, 0.218722198, -0.975787169, -3.58781936e-005, 6.14432014e-005, 5.05409244e-005, -0.999999997, 0.975787153, 0.218722254, 8.16527802e-005, 0.218722258, -0.975787155, -4.05136568e-005, 7.08144958e-005, 5.73919863e-005, -0.999999996, 0, 0, 0, 0, 0, 0, 0, 0.201385669, 0.067464624, -0.192702515, 0.0643306391, 0.974757849, -0.213404491, -0.868530273, 0.16003418, 0.468994141, 0.491223505, 0.155211319, 0.857045825, 0, -0, 0, 0, 0, 0, 0, 0.247340674, 0.0913155762, -0.161636133, -0.0654697844, 0.747900318, -0.660386432, -0.395019531, -0.627075195, -0.671142578, -0.916281889, 0.216938525, 0.336623474, 0, 1, 5, 1, 
557.672682, 42, 0.1, 0.1, 0.00124030285, 0.364178793, -0.0199688447, 0.975787241, 0.218721863, -8.45171596e-005, 0.218721867, -0.975787242, 4.6218329e-005, -7.2361807e-005, -6.35850067e-005, -0.999999995, 0.975787228, 0.218721924, -6.72635878e-005, 0.218721927, -0.975787229, 3.70527598e-005, -5.7530699e-005, -5.08676314e-005, -0.999999997, 0, 0, 0, 0, 0, 0, 0, 0.201385669, 0.067464624, -0.192702515, 0.0643306391, 0.974757849, -0.213404491, -0.868530273, 0.16003418, 0.468994141, 0.491223505, 0.155211319, 0.857045825, 0, -0, 0, 0, 0, 0, 0, 0.249879883, 0.0883635742, -0.161312598, -0.0726459717, 0.744454397, -0.66348637, -0.381103516, -0.635498047, -0.671386719, -0.921577617, 0.20417933, 0.329915036, 0, 1, 5, 1, 
557.673384, 42, 0.1, 0.1, 0.00124029496, 0.364178795, -0.019968891, 0.975787312, 0.218721562, 2.29948468e-005, 0.218721562, -0.975787312, -1.10801364e-005, 2.0014615e-005, 1.58413254e-005, -1, 0.975787297, 0.218721626, -2.14719154e-005, 0.218721626, -0.975787297, 1.34732932e-005, -1.80051217e-005, -1.78434406e-005, -1, 0, 0, 0, 0, 0, 0, 0, 0.201385669, 0.067464624, -0.192702515, 0.0643306391, 0.974757849, -0.213404491, -0.868530273, 0.16003418, 0.468994141, 0.491223505, 0.155211319, 0.857045825, 0, -0, 0, 0, 0, 0, 0, 0.249879883, 0.0883635742, -0.161312598, -0.0726459717, 0.744454397, -0.66348637, -0.381103516, -0.635498047, -0.671386719, -0.921577617, 0.20417933, 0.329915036, 0, 1, 5, 1, 
557.674082, 42, 0.1, 0.1, 0.00124030886, 0.364178785, -0.0199690784, 0.975787374, 0.218721282, 4.77788635e-005, 0.218721284, -0.975787374, -2.39494997e-005, 4.13837464e-005, 3.38198738e-005, -0.999999999, 0.97578736, 0.218721336, 6.91279457e-005, 0.218721338, -0.975787362, -3.54486455e-005, 5.97008006e-005, 4.9710097e-005, -0.999999997, 0, 0, 0, 0, 0, 0, 0, 0.201385669, 0.067464624, -0.192702515, 0.0643306391, 0.974757849, -0.213404491, -0.868530273, 0.16003418, 0.468994141, 0.491223505, 0.155211319, 0.857045825, 0, -0, 0, 0, 0, 0, 0, 0.249879883, 0.0883635742, -0.161312598, -0.0726459717, 0.744454397, -0.66348637, -0.381103516, -0.635498047, -0.671386719, -0.921577617, 0.20417933, 0.329915036, 0, 1, 5, 1, 
557.674806, 42, 0.1, 0.1, 0.00124029959, 0.364178788, -0.0199691762, 0.975787432, 0.218721009, -8.37074837e-005, 0.218721013, -0.975787434, 4.73965971e-005, -7.13140792e-005, -6.45575894e-005, -0.999999995, 0.975787422, 0.218721055, -8.09016025e-005, 0.218721059, -0.975787424, 4.60881288e-005, -6.88623221e-005, -6.26671006e-005, -0.999999996, 0, 0, 0, 0, 0, 0, 0, 0.204742041, 0.0646438965, -0.19213042, 0.0519447774, 0.976017063, -0.211212938, -0.874755859, 0.146484375, 0.461791992, 0.481691183, 0.1608207, 0.861518803, 0, -0, 0, 0, 0, 0, 0, 0.249879883, 0.0883635742, -0.161312598, -0.0726459717, 0.744454397, -0.66348637, -0.381103516, -0.635498047, -0.671386719, -0.921577617, 0.20417933, 0.329915036, 0, 1, 5, 1, 
557.675508, 42, 0.1, 0.1, 0.00124029837, 0.364178786, -0.0199692003, 0.975787489, 0.218720763, 5.91715626e-005, 0.218720765, -0.97578749, -3.24558098e-005, 5.0640111e-005, 4.46120226e-005, -0.999999998, 0.975787479, 0.218720813, 2.75801664e-005, 0.218720814, -0.97578748, -1.44092445e-005, 2.37607794e-005, 2.00927168e-005, -1, 0, 0, 0, 0, 0, 0, 0, 0.204742041, 0.0646438965, -0.19213042, 0.0519447774, 0.976017063, -0.211212938, -0.874755859, 0.146484375, 0.461791992, 0.481691183, 0.1608207, 0.861518803, 0, -0, 0, 0, 0, 0, 0, 0.249879883, 0.0883635742, -0.161312598, -0.0726459717, 0.744454397, -0.66348637, -0.381103516, -0.635498047, -0.671386719, -0.921577617, 0.20417933, 0.329915036, 0, 1, 5, 1, 
557.676208, 42, 0.1, 0.1, 0.00124031093, 0.364178777, -0.0199693002, 0.975787544, 0.218720524, 1.60194879e-005, 0.218720525, -0.975787544, -1.3653356e-005, 1.26453475e-005, 1.68265655e-005, -1, 0.975787532, 0.218720576, 4.92687923e-005, 0.218720577, -0.975787532, -3.09582065e-005, 4.13046765e-005, 4.09847306e-005, -0.999999998, 0, 0, 0, 0, 0, 0, 0, 0.204742041, 0.0646438965, -0.19213042, 0.0519447774, 0.976017063, -0.211212938, -0.874755859, 0.146484375, 0.461791992, 0.481691183, 0.1608207, 0.861518803, 0, -0, 0, 0, 0, 0, 0, 0.249879883, 0.0883635742, -0.161312598, -0.0726459717, 0.744454397, -0.66348637, -0.381103516, -0.635498047, -0.671386719, -0.921577617, 0.20417933, 0.329915036, 0, 1, 5, 1, 
557.676922, 42, 0.1, 0.1, 0.00124029932, 0.36417878, -0.0199693581, 0.975787599, 0.218720273, -6.69327366e-005, 0.218720275, -0.9757876, 3.31531813e-005, -5.80608616e-005, -4.69900098e-005, -0.999999997, 0.975787587, 0.218720323, -7.78459457e-005, 0.218720327, -0.975787588, 3.85565325e-005, -6.75280103e-005, -5.46494765e-005, -0.999999996, 0, 0, 0, 0, 0, 0, 0, 0.204742041, 0.0646438965, -0.19213042, 0.0437750277, 0.977046004, -0.208121246, -0.877807617, 0.137084961, 0.458862305, 0.47692914, 0.162635203, 0.863871741, 0, -0, 0, 0, 0, 0, 0, 0.249879883, 0.0883635742, -0.161312598, -0.0726459717, 0.744454397, -0.66348637, -0.381103516, -0.635498047, -0.671386719, -0.921577617, 0.20417933, 0.329915036, 0, 1, 5, 1, 
557.677637, 42, 0.1, 0.1, 0.00124030532, 0.364178773, -0.0199691115, 0.975787654, 0.218720021, 8.25791273e-005, 0.218720025, -0.975787655, -4.67765131e-005, 7.03487331e-005, 6.37056528e-005, -0.999999995, 0.975787645, 0.218720066, 6.57385407e-005, 0.218720069, -0.975787646, -3.83577764e-005, 5.57572405e-005, 5.18073824e-005, -0.999999997, 0, 0, 0, 0, 0, 0, 0, 0.207435425, 0.061130127, -0.191965259, 0.0437750277, 0.977046004, -0.208121246, -0.877807617, 0.137084961, 0.458862305, 0.47692914, 0.162635203, 0.863871741, 0, -0, 0, 0, 0, 0, 0, 0.252287402, 0.085048584, -0.160695752, -0.0786719421, 0.741852092, -0.665825817, -0.368774414, -0.642089844, -0.67199707, -0.926138739, 0.192736231, 0.324145728, 0, 1, 5, 1, 
557.678336, 42, 0.1, 0.1, 0.00124031444, 0.364178766, -0.0199689902, 0.975787706, 0.218719803, -2.57266422e-005, 0.218719803, -0.975787706, 1.36582235e-005, -2.21164173e-005, -1.89544527e-005, -1, 0.975787695, 0.218719851, 1.90407215e-005, 0.218719851, -0.975787696, -1.16117349e-005, 1.60399848e-005, 1.54951718e-005, -1, 0, 0, 0, 0, 0, 0, 0, 0.207435425, 0.061130127, -0.191965259, 0.0437750277, 0.977046004, -0.208121246, -0.877807617, 0.137084961, 0.458862305, 0.47692914, 0.162635203, 0.863871741, 0, -0, 0, 0, 0, 0, 0, 0.252287402, 0.085048584, -0.160695752, -0.0786719421, 0.741852092, -0.665825817, -0.368774414, -0.642089844, -0.67199707, -0.926138739, 0.192736231, 0.324145728, 0, 1, 5, 1, 
557.679034, 42, 0.1, 0.1, 0.00124030202, 0.364178771, -0.0199690041, 0.975787752, 0.218719595, -4.89672233e-005, 0.218719596, -0.975787752, 2.83651795e-005, -4.15775962e-005, -3.8388486e-005, -0.999999998, 0.975787741, 0.218719635, -7.02587184e-005, 0.218719638, -0.975787742, 3.93489584e-005, -5.99512064e-005, -5.37631927e-005, -0.999999997, 0, 0, 0, 0, 0, 0, 0, 0.207435425, 0.061130127, -0.191965259, 0.0437750277, 0.977046004, -0.208121246, -0.877807617, 0.137084961, 0.458862305, 0.47692914, 0.162635203, 0.863871741, 0, -0, 0, 0, 0, 0, 0, 0.252287402, 0.085048584, -0.160695752, -0.0786719421, 0.741852092, -0.665825817, -0.368774414, -0.642089844, -0.67199707, -0.926138739, 0.192736231, 0.324145728, 0, 1, 5, 1, 
557.679731, 42, 0.1, 0.1, 0.00124031167, 0.364178763, -0.0199691845, 0.975787799, 0.218719376, 7.72602859e-005, 0.21871938, -0.9757878, -4.24489632e-005, 6.61052337e-005, 5.83195021e-005, -0.999999996, 0.97578779, 0.218719416, 7.43184843e-005, 0.21871942, -0.975787791, -4.03206712e-005, 6.3700156e-005, 5.55993144e-005, -0.999999996, 0, 0, 0, 0, 0, 0, 0, 0.207435425, 0.061130127, -0.191965259, 0.0437750277, 0.977046004, -0.208121246, -0.877807617, 0.137084961, 0.458862305, 0.47692914, 0.162635203, 0.863871741, 0, -0, 0, 0, 0, 0, 0, 0.252287402, 0.085048584, -0.160695752, -0.0786719421, 0.741852092, -0.665825817, -0.368774414, -0.642089844, -0.67199707, -0.926138739, 0.192736231, 0.324145728, 0, 1, 5, 1, 
557.68043, 42, 0.1, 0.1, 0.00124031356, 0.36417876, -0.019969458, 0.97578785, 0.218719154, -6.27272381e-005, 0.218719157, -0.975787851, 3.3446633e-005, -5.38930576e-005, -4.63564667e-005, -0.999999997, 0.975787841, 0.2187192, -3.22745838e-005, 0.218719201, -0.975787841, 1.64004484e-005, -2.79060535e-005, -2.30624293e-005, -0.999999999, 0, 0, 0, 0, 0, 0, 0, 0.207435425, 0.061130127, -0.191965259, 0.0437750277, 0.977046004, -0.208121246, -0.877807617, 0.137084961, 0.458862305, 0.47692914, 0.162635203, 0.863871741, 0, -0, 0, 0, 0, 0, 0, 0.252287402, 0.085048584, -0.160695752, -0.0786719421, 0.741852092, -0.665825817, -0.368774414, -0.642089844, -0.67199707, -0.926138739, 0.192736231, 0.324145728, 0, 1, 5, 1, 
557.681128, 42, 0.1, 0.1, 0.0012403022, 0.364178764, -0.0199697268, 0.9757879, 0.218718937, -1.8090605e-005, 0.218718937, -0.9757879, 1.31360896e-005, -1.47794819e-005, -1.67747951e-005, -1, 0.975787888, 0.218718984, -5.15307947e-005, 0.218718986, -0.975787889, 3.05490247e-005, -4.36014737e-005, -4.10801315e-005, -0.999999998, 0, 0, 0, 0, 0, 0, 0, 0.207435425, 0.061130127, -0.191965259, 0.0437750277, 0.977046004, -0.208121246, -0.877807617, 0.137084961, 0.458862305, 0.47692914, 0.162635203, 0.863871741, 0, -0, 0, 0, 0, 0, 0, 0.252287402, 0.085048584, -0.160695752, -0.0786719421, 0.741852092, -0.665825817, -0.368774414, -0.642089844, -0.67199707, -0.926138739, 0.192736231, 0.324145728, 0, 1, 5, 1, 
557.681855, 42, 0.1, 0.1, 0.00124031561, 0.364178755, -0.0199697625, 0.975787951, 0.218718701, 6.72951243e-005, 0.218718704, -0.975787952, -3.48005314e-005, 5.80542445e-005, 4.86766416e-005, -0.999999997, 0.97578794, 0.218718747, 7.73110896e-005, 0.21871875, -0.975787941, -3.97876024e-005, 6.67369345e-005, 5.57336475e-005, -0.999999996, 0, 0, 0, 0, 0, 0, 0, 0.210926221, 0.0566680908, -0.19139209, 0.0382315522, 0.976782025, -0.210169771, -0.881713867, 0.131958008, 0.452758789, 0.470020848, 0.167991466, 0.866544443, 0, -0, 0, 0, 0, 0, 0, 0.252287402, 0.085048584, -0.160695752, -0.0819118724, 0.737071854, -0.670657094, -0.360229492, -0.649291992, -0.669677734, -0.929179609, 0.186833128, 0.318728232, 0, 1, 5, 1, 
557.682557, 42, 0.1, 0.1, 0.00124031203, 0.364178755, -0.0199694659, 0.975788002, 0.218718472, -7.61424091e-005, 0.218718475, -0.975788003, 4.36683332e-005, -6.47477782e-005, -5.92647873e-005, -0.999999996, 0.975787993, 0.218718515, -6.00513512e-005, 0.218718517, -0.975787994, 3.47863794e-005, -5.09889622e-005, -4.70784738e-005, -0.999999998, 0, 0, 0, 0, 0, 0, 0, 0.210926221, 0.0566680908, -0.19139209, 0.0382315522, 0.976782025, -0.210169771, -0.881713867, 0.131958008, 0.452758789, 0.470020848, 0.167991466, 0.866544443, 0, -0, 0, 0, 0, 0, 0, 0.25491123, 0.0808130371, -0.160459619, -0.0819118724, 0.737071854, -0.670657094, -0.360229492, -0.649291992, -0.669677734, -0.929179609, 0.186833128, 0.318728232, 0, 1, 5, 1, 
557.683258, 42, 0.1, 0.1, 0.00124030592, 0.364178756, -0.019969137, 0.975788054, 0.218718251, 3.24445856e-005, 0.218718251, -0.975788054, -1.51052607e-005, 2.83552428e-005, 2.18357559e-005, -0.999999999, 0.975788043, 0.218718299, -1.17776148e-005, 0.2187183, -0.975788043, 1.01331934e-005, -9.2761409e-006, -1.24638288e-005, -1, 0, 0, 0, 0, 0, 0, 0, 0.210926221, 0.0566680908, -0.19139209, 0.0382315522, 0.976782025, -0.210169771, -0.881713867, 0.131958008, 0.452758789, 0.470020848, 0.167991466, 0.866544443, 0, -0, 0, 0, 0, 0, 0, 0.25491123, 0.0808130371, -0.160459619, -0.0819118724, 0.737071854, -0.670657094, -0.360229492, -0.649291992, -0.669677734, -0.929179609, 0.186833128, 0.318728232, 0, 1, 5, 1, 
557.683966, 42, 0.1, 0.1, 0.0012403211, 0.364178746, -0.0199688445, 0.975788103, 0.218718028, 5.181282e-005, 0.21871803, -0.975788103, -3.03196084e-005, 4.39268884e-005, 4.09179111e-005, -0.999999998, 0.975788091, 0.218718073, 7.42911867e-005, 0.218718076, -0.975788092, -4.13355467e-005, 6.34516243e-005, 5.65835597e-005, -0.999999996, 0, 0, 0, 0, 0, 0, 0, 0.210926221, 0.0566680908, -0.19139209, 0.0382315522, 0.976782025, -0.210169771, -0.881713867, 0.131958008, 0.452758789, 0.470020848, 0.167991466, 0.866544443, 0, -0, 0, 0, 0, 0, 0, 0.25491123, 0.0808130371, -0.160459619, -0.0819118724, 0.737071854, -0.670657094, -0.360229492, -0.649291992, -0.669677734, -0.929179609, 0.186833128, 0.318728232, 0, 1, 5, 1, 
557.684664, 42, 0.1, 0.1, 0.00124031291, 0.364178748, -0.0199687226, 0.975788154, 0.218717789, -7.9339871e-005, 0.218717793, -0.975788156, 4.05868874e-005, -6.85418321e-005, -5.69572454e-005, -0.999999996, 0.975788145, 0.218717833, -7.58421068e-005, 0.218717836, -0.975788146, 3.85904086e-005, -6.55654182e-005, -5.42440847e-005, -0.999999996, 0, 0, 0, 0, 0, 0, 0, 0.210926221, 0.0566680908, -0.19139209, 0.0382315522, 0.976782025, -0.210169771, -0.881713867, 0.131958008, 0.452758789, 0.470020848, 0.167991466, 0.866544443, 0, -0, 0, 0, 0, 0, 0, 0.25491123, 0.0808130371, -0.160459619, -0.0819118724, 0.737071854, -0.670657094, -0.360229492, -0.649291992, -0.669677734, -0.929179609, 0.186833128, 0.318728232, 0, 1, 5, 1, 
557.68537, 42, 0.1, 0.1, 0.00124031225, 0.364178746, -0.0199688124, 0.975788208, 0.218717555, 6.23066233e-005, 0.218717558, -0.975788209, -3.68751376e-005, 5.27328284e-005, 4.96098769e-005, -0.999999997, 0.975788199, 0.218717603, 3.10439455e-005, 0.218717604, -0.975788199, -1.95805501e-005, 2.60097047e-005, 2.58963271e-005, -0.999999999, 0, 0, 0, 0, 0, 0, 0, 0.210926221, 0.0566680908, -0.19139209, 0.0382315522, 0.976782025, -0.210169771, -0.881713867, 0.131958008, 0.452758789, 0.470020848, 0.167991466, 0.866544443, 0, -0, 0, 0, 0, 0, 0, 0.25491123, 0.0808130371, -0.160459619, -0.0819118724, 0.737071854, -0.670657094, -0.360229492, -0.649291992, -0.669677734, -0.929179609, 0.186833128, 0.318728232, 0, 1, 5, 1, 
557.686078, 42, 0.1, 0.1, 0.00124032537, 0.364178735, -0.0199689316, 0.97578826, 0.218717334, 1.69487935e-005, 0.218717334, -0.97578826, -1.31385977e-005, 1.36647946e-005, 1.65274843e-005, -1, 0.975788248, 0.218717379, 5.06057678e-005, 0.218717381, -0.975788249, -3.2679269e-005, 4.22329894e-005, 4.29564076e-005, -0.999999998, 0, 0, 0, 0, 0, 0, 0, 0.210926221, 0.0566680908, -0.19139209, 0.0382315522, 0.976782025, -0.210169771, -0.881713867, 0.131958008, 0.452758789, 0.470020848, 0.167991466, 0.866544443, 0, -0, 0, 0, 0, 0, 0, 0.25491123, 0.0808130371, -0.160459619, -0.0819118724, 0.737071854, -0.670657094, -0.360229492, -0.649291992, -0.669677734, -0.929179609, 0.186833128, 0.318728232, 0, 1, 5, 1, 
557.686804, 42, 0.1, 0.1, 0.00124031317, 0.364178741, -0.0199690207, 0.97578831, 0.2187171, -6.9363644e-005, 0.218717103, -0.975788311, 4.41223957e-005, -5.80339106e-005, -5.82251332e-005, -0.999999997, 0.975788299, 0.218717145, -7.93412267e-005, 0.218717149, -0.9757883, 4.7628256e-005, -6.70031245e-005, -6.38283819e-005, -0.999999996, 0, 0, 0, 0, 0, 0, 0, 0.214179224, 0.05404021, -0.190414771, 0.0281244887, 0.977507673, -0.208733823, -0.88659668, 0.120849609, 0.446411133, 0.461610703, 0.172573028, 0.870148361, 0, -0, 0, 0, 0, 0, 0, 0.257304102, 0.0778915527, -0.159882324, -0.0883786065, 0.733581457, -0.673801509, -0.348388672, -0.65637207, -0.668945312, -0.933050601, 0.175664914, 0.313610775, 0, 1, 5, 1, 
557.687503, 42, 0.1, 0.1, 0.00124031753, 0.364178736, -0.0199690439, 0.975788361, 0.218716872, 7.1326196e-005, 0.218716875, -0.975788362, -4.41974713e-005, 5.99325393e-005, 5.87276207e-005, -0.999999996, 0.975788352, 0.218716917, 5.5804366e-005, 0.218716919, -0.975788352, -3.31466982e-005, 4.72035067e-005, 4.4549521e-005, -0.999999998, 0, 0, 0, 0, 0, 0, 0, 0.214179224, 0.05404021, -0.190414771, 0.0281244887, 0.977507673, -0.208733823, -0.88659668, 0.120849609, 0.446411133, 0.461610703, 0.172573028, 0.870148361, 0, -0, 0, 0, 0, 0, 0, 0.257304102, 0.0778915527, -0.159882324, -0.0883786065, 0.733581457, -0.673801509, -0.348388672, -0.65637207, -0.668945312, -0.933050601, 0.175664914, 0.313610775, 0, 1, 5, 1, 
557.688201, 42, 0.1, 0.1, 0.00124032474, 0.364178729, -0.0199691667, 0.975788412, 0.218716653, -3.01626897e-005, 0.218716654, -0.975788412, 1.90194658e-005, -2.52725292e-005, -2.51560569e-005, -0.999999999, 0.975788403, 0.218716693, 1.15656029e-005, 0.218716693, -0.975788403, -8.57175684e-006, 9.41079489e-006, 1.08938114e-005, -1, 0, 0, 0, 0, 0, 0, 0, 0.214179224, 0.05404021, -0.190414771, 0.0281244887, 0.977507673, -0.208733823, -0.88659668, 0.120849609, 0.446411133, 0.461610703, 0.172573028, 0.870148361, 0, -0, 0, 0, 0, 0, 0, 0.257304102, 0.0778915527, -0.159882324, -0.0883786065, 0.733581457, -0.673801509, -0.348388672, -0.65637207, -0.668945312, -0.933050601, 0.175664914, 0.313610775, 0, 1, 5, 1, 
557.688903, 42, 0.1, 0.1, 0.00124031191, 0.364178736, -0.0199693657, 0.975788454, 0.218716463, -5.11104747e-005, 0.218716465, -0.975788454, 3.05032275e-005, -4.32014531e-005, -4.09433996e-005, -0.999999998, 0.975788445, 0.218716495, -7.17179651e-005, 0.218716499, -0.975788446, 4.44464048e-005, -6.02603998e-005, -5.90561904e-005, -0.999999996, 0, 0, 0, 0, 0, 0, 0, 0.214179224, 0.05404021, -0.190414771, 0.0281244887, 0.977507673, -0.208733823, -0.88659668, 0.120849609, 0.446411133, 0.461610703, 0.172573028, 0.870148361, 0, -0, 0, 0, 0, 0, 0, 0.257304102, 0.0778915527, -0.159882324, -0.0883786065, 0.733581457, -0.673801509, -0.348388672, -0.65637207, -0.668945312, -0.933050601, 0.175664914, 0.313610775, 0, 1, 5, 1, 
557.689628, 42, 0.1, 0.1, 0.00124032199, 0.364178727, -0.0199692377, 0.975788486, 0.218716308, 8.02921132e-005, 0.218716312, -0.975788488, -4.91973865e-005, 6.7587849e-005, 6.55674382e-005, -0.999999996, 0.975788481, 0.218716333, 7.7139155e-005, 0.218716337, -0.975788482, -4.76410138e-005, 6.48516311e-005, 6.3359146e-005, -0.999999996, 0, 0, 0, 0, 0, 0, 0, 0.216747388, 0.0507322266, -0.190474072, 0.0217201888, 0.978288366, -0.205591956, -0.887817383, 0.11340332, 0.445800781, 0.459411654, 0.172820154, 0.871257433, 0, -0, 0, 0, 0, 0, 0, 0.259299072, 0.0748503418, -0.15960625, -0.0944745727, 0.731151959, -0.675463219, -0.339355469, -0.661376953, -0.668579102, -0.935777939, 0.166081118, 0.310735783, 0, 1, 5, 1, 
