time, trialNum, realDorsalTactorPos, realVentralTactorPos, boxPosX, boxPosY, boxPosZ, boxLocalRot_11, boxLocalRot_12, boxLocalRot_13, boxLocalRot_21, boxLocalRot_22, boxLocalRot_23, boxLocalRot_31, boxLocalRot_32, boxLocalRot_33, boxGlobalRot_11, boxGlobalRot_12, boxGlobalRot_13, boxGlobalRot_21, boxGlobalRot_22, boxGlobalRot_23, boxGlobalRot_31, boxGlobalRot_32, boxGlobalRot_33, indexForceX, indexForceY, indexForceZ, indexForceGlobalX, indexForceGlobalY, indexForceGlobalZ, indexContact, indexPosX, indexPosY, indexPosZ, indexRot_11, indexRot_12, indexRot_13, indexRot_21, indexRot_22, indexRot_23, indexRot_31, indexRot_32, indexRot_33, thumbForceX, thumbForceY, thumbForceZ, thumbForceGlobalX, thumbForceGlobalY, thumbForceGlobalZ, thumbContact, thumbPosX, thumbPosY, thumbPosZ, thumbRot_11, thumbRot_12, thumbRot_13, thumbRot_21, thumbRot_22, thumbRot_23, thumbRot_31, thumbRot_32, thumbRot_33, manipForceTooHigh, cceExpType, mapping, trialSuccess, 
600.055483, 50, 0.1, 0.1, -0.00260441191, 0.346127612, -0.0199658739, 0.987449608, 0.157934391, -5.3669102e-006, 0.157934391, -0.987449608, -1.47977862e-005, -7.63663272e-006, 1.37644484e-005, -1, 0.987449607, 0.157934397, -7.97628048e-006, 0.157934397, -0.987449607, 3.83928697e-007, -7.81553948e-006, -1.63883929e-006, -1, 0, 0, 0, 0, 0, 0, 0, 0.347466675, -0.16862583, -0.173127222, -0.0223704459, 0.21599852, -0.976077588, -0.996459961, -0.0832519531, 0.00439453126, -0.0803757928, 0.972816276, 0.217256613, 0, -0, 0, 0, 0, 0, 0, 0.38414126, -0.0924050781, -0.14980127, 0.224975345, 0.225346907, -0.947896752, -0.424438477, -0.852905273, -0.303588867, -0.876917401, 0.470713864, -0.0961911673, 0, 1, 5, 1, 
600.09668, 50, 0.1, 0.1, -0.00260436075, 0.346127367, -0.0199676421, 0.987451558, 0.157922195, 8.23410784e-006, 0.157922195, -0.987451558, -3.36258683e-006, 7.59975552e-006, 4.62073999e-006, -1, 0.987451558, 0.157922199, -6.95484227e-006, 0.157922199, -0.987451558, -6.25964317e-006, -7.85610645e-006, 5.08277041e-006, -1, 0, 0, 0, 0, 0, 0, 0, 0.375485181, -0.18475647, -0.171046655, -0.0675696923, 0.268849375, -0.960742349, -0.984008789, -0.176635742, 0.0197753906, -0.164427783, 0.946771876, 0.276623717, 0, -0, 0, 0, 0, 0, 0, 0.405378027, -0.108709082, -0.146357031, 0.182312309, 0.254008541, -0.949727236, -0.341918945, -0.889160156, -0.303466797, -0.921783818, 0.380196378, -0.0752718129, 0, 1, 5, 1, 
600.097384, 50, 0.1, 0.1, -0.00260436071, 0.346127365, -0.01996847, 0.987451547, 0.15792227, -7.11901325e-006, 0.15792227, -0.987451547, 5.67448489e-006, -6.13355311e-006, -6.72752961e-006, -1, 0.987451548, 0.157922258, -1.12609806e-005, 0.157922258, -0.987451548, -5.45857806e-006, -1.19817037e-005, 3.61172187e-006, -1, 0, 0, 0, 0, 0, 0, 0, 0.375485181, -0.18475647, -0.171046655, -0.0675696923, 0.268849375, -0.960742349, -0.984008789, -0.176635742, 0.0197753906, -0.164427783, 0.946771876, 0.276623717, 0, -0, 0, 0, 0, 0, 0, 0.405378027, -0.108709082, -0.146357031, 0.182312309, 0.254008541, -0.949727236, -0.341918945, -0.889160156, -0.303466797, -0.921783818, 0.380196378, -0.0752718129, 0, 1, 5, 1, 
600.098082, 50, 0.1, 0.1, -0.00260435985, 0.346127363, -0.0199694409, 0.987451562, 0.157922174, -1.17277345e-005, 0.157922174, -0.987451562, 3.68914162e-006, -1.09979725e-005, -5.49491799e-006, -1, 0.987451558, 0.157922196, -7.15786389e-006, 0.157922196, -0.987451558, 4.68945956e-006, -6.3274741e-006, -5.76099974e-006, -1, 0, 0, 0, 0, 0, 0, 0, 0.375485181, -0.18475647, -0.171046655, -0.0675696923, 0.268849375, -0.960742349, -0.984008789, -0.176635742, 0.0197753906, -0.164427783, 0.946771876, 0.276623717, 0, -0, 0, 0, 0, 0, 0, 0.405378027, -0.108709082, -0.146357031, 0.182312309, 0.254008541, -0.949727236, -0.341918945, -0.889160156, -0.303466797, -0.921783818, 0.380196378, -0.0752718129, 0, 1, 5, 1, 
600.098804, 50, 0.1, 0.1, -0.00260435891, 0.34612736, -0.019970253, 0.987451557, 0.157922204, -6.85137701e-006, 0.157922204, -0.987451557, -4.44185258e-006, -7.46687005e-006, 3.30412968e-006, -1, 0.98745156, 0.157922184, 5.70698078e-006, 0.157922184, -0.98745156, 6.91360111e-006, 6.72717806e-006, -5.92558733e-006, -1, 0, 0, 0, 0, 0, 0, 0, 0.376240308, -0.186218066, -0.171349585, -0.0744944539, 0.275352902, -0.958396906, -0.983032227, -0.181030273, 0.0244140625, -0.166791583, 0.944135124, 0.284409303, 0, -0, 0, 0, 0, 0, 0, 0.406660937, -0.109977979, -0.145629932, 0.178899938, 0.256965922, -0.949605468, -0.336547852, -0.890991211, -0.304443359, -0.924351842, 0.374247333, -0.0729269031, 0, 1, 5, 1, 
600.099501, 50, 0.1, 0.1, -0.00260435854, 0.346127357, -0.0199706451, 0.987451558, 0.157922195, 5.54386152e-006, 0.157922195, -0.987451558, -3.5455082e-006, 4.91438026e-006, 4.37651638e-006, -1, 0.987451555, 0.157922215, 1.08192636e-005, 0.157922215, -0.987451555, -2.64137898e-006, 1.02663662e-005, 4.31683585e-006, -1, 0, 0, 0, 0, 0, 0, 0, 0.376240308, -0.186218066, -0.171349585, -0.0744944539, 0.275352902, -0.958396906, -0.983032227, -0.181030273, 0.0244140625, -0.166791583, 0.944135124, 0.284409303, 0, -0, 0, 0, 0, 0, 0, 0.406660937, -0.109977979, -0.145629932, 0.178899938, 0.256965922, -0.949605468, -0.336547852, -0.890991211, -0.304443359, -0.924351842, 0.374247333, -0.0729269031, 0, 1, 5, 1, 
600.100194, 50, 0.1, 0.1, -0.00260435902, 0.346127354, -0.0199707141, 0.987451566, 0.157922147, 8.09429458e-006, 0.157922147, -0.987451566, 5.8141963e-006, 8.91091422e-006, -4.46296886e-006, -1, 0.987451568, 0.157922136, 5.37899096e-006, 0.157922136, -0.987451568, -3.73865584e-006, 4.72107654e-006, 4.54120331e-006, -1, 0, 0, 0, 0, 0, 0, 0, 0.376240308, -0.186218066, -0.171349585, -0.0744944539, 0.275352902, -0.958396906, -0.983032227, -0.181030273, 0.0244140625, -0.166791583, 0.944135124, 0.284409303, 0, -0, 0, 0, 0, 0, 0, 0.406660937, -0.109977979, -0.145629932, 0.178899938, 0.256965922, -0.949605468, -0.336547852, -0.890991211, -0.304443359, -0.924351842, 0.374247333, -0.0729269031, 0, 1, 5, 1, 
600.100891, 50, 0.1, 0.1, -0.00260435965, 0.346127352, -0.0199704728, 0.987451556, 0.15792221, 4.98395305e-006, 0.15792221, -0.987451556, 4.10437592e-006, 5.56958431e-006, -3.2657955e-006, -1, 0.987451556, 0.157922212, -9.24729403e-006, 0.157922212, -0.987451556, 2.37744548e-006, -8.75580342e-006, -3.80796537e-006, -1, 0, 0, 0, 0, 0, 0, 0, 0.376240308, -0.186218066, -0.171349585, -0.0744944539, 0.275352902, -0.958396906, -0.983032227, -0.181030273, 0.0244140625, -0.166791583, 0.944135124, 0.284409303, 0, -0, 0, 0, 0, 0, 0, 0.406660937, -0.109977979, -0.145629932, 0.178899938, 0.256965922, -0.949605468, -0.336547852, -0.890991211, -0.304443359, -0.924351842, 0.374247333, -0.0729269031, 0, 1, 5, 1, 
600.1016, 50, 0.1, 0.1, -0.00260435973, 0.346127348, -0.0199699554, 0.987451571, 0.157922115, -5.13846836e-006, 0.157922115, -0.987451571, -8.29484609e-006, -6.38392829e-006, 7.37928101e-006, -1, 0.987451569, 0.157922131, -1.27668135e-005, 0.157922131, -0.987451569, 6.50910757e-007, -1.25038168e-005, -2.65890524e-006, -1, 0, 0, 0, 0, 0, 0, 0, 0.376240308, -0.186218066, -0.171349585, -0.0744944539, 0.275352902, -0.958396906, -0.983032227, -0.181030273, 0.0244140625, -0.166791583, 0.944135124, 0.284409303, 0, -0, 0, 0, 0, 0, 0, 0.406660937, -0.109977979, -0.145629932, 0.178899938, 0.256965922, -0.949605468, -0.336547852, -0.890991211, -0.304443359, -0.924351842, 0.374247333, -0.0729269031, 0, 1, 5, 1, 
600.102297, 50, 0.1, 0.1, -0.00260435882, 0.346127345, -0.0199692151, 0.98745156, 0.157922187, -9.88461226e-006, 0.157922187, -0.98745156, -7.26886129e-006, -1.09084903e-005, 5.61664883e-006, -1, 0.987451563, 0.157922169, -5.41773511e-006, 0.157922169, -0.987451563, -6.99495588e-006, -6.4544096e-006, 6.05159963e-006, -1, 0, 0, 0, 0, 0, 0, 0, 0.376240308, -0.186218066, -0.171349585, -0.0744944539, 0.275352902, -0.958396906, -0.983032227, -0.181030273, 0.0244140625, -0.166791583, 0.944135124, 0.284409303, 0, -0, 0, 0, 0, 0, 0, 0.406660937, -0.109977979, -0.145629932, 0.178899938, 0.256965922, -0.949605468, -0.336547852, -0.890991211, -0.304443359, -0.924351842, 0.374247333, -0.0729269031, 0, 1, 5, 1, 
600.102997, 50, 0.1, 0.1, -0.0026043578, 0.346127343, -0.0199686198, 0.987451568, 0.157922138, -7.80434247e-006, 0.157922138, -0.987451568, 4.08573354e-006, -7.06118243e-006, -5.26694244e-006, -1, 0.987451564, 0.157922163, 8.98547062e-006, 0.157922163, -0.987451564, -3.46861133e-006, 8.3249464e-006, 4.84409064e-006, -1, 0, 0, 0, 0, 0, 0, 0, 0.376240308, -0.186218066, -0.171349585, -0.0744944539, 0.275352902, -0.958396906, -0.983032227, -0.181030273, 0.0244140625, -0.166791583, 0.944135124, 0.284409303, 0, -0, 0, 0, 0, 0, 0, 0.406660937, -0.109977979, -0.145629932, 0.178899938, 0.256965922, -0.949605468, -0.336547852, -0.890991211, -0.304443359, -0.924351842, 0.374247333, -0.0729269031, 0, 1, 5, 1, 
600.103722, 50, 0.1, 0.1, -0.00260435694, 0.346127341, -0.0199680541, 0.987451567, 0.15792214, 7.56249852e-006, 0.15792214, -0.987451567, 6.84918528e-006, 8.54923901e-006, -5.56895279e-006, -1, 0.98745157, 0.15792212, 1.34316888e-005, 0.157922119, -0.987451571, 7.73282673e-006, 1.44843266e-005, -5.51463114e-006, -1, 0, 0, 0, 0, 0, 0, 0, 0.378417773, -0.187766455, -0.170795923, -0.0797001928, 0.28014939, -0.956636326, -0.981933594, -0.186523438, 0.0270996094, -0.17078716, 0.941645147, 0.290062867, 0, -0, 0, 0, 0, 0, 0, 0.40871001, -0.11178418, -0.144725, 0.176784705, 0.258217484, -0.949694787, -0.33203125, -0.892578125, -0.30456543, -0.926415302, 0.369346426, -0.0720770919, 0, 1, 5, 1, 
600.104418, 50, 0.1, 0.1, -0.00260435693, 0.346127338, -0.0199679028, 0.987451559, 0.157922189, 1.26105195e-005, 0.157922189, -0.987451559, -2.15938286e-006, 1.21112627e-005, 4.12376681e-006, -1, 0.987451557, 0.157922202, 6.7429646e-006, 0.157922202, -0.987451557, 7.03903604e-006, 7.76997097e-006, -5.88584328e-006, -1, 0, 0, 0, 0, 0, 0, 0, 0.378417773, -0.187766455, -0.170795923, -0.0797001928, 0.28014939, -0.956636326, -0.981933594, -0.186523438, 0.0270996094, -0.17078716, 0.941645147, 0.290062867, 0, -0, 0, 0, 0, 0, 0, 0.40871001, -0.11178418, -0.144725, 0.176784705, 0.258217484, -0.949694787, -0.33203125, -0.892578125, -0.30456543, -0.926415302, 0.369346426, -0.0720770919, 0, 1, 5, 1, 
600.105119, 50, 0.1, 0.1, -0.0026043575, 0.346127335, -0.019968194, 0.987451572, 0.157922113, 6.17381462e-006, 0.157922113, -0.987451572, -2.21007634e-006, 5.74732302e-006, 3.15732521e-006, -1, 0.987451572, 0.157922113, -8.57264072e-006, 0.157922113, -0.987451572, -5.02111095e-006, -9.258012e-006, 3.60429437e-006, -1, 0, 0, 0, 0, 0, 0, 0, 0.378417773, -0.187766455, -0.170795923, -0.0797001928, 0.28014939, -0.956636326, -0.981933594, -0.186523438, 0.0270996094, -0.17078716, 0.941645147, 0.290062867, 0, -0, 0, 0, 0, 0, 0, 0.40871001, -0.11178418, -0.144725, 0.176784705, 0.258217484, -0.949694787, -0.33203125, -0.892578125, -0.30456543, -0.926415302, 0.369346426, -0.0720770919, 0, 1, 5, 1, 
600.105831, 50, 0.1, 0.1, -0.00260435813, 0.346127333, -0.0199687914, 0.987451556, 0.15792221, -1.05824385e-005, 0.15792221, -0.987451556, 5.19573601e-006, -9.62912324e-006, -6.80173968e-006, -1, 0.987451558, 0.157922195, -1.45436422e-005, 0.157922195, -0.987451558, -5.09509042e-006, -1.51657701e-005, 2.73439107e-006, -1, 0, 0, 0, 0, 0, 0, 0, 0.380485156, -0.188867017, -0.170021704, -0.0827226134, 0.284964974, -0.954913938, -0.981079102, -0.190795898, 0.0279541016, -0.174263398, 0.939275739, 0.295475297, 0, -0, 0, 0, 0, 0, 0, 0.40871001, -0.11178418, -0.144725, 0.176784705, 0.258217484, -0.949694787, -0.33203125, -0.892578125, -0.30456543, -0.926415302, 0.369346426, -0.0720770919, 0, 1, 5, 1, 
600.106552, 50, 0.1, 0.1, -0.0026043578, 0.346127331, -0.0199692586, 0.987451569, 0.157922127, -1.42083842e-005, 0.157922127, -0.987451569, 3.65104324e-006, -1.34535107e-005, -5.84904663e-006, -1, 0.987451566, 0.157922147, -9.83000266e-006, 0.157922147, -0.987451566, 4.67235544e-006, -8.96878312e-006, -6.16609983e-006, -1, 0, 0, 0, 0, 0, 0, 0, 0.380485156, -0.188867017, -0.170021704, -0.0827226134, 0.284964974, -0.954913938, -0.981079102, -0.190795898, 0.0279541016, -0.174263398, 0.939275739, 0.295475297, 0, -0, 0, 0, 0, 0, 0, 0.410409033, -0.113345166, -0.143368945, 0.17596661, 0.25948837, -0.949451984, -0.32824707, -0.893798828, -0.305175781, -0.9279742, 0.365429492, -0.0720515722, 0, 1, 5, 1, 
600.107247, 50, 0.1, 0.1, -0.00260435719, 0.346127329, -0.0199697049, 0.987451563, 0.157922164, -7.32236736e-006, 0.157922164, -0.987451563, -5.44062604e-006, -8.08967853e-006, 4.2159906e-006, -1, 0.987451567, 0.157922142, 5.35296312e-006, 0.157922142, -0.987451567, 6.30362536e-006, 6.28127384e-006, -5.37917334e-006, -1, 0, 0, 0, 0, 0, 0, 0, 0.380485156, -0.188867017, -0.170021704, -0.0827226134, 0.284964974, -0.954913938, -0.981079102, -0.190795898, 0.0279541016, -0.174263398, 0.939275739, 0.295475297, 0, -0, 0, 0, 0, 0, 0, 0.410409033, -0.113345166, -0.143368945, 0.17596661, 0.25948837, -0.949451984, -0.32824707, -0.893798828, -0.305175781, -0.9279742, 0.365429492, -0.0720515722, 0, 1, 5, 1, 
600.107948, 50, 0.1, 0.1, -0.00260435668, 0.346127326, -0.0199700466, 0.987451564, 0.157922158, 7.28429567e-006, 0.157922158, -0.987451564, -4.03991026e-006, 6.55489781e-006, 5.1395674e-006, -1, 0.987451561, 0.157922178, 1.23306068e-005, 0.157922178, -0.987451561, -3.21175822e-006, 1.16686691e-005, 5.11873194e-006, -1, 0, 0, 0, 0, 0, 0, 0, 0.380485156, -0.188867017, -0.170021704, -0.0827226134, 0.284964974, -0.954913938, -0.981079102, -0.190795898, 0.0279541016, -0.174263398, 0.939275739, 0.295475297, 0, -0, 0, 0, 0, 0, 0, 0.410409033, -0.113345166, -0.143368945, 0.17596661, 0.25948837, -0.949451984, -0.32824707, -0.893798828, -0.305175781, -0.9279742, 0.365429492, -0.0720515722, 0, 1, 5, 1, 
600.108646, 50, 0.1, 0.1, -0.00260435674, 0.346127324, -0.0199702128, 0.987451572, 0.157922112, 1.08554158e-005, 0.157922112, -0.987451572, 5.98132319e-006, 1.16637806e-005, -4.19195679e-006, -1, 0.987451574, 0.157922099, 7.97667199e-006, 0.157922099, -0.987451574, -3.90155147e-006, 7.26043611e-006, 5.11228592e-006, -1, 0, 0, 0, 0, 0, 0, 0, 0.380485156, -0.188867017, -0.170021704, -0.0827226134, 0.284964974, -0.954913938, -0.981079102, -0.190795898, 0.0279541016, -0.174263398, 0.939275739, 0.295475297, 0, -0, 0, 0, 0, 0, 0, 0.410409033, -0.113345166, -0.143368945, 0.17596661, 0.25948837, -0.949451984, -0.32824707, -0.893798828, -0.305175781, -0.9279742, 0.365429492, -0.0720515722, 0, 1, 5, 1, 
600.109341, 50, 0.1, 0.1, -0.00260435696, 0.346127321, -0.019970183, 0.987451561, 0.15792218, 6.80020254e-006, 0.15792218, -0.987451561, 4.51003415e-006, 7.42710504e-006, -3.37953745e-006, -1, 0.987451561, 0.157922181, -7.39537793e-006, 0.157922181, -0.987451561, 2.64310946e-006, -6.88517187e-006, -3.77783677e-006, -1, 0, 0, 0, 0, 0, 0, 0, 0.380485156, -0.188867017, -0.170021704, -0.0827226134, 0.284964974, -0.954913938, -0.981079102, -0.190795898, 0.0279541016, -0.174263398, 0.939275739, 0.295475297, 0, -0, 0, 0, 0, 0, 0, 0.410409033, -0.113345166, -0.143368945, 0.17596661, 0.25948837, -0.949451984, -0.32824707, -0.893798828, -0.305175781, -0.9279742, 0.365429492, -0.0720515722, 0, 1, 5, 1, 
600.110037, 50, 0.1, 0.1, -0.00260435692, 0.346127318, -0.0199699777, 0.987451576, 0.157922088, -5.93188077e-006, 0.157922088, -0.987451576, -7.20799306e-006, -6.99574633e-006, 6.18076911e-006, -1, 0.987451573, 0.157922102, -1.2500893e-005, 0.157922102, -0.987451573, 1.06915336e-006, -1.21751835e-005, -3.02990448e-006, -1, 0, 0, 0, 0, 0, 0, 0, 0.380485156, -0.188867017, -0.170021704, -0.0827226134, 0.284964974, -0.954913938, -0.981079102, -0.190795898, 0.0279541016, -0.174263398, 0.939275739, 0.295475297, 0, -0, 0, 0, 0, 0, 0, 0.410409033, -0.113345166, -0.143368945, 0.17596661, 0.25948837, -0.949451984, -0.32824707, -0.893798828, -0.305175781, -0.9279742, 0.365429492, -0.0720515722, 0, 1, 5, 1, 
600.110763, 50, 0.1, 0.1, -0.00260435652, 0.346127315, -0.0199695355, 0.987451563, 0.157922164, -1.29295517e-005, 0.157922163, -0.987451563, -8.58099798e-006, -1.41224359e-005, 6.43145709e-006, -1, 0.987451567, 0.157922144, -8.10992373e-006, 0.157922144, -0.987451567, -8.06765773e-006, -9.2822187e-006, 6.68568472e-006, -1, 0, 0, 0, 0, 0, 0, 0, 0.381507471, -0.189799365, -0.170512109, -0.0888535778, 0.293118253, -0.951958545, -0.98034668, -0.194091797, 0.0317382813, -0.175517003, 0.936130507, 0.304770971, 0, -0, 0, 0, 0, 0, 0, 0.410409033, -0.113345166, -0.143368945, 0.170631137, 0.262810322, -0.949623691, -0.325927734, -0.894287109, -0.306152344, -0.929762408, 0.361850877, -0.0669144256, 0, 1, 5, 1, 
600.11146, 50, 0.1, 0.1, -0.00260435606, 0.346127313, -0.0199689066, 0.987451571, 0.157922117, -9.67926328e-006, 0.157922117, -0.987451571, 2.24756668e-006, -9.20286324e-006, -3.747933e-006, -1, 0.987451567, 0.157922141, 6.47588432e-006, 0.157922141, -0.987451567, -5.29771726e-006, 5.55799527e-006, 6.25392472e-006, -1, 0, 0, 0, 0, 0, 0, 0, 0.381507471, -0.189799365, -0.170512109, -0.0888535778, 0.293118253, -0.951958545, -0.98034668, -0.194091797, 0.0317382813, -0.175517003, 0.936130507, 0.304770971, 0, -0, 0, 0, 0, 0, 0, 0.411134619, -0.11476333, -0.143941992, 0.170631137, 0.262810322, -0.949623691, -0.325927734, -0.894287109, -0.306152344, -0.929762408, 0.361850877, -0.0669144256, 0, 1, 5, 1, 
600.112154, 50, 0.1, 0.1, -0.00260435561, 0.346127311, -0.0199685341, 0.987451571, 0.157922115, 6.15166392e-006, 0.157922115, -0.987451571, 6.13338874e-006, 7.04306793e-006, -5.08494057e-006, -1, 0.987451574, 0.157922097, 1.13067709e-005, 0.157922097, -0.987451574, 6.87806625e-006, 1.22510874e-005, -5.00616838e-006, -1, 0, 0, 0, 0, 0, 0, 0, 0.381507471, -0.189799365, -0.170512109, -0.0888535778, 0.293118253, -0.951958545, -0.98034668, -0.194091797, 0.0317382813, -0.175517003, 0.936130507, 0.304770971, 0, -0, 0, 0, 0, 0, 0, 0.411134619, -0.11476333, -0.143941992, 0.170631137, 0.262810322, -0.949623691, -0.325927734, -0.894287109, -0.306152344, -0.929762408, 0.361850877, -0.0669144256, 0, 1, 5, 1, 
600.112853, 50, 0.1, 0.1, -0.00260435562, 0.346127308, -0.01996849, 0.987451565, 0.157922156, 1.33078105e-005, 0.157922156, -0.987451565, -2.55074612e-006, 1.2737999e-005, 4.62033638e-006, -1, 0.987451562, 0.157922172, 7.02099645e-006, 0.157922172, -0.987451562, 6.42098856e-006, 7.94691037e-006, -5.23164417e-006, -1, 0, 0, 0, 0, 0, 0, 0, 0.381507471, -0.189799365, -0.170512109, -0.0888535778, 0.293118253, -0.951958545, -0.98034668, -0.194091797, 0.0317382813, -0.175517003, 0.936130507, 0.304770971, 0, -0, 0, 0, 0, 0, 0, 0.411134619, -0.11476333, -0.143941992, 0.170631137, 0.262810322, -0.949623691, -0.325927734, -0.894287109, -0.306152344, -0.929762408, 0.361850877, -0.0669144256, 0, 1, 5, 1, 
600.113568, 50, 0.1, 0.1, -0.00260435575, 0.346127306, -0.0199686535, 0.987451577, 0.157922077, 9.52209362e-006, 0.157922077, -0.987451577, -2.70677058e-006, 8.97514753e-006, 4.17655367e-006, -1, 0.987451577, 0.157922077, -5.54329031e-006, 0.157922077, -0.987451577, -5.62376049e-006, -6.3618467e-006, 4.67778325e-006, -1, 0, 0, 0, 0, 0, 0, 0, 0.381507471, -0.189799365, -0.170512109, -0.0888535778, 0.293118253, -0.951958545, -0.98034668, -0.194091797, 0.0317382813, -0.175517003, 0.936130507, 0.304770971, 0, -0, 0, 0, 0, 0, 0, 0.411134619, -0.11476333, -0.143941992, 0.170631137, 0.262810322, -0.949623691, -0.325927734, -0.894287109, -0.306152344, -0.929762408, 0.361850877, -0.0669144256, 0, 1, 5, 1, 
600.11426, 50, 0.1, 0.1, -0.00260435563, 0.346127304, -0.019968977, 0.987451563, 0.157922168, -7.06018028e-006, 0.157922168, -0.987451563, 5.18771731e-006, -6.15233049e-006, -6.23757854e-006, -1, 0.987451565, 0.157922154, -1.06681632e-005, 0.157922154, -0.987451565, -5.06803051e-006, -1.13346487e-005, 3.31969535e-006, -1, 0, 0, 0, 0, 0, 0, 0, 0.381507471, -0.189799365, -0.170512109, -0.0888535778, 0.293118253, -0.951958545, -0.98034668, -0.194091797, 0.0317382813, -0.175517003, 0.936130507, 0.304770971, 0, -0, 0, 0, 0, 0, 0, 0.411134619, -0.11476333, -0.143941992, 0.170631137, 0.262810322, -0.949623691, -0.325927734, -0.894287109, -0.306152344, -0.929762408, 0.361850877, -0.0669144256, 0, 1, 5, 1, 
600.114954, 50, 0.1, 0.1, -0.00260435504, 0.346127302, -0.0199694917, 0.987451575, 0.157922094, -1.29370974e-005, 0.157922094, -0.987451575, 3.30265078e-006, -1.22531957e-005, -5.30426122e-006, -1, 0.987451572, 0.157922112, -8.21889519e-006, 0.157922112, -0.987451572, 4.2837536e-006, -7.43926156e-006, -5.52794452e-006, -1, 0, 0, 0, 0, 0, 0, 0, 0.381507471, -0.189799365, -0.170512109, -0.0888535778, 0.293118253, -0.951958545, -0.98034668, -0.194091797, 0.0317382813, -0.175517003, 0.936130507, 0.304770971, 0, -0, 0, 0, 0, 0, 0, 0.411134619, -0.11476333, -0.143941992, 0.170631137, 0.262810322, -0.949623691, -0.325927734, -0.894287109, -0.306152344, -0.929762408, 0.361850877, -0.0669144256, 0, 1, 5, 1, 
600.11568, 50, 0.1, 0.1, -0.00260435445, 0.3461273, -0.0199698495, 0.987451566, 0.157922145, -8.58742573e-006, 0.157922145, -0.987451567, -5.1046591e-006, -9.2858057e-006, 3.68445894e-006, -1, 0.98745157, 0.15792212, 4.25143609e-006, 0.15792212, -0.98745157, 6.72693767e-006, 5.2604195e-006, -5.97112937e-006, -1, 0, 0, 0, 0, 0, 0, 0, 0.382630127, -0.191066895, -0.170597778, -0.0930172715, 0.29903804, -0.949664398, -0.979736328, -0.196899414, 0.0339355469, -0.17683501, 0.933709802, 0.311452355, 0, -0, 0, 0, 0, 0, 0, 0.412163037, -0.116018311, -0.14409248, 0.166535198, 0.265480424, -0.949616762, -0.322509766, -0.895263672, -0.306884766, -0.931665821, 0.357467293, -0.0634769014, 0, 1, 5, 1, 
600.116377, 50, 0.1, 0.1, -0.00260435431, 0.346127298, -0.0199699008, 0.987451565, 0.157922153, 5.33590659e-006, 0.157922153, -0.987451565, -4.36485115e-006, 4.57964263e-006, 5.15273695e-006, -1, 0.987451563, 0.157922169, 1.04662357e-005, 0.157922169, -0.987451563, -3.41791558e-006, 9.79513611e-006, 5.02787673e-006, -1, 0, 0, 0, 0, 0, 0, 0, 0.382630127, -0.191066895, -0.170597778, -0.0930172715, 0.29903804, -0.949664398, -0.979736328, -0.196899414, 0.0339355469, -0.17683501, 0.933709802, 0.311452355, 0, -0, 0, 0, 0, 0, 0, 0.412163037, -0.116018311, -0.14409248, 0.166535198, 0.265480424, -0.949616762, -0.322509766, -0.895263672, -0.306884766, -0.931665821, 0.357467293, -0.0634769014, 0, 1, 5, 1, 
600.117074, 50, 0.1, 0.1, -0.00260435476, 0.346127296, -0.0199698557, 0.987451571, 0.157922119, 9.43147386e-006, 0.157922119, -0.987451571, 6.15779341e-006, 1.02855755e-005, -4.59108445e-006, -1, 0.987451573, 0.157922103, 6.31756279e-006, 0.157922103, -0.987451573, -3.981089e-006, 5.60958537e-006, 4.9288154e-006, -1, 0, 0, 0, 0, 0, 0, 0, 0.382630127, -0.191066895, -0.170597778, -0.0930172715, 0.29903804, -0.949664398, -0.979736328, -0.196899414, 0.0339355469, -0.17683501, 0.933709802, 0.311452355, 0, -0, 0, 0, 0, 0, 0, 0.412163037, -0.116018311, -0.14409248, 0.166535198, 0.265480424, -0.949616762, -0.322509766, -0.895263672, -0.306884766, -0.931665821, 0.357467293, -0.0634769014, 0, 1, 5, 1, 
600.117769, 50, 0.1, 0.1, -0.00260435515, 0.346127294, -0.0199697502, 0.987451558, 0.157922197, 6.61799558e-006, 0.157922197, -0.987451558, 5.16649827e-006, 7.35085481e-006, -4.05653836e-006, -1, 0.987451558, 0.157922197, -7.96096175e-006, 0.157922197, -0.987451558, 3.255021e-006, -7.34702402e-006, -4.47138812e-006, -1, 0, 0, 0, 0, 0, 0, 0, 0.382630127, -0.191066895, -0.170597778, -0.0930172715, 0.29903804, -0.949664398, -0.979736328, -0.196899414, 0.0339355469, -0.17683501, 0.933709802, 0.311452355, 0, -0, 0, 0, 0, 0, 0, 0.412163037, -0.116018311, -0.14409248, 0.166535198, 0.265480424, -0.949616762, -0.322509766, -0.895263672, -0.306884766, -0.931665821, 0.357467293, -0.0634769014, 0, 1, 5, 1, 
600.118491, 50, 0.1, 0.1, -0.00260435522, 0.346127291, -0.0199694648, 0.987451572, 0.157922112, -5.83858676e-006, 0.157922112, -0.987451572, -6.96430303e-006, -6.86513911e-006, 5.95487002e-006, -1, 0.98745157, 0.157922124, -1.28694316e-005, 0.157922124, -0.98745157, 1.59877743e-006, -1.24554581e-005, -3.61108327e-006, -1, 0, 0, 0, 0, 0, 0, 0, 0.382630127, -0.191066895, -0.170597778, -0.0930172715, 0.29903804, -0.949664398, -0.979736328, -0.196899414, 0.0339355469, -0.17683501, 0.933709802, 0.311452355, 0, -0, 0, 0, 0, 0, 0, 0.413845801, -0.116110205, -0.143995068, 0.162554099, 0.269817699, -0.949060426, -0.315795898, -0.896972656, -0.309204102, -0.934661848, 0.350067626, -0.0605953459, 0, 1, 5, 1, 
600.119186, 50, 0.1, 0.1, -0.00260435449, 0.346127289, -0.0199690453, 0.987451558, 0.157922197, -1.04319654e-005, 0.157922197, -0.987451558, -7.27616314e-006, -1.14501282e-005, 5.53741974e-006, -1, 0.987451561, 0.157922177, -6.01447335e-006, 0.157922177, -0.987451561, -6.74639345e-006, -7.00440624e-006, 5.71191802e-006, -1, 0, 0, 0, 0, 0, 0, 0, 0.382630127, -0.191066895, -0.170597778, -0.0930172715, 0.29903804, -0.949664398, -0.979736328, -0.196899414, 0.0339355469, -0.17683501, 0.933709802, 0.311452355, 0, -0, 0, 0, 0, 0, 0, 0.413845801, -0.116110205, -0.143995068, 0.162554099, 0.269817699, -0.949060426, -0.315795898, -0.896972656, -0.309204102, -0.934661848, 0.350067626, -0.0605953459, 0, 1, 5, 1, 
600.119881, 50, 0.1, 0.1, -0.00260435357, 0.346127287, -0.0199688401, 0.987451564, 0.157922161, -7.46447719e-006, 0.157922161, -0.987451564, 2.81927101e-006, -6.9255843e-006, -3.96269994e-006, -1, 0.98745156, 0.157922183, 8.70190531e-006, 0.157922183, -0.98745156, -4.32664599e-006, 7.90943659e-006, 5.64657722e-006, -1, 0, 0, 0, 0, 0, 0, 0, 0.382630127, -0.191066895, -0.170597778, -0.0930172715, 0.29903804, -0.949664398, -0.979736328, -0.196899414, 0.0339355469, -0.17683501, 0.933709802, 0.311452355, 0, -0, 0, 0, 0, 0, 0, 0.413845801, -0.116110205, -0.143995068, 0.162554099, 0.269817699, -0.949060426, -0.315795898, -0.896972656, -0.309204102, -0.934661848, 0.350067626, -0.0605953459, 0, 1, 5, 1, 
600.120595, 50, 0.1, 0.1, -0.00260435297, 0.346127285, -0.0199687955, 0.987451562, 0.157922173, 5.77983381e-006, 0.157922173, -0.987451562, 5.19154361e-006, 6.52716578e-006, -4.21363393e-006, -1, 0.987451566, 0.15792215, 1.18019289e-005, 0.157922149, -0.987451566, 6.26431831e-006, 1.26431078e-005, -4.32192494e-006, -1, 0, 0, 0, 0, 0, 0, 0, 0.382630127, -0.191066895, -0.170597778, -0.0965552842, 0.306296051, -0.947020532, -0.978149414, -0.204711914, 0.0334472656, -0.183566568, 0.929594039, 0.319561451, 0, -0, 0, 0, 0, 0, 0, 0.413845801, -0.116110205, -0.143995068, 0.162554099, 0.269817699, -0.949060426, -0.315795898, -0.896972656, -0.309204102, -0.934661848, 0.350067626, -0.0605953459, 0, 1, 5, 1, 
600.121291, 50, 0.1, 0.1, -0.00260435321, 0.346127282, -0.0199688407, 0.987451553, 0.157922226, 1.17268968e-005, 0.157922226, -0.987451553, -4.09280475e-006, 1.09333976e-005, 5.89338406e-006, -1, 0.987451552, 0.157922238, 5.80246528e-006, 0.157922238, -0.987451552, 4.76991754e-006, 6.4829294e-006, -3.79372417e-006, -1, 0, 0, 0, 0, 0, 0, 0, 0.384661255, -0.190485254, -0.17066123, -0.0965552842, 0.306296051, -0.947020532, -0.978149414, -0.204711914, 0.0334472656, -0.183566568, 0.929594039, 0.319561451, 0, -0, 0, 0, 0, 0, 0, 0.413845801, -0.116110205, -0.143995068, 0.162554099, 0.269817699, -0.949060426, -0.315795898, -0.896972656, -0.309204102, -0.934661848, 0.350067626, -0.0605953459, 0, 1, 5, 1, 
600.121992, 50, 0.1, 0.1, -0.00260435372, 0.34612728, -0.0199690447, 0.987451564, 0.157922158, 6.9003991e-006, 0.157922158, -0.987451564, -3.5760564e-006, 6.24907134e-006, 4.6209084e-006, -1, 0.987451565, 0.157922157, -7.62073039e-006, 0.157922157, -0.987451565, -6.42212294e-006, -8.53929765e-006, 5.13805317e-006, -1, 0, 0, 0, 0, 0, 0, 0, 0.384661255, -0.190485254, -0.17066123, -0.0965552842, 0.306296051, -0.947020532, -0.978149414, -0.204711914, 0.0334472656, -0.183566568, 0.929594039, 0.319561451, 0, -0, 0, 0, 0, 0, 0, 0.413845801, -0.116110205, -0.143995068, 0.162554099, 0.269817699, -0.949060426, -0.315795898, -0.896972656, -0.309204102, -0.934661848, 0.350067626, -0.0605953459, 0, 1, 5, 1, 
600.122692, 50, 0.1, 0.1, -0.00260435403, 0.346127278, -0.0199694009, 0.987451549, 0.157922256, -8.38700376e-006, 0.157922256, -0.987451549, 4.74778323e-006, -7.53197922e-006, -6.01270045e-006, -1, 0.987451551, 0.15792224, -1.23724625e-005, 0.15792224, -0.987451551, -5.77021345e-006, -1.31284523e-005, 3.74391923e-006, -1, 0, 0, 0, 0, 0, 0, 0, 0.384661255, -0.190485254, -0.17066123, -0.0965552842, 0.306296051, -0.947020532, -0.978149414, -0.204711914, 0.0334472656, -0.183566568, 0.929594039, 0.319561451, 0, -0, 0, 0, 0, 0, 0, 0.413845801, -0.116110205, -0.143995068, 0.162554099, 0.269817699, -0.949060426, -0.315795898, -0.896972656, -0.309204102, -0.934661848, 0.350067626, -0.0605953459, 0, 1, 5, 1, 
600.123418, 50, 0.1, 0.1, -0.00260435374, 0.346127277, -0.0199695808, 0.987451561, 0.157922181, -1.44685034e-005, 0.157922181, -0.987451561, 4.59028309e-006, -1.35620387e-005, -6.81757981e-006, -1, 0.987451558, 0.157922199, -1.01825492e-005, 0.157922199, -0.987451558, 5.39698472e-006, -9.2024704e-006, -6.93731153e-006, -1, 0, 0, 0, 0, 0, 0, 0, 0.387323535, -0.189917163, -0.170943164, -0.10081071, 0.313293831, -0.944275195, -0.976318359, -0.213378906, 0.0334472656, -0.19092605, 0.925395902, 0.327530884, 0, -0, 0, 0, 0, 0, 0, 0.41580332, -0.116397021, -0.144111133, 0.159288649, 0.274493659, -0.948210249, -0.309204102, -0.89831543, -0.312011719, -0.937459915, 0.342949041, -0.0581738771, 0, 1, 5, 1, 
600.124115, 50, 0.1, 0.1, -0.00260435316, 0.346127275, -0.0199695249, 0.987451554, 0.157922225, -7.01853184e-006, 0.157922225, -0.987451554, -3.65669741e-006, -7.50793396e-006, 2.50242937e-006, -1, 0.987451557, 0.157922202, 5.39909433e-006, 0.157922202, -0.987451557, 8.02914898e-006, 6.59932499e-006, -7.0757588e-006, -1, 0, 0, 0, 0, 0, 0, 0, 0.387323535, -0.189917163, -0.170943164, -0.10081071, 0.313293831, -0.944275195, -0.976318359, -0.213378906, 0.0334472656, -0.19092605, 0.925395902, 0.327530884, 0, -0, 0, 0, 0, 0, 0, 0.41580332, -0.116397021, -0.144111133, 0.159288649, 0.274493659, -0.948210249, -0.309204102, -0.89831543, -0.312011719, -0.937459915, 0.342949041, -0.0581738771, 0, 1, 5, 1, 
600.124812, 50, 0.1, 0.1, -0.00260435251, 0.346127273, -0.0199695084, 0.987451553, 0.157922227, 8.10318496e-006, 0.157922227, -0.987451553, -2.87038643e-006, 7.54820476e-006, 4.11404055e-006, -1, 0.98745155, 0.157922246, 1.33316287e-005, 0.157922246, -0.98745155, -1.80636134e-006, 1.28790727e-005, 3.88905504e-006, -1, 0, 0, 0, 0, 0, 0, 0, 0.387323535, -0.189917163, -0.170943164, -0.10081071, 0.313293831, -0.944275195, -0.976318359, -0.213378906, 0.0334472656, -0.19092605, 0.925395902, 0.327530884, 0, -0, 0, 0, 0, 0, 0, 0.41580332, -0.116397021, -0.144111133, 0.159288649, 0.274493659, -0.948210249, -0.309204102, -0.89831543, -0.312011719, -0.937459915, 0.342949041, -0.0581738771, 0, 1, 5, 1, 
600.12551, 50, 0.1, 0.1, -0.00260435253, 0.346127272, -0.0199694839, 0.98745156, 0.157922188, 1.15596944e-005, 0.157922188, -0.98745156, 6.14961228e-006, 1.23857985e-005, -4.24691201e-006, -1, 0.987451562, 0.157922173, 8.71412719e-006, 0.157922173, -0.987451562, -3.69891272e-006, 8.02063817e-006, 5.02865104e-006, -1, 0, 0, 0, 0, 0, 0, 0, 0.387323535, -0.189917163, -0.170943164, -0.10081071, 0.313293831, -0.944275195, -0.976318359, -0.213378906, 0.0334472656, -0.19092605, 0.925395902, 0.327530884, 0, -0, 0, 0, 0, 0, 0, 0.41580332, -0.116397021, -0.144111133, 0.159288649, 0.274493659, -0.948210249, -0.309204102, -0.89831543, -0.312011719, -0.937459915, 0.342949041, -0.0581738771, 0, 1, 5, 1, 
600.126204, 50, 0.1, 0.1, -0.00260435277, 0.34612727, -0.0199695065, 0.987451548, 0.157922263, 6.90223286e-006, 0.157922263, -0.987451548, 3.70938711e-006, 7.40141532e-006, -2.57282381e-006, -1, 0.987451548, 0.157922263, -7.49009894e-006, 0.157922263, -0.987451548, 1.95171164e-006, -7.08789107e-006, -3.11007405e-006, -1, 0, 0, 0, 0, 0, 0, 0, 0.387323535, -0.189917163, -0.170943164, -0.10081071, 0.313293831, -0.944275195, -0.976318359, -0.213378906, 0.0334472656, -0.19092605, 0.925395902, 0.327530884, 0, -0, 0, 0, 0, 0, 0, 0.41580332, -0.116397021, -0.144111133, 0.159288649, 0.274493659, -0.948210249, -0.309204102, -0.89831543, -0.312011719, -0.937459915, 0.342949041, -0.0581738771, 0, 1, 5, 1, 
600.126905, 50, 0.1, 0.1, -0.0026043528, 0.346127267, -0.0199695391, 0.987451562, 0.157922175, -5.95137558e-006, 0.157922175, -0.987451562, -8.39147031e-006, -7.20189435e-006, 7.34631629e-006, -1, 0.987451559, 0.157922189, -1.27341284e-005, 0.157922189, -0.987451559, 1.87789502e-008, -1.25713694e-005, -2.02954473e-006, -1, 0, 0, 0, 0, 0, 0, 0, 0.387323535, -0.189917163, -0.170943164, -0.10081071, 0.313293831, -0.944275195, -0.976318359, -0.213378906, 0.0334472656, -0.19092605, 0.925395902, 0.327530884, 0, -0, 0, 0, 0, 0, 0, 0.41580332, -0.116397021, -0.144111133, 0.159288649, 0.274493659, -0.948210249, -0.309204102, -0.89831543, -0.312011719, -0.937459915, 0.342949041, -0.0581738771, 0, 1, 5, 1, 
600.127606, 50, 0.1, 0.1, -0.00260435235, 0.346127265, -0.019969533, 0.987451549, 0.157922252, -1.22689434e-005, 0.157922251, -0.987451549, -7.84761734e-006, -1.33543006e-005, 5.81160273e-006, -1, 0.987451552, 0.157922233, -7.71385389e-006, 0.157922233, -0.987451552, -7.54236397e-006, -8.80816396e-006, 6.22952998e-006, -1, 0, 0, 0, 0, 0, 0, 0, 0.387323535, -0.189917163, -0.170943164, -0.10081071, 0.313293831, -0.944275195, -0.976318359, -0.213378906, 0.0334472656, -0.19092605, 0.925395902, 0.327530884, 0, -0, 0, 0, 0, 0, 0, 0.41580332, -0.116397021, -0.144111133, 0.159288649, 0.274493659, -0.948210249, -0.309204102, -0.89831543, -0.312011719, -0.937459915, 0.342949041, -0.0581738771, 0, 1, 5, 1, 
600.128332, 50, 0.1, 0.1, -0.00260435155, 0.346127263, -0.0199692258, 0.987451558, 0.157922199, -8.14820447e-006, 0.157922199, -0.987451558, 2.52714065e-006, -7.64686559e-006, -3.78221133e-006, -1, 0.987451554, 0.157922224, 8.0540207e-006, 0.157922224, -0.987451554, -4.78960851e-006, 7.19656963e-006, 6.00141522e-006, -1, 0, 0, 0, 0, 0, 0, 0, 0.390020483, -0.189623828, -0.171020044, -0.10433674, 0.31928888, -0.941822289, -0.974243164, -0.222412109, 0.0324707031, -0.199142609, 0.921109397, 0.334434306, 0, -0, 0, 0, 0, 0, 0, 0.417650635, -0.117221143, -0.143839551, 0.15756314, 0.277463801, -0.94765428, -0.303222656, -0.899658203, -0.313842773, -0.9397279, 0.336878594, -0.0576244716, 0, 1, 5, 1, 
600.129031, 50, 0.1, 0.1, -0.0026043512, 0.346127261, -0.0199689164, 0.987451559, 0.157922189, 5.01880202e-006, 0.157922189, -0.987451559, 5.9905961e-006, 5.90187193e-006, -5.12284326e-006, -1, 0.987451562, 0.157922172, 1.05213413e-005, 0.157922172, -0.987451562, 6.78724074e-006, 1.14611707e-005, -5.0405184e-006, -1, 0, 0, 0, 0, 0, 0, 0, 0.390020483, -0.189623828, -0.171020044, -0.10433674, 0.31928888, -0.941822289, -0.974243164, -0.222412109, 0.0324707031, -0.199142609, 0.921109397, 0.334434306, 0, -0, 0, 0, 0, 0, 0, 0.417650635, -0.117221143, -0.143839551, 0.15756314, 0.277463801, -0.94765428, -0.303222656, -0.899658203, -0.313842773, -0.9397279, 0.336878594, -0.0576244716, 0, 1, 5, 1, 
600.129778, 50, 0.1, 0.1, -0.00260435143, 0.346127259, -0.0199684327, 0.987451554, 0.15792222, 1.31706651e-005, 0.15792222, -0.987451554, -5.42064211e-007, 1.29197897e-005, 2.61520282e-006, -1, 0.987451551, 0.157922239, 7.42756707e-006, 0.157922238, -0.987451551, 8.76578602e-006, 8.71867518e-006, -7.48281099e-006, -1, 0, 0, 0, 0, 0, 0, 0, 0.390020483, -0.189623828, -0.171020044, -0.10433674, 0.31928888, -0.941822289, -0.974243164, -0.222412109, 0.0324707031, -0.199142609, 0.921109397, 0.334434306, 0, -0, 0, 0, 0, 0, 0, 0.417650635, -0.117221143, -0.143839551, 0.15756314, 0.277463801, -0.94765428, -0.303222656, -0.899658203, -0.313842773, -0.9397279, 0.336878594, -0.0576244716, 0, 1, 5, 1, 
600.130481, 50, 0.1, 0.1, -0.00260435185, 0.346127258, -0.019968048, 0.98745157, 0.157922126, 7.8106204e-006, 0.157922126, -0.98745157, -1.83437663e-006, 7.42292071e-006, 3.04482786e-006, -1, 0.987451569, 0.157922128, -7.63240253e-006, 0.157922128, -0.987451569, -4.52755092e-006, -8.25162833e-006, 3.26541201e-006, -1, 0, 0, 0, 0, 0, 0, 0, 0.390020483, -0.189623828, -0.171020044, -0.10433674, 0.31928888, -0.941822289, -0.974243164, -0.222412109, 0.0324707031, -0.199142609, 0.921109397, 0.334434306, 0, -0, 0, 0, 0, 0, 0, 0.417650635, -0.117221143, -0.143839551, 0.15756314, 0.277463801, -0.94765428, -0.303222656, -0.899658203, -0.313842773, -0.9397279, 0.336878594, -0.0576244716, 0, 1, 5, 1, 
600.13119, 50, 0.1, 0.1, -0.00260435217, 0.346127257, -0.0199679111, 0.987451555, 0.157922214, -9.3112573e-006, 0.157922214, -0.987451555, 5.26985476e-006, -8.36218838e-006, -6.67418065e-006, -1, 0.987451558, 0.1579222, -1.32224969e-005, 0.1579222, -0.987451558, -5.05776402e-006, -1.38553084e-005, 2.90617115e-006, -1, 0, 0, 0, 0, 0, 0, 0, 0.390020483, -0.189623828, -0.171020044, -0.10433674, 0.31928888, -0.941822289, -0.974243164, -0.222412109, 0.0324707031, -0.199142609, 0.921109397, 0.334434306, 0, -0, 0, 0, 0, 0, 0, 0.419234912, -0.117838623, -0.143567725, 0.155217864, 0.280191138, -0.947283512, -0.297363281, -0.901000977, -0.315307617, -0.941938281, 0.330782628, -0.0564808179, 0, 1, 5, 1, 
600.131887, 50, 0.1, 0.1, -0.00260435189, 0.346127255, -0.0199682654, 0.987451569, 0.157922129, -1.43603672e-005, 0.157922129, -0.987451569, 1.97767146e-006, -1.3867849e-005, -4.22067455e-006, -1, 0.987451566, 0.15792215, -9.75623099e-006, 0.15792215, -0.987451566, 3.18058625e-006, -9.13152055e-006, -4.68139984e-006, -1, 0, 0, 0, 0, 0, 0, 0, 0.390020483, -0.189623828, -0.171020044, -0.10433674, 0.31928888, -0.941822289, -0.974243164, -0.222412109, 0.0324707031, -0.199142609, 0.921109397, 0.334434306, 0, -0, 0, 0, 0, 0, 0, 0.419234912, -0.117838623, -0.143567725, 0.155217864, 0.280191138, -0.947283512, -0.297363281, -0.901000977, -0.315307617, -0.941938281, 0.330782628, -0.0564808179, 0, 1, 5, 1, 
600.132586, 50, 0.1, 0.1, -0.00260435135, 0.346127253, -0.0199689712, 0.987451563, 0.157922167, -7.81818331e-006, 0.157922167, -0.987451563, -7.96654424e-006, -8.97817126e-006, 6.63191211e-006, -1, 0.987451567, 0.157922145, 5.19446462e-006, 0.157922145, -0.987451567, 4.06427731e-006, 5.77112161e-006, -3.19295601e-006, -1, 0, 0, 0, 0, 0, 0, 0, 0.390020483, -0.189623828, -0.171020044, -0.10433674, 0.31928888, -0.941822289, -0.974243164, -0.222412109, 0.0324707031, -0.199142609, 0.921109397, 0.334434306, 0, -0, 0, 0, 0, 0, 0, 0.419234912, -0.117838623, -0.143567725, 0.155217864, 0.280191138, -0.947283512, -0.297363281, -0.901000977, -0.315307617, -0.941938281, 0.330782628, -0.0564808179, 0, 1, 5, 1, 
600.133299, 50, 0.1, 0.1, -0.00260435095, 0.346127251, -0.0199696518, 0.987451564, 0.157922162, 7.27456873e-006, 0.157922162, -0.987451564, -5.69078098e-006, 6.28458384e-006, 6.76818619e-006, -1, 0.987451561, 0.157922182, 1.24209867e-005, 0.157922182, -0.987451561, -4.79732345e-006, 1.15075189e-005, 6.69867385e-006, -1, 0, 0, 0, 0, 0, 0, 0, 0.391268848, -0.190745386, -0.171339697, -0.110360242, 0.32370457, -0.93968091, -0.973144531, -0.22668457, 0.0362548828, -0.201278379, 0.918556141, 0.340151149, 0, -0, 0, 0, 0, 0, 0, 0.419234912, -0.117838623, -0.143567725, 0.155217864, 0.280191138, -0.947283512, -0.297363281, -0.901000977, -0.315307617, -0.941938281, 0.330782628, -0.0564808179, 0, 1, 5, 1, 
600.133996, 50, 0.1, 0.1, -0.00260435111, 0.346127249, -0.0199701973, 0.987451572, 0.157922113, 1.07872824e-005, 0.157922113, -0.987451572, 5.11077261e-006, 1.1459023e-005, -3.34309002e-006, -1, 0.987451573, 0.157922101, 7.8355682e-006, 0.157922101, -0.987451574, -4.88205365e-006, 6.96625998e-006, 6.05820095e-006, -1, 0, 0, 0, 0, 0, 0, 0, 0.391268848, -0.190745386, -0.171339697, -0.110360242, 0.32370457, -0.93968091, -0.973144531, -0.22668457, 0.0362548828, -0.201278379, 0.918556141, 0.340151149, 0, -0, 0, 0, 0, 0, 0, 0.419234912, -0.117838623, -0.143567725, 0.155217864, 0.280191138, -0.947283512, -0.297363281, -0.901000977, -0.315307617, -0.941938281, 0.330782628, -0.0564808179, 0, 1, 5, 1, 
