time, trialNum, realDorsalTactorPos, realVentralTactorPos, boxPosX, boxPosY, boxPosZ, boxLocalRot_11, boxLocalRot_12, boxLocalRot_13, boxLocalRot_21, boxLocalRot_22, boxLocalRot_23, boxLocalRot_31, boxLocalRot_32, boxLocalRot_33, boxGlobalRot_11, boxGlobalRot_12, boxGlobalRot_13, boxGlobalRot_21, boxGlobalRot_22, boxGlobalRot_23, boxGlobalRot_31, boxGlobalRot_32, boxGlobalRot_33, indexForceX, indexForceY, indexForceZ, indexForceGlobalX, indexForceGlobalY, indexForceGlobalZ, indexContact, indexPosX, indexPosY, indexPosZ, indexRot_11, indexRot_12, indexRot_13, indexRot_21, indexRot_22, indexRot_23, indexRot_31, indexRot_32, indexRot_33, thumbForceX, thumbForceY, thumbForceZ, thumbForceGlobalX, thumbForceGlobalY, thumbForceGlobalZ, thumbContact, thumbPosX, thumbPosY, thumbPosZ, thumbRot_11, thumbRot_12, thumbRot_13, thumbRot_21, thumbRot_22, thumbRot_23, thumbRot_31, thumbRot_32, thumbRot_33, manipForceTooHigh, cceExpType, mapping, trialSuccess, 
206.86998, 9, 0.1, 0.1, 0.00498780795, 0.361223078, -0.0199671236, 0.993558266, 0.113322425, -5.84680283e-006, 0.113322425, -0.993558266, -1.41764595e-005, -7.41565005e-006, 1.34225646e-005, -1, 0.993558214, 0.113322883, 8.72155275e-006, 0.113322883, -0.993558214, -6.56243925e-006, 7.92169584e-006, 7.50851691e-006, -1, 0, 0, 0, 0, 0, 0, 0, 0.263811255, -0.0141634766, -0.214656885, 0.0368174021, 0.881145314, -0.471334492, -0.939819336, 0.190795898, 0.283081055, 0.339360969, 0.432670948, 0.835236813, 0, -0, 0, 0, 0, 0, 0, 0.304615918, 0.021710791, -0.175879834, -0.00678767339, 0.633844711, -0.773306153, -0.148803711, -0.765258789, -0.626098633, -0.988792228, 0.110929882, 0.0995222599, 0, 1, 1, 1, 
206.888276, 9, 0.1, 0.1, 0.00498781437, 0.361223068, -0.019965524, 0.993562414, 0.113286047, -2.03584134e-005, 0.113286047, -0.993562414, 1.10555934e-005, -1.89749099e-005, -1.32907462e-005, -1, 0.993562404, 0.113286131, -2.91346249e-005, 0.113286131, -0.993562405, -1.83626043e-005, -3.10272964e-005, 1.49438444e-005, -0.999999999, 0, 0, 0, 0, 0, 0, 0, 0.271264771, -0.0243318604, -0.208664014, 0.0118741717, 0.892675986, -0.450415674, -0.937866211, 0.166137695, 0.304443359, 0.346524979, 0.418856252, 0.839339114, 0, -0, 0, 0, 0, 0, 0, 0.311482422, 0.00876811523, -0.169438428, -0.0306589456, 0.625451209, -0.779464452, -0.132568359, -0.775512695, -0.61706543, -0.990564744, 0.0845172056, 0.10673053, 0, 1, 1, 1, 
206.888978, 9, 0.1, 0.1, 0.00498781567, 0.361223072, -0.0199695916, 0.993562488, 0.113285401, -8.14731314e-006, 0.113285401, -0.993562488, -9.38604016e-006, -9.15816603e-006, 8.40264578e-006, -1, 0.993562473, 0.113285535, 6.23030453e-006, 0.113285534, -0.993562473, 1.64449491e-005, 8.05317162e-006, -1.56332809e-005, -1, 0, 0, 0, 0, 0, 0, 0, 0.271264771, -0.0243318604, -0.208664014, 0.0118741717, 0.892675986, -0.450415674, -0.937866211, 0.166137695, 0.304443359, 0.346524979, 0.418856252, 0.839339114, 0, -0, 0, 0, 0, 0, 0, 0.311482422, 0.00876811523, -0.169438428, -0.0306589456, 0.625451209, -0.779464452, -0.132568359, -0.775512695, -0.61706543, -0.990564744, 0.0845172056, 0.10673053, 0, 1, 1, 1, 
206.889669, 9, 0.1, 0.1, 0.00498781621, 0.361223069, -0.0199733493, 0.993562547, 0.113284883, 1.94122134e-005, 0.113284883, -0.993562547, 1.47874328e-005, 2.09624408e-005, -1.2493129e-005, -1, 0.993562539, 0.113284952, 1.33630526e-005, 0.113284952, -0.993562539, -6.93120275e-006, 1.24918275e-005, 8.40041617e-006, -1, 0, 0, 0, 0, 0, 0, 0, 0.271264771, -0.0243318604, -0.208664014, 0.0118741717, 0.892675986, -0.450415674, -0.937866211, 0.166137695, 0.304443359, 0.346524979, 0.418856252, 0.839339114, 0, -0, 0, 0, 0, 0, 0, 0.311482422, 0.00876811523, -0.169438428, -0.0306589456, 0.625451209, -0.779464452, -0.132568359, -0.775512695, -0.61706543, -0.990564744, 0.0845172056, 0.10673053, 0, 1, 1, 1, 
206.89039, 9, 0.1, 0.1, 0.00498781691, 0.361223072, -0.0199756156, 0.993562563, 0.113284745, -7.08471602e-006, 0.113284745, -0.993562563, -8.31495815e-006, -7.98106652e-006, 7.45884088e-006, -1, 0.993562564, 0.113284736, -1.03520405e-005, 0.113284737, -0.993562564, 1.15396497e-005, -8.97813375e-006, -1.26380921e-005, -1, 0, 0, 0, 0, 0, 0, 0, 0.271728687, -0.0253507812, -0.208008057, 0.00763034622, 0.894768694, -0.446322373, -0.936645508, 0.162719727, 0.310180664, 0.350163341, 0.415682185, 0.839432351, 0, -0, 0, 0, 0, 0, 0, 0.311948877, 0.0077081543, -0.169169287, -0.0370101082, 0.625047625, -0.779623767, -0.12902832, -0.776611328, -0.616455078, -0.990864049, 0.0778466809, 0.109414125, 0, 1, 1, 1, 
206.891083, 9, 0.1, 0.1, 0.00498781745, 0.36122307, -0.0199758975, 0.993562553, 0.113284832, 3.35932085e-006, 0.113284832, -0.993562553, 1.28904067e-005, 4.79798295e-006, -1.24268653e-005, -1, 0.993562553, 0.113284831, -3.00214702e-006, 0.113284831, -0.993562553, -6.72339314e-006, -3.74447932e-006, 6.34001394e-006, -1, 0, 0, 0, 0, 0, 0, 0, 0.271728687, -0.0253507812, -0.208008057, 0.00763034622, 0.894768694, -0.446322373, -0.936645508, 0.162719727, 0.310180664, 0.350163341, 0.415682185, 0.839432351, 0, -0, 0, 0, 0, 0, 0, 0.311948877, 0.0077081543, -0.169169287, -0.0370101082, 0.625047625, -0.779623767, -0.12902832, -0.776611328, -0.616455078, -0.990864049, 0.0778466809, 0.109414125, 0, 1, 1, 1, 
206.89178, 9, 0.1, 0.1, 0.00498781745, 0.361223072, -0.0199743599, 0.993562542, 0.113284931, -1.7290898e-006, 0.113284931, -0.993562542, -1.65839738e-005, -3.59667317e-006, 1.62813353e-005, -1, 0.993562546, 0.113284897, -6.18724079e-006, 0.113284897, -0.993562546, 4.72219374e-006, -5.61245748e-006, -5.39271577e-006, -1, 0, 0, 0, 0, 0, 0, 0, 0.271728687, -0.0253507812, -0.208008057, 0.00763034622, 0.894768694, -0.446322373, -0.936645508, 0.162719727, 0.310180664, 0.350163341, 0.415682185, 0.839432351, 0, -0, 0, 0, 0, 0, 0, 0.311948877, 0.0077081543, -0.169169287, -0.0370101082, 0.625047625, -0.779623767, -0.12902832, -0.776611328, -0.616455078, -0.990864049, 0.0778466809, 0.109414125, 0, 1, 1, 1, 
206.89248, 9, 0.1, 0.1, 0.00498781743, 0.361223068, -0.019971539, 0.993562516, 0.113285156, -2.11218324e-005, 0.113285156, -0.993562516, 1.11817035e-005, -1.97191399e-005, -1.35025115e-005, -1, 0.993562518, 0.113285136, -1.32643537e-005, 0.113285136, -0.993562518, -1.10711498e-005, -1.44331614e-005, 9.49722539e-006, -1, 0, 0, 0, 0, 0, 0, 0, 0.271728687, -0.0253507812, -0.208008057, 0.00763034622, 0.894768694, -0.446322373, -0.936645508, 0.162719727, 0.310180664, 0.350163341, 0.415682185, 0.839432351, 0, -0, 0, 0, 0, 0, 0, 0.311948877, 0.0077081543, -0.169169287, -0.0370101082, 0.625047625, -0.779623767, -0.12902832, -0.776611328, -0.616455078, -0.990864049, 0.0778466809, 0.109414125, 0, 1, 1, 1, 
206.893178, 9, 0.1, 0.1, 0.00498781988, 0.361223071, -0.0199682461, 0.993562535, 0.113284982, 3.24530317e-005, 0.113284983, -0.993562536, -1.53485807e-005, 3.05053527e-005, 1.89262159e-005, -0.999999999, 0.993562527, 0.11328506, 2.9386537e-005, 0.11328506, -0.993562527, 1.01314819e-005, 3.03451075e-005, -6.73720516e-006, -1, 0, 0, 0, 0, 0, 0, 0, 0.271728687, -0.0253507812, -0.208008057, 0.00763034622, 0.894768694, -0.446322373, -0.936645508, 0.162719727, 0.310180664, 0.350163341, 0.415682185, 0.839432351, 0, -0, 0, 0, 0, 0, 0, 0.311948877, 0.0077081543, -0.169169287, -0.0370101082, 0.625047625, -0.779623767, -0.12902832, -0.776611328, -0.616455078, -0.990864049, 0.0778466809, 0.109414125, 0, 1, 1, 1, 
206.893874, 9, 0.1, 0.1, 0.00498781655, 0.361223066, -0.0199656337, 0.993562618, 0.113284254, -5.25694128e-005, 0.113284255, -0.993562619, 1.16046991e-005, -5.09163738e-005, -1.7485282e-005, -0.999999999, 0.993562595, 0.113284452, -4.44434759e-005, 0.113284451, -0.993562596, -1.57707213e-005, -4.59439529e-005, 1.0634444e-005, -0.999999999, 0, 0, 0, 0, 0, 0, 0, 0.271728687, -0.0253507812, -0.208008057, 0.00763034622, 0.894768694, -0.446322373, -0.936645508, 0.162719727, 0.310180664, 0.350163341, 0.415682185, 0.839432351, 0, -0, 0, 0, 0, 0, 0, 0.311948877, 0.0077081543, -0.169169287, -0.0370101082, 0.625047625, -0.779623767, -0.12902832, -0.776611328, -0.616455078, -0.990864049, 0.0778466809, 0.109414125, 0, 1, 1, 1, 
206.894566, 9, 0.1, 0.1, 0.00498781529, 0.36122307, -0.0199644366, 0.993562763, 0.113282991, 2.31351569e-005, 0.113282991, -0.993562763, -1.14930652e-005, 2.16842616e-005, 1.40399014e-005, -1, 0.993562728, 0.113283292, 1.5858575e-005, 0.113283292, -0.993562729, 1.62625997e-005, 1.75987699e-005, -1.43614014e-005, -1, 0, 0, 0, 0, 0, 0, 0, 0.271728687, -0.0253507812, -0.208008057, 0.00763034622, 0.894768694, -0.446322373, -0.936645508, 0.162719727, 0.310180664, 0.350163341, 0.415682185, 0.839432351, 0, -0, 0, 0, 0, 0, 0, 0.311948877, 0.0077081543, -0.169169287, -0.0370101082, 0.625047625, -0.779623767, -0.12902832, -0.776611328, -0.616455078, -0.990864049, 0.0778466809, 0.109414125, 0, 1, 1, 1, 
206.895288, 9, 0.1, 0.1, 0.00498781604, 0.361223066, -0.0199645523, 0.993562961, 0.113281258, 6.13156648e-006, 0.113281257, -0.99356296, 2.18675562e-005, 8.56928161e-006, -2.10322023e-005, -1, 0.993562921, 0.113281603, -6.12677994e-006, 0.113281603, -0.993562921, -9.23901866e-006, -7.13395222e-006, 8.48549491e-006, -1, 0, 0, 0, 0, 0, 0, 0, 0.272271948, -0.0268624512, -0.20700791, 0.00495389728, 0.895865783, -0.444190351, -0.935302734, 0.161254883, 0.314697266, 0.353553455, 0.41402532, 0.838847488, 0, -0, 0, 0, 0, 0, 0, 0.312303418, 0.00574179687, -0.168947998, -0.0418085697, 0.623277273, -0.780709451, -0.128662109, -0.778198242, -0.614501953, -0.990754675, 0.0748375271, 0.112736811, 0, 1, 1, 1, 
206.895988, 9, 0.1, 0.1, 0.00498781533, 0.361223071, -0.0199661439, 0.993563122, 0.113279839, -8.05166854e-006, 0.113279839, -0.993563122, -1.0410508e-005, -9.17914161e-006, 9.43140507e-006, -1, 0.993563096, 0.113280068, -1.66105985e-005, 0.113280068, -0.993563096, 1.6303319e-005, -1.46568366e-005, -1.80800258e-005, -1, 0, 0, 0, 0, 0, 0, 0, 0.272271948, -0.0268624512, -0.20700791, 0.00495389728, 0.895865783, -0.444190351, -0.935302734, 0.161254883, 0.314697266, 0.353553455, 0.41402532, 0.838847488, 0, -0, 0, 0, 0, 0, 0, 0.312303418, 0.00574179687, -0.168947998, -0.0418085697, 0.623277273, -0.780709451, -0.128662109, -0.778198242, -0.614501953, -0.990754675, 0.0748375271, 0.112736811, 0, 1, 1, 1, 
206.896685, 9, 0.1, 0.1, 0.00498781608, 0.361223068, -0.0199686308, 0.99356323, 0.113278898, -1.5067259e-005, 0.113278898, -0.993563229, 1.53083948e-005, -1.32361564e-005, -1.69166607e-005, -1, 0.993563207, 0.113279099, -8.12240081e-006, 0.113279098, -0.993563207, -9.00438072e-006, -9.09012673e-006, 8.02632314e-006, -1, 0, 0, 0, 0, 0, 0, 0, 0.272271948, -0.0268624512, -0.20700791, 0.00495389728, 0.895865783, -0.444190351, -0.935302734, 0.161254883, 0.314697266, 0.353553455, 0.41402532, 0.838847488, 0, -0, 0, 0, 0, 0, 0, 0.312303418, 0.00574179687, -0.168947998, -0.0418085697, 0.623277273, -0.780709451, -0.128662109, -0.778198242, -0.614501953, -0.990754675, 0.0748375271, 0.112736811, 0, 1, 1, 1, 
206.897407, 9, 0.1, 0.1, 0.00498781642, 0.361223071, -0.0199711568, 0.993563366, 0.113277702, -5.88285597e-006, 0.113277702, -0.993563366, -1.4902802e-005, -7.53314533e-006, 1.41404817e-005, -1, 0.993563336, 0.113277966, 5.49841396e-006, 0.113277966, -0.993563336, 1.28741268e-005, 6.92137741e-006, -1.21684112e-005, -1, 0, 0, 0, 0, 0, 0, 0, 0.27257439, -0.0283659424, -0.205977979, 0.00195992948, 0.89714672, -0.441499676, -0.934204102, 0.159057617, 0.318969727, 0.356499492, 0.41196856, 0.83866851, 0, -0, 0, 0, 0, 0, 0, 0.312303418, 0.00574179687, -0.168947998, -0.0486836181, 0.621800398, -0.78148197, -0.126342773, -0.779907227, -0.612792969, -0.990740815, 0.0690361366, 0.116583382, 0, 1, 1, 1, 
206.898104, 9, 0.1, 0.1, 0.00498781718, 0.361223067, -0.0199728167, 0.993563477, 0.113276731, 3.18046144e-006, 0.113276731, -0.993563477, 8.16080163e-006, 4.08441926e-006, -7.74800217e-006, -1, 0.993563459, 0.113276887, 1.04913629e-005, 0.113276887, -0.993563459, -1.30425351e-005, 8.94641708e-006, 1.41470152e-005, -1, 0, 0, 0, 0, 0, 0, 0, 0.27257439, -0.0283659424, -0.205977979, 0.00195992948, 0.89714672, -0.441499676, -0.934204102, 0.159057617, 0.318969727, 0.356499492, 0.41196856, 0.83866851, 0, -0, 0, 0, 0, 0, 0, 0.312741797, 0.00485234375, -0.168918213, -0.0486836181, 0.621800398, -0.78148197, -0.126342773, -0.779907227, -0.612792969, -0.990740815, 0.0690361366, 0.116583382, 0, 1, 1, 1, 
206.898799, 9, 0.1, 0.1, 0.00498781657, 0.361223069, -0.0199734579, 0.993563546, 0.113276119, 8.80783433e-006, 0.113276119, -0.993563546, -1.66967717e-005, 6.85979763e-006, 1.75870209e-005, -1, 0.993563531, 0.113276253, 3.00803162e-006, 0.113276253, -0.993563531, 4.29527833e-006, 3.47522355e-006, -3.92689335e-006, -1, 0, 0, 0, 0, 0, 0, 0, 0.27257439, -0.0283659424, -0.205977979, 0.00195992948, 0.89714672, -0.441499676, -0.934204102, 0.159057617, 0.318969727, 0.356499492, 0.41196856, 0.83866851, 0, -0, 0, 0, 0, 0, 0, 0.312741797, 0.00485234375, -0.168918213, -0.0486836181, 0.621800398, -0.78148197, -0.126342773, -0.779907227, -0.612792969, -0.990740815, 0.0690361366, 0.116583382, 0, 1, 1, 1, 
206.899491, 9, 0.1, 0.1, 0.00498781624, 0.361223064, -0.0199729632, 0.993563639, 0.113275305, 1.80092337e-006, 0.113275305, -0.993563639, 1.07259332e-005, 3.00431533e-006, -1.0452897e-005, -1, 0.993563619, 0.113275479, -8.18732964e-006, 0.113275479, -0.993563619, -1.30685177e-005, -9.61497547e-006, 1.20569801e-005, -1, 0, 0, 0, 0, 0, 0, 0, 0.27257439, -0.0283659424, -0.205977979, 0.00195992948, 0.89714672, -0.441499676, -0.934204102, 0.159057617, 0.318969727, 0.356499492, 0.41196856, 0.83866851, 0, -0, 0, 0, 0, 0, 0, 0.312741797, 0.00485234375, -0.168918213, -0.0486836181, 0.621800398, -0.78148197, -0.126342773, -0.779907227, -0.612792969, -0.990740815, 0.0690361366, 0.116583382, 0, 1, 1, 1, 
206.900188, 9, 0.1, 0.1, 0.00498781544, 0.361223067, -0.0199715374, 0.993563716, 0.113274635, -6.39159524e-006, 0.113274635, -0.993563716, -1.50149238e-005, -8.05126713e-006, 1.41942779e-005, -1, 0.993563704, 0.113274732, -1.45765178e-005, 0.113274732, -0.993563705, 6.28445386e-006, -1.37708292e-005, -7.8951564e-006, -1, 0, 0, 0, 0, 0, 0, 0, 0.27257439, -0.0283659424, -0.205977979, 0.00195992948, 0.89714672, -0.441499676, -0.934204102, 0.159057617, 0.318969727, 0.356499492, 0.41196856, 0.83866851, 0, -0, 0, 0, 0, 0, 0, 0.312741797, 0.00485234375, -0.168918213, -0.0486836181, 0.621800398, -0.78148197, -0.126342773, -0.779907227, -0.612792969, -0.990740815, 0.0690361366, 0.116583382, 0, 1, 1, 1, 
206.900878, 9, 0.1, 0.1, 0.00498781647, 0.361223064, -0.0199697275, 0.993563753, 0.113274302, -1.14513468e-005, 0.113274303, -0.993563753, 1.89558082e-005, -9.23043716e-006, -2.01309473e-005, -1, 0.993563744, 0.113274385, -5.43085885e-006, 0.113274385, -0.993563744, -5.82863632e-006, -6.05613964e-006, 5.17594453e-006, -1, 0, 0, 0, 0, 0, 0, 0, 0.27257439, -0.0283659424, -0.205977979, 0.00195992948, 0.89714672, -0.441499676, -0.934204102, 0.159057617, 0.318969727, 0.356499492, 0.41196856, 0.83866851, 0, -0, 0, 0, 0, 0, 0, 0.312741797, 0.00485234375, -0.168918213, -0.0486836181, 0.621800398, -0.78148197, -0.126342773, -0.779907227, -0.612792969, -0.990740815, 0.0690361366, 0.116583382, 0, 1, 1, 1, 
206.901579, 9, 0.1, 0.1, 0.00498781781, 0.361223068, -0.0199679524, 0.993563825, 0.113273678, -5.91674975e-007, 0.113273678, -0.993563825, -1.15545168e-005, -1.89668948e-006, 1.14131287e-005, -1, 0.993563809, 0.11327382, 1.08424626e-005, 0.11327382, -0.993563808, 1.63451747e-005, 1.26241588e-005, -1.50118069e-005, -1, 0, 0, 0, 0, 0, 0, 0, 0.27257439, -0.0283659424, -0.205977979, 0.00195992948, 0.89714672, -0.441499676, -0.934204102, 0.159057617, 0.318969727, 0.356499492, 0.41196856, 0.83866851, 0, -0, 0, 0, 0, 0, 0, 0.312741797, 0.00485234375, -0.168918213, -0.0486836181, 0.621800398, -0.78148197, -0.126342773, -0.779907227, -0.612792969, -0.990740815, 0.0690361366, 0.116583382, 0, 1, 1, 1, 
206.902309, 9, 0.1, 0.1, 0.00498782046, 0.361223065, -0.0199665111, 0.993563882, 0.113273176, 1.24511316e-005, 0.113273176, -0.993563882, 2.20373905e-005, 1.48672399e-005, -2.04851761e-005, -1, 0.993563875, 0.113273231, 2.19162282e-005, 0.113273231, -0.993563876, -3.28840463e-006, 2.14026844e-005, 5.74976203e-006, -1, 0, 0, 0, 0, 0, 0, 0, 0.273606372, -0.0298789551, -0.204752637, 0.000221810733, 0.898224713, -0.439373646, -0.93359375, 0.157470703, 0.321533203, 0.358010702, 0.410191128, 0.838826148, 0, -0, 0, 0, 0, 0, 0, 0.31359751, 0.00378994141, -0.168047949, -0.0526067488, 0.620681531, -0.782229336, -0.123535156, -0.78125, -0.611694336, -0.990784925, 0.0644998014, 0.117855001, 0, 1, 1, 1, 
206.903001, 9, 0.1, 0.1, 0.00498782099, 0.361223069, -0.019966022, 0.993563895, 0.113273063, 1.75031218e-005, 0.113273064, -0.993563895, -1.58117087e-005, 1.55994292e-005, 1.76925751e-005, -1, 0.99356389, 0.113273106, 1.08070994e-005, 0.113273106, -0.99356389, 1.23006673e-005, 1.21308785e-005, -1.09973451e-005, -1, 0, 0, 0, 0, 0, 0, 0, 0.273606372, -0.0298789551, -0.204752637, 0.000221810733, 0.898224713, -0.439373646, -0.93359375, 0.157470703, 0.321533203, 0.358010702, 0.410191128, 0.838826148, 0, -0, 0, 0, 0, 0, 0, 0.31359751, 0.00378994141, -0.168047949, -0.0526067488, 0.620681531, -0.782229336, -0.123535156, -0.78125, -0.611694336, -0.990784925, 0.0644998014, 0.117855001, 0, 1, 1, 1, 
206.903698, 9, 0.1, 0.1, 0.00498782112, 0.361223064, -0.0199666372, 0.993563947, 0.113272603, 3.71226588e-006, 0.113272603, -0.993563947, 1.20240648e-005, 5.05037066e-006, -1.15261793e-005, -1, 0.993563934, 0.113272716, -7.72579835e-006, 0.113272715, -0.993563934, -1.6296673e-005, -9.52204301e-006, 1.53166644e-005, -1, 0, 0, 0, 0, 0, 0, 0, 0.273606372, -0.0298789551, -0.204752637, 0.000221810733, 0.898224713, -0.439373646, -0.93359375, 0.157470703, 0.321533203, 0.358010702, 0.410191128, 0.838826148, 0, -0, 0, 0, 0, 0, 0, 0.31359751, 0.00378994141, -0.168047949, -0.0526067488, 0.620681531, -0.782229336, -0.123535156, -0.78125, -0.611694336, -0.990784925, 0.0644998014, 0.117855001, 0, 1, 1, 1, 
206.90439, 9, 0.1, 0.1, 0.00498782005, 0.361223067, -0.019968111, 0.993563987, 0.113272256, -9.5579971e-006, 0.113272256, -0.993563987, -1.73586306e-005, -1.1462733e-005, 1.61642543e-005, -1, 0.993563983, 0.113272288, -1.7790467e-005, 0.113272288, -0.993563983, 6.97623398e-006, -1.68857533e-005, -8.94650172e-006, -1, 0, 0, 0, 0, 0, 0, 0, 0.273606372, -0.0298789551, -0.204752637, 0.000221810733, 0.898224713, -0.439373646, -0.93359375, 0.157470703, 0.321533203, 0.358010702, 0.410191128, 0.838826148, 0, -0, 0, 0, 0, 0, 0, 0.31359751, 0.00378994141, -0.168047949, -0.0526067488, 0.620681531, -0.782229336, -0.123535156, -0.78125, -0.611694336, -0.990784925, 0.0644998014, 0.117855001, 0, 1, 1, 1, 
206.90509, 9, 0.1, 0.1, 0.00498782049, 0.361223063, -0.0199699607, 0.993563989, 0.113272234, -1.52938662e-005, 0.113272234, -0.993563989, 1.14489827e-005, -1.38985829e-005, -1.31076673e-005, -1, 0.993563987, 0.113272258, -8.78143899e-006, 0.113272258, -0.993563987, -1.26129417e-005, -1.01536179e-005, 1.15370712e-005, -1, 0, 0, 0, 0, 0, 0, 0, 0.273606372, -0.0298789551, -0.204752637, 0.000221810733, 0.898224713, -0.439373646, -0.93359375, 0.157470703, 0.321533203, 0.358010702, 0.410191128, 0.838826148, 0, -0, 0, 0, 0, 0, 0, 0.31359751, 0.00378994141, -0.168047949, -0.0526067488, 0.620681531, -0.782229336, -0.123535156, -0.78125, -0.611694336, -0.990784925, 0.0644998014, 0.117855001, 0, 1, 1, 1, 
206.905789, 9, 0.1, 0.1, 0.00498782086, 0.361223066, -0.0199715532, 0.993564028, 0.113271895, -4.2849102e-006, 0.113271895, -0.993564028, -9.82097828e-006, -5.36977345e-006, 9.27241084e-006, -1, 0.993564018, 0.11327198, 5.69628022e-006, 0.11327198, -0.993564018, 1.40292521e-005, 7.24874023e-006, -1.32937312e-005, -1, 0, 0, 0, 0, 0, 0, 0, 0.273606372, -0.0298789551, -0.204752637, 0.000221810733, 0.898224713, -0.439373646, -0.93359375, 0.157470703, 0.321533203, 0.358010702, 0.410191128, 0.838826148, 0, -0, 0, 0, 0, 0, 0, 0.31359751, 0.00378994141, -0.168047949, -0.0526067488, 0.620681531, -0.782229336, -0.123535156, -0.78125, -0.611694336, -0.990784925, 0.0644998014, 0.117855001, 0, 1, 1, 1, 
206.906485, 9, 0.1, 0.1, 0.00498782206, 0.361223064, -0.0199724812, 0.993564057, 0.113271645, 5.90809009e-006, 0.113271645, -0.993564056, 1.72224635e-005, 7.82088273e-006, -1.64424016e-005, -1, 0.993564054, 0.113271664, 1.33763281e-005, 0.113271664, -0.993564054, -4.44004935e-006, 1.2787307e-005, 5.92663237e-006, -1, 0, 0, 0, 0, 0, 0, 0, 0.273606372, -0.0298789551, -0.204752637, 0.000221810733, 0.898224713, -0.439373646, -0.93359375, 0.157470703, 0.321533203, 0.358010702, 0.410191128, 0.838826148, 0, -0, 0, 0, 0, 0, 0, 0.31359751, 0.00378994141, -0.168047949, -0.0526067488, 0.620681531, -0.782229336, -0.123535156, -0.78125, -0.611694336, -0.990784925, 0.0644998014, 0.117855001, 0, 1, 1, 1, 
206.907211, 9, 0.1, 0.1, 0.00498782184, 0.361223067, -0.0199722525, 0.993564053, 0.113271675, 1.21808987e-005, 0.113271675, -0.993564053, -1.12737822e-005, 1.08255029e-005, 1.25809756e-005, -1, 0.993564052, 0.113271688, 6.25051099e-006, 0.113271688, -0.993564052, 1.10835844e-005, 7.46573934e-006, -1.03042451e-005, -1, 0, 0, 0, 0, 0, 0, 0, 0.274673755, -0.0316506104, -0.203150635, -0.000742728662, 0.898529128, -0.438612049, -0.93359375, 0.156494141, 0.322265625, 0.35816347, 0.409772138, 0.838952707, 0, -0, 0, 0, 0, 0, 0, 0.314046533, 0.00204365234, -0.167429004, -0.0559101116, 0.618751498, -0.783500588, -0.122192383, -0.782958984, -0.609741211, -0.990886637, 0.0618420926, 0.119439785, 0, 1, 1, 1, 
206.907905, 9, 0.1, 0.1, 0.00498782187, 0.361223064, -0.0199711851, 0.993564084, 0.113271408, 4.16918499e-006, 0.113271408, -0.993564083, 1.50926765e-005, 5.85192118e-006, -1.45232918e-005, -1, 0.993564075, 0.113271479, -6.45277824e-006, 0.113271479, -0.993564075, -9.52129673e-006, -7.48974002e-006, 8.72910264e-006, -1, 0, 0, 0, 0, 0, 0, 0, 0.274673755, -0.0316506104, -0.203150635, -0.000742728662, 0.898529128, -0.438612049, -0.93359375, 0.156494141, 0.322265625, 0.35816347, 0.409772138, 0.838952707, 0, -0, 0, 0, 0, 0, 0, 0.314046533, 0.00204365234, -0.167429004, -0.0559101116, 0.618751498, -0.783500588, -0.122192383, -0.782958984, -0.609741211, -0.990886637, 0.0618420926, 0.119439785, 0, 1, 1, 1, 
206.908602, 9, 0.1, 0.1, 0.0049878214, 0.361223066, -0.0199697432, 0.993564105, 0.113271224, -4.51391476e-006, 0.113271224, -0.993564104, -1.72139762e-005, -6.43471182e-006, 1.65918922e-005, -1, 0.993564104, 0.113271227, -1.32446199e-005, 0.113271228, -0.993564104, 6.71690286e-006, -1.2398547e-005, -8.17390792e-006, -1, 0, 0, 0, 0, 0, 0, 0, 0.274673755, -0.0316506104, -0.203150635, -0.000742728662, 0.898529128, -0.438612049, -0.93359375, 0.156494141, 0.322265625, 0.35816347, 0.409772138, 0.838952707, 0, -0, 0, 0, 0, 0, 0, 0.314046533, 0.00204365234, -0.167429004, -0.0559101116, 0.618751498, -0.783500588, -0.122192383, -0.782958984, -0.609741211, -0.990886637, 0.0618420926, 0.119439785, 0, 1, 1, 1, 
206.9093, 9, 0.1, 0.1, 0.00498782283, 0.361223063, -0.0199683325, 0.993564092, 0.113271334, -1.05392947e-005, 0.113271335, -0.993564092, 1.50258802e-005, -8.76946331e-006, -1.6122975e-005, -1, 0.993564092, 0.113271334, -4.02946037e-006, 0.113271334, -0.993564092, -1.01785034e-005, -5.15645979e-006, 9.65657312e-006, -1, 0, 0, 0, 0, 0, 0, 0, 0.274673755, -0.0316506104, -0.203150635, -0.000742728662, 0.898529128, -0.438612049, -0.93359375, 0.156494141, 0.322265625, 0.35816347, 0.409772138, 0.838952707, 0, -0, 0, 0, 0, 0, 0, 0.314046533, 0.00204365234, -0.167429004, -0.0559101116, 0.618751498, -0.783500588, -0.122192383, -0.782958984, -0.609741211, -0.990886637, 0.0618420926, 0.119439785, 0, 1, 1, 1, 
206.910007, 9, 0.1, 0.1, 0.0049878242, 0.361223066, -0.0199673515, 0.99356412, 0.113271092, -1.5063852e-006, 0.113271092, -0.993564119, -1.71513966e-005, -3.43944771e-006, 1.68703824e-005, -1, 0.993564111, 0.113271163, 1.09607402e-005, 0.113271163, -0.993564111, 1.13061399e-005, 1.21708577e-005, -9.99183901e-006, -1, 0, 0, 0, 0, 0, 0, 0, 0.274673755, -0.0316506104, -0.203150635, -0.000742728662, 0.898529128, -0.438612049, -0.93359375, 0.156494141, 0.322265625, 0.35816347, 0.409772138, 0.838952707, 0, -0, 0, 0, 0, 0, 0, 0.314046533, 0.00204365234, -0.167429004, -0.0559101116, 0.618751498, -0.783500588, -0.122192383, -0.782958984, -0.609741211, -0.990886637, 0.0618420926, 0.119439785, 0, 1, 1, 1, 
206.910701, 9, 0.1, 0.1, 0.00498782583, 0.361223062, -0.0199670441, 0.993564138, 0.113270931, 7.18402941e-006, 0.113270931, -0.993564138, 1.61755146e-005, 8.97000959e-006, -1.52576696e-005, -1, 0.993564138, 0.113270928, 1.67021894e-005, 0.113270929, -0.993564138, -9.55304783e-006, 1.55126138e-005, 1.13834382e-005, -1, 0, 0, 0, 0, 0, 0, 0, 0.274673755, -0.0316506104, -0.203150635, -0.000742728662, 0.898529128, -0.438612049, -0.93359375, 0.156494141, 0.322265625, 0.35816347, 0.409772138, 0.838952707, 0, -0, 0, 0, 0, 0, 0, 0.314046533, 0.00204365234, -0.167429004, -0.0559101116, 0.618751498, -0.783500588, -0.122192383, -0.782958984, -0.609741211, -0.990886637, 0.0618420926, 0.119439785, 0, 1, 1, 1, 
206.911401, 9, 0.1, 0.1, 0.00498782502, 0.361223066, -0.0199675047, 0.99356412, 0.113271087, 1.03057339e-005, 0.113271087, -0.99356412, -1.41009552e-005, 8.6421769e-006, 1.51775448e-005, -1, 0.993564121, 0.113271079, 3.79478189e-006, 0.113271078, -0.993564121, 1.16729617e-005, 5.09256809e-006, -1.11679969e-005, -1, 0, 0, 0, 0, 0, 0, 0, 0.274673755, -0.0316506104, -0.203150635, -0.000742728662, 0.898529128, -0.438612049, -0.93359375, 0.156494141, 0.322265625, 0.35816347, 0.409772138, 0.838952707, 0, -0, 0, 0, 0, 0, 0, 0.314046533, 0.00204365234, -0.167429004, -0.0559101116, 0.618751498, -0.783500588, -0.122192383, -0.782958984, -0.609741211, -0.990886637, 0.0618420926, 0.119439785, 0, 1, 1, 1, 
206.912123, 9, 0.1, 0.1, 0.00498782374, 0.361223061, -0.0199682757, 0.993564146, 0.113270863, -2.69140467e-006, 0.113270863, -0.993564146, 1.21300848e-005, -1.300098e-006, -1.23568751e-005, -1, 0.993564138, 0.113270929, -1.43492489e-005, 0.113270929, -0.993564138, -1.4954589e-005, -1.59508193e-005, 1.32329906e-005, -1, 0, 0, 0, 0, 0, 0, 0, 0.275483228, -0.0334291016, -0.201796899, -0.002436664, 0.898668791, -0.438307635, -0.933227539, 0.155395508, 0.323852539, 0.359173315, 0.409873609, 0.838533717, 0, -0, 0, 0, 0, 0, 0, 0.314763721, 7.7783203e-005, -0.166814941, -0.058631986, 0.616610746, -0.784918761, -0.121826172, -0.784790039, -0.607421875, -0.990681746, 0.0600214352, 0.121254612, 0, 1, 1, 1, 
206.912817, 9, 0.1, 0.1, 0.00498782911, 0.361223065, -0.0199693575, 0.99356421, 0.113270302, 1.34139167e-005, 0.113270302, -0.99356421, -1.03401472e-005, 1.2156356e-005, 1.17929985e-005, -1, 0.993564196, 0.113270421, 2.85767656e-005, 0.11327042, -0.993564196, 1.48329276e-005, 3.00729831e-005, -1.15005635e-005, -0.999999999, 0, 0, 0, 0, 0, 0, 0, 0.275483228, -0.0334291016, -0.201796899, -0.002436664, 0.898668791, -0.438307635, -0.933227539, 0.155395508, 0.323852539, 0.359173315, 0.409873609, 0.838533717, 0, -0, 0, 0, 0, 0, 0, 0.314763721, 7.7783203e-005, -0.166814941, -0.058631986, 0.616610746, -0.784918761, -0.121826172, -0.784790039, -0.607421875, -0.990681746, 0.0600214352, 0.121254612, 0, 1, 1, 1, 
206.913512, 9, 0.1, 0.1, 0.00498782428, 0.361223061, -0.0199704688, 0.993564307, 0.113269444, -2.11523574e-005, 0.113269444, -0.993564307, 1.42602755e-005, -1.94009738e-005, -1.65644165e-005, -1, 0.993564286, 0.113269624, -3.22386621e-005, 0.113269624, -0.993564287, -1.0159814e-005, -3.31819816e-005, 6.44276719e-006, -0.999999999, 0, 0, 0, 0, 0, 0, 0, 0.275483228, -0.0334291016, -0.201796899, -0.002436664, 0.898668791, -0.438307635, -0.933227539, 0.155395508, 0.323852539, 0.359173315, 0.409873609, 0.838533717, 0, -0, 0, 0, 0, 0, 0, 0.314763721, 7.7783203e-005, -0.166814941, -0.058631986, 0.616610746, -0.784918761, -0.121826172, -0.784790039, -0.607421875, -0.990681746, 0.0600214352, 0.121254612, 0, 1, 1, 1, 
206.914241, 9, 0.1, 0.1, 0.00498782669, 0.361223065, -0.0199710673, 0.993564442, 0.113268265, 2.68659083e-006, 0.113268266, -0.993564442, -1.360679e-005, 1.12808362e-006, 1.38235282e-005, -1, 0.993564415, 0.113268497, 1.43402083e-005, 0.113268496, -0.993564415, 1.14690249e-005, 1.55469999e-005, -9.7709212e-006, -1, 0, 0, 0, 0, 0, 0, 0, 0.276499585, -0.0351980713, -0.200874023, -0.00449829302, 0.899011397, -0.43767971, -0.932495117, 0.154296875, 0.326416016, 0.360982948, 0.409695754, 0.837816303, 0, -0, 0, 0, 0, 0, 0, 0.315328955, -0.00205615234, -0.165758057, -0.0602357264, 0.614974922, -0.786126214, -0.121704102, -0.786132813, -0.605712891, -0.990604821, 0.0592357897, 0.122232388, 0, 1, 1, 1, 
206.914947, 9, 0.1, 0.1, 0.00498782186, 0.36122306, -0.0199709193, 0.993564595, 0.113266921, -1.45095471e-005, 0.113266921, -0.993564595, 9.29463803e-006, -1.33633972e-005, -1.0878275e-005, -1, 0.993564564, 0.113267189, -2.87569111e-005, 0.113267188, -0.993564564, -1.50455363e-005, -3.02760134e-005, 1.16914973e-005, -0.999999999, 0, 0, 0, 0, 0, 0, 0, 0.276499585, -0.0351980713, -0.200874023, -0.00449829302, 0.899011397, -0.43767971, -0.932495117, 0.154296875, 0.326416016, 0.360982948, 0.409695754, 0.837816303, 0, -0, 0, 0, 0, 0, 0, 0.315328955, -0.00205615234, -0.165758057, -0.0602357264, 0.614974922, -0.786126214, -0.121704102, -0.786132813, -0.605712891, -0.990604821, 0.0592357897, 0.122232388, 0, 1, 1, 1, 
206.915643, 9, 0.1, 0.1, 0.00498782637, 0.361223063, -0.0199703403, 0.993564767, 0.113265408, 1.49677968e-005, 0.113265408, -0.993564767, -1.77547578e-005, 1.28604756e-005, 1.93358354e-005, -1, 0.993564733, 0.113265712, 2.68218891e-005, 0.113265712, -0.993564733, 7.25334363e-006, 2.74708383e-005, -4.16866606e-006, -1, 0, 0, 0, 0, 0, 0, 0, 0.276499585, -0.0351980713, -0.200874023, -0.00449829302, 0.899011397, -0.43767971, -0.932495117, 0.154296875, 0.326416016, 0.360982948, 0.409695754, 0.837816303, 0, -0, 0, 0, 0, 0, 0, 0.315328955, -0.00205615234, -0.165758057, -0.0602357264, 0.614974922, -0.786126214, -0.121704102, -0.786132813, -0.605712891, -0.990604821, 0.0592357897, 0.122232388, 0, 1, 1, 1, 
206.91634, 9, 0.1, 0.1, 0.0049878236, 0.361223059, -0.0199696003, 0.993564961, 0.113263715, -7.09706856e-006, 0.113263715, -0.99356496, 1.35964296e-005, -5.51141652e-006, -1.43127764e-005, -1, 0.993564922, 0.113264055, -1.9866614e-005, 0.113264054, -0.993564922, -1.35966752e-005, -2.12787854e-005, 1.12590063e-005, -1, 0, 0, 0, 0, 0, 0, 0, 0.276499585, -0.0351980713, -0.200874023, -0.00449829302, 0.899011397, -0.43767971, -0.932495117, 0.154296875, 0.326416016, 0.360982948, 0.409695754, 0.837816303, 0, -0, 0, 0, 0, 0, 0, 0.315328955, -0.00205615234, -0.165758057, -0.0602357264, 0.614974922, -0.786126214, -0.121704102, -0.786132813, -0.605712891, -0.990604821, 0.0592357897, 0.122232388, 0, 1, 1, 1, 
206.917055, 9, 0.1, 0.1, 0.00498782874, 0.361223062, -0.0199688468, 0.993565177, 0.113261811, 1.34932088e-005, 0.113261812, -0.993565177, -1.38577061e-005, 1.18368335e-005, 1.52967995e-005, -1, 0.993565132, 0.113262207, 2.82940359e-005, 0.113262207, -0.993565132, 1.39780318e-005, 2.96951503e-005, -1.068344e-005, -1, 0, 0, 0, 0, 0, 0, 0, 0.276499585, -0.0351980713, -0.200874023, -0.00449829302, 0.899011397, -0.43767971, -0.932495117, 0.154296875, 0.326416016, 0.360982948, 0.409695754, 0.837816303, 0, -0, 0, 0, 0, 0, 0, 0.315328955, -0.00205615234, -0.165758057, -0.0602357264, 0.614974922, -0.786126214, -0.121704102, -0.786132813, -0.605712891, -0.990604821, 0.0592357897, 0.122232388, 0, 1, 1, 1, 
206.91775, 9, 0.1, 0.1, 0.00498782483, 0.361223059, -0.0199681988, 0.993565406, 0.11325981, -1.3124224e-005, 0.11325981, -0.993565405, 1.89825512e-005, -1.08898148e-005, -2.03468533e-005, -1, 0.99356536, 0.113260207, -2.63548884e-005, 0.113260207, -0.99356536, -8.79836922e-006, -2.71818093e-005, 5.75679477e-006, -1, 0, 0, 0, 0, 0, 0, 0, 0.276499585, -0.0351980713, -0.200874023, -0.00449829302, 0.899011397, -0.43767971, -0.932495117, 0.154296875, 0.326416016, 0.360982948, 0.409695754, 0.837816303, 0, -0, 0, 0, 0, 0, 0, 0.315328955, -0.00205615234, -0.165758057, -0.0602357264, 0.614974922, -0.786126214, -0.121704102, -0.786132813, -0.605712891, -0.990604821, 0.0592357897, 0.122232388, 0, 1, 1, 1, 
206.918446, 9, 0.1, 0.1, 0.00498782918, 0.361223064, -0.0199680253, 0.993565651, 0.11325766, 1.16236989e-005, 0.11325766, -0.993565651, -7.93314659e-006, 1.06504184e-005, 9.1985749e-006, -1, 0.993565602, 0.113258085, 2.54657324e-005, 0.113258085, -0.993565602, 1.93184824e-005, 2.74898501e-005, -1.63099795e-005, -0.999999999, 0, 0, 0, 0, 0, 0, 0, 0.276499585, -0.0351980713, -0.200874023, -0.00449829302, 0.899011397, -0.43767971, -0.932495117, 0.154296875, 0.326416016, 0.360982948, 0.409695754, 0.837816303, 0, -0, 0, 0, 0, 0, 0, 0.315328955, -0.00205615234, -0.165758057, -0.0602357264, 0.614974922, -0.786126214, -0.121704102, -0.786132813, -0.605712891, -0.990604821, 0.0592357897, 0.122232388, 0, 1, 1, 1, 
206.919175, 9, 0.1, 0.1, 0.00498782451, 0.36122306, -0.0199681225, 0.99356592, 0.113255299, -1.4464527e-005, 0.113255299, -0.99356592, 1.7935123e-005, -1.23402134e-005, -1.94579113e-005, -1, 0.993565869, 0.113255745, -2.85055751e-005, 0.113255745, -0.993565869, -8.312315e-006, -2.92635839e-005, 5.03041233e-006, -1, 0, 0, 0, 0, 0, 0, 0, 0.277290015, -0.036967041, -0.199949805, -0.00659811404, 0.899354003, -0.43703269, -0.931884766, 0.152954102, 0.328735352, 0.362551446, 0.409517898, 0.837219458, 0, -0, 0, 0, 0, 0, 0, 0.31608252, -0.00375263672, -0.164461572, -0.0623123134, 0.6137733, -0.786905663, -0.119750977, -0.787353516, -0.604614258, -0.990700336, 0.0566546399, 0.122641436, 0, 1, 1, 1, 
206.919872, 9, 0.1, 0.1, 0.00498782918, 0.361223064, -0.0199684515, 0.993566194, 0.113252898, 1.44220239e-005, 0.113252898, -0.993566193, -1.51482443e-005, 1.26136529e-005, 1.66841194e-005, -1, 0.993566139, 0.113253372, 2.7504349e-005, 0.113253372, -0.993566139, 1.30464358e-005, 2.88049427e-005, -9.84753657e-006, -1, 0, 0, 0, 0, 0, 0, 0, 0.277290015, -0.036967041, -0.199949805, -0.00659811404, 0.899354003, -0.43703269, -0.931884766, 0.152954102, 0.328735352, 0.362551446, 0.409517898, 0.837219458, 0, -0, 0, 0, 0, 0, 0, 0.31608252, -0.00375263672, -0.164461572, -0.0623123134, 0.6137733, -0.786905663, -0.119750977, -0.787353516, -0.604614258, -0.990700336, 0.0566546399, 0.122641436, 0, 1, 1, 1, 
206.92057, 9, 0.1, 0.1, 0.00498782569, 0.361223059, -0.0199690805, 0.993566477, 0.113250411, -1.04669127e-005, 0.113250411, -0.993566477, 7.70847614e-006, -9.52658544e-006, -8.84426564e-006, -1, 0.993566421, 0.1132509, -2.3811147e-005, 0.1132509, -0.993566421, -1.82911761e-005, -2.57294483e-005, 1.54768645e-005, -1, 0, 0, 0, 0, 0, 0, 0, 0.277290015, -0.036967041, -0.199949805, -0.00659811404, 0.899354003, -0.43703269, -0.931884766, 0.152954102, 0.328735352, 0.362551446, 0.409517898, 0.837219458, 0, -0, 0, 0, 0, 0, 0, 0.31608252, -0.00375263672, -0.164461572, -0.0623123134, 0.6137733, -0.786905663, -0.119750977, -0.787353516, -0.604614258, -0.990700336, 0.0566546399, 0.122641436, 0, 1, 1, 1, 
206.921271, 9, 0.1, 0.1, 0.00498783056, 0.361223062, -0.019969785, 0.993566768, 0.113247854, 1.43077334e-005, 0.113247855, -0.993566768, -1.73545434e-005, 1.22503236e-005, 1.88632177e-005, -1, 0.993566711, 0.113248356, 2.76834913e-005, 0.113248356, -0.993566711, 8.13249635e-006, 2.84263872e-005, -4.94506778e-006, -1, 0, 0, 0, 0, 0, 0, 0, 0.277290015, -0.036967041, -0.199949805, -0.00659811404, 0.899354003, -0.43703269, -0.931884766, 0.152954102, 0.328735352, 0.362551446, 0.409517898, 0.837219458, 0, -0, 0, 0, 0, 0, 0, 0.31608252, -0.00375263672, -0.164461572, -0.0623123134, 0.6137733, -0.786905663, -0.119750977, -0.787353516, -0.604614258, -0.990700336, 0.0566546399, 0.122641436, 0, 1, 1, 1, 
206.921969, 9, 0.1, 0.1, 0.00498782694, 0.361223057, -0.019970364, 0.993567065, 0.113245255, -1.26285283e-005, 0.113245255, -0.993567065, 1.22282637e-005, -1.11624969e-005, -1.3579721e-005, -1, 0.993567006, 0.113245768, -2.48088424e-005, 0.113245768, -0.993567006, -1.39240627e-005, -2.62260885e-005, 1.10249929e-005, -1, 0, 0, 0, 0, 0, 0, 0, 0.277290015, -0.036967041, -0.199949805, -0.00659811404, 0.899354003, -0.43703269, -0.931884766, 0.152954102, 0.328735352, 0.362551446, 0.409517898, 0.837219458, 0, -0, 0, 0, 0, 0, 0, 0.31608252, -0.00375263672, -0.164461572, -0.0623123134, 0.6137733, -0.786905663, -0.119750977, -0.787353516, -0.604614258, -0.990700336, 0.0566546399, 0.122641436, 0, 1, 1, 1, 
206.922663, 9, 0.1, 0.1, 0.00498783078, 0.361223061, -0.0199706801, 0.993567365, 0.113242625, 9.82575121e-006, 0.113242625, -0.993567365, -1.04973252e-005, 8.57380108e-006, 1.15424936e-005, -1, 0.993567306, 0.113243136, 2.24456864e-005, 0.113243136, -0.993567306, 1.39457708e-005, 2.3880563e-005, -1.1314242e-005, -1, 0, 0, 0, 0, 0, 0, 0, 0.277290015, -0.036967041, -0.199949805, -0.00659811404, 0.899354003, -0.43703269, -0.931884766, 0.152954102, 0.328735352, 0.362551446, 0.409517898, 0.837219458, 0, -0, 0, 0, 0, 0, 0, 0.31608252, -0.00375263672, -0.164461572, -0.0623123134, 0.6137733, -0.786905663, -0.119750977, -0.787353516, -0.604614258, -0.990700336, 0.0566546399, 0.122641436, 0, 1, 1, 1, 
206.923361, 9, 0.1, 0.1, 0.0049878268, 0.361223058, -0.0199706686, 0.993567668, 0.113239964, -1.25280343e-005, 0.113239965, -0.993567668, 1.55540046e-005, -1.06861149e-005, -1.68726302e-005, -1, 0.993567609, 0.113240478, -2.54879487e-005, 0.113240478, -0.993567609, -9.0509671e-006, -2.63489361e-005, 6.10648024e-006, -1, 0, 0, 0, 0, 0, 0, 0, 0.277290015, -0.036967041, -0.199949805, -0.00659811404, 0.899354003, -0.43703269, -0.931884766, 0.152954102, 0.328735352, 0.362551446, 0.409517898, 0.837219458, 0, -0, 0, 0, 0, 0, 0, 0.31608252, -0.00375263672, -0.164461572, -0.0623123134, 0.6137733, -0.786905663, -0.119750977, -0.787353516, -0.604614258, -0.990700336, 0.0566546399, 0.122641436, 0, 1, 1, 1, 
206.924091, 9, 0.1, 0.1, 0.00498783171, 0.361223061, -0.0199700325, 0.993567991, 0.113237129, 1.45432498e-005, 0.113237129, -0.993567991, -1.47466903e-005, 1.27798346e-005, 1.62986753e-005, -1, 0.993567928, 0.113237682, 2.76872873e-005, 0.113237682, -0.993567928, 1.24772679e-005, 2.89220976e-005, -9.26176903e-006, -1, 0, 0, 0, 0, 0, 0, 0, 0.278210791, -0.038285498, -0.199239307, -0.0105255424, 0.899753898, -0.436182727, -0.931152344, 0.150146484, 0.33215332, 0.364285817, 0.409701745, 0.836343285, 0, -0, 0, 0, 0, 0, 0, 0.317115723, -0.00587363281, -0.163178516, -0.0635263294, 0.612591, -0.787768234, -0.118408203, -0.788330078, -0.603515625, -0.990827934, 0.0550574626, 0.122673519, 0, 1, 1, 1, 
206.924791, 9, 0.1, 0.1, 0.00498782851, 0.361223057, -0.0199691787, 0.993568305, 0.113234372, -8.42482746e-006, 0.113234372, -0.993568305, 1.26713687e-005, -6.93580707e-006, -1.35438504e-005, -1, 0.993568243, 0.113234915, -2.19218165e-005, 0.113234915, -0.993568243, -1.39870392e-005, -2.33646419e-005, 1.1414763e-005, -1, 0, 0, 0, 0, 0, 0, 0, 0.278210791, -0.038285498, -0.199239307, -0.0105255424, 0.899753898, -0.436182727, -0.931152344, 0.150146484, 0.33215332, 0.364285817, 0.409701745, 0.836343285, 0, -0, 0, 0, 0, 0, 0, 0.317115723, -0.00587363281, -0.163178516, -0.0635263294, 0.612591, -0.787768234, -0.118408203, -0.788330078, -0.603515625, -0.990827934, 0.0550574626, 0.122673519, 0, 1, 1, 1, 
206.925483, 9, 0.1, 0.1, 0.00498783346, 0.361223061, -0.0199685097, 0.99356862, 0.11323161, 1.39797981e-005, 0.113231611, -0.99356862, -1.41608563e-005, 1.22864322e-005, 1.56527375e-005, -1, 0.99356856, 0.113232134, 2.7913274e-005, 0.113232134, -0.99356856, 1.15396169e-005, 2.90404069e-005, -8.30472094e-006, -1, 0, 0, 0, 0, 0, 0, 0, 0.278210791, -0.038285498, -0.199239307, -0.0105255424, 0.899753898, -0.436182727, -0.931152344, 0.150146484, 0.33215332, 0.364285817, 0.409701745, 0.836343285, 0, -0, 0, 0, 0, 0, 0, 0.317115723, -0.00587363281, -0.163178516, -0.0635263294, 0.612591, -0.787768234, -0.118408203, -0.788330078, -0.603515625, -0.990827934, 0.0550574626, 0.122673519, 0, 1, 1, 1, 
