time, realDorsalTactorPos, realVentralTactorPos, boxPosX, boxPosY, boxPosZ, boxLocalRot_11, boxLocalRot_12, boxLocalRot_13, boxLocalRot_21, boxLocalRot_22, boxLocalRot_23, boxLocalRot_31, boxLocalRot_32, boxLocalRot_33, boxGlobalRot_11, boxGlobalRot_12, boxGlobalRot_13, boxGlobalRot_21, boxGlobalRot_22, boxGlobalRot_23, boxGlobalRot_31, boxGlobalRot_32, boxGlobalRot_33, indexForceX, indexForceY, indexForceZ, indexForceGlobalX, indexForceGlobalY, indexForceGlobalZ, indexContact, indexPosX, indexPosY, indexPosZ, indexRot_11, indexRot_12, indexRot_13, indexRot_21, indexRot_22, indexRot_23, indexRot_31, indexRot_32, indexRot_33, thumbForceX, thumbForceY, thumbForceZ, thumbForceGlobalX, thumbForceGlobalY, thumbForceGlobalZ, thumbContact, thumbPosX, thumbPosY, thumbPosZ, thumbRot_11, thumbRot_12, thumbRot_13, thumbRot_21, thumbRot_22, thumbRot_23, thumbRot_31, thumbRot_32, thumbRot_33, mapping, trialSuccess, 
1329.36695, 0.1, 0.1, 0.11401616, 0.191260869, -0.0199617427, 0.586213196, 8.84055475e-005, 0.810156825, 0.810156819, 9.91256573e-005, -0.586213202, -0.000132131827, 0.999999991, -1.35135889e-005, 0.586212986, 9.21969862e-005, 0.810156976, 0.810156974, 7.5029654e-005, -0.586212992, -0.000114832869, 0.999999993, -3.07106738e-005, 0, 0, 0, 0, 0, 0, 0, 0.222211841, -0.0545919189, -0.0418473145, -0.531443104, 0.596848246, -0.601076719, -0.706420898, 0.0792236328, 0.70324707, 0.467430907, 0.79842025, 0.379709833, 0, 0, 0, 0, 0, 0, 0, 0.280013525, 0.00951171875, -0.0305335937, -0.459923564, 0.538559727, -0.705828944, 0.105224609, -0.756347656, -0.645507812, -0.881640172, -0.371030693, 0.291342179, 5, 1, 
1329.40431, 0.1, 0.1, 0.114015723, 0.191261171, -0.0199618344, 0.586144855, 5.26129816e-005, 0.810206274, 0.810206275, -1.21883848e-005, -0.586144855, -2.09637226e-005, 0.999999999, -4.97715269e-005, 0.586144621, 3.12774336e-005, 0.810206444, 0.810206444, -3.38333287e-005, -0.586144621, 9.07888152e-006, 0.999999999, -4.51724019e-005, 0, 0, 0, 0, 0, 0, 0, 0.223262964, -0.0762414795, -0.00240541992, -0.580494567, 0.560478059, -0.590618024, -0.669799805, 0.0836181641, 0.737792969, 0.462840702, 0.823955431, 0.327133461, 0, 0, 0, 0, 0, 0, 0, 0.277298682, -0.0126902344, 0.00748535156, -0.53052712, 0.492998012, -0.68946118, 0.100219727, -0.771240234, -0.628417969, -0.841682219, -0.402331848, 0.359834534, 5, 1, 
1329.40518, 0.1, 0.1, 0.114015717, 0.191261173, -0.0199619314, 0.586145506, -6.05417905e-005, 0.810205802, 0.810205804, 8.4218877e-006, -0.586145507, 2.86628362e-005, 0.999999998, 5.39877617e-005, 0.586145439, -4.72526908e-005, 0.810205852, 0.810205853, 1.72946202e-005, -0.586145439, 1.36847467e-005, 0.999999999, 4.84215694e-005, 0, 0, 0, 0, 0, 0, 0, 0.223081201, -0.0783558838, 0.000784179688, -0.584092494, 0.558340046, -0.589097075, -0.666259766, 0.0847167969, 0.740844727, 0.463534149, 0.825282795, 0.322690441, 0, 0, 0, 0, 0, 0, 0, 0.277298682, -0.0126902344, 0.00748535156, -0.53052712, 0.492998012, -0.68946118, 0.100219727, -0.771240234, -0.628417969, -0.841682219, -0.402331848, 0.359834534, 5, 1, 
1329.40603, 0.1, 0.1, 0.114015707, 0.19126118, -0.0199623001, 0.586145727, 5.24482968e-005, 0.810205643, 0.810205645, -1.04409167e-005, -0.586145727, -2.22830554e-005, 0.999999999, -4.86138048e-005, 0.586145681, 4.87161355e-005, 0.810205677, 0.810205678, -5.27242274e-006, -0.586145681, -2.42830056e-005, 0.999999999, -4.25604974e-005, 0, 0, 0, 0, 0, 0, 0, 0.223081201, -0.0783558838, 0.000784179688, -0.584092494, 0.558340046, -0.589097075, -0.666259766, 0.0847167969, 0.740844727, 0.463534149, 0.825282795, 0.322690441, 0, 0, 0, 0, 0, 0, 0, 0.277298682, -0.0126902344, 0.00748535156, -0.53052712, 0.492998012, -0.68946118, 0.100219727, -0.771240234, -0.628417969, -0.841682219, -0.402331848, 0.359834534, 5, 1, 
1329.40691, 0.1, 0.1, 0.114015705, 0.191261189, -0.0199626597, 0.586146215, -4.88001136e-005, 0.81020529, 0.810205291, 1.59235314e-005, -0.586146215, 1.57026725e-005, 0.999999999, 4.8871628e-005, 0.586146057, -5.49826704e-005, 0.810205404, 0.810205405, -2.01272046e-006, -0.586146058, 3.38585925e-005, 0.999999998, 4.33675086e-005, 0, 0, 0, 0, 0, 0, 0, 0.223081201, -0.0783558838, 0.000784179688, -0.589476088, 0.553233153, -0.588489368, -0.664550781, 0.08203125, 0.742675781, 0.459195966, 0.828934261, 0.319504391, 0, 0, 0, 0, 0, 0, 0, 0.277298682, -0.0126902344, 0.00748535156, -0.53052712, 0.492998012, -0.68946118, 0.100219727, -0.771240234, -0.628417969, -0.841682219, -0.402331848, 0.359834534, 5, 1, 
1329.40779, 0.1, 0.1, 0.114015692, 0.191261194, -0.0199623696, 0.586147349, 3.43969251e-005, 0.810204471, 0.810204471, -4.4425581e-005, -0.586147347, 1.5832138e-005, 0.999999998, -5.3908479e-005, 0.586147073, 4.73552822e-005, 0.81020467, 0.810204671, -1.78197571e-005, -0.586147072, -1.33195096e-005, 0.999999999, -4.88124693e-005, 0, 0, 0, 0, 0, 0, 0, 0.223462598, -0.0797219727, 0.0041541748, -0.589476088, 0.553233153, -0.588489368, -0.664550781, 0.08203125, 0.742675781, 0.459195966, 0.828934261, 0.319504391, 0, 0, 0, 0, 0, 0, 0, 0.276900977, -0.0136767578, 0.0103788574, -0.538193644, 0.486760955, -0.687946026, 0.103393555, -0.771972656, -0.626953125, -0.83647361, -0.408388068, 0.36527172, 5, 1, 
1329.40867, 0.1, 0.1, 0.114015688, 0.191261199, -0.0199620593, 0.586149069, -2.32347261e-005, 0.810203226, 0.810203226, 5.45689118e-005, -0.586149067, -3.05928954e-005, 0.999999998, 5.08103669e-005, 0.586148703, -2.71885828e-005, 0.810203491, 0.810203492, 4.08413132e-005, -0.586148702, -1.7153222e-005, 0.999999999, 4.59673674e-005, 0, 0, 0, 0, 0, 0, 0, 0.223462598, -0.0797219727, 0.0041541748, -0.589476088, 0.553233153, -0.588489368, -0.664550781, 0.08203125, 0.742675781, 0.459195966, 0.828934261, 0.319504391, 0, 0, 0, 0, 0, 0, 0, 0.276900977, -0.0136767578, 0.0103788574, -0.538193644, 0.486760955, -0.687946026, 0.103393555, -0.771972656, -0.626953125, -0.83647361, -0.408388068, 0.36527172, 5, 1, 
1329.40954, 0.1, 0.1, 0.114015678, 0.191261209, -0.0199617662, 0.586150891, 2.81858352e-005, 0.810201908, 0.810201908, -5.70276598e-005, -0.586150889, 2.96827664e-005, 0.999999998, -5.62630311e-005, 0.586150552, 2.26945143e-005, 0.810202153, 0.810202153, -5.40711492e-005, -0.586150551, 3.05061595e-005, 0.999999998, -5.00809783e-005, 0, 0, 0, 0, 0, 0, 0, 0.223462598, -0.0797219727, 0.0041541748, -0.589476088, 0.553233153, -0.588489368, -0.664550781, 0.08203125, 0.742675781, 0.459195966, 0.828934261, 0.319504391, 0, 0, 0, 0, 0, 0, 0, 0.276900977, -0.0136767578, 0.0103788574, -0.538193644, 0.486760955, -0.687946026, 0.103393555, -0.771972656, -0.626953125, -0.83647361, -0.408388068, 0.36527172, 5, 1, 
1329.4104, 0.1, 0.1, 0.114015671, 0.191261211, -0.0199616072, 0.586152172, -3.45550864e-005, 0.810200982, 0.810200982, 3.29465701e-005, -0.586152171, -6.43880452e-006, 0.999999999, 4.73082685e-005, 0.586151985, -1.97315596e-005, 0.810201117, 0.810201117, 4.30420364e-005, -0.586151984, -2.33070131e-005, 0.999999999, 4.12157067e-005, 0, 0, 0, 0, 0, 0, 0, 0.223462598, -0.0797219727, 0.0041541748, -0.589476088, 0.553233153, -0.588489368, -0.664550781, 0.08203125, 0.742675781, 0.459195966, 0.828934261, 0.319504391, 0, 0, 0, 0, 0, 0, 0, 0.276900977, -0.0136767578, 0.0103788574, -0.538193644, 0.486760955, -0.687946026, 0.103393555, -0.771972656, -0.626953125, -0.83647361, -0.408388068, 0.36527172, 5, 1, 
1329.41126, 0.1, 0.1, 0.114015664, 0.191261223, -0.0199618568, 0.586152585, 4.79453521e-005, 0.810200682, 0.810200683, -1.87851391e-005, -0.586152584, -1.28835595e-005, 0.999999999, -4.98563148e-005, 0.586152579, 2.44495857e-005, 0.810200687, 0.810200688, -4.2280964e-005, -0.586152577, 1.99248784e-005, 0.999999999, -4.45921672e-005, 0, 0, 0, 0, 0, 0, 0, 0.223462598, -0.0797219727, 0.0041541748, -0.589476088, 0.553233153, -0.588489368, -0.664550781, 0.08203125, 0.742675781, 0.459195966, 0.828934261, 0.319504391, 0, 0, 0, 0, 0, 0, 0, 0.276900977, -0.0136767578, 0.0103788574, -0.538193644, 0.486760955, -0.687946026, 0.103393555, -0.771972656, -0.626953125, -0.83647361, -0.408388068, 0.36527172, 5, 1, 
1329.41215, 0.1, 0.1, 0.11401566, 0.191261225, -0.0199619326, 0.586152205, -6.46711756e-005, 0.810200955, 0.810200957, 7.35121532e-006, -0.586152206, 3.19511906e-005, 0.999999998, 5.67055795e-005, 0.586152325, -5.29176465e-005, 0.810200869, 0.810200871, 1.53679731e-005, -0.586152325, 1.85666564e-005, 0.999999998, 5.18818965e-005, 0, 0, 0, 0, 0, 0, 0, 0.223848022, -0.0807969482, 0.0073611084, -0.594802394, 0.549496684, -0.586789441, -0.662475586, 0.078125, 0.744873047, 0.455219484, 0.831874307, 0.317752046, 0, 0, 0, 0, 0, 0, 0, 0.27698125, -0.0146186035, 0.013275293, -0.545361802, 0.481290586, -0.686085989, 0.106811523, -0.771972656, -0.626464844, -0.831335364, -0.414731934, 0.369763212, 5, 1, 
1329.413, 0.1, 0.1, 0.11401565, 0.191261231, -0.0199620635, 0.586151555, 5.57379459e-005, 0.810201427, 0.810201428, -7.80569229e-006, -0.586151555, -2.63467006e-005, 0.999999998, -4.9734282e-005, 0.58615167, 5.06387768e-005, 0.810201343, 0.810201345, -3.27256179e-006, -0.586151671, -2.70305697e-005, 0.999999999, -4.29458226e-005, 0, 0, 0, 0, 0, 0, 0, 0.223848022, -0.0807969482, 0.0073611084, -0.594802394, 0.549496684, -0.586789441, -0.662475586, 0.078125, 0.744873047, 0.455219484, 0.831874307, 0.317752046, 0, 0, 0, 0, 0, 0, 0, 0.27698125, -0.0146186035, 0.013275293, -0.545361802, 0.481290586, -0.686085989, 0.106811523, -0.771972656, -0.626464844, -0.831335364, -0.414731934, 0.369763212, 5, 1, 
1329.41391, 0.1, 0.1, 0.114015648, 0.191261238, -0.0199621126, 0.586151257, -4.56958131e-005, 0.810201642, 0.810201644, 2.31069284e-005, -0.586151257, 8.06338693e-006, 0.999999999, 5.0566978e-005, 0.586151256, -5.27397944e-005, 0.810201643, 0.810201644, 5.86567616e-006, -0.586151257, 2.61611163e-005, 0.999999999, 4.61680416e-005, 0, 0, 0, 0, 0, 0, 0, 0.223848022, -0.0807969482, 0.0073611084, -0.594802394, 0.549496684, -0.586789441, -0.662475586, 0.078125, 0.744873047, 0.455219484, 0.831874307, 0.317752046, 0, 0, 0, 0, 0, 0, 0, 0.27698125, -0.0146186035, 0.013275293, -0.545361802, 0.481290586, -0.686085989, 0.106811523, -0.771972656, -0.626464844, -0.831335364, -0.414731934, 0.369763212, 5, 1, 
1329.41478, 0.1, 0.1, 0.114015635, 0.191261242, -0.0199617326, 0.586151732, 4.08698607e-005, 0.8102013, 0.8102013, -4.05479048e-005, -0.58615173, 8.89602555e-006, 0.999999998, -5.68800389e-005, 0.58615157, 5.36130761e-005, 0.810201416, 0.810201418, -1.31226753e-005, -0.58615157, -2.07933786e-005, 0.999999998, -5.1129267e-005, 0, 0, 0, 0, 0, 0, 0, 0.223848022, -0.0807969482, 0.0073611084, -0.594802394, 0.549496684, -0.586789441, -0.662475586, 0.078125, 0.744873047, 0.455219484, 0.831874307, 0.317752046, 0, 0, 0, 0, 0, 0, 0, 0.27698125, -0.0146186035, 0.013275293, -0.545361802, 0.481290586, -0.686085989, 0.106811523, -0.771972656, -0.626464844, -0.831335364, -0.414731934, 0.369763212, 5, 1, 
1329.41564, 0.1, 0.1, 0.114015629, 0.191261246, -0.019961697, 0.586152866, -1.45909182e-005, 0.81020048, 0.810200479, 5.51029406e-005, -0.586152865, -3.60919204e-005, 0.999999998, 4.41203155e-005, 0.586152608, -1.82980468e-005, 0.810200667, 0.810200667, 4.13422396e-005, -0.586152607, -2.27700622e-005, 0.999999999, 3.90579512e-005, 0, 0, 0, 0, 0, 0, 0, 0.223848022, -0.0807969482, 0.0073611084, -0.594802394, 0.549496684, -0.586789441, -0.662475586, 0.078125, 0.744873047, 0.455219484, 0.831874307, 0.317752046, 0, 0, 0, 0, 0, 0, 0, 0.27698125, -0.0146186035, 0.013275293, -0.545361802, 0.481290586, -0.686085989, 0.106811523, -0.771972656, -0.626464844, -0.831335364, -0.414731934, 0.369763212, 5, 1, 
1329.41652, 0.1, 0.1, 0.114015619, 0.191261255, -0.0199619513, 0.586154193, 2.74953616e-005, 0.810199519, 0.810199519, -5.68995178e-005, -0.586154191, 2.99834405e-005, 0.999999998, -5.56286198e-005, 0.586153928, 2.39580377e-005, 0.810199711, 0.810199711, -5.32127698e-005, -0.586153926, 2.90698728e-005, 0.999999998, -5.06016692e-005, 0, 0, 0, 0, 0, 0, 0, 0.223848022, -0.0807969482, 0.0073611084, -0.597303231, 0.547358671, -0.586067159, -0.660888672, 0.0778808594, 0.746337891, 0.454256067, 0.83320167, 0.315289401, 0, 0, 0, 0, 0, 0, 0, 0.27698125, -0.0146186035, 0.013275293, -0.545361802, 0.481290586, -0.686085989, 0.106811523, -0.771972656, -0.626464844, -0.831335364, -0.414731934, 0.369763212, 5, 1, 
1329.41743, 0.1, 0.1, 0.114015614, 0.191261257, -0.019961594, 0.586155121, -4.47905683e-005, 0.810198847, 0.810198848, 3.39530232e-005, -0.58615512, -1.25447927e-006, 0.999999998, 5.61910053e-005, 0.586155012, -2.9743947e-005, 0.810198927, 0.810198927, 4.46695951e-005, -0.586155011, -1.87566944e-005, 0.999999999, 5.0281821e-005, 0, 0, 0, 0, 0, 0, 0, 0.224387012, -0.0826881104, 0.0107391602, -0.597303231, 0.547358671, -0.586067159, -0.660888672, 0.0778808594, 0.746337891, 0.454256067, 0.83320167, 0.315289401, 0, 0, 0, 0, 0, 0, 0, 0.276761768, -0.0162444336, 0.016533252, -0.549591168, 0.477744054, -0.685242008, 0.107666016, -0.772827148, -0.62512207, -0.828465835, -0.417191316, 0.373411457, 5, 1, 
1329.41831, 0.1, 0.1, 0.114015609, 0.191261268, -0.0199612849, 0.586155148, 4.32611985e-005, 0.810198828, 0.810198829, -1.78602606e-005, -0.586155148, -1.0887412e-005, 0.999999999, -4.55190561e-005, 0.586155232, 1.68483588e-005, 0.810198768, 0.810198768, -4.36093356e-005, -0.586155231, 2.54564764e-005, 0.999999999, -3.92123598e-005, 0, 0, 0, 0, 0, 0, 0, 0.224387012, -0.0826881104, 0.0107391602, -0.597303231, 0.547358671, -0.586067159, -0.660888672, 0.0778808594, 0.746337891, 0.454256067, 0.83320167, 0.315289401, 0, 0, 0, 0, 0, 0, 0, 0.276761768, -0.0162444336, 0.016533252, -0.549591168, 0.477744054, -0.685242008, 0.107666016, -0.772827148, -0.62512207, -0.828465835, -0.417191316, 0.373411457, 5, 1, 
1329.4192, 0.1, 0.1, 0.114015607, 0.191261271, -0.0199610073, 0.586154386, -6.84136551e-005, 0.810199377, 0.810199379, 1.78597709e-006, -0.586154387, 3.86539665e-005, 0.999999998, 5.64755592e-005, 0.586154606, -5.48696463e-005, 0.810199219, 0.810199221, 1.14880686e-005, -0.586154606, 2.28544717e-005, 0.999999998, 5.1189129e-005, 0, 0, 0, 0, 0, 0, 0, 0.224298145, -0.0845297119, 0.0141185547, -0.599073551, 0.546229381, -0.58532578, -0.658935547, 0.0788574219, 0.748046875, 0.454783642, 0.8338749, 0.312947323, 0, 0, 0, 0, 0, 0, 0, 0.276761768, -0.0162444336, 0.016533252, -0.55341805, 0.474689691, -0.684206263, 0.107421875, -0.774047852, -0.623779297, -0.825922231, -0.418494284, 0.377570828, 5, 1, 
1329.42005, 0.1, 0.1, 0.114015598, 0.191261277, -0.0199609394, 0.586153423, 5.73842523e-005, 0.810200075, 0.810200076, -1.09955899e-005, -0.586153424, -2.47273482e-005, 0.999999998, -5.29378282e-005, 0.5861536, 5.18071186e-005, 0.810199947, 0.810199949, -7.16190344e-006, -0.5861536, -2.45643553e-005, 0.999999999, -4.61721003e-005, 0, 0, 0, 0, 0, 0, 0, 0.224298145, -0.0845297119, 0.0141185547, -0.599073551, 0.546229381, -0.58532578, -0.658935547, 0.0788574219, 0.748046875, 0.454783642, 0.8338749, 0.312947323, 0, 0, 0, 0, 0, 0, 0, 0.276338818, -0.0178133789, 0.0195914063, -0.55341805, 0.474689691, -0.684206263, 0.107421875, -0.774047852, -0.623779297, -0.825922231, -0.418494284, 0.377570828, 5, 1, 
1329.42091, 0.1, 0.1, 0.114015596, 0.191261284, -0.0199614401, 0.586152835, -4.23410365e-005, 0.810200501, 0.810200502, 2.10574125e-005, -0.586152835, 7.75759236e-006, 0.999999999, 4.66475911e-005, 0.58615289, -4.88294245e-005, 0.810200461, 0.810200462, 3.52263964e-006, -0.586152891, 2.57674641e-005, 0.999999999, 4.16264277e-005, 0, 0, 0, 0, 0, 0, 0, 0.224298145, -0.0845297119, 0.0141185547, -0.599073551, 0.546229381, -0.58532578, -0.658935547, 0.0788574219, 0.748046875, 0.454783642, 0.8338749, 0.312947323, 0, 0, 0, 0, 0, 0, 0, 0.276338818, -0.0178133789, 0.0195914063, -0.55341805, 0.474689691, -0.684206263, 0.107421875, -0.774047852, -0.623779297, -0.825922231, -0.418494284, 0.377570828, 5, 1, 
1329.42177, 0.1, 0.1, 0.114015583, 0.191261286, -0.0199623371, 0.586153041, 4.29984954e-005, 0.810200352, 0.810200353, -3.58548888e-005, -0.58615304, 3.84594471e-006, 0.999999998, -5.58538483e-005, 0.586152931, 5.51936937e-005, 0.810200431, 0.810200432, -9.73595472e-006, -0.586152932, -2.44638706e-005, 0.999999998, -5.04247129e-005, 0, 0, 0, 0, 0, 0, 0, 0.224298145, -0.0845297119, 0.0141185547, -0.599073551, 0.546229381, -0.58532578, -0.658935547, 0.0788574219, 0.748046875, 0.454783642, 0.8338749, 0.312947323, 0, 0, 0, 0, 0, 0, 0, 0.276338818, -0.0178133789, 0.0195914063, -0.55341805, 0.474689691, -0.684206263, 0.107421875, -0.774047852, -0.623779297, -0.825922231, -0.418494284, 0.377570828, 5, 1, 
1329.42263, 0.1, 0.1, 0.114015577, 0.191261289, -0.0199633112, 0.586153918, -1.40459546e-005, 0.810199719, 0.810199718, 5.752002e-005, -0.586153917, -3.83696127e-005, 0.999999998, 4.50956136e-005, 0.586153708, -1.67282212e-005, 0.810199871, 0.810199871, 4.38141027e-005, -0.586153706, -2.56928715e-005, 0.999999999, 3.92350014e-005, 0, 0, 0, 0, 0, 0, 0, 0.224298145, -0.0845297119, 0.0141185547, -0.599073551, 0.546229381, -0.58532578, -0.658935547, 0.0788574219, 0.748046875, 0.454783642, 0.8338749, 0.312947323, 0, 0, 0, 0, 0, 0, 0, 0.276338818, -0.0178133789, 0.0195914063, -0.55341805, 0.474689691, -0.684206263, 0.107421875, -0.774047852, -0.623779297, -0.825922231, -0.418494284, 0.377570828, 5, 1, 
1329.42349, 0.1, 0.1, 0.114015569, 0.191261295, -0.019963995, 0.586154971, 2.22038961e-005, 0.810198957, 0.810198956, -4.75962505e-005, -0.58615497, 2.55475084e-005, 0.999999999, -4.58883523e-005, 0.586154775, 1.95543127e-005, 0.810199099, 0.810199099, -4.42540621e-005, -0.586154774, 2.43927475e-005, 0.999999999, -4.17826163e-005, 0, 0, 0, 0, 0, 0, 0, 0.224298145, -0.0845297119, 0.0141185547, -0.599073551, 0.546229381, -0.58532578, -0.658935547, 0.0788574219, 0.748046875, 0.454783642, 0.8338749, 0.312947323, 0, 0, 0, 0, 0, 0, 0, 0.276338818, -0.0178133789, 0.0195914063, -0.55341805, 0.474689691, -0.684206263, 0.107421875, -0.774047852, -0.623779297, -0.825922231, -0.418494284, 0.377570828, 5, 1, 
1329.42438, 0.1, 0.1, 0.114015565, 0.191261295, -0.0199636506, 0.586155687, -4.54583344e-005, 0.810198438, 0.810198439, 3.74013885e-005, -0.586155686, -3.65688539e-006, 0.999999998, 5.87533081e-005, 0.586155611, -3.17829517e-005, 0.810198494, 0.810198494, 4.86756376e-005, -0.586155609, -2.08071728e-005, 0.999999998, 5.42819977e-005, 0, 0, 0, 0, 0, 0, 0, 0.224429102, -0.0863387207, 0.0175338379, -0.600926245, 0.545766207, -0.58390518, -0.656738281, 0.0792236328, 0.74987793, 0.455571447, 0.834071851, 0.310992035, 0, 0, 0, 0, 0, 0, 0, 0.276167187, -0.0198007324, 0.0230640625, -0.556721047, 0.472159214, -0.683298483, 0.107543945, -0.774780273, -0.622802734, -0.823691793, -0.420110418, 0.380612064, 5, 1, 
1329.42524, 0.1, 0.1, 0.114015562, 0.191261305, -0.0199628985, 0.586155592, 3.86466096e-005, 0.810198507, 0.810198508, -1.85928959e-005, -0.586155591, -7.58898986e-006, 0.999999999, -4.22097553e-005, 0.586155687, 1.54942475e-005, 0.810198439, 0.810198438, -3.9632853e-005, -0.586155686, 2.30284344e-005, 0.999999999, -3.57844373e-005, 0, 0, 0, 0, 0, 0, 0, 0.224429102, -0.0863387207, 0.0175338379, -0.600926245, 0.545766207, -0.58390518, -0.656738281, 0.0792236328, 0.74987793, 0.455571447, 0.834071851, 0.310992035, 0, 0, 0, 0, 0, 0, 0, 0.276167187, -0.0198007324, 0.0230640625, -0.556721047, 0.472159214, -0.683298483, 0.107543945, -0.774780273, -0.622802734, -0.823691793, -0.420110418, 0.380612064, 5, 1, 
1329.42608, 0.1, 0.1, 0.11401556, 0.191261308, -0.0199621539, 0.586154838, -6.15040086e-005, 0.810199051, 0.810199052, -1.71453822e-006, -0.586154839, 3.74399895e-005, 0.999999998, 4.88255046e-005, 0.586155028, -5.06621579e-005, 0.810198914, 0.810198916, 7.05112734e-006, -0.586155028, 2.39830629e-005, 0.999999999, 4.51794792e-005, 0, 0, 0, 0, 0, 0, 0, 0.224429102, -0.0863387207, 0.0175338379, -0.600926245, 0.545766207, -0.58390518, -0.656738281, 0.0792236328, 0.74987793, 0.455571447, 0.834071851, 0.310992035, 0, 0, 0, 0, 0, 0, 0, 0.276167187, -0.0198007324, 0.0230640625, -0.556721047, 0.472159214, -0.683298483, 0.107543945, -0.774780273, -0.622802734, -0.823691793, -0.420110418, 0.380612064, 5, 1, 
1329.42699, 0.1, 0.1, 0.114015549, 0.191261315, -0.0199613222, 0.586153803, 6.36727497e-005, 0.8101998, 0.810199802, -1.15046089e-005, -0.586153804, -2.80009926e-005, 0.999999998, -5.83311194e-005, 0.586154014, 5.83010964e-005, 0.810199647, 0.810199649, -8.3771702e-006, -0.586154015, -2.73862414e-005, 0.999999998, -5.21458398e-005, 0, 0, 0, 0, 0, 0, 0, 0.224429102, -0.0863387207, 0.0175338379, -0.600926245, 0.545766207, -0.58390518, -0.656738281, 0.0792236328, 0.74987793, 0.455571447, 0.834071851, 0.310992035, 0, 0, 0, 0, 0, 0, 0, 0.276167187, -0.0198007324, 0.0230640625, -0.556721047, 0.472159214, -0.683298483, 0.107543945, -0.774780273, -0.622802734, -0.823691793, -0.420110418, 0.380612064, 5, 1, 
1329.42785, 0.1, 0.1, 0.114015547, 0.19126132, -0.0199605708, 0.586153193, -4.38089407e-005, 0.810200242, 0.810200243, 2.63509866e-005, -0.586153192, 4.32917474e-006, 0.999999999, 5.09397293e-005, 0.586153249, -4.94120659e-005, 0.810200201, 0.810200202, 7.52177439e-006, -0.58615325, 2.28688999e-005, 0.999999999, 4.44425783e-005, 0, 0, 0, 0, 0, 0, 0, 0.224429102, -0.0863387207, 0.0175338379, -0.600926245, 0.545766207, -0.58390518, -0.656738281, 0.0792236328, 0.74987793, 0.455571447, 0.834071851, 0.310992035, 0, 0, 0, 0, 0, 0, 0, 0.276167187, -0.0198007324, 0.0230640625, -0.556721047, 0.472159214, -0.683298483, 0.107543945, -0.774780273, -0.622802734, -0.823691793, -0.420110418, 0.380612064, 5, 1, 
1329.42875, 0.1, 0.1, 0.114015534, 0.191261322, -0.0199603842, 0.586153439, 3.98534062e-005, 0.810200065, 0.810200066, -3.91069798e-005, -0.586153438, 8.32426653e-006, 0.999999998, -5.5211923e-005, 0.586153306, 5.57334374e-005, 0.81020016, 0.810200161, -9.03475206e-006, -0.586153306, -2.5348381e-005, 0.999999998, -5.04509897e-005, 0, 0, 0, 0, 0, 0, 0, 0.224429102, -0.0863387207, 0.0175338379, -0.603172843, 0.544554542, -0.582725715, -0.654785156, 0.0789794922, 0.751708984, 0.455432906, 0.835005312, 0.309074939, 0, 0, 0, 0, 0, 0, 0, 0.276167187, -0.0198007324, 0.0230640625, -0.556721047, 0.472159214, -0.683298483, 0.107543945, -0.774780273, -0.622802734, -0.823691793, -0.420110418, 0.380612064, 5, 1, 
1329.42962, 0.1, 0.1, 0.114015531, 0.191261324, -0.0199603242, 0.586154429, -2.30755031e-005, 0.810199349, 0.810199348, 6.51596732e-005, -0.586154427, -3.92665164e-005, 0.999999998, 5.68893886e-005, 0.586154195, -2.67706538e-005, 0.810199518, 0.810199518, 4.99181563e-005, -0.586154193, -2.47519351e-005, 0.999999998, 5.09493076e-005, 0, 0, 0, 0, 0, 0, 0, 0.224537109, -0.0881837402, 0.0209369141, -0.603172843, 0.544554542, -0.582725715, -0.654785156, 0.0789794922, 0.751708984, 0.455432906, 0.835005312, 0.309074939, 0, 0, 0, 0, 0, 0, 0, 0.276000439, -0.0217380371, 0.0263352051, -0.559877122, 0.470171945, -0.682186179, 0.106933594, -0.775390625, -0.622192383, -0.821691399, -0.421055744, 0.384043025, 5, 1, 
1329.43047, 0.1, 0.1, 0.114015523, 0.191261329, -0.0199611909, 0.586155597, 2.67713142e-005, 0.810198504, 0.810198504, -4.6497283e-005, -0.586155596, 2.19798734e-005, 0.999999999, -4.89447214e-005, 0.586155384, 2.15888509e-005, 0.810198658, 0.810198658, -4.29919401e-005, -0.586155383, 2.2177591e-005, 0.999999999, -4.26912152e-005, 0, 0, 0, 0, 0, 0, 0, 0.224537109, -0.0881837402, 0.0209369141, -0.603172843, 0.544554542, -0.582725715, -0.654785156, 0.0789794922, 0.751708984, 0.455432906, 0.835005312, 0.309074939, 0, 0, 0, 0, 0, 0, 0, 0.276000439, -0.0217380371, 0.0263352051, -0.559877122, 0.470171945, -0.682186179, 0.106933594, -0.775390625, -0.622192383, -0.821691399, -0.421055744, 0.384043025, 5, 1, 
1329.43134, 0.1, 0.1, 0.114015518, 0.191261328, -0.0199625875, 0.58615636, -3.52485222e-005, 0.810197951, 0.810197952, 3.50053296e-005, -0.586156359, -7.70010089e-006, 0.999999999, 4.90768771e-005, 0.586156257, -1.85262648e-005, 0.810198026, 0.810198026, 4.74408902e-005, -0.586156256, -2.75772296e-005, 0.999999999, 4.28177178e-005, 0, 0, 0, 0, 0, 0, 0, 0.224537109, -0.0881837402, 0.0209369141, -0.606314709, 0.542657664, -0.581324211, -0.652709961, 0.0780029297, 0.753540039, 0.454323833, 0.836294483, 0.306999084, 0, 0, 0, 0, 0, 0, 0, 0.276000439, -0.0217380371, 0.0263352051, -0.559877122, 0.470171945, -0.682186179, 0.106933594, -0.775390625, -0.622192383, -0.821691399, -0.421055744, 0.384043025, 5, 1, 
1329.43223, 0.1, 0.1, 0.114015514, 0.191261339, -0.0199633802, 0.586156317, 4.453136e-005, 0.810197982, 0.810197983, -2.21483868e-005, -0.586156316, -8.15775961e-006, 0.999999999, -4.90616349e-005, 0.586156407, 2.09939392e-005, 0.810197918, 0.810197918, -4.45163974e-005, -0.586156406, 2.37613606e-005, 0.999999999, -4.31028174e-005, 0, 0, 0, 0, 0, 0, 0, 0.224819653, -0.0896162109, 0.0243508545, -0.606314709, 0.542657664, -0.581324211, -0.652709961, 0.0780029297, 0.753540039, 0.454323833, 0.836294483, 0.306999084, 0, 0, 0, 0, 0, 0, 0, 0.27598125, -0.0229574219, 0.0298547363, -0.564668653, 0.466190846, -0.680894871, 0.107910156, -0.776245117, -0.62097168, -0.8181445, -0.424051772, 0.388106514, 5, 1, 
1329.43307, 0.1, 0.1, 0.114015511, 0.191261342, -0.0199637386, 0.5861556, -5.63987611e-005, 0.8101985, 0.810198501, -1.23638081e-006, -0.586155601, 3.40601636e-005, 0.999999998, 4.49694802e-005, 0.58615578, -4.50328466e-005, 0.81019837, 0.810198371, 6.29974791e-006, -0.586155781, 2.12922178e-005, 0.999999999, 4.01781726e-005, 0, 0, 0, 0, 0, 0, 0, 0.224819653, -0.0896162109, 0.0243508545, -0.606314709, 0.542657664, -0.581324211, -0.652709961, 0.0780029297, 0.753540039, 0.454323833, 0.836294483, 0.306999084, 0, 0, 0, 0, 0, 0, 0, 0.27598125, -0.0229574219, 0.0298547363, -0.564668653, 0.466190846, -0.680894871, 0.107910156, -0.776245117, -0.62097168, -0.8181445, -0.424051772, 0.388106514, 5, 1, 
1329.43393, 0.1, 0.1, 0.114015503, 0.191261349, -0.0199636613, 0.586154666, 5.53259546e-005, 0.810199175, 0.810199177, -1.18502219e-005, -0.586154667, -2.28285265e-005, 0.999999998, -5.17711057e-005, 0.586154834, 5.131039e-005, 0.810199054, 0.810199056, -8.71984975e-006, -0.586154835, -2.30110192e-005, 0.999999999, -4.66828116e-005, 0, 0, 0, 0, 0, 0, 0, 0.224819653, -0.0896162109, 0.0243508545, -0.606314709, 0.542657664, -0.581324211, -0.652709961, 0.0780029297, 0.753540039, 0.454323833, 0.836294483, 0.306999084, 0, 0, 0, 0, 0, 0, 0, 0.27598125, -0.0229574219, 0.0298547363, -0.564668653, 0.466190846, -0.680894871, 0.107910156, -0.776245117, -0.62097168, -0.8181445, -0.424051772, 0.388106514, 5, 1, 
1329.43478, 0.1, 0.1, 0.114015501, 0.191261354, -0.0199633281, 0.586154089, -4.27114448e-005, 0.810199594, 0.810199595, 2.00535052e-005, -0.586154089, 8.78814623e-006, 0.999999999, 4.63592393e-005, 0.586154145, -4.84396265e-005, 0.810199553, 0.810199554, 3.16317616e-006, -0.586154146, 2.5830284e-005, 0.999999999, 4.10998726e-005, 0, 0, 0, 0, 0, 0, 0, 0.224819653, -0.0896162109, 0.0243508545, -0.606314709, 0.542657664, -0.581324211, -0.652709961, 0.0780029297, 0.753540039, 0.454323833, 0.836294483, 0.306999084, 0, 0, 0, 0, 0, 0, 0, 0.27598125, -0.0229574219, 0.0298547363, -0.564668653, 0.466190846, -0.680894871, 0.107910156, -0.776245117, -0.62097168, -0.8181445, -0.424051772, 0.388106514, 5, 1, 
1329.43565, 0.1, 0.1, 0.11401549, 0.191261356, -0.0199627884, 0.586154273, 3.7417965e-005, 0.810199461, 0.810199462, -3.71690633e-005, -0.586154272, 8.18165508e-006, 0.999999999, -5.21028204e-005, 0.58615417, 5.02619064e-005, 0.810199535, 0.810199536, -1.18739287e-005, -0.586154171, -1.98409746e-005, 0.999999999, -4.76821261e-005, 0, 0, 0, 0, 0, 0, 0, 0.224819653, -0.0896162109, 0.0243508545, -0.606314709, 0.542657664, -0.581324211, -0.652709961, 0.0780029297, 0.753540039, 0.454323833, 0.836294483, 0.306999084, 0, 0, 0, 0, 0, 0, 0, 0.27598125, -0.0229574219, 0.0298547363, -0.564668653, 0.466190846, -0.680894871, 0.107910156, -0.776245117, -0.62097168, -0.8181445, -0.424051772, 0.388106514, 5, 1, 
1329.43653, 0.1, 0.1, 0.114015487, 0.191261356, -0.0199619631, 0.586155182, -1.84274207e-005, 0.810198804, 0.810198803, 6.79878671e-005, -0.58615518, -4.42823606e-005, 0.999999998, 5.47813148e-005, 0.586154968, -2.2416401e-005, 0.810198959, 0.810198958, 5.45114378e-005, -0.586154967, -3.10256253e-005, 0.999999998, 5.01138948e-005, 0, 0, 0, 0, 0, 0, 0, 0.224624463, -0.0910195068, 0.0276127197, -0.610103596, 0.541344527, -0.578539178, -0.649414062, 0.0765380859, 0.756469727, 0.453811607, 0.837367607, 0.305074874, 0, 0, 0, 0, 0, 0, 0, 0.275672656, -0.0243602539, 0.0326045898, -0.570616598, 0.462829514, -0.67814018, 0.107788086, -0.776489258, -0.620605469, -0.814105431, -0.427105401, 0.393428495, 5, 1, 
1329.43739, 0.1, 0.1, 0.114015479, 0.191261361, -0.0199612571, 0.586156275, 3.12372004e-005, 0.810198013, 0.810198013, -4.4587023e-005, -0.586156274, 1.78144365e-005, 0.999999999, -5.1443281e-005, 0.586156072, 2.61032301e-005, 0.81019816, 0.81019816, -4.07817514e-005, -0.586156071, 1.77407331e-005, 0.999999999, -4.50532602e-005, 0, 0, 0, 0, 0, 0, 0, 0.224624463, -0.0910195068, 0.0276127197, -0.610103596, 0.541344527, -0.578539178, -0.649414062, 0.0765380859, 0.756469727, 0.453811607, 0.837367607, 0.305074874, 0, 0, 0, 0, 0, 0, 0, 0.275672656, -0.0243602539, 0.0326045898, -0.570616598, 0.462829514, -0.67814018, 0.107788086, -0.776489258, -0.620605469, -0.814105431, -0.427105401, 0.393428495, 5, 1, 
1329.43825, 0.1, 0.1, 0.114015474, 0.191261359, -0.0199611749, 0.586156969, -3.28351115e-005, 0.810197511, 0.810197511, 3.64033349e-005, -0.586156968, -1.02473619e-005, 0.999999999, 4.79409941e-005, 0.586156887, -1.64449059e-005, 0.810197571, 0.81019757, 4.96741974e-005, -0.586156886, -3.06066192e-005, 0.999999999, 4.24404957e-005, 0, 0, 0, 0, 0, 0, 0, 0.224624463, -0.0910195068, 0.0276127197, -0.610103596, 0.541344527, -0.578539178, -0.649414062, 0.0765380859, 0.756469727, 0.453811607, 0.837367607, 0.305074874, 0, 0, 0, 0, 0, 0, 0, 0.275672656, -0.0243602539, 0.0326045898, -0.570616598, 0.462829514, -0.67814018, 0.107788086, -0.776489258, -0.620605469, -0.814105431, -0.427105401, 0.393428495, 5, 1, 
1329.43909, 0.1, 0.1, 0.114015469, 0.19126137, -0.0199615644, 0.586156857, 4.78964678e-005, 0.810197591, 0.810197592, -2.73574944e-005, -0.586156857, -5.90986692e-006, 0.999999998, -5.48413858e-005, 0.586156949, 2.67863816e-005, 0.810197526, 0.810197526, -4.70683032e-005, -0.586156947, 2.24335992e-005, 0.999999999, -4.92916731e-005, 0, 0, 0, 0, 0, 0, 0, 0.224624463, -0.0910195068, 0.0276127197, -0.610103596, 0.541344527, -0.578539178, -0.649414062, 0.0765380859, 0.756469727, 0.453811607, 0.837367607, 0.305074874, 0, 0, 0, 0, 0, 0, 0, 0.275672656, -0.0243602539, 0.0326045898, -0.570616598, 0.462829514, -0.67814018, 0.107788086, -0.776489258, -0.620605469, -0.814105431, -0.427105401, 0.393428495, 5, 1, 
1329.43997, 0.1, 0.1, 0.114015466, 0.191261373, -0.019962054, 0.586156026, -5.9624567e-005, 0.810198192, 0.810198193, -4.73070682e-006, -0.586156027, 3.87821094e-005, 0.999999998, 4.55347841e-005, 0.586156227, -4.71982576e-005, 0.810198047, 0.810198048, 3.6339487e-006, -0.586156228, 2.47213345e-005, 0.999999999, 4.03699978e-005, 0, 0, 0, 0, 0, 0, 0, 0.224624463, -0.0910195068, 0.0276127197, -0.610103596, 0.541344527, -0.578539178, -0.649414062, 0.0765380859, 0.756469727, 0.453811607, 0.837367607, 0.305074874, 0, 0, 0, 0, 0, 0, 0, 0.275672656, -0.0243602539, 0.0326045898, -0.570616598, 0.462829514, -0.67814018, 0.107788086, -0.776489258, -0.620605469, -0.814105431, -0.427105401, 0.393428495, 5, 1, 
1329.44082, 0.1, 0.1, 0.114015459, 0.191261379, -0.0199628196, 0.586155014, 5.48016314e-005, 0.810198924, 0.810198925, -1.15214138e-005, -0.586155015, -2.27876139e-005, 0.999999998, -5.11535573e-005, 0.5861552, 5.06956032e-005, 0.81019879, 0.810198791, -9.24582263e-006, -0.5861552, -2.22245371e-005, 0.999999999, -4.64930035e-005, 0, 0, 0, 0, 0, 0, 0, 0.224624463, -0.0910195068, 0.0276127197, -0.610103596, 0.541344527, -0.578539178, -0.649414062, 0.0765380859, 0.756469727, 0.453811607, 0.837367607, 0.305074874, 0, 0, 0, 0, 0, 0, 0, 0.275672656, -0.0243602539, 0.0326045898, -0.570616598, 0.462829514, -0.67814018, 0.107788086, -0.776489258, -0.620605469, -0.814105431, -0.427105401, 0.393428495, 5, 1, 
1329.44171, 0.1, 0.1, 0.11401546, 0.191261384, -0.0199629602, 0.586154308, -5.06566513e-005, 0.810199435, 0.810199437, 2.33995693e-005, -0.586154308, 1.07342966e-005, 0.999999998, 5.47577487e-005, 0.586154377, -5.67309935e-005, 0.810199385, 0.810199386, 5.78798153e-006, -0.586154378, 2.85637012e-005, 0.999999998, 4.93560668e-005, 0, 0, 0, 0, 0, 0, 0, 0.224676196, -0.092642627, 0.0308583496, -0.613454397, 0.540113765, -0.576052567, -0.646240234, 0.0755615234, 0.759277344, 0.453724362, 0.838180501, 0.302827155, 0, 0, 0, 0, 0, 0, 0, 0.275401904, -0.0260245117, 0.0356226074, -0.575746815, 0.461570655, -0.674804001, 0.104736328, -0.776855469, -0.620727539, -0.810839614, -0.427974169, 0.399057078, 5, 1, 
1329.44256, 0.1, 0.1, 0.114015451, 0.191261385, -0.0199630642, 0.586154425, 3.19336341e-005, 0.810199351, 0.810199352, -2.99822559e-005, -0.586154425, 5.57356334e-006, 0.999999999, -4.34468416e-005, 0.586154338, 4.33180916e-005, 0.810199414, 0.810199415, -5.41366677e-006, -0.586154338, -2.10049377e-005, 0.999999999, -3.82695367e-005, 0, 0, 0, 0, 0, 0, 0, 0.224676196, -0.092642627, 0.0308583496, -0.613454397, 0.540113765, -0.576052567, -0.646240234, 0.0755615234, 0.759277344, 0.453724362, 0.838180501, 0.302827155, 0, 0, 0, 0, 0, 0, 0, 0.275401904, -0.0260245117, 0.0356226074, -0.575746815, 0.461570655, -0.674804001, 0.104736328, -0.776855469, -0.620727539, -0.810839614, -0.427974169, 0.399057078, 5, 1, 
1329.44342, 0.1, 0.1, 0.114015448, 0.191261384, -0.0199631769, 0.586155205, -1.54476284e-005, 0.810198788, 0.810198787, 6.50021536e-005, -0.586155203, -4.36099583e-005, 0.999999998, 5.06170005e-005, 0.586155006, -2.00746226e-005, 0.810198931, 0.810198931, 5.11469175e-005, -0.586155005, -2.96723374e-005, 0.999999998, 4.62444595e-005, 0, 0, 0, 0, 0, 0, 0, 0.224676196, -0.092642627, 0.0308583496, -0.613454397, 0.540113765, -0.576052567, -0.646240234, 0.0755615234, 0.759277344, 0.453724362, 0.838180501, 0.302827155, 0, 0, 0, 0, 0, 0, 0, 0.275401904, -0.0260245117, 0.0356226074, -0.575746815, 0.461570655, -0.674804001, 0.104736328, -0.776855469, -0.620727539, -0.810839614, -0.427974169, 0.399057078, 5, 1, 
1329.44428, 0.1, 0.1, 0.114015441, 0.191261388, -0.0199630336, 0.586156195, 2.84260962e-005, 0.810198071, 0.810198071, -4.21542738e-005, -0.586156194, 1.74911789e-005, 0.999999999, -4.77397571e-005, 0.586155999, 2.41928707e-005, 0.810198213, 0.810198213, -3.80489029e-005, -0.586155998, 1.66463569e-005, 0.999999999, -4.19036133e-005, 0, 0, 0, 0, 0, 0, 0, 0.224676196, -0.092642627, 0.0308583496, -0.613454397, 0.540113765, -0.576052567, -0.646240234, 0.0755615234, 0.759277344, 0.453724362, 0.838180501, 0.302827155, 0, 0, 0, 0, 0, 0, 0, 0.275401904, -0.0260245117, 0.0356226074, -0.575746815, 0.461570655, -0.674804001, 0.104736328, -0.776855469, -0.620727539, -0.810839614, -0.427974169, 0.399057078, 5, 1, 
1329.44512, 0.1, 0.1, 0.114015437, 0.191261387, -0.0199628016, 0.58615681, -3.54069886e-005, 0.810197626, 0.810197627, 3.50363214e-005, -0.586156809, -7.632297e-006, 0.999999999, 4.92234365e-005, 0.586156745, -2.03214681e-005, 0.810197674, 0.810197673, 4.7082672e-005, -0.586156743, -2.62347057e-005, 0.999999999, 4.40622319e-005, 0, 0, 0, 0, 0, 0, 0, 0.224676196, -0.092642627, 0.0308583496, -0.613454397, 0.540113765, -0.576052567, -0.646240234, 0.0755615234, 0.759277344, 0.453724362, 0.838180501, 0.302827155, 0, 0, 0, 0, 0, 0, 0, 0.275401904, -0.0260245117, 0.0356226074, -0.575746815, 0.461570655, -0.674804001, 0.104736328, -0.776855469, -0.620727539, -0.810839614, -0.427974169, 0.399057078, 5, 1, 
1329.44599, 0.1, 0.1, 0.114015433, 0.191261397, -0.0199625063, 0.586156648, 4.30586729e-005, 0.810197743, 0.810197744, -2.45378727e-005, -0.586156647, -5.35859832e-006, 0.999999999, -4.92690769e-005, 0.586156759, 2.02949318e-005, 0.810197663, 0.810197663, -4.62020753e-005, -0.586156757, 2.5536802e-005, 0.999999999, -4.3524565e-005, 0, 0, 0, 0, 0, 0, 0, 0.224676196, -0.092642627, 0.0308583496, -0.617675378, 0.537772809, -0.573768899, -0.643554687, 0.0736083984, 0.76184082, 0.452044653, 0.839787191, 0.300858762, 0, 0, 0, 0, 0, 0, 0, 0.275401904, -0.0260245117, 0.0356226074, -0.575746815, 0.461570655, -0.674804001, 0.104736328, -0.776855469, -0.620727539, -0.810839614, -0.427974169, 0.399057078, 5, 1, 
1329.44686, 0.1, 0.1, 0.114015432, 0.1912614, -0.0199619217, 0.586155794, -6.48656188e-005, 0.810198359, 0.81019836, -4.59233212e-006, -0.586155796, 4.17420583e-005, 0.999999998, 4.98621959e-005, 0.586156, -5.30130165e-005, 0.810198211, 0.810198212, 4.06033221e-006, -0.586156, 2.77842238e-005, 0.999999999, 4.53310393e-005, 0, 0, 0, 0, 0, 0, 0, 0.224678613, -0.0934270996, 0.034094458, -0.617675378, 0.537772809, -0.573768899, -0.643554687, 0.0736083984, 0.76184082, 0.452044653, 0.839787191, 0.300858762, 0, 0, 0, 0, 0, 0, 0, 0.275313379, -0.0269728027, 0.0383905273, -0.581854442, 0.458515926, -0.671634067, 0.104858398, -0.776611328, -0.62097168, -0.806449101, -0.431609287, 0.403931732, 5, 1, 
1329.44774, 0.1, 0.1, 0.114015425, 0.191261406, -0.019961298, 0.586154703, 6.00935389e-005, 0.810199149, 0.81019915, -1.25028644e-005, -0.586154704, -2.50943004e-005, 0.999999998, -5.60163469e-005, 0.586154895, 5.62137084e-005, 0.81019901, 0.810199011, -1.0074774e-005, -0.586154896, -2.47873685e-005, 0.999999998, -5.14496691e-005, 0, 0, 0, 0, 0, 0, 0, 0.224678613, -0.0934270996, 0.034094458, -0.617675378, 0.537772809, -0.573768899, -0.643554687, 0.0736083984, 0.76184082, 0.452044653, 0.839787191, 0.300858762, 0, 0, 0, 0, 0, 0, 0, 0.275313379, -0.0269728027, 0.0383905273, -0.581854442, 0.458515926, -0.671634067, 0.104858398, -0.776611328, -0.62097168, -0.806449101, -0.431609287, 0.403931732, 5, 1, 
1329.44863, 0.1, 0.1, 0.114015426, 0.19126141, -0.0199610607, 0.586154033, -4.93050527e-005, 0.810199634, 0.810199636, 3.01233942e-005, -0.586154032, 4.49439245e-006, 0.999999998, 5.76038847e-005, 0.586154101, -5.49178001e-005, 0.810199585, 0.810199586, 1.00018768e-005, -0.586154101, 2.40867773e-005, 0.999999998, 5.035702e-005, 0, 0, 0, 0, 0, 0, 0, 0.22460022, -0.0943886719, 0.0368046387, -0.623552103, 0.536358201, -0.568629805, -0.638061523, 0.0709228516, 0.766601563, 0.451615923, 0.840999978, 0.298190931, 0, 0, 0, 0, 0, 0, 0, 0.275313379, -0.0269728027, 0.0383905273, -0.589144001, 0.455703999, -0.667026269, 0.103515625, -0.776245117, -0.621704102, -0.801323614, -0.435218886, 0.410307681, 5, 1, 
1329.44948, 0.1, 0.1, 0.114015417, 0.191261409, -0.0199611497, 0.586154204, 2.99981283e-005, 0.810199512, 0.810199512, -2.99181257e-005, -0.586154203, 6.65612189e-006, 0.999999999, -4.1841104e-005, 0.586154099, 4.34266979e-005, 0.810199587, 0.810199588, -2.63262542e-006, -0.586154099, -2.3321785e-005, 0.999999999, -3.67274169e-005, 0, 0, 0, 0, 0, 0, 0, 0.22460022, -0.0943886719, 0.0368046387, -0.623552103, 0.536358201, -0.568629805, -0.638061523, 0.0709228516, 0.766601563, 0.451615923, 0.840999978, 0.298190931, 0, 0, 0, 0, 0, 0, 0, 0.275162109, -0.02768125, 0.0408386719, -0.589144001, 0.455703999, -0.667026269, 0.103515625, -0.776245117, -0.621704102, -0.801323614, -0.435218886, 0.410307681, 5, 1, 
1329.45036, 0.1, 0.1, 0.114015416, 0.191261408, -0.019961875, 0.586155087, -2.28009051e-005, 0.810198873, 0.810198872, 6.62205495e-005, -0.586155084, -4.02869481e-005, 0.999999998, 5.72887795e-005, 0.586154833, -2.75915598e-005, 0.810199057, 0.810199057, 4.95901882e-005, -0.586154831, -2.40049976e-005, 0.999999998, 5.14221842e-005, 0, 0, 0, 0, 0, 0, 0, 0.22460022, -0.0943886719, 0.0368046387, -0.623552103, 0.536358201, -0.568629805, -0.638061523, 0.0709228516, 0.766601563, 0.451615923, 0.840999978, 0.298190931, 0, 0, 0, 0, 0, 0, 0, 0.275162109, -0.02768125, 0.0408386719, -0.589144001, 0.455703999, -0.667026269, 0.103515625, -0.776245117, -0.621704102, -0.801323614, -0.435218886, 0.410307681, 5, 1, 
