time, realDorsalTactorPos, realVentralTactorPos, boxPosX, boxPosY, boxPosZ, boxLocalRot_11, boxLocalRot_12, boxLocalRot_13, boxLocalRot_21, boxLocalRot_22, boxLocalRot_23, boxLocalRot_31, boxLocalRot_32, boxLocalRot_33, boxGlobalRot_11, boxGlobalRot_12, boxGlobalRot_13, boxGlobalRot_21, boxGlobalRot_22, boxGlobalRot_23, boxGlobalRot_31, boxGlobalRot_32, boxGlobalRot_33, indexForceX, indexForceY, indexForceZ, indexForceGlobalX, indexForceGlobalY, indexForceGlobalZ, indexContact, indexPosX, indexPosY, indexPosZ, indexRot_11, indexRot_12, indexRot_13, indexRot_21, indexRot_22, indexRot_23, indexRot_31, indexRot_32, indexRot_33, thumbForceX, thumbForceY, thumbForceZ, thumbForceGlobalX, thumbForceGlobalY, thumbForceGlobalZ, thumbContact, thumbPosX, thumbPosY, thumbPosZ, thumbRot_11, thumbRot_12, thumbRot_13, thumbRot_21, thumbRot_22, thumbRot_23, thumbRot_31, thumbRot_32, thumbRot_33, mapping, trialSuccess, 
198.191806, 0.1, 0.1, 0.133900086, 0.187028385, -0.019959193, 6.11202741e-005, 0.573291825, 0.819351255, -4.72680617e-005, 0.819351258, -0.573291823, -0.999999997, -3.68939235e-006, 7.71773668e-005, 7.18093287e-005, 0.573291753, 0.819351305, -5.53437783e-005, 0.819351308, -0.57329175, -0.999999996, -4.17830125e-006, 9.05651991e-005, -0, 0, 0, 0, 0, 0, 0, 0.163448315, -0.15277771, -0.185580005, -0.143813071, 0.814818622, -0.561533281, -0.629394531, 0.362548828, 0.687255859, 0.763464215, 0.452445459, 0.460826265, 0, 0, 0, 0, 0, 0, 0, 0.24280918, -0.116587109, -0.142619287, -0.0927441931, 0.154015423, -0.98369193, 0.618041992, -0.76550293, -0.178222656, -0.780572026, -0.624529272, -0.0242211401, 3, 1, 
198.201473, 0.1, 0.1, 0.133900075, 0.187028406, -0.019954632, -1.36705723e-005, 0.5732978, 0.819347077, -3.13149874e-005, 0.819347076, -0.5732978, -0.999999999, -3.34951525e-005, 6.75186993e-006, -4.09621231e-005, 0.573297624, 0.819347199, -4.85991446e-005, 0.819347197, -0.573297626, -0.999999998, -6.33030609e-005, -5.7004266e-006, -0, 0, 0, 0, 0, 0, 0, 0.167351978, -0.160725879, -0.178493359, -0.13716988, 0.802974179, -0.579907078, -0.633911133, 0.378662109, 0.674316406, 0.760928934, 0.46037744, 0.457186016, 0, 0, 0, 0, 0, 0, 0, 0.24556709, -0.123902783, -0.137481543, -0.0896829003, 0.129740933, -0.987383184, 0.624389648, -0.765014648, -0.157226562, -0.775831533, -0.630640163, -0.0124575783, 3, 1, 
198.202417, 0.1, 0.1, 0.133900079, 0.187028412, -0.0199550571, 2.48114669e-005, 0.573298303, 0.819346724, -1.24581478e-005, 0.819346725, -0.573298303, -1, 4.01682931e-006, 2.74714291e-005, 1.5358933e-005, 0.573298206, 0.819346793, 3.43258078e-005, 0.819346792, -0.573298206, -0.999999999, 3.69299892e-005, -7.09463157e-006, -0, 0, 0, 0, 0, 0, 0, 0.167286938, -0.161837573, -0.178292212, -0.13431221, 0.80330855, -0.580187527, -0.629760742, 0.3828125, 0.67590332, 0.764925633, 0.456245947, 0.454635004, 0, 0, 0, 0, 0, 0, 0, 0.24556709, -0.123902783, -0.137481543, -0.0935356686, 0.126622771, -0.987516612, 0.624511719, -0.764892578, -0.157226562, -0.775377277, -0.631336123, -0.00768463648, 3, 1, 
198.203323, 0.1, 0.1, 0.133900072, 0.187028402, -0.0199569285, -5.68952346e-005, 0.573299288, 0.819346034, 1.66335292e-005, 0.819346036, -0.573299288, -0.999999998, -1.89893813e-005, -5.61528754e-005, -5.90975456e-005, 0.573299039, 0.819346208, -1.99612998e-005, 0.819346209, -0.573299041, -0.999999998, -5.02357815e-005, -3.6977556e-005, -0, 0, 0, 0, 0, 0, 0, 0.167286938, -0.161837573, -0.178292212, -0.13431221, 0.80330855, -0.580187527, -0.629760742, 0.3828125, 0.67590332, 0.764925633, 0.456245947, 0.454635004, 0, 0, 0, 0, 0, 0, 0, 0.245321729, -0.125239941, -0.13738999, -0.0935356686, 0.126622771, -0.987516612, 0.624511719, -0.764892578, -0.157226562, -0.775377277, -0.631336123, -0.00768463648, 3, 1, 
198.204187, 0.1, 0.1, 0.133900078, 0.187028411, -0.0199602994, 6.77794469e-005, 0.573301075, 0.819344783, -1.25910243e-005, 0.819344785, -0.573301076, -0.999999998, 2.85416398e-005, 6.27531841e-005, 5.84810744e-005, 0.573300613, 0.819345107, 2.56610293e-005, 0.819345107, -0.573300615, -0.999999998, 5.45524748e-005, 3.32046983e-005, -0, 0, 0, 0, 0, 0, 0, 0.167286938, -0.161837573, -0.178292212, -0.13431221, 0.80330855, -0.580187527, -0.629760742, 0.3828125, 0.67590332, 0.764925633, 0.456245947, 0.454635004, 0, 0, 0, 0, 0, 0, 0, 0.245321729, -0.125239941, -0.13738999, -0.0935356686, 0.126622771, -0.987516612, 0.624511719, -0.764892578, -0.157226562, -0.775377277, -0.631336123, -0.00768463648, 3, 1, 
198.205089, 0.1, 0.1, 0.133900082, 0.1870284, -0.0199636249, -3.78030996e-005, 0.573303669, 0.81934297, 1.53855594e-005, 0.819342971, -0.573303668, -0.999999999, -9.06660571e-006, -3.97943015e-005, -1.33397599e-005, 0.573303159, 0.819343327, -3.04692311e-005, 0.819343327, -0.573303159, -0.999999999, -3.26124876e-005, 6.5382632e-006, -0, 0, 0, 0, 0, 0, 0, 0.167286938, -0.161837573, -0.178292212, -0.13431221, 0.80330855, -0.580187527, -0.629760742, 0.3828125, 0.67590332, 0.764925633, 0.456245947, 0.454635004, 0, 0, 0, 0, 0, 0, 0, 0.245321729, -0.125239941, -0.13738999, -0.0935356686, 0.126622771, -0.987516612, 0.624511719, -0.764892578, -0.157226562, -0.775377277, -0.631336123, -0.00768463648, 3, 1, 
198.205941, 0.1, 0.1, 0.133900075, 0.187028417, -0.0199661501, -1.00656995e-005, 0.57330644, 0.819341031, 4.48622114e-005, 0.819341031, -0.57330644, -0.999999999, 3.09867202e-005, -3.39670353e-005, -2.51428955e-005, 0.573305881, 0.819341422, 7.79958192e-005, 0.819341421, -0.573305878, -0.999999997, 4.94906356e-005, -6.53160776e-005, -0, 0, 0, 0, 0, 0, 0, 0.167286938, -0.161837573, -0.178292212, -0.13431221, 0.80330855, -0.580187527, -0.629760742, 0.3828125, 0.67590332, 0.764925633, 0.456245947, 0.454635004, 0, 0, 0, 0, 0, 0, 0, 0.245321729, -0.125239941, -0.13738999, -0.0935356686, 0.126622771, -0.987516612, 0.624511719, -0.764892578, -0.157226562, -0.775377277, -0.631336123, -0.00768463648, 3, 1, 
198.206809, 0.1, 0.1, 0.133900076, 0.187028401, -0.0199672128, -5.48021287e-006, 0.573309376, 0.819338977, -8.16697506e-005, 0.819338974, -0.573309375, -0.999999997, -7.00570673e-005, 4.23318818e-005, 8.0382111e-007, 0.573308756, 0.819339411, -9.23761773e-005, 0.819339408, -0.573308753, -0.999999996, -7.5226605e-005, 5.36186736e-005, -0, 0, 0, 0, 0, 0, 0, 0.167286938, -0.161837573, -0.178292212, -0.13431221, 0.80330855, -0.580187527, -0.629760742, 0.3828125, 0.67590332, 0.764925633, 0.456245947, 0.454635004, 0, 0, 0, 0, 0, 0, 0, 0.245321729, -0.125239941, -0.13738999, -0.0935356686, 0.126622771, -0.987516612, 0.624511719, -0.764892578, -0.157226562, -0.775377277, -0.631336123, -0.00768463648, 3, 1, 
198.207737, 0.1, 0.1, 0.133900074, 0.187028409, -0.0199654002, 1.24956445e-005, 0.573312544, 0.81933676, 8.3029446e-005, 0.819336757, -0.573312543, -0.999999996, 7.51929871e-005, -3.73636821e-005, -1.64082088e-006, 0.573311943, 0.819337181, 7.89300326e-005, 0.819337178, -0.573311941, -0.999999997, 6.37296082e-005, -4.65959159e-005, -0, 0, 0, 0, 0, 0, 0, 0.167700977, -0.163262842, -0.178217773, -0.130788424, 0.801784235, -0.582911524, -0.626220703, 0.389038086, 0.675537109, 0.768446054, 0.45364476, 0.451482277, 0, 0, 0, 0, 0, 0, 0, 0.245594141, -0.126638379, -0.137305029, -0.0962703029, 0.122495117, -0.987784202, 0.624389648, -0.765258789, -0.155639648, -0.775050985, -0.631769957, -0.0028030529, 3, 1, 
198.208586, 0.1, 0.1, 0.133900081, 0.187028408, -0.0199627353, -7.89614563e-006, 0.573315757, 0.819334512, -5.98066991e-005, 0.81933451, -0.573315756, -0.999999998, -5.35286774e-005, 2.78185384e-005, 1.83621458e-005, 0.573315075, 0.819334989, -4.32503804e-005, 0.819334989, -0.573315074, -0.999999999, -2.4909255e-005, 3.98408436e-005, -0, 0, 0, 0, 0, 0, 0, 0.167700977, -0.163262842, -0.178217773, -0.130788424, 0.801784235, -0.582911524, -0.626220703, 0.389038086, 0.675537109, 0.768446054, 0.45364476, 0.451482277, 0, 0, 0, 0, 0, 0, 0, 0.245594141, -0.126638379, -0.137305029, -0.0962703029, 0.122495117, -0.987784202, 0.624389648, -0.765258789, -0.155639648, -0.775050985, -0.631769957, -0.0028030529, 3, 1, 
198.209503, 0.1, 0.1, 0.13390007, 0.18702841, -0.0199599478, -5.69854522e-006, 0.57331978, 0.819331697, 7.22155426e-005, 0.819331695, -0.573319778, -0.999999997, 5.59013944e-005, -4.60715977e-005, -5.21789172e-005, 0.573318795, 0.819332384, 3.36632378e-005, 0.819332386, -0.573318794, -0.999999998, -2.33377304e-006, -6.20516437e-005, -0, 0, 0, 0, 0, 0, 0, 0.167700977, -0.163262842, -0.178217773, -0.130090106, 0.801022639, -0.584168495, -0.625732422, 0.39074707, 0.675048828, 0.768953411, 0.453518201, 0.450569034, 0, 0, 0, 0, 0, 0, 0, 0.245594141, -0.126638379, -0.137305029, -0.0962703029, 0.122495117, -0.987784202, 0.624389648, -0.765258789, -0.155639648, -0.775050985, -0.631769957, -0.0028030529, 3, 1, 
198.210369, 0.1, 0.1, 0.133900086, 0.187028419, -0.0199575924, 4.44794212e-005, 0.573324128, 0.819328654, -1.39364327e-005, 0.819328655, -0.573324128, -0.999999999, 1.40826067e-005, 4.44333575e-005, 7.73519459e-005, 0.573323253, 0.819329263, 1.60276312e-005, 0.819329265, -0.573323256, -0.999999997, 5.74795767e-005, 5.41876993e-005, -0, 0, 0, 0, 0, 0, 0, 0.168854419, -0.164195117, -0.178061548, -0.130090106, 0.801022639, -0.584168495, -0.625732422, 0.39074707, 0.675048828, 0.768953411, 0.453518201, 0.450569034, 0, 0, 0, 0, 0, 0, 0, 0.246112012, -0.127615967, -0.137451855, -0.0991708149, 0.11855886, -0.987987993, 0.626342773, -0.764038086, -0.154541016, -0.773146472, -0.634024815, 0.0014715227, 3, 1, 
198.211218, 0.1, 0.1, 0.13390007, 0.187028407, -0.0199574034, -8.19525766e-005, 0.573328644, 0.81932549, -3.82168669e-005, 0.819325491, -0.573328648, -0.999999996, -7.82978132e-005, -4.52350106e-005, -0.000100627445, 0.573327762, 0.819326105, -4.92584553e-005, 0.819326106, -0.573327769, -0.999999994, -9.80512467e-005, -5.42054525e-005, -0, 0, 0, 0, 0, 0, 0, 0.168854419, -0.164195117, -0.178061548, -0.130090106, 0.801022639, -0.584168495, -0.625732422, 0.39074707, 0.675048828, 0.768953411, 0.453518201, 0.450569034, 0, 0, 0, 0, 0, 0, 0, 0.246112012, -0.127615967, -0.137451855, -0.0991708149, 0.11855886, -0.987987993, 0.626342773, -0.764038086, -0.154541016, -0.773146472, -0.634024815, 0.0014715227, 3, 1, 
198.212126, 0.1, 0.1, 0.133900082, 0.187028409, -0.0199588052, 7.33045433e-005, 0.573333052, 0.819322407, 3.29655639e-005, 0.819322407, -0.573333055, -0.999999997, 6.90373429e-005, 4.11598076e-005, 8.33176785e-005, 0.573332275, 0.819322949, 2.9041246e-005, 0.81932295, -0.573332279, -0.999999996, 7.15628739e-005, 5.16138025e-005, -0, 0, 0, 0, 0, 0, 0, 0.168854419, -0.164195117, -0.178061548, -0.130090106, 0.801022639, -0.584168495, -0.625732422, 0.39074707, 0.675048828, 0.768953411, 0.453518201, 0.450569034, 0, 0, 0, 0, 0, 0, 0, 0.246112012, -0.127615967, -0.137451855, -0.0991708149, 0.11855886, -0.987987993, 0.626342773, -0.764038086, -0.154541016, -0.773146472, -0.634024815, 0.0014715227, 3, 1, 
198.212975, 0.1, 0.1, 0.133900074, 0.187028408, -0.0199610805, -7.62585392e-005, 0.573336259, 0.819320163, -4.20754417e-005, 0.819320162, -0.573336262, -0.999999996, -7.81950436e-005, -3.83567824e-005, -7.67166502e-005, 0.573335718, 0.819320541, -2.54641899e-005, 0.819320542, -0.573335721, -0.999999997, -6.48477298e-005, -4.82559978e-005, -0, 0, 0, 0, 0, 0, 0, 0.168854419, -0.164195117, -0.178061548, -0.130090106, 0.801022639, -0.584168495, -0.625732422, 0.39074707, 0.675048828, 0.768953411, 0.453518201, 0.450569034, 0, 0, 0, 0, 0, 0, 0, 0.246112012, -0.127615967, -0.137451855, -0.0991708149, 0.11855886, -0.987987993, 0.626342773, -0.764038086, -0.154541016, -0.773146472, -0.634024815, 0.0014715227, 3, 1, 
198.213829, 0.1, 0.1, 0.133900078, 0.187028401, -0.0199638916, 6.01339451e-005, 0.573338332, 0.819318713, 2.40758937e-005, 0.819318714, -0.573338334, -0.999999998, 5.42029262e-005, 3.54652338e-005, 5.08899013e-005, 0.573338018, 0.819318933, -7.19508814e-006, 0.819318934, -0.573338019, -0.999999999, 2.32820432e-005, 4.58202772e-005, -0, 0, 0, 0, 0, 0, 0, 0.168854419, -0.164195117, -0.178061548, -0.130090106, 0.801022639, -0.584168495, -0.625732422, 0.39074707, 0.675048828, 0.768953411, 0.453518201, 0.450569034, 0, 0, 0, 0, 0, 0, 0, 0.246112012, -0.127615967, -0.137451855, -0.0991708149, 0.11855886, -0.987987993, 0.626342773, -0.764038086, -0.154541016, -0.773146472, -0.634024815, 0.0014715227, 3, 1, 
198.214763, 0.1, 0.1, 0.133900076, 0.187028415, -0.0199652087, -4.95167275e-005, 0.573339297, 0.819318039, 9.84962045e-006, 0.81931804, -0.573339297, -0.999999999, -2.0319914e-005, -4.62171226e-005, -3.60228446e-005, 0.573339201, 0.819318106, 4.87449029e-005, 0.819318107, -0.573339199, -0.999999998, 1.92842727e-005, -5.74615325e-005, -0, 0, 0, 0, 0, 0, 0, 0.170895703, -0.165701074, -0.177197534, -0.129329632, 0.79754041, -0.589105768, -0.628540039, 0.393554687, 0.670776367, 0.766731901, 0.457283122, 0.450609469, 0, 0, 0, 0, 0, 0, 0, 0.247055762, -0.128768115, -0.136534229, -0.0991832081, 0.11225837, -0.988722232, 0.629394531, -0.762451172, -0.149780273, -0.77069292, -0.637141877, 0.00495388959, 3, 1, 
198.215606, 0.1, 0.1, 0.133900076, 0.187028404, -0.0199652783, 2.94185173e-005, 0.573339191, 0.819318114, -2.16634477e-005, 0.819318114, -0.573339191, -0.999999999, -8.82466246e-007, 3.65236277e-005, 1.74571112e-005, 0.573339265, 0.819318062, -5.07131809e-005, 0.819318062, -0.573339263, -0.999999999, -3.15413778e-005, 4.33787844e-005, -0, 0, 0, 0, 0, 0, 0, 0.170895703, -0.165701074, -0.177197534, -0.129329632, 0.79754041, -0.589105768, -0.628540039, 0.393554687, 0.670776367, 0.766731901, 0.457283122, 0.450609469, 0, 0, 0, 0, 0, 0, 0, 0.247055762, -0.128768115, -0.136534229, -0.0991832081, 0.11225837, -0.988722232, 0.629394531, -0.762451172, -0.149780273, -0.77069292, -0.637141877, 0.00495388959, 3, 1, 
198.216491, 0.1, 0.1, 0.133900081, 0.187028419, -0.0199644527, 4.57022765e-006, 0.573338452, 0.819318631, 5.8369514e-005, 0.81931863, -0.573338451, -0.999999998, 5.04435176e-005, -2.97210142e-005, 9.20395941e-006, 0.57333863, 0.819318506, 8.16335301e-005, 0.819318503, -0.573338629, -0.999999997, 7.21608474e-005, -3.92626821e-005, -0, 0, 0, 0, 0, 0, 0, 0.170895703, -0.165701074, -0.177197534, -0.129329632, 0.79754041, -0.589105768, -0.628540039, 0.393554687, 0.670776367, 0.766731901, 0.457283122, 0.450609469, 0, 0, 0, 0, 0, 0, 0, 0.247055762, -0.128768115, -0.136534229, -0.0991832081, 0.11225837, -0.988722232, 0.629394531, -0.762451172, -0.149780273, -0.77069292, -0.637141877, 0.00495388959, 3, 1, 
198.217363, 0.1, 0.1, 0.133900082, 0.187028404, -0.0199623839, -4.06139305e-006, 0.573337588, 0.819319236, -8.96058222e-005, 0.819319232, -0.573337586, -0.999999996, -7.5744323e-005, 4.80468086e-005, 7.74395451e-007, 0.573337734, 0.819319134, -9.82311936e-005, 0.81931913, -0.573337731, -0.999999995, -8.00387063e-005, 5.69541269e-005, -0, 0, 0, 0, 0, 0, 0, 0.170895703, -0.165701074, -0.177197534, -0.129329632, 0.79754041, -0.589105768, -0.628540039, 0.393554687, 0.670776367, 0.766731901, 0.457283122, 0.450609469, 0, 0, 0, 0, 0, 0, 0, 0.247055762, -0.128768115, -0.136534229, -0.0991832081, 0.11225837, -0.988722232, 0.629394531, -0.762451172, -0.149780273, -0.77069292, -0.637141877, 0.00495388959, 3, 1, 
198.21821, 0.1, 0.1, 0.133900083, 0.187028409, -0.0199607558, 2.40431865e-005, 0.573337193, 0.819319512, 7.3411635e-005, 0.819319509, -0.573337193, -0.999999997, 7.39324381e-005, -2.2390569e-005, 7.0985907e-006, 0.573337206, 0.819319503, 6.82418684e-005, 0.819319501, -0.573337205, -0.999999998, 5.99817799e-005, -3.33095884e-005, -0, 0, 0, 0, 0, 0, 0, 0.170895703, -0.165701074, -0.177197534, -0.129329632, 0.79754041, -0.589105768, -0.628540039, 0.393554687, 0.670776367, 0.766731901, 0.457283122, 0.450609469, 0, 0, 0, 0, 0, 0, 0, 0.247055762, -0.128768115, -0.136534229, -0.0991832081, 0.11225837, -0.988722232, 0.629394531, -0.762451172, -0.149780273, -0.77069292, -0.637141877, 0.00495388959, 3, 1, 
198.219131, 0.1, 0.1, 0.133900082, 0.187028409, -0.019959591, -6.39754255e-005, 0.573337497, 0.819319297, -4.80131759e-005, 0.819319296, -0.5733375, -0.999999997, -7.6017632e-005, -2.48885466e-005, -3.8486352e-005, 0.573337421, 0.819319352, -2.27774871e-005, 0.819319352, -0.573337422, -0.999999999, -4.07277018e-005, -1.84734273e-005, -0, 0, 0, 0, 0, 0, 0, 0.170895703, -0.165701074, -0.177197534, -0.129355841, 0.796037435, -0.591218694, -0.630737305, 0.394042969, 0.668457031, 0.765005765, 0.459498641, 0.4513149, 0, 0, 0, 0, 0, 0, 0, 0.247055762, -0.128768115, -0.136534229, -0.0991832081, 0.11225837, -0.988722232, 0.629394531, -0.762451172, -0.149780273, -0.77069292, -0.637141877, 0.00495388959, 3, 1, 
198.219998, 0.1, 0.1, 0.133900076, 0.1870284, -0.0199588386, 8.04700862e-006, 0.573337453, 0.819319331, 3.60204095e-005, 0.81931933, -0.573337452, -0.999999999, 3.41258692e-005, -1.40587801e-005, -3.31714949e-006, 0.573337519, 0.819319284, -2.00164579e-005, 0.819319284, -0.573337519, -1, -1.83017162e-005, 8.75838175e-006, -0, 0, 0, 0, 0, 0, 0, 0.17178208, -0.166217627, -0.175963916, -0.129355841, 0.796037435, -0.591218694, -0.630737305, 0.394042969, 0.668457031, 0.765005765, 0.459498641, 0.4513149, 0, 0, 0, 0, 0, 0, 0, 0.247798242, -0.129700684, -0.135613428, -0.0991762783, 0.1061686, -0.989296791, 0.633544922, -0.759887695, -0.145141602, -0.767255396, -0.641095991, 0.00808481151, 3, 1, 
198.220853, 0.1, 0.1, 0.133900086, 0.187028413, -0.0199596659, 2.22759237e-005, 0.573337489, 0.819319305, 2.11108681e-005, 0.819319304, -0.57333749, -1, 3.0068164e-005, 6.14744216e-006, 4.94234435e-005, 0.573337433, 0.819319343, 4.43960109e-005, 0.819319342, -0.573337435, -0.999999998, 6.47108208e-005, 1.50396883e-005, -0, 0, 0, 0, 0, 0, 0, 0.17178208, -0.166217627, -0.175963916, -0.129355841, 0.796037435, -0.591218694, -0.630737305, 0.394042969, 0.668457031, 0.765005765, 0.459498641, 0.4513149, 0, 0, 0, 0, 0, 0, 0, 0.247798242, -0.129700684, -0.135613428, -0.0991762783, 0.1061686, -0.989296791, 0.633544922, -0.759887695, -0.145141602, -0.767255396, -0.641095991, 0.00808481151, 3, 1, 
198.221749, 0.1, 0.1, 0.133900077, 0.187028403, -0.0199612183, -1.89948274e-005, 0.573337658, 0.819319187, -4.17981875e-005, 0.819319186, -0.573337658, -0.999999999, -4.51365068e-005, 8.40164842e-006, -3.43418728e-005, 0.573337671, 0.819319177, -5.42792463e-005, 0.819319176, -0.573337672, -0.999999998, -6.41615168e-005, 2.98338173e-006, -0, 0, 0, 0, 0, 0, 0, 0.17178208, -0.166217627, -0.175963916, -0.129355841, 0.796037435, -0.591218694, -0.630737305, 0.394042969, 0.668457031, 0.765005765, 0.459498641, 0.4513149, 0, 0, 0, 0, 0, 0, 0, 0.247798242, -0.129700684, -0.135613428, -0.0991762783, 0.1061686, -0.989296791, 0.633544922, -0.759887695, -0.145141602, -0.767255396, -0.641095991, 0.00808481151, 3, 1, 
198.222595, 0.1, 0.1, 0.133900084, 0.187028412, -0.0199629824, 3.76109332e-005, 0.573337549, 0.819319262, 6.3027704e-005, 0.81931926, -0.57333755, -0.999999997, 7.32035723e-005, -5.32078741e-006, 4.59731773e-005, 0.573337568, 0.819319248, 6.14378247e-005, 0.819319246, -0.57333757, -0.999999997, 7.66953421e-005, 2.44209596e-006, -0, 0, 0, 0, 0, 0, 0, 0.17178208, -0.166217627, -0.175963916, -0.129355841, 0.796037435, -0.591218694, -0.630737305, 0.394042969, 0.668457031, 0.765005765, 0.459498641, 0.4513149, 0, 0, 0, 0, 0, 0, 0, 0.247798242, -0.129700684, -0.135613428, -0.0991762783, 0.1061686, -0.989296791, 0.633544922, -0.759887695, -0.145141602, -0.767255396, -0.641095991, 0.00808481151, 3, 1, 
198.223445, 0.1, 0.1, 0.133900084, 0.187028409, -0.019964659, -1.88233171e-005, 0.573337301, 0.819319437, -6.58597433e-005, 0.819319434, -0.573337301, -0.999999998, -6.47522776e-005, 2.23375379e-005, -1.5511237e-005, 0.573337379, 0.819319382, -5.23544507e-005, 0.81931938, -0.573337379, -0.999999999, -5.17881881e-005, 1.73081064e-005, -0, 0, 0, 0, 0, 0, 0, 0.17178208, -0.166217627, -0.175963916, -0.129355841, 0.796037435, -0.591218694, -0.630737305, 0.394042969, 0.668457031, 0.765005765, 0.459498641, 0.4513149, 0, 0, 0, 0, 0, 0, 0, 0.247798242, -0.129700684, -0.135613428, -0.0991762783, 0.1061686, -0.989296791, 0.633544922, -0.759887695, -0.145141602, -0.767255396, -0.641095991, 0.00808481151, 3, 1, 
198.224406, 0.1, 0.1, 0.133900083, 0.187028408, -0.0199643424, 4.3131087e-005, 0.573337183, 0.819319518, 4.70016498e-005, 0.819319517, -0.573337184, -0.999999998, 6.32380251e-005, 8.39034785e-006, 1.18184502e-005, 0.573337126, 0.819319559, 3.84009503e-005, 0.819319558, -0.573337126, -0.999999999, 3.8238606e-005, -1.23336031e-005, -0, 0, 0, 0, 0, 0, 0, 0.172833472, -0.166937158, -0.174912891, -0.130480262, 0.79489017, -0.592550927, -0.633422852, 0.392944336, 0.666625977, 0.762588425, 0.462399373, 0.452267456, 0, 0, 0, 0, 0, 0, 0, 0.248500928, -0.130634961, -0.134685791, -0.0997891164, 0.10009159, -0.989922389, 0.637573242, -0.757324219, -0.14074707, -0.763760269, -0.645171506, 0.0117013398, 3, 1, 
198.22526, 0.1, 0.1, 0.133900087, 0.187028414, -0.0199631534, -2.61014898e-005, 0.57333734, 0.819319409, -2.74481082e-005, 0.819319409, -0.57333734, -0.999999999, -3.74537265e-005, -5.64843189e-006, -7.26241432e-006, 0.573337363, 0.819319393, 1.67939612e-005, 0.819319393, -0.573337363, -1, 9.5958046e-006, -1.55788423e-005, -0, 0, 0, 0, 0, 0, 0, 0.172833472, -0.166937158, -0.174912891, -0.130480262, 0.79489017, -0.592550927, -0.633422852, 0.392944336, 0.666625977, 0.762588425, 0.462399373, 0.452267456, 0, 0, 0, 0, 0, 0, 0, 0.248500928, -0.130634961, -0.134685791, -0.0997891164, 0.10009159, -0.989922389, 0.637573242, -0.757324219, -0.14074707, -0.763760269, -0.645171506, 0.0117013398, 3, 1, 
198.226149, 0.1, 0.1, 0.133900081, 0.1870284, -0.0199618365, -1.43504371e-005, 0.573337047, 0.819319614, -1.02972221e-005, 0.819319614, -0.573337047, -1, -1.66643532e-005, -5.85381567e-006, -3.29114583e-005, 0.573337067, 0.8193196, -4.51817724e-005, 0.819319599, -0.573337068, -0.999999998, -5.58876707e-005, -1.06061798e-006, -0, 0, 0, 0, 0, 0, 0, 0.172833472, -0.166937158, -0.174912891, -0.130480262, 0.79489017, -0.592550927, -0.633422852, 0.392944336, 0.666625977, 0.762588425, 0.462399373, 0.452267456, 0, 0, 0, 0, 0, 0, 0, 0.248500928, -0.130634961, -0.134685791, -0.0997891164, 0.10009159, -0.989922389, 0.637573242, -0.757324219, -0.14074707, -0.763760269, -0.645171506, 0.0117013398, 3, 1, 
198.227061, 0.1, 0.1, 0.13390009, 0.187028414, -0.0199597096, 2.68649885e-005, 0.573336925, 0.819319699, 4.66340277e-005, 0.819319698, -0.573336926, -0.999999999, 5.36108675e-005, -4.72599584e-006, 2.98839593e-005, 0.573336981, 0.81931966, 7.25819116e-005, 0.819319657, -0.573336981, -0.999999997, 7.66013661e-005, -1.71293788e-005, -0, 0, 0, 0, 0, 0, 0, 0.173640503, -0.167170776, -0.174242554, -0.132073847, 0.794573773, -0.592576014, -0.634765625, 0.391357422, 0.666137695, 0.761110537, 0.464303364, 0.45288939, 0, 0, 0, 0, 0, 0, 0, 0.248889062, -0.131519434, -0.133947949, -0.101737372, 0.0947429904, -0.990247581, 0.641357422, -0.754638672, -0.138061523, -0.760405501, -0.649170463, 0.0159631556, 3, 1, 
198.227915, 0.1, 0.1, 0.133900086, 0.187028402, -0.0199588767, -6.96062977e-005, 0.573337048, 0.819319611, -4.91954353e-005, 0.81931961, -0.573337052, -0.999999996, -8.02146544e-005, -2.8824239e-005, -4.37117779e-005, 0.573336954, 0.819319678, -7.24370461e-005, 0.819319675, -0.573336956, -0.999999996, -8.4410675e-005, 5.71691566e-006, -0, 0, 0, 0, 0, 0, 0, 0.173640503, -0.167170776, -0.174242554, -0.132073847, 0.794573773, -0.592576014, -0.634765625, 0.391357422, 0.666137695, 0.761110537, 0.464303364, 0.45288939, 0, 0, 0, 0, 0, 0, 0, 0.248889062, -0.131519434, -0.133947949, -0.101737372, 0.0947429904, -0.990247581, 0.641357422, -0.754638672, -0.138061523, -0.760405501, -0.649170463, 0.0159631556, 3, 1, 
198.228834, 0.1, 0.1, 0.133900086, 0.18702841, -0.0199590826, 6.37186716e-005, 0.573338156, 0.819318836, 5.96227796e-005, 0.819318834, -0.573338159, -0.999999996, 8.53824123e-005, 1.80218932e-005, 4.34711337e-005, 0.573337878, 0.819319032, 5.66136115e-005, 0.81931903, -0.573337879, -0.999999997, 7.1308257e-005, 3.15799922e-006, -0, 0, 0, 0, 0, 0, 0, 0.173640503, -0.167170776, -0.174242554, -0.132073847, 0.794573773, -0.592576014, -0.634765625, 0.391357422, 0.666137695, 0.761110537, 0.464303364, 0.45288939, 0, 0, 0, 0, 0, 0, 0, 0.248889062, -0.131519434, -0.133947949, -0.101737372, 0.0947429904, -0.990247581, 0.641357422, -0.754638672, -0.138061523, -0.760405501, -0.649170463, 0.0159631556, 3, 1, 
198.229683, 0.1, 0.1, 0.13390009, 0.187028411, -0.0199600736, -2.46108075e-005, 0.573339233, 0.819318084, -5.71799934e-005, 0.819318082, -0.573339233, -0.999999998, -6.09589442e-005, 1.26194539e-005, -5.57798997e-006, 0.573339043, 0.819318217, -3.10786157e-005, 0.819318217, -0.573339043, -1, -2.86613554e-005, 1.3248435e-005, -0, 0, 0, 0, 0, 0, 0, 0.173640503, -0.167170776, -0.174242554, -0.132073847, 0.794573773, -0.592576014, -0.634765625, 0.391357422, 0.666137695, 0.761110537, 0.464303364, 0.45288939, 0, 0, 0, 0, 0, 0, 0, 0.248889062, -0.131519434, -0.133947949, -0.101737372, 0.0947429904, -0.990247581, 0.641357422, -0.754638672, -0.138061523, -0.760405501, -0.649170463, 0.0159631556, 3, 1, 
198.230529, 0.1, 0.1, 0.133900085, 0.187028402, -0.0199621312, 8.4176003e-006, 0.573340196, 0.819317411, 1.99915017e-005, 0.819317411, -0.573340196, -1, 2.1205534e-005, -4.565245e-006, -5.23918269e-006, 0.573340057, 0.819317508, -2.55544337e-005, 0.819317508, -0.573340057, -1, -2.39410282e-005, 1.03588264e-005, -0, 0, 0, 0, 0, 0, 0, 0.173640503, -0.167170776, -0.174242554, -0.132073847, 0.794573773, -0.592576014, -0.634765625, 0.391357422, 0.666137695, 0.761110537, 0.464303364, 0.45288939, 0, 0, 0, 0, 0, 0, 0, 0.248889062, -0.131519434, -0.133947949, -0.101737372, 0.0947429904, -0.990247581, 0.641357422, -0.754638672, -0.138061523, -0.760405501, -0.649170463, 0.0159631556, 3, 1, 
198.231472, 0.1, 0.1, 0.133900093, 0.187028413, -0.0199635892, -6.12575186e-007, 0.573341182, 0.819316721, 1.5133828e-005, 0.81931672, -0.573341182, -1, 1.20481837e-005, -9.17873992e-006, 1.77143755e-005, 0.573341034, 0.819316824, 4.04171576e-005, 0.819316823, -0.573341034, -0.999999999, 4.32708356e-005, -8.65912908e-006, -0, 0, 0, 0, 0, 0, 0, 0.174729614, -0.168086206, -0.173825854, -0.132594309, 0.794085512, -0.593134668, -0.634887695, 0.391479492, 0.666015625, 0.760945786, 0.465122248, 0.452483504, 0, 0, 0, 0, 0, 0, 0, 0.249783496, -0.132675244, -0.133443359, -0.102848576, 0.0886532208, -0.990681415, 0.645263672, -0.751953125, -0.134277344, -0.756840012, -0.653124576, 0.0200908099, 3, 1, 
198.232316, 0.1, 0.1, 0.133900085, 0.187028401, -0.0199641479, -2.42510901e-005, 0.57334191, 0.819316211, -4.29141986e-005, 0.81931621, -0.57334191, -0.999999999, -4.90644649e-005, 4.73519741e-006, -4.57123697e-005, 0.573341751, 0.819316322, -5.05797473e-005, 0.81931632, -0.573341752, -0.999999998, -6.76496227e-005, -8.45340969e-006, -0, 0, 0, 0, 0, 0, 0, 0.174729614, -0.168086206, -0.173825854, -0.132594309, 0.794085512, -0.593134668, -0.634887695, 0.391479492, 0.666015625, 0.760945786, 0.465122248, 0.452483504, 0, 0, 0, 0, 0, 0, 0, 0.249783496, -0.132675244, -0.133443359, -0.102848576, 0.0886532208, -0.990681415, 0.645263672, -0.751953125, -0.134277344, -0.756840012, -0.653124576, 0.0200908099, 3, 1, 
198.233175, 0.1, 0.1, 0.133900091, 0.187028409, -0.0199643542, 3.84414543e-005, 0.573342521, 0.819315783, 5.30753178e-005, 0.819315781, -0.573342522, -0.999999998, 6.55255659e-005, 1.06535361e-006, 4.10655108e-005, 0.573342376, 0.819315884, 5.49540215e-005, 0.819315882, -0.573342378, -0.999999998, 6.85693003e-005, 2.13815592e-006, -0, 0, 0, 0, 0, 0, 0, 0.174729614, -0.168086206, -0.173825854, -0.132594309, 0.794085512, -0.593134668, -0.634887695, 0.391479492, 0.666015625, 0.760945786, 0.465122248, 0.452483504, 0, 0, 0, 0, 0, 0, 0, 0.249783496, -0.132675244, -0.133443359, -0.102848576, 0.0886532208, -0.990681415, 0.645263672, -0.751953125, -0.134277344, -0.756840012, -0.653124576, 0.0200908099, 3, 1, 
198.234063, 0.1, 0.1, 0.13390009, 0.187028405, -0.0199633907, -7.6255766e-006, 0.573342884, 0.81931553, -7.84061856e-005, 0.819315527, -0.573342882, -0.999999997, -6.86114756e-005, 3.87058752e-005, -1.16525133e-005, 0.573342872, 0.819315538, -6.30193103e-005, 0.819315536, -0.573342871, -0.999999998, -5.83135855e-005, 2.65845871e-005, -0, 0, 0, 0, 0, 0, 0, 0.174729614, -0.168086206, -0.173825854, -0.132594309, 0.794085512, -0.593134668, -0.634887695, 0.391479492, 0.666015625, 0.760945786, 0.465122248, 0.452483504, 0, 0, 0, 0, 0, 0, 0, 0.249783496, -0.132675244, -0.133443359, -0.102848576, 0.0886532208, -0.990681415, 0.645263672, -0.751953125, -0.134277344, -0.756840012, -0.653124576, 0.0200908099, 3, 1, 
198.234905, 0.1, 0.1, 0.13390009, 0.187028404, -0.0199624132, 2.41793991e-005, 0.573343024, 0.819315432, 6.69906025e-005, 0.819315429, -0.573343024, -0.999999997, 6.87495242e-005, -1.85980399e-005, 6.17532108e-006, 0.573342942, 0.819315489, 4.31665306e-005, 0.819315488, -0.573342942, -0.999999999, 3.89075839e-005, -1.96896895e-005, -0, 0, 0, 0, 0, 0, 0, 0.174729614, -0.168086206, -0.173825854, -0.132594309, 0.794085512, -0.593134668, -0.634887695, 0.391479492, 0.666015625, 0.760945786, 0.465122248, 0.452483504, 0, 0, 0, 0, 0, 0, 0, 0.249783496, -0.132675244, -0.133443359, -0.102848576, 0.0886532208, -0.990681415, 0.645263672, -0.751953125, -0.134277344, -0.756840012, -0.653124576, 0.0200908099, 3, 1, 
198.235795, 0.1, 0.1, 0.1339001, 0.187028408, -0.0199615987, -8.89923948e-006, 0.573343859, 0.819314847, -3.33584329e-005, 0.819314847, -0.573343859, -0.999999999, -3.24333837e-005, 1.18345736e-005, 3.96022921e-005, 0.573343612, 0.81931502, -7.10244012e-007, 0.81931502, -0.573343612, -0.999999999, 2.21238076e-005, 3.28539666e-005, -0, 0, 0, 0, 0, 0, 0, 0.174729614, -0.168086206, -0.173825854, -0.132594309, 0.794085512, -0.593134668, -0.634887695, 0.391479492, 0.666015625, 0.760945786, 0.465122248, 0.452483504, 0, 0, 0, 0, 0, 0, 0, 0.249783496, -0.132675244, -0.133443359, -0.102848576, 0.0886532208, -0.990681415, 0.645263672, -0.751953125, -0.134277344, -0.756840012, -0.653124576, 0.0200908099, 3, 1, 
198.236693, 0.1, 0.1, 0.133900085, 0.1870284, -0.0199600762, -9.72949517e-006, 0.57334535, 0.819313804, -1.15265131e-005, 0.819313804, -0.57334535, -1, -1.50221921e-005, -1.362837e-006, -5.48144162e-005, 0.57334507, 0.819313998, -2.60888343e-005, 0.819313999, -0.573345072, -0.999999998, -5.28025225e-005, -2.9952314e-005, -0, 0, 0, 0, 0, 0, 0, 0.175550464, -0.169736304, -0.173076562, -0.12966849, 0.79240356, -0.595920823, -0.635009766, 0.395263672, 0.663696289, 0.761471117, 0.464647092, 0.452059644, 0, 0, 0, 0, 0, 0, 0, 0.250410742, -0.134038428, -0.132482031, -0.103998427, 0.0820782115, -0.991191808, 0.647094727, -0.751098633, -0.130004883, -0.755242468, -0.654797579, 0.0249468739, 3, 1, 
198.237546, 0.1, 0.1, 0.133900108, 0.187028405, -0.0199597129, 8.06422541e-005, 0.573346633, 0.819312903, 2.76558297e-005, 0.819312904, -0.573346636, -0.999999996, 6.88947432e-005, 5.02148625e-005, 0.000109089736, 0.5733464, 0.819313062, 3.17399765e-005, 0.819313065, -0.573346406, -0.999999994, 8.85511852e-005, 7.11806445e-005, -0, 0, 0, 0, 0, 0, 0, 0.175550464, -0.169736304, -0.173076562, -0.12966849, 0.79240356, -0.595920823, -0.635009766, 0.395263672, 0.663696289, 0.761471117, 0.464647092, 0.452059644, 0, 0, 0, 0, 0, 0, 0, 0.250410742, -0.134038428, -0.132482031, -0.103998427, 0.0820782115, -0.991191808, 0.647094727, -0.751098633, -0.130004883, -0.755242468, -0.654797579, 0.0249468739, 3, 1, 
198.238449, 0.1, 0.1, 0.133900091, 0.187028404, -0.0199601499, -0.00011077773, 0.573347748, 0.819312119, -1.85507969e-005, 0.819312122, -0.573347753, -0.999999994, -7.87130553e-005, -8.01254796e-005, -0.000114224533, 0.573347559, 0.81931225, -1.42834543e-005, 0.819312255, -0.573347564, -0.999999993, -7.71929667e-005, -8.53961758e-005, -0, 0, 0, 0, 0, 0, 0, 0.175550464, -0.169736304, -0.173076562, -0.12966849, 0.79240356, -0.595920823, -0.635009766, 0.395263672, 0.663696289, 0.761471117, 0.464647092, 0.452059644, 0, 0, 0, 0, 0, 0, 0, 0.250410742, -0.134038428, -0.132482031, -0.103998427, 0.0820782115, -0.991191808, 0.647094727, -0.751098633, -0.130004883, -0.755242468, -0.654797579, 0.0249468739, 3, 1, 
198.239321, 0.1, 0.1, 0.133900095, 0.187028401, -0.0199607691, 9.32288551e-005, 0.573348587, 0.819311534, -2.61822745e-006, 0.819311537, -0.573348589, -0.999999996, 5.13074886e-005, 7.78846336e-005, 7.477982e-005, 0.573348437, 0.819311641, -4.5790253e-006, 0.819311643, -0.573348438, -0.999999997, 3.91232442e-005, 6.38933542e-005, -0, 0, 0, 0, 0, 0, 0, 0.175550464, -0.169736304, -0.173076562, -0.12966849, 0.79240356, -0.595920823, -0.635009766, 0.395263672, 0.663696289, 0.761471117, 0.464647092, 0.452059644, 0, 0, 0, 0, 0, 0, 0, 0.250584912, -0.135634863, -0.131508984, -0.105282438, 0.0753945604, -0.991606319, 0.648925781, -0.750366211, -0.125854492, -0.753536282, -0.656604744, 0.0300585008, 3, 1, 
198.24017, 0.1, 0.1, 0.133900097, 0.187028398, -0.0199621157, -8.75048931e-005, 0.573349256, 0.819311066, -2.18809684e-005, 0.819311068, -0.573349259, -0.999999996, -6.80981852e-005, -5.91482905e-005, -4.65132986e-005, 0.573349133, 0.819311156, -1.86041588e-005, 0.819311156, -0.573349134, -0.999999999, -4.19109543e-005, -2.74421861e-005, -0, 0, 0, 0, 0, 0, 0, 0.175550464, -0.169736304, -0.173076562, -0.12966849, 0.79240356, -0.595920823, -0.635009766, 0.395263672, 0.663696289, 0.761471117, 0.464647092, 0.452059644, 0, 0, 0, 0, 0, 0, 0, 0.250584912, -0.135634863, -0.131508984, -0.105282438, 0.0753945604, -0.991606319, 0.648925781, -0.750366211, -0.125854492, -0.753536282, -0.656604744, 0.0300585008, 3, 1, 
198.241095, 0.1, 0.1, 0.133900083, 0.187028397, -0.0199630187, 3.45300751e-005, 0.573350005, 0.819310546, 2.29712788e-005, 0.819310546, -0.573350006, -0.999999999, 3.86184297e-005, 1.51202719e-005, -2.57957071e-005, 0.573349868, 0.819310642, 1.01578304e-005, 0.819310642, -0.573349868, -1, -6.46754669e-006, -2.69586881e-005, -0, 0, 0, 0, 0, 0, 0, 0.176345557, -0.171383716, -0.172099268, -0.127244037, 0.790759799, -0.598605507, -0.634887695, 0.398803711, 0.661743164, 0.761952265, 0.46441307, 0.451496121, 0, 0, 0, 0, 0, 0, 0, 0.250584912, -0.135634863, -0.131508984, -0.105282438, 0.0753945604, -0.991606319, 0.648925781, -0.750366211, -0.125854492, -0.753536282, -0.656604744, 0.0300585008, 3, 1, 
198.241942, 0.1, 0.1, 0.133900099, 0.187028404, -0.0199633007, 2.13347869e-005, 0.573350663, 0.819310086, 1.18699242e-005, 0.819310086, -0.573350663, -1, 2.19574629e-005, 1.06741772e-005, 6.36355987e-005, 0.573350529, 0.819310177, 2.37318082e-005, 0.819310178, -0.573350531, -0.999999998, 5.59292163e-005, 3.85306489e-005, -0, 0, 0, 0, 0, 0, 0, 0.176345557, -0.171383716, -0.172099268, -0.127244037, 0.790759799, -0.598605507, -0.634887695, 0.398803711, 0.661743164, 0.761952265, 0.46441307, 0.451496121, 0, 0, 0, 0, 0, 0, 0, 0.250584912, -0.135634863, -0.131508984, -0.105282438, 0.0753945604, -0.991606319, 0.648925781, -0.750366211, -0.125854492, -0.753536282, -0.656604744, 0.0300585008, 3, 1, 
198.242788, 0.1, 0.1, 0.133900082, 0.187028399, -0.019963468, -6.61061892e-005, 0.573351262, 0.819309664, -1.8880467e-005, 0.819309665, -0.573351264, -0.999999998, -5.33710162e-005, -4.33363001e-005, -9.0245901e-005, 0.573351152, 0.819309739, -2.2895344e-005, 0.819309741, -0.573351156, -0.999999996, -7.050097e-005, -6.08122739e-005, -0, 0, 0, 0, 0, 0, 0, 0.176345557, -0.171383716, -0.172099268, -0.127244037, 0.790759799, -0.598605507, -0.634887695, 0.398803711, 0.661743164, 0.761952265, 0.46441307, 0.451496121, 0, 0, 0, 0, 0, 0, 0, 0.250584912, -0.135634863, -0.131508984, -0.105282438, 0.0753945604, -0.991606319, 0.648925781, -0.750366211, -0.125854492, -0.753536282, -0.656604744, 0.0300585008, 3, 1, 
198.243758, 0.1, 0.1, 0.133900103, 0.187028402, -0.0199620477, 0.000110856074, 0.573351822, 0.819309267, 2.27929654e-005, 0.819309271, -0.573351828, -0.999999994, 8.22340204e-005, 7.77570208e-005, 0.000118338652, 0.573351733, 0.819309329, 2.25815991e-005, 0.819309333, -0.573351739, -0.999999993, 8.63509865e-005, 8.40087628e-005, -0, 0, 0, 0, 0, 0, 0, 0.177901294, -0.171958862, -0.170499365, -0.127106617, 0.7879508, -0.602399264, -0.640380859, 0.398681641, 0.656494141, 0.757357599, 0.469307282, 0.454074464, 0, 0, 0, 0, 0, 0, 0, 0.251505469, -0.136838281, -0.130544482, -0.105671796, 0.06819322, -0.99195703, 0.651733398, -0.748657227, -0.120849609, -0.750999609, -0.659325519, 0.0345631198, 3, 1, 
198.244642, 0.1, 0.1, 0.133900097, 0.187028401, -0.0199600012, -0.000106360066, 0.573352261, 0.819308961, -2.0374939e-005, 0.819308964, -0.573352266, -0.999999994, -7.76751547e-005, -7.54597378e-005, -8.68251539e-005, 0.573352183, 0.819309018, -1.72574743e-005, 0.81930902, -0.573352186, -0.999999996, -6.39205961e-005, -6.12420212e-005, -0, 0, 0, 0, 0, 0, 0, 0.177901294, -0.171958862, -0.170499365, -0.127106617, 0.7879508, -0.602399264, -0.640380859, 0.398681641, 0.656494141, 0.757357599, 0.469307282, 0.454074464, 0, 0, 0, 0, 0, 0, 0, 0.251505469, -0.136838281, -0.130544482, -0.105671796, 0.06819322, -0.99195703, 0.651733398, -0.748657227, -0.120849609, -0.750999609, -0.659325519, 0.0345631198, 3, 1, 
198.245546, 0.1, 0.1, 0.133900094, 0.1870284, -0.0199586898, 9.39299623e-005, 0.573352664, 0.819308681, 1.63929447e-005, 0.819308683, -0.573352667, -0.999999995, 6.72858763e-005, 6.75586953e-005, 4.50567371e-005, 0.573352585, 0.81930874, 7.4172807e-006, 0.81930874, -0.573352586, -0.999999999, 3.19104397e-005, 3.26626615e-005, -0, 0, 0, 0, 0, 0, 0, 0.177901294, -0.171958862, -0.170499365, -0.127106617, 0.7879508, -0.602399264, -0.640380859, 0.398681641, 0.656494141, 0.757357599, 0.469307282, 0.454074464, 0, 0, 0, 0, 0, 0, 0, 0.251505469, -0.136838281, -0.130544482, -0.105671796, 0.06819322, -0.99195703, 0.651733398, -0.748657227, -0.120849609, -0.750999609, -0.659325519, 0.0345631198, 3, 1, 
198.246425, 0.1, 0.1, 0.133900109, 0.187028402, -0.0199580974, -4.53835808e-005, 0.573352999, 0.81930845, -8.80731723e-006, 0.819308451, -0.573353, -0.999999999, -3.32367216e-005, -3.21334495e-005, 2.61715997e-005, 0.573352938, 0.819308494, 3.89490501e-006, 0.819308494, -0.573352938, -1, 1.81966923e-005, 1.92094587e-005, -0, 0, 0, 0, 0, 0, 0, 0.177901294, -0.171958862, -0.170499365, -0.127106617, 0.7879508, -0.602399264, -0.640380859, 0.398681641, 0.656494141, 0.757357599, 0.469307282, 0.454074464, 0, 0, 0, 0, 0, 0, 0, 0.251505469, -0.136838281, -0.130544482, -0.105671796, 0.06819322, -0.99195703, 0.651733398, -0.748657227, -0.120849609, -0.750999609, -0.659325519, 0.0345631198, 3, 1, 
198.247272, 0.1, 0.1, 0.133900088, 0.187028398, -0.0199592305, -3.83286161e-005, 0.573353293, 0.819308245, -9.07027556e-006, 0.819308245, -0.573353293, -0.999999999, -2.94071898e-005, -2.62024789e-005, -8.51982403e-005, 0.573353239, 0.819308279, -1.46072348e-005, 0.819308281, -0.573353242, -0.999999996, -6.08165158e-005, -6.14285184e-005, -0, 0, 0, 0, 0, 0, 0, 0.177901294, -0.171958862, -0.170499365, -0.127106617, 0.7879508, -0.602399264, -0.640380859, 0.398681641, 0.656494141, 0.757357599, 0.469307282, 0.454074464, 0, 0, 0, 0, 0, 0, 0, 0.251505469, -0.136838281, -0.130544482, -0.105671796, 0.06819322, -0.99195703, 0.651733398, -0.748657227, -0.120849609, -0.750999609, -0.659325519, 0.0345631198, 3, 1, 
198.248215, 0.1, 0.1, 0.133900107, 0.1870284, -0.0199612402, 5.96458498e-005, 0.573353539, 0.819308071, 9.52541186e-006, 0.819308072, -0.573353541, -0.999999998, 4.2002406e-005, 4.34068976e-005, 8.9424317e-005, 0.573353492, 0.819308102, 1.15826508e-005, 0.819308104, -0.573353495, -0.999999996, 6.07615043e-005, 6.66251144e-005, -0, 0, 0, 0, 0, 0, 0, 0.179707373, -0.173217285, -0.168697217, -0.126448736, 0.78488157, -0.606592914, -0.645629883, 0.399169922, 0.651000977, 0.752927683, 0.474119118, 0.45646896, 0, 0, 0, 0, 0, 0, 0, 0.251505469, -0.136838281, -0.130544482, -0.105613827, 0.0611515607, -0.992512266, 0.655029297, -0.746582031, -0.115722656, -0.748047691, -0.662397738, 0.0386780143, 3, 1, 
