time, realDorsalTactorPos, realVentralTactorPos, boxPosX, boxPosY, boxPosZ, boxLocalRot_11, boxLocalRot_12, boxLocalRot_13, boxLocalRot_21, boxLocalRot_22, boxLocalRot_23, boxLocalRot_31, boxLocalRot_32, boxLocalRot_33, boxGlobalRot_11, boxGlobalRot_12, boxGlobalRot_13, boxGlobalRot_21, boxGlobalRot_22, boxGlobalRot_23, boxGlobalRot_31, boxGlobalRot_32, boxGlobalRot_33, indexForceX, indexForceY, indexForceZ, indexForceGlobalX, indexForceGlobalY, indexForceGlobalZ, indexContact, indexPosX, indexPosY, indexPosZ, indexRot_11, indexRot_12, indexRot_13, indexRot_21, indexRot_22, indexRot_23, indexRot_31, indexRot_32, indexRot_33, thumbForceX, thumbForceY, thumbForceZ, thumbForceGlobalX, thumbForceGlobalY, thumbForceGlobalZ, thumbContact, thumbPosX, thumbPosY, thumbPosZ, thumbRot_11, thumbRot_12, thumbRot_13, thumbRot_21, thumbRot_22, thumbRot_23, thumbRot_31, thumbRot_32, thumbRot_33, mapping, trialSuccess, 
296.300253, 0.1, 0.1, 0.125039464, 0.190157409, -0.0199509216, 0.862198092, -0.506571267, -4.7143129e-005, 0.506571269, 0.862198091, 4.22585372e-005, 1.92397551e-005, -6.03165848e-005, 0.999999998, 0.862197371, -0.506572489, -8.67570258e-005, 0.506572492, 0.862197373, 8.92162992e-006, 7.02822275e-005, -5.16409286e-005, 0.999999996, 0, 0, 0, 0, 0, 0, 0, 0.155454248, -0.193107544, -0.139162988, -0.199741747, 0.674373992, -0.71068444, -0.614501953, 0.478759766, 0.627075195, 0.763053052, 0.562192793, 0.318959888, 0, 0, 0, 0, 0, 0, 0, 0.240020752, -0.144690771, -0.103306104, -0.127157454, 0.222156876, -0.966587029, 0.415893555, -0.872802734, -0.255249023, -0.900426351, -0.434357937, 0.0185727225, 5, 1, 
296.318548, 0.1, 0.1, 0.125039371, 0.190157383, -0.0199525391, 0.862228096, -0.506520197, -1.51386505e-005, 0.506520196, 0.862228096, -2.50758224e-005, 2.57543803e-005, 1.39530463e-005, 1, 0.86222803, -0.506520309, -1.06903711e-005, 0.506520309, 0.86222803, -1.15902758e-005, 1.50882477e-005, 4.57857061e-006, 1, 0, 0, 0, 0, 0, 0, 0, 0.155659985, -0.200201733, -0.133431299, -0.208602701, 0.675011273, -0.707664263, -0.616088867, 0.471313477, 0.631103516, 0.75938922, 0.567777087, 0.317739987, 0, 0, 0, 0, 0, 0, 0, 0.242324512, -0.150979395, -0.0973406738, -0.140477347, 0.213169125, -0.966873209, 0.439941406, -0.861328125, -0.25378418, -0.886974461, -0.460955814, 0.0271346335, 5, 1, 
296.319481, 0.1, 0.1, 0.125039373, 0.190157381, -0.0199531012, 0.862228439, -0.506519614, -1.03411382e-005, 0.506519614, 0.862228439, -1.96560337e-005, 1.887259e-005, 1.17100019e-005, 1, 0.862228379, -0.506519717, -1.67139963e-006, 0.506519716, 0.862228378, 1.96226101e-005, -8.49811073e-006, -1.77657682e-005, 1, 0, 0, 0, 0, 0, 0, 0, 0.158756396, -0.200565967, -0.132790991, -0.217289164, 0.671520427, -0.708386546, -0.625732422, 0.461181641, 0.629150391, 0.749023787, 0.580071216, 0.320202632, 0, 0, 0, 0, 0, 0, 0, 0.242324512, -0.150979395, -0.0973406738, -0.140477347, 0.213169125, -0.966873209, 0.439941406, -0.861328125, -0.25378418, -0.886974461, -0.460955814, 0.0271346335, 5, 1, 
296.320363, 0.1, 0.1, 0.125039374, 0.190157383, -0.0199563569, 0.862228713, -0.506519147, 7.78906526e-006, 0.506519146, 0.862228713, 6.6522393e-006, -1.00854423e-005, -1.79044104e-006, 1, 0.862228662, -0.506519233, 9.59626266e-006, 0.506519233, 0.862228662, 2.02837009e-005, -1.85482573e-005, -1.26284967e-005, 1, 0, 0, 0, 0, 0, 0, 0, 0.158756396, -0.200565967, -0.132790991, -0.217289164, 0.671520427, -0.708386546, -0.625732422, 0.461181641, 0.629150391, 0.749023787, 0.580071216, 0.320202632, 0, 0, 0, 0, 0, 0, 0, 0.242324512, -0.150979395, -0.0973406738, -0.140477347, 0.213169125, -0.966873209, 0.439941406, -0.861328125, -0.25378418, -0.886974461, -0.460955814, 0.0271346335, 5, 1, 
296.321223, 0.1, 0.1, 0.125039375, 0.190157388, -0.0199612881, 0.862228929, -0.50651878, -4.74503368e-006, 0.50651878, 0.862228928, 3.39245287e-005, -1.30921056e-005, -3.16541587e-005, 0.999999999, 0.862228909, -0.506518814, 7.93858481e-006, 0.506518814, 0.862228909, 3.53169037e-007, -7.02376408e-006, 3.71653001e-006, 1, 0, 0, 0, 0, 0, 0, 0, 0.158756396, -0.200565967, -0.132790991, -0.217289164, 0.671520427, -0.708386546, -0.625732422, 0.461181641, 0.629150391, 0.749023787, 0.580071216, 0.320202632, 0, 0, 0, 0, 0, 0, 0, 0.242324512, -0.150979395, -0.0973406738, -0.140477347, 0.213169125, -0.966873209, 0.439941406, -0.861328125, -0.25378418, -0.886974461, -0.460955814, 0.0271346335, 5, 1, 
296.322158, 0.1, 0.1, 0.125039384, 0.190157383, -0.019965698, 0.862228789, -0.506519018, 6.81491273e-006, 0.506519019, 0.862228788, -1.56614106e-005, 2.05678838e-006, 1.6955602e-005, 1, 0.862228835, -0.506518939, -2.87045688e-005, 0.506518939, 0.862228835, 5.14949733e-006, 2.2141589e-005, -1.89794528e-005, 1, 0, 0, 0, 0, 0, 0, 0, 0.160935205, -0.202035547, -0.131737646, -0.222475807, 0.668623061, -0.709516958, -0.628540039, 0.458007812, 0.628662109, 0.745148777, 0.585968159, 0.318527793, 0, 0, 0, 0, 0, 0, 0, 0.243495752, -0.152056689, -0.0968285156, -0.143805863, 0.211794695, -0.966630039, 0.443725586, -0.85925293, -0.254272461, -0.88450122, -0.465396267, 0.0294923032, 5, 1, 
296.323007, 0.1, 0.1, 0.125039373, 0.190157386, -0.0199680216, 0.862228363, -0.506519742, 1.32764242e-005, 0.506519742, 0.862228363, 1.24985081e-005, -1.77780506e-005, -4.05179721e-006, 1, 0.862228451, -0.506519591, 4.71490357e-005, 0.506519591, 0.862228452, -5.34976625e-009, -4.06505303e-005, 2.3886523e-005, 0.999999999, 0, 0, 0, 0, 0, 0, 0, 0.160935205, -0.202035547, -0.131737646, -0.222475807, 0.668623061, -0.709516958, -0.628540039, 0.458007812, 0.628662109, 0.745148777, 0.585968159, 0.318527793, 0, 0, 0, 0, 0, 0, 0, 0.243495752, -0.152056689, -0.0968285156, -0.143805863, 0.211794695, -0.966630039, 0.443725586, -0.85925293, -0.254272461, -0.88450122, -0.465396267, 0.0294923032, 5, 1, 
296.323899, 0.1, 0.1, 0.125039381, 0.19015739, -0.019968125, 0.862227667, -0.506520927, -2.52650594e-006, 0.506520927, 0.862227667, -2.56385446e-005, 1.51648827e-005, 2.08265344e-005, 1, 0.862227841, -0.506520631, -2.57903385e-005, 0.50652063, 0.862227842, -2.86737155e-005, 3.67609763e-005, 1.16599373e-005, 0.999999999, 0, 0, 0, 0, 0, 0, 0, 0.160935205, -0.202035547, -0.131737646, -0.222475807, 0.668623061, -0.709516958, -0.628540039, 0.458007812, 0.628662109, 0.745148777, 0.585968159, 0.318527793, 0, 0, 0, 0, 0, 0, 0, 0.243495752, -0.152056689, -0.0968285156, -0.143805863, 0.211794695, -0.966630039, 0.443725586, -0.85925293, -0.254272461, -0.88450122, -0.465396267, 0.0294923032, 5, 1, 
296.324759, 0.1, 0.1, 0.125039377, 0.190157389, -0.0199657725, 0.862226807, -0.506522392, -1.55953452e-006, 0.506522392, 0.862226807, 1.47919812e-006, 5.95425498e-007, -2.06534342e-006, 1, 0.86222696, -0.50652213, 2.14508702e-005, 0.50652213, 0.86222696, 9.6811123e-006, -2.33992163e-005, 2.51802446e-006, 1, 0, 0, 0, 0, 0, 0, 0, 0.160935205, -0.202035547, -0.131737646, -0.222475807, 0.668623061, -0.709516958, -0.628540039, 0.458007812, 0.628662109, 0.745148777, 0.585968159, 0.318527793, 0, 0, 0, 0, 0, 0, 0, 0.243495752, -0.152056689, -0.0968285156, -0.143805863, 0.211794695, -0.966630039, 0.443725586, -0.85925293, -0.254272461, -0.88450122, -0.465396267, 0.0294923032, 5, 1, 
296.325607, 0.1, 0.1, 0.125039379, 0.190157389, -0.0199626579, 0.862226033, -0.50652371, -3.16666166e-006, 0.50652371, 0.862226033, 8.64001213e-006, -1.64599288e-006, -9.05363259e-006, 1, 0.862226177, -0.506523464, 7.11374892e-007, 0.506523464, 0.862226177, 2.3815416e-005, -1.26764331e-005, -2.0173947e-005, 1, 0, 0, 0, 0, 0, 0, 0, 0.160935205, -0.202035547, -0.131737646, -0.222475807, 0.668623061, -0.709516958, -0.628540039, 0.458007812, 0.628662109, 0.745148777, 0.585968159, 0.318527793, 0, 0, 0, 0, 0, 0, 0, 0.243495752, -0.152056689, -0.0968285156, -0.143805863, 0.211794695, -0.966630039, 0.443725586, -0.85925293, -0.254272461, -0.88450122, -0.465396267, 0.0294923032, 5, 1, 
296.326533, 0.1, 0.1, 0.125039382, 0.190157394, -0.019959172, 0.862225294, -0.506524967, 3.98372098e-006, 0.506524966, 0.862225294, 9.8803565e-006, -8.43951224e-006, -6.50123915e-006, 1, 0.862225449, -0.506524704, -1.90312219e-007, 0.506524704, 0.862225449, 2.09057264e-006, -8.94834651e-007, -1.89894278e-006, 1, 0, 0, 0, 0, 0, 0, 0, 0.160935205, -0.202035547, -0.131737646, -0.227966864, 0.666252148, -0.710044533, -0.630615234, 0.454467773, 0.62902832, 0.741692757, 0.591287352, 0.316757473, 0, 0, 0, 0, 0, 0, 0, 0.243495752, -0.152056689, -0.0968285156, -0.143805863, 0.211794695, -0.966630039, 0.443725586, -0.85925293, -0.254272461, -0.88450122, -0.465396267, 0.0294923032, 5, 1, 
296.327398, 0.1, 0.1, 0.125039384, 0.190157394, -0.019956478, 0.862224689, -0.506525997, -1.20024472e-005, 0.506525997, 0.862224689, 8.96428047e-007, 9.89474217e-006, -6.85247391e-006, 1, 0.862224797, -0.506525813, -1.03886893e-005, 0.506525813, 0.862224797, 1.786883e-005, -9.36380974e-008, -2.06690876e-005, 1, 0, 0, 0, 0, 0, 0, 0, 0.162430005, -0.20347998, -0.130653784, -0.227966864, 0.666252148, -0.710044533, -0.630615234, 0.454467773, 0.62902832, 0.741692757, 0.591287352, 0.316757473, 0, 0, 0, 0, 0, 0, 0, 0.244356494, -0.153173779, -0.0954836914, -0.145032272, 0.209800497, -0.966853519, 0.447875977, -0.857421875, -0.253173828, -0.882175266, -0.469779118, 0.0304507561, 5, 1, 
296.328243, 0.1, 0.1, 0.125039382, 0.190157397, -0.0199563955, 0.862224001, -0.506527167, -2.82023104e-005, 0.506527167, 0.862224001, 2.26098869e-005, 1.2864187e-005, -3.37800236e-005, 0.999999999, 0.862224147, -0.50652692, 1.44203356e-005, 0.50652692, 0.862224147, 3.55308805e-006, -1.42332963e-005, 4.24072987e-006, 1, 0, 0, 0, 0, 0, 0, 0, 0.162430005, -0.20347998, -0.130653784, -0.227966864, 0.666252148, -0.710044533, -0.630615234, 0.454467773, 0.62902832, 0.741692757, 0.591287352, 0.316757473, 0, 0, 0, 0, 0, 0, 0, 0.244356494, -0.153173779, -0.0954836914, -0.145032272, 0.209800497, -0.966853519, 0.447875977, -0.857421875, -0.253173828, -0.882175266, -0.469779118, 0.0304507561, 5, 1, 
296.329166, 0.1, 0.1, 0.125039387, 0.190157393, -0.0199580548, 0.862223397, -0.506528195, 2.15615305e-005, 0.506528195, 0.862223397, -3.68603113e-005, 7.99308726e-008, 4.27033459e-005, 0.999999999, 0.862223468, -0.506528075, 8.95487542e-006, 0.506528075, 0.862223468, 8.44592627e-006, -1.19992025e-005, -2.74638003e-006, 1, 0, 0, 0, 0, 0, 0, 0, 0.162430005, -0.20347998, -0.130653784, -0.227966864, 0.666252148, -0.710044533, -0.630615234, 0.454467773, 0.62902832, 0.741692757, 0.591287352, 0.316757473, 0, 0, 0, 0, 0, 0, 0, 0.244356494, -0.153173779, -0.0954836914, -0.145032272, 0.209800497, -0.966853519, 0.447875977, -0.857421875, -0.253173828, -0.882175266, -0.469779118, 0.0304507561, 5, 1, 
296.330038, 0.1, 0.1, 0.12503938, 0.190157405, -0.0199607531, 0.862223013, -0.506528849, 1.79790808e-005, 0.506528849, 0.862223013, 5.1667067e-006, -1.81190632e-005, 4.65206967e-006, 1, 0.862223097, -0.506528707, 3.54205712e-005, 0.506528708, 0.862223096, -2.90353124e-005, -1.58332153e-005, 4.29764531e-005, 0.999999999, 0, 0, 0, 0, 0, 0, 0, 0.162430005, -0.20347998, -0.130653784, -0.227966864, 0.666252148, -0.710044533, -0.630615234, 0.454467773, 0.62902832, 0.741692757, 0.591287352, 0.316757473, 0, 0, 0, 0, 0, 0, 0, 0.244356494, -0.153173779, -0.0954836914, -0.145032272, 0.209800497, -0.966853519, 0.447875977, -0.857421875, -0.253173828, -0.882175266, -0.469779118, 0.0304507561, 5, 1, 
296.330892, 0.1, 0.1, 0.125039394, 0.190157392, -0.0199638114, 0.862222379, -0.506529927, -5.18744666e-005, 0.506529929, 0.862222377, 6.09149643e-005, 1.38720735e-005, -7.87982153e-005, 0.999999997, 0.862222509, -0.506529703, -7.4240956e-005, 0.506529708, 0.862222506, 6.76780941e-005, 2.97312582e-005, -9.59588258e-005, 0.999999995, 0, 0, 0, 0, 0, 0, 0, 0.162430005, -0.20347998, -0.130653784, -0.227966864, 0.666252148, -0.710044533, -0.630615234, 0.454467773, 0.62902832, 0.741692757, 0.591287352, 0.316757473, 0, 0, 0, 0, 0, 0, 0, 0.244356494, -0.153173779, -0.0954836914, -0.145032272, 0.209800497, -0.966853519, 0.447875977, -0.857421875, -0.253173828, -0.882175266, -0.469779118, 0.0304507561, 5, 1, 
296.331782, 0.1, 0.1, 0.12503939, 0.190157394, -0.0199659621, 0.862222023, -0.506530535, 1.36947879e-005, 0.506530535, 0.862222022, -4.46265495e-005, 1.07967623e-005, 4.5414822e-005, 0.999999999, 0.86222205, -0.506530488, 3.59078596e-005, 0.506530489, 0.862222049, -3.29103608e-005, -1.42904471e-005, 4.65644645e-005, 0.999999999, 0, 0, 0, 0, 0, 0, 0, 0.162859741, -0.205021802, -0.130115503, -0.232663002, 0.666582771, -0.70809748, -0.62890625, 0.452270508, 0.632324219, 0.741695001, 0.592594498, 0.314224436, 0, 0, 0, 0, 0, 0, 0, 0.244608154, -0.154141455, -0.0947385254, -0.148712233, 0.209991528, -0.966316507, 0.451171875, -0.854980469, -0.255249023, -0.879861706, -0.473932292, 0.0323483391, 5, 1, 
296.332633, 0.1, 0.1, 0.125039393, 0.19015739, -0.0199665968, 0.862222139, -0.506530337, -5.45078689e-006, 0.506530336, 0.862222137, 7.38942626e-005, -3.27298966e-005, -6.64742581e-005, 0.999999997, 0.862222089, -0.506530423, -1.22554136e-005, 0.506530423, 0.862222087, 6.040712e-005, -2.00311557e-005, -5.8292093e-005, 0.999999998, 0, 0, 0, 0, 0, 0, 0, 0.162859741, -0.205021802, -0.130115503, -0.232663002, 0.666582771, -0.70809748, -0.62890625, 0.452270508, 0.632324219, 0.741695001, 0.592594498, 0.314224436, 0, 0, 0, 0, 0, 0, 0, 0.244608154, -0.154141455, -0.0947385254, -0.148712233, 0.209991528, -0.966316507, 0.451171875, -0.854980469, -0.255249023, -0.879861706, -0.473932292, 0.0323483391, 5, 1, 
296.333479, 0.1, 0.1, 0.125039393, 0.19015739, -0.0199659303, 0.862222344, -0.506529989, 2.22155244e-005, 0.506529989, 0.862222342, -6.12731395e-005, 1.18819612e-005, 6.40838992e-005, 0.999999998, 0.862222337, -0.506530001, 5.99749127e-006, 0.506530001, 0.862222336, -3.82754595e-005, 1.42164976e-005, 3.60398654e-005, 0.999999999, 0, 0, 0, 0, 0, 0, 0, 0.162859741, -0.205021802, -0.130115503, -0.232663002, 0.666582771, -0.70809748, -0.62890625, 0.452270508, 0.632324219, 0.741695001, 0.592594498, 0.314224436, 0, 0, 0, 0, 0, 0, 0, 0.244608154, -0.154141455, -0.0947385254, -0.148712233, 0.209991528, -0.966316507, 0.451171875, -0.854980469, -0.255249023, -0.879861706, -0.473932292, 0.0323483391, 5, 1, 
296.334366, 0.1, 0.1, 0.125039389, 0.190157401, -0.0199638781, 0.862222323, -0.506530025, -1.37240249e-006, 0.506530025, 0.862222323, 2.19155029e-005, -9.91754416e-006, -1.95911989e-005, 1, 0.862222304, -0.506530056, 6.97903822e-006, 0.506530056, 0.862222304, -2.35356581e-005, 5.90403581e-006, 2.3828062e-005, 1, 0, 0, 0, 0, 0, 0, 0, 0.163113843, -0.206372363, -0.129409033, -0.236344426, 0.666222191, -0.707304804, -0.629150391, 0.449707031, 0.633911133, 0.74030061, 0.594999855, 0.312986561, 0, 0, 0, 0, 0, 0, 0, 0.244704443, -0.155092285, -0.0935654297, -0.15124854, 0.210240161, -0.965824337, 0.454223633, -0.853027344, -0.256713867, -0.877918914, -0.477465698, 0.0335047526, 5, 1, 
296.335218, 0.1, 0.1, 0.125039397, 0.190157396, -0.0199615794, 0.862222195, -0.506530242, -2.42747882e-005, 0.506530242, 0.862222195, -1.3548822e-005, 2.77931492e-005, -6.13819261e-007, 1, 0.862222249, -0.506530148, -4.6745144e-005, 0.506530149, 0.86222225, 1.17576317e-005, 3.43491083e-005, -3.38155164e-005, 0.999999999, 0, 0, 0, 0, 0, 0, 0, 0.163113843, -0.206372363, -0.129409033, -0.236344426, 0.666222191, -0.707304804, -0.629150391, 0.449707031, 0.633911133, 0.74030061, 0.594999855, 0.312986561, 0, 0, 0, 0, 0, 0, 0, 0.244704443, -0.155092285, -0.0935654297, -0.15124854, 0.210240161, -0.965824337, 0.454223633, -0.853027344, -0.256713867, -0.877918914, -0.477465698, 0.0335047526, 5, 1, 
296.336067, 0.1, 0.1, 0.125039383, 0.190157407, -0.0199599701, 0.862221688, -0.506531103, 6.11219019e-005, 0.506531105, 0.862221688, -2.65957533e-005, -3.92290532e-005, 5.38915798e-005, 0.999999998, 0.862221801, -0.506530906, 8.31642366e-005, 0.50653091, 0.862221802, -4.11790506e-005, -5.08475562e-005, 7.76307317e-005, 0.999999996, 0, 0, 0, 0, 0, 0, 0, 0.163113843, -0.206372363, -0.129409033, -0.236344426, 0.666222191, -0.707304804, -0.629150391, 0.449707031, 0.633911133, 0.74030061, 0.594999855, 0.312986561, 0, 0, 0, 0, 0, 0, 0, 0.244704443, -0.155092285, -0.0935654297, -0.15124854, 0.210240161, -0.965824337, 0.454223633, -0.853027344, -0.256713867, -0.877918914, -0.477465698, 0.0335047526, 5, 1, 
296.336957, 0.1, 0.1, 0.125039401, 0.1901574, -0.019959029, 0.862221082, -0.506532126, -0.000100031472, 0.506532133, 0.862221083, 5.24647523e-005, 5.96741616e-005, -9.59053704e-005, 0.999999994, 0.862221184, -0.506531952, -0.000108424357, 0.506531959, 0.862221185, 5.16349123e-005, 6.73310446e-005, -9.9441117e-005, 0.999999993, 0, 0, 0, 0, 0, 0, 0, 0.163113843, -0.206372363, -0.129409033, -0.236344426, 0.666222191, -0.707304804, -0.629150391, 0.449707031, 0.633911133, 0.74030061, 0.594999855, 0.312986561, 0, 0, 0, 0, 0, 0, 0, 0.244704443, -0.155092285, -0.0935654297, -0.15124854, 0.210240161, -0.965824337, 0.454223633, -0.853027344, -0.256713867, -0.877918914, -0.477465698, 0.0335047526, 5, 1, 
296.337879, 0.1, 0.1, 0.125039399, 0.190157402, -0.0199585974, 0.86222076, -0.506532682, 5.18998801e-005, 0.506532685, 0.862220758, -5.61431711e-005, -1.6310803e-005, 7.46967933e-005, 0.999999997, 0.862220773, -0.506532661, 5.54271706e-005, 0.506532663, 0.862220772, -3.44075703e-005, -3.03618997e-005, 5.77425941e-005, 0.999999998, 0, 0, 0, 0, 0, 0, 0, 0.163113843, -0.206372363, -0.129409033, -0.236344426, 0.666222191, -0.707304804, -0.629150391, 0.449707031, 0.633911133, 0.74030061, 0.594999855, 0.312986561, 0, 0, 0, 0, 0, 0, 0, 0.244704443, -0.155092285, -0.0935654297, -0.15124854, 0.210240161, -0.965824337, 0.454223633, -0.853027344, -0.256713867, -0.877918914, -0.477465698, 0.0335047526, 5, 1, 
296.338771, 0.1, 0.1, 0.1250394, 0.190157404, -0.019959345, 0.862220934, -0.506532388, -2.69409268e-005, 0.506532389, 0.862220931, 6.73876878e-005, -1.09050154e-005, -7.17495271e-005, 0.999999997, 0.86222089, -0.506532463, -1.40511135e-005, 0.506532464, 0.862220889, 3.47075319e-005, -5.46532811e-006, -3.70429042e-005, 0.999999999, 0, 0, 0, 0, 0, 0, 0, 0.163317041, -0.207450122, -0.128851221, -0.241053669, 0.666870333, -0.705046224, -0.628417969, 0.446411133, 0.637084961, 0.739439786, 0.596751078, 0.311640101, 0, 0, 0, 0, 0, 0, 0, 0.244704443, -0.155092285, -0.0935654297, -0.154890222, 0.211325845, -0.965019002, 0.456665039, -0.850830078, -0.259643555, -0.875969559, -0.480788384, 0.0351850519, 5, 1, 
296.339617, 0.1, 0.1, 0.12503941, 0.190157398, -0.0199609008, 0.862220903, -0.506532441, 1.23021753e-005, 0.506532441, 0.862220903, -2.39798913e-005, 1.53940024e-006, 2.69074144e-005, 1, 0.862220942, -0.506532375, -3.16990471e-005, 0.506532375, 0.862220942, 7.1357943e-006, 2.37170715e-005, -2.22092249e-005, 0.999999999, 0, 0, 0, 0, 0, 0, 0, 0.163317041, -0.207450122, -0.128851221, -0.241053669, 0.666870333, -0.705046224, -0.628417969, 0.446411133, 0.637084961, 0.739439786, 0.596751078, 0.311640101, 0, 0, 0, 0, 0, 0, 0, 0.244727734, -0.156206543, -0.0930303223, -0.154890222, 0.211325845, -0.965019002, 0.456665039, -0.850830078, -0.259643555, -0.875969559, -0.480788384, 0.0351850519, 5, 1, 
296.340471, 0.1, 0.1, 0.125039394, 0.190157405, -0.0199630484, 0.862220483, -0.506533156, 3.46049945e-005, 0.506533156, 0.862220483, -5.59498667e-006, -2.70030888e-005, 2.23526892e-005, 0.999999999, 0.86222057, -0.506533003, 7.05383224e-005, 0.506533006, 0.862220571, -2.19435748e-005, -4.97044478e-005, 5.465019e-005, 0.999999997, 0, 0, 0, 0, 0, 0, 0, 0.163317041, -0.207450122, -0.128851221, -0.241053669, 0.666870333, -0.705046224, -0.628417969, 0.446411133, 0.637084961, 0.739439786, 0.596751078, 0.311640101, 0, 0, 0, 0, 0, 0, 0, 0.244727734, -0.156206543, -0.0930303223, -0.154890222, 0.211325845, -0.965019002, 0.456665039, -0.850830078, -0.259643555, -0.875969559, -0.480788384, 0.0351850519, 5, 1, 
296.341329, 0.1, 0.1, 0.125039406, 0.190157399, -0.0199648819, 0.862220073, -0.506533853, -3.65207026e-005, 0.506533854, 0.862220072, 3.11223353e-005, 1.57243665e-005, -4.53332745e-005, 0.999999999, 0.862220146, -0.506533727, -6.1391066e-005, 0.50653373, 0.862220146, 3.68858291e-005, 3.42486974e-005, -6.29003506e-005, 0.999999997, 0, 0, 0, 0, 0, 0, 0, 0.163317041, -0.207450122, -0.128851221, -0.241053669, 0.666870333, -0.705046224, -0.628417969, 0.446411133, 0.637084961, 0.739439786, 0.596751078, 0.311640101, 0, 0, 0, 0, 0, 0, 0, 0.244727734, -0.156206543, -0.0930303223, -0.154890222, 0.211325845, -0.965019002, 0.456665039, -0.850830078, -0.259643555, -0.875969559, -0.480788384, 0.0351850519, 5, 1, 
296.342178, 0.1, 0.1, 0.125039398, 0.190157406, -0.0199658427, 0.862219953, -0.506534058, 3.06759724e-005, 0.506534059, 0.862219951, -5.6379938e-005, 2.10892337e-006, 6.41503323e-005, 0.999999998, 0.862219944, -0.506534072, 5.20771523e-005, 0.506534074, 0.862219943, -4.75480117e-005, -2.08172713e-005, 6.73756961e-005, 0.999999998, 0, 0, 0, 0, 0, 0, 0, 0.163317041, -0.207450122, -0.128851221, -0.241053669, 0.666870333, -0.705046224, -0.628417969, 0.446411133, 0.637084961, 0.739439786, 0.596751078, 0.311640101, 0, 0, 0, 0, 0, 0, 0, 0.244727734, -0.156206543, -0.0930303223, -0.154890222, 0.211325845, -0.965019002, 0.456665039, -0.850830078, -0.259643555, -0.875969559, -0.480788384, 0.0351850519, 5, 1, 
296.34303, 0.1, 0.1, 0.125039401, 0.190157404, -0.0199657213, 0.86222014, -0.506533739, -3.0621957e-005, 0.50653374, 0.862220138, 5.52518865e-005, -1.58407662e-006, -6.31503437e-005, 0.999999998, 0.862220114, -0.506533784, -1.69799294e-005, 0.506533784, 0.862220113, 5.03044237e-005, -1.08404535e-005, -5.19743938e-005, 0.999999999, 0, 0, 0, 0, 0, 0, 0, 0.163317041, -0.207450122, -0.128851221, -0.241053669, 0.666870333, -0.705046224, -0.628417969, 0.446411133, 0.637084961, 0.739439786, 0.596751078, 0.311640101, 0, 0, 0, 0, 0, 0, 0, 0.244727734, -0.156206543, -0.0930303223, -0.154890222, 0.211325845, -0.965019002, 0.456665039, -0.850830078, -0.259643555, -0.875969559, -0.480788384, 0.0351850519, 5, 1, 
296.343917, 0.1, 0.1, 0.125039404, 0.190157406, -0.0199641945, 0.862220031, -0.506533922, 5.7613319e-005, 0.506533924, 0.862220031, -3.92257756e-005, -2.98061718e-005, 6.300435e-005, 0.999999998, 0.862220099, -0.50653381, 1.70538473e-005, 0.506533811, 0.862220098, -3.26895189e-005, 1.85417669e-006, 3.68239105e-005, 0.999999999, 0, 0, 0, 0, 0, 0, 0, 0.164350464, -0.208154272, -0.128353833, -0.246824053, 0.665908037, -0.704018405, -0.630493164, 0.44140625, 0.638549805, 0.735780823, 0.601599984, 0.311106535, 0, 0, 0, 0, 0, 0, 0, 0.245260986, -0.156968066, -0.0922971191, -0.157905572, 0.211644474, -0.964392671, 0.461303711, -0.84765625, -0.26159668, -0.872972431, -0.486155574, 0.0362328236, 5, 1, 
296.344761, 0.1, 0.1, 0.125039395, 0.19015741, -0.0199623308, 0.862219648, -0.506534576, -3.87797127e-005, 0.506534577, 0.862219648, 2.00864689e-005, 2.32621392e-005, -3.69622135e-005, 0.999999999, 0.862219733, -0.506534433, 1.79116948e-005, 0.506534433, 0.862219733, -1.88906513e-006, -1.44869402e-005, 1.07016794e-005, 1, 0, 0, 0, 0, 0, 0, 0, 0.164350464, -0.208154272, -0.128353833, -0.246824053, 0.665908037, -0.704018405, -0.630493164, 0.44140625, 0.638549805, 0.735780823, 0.601599984, 0.311106535, 0, 0, 0, 0, 0, 0, 0, 0.245260986, -0.156968066, -0.0922971191, -0.157905572, 0.211644474, -0.964392671, 0.461303711, -0.84765625, -0.26159668, -0.872972431, -0.486155574, 0.0362328236, 5, 1, 
296.345613, 0.1, 0.1, 0.125039411, 0.190157402, -0.0199608136, 0.862219295, -0.506535179, -4.05593352e-006, 0.506535179, 0.862219295, 2.36799995e-005, -8.49764862e-006, -2.24718254e-005, 1, 0.86221936, -0.506535066, -5.19988831e-005, 0.506535068, 0.862219359, 3.69272225e-005, 2.61295106e-005, -5.81786239e-005, 0.999999998, 0, 0, 0, 0, 0, 0, 0, 0.164350464, -0.208154272, -0.128353833, -0.246824053, 0.665908037, -0.704018405, -0.630493164, 0.44140625, 0.638549805, 0.735780823, 0.601599984, 0.311106535, 0, 0, 0, 0, 0, 0, 0, 0.245260986, -0.156968066, -0.0922971191, -0.157905572, 0.211644474, -0.964392671, 0.461303711, -0.84765625, -0.26159668, -0.872972431, -0.486155574, 0.0362328236, 5, 1, 
296.346479, 0.1, 0.1, 0.125039402, 0.190157414, -0.0199600046, 0.862219348, -0.506535088, 8.48039689e-006, 0.506535088, 0.862219347, -5.15013697e-005, 1.87752885e-005, 4.8701096e-005, 0.999999999, 0.862219306, -0.506535159, 2.72435728e-005, 0.50653516, 0.862219304, -6.39541712e-005, 8.90510193e-006, 6.89423487e-005, 0.999999998, 0, 0, 0, 0, 0, 0, 0, 0.164350464, -0.208154272, -0.128353833, -0.246824053, 0.665908037, -0.704018405, -0.630493164, 0.44140625, 0.638549805, 0.735780823, 0.601599984, 0.311106535, 0, 0, 0, 0, 0, 0, 0, 0.245599072, -0.157497803, -0.0913624023, -0.160397037, 0.211899304, -0.963970864, 0.465576172, -0.844848633, -0.263183594, -0.87028847, -0.490915756, 0.0368908709, 5, 1, 
296.347329, 0.1, 0.1, 0.125039409, 0.190157405, -0.0199602736, 0.862219617, -0.506534628, -5.41827078e-005, 0.506534631, 0.862219615, 5.49053125e-005, 1.89059514e-005, -7.47858555e-005, 0.999999997, 0.862219585, -0.506534683, -3.66051301e-005, 0.506534684, 0.862219583, 7.04047072e-005, -4.10076609e-006, -7.92460855e-005, 0.999999997, 0, 0, 0, 0, 0, 0, 0, 0.164350464, -0.208154272, -0.128353833, -0.246824053, 0.665908037, -0.704018405, -0.630493164, 0.44140625, 0.638549805, 0.735780823, 0.601599984, 0.311106535, 0, 0, 0, 0, 0, 0, 0, 0.245599072, -0.157497803, -0.0913624023, -0.160397037, 0.211899304, -0.963970864, 0.465576172, -0.844848633, -0.263183594, -0.87028847, -0.490915756, 0.0368908709, 5, 1, 
296.348197, 0.1, 0.1, 0.125039408, 0.190157411, -0.0199614755, 0.862219611, -0.50653464, 4.30624998e-005, 0.506534642, 0.862219608, -6.37799601e-005, -4.8225726e-006, 7.68049803e-005, 0.999999997, 0.862219601, -0.506534656, 4.12879501e-005, 0.506534658, 0.8622196, -4.67759598e-005, -1.19056351e-005, 6.1244927e-005, 0.999999998, 0, 0, 0, 0, 0, 0, 0, 0.164350464, -0.208154272, -0.128353833, -0.25048039, 0.664779869, -0.703847663, -0.631347656, 0.438964844, 0.639282227, 0.733764499, 0.604621283, 0.309843573, 0, 0, 0, 0, 0, 0, 0, 0.245599072, -0.157497803, -0.0913624023, -0.160397037, 0.211899304, -0.963970864, 0.465576172, -0.844848633, -0.263183594, -0.87028847, -0.490915756, 0.0368908709, 5, 1, 
296.349044, 0.1, 0.1, 0.125039407, 0.190157415, -0.0199629375, 0.86221981, -0.506534303, -9.03559401e-006, 0.506534302, 0.862219808, 5.57966468e-005, -2.04722474e-005, -5.26858125e-005, 0.999999998, 0.862219765, -0.506534378, -1.32093835e-006, 0.506534378, 0.862219765, 2.61170704e-005, -1.20902549e-005, -2.3187755e-005, 1, 0, 0, 0, 0, 0, 0, 0, 0.165050439, -0.209095703, -0.127232739, -0.25048039, 0.664779869, -0.703847663, -0.631347656, 0.438964844, 0.639282227, 0.733764499, 0.604621283, 0.309843573, 0, 0, 0, 0, 0, 0, 0, 0.245599072, -0.157497803, -0.0913624023, -0.160397037, 0.211899304, -0.963970864, 0.465576172, -0.844848633, -0.263183594, -0.87028847, -0.490915756, 0.0368908709, 5, 1, 
296.34989, 0.1, 0.1, 0.125039412, 0.190157409, -0.0199643823, 0.862219885, -0.506534174, 1.2123308e-005, 0.506534174, 0.862219885, -2.56993025e-005, 2.56461778e-006, 2.82993195e-005, 1, 0.862219866, -0.506534206, -5.96626507e-006, 0.506534206, 0.862219866, 1.44334213e-005, -2.16678935e-006, -1.54669e-005, 1, 0, 0, 0, 0, 0, 0, 0, 0.165050439, -0.209095703, -0.127232739, -0.25048039, 0.664779869, -0.703847663, -0.631347656, 0.438964844, 0.639282227, 0.733764499, 0.604621283, 0.309843573, 0, 0, 0, 0, 0, 0, 0, 0.245599072, -0.157497803, -0.0913624023, -0.160397037, 0.211899304, -0.963970864, 0.465576172, -0.844848633, -0.263183594, -0.87028847, -0.490915756, 0.0368908709, 5, 1, 
296.350786, 0.1, 0.1, 0.125039408, 0.190157421, -0.0199650624, 0.862219979, -0.506534014, -2.8558681e-006, 0.506534014, 0.862219979, -1.22242409e-005, 8.65438034e-006, 9.09339039e-006, 1, 0.862219932, -0.506534094, 5.33423624e-006, 0.506534093, 0.862219931, -4.77236062e-005, 1.95743488e-005, 4.3850217e-005, 0.999999999, 0, 0, 0, 0, 0, 0, 0, 0.165499951, -0.209750049, -0.126697998, -0.254726459, 0.664964838, -0.702052256, -0.630859375, 0.435913086, 0.641723633, 0.732706724, 0.606569458, 0.308694065, 0, 0, 0, 0, 0, 0, 0, 0.245599072, -0.157497803, -0.0913624023, -0.16364243, 0.212288296, -0.963357292, 0.469604492, -0.841918945, -0.265380859, -0.867438264, -0.49578458, 0.0380600442, 5, 1, 
296.351631, 0.1, 0.1, 0.125039414, 0.190157409, -0.0199644926, 0.862220145, -0.50653373, -4.75608842e-005, 0.506533732, 0.862220145, 3.03146604e-005, 2.56525545e-005, -5.0229103e-005, 0.999999998, 0.862220129, -0.506533758, -3.25713929e-005, 0.506533759, 0.862220127, 6.11825987e-005, -2.90734118e-006, -6.92513782e-005, 0.999999998, 0, 0, 0, 0, 0, 0, 0, 0.165499951, -0.209750049, -0.126697998, -0.254726459, 0.664964838, -0.702052256, -0.630859375, 0.435913086, 0.641723633, 0.732706724, 0.606569458, 0.308694065, 0, 0, 0, 0, 0, 0, 0, 0.245667529, -0.158020947, -0.090404248, -0.16364243, 0.212288296, -0.963357292, 0.469604492, -0.841918945, -0.265380859, -0.867438264, -0.49578458, 0.0380600442, 5, 1, 
296.352481, 0.1, 0.1, 0.125039413, 0.19015742, -0.0199634849, 0.862219849, -0.506534234, 4.80337536e-005, 0.506534236, 0.862219848, -4.71268013e-005, -1.75443175e-005, 6.49644042e-005, 0.999999998, 0.862219943, -0.506534074, 3.82239773e-005, 0.506534076, 0.862219941, -5.67112159e-005, -4.23131224e-006, 6.82592883e-005, 0.999999998, 0, 0, 0, 0, 0, 0, 0, 0.165499951, -0.209750049, -0.126697998, -0.254726459, 0.664964838, -0.702052256, -0.630859375, 0.435913086, 0.641723633, 0.732706724, 0.606569458, 0.308694065, 0, 0, 0, 0, 0, 0, 0, 0.245667529, -0.158020947, -0.090404248, -0.16364243, 0.212288296, -0.963357292, 0.469604492, -0.841918945, -0.265380859, -0.867438264, -0.49578458, 0.0380600442, 5, 1, 
296.353385, 0.1, 0.1, 0.125039421, 0.190157418, -0.0199618411, 0.862219272, -0.506535212, -7.53076802e-005, 0.506535216, 0.862219272, 4.7720925e-005, 4.07594044e-005, -7.92918933e-005, 0.999999996, 0.862219368, -0.506535049, -7.13657175e-005, 0.506535052, 0.862219369, 3.76718115e-005, 4.2450811e-005, -6.86306029e-005, 0.999999997, 0, 0, 0, 0, 0, 0, 0, 0.165499951, -0.209750049, -0.126697998, -0.254726459, 0.664964838, -0.702052256, -0.630859375, 0.435913086, 0.641723633, 0.732706724, 0.606569458, 0.308694065, 0, 0, 0, 0, 0, 0, 0, 0.245667529, -0.158020947, -0.090404248, -0.16364243, 0.212288296, -0.963357292, 0.469604492, -0.841918945, -0.265380859, -0.867438264, -0.49578458, 0.0380600442, 5, 1, 
296.354231, 0.1, 0.1, 0.125039422, 0.190157417, -0.0199604816, 0.862219046, -0.506535602, 3.21570586e-005, 0.506535603, 0.862219044, -5.86455856e-005, 1.97964868e-006, 6.68540359e-005, 0.999999998, 0.862219035, -0.50653562, 3.06992219e-005, 0.506535621, 0.862219035, -2.30493751e-005, -1.4794124e-005, 3.54238594e-005, 0.999999999, 0, 0, 0, 0, 0, 0, 0, 0.165499951, -0.209750049, -0.126697998, -0.254726459, 0.664964838, -0.702052256, -0.630859375, 0.435913086, 0.641723633, 0.732706724, 0.606569458, 0.308694065, 0, 0, 0, 0, 0, 0, 0, 0.245667529, -0.158020947, -0.090404248, -0.16364243, 0.212288296, -0.963357292, 0.469604492, -0.841918945, -0.265380859, -0.867438264, -0.49578458, 0.0380600442, 5, 1, 
296.355077, 0.1, 0.1, 0.125039418, 0.190157427, -0.0199602685, 0.862219019, -0.506535648, -2.40898315e-005, 0.506535648, 0.862219019, 1.50779154e-005, 1.31332092e-005, -2.52028238e-005, 1, 0.862219011, -0.506535661, 1.6526835e-006, 0.506535661, 0.862219011, -2.60502707e-005, 1.1770416e-005, 2.32981818e-005, 1, 0, 0, 0, 0, 0, 0, 0, 0.165499951, -0.209750049, -0.126697998, -0.254726459, 0.664964838, -0.702052256, -0.630859375, 0.435913086, 0.641723633, 0.732706724, 0.606569458, 0.308694065, 0, 0, 0, 0, 0, 0, 0, 0.245667529, -0.158020947, -0.090404248, -0.16364243, 0.212288296, -0.963357292, 0.469604492, -0.841918945, -0.265380859, -0.867438264, -0.49578458, 0.0380600442, 5, 1, 
296.355969, 0.1, 0.1, 0.125039425, 0.190157416, -0.01996065, 0.862219201, -0.506535339, -1.28580738e-005, 0.506535339, 0.862219201, 7.65748625e-006, 7.20769076e-006, -1.31155005e-005, 1, 0.862219152, -0.506535421, -1.57817689e-005, 0.506535421, 0.862219151, 4.61002743e-005, -9.74407847e-006, -4.77425644e-005, 0.999999999, 0, 0, 0, 0, 0, 0, 0, 0.165777002, -0.2106927, -0.126032056, -0.25801398, 0.663886844, -0.701971003, -0.630004883, 0.435180664, 0.643066406, 0.73223868, 0.60834689, 0.306085765, 0, 0, 0, 0, 0, 0, 0, 0.2457604, -0.158754883, -0.0896742187, -0.166153218, 0.212217567, -0.962890643, 0.471801758, -0.840332031, -0.266601562, -0.865738275, -0.498615096, 0.0394592609, 5, 1, 
296.356816, 0.1, 0.1, 0.125039419, 0.19015743, -0.0199616943, 0.862219235, -0.506535281, 1.59009519e-005, 0.506535282, 0.862219233, -5.3129051e-005, 1.32016323e-005, 5.38632829e-005, 0.999999998, 0.862219216, -0.506535313, 2.6569936e-005, 0.506535314, 0.862219213, -6.99606849e-005, 1.25284482e-005, 7.37800577e-005, 0.999999997, 0, 0, 0, 0, 0, 0, 0, 0.165777002, -0.2106927, -0.126032056, -0.25801398, 0.663886844, -0.701971003, -0.630004883, 0.435180664, 0.643066406, 0.73223868, 0.60834689, 0.306085765, 0, 0, 0, 0, 0, 0, 0, 0.2457604, -0.158754883, -0.0896742187, -0.166153218, 0.212217567, -0.962890643, 0.471801758, -0.840332031, -0.266601562, -0.865738275, -0.498615096, 0.0394592609, 5, 1, 
296.357666, 0.1, 0.1, 0.125039424, 0.190157422, -0.0199631414, 0.862219328, -0.506535122, -3.97593433e-005, 0.506535123, 0.862219326, 5.69631212e-005, 5.42745266e-006, -6.92542079e-005, 0.999999998, 0.862219317, -0.506535141, -2.82247309e-005, 0.506535141, 0.862219314, 6.66345447e-005, -9.41683034e-006, -7.17504097e-005, 0.999999997, 0, 0, 0, 0, 0, 0, 0, 0.165777002, -0.2106927, -0.126032056, -0.25801398, 0.663886844, -0.701971003, -0.630004883, 0.435180664, 0.643066406, 0.73223868, 0.60834689, 0.306085765, 0, 0, 0, 0, 0, 0, 0, 0.2457604, -0.158754883, -0.0896742187, -0.166153218, 0.212217567, -0.962890643, 0.471801758, -0.840332031, -0.266601562, -0.865738275, -0.498615096, 0.0394592609, 5, 1, 
296.358513, 0.1, 0.1, 0.125039423, 0.190157425, -0.0199644723, 0.862219395, -0.506535007, 2.19053445e-005, 0.506535008, 0.862219393, -6.01858156e-005, 1.15990097e-005, 6.29892014e-005, 0.999999998, 0.862219365, -0.506535059, 1.68514979e-005, 0.50653506, 0.862219364, -4.93766305e-005, 1.04813067e-005, 5.11093615e-005, 0.999999999, 0, 0, 0, 0, 0, 0, 0, 0.165777002, -0.2106927, -0.126032056, -0.25801398, 0.663886844, -0.701971003, -0.630004883, 0.435180664, 0.643066406, 0.73223868, 0.60834689, 0.306085765, 0, 0, 0, 0, 0, 0, 0, 0.2457604, -0.158754883, -0.0896742187, -0.166153218, 0.212217567, -0.962890643, 0.471801758, -0.840332031, -0.266601562, -0.865738275, -0.498615096, 0.0394592609, 5, 1, 
296.359361, 0.1, 0.1, 0.125039423, 0.190157427, -0.0199652731, 0.862219437, -0.506534935, -3.51151972e-005, 0.506534936, 0.862219436, 4.52302281e-005, 7.36631488e-006, -5.6785456e-005, 0.999999998, 0.862219462, -0.506534895, -8.75293907e-006, 0.506534895, 0.862219461, 2.96888951e-005, -7.49150694e-006, -3.00320122e-005, 1, 0, 0, 0, 0, 0, 0, 0, 0.165777002, -0.2106927, -0.126032056, -0.25801398, 0.663886844, -0.701971003, -0.630004883, 0.435180664, 0.643066406, 0.73223868, 0.60834689, 0.306085765, 0, 0, 0, 0, 0, 0, 0, 0.2457604, -0.158754883, -0.0896742187, -0.166153218, 0.212217567, -0.962890643, 0.471801758, -0.840332031, -0.266601562, -0.865738275, -0.498615096, 0.0394592609, 5, 1, 
296.360228, 0.1, 0.1, 0.125039427, 0.190157421, -0.0199651851, 0.8622194, -0.506534999, 2.18362464e-005, 0.506535, 0.8622194, -2.40547648e-005, -6.643055e-006, 3.1801308e-005, 0.999999999, 0.862219387, -0.506535022, 7.52001355e-007, 0.506535022, 0.862219387, 1.86425663e-005, -1.00915028e-005, -1.5693067e-005, 1, 0, 0, 0, 0, 0, 0, 0, 0.165777002, -0.2106927, -0.126032056, -0.26200094, 0.661864529, -0.702326713, -0.632324219, 0.432128906, 0.642944336, 0.728915211, 0.612745728, 0.305400552, 0, 0, 0, 0, 0, 0, 0, 0.2457604, -0.158754883, -0.0896742187, -0.166153218, 0.212217567, -0.962890643, 0.471801758, -0.840332031, -0.266601562, -0.865738275, -0.498615096, 0.0394592609, 5, 1, 
296.361101, 0.1, 0.1, 0.125039419, 0.190157433, -0.0199638084, 0.862219538, -0.506534763, 3.41452528e-005, 0.506534764, 0.862219539, 1.60688415e-006, -3.02546468e-005, 1.59102706e-005, 0.999999999, 0.862219537, -0.506534764, 4.33140209e-005, 0.506534766, 0.862219537, -3.08021966e-005, -2.17438117e-005, 4.84983131e-005, 0.999999999, 0, 0, 0, 0, 0, 0, 0, 0.166679346, -0.211675635, -0.125159351, -0.26200094, 0.661864529, -0.702326713, -0.632324219, 0.432128906, 0.642944336, 0.728915211, 0.612745728, 0.305400552, 0, 0, 0, 0, 0, 0, 0, 0.246281934, -0.159309521, -0.0889441895, -0.16926445, 0.212108192, -0.962423993, 0.475952148, -0.837524414, -0.268188477, -0.862996711, -0.503413557, 0.0408584776, 5, 1, 
296.361954, 0.1, 0.1, 0.12503943, 0.190157424, -0.0199622634, 0.862219201, -0.506535334, -6.26109006e-005, 0.506535336, 0.862219203, 1.47219748e-005, 4.65271204e-005, -4.44082029e-005, 0.999999998, 0.862219301, -0.506535163, -7.12603568e-005, 0.506535166, 0.862219302, 3.33974254e-005, 4.45250848e-005, -6.48917814e-005, 0.999999997, 0, 0, 0, 0, 0, 0, 0, 0.166679346, -0.211675635, -0.125159351, -0.26200094, 0.661864529, -0.702326713, -0.632324219, 0.432128906, 0.642944336, 0.728915211, 0.612745728, 0.305400552, 0, 0, 0, 0, 0, 0, 0, 0.246281934, -0.159309521, -0.0889441895, -0.16926445, 0.212108192, -0.962423993, 0.475952148, -0.837524414, -0.268188477, -0.862996711, -0.503413557, 0.0408584776, 5, 1, 
296.362829, 0.1, 0.1, 0.125039418, 0.190157432, -0.0199608807, 0.862218474, -0.506536566, 9.82166215e-005, 0.506536571, 0.862218477, -2.24897723e-005, -7.32922938e-005, 6.91414078e-005, 0.999999995, 0.86221866, -0.506536252, 9.26419607e-005, 0.506536257, 0.862218661, -3.36076403e-005, -6.28541392e-005, 7.59036465e-005, 0.999999995, 0, 0, 0, 0, 0, 0, 0, 0.166679346, -0.211675635, -0.125159351, -0.263957349, 0.658738011, -0.704433648, -0.635742187, 0.430419922, 0.640625, 0.725146542, 0.617195861, 0.305363482, 0, 0, 0, 0, 0, 0, 0, 0.246281934, -0.159309521, -0.0889441895, -0.16926445, 0.212108192, -0.962423993, 0.475952148, -0.837524414, -0.268188477, -0.862996711, -0.503413557, 0.0408584776, 5, 1, 
296.363709, 0.1, 0.1, 0.125039419, 0.190157426, -0.0199596572, 0.862217618, -0.50653803, -6.73198084e-005, 0.506538033, 0.862217617, 5.18574007e-005, 3.17765792e-005, -7.88124078e-005, 0.999999996, 0.862217773, -0.506537767, -5.49148673e-005, 0.506537769, 0.862217772, 4.56028273e-005, 2.42490202e-005, -6.71360226e-005, 0.999999997, 0, 0, 0, 0, 0, 0, 0, 0.167907349, -0.213161328, -0.123927686, -0.263957349, 0.658738011, -0.704433648, -0.635742187, 0.430419922, 0.640625, 0.725146542, 0.617195861, 0.305363482, 0, 0, 0, 0, 0, 0, 0, 0.246874756, -0.159834131, -0.0880246094, -0.171257549, 0.212324742, -0.962072548, 0.479858398, -0.834838867, -0.26965332, -0.860383112, -0.507809534, 0.0410181587, 5, 1, 
296.364575, 0.1, 0.1, 0.125039415, 0.190157423, -0.0199595637, 0.862216988, -0.506539099, 8.42629676e-005, 0.506539104, 0.862216989, -3.66466976e-005, -5.4089977e-005, 7.42798932e-005, 0.999999996, 0.862217064, -0.506538973, 6.6546334e-005, 0.506538974, 0.862217065, -8.14474794e-006, -5.32517526e-005, 4.07308524e-005, 0.999999998, 0, 0, 0, 0, 0, 0, 0, 0.167907349, -0.213161328, -0.123927686, -0.263957349, 0.658738011, -0.704433648, -0.635742187, 0.430419922, 0.640625, 0.725146542, 0.617195861, 0.305363482, 0, 0, 0, 0, 0, 0, 0, 0.246874756, -0.159834131, -0.0880246094, -0.171257549, 0.212324742, -0.962072548, 0.479858398, -0.834838867, -0.26965332, -0.860383112, -0.507809534, 0.0410181587, 5, 1, 
