time, realDorsalTactorPos, realVentralTactorPos, boxPosX, boxPosY, boxPosZ, boxLocalRot_11, boxLocalRot_12, boxLocalRot_13, boxLocalRot_21, boxLocalRot_22, boxLocalRot_23, boxLocalRot_31, boxLocalRot_32, boxLocalRot_33, boxGlobalRot_11, boxGlobalRot_12, boxGlobalRot_13, boxGlobalRot_21, boxGlobalRot_22, boxGlobalRot_23, boxGlobalRot_31, boxGlobalRot_32, boxGlobalRot_33, indexForceX, indexForceY, indexForceZ, indexForceGlobalX, indexForceGlobalY, indexForceGlobalZ, indexContact, indexPosX, indexPosY, indexPosZ, indexRot_11, indexRot_12, indexRot_13, indexRot_21, indexRot_22, indexRot_23, indexRot_31, indexRot_32, indexRot_33, thumbForceX, thumbForceY, thumbForceZ, thumbForceGlobalX, thumbForceGlobalY, thumbForceGlobalZ, thumbContact, thumbPosX, thumbPosY, thumbPosZ, thumbRot_11, thumbRot_12, thumbRot_13, thumbRot_21, thumbRot_22, thumbRot_23, thumbRot_31, thumbRot_32, thumbRot_33, mapping, trialSuccess, 
292.563539, 0.1, 0.1, 0.105681696, 0.195661551, -0.0199587337, 0.975997176, -1.83402019e-005, -0.217783176, 0.217783176, 1.75141851e-005, 0.975997176, -1.40856904e-005, -1, 2.10879826e-005, 0.975997171, -1.98638541e-005, -0.217783199, 0.217783199, 1.75179815e-005, 0.975997171, -1.55719433e-005, -1, 2.14235141e-005, 0, 0, 0, 0, 0, 0, 0, 0.120701196, -0.0938890625, -0.196598267, -0.19934968, 0.687500467, -0.698259672, -0.678466797, 0.417358398, 0.604492188, 0.707003808, 0.594348729, 0.383360866, 0, 0, 0, 0, 0, 0, 0, 0.217725781, -0.0474885254, -0.150502832, 8.08470332e-005, 0.393346728, -0.919333862, 0.314697266, -0.872558594, -0.373413086, -0.949038136, -0.289203711, -0.123874764, 5, 1, 
292.595126, 0.1, 0.1, 0.105681711, 0.195661543, -0.0199655715, 0.975997968, -5.81672646e-005, -0.217779621, 0.217779624, 4.56408433e-005, 0.975997968, -4.68314865e-005, -0.999999997, 5.72130153e-005, 0.975997971, -6.89227489e-005, -0.217779604, 0.217779608, 5.29634202e-005, 0.975997971, -5.57341104e-005, -0.999999996, 6.67021599e-005, 0, 0, 0, 0, 0, 0, 0, 0.122313647, -0.102464038, -0.192341626, -0.207186563, 0.690045488, -0.693419001, -0.674804687, 0.412353516, 0.611938477, 0.708245049, 0.594810781, 0.380369525, 0, 0, 0, 0, 0, 0, 0, 0.218938818, -0.0561790039, -0.146627539, -0.0134129537, 0.379389175, -0.925050664, 0.32800293, -0.872192383, -0.362548828, -0.944441998, -0.308222916, -0.112692324, 5, 1, 
292.595977, 0.1, 0.1, 0.105681714, 0.195661542, -0.0199650543, 0.975997953, 2.33920783e-005, -0.217779696, 0.217779697, -1.83074208e-005, 0.975997953, 1.8843636e-005, -1, -2.29623249e-005, 0.975997954, 3.41631861e-005, -0.217779688, 0.217779689, -2.30252106e-005, 0.975997954, 2.83287766e-005, -0.999999999, -2.99126065e-005, 0, 0, 0, 0, 0, 0, 0, 0.122313647, -0.102464038, -0.192341626, -0.207186563, 0.690045488, -0.693419001, -0.674804687, 0.412353516, 0.611938477, 0.708245049, 0.594810781, 0.380369525, 0, 0, 0, 0, 0, 0, 0, 0.218938818, -0.0561790039, -0.146627539, -0.0134129537, 0.379389175, -0.925050664, 0.32800293, -0.872192383, -0.362548828, -0.944441998, -0.308222916, -0.112692324, 5, 1, 
292.596861, 0.1, 0.1, 0.105681713, 0.19566155, -0.0199636482, 0.975998024, 1.06883278e-005, -0.217779376, 0.217779375, 3.6914084e-005, 0.975998024, 1.84709129e-005, -0.999999999, 3.37003757e-005, 0.975997996, 2.86001305e-006, -0.217779502, 0.217779501, 5.05329029e-005, 0.975997995, 1.37963974e-005, -0.999999999, 4.86971598e-005, 0, 0, 0, 0, 0, 0, 0, 0.122313647, -0.102464038, -0.192341626, -0.207186563, 0.690045488, -0.693419001, -0.674804687, 0.412353516, 0.611938477, 0.708245049, 0.594810781, 0.380369525, 0, 0, 0, 0, 0, 0, 0, 0.218938818, -0.0561790039, -0.146627539, -0.0134129537, 0.379389175, -0.925050664, 0.32800293, -0.872192383, -0.362548828, -0.944441998, -0.308222916, -0.112692324, 5, 1, 
292.597719, 0.1, 0.1, 0.105681713, 0.19566154, -0.0199615657, 0.97599816, 1.07401494e-005, -0.217778768, 0.217778768, -5.34759858e-005, 0.975998159, -1.16356825e-006, -0.999999999, -5.45314402e-005, 0.975998139, -5.52321031e-006, -0.217778862, 0.217778861, -6.73710993e-005, 0.975998137, -2.00626443e-005, -0.999999998, -6.45512291e-005, 0, 0, 0, 0, 0, 0, 0, 0.122313647, -0.102464038, -0.192341626, -0.207186563, 0.690045488, -0.693419001, -0.674804687, 0.412353516, 0.611938477, 0.708245049, 0.594810781, 0.380369525, 0, 0, 0, 0, 0, 0, 0, 0.218938818, -0.0561790039, -0.146627539, -0.0134129537, 0.379389175, -0.925050664, 0.32800293, -0.872192383, -0.362548828, -0.944441998, -0.308222916, -0.112692324, 5, 1, 
292.598569, 0.1, 0.1, 0.105681719, 0.195661545, -0.0199602163, 0.97599816, -8.54013212e-006, -0.217778767, 0.217778767, 2.82059441e-005, 0.97599816, -2.19249749e-006, -1, 2.9388809e-005, 0.975998173, 1.94449753e-005, -0.217778708, 0.217778707, 4.44104408e-005, 0.975998173, 2.86499088e-005, -0.999999999, 3.91098075e-005, 0, 0, 0, 0, 0, 0, 0, 0.122313647, -0.102464038, -0.192341626, -0.207186563, 0.690045488, -0.693419001, -0.674804687, 0.412353516, 0.611938477, 0.708245049, 0.594810781, 0.380369525, 0, 0, 0, 0, 0, 0, 0, 0.218938818, -0.0561790039, -0.146627539, -0.0134129537, 0.379389175, -0.925050664, 0.32800293, -0.872192383, -0.362548828, -0.944441998, -0.308222916, -0.112692324, 5, 1, 
292.599487, 0.1, 0.1, 0.105681719, 0.195661535, -0.0199595691, 0.975997968, -4.19970104e-006, -0.217779629, 0.217779628, -4.56917547e-005, 0.975997967, -1.40496331e-005, -0.999999999, -4.36804504e-005, 0.975998014, 1.54429146e-005, -0.217779422, 0.217779422, -5.74445892e-005, 0.975998012, 2.56200456e-006, -0.999999998, -5.9428954e-005, 0, 0, 0, 0, 0, 0, 0, 0.122313647, -0.102464038, -0.192341626, -0.208137997, 0.691257154, -0.691870721, -0.673461914, 0.411743164, 0.613891602, 0.709260885, 0.593877321, 0.380000709, 0, 0, 0, 0, 0, 0, 0, 0.218938818, -0.0561790039, -0.146627539, -0.0134129537, 0.379389175, -0.925050664, 0.32800293, -0.872192383, -0.362548828, -0.944441998, -0.308222916, -0.112692324, 5, 1, 
292.600353, 0.1, 0.1, 0.105681717, 0.195661544, -0.0199592249, 0.975997821, -1.4093628e-005, -0.217780287, 0.217780287, 5.12536985e-005, 0.97599782, -2.59330501e-006, -0.999999999, 5.30928124e-005, 0.975997853, -1.86753818e-005, -0.217780142, 0.217780143, 6.02910051e-005, 0.975997851, -5.09694887e-006, -0.999999998, 6.29110189e-005, 0, 0, 0, 0, 0, 0, 0, 0.122268115, -0.103074683, -0.192040381, -0.208137997, 0.691257154, -0.691870721, -0.673461914, 0.411743164, 0.613891602, 0.709260885, 0.593877321, 0.380000709, 0, 0, 0, 0, 0, 0, 0, 0.218797949, -0.056959082, -0.146172021, -0.0156619816, 0.378379316, -0.925484865, 0.329223633, -0.871948242, -0.362060547, -0.944064667, -0.31029294, -0.11089682, 5, 1, 
292.6012, 0.1, 0.1, 0.105681716, 0.195661539, -0.0199603517, 0.97599775, -2.92574583e-005, -0.217780601, 0.2177806, -4.07087148e-005, 0.97599775, -3.74207819e-005, -0.999999999, -3.33599072e-005, 0.975997748, -1.56661712e-005, -0.217780613, 0.217780612, -4.74313289e-005, 0.975997747, -2.56197717e-005, -0.999999999, -4.28810819e-005, 0, 0, 0, 0, 0, 0, 0, 0.122268115, -0.103074683, -0.192040381, -0.208137997, 0.691257154, -0.691870721, -0.673461914, 0.411743164, 0.613891602, 0.709260885, 0.593877321, 0.380000709, 0, 0, 0, 0, 0, 0, 0, 0.218797949, -0.056959082, -0.146172021, -0.0156619816, 0.378379316, -0.925484865, 0.329223633, -0.871948242, -0.362060547, -0.944064667, -0.31029294, -0.11089682, 5, 1, 
292.602142, 0.1, 0.1, 0.105681719, 0.195661551, -0.0199615579, 0.975997881, 4.06221246e-005, -0.217780013, 0.21778001, 5.67704319e-005, 0.975997881, 5.2010573e-005, -0.999999998, 4.65611346e-005, 0.975997846, 3.59481042e-005, -0.217780173, 0.21778017, 6.92463694e-005, 0.975997845, 5.01657585e-005, -0.999999997, 5.97555232e-005, 0, 0, 0, 0, 0, 0, 0, 0.12209895, -0.103924072, -0.191340137, -0.207166345, 0.69221458, -0.691267883, -0.672119141, 0.412719727, 0.614624023, 0.710713685, 0.592118984, 0.379905229, 0, 0, 0, 0, 0, 0, 0, 0.218705176, -0.0577140137, -0.145715039, -0.0171698401, 0.377548461, -0.925746624, 0.330078125, -0.871826172, -0.361816406, -0.943732179, -0.311730436, -0.109574162, 5, 1, 
292.602988, 0.1, 0.1, 0.105681715, 0.195661543, -0.0199624825, 0.975998132, -5.52535441e-005, -0.217778886, 0.217778883, -5.57989199e-005, 0.975998133, -6.60791825e-005, -0.999999997, -4.24265865e-005, 0.975998073, -4.53461624e-005, -0.217779155, 0.217779152, -6.08207532e-005, 0.975998072, -5.75032593e-005, -0.999999997, -4.94854891e-005, 0, 0, 0, 0, 0, 0, 0, 0.12209895, -0.103924072, -0.191340137, -0.207166345, 0.69221458, -0.691267883, -0.672119141, 0.412719727, 0.614624023, 0.710713685, 0.592118984, 0.379905229, 0, 0, 0, 0, 0, 0, 0, 0.218705176, -0.0577140137, -0.145715039, -0.0171698401, 0.377548461, -0.925746624, 0.330078125, -0.871826172, -0.361816406, -0.943732179, -0.311730436, -0.109574162, 5, 1, 
292.60385, 0.1, 0.1, 0.105681716, 0.195661547, -0.0199635581, 0.975998524, 7.36343604e-005, -0.217777126, 0.217777123, 3.61223265e-005, 0.975998526, 7.97336436e-005, -0.999999997, 1.92194581e-005, 0.97599842, 3.84708538e-005, -0.217777599, 0.217777598, 4.04165329e-005, 0.97599842, 4.6349308e-005, -0.999999998, 3.10683822e-005, 0, 0, 0, 0, 0, 0, 0, 0.12209895, -0.103924072, -0.191340137, -0.207166345, 0.69221458, -0.691267883, -0.672119141, 0.412719727, 0.614624023, 0.710713685, 0.592118984, 0.379905229, 0, 0, 0, 0, 0, 0, 0, 0.218705176, -0.0577140137, -0.145715039, -0.0171698401, 0.377548461, -0.925746624, 0.330078125, -0.871826172, -0.361816406, -0.943732179, -0.311730436, -0.109574162, 5, 1, 
292.604736, 0.1, 0.1, 0.105681731, 0.195661549, -0.0199636705, 0.975999066, -5.8079113e-006, -0.217774706, 0.217774706, 5.86755884e-006, 0.975999066, -4.3907101e-006, -1, 6.99154812e-006, 0.975998974, 3.93040338e-005, -0.217775114, 0.217775114, 1.27590063e-005, 0.975998975, 4.11392907e-005, -0.999999999, 3.89333667e-006, 0, 0, 0, 0, 0, 0, 0, 0.12209895, -0.103924072, -0.191340137, -0.207166345, 0.69221458, -0.691267883, -0.672119141, 0.412719727, 0.614624023, 0.710713685, 0.592118984, 0.379905229, 0, 0, 0, 0, 0, 0, 0, 0.218705176, -0.0577140137, -0.145715039, -0.0171698401, 0.377548461, -0.925746624, 0.330078125, -0.871826172, -0.361816406, -0.943732179, -0.311730436, -0.109574162, 5, 1, 
292.605579, 0.1, 0.1, 0.105681723, 0.195661549, -0.0199635985, 0.975999477, -4.89404113e-006, -0.217772865, 0.217772865, 4.96258882e-006, 0.975999477, -3.6958644e-006, -1, 5.90927345e-006, 0.975999391, -3.57660931e-005, -0.21777325, 0.21777325, 9.90626195e-006, 0.975999391, -3.27503662e-005, -0.999999999, 1.7457404e-005, 0, 0, 0, 0, 0, 0, 0, 0.12209895, -0.103924072, -0.191340137, -0.207166345, 0.69221458, -0.691267883, -0.672119141, 0.412719727, 0.614624023, 0.710713685, 0.592118984, 0.379905229, 0, 0, 0, 0, 0, 0, 0, 0.218705176, -0.0577140137, -0.145715039, -0.0171698401, 0.377548461, -0.925746624, 0.330078125, -0.871826172, -0.361816406, -0.943732179, -0.311730436, -0.109574162, 5, 1, 
292.606488, 0.1, 0.1, 0.105681737, 0.19566155, -0.0199630549, 0.975999892, 3.13604478e-005, -0.217771001, 0.217771, 3.3251726e-005, 0.975999893, 3.78490553e-005, -0.999999999, 2.56242849e-005, 0.975999811, 6.36860742e-005, -0.21777136, 0.21777136, 6.26989181e-006, 0.975999813, 6.35229994e-005, -0.999999998, -7.74958974e-006, 0, 0, 0, 0, 0, 0, 0, 0.12209895, -0.103924072, -0.191340137, -0.205840103, 0.691713214, -0.692175135, -0.672729492, 0.413574219, 0.61340332, 0.710503629, 0.592074801, 0.380419699, 0, 0, 0, 0, 0, 0, 0, 0.218705176, -0.0577140137, -0.145715039, -0.0171698401, 0.377548461, -0.925746624, 0.330078125, -0.871826172, -0.361816406, -0.943732179, -0.311730436, -0.109574162, 5, 1, 
292.607388, 0.1, 0.1, 0.105681731, 0.195661553, -0.0199611078, 0.976000089, 8.29929128e-006, -0.217770124, 0.217770124, -2.27446345e-005, 0.976000088, 3.14700716e-006, -1, -2.40061029e-005, 0.97600007, -1.94519389e-005, -0.217770208, 0.217770208, -1.36894772e-005, 0.97600007, -2.1966254e-005, -1, -9.12487793e-006, 0, 0, 0, 0, 0, 0, 0, 0.122389331, -0.104842798, -0.190491968, -0.205840103, 0.691713214, -0.692175135, -0.672729492, 0.413574219, 0.61340332, 0.710503629, 0.592074801, 0.380419699, 0, 0, 0, 0, 0, 0, 0, 0.2186854, -0.0585236328, -0.14507998, -0.0175723243, 0.375842276, -0.926404672, 0.331054688, -0.872070313, -0.360107422, -0.943406253, -0.313014448, -0.109152355, 5, 1, 
292.608234, 0.1, 0.1, 0.10568173, 0.195661555, -0.0199600673, 0.97600015, -1.46357635e-005, -0.217769849, 0.21776985, 3.03943708e-005, 0.976000149, -7.66552982e-006, -0.999999999, 3.28521385e-005, 0.976000137, -2.50561808e-005, -0.217769906, 0.217769907, 3.11949547e-005, 0.976000137, -1.76615135e-005, -0.999999999, 3.59027622e-005, 0, 0, 0, 0, 0, 0, 0, 0.122389331, -0.104842798, -0.190491968, -0.205840103, 0.691713214, -0.692175135, -0.672729492, 0.413574219, 0.61340332, 0.710503629, 0.592074801, 0.380419699, 0, 0, 0, 0, 0, 0, 0, 0.2186854, -0.0585236328, -0.14507998, -0.0175723243, 0.375842276, -0.926404672, 0.331054688, -0.872070313, -0.360107422, -0.943406253, -0.313014448, -0.109152355, 5, 1, 
292.609124, 0.1, 0.1, 0.105681732, 0.195661551, -0.0199598714, 0.976000303, -1.25109745e-005, -0.217769164, 0.217769164, -2.1634541e-005, 0.976000303, -1.69220508e-005, -1, -1.83908141e-005, 0.976000262, -2.61325408e-006, -0.217769349, 0.217769349, -3.61964883e-005, 0.976000261, -1.04330223e-005, -0.999999999, -3.47586954e-005, 0, 0, 0, 0, 0, 0, 0, 0.122389331, -0.104842798, -0.190491968, -0.205840103, 0.691713214, -0.692175135, -0.672729492, 0.413574219, 0.61340332, 0.710503629, 0.592074801, 0.380419699, 0, 0, 0, 0, 0, 0, 0, 0.2186854, -0.0585236328, -0.14507998, -0.0175723243, 0.375842276, -0.926404672, 0.331054688, -0.872070313, -0.360107422, -0.943406253, -0.313014448, -0.109152355, 5, 1, 
292.609968, 0.1, 0.1, 0.105681733, 0.195661554, -0.0199604407, 0.976000569, -2.4487947e-006, -0.217767972, 0.217767972, -2.47102837e-005, 0.976000569, -7.77113338e-006, -1, -2.35839819e-005, 0.976000513, 1.27054732e-005, -0.217768223, 0.217768223, 1.0494277e-005, 0.976000513, 1.46858684e-005, -1, 7.47557139e-006, 0, 0, 0, 0, 0, 0, 0, 0.122389331, -0.104842798, -0.190491968, -0.205840103, 0.691713214, -0.692175135, -0.672729492, 0.413574219, 0.61340332, 0.710503629, 0.592074801, 0.380419699, 0, 0, 0, 0, 0, 0, 0, 0.2186854, -0.0585236328, -0.14507998, -0.0175723243, 0.375842276, -0.926404672, 0.331054688, -0.872070313, -0.360107422, -0.943406253, -0.313014448, -0.109152355, 5, 1, 
292.610812, 0.1, 0.1, 0.105681734, 0.195661551, -0.0199619346, 0.976000786, 4.39386928e-006, -0.217766998, 0.217766998, 2.62644109e-005, 0.976000786, 1.00079418e-005, -1, 2.4677246e-005, 0.976000756, 1.63707141e-005, -0.217767132, 0.217767132, 1.3465758e-005, 0.976000756, 1.89102289e-005, -1, 9.57758651e-006, 0, 0, 0, 0, 0, 0, 0, 0.122389331, -0.104842798, -0.190491968, -0.205840103, 0.691713214, -0.692175135, -0.672729492, 0.413574219, 0.61340332, 0.710503629, 0.592074801, 0.380419699, 0, 0, 0, 0, 0, 0, 0, 0.2186854, -0.0585236328, -0.14507998, -0.0175723243, 0.375842276, -0.926404672, 0.331054688, -0.872070313, -0.360107422, -0.943406253, -0.313014448, -0.109152355, 5, 1, 
292.611749, 0.1, 0.1, 0.105681733, 0.195661547, -0.0199629138, 0.976000835, 2.46282194e-005, -0.217766778, 0.217766779, -3.13317878e-005, 0.976000835, 1.72141402e-005, -0.999999999, -3.59430591e-005, 0.976000838, 1.9372386e-005, -0.217766764, 0.217766764, -3.61219686e-005, 0.976000838, 1.10413008e-005, -0.999999999, -3.94737335e-005, 0, 0, 0, 0, 0, 0, 0, 0.122904297, -0.105986108, -0.189417139, -0.204494765, 0.691192752, -0.693000011, -0.673217773, 0.414550781, 0.612182617, 0.710414141, 0.59191005, 0.380673939, 0, 0, 0, 0, 0, 0, 0, 0.218900586, -0.0593400879, -0.14444834, -0.0178789266, 0.374187129, -0.927037199, 0.332641602, -0.872070313, -0.358520508, -0.942824765, -0.314784066, -0.108973351, 5, 1, 
292.6126, 0.1, 0.1, 0.105681731, 0.19566155, -0.0199631981, 0.976000809, 4.45605644e-006, -0.217766897, 0.217766897, 1.83969453e-005, 0.976000808, 8.35536038e-006, -1, 1.69850519e-005, 0.976000811, -1.83886358e-005, -0.217766888, 0.217766888, 2.75111969e-005, 0.97600081, -1.19562957e-005, -0.999999999, 3.08553865e-005, 0, 0, 0, 0, 0, 0, 0, 0.122904297, -0.105986108, -0.189417139, -0.204494765, 0.691192752, -0.693000011, -0.673217773, 0.414550781, 0.612182617, 0.710414141, 0.59191005, 0.380673939, 0, 0, 0, 0, 0, 0, 0, 0.218900586, -0.0593400879, -0.14444834, -0.0178789266, 0.374187129, -0.927037199, 0.332641602, -0.872070313, -0.358520508, -0.942824765, -0.314784066, -0.108973351, 5, 1, 
292.61346, 0.1, 0.1, 0.10568173, 0.195661549, -0.019963399, 0.976000895, -2.02008328e-005, -0.217766509, 0.21776651, 2.39137182e-005, 0.976000895, -1.45084239e-005, -1, 2.77388752e-005, 0.976000865, -2.1509903e-005, -0.217766642, 0.217766642, -8.51828335e-006, 0.976000866, -2.28486819e-005, -1, -3.62971257e-006, 0, 0, 0, 0, 0, 0, 0, 0.122904297, -0.105986108, -0.189417139, -0.204494765, 0.691192752, -0.693000011, -0.673217773, 0.414550781, 0.612182617, 0.710414141, 0.59191005, 0.380673939, 0, 0, 0, 0, 0, 0, 0, 0.218900586, -0.0593400879, -0.14444834, -0.0178789266, 0.374187129, -0.927037199, 0.332641602, -0.872070313, -0.358520508, -0.942824765, -0.314784066, -0.108973351, 5, 1, 
292.614342, 0.1, 0.1, 0.105681729, 0.195661553, -0.01996277, 0.976001096, -1.3652437e-005, -0.217765607, 0.217765606, -2.4983553e-005, 0.976001096, -1.87653521e-005, -1, -2.14109439e-005, 0.976001059, -1.09265251e-005, -0.217765774, 0.217765774, -8.72336078e-006, 0.976001059, -1.25639495e-005, -1, -6.13458617e-006, 0, 0, 0, 0, 0, 0, 0, 0.122904297, -0.105986108, -0.189417139, -0.204494765, 0.691192752, -0.693000011, -0.673217773, 0.414550781, 0.612182617, 0.710414141, 0.59191005, 0.380673939, 0, 0, 0, 0, 0, 0, 0, 0.218900586, -0.0593400879, -0.14444834, -0.0178789266, 0.374187129, -0.927037199, 0.332641602, -0.872070313, -0.358520508, -0.942824765, -0.314784066, -0.108973351, 5, 1, 
292.615187, 0.1, 0.1, 0.105681728, 0.195661556, -0.0199622967, 0.976001212, -1.9016007e-005, -0.217765087, 0.217765088, 2.50128146e-005, 0.976001212, -1.31127281e-005, -1, 2.85535598e-005, 0.976001201, 1.18235683e-006, -0.217765138, 0.217765138, 3.33398505e-005, 0.976001201, 8.41423883e-006, -0.999999999, 3.2282258e-005, 0, 0, 0, 0, 0, 0, 0, 0.122904297, -0.105986108, -0.189417139, -0.204494765, 0.691192752, -0.693000011, -0.673217773, 0.414550781, 0.612182617, 0.710414141, 0.59191005, 0.380673939, 0, 0, 0, 0, 0, 0, 0, 0.218900586, -0.0593400879, -0.14444834, -0.0178789266, 0.374187129, -0.927037199, 0.332641602, -0.872070313, -0.358520508, -0.942824765, -0.314784066, -0.108973351, 5, 1, 
292.616083, 0.1, 0.1, 0.10568173, 0.195661551, -0.0199618704, 0.976001172, 1.34750309e-005, -0.21776527, 0.21776527, -1.50324624e-005, 0.976001172, 9.87809769e-006, -1, -1.76060947e-005, 0.976001189, 2.59121571e-005, -0.217765189, 0.21776519, -3.09538301e-005, 0.976001189, 1.85496294e-005, -0.999999999, -3.58537408e-005, 0, 0, 0, 0, 0, 0, 0, 0.122904297, -0.105986108, -0.189417139, -0.204494765, 0.691192752, -0.693000011, -0.673217773, 0.414550781, 0.612182617, 0.710414141, 0.59191005, 0.380673939, 0, 0, 0, 0, 0, 0, 0, 0.218900586, -0.0593400879, -0.14444834, -0.0178789266, 0.374187129, -0.927037199, 0.332641602, -0.872070313, -0.358520508, -0.942824765, -0.314784066, -0.108973351, 5, 1, 
292.616987, 0.1, 0.1, 0.105681727, 0.195661555, -0.0199605302, 0.976001108, 1.92430708e-005, -0.217765556, 0.217765556, -1.63455743e-005, 0.976001108, 1.52217553e-005, -1, -2.01437766e-005, 0.976001109, 5.5556019e-006, -0.217765551, 0.217765551, 1.36613346e-005, 0.976001109, 8.39724168e-006, -1, 1.2123659e-005, 0, 0, 0, 0, 0, 0, 0, 0.123145117, -0.10708938, -0.188963208, -0.204177247, 0.691478071, -0.692860347, -0.672973633, 0.414916992, 0.612304688, 0.710858218, 0.591370492, 0.38077541, 0, 0, 0, 0, 0, 0, 0, 0.219097461, -0.0601099121, -0.144026514, -0.0184155723, 0.373100712, -0.927586605, 0.333862305, -0.872192383, -0.357421875, -0.942390198, -0.31612568, -0.108417382, 5, 1, 
292.617836, 0.1, 0.1, 0.105681726, 0.195661552, -0.0199602092, 0.976001192, 6.79699532e-006, -0.217765179, 0.217765179, 2.87292577e-005, 0.976001192, 1.28901075e-005, -1, 2.65596408e-005, 0.97600116, -1.39196899e-005, -0.21776532, 0.217765321, 9.49055468e-006, 0.97600116, -1.15189198e-005, -1, 1.22940181e-005, 0, 0, 0, 0, 0, 0, 0, 0.123145117, -0.10708938, -0.188963208, -0.204177247, 0.691478071, -0.692860347, -0.672973633, 0.414916992, 0.612304688, 0.710858218, 0.591370492, 0.38077541, 0, 0, 0, 0, 0, 0, 0, 0.219097461, -0.0601099121, -0.144026514, -0.0184155723, 0.373100712, -0.927586605, 0.333862305, -0.872192383, -0.357421875, -0.942390198, -0.31612568, -0.108417382, 5, 1, 
292.618773, 0.1, 0.1, 0.105681726, 0.195661547, -0.0199602493, 0.976001375, -1.08371256e-006, -0.217764361, 0.217764361, -4.5984412e-005, 0.976001374, -1.1071471e-005, -0.999999999, -4.46448553e-005, 0.976001341, -9.43406773e-006, -0.21776451, 0.21776451, -5.04334233e-005, 0.97600134, -2.01902725e-005, -0.999999999, -4.71686837e-005, 0, 0, 0, 0, 0, 0, 0, 0.123388013, -0.107977588, -0.188290796, -0.203796448, 0.691579542, -0.692822155, -0.672973633, 0.415039062, 0.612182617, 0.710921498, 0.591230829, 0.381016545, 0, 0, 0, 0, 0, 0, 0, 0.219097461, -0.0601099121, -0.144026514, -0.0191822614, 0.371880132, -0.928014609, 0.334716797, -0.872192383, -0.356445312, -0.942102552, -0.317358653, -0.107848653, 5, 1, 
292.619622, 0.1, 0.1, 0.105681726, 0.195661549, -0.0199604431, 0.976001432, -2.18570832e-005, -0.217764103, 0.217764103, 3.37634837e-006, 0.976001432, -2.0597297e-005, -1, 8.05500895e-006, 0.976001434, -1.80343884e-005, -0.217764093, 0.217764093, 1.96532957e-005, 0.976001434, -1.33218069e-005, -1, 2.3108887e-005, 0, 0, 0, 0, 0, 0, 0, 0.123388013, -0.107977588, -0.188290796, -0.203796448, 0.691579542, -0.692822155, -0.672973633, 0.415039062, 0.612182617, 0.710921498, 0.591230829, 0.381016545, 0, 0, 0, 0, 0, 0, 0, 0.219276025, -0.0608863281, -0.143819629, -0.0191822614, 0.371880132, -0.928014609, 0.334716797, -0.872192383, -0.356445312, -0.942102552, -0.317358653, -0.107848653, 5, 1, 
292.620466, 0.1, 0.1, 0.105681727, 0.195661545, -0.0199615273, 0.976001346, -1.61587758e-005, -0.217764489, 0.217764489, 1.70733615e-005, 0.976001346, -1.20530151e-005, -1, 2.01824314e-005, 0.976001369, 1.19346946e-005, -0.217764386, 0.217764386, -9.56096589e-006, 0.976001369, 9.56624042e-006, -1, -1.19304673e-005, 0, 0, 0, 0, 0, 0, 0, 0.123388013, -0.107977588, -0.188290796, -0.203796448, 0.691579542, -0.692822155, -0.672973633, 0.415039062, 0.612182617, 0.710921498, 0.591230829, 0.381016545, 0, 0, 0, 0, 0, 0, 0, 0.219276025, -0.0608863281, -0.143819629, -0.0191822614, 0.371880132, -0.928014609, 0.334716797, -0.872192383, -0.356445312, -0.942102552, -0.317358653, -0.107848653, 5, 1, 
292.621372, 0.1, 0.1, 0.105681726, 0.195661549, -0.0199624077, 0.976001283, 1.23807008e-005, -0.217764772, 0.217764772, -1.64623295e-005, 0.976001283, 8.49866439e-006, -1, -1.87633352e-005, 0.976001282, 1.78688729e-005, -0.217764774, 0.217764774, -1.71556401e-006, 0.976001282, 1.70664534e-005, -1, -5.56560373e-006, 0, 0, 0, 0, 0, 0, 0, 0.123388013, -0.107977588, -0.188290796, -0.203796448, 0.691579542, -0.692822155, -0.672973633, 0.415039062, 0.612182617, 0.710921498, 0.591230829, 0.381016545, 0, 0, 0, 0, 0, 0, 0, 0.219276025, -0.0608863281, -0.143819629, -0.0191822614, 0.371880132, -0.928014609, 0.334716797, -0.872192383, -0.356445312, -0.942102552, -0.317358653, -0.107848653, 5, 1, 
292.622228, 0.1, 0.1, 0.105681724, 0.195661554, -0.0199631683, 0.97600137, 5.47947626e-006, -0.217764381, 0.217764381, 4.15773987e-005, 0.976001369, 1.44020528e-005, -0.999999999, 3.93863633e-005, 0.976001343, -1.21541487e-006, -0.217764501, 0.217764501, 4.25112355e-005, 0.976001342, 8.07119144e-006, -0.999999999, 4.17556972e-005, 0, 0, 0, 0, 0, 0, 0, 0.123388013, -0.107977588, -0.188290796, -0.203796448, 0.691579542, -0.692822155, -0.672973633, 0.415039062, 0.612182617, 0.710921498, 0.591230829, 0.381016545, 0, 0, 0, 0, 0, 0, 0, 0.219276025, -0.0608863281, -0.143819629, -0.0191822614, 0.371880132, -0.928014609, 0.334716797, -0.872192383, -0.356445312, -0.942102552, -0.317358653, -0.107848653, 5, 1, 
292.623086, 0.1, 0.1, 0.105681723, 0.195661551, -0.0199637673, 0.976001504, 1.18972143e-005, -0.217763782, 0.217763782, -6.522985e-006, 0.976001504, 1.01912292e-005, -1, -8.95722554e-006, 0.97600148, -6.60187885e-006, -0.217763887, 0.217763886, -2.56201873e-005, 0.97600148, -1.20225951e-005, -1, -2.356769e-005, 0, 0, 0, 0, 0, 0, 0, 0.123388013, -0.107977588, -0.188290796, -0.203796448, 0.691579542, -0.692822155, -0.672973633, 0.415039062, 0.612182617, 0.710921498, 0.591230829, 0.381016545, 0, 0, 0, 0, 0, 0, 0, 0.219276025, -0.0608863281, -0.143819629, -0.0191822614, 0.371880132, -0.928014609, 0.334716797, -0.872192383, -0.356445312, -0.942102552, -0.317358653, -0.107848653, 5, 1, 
292.624012, 0.1, 0.1, 0.10568172, 0.195661555, -0.0199628699, 0.976001506, -8.68201711e-006, -0.217763772, 0.217763772, -2.32019977e-005, 0.976001506, -1.35262163e-005, -1, -2.07545559e-005, 0.976001517, -2.39944126e-005, -0.217763719, 0.217763719, 5.54213923e-006, 0.976001518, -2.22117063e-005, -1, 1.06342488e-005, 0, 0, 0, 0, 0, 0, 0, 0.123810083, -0.108624243, -0.187818555, -0.204278718, 0.692042716, -0.69232079, -0.672729492, 0.414550781, 0.612792969, 0.710997882, 0.591033877, 0.381060729, 0, 0, 0, 0, 0, 0, 0, 0.219423096, -0.0618876953, -0.143379248, -0.0204473166, 0.370672313, -0.928519172, 0.335449219, -0.872192383, -0.35559082, -0.941744544, -0.318713027, -0.106551515, 5, 1, 
292.624855, 0.1, 0.1, 0.105681721, 0.195661552, -0.0199619767, 0.97600139, -2.18800981e-005, -0.217764292, 0.217764293, 1.68568563e-005, 0.97600139, -1.76841847e-005, -1, 2.12170193e-005, 0.976001413, -1.33457341e-005, -0.21776419, 0.21776419, 4.67898651e-006, 0.976001413, -1.20065397e-005, -1, 7.47292043e-006, 0, 0, 0, 0, 0, 0, 0, 0.123810083, -0.108624243, -0.187818555, -0.204278718, 0.692042716, -0.69232079, -0.672729492, 0.414550781, 0.612792969, 0.710997882, 0.591033877, 0.381060729, 0, 0, 0, 0, 0, 0, 0, 0.219423096, -0.0618876953, -0.143379248, -0.0204473166, 0.370672313, -0.928519172, 0.335449219, -0.872192383, -0.35559082, -0.941744544, -0.318713027, -0.106551515, 5, 1, 
292.625745, 0.1, 0.1, 0.105681723, 0.195661548, -0.0199613905, 0.976001344, -3.9973404e-006, -0.217764497, 0.217764497, -3.94582443e-005, 0.976001343, -1.24940143e-005, -0.999999999, -3.76408206e-005, 0.97600134, 2.02890324e-005, -0.217764513, 0.217764514, -3.72612814e-005, 0.97600134, 1.1687938e-005, -0.999999999, -4.07852919e-005, 0, 0, 0, 0, 0, 0, 0, 0.123810083, -0.108624243, -0.187818555, -0.204278718, 0.692042716, -0.69232079, -0.672729492, 0.414550781, 0.612792969, 0.710997882, 0.591033877, 0.381060729, 0, 0, 0, 0, 0, 0, 0, 0.219423096, -0.0618876953, -0.143379248, -0.0204473166, 0.370672313, -0.928519172, 0.335449219, -0.872192383, -0.35559082, -0.941744544, -0.318713027, -0.106551515, 5, 1, 
292.626617, 0.1, 0.1, 0.105681723, 0.195661552, -0.0199605905, 0.976001457, 1.39449686e-005, -0.217763992, 0.217763992, 1.59680396e-005, 0.976001457, 1.70875737e-005, -1, 1.25481179e-005, 0.976001427, 1.73599612e-005, -0.217764123, 0.217764123, 3.35591275e-005, 0.976001427, 2.42513209e-005, -0.999999999, 2.89733796e-005, 0, 0, 0, 0, 0, 0, 0, 0.123810083, -0.108624243, -0.187818555, -0.204278718, 0.692042716, -0.69232079, -0.672729492, 0.414550781, 0.612792969, 0.710997882, 0.591033877, 0.381060729, 0, 0, 0, 0, 0, 0, 0, 0.219423096, -0.0618876953, -0.143379248, -0.0204473166, 0.370672313, -0.928519172, 0.335449219, -0.872192383, -0.35559082, -0.941744544, -0.318713027, -0.106551515, 5, 1, 
292.627461, 0.1, 0.1, 0.105681725, 0.195661549, -0.0199606593, 0.976001579, 1.90427676e-005, -0.217763442, 0.217763442, 2.24121403e-005, 0.976001579, 2.34663161e-005, -1, 1.77274657e-005, 0.976001566, 2.00866154e-005, -0.217763504, 0.217763504, -9.06846518e-006, 0.976001566, 1.76297873e-005, -1, -1.3224968e-005, 0, 0, 0, 0, 0, 0, 0, 0.123810083, -0.108624243, -0.187818555, -0.204278718, 0.692042716, -0.69232079, -0.672729492, 0.414550781, 0.612792969, 0.710997882, 0.591033877, 0.381060729, 0, 0, 0, 0, 0, 0, 0, 0.219423096, -0.0618876953, -0.143379248, -0.0204473166, 0.370672313, -0.928519172, 0.335449219, -0.872192383, -0.35559082, -0.941744544, -0.318713027, -0.106551515, 5, 1, 
292.628412, 0.1, 0.1, 0.105681724, 0.195661549, -0.01996087, 0.976001536, 2.3743604e-005, -0.217763635, 0.217763635, -3.48032754e-005, 0.976001536, 1.55949062e-005, -0.999999999, -3.91385437e-005, 0.976001563, -3.22236187e-006, -0.217763518, 0.217763518, -2.59963042e-005, 0.976001562, -8.80607687e-006, -1, -2.46707207e-005, 0, 0, 0, 0, 0, 0, 0, 0.1238052, -0.109228052, -0.187520728, -0.20444946, 0.693419132, -0.690854885, -0.671264648, 0.414306641, 0.614501953, 0.712260844, 0.589579955, 0.380952144, 0, 0, 0, 0, 0, 0, 0, 0.219423096, -0.0618876953, -0.143379248, -0.0214695687, 0.369113049, -0.929119616, 0.336547852, -0.872314453, -0.354370117, -0.941361016, -0.320227082, -0.10550994, 5, 1, 
292.629258, 0.1, 0.1, 0.105681723, 0.19566155, -0.0199609282, 0.976001406, -1.71572931e-005, -0.217764219, 0.21776422, 2.96029823e-005, 0.976001406, -1.02990719e-005, -0.999999999, 3.26287969e-005, 0.976001429, -2.39656111e-005, -0.217764117, 0.217764117, 2.77589369e-005, 0.976001429, -1.73455703e-005, -0.999999999, 3.23116122e-005, 0, 0, 0, 0, 0, 0, 0, 0.1238052, -0.109228052, -0.187520728, -0.20444946, 0.693419132, -0.690854885, -0.671264648, 0.414306641, 0.614501953, 0.712260844, 0.589579955, 0.380952144, 0, 0, 0, 0, 0, 0, 0, 0.219586768, -0.0626924316, -0.142950586, -0.0214695687, 0.369113049, -0.929119616, 0.336547852, -0.872314453, -0.354370117, -0.941361016, -0.320227082, -0.10550994, 5, 1, 
292.630102, 0.1, 0.1, 0.105681723, 0.195661548, -0.0199617595, 0.976001374, -2.11743505e-005, -0.217764361, 0.217764361, -1.08050761e-005, 0.976001375, -2.30191557e-005, -1, -5.93475019e-006, 0.976001368, -1.01583146e-005, -0.21776439, 0.21776439, -2.54349388e-005, 0.976001368, -1.54533529e-005, -1, -2.26124159e-005, 0, 0, 0, 0, 0, 0, 0, 0.1238052, -0.109228052, -0.187520728, -0.20444946, 0.693419132, -0.690854885, -0.671264648, 0.414306641, 0.614501953, 0.712260844, 0.589579955, 0.380952144, 0, 0, 0, 0, 0, 0, 0, 0.219586768, -0.0626924316, -0.142950586, -0.0214695687, 0.369113049, -0.929119616, 0.336547852, -0.872314453, -0.354370117, -0.941361016, -0.320227082, -0.10550994, 5, 1, 
292.631018, 0.1, 0.1, 0.105681722, 0.195661554, -0.0199624079, 0.976001497, -1.42517072e-005, -0.217763812, 0.217763812, -1.56717812e-005, 0.976001497, -1.73224343e-005, -1, -1.21921758e-005, 0.976001466, 1.88776321e-006, -0.217763953, 0.217763952, 2.31399748e-005, 0.976001465, 6.88151204e-006, -1, 2.21735626e-005, 0, 0, 0, 0, 0, 0, 0, 0.1238052, -0.109228052, -0.187520728, -0.20444946, 0.693419132, -0.690854885, -0.671264648, 0.414306641, 0.614501953, 0.712260844, 0.589579955, 0.380952144, 0, 0, 0, 0, 0, 0, 0, 0.219586768, -0.0626924316, -0.142950586, -0.0238399982, 0.368671918, -0.929202372, 0.337280273, -0.871948242, -0.354614258, -0.940996445, -0.321869102, -0.103554755, 5, 1, 
292.631871, 0.1, 0.1, 0.105681721, 0.195661553, -0.019962775, 0.976001579, -2.67947811e-006, -0.217763446, 0.217763445, 2.84242488e-005, 0.976001578, 3.5745875e-006, -1, 2.83256041e-005, 0.976001574, 8.00450413e-006, -0.217763467, 0.217763467, 1.72602232e-005, 0.976001574, 1.15710547e-005, -1, 1.51029164e-005, 0, 0, 0, 0, 0, 0, 0, 0.1238052, -0.109228052, -0.187520728, -0.20444946, 0.693419132, -0.690854885, -0.671264648, 0.414306641, 0.614501953, 0.712260844, 0.589579955, 0.380952144, 0, 0, 0, 0, 0, 0, 0, 0.219437598, -0.0634258789, -0.142691699, -0.0238399982, 0.368671918, -0.929202372, 0.337280273, -0.871948242, -0.354614258, -0.940996445, -0.321869102, -0.103554755, 5, 1, 
292.632719, 0.1, 0.1, 0.10568172, 0.19566155, -0.0199630623, 0.976001518, 2.08308404e-005, -0.217763718, 0.217763718, -2.93939883e-005, 0.976001518, 1.39299876e-005, -0.999999999, -3.32247785e-005, 0.97600154, 1.38363671e-005, -0.217763618, 0.217763619, -3.21375638e-005, 0.97600154, 6.50592345e-006, -0.999999999, -3.43793691e-005, 0, 0, 0, 0, 0, 0, 0, 0.1238052, -0.109228052, -0.187520728, -0.20444946, 0.693419132, -0.690854885, -0.671264648, 0.414306641, 0.614501953, 0.712260844, 0.589579955, 0.380952144, 0, 0, 0, 0, 0, 0, 0, 0.219437598, -0.0634258789, -0.142691699, -0.0238399982, 0.368671918, -0.929202372, 0.337280273, -0.871948242, -0.354614258, -0.940996445, -0.321869102, -0.103554755, 5, 1, 
292.633648, 0.1, 0.1, 0.105681716, 0.195661554, -0.0199623164, 0.976001392, 3.92598097e-006, -0.217764285, 0.217764284, 1.62491635e-005, 0.976001391, 7.37025035e-006, -1, 1.50042677e-005, 0.976001411, -2.14413487e-005, -0.217764198, 0.217764199, 2.80713511e-005, 0.97600141, -1.48138513e-005, -0.999999999, 3.20668364e-005, 0, 0, 0, 0, 0, 0, 0, 0.12379751, -0.109809399, -0.187419653, -0.204727665, 0.69528381, -0.68884343, -0.668945312, 0.414306641, 0.61706543, 0.71440597, 0.587307148, 0.380386377, 0, 0, 0, 0, 0, 0, 0, 0.219437598, -0.0634258789, -0.142691699, -0.0238399982, 0.368671918, -0.929202372, 0.337280273, -0.871948242, -0.354614258, -0.940996445, -0.321869102, -0.103554755, 5, 1, 
292.634489, 0.1, 0.1, 0.105681716, 0.19566155, -0.0199617051, 0.976001403, -1.27600951e-005, -0.217764234, 0.217764234, 1.33231939e-005, 0.976001403, -9.55255562e-006, -1, 1.57821482e-005, 0.97600139, -1.55440954e-005, -0.217764292, 0.217764291, -1.73942164e-005, 0.97600139, -1.8958898e-005, -1, -1.35918305e-005, 0, 0, 0, 0, 0, 0, 0, 0.12379751, -0.109809399, -0.187419653, -0.204727665, 0.69528381, -0.68884343, -0.668945312, 0.414306641, 0.61706543, 0.71440597, 0.587307148, 0.380386377, 0, 0, 0, 0, 0, 0, 0, 0.219437598, -0.0634258789, -0.142691699, -0.0238399982, 0.368671918, -0.929202372, 0.337280273, -0.871948242, -0.354614258, -0.940996445, -0.321869102, -0.103554755, 5, 1, 
292.635358, 0.1, 0.1, 0.105681717, 0.195661551, -0.0199615772, 0.976001531, -5.24960683e-006, -0.217763661, 0.21776366, -3.92316029e-005, 0.97600153, -1.36668418e-005, -0.999999999, -3.71469309e-005, 0.976001503, -1.7812278e-006, -0.217763786, 0.217763786, -2.15942558e-005, 0.976001503, -6.4409279e-006, -1, -2.06881392e-005, 0, 0, 0, 0, 0, 0, 0, 0.12379751, -0.109809399, -0.187419653, -0.204727665, 0.69528381, -0.68884343, -0.668945312, 0.414306641, 0.61706543, 0.71440597, 0.587307148, 0.380386377, 0, 0, 0, 0, 0, 0, 0, 0.219437598, -0.0634258789, -0.142691699, -0.0238399982, 0.368671918, -0.929202372, 0.337280273, -0.871948242, -0.354614258, -0.940996445, -0.321869102, -0.103554755, 5, 1, 
292.636264, 0.1, 0.1, 0.10568172, 0.195661552, -0.0199608062, 0.976001592, -1.23248905e-005, -0.217763387, 0.217763388, 2.39616013e-005, 0.976001591, -6.81115325e-006, -1, 2.60704709e-005, 0.976001594, 1.03685412e-005, -0.217763377, 0.217763377, 3.08659401e-005, 0.976001594, 1.68411841e-005, -0.999999999, 2.78673181e-005, 0, 0, 0, 0, 0, 0, 0, 0.123606494, -0.110408325, -0.187348364, -0.204269361, 0.696830969, -0.68739063, -0.666015625, 0.415649414, 0.619262695, 0.717299588, 0.584590264, 0.379414724, 0, 0, 0, 0, 0, 0, 0, 0.219321631, -0.0641593262, -0.142218115, -0.0257248213, 0.368230788, -0.929221328, 0.338256836, -0.871459961, -0.354736328, -0.940580834, -0.323511122, -0.102206577, 5, 1, 
292.637123, 0.1, 0.1, 0.105681721, 0.195661548, -0.0199608918, 0.976001492, 1.30653623e-005, -0.217763836, 0.217763836, -1.1603232e-005, 0.976001492, 1.02250488e-005, -1, -1.41699351e-005, 0.97600152, 2.63882859e-005, -0.217763707, 0.217763708, -2.78228272e-005, 0.97600152, 1.96962052e-005, -0.999999999, -3.29015326e-005, 0, 0, 0, 0, 0, 0, 0, 0.123606494, -0.110408325, -0.187348364, -0.204269361, 0.696830969, -0.68739063, -0.666015625, 0.415649414, 0.619262695, 0.717299588, 0.584590264, 0.379414724, 0, 0, 0, 0, 0, 0, 0, 0.219321631, -0.0641593262, -0.142218115, -0.0257248213, 0.368230788, -0.929221328, 0.338256836, -0.871459961, -0.354736328, -0.940580834, -0.323511122, -0.102206577, 5, 1, 
292.638032, 0.1, 0.1, 0.105681719, 0.195661552, -0.0199611292, 0.976001376, 2.00468095e-005, -0.217764354, 0.217764355, -1.45252609e-005, 0.976001376, 1.64026296e-005, -1, -1.85421552e-005, 0.976001387, 7.43157779e-006, -0.217764304, 0.217764304, 1.58475124e-005, 0.976001387, 1.07042527e-005, -1, 1.38488618e-005, 0, 0, 0, 0, 0, 0, 0, 0.123606494, -0.110408325, -0.187348364, -0.204269361, 0.696830969, -0.68739063, -0.666015625, 0.415649414, 0.619262695, 0.717299588, 0.584590264, 0.379414724, 0, 0, 0, 0, 0, 0, 0, 0.219321631, -0.0641593262, -0.142218115, -0.0257248213, 0.368230788, -0.929221328, 0.338256836, -0.871459961, -0.354736328, -0.940580834, -0.323511122, -0.102206577, 5, 1, 
292.63888, 0.1, 0.1, 0.105681718, 0.19566155, -0.0199614646, 0.976001417, -7.23020924e-007, -0.217764172, 0.217764172, 3.27706455e-005, 0.976001416, 6.43060305e-006, -0.999999999, 3.21416445e-005, 0.976001394, -1.89249296e-005, -0.217764274, 0.217764274, 1.39276737e-005, 0.976001394, -1.5437808e-005, -1, 1.77146025e-005, 0, 0, 0, 0, 0, 0, 0, 0.123606494, -0.110408325, -0.187348364, -0.204269361, 0.696830969, -0.68739063, -0.666015625, 0.415649414, 0.619262695, 0.717299588, 0.584590264, 0.379414724, 0, 0, 0, 0, 0, 0, 0, 0.219321631, -0.0641593262, -0.142218115, -0.0257248213, 0.368230788, -0.929221328, 0.338256836, -0.871459961, -0.354736328, -0.940580834, -0.323511122, -0.102206577, 5, 1, 
292.639744, 0.1, 0.1, 0.105681716, 0.195661549, -0.0199620364, 0.976001543, -7.25676818e-006, -0.217763607, 0.217763606, -3.12320254e-005, 0.976001542, -1.38838154e-005, -0.999999999, -2.89022449e-005, 0.976001521, -1.47435475e-005, -0.217763705, 0.217763704, -3.38602993e-005, 0.976001521, -2.1763269e-005, -0.999999999, -2.98370941e-005, 0, 0, 0, 0, 0, 0, 0, 0.123606494, -0.110408325, -0.187348364, -0.204269361, 0.696830969, -0.68739063, -0.666015625, 0.415649414, 0.619262695, 0.717299588, 0.584590264, 0.379414724, 0, 0, 0, 0, 0, 0, 0, 0.219321631, -0.0641593262, -0.142218115, -0.0257248213, 0.368230788, -0.929221328, 0.338256836, -0.871459961, -0.354736328, -0.940580834, -0.323511122, -0.102206577, 5, 1, 
292.640685, 0.1, 0.1, 0.105681714, 0.195661553, -0.0199622313, 0.976001562, -2.75903515e-005, -0.217763519, 0.217763519, 6.08282295e-006, 0.976001562, -2.56036092e-005, -1, 1.19450168e-005, 0.976001573, -2.52625345e-005, -0.217763471, 0.217763472, 2.59927349e-005, 0.976001573, -1.89960053e-005, -0.999999999, 3.08702074e-005, 0, 0, 0, 0, 0, 0, 0, 0.123355298, -0.111035205, -0.186856348, -0.204903277, 0.697744211, -0.686439195, -0.66418457, 0.415893555, 0.62109375, 0.718759502, 0.583333293, 0.378398888, 0, 0, 0, 0, 0, 0, 0, 0.219321631, -0.0641593262, -0.142218115, -0.0287022588, 0.368166622, -0.929220962, 0.339111328, -0.870849609, -0.35559082, -0.940280062, -0.325236264, -0.0998744273, 5, 1, 
292.641562, 0.1, 0.1, 0.105681716, 0.195661549, -0.0199615829, 0.976001434, -1.42968572e-005, -0.217764095, 0.217764095, 1.27143483e-005, 0.976001434, -1.11850246e-005, -1, 1.55225643e-005, 0.976001463, 1.25317063e-005, -0.217763962, 0.217763962, -1.23325406e-005, 0.976001463, 9.54538081e-006, -1, -1.47655317e-005, 0, 0, 0, 0, 0, 0, 0, 0.123355298, -0.111035205, -0.186856348, -0.204903277, 0.697744211, -0.686439195, -0.66418457, 0.415893555, 0.62109375, 0.718759502, 0.583333293, 0.378398888, 0, 0, 0, 0, 0, 0, 0, 0.219130957, -0.0646463379, -0.142169043, -0.0287022588, 0.368166622, -0.929220962, 0.339111328, -0.870849609, -0.35559082, -0.940280062, -0.325236264, -0.0998744273, 5, 1, 
