time, realDorsalTactorPos, realVentralTactorPos, boxPosX, boxPosY, boxPosZ, boxLocalRot_11, boxLocalRot_12, boxLocalRot_13, boxLocalRot_21, boxLocalRot_22, boxLocalRot_23, boxLocalRot_31, boxLocalRot_32, boxLocalRot_33, boxGlobalRot_11, boxGlobalRot_12, boxGlobalRot_13, boxGlobalRot_21, boxGlobalRot_22, boxGlobalRot_23, boxGlobalRot_31, boxGlobalRot_32, boxGlobalRot_33, indexForceX, indexForceY, indexForceZ, indexForceGlobalX, indexForceGlobalY, indexForceGlobalZ, indexContact, indexPosX, indexPosY, indexPosZ, indexRot_11, indexRot_12, indexRot_13, indexRot_21, indexRot_22, indexRot_23, indexRot_31, indexRot_32, indexRot_33, thumbForceX, thumbForceY, thumbForceZ, thumbForceGlobalX, thumbForceGlobalY, thumbForceGlobalZ, thumbContact, thumbPosX, thumbPosY, thumbPosZ, thumbRot_11, thumbRot_12, thumbRot_13, thumbRot_21, thumbRot_22, thumbRot_23, thumbRot_31, thumbRot_32, thumbRot_33, mapping, trialSuccess, 
169.91362, 0.1, 0.1, 0.10231093, 0.200728499, -0.0199454086, 0.796779428, -0.604270253, 6.96365494e-005, 0.604270254, 0.79677943, -9.04821147e-006, -5.00174051e-005, 4.92887242e-005, 0.999999998, 0.796779455, -0.604270217, 7.23612711e-005, 0.604270219, 0.796779457, -9.50862445e-006, -5.19101957e-005, 5.13020377e-005, 0.999999997, 0, 0, 0, 0, 0, 0, 0, 0.0780112793, -0.0630518799, -0.17120188, 0.0483963643, 0.909230613, -0.413233794, -0.360717773, 0.401733398, 0.841674805, 0.931386286, 0.108243156, 0.347610189, 0, 0, 0, 0, 0, 0, 0, 0.160090186, -0.0484640137, -0.152501318, -0.134985457, 0.189157826, -0.972560494, 0.481933594, -0.844970703, -0.231201172, -0.865653722, -0.499934088, 0.0228545945, 3, 1, 
169.946763, 0.1, 0.1, 0.102310975, 0.200728389, -0.0199727672, 0.796820396, -0.604216234, -4.14924538e-006, 0.604216233, 0.796820395, -5.33807269e-005, 3.55597051e-005, 4.00278105e-005, 0.999999999, 0.796819855, -0.604216946, -1.26576112e-005, 0.604216946, 0.796819855, -6.10398662e-006, 1.37739681e-005, -2.78416547e-006, 1, 0, 0, 0, 0, 0, 0, 0, 0.081867627, -0.0918392822, -0.16583374, 0.0620332055, 0.883683806, -0.463712205, -0.32800293, 0.45690918, 0.826782227, 0.942574351, 0.100671731, 0.318404012, 0, 0, 0, 0, 0, 0, 0, 0.163666309, -0.0718424316, -0.148602441, -0.142121165, 0.118980772, -0.982585752, 0.494628906, -0.851318359, -0.174560547, -0.857320754, -0.510746789, 0.0621832489, 3, 1, 
169.947608, 0.1, 0.1, 0.102310971, 0.200728403, -0.0199705387, 0.796822515, -0.604213438, 4.01105045e-005, 0.604213439, 0.796822515, -1.78876105e-005, -2.11530184e-005, 3.84885566e-005, 0.999999999, 0.796822133, -0.604213942, 3.08407703e-005, 0.604213943, 0.796822131, -5.68446523e-005, 9.77172321e-006, 6.39295005e-005, 0.999999998, 0, 0, 0, 0, 0, 0, 0, 0.081867627, -0.0918392822, -0.16583374, 0.0620332055, 0.883683806, -0.463712205, -0.32800293, 0.45690918, 0.826782227, 0.942574351, 0.100671731, 0.318404012, 0, 0, 0, 0, 0, 0, 0, 0.164258154, -0.0747658691, -0.148319141, -0.142121165, 0.118980772, -0.982585752, 0.494628906, -0.851318359, -0.174560547, -0.857320754, -0.510746789, 0.0621832489, 3, 1, 
169.948459, 0.1, 0.1, 0.102310976, 0.200728385, -0.0199657941, 0.796823831, -0.6042117, -6.28167353e-005, 0.604211703, 0.796823828, 6.59381205e-005, 1.02132877e-005, -9.04956724e-005, 0.999999996, 0.796823638, -0.604211957, -3.99717035e-005, 0.604211958, 0.796823633, 8.47153232e-005, -1.93356131e-005, -9.16545532e-005, 0.999999996, 0, 0, 0, 0, 0, 0, 0, 0.081867627, -0.0918392822, -0.16583374, 0.0620332055, 0.883683806, -0.463712205, -0.32800293, 0.45690918, 0.826782227, 0.942574351, 0.100671731, 0.318404012, 0, 0, 0, 0, 0, 0, 0, 0.164258154, -0.0747658691, -0.148319141, -0.142121165, 0.118980772, -0.982585752, 0.494628906, -0.851318359, -0.174560547, -0.857320754, -0.510746789, 0.0621832489, 3, 1, 
169.949301, 0.1, 0.1, 0.102310981, 0.200728382, -0.0199606751, 0.796824392, -0.604210961, 4.0088152e-005, 0.604210962, 0.796824393, -1.91554814e-005, -2.03692655e-005, 3.94852557e-005, 0.999999999, 0.796824323, -0.604211054, 2.49515796e-005, 0.604211054, 0.796824323, -1.6412687e-005, -9.96529859e-006, 2.81540484e-005, 1, 0, 0, 0, 0, 0, 0, 0, 0.081867627, -0.0918392822, -0.16583374, 0.0620332055, 0.883683806, -0.463712205, -0.32800293, 0.45690918, 0.826782227, 0.942574351, 0.100671731, 0.318404012, 0, 0, 0, 0, 0, 0, 0, 0.164258154, -0.0747658691, -0.148319141, -0.142121165, 0.118980772, -0.982585752, 0.494628906, -0.851318359, -0.174560547, -0.857320754, -0.510746789, 0.0621832489, 3, 1, 
169.950153, 0.1, 0.1, 0.102310983, 0.200728378, -0.0199567312, 0.796824837, -0.604210376, -2.41770532e-005, 0.604210377, 0.796824836, 3.33450095e-005, -8.82524323e-007, -4.11781582e-005, 0.999999999, 0.796824732, -0.604210515, -2.1152297e-005, 0.604210515, 0.796824731, 3.56943773e-005, -4.71224476e-006, -4.12226029e-005, 0.999999999, 0, 0, 0, 0, 0, 0, 0, 0.081867627, -0.0918392822, -0.16583374, 0.0620332055, 0.883683806, -0.463712205, -0.32800293, 0.45690918, 0.826782227, 0.942574351, 0.100671731, 0.318404012, 0, 0, 0, 0, 0, 0, 0, 0.164258154, -0.0747658691, -0.148319141, -0.142121165, 0.118980772, -0.982585752, 0.494628906, -0.851318359, -0.174560547, -0.857320754, -0.510746789, 0.0621832489, 3, 1, 
169.951002, 0.1, 0.1, 0.102310983, 0.200728377, -0.019955341, 0.796825094, -0.604210037, 3.04937158e-005, 0.604210037, 0.796825094, 1.91459532e-005, -3.5866335e-005, 3.16863321e-006, 0.999999999, 0.796825089, -0.604210043, 3.2666879e-005, 0.604210044, 0.796825089, -3.15282167e-006, -2.41248222e-005, 2.22499038e-005, 0.999999999, 0, 0, 0, 0, 0, 0, 0, 0.081867627, -0.0918392822, -0.16583374, 0.0620332055, 0.883683806, -0.463712205, -0.32800293, 0.45690918, 0.826782227, 0.942574351, 0.100671731, 0.318404012, 0, 0, 0, 0, 0, 0, 0, 0.164258154, -0.0747658691, -0.148319141, -0.142121165, 0.118980772, -0.982585752, 0.494628906, -0.851318359, -0.174560547, -0.857320754, -0.510746789, 0.0621832489, 3, 1, 
169.951891, 0.1, 0.1, 0.102310994, 0.200728373, -0.0199563197, 0.796824727, -0.60421052, -3.81288374e-005, 0.604210518, 0.796824728, -4.36269003e-005, 5.67418326e-005, 1.17251483e-005, 0.999999998, 0.796824849, -0.604210358, -5.94695825e-005, 0.604210358, 0.796824851, -1.48676172e-005, 5.63700095e-005, -2.40852509e-005, 0.999999998, 0, 0, 0, 0, 0, 0, 0, 0.0824624268, -0.0944614502, -0.165677051, 0.0648515614, 0.880573019, -0.469184167, -0.323364258, 0.463378906, 0.825073242, 0.943981846, 0.0981982249, 0.31506856, 0, 0, 0, 0, 0, 0, 0, 0.164338574, -0.0773876953, -0.147792578, -0.144172232, 0.112719295, -0.983000263, 0.493408203, -0.852905273, -0.170166016, -0.857659073, -0.509563756, 0.0672948759, 3, 1, 
169.952732, 0.1, 0.1, 0.102310989, 0.200728369, -0.0199594022, 0.796823807, -0.604211733, 4.51739976e-005, 0.60421173, 0.796823808, 6.76893222e-005, -7.68943995e-005, -2.66418042e-005, 0.999999997, 0.796824021, -0.604211451, 4.52109942e-005, 0.604211449, 0.796824022, 5.07848453e-005, -6.67099913e-005, -1.31495843e-005, 0.999999998, 0, 0, 0, 0, 0, 0, 0, 0.0824624268, -0.0944614502, -0.165677051, 0.0648515614, 0.880573019, -0.469184167, -0.323364258, 0.463378906, 0.825073242, 0.943981846, 0.0981982249, 0.31506856, 0, 0, 0, 0, 0, 0, 0, 0.164338574, -0.0773876953, -0.147792578, -0.144172232, 0.112719295, -0.983000263, 0.493408203, -0.852905273, -0.170166016, -0.857659073, -0.509563756, 0.0672948759, 3, 1, 
169.953935, 0.1, 0.1, 0.102310993, 0.200728364, -0.0199598289, 0.79682253, -0.604213418, -4.86981018e-005, 0.604213417, 0.796822531, -2.02668387e-005, 5.10492406e-005, -1.32749728e-005, 0.999999999, 0.796822694, -0.604213201, -4.7460113e-005, 0.604213201, 0.796822695, -1.81274515e-005, 4.87701406e-005, -1.4231662e-005, 0.999999999, 0, 0, 0, 0, 0, 0, 0, 0.0824624268, -0.0944614502, -0.165677051, 0.0689650803, 0.87768914, -0.473933845, -0.315185547, 0.469970703, 0.824462891, 0.946543719, 0.0924753897, 0.309270462, 0, 0, 0, 0, 0, 0, 0, 0.164338574, -0.0773876953, -0.147792578, -0.144172232, 0.112719295, -0.983000263, 0.493408203, -0.852905273, -0.170166016, -0.857659073, -0.509563756, 0.0672948759, 3, 1, 
169.954804, 0.1, 0.1, 0.102310989, 0.200728358, -0.019959333, 0.79682179, -0.604214392, 5.85426673e-005, 0.604214391, 0.796821792, 4.07271718e-005, -7.12560164e-005, 2.92002411e-006, 0.999999997, 0.796821916, -0.604214227, 4.37692284e-005, 0.604214225, 0.796821917, 4.76042737e-005, -6.36394599e-005, -1.14861381e-005, 0.999999998, 0, 0, 0, 0, 0, 0, 0, 0.08223396, -0.0970819092, -0.1652677, 0.0689650803, 0.87768914, -0.473933845, -0.315185547, 0.469970703, 0.824462891, 0.946543719, 0.0924753897, 0.309270462, 0, 0, 0, 0, 0, 0, 0, 0.16404292, -0.0803510254, -0.147650488, -0.148383009, 0.107691157, -0.982960884, 0.490844727, -0.854858398, -0.167724609, -0.858469872, -0.507269153, 0.0739271211, 3, 1, 
169.955648, 0.1, 0.1, 0.10231099, 0.200728355, -0.0199602897, 0.796821145, -0.604215245, -2.52859233e-005, 0.604215245, 0.796821145, -2.10624468e-005, 3.28746099e-005, 1.50486263e-006, 0.999999999, 0.79682129, -0.604215053, -1.97050005e-005, 0.604215053, 0.796821291, -1.69297821e-005, 2.59305931e-005, 1.58395293e-006, 1, 0, 0, 0, 0, 0, 0, 0, 0.08223396, -0.0970819092, -0.1652677, 0.0689650803, 0.87768914, -0.473933845, -0.315185547, 0.469970703, 0.824462891, 0.946543719, 0.0924753897, 0.309270462, 0, 0, 0, 0, 0, 0, 0, 0.16404292, -0.0803510254, -0.147650488, -0.148383009, 0.107691157, -0.982960884, 0.490844727, -0.854858398, -0.167724609, -0.858469872, -0.507269153, 0.0739271211, 3, 1, 
169.956491, 0.1, 0.1, 0.102310987, 0.200728349, -0.0199621937, 0.796820564, -0.60421601, 4.20004724e-005, 0.604216008, 0.796820565, 4.24733487e-005, -5.91299174e-005, -8.46627991e-006, 0.999999998, 0.796820681, -0.604215855, 4.65316886e-005, 0.604215854, 0.796820683, 3.03510771e-005, -5.54160139e-005, 3.93081799e-006, 0.999999998, 0, 0, 0, 0, 0, 0, 0, 0.08223396, -0.0970819092, -0.1652677, 0.0689650803, 0.87768914, -0.473933845, -0.315185547, 0.469970703, 0.824462891, 0.946543719, 0.0924753897, 0.309270462, 0, 0, 0, 0, 0, 0, 0, 0.16404292, -0.0803510254, -0.147650488, -0.148383009, 0.107691157, -0.982960884, 0.490844727, -0.854858398, -0.167724609, -0.858469872, -0.507269153, 0.0739271211, 3, 1, 
169.957338, 0.1, 0.1, 0.10231099, 0.200728348, -0.0199643119, 0.796820079, -0.60421665, -3.95035563e-005, 0.604216649, 0.79682008, -2.70722595e-005, 4.78347369e-005, -2.29698649e-006, 0.999999999, 0.79682015, -0.604216556, -3.39495908e-005, 0.604216556, 0.796820151, -2.16099173e-005, 4.01087879e-005, -3.29368727e-006, 0.999999999, 0, 0, 0, 0, 0, 0, 0, 0.08223396, -0.0970819092, -0.1652677, 0.0689650803, 0.87768914, -0.473933845, -0.315185547, 0.469970703, 0.824462891, 0.946543719, 0.0924753897, 0.309270462, 0, 0, 0, 0, 0, 0, 0, 0.16404292, -0.0803510254, -0.147650488, -0.148383009, 0.107691157, -0.982960884, 0.490844727, -0.854858398, -0.167724609, -0.858469872, -0.507269153, 0.0739271211, 3, 1, 
169.958184, 0.1, 0.1, 0.102310989, 0.200728348, -0.01996587, 0.796819665, -0.604217197, 3.46282292e-005, 0.604217197, 0.796819665, 1.13589165e-005, -3.44557067e-005, 1.18719635e-005, 0.999999999, 0.796819734, -0.604217106, 2.38392267e-005, 0.604217105, 0.796819734, 1.88969523e-005, -3.04134282e-005, -6.53395959e-007, 1, 0, 0, 0, 0, 0, 0, 0, 0.08223396, -0.0970819092, -0.1652677, 0.0689650803, 0.87768914, -0.473933845, -0.315185547, 0.469970703, 0.824462891, 0.946543719, 0.0924753897, 0.309270462, 0, 0, 0, 0, 0, 0, 0, 0.16404292, -0.0803510254, -0.147650488, -0.148383009, 0.107691157, -0.982960884, 0.490844727, -0.854858398, -0.167724609, -0.858469872, -0.507269153, 0.0739271211, 3, 1, 
169.959065, 0.1, 0.1, 0.102310995, 0.200728351, -0.0199661066, 0.796819258, -0.604217733, -3.94040019e-005, 0.604217731, 0.796819259, -4.55965434e-005, 5.89481077e-005, 1.25236072e-005, 0.999999998, 0.796819353, -0.604217607, -3.6057304e-005, 0.604217606, 0.796819354, -4.35356933e-005, 5.50361901e-005, 1.29036251e-005, 0.999999998, 0, 0, 0, 0, 0, 0, 0, 0.0823965576, -0.0996606201, -0.165240137, 0.0720878505, 0.875466508, -0.477628373, -0.311401367, 0.474731445, 0.823242188, 0.947532224, 0.0893668459, 0.307013004, 0, 0, 0, 0, 0, 0, 0, 0.164552002, -0.0826441406, -0.147787305, -0.151034521, 0.103576262, -0.983056033, 0.491088867, -0.855102539, -0.165649414, -0.857766615, -0.507824388, 0.0783358581, 3, 1, 
169.959913, 0.1, 0.1, 0.102310996, 0.200728349, -0.0199650183, 0.79681889, -0.604218219, 3.24145591e-005, 0.604218218, 0.796818891, 2.10784372e-005, -3.85645088e-005, 2.78977017e-006, 0.999999999, 0.796818942, -0.60421815, 1.87571612e-005, 0.60421815, 0.796818942, 2.82334775e-005, -3.20052409e-005, -1.11635524e-005, 0.999999999, 0, 0, 0, 0, 0, 0, 0, 0.0823965576, -0.0996606201, -0.165240137, 0.0720878505, 0.875466508, -0.477628373, -0.311401367, 0.474731445, 0.823242188, 0.947532224, 0.0893668459, 0.307013004, 0, 0, 0, 0, 0, 0, 0, 0.164552002, -0.0826441406, -0.147787305, -0.151034521, 0.103576262, -0.983056033, 0.491088867, -0.855102539, -0.165649414, -0.857766615, -0.507824388, 0.0783358581, 3, 1, 
169.960756, 0.1, 0.1, 0.102311, 0.200728349, -0.0199633755, 0.796818597, -0.604218605, -3.09263505e-005, 0.604218604, 0.796818598, -3.23265606e-005, 4.41750006e-005, 7.07212832e-006, 0.999999999, 0.796818673, -0.604218505, -2.93341022e-005, 0.604218504, 0.796818674, -3.02000997e-005, 4.16214195e-005, 6.33979608e-006, 0.999999999, 0, 0, 0, 0, 0, 0, 0, 0.0823965576, -0.0996606201, -0.165240137, 0.0720878505, 0.875466508, -0.477628373, -0.311401367, 0.474731445, 0.823242188, 0.947532224, 0.0893668459, 0.307013004, 0, 0, 0, 0, 0, 0, 0, 0.164552002, -0.0826441406, -0.147787305, -0.151034521, 0.103576262, -0.983056033, 0.491088867, -0.855102539, -0.165649414, -0.857766615, -0.507824388, 0.0783358581, 3, 1, 
169.961601, 0.1, 0.1, 0.102310997, 0.200728345, -0.0199618089, 0.796818318, -0.604218972, 4.96629741e-005, 0.60421897, 0.79681832, 3.73743468e-005, -6.2154657e-005, 2.26746901e-007, 0.999999998, 0.79681838, -0.604218889, 5.24849678e-005, 0.604218889, 0.796818382, 2.3793444e-005, -5.61974354e-005, 1.27533554e-005, 0.999999998, 0, 0, 0, 0, 0, 0, 0, 0.0823965576, -0.0996606201, -0.165240137, 0.0720878505, 0.875466508, -0.477628373, -0.311401367, 0.474731445, 0.823242188, 0.947532224, 0.0893668459, 0.307013004, 0, 0, 0, 0, 0, 0, 0, 0.164552002, -0.0826441406, -0.147787305, -0.151034521, 0.103576262, -0.983056033, 0.491088867, -0.855102539, -0.165649414, -0.857766615, -0.507824388, 0.0783358581, 3, 1, 
169.962441, 0.1, 0.1, 0.102311, 0.200728341, -0.0199608857, 0.796817732, -0.604219747, -1.61697599e-005, 0.604219746, 0.796817732, -4.24354907e-005, 3.85247129e-005, 2.40432632e-005, 0.999999999, 0.796817897, -0.604219528, -3.20856592e-005, 0.604219528, 0.796817897, -1.23783411e-005, 3.30456629e-005, -9.52349809e-006, 0.999999999, 0, 0, 0, 0, 0, 0, 0, 0.0823965576, -0.0996606201, -0.165240137, 0.0720878505, 0.875466508, -0.477628373, -0.311401367, 0.474731445, 0.823242188, 0.947532224, 0.0893668459, 0.307013004, 0, 0, 0, 0, 0, 0, 0, 0.164552002, -0.0826441406, -0.147787305, -0.151034521, 0.103576262, -0.983056033, 0.491088867, -0.855102539, -0.165649414, -0.857766615, -0.507824388, 0.0783358581, 3, 1, 
169.963294, 0.1, 0.1, 0.102310995, 0.200728339, -0.0199607961, 0.796816636, -0.604221191, 2.00145243e-005, 0.604221189, 0.796816636, 6.63893152e-005, -5.6061737e-005, -4.08069111e-005, 0.999999998, 0.796816898, -0.604220845, 4.26173974e-005, 0.604220844, 0.796816899, 3.19834518e-005, -5.32833307e-005, 2.65364956e-007, 0.999999999, 0, 0, 0, 0, 0, 0, 0, 0.0823965576, -0.0996606201, -0.165240137, 0.0720878505, 0.875466508, -0.477628373, -0.311401367, 0.474731445, 0.823242188, 0.947532224, 0.0893668459, 0.307013004, 0, 0, 0, 0, 0, 0, 0, 0.164552002, -0.0826441406, -0.147787305, -0.151034521, 0.103576262, -0.983056033, 0.491088867, -0.855102539, -0.165649414, -0.857766615, -0.507824388, 0.0783358581, 3, 1, 
169.964188, 0.1, 0.1, 0.102311007, 0.20072833, -0.0199609019, 0.796814931, -0.604223439, -4.71674377e-005, 0.604223438, 0.796814932, -3.45592101e-005, 5.84652034e-005, -9.62376692e-007, 0.999999998, 0.796815297, -0.604222954, -6.5893259e-005, 0.604222956, 0.796815298, -3.0406857e-007, 5.2688482e-005, -3.95719332e-005, 0.999999998, 0, 0, 0, 0, 0, 0, 0, 0.0824256104, -0.102217236, -0.164985913, 0.0726023208, 0.873524325, -0.481240527, -0.30859375, 0.478515625, 0.822021484, 0.948439476, 0.088809314, 0.304495314, 0, 0, 0, 0, 0, 0, 0, 0.164859326, -0.0849504395, -0.147482764, -0.153296309, 0.0991930449, -0.983112902, 0.491455078, -0.85546875, -0.162963867, -0.857267882, -0.50816234, 0.0823803904, 3, 1, 
169.965226, 0.1, 0.1, 0.102310991, 0.200728343, -0.0199605876, 0.796812263, -0.604226953, 8.00320095e-005, 0.604226956, 0.796812265, -1.85703147e-005, -5.25498021e-005, 6.31545519e-005, 0.999999997, 0.796813012, -0.604225963, 9.1660322e-005, 0.604225969, 0.796813012, -4.83396153e-005, -4.38280867e-005, 9.39011814e-005, 0.999999995, 0, 0, 0, 0, 0, 0, 0, 0.0824256104, -0.102217236, -0.164985913, 0.0726023208, 0.873524325, -0.481240527, -0.30859375, 0.478515625, 0.822021484, 0.948439476, 0.088809314, 0.304495314, 0, 0, 0, 0, 0, 0, 0, 0.164859326, -0.0849504395, -0.147482764, -0.153296309, 0.0991930449, -0.983112902, 0.491455078, -0.85546875, -0.162963867, -0.857267882, -0.50816234, 0.0823803904, 3, 1, 
169.9662, 0.1, 0.1, 0.102311005, 0.200728333, -0.0199570885, 0.796809333, -0.604230815, -9.91629355e-005, 0.60423082, 0.796809335, 2.59453236e-005, 6.33369887e-005, -8.05907778e-005, 0.999999995, 0.796809844, -0.60423014, -9.99472016e-005, 0.604230146, 0.796809845, 3.63674495e-005, 5.76646051e-005, -8.9369054e-005, 0.999999994, 0, 0, 0, 0, 0, 0, 0, 0.0824256104, -0.102217236, -0.164985913, 0.0726023208, 0.873524325, -0.481240527, -0.30859375, 0.478515625, 0.822021484, 0.948439476, 0.088809314, 0.304495314, 0, 0, 0, 0, 0, 0, 0, 0.164859326, -0.0849504395, -0.147482764, -0.153296309, 0.0991930449, -0.983112902, 0.491455078, -0.85546875, -0.162963867, -0.857267882, -0.50816234, 0.0823803904, 3, 1, 
169.967046, 0.1, 0.1, 0.102311, 0.200728338, -0.0199563654, 0.796806836, -0.604234106, 0.000102012827, 0.604234113, 0.796806836, -5.23320551e-005, -4.96637054e-005, 0.000103338169, 0.999999993, 0.796807301, -0.604233496, 8.4954475e-005, 0.604233501, 0.796807301, -4.31236015e-005, -4.16356215e-005, 8.56935404e-005, 0.999999995, 0, 0, 0, 0, 0, 0, 0, 0.0824256104, -0.102217236, -0.164985913, 0.0726023208, 0.873524325, -0.481240527, -0.30859375, 0.478515625, 0.822021484, 0.948439476, 0.088809314, 0.304495314, 0, 0, 0, 0, 0, 0, 0, 0.164859326, -0.0849504395, -0.147482764, -0.153296309, 0.0991930449, -0.983112902, 0.491455078, -0.85546875, -0.162963867, -0.857267882, -0.50816234, 0.0823803904, 3, 1, 
169.967895, 0.1, 0.1, 0.102310998, 0.200728345, -0.0199580969, 0.79680483, -0.604236758, -6.04343689e-005, 0.604236759, 0.796804831, 9.02861626e-006, 4.26989752e-005, -4.37107122e-005, 0.999999998, 0.796805157, -0.604236328, -3.71092732e-005, 0.604236327, 0.796805158, -1.67179846e-005, 3.96704739e-005, -9.10179459e-006, 0.999999999, 0, 0, 0, 0, 0, 0, 0, 0.0824256104, -0.102217236, -0.164985913, 0.0726023208, 0.873524325, -0.481240527, -0.30859375, 0.478515625, 0.822021484, 0.948439476, 0.088809314, 0.304495314, 0, 0, 0, 0, 0, 0, 0, 0.164859326, -0.0849504395, -0.147482764, -0.153296309, 0.0991930449, -0.983112902, 0.491455078, -0.85546875, -0.162963867, -0.857267882, -0.50816234, 0.0823803904, 3, 1, 
169.968785, 0.1, 0.1, 0.102310997, 0.200728333, -0.0199611322, 0.79680359, -0.604238391, 7.69957763e-005, 0.604238392, 0.796803593, 1.32522411e-005, -6.9358024e-005, 3.59643707e-005, 0.999999997, 0.796803752, -0.60423818, 4.69936865e-005, 0.604238178, 0.796803754, 4.56459476e-005, -6.50257701e-005, -7.97548278e-006, 0.999999998, 0, 0, 0, 0, 0, 0, 0, 0.0834849365, -0.104613477, -0.164186353, 0.0715232054, 0.870080288, -0.487465849, -0.310424805, 0.483886719, 0.818237305, 0.947868839, 0.09281537, 0.304986941, 0, 0, 0, 0, 0, 0, 0, 0.165694189, -0.0876071777, -0.146761523, -0.15414612, 0.0924587211, -0.983680897, 0.490966797, -0.856689453, -0.157470703, -0.857357201, -0.507151748, 0.0866166865, 3, 1, 
169.96963, 0.1, 0.1, 0.10231099, 0.200728342, -0.0199642925, 0.796803244, -0.604238852, -1.8624099e-005, 0.604238852, 0.796803244, -3.12140907e-005, 3.37005089e-005, 1.36180845e-005, 0.999999999, 0.796803253, -0.60423884, 8.11660768e-006, 0.604238839, 0.796803252, -5.35711185e-005, 2.59024111e-005, 4.75900111e-005, 0.999999999, 0, 0, 0, 0, 0, 0, 0, 0.0834849365, -0.104613477, -0.164186353, 0.0715232054, 0.870080288, -0.487465849, -0.310424805, 0.483886719, 0.818237305, 0.947868839, 0.09281537, 0.304986941, 0, 0, 0, 0, 0, 0, 0, 0.165694189, -0.0876071777, -0.146761523, -0.15414612, 0.0924587211, -0.983680897, 0.490966797, -0.856689453, -0.157470703, -0.857357201, -0.507151748, 0.0866166865, 3, 1, 
169.970477, 0.1, 0.1, 0.102310997, 0.200728327, -0.0199667952, 0.796803599, -0.604238384, -2.1225577e-006, 0.604238382, 0.796803597, 7.26436531e-005, -4.22028219e-005, -5.91652551e-005, 0.999999997, 0.796803495, -0.604238522, -1.42726108e-005, 0.604238521, 0.796803491, 8.25415513e-005, -3.85023188e-005, -7.43934577e-005, 0.999999996, 0, 0, 0, 0, 0, 0, 0, 0.0834849365, -0.104613477, -0.164186353, 0.0715232054, 0.870080288, -0.487465849, -0.310424805, 0.483886719, 0.818237305, 0.947868839, 0.09281537, 0.304986941, 0, 0, 0, 0, 0, 0, 0, 0.165694189, -0.0876071777, -0.146761523, -0.15414612, 0.0924587211, -0.983680897, 0.490966797, -0.856689453, -0.157470703, -0.857357201, -0.507151748, 0.0866166865, 3, 1, 
169.971673, 0.1, 0.1, 0.102310988, 0.200728338, -0.0199638202, 0.796804375, -0.604237358, 5.43184899e-005, 0.60423736, 0.796804374, -4.88889996e-005, -1.37406504e-005, 7.17762298e-005, 0.999999997, 0.796804271, -0.604237496, 4.37938144e-005, 0.604237498, 0.796804268, -6.94671251e-005, 7.07954356e-006, 8.18135668e-005, 0.999999997, 0, 0, 0, 0, 0, 0, 0, 0.0841831055, -0.107290332, -0.163250098, 0.0720627631, 0.865651494, -0.49525967, -0.309326172, 0.491455078, 0.814086914, 0.948154158, 0.0945055575, 0.303378746, 0, 0, 0, 0, 0, 0, 0, 0.166256006, -0.0900472656, -0.146013428, -0.155724341, 0.0855902359, -0.984082648, 0.490112305, -0.858154297, -0.15222168, -0.857523079, -0.506032514, 0.0916069119, 3, 1, 
169.972522, 0.1, 0.1, 0.102310996, 0.200728333, -0.0199593748, 0.796804598, -0.604237062, -7.35910418e-005, 0.604237066, 0.796804596, 5.2928305e-005, 2.66564369e-005, -8.6639952e-005, 0.999999996, 0.796804547, -0.60423713, -6.89203729e-005, 0.604237133, 0.796804546, 3.89819519e-005, 3.13617237e-005, -7.27052451e-005, 0.999999997, 0, 0, 0, 0, 0, 0, 0, 0.0841831055, -0.107290332, -0.163250098, 0.0720627631, 0.865651494, -0.49525967, -0.309326172, 0.491455078, 0.814086914, 0.948154158, 0.0945055575, 0.303378746, 0, 0, 0, 0, 0, 0, 0, 0.166256006, -0.0900472656, -0.146013428, -0.155724341, 0.0855902359, -0.984082648, 0.490112305, -0.858154297, -0.15222168, -0.857523079, -0.506032514, 0.0916069119, 3, 1, 
169.97337, 0.1, 0.1, 0.102310994, 0.200728326, -0.0199566348, 0.796805142, -0.604236347, 5.53979125e-005, 0.604236349, 0.796805141, -3.59845509e-005, -2.23981678e-005, 6.21461076e-005, 0.999999998, 0.79680497, -0.604236575, 5.02847031e-005, 0.604236575, 0.796804971, 1.82801246e-006, -4.11716534e-005, 2.89272874e-005, 0.999999999, 0, 0, 0, 0, 0, 0, 0, 0.0841831055, -0.107290332, -0.163250098, 0.0720627631, 0.865651494, -0.49525967, -0.309326172, 0.491455078, 0.814086914, 0.948154158, 0.0945055575, 0.303378746, 0, 0, 0, 0, 0, 0, 0, 0.166256006, -0.0900472656, -0.146013428, -0.155724341, 0.0855902359, -0.984082648, 0.490112305, -0.858154297, -0.15222168, -0.857523079, -0.506032514, 0.0916069119, 3, 1, 
169.974508, 0.1, 0.1, 0.102310996, 0.200728329, -0.019954001, 0.796806618, -0.604234402, -3.08131262e-005, 0.604234403, 0.796806617, 4.3459022e-005, -1.70733337e-006, -5.32467873e-005, 0.999999999, 0.79680627, -0.604234862, -1.23440325e-005, 0.604234862, 0.796806269, 1.91986508e-005, -1.76469161e-006, -2.27563001e-005, 1, 0, 0, 0, 0, 0, 0, 0, 0.0841831055, -0.107290332, -0.163250098, 0.0720627631, 0.865651494, -0.49525967, -0.309326172, 0.491455078, 0.814086914, 0.948154158, 0.0945055575, 0.303378746, 0, 0, 0, 0, 0, 0, 0, 0.166256006, -0.0900472656, -0.146013428, -0.155724341, 0.0855902359, -0.984082648, 0.490112305, -0.858154297, -0.15222168, -0.857523079, -0.506032514, 0.0916069119, 3, 1, 
169.975597, 0.1, 0.1, 0.102310997, 0.200728326, -0.0199486101, 0.796807539, -0.604233184, 7.03558585e-005, 0.604233185, 0.796807542, 9.56515458e-006, -6.18396625e-005, 3.48897572e-005, 0.999999997, 0.796807451, -0.604233301, 5.76202858e-005, 0.604233302, 0.796807453, -4.57945867e-006, -4.31452117e-005, 3.84650423e-005, 0.999999998, 0, 0, 0, 0, 0, 0, 0, 0.0847420166, -0.109951929, -0.162703931, 0.0742018979, 0.861709839, -0.501880018, -0.305664063, 0.498657227, 0.811157227, 0.949174863, 0.0930287914, 0.300595956, 0, 0, 0, 0, 0, 0, 0, 0.166256006, -0.0900472656, -0.146013428, -0.157187723, 0.0799999323, -0.984324718, 0.487548828, -0.860473633, -0.147705078, -0.858781571, -0.50306054, 0.0962456922, 3, 1, 
169.976441, 0.1, 0.1, 0.102311002, 0.20072832, -0.0199491495, 0.796807622, -0.604233077, -4.47357341e-005, 0.604233078, 0.796807623, -6.66149139e-006, 3.96708674e-005, -2.17228832e-005, 0.999999999, 0.796807652, -0.604233036, -5.51459285e-005, 0.604233038, 0.796807653, 1.28365414e-005, 3.61844354e-005, -4.35492463e-005, 0.999999998, 0, 0, 0, 0, 0, 0, 0, 0.0847420166, -0.109951929, -0.162703931, 0.0742018979, 0.861709839, -0.501880018, -0.305664063, 0.498657227, 0.811157227, 0.949174863, 0.0930287914, 0.300595956, 0, 0, 0, 0, 0, 0, 0, 0.166579199, -0.0925870605, -0.1454854, -0.157187723, 0.0799999323, -0.984324718, 0.487548828, -0.860473633, -0.147705078, -0.858781571, -0.50306054, 0.0962456922, 3, 1, 
169.977283, 0.1, 0.1, 0.102310998, 0.200728322, -0.0199545932, 0.796807192, -0.604233646, -7.23050813e-006, 0.604233646, 0.796807192, 1.45099202e-005, -3.00606111e-006, -1.59305251e-005, 1, 0.7968073, -0.604233503, 2.96262553e-005, 0.604233503, 0.7968073, -5.50433261e-007, -2.32738263e-005, 1.83397653e-005, 1, 0, 0, 0, 0, 0, 0, 0, 0.0847420166, -0.109951929, -0.162703931, 0.0742018979, 0.861709839, -0.501880018, -0.305664063, 0.498657227, 0.811157227, 0.949174863, 0.0930287914, 0.300595956, 0, 0, 0, 0, 0, 0, 0, 0.166579199, -0.0925870605, -0.1454854, -0.157187723, 0.0799999323, -0.984324718, 0.487548828, -0.860473633, -0.147705078, -0.858781571, -0.50306054, 0.0962456922, 3, 1, 
169.978136, 0.1, 0.1, 0.102311007, 0.200728324, -0.0199626089, 0.796806378, -0.604234719, 1.20569823e-005, 0.604234719, 0.796806378, -2.30729596e-005, 4.33440283e-006, 2.56699287e-005, 1, 0.796806565, -0.604234472, -1.92330529e-005, 0.604234471, 0.796806565, -3.02761518e-005, 3.36189175e-005, 1.2502963e-005, 0.999999999, 0, 0, 0, 0, 0, 0, 0, 0.0847420166, -0.109951929, -0.162703931, 0.0742018979, 0.861709839, -0.501880018, -0.305664063, 0.498657227, 0.811157227, 0.949174863, 0.0930287914, 0.300595956, 0, 0, 0, 0, 0, 0, 0, 0.166579199, -0.0925870605, -0.1454854, -0.157187723, 0.0799999323, -0.984324718, 0.487548828, -0.860473633, -0.147705078, -0.858781571, -0.50306054, 0.0962456922, 3, 1, 
169.978984, 0.1, 0.1, 0.102310998, 0.200728313, -0.0199700713, 0.796805145, -0.604236345, 2.78536124e-005, 0.604236343, 0.796805145, 5.49601746e-005, -5.54028367e-005, -2.6962385e-005, 0.999999998, 0.796805406, -0.604235999, 4.06861773e-005, 0.604235996, 0.796805407, 6.36220158e-005, -7.08616783e-005, -2.61103133e-005, 0.999999997, 0, 0, 0, 0, 0, 0, 0, 0.0847420166, -0.109951929, -0.162703931, 0.0742018979, 0.861709839, -0.501880018, -0.305664063, 0.498657227, 0.811157227, 0.949174863, 0.0930287914, 0.300595956, 0, 0, 0, 0, 0, 0, 0, 0.166579199, -0.0925870605, -0.1454854, -0.157187723, 0.0799999323, -0.984324718, 0.487548828, -0.860473633, -0.147705078, -0.858781571, -0.50306054, 0.0962456922, 3, 1, 
169.979831, 0.1, 0.1, 0.102311003, 0.200728316, -0.019974503, 0.796803876, -0.604238017, -3.8273067e-005, 0.604238016, 0.796803877, -3.09114645e-005, 4.91740102e-005, 1.50433273e-006, 0.999999999, 0.7968041, -0.604237723, -3.07629916e-005, 0.604237722, 0.7968041, -3.73202204e-005, 4.70623629e-005, 1.11487446e-005, 0.999999999, 0, 0, 0, 0, 0, 0, 0, 0.0847420166, -0.109951929, -0.162703931, 0.0742018979, 0.861709839, -0.501880018, -0.305664063, 0.498657227, 0.811157227, 0.949174863, 0.0930287914, 0.300595956, 0, 0, 0, 0, 0, 0, 0, 0.166579199, -0.0925870605, -0.1454854, -0.157187723, 0.0799999323, -0.984324718, 0.487548828, -0.860473633, -0.147705078, -0.858781571, -0.50306054, 0.0962456922, 3, 1, 
169.980715, 0.1, 0.1, 0.102311006, 0.200728312, -0.0199742631, 0.796803034, -0.604239128, 3.0539774e-005, 0.604239128, 0.796803035, 8.53195861e-006, -2.94895278e-005, 1.16550359e-005, 0.999999999, 0.796803147, -0.60423898, 1.42023057e-005, 0.604238979, 0.796803147, 2.21733357e-005, -2.47144356e-005, -9.08619698e-006, 1, 0, 0, 0, 0, 0, 0, 0, 0.085062793, -0.112354395, -0.162297021, 0.0760617059, 0.858447405, -0.506900788, -0.302734375, 0.504394531, 0.80871582, 0.949992626, 0.091938815, 0.298548554, 0, 0, 0, 0, 0, 0, 0, 0.167090723, -0.0951117188, -0.145158887, -0.159123952, 0.074479991, -0.984362265, 0.48425293, -0.862915039, -0.143554687, -0.860212504, -0.4995902, 0.101274197, 3, 1, 
169.981559, 0.1, 0.1, 0.102311008, 0.200728314, -0.0199698831, 0.796802698, -0.604239571, -3.86642295e-005, 0.604239571, 0.796802699, -2.73307e-006, 3.24591915e-005, -2.11847399e-005, 0.999999999, 0.796802735, -0.604239522, -3.22547969e-005, 0.604239522, 0.796802736, -9.92895001e-006, 3.17001744e-005, -1.15782085e-005, 0.999999999, 0, 0, 0, 0, 0, 0, 0, 0.085062793, -0.112354395, -0.162297021, 0.0760617059, 0.858447405, -0.506900788, -0.302734375, 0.504394531, 0.80871582, 0.949992626, 0.091938815, 0.298548554, 0, 0, 0, 0, 0, 0, 0, 0.167090723, -0.0951117188, -0.145158887, -0.159123952, 0.074479991, -0.984362265, 0.48425293, -0.862915039, -0.143554687, -0.860212504, -0.4995902, 0.101274197, 3, 1, 
169.982409, 0.1, 0.1, 0.102311008, 0.200728315, -0.0199634003, 0.796802693, -0.604239578, 1.37440793e-005, 0.604239578, 0.796802693, -2.79818696e-005, 5.95643368e-006, 3.06007458e-005, 1, 0.796802668, -0.60423961, 2.9156101e-005, 0.604239611, 0.796802668, -2.08191346e-005, -1.06519133e-005, 3.42060131e-005, 0.999999999, 0, 0, 0, 0, 0, 0, 0, 0.085062793, -0.112354395, -0.162297021, 0.0760617059, 0.858447405, -0.506900788, -0.302734375, 0.504394531, 0.80871582, 0.949992626, 0.091938815, 0.298548554, 0, 0, 0, 0, 0, 0, 0, 0.167090723, -0.0951117188, -0.145158887, -0.159123952, 0.074479991, -0.984362265, 0.48425293, -0.862915039, -0.143554687, -0.860212504, -0.4995902, 0.101274197, 3, 1, 
169.983594, 0.1, 0.1, 0.102311012, 0.200728306, -0.0199516314, 0.796802983, -0.604239196, 8.54931667e-006, 0.604239196, 0.796802983, 1.12029382e-005, -1.35813754e-005, -3.76070231e-006, 1, 0.796802897, -0.604239309, -6.45898774e-006, 0.604239309, 0.796802896, 4.41842789e-005, -2.1551338e-005, -3.91089357e-005, 0.999999999, 0, 0, 0, 0, 0, 0, 0, 0.085062793, -0.112354395, -0.162297021, 0.0760617059, 0.858447405, -0.506900788, -0.302734375, 0.504394531, 0.80871582, 0.949992626, 0.091938815, 0.298548554, 0, 0, 0, 0, 0, 0, 0, 0.16759248, -0.0976400391, -0.14461084, -0.161354023, 0.0691707701, -0.984387051, 0.481933594, -0.864868164, -0.139770508, -0.86118335, -0.496956911, 0.1061813, 3, 1, 
169.984439, 0.1, 0.1, 0.102311006, 0.20072831, -0.0199451973, 0.796803186, -0.604238928, 2.6998609e-005, 0.604238927, 0.796803186, 3.78408788e-005, -4.43775096e-005, -1.38381222e-005, 0.999999999, 0.796803189, -0.604238924, 4.42657146e-005, 0.604238924, 0.796803189, -3.28414521e-006, -3.32866542e-005, 2.93638851e-005, 0.999999999, 0, 0, 0, 0, 0, 0, 0, 0.085062793, -0.112354395, -0.162297021, 0.0760617059, 0.858447405, -0.506900788, -0.302734375, 0.504394531, 0.80871582, 0.949992626, 0.091938815, 0.298548554, 0, 0, 0, 0, 0, 0, 0, 0.16759248, -0.0976400391, -0.14461084, -0.161354023, 0.0691707701, -0.984387051, 0.481933594, -0.864868164, -0.139770508, -0.86118335, -0.496956911, 0.1061813, 3, 1, 
169.98568, 0.1, 0.1, 0.10231103, 0.200728322, -0.019942189, 0.796802833, -0.604239384, -0.000109851225, 0.604239381, 0.796802841, -5.63925014e-005, 0.000121604338, -2.14427314e-005, 0.999999992, 0.796802881, -0.604239324, -9.46489683e-005, 0.604239318, 0.796802886, -8.28564057e-005, 0.00012548167, 8.82959464e-006, 0.999999992, 0, 0, 0, 0, 0, 0, 0, 0.0857894043, -0.114955078, -0.161645874, 0.0771408213, 0.855642154, -0.511521664, -0.300537109, 0.509155273, 0.806396484, 0.950563262, 0.0913943877, 0.296684998, 0, 0, 0, 0, 0, 0, 0, 0.16759248, -0.0976400391, -0.14461084, -0.161354023, 0.0691707701, -0.984387051, 0.481933594, -0.864868164, -0.139770508, -0.86118335, -0.496956911, 0.1061813, 3, 1, 
169.987062, 0.1, 0.1, 0.102311031, 0.200728322, -0.0199378556, 0.796802776, -0.604239469, -3.73296105e-006, 0.604239469, 0.796802776, -1.04638942e-006, 3.60670352e-006, -1.42183641e-006, 1, 0.796802852, -0.604239369, 2.54464986e-005, 0.604239368, 0.796802852, 2.74358215e-005, -3.68536461e-005, -6.48516463e-006, 0.999999999, 0, 0, 0, 0, 0, 0, 0, 0.0857894043, -0.114955078, -0.161645874, 0.0771408213, 0.855642154, -0.511521664, -0.300537109, 0.509155273, 0.806396484, 0.950563262, 0.0913943877, 0.296684998, 0, 0, 0, 0, 0, 0, 0, 0.16759248, -0.0976400391, -0.14461084, -0.161354023, 0.0691707701, -0.984387051, 0.481933594, -0.864868164, -0.139770508, -0.86118335, -0.496956911, 0.1061813, 3, 1, 
169.98851, 0.1, 0.1, 0.102311025, 0.200728327, -0.0199340283, 0.796801682, -0.604240912, 7.02574805e-006, 0.604240912, 0.796801681, -4.1926535e-005, 1.97355999e-005, 3.7652378e-005, 0.999999999, 0.796801973, -0.604240528, -1.72186695e-005, 0.604240528, 0.796801973, -9.89915506e-006, 1.97013405e-005, -2.51655166e-006, 1, 0, 0, 0, 0, 0, 0, 0, 0.0862513916, -0.117314941, -0.161192822, 0.0773950608, 0.853154421, -0.515616087, -0.297973633, 0.513427734, 0.80480957, 0.951388138, 0.0912940381, 0.294243692, 0, 0, 0, 0, 0, 0, 0, 0.168087646, -0.10017666, -0.144059375, -0.163718256, 0.0637401476, -0.984437357, 0.479614258, -0.866821289, -0.135864258, -0.862045554, -0.494336382, 0.111331207, 3, 1, 
169.989894, 0.1, 0.1, 0.102311024, 0.200728329, -0.0199330377, 0.79679968, -0.604243551, 2.48215037e-005, 0.604243551, 0.79679968, -7.58720542e-006, -1.51932463e-005, 2.10437164e-005, 1, 0.796800147, -0.604242937, -5.49646711e-006, 0.604242936, 0.796800146, -3.63041308e-005, 2.63161004e-005, 2.56059353e-005, 0.999999999, 0, 0, 0, 0, 0, 0, 0, 0.0862513916, -0.117314941, -0.161192822, 0.0773950608, 0.853154421, -0.515616087, -0.297973633, 0.513427734, 0.80480957, 0.951388138, 0.0912940381, 0.294243692, 0, 0, 0, 0, 0, 0, 0, 0.168087646, -0.10017666, -0.144059375, -0.163718256, 0.0637401476, -0.984437357, 0.479614258, -0.866821289, -0.135864258, -0.862045554, -0.494336382, 0.111331207, 3, 1, 
169.991269, 0.1, 0.1, 0.102311028, 0.200728323, -0.0199357589, 0.796796886, -0.604247236, -3.43826743e-006, 0.604247236, 0.796796885, 3.70038716e-005, -1.96198864e-005, -3.15621333e-005, 0.999999999, 0.796797497, -0.60424643, 2.10497578e-005, 0.60424643, 0.796797498, 4.42750303e-006, -1.94476972e-005, 9.19141766e-006, 1, 0, 0, 0, 0, 0, 0, 0, 0.0862513916, -0.117314941, -0.161192822, 0.0773950608, 0.853154421, -0.515616087, -0.297973633, 0.513427734, 0.80480957, 0.951388138, 0.0912940381, 0.294243692, 0, 0, 0, 0, 0, 0, 0, 0.168087646, -0.10017666, -0.144059375, -0.163718256, 0.0637401476, -0.984437357, 0.479614258, -0.866821289, -0.135864258, -0.862045554, -0.494336382, 0.111331207, 3, 1, 
169.992645, 0.1, 0.1, 0.102311032, 0.200728318, -0.0199403332, 0.796793479, -0.604251728, -2.41497882e-005, 0.604251728, 0.796793479, 1.18928563e-005, 1.20561148e-005, -2.40687016e-005, 1, 0.796794198, -0.60425078, 2.03381157e-006, 0.60425078, 0.796794198, 3.60527225e-005, -2.3405415e-005, -2.74976679e-005, 0.999999999, 0, 0, 0, 0, 0, 0, 0, 0.0862513916, -0.117314941, -0.161192822, 0.0773950608, 0.853154421, -0.515616087, -0.297973633, 0.513427734, 0.80480957, 0.951388138, 0.0912940381, 0.294243692, 0, 0, 0, 0, 0, 0, 0, 0.168087646, -0.10017666, -0.144059375, -0.163718256, 0.0637401476, -0.984437357, 0.479614258, -0.866821289, -0.135864258, -0.862045554, -0.494336382, 0.111331207, 3, 1, 
169.994108, 0.1, 0.1, 0.102311029, 0.20072832, -0.0199422058, 0.796789316, -0.604257218, 8.52681447e-006, 0.604257218, 0.796789316, -3.12752702e-005, 1.21042331e-005, 3.00721904e-005, 0.999999999, 0.796790128, -0.604256147, -1.34194651e-005, 0.604256147, 0.796790128, -2.77702464e-006, 1.23705316e-005, -5.89608848e-006, 1, 0, 0, 0, 0, 0, 0, 0, 0.0868980469, -0.11968042, -0.160541064, 0.0769318871, 0.850451763, -0.52026205, -0.297363281, 0.517700195, 0.802246094, 0.95158509, 0.0929580164, 0.29300207, 0, 0, 0, 0, 0, 0, 0, 0.168859277, -0.102538379, -0.143514746, -0.165379599, 0.0577535564, -0.984436624, 0.478027344, -0.868408203, -0.131225586, -0.862588397, -0.492265259, 0.115995507, 3, 1, 
169.995515, 0.1, 0.1, 0.102311025, 0.20072832, -0.0199421864, 0.796784927, -0.604263005, 2.89137225e-005, 0.604263005, 0.796784927, -3.013886e-006, -2.12168385e-005, 1.98729118e-005, 1, 0.796785907, -0.604261714, 1.37247832e-006, 0.604261714, 0.796785906, -2.9824241e-005, 1.69280756e-005, 2.4592871e-005, 1, 0, 0, 0, 0, 0, 0, 0, 0.0868980469, -0.11968042, -0.160541064, 0.0769318871, 0.850451763, -0.52026205, -0.297363281, 0.517700195, 0.802246094, 0.95158509, 0.0929580164, 0.29300207, 0, 0, 0, 0, 0, 0, 0, 0.168859277, -0.102538379, -0.143514746, -0.166312532, 0.0517924848, -0.984602135, 0.476806641, -0.869750977, -0.126342773, -0.86305468, -0.490436939, 0.119905878, 3, 1, 
169.996841, 0.1, 0.1, 0.102311028, 0.200728317, -0.0199404743, 0.79678045, -0.604268909, 3.89583414e-007, 0.604268909, 0.796780449, 2.44466741e-005, -1.50827776e-005, -1.92432189e-005, 1, 0.796781242, -0.604267865, 2.11537282e-005, 0.604267865, 0.796781242, -2.08505923e-008, -1.68422945e-005, 1.27991315e-005, 1, 0, 0, 0, 0, 0, 0, 0, 0.0868980469, -0.11968042, -0.160541064, 0.0769318871, 0.850451763, -0.52026205, -0.297363281, 0.517700195, 0.802246094, 0.95158509, 0.0929580164, 0.29300207, 0, 0, 0, 0, 0, 0, 0, 0.169680713, -0.104903516, -0.14277373, -0.166312532, 0.0517924848, -0.984602135, 0.476806641, -0.869750977, -0.126342773, -0.86305468, -0.490436939, 0.119905878, 3, 1, 
169.997701, 0.1, 0.1, 0.10231103, 0.200728314, -0.0199447304, 0.796777493, -0.604272808, -1.90990331e-005, 0.604272808, 0.796777493, 5.61490578e-006, 1.18247448e-005, -1.60148569e-005, 1, 0.79677813, -0.604271968, -1.17214043e-006, 0.604271968, 0.79677813, 2.06678058e-005, -1.15550398e-005, -1.71759472e-005, 1, 0, 0, 0, 0, 0, 0, 0, 0.0868980469, -0.11968042, -0.160541064, 0.0765892808, 0.847387403, -0.52525062, -0.29699707, 0.522216797, 0.799438477, 0.951762945, 0.0946792828, 0.291938302, 0, 0, 0, 0, 0, 0, 0, 0.169680713, -0.104903516, -0.14277373, -0.166312532, 0.0517924848, -0.984602135, 0.476806641, -0.869750977, -0.126342773, -0.86305468, -0.490436939, 0.119905878, 3, 1, 
169.998544, 0.1, 0.1, 0.102311032, 0.200728314, -0.019954632, 0.796774628, -0.604276586, -3.64767411e-006, 0.604276586, 0.796774628, -1.3351652e-005, 1.09744649e-005, 8.43405346e-006, 1, 0.796775189, -0.604275845, -1.44136347e-005, 0.604275846, 0.796775189, 5.57802221e-007, 1.11473601e-005, -9.15425426e-006, 1, 0, 0, 0, 0, 0, 0, 0, 0.08799729, -0.122064209, -0.159906274, 0.0765892808, 0.847387403, -0.52525062, -0.29699707, 0.522216797, 0.799438477, 0.951762945, 0.0946792828, 0.291938302, 0, 0, 0, 0, 0, 0, 0, 0.169680713, -0.104903516, -0.14277373, -0.166312532, 0.0517924848, -0.984602135, 0.476806641, -0.869750977, -0.126342773, -0.86305468, -0.490436939, 0.119905878, 3, 1, 
