time, realDorsalTactorPos, realVentralTactorPos, boxPosX, boxPosY, boxPosZ, boxLocalRot_11, boxLocalRot_12, boxLocalRot_13, boxLocalRot_21, boxLocalRot_22, boxLocalRot_23, boxLocalRot_31, boxLocalRot_32, boxLocalRot_33, boxGlobalRot_11, boxGlobalRot_12, boxGlobalRot_13, boxGlobalRot_21, boxGlobalRot_22, boxGlobalRot_23, boxGlobalRot_31, boxGlobalRot_32, boxGlobalRot_33, indexForceX, indexForceY, indexForceZ, indexForceGlobalX, indexForceGlobalY, indexForceGlobalZ, indexContact, indexPosX, indexPosY, indexPosZ, indexRot_11, indexRot_12, indexRot_13, indexRot_21, indexRot_22, indexRot_23, indexRot_31, indexRot_32, indexRot_33, thumbForceX, thumbForceY, thumbForceZ, thumbForceGlobalX, thumbForceGlobalY, thumbForceGlobalZ, thumbContact, thumbPosX, thumbPosY, thumbPosZ, thumbRot_11, thumbRot_12, thumbRot_13, thumbRot_21, thumbRot_22, thumbRot_23, thumbRot_31, thumbRot_32, thumbRot_33, mapping, trialSuccess, 
1300.56155, 0.1, 0.1, 0.09660922, 0.197377613, -0.0199699324, 0.948527991, 1.62242665e-006, -0.316693307, 0.316693307, 7.78547213e-006, 0.948527991, 4.00452401e-006, -1, 6.87092658e-006, 0.948527643, -1.61424763e-005, -0.316694347, 0.316694347, 8.52089076e-006, 0.948527644, -1.26130671e-005, -1, 1.31945314e-005, 0, 0, 0, 0, 0, 0, 0, 0.201172729, -0.0140566895, 0.044766626, -0.563893766, 0.663685686, -0.491407172, -0.612060547, 0.0634765625, 0.788208008, 0.554388447, 0.745195022, 0.370620542, 0, 0, 0, 0, 0, 0, 0, 0.256914502, 0.0444274902, 0.0569153809, -0.559603335, 0.637035711, -0.529789993, -0.0378417969, -0.658325195, -0.751708984, -0.827799758, -0.400571831, 0.392695947, 5, 1, 
1300.59655, 0.1, 0.1, 0.0966092248, 0.19737758, -0.0199658462, 0.948541933, 2.49909819e-005, -0.316651545, 0.316651545, 2.80166089e-005, 0.948541933, 3.25764968e-005, -0.999999999, 1.86614954e-005, 0.948541877, 2.42192947e-005, -0.316651712, 0.316651712, 4.67424257e-007, 0.948541877, 2.31210259e-005, -1, -7.22570966e-006, 0, 0, 0, 0, 0, 0, 0, 0.204758667, -0.0357744629, 0.0741749023, -0.602532247, 0.630229335, -0.489622219, -0.580566406, 0.0747070312, 0.810791016, 0.54765462, 0.772740536, 0.321024652, 0, 0, 0, 0, 0, 0, 0, 0.25750791, 0.0248112305, 0.0823370605, -0.609282074, 0.594337695, -0.524728637, -0.0384521484, -0.683105469, -0.729125977, -0.791902396, -0.424084693, 0.439133691, 5, 1, 
1300.59742, 0.1, 0.1, 0.0966092223, 0.197377581, -0.01996624, 0.948542093, -1.9807972e-005, -0.316651067, 0.316651066, -3.51942306e-005, 0.948542092, -2.99329858e-005, -0.999999999, -2.71109937e-005, 0.948542079, -2.44525122e-005, -0.316651108, 0.316651108, -2.18216423e-005, 0.948542079, -3.0104084e-005, -0.999999999, -1.29558309e-005, 0, 0, 0, 0, 0, 0, 0, 0.204758667, -0.0357744629, 0.0741749023, -0.607329857, 0.627381022, -0.487207123, -0.575195312, 0.0755615234, 0.814453125, 0.547796527, 0.775045543, 0.315204093, 0, 0, 0, 0, 0, 0, 0, 0.25750791, 0.0248112305, 0.0823370605, -0.609282074, 0.594337695, -0.524728637, -0.0384521484, -0.683105469, -0.729125977, -0.791902396, -0.424084693, 0.439133691, 5, 1, 
1300.59828, 0.1, 0.1, 0.0966092236, 0.197377582, -0.0199649878, 0.948542051, -4.54002773e-006, -0.316651191, 0.316651191, 2.21924438e-005, 0.948542051, 2.72085654e-006, -1, 2.24880713e-005, 0.948542075, 1.01559718e-005, -0.316651121, 0.316651121, 2.94647556e-005, 0.948542074, 1.89634144e-005, -1, 2.47326605e-005, 0, 0, 0, 0, 0, 0, 0, 0.2049604, -0.0379221924, 0.0760665527, -0.607329857, 0.627381022, -0.487207123, -0.575195312, 0.0755615234, 0.814453125, 0.547796527, 0.775045543, 0.315204093, 0, 0, 0, 0, 0, 0, 0, 0.257695605, 0.0227044922, 0.0841062988, -0.614501609, 0.589947914, -0.523520084, -0.0397949219, -0.686035156, -0.726318359, -0.787786768, -0.425528019, 0.445152365, 5, 1, 
1300.59913, 0.1, 0.1, 0.0966092203, 0.197377576, -0.0199630948, 0.948541839, 1.57338093e-005, -0.316651828, 0.316651828, -1.13782461e-005, 0.948541838, 1.13212339e-005, -1, -1.5774882e-005, 0.948541893, -7.46771365e-006, -0.316651664, 0.316651664, -3.72616209e-005, 0.948541893, -1.88823935e-005, -0.999999999, -3.29795445e-005, 0, 0, 0, 0, 0, 0, 0, 0.2049604, -0.0379221924, 0.0760665527, -0.607329857, 0.627381022, -0.487207123, -0.575195312, 0.0755615234, 0.814453125, 0.547796527, 0.775045543, 0.315204093, 0, 0, 0, 0, 0, 0, 0, 0.257695605, 0.0227044922, 0.0841062988, -0.614501609, 0.589947914, -0.523520084, -0.0397949219, -0.686035156, -0.726318359, -0.787786768, -0.425528019, 0.445152365, 5, 1, 
1300.59997, 0.1, 0.1, 0.0966092194, 0.197377579, -0.019961347, 0.948541455, -2.57249092e-005, -0.316652977, 0.316652977, -2.73621086e-005, 0.948541455, -3.3065436e-005, -0.999999999, -1.78082252e-005, 0.948541546, -2.32026177e-005, -0.316652703, 0.316652703, 4.50807123e-006, 0.948541547, -2.0581154e-005, -1, 1.16232645e-005, 0, 0, 0, 0, 0, 0, 0, 0.2049604, -0.0379221924, 0.0760665527, -0.607329857, 0.627381022, -0.487207123, -0.575195312, 0.0755615234, 0.814453125, 0.547796527, 0.775045543, 0.315204093, 0, 0, 0, 0, 0, 0, 0, 0.257695605, 0.0227044922, 0.0841062988, -0.614501609, 0.589947914, -0.523520084, -0.0397949219, -0.686035156, -0.726318359, -0.787786768, -0.425528019, 0.445152365, 5, 1, 
1300.60084, 0.1, 0.1, 0.0966092215, 0.197377577, -0.0199599373, 0.948540907, 1.96005054e-005, -0.316654619, 0.316654618, 4.14965565e-005, 0.948540906, 3.17319574e-005, -0.999999999, 3.31545908e-005, 0.948541025, 2.61667387e-005, -0.316654266, 0.316654265, 2.73564112e-005, 0.948541025, 3.34827494e-005, -0.999999999, 1.76628689e-005, 0, 0, 0, 0, 0, 0, 0, 0.2049604, -0.0379221924, 0.0760665527, -0.607329857, 0.627381022, -0.487207123, -0.575195312, 0.0755615234, 0.814453125, 0.547796527, 0.775045543, 0.315204093, 0, 0, 0, 0, 0, 0, 0, 0.257695605, 0.0227044922, 0.0841062988, -0.614501609, 0.589947914, -0.523520084, -0.0397949219, -0.686035156, -0.726318359, -0.787786768, -0.425528019, 0.445152365, 5, 1, 
1300.6017, 0.1, 0.1, 0.0966092184, 0.197377575, -0.0199596756, 0.948540228, -2.01549539e-006, -0.316656654, 0.316656653, -3.16584344e-005, 0.948540227, -1.19366324e-005, -0.999999999, -2.93910786e-005, 0.948540368, -1.76908868e-005, -0.316656234, 0.316656233, -3.90674077e-005, 0.948540367, -2.91514585e-005, -0.999999999, -3.14550836e-005, 0, 0, 0, 0, 0, 0, 0, 0.2049604, -0.0379221924, 0.0760665527, -0.607329857, 0.627381022, -0.487207123, -0.575195312, 0.0755615234, 0.814453125, 0.547796527, 0.775045543, 0.315204093, 0, 0, 0, 0, 0, 0, 0, 0.257695605, 0.0227044922, 0.0841062988, -0.614501609, 0.589947914, -0.523520084, -0.0397949219, -0.686035156, -0.726318359, -0.787786768, -0.425528019, 0.445152365, 5, 1, 
1300.6026, 0.1, 0.1, 0.0966092209, 0.197377582, -0.0199601556, 0.94853938, -2.05139345e-005, -0.316659192, 0.316659192, 1.61192656e-005, 0.94853938, -1.43539611e-005, -1, 2.17856841e-005, 0.948539542, 2.36069388e-006, -0.316658707, 0.316658707, 4.1754254e-005, 0.948539541, 1.54610596e-005, -0.999999999, 3.88580267e-005, 0, 0, 0, 0, 0, 0, 0, 0.205468018, -0.0402849854, 0.0785323486, -0.610546985, 0.624716556, -0.486657826, -0.571166992, 0.078125, 0.817016602, 0.548553254, 0.776950656, 0.309308272, 0, 0, 0, 0, 0, 0, 0, 0.257863525, 0.0203828125, 0.0861454102, -0.620123629, 0.585679535, -0.521742803, -0.0416259766, -0.688720703, -0.723632812, -0.783345215, -0.426958586, 0.451599043, 5, 1, 
1300.60346, 0.1, 0.1, 0.0966092217, 0.197377579, -0.0199611359, 0.948538441, 3.02603365e-005, -0.316662004, 0.316662003, 2.94731303e-005, 0.948538441, 3.80361129e-005, -0.999999999, 1.83740983e-005, 0.948538633, 2.61102137e-005, -0.316661428, 0.316661429, -1.67399029e-006, 0.948538634, 2.42364583e-005, -1, -9.85594203e-006, 0, 0, 0, 0, 0, 0, 0, 0.205468018, -0.0402849854, 0.0785323486, -0.610546985, 0.624716556, -0.486657826, -0.571166992, 0.078125, 0.817016602, 0.548553254, 0.776950656, 0.309308272, 0, 0, 0, 0, 0, 0, 0, 0.257863525, 0.0203828125, 0.0861454102, -0.620123629, 0.585679535, -0.521742803, -0.0416259766, -0.688720703, -0.723632812, -0.783345215, -0.426958586, 0.451599043, 5, 1, 
1300.60431, 0.1, 0.1, 0.096609221, 0.19737758, -0.0199625583, 0.948537441, -1.31932046e-005, -0.316665001, 0.316665, -3.98487934e-005, 0.94853744, -2.51329667e-005, -0.999999999, -3.36202464e-005, 0.94853765, -1.83907919e-005, -0.316664375, 0.316664375, -2.55971412e-005, 0.94853765, -2.55500612e-005, -1, -1.84561436e-005, 0, 0, 0, 0, 0, 0, 0, 0.205468018, -0.0402849854, 0.0785323486, -0.610546985, 0.624716556, -0.486657826, -0.571166992, 0.078125, 0.817016602, 0.548553254, 0.776950656, 0.309308272, 0, 0, 0, 0, 0, 0, 0, 0.257863525, 0.0203828125, 0.0861454102, -0.620123629, 0.585679535, -0.521742803, -0.0416259766, -0.688720703, -0.723632812, -0.783345215, -0.426958586, 0.451599043, 5, 1, 
1300.60517, 0.1, 0.1, 0.0966092237, 0.197377581, -0.0199640224, 0.948536375, -3.39645052e-007, -0.316668194, 0.316668194, 2.36245666e-005, 0.948536375, 7.15898314e-006, -1, 2.25163155e-005, 0.948536608, 1.63337018e-005, -0.316667496, 0.316667495, 2.96290842e-005, 0.948536608, 2.4875682e-005, -0.999999999, 2.29319186e-005, 0, 0, 0, 0, 0, 0, 0, 0.205468018, -0.0402849854, 0.0785323486, -0.610546985, 0.624716556, -0.486657826, -0.571166992, 0.078125, 0.817016602, 0.548553254, 0.776950656, 0.309308272, 0, 0, 0, 0, 0, 0, 0, 0.257863525, 0.0203828125, 0.0861454102, -0.620123629, 0.585679535, -0.521742803, -0.0416259766, -0.688720703, -0.723632812, -0.783345215, -0.426958586, 0.451599043, 5, 1, 
1300.606, 0.1, 0.1, 0.0966092202, 0.197377576, -0.0199649639, 0.948535277, 1.12688821e-005, -0.316671482, 0.316671482, -1.1134008e-005, 0.948535277, 7.16310938e-006, -1, -1.4129533e-005, 0.948535495, -9.3911431e-006, -0.316670831, 0.316670831, -3.37498685e-005, 0.948535494, -1.95954315e-005, -0.999999999, -2.90390471e-005, 0, 0, 0, 0, 0, 0, 0, 0.205468018, -0.0402849854, 0.0785323486, -0.610546985, 0.624716556, -0.486657826, -0.571166992, 0.078125, 0.817016602, 0.548553254, 0.776950656, 0.309308272, 0, 0, 0, 0, 0, 0, 0, 0.257863525, 0.0203828125, 0.0861454102, -0.620123629, 0.585679535, -0.521742803, -0.0416259766, -0.688720703, -0.723632812, -0.783345215, -0.426958586, 0.451599043, 5, 1, 
1300.60688, 0.1, 0.1, 0.0966092187, 0.197377578, -0.0199650068, 0.94853408, -2.53688746e-005, -0.316675068, 0.316675067, -2.59411495e-005, 0.94853408, -3.22781574e-005, -0.999999999, -1.65723743e-005, 0.948534346, -2.29887814e-005, -0.316674271, 0.316674271, 6.5232768e-006, 0.948534346, -1.97398948e-005, -1, 1.34675077e-005, 0, 0, 0, 0, 0, 0, 0, 0.205468018, -0.0402849854, 0.0785323486, -0.614990006, 0.620415443, -0.486571703, -0.567871094, 0.0794677734, 0.819213867, 0.547032305, 0.780227316, 0.303609402, 0, 0, 0, 0, 0, 0, 0, 0.257863525, 0.0203828125, 0.0861454102, -0.620123629, 0.585679535, -0.521742803, -0.0416259766, -0.688720703, -0.723632812, -0.783345215, -0.426958586, 0.451599043, 5, 1, 
1300.60775, 0.1, 0.1, 0.0966092204, 0.197377577, -0.0199637303, 0.948532848, 1.70002831e-005, -0.316678758, 0.316678757, 3.72259977e-005, 0.948532848, 2.79140097e-005, -0.999999999, 2.99264531e-005, 0.948533087, 2.2818702e-005, -0.316678041, 0.31667804, 2.46029967e-005, 0.948533088, 2.94355226e-005, -0.999999999, 1.61105746e-005, 0, 0, 0, 0, 0, 0, 0, 0.205906055, -0.0420575195, 0.0807518311, -0.614990006, 0.620415443, -0.486571703, -0.567871094, 0.0794677734, 0.819213867, 0.547032305, 0.780227316, 0.303609402, 0, 0, 0, 0, 0, 0, 0, 0.25819707, 0.0188156738, 0.0879546875, -0.626965861, 0.579877412, -0.520099684, -0.0418701172, -0.691772461, -0.720825195, -0.777804485, -0.43014601, 0.458154363, 5, 1, 
1300.60859, 0.1, 0.1, 0.096609218, 0.197377575, -0.0199623576, 0.94853162, 1.02869878e-006, -0.316682437, 0.316682437, -2.89333811e-005, 0.94853162, -8.18694032e-006, -1, -2.77699977e-005, 0.948531862, -1.37663356e-005, -0.316681711, 0.31668171, -3.60943055e-005, 0.948531862, -2.44882143e-005, -0.999999999, -2.98770521e-005, 0, 0, 0, 0, 0, 0, 0, 0.205906055, -0.0420575195, 0.0807518311, -0.614990006, 0.620415443, -0.486571703, -0.567871094, 0.0794677734, 0.819213867, 0.547032305, 0.780227316, 0.303609402, 0, 0, 0, 0, 0, 0, 0, 0.25819707, 0.0188156738, 0.0879546875, -0.626965861, 0.579877412, -0.520099684, -0.0418701172, -0.691772461, -0.720825195, -0.777804485, -0.43014601, 0.458154363, 5, 1, 
1300.60944, 0.1, 0.1, 0.0966092208, 0.19737758, -0.0199613645, 0.948530358, -1.72888606e-005, -0.316686215, 0.316686216, 1.02696644e-005, 0.948530358, -1.31467479e-005, -1, 1.52162323e-005, 0.948530609, 5.5074332e-006, -0.316685466, 0.316685466, 3.54265825e-005, 0.948530608, 1.64430528e-005, -0.999999999, 3.18590738e-005, 0, 0, 0, 0, 0, 0, 0, 0.205906055, -0.0420575195, 0.0807518311, -0.614990006, 0.620415443, -0.486571703, -0.567871094, 0.0794677734, 0.819213867, 0.547032305, 0.780227316, 0.303609402, 0, 0, 0, 0, 0, 0, 0, 0.25819707, 0.0188156738, 0.0879546875, -0.626965861, 0.579877412, -0.520099684, -0.0418701172, -0.691772461, -0.720825195, -0.777804485, -0.43014601, 0.458154363, 5, 1, 
1300.6103, 0.1, 0.1, 0.0966092216, 0.197377577, -0.0199610438, 0.948529036, 2.64388622e-005, -0.316690175, 0.316690174, 3.01856482e-005, 0.948529036, 3.46375267e-005, -0.999999999, 2.02590359e-005, 0.94852933, 2.32034296e-005, -0.316689296, 0.316689296, -5.36779248e-006, 0.94852933, 2.03092111e-005, -1, -1.24397864e-005, 0, 0, 0, 0, 0, 0, 0, 0.205906055, -0.0420575195, 0.0807518311, -0.614990006, 0.620415443, -0.486571703, -0.567871094, 0.0794677734, 0.819213867, 0.547032305, 0.780227316, 0.303609402, 0, 0, 0, 0, 0, 0, 0, 0.25819707, 0.0188156738, 0.0879546875, -0.626965861, 0.579877412, -0.520099684, -0.0418701172, -0.691772461, -0.720825195, -0.777804485, -0.43014601, 0.458154363, 5, 1, 
1300.61117, 0.1, 0.1, 0.0966092198, 0.197377578, -0.01996125, 0.948527657, -1.597993e-005, -0.316694306, 0.316694305, -4.06904566e-005, 0.948527657, -2.80438415e-005, -0.999999999, -3.35352706e-005, 0.948527974, -2.28610141e-005, -0.316693356, 0.316693356, -2.39746499e-005, 0.948527974, -2.92769237e-005, -0.999999999, -1.55006949e-005, 0, 0, 0, 0, 0, 0, 0, 0.205906055, -0.0420575195, 0.0807518311, -0.614990006, 0.620415443, -0.486571703, -0.567871094, 0.0794677734, 0.819213867, 0.547032305, 0.780227316, 0.303609402, 0, 0, 0, 0, 0, 0, 0, 0.25819707, 0.0188156738, 0.0879546875, -0.626965861, 0.579877412, -0.520099684, -0.0418701172, -0.691772461, -0.720825195, -0.777804485, -0.43014601, 0.458154363, 5, 1, 
1300.61201, 0.1, 0.1, 0.0966092225, 0.197377579, -0.0199617891, 0.948526294, 6.91573647e-007, -0.316698389, 0.316698389, 2.73132577e-005, 0.948526294, 9.30604052e-006, -1, 2.56883229e-005, 0.948526567, 1.67010806e-005, -0.316697572, 0.316697572, 3.33223639e-005, 0.948526566, 2.63945304e-005, -0.999999999, 2.63179557e-005, 0, 0, 0, 0, 0, 0, 0, 0.205906055, -0.0420575195, 0.0807518311, -0.614990006, 0.620415443, -0.486571703, -0.567871094, 0.0794677734, 0.819213867, 0.547032305, 0.780227316, 0.303609402, 0, 0, 0, 0, 0, 0, 0, 0.25819707, 0.0188156738, 0.0879546875, -0.626965861, 0.579877412, -0.520099684, -0.0418701172, -0.691772461, -0.720825195, -0.777804485, -0.43014601, 0.458154363, 5, 1, 
1300.61288, 0.1, 0.1, 0.096609219, 0.197377574, -0.0199626085, 0.948524863, 1.58470752e-005, -0.316702675, 0.316702675, -9.14808644e-006, 0.948524863, 1.21341214e-005, -1, -1.36959986e-005, 0.948525168, -9.24199554e-006, -0.31670176, 0.316701759, -3.62226993e-005, 0.948525168, -2.0238058e-005, -0.999999999, -3.14311857e-005, 0, 0, 0, 0, 0, 0, 0, 0.205906055, -0.0420575195, 0.0807518311, -0.620080047, 0.61643784, -0.485216626, -0.563232422, 0.0805664062, 0.822265625, 0.546108201, 0.783205554, 0.297338774, 0, 0, 0, 0, 0, 0, 0, 0.25819707, 0.0188156738, 0.0879546875, -0.626965861, 0.579877412, -0.520099684, -0.0418701172, -0.691772461, -0.720825195, -0.777804485, -0.43014601, 0.458154363, 5, 1, 
1300.61375, 0.1, 0.1, 0.0966092186, 0.197377578, -0.0199629356, 0.948523402, -2.34289903e-005, -0.316707049, 0.316707049, -2.06934998e-005, 0.948523402, -2.87767228e-005, -1, -1.22081425e-005, 0.948523684, -2.07702259e-005, -0.316706206, 0.316706206, 1.06315178e-005, 0.948523684, -1.63339835e-005, -1, 1.66623058e-005, 0, 0, 0, 0, 0, 0, 0, 0.2060896, -0.0438144287, 0.0828111816, -0.620080047, 0.61643784, -0.485216626, -0.563232422, 0.0805664062, 0.822265625, 0.546108201, 0.783205554, 0.297338774, 0, 0, 0, 0, 0, 0, 0, 0.257842822, 0.0172519531, 0.0895990723, -0.634223338, 0.574049769, -0.517791953, -0.0428466797, -0.694702148, -0.717895508, -0.771816427, -0.433090632, 0.465393249, 5, 1, 
1300.6146, 0.1, 0.1, 0.0966092207, 0.197377578, -0.0199632784, 0.948521973, 1.84755487e-005, -0.31671133, 0.31671133, 3.83398515e-005, 0.948521972, 2.96671292e-005, -0.999999999, 3.05147759e-005, 0.948522258, 2.44989712e-005, -0.316710476, 0.316710475, 2.65509944e-005, 0.948522258, 3.16467975e-005, -0.999999999, 1.74251283e-005, 0, 0, 0, 0, 0, 0, 0, 0.2060896, -0.0438144287, 0.0828111816, -0.620080047, 0.61643784, -0.485216626, -0.563232422, 0.0805664062, 0.822265625, 0.546108201, 0.783205554, 0.297338774, 0, 0, 0, 0, 0, 0, 0, 0.257842822, 0.0172519531, 0.0895990723, -0.634223338, 0.574049769, -0.517791953, -0.0428466797, -0.694702148, -0.717895508, -0.771816427, -0.433090632, 0.465393249, 5, 1, 
1300.61549, 0.1, 0.1, 0.0966092182, 0.197377574, -0.0199631114, 0.948520464, 1.08707391e-006, -0.316715851, 0.316715851, -3.69722387e-005, 0.948520463, -1.06785822e-005, -0.999999999, -3.54132185e-005, 0.948520747, -1.3168833e-005, -0.316715001, 0.316715, -4.32468236e-005, 0.948520747, -2.61878291e-005, -0.999999999, -3.68497425e-005, 0, 0, 0, 0, 0, 0, 0, 0.206391064, -0.0457972656, 0.0854019531, -0.622885298, 0.612422044, -0.48657132, -0.560668945, 0.0841064453, 0.823730469, 0.545563774, 0.785942656, 0.291126556, 0, 0, 0, 0, 0, 0, 0, 0.257618701, 0.0155404297, 0.0914716797, -0.638784826, 0.568759137, -0.518072303, -0.0426025391, -0.698364258, -0.714355469, -0.768122607, -0.43413767, 0.470396234, 5, 1, 
1300.61634, 0.1, 0.1, 0.0966092207, 0.197377578, -0.0199626076, 0.948519007, -1.94625651e-005, -0.316720213, 0.316720213, 3.67593562e-006, 0.948519007, -1.72963698e-005, -1, 9.65088257e-006, 0.948519293, 3.62725155e-006, -0.316719357, 0.316719357, 2.68337603e-005, 0.948519292, 1.19392894e-005, -1, 2.43035186e-005, 0, 0, 0, 0, 0, 0, 0, 0.206391064, -0.0457972656, 0.0854019531, -0.622885298, 0.612422044, -0.48657132, -0.560668945, 0.0841064453, 0.823730469, 0.545563774, 0.785942656, 0.291126556, 0, 0, 0, 0, 0, 0, 0, 0.257618701, 0.0155404297, 0.0914716797, -0.638784826, 0.568759137, -0.518072303, -0.0426025391, -0.698364258, -0.714355469, -0.768122607, -0.43413767, 0.470396234, 5, 1, 
1300.6172, 0.1, 0.1, 0.0966092204, 0.197377575, -0.0199621901, 0.948517518, 2.03783031e-005, -0.316724673, 0.316724672, 3.26840171e-005, 0.948517518, 2.96810121e-005, -0.999999999, 2.45470514e-005, 0.948517854, 1.75709043e-005, -0.316723664, 0.316723664, -4.88408435e-006, 0.948517855, 1.51194114e-005, -1, -1.01977624e-005, 0, 0, 0, 0, 0, 0, 0, 0.206391064, -0.0457972656, 0.0854019531, -0.622885298, 0.612422044, -0.48657132, -0.560668945, 0.0841064453, 0.823730469, 0.545563774, 0.785942656, 0.291126556, 0, 0, 0, 0, 0, 0, 0, 0.257618701, 0.0155404297, 0.0914716797, -0.638784826, 0.568759137, -0.518072303, -0.0426025391, -0.698364258, -0.714355469, -0.768122607, -0.43413767, 0.470396234, 5, 1, 
1300.61808, 0.1, 0.1, 0.0966092167, 0.197377576, -0.0199616031, 0.948515988, -2.40027045e-005, -0.316729252, 0.316729252, -3.41304722e-005, 0.948515988, -3.35770679e-005, -0.999999999, -2.47709399e-005, 0.94851628, -3.06716528e-005, -0.316728379, 0.316728378, -2.20553039e-005, 0.94851628, -3.60781027e-005, -0.999999999, -1.1205232e-005, 0, 0, 0, 0, 0, 0, 0, 0.206328687, -0.047939502, 0.087970874, -0.624110068, 0.609719386, -0.488439363, -0.559204102, 0.087890625, 0.82434082, 0.545634166, 0.787606634, 0.286355156, 0, 0, 0, 0, 0, 0, 0, 0.257212598, 0.0136486328, 0.0935604492, -0.642554106, 0.564247955, -0.518116412, -0.0418701172, -0.701049805, -0.711669922, -0.764959236, -0.435593757, 0.474319365, 5, 1, 
1300.61893, 0.1, 0.1, 0.0966092191, 0.19737758, -0.0199611896, 0.948514483, 3.31708954e-006, -0.316733761, 0.316733761, 3.64083698e-005, 0.948514482, 1.46780674e-005, -0.999999999, 3.34832318e-005, 0.948514778, 1.71439684e-005, -0.316732878, 0.316732877, 4.32945359e-005, 0.948514777, 2.99741104e-005, -0.999999999, 3.56354487e-005, 0, 0, 0, 0, 0, 0, 0, 0.206328687, -0.047939502, 0.087970874, -0.624110068, 0.609719386, -0.488439363, -0.559204102, 0.087890625, 0.82434082, 0.545634166, 0.787606634, 0.286355156, 0, 0, 0, 0, 0, 0, 0, 0.257212598, 0.0136486328, 0.0935604492, -0.642554106, 0.564247955, -0.518116412, -0.0418701172, -0.701049805, -0.711669922, -0.764959236, -0.435593757, 0.474319365, 5, 1, 
1300.61979, 0.1, 0.1, 0.0966092176, 0.197377575, -0.0199613869, 0.948512974, 2.44901882e-005, -0.31673828, 0.316738281, -9.69750098e-006, 0.948512974, 2.01576914e-005, -1, -1.69551856e-005, 0.948513266, 1.24065142e-006, -0.316737405, 0.316737405, -3.39292275e-005, 0.948513266, -9.56988114e-006, -0.999999999, -3.25752831e-005, 0, 0, 0, 0, 0, 0, 0, 0.206328687, -0.047939502, 0.087970874, -0.624110068, 0.609719386, -0.488439363, -0.559204102, 0.087890625, 0.82434082, 0.545634166, 0.787606634, 0.286355156, 0, 0, 0, 0, 0, 0, 0, 0.257212598, 0.0136486328, 0.0935604492, -0.642554106, 0.564247955, -0.518116412, -0.0418701172, -0.701049805, -0.711669922, -0.764959236, -0.435593757, 0.474319365, 5, 1, 
1300.62064, 0.1, 0.1, 0.0966092185, 0.197377578, -0.0199620705, 0.948511446, -2.12026385e-005, -0.316742855, 0.316742855, -2.71792868e-005, 0.948511446, -2.87197902e-005, -0.999999999, -1.90640804e-005, 0.948511749, -1.71673291e-005, -0.316741949, 0.316741949, 4.59386896e-006, 0.948511749, -1.48283423e-005, -1, 9.79495196e-006, 0, 0, 0, 0, 0, 0, 0, 0.206328687, -0.047939502, 0.087970874, -0.624110068, 0.609719386, -0.488439363, -0.559204102, 0.087890625, 0.82434082, 0.545634166, 0.787606634, 0.286355156, 0, 0, 0, 0, 0, 0, 0, 0.257212598, 0.0136486328, 0.0935604492, -0.642554106, 0.564247955, -0.518116412, -0.0418701172, -0.701049805, -0.711669922, -0.764959236, -0.435593757, 0.474319365, 5, 1, 
1300.62155, 0.1, 0.1, 0.0966092216, 0.197377578, -0.0199624952, 0.94850983, 2.06780285e-005, -0.316747696, 0.316747695, 4.33980308e-005, 0.948509829, 3.33595395e-005, -0.999999999, 3.4613741e-005, 0.94851013, 2.83002489e-005, -0.316746794, 0.316746793, 3.12134456e-005, 0.948510131, 3.67298316e-005, -0.999999999, 2.06422562e-005, 0, 0, 0, 0, 0, 0, 0, 0.206328687, -0.047939502, 0.087970874, -0.624110068, 0.609719386, -0.488439363, -0.559204102, 0.087890625, 0.82434082, 0.545634166, 0.787606634, 0.286355156, 0, 0, 0, 0, 0, 0, 0, 0.257212598, 0.0136486328, 0.0935604492, -0.642554106, 0.564247955, -0.518116412, -0.0418701172, -0.701049805, -0.711669922, -0.764959236, -0.435593757, 0.474319365, 5, 1, 
1300.62241, 0.1, 0.1, 0.0966092188, 0.197377576, -0.0199626422, 0.948508278, -2.62895773e-006, -0.316752342, 0.316752342, -2.94442448e-005, 0.948508278, -1.18201217e-005, -1, -2.70953815e-005, 0.948508611, -1.71972805e-005, -0.316751345, 0.316751344, -3.51649652e-005, 0.948508611, -2.74503187e-005, -0.999999999, -2.79070106e-005, 0, 0, 0, 0, 0, 0, 0, 0.206328687, -0.047939502, 0.087970874, -0.626603792, 0.607943075, -0.487540347, -0.555908203, 0.0897216797, 0.826416016, 0.546276317, 0.78887671, 0.281887048, 0, 0, 0, 0, 0, 0, 0, 0.257212598, 0.0136486328, 0.0935604492, -0.642554106, 0.564247955, -0.518116412, -0.0418701172, -0.701049805, -0.711669922, -0.764959236, -0.435593757, 0.474319365, 5, 1, 
1300.62329, 0.1, 0.1, 0.0966092197, 0.197377581, -0.0199624363, 0.948506722, -2.75632035e-005, -0.316757001, 0.316757001, 2.98966853e-006, 0.948506722, -2.51968854e-005, -1, 1.15665584e-005, 0.948507048, -2.1610843e-006, -0.316756025, 0.316756025, 3.11378169e-005, 0.948507048, 7.81328743e-006, -1, 3.02189753e-005, 0, 0, 0, 0, 0, 0, 0, 0.206203198, -0.0498123535, 0.0900124023, -0.626603792, 0.607943075, -0.487540347, -0.555908203, 0.0897216797, 0.826416016, 0.546276317, 0.78887671, 0.281887048, 0, 0, 0, 0, 0, 0, 0, 0.256755469, 0.0120047363, 0.0953274902, -0.647409437, 0.560286179, -0.516524699, -0.0422363281, -0.703125, -0.709716797, -0.760805328, -0.437605811, 0.479028141, 5, 1, 
1300.62413, 0.1, 0.1, 0.0966092178, 0.197377575, -0.0199623063, 0.948505192, 1.74614719e-005, -0.316761584, 0.316761584, 1.74185159e-005, 0.948505192, 2.20798134e-005, -1, 1.09904293e-005, 0.948505512, 1.29789302e-005, -0.316760624, 0.316760624, -1.53443881e-005, 0.948505512, 7.45008884e-006, -1, -1.86654507e-005, 0, 0, 0, 0, 0, 0, 0, 0.206203198, -0.0498123535, 0.0900124023, -0.626603792, 0.607943075, -0.487540347, -0.555908203, 0.0897216797, 0.826416016, 0.546276317, 0.78887671, 0.281887048, 0, 0, 0, 0, 0, 0, 0, 0.256755469, 0.0120047363, 0.0953274902, -0.647409437, 0.560286179, -0.516524699, -0.0422363281, -0.703125, -0.709716797, -0.760805328, -0.437605811, 0.479028141, 5, 1, 
1300.62497, 0.1, 0.1, 0.0966092154, 0.197377574, -0.0199624348, 0.948503682, -1.68423651e-005, -0.316766106, 0.316766105, -4.47540646e-005, 0.948503681, -3.0151616e-005, -0.999999999, -3.71143047e-005, 0.94850398, -2.4231974e-005, -0.316765211, 0.31676521, -3.24037557e-005, 0.94850398, -3.32485063e-005, -0.999999999, -2.30592449e-005, 0, 0, 0, 0, 0, 0, 0, 0.206203198, -0.0498123535, 0.0900124023, -0.626603792, 0.607943075, -0.487540347, -0.555908203, 0.0897216797, 0.826416016, 0.546276317, 0.78887671, 0.281887048, 0, 0, 0, 0, 0, 0, 0, 0.256755469, 0.0120047363, 0.0953274902, -0.647409437, 0.560286179, -0.516524699, -0.0422363281, -0.703125, -0.709716797, -0.760805328, -0.437605811, 0.479028141, 5, 1, 
1300.62583, 0.1, 0.1, 0.096609219, 0.197377576, -0.0199626767, 0.948502148, 7.36673905e-006, -0.316770697, 0.316770697, 2.90090097e-005, 0.948502148, 1.6176572e-005, -1, 2.5181541e-005, 0.948502445, 2.18054221e-005, -0.316769809, 0.316769808, 3.36309636e-005, 0.948502445, 3.13357701e-005, -0.999999999, 2.49917518e-005, 0, 0, 0, 0, 0, 0, 0, 0.206203198, -0.0498123535, 0.0900124023, -0.626603792, 0.607943075, -0.487540347, -0.555908203, 0.0897216797, 0.826416016, 0.546276317, 0.78887671, 0.281887048, 0, 0, 0, 0, 0, 0, 0, 0.256755469, 0.0120047363, 0.0953274902, -0.647409437, 0.560286179, -0.516524699, -0.0422363281, -0.703125, -0.709716797, -0.760805328, -0.437605811, 0.479028141, 5, 1, 
1300.62668, 0.1, 0.1, 0.0966092176, 0.197377571, -0.0199629605, 0.948500621, 2.16975845e-005, -0.316775269, 0.316775269, -4.61461983e-006, 0.948500621, 1.91183749e-005, -1, -1.12502279e-005, 0.948500913, 4.80395926e-007, -0.316774397, 0.316774397, -2.96355243e-005, 0.948500912, -8.93211937e-006, -1, -2.8261499e-005, 0, 0, 0, 0, 0, 0, 0, 0.206203198, -0.0498123535, 0.0900124023, -0.626603792, 0.607943075, -0.487540347, -0.555908203, 0.0897216797, 0.826416016, 0.546276317, 0.78887671, 0.281887048, 0, 0, 0, 0, 0, 0, 0, 0.256755469, 0.0120047363, 0.0953274902, -0.647409437, 0.560286179, -0.516524699, -0.0422363281, -0.703125, -0.709716797, -0.760805328, -0.437605811, 0.479028141, 5, 1, 
1300.62757, 0.1, 0.1, 0.0966092171, 0.197377576, -0.0199630738, 0.948499027, -2.54360742e-005, -0.316780041, 0.316780041, -2.28231622e-005, 0.948499028, -3.1356014e-005, -0.999999999, -1.35901065e-005, 0.948499365, -2.20418338e-005, -0.31677903, 0.316779031, 1.03939129e-005, 0.948499365, -1.76140917e-005, -1, 1.68410105e-005, 0, 0, 0, 0, 0, 0, 0, 0.206389087, -0.0521452393, 0.0923729736, -0.62737138, 0.605906534, -0.489129063, -0.554321289, 0.0935058594, 0.827026367, 0.546892259, 0.79006441, 0.277318591, 0, 0, 0, 0, 0, 0, 0, 0.256755469, 0.0120047363, 0.0953274902, -0.650226827, 0.55597952, -0.517667986, -0.0407714844, -0.705810547, -0.70703125, -0.758523851, -0.438672173, 0.481731059, 5, 1, 
1300.62842, 0.1, 0.1, 0.0966092189, 0.197377576, -0.0199627828, 0.948497495, 1.77439791e-005, -0.316784631, 0.31678463, 4.339417e-005, 0.948497494, 3.05767258e-005, -0.999999999, 3.55382416e-005, 0.948497802, 2.32864174e-005, -0.316783711, 0.31678371, 3.07055297e-005, 0.948497802, 3.18141274e-005, -0.999999999, 2.17473697e-005, 0, 0, 0, 0, 0, 0, 0, 0.206389087, -0.0521452393, 0.0923729736, -0.62737138, 0.605906534, -0.489129063, -0.554321289, 0.0935058594, 0.827026367, 0.546892259, 0.79006441, 0.277318591, 0, 0, 0, 0, 0, 0, 0, 0.256617041, 0.00991142578, 0.0973178711, -0.650226827, 0.55597952, -0.517667986, -0.0407714844, -0.705810547, -0.70703125, -0.758523851, -0.438672173, 0.481731059, 5, 1, 
1300.62927, 0.1, 0.1, 0.0966092169, 0.197377575, -0.0199625523, 0.948495973, 3.05371241e-006, -0.316789188, 0.316789188, -2.68010093e-005, 0.948495972, -5.59383605e-006, -1, -2.63880325e-005, 0.948496292, -1.26963253e-005, -0.316788232, 0.316788232, -3.2695695e-005, 0.948496292, -2.24000289e-005, -0.999999999, -2.6989699e-005, 0, 0, 0, 0, 0, 0, 0, 0.206389087, -0.0521452393, 0.0923729736, -0.62737138, 0.605906534, -0.489129063, -0.554321289, 0.0935058594, 0.827026367, 0.546892259, 0.79006441, 0.277318591, 0, 0, 0, 0, 0, 0, 0, 0.256617041, 0.00991142578, 0.0973178711, -0.650226827, 0.55597952, -0.517667986, -0.0407714844, -0.705810547, -0.70703125, -0.758523851, -0.438672173, 0.481731059, 5, 1, 
1300.63011, 0.1, 0.1, 0.09660922, 0.197377579, -0.0199625392, 0.948494478, -1.57765504e-005, -0.316793663, 0.316793663, 7.86652094e-006, 0.948494478, -1.2471907e-005, -1, 1.24592629e-005, 0.948494771, 7.2216688e-006, -0.316792786, 0.316792786, 3.22921977e-005, 0.948494771, 1.70796504e-005, -0.999999999, 2.8341208e-005, 0, 0, 0, 0, 0, 0, 0, 0.206389087, -0.0521452393, 0.0923729736, -0.62737138, 0.605906534, -0.489129063, -0.554321289, 0.0935058594, 0.827026367, 0.546892259, 0.79006441, 0.277318591, 0, 0, 0, 0, 0, 0, 0, 0.256617041, 0.00991142578, 0.0973178711, -0.650226827, 0.55597952, -0.517667986, -0.0407714844, -0.705810547, -0.70703125, -0.758523851, -0.438672173, 0.481731059, 5, 1, 
1300.63095, 0.1, 0.1, 0.0966092199, 0.197377575, -0.0199626183, 0.948492942, 2.14090092e-005, -0.316798263, 0.316798263, 2.14756544e-005, 0.948492942, 2.71097441e-005, -1, 1.35871697e-005, 0.94849324, 1.90894621e-005, -0.316797371, 0.316797371, -9.85928143e-006, 0.94849324, 1.49828313e-005, -1, -1.53989532e-005, 0, 0, 0, 0, 0, 0, 0, 0.206389087, -0.0521452393, 0.0923729736, -0.62737138, 0.605906534, -0.489129063, -0.554321289, 0.0935058594, 0.827026367, 0.546892259, 0.79006441, 0.277318591, 0, 0, 0, 0, 0, 0, 0, 0.256617041, 0.00991142578, 0.0973178711, -0.650226827, 0.55597952, -0.517667986, -0.0407714844, -0.705810547, -0.70703125, -0.758523851, -0.438672173, 0.481731059, 5, 1, 
1300.63181, 0.1, 0.1, 0.0966092171, 0.197377576, -0.0199627308, 0.948491402, -2.13689974e-005, -0.316802871, 0.31680287, -3.65066407e-005, 0.948491402, -3.18337189e-005, -0.999999999, -2.78564752e-005, 0.948491703, -2.73990868e-005, -0.31680197, 0.316801969, -2.44981923e-005, 0.948491703, -3.37488821e-005, -0.999999999, -1.45562474e-005, 0, 0, 0, 0, 0, 0, 0, 0.206389087, -0.0521452393, 0.0923729736, -0.62737138, 0.605906534, -0.489129063, -0.554321289, 0.0935058594, 0.827026367, 0.546892259, 0.79006441, 0.277318591, 0, 0, 0, 0, 0, 0, 0, 0.256617041, 0.00991142578, 0.0973178711, -0.650226827, 0.55597952, -0.517667986, -0.0407714844, -0.705810547, -0.70703125, -0.758523851, -0.438672173, 0.481731059, 5, 1, 
1300.63273, 0.1, 0.1, 0.0966092214, 0.197377581, -0.0199619658, 0.948489737, 8.83382313e-006, -0.316807859, 0.316807858, 4.23299717e-005, 0.948489736, 2.17892583e-005, -0.999999999, 3.73509191e-005, 0.948490032, 2.31854748e-005, -0.316806974, 0.316806973, 4.99348805e-005, 0.948490031, 3.78109101e-005, -0.999999998, 4.00174163e-005, 0, 0, 0, 0, 0, 0, 0, 0.206732666, -0.0541124512, 0.0947152344, -0.629307572, 0.602214249, -0.491079481, -0.553344727, 0.0963134766, 0.827270508, 0.545592227, 0.792503089, 0.272807421, 0, 0, 0, 0, 0, 0, 0, 0.256445654, 0.00820307617, 0.0993216797, -0.653715023, 0.55084857, -0.518728151, -0.0386962891, -0.708862305, -0.704101562, -0.755699165, -0.440070656, 0.484810942, 5, 1, 
1300.63359, 0.1, 0.1, 0.0966092207, 0.197377577, -0.0199613694, 0.948488195, 2.61632759e-005, -0.316812473, 0.316812473, -6.40356957e-006, 0.948488195, 2.27868277e-005, -1, -1.43625623e-005, 0.948488492, 3.94669355e-006, -0.316811584, 0.316811584, -2.95784348e-005, 0.948488492, -5.62739735e-006, -1, -2.93051632e-005, 0, 0, 0, 0, 0, 0, 0, 0.206732666, -0.0541124512, 0.0947152344, -0.629307572, 0.602214249, -0.491079481, -0.553344727, 0.0963134766, 0.827270508, 0.545592227, 0.792503089, 0.272807421, 0, 0, 0, 0, 0, 0, 0, 0.256445654, 0.00820307617, 0.0993216797, -0.653715023, 0.55084857, -0.518728151, -0.0386962891, -0.708862305, -0.704101562, -0.755699165, -0.440070656, 0.484810942, 5, 1, 
1300.63445, 0.1, 0.1, 0.0966092207, 0.197377579, -0.0199613695, 0.948486622, -2.60439918e-005, -0.316817182, 0.316817181, -3.6115184e-005, 0.948486622, -3.61442887e-005, -0.999999999, -2.60035848e-005, 0.948486968, -2.07220895e-005, -0.316816148, 0.316816148, 7.57550763e-007, 0.948486968, -1.94146275e-005, -1, 7.2836196e-006, 0, 0, 0, 0, 0, 0, 0, 0.206732666, -0.0541124512, 0.0947152344, -0.632531814, 0.599327744, -0.490542167, -0.550537109, 0.0975341797, 0.829101563, 0.544743385, 0.794566962, 0.268396601, 0, 0, 0, 0, 0, 0, 0, 0.256445654, 0.00820307617, 0.0993216797, -0.653715023, 0.55084857, -0.518728151, -0.0386962891, -0.708862305, -0.704101562, -0.755699165, -0.440070656, 0.484810942, 5, 1, 
1300.63532, 0.1, 0.1, 0.0966092211, 0.197377576, -0.019961433, 0.948485039, 9.33216144e-006, -0.316821923, 0.316821922, 2.9141763e-005, 0.948485039, 1.80841649e-005, -1, 2.46838929e-005, 0.94848535, 1.66473252e-005, -0.316820992, 0.316820992, 1.51768143e-005, 0.94848535, 2.05980774e-005, -1, 9.1207639e-006, 0, 0, 0, 0, 0, 0, 0, 0.207011792, -0.056039624, 0.0967384521, -0.632531814, 0.599327744, -0.490542167, -0.550537109, 0.0975341797, 0.829101563, 0.544743385, 0.794566962, 0.268396601, 0, 0, 0, 0, 0, 0, 0, 0.256463086, 0.00649765625, 0.10100376, -0.658046468, 0.546062502, -0.518152492, -0.0375976562, -0.711181641, -0.701904297, -0.751858423, -0.442414833, 0.48867647, 5, 1, 
1300.63617, 0.1, 0.1, 0.0966092159, 0.197377571, -0.0199620641, 0.948483481, -1.01655141e-005, -0.316826588, 0.316826587, -3.47185334e-005, 0.94848348, -2.06415766e-005, -0.999999999, -2.97092502e-005, 0.94848381, -2.70658821e-005, -0.3168256, 0.316825599, -4.21890896e-005, 0.94848381, -3.90381346e-005, -0.999999999, -3.14405041e-005, 0, 0, 0, 0, 0, 0, 0, 0.207011792, -0.056039624, 0.0967384521, -0.632531814, 0.599327744, -0.490542167, -0.550537109, 0.0975341797, 0.829101563, 0.544743385, 0.794566962, 0.268396601, 0, 0, 0, 0, 0, 0, 0, 0.256463086, 0.00649765625, 0.10100376, -0.658046468, 0.546062502, -0.518152492, -0.0375976562, -0.711181641, -0.701904297, -0.751858423, -0.442414833, 0.48867647, 5, 1, 
1300.63701, 0.1, 0.1, 0.096609217, 0.197377576, -0.0199628773, 0.948481944, -2.01390801e-005, -0.316831188, 0.316831188, 9.57957108e-006, 0.948481944, -1.6066447e-005, -1, 1.54667389e-005, 0.948482245, 4.50767913e-007, -0.316830288, 0.316830288, 3.2565673e-005, 0.948482244, 1.07453369e-005, -0.999999999, 3.07451457e-005, 0, 0, 0, 0, 0, 0, 0, 0.207011792, -0.056039624, 0.0967384521, -0.632531814, 0.599327744, -0.490542167, -0.550537109, 0.0975341797, 0.829101563, 0.544743385, 0.794566962, 0.268396601, 0, 0, 0, 0, 0, 0, 0, 0.256463086, 0.00649765625, 0.10100376, -0.658046468, 0.546062502, -0.518152492, -0.0375976562, -0.711181641, -0.701904297, -0.751858423, -0.442414833, 0.48867647, 5, 1, 
1300.63787, 0.1, 0.1, 0.0966092174, 0.197377573, -0.0199635852, 0.94848039, 2.72054622e-005, -0.316835838, 0.316835837, 2.78117595e-005, 0.948480391, 3.46156095e-005, -0.999999999, 1.77592431e-005, 0.948480696, 2.31868809e-005, -0.316834924, 0.316834924, -3.20390631e-006, 0.948480696, 2.09771995e-005, -1, -1.03852569e-005, 0, 0, 0, 0, 0, 0, 0, 0.207011792, -0.056039624, 0.0967384521, -0.632531814, 0.599327744, -0.490542167, -0.550537109, 0.0975341797, 0.829101563, 0.544743385, 0.794566962, 0.268396601, 0, 0, 0, 0, 0, 0, 0, 0.256463086, 0.00649765625, 0.10100376, -0.658046468, 0.546062502, -0.518152492, -0.0375976562, -0.711181641, -0.701904297, -0.751858423, -0.442414833, 0.48867647, 5, 1, 
1300.63872, 0.1, 0.1, 0.0966092165, 0.197377575, -0.0199640318, 0.948478852, -1.33323177e-005, -0.316840443, 0.316840443, -2.83401651e-005, 0.948478852, -2.16247319e-005, -1, -2.26558298e-005, 0.948479154, -1.86118239e-005, -0.316839541, 0.31683954, -1.65707691e-005, 0.948479154, -2.29032018e-005, -1, -9.82006735e-006, 0, 0, 0, 0, 0, 0, 0, 0.207011792, -0.056039624, 0.0967384521, -0.632531814, 0.599327744, -0.490542167, -0.550537109, 0.0975341797, 0.829101563, 0.544743385, 0.794566962, 0.268396601, 0, 0, 0, 0, 0, 0, 0, 0.256463086, 0.00649765625, 0.10100376, -0.658046468, 0.546062502, -0.518152492, -0.0375976562, -0.711181641, -0.701904297, -0.751858423, -0.442414833, 0.48867647, 5, 1, 
1300.63962, 0.1, 0.1, 0.0966092196, 0.197377581, -0.019963601, 0.948477231, 1.41124125e-006, -0.316845298, 0.316845297, 4.25442789e-005, 0.94847723, 1.48184849e-005, -0.999999999, 3.99051347e-005, 0.948477529, 1.59362237e-005, -0.316844405, 0.316844404, 4.98173433e-005, 0.948477528, 3.08994966e-005, -0.999999999, 4.22013274e-005, 0, 0, 0, 0, 0, 0, 0, 0.207524414, -0.0580177002, 0.0989110596, -0.635508929, 0.59541342, -0.491426575, -0.548706055, 0.0994873047, 0.830078125, 0.543113851, 0.797164401, 0.263593, 0, 0, 0, 0, 0, 0, 0, 0.256733301, 0.00456923828, 0.10280752, -0.661681587, 0.541091233, -0.518835693, -0.0355224609, -0.713867188, -0.69921875, -0.748803694, -0.444164762, 0.49167323, 5, 1, 
1300.64047, 0.1, 0.1, 0.0966092171, 0.197377578, -0.0199626373, 0.948475694, 1.89101992e-005, -0.316849896, 0.316849897, -4.20056109e-006, 0.948475694, 1.66049169e-005, -1, -9.97582474e-006, 0.948475996, -3.7262252e-006, -0.316848995, 0.316848994, -2.64751718e-005, 0.948475996, -1.19228667e-005, -1, -2.39304142e-005, 0, 0, 0, 0, 0, 0, 0, 0.207524414, -0.0580177002, 0.0989110596, -0.635508929, 0.59541342, -0.491426575, -0.548706055, 0.0994873047, 0.830078125, 0.543113851, 0.797164401, 0.263593, 0, 0, 0, 0, 0, 0, 0, 0.256733301, 0.00456923828, 0.10280752, -0.661681587, 0.541091233, -0.518835693, -0.0355224609, -0.713867188, -0.69921875, -0.748803694, -0.444164762, 0.49167323, 5, 1, 
1300.64133, 0.1, 0.1, 0.0966092166, 0.19737758, -0.0199617975, 0.948474151, -2.46935801e-005, -0.316854516, 0.316854515, -3.53946427e-005, 0.948474151, -3.46361748e-005, -0.999999999, -2.57466313e-005, 0.948474461, -2.18741235e-005, -0.316853587, 0.316853587, -1.00894452e-006, 0.948474462, -2.10667352e-005, -1, 5.97393637e-006, 0, 0, 0, 0, 0, 0, 0, 0.207524414, -0.0580177002, 0.0989110596, -0.635508929, 0.59541342, -0.491426575, -0.548706055, 0.0994873047, 0.830078125, 0.543113851, 0.797164401, 0.263593, 0, 0, 0, 0, 0, 0, 0, 0.256733301, 0.00456923828, 0.10280752, -0.661681587, 0.541091233, -0.518835693, -0.0355224609, -0.713867188, -0.69921875, -0.748803694, -0.444164762, 0.49167323, 5, 1, 
1300.6422, 0.1, 0.1, 0.0966092185, 0.197377577, -0.019961311, 0.948472575, 1.67190944e-005, -0.316859233, 0.316859233, 2.74621936e-005, 0.948472575, 2.45592522e-005, -0.999999999, 2.07495381e-005, 0.94847294, 2.38822682e-005, -0.316858141, 0.316858141, 1.19247039e-005, 0.94847294, 2.64301246e-005, -1, 3.74296783e-006, 0, 0, 0, 0, 0, 0, 0, 0.207524414, -0.0580177002, 0.0989110596, -0.635508929, 0.59541342, -0.491426575, -0.548706055, 0.0994873047, 0.830078125, 0.543113851, 0.797164401, 0.263593, 0, 0, 0, 0, 0, 0, 0, 0.256733301, 0.00456923828, 0.10280752, -0.661681587, 0.541091233, -0.518835693, -0.0355224609, -0.713867188, -0.69921875, -0.748803694, -0.444164762, 0.49167323, 5, 1, 
