time, realDorsalTactorPos, realVentralTactorPos, boxPosX, boxPosY, boxPosZ, boxLocalRot_11, boxLocalRot_12, boxLocalRot_13, boxLocalRot_21, boxLocalRot_22, boxLocalRot_23, boxLocalRot_31, boxLocalRot_32, boxLocalRot_33, boxGlobalRot_11, boxGlobalRot_12, boxGlobalRot_13, boxGlobalRot_21, boxGlobalRot_22, boxGlobalRot_23, boxGlobalRot_31, boxGlobalRot_32, boxGlobalRot_33, indexForceX, indexForceY, indexForceZ, indexForceGlobalX, indexForceGlobalY, indexForceGlobalZ, indexContact, indexPosX, indexPosY, indexPosZ, indexRot_11, indexRot_12, indexRot_13, indexRot_21, indexRot_22, indexRot_23, indexRot_31, indexRot_32, indexRot_33, thumbForceX, thumbForceY, thumbForceZ, thumbForceGlobalX, thumbForceGlobalY, thumbForceGlobalZ, thumbContact, thumbPosX, thumbPosY, thumbPosZ, thumbRot_11, thumbRot_12, thumbRot_13, thumbRot_21, thumbRot_22, thumbRot_23, thumbRot_31, thumbRot_32, thumbRot_33, mapping, trialSuccess, 
863.716562, 0.1, 0.1, 0.107084487, 0.212700595, -0.0199626994, 0.984073669, 0.177761112, 3.1835249e-006, 0.177761112, -0.984073668, 6.39783609e-005, 1.45056876e-005, -6.23935135e-005, -0.999999998, 0.984073699, 0.177760949, 2.64438871e-005, 0.177760947, -0.984073698, 5.32948283e-005, 3.5496473e-005, -4.77453483e-005, -0.999999998, 0, 0, 0, 0, 0, 0, 0, 0.208966748, -0.0576113281, 0.105802612, -0.456602779, 0.791937327, -0.405313695, -0.388549805, 0.232299805, 0.891601563, 0.800275269, 0.564706811, 0.201753206, 0, 0, 0, 0, 0, 0, 0, 0.24943125, -0.0162716797, 0.0997387695, -0.708030343, 0.405307412, -0.578142302, 0.00622558594, -0.815185547, -0.579101562, -0.706050973, -0.413512384, 0.574796547, 3, 1, 
863.756101, 0.1, 0.1, 0.107084463, 0.212700602, -0.0199643275, 0.98407023, 0.177780152, -3.98879793e-006, 0.177780152, -0.98407023, -2.61771855e-005, -8.57904133e-006, 2.50510599e-005, -1, 0.98407023, 0.17778015, 1.59768535e-005, 0.177780151, -0.98407023, -2.44440843e-005, 1.13766729e-005, 2.68950631e-005, -1, 0, 0, 0, 0, 0, 0, 0, 0.209653711, -0.0667197266, 0.124450049, -0.474020655, 0.788213963, -0.39235118, -0.356689453, 0.235473633, 0.904052734, 0.80501146, 0.568509924, 0.169667305, 0, 0, 0, 0, 0, 0, 0, 0.248315381, -0.0256017578, 0.117431543, -0.738375244, 0.385089848, -0.553423016, 0.000244140633, -0.820556641, -0.571411133, -0.674258678, -0.422019957, 0.605870958, 3, 1, 
863.757042, 0.1, 0.1, 0.107084465, 0.212700607, -0.0199646572, 0.984070306, 0.177779731, 1.39670389e-005, 0.177779731, -0.984070306, 1.60753155e-005, 1.66024135e-005, -1.33361843e-005, -1, 0.984070284, 0.177779851, 1.86985757e-005, 0.17777985, -0.984070284, 3.45245838e-005, 2.45384881e-005, -3.0650387e-005, -0.999999999, 0, 0, 0, 0, 0, 0, 0, 0.209714355, -0.0674486572, 0.126298608, -0.477143425, 0.786933027, -0.390987868, -0.354736328, 0.234619141, 0.905029297, 0.804022955, 0.570566683, 0.167350315, 0, 0, 0, 0, 0, 0, 0, 0.248400684, -0.0260964844, 0.119162695, -0.741563035, 0.381798878, -0.551563346, 0.00207519532, -0.820800781, -0.571044922, -0.670788705, -0.424575221, 0.6080303, 3, 1, 
863.757883, 0.1, 0.1, 0.107084467, 0.212700604, -0.0199636244, 0.984070386, 0.17777929, 1.71313239e-005, 0.17777929, -0.984070386, 1.95964289e-005, 2.03422677e-005, -1.62386707e-005, -1, 0.984070377, 0.177779335, 1.73652468e-005, 0.177779335, -0.984070377, -8.41193693e-006, 1.55931564e-005, 1.136512e-005, -1, 0, 0, 0, 0, 0, 0, 0, 0.209714355, -0.0674486572, 0.126298608, -0.477143425, 0.786933027, -0.390987868, -0.354736328, 0.234619141, 0.905029297, 0.804022955, 0.570566683, 0.167350315, 0, 0, 0, 0, 0, 0, 0, 0.248400684, -0.0260964844, 0.119162695, -0.741563035, 0.381798878, -0.551563346, 0.00207519532, -0.820800781, -0.571044922, -0.670788705, -0.424575221, 0.6080303, 3, 1, 
863.758725, 0.1, 0.1, 0.107084466, 0.212700605, -0.0199625373, 0.984070353, 0.177779468, 1.3583097e-005, 0.177779468, -0.984070353, -2.81110229e-005, 8.36916041e-006, 3.007802e-005, -1, 0.984070371, 0.177779372, -8.78848376e-006, 0.177779372, -0.984070371, -1.88268848e-005, -1.19955182e-005, 1.69645683e-005, -1, 0, 0, 0, 0, 0, 0, 0, 0.209714355, -0.0674486572, 0.126298608, -0.477143425, 0.786933027, -0.390987868, -0.354736328, 0.234619141, 0.905029297, 0.804022955, 0.570566683, 0.167350315, 0, 0, 0, 0, 0, 0, 0, 0.248400684, -0.0260964844, 0.119162695, -0.741563035, 0.381798878, -0.551563346, 0.00207519532, -0.820800781, -0.571044922, -0.670788705, -0.424575221, 0.6080303, 3, 1, 
863.759604, 0.1, 0.1, 0.107084463, 0.212700607, -0.0199613148, 0.984070251, 0.177780034, -2.5895109e-005, 0.177780034, -0.984070251, 3.18578504e-005, -1.98189167e-005, -3.59539962e-005, -0.999999999, 0.984070268, 0.177779936, -3.33460368e-005, 0.177779937, -0.984070268, 3.25233812e-005, -2.70328388e-005, -3.79335488e-005, -0.999999999, 0, 0, 0, 0, 0, 0, 0, 0.209970532, -0.0677875, 0.128274829, -0.480761569, 0.784478616, -0.391490356, -0.353881836, 0.234863281, 0.905273438, 0.802247766, 0.573798038, 0.164958062, 0, 0, 0, 0, 0, 0, 0, 0.248312061, -0.0266407715, 0.121195557, -0.743652015, 0.377594298, -0.551556783, 0.00524902345, -0.821655273, -0.569702148, -0.668430668, -0.426612795, 0.609135674, 3, 1, 
863.760457, 0.1, 0.1, 0.107084465, 0.212700604, -0.0199606359, 0.984070215, 0.177780234, -1.42143501e-006, 0.177780234, -0.984070215, -1.27553292e-005, -3.66643727e-006, 1.22994365e-005, -1, 0.98407022, 0.177780207, 1.0062687e-005, 0.177780207, -0.98407022, -2.70310065e-005, 5.09681271e-006, 2.83893551e-005, -1, 0, 0, 0, 0, 0, 0, 0, 0.209970532, -0.0677875, 0.128274829, -0.480761569, 0.784478616, -0.391490356, -0.353881836, 0.234863281, 0.905273438, 0.802247766, 0.573798038, 0.164958062, 0, 0, 0, 0, 0, 0, 0, 0.248312061, -0.0266407715, 0.121195557, -0.743652015, 0.377594298, -0.551556783, 0.00524902345, -0.821655273, -0.569702148, -0.668430668, -0.426612795, 0.609135674, 3, 1, 
863.7613, 0.1, 0.1, 0.107084464, 0.212700608, -0.0199608975, 0.9840702, 0.177780318, 2.65581736e-006, 0.177780318, -0.9840702, -1.76104177e-005, -5.1727495e-007, 1.78020394e-005, -1, 0.984070206, 0.177780283, -9.38981429e-006, 0.177780283, -0.984070206, 1.15818729e-005, -7.18120784e-006, -1.30666999e-005, -1, 0, 0, 0, 0, 0, 0, 0, 0.209970532, -0.0677875, 0.128274829, -0.480761569, 0.784478616, -0.391490356, -0.353881836, 0.234863281, 0.905273438, 0.802247766, 0.573798038, 0.164958062, 0, 0, 0, 0, 0, 0, 0, 0.248312061, -0.0266407715, 0.121195557, -0.743652015, 0.377594298, -0.551556783, 0.00524902345, -0.821655273, -0.569702148, -0.668430668, -0.426612795, 0.609135674, 3, 1, 
863.762142, 0.1, 0.1, 0.107084466, 0.212700606, -0.0199619951, 0.984070124, 0.177780738, -2.07922056e-005, 0.177780739, -0.984070124, 2.47858467e-005, -1.60545422e-005, -2.80874649e-005, -0.999999999, 0.984070139, 0.177780655, -9.85149347e-006, 0.177780655, -0.984070139, 1.26102352e-005, -7.45270468e-006, -1.41607608e-005, -1, 0, 0, 0, 0, 0, 0, 0, 0.209970532, -0.0677875, 0.128274829, -0.480761569, 0.784478616, -0.391490356, -0.353881836, 0.234863281, 0.905273438, 0.802247766, 0.573798038, 0.164958062, 0, 0, 0, 0, 0, 0, 0, 0.248312061, -0.0266407715, 0.121195557, -0.743652015, 0.377594298, -0.551556783, 0.00524902345, -0.821655273, -0.569702148, -0.668430668, -0.426612795, 0.609135674, 3, 1, 
863.762987, 0.1, 0.1, 0.107084467, 0.212700604, -0.0199634191, 0.984070096, 0.177780895, -1.300444e-005, 0.177780895, -0.984070095, -3.32883407e-005, -1.87153115e-005, 3.04461197e-005, -0.999999999, 0.984070092, 0.177780918, 9.37437132e-006, 0.177780918, -0.984070091, -3.07112245e-005, 3.76516877e-006, 3.18885818e-005, -0.999999999, 0, 0, 0, 0, 0, 0, 0, 0.209970532, -0.0677875, 0.128274829, -0.480761569, 0.784478616, -0.391490356, -0.353881836, 0.234863281, 0.905273438, 0.802247766, 0.573798038, 0.164958062, 0, 0, 0, 0, 0, 0, 0, 0.248312061, -0.0266407715, 0.121195557, -0.743652015, 0.377594298, -0.551556783, 0.00524902345, -0.821655273, -0.569702148, -0.668430668, -0.426612795, 0.609135674, 3, 1, 
863.763847, 0.1, 0.1, 0.107084465, 0.212700607, -0.0199646165, 0.984070182, 0.177780416, -2.69674503e-006, 0.177780416, -0.984070182, 8.84867566e-006, -1.08066513e-006, -9.18714632e-006, -1, 0.984070158, 0.17778055, 2.04477583e-006, 0.17778055, -0.984070158, 2.59862304e-005, 6.63204923e-006, -2.52087525e-005, -1, 0, 0, 0, 0, 0, 0, 0, 0.209970532, -0.0677875, 0.128274829, -0.482761041, 0.783159488, -0.391738604, -0.353393555, 0.235107422, 0.905395508, 0.801328532, 0.575613663, 0.163390686, 0, 0, 0, 0, 0, 0, 0, 0.248312061, -0.0266407715, 0.121195557, -0.743652015, 0.377594298, -0.551556783, 0.00524902345, -0.821655273, -0.569702148, -0.668430668, -0.426612795, 0.609135674, 3, 1, 
863.76471, 0.1, 0.1, 0.107084467, 0.212700603, -0.0199646907, 0.984070275, 0.1777799, 4.00307548e-006, 0.1777799, -0.984070275, 1.34024675e-005, 6.32199692e-006, -1.24773035e-005, -1, 0.984070255, 0.177780011, 2.50926332e-006, 0.177780011, -0.984070255, -1.57178565e-005, -3.2502931e-007, 1.59135719e-005, -1, 0, 0, 0, 0, 0, 0, 0, 0.20964231, -0.068295874, 0.130266553, -0.482761041, 0.783159488, -0.391738604, -0.353393555, 0.235107422, 0.905395508, 0.801328532, 0.575613663, 0.163390686, 0, 0, 0, 0, 0, 0, 0, 0.24801167, -0.0271118164, 0.123015186, -0.745459913, 0.374309892, -0.551441578, 0.00756835938, -0.822509766, -0.568603516, -0.666411317, -0.428062684, 0.61037521, 3, 1, 
863.765555, 0.1, 0.1, 0.107084468, 0.212700604, -0.0199642015, 0.984070353, 0.177779472, 4.94896626e-006, 0.177779472, -0.984070352, -2.63836816e-005, 1.79653986e-007, 2.68432234e-005, -1, 0.984070337, 0.17777956, 9.07713232e-006, 0.17777956, -0.984070337, -1.33944622e-005, 6.55127506e-006, 1.47948215e-005, -1, 0, 0, 0, 0, 0, 0, 0, 0.20964231, -0.068295874, 0.130266553, -0.482761041, 0.783159488, -0.391738604, -0.353393555, 0.235107422, 0.905395508, 0.801328532, 0.575613663, 0.163390686, 0, 0, 0, 0, 0, 0, 0, 0.24801167, -0.0271118164, 0.123015186, -0.745459913, 0.374309892, -0.551441578, 0.00756835938, -0.822509766, -0.568603516, -0.666411317, -0.428062684, 0.61037521, 3, 1, 
863.766409, 0.1, 0.1, 0.107084466, 0.212700606, -0.0199633556, 0.984070492, 0.177778702, 1.00293595e-005, 0.177778702, -0.984070491, 3.51845326e-005, 1.61246572e-005, -3.28410538e-005, -0.999999999, 0.984070457, 0.177778898, 1.7412473e-006, 0.177778898, -0.984070456, 3.54665862e-005, 8.01872063e-006, -3.45920626e-005, -0.999999999, 0, 0, 0, 0, 0, 0, 0, 0.20964231, -0.068295874, 0.130266553, -0.482761041, 0.783159488, -0.391738604, -0.353393555, 0.235107422, 0.905395508, 0.801328532, 0.575613663, 0.163390686, 0, 0, 0, 0, 0, 0, 0, 0.24801167, -0.0271118164, 0.123015186, -0.745459913, 0.374309892, -0.551441578, 0.00756835938, -0.822509766, -0.568603516, -0.666411317, -0.428062684, 0.61037521, 3, 1, 
863.767253, 0.1, 0.1, 0.107084467, 0.212700603, -0.0199624347, 0.98407066, 0.177777768, 1.7950424e-005, 0.177777768, -0.984070661, -7.63707801e-006, 1.63067829e-005, 1.07066107e-005, -1, 0.984070632, 0.177777929, -8.82990837e-007, 0.177777928, -0.984070631, -2.67204961e-005, -5.61923979e-006, 2.61378792e-005, -1, 0, 0, 0, 0, 0, 0, 0, 0.20964231, -0.068295874, 0.130266553, -0.482761041, 0.783159488, -0.391738604, -0.353393555, 0.235107422, 0.905395508, 0.801328532, 0.575613663, 0.163390686, 0, 0, 0, 0, 0, 0, 0, 0.24801167, -0.0271118164, 0.123015186, -0.745459913, 0.374309892, -0.551441578, 0.00756835938, -0.822509766, -0.568603516, -0.666411317, -0.428062684, 0.61037521, 3, 1, 
863.768093, 0.1, 0.1, 0.107084467, 0.212700607, -0.0199618994, 0.984070717, 0.177777458, -1.66197449e-006, 0.177777458, -0.984070716, -1.78998414e-005, -4.81768873e-006, 1.73192481e-005, -1, 0.984070715, 0.177777466, -1.50707958e-005, 0.177777466, -0.984070715, 9.88728731e-006, -1.30729919e-005, -1.24090378e-005, -1, 0, 0, 0, 0, 0, 0, 0, 0.20964231, -0.068295874, 0.130266553, -0.482761041, 0.783159488, -0.391738604, -0.353393555, 0.235107422, 0.905395508, 0.801328532, 0.575613663, 0.163390686, 0, 0, 0, 0, 0, 0, 0, 0.24801167, -0.0271118164, 0.123015186, -0.745459913, 0.374309892, -0.551441578, 0.00756835938, -0.822509766, -0.568603516, -0.666411317, -0.428062684, 0.61037521, 3, 1, 
863.768974, 0.1, 0.1, 0.107084469, 0.212700607, -0.0199617038, 0.98407067, 0.177777713, -2.22090507e-005, 0.177777714, -0.98407067, 3.15753111e-005, -1.62418888e-005, -3.50206118e-005, -0.999999999, 0.984070681, 0.177777656, -1.15806332e-005, 0.177777656, -0.984070681, 1.76797269e-005, -8.25310119e-006, -1.94568787e-005, -1, 0, 0, 0, 0, 0, 0, 0, 0.209534521, -0.0687770264, 0.131868921, -0.484867975, 0.782430092, -0.390769195, -0.350463867, 0.235473633, 0.906494141, 0.801291462, 0.576470739, 0.160147348, 0, 0, 0, 0, 0, 0, 0, 0.24801167, -0.0271118164, 0.123015186, -0.747695814, 0.37117897, -0.550348597, 0.00854492188, -0.823486328, -0.567016602, -0.663823238, -0.428637243, 0.612822199, 3, 1, 
863.76981, 0.1, 0.1, 0.10708447, 0.212700606, -0.019961702, 0.984070674, 0.177777697, -8.88029807e-006, 0.177777696, -0.984070673, -3.04794342e-005, -1.41574045e-005, 2.84151984e-005, -0.999999999, 0.984070663, 0.177777754, 1.34157326e-005, 0.177777755, -0.984070663, -2.70894025e-005, 8.38613571e-006, 2.90429051e-005, -1, 0, 0, 0, 0, 0, 0, 0, 0.209534521, -0.0687770264, 0.131868921, -0.484867975, 0.782430092, -0.390769195, -0.350463867, 0.235473633, 0.906494141, 0.801291462, 0.576470739, 0.160147348, 0, 0, 0, 0, 0, 0, 0, 0.247918164, -0.0277775391, 0.124924902, -0.747695814, 0.37117897, -0.550348597, 0.00854492188, -0.823486328, -0.567016602, -0.663823238, -0.428637243, 0.612822199, 3, 1, 
863.770655, 0.1, 0.1, 0.107084469, 0.212700609, -0.0199621799, 0.98407079, 0.177777053, 4.22362332e-006, 0.177777053, -0.98407079, 1.05961031e-005, 6.04008833e-006, -9.67645228e-006, -1, 0.984070762, 0.177777208, 8.75069443e-006, 0.177777207, -0.984070762, 2.84575346e-005, 1.36704036e-005, -2.64485538e-005, -1, 0, 0, 0, 0, 0, 0, 0, 0.209534521, -0.0687770264, 0.131868921, -0.484867975, 0.782430092, -0.390769195, -0.350463867, 0.235473633, 0.906494141, 0.801291462, 0.576470739, 0.160147348, 0, 0, 0, 0, 0, 0, 0, 0.247918164, -0.0277775391, 0.124924902, -0.747695814, 0.37117897, -0.550348597, 0.00854492188, -0.823486328, -0.567016602, -0.663823238, -0.428637243, 0.612822199, 3, 1, 
863.771516, 0.1, 0.1, 0.107084468, 0.212700603, -0.0199628085, 0.984070913, 0.177776372, 8.63878697e-006, 0.177776372, -0.984070913, 8.86919591e-006, 1.00779125e-005, -7.19214551e-006, -1, 0.984070898, 0.177776455, 8.10917816e-006, 0.177776455, -0.984070898, -2.03262996e-005, 4.36646874e-006, 2.14441409e-005, -1, 0, 0, 0, 0, 0, 0, 0, 0.209534521, -0.0687770264, 0.131868921, -0.484867975, 0.782430092, -0.390769195, -0.350463867, 0.235473633, 0.906494141, 0.801291462, 0.576470739, 0.160147348, 0, 0, 0, 0, 0, 0, 0, 0.247918164, -0.0277775391, 0.124924902, -0.747695814, 0.37117897, -0.550348597, 0.00854492188, -0.823486328, -0.567016602, -0.663823238, -0.428637243, 0.612822199, 3, 1, 
863.772383, 0.1, 0.1, 0.107084465, 0.212700603, -0.0199631143, 0.984070914, 0.177776365, 6.97591015e-006, 0.177776365, -0.984070914, -3.30076929e-005, 9.96802609e-007, 3.37220625e-005, -0.999999999, 0.984070925, 0.177776306, -1.570593e-005, 0.177776306, -0.984070925, -2.47927614e-005, -1.98633146e-005, 2.16056934e-005, -1, 0, 0, 0, 0, 0, 0, 0, 0.209534521, -0.0687770264, 0.131868921, -0.484867975, 0.782430092, -0.390769195, -0.350463867, 0.235473633, 0.906494141, 0.801291462, 0.576470739, 0.160147348, 0, 0, 0, 0, 0, 0, 0, 0.248087207, -0.0286851563, 0.126611133, -0.748941547, 0.370738206, -0.549070415, 0.00708007813, -0.82409668, -0.566162109, -0.662481257, -0.427947113, 0.614674939, 3, 1, 
863.773222, 0.1, 0.1, 0.107084463, 0.212700604, -0.0199634709, 0.984070845, 0.177776744, -2.16178814e-005, 0.177776745, -0.984070845, 2.71880489e-005, -1.6440124e-005, -3.05981228e-005, -0.999999999, 0.984070857, 0.177776681, -2.96621171e-005, 0.177776682, -0.984070857, 2.57705568e-005, -2.46082209e-005, -3.06332867e-005, -0.999999999, 0, 0, 0, 0, 0, 0, 0, 0.209534521, -0.0687770264, 0.131868921, -0.484867975, 0.782430092, -0.390769195, -0.350463867, 0.235473633, 0.906494141, 0.801291462, 0.576470739, 0.160147348, 0, 0, 0, 0, 0, 0, 0, 0.248087207, -0.0286851563, 0.126611133, -0.748941547, 0.370738206, -0.549070415, 0.00708007813, -0.82409668, -0.566162109, -0.662481257, -0.427947113, 0.614674939, 3, 1, 
863.774087, 0.1, 0.1, 0.107084463, 0.212700601, -0.0199635977, 0.984070852, 0.177776706, -2.1827351e-005, 0.177776706, -0.984070852, -9.85275985e-006, -2.32312511e-005, 5.81541922e-006, -1, 0.984070842, 0.177776764, -1.35635188e-005, 0.177776764, -0.984070842, -2.44633454e-005, -1.76964778e-005, 2.16623865e-005, -1, 0, 0, 0, 0, 0, 0, 0, 0.209736646, -0.0694460205, 0.133465796, -0.48533714, 0.782474275, -0.389945441, -0.34777832, 0.236450195, 0.907226563, 0.802230914, 0.575969374, 0.157545039, 0, 0, 0, 0, 0, 0, 0, 0.248087207, -0.0286851563, 0.126611133, -0.748941547, 0.370738206, -0.549070415, 0.00708007813, -0.82409668, -0.566162109, -0.662481257, -0.427947113, 0.614674939, 3, 1, 
863.774935, 0.1, 0.1, 0.107084463, 0.212700606, -0.0199633563, 0.984070962, 0.177776101, -9.06666496e-006, 0.177776101, -0.984070962, -1.43674007e-005, -1.14764222e-005, 1.25267055e-005, -1, 0.984070935, 0.177776247, 5.4041992e-006, 0.177776247, -0.984070935, 1.9045388e-005, 8.70393296e-006, -1.77812745e-005, -1, 0, 0, 0, 0, 0, 0, 0, 0.209736646, -0.0694460205, 0.133465796, -0.48533714, 0.782474275, -0.389945441, -0.34777832, 0.236450195, 0.907226563, 0.802230914, 0.575969374, 0.157545039, 0, 0, 0, 0, 0, 0, 0, 0.248087207, -0.0286851563, 0.126611133, -0.748941547, 0.370738206, -0.549070415, 0.00708007813, -0.82409668, -0.566162109, -0.662481257, -0.427947113, 0.614674939, 3, 1, 
863.775772, 0.1, 0.1, 0.107084464, 0.212700605, -0.0199630738, 0.984071043, 0.177775653, 5.93191261e-006, 0.177775653, -0.984071042, 3.04806285e-005, 1.12561371e-005, -2.89405542e-005, -1, 0.984071036, 0.177775689, 1.59189442e-005, 0.177775689, -0.984071036, 1.94382674e-005, 1.91210233e-005, -1.62986346e-005, -1, 0, 0, 0, 0, 0, 0, 0, 0.209736646, -0.0694460205, 0.133465796, -0.48533714, 0.782474275, -0.389945441, -0.34777832, 0.236450195, 0.907226563, 0.802230914, 0.575969374, 0.157545039, 0, 0, 0, 0, 0, 0, 0, 0.248087207, -0.0286851563, 0.126611133, -0.748941547, 0.370738206, -0.549070415, 0.00708007813, -0.82409668, -0.566162109, -0.662481257, -0.427947113, 0.614674939, 3, 1, 
863.776654, 0.1, 0.1, 0.107084465, 0.212700603, -0.0199626309, 0.984071001, 0.177775882, 2.70381229e-005, 0.177775883, -0.984071001, -2.7627707e-005, 2.16958927e-005, 3.19943515e-005, -0.999999999, 0.984071019, 0.177775783, 2.02722641e-005, 0.177775783, -0.984071019, -3.07496598e-005, 1.44828028e-005, 3.38637667e-005, -0.999999999, 0, 0, 0, 0, 0, 0, 0, 0.209800854, -0.0702797852, 0.135078174, -0.484187632, 0.783755212, -0.388867447, -0.345092773, 0.237304687, 0.908081055, 0.80402632, 0.573912614, 0.155767607, 0, 0, 0, 0, 0, 0, 0, 0.248087207, -0.0286851563, 0.126611133, -0.750187279, 0.370744769, -0.547453549, 0.00500488282, -0.824707031, -0.565429687, -0.661139276, -0.426841739, 0.616808762, 3, 1, 
863.777502, 0.1, 0.1, 0.107084465, 0.212700606, -0.0199620142, 0.984070917, 0.177776349, 1.1609272e-005, 0.177776349, -0.984070917, 1.53249927e-005, 1.41487682e-005, -1.30170257e-005, -1, 0.984070931, 0.177776272, -1.1973451e-005, 0.177776273, -0.98407093, 2.71492628e-005, -6.95623029e-006, -2.88453958e-005, -1, 0, 0, 0, 0, 0, 0, 0, 0.209800854, -0.0702797852, 0.135078174, -0.484187632, 0.783755212, -0.388867447, -0.345092773, 0.237304687, 0.908081055, 0.80402632, 0.573912614, 0.155767607, 0, 0, 0, 0, 0, 0, 0, 0.247809766, -0.0295544434, 0.128325684, -0.750187279, 0.370744769, -0.547453549, 0.00500488282, -0.824707031, -0.565429687, -0.661139276, -0.426841739, 0.616808762, 3, 1, 
863.778344, 0.1, 0.1, 0.107084465, 0.212700603, -0.0199618772, 0.984070934, 0.177776253, -1.5143345e-005, 0.177776253, -0.984070934, 1.58865727e-005, -1.20778703e-005, -1.83256416e-005, -1, 0.984070921, 0.177776324, -1.73278961e-005, 0.177776324, -0.984070921, -1.48206257e-005, -1.96866351e-005, 1.15040571e-005, -1, 0, 0, 0, 0, 0, 0, 0, 0.209800854, -0.0702797852, 0.135078174, -0.484187632, 0.783755212, -0.388867447, -0.345092773, 0.237304687, 0.908081055, 0.80402632, 0.573912614, 0.155767607, 0, 0, 0, 0, 0, 0, 0, 0.247809766, -0.0295544434, 0.128325684, -0.750187279, 0.370744769, -0.547453549, 0.00500488282, -0.824707031, -0.565429687, -0.661139276, -0.426841739, 0.616808762, 3, 1, 
863.779191, 0.1, 0.1, 0.107084465, 0.212700604, -0.0199622095, 0.984071043, 0.177775652, -1.59493725e-005, 0.177775651, -0.984071043, -3.44324194e-005, -2.18165614e-005, 3.10485368e-005, -0.999999999, 0.984071022, 0.17777577, -1.1625073e-005, 0.177775769, -0.984071022, -1.90256353e-005, -1.48221944e-005, 1.66559201e-005, -1, 0, 0, 0, 0, 0, 0, 0, 0.209800854, -0.0702797852, 0.135078174, -0.484187632, 0.783755212, -0.388867447, -0.345092773, 0.237304687, 0.908081055, 0.80402632, 0.573912614, 0.155767607, 0, 0, 0, 0, 0, 0, 0, 0.247809766, -0.0295544434, 0.128325684, -0.750187279, 0.370744769, -0.547453549, 0.00500488282, -0.824707031, -0.565429687, -0.661139276, -0.426841739, 0.616808762, 3, 1, 
863.78003, 0.1, 0.1, 0.107084464, 0.212700605, -0.0199628542, 0.984071097, 0.177775354, -2.23385805e-005, 0.177775354, -0.984071097, 2.26205166e-005, -1.79613811e-005, -2.62314457e-005, -0.999999999, 0.984071096, 0.17777536, -1.46891733e-006, 0.17777536, -0.984071095, 2.79560289e-005, 3.524374e-006, -2.77718573e-005, -1, 0, 0, 0, 0, 0, 0, 0, 0.209800854, -0.0702797852, 0.135078174, -0.484187632, 0.783755212, -0.388867447, -0.345092773, 0.237304687, 0.908081055, 0.80402632, 0.573912614, 0.155767607, 0, 0, 0, 0, 0, 0, 0, 0.247809766, -0.0295544434, 0.128325684, -0.750187279, 0.370744769, -0.547453549, 0.00500488282, -0.824707031, -0.565429687, -0.661139276, -0.426841739, 0.616808762, 3, 1, 
863.780877, 0.1, 0.1, 0.107084464, 0.212700601, -0.0199635885, 0.984071036, 0.177775692, 7.09304396e-006, 0.177775692, -0.984071036, -1.25434538e-005, 4.75013795e-006, 1.36046203e-005, -1, 0.984071053, 0.177775593, 1.65369384e-005, 0.177775594, -0.984071053, -2.68423701e-005, 1.15016041e-005, 2.93546634e-005, -1, 0, 0, 0, 0, 0, 0, 0, 0.209800854, -0.0702797852, 0.135078174, -0.484187632, 0.783755212, -0.388867447, -0.345092773, 0.237304687, 0.908081055, 0.80402632, 0.573912614, 0.155767607, 0, 0, 0, 0, 0, 0, 0, 0.247809766, -0.0295544434, 0.128325684, -0.750187279, 0.370744769, -0.547453549, 0.00500488282, -0.824707031, -0.565429687, -0.661139276, -0.426841739, 0.616808762, 3, 1, 
863.781753, 0.1, 0.1, 0.107084462, 0.212700605, -0.0199636857, 0.98407096, 0.17777611, 1.43782737e-005, 0.17777611, -0.98407096, -9.86867457e-006, 1.2394827e-005, 1.22675896e-005, -1, 0.984070966, 0.177776078, 3.44913638e-006, 0.177776077, -0.984070966, 1.64274892e-005, 6.31460957e-006, -1.55526413e-005, -1, 0, 0, 0, 0, 0, 0, 0, 0.209793286, -0.0708809082, 0.136131909, -0.484396566, 0.78516982, -0.385669414, -0.342407227, 0.235473633, 0.909545898, 0.805048148, 0.572699827, 0.154890313, 0, 0, 0, 0, 0, 0, 0, 0.247704785, -0.0302212402, 0.129300098, -0.752704263, 0.371089651, -0.543676973, 0.00268554688, -0.82409668, -0.56628418, -0.658212511, -0.427787432, 0.619415065, 3, 1, 
863.782597, 0.1, 0.1, 0.107084461, 0.212700604, -0.0199634886, 0.984070998, 0.177775901, 2.01082234e-006, 0.177775901, -0.984070997, 3.10746048e-005, 7.50310781e-006, -3.02221416e-005, -1, 0.98407098, 0.177776001, -1.68451115e-005, 0.177776001, -0.98407098, 1.49701304e-005, -1.39154555e-005, -1.77263274e-005, -1, 0, 0, 0, 0, 0, 0, 0, 0.209793286, -0.0708809082, 0.136131909, -0.484396566, 0.78516982, -0.385669414, -0.342407227, 0.235473633, 0.909545898, 0.805048148, 0.572699827, 0.154890313, 0, 0, 0, 0, 0, 0, 0, 0.247704785, -0.0302212402, 0.129300098, -0.752704263, 0.371089651, -0.543676973, 0.00268554688, -0.82409668, -0.56628418, -0.658212511, -0.427787432, 0.619415065, 3, 1, 
863.78344, 0.1, 0.1, 0.107084461, 0.212700602, -0.0199631881, 0.9840711, 0.177775339, -4.93411102e-006, 0.177775339, -0.984071099, -3.28639732e-005, -1.069792e-005, 3.1463323e-005, -0.999999999, 0.984071081, 0.177775439, -1.24143704e-005, 0.177775439, -0.984071081, -3.50844072e-005, -1.84537688e-005, 3.23185804e-005, -0.999999999, 0, 0, 0, 0, 0, 0, 0, 0.209793286, -0.0708809082, 0.136131909, -0.484396566, 0.78516982, -0.385669414, -0.342407227, 0.235473633, 0.909545898, 0.805048148, 0.572699827, 0.154890313, 0, 0, 0, 0, 0, 0, 0, 0.247704785, -0.0302212402, 0.129300098, -0.752704263, 0.371089651, -0.543676973, 0.00268554688, -0.82409668, -0.56628418, -0.658212511, -0.427787432, 0.619415065, 3, 1, 
863.784303, 0.1, 0.1, 0.10708446, 0.212700605, -0.01996279, 0.984071122, 0.177775212, -2.28511323e-005, 0.177775212, -0.984071122, 4.60909965e-006, -2.16677557e-005, -8.59804675e-006, -1, 0.984071128, 0.177775181, -1.93608834e-005, 0.177775182, -0.984071128, 2.11811773e-005, -1.52869987e-005, -2.42856696e-005, -1, 0, 0, 0, 0, 0, 0, 0, 0.209793286, -0.0708809082, 0.136131909, -0.484396566, 0.78516982, -0.385669414, -0.342407227, 0.235473633, 0.909545898, 0.805048148, 0.572699827, 0.154890313, 0, 0, 0, 0, 0, 0, 0, 0.247415869, -0.0314112793, 0.130247656, -0.754231078, 0.37327488, -0.540066641, -0.000976562492, -0.823120117, -0.567626953, -0.656531845, -0.427557755, 0.621267438, 3, 1, 
863.785143, 0.1, 0.1, 0.107084462, 0.212700601, -0.0199624226, 0.984071037, 0.177775685, -1.53449268e-005, 0.177775685, -0.984071037, 1.35276673e-005, -1.26956077e-005, -1.60401405e-005, -1, 0.984071058, 0.177775568, 1.04004209e-005, 0.177775568, -0.984071058, -1.24434533e-005, 8.0226112e-006, 1.4094183e-005, -1, 0, 0, 0, 0, 0, 0, 0, 0.209793286, -0.0708809082, 0.136131909, -0.484396566, 0.78516982, -0.385669414, -0.342407227, 0.235473633, 0.909545898, 0.805048148, 0.572699827, 0.154890313, 0, 0, 0, 0, 0, 0, 0, 0.247415869, -0.0314112793, 0.130247656, -0.754231078, 0.37327488, -0.540066641, -0.000976562492, -0.823120117, -0.567626953, -0.656531845, -0.427557755, 0.621267438, 3, 1, 
863.785986, 0.1, 0.1, 0.107084462, 0.212700603, -0.0199623616, 0.984070976, 0.177776023, 1.27468278e-005, 0.177776024, -0.984070975, -2.54177188e-005, 8.0251223e-006, 2.72789197e-005, -1, 0.984070978, 0.177776009, 1.83885169e-005, 0.177776009, -0.984070978, -1.04966135e-005, 1.62295598e-005, 1.35984498e-005, -1, 0, 0, 0, 0, 0, 0, 0, 0.209793286, -0.0708809082, 0.136131909, -0.484396566, 0.78516982, -0.385669414, -0.342407227, 0.235473633, 0.909545898, 0.805048148, 0.572699827, 0.154890313, 0, 0, 0, 0, 0, 0, 0, 0.247415869, -0.0314112793, 0.130247656, -0.754231078, 0.37327488, -0.540066641, -0.000976562492, -0.823120117, -0.567626953, -0.656531845, -0.427557755, 0.621267438, 3, 1, 
863.786848, 0.1, 0.1, 0.107084461, 0.212700605, -0.0199624074, 0.984071034, 0.1777757, 9.96431369e-006, 0.1777757, -0.984071034, 3.4344545e-005, 1.5911218e-005, -3.20260591e-005, -0.999999999, 0.984071015, 0.177775808, 2.84640032e-006, 0.177775808, -0.984071014, 3.52437975e-005, 9.06655462e-006, -3.41763784e-005, -0.999999999, 0, 0, 0, 0, 0, 0, 0, 0.209599707, -0.071676709, 0.137425122, -0.483907183, 0.787193257, -0.382172959, -0.339477539, 0.233520508, 0.911132813, 0.806577332, 0.570649059, 0.154336528, 0, 0, 0, 0, 0, 0, 0, 0.247415869, -0.0314112793, 0.130247656, -0.754231078, 0.37327488, -0.540066641, -0.000976562492, -0.823120117, -0.567626953, -0.656531845, -0.427557755, 0.621267438, 3, 1, 
863.787691, 0.1, 0.1, 0.107084461, 0.212700602, -0.0199626382, 0.984071134, 0.17777515, 1.24930119e-005, 0.17777515, -0.984071133, -1.22525789e-005, 1.01158083e-005, 1.42783563e-005, -1, 0.984071117, 0.177775242, -5.46553854e-006, 0.177775241, -0.984071117, -3.09056237e-005, -1.08727333e-005, 2.94416943e-005, -1, 0, 0, 0, 0, 0, 0, 0, 0.209599707, -0.071676709, 0.137425122, -0.483907183, 0.787193257, -0.382172959, -0.339477539, 0.233520508, 0.911132813, 0.806577332, 0.570649059, 0.154336528, 0, 0, 0, 0, 0, 0, 0, 0.247415869, -0.0314112793, 0.130247656, -0.754231078, 0.37327488, -0.540066641, -0.000976562492, -0.823120117, -0.567626953, -0.656531845, -0.427557755, 0.621267438, 3, 1, 
863.788533, 0.1, 0.1, 0.10708446, 0.212700605, -0.0199630522, 0.984071131, 0.177775164, -8.41130455e-006, 0.177775164, -0.984071131, -1.92865947e-005, -1.17059995e-005, 1.748406e-005, -1, 0.98407114, 0.177775112, -2.12678507e-005, 0.177775112, -0.98407114, 7.39730343e-006, -1.96140217e-005, -1.10603674e-005, -1, 0, 0, 0, 0, 0, 0, 0, 0.209599707, -0.071676709, 0.137425122, -0.483907183, 0.787193257, -0.382172959, -0.339477539, 0.233520508, 0.911132813, 0.806577332, 0.570649059, 0.154336528, 0, 0, 0, 0, 0, 0, 0, 0.247415869, -0.0314112793, 0.130247656, -0.754231078, 0.37327488, -0.540066641, -0.000976562492, -0.823120117, -0.567626953, -0.656531845, -0.427557755, 0.621267438, 3, 1, 
863.78941, 0.1, 0.1, 0.107084461, 0.212700603, -0.0199630203, 0.98407103, 0.177775721, -2.05436084e-005, 0.177775722, -0.98407103, 2.61310425e-005, -1.5570905e-005, -2.93669567e-005, -0.999999999, 0.984071049, 0.177775617, -1.17395657e-005, 0.177775617, -0.984071049, 1.34888741e-005, -9.15457378e-006, -1.5361019e-005, -1, 0, 0, 0, 0, 0, 0, 0, 0.20996416, -0.0723240967, 0.138687207, -0.485512752, 0.787612248, -0.379254254, -0.337158203, 0.231567383, 0.912475586, 0.806584446, 0.570953473, 0.153256291, 0, 0, 0, 0, 0, 0, 0, 0.247534131, -0.0317248535, 0.131378662, -0.756748062, 0.372482305, -0.537076077, -0.00146484374, -0.822631836, -0.568359375, -0.653605081, -0.429359456, 0.623177414, 3, 1, 
863.790249, 0.1, 0.1, 0.107084463, 0.212700602, -0.0199630598, 0.984070987, 0.177775964, -6.7915623e-006, 0.177775964, -0.984070986, -2.87216713e-005, -1.17894022e-005, 2.70567869e-005, -1, 0.984070986, 0.177775969, 1.43272387e-005, 0.177775969, -0.984070985, -2.65381922e-005, 9.38116709e-006, 2.86625037e-005, -1, 0, 0, 0, 0, 0, 0, 0, 0.20996416, -0.0723240967, 0.138687207, -0.485512752, 0.787612248, -0.379254254, -0.337158203, 0.231567383, 0.912475586, 0.806584446, 0.570953473, 0.153256291, 0, 0, 0, 0, 0, 0, 0, 0.247534131, -0.0317248535, 0.131378662, -0.756748062, 0.372482305, -0.537076077, -0.00146484374, -0.822631836, -0.568359375, -0.653605081, -0.429359456, 0.623177414, 3, 1, 
863.791096, 0.1, 0.1, 0.107084463, 0.212700606, -0.0199631536, 0.984071058, 0.177775571, 5.52543674e-006, 0.177775571, -0.984071058, 1.36857575e-005, 7.87041573e-006, -1.24854702e-005, -1, 0.984071038, 0.177775679, 1.01048557e-005, 0.177775679, -0.984071038, 3.08301831e-005, 1.54247526e-005, -2.85426927e-005, -0.999999999, 0, 0, 0, 0, 0, 0, 0, 0.20996416, -0.0723240967, 0.138687207, -0.485512752, 0.787612248, -0.379254254, -0.337158203, 0.231567383, 0.912475586, 0.806584446, 0.570953473, 0.153256291, 0, 0, 0, 0, 0, 0, 0, 0.247534131, -0.0317248535, 0.131378662, -0.756748062, 0.372482305, -0.537076077, -0.00146484374, -0.822631836, -0.568359375, -0.653605081, -0.429359456, 0.623177414, 3, 1, 
863.791947, 0.1, 0.1, 0.107084463, 0.212700602, -0.0199632216, 0.984071137, 0.17777513, 1.07119002e-005, 0.177775129, -0.984071137, 1.74819587e-005, 1.36491293e-005, -1.52991815e-005, -1, 0.98407113, 0.177775172, 1.01694892e-005, 0.177775173, -0.984071129, -1.30489669e-005, 7.6877184e-006, 1.46489943e-005, -1, 0, 0, 0, 0, 0, 0, 0, 0.20996416, -0.0723240967, 0.138687207, -0.485512752, 0.787612248, -0.379254254, -0.337158203, 0.231567383, 0.912475586, 0.806584446, 0.570953473, 0.153256291, 0, 0, 0, 0, 0, 0, 0, 0.247534131, -0.0317248535, 0.131378662, -0.756748062, 0.372482305, -0.537076077, -0.00146484374, -0.822631836, -0.568359375, -0.653605081, -0.429359456, 0.623177414, 3, 1, 
863.792782, 0.1, 0.1, 0.107084461, 0.212700603, -0.0199632222, 0.984071106, 0.177775304, 1.26529207e-005, 0.177775304, -0.984071105, -2.81842525e-005, 7.44090963e-006, 2.99846854e-005, -1, 0.984071123, 0.177775211, -1.03134744e-005, 0.17777521, -0.984071123, -1.90457468e-005, -1.3535054e-005, 1.69088894e-005, -1, 0, 0, 0, 0, 0, 0, 0, 0.20996416, -0.0723240967, 0.138687207, -0.485512752, 0.787612248, -0.379254254, -0.337158203, 0.231567383, 0.912475586, 0.806584446, 0.570953473, 0.153256291, 0, 0, 0, 0, 0, 0, 0, 0.247534131, -0.0317248535, 0.131378662, -0.756748062, 0.372482305, -0.537076077, -0.00146484374, -0.822631836, -0.568359375, -0.653605081, -0.429359456, 0.623177414, 3, 1, 
863.793665, 0.1, 0.1, 0.10708446, 0.212700604, -0.0199630505, 0.984071006, 0.177775855, -1.62295528e-005, 0.177775856, -0.984071006, 2.7685355e-005, -1.10492446e-005, -3.01295778e-005, -0.999999999, 0.984071025, 0.177775752, -2.49626306e-005, 0.177775752, -0.984071024, 2.77221456e-005, -1.96366761e-005, -3.17183107e-005, -0.999999999, 0, 0, 0, 0, 0, 0, 0, 0.210099268, -0.072525, 0.139730811, -0.487238888, 0.788031238, -0.376234077, -0.334594727, 0.229370117, 0.91394043, 0.806610655, 0.571257887, 0.152036391, 0, 0, 0, 0, 0, 0, 0, 0.247534131, -0.0317248535, 0.131378662, -0.759411967, 0.371785611, -0.53386823, -0.00244140624, -0.822143555, -0.569091797, -0.650448272, -0.430905594, 0.625355713, 3, 1, 
863.794506, 0.1, 0.1, 0.107084461, 0.212700601, -0.0199625847, 0.984070989, 0.177775951, -1.72048957e-005, 0.177775951, -0.984070989, -1.5652472e-005, -1.97134719e-005, 1.23445269e-005, -1, 0.984070982, 0.177775987, -7.88214825e-006, 0.177775987, -0.984070982, -2.98064055e-005, -1.30554565e-005, 2.7930362e-005, -1, 0, 0, 0, 0, 0, 0, 0, 0.210099268, -0.072525, 0.139730811, -0.487238888, 0.788031238, -0.376234077, -0.334594727, 0.229370117, 0.91394043, 0.806610655, 0.571257887, 0.152036391, 0, 0, 0, 0, 0, 0, 0, 0.247424268, -0.032026709, 0.132529688, -0.759411967, 0.371785611, -0.53386823, -0.00244140624, -0.822143555, -0.569091797, -0.650448272, -0.430905594, 0.625355713, 3, 1, 
863.795346, 0.1, 0.1, 0.107084461, 0.212700604, -0.0199624055, 0.984071078, 0.177775457, -8.23914064e-006, 0.177775457, -0.984071078, -2.10164969e-005, -1.18441174e-005, 1.92170098e-005, -1, 0.984071056, 0.177775578, 7.16991294e-006, 0.177775578, -0.984071056, 1.24649762e-005, 9.27167214e-006, -1.09917868e-005, -1, 0, 0, 0, 0, 0, 0, 0, 0.210099268, -0.072525, 0.139730811, -0.487238888, 0.788031238, -0.376234077, -0.334594727, 0.229370117, 0.91394043, 0.806610655, 0.571257887, 0.152036391, 0, 0, 0, 0, 0, 0, 0, 0.247424268, -0.032026709, 0.132529688, -0.759411967, 0.371785611, -0.53386823, -0.00244140624, -0.822143555, -0.569091797, -0.650448272, -0.430905594, 0.625355713, 3, 1, 
863.796224, 0.1, 0.1, 0.107084462, 0.212700603, -0.0199623336, 0.984071142, 0.177775105, 2.92775022e-006, 0.177775105, -0.984071141, 3.16439316e-005, 8.50661776e-006, -3.06193988e-005, -0.999999999, 0.98407114, 0.177775116, 1.35698623e-005, 0.177775116, -0.98407114, 1.98220323e-005, 1.68775739e-005, -1.7093906e-005, -1, 0, 0, 0, 0, 0, 0, 0, 0.210099268, -0.072525, 0.139730811, -0.487238888, 0.788031238, -0.376234077, -0.334594727, 0.229370117, 0.91394043, 0.806610655, 0.571257887, 0.152036391, 0, 0, 0, 0, 0, 0, 0, 0.247424268, -0.032026709, 0.132529688, -0.759411967, 0.371785611, -0.53386823, -0.00244140624, -0.822143555, -0.569091797, -0.650448272, -0.430905594, 0.625355713, 3, 1, 
863.797066, 0.1, 0.1, 0.107084462, 0.212700601, -0.0199622655, 0.984071083, 0.177775428, 2.19255978e-005, 0.177775428, -0.984071083, -2.64017654e-005, 1.68827616e-005, 2.98790464e-005, -0.999999999, 0.984071103, 0.177775317, 1.52314792e-005, 0.177775318, -0.984071103, -2.90243975e-005, 9.82903706e-006, 3.12698519e-005, -0.999999999, 0, 0, 0, 0, 0, 0, 0, 0.210099268, -0.072525, 0.139730811, -0.487238888, 0.788031238, -0.376234077, -0.334594727, 0.229370117, 0.91394043, 0.806610655, 0.571257887, 0.152036391, 0, 0, 0, 0, 0, 0, 0, 0.247424268, -0.032026709, 0.132529688, -0.759411967, 0.371785611, -0.53386823, -0.00244140624, -0.822143555, -0.569091797, -0.650448272, -0.430905594, 0.625355713, 3, 1, 
863.797905, 0.1, 0.1, 0.107084461, 0.212700604, -0.0199625715, 0.984070985, 0.177775972, 8.66211504e-006, 0.177775972, -0.984070985, 1.45587847e-005, 1.11123382e-005, -1.27869617e-005, -1, 0.984071002, 0.17777588, -1.4810168e-005, 0.177775881, -0.984071001, 2.63394755e-005, -9.89173343e-006, -2.85528047e-005, -1, 0, 0, 0, 0, 0, 0, 0, 0.210099268, -0.072525, 0.139730811, -0.487238888, 0.788031238, -0.376234077, -0.334594727, 0.229370117, 0.91394043, 0.806610655, 0.571257887, 0.152036391, 0, 0, 0, 0, 0, 0, 0, 0.247424268, -0.032026709, 0.132529688, -0.759411967, 0.371785611, -0.53386823, -0.00244140624, -0.822143555, -0.569091797, -0.650448272, -0.430905594, 0.625355713, 3, 1, 
863.798788, 0.1, 0.1, 0.107084461, 0.2127006, -0.0199626396, 0.984070991, 0.177775936, -1.59775354e-005, 0.177775937, -0.984070991, 1.07404644e-005, -1.3813633e-005, -1.34098008e-005, -1, 0.984070981, 0.177775994, -1.89916293e-005, 0.177775994, -0.984070981, -1.89174738e-005, -2.2052184e-005, 1.52398813e-005, -1, 0, 0, 0, 0, 0, 0, 0, 0.210384497, -0.0727735107, 0.140769043, -0.490342562, 0.787435514, -0.373290284, -0.33215332, 0.227172852, 0.915527344, 0.805742717, 0.572958936, 0.15033422, 0, 0, 0, 0, 0, 0, 0, 0.247535937, -0.032155127, 0.133645801, -0.762063113, 0.370360508, -0.531133229, -0.00256347655, -0.821899414, -0.569458008, -0.647412866, -0.432528291, 0.627361572, 3, 1, 
863.799646, 0.1, 0.1, 0.107084461, 0.2127006, -0.0199626081, 0.984071093, 0.177775373, -1.20875654e-005, 0.177775373, -0.984071093, -3.70811609e-005, -1.84871409e-005, 3.43416271e-005, -0.999999999, 0.984071073, 0.177775483, -8.64175335e-006, 0.177775483, -0.984071073, -2.26865614e-005, -1.25372139e-005, 2.0788897e-005, -1, 0, 0, 0, 0, 0, 0, 0, 0.210384497, -0.0727735107, 0.140769043, -0.490342562, 0.787435514, -0.373290284, -0.33215332, 0.227172852, 0.915527344, 0.805742717, 0.572958936, 0.15033422, 0, 0, 0, 0, 0, 0, 0, 0.247535937, -0.032155127, 0.133645801, -0.762063113, 0.370360508, -0.531133229, -0.00256347655, -0.821899414, -0.569458008, -0.647412866, -0.432528291, 0.627361572, 3, 1, 
863.800492, 0.1, 0.1, 0.107084462, 0.212700602, -0.0199626449, 0.984071139, 0.177775121, -1.65361368e-005, 0.177775121, -0.984071139, 2.53868154e-005, -1.17595908e-005, -2.7922146e-005, -1, 0.98407114, 0.177775115, 4.28278639e-006, 0.177775115, -0.98407114, 2.98670516e-005, 9.52418501e-006, -2.86299306e-005, -1, 0, 0, 0, 0, 0, 0, 0, 0.210384497, -0.0727735107, 0.140769043, -0.490342562, 0.787435514, -0.373290284, -0.33215332, 0.227172852, 0.915527344, 0.805742717, 0.572958936, 0.15033422, 0, 0, 0, 0, 0, 0, 0, 0.247535937, -0.032155127, 0.133645801, -0.762063113, 0.370360508, -0.531133229, -0.00256347655, -0.821899414, -0.569458008, -0.647412866, -0.432528291, 0.627361572, 3, 1, 
863.801374, 0.1, 0.1, 0.107084464, 0.212700598, -0.0199623194, 0.984071062, 0.177775545, 1.36412386e-005, 0.177775545, -0.984071062, -1.00539726e-005, 1.16365978e-005, 1.23189021e-005, -1, 0.984071083, 0.177775431, 2.38790008e-005, 0.177775432, -0.984071082, -2.57681466e-005, 1.89176908e-005, 2.96027876e-005, -0.999999999, 0, 0, 0, 0, 0, 0, 0, 0.210466138, -0.0730125, 0.142023682, -0.493065438, 0.787042733, -0.370511241, -0.330078125, 0.224731445, 0.916748047, 0.804938059, 0.574380658, 0.149152512, 0, 0, 0, 0, 0, 0, 0, 0.24743584, -0.032513623, 0.134730176, -0.764433176, 0.368986445, -0.528711393, -0.00219726562, -0.821411133, -0.57019043, -0.644716145, -0.434636594, 0.628843544, 3, 1, 
863.802233, 0.1, 0.1, 0.107084464, 0.212700602, -0.0199621995, 0.984070976, 0.177776023, 2.17380845e-005, 0.177776023, -0.984070976, -7.2221624e-006, 2.01078907e-005, 1.09716306e-005, -1, 0.984070984, 0.177775977, 1.07654389e-005, 0.177775977, -0.984070984, 2.01577049e-005, 1.41775117e-005, -1.79227761e-005, -1, 0, 0, 0, 0, 0, 0, 0, 0.210466138, -0.0730125, 0.142023682, -0.493065438, 0.787042733, -0.370511241, -0.330078125, 0.224731445, 0.916748047, 0.804938059, 0.574380658, 0.149152512, 0, 0, 0, 0, 0, 0, 0, 0.24743584, -0.032513623, 0.134730176, -0.764433176, 0.368986445, -0.528711393, -0.00219726562, -0.821411133, -0.57019043, -0.644716145, -0.434636594, 0.628843544, 3, 1, 
