time, realDorsalTactorPos, realVentralTactorPos, boxPosX, boxPosY, boxPosZ, boxLocalRot_11, boxLocalRot_12, boxLocalRot_13, boxLocalRot_21, boxLocalRot_22, boxLocalRot_23, boxLocalRot_31, boxLocalRot_32, boxLocalRot_33, boxGlobalRot_11, boxGlobalRot_12, boxGlobalRot_13, boxGlobalRot_21, boxGlobalRot_22, boxGlobalRot_23, boxGlobalRot_31, boxGlobalRot_32, boxGlobalRot_33, indexForceX, indexForceY, indexForceZ, indexForceGlobalX, indexForceGlobalY, indexForceGlobalZ, indexContact, indexPosX, indexPosY, indexPosZ, indexRot_11, indexRot_12, indexRot_13, indexRot_21, indexRot_22, indexRot_23, indexRot_31, indexRot_32, indexRot_33, thumbForceX, thumbForceY, thumbForceZ, thumbForceGlobalX, thumbForceGlobalY, thumbForceGlobalZ, thumbContact, thumbPosX, thumbPosY, thumbPosZ, thumbRot_11, thumbRot_12, thumbRot_13, thumbRot_21, thumbRot_22, thumbRot_23, thumbRot_31, thumbRot_32, thumbRot_33, mapping, trialSuccess, 
480.43834, 0.1, 0.1, 0.121236003, 0.193618221, -0.0199558431, 0.687319645, -0.726355082, -6.35082016e-006, 0.726355081, 0.687319644, 4.75250284e-005, -3.01550024e-005, -3.72778361e-005, 0.999999999, 0.687319223, -0.726355481, -3.32724905e-005, 0.726355481, 0.687319221, 5.64587379e-005, -1.81402915e-005, -6.29728317e-005, 0.999999998, 0, 0, 0, 0, 0, 0, 0, 0.220737549, -0.0501543945, 0.192721582, -0.730692079, 0.677883526, 0.0802616268, -0.29675293, -0.421264648, 0.856933594, 0.614794487, 0.602298684, 0.509092954, 0, 0, 0, 0, 0, 0, 0, 0.259178418, 0.00196103516, 0.212958936, -0.803828125, 0.533052193, -0.263804363, 0.0852050781, -0.335693359, -0.937988281, -0.588712793, -0.776415015, 0.224509313, 1, 1, 
480.449394, 0.1, 0.1, 0.121236012, 0.193618251, -0.019953132, 0.687337831, -0.726337873, 1.10381212e-005, 0.726337872, 0.68733783, -5.50313026e-005, 3.23844011e-005, 4.58425016e-005, 0.999999998, 0.68733768, -0.726338016, 5.15928884e-006, 0.726338016, 0.687337679, -3.93605974e-005, 2.50429246e-005, 3.08014093e-005, 0.999999999, 0, 0, 0, 0, 0, 0, 0, 0.22053396, -0.0501340088, 0.193817407, -0.730311281, 0.678308508, 0.0798366451, -0.297485352, -0.421142578, 0.856689453, 0.614857766, 0.601860598, 0.50953104, 0, 0, 0, 0, 0, 0, 0, 0.258771484, 0.00173291016, 0.214330469, -0.803023157, 0.532905272, -0.266411399, 0.0876464844, -0.336547852, -0.9375, -0.589364643, -0.776184972, 0.223621589, 1, 1, 
480.450228, 0.1, 0.1, 0.121236015, 0.19361825, -0.0199616269, 0.687338329, -0.726337401, -3.56596799e-005, 0.726337401, 0.68733833, 1.05406045e-005, 1.68542295e-005, -3.31459207e-005, 0.999999999, 0.687338279, -0.726337449, -1.97549275e-005, 0.72633745, 0.687338278, 2.32923851e-005, -3.33981374e-006, -3.03584916e-005, 1, 0, 0, 0, 0, 0, 0, 0, 0.22053396, -0.0501340088, 0.193817407, -0.730311281, 0.678308508, 0.0798366451, -0.297485352, -0.421142578, 0.856689453, 0.614857766, 0.601860598, 0.50953104, 0, 0, 0, 0, 0, 0, 0, 0.258771484, 0.00173291016, 0.214330469, -0.803023157, 0.532905272, -0.266411399, 0.0876464844, -0.336547852, -0.9375, -0.589364643, -0.776184972, 0.223621589, 1, 1, 
480.451065, 0.1, 0.1, 0.121236018, 0.193618249, -0.0199698982, 0.687338341, -0.726337391, 4.51088537e-006, 0.726337391, 0.687338341, 7.39745126e-006, -8.47354992e-006, -1.80812716e-006, 1, 0.687338362, -0.72633737, 1.65290997e-005, 0.72633737, 0.687338362, 1.7779201e-006, -1.26524541e-005, 1.07836701e-005, 1, 0, 0, 0, 0, 0, 0, 0, 0.22053396, -0.0501340088, 0.193817407, -0.73037456, 0.678207037, 0.0805218576, -0.296875, -0.421264648, 0.856933594, 0.615238564, 0.602000261, 0.509175329, 0, 0, 0, 0, 0, 0, 0, 0.258771484, 0.00173291016, 0.214330469, -0.803023157, 0.532905272, -0.266411399, 0.0876464844, -0.336547852, -0.9375, -0.589364643, -0.776184972, 0.223621589, 1, 1, 
480.451893, 0.1, 0.1, 0.12123602, 0.193618247, -0.019975277, 0.687338121, -0.726337599, 5.13832448e-006, 0.726337599, 0.687338121, 1.82690957e-005, -1.68012974e-005, -8.82488765e-006, 1, 0.687338165, -0.726337557, 2.48878019e-006, 0.726337557, 0.687338165, 1.33372038e-005, -1.13979456e-005, -7.35947466e-006, 1, 0, 0, 0, 0, 0, 0, 0, 0.220531885, -0.0501387695, 0.193851343, -0.73037456, 0.678207037, 0.0805218576, -0.296875, -0.421264648, 0.856933594, 0.615238564, 0.602000261, 0.509175329, 0, 0, 0, 0, 0, 0, 0, 0.258766602, 0.00173120117, 0.214371973, -0.803170078, 0.532918032, -0.265804391, 0.0871582031, -0.336303711, -0.93762207, -0.5891346, -0.776306374, 0.223685388, 1, 1, 
480.452736, 0.1, 0.1, 0.12123602, 0.193618247, -0.0199762026, 0.687337917, -0.726337791, 1.00700099e-006, 0.726337791, 0.687337917, -5.58998407e-006, 3.36806672e-006, 4.57363088e-006, 1, 0.687337963, -0.726337749, 1.28574457e-005, 0.726337749, 0.687337963, -1.11267887e-005, -7.5560393e-007, 1.69867124e-005, 1, 0, 0, 0, 0, 0, 0, 0, 0.220531885, -0.0501387695, 0.193851343, -0.73037456, 0.678207037, 0.0805218576, -0.296875, -0.421264648, 0.856933594, 0.615238564, 0.602000261, 0.509175329, 0, 0, 0, 0, 0, 0, 0, 0.258766602, 0.00173120117, 0.214371973, -0.803170078, 0.532918032, -0.265804391, 0.0871582031, -0.336303711, -0.93762207, -0.5891346, -0.776306374, 0.223685388, 1, 1, 
480.454015, 0.1, 0.1, 0.121236026, 0.193618242, -0.0199654056, 0.687337598, -0.726338093, 2.90969443e-005, 0.726338094, 0.687337598, -1.81590927e-005, -6.80978306e-006, 3.36156462e-005, 0.999999999, 0.687337684, -0.726338012, -9.37861718e-006, 0.726338012, 0.687337684, 1.62648638e-006, 5.26489813e-006, -7.92999154e-006, 1, 0, 0, 0, 0, 0, 0, 0, 0.220531885, -0.0501387695, 0.193851343, -0.73037456, 0.678207037, 0.0805218576, -0.296875, -0.421264648, 0.856933594, 0.615238564, 0.602000261, 0.509175329, 0, 0, 0, 0, 0, 0, 0, 0.258766602, 0.00173120117, 0.214371973, -0.803170078, 0.532918032, -0.265804391, 0.0871582031, -0.336303711, -0.93762207, -0.5891346, -0.776306374, 0.223685388, 1, 1, 
480.455342, 0.1, 0.1, 0.121236024, 0.193618243, -0.0199438699, 0.687337335, -0.726338343, 6.95425824e-006, 0.726338343, 0.687337335, -1.29321709e-005, 4.61321028e-006, 1.39399083e-005, 1, 0.687337372, -0.726338308, 7.81366655e-007, 0.726338308, 0.687337371, 1.72220456e-005, -1.3046094e-005, -1.12698191e-005, 1, 0, 0, 0, 0, 0, 0, 0, 0.220531885, -0.0501387695, 0.193851343, -0.73037456, 0.678207037, 0.0805218576, -0.296875, -0.421264648, 0.856933594, 0.615238564, 0.602000261, 0.509175329, 0, 0, 0, 0, 0, 0, 0, 0.258766602, 0.00173120117, 0.214371973, -0.803170078, 0.532918032, -0.265804391, 0.0871582031, -0.336303711, -0.93762207, -0.5891346, -0.776306374, 0.223685388, 1, 1, 
480.456771, 0.1, 0.1, 0.121236027, 0.193618237, -0.0199218513, 0.687337053, -0.726338607, 6.82152746e-005, 0.72633861, 0.687337051, -4.21048282e-005, -1.63045234e-005, 7.84875962e-005, 0.999999997, 0.687337149, -0.726338519, -1.00247207e-005, 0.726338519, 0.687337149, -1.85272256e-007, 7.02493335e-006, -7.15399632e-006, 1, 0, 0, 0, 0, 0, 0, 0, 0.220312671, -0.0499155273, 0.193642383, -0.730317272, 0.678207037, 0.0808262719, -0.296264648, -0.421264648, 0.857177734, 0.615600267, 0.602000261, 0.508756339, 0, 0, 0, 0, 0, 0, 0, 0.25875, 0.00154287109, 0.214256885, -0.803412881, 0.533390879, -0.264411371, 0.0855712891, -0.3359375, -0.937866211, -0.58916012, -0.776133933, 0.224445514, 1, 1, 
480.458114, 0.1, 0.1, 0.121236034, 0.19361823, -0.0199137188, 0.687336917, -0.726338727, -0.000126371033, 0.726338738, 0.687336907, 0.000113481666, 4.43334625e-006, -0.000169788315, 0.999999986, 0.687336981, -0.726338674, -6.78806901e-005, 0.726338677, 0.687336976, 8.93835538e-005, -1.82658237e-005, -0.000110740993, 0.999999994, 0, 0, 0, 0, 0, 0, 0, 0.220312671, -0.0499155273, 0.193642383, -0.730317272, 0.678207037, 0.0808262719, -0.296264648, -0.421264648, 0.857177734, 0.615600267, 0.602000261, 0.508756339, 0, 0, 0, 0, 0, 0, 0, 0.25875, 0.00154287109, 0.214256885, -0.803412881, 0.533390879, -0.264411371, 0.0855712891, -0.3359375, -0.937866211, -0.58916012, -0.776133933, 0.224445514, 1, 1, 
480.45948, 0.1, 0.1, 0.121236047, 0.193618218, -0.0199212499, 0.687336867, -0.726338785, -2.5182187e-006, 0.726338783, 0.687336865, -7.83268423e-005, 5.8622688e-005, 5.20078465e-005, 0.999999997, 0.687336783, -0.726338864, 4.2524127e-005, 0.726338865, 0.687336782, -3.16397172e-005, -6.24724039e-006, 5.26340675e-005, 0.999999999, 0, 0, 0, 0, 0, 0, 0, 0.220312671, -0.0499155273, 0.193642383, -0.730317272, 0.678207037, 0.0808262719, -0.296264648, -0.421264648, 0.857177734, 0.615600267, 0.602000261, 0.508756339, 0, 0, 0, 0, 0, 0, 0, 0.258730225, 0.00155947266, 0.213728516, -0.803815365, 0.533633682, -0.262532744, 0.0836181641, -0.335693359, -0.938110352, -0.588834194, -0.776108413, 0.225256679, 1, 1, 
480.46048, 0.1, 0.1, 0.12123606, 0.193618208, -0.0199362994, 0.687337949, -0.726337761, 3.61340129e-005, 0.726337754, 0.687337948, 0.00010966664, -0.0001044913, -4.91325453e-005, 0.999999993, 0.68733766, -0.726338034, -1.3409829e-005, 0.726338032, 0.687337656, 0.000102497075, -6.52304438e-005, -8.01901687e-005, 0.999999995, 0, 0, 0, 0, 0, 0, 0, 0.220312671, -0.0499155273, 0.193642383, -0.730317272, 0.678207037, 0.0808262719, -0.296264648, -0.421264648, 0.857177734, 0.615600267, 0.602000261, 0.508756339, 0, 0, 0, 0, 0, 0, 0, 0.258730225, 0.00155947266, 0.213728516, -0.803815365, 0.533633682, -0.262532744, 0.0836181641, -0.335693359, -0.938110352, -0.588834194, -0.776108413, 0.225256679, 1, 1, 
480.461341, 0.1, 0.1, 0.121236047, 0.193618201, -0.0199571714, 0.687339961, -0.726335858, -1.67764215e-005, 0.726335857, 0.687339961, -3.39151786e-005, 3.61649152e-005, 1.11259411e-005, 0.999999999, 0.687339525, -0.726336269, 4.36787953e-005, 0.72633627, 0.687339525, -6.26024911e-006, -2.54751164e-005, 3.60284099e-005, 0.999999999, 0, 0, 0, 0, 0, 0, 0, 0.220340381, -0.0501258301, 0.193708179, -0.729821898, 0.678492355, 0.0821334175, -0.295532227, -0.421630859, 0.857177734, 0.616386951, 0.601460703, 0.508425715, 0, 0, 0, 0, 0, 0, 0, 0.258730225, 0.00155947266, 0.213728516, -0.803815365, 0.533633682, -0.262532744, 0.0836181641, -0.335693359, -0.938110352, -0.588834194, -0.776108413, 0.225256679, 1, 1, 
480.462188, 0.1, 0.1, 0.121236076, 0.193618211, -0.0199774997, 0.687342339, -0.726333597, -0.000119204667, 0.726333599, 0.687342347, -3.84236373e-005, 0.000109842794, -6.01721622e-005, 0.999999992, 0.687341883, -0.726334027, -0.000131033826, 0.726334028, 0.687341893, -4.3212033e-005, 0.000121451408, -6.54728868e-005, 0.99999999, 0, 0, 0, 0, 0, 0, 0, 0.220340381, -0.0501258301, 0.193708179, -0.729821898, 0.678492355, 0.0821334175, -0.295532227, -0.421630859, 0.857177734, 0.616386951, 0.601460703, 0.508425715, 0, 0, 0, 0, 0, 0, 0, 0.258730225, 0.00155947266, 0.213728516, -0.803815365, 0.533633682, -0.262532744, 0.0836181641, -0.335693359, -0.938110352, -0.588834194, -0.776108413, 0.225256679, 1, 1, 
480.463025, 0.1, 0.1, 0.121236082, 0.193618213, -0.0199905488, 0.687344547, -0.726331516, 5.10717222e-005, 0.726331516, 0.687344548, 6.70567383e-006, -3.99744121e-005, 3.24858931e-005, 0.999999999, 0.687344131, -0.726331911, 1.54937394e-005, 0.726331911, 0.687344131, -2.7989106e-006, -8.61659274e-006, 1.31774121e-005, 1, 0, 0, 0, 0, 0, 0, 0, 0.220340381, -0.0501258301, 0.193708179, -0.729821898, 0.678492355, 0.0821334175, -0.295532227, -0.421630859, 0.857177734, 0.616386951, 0.601460703, 0.508425715, 0, 0, 0, 0, 0, 0, 0, 0.258730225, 0.00155947266, 0.213728516, -0.803815365, 0.533633682, -0.262532744, 0.0836181641, -0.335693359, -0.938110352, -0.588834194, -0.776108413, 0.225256679, 1, 1, 
480.463906, 0.1, 0.1, 0.121236052, 0.193618206, -0.019992712, 0.687346477, -0.726329677, 0.000143370792, 0.726329681, 0.687346487, 2.60158023e-005, -0.000117441459, 8.62525913e-005, 0.999999989, 0.687346128, -0.726330009, 0.000138052977, 0.726330013, 0.687346137, 2.72965571e-005, -0.000114716489, 8.15098379e-005, 0.99999999, 0, 0, 0, 0, 0, 0, 0, 0.220329517, -0.0499161377, 0.193526318, -0.730043937, 0.678232124, 0.0829582935, -0.294799805, -0.422119141, 0.857299805, 0.61654571, 0.601378328, 0.508171476, 0, 0, 0, 0, 0, 0, 0, 0.258919043, 0.00173266601, 0.213393359, -0.804658613, 0.533090473, -0.260980043, 0.0823974609, -0.334960938, -0.938476562, -0.587818139, -0.77677922, 0.22566536, 1, 1, 
480.46525, 0.1, 0.1, 0.121236026, 0.193618205, -0.0199730491, 0.687349236, -0.726327079, -3.1483009e-005, 0.726327079, 0.687349237, -1.97714491e-005, 3.60003611e-005, -9.27707147e-006, 0.999999999, 0.687348689, -0.726327597, 4.03687288e-005, 0.726327598, 0.687348689, -1.13093639e-005, -1.95330897e-005, 3.70943983e-005, 0.999999999, 0, 0, 0, 0, 0, 0, 0, 0.220329517, -0.0499161377, 0.193526318, -0.730043937, 0.678232124, 0.0829582935, -0.294799805, -0.422119141, 0.857299805, 0.61654571, 0.601378328, 0.508171476, 0, 0, 0, 0, 0, 0, 0, 0.258919043, 0.00173266601, 0.213393359, -0.804658613, 0.533090473, -0.260980043, 0.0823974609, -0.334960938, -0.938476562, -0.587818139, -0.77677922, 0.22566536, 1, 1, 
480.466602, 0.1, 0.1, 0.121236033, 0.193618212, -0.0199393468, 0.687351707, -0.726324738, 7.42934913e-005, 0.726324741, 0.687351708, -1.92145443e-005, -3.71097593e-005, 6.71683507e-005, 0.999999997, 0.687351247, -0.726325176, 4.74416409e-005, 0.726325177, 0.687351247, -2.30740649e-005, -1.58497968e-005, 5.03180456e-005, 0.999999999, 0, 0, 0, 0, 0, 0, 0, 0.220329517, -0.0499161377, 0.193526318, -0.730043937, 0.678232124, 0.0829582935, -0.294799805, -0.422119141, 0.857299805, 0.61654571, 0.601378328, 0.508171476, 0, 0, 0, 0, 0, 0, 0, 0.258919043, 0.00173266601, 0.213393359, -0.804658613, 0.533090473, -0.260980043, 0.0823974609, -0.334960938, -0.938476562, -0.587818139, -0.77677922, 0.22566536, 1, 1, 
480.467969, 0.1, 0.1, 0.121236035, 0.193618211, -0.0199114209, 0.687353801, -0.726322753, 0.000104126529, 0.726322756, 0.687353806, 1.51588889e-005, -8.25820116e-005, 6.52099472e-005, 0.999999994, 0.687353381, -0.726323158, -2.26387237e-005, 0.726323158, 0.687353381, 4.48529073e-006, 1.23030327e-005, -1.9526009e-005, 1, 0, 0, 0, 0, 0, 0, 0, 0.220329517, -0.0499161377, 0.193526318, -0.730043937, 0.678232124, 0.0829582935, -0.294799805, -0.422119141, 0.857299805, 0.61654571, 0.601378328, 0.508171476, 0, 0, 0, 0, 0, 0, 0, 0.258919043, 0.00173266601, 0.213393359, -0.804658613, 0.533090473, -0.260980043, 0.0823974609, -0.334960938, -0.938476562, -0.587818139, -0.77677922, 0.22566536, 1, 1, 
480.469399, 0.1, 0.1, 0.121236027, 0.193618204, -0.019900831, 0.687355756, -0.72632091, -3.19762843e-005, 0.72632091, 0.687355756, 3.42897409e-006, 1.94885475e-005, -2.5581969e-005, 0.999999999, 0.687355424, -0.72632122, -7.83063523e-005, 0.726321223, 0.687355426, 7.61370552e-006, 4.82943002e-005, -6.21088873e-005, 0.999999997, 0, 0, 0, 0, 0, 0, 0, 0.220519556, -0.0497430664, 0.19338645, -0.730684966, 0.677248489, 0.084582958, -0.293334961, -0.423583984, 0.857055664, 0.616400055, 0.601410528, 0.50828493, 0, 0, 0, 0, 0, 0, 0, 0.259096387, 0.00209077148, 0.213259717, -0.805782944, 0.532099937, -0.259631866, 0.0819091797, -0.333984375, -0.938842773, -0.586463398, -0.777865271, 0.225684316, 1, 1, 
480.470739, 0.1, 0.1, 0.121236013, 0.193618202, -0.019913615, 0.687357221, -0.72631952, -6.95181994e-005, 0.726319522, 0.687357223, -1.44041762e-006, 4.88300399e-005, -4.95023439e-005, 0.999999998, 0.687356947, -0.726319783, -2.84270179e-005, 0.726319783, 0.687356947, -3.14708553e-006, 2.18252987e-005, -1.84839344e-005, 1, 0, 0, 0, 0, 0, 0, 0, 0.220519556, -0.0497430664, 0.19338645, -0.730684966, 0.677248489, 0.084582958, -0.293334961, -0.423583984, 0.857055664, 0.616400055, 0.601410528, 0.50828493, 0, 0, 0, 0, 0, 0, 0, 0.259096387, 0.00209077148, 0.213259717, -0.805782944, 0.532099937, -0.259631866, 0.0819091797, -0.333984375, -0.938842773, -0.586463398, -0.777865271, 0.225684316, 1, 1, 
480.472076, 0.1, 0.1, 0.121236007, 0.193618201, -0.0199390195, 0.687358515, -0.726318299, -2.91470942e-005, 0.726318299, 0.687358515, -4.80442902e-006, 2.35240481e-005, -1.78677027e-005, 1, 0.687358268, -0.726318531, 4.9194936e-005, 0.726318532, 0.687358269, -1.15381692e-006, -3.29765074e-005, 3.65242793e-005, 0.999999999, 0, 0, 0, 0, 0, 0, 0, 0.220519556, -0.0497430664, 0.19338645, -0.730684966, 0.677248489, 0.084582958, -0.293334961, -0.423583984, 0.857055664, 0.616400055, 0.601410528, 0.50828493, 0, 0, 0, 0, 0, 0, 0, 0.259096387, 0.00209077148, 0.213259717, -0.805782944, 0.532099937, -0.259631866, 0.0819091797, -0.333984375, -0.938842773, -0.586463398, -0.777865271, 0.225684316, 1, 1, 
480.473478, 0.1, 0.1, 0.121236013, 0.1936182, -0.0199622861, 0.6873597, -0.726317178, 9.44777973e-006, 0.726317178, 0.6873597, 1.82761464e-006, -7.82145095e-006, 5.60585606e-006, 1, 0.687359465, -0.7263174, 2.7606389e-005, 0.7263174, 0.687359465, 1.01925979e-006, -1.97158189e-005, 1.93504028e-005, 1, 0, 0, 0, 0, 0, 0, 0, 0.220449854, -0.0495823242, 0.193380347, -0.731980129, 0.675954448, 0.0844623906, -0.292724609, -0.423950195, 0.857055664, 0.615245678, 0.60260422, 0.508304026, 0, 0, 0, 0, 0, 0, 0, 0.259096387, 0.00209077148, 0.213259717, -0.806261987, 0.530598275, -0.260916244, 0.0838623047, -0.334106445, -0.938720703, -0.585409063, -0.778759559, 0.225058352, 1, 1, 
480.474524, 0.1, 0.1, 0.121236023, 0.193618198, -0.0199704085, 0.687360448, -0.72631647, 2.3579631e-005, 0.72631647, 0.687360448, -8.71587567e-007, -1.55746573e-005, 1.77253692e-005, 1, 0.68736034, -0.726316572, -1.60146756e-005, 0.726316572, 0.68736034, -4.07123937e-007, 1.13035537e-005, -1.13518834e-005, 1, 0, 0, 0, 0, 0, 0, 0, 0.220449854, -0.0495823242, 0.193380347, -0.731980129, 0.675954448, 0.0844623906, -0.292724609, -0.423950195, 0.857055664, 0.615245678, 0.60260422, 0.508304026, 0, 0, 0, 0, 0, 0, 0, 0.258863623, 0.00219584961, 0.213384814, -0.806261987, 0.530598275, -0.260916244, 0.0838623047, -0.334106445, -0.938720703, -0.585409063, -0.778759559, 0.225058352, 1, 1, 
480.47539, 0.1, 0.1, 0.121236017, 0.193618197, -0.0199731612, 0.687360961, -0.726315984, -1.98168676e-005, 0.726315984, 0.687360961, -2.44420534e-007, 1.37988677e-005, -1.42253026e-005, 1, 0.687360859, -0.726316081, 2.11842556e-005, 0.726316081, 0.687360859, -7.07706863e-007, -1.40472092e-005, 1.58729155e-005, 1, 0, 0, 0, 0, 0, 0, 0, 0.220449854, -0.0495823242, 0.193380347, -0.732875397, 0.675066292, 0.0842976398, -0.292602539, -0.424560547, 0.856689453, 0.614275147, 0.603239258, 0.508824488, 0, 0, 0, 0, 0, 0, 0, 0.258863623, 0.00219584961, 0.213384814, -0.806261987, 0.530598275, -0.260916244, 0.0838623047, -0.334106445, -0.938720703, -0.585409063, -0.778759559, 0.225058352, 1, 1, 
480.476249, 0.1, 0.1, 0.121236024, 0.193618196, -0.0199716827, 0.687361397, -0.726315572, 2.55352539e-005, 0.726315572, 0.687361397, 2.32609976e-008, -1.75688426e-005, 1.85306639e-005, 1, 0.687361318, -0.726315646, -1.33433152e-005, 0.726315646, 0.687361318, 6.6412879e-008, 9.12344202e-006, -9.73710825e-006, 1, 0, 0, 0, 0, 0, 0, 0, 0.220177905, -0.0494025391, 0.193373511, -0.732875397, 0.675066292, 0.0842976398, -0.292602539, -0.424560547, 0.856689453, 0.614275147, 0.603239258, 0.508824488, 0, 0, 0, 0, 0, 0, 0, 0.258634033, 0.00255737305, 0.213498193, -0.806581349, 0.52958222, -0.262296504, 0.0858154297, -0.334106445, -0.938476562, -0.584706173, -0.779602807, 0.224176825, 1, 1, 
480.47709, 0.1, 0.1, 0.12123602, 0.193618195, -0.0199673802, 0.687361755, -0.726315233, -3.56166463e-005, 0.726315233, 0.687361755, 1.14335162e-006, 2.36510868e-005, -2.6654809e-005, 0.999999999, 0.68736169, -0.726315294, 9.52215215e-006, 0.726315294, 0.68736169, 1.23962576e-006, -7.44552175e-006, 6.06401348e-006, 1, 0, 0, 0, 0, 0, 0, 0, 0.220177905, -0.0494025391, 0.193373511, -0.732875397, 0.675066292, 0.0842976398, -0.292602539, -0.424560547, 0.856689453, 0.614275147, 0.603239258, 0.508824488, 0, 0, 0, 0, 0, 0, 0, 0.258634033, 0.00255737305, 0.213498193, -0.806581349, 0.52958222, -0.262296504, 0.0858154297, -0.334106445, -0.938476562, -0.584706173, -0.779602807, 0.224176825, 1, 1, 
480.477928, 0.1, 0.1, 0.121236029, 0.193618194, -0.0199619922, 0.687362043, -0.726314959, 3.58161042e-005, 0.72631496, 0.687362044, -1.92286621e-006, -2.32220241e-005, 2.73354775e-005, 0.999999999, 0.687361993, -0.726315007, -1.70654138e-005, 0.726315007, 0.687361993, -1.69199737e-006, 1.295904e-005, -1.12318515e-005, 1, 0, 0, 0, 0, 0, 0, 0, 0.220177905, -0.0494025391, 0.193373511, -0.732875397, 0.675066292, 0.0842976398, -0.292602539, -0.424560547, 0.856689453, 0.614275147, 0.603239258, 0.508824488, 0, 0, 0, 0, 0, 0, 0, 0.258634033, 0.00255737305, 0.213498193, -0.806581349, 0.52958222, -0.262296504, 0.0858154297, -0.334106445, -0.938476562, -0.584706173, -0.779602807, 0.224176825, 1, 1, 
480.478764, 0.1, 0.1, 0.121236022, 0.193618194, -0.0199575328, 0.68736227, -0.726314744, -3.89457197e-005, 0.726314745, 0.687362271, 2.458954e-007, 2.65912209e-005, -2.84558697e-005, 0.999999999, 0.687362232, -0.726314782, 1.9977658e-005, 0.726314782, 0.687362232, -2.90594028e-007, -1.35208249e-005, 1.47098117e-005, 1, 0, 0, 0, 0, 0, 0, 0, 0.220177905, -0.0494025391, 0.193373511, -0.732875397, 0.675066292, 0.0842976398, -0.292602539, -0.424560547, 0.856689453, 0.614275147, 0.603239258, 0.508824488, 0, 0, 0, 0, 0, 0, 0, 0.258634033, 0.00255737305, 0.213498193, -0.806581349, 0.52958222, -0.262296504, 0.0858154297, -0.334106445, -0.938476562, -0.584706173, -0.779602807, 0.224176825, 1, 1, 
480.479603, 0.1, 0.1, 0.121236033, 0.193618193, -0.0199554192, 0.68736245, -0.726314575, 3.62070386e-005, 0.726314575, 0.68736245, -9.68197706e-007, -2.41841427e-005, 2.69632026e-005, 0.999999999, 0.68736242, -0.726314603, -2.56123508e-005, 0.726314603, 0.68736242, -4.96601636e-007, 1.79656565e-005, -1.82612791e-005, 1, 0, 0, 0, 0, 0, 0, 0, 0.220177905, -0.0494025391, 0.193373511, -0.732875397, 0.675066292, 0.0842976398, -0.292602539, -0.424560547, 0.856689453, 0.614275147, 0.603239258, 0.508824488, 0, 0, 0, 0, 0, 0, 0, 0.258634033, 0.00255737305, 0.213498193, -0.806581349, 0.52958222, -0.262296504, 0.0858154297, -0.334106445, -0.938476562, -0.584706173, -0.779602807, 0.224176825, 1, 1, 
480.480476, 0.1, 0.1, 0.121236025, 0.193618192, -0.0199561551, 0.687362591, -0.726314441, -4.14518898e-005, 0.726314442, 0.687362591, 4.72370242e-007, 2.8149389e-005, -3.04317958e-005, 0.999999999, 0.687362567, -0.726314464, 2.49756273e-005, 0.726314464, 0.687362567, -9.14290349e-008, -1.71009051e-005, 1.82030043e-005, 1, 0, 0, 0, 0, 0, 0, 0, 0.220165088, -0.0494032715, 0.193528271, -0.733091445, 0.675022109, 0.0829523021, -0.293334961, -0.423950195, 0.856811523, 0.613691406, 0.603740623, 0.508913977, 0, 0, 0, 0, 0, 0, 0, 0.258634033, 0.00255737305, 0.213498193, -0.806191625, 0.529083854, -0.264443454, 0.087890625, -0.334838867, -0.937988281, -0.584910697, -0.779532444, 0.223582943, 1, 1, 
480.481315, 0.1, 0.1, 0.121236038, 0.193618191, -0.019958862, 0.687362688, -0.72631435, 2.24509098e-005, 0.72631435, 0.687362688, -1.84393709e-006, -1.40926398e-005, 1.75738715e-005, 1, 0.687362674, -0.726314363, -3.44027194e-005, 0.726314363, 0.687362674, -9.30262977e-007, 2.43228085e-005, -2.43477611e-005, 0.999999999, 0, 0, 0, 0, 0, 0, 0, 0.220165088, -0.0494032715, 0.193528271, -0.733091445, 0.675022109, 0.0829523021, -0.293334961, -0.423950195, 0.856811523, 0.613691406, 0.603740623, 0.508913977, 0, 0, 0, 0, 0, 0, 0, 0.258432275, 0.00252587891, 0.214013379, -0.806191625, 0.529083854, -0.264443454, 0.087890625, -0.334838867, -0.937988281, -0.584910697, -0.779532444, 0.223582943, 1, 1, 
480.482155, 0.1, 0.1, 0.12123603, 0.193618191, -0.0199629549, 0.687362763, -0.726314279, -2.42788657e-005, 0.726314279, 0.687362763, -3.64343047e-006, 1.93346638e-005, -1.51297284e-005, 1, 0.687362751, -0.72631429, 2.46411925e-005, 0.726314291, 0.687362751, -3.65217046e-006, -1.42848142e-005, 2.04076161e-005, 1, 0, 0, 0, 0, 0, 0, 0, 0.220165088, -0.0494032715, 0.193528271, -0.733091445, 0.675022109, 0.0829523021, -0.293334961, -0.423950195, 0.856811523, 0.613691406, 0.603740623, 0.508913977, 0, 0, 0, 0, 0, 0, 0, 0.258432275, 0.00252587891, 0.214013379, -0.806191625, 0.529083854, -0.264443454, 0.087890625, -0.334838867, -0.937988281, -0.584910697, -0.779532444, 0.223582943, 1, 1, 
480.482993, 0.1, 0.1, 0.121236039, 0.19361819, -0.0199668004, 0.687362846, -0.7263142, 2.51118618e-005, 0.7263142, 0.687362846, 3.84020034e-006, -2.00501529e-005, 1.55994908e-005, 1, 0.687362829, -0.726314217, -2.03975423e-005, 0.726314217, 0.687362829, 2.43385584e-006, 1.22527683e-005, -1.6487967e-005, 1, 0, 0, 0, 0, 0, 0, 0, 0.220165088, -0.0494032715, 0.193528271, -0.733091445, 0.675022109, 0.0829523021, -0.293334961, -0.423950195, 0.856811523, 0.613691406, 0.603740623, 0.508913977, 0, 0, 0, 0, 0, 0, 0, 0.258432275, 0.00252587891, 0.214013379, -0.806191625, 0.529083854, -0.264443454, 0.087890625, -0.334838867, -0.937988281, -0.584910697, -0.779532444, 0.223582943, 1, 1, 
480.48383, 0.1, 0.1, 0.121236032, 0.193618189, -0.0199691848, 0.687362943, -0.726314108, -1.64243245e-005, 0.726314108, 0.687362943, -2.18023091e-006, 1.28730045e-005, -1.04306086e-005, 1, 0.687362922, -0.726314128, 2.49492795e-005, 0.726314128, 0.687362922, -4.22960289e-007, -1.68420076e-005, 1.84117414e-005, 1, 0, 0, 0, 0, 0, 0, 0, 0.220165088, -0.0494032715, 0.193528271, -0.733091445, 0.675022109, 0.0829523021, -0.293334961, -0.423950195, 0.856811523, 0.613691406, 0.603740623, 0.508913977, 0, 0, 0, 0, 0, 0, 0, 0.258432275, 0.00252587891, 0.214013379, -0.806191625, 0.529083854, -0.264443454, 0.087890625, -0.334838867, -0.937988281, -0.584910697, -0.779532444, 0.223582943, 1, 1, 
480.484661, 0.1, 0.1, 0.121236038, 0.193618188, -0.0199694024, 0.687363047, -0.72631401, 3.09821353e-005, 0.72631401, 0.687363047, 2.8163717e-006, -2.33415451e-005, 2.05668891e-005, 1, 0.687363025, -0.726314031, -9.88466328e-006, 0.726314031, 0.687363025, 4.59596389e-007, 6.46054074e-006, -7.49527919e-006, 1, 0, 0, 0, 0, 0, 0, 0, 0.220165088, -0.0494032715, 0.193528271, -0.733091445, 0.675022109, 0.0829523021, -0.293334961, -0.423950195, 0.856811523, 0.613691406, 0.603740623, 0.508913977, 0, 0, 0, 0, 0, 0, 0, 0.258432275, 0.00252587891, 0.214013379, -0.806191625, 0.529083854, -0.264443454, 0.087890625, -0.334838867, -0.937988281, -0.584910697, -0.779532444, 0.223582943, 1, 1, 
480.485536, 0.1, 0.1, 0.121236031, 0.193618187, -0.0199670799, 0.687363163, -0.7263139, -2.71642663e-005, 0.7263139, 0.687363163, -2.51028914e-006, 2.04949739e-005, -1.80043039e-005, 1, 0.687363139, -0.726313923, 1.83182604e-005, 0.726313923, 0.687363139, 9.5758071e-008, -1.26608474e-005, 1.3238987e-005, 1, 0, 0, 0, 0, 0, 0, 0, 0.220159717, -0.0494053467, 0.193695239, -0.733167829, 0.674958829, 0.0818480993, -0.294067383, -0.423339844, 0.856933594, 0.613209136, 0.604121422, 0.508965273, 0, 0, 0, 0, 0, 0, 0, 0.258433984, 0.00271420898, 0.214383447, -0.806204385, 0.528611007, -0.265523308, 0.0889892578, -0.335205078, -0.937744141, -0.584789295, -0.779704885, 0.223346703, 1, 1, 
480.486389, 0.1, 0.1, 0.121236039, 0.193618186, -0.0199633712, 0.687363281, -0.726313788, 3.68489722e-005, 0.726313789, 0.687363281, 2.5673999e-006, -2.71933684e-005, 2.49991802e-005, 0.999999999, 0.687363256, -0.726313813, -1.35427127e-005, 0.726313813, 0.687363256, -4.91269258e-007, 9.66557875e-006, -9.49857886e-006, 1, 0, 0, 0, 0, 0, 0, 0, 0.220159717, -0.0494053467, 0.193695239, -0.733167829, 0.674958829, 0.0818480993, -0.294067383, -0.423339844, 0.856933594, 0.613209136, 0.604121422, 0.508965273, 0, 0, 0, 0, 0, 0, 0, 0.258433984, 0.00271420898, 0.214383447, -0.806204385, 0.528611007, -0.265523308, 0.0889892578, -0.335205078, -0.937744141, -0.584789295, -0.779704885, 0.223346703, 1, 1, 
480.487234, 0.1, 0.1, 0.121236032, 0.193618185, -0.0199598479, 0.687363402, -0.726313673, -3.6922345e-005, 0.726313673, 0.687363403, -2.99557191e-006, 2.75547936e-005, -2.47581575e-005, 0.999999999, 0.687363376, -0.726313698, 1.95064313e-005, 0.726313698, 0.687363377, 6.22091196e-008, -1.34531898e-005, 1.4125028e-005, 1, 0, 0, 0, 0, 0, 0, 0, 0.220159717, -0.0494053467, 0.193695239, -0.733167829, 0.674958829, 0.0818480993, -0.294067383, -0.423339844, 0.856933594, 0.613209136, 0.604121422, 0.508965273, 0, 0, 0, 0, 0, 0, 0, 0.258433984, 0.00271420898, 0.214383447, -0.806204385, 0.528611007, -0.265523308, 0.0889892578, -0.335205078, -0.937744141, -0.584789295, -0.779704885, 0.223346703, 1, 1, 
480.488069, 0.1, 0.1, 0.121236042, 0.193618184, -0.0199578381, 0.687363532, -0.726313551, 3.22663634e-005, 0.726313551, 0.687363532, 3.6875291e-006, -2.48570239e-005, 2.09008239e-005, 0.999999999, 0.687363503, -0.726313578, -2.60242357e-005, 0.726313578, 0.687363504, 3.31671766e-007, 1.76472121e-005, -1.91297348e-005, 1, 0, 0, 0, 0, 0, 0, 0, 0.220159717, -0.0494053467, 0.193695239, -0.733167829, 0.674958829, 0.0818480993, -0.294067383, -0.423339844, 0.856933594, 0.613209136, 0.604121422, 0.508965273, 0, 0, 0, 0, 0, 0, 0, 0.258433984, 0.00271420898, 0.214383447, -0.806204385, 0.528611007, -0.265523308, 0.0889892578, -0.335205078, -0.937744141, -0.584789295, -0.779704885, 0.223346703, 1, 1, 
480.488908, 0.1, 0.1, 0.121236034, 0.193618183, -0.019957879, 0.687363669, -0.726313421, -3.43979659e-005, 0.726313421, 0.687363669, -2.21481593e-006, 2.52525626e-005, -2.34613203e-005, 0.999999999, 0.687363639, -0.72631345, 2.37510072e-005, 0.72631345, 0.687363639, 1.61642569e-006, -1.74996105e-005, 1.61396038e-005, 1, 0, 0, 0, 0, 0, 0, 0, 0.220159717, -0.0494053467, 0.193695239, -0.733167829, 0.674958829, 0.0818480993, -0.294067383, -0.423339844, 0.856933594, 0.613209136, 0.604121422, 0.508965273, 0, 0, 0, 0, 0, 0, 0, 0.258433984, 0.00271420898, 0.214383447, -0.806204385, 0.528611007, -0.265523308, 0.0889892578, -0.335205078, -0.937744141, -0.584789295, -0.779704885, 0.223346703, 1, 1, 
480.489759, 0.1, 0.1, 0.121236045, 0.193618183, -0.0199598693, 0.687363808, -0.72631329, 3.16441256e-005, 0.72631329, 0.687363808, 2.17424701e-006, -2.33302112e-005, 2.14890503e-005, 0.999999999, 0.687363775, -0.726313321, -2.9527973e-005, 0.726313321, 0.687363775, -1.75456903e-006, 2.15708259e-005, -2.0240533e-005, 1, 0, 0, 0, 0, 0, 0, 0, 0.220159717, -0.0494053467, 0.193695239, -0.732488608, 0.675764609, 0.0812452622, -0.294921875, -0.422729492, 0.856933594, 0.613595926, 0.603746615, 0.509060753, 0, 0, 0, 0, 0, 0, 0, 0.258433984, 0.00271420898, 0.214383447, -0.806204385, 0.528611007, -0.265523308, 0.0889892578, -0.335205078, -0.937744141, -0.584789295, -0.779704885, 0.223346703, 1, 1, 
480.490616, 0.1, 0.1, 0.121236035, 0.193618181, -0.0199624317, 0.687363946, -0.726313159, -2.03947159e-005, 0.726313159, 0.687363946, -2.1088329e-006, 1.55502655e-005, -1.33634149e-005, 1, 0.687363917, -0.726313187, 3.10757833e-005, 0.726313187, 0.687363917, 1.4470268e-006, -2.24113668e-005, 2.15761172e-005, 1, 0, 0, 0, 0, 0, 0, 0, 0.219972363, -0.0495885498, 0.193887964, -0.732488608, 0.675764609, 0.0812452622, -0.294921875, -0.422729492, 0.856933594, 0.613595926, 0.603746615, 0.509060753, 0, 0, 0, 0, 0, 0, 0, 0.258476465, 0.00238100586, 0.214571777, -0.805054534, 0.529965748, -0.265996155, 0.0888671875, -0.335693359, -0.93762207, -0.586386839, -0.778580555, 0.223174262, 1, 1, 
480.491445, 0.1, 0.1, 0.121236044, 0.193618181, -0.0199651115, 0.68736407, -0.726313042, 2.54830868e-005, 0.726313042, 0.68736407, -1.15629851e-006, -1.66763236e-005, 1.93034963e-005, 1, 0.687364045, -0.726313065, -2.03815234e-005, 0.726313065, 0.687364045, -3.60776091e-006, 1.66298902e-005, -1.23235216e-005, 1, 0, 0, 0, 0, 0, 0, 0, 0.219972363, -0.0495885498, 0.193887964, -0.732488608, 0.675764609, 0.0812452622, -0.294921875, -0.422729492, 0.856933594, 0.613595926, 0.603746615, 0.509060753, 0, 0, 0, 0, 0, 0, 0, 0.258476465, 0.00238100586, 0.214571777, -0.805054534, 0.529965748, -0.265996155, 0.0888671875, -0.335693359, -0.93762207, -0.586386839, -0.778580555, 0.223174262, 1, 1, 
480.492309, 0.1, 0.1, 0.121236038, 0.19361818, -0.019966976, 0.687364165, -0.726312951, -3.06728767e-005, 0.726312952, 0.687364166, 2.77629041e-006, 1.90669807e-005, -2.41864302e-005, 1, 0.687364148, -0.726312968, 1.94403864e-005, 0.726312968, 0.687364148, 4.12339456e-006, -1.63574996e-005, 1.12855312e-005, 1, 0, 0, 0, 0, 0, 0, 0, 0.219972363, -0.0495885498, 0.193887964, -0.732031425, 0.676170495, 0.0818671953, -0.294799805, -0.422851563, 0.856811523, 0.614141475, 0.603187961, 0.509085841, 0, 0, 0, 0, 0, 0, 0, 0.258476465, 0.00238100586, 0.214571777, -0.805054534, 0.529965748, -0.265996155, 0.0888671875, -0.335693359, -0.93762207, -0.586386839, -0.778580555, 0.223174262, 1, 1, 
480.493168, 0.1, 0.1, 0.121236048, 0.193618179, -0.0199668592, 0.68736422, -0.7263129, 1.98796284e-005, 0.7263129, 0.68736422, -2.19320012e-006, -1.20715957e-005, 1.59463578e-005, 1, 0.687364213, -0.726312906, -2.58185031e-005, 0.726312906, 0.687364213, -2.58835995e-006, 1.96266743e-005, -1.6973166e-005, 1, 0, 0, 0, 0, 0, 0, 0, 0.219997388, -0.049792749, 0.193919824, -0.732031425, 0.676170495, 0.0818671953, -0.294799805, -0.422851563, 0.856811523, 0.614141475, 0.603187961, 0.509085841, 0, 0, 0, 0, 0, 0, 0, 0.258484521, 0.00200605469, 0.214396631, -0.804747932, 0.530898681, -0.265254986, 0.0880126953, -0.335205078, -0.937866211, -0.586968328, -0.778114271, 0.223129419, 1, 1, 
480.494002, 0.1, 0.1, 0.121236043, 0.193618178, -0.019965571, 0.687364242, -0.726312879, -3.4102458e-005, 0.726312879, 0.687364242, 4.9050143e-007, 2.30845527e-005, -2.51062076e-005, 0.999999999, 0.687364242, -0.72631288, 1.24455436e-005, 0.72631288, 0.687364242, 4.14718923e-008, -8.58474318e-006, 9.01085229e-006, 1, 0, 0, 0, 0, 0, 0, 0, 0.219997388, -0.049792749, 0.193919824, -0.732031425, 0.676170495, 0.0818671953, -0.294799805, -0.422851563, 0.856811523, 0.614141475, 0.603187961, 0.509085841, 0, 0, 0, 0, 0, 0, 0, 0.258484521, 0.00200605469, 0.214396631, -0.804747932, 0.530898681, -0.265254986, 0.0880126953, -0.335205078, -0.937866211, -0.586968328, -0.778114271, 0.223129419, 1, 1, 
480.494834, 0.1, 0.1, 0.121236052, 0.193618178, -0.0199637046, 0.687364244, -0.726312877, 3.08762015e-005, 0.726312878, 0.687364244, -6.66695739e-007, -2.07389672e-005, 2.28840456e-005, 1, 0.687364247, -0.726312875, -1.98374027e-005, 0.726312875, 0.687364247, -2.6735532e-007, 1.3829705e-005, -1.42243905e-005, 1, 0, 0, 0, 0, 0, 0, 0, 0.219997388, -0.049792749, 0.193919824, -0.732031425, 0.676170495, 0.0818671953, -0.294799805, -0.422851563, 0.856811523, 0.614141475, 0.603187961, 0.509085841, 0, 0, 0, 0, 0, 0, 0, 0.258484521, 0.00200605469, 0.214396631, -0.804747932, 0.530898681, -0.265254986, 0.0880126953, -0.335205078, -0.937866211, -0.586968328, -0.778114271, 0.223129419, 1, 1, 
480.49567, 0.1, 0.1, 0.121236045, 0.193618177, -0.0199618932, 0.687364229, -0.726312891, -2.94401619e-005, 0.726312891, 0.68736423, 4.19171324e-007, 1.99316646e-005, -2.16708925e-005, 1, 0.687364235, -0.726312885, 2.23368718e-005, 0.726312886, 0.687364236, 7.0005499e-009, -1.53586514e-005, 1.62187459e-005, 1, 0, 0, 0, 0, 0, 0, 0, 0.219997388, -0.049792749, 0.193919824, -0.732031425, 0.676170495, 0.0818671953, -0.294799805, -0.422851563, 0.856811523, 0.614141475, 0.603187961, 0.509085841, 0, 0, 0, 0, 0, 0, 0, 0.258484521, 0.00200605469, 0.214396631, -0.804747932, 0.530898681, -0.265254986, 0.0880126953, -0.335205078, -0.937866211, -0.586968328, -0.778114271, 0.223129419, 1, 1, 
480.49651, 0.1, 0.1, 0.121236054, 0.193618176, -0.0199607025, 0.687364202, -0.726312916, 3.58116136e-005, 0.726312916, 0.687364203, 1.37400087e-007, -2.47154167e-005, 2.59159936e-005, 0.999999999, 0.687364211, -0.726312909, -1.78880995e-005, 0.726312909, 0.687364211, 2.76628382e-007, 1.20947207e-005, -1.31825021e-005, 1, 0, 0, 0, 0, 0, 0, 0, 0.219997388, -0.049792749, 0.193919824, -0.732031425, 0.676170495, 0.0818671953, -0.294799805, -0.422851563, 0.856811523, 0.614141475, 0.603187961, 0.509085841, 0, 0, 0, 0, 0, 0, 0, 0.258484521, 0.00200605469, 0.214396631, -0.804747932, 0.530898681, -0.265254986, 0.0880126953, -0.335205078, -0.937866211, -0.586968328, -0.778114271, 0.223129419, 1, 1, 
480.497387, 0.1, 0.1, 0.121236045, 0.193618175, -0.0199602071, 0.687364158, -0.726312958, -3.2478512e-005, 0.726312959, 0.687364158, 2.33602074e-006, 2.06278829e-005, -2.51952611e-005, 0.999999999, 0.68736417, -0.726312948, 2.13338426e-005, 0.726312948, 0.68736417, 2.29484605e-006, -1.63308954e-005, 1.39176511e-005, 1, 0, 0, 0, 0, 0, 0, 0, 0.219839087, -0.0501895508, 0.193764331, -0.730837734, 0.677248489, 0.0831683496, -0.295043945, -0.423583984, 0.856445312, 0.615435516, 0.601410528, 0.509497718, 0, 0, 0, 0, 0, 0, 0, 0.258270801, 0.00148427734, 0.214332568, -0.804268889, 0.532911469, -0.262775914, 0.0855712891, -0.333740234, -0.938598633, -0.588022663, -0.777411748, 0.222899009, 1, 1, 
480.498222, 0.1, 0.1, 0.121236055, 0.193618174, -0.0199605979, 0.687364097, -0.726313016, 2.99331153e-005, 0.726313017, 0.687364097, -5.74659836e-007, -2.01575659e-005, 2.21358118e-005, 1, 0.687364113, -0.726313002, -2.41932738e-005, 0.726313002, 0.687364113, 2.12233048e-007, 1.64754405e-005, -1.77177707e-005, 1, 0, 0, 0, 0, 0, 0, 0, 0.219839087, -0.0501895508, 0.193764331, -0.730837734, 0.677248489, 0.0831683496, -0.295043945, -0.423583984, 0.856445312, 0.615435516, 0.601410528, 0.509497718, 0, 0, 0, 0, 0, 0, 0, 0.258270801, 0.00148427734, 0.214332568, -0.804268889, 0.532911469, -0.262775914, 0.0855712891, -0.333740234, -0.938598633, -0.588022663, -0.777411748, 0.222899009, 1, 1, 
480.499061, 0.1, 0.1, 0.121236047, 0.193618174, -0.019961968, 0.687364029, -0.726313081, -2.7200414e-005, 0.726313081, 0.687364029, -1.15887343e-006, 1.95382911e-005, -1.89594486e-005, 1, 0.687364045, -0.726313066, 2.50064307e-005, 0.726313066, 0.687364045, -1.36125794e-006, -1.6199822e-005, 1.90981771e-005, 1, 0, 0, 0, 0, 0, 0, 0, 0.219839087, -0.0501895508, 0.193764331, -0.730837734, 0.677248489, 0.0831683496, -0.295043945, -0.423583984, 0.856445312, 0.615435516, 0.601410528, 0.509497718, 0, 0, 0, 0, 0, 0, 0, 0.258270801, 0.00148427734, 0.214332568, -0.804268889, 0.532911469, -0.262775914, 0.0855712891, -0.333740234, -0.938598633, -0.588022663, -0.777411748, 0.222899009, 1, 1, 
480.499903, 0.1, 0.1, 0.121236056, 0.193618173, -0.0199637173, 0.68736397, -0.726313136, 2.92276509e-005, 0.726313137, 0.68736397, 1.22186925e-006, -2.09774939e-005, 2.03885579e-005, 1, 0.687363983, -0.726313124, -2.12910841e-005, 0.726313124, 0.687363983, 9.97650281e-007, 1.39101179e-005, -1.61497427e-005, 1, 0, 0, 0, 0, 0, 0, 0, 0.219839087, -0.0501895508, 0.193764331, -0.730837734, 0.677248489, 0.0831683496, -0.295043945, -0.423583984, 0.856445312, 0.615435516, 0.601410528, 0.509497718, 0, 0, 0, 0, 0, 0, 0, 0.258270801, 0.00148427734, 0.214332568, -0.804268889, 0.532911469, -0.262775914, 0.0855712891, -0.333740234, -0.938598633, -0.588022663, -0.777411748, 0.222899009, 1, 1, 
480.500734, 0.1, 0.1, 0.121236048, 0.193618172, -0.0199651466, 0.687363917, -0.726313187, -2.14761385e-005, 0.726313187, 0.687363917, 9.33958278e-007, 1.40835764e-005, -1.62403718e-005, 1, 0.687363929, -0.726313175, 2.53720552e-005, 0.726313176, 0.687363929, 6.89193185e-007, -1.79404056e-005, 1.79543314e-005, 1, 0, 0, 0, 0, 0, 0, 0, 0.219839087, -0.0501895508, 0.193764331, -0.730837734, 0.677248489, 0.0831683496, -0.295043945, -0.423583984, 0.856445312, 0.615435516, 0.601410528, 0.509497718, 0, 0, 0, 0, 0, 0, 0, 0.258270801, 0.00148427734, 0.214332568, -0.804268889, 0.532911469, -0.262775914, 0.0855712891, -0.333740234, -0.938598633, -0.588022663, -0.777411748, 0.222899009, 1, 1, 
480.501573, 0.1, 0.1, 0.121236056, 0.193618171, -0.0199658925, 0.687363859, -0.726313241, 2.88064895e-005, 0.726313241, 0.68736386, 5.56336724e-007, -2.02046145e-005, 2.0540129e-005, 1, 0.687363873, -0.726313229, -1.68089886e-005, 0.726313229, 0.687363873, 7.26483272e-007, 1.10262371e-005, -1.27079491e-005, 1, 0, 0, 0, 0, 0, 0, 0, 0.219839087, -0.0501895508, 0.193764331, -0.730837734, 0.677248489, 0.0831683496, -0.295043945, -0.423583984, 0.856445312, 0.615435516, 0.601410528, 0.509497718, 0, 0, 0, 0, 0, 0, 0, 0.258270801, 0.00148427734, 0.214332568, -0.804268889, 0.532911469, -0.262775914, 0.0855712891, -0.333740234, -0.938598633, -0.588022663, -0.777411748, 0.222899009, 1, 1, 
