time, realDorsalTactorPos, realVentralTactorPos, boxPosX, boxPosY, boxPosZ, boxLocalRot_11, boxLocalRot_12, boxLocalRot_13, boxLocalRot_21, boxLocalRot_22, boxLocalRot_23, boxLocalRot_31, boxLocalRot_32, boxLocalRot_33, boxGlobalRot_11, boxGlobalRot_12, boxGlobalRot_13, boxGlobalRot_21, boxGlobalRot_22, boxGlobalRot_23, boxGlobalRot_31, boxGlobalRot_32, boxGlobalRot_33, indexForceX, indexForceY, indexForceZ, indexForceGlobalX, indexForceGlobalY, indexForceGlobalZ, indexContact, indexPosX, indexPosY, indexPosZ, indexRot_11, indexRot_12, indexRot_13, indexRot_21, indexRot_22, indexRot_23, indexRot_31, indexRot_32, indexRot_33, thumbForceX, thumbForceY, thumbForceZ, thumbForceGlobalX, thumbForceGlobalY, thumbForceGlobalZ, thumbContact, thumbPosX, thumbPosY, thumbPosZ, thumbRot_11, thumbRot_12, thumbRot_13, thumbRot_21, thumbRot_22, thumbRot_23, thumbRot_31, thumbRot_32, thumbRot_33, mapping, trialSuccess, 
124.670476, 0.1, 0.1, 0.121267668, 0.196271175, -0.0199561637, -0.210827803, -0.000132631041, -0.977523207, -0.977523216, 3.95357522e-005, 0.2108278, 1.06848046e-005, 0.99999999, -0.000137985158, -0.210827936, -0.000139057422, -0.977523177, -0.977523187, 2.92161405e-005, 0.210827934, -7.57734632e-007, 0.99999999, -0.000142091433, 0, 0, 0, 0, 0, 0, 0, 0.179729199, -0.0923312744, -0.206343091, 0.274098046, 0.882767148, -0.381308435, -0.780029297, 0.436035156, 0.448730469, 0.562434796, 0.174477708, 0.808248118, -0, 0, 0, 0, 0, 0, 0, 0.22531377, -0.0819618164, -0.16353374, -0.0269901025, 0.0939927269, -0.995137596, 0.626342773, -0.774291992, -0.0902099609, -0.779061672, -0.625682718, -0.0379438845, 2, 1, 
124.710897, 0.1, 0.1, 0.121267658, 0.196271197, -0.0199730638, -0.210844952, -1.08757115e-005, -0.977519517, -0.977519517, 6.04783815e-007, 0.210844952, -1.7019009e-006, 1, -1.07587359e-005, -0.210844914, -2.52187818e-006, -0.977519525, -0.977519525, 5.7863976e-006, 0.210844914, 5.12459145e-006, 1, -3.68521766e-006, 0, 0, 0, 0, 0, 0, 0, 0.179392603, -0.101349829, -0.197813599, 0.208476045, 0.903828612, -0.373456944, -0.795043945, 0.37902832, 0.473510742, 0.569491318, 0.198208534, 0.797735168, -0, 0, 0, 0, 0, 0, 0, 0.226166748, -0.0906892578, -0.156073975, -0.0418626972, 0.11552272, -0.992346092, 0.641357422, -0.758422852, -0.115356445, -0.766018462, -0.64134026, -0.0423147086, 2, 1, 
124.711769, 0.1, 0.1, 0.121267657, 0.196271196, -0.0199621601, -0.210845115, -1.40080465e-005, -0.977519482, -0.977519482, 9.37832361e-006, 0.210845115, 6.21396587e-006, 1, -1.5670512e-005, -0.210845073, 7.85965184e-006, -0.977519491, -0.977519491, -3.00743541e-006, 0.210845073, -1.28265786e-006, 1, 8.31706581e-006, 0, 0, 0, 0, 0, 0, 0, 0.179299194, -0.101675098, -0.196820898, 0.208476045, 0.903828612, -0.373456944, -0.795043945, 0.37902832, 0.473510742, 0.569491318, 0.198208534, 0.797735168, -0, 0, 0, 0, 0, 0, 0, 0.226231445, -0.0906645996, -0.155204932, -0.0421623697, 0.117355771, -0.992167455, 0.646118164, -0.754150391, -0.116699219, -0.761999449, -0.645934565, -0.044014331, 2, 1, 
124.712613, 0.1, 0.1, 0.121267656, 0.196271197, -0.0199530936, -0.210845235, 5.96820286e-006, -0.977519456, -0.977519456, -3.74272302e-006, 0.210845235, -2.40021744e-006, 1, 6.62316972e-006, -0.210845218, 1.89178579e-005, -0.97751946, -0.97751946, 2.87260094e-006, 0.210845218, 6.79676319e-006, 1, 1.78869001e-005, 0, 0, 0, 0, 0, 0, 0, 0.179299194, -0.101675098, -0.196820898, 0.208476045, 0.903828612, -0.373456944, -0.795043945, 0.37902832, 0.473510742, 0.569491318, 0.198208534, 0.797735168, -0, 0, 0, 0, 0, 0, 0, 0.226231445, -0.0906645996, -0.155204932, -0.0421623697, 0.117355771, -0.992167455, 0.646118164, -0.754150391, -0.116699219, -0.761999449, -0.645934565, -0.044014331, 2, 1, 
124.713557, 0.1, 0.1, 0.121267657, 0.196271196, -0.0199467438, -0.21084537, 2.75095725e-005, -0.977519427, -0.977519427, 1.48922434e-006, 0.21084537, 7.25601171e-006, 1, 2.65771455e-005, -0.210845354, 1.61927273e-005, -0.97751943, -0.97751943, -6.13846169e-006, 0.210845354, -2.58630425e-006, 1, 1.71229717e-005, 0, 0, 0, 0, 0, 0, 0, 0.179221411, -0.102451611, -0.195831616, 0.202574232, 0.906025035, -0.371546961, -0.796386719, 0.373291016, 0.475830078, 0.569684522, 0.199590942, 0.797309065, -0, 0, 0, 0, 0, 0, 0, 0.226295898, -0.0913077148, -0.15433418, -0.0422768415, 0.118990861, -0.992001577, 0.650146484, -0.750610352, -0.117675781, -0.758574685, -0.649813219, -0.0455925518, 2, 1, 
124.714404, 0.1, 0.1, 0.121267658, 0.196271196, -0.0199466791, -0.210845487, 1.52107897e-005, -0.977519402, -0.977519402, -6.47408612e-006, 0.210845487, -3.12141843e-006, 1, 1.62338739e-005, -0.21084545, -1.29624721e-005, -0.977519409, -0.97751941, 9.98164739e-006, 0.21084545, 7.0241758e-006, 1, -1.4775653e-005, 0, 0, 0, 0, 0, 0, 0, 0.179221411, -0.102451611, -0.195831616, 0.202574232, 0.906025035, -0.371546961, -0.796386719, 0.373291016, 0.475830078, 0.569684522, 0.199590942, 0.797309065, -0, 0, 0, 0, 0, 0, 0, 0.226295898, -0.0913077148, -0.15433418, -0.0422768415, 0.118990861, -0.992001577, 0.650146484, -0.750610352, -0.117675781, -0.758574685, -0.649813219, -0.0455925518, 2, 1, 
124.715267, 0.1, 0.1, 0.121267658, 0.196271195, -0.019952492, -0.210845573, -1.02584535e-005, -0.977519383, -0.977519383, 8.92276386e-006, 0.210845573, 6.55922513e-006, 1, -1.19091623e-005, -0.21084556, -2.23743542e-005, -0.977519386, -0.977519386, 1.72959036e-006, 0.21084556, -3.02682513e-006, 1, -2.22360414e-005, 0, 0, 0, 0, 0, 0, 0, 0.179221411, -0.102451611, -0.195831616, 0.202574232, 0.906025035, -0.371546961, -0.796386719, 0.373291016, 0.475830078, 0.569684522, 0.199590942, 0.797309065, -0, 0, 0, 0, 0, 0, 0, 0.226295898, -0.0913077148, -0.15433418, -0.0422768415, 0.118990861, -0.992001577, 0.650146484, -0.750610352, -0.117675781, -0.758574685, -0.649813219, -0.0455925518, 2, 1, 
124.716156, 0.1, 0.1, 0.121267655, 0.196271196, -0.0199609851, -0.210845687, -1.36128783e-005, -0.977519358, -0.977519359, -4.97136541e-007, 0.210845687, -3.35617727e-006, 1, -1.3202033e-005, -0.210845674, -4.20508005e-006, -0.977519361, -0.977519361, 4.9953636e-006, 0.210845674, 3.9964417e-006, 1, -5.16379797e-006, 0, 0, 0, 0, 0, 0, 0, 0.179221411, -0.102451611, -0.195831616, 0.202574232, 0.906025035, -0.371546961, -0.796386719, 0.373291016, 0.475830078, 0.569684522, 0.199590942, 0.797309065, -0, 0, 0, 0, 0, 0, 0, 0.226295898, -0.0913077148, -0.15433418, -0.0422768415, 0.118990861, -0.992001577, 0.650146484, -0.750610352, -0.117675781, -0.758574685, -0.649813219, -0.0455925518, 2, 1, 
124.717001, 0.1, 0.1, 0.121267653, 0.196271197, -0.019968977, -0.21084578, -6.40159645e-006, -0.977519339, -0.977519339, 3.0390242e-006, 0.21084578, 1.62095533e-006, 1, -6.89844975e-006, -0.210845753, 1.04099925e-005, -0.977519344, -0.977519344, -6.24160289e-006, 0.210845753, -3.90638486e-006, 1, 1.14919845e-005, 0, 0, 0, 0, 0, 0, 0, 0.179221411, -0.102451611, -0.195831616, 0.202574232, 0.906025035, -0.371546961, -0.796386719, 0.373291016, 0.475830078, 0.569684522, 0.199590942, 0.797309065, -0, 0, 0, 0, 0, 0, 0, 0.226295898, -0.0913077148, -0.15433418, -0.0422768415, 0.118990861, -0.992001577, 0.650146484, -0.750610352, -0.117675781, -0.758574685, -0.649813219, -0.0455925518, 2, 1, 
124.717885, 0.1, 0.1, 0.121267653, 0.196271198, -0.0199742478, -0.21084585, 2.86106749e-006, -0.977519323, -0.977519323, -5.45681203e-006, 0.21084585, -4.730895e-006, 1, 3.94729493e-006, -0.210845839, 1.05374629e-005, -0.977519326, -0.977519326, -1.26955597e-006, 0.210845839, 9.8076471e-007, 1, 1.05682543e-005, 0, 0, 0, 0, 0, 0, 0, 0.179221411, -0.102451611, -0.195831616, 0.202574232, 0.906025035, -0.371546961, -0.796386719, 0.373291016, 0.475830078, 0.569684522, 0.199590942, 0.797309065, -0, 0, 0, 0, 0, 0, 0, 0.226295898, -0.0913077148, -0.15433418, -0.0422768415, 0.118990861, -0.992001577, 0.650146484, -0.750610352, -0.117675781, -0.758574685, -0.649813219, -0.0455925518, 2, 1, 
124.718788, 0.1, 0.1, 0.121267654, 0.196271198, -0.0199739069, -0.210845934, 6.97596637e-006, -0.977519305, -0.977519305, 8.69482357e-008, 0.210845934, 1.55584772e-006, 1, 6.80080912e-006, -0.210845924, 1.08453462e-006, -0.977519307, -0.977519307, -3.98913715e-006, 0.210845924, -3.67078888e-006, 1, 1.90124684e-006, 0, 0, 0, 0, 0, 0, 0, 0.178733398, -0.102767725, -0.195651074, 0.197188012, 0.908689501, -0.36789886, -0.795288086, 0.367675781, 0.481811523, 0.573133046, 0.197685828, 0.795371751, -0, 0, 0, 0, 0, 0, 0, 0.226200928, -0.0916494629, -0.153873047, -0.0446851839, 0.121693046, -0.991560813, 0.653564453, -0.747070313, -0.12109375, -0.755513759, -0.653334232, -0.0462826819, 2, 1, 
124.719632, 0.1, 0.1, 0.121267655, 0.196271198, -0.0199696516, -0.210846001, 7.8758471e-006, -0.977519291, -0.977519291, -4.18281308e-006, 0.210846001, -2.42818961e-006, 1, 8.58072188e-006, -0.210845979, -9.37820377e-006, -0.977519296, -0.977519296, 5.27252707e-006, 0.210845979, 3.17664039e-006, 1, -1.02790663e-005, 0, 0, 0, 0, 0, 0, 0, 0.178733398, -0.102767725, -0.195651074, 0.197188012, 0.908689501, -0.36789886, -0.795288086, 0.367675781, 0.481811523, 0.573133046, 0.197685828, 0.795371751, -0, 0, 0, 0, 0, 0, 0, 0.226200928, -0.0916494629, -0.153873047, -0.0446851839, 0.121693046, -0.991560813, 0.653564453, -0.747070313, -0.12109375, -0.755513759, -0.653334232, -0.0462826819, 2, 1, 
124.720528, 0.1, 0.1, 0.121267655, 0.196271198, -0.0199627418, -0.210846049, -6.6905111e-006, -0.97751928, -0.97751928, 7.58704382e-006, 0.210846049, 6.00581378e-006, 1, -8.13980182e-006, -0.210846046, -1.85962048e-005, -0.977519281, -0.977519281, 1.87770313e-006, 0.210846046, -2.08544525e-006, 1, -1.85740551e-005, 0, 0, 0, 0, 0, 0, 0, 0.178733398, -0.102767725, -0.195651074, 0.197188012, 0.908689501, -0.36789886, -0.795288086, 0.367675781, 0.481811523, 0.573133046, 0.197685828, 0.795371751, -0, 0, 0, 0, 0, 0, 0, 0.226200928, -0.0916494629, -0.153873047, -0.0446851839, 0.121693046, -0.991560813, 0.653564453, -0.747070313, -0.12109375, -0.755513759, -0.653334232, -0.0462826819, 2, 1, 
124.721374, 0.1, 0.1, 0.121267654, 0.196271198, -0.019956396, -0.210846107, -1.65192857e-005, -0.977519268, -0.977519268, 1.79264887e-006, 0.210846107, -1.73067827e-006, 1, -1.65258931e-005, -0.210846103, -7.95622427e-006, -0.977519269, -0.977519269, 8.37874392e-006, 0.210846103, 6.51284475e-006, 1, -9.54398804e-006, 0, 0, 0, 0, 0, 0, 0, 0.178733398, -0.102767725, -0.195651074, 0.197188012, 0.908689501, -0.36789886, -0.795288086, 0.367675781, 0.481811523, 0.573133046, 0.197685828, 0.795371751, -0, 0, 0, 0, 0, 0, 0, 0.226200928, -0.0916494629, -0.153873047, -0.0446851839, 0.121693046, -0.991560813, 0.653564453, -0.747070313, -0.12109375, -0.755513759, -0.653334232, -0.0462826819, 2, 1, 
124.722227, 0.1, 0.1, 0.12126765, 0.196271199, -0.0199528019, -0.210846158, -8.07442433e-006, -0.977519257, -0.977519257, 8.3454592e-006, 0.210846158, 6.45538573e-006, 1, -9.65251328e-006, -0.210846135, 1.74769536e-005, -0.977519262, -0.977519262, -6.08924063e-006, 0.210846135, -2.2674019e-006, 1, 1.83679516e-005, 0, 0, 0, 0, 0, 0, 0, 0.178733398, -0.102767725, -0.195651074, 0.197188012, 0.908689501, -0.36789886, -0.795288086, 0.367675781, 0.481811523, 0.573133046, 0.197685828, 0.795371751, -0, 0, 0, 0, 0, 0, 0, 0.226200928, -0.0916494629, -0.153873047, -0.0446851839, 0.121693046, -0.991560813, 0.653564453, -0.747070313, -0.12109375, -0.755513759, -0.653334232, -0.0462826819, 2, 1, 
124.723172, 0.1, 0.1, 0.121267647, 0.1962712, -0.0199521065, -0.210846201, 2.230697e-005, -0.977519247, -0.977519248, -9.50181613e-006, 0.2108462, -4.58486829e-006, 1, 2.38089143e-005, -0.210846199, 3.5719834e-005, -0.977519247, -0.977519248, -2.65427914e-006, 0.210846199, 4.93678228e-006, 0.999999999, 3.54764699e-005, 0, 0, 0, 0, 0, 0, 0, 0.17831521, -0.103827661, -0.195622998, 0.193166226, 0.909793704, -0.367195673, -0.793823242, 0.364868164, 0.486450195, 0.576612649, 0.197634532, 0.792788539, -0, 0, 0, 0, 0, 0, 0, 0.22604541, -0.0926782715, -0.15382959, -0.0473749755, 0.123424384, -0.991151766, 0.654663086, -0.745605469, -0.124145508, -0.754446297, -0.654625174, -0.045503233, 2, 1, 
124.724014, 0.1, 0.1, 0.121267646, 0.1962712, -0.0199547954, -0.210846262, 2.30728678e-005, -0.977519234, -0.977519235, -2.64795995e-006, 0.210846262, 2.27639615e-006, 1, 2.31124845e-005, -0.210846257, 1.51935301e-005, -0.977519236, -0.977519236, -8.93860906e-006, 0.210846257, -5.53416335e-006, 1, 1.67366401e-005, 0, 0, 0, 0, 0, 0, 0, 0.17831521, -0.103827661, -0.195622998, 0.193166226, 0.909793704, -0.367195673, -0.793823242, 0.364868164, 0.486450195, 0.576612649, 0.197634532, 0.792788539, -0, 0, 0, 0, 0, 0, 0, 0.22604541, -0.0926782715, -0.15382959, -0.0473749755, 0.123424384, -0.991151766, 0.654663086, -0.745605469, -0.124145508, -0.754446297, -0.654625174, -0.045503233, 2, 1, 
124.724874, 0.1, 0.1, 0.121267647, 0.196271201, -0.0199602632, -0.210846322, 4.6741403e-006, -0.977519222, -0.977519222, -8.23383503e-006, 0.210846321, -7.06320673e-006, 1, 6.30513582e-006, -0.210846297, -1.63519844e-005, -0.977519227, -0.977519227, 4.63555284e-006, 0.210846297, 1.08358667e-006, 1, -1.69617683e-005, 0, 0, 0, 0, 0, 0, 0, 0.17831521, -0.103827661, -0.195622998, 0.193166226, 0.909793704, -0.367195673, -0.793823242, 0.364868164, 0.486450195, 0.576612649, 0.197634532, 0.792788539, -0, 0, 0, 0, 0, 0, 0, 0.22604541, -0.0926782715, -0.15382959, -0.0473749755, 0.123424384, -0.991151766, 0.654663086, -0.745605469, -0.124145508, -0.754446297, -0.654625174, -0.045503233, 2, 1, 
124.725756, 0.1, 0.1, 0.121267648, 0.196271201, -0.0199656998, -0.210846351, -1.56814402e-005, -0.977519215, -0.977519215, 4.85998167e-006, 0.210846351, 1.44435103e-006, 1, -1.63536185e-005, -0.210846348, -2.36065784e-005, -0.977519216, -0.977519216, -2.23907931e-007, 0.210846348, -5.19623516e-006, 1, -2.30286738e-005, 0, 0, 0, 0, 0, 0, 0, 0.17831521, -0.103827661, -0.195622998, 0.193166226, 0.909793704, -0.367195673, -0.793823242, 0.364868164, 0.486450195, 0.576612649, 0.197634532, 0.792788539, -0, 0, 0, 0, 0, 0, 0, 0.22604541, -0.0926782715, -0.15382959, -0.0473749755, 0.123424384, -0.991151766, 0.654663086, -0.745605469, -0.124145508, -0.754446297, -0.654625174, -0.045503233, 2, 1, 
124.726601, 0.1, 0.1, 0.121267649, 0.196271202, -0.0199695259, -0.210846395, -1.84636153e-005, -0.977519206, -0.977519206, 1.43945669e-006, 0.210846395, -2.48589016e-006, 1, -1.83520428e-005, -0.210846392, -1.26120851e-005, -0.977519206, -0.977519206, 5.35118729e-006, 0.210846392, 2.57167572e-006, 1, -1.34568339e-005, 0, 0, 0, 0, 0, 0, 0, 0.17831521, -0.103827661, -0.195622998, 0.193166226, 0.909793704, -0.367195673, -0.793823242, 0.364868164, 0.486450195, 0.576612649, 0.197634532, 0.792788539, -0, 0, 0, 0, 0, 0, 0, 0.22604541, -0.0926782715, -0.15382959, -0.0473749755, 0.123424384, -0.991151766, 0.654663086, -0.745605469, -0.124145508, -0.754446297, -0.654625174, -0.045503233, 2, 1, 
124.727512, 0.1, 0.1, 0.121267648, 0.196271202, -0.019970352, -0.210846447, -9.95050254e-006, -0.977519194, -0.977519194, 7.32384193e-006, 0.210846447, 5.06116796e-006, 1, -1.12710133e-005, -0.210846427, 7.2190815e-006, -0.977519199, -0.977519199, -3.43072246e-006, 0.210846427, -1.83147953e-006, 1, 7.78014634e-006, 0, 0, 0, 0, 0, 0, 0, 0.17831521, -0.103827661, -0.195622998, 0.193166226, 0.909793704, -0.367195673, -0.793823242, 0.364868164, 0.486450195, 0.576612649, 0.197634532, 0.792788539, -0, 0, 0, 0, 0, 0, 0, 0.22604541, -0.0926782715, -0.15382959, -0.0473749755, 0.123424384, -0.991151766, 0.654663086, -0.745605469, -0.124145508, -0.754446297, -0.654625174, -0.045503233, 2, 1, 
124.728444, 0.1, 0.1, 0.121267647, 0.196271202, -0.0199666658, -0.210846474, 1.09334813e-005, -0.977519189, -0.977519189, -4.54079349e-006, 0.210846474, -2.1334268e-006, 1, 1.1645098e-005, -0.210846472, 1.91638077e-005, -0.977519189, -0.977519189, 1.37037137e-007, 0.210846473, 4.17457768e-006, 1, 1.87040959e-005, 0, 0, 0, 0, 0, 0, 0, 0.17789043, -0.104872705, -0.195561841, 0.18911823, 0.911177233, -0.365920728, -0.793457031, 0.361328125, 0.489624023, 0.578366116, 0.197786178, 0.79147428, -0, 0, 0, 0, 0, 0, 0, 0.225690088, -0.093482373, -0.153578027, -0.0498730032, 0.125328164, -0.990813081, 0.65612793, -0.743774414, -0.127197266, -0.75286771, -0.656388962, -0.0452221504, 2, 1, 
124.729291, 0.1, 0.1, 0.121267646, 0.196271202, -0.0199620554, -0.210846514, 2.35451937e-005, -0.97751918, -0.97751918, 3.26331251e-007, 0.210846514, 5.28341705e-006, 1, 2.29470726e-005, -0.210846512, 1.58606678e-005, -0.97751918, -0.977519181, -5.14114767e-006, 0.210846512, -1.68140397e-006, 1, 1.65881001e-005, 0, 0, 0, 0, 0, 0, 0, 0.17789043, -0.104872705, -0.195561841, 0.18911823, 0.911177233, -0.365920728, -0.793457031, 0.361328125, 0.489624023, 0.578366116, 0.197786178, 0.79147428, -0, 0, 0, 0, 0, 0, 0, 0.225690088, -0.093482373, -0.153578027, -0.0498730032, 0.125328164, -0.990813081, 0.65612793, -0.743774414, -0.127197266, -0.75286771, -0.656388962, -0.0452221504, 2, 1, 
124.730232, 0.1, 0.1, 0.121267645, 0.196271202, -0.0199570539, -0.210846557, 2.00001578e-005, -0.977519171, -0.977519171, -6.7631233e-006, 0.210846557, -2.39411825e-006, 1, 2.0976519e-005, -0.210846535, -5.27136184e-006, -0.977519176, -0.977519176, 8.64853627e-006, 0.210846535, 7.34266167e-006, 1, -6.97637118e-006, 0, 0, 0, 0, 0, 0, 0, 0.178325049, -0.105939111, -0.19446394, 0.184592834, 0.911953056, -0.36628243, -0.795410156, 0.357543945, 0.489257813, 0.577105397, 0.201123874, 0.791531568, -0, 0, 0, 0, 0, 0, 0, 0.225690088, -0.093482373, -0.153578027, -0.0507224478, 0.125717522, -0.990691679, 0.658569336, -0.741455078, -0.127807617, -0.750624879, -0.658925635, -0.0452093905, 2, 1, 
124.731081, 0.1, 0.1, 0.121267645, 0.196271202, -0.0199541351, -0.210846583, -8.83474574e-006, -0.977519165, -0.977519165, 6.19112636e-006, 0.210846583, 4.18916872e-006, 1, -9.94151112e-006, -0.210846583, -1.9378489e-005, -0.977519165, -0.977519165, -1.27839845e-007, 0.210846583, -4.21085409e-006, 1, -1.89158898e-005, 0, 0, 0, 0, 0, 0, 0, 0.178325049, -0.105939111, -0.19446394, 0.184592834, 0.911953056, -0.36628243, -0.795410156, 0.357543945, 0.489257813, 0.577105397, 0.201123874, 0.791531568, -0, 0, 0, 0, 0, 0, 0, 0.225681055, -0.0944029297, -0.1529, -0.0507224478, 0.125717522, -0.990691679, 0.658569336, -0.741455078, -0.127807617, -0.750624879, -0.658925635, -0.0452093905, 2, 1, 
124.731932, 0.1, 0.1, 0.121267644, 0.196271203, -0.0199546045, -0.210846626, -2.43935794e-005, -0.977519156, -0.977519156, -1.54703696e-006, 0.210846627, -6.65556219e-006, 1, -2.35190036e-005, -0.210846627, -1.32979996e-005, -0.977519156, -0.977519156, 5.20639599e-006, 0.210846627, 2.28551346e-006, 1, -1.40968004e-005, 0, 0, 0, 0, 0, 0, 0, 0.178325049, -0.105939111, -0.19446394, 0.184592834, 0.911953056, -0.36628243, -0.795410156, 0.357543945, 0.489257813, 0.577105397, 0.201123874, 0.791531568, -0, 0, 0, 0, 0, 0, 0, 0.225681055, -0.0944029297, -0.1529, -0.0507224478, 0.125717522, -0.990691679, 0.658569336, -0.741455078, -0.127807617, -0.750624879, -0.658925635, -0.0452093905, 2, 1, 
124.732837, 0.1, 0.1, 0.121267642, 0.196271205, -0.0199573597, -0.210846677, -1.2719909e-005, -0.977519145, -0.977519145, 3.30227357e-006, 0.210846677, 5.46085099e-007, 1, -1.3130228e-005, -0.210846655, 1.07644326e-005, -0.97751915, -0.97751915, -9.93030128e-006, 0.210846655, -7.43741506e-006, 1, 1.26162098e-005, 0, 0, 0, 0, 0, 0, 0, 0.178325049, -0.105939111, -0.19446394, 0.184592834, 0.911953056, -0.36628243, -0.795410156, 0.357543945, 0.489257813, 0.577105397, 0.201123874, 0.791531568, -0, 0, 0, 0, 0, 0, 0, 0.225681055, -0.0944029297, -0.1529, -0.0507224478, 0.125717522, -0.990691679, 0.658569336, -0.741455078, -0.127807617, -0.750624879, -0.658925635, -0.0452093905, 2, 1, 
124.733687, 0.1, 0.1, 0.121267642, 0.196271205, -0.0199615309, -0.210846688, 1.07780513e-005, -0.977519143, -0.977519142, 1.91504536e-005, 0.210846688, 2.09924515e-005, 1, 6.49794179e-006, -0.210846701, 1.45063026e-005, -0.97751914, -0.97751914, -3.17173109e-006, 0.210846701, -4.18218035e-008, 1, 1.48489375e-005, 0, 0, 0, 0, 0, 0, 0, 0.178325049, -0.105939111, -0.19446394, 0.184592834, 0.911953056, -0.36628243, -0.795410156, 0.357543945, 0.489257813, 0.577105397, 0.201123874, 0.791531568, -0, 0, 0, 0, 0, 0, 0, 0.225681055, -0.0944029297, -0.1529, -0.0507224478, 0.125717522, -0.990691679, 0.658569336, -0.741455078, -0.127807617, -0.750624879, -0.658925635, -0.0452093905, 2, 1, 
124.734557, 0.1, 0.1, 0.121267643, 0.196271203, -0.0199658755, -0.210846268, 9.83793604e-006, -0.977519233, -0.977519233, -7.99230562e-006, 0.210846268, -5.73834036e-006, 1, 1.13019195e-005, -0.210846396, 1.73592236e-006, -0.977519206, -0.977519205, -1.22402926e-005, 0.210846396, -1.15991081e-005, 1, 4.27771903e-006, 0, 0, 0, 0, 0, 0, 0, 0.178325049, -0.105939111, -0.19446394, 0.184592834, 0.911953056, -0.36628243, -0.795410156, 0.357543945, 0.489257813, 0.577105397, 0.201123874, 0.791531568, -0, 0, 0, 0, 0, 0, 0, 0.225681055, -0.0944029297, -0.1529, -0.0507224478, 0.125717522, -0.990691679, 0.658569336, -0.741455078, -0.127807617, -0.750624879, -0.658925635, -0.0452093905, 2, 1, 
124.735469, 0.1, 0.1, 0.121267645, 0.196271202, -0.0199677865, -0.210845351, -7.12970705e-009, -0.977519431, -0.977519431, -1.59301271e-005, 0.210845351, -1.55735121e-005, 1, 3.35182381e-006, -0.210845555, -1.74510493e-005, -0.977519387, -0.977519387, -4.59976194e-006, 0.210845556, -8.17583264e-006, 1, -1.60888996e-005, 0, 0, 0, 0, 0, 0, 0, 0.178065527, -0.106535229, -0.193089941, 0.179585168, 0.913236236, -0.365622305, -0.797485352, 0.352783203, 0.489379883, 0.575921062, 0.203763253, 0.79179779, -0, 0, 0, 0, 0, 0, 0, 0.225475391, -0.0951136719, -0.1522354, -0.0512204475, 0.126023757, -0.990653399, 0.661499023, -0.738891602, -0.128173828, -0.748222366, -0.661839274, -0.0455735953, 2, 1, 
124.736316, 0.1, 0.1, 0.121267646, 0.196271202, -0.019967587, -0.210844159, -1.01901794e-005, -0.977519688, -0.977519688, -1.5096354e-005, 0.210844159, -1.69055231e-005, 1, -6.77812295e-006, -0.210844412, -1.47002047e-005, -0.977519633, -0.977519633, 5.811139e-006, 0.210844412, 2.58104644e-006, 1, -1.55949849e-005, 0, 0, 0, 0, 0, 0, 0, 0.178065527, -0.106535229, -0.193089941, 0.179585168, 0.913236236, -0.365622305, -0.797485352, 0.352783203, 0.489379883, 0.575921062, 0.203763253, 0.79179779, -0, 0, 0, 0, 0, 0, 0, 0.225475391, -0.0951136719, -0.1522354, -0.0512204475, 0.126023757, -0.990653399, 0.661499023, -0.738891602, -0.128173828, -0.748222366, -0.661839274, -0.0455735953, 2, 1, 
124.737223, 0.1, 0.1, 0.121267644, 0.196271204, -0.0199652665, -0.210842528, -1.18723702e-005, -0.97752004, -0.97752004, 4.66636062e-006, 0.210842528, 2.05826048e-006, 1, -1.2589347e-005, -0.210842888, -4.78836581e-006, -0.977519962, -0.977519962, 1.20649965e-005, 0.210842888, 1.0784182e-005, 1, -7.22454186e-006, 0, 0, 0, 0, 0, 0, 0, 0.178065527, -0.106535229, -0.193089941, 0.179585168, 0.913236236, -0.365622305, -0.797485352, 0.352783203, 0.489379883, 0.575921062, 0.203763253, 0.79179779, -0, 0, 0, 0, 0, 0, 0, 0.225475391, -0.0951136719, -0.1522354, -0.0512204475, 0.126023757, -0.990653399, 0.661499023, -0.738891602, -0.128173828, -0.748222366, -0.661839274, -0.0455735953, 2, 1, 
124.738074, 0.1, 0.1, 0.121267642, 0.196271206, -0.0199618911, -0.210840683, -2.20384368e-006, -0.977520438, -0.977520438, 1.42578138e-005, 0.210840683, 1.34726445e-005, 1, -5.16042944e-006, -0.21084108, 1.79884957e-005, -0.977520352, -0.977520352, 2.78668453e-006, 0.21084108, 6.51675471e-006, 1, 1.69965731e-005, 0, 0, 0, 0, 0, 0, 0, 0.178065527, -0.106535229, -0.193089941, 0.179585168, 0.913236236, -0.365622305, -0.797485352, 0.352783203, 0.489379883, 0.575921062, 0.203763253, 0.79179779, -0, 0, 0, 0, 0, 0, 0, 0.225475391, -0.0951136719, -0.1522354, -0.0512204475, 0.126023757, -0.990653399, 0.661499023, -0.738891602, -0.128173828, -0.748222366, -0.661839274, -0.0455735953, 2, 1, 
124.738922, 0.1, 0.1, 0.12126764, 0.196271209, -0.0199591759, -0.21083855, 1.86403901e-005, -0.977520898, -0.977520898, 8.59869593e-006, 0.21083855, 1.23355178e-005, 1, 1.64084343e-005, -0.210839, 2.2823409e-005, -0.977520801, -0.977520801, -1.7776273e-005, 0.210839, -1.25646119e-005, 1, 2.60582886e-005, 0, 0, 0, 0, 0, 0, 0, 0.178065527, -0.106535229, -0.193089941, 0.179585168, 0.913236236, -0.365622305, -0.797485352, 0.352783203, 0.489379883, 0.575921062, 0.203763253, 0.79179779, -0, 0, 0, 0, 0, 0, 0, 0.225475391, -0.0951136719, -0.1522354, -0.0512204475, 0.126023757, -0.990653399, 0.661499023, -0.738891602, -0.128173828, -0.748222366, -0.661839274, -0.0455735953, 2, 1, 
124.73987, 0.1, 0.1, 0.121267638, 0.19627121, -0.0199570566, -0.21083577, 2.55650494e-005, -0.977521497, -0.977521497, -1.54238595e-005, 0.21083577, -9.68712731e-006, 1, 2.82422867e-005, -0.210836364, 1.58366255e-005, -0.977521369, -0.977521369, -2.60169392e-005, 0.210836364, -2.20931775e-005, 1, 2.09659567e-005, 0, 0, 0, 0, 0, 0, 0, 0.177894971, -0.106636035, -0.192309009, 0.171925019, 0.915483956, -0.363432995, -0.799682617, 0.345214844, 0.491210938, 0.57515684, 0.206249863, 0.791574629, -0, 0, 0, 0, 0, 0, 0, 0.225475391, -0.0951136719, -0.1522354, -0.0530983408, 0.126470351, -0.990448876, 0.665527344, -0.734985352, -0.129516602, -0.744369231, -0.66608833, -0.0451838709, 2, 1, 
124.740714, 0.1, 0.1, 0.121267638, 0.196271209, -0.019956595, -0.210832988, 9.63115847e-006, -0.977522097, -0.977522097, -1.55240501e-005, 0.210832988, -1.31445361e-005, 1, 1.26876521e-005, -0.210833569, -1.20454084e-005, -0.977521972, -0.977521972, -4.04246123e-006, 0.21083357, -6.49117113e-006, 1, -1.09223649e-005, 0, 0, 0, 0, 0, 0, 0, 0.177894971, -0.106636035, -0.192309009, 0.171925019, 0.915483956, -0.363432995, -0.799682617, 0.345214844, 0.491210938, 0.57515684, 0.206249863, 0.791574629, -0, 0, 0, 0, 0, 0, 0, 0.22565542, -0.0956199707, -0.151543945, -0.0530983408, 0.126470351, -0.990448876, 0.665527344, -0.734985352, -0.129516602, -0.744369231, -0.66608833, -0.0451838709, 2, 1, 
124.741557, 0.1, 0.1, 0.121267639, 0.196271206, -0.0199584649, -0.210829979, -1.69157953e-005, -0.977522746, -0.977522747, 1.91303259e-007, 0.210829979, -3.37935347e-006, 1, -1.65759071e-005, -0.210830595, -1.9661848e-005, -0.977522613, -0.977522613, 2.52302815e-005, 0.210830594, 2.05178516e-005, 0.999999999, -2.45392163e-005, 0, 0, 0, 0, 0, 0, 0, 0.177894971, -0.106636035, -0.192309009, 0.171925019, 0.915483956, -0.363432995, -0.799682617, 0.345214844, 0.491210938, 0.57515684, 0.206249863, 0.791574629, -0, 0, 0, 0, 0, 0, 0, 0.22565542, -0.0956199707, -0.151543945, -0.0530983408, 0.126470351, -0.990448876, 0.665527344, -0.734985352, -0.129516602, -0.744369231, -0.66608833, -0.0451838709, 2, 1, 
124.742491, 0.1, 0.1, 0.121267638, 0.196271203, -0.019961213, -0.210826401, -2.0514236e-005, -0.977523518, -0.977523518, 2.1534422e-005, 0.2108264, 1.67254615e-005, 1, -2.45931728e-005, -0.210827137, -1.05035053e-005, -0.977523359, -0.977523359, 2.99950608e-005, 0.210827137, 2.71064487e-005, 0.999999999, -1.65911946e-005, 0, 0, 0, 0, 0, 0, 0, 0.177894971, -0.106636035, -0.192309009, 0.171925019, 0.915483956, -0.363432995, -0.799682617, 0.345214844, 0.491210938, 0.57515684, 0.206249863, 0.791574629, -0, 0, 0, 0, 0, 0, 0, 0.22565542, -0.0956199707, -0.151543945, -0.054209545, 0.126648622, -0.990448876, 0.669555664, -0.731201172, -0.130126953, -0.740803742, -0.670120102, -0.0451838709, 2, 1, 
124.743339, 0.1, 0.1, 0.121267638, 0.196271204, -0.0199636132, -0.210823016, -1.0089943e-005, -0.977524248, -0.977524248, 1.93211011e-005, 0.210823016, 1.67596526e-005, 1, -1.39364968e-005, -0.210823693, 8.42519205e-006, -0.977524102, -0.977524102, 1.01691115e-005, 0.210823693, 1.17167817e-005, 1, 6.09193865e-006, 0, 0, 0, 0, 0, 0, 0, 0.177894971, -0.106636035, -0.192309009, 0.171925019, 0.915483956, -0.363432995, -0.799682617, 0.345214844, 0.491210938, 0.57515684, 0.206249863, 0.791574629, -0, 0, 0, 0, 0, 0, 0, 0.225880127, -0.0961394531, -0.150874219, -0.054209545, 0.126648622, -0.990448876, 0.669555664, -0.731201172, -0.130126953, -0.740803742, -0.670120102, -0.0451838709, 2, 1, 
124.744183, 0.1, 0.1, 0.121267638, 0.196271206, -0.0199656547, -0.210819586, 9.68399688e-006, -0.977524988, -0.977524988, 3.3334997e-006, 0.210819586, 5.30015546e-006, 1, 8.76358191e-006, -0.21082027, 1.22817959e-005, -0.97752484, -0.97752484, -1.66224085e-005, 0.21082027, -1.36595657e-005, 1, 1.55101013e-005, 0, 0, 0, 0, 0, 0, 0, 0.177894971, -0.106636035, -0.192309009, 0.171925019, 0.915483956, -0.363432995, -0.799682617, 0.345214844, 0.491210938, 0.57515684, 0.206249863, 0.791574629, -0, 0, 0, 0, 0, 0, 0, 0.225880127, -0.0961394531, -0.150874219, -0.054209545, 0.126648622, -0.990448876, 0.669555664, -0.731201172, -0.130126953, -0.740803742, -0.670120102, -0.0451838709, 2, 1, 
124.745102, 0.1, 0.1, 0.121267639, 0.196271208, -0.0199657423, -0.21081579, 1.29190555e-005, -0.977525806, -0.977525806, -1.87891956e-005, 0.21081579, -1.56433827e-005, 1, 1.65897693e-005, -0.210816493, 4.57408659e-006, -0.977525655, -0.977525655, -2.53701038e-005, 0.210816493, -2.38356344e-005, 1, 9.8197233e-006, 0, 0, 0, 0, 0, 0, 0, 0.178190552, -0.106738184, -0.191532837, 0.164645669, 0.917712579, -0.361345157, -0.801635742, 0.337890625, 0.492919922, 0.574455897, 0.208615907, 0.791491132, -0, 0, 0, 0, 0, 0, 0, 0.225880127, -0.0961394531, -0.150874219, -0.054209545, 0.126648622, -0.990448876, 0.669555664, -0.731201172, -0.130126953, -0.740803742, -0.670120102, -0.0451838709, 2, 1, 
124.745949, 0.1, 0.1, 0.121267639, 0.196271208, -0.019964634, -0.210812257, 8.42599049e-006, -0.977526569, -0.977526568, -2.15798971e-005, 0.210812257, -1.93186207e-005, 1, 1.27859364e-005, -0.210812965, -1.06607267e-005, -0.977526416, -0.977526416, -1.24298652e-005, 0.210812965, -1.43979409e-005, 1, -7.80076523e-006, 0, 0, 0, 0, 0, 0, 0, 0.178190552, -0.106738184, -0.191532837, 0.164645669, 0.917712579, -0.361345157, -0.801635742, 0.337890625, 0.492919922, 0.574455897, 0.208615907, 0.791491132, -0, 0, 0, 0, 0, 0, 0, 0.225880127, -0.0961394531, -0.150874219, -0.054209545, 0.126648622, -0.990448876, 0.669555664, -0.731201172, -0.130126953, -0.740803742, -0.670120102, -0.0451838709, 2, 1, 
124.746821, 0.1, 0.1, 0.121267639, 0.196271208, -0.0199629324, -0.210808578, -9.45738647e-006, -0.977527362, -0.977527362, -1.02042015e-005, 0.210808578, -1.19685844e-005, 1, -7.09372082e-006, -0.210809399, -1.35003789e-005, -0.977527185, -0.977527185, 1.4689471e-005, 0.210809398, 1.15133504e-005, 1, -1.62936659e-005, 0, 0, 0, 0, 0, 0, 0, 0.178190552, -0.106738184, -0.191532837, 0.164645669, 0.917712579, -0.361345157, -0.801635742, 0.337890625, 0.492919922, 0.574455897, 0.208615907, 0.791491132, -0, 0, 0, 0, 0, 0, 0, 0.225880127, -0.0961394531, -0.150874219, -0.054209545, 0.126648622, -0.990448876, 0.669555664, -0.731201172, -0.130126953, -0.740803742, -0.670120102, -0.0451838709, 2, 1, 
124.747731, 0.1, 0.1, 0.121267636, 0.196271208, -0.0199600271, -0.210804606, -1.33542772e-005, -0.977528218, -0.977528218, 1.81558248e-005, 0.210804606, 1.49326879e-005, 1, -1.68815143e-005, -0.210805346, -3.15169322e-006, -0.977528059, -0.977528059, 2.42562098e-005, 0.210805345, 2.30467319e-005, 1, -8.19420724e-006, 0, 0, 0, 0, 0, 0, 0, 0.178300732, -0.107310498, -0.191223413, 0.158039548, 0.919503116, -0.35961303, -0.802734375, 0.331787109, 0.495483398, 0.574884244, 0.210556968, 0.790722422, -0, 0, 0, 0, 0, 0, 0, 0.226079687, -0.0968785156, -0.150189355, -0.0554997534, 0.126616173, -0.990378513, 0.672485352, -0.728271484, -0.130737305, -0.737870781, -0.673314823, -0.0446855047, 2, 1, 
124.748602, 0.1, 0.1, 0.121267635, 0.196271208, -0.0199581949, -0.210800708, -8.59765845e-006, -0.977529059, -0.977529059, 2.80866937e-005, 0.210800708, 2.56431668e-005, 1, -1.43251559e-005, -0.210801474, 1.45700618e-005, -0.977528894, -0.977528894, 1.57372529e-005, 0.210801474, 1.84550099e-005, 1, 1.09252203e-005, 0, 0, 0, 0, 0, 0, 0, 0.178300732, -0.107310498, -0.191223413, 0.158039548, 0.919503116, -0.35961303, -0.802734375, 0.331787109, 0.495483398, 0.574884244, 0.210556968, 0.790722422, -0, 0, 0, 0, 0, 0, 0, 0.226079687, -0.0968785156, -0.150189355, -0.0554997534, 0.126616173, -0.990378513, 0.672485352, -0.728271484, -0.130737305, -0.737870781, -0.673314823, -0.0446855047, 2, 1, 
124.749502, 0.1, 0.1, 0.121267634, 0.196271207, -0.0199578982, -0.210796559, 1.1621498e-005, -0.977529954, -0.977529954, 1.85670395e-005, 0.210796559, 2.0599609e-005, 1, 7.44649435e-006, -0.210797407, 1.65244425e-005, -0.977529771, -0.977529771, -8.92299428e-006, 0.210797407, -5.23918294e-006, 1, 1.80340785e-005, 0, 0, 0, 0, 0, 0, 0, 0.178300732, -0.107310498, -0.191223413, 0.158039548, 0.919503116, -0.35961303, -0.802734375, 0.331787109, 0.495483398, 0.574884244, 0.210556968, 0.790722422, -0, 0, 0, 0, 0, 0, 0, 0.226079687, -0.0968785156, -0.150189355, -0.0554997534, 0.126616173, -0.990378513, 0.672485352, -0.728271484, -0.130737305, -0.737870781, -0.673314823, -0.0446855047, 2, 1, 
124.750353, 0.1, 0.1, 0.121267636, 0.196271207, -0.0199588367, -0.21079252, 1.20273622e-005, -0.977530825, -0.977530825, -1.14347353e-005, 0.21079252, -8.64252826e-006, 1, 1.4167474e-005, -0.210793326, 2.92278847e-006, -0.977530651, -0.977530651, -1.72382864e-005, 0.210793326, -1.6234849e-005, 1, 6.49083105e-006, 0, 0, 0, 0, 0, 0, 0, 0.178300732, -0.107310498, -0.191223413, 0.158039548, 0.919503116, -0.35961303, -0.802734375, 0.331787109, 0.495483398, 0.574884244, 0.210556968, 0.790722422, -0, 0, 0, 0, 0, 0, 0, 0.226079687, -0.0968785156, -0.150189355, -0.0554997534, 0.126616173, -0.990378513, 0.672485352, -0.728271484, -0.130737305, -0.737870781, -0.673314823, -0.0446855047, 2, 1, 
124.7512, 0.1, 0.1, 0.121267637, 0.196271206, -0.0199611688, -0.21078846, 3.551306e-006, -0.9775317, -0.9775317, -2.28066547e-005, 0.21078846, -2.15456536e-005, 1, 8.27889382e-006, -0.210789287, -1.74608452e-005, -0.977531522, -0.977531522, -9.92666527e-006, 0.210789287, -1.33841873e-005, 1, -1.49760919e-005, 0, 0, 0, 0, 0, 0, 0, 0.178300732, -0.107310498, -0.191223413, 0.158039548, 0.919503116, -0.35961303, -0.802734375, 0.331787109, 0.495483398, 0.574884244, 0.210556968, 0.790722422, -0, 0, 0, 0, 0, 0, 0, 0.226079687, -0.0968785156, -0.150189355, -0.0554997534, 0.126616173, -0.990378513, 0.672485352, -0.728271484, -0.130737305, -0.737870781, -0.673314823, -0.0446855047, 2, 1, 
124.752145, 0.1, 0.1, 0.121267639, 0.196271206, -0.019963297, -0.210783889, -1.74316605e-005, -0.977532686, -0.977532686, -1.39710116e-005, 0.210783889, -1.73314337e-005, 1, -1.40951538e-005, -0.210784708, -2.20097244e-005, -0.977532509, -0.977532509, 9.03077509e-006, 0.210784708, 4.18856292e-006, 1, -2.34187704e-005, 0, 0, 0, 0, 0, 0, 0, 0.178089063, -0.108158911, -0.190341797, 0.153813696, 0.920271826, -0.359740711, -0.802490234, 0.328735352, 0.497802734, 0.576295104, 0.212289096, 0.78913595, -0, 0, 0, 0, 0, 0, 0, 0.225772705, -0.0976388184, -0.149484229, -0.0574418124, 0.126008798, -0.990276068, 0.674682617, -0.726196289, -0.131591797, -0.735742788, -0.675710772, -0.0433245674, 2, 1, 
124.753005, 0.1, 0.1, 0.121267638, 0.196271207, -0.0199641979, -0.210779711, -1.49199446e-005, -0.977533587, -0.977533587, 8.30228668e-006, 0.210779711, 4.97094247e-006, 1, -1.63347005e-005, -0.210780531, -8.01304514e-006, -0.97753341, -0.97753341, 1.42338559e-005, 0.210780531, 1.22250758e-005, 1, -1.08332391e-005, 0, 0, 0, 0, 0, 0, 0, 0.178089063, -0.108158911, -0.190341797, 0.153813696, 0.920271826, -0.359740711, -0.802490234, 0.328735352, 0.497802734, 0.576295104, 0.212289096, 0.78913595, -0, 0, 0, 0, 0, 0, 0, 0.225772705, -0.0976388184, -0.149484229, -0.0574418124, 0.126008798, -0.990276068, 0.674682617, -0.726196289, -0.131591797, -0.735742788, -0.675710772, -0.0433245674, 2, 1, 
124.753862, 0.1, 0.1, 0.121267637, 0.196271209, -0.0199644722, -0.210775584, -4.64184088e-006, -0.977534477, -0.977534477, 1.73352345e-005, 0.210775583, 1.59674027e-005, 1, -8.19140367e-006, -0.21077646, 1.48722054e-005, -0.977534288, -0.977534288, 5.52391676e-006, 0.21077646, 8.53452884e-006, 1, 1.33737791e-005, 0, 0, 0, 0, 0, 0, 0, 0.178089063, -0.108158911, -0.190341797, 0.153813696, 0.920271826, -0.359740711, -0.802490234, 0.328735352, 0.497802734, 0.576295104, 0.212289096, 0.78913595, -0, 0, 0, 0, 0, 0, 0, 0.225772705, -0.0976388184, -0.149484229, -0.0574418124, 0.126008798, -0.990276068, 0.674682617, -0.726196289, -0.131591797, -0.735742788, -0.675710772, -0.0433245674, 2, 1, 
124.754736, 0.1, 0.1, 0.121267636, 0.19627121, -0.0199637152, -0.21077139, 1.54945285e-005, -0.977535381, -0.977535381, 1.01969574e-005, 0.21077139, 1.323369e-005, 1, 1.29972229e-005, -0.210772198, 1.86832382e-005, -0.977535207, -0.977535207, -1.30137442e-005, 0.210772198, -8.78348595e-006, 1, 2.10064586e-005, 0, 0, 0, 0, 0, 0, 0, 0.178089063, -0.108158911, -0.190341797, 0.153813696, 0.920271826, -0.359740711, -0.802490234, 0.328735352, 0.497802734, 0.576295104, 0.212289096, 0.78913595, -0, 0, 0, 0, 0, 0, 0, 0.225772705, -0.0976388184, -0.149484229, -0.0574418124, 0.126008798, -0.990276068, 0.674682617, -0.726196289, -0.131591797, -0.735742788, -0.675710772, -0.0433245674, 2, 1, 
124.755587, 0.1, 0.1, 0.121267635, 0.19627121, -0.0199626386, -0.210767294, 1.85581535e-005, -0.977536264, -0.977536264, -9.10112207e-006, 0.210767294, -4.98522508e-006, 1, 2.00594869e-005, -0.210768101, 1.03697915e-005, -0.97753609, -0.97753609, -1.61737785e-005, 0.210768101, -1.36248309e-005, 1, 1.3545762e-005, 0, 0, 0, 0, 0, 0, 0, 0.178089063, -0.108158911, -0.190341797, 0.153813696, 0.920271826, -0.359740711, -0.802490234, 0.328735352, 0.497802734, 0.576295104, 0.212289096, 0.78913595, -0, 0, 0, 0, 0, 0, 0, 0.225772705, -0.0976388184, -0.149484229, -0.0574418124, 0.126008798, -0.990276068, 0.674682617, -0.726196289, -0.131591797, -0.735742788, -0.675710772, -0.0433245674, 2, 1, 
124.756462, 0.1, 0.1, 0.121267635, 0.196271209, -0.0199616299, -0.210763106, 1.17812562e-005, -0.977537167, -0.977537167, -1.74963691e-005, 0.210763106, -1.46202969e-005, 1, 1.52042049e-005, -0.210763986, -1.00481678e-005, -0.977536977, -0.977536977, -5.36714824e-006, 0.210763986, -7.36437777e-006, 1, -8.69125405e-006, 0, 0, 0, 0, 0, 0, 0, 0.178089063, -0.108158911, -0.190341797, 0.153813696, 0.920271826, -0.359740711, -0.802490234, 0.328735352, 0.497802734, 0.576295104, 0.212289096, 0.78913595, -0, 0, 0, 0, 0, 0, 0, 0.225772705, -0.0976388184, -0.149484229, -0.0574418124, 0.126008798, -0.990276068, 0.674682617, -0.726196289, -0.131591797, -0.735742788, -0.675710772, -0.0433245674, 2, 1, 
124.757363, 0.1, 0.1, 0.121267634, 0.196271207, -0.0199601093, -0.210758725, -1.15102085e-005, -0.977538112, -0.977538112, -7.26154519e-006, 0.210758725, -9.52431404e-006, 1, -9.72123349e-006, -0.210759548, -1.45864798e-005, -0.977537934, -0.977537934, 1.8541693e-005, 0.210759548, 1.50509684e-005, 1, -1.81666762e-005, 0, 0, 0, 0, 0, 0, 0, 0.177328149, -0.109024658, -0.190083765, 0.151841556, 0.920861559, -0.358942044, -0.80065918, 0.327514648, 0.501586914, 0.579450075, 0.211330548, 0.787155575, -0, 0, 0, 0, 0, 0, 0, 0.225362695, -0.0985425293, -0.148987207, -0.0608151709, 0.126455758, -0.990103261, 0.676269531, -0.724243164, -0.134033203, -0.734010716, -0.677627678, -0.041465264, 2, 1, 
124.758218, 0.1, 0.1, 0.121267633, 0.196271207, -0.0199596427, -0.210754537, -1.70231653e-005, -0.977539014, -0.977539015, 1.16665938e-005, 0.210754537, 7.81684131e-006, 1, -1.90995958e-005, -0.210755358, -7.84063943e-006, -0.977538838, -0.977538837, 1.99484897e-005, 0.210755358, 1.78479667e-005, 1, -1.18687806e-005, 0, 0, 0, 0, 0, 0, 0, 0.177328149, -0.109024658, -0.190083765, 0.151841556, 0.920861559, -0.358942044, -0.80065918, 0.327514648, 0.501586914, 0.579450075, 0.211330548, 0.787155575, -0, 0, 0, 0, 0, 0, 0, 0.225362695, -0.0985425293, -0.148987207, -0.0608151709, 0.126455758, -0.990103261, 0.676269531, -0.724243164, -0.134033203, -0.734010716, -0.677627678, -0.041465264, 2, 1, 
