time, realDorsalTactorPos, realVentralTactorPos, boxPosX, boxPosY, boxPosZ, boxLocalRot_11, boxLocalRot_12, boxLocalRot_13, boxLocalRot_21, boxLocalRot_22, boxLocalRot_23, boxLocalRot_31, boxLocalRot_32, boxLocalRot_33, boxGlobalRot_11, boxGlobalRot_12, boxGlobalRot_13, boxGlobalRot_21, boxGlobalRot_22, boxGlobalRot_23, boxGlobalRot_31, boxGlobalRot_32, boxGlobalRot_33, indexForceX, indexForceY, indexForceZ, indexForceGlobalX, indexForceGlobalY, indexForceGlobalZ, indexContact, indexPosX, indexPosY, indexPosZ, indexRot_11, indexRot_12, indexRot_13, indexRot_21, indexRot_22, indexRot_23, indexRot_31, indexRot_32, indexRot_33, thumbForceX, thumbForceY, thumbForceZ, thumbForceGlobalX, thumbForceGlobalY, thumbForceGlobalZ, thumbContact, thumbPosX, thumbPosY, thumbPosZ, thumbRot_11, thumbRot_12, thumbRot_13, thumbRot_21, thumbRot_22, thumbRot_23, thumbRot_31, thumbRot_32, thumbRot_33, mapping, trialSuccess, 
108.811672, 0.1, 0.1, 0.0747220736, 0.203328526, -0.019958422, 6.14436286e-005, -0.319487399, -0.947590522, 6.51394007e-006, 0.947590524, -0.319487399, 0.999999998, 1.34579172e-005, 6.0304522e-005, 5.94894394e-005, -0.319487673, -0.94759043, 4.74916179e-005, 0.947590432, -0.31948767, 0.999999997, -2.59964602e-005, 7.15446101e-005, 0, 0, 0, 0, 0, 0, 0, 0.133071899, -0.0096892334, -0.265304883, -0.24633054, 0.880536103, -0.404711443, -0.649291992, 0.16003418, 0.743408203, 0.719388523, 0.445991775, 0.532513426, 0, 0, 0, 0, 0, 0, 0, 0.220134375, 0.0311500488, -0.207908203, -0.115268789, 0.588326614, -0.800291872, 0.541748047, -0.637939453, -0.547119141, -0.832527511, -0.496520969, -0.245152501, 2, 1, 
108.851441, 0.1, 0.1, 0.0747220046, 0.203328489, -0.019957096, -3.43493219e-005, -0.319367654, -0.947630888, -5.00499797e-005, 0.947630888, -0.319367652, 0.999999998, 3.64588444e-005, -4.8534823e-005, -2.92719347e-005, -0.319367904, -0.947630804, -8.42197805e-006, 0.947630805, -0.319367904, 1, -1.3675906e-006, -3.04286965e-005, 0, 0, 0, 0, 0, 0, 0, 0.143826636, -0.036997998, -0.264608521, -0.216189449, 0.908572555, -0.357051005, -0.637329102, 0.145751953, 0.756591797, 0.739580214, 0.39124932, 0.547829262, 0, 0, 0, 0, 0, 0, 0, 0.227865576, 0.00280180664, -0.205334766, -0.141895817, 0.581247006, -0.801154809, 0.574829102, -0.610473633, -0.544799805, -0.805745131, -0.53777016, -0.247452568, 2, 1, 
108.852286, 0.1, 0.1, 0.0747220003, 0.203328494, -0.0199575454, 5.23918589e-005, -0.319366815, -0.94763117, 5.1698036e-005, 0.947631171, -0.319366812, 0.999999997, -3.22584494e-005, 6.61587957e-005, 4.2905076e-005, -0.319366888, -0.947631146, 6.57908962e-007, 0.947631147, -0.319366889, 0.999999999, 1.30790056e-005, 4.08683007e-005, 0, 0, 0, 0, 0, 0, 0, 0.143826636, -0.036997998, -0.264608521, -0.216189449, 0.908572555, -0.357051005, -0.637329102, 0.145751953, 0.756591797, 0.739580214, 0.39124932, 0.547829262, 0, 0, 0, 0, 0, 0, 0, 0.227865576, 0.00280180664, -0.205334766, -0.141895817, 0.581247006, -0.801154809, 0.574829102, -0.610473633, -0.544799805, -0.805745131, -0.53777016, -0.247452568, 2, 1, 
108.853132, 0.1, 0.1, 0.0747219962, 0.203328479, -0.0199599187, -2.41342423e-005, -0.319366841, -0.947631163, -3.01473861e-006, 0.947631163, -0.319366841, 1, -4.85081649e-006, -2.38331677e-005, -1.52053255e-005, -0.319366759, -0.947631191, 3.90498747e-005, 0.94763119, -0.319366759, 0.999999999, -4.18609547e-005, -1.9378088e-006, 0, 0, 0, 0, 0, 0, 0, 0.143826636, -0.036997998, -0.264608521, -0.216189449, 0.908572555, -0.357051005, -0.637329102, 0.145751953, 0.756591797, 0.739580214, 0.39124932, 0.547829262, 0, 0, 0, 0, 0, 0, 0, 0.227865576, 0.00280180664, -0.205334766, -0.141895817, 0.581247006, -0.801154809, 0.574829102, -0.610473633, -0.544799805, -0.805745131, -0.53777016, -0.247452568, 2, 1, 
108.853994, 0.1, 0.1, 0.0747219911, 0.203328496, -0.0199632891, 2.38662308e-005, -0.319367883, -0.947630812, -6.75555514e-005, 0.947630809, -0.319367884, 0.999999997, 7.16398296e-005, 1.04130218e-006, 3.61934539e-005, -0.319367622, -0.947630899, -8.35463373e-005, 0.947630895, -0.319367624, 0.999999996, 9.07301081e-005, 7.61604002e-006, 0, 0, 0, 0, 0, 0, 0, 0.143826636, -0.036997998, -0.264608521, -0.210971727, 0.91176123, -0.352347754, -0.636230469, 0.145629883, 0.75769043, 0.74209079, 0.384070319, 0.549432587, 0, 0, 0, 0, 0, 0, 0, 0.227865576, 0.00280180664, -0.205334766, -0.141895817, 0.581247006, -0.801154809, 0.574829102, -0.610473633, -0.544799805, -0.805745131, -0.53777016, -0.247452568, 2, 1, 
108.854851, 0.1, 0.1, 0.0747219937, 0.203328491, -0.0199659558, -3.64416044e-006, -0.319368658, -0.947630551, 5.0727549e-005, 0.947630549, -0.319368657, 0.999999999, -4.92348058e-005, 1.27474715e-005, -1.12058731e-005, -0.319368574, -0.947630579, 4.86035671e-005, 0.947630578, -0.319368574, 0.999999999, -4.96370301e-005, 4.90342392e-006, 0, 0, 0, 0, 0, 0, 0, 0.144770654, -0.0390893066, -0.264363281, -0.210971727, 0.91176123, -0.352347754, -0.636230469, 0.145629883, 0.75769043, 0.74209079, 0.384070319, 0.549432587, 0, 0, 0, 0, 0, 0, 0, 0.228449854, 0.000693505859, -0.204901709, -0.143825116, 0.580703431, -0.801237931, 0.577270508, -0.608276367, -0.544555664, -0.80373854, -0.540773117, -0.247829532, 2, 1, 
108.855693, 0.1, 0.1, 0.0747219913, 0.203328494, -0.0199674928, 3.43469988e-005, -0.319369179, -0.947630374, -5.11277214e-005, 0.947630373, -0.31936918, 0.999999998, 5.94195546e-005, 1.62196409e-005, 1.30011041e-005, -0.319369019, -0.947630429, -4.94648066e-005, 0.947630428, -0.319369019, 0.999999999, 5.10265058e-005, -3.47728494e-006, 0, 0, 0, 0, 0, 0, 0, 0.144770654, -0.0390893066, -0.264363281, -0.210971727, 0.91176123, -0.352347754, -0.636230469, 0.145629883, 0.75769043, 0.74209079, 0.384070319, 0.549432587, 0, 0, 0, 0, 0, 0, 0, 0.228449854, 0.000693505859, -0.204901709, -0.143825116, 0.580703431, -0.801237931, 0.577270508, -0.608276367, -0.544555664, -0.80373854, -0.540773117, -0.247829532, 2, 1, 
108.856532, 0.1, 0.1, 0.0747219915, 0.203328493, -0.0199674688, -5.89773794e-005, -0.319370107, -0.94763006, 4.52820214e-005, 0.94763006, -0.31937011, 0.999999997, -6.17462169e-005, -4.14270136e-005, -3.6390836e-005, -0.319369927, -0.947630122, 2.52946403e-005, 0.947630122, -0.319369928, 0.999999999, -3.55921018e-005, -2.6406705e-005, 0, 0, 0, 0, 0, 0, 0, 0.144770654, -0.0390893066, -0.264363281, -0.210971727, 0.91176123, -0.352347754, -0.636230469, 0.145629883, 0.75769043, 0.74209079, 0.384070319, 0.549432587, 0, 0, 0, 0, 0, 0, 0, 0.228449854, 0.000693505859, -0.204901709, -0.143825116, 0.580703431, -0.801237931, 0.577270508, -0.608276367, -0.544555664, -0.80373854, -0.540773117, -0.247829532, 2, 1, 
108.85737, 0.1, 0.1, 0.0747219954, 0.203328483, -0.0199660487, 3.99921213e-005, -0.319370799, -0.947629828, -5.69856722e-006, 0.947629829, -0.3193708, 0.999999999, 1.8172448e-005, 3.6077771e-005, 1.00342772e-005, -0.319370728, -0.947629853, 2.7646847e-005, 0.947629853, -0.319370728, 1, -2.29943231e-005, 1.83383743e-005, 0, 0, 0, 0, 0, 0, 0, 0.144770654, -0.0390893066, -0.264363281, -0.210971727, 0.91176123, -0.352347754, -0.636230469, 0.145629883, 0.75769043, 0.74209079, 0.384070319, 0.549432587, 0, 0, 0, 0, 0, 0, 0, 0.228449854, 0.000693505859, -0.204901709, -0.143825116, 0.580703431, -0.801237931, 0.577270508, -0.608276367, -0.544555664, -0.80373854, -0.540773117, -0.247829532, 2, 1, 
108.858201, 0.1, 0.1, 0.0747219906, 0.203328491, -0.0199639388, -3.65878477e-005, -0.319370773, -0.947629837, -1.88875591e-005, 0.947629838, -0.319370773, 0.999999999, 6.21332539e-006, -4.07038705e-005, -9.54104246e-006, -0.319370845, -0.947629813, -4.22548862e-005, 0.947629813, -0.319370845, 0.999999999, 3.69948591e-005, -2.2536355e-005, 0, 0, 0, 0, 0, 0, 0, 0.144770654, -0.0390893066, -0.264363281, -0.210971727, 0.91176123, -0.352347754, -0.636230469, 0.145629883, 0.75769043, 0.74209079, 0.384070319, 0.549432587, 0, 0, 0, 0, 0, 0, 0, 0.228449854, 0.000693505859, -0.204901709, -0.143825116, 0.580703431, -0.801237931, 0.577270508, -0.608276367, -0.544555664, -0.80373854, -0.540773117, -0.247829532, 2, 1, 
108.859084, 0.1, 0.1, 0.0747219933, 0.203328475, -0.0199613961, 4.16009874e-005, -0.319369723, -0.947630191, 6.24526793e-005, 0.947630191, -0.31936972, 0.999999997, -4.58959487e-005, 5.93678465e-005, 1.45927745e-005, -0.319369998, -0.947630099, 7.64683269e-005, 0.947630096, -0.319369996, 0.999999997, -6.78031938e-005, 3.82502418e-005, 0, 0, 0, 0, 0, 0, 0, 0.145544897, -0.0416480957, -0.264180298, -0.204757265, 0.914550012, -0.348800002, -0.634277344, 0.147460937, 0.758911133, 0.745432234, 0.376707471, 0.549983006, 0, 0, 0, 0, 0, 0, 0, 0.229075391, -0.00164267578, -0.204478418, -0.144962206, 0.579827733, -0.801614896, 0.578979492, -0.607055664, -0.544067383, -0.802262398, -0.542951782, -0.24774641, 2, 1, 
108.859924, 0.1, 0.1, 0.0747219851, 0.203328484, -0.0199595574, -1.59329683e-005, -0.319367748, -0.947630857, -8.51788721e-005, 0.947630854, -0.319367745, 0.999999996, 7.56296514e-005, -4.23019569e-005, 8.84959829e-006, -0.319368217, -0.947630699, -8.17932908e-005, 0.947630696, -0.319368217, 0.999999997, 8.03361138e-005, -1.77360265e-005, 0, 0, 0, 0, 0, 0, 0, 0.145544897, -0.0416480957, -0.264180298, -0.204757265, 0.914550012, -0.348800002, -0.634277344, 0.147460937, 0.758911133, 0.745432234, 0.376707471, 0.549983006, 0, 0, 0, 0, 0, 0, 0, 0.229075391, -0.00164267578, -0.204478418, -0.144962206, 0.579827733, -0.801614896, 0.578979492, -0.607055664, -0.544067383, -0.802262398, -0.542951782, -0.24774641, 2, 1, 
108.860765, 0.1, 0.1, 0.0747219885, 0.203328479, -0.0199592667, 9.78017128e-006, -0.319365051, -0.947631766, 8.49873134e-005, 0.947631763, -0.319365049, 0.999999996, -7.7413233e-005, 3.64099786e-005, -5.35886579e-006, -0.319365635, -0.947631569, 6.52223327e-005, 0.947631567, -0.319365634, 0.999999998, -6.35181791e-005, 1.57515413e-005, 0, 0, 0, 0, 0, 0, 0, 0.145544897, -0.0416480957, -0.264180298, -0.204757265, 0.914550012, -0.348800002, -0.634277344, 0.147460937, 0.758911133, 0.745432234, 0.376707471, 0.549983006, 0, 0, 0, 0, 0, 0, 0, 0.229075391, -0.00164267578, -0.204478418, -0.144962206, 0.579827733, -0.801614896, 0.578979492, -0.607055664, -0.544067383, -0.802262398, -0.542951782, -0.24774641, 2, 1, 
108.861647, 0.1, 0.1, 0.0747219888, 0.203328477, -0.0199599426, -3.22336281e-005, -0.319362061, -0.947632773, -8.35692495e-005, 0.947632771, -0.319362057, 0.999999996, 6.88987619e-005, -5.723449e-005, -2.12801527e-005, -0.319362598, -0.947632592, -4.70965246e-005, 0.947632592, -0.319362597, 0.999999999, 3.78341168e-005, -3.52066348e-005, 0, 0, 0, 0, 0, 0, 0, 0.146159229, -0.0437605225, -0.263894287, -0.201627382, 0.917269522, -0.343246787, -0.632202148, 0.145874023, 0.760864258, 0.748026307, 0.370467922, 0.550710158, 0, 0, 0, 0, 0, 0, 0, 0.229444727, -0.00423896484, -0.203838477, -0.146770104, 0.57867715, -0.802126022, 0.581298828, -0.60559082, -0.543334961, -0.800243047, -0.546018538, -0.247554646, 2, 1, 
108.862512, 0.1, 0.1, 0.0747219908, 0.203328488, -0.0199612669, 1.13535216e-005, -0.319359614, -0.947633598, 3.19393314e-005, 0.947633598, -0.319359614, 0.999999999, -2.66409273e-005, 2.09591111e-005, 8.64415599e-006, -0.319359998, -0.947633469, -2.02524059e-005, 0.947633469, -0.319359998, 1, 2.19524553e-005, 1.72368321e-006, 0, 0, 0, 0, 0, 0, 0, 0.146159229, -0.0437605225, -0.263894287, -0.201627382, 0.917269522, -0.343246787, -0.632202148, 0.145874023, 0.760864258, 0.748026307, 0.370467922, 0.550710158, 0, 0, 0, 0, 0, 0, 0, 0.229444727, -0.00423896484, -0.203838477, -0.146770104, 0.57867715, -0.802126022, 0.581298828, -0.60559082, -0.543334961, -0.800243047, -0.546018538, -0.247554646, 2, 1, 
108.863356, 0.1, 0.1, 0.0747219935, 0.203328474, -0.0199631377, -1.4799984e-005, -0.31935823, -0.947634065, 1.9877826e-005, 0.947634065, -0.31935823, 1, -2.35634017e-005, -7.6768217e-006, -3.0436493e-005, -0.319358435, -0.947633995, 4.73557089e-005, 0.947633994, -0.319358436, 0.999999998, -5.45960304e-005, -1.37192104e-005, 0, 0, 0, 0, 0, 0, 0, 0.146159229, -0.0437605225, -0.263894287, -0.201627382, 0.917269522, -0.343246787, -0.632202148, 0.145874023, 0.760864258, 0.748026307, 0.370467922, 0.550710158, 0, 0, 0, 0, 0, 0, 0, 0.229444727, -0.00423896484, -0.203838477, -0.146770104, 0.57867715, -0.802126022, 0.581298828, -0.60559082, -0.543334961, -0.800243047, -0.546018538, -0.247554646, 2, 1, 
108.864201, 0.1, 0.1, 0.0747219882, 0.203328483, -0.0199648772, -1.43406473e-006, -0.319357188, -0.947634416, -4.42292705e-005, 0.947634415, -0.319357188, 0.999999999, 4.14552e-005, -1.54839045e-005, 9.98548422e-006, -0.319357431, -0.947634334, -5.85124575e-005, 0.947634332, -0.319357431, 0.999999998, 5.86373523e-005, -9.2238004e-006, 0, 0, 0, 0, 0, 0, 0, 0.146159229, -0.0437605225, -0.263894287, -0.201627382, 0.917269522, -0.343246787, -0.632202148, 0.145874023, 0.760864258, 0.748026307, 0.370467922, 0.550710158, 0, 0, 0, 0, 0, 0, 0, 0.229444727, -0.00423896484, -0.203838477, -0.146770104, 0.57867715, -0.802126022, 0.581298828, -0.60559082, -0.543334961, -0.800243047, -0.546018538, -0.247554646, 2, 1, 
108.865046, 0.1, 0.1, 0.0747219895, 0.203328472, -0.0199659509, -2.75585149e-005, -0.319355958, -0.94763483, 5.95377228e-005, 0.947634828, -0.319355959, 0.999999998, -6.52209958e-005, -7.10168207e-006, -1.12034505e-005, -0.319356168, -0.94763476, 6.87810041e-005, 0.947634757, -0.319356168, 0.999999998, -6.87571613e-005, 1.13488588e-005, 0, 0, 0, 0, 0, 0, 0, 0.146159229, -0.0437605225, -0.263894287, -0.201627382, 0.917269522, -0.343246787, -0.632202148, 0.145874023, 0.760864258, 0.748026307, 0.370467922, 0.550710158, 0, 0, 0, 0, 0, 0, 0, 0.229444727, -0.00423896484, -0.203838477, -0.146770104, 0.57867715, -0.802126022, 0.581298828, -0.60559082, -0.543334961, -0.800243047, -0.546018538, -0.247554646, 2, 1, 
108.865929, 0.1, 0.1, 0.0747219848, 0.203328474, -0.0199657503, 3.90113967e-005, -0.319355222, -0.947635078, -5.7492845e-005, 0.947635076, -0.319355224, 0.999999998, 6.694073e-005, 1.86079276e-005, 4.10364159e-005, -0.31935539, -0.947635021, -4.35460047e-005, 0.94763502, -0.319355391, 0.999999998, 5.43709198e-005, 2.49808935e-005, 0, 0, 0, 0, 0, 0, 0, 0.146159229, -0.0437605225, -0.263894287, -0.199216033, 0.919431501, -0.338898125, -0.633300781, 0.143066406, 0.760498047, 0.747644387, 0.366170556, 0.55397634, 0, 0, 0, 0, 0, 0, 0, 0.229444727, -0.00423896484, -0.203838477, -0.146770104, 0.57867715, -0.802126022, 0.581298828, -0.60559082, -0.543334961, -0.800243047, -0.546018538, -0.247554646, 2, 1, 
108.866794, 0.1, 0.1, 0.0747219833, 0.203328475, -0.0199640377, -1.23626207e-005, -0.319354311, -0.947635386, 5.60713292e-005, 0.947635384, -0.319354311, 0.999999998, -5.70832319e-005, 6.19136388e-006, -1.13446728e-005, -0.319354503, -0.947635321, 2.74086548e-005, 0.94763532, -0.319354504, 1, -2.95963817e-005, -1.99753532e-006, 0, 0, 0, 0, 0, 0, 0, 0.14739751, -0.0458955322, -0.263215625, -0.199216033, 0.919431501, -0.338898125, -0.633300781, 0.143066406, 0.760498047, 0.747644387, 0.366170556, 0.55397634, 0, 0, 0, 0, 0, 0, 0, 0.230336963, -0.00665351563, -0.203023633, -0.147498147, 0.576919558, -0.803193117, 0.584228516, -0.604370117, -0.541503906, -0.797987456, -0.549149094, -0.247912288, 2, 1, 
108.867632, 0.1, 0.1, 0.0747219863, 0.203328467, -0.0199622707, 2.38309808e-005, -0.319353732, -0.94763558, -2.87458256e-005, 0.94763558, -0.319353733, 0.999999999, 3.48510798e-005, 1.34029987e-005, -1.34451353e-005, -0.319353792, -0.94763556, 7.16952622e-006, 0.94763556, -0.319353792, 1, -1.1087853e-005, -1.0451473e-005, 0, 0, 0, 0, 0, 0, 0, 0.14739751, -0.0458955322, -0.263215625, -0.199216033, 0.919431501, -0.338898125, -0.633300781, 0.143066406, 0.760498047, 0.747644387, 0.366170556, 0.55397634, 0, 0, 0, 0, 0, 0, 0, 0.230336963, -0.00665351563, -0.203023633, -0.147498147, 0.576919558, -0.803193117, 0.584228516, -0.604370117, -0.541503906, -0.797987456, -0.549149094, -0.247912288, 2, 1, 
108.868641, 0.1, 0.1, 0.0747219788, 0.203328481, -0.0199591776, 5.71421378e-006, -0.319352972, -0.947635837, -4.11802093e-006, 0.947635837, -0.319352972, 1, 5.72723536e-006, 4.09989154e-006, 5.96148726e-006, -0.319353183, -0.947635766, -4.95260394e-005, 0.947635764, -0.319353183, 0.999999999, 4.88364662e-005, -1.01669798e-005, 0, 0, 0, 0, 0, 0, 0, 0.14739751, -0.0458955322, -0.263215625, -0.199216033, 0.919431501, -0.338898125, -0.633300781, 0.143066406, 0.760498047, 0.747644387, 0.366170556, 0.55397634, 0, 0, 0, 0, 0, 0, 0, 0.230336963, -0.00665351563, -0.203023633, -0.147498147, 0.576919558, -0.803193117, 0.584228516, -0.604370117, -0.541503906, -0.797987456, -0.549149094, -0.247912288, 2, 1, 
108.869481, 0.1, 0.1, 0.0747219841, 0.203328464, -0.0199571359, -3.49868659e-005, -0.319352338, -0.94763605, 5.09507694e-005, 0.947636049, -0.319352339, 0.999999998, -5.94559233e-005, -1.6883568e-005, -3.94359441e-005, -0.319352425, -0.947636021, 7.41849494e-005, 0.947636018, -0.319352427, 0.999999996, -8.28942947e-005, -1.36797776e-005, 0, 0, 0, 0, 0, 0, 0, 0.14739751, -0.0458955322, -0.263215625, -0.199216033, 0.919431501, -0.338898125, -0.633300781, 0.143066406, 0.760498047, 0.747644387, 0.366170556, 0.55397634, 0, 0, 0, 0, 0, 0, 0, 0.230336963, -0.00665351563, -0.203023633, -0.147498147, 0.576919558, -0.803193117, 0.584228516, -0.604370117, -0.541503906, -0.797987456, -0.549149094, -0.247912288, 2, 1, 
108.870324, 0.1, 0.1, 0.0747219748, 0.203328473, -0.0199575265, 3.77891219e-005, -0.31935205, -0.947636147, -7.54808469e-005, 0.947636144, -0.319352052, 0.999999996, 8.35964125e-005, 1.17053745e-005, 5.71236561e-005, -0.319352137, -0.947636116, -7.17384981e-005, 0.947636114, -0.319352141, 0.999999996, 8.62245537e-005, 3.12225968e-005, 0, 0, 0, 0, 0, 0, 0, 0.14739751, -0.0458955322, -0.263215625, -0.199216033, 0.919431501, -0.338898125, -0.633300781, 0.143066406, 0.760498047, 0.747644387, 0.366170556, 0.55397634, 0, 0, 0, 0, 0, 0, 0, 0.230336963, -0.00665351563, -0.203023633, -0.147498147, 0.576919558, -0.803193117, 0.584228516, -0.604370117, -0.541503906, -0.797987456, -0.549149094, -0.247912288, 2, 1, 
108.871211, 0.1, 0.1, 0.0747219809, 0.20332847, -0.0199595827, -1.57190942e-005, -0.319350935, -0.947636523, 7.52695022e-005, 0.94763652, -0.319350936, 0.999999997, -7.63480367e-005, 9.14139823e-006, -3.99705093e-005, -0.319351244, -0.947636418, 5.29025935e-005, 0.947636417, -0.319351246, 0.999999998, -6.28970561e-005, -2.09830012e-005, 0, 0, 0, 0, 0, 0, 0, 0.148806177, -0.0471335449, -0.262265625, -0.197826512, 0.921650767, -0.333629106, -0.634521484, 0.138916016, 0.760253906, 0.747053533, 0.362234893, 0.557591119, 0, 0, 0, 0, 0, 0, 0, 0.231150098, -0.00840566406, -0.202182422, -0.149836127, 0.575583408, -0.803723566, 0.588500977, -0.601318359, -0.540405273, -0.794428163, -0.553953752, -0.248704497, 2, 1, 
108.872048, 0.1, 0.1, 0.0747219807, 0.203328466, -0.0199624476, -1.18824058e-005, -0.319349237, -0.947637095, -6.49008124e-005, 0.947637094, -0.319349236, 0.999999998, 5.77077801e-005, -3.19862334e-005, -9.01922364e-006, -0.319349565, -0.947636985, -3.20352873e-005, 0.947636985, -0.319349564, 0.999999999, 2.7477538e-005, -1.8777405e-005, 0, 0, 0, 0, 0, 0, 0, 0.148806177, -0.0471335449, -0.262265625, -0.197826512, 0.921650767, -0.333629106, -0.634521484, 0.138916016, 0.760253906, 0.747053533, 0.362234893, 0.557591119, 0, 0, 0, 0, 0, 0, 0, 0.231150098, -0.00840566406, -0.202182422, -0.149836127, 0.575583408, -0.803723566, 0.588500977, -0.601318359, -0.540405273, -0.794428163, -0.553953752, -0.248704497, 2, 1, 
108.872892, 0.1, 0.1, 0.0747219771, 0.203328474, -0.0199654706, 1.07205948e-005, -0.319347989, -0.947637516, 2.27900822e-005, 0.947637516, -0.319347989, 1, -1.81731365e-005, 1.74372048e-005, 2.59296134e-005, -0.319348153, -0.94763746, -1.64073092e-005, 0.94763746, -0.319348154, 1, 2.3828755e-005, 1.93322291e-005, 0, 0, 0, 0, 0, 0, 0, 0.148806177, -0.0471335449, -0.262265625, -0.197826512, 0.921650767, -0.333629106, -0.634521484, 0.138916016, 0.760253906, 0.747053533, 0.362234893, 0.557591119, 0, 0, 0, 0, 0, 0, 0, 0.231150098, -0.00840566406, -0.202182422, -0.149836127, 0.575583408, -0.803723566, 0.588500977, -0.601318359, -0.540405273, -0.794428163, -0.553953752, -0.248704497, 2, 1, 
108.873751, 0.1, 0.1, 0.0747219844, 0.203328465, -0.019967401, -2.30523125e-005, -0.319347713, -0.947637609, 2.53567474e-006, 0.947637609, -0.319347714, 1, -9.76460402e-006, -2.10354763e-005, -4.36263918e-005, -0.319347724, -0.947637604, 2.47198059e-005, 0.947637605, -0.319347725, 0.999999999, -3.73574066e-005, -3.34477957e-005, 0, 0, 0, 0, 0, 0, 0, 0.148806177, -0.0471335449, -0.262265625, -0.197826512, 0.921650767, -0.333629106, -0.634521484, 0.138916016, 0.760253906, 0.747053533, 0.362234893, 0.557591119, 0, 0, 0, 0, 0, 0, 0, 0.231650146, -0.00988623047, -0.201499268, -0.153337084, 0.574803226, -0.803640444, 0.591552734, -0.598022461, -0.540649414, -0.791482075, -0.558209004, -0.248327532, 2, 1, 
108.874591, 0.1, 0.1, 0.0747219786, 0.203328475, -0.0199675809, -2.83354311e-006, -0.319347632, -0.947637637, -4.65659924e-005, 0.947637636, -0.319347631, 0.999999999, 4.32228017e-005, -1.75559115e-005, 2.38329665e-005, -0.319347663, -0.947637626, -5.55475774e-005, 0.947637624, -0.319347663, 0.999999998, 6.02499766e-005, 4.8460267e-006, 0, 0, 0, 0, 0, 0, 0, 0.148806177, -0.0471335449, -0.262265625, -0.197826512, 0.921650767, -0.333629106, -0.634521484, 0.138916016, 0.760253906, 0.747053533, 0.362234893, 0.557591119, 0, 0, 0, 0, 0, 0, 0, 0.231650146, -0.00988623047, -0.201499268, -0.153337084, 0.574803226, -0.803640444, 0.591552734, -0.598022461, -0.540649414, -0.791482075, -0.558209004, -0.248327532, 2, 1, 
108.875436, 0.1, 0.1, 0.0747219809, 0.203328466, -0.0199662725, 1.25172426e-005, -0.319346877, -0.947637891, 6.52641596e-005, 0.947637889, -0.319346876, 0.999999998, -5.78494482e-005, 3.27037189e-005, -1.5211468e-006, -0.319347086, -0.94763782, 6.48964752e-005, 0.947637818, -0.319347085, 0.999999998, -6.19841281e-005, 1.9283004e-005, 0, 0, 0, 0, 0, 0, 0, 0.148806177, -0.0471335449, -0.262265625, -0.197826512, 0.921650767, -0.333629106, -0.634521484, 0.138916016, 0.760253906, 0.747053533, 0.362234893, 0.557591119, 0, 0, 0, 0, 0, 0, 0, 0.231650146, -0.00988623047, -0.201499268, -0.153337084, 0.574803226, -0.803640444, 0.591552734, -0.598022461, -0.540649414, -0.791482075, -0.558209004, -0.248327532, 2, 1, 
108.876296, 0.1, 0.1, 0.0747219776, 0.203328471, -0.019963721, 7.4820858e-006, -0.319345681, -0.947638294, -7.63874548e-005, 0.947638291, -0.319345681, 0.999999997, 7.47770491e-005, -1.73036928e-005, 2.72712371e-006, -0.31934589, -0.947638223, -6.70982222e-005, 0.947638221, -0.319345889, 0.999999998, 6.44557358e-005, -1.88432148e-005, 0, 0, 0, 0, 0, 0, 0, 0.149766895, -0.0481298828, -0.261475024, -0.196525358, 0.924301007, -0.327046951, -0.634399414, 0.134521484, 0.761108398, 0.74746541, 0.357118643, 0.560132774, 0, 0, 0, 0, 0, 0, 0, 0.231650146, -0.00988623047, -0.201499268, -0.153337084, 0.574803226, -0.803640444, 0.591552734, -0.598022461, -0.540649414, -0.791482075, -0.558209004, -0.248327532, 2, 1, 
108.877135, 0.1, 0.1, 0.0747219715, 0.20332847, -0.0199613453, -6.78689383e-006, -0.319345084, -0.947638495, 6.44097282e-005, 0.947638493, -0.319345084, 0.999999998, -6.32044991e-005, 1.41374082e-005, 2.07148376e-005, -0.319345102, -0.947638489, 4.14033805e-005, 0.947638488, -0.319345101, 0.999999999, -3.2620255e-005, 3.28521442e-005, 0, 0, 0, 0, 0, 0, 0, 0.149766895, -0.0481298828, -0.261475024, -0.196525358, 0.924301007, -0.327046951, -0.634399414, 0.134521484, 0.761108398, 0.74746541, 0.357118643, 0.560132774, 0, 0, 0, 0, 0, 0, 0, 0.231650146, -0.00988623047, -0.201499268, -0.153337084, 0.574803226, -0.803640444, 0.591552734, -0.598022461, -0.540649414, -0.791482075, -0.558209004, -0.248327532, 2, 1, 
108.877973, 0.1, 0.1, 0.0747219782, 0.203328462, -0.0199598853, 1.74690719e-005, -0.319345469, -0.947638365, -2.68063445e-005, 0.947638365, -0.319345469, 0.999999999, 3.09813895e-005, 7.99387808e-006, -2.49066017e-005, -0.319345352, -0.947638405, 9.36831624e-006, 0.947638405, -0.319345352, 1, -1.68315837e-005, -2.06107241e-005, 0, 0, 0, 0, 0, 0, 0, 0.149766895, -0.0481298828, -0.261475024, -0.196525358, 0.924301007, -0.327046951, -0.634399414, 0.134521484, 0.761108398, 0.74746541, 0.357118643, 0.560132774, 0, 0, 0, 0, 0, 0, 0, 0.231650146, -0.00988623047, -0.201499268, -0.153337084, 0.574803226, -0.803640444, 0.591552734, -0.598022461, -0.540649414, -0.791482075, -0.558209004, -0.248327532, 2, 1, 
108.878853, 0.1, 0.1, 0.074721973, 0.203328475, -0.0199592617, -3.09469211e-005, -0.319345753, -0.947638269, -2.85349928e-005, 0.947638269, -0.319345752, 0.999999999, 1.71580834e-005, -3.84390156e-005, -6.12057989e-006, -0.319345763, -0.947638266, -5.92026771e-005, 0.947638265, -0.319345762, 0.999999998, 5.4148141e-005, -2.47062198e-005, 0, 0, 0, 0, 0, 0, 0, 0.15034668, -0.0498074219, -0.260739111, -0.1940556, 0.926754295, -0.321411361, -0.632446289, 0.132324219, 0.763183594, 0.749793261, 0.351539219, 0.560599696, 0, 0, 0, 0, 0, 0, 0, 0.231856885, -0.0115565918, -0.201214014, -0.157598533, 0.574323449, -0.803186554, 0.593139648, -0.595214844, -0.541992187, -0.789475118, -0.56181897, -0.246806914, 2, 1, 
108.879695, 0.1, 0.1, 0.0747219757, 0.203328459, -0.0199601228, 1.32648562e-005, -0.319345015, -0.947638518, 6.5135392e-005, 0.947638517, -0.319345014, 0.999999998, -5.74887407e-005, 3.33709514e-005, 5.86981459e-006, -0.319345219, -0.947638449, 8.31895089e-005, 0.947638446, -0.319345218, 0.999999997, -7.695908e-005, 3.2128634e-005, 0, 0, 0, 0, 0, 0, 0, 0.15034668, -0.0498074219, -0.260739111, -0.1940556, 0.926754295, -0.321411361, -0.632446289, 0.132324219, 0.763183594, 0.749793261, 0.351539219, 0.560599696, 0, 0, 0, 0, 0, 0, 0, 0.231856885, -0.0115565918, -0.201214014, -0.157598533, 0.574323449, -0.803186554, 0.593139648, -0.595214844, -0.541992187, -0.789475118, -0.56181897, -0.246806914, 2, 1, 
108.880532, 0.1, 0.1, 0.0747219733, 0.203328468, -0.0199620575, 1.90649046e-005, -0.319343982, -0.947638866, -6.57771065e-005, 0.947638864, -0.319343983, 0.999999998, 6.84212052e-005, -2.93887853e-006, 5.40992672e-006, -0.31934415, -0.94763881, -7.26761187e-005, 0.947638807, -0.31934415, 0.999999997, 7.05983391e-005, -1.80820369e-005, 0, 0, 0, 0, 0, 0, 0, 0.15034668, -0.0498074219, -0.260739111, -0.1940556, 0.926754295, -0.321411361, -0.632446289, 0.132324219, 0.763183594, 0.749793261, 0.351539219, 0.560599696, 0, 0, 0, 0, 0, 0, 0, 0.231856885, -0.0115565918, -0.201214014, -0.157598533, 0.574323449, -0.803186554, 0.593139648, -0.595214844, -0.541992187, -0.789475118, -0.56181897, -0.246806914, 2, 1, 
108.881367, 0.1, 0.1, 0.0747219686, 0.203328462, -0.0199644132, -2.76327521e-005, -0.319343718, -0.947638955, 5.73722984e-005, 0.947638953, -0.319343719, 0.999999998, -6.31925708e-005, -7.86438919e-006, 2.75613372e-006, -0.319343675, -0.94763897, 5.48519175e-005, 0.947638968, -0.319343675, 0.999999998, -5.10996607e-005, 2.01284326e-005, 0, 0, 0, 0, 0, 0, 0, 0.15034668, -0.0498074219, -0.260739111, -0.1940556, 0.926754295, -0.321411361, -0.632446289, 0.132324219, 0.763183594, 0.749793261, 0.351539219, 0.560599696, 0, 0, 0, 0, 0, 0, 0, 0.231856885, -0.0115565918, -0.201214014, -0.157598533, 0.574323449, -0.803186554, 0.593139648, -0.595214844, -0.541992187, -0.789475118, -0.56181897, -0.246806914, 2, 1, 
108.882216, 0.1, 0.1, 0.0747219693, 0.20332846, -0.0199662461, 3.99228716e-005, -0.319344178, -0.9476388, -4.44970757e-005, 0.947638799, -0.31934418, 0.999999998, 5.49162921e-005, 2.362258e-005, 2.10442843e-005, -0.319344082, -0.947638833, -2.26511684e-005, 0.947638832, -0.319344082, 1, 2.81854944e-005, 1.27088644e-005, 0, 0, 0, 0, 0, 0, 0, 0.15034668, -0.0498074219, -0.260739111, -0.1940556, 0.926754295, -0.321411361, -0.632446289, 0.132324219, 0.763183594, 0.749793261, 0.351539219, 0.560599696, 0, 0, 0, 0, 0, 0, 0, 0.231856885, -0.0115565918, -0.201214014, -0.157598533, 0.574323449, -0.803186554, 0.593139648, -0.595214844, -0.541992187, -0.789475118, -0.56181897, -0.246806914, 2, 1, 
108.883095, 0.1, 0.1, 0.0747219685, 0.203328467, -0.0199667079, -3.49760784e-005, -0.319344327, -0.947638749, 2.05925798e-005, 0.94763875, -0.319344328, 0.999999999, -3.06837388e-005, -2.65685636e-005, -2.35300751e-005, -0.319344378, -0.947638733, -2.20305352e-005, 0.947638733, -0.319344378, 0.999999999, 1.33627913e-005, -2.93333381e-005, 0, 0, 0, 0, 0, 0, 0, 0.150515869, -0.05149375, -0.260046533, -0.19090662, 0.929048824, -0.316594655, -0.630126953, 0.131225586, 0.765258789, 0.752507902, 0.345737756, 0.560578356, 0, 0, 0, 0, 0, 0, 0, 0.231856885, -0.0115565918, -0.201214014, -0.161118813, 0.574156838, -0.802656104, 0.594726563, -0.592407227, -0.543212891, -0.787513002, -0.564905049, -0.246014705, 2, 1, 
108.883923, 0.1, 0.1, 0.0747219685, 0.203328454, -0.0199656718, 7.78956951e-006, -0.319343656, -0.947638976, 1.40338384e-005, 0.947638976, -0.319343656, 1, -1.08114627e-005, 1.18633169e-005, 1.02652137e-005, -0.319343825, -0.947638919, 4.73123198e-005, 0.947638919, -0.319343824, 0.999999999, -4.1556863e-005, 2.48366132e-005, 0, 0, 0, 0, 0, 0, 0, 0.150515869, -0.05149375, -0.260046533, -0.19090662, 0.929048824, -0.316594655, -0.630126953, 0.131225586, 0.765258789, 0.752507902, 0.345737756, 0.560578356, 0, 0, 0, 0, 0, 0, 0, 0.231888477, -0.013418457, -0.200715771, -0.161118813, 0.574156838, -0.802656104, 0.594726563, -0.592407227, -0.543212891, -0.787513002, -0.564905049, -0.246014705, 2, 1, 
108.884754, 0.1, 0.1, 0.0747219667, 0.203328467, -0.0199640802, 2.76376397e-005, -0.319342905, -0.947639229, -4.26618038e-005, 0.947639228, -0.319342906, 0.999999999, 4.9253883e-005, 1.25667672e-005, 9.5265897e-006, -0.319343024, -0.947639189, -6.8021686e-005, 0.947639187, -0.319343024, 0.999999998, 6.75022653e-005, -1.26944812e-005, 0, 0, 0, 0, 0, 0, 0, 0.150515869, -0.05149375, -0.260046533, -0.19090662, 0.929048824, -0.316594655, -0.630126953, 0.131225586, 0.765258789, 0.752507902, 0.345737756, 0.560578356, 0, 0, 0, 0, 0, 0, 0, 0.231888477, -0.013418457, -0.200715771, -0.161118813, 0.574156838, -0.802656104, 0.594726563, -0.592407227, -0.543212891, -0.787513002, -0.564905049, -0.246014705, 2, 1, 
108.885581, 0.1, 0.1, 0.0747219695, 0.203328458, -0.0199625829, -5.59339431e-005, -0.319342994, -0.947639198, 4.46640427e-005, 0.947639197, -0.319342997, 0.999999997, -6.01875106e-005, -3.87420478e-005, -4.41837115e-005, -0.319342907, -0.947639228, 5.32589676e-005, 0.947639226, -0.31934291, 0.999999998, -6.45800419e-005, -2.48623446e-005, 0, 0, 0, 0, 0, 0, 0, 0.150515869, -0.05149375, -0.260046533, -0.19090662, 0.929048824, -0.316594655, -0.630126953, 0.131225586, 0.765258789, 0.752507902, 0.345737756, 0.560578356, 0, 0, 0, 0, 0, 0, 0, 0.231888477, -0.013418457, -0.200715771, -0.161118813, 0.574156838, -0.802656104, 0.594726563, -0.592407227, -0.543212891, -0.787513002, -0.564905049, -0.246014705, 2, 1, 
108.886414, 0.1, 0.1, 0.0747219677, 0.203328464, -0.0199616445, 4.21469151e-005, -0.319343602, -0.947638994, -7.11852456e-005, 0.947638991, -0.319343604, 0.999999997, 8.09172623e-005, 1.72075074e-005, 3.87597779e-005, -0.319343498, -0.947639029, -5.9505649e-005, 0.947639027, -0.319343499, 0.999999997, 6.87675585e-005, 1.77275362e-005, 0, 0, 0, 0, 0, 0, 0, 0.150515869, -0.05149375, -0.260046533, -0.19090662, 0.929048824, -0.316594655, -0.630126953, 0.131225586, 0.765258789, 0.752507902, 0.345737756, 0.560578356, 0, 0, 0, 0, 0, 0, 0, 0.231888477, -0.013418457, -0.200715771, -0.161118813, 0.574156838, -0.802656104, 0.594726563, -0.592407227, -0.543212891, -0.787513002, -0.564905049, -0.246014705, 2, 1, 
108.887249, 0.1, 0.1, 0.0747219705, 0.203328468, -0.0199615266, -3.02181261e-005, -0.319343712, -0.947638957, 4.85143096e-005, 0.947638956, -0.319343713, 0.999999998, -5.56240183e-005, -1.31431338e-005, -3.81332539e-005, -0.319343786, -0.947638932, 1.38581763e-005, 0.947638932, -0.319343787, 0.999999999, -2.53101652e-005, -3.17110335e-005, 0, 0, 0, 0, 0, 0, 0, 0.150515869, -0.05149375, -0.260046533, -0.19090662, 0.929048824, -0.316594655, -0.630126953, 0.131225586, 0.765258789, 0.752507902, 0.345737756, 0.560578356, 0, 0, 0, 0, 0, 0, 0, 0.231888477, -0.013418457, -0.200715771, -0.161118813, 0.574156838, -0.802656104, 0.594726563, -0.592407227, -0.543212891, -0.787513002, -0.564905049, -0.246014705, 2, 1, 
108.888121, 0.1, 0.1, 0.0747219671, 0.203328458, -0.0199618651, 7.27846143e-006, -0.319342868, -0.947639242, -3.36066021e-005, 0.947639241, -0.319342868, 0.999999999, 3.41712596e-005, -3.83467302e-006, 1.83597964e-005, -0.319343066, -0.947639175, 1.77230677e-005, 0.947639175, -0.319343066, 1, -1.09319995e-005, 2.30582011e-005, 0, 0, 0, 0, 0, 0, 0, 0.150520654, -0.0533828125, -0.25998291, -0.186684517, 0.931837606, -0.310927986, -0.626586914, 0.130859375, 0.768188477, 0.75653568, 0.338374908, 0.559680844, 0, 0, 0, 0, 0, 0, 0, 0.231676318, -0.0153866211, -0.200594189, -0.164485975, 0.575134248, -0.801179962, 0.594482422, -0.590332031, -0.545898437, -0.787007706, -0.566029746, -0.244877615, 2, 1, 
108.888954, 0.1, 0.1, 0.0747219641, 0.20332847, -0.0199625691, -4.93353627e-006, -0.319342201, -0.947639466, -1.92557818e-005, 0.947639466, -0.319342201, 1, 1.66720525e-005, -1.08243974e-005, 1.78884334e-005, -0.319342287, -0.947639437, -4.72271168e-005, 0.947639436, -0.319342288, 0.999999999, 5.04668117e-005, 1.87016942e-006, 0, 0, 0, 0, 0, 0, 0, 0.150520654, -0.0533828125, -0.25998291, -0.186684517, 0.931837606, -0.310927986, -0.626586914, 0.130859375, 0.768188477, 0.75653568, 0.338374908, 0.559680844, 0, 0, 0, 0, 0, 0, 0, 0.231676318, -0.0153866211, -0.200594189, -0.164485975, 0.575134248, -0.801179962, 0.594482422, -0.590332031, -0.545898437, -0.787007706, -0.566029746, -0.244877615, 2, 1, 
108.889782, 0.1, 0.1, 0.0747219679, 0.203328456, -0.0199636715, -1.91072598e-005, -0.319341463, -0.947639715, 4.91468606e-005, 0.947639714, -0.319341464, 0.999999999, -5.26752573e-005, -2.41216784e-006, -2.62546509e-005, -0.319341587, -0.947639673, 6.46629566e-005, 0.947639671, -0.319341589, 0.999999998, -6.9661385e-005, -4.23037753e-006, 0, 0, 0, 0, 0, 0, 0, 0.150520654, -0.0533828125, -0.25998291, -0.186684517, 0.931837606, -0.310927986, -0.626586914, 0.130859375, 0.768188477, 0.75653568, 0.338374908, 0.559680844, 0, 0, 0, 0, 0, 0, 0, 0.231676318, -0.0153866211, -0.200594189, -0.164485975, 0.575134248, -0.801179962, 0.594482422, -0.590332031, -0.545898437, -0.787007706, -0.566029746, -0.244877615, 2, 1, 
108.890656, 0.1, 0.1, 0.0747219662, 0.203328464, -0.0199644855, -1.5249728e-005, -0.319340497, -0.947640041, -6.91051656e-005, 0.947640039, -0.319340496, 0.999999997, 6.06169662e-005, -3.65193307e-005, -4.6114244e-006, -0.319340738, -0.94763996, -6.92773543e-005, 0.947639957, -0.319340737, 0.999999998, 6.41773736e-005, -2.64930515e-005, 0, 0, 0, 0, 0, 0, 0, 0.150547168, -0.0557516846, -0.259807861, -0.182018336, 0.933916087, -0.30742554, -0.623413086, 0.132202148, 0.770507813, 0.760245939, 0.331989704, 0.558384559, 0, 0, 0, 0, 0, 0, 0, 0.231322217, -0.0173945801, -0.200310889, -0.166626361, 0.57549189, -0.800528112, 0.594482422, -0.588989258, -0.547241211, -0.786496214, -0.567096841, -0.244072646, 2, 1, 
108.891489, 0.1, 0.1, 0.0747219663, 0.203328459, -0.0199646319, 5.30038186e-006, -0.319339239, -0.947640465, 7.56857617e-005, 0.947640462, -0.319339238, 0.999999997, -7.00302705e-005, 2.91922898e-005, 7.11294063e-006, -0.319339469, -0.947640387, 6.39677206e-005, 0.947640385, -0.319339468, 0.999999998, -5.83469528e-005, 2.71679277e-005, 0, 0, 0, 0, 0, 0, 0, 0.150547168, -0.0557516846, -0.259807861, -0.182018336, 0.933916087, -0.30742554, -0.623413086, 0.132202148, 0.770507813, 0.760245939, 0.331989704, 0.558384559, 0, 0, 0, 0, 0, 0, 0, 0.231322217, -0.0173945801, -0.200310889, -0.166626361, 0.57549189, -0.800528112, 0.594482422, -0.588989258, -0.547241211, -0.786496214, -0.567096841, -0.244072646, 2, 1, 
108.89232, 0.1, 0.1, 0.0747219665, 0.203328455, -0.0199644975, 2.45334954e-005, -0.319338494, -0.947640716, -4.71184581e-005, 0.947640715, -0.319338494, 0.999999999, 5.24858589e-005, 8.20220172e-006, -2.59326853e-007, -0.319338551, -0.947640697, -2.67423002e-005, 0.947640696, -0.319338551, 1, 2.52592789e-005, -8.78559605e-006, 0, 0, 0, 0, 0, 0, 0, 0.150547168, -0.0557516846, -0.259807861, -0.182018336, 0.933916087, -0.30742554, -0.623413086, 0.132202148, 0.770507813, 0.760245939, 0.331989704, 0.558384559, 0, 0, 0, 0, 0, 0, 0, 0.231322217, -0.0173945801, -0.200310889, -0.166626361, 0.57549189, -0.800528112, 0.594482422, -0.588989258, -0.547241211, -0.786496214, -0.567096841, -0.244072646, 2, 1, 
108.89316, 0.1, 0.1, 0.0747219659, 0.203328462, -0.0199640918, -2.79429897e-005, -0.319338027, -0.947640873, 2.25257947e-005, 0.947640873, -0.319338028, 0.999999999, -3.0269623e-005, -1.92865764e-005, -2.12565536e-005, -0.319338176, -0.947640823, -2.00132835e-005, 0.947640823, -0.319338175, 1, 1.21773754e-005, -2.65345834e-005, 0, 0, 0, 0, 0, 0, 0, 0.150547168, -0.0557516846, -0.259807861, -0.182018336, 0.933916087, -0.30742554, -0.623413086, 0.132202148, 0.770507813, 0.760245939, 0.331989704, 0.558384559, 0, 0, 0, 0, 0, 0, 0, 0.231322217, -0.0173945801, -0.200310889, -0.166626361, 0.57549189, -0.800528112, 0.594482422, -0.588989258, -0.547241211, -0.786496214, -0.567096841, -0.244072646, 2, 1, 
108.893994, 0.1, 0.1, 0.0747219684, 0.20332845, -0.0199635611, -4.6790221e-006, -0.319337122, -0.947641178, 1.0188505e-005, 0.947641178, -0.319337122, 1, -1.11492323e-005, -1.18046617e-006, -8.20252782e-006, -0.319337307, -0.947641116, 4.36298184e-005, 0.947641115, -0.319337307, 0.999999999, -4.3964783e-005, 6.15957612e-006, 0, 0, 0, 0, 0, 0, 0, 0.150547168, -0.0557516846, -0.259807861, -0.182018336, 0.933916087, -0.30742554, -0.623413086, 0.132202148, 0.770507813, 0.760245939, 0.331989704, 0.558384559, 0, 0, 0, 0, 0, 0, 0, 0.231322217, -0.0173945801, -0.200310889, -0.166626361, 0.57549189, -0.800528112, 0.594482422, -0.588989258, -0.547241211, -0.786496214, -0.567096841, -0.244072646, 2, 1, 
108.894826, 0.1, 0.1, 0.0747219627, 0.203328462, -0.0199631717, 2.22499995e-005, -0.319336373, -0.94764143, -4.77806829e-005, 0.947641429, -0.319336373, 0.999999999, 5.23841889e-005, 5.8269114e-006, 2.17457861e-005, -0.319336527, -0.947641379, -6.73406722e-005, 0.947641376, -0.319336527, 0.999999997, 7.07590312e-005, -8.97129713e-007, 0, 0, 0, 0, 0, 0, 0, 0.150547168, -0.0557516846, -0.259807861, -0.182018336, 0.933916087, -0.30742554, -0.623413086, 0.132202148, 0.770507813, 0.760245939, 0.331989704, 0.558384559, 0, 0, 0, 0, 0, 0, 0, 0.231322217, -0.0173945801, -0.200310889, -0.166626361, 0.57549189, -0.800528112, 0.594482422, -0.588989258, -0.547241211, -0.786496214, -0.567096841, -0.244072646, 2, 1, 
108.895698, 0.1, 0.1, 0.074721965, 0.203328451, -0.0199624945, -2.19832503e-005, -0.319335682, -0.947641663, 6.48184771e-005, 0.947641661, -0.319335683, 0.999999998, -6.84447257e-005, -1.33391272e-007, -1.72448073e-005, -0.31933581, -0.94764162, 7.09716927e-005, 0.947641617, -0.319335811, 0.999999997, -7.27626144e-005, 6.32190595e-006, 0, 0, 0, 0, 0, 0, 0, 0.150688403, -0.0574441162, -0.259994458, -0.179503272, 0.936090048, -0.302210062, -0.619140625, 0.131225586, 0.774169922, 0.764420494, 0.326207337, 0.556198997, 0, 0, 0, 0, 0, 0, 0, 0.231355273, -0.0191797852, -0.200222754, -0.1699742, 0.576219933, -0.799352375, 0.595581055, -0.58605957, -0.549194336, -0.785006945, -0.569352432, -0.243580843, 2, 1, 
108.89653, 0.1, 0.1, 0.0747219655, 0.203328456, -0.0199622989, 5.374193e-006, -0.319335035, -0.947641882, -7.41178795e-005, 0.947641879, -0.319335034, 0.999999997, 7.19533749e-005, -1.85756253e-005, -5.60738501e-006, -0.319335139, -0.947641846, -6.46593291e-005, 0.947641844, -0.319335138, 0.999999998, 5.94832509e-005, -2.59617886e-005, 0, 0, 0, 0, 0, 0, 0, 0.150688403, -0.0574441162, -0.259994458, -0.179503272, 0.936090048, -0.302210062, -0.619140625, 0.131225586, 0.774169922, 0.764420494, 0.326207337, 0.556198997, 0, 0, 0, 0, 0, 0, 0, 0.231355273, -0.0191797852, -0.200222754, -0.1699742, 0.576219933, -0.799352375, 0.595581055, -0.58605957, -0.549194336, -0.785006945, -0.569352432, -0.243580843, 2, 1, 
