time, realDorsalTactorPos, realVentralTactorPos, boxPosX, boxPosY, boxPosZ, boxLocalRot_11, boxLocalRot_12, boxLocalRot_13, boxLocalRot_21, boxLocalRot_22, boxLocalRot_23, boxLocalRot_31, boxLocalRot_32, boxLocalRot_33, boxGlobalRot_11, boxGlobalRot_12, boxGlobalRot_13, boxGlobalRot_21, boxGlobalRot_22, boxGlobalRot_23, boxGlobalRot_31, boxGlobalRot_32, boxGlobalRot_33, indexForceX, indexForceY, indexForceZ, indexForceGlobalX, indexForceGlobalY, indexForceGlobalZ, indexContact, indexPosX, indexPosY, indexPosZ, indexRot_11, indexRot_12, indexRot_13, indexRot_21, indexRot_22, indexRot_23, indexRot_31, indexRot_32, indexRot_33, thumbForceX, thumbForceY, thumbForceZ, thumbForceGlobalX, thumbForceGlobalY, thumbForceGlobalZ, thumbContact, thumbPosX, thumbPosY, thumbPosZ, thumbRot_11, thumbRot_12, thumbRot_13, thumbRot_21, thumbRot_22, thumbRot_23, thumbRot_31, thumbRot_32, thumbRot_33, mapping, trialSuccess, 
147.938618, 0.1, 0.1, 0.124658296, 0.177086066, -0.0199584328, 0.929743619, -0.368207551, -3.89114391e-005, 0.368207552, 0.92974362, 1.88565676e-005, 2.92345317e-005, -3.18592592e-005, 0.999999999, 0.929743619, -0.368207553, -3.76306095e-005, 0.368207554, 0.929743618, 3.57234046e-005, 2.18331916e-005, -4.70694822e-005, 0.999999999, 0, 0, 0, 0, 0, 0, 0, 0.158946411, -0.17060918, -0.192256763, -0.0492365565, 0.809811364, -0.584544449, -0.627563477, 0.430297852, 0.648803711, 0.776910912, 0.398981672, 0.487211792, 0, 0, 0, 0, 0, 0, 0, 0.233302588, -0.135479834, -0.149348047, -0.0846678885, 0.118368562, -0.989324876, 0.619506836, -0.771240234, -0.145263672, -0.780336885, -0.625207341, -0.00799743542, 2, 1, 
147.967216, 0.1, 0.1, 0.124658269, 0.177086081, -0.0199542778, 0.929745361, -0.368203154, 3.71384803e-005, 0.368203154, 0.929745362, 5.40470295e-007, -3.47283327e-005, 1.31720058e-005, 0.999999999, 0.92974531, -0.368203281, 4.1570363e-005, 0.368203282, 0.929745311, -7.32778798e-006, -3.59517345e-005, 2.21193206e-005, 0.999999999, 0, 0, 0, 0, 0, 0, 0, 0.160877441, -0.173382593, -0.19160918, -0.0549747399, 0.802962604, -0.593437603, -0.630371094, 0.432983398, 0.644287109, 0.774235584, 0.409582988, 0.482564324, 0, 0, 0, 0, 0, 0, 0, 0.23493877, -0.1397375, -0.148867871, -0.0839329157, 0.10845191, -0.990493317, 0.62097168, -0.771606445, -0.137084961, -0.779154952, -0.626617851, -0.00271956419, 2, 1, 
147.968066, 0.1, 0.1, 0.124658274, 0.177086082, -0.0199569966, 0.929745446, -0.368202941, -7.97615645e-006, 0.368202941, 0.929745446, -2.85663056e-005, 1.79339929e-005, 2.36225483e-005, 1, 0.929745454, -0.36820292, -2.75219114e-005, 0.36820292, 0.929745454, -2.7350134e-005, 3.56587713e-005, 1.52950146e-005, 0.999999999, 0, 0, 0, 0, 0, 0, 0, 0.160877441, -0.173382593, -0.19160918, -0.0549747399, 0.802962604, -0.593437603, -0.630371094, 0.432983398, 0.644287109, 0.774235584, 0.409582988, 0.482564324, 0, 0, 0, 0, 0, 0, 0, 0.23493877, -0.1397375, -0.148867871, -0.0839329157, 0.10845191, -0.990493317, 0.62097168, -0.771606445, -0.137084961, -0.779154952, -0.626617851, -0.00271956419, 2, 1, 
147.968954, 0.1, 0.1, 0.124658271, 0.177086079, -0.0199613345, 0.929745251, -0.368203432, -1.19991421e-005, 0.368203432, 0.929745251, -1.62865492e-005, 1.71529087e-005, 1.07242165e-005, 1, 0.929745298, -0.368203316, 8.63162715e-006, 0.368203315, 0.929745298, 1.54952797e-005, -1.37306281e-005, -1.12284697e-005, 1, 0, 0, 0, 0, 0, 0, 0, 0.160727539, -0.173508179, -0.192576831, -0.0579507335, 0.804891683, -0.590480706, -0.629150391, 0.42980957, 0.647583008, 0.774954119, 0.409277452, 0.481725222, 0, 0, 0, 0, 0, 0, 0, 0.235104395, -0.139954639, -0.149067676, -0.0851531283, 0.108956473, -0.990301553, 0.622192383, -0.770385742, -0.138183594, -0.778055775, -0.627914989, -0.00220843815, 2, 1, 
147.969806, 0.1, 0.1, 0.124658273, 0.17708608, -0.0199655431, 0.929745111, -0.368203786, 1.92624239e-005, 0.368203786, 0.929745111, 1.48017241e-005, -2.33591953e-005, -6.66933325e-006, 1, 0.92974512, -0.368203764, 3.86091996e-006, 0.368203764, 0.92974512, 1.70415679e-005, -9.86444094e-006, -1.44227093e-005, 1, 0, 0, 0, 0, 0, 0, 0, 0.160727539, -0.173508179, -0.192576831, -0.0579507335, 0.804891683, -0.590480706, -0.629150391, 0.42980957, 0.647583008, 0.774954119, 0.409277452, 0.481725222, 0, 0, 0, 0, 0, 0, 0, 0.235104395, -0.139954639, -0.149067676, -0.0851531283, 0.108956473, -0.990301553, 0.622192383, -0.770385742, -0.138183594, -0.778055775, -0.627914989, -0.00220843815, 2, 1, 
147.970657, 0.1, 0.1, 0.124658275, 0.177086081, -0.0199684486, 0.929745197, -0.368203569, -2.69773341e-005, 0.368203569, 0.929745197, 1.05470119e-006, 2.46937021e-005, -1.09137541e-005, 1, 0.929745165, -0.368203649, -2.64528098e-005, 0.368203649, 0.929745166, -4.8329263e-006, 2.63738732e-005, -5.24663124e-006, 1, 0, 0, 0, 0, 0, 0, 0, 0.160727539, -0.173508179, -0.192576831, -0.0579507335, 0.804891683, -0.590480706, -0.629150391, 0.42980957, 0.647583008, 0.774954119, 0.409277452, 0.481725222, 0, 0, 0, 0, 0, 0, 0, 0.235104395, -0.139954639, -0.149067676, -0.0851531283, 0.108956473, -0.990301553, 0.622192383, -0.770385742, -0.138183594, -0.778055775, -0.627914989, -0.00220843815, 2, 1, 
147.971545, 0.1, 0.1, 0.12465827, 0.177086081, -0.0199686537, 0.929745368, -0.368203137, 1.31009075e-005, 0.368203137, 0.929745368, 8.77950569e-006, -1.54131496e-005, -3.33890953e-006, 1, 0.92974534, -0.368203207, 3.25003114e-005, 0.368203207, 0.929745341, -2.76361419e-006, -2.91994415e-005, 1.45361763e-005, 0.999999999, 0, 0, 0, 0, 0, 0, 0, 0.160945288, -0.174118091, -0.19315708, -0.0580963883, 0.806147532, -0.588735474, -0.628417969, 0.428710937, 0.649047852, 0.775595149, 0.407842626, 0.48181958, 0, 0, 0, 0, 0, 0, 0, 0.235278076, -0.140123438, -0.149284326, -0.0860667386, 0.110017005, -0.990167391, 0.622802734, -0.76965332, -0.139648437, -0.777538085, -0.628662722, -0.00231707993, 2, 1, 
147.972394, 0.1, 0.1, 0.124658271, 0.177086083, -0.0199667428, 0.929745354, -0.368203173, 2.349296e-005, 0.368203173, 0.929745354, -5.70238692e-006, -1.97428334e-005, 1.39519502e-005, 1, 0.929745373, -0.368203126, 2.52831139e-006, 0.368203126, 0.929745373, -2.26529095e-005, 5.99018626e-006, 2.19923699e-005, 1, 0, 0, 0, 0, 0, 0, 0, 0.160945288, -0.174118091, -0.19315708, -0.0580963883, 0.806147532, -0.588735474, -0.628417969, 0.428710937, 0.649047852, 0.775595149, 0.407842626, 0.48181958, 0, 0, 0, 0, 0, 0, 0, 0.235278076, -0.140123438, -0.149284326, -0.0860667386, 0.110017005, -0.990167391, 0.622802734, -0.76965332, -0.139648437, -0.777538085, -0.628662722, -0.00231707993, 2, 1, 
147.973253, 0.1, 0.1, 0.12465827, 0.177086083, -0.0199635201, 0.929745165, -0.36820365, -2.2647111e-005, 0.368203649, 0.929745165, -3.03678908e-005, 3.22376102e-005, 1.98956508e-005, 0.999999999, 0.929745203, -0.368203555, -1.1631917e-005, 0.368203555, 0.929745203, -1.98340545e-005, 1.81176884e-005, 1.41577038e-005, 1, 0, 0, 0, 0, 0, 0, 0, 0.160945288, -0.174118091, -0.19315708, -0.0580963883, 0.806147532, -0.588735474, -0.628417969, 0.428710937, 0.649047852, 0.775595149, 0.407842626, 0.48181958, 0, 0, 0, 0, 0, 0, 0, 0.235278076, -0.140123438, -0.149284326, -0.0860667386, 0.110017005, -0.990167391, 0.622802734, -0.76965332, -0.139648437, -0.777538085, -0.628662722, -0.00231707993, 2, 1, 
147.974109, 0.1, 0.1, 0.124658269, 0.177086081, -0.0199602361, 0.929745093, -0.36820383, 3.19391475e-005, 0.36820383, 0.929745094, -3.60507873e-006, -2.83678619e-005, 1.51119207e-005, 0.999999999, 0.929745086, -0.368203848, 2.55861863e-005, 0.368203848, 0.929745087, 1.84737321e-005, -3.05907303e-005, -7.75492938e-006, 1, 0, 0, 0, 0, 0, 0, 0, 0.160945288, -0.174118091, -0.19315708, -0.0580963883, 0.806147532, -0.588735474, -0.628417969, 0.428710937, 0.649047852, 0.775595149, 0.407842626, 0.48181958, 0, 0, 0, 0, 0, 0, 0, 0.235278076, -0.140123438, -0.149284326, -0.0860667386, 0.110017005, -0.990167391, 0.622802734, -0.76965332, -0.139648437, -0.777538085, -0.628662722, -0.00231707993, 2, 1, 
147.974965, 0.1, 0.1, 0.124658274, 0.177086082, -0.0199580379, 0.929745284, -0.368203351, -1.84805987e-005, 0.368203351, 0.929745284, 4.5681388e-006, 1.55002455e-005, -1.10518239e-005, 1, 0.929745232, -0.368203478, -3.90530256e-005, 0.368203479, 0.929745233, 5.29982112e-006, 3.43579518e-005, -1.93069433e-005, 0.999999999, 0, 0, 0, 0, 0, 0, 0, 0.160945288, -0.174118091, -0.19315708, -0.0580963883, 0.806147532, -0.588735474, -0.628417969, 0.428710937, 0.649047852, 0.775595149, 0.407842626, 0.48181958, 0, 0, 0, 0, 0, 0, 0, 0.235278076, -0.140123438, -0.149284326, -0.0860667386, 0.110017005, -0.990167391, 0.622802734, -0.76965332, -0.139648437, -0.777538085, -0.628662722, -0.00231707993, 2, 1, 
147.975852, 0.1, 0.1, 0.124658271, 0.17708608, -0.0199575694, 0.929745498, -0.368202809, -2.77886151e-005, 0.36820281, 0.929745498, 1.29877026e-005, 2.10542312e-005, -2.23071042e-005, 1, 0.929745476, -0.368202865, 8.51278545e-006, 0.368202865, 0.929745476, 1.97222704e-005, -1.51765202e-005, -1.52022597e-005, 1, 0, 0, 0, 0, 0, 0, 0, 0.161740234, -0.174059985, -0.193288403, -0.0598618381, 0.807176472, -0.587090592, -0.631469727, 0.424926758, 0.64855957, 0.773032154, 0.409657128, 0.484401671, 0, 0, 0, 0, 0, 0, 0, 0.235278076, -0.140123438, -0.149284326, -0.0854338444, 0.110540524, -0.990148435, 0.625610352, -0.767456055, -0.139648437, -0.77538494, -0.631308037, -0.00366525733, 2, 1, 
147.976703, 0.1, 0.1, 0.124658272, 0.177086081, -0.0199585757, 0.929745423, -0.368202999, 2.74416101e-005, 0.368202998, 0.929745423, 2.1370679e-005, -3.33824595e-005, -9.76520785e-006, 0.999999999, 0.929745464, -0.368202895, 2.13987445e-005, 0.368202895, 0.929745464, -5.71271617e-006, -1.7791947e-005, 1.31904516e-005, 1, 0, 0, 0, 0, 0, 0, 0, 0.161740234, -0.174059985, -0.193288403, -0.0598618381, 0.807176472, -0.587090592, -0.631469727, 0.424926758, 0.64855957, 0.773032154, 0.409657128, 0.484401671, 0, 0, 0, 0, 0, 0, 0, 0.235811719, -0.139921191, -0.149311426, -0.0854338444, 0.110540524, -0.990148435, 0.625610352, -0.767456055, -0.139648437, -0.77538494, -0.631308037, -0.00366525733, 2, 1, 
147.977559, 0.1, 0.1, 0.124658273, 0.177086083, -0.0199609695, 0.929745196, -0.368203572, -2.26629358e-005, 0.368203572, 0.929745196, -2.49598828e-005, 3.02610736e-005, 1.48617572e-005, 0.999999999, 0.929745236, -0.36820347, -2.10420044e-005, 0.36820347, 0.929745236, -3.21370028e-005, 3.13966593e-005, 2.21314863e-005, 0.999999999, 0, 0, 0, 0, 0, 0, 0, 0.161740234, -0.174059985, -0.193288403, -0.0598618381, 0.807176472, -0.587090592, -0.631469727, 0.424926758, 0.64855957, 0.773032154, 0.409657128, 0.484401671, 0, 0, 0, 0, 0, 0, 0, 0.235811719, -0.139921191, -0.149311426, -0.0854338444, 0.110540524, -0.990148435, 0.625610352, -0.767456055, -0.139648437, -0.77538494, -0.631308037, -0.00366525733, 2, 1, 
147.978406, 0.1, 0.1, 0.12465827, 0.177086081, -0.0199638371, 0.929745134, -0.368203727, 2.14414592e-005, 0.368203728, 0.929745134, -1.60223903e-005, -1.40355886e-005, 2.27915646e-005, 1, 0.929745126, -0.368203748, 3.29449741e-005, 0.368203748, 0.929745126, -4.43809331e-006, -2.89963065e-005, 1.62567586e-005, 0.999999999, 0, 0, 0, 0, 0, 0, 0, 0.161740234, -0.174059985, -0.193288403, -0.0598618381, 0.807176472, -0.587090592, -0.631469727, 0.424926758, 0.64855957, 0.773032154, 0.409657128, 0.484401671, 0, 0, 0, 0, 0, 0, 0, 0.235811719, -0.139921191, -0.149311426, -0.0854338444, 0.110540524, -0.990148435, 0.625610352, -0.767456055, -0.139648437, -0.77538494, -0.631308037, -0.00366525733, 2, 1, 
147.97926, 0.1, 0.1, 0.124658273, 0.177086082, -0.0199661521, 0.929745295, -0.368203322, 1.82034285e-005, 0.368203322, 0.929745295, -5.34356461e-006, -1.49570338e-005, 1.16707169e-005, 1, 0.929745255, -0.368203423, -1.36068025e-005, 0.368203423, 0.929745255, 2.03582865e-006, 1.19012609e-005, -6.90287327e-006, 1, 0, 0, 0, 0, 0, 0, 0, 0.161740234, -0.174059985, -0.193288403, -0.0598618381, 0.807176472, -0.587090592, -0.631469727, 0.424926758, 0.64855957, 0.773032154, 0.409657128, 0.484401671, 0, 0, 0, 0, 0, 0, 0, 0.235811719, -0.139921191, -0.149311426, -0.0854338444, 0.110540524, -0.990148435, 0.625610352, -0.767456055, -0.139648437, -0.77538494, -0.631308037, -0.00366525733, 2, 1, 
147.980109, 0.1, 0.1, 0.124658272, 0.177086081, -0.0199670871, 0.92974541, -0.368203031, -2.73571329e-005, 0.368203031, 0.92974541, -1.79797133e-006, 2.60971873e-005, -8.40132368e-006, 1, 0.929745405, -0.368203043, -1.8373989e-005, 0.368203043, 0.929745405, 9.1496145e-006, 1.37142159e-005, -1.52721707e-005, 1, 0, 0, 0, 0, 0, 0, 0, 0.161740234, -0.174059985, -0.193288403, -0.0598618381, 0.807176472, -0.587090592, -0.631469727, 0.424926758, 0.64855957, 0.773032154, 0.409657128, 0.484401671, 0, 0, 0, 0, 0, 0, 0, 0.235811719, -0.139921191, -0.149311426, -0.0854338444, 0.110540524, -0.990148435, 0.625610352, -0.767456055, -0.139648437, -0.77538494, -0.631308037, -0.00366525733, 2, 1, 
147.980999, 0.1, 0.1, 0.12465827, 0.17708608, -0.0199660368, 0.929745299, -0.368203312, 1.85312925e-005, 0.368203311, 0.929745299, 2.68477071e-005, -2.71147968e-005, -1.81382462e-005, 0.999999999, 0.929745336, -0.368203219, 2.33819348e-005, 0.368203218, 0.929745336, 2.20514066e-005, -2.98586437e-005, -1.18928888e-005, 0.999999999, 0, 0, 0, 0, 0, 0, 0, 0.161677637, -0.175003003, -0.19270144, -0.0567330764, 0.806262108, -0.588740344, -0.631347656, 0.427734375, 0.646728516, 0.773278158, 0.40856603, 0.48491015, 0, 0, 0, 0, 0, 0, 0, 0.235872998, -0.140602393, -0.14910332, -0.0844243521, 0.110259441, -0.990218797, 0.625366211, -0.767822266, -0.138793945, -0.775647066, -0.630969352, -0.00416362355, 2, 1, 
147.981893, 0.1, 0.1, 0.124658274, 0.177086081, -0.0199635143, 0.929745103, -0.368203806, -1.65479733e-005, 0.368203806, 0.929745103, 1.24409309e-005, 1.08045991e-005, -1.76599213e-005, 1, 0.929745142, -0.368203708, -2.52039372e-005, 0.368203707, 0.929745142, -1.83586678e-005, 3.01929678e-005, 7.7886991e-006, 1, 0, 0, 0, 0, 0, 0, 0, 0.161677637, -0.175003003, -0.19270144, -0.0567330764, 0.806262108, -0.588740344, -0.631347656, 0.427734375, 0.646728516, 0.773278158, 0.40856603, 0.48491015, 0, 0, 0, 0, 0, 0, 0, 0.235872998, -0.140602393, -0.14910332, -0.0844243521, 0.110259441, -0.990218797, 0.625366211, -0.767822266, -0.138793945, -0.775647066, -0.630969352, -0.00416362355, 2, 1, 
147.982743, 0.1, 0.1, 0.124658271, 0.177086079, -0.0199605778, 0.929745129, -0.368203741, -1.50778802e-005, 0.368203741, 0.929745129, -1.78370131e-005, 2.05862406e-005, 1.10321441e-005, 1, 0.929745103, -0.368203806, 1.68747193e-005, 0.368203806, 0.929745103, -1.34644558e-005, -1.07315238e-005, 1.87318477e-005, 1, 0, 0, 0, 0, 0, 0, 0, 0.161677637, -0.175003003, -0.19270144, -0.0567330764, 0.806262108, -0.588740344, -0.631347656, 0.427734375, 0.646728516, 0.773278158, 0.40856603, 0.48491015, 0, 0, 0, 0, 0, 0, 0, 0.235872998, -0.140602393, -0.14910332, -0.0844243521, 0.110259441, -0.990218797, 0.625366211, -0.767822266, -0.138793945, -0.775647066, -0.630969352, -0.00416362355, 2, 1, 
147.983608, 0.1, 0.1, 0.124658273, 0.177086079, -0.0199585143, 0.929745361, -0.368203153, 4.1204682e-005, 0.368203154, 0.929745362, -1.04544684e-005, -3.44604937e-005, 2.48916874e-005, 0.999999999, 0.929745316, -0.368203267, 2.38247609e-005, 0.368203268, 0.929745316, -8.73554487e-006, -1.89345037e-005, 1.68941867e-005, 1, 0, 0, 0, 0, 0, 0, 0, 0.161677637, -0.175003003, -0.19270144, -0.0567330764, 0.806262108, -0.588740344, -0.631347656, 0.427734375, 0.646728516, 0.773278158, 0.40856603, 0.48491015, 0, 0, 0, 0, 0, 0, 0, 0.235634863, -0.141288721, -0.149098193, -0.0846799151, 0.110016638, -0.990257077, 0.625366211, -0.767700195, -0.138793945, -0.775551184, -0.630994872, -0.00379941875, 2, 1, 
147.984452, 0.1, 0.1, 0.124658274, 0.17708608, -0.0199581405, 0.929745466, -0.368202889, -2.18138357e-005, 0.368202888, 0.929745466, -3.1876208e-005, 3.20182267e-005, 2.16048426e-005, 0.999999999, 0.929745468, -0.368202884, -3.22191832e-005, 0.368202884, 0.929745468, -1.00689931e-005, 3.36630718e-005, -2.50159545e-006, 0.999999999, 0, 0, 0, 0, 0, 0, 0, 0.161677637, -0.175003003, -0.19270144, -0.0567330764, 0.806262108, -0.588740344, -0.631347656, 0.427734375, 0.646728516, 0.773278158, 0.40856603, 0.48491015, 0, 0, 0, 0, 0, 0, 0, 0.235634863, -0.141288721, -0.149098193, -0.0846799151, 0.110016638, -0.990257077, 0.625366211, -0.767700195, -0.138793945, -0.775551184, -0.630994872, -0.00379941875, 2, 1, 
147.985311, 0.1, 0.1, 0.12465827, 0.17708608, -0.0199594331, 0.929745298, -0.368203314, 1.25162914e-005, 0.368203314, 0.929745298, 9.62174762e-006, -1.51797225e-005, -4.33723462e-006, 1, 0.929745344, -0.368203197, 2.61101535e-005, 0.368203197, 0.929745344, 2.319051e-005, -3.28146136e-005, -1.19474267e-005, 0.999999999, 0, 0, 0, 0, 0, 0, 0, 0.161677637, -0.175003003, -0.19270144, -0.0567330764, 0.806262108, -0.588740344, -0.631347656, 0.427734375, 0.646728516, 0.773278158, 0.40856603, 0.48491015, 0, 0, 0, 0, 0, 0, 0, 0.235634863, -0.141288721, -0.149098193, -0.0846799151, 0.110016638, -0.990257077, 0.625366211, -0.767700195, -0.138793945, -0.775551184, -0.630994872, -0.00379941875, 2, 1, 
147.986188, 0.1, 0.1, 0.124658274, 0.177086083, -0.0199614998, 0.929745097, -0.368203822, 7.09199215e-006, 0.368203822, 0.929745097, 1.33365339e-005, -1.15043077e-005, -9.7882784e-006, 1, 0.929745117, -0.368203772, -1.90607942e-005, 0.368203772, 0.929745117, -4.4464364e-006, 1.9358875e-005, -2.88420381e-006, 1, 0, 0, 0, 0, 0, 0, 0, 0.161016577, -0.175421533, -0.192883911, -0.0566435878, 0.806896024, -0.58789038, -0.629760742, 0.428100586, 0.648193359, 0.774623496, 0.407106117, 0.484033977, 0, 0, 0, 0, 0, 0, 0, 0.235634863, -0.141288721, -0.149098193, -0.0846799151, 0.110016638, -0.990257077, 0.625366211, -0.767700195, -0.138793945, -0.775551184, -0.630994872, -0.00379941875, 2, 1, 
147.987043, 0.1, 0.1, 0.124658273, 0.177086085, -0.0199637736, 0.929745147, -0.368203694, -3.11866873e-005, 0.368203694, 0.929745148, -5.90750568e-006, 3.11708366e-005, -5.99057872e-006, 0.999999999, 0.929745115, -0.368203777, -1.12910882e-005, 0.368203777, 0.929745115, -2.14615008e-005, 1.84000398e-005, 1.57963042e-005, 1, 0, 0, 0, 0, 0, 0, 0, 0.161016577, -0.175421533, -0.192883911, -0.0566435878, 0.806896024, -0.58789038, -0.629760742, 0.428100586, 0.648193359, 0.774623496, 0.407106117, 0.484033977, 0, 0, 0, 0, 0, 0, 0, 0.235634863, -0.141288721, -0.149098193, -0.0846799151, 0.110016638, -0.990257077, 0.625366211, -0.767700195, -0.138793945, -0.775551184, -0.630994872, -0.00379941875, 2, 1, 
147.987941, 0.1, 0.1, 0.124658271, 0.177086084, -0.0199653714, 0.929745345, -0.368203196, 2.93011459e-005, 0.368203196, 0.929745345, 3.61852806e-006, -2.85749576e-005, 7.42446593e-006, 1, 0.929745303, -0.368203299, 3.33866469e-005, 0.3682033, 0.929745304, -5.08333997e-006, -2.91693756e-005, 1.7019285e-005, 0.999999999, 0, 0, 0, 0, 0, 0, 0, 0.161016577, -0.175421533, -0.192883911, -0.0563069729, 0.805931484, -0.589185543, -0.62902832, 0.4296875, 0.647827148, 0.775188141, 0.407258885, 0.482879599, 0, 0, 0, 0, 0, 0, 0, 0.235634863, -0.141288721, -0.149098193, -0.0846799151, 0.110016638, -0.990257077, 0.625366211, -0.767700195, -0.138793945, -0.775551184, -0.630994872, -0.00379941875, 2, 1, 
147.988809, 0.1, 0.1, 0.124658274, 0.177086084, -0.0199650825, 0.92974538, -0.368203109, -2.30426766e-006, 0.368203108, 0.929745379, -1.60851966e-005, 8.0650016e-006, 1.41066987e-005, 1, 0.929745392, -0.368203075, -1.91524822e-005, 0.368203075, 0.929745393, -1.57263075e-005, 2.35974069e-005, 7.56945914e-006, 1, 0, 0, 0, 0, 0, 0, 0, 0.161035498, -0.176140088, -0.192730371, -0.0563069729, 0.805931484, -0.589185543, -0.62902832, 0.4296875, 0.647827148, 0.775188141, 0.407258885, 0.482879599, 0, 0, 0, 0, 0, 0, 0, 0.23585957, -0.142008008, -0.148874707, -0.0845074742, 0.109103028, -0.990442277, 0.62487793, -0.768310547, -0.137939453, -0.77602403, -0.630477183, -0.00320517058, 2, 1, 
147.98966, 0.1, 0.1, 0.124658271, 0.17708608, -0.0199640344, 0.929745198, -0.368203567, -8.9239675e-006, 0.368203566, 0.929745198, -1.3327556e-005, 1.32042696e-005, 9.10539454e-006, 1, 0.929745242, -0.368203457, 1.03795938e-005, 0.368203457, 0.929745242, 1.67306875e-005, -1.58106749e-005, -1.17334748e-005, 1, 0, 0, 0, 0, 0, 0, 0, 0.161035498, -0.176140088, -0.192730371, -0.0563069729, 0.805931484, -0.589185543, -0.62902832, 0.4296875, 0.647827148, 0.775188141, 0.407258885, 0.482879599, 0, 0, 0, 0, 0, 0, 0, 0.23585957, -0.142008008, -0.148874707, -0.0845074742, 0.109103028, -0.990442277, 0.62487793, -0.768310547, -0.137939453, -0.77602403, -0.630477183, -0.00320517058, 2, 1, 
147.990514, 0.1, 0.1, 0.124658272, 0.177086079, -0.0199626226, 0.929745067, -0.368203896, 2.51256508e-005, 0.368203896, 0.929745068, 1.89095906e-005, -3.03230349e-005, -8.32973607e-006, 1, 0.929745074, -0.36820388, 1.01242903e-005, 0.36820388, 0.929745074, 2.23982609e-005, -1.76601356e-005, -1.70968698e-005, 1, 0, 0, 0, 0, 0, 0, 0, 0.161035498, -0.176140088, -0.192730371, -0.0563069729, 0.805931484, -0.589185543, -0.62902832, 0.4296875, 0.647827148, 0.775188141, 0.407258885, 0.482879599, 0, 0, 0, 0, 0, 0, 0, 0.23585957, -0.142008008, -0.148874707, -0.0845074742, 0.109103028, -0.990442277, 0.62487793, -0.768310547, -0.137939453, -0.77602403, -0.630477183, -0.00320517058, 2, 1, 
147.991359, 0.1, 0.1, 0.124658274, 0.177086081, -0.019961442, 0.929745182, -0.368203604, -3.65125101e-005, 0.368203605, 0.929745183, 2.03930031e-006, 3.31964526e-005, -1.53400675e-005, 0.999999999, 0.929745143, -0.368203705, -3.54099162e-005, 0.368203705, 0.929745143, -4.68924058e-006, 3.46487933e-005, -8.67826367e-006, 0.999999999, 0, 0, 0, 0, 0, 0, 0, 0.161035498, -0.176140088, -0.192730371, -0.0563069729, 0.805931484, -0.589185543, -0.62902832, 0.4296875, 0.647827148, 0.775188141, 0.407258885, 0.482879599, 0, 0, 0, 0, 0, 0, 0, 0.23585957, -0.142008008, -0.148874707, -0.0845074742, 0.109103028, -0.990442277, 0.62487793, -0.768310547, -0.137939453, -0.77602403, -0.630477183, -0.00320517058, 2, 1, 
147.992215, 0.1, 0.1, 0.124658271, 0.177086081, -0.0199608432, 0.929745388, -0.368203087, 7.94322242e-006, 0.368203087, 0.929745388, 1.17494869e-005, -1.17113718e-005, -7.99931228e-006, 1, 0.929745354, -0.368203173, 3.16680699e-005, 0.368203173, 0.929745354, -2.57390608e-006, -2.84955205e-005, 1.4053361e-005, 0.999999999, 0, 0, 0, 0, 0, 0, 0, 0.161035498, -0.176140088, -0.192730371, -0.0563069729, 0.805931484, -0.589185543, -0.62902832, 0.4296875, 0.647827148, 0.775188141, 0.407258885, 0.482879599, 0, 0, 0, 0, 0, 0, 0, 0.23585957, -0.142008008, -0.148874707, -0.0845074742, 0.109103028, -0.990442277, 0.62487793, -0.768310547, -0.137939453, -0.77602403, -0.630477183, -0.00320517058, 2, 1, 
147.993104, 0.1, 0.1, 0.124658274, 0.177086084, -0.0199605489, 0.929745365, -0.368203145, 2.03215175e-005, 0.368203145, 0.929745365, -1.03108011e-005, -1.50973673e-005, 1.70688662e-005, 1, 0.929745389, -0.368203084, -4.78474659e-006, 0.368203084, 0.929745389, -3.01983346e-005, 1.5567716e-005, 2.63150039e-005, 1, 0, 0, 0, 0, 0, 0, 0, 0.162018408, -0.176121411, -0.19292395, -0.0587767312, 0.806129558, -0.58869616, -0.631713867, 0.426635742, 0.647216797, 0.77286029, 0.410070127, 0.484408784, 0, 0, 0, 0, 0, 0, 0, 0.236339746, -0.141848486, -0.148878125, -0.0843922693, 0.108661898, -0.990416758, 0.626586914, -0.767089844, -0.137451172, -0.774784495, -0.632119202, -0.00344797378, 2, 1, 
147.993959, 0.1, 0.1, 0.124658274, 0.177086083, -0.0199609141, 0.929745133, -0.368203731, -2.34314075e-005, 0.36820373, 0.929745133, -2.85255994e-005, 3.22884692e-005, 1.78940056e-005, 0.999999999, 0.929745179, -0.368203615, -1.23068088e-005, 0.368203615, 0.929745179, -1.79404075e-005, 1.8047919e-005, 1.21485959e-005, 1, 0, 0, 0, 0, 0, 0, 0, 0.162018408, -0.176121411, -0.19292395, -0.0587767312, 0.806129558, -0.58869616, -0.631713867, 0.426635742, 0.647216797, 0.77286029, 0.410070127, 0.484408784, 0, 0, 0, 0, 0, 0, 0, 0.236339746, -0.141848486, -0.148878125, -0.0843922693, 0.108661898, -0.990416758, 0.626586914, -0.767089844, -0.137451172, -0.774784495, -0.632119202, -0.00344797378, 2, 1, 
147.994815, 0.1, 0.1, 0.124658273, 0.177086081, -0.0199619476, 0.929745025, -0.368204003, 3.23794239e-005, 0.368204003, 0.929745025, 2.50967099e-006, -3.10286792e-005, 9.5888794e-006, 0.999999999, 0.929745024, -0.368204004, 2.47791909e-005, 0.368204004, 0.929745025, 2.36890117e-005, -3.17607185e-005, -1.29009435e-005, 0.999999999, 0, 0, 0, 0, 0, 0, 0, 0.162018408, -0.176121411, -0.19292395, -0.0587767312, 0.806129558, -0.58869616, -0.631713867, 0.426635742, 0.647216797, 0.77286029, 0.410070127, 0.484408784, 0, 0, 0, 0, 0, 0, 0, 0.236339746, -0.141848486, -0.148878125, -0.0843922693, 0.108661898, -0.990416758, 0.626586914, -0.767089844, -0.137451172, -0.774784495, -0.632119202, -0.00344797378, 2, 1, 
147.995664, 0.1, 0.1, 0.124658276, 0.17708608, -0.0199631308, 0.929745165, -0.368203651, -1.22547953e-005, 0.368203651, 0.929745165, 1.05599238e-005, 7.50563415e-006, -1.43302985e-005, 1, 0.929745124, -0.368203752, -3.01593631e-005, 0.368203752, 0.929745125, 1.10260642e-005, 2.39806826e-005, -2.13562201e-005, 0.999999999, 0, 0, 0, 0, 0, 0, 0, 0.162018408, -0.176121411, -0.19292395, -0.0587767312, 0.806129558, -0.58869616, -0.631713867, 0.426635742, 0.647216797, 0.77286029, 0.410070127, 0.484408784, 0, 0, 0, 0, 0, 0, 0, 0.236339746, -0.141848486, -0.148878125, -0.0843922693, 0.108661898, -0.990416758, 0.626586914, -0.767089844, -0.137451172, -0.774784495, -0.632119202, -0.00344797378, 2, 1, 
147.996513, 0.1, 0.1, 0.124658271, 0.177086077, -0.0199641103, 0.92974533, -0.368203233, -1.42660531e-005, 0.368203233, 0.92974533, 1.39824493e-005, 8.1154132e-006, -1.82529238e-005, 1, 0.929745314, -0.368203274, 1.41919029e-005, 0.368203274, 0.929745314, 1.93262301e-005, -2.03108365e-005, -1.27429668e-005, 1, 0, 0, 0, 0, 0, 0, 0, 0.162018408, -0.176121411, -0.19292395, -0.0587767312, 0.806129558, -0.58869616, -0.631713867, 0.426635742, 0.647216797, 0.77286029, 0.410070127, 0.484408784, 0, 0, 0, 0, 0, 0, 0, 0.236339746, -0.141848486, -0.148878125, -0.0843922693, 0.108661898, -0.990416758, 0.626586914, -0.767089844, -0.137451172, -0.774784495, -0.632119202, -0.00344797378, 2, 1, 
147.997364, 0.1, 0.1, 0.124658271, 0.177086078, -0.0199646023, 0.929745265, -0.368203397, 2.54065256e-005, 0.368203397, 0.929745265, 1.95162173e-005, -3.08075344e-005, -8.79034162e-006, 0.999999999, 0.929745299, -0.368203311, 2.19331101e-005, 0.368203312, 0.929745299, -3.14816779e-006, -1.92330402e-005, 1.1002838e-005, 1, 0, 0, 0, 0, 0, 0, 0, 0.162018408, -0.176121411, -0.19292395, -0.0587767312, 0.806129558, -0.58869616, -0.631713867, 0.426635742, 0.647216797, 0.77286029, 0.410070127, 0.484408784, 0, 0, 0, 0, 0, 0, 0, 0.236339746, -0.141848486, -0.148878125, -0.0843922693, 0.108661898, -0.990416758, 0.626586914, -0.767089844, -0.137451172, -0.774784495, -0.632119202, -0.00344797378, 2, 1, 
147.998261, 0.1, 0.1, 0.124658273, 0.177086079, -0.0199638342, 0.929745056, -0.368203925, -2.69888822e-005, 0.368203924, 0.929745056, -2.54183311e-005, 3.44519091e-005, 1.36951554e-005, 0.999999999, 0.929745091, -0.368203836, -2.52514725e-005, 0.368203835, 0.929745091, -3.2306385e-005, 3.53727675e-005, 2.07390139e-005, 0.999999999, 0, 0, 0, 0, 0, 0, 0, 0.163339185, -0.176366626, -0.19273147, -0.0589748045, 0.805546938, -0.589437539, -0.635131836, 0.425292969, 0.64465332, 0.770049047, 0.412634244, 0.486750862, 0, 0, 0, 0, 0, 0, 0, 0.237072949, -0.141882178, -0.148893262, -0.0837659383, 0.108546693, -0.99048712, 0.627807617, -0.766113281, -0.136962891, -0.773736723, -0.633358738, -0.00394634, 2, 1, 
147.999145, 0.1, 0.1, 0.12465827, 0.177086078, -0.0199622544, 0.929745023, -0.368204009, 1.72302885e-005, 0.368204009, 0.929745023, -1.8930943e-005, -9.04932584e-006, 2.39452114e-005, 1, 0.929745008, -0.368204047, 3.04277426e-005, 0.368204047, 0.929745008, -6.5385596e-006, -2.58825177e-005, 1.72828111e-005, 1, 0, 0, 0, 0, 0, 0, 0, 0.163339185, -0.176366626, -0.19273147, -0.0589748045, 0.805546938, -0.589437539, -0.635131836, 0.425292969, 0.64465332, 0.770049047, 0.412634244, 0.486750862, 0, 0, 0, 0, 0, 0, 0, 0.237072949, -0.141882178, -0.148893262, -0.0837659383, 0.108546693, -0.99048712, 0.627807617, -0.766113281, -0.136962891, -0.773736723, -0.633358738, -0.00394634, 2, 1, 
148.000014, 0.1, 0.1, 0.124658274, 0.17708608, -0.019960896, 0.92974523, -0.368203487, 2.40558002e-005, 0.368203487, 0.92974523, -1.00871342e-005, -1.86516475e-005, 1.82358944e-005, 1, 0.929745175, -0.368203624, -1.73231144e-005, 0.368203624, 0.929745175, -2.69087871e-007, 1.62051612e-005, -6.12825036e-006, 1, 0, 0, 0, 0, 0, 0, 0, 0.163339185, -0.176366626, -0.19273147, -0.0600430589, 0.805155279, -0.58986739, -0.640258789, 0.422241211, 0.641601563, 0.76564534, 0.416404035, 0.490279518, 0, 0, 0, 0, 0, 0, 0, 0.237072949, -0.141882178, -0.148893262, -0.0837659383, 0.108546693, -0.99048712, 0.627807617, -0.766113281, -0.136962891, -0.773736723, -0.633358738, -0.00394634, 2, 1, 
148.000886, 0.1, 0.1, 0.124658272, 0.177086079, -0.0199597844, 0.929745379, -0.368203109, -3.05233732e-005, 0.368203109, 0.92974538, -6.87335951e-006, 3.09097576e-005, -4.84832667e-006, 1, 0.929745372, -0.368203126, -1.97404443e-005, 0.368203126, 0.929745373, 6.19620145e-006, 1.6072126e-005, -1.30293829e-005, 1, 0, 0, 0, 0, 0, 0, 0, 0.164610645, -0.175928687, -0.192072974, -0.0600430589, 0.805155279, -0.58986739, -0.640258789, 0.422241211, 0.641601563, 0.76564534, 0.416404035, 0.490279518, 0, 0, 0, 0, 0, 0, 0, 0.23761123, -0.14195249, -0.148698584, -0.0828009221, 0.107971401, -0.990640604, 0.629516602, -0.764892578, -0.135986328, -0.772407869, -0.634892116, -0.00482167083, 2, 1, 
148.001737, 0.1, 0.1, 0.12465827, 0.17708608, -0.019959881, 0.929745261, -0.368203407, 2.28955982e-005, 0.368203406, 0.929745261, 2.71609842e-005, -3.12878408e-005, -1.68225591e-005, 0.999999999, 0.929745303, -0.368203302, 2.77894115e-005, 0.368203301, 0.929745303, 2.04834978e-005, -3.33791663e-005, -8.81228286e-006, 0.999999999, 0, 0, 0, 0, 0, 0, 0, 0.164610645, -0.175928687, -0.192072974, -0.0600430589, 0.805155279, -0.58986739, -0.640258789, 0.422241211, 0.641601563, 0.76564534, 0.416404035, 0.490279518, 0, 0, 0, 0, 0, 0, 0, 0.23761123, -0.14195249, -0.148698584, -0.0828009221, 0.107971401, -0.990640604, 0.629516602, -0.764892578, -0.135986328, -0.772407869, -0.634892116, -0.00482167083, 2, 1, 
148.002594, 0.1, 0.1, 0.124658274, 0.177086082, -0.0199609753, 0.929745046, -0.368203951, -2.12292569e-005, 0.368203951, 0.929745046, 4.58761085e-006, 1.804862e-005, -1.20820047e-005, 1, 0.929745081, -0.368203862, -2.80588115e-005, 0.368203861, 0.929745081, -2.22570288e-005, 3.42826659e-005, 1.03620003e-005, 0.999999999, 0, 0, 0, 0, 0, 0, 0, 0.164610645, -0.175928687, -0.192072974, -0.0600430589, 0.805155279, -0.58986739, -0.640258789, 0.422241211, 0.641601563, 0.76564534, 0.416404035, 0.490279518, 0, 0, 0, 0, 0, 0, 0, 0.23761123, -0.14195249, -0.148698584, -0.0828009221, 0.107971401, -0.990640604, 0.629516602, -0.764892578, -0.135986328, -0.772407869, -0.634892116, -0.00482167083, 2, 1, 
148.003446, 0.1, 0.1, 0.124658271, 0.17708608, -0.0199625666, 0.929745056, -0.368203926, -1.29238962e-005, 0.368203926, 0.929745056, -1.46695912e-005, 1.74173297e-005, 8.88035051e-006, 1, 0.929745035, -0.368203979, 1.68897833e-005, 0.368203979, 0.929745035, -1.16849072e-005, -1.14007628e-005, 1.70828699e-005, 1, 0, 0, 0, 0, 0, 0, 0, 0.164610645, -0.175928687, -0.192072974, -0.0600430589, 0.805155279, -0.58986739, -0.640258789, 0.422241211, 0.641601563, 0.76564534, 0.416404035, 0.490279518, 0, 0, 0, 0, 0, 0, 0, 0.23761123, -0.14195249, -0.148698584, -0.0828009221, 0.107971401, -0.990640604, 0.629516602, -0.764892578, -0.135986328, -0.772407869, -0.634892116, -0.00482167083, 2, 1, 
148.004299, 0.1, 0.1, 0.124658273, 0.177086079, -0.019964119, 0.929745256, -0.368203418, 3.32345261e-005, 0.368203418, 0.929745257, -2.42140345e-006, -3.0008074e-005, 1.44883545e-005, 0.999999999, 0.929745217, -0.368203518, 1.80994159e-005, 0.368203518, 0.929745218, -1.39915059e-006, -1.63126732e-005, 7.96512217e-006, 1, 0, 0, 0, 0, 0, 0, 0, 0.164610645, -0.175928687, -0.192072974, -0.0600430589, 0.805155279, -0.58986739, -0.640258789, 0.422241211, 0.641601563, 0.76564534, 0.416404035, 0.490279518, 0, 0, 0, 0, 0, 0, 0, 0.23761123, -0.14195249, -0.148698584, -0.0828009221, 0.107971401, -0.990640604, 0.629516602, -0.764892578, -0.135986328, -0.772407869, -0.634892116, -0.00482167083, 2, 1, 
148.005197, 0.1, 0.1, 0.124658276, 0.177086079, -0.0199647294, 0.929745345, -0.368203194, -2.34521926e-005, 0.368203194, 0.929745345, -2.24570517e-005, 3.00733251e-005, 1.22441671e-005, 0.999999999, 0.929745349, -0.368203184, -3.27608945e-005, 0.368203184, 0.92974535, -3.74496241e-006, 3.18381964e-005, -8.58080427e-006, 0.999999999, 0, 0, 0, 0, 0, 0, 0, 0.164891016, -0.176216504, -0.191055884, -0.0588254019, 0.803797959, -0.591884836, -0.642333984, 0.423339844, 0.638793945, 0.763969379, 0.417978524, 0.491587785, 0, 0, 0, 0, 0, 0, 0, 0.237897705, -0.142234082, -0.148485352, -0.0819893904, 0.10730679, -0.990749246, 0.630249023, -0.764404297, -0.134887695, -0.771954345, -0.635575683, -0.00495583225, 2, 1, 
148.006044, 0.1, 0.1, 0.124658273, 0.177086077, -0.0199643228, 0.929745193, -0.36820358, 6.05096761e-006, 0.36820358, 0.929745193, 9.53718501e-006, -9.13748372e-006, -6.63916398e-006, 1, 0.929745234, -0.368203476, 1.75389498e-005, 0.368203476, 0.929745234, 2.22113804e-005, -2.44850625e-005, -1.41930228e-005, 1, 0, 0, 0, 0, 0, 0, 0, 0.164891016, -0.176216504, -0.191055884, -0.0588254019, 0.803797959, -0.591884836, -0.642333984, 0.423339844, 0.638793945, 0.763969379, 0.417978524, 0.491587785, 0, 0, 0, 0, 0, 0, 0, 0.237897705, -0.142234082, -0.148485352, -0.0819893904, 0.10730679, -0.990749246, 0.630249023, -0.764404297, -0.134887695, -0.771954345, -0.635575683, -0.00495583225, 2, 1, 
148.00689, 0.1, 0.1, 0.124658277, 0.17708608, -0.0199634773, 0.929745023, -0.368204009, 8.84592718e-006, 0.368204008, 0.929745023, 1.61203525e-005, -1.41600352e-005, -1.17307117e-005, 1, 0.92974504, -0.368203965, -1.62681917e-005, 0.368203965, 0.92974504, 1.70987564e-007, 1.50623122e-005, -6.14898752e-006, 1, 0, 0, 0, 0, 0, 0, 0, 0.164891016, -0.176216504, -0.191055884, -0.0588254019, 0.803797959, -0.591884836, -0.642333984, 0.423339844, 0.638793945, 0.763969379, 0.417978524, 0.491587785, 0, 0, 0, 0, 0, 0, 0, 0.237897705, -0.142234082, -0.148485352, -0.0819893904, 0.10730679, -0.990749246, 0.630249023, -0.764404297, -0.134887695, -0.771954345, -0.635575683, -0.00495583225, 2, 1, 
148.007743, 0.1, 0.1, 0.124658275, 0.177086081, -0.0199624959, 0.929745085, -0.36820385, -3.04875898e-005, 0.36820385, 0.929745086, -5.80601968e-006, 3.04834856e-005, -5.8275297e-006, 1, 0.929745051, -0.368203938, -1.0585569e-005, 0.368203938, 0.929745051, -2.13762607e-005, 1.77127038e-005, 1.59768244e-005, 1, 0, 0, 0, 0, 0, 0, 0, 0.164891016, -0.176216504, -0.191055884, -0.0588254019, 0.803797959, -0.591884836, -0.642333984, 0.423339844, 0.638793945, 0.763969379, 0.417978524, 0.491587785, 0, 0, 0, 0, 0, 0, 0, 0.237897705, -0.142234082, -0.148485352, -0.0819893904, 0.10730679, -0.990749246, 0.630249023, -0.764404297, -0.134887695, -0.771954345, -0.635575683, -0.00495583225, 2, 1, 
148.008596, 0.1, 0.1, 0.124658273, 0.177086081, -0.0199616902, 0.929745289, -0.368203335, 3.63771791e-005, 0.368203336, 0.92974529, -3.93170316e-007, -3.36767443e-005, 1.37597469e-005, 0.999999999, 0.929745253, -0.368203426, 4.04918139e-005, 0.368203427, 0.929745254, -7.50812998e-006, -3.48825526e-005, 2.18898728e-005, 0.999999999, 0, 0, 0, 0, 0, 0, 0, 0.164891016, -0.176216504, -0.191055884, -0.0588254019, 0.803797959, -0.591884836, -0.642333984, 0.423339844, 0.638793945, 0.763969379, 0.417978524, 0.491587785, 0, 0, 0, 0, 0, 0, 0, 0.237897705, -0.142234082, -0.148485352, -0.0819893904, 0.10730679, -0.990749246, 0.630249023, -0.764404297, -0.134887695, -0.771954345, -0.635575683, -0.00495583225, 2, 1, 
148.009452, 0.1, 0.1, 0.124658275, 0.177086082, -0.0199612958, 0.929745323, -0.36820325, -1.88782872e-006, 0.36820325, 0.929745323, -2.45955484e-005, 1.08113608e-005, 2.21724915e-005, 1, 0.929745338, -0.368203213, -1.97143258e-005, 0.368203212, 0.929745338, -2.42631235e-005, 2.72630625e-005, 1.52996479e-005, 1, 0, 0, 0, 0, 0, 0, 0, 0.164891016, -0.176216504, -0.191055884, -0.0588254019, 0.803797959, -0.591884836, -0.642333984, 0.423339844, 0.638793945, 0.763969379, 0.417978524, 0.491587785, 0, 0, 0, 0, 0, 0, 0, 0.237897705, -0.142234082, -0.148485352, -0.0819893904, 0.10730679, -0.990749246, 0.630249023, -0.764404297, -0.134887695, -0.771954345, -0.635575683, -0.00495583225, 2, 1, 
148.010341, 0.1, 0.1, 0.124658271, 0.177086078, -0.0199609223, 0.929745103, -0.368203808, -1.07699723e-005, 0.368203808, 0.929745103, -1.45658575e-005, 1.53765332e-005, 9.57698987e-006, 1, 0.929745154, -0.368203679, 1.09037646e-005, 0.368203678, 0.929745154, 1.75253858e-005, -1.65906338e-005, -1.22793363e-005, 1, 0, 0, 0, 0, 0, 0, 0, 0.165233252, -0.176239819, -0.191086401, -0.0607806899, 0.803196243, -0.592487673, -0.643920898, 0.42199707, 0.638183594, 0.762548779, 0.420422073, 0.491683265, 0, 0, 0, 0, 0, 0, 0, 0.23840083, -0.142523975, -0.148503662, -0.0813120201, 0.106520778, -0.99097929, 0.631103516, -0.763916016, -0.133911133, -0.77139218, -0.63627201, -0.0051027535, 2, 1, 
148.011192, 0.1, 0.1, 0.124658274, 0.177086078, -0.0199612278, 0.929744944, -0.368204209, 2.11400258e-005, 0.368204208, 0.929744944, 2.02893711e-005, -2.71254639e-005, -1.10800938e-005, 1, 0.929744954, -0.368204182, 5.18441663e-006, 0.368204182, 0.929744954, 2.34529696e-005, -1.34556667e-005, -1.98963562e-005, 1, 0, 0, 0, 0, 0, 0, 0, 0.165233252, -0.176239819, -0.191086401, -0.0607806899, 0.803196243, -0.592487673, -0.643920898, 0.42199707, 0.638183594, 0.762548779, 0.420422073, 0.491683265, 0, 0, 0, 0, 0, 0, 0, 0.23840083, -0.142523975, -0.148503662, -0.0813120201, 0.106520778, -0.99097929, 0.631103516, -0.763916016, -0.133911133, -0.77139218, -0.63627201, -0.0051027535, 2, 1, 
148.012043, 0.1, 0.1, 0.124658276, 0.177086079, -0.0199621047, 0.929745042, -0.368203958, -3.80901388e-005, 0.368203959, 0.929745043, 3.2195576e-006, 3.42286639e-005, -1.70183076e-005, 0.999999999, 0.929745005, -0.368204052, -3.7151371e-005, 0.368204052, 0.929745006, -3.58271462e-006, 3.58604717e-005, -1.03482743e-005, 0.999999999, 0, 0, 0, 0, 0, 0, 0, 0.165233252, -0.176239819, -0.191086401, -0.0607806899, 0.803196243, -0.592487673, -0.643920898, 0.42199707, 0.638183594, 0.762548779, 0.420422073, 0.491683265, 0, 0, 0, 0, 0, 0, 0, 0.23840083, -0.142523975, -0.148503662, -0.0813120201, 0.106520778, -0.99097929, 0.631103516, -0.763916016, -0.133911133, -0.77139218, -0.63627201, -0.0051027535, 2, 1, 
148.012909, 0.1, 0.1, 0.124658273, 0.177086079, -0.0199629621, 0.929745236, -0.368203472, 8.44548615e-006, 0.368203472, 0.929745236, 1.26119753e-005, -1.24959236e-005, -8.61626664e-006, 1, 0.929745204, -0.368203552, 3.05515373e-005, 0.368203552, 0.929745204, -1.13215084e-006, -2.79882833e-005, 1.23017964e-005, 1, 0, 0, 0, 0, 0, 0, 0, 0.165233252, -0.176239819, -0.191086401, -0.0607806899, 0.803196243, -0.592487673, -0.643920898, 0.42199707, 0.638183594, 0.762548779, 0.420422073, 0.491683265, 0, 0, 0, 0, 0, 0, 0, 0.23840083, -0.142523975, -0.148503662, -0.0813120201, 0.106520778, -0.99097929, 0.631103516, -0.763916016, -0.133911133, -0.77139218, -0.63627201, -0.0051027535, 2, 1, 
148.013764, 0.1, 0.1, 0.124658276, 0.17708608, -0.0199636504, 0.929745217, -0.368203517, 2.03761324e-005, 0.368203517, 0.929745218, -4.99771809e-006, -1.71044343e-005, 1.21491681e-005, 1, 0.92974524, -0.368203461, -3.65038163e-006, 0.368203461, 0.92974524, -2.34223023e-005, 1.20180977e-005, 2.04326909e-005, 1, 0, 0, 0, 0, 0, 0, 0, 0.165233252, -0.176239819, -0.191086401, -0.0607806899, 0.803196243, -0.592487673, -0.643920898, 0.42199707, 0.638183594, 0.762548779, 0.420422073, 0.491683265, 0, 0, 0, 0, 0, 0, 0, 0.23840083, -0.142523975, -0.148503662, -0.0813120201, 0.106520778, -0.99097929, 0.631103516, -0.763916016, -0.133911133, -0.77139218, -0.63627201, -0.0051027535, 2, 1, 
