time, realDorsalTactorPos, realVentralTactorPos, boxPosX, boxPosY, boxPosZ, boxLocalRot_11, boxLocalRot_12, boxLocalRot_13, boxLocalRot_21, boxLocalRot_22, boxLocalRot_23, boxLocalRot_31, boxLocalRot_32, boxLocalRot_33, boxGlobalRot_11, boxGlobalRot_12, boxGlobalRot_13, boxGlobalRot_21, boxGlobalRot_22, boxGlobalRot_23, boxGlobalRot_31, boxGlobalRot_32, boxGlobalRot_33, indexForceX, indexForceY, indexForceZ, indexForceGlobalX, indexForceGlobalY, indexForceGlobalZ, indexContact, indexPosX, indexPosY, indexPosZ, indexRot_11, indexRot_12, indexRot_13, indexRot_21, indexRot_22, indexRot_23, indexRot_31, indexRot_32, indexRot_33, thumbForceX, thumbForceY, thumbForceZ, thumbForceGlobalX, thumbForceGlobalY, thumbForceGlobalZ, thumbContact, thumbPosX, thumbPosY, thumbPosZ, thumbRot_11, thumbRot_12, thumbRot_13, thumbRot_21, thumbRot_22, thumbRot_23, thumbRot_31, thumbRot_32, thumbRot_33, mapping, trialSuccess, 
242.192044, 0.1, 0.1, 0.0847748089, 0.195917053, -0.0199564835, 0.872569745, 3.91463677e-005, 0.488489548, 0.488489549, -1.0208723e-005, -0.872569745, -2.91710816e-005, 0.999999999, -2.80304144e-005, 0.872569125, 3.23358382e-005, 0.488490657, 0.488490657, 2.19056483e-006, -0.872569125, -2.92853245e-005, 0.999999999, -1.38843356e-005, 0, 0, 0, 0, 0, 0, 0, 0.239840405, -0.177256641, -0.168911304, 0.186558041, 0.736994783, -0.64952277, -0.440307617, 0.653808594, 0.615356445, 0.878234867, 0.170993517, 0.446830654, 0, 0, 0, 0, 0, 0, 0, 0.312538623, -0.15601582, -0.126606445, 0.034894287, 0.245502605, -0.968719858, 0.255493164, -0.939208984, -0.228881836, -0.966122614, -0.239566375, -0.0954339389, 4, 1, 
242.209165, 0.1, 0.1, 0.0847748257, 0.195917038, -0.0199595848, 0.872591617, 1.24698118e-005, 0.488450479, 0.488450479, 2.86987585e-006, -0.872591617, -1.22828455e-005, 1, -3.58665594e-006, 0.872591624, -7.27928928e-006, 0.488450466, 0.488450466, 8.00457481e-006, -0.872591624, 2.44200856e-006, 1, 1.05402972e-005, 0, 0, 0, 0, 0, 0, 0, 0.242344873, -0.176235742, -0.168823047, 0.183401948, 0.739016716, -0.648098805, -0.449951172, 0.649414062, 0.613037109, 0.873914657, 0.179077526, 0.451919573, 0, 0, 0, 0, 0, 0, 0, 0.314266113, -0.155082813, -0.126870947, 0.0395651502, 0.244748309, -0.968669552, 0.258789062, -0.938842773, -0.22668457, -0.965017973, -0.241732281, -0.100583845, 4, 1, 
242.210025, 0.1, 0.1, 0.0847748261, 0.195917037, -0.019956284, 0.872591581, 6.14237138e-006, 0.488450543, 0.488450543, 2.79555093e-006, -0.872591581, -6.72526993e-006, 1, -5.60870433e-007, 0.872591587, 7.83200952e-006, 0.488450532, 0.488450532, 3.16328158e-006, -0.872591587, -8.37925219e-006, 1, -1.06529632e-006, 0, 0, 0, 0, 0, 0, 0, 0.242344873, -0.176235742, -0.168823047, 0.183401948, 0.739016716, -0.648098805, -0.449951172, 0.649414062, 0.613037109, 0.873914657, 0.179077526, 0.451919573, 0, 0, 0, 0, 0, 0, 0, 0.314210352, -0.155664795, -0.125818457, 0.0395651502, 0.244748309, -0.968669552, 0.258789062, -0.938842773, -0.22668457, -0.965017973, -0.241732281, -0.100583845, 4, 1, 
242.210863, 0.1, 0.1, 0.084774829, 0.195917036, -0.0199558342, 0.872591549, -2.14934943e-005, 0.488450599, 0.4884506, 3.94648612e-006, -0.872591549, 1.6827378e-005, 1, 1.39421806e-005, 0.872591554, 2.09307412e-006, 0.48845059, 0.48845059, -1.28767393e-006, -0.872591554, -1.19743371e-006, 1, -2.14597669e-006, 0, 0, 0, 0, 0, 0, 0, 0.242344873, -0.176235742, -0.168823047, 0.183401948, 0.739016716, -0.648098805, -0.449951172, 0.649414062, 0.613037109, 0.873914657, 0.179077526, 0.451919573, 0, 0, 0, 0, 0, 0, 0, 0.314210352, -0.155664795, -0.125818457, 0.0395651502, 0.244748309, -0.968669552, 0.258789062, -0.938842773, -0.22668457, -0.965017973, -0.241732281, -0.100583845, 4, 1, 
242.211698, 0.1, 0.1, 0.0847748261, 0.195917032, -0.019958031, 0.872591434, 2.86482932e-005, 0.488450805, 0.488450804, 2.86476293e-005, -0.872591434, -3.89912129e-005, 0.999999999, 1.10043941e-005, 0.872591474, 3.16066256e-005, 0.488450733, 0.488450733, 3.09379078e-005, -0.872591474, -4.26913158e-005, 0.999999999, 1.15578751e-005, 0, 0, 0, 0, 0, 0, 0, 0.242344873, -0.176235742, -0.168823047, 0.183401948, 0.739016716, -0.648098805, -0.449951172, 0.649414062, 0.613037109, 0.873914657, 0.179077526, 0.451919573, 0, 0, 0, 0, 0, 0, 0, 0.314210352, -0.155664795, -0.125818457, 0.0395651502, 0.244748309, -0.968669552, 0.258789062, -0.938842773, -0.22668457, -0.965017973, -0.241732281, -0.100583845, 4, 1, 
242.212535, 0.1, 0.1, 0.08477483, 0.195917034, -0.0199619802, 0.872591361, -1.56669169e-005, 0.488450935, 0.488450935, -1.40375934e-005, -0.872591362, 2.05274919e-005, 1, -4.59656255e-006, 0.872591365, -3.41227817e-005, 0.488450928, 0.488450928, -8.21634612e-006, -0.872591365, 3.37885266e-005, 0.999999999, 9.49779174e-006, 0, 0, 0, 0, 0, 0, 0, 0.242344873, -0.176235742, -0.168823047, 0.183401948, 0.739016716, -0.648098805, -0.449951172, 0.649414062, 0.613037109, 0.873914657, 0.179077526, 0.451919573, 0, 0, 0, 0, 0, 0, 0, 0.314210352, -0.155664795, -0.125818457, 0.0395651502, 0.244748309, -0.968669552, 0.258789062, -0.938842773, -0.22668457, -0.965017973, -0.241732281, -0.100583845, 4, 1, 
242.213374, 0.1, 0.1, 0.0847748297, 0.195917033, -0.0199661215, 0.872591223, -2.03625564e-005, 0.488451182, 0.488451181, -1.53493597e-005, -0.872591223, 2.52656009e-005, 1, -3.44760177e-006, 0.872591241, 3.06538583e-006, 0.48845115, 0.48845115, -2.72714306e-006, -0.872591241, -1.34275266e-006, 1, -3.87697238e-006, 0, 0, 0, 0, 0, 0, 0, 0.242344873, -0.176235742, -0.168823047, 0.183401948, 0.739016716, -0.648098805, -0.449951172, 0.649414062, 0.613037109, 0.873914657, 0.179077526, 0.451919573, 0, 0, 0, 0, 0, 0, 0, 0.314210352, -0.155664795, -0.125818457, 0.0395651502, 0.244748309, -0.968669552, 0.258789062, -0.938842773, -0.22668457, -0.965017973, -0.241732281, -0.100583845, 4, 1, 
242.214251, 0.1, 0.1, 0.0847748337, 0.195917034, -0.019968811, 0.872591169, 9.87041182e-006, 0.488451279, 0.488451279, 1.53713919e-005, -0.872591169, -1.61210102e-005, 1, 8.59172559e-006, 0.872591198, 5.4292649e-006, 0.488451226, 0.488451226, -7.42916731e-007, -0.872591198, -4.37465018e-006, 1, -3.3001937e-006, 0, 0, 0, 0, 0, 0, 0, 0.242110278, -0.175551367, -0.167247046, 0.183274267, 0.739157501, -0.647977116, -0.45324707, 0.64855957, 0.611572266, 0.872328185, 0.181527066, 0.454248546, 0, 0, 0, 0, 0, 0, 0, 0.314108447, -0.155748291, -0.124526123, 0.0412264931, 0.243904695, -0.968867879, 0.260498047, -0.938720703, -0.225219727, -0.96447513, -0.243048376, -0.102200346, 4, 1, 
242.215087, 0.1, 0.1, 0.0847748369, 0.195917034, -0.0199690453, 0.872591089, -2.88271597e-005, 0.488451421, 0.488451421, -4.70434715e-006, -0.872591089, 2.74521677e-005, 1, 9.97569573e-006, 0.87259109, -3.08817917e-005, 0.488451419, 0.488451419, -5.82091616e-006, -0.872591091, 2.97904111e-005, 1, 1.00049754e-005, 0, 0, 0, 0, 0, 0, 0, 0.242110278, -0.175551367, -0.167247046, 0.183274267, 0.739157501, -0.647977116, -0.45324707, 0.64855957, 0.611572266, 0.872328185, 0.181527066, 0.454248546, 0, 0, 0, 0, 0, 0, 0, 0.314108447, -0.155748291, -0.124526123, 0.0412264931, 0.243904695, -0.968867879, 0.260498047, -0.938720703, -0.225219727, -0.96447513, -0.243048376, -0.102200346, 4, 1, 
242.215925, 0.1, 0.1, 0.0847748351, 0.195917032, -0.0199673226, 0.872590993, 1.00384343e-005, 0.488451593, 0.488451593, 4.48177788e-006, -0.872590993, -1.09485789e-005, 1, -9.9253021e-007, 0.872591021, 1.58248401e-005, 0.488451543, 0.488451543, 2.15733476e-005, -0.872591021, -2.43461483e-005, 1, 1.10950419e-005, 0, 0, 0, 0, 0, 0, 0, 0.242110278, -0.175551367, -0.167247046, 0.183274267, 0.739157501, -0.647977116, -0.45324707, 0.64855957, 0.611572266, 0.872328185, 0.181527066, 0.454248546, 0, 0, 0, 0, 0, 0, 0, 0.314108447, -0.155748291, -0.124526123, 0.0412264931, 0.243904695, -0.968867879, 0.260498047, -0.938720703, -0.225219727, -0.96447513, -0.243048376, -0.102200346, 4, 1, 
242.216761, 0.1, 0.1, 0.0847748379, 0.195917032, -0.0199644296, 0.872590976, 1.8558861e-005, 0.488451622, 0.488451622, 1.07397919e-005, -0.872590977, -2.14401634e-005, 1, 3.06339734e-007, 0.872590988, -5.82869965e-006, 0.488451601, 0.488451601, -3.82913818e-006, -0.872590988, 6.95641946e-006, 1, -4.9423379e-007, 0, 0, 0, 0, 0, 0, 0, 0.242110278, -0.175551367, -0.167247046, 0.183274267, 0.739157501, -0.647977116, -0.45324707, 0.64855957, 0.611572266, 0.872328185, 0.181527066, 0.454248546, 0, 0, 0, 0, 0, 0, 0, 0.314108447, -0.155748291, -0.124526123, 0.0412264931, 0.243904695, -0.968867879, 0.260498047, -0.938720703, -0.225219727, -0.96447513, -0.243048376, -0.102200346, 4, 1, 
242.217602, 0.1, 0.1, 0.0847748357, 0.195917032, -0.0199613722, 0.872590945, -1.9544972e-005, 0.488451678, 0.488451678, -2.05827248e-005, -0.872590946, 2.7108432e-005, 1, -8.41352499e-006, 0.872590975, -1.39609314e-005, 0.488451626, 0.488451626, -1.90586675e-006, -0.872590975, 1.31131065e-005, 1, 5.15619753e-006, 0, 0, 0, 0, 0, 0, 0, 0.242110278, -0.175551367, -0.167247046, 0.183274267, 0.739157501, -0.647977116, -0.45324707, 0.64855957, 0.611572266, 0.872328185, 0.181527066, 0.454248546, 0, 0, 0, 0, 0, 0, 0, 0.314108447, -0.155748291, -0.124526123, 0.0412264931, 0.243904695, -0.968867879, 0.260498047, -0.938720703, -0.225219727, -0.96447513, -0.243048376, -0.102200346, 4, 1, 
242.218444, 0.1, 0.1, 0.0847748335, 0.19591703, -0.0199592036, 0.87259089, 3.18924851e-005, 0.488451776, 0.488451776, 1.23980523e-005, -0.872590891, -3.38849426e-005, 0.999999999, -4.75951351e-006, 0.872590883, 3.44765969e-005, 0.488451789, 0.488451789, 1.30760851e-005, -0.872590883, -3.64710013e-005, 0.999999999, -5.43008282e-006, 0, 0, 0, 0, 0, 0, 0, 0.242110278, -0.175551367, -0.167247046, 0.183274267, 0.739157501, -0.647977116, -0.45324707, 0.64855957, 0.611572266, 0.872328185, 0.181527066, 0.454248546, 0, 0, 0, 0, 0, 0, 0, 0.314108447, -0.155748291, -0.124526123, 0.0412264931, 0.243904695, -0.968867879, 0.260498047, -0.938720703, -0.225219727, -0.96447513, -0.243048376, -0.102200346, 4, 1, 
242.21933, 0.1, 0.1, 0.0847748393, 0.195917032, -0.0199580035, 0.872590793, -2.41599046e-005, 0.488451949, 0.488451949, 1.71140079e-008, -0.872590794, 2.1073351e-005, 1, 1.1815886e-005, 0.872590825, -3.22646859e-005, 0.488451893, 0.488451892, -2.20858966e-005, -0.872590825, 3.89417669e-005, 0.999999999, -3.51220391e-006, 0, 0, 0, 0, 0, 0, 0, 0.241938062, -0.175126733, -0.165689355, 0.184371357, 0.738644153, -0.648217129, -0.455810547, 0.648681641, 0.609375, 0.870671319, 0.182967884, 0.456634807, 0, 0, 0, 0, 0, 0, 0, 0.314024854, -0.155393848, -0.123463867, 0.0431178794, 0.243124879, -0.969015166, 0.262817383, -0.938476563, -0.223876953, -0.963785367, -0.244971478, -0.104302452, 4, 1, 
242.220163, 0.1, 0.1, 0.0847748376, 0.19591703, -0.0199588194, 0.872590793, -2.24956408e-005, 0.488451951, 0.488451951, -2.74874893e-006, -0.872590793, 2.09721208e-005, 1, 8.58950663e-006, 0.872590802, 4.13218379e-006, 0.488451934, 0.488451934, 1.33202264e-005, -0.872590802, -1.01119959e-005, 1, 9.6047339e-006, 0, 0, 0, 0, 0, 0, 0, 0.241938062, -0.175126733, -0.165689355, 0.184371357, 0.738644153, -0.648217129, -0.455810547, 0.648681641, 0.609375, 0.870671319, 0.182967884, 0.456634807, 0, 0, 0, 0, 0, 0, 0, 0.314024854, -0.155393848, -0.123463867, 0.0431178794, 0.243124879, -0.969015166, 0.262817383, -0.938476563, -0.223876953, -0.963785367, -0.244971478, -0.104302452, 4, 1, 
242.220999, 0.1, 0.1, 0.0847748392, 0.195917031, -0.0199612438, 0.872590706, 3.05763433e-005, 0.488452105, 0.488452105, 6.10605637e-006, -0.872590707, -2.96631491e-005, 1, -9.60699117e-006, 0.872590699, 1.01404813e-005, 0.488452118, 0.488452118, 1.17820838e-005, -0.872590699, -1.46034734e-005, 1, 5.32779717e-006, 0, 0, 0, 0, 0, 0, 0, 0.241938062, -0.175126733, -0.165689355, 0.184371357, 0.738644153, -0.648217129, -0.455810547, 0.648681641, 0.609375, 0.870671319, 0.182967884, 0.456634807, 0, 0, 0, 0, 0, 0, 0, 0.314024854, -0.155393848, -0.123463867, 0.0431178794, 0.243124879, -0.969015166, 0.262817383, -0.938476563, -0.223876953, -0.963785367, -0.244971478, -0.104302452, 4, 1, 
242.221852, 0.1, 0.1, 0.0847748399, 0.195917033, -0.0199641659, 0.872590664, -1.74655403e-005, 0.488452181, 0.488452181, -2.41964923e-005, -0.872590664, 2.70590969e-005, 1, -1.25825521e-005, 0.872590688, -1.9090874e-005, 0.488452137, 0.488452136, -2.46098794e-005, -0.872590689, 2.86792671e-005, 1, -1.21493734e-005, 0, 0, 0, 0, 0, 0, 0, 0.241938062, -0.175126733, -0.165689355, 0.184371357, 0.738644153, -0.648217129, -0.455810547, 0.648681641, 0.609375, 0.870671319, 0.182967884, 0.456634807, 0, 0, 0, 0, 0, 0, 0, 0.313526221, -0.154623535, -0.124264307, 0.0389391858, 0.245124541, -0.968605752, 0.263549805, -0.9375, -0.22668457, -0.963733594, -0.246479703, -0.101190853, 4, 1, 
242.222688, 0.1, 0.1, 0.0847748373, 0.19591703, -0.0199664803, 0.872590561, 1.5139251e-005, 0.488452365, 0.488452365, 3.44350927e-006, -0.872590561, -1.48923578e-005, 1, -4.39002927e-006, 0.872590583, 2.03660172e-005, 0.488452326, 0.488452325, 2.18843321e-005, -0.872590583, -2.84606477e-005, 1, 9.14823369e-006, 0, 0, 0, 0, 0, 0, 0, 0.241938062, -0.175126733, -0.165689355, 0.184371357, 0.738644153, -0.648217129, -0.455810547, 0.648681641, 0.609375, 0.870671319, 0.182967884, 0.456634807, 0, 0, 0, 0, 0, 0, 0, 0.313526221, -0.154623535, -0.124264307, 0.0389391858, 0.245124541, -0.968605752, 0.263549805, -0.9375, -0.22668457, -0.963733594, -0.246479703, -0.101190853, 4, 1, 
242.22353, 0.1, 0.1, 0.0847748393, 0.195917032, -0.0199675237, 0.87259057, 1.86910382e-005, 0.488452349, 0.488452349, 1.1877579e-006, -0.87259057, -1.68897868e-005, 1, -8.09325516e-006, 0.872590577, -3.22953986e-006, 0.488452336, 0.488452336, -1.07922314e-005, -0.872590577, 8.08955669e-006, 1, -7.83972314e-006, 0, 0, 0, 0, 0, 0, 0, 0.241938062, -0.175126733, -0.165689355, 0.184371357, 0.738644153, -0.648217129, -0.455810547, 0.648681641, 0.609375, 0.870671319, 0.182967884, 0.456634807, 0, 0, 0, 0, 0, 0, 0, 0.313526221, -0.154623535, -0.124264307, 0.0389391858, 0.245124541, -0.968605752, 0.263549805, -0.9375, -0.22668457, -0.963733594, -0.246479703, -0.101190853, 4, 1, 
242.224386, 0.1, 0.1, 0.0847748377, 0.195917031, -0.0199667674, 0.872590501, -2.24217845e-005, 0.488452471, 0.488452471, -8.78616475e-006, -0.872590501, 2.38566601e-005, 1, 3.28525214e-006, 0.872590494, -5.9680962e-006, 0.488452484, 0.488452484, -1.33262422e-005, -0.872590494, 1.17169401e-005, 1, -8.71322087e-006, 0, 0, 0, 0, 0, 0, 0, 0.241105493, -0.174332251, -0.166270703, 0.181110045, 0.741093693, -0.646352451, -0.454833984, 0.645874023, 0.61315918, 0.871929412, 0.182827099, 0.454362, 0, 0, 0, 0, 0, 0, 0, 0.313526221, -0.154623535, -0.124264307, 0.0389391858, 0.245124541, -0.968605752, 0.263549805, -0.9375, -0.22668457, -0.963733594, -0.246479703, -0.101190853, 4, 1, 
242.225221, 0.1, 0.1, 0.084774836, 0.19591703, -0.0199649811, 0.872590468, 2.12262081e-005, 0.488452531, 0.488452531, 1.61197286e-005, -0.872590468, -2.63955091e-005, 1, 3.69792639e-006, 0.872590489, 2.33715954e-005, 0.488452493, 0.488452492, 1.7412827e-005, -0.87259049, -2.88991706e-005, 1, 3.77835326e-006, 0, 0, 0, 0, 0, 0, 0, 0.241105493, -0.174332251, -0.166270703, 0.181110045, 0.741093693, -0.646352451, -0.454833984, 0.645874023, 0.61315918, 0.871929412, 0.182827099, 0.454362, 0, 0, 0, 0, 0, 0, 0, 0.313526221, -0.154623535, -0.124264307, 0.0389391858, 0.245124541, -0.968605752, 0.263549805, -0.9375, -0.22668457, -0.963733594, -0.246479703, -0.101190853, 4, 1, 
242.226083, 0.1, 0.1, 0.0847748394, 0.195917033, -0.0199626457, 0.872590472, -6.95371475e-006, 0.488452523, 0.488452523, -1.49302036e-005, -0.872590472, 1.33604409e-005, 1, -9.63139391e-006, 0.872590458, -2.97921084e-005, 0.488452547, 0.488452547, -1.03851672e-005, -0.872590459, 3.10689709e-005, 1, 5.49003339e-006, 0, 0, 0, 0, 0, 0, 0, 0.241105493, -0.174332251, -0.166270703, 0.180673081, 0.739982377, -0.647712015, -0.451293945, 0.647583008, 0.614013672, 0.8738525, 0.181272827, 0.451240352, 0, 0, 0, 0, 0, 0, 0, 0.313526221, -0.154623535, -0.124264307, 0.0389391858, 0.245124541, -0.968605752, 0.263549805, -0.9375, -0.22668457, -0.963733594, -0.246479703, -0.101190853, 4, 1, 
242.226943, 0.1, 0.1, 0.0847748361, 0.195917031, -0.0199601939, 0.872590385, -1.38183038e-005, 0.488452679, 0.488452679, -1.38413201e-005, -0.872590385, 1.88185489e-005, 1, -5.32821531e-006, 0.872590392, 1.46567121e-005, 0.488452666, 0.488452666, 5.3561415e-007, -0.872590392, -1.30509283e-005, 1, -6.69173833e-006, 0, 0, 0, 0, 0, 0, 0, 0.241089014, -0.174840259, -0.167019409, 0.180673081, 0.739982377, -0.647712015, -0.451293945, 0.647583008, 0.614013672, 0.8738525, 0.181272827, 0.451240352, 0, 0, 0, 0, 0, 0, 0, 0.313335059, -0.155022656, -0.125097949, 0.0363321497, 0.245137667, -0.968681945, 0.260742187, -0.938110352, -0.227539062, -0.964621318, -0.244268955, -0.0981302937, 4, 1, 
242.227778, 0.1, 0.1, 0.0847748385, 0.195917031, -0.01995918, 0.872590394, 1.95291994e-005, 0.488452664, 0.488452663, 2.66047181e-005, -0.872590394, -3.00361372e-005, 0.999999999, 1.3675932e-005, 0.872590416, 1.45852263e-005, 0.488452624, 0.488452624, 5.66744992e-006, -0.872590416, -1.54952095e-005, 1, -2.17882957e-006, 0, 0, 0, 0, 0, 0, 0, 0.241089014, -0.174840259, -0.167019409, 0.180673081, 0.739982377, -0.647712015, -0.451293945, 0.647583008, 0.614013672, 0.8738525, 0.181272827, 0.451240352, 0, 0, 0, 0, 0, 0, 0, 0.313335059, -0.155022656, -0.125097949, 0.0363321497, 0.245137667, -0.968681945, 0.260742187, -0.938110352, -0.227539062, -0.964621318, -0.244268955, -0.0981302937, 4, 1, 
242.228613, 0.1, 0.1, 0.0847748405, 0.195917032, -0.019959758, 0.872590299, -2.40220208e-005, 0.488452833, 0.488452833, -2.58689783e-005, -0.872590299, 3.35971581e-005, 0.999999999, -1.08393954e-005, 0.87259032, -2.44014592e-005, 0.488452796, 0.488452795, -2.80751794e-005, -0.87259032, 3.5005877e-005, 0.999999999, -1.25791688e-005, 0, 0, 0, 0, 0, 0, 0, 0.241089014, -0.174840259, -0.167019409, 0.180673081, 0.739982377, -0.647712015, -0.451293945, 0.647583008, 0.614013672, 0.8738525, 0.181272827, 0.451240352, 0, 0, 0, 0, 0, 0, 0, 0.313335059, -0.155022656, -0.125097949, 0.0363321497, 0.245137667, -0.968681945, 0.260742187, -0.938110352, -0.227539062, -0.964621318, -0.244268955, -0.0981302937, 4, 1, 
242.229456, 0.1, 0.1, 0.0847748379, 0.19591703, -0.0199615128, 0.872590321, 7.50155855e-006, 0.488452794, 0.488452794, 1.49546127e-005, -0.872590321, -1.38504098e-005, 1, 9.3850931e-006, 0.872590306, 2.84895622e-005, 0.48845282, 0.48845282, 9.50649429e-006, -0.872590306, -2.95031897e-005, 1, -5.62053223e-006, 0, 0, 0, 0, 0, 0, 0, 0.241089014, -0.174840259, -0.167019409, 0.180673081, 0.739982377, -0.647712015, -0.451293945, 0.647583008, 0.614013672, 0.8738525, 0.181272827, 0.451240352, 0, 0, 0, 0, 0, 0, 0, 0.313335059, -0.155022656, -0.125097949, 0.0363321497, 0.245137667, -0.968681945, 0.260742187, -0.938110352, -0.227539062, -0.964621318, -0.244268955, -0.0981302937, 4, 1, 
242.230291, 0.1, 0.1, 0.0847748417, 0.195917031, -0.0199638336, 0.872590262, 7.09428064e-006, 0.4884529, 0.4884529, 1.71601696e-005, -0.872590262, -1.45723348e-005, 1, 1.15085749e-005, 0.872590263, -1.72434948e-005, 0.488452896, 0.488452896, 3.5179942e-006, -0.872590264, 1.33281312e-005, 1, 1.14924025e-005, 0, 0, 0, 0, 0, 0, 0, 0.241089014, -0.174840259, -0.167019409, 0.180673081, 0.739982377, -0.647712015, -0.451293945, 0.647583008, 0.614013672, 0.8738525, 0.181272827, 0.451240352, 0, 0, 0, 0, 0, 0, 0, 0.313335059, -0.155022656, -0.125097949, 0.0363321497, 0.245137667, -0.968681945, 0.260742187, -0.938110352, -0.227539062, -0.964621318, -0.244268955, -0.0981302937, 4, 1, 
242.23117, 0.1, 0.1, 0.0847748416, 0.195917029, -0.0199655886, 0.872590287, -2.54466161e-005, 0.488452854, 0.488452854, -1.51477407e-005, -0.872590287, 2.96034272e-005, 1, -7.88299159e-007, 0.872590303, -2.16107037e-005, 0.488452825, 0.488452825, 2.03686253e-006, -0.872590304, 1.78623793e-005, 1, 1.23331558e-005, 0, 0, 0, 0, 0, 0, 0, 0.241059106, -0.174644116, -0.167506421, 0.180045156, 0.739461915, -0.648423437, -0.450073242, 0.648193359, 0.614257813, 0.874569913, 0.181108076, 0.449869927, 0, 0, 0, 0, 0, 0, 0, 0.313023682, -0.154759131, -0.125515625, 0.0351564132, 0.245387033, -0.968713661, 0.259277344, -0.938354492, -0.228271484, -0.965113121, -0.243138061, -0.0966607147, 4, 1, 
242.232001, 0.1, 0.1, 0.084774841, 0.195917028, -0.0199661783, 0.872590272, 2.46615277e-005, 0.48845288, 0.48845288, 9.41570044e-006, -0.872590273, -2.61185352e-005, 1, -3.82994563e-006, 0.87259026, 2.50326136e-005, 0.488452902, 0.488452902, 1.01235993e-005, -0.87259026, -2.67881163e-005, 1, -3.39349865e-006, 0, 0, 0, 0, 0, 0, 0, 0.241059106, -0.174644116, -0.167506421, 0.180045156, 0.739461915, -0.648423437, -0.450073242, 0.648193359, 0.614257813, 0.874569913, 0.181108076, 0.449869927, 0, 0, 0, 0, 0, 0, 0, 0.313023682, -0.154759131, -0.125515625, 0.0351564132, 0.245387033, -0.968713661, 0.259277344, -0.938354492, -0.228271484, -0.965113121, -0.243138061, -0.0966607147, 4, 1, 
242.232842, 0.1, 0.1, 0.0847748437, 0.195917029, -0.0199658183, 0.872590235, -9.46921595e-006, 0.488452947, 0.488452947, 1.07820338e-006, -0.872590235, 7.73609375e-006, 1, 5.56609618e-006, 0.872590253, -1.68684417e-005, 0.488452915, 0.488452914, -1.73217556e-005, -0.872590253, 2.31800999e-005, 1, -6.87535558e-006, 0, 0, 0, 0, 0, 0, 0, 0.241059106, -0.174644116, -0.167506421, 0.180045156, 0.739461915, -0.648423437, -0.450073242, 0.648193359, 0.614257813, 0.874569913, 0.181108076, 0.449869927, 0, 0, 0, 0, 0, 0, 0, 0.313023682, -0.154759131, -0.125515625, 0.0351564132, 0.245387033, -0.968713661, 0.259277344, -0.938354492, -0.228271484, -0.965113121, -0.243138061, -0.0966607147, 4, 1, 
242.233675, 0.1, 0.1, 0.08477484, 0.195917027, -0.0199646594, 0.872590273, -1.13086205e-005, 0.488452879, 0.488452879, -5.07645104e-006, -0.872590273, 1.23473994e-005, 1, 1.09406644e-006, 0.872590274, 1.23196148e-005, 0.488452878, 0.488452878, 9.62849076e-006, -0.872590274, -1.54530401e-005, 1, 2.38417607e-006, 0, 0, 0, 0, 0, 0, 0, 0.241059106, -0.174644116, -0.167506421, 0.180045156, 0.739461915, -0.648423437, -0.450073242, 0.648193359, 0.614257813, 0.874569913, 0.181108076, 0.449869927, 0, 0, 0, 0, 0, 0, 0, 0.313023682, -0.154759131, -0.125515625, 0.0351564132, 0.245387033, -0.968713661, 0.259277344, -0.938354492, -0.228271484, -0.965113121, -0.243138061, -0.0966607147, 4, 1, 
242.234513, 0.1, 0.1, 0.0847748413, 0.195917026, -0.0199631988, 0.872590185, 1.13655416e-005, 0.488453036, 0.488453035, 4.74081299e-005, -0.872590185, -3.3074105e-005, 0.999999999, 3.58163356e-005, 0.872590202, 4.5452917e-006, 0.488453006, 0.488453005, 3.13270107e-005, -0.872590202, -1.92679495e-005, 0.999999999, 2.51154812e-005, 0, 0, 0, 0, 0, 0, 0, 0.241059106, -0.174644116, -0.167506421, 0.180045156, 0.739461915, -0.648423437, -0.450073242, 0.648193359, 0.614257813, 0.874569913, 0.181108076, 0.449869927, 0, 0, 0, 0, 0, 0, 0, 0.313023682, -0.154759131, -0.125515625, 0.0351564132, 0.245387033, -0.968713661, 0.259277344, -0.938354492, -0.228271484, -0.965113121, -0.243138061, -0.0966607147, 4, 1, 
242.235348, 0.1, 0.1, 0.084774841, 0.195917028, -0.0199619341, 0.872590126, -5.61922151e-006, 0.488453142, 0.488453141, -4.10725022e-005, -0.872590126, 2.496527e-005, 0.999999999, -3.30947335e-005, 0.872590137, -6.04509825e-006, 0.488453122, 0.488453121, -4.13896728e-005, -0.872590137, 2.5491808e-005, 0.999999999, -3.31634732e-005, 0, 0, 0, 0, 0, 0, 0, 0.241059106, -0.174644116, -0.167506421, 0.180045156, 0.739461915, -0.648423437, -0.450073242, 0.648193359, 0.614257813, 0.874569913, 0.181108076, 0.449869927, 0, 0, 0, 0, 0, 0, 0, 0.313023682, -0.154759131, -0.125515625, 0.0351564132, 0.245387033, -0.968713661, 0.259277344, -0.938354492, -0.228271484, -0.965113121, -0.243138061, -0.0966607147, 4, 1, 
242.236227, 0.1, 0.1, 0.084774839, 0.195917023, -0.0199608022, 0.872590068, 4.24611291e-006, 0.488453245, 0.488453245, 1.74507514e-005, -0.872590068, -1.22289921e-005, 1, 1.31533247e-005, 0.872590081, 1.3014905e-005, 0.488453222, 0.488453222, 4.01856519e-005, -0.872590081, -3.09854882e-005, 0.999999999, 2.8708429e-005, 0, 0, 0, 0, 0, 0, 0, 0.241210229, -0.1747021, -0.167522046, 0.182970975, 0.738502246, -0.648746947, -0.447998047, 0.650146484, 0.613647461, 0.875095244, 0.178170274, 0.450168349, 0, 0, 0, 0, 0, 0, 0, 0.313008545, -0.154405518, -0.126157031, 0.0350860509, 0.246614176, -0.968374976, 0.257080078, -0.938598633, -0.229736328, -0.965611488, -0.240799714, -0.096379632, 4, 1, 
242.237065, 0.1, 0.1, 0.0847748418, 0.195917029, -0.0199605056, 0.872590004, 7.81066948e-007, 0.488453361, 0.488453361, 1.5586094e-005, -0.872590003, -8.29463123e-006, 1, 1.32187551e-005, 0.872590016, -1.12499015e-005, 0.488453338, 0.488453338, -2.44575386e-005, -0.872590016, 2.17629181e-005, 1, -1.58463521e-005, 0, 0, 0, 0, 0, 0, 0, 0.241210229, -0.1747021, -0.167522046, 0.182970975, 0.738502246, -0.648746947, -0.447998047, 0.650146484, 0.613647461, 0.875095244, 0.178170274, 0.450168349, 0, 0, 0, 0, 0, 0, 0, 0.313008545, -0.154405518, -0.126157031, 0.0350860509, 0.246614176, -0.968374976, 0.257080078, -0.938598633, -0.229736328, -0.965611488, -0.240799714, -0.096379632, 4, 1, 
242.2379, 0.1, 0.1, 0.0847748419, 0.195917029, -0.019961276, 0.87258996, -1.10040601e-005, 0.488453439, 0.488453438, -5.11760166e-005, -0.872589959, 3.45991337e-005, 0.999999999, -3.92807073e-005, 0.872589967, -6.47970837e-006, 0.488453426, 0.488453425, -3.14429717e-005, -0.872589967, 2.10125558e-005, 0.999999999, -2.42717859e-005, 0, 0, 0, 0, 0, 0, 0, 0.241210229, -0.1747021, -0.167522046, 0.182970975, 0.738502246, -0.648746947, -0.447998047, 0.650146484, 0.613647461, 0.875095244, 0.178170274, 0.450168349, 0, 0, 0, 0, 0, 0, 0, 0.313008545, -0.154405518, -0.126157031, 0.0350860509, 0.246614176, -0.968374976, 0.257080078, -0.938598633, -0.229736328, -0.965611488, -0.240799714, -0.096379632, 4, 1, 
242.238778, 0.1, 0.1, 0.0847748417, 0.195917029, -0.019962298, 0.872589925, 8.43225868e-006, 0.488453501, 0.4884535, 3.49535726e-005, -0.872589925, -2.44310989e-005, 0.999999999, 2.63813691e-005, 0.872589933, 1.04496025e-005, 0.488453487, 0.488453487, 3.5652119e-005, -0.872589932, -2.65326198e-005, 0.999999999, 2.60055353e-005, 0, 0, 0, 0, 0, 0, 0, 0.240241724, -0.17474104, -0.167517285, 0.185814418, 0.737948461, -0.648645476, -0.4453125, 0.651855469, 0.613891602, 0.875880806, 0.174673819, 0.450028686, 0, 0, 0, 0, 0, 0, 0, 0.311906982, -0.154303223, -0.126370264, 0.0355268146, 0.247317432, -0.968266334, 0.254394531, -0.939086914, -0.23059082, -0.966301618, -0.238148202, -0.0962454706, 4, 1, 
242.239618, 0.1, 0.1, 0.0847748441, 0.195917034, -0.0199634061, 0.872589882, -8.12200635e-006, 0.488453578, 0.488453578, -2.0366669e-005, -0.872589882, 1.70353529e-005, 1, -1.38045263e-005, 0.872589891, -1.48890869e-005, 0.488453562, 0.488453561, -4.05671174e-005, -0.87258989, 3.28072197e-005, 0.999999999, -2.8125829e-005, 0, 0, 0, 0, 0, 0, 0, 0.240241724, -0.17474104, -0.167517285, 0.185814418, 0.737948461, -0.648645476, -0.4453125, 0.651855469, 0.613891602, 0.875880806, 0.174673819, 0.450028686, 0, 0, 0, 0, 0, 0, 0, 0.311906982, -0.154303223, -0.126370264, 0.0355268146, 0.247317432, -0.968266334, 0.254394531, -0.939086914, -0.23059082, -0.966301618, -0.238148202, -0.0962454706, 4, 1, 
242.240458, 0.1, 0.1, 0.0847748428, 0.19591703, -0.0199643754, 0.872589842, -3.74567243e-006, 0.488453649, 0.488453649, -1.98941673e-005, -0.872589842, 1.29858143e-005, 1, -1.55298609e-005, 0.872589849, 6.58518975e-006, 0.488453637, 0.488453637, 1.66505877e-005, -0.872589849, -1.38792098e-005, 1, 1.13125739e-005, 0, 0, 0, 0, 0, 0, 0, 0.240241724, -0.17474104, -0.167517285, 0.185814418, 0.737948461, -0.648645476, -0.4453125, 0.651855469, 0.613891602, 0.875880806, 0.174673819, 0.450028686, 0, 0, 0, 0, 0, 0, 0, 0.311906982, -0.154303223, -0.126370264, 0.0355268146, 0.247317432, -0.968266334, 0.254394531, -0.939086914, -0.23059082, -0.966301618, -0.238148202, -0.0962454706, 4, 1, 
242.241297, 0.1, 0.1, 0.0847748435, 0.195917031, -0.0199649124, 0.872589818, 8.62284482e-006, 0.488453691, 0.488453691, 3.98744073e-005, -0.872589818, -2.7001008e-005, 0.999999999, 3.05821415e-005, 0.872589822, 4.311939e-006, 0.488453685, 0.488453684, 2.22134775e-005, -0.872589822, -1.4612809e-005, 1, 1.72770719e-005, 0, 0, 0, 0, 0, 0, 0, 0.240241724, -0.17474104, -0.167517285, 0.185814418, 0.737948461, -0.648645476, -0.4453125, 0.651855469, 0.613891602, 0.875880806, 0.174673819, 0.450028686, 0, 0, 0, 0, 0, 0, 0, 0.311906982, -0.154303223, -0.126370264, 0.0355268146, 0.247317432, -0.968266334, 0.254394531, -0.939086914, -0.23059082, -0.966301618, -0.238148202, -0.0962454706, 4, 1, 
242.242132, 0.1, 0.1, 0.0847748442, 0.195917032, -0.019964897, 0.872589803, -8.77196792e-006, 0.488453719, 0.488453719, -3.34597309e-005, -0.872589803, 2.39978598e-005, 0.999999999, -2.49119197e-005, 0.872589806, -9.75361109e-006, 0.488453713, 0.488453712, -3.49543453e-005, -0.872589806, 2.55844814e-005, 0.999999999, -2.57366179e-005, 0, 0, 0, 0, 0, 0, 0, 0.240241724, -0.17474104, -0.167517285, 0.185814418, 0.737948461, -0.648645476, -0.4453125, 0.651855469, 0.613891602, 0.875880806, 0.174673819, 0.450028686, 0, 0, 0, 0, 0, 0, 0, 0.311906982, -0.154303223, -0.126370264, 0.0355268146, 0.247317432, -0.968266334, 0.254394531, -0.939086914, -0.23059082, -0.966301618, -0.238148202, -0.0962454706, 4, 1, 
242.242992, 0.1, 0.1, 0.0847748429, 0.195917027, -0.0199642775, 0.872589787, 5.20574483e-006, 0.488453748, 0.488453748, 1.57712516e-005, -0.872589787, -1.22460067e-005, 1, 1.12190675e-005, 0.87258979, 1.09328877e-005, 0.488453743, 0.488453742, 3.88397083e-005, -0.872589789, -2.8511327e-005, 0.999999999, 2.8550923e-005, 0, 0, 0, 0, 0, 0, 0, 0.240241724, -0.17474104, -0.167517285, 0.187496371, 0.737928244, -0.64814411, -0.443603516, 0.65234375, 0.614379883, 0.876355963, 0.172205182, 0.450072869, 0, 0, 0, 0, 0, 0, 0, 0.311906982, -0.154303223, -0.126370264, 0.0355268146, 0.247317432, -0.968266334, 0.254394531, -0.939086914, -0.23059082, -0.966301618, -0.238148202, -0.0962454706, 4, 1, 
242.243853, 0.1, 0.1, 0.0847748446, 0.195917032, -0.0199628008, 0.872589781, 3.49260978e-006, 0.488453758, 0.488453758, 1.96407752e-005, -0.872589781, -1.26412261e-005, 1, 1.54323614e-005, 0.87258978, -7.02515359e-006, 0.488453759, 0.488453759, -2.12115953e-005, -0.87258978, 1.64909607e-005, 1, -1.50775586e-005, 0, 0, 0, 0, 0, 0, 0, 0.239659399, -0.175196069, -0.167714771, 0.187496371, 0.737928244, -0.64814411, -0.443603516, 0.65234375, 0.614379883, 0.876355963, 0.172205182, 0.450072869, 0, 0, 0, 0, 0, 0, 0, 0.311380664, -0.154434668, -0.127003125, 0.0344724797, 0.248282448, -0.967991448, 0.253051758, -0.939086914, -0.231933594, -0.966780661, -0.236819348, -0.09535738, 4, 1, 
242.244687, 0.1, 0.1, 0.0847748448, 0.195917031, -0.0199616829, 0.872589783, -1.15408888e-005, 0.488453754, 0.488453753, -4.1773095e-005, -0.872589783, 3.04746867e-005, 0.999999999, -3.08135854e-005, 0.872589783, -7.52486401e-006, 0.488453755, 0.488453754, -2.31263687e-005, -0.872589783, 1.78622811e-005, 1, -1.6504285e-005, 0, 0, 0, 0, 0, 0, 0, 0.239659399, -0.175196069, -0.167714771, 0.187496371, 0.737928244, -0.64814411, -0.443603516, 0.65234375, 0.614379883, 0.876355963, 0.172205182, 0.450072869, 0, 0, 0, 0, 0, 0, 0, 0.311380664, -0.154434668, -0.127003125, 0.0344724797, 0.248282448, -0.967991448, 0.253051758, -0.939086914, -0.231933594, -0.966780661, -0.236819348, -0.09535738, 4, 1, 
242.245525, 0.1, 0.1, 0.0847748442, 0.195917028, -0.0199612479, 0.872589783, 1.12586437e-005, 0.488453755, 0.488453754, 4.17853589e-005, -0.872589782, -3.02343929e-005, 0.999999999, 3.09621505e-005, 0.872589783, 1.16709609e-005, 0.488453754, 0.488453753, 4.31384061e-005, -0.872589783, -3.12550776e-005, 0.999999999, 3.19414078e-005, 0, 0, 0, 0, 0, 0, 0, 0.239659399, -0.175196069, -0.167714771, 0.187496371, 0.737928244, -0.64814411, -0.443603516, 0.65234375, 0.614379883, 0.876355963, 0.172205182, 0.450072869, 0, 0, 0, 0, 0, 0, 0, 0.311380664, -0.154434668, -0.127003125, 0.0344724797, 0.248282448, -0.967991448, 0.253051758, -0.939086914, -0.231933594, -0.966780661, -0.236819348, -0.09535738, 4, 1, 
242.24636, 0.1, 0.1, 0.0847748456, 0.195917033, -0.0199616057, 0.872589786, -5.00571442e-006, 0.488453749, 0.488453749, -1.63101581e-005, -0.872589786, 1.23346931e-005, 1, -1.17870174e-005, 0.872589785, -1.09959638e-005, 0.488453751, 0.48845375, -3.77094949e-005, -0.872589785, 2.80143099e-005, 0.999999999, -2.75339003e-005, 0, 0, 0, 0, 0, 0, 0, 0.239659399, -0.175196069, -0.167714771, 0.187496371, 0.737928244, -0.64814411, -0.443603516, 0.65234375, 0.614379883, 0.876355963, 0.172205182, 0.450072869, 0, 0, 0, 0, 0, 0, 0, 0.311380664, -0.154434668, -0.127003125, 0.0344724797, 0.248282448, -0.967991448, 0.253051758, -0.939086914, -0.231933594, -0.966780661, -0.236819348, -0.09535738, 4, 1, 
242.247199, 0.1, 0.1, 0.0847748443, 0.195917027, -0.0199625704, 0.87258979, -6.08899636e-006, 0.488453743, 0.488453742, -1.83167997e-005, -0.87258979, 1.42601054e-005, 1, -1.30088593e-005, 0.87258979, 5.22311251e-006, 0.488453743, 0.488453743, 2.0338483e-005, -0.87258979, -1.44920428e-005, 1, 1.51959038e-005, 0, 0, 0, 0, 0, 0, 0, 0.239659399, -0.175196069, -0.167714771, 0.187496371, 0.737928244, -0.64814411, -0.443603516, 0.65234375, 0.614379883, 0.876355963, 0.172205182, 0.450072869, 0, 0, 0, 0, 0, 0, 0, 0.311380664, -0.154434668, -0.127003125, 0.0344724797, 0.248282448, -0.967991448, 0.253051758, -0.939086914, -0.231933594, -0.966780661, -0.236819348, -0.09535738, 4, 1, 
242.248082, 0.1, 0.1, 0.0847748444, 0.195917028, -0.0199633907, 0.872589785, 1.52015202e-005, 0.488453752, 0.488453751, 4.71562084e-005, -0.872589784, -3.62983181e-005, 0.999999999, 3.37227862e-005, 0.872589786, 1.00983979e-005, 0.488453749, 0.488453748, 2.9933502e-005, -0.872589786, -2.34328901e-005, 1, 2.11870678e-005, 0, 0, 0, 0, 0, 0, 0, 0.239964185, -0.175966382, -0.166684253, 0.189196298, 0.735822431, -0.649970596, -0.446411133, 0.654174805, 0.610595703, 0.874603617, 0.174516181, 0.452586811, 0, 0, 0, 0, 0, 0, 0, 0.31216748, -0.155086963, -0.125786475, 0.0394499452, 0.245234649, -0.968541587, 0.25402832, -0.939941406, -0.227661133, -0.966257508, -0.237016942, -0.0994657113, 4, 1, 
242.248917, 0.1, 0.1, 0.0847748449, 0.195917028, -0.0199637956, 0.87258977, -1.20980228e-005, 0.488453777, 0.488453777, -3.12031847e-005, -0.87258977, 2.57979244e-005, 0.999999999, -2.13182548e-005, 0.872589773, -1.16489154e-005, 0.488453773, 0.488453772, -3.18366067e-005, -0.872589773, 2.57154351e-005, 0.999999999, -2.20903407e-005, 0, 0, 0, 0, 0, 0, 0, 0.239964185, -0.175966382, -0.166684253, 0.189196298, 0.735822431, -0.649970596, -0.446411133, 0.654174805, 0.610595703, 0.874603617, 0.174516181, 0.452586811, 0, 0, 0, 0, 0, 0, 0, 0.31216748, -0.155086963, -0.125786475, 0.0394499452, 0.245234649, -0.968541587, 0.25402832, -0.939941406, -0.227661133, -0.966257508, -0.237016942, -0.0994657113, 4, 1, 
242.249757, 0.1, 0.1, 0.084774844, 0.195917023, -0.0199639844, 0.872589763, 5.3901686e-006, 0.48845379, 0.48845379, 1.73465585e-005, -0.872589763, -1.31763982e-005, 1, 1.25035811e-005, 0.872589763, 9.66522837e-006, 0.488453791, 0.48845379, 3.88764896e-005, -0.872589762, -2.74231481e-005, 0.999999999, 2.92022094e-005, 0, 0, 0, 0, 0, 0, 0, 0.239964185, -0.175966382, -0.166684253, 0.189196298, 0.735822431, -0.649970596, -0.446411133, 0.654174805, 0.610595703, 0.874603617, 0.174516181, 0.452586811, 0, 0, 0, 0, 0, 0, 0, 0.31216748, -0.155086963, -0.125786475, 0.0394499452, 0.245234649, -0.968541587, 0.25402832, -0.939941406, -0.227661133, -0.966257508, -0.237016942, -0.0994657113, 4, 1, 
242.250618, 0.1, 0.1, 0.084774845, 0.195917028, -0.0199638256, 0.87258977, 7.17463001e-006, 0.488453778, 0.488453778, 1.91883929e-005, -0.87258977, -1.56331518e-005, 1, 1.32391202e-005, 0.872589768, -3.62491867e-006, 0.488453782, 0.488453781, -2.2360318e-005, -0.872589768, 1.40850488e-005, 1, -1.77407794e-005, 0, 0, 0, 0, 0, 0, 0, 0.239964185, -0.175966382, -0.166684253, 0.189196298, 0.735822431, -0.649970596, -0.446411133, 0.654174805, 0.610595703, 0.874603617, 0.174516181, 0.452586811, 0, 0, 0, 0, 0, 0, 0, 0.31216748, -0.155086963, -0.125786475, 0.0439994069, 0.243195975, -0.968919284, 0.25769043, -0.939697266, -0.224243164, -0.965165627, -0.239808812, -0.104046889, 4, 1, 
242.25146, 0.1, 0.1, 0.0847748453, 0.195917027, -0.0199632549, 0.872589766, -1.51899747e-005, 0.488453785, 0.488453784, -4.32650989e-005, -0.872589765, 3.43876178e-005, 0.999999999, -3.03330819e-005, 0.872589768, -9.75097001e-006, 0.488453782, 0.488453782, -2.47995294e-005, -0.872589767, 2.06220206e-005, 1, -1.68769174e-005, 0, 0, 0, 0, 0, 0, 0, 0.239964185, -0.175966382, -0.166684253, 0.189196298, 0.735822431, -0.649970596, -0.446411133, 0.654174805, 0.610595703, 0.874603617, 0.174516181, 0.452586811, 0, 0, 0, 0, 0, 0, 0, 0.313161182, -0.155057324, -0.124121875, 0.0439994069, 0.243195975, -0.968919284, 0.25769043, -0.939697266, -0.224243164, -0.965165627, -0.239808812, -0.104046889, 4, 1, 
242.252294, 0.1, 0.1, 0.0847748452, 0.195917026, -0.0199627994, 0.872589752, 1.09267118e-005, 0.48845381, 0.488453809, 3.18399703e-005, -0.872589752, -2.50868916e-005, 0.999999999, 2.24460378e-005, 0.872589754, 1.08862333e-005, 0.488453806, 0.488453805, 3.36339111e-005, -0.872589754, -2.59278276e-005, 0.999999999, 2.40311841e-005, 0, 0, 0, 0, 0, 0, 0, 0.239964185, -0.175966382, -0.166684253, 0.189196298, 0.735822431, -0.649970596, -0.446411133, 0.654174805, 0.610595703, 0.874603617, 0.174516181, 0.452586811, 0, 0, 0, 0, 0, 0, 0, 0.313161182, -0.155057324, -0.124121875, 0.0439994069, 0.243195975, -0.968919284, 0.25769043, -0.939697266, -0.224243164, -0.965165627, -0.239808812, -0.104046889, 4, 1, 
242.253147, 0.1, 0.1, 0.084774847, 0.195917033, -0.0199624635, 0.872589744, -7.68185141e-006, 0.488453824, 0.488453824, -2.37068097e-005, -0.872589744, 1.82827866e-005, 1, -1.69340893e-005, 0.872589744, -1.31902283e-005, 0.488453824, 0.488453823, -4.53071303e-005, -0.872589744, 3.36400989e-005, 0.999999999, -3.30917198e-005, 0, 0, 0, 0, 0, 0, 0, 0.240853369, -0.175972241, -0.165580615, 0.189277551, 0.735468964, -0.650419543, -0.451416016, 0.653564453, 0.607543945, 0.871995318, 0.178527107, 0.4559949, 0, 0, 0, 0, 0, 0, 0, 0.313161182, -0.155057324, -0.124121875, 0.0439994069, 0.243195975, -0.968919284, 0.25769043, -0.939697266, -0.224243164, -0.965165627, -0.239808812, -0.104046889, 4, 1, 
242.253982, 0.1, 0.1, 0.0847748461, 0.195917029, -0.0199624027, 0.872589749, -5.16097278e-006, 0.488453816, 0.488453816, -2.45004542e-005, -0.872589748, 1.64707523e-005, 1, -1.88579483e-005, 0.872589746, 4.81749978e-006, 0.48845382, 0.48845382, 1.40522024e-005, -0.872589746, -1.10675528e-005, 1, 9.90868152e-006, 0, 0, 0, 0, 0, 0, 0, 0.240853369, -0.175972241, -0.165580615, 0.189277551, 0.735468964, -0.650419543, -0.451416016, 0.653564453, 0.607543945, 0.871995318, 0.178527107, 0.4559949, 0, 0, 0, 0, 0, 0, 0, 0.313161182, -0.155057324, -0.124121875, 0.0439994069, 0.243195975, -0.968919284, 0.25769043, -0.939697266, -0.224243164, -0.965165627, -0.239808812, -0.104046889, 4, 1, 
242.254818, 0.1, 0.1, 0.0847748465, 0.195917031, -0.0199627304, 0.872589761, 1.06094027e-005, 0.488453794, 0.488453794, 4.06105198e-005, -0.87258976, -2.90940186e-005, 0.999999999, 3.02541208e-005, 0.872589758, 5.85754077e-006, 0.488453799, 0.488453799, 2.1046635e-005, -0.872589758, -1.53915389e-005, 1, 1.55039401e-005, 0, 0, 0, 0, 0, 0, 0, 0.240853369, -0.175972241, -0.165580615, 0.189277551, 0.735468964, -0.650419543, -0.451416016, 0.653564453, 0.607543945, 0.871995318, 0.178527107, 0.4559949, 0, 0, 0, 0, 0, 0, 0, 0.313161182, -0.155057324, -0.124121875, 0.0439994069, 0.243195975, -0.968919284, 0.25769043, -0.939697266, -0.224243164, -0.965165627, -0.239808812, -0.104046889, 4, 1, 
