time, realDorsalTactorPos, realVentralTactorPos, boxPosX, boxPosY, boxPosZ, boxLocalRot_11, boxLocalRot_12, boxLocalRot_13, boxLocalRot_21, boxLocalRot_22, boxLocalRot_23, boxLocalRot_31, boxLocalRot_32, boxLocalRot_33, boxGlobalRot_11, boxGlobalRot_12, boxGlobalRot_13, boxGlobalRot_21, boxGlobalRot_22, boxGlobalRot_23, boxGlobalRot_31, boxGlobalRot_32, boxGlobalRot_33, indexForceX, indexForceY, indexForceZ, indexForceGlobalX, indexForceGlobalY, indexForceGlobalZ, indexContact, indexPosX, indexPosY, indexPosZ, indexRot_11, indexRot_12, indexRot_13, indexRot_21, indexRot_22, indexRot_23, indexRot_31, indexRot_32, indexRot_33, thumbForceX, thumbForceY, thumbForceZ, thumbForceGlobalX, thumbForceGlobalY, thumbForceGlobalZ, thumbContact, thumbPosX, thumbPosY, thumbPosZ, thumbRot_11, thumbRot_12, thumbRot_13, thumbRot_21, thumbRot_22, thumbRot_23, thumbRot_31, thumbRot_32, thumbRot_33, mapping, trialSuccess, 
63.0434952, 0.1, 0.1, 0.125084795, 0.192115258, -0.0199538532, 0.739445729, -0.673216172, -6.51377211e-006, 0.673216171, 0.739445729, -3.88455787e-005, 3.09680527e-005, 2.43390205e-005, 0.999999999, 0.739445832, -0.673216057, -3.69221638e-005, 0.673216057, 0.739445833, -6.86272883e-006, 3.19220394e-005, -1.97819773e-005, 0.999999999, 0, 0, 0, 0, 0, 0, 0, 0.185147754, -0.143203101, -0.19048103, -0.254014373, 0.902172385, -0.348182047, -0.426269531, 0.21875, 0.877685547, 0.868297884, 0.371128787, 0.329149937, 0, 0, 0, 0, 0, 0, 0, 0.264538818, -0.10589082, -0.165055713, -0.29547137, 0.359426927, -0.885121093, 0.526123047, -0.712036133, -0.46472168, -0.79733803, -0.602939653, 0.0212434874, 1, 1, 
63.0531825, 0.1, 0.1, 0.125084774, 0.192115265, -0.019948941, 0.73943367, -0.673229417, -6.26086493e-006, 0.673229416, 0.739433669, -6.11809095e-005, 4.58182824e-005, 4.1024226e-005, 0.999999998, 0.73943403, -0.673229019, -5.88196971e-005, 0.673229018, 0.739434032, -4.21036236e-005, 7.1838667e-005, -8.46627486e-006, 0.999999997, 0, 0, 0, 0, 0, 0, 0, 0.187361621, -0.151424512, -0.188988818, -0.254514617, 0.898397724, -0.357762657, -0.421386719, 0.229980469, 0.877197266, 0.87060177, 0.373827697, 0.320162042, 0, 0, 0, 0, 0, 0, 0, 0.266503174, -0.114215479, -0.162863574, -0.301355149, 0.343854707, -0.889221395, 0.531494141, -0.713623047, -0.456176758, -0.79157382, -0.610099782, 0.0322276003, 1, 1, 
63.0540281, 0.1, 0.1, 0.125084752, 0.192115261, -0.0199501624, 0.739431264, -0.673232056, 6.71444022e-005, 0.67323205, 0.739431267, 8.94345382e-005, -0.000109858868, -2.09269301e-005, 0.999999994, 0.739431787, -0.673231477, 0.000104253921, 0.673231475, 0.739431794, 5.80145768e-005, -0.000116145903, 2.72891987e-005, 0.999999993, 0, 0, 0, 0, 0, 0, 0, 0.187361621, -0.151424512, -0.188988818, -0.254514617, 0.898397724, -0.357762657, -0.421386719, 0.229980469, 0.877197266, 0.87060177, 0.373827697, 0.320162042, 0, 0, 0, 0, 0, 0, 0, 0.266503174, -0.114215479, -0.162863574, -0.301355149, 0.343854707, -0.889221395, 0.531494141, -0.713623047, -0.456176758, -0.79157382, -0.610099782, 0.0322276003, 1, 1, 
63.0549395, 0.1, 0.1, 0.125084759, 0.192115259, -0.0199560915, 0.739427867, -0.673235789, -4.59881627e-005, 0.673235784, 0.739427868, -8.56406497e-005, 9.16612795e-005, 3.23642062e-005, 0.999999995, 0.73942877, -0.673234796, -6.25872633e-005, 0.673234795, 0.739428772, -2.91936092e-005, 6.59329767e-005, -2.05493288e-005, 0.999999998, 0, 0, 0, 0, 0, 0, 0, 0.187361621, -0.151424512, -0.188988818, -0.254514617, 0.898397724, -0.357762657, -0.421386719, 0.229980469, 0.877197266, 0.87060177, 0.373827697, 0.320162042, 0, 0, 0, 0, 0, 0, 0, 0.266503174, -0.114215479, -0.162863574, -0.301355149, 0.343854707, -0.889221395, 0.531494141, -0.713623047, -0.456176758, -0.79157382, -0.610099782, 0.0322276003, 1, 1, 
63.05584, 0.1, 0.1, 0.125084757, 0.192115275, -0.0199624923, 0.739424064, -0.673239967, 2.43892247e-005, 0.673239967, 0.739424064, 2.01379283e-005, -3.15916379e-005, 1.52933205e-006, 0.999999999, 0.739424813, -0.673239144, 2.76978566e-005, 0.673239145, 0.739424812, -2.7394519e-005, -2.03741993e-006, 3.89034684e-005, 0.999999999, 0, 0, 0, 0, 0, 0, 0, 0.189092749, -0.154651221, -0.188319482, -0.255530453, 0.896247729, -0.362091101, -0.422729492, 0.233276367, 0.875732422, 0.869650335, 0.376640061, 0.319364497, 0, 0, 0, 0, 0, 0, 0, 0.267244287, -0.117185645, -0.162374121, -0.304255661, 0.340161253, -0.889725591, 0.532714844, -0.713500977, -0.454956055, -0.789669307, -0.61232912, 0.0358568884, 1, 1, 
63.0566824, 0.1, 0.1, 0.125084764, 0.192115257, -0.0199681639, 0.73942021, -0.673244196, -7.0691924e-005, 0.6732442, 0.739420209, 4.47536864e-005, 2.21408776e-005, -8.0684708e-005, 0.999999996, 0.73942097, -0.673243363, -5.57896634e-005, 0.673243365, 0.739420966, 7.72285322e-005, -1.07415499e-005, -9.4664417e-005, 0.999999995, 0, 0, 0, 0, 0, 0, 0, 0.189092749, -0.154651221, -0.188319482, -0.255530453, 0.896247729, -0.362091101, -0.422729492, 0.233276367, 0.875732422, 0.869650335, 0.376640061, 0.319364497, 0, 0, 0, 0, 0, 0, 0, 0.267244287, -0.117185645, -0.162374121, -0.304255661, 0.340161253, -0.889725591, 0.532714844, -0.713500977, -0.454956055, -0.789669307, -0.61232912, 0.0358568884, 1, 1, 
63.0575731, 0.1, 0.1, 0.125084764, 0.192115268, -0.0199715359, 0.739415896, -0.673248936, 6.0859796e-005, 0.673248938, 0.739415893, -6.99310471e-005, 2.08030265e-006, 9.26819209e-005, 0.999999996, 0.739416804, -0.67324794, 2.70817413e-005, 0.67324794, 0.739416801, -7.2777458e-005, 2.89725792e-005, 7.2045602e-005, 0.999999997, 0, 0, 0, 0, 0, 0, 0, 0.189092749, -0.154651221, -0.188319482, -0.255530453, 0.896247729, -0.362091101, -0.422729492, 0.233276367, 0.875732422, 0.869650335, 0.376640061, 0.319364497, 0, 0, 0, 0, 0, 0, 0, 0.267244287, -0.117185645, -0.162374121, -0.304255661, 0.340161253, -0.889725591, 0.532714844, -0.713500977, -0.454956055, -0.789669307, -0.61232912, 0.0358568884, 1, 1, 
63.058438, 0.1, 0.1, 0.125084744, 0.19211527, -0.019971035, 0.739411477, -0.67325379, 3.8013747e-005, 0.673253789, 0.739411478, 3.66496509e-005, -5.27823172e-005, -1.50627336e-006, 0.999999999, 0.73941234, -0.67325284, 7.53120774e-005, 0.673252841, 0.739412343, 1.57061632e-005, -6.62608986e-005, 3.90907391e-005, 0.999999997, 0, 0, 0, 0, 0, 0, 0, 0.189092749, -0.154651221, -0.188319482, -0.255530453, 0.896247729, -0.362091101, -0.422729492, 0.233276367, 0.875732422, 0.869650335, 0.376640061, 0.319364497, 0, 0, 0, 0, 0, 0, 0, 0.267244287, -0.117185645, -0.162374121, -0.304255661, 0.340161253, -0.889725591, 0.532714844, -0.713500977, -0.454956055, -0.789669307, -0.61232912, 0.0358568884, 1, 1, 
63.0592837, 0.1, 0.1, 0.125084751, 0.192115267, -0.0199677369, 0.73940704, -0.673258664, -3.2332631e-005, 0.673258664, 0.739407041, -1.3783298e-005, 3.31866998e-005, -1.15767564e-005, 0.999999999, 0.739407909, -0.673257709, -5.1023807e-005, 0.673257709, 0.73940791, 1.06634587e-008, 3.77202272e-005, -3.43600561e-005, 0.999999999, 0, 0, 0, 0, 0, 0, 0, 0.189092749, -0.154651221, -0.188319482, -0.255530453, 0.896247729, -0.362091101, -0.422729492, 0.233276367, 0.875732422, 0.869650335, 0.376640061, 0.319364497, 0, 0, 0, 0, 0, 0, 0, 0.267244287, -0.117185645, -0.162374121, -0.304255661, 0.340161253, -0.889725591, 0.532714844, -0.713500977, -0.454956055, -0.789669307, -0.61232912, 0.0358568884, 1, 1, 
63.0602276, 0.1, 0.1, 0.125084739, 0.19211527, -0.0199615618, 0.73940221, -0.673263969, 2.39020083e-005, 0.673263969, 0.73940221, 7.24369721e-006, -2.25501181e-005, 1.07363552e-005, 1, 0.739403048, -0.673263047, 5.24074436e-005, 0.673263048, 0.739403049, -1.23416493e-006, -3.79193059e-005, 3.61965405e-005, 0.999999999, 0, 0, 0, 0, 0, 0, 0, 0.191106543, -0.156978491, -0.1871104, -0.259618885, 0.894054671, -0.364755568, -0.426635742, 0.232543945, 0.874023438, 0.866466529, 0.382301861, 0.32126961, 0, 0, 0, 0, 0, 0, 0, 0.268520508, -0.119599854, -0.161731738, -0.306350838, 0.33548346, -0.890805079, 0.536865234, -0.711791992, -0.452758789, -0.786084495, -0.616871285, 0.0379527984, 1, 1, 
63.0610744, 0.1, 0.1, 0.125084745, 0.192115265, -0.0199564232, 0.739398326, -0.673268234, 1.46762996e-005, 0.673268234, 0.739398326, 2.77442974e-005, -2.95309855e-005, -1.06330007e-005, 1, 0.739399048, -0.673267441, -2.96158264e-005, 0.673267442, 0.739399047, 2.81735731e-005, 2.92956431e-006, -4.07708848e-005, 0.999999999, 0, 0, 0, 0, 0, 0, 0, 0.191106543, -0.156978491, -0.1871104, -0.259618885, 0.894054671, -0.364755568, -0.426635742, 0.232543945, 0.874023438, 0.866466529, 0.382301861, 0.32126961, 0, 0, 0, 0, 0, 0, 0, 0.268520508, -0.119599854, -0.161731738, -0.306350838, 0.33548346, -0.890805079, 0.536865234, -0.711791992, -0.452758789, -0.786084495, -0.616871285, 0.0379527984, 1, 1, 
63.0619332, 0.1, 0.1, 0.125084735, 0.192115272, -0.019954024, 0.739395402, -0.673271445, -1.31275961e-005, 0.673271444, 0.739395402, -4.2022593e-005, 3.79990962e-005, 2.22328765e-005, 0.999999999, 0.739395929, -0.673270866, 2.31843158e-005, 0.673270866, 0.739395928, -5.31745844e-005, 1.86585098e-005, 5.49263957e-005, 0.999999998, 0, 0, 0, 0, 0, 0, 0, 0.191106543, -0.156978491, -0.1871104, -0.259618885, 0.894054671, -0.364755568, -0.426635742, 0.232543945, 0.874023438, 0.866466529, 0.382301861, 0.32126961, 0, 0, 0, 0, 0, 0, 0, 0.268520508, -0.119599854, -0.161731738, -0.306350838, 0.33548346, -0.890805079, 0.536865234, -0.711791992, -0.452758789, -0.786084495, -0.616871285, 0.0379527984, 1, 1, 
63.0628611, 0.1, 0.1, 0.12508474, 0.192115261, -0.019953843, 0.739393517, -0.673273515, 1.53918364e-005, 0.673273514, 0.739393517, 4.48120493e-005, -4.155139e-005, -2.2770823e-005, 0.999999999, 0.739393784, -0.673273223, -4.34291036e-006, 0.673273222, 0.739393782, 6.91428175e-005, -4.33408867e-005, -5.40477347e-005, 0.999999998, 0, 0, 0, 0, 0, 0, 0, 0.192712427, -0.159084473, -0.185918164, -0.262989903, 0.891867605, -0.367693369, -0.4296875, 0.232910156, 0.872436523, 0.863910648, 0.38722116, 0.32222928, 0, 0, 0, 0, 0, 0, 0, 0.26960376, -0.121369727, -0.160879785, -0.30830529, 0.330811864, -0.891782488, 0.542358398, -0.708984375, -0.450561523, -0.78150295, -0.622640226, 0.0390774957, 1, 1, 
63.0637106, 0.1, 0.1, 0.125084735, 0.192115271, -0.0199566687, 0.739392641, -0.673274477, 1.1613865e-006, 0.673274477, 0.739392641, -2.78049482e-005, 1.78616413e-005, 2.1340706e-005, 1, 0.739392779, -0.673274326, 8.19320904e-006, 0.673274325, 0.739392777, -5.82563831e-005, 3.31645275e-005, 4.85906262e-005, 0.999999998, 0, 0, 0, 0, 0, 0, 0, 0.192712427, -0.159084473, -0.185918164, -0.262989903, 0.891867605, -0.367693369, -0.4296875, 0.232910156, 0.872436523, 0.863910648, 0.38722116, 0.32222928, 0, 0, 0, 0, 0, 0, 0, 0.26960376, -0.121369727, -0.160879785, -0.30830529, 0.330811864, -0.891782488, 0.542358398, -0.708984375, -0.450561523, -0.78150295, -0.622640226, 0.0390774957, 1, 1, 
63.0645952, 0.1, 0.1, 0.125084739, 0.192115263, -0.0199615161, 0.739391953, -0.673275233, -2.89267678e-005, 0.673275233, 0.739391953, -2.52538828e-006, 2.30885007e-005, -1.76084245e-005, 1, 0.739392107, -0.673275063, -2.30163e-005, 0.673275064, 0.739392106, 3.98500808e-005, -9.81199519e-006, -4.49611361e-005, 0.999999999, 0, 0, 0, 0, 0, 0, 0, 0.192712427, -0.159084473, -0.185918164, -0.262989903, 0.891867605, -0.367693369, -0.4296875, 0.232910156, 0.872436523, 0.863910648, 0.38722116, 0.32222928, 0, 0, 0, 0, 0, 0, 0, 0.26960376, -0.121369727, -0.160879785, -0.30830529, 0.330811864, -0.891782488, 0.542358398, -0.708984375, -0.450561523, -0.78150295, -0.622640226, 0.0390774957, 1, 1, 
63.0654621, 0.1, 0.1, 0.125084735, 0.192115272, -0.0199657493, 0.739390915, -0.673276372, 2.84603412e-005, 0.673276373, 0.739390916, -3.78149917e-007, -2.07887184e-005, 1.94412759e-005, 1, 0.73939115, -0.673276114, 3.34102634e-005, 0.673276115, 0.73939115, -2.5750516e-005, -7.36604566e-006, 4.1534036e-005, 0.999999999, 0, 0, 0, 0, 0, 0, 0, 0.192712427, -0.159084473, -0.185918164, -0.262989903, 0.891867605, -0.367693369, -0.4296875, 0.232910156, 0.872436523, 0.863910648, 0.38722116, 0.32222928, 0, 0, 0, 0, 0, 0, 0, 0.26960376, -0.121369727, -0.160879785, -0.30830529, 0.330811864, -0.891782488, 0.542358398, -0.708984375, -0.450561523, -0.78150295, -0.622640226, 0.0390774957, 1, 1, 
63.0663382, 0.1, 0.1, 0.12508474, 0.192115269, -0.0199683873, 0.739389431, -0.673278002, -3.17892916e-005, 0.673278003, 0.739389431, -1.05289663e-005, 3.05935876e-005, -1.36180243e-005, 0.999999999, 0.739389735, -0.673277668, -4.57944364e-005, 0.673277669, 0.739389735, 3.02102842e-006, 3.18259452e-005, -3.30660887e-005, 0.999999999, 0, 0, 0, 0, 0, 0, 0, 0.192712427, -0.159084473, -0.185918164, -0.262989903, 0.891867605, -0.367693369, -0.4296875, 0.232910156, 0.872436523, 0.863910648, 0.38722116, 0.32222928, 0, 0, 0, 0, 0, 0, 0, 0.26960376, -0.121369727, -0.160879785, -0.30830529, 0.330811864, -0.891782488, 0.542358398, -0.708984375, -0.450561523, -0.78150295, -0.622640226, 0.0390774957, 1, 1, 
63.0672802, 0.1, 0.1, 0.125084734, 0.192115272, -0.0199680493, 0.739387586, -0.673280029, 3.26814013e-006, 0.673280029, 0.739387586, 4.0150355e-006, -5.11966546e-006, -7.68293921e-007, 1, 0.739388024, -0.673279547, 3.36575376e-005, 0.673279548, 0.739388024, -5.96714657e-006, -2.08684225e-005, 2.70729684e-005, 0.999999999, 0, 0, 0, 0, 0, 0, 0, 0.192712427, -0.159084473, -0.185918164, -0.268512039, 0.889998058, -0.368309311, -0.430664062, 0.231079102, 0.872436523, 0.861819061, 0.392584536, 0.321461692, 0, 0, 0, 0, 0, 0, 0, 0.26960376, -0.121369727, -0.160879785, -0.311550317, 0.325814342, -0.892510531, 0.547851563, -0.705810547, -0.448852539, -0.776320594, -0.628811652, 0.0413330868, 1, 1, 
63.0681359, 0.1, 0.1, 0.125084734, 0.192115275, -0.0199650232, 0.73938578, -0.673282012, 1.98234475e-005, 0.673282012, 0.73938578, 1.14992362e-005, -2.23994041e-005, 4.84439892e-006, 1, 0.739386146, -0.673281611, 5.4246487e-006, 0.673281611, 0.739386145, -1.62188175e-005, 6.90892151e-006, 1.56442852e-005, 1, 0, 0, 0, 0, 0, 0, 0, 0.193763306, -0.160503149, -0.185059009, -0.268512039, 0.889998058, -0.368309311, -0.430664062, 0.231079102, 0.872436523, 0.861819061, 0.392584536, 0.321461692, 0, 0, 0, 0, 0, 0, 0, 0.270614258, -0.122723145, -0.160210791, -0.311550317, 0.325814342, -0.892510531, 0.547851563, -0.705810547, -0.448852539, -0.776320594, -0.628811652, 0.0413330868, 1, 1, 
63.0690104, 0.1, 0.1, 0.125084734, 0.192115271, -0.0199612295, 0.739383823, -0.673284162, -1.59422112e-005, 0.673284161, 0.739383823, -2.22917345e-005, 2.67960848e-005, 5.74850961e-006, 1, 0.739384193, -0.673283755, -9.41836473e-006, 0.673283755, 0.739384193, -9.45389144e-006, 1.33289415e-005, 6.48825928e-007, 1, 0, 0, 0, 0, 0, 0, 0, 0.193763306, -0.160503149, -0.185059009, -0.268512039, 0.889998058, -0.368309311, -0.430664062, 0.231079102, 0.872436523, 0.861819061, 0.392584536, 0.321461692, 0, 0, 0, 0, 0, 0, 0, 0.270614258, -0.122723145, -0.160210791, -0.311550317, 0.325814342, -0.892510531, 0.547851563, -0.705810547, -0.448852539, -0.776320594, -0.628811652, 0.0413330868, 1, 1, 
63.0699446, 0.1, 0.1, 0.125084729, 0.192115268, -0.0199571407, 0.739382056, -0.673286101, 4.67541214e-005, 0.673286101, 0.739382057, 1.41116566e-005, -4.40703407e-005, 2.10449944e-005, 0.999999999, 0.739382396, -0.673285728, 3.27029761e-005, 0.673285727, 0.739382397, 3.491412e-005, -4.76871836e-005, -3.79643863e-006, 0.999999999, 0, 0, 0, 0, 0, 0, 0, 0.193763306, -0.160503149, -0.185059009, -0.268512039, 0.889998058, -0.368309311, -0.430664062, 0.231079102, 0.872436523, 0.861819061, 0.392584536, 0.321461692, 0, 0, 0, 0, 0, 0, 0, 0.270614258, -0.122723145, -0.160210791, -0.311550317, 0.325814342, -0.892510531, 0.547851563, -0.705810547, -0.448852539, -0.776320594, -0.628811652, 0.0413330868, 1, 1, 
63.0707947, 0.1, 0.1, 0.125084731, 0.192115269, -0.0199551441, 0.739381037, -0.673287221, -2.31609901e-005, 0.673287221, 0.739381037, 1.04007041e-005, 1.01221357e-005, -2.32840821e-005, 1, 0.739381196, -0.673287045, -4.07784697e-005, 0.673287046, 0.739381196, 3.30817055e-006, 2.79234853e-005, -2.99016145e-005, 0.999999999, 0, 0, 0, 0, 0, 0, 0, 0.193763306, -0.160503149, -0.185059009, -0.268512039, 0.889998058, -0.368309311, -0.430664062, 0.231079102, 0.872436523, 0.861819061, 0.392584536, 0.321461692, 0, 0, 0, 0, 0, 0, 0, 0.270614258, -0.122723145, -0.160210791, -0.311550317, 0.325814342, -0.892510531, 0.547851563, -0.705810547, -0.448852539, -0.776320594, -0.628811652, 0.0413330868, 1, 1, 
63.0716624, 0.1, 0.1, 0.125084727, 0.192115266, -0.0199560172, 0.739380279, -0.673288053, -2.22759941e-005, 0.673288053, 0.73938028, -1.03533161e-005, 2.34411948e-005, -7.34312294e-006, 1, 0.739380423, -0.673287895, 1.41664883e-005, 0.673287895, 0.739380423, 7.8159049e-006, -1.57367783e-005, 3.75919804e-006, 1, 0, 0, 0, 0, 0, 0, 0, 0.193763306, -0.160503149, -0.185059009, -0.268512039, 0.889998058, -0.368309311, -0.430664062, 0.231079102, 0.872436523, 0.861819061, 0.392584536, 0.321461692, 0, 0, 0, 0, 0, 0, 0, 0.270614258, -0.122723145, -0.160210791, -0.311550317, 0.325814342, -0.892510531, 0.547851563, -0.705810547, -0.448852539, -0.776320594, -0.628811652, 0.0413330868, 1, 1, 
63.0725872, 0.1, 0.1, 0.12508473, 0.192115271, -0.0199580857, 0.739379558, -0.673288845, 3.04694247e-005, 0.673288845, 0.739379558, -1.96066247e-006, -2.12083776e-005, 2.19643976e-005, 1, 0.739379676, -0.673288716, 1.53121555e-005, 0.673288716, 0.739379676, -9.07111619e-006, -5.21401638e-006, 1.70165004e-005, 1, 0, 0, 0, 0, 0, 0, 0, 0.194909644, -0.162611084, -0.184295923, -0.272237646, 0.887816983, -0.370696694, -0.430175781, 0.232299805, 0.872314453, 0.860926037, 0.396761334, 0.31887361, 0, 0, 0, 0, 0, 0, 0, 0.271386133, -0.12471748, -0.159521533, -0.314680506, 0.320785104, -0.893206492, 0.551757813, -0.703857422, -0.447143555, -0.772230853, -0.633513498, 0.0444512488, 1, 1, 
63.0734696, 0.1, 0.1, 0.125084734, 0.192115272, -0.0199611985, 0.739378761, -0.67328972, -2.79016721e-005, 0.673289719, 0.739378762, -2.468527e-005, 3.72502423e-005, -5.34144614e-007, 0.999999999, 0.739378942, -0.67328952, -4.39425359e-005, 0.67328952, 0.739378943, -1.11266034e-005, 3.99816112e-005, -2.13592727e-005, 0.999999999, 0, 0, 0, 0, 0, 0, 0, 0.194909644, -0.162611084, -0.184295923, -0.272237646, 0.887816983, -0.370696694, -0.430175781, 0.232299805, 0.872314453, 0.860926037, 0.396761334, 0.31887361, 0, 0, 0, 0, 0, 0, 0, 0.271386133, -0.12471748, -0.159521533, -0.314680506, 0.320785104, -0.893206492, 0.551757813, -0.703857422, -0.447143555, -0.772230853, -0.633513498, 0.0444512488, 1, 1, 
63.0743602, 0.1, 0.1, 0.125084724, 0.192115276, -0.0199643281, 0.739377585, -0.673291012, 2.03362065e-005, 0.673291012, 0.739377585, 4.5866278e-006, -1.81242705e-005, 1.03009353e-005, 1, 0.739377833, -0.673290738, 4.7777868e-005, 0.673290739, 0.739377833, -7.66271034e-006, -3.01666646e-005, 3.78340342e-005, 0.999999999, 0, 0, 0, 0, 0, 0, 0, 0.194909644, -0.162611084, -0.184295923, -0.272237646, 0.887816983, -0.370696694, -0.430175781, 0.232299805, 0.872314453, 0.860926037, 0.396761334, 0.31887361, 0, 0, 0, 0, 0, 0, 0, 0.271386133, -0.12471748, -0.159521533, -0.314680506, 0.320785104, -0.893206492, 0.551757813, -0.703857422, -0.447143555, -0.772230853, -0.633513498, 0.0444512488, 1, 1, 
63.0752429, 0.1, 0.1, 0.125084732, 0.192115269, -0.0199659548, 0.739376449, -0.673292259, -8.71765167e-006, 0.673292259, 0.739376448, 4.17243103e-005, -2.16470288e-005, -3.67194998e-005, 0.999999999, 0.739376641, -0.673292047, -4.12463667e-005, 0.673292048, 0.73937664, 3.95497642e-005, 3.86805839e-006, -5.70130226e-005, 0.999999998, 0, 0, 0, 0, 0, 0, 0, 0.194909644, -0.162611084, -0.184295923, -0.272237646, 0.887816983, -0.370696694, -0.430175781, 0.232299805, 0.872314453, 0.860926037, 0.396761334, 0.31887361, 0, 0, 0, 0, 0, 0, 0, 0.272421045, -0.126490283, -0.15863418, -0.317190927, 0.315768626, -0.894081456, 0.556030273, -0.701782227, -0.44519043, -0.768198714, -0.638336746, 0.0469368833, 1, 1, 
63.0760875, 0.1, 0.1, 0.125084721, 0.192115276, -0.0199662666, 0.739376027, -0.673292722, 3.58344727e-005, 0.673292722, 0.739376024, -7.1559769e-005, 2.16855217e-005, 7.70366674e-005, 0.999999997, 0.739376058, -0.673292687, 4.67979213e-005, 0.673292688, 0.739376056, -6.50625555e-005, 9.20488035e-006, 7.96143941e-005, 0.999999997, 0, 0, 0, 0, 0, 0, 0, 0.194909644, -0.162611084, -0.184295923, -0.272237646, 0.887816983, -0.370696694, -0.430175781, 0.232299805, 0.872314453, 0.860926037, 0.396761334, 0.31887361, 0, 0, 0, 0, 0, 0, 0, 0.272421045, -0.126490283, -0.15863418, -0.317190927, 0.315768626, -0.894081456, 0.556030273, -0.701782227, -0.44519043, -0.768198714, -0.638336746, 0.0469368833, 1, 1, 
63.0770035, 0.1, 0.1, 0.12508472, 0.192115274, -0.0199651319, 0.739375994, -0.673292759, -2.0268304e-005, 0.673292759, 0.739375992, 5.89936121e-005, -2.47340745e-005, -5.72649629e-005, 0.999999998, 0.739376016, -0.673292735, -7.78216368e-006, 0.673292734, 0.739376015, 4.96603661e-005, -2.76820185e-005, -4.19573579e-005, 0.999999999, 0, 0, 0, 0, 0, 0, 0, 0.194909644, -0.162611084, -0.184295923, -0.276973098, 0.885262224, -0.373362282, -0.432250977, 0.232299805, 0.871337891, 0.858339076, 0.402480422, 0.318430654, 0, 0, 0, 0, 0, 0, 0, 0.272421045, -0.126490283, -0.15863418, -0.317190927, 0.315768626, -0.894081456, 0.556030273, -0.701782227, -0.44519043, -0.768198714, -0.638336746, 0.0469368833, 1, 1, 
63.0778594, 0.1, 0.1, 0.125084722, 0.192115277, -0.0199625679, 0.739375627, -0.673293161, 3.4670056e-005, 0.673293162, 0.739375625, -5.62052273e-005, 1.22084009e-005, 6.48998868e-005, 0.999999998, 0.739375763, -0.673293013, 3.97928154e-006, 0.673293012, 0.739375762, -4.75161453e-005, 2.90501043e-005, 3.78115086e-005, 0.999999999, 0, 0, 0, 0, 0, 0, 0, 0.196445703, -0.164510181, -0.183317285, -0.276973098, 0.885262224, -0.373362282, -0.432250977, 0.232299805, 0.871337891, 0.858339076, 0.402480422, 0.318430654, 0, 0, 0, 0, 0, 0, 0, 0.272421045, -0.126490283, -0.15863418, -0.317190927, 0.315768626, -0.894081456, 0.556030273, -0.701782227, -0.44519043, -0.768198714, -0.638336746, 0.0469368833, 1, 1, 
63.0787055, 0.1, 0.1, 0.125084714, 0.192115279, -0.0199603917, 0.739374703, -0.673294175, -4.22241268e-005, 0.673294176, 0.739374703, 2.19528404e-005, 1.64387317e-005, -4.46606335e-005, 0.999999999, 0.739374913, -0.673293946, 1.4789475e-005, 0.673293946, 0.739374913, 4.85870958e-006, -1.42063066e-005, 6.36525603e-006, 1, 0, 0, 0, 0, 0, 0, 0, 0.196445703, -0.164510181, -0.183317285, -0.276973098, 0.885262224, -0.373362282, -0.432250977, 0.232299805, 0.871337891, 0.858339076, 0.402480422, 0.318430654, 0, 0, 0, 0, 0, 0, 0, 0.272421045, -0.126490283, -0.15863418, -0.317190927, 0.315768626, -0.894081456, 0.556030273, -0.701782227, -0.44519043, -0.768198714, -0.638336746, 0.0469368833, 1, 1, 
63.0796446, 0.1, 0.1, 0.125084726, 0.192115267, -0.0199585988, 0.739373867, -0.673295095, 1.31563425e-005, 0.673295094, 0.739373867, 3.8813583e-005, -3.58604509e-005, -1.98396481e-005, 0.999999999, 0.739373976, -0.673294974, -2.44874229e-005, 0.673294974, 0.739373974, 6.01671706e-005, -2.24048904e-005, -6.09732989e-005, 0.999999998, 0, 0, 0, 0, 0, 0, 0, 0.198042676, -0.166599805, -0.182736304, -0.280572147, 0.883442851, -0.37506333, -0.433227539, 0.232055664, 0.870849609, 0.856684455, 0.406599932, 0.31783493, 0, 0, 0, 0, 0, 0, 0, 0.272421045, -0.126490283, -0.15863418, -0.318628057, 0.311972727, -0.894975743, 0.559448242, -0.700195313, -0.443237305, -0.765035709, -0.641927021, 0.0484385452, 1, 1, 
63.0804909, 0.1, 0.1, 0.125084718, 0.192115279, -0.0199578713, 0.739373916, -0.673295041, 1.07808012e-007, 0.673295039, 0.739373915, -6.35758667e-005, 4.27256053e-005, 4.70789241e-005, 0.999999998, 0.739373857, -0.673295106, 1.63746437e-005, 0.673295105, 0.739373854, -7.95922389e-005, 4.14820815e-005, 6.98733881e-005, 0.999999997, 0, 0, 0, 0, 0, 0, 0, 0.198042676, -0.166599805, -0.182736304, -0.280572147, 0.883442851, -0.37506333, -0.433227539, 0.232055664, 0.870849609, 0.856684455, 0.406599932, 0.31783493, 0, 0, 0, 0, 0, 0, 0, 0.273285449, -0.128379639, -0.157768799, -0.318628057, 0.311972727, -0.894975743, 0.559448242, -0.700195313, -0.443237305, -0.765035709, -0.641927021, 0.0484385452, 1, 1, 
63.0813422, 0.1, 0.1, 0.125084727, 0.192115268, -0.0199590261, 0.739374276, -0.673294643, -6.02123357e-005, 0.673294645, 0.739374273, 6.75255227e-005, -9.45120705e-007, -9.04672777e-005, 0.999999996, 0.739374227, -0.673294697, -5.10209284e-005, 0.673294699, 0.739374223, 8.04742378e-005, -1.64593183e-005, -9.3852698e-005, 0.999999995, 0, 0, 0, 0, 0, 0, 0, 0.198042676, -0.166599805, -0.182736304, -0.280572147, 0.883442851, -0.37506333, -0.433227539, 0.232055664, 0.870849609, 0.856684455, 0.406599932, 0.31783493, 0, 0, 0, 0, 0, 0, 0, 0.273285449, -0.128379639, -0.157768799, -0.318628057, 0.311972727, -0.894975743, 0.559448242, -0.700195313, -0.443237305, -0.765035709, -0.641927021, 0.0484385452, 1, 1, 
63.0822393, 0.1, 0.1, 0.12508473, 0.192115275, -0.0199610537, 0.739374068, -0.673294872, 5.52296913e-005, 0.673294874, 0.739374067, -4.5781858e-005, -1.00107113e-005, 7.10357867e-005, 0.999999997, 0.739374186, -0.673294744, 2.20586094e-005, 0.673294744, 0.739374184, -5.70222813e-005, 2.20832359e-005, 5.70127486e-005, 0.999999998, 0, 0, 0, 0, 0, 0, 0, 0.198042676, -0.166599805, -0.182736304, -0.280572147, 0.883442851, -0.37506333, -0.433227539, 0.232055664, 0.870849609, 0.856684455, 0.406599932, 0.31783493, 0, 0, 0, 0, 0, 0, 0, 0.273285449, -0.128379639, -0.157768799, -0.318628057, 0.311972727, -0.894975743, 0.559448242, -0.700195313, -0.443237305, -0.765035709, -0.641927021, 0.0484385452, 1, 1, 
63.083084, 0.1, 0.1, 0.125084725, 0.192115275, -0.019963416, 0.73937332, -0.673295694, -5.1632122e-005, 0.673295695, 0.73937332, 2.8483934e-005, 1.89973034e-005, -5.58239463e-005, 0.999999998, 0.739373468, -0.673295533, -2.42964232e-005, 0.673295533, 0.739373468, 1.45790335e-005, 8.14813259e-006, -2.71380238e-005, 1, 0, 0, 0, 0, 0, 0, 0, 0.198042676, -0.166599805, -0.182736304, -0.280572147, 0.883442851, -0.37506333, -0.433227539, 0.232055664, 0.870849609, 0.856684455, 0.406599932, 0.31783493, 0, 0, 0, 0, 0, 0, 0, 0.273285449, -0.128379639, -0.157768799, -0.318628057, 0.311972727, -0.894975743, 0.559448242, -0.700195313, -0.443237305, -0.765035709, -0.641927021, 0.0484385452, 1, 1, 
63.0839408, 0.1, 0.1, 0.125084727, 0.192115267, -0.0199655217, 0.739372849, -0.673296211, 4.3809258e-005, 0.673296212, 0.73937285, 5.67842601e-006, -3.62146386e-005, 2.52981334e-005, 0.999999999, 0.739372887, -0.673296171, 1.52615927e-005, 0.67329617, 0.739372887, 3.98666685e-005, -3.81260831e-005, -1.92007619e-005, 0.999999999, 0, 0, 0, 0, 0, 0, 0, 0.198042676, -0.166599805, -0.182736304, -0.280572147, 0.883442851, -0.37506333, -0.433227539, 0.232055664, 0.870849609, 0.856684455, 0.406599932, 0.31783493, 0, 0, 0, 0, 0, 0, 0, 0.273285449, -0.128379639, -0.157768799, -0.318628057, 0.311972727, -0.894975743, 0.559448242, -0.700195313, -0.443237305, -0.765035709, -0.641927021, 0.0484385452, 1, 1, 
63.0848717, 0.1, 0.1, 0.125084719, 0.192115279, -0.0199654608, 0.739373119, -0.673295916, 1.29533416e-006, 0.673295916, 0.739373119, -2.19365879e-005, 1.38120798e-005, 1.70914666e-005, 1, 0.739373037, -0.673296006, 1.26752493e-005, 0.673296006, 0.739373036, -5.43194561e-005, 2.72013353e-005, 4.8696536e-005, 0.999999998, 0, 0, 0, 0, 0, 0, 0, 0.199061206, -0.168046436, -0.181675146, -0.286621858, 0.880939388, -0.376217708, -0.436645508, 0.229370117, 0.869873047, 0.852822549, 0.413423222, 0.319130093, 0, 0, 0, 0, 0, 0, 0, 0.27423335, -0.129919434, -0.156512109, -0.319221572, 0.307250091, -0.89637496, 0.565307617, -0.697387695, -0.440307617, -0.76055661, -0.647210356, 0.0489051951, 1, 1, 
63.0857184, 0.1, 0.1, 0.125084725, 0.192115269, -0.0199643213, 0.739373462, -0.673295539, -4.29996528e-005, 0.67329554, 0.739373462, 2.15982492e-005, 1.72507973e-005, -4.49206467e-005, 0.999999999, 0.739373414, -0.673295591, -3.57669628e-005, 0.673295592, 0.739373412, 5.27603659e-005, -9.07818047e-006, -6.30913503e-005, 0.999999998, 0, 0, 0, 0, 0, 0, 0, 0.199061206, -0.168046436, -0.181675146, -0.286621858, 0.880939388, -0.376217708, -0.436645508, 0.229370117, 0.869873047, 0.852822549, 0.413423222, 0.319130093, 0, 0, 0, 0, 0, 0, 0, 0.27423335, -0.129919434, -0.156512109, -0.319221572, 0.307250091, -0.89637496, 0.565307617, -0.697387695, -0.440307617, -0.76055661, -0.647210356, 0.0489051951, 1, 1, 
63.0866108, 0.1, 0.1, 0.125084717, 0.192115277, -0.0199625998, 0.739373184, -0.673295841, 7.01094485e-005, 0.673295843, 0.739373185, -2.11025128e-005, -3.76288121e-005, 6.28070324e-005, 0.999999997, 0.739373296, -0.673295719, 6.31574196e-005, 0.673295721, 0.739373296, -3.56387039e-005, -2.27015227e-005, 6.88739264e-005, 0.999999997, 0, 0, 0, 0, 0, 0, 0, 0.199061206, -0.168046436, -0.181675146, -0.286621858, 0.880939388, -0.376217708, -0.436645508, 0.229370117, 0.869873047, 0.852822549, 0.413423222, 0.319130093, 0, 0, 0, 0, 0, 0, 0, 0.27423335, -0.129919434, -0.156512109, -0.319221572, 0.307250091, -0.89637496, 0.565307617, -0.697387695, -0.440307617, -0.76055661, -0.647210356, 0.0489051951, 1, 1, 
63.0874564, 0.1, 0.1, 0.125084721, 0.192115271, -0.0199607285, 0.739372543, -0.673296545, -7.42013865e-005, 0.673296549, 0.739372541, 4.94771112e-005, 2.15496997e-005, -8.65415549e-005, 0.999999996, 0.739372655, -0.673296422, -6.59131356e-005, 0.673296425, 0.739372654, 3.97971769e-005, 2.19390732e-005, -7.38040229e-005, 0.999999997, 0, 0, 0, 0, 0, 0, 0, 0.199061206, -0.168046436, -0.181675146, -0.286621858, 0.880939388, -0.376217708, -0.436645508, 0.229370117, 0.869873047, 0.852822549, 0.413423222, 0.319130093, 0, 0, 0, 0, 0, 0, 0, 0.27423335, -0.129919434, -0.156512109, -0.319221572, 0.307250091, -0.89637496, 0.565307617, -0.697387695, -0.440307617, -0.76055661, -0.647210356, 0.0489051951, 1, 1, 
63.0883125, 0.1, 0.1, 0.12508472, 0.192115265, -0.0199598252, 0.739372302, -0.673296812, 4.66206227e-005, 0.673296813, 0.739372301, -3.6364041e-005, -9.9862042e-006, 5.82760814e-005, 0.999999998, 0.739372274, -0.673296843, 3.98317685e-005, 0.673296843, 0.739372275, 5.91864584e-007, -2.98490059e-005, 2.63809957e-005, 0.999999999, 0, 0, 0, 0, 0, 0, 0, 0.199061206, -0.168046436, -0.181675146, -0.286621858, 0.880939388, -0.376217708, -0.436645508, 0.229370117, 0.869873047, 0.852822549, 0.413423222, 0.319130093, 0, 0, 0, 0, 0, 0, 0, 0.27423335, -0.129919434, -0.156512109, -0.319221572, 0.307250091, -0.89637496, 0.565307617, -0.697387695, -0.440307617, -0.76055661, -0.647210356, 0.0489051951, 1, 1, 
63.0895392, 0.1, 0.1, 0.12508472, 0.19211527, -0.0199565879, 0.739373179, -0.67329585, -2.47712165e-006, 0.673295849, 0.739373178, 6.36519674e-005, -4.10250882e-005, -4.87303932e-005, 0.999999998, 0.739372835, -0.673296227, -2.52945322e-005, 0.673296228, 0.739372835, 7.2247694e-006, 1.383768e-005, -2.23725114e-005, 1, 0, 0, 0, 0, 0, 0, 0, 0.199786938, -0.169929785, -0.180469238, -0.289776829, 0.87877741, -0.378826008, -0.438598633, 0.229858398, 0.868774414, 0.850850409, 0.417720588, 0.31904884, 0, 0, 0, 0, 0, 0, 0, 0.27423335, -0.129919434, -0.156512109, -0.318863197, 0.302534019, -0.898125621, 0.57019043, -0.695556641, -0.436889648, -0.756959405, -0.651388317, 0.049212164, 1, 1, 
63.0909357, 0.1, 0.1, 0.125084704, 0.192115275, -0.0199440508, 0.739374868, -0.673293993, 5.32774143e-005, 0.673293995, 0.739374867, -4.49221759e-005, -9.14614999e-006, 6.9085691e-005, 0.999999998, 0.739374552, -0.673294341, 4.6111987e-005, 0.673294343, 0.739374549, -6.92688084e-005, 1.25442671e-005, 8.22625341e-005, 0.999999997, 0, 0, 0, 0, 0, 0, 0, 0.199786938, -0.169929785, -0.180469238, -0.289776829, 0.87877741, -0.378826008, -0.438598633, 0.229858398, 0.868774414, 0.850850409, 0.417720588, 0.31904884, 0, 0, 0, 0, 0, 0, 0, 0.275002441, -0.132105273, -0.155282031, -0.318863197, 0.302534019, -0.898125621, 0.57019043, -0.695556641, -0.436889648, -0.756959405, -0.651388317, 0.049212164, 1, 1, 
63.0923944, 0.1, 0.1, 0.125084719, 0.192115254, -0.0199290699, 0.739376259, -0.673292467, -2.85868733e-005, 0.673292468, 0.739376258, 3.6388192e-005, -3.36344017e-006, -4.61518917e-005, 0.999999999, 0.73937598, -0.673292772, -5.26538776e-005, 0.673292774, 0.739375975, 9.05744141e-005, -2.20520863e-005, -0.000102420021, 0.999999995, 0, 0, 0, 0, 0, 0, 0, 0.200105371, -0.171972412, -0.180027393, -0.292239474, 0.877997839, -0.378858208, -0.438232422, 0.229248047, 0.869140625, 0.850128126, 0.419821531, 0.318065204, 0, 0, 0, 0, 0, 0, 0, 0.275418652, -0.134144873, -0.154623535, -0.320287567, 0.299843494, -0.898591905, 0.573486328, -0.693481445, -0.435913086, -0.753917802, -0.654985155, 0.0501450973, 1, 1, 
63.0937819, 0.1, 0.1, 0.125084709, 0.192115272, -0.019921859, 0.739377263, -0.673291365, 1.07963755e-005, 0.673291362, 0.739377261, 8.87126067e-005, -6.77120266e-005, -5.83229781e-005, 0.999999996, 0.739377251, -0.673291376, 5.93213429e-005, 0.673291377, 0.739377252, -2.89434602e-006, -4.19121133e-005, 4.20805623e-005, 0.999999998, 0, 0, 0, 0, 0, 0, 0, 0.200105371, -0.171972412, -0.180027393, -0.292239474, 0.877997839, -0.378858208, -0.438232422, 0.229248047, 0.869140625, 0.850128126, 0.419821531, 0.318065204, 0, 0, 0, 0, 0, 0, 0, 0.275418652, -0.134144873, -0.154623535, -0.320287567, 0.299843494, -0.898591905, 0.573486328, -0.693481445, -0.435913086, -0.753917802, -0.654985155, 0.0501450973, 1, 1, 
63.0951746, 0.1, 0.1, 0.125084711, 0.192115266, -0.0199251418, 0.739375931, -0.673292819, 0.000111596968, 0.673292826, 0.739375933, -3.44591251e-005, -5.93110311e-005, 0.000100615686, 0.999999993, 0.739376415, -0.673292296, 2.79340338e-005, 0.673292296, 0.739376414, -5.0523738e-005, 1.33634779e-005, 5.616383e-005, 0.999999998, 0, 0, 0, 0, 0, 0, 0, 0.200105371, -0.171972412, -0.180027393, -0.292239474, 0.877997839, -0.378858208, -0.438232422, 0.229248047, 0.869140625, 0.850128126, 0.419821531, 0.318065204, 0, 0, 0, 0, 0, 0, 0, 0.275418652, -0.134144873, -0.154623535, -0.320287567, 0.299843494, -0.898591905, 0.573486328, -0.693481445, -0.435913086, -0.753917802, -0.654985155, 0.0501450973, 1, 1, 
63.0965976, 0.1, 0.1, 0.125084722, 0.192115267, -0.0199357296, 0.739372746, -0.673296303, -0.000172904769, 0.673296309, 0.739372761, -3.26382409e-005, 0.000149816283, -9.2284317e-005, 0.999999985, 0.739373606, -0.673295369, -0.000131304899, 0.673295375, 0.739373612, 2.23812706e-006, 9.55764566e-005, -9.0061793e-005, 0.999999991, 0, 0, 0, 0, 0, 0, 0, 0.200105371, -0.171972412, -0.180027393, -0.293864138, 0.877122788, -0.379747486, -0.43737793, 0.229858398, 0.869384766, 0.850014672, 0.421319636, 0.316352173, 0, 0, 0, 0, 0, 0, 0, 0.275418652, -0.134144873, -0.154623535, -0.320287567, 0.299843494, -0.898591905, 0.573486328, -0.693481445, -0.435913086, -0.753917802, -0.654985155, 0.0501450973, 1, 1, 
63.0980171, 0.1, 0.1, 0.125084727, 0.192115274, -0.0199456048, 0.739368053, -0.673301473, 9.0378931e-005, 0.673301467, 0.739368058, 9.63172441e-005, -0.000131673837, -1.03616264e-005, 0.999999991, 0.739369168, -0.673300251, 7.1363555e-005, 0.673300251, 0.739369171, 2.41161986e-005, -6.90014551e-005, 3.02183258e-005, 0.999999997, 0, 0, 0, 0, 0, 0, 0, 0.200914966, -0.174468237, -0.17985481, -0.293864138, 0.877122788, -0.379747486, -0.43737793, 0.229858398, 0.869384766, 0.850014672, 0.421319636, 0.316352173, 0, 0, 0, 0, 0, 0, 0, 0.276278174, -0.135962939, -0.154183398, -0.321871618, 0.297165729, -0.898911267, 0.577026367, -0.691040039, -0.435058594, -0.750524753, -0.658703396, 0.0508479873, 1, 1, 
63.0994114, 0.1, 0.1, 0.125084708, 0.192115259, -0.0199507223, 0.739363217, -0.673306787, -6.72699773e-005, 0.673306784, 0.73936322, -6.61298481e-005, 9.42626225e-005, 3.60064512e-006, 0.999999996, 0.739364041, -0.673305885, 1.67873254e-005, 0.673305885, 0.739364041, -4.91285071e-006, -9.10409346e-006, 1.49353901e-005, 1, 0, 0, 0, 0, 0, 0, 0, 0.200914966, -0.174468237, -0.17985481, -0.293864138, 0.877122788, -0.379747486, -0.43737793, 0.229858398, 0.869384766, 0.850014672, 0.421319636, 0.316352173, 0, 0, 0, 0, 0, 0, 0, 0.276278174, -0.135962939, -0.154183398, -0.321871618, 0.297165729, -0.898911267, 0.577026367, -0.691040039, -0.435058594, -0.750524753, -0.658703396, 0.0508479873, 1, 1, 
63.1007963, 0.1, 0.1, 0.125084747, 0.192115294, -0.0199491873, 0.739359886, -0.673310448, -3.68110716e-006, 0.673310447, 0.739359884, -5.63286609e-005, 4.06483389e-005, 3.91686244e-005, 0.999999998, 0.739360611, -0.673309648, -7.33877006e-005, 0.673309641, 0.739360614, -0.000100082667, 0.0001216466, 2.45845352e-005, 0.999999992, 0, 0, 0, 0, 0, 0, 0, 0.200914966, -0.174468237, -0.17985481, -0.293864138, 0.877122788, -0.379747486, -0.43737793, 0.229858398, 0.869384766, 0.850014672, 0.421319636, 0.316352173, 0, 0, 0, 0, 0, 0, 0, 0.276278174, -0.135962939, -0.154183398, -0.321871618, 0.297165729, -0.898911267, 0.577026367, -0.691040039, -0.435058594, -0.750524753, -0.658703396, 0.0508479873, 1, 1, 
63.1022548, 0.1, 0.1, 0.12508471, 0.192115255, -0.0199412433, 0.739355156, -0.673315636, 8.65129076e-005, 0.673315635, 0.739355161, 4.21303424e-005, -9.2330783e-005, 2.71012074e-005, 0.999999995, 0.739356028, -0.673314678, 9.4156267e-005, 0.673314667, 0.739356033, 0.000121707596, -0.000151562515, -2.65884494e-005, 0.999999988, 0, 0, 0, 0, 0, 0, 0, 0.201397339, -0.177641113, -0.179313745, -0.293184917, 0.876177345, -0.382185043, -0.437133789, 0.232666016, 0.868774414, 0.850401462, 0.421592972, 0.315007957, 0, 0, 0, 0, 0, 0, 0, 0.276922021, -0.138630029, -0.153516357, -0.322778665, 0.29452661, -0.899441349, 0.578735352, -0.690429688, -0.433837891, -0.74890169, -0.660453691, 0.0523879286, 1, 1, 
63.1036545, 0.1, 0.1, 0.12508472, 0.192115256, -0.0199330134, 0.739352703, -0.673318335, 7.16063434e-006, 0.673318334, 0.739352702, 5.82839773e-005, -4.45379049e-005, -3.82710298e-005, 0.999999998, 0.739353011, -0.673317994, -6.4572109e-005, 0.673317996, 0.739353011, 2.90266103e-005, 2.81974442e-005, -6.49384747e-005, 0.999999997, 0, 0, 0, 0, 0, 0, 0, 0.201397339, -0.177641113, -0.179313745, -0.293184917, 0.876177345, -0.382185043, -0.437133789, 0.232666016, 0.868774414, 0.850401462, 0.421592972, 0.315007957, 0, 0, 0, 0, 0, 0, 0, 0.276922021, -0.138630029, -0.153516357, -0.322778665, 0.29452661, -0.899441349, 0.578735352, -0.690429688, -0.433837891, -0.74890169, -0.660453691, 0.0523879286, 1, 1, 
63.1051096, 0.1, 0.1, 0.125084711, 0.192115255, -0.0199276063, 0.739352542, -0.673318511, -4.31021181e-005, 0.673318512, 0.739352541, 4.32380514e-005, 2.75468014e-006, -6.09896173e-005, 0.999999998, 0.739352416, -0.673318649, -5.0302325e-005, 0.67331865, 0.739352417, 9.28726627e-006, 3.0937856e-005, -4.07360563e-005, 0.999999999, 0, 0, 0, 0, 0, 0, 0, 0.202054248, -0.180628223, -0.178187061, -0.293400964, 0.874395042, -0.386291449, -0.438110352, 0.236083984, 0.86730957, 0.84981772, 0.423605548, 0.314051653, 0, 0, 0, 0, 0, 0, 0, 0.277412451, -0.141375244, -0.152232812, -0.322740019, 0.290820396, -0.900674322, 0.581176758, -0.690063477, -0.431152344, -0.746933745, -0.662561627, 0.0536085078, 1, 1, 
63.1062126, 0.1, 0.1, 0.125084697, 0.19211525, -0.0199304563, 0.739353717, -0.67331722, -4.25874761e-005, 0.67331722, 0.739353718, -3.25891935e-005, 5.3430074e-005, -4.57993965e-006, 0.999999999, 0.739353474, -0.673317487, 3.78833969e-005, 0.673317488, 0.739353474, -1.56119987e-005, -1.74973894e-005, 3.70503392e-005, 0.999999999, 0, 0, 0, 0, 0, 0, 0, 0.202054248, -0.180628223, -0.178187061, -0.293400964, 0.874395042, -0.386291449, -0.438110352, 0.236083984, 0.86730957, 0.84981772, 0.423605548, 0.314051653, 0, 0, 0, 0, 0, 0, 0, 0.277412451, -0.141375244, -0.152232812, -0.322740019, 0.290820396, -0.900674322, 0.581176758, -0.690063477, -0.431152344, -0.746933745, -0.662561627, 0.0536085078, 1, 1, 
