time, realDorsalTactorPos, realVentralTactorPos, boxPosX, boxPosY, boxPosZ, boxLocalRot_11, boxLocalRot_12, boxLocalRot_13, boxLocalRot_21, boxLocalRot_22, boxLocalRot_23, boxLocalRot_31, boxLocalRot_32, boxLocalRot_33, boxGlobalRot_11, boxGlobalRot_12, boxGlobalRot_13, boxGlobalRot_21, boxGlobalRot_22, boxGlobalRot_23, boxGlobalRot_31, boxGlobalRot_32, boxGlobalRot_33, indexForceX, indexForceY, indexForceZ, indexForceGlobalX, indexForceGlobalY, indexForceGlobalZ, indexContact, indexPosX, indexPosY, indexPosZ, indexRot_11, indexRot_12, indexRot_13, indexRot_21, indexRot_22, indexRot_23, indexRot_31, indexRot_32, indexRot_33, thumbForceX, thumbForceY, thumbForceZ, thumbForceGlobalX, thumbForceGlobalY, thumbForceGlobalZ, thumbContact, thumbPosX, thumbPosY, thumbPosZ, thumbRot_11, thumbRot_12, thumbRot_13, thumbRot_21, thumbRot_22, thumbRot_23, thumbRot_31, thumbRot_32, thumbRot_33, mapping, trialSuccess, 
267.761238, 0.1, 0.1, 0.117568701, 0.189896224, -0.0199528437, 0.999200173, 5.65408695e-005, -0.0399876469, -0.0399876486, 2.77831987e-005, -0.999200174, -5.53846619e-005, 0.999999998, 3.00219133e-005, 0.999200175, -2.07968295e-006, -0.0399876273, -0.0399876273, -1.43506119e-006, -0.999200175, 2.02063487e-006, 1, -1.51707498e-006, 0, 0, 0, 0, 0, 0, 0, 0.170760449, -0.178669922, -0.133281079, 0.0115723856, 0.780018589, -0.625385983, -0.383056641, 0.581298828, 0.717895508, 0.923623518, 0.231166044, 0.305820715, 0, 0, 0, 0, 0, 0, 0, 0.238449756, -0.149118311, -0.108965723, -0.249934914, 0.148154406, -0.956743532, 0.390258789, -0.888916016, -0.239624023, -0.886081901, -0.433298435, 0.164320971, 4, 1, 
267.811084, 0.1, 0.1, 0.117568727, 0.189896217, -0.0199638536, 0.999199427, 6.05878187e-006, -0.0400063149, -0.0400063148, -5.52396449e-006, -0.999199427, -6.27492483e-006, 1, -5.27715262e-006, 0.999199427, 1.4809448e-005, -0.0400063039, -0.0400063039, 1.62381692e-006, -0.999199427, -1.47326291e-005, 1, 2.21498821e-006, 0, 0, 0, 0, 0, 0, 0, 0.170327856, -0.181207544, -0.129388745, 0.0288251277, 0.77098391, -0.636026613, -0.361572266, 0.601318359, 0.712524414, 0.931890634, 0.209238121, 0.296382751, 0, 0, 0, 0, 0, 0, 0, 0.236135449, -0.152683984, -0.106820996, -0.26392818, 0.140789387, -0.954120803, 0.375366211, -0.896240234, -0.236083984, -0.888411851, -0.420448088, 0.183744493, 4, 1, 
267.811965, 0.1, 0.1, 0.11756873, 0.189896217, -0.0199633263, 0.999199424, 1.42572167e-005, -0.0400063972, -0.0400063973, 1.28366406e-006, -0.999199424, -1.41944479e-005, 1, 1.85301627e-006, 0.999199424, 7.00221725e-006, -0.0400063889, -0.0400063889, -5.4968167e-006, -0.999199424, -7.21651923e-006, 1, -5.21228266e-006, 0, 0, 0, 0, 0, 0, 0, 0.170327856, -0.181207544, -0.129388745, 0.0288251277, 0.77098391, -0.636026613, -0.361572266, 0.601318359, 0.712524414, 0.931890634, 0.209238121, 0.296382751, 0, 0, 0, 0, 0, 0, 0, 0.236039014, -0.152843506, -0.106983936, -0.265225318, 0.141230518, -0.953654153, 0.373291016, -0.896972656, -0.236694336, -0.888916414, -0.418806069, 0.18514371, 4, 1, 
267.812829, 0.1, 0.1, 0.117568733, 0.189896218, -0.0199626471, 0.999199421, 1.22157785e-005, -0.0400064704, -0.0400064704, -5.08776607e-006, -0.999199421, -1.24095424e-005, 1, -4.59498273e-006, 0.999199422, -1.13263103e-005, -0.0400064427, -0.0400064427, 3.2403652e-006, -0.999199422, 1.14468782e-005, 1, 2.78464565e-006, 0, 0, 0, 0, 0, 0, 0, 0.170327856, -0.181207544, -0.129388745, 0.0288251277, 0.77098391, -0.636026613, -0.361572266, 0.601318359, 0.712524414, 0.931890634, 0.209238121, 0.296382751, 0, 0, 0, 0, 0, 0, 0, 0.236039014, -0.152843506, -0.106983936, -0.265225318, 0.141230518, -0.953654153, 0.373291016, -0.896972656, -0.236694336, -0.888916414, -0.418806069, 0.18514371, 4, 1, 
267.813752, 0.1, 0.1, 0.117568734, 0.189896218, -0.0199612024, 0.999199419, -6.62891886e-006, -0.040006511, -0.040006511, 6.29958475e-006, -0.999199419, 6.87563628e-006, 1, 6.0293415e-006, 0.999199419, -1.72758209e-005, -0.0400065082, -0.0400065082, -2.26890044e-006, -0.999199419, 1.71712194e-005, 1, -2.95822927e-006, 0, 0, 0, 0, 0, 0, 0, 0.170327856, -0.181207544, -0.129388745, 0.0315098117, 0.769878586, -0.637232287, -0.360107422, 0.603637695, 0.711303711, 0.932454158, 0.206941348, 0.296573711, 0, 0, 0, 0, 0, 0, 0, 0.236039014, -0.152843506, -0.106983936, -0.265225318, 0.141230518, -0.953654153, 0.373291016, -0.896972656, -0.236694336, -0.888916414, -0.418806069, 0.18514371, 4, 1, 
267.814604, 0.1, 0.1, 0.117568734, 0.189896218, -0.0199599493, 0.999199417, -1.54035146e-005, -0.0400065656, -0.0400065656, -1.12381526e-006, -0.999199417, 1.53462228e-005, 1, -1.73915727e-006, 0.999199417, -7.86674123e-006, -0.0400065621, -0.0400065621, 5.99372947e-006, -0.999199417, 8.10023177e-006, 1, 5.67420972e-006, 0, 0, 0, 0, 0, 0, 0, 0.170690015, -0.181494263, -0.129003296, 0.0315098117, 0.769878586, -0.637232287, -0.360107422, 0.603637695, 0.711303711, 0.932454158, 0.206941348, 0.296573711, 0, 0, 0, 0, 0, 0, 0, 0.236039014, -0.152843506, -0.106983936, -0.265225318, 0.141230518, -0.953654153, 0.373291016, -0.896972656, -0.236694336, -0.888916414, -0.418806069, 0.18514371, 4, 1, 
267.815452, 0.1, 0.1, 0.117568734, 0.189896218, -0.0199598685, 0.999199415, -9.4639601e-006, -0.0400066175, -0.0400066175, 5.4659918e-006, -0.999199415, 9.67505924e-006, 1, 5.08299477e-006, 0.999199416, 1.39520902e-005, -0.0400065961, -0.040006596, -2.88606888e-006, -0.999199416, -1.40563822e-005, 1, -2.3255827e-006, 0, 0, 0, 0, 0, 0, 0, 0.170690015, -0.181494263, -0.129003296, 0.0315098117, 0.769878586, -0.637232287, -0.360107422, 0.603637695, 0.711303711, 0.932454158, 0.206941348, 0.296573711, 0, 0, 0, 0, 0, 0, 0, 0.236039014, -0.152843506, -0.106983936, -0.265225318, 0.141230518, -0.953654153, 0.373291016, -0.896972656, -0.236694336, -0.888916414, -0.418806069, 0.18514371, 4, 1, 
267.816372, 0.1, 0.1, 0.117568734, 0.189896218, -0.01996045, 0.999199414, 1.19554878e-005, -0.040006648, -0.040006648, -3.81103591e-006, -0.999199414, -1.20983832e-005, 1, -3.32968586e-006, 0.999199413, 2.25696718e-005, -0.040006648, -0.0400066481, 4.3582834e-006, -0.999199414, -2.23772425e-005, 1, 5.25773113e-006, 0, 0, 0, 0, 0, 0, 0, 0.170552832, -0.18102312, -0.128733301, 0.0331726682, 0.770499397, -0.636331027, -0.358886719, 0.603515625, 0.712036133, 0.932808747, 0.204618367, 0.296801741, 0, 0, 0, 0, 0, 0, 0, 0.236039014, -0.152843506, -0.106983936, -0.267474346, 0.142604215, -0.9529447, 0.372680664, -0.896606445, -0.238891602, -0.888539083, -0.419029915, 0.186568446, 4, 1, 
267.817229, 0.1, 0.1, 0.117568737, 0.189896218, -0.0199611598, 0.999199412, 1.64538746e-005, -0.0400066928, -0.0400066929, 3.12696425e-006, -0.999199412, -1.63156024e-005, 1, 3.78272595e-006, 0.999199412, 9.75393845e-006, -0.0400066908, -0.0400066908, -3.7113272e-006, -0.999199412, -9.89460748e-006, 1, -3.31813315e-006, 0, 0, 0, 0, 0, 0, 0, 0.170552832, -0.18102312, -0.128733301, 0.0331726682, 0.770499397, -0.636331027, -0.358886719, 0.603515625, 0.712036133, 0.932808747, 0.204618367, 0.296801741, 0, 0, 0, 0, 0, 0, 0, 0.235674902, -0.15231084, -0.107130273, -0.267474346, 0.142604215, -0.9529447, 0.372680664, -0.896606445, -0.238891602, -0.888539083, -0.419029915, 0.186568446, 4, 1, 
267.81808, 0.1, 0.1, 0.11756874, 0.189896218, -0.0199623713, 0.99919941, 7.35912752e-006, -0.0400067321, -0.040006732, -4.18347521e-006, -0.99919941, -7.52060305e-006, 1, -3.88571132e-006, 0.999199411, -1.40429105e-005, -0.0400067142, -0.0400067141, 3.86094143e-006, -0.999199411, 1.41861315e-005, 1, 3.2960397e-006, 0, 0, 0, 0, 0, 0, 0, 0.170552832, -0.18102312, -0.128733301, 0.0331726682, 0.770499397, -0.636331027, -0.358886719, 0.603515625, 0.712036133, 0.932808747, 0.204618367, 0.296801741, 0, 0, 0, 0, 0, 0, 0, 0.235674902, -0.15231084, -0.107130273, -0.267474346, 0.142604215, -0.9529447, 0.372680664, -0.896606445, -0.238891602, -0.888539083, -0.419029915, 0.186568446, 4, 1, 
267.818956, 0.1, 0.1, 0.117568743, 0.189896218, -0.019963373, 0.999199409, -1.36407992e-005, -0.0400067483, -0.0400067483, 3.79422723e-006, -0.99919941, 1.37816732e-005, 1, 3.24546559e-006, 0.999199409, -2.20674076e-005, -0.0400067492, -0.0400067493, -2.89806586e-006, -0.99919941, 2.19337985e-005, 1, -3.77859094e-006, 0, 0, 0, 0, 0, 0, 0, 0.170552832, -0.18102312, -0.128733301, 0.0331726682, 0.770499397, -0.636331027, -0.358886719, 0.603515625, 0.712036133, 0.932808747, 0.204618367, 0.296801741, 0, 0, 0, 0, 0, 0, 0, 0.235674902, -0.15231084, -0.107130273, -0.267474346, 0.142604215, -0.9529447, 0.372680664, -0.896606445, -0.238891602, -0.888539083, -0.419029915, 0.186568446, 4, 1, 
267.819808, 0.1, 0.1, 0.117568744, 0.189896219, -0.0199640318, 0.999199408, -1.88269811e-005, -0.0400067824, -0.0400067825, -3.14191274e-006, -0.999199408, 1.86862105e-005, 1, -3.89260429e-006, 0.999199408, -1.25473298e-005, -0.0400067819, -0.0400067819, 3.40490482e-006, -0.999199408, 1.26735038e-005, 1, 2.90020059e-006, 0, 0, 0, 0, 0, 0, 0, 0.170552832, -0.18102312, -0.128733301, 0.0331726682, 0.770499397, -0.636331027, -0.358886719, 0.603515625, 0.712036133, 0.932808747, 0.204618367, 0.296801741, 0, 0, 0, 0, 0, 0, 0, 0.235674902, -0.15231084, -0.107130273, -0.267474346, 0.142604215, -0.9529447, 0.372680664, -0.896606445, -0.238891602, -0.888539083, -0.419029915, 0.186568446, 4, 1, 
267.820665, 0.1, 0.1, 0.117568745, 0.189896219, -0.0199641919, 0.999199407, -1.10131897e-005, -0.0400068155, -0.0400068155, 3.87224824e-006, -0.999199407, 1.11592889e-005, 1, 3.4285455e-006, 0.999199408, 1.04062275e-005, -0.0400067975, -0.0400067975, -4.29122356e-006, -0.999199408, -1.05695745e-005, 1, -3.8714682e-006, 0, 0, 0, 0, 0, 0, 0, 0.170552832, -0.18102312, -0.128733301, 0.0331726682, 0.770499397, -0.636331027, -0.358886719, 0.603515625, 0.712036133, 0.932808747, 0.204618367, 0.296801741, 0, 0, 0, 0, 0, 0, 0, 0.235674902, -0.15231084, -0.107130273, -0.267474346, 0.142604215, -0.9529447, 0.372680664, -0.896606445, -0.238891602, -0.888539083, -0.419029915, 0.186568446, 4, 1, 
267.821566, 0.1, 0.1, 0.117568746, 0.18989622, -0.019962969, 0.999199407, 1.18381914e-005, -0.0400068182, -0.0400068181, -4.42576824e-006, -0.999199407, -1.20057748e-005, 1, -3.94861663e-006, 0.999199406, 1.97820372e-005, -0.0400068212, -0.0400068212, 2.2855479e-006, -0.999199407, -1.96747623e-005, 1, 3.07513453e-006, 0, 0, 0, 0, 0, 0, 0, 0.170239771, -0.181458984, -0.128481494, 0.0357116973, 0.770954336, -0.635722199, -0.35559082, 0.604370117, 0.713012695, 0.934013299, 0.200467778, 0.295963761, 0, 0, 0, 0, 0, 0, 0, 0.235289062, -0.152415918, -0.107476416, -0.269927898, 0.144105877, -0.952043483, 0.37097168, -0.896728516, -0.240966797, -0.888551476, -0.418135628, 0.188504309, 4, 1, 
267.82242, 0.1, 0.1, 0.117568747, 0.18989622, -0.0199618208, 0.999199406, 2.15014951e-005, -0.0400068401, -0.0400068402, 2.63353585e-006, -0.999199406, -2.13789217e-005, 1, 3.49163433e-006, 0.999199406, 1.44502414e-005, -0.0400068423, -0.0400068422, -4.22763574e-006, -0.999199406, -1.4607807e-005, 1, -3.64614259e-006, 0, 0, 0, 0, 0, 0, 0, 0.170239771, -0.181458984, -0.128481494, 0.0357116973, 0.770954336, -0.635722199, -0.35559082, 0.604370117, 0.713012695, 0.934013299, 0.200467778, 0.295963761, 0, 0, 0, 0, 0, 0, 0, 0.235289062, -0.152415918, -0.107476416, -0.269927898, 0.144105877, -0.952043483, 0.37097168, -0.896728516, -0.240966797, -0.888551476, -0.418135628, 0.188504309, 4, 1, 
267.823331, 0.1, 0.1, 0.117568749, 0.18989622, -0.0199605748, 0.999199405, 1.54210633e-005, -0.0400068502, -0.0400068502, -5.68312333e-006, -0.999199405, -1.56360811e-005, 1, -5.06162528e-006, 0.999199406, -8.39592117e-006, -0.0400068368, -0.0400068368, 3.17937761e-006, -0.999199406, 8.51639629e-006, 1, 2.84093797e-006, 0, 0, 0, 0, 0, 0, 0, 0.170239771, -0.181458984, -0.128481494, 0.0357116973, 0.770954336, -0.635722199, -0.35559082, 0.604370117, 0.713012695, 0.934013299, 0.200467778, 0.295963761, 0, 0, 0, 0, 0, 0, 0, 0.235289062, -0.152415918, -0.107476416, -0.269927898, 0.144105877, -0.952043483, 0.37097168, -0.896728516, -0.240966797, -0.888551476, -0.418135628, 0.188504309, 4, 1, 
267.824183, 0.1, 0.1, 0.11756875, 0.189896221, -0.019959822, 0.999199406, -9.79457029e-006, -0.0400068429, -0.0400068429, 3.28975053e-006, -0.999199406, 9.91834135e-006, 1, 2.89526694e-006, 0.999199405, -1.83175726e-005, -0.0400068481, -0.0400068482, -4.04531465e-006, -0.999199406, 1.81410674e-005, 1, -4.77490434e-006, 0, 0, 0, 0, 0, 0, 0, 0.170239771, -0.181458984, -0.128481494, 0.0357116973, 0.770954336, -0.635722199, -0.35559082, 0.604370117, 0.713012695, 0.934013299, 0.200467778, 0.295963761, 0, 0, 0, 0, 0, 0, 0, 0.235289062, -0.152415918, -0.107476416, -0.269927898, 0.144105877, -0.952043483, 0.37097168, -0.896728516, -0.240966797, -0.888551476, -0.418135628, 0.188504309, 4, 1, 
267.825035, 0.1, 0.1, 0.117568751, 0.189896221, -0.019960218, 0.999199405, -2.06187499e-005, -0.0400068603, -0.0400068604, -3.6429138e-006, -0.999199405, 2.04565011e-005, 1, -4.46488875e-006, 0.999199405, -1.28838874e-005, -0.0400068636, -0.0400068636, 3.39218781e-006, -0.999199405, 1.30092835e-005, 1, 2.87402812e-006, 0, 0, 0, 0, 0, 0, 0, 0.170239771, -0.181458984, -0.128481494, 0.0357116973, 0.770954336, -0.635722199, -0.35559082, 0.604370117, 0.713012695, 0.934013299, 0.200467778, 0.295963761, 0, 0, 0, 0, 0, 0, 0, 0.235289062, -0.152415918, -0.107476416, -0.269927898, 0.144105877, -0.952043483, 0.37097168, -0.896728516, -0.240966797, -0.888551476, -0.418135628, 0.188504309, 4, 1, 
267.825961, 0.1, 0.1, 0.117568752, 0.189896222, -0.0199610399, 0.999199404, -1.72446814e-005, -0.0400068818, -0.0400068817, 4.18336102e-006, -0.999199404, 1.73982386e-005, 1, 3.49010591e-006, 0.999199405, 8.51024063e-006, -0.0400068632, -0.0400068631, -5.48891854e-006, -0.999199405, -8.72302179e-006, 1, -5.14405611e-006, 0, 0, 0, 0, 0, 0, 0, 0.169711133, -0.18122207, -0.128472339, 0.034036858, 0.771283837, -0.635355627, -0.352539063, 0.604248047, 0.714599609, 0.935143711, 0.199426854, 0.292815903, 0, 0, 0, 0, 0, 0, 0, 0.235289062, -0.152415918, -0.107476416, -0.272336607, 0.142891861, -0.951474388, 0.370727539, -0.896850586, -0.240844727, -0.8878227, -0.418263226, 0.191264463, 4, 1, 
267.826812, 0.1, 0.1, 0.117568754, 0.189896222, -0.0199617272, 0.999199404, 6.09969684e-006, -0.0400068907, -0.0400068907, -3.58778542e-006, -0.999199404, -6.23834959e-006, 1, -3.34088315e-006, 0.999199404, 1.41193671e-005, -0.0400068927, -0.0400068928, 3.43112679e-006, -0.999199404, -1.39707945e-005, 1, 3.99325185e-006, 0, 0, 0, 0, 0, 0, 0, 0.169711133, -0.18122207, -0.128472339, 0.034036858, 0.771283837, -0.635355627, -0.352539063, 0.604248047, 0.714599609, 0.935143711, 0.199426854, 0.292815903, 0, 0, 0, 0, 0, 0, 0, 0.234921777, -0.152722168, -0.107380713, -0.272336607, 0.142891861, -0.951474388, 0.370727539, -0.896850586, -0.240844727, -0.8878227, -0.418263226, 0.191264463, 4, 1, 
267.827667, 0.1, 0.1, 0.117568757, 0.189896222, -0.019962644, 0.999199403, 1.62558161e-005, -0.0400069155, -0.0400069155, 3.59111202e-006, -0.999199403, -1.60991324e-005, 1, 4.23858204e-006, 0.999199403, 8.60055937e-006, -0.0400069175, -0.0400069174, -3.04630422e-006, -0.999199403, -8.71554703e-006, 1, -2.69978349e-006, 0, 0, 0, 0, 0, 0, 0, 0.169711133, -0.18122207, -0.128472339, 0.034036858, 0.771283837, -0.635355627, -0.352539063, 0.604248047, 0.714599609, 0.935143711, 0.199426854, 0.292815903, 0, 0, 0, 0, 0, 0, 0, 0.234921777, -0.152722168, -0.107380713, -0.272336607, 0.142891861, -0.951474388, 0.370727539, -0.896850586, -0.240844727, -0.8878227, -0.418263226, 0.191264463, 4, 1, 
267.828589, 0.1, 0.1, 0.117568759, 0.189896222, -0.0199628909, 0.999199402, 1.20098117e-005, -0.0400069371, -0.0400069371, -2.7698921e-006, -0.999199402, -1.21110116e-005, 1, -2.28719875e-006, 0.999199403, -1.01881813e-005, -0.0400069228, -0.0400069227, 5.05350821e-006, -0.999199403, 1.03822e-005, 1, 4.6418646e-006, 0, 0, 0, 0, 0, 0, 0, 0.16922583, -0.18144104, -0.128704004, 0.0331809032, 0.771479667, -0.635306574, -0.348510742, 0.604736328, 0.716064453, 0.936762384, 0.197541959, 0.289223968, 0, 0, 0, 0, 0, 0, 0, 0.234786035, -0.152833496, -0.10729502, -0.274623914, 0.14133916, -0.951013935, 0.370849609, -0.896972656, -0.240478516, -0.887081164, -0.418671907, 0.193890455, 4, 1, 
267.82944, 0.1, 0.1, 0.11756876, 0.189896222, -0.0199626981, 0.999199402, -5.91279471e-006, -0.0400069366, -0.0400069366, 5.23899467e-006, -0.999199402, 6.11765707e-006, 1, 4.99824754e-006, 0.999199402, -1.47130837e-005, -0.0400069407, -0.0400069408, -1.58184688e-006, -0.999199402, 1.46380196e-005, 1, -2.16920593e-006, 0, 0, 0, 0, 0, 0, 0, 0.16922583, -0.18144104, -0.128704004, 0.0331809032, 0.771479667, -0.635306574, -0.348510742, 0.604736328, 0.716064453, 0.936762384, 0.197541959, 0.289223968, 0, 0, 0, 0, 0, 0, 0, 0.234786035, -0.152833496, -0.10729502, -0.274623914, 0.14133916, -0.951013935, 0.370849609, -0.896972656, -0.240478516, -0.887081164, -0.418671907, 0.193890455, 4, 1, 
267.830307, 0.1, 0.1, 0.11756876, 0.189896222, -0.0199624805, 0.999199401, -1.37463446e-005, -0.0400069546, -0.0400069547, -2.40674884e-006, -0.999199401, 1.36390527e-005, 1, -2.95477138e-006, 0.999199401, -6.54921293e-006, -0.0400069582, -0.0400069581, 4.67398094e-006, -0.999199401, 6.7309614e-006, 1, 4.40822487e-006, 0, 0, 0, 0, 0, 0, 0, 0.16922583, -0.18144104, -0.128704004, 0.0331809032, 0.771479667, -0.635306574, -0.348510742, 0.604736328, 0.716064453, 0.936762384, 0.197541959, 0.289223968, 0, 0, 0, 0, 0, 0, 0, 0.234786035, -0.152833496, -0.10729502, -0.274623914, 0.14133916, -0.951013935, 0.370849609, -0.896972656, -0.240478516, -0.887081164, -0.418671907, 0.193890455, 4, 1, 
267.831186, 0.1, 0.1, 0.117568759, 0.189896222, -0.0199618995, 0.999199401, -7.87254214e-006, -0.0400069711, -0.040006971, 3.89499545e-006, -0.999199401, 8.02206636e-006, 1, 3.57692056e-006, 0.999199401, 1.48938855e-005, -0.0400069561, -0.0400069561, -4.04090879e-006, -0.999199401, -1.50436259e-005, 1, -3.44181462e-006, 0, 0, 0, 0, 0, 0, 0, 0.16922583, -0.18144104, -0.128704004, 0.0331809032, 0.771479667, -0.635306574, -0.348510742, 0.604736328, 0.716064453, 0.936762384, 0.197541959, 0.289223968, 0, 0, 0, 0, 0, 0, 0, 0.234786035, -0.152833496, -0.10729502, -0.274623914, 0.14133916, -0.951013935, 0.370849609, -0.896972656, -0.240478516, -0.887081164, -0.418671907, 0.193890455, 4, 1, 
267.832032, 0.1, 0.1, 0.117568759, 0.189896222, -0.019961697, 0.999199401, 9.84238546e-006, -0.0400069685, -0.0400069684, -5.50465558e-006, -0.999199401, -1.00547302e-005, 1, -5.10648455e-006, 0.9991994, 1.91301723e-005, -0.0400069731, -0.0400069731, 1.69980718e-006, -0.999199401, -1.90468525e-005, 1, 2.46378661e-006, 0, 0, 0, 0, 0, 0, 0, 0.16922583, -0.18144104, -0.128704004, 0.0331809032, 0.771479667, -0.635306574, -0.348510742, 0.604736328, 0.716064453, 0.936762384, 0.197541959, 0.289223968, 0, 0, 0, 0, 0, 0, 0, 0.234786035, -0.152833496, -0.10729502, -0.274623914, 0.14133916, -0.951013935, 0.370849609, -0.896972656, -0.240478516, -0.887081164, -0.418671907, 0.193890455, 4, 1, 
267.832908, 0.1, 0.1, 0.117568761, 0.189896223, -0.0199618798, 0.9991994, 1.65525925e-005, -0.040006989, -0.040006989, 1.67269508e-006, -0.9991994, -1.6472421e-005, 1, 2.33357531e-006, 0.9991994, 9.234299e-006, -0.0400069929, -0.0400069928, -5.90240283e-006, -0.9991994, -9.4630434e-006, 1, -5.52824083e-006, 0, 0, 0, 0, 0, 0, 0, 0.16922583, -0.18144104, -0.128704004, 0.0331809032, 0.771479667, -0.635306574, -0.348510742, 0.604736328, 0.716064453, 0.936762384, 0.197541959, 0.289223968, 0, 0, 0, 0, 0, 0, 0, 0.234786035, -0.152833496, -0.10729502, -0.274623914, 0.14133916, -0.951013935, 0.370849609, -0.896972656, -0.240478516, -0.887081164, -0.418671907, 0.193890455, 4, 1, 
267.833812, 0.1, 0.1, 0.117568765, 0.189896224, -0.0199613655, 0.999199399, 6.55770873e-006, -0.0400070118, -0.0400070118, -5.09113206e-006, -0.999199399, -6.7561396e-006, 1, -4.82470177e-006, 0.9991994, -1.66968725e-005, -0.0400069948, -0.0400069947, 3.18052569e-006, -0.9991994, 1.68107482e-005, 1, 2.50998767e-006, 0, 0, 0, 0, 0, 0, 0, 0.169215576, -0.18124209, -0.128507007, 0.032933777, 0.771066668, -0.635713581, -0.346435547, 0.60546875, 0.716430664, 0.937543077, 0.196495044, 0.287434552, 0, 0, 0, 0, 0, 0, 0, 0.234544482, -0.152914551, -0.106843164, -0.274853958, 0.139927183, -0.951237415, 0.370483398, -0.897460938, -0.239135742, -0.887228085, -0.418083856, 0.194848908, 4, 1, 
267.834656, 0.1, 0.1, 0.117568767, 0.189896224, -0.0199614013, 0.999199399, -1.24784314e-005, -0.0400070182, -0.0400070182, 4.45518906e-006, -0.999199399, 1.264668e-005, 1, 3.9523974e-006, 0.999199398, -2.16830951e-005, -0.0400070211, -0.0400070212, -2.77121836e-006, -0.999199399, 2.15548674e-005, 1, -3.63647576e-006, 0, 0, 0, 0, 0, 0, 0, 0.169215576, -0.18124209, -0.128507007, 0.032933777, 0.771066668, -0.635713581, -0.346435547, 0.60546875, 0.716430664, 0.937543077, 0.196495044, 0.287434552, 0, 0, 0, 0, 0, 0, 0, 0.234544482, -0.152914551, -0.106843164, -0.274853958, 0.139927183, -0.951237415, 0.370483398, -0.897460938, -0.239135742, -0.887228085, -0.418083856, 0.194848908, 4, 1, 
267.835542, 0.1, 0.1, 0.117568768, 0.189896224, -0.0199617273, 0.999199397, -1.89309598e-005, -0.0400070519, -0.0400070519, -2.05929518e-006, -0.999199397, 1.88334173e-005, 1, -2.81501839e-006, 0.999199397, -1.22324813e-005, -0.0400070518, -0.0400070517, 4.91627377e-006, -0.999199397, 1.24193736e-005, 1, 4.42295227e-006, 0, 0, 0, 0, 0, 0, 0, 0.169215576, -0.18124209, -0.128507007, 0.032933777, 0.771066668, -0.635713581, -0.346435547, 0.60546875, 0.716430664, 0.937543077, 0.196495044, 0.287434552, 0, 0, 0, 0, 0, 0, 0, 0.234544482, -0.152914551, -0.106843164, -0.274853958, 0.139927183, -0.951237415, 0.370483398, -0.897460938, -0.239135742, -0.887228085, -0.418083856, 0.194848908, 4, 1, 
267.836392, 0.1, 0.1, 0.117568768, 0.189896224, -0.0199621174, 0.999199396, -8.20002637e-006, -0.0400070834, -0.0400070833, 5.2337877e-006, -0.999199396, 8.40284997e-006, 1, 4.90153837e-006, 0.999199397, 1.29783097e-005, -0.0400070672, -0.0400070672, -2.80893677e-006, -0.999199397, -1.30802966e-005, 1, -2.28746381e-006, 0, 0, 0, 0, 0, 0, 0, 0.169215576, -0.18124209, -0.128507007, 0.032933777, 0.771066668, -0.635713581, -0.346435547, 0.60546875, 0.716430664, 0.937543077, 0.196495044, 0.287434552, 0, 0, 0, 0, 0, 0, 0, 0.234544482, -0.152914551, -0.106843164, -0.274853958, 0.139927183, -0.951237415, 0.370483398, -0.897460938, -0.239135742, -0.887228085, -0.418083856, 0.194848908, 4, 1, 
267.837245, 0.1, 0.1, 0.117568767, 0.189896224, -0.0199627635, 0.999199396, 1.40090443e-005, -0.0400070967, -0.0400070967, -2.99875081e-006, -0.999199396, -1.41177999e-005, 1, -2.4358888e-006, 0.999199395, 2.23449887e-005, -0.040007098, -0.0400070981, 3.82978099e-006, -0.999199396, -2.21738808e-005, 1, 4.72067301e-006, 0, 0, 0, 0, 0, 0, 0, 0.169215576, -0.18124209, -0.128507007, 0.032933777, 0.771066668, -0.635713581, -0.346435547, 0.60546875, 0.716430664, 0.937543077, 0.196495044, 0.287434552, 0, 0, 0, 0, 0, 0, 0, 0.234544482, -0.152914551, -0.106843164, -0.274853958, 0.139927183, -0.951237415, 0.370483398, -0.897460938, -0.239135742, -0.887228085, -0.418083856, 0.194848908, 4, 1, 
267.838171, 0.1, 0.1, 0.117568768, 0.189896224, -0.0199628544, 0.999199394, 2.52518679e-005, -0.0400071354, -0.0400071355, 3.19501379e-006, -0.999199394, -2.51038277e-005, 1, 4.20271074e-006, 0.999199394, 1.83962639e-005, -0.040007134, -0.0400071339, -4.14212614e-006, -0.999199394, -1.85472504e-005, 1, -3.40282813e-006, 0, 0, 0, 0, 0, 0, 0, 0.168906665, -0.181285181, -0.127873901, 0.0355993649, 0.770386325, -0.636436986, -0.344848633, 0.607299805, 0.715698242, 0.937986033, 0.193760185, 0.287549129, 0, 0, 0, 0, 0, 0, 0, 0.234544482, -0.152914551, -0.106843164, -0.275192643, 0.13944814, -0.951179812, 0.369506836, -0.897949219, -0.238525391, -0.887509168, -0.417029521, 0.195468676, 4, 1, 
267.83902, 0.1, 0.1, 0.117568769, 0.189896224, -0.0199623212, 0.999199393, 1.42390645e-005, -0.0400071676, -0.0400071675, -4.11084297e-006, -0.999199393, -1.43921278e-005, 1, -3.53788716e-006, 0.999199393, -6.39891412e-006, -0.0400071515, -0.0400071515, 4.07719737e-006, -0.999199393, 6.55690816e-006, 1, 3.81793082e-006, 0, 0, 0, 0, 0, 0, 0, 0.168906665, -0.181285181, -0.127873901, 0.0355993649, 0.770386325, -0.636436986, -0.344848633, 0.607299805, 0.715698242, 0.937986033, 0.193760185, 0.287549129, 0, 0, 0, 0, 0, 0, 0, 0.23429292, -0.152924072, -0.106379834, -0.275192643, 0.13944814, -0.951179812, 0.369506836, -0.897949219, -0.238525391, -0.887509168, -0.417029521, 0.195468676, 4, 1, 
267.83987, 0.1, 0.1, 0.11756877, 0.189896224, -0.0199620157, 0.999199392, -1.24876005e-005, -0.0400071829, -0.0400071828, 3.69154657e-006, -0.999199392, 1.26252912e-005, 1, 3.18899737e-006, 0.999199392, -2.01255222e-005, -0.0400071834, -0.0400071835, -3.27085437e-006, -0.999199392, 1.99785519e-005, 1, -4.07340116e-006, 0, 0, 0, 0, 0, 0, 0, 0.168906665, -0.181285181, -0.127873901, 0.0355993649, 0.770386325, -0.636436986, -0.344848633, 0.607299805, 0.715698242, 0.937986033, 0.193760185, 0.287549129, 0, 0, 0, 0, 0, 0, 0, 0.23429292, -0.152924072, -0.106379834, -0.275192643, 0.13944814, -0.951179812, 0.369506836, -0.897949219, -0.238525391, -0.887509168, -0.417029521, 0.195468676, 4, 1, 
267.840768, 0.1, 0.1, 0.117568772, 0.189896225, -0.0199616519, 0.99919939, -2.42325432e-005, -0.0400072207, -0.0400072209, -4.398392e-006, -0.999199391, 2.40371749e-005, 1, -5.36434732e-006, 0.99919939, -1.58506336e-005, -0.0400072218, -0.0400072218, 3.19934376e-006, -0.999199391, 1.59659403e-005, 1, 2.56264253e-006, 0, 0, 0, 0, 0, 0, 0, 0.168906665, -0.181285181, -0.127873901, 0.0355993649, 0.770386325, -0.636436986, -0.344848633, 0.607299805, 0.715698242, 0.937986033, 0.193760185, 0.287549129, 0, 0, 0, 0, 0, 0, 0, 0.23429292, -0.152924072, -0.106379834, -0.27419591, 0.137697478, -0.951665419, 0.369750977, -0.8984375, -0.236572266, -0.887649893, -0.416722552, 0.195417637, 4, 1, 
267.841614, 0.1, 0.1, 0.117568773, 0.189896225, -0.0199614407, 0.999199389, -1.70263245e-005, -0.0400072477, -0.0400072477, 3.08051249e-006, -0.99919939, 1.71359358e-005, 1, 2.39686982e-006, 0.99919939, 4.59273126e-006, -0.0400072325, -0.0400072324, -5.29732654e-006, -0.99919939, -4.80098565e-006, 1, -5.10934298e-006, 0, 0, 0, 0, 0, 0, 0, 0.168906665, -0.181285181, -0.127873901, 0.0355993649, 0.770386325, -0.636436986, -0.344848633, 0.607299805, 0.715698242, 0.937986033, 0.193760185, 0.287549129, 0, 0, 0, 0, 0, 0, 0, 0.234132666, -0.153033447, -0.105743311, -0.27419591, 0.137697478, -0.951665419, 0.369750977, -0.8984375, -0.236572266, -0.887649893, -0.416722552, 0.195417637, 4, 1, 
267.842463, 0.1, 0.1, 0.117568775, 0.189896225, -0.0199617828, 0.999199389, 7.61487027e-006, -0.0400072549, -0.0400072549, -3.85746333e-006, -0.999199389, -7.76310024e-006, 1, -3.54972494e-006, 0.999199389, 1.52425699e-005, -0.0400072574, -0.0400072574, 2.81237485e-006, -0.999199389, -1.51178511e-005, 1, 3.41993665e-006, 0, 0, 0, 0, 0, 0, 0, 0.168906665, -0.181285181, -0.127873901, 0.0355993649, 0.770386325, -0.636436986, -0.344848633, 0.607299805, 0.715698242, 0.937986033, 0.193760185, 0.287549129, 0, 0, 0, 0, 0, 0, 0, 0.234132666, -0.153033447, -0.105743311, -0.27419591, 0.137697478, -0.951665419, 0.369750977, -0.8984375, -0.236572266, -0.887649893, -0.416722552, 0.195417637, 4, 1, 
267.843358, 0.1, 0.1, 0.117568777, 0.189896225, -0.0199619566, 0.999199389, 1.82291803e-005, -0.0400072697, -0.0400072698, 3.42387675e-006, -0.999199389, -1.80776058e-005, 1, 4.15043528e-006, 0.999199388, 1.03735364e-005, -0.040007274, -0.040007274, -3.51021288e-006, -0.999199389, -1.05056652e-005, 1, -3.09238565e-006, 0, 0, 0, 0, 0, 0, 0, 0.169004321, -0.180915967, -0.126843262, 0.0375284437, 0.768882228, -0.6381942, -0.345581055, 0.60925293, 0.713623047, 0.937680497, 0.193627635, 0.288939771, 0, 0, 0, 0, 0, 0, 0, 0.234132666, -0.153033447, -0.105743311, -0.27419591, 0.137697478, -0.951665419, 0.369750977, -0.8984375, -0.236572266, -0.887649893, -0.416722552, 0.195417637, 4, 1, 
267.844221, 0.1, 0.1, 0.117568779, 0.189896225, -0.0199622164, 0.999199388, 1.46246093e-005, -0.0400072809, -0.0400072809, -2.87894625e-006, -0.999199388, -1.47280794e-005, 1, -2.29155048e-006, 0.999199389, -7.87044426e-006, -0.0400072676, -0.0400072675, 5.1142118e-006, -0.999199389, 8.06874873e-006, 1, 4.79524234e-006, 0, 0, 0, 0, 0, 0, 0, 0.169004321, -0.180915967, -0.126843262, 0.0375284437, 0.768882228, -0.6381942, -0.345581055, 0.60925293, 0.713623047, 0.937680497, 0.193627635, 0.288939771, 0, 0, 0, 0, 0, 0, 0, 0.234132666, -0.153033447, -0.105743311, -0.27419591, 0.137697478, -0.951665419, 0.369750977, -0.8984375, -0.236572266, -0.887649893, -0.416722552, 0.195417637, 4, 1, 
267.845086, 0.1, 0.1, 0.117568779, 0.189896225, -0.0199625825, 0.999199389, -4.51720091e-006, -0.040007273, -0.040007273, 5.94089569e-006, -0.999199389, 4.75126343e-006, 1, 5.75541845e-006, 0.999199388, -1.35352152e-005, -0.040007279, -0.040007279, -1.49546761e-006, -0.999199388, 1.34645491e-005, 1, -2.03577745e-006, 0, 0, 0, 0, 0, 0, 0, 0.169004321, -0.180915967, -0.126843262, 0.0375284437, 0.768882228, -0.6381942, -0.345581055, 0.60925293, 0.713623047, 0.937680497, 0.193627635, 0.288939771, 0, 0, 0, 0, 0, 0, 0, 0.234132666, -0.153033447, -0.105743311, -0.27419591, 0.137697478, -0.951665419, 0.369750977, -0.8984375, -0.236572266, -0.887649893, -0.416722552, 0.195417637, 4, 1, 
267.845995, 0.1, 0.1, 0.117568777, 0.189896225, -0.0199620078, 0.999199387, -1.24018188e-005, -0.0400072984, -0.0400072985, -2.88676746e-006, -0.999199388, 1.22763979e-005, 1, -3.38061954e-006, 0.999199387, -4.33724386e-006, -0.0400073012, -0.0400073012, 4.15440141e-006, -0.999199387, 4.4999778e-006, 1, 3.97755392e-006, 0, 0, 0, 0, 0, 0, 0, 0.168686621, -0.181012036, -0.125596704, 0.0400352722, 0.767110787, -0.640021808, -0.344604492, 0.611938477, 0.711914063, 0.937901414, 0.191807141, 0.289105644, 0, 0, 0, 0, 0, 0, 0, 0.233889404, -0.153339209, -0.105289746, -0.274413194, 0.136113061, -0.951901659, 0.369018555, -0.899169922, -0.234985352, -0.887918216, -0.415661654, 0.196497491, 4, 1, 
267.846847, 0.1, 0.1, 0.117568777, 0.189896226, -0.01996173, 0.999199387, -1.20652278e-005, -0.0400073213, -0.0400073212, 3.31294427e-006, -0.999199387, 1.21881102e-005, 1, 2.82759444e-006, 0.999199387, 1.17995046e-005, -0.0400073042, -0.0400073042, -4.91428209e-006, -0.999199387, -1.19866649e-005, 1, -4.43828129e-006, 0, 0, 0, 0, 0, 0, 0, 0.168686621, -0.181012036, -0.125596704, 0.0400352722, 0.767110787, -0.640021808, -0.344604492, 0.611938477, 0.711914063, 0.937901414, 0.191807141, 0.289105644, 0, 0, 0, 0, 0, 0, 0, 0.233889404, -0.153339209, -0.105289746, -0.274413194, 0.136113061, -0.951901659, 0.369018555, -0.899169922, -0.234985352, -0.887918216, -0.415661654, 0.196497491, 4, 1, 
267.847748, 0.1, 0.1, 0.117568777, 0.189896226, -0.0199614357, 0.999199386, 6.40753477e-006, -0.0400073258, -0.0400073257, -5.4484111e-006, -0.999199386, -6.62038117e-006, 1, -5.1877007e-006, 0.999199386, 1.6497254e-005, -0.0400073301, -0.0400073301, 2.19237029e-006, -0.999199386, -1.63963352e-005, 1, 2.85062613e-006, 0, 0, 0, 0, 0, 0, 0, 0.168686621, -0.181012036, -0.125596704, 0.0400352722, 0.767110787, -0.640021808, -0.344604492, 0.611938477, 0.711914063, 0.937901414, 0.191807141, 0.289105644, 0, 0, 0, 0, 0, 0, 0, 0.233889404, -0.153339209, -0.105289746, -0.274413194, 0.136113061, -0.951901659, 0.369018555, -0.899169922, -0.234985352, -0.887918216, -0.415661654, 0.196497491, 4, 1, 
267.848599, 0.1, 0.1, 0.117568781, 0.189896226, -0.0199612642, 0.999199385, 1.1946235e-005, -0.0400073528, -0.0400073528, 2.0653605e-006, -0.999199385, -1.18540411e-005, 1, 2.54164418e-006, 0.999199385, 4.86340742e-006, -0.0400073543, -0.0400073543, -4.89422623e-006, -0.999199385, -5.05531874e-006, 1, -4.69573578e-006, 0, 0, 0, 0, 0, 0, 0, 0.168686621, -0.181012036, -0.125596704, 0.0400352722, 0.767110787, -0.640021808, -0.344604492, 0.611938477, 0.711914063, 0.937901414, 0.191807141, 0.289105644, 0, 0, 0, 0, 0, 0, 0, 0.233889404, -0.153339209, -0.105289746, -0.274413194, 0.136113061, -0.951901659, 0.369018555, -0.899169922, -0.234985352, -0.887918216, -0.415661654, 0.196497491, 4, 1, 
267.849447, 0.1, 0.1, 0.117568784, 0.189896227, -0.0199617121, 0.999199384, 6.36780312e-006, -0.0400073799, -0.0400073799, -3.98035728e-006, -0.999199384, -6.52194862e-006, 1, -3.72241142e-006, 0.999199385, -1.63864551e-005, -0.040007363, -0.0400073629, 3.99381613e-006, -0.999199385, 1.65331179e-005, 1, 3.33503977e-006, 0, 0, 0, 0, 0, 0, 0, 0.168686621, -0.181012036, -0.125596704, 0.0400352722, 0.767110787, -0.640021808, -0.344604492, 0.611938477, 0.711914063, 0.937901414, 0.191807141, 0.289105644, 0, 0, 0, 0, 0, 0, 0, 0.233889404, -0.153339209, -0.105289746, -0.274413194, 0.136113061, -0.951901659, 0.369018555, -0.899169922, -0.234985352, -0.887918216, -0.415661654, 0.196497491, 4, 1, 
267.850377, 0.1, 0.1, 0.117568787, 0.189896227, -0.0199619831, 0.999199384, -1.23120858e-005, -0.0400073867, -0.0400073866, 5.28254488e-006, -0.999199384, 1.25135693e-005, 1, 4.78574121e-006, 0.999199384, -2.31689032e-005, -0.0400073914, -0.0400073915, -2.76778683e-006, -0.999199384, 2.30396218e-005, 1, -3.69249827e-006, 0, 0, 0, 0, 0, 0, 0, 0.168676367, -0.18128606, -0.125660913, 0.039788146, 0.766152239, -0.641171316, -0.342651367, 0.61328125, 0.711547852, 0.938682106, 0.191217408, 0.287310237, 0, 0, 0, 0, 0, 0, 0, 0.233889404, -0.153339209, -0.105289746, -0.27563997, 0.134796966, -0.951728851, 0.368041992, -0.899780273, -0.234008789, -0.887924412, -0.414818039, 0.198356795, 4, 1, 
267.851243, 0.1, 0.1, 0.117568787, 0.189896227, -0.0199617617, 0.999199383, -1.65563669e-005, -0.0400074145, -0.0400074146, -9.48845626e-007, -0.999199383, 1.65051507e-005, 1, -1.6104634e-006, 0.999199383, -1.04454928e-005, -0.0400074149, -0.0400074148, 5.81671952e-006, -0.999199383, 1.06698419e-005, 1, 5.39416539e-006, 0, 0, 0, 0, 0, 0, 0, 0.168676367, -0.18128606, -0.125660913, 0.039788146, 0.766152239, -0.641171316, -0.342651367, 0.61328125, 0.711547852, 0.938682106, 0.191217408, 0.287310237, 0, 0, 0, 0, 0, 0, 0, 0.233584863, -0.153631787, -0.105015967, -0.27563997, 0.134796966, -0.951728851, 0.368041992, -0.899780273, -0.234008789, -0.887924412, -0.414818039, 0.198356795, 4, 1, 
267.852098, 0.1, 0.1, 0.117568786, 0.189896226, -0.0199618445, 0.999199382, -6.50798553e-006, -0.0400074415, -0.0400074415, 5.93765681e-006, -0.999199382, 6.74032558e-006, 1, 5.67253516e-006, 0.999199382, 1.50627606e-005, -0.0400074256, -0.0400074256, -2.16789707e-006, -0.999199382, -1.5137433e-005, 1, -1.56353914e-006, 0, 0, 0, 0, 0, 0, 0, 0.168676367, -0.18128606, -0.125660913, 0.039788146, 0.766152239, -0.641171316, -0.342651367, 0.61328125, 0.711547852, 0.938682106, 0.191217408, 0.287310237, 0, 0, 0, 0, 0, 0, 0, 0.233584863, -0.153631787, -0.105015967, -0.27563997, 0.134796966, -0.951728851, 0.368041992, -0.899780273, -0.234008789, -0.887924412, -0.414818039, 0.198356795, 4, 1, 
267.852979, 0.1, 0.1, 0.117568785, 0.189896226, -0.019961897, 0.999199382, 1.56025055e-005, -0.0400074443, -0.0400074443, -3.42740577e-006, -0.999199382, -1.57271356e-005, 1, -2.80044536e-006, 0.999199381, 2.46268025e-005, -0.0400074479, -0.040007448, 3.91132425e-006, -0.999199382, -2.44506037e-005, 1, 4.8934483e-006, 0, 0, 0, 0, 0, 0, 0, 0.168676367, -0.18128606, -0.125660913, 0.039788146, 0.766152239, -0.641171316, -0.342651367, 0.61328125, 0.711547852, 0.938682106, 0.191217408, 0.287310237, 0, 0, 0, 0, 0, 0, 0, 0.233584863, -0.153631787, -0.105015967, -0.27563997, 0.134796966, -0.951728851, 0.368041992, -0.899780273, -0.234008789, -0.887924412, -0.414818039, 0.198356795, 4, 1, 
267.853833, 0.1, 0.1, 0.117568785, 0.189896226, -0.0199621565, 0.999199381, 2.04879135e-005, -0.0400074673, -0.0400074673, 2.7502802e-006, -0.999199381, -2.03614788e-005, 1, 3.56774781e-006, 0.999199381, 1.39329241e-005, -0.0400074696, -0.0400074696, -3.99391407e-006, -0.999199381, -1.40815556e-005, 1, -3.43329543e-006, 0, 0, 0, 0, 0, 0, 0, 0.168676367, -0.18128606, -0.125660913, 0.039788146, 0.766152239, -0.641171316, -0.342651367, 0.61328125, 0.711547852, 0.938682106, 0.191217408, 0.287310237, 0, 0, 0, 0, 0, 0, 0, 0.233584863, -0.153631787, -0.105015967, -0.27563997, 0.134796966, -0.951728851, 0.368041992, -0.899780273, -0.234008789, -0.887924412, -0.414818039, 0.198356795, 4, 1, 
267.854697, 0.1, 0.1, 0.117568787, 0.189896227, -0.0199625442, 0.99919938, 1.18364691e-005, -0.0400074881, -0.0400074881, -6.07734423e-006, -0.99919938, -1.20701319e-005, 1, -5.59893119e-006, 0.999199381, -1.09237154e-005, -0.0400074719, -0.0400074718, 2.80820237e-006, -0.999199381, 1.10273187e-005, 1, 2.36892383e-006, 0, 0, 0, 0, 0, 0, 0, 0.168676367, -0.18128606, -0.125660913, 0.039788146, 0.766152239, -0.641171316, -0.342651367, 0.61328125, 0.711547852, 0.938682106, 0.191217408, 0.287310237, 0, 0, 0, 0, 0, 0, 0, 0.233584863, -0.153631787, -0.105015967, -0.27563997, 0.134796966, -0.951728851, 0.368041992, -0.899780273, -0.234008789, -0.887924412, -0.414818039, 0.198356795, 4, 1, 
267.855605, 0.1, 0.1, 0.117568788, 0.189896227, -0.0199619915, 0.99919938, -1.29114934e-005, -0.0400074788, -0.0400074788, 2.09335778e-006, -0.99919938, 1.29849062e-005, 1, 1.5751255e-006, 0.99919938, -2.08879571e-005, -0.0400074839, -0.040007484, -4.78712531e-006, -0.99919938, 2.0679713e-005, 1, -5.61896725e-006, 0, 0, 0, 0, 0, 0, 0, 0.168472656, -0.181550439, -0.125716211, 0.0400996734, 0.765465905, -0.642092794, -0.339355469, 0.614868164, 0.711914063, 0.939868685, 0.18922505, 0.284613571, 0, 0, 0, 0, 0, 0, 0, 0.233248828, -0.153882861, -0.105168652, -0.277365112, 0.13408788, -0.95133876, 0.366943359, -0.900268555, -0.233886719, -0.887860246, -0.413910625, 0.200484421, 4, 1, 
267.856461, 0.1, 0.1, 0.117568789, 0.189896228, -0.0199616907, 0.999199379, -2.21472371e-005, -0.0400074946, -0.0400074947, -5.06270272e-006, -0.99919938, 2.19269595e-005, 1, -5.94470489e-006, 0.999199379, -1.49026563e-005, -0.040007498, -0.040007498, 1.68451772e-006, -0.99919938, 1.49581183e-005, 1, 1.08695106e-006, 0, 0, 0, 0, 0, 0, 0, 0.168472656, -0.181550439, -0.125716211, 0.0400996734, 0.765465905, -0.642092794, -0.339355469, 0.614868164, 0.711914063, 0.939868685, 0.18922505, 0.284613571, 0, 0, 0, 0, 0, 0, 0, 0.233248828, -0.153882861, -0.105168652, -0.277365112, 0.13408788, -0.95133876, 0.366943359, -0.900268555, -0.233886719, -0.887860246, -0.413910625, 0.200484421, 4, 1, 
267.857365, 0.1, 0.1, 0.117568791, 0.189896228, -0.0199615601, 0.999199379, -1.91538596e-005, -0.0400075122, -0.0400075122, 3.50144346e-006, -0.999199379, 1.92786086e-005, 1, 2.73234186e-006, 0.99919938, 6.37550316e-006, -0.0400074942, -0.0400074942, -6.27908065e-006, -0.99919938, -6.62160908e-006, 1, -6.01898559e-006, 0, 0, 0, 0, 0, 0, 0, 0.168472656, -0.181550439, -0.125716211, 0.0386719603, 0.765402625, -0.642201378, -0.338378906, 0.614868164, 0.712280273, 0.940218404, 0.189605848, 0.283147665, 0, 0, 0, 0, 0, 0, 0, 0.233248828, -0.153882861, -0.105168652, -0.277365112, 0.13408788, -0.95133876, 0.366943359, -0.900268555, -0.233886719, -0.887860246, -0.413910625, 0.200484421, 4, 1, 
267.858235, 0.1, 0.1, 0.117568792, 0.189896229, -0.0199610365, 0.999199379, 6.17970281e-006, -0.0400075122, -0.0400075121, -4.97084086e-006, -0.999199379, -6.37362619e-006, 1, -4.71962656e-006, 0.999199379, 1.39183153e-005, -0.0400075157, -0.0400075157, 1.99541475e-006, -0.999199379, -1.38273404e-005, 1, 2.5506544e-006, 0, 0, 0, 0, 0, 0, 0, 0.168400757, -0.181329272, -0.125726221, 0.0386719603, 0.765402625, -0.642201378, -0.338378906, 0.614868164, 0.712280273, 0.940218404, 0.189605848, 0.283147665, 0, 0, 0, 0, 0, 0, 0, 0.233156055, -0.154159082, -0.105111523, -0.27887297, 0.133199789, -0.951031791, 0.366455078, -0.900512695, -0.233642578, -0.887527758, -0.413635739, 0.202235083, 4, 1, 
