time, realDorsalTactorPos, realVentralTactorPos, boxPosX, boxPosY, boxPosZ, boxLocalRot_11, boxLocalRot_12, boxLocalRot_13, boxLocalRot_21, boxLocalRot_22, boxLocalRot_23, boxLocalRot_31, boxLocalRot_32, boxLocalRot_33, boxGlobalRot_11, boxGlobalRot_12, boxGlobalRot_13, boxGlobalRot_21, boxGlobalRot_22, boxGlobalRot_23, boxGlobalRot_31, boxGlobalRot_32, boxGlobalRot_33, indexForceX, indexForceY, indexForceZ, indexForceGlobalX, indexForceGlobalY, indexForceGlobalZ, indexContact, indexPosX, indexPosY, indexPosZ, indexRot_11, indexRot_12, indexRot_13, indexRot_21, indexRot_22, indexRot_23, indexRot_31, indexRot_32, indexRot_33, thumbForceX, thumbForceY, thumbForceZ, thumbForceGlobalX, thumbForceGlobalY, thumbForceGlobalZ, thumbContact, thumbPosX, thumbPosY, thumbPosZ, thumbRot_11, thumbRot_12, thumbRot_13, thumbRot_21, thumbRot_22, thumbRot_23, thumbRot_31, thumbRot_32, thumbRot_33, mapping, trialSuccess, 
281.105242, 0.1, 0.1, 0.117085278, 0.176081163, -0.019954438, 0.669484756, 4.31710475e-006, 0.742825795, 0.742825795, -2.31999241e-005, -0.669484755, 1.43432662e-005, 1, -1.87388523e-005, 0.669484861, 3.22466537e-005, 0.742825699, 0.7428257, -1.54698547e-005, -0.669484861, -1.00972409e-005, 0.999999999, -3.43104767e-005, 0, 0, 0, 0, 0, 0, 0, 0.140254199, -0.133447119, -0.143601465, -0.275096387, 0.732836088, -0.622129541, -0.568725586, 0.397705078, 0.719970703, 0.774988055, 0.552068163, 0.307653192, 0, 0, 0, 0, 0, 0, 0, 0.228000146, -0.0878369629, -0.116813086, -0.207275248, 0.359382331, -0.909843939, 0.256835938, -0.877319336, -0.405151367, -0.943951486, -0.31756754, 0.0894675551, 4, 1, 
281.120991, 0.1, 0.1, 0.117085306, 0.176081128, -0.0199673267, 0.669465566, 6.74868805e-005, 0.742843086, 0.742843088, -1.12670707e-005, -0.669465567, -3.68104772e-005, 0.999999998, -5.76750786e-005, 0.669465787, 4.80294622e-005, 0.742842889, 0.74284289, 6.89254644e-006, -0.669465788, -3.72741609e-005, 0.999999999, -3.10640205e-005, 0, 0, 0, 0, 0, 0, 0, 0.140621045, -0.143435083, -0.138756201, -0.285415011, 0.724811611, -0.626952977, -0.563110352, 0.40246582, 0.721679688, 0.775386445, 0.559147936, 0.293586117, 0, 0, 0, 0, 0, 0, 0, 0.228805029, -0.0963067383, -0.11199707, -0.220321721, 0.34616085, -0.91189937, 0.264282227, -0.878662109, -0.397338867, -0.938940105, -0.328408362, 0.102016762, 4, 1, 
281.121882, 0.1, 0.1, 0.117085299, 0.176081132, -0.0199618913, 0.66946491, -2.39688904e-005, 0.742843681, 0.742843681, 3.11901836e-005, -0.669464909, -7.1230998e-006, 0.999999999, 3.86858722e-005, 0.669464974, -1.59595229e-006, 0.742843623, 0.742843623, -1.40620756e-005, -0.669464974, 1.15143573e-005, 1, -8.2285241e-006, 0, 0, 0, 0, 0, 0, 0, 0.140621045, -0.143435083, -0.138756201, -0.285415011, 0.724811611, -0.626952977, -0.563110352, 0.40246582, 0.721679688, 0.775386445, 0.559147936, 0.293586117, 0, 0, 0, 0, 0, 0, 0, 0.228805029, -0.0963067383, -0.11199707, -0.220321721, 0.34616085, -0.91189937, 0.264282227, -0.878662109, -0.397338867, -0.938940105, -0.328408362, 0.102016762, 4, 1, 
281.122727, 0.1, 0.1, 0.117085311, 0.176081125, -0.019957579, 0.669464301, -2.495941e-005, 0.742844229, 0.742844229, -1.17912411e-005, -0.669464301, 2.54684894e-005, 1, 1.06471387e-005, 0.669464465, -5.93220862e-005, 0.74284408, 0.742844081, 8.67629893e-006, -0.669464466, 3.32688914e-005, 0.999999998, 4.98755344e-005, 0, 0, 0, 0, 0, 0, 0, 0.140621045, -0.143435083, -0.138756201, -0.285415011, 0.724811611, -0.626952977, -0.563110352, 0.40246582, 0.721679688, 0.775386445, 0.559147936, 0.293586117, 0, 0, 0, 0, 0, 0, 0, 0.228805029, -0.0963067383, -0.11199707, -0.220321721, 0.34616085, -0.91189937, 0.264282227, -0.878662109, -0.397338867, -0.938940105, -0.328408362, 0.102016762, 4, 1, 
281.123608, 0.1, 0.1, 0.11708529, 0.176081128, -0.0199553845, 0.669463073, 7.50541801e-005, 0.742845332, 0.742845334, -2.31450356e-006, -0.669463075, -4.85266841e-005, 0.999999997, -5.73031222e-005, 0.669463361, 0.000105487993, 0.742845069, 0.742845074, -1.00348931e-005, -0.669463364, -6.3165976e-005, 0.999999994, -8.50792294e-005, 0, 0, 0, 0, 0, 0, 0, 0.140621045, -0.143435083, -0.138756201, -0.285415011, 0.724811611, -0.626952977, -0.563110352, 0.40246582, 0.721679688, 0.775386445, 0.559147936, 0.293586117, 0, 0, 0, 0, 0, 0, 0, 0.228805029, -0.0963067383, -0.11199707, -0.220321721, 0.34616085, -0.91189937, 0.264282227, -0.878662109, -0.397338867, -0.938940105, -0.328408362, 0.102016762, 4, 1, 
281.124507, 0.1, 0.1, 0.117085309, 0.176081125, -0.0199548875, 0.669461754, -0.000118206012, 0.742846516, 0.742846522, 1.94827401e-005, -0.669461757, 6.46617186e-005, 0.999999993, 0.000100851874, 0.669461978, -0.000127599485, 0.742846312, 0.74284632, 1.73236914e-005, -0.669461982, 7.2554164e-005, 0.999999992, 0.000106384361, 0, 0, 0, 0, 0, 0, 0, 0.141673169, -0.145665088, -0.136992993, -0.286495248, 0.720219188, -0.631700412, -0.56652832, 0.404296875, 0.718017578, 0.772467739, 0.563706655, 0.292484158, 0, 0, 0, 0, 0, 0, 0, 0.229703369, -0.0981658203, -0.110733789, -0.220545202, 0.342505676, -0.913164425, 0.267333984, -0.879150391, -0.394287109, -0.937981652, -0.331001905, 0.102374771, 4, 1, 
281.125381, 0.1, 0.1, 0.117085297, 0.176081119, -0.0199572409, 0.66946066, 0.000139701681, 0.742847498, 0.742847504, 1.83799545e-005, -0.669460668, -0.000107178284, 0.99999999, -9.14723888e-005, 0.669460855, 0.000113565177, 0.742847326, 0.742847329, 2.23115637e-005, -0.669460861, -9.26015267e-005, 0.999999993, -6.94248699e-005, 0, 0, 0, 0, 0, 0, 0, 0.141673169, -0.145665088, -0.136992993, -0.286495248, 0.720219188, -0.631700412, -0.56652832, 0.404296875, 0.718017578, 0.772467739, 0.563706655, 0.292484158, 0, 0, 0, 0, 0, 0, 0, 0.229703369, -0.0981658203, -0.110733789, -0.220545202, 0.342505676, -0.913164425, 0.267333984, -0.879150391, -0.394287109, -0.937981652, -0.331001905, 0.102374771, 4, 1, 
281.126292, 0.1, 0.1, 0.117085284, 0.176081119, -0.0199608333, 0.66945993, -7.26860661e-005, 0.742848166, 0.742848167, -6.39298792e-006, -0.669459932, 5.34094282e-005, 0.999999997, 4.97148618e-005, 0.669459987, -1.0007419e-005, 0.742848117, 0.742848117, -1.94116596e-005, -0.669459987, 2.11194814e-005, 1, -5.56133703e-006, 0, 0, 0, 0, 0, 0, 0, 0.141673169, -0.145665088, -0.136992993, -0.286495248, 0.720219188, -0.631700412, -0.56652832, 0.404296875, 0.718017578, 0.772467739, 0.563706655, 0.292484158, 0, 0, 0, 0, 0, 0, 0, 0.229703369, -0.0981658203, -0.110733789, -0.220545202, 0.342505676, -0.913164425, 0.267333984, -0.879150391, -0.394287109, -0.937981652, -0.331001905, 0.102374771, 4, 1, 
281.127146, 0.1, 0.1, 0.117085308, 0.176081112, -0.0199641997, 0.669459905, -4.44821913e-005, 0.74284819, 0.742848192, 4.9011054e-005, -0.669459903, -6.62872926e-006, 0.999999998, 6.58544509e-005, 0.669459889, -9.07876856e-005, 0.7428482, 0.742848205, 4.14108375e-005, -0.669459889, 3.00167478e-005, 0.999999995, 9.5164364e-005, 0, 0, 0, 0, 0, 0, 0, 0.141673169, -0.145665088, -0.136992993, -0.286495248, 0.720219188, -0.631700412, -0.56652832, 0.404296875, 0.718017578, 0.772467739, 0.563706655, 0.292484158, 0, 0, 0, 0, 0, 0, 0, 0.229703369, -0.0981658203, -0.110733789, -0.220545202, 0.342505676, -0.913164425, 0.267333984, -0.879150391, -0.394287109, -0.937981652, -0.331001905, 0.102374771, 4, 1, 
281.128, 0.1, 0.1, 0.117085294, 0.176081116, -0.0199668412, 0.669460682, 6.13633323e-005, 0.742847489, 0.742847491, -7.76682031e-005, -0.669460677, 1.66152916e-005, 0.999999995, -9.75794056e-005, 0.669460462, 7.5831452e-005, 0.742847685, 0.742847689, -5.21230027e-005, -0.66946046, -1.20467069e-005, 0.999999996, -9.12255084e-005, 0, 0, 0, 0, 0, 0, 0, 0.141673169, -0.145665088, -0.136992993, -0.286495248, 0.720219188, -0.631700412, -0.56652832, 0.404296875, 0.718017578, 0.772467739, 0.563706655, 0.292484158, 0, 0, 0, 0, 0, 0, 0, 0.229703369, -0.0981658203, -0.110733789, -0.220545202, 0.342505676, -0.913164425, 0.267333984, -0.879150391, -0.394287109, -0.937981652, -0.331001905, 0.102374771, 4, 1, 
281.128957, 0.1, 0.1, 0.117085292, 0.176081122, -0.0199668107, 0.669462257, -2.36209513e-005, 0.742846071, 0.742846071, 6.46689878e-005, -0.669462255, -3.22257682e-005, 0.999999998, 6.08401774e-005, 0.669461916, -2.36093789e-005, 0.742846379, 0.742846379, 2.0148761e-005, -0.669461915, 8.38145868e-007, 1, 3.10269698e-005, 0, 0, 0, 0, 0, 0, 0, 0.142702222, -0.147665747, -0.135215503, -0.288038659, 0.715747332, -0.636143432, -0.569458008, 0.406005859, 0.71472168, 0.769745985, 0.568246277, 0.290963208, 0, 0, 0, 0, 0, 0, 0, 0.23010542, -0.100036377, -0.109227002, -0.221497091, 0.338569419, -0.914397398, 0.26965332, -0.879760742, -0.391113281, -0.937099758, -0.333256763, 0.10359535, 4, 1, 
281.1298, 0.1, 0.1, 0.117085293, 0.176081107, -0.0199649282, 0.669463907, 7.25642152e-006, 0.742844585, 0.742844585, -7.82747471e-006, -0.669463907, 9.566849e-007, 1, -1.06306052e-005, 0.669463581, -1.33108338e-006, 0.742844878, 0.742844878, 4.38756856e-005, -0.669463581, -3.17017165e-005, 0.999999999, 3.0361962e-005, 0, 0, 0, 0, 0, 0, 0, 0.142702222, -0.147665747, -0.135215503, -0.288038659, 0.715747332, -0.636143432, -0.569458008, 0.406005859, 0.71472168, 0.769745985, 0.568246277, 0.290963208, 0, 0, 0, 0, 0, 0, 0, 0.23010542, -0.100036377, -0.109227002, -0.221497091, 0.338569419, -0.914397398, 0.26965332, -0.879760742, -0.391113281, -0.937099758, -0.333256763, 0.10359535, 4, 1, 
281.130666, 0.1, 0.1, 0.117085289, 0.176081113, -0.0199625382, 0.669465331, 1.18789544e-006, 0.742843302, 0.742843302, 1.82712907e-005, -0.669465331, -1.43679607e-005, 1, 1.13495755e-005, 0.669465081, 2.22989937e-005, 0.742843526, 0.742843527, -1.11383735e-005, -0.669465081, -6.654329e-006, 1, -2.40214152e-005, 0, 0, 0, 0, 0, 0, 0, 0.142702222, -0.147665747, -0.135215503, -0.288038659, 0.715747332, -0.636143432, -0.569458008, 0.406005859, 0.71472168, 0.769745985, 0.568246277, 0.290963208, 0, 0, 0, 0, 0, 0, 0, 0.23010542, -0.100036377, -0.109227002, -0.221497091, 0.338569419, -0.914397398, 0.26965332, -0.879760742, -0.391113281, -0.937099758, -0.333256763, 0.10359535, 4, 1, 
281.131561, 0.1, 0.1, 0.117085291, 0.176081112, -0.0199596094, 0.669466134, 2.86672556e-005, 0.742842578, 0.742842578, -7.18671272e-006, -0.669466134, -1.38531605e-005, 1, -2.61065188e-005, 0.669466041, 3.68126634e-006, 0.742842661, 0.742842661, -1.76480484e-005, -0.669466041, 1.06452404e-005, 1, -1.45493708e-005, 0, 0, 0, 0, 0, 0, 0, 0.142702222, -0.147665747, -0.135215503, -0.288038659, 0.715747332, -0.636143432, -0.569458008, 0.406005859, 0.71472168, 0.769745985, 0.568246277, 0.290963208, 0, 0, 0, 0, 0, 0, 0, 0.230275293, -0.101702588, -0.108872656, -0.226033427, 0.337508521, -0.913725857, 0.269775391, -0.879638672, -0.391601562, -0.93598089, -0.334841181, 0.107716441, 4, 1, 
281.132409, 0.1, 0.1, 0.117085294, 0.176081108, -0.0199580176, 0.66946646, -4.22423256e-005, 0.742842283, 0.742842284, 2.55877466e-005, -0.66946646, 9.2721601e-006, 0.999999999, 4.85095238e-005, 0.669466395, -4.84917019e-005, 0.742842341, 0.742842343, 2.02929509e-005, -0.669466395, 1.73891017e-005, 0.999999999, 4.96071381e-005, 0, 0, 0, 0, 0, 0, 0, 0.142702222, -0.147665747, -0.135215503, -0.288038659, 0.715747332, -0.636143432, -0.569458008, 0.406005859, 0.71472168, 0.769745985, 0.568246277, 0.290963208, 0, 0, 0, 0, 0, 0, 0, 0.230275293, -0.101702588, -0.108872656, -0.226033427, 0.337508521, -0.913725857, 0.269775391, -0.879638672, -0.391601562, -0.93598089, -0.334841181, 0.107716441, 4, 1, 
281.133274, 0.1, 0.1, 0.117085292, 0.176081107, -0.0199583305, 0.669467056, -1.39185338e-005, 0.742841747, 0.742841746, -1.7219797e-005, -0.669467056, 2.21095839e-005, 1, -1.18881886e-006, 0.669466889, 4.61746378e-006, 0.742841897, 0.742841897, -2.24697078e-005, -0.669466889, 1.36002013e-005, 1, -1.84727709e-005, 0, 0, 0, 0, 0, 0, 0, 0.142702222, -0.147665747, -0.135215503, -0.288038659, 0.715747332, -0.636143432, -0.569458008, 0.406005859, 0.71472168, 0.769745985, 0.568246277, 0.290963208, 0, 0, 0, 0, 0, 0, 0, 0.230275293, -0.101702588, -0.108872656, -0.226033427, 0.337508521, -0.913725857, 0.269775391, -0.879638672, -0.391601562, -0.93598089, -0.334841181, 0.107716441, 4, 1, 
281.134171, 0.1, 0.1, 0.117085296, 0.176081101, -0.0199593877, 0.669468172, -1.94118921e-007, 0.742840741, 0.742840741, -1.33314323e-005, -0.669468172, 1.00330875e-005, 1, -8.78077019e-006, 0.66946795, -1.06468721e-005, 0.742840942, 0.742840941, 2.74715402e-005, -0.669467949, -1.32792452e-005, 1, 2.63002482e-005, 0, 0, 0, 0, 0, 0, 0, 0.143424414, -0.149058301, -0.134764014, -0.291345276, 0.714586963, -0.635903419, -0.568725586, 0.405151367, 0.715820313, 0.769157374, 0.57028394, 0.288576947, 0, 0, 0, 0, 0, 0, 0, 0.230275293, -0.101702588, -0.108872656, -0.226033427, 0.337508521, -0.913725857, 0.269775391, -0.879638672, -0.391601562, -0.93598089, -0.334841181, 0.107716441, 4, 1, 
281.135016, 0.1, 0.1, 0.117085293, 0.176081101, -0.0199615399, 0.669469022, -1.00764653e-005, 0.742839975, 0.742839975, 2.19895194e-005, -0.669469021, -9.58881269e-006, 1, 2.22065032e-005, 0.669468899, 4.42327044e-006, 0.742840086, 0.742840085, 2.05022499e-005, -0.669468899, -1.81911351e-005, 1, 1.04398361e-005, 0, 0, 0, 0, 0, 0, 0, 0.143424414, -0.149058301, -0.134764014, -0.291345276, 0.714586963, -0.635903419, -0.568725586, 0.405151367, 0.715820313, 0.769157374, 0.57028394, 0.288576947, 0, 0, 0, 0, 0, 0, 0, 0.230275293, -0.101702588, -0.108872656, -0.226033427, 0.337508521, -0.913725857, 0.269775391, -0.879638672, -0.391601562, -0.93598089, -0.334841181, 0.107716441, 4, 1, 
281.135928, 0.1, 0.1, 0.117085289, 0.176081105, -0.0199639394, 0.669469298, 4.51455284e-005, 0.742839725, 0.742839726, -1.62764287e-005, -0.669469298, -1.81327674e-005, 0.999999999, -4.44324612e-005, 0.669469283, 4.0546322e-005, 0.742839739, 0.74283974, -2.25086573e-005, -0.669469283, -1.0424192e-005, 0.999999999, -4.51882739e-005, 0, 0, 0, 0, 0, 0, 0, 0.143424414, -0.149058301, -0.134764014, -0.293825895, 0.714548771, -0.634731068, -0.565307617, 0.405517578, 0.718261719, 0.770662593, 0.570042806, 0.285054283, 0, 0, 0, 0, 0, 0, 0, 0.230275293, -0.101702588, -0.108872656, -0.226033427, 0.337508521, -0.913725857, 0.269775391, -0.879638672, -0.391601562, -0.93598089, -0.334841181, 0.107716441, 4, 1, 
281.136794, 0.1, 0.1, 0.117085288, 0.176081105, -0.0199647014, 0.669469329, 6.9625557e-006, 0.742839698, 0.742839698, 9.61181589e-006, -0.669469329, -1.18012559e-005, 1, 1.26275316e-006, 0.669469313, -1.68719087e-005, 0.742839713, 0.742839713, 3.38136434e-006, -0.669469313, 8.78341344e-006, 1, 1.47968435e-005, 0, 0, 0, 0, 0, 0, 0, 0.143525464, -0.151070166, -0.134491577, -0.293825895, 0.714548771, -0.634731068, -0.565307617, 0.405517578, 0.718261719, 0.770662593, 0.570042806, 0.285054283, 0, 0, 0, 0, 0, 0, 0, 0.229980371, -0.103348779, -0.108709814, -0.230799805, 0.336664906, -0.912741152, 0.269042969, -0.879394531, -0.392456055, -0.935008945, -0.336157275, 0.112361418, 4, 1, 
281.137642, 0.1, 0.1, 0.117085284, 0.176081108, -0.0199647797, 0.669469703, -1.54890062e-005, 0.742839361, 0.742839362, 5.20602689e-006, -0.669469703, 6.50217871e-006, 1, 1.49911208e-005, 0.669469596, 1.564828e-006, 0.742839458, 0.742839458, -2.06432795e-005, -0.669469595, 1.42870378e-005, 1, -1.49824639e-005, 0, 0, 0, 0, 0, 0, 0, 0.143525464, -0.151070166, -0.134491577, -0.293825895, 0.714548771, -0.634731068, -0.565307617, 0.405517578, 0.718261719, 0.770662593, 0.570042806, 0.285054283, 0, 0, 0, 0, 0, 0, 0, 0.229980371, -0.103348779, -0.108709814, -0.230799805, 0.336664906, -0.912741152, 0.269042969, -0.879394531, -0.392456055, -0.935008945, -0.336157275, 0.112361418, 4, 1, 
281.138555, 0.1, 0.1, 0.117085284, 0.176081105, -0.0199635187, 0.669470459, 9.0812399e-006, 0.74283868, 0.74283868, -2.88388165e-005, -0.669470459, 1.53429665e-005, 1, -2.6052632e-005, 0.669470324, 4.38701336e-006, 0.742838802, 0.742838802, -1.63447309e-005, -0.669470323, 9.20452508e-006, 1, -1.4201156e-005, 0, 0, 0, 0, 0, 0, 0, 0.143525464, -0.151070166, -0.134491577, -0.293825895, 0.714548771, -0.634731068, -0.565307617, 0.405517578, 0.718261719, 0.770662593, 0.570042806, 0.285054283, 0, 0, 0, 0, 0, 0, 0, 0.229980371, -0.103348779, -0.108709814, -0.230799805, 0.336664906, -0.912741152, 0.269042969, -0.879394531, -0.392456055, -0.935008945, -0.336157275, 0.112361418, 4, 1, 
281.139417, 0.1, 0.1, 0.117085285, 0.176081101, -0.0199616925, 0.669470907, -3.600685e-005, 0.742838275, 0.742838276, 1.89740347e-005, -0.669470907, 1.00108994e-005, 0.999999999, 3.94498306e-005, 0.669470866, -2.2859911e-005, 0.742838313, 0.742838313, 3.6476069e-005, -0.669470865, -1.17917772e-005, 0.999999999, 4.14008832e-005, 0, 0, 0, 0, 0, 0, 0, 0.143525464, -0.151070166, -0.134491577, -0.293825895, 0.714548771, -0.634731068, -0.565307617, 0.405517578, 0.718261719, 0.770662593, 0.570042806, 0.285054283, 0, 0, 0, 0, 0, 0, 0, 0.229980371, -0.103348779, -0.108709814, -0.230799805, 0.336664906, -0.912741152, 0.269042969, -0.879394531, -0.392456055, -0.935008945, -0.336157275, 0.112361418, 4, 1, 
281.140273, 0.1, 0.1, 0.117085282, 0.176081101, -0.0199603619, 0.669470799, 1.35463146e-005, 0.742838374, 0.742838374, 4.09218677e-006, -0.669470799, -1.21086954e-005, 1, -7.32312278e-006, 0.669470846, 3.14493117e-005, 0.742838331, 0.742838331, -4.78833876e-007, -0.669470846, -2.06987011e-005, 1, -2.36823195e-005, 0, 0, 0, 0, 0, 0, 0, 0.143525464, -0.151070166, -0.134491577, -0.293825895, 0.714548771, -0.634731068, -0.565307617, 0.405517578, 0.718261719, 0.770662593, 0.570042806, 0.285054283, 0, 0, 0, 0, 0, 0, 0, 0.229980371, -0.103348779, -0.108709814, -0.230799805, 0.336664906, -0.912741152, 0.269042969, -0.879394531, -0.392456055, -0.935008945, -0.336157275, 0.112361418, 4, 1, 
281.141217, 0.1, 0.1, 0.117085288, 0.176081098, -0.0199586817, 0.669470597, 1.86504058e-005, 0.742838555, 0.742838555, 3.33277855e-007, -0.669470598, -1.27334699e-005, 1, -1.36311207e-005, 0.669470597, -1.08710714e-005, 0.742838555, 0.742838555, 1.8939005e-005, -0.669470597, -6.79076043e-006, 1, 2.0754558e-005, 0, 0, 0, 0, 0, 0, 0, 0.143859399, -0.153095703, -0.13447644, -0.296034301, 0.714181077, -0.634313199, -0.563964844, 0.405273437, 0.719482422, 0.770765186, 0.570842594, 0.283010628, 0, 0, 0, 0, 0, 0, 0, 0.230181982, -0.104800781, -0.108594092, -0.235022975, 0.336038209, -0.911954773, 0.270874023, -0.878417969, -0.393554687, -0.933366191, -0.339537197, 0.115389895, 4, 1, 
281.142062, 0.1, 0.1, 0.117085288, 0.176081101, -0.019958572, 0.669470927, -1.83949652e-005, 0.742838258, 0.742838259, 2.32573005e-005, -0.669470926, -4.96151822e-006, 1, 2.92345705e-005, 0.669470813, -2.45238136e-005, 0.74283836, 0.742838361, -3.94035205e-006, -0.669470813, 1.93450221e-005, 1, 1.55792788e-005, 0, 0, 0, 0, 0, 0, 0, 0.143859399, -0.153095703, -0.13447644, -0.296034301, 0.714181077, -0.634313199, -0.563964844, 0.405273437, 0.719482422, 0.770765186, 0.570842594, 0.283010628, 0, 0, 0, 0, 0, 0, 0, 0.230181982, -0.104800781, -0.108594092, -0.235022975, 0.336038209, -0.911954773, 0.270874023, -0.878417969, -0.393554687, -0.933366191, -0.339537197, 0.115389895, 4, 1, 
281.14295, 0.1, 0.1, 0.117085286, 0.176081105, -0.019959992, 0.66947156, 2.11786735e-005, 0.742837687, 0.742837687, -3.82933296e-005, -0.669471559, 1.42672089e-005, 0.999999999, -4.1368612e-005, 0.669471437, 1.55230469e-005, 0.742837799, 0.742837799, -4.58289807e-005, -0.669471435, 2.36512627e-005, 0.999999999, -4.22122995e-005, 0, 0, 0, 0, 0, 0, 0, 0.143859399, -0.153095703, -0.13447644, -0.296034301, 0.714181077, -0.634313199, -0.563964844, 0.405273437, 0.719482422, 0.770765186, 0.570842594, 0.283010628, 0, 0, 0, 0, 0, 0, 0, 0.230181982, -0.104800781, -0.108594092, -0.235022975, 0.336038209, -0.911954773, 0.270874023, -0.878417969, -0.393554687, -0.933366191, -0.339537197, 0.115389895, 4, 1, 
281.143824, 0.1, 0.1, 0.117085286, 0.176081102, -0.0199614698, 0.669471808, -1.87804751e-005, 0.742837464, 0.742837464, -8.17555644e-006, -0.669471808, 1.86461082e-005, 1, 8.47753595e-006, 0.669471808, -2.57620308e-005, 0.742837464, 0.742837464, 7.64964696e-006, -0.669471808, 1.1564509e-005, 1, 2.42582246e-005, 0, 0, 0, 0, 0, 0, 0, 0.143859399, -0.153095703, -0.13447644, -0.296034301, 0.714181077, -0.634313199, -0.563964844, 0.405273437, 0.719482422, 0.770765186, 0.570842594, 0.283010628, 0, 0, 0, 0, 0, 0, 0, 0.230181982, -0.104800781, -0.108594092, -0.235022975, 0.336038209, -0.911954773, 0.270874023, -0.878417969, -0.393554687, -0.933366191, -0.339537197, 0.115389895, 4, 1, 
281.144666, 0.1, 0.1, 0.117085281, 0.176081104, -0.0199633184, 0.669471554, -1.73530608e-005, 0.742837693, 0.742837693, 2.21795172e-006, -0.669471554, 9.96980245e-006, 1, 1.43753632e-005, 0.669471623, 1.86190103e-005, 0.742837631, 0.742837631, -2.51655071e-006, -0.669471623, -1.05955105e-005, 1, -1.55156608e-005, 0, 0, 0, 0, 0, 0, 0, 0.143859399, -0.153095703, -0.13447644, -0.296034301, 0.714181077, -0.634313199, -0.563964844, 0.405273437, 0.719482422, 0.770765186, 0.570842594, 0.283010628, 0, 0, 0, 0, 0, 0, 0, 0.230181982, -0.104800781, -0.108594092, -0.235022975, 0.336038209, -0.911954773, 0.270874023, -0.878417969, -0.393554687, -0.933366191, -0.339537197, 0.115389895, 4, 1, 
281.145617, 0.1, 0.1, 0.11708528, 0.176081103, -0.019964341, 0.669471389, 3.03585533e-005, 0.742837841, 0.742837842, -1.44177847e-005, -0.669471389, -9.61410675e-006, 0.999999999, -3.22037765e-005, 0.669471375, 2.69933672e-005, 0.742837854, 0.742837854, 2.97501146e-006, -0.669471375, -2.02812378e-005, 1, -1.806001e-005, 0, 0, 0, 0, 0, 0, 0, 0.143859399, -0.153095703, -0.13447644, -0.298554234, 0.711872322, -0.635539091, -0.564086914, 0.405517578, 0.719238281, 0.769681201, 0.57343292, 0.280732952, 0, 0, 0, 0, 0, 0, 0, 0.230181982, -0.104800781, -0.108594092, -0.235022975, 0.336038209, -0.911954773, 0.270874023, -0.878417969, -0.393554687, -0.933366191, -0.339537197, 0.115389895, 4, 1, 
281.146485, 0.1, 0.1, 0.117085282, 0.176081102, -0.0199634861, 0.66947174, -1.52388849e-005, 0.742837525, 0.742837525, 2.91649337e-005, -0.66947174, -1.14628044e-005, 0.999999999, 3.08451144e-005, 0.669471641, -1.99421557e-005, 0.742837615, 0.742837615, 2.52894138e-005, -0.66947164, -5.43522012e-006, 0.999999999, 3.17443287e-005, 0, 0, 0, 0, 0, 0, 0, 0.144173804, -0.154991748, -0.133653052, -0.298554234, 0.711872322, -0.635539091, -0.564086914, 0.405517578, 0.719238281, 0.769681201, 0.57343292, 0.280732952, 0, 0, 0, 0, 0, 0, 0, 0.230425098, -0.106142578, -0.107863574, -0.238639137, 0.33387157, -0.911858524, 0.273803711, -0.877685547, -0.393066406, -0.931659639, -0.343447201, 0.117977608, 4, 1, 
281.147326, 0.1, 0.1, 0.117085281, 0.176081106, -0.0199626411, 0.669472227, 1.08757125e-005, 0.742837086, 0.742837086, -2.15991912e-006, -0.669472227, -5.67651945e-006, 1, -9.52488845e-006, 0.669472144, 8.48480426e-006, 0.742837161, 0.742837161, -2.86644581e-005, -0.669472144, 1.56126846e-005, 1, -2.54928842e-005, 0, 0, 0, 0, 0, 0, 0, 0.144173804, -0.154991748, -0.133653052, -0.298554234, 0.711872322, -0.635539091, -0.564086914, 0.405517578, 0.719238281, 0.769681201, 0.57343292, 0.280732952, 0, 0, 0, 0, 0, 0, 0, 0.230425098, -0.106142578, -0.107863574, -0.238639137, 0.33387157, -0.911858524, 0.273803711, -0.877685547, -0.393066406, -0.931659639, -0.343447201, 0.117977608, 4, 1, 
281.148277, 0.1, 0.1, 0.117085286, 0.176081105, -0.0199609019, 0.669472256, 7.5920918e-008, 0.742837061, 0.74283706, -2.90320199e-005, -0.669472255, 2.15152334e-005, 1, -1.94925287e-005, 0.669472292, -2.99985653e-005, 0.742837027, 0.742837027, -1.58027097e-005, -0.669472293, 3.18220462e-005, 0.999999999, 1.17045688e-005, 0, 0, 0, 0, 0, 0, 0, 0.144874634, -0.15651687, -0.132460571, -0.302097117, 0.707914937, -0.638338351, -0.567016602, 0.404785156, 0.717285156, 0.766040213, 0.578879794, 0.279446024, 0, 0, 0, 0, 0, 0, 0, 0.230961279, -0.107141162, -0.106750049, -0.241309605, 0.330458832, -0.912388607, 0.278442383, -0.876953125, -0.391357422, -0.929608205, -0.348347375, 0.119517549, 4, 1, 
281.149122, 0.1, 0.1, 0.117085284, 0.176081106, -0.0199595824, 0.669471841, -3.54736592e-005, 0.742837433, 0.742837434, 6.24976791e-006, -0.669471842, 1.91060544e-005, 0.999999999, 3.05352056e-005, 0.669471924, -2.11968526e-005, 0.74283736, 0.74283736, 1.55458117e-007, -0.669471924, 1.40752176e-005, 1, 1.58498889e-005, 0, 0, 0, 0, 0, 0, 0, 0.144874634, -0.15651687, -0.132460571, -0.302097117, 0.707914937, -0.638338351, -0.567016602, 0.404785156, 0.717285156, 0.766040213, 0.578879794, 0.279446024, 0, 0, 0, 0, 0, 0, 0, 0.230961279, -0.107141162, -0.106750049, -0.241309605, 0.330458832, -0.912388607, 0.278442383, -0.876953125, -0.391357422, -0.929608205, -0.348347375, 0.119517549, 4, 1, 
281.14998, 0.1, 0.1, 0.117085281, 0.176081106, -0.0199595851, 0.669471679, 1.87040746e-005, 0.742837581, 0.742837581, -2.87806917e-005, -0.669471678, 8.85753116e-006, 0.999999999, -3.31619475e-005, 0.669471665, 3.60861035e-005, 0.742837592, 0.742837593, -1.2102628e-005, -0.669471665, -1.51683368e-005, 0.999999999, -3.49084808e-005, 0, 0, 0, 0, 0, 0, 0, 0.144874634, -0.15651687, -0.132460571, -0.302097117, 0.707914937, -0.638338351, -0.567016602, 0.404785156, 0.717285156, 0.766040213, 0.578879794, 0.279446024, 0, 0, 0, 0, 0, 0, 0, 0.230961279, -0.107141162, -0.106750049, -0.241309605, 0.330458832, -0.912388607, 0.278442383, -0.876953125, -0.391357422, -0.929608205, -0.348347375, 0.119517549, 4, 1, 
281.150866, 0.1, 0.1, 0.117085282, 0.176081102, -0.0199601372, 0.669472066, 9.18983602e-007, 0.742837231, 0.742837231, 2.27709368e-005, -0.669472066, -1.75303335e-005, 1, 1.45618509e-005, 0.669471964, -7.36107677e-006, 0.742837324, 0.742837323, 4.0288562e-005, -0.669471963, -2.49998131e-005, 0.999999999, 3.24401453e-005, 0, 0, 0, 0, 0, 0, 0, 0.144874634, -0.15651687, -0.132460571, -0.302097117, 0.707914937, -0.638338351, -0.567016602, 0.404785156, 0.717285156, 0.766040213, 0.578879794, 0.279446024, 0, 0, 0, 0, 0, 0, 0, 0.230961279, -0.107141162, -0.106750049, -0.241309605, 0.330458832, -0.912388607, 0.278442383, -0.876953125, -0.391357422, -0.929608205, -0.348347375, 0.119517549, 4, 1, 
281.151709, 0.1, 0.1, 0.117085278, 0.176081104, -0.0199616024, 0.669472488, 5.20227069e-006, 0.742836851, 0.742836851, 2.51248354e-005, -0.669472488, -2.21464307e-005, 1, 1.29559477e-005, 0.66947244, 2.30755229e-005, 0.742836894, 0.742836894, 1.66359555e-006, -0.66947244, -1.66842068e-005, 1, -1.60276184e-005, 0, 0, 0, 0, 0, 0, 0, 0.144874634, -0.15651687, -0.132460571, -0.302097117, 0.707914937, -0.638338351, -0.567016602, 0.404785156, 0.717285156, 0.766040213, 0.578879794, 0.279446024, 0, 0, 0, 0, 0, 0, 0, 0.230961279, -0.107141162, -0.106750049, -0.241309605, 0.330458832, -0.912388607, 0.278442383, -0.876953125, -0.391357422, -0.929608205, -0.348347375, 0.119517549, 4, 1, 
281.152597, 0.1, 0.1, 0.117085277, 0.176081104, -0.019963384, 0.669472393, 3.51161088e-005, 0.742836936, 0.742836937, -1.42563752e-005, -0.669472393, -1.29191033e-005, 0.999999999, -3.56297923e-005, 0.669472471, 8.36213965e-006, 0.742836866, 0.742836866, -2.13191227e-005, -0.669472471, 1.0238408e-005, 1, -2.04842714e-005, 0, 0, 0, 0, 0, 0, 0, 0.144874634, -0.15651687, -0.132460571, -0.302097117, 0.707914937, -0.638338351, -0.567016602, 0.404785156, 0.717285156, 0.766040213, 0.578879794, 0.279446024, 0, 0, 0, 0, 0, 0, 0, 0.230961279, -0.107141162, -0.106750049, -0.241309605, 0.330458832, -0.912388607, 0.278442383, -0.876953125, -0.391357422, -0.929608205, -0.348347375, 0.119517549, 4, 1, 
281.153498, 0.1, 0.1, 0.117085277, 0.176081103, -0.0199636317, 0.669471984, -2.86901904e-005, 0.742837305, 0.742837306, 1.00947654e-005, -0.669471984, 1.17085103e-005, 1, 2.80703063e-005, 0.669472052, -3.35199333e-005, 0.742837243, 0.742837244, 5.72166172e-006, -0.669472052, 1.81903951e-005, 0.999999999, 2.87303475e-005, 0, 0, 0, 0, 0, 0, 0, 0.145737671, -0.157575854, -0.13121377, -0.306845673, 0.704338349, -0.640027417, -0.569213867, 0.403198242, 0.716552734, 0.762590185, 0.584389947, 0.277365299, 0, 0, 0, 0, 0, 0, 0, 0.231236133, -0.108364697, -0.10583291, -0.244612601, 0.327058854, -0.912752445, 0.282836914, -0.876220703, -0.389770508, -0.927377767, -0.35336895, 0.12181142, 4, 1, 
281.154345, 0.1, 0.1, 0.117085275, 0.176081105, -0.0199635864, 0.669471907, -8.48383847e-006, 0.742837375, 0.742837375, -2.35014836e-005, -0.669471907, 2.31374719e-005, 1, -9.43147074e-006, 0.669471881, 8.14423355e-006, 0.742837398, 0.742837398, -2.92642009e-005, -0.669471881, 1.62862075e-005, 1, -2.56414009e-005, 0, 0, 0, 0, 0, 0, 0, 0.145737671, -0.157575854, -0.13121377, -0.306845673, 0.704338349, -0.640027417, -0.569213867, 0.403198242, 0.716552734, 0.762590185, 0.584389947, 0.277365299, 0, 0, 0, 0, 0, 0, 0, 0.231236133, -0.108364697, -0.10583291, -0.244612601, 0.327058854, -0.912752445, 0.282836914, -0.876220703, -0.389770508, -0.927377767, -0.35336895, 0.12181142, 4, 1, 
281.155243, 0.1, 0.1, 0.117085277, 0.176081103, -0.019962977, 0.669472303, 1.19302335e-006, 0.742837018, 0.742837018, -2.59777794e-005, -0.669472303, 1.84985601e-005, 1, -1.82776257e-005, 0.669472206, -7.12646041e-006, 0.742837106, 0.742837106, 1.17688058e-005, -0.669472206, -3.97133847e-006, 1, 1.31726876e-005, 0, 0, 0, 0, 0, 0, 0, 0.145737671, -0.157575854, -0.13121377, -0.306845673, 0.704338349, -0.640027417, -0.569213867, 0.403198242, 0.716552734, 0.762590185, 0.584389947, 0.277365299, 0, 0, 0, 0, 0, 0, 0, 0.231236133, -0.108364697, -0.10583291, -0.244612601, 0.327058854, -0.912752445, 0.282836914, -0.876220703, -0.389770508, -0.927377767, -0.35336895, 0.12181142, 4, 1, 
281.156088, 0.1, 0.1, 0.117085276, 0.176081104, -0.0199620236, 0.669472566, -1.74327004e-005, 0.742836781, 0.742836781, 2.22874271e-005, -0.669472565, -4.88520594e-006, 1, 2.7870472e-005, 0.669472554, -2.31826757e-006, 0.742836792, 0.742836792, 1.8737562e-005, -0.669472554, -1.23669339e-005, 1, 1.42663779e-005, 0, 0, 0, 0, 0, 0, 0, 0.145737671, -0.157575854, -0.13121377, -0.306845673, 0.704338349, -0.640027417, -0.569213867, 0.403198242, 0.716552734, 0.762590185, 0.584389947, 0.277365299, 0, 0, 0, 0, 0, 0, 0, 0.231236133, -0.108364697, -0.10583291, -0.244612601, 0.327058854, -0.912752445, 0.282836914, -0.876220703, -0.389770508, -0.927377767, -0.35336895, 0.12181142, 4, 1, 
281.156931, 0.1, 0.1, 0.117085275, 0.176081106, -0.0199615649, 0.669472338, 3.46672546e-005, 0.742836986, 0.742836986, -8.17367021e-006, -0.669472338, -1.71370635e-005, 0.999999999, -3.12241651e-005, 0.669472419, 3.09696969e-005, 0.742836913, 0.742836914, -1.5320355e-005, -0.669472419, -9.3528327e-006, 0.999999999, -3.32619892e-005, 0, 0, 0, 0, 0, 0, 0, 0.145737671, -0.157575854, -0.13121377, -0.306845673, 0.704338349, -0.640027417, -0.569213867, 0.403198242, 0.716552734, 0.762590185, 0.584389947, 0.277365299, 0, 0, 0, 0, 0, 0, 0, 0.231236133, -0.108364697, -0.10583291, -0.244612601, 0.327058854, -0.912752445, 0.282836914, -0.876220703, -0.389770508, -0.927377767, -0.35336895, 0.12181142, 4, 1, 
281.15789, 0.1, 0.1, 0.117085279, 0.176081103, -0.0199606099, 0.669471877, -4.65864536e-006, 0.742837402, 0.742837402, 2.30175235e-005, -0.669471877, -1.39794453e-005, 1, 1.88702007e-005, 0.66947195, -3.55285105e-005, 0.742837336, 0.742837336, 1.71487904e-005, -0.66947195, 1.10465794e-005, 0.999999999, 3.78725382e-005, 0, 0, 0, 0, 0, 0, 0, 0.146183887, -0.158528149, -0.130523535, -0.311104847, 0.702988142, -0.639533164, -0.569458008, 0.400878906, 0.717651367, 0.760669341, 0.587570005, 0.275803914, 0, 0, 0, 0, 0, 0, 0, 0.231499268, -0.109268555, -0.105099219, -0.24801148, 0.324956014, -0.912496516, 0.286376953, -0.875244141, -0.389526367, -0.925402892, -0.357885962, 0.124047688, 4, 1, 
281.158733, 0.1, 0.1, 0.117085276, 0.176081105, -0.0199599396, 0.669471932, -1.9309257e-005, 0.742837352, 0.742837352, 6.31612453e-006, -0.669471932, 8.23515235e-006, 1, 1.85721054e-005, 0.669471883, -2.73924511e-006, 0.742837397, 0.742837397, -2.04970087e-005, -0.669471882, 1.70597922e-005, 1, -1.16873573e-005, 0, 0, 0, 0, 0, 0, 0, 0.146183887, -0.158528149, -0.130523535, -0.311104847, 0.702988142, -0.639533164, -0.569458008, 0.400878906, 0.717651367, 0.760669341, 0.587570005, 0.275803914, 0, 0, 0, 0, 0, 0, 0, 0.231499268, -0.109268555, -0.105099219, -0.24801148, 0.324956014, -0.912496516, 0.286376953, -0.875244141, -0.389526367, -0.925402892, -0.357885962, 0.124047688, 4, 1, 
281.159602, 0.1, 0.1, 0.117085275, 0.176081103, -0.0199603024, 0.669472409, 1.71275402e-005, 0.742836923, 0.742836923, -3.59938343e-005, -0.669472408, 1.52711335e-005, 0.999999999, -3.68198482e-005, 0.669472309, 9.97671548e-006, 0.742837013, 0.742837013, -1.86800198e-005, -0.669472309, 7.1970754e-006, 1, -1.99168295e-005, 0, 0, 0, 0, 0, 0, 0, 0.146183887, -0.158528149, -0.130523535, -0.311104847, 0.702988142, -0.639533164, -0.569458008, 0.400878906, 0.717651367, 0.760669341, 0.587570005, 0.275803914, 0, 0, 0, 0, 0, 0, 0, 0.231499268, -0.109268555, -0.105099219, -0.24801148, 0.324956014, -0.912496516, 0.286376953, -0.875244141, -0.389526367, -0.925402892, -0.357885962, 0.124047688, 4, 1, 
281.160485, 0.1, 0.1, 0.117085274, 0.176081101, -0.0199609186, 0.669472645, -2.61656613e-005, 0.74283671, 0.74283671, 8.59218782e-006, -0.669472645, 1.1134602e-005, 1, 2.51890485e-005, 0.669472646, -1.15048432e-005, 0.742836709, 0.742836709, 2.68991937e-005, -0.669472646, -1.22795307e-005, 1, 2.65544943e-005, 0, 0, 0, 0, 0, 0, 0, 0.146183887, -0.158528149, -0.130523535, -0.311104847, 0.702988142, -0.639533164, -0.569458008, 0.400878906, 0.717651367, 0.760669341, 0.587570005, 0.275803914, 0, 0, 0, 0, 0, 0, 0, 0.231499268, -0.109268555, -0.105099219, -0.24801148, 0.324956014, -0.912496516, 0.286376953, -0.875244141, -0.389526367, -0.925402892, -0.357885962, 0.124047688, 4, 1, 
281.161329, 0.1, 0.1, 0.11708527, 0.176081104, -0.0199621905, 0.669472349, 1.65468306e-005, 0.742836976, 0.742836976, -4.95675739e-006, -0.669472349, -7.39558286e-006, 1, -1.56100096e-005, 0.669472431, 3.42739884e-005, 0.742836902, 0.742836903, -1.01759611e-005, -0.669472431, -1.53864109e-005, 0.999999999, -3.22725088e-005, 0, 0, 0, 0, 0, 0, 0, 0.146183887, -0.158528149, -0.130523535, -0.311104847, 0.702988142, -0.639533164, -0.569458008, 0.400878906, 0.717651367, 0.760669341, 0.587570005, 0.275803914, 0, 0, 0, 0, 0, 0, 0, 0.231499268, -0.109268555, -0.105099219, -0.24801148, 0.324956014, -0.912496516, 0.286376953, -0.875244141, -0.389526367, -0.925402892, -0.357885962, 0.124047688, 4, 1, 
281.16222, 0.1, 0.1, 0.117085273, 0.176081102, -0.0199635606, 0.669472006, 2.25850755e-005, 0.742837285, 0.742837286, -2.59949429e-006, -0.669472006, -1.31890745e-005, 1, -1.85173248e-005, 0.669472039, -5.45206432e-006, 0.742837256, 0.742837256, 1.4335443e-005, -0.669472039, -6.9988965e-006, 1, 1.36471747e-005, 0, 0, 0, 0, 0, 0, 0, 0.146183887, -0.158528149, -0.130523535, -0.311104847, 0.702988142, -0.639533164, -0.569458008, 0.400878906, 0.717651367, 0.760669341, 0.587570005, 0.275803914, 0, 0, 0, 0, 0, 0, 0, 0.231499268, -0.109268555, -0.105099219, -0.24801148, 0.324956014, -0.912496516, 0.286376953, -0.875244141, -0.389526367, -0.925402892, -0.357885962, 0.124047688, 4, 1, 
281.163116, 0.1, 0.1, 0.117085272, 0.176081105, -0.0199633942, 0.669472176, -2.03742012e-005, 0.742837132, 0.742837133, 2.26975615e-005, -0.669472175, -3.22063069e-006, 1, 3.03300991e-005, 0.669472095, -2.4208628e-005, 0.742837205, 0.742837205, -3.030366e-006, -0.669472095, 1.84580696e-005, 1, 1.59543241e-005, 0, 0, 0, 0, 0, 0, 0, 0.146238916, -0.160085474, -0.130218628, -0.314442543, 0.703064526, -0.637763967, -0.566650391, 0.400024414, 0.720336914, 0.761445164, 0.588052275, 0.27292827, 0, 0, 0, 0, 0, 0, 0, 0.231514014, -0.110776465, -0.104568506, -0.251589362, 0.323096344, -0.912208503, 0.287475586, -0.875, -0.389160156, -0.924060545, -0.360045305, 0.127146527, 4, 1, 
281.163965, 0.1, 0.1, 0.117085272, 0.176081107, -0.0199630582, 0.669472616, 1.03582071e-005, 0.742836736, 0.742836736, -2.5145076e-005, -0.669472616, 1.17441502e-005, 1, -2.45283966e-005, 0.669472539, 5.79398065e-006, 0.742836806, 0.742836806, -3.29501675e-005, -0.669472538, 2.05976863e-005, 0.999999999, -2.63632144e-005, 0, 0, 0, 0, 0, 0, 0, 0.146238916, -0.160085474, -0.130218628, -0.314442543, 0.703064526, -0.637763967, -0.566650391, 0.400024414, 0.720336914, 0.761445164, 0.588052275, 0.27292827, 0, 0, 0, 0, 0, 0, 0, 0.231514014, -0.110776465, -0.104568506, -0.251589362, 0.323096344, -0.912208503, 0.287475586, -0.875, -0.389160156, -0.924060545, -0.360045305, 0.127146527, 4, 1, 
281.164897, 0.1, 0.1, 0.117085276, 0.176081103, -0.0199621081, 0.669472705, -2.45208658e-005, 0.742836655, 0.742836655, -7.99225654e-006, -0.669472706, 2.23529915e-005, 1, 1.28644004e-005, 0.669472736, -3.48259991e-005, 0.742836627, 0.742836628, 9.28028625e-006, -0.669472736, 1.64213204e-005, 0.999999999, 3.20829264e-005, 0, 0, 0, 0, 0, 0, 0, 0.145818677, -0.162566772, -0.129589307, -0.314035535, 0.702632431, -0.638406118, -0.564453125, 0.402587891, 0.720581055, 0.763234579, 0.586884792, 0.270434546, 0, 0, 0, 0, 0, 0, 0, 0.231514014, -0.110776465, -0.104568506, -0.253352783, 0.321543643, -0.912329538, 0.287231445, -0.875488281, -0.388305664, -0.923632175, -0.360453986, 0.129465917, 4, 1, 
281.165768, 0.1, 0.1, 0.117085271, 0.176081104, -0.0199605213, 0.669472288, -1.67603962e-005, 0.742837032, 0.742837032, 7.23077151e-006, -0.669472288, 5.84933591e-006, 1, 1.72910441e-005, 0.669472388, 2.118639e-005, 0.742836941, 0.742836941, 2.42959978e-006, -0.669472388, -1.59884996e-005, 1, -1.41114831e-005, 0, 0, 0, 0, 0, 0, 0, 0.145818677, -0.162566772, -0.129589307, -0.314035535, 0.702632431, -0.638406118, -0.564453125, 0.402587891, 0.720581055, 0.763234579, 0.586884792, 0.270434546, 0, 0, 0, 0, 0, 0, 0, 0.231183105, -0.112450488, -0.103858008, -0.253352783, 0.321543643, -0.912329538, 0.287231445, -0.875488281, -0.388305664, -0.923632175, -0.360453986, 0.129465917, 4, 1, 
281.166612, 0.1, 0.1, 0.11708527, 0.176081102, -0.0199599492, 0.669471984, 3.41370867e-005, 0.742837304, 0.742837305, -9.53362221e-006, -0.669471985, -1.5771893e-005, 0.999999999, -3.17407945e-005, 0.669472001, 2.94993696e-005, 0.742837289, 0.74283729, 7.34031576e-006, -0.669472002, -2.52016623e-005, 1, -1.69990959e-005, 0, 0, 0, 0, 0, 0, 0, 0.145818677, -0.162566772, -0.129589307, -0.314035535, 0.702632431, -0.638406118, -0.564453125, 0.402587891, 0.720581055, 0.763234579, 0.586884792, 0.270434546, 0, 0, 0, 0, 0, 0, 0, 0.231183105, -0.112450488, -0.103858008, -0.253352783, 0.321543643, -0.912329538, 0.287231445, -0.875488281, -0.388305664, -0.923632175, -0.360453986, 0.129465917, 4, 1, 
281.167529, 0.1, 0.1, 0.117085272, 0.176081099, -0.0199596958, 0.66947226, -1.43949512e-005, 0.742837057, 0.742837057, 4.09431892e-005, -0.669472259, -2.07770976e-005, 0.999999999, 3.81034326e-005, 0.66947217, -2.09260051e-005, 0.742837138, 0.742837138, 3.76437243e-005, -0.669472169, -1.39537783e-005, 0.999999999, 4.07460395e-005, 0, 0, 0, 0, 0, 0, 0, 0.145818677, -0.162566772, -0.129589307, -0.314035535, 0.702632431, -0.638406118, -0.564453125, 0.402587891, 0.720581055, 0.763234579, 0.586884792, 0.270434546, 0, 0, 0, 0, 0, 0, 0, 0.231183105, -0.112450488, -0.103858008, -0.253352783, 0.321543643, -0.912329538, 0.287231445, -0.875488281, -0.388305664, -0.923632175, -0.360453986, 0.129465917, 4, 1, 
281.168375, 0.1, 0.1, 0.117085269, 0.176081102, -0.0199603784, 0.669472712, 1.86153574e-005, 0.74283665, 0.74283665, -1.8618753e-006, -0.669472712, -1.10794046e-005, 1, -1.50746445e-005, 0.669472637, 1.54883568e-005, 0.742836717, 0.742836717, -2.84200292e-005, -0.669472636, 1.07424101e-005, 0.999999999, -3.05317521e-005, 0, 0, 0, 0, 0, 0, 0, 0.145818677, -0.162566772, -0.129589307, -0.314035535, 0.702632431, -0.638406118, -0.564453125, 0.402587891, 0.720581055, 0.763234579, 0.586884792, 0.270434546, 0, 0, 0, 0, 0, 0, 0, 0.231183105, -0.112450488, -0.103858008, -0.253352783, 0.321543643, -0.912329538, 0.287231445, -0.875488281, -0.388305664, -0.923632175, -0.360453986, 0.129465917, 4, 1, 
