time, realDorsalTactorPos, realVentralTactorPos, boxPosX, boxPosY, boxPosZ, boxLocalRot_11, boxLocalRot_12, boxLocalRot_13, boxLocalRot_21, boxLocalRot_22, boxLocalRot_23, boxLocalRot_31, boxLocalRot_32, boxLocalRot_33, boxGlobalRot_11, boxGlobalRot_12, boxGlobalRot_13, boxGlobalRot_21, boxGlobalRot_22, boxGlobalRot_23, boxGlobalRot_31, boxGlobalRot_32, boxGlobalRot_33, indexForceX, indexForceY, indexForceZ, indexForceGlobalX, indexForceGlobalY, indexForceGlobalZ, indexContact, indexPosX, indexPosY, indexPosZ, indexRot_11, indexRot_12, indexRot_13, indexRot_21, indexRot_22, indexRot_23, indexRot_31, indexRot_32, indexRot_33, thumbForceX, thumbForceY, thumbForceZ, thumbForceGlobalX, thumbForceGlobalY, thumbForceGlobalZ, thumbContact, thumbPosX, thumbPosY, thumbPosZ, thumbRot_11, thumbRot_12, thumbRot_13, thumbRot_21, thumbRot_22, thumbRot_23, thumbRot_31, thumbRot_32, thumbRot_33, mapping, trialSuccess, 
76.5963893, 0.1, 0.1, 0.119032932, 0.212503121, -0.0199582544, 0.913157105, 1.63965895e-005, -0.407607778, 0.407607778, -5.98715145e-006, 0.913157105, 1.25322527e-005, -1, -1.21505873e-005, 0.913157102, 4.09185266e-005, -0.407607784, 0.407607785, -1.39558258e-005, 0.913157102, 3.167654e-005, -0.999999999, -2.94225714e-005, 0, 0, 0, 0, 0, 0, 0, 0.101014502, 0.0647726563, -0.156143677, -0.379223963, 0.923332388, 0.0590964221, -0.463134766, -0.244750977, 0.851806641, 0.801120413, 0.295599682, 0.520602261, 0, 0, 0, 0, 0, 0, 0, 0.171885303, 0.0986094238, -0.130623877, -0.332506118, 0.711897312, -0.618450902, 0.550170898, -0.386230469, -0.740234375, -0.766126124, -0.58614607, -0.263231286, 1, 1, 
76.6191027, 0.1, 0.1, 0.119032238, 0.212503017, -0.0199692761, 0.913188174, 3.2193657e-005, -0.407538168, 0.407538168, 3.00252592e-006, 0.913188174, 3.06225108e-005, -0.999999999, -1.03782728e-005, 0.913187672, 2.37265166e-005, -0.407539294, 0.407539293, 2.48310342e-005, 0.913187672, 3.17863846e-005, -0.999999999, 1.30059065e-005, 0, 0, 0, 0, 0, 0, 0, 0.107409961, 0.0460452393, -0.159802368, -0.373699583, 0.92670078, 0.0364136587, -0.455688477, -0.217651367, 0.863037109, 0.807908137, 0.305942271, 0.503802188, 0, 0, 0, 0, 0, 0, 0, 0.178045605, 0.080258252, -0.133259131, -0.34226672, 0.682342018, -0.645801975, 0.565673828, -0.399169922, -0.721435547, -0.750336253, -0.612082601, -0.249412991, 1, 1, 
76.6199985, 0.1, 0.1, 0.119032218, 0.212503012, -0.0199697185, 0.913190775, -1.5028158e-005, -0.407532341, 0.407532341, 2.73812159e-005, 0.913190774, -2.56484426e-006, -1, 3.11287342e-005, 0.913190218, -2.27607542e-005, -0.407533589, 0.407533589, 1.10804799e-005, 0.913190218, -1.62692303e-005, -1, 1.93943577e-005, 0, 0, 0, 0, 0, 0, 0, 0.107409961, 0.0460452393, -0.159802368, -0.373699583, 0.92670078, 0.0364136587, -0.455688477, -0.217651367, 0.863037109, 0.807908137, 0.305942271, 0.503802188, 0, 0, 0, 0, 0, 0, 0, 0.178045605, 0.080258252, -0.133259131, -0.34226672, 0.682342018, -0.645801975, 0.565673828, -0.399169922, -0.721435547, -0.750336253, -0.612082601, -0.249412991, 1, 1, 
76.6208957, 0.1, 0.1, 0.119032205, 0.212503008, -0.0199664879, 0.913193349, -1.57933662e-006, -0.407526572, 0.407526572, -2.76826084e-005, 0.913193349, -1.27236382e-005, -1, -2.46359522e-005, 0.913192863, 2.46964549e-005, -0.407527661, 0.407527661, -1.76456953e-005, 0.913192863, 1.53615174e-005, -1, -2.61784115e-005, 0, 0, 0, 0, 0, 0, 0, 0.108345532, 0.0433986816, -0.160244971, -0.372924882, 0.927228355, 0.0322810438, -0.454711914, -0.213012695, 0.864746094, 0.808897764, 0.30771259, 0.501119748, 0, 0, 0, 0, 0, 0, 0, 0.179083203, 0.0776625488, -0.133654004, -0.344247058, 0.678086032, -0.649104971, 0.567749023, -0.400390625, -0.719238281, -0.747844056, -0.615966719, -0.247182553, 1, 1, 
76.6217369, 0.1, 0.1, 0.119032186, 0.212503006, -0.019962475, 0.913195756, 2.1314816e-005, -0.407521178, 0.407521178, 1.93454585e-005, 0.913195756, 2.73482836e-005, -1, 8.9799517e-006, 0.913195273, 3.27823152e-006, -0.407522261, 0.40752226, 3.0125954e-005, 0.913195273, 1.52706624e-005, -1, 2.61749265e-005, 0, 0, 0, 0, 0, 0, 0, 0.108345532, 0.0433986816, -0.160244971, -0.372924882, 0.927228355, 0.0322810438, -0.454711914, -0.213012695, 0.864746094, 0.808897764, 0.30771259, 0.501119748, 0, 0, 0, 0, 0, 0, 0, 0.179083203, 0.0776625488, -0.133654004, -0.344247058, 0.678086032, -0.649104971, 0.567749023, -0.400390625, -0.719238281, -0.747844056, -0.615966719, -0.247182553, 1, 1, 
76.6226336, 0.1, 0.1, 0.119032166, 0.212502996, -0.0199584616, 0.913198358, -4.88335944e-005, -0.407515345, 0.407515345, 1.22906246e-006, 0.913198359, -4.40938965e-005, -0.999999999, 2.10228169e-005, 0.913197819, -3.68053845e-005, -0.407516555, 0.407516554, -3.17131179e-005, 0.913197819, -4.65342174e-005, -0.999999999, -1.39615466e-005, 0, 0, 0, 0, 0, 0, 0, 0.108345532, 0.0433986816, -0.160244971, -0.372924882, 0.927228355, 0.0322810438, -0.454711914, -0.213012695, 0.864746094, 0.808897764, 0.30771259, 0.501119748, 0, 0, 0, 0, 0, 0, 0, 0.179083203, 0.0776625488, -0.133654004, -0.344247058, 0.678086032, -0.649104971, 0.567749023, -0.400390625, -0.719238281, -0.747844056, -0.615966719, -0.247182553, 1, 1, 
76.6234807, 0.1, 0.1, 0.119032151, 0.212502993, -0.0199560971, 0.913200888, 1.93094631e-005, -0.407509678, 0.407509679, -3.15369945e-005, 0.913200887, 4.7817884e-006, -0.999999999, -3.66684045e-005, 0.91320038, 2.93890396e-005, -0.407510816, 0.407510817, -9.00394638e-006, 0.91320038, 2.31688766e-005, -1, -2.01987588e-005, 0, 0, 0, 0, 0, 0, 0, 0.108345532, 0.0433986816, -0.160244971, -0.372924882, 0.927228355, 0.0322810438, -0.454711914, -0.213012695, 0.864746094, 0.808897764, 0.30771259, 0.501119748, 0, 0, 0, 0, 0, 0, 0, 0.179083203, 0.0776625488, -0.133654004, -0.344247058, 0.678086032, -0.649104971, 0.567749023, -0.400390625, -0.719238281, -0.747844056, -0.615966719, -0.247182553, 1, 1, 
76.624326, 0.1, 0.1, 0.119032129, 0.212502988, -0.0199563871, 0.913203473, -1.86534663e-006, -0.407503887, 0.407503887, 3.38731372e-005, 0.913203472, 1.2099994e-005, -0.999999999, 3.16932025e-005, 0.913202953, -3.4404118e-005, -0.407505051, 0.407505052, 2.14455479e-005, 0.913202953, -2.26787731e-005, -0.999999999, 3.36039896e-005, 0, 0, 0, 0, 0, 0, 0, 0.108345532, 0.0433986816, -0.160244971, -0.372924882, 0.927228355, 0.0322810438, -0.454711914, -0.213012695, 0.864746094, 0.808897764, 0.30771259, 0.501119748, 0, 0, 0, 0, 0, 0, 0, 0.179083203, 0.0776625488, -0.133654004, -0.344247058, 0.678086032, -0.649104971, 0.567749023, -0.400390625, -0.719238281, -0.747844056, -0.615966719, -0.247182553, 1, 1, 
76.62527, 0.1, 0.1, 0.119032114, 0.212502977, -0.0199582372, 0.913206442, -2.75587261e-005, -0.407497232, 0.407497231, -3.93778775e-005, 0.913206442, -4.12131823e-005, -0.999999999, -2.47300268e-005, 0.913205912, -7.41528041e-006, -0.407498419, 0.407498418, -5.03279872e-005, 0.913205912, -2.72802531e-005, -0.999999999, -4.29381005e-005, 0, 0, 0, 0, 0, 0, 0, 0.109098389, 0.0405316895, -0.160612134, -0.371438759, 0.927863393, 0.0297277883, -0.451782227, -0.208618164, 0.867431641, 0.811257816, 0.308600746, 0.496704058, 0, 0, 0, 0, 0, 0, 0, 0.179919043, 0.0750868652, -0.133837354, -0.345837672, 0.67404733, -0.65250385, 0.569824219, -0.401611328, -0.716796875, -0.745556382, -0.619582514, -0.245207678, 1, 1, 
76.6261206, 0.1, 0.1, 0.119032098, 0.212502975, -0.0199608955, 0.913209153, 3.68438588e-005, -0.407491155, 0.407491155, -6.37326459e-006, 0.913209154, 3.10491001e-005, -0.999999999, -2.08336701e-005, 0.913208611, 2.46240365e-005, -0.407492371, 0.407492371, 2.01590396e-005, 0.913208611, 3.0701537e-005, -0.999999999, 8.37530151e-006, 0, 0, 0, 0, 0, 0, 0, 0.109098389, 0.0405316895, -0.160612134, -0.371438759, 0.927863393, 0.0297277883, -0.451782227, -0.208618164, 0.867431641, 0.811257816, 0.308600746, 0.496704058, 0, 0, 0, 0, 0, 0, 0, 0.179919043, 0.0750868652, -0.133837354, -0.345837672, 0.67404733, -0.65250385, 0.569824219, -0.401611328, -0.716796875, -0.745556382, -0.619582514, -0.245207678, 1, 1, 
76.6269898, 0.1, 0.1, 0.119032081, 0.212502969, -0.0199640385, 0.913211917, -1.69107076e-005, -0.407484963, 0.407484964, 2.63193742e-005, 0.913211916, -4.71831048e-006, -1, 3.09260252e-005, 0.913211349, -2.60319742e-005, -0.407486235, 0.407486236, 5.65219423e-006, 0.913211349, -2.14695029e-005, -1, 1.57693191e-005, 0, 0, 0, 0, 0, 0, 0, 0.109098389, 0.0405316895, -0.160612134, -0.371438759, 0.927863393, 0.0297277883, -0.451782227, -0.208618164, 0.867431641, 0.811257816, 0.308600746, 0.496704058, 0, 0, 0, 0, 0, 0, 0, 0.179919043, 0.0750868652, -0.133837354, -0.345837672, 0.67404733, -0.65250385, 0.569824219, -0.401611328, -0.716796875, -0.745556382, -0.619582514, -0.245207678, 1, 1, 
76.6278671, 0.1, 0.1, 0.11903207, 0.212502966, -0.0199662744, 0.913214681, -1.23696673e-006, -0.407478767, 0.407478767, -2.18008826e-005, 0.913214681, -1.00130129e-005, -1, -1.94048483e-005, 0.913214032, 2.87656772e-005, -0.407480221, 0.407480222, -9.83354972e-006, 0.913214032, 2.2262243e-005, -1, -2.07015801e-005, 0, 0, 0, 0, 0, 0, 0, 0.109098389, 0.0405316895, -0.160612134, -0.371438759, 0.927863393, 0.0297277883, -0.451782227, -0.208618164, 0.867431641, 0.811257816, 0.308600746, 0.496704058, 0, 0, 0, 0, 0, 0, 0, 0.179919043, 0.0750868652, -0.133837354, -0.347281365, 0.669861707, -0.656075169, 0.571533203, -0.403442383, -0.714477539, -0.743498751, -0.622968266, -0.242759956, 1, 1, 
76.6287059, 0.1, 0.1, 0.119032053, 0.212502966, -0.0199668052, 0.913217292, 1.99175375e-005, -0.407472917, 0.407472916, 2.48196985e-005, 0.913217292, 2.83023946e-005, -0.999999999, 1.45499208e-005, 0.913216778, 3.38944955e-006, -0.407474067, 0.407474067, 3.35086371e-005, 0.913216778, 1.67492029e-005, -0.999999999, 2.92195368e-005, 0, 0, 0, 0, 0, 0, 0, 0.109098389, 0.0405316895, -0.160612134, -0.371438759, 0.927863393, 0.0297277883, -0.451782227, -0.208618164, 0.867431641, 0.811257816, 0.308600746, 0.496704058, 0, 0, 0, 0, 0, 0, 0, 0.180759766, 0.0722830566, -0.134022168, -0.347281365, 0.669861707, -0.656075169, 0.571533203, -0.403442383, -0.714477539, -0.743498751, -0.622968266, -0.242759956, 1, 1, 
76.6295504, 0.1, 0.1, 0.119032038, 0.212502959, -0.0199660038, 0.913219872, -2.99065906e-005, -0.407467133, 0.407467133, 2.93729384e-006, 0.913219873, -2.61144421e-005, -1, 1.48683478e-005, 0.913219367, -2.06862539e-005, -0.407468265, 0.407468265, -2.09132091e-005, 0.913219367, -2.74125568e-005, -1, -1.06693556e-005, 0, 0, 0, 0, 0, 0, 0, 0.109098389, 0.0405316895, -0.160612134, -0.371438759, 0.927863393, 0.0297277883, -0.451782227, -0.208618164, 0.867431641, 0.811257816, 0.308600746, 0.496704058, 0, 0, 0, 0, 0, 0, 0, 0.180759766, 0.0722830566, -0.134022168, -0.347281365, 0.669861707, -0.656075169, 0.571533203, -0.403442383, -0.714477539, -0.743498751, -0.622968266, -0.242759956, 1, 1, 
76.6304247, 0.1, 0.1, 0.119032026, 0.212502957, -0.0199639264, 0.913222518, 2.44690617e-005, -0.407461202, 0.407461203, -2.61708823e-005, 0.913222518, 1.1682079e-005, -0.999999999, -3.38700324e-005, 0.913222013, 3.40206595e-005, -0.407462333, 0.407462334, -7.56944483e-006, 0.913222014, 2.79841515e-005, -0.999999999, -2.07747209e-005, 0, 0, 0, 0, 0, 0, 0, 0.110023096, 0.0378776855, -0.160776562, -0.370886097, 0.928251305, 0.0266802803, -0.450073242, -0.204711914, 0.869140625, 0.812406202, 0.310269594, 0.493849754, 0, 0, 0, 0, 0, 0, 0, 0.180759766, 0.0722830566, -0.134022168, -0.347281365, 0.669861707, -0.656075169, 0.571533203, -0.403442383, -0.714477539, -0.743498751, -0.622968266, -0.242759956, 1, 1, 
76.6312785, 0.1, 0.1, 0.119032008, 0.212502953, -0.0199615341, 0.913225102, 2.88480616e-006, -0.407455413, 0.407455413, 3.02017943e-005, 0.913225101, 1.4940362e-005, -1, 2.64056068e-005, 0.913224595, -2.47994468e-005, -0.407456547, 0.407456548, 2.00520258e-005, 0.913224595, -1.44771356e-005, -0.999999999, 2.84167001e-005, 0, 0, 0, 0, 0, 0, 0, 0.110023096, 0.0378776855, -0.160776562, -0.370886097, 0.928251305, 0.0266802803, -0.450073242, -0.204711914, 0.869140625, 0.812406202, 0.310269594, 0.493849754, 0, 0, 0, 0, 0, 0, 0, 0.180759766, 0.0722830566, -0.134022168, -0.347281365, 0.669861707, -0.656075169, 0.571533203, -0.403442383, -0.714477539, -0.743498751, -0.622968266, -0.242759956, 1, 1, 
76.6321284, 0.1, 0.1, 0.119031995, 0.212502945, -0.0199598433, 0.913227689, -2.7449421e-005, -0.407449612, 0.407449612, -2.97681522e-005, 0.91322769, -3.71965935e-005, -0.999999999, -1.60008449e-005, 0.913227182, -7.06479341e-006, -0.407450751, 0.40745075, -3.98722506e-005, 0.913227181, -2.26977398e-005, -0.999999999, -3.35338676e-005, 0, 0, 0, 0, 0, 0, 0, 0.110023096, 0.0378776855, -0.160776562, -0.370886097, 0.928251305, 0.0266802803, -0.450073242, -0.204711914, 0.869140625, 0.812406202, 0.310269594, 0.493849754, 0, 0, 0, 0, 0, 0, 0, 0.180759766, 0.0722830566, -0.134022168, -0.347281365, 0.669861707, -0.656075169, 0.571533203, -0.403442383, -0.714477539, -0.743498751, -0.622968266, -0.242759956, 1, 1, 
76.6330365, 0.1, 0.1, 0.11903198, 0.212502945, -0.0199587615, 0.913230495, 3.99294997e-005, -0.407443322, 0.407443322, -4.22124643e-006, 0.913230496, 3.47449182e-005, -0.999999999, -2.0123979e-005, 0.913229973, 2.90594651e-005, -0.407444494, 0.407444493, 2.55182658e-005, 0.913229974, 3.69352515e-005, -0.999999999, 1.14639262e-005, 0, 0, 0, 0, 0, 0, 0, 0.111129053, 0.0354238525, -0.160906445, -0.371133223, 0.928176042, 0.0242928974, -0.448364258, -0.202026367, 0.870727539, 0.813186895, 0.312135393, 0.491261672, 0, 0, 0, 0, 0, 0, 0, 0.181751221, 0.0701052734, -0.134172314, -0.350200833, 0.665452237, -0.65898844, 0.57409668, -0.403442383, -0.712402344, -0.740246061, -0.627727715, -0.240734042, 1, 1, 
76.6338871, 0.1, 0.1, 0.119031964, 0.212502939, -0.0199590183, 0.91323316, -2.44400936e-005, -0.407437351, 0.407437352, 2.53441566e-005, 0.91323316, -1.19933478e-005, -0.999999999, 3.31029312e-005, 0.9132326, -3.41223619e-005, -0.407438605, 0.407438605, 3.12932817e-006, 0.913232601, -2.98866442e-005, -0.999999999, 1.6760572e-005, 0, 0, 0, 0, 0, 0, 0, 0.111129053, 0.0354238525, -0.160906445, -0.371133223, 0.928176042, 0.0242928974, -0.448364258, -0.202026367, 0.870727539, 0.813186895, 0.312135393, 0.491261672, 0, 0, 0, 0, 0, 0, 0, 0.181751221, 0.0701052734, -0.134172314, -0.350200833, 0.665452237, -0.65898844, 0.57409668, -0.403442383, -0.712402344, -0.740246061, -0.627727715, -0.240734042, 1, 1, 
76.6347243, 0.1, 0.1, 0.119031954, 0.212502936, -0.0199606692, 0.913235809, -3.03688885e-006, -0.407431415, 0.407431415, -3.21630329e-005, 0.913235808, -1.58776257e-005, -0.999999999, -2.81351095e-005, 0.913235276, 2.56637218e-005, -0.407432608, 0.407432608, -2.10606838e-005, 0.913235276, 1.48562068e-005, -0.999999999, -2.96895965e-005, 0, 0, 0, 0, 0, 0, 0, 0.111129053, 0.0354238525, -0.160906445, -0.371133223, 0.928176042, 0.0242928974, -0.448364258, -0.202026367, 0.870727539, 0.813186895, 0.312135393, 0.491261672, 0, 0, 0, 0, 0, 0, 0, 0.181751221, 0.0701052734, -0.134172314, -0.350200833, 0.665452237, -0.65898844, 0.57409668, -0.403442383, -0.712402344, -0.740246061, -0.627727715, -0.240734042, 1, 1, 
76.6355829, 0.1, 0.1, 0.119031937, 0.212502935, -0.0199629327, 0.913238522, 1.77169145e-005, -0.407425332, 0.407425331, 2.58223637e-005, 0.913238522, 2.67004539e-005, -1, 1.63636575e-005, 0.913237993, -1.01165443e-006, -0.407426519, 0.407426519, 3.45543947e-005, 0.913237992, 1.31544955e-005, -0.999999999, 3.19685609e-005, 0, 0, 0, 0, 0, 0, 0, 0.111129053, 0.0354238525, -0.160906445, -0.371133223, 0.928176042, 0.0242928974, -0.448364258, -0.202026367, 0.870727539, 0.813186895, 0.312135393, 0.491261672, 0, 0, 0, 0, 0, 0, 0, 0.181751221, 0.0701052734, -0.134172314, -0.350200833, 0.665452237, -0.65898844, 0.57409668, -0.403442383, -0.712402344, -0.740246061, -0.627727715, -0.240734042, 1, 1, 
76.6364653, 0.1, 0.1, 0.119031922, 0.212502927, -0.0199646192, 0.913241307, -3.39451431e-005, -0.40741909, 0.40741909, -4.09634102e-007, 0.913241307, -3.11669996e-005, -0.999999999, 1.34558045e-005, 0.91324078, -2.42901429e-005, -0.40742027, 0.407420269, -2.58610611e-005, 0.913240781, -3.27190695e-005, -0.999999999, -1.37210791e-005, 0, 0, 0, 0, 0, 0, 0, 0.111129053, 0.0354238525, -0.160906445, -0.371133223, 0.928176042, 0.0242928974, -0.448364258, -0.202026367, 0.870727539, 0.813186895, 0.312135393, 0.491261672, 0, 0, 0, 0, 0, 0, 0, 0.181751221, 0.0701052734, -0.134172314, -0.350200833, 0.665452237, -0.65898844, 0.57409668, -0.403442383, -0.712402344, -0.740246061, -0.627727715, -0.240734042, 1, 1, 
76.6374642, 0.1, 0.1, 0.119031911, 0.212502924, -0.0199641264, 0.913244442, 2.82135923e-005, -0.407412062, 0.407412063, -3.26388503e-005, 0.913244441, 1.2468445e-005, -0.999999999, -4.13018065e-005, 0.913243829, 3.93281691e-005, -0.407413434, 0.407413435, -1.23689958e-005, 0.91324383, 3.08769127e-005, -0.999999999, -2.73187335e-005, 0, 0, 0, 0, 0, 0, 0, 0.111898145, 0.0330048096, -0.161203784, -0.369348677, 0.928899447, 0.0231040756, -0.445068359, -0.198608398, 0.873168945, 0.815870457, 0.312020817, 0.486877061, 0, 0, 0, 0, 0, 0, 0, 0.181751221, 0.0701052734, -0.134172314, -0.353216184, 0.66123453, -0.661684429, 0.576049805, -0.403564453, -0.710693359, -0.737248934, -0.631976037, -0.238439805, 1, 1, 
76.6383229, 0.1, 0.1, 0.119031895, 0.212502919, -0.0199621856, 0.913247141, 6.42680949e-006, -0.407406014, 0.407406013, 2.92883472e-005, 0.91324714, 1.78015142e-005, -1, 2.41291785e-005, 0.913246597, -2.12426056e-005, -0.407407231, 0.407407231, 1.77313595e-005, 0.913246597, -1.21758532e-005, -1, 2.48474949e-005, 0, 0, 0, 0, 0, 0, 0, 0.111898145, 0.0330048096, -0.161203784, -0.369348677, 0.928899447, 0.0231040756, -0.445068359, -0.198608398, 0.873168945, 0.815870457, 0.312020817, 0.486877061, 0, 0, 0, 0, 0, 0, 0, 0.182284473, 0.0677276855, -0.134302441, -0.353216184, 0.66123453, -0.661684429, 0.576049805, -0.403564453, -0.710693359, -0.737248934, -0.631976037, -0.238439805, 1, 1, 
76.6391979, 0.1, 0.1, 0.119031884, 0.212502912, -0.0199603132, 0.913249891, -2.73713286e-005, -0.407399847, 0.407399847, -2.62789472e-005, 0.913249892, -3.57029019e-005, -0.999999999, -1.28481706e-005, 0.913249362, -6.59586129e-006, -0.407401034, 0.407401033, -3.74380625e-005, 0.913249362, -2.12759715e-005, -0.999999999, -3.1503126e-005, 0, 0, 0, 0, 0, 0, 0, 0.111898145, 0.0330048096, -0.161203784, -0.369348677, 0.928899447, 0.0231040756, -0.445068359, -0.198608398, 0.873168945, 0.815870457, 0.312020817, 0.486877061, 0, 0, 0, 0, 0, 0, 0, 0.182284473, 0.0677276855, -0.134302441, -0.353216184, 0.66123453, -0.661684429, 0.576049805, -0.403564453, -0.710693359, -0.737248934, -0.631976037, -0.238439805, 1, 1, 
76.640102, 0.1, 0.1, 0.119031869, 0.212502915, -0.019958681, 0.913252768, 3.57376544e-005, -0.407393397, 0.407393397, 4.55727091e-006, 0.913252769, 3.44941139e-005, -0.999999999, -1.03973442e-005, 0.913252223, 2.47643782e-005, -0.407394621, 0.40739462, 3.47872145e-005, 0.913252223, 3.67882475e-005, -0.999999999, 2.16806266e-005, 0, 0, 0, 0, 0, 0, 0, 0.111898145, 0.0330048096, -0.161203784, -0.369348677, 0.928899447, 0.0231040756, -0.445068359, -0.198608398, 0.873168945, 0.815870457, 0.312020817, 0.486877061, 0, 0, 0, 0, 0, 0, 0, 0.182284473, 0.0677276855, -0.134302441, -0.353216184, 0.66123453, -0.661684429, 0.576049805, -0.403564453, -0.710693359, -0.737248934, -0.631976037, -0.238439805, 1, 1, 
76.6409703, 0.1, 0.1, 0.119031852, 0.212502911, -0.0199584554, 0.913255561, -3.02946237e-005, -0.407387136, 0.407387137, 3.5579807e-005, 0.913255561, -1.31719779e-005, -0.999999999, 4.48350967e-005, 0.913255005, -4.03667583e-005, -0.407388383, 0.407388384, 1.41743435e-005, 0.913255005, -3.10906812e-005, -0.999999999, 2.93897386e-005, 0, 0, 0, 0, 0, 0, 0, 0.111898145, 0.0330048096, -0.161203784, -0.369348677, 0.928899447, 0.0231040756, -0.445068359, -0.198608398, 0.873168945, 0.815870457, 0.312020817, 0.486877061, 0, 0, 0, 0, 0, 0, 0, 0.182284473, 0.0677276855, -0.134302441, -0.353216184, 0.66123453, -0.661684429, 0.576049805, -0.403564453, -0.710693359, -0.737248934, -0.631976037, -0.238439805, 1, 1, 
76.6418531, 0.1, 0.1, 0.119031843, 0.212502909, -0.0199595695, 0.91325842, -9.89205278e-006, -0.407380728, 0.407380727, -3.06319371e-005, 0.91325842, -2.15128613e-005, -0.999999999, -2.39450428e-005, 0.913257781, 2.37624369e-005, -0.407382161, 0.407382161, -1.64896538e-005, 0.913257781, 1.49836396e-005, -1, -2.47396976e-005, 0, 0, 0, 0, 0, 0, 0, 0.111898145, 0.0330048096, -0.161203784, -0.369348677, 0.928899447, 0.0231040756, -0.445068359, -0.198608398, 0.873168945, 0.815870457, 0.312020817, 0.486877061, 0, 0, 0, 0, 0, 0, 0, 0.182284473, 0.0677276855, -0.134302441, -0.353216184, 0.66123453, -0.661684429, 0.576049805, -0.403564453, -0.710693359, -0.737248934, -0.631976037, -0.238439805, 1, 1, 
76.6427655, 0.1, 0.1, 0.119031823, 0.21250291, -0.0199605365, 0.913261416, 1.46516515e-005, -0.407374012, 0.407374011, 2.98627769e-005, 0.913261416, 2.55461072e-005, -0.999999999, 2.13038199e-005, 0.913260859, -6.88248438e-006, -0.407375261, 0.407375261, 4.06581571e-005, 0.913260858, 1.02776238e-005, -0.999999999, 3.99352573e-005, 0, 0, 0, 0, 0, 0, 0, 0.112887183, 0.0303644775, -0.161356616, -0.367577236, 0.92961686, 0.0203227898, -0.442993164, -0.194213867, 0.875244141, 0.817690951, 0.312648741, 0.483362632, 0, 0, 0, 0, 0, 0, 0, 0.183052197, 0.0651437012, -0.134643848, -0.355765251, 0.657074427, -0.664469736, 0.577148438, -0.404785156, -0.709228516, -0.73518474, -0.635604592, -0.235295756, 1, 1, 
76.6436124, 0.1, 0.1, 0.11903181, 0.212502903, -0.019962144, 0.91326419, -3.46293801e-005, -0.407367791, 0.407367791, -4.65553791e-007, 0.913264191, -3.18154244e-005, -0.999999999, 1.36817205e-005, 0.913263646, -2.53554034e-005, -0.407369012, 0.407369011, -2.6345432e-005, 0.913263647, -3.38884808e-005, -0.999999999, -1.37313197e-005, 0, 0, 0, 0, 0, 0, 0, 0.112887183, 0.0303644775, -0.161356616, -0.367577236, 0.92961686, 0.0203227898, -0.442993164, -0.194213867, 0.875244141, 0.817690951, 0.312648741, 0.483362632, 0, 0, 0, 0, 0, 0, 0, 0.183052197, 0.0651437012, -0.134643848, -0.355765251, 0.657074427, -0.664469736, 0.577148438, -0.404785156, -0.709228516, -0.73518474, -0.635604592, -0.235295756, 1, 1, 
76.6445238, 0.1, 0.1, 0.119031801, 0.2125029, -0.0199637779, 0.913267121, 2.67073718e-005, -0.407361223, 0.407361223, -3.41944762e-005, 0.91326712, 1.04614609e-005, -0.999999999, -4.21082384e-005, 0.913266468, 3.57906032e-005, -0.407362684, 0.407362685, -1.18477924e-005, 0.913266469, 2.78600093e-005, -0.999999999, -2.53999477e-005, 0, 0, 0, 0, 0, 0, 0, 0.112887183, 0.0303644775, -0.161356616, -0.366167497, 0.930213706, 0.0178017349, -0.440795898, -0.190307617, 0.877197266, 0.819568733, 0.313295762, 0.479930578, 0, 0, 0, 0, 0, 0, 0, 0.183052197, 0.0651437012, -0.134643848, -0.355765251, 0.657074427, -0.664469736, 0.577148438, -0.404785156, -0.709228516, -0.73518474, -0.635604592, -0.235295756, 1, 1, 
76.6454669, 0.1, 0.1, 0.119031783, 0.212502894, -0.0199629961, 0.913270216, 3.58914933e-006, -0.407354283, 0.407354283, 2.53791377e-005, 0.913270216, 1.36161636e-005, -1, 2.17159552e-005, 0.913269668, -2.49417354e-005, -0.407355512, 0.407355512, 1.50688645e-005, 0.913269668, -1.66401454e-005, -1, 2.39220903e-005, 0, 0, 0, 0, 0, 0, 0, 0.113634668, 0.0279412842, -0.161272656, -0.366167497, 0.930213706, 0.0178017349, -0.440795898, -0.190307617, 0.877197266, 0.819568733, 0.313295762, 0.479930578, 0, 0, 0, 0, 0, 0, 0, 0.183806738, 0.0625580078, -0.13474541, -0.35858264, 0.652927083, -0.667012239, 0.57824707, -0.405639648, -0.707763672, -0.732903263, -0.639354549, -0.232126188, 1, 1, 
76.6463107, 0.1, 0.1, 0.119031775, 0.212502887, -0.0199621071, 0.913272943, -1.7345638e-005, -0.40734817, 0.407348169, -2.87783966e-005, 0.913272943, -2.7564129e-005, -0.999999999, -1.92168171e-005, 0.913272404, 9.97048857e-007, -0.407349378, 0.407349378, -3.86855317e-005, 0.913272403, -1.48479501e-005, -0.999999999, -3.57365758e-005, 0, 0, 0, 0, 0, 0, 0, 0.113634668, 0.0279412842, -0.161272656, -0.366167497, 0.930213706, 0.0178017349, -0.440795898, -0.190307617, 0.877197266, 0.819568733, 0.313295762, 0.479930578, 0, 0, 0, 0, 0, 0, 0, 0.183806738, 0.0625580078, -0.13474541, -0.35858264, 0.652927083, -0.667012239, 0.57824707, -0.405639648, -0.707763672, -0.732903263, -0.639354549, -0.232126188, 1, 1, 
76.6472284, 0.1, 0.1, 0.119031766, 0.212502888, -0.0199609193, 0.913275897, 4.87951209e-005, -0.407341544, 0.407341544, -2.77564746e-006, 0.913275898, 4.34327714e-005, -0.999999999, -2.24112118e-005, 0.913275341, 3.94016236e-005, -0.407342791, 0.40734279, 2.55684621e-005, 0.913275342, 4.63996599e-005, -0.999999999, 7.30107865e-006, 0, 0, 0, 0, 0, 0, 0, 0.113634668, 0.0279412842, -0.161272656, -0.366167497, 0.930213706, 0.0178017349, -0.440795898, -0.190307617, 0.877197266, 0.819568733, 0.313295762, 0.479930578, 0, 0, 0, 0, 0, 0, 0, 0.183806738, 0.0625580078, -0.13474541, -0.35858264, 0.652927083, -0.667012239, 0.57824707, -0.405639648, -0.707763672, -0.732903263, -0.639354549, -0.232126188, 1, 1, 
76.6480818, 0.1, 0.1, 0.119031753, 0.212502883, -0.0199601464, 0.913278657, -2.04758223e-005, -0.407335359, 0.40733536, 2.90354845e-005, 0.913278656, -6.87295197e-006, -0.999999999, 3.48580147e-005, 0.913278108, -2.83797696e-005, -0.407336589, 0.407336589, 8.13145357e-006, 0.913278108, -2.26063837e-005, -1, 1.89863971e-005, 0, 0, 0, 0, 0, 0, 0, 0.113634668, 0.0279412842, -0.161272656, -0.366167497, 0.930213706, 0.0178017349, -0.440795898, -0.190307617, 0.877197266, 0.819568733, 0.313295762, 0.479930578, 0, 0, 0, 0, 0, 0, 0, 0.183806738, 0.0625580078, -0.13474541, -0.35858264, 0.652927083, -0.667012239, 0.57824707, -0.405639648, -0.707763672, -0.732903263, -0.639354549, -0.232126188, 1, 1, 
76.6489238, 0.1, 0.1, 0.119031746, 0.212502881, -0.01996047, 0.913281376, -6.49776255e-006, -0.407329262, 0.407329261, -2.83548443e-005, 0.913281376, -1.74840433e-005, -1, -2.32492224e-005, 0.913280831, 2.36918882e-005, -0.407330484, 0.407330485, -1.73161755e-005, 0.913280831, 1.45839412e-005, -1, -2.54649595e-005, 0, 0, 0, 0, 0, 0, 0, 0.113634668, 0.0279412842, -0.161272656, -0.366167497, 0.930213706, 0.0178017349, -0.440795898, -0.190307617, 0.877197266, 0.819568733, 0.313295762, 0.479930578, 0, 0, 0, 0, 0, 0, 0, 0.183806738, 0.0625580078, -0.13474541, -0.35858264, 0.652927083, -0.667012239, 0.57824707, -0.405639648, -0.707763672, -0.732903263, -0.639354549, -0.232126188, 1, 1, 
76.6498912, 0.1, 0.1, 0.119031729, 0.212502884, -0.0199609047, 0.91328446, 1.95137573e-005, -0.407322348, 0.407322347, 3.4798337e-005, 0.91328446, 3.19957516e-005, -0.999999999, 2.3832391e-005, 0.913283815, -2.81237231e-006, -0.407323793, 0.407323793, 4.7110857e-005, 0.913283814, 1.66208789e-005, -0.999999999, 4.41711293e-005, 0, 0, 0, 0, 0, 0, 0, 0.114486401, 0.0251077393, -0.161370435, -0.36280247, 0.931628314, 0.0161748267, -0.4375, -0.185668945, 0.879760742, 0.822867115, 0.312082975, 0.475120985, 0, 0, 0, 0, 0, 0, 0, 0.183806738, 0.0625580078, -0.13474541, -0.360186014, 0.648632817, -0.670302476, 0.580322266, -0.406738281, -0.705322266, -0.730494188, -0.642874462, -0.230017152, 1, 1, 
76.6507557, 0.1, 0.1, 0.119031716, 0.212502878, -0.0199609232, 0.913287296, -4.13436942e-005, -0.407315987, 0.407315987, 3.70787356e-006, 0.913287297, -3.62483945e-005, -0.999999999, 2.02263014e-005, 0.913286754, -3.01722579e-005, -0.407317204, 0.407317203, -2.33088959e-005, 0.913286754, -3.70500378e-005, -0.999999999, -8.99802613e-006, 0, 0, 0, 0, 0, 0, 0, 0.114486401, 0.0251077393, -0.161370435, -0.36280247, 0.931628314, 0.0161748267, -0.4375, -0.185668945, 0.879760742, 0.822867115, 0.312082975, 0.475120985, 0, 0, 0, 0, 0, 0, 0, 0.184644287, 0.0599674316, -0.134472266, -0.360186014, 0.648632817, -0.670302476, 0.580322266, -0.406738281, -0.705322266, -0.730494188, -0.642874462, -0.230017152, 1, 1, 
76.6516011, 0.1, 0.1, 0.119031706, 0.212502877, -0.0199614908, 0.913290098, 1.75355816e-005, -0.407309707, 0.407309707, -2.43808222e-005, 0.913290097, 6.08452749e-006, -1, -2.94091761e-005, 0.913289557, 2.65165865e-005, -0.407310919, 0.407310919, -4.21304695e-006, 0.913289557, 2.25013015e-005, -1, -1.4648227e-005, 0, 0, 0, 0, 0, 0, 0, 0.114486401, 0.0251077393, -0.161370435, -0.36280247, 0.931628314, 0.0161748267, -0.4375, -0.185668945, 0.879760742, 0.822867115, 0.312082975, 0.475120985, 0, 0, 0, 0, 0, 0, 0, 0.184644287, 0.0599674316, -0.134472266, -0.360186014, 0.648632817, -0.670302476, 0.580322266, -0.406738281, -0.705322266, -0.730494188, -0.642874462, -0.230017152, 1, 1, 
76.6525079, 0.1, 0.1, 0.119031688, 0.212502873, -0.0199618244, 0.913293047, -4.32983503e-006, -0.407303095, 0.407303095, 2.83408592e-005, 0.913293046, 7.58891142e-006, -1, 2.76470648e-005, 0.913292508, -3.35844856e-005, -0.407304302, 0.407304303, 1.88032589e-005, 0.913292508, -2.30138108e-005, -0.999999999, 3.0851981e-005, 0, 0, 0, 0, 0, 0, 0, 0.114486401, 0.0251077393, -0.161370435, -0.36280247, 0.931628314, 0.0161748267, -0.4375, -0.185668945, 0.879760742, 0.822867115, 0.312082975, 0.475120985, 0, 0, 0, 0, 0, 0, 0, 0.184644287, 0.0599674316, -0.134472266, -0.360186014, 0.648632817, -0.670302476, 0.580322266, -0.406738281, -0.705322266, -0.730494188, -0.642874462, -0.230017152, 1, 1, 
76.6533659, 0.1, 0.1, 0.11903168, 0.212502865, -0.0199622697, 0.913295829, -1.84050908e-005, -0.407296854, 0.407296854, -3.10536897e-005, 0.913295829, -2.94573628e-005, -0.999999999, -2.08648697e-005, 0.913295294, -1.28511931e-006, -0.407298056, 0.407298055, -4.07216044e-005, 0.913295293, -1.77595237e-005, -0.999999999, -3.6667423e-005, 0, 0, 0, 0, 0, 0, 0, 0.114486401, 0.0251077393, -0.161370435, -0.36280247, 0.931628314, 0.0161748267, -0.4375, -0.185668945, 0.879760742, 0.822867115, 0.312082975, 0.475120985, 0, 0, 0, 0, 0, 0, 0, 0.184644287, 0.0599674316, -0.134472266, -0.360186014, 0.648632817, -0.670302476, 0.580322266, -0.406738281, -0.705322266, -0.730494188, -0.642874462, -0.230017152, 1, 1, 
76.6542278, 0.1, 0.1, 0.119031672, 0.212502865, -0.0199628881, 0.913298596, 4.27611064e-005, -0.40729065, 0.40729065, -6.30798452e-006, 0.913298596, 3.64844753e-005, -0.999999999, -2.31772722e-005, 0.913298012, 3.14711462e-005, -0.40729196, 0.40729196, 2.12789098e-005, 0.913298012, 3.74092641e-005, -0.999999999, 6.61604117e-006, 0, 0, 0, 0, 0, 0, 0, 0.114486401, 0.0251077393, -0.161370435, -0.36280247, 0.931628314, 0.0161748267, -0.4375, -0.185668945, 0.879760742, 0.822867115, 0.312082975, 0.475120985, 0, 0, 0, 0, 0, 0, 0, 0.184644287, 0.0599674316, -0.134472266, -0.360186014, 0.648632817, -0.670302476, 0.580322266, -0.406738281, -0.705322266, -0.730494188, -0.642874462, -0.230017152, 1, 1, 
76.6551932, 0.1, 0.1, 0.119031657, 0.212502859, -0.0199619429, 0.913301704, -2.43028496e-005, -0.407283682, 0.407283683, 2.81046064e-005, 0.913301703, -1.07492863e-005, -0.999999999, 3.5566139e-005, 0.913301158, -3.42803322e-005, -0.407284904, 0.407284904, 7.50271468e-006, 0.913301159, -2.82525247e-005, -0.999999999, 2.08140998e-005, 0, 0, 0, 0, 0, 0, 0, 0.115549292, 0.0224946289, -0.161135742, -0.359609307, 0.93293546, 0.0122511461, -0.436035156, -0.17956543, 0.881835937, 0.825080391, 0.311752351, 0.471416717, 0, 0, 0, 0, 0, 0, 0, 0.185486719, 0.0573785645, -0.134417236, -0.361642467, 0.644325792, -0.673630992, 0.58215332, -0.408325195, -0.70300293, -0.728315155, -0.646272974, -0.227543911, 1, 1, 
76.6561434, 0.1, 0.1, 0.119031649, 0.212502857, -0.0199605493, 0.913304726, -1.65461249e-005, -0.407276905, 0.407276905, -3.11259875e-005, 0.913304726, -2.77885499e-005, -0.999999999, -2.16886569e-005, 0.913303892, 2.61193476e-005, -0.407278775, 0.407278775, -1.61098189e-005, 0.913303892, 1.72937145e-005, -1, -2.53510162e-005, 0, 0, 0, 0, 0, 0, 0, 0.115549292, 0.0224946289, -0.161135742, -0.359609307, 0.93293546, 0.0122511461, -0.436035156, -0.17956543, 0.881835937, 0.825080391, 0.311752351, 0.471416717, 0, 0, 0, 0, 0, 0, 0, 0.185486719, 0.0573785645, -0.134417236, -0.361642467, 0.644325792, -0.673630992, 0.58215332, -0.408325195, -0.70300293, -0.728315155, -0.646272974, -0.227543911, 1, 1, 
76.6574216, 0.1, 0.1, 0.119031639, 0.212502862, -0.019954117, 0.913308955, 7.59184549e-005, -0.407267414, 0.407267414, 2.37627347e-005, 0.913308958, 7.90147924e-005, -0.999999997, -9.21639438e-006, 0.913307593, 2.87340184e-005, -0.407270474, 0.407270472, 5.40874904e-005, 0.913307593, 4.82712351e-005, -0.999999998, 3.76959984e-005, 0, 0, 0, 0, 0, 0, 0, 0.115549292, 0.0224946289, -0.161135742, -0.357241021, 0.93383672, 0.00883482265, -0.433349609, -0.174072266, 0.884277344, 0.827547905, 0.311980381, 0.467014133, 0, 0, 0, 0, 0, 0, 0, 0.185486719, 0.0573785645, -0.134417236, -0.364038049, 0.639961165, -0.676582543, 0.584228516, -0.408813477, -0.700927734, -0.725375631, -0.650291253, -0.225153792, 1, 1, 
76.6591024, 0.1, 0.1, 0.1190316, 0.212502843, -0.019932251, 0.913313812, -7.83043783e-005, -0.407256522, 0.407256517, -8.10012745e-005, 0.913313814, -0.000104504768, -0.999999994, -4.20896145e-005, 0.913313027, -9.79322046e-005, -0.407258278, 0.40725827, -8.7967219e-005, 0.913313032, -0.000125268137, -0.999999991, -4.04579068e-005, 0, 0, 0, 0, 0, 0, 0, 0.116570801, 0.0200857178, -0.160877246, -0.357241021, 0.93383672, 0.00883482265, -0.433349609, -0.174072266, 0.884277344, 0.827547905, 0.311980381, 0.467014133, 0, 0, 0, 0, 0, 0, 0, 0.186283008, 0.0547728516, -0.134115771, -0.364038049, 0.639961165, -0.676582543, 0.584228516, -0.408813477, -0.700927734, -0.725375631, -0.650291253, -0.225153792, 1, 1, 
76.6607481, 0.1, 0.1, 0.119031631, 0.212502847, -0.0199099554, 0.913318077, 9.08015786e-005, -0.407246955, 0.407246955, 1.44822901e-005, 0.913318081, 8.88285921e-005, -0.999999996, -2.37517291e-005, 0.913317425, 0.00016928253, -0.407248392, 0.407248398, 2.02717779e-007, 0.913317438, 0.000154691243, -0.999999986, -6.87548936e-005, 0, 0, 0, 0, 0, 0, 0, 0.116570801, 0.0200857178, -0.160877246, -0.357241021, 0.93383672, 0.00883482265, -0.433349609, -0.174072266, 0.884277344, 0.827547905, 0.311980381, 0.467014133, 0, 0, 0, 0, 0, 0, 0, 0.186283008, 0.0547728516, -0.134115771, -0.364038049, 0.639961165, -0.676582543, 0.584228516, -0.408813477, -0.700927734, -0.725375631, -0.650291253, -0.225153792, 1, 1, 
76.6620838, 0.1, 0.1, 0.11903157, 0.212502856, -0.0199080573, 0.913321419, 2.20937614e-005, -0.407239469, 0.40723947, -5.86431481e-005, 0.913321417, -3.70309907e-006, -0.999999998, -6.25574949e-005, 0.913320896, -0.000113426095, -0.407240626, 0.407240629, 5.3817933e-006, 0.913320902, -0.000101402738, -0.999999994, 5.11070185e-005, 0, 0, 0, 0, 0, 0, 0, 0.11709043, 0.0175067871, -0.160963916, -0.35174285, 0.93596762, 0.00756849498, -0.428100586, -0.16796875, 0.887939453, 0.832609493, 0.309047449, 0.459799183, 0, 0, 0, 0, 0, 0, 0, 0.186283008, 0.0547728516, -0.134115771, -0.366925802, 0.636478431, -0.678383877, 0.584716797, -0.409423828, -0.700317383, -0.72359252, -0.653357643, -0.222029066, 1, 1, 
76.6635504, 0.1, 0.1, 0.119031623, 0.212502866, -0.0199278128, 0.913322907, 7.28004413e-005, -0.407236126, 0.40723612, 8.49779577e-005, 0.913322909, 0.000101096405, -0.999999994, 4.79653461e-005, 0.913322721, 0.000173169868, -0.407236513, 0.407236503, 8.94903152e-005, 0.913322737, 0.000194603701, -0.999999981, 1.12124469e-005, 0, 0, 0, 0, 0, 0, 0, 0.11709043, 0.0175067871, -0.160963916, -0.35174285, 0.93596762, 0.00756849498, -0.428100586, -0.16796875, 0.887939453, 0.832609493, 0.309047449, 0.459799183, 0, 0, 0, 0, 0, 0, 0, 0.18679917, 0.0522455078, -0.134169238, -0.366925802, 0.636478431, -0.678383877, 0.584716797, -0.409423828, -0.700317383, -0.72359252, -0.653357643, -0.222029066, 1, 1, 
76.6646181, 0.1, 0.1, 0.119031567, 0.212502845, -0.0199467395, 0.913323117, -0.000227989484, -0.407235598, 0.407235591, -8.17501398e-005, 0.913323145, -0.00024151964, -0.999999971, 1.81811397e-005, 0.91332304, -0.000209991851, -0.407235781, 0.407235767, -0.000108183677, 0.913323064, -0.000235846665, -0.999999972, -1.32904527e-005, 0, 0, 0, 0, 0, 0, 0, 0.11709043, 0.0175067871, -0.160963916, -0.35174285, 0.93596762, 0.00756849498, -0.428100586, -0.16796875, 0.887939453, 0.832609493, 0.309047449, 0.459799183, 0, 0, 0, 0, 0, 0, 0, 0.18679917, 0.0522455078, -0.134169238, -0.366925802, 0.636478431, -0.678383877, 0.584716797, -0.409423828, -0.700317383, -0.72359252, -0.653357643, -0.222029066, 1, 1, 
76.6656871, 0.1, 0.1, 0.119031535, 0.212502834, -0.019966539, 0.913323632, 8.29421411e-005, -0.407234497, 0.407234496, 2.86338863e-005, 0.913323636, 8.74137242e-005, -0.999999996, -7.62489601e-006, 0.913323606, -3.09371456e-006, -0.407234564, 0.407234564, -1.96836371e-005, 0.913323606, -1.08414199e-005, -1, -1.67176629e-005, 0, 0, 0, 0, 0, 0, 0, 0.11709043, 0.0175067871, -0.160963916, -0.35174285, 0.93596762, 0.00756849498, -0.428100586, -0.16796875, 0.887939453, 0.832609493, 0.309047449, 0.459799183, 0, 0, 0, 0, 0, 0, 0, 0.18679917, 0.0522455078, -0.134169238, -0.366925802, 0.636478431, -0.678383877, 0.584716797, -0.409423828, -0.700317383, -0.72359252, -0.653357643, -0.222029066, 1, 1, 
76.666856, 0.1, 0.1, 0.119031595, 0.212502868, -0.019978369, 0.913323666, 0.000247016368, -0.407234355, 0.407234342, 0.00010395229, 0.913323699, 0.000267938847, -0.999999964, -5.65146134e-006, 0.913323624, 0.000245317037, -0.407234451, 0.407234433, 0.000122072078, 0.913323657, 0.000273765809, -0.999999962, 1.15897679e-005, 0, 0, 0, 0, 0, 0, 0, 0.118011255, 0.014911499, -0.160891919, -0.347057573, 0.937730826, 0.00494484684, -0.424438477, -0.161743164, 0.890869141, 0.83644032, 0.306914306, 0.454158723, 0, 0, 0, 0, 0, 0, 0, 0.18679917, 0.0522455078, -0.134169238, -0.370458841, 0.633033977, -0.679590964, 0.585083008, -0.409301758, -0.700073242, -0.721509003, -0.656788237, -0.21871914, 1, 1, 
76.6679559, 0.1, 0.1, 0.119031624, 0.212502884, -0.0199764546, 0.913324142, 3.46167554e-006, -0.407233362, 0.407233362, 2.66398289e-005, 0.913324142, 1.40102589e-005, -1, 2.29210891e-005, 0.913324063, 7.77415866e-005, -0.407233533, 0.40723353, 5.22210843e-005, 0.913324066, 9.22694386e-005, -0.999999996, 1.60357921e-005, 0, 0, 0, 0, 0, 0, 0, 0.118011255, 0.014911499, -0.160891919, -0.347057573, 0.937730826, 0.00494484684, -0.424438477, -0.161743164, 0.890869141, 0.83644032, 0.306914306, 0.454158723, 0, 0, 0, 0, 0, 0, 0, 0.187502197, 0.0497130371, -0.134179492, -0.370458841, 0.633033977, -0.679590964, 0.585083008, -0.409301758, -0.700073242, -0.721509003, -0.656788237, -0.21871914, 1, 1, 
76.6690647, 0.1, 0.1, 0.119031569, 0.212502862, -0.0199640177, 0.913324147, -0.000167193728, -0.407233317, 0.407233309, -8.11425918e-005, 0.913324162, -0.000185746038, -0.999999983, -6.02263332e-006, 0.913324133, -0.000175042317, -0.407233346, 0.407233339, -7.66272921e-005, 0.913324149, -0.000191075563, -0.999999982, 1.29751197e-006, 0, 0, 0, 0, 0, 0, 0, 0.118011255, 0.014911499, -0.160891919, -0.347057573, 0.937730826, 0.00494484684, -0.424438477, -0.161743164, 0.890869141, 0.83644032, 0.306914306, 0.454158723, 0, 0, 0, 0, 0, 0, 0, 0.187502197, 0.0497130371, -0.134179492, -0.370458841, 0.633033977, -0.679590964, 0.585083008, -0.409301758, -0.700073242, -0.721509003, -0.656788237, -0.21871914, 1, 1, 
76.6702424, 0.1, 0.1, 0.119031558, 0.212502861, -0.0199462243, 0.913324194, 0.00013761033, -0.407233223, 0.407233217, 7.1518357e-005, 0.913324204, 0.000154807496, -0.999999988, 9.27994837e-006, 0.913324206, 8.84708758e-005, -0.40723321, 0.407233208, 3.65425614e-005, 0.91332421, 9.56839374e-005, -0.999999995, -2.65307275e-006, 0, 0, 0, 0, 0, 0, 0, 0.118011255, 0.014911499, -0.160891919, -0.347057573, 0.937730826, 0.00494484684, -0.424438477, -0.161743164, 0.890869141, 0.83644032, 0.306914306, 0.454158723, 0, 0, 0, 0, 0, 0, 0, 0.187502197, 0.0497130371, -0.134179492, -0.370458841, 0.633033977, -0.679590964, 0.585083008, -0.409301758, -0.700073242, -0.721509003, -0.656788237, -0.21871914, 1, 1, 
