time, realDorsalTactorPos, realVentralTactorPos, boxPosX, boxPosY, boxPosZ, boxLocalRot_11, boxLocalRot_12, boxLocalRot_13, boxLocalRot_21, boxLocalRot_22, boxLocalRot_23, boxLocalRot_31, boxLocalRot_32, boxLocalRot_33, boxGlobalRot_11, boxGlobalRot_12, boxGlobalRot_13, boxGlobalRot_21, boxGlobalRot_22, boxGlobalRot_23, boxGlobalRot_31, boxGlobalRot_32, boxGlobalRot_33, indexForceX, indexForceY, indexForceZ, indexForceGlobalX, indexForceGlobalY, indexForceGlobalZ, indexContact, indexPosX, indexPosY, indexPosZ, indexRot_11, indexRot_12, indexRot_13, indexRot_21, indexRot_22, indexRot_23, indexRot_31, indexRot_32, indexRot_33, thumbForceX, thumbForceY, thumbForceZ, thumbForceGlobalX, thumbForceGlobalY, thumbForceGlobalZ, thumbContact, thumbPosX, thumbPosY, thumbPosZ, thumbRot_11, thumbRot_12, thumbRot_13, thumbRot_21, thumbRot_22, thumbRot_23, thumbRot_31, thumbRot_32, thumbRot_33, mapping, trialSuccess, 
66.4458434, 0.1, 0.1, 0.124689237, 0.214660123, -0.0199554103, 0.752293448, -0.658828177, -4.06297176e-005, 0.658828178, 0.752293446, 4.8238398e-005, -1.21534553e-006, -6.30574336e-005, 0.999999998, 0.752293407, -0.658828223, -5.19887038e-005, 0.658828225, 0.752293404, 6.03462152e-005, -6.47030763e-007, -7.96496853e-005, 0.999999997, 0, 0, 0, 0, 0, 0, 0, 0.126116772, -0.0517105713, -0.170209424, -0.52507419, 0.844305172, -0.106819218, -0.367919922, -0.111816406, 0.923095703, 0.767492122, 0.52390788, 0.369649883, 0, 0, 0, 0, 0, 0, 0, 0.219627393, -0.0122036133, -0.156122412, -0.284856262, 0.604715463, -0.743571298, 0.414306641, -0.621948242, -0.664306641, -0.864467284, -0.497130543, -0.0736110124, 1, 1, 
66.4705004, 0.1, 0.1, 0.124689222, 0.21466021, -0.0199771364, 0.752226234, -0.658904915, 7.36471861e-005, 0.658904918, 0.752226234, -2.7643309e-005, -3.71850333e-005, 6.93205154e-005, 0.999999997, 0.752226351, -0.658904782, 7.56318366e-005, 0.658904785, 0.752226352, -2.4126858e-005, -4.09949584e-005, 6.79830374e-005, 0.999999997, 0, 0, 0, 0, 0, 0, 0, 0.131910303, -0.0686002197, -0.163245361, -0.529719032, 0.841040112, -0.109610983, -0.358642578, -0.104858398, 0.927612305, 0.768598568, 0.530604612, 0.357485677, 0, 0, 0, 0, 0, 0, 0, 0.22372793, -0.0285192383, -0.148704541, -0.301358117, 0.591568708, -0.747602337, 0.430053711, -0.615478516, -0.66027832, -0.851104346, -0.520360525, -0.0691249833, 1, 1, 
66.471354, 0.1, 0.1, 0.124689223, 0.214660213, -0.0199728396, 0.752225796, -0.658905416, -6.84153669e-005, 0.658905418, 0.752225797, 7.83389365e-006, 4.6302009e-005, -5.09721128e-005, 0.999999998, 0.75222584, -0.658905367, -4.79643845e-005, 0.658905368, 0.752225841, -7.99862977e-006, 4.13503896e-005, -2.55872144e-005, 0.999999999, 0, 0, 0, 0, 0, 0, 0, 0.131910303, -0.0686002197, -0.163245361, -0.529719032, 0.841040112, -0.109610983, -0.358642578, -0.104858398, 0.927612305, 0.768598568, 0.530604612, 0.357485677, 0, 0, 0, 0, 0, 0, 0, 0.22372793, -0.0285192383, -0.148704541, -0.301358117, 0.591568708, -0.747602337, 0.430053711, -0.615478516, -0.66027832, -0.851104346, -0.520360525, -0.0691249833, 1, 1, 
66.4725284, 0.1, 0.1, 0.124689222, 0.214660206, -0.0199597979, 0.752225957, -0.658905234, 4.22483383e-005, 0.658905235, 0.752225958, -1.84558437e-006, -3.05642315e-005, 2.92259477e-005, 0.999999999, 0.752225839, -0.65890537, 3.45727428e-005, 0.65890537, 0.75222584, 1.75158264e-005, -3.75477826e-005, 9.60430864e-006, 0.999999999, 0, 0, 0, 0, 0, 0, 0, 0.131910303, -0.0686002197, -0.163245361, -0.529719032, 0.841040112, -0.109610983, -0.358642578, -0.104858398, 0.927612305, 0.768598568, 0.530604612, 0.357485677, 0, 0, 0, 0, 0, 0, 0, 0.22372793, -0.0285192383, -0.148704541, -0.301358117, 0.591568708, -0.747602337, 0.430053711, -0.615478516, -0.66027832, -0.851104346, -0.520360525, -0.0691249833, 1, 1, 
66.4739558, 0.1, 0.1, 0.124689223, 0.214660206, -0.0199354417, 0.752227153, -0.65890387, -2.6817293e-005, 0.65890387, 0.752227153, -2.7509184e-005, 3.82986038e-005, 3.02313702e-006, 0.999999999, 0.752226816, -0.658904255, 1.68684475e-005, 0.658904255, 0.752226816, -6.35182046e-008, -1.26470462e-005, 1.1162472e-005, 1, 0, 0, 0, 0, 0, 0, 0, 0.131910303, -0.0686002197, -0.163245361, -0.529719032, 0.841040112, -0.109610983, -0.358642578, -0.104858398, 0.927612305, 0.768598568, 0.530604612, 0.357485677, 0, 0, 0, 0, 0, 0, 0, 0.22372793, -0.0285192383, -0.148704541, -0.301358117, 0.591568708, -0.747602337, 0.430053711, -0.615478516, -0.66027832, -0.851104346, -0.520360525, -0.0691249833, 1, 1, 
66.4748555, 0.1, 0.1, 0.124689215, 0.214660205, -0.0199277438, 0.75222852, -0.658902304, 8.71680738e-005, 0.658902308, 0.752228521, -2.44166237e-005, -4.94821416e-005, 7.58021257e-005, 0.999999996, 0.75222815, -0.658902728, 7.83402978e-005, 0.65890273, 0.752228152, 1.26529304e-006, -5.97634825e-005, 5.0666847e-005, 0.999999997, 0, 0, 0, 0, 0, 0, 0, 0.131910303, -0.0686002197, -0.163245361, -0.529719032, 0.841040112, -0.109610983, -0.358642578, -0.104858398, 0.927612305, 0.768598568, 0.530604612, 0.357485677, 0, 0, 0, 0, 0, 0, 0, 0.22372793, -0.0285192383, -0.148704541, -0.301358117, 0.591568708, -0.747602337, 0.430053711, -0.615478516, -0.66027832, -0.851104346, -0.520360525, -0.0691249833, 1, 1, 
66.4757586, 0.1, 0.1, 0.124689227, 0.214660211, -0.0199320943, 0.752230533, -0.658900004, -9.4695418e-005, 0.658900009, 0.752230535, 1.8726291e-005, 5.88940317e-005, -7.64812996e-005, 0.999999995, 0.752230101, -0.658900495, -0.00011188588, 0.658900499, 0.752230106, -4.44878442e-006, 8.70952333e-005, -7.03751522e-005, 0.999999994, 0, 0, 0, 0, 0, 0, 0, 0.132673877, -0.0702309082, -0.162279761, -0.532200773, 0.839600416, -0.108139086, -0.356811523, -0.106567383, 0.928100586, 0.767755718, 0.532439332, 0.356634592, 0, 0, 0, 0, 0, 0, 0, 0.224200146, -0.0299000977, -0.147813281, -0.30556816, 0.589510344, -0.747589578, 0.434570313, -0.612304688, -0.660400391, -0.847250844, -0.526468517, -0.0692463849, 1, 1, 
66.4766019, 0.1, 0.1, 0.124689205, 0.214660204, -0.0199466582, 0.752232994, -0.658897181, 0.000165990143, 0.658897191, 0.752233004, -4.62515603e-006, -0.000121815762, 0.000112849634, 0.999999986, 0.752232462, -0.65889779, 0.000156861226, 0.658897797, 0.752232473, 1.33543405e-005, -0.000126795253, 9.33099479e-005, 0.999999988, 0, 0, 0, 0, 0, 0, 0, 0.132673877, -0.0702309082, -0.162279761, -0.532200773, 0.839600416, -0.108139086, -0.356811523, -0.106567383, 0.928100586, 0.767755718, 0.532439332, 0.356634592, 0, 0, 0, 0, 0, 0, 0, 0.224200146, -0.0299000977, -0.147813281, -0.30556816, 0.589510344, -0.747589578, 0.434570313, -0.612304688, -0.660400391, -0.847250844, -0.526468517, -0.0692463849, 1, 1, 
66.4775107, 0.1, 0.1, 0.124689199, 0.21466021, -0.0199662255, 0.752236105, -0.658893642, -0.000103389432, 0.658893646, 0.752236109, 5.16550045e-006, 7.43697485e-005, -7.20083156e-005, 0.999999995, 0.75223529, -0.65889458, -3.3812134e-005, 0.658894579, 0.75223529, -3.16993425e-005, 4.63212054e-005, 1.56673226e-006, 0.999999999, 0, 0, 0, 0, 0, 0, 0, 0.132673877, -0.0702309082, -0.162279761, -0.53280361, 0.839397473, -0.107009796, -0.35559082, -0.107299805, 0.928466797, 0.767851198, 0.532718659, 0.355961362, 0, 0, 0, 0, 0, 0, 0, 0.224200146, -0.0299000977, -0.147813281, -0.30556816, 0.589510344, -0.747589578, 0.434570313, -0.612304688, -0.660400391, -0.847250844, -0.526468517, -0.0692463849, 1, 1, 
66.4784101, 0.1, 0.1, 0.124689239, 0.214660191, -0.0199810873, 0.752239718, -0.658889511, -0.000139710139, 0.658889525, 0.752239712, 0.000101354771, 3.83139193e-005, -0.000168296631, 0.999999985, 0.752239034, -0.658890286, -0.000161306814, 0.658890303, 0.752239031, 9.42441608e-005, 5.92447196e-005, -0.000177177632, 0.999999983, 0, 0, 0, 0, 0, 0, 0, 0.133536328, -0.0720263672, -0.16155437, -0.53280361, 0.839397473, -0.107009796, -0.35559082, -0.107299805, 0.928466797, 0.767851198, 0.532718659, 0.355961362, 0, 0, 0, 0, 0, 0, 0, 0.225173291, -0.0314224121, -0.146692432, -0.308717672, 0.588308355, -0.747257456, 0.438476563, -0.609130859, -0.660644531, -0.844145075, -0.531381817, -0.0700706764, 1, 1, 
66.4792584, 0.1, 0.1, 0.124689244, 0.214660172, -0.0199872503, 0.752243099, -0.658885664, 4.31121917e-005, 0.658885662, 0.752243101, 4.85807207e-005, -6.44399892e-005, -8.1385069e-006, 0.999999998, 0.752242397, -0.658886467, 9.17079681e-006, 0.658886464, 0.752242396, 7.34433901e-005, -5.52895179e-005, -4.92047179e-005, 0.999999997, 0, 0, 0, 0, 0, 0, 0, 0.133536328, -0.0720263672, -0.16155437, -0.53280361, 0.839397473, -0.107009796, -0.35559082, -0.107299805, 0.928466797, 0.767851198, 0.532718659, 0.355961362, 0, 0, 0, 0, 0, 0, 0, 0.225173291, -0.0314224121, -0.146692432, -0.308717672, 0.588308355, -0.747257456, 0.438476563, -0.609130859, -0.660644531, -0.844145075, -0.531381817, -0.0700706764, 1, 1, 
66.480156, 0.1, 0.1, 0.124689217, 0.214660183, -0.0199838312, 0.752247094, -0.658881096, 0.000104746946, 0.658881104, 0.752247089, -8.81940514e-005, -2.06861916e-005, 0.000135359502, 0.999999991, 0.752246334, -0.658881963, 0.000112590156, 0.658881971, 0.752246331, -7.04937558e-005, -3.82484677e-005, 0.000127212293, 0.999999991, 0, 0, 0, 0, 0, 0, 0, 0.133536328, -0.0720263672, -0.16155437, -0.53280361, 0.839397473, -0.107009796, -0.35559082, -0.107299805, 0.928466797, 0.767851198, 0.532718659, 0.355961362, 0, 0, 0, 0, 0, 0, 0, 0.225173291, -0.0314224121, -0.146692432, -0.308717672, 0.588308355, -0.747257456, 0.438476563, -0.609130859, -0.660644531, -0.844145075, -0.531381817, -0.0700706764, 1, 1, 
66.4810013, 0.1, 0.1, 0.124689204, 0.214660202, -0.01997354, 0.752250912, -0.658876746, 7.60443265e-006, 0.658876746, 0.752250911, -2.31003448e-005, 9.49983859e-006, 2.23876392e-005, 1, 0.752250137, -0.65887763, 2.69535416e-005, 0.65887763, 0.752250134, -6.35316564e-005, 2.15837819e-005, 6.55507828e-005, 0.999999998, 0, 0, 0, 0, 0, 0, 0, 0.133536328, -0.0720263672, -0.16155437, -0.53280361, 0.839397473, -0.107009796, -0.35559082, -0.107299805, 0.928466797, 0.767851198, 0.532718659, 0.355961362, 0, 0, 0, 0, 0, 0, 0, 0.225173291, -0.0314224121, -0.146692432, -0.308717672, 0.588308355, -0.747257456, 0.438476563, -0.609130859, -0.660644531, -0.844145075, -0.531381817, -0.0700706764, 1, 1, 
66.4818805, 0.1, 0.1, 0.124689213, 0.214660187, -0.0199607303, 0.752254417, -0.658872739, -7.09245595e-005, 0.658872743, 0.752254416, 4.56057301e-005, 2.33049407e-005, -8.1037371e-005, 0.999999996, 0.752253786, -0.658873461, -5.76807231e-005, 0.658873464, 0.752253783, 7.45543773e-005, -5.73135847e-006, -9.40881105e-005, 0.999999996, 0, 0, 0, 0, 0, 0, 0, 0.133536328, -0.0720263672, -0.16155437, -0.53280361, 0.839397473, -0.107009796, -0.35559082, -0.107299805, 0.928466797, 0.767851198, 0.532718659, 0.355961362, 0, 0, 0, 0, 0, 0, 0, 0.225173291, -0.0314224121, -0.146692432, -0.308717672, 0.588308355, -0.747257456, 0.438476563, -0.609130859, -0.660644531, -0.844145075, -0.531381817, -0.0700706764, 1, 1, 
66.4830264, 0.1, 0.1, 0.124689208, 0.214660197, -0.0199430191, 0.752257604, -0.658869105, 1.52694702e-005, 0.658869105, 0.752257604, -2.59070306e-005, 5.58276701e-006, 2.9549343e-005, 1, 0.752256989, -0.658869805, 5.46057231e-005, 0.658869807, 0.752256988, -3.53144015e-005, -1.7809944e-005, 6.25435676e-005, 0.999999998, 0, 0, 0, 0, 0, 0, 0, 0.134384619, -0.07407229, -0.160507251, -0.53364159, 0.838604798, -0.108330046, -0.355834961, -0.106445313, 0.928466797, 0.76724237, 0.533956534, 0.355428918, 0, 0, 0, 0, 0, 0, 0, 0.225782471, -0.0333921875, -0.145852686, -0.310282766, 0.586563523, -0.747960346, 0.44140625, -0.608032227, -0.659790039, -0.842100205, -0.534633774, -0.0703900386, 1, 1, 
66.4844223, 0.1, 0.1, 0.124689213, 0.214660193, -0.0199257952, 0.75226067, -0.658865604, 1.6220244e-005, 0.658865604, 0.75226067, -2.67224169e-005, 5.40462975e-006, 3.07891841e-005, 1, 0.752260124, -0.658866228, -8.41411909e-006, 0.658866227, 0.752260124, -2.86188196e-005, 2.518558e-005, 1.59850179e-005, 1, 0, 0, 0, 0, 0, 0, 0, 0.134384619, -0.07407229, -0.160507251, -0.53364159, 0.838604798, -0.108330046, -0.355834961, -0.106445313, 0.928466797, 0.76724237, 0.533956534, 0.355428918, 0, 0, 0, 0, 0, 0, 0, 0.225782471, -0.0333921875, -0.145852686, -0.310282766, 0.586563523, -0.747960346, 0.44140625, -0.608032227, -0.659790039, -0.842100205, -0.534633774, -0.0703900386, 1, 1, 
66.4858505, 0.1, 0.1, 0.124689205, 0.214660189, -0.0199167414, 0.752262931, -0.658863022, -2.47526349e-005, 0.658863017, 0.75226293, -9.4306492e-005, 8.075555e-005, 5.46346824e-005, 0.999999995, 0.752262675, -0.658863313, -4.2871687e-005, 0.658863313, 0.752262676, -2.29881372e-005, 4.73968102e-005, -1.09534642e-005, 0.999999999, 0, 0, 0, 0, 0, 0, 0, 0.134384619, -0.07407229, -0.160507251, -0.53364159, 0.838604798, -0.108330046, -0.355834961, -0.106445313, 0.928466797, 0.76724237, 0.533956534, 0.355428918, 0, 0, 0, 0, 0, 0, 0, 0.225782471, -0.0333921875, -0.145852686, -0.310282766, 0.586563523, -0.747960346, 0.44140625, -0.608032227, -0.659790039, -0.842100205, -0.534633774, -0.0703900386, 1, 1, 
66.4873889, 0.1, 0.1, 0.124689215, 0.214660179, -0.0199210573, 0.752263089, -0.65886284, -5.06224604e-005, 0.658862842, 0.752263087, 6.55838097e-005, -5.12932677e-006, -8.26895374e-005, 0.999999997, 0.752263202, -0.658862708, -8.23760407e-005, 0.658862713, 0.752263198, 7.20009027e-005, 1.45297541e-005, -0.000108438131, 0.999999994, 0, 0, 0, 0, 0, 0, 0, 0.134384619, -0.07407229, -0.160507251, -0.533044745, 0.838782653, -0.109879449, -0.355102539, -0.103881836, 0.929077148, 0.76788939, 0.53429914, 0.353449664, 0, 0, 0, 0, 0, 0, 0, 0.225782471, -0.0333921875, -0.145852686, -0.310282766, 0.586563523, -0.747960346, 0.44140625, -0.608032227, -0.659790039, -0.842100205, -0.534633774, -0.0703900386, 1, 1, 
66.4882726, 0.1, 0.1, 0.124689204, 0.214660187, -0.0199327231, 0.752262568, -0.658863434, 6.32755275e-005, 0.658863437, 0.752262567, -3.7845789e-005, -2.26646043e-005, 7.01599019e-005, 0.999999997, 0.752262699, -0.658863282, 8.77883471e-005, 0.658863287, 0.752262699, -4.20510055e-005, -3.83340355e-005, 8.94739218e-005, 0.999999995, 0, 0, 0, 0, 0, 0, 0, 0.135086816, -0.0762945801, -0.159253003, -0.533044745, 0.838782653, -0.109879449, -0.355102539, -0.103881836, 0.929077148, 0.76788939, 0.53429914, 0.353449664, 0, 0, 0, 0, 0, 0, 0, 0.226144971, -0.0353666016, -0.144779199, -0.312039625, 0.58448657, -0.748924995, 0.442993164, -0.607788086, -0.658813477, -0.84056646, -0.53706144, -0.0693867429, 1, 1, 
66.489119, 0.1, 0.1, 0.124689213, 0.214660179, -0.0199532551, 0.752262349, -0.658863685, -5.44928359e-005, 0.658863687, 0.752262345, 7.41240567e-005, -7.84474055e-006, -9.16640878e-005, 0.999999996, 0.752262338, -0.658863697, -6.16020173e-005, 0.6588637, 0.752262334, 7.18373409e-005, -9.9013876e-007, -9.4627859e-005, 0.999999996, 0, 0, 0, 0, 0, 0, 0, 0.135086816, -0.0762945801, -0.159253003, -0.533044745, 0.838782653, -0.109879449, -0.355102539, -0.103881836, 0.929077148, 0.76788939, 0.53429914, 0.353449664, 0, 0, 0, 0, 0, 0, 0, 0.226144971, -0.0353666016, -0.144779199, -0.312039625, 0.58448657, -0.748924995, 0.442993164, -0.607788086, -0.658813477, -0.84056646, -0.53706144, -0.0693867429, 1, 1, 
66.4900356, 0.1, 0.1, 0.124689211, 0.214660181, -0.0199756638, 0.752262414, -0.658863611, 4.44181373e-005, 0.658863613, 0.752262412, -5.75168568e-005, 4.48166884e-006, 7.25332639e-005, 0.999999997, 0.752262395, -0.658863633, 3.47965119e-005, 0.658863634, 0.752262394, -3.8646198e-005, -7.13532921e-007, 5.19982377e-005, 0.999999999, 0, 0, 0, 0, 0, 0, 0, 0.135086816, -0.0762945801, -0.159253003, -0.533044745, 0.838782653, -0.109879449, -0.355102539, -0.103881836, 0.929077148, 0.76788939, 0.53429914, 0.353449664, 0, 0, 0, 0, 0, 0, 0, 0.226144971, -0.0353666016, -0.144779199, -0.312039625, 0.58448657, -0.748924995, 0.442993164, -0.607788086, -0.658813477, -0.84056646, -0.53706144, -0.0693867429, 1, 1, 
66.4908823, 0.1, 0.1, 0.124689198, 0.214660193, -0.0199895273, 0.752262383, -0.658863648, 3.31407349e-005, 0.658863649, 0.752262382, -3.61087433e-005, -1.13978985e-006, 4.89984748e-005, 0.999999999, 0.752262405, -0.658863621, 4.81748561e-005, 0.658863623, 0.752262404, -4.55271079e-005, -6.24397784e-006, 6.59889919e-005, 0.999999998, 0, 0, 0, 0, 0, 0, 0, 0.135086816, -0.0762945801, -0.159253003, -0.533044745, 0.838782653, -0.109879449, -0.355102539, -0.103881836, 0.929077148, 0.76788939, 0.53429914, 0.353449664, 0, 0, 0, 0, 0, 0, 0, 0.226144971, -0.0353666016, -0.144779199, -0.312039625, 0.58448657, -0.748924995, 0.442993164, -0.607788086, -0.658813477, -0.84056646, -0.53706144, -0.0693867429, 1, 1, 
66.4917543, 0.1, 0.1, 0.124689202, 0.214660192, -0.0199926812, 0.752262425, -0.658863599, -4.31199031e-005, 0.6588636, 0.752262424, 3.7438107e-005, 7.77087692e-006, -5.65734157e-005, 0.999999998, 0.752262377, -0.658863655, -3.45577938e-005, 0.658863656, 0.752262376, 2.17660957e-005, 1.16556387e-005, -3.91426893e-005, 0.999999999, 0, 0, 0, 0, 0, 0, 0, 0.135086816, -0.0762945801, -0.159253003, -0.533044745, 0.838782653, -0.109879449, -0.355102539, -0.103881836, 0.929077148, 0.76788939, 0.53429914, 0.353449664, 0, 0, 0, 0, 0, 0, 0, 0.226144971, -0.0353666016, -0.144779199, -0.312039625, 0.58448657, -0.748924995, 0.442993164, -0.607788086, -0.658813477, -0.84056646, -0.53706144, -0.0693867429, 1, 1, 
66.4926656, 0.1, 0.1, 0.12468921, 0.214660178, -0.0199838024, 0.752262802, -0.658863169, -2.5503989e-005, 0.65886317, 0.752262801, 4.00953525e-005, -7.23164881e-006, -4.69658813e-005, 0.999999999, 0.752262721, -0.658863261, -3.12705223e-005, 0.658863262, 0.752262719, 5.63800575e-005, -1.36231004e-005, -6.30156138e-005, 0.999999998, 0, 0, 0, 0, 0, 0, 0, 0.135590796, -0.0787285156, -0.158215894, -0.531990717, 0.839226731, -0.111308283, -0.354125977, -0.101196289, 0.9296875, 0.76908196, 0.533981621, 0.351451315, 0, 0, 0, 0, 0, 0, 0, 0.226770508, -0.0377940918, -0.143505908, -0.313176715, 0.582275455, -0.750081409, 0.444946289, -0.607788086, -0.657592773, -0.839090318, -0.539380463, -0.0688945733, 1, 1, 
66.4935356, 0.1, 0.1, 0.124689207, 0.214660182, -0.0199684267, 0.752263022, -0.658862918, 3.27046179e-005, 0.658862918, 0.752263022, -1.75708854e-005, -1.30256699e-005, 3.47657873e-005, 0.999999999, 0.752263013, -0.658862928, 3.35483748e-005, 0.658862929, 0.752263013, -2.37242207e-005, -9.60619197e-006, 3.99506342e-005, 0.999999999, 0, 0, 0, 0, 0, 0, 0, 0.135590796, -0.0787285156, -0.158215894, -0.531990717, 0.839226731, -0.111308283, -0.354125977, -0.101196289, 0.9296875, 0.76908196, 0.533981621, 0.351451315, 0, 0, 0, 0, 0, 0, 0, 0.226770508, -0.0377940918, -0.143505908, -0.313176715, 0.582275455, -0.750081409, 0.444946289, -0.607788086, -0.657592773, -0.839090318, -0.539380463, -0.0688945733, 1, 1, 
66.4944584, 0.1, 0.1, 0.12468921, 0.21466018, -0.0199515182, 0.752263046, -0.658862891, 9.54487899e-006, 0.658862891, 0.752263046, 1.5552135e-005, -1.74269844e-005, -5.41052986e-006, 1, 0.752263029, -0.65886291, -3.26546671e-005, 0.65886291, 0.752263029, 1.30716417e-005, 1.59524789e-005, -3.13482618e-005, 0.999999999, 0, 0, 0, 0, 0, 0, 0, 0.135590796, -0.0787285156, -0.158215894, -0.531254208, 0.839506058, -0.113079725, -0.353759766, -0.0985107422, 0.930175781, 0.769830452, 0.534184564, 0.349630821, 0, 0, 0, 0, 0, 0, 0, 0.226770508, -0.0377940918, -0.143505908, -0.313176715, 0.582275455, -0.750081409, 0.444946289, -0.607788086, -0.657592773, -0.839090318, -0.539380463, -0.0688945733, 1, 1, 
66.4953273, 0.1, 0.1, 0.124689206, 0.214660187, -0.0199402617, 0.752263558, -0.658862306, -3.39086372e-005, 0.658862306, 0.752263558, 9.5549862e-006, 1.92128119e-005, -2.95289908e-005, 0.999999999, 0.752263408, -0.658862478, -1.09581688e-005, 0.658862477, 0.752263408, -3.70064858e-005, 3.26256143e-005, 2.06186989e-005, 0.999999999, 0, 0, 0, 0, 0, 0, 0, 0.136300439, -0.0809460449, -0.157195752, -0.531254208, 0.839506058, -0.113079725, -0.353759766, -0.0985107422, 0.930175781, 0.769830452, 0.534184564, 0.349630821, 0, 0, 0, 0, 0, 0, 0, 0.227194287, -0.0399966309, -0.142472461, -0.313924081, 0.58005158, -0.751480625, 0.446899414, -0.608154297, -0.655883789, -0.837818699, -0.541578085, -0.0684279234, 1, 1, 
66.4961783, 0.1, 0.1, 0.124689207, 0.214660184, -0.019938389, 0.752264561, -0.658861161, 5.47000654e-006, 0.658861161, 0.75226456, -5.3686553e-005, 3.12570926e-005, 4.39904661e-005, 0.999999999, 0.752264368, -0.658861382, -1.99544186e-006, 0.658861382, 0.752264368, -2.93404769e-005, 2.0832407e-005, 2.07570757e-005, 1, 0, 0, 0, 0, 0, 0, 0, 0.136300439, -0.0809460449, -0.157195752, -0.531254208, 0.839506058, -0.113079725, -0.353759766, -0.0985107422, 0.930175781, 0.769830452, 0.534184564, 0.349630821, 0, 0, 0, 0, 0, 0, 0, 0.227194287, -0.0399966309, -0.142472461, -0.313924081, 0.58005158, -0.751480625, 0.446899414, -0.608154297, -0.655883789, -0.837818699, -0.541578085, -0.0684279234, 1, 1, 
66.4970748, 0.1, 0.1, 0.124689208, 0.214660179, -0.0199451272, 0.752265203, -0.658860427, -4.61944802e-005, 0.658860429, 0.752265202, 3.3337718e-005, 1.27855969e-005, -5.55145202e-005, 0.999999998, 0.752265145, -0.658860495, -2.4613271e-005, 0.658860495, 0.752265143, 5.47664612e-005, -1.75677519e-005, -5.74156118e-005, 0.999999998, 0, 0, 0, 0, 0, 0, 0, 0.136300439, -0.0809460449, -0.157195752, -0.531254208, 0.839506058, -0.113079725, -0.353759766, -0.0985107422, 0.930175781, 0.769830452, 0.534184564, 0.349630821, 0, 0, 0, 0, 0, 0, 0, 0.227194287, -0.0399966309, -0.142472461, -0.313924081, 0.58005158, -0.751480625, 0.446899414, -0.608154297, -0.655883789, -0.837818699, -0.541578085, -0.0684279234, 1, 1, 
66.4979229, 0.1, 0.1, 0.124689205, 0.214660181, -0.0199568418, 0.752265131, -0.65886051, 2.28960639e-005, 0.65886051, 0.752265131, -3.35635612e-006, -1.501254e-005, 1.7610182e-005, 1, 0.752265172, -0.658860463, 3.78441774e-005, 0.658860464, 0.752265172, -9.22729351e-006, -2.23893578e-005, 3.18754038e-005, 0.999999999, 0, 0, 0, 0, 0, 0, 0, 0.136300439, -0.0809460449, -0.157195752, -0.531254208, 0.839506058, -0.113079725, -0.353759766, -0.0985107422, 0.930175781, 0.769830452, 0.534184564, 0.349630821, 0, 0, 0, 0, 0, 0, 0, 0.227194287, -0.0399966309, -0.142472461, -0.313924081, 0.58005158, -0.751480625, 0.446899414, -0.608154297, -0.655883789, -0.837818699, -0.541578085, -0.0684279234, 1, 1, 
66.4987692, 0.1, 0.1, 0.124689206, 0.214660179, -0.0199693435, 0.752264977, -0.658860687, 1.98554259e-005, 0.658860687, 0.752264977, -5.79016667e-007, -1.45550502e-005, 1.35175335e-005, 1, 0.752264982, -0.65886068, -5.25999979e-007, 0.65886068, 0.752264982, 1.42456776e-005, -8.99022548e-006, -1.10630851e-005, 1, 0, 0, 0, 0, 0, 0, 0, 0.136300439, -0.0809460449, -0.157195752, -0.531254208, 0.839506058, -0.113079725, -0.353759766, -0.0985107422, 0.930175781, 0.769830452, 0.534184564, 0.349630821, 0, 0, 0, 0, 0, 0, 0, 0.227194287, -0.0399966309, -0.142472461, -0.313924081, 0.58005158, -0.751480625, 0.446899414, -0.608154297, -0.655883789, -0.837818699, -0.541578085, -0.0684279234, 1, 1, 
66.4997029, 0.1, 0.1, 0.124689204, 0.214660183, -0.0199780364, 0.752265165, -0.658860472, -1.0943249e-005, 0.658860472, 0.752265165, 1.48085842e-005, -1.52456572e-006, -1.83500562e-005, 1, 0.752265111, -0.658860534, -4.46592552e-006, 0.658860534, 0.752265111, -1.14215563e-005, 1.08847726e-005, 5.64961623e-006, 1, 0, 0, 0, 0, 0, 0, 0, 0.137572876, -0.0829953857, -0.156122876, -0.532511178, 0.838631007, -0.113898609, -0.353637695, -0.0981445313, 0.930175781, 0.768917209, 0.53568267, 0.349142559, 0, 0, 0, 0, 0, 0, 0, 0.22822041, -0.0420447754, -0.141207715, -0.316185502, 0.577424854, -0.75257324, 0.450561523, -0.606811523, -0.654785156, -0.834987817, -0.545781932, -0.0685427618, 1, 1, 
66.5005477, 0.1, 0.1, 0.124689208, 0.214660178, -0.0199796473, 0.7522653, -0.658860318, -7.39296555e-006, 0.658860318, 0.7522653, 5.57670582e-007, 5.19404443e-006, -5.29044786e-006, 1, 0.752265294, -0.658860325, -2.36785601e-005, 0.658860325, 0.752265294, 1.13914783e-005, 1.03071659e-005, -2.41702776e-005, 1, 0, 0, 0, 0, 0, 0, 0, 0.137572876, -0.0829953857, -0.156122876, -0.532511178, 0.838631007, -0.113898609, -0.353637695, -0.0981445313, 0.930175781, 0.768917209, 0.53568267, 0.349142559, 0, 0, 0, 0, 0, 0, 0, 0.22822041, -0.0420447754, -0.141207715, -0.316185502, 0.577424854, -0.75257324, 0.450561523, -0.606811523, -0.654785156, -0.834987817, -0.545781932, -0.0685427618, 1, 1, 
66.5014436, 0.1, 0.1, 0.124689202, 0.214660184, -0.0199747659, 0.752265375, -0.658860232, 1.0344626e-005, 0.658860232, 0.752265375, -2.24462573e-005, 7.00704233e-006, 2.37012048e-005, 1, 0.752265335, -0.658860277, 2.31910724e-005, 0.658860277, 0.752265335, -3.30152011e-005, 4.30656473e-006, 4.01158677e-005, 0.999999999, 0, 0, 0, 0, 0, 0, 0, 0.137572876, -0.0829953857, -0.156122876, -0.532511178, 0.838631007, -0.113898609, -0.353637695, -0.0981445313, 0.930175781, 0.768917209, 0.53568267, 0.349142559, 0, 0, 0, 0, 0, 0, 0, 0.22822041, -0.0420447754, -0.141207715, -0.316185502, 0.577424854, -0.75257324, 0.450561523, -0.606811523, -0.654785156, -0.834987817, -0.545781932, -0.0685427618, 1, 1, 
66.5023106, 0.1, 0.1, 0.124689201, 0.214660184, -0.0199655877, 0.752265599, -0.658859977, 4.83627557e-006, 0.658859977, 0.752265598, -2.68379825e-005, 1.40443088e-005, 2.33757194e-005, 1, 0.752265548, -0.658860034, 1.04746024e-006, 0.658860034, 0.752265548, 3.33549937e-006, -2.98559548e-006, -1.81905157e-006, 1, 0, 0, 0, 0, 0, 0, 0, 0.137572876, -0.0829953857, -0.156122876, -0.532511178, 0.838631007, -0.113898609, -0.353637695, -0.0981445313, 0.930175781, 0.768917209, 0.53568267, 0.349142559, 0, 0, 0, 0, 0, 0, 0, 0.22822041, -0.0420447754, -0.141207715, -0.316185502, 0.577424854, -0.75257324, 0.450561523, -0.606811523, -0.654785156, -0.834987817, -0.545781932, -0.0685427618, 1, 1, 
66.5031606, 0.1, 0.1, 0.124689199, 0.214660182, -0.0199566571, 0.752265692, -0.65885987, -1.49686678e-005, 0.65885987, 0.752265691, 4.83624825e-005, -2.06036837e-005, -4.62436909e-005, 0.999999999, 0.752265713, -0.658859846, 2.27567883e-006, 0.658859845, 0.752265713, 4.10719647e-005, -2.87725835e-005, -2.93976774e-005, 0.999999999, 0, 0, 0, 0, 0, 0, 0, 0.137572876, -0.0829953857, -0.156122876, -0.532511178, 0.838631007, -0.113898609, -0.353637695, -0.0981445313, 0.930175781, 0.768917209, 0.53568267, 0.349142559, 0, 0, 0, 0, 0, 0, 0, 0.22822041, -0.0420447754, -0.141207715, -0.316185502, 0.577424854, -0.75257324, 0.450561523, -0.606811523, -0.654785156, -0.834987817, -0.545781932, -0.0685427618, 1, 1, 
66.504094, 0.1, 0.1, 0.124689198, 0.214660183, -0.0199497492, 0.752265371, -0.658860236, 2.90413994e-005, 0.658860236, 0.752265371, -1.83027758e-005, -9.78786794e-006, 3.29027677e-005, 0.999999999, 0.752265443, -0.658860154, 2.08384771e-005, 0.658860154, 0.752265443, -3.10664832e-005, 4.79240177e-006, 3.7099884e-005, 0.999999999, 0, 0, 0, 0, 0, 0, 0, 0.137572876, -0.0829953857, -0.156122876, -0.533533006, 0.838022179, -0.113530915, -0.352661133, -0.0983886719, 0.930541992, 0.768708275, 0.53652065, 0.348342771, 0, 0, 0, 0, 0, 0, 0, 0.22822041, -0.0420447754, -0.141207715, -0.316185502, 0.577424854, -0.75257324, 0.450561523, -0.606811523, -0.654785156, -0.834987817, -0.545781932, -0.0685427618, 1, 1, 
66.5049612, 0.1, 0.1, 0.124689205, 0.214660179, -0.0199473577, 0.752265024, -0.658860633, -7.57633684e-006, 0.658860633, 0.752265023, 3.11030808e-005, -1.47931823e-005, -2.83895099e-005, 0.999999999, 0.752265075, -0.658860573, -4.71228866e-005, 0.658860575, 0.752265074, 2.74728979e-005, 1.73480925e-005, -5.17143137e-005, 0.999999999, 0, 0, 0, 0, 0, 0, 0, 0.13863623, -0.0850331299, -0.15521355, -0.533533006, 0.838022179, -0.113530915, -0.352661133, -0.0983886719, 0.930541992, 0.768708275, 0.53652065, 0.348342771, 0, 0, 0, 0, 0, 0, 0, 0.228720215, -0.0437898438, -0.140499414, -0.319501258, 0.575852464, -0.752311114, 0.452514648, -0.604858398, -0.655029297, -0.832635977, -0.549506735, -0.0675332695, 1, 1, 
66.5058137, 0.1, 0.1, 0.124689201, 0.214660182, -0.0199507252, 0.752265209, -0.658860422, -1.75067826e-005, 0.658860422, 0.752265209, 1.09943408e-005, 5.92600746e-006, -1.98051862e-005, 1, 0.752265131, -0.658860511, -1.95001118e-006, 0.658860511, 0.752265131, -2.48771725e-005, 1.7857512e-005, 1.74294441e-005, 1, 0, 0, 0, 0, 0, 0, 0, 0.13863623, -0.0850331299, -0.15521355, -0.533533006, 0.838022179, -0.113530915, -0.352661133, -0.0983886719, 0.930541992, 0.768708275, 0.53652065, 0.348342771, 0, 0, 0, 0, 0, 0, 0, 0.228720215, -0.0437898438, -0.140499414, -0.319501258, 0.575852464, -0.752311114, 0.452514648, -0.604858398, -0.655029297, -0.832635977, -0.549506735, -0.0675332695, 1, 1, 
66.5067145, 0.1, 0.1, 0.1246892, 0.214660179, -0.019958125, 0.752265915, -0.658859616, -7.06236482e-006, 0.658859615, 0.752265914, -5.73737472e-005, 4.31140214e-005, 3.85072075e-005, 0.999999998, 0.752265714, -0.658859845, 1.39898392e-005, 0.658859845, 0.752265714, -1.41725352e-005, -1.18636201e-006, 1.98788556e-005, 1, 0, 0, 0, 0, 0, 0, 0, 0.13863623, -0.0850331299, -0.15521355, -0.533533006, 0.838022179, -0.113530915, -0.352661133, -0.0983886719, 0.930541992, 0.768708275, 0.53652065, 0.348342771, 0, 0, 0, 0, 0, 0, 0, 0.228720215, -0.0437898438, -0.140499414, -0.322114125, 0.573711344, -0.752956401, 0.455688477, -0.603149414, -0.654418945, -0.829964775, -0.553659543, -0.0672328638, 1, 1, 
66.5075788, 0.1, 0.1, 0.124689208, 0.214660186, -0.0199656699, 0.752266966, -0.658858414, -3.43122379e-005, 0.658858415, 0.752266965, 4.85548555e-005, -6.17881199e-006, -5.91331206e-005, 0.999999998, 0.752266723, -0.658858691, -4.80366631e-005, 0.658858692, 0.752266724, 7.53409984e-006, 3.1172476e-005, -3.73170256e-005, 0.999999999, 0, 0, 0, 0, 0, 0, 0, 0.13863623, -0.0850331299, -0.15521355, -0.533533006, 0.838022179, -0.113530915, -0.352661133, -0.0983886719, 0.930541992, 0.768708275, 0.53652065, 0.348342771, 0, 0, 0, 0, 0, 0, 0, 0.229719727, -0.0458047852, -0.13941958, -0.322114125, 0.573711344, -0.752956401, 0.455688477, -0.603149414, -0.654418945, -0.829964775, -0.553659543, -0.0672328638, 1, 1, 
66.5084331, 0.1, 0.1, 0.124689207, 0.214660175, -0.0199715522, 0.752268306, -0.658856886, 2.0978052e-005, 0.658856886, 0.752268305, -1.28018614e-005, -7.34652909e-006, 2.34519686e-005, 1, 0.752268031, -0.6588572, 1.37707472e-005, 0.658857199, 0.752268031, 3.08410491e-005, -3.06791401e-005, -1.41277793e-005, 0.999999999, 0, 0, 0, 0, 0, 0, 0, 0.13863623, -0.0850331299, -0.15521355, -0.533533006, 0.838022179, -0.113530915, -0.352661133, -0.0983886719, 0.930541992, 0.768708275, 0.53652065, 0.348342771, 0, 0, 0, 0, 0, 0, 0, 0.229719727, -0.0458047852, -0.13941958, -0.322114125, 0.573711344, -0.752956401, 0.455688477, -0.603149414, -0.654418945, -0.829964775, -0.553659543, -0.0672328638, 1, 1, 
66.5093316, 0.1, 0.1, 0.124689208, 0.214660193, -0.019973489, 0.752269972, -0.658854983, -1.55273531e-005, 0.658854981, 0.752269972, -5.58999759e-005, 4.85107392e-005, 3.18215994e-005, 0.999999998, 0.752269663, -0.658855337, -1.10331743e-005, 0.658855334, 0.752269661, -7.8996855e-005, 6.03474218e-005, 5.21576717e-005, 0.999999997, 0, 0, 0, 0, 0, 0, 0, 0.139874121, -0.0868714355, -0.154522827, -0.535450102, 0.836905993, -0.113131021, -0.352416992, -0.0997314453, 0.930541992, 0.76752881, 0.538056948, 0.348526618, 0, 0, 0, 0, 0, 0, 0, 0.229719727, -0.0458047852, -0.13941958, -0.322114125, 0.573711344, -0.752956401, 0.455688477, -0.603149414, -0.654418945, -0.829964775, -0.553659543, -0.0672328638, 1, 1, 
66.5101807, 0.1, 0.1, 0.124689211, 0.214660181, -0.0199712021, 0.752271449, -0.658853297, -1.96289354e-005, 0.658853296, 0.752271446, 8.06583513e-005, -3.83757331e-005, -7.36095636e-005, 0.999999997, 0.752271175, -0.65885361, -1.96801828e-005, 0.658853609, 0.752271172, 8.17957113e-005, -3.90865655e-005, -7.44989153e-005, 0.999999996, 0, 0, 0, 0, 0, 0, 0, 0.139874121, -0.0868714355, -0.154522827, -0.535450102, 0.836905993, -0.113131021, -0.352416992, -0.0997314453, 0.930541992, 0.76752881, 0.538056948, 0.348526618, 0, 0, 0, 0, 0, 0, 0, 0.229719727, -0.0458047852, -0.13941958, -0.322114125, 0.573711344, -0.752956401, 0.455688477, -0.603149414, -0.654418945, -0.829964775, -0.553659543, -0.0672328638, 1, 1, 
66.5110378, 0.1, 0.1, 0.124689215, 0.214660183, -0.0199661923, 0.752272784, -0.658851772, -1.29617049e-005, 0.65885177, 0.752272783, -6.42886869e-005, 5.21074532e-005, 3.98227873e-005, 0.999999998, 0.75227253, -0.658852062, -1.6903355e-005, 0.658852061, 0.75227253, -5.30920486e-005, 4.76957354e-005, 2.88028795e-005, 0.999999998, 0, 0, 0, 0, 0, 0, 0, 0.139874121, -0.0868714355, -0.154522827, -0.535450102, 0.836905993, -0.113131021, -0.352416992, -0.0997314453, 0.930541992, 0.76752881, 0.538056948, 0.348526618, 0, 0, 0, 0, 0, 0, 0, 0.229719727, -0.0458047852, -0.13941958, -0.322114125, 0.573711344, -0.752956401, 0.455688477, -0.603149414, -0.654418945, -0.829964775, -0.553659543, -0.0672328638, 1, 1, 
66.5119617, 0.1, 0.1, 0.124689212, 0.21466018, -0.0199590027, 0.752273945, -0.658850447, 2.1220129e-005, 0.658850444, 0.752273945, 6.11940927e-005, -5.62811055e-005, -3.20538301e-005, 0.999999998, 0.752273743, -0.658850678, 1.82742666e-005, 0.658850676, 0.752273742, 5.99064386e-005, -5.32166486e-005, -3.30260279e-005, 0.999999998, 0, 0, 0, 0, 0, 0, 0, 0.140744751, -0.0888983154, -0.153213159, -0.535869092, 0.836519203, -0.113689675, -0.352294922, -0.0991210938, 0.930541992, 0.767224396, 0.538736169, 0.348120732, 0, 0, 0, 0, 0, 0, 0, 0.230287646, -0.0475930664, -0.138343164, -0.324471428, 0.571544706, -0.753576169, 0.458740234, -0.60168457, -0.653686523, -0.827389455, -0.557569547, -0.0671752614, 1, 1, 
66.5128088, 0.1, 0.1, 0.124689213, 0.214660185, -0.0199540539, 0.752275084, -0.658849145, -4.6731505e-005, 0.658849144, 0.752275085, -4.81233097e-005, 6.68609483e-005, 5.41295473e-006, 0.999999998, 0.752274821, -0.658849447, -2.87546845e-005, 0.658849445, 0.752274821, -5.96342913e-005, 6.0921445e-005, 2.59163678e-005, 0.999999998, 0, 0, 0, 0, 0, 0, 0, 0.140744751, -0.0888983154, -0.153213159, -0.535869092, 0.836519203, -0.113689675, -0.352294922, -0.0991210938, 0.930541992, 0.767224396, 0.538736169, 0.348120732, 0, 0, 0, 0, 0, 0, 0, 0.230287646, -0.0475930664, -0.138343164, -0.324471428, 0.571544706, -0.753576169, 0.458740234, -0.60168457, -0.653686523, -0.827389455, -0.557569547, -0.0671752614, 1, 1, 
66.5136836, 0.1, 0.1, 0.124689214, 0.214660178, -0.0199525598, 0.752276817, -0.658847166, 5.7270766e-005, 0.658847166, 0.752276819, 2.80346328e-005, -6.1554008e-005, 1.66428775e-005, 0.999999998, 0.752276386, -0.65884766, 2.45891377e-005, 0.658847658, 0.752276386, 5.39729441e-005, -5.40577755e-005, -2.44020755e-005, 0.999999998, 0, 0, 0, 0, 0, 0, 0, 0.140744751, -0.0888983154, -0.153213159, -0.535869092, 0.836519203, -0.113689675, -0.352294922, -0.0991210938, 0.930541992, 0.767224396, 0.538736169, 0.348120732, 0, 0, 0, 0, 0, 0, 0, 0.230287646, -0.0475930664, -0.138343164, -0.324471428, 0.571544706, -0.753576169, 0.458740234, -0.60168457, -0.653686523, -0.827389455, -0.557569547, -0.0671752614, 1, 1, 
66.5145418, 0.1, 0.1, 0.124689215, 0.214660182, -0.0199544565, 0.752279036, -0.658844631, -6.84393879e-005, 0.658844632, 0.752279038, -1.44604769e-005, 6.10127245e-005, -3.42126097e-005, 0.999999998, 0.752278572, -0.658845162, -5.22948397e-005, 0.658845162, 0.752278573, -2.25298212e-005, 5.4183951e-005, -1.75055004e-005, 0.999999998, 0, 0, 0, 0, 0, 0, 0, 0.140744751, -0.0888983154, -0.153213159, -0.535869092, 0.836519203, -0.113689675, -0.352294922, -0.0991210938, 0.930541992, 0.767224396, 0.538736169, 0.348120732, 0, 0, 0, 0, 0, 0, 0, 0.230287646, -0.0475930664, -0.138343164, -0.324471428, 0.571544706, -0.753576169, 0.458740234, -0.60168457, -0.653686523, -0.827389455, -0.557569547, -0.0671752614, 1, 1, 
66.5153941, 0.1, 0.1, 0.124689211, 0.214660181, -0.0199591224, 0.752281268, -0.658842082, 6.47832298e-005, 0.658842083, 0.75228127, 1.4946947e-005, -5.85828881e-005, 3.14376098e-005, 0.999999998, 0.752280861, -0.658842548, 5.87026211e-005, 0.658842548, 0.752280863, 9.53190439e-006, -5.04408826e-005, 3.15051152e-005, 0.999999998, 0, 0, 0, 0, 0, 0, 0, 0.140744751, -0.0888983154, -0.153213159, -0.535869092, 0.836519203, -0.113689675, -0.352294922, -0.0991210938, 0.930541992, 0.767224396, 0.538736169, 0.348120732, 0, 0, 0, 0, 0, 0, 0, 0.230287646, -0.0475930664, -0.138343164, -0.324471428, 0.571544706, -0.753576169, 0.458740234, -0.60168457, -0.653686523, -0.827389455, -0.557569547, -0.0671752614, 1, 1, 
66.5162992, 0.1, 0.1, 0.124689213, 0.214660179, -0.0199648055, 0.752283065, -0.658840033, -3.74133872e-005, 0.658840032, 0.752283066, -2.46094927e-005, 4.43591766e-005, -6.13613262e-006, 0.999999999, 0.752282745, -0.658840398, -4.26526673e-005, 0.658840398, 0.752282746, -6.97990999e-006, 3.66855124e-005, -2.28504345e-005, 0.999999999, 0, 0, 0, 0, 0, 0, 0, 0.140744751, -0.0888983154, -0.153213159, -0.537277709, 0.835973654, -0.110866449, -0.349243164, -0.100830078, 0.931518555, 0.767694682, 0.539193352, 0.346437658, 0, 0, 0, 0, 0, 0, 0, 0.230287646, -0.0475930664, -0.138343164, -0.324471428, 0.571544706, -0.753576169, 0.458740234, -0.60168457, -0.653686523, -0.827389455, -0.557569547, -0.0671752614, 1, 1, 
66.5172401, 0.1, 0.1, 0.124689205, 0.214660181, -0.0199677988, 0.752284094, -0.658838858, 3.40783223e-005, 0.658838857, 0.752284095, 3.81069111e-005, -5.07428936e-005, -6.21510024e-006, 0.999999999, 0.752283973, -0.658838995, 4.81269488e-005, 0.658838995, 0.752283974, 1.69501742e-005, -4.73725681e-005, 1.89565662e-005, 0.999999999, 0, 0, 0, 0, 0, 0, 0, 0.141343921, -0.0907107422, -0.152627515, -0.537277709, 0.835973654, -0.110866449, -0.349243164, -0.100830078, 0.931518555, 0.767694682, 0.539193352, 0.346437658, 0, 0, 0, 0, 0, 0, 0, 0.230504639, -0.0491449219, -0.137819531, -0.328809436, 0.569646389, -0.753051916, 0.460327148, -0.599609375, -0.654541016, -0.824654088, -0.561696835, -0.0651562769, 1, 1, 
66.5180896, 0.1, 0.1, 0.124689206, 0.214660182, -0.0199681601, 0.752284389, -0.658838522, -1.0987504e-005, 0.658838521, 0.752284389, -4.57376922e-005, 3.83994812e-005, 2.71687609e-005, 0.999999999, 0.752284367, -0.658838547, -1.38402112e-005, 0.658838546, 0.752284367, -3.4223757e-005, 3.29597049e-005, 1.66275328e-005, 0.999999999, 0, 0, 0, 0, 0, 0, 0, 0.141343921, -0.0907107422, -0.152627515, -0.537277709, 0.835973654, -0.110866449, -0.349243164, -0.100830078, 0.931518555, 0.767694682, 0.539193352, 0.346437658, 0, 0, 0, 0, 0, 0, 0, 0.230504639, -0.0491449219, -0.137819531, -0.328809436, 0.569646389, -0.753051916, 0.460327148, -0.599609375, -0.654541016, -0.824654088, -0.561696835, -0.0651562769, 1, 1, 
66.5189743, 0.1, 0.1, 0.124689203, 0.214660178, -0.0199661513, 0.752284443, -0.658838461, 1.50934605e-005, 0.658838459, 0.752284442, 5.22797276e-005, -4.57984707e-005, -2.93850735e-005, 0.999999999, 0.752284432, -0.658838473, 1.27646615e-005, 0.658838471, 0.752284432, 5.10136783e-005, -4.321243e-005, -2.99669459e-005, 0.999999999, 0, 0, 0, 0, 0, 0, 0, 0.141343921, -0.0907107422, -0.152627515, -0.537277709, 0.835973654, -0.110866449, -0.349243164, -0.100830078, 0.931518555, 0.767694682, 0.539193352, 0.346437658, 0, 0, 0, 0, 0, 0, 0, 0.230504639, -0.0491449219, -0.137819531, -0.328809436, 0.569646389, -0.753051916, 0.460327148, -0.599609375, -0.654541016, -0.824654088, -0.561696835, -0.0651562769, 1, 1, 
66.5198253, 0.1, 0.1, 0.124689205, 0.214660182, -0.0199631087, 0.752284665, -0.658838206, -4.0120977e-005, 0.658838205, 0.752284666, -3.65091564e-005, 5.42360229e-005, 1.03204603e-006, 0.999999999, 0.752284583, -0.6588383, -2.5498706e-005, 0.658838299, 0.752284583, -4.55507863e-005, 4.9192886e-005, 1.74676302e-005, 0.999999999, 0, 0, 0, 0, 0, 0, 0, 0.141343921, -0.0907107422, -0.152627515, -0.537277709, 0.835973654, -0.110866449, -0.349243164, -0.100830078, 0.931518555, 0.767694682, 0.539193352, 0.346437658, 0, 0, 0, 0, 0, 0, 0, 0.230504639, -0.0491449219, -0.137819531, -0.328809436, 0.569646389, -0.753051916, 0.460327148, -0.599609375, -0.654541016, -0.824654088, -0.561696835, -0.0651562769, 1, 1, 
