time, realDorsalTactorPos, realVentralTactorPos, boxPosX, boxPosY, boxPosZ, boxLocalRot_11, boxLocalRot_12, boxLocalRot_13, boxLocalRot_21, boxLocalRot_22, boxLocalRot_23, boxLocalRot_31, boxLocalRot_32, boxLocalRot_33, boxGlobalRot_11, boxGlobalRot_12, boxGlobalRot_13, boxGlobalRot_21, boxGlobalRot_22, boxGlobalRot_23, boxGlobalRot_31, boxGlobalRot_32, boxGlobalRot_33, indexForceX, indexForceY, indexForceZ, indexForceGlobalX, indexForceGlobalY, indexForceGlobalZ, indexContact, indexPosX, indexPosY, indexPosZ, indexRot_11, indexRot_12, indexRot_13, indexRot_21, indexRot_22, indexRot_23, indexRot_31, indexRot_32, indexRot_33, thumbForceX, thumbForceY, thumbForceZ, thumbForceGlobalX, thumbForceGlobalY, thumbForceGlobalZ, thumbContact, thumbPosX, thumbPosY, thumbPosZ, thumbRot_11, thumbRot_12, thumbRot_13, thumbRot_21, thumbRot_22, thumbRot_23, thumbRot_31, thumbRot_32, thumbRot_33, mapping, trialSuccess, 
53.3034016, 0.1, 0.1, 0.110505509, 0.197134775, -0.019959095, 0.930442681, -0.366437447, -0.000117679422, 0.366437449, 0.930442688, -4.9985525e-006, 0.000111325614, -3.84712805e-005, 0.999999993, 0.93044293, -0.366436822, -9.52976163e-005, 0.366436826, 0.930442933, 2.22594305e-005, 8.05123187e-005, -5.56316858e-005, 0.999999995, 0, 0, 0, 0, 0, 0, 0, 0.0692740967, -0.0781173584, -0.18592002, -0.486458195, 0.866661085, -0.110102966, -0.334838867, -0.068359375, 0.939819336, 0.806857781, 0.494165561, 0.323946594, 0, 0, 0, 0, 0, 0, 0, 0.172916211, -0.0328301758, -0.162140625, -0.335857362, 0.658527424, -0.673198378, 0.250732422, -0.626708984, -0.737670898, -0.908246184, -0.415865168, 0.0451131175, 5, 1, 
53.3121938, 0.1, 0.1, 0.110505523, 0.197134839, -0.0199556994, 0.930414057, -0.366510139, -3.18553736e-005, 0.36651014, 0.930414055, 5.48691263e-005, 9.5285962e-006, -6.27263239e-005, 0.999999998, 0.930414558, -0.366508867, -2.56398122e-005, 0.366508868, 0.930414558, 2.15025554e-005, 1.59747773e-005, -2.94035091e-005, 0.999999999, 0, 0, 0, 0, 0, 0, 0, 0.0695128662, -0.0828747559, -0.185738232, -0.482083324, 0.870065808, -0.102012966, -0.328857422, -0.0716552734, 0.941650391, 0.811850098, 0.487570302, 0.32118216, 0, 0, 0, 0, 0, 0, 0, 0.173301514, -0.0375276855, -0.161385449, -0.3408855, 0.656597025, -0.672552724, 0.252563477, -0.625366211, -0.73815918, -0.90595158, -0.420855027, 0.0471448618, 5, 1, 
53.3131458, 0.1, 0.1, 0.110505528, 0.197134832, -0.0199515143, 0.930411642, -0.36651627, -2.8474732e-005, 0.366516268, 0.930411641, -5.56510796e-005, 4.68902483e-005, 4.13419599e-005, 0.999999998, 0.930412092, -0.366515128, -2.77280118e-005, 0.366515127, 0.930412092, -2.8096656e-005, 3.60963269e-005, 1.59787327e-005, 0.999999999, 0, 0, 0, 0, 0, 0, 0, 0.0695818359, -0.0843952148, -0.185619458, -0.480832344, 0.871004138, -0.0996147221, -0.326782227, -0.0725097656, 0.942260742, 0.813505842, 0.485691398, 0.319937172, 0, 0, 0, 0, 0, 0, 0, 0.173301514, -0.0375276855, -0.161385449, -0.34344113, 0.656277297, -0.671613227, 0.252319336, -0.624633789, -0.738891602, -0.904992761, -0.422484287, 0.0487165194, 5, 1, 
53.3139932, 0.1, 0.1, 0.110505522, 0.19713483, -0.0199511898, 0.930409723, -0.366521137, 5.23859191e-005, 0.366521136, 0.930409725, 4.06340584e-005, -6.36336099e-005, -1.86057765e-005, 0.999999998, 0.930410082, -0.366520228, 4.8253808e-005, 0.366520226, 0.930410083, 4.22311733e-005, -6.03744088e-005, -2.16063128e-005, 0.999999998, 0, 0, 0, 0, 0, 0, 0, 0.0695818359, -0.0843952148, -0.185619458, -0.480832344, 0.871004138, -0.0996147221, -0.326782227, -0.0725097656, 0.942260742, 0.813505842, 0.485691398, 0.319937172, 0, 0, 0, 0, 0, 0, 0, 0.173599072, -0.0391458008, -0.161290234, -0.34344113, 0.656277297, -0.671613227, 0.252319336, -0.624633789, -0.738891602, -0.904992761, -0.422484287, 0.0487165194, 5, 1, 
53.3148419, 0.1, 0.1, 0.110505527, 0.19713483, -0.0199551021, 0.930408131, -0.366525177, -7.00201086e-005, 0.366525175, 0.930408133, -3.57172147e-005, 7.8238537e-005, 7.56745441e-006, 0.999999997, 0.930408444, -0.366524382, -6.66817828e-005, 0.366524382, 0.930408446, -1.53853166e-005, 6.76803876e-005, -1.01258707e-005, 0.999999998, 0, 0, 0, 0, 0, 0, 0, 0.0695818359, -0.0843952148, -0.185619458, -0.480832344, 0.871004138, -0.0996147221, -0.326782227, -0.0725097656, 0.942260742, 0.813505842, 0.485691398, 0.319937172, 0, 0, 0, 0, 0, 0, 0, 0.173599072, -0.0391458008, -0.161290234, -0.34344113, 0.656277297, -0.671613227, 0.252319336, -0.624633789, -0.738891602, -0.904992761, -0.422484287, 0.0487165194, 5, 1, 
53.3157479, 0.1, 0.1, 0.110505529, 0.197134831, -0.0199611469, 0.930406652, -0.366528936, 3.41076459e-005, 0.366528936, 0.930406653, 1.08219374e-006, -3.2130636e-005, 1.14945589e-005, 0.999999999, 0.930406898, -0.366528313, 2.72192319e-005, 0.366528313, 0.930406898, -2.63688975e-007, -2.52283116e-005, 1.02219572e-005, 1, 0, 0, 0, 0, 0, 0, 0, 0.0695818359, -0.0843952148, -0.185619458, -0.480832344, 0.871004138, -0.0996147221, -0.326782227, -0.0725097656, 0.942260742, 0.813505842, 0.485691398, 0.319937172, 0, 0, 0, 0, 0, 0, 0, 0.173599072, -0.0391458008, -0.161290234, -0.34344113, 0.656277297, -0.671613227, 0.252319336, -0.624633789, -0.738891602, -0.904992761, -0.422484287, 0.0487165194, 5, 1, 
53.3165916, 0.1, 0.1, 0.110505534, 0.19713483, -0.0199668426, 0.930405479, -0.366531912, -5.01072768e-005, 0.366531911, 0.93040548, -2.19665412e-005, 5.46715233e-005, 2.07187437e-006, 0.999999999, 0.930405708, -0.366531329, -5.06405208e-005, 0.366531329, 0.93040571, -8.46327044e-006, 5.02182835e-005, -1.06870623e-005, 0.999999999, 0, 0, 0, 0, 0, 0, 0, 0.0695818359, -0.0843952148, -0.185619458, -0.480832344, 0.871004138, -0.0996147221, -0.326782227, -0.0725097656, 0.942260742, 0.813505842, 0.485691398, 0.319937172, 0, 0, 0, 0, 0, 0, 0, 0.173599072, -0.0391458008, -0.161290234, -0.34344113, 0.656277297, -0.671613227, 0.252319336, -0.624633789, -0.738891602, -0.904992761, -0.422484287, 0.0487165194, 5, 1, 
53.3174581, 0.1, 0.1, 0.110505534, 0.197134829, -0.0199708091, 0.930404417, -0.36653461, 3.33437747e-005, 0.36653461, 0.930404417, 6.63130904e-006, -3.34537996e-005, 6.05184824e-006, 0.999999999, 0.930404622, -0.366534089, 2.61035789e-005, 0.366534089, 0.930404622, 4.74275952e-006, -2.60252735e-005, 5.15516615e-006, 1, 0, 0, 0, 0, 0, 0, 0, 0.0695818359, -0.0843952148, -0.185619458, -0.480832344, 0.871004138, -0.0996147221, -0.326782227, -0.0725097656, 0.942260742, 0.813505842, 0.485691398, 0.319937172, 0, 0, 0, 0, 0, 0, 0, 0.173599072, -0.0391458008, -0.161290234, -0.34344113, 0.656277297, -0.671613227, 0.252319336, -0.624633789, -0.738891602, -0.904992761, -0.422484287, 0.0487165194, 5, 1, 
53.3183856, 0.1, 0.1, 0.110505535, 0.197134828, -0.0199704181, 0.930403425, -0.366537127, -3.18887241e-005, 0.366537127, 0.930403426, -1.15304291e-005, 3.38957085e-005, -9.60450585e-007, 0.999999999, 0.930403592, -0.366536705, -2.71092899e-005, 0.366536704, 0.930403592, -2.00256811e-005, 3.25627279e-005, 8.69541581e-006, 0.999999999, 0, 0, 0, 0, 0, 0, 0, 0.0695277832, -0.0865412109, -0.185360693, -0.477683365, 0.872874807, -0.098771872, -0.324462891, -0.0706787109, 0.943237305, 0.816220483, 0.48267609, 0.317455431, 0, 0, 0, 0, 0, 0, 0, 0.173732715, -0.0411681641, -0.161207959, -0.344789308, 0.656008974, -0.671127254, 0.250366211, -0.62512207, -0.739135742, -0.905011717, -0.422267004, 0.0510997087, 5, 1, 
53.3192582, 0.1, 0.1, 0.110505529, 0.197134824, -0.0199669815, 0.9304027, -0.366538965, 5.7642777e-005, 0.366538965, 0.930402702, 1.13237221e-005, -5.77815808e-005, 1.05927022e-005, 0.999999998, 0.930402819, -0.366538662, 5.35905397e-005, 0.366538662, 0.930402821, 1.16101892e-005, -5.41163725e-005, 8.84085196e-006, 0.999999998, 0, 0, 0, 0, 0, 0, 0, 0.0695277832, -0.0865412109, -0.185360693, -0.477683365, 0.872874807, -0.098771872, -0.324462891, -0.0706787109, 0.943237305, 0.816220483, 0.48267609, 0.317455431, 0, 0, 0, 0, 0, 0, 0, 0.173732715, -0.0411681641, -0.161207959, -0.344789308, 0.656008974, -0.671127254, 0.250366211, -0.62512207, -0.739135742, -0.905011717, -0.422267004, 0.0510997087, 5, 1, 
53.3201595, 0.1, 0.1, 0.11050553, 0.197134823, -0.0199617924, 0.930402079, -0.366540544, -3.56042113e-005, 0.366540543, 0.930402079, -2.81875179e-005, 4.34581004e-005, 1.31753383e-005, 0.999999999, 0.930402223, -0.366540177, -3.78268406e-005, 0.366540177, 0.930402224, -7.91086839e-006, 3.80938278e-005, -6.50476735e-006, 0.999999999, 0, 0, 0, 0, 0, 0, 0, 0.0695277832, -0.0865412109, -0.185360693, -0.477683365, 0.872874807, -0.098771872, -0.324462891, -0.0706787109, 0.943237305, 0.816220483, 0.48267609, 0.317455431, 0, 0, 0, 0, 0, 0, 0, 0.173732715, -0.0411681641, -0.161207959, -0.344789308, 0.656008974, -0.671127254, 0.250366211, -0.62512207, -0.739135742, -0.905011717, -0.422267004, 0.0510997087, 5, 1, 
53.3210568, 0.1, 0.1, 0.110505525, 0.197134816, -0.0199561751, 0.930401414, -0.366542231, 4.79740253e-005, 0.366542228, 0.930401414, 5.84168259e-005, -6.60473347e-005, -3.67665913e-005, 0.999999997, 0.930401528, -0.366541941, 4.3195733e-005, 0.366541939, 0.930401528, 6.10925988e-005, -6.25823757e-005, -4.10075995e-005, 0.999999997, 0, 0, 0, 0, 0, 0, 0, 0.0694974121, -0.0886742676, -0.185084961, -0.474096299, 0.875030794, -0.0975864155, -0.321899414, -0.0688476563, 0.944213867, 0.819360105, 0.479121225, 0.314795835, 0, 0, 0, 0, 0, 0, 0, 0.173656299, -0.0431687988, -0.160690918, -0.345869162, 0.655945175, -0.670737163, 0.248291016, -0.625610352, -0.739379883, -0.905247957, -0.421659996, 0.053227335, 5, 1, 
53.3219026, 0.1, 0.1, 0.110505527, 0.19713482, -0.0199538489, 0.930401017, -0.366543237, -5.58094084e-005, 0.366543236, 0.930401018, -3.87024828e-005, 6.61112637e-005, 1.55522682e-005, 0.999999998, 0.930401064, -0.366543119, -4.09457208e-005, 0.366543117, 0.930401064, -5.30994298e-005, 5.75591729e-005, 3.43953939e-005, 0.999999998, 0, 0, 0, 0, 0, 0, 0, 0.0694974121, -0.0886742676, -0.185084961, -0.474096299, 0.875030794, -0.0975864155, -0.321899414, -0.0688476563, 0.944213867, 0.819360105, 0.479121225, 0.314795835, 0, 0, 0, 0, 0, 0, 0, 0.173656299, -0.0431687988, -0.160690918, -0.345869162, 0.655945175, -0.670737163, 0.248291016, -0.625610352, -0.739379883, -0.905247957, -0.421659996, 0.053227335, 5, 1, 
53.3228145, 0.1, 0.1, 0.110505525, 0.197134814, -0.0199544934, 0.930401061, -0.366543124, 6.36974754e-005, 0.366543126, 0.930401062, -6.74455849e-006, -5.67920272e-005, 2.96230161e-005, 0.999999998, 0.930401009, -0.366543258, 4.38525231e-005, 0.366543258, 0.93040101, 2.76759133e-005, -5.09448513e-005, -9.67585099e-006, 0.999999999, 0, 0, 0, 0, 0, 0, 0, 0.0694974121, -0.0886742676, -0.185084961, -0.474096299, 0.875030794, -0.0975864155, -0.321899414, -0.0688476563, 0.944213867, 0.819360105, 0.479121225, 0.314795835, 0, 0, 0, 0, 0, 0, 0, 0.173656299, -0.0431687988, -0.160690918, -0.345869162, 0.655945175, -0.670737163, 0.248291016, -0.625610352, -0.739379883, -0.905247957, -0.421659996, 0.053227335, 5, 1, 
53.3236588, 0.1, 0.1, 0.110505527, 0.197134818, -0.0199575247, 0.930401479, -0.366542062, -6.25665725e-005, 0.366542063, 0.930401481, -1.27333182e-006, 5.86787614e-005, -2.17485707e-005, 0.999999998, 0.930401376, -0.366542327, -5.04322173e-005, 0.366542327, 0.930401377, -1.4516964e-005, 5.22432862e-005, -4.97893898e-006, 0.999999999, 0, 0, 0, 0, 0, 0, 0, 0.0694974121, -0.0886742676, -0.185084961, -0.474096299, 0.875030794, -0.0975864155, -0.321899414, -0.0688476563, 0.944213867, 0.819360105, 0.479121225, 0.314795835, 0, 0, 0, 0, 0, 0, 0, 0.173656299, -0.0431687988, -0.160690918, -0.345869162, 0.655945175, -0.670737163, 0.248291016, -0.625610352, -0.739379883, -0.905247957, -0.421659996, 0.053227335, 5, 1, 
53.3245332, 0.1, 0.1, 0.110505524, 0.197134818, -0.0199620146, 0.930402033, -0.366540658, 6.04381482e-005, 0.366540659, 0.930402034, -1.05316583e-005, -5.23714951e-005, 3.1951715e-005, 0.999999998, 0.930401935, -0.366540906, 5.4210933e-005, 0.366540908, 0.930401936, -1.46109676e-005, -4.50824397e-005, 3.34645971e-005, 0.999999998, 0, 0, 0, 0, 0, 0, 0, 0.0694974121, -0.0886742676, -0.185084961, -0.474096299, 0.875030794, -0.0975864155, -0.321899414, -0.0688476563, 0.944213867, 0.819360105, 0.479121225, 0.314795835, 0, 0, 0, 0, 0, 0, 0, 0.173656299, -0.0431687988, -0.160690918, -0.345869162, 0.655945175, -0.670737163, 0.248291016, -0.625610352, -0.739379883, -0.905247957, -0.421659996, 0.053227335, 5, 1, 
53.3254327, 0.1, 0.1, 0.110505527, 0.197134815, -0.019966091, 0.930402388, -0.366539759, -4.86543032e-005, 0.366539759, 0.930402389, -4.76285617e-006, 4.70138561e-005, -1.34023638e-005, 0.999999999, 0.930402348, -0.36653986, -4.83620467e-005, 0.366539861, 0.930402349, 9.50650348e-006, 4.15116494e-005, -2.6571491e-005, 0.999999999, 0, 0, 0, 0, 0, 0, 0, 0.0700217773, -0.0904282227, -0.184665576, -0.47261729, 0.875721998, -0.0981068772, -0.322143555, -0.0679931641, 0.944213867, 0.820114589, 0.478023014, 0.314631084, 0, 0, 0, 0, 0, 0, 0, 0.173853174, -0.045279541, -0.160072461, -0.346405808, 0.654686316, -0.671638014, 0.249267578, -0.626342773, -0.738525391, -0.90481339, -0.422528763, 0.0536236226, 5, 1, 
53.3262876, 0.1, 0.1, 0.110505524, 0.197134815, -0.0199681665, 0.930402405, -0.366539717, 2.94186079e-005, 0.366539717, 0.930402405, 3.00018382e-005, -3.83680088e-005, -1.71306942e-005, 0.999999999, 0.930402429, -0.366539656, 3.41285885e-005, 0.366539656, 0.930402429, 5.20829337e-006, -3.36623677e-005, 7.6636723e-006, 0.999999999, 0, 0, 0, 0, 0, 0, 0, 0.0700217773, -0.0904282227, -0.184665576, -0.47261729, 0.875721998, -0.0981068772, -0.322143555, -0.0679931641, 0.944213867, 0.820114589, 0.478023014, 0.314631084, 0, 0, 0, 0, 0, 0, 0, 0.173853174, -0.045279541, -0.160072461, -0.346405808, 0.654686316, -0.671638014, 0.249267578, -0.626342773, -0.738525391, -0.90481339, -0.422528763, 0.0536236226, 5, 1, 
53.3271488, 0.1, 0.1, 0.110505528, 0.197134813, -0.0199681141, 0.930402149, -0.366540367, -3.3591609e-005, 0.366540366, 0.930402149, -3.45589627e-005, 4.39209601e-005, 1.98410525e-005, 0.999999999, 0.930402214, -0.3665402, -3.45479621e-005, 0.366540199, 0.930402215, -2.31365151e-005, 4.06239633e-005, 8.86304794e-006, 0.999999999, 0, 0, 0, 0, 0, 0, 0, 0.0700217773, -0.0904282227, -0.184665576, -0.47261729, 0.875721998, -0.0981068772, -0.322143555, -0.0679931641, 0.944213867, 0.820114589, 0.478023014, 0.314631084, 0, 0, 0, 0, 0, 0, 0, 0.173853174, -0.045279541, -0.160072461, -0.346405808, 0.654686316, -0.671638014, 0.249267578, -0.626342773, -0.738525391, -0.90481339, -0.422528763, 0.0536236226, 5, 1, 
53.3280025, 0.1, 0.1, 0.110505525, 0.197134808, -0.0199661367, 0.930401805, -0.36654124, 3.29566434e-005, 0.366541238, 0.930401805, 4.5801482e-005, -4.74510525e-005, -3.05338126e-005, 0.999999998, 0.930401867, -0.366541082, 2.80138724e-005, 0.36654108, 0.930401867, 4.52403269e-005, -4.26465975e-005, -3.18234496e-005, 0.999999999, 0, 0, 0, 0, 0, 0, 0, 0.0700217773, -0.0904282227, -0.184665576, -0.47261729, 0.875721998, -0.0981068772, -0.322143555, -0.0679931641, 0.944213867, 0.820114589, 0.478023014, 0.314631084, 0, 0, 0, 0, 0, 0, 0, 0.173853174, -0.045279541, -0.160072461, -0.346405808, 0.654686316, -0.671638014, 0.249267578, -0.626342773, -0.738525391, -0.90481339, -0.422528763, 0.0536236226, 5, 1, 
53.3288598, 0.1, 0.1, 0.110505527, 0.197134809, -0.0199631476, 0.93040162, -0.366541709, -4.22867836e-005, 0.366541709, 0.930401621, -1.76686844e-005, 4.58200018e-005, 9.39102677e-007, 0.999999999, 0.930401634, -0.366541675, -3.12116613e-005, 0.366541674, 0.930401634, -3.19569297e-005, 4.07529272e-005, 1.8292405e-005, 0.999999999, 0, 0, 0, 0, 0, 0, 0, 0.0700217773, -0.0904282227, -0.184665576, -0.47261729, 0.875721998, -0.0981068772, -0.322143555, -0.0679931641, 0.944213867, 0.820114589, 0.478023014, 0.314631084, 0, 0, 0, 0, 0, 0, 0, 0.173853174, -0.045279541, -0.160072461, -0.346405808, 0.654686316, -0.671638014, 0.249267578, -0.626342773, -0.738525391, -0.90481339, -0.422528763, 0.0536236226, 5, 1, 
53.3296984, 0.1, 0.1, 0.110505525, 0.197134801, -0.0199603324, 0.930401755, -0.366541363, 5.36885379e-005, 0.366541363, 0.930401757, 9.74745219e-006, -5.35247544e-005, 1.06100233e-005, 0.999999999, 0.930401698, -0.36654151, 3.80920131e-005, 0.366541509, 0.930401699, 3.72724502e-005, -4.91027738e-005, -2.0716047e-005, 0.999999999, 0, 0, 0, 0, 0, 0, 0, 0.0700217773, -0.0904282227, -0.184665576, -0.47261729, 0.875721998, -0.0981068772, -0.322143555, -0.0679931641, 0.944213867, 0.820114589, 0.478023014, 0.314631084, 0, 0, 0, 0, 0, 0, 0, 0.173853174, -0.045279541, -0.160072461, -0.346405808, 0.654686316, -0.671638014, 0.249267578, -0.626342773, -0.738525391, -0.90481339, -0.422528763, 0.0536236226, 5, 1, 
53.3305944, 0.1, 0.1, 0.110505529, 0.197134802, -0.0199579996, 0.930402245, -0.366540118, -7.06861553e-005, 0.36654012, 0.930402247, 1.03411828e-005, 6.19760994e-005, -3.55307716e-005, 0.999999997, 0.930402134, -0.366540402, -6.11500601e-005, 0.366540402, 0.930402135, -1.05382385e-006, 5.72804156e-005, -2.14334877e-005, 0.999999998, 0, 0, 0, 0, 0, 0, 0, 0.0704967041, -0.0919745605, -0.183979614, -0.472077732, 0.876089692, -0.0978084544, -0.322387695, -0.0682373047, 0.944091797, 0.820399907, 0.477223225, 0.314954594, 0, 0, 0, 0, 0, 0, 0, 0.174276953, -0.0465246582, -0.159259814, -0.347153174, 0.653631615, -0.672321947, 0.252441406, -0.625610352, -0.738037109, -0.903541772, -0.425339956, 0.0519560831, 5, 1, 
53.3314437, 0.1, 0.1, 0.110505525, 0.197134801, -0.019957566, 0.930402814, -0.366538675, 6.57713181e-005, 0.366538676, 0.930402815, -8.43642547e-006, -5.81015433e-005, 3.19570059e-005, 0.999999998, 0.93040271, -0.366538938, 5.86816772e-005, 0.36653894, 0.930402712, -1.15917562e-005, -5.03487616e-005, 3.22941211e-005, 0.999999998, 0, 0, 0, 0, 0, 0, 0, 0.0704967041, -0.0919745605, -0.183979614, -0.472077732, 0.876089692, -0.0978084544, -0.322387695, -0.0682373047, 0.944091797, 0.820399907, 0.477223225, 0.314954594, 0, 0, 0, 0, 0, 0, 0, 0.174276953, -0.0465246582, -0.159259814, -0.347153174, 0.653631615, -0.672321947, 0.252441406, -0.625610352, -0.738037109, -0.903541772, -0.425339956, 0.0519560831, 5, 1, 
53.3323122, 0.1, 0.1, 0.110505529, 0.197134797, -0.0199589155, 0.930403184, -0.366537736, -5.1939713e-005, 0.366537736, 0.930403186, -9.91578477e-006, 5.19593838e-005, -9.81218707e-006, 0.999999999, 0.930403142, -0.366537843, -5.30245624e-005, 0.366537844, 0.930403143, 9.26786162e-006, 4.59371976e-005, -2.80583563e-005, 0.999999999, 0, 0, 0, 0, 0, 0, 0, 0.0704967041, -0.0919745605, -0.183979614, -0.472077732, 0.876089692, -0.0978084544, -0.322387695, -0.0682373047, 0.944091797, 0.820399907, 0.477223225, 0.314954594, 0, 0, 0, 0, 0, 0, 0, 0.174276953, -0.0465246582, -0.159259814, -0.347153174, 0.653631615, -0.672321947, 0.252441406, -0.625610352, -0.738037109, -0.903541772, -0.425339956, 0.0519560831, 5, 1, 
53.3331885, 0.1, 0.1, 0.110505522, 0.1971348, -0.019961302, 0.930403157, -0.366537804, 5.22800983e-005, 0.366537803, 0.930403159, 2.98861256e-005, -5.95959634e-005, -8.64351319e-006, 0.999999998, 0.930403196, -0.366537706, 5.77430026e-005, 0.366537707, 0.930403197, 6.28980972e-007, -5.39548194e-005, 2.05797818e-005, 0.999999998, 0, 0, 0, 0, 0, 0, 0, 0.0704967041, -0.0919745605, -0.183979614, -0.472077732, 0.876089692, -0.0978084544, -0.322387695, -0.0682373047, 0.944091797, 0.820399907, 0.477223225, 0.314954594, 0, 0, 0, 0, 0, 0, 0, 0.174296582, -0.0474251953, -0.15929165, -0.350584135, 0.654238256, -0.669900112, 0.252075195, -0.623291016, -0.740112305, -0.902429468, -0.427608307, 0.0534380553, 5, 1, 
53.3340646, 0.1, 0.1, 0.110505523, 0.197134799, -0.0199637803, 0.930402789, -0.366538743, -2.93488122e-005, 0.366538741, 0.930402789, -4.86493615e-005, 4.51380925e-005, 3.4506025e-005, 0.999999998, 0.93040288, -0.366538511, -2.76628248e-005, 0.366538511, 0.93040288, -3.46666288e-005, 3.84442264e-005, 2.21144407e-005, 0.999999999, 0, 0, 0, 0, 0, 0, 0, 0.0704967041, -0.0919745605, -0.183979614, -0.472077732, 0.876089692, -0.0978084544, -0.322387695, -0.0682373047, 0.944091797, 0.820399907, 0.477223225, 0.314954594, 0, 0, 0, 0, 0, 0, 0, 0.174296582, -0.0474251953, -0.15929165, -0.350584135, 0.654238256, -0.669900112, 0.252075195, -0.623291016, -0.740112305, -0.902429468, -0.427608307, 0.0534380553, 5, 1, 
53.3350011, 0.1, 0.1, 0.110505519, 0.197134796, -0.0199651952, 0.930402305, -0.36653997, 3.30955919e-005, 0.366539969, 0.930402305, 3.82596853e-005, -4.48159189e-005, -2.34660422e-005, 0.999999999, 0.930402431, -0.36653965, 2.68617084e-005, 0.366539649, 0.930402432, 3.49748676e-005, -3.78118746e-005, -2.26948207e-005, 0.999999999, 0, 0, 0, 0, 0, 0, 0, 0.0704967041, -0.0919745605, -0.183979614, -0.470928224, 0.877192773, -0.0931254208, -0.319458008, -0.0710449219, 0.944946289, 0.822195314, 0.474823859, 0.314089283, 0, 0, 0, 0, 0, 0, 0, 0.174296582, -0.0474251953, -0.15929165, -0.350584135, 0.654238256, -0.669900112, 0.252075195, -0.623291016, -0.740112305, -0.902429468, -0.427608307, 0.0534380553, 5, 1, 
53.3358717, 0.1, 0.1, 0.110505522, 0.197134798, -0.0199645319, 0.93040202, -0.366540692, -4.59915414e-005, 0.366540692, 0.930402021, -1.85343201e-005, 4.95842056e-005, 3.86597515e-007, 0.999999999, 0.930402054, -0.366540606, -3.36397331e-005, 0.366540605, 0.930402055, -3.42634748e-005, 4.38574317e-005, 1.95484792e-005, 0.999999999, 0, 0, 0, 0, 0, 0, 0, 0.0707841553, -0.092818457, -0.18374292, -0.470928224, 0.877192773, -0.0931254208, -0.319458008, -0.0710449219, 0.944946289, 0.822195314, 0.474823859, 0.314089283, 0, 0, 0, 0, 0, 0, 0, 0.174296582, -0.0474251953, -0.15929165, -0.350584135, 0.654238256, -0.669900112, 0.252075195, -0.623291016, -0.740112305, -0.902429468, -0.427608307, 0.0534380553, 5, 1, 
53.3367199, 0.1, 0.1, 0.110505522, 0.19713479, -0.0199631435, 0.930402076, -0.36654055, 4.26521239e-005, 0.36654055, 0.930402077, 1.39505039e-005, -4.479705e-005, 2.65415516e-006, 0.999999999, 0.930402035, -0.366540655, 2.78365836e-005, 0.366540654, 0.930402035, 3.8914294e-005, -4.01628849e-005, -2.60026987e-005, 0.999999999, 0, 0, 0, 0, 0, 0, 0, 0.0707841553, -0.092818457, -0.18374292, -0.470928224, 0.877192773, -0.0931254208, -0.319458008, -0.0710449219, 0.944946289, 0.822195314, 0.474823859, 0.314089283, 0, 0, 0, 0, 0, 0, 0, 0.174296582, -0.0474251953, -0.15929165, -0.350584135, 0.654238256, -0.669900112, 0.252075195, -0.623291016, -0.740112305, -0.902429468, -0.427608307, 0.0534380553, 5, 1, 
53.3376178, 0.1, 0.1, 0.110505527, 0.197134788, -0.0199614073, 0.930402463, -0.366539564, -6.88115848e-005, 0.366539567, 0.930402464, 2.2856281e-005, 5.56447368e-005, -4.64877086e-005, 0.999999997, 0.93040236, -0.366539828, -5.92162086e-005, 0.366539829, 0.930402361, 1.08432795e-005, 5.11204065e-005, -3.17937118e-005, 0.999999998, 0, 0, 0, 0, 0, 0, 0, 0.0708720459, -0.0940993164, -0.183977002, -0.46934063, 0.878498797, -0.0888553862, -0.315917969, -0.0729980469, 0.945922852, 0.824415702, 0.472145167, 0.312177056, 0, 0, 0, 0, 0, 0, 0, 0.174296582, -0.0474251953, -0.15929165, -0.353261167, 0.654416894, -0.668219446, 0.251464844, -0.621948242, -0.741455078, -0.901483408, -0.42930793, 0.0549648702, 5, 1, 
53.3384772, 0.1, 0.1, 0.110505524, 0.197134785, -0.0199597879, 0.930402935, -0.366538367, 5.74439496e-005, 0.366538368, 0.930402937, -3.7395013e-006, -5.20753487e-005, 2.45346545e-005, 0.999999998, 0.93040285, -0.366538585, 5.16915777e-005, 0.366538586, 0.930402851, -4.51358002e-006, -4.643959e-005, 2.31464055e-005, 0.999999999, 0, 0, 0, 0, 0, 0, 0, 0.0708720459, -0.0940993164, -0.183977002, -0.46934063, 0.878498797, -0.0888553862, -0.315917969, -0.0729980469, 0.945922852, 0.824415702, 0.472145167, 0.312177056, 0, 0, 0, 0, 0, 0, 0, 0.174362598, -0.048565332, -0.159371582, -0.353261167, 0.654416894, -0.668219446, 0.251464844, -0.621948242, -0.741455078, -0.901483408, -0.42930793, 0.0549648702, 5, 1, 
53.3393288, 0.1, 0.1, 0.110505529, 0.197134783, -0.0199594882, 0.930403229, -0.366537624, -5.32758875e-005, 0.366537623, 0.93040323, -1.78824354e-005, 5.61226432e-005, -2.88974154e-006, 0.999999998, 0.930403199, -0.366537698, -5.52512553e-005, 0.366537698, 0.930403201, 2.70836633e-006, 5.04132264e-005, -2.27715406e-005, 0.999999998, 0, 0, 0, 0, 0, 0, 0, 0.0708720459, -0.0940993164, -0.183977002, -0.46934063, 0.878498797, -0.0888553862, -0.315917969, -0.0729980469, 0.945922852, 0.824415702, 0.472145167, 0.312177056, 0, 0, 0, 0, 0, 0, 0, 0.174362598, -0.048565332, -0.159371582, -0.353261167, 0.654416894, -0.668219446, 0.251464844, -0.621948242, -0.741455078, -0.901483408, -0.42930793, 0.0549648702, 5, 1, 
53.3402228, 0.1, 0.1, 0.110505521, 0.197134788, -0.0199599789, 0.930403125, -0.366537886, 5.64307867e-005, 0.366537885, 0.930403127, 1.98459056e-005, -5.97776567e-005, 2.21932862e-006, 0.999999998, 0.930403178, -0.366537749, 6.25063847e-005, 0.366537751, 0.93040318, -9.87215251e-006, -5.45376225e-005, 3.20960317e-005, 0.999999998, 0, 0, 0, 0, 0, 0, 0, 0.0708720459, -0.0940993164, -0.183977002, -0.46934063, 0.878498797, -0.0888553862, -0.315917969, -0.0729980469, 0.945922852, 0.824415702, 0.472145167, 0.312177056, 0, 0, 0, 0, 0, 0, 0, 0.174362598, -0.048565332, -0.159371582, -0.353261167, 0.654416894, -0.668219446, 0.251464844, -0.621948242, -0.741455078, -0.901483408, -0.42930793, 0.0549648702, 5, 1, 
53.3410783, 0.1, 0.1, 0.110505528, 0.197134775, -0.019961188, 0.930402614, -0.366539183, -6.30078595e-005, 0.366539184, 0.930402615, 2.24866501e-005, 5.03804388e-005, -4.40164875e-005, 0.999999998, 0.930402743, -0.366538854, -6.42206478e-005, 0.366538857, 0.930402743, 4.77536061e-005, 4.22475148e-005, -6.79694489e-005, 0.999999997, 0, 0, 0, 0, 0, 0, 0, 0.0708720459, -0.0940993164, -0.183977002, -0.46934063, 0.878498797, -0.0888553862, -0.315917969, -0.0729980469, 0.945922852, 0.824415702, 0.472145167, 0.312177056, 0, 0, 0, 0, 0, 0, 0, 0.174362598, -0.048565332, -0.159371582, -0.353261167, 0.654416894, -0.668219446, 0.251464844, -0.621948242, -0.741455078, -0.901483408, -0.42930793, 0.0549648702, 5, 1, 
53.3419351, 0.1, 0.1, 0.110505521, 0.197134786, -0.0199628762, 0.93040181, -0.36654122, 7.38765999e-005, 0.366541224, 0.930401809, -6.43345079e-005, -4.51536732e-005, 8.6935762e-005, 0.999999995, 0.930401984, -0.36654078, 6.85430478e-005, 0.366540785, 0.930401982, -6.87042611e-005, -3.85896741e-005, 8.90464034e-005, 0.999999995, 0, 0, 0, 0, 0, 0, 0, 0.0708720459, -0.0940993164, -0.183977002, -0.46934063, 0.878498797, -0.0888553862, -0.315917969, -0.0729980469, 0.945922852, 0.824415702, 0.472145167, 0.312177056, 0, 0, 0, 0, 0, 0, 0, 0.174362598, -0.048565332, -0.159371582, -0.353261167, 0.654416894, -0.668219446, 0.251464844, -0.621948242, -0.741455078, -0.901483408, -0.42930793, 0.0549648702, 5, 1, 
53.34283, 0.1, 0.1, 0.110505523, 0.197134785, -0.0199640212, 0.930400937, -0.366543439, -6.33995318e-005, 0.366543442, 0.930400937, 4.17773047e-005, 4.36737868e-005, -6.21083261e-005, 0.999999997, 0.930401098, -0.366543031, -5.42981797e-005, 0.366543033, 0.930401099, 2.96260861e-005, 3.96598506e-005, -4.74667625e-005, 0.999999998, 0, 0, 0, 0, 0, 0, 0, 0.0711480225, -0.0949527344, -0.183771558, -0.468388073, 0.879398935, -0.0848193731, -0.313842773, -0.0758056641, 0.946411133, 0.825747935, 0.470025128, 0.31190859, 0, 0, 0, 0, 0, 0, 0, 0.174425439, -0.0494858887, -0.159241943, -0.35609788, 0.654806251, -0.666436702, 0.251953125, -0.619750977, -0.743041992, -0.900185903, -0.431844603, 0.0555204724, 5, 1, 
53.3436775, 0.1, 0.1, 0.110505521, 0.197134781, -0.019964389, 0.930400323, -0.366544998, 6.27481485e-005, 0.366545001, 0.930400323, -3.56032934e-005, -4.53306885e-005, 5.61253357e-005, 0.999999997, 0.930400413, -0.366544771, 4.95915825e-005, 0.366544772, 0.930400414, -1.20288759e-005, -4.17309073e-005, 2.93692064e-005, 0.999999999, 0, 0, 0, 0, 0, 0, 0, 0.0711480225, -0.0949527344, -0.183771558, -0.468388073, 0.879398935, -0.0848193731, -0.313842773, -0.0758056641, 0.946411133, 0.825747935, 0.470025128, 0.31190859, 0, 0, 0, 0, 0, 0, 0, 0.174425439, -0.0494858887, -0.159241943, -0.35609788, 0.654806251, -0.666436702, 0.251953125, -0.619750977, -0.743041992, -0.900185903, -0.431844603, 0.0555204724, 5, 1, 
53.3445413, 0.1, 0.1, 0.11050552, 0.197134788, -0.0199639874, 0.930400057, -0.366545675, -5.30835014e-005, 0.366545676, 0.930400058, 1.50486484e-005, 4.38728758e-005, -3.34587913e-005, 0.999999998, 0.930400071, -0.36654564, -3.36540828e-005, 0.366545639, 0.930400072, -2.48080592e-005, 4.0405047e-005, 1.07456627e-005, 0.999999999, 0, 0, 0, 0, 0, 0, 0, 0.0711480225, -0.0949527344, -0.183771558, -0.468388073, 0.879398935, -0.0848193731, -0.313842773, -0.0758056641, 0.946411133, 0.825747935, 0.470025128, 0.31190859, 0, 0, 0, 0, 0, 0, 0, 0.174425439, -0.0494858887, -0.159241943, -0.35609788, 0.654806251, -0.666436702, 0.251953125, -0.619750977, -0.743041992, -0.900185903, -0.431844603, 0.0555204724, 5, 1, 
53.3453955, 0.1, 0.1, 0.110505521, 0.197134773, -0.0199632703, 0.93040023, -0.366545237, 4.18335259e-005, 0.366545236, 0.93040023, 3.82265473e-005, -5.2933681e-005, -2.02321088e-005, 0.999999998, 0.930400164, -0.366545404, 2.44080413e-005, 0.366545402, 0.930400163, 6.69750589e-005, -4.72586456e-005, -5.33669505e-005, 0.999999997, 0, 0, 0, 0, 0, 0, 0, 0.0711480225, -0.0949527344, -0.183771558, -0.468388073, 0.879398935, -0.0848193731, -0.313842773, -0.0758056641, 0.946411133, 0.825747935, 0.470025128, 0.31190859, 0, 0, 0, 0, 0, 0, 0, 0.174425439, -0.0494858887, -0.159241943, -0.35609788, 0.654806251, -0.666436702, 0.251953125, -0.619750977, -0.743041992, -0.900185903, -0.431844603, 0.0555204724, 5, 1, 
53.3462638, 0.1, 0.1, 0.110505518, 0.197134785, -0.0199623397, 0.930400809, -0.366543769, -2.8608443e-005, 0.366543767, 0.930400808, -5.81149708e-005, 4.79189989e-005, 4.35839693e-005, 0.999999998, 0.930400669, -0.366544123, -1.55260787e-005, 0.366544121, 0.930400667, -7.42560031e-005, 4.16635755e-005, 6.33968421e-005, 0.999999997, 0, 0, 0, 0, 0, 0, 0, 0.0711480225, -0.0949527344, -0.183771558, -0.468388073, 0.879398935, -0.0848193731, -0.313842773, -0.0758056641, 0.946411133, 0.825747935, 0.470025128, 0.31190859, 0, 0, 0, 0, 0, 0, 0, 0.174425439, -0.0494858887, -0.159241943, -0.35609788, 0.654806251, -0.666436702, 0.251953125, -0.619750977, -0.743041992, -0.900185903, -0.431844603, 0.0555204724, 5, 1, 
53.3471381, 0.1, 0.1, 0.110505518, 0.197134772, -0.0199614757, 0.930401646, -0.366541644, 2.61393229e-005, 0.366541641, 0.930401644, 8.16125151e-005, -5.42344545e-005, -6.6351268e-005, 0.999999996, 0.930401452, -0.366542137, 1.69159966e-005, 0.366542135, 0.930401449, 8.521812e-005, -4.69746996e-005, -7.30866371e-005, 0.999999996, 0, 0, 0, 0, 0, 0, 0, 0.0711480225, -0.0949527344, -0.183771558, -0.465550621, 0.880907902, -0.084140152, -0.314086914, -0.0755615234, 0.946411133, 0.827275998, 0.467067109, 0.31229538, 0, 0, 0, 0, 0, 0, 0, 0.174425439, -0.0494858887, -0.159241943, -0.35609788, 0.654806251, -0.666436702, 0.251953125, -0.619750977, -0.743041992, -0.900185903, -0.431844603, 0.0555204724, 5, 1, 
53.3480121, 0.1, 0.1, 0.110505517, 0.197134779, -0.0199605849, 0.930402534, -0.366539389, -1.1756053e-005, 0.366539386, 0.93040253, -9.85728396e-005, 4.70686899e-005, 8.74033634e-005, 0.999999995, 0.930402374, -0.366539797, -1.00159749e-005, 0.366539795, 0.930402371, -8.4107634e-005, 4.01476819e-005, 7.45826889e-005, 0.999999996, 0, 0, 0, 0, 0, 0, 0, 0.071744165, -0.0966705566, -0.183735669, -0.465550621, 0.880907902, -0.084140152, -0.314086914, -0.0755615234, 0.946411133, 0.827275998, 0.467067109, 0.31229538, 0, 0, 0, 0, 0, 0, 0, 0.174887061, -0.0506309082, -0.158839404, -0.356027518, 0.654837968, -0.666475348, 0.254272461, -0.618652344, -0.743164062, -0.899687537, -0.433314182, 0.0535525272, 5, 1, 
53.3488703, 0.1, 0.1, 0.110505514, 0.197134781, -0.0199605563, 0.930403206, -0.366537684, 1.48572299e-005, 0.366537682, 0.930403204, 7.0903273e-005, -3.98119358e-005, -6.0522898e-005, 0.999999997, 0.930403106, -0.366537938, 2.50681758e-005, 0.366537937, 0.930403106, 3.77827478e-005, -3.71723191e-005, -2.59647485e-005, 0.999999999, 0, 0, 0, 0, 0, 0, 0, 0.071744165, -0.0966705566, -0.183735669, -0.465550621, 0.880907902, -0.084140152, -0.314086914, -0.0755615234, 0.946411133, 0.827275998, 0.467067109, 0.31229538, 0, 0, 0, 0, 0, 0, 0, 0.174887061, -0.0506309082, -0.158839404, -0.356027518, 0.654837968, -0.666475348, 0.254272461, -0.618652344, -0.743164062, -0.899687537, -0.433314182, 0.0535525272, 5, 1, 
53.3497562, 0.1, 0.1, 0.110505523, 0.197134773, -0.019961242, 0.930403455, -0.366537049, -4.89491897e-005, 0.366537046, 0.930403456, -5.18044434e-005, 6.45307431e-005, 3.02573418e-005, 0.999999997, 0.930403448, -0.366537064, -6.2512031e-005, 0.366537064, 0.93040345, -3.4149644e-006, 5.94131204e-005, -1.97356817e-005, 0.999999998, 0, 0, 0, 0, 0, 0, 0, 0.0721157227, -0.0981672119, -0.183287842, -0.462732265, 0.882353589, -0.084121056, -0.314453125, -0.0747070313, 0.946289063, 0.828683493, 0.464489887, 0.312415947, 0, 0, 0, 0, 0, 0, 0, 0.174887061, -0.0506309082, -0.158839404, -0.355152187, 0.655042491, -0.666762993, 0.254638672, -0.618774414, -0.743041992, -0.899841022, -0.432924458, 0.0527858381, 5, 1, 
53.3506081, 0.1, 0.1, 0.110505518, 0.197134784, -0.0199620124, 0.930403235, -0.36653761, 3.96001663e-005, 0.36653761, 0.930403235, 3.78215756e-006, -3.82304258e-005, 1.09960187e-005, 0.999999999, 0.930403312, -0.366537414, 4.63137541e-005, 0.366537415, 0.930403312, -3.13706835e-005, -3.1591941e-005, 4.61631116e-005, 0.999999998, 0, 0, 0, 0, 0, 0, 0, 0.0721157227, -0.0981672119, -0.183287842, -0.462732265, 0.882353589, -0.084121056, -0.314453125, -0.0747070313, 0.946289063, 0.828683493, 0.464489887, 0.312415947, 0, 0, 0, 0, 0, 0, 0, 0.17516499, -0.052171875, -0.158204834, -0.355152187, 0.655042491, -0.666762993, 0.254638672, -0.618774414, -0.743041992, -0.899841022, -0.432924458, 0.0527858381, 5, 1, 
53.3514616, 0.1, 0.1, 0.110505528, 0.19713477, -0.0199629792, 0.930402618, -0.366539172, -6.96666474e-005, 0.366539174, 0.930402618, 3.54168686e-005, 5.18363615e-005, -5.84875027e-005, 0.999999997, 0.930402759, -0.366538811, -7.21712915e-005, 0.366538815, 0.930402759, 5.4830575e-005, 4.7050835e-005, -7.7468098e-005, 0.999999996, 0, 0, 0, 0, 0, 0, 0, 0.0721157227, -0.0981672119, -0.183287842, -0.462732265, 0.882353589, -0.084121056, -0.314453125, -0.0747070313, 0.946289063, 0.828683493, 0.464489887, 0.312415947, 0, 0, 0, 0, 0, 0, 0, 0.17516499, -0.052171875, -0.158204834, -0.355152187, 0.655042491, -0.666762993, 0.254638672, -0.618774414, -0.743041992, -0.899841022, -0.432924458, 0.0527858381, 5, 1, 
53.3523293, 0.1, 0.1, 0.110505522, 0.197134777, -0.0199636956, 0.930401751, -0.366541373, 6.82196367e-005, 0.366541376, 0.930401751, -4.25797867e-005, -4.78644159e-005, 6.46216276e-005, 0.999999997, 0.930401931, -0.366540915, 6.29466078e-005, 0.366540918, 0.930401931, -4.78650764e-005, -4.10211366e-005, 6.76062669e-005, 0.999999997, 0, 0, 0, 0, 0, 0, 0, 0.0721157227, -0.0981672119, -0.183287842, -0.462732265, 0.882353589, -0.084121056, -0.314453125, -0.0747070313, 0.946289063, 0.828683493, 0.464489887, 0.312415947, 0, 0, 0, 0, 0, 0, 0, 0.17516499, -0.052171875, -0.158204834, -0.355152187, 0.655042491, -0.666762993, 0.254638672, -0.618774414, -0.743041992, -0.899841022, -0.432924458, 0.0527858381, 5, 1, 
53.3532019, 0.1, 0.1, 0.110505525, 0.197134772, -0.019963809, 0.930400849, -0.366543662, -6.51973774e-005, 0.366543665, 0.930400848, 5.4489609e-005, 4.06868744e-005, -7.45948642e-005, 0.999999996, 0.930401015, -0.366543241, -5.63666093e-005, 0.366543244, 0.930401015, 4.54994329e-005, 3.57660409e-005, -6.29935184e-005, 0.999999997, 0, 0, 0, 0, 0, 0, 0, 0.0721157227, -0.0981672119, -0.183287842, -0.462732265, 0.882353589, -0.084121056, -0.314453125, -0.0747070313, 0.946289063, 0.828683493, 0.464489887, 0.312415947, 0, 0, 0, 0, 0, 0, 0, 0.17516499, -0.052171875, -0.158204834, -0.355152187, 0.655042491, -0.666762993, 0.254638672, -0.618774414, -0.743041992, -0.899841022, -0.432924458, 0.0527858381, 5, 1, 
53.354057, 0.1, 0.1, 0.110505523, 0.197134768, -0.0199634519, 0.930400168, -0.366545392, 6.30695208e-005, 0.366545395, 0.930400168, -4.00218516e-005, -4.40100674e-005, 6.03541799e-005, 0.999999997, 0.930400269, -0.366545136, 4.97881259e-005, 0.366545137, 0.93040027, -1.30780759e-005, -4.15291807e-005, 3.04174408e-005, 0.999999999, 0, 0, 0, 0, 0, 0, 0, 0.0721157227, -0.0981672119, -0.183287842, -0.462732265, 0.882353589, -0.084121056, -0.314453125, -0.0747070313, 0.946289063, 0.828683493, 0.464489887, 0.312415947, 0, 0, 0, 0, 0, 0, 0, 0.17516499, -0.052171875, -0.158204834, -0.355152187, 0.655042491, -0.666762993, 0.254638672, -0.618774414, -0.743041992, -0.899841022, -0.432924458, 0.0527858381, 5, 1, 
53.35496, 0.1, 0.1, 0.110505524, 0.197134777, -0.0199623751, 0.930399871, -0.366546145, -6.36884384e-005, 0.366546146, 0.930399872, 1.02475497e-005, 5.54995152e-005, -3.28790706e-005, 0.999999998, 0.930399887, -0.366546106, -4.12821076e-005, 0.366546105, 0.930399888, -3.50435104e-005, 5.12539306e-005, 1.74726824e-005, 0.999999999, 0, 0, 0, 0, 0, 0, 0, 0.072713208, -0.0996543457, -0.182830493, -0.459875717, 0.884002219, -0.0838990171, -0.314453125, -0.0737304688, 0.946411133, 0.830332123, 0.461633339, 0.312257188, 0, 0, 0, 0, 0, 0, 0, 0.175596582, -0.0535230469, -0.157973291, -0.35540775, 0.65494661, -0.666641592, 0.254638672, -0.618652344, -0.743041992, -0.89974514, -0.433180021, 0.0527985979, 5, 1, 
53.3558194, 0.1, 0.1, 0.110505526, 0.197134764, -0.0199612917, 0.930400055, -0.36654568, 4.00896959e-005, 0.366545679, 0.930400056, 2.65671885e-005, -4.70375435e-005, -1.00234089e-005, 0.999999999, 0.930399982, -0.366545867, 2.03143727e-005, 0.366545865, 0.930399981, 5.90703871e-005, -4.05524982e-005, -4.75129378e-005, 0.999999998, 0, 0, 0, 0, 0, 0, 0, 0.072713208, -0.0996543457, -0.182830493, -0.459875717, 0.884002219, -0.0838990171, -0.314453125, -0.0737304688, 0.946411133, 0.830332123, 0.461633339, 0.312257188, 0, 0, 0, 0, 0, 0, 0, 0.175596582, -0.0535230469, -0.157973291, -0.35540775, 0.65494661, -0.666641592, 0.254638672, -0.618652344, -0.743041992, -0.89974514, -0.433180021, 0.0527985979, 5, 1, 
53.3566715, 0.1, 0.1, 0.110505523, 0.197134779, -0.0199607743, 0.930400646, -0.366544181, -2.65342667e-005, 0.366544179, 0.930400645, -6.92400705e-005, 5.00670438e-005, 5.46950253e-005, 0.999999997, 0.930400508, -0.366544532, -1.40387448e-005, 0.36654453, 0.930400505, -8.66754434e-005, 4.48320651e-005, 7.54970515e-005, 0.999999996, 0, 0, 0, 0, 0, 0, 0, 0.072713208, -0.0996543457, -0.182830493, -0.459875717, 0.884002219, -0.0838990171, -0.314453125, -0.0737304688, 0.946411133, 0.830332123, 0.461633339, 0.312257188, 0, 0, 0, 0, 0, 0, 0, 0.175596582, -0.0535230469, -0.157973291, -0.35540775, 0.65494661, -0.666641592, 0.254638672, -0.618652344, -0.743041992, -0.89974514, -0.433180021, 0.0527985979, 5, 1, 
53.3575518, 0.1, 0.1, 0.110505523, 0.197134765, -0.019960742, 0.93040153, -0.366541938, 2.4238294e-005, 0.366541935, 0.930401527, 9.15718354e-005, -5.61162637e-005, -7.63142246e-005, 0.999999996, 0.93040135, -0.366542396, 1.66131328e-005, 0.366542393, 0.930401346, 9.26226494e-005, -4.9407009e-005, -8.00868205e-005, 0.999999996, 0, 0, 0, 0, 0, 0, 0, 0.072713208, -0.0996543457, -0.182830493, -0.459875717, 0.884002219, -0.0838990171, -0.314453125, -0.0737304688, 0.946411133, 0.830332123, 0.461633339, 0.312257188, 0, 0, 0, 0, 0, 0, 0, 0.175596582, -0.0535230469, -0.157973291, -0.35540775, 0.65494661, -0.666641592, 0.254638672, -0.618652344, -0.743041992, -0.89974514, -0.433180021, 0.0527985979, 5, 1, 
