time, realDorsalTactorPos, realVentralTactorPos, boxPosX, boxPosY, boxPosZ, boxLocalRot_11, boxLocalRot_12, boxLocalRot_13, boxLocalRot_21, boxLocalRot_22, boxLocalRot_23, boxLocalRot_31, boxLocalRot_32, boxLocalRot_33, boxGlobalRot_11, boxGlobalRot_12, boxGlobalRot_13, boxGlobalRot_21, boxGlobalRot_22, boxGlobalRot_23, boxGlobalRot_31, boxGlobalRot_32, boxGlobalRot_33, indexForceX, indexForceY, indexForceZ, indexForceGlobalX, indexForceGlobalY, indexForceGlobalZ, indexContact, indexPosX, indexPosY, indexPosZ, indexRot_11, indexRot_12, indexRot_13, indexRot_21, indexRot_22, indexRot_23, indexRot_31, indexRot_32, indexRot_33, thumbForceX, thumbForceY, thumbForceZ, thumbForceGlobalX, thumbForceGlobalY, thumbForceGlobalZ, thumbContact, thumbPosX, thumbPosY, thumbPosZ, thumbRot_11, thumbRot_12, thumbRot_13, thumbRot_21, thumbRot_22, thumbRot_23, thumbRot_31, thumbRot_32, thumbRot_33, mapping, trialSuccess, 
87.2800893, 0.1, 0.1, 0.117777137, 0.202257053, -0.0199562437, 0.811406793, -0.584481836, -5.38823687e-006, 0.584481835, 0.811406792, -4.90951518e-005, 3.30672764e-005, 3.66868131e-005, 0.999999999, 0.811406771, -0.584481866, -5.21200617e-006, 0.584481865, 0.81140677, -4.92992617e-005, 3.30435816e-005, 3.69554317e-005, 0.999999999, 0, 0, 0, 0, 0, 0, 0, 0.11914126, -0.0443730713, -0.20231189, -0.157396499, 0.984882529, 0.0711170112, -0.243774414, -0.108398438, 0.963745117, 0.957059525, 0.134080202, 0.257054261, 0, 0, 0, 0, 0, 0, 0, 0.194170801, -0.0135338867, -0.181353076, -0.398805617, 0.628184878, -0.667932307, 0.478759766, -0.478637695, -0.735839844, -0.782300186, -0.61298778, -0.110093895, 1, 1, 
87.3289938, 0.1, 0.1, 0.117777177, 0.202256665, -0.0199641478, 0.811373478, -0.584528083, 6.42378877e-006, 0.584528083, 0.811373478, -1.81658366e-005, 5.40634982e-006, 1.8494163e-005, 1, 0.811373635, -0.584527863, 4.30575859e-005, 0.584527864, 0.811373635, -2.29536031e-005, -2.15187694e-005, 4.37923071e-005, 0.999999999, 0, 0, 0, 0, 0, 0, 0, 0.119515771, -0.0785718994, -0.195456665, -0.193948646, 0.973568645, 0.119732657, -0.200683594, -0.158691406, 0.966674805, 0.960376978, 0.163309554, 0.226119016, 0, 0, 0, 0, 0, 0, 0, 0.192744287, -0.0459967773, -0.174271338, -0.450604686, 0.60905333, -0.652514304, 0.499145508, -0.434082031, -0.74987793, -0.740243058, -0.663359214, -0.108473398, 1, 1, 
87.329841, 0.1, 0.1, 0.117777182, 0.202256654, -0.0199635859, 0.81137307, -0.584528649, 2.04135042e-005, 0.584528648, 0.81137307, 3.5760707e-005, -3.74661253e-005, -1.70829966e-005, 0.999999999, 0.811373111, -0.584528592, -2.84467079e-006, 0.584528592, 0.81137311, 4.70218984e-005, -2.51775547e-005, -3.98150954e-005, 0.999999999, 0, 0, 0, 0, 0, 0, 0, 0.119515771, -0.0785718994, -0.195456665, -0.193948646, 0.973568645, 0.119732657, -0.200683594, -0.158691406, 0.966674805, 0.960376978, 0.163309554, 0.226119016, 0, 0, 0, 0, 0, 0, 0, 0.192744287, -0.0459967773, -0.174271338, -0.450604686, 0.60905333, -0.652514304, 0.499145508, -0.434082031, -0.74987793, -0.740243058, -0.663359214, -0.108473398, 1, 1, 
87.3307219, 0.1, 0.1, 0.11777718, 0.202256655, -0.0199627161, 0.811373226, -0.584528431, -2.2247912e-005, 0.584528431, 0.811373227, -1.84362254e-005, 2.88278581e-005, 1.95412257e-006, 1, 0.811373149, -0.58452854, -5.64676639e-006, 0.584528539, 0.811373148, -4.11601712e-005, 2.86409294e-005, 3.00955616e-005, 0.999999999, 0, 0, 0, 0, 0, 0, 0, 0.119515771, -0.0785718994, -0.195456665, -0.193948646, 0.973568645, 0.119732657, -0.200683594, -0.158691406, 0.966674805, 0.960376978, 0.163309554, 0.226119016, 0, 0, 0, 0, 0, 0, 0, 0.192744287, -0.0459967773, -0.174271338, -0.450604686, 0.60905333, -0.652514304, 0.499145508, -0.434082031, -0.74987793, -0.740243058, -0.663359214, -0.108473398, 1, 1, 
87.3315823, 0.1, 0.1, 0.117777185, 0.202256639, -0.019961438, 0.811373807, -0.584527626, -7.00292605e-006, 0.584527626, 0.811373807, 2.69098375e-005, -1.00475527e-005, -2.5927341e-005, 1, 0.81137368, -0.584527801, -9.7312717e-006, 0.584527801, 0.811373679, 5.81629173e-005, -2.61021445e-005, -5.28800591e-005, 0.999999998, 0, 0, 0, 0, 0, 0, 0, 0.119515771, -0.0785718994, -0.195456665, -0.193948646, 0.973568645, 0.119732657, -0.200683594, -0.158691406, 0.966674805, 0.960376978, 0.163309554, 0.226119016, 0, 0, 0, 0, 0, 0, 0, 0.192744287, -0.0459967773, -0.174271338, -0.450604686, 0.60905333, -0.652514304, 0.499145508, -0.434082031, -0.74987793, -0.740243058, -0.663359214, -0.108473398, 1, 1, 
87.3324555, 0.1, 0.1, 0.117777184, 0.202256645, -0.0199605988, 0.811374387, -0.58452682, 2.00133687e-005, 0.58452682, 0.811374387, -8.820126e-006, -1.10827346e-005, 1.88547751e-005, 1, 0.811374291, -0.584526954, 1.00055221e-005, 0.584526954, 0.81137429, -4.58854577e-005, 1.87030634e-005, 4.30787781e-005, 0.999999999, 0, 0, 0, 0, 0, 0, 0, 0.119515771, -0.0785718994, -0.195456665, -0.193948646, 0.973568645, 0.119732657, -0.200683594, -0.158691406, 0.966674805, 0.960376978, 0.163309554, 0.226119016, 0, 0, 0, 0, 0, 0, 0, 0.192744287, -0.0459967773, -0.174271338, -0.450604686, 0.60905333, -0.652514304, 0.499145508, -0.434082031, -0.74987793, -0.740243058, -0.663359214, -0.108473398, 1, 1, 
87.3333841, 0.1, 0.1, 0.117777191, 0.202256635, -0.0199600243, 0.811374479, -0.584526692, -3.95060048e-005, 0.584526691, 0.81137448, -2.63991308e-005, 4.74851607e-005, -1.67273334e-006, 0.999999999, 0.811374513, -0.584526644, -4.4714882e-005, 0.584526645, 0.811374514, 9.27045362e-006, 3.08616885e-005, -3.36588498e-005, 0.999999999, 0, 0, 0, 0, 0, 0, 0, 0.119515771, -0.0785718994, -0.195456665, -0.195496926, 0.97313168, 0.120499123, -0.197387695, -0.159423828, 0.967285156, 0.960745793, 0.165232642, 0.223155005, 0, 0, 0, 0, 0, 0, 0, 0.192744287, -0.0459967773, -0.174271338, -0.450604686, 0.60905333, -0.652514304, 0.499145508, -0.434082031, -0.74987793, -0.740243058, -0.663359214, -0.108473398, 1, 1, 
87.3342539, 0.1, 0.1, 0.117777184, 0.202256642, -0.0199595458, 0.811373952, -0.584527423, 3.9549753e-005, 0.584527423, 0.811373953, -1.10900727e-005, -2.56071878e-005, 3.21161113e-005, 0.999999999, 0.811374094, -0.584527225, 5.50086761e-005, 0.584527227, 0.811374093, -3.38811379e-005, -2.48281672e-005, 5.96443465e-005, 0.999999998, 0, 0, 0, 0, 0, 0, 0, 0.119214526, -0.0817137695, -0.194756787, -0.195496926, 0.97313168, 0.120499123, -0.197387695, -0.159423828, 0.967285156, 0.960745793, 0.165232642, 0.223155005, 0, 0, 0, 0, 0, 0, 0, 0.192405566, -0.0488258301, -0.173352979, -0.45285991, 0.607423704, -0.652520501, 0.499511719, -0.433227539, -0.75, -0.738638951, -0.665371636, -0.107246622, 1, 1, 
87.3351005, 0.1, 0.1, 0.117777192, 0.202256635, -0.0199603556, 0.811373035, -0.584528697, -1.6548915e-005, 0.584528698, 0.811373035, 4.00158328e-006, 1.10883031e-005, -1.29200925e-005, 1, 0.811373222, -0.584528436, -4.41182985e-005, 0.584528437, 0.811373222, 1.29769928e-005, 2.82109847e-005, -3.63175845e-005, 0.999999999, 0, 0, 0, 0, 0, 0, 0, 0.119214526, -0.0817137695, -0.194756787, -0.195496926, 0.97313168, 0.120499123, -0.197387695, -0.159423828, 0.967285156, 0.960745793, 0.165232642, 0.223155005, 0, 0, 0, 0, 0, 0, 0, 0.192405566, -0.0488258301, -0.173352979, -0.45285991, 0.607423704, -0.652520501, 0.499511719, -0.433227539, -0.75, -0.738638951, -0.665371636, -0.107246622, 1, 1, 
87.3360242, 0.1, 0.1, 0.117777183, 0.202256634, -0.0199615463, 0.811372097, -0.58453, -1.80710137e-006, 0.58453, 0.811372097, -1.16500395e-005, 8.27602924e-006, 8.39621205e-006, 1, 0.811372285, -0.584529737, 4.29710443e-005, 0.584529738, 0.811372285, -1.85162869e-005, -2.40421941e-005, 4.01414553e-005, 0.999999999, 0, 0, 0, 0, 0, 0, 0, 0.119214526, -0.0817137695, -0.194756787, -0.195496926, 0.97313168, 0.120499123, -0.197387695, -0.159423828, 0.967285156, 0.960745793, 0.165232642, 0.223155005, 0, 0, 0, 0, 0, 0, 0, 0.192405566, -0.0488258301, -0.173352979, -0.454955454, 0.605768557, -0.652686379, 0.499511719, -0.433105469, -0.75012207, -0.737386289, -0.667141254, -0.105668401, 1, 1, 
87.3368684, 0.1, 0.1, 0.117777188, 0.202256621, -0.0199625095, 0.811371701, -0.584530549, 1.74651393e-005, 0.584530548, 0.8113717, 4.70195965e-005, -4.16551104e-005, -2.79414626e-005, 0.999999999, 0.811371737, -0.584530499, -8.01529019e-006, 0.584530499, 0.811371735, 5.84910661e-005, -2.76864321e-005, -5.21431794e-005, 0.999999998, 0, 0, 0, 0, 0, 0, 0, 0.119214526, -0.0817137695, -0.194756787, -0.195496926, 0.97313168, 0.120499123, -0.197387695, -0.159423828, 0.967285156, 0.960745793, 0.165232642, 0.223155005, 0, 0, 0, 0, 0, 0, 0, 0.19207002, -0.051874707, -0.172437793, -0.454955454, 0.605768557, -0.652686379, 0.499511719, -0.433105469, -0.75012207, -0.737386289, -0.667141254, -0.105668401, 1, 1, 
87.337712, 0.1, 0.1, 0.117777185, 0.20225662, -0.0199636683, 0.811371871, -0.584530312, -1.36500791e-005, 0.584530312, 0.811371871, -1.48789812e-005, 1.97725058e-005, 4.0935018e-006, 1, 0.811371802, -0.584530409, -3.28069825e-007, 0.584530409, 0.811371801, -3.32412424e-005, 1.96967036e-005, 2.67792399e-005, 0.999999999, 0, 0, 0, 0, 0, 0, 0, 0.119214526, -0.0817137695, -0.194756787, -0.195496926, 0.97313168, 0.120499123, -0.197387695, -0.159423828, 0.967285156, 0.960745793, 0.165232642, 0.223155005, 0, 0, 0, 0, 0, 0, 0, 0.19207002, -0.051874707, -0.172437793, -0.454955454, 0.605768557, -0.652686379, 0.499511719, -0.433105469, -0.75012207, -0.737386289, -0.667141254, -0.105668401, 1, 1, 
87.3386291, 0.1, 0.1, 0.117777188, 0.202256604, -0.0199638381, 0.811372484, -0.584529462, 5.67967811e-006, 0.584529461, 0.811372484, 2.76567458e-005, -2.07745173e-005, -1.91199834e-005, 1, 0.811372358, -0.584529636, 3.14340827e-006, 0.584529635, 0.811372357, 5.75421803e-005, -3.61855843e-005, -4.48507193e-005, 0.999999998, 0, 0, 0, 0, 0, 0, 0, 0.11910332, -0.0848651611, -0.193574536, -0.197686236, 0.972491773, 0.121944811, -0.194213867, -0.160766602, 0.967651367, 0.960968954, 0.167435056, 0.220577784, 0, 0, 0, 0, 0, 0, 0, 0.19207002, -0.051874707, -0.172437793, -0.454955454, 0.605768557, -0.652686379, 0.499511719, -0.433105469, -0.75012207, -0.737386289, -0.667141254, -0.105668401, 1, 1, 
87.3394721, 0.1, 0.1, 0.117777185, 0.202256608, -0.0199633509, 0.811373054, -0.58452867, 2.25724243e-005, 0.58452867, 0.811373054, -6.56807155e-006, -1.44754307e-005, 1.85233854e-005, 1, 0.811372954, -0.58452881, 1.4942208e-005, 0.58452881, 0.811372953, -3.98301675e-005, 1.1158177e-005, 4.10512717e-005, 0.999999999, 0, 0, 0, 0, 0, 0, 0, 0.11910332, -0.0848651611, -0.193574536, -0.197686236, 0.972491773, 0.121944811, -0.194213867, -0.160766602, 0.967651367, 0.960968954, 0.167435056, 0.220577784, 0, 0, 0, 0, 0, 0, 0, 0.19207002, -0.051874707, -0.172437793, -0.454955454, 0.605768557, -0.652686379, 0.499511719, -0.433105469, -0.75012207, -0.737386289, -0.667141254, -0.105668401, 1, 1, 
87.3403263, 0.1, 0.1, 0.11777719, 0.202256599, -0.0199628555, 0.811373205, -0.58452846, -3.69284414e-005, 0.58452846, 0.811373206, -1.70290508e-005, 3.99167127e-005, -7.76880946e-006, 0.999999999, 0.811373216, -0.584528445, -3.94038589e-005, 0.584528445, 0.811373216, 1.11639942e-005, 2.54455636e-005, -3.20908423e-005, 0.999999999, 0, 0, 0, 0, 0, 0, 0, 0.11910332, -0.0848651611, -0.193574536, -0.197686236, 0.972491773, 0.121944811, -0.194213867, -0.160766602, 0.967651367, 0.960968954, 0.167435056, 0.220577784, 0, 0, 0, 0, 0, 0, 0, 0.19207002, -0.051874707, -0.172437793, -0.454955454, 0.605768557, -0.652686379, 0.499511719, -0.433105469, -0.75012207, -0.737386289, -0.667141254, -0.105668401, 1, 1, 
87.3412552, 0.1, 0.1, 0.117777183, 0.202256606, -0.0199612576, 0.81137273, -0.584529119, 3.67591411e-005, 0.58452912, 0.811372731, -6.98865754e-006, -2.57402909e-005, 2.71571946e-005, 0.999999999, 0.811372854, -0.584528946, 5.3793623e-005, 0.584528948, 0.811372854, -2.79458182e-005, -2.73115458e-005, 5.41184082e-005, 0.999999998, 0, 0, 0, 0, 0, 0, 0, 0.119213623, -0.086738501, -0.192858765, -0.204223086, 0.970438379, 0.127293961, -0.190795898, -0.166992188, 0.967285156, 0.960274002, 0.173198327, 0.219236194, 0, 0, 0, 0, 0, 0, 0, 0.192258203, -0.0537450195, -0.171893408, -0.460545391, 0.602930745, -0.6512168, 0.502075195, -0.428100586, -0.751342773, -0.732082165, -0.672840199, -0.105636685, 1, 1, 
87.3420943, 0.1, 0.1, 0.117777192, 0.202256599, -0.019960359, 0.811371908, -0.584530261, -2.14318971e-005, 0.584530261, 0.811371909, 7.44185814e-007, 1.69542401e-005, -1.31314039e-005, 1, 0.811372078, -0.584530023, -4.81321924e-005, 0.584530024, 0.811372079, 1.08422037e-005, 3.27155234e-005, -3.6931773e-005, 0.999999999, 0, 0, 0, 0, 0, 0, 0, 0.119213623, -0.086738501, -0.192858765, -0.204223086, 0.970438379, 0.127293961, -0.190795898, -0.166992188, 0.967285156, 0.960274002, 0.173198327, 0.219236194, 0, 0, 0, 0, 0, 0, 0, 0.192258203, -0.0537450195, -0.171893408, -0.460545391, 0.602930745, -0.6512168, 0.502075195, -0.428100586, -0.751342773, -0.732082165, -0.672840199, -0.105636685, 1, 1, 
87.3429802, 0.1, 0.1, 0.117777185, 0.2022566, -0.0199603894, 0.81137108, -0.584531411, -1.3907013e-005, 0.58453141, 0.81137108, -1.65604761e-005, 2.09638666e-005, 5.30760544e-006, 1, 0.811371244, -0.584531183, 3.0109622e-005, 0.584531184, 0.811371244, -2.24948055e-005, -1.12811661e-005, 3.58516513e-005, 0.999999999, 0, 0, 0, 0, 0, 0, 0, 0.119213623, -0.086738501, -0.192858765, -0.204223086, 0.970438379, 0.127293961, -0.190795898, -0.166992188, 0.967285156, 0.960274002, 0.173198327, 0.219236194, 0, 0, 0, 0, 0, 0, 0, 0.192258203, -0.0537450195, -0.171893408, -0.460545391, 0.602930745, -0.6512168, 0.502075195, -0.428100586, -0.751342773, -0.732082165, -0.672840199, -0.105636685, 1, 1, 
87.3438236, 0.1, 0.1, 0.117777194, 0.202256588, -0.0199609058, 0.811370752, -0.584531866, 1.01405956e-005, 0.584531865, 0.811370752, 4.06639971e-005, -3.19971848e-005, -2.70660766e-005, 0.999999999, 0.811370773, -0.584531836, -1.70820534e-005, 0.584531836, 0.811370772, 5.3220132e-005, -1.72489826e-005, -5.31662637e-005, 0.999999998, 0, 0, 0, 0, 0, 0, 0, 0.119213623, -0.086738501, -0.192858765, -0.204223086, 0.970438379, 0.127293961, -0.190795898, -0.166992188, 0.967285156, 0.960274002, 0.173198327, 0.219236194, 0, 0, 0, 0, 0, 0, 0, 0.192258203, -0.0537450195, -0.171893408, -0.460545391, 0.602930745, -0.6512168, 0.502075195, -0.428100586, -0.751342773, -0.732082165, -0.672840199, -0.105636685, 1, 1, 
87.3446555, 0.1, 0.1, 0.117777192, 0.20225659, -0.0199623013, 0.811370999, -0.584531523, -1.59680895e-005, 0.584531522, 0.811370999, -2.49506507e-005, 2.75404866e-005, 1.09103827e-005, 1, 0.811370916, -0.584531638, -3.24014711e-006, 0.584531638, 0.811370916, -4.35926318e-005, 2.81102336e-005, 3.34758252e-005, 0.999999999, 0, 0, 0, 0, 0, 0, 0, 0.119213623, -0.086738501, -0.192858765, -0.204223086, 0.970438379, 0.127293961, -0.190795898, -0.166992188, 0.967285156, 0.960274002, 0.173198327, 0.219236194, 0, 0, 0, 0, 0, 0, 0, 0.192258203, -0.0537450195, -0.171893408, -0.460545391, 0.602930745, -0.6512168, 0.502075195, -0.428100586, -0.751342773, -0.732082165, -0.672840199, -0.105636685, 1, 1, 
87.345518, 0.1, 0.1, 0.117777194, 0.202256578, -0.0199639664, 0.811371639, -0.584530635, 4.62256572e-006, 0.584530635, 0.811371639, 1.57516203e-005, -1.29579234e-005, -1.00783867e-005, 1, 0.811371485, -0.584530849, 1.12633505e-006, 0.584530848, 0.811371484, 4.71786006e-005, -2.84912236e-005, -3.76209937e-005, 0.999999999, 0, 0, 0, 0, 0, 0, 0, 0.119213623, -0.086738501, -0.192858765, -0.207313656, 0.969075067, 0.132991708, -0.187011719, -0.172607422, 0.967041016, 0.960269132, 0.175515317, 0.216974248, 0, 0, 0, 0, 0, 0, 0, 0.192258203, -0.0537450195, -0.171893408, -0.460545391, 0.602930745, -0.6512168, 0.502075195, -0.428100586, -0.751342773, -0.732082165, -0.672840199, -0.105636685, 1, 1, 
87.3467663, 0.1, 0.1, 0.117777189, 0.202256588, -0.0199607486, 0.811372521, -0.58452941, 3.29025299e-005, 0.58452941, 0.811372522, 1.33843953e-005, -3.45197814e-005, 8.37276584e-006, 0.999999999, 0.811372349, -0.58452965, 2.10174659e-005, 0.58452965, 0.811372347, -4.74459425e-005, 1.06805695e-005, 5.07816578e-005, 0.999999999, 0, 0, 0, 0, 0, 0, 0, 0.119278906, -0.0890335449, -0.192574463, -0.207313656, 0.969075067, 0.132991708, -0.187011719, -0.172607422, 0.967041016, 0.960269132, 0.175515317, 0.216974248, 0, 0, 0, 0, 0, 0, 0, 0.192262451, -0.055721875, -0.171330957, -0.465145158, 0.601422153, -0.649331977, 0.503662109, -0.423339844, -0.752929687, -0.72802414, -0.677172011, -0.106052295, 1, 1, 
87.348127, 0.1, 0.1, 0.117777205, 0.202256568, -0.0199474026, 0.811372438, -0.584529523, -5.96813181e-005, 0.584529521, 0.81137244, -6.07252655e-005, 8.39194871e-005, 1.43853145e-005, 0.999999996, 0.811372577, -0.584529328, -7.69801301e-005, 0.58452933, 0.811372579, 5.70370164e-006, 5.91255858e-005, -4.9624971e-005, 0.999999997, 0, 0, 0, 0, 0, 0, 0, 0.119278906, -0.0890335449, -0.192574463, -0.207313656, 0.969075067, 0.132991708, -0.187011719, -0.172607422, 0.967041016, 0.960269132, 0.175515317, 0.216974248, 0, 0, 0, 0, 0, 0, 0, 0.192262451, -0.055721875, -0.171330957, -0.465145158, 0.601422153, -0.649331977, 0.503662109, -0.423339844, -0.752929687, -0.72802414, -0.677172011, -0.106052295, 1, 1, 
87.3494915, 0.1, 0.1, 0.117777193, 0.202256559, -0.0199324308, 0.811371394, -0.584530969, 7.87028681e-005, 0.584530968, 0.811371398, 4.50809172e-005, -9.02084484e-005, 9.42689699e-006, 0.999999996, 0.811371575, -0.58453072, 6.69753012e-005, 0.584530716, 0.811371578, 7.60045924e-005, -9.87688749e-005, -2.25188451e-005, 0.999999995, 0, 0, 0, 0, 0, 0, 0, 0.119278906, -0.0890335449, -0.192574463, -0.207313656, 0.969075067, 0.132991708, -0.187011719, -0.172607422, 0.967041016, 0.960269132, 0.175515317, 0.216974248, 0, 0, 0, 0, 0, 0, 0, 0.192262451, -0.055721875, -0.171330957, -0.465145158, 0.601422153, -0.649331977, 0.503662109, -0.423339844, -0.752929687, -0.72802414, -0.677172011, -0.106052295, 1, 1, 
87.3509712, 0.1, 0.1, 0.117777214, 0.202256564, -0.019921592, 0.811370873, -0.584531696, -5.60360236e-005, 0.584531698, 0.811370873, 2.09664496e-005, 3.32104431e-005, -4.97663985e-005, 0.999999998, 0.81137085, -0.584531722, -0.000103839999, 0.584531723, 0.811370855, -2.06145771e-005, 9.63026233e-005, -4.39717068e-005, 0.999999994, 0, 0, 0, 0, 0, 0, 0, 0.119486133, -0.0911048584, -0.191958423, -0.211965611, 0.967617397, 0.1363485, -0.184936523, -0.176635742, 0.966674805, 0.95977001, 0.179577539, 0.216318993, 0, 0, 0, 0, 0, 0, 0, 0.192522656, -0.0579065918, -0.170571387, -0.468888918, 0.599798723, -0.648169, 0.504516602, -0.420532227, -0.75402832, -0.725103572, -0.680411208, -0.105439091, 1, 1, 
87.3523351, 0.1, 0.1, 0.11777718, 0.202256565, -0.0199216999, 0.811372088, -0.584530012, -1.18179405e-005, 0.584530011, 0.811372088, -4.58650581e-005, 3.639825e-005, 3.03056871e-005, 0.999999999, 0.811371767, -0.584530448, 0.000105290561, 0.584530455, 0.811371768, -4.60440819e-005, -5.85156207e-005, 9.89044075e-005, 0.999999993, 0, 0, 0, 0, 0, 0, 0, 0.119486133, -0.0911048584, -0.191958423, -0.211965611, 0.967617397, 0.1363485, -0.184936523, -0.176635742, 0.966674805, 0.95977001, 0.179577539, 0.216318993, 0, 0, 0, 0, 0, 0, 0, 0.192522656, -0.0579065918, -0.170571387, -0.468888918, 0.599798723, -0.648169, 0.504516602, -0.420532227, -0.75402832, -0.725103572, -0.680411208, -0.105439091, 1, 1, 
87.3537708, 0.1, 0.1, 0.117777205, 0.20225653, -0.0199309764, 0.81137518, -0.584525715, 7.32989647e-005, 0.584525712, 0.811375183, 6.44218005e-005, -9.71291599e-005, -9.42512045e-006, 0.999999995, 0.811374457, -0.584526724, -7.99624724e-006, 0.58452672, 0.811374451, 0.000114011905, -6.01550548e-005, -9.7180368e-005, 0.999999993, 0, 0, 0, 0, 0, 0, 0, 0.11954873, -0.0936042236, -0.191167847, -0.215094372, 0.9665907, 0.138810024, -0.182250977, -0.179321289, 0.966796875, 0.959524006, 0.182459175, 0.214693206, 0, 0, 0, 0, 0, 0, 0, 0.192332959, -0.0603111328, -0.170029932, -0.472607159, 0.598149773, -0.647044303, 0.504760742, -0.41796875, -0.755126953, -0.722425807, -0.683407602, -0.104461681, 1, 1, 
87.3546188, 0.1, 0.1, 0.11777719, 0.202256549, -0.0199436523, 0.811378021, -0.584521775, -2.9405109e-005, 0.584521766, 0.811378015, -0.000146971078, 0.000109766455, 0.000102061177, 0.999999989, 0.811377397, -0.584522642, 2.62226387e-005, 0.58452264, 0.811377386, -0.000144300417, 6.30704049e-005, 0.000132409823, 0.999999989, 0, 0, 0, 0, 0, 0, 0, 0.11954873, -0.0936042236, -0.191167847, -0.215094372, 0.9665907, 0.138810024, -0.182250977, -0.179321289, 0.966796875, 0.959524006, 0.182459175, 0.214693206, 0, 0, 0, 0, 0, 0, 0, 0.192332959, -0.0603111328, -0.170029932, -0.472607159, 0.598149773, -0.647044303, 0.504760742, -0.41796875, -0.755126953, -0.722425807, -0.683407602, -0.104461681, 1, 1, 
87.355466, 0.1, 0.1, 0.117777214, 0.202256552, -0.0199616856, 0.811381613, -0.584516785, -7.31081628e-005, 0.584516789, 0.811381612, 5.97748368e-005, 2.43792236e-005, -9.12331521e-005, 0.999999996, 0.811380852, -0.584517837, -0.000107730187, 0.584517842, 0.811380855, 2.38008909e-005, 7.34981659e-005, -8.22818035e-005, 0.999999994, 0, 0, 0, 0, 0, 0, 0, 0.11954873, -0.0936042236, -0.191167847, -0.215094372, 0.9665907, 0.138810024, -0.182250977, -0.179321289, 0.966796875, 0.959524006, 0.182459175, 0.214693206, 0, 0, 0, 0, 0, 0, 0, 0.192332959, -0.0603111328, -0.170029932, -0.472607159, 0.598149773, -0.647044303, 0.504760742, -0.41796875, -0.755126953, -0.722425807, -0.683407602, -0.104461681, 1, 1, 
87.3563076, 0.1, 0.1, 0.1177772, 0.202256529, -0.0199782029, 0.811385685, -0.584511124, 0.000130817522, 0.584511123, 0.811385694, 4.72854804e-005, -0.000133782355, 3.80975346e-005, 0.99999999, 0.811384854, -0.584512282, 0.000103337829, 0.584512277, 0.811384861, 7.67105165e-005, -0.000128684989, -1.83952161e-006, 0.999999992, 0, 0, 0, 0, 0, 0, 0, 0.11954873, -0.0936042236, -0.191167847, -0.215094372, 0.9665907, 0.138810024, -0.182250977, -0.179321289, 0.966796875, 0.959524006, 0.182459175, 0.214693206, 0, 0, 0, 0, 0, 0, 0, 0.192332959, -0.0603111328, -0.170029932, -0.472607159, 0.598149773, -0.647044303, 0.504760742, -0.41796875, -0.755126953, -0.722425807, -0.683407602, -0.104461681, 1, 1, 
87.3571543, 0.1, 0.1, 0.117777169, 0.202256535, -0.019987913, 0.811389978, -0.584505169, 0.000104300259, 0.584505177, 0.811389975, -7.79365617e-005, -3.90738615e-005, 0.000124200987, 0.999999992, 0.811389124, -0.58450635, 0.000126532027, 0.58450636, 0.811389125, -6.0792824e-005, -6.71329189e-005, 0.000123285411, 0.99999999, 0, 0, 0, 0, 0, 0, 0, 0.11954873, -0.0936042236, -0.191167847, -0.215094372, 0.9665907, 0.138810024, -0.182250977, -0.179321289, 0.966796875, 0.959524006, 0.182459175, 0.214693206, 0, 0, 0, 0, 0, 0, 0, 0.192332959, -0.0603111328, -0.170029932, -0.472607159, 0.598149773, -0.647044303, 0.504760742, -0.41796875, -0.755126953, -0.722425807, -0.683407602, -0.104461681, 1, 1, 
87.3580478, 0.1, 0.1, 0.11777717, 0.202256555, -0.0199876921, 0.811394518, -0.584498874, -5.86436697e-005, 0.584498869, 0.811394519, -7.72530598e-005, 9.27374786e-005, 2.84055506e-005, 0.999999995, 0.811393642, -0.584500092, -3.1671572e-005, 0.584500087, 0.81139364, -9.15249203e-005, 7.91944364e-005, 5.57507018e-005, 0.999999995, 0, 0, 0, 0, 0, 0, 0, 0.119582886, -0.0963187744, -0.189794458, -0.218762692, 0.965678579, 0.139495236, -0.181030273, -0.180541992, 0.966796875, 0.958992683, 0.186064215, 0.214337495, 0, 0, 0, 0, 0, 0, 0, 0.192520801, -0.0627537598, -0.168768604, -0.473993249, 0.595868296, -0.648111397, 0.507324219, -0.416625977, -0.754272461, -0.719748409, -0.686224992, -0.104819323, 1, 1, 
87.3588911, 0.1, 0.1, 0.11777719, 0.202256555, -0.0199787769, 0.811398831, -0.584492885, -6.07396476e-005, 0.584492887, 0.811398832, 2.15344051e-005, 3.66973726e-005, -5.29748831e-005, 0.999999998, 0.811397981, -0.584494062, -8.31716826e-005, 0.584494065, 0.811397984, 4.48809765e-006, 6.48620691e-005, -5.22549882e-005, 0.999999997, 0, 0, 0, 0, 0, 0, 0, 0.119582886, -0.0963187744, -0.189794458, -0.218762692, 0.965678579, 0.139495236, -0.181030273, -0.180541992, 0.966796875, 0.958992683, 0.186064215, 0.214337495, 0, 0, 0, 0, 0, 0, 0, 0.192520801, -0.0627537598, -0.168768604, -0.473993249, 0.595868296, -0.648111397, 0.507324219, -0.416625977, -0.754272461, -0.719748409, -0.686224992, -0.104819323, 1, 1, 
87.35973, 0.1, 0.1, 0.117777187, 0.202256549, -0.019965544, 0.811403095, -0.584486969, 3.13989095e-005, 0.584486969, 0.811403095, -9.84128145e-006, -1.97250715e-005, 2.63374997e-005, 0.999999999, 0.811402263, -0.584488122, 4.17182689e-005, 0.584488123, 0.811402264, 1.39400205e-006, -3.46650755e-005, 2.32527363e-005, 0.999999999, 0, 0, 0, 0, 0, 0, 0, 0.119582886, -0.0963187744, -0.189794458, -0.218762692, 0.965678579, 0.139495236, -0.181030273, -0.180541992, 0.966796875, 0.958992683, 0.186064215, 0.214337495, 0, 0, 0, 0, 0, 0, 0, 0.192520801, -0.0627537598, -0.168768604, -0.473993249, 0.595868296, -0.648111397, 0.507324219, -0.416625977, -0.754272461, -0.719748409, -0.686224992, -0.104819323, 1, 1, 
87.3605682, 0.1, 0.1, 0.11777719, 0.202256546, -0.0199530966, 0.811407187, -0.584481289, 1.328832e-005, 0.584481289, 0.811407187, -6.02591169e-006, -7.2602057e-006, 1.26562424e-005, 1, 0.811406389, -0.584482397, -3.6211251e-006, 0.584482397, 0.811406388, 1.30513033e-005, -4.69005302e-006, -1.27063948e-005, 1, 0, 0, 0, 0, 0, 0, 0, 0.119582886, -0.0963187744, -0.189794458, -0.218762692, 0.965678579, 0.139495236, -0.181030273, -0.180541992, 0.966796875, 0.958992683, 0.186064215, 0.214337495, 0, 0, 0, 0, 0, 0, 0, 0.192520801, -0.0627537598, -0.168768604, -0.473993249, 0.595868296, -0.648111397, 0.507324219, -0.416625977, -0.754272461, -0.719748409, -0.686224992, -0.104819323, 1, 1, 
87.3614075, 0.1, 0.1, 0.117777191, 0.20225654, -0.0199455026, 0.811410999, -0.584475997, -1.26086173e-005, 0.584475997, 0.811410998, 2.41474272e-005, -3.88282079e-006, -2.69629222e-005, 1, 0.811410291, -0.58447698, -4.99733071e-006, 0.58447698, 0.81141029, 4.3065078e-005, -2.11156612e-005, -3.78642722e-005, 0.999999999, 0, 0, 0, 0, 0, 0, 0, 0.119582886, -0.0963187744, -0.189794458, -0.218762692, 0.965678579, 0.139495236, -0.181030273, -0.180541992, 0.966796875, 0.958992683, 0.186064215, 0.214337495, 0, 0, 0, 0, 0, 0, 0, 0.192520801, -0.0627537598, -0.168768604, -0.473993249, 0.595868296, -0.648111397, 0.507324219, -0.416625977, -0.754272461, -0.719748409, -0.686224992, -0.104819323, 1, 1, 
87.3622418, 0.1, 0.1, 0.117777196, 0.202256539, -0.0199448686, 0.811414327, -0.584471376, 1.07473238e-005, 0.584471375, 0.811414327, 4.92835707e-005, -3.75253688e-005, -3.37078922e-005, 0.999999999, 0.811413668, -0.58447229, -2.32796178e-005, 0.584472291, 0.811413668, 1.52267105e-005, 9.9898097e-006, -2.59614526e-005, 1, 0, 0, 0, 0, 0, 0, 0, 0.119582886, -0.0963187744, -0.189794458, -0.218762692, 0.965678579, 0.139495236, -0.181030273, -0.180541992, 0.966796875, 0.958992683, 0.186064215, 0.214337495, 0, 0, 0, 0, 0, 0, 0, 0.192520801, -0.0627537598, -0.168768604, -0.473993249, 0.595868296, -0.648111397, 0.507324219, -0.416625977, -0.754272461, -0.719748409, -0.686224992, -0.104819323, 1, 1, 
87.3631211, 0.1, 0.1, 0.11777719, 0.202256533, -0.0199503751, 0.811417905, -0.584466408, -4.21897884e-005, 0.584466408, 0.811417906, -1.60227152e-005, 4.35982885e-005, -1.16573961e-005, 0.999999999, 0.811417227, -0.584467351, 1.75576847e-005, 0.584467351, 0.811417227, -6.62186899e-006, -1.03763416e-005, 1.5634992e-005, 1, 0, 0, 0, 0, 0, 0, 0, 0.120285425, -0.0990319824, -0.188663965, -0.222450107, 0.964785554, 0.13979965, -0.179931641, -0.181518555, 0.966796875, 0.958340793, 0.189789822, 0.213918505, 0, 0, 0, 0, 0, 0, 0, 0.192663232, -0.0655493652, -0.167638721, -0.475590426, 0.594539075, -0.648213476, 0.507568359, -0.416381836, -0.754272461, -0.718566109, -0.687592125, -0.10384811, 1, 1, 
87.3639623, 0.1, 0.1, 0.117777204, 0.202256539, -0.0199597861, 0.811420846, -0.584462325, -1.37727315e-005, 0.584462325, 0.811420846, -1.91828047e-005, 2.23871081e-005, 7.51568492e-006, 1, 0.811420323, -0.584463051, -4.00340124e-005, 0.584463049, 0.811420324, -4.83643442e-005, 6.07515834e-005, 1.58454109e-005, 0.999999998, 0, 0, 0, 0, 0, 0, 0, 0.120285425, -0.0990319824, -0.188663965, -0.222450107, 0.964785554, 0.13979965, -0.179931641, -0.181518555, 0.966796875, 0.958340793, 0.189789822, 0.213918505, 0, 0, 0, 0, 0, 0, 0, 0.192663232, -0.0655493652, -0.167638721, -0.475590426, 0.594539075, -0.648213476, 0.507568359, -0.416381836, -0.754272461, -0.718566109, -0.687592125, -0.10384811, 1, 1, 
87.3648033, 0.1, 0.1, 0.117777192, 0.202256526, -0.0199693902, 0.811423291, -0.584458927, 7.525421e-005, 0.584458927, 0.811423294, 2.77264817e-005, -7.72680087e-005, 2.14850818e-005, 0.999999997, 0.811422799, -0.58445961, 6.81275959e-005, 0.584459608, 0.811422802, 5.38441592e-005, -8.67500211e-005, -3.87255035e-006, 0.999999996, 0, 0, 0, 0, 0, 0, 0, 0.120285425, -0.0990319824, -0.188663965, -0.222450107, 0.964785554, 0.13979965, -0.179931641, -0.181518555, 0.966796875, 0.958340793, 0.189789822, 0.213918505, 0, 0, 0, 0, 0, 0, 0, 0.192663232, -0.0655493652, -0.167638721, -0.475590426, 0.594539075, -0.648213476, 0.507568359, -0.416381836, -0.754272461, -0.718566109, -0.687592125, -0.10384811, 1, 1, 
87.3656409, 0.1, 0.1, 0.117777192, 0.202256529, -0.0199760019, 0.811425905, -0.5844553, -5.66580872e-005, 0.5844553, 0.811425907, -2.62183952e-005, 6.12973198e-005, -1.18398343e-005, 0.999999998, 0.811425362, -0.584456055, -2.84089645e-005, 0.584456054, 0.811425363, -3.62003074e-005, 4.42092432e-005, 1.27700563e-005, 0.999999999, 0, 0, 0, 0, 0, 0, 0, 0.120285425, -0.0990319824, -0.188663965, -0.222450107, 0.964785554, 0.13979965, -0.179931641, -0.181518555, 0.966796875, 0.958340793, 0.189789822, 0.213918505, 0, 0, 0, 0, 0, 0, 0, 0.192663232, -0.0655493652, -0.167638721, -0.475590426, 0.594539075, -0.648213476, 0.507568359, -0.416381836, -0.754272461, -0.718566109, -0.687592125, -0.10384811, 1, 1, 
87.3664795, 0.1, 0.1, 0.117777205, 0.202256528, -0.0199777527, 0.811428556, -0.584451623, -3.76875473e-006, 0.584451623, 0.811428556, 5.70125511e-006, -2.740326e-007, -6.82881602e-006, 1, 0.811428044, -0.584452332, -3.80906899e-005, 0.584452332, 0.811428045, 2.22990878e-006, 2.96045786e-005, -2.4071603e-005, 0.999999999, 0, 0, 0, 0, 0, 0, 0, 0.120285425, -0.0990319824, -0.188663965, -0.222450107, 0.964785554, 0.13979965, -0.179931641, -0.181518555, 0.966796875, 0.958340793, 0.189789822, 0.213918505, 0, 0, 0, 0, 0, 0, 0, 0.192663232, -0.0655493652, -0.167638721, -0.475590426, 0.594539075, -0.648213476, 0.507568359, -0.416381836, -0.754272461, -0.718566109, -0.687592125, -0.10384811, 1, 1, 
87.3673326, 0.1, 0.1, 0.117777197, 0.202256528, -0.0199742711, 0.81143116, -0.584448007, 1.42663363e-005, 0.584448007, 0.81143116, -9.07554838e-006, -6.27196367e-006, 1.57021146e-005, 1, 0.811430619, -0.584448757, 3.96075357e-005, 0.584448757, 0.811430619, -1.22400686e-005, -2.49850744e-005, 3.30805414e-005, 0.999999999, 0, 0, 0, 0, 0, 0, 0, 0.120285425, -0.0990319824, -0.188663965, -0.228123889, 0.962916007, 0.14308605, -0.176269531, -0.185302734, 0.966674805, 0.957632737, 0.195153198, 0.212038479, 0, 0, 0, 0, 0, 0, 0, 0.192663232, -0.0655493652, -0.167638721, -0.475590426, 0.594539075, -0.648213476, 0.507568359, -0.416381836, -0.754272461, -0.718566109, -0.687592125, -0.10384811, 1, 1, 
87.3681884, 0.1, 0.1, 0.117777205, 0.202256526, -0.019966794, 0.811433466, -0.584444806, -1.17475984e-006, 0.584444806, 0.811433466, -2.73709393e-006, 2.55291978e-006, 1.53438733e-006, 1, 0.811433039, -0.584445398, -3.3135101e-005, 0.584445398, 0.811433039, 4.51307905e-007, 2.66231509e-005, -1.97318634e-005, 0.999999999, 0, 0, 0, 0, 0, 0, 0, 0.120663037, -0.101120386, -0.187608765, -0.228123889, 0.962916007, 0.14308605, -0.176269531, -0.185302734, 0.966674805, 0.957632737, 0.195153198, 0.212038479, 0, 0, 0, 0, 0, 0, 0, 0.193138623, -0.0677907227, -0.166670801, -0.479640788, 0.592238275, -0.647306062, 0.508666992, -0.413330078, -0.755126953, -0.715064052, -0.691393488, -0.103139024, 1, 1, 
87.369024, 0.1, 0.1, 0.117777199, 0.202256517, -0.0199589259, 0.811435149, -0.584442469, 8.05360663e-006, 0.584442469, 0.811435149, 1.76528085e-005, -1.68520305e-005, -9.61723958e-006, 1, 0.811434857, -0.584442874, 2.43920006e-005, 0.584442873, 0.811434857, 4.31085907e-005, -4.49870281e-005, -2.07240822e-005, 0.999999999, 0, 0, 0, 0, 0, 0, 0, 0.120663037, -0.101120386, -0.187608765, -0.228123889, 0.962916007, 0.14308605, -0.176269531, -0.185302734, 0.966674805, 0.957632737, 0.195153198, 0.212038479, 0, 0, 0, 0, 0, 0, 0, 0.193138623, -0.0677907227, -0.166670801, -0.479640788, 0.592238275, -0.647306062, 0.508666992, -0.413330078, -0.755126953, -0.715064052, -0.691393488, -0.103139024, 1, 1, 
87.3699042, 0.1, 0.1, 0.117777206, 0.202256522, -0.0199527857, 0.811436621, -0.584440424, -1.33745236e-005, 0.584440424, 0.811436621, 5.24285794e-006, 7.78844011e-006, -1.20708592e-005, 1, 0.811436289, -0.584440884, -3.80706666e-005, 0.584440884, 0.81143629, -1.96604042e-005, 4.23822645e-005, -6.29688864e-006, 0.999999999, 0, 0, 0, 0, 0, 0, 0, 0.120850269, -0.103397607, -0.187350708, -0.228872381, 0.962008755, 0.14837679, -0.171142578, -0.189819336, 0.966796875, 0.958369246, 0.195667669, 0.207987118, 0, 0, 0, 0, 0, 0, 0, 0.193138623, -0.0677907227, -0.166670801, -0.484694446, 0.591547778, -0.644143058, 0.507446289, -0.409545898, -0.758056641, -0.712526646, -0.694166402, -0.101701894, 1, 1, 
87.3707431, 0.1, 0.1, 0.117777197, 0.202256513, -0.0199507747, 0.811438069, -0.584438414, 8.855589e-006, 0.584438414, 0.811438069, 2.8536534e-005, -2.38636087e-005, -1.79800837e-005, 1, 0.811437784, -0.584438808, 4.88421075e-005, 0.584438807, 0.811437786, 2.94237805e-005, -5.68287307e-005, 4.66965579e-006, 0.999999998, 0, 0, 0, 0, 0, 0, 0, 0.120850269, -0.103397607, -0.187350708, -0.228872381, 0.962008755, 0.14837679, -0.171142578, -0.189819336, 0.966796875, 0.958369246, 0.195667669, 0.207987118, 0, 0, 0, 0, 0, 0, 0, 0.193080859, -0.0696806641, -0.166208057, -0.484694446, 0.591547778, -0.644143058, 0.507446289, -0.409545898, -0.758056641, -0.712526646, -0.694166402, -0.101701894, 1, 1, 
87.371609, 0.1, 0.1, 0.117777207, 0.202256521, -0.0199529757, 0.811438988, -0.584437139, -6.72507045e-006, 0.584437138, 0.811438987, -4.28250317e-005, 3.04855233e-005, 3.08195194e-005, 0.999999999, 0.811438862, -0.584437312, -2.75978337e-005, 0.58443731, 0.811438862, -6.48677329e-005, 6.03050782e-005, 3.65069957e-005, 0.999999998, 0, 0, 0, 0, 0, 0, 0, 0.120850269, -0.103397607, -0.187350708, -0.228872381, 0.962008755, 0.14837679, -0.171142578, -0.189819336, 0.966796875, 0.958369246, 0.195667669, 0.207987118, 0, 0, 0, 0, 0, 0, 0, 0.193080859, -0.0696806641, -0.166208057, -0.484694446, 0.591547778, -0.644143058, 0.507446289, -0.409545898, -0.758056641, -0.712526646, -0.694166402, -0.101701894, 1, 1, 
87.3725375, 0.1, 0.1, 0.117777205, 0.202256502, -0.019957866, 0.811439241, -0.584436786, -8.77380642e-006, 0.584436786, 0.81143924, 5.84737812e-005, -2.7054818e-005, -5.25756559e-005, 0.999999998, 0.811439223, -0.584436812, 1.56318293e-006, 0.58443681, 0.81143922, 8.58691679e-005, -5.14535307e-005, -6.87640292e-005, 0.999999996, 0, 0, 0, 0, 0, 0, 0, 0.120850269, -0.103397607, -0.187350708, -0.228872381, 0.962008755, 0.14837679, -0.171142578, -0.189819336, 0.966796875, 0.958369246, 0.195667669, 0.207987118, 0, 0, 0, 0, 0, 0, 0, 0.193080859, -0.0696806641, -0.166208057, -0.484694446, 0.591547778, -0.644143058, 0.507446289, -0.409545898, -0.758056641, -0.712526646, -0.694166402, -0.101701894, 1, 1, 
87.3733821, 0.1, 0.1, 0.117777206, 0.202256511, -0.0199635117, 0.811439035, -0.584437072, 2.96307586e-005, 0.584437073, 0.811439033, -5.83541276e-005, 1.00607614e-005, 6.46681308e-005, 0.999999998, 0.811439107, -0.584436972, 1.47179435e-005, 0.584436972, 0.811439105, -7.33079717e-005, 3.09011741e-005, 6.80866655e-005, 0.999999997, 0, 0, 0, 0, 0, 0, 0, 0.120850269, -0.103397607, -0.187350708, -0.228872381, 0.962008755, 0.14837679, -0.171142578, -0.189819336, 0.966796875, 0.958369246, 0.195667669, 0.207987118, 0, 0, 0, 0, 0, 0, 0, 0.193080859, -0.0696806641, -0.166208057, -0.484694446, 0.591547778, -0.644143058, 0.507446289, -0.409545898, -0.758056641, -0.712526646, -0.694166402, -0.101701894, 1, 1, 
87.3742609, 0.1, 0.1, 0.117777203, 0.2022565, -0.019968532, 0.811438306, -0.584438084, -2.81962073e-005, 0.584438085, 0.811438304, 6.88597255e-005, -1.73647634e-005, -7.23543564e-005, 0.999999997, 0.811438497, -0.58443782, -4.20004884e-006, 0.584437819, 0.811438495, 7.01238403e-005, -3.75749431e-005, -5.9355851e-005, 0.999999998, 0, 0, 0, 0, 0, 0, 0, 0.120850269, -0.103397607, -0.187350708, -0.228872381, 0.962008755, 0.14837679, -0.171142578, -0.189819336, 0.966796875, 0.958369246, 0.195667669, 0.207987118, 0, 0, 0, 0, 0, 0, 0, 0.193080859, -0.0696806641, -0.166208057, -0.484694446, 0.591547778, -0.644143058, 0.507446289, -0.409545898, -0.758056641, -0.712526646, -0.694166402, -0.101701894, 1, 1, 
87.3751468, 0.1, 0.1, 0.117777212, 0.202256497, -0.0199705581, 0.811437059, -0.584439816, 6.71586657e-006, 0.584439816, 0.811437059, -3.26273781e-005, 1.36192359e-005, 3.04000836e-005, 0.999999999, 0.811437332, -0.584439437, -2.09271182e-005, 0.584439437, 0.811437332, -2.48946522e-005, 3.15304615e-005, 7.96981694e-006, 0.999999999, 0, 0, 0, 0, 0, 0, 0, 0.120889453, -0.105897949, -0.18727915, -0.228180055, 0.961170775, 0.154460206, -0.164794922, -0.194458008, 0.966918945, 0.959619103, 0.19505884, 0.202697882, 0, 0, 0, 0, 0, 0, 0, 0.193034082, -0.0721800293, -0.165951465, -0.48909662, 0.591323931, -0.641107651, 0.504638672, -0.407592773, -0.760986328, -0.71151642, -0.695540099, -0.0990507485, 1, 1, 
87.3759996, 0.1, 0.1, 0.117777206, 0.202256496, -0.0199694798, 0.811435522, -0.584441951, -4.76598611e-006, 0.584441951, 0.811435522, 1.57753863e-005, -5.35250714e-006, -1.55861511e-005, 1, 0.811435842, -0.584441506, 1.86185592e-005, 0.584441505, 0.811435842, 1.72732185e-005, -2.5202952e-005, -3.13464983e-006, 1, 0, 0, 0, 0, 0, 0, 0, 0.120889453, -0.105897949, -0.18727915, -0.228180055, 0.961170775, 0.154460206, -0.164794922, -0.194458008, 0.966918945, 0.959619103, 0.19505884, 0.202697882, 0, 0, 0, 0, 0, 0, 0, 0.193034082, -0.0721800293, -0.165951465, -0.48909662, 0.591323931, -0.641107651, 0.504638672, -0.407592773, -0.760986328, -0.71151642, -0.695540099, -0.0990507485, 1, 1, 
87.3768512, 0.1, 0.1, 0.117777212, 0.202256501, -0.0199661364, 0.811433757, -0.584444401, 6.9552144e-006, 0.584444401, 0.811433757, -2.58399918e-005, 9.45834279e-006, 2.50323778e-005, 1, 0.81143413, -0.584443884, -1.09223399e-005, 0.584443883, 0.811434129, -4.31377064e-005, 3.40743281e-005, 2.86199125e-005, 0.999999999, 0, 0, 0, 0, 0, 0, 0, 0.120889453, -0.105897949, -0.18727915, -0.228180055, 0.961170775, 0.154460206, -0.164794922, -0.194458008, 0.966918945, 0.959619103, 0.19505884, 0.202697882, 0, 0, 0, 0, 0, 0, 0, 0.193034082, -0.0721800293, -0.165951465, -0.48909662, 0.591323931, -0.641107651, 0.504638672, -0.407592773, -0.760986328, -0.71151642, -0.695540099, -0.0990507485, 1, 1, 
87.3776924, 0.1, 0.1, 0.117777208, 0.20225649, -0.0199620297, 0.811431857, -0.584447039, -7.22971844e-007, 0.584447039, 0.811431857, 2.62226579e-005, -1.47391124e-005, -2.17004388e-005, 1, 0.811432236, -0.584446513, 1.18194274e-005, 0.584446512, 0.811432235, 5.25848171e-005, -4.03236774e-005, -3.57611926e-005, 0.999999999, 0, 0, 0, 0, 0, 0, 0, 0.120889453, -0.105897949, -0.18727915, -0.228180055, 0.961170775, 0.154460206, -0.164794922, -0.194458008, 0.966918945, 0.959619103, 0.19505884, 0.202697882, 0, 0, 0, 0, 0, 0, 0, 0.193034082, -0.0721800293, -0.165951465, -0.48909662, 0.591323931, -0.641107651, 0.504638672, -0.407592773, -0.760986328, -0.71151642, -0.695540099, -0.0990507485, 1, 1, 
