time, realDorsalTactorPos, realVentralTactorPos, boxPosX, boxPosY, boxPosZ, boxLocalRot_11, boxLocalRot_12, boxLocalRot_13, boxLocalRot_21, boxLocalRot_22, boxLocalRot_23, boxLocalRot_31, boxLocalRot_32, boxLocalRot_33, boxGlobalRot_11, boxGlobalRot_12, boxGlobalRot_13, boxGlobalRot_21, boxGlobalRot_22, boxGlobalRot_23, boxGlobalRot_31, boxGlobalRot_32, boxGlobalRot_33, indexForceX, indexForceY, indexForceZ, indexForceGlobalX, indexForceGlobalY, indexForceGlobalZ, indexContact, indexPosX, indexPosY, indexPosZ, indexRot_11, indexRot_12, indexRot_13, indexRot_21, indexRot_22, indexRot_23, indexRot_31, indexRot_32, indexRot_33, thumbForceX, thumbForceY, thumbForceZ, thumbForceGlobalX, thumbForceGlobalY, thumbForceGlobalZ, thumbContact, thumbPosX, thumbPosY, thumbPosZ, thumbRot_11, thumbRot_12, thumbRot_13, thumbRot_21, thumbRot_22, thumbRot_23, thumbRot_31, thumbRot_32, thumbRot_33, mapping, trialSuccess, 
59.2453067, 0.1, 0.1, 0.11842556, 0.164127145, -0.0199468039, 0.813517542, -0.581540375, 4.17888708e-005, 0.581540375, 0.813517543, 1.17019094e-005, -4.08011123e-005, 1.4782207e-005, 0.999999999, 0.813517449, -0.581540506, -9.00680973e-006, 0.581540506, 0.813517449, -3.86715122e-006, 9.57610195e-006, -2.09182969e-006, 1, 0, 0, 0, 0, 0, 0, 0, 0.0952382813, -0.0278173828, -0.176631934, -0.427468193, 0.903832972, 0.00799620404, -0.260986328, -0.131835938, 0.956298828, 0.865613838, 0.406583844, 0.292387962, 0, 0, 0, 0, 0, 0, 0, 0.188867529, 0.00598613281, -0.165566943, -0.328943301, 0.661669273, -0.673502449, 0.274169922, -0.615966797, -0.73840332, -0.903959948, -0.427072761, 0.0211463298, 1, 1, 
59.2794901, 0.1, 0.1, 0.1184255, 0.164127378, -0.0199758548, 0.813594644, -0.581432502, -1.94637437e-006, 0.581432502, 0.813594644, -1.61418156e-005, 1.0968936e-005, 1.20012094e-005, 1, 0.813594393, -0.581432854, 2.60446836e-006, 0.581432854, 0.813594392, -3.21140785e-005, 1.65531995e-005, 2.76421577e-005, 0.999999999, 0, 0, 0, 0, 0, 0, 0, 0.102212817, -0.047390332, -0.173039575, -0.435109246, 0.900302812, 0.00474126596, -0.250366211, -0.125976563, 0.959838867, 0.864970183, 0.41628877, 0.280420708, 0, 0, 0, 0, 0, 0, 0, 0.194758496, -0.0125896484, -0.159823096, -0.350230124, 0.648929367, -0.675235254, 0.304931641, -0.602905273, -0.737060547, -0.885944737, -0.463516195, 0.0131086713, 1, 1, 
59.2803425, 0.1, 0.1, 0.1184255, 0.164127385, -0.0199653088, 0.813595778, -0.581430916, -1.20643669e-005, 0.581430916, 0.813595778, -1.98716121e-005, 2.13694876e-005, 9.15286376e-006, 1, 0.813595591, -0.581431177, -2.26917987e-005, 0.581431177, 0.813595591, 2.46792469e-006, 1.70270191e-005, -1.52016119e-005, 1, 0, 0, 0, 0, 0, 0, 0, 0.102212817, -0.047390332, -0.173039575, -0.435109246, 0.900302812, 0.00474126596, -0.250366211, -0.125976563, 0.959838867, 0.864970183, 0.41628877, 0.280420708, 0, 0, 0, 0, 0, 0, 0, 0.194758496, -0.0125896484, -0.159823096, -0.350230124, 0.648929367, -0.675235254, 0.304931641, -0.602905273, -0.737060547, -0.885944737, -0.463516195, 0.0131086713, 1, 1, 
59.2812685, 0.1, 0.1, 0.118425495, 0.164127394, -0.0199537167, 0.813596496, -0.58142991, -1.59393195e-005, 0.58142991, 0.813596497, -1.04470888e-005, 1.90424244e-005, -7.6788225e-007, 1, 0.813596397, -0.58143005, -2.37765176e-006, 0.58143005, 0.813596396, 1.70675125e-005, -7.98911575e-006, -1.52685048e-005, 1, 0, 0, 0, 0, 0, 0, 0, 0.103033276, -0.0492103271, -0.172791797, -0.436511871, 0.899548329, 0.00529280647, -0.248901367, -0.126464844, 0.960205078, 0.86469797, 0.41776778, 0.279221025, 0, 0, 0, 0, 0, 0, 0, 0.19530957, -0.0140699707, -0.159147021, -0.35264503, 0.647963984, -0.674915892, 0.307739258, -0.601074219, -0.737426758, -0.883989185, -0.467177199, 0.0124057813, 1, 1, 
59.282126, 0.1, 0.1, 0.11842549, 0.164127405, -0.0199465649, 0.813596648, -0.581429698, -1.60318872e-005, 0.581429698, 0.813596647, 4.53835618e-005, -1.3343861e-005, -4.62453291e-005, 0.999999999, 0.813596665, -0.581429674, 2.19893925e-005, 0.581429674, 0.813596666, 1.29793911e-005, -2.54370996e-005, 2.22529598e-006, 1, 0, 0, 0, 0, 0, 0, 0, 0.103033276, -0.0492103271, -0.172791797, -0.436511871, 0.899548329, 0.00529280647, -0.248901367, -0.126464844, 0.960205078, 0.86469797, 0.41776778, 0.279221025, 0, 0, 0, 0, 0, 0, 0, 0.19530957, -0.0140699707, -0.159147021, -0.35264503, 0.647963984, -0.674915892, 0.307739258, -0.601074219, -0.737426758, -0.883989185, -0.467177199, 0.0124057813, 1, 1, 
59.282977, 0.1, 0.1, 0.118425493, 0.164127408, -0.0199458157, 0.813596362, -0.581430096, 4.42395928e-005, 0.581430098, 0.813596362, -2.59895923e-005, -2.08820406e-005, 4.68672685e-005, 0.999999999, 0.813596387, -0.581430063, 4.04060376e-006, 0.581430063, 0.813596387, 1.65837652e-005, -1.29297202e-005, -1.11431629e-005, 1, 0, 0, 0, 0, 0, 0, 0, 0.103033276, -0.0492103271, -0.172791797, -0.436511871, 0.899548329, 0.00529280647, -0.248901367, -0.126464844, 0.960205078, 0.86469797, 0.41776778, 0.279221025, 0, 0, 0, 0, 0, 0, 0, 0.19530957, -0.0140699707, -0.159147021, -0.35264503, 0.647963984, -0.674915892, 0.307739258, -0.601074219, -0.737426758, -0.883989185, -0.467177199, 0.0124057813, 1, 1, 
59.2838272, 0.1, 0.1, 0.118425483, 0.16412743, -0.0199512968, 0.8135966, -0.581429765, 8.57351274e-006, 0.581429765, 0.8135966, -1.46484736e-006, -6.12367496e-006, 6.17669034e-006, 1, 0.813596521, -0.581429876, 1.49792646e-005, 0.581429876, 0.813596519, -5.76120872e-005, 2.13103112e-005, 5.55823857e-005, 0.999999998, 0, 0, 0, 0, 0, 0, 0, 0.103033276, -0.0492103271, -0.172791797, -0.436511871, 0.899548329, 0.00529280647, -0.248901367, -0.126464844, 0.960205078, 0.86469797, 0.41776778, 0.279221025, 0, 0, 0, 0, 0, 0, 0, 0.19530957, -0.0140699707, -0.159147021, -0.35264503, 0.647963984, -0.674915892, 0.307739258, -0.601074219, -0.737426758, -0.883989185, -0.467177199, 0.0124057813, 1, 1, 
59.2846747, 0.1, 0.1, 0.118425496, 0.16412742, -0.0199603711, 0.813596478, -0.581429931, -7.94404665e-005, 0.581429936, 0.813596474, 7.7281316e-005, 1.96988132e-005, -0.000109064872, 0.999999994, 0.813596528, -0.58142986, -9.35777894e-005, 0.581429866, 0.813596523, 8.59967217e-005, 2.61335023e-005, -0.000124375556, 0.999999992, 0, 0, 0, 0, 0, 0, 0, 0.103033276, -0.0492103271, -0.172791797, -0.436511871, 0.899548329, 0.00529280647, -0.248901367, -0.126464844, 0.960205078, 0.86469797, 0.41776778, 0.279221025, 0, 0, 0, 0, 0, 0, 0, 0.19530957, -0.0140699707, -0.159147021, -0.35264503, 0.647963984, -0.674915892, 0.307739258, -0.601074219, -0.737426758, -0.883989185, -0.467177199, 0.0124057813, 1, 1, 
59.2855253, 0.1, 0.1, 0.11842549, 0.16412743, -0.0199695023, 0.813596398, -0.581430046, 4.93382635e-005, 0.581430048, 0.813596395, -7.46651569e-005, 3.27113235e-006, 8.94340516e-005, 0.999999996, 0.813596394, -0.581430053, 3.94069035e-005, 0.581430055, 0.813596392, -4.97108112e-005, -3.15795492e-006, 6.33568947e-005, 0.999999998, 0, 0, 0, 0, 0, 0, 0, 0.103033276, -0.0492103271, -0.172791797, -0.436511871, 0.899548329, 0.00529280647, -0.248901367, -0.126464844, 0.960205078, 0.86469797, 0.41776778, 0.279221025, 0, 0, 0, 0, 0, 0, 0, 0.19530957, -0.0140699707, -0.159147021, -0.35264503, 0.647963984, -0.674915892, 0.307739258, -0.601074219, -0.737426758, -0.883989185, -0.467177199, 0.0124057813, 1, 1, 
59.2864273, 0.1, 0.1, 0.118425474, 0.164127455, -0.019975228, 0.813596381, -0.581430071, 2.95978332e-005, 0.581430072, 0.813596381, -1.88800612e-005, -1.31032546e-005, 3.25698197e-005, 0.999999999, 0.813596396, -0.58143005, 4.65822675e-005, 0.581430051, 0.813596395, -4.73883601e-005, -1.03461483e-005, 6.56393291e-005, 0.999999998, 0, 0, 0, 0, 0, 0, 0, 0.103387598, -0.051031665, -0.172255713, -0.438295295, 0.89877475, 0.00710730924, -0.246948242, -0.128051758, 0.960449219, 0.864362476, 0.419126222, 0.278192084, 0, 0, 0, 0, 0, 0, 0, 0.195658887, -0.015776709, -0.158494141, -0.354670211, 0.64683892, -0.674973495, 0.310424805, -0.599731445, -0.737426758, -0.882238156, -0.470486758, 0.0117860135, 1, 1, 
59.287275, 0.1, 0.1, 0.118425478, 0.164127455, -0.01997579, 0.813596121, -0.581430435, -3.69224299e-005, 0.581430436, 0.813596119, 5.2476081e-005, -4.71244945e-007, -6.41621604e-005, 0.999999998, 0.813596163, -0.581430376, -4.79617964e-005, 0.581430377, 0.813596161, 4.83231949e-005, 1.09249601e-005, -6.72020113e-005, 0.999999998, 0, 0, 0, 0, 0, 0, 0, 0.103387598, -0.051031665, -0.172255713, -0.438295295, 0.89877475, 0.00710730924, -0.246948242, -0.128051758, 0.960449219, 0.864362476, 0.419126222, 0.278192084, 0, 0, 0, 0, 0, 0, 0, 0.195658887, -0.015776709, -0.158494141, -0.354670211, 0.64683892, -0.674973495, 0.310424805, -0.599731445, -0.737426758, -0.882238156, -0.470486758, 0.0117860135, 1, 1, 
59.2881269, 0.1, 0.1, 0.118425474, 0.164127461, -0.0199718344, 0.813595921, -0.581430715, 3.11157452e-005, 0.581430716, 0.813595921, -2.13259304e-005, -1.29160924e-005, 3.544234e-005, 0.999999999, 0.813595975, -0.58143064, 2.45822071e-005, 0.581430641, 0.813595975, -1.5311828e-005, -1.10972188e-005, 2.67504901e-005, 1, 0, 0, 0, 0, 0, 0, 0, 0.103387598, -0.051031665, -0.172255713, -0.438295295, 0.89877475, 0.00710730924, -0.246948242, -0.128051758, 0.960449219, 0.864362476, 0.419126222, 0.278192084, 0, 0, 0, 0, 0, 0, 0, 0.195658887, -0.015776709, -0.158494141, -0.354670211, 0.64683892, -0.674973495, 0.310424805, -0.599731445, -0.737426758, -0.882238156, -0.470486758, 0.0117860135, 1, 1, 
59.2889762, 0.1, 0.1, 0.118425473, 0.16412747, -0.0199650772, 0.813595808, -0.581430873, -1.01133475e-005, 0.581430873, 0.813595808, 2.0543768e-005, -3.71660381e-006, -2.2594536e-005, 1, 0.813595801, -0.581430883, -2.65754909e-005, 0.581430884, 0.813595801, 1.03011016e-005, 1.56323292e-005, -2.38327441e-005, 1, 0, 0, 0, 0, 0, 0, 0, 0.103387598, -0.051031665, -0.172255713, -0.438295295, 0.89877475, 0.00710730924, -0.246948242, -0.128051758, 0.960449219, 0.864362476, 0.419126222, 0.278192084, 0, 0, 0, 0, 0, 0, 0, 0.195658887, -0.015776709, -0.158494141, -0.354670211, 0.64683892, -0.674973495, 0.310424805, -0.599731445, -0.737426758, -0.882238156, -0.470486758, 0.0117860135, 1, 1, 
59.2898393, 0.1, 0.1, 0.118425467, 0.164127481, -0.0199579642, 0.813595946, -0.581430681, 4.54662216e-006, 0.581430681, 0.813595946, -6.18961456e-006, -1.00281542e-007, 7.67939093e-006, 1, 0.81359591, -0.581430732, 1.20466737e-005, 0.581430732, 0.813595909, -2.74584282e-005, 6.16404953e-006, 2.93443712e-005, 1, 0, 0, 0, 0, 0, 0, 0, 0.103387598, -0.051031665, -0.172255713, -0.438295295, 0.89877475, 0.00710730924, -0.246948242, -0.128051758, 0.960449219, 0.864362476, 0.419126222, 0.278192084, 0, 0, 0, 0, 0, 0, 0, 0.195658887, -0.015776709, -0.158494141, -0.354670211, 0.64683892, -0.674973495, 0.310424805, -0.599731445, -0.737426758, -0.882238156, -0.470486758, 0.0117860135, 1, 1, 
59.2907259, 0.1, 0.1, 0.118425466, 0.164127484, -0.0199527906, 0.813596191, -0.581430337, 1.61086091e-005, 0.581430338, 0.813596191, -1.27021316e-005, -5.72049838e-006, 1.97004399e-005, 1, 0.813596105, -0.581430458, 5.61105255e-006, 0.581430458, 0.813596105, 3.00804795e-005, -2.20548375e-005, -2.12109241e-005, 1, 0, 0, 0, 0, 0, 0, 0, 0.103798193, -0.0528366455, -0.171572437, -0.438974516, 0.898368864, 0.00736754009, -0.246826172, -0.128540039, 0.960449219, 0.863975687, 0.419684876, 0.27827446, 0, 0, 0, 0, 0, 0, 0, 0.195658887, -0.015776709, -0.158494141, -0.35657399, 0.645726616, -0.674992818, 0.313354492, -0.598266602, -0.737304687, -0.880474368, -0.473917719, 0.0108020409, 1, 1, 
59.2915715, 0.1, 0.1, 0.118425464, 0.164127493, -0.0199513469, 0.813596831, -0.581429442, 6.14291366e-006, 0.581429441, 0.81359683, 5.75036744e-005, -3.84321844e-005, -4.32131364e-005, 0.999999998, 0.813596667, -0.581429672, -1.85120276e-005, 0.581429672, 0.813596667, 1.85110162e-005, 4.29846984e-006, -2.58239432e-005, 1, 0, 0, 0, 0, 0, 0, 0, 0.103798193, -0.0528366455, -0.171572437, -0.438974516, 0.898368864, 0.00736754009, -0.246826172, -0.128540039, 0.960449219, 0.863975687, 0.419684876, 0.27827446, 0, 0, 0, 0, 0, 0, 0, 0.196016504, -0.0174851563, -0.157623145, -0.35657399, 0.645726616, -0.674992818, 0.313354492, -0.598266602, -0.737304687, -0.880474368, -0.473917719, 0.0108020409, 1, 1, 
59.2924187, 0.1, 0.1, 0.118425455, 0.164127497, -0.0199541381, 0.81359788, -0.581427975, -1.21141528e-005, 0.581427974, 0.813597879, -4.56642103e-005, 3.64064983e-005, 3.01087974e-005, 0.999999999, 0.813597627, -0.581428328, 2.9189082e-005, 0.581428329, 0.813597627, -1.83872545e-005, -1.30572972e-005, 3.19311858e-005, 0.999999999, 0, 0, 0, 0, 0, 0, 0, 0.103798193, -0.0528366455, -0.171572437, -0.438974516, 0.898368864, 0.00736754009, -0.246826172, -0.128540039, 0.960449219, 0.863975687, 0.419684876, 0.27827446, 0, 0, 0, 0, 0, 0, 0, 0.196016504, -0.0174851563, -0.157623145, -0.35657399, 0.645726616, -0.674992818, 0.313354492, -0.598266602, -0.737304687, -0.880474368, -0.473917719, 0.0108020409, 1, 1, 
59.2933429, 0.1, 0.1, 0.118425466, 0.164127507, -0.019959625, 0.813599587, -0.581425586, -1.62085819e-005, 0.581425586, 0.813599587, 1.94662891e-005, 1.86909699e-006, -2.5261849e-005, 1, 0.813599258, -0.581426043, -5.62715631e-005, 0.581426045, 0.813599259, 1.10683505e-005, 3.93470748e-005, -4.17229541e-005, 0.999999998, 0, 0, 0, 0, 0, 0, 0, 0.103999707, -0.05463479, -0.171252148, -0.439418594, 0.898127729, 0.00932170628, -0.245117187, -0.129882813, 0.960693359, 0.864293206, 0.419723068, 0.277346991, 0, 0, 0, 0, 0, 0, 0, 0.196332617, -0.0189320313, -0.157130273, -0.359084778, 0.645061639, -0.674238888, 0.315185547, -0.596435547, -0.738037109, -0.878774379, -0.476933436, 0.0106357966, 1, 1, 
59.2942065, 0.1, 0.1, 0.118425445, 0.164127506, -0.0199649364, 0.813601121, -0.581423436, 6.34775877e-005, 0.581423434, 0.813601123, 5.43822151e-005, -8.3264531e-005, -7.33807414e-006, 0.999999997, 0.813600846, -0.581423817, 8.958936e-005, 0.581423815, 0.813600851, 4.54823009e-005, -9.93344726e-005, 1.5084949e-005, 0.999999995, 0, 0, 0, 0, 0, 0, 0, 0.103999707, -0.05463479, -0.171252148, -0.439418594, 0.898127729, 0.00932170628, -0.245117187, -0.129882813, 0.960693359, 0.864293206, 0.419723068, 0.277346991, 0, 0, 0, 0, 0, 0, 0, 0.196332617, -0.0189320313, -0.157130273, -0.359084778, 0.645061639, -0.674238888, 0.315185547, -0.596435547, -0.738037109, -0.878774379, -0.476933436, 0.0106357966, 1, 1, 
59.2950574, 0.1, 0.1, 0.118425448, 0.164127516, -0.0199690238, 0.813602134, -0.581422016, -7.99494012e-005, 0.581422013, 0.813602138, -5.87842112e-005, 9.92254384e-005, 1.34261789e-006, 0.999999995, 0.81360193, -0.581422305, -5.83212173e-005, 0.581422303, 0.813601932, -5.13533095e-005, 7.73082146e-005, 7.87189521e-006, 0.999999997, 0, 0, 0, 0, 0, 0, 0, 0.103999707, -0.05463479, -0.171252148, -0.439418594, 0.898127729, 0.00932170628, -0.245117187, -0.129882813, 0.960693359, 0.864293206, 0.419723068, 0.277346991, 0, 0, 0, 0, 0, 0, 0, 0.196332617, -0.0189320313, -0.157130273, -0.359084778, 0.645061639, -0.674238888, 0.315185547, -0.596435547, -0.738037109, -0.878774379, -0.476933436, 0.0106357966, 1, 1, 
59.2959175, 0.1, 0.1, 0.118425459, 0.164127532, -0.0199706379, 0.813603283, -0.581420415, 1.01319083e-005, 0.581420415, 0.813603282, -2.44104744e-005, 5.9493943e-006, 2.57513404e-005, 1, 0.813603044, -0.581420747, -3.99281358e-005, 0.581420747, 0.813603045, -2.79556736e-005, 4.87396615e-005, -4.70225393e-007, 0.999999999, 0, 0, 0, 0, 0, 0, 0, 0.103999707, -0.05463479, -0.171252148, -0.439418594, 0.898127729, 0.00932170628, -0.245117187, -0.129882813, 0.960693359, 0.864293206, 0.419723068, 0.277346991, 0, 0, 0, 0, 0, 0, 0, 0.196332617, -0.0189320313, -0.157130273, -0.359084778, 0.645061639, -0.674238888, 0.315185547, -0.596435547, -0.738037109, -0.878774379, -0.476933436, 0.0106357966, 1, 1, 
59.2967671, 0.1, 0.1, 0.118425436, 0.164127531, -0.0199694151, 0.813603949, -0.581419477, 7.34080442e-005, 0.581419473, 0.813603952, 7.29370908e-005, -0.00010213212, -1.66610388e-005, 0.999999995, 0.813603857, -0.581419603, 9.66513649e-005, 0.581419601, 0.813603862, 5.40876098e-005, -0.00011008352, 1.21891101e-005, 0.999999994, 0, 0, 0, 0, 0, 0, 0, 0.103999707, -0.05463479, -0.171252148, -0.439418594, 0.898127729, 0.00932170628, -0.245117187, -0.129882813, 0.960693359, 0.864293206, 0.419723068, 0.277346991, 0, 0, 0, 0, 0, 0, 0, 0.196332617, -0.0189320313, -0.157130273, -0.359084778, 0.645061639, -0.674238888, 0.315185547, -0.596435547, -0.738037109, -0.878774379, -0.476933436, 0.0106357966, 1, 1, 
59.2976157, 0.1, 0.1, 0.118425436, 0.164127536, -0.0199661089, 0.813603966, -0.581419455, -6.24659251e-005, 0.581419451, 0.813603968, -7.54430429e-005, 9.46865774e-005, 2.50618549e-005, 0.999999995, 0.813604035, -0.58141936, -4.93237561e-005, 0.581419359, 0.813604036, -2.59882008e-005, 5.52400501e-005, -7.53368168e-006, 0.999999998, 0, 0, 0, 0, 0, 0, 0, 0.103999707, -0.05463479, -0.171252148, -0.439418594, 0.898127729, 0.00932170628, -0.245117187, -0.129882813, 0.960693359, 0.864293206, 0.419723068, 0.277346991, 0, 0, 0, 0, 0, 0, 0, 0.196332617, -0.0189320313, -0.157130273, -0.359084778, 0.645061639, -0.674238888, 0.315185547, -0.596435547, -0.738037109, -0.878774379, -0.476933436, 0.0106357966, 1, 1, 
59.2985466, 0.1, 0.1, 0.118425449, 0.164127564, -0.0199607232, 0.813603611, -0.581419953, -3.93740336e-005, 0.581419954, 0.813603612, -6.8907866e-006, 3.60412968e-005, -1.72864799e-005, 0.999999999, 0.813603683, -0.581419851, -5.53317991e-005, 0.581419848, 0.813603685, -6.34690327e-005, 8.19203111e-005, 1.94676325e-005, 0.999999996, 0, 0, 0, 0, 0, 0, 0, 0.10459021, -0.0566766846, -0.170610254, -0.4409167, 0.897392342, 0.00875706117, -0.245483398, -0.129882813, 0.960693359, 0.863418155, 0.421322645, 0.277683605, 0, 0, 0, 0, 0, 0, 0, 0.196754687, -0.0208566406, -0.156312256, -0.359819384, 0.643713095, -0.675146302, 0.317749023, -0.596191406, -0.737182617, -0.877624162, -0.479284543, 0.00992671006, 1, 1, 
59.2994068, 0.1, 0.1, 0.118425435, 0.164127559, -0.0199566042, 0.813603778, -0.581419718, 6.5539126e-005, 0.581419717, 0.813603781, 2.84717425e-005, -6.98769132e-005, 1.49410228e-005, 0.999999997, 0.8136037, -0.581419827, 7.25488074e-005, 0.581419825, 0.813603703, 4.78348463e-005, -8.68381064e-005, 3.26270698e-006, 0.999999996, 0, 0, 0, 0, 0, 0, 0, 0.10459021, -0.0566766846, -0.170610254, -0.4409167, 0.897392342, 0.00875706117, -0.245483398, -0.129882813, 0.960693359, 0.863418155, 0.421322645, 0.277683605, 0, 0, 0, 0, 0, 0, 0, 0.196754687, -0.0208566406, -0.156312256, -0.359819384, 0.643713095, -0.675146302, 0.317749023, -0.596191406, -0.737182617, -0.877624162, -0.479284543, 0.00992671006, 1, 1, 
59.3003026, 0.1, 0.1, 0.118425438, 0.16412757, -0.019954599, 0.813604211, -0.581419114, -2.81923663e-005, 0.581419113, 0.813604211, -4.92494198e-005, 5.1571982e-005, 2.36779547e-005, 0.999999998, 0.813604157, -0.581419188, -5.18488967e-005, 0.581419187, 0.813604159, -3.10529579e-005, 6.02392635e-005, -4.88112772e-006, 0.999999998, 0, 0, 0, 0, 0, 0, 0, 0.10459021, -0.0566766846, -0.170610254, -0.4409167, 0.897392342, 0.00875706117, -0.245483398, -0.129882813, 0.960693359, 0.863418155, 0.421322645, 0.277683605, 0, 0, 0, 0, 0, 0, 0, 0.196754687, -0.0208566406, -0.156312256, -0.359819384, 0.643713095, -0.675146302, 0.317749023, -0.596191406, -0.737182617, -0.877624162, -0.479284543, 0.00992671006, 1, 1, 
59.301166, 0.1, 0.1, 0.11842543, 0.164127575, -0.0199553079, 0.813604125, -0.581419235, 2.58937342e-005, 0.581419235, 0.813604125, 1.99410488e-005, -3.26613583e-005, -1.16900441e-006, 0.999999999, 0.813604164, -0.581419181, 3.19334979e-005, 0.58141918, 0.813604164, 3.48481377e-005, -4.62426026e-005, -9.78584176e-006, 0.999999999, 0, 0, 0, 0, 0, 0, 0, 0.10459021, -0.0566766846, -0.170610254, -0.4409167, 0.897392342, 0.00875706117, -0.245483398, -0.129882813, 0.960693359, 0.863418155, 0.421322645, 0.277683605, 0, 0, 0, 0, 0, 0, 0, 0.196754687, -0.0208566406, -0.156312256, -0.359819384, 0.643713095, -0.675146302, 0.317749023, -0.596191406, -0.737182617, -0.877624162, -0.479284543, 0.00992671006, 1, 1, 
59.3020157, 0.1, 0.1, 0.118425435, 0.164127591, -0.0199586194, 0.813604183, -0.581419151, -5.97231923e-005, 0.58141915, 0.813604186, -2.86514163e-005, 6.52495213e-005, -1.14132956e-005, 0.999999998, 0.813604131, -0.581419224, -6.33973992e-005, 0.581419222, 0.813604134, -4.13000813e-005, 7.55930472e-005, -3.25854977e-006, 0.999999997, 0, 0, 0, 0, 0, 0, 0, 0.10459021, -0.0566766846, -0.170610254, -0.4409167, 0.897392342, 0.00875706117, -0.245483398, -0.129882813, 0.960693359, 0.863418155, 0.421322645, 0.277683605, 0, 0, 0, 0, 0, 0, 0, 0.196754687, -0.0208566406, -0.156312256, -0.359819384, 0.643713095, -0.675146302, 0.317749023, -0.596191406, -0.737182617, -0.877624162, -0.479284543, 0.00992671006, 1, 1, 
59.3029259, 0.1, 0.1, 0.118425427, 0.164127597, -0.0199629881, 0.813604482, -0.581418736, 2.53268375e-005, 0.581418735, 0.813604482, 2.5575712e-005, -3.54762267e-005, -6.08301605e-006, 0.999999999, 0.813604449, -0.581418782, 4.33508669e-005, 0.581418782, 0.81360445, 1.21426421e-005, -4.23304184e-005, 1.53257006e-005, 0.999999999, 0, 0, 0, 0, 0, 0, 0, 0.105363306, -0.0582924805, -0.169929053, -0.443195498, 0.896231973, 0.00895401261, -0.245361328, -0.130859375, 0.960571289, 0.862295978, 0.423360308, 0.278146779, 0, 0, 0, 0, 0, 0, 0, 0.197345557, -0.0223833496, -0.155704297, -0.361614522, 0.641993783, -0.675785393, 0.320922852, -0.595092773, -0.736572266, -0.875726213, -0.482779303, 0.00900033994, 1, 1, 
59.3037722, 0.1, 0.1, 0.118425428, 0.164127607, -0.0199663538, 0.81360439, -0.581418864, -1.81218321e-005, 0.581418864, 0.81360439, -2.71122043e-005, 3.05075492e-005, 1.15222334e-005, 0.999999999, 0.813604424, -0.581418817, -2.21869331e-005, 0.581418816, 0.813604424, -3.84669706e-005, 4.04168075e-005, 1.83969971e-005, 0.999999999, 0, 0, 0, 0, 0, 0, 0, 0.105363306, -0.0582924805, -0.169929053, -0.443195498, 0.896231973, 0.00895401261, -0.245361328, -0.130859375, 0.960571289, 0.862295978, 0.423360308, 0.278146779, 0, 0, 0, 0, 0, 0, 0, 0.197345557, -0.0223833496, -0.155704297, -0.361614522, 0.641993783, -0.675785393, 0.320922852, -0.595092773, -0.736572266, -0.875726213, -0.482779303, 0.00900033994, 1, 1, 
59.3046271, 0.1, 0.1, 0.118425419, 0.164127609, -0.0199682652, 0.813604418, -0.581418824, 4.43035652e-005, 0.581418824, 0.813604419, 1.06896344e-005, -4.22607311e-005, 1.7061793e-005, 0.999999999, 0.813604382, -0.581418874, 4.76239437e-005, 0.581418874, 0.813604383, 1.9933663e-005, -5.03368572e-005, 1.14713442e-005, 0.999999999, 0, 0, 0, 0, 0, 0, 0, 0.105363306, -0.0582924805, -0.169929053, -0.443195498, 0.896231973, 0.00895401261, -0.245361328, -0.130859375, 0.960571289, 0.862295978, 0.423360308, 0.278146779, 0, 0, 0, 0, 0, 0, 0, 0.197345557, -0.0223833496, -0.155704297, -0.361614522, 0.641993783, -0.675785393, 0.320922852, -0.595092773, -0.736572266, -0.875726213, -0.482779303, 0.00900033994, 1, 1, 
59.3054906, 0.1, 0.1, 0.118425419, 0.164127617, -0.019967975, 0.813604619, -0.581418544, -1.41253428e-005, 0.581418543, 0.813604619, -2.36510385e-005, 2.52435965e-005, 1.10298579e-005, 1, 0.813604594, -0.581418579, -3.08539786e-005, 0.581418579, 0.813604594, -1.42125544e-005, 3.3366382e-005, -6.3756768e-006, 0.999999999, 0, 0, 0, 0, 0, 0, 0, 0.105363306, -0.0582924805, -0.169929053, -0.443195498, 0.896231973, 0.00895401261, -0.245361328, -0.130859375, 0.960571289, 0.862295978, 0.423360308, 0.278146779, 0, 0, 0, 0, 0, 0, 0, 0.198181152, -0.0238700195, -0.155089746, -0.363019935, 0.640709038, -0.676290322, 0.323852539, -0.594116211, -0.736206055, -0.874032787, -0.485737417, 0.00796532804, 1, 1, 
59.3063553, 0.1, 0.1, 0.118425411, 0.164127618, -0.019965666, 0.8136045, -0.58141871, 2.17744098e-005, 0.58141871, 0.8136045, 3.16662933e-005, -3.61271332e-005, -1.31037895e-005, 0.999999999, 0.813604542, -0.581418652, 2.77511051e-005, 0.581418651, 0.813604542, 4.37574221e-005, -4.80198065e-005, -1.94662273e-005, 0.999999999, 0, 0, 0, 0, 0, 0, 0, 0.105363306, -0.0582924805, -0.169929053, -0.443195498, 0.896231973, 0.00895401261, -0.245361328, -0.130859375, 0.960571289, 0.862295978, 0.423360308, 0.278146779, 0, 0, 0, 0, 0, 0, 0, 0.198181152, -0.0238700195, -0.155089746, -0.363019935, 0.640709038, -0.676290322, 0.323852539, -0.594116211, -0.736206055, -0.874032787, -0.485737417, 0.00796532804, 1, 1, 
59.3072341, 0.1, 0.1, 0.118425416, 0.164127628, -0.019962033, 0.813604507, -0.581418698, -5.29217645e-005, 0.581418699, 0.813604509, -5.18002028e-006, 4.60691469e-005, -2.65552156e-005, 0.999999999, 0.813604469, -0.581418751, -5.75197253e-005, 0.581418752, 0.813604471, -1.72748916e-005, 5.68422516e-005, -1.93881179e-005, 0.999999998, 0, 0, 0, 0, 0, 0, 0, 0.105363306, -0.0582924805, -0.169929053, -0.443195498, 0.896231973, 0.00895401261, -0.245361328, -0.130859375, 0.960571289, 0.862295978, 0.423360308, 0.278146779, 0, 0, 0, 0, 0, 0, 0, 0.198181152, -0.0238700195, -0.155089746, -0.363019935, 0.640709038, -0.676290322, 0.323852539, -0.594116211, -0.736206055, -0.874032787, -0.485737417, 0.00796532804, 1, 1, 
59.3081077, 0.1, 0.1, 0.118425408, 0.16412763, -0.0199587586, 0.813604751, -0.58141836, 2.19412744e-005, 0.581418358, 0.813604751, 4.07469485e-005, -4.15425491e-005, -2.03948511e-005, 0.999999999, 0.81360472, -0.581418401, 4.47924497e-005, 0.5814184, 0.813604721, 2.85883072e-005, -5.30651164e-005, 2.78357279e-006, 0.999999999, 0, 0, 0, 0, 0, 0, 0, 0.105949048, -0.0601124756, -0.16967395, -0.444795075, 0.895477489, 0.00957594574, -0.244995117, -0.131958008, 0.960449219, 0.86156059, 0.424839318, 0.278171867, 0, 0, 0, 0, 0, 0, 0, 0.198181152, -0.0238700195, -0.155089746, -0.363019935, 0.640709038, -0.676290322, 0.323852539, -0.594116211, -0.736206055, -0.874032787, -0.485737417, 0.00796532804, 1, 1, 
59.3089529, 0.1, 0.1, 0.118425412, 0.16412764, -0.0199572569, 0.813604585, -0.581418592, -2.98536684e-005, 0.581418591, 0.813604585, -3.35975298e-005, 4.382331e-005, 9.97762647e-006, 0.999999999, 0.813604637, -0.581418518, -3.55707529e-005, 0.581418516, 0.813604638, -4.65940681e-005, 5.60311836e-005, 1.72276555e-005, 0.999999998, 0, 0, 0, 0, 0, 0, 0, 0.105949048, -0.0601124756, -0.16967395, -0.444795075, 0.895477489, 0.00957594574, -0.244995117, -0.131958008, 0.960449219, 0.86156059, 0.424839318, 0.278171867, 0, 0, 0, 0, 0, 0, 0, 0.198181152, -0.0238700195, -0.155089746, -0.363019935, 0.640709038, -0.676290322, 0.323852539, -0.594116211, -0.736206055, -0.874032787, -0.485737417, 0.00796532804, 1, 1, 
59.3098065, 0.1, 0.1, 0.118425403, 0.16412764, -0.0199579046, 0.813604576, -0.581418602, 5.56112539e-005, 0.581418603, 0.813604577, 9.20861285e-006, -5.05996295e-005, 2.4841248e-005, 0.999999998, 0.813604536, -0.581418658, 5.94240216e-005, 0.581418657, 0.813604538, 2.23876106e-005, -6.13642281e-005, 1.63355733e-005, 0.999999998, 0, 0, 0, 0, 0, 0, 0, 0.105949048, -0.0601124756, -0.16967395, -0.444795075, 0.895477489, 0.00957594574, -0.244995117, -0.131958008, 0.960449219, 0.86156059, 0.424839318, 0.278171867, 0, 0, 0, 0, 0, 0, 0, 0.198181152, -0.0238700195, -0.155089746, -0.363019935, 0.640709038, -0.676290322, 0.323852539, -0.594116211, -0.736206055, -0.874032787, -0.485737417, 0.00796532804, 1, 1, 
59.3106954, 0.1, 0.1, 0.118425406, 0.164127651, -0.0199597997, 0.813604838, -0.581418238, -2.80116627e-005, 0.581418236, 0.813604838, -3.93311472e-005, 4.56582705e-005, 1.57135201e-005, 0.999999999, 0.813604805, -0.581418283, -4.95718225e-005, 0.581418282, 0.813604806, -2.69175306e-005, 5.59822174e-005, -6.9217317e-006, 0.999999998, 0, 0, 0, 0, 0, 0, 0, 0.106726904, -0.0619501709, -0.16902937, -0.446972402, 0.894336216, 0.00904949263, -0.245361328, -0.132324219, 0.960327148, 0.86029875, 0.426997549, 0.278749616, 0, 0, 0, 0, 0, 0, 0, 0.198535352, -0.0255450195, -0.154416846, -0.364898195, 0.63989714, -0.676130641, 0.325927734, -0.592651367, -0.736450195, -0.872511802, -0.488523091, 0.00761388307, 1, 1, 
59.3120609, 0.1, 0.1, 0.118425387, 0.164127643, -0.0199570072, 0.813604366, -0.581418898, 3.31582017e-005, 0.581418896, 0.813604366, 5.40666905e-005, -5.84130533e-005, -2.47100904e-005, 0.999999998, 0.813604513, -0.58141869, 4.70211707e-005, 0.581418686, 0.813604514, 8.23958932e-005, -8.61631491e-005, -3.96986833e-005, 0.999999995, 0, 0, 0, 0, 0, 0, 0, 0.106726904, -0.0619501709, -0.16902937, -0.446972402, 0.894336216, 0.00904949263, -0.245361328, -0.132324219, 0.960327148, 0.86029875, 0.426997549, 0.278749616, 0, 0, 0, 0, 0, 0, 0, 0.198535352, -0.0255450195, -0.154416846, -0.364898195, 0.63989714, -0.676130641, 0.325927734, -0.592651367, -0.736450195, -0.872511802, -0.488523091, 0.00761388307, 1, 1, 
59.3134474, 0.1, 0.1, 0.118425412, 0.164127667, -0.0199450217, 0.813604356, -0.581418904, -0.000104335412, 0.581418907, 0.81360436, -5.03919027e-006, 8.78176267e-005, -5.65626741e-005, 0.999999995, 0.813604227, -0.58141908, -0.000124908858, 0.58141908, 0.813604235, -3.61672815e-005, 0.000122654724, -4.31985404e-005, 0.999999992, 0, 0, 0, 0, 0, 0, 0, 0.106726904, -0.0619501709, -0.16902937, -0.446972402, 0.894336216, 0.00904949263, -0.245361328, -0.132324219, 0.960327148, 0.86029875, 0.426997549, 0.278749616, 0, 0, 0, 0, 0, 0, 0, 0.198535352, -0.0255450195, -0.154416846, -0.364898195, 0.63989714, -0.676130641, 0.325927734, -0.592651367, -0.736450195, -0.872511802, -0.488523091, 0.00761388307, 1, 1, 
59.3148377, 0.1, 0.1, 0.118425376, 0.164127657, -0.0199316396, 0.813605188, -0.581417744, 7.15518049e-005, 0.581417738, 0.81360519, 8.91461675e-005, -0.000110046083, -3.09282958e-005, 0.999999993, 0.813605064, -0.581417905, 0.000138787309, 0.581417902, 0.813605075, 6.55842823e-005, -0.000151049935, 2.73337217e-005, 0.999999988, 0, 0, 0, 0, 0, 0, 0, 0.106726904, -0.0619501709, -0.16902937, -0.446972402, 0.894336216, 0.00904949263, -0.245361328, -0.132324219, 0.960327148, 0.86029875, 0.426997549, 0.278749616, 0, 0, 0, 0, 0, 0, 0, 0.198535352, -0.0255450195, -0.154416846, -0.364898195, 0.63989714, -0.676130641, 0.325927734, -0.592651367, -0.736450195, -0.872511802, -0.488523091, 0.00761388307, 1, 1, 
59.3163028, 0.1, 0.1, 0.118425405, 0.164127707, -0.0199222291, 0.813604145, -0.581419204, -7.22285132e-005, 0.581419191, 0.813604144, -0.000146127951, 0.000143727015, 7.68952631e-005, 0.999999987, 0.813604461, -0.581418757, -9.99911781e-005, 0.581418734, 0.813604462, -0.00019016168, 0.000191916836, 9.65796472e-005, 0.999999977, 0, 0, 0, 0, 0, 0, 0, 0.107349878, -0.063754541, -0.168402246, -0.447873662, 0.893905243, 0.00827479147, -0.244628906, -0.131469727, 0.960693359, 0.86007072, 0.428178135, 0.277759989, 0, 0, 0, 0, 0, 0, 0, 0.198884424, -0.0272163574, -0.153731982, -0.366738176, 0.638874521, -0.676060279, 0.326904297, -0.592163086, -0.736450195, -0.871355022, -0.490471713, 0.00811224928, 1, 1, 
59.3177014, 0.1, 0.1, 0.118425384, 0.164127653, -0.0199238774, 0.813602541, -0.581421447, 8.20148842e-005, 0.581421424, 0.813602537, 0.000198705196, -0.00018225898, -0.000113981841, 0.999999977, 0.813602804, -0.581421078, 8.24432278e-005, 0.581421045, 0.813602793, 0.000250246394, -0.000212574569, -0.00015566694, 0.999999965, 0, 0, 0, 0, 0, 0, 0, 0.107349878, -0.063754541, -0.168402246, -0.447873662, 0.893905243, 0.00827479147, -0.244628906, -0.131469727, 0.960693359, 0.86007072, 0.428178135, 0.277759989, 0, 0, 0, 0, 0, 0, 0, 0.198884424, -0.0272163574, -0.153731982, -0.366738176, 0.638874521, -0.676060279, 0.326904297, -0.592163086, -0.736450195, -0.871355022, -0.490471713, 0.00811224928, 1, 1, 
59.3189714, 0.1, 0.1, 0.118425373, 0.164127704, -0.0199331229, 0.81360148, -0.581422937, -1.07801619e-005, 0.581422923, 0.813601464, -0.000204962452, 0.000127940626, 0.000160489921, 0.999999979, 0.8136016, -0.581422769, -4.05296401e-006, 0.581422754, 0.81360158, -0.000225072613, 0.00013415984, 0.000180762952, 0.999999975, 0, 0, 0, 0, 0, 0, 0, 0.107349878, -0.063754541, -0.168402246, -0.447873662, 0.893905243, 0.00827479147, -0.244628906, -0.131469727, 0.960693359, 0.86007072, 0.428178135, 0.277759989, 0, 0, 0, 0, 0, 0, 0, 0.198884424, -0.0272163574, -0.153731982, -0.366738176, 0.638874521, -0.676060279, 0.326904297, -0.592163086, -0.736450195, -0.871355022, -0.490471713, 0.00811224928, 1, 1, 
59.3198546, 0.1, 0.1, 0.118425373, 0.164127698, -0.0199477796, 0.813601052, -0.581423536, -3.12380195e-006, 0.581423525, 0.813601036, 0.000197243749, -0.000112140629, -0.000162293973, 0.999999981, 0.813601147, -0.581423404, -3.69117911e-006, 0.581423398, 0.813601138, 0.000142373946, -7.97763966e-005, -0.000117981743, 0.99999999, 0, 0, 0, 0, 0, 0, 0, 0.107579834, -0.0657576172, -0.168155078, -0.447778182, 0.894025811, 0.00885141939, -0.242797852, -0.131103516, 0.961181641, 0.860673557, 0.428159039, 0.275938373, 0, 0, 0, 0, 0, 0, 0, 0.198884424, -0.0272163574, -0.153731982, -0.367907349, 0.638503753, -0.675734354, 0.327270508, -0.591552734, -0.736694336, -0.870741451, -0.491615367, 0.00851473355, 1, 1, 
59.3207014, 0.1, 0.1, 0.118425372, 0.164127667, -0.0199652111, 0.813600684, -0.581424051, -1.38079629e-005, 0.581424051, 0.813600682, 4.26904493e-005, -1.35870859e-005, -4.27612605e-005, 0.999999999, 0.813600741, -0.581423971, -9.94343799e-006, 0.581423968, 0.813600735, 0.00011568014, -5.91692181e-005, -9.9898801e-005, 0.999999993, 0, 0, 0, 0, 0, 0, 0, 0.107579834, -0.0657576172, -0.168155078, -0.447778182, 0.894025811, 0.00885141939, -0.242797852, -0.131103516, 0.961181641, 0.860673557, 0.428159039, 0.275938373, 0, 0, 0, 0, 0, 0, 0, 0.199043213, -0.0290508789, -0.153255469, -0.367907349, 0.638503753, -0.675734354, 0.327270508, -0.591552734, -0.736694336, -0.870741451, -0.491615367, 0.00851473355, 1, 1, 
59.3215478, 0.1, 0.1, 0.118425375, 0.164127709, -0.0199798756, 0.813600381, -0.581424475, -1.82815102e-005, 0.581424458, 0.813600363, -0.000222261867, 0.000144102333, 0.000170203023, 0.999999975, 0.813600449, -0.581424379, -1.86720299e-005, 0.581424364, 0.813600435, -0.000203027511, 0.000133236716, 0.000154326901, 0.999999979, 0, 0, 0, 0, 0, 0, 0, 0.107579834, -0.0657576172, -0.168155078, -0.447778182, 0.894025811, 0.00885141939, -0.242797852, -0.131103516, 0.961181641, 0.860673557, 0.428159039, 0.275938373, 0, 0, 0, 0, 0, 0, 0, 0.199043213, -0.0290508789, -0.153255469, -0.367907349, 0.638503753, -0.675734354, 0.327270508, -0.591552734, -0.736694336, -0.870741451, -0.491615367, 0.00851473355, 1, 1, 
59.3224484, 0.1, 0.1, 0.11842538, 0.164127762, -0.0199871393, 0.813600107, -0.581424858, -3.34602932e-005, 0.581424849, 0.813600102, -0.000134698836, 0.00010554055, 9.01363417e-005, 0.99999999, 0.81360014, -0.581424811, -3.2708526e-005, 0.581424798, 0.813600132, -0.000170225824, 0.000125585178, 0.000119478206, 0.999999985, 0, 0, 0, 0, 0, 0, 0, 0.108024243, -0.0675496582, -0.167668433, -0.447841461, 0.893905243, 0.00972647016, -0.241088867, -0.131225586, 0.961547852, 0.861054355, 0.428178135, 0.274440268, 0, 0, 0, 0, 0, 0, 0, 0.19912583, -0.0308524414, -0.152905762, -0.370341577, 0.638803792, -0.67411129, 0.327026367, -0.58984375, -0.73815918, -0.869769872, -0.493302229, 0.00942178065, 1, 1, 
59.3233036, 0.1, 0.1, 0.118425381, 0.164127763, -0.0199843933, 0.813600087, -0.581424887, 1.24592909e-005, 0.581424883, 0.813600084, 9.72944888e-005, -6.67063173e-005, -7.19146628e-005, 0.999999995, 0.813600054, -0.581424932, -1.60925594e-006, 0.581424931, 0.813600053, 5.91587327e-005, -3.30870715e-005, -4.90672097e-005, 0.999999998, 0, 0, 0, 0, 0, 0, 0, 0.108024243, -0.0675496582, -0.167668433, -0.447841461, 0.893905243, 0.00972647016, -0.241088867, -0.131225586, 0.961547852, 0.861054355, 0.428178135, 0.274440268, 0, 0, 0, 0, 0, 0, 0, 0.19912583, -0.0308524414, -0.152905762, -0.370341577, 0.638803792, -0.67411129, 0.327026367, -0.58984375, -0.73815918, -0.869769872, -0.493302229, 0.00942178065, 1, 1, 
59.3241589, 0.1, 0.1, 0.118425371, 0.164127736, -0.0199743291, 0.813600314, -0.581424567, 3.07540699e-005, 0.581424563, 0.813600313, 9.28402698e-005, -7.90011346e-005, -5.7653701e-005, 0.999999995, 0.813600267, -0.581424633, 3.66985357e-005, 0.581424626, 0.813600264, 0.000122269263, -0.0001009483, -7.81408727e-005, 0.999999992, 0, 0, 0, 0, 0, 0, 0, 0.108024243, -0.0675496582, -0.167668433, -0.447841461, 0.893905243, 0.00972647016, -0.241088867, -0.131225586, 0.961547852, 0.861054355, 0.428178135, 0.274440268, 0, 0, 0, 0, 0, 0, 0, 0.19912583, -0.0308524414, -0.152905762, -0.370341577, 0.638803792, -0.67411129, 0.327026367, -0.58984375, -0.73815918, -0.869769872, -0.493302229, 0.00942178065, 1, 1, 
59.3250063, 0.1, 0.1, 0.118425374, 0.16412775, -0.019961439, 0.813600706, -0.581424016, -6.38276118e-005, 0.58142401, 0.813600707, -9.89830761e-005, 0.000109481328, 4.34217946e-005, 0.999999993, 0.813600587, -0.581424185, -4.61470171e-005, 0.58142418, 0.813600587, -9.10499652e-005, 9.0483892e-005, 4.72473136e-005, 0.999999995, 0, 0, 0, 0, 0, 0, 0, 0.108024243, -0.0675496582, -0.167668433, -0.447841461, 0.893905243, 0.00972647016, -0.241088867, -0.131225586, 0.961547852, 0.861054355, 0.428178135, 0.274440268, 0, 0, 0, 0, 0, 0, 0, 0.19912583, -0.0308524414, -0.152905762, -0.370341577, 0.638803792, -0.67411129, 0.327026367, -0.58984375, -0.73815918, -0.869769872, -0.493302229, 0.00942178065, 1, 1, 
59.3258545, 0.1, 0.1, 0.118425381, 0.164127758, -0.0199506107, 0.81360157, -0.58142281, 2.99239253e-005, 0.58142281, 0.813601571, 1.84930976e-005, -3.50984614e-005, 2.3524395e-006, 0.999999999, 0.813601336, -0.581423138, -1.06327654e-005, 0.581423138, 0.813601336, 1.67984911e-005, -1.11619929e-006, -1.98494107e-005, 1, 0, 0, 0, 0, 0, 0, 0, 0.108024243, -0.0675496582, -0.167668433, -0.447841461, 0.893905243, 0.00972647016, -0.241088867, -0.131225586, 0.961547852, 0.861054355, 0.428178135, 0.274440268, 0, 0, 0, 0, 0, 0, 0, 0.19912583, -0.0308524414, -0.152905762, -0.370341577, 0.638803792, -0.67411129, 0.327026367, -0.58984375, -0.73815918, -0.869769872, -0.493302229, 0.00942178065, 1, 1, 
59.3267043, 0.1, 0.1, 0.118425378, 0.164127762, -0.0199451868, 0.813602519, -0.581421481, -4.08144893e-005, 0.581421479, 0.81360252, -5.16519932e-005, 6.32383498e-005, 1.82937711e-005, 0.999999998, 0.813602348, -0.581421722, -2.21815276e-005, 0.581421722, 0.813602348, -3.4721198e-005, 3.82346017e-005, 1.53524262e-005, 0.999999999, 0, 0, 0, 0, 0, 0, 0, 0.108024243, -0.0675496582, -0.167668433, -0.447841461, 0.893905243, 0.00972647016, -0.241088867, -0.131225586, 0.961547852, 0.861054355, 0.428178135, 0.274440268, 0, 0, 0, 0, 0, 0, 0, 0.19912583, -0.0308524414, -0.152905762, -0.370341577, 0.638803792, -0.67411129, 0.327026367, -0.58984375, -0.73815918, -0.869769872, -0.493302229, 0.00942178065, 1, 1, 
59.3276043, 0.1, 0.1, 0.118425375, 0.164127764, -0.0199457033, 0.813603556, -0.581420026, 8.29620241e-005, 0.581420024, 0.81360356, 4.23908483e-005, -9.21450863e-005, 1.37464372e-005, 0.999999996, 0.813603328, -0.58142035, 4.13836579e-005, 0.581420349, 0.813603329, 4.19071688e-005, -5.80355626e-005, -1.00345112e-005, 0.999999998, 0, 0, 0, 0, 0, 0, 0, 0.108435449, -0.0693546387, -0.167368408, -0.44854577, 0.893499358, 0.0113249255, -0.238891602, -0.132080078, 0.962036133, 0.861289499, 0.428736789, 0.272827586, 0, 0, 0, 0, 0, 0, 0, 0.199428516, -0.0324410156, -0.152346484, -0.372935487, 0.63918039, -0.672386148, 0.327758789, -0.587402344, -0.739746094, -0.868446847, -0.495717502, 0.00935761496, 1, 1, 
59.3284701, 0.1, 0.1, 0.118425367, 0.164127757, -0.0199522724, 0.813604515, -0.581418687, -6.42790939e-005, 0.581418688, 0.813604517, -2.57342289e-006, 5.37939973e-005, -3.52793179e-005, 0.999999998, 0.813604399, -0.581418852, -1.55217882e-005, 0.581418852, 0.813604398, 4.12102885e-005, -1.13318435e-005, -4.25535322e-005, 0.999999999, 0, 0, 0, 0, 0, 0, 0, 0.108435449, -0.0693546387, -0.167368408, -0.44854577, 0.893499358, 0.0113249255, -0.238891602, -0.132080078, 0.962036133, 0.861289499, 0.428736789, 0.272827586, 0, 0, 0, 0, 0, 0, 0, 0.199428516, -0.0324410156, -0.152346484, -0.372935487, 0.63918039, -0.672386148, 0.327758789, -0.587402344, -0.739746094, -0.868446847, -0.495717502, 0.00935761496, 1, 1, 
