time, realDorsalTactorPos, realVentralTactorPos, boxPosX, boxPosY, boxPosZ, boxLocalRot_11, boxLocalRot_12, boxLocalRot_13, boxLocalRot_21, boxLocalRot_22, boxLocalRot_23, boxLocalRot_31, boxLocalRot_32, boxLocalRot_33, boxGlobalRot_11, boxGlobalRot_12, boxGlobalRot_13, boxGlobalRot_21, boxGlobalRot_22, boxGlobalRot_23, boxGlobalRot_31, boxGlobalRot_32, boxGlobalRot_33, indexForceX, indexForceY, indexForceZ, indexForceGlobalX, indexForceGlobalY, indexForceGlobalZ, indexContact, indexPosX, indexPosY, indexPosZ, indexRot_11, indexRot_12, indexRot_13, indexRot_21, indexRot_22, indexRot_23, indexRot_31, indexRot_32, indexRot_33, thumbForceX, thumbForceY, thumbForceZ, thumbForceGlobalX, thumbForceGlobalY, thumbForceGlobalZ, thumbContact, thumbPosX, thumbPosY, thumbPosZ, thumbRot_11, thumbRot_12, thumbRot_13, thumbRot_21, thumbRot_22, thumbRot_23, thumbRot_31, thumbRot_32, thumbRot_33, mapping, trialSuccess, 
289.12887, 0.1, 0.1, 0.109817316, 0.196432086, -0.0199592993, 0.923816882, -1.46741935e-005, 0.38283465, 0.38283465, 1.42301457e-006, -0.923816882, 1.30114884e-005, 1, 6.93239461e-006, 0.923817143, -1.85719449e-006, 0.382834019, 0.382834019, 6.90699966e-006, -0.923817143, -9.28526334e-007, 1, 7.09180192e-006, 0, 0, 0, 0, 0, 0, 0, 0.131304663, -0.147260693, -0.136847876, -0.249069222, 0.800331435, -0.545239342, -0.473388672, 0.39050293, 0.789550781, 0.844897325, 0.454616413, 0.28200346, 0, 0, 0, 0, 0, 0, 0, 0.205293848, -0.101742871, -0.10133999, -0.336961566, 0.377399496, -0.862513741, 0.463500977, -0.730834961, -0.500854492, -0.819496519, -0.568401099, 0.0712437872, 5, 1, 
289.177845, 0.1, 0.1, 0.109817302, 0.196432084, -0.0199633611, 0.923802521, 2.38014156e-005, 0.3828693, 0.3828693, 2.15440965e-005, -0.923802522, -3.02363809e-005, 0.999999999, 1.07896593e-005, 0.923802558, 1.95861829e-005, 0.382869212, 0.382869213, -3.01374859e-006, -0.923802558, -1.69398943e-005, 1, -1.02830551e-005, 0, 0, 0, 0, 0, 0, 0, 0.134815552, -0.159114966, -0.129544653, -0.263310405, 0.803963806, -0.533076259, -0.467407227, 0.377075195, 0.799560547, 0.843939517, 0.459602739, 0.276863627, 0, 0, 0, 0, 0, 0, 0, 0.206243945, -0.113896387, -0.0953489258, -0.362795652, 0.348257247, -0.864274963, 0.496337891, -0.712646484, -0.495483398, -0.788580288, -0.608777857, 0.0856650578, 5, 1, 
289.178686, 0.1, 0.1, 0.109817303, 0.196432084, -0.0199631544, 0.923802317, -2.27306118e-005, 0.382869794, 0.382869793, -1.75087442e-005, -0.923802317, 2.77021612e-005, 1, -7.4717538e-006, 0.923802354, -2.0975858e-005, 0.382869705, 0.382869705, -2.51682825e-005, -0.923802354, 2.90137199e-005, 0.999999999, -1.52194981e-005, 0, 0, 0, 0, 0, 0, 0, 0.134815552, -0.159114966, -0.129544653, -0.263310405, 0.803963806, -0.533076259, -0.467407227, 0.377075195, 0.799560547, 0.843939517, 0.459602739, 0.276863627, 0, 0, 0, 0, 0, 0, 0, 0.206243945, -0.113896387, -0.0953489258, -0.362795652, 0.348257247, -0.864274963, 0.496337891, -0.712646484, -0.495483398, -0.788580288, -0.608777857, 0.0856650578, 5, 1, 
289.179549, 0.1, 0.1, 0.1098173, 0.196432081, -0.0199628957, 0.923802279, 1.69620368e-005, 0.382869885, 0.382869885, -1.28294335e-005, -0.923802279, -1.07575646e-005, 1, -1.8346113e-005, 0.923802263, 3.03602552e-005, 0.382869924, 0.382869924, 1.18897158e-006, -0.923802263, -2.85020939e-005, 1, -1.0525654e-005, 0, 0, 0, 0, 0, 0, 0, 0.134815552, -0.159114966, -0.129544653, -0.265557003, 0.803773968, -0.532220304, -0.466308594, 0.376098633, 0.80065918, 0.843800975, 0.460745133, 0.275244953, 0, 0, 0, 0, 0, 0, 0, 0.206243945, -0.113896387, -0.0953489258, -0.362795652, 0.348257247, -0.864274963, 0.496337891, -0.712646484, -0.495483398, -0.788580288, -0.608777857, 0.0856650578, 5, 1, 
289.180412, 0.1, 0.1, 0.109817304, 0.196432082, -0.019962238, 0.923802484, 1.82582243e-005, 0.38286939, 0.38286939, -5.00583739e-006, -0.923802484, -1.4950411e-005, 1, -1.16149202e-005, 0.923802436, -1.83250454e-005, 0.382869508, 0.382869508, 3.21012869e-006, -0.923802436, 1.56996612e-005, 1, 9.98162581e-006, 0, 0, 0, 0, 0, 0, 0, 0.135146802, -0.160237402, -0.129059351, -0.265557003, 0.803773968, -0.532220304, -0.466308594, 0.376098633, 0.80065918, 0.843800975, 0.460745133, 0.275244953, 0, 0, 0, 0, 0, 0, 0, 0.20640835, -0.115269189, -0.0949068359, -0.364373506, 0.345221841, -0.864792286, 0.498779297, -0.711791992, -0.494262695, -0.786414016, -0.611429003, 0.0870835975, 5, 1, 
289.181264, 0.1, 0.1, 0.109817303, 0.19643208, -0.0199619079, 0.923802632, -3.00710403e-005, 0.382869034, 0.382869034, -4.14384958e-006, -0.923802632, 2.93662578e-005, 1, 7.68517098e-006, 0.923802624, -2.09406129e-005, 0.382869053, 0.382869053, 9.26089566e-006, -0.923802624, 1.57992828e-005, 1, 1.65727523e-005, 0, 0, 0, 0, 0, 0, 0, 0.135146802, -0.160237402, -0.129059351, -0.265557003, 0.803773968, -0.532220304, -0.466308594, 0.376098633, 0.80065918, 0.843800975, 0.460745133, 0.275244953, 0, 0, 0, 0, 0, 0, 0, 0.20640835, -0.115269189, -0.0949068359, -0.364373506, 0.345221841, -0.864792286, 0.498779297, -0.711791992, -0.494262695, -0.786414016, -0.611429003, 0.0870835975, 5, 1, 
289.182101, 0.1, 0.1, 0.1098173, 0.19643208, -0.0199620414, 0.92380252, 2.30554468e-005, 0.382869303, 0.382869303, 2.42694264e-005, -0.92380252, -3.05906983e-005, 0.999999999, 1.35929344e-005, 0.923802559, 2.7019764e-005, 0.382869209, 0.382869208, 1.8871138e-005, -0.92380256, -3.21861048e-005, 0.999999999, 7.08816995e-006, 0, 0, 0, 0, 0, 0, 0, 0.135146802, -0.160237402, -0.129059351, -0.265557003, 0.803773968, -0.532220304, -0.466308594, 0.376098633, 0.80065918, 0.843800975, 0.460745133, 0.275244953, 0, 0, 0, 0, 0, 0, 0, 0.20640835, -0.115269189, -0.0949068359, -0.364373506, 0.345221841, -0.864792286, 0.498779297, -0.711791992, -0.494262695, -0.786414016, -0.611429003, 0.0870835975, 5, 1, 
289.182969, 0.1, 0.1, 0.109817303, 0.196432083, -0.0199623136, 0.923802311, -1.52964217e-005, 0.382869807, 0.382869807, 2.3622699e-007, -0.923802311, 1.40404255e-005, 1, 6.07476506e-006, 0.923802346, -2.21595754e-005, 0.382869724, 0.382869724, -2.55961418e-005, -0.923802346, 3.02710555e-005, 0.999999999, -1.51615453e-005, 0, 0, 0, 0, 0, 0, 0, 0.135146802, -0.160237402, -0.129059351, -0.265557003, 0.803773968, -0.532220304, -0.466308594, 0.376098633, 0.80065918, 0.843800975, 0.460745133, 0.275244953, 0, 0, 0, 0, 0, 0, 0, 0.206550049, -0.116217725, -0.0944549805, -0.366698726, 0.342352312, -0.865015766, 0.502441406, -0.709594727, -0.493774414, -0.782976125, -0.615658369, 0.0880420505, 5, 1, 
289.183811, 0.1, 0.1, 0.109817299, 0.196432083, -0.019962828, 0.923802324, -9.76538693e-006, 0.382869776, 0.382869776, -1.99223035e-005, -0.923802324, 1.6648935e-005, 1, -1.46653988e-005, 0.923802303, 2.00344291e-005, 0.382869828, 0.382869828, -1.67175483e-005, -0.923802303, -1.2107207e-005, 1, -2.3114288e-005, 0, 0, 0, 0, 0, 0, 0, 0.135146802, -0.160237402, -0.129059351, -0.265557003, 0.803773968, -0.532220304, -0.466308594, 0.376098633, 0.80065918, 0.843800975, 0.460745133, 0.275244953, 0, 0, 0, 0, 0, 0, 0, 0.206550049, -0.116217725, -0.0944549805, -0.366698726, 0.342352312, -0.865015766, 0.502441406, -0.709594727, -0.493774414, -0.782976125, -0.615658369, 0.0880420505, 5, 1, 
289.184672, 0.1, 0.1, 0.1098173, 0.196432083, -0.0199632993, 0.923802538, 3.89233728e-005, 0.38286926, 0.38286926, -6.02993893e-006, -0.923802538, -3.36488323e-005, 0.999999999, -2.04730358e-005, 0.923802497, 2.41524569e-005, 0.382869359, 0.382869359, -5.88045048e-006, -0.923802497, -2.00606557e-005, 1, -1.46796105e-005, 0, 0, 0, 0, 0, 0, 0, 0.135872412, -0.161332129, -0.128727588, -0.268781244, 0.804079504, -0.530069186, -0.465942383, 0.372924805, 0.802368164, 0.842952133, 0.462674212, 0.274780658, 0, 0, 0, 0, 0, 0, 0, 0.206550049, -0.116217725, -0.0944549805, -0.366698726, 0.342352312, -0.865015766, 0.502441406, -0.709594727, -0.493774414, -0.782976125, -0.615658369, 0.0880420505, 5, 1, 
289.185515, 0.1, 0.1, 0.109817301, 0.196432083, -0.0199635771, 0.923802633, -1.748684e-005, 0.382869031, 0.382869031, -2.26556148e-005, -0.923802633, 2.48285222e-005, 1, -1.42341471e-005, 0.923802635, -2.63744074e-005, 0.382869026, 0.382869026, -3.75129468e-006, -0.923802635, 2.58010016e-005, 1, 6.63248775e-006, 0, 0, 0, 0, 0, 0, 0, 0.135872412, -0.161332129, -0.128727588, -0.268781244, 0.804079504, -0.530069186, -0.465942383, 0.372924805, 0.802368164, 0.842952133, 0.462674212, 0.274780658, 0, 0, 0, 0, 0, 0, 0, 0.206550049, -0.116217725, -0.0944549805, -0.366698726, 0.342352312, -0.865015766, 0.502441406, -0.709594727, -0.493774414, -0.782976125, -0.615658369, 0.0880420505, 5, 1, 
289.186354, 0.1, 0.1, 0.109817297, 0.196432081, -0.0199637075, 0.923802488, 7.4512384e-006, 0.382869381, 0.382869381, 1.23236275e-005, -0.923802488, -1.16018122e-005, 1, 8.53174675e-006, 0.923802529, 1.98148072e-005, 0.382869283, 0.382869283, 2.48225073e-005, -0.923802529, -2.78087446e-005, 0.999999999, 1.5344614e-005, 0, 0, 0, 0, 0, 0, 0, 0.135872412, -0.161332129, -0.128727588, -0.268781244, 0.804079504, -0.530069186, -0.465942383, 0.372924805, 0.802368164, 0.842952133, 0.462674212, 0.274780658, 0, 0, 0, 0, 0, 0, 0, 0.206550049, -0.116217725, -0.0944549805, -0.366698726, 0.342352312, -0.865015766, 0.502441406, -0.709594727, -0.493774414, -0.782976125, -0.615658369, 0.0880420505, 5, 1, 
289.187232, 0.1, 0.1, 0.109817301, 0.196432082, -0.0199634013, 0.923802314, 4.63004178e-006, 0.3828698, 0.3828698, 2.26751151e-005, -0.923802314, -1.29588601e-005, 1, 1.91746207e-005, 0.923802329, -1.89523148e-005, 0.382869764, 0.382869764, 6.61656571e-006, -0.923802329, 1.49749096e-005, 1, 1.33686671e-005, 0, 0, 0, 0, 0, 0, 0, 0.136046826, -0.161763721, -0.128015747, -0.269745784, 0.804358831, -0.529200127, -0.465209961, 0.372314453, 0.803100586, 0.843104902, 0.462877155, 0.274025053, 0, 0, 0, 0, 0, 0, 0, 0.206436768, -0.117139404, -0.0939679687, -0.369337112, 0.339649027, -0.8649516, 0.505126953, -0.707885742, -0.493530273, -0.78006212, -0.619133806, 0.0897671925, 5, 1, 
289.188074, 0.1, 0.1, 0.109817301, 0.196432082, -0.0199628135, 0.923802389, -3.49620503e-005, 0.382869619, 0.382869619, -2.20804507e-006, -0.92380239, 3.3143419e-005, 0.999999999, 1.13461096e-005, 0.923802351, -1.49786733e-005, 0.382869711, 0.382869711, -1.65724391e-005, -0.923802351, 2.01824186e-005, 1, -9.57477792e-006, 0, 0, 0, 0, 0, 0, 0, 0.136046826, -0.161763721, -0.128015747, -0.269745784, 0.804358831, -0.529200127, -0.465209961, 0.372314453, 0.803100586, 0.843104902, 0.462877155, 0.274025053, 0, 0, 0, 0, 0, 0, 0, 0.206436768, -0.117139404, -0.0939679687, -0.369337112, 0.339649027, -0.8649516, 0.505126953, -0.707885742, -0.493530273, -0.78006212, -0.619133806, 0.0897671925, 5, 1, 
289.188915, 0.1, 0.1, 0.109817299, 0.196432082, -0.0199624383, 0.923802602, 3.08619007e-005, 0.382869106, 0.382869106, 1.84881014e-006, -0.923802602, -2.92181564e-005, 1, -1.01081327e-005, 0.923802564, 3.4410135e-005, 0.382869197, 0.382869198, -4.685677e-006, -0.923802564, -2.99941696e-005, 0.999999999, -1.75032212e-005, 0, 0, 0, 0, 0, 0, 0, 0.136046826, -0.161763721, -0.128015747, -0.269745784, 0.804358831, -0.529200127, -0.465209961, 0.372314453, 0.803100586, 0.843104902, 0.462877155, 0.274025053, 0, 0, 0, 0, 0, 0, 0, 0.206436768, -0.117139404, -0.0939679687, -0.369337112, 0.339649027, -0.8649516, 0.505126953, -0.707885742, -0.493530273, -0.78006212, -0.619133806, 0.0897671925, 5, 1, 
289.189755, 0.1, 0.1, 0.109817302, 0.196432082, -0.0199623775, 0.923802648, -2.4256017e-006, 0.382868995, 0.382868995, -2.32521552e-005, -0.923802648, 1.11433066e-005, 1, -2.05517148e-005, 0.92380266, -1.98928566e-005, 0.382868965, 0.382868965, -2.28891619e-005, -0.92380266, 2.71406236e-005, 1, -1.35287113e-005, 0, 0, 0, 0, 0, 0, 0, 0.136046826, -0.161763721, -0.128015747, -0.269745784, 0.804358831, -0.529200127, -0.465209961, 0.372314453, 0.803100586, 0.843104902, 0.462877155, 0.274025053, 0, 0, 0, 0, 0, 0, 0, 0.206436768, -0.117139404, -0.0939679687, -0.369337112, 0.339649027, -0.8649516, 0.505126953, -0.707885742, -0.493530273, -0.78006212, -0.619133806, 0.0897671925, 5, 1, 
289.1906, 0.1, 0.1, 0.109817299, 0.19643208, -0.0199626062, 0.923802459, -9.44420485e-006, 0.38286945, 0.38286945, -1.84527916e-005, -0.923802459, 1.57895898e-005, 1, -1.34308367e-005, 0.923802505, 9.96472943e-006, 0.38286934, 0.38286934, 1.24363573e-005, -0.923802505, -1.39669419e-005, 1, 7.6735486e-006, 0, 0, 0, 0, 0, 0, 0, 0.136046826, -0.161763721, -0.128015747, -0.269745784, 0.804358831, -0.529200127, -0.465209961, 0.372314453, 0.803100586, 0.843104902, 0.462877155, 0.274025053, 0, 0, 0, 0, 0, 0, 0, 0.206436768, -0.117139404, -0.0939679687, -0.369337112, 0.339649027, -0.8649516, 0.505126953, -0.707885742, -0.493530273, -0.78006212, -0.619133806, 0.0897671925, 5, 1, 
289.191448, 0.1, 0.1, 0.1098173, 0.19643208, -0.019962962, 0.923802322, 2.33124005e-005, 0.382869782, 0.382869781, 1.60177496e-005, -0.923802322, -2.7668762e-005, 1, 5.8716206e-006, 0.923802329, 8.0751878e-006, 0.382869765, 0.382869765, 1.8277305e-005, -0.923802329, -1.44577048e-005, 1, 1.37928717e-005, 0, 0, 0, 0, 0, 0, 0, 0.136046826, -0.161763721, -0.128015747, -0.269745784, 0.804358831, -0.529200127, -0.465209961, 0.372314453, 0.803100586, 0.843104902, 0.462877155, 0.274025053, 0, 0, 0, 0, 0, 0, 0, 0.206436768, -0.117139404, -0.0939679687, -0.369337112, 0.339649027, -0.8649516, 0.505126953, -0.707885742, -0.493530273, -0.78006212, -0.619133806, 0.0897671925, 5, 1, 
289.192332, 0.1, 0.1, 0.109817301, 0.196432083, -0.0199628234, 0.923802444, -3.45676247e-005, 0.382869486, 0.382869486, -6.62295549e-007, -0.923802444, 3.2187229e-005, 0.999999999, 1.26230585e-005, 0.923802402, -3.36634743e-005, 0.382869587, 0.382869587, -8.10828598e-006, -0.923802403, 3.42028145e-005, 0.999999999, 5.39826643e-006, 0, 0, 0, 0, 0, 0, 0, 0.135796973, -0.162314551, -0.128029395, -0.270360604, 0.806826345, -0.525037555, -0.461791992, 0.369750977, 0.806152344, 0.844685383, 0.460508868, 0.27299499, 0, 0, 0, 0, 0, 0, 0, 0.20599917, -0.117799756, -0.0940640137, -0.373604758, 0.33757827, -0.863884139, 0.506835938, -0.705688477, -0.494995117, -0.776828386, -0.622788247, 0.0924569841, 5, 1, 
289.193179, 0.1, 0.1, 0.109817298, 0.196432082, -0.0199627256, 0.923802652, 8.96424806e-006, 0.382868985, 0.382868984, 1.47788242e-005, -0.923802652, -1.39395496e-005, 1, 1.02205845e-005, 0.923802618, 3.13442235e-005, 0.382869066, 0.382869066, 3.15436254e-007, -0.923802619, -2.90766466e-005, 1, -1.17093327e-005, 0, 0, 0, 0, 0, 0, 0, 0.135796973, -0.162314551, -0.128029395, -0.270360604, 0.806826345, -0.525037555, -0.461791992, 0.369750977, 0.806152344, 0.844685383, 0.460508868, 0.27299499, 0, 0, 0, 0, 0, 0, 0, 0.20599917, -0.117799756, -0.0940640137, -0.373604758, 0.33757827, -0.863884139, 0.506835938, -0.705688477, -0.494995117, -0.776828386, -0.622788247, 0.0924569841, 5, 1, 
289.194023, 0.1, 0.1, 0.1098173, 0.196432083, -0.0199627819, 0.923802639, 2.12401159e-005, 0.382869016, 0.382869017, -4.88767219e-007, -0.923802639, -1.94345413e-005, 1, -8.58370672e-006, 0.923802661, -2.52085175e-006, 0.382868964, 0.382868964, -1.96817575e-005, -0.923802661, 9.86430366e-006, 1, -1.7216904e-005, 0, 0, 0, 0, 0, 0, 0, 0.135796973, -0.162314551, -0.128029395, -0.270360604, 0.806826345, -0.525037555, -0.461791992, 0.369750977, 0.806152344, 0.844685383, 0.460508868, 0.27299499, 0, 0, 0, 0, 0, 0, 0, 0.20599917, -0.117799756, -0.0940640137, -0.373604758, 0.33757827, -0.863884139, 0.506835938, -0.705688477, -0.494995117, -0.776828386, -0.622788247, 0.0924569841, 5, 1, 
289.194864, 0.1, 0.1, 0.109817299, 0.196432081, -0.0199629721, 0.923802431, -2.15746641e-005, 0.382869519, 0.382869519, -2.29063892e-005, -0.923802431, 2.87008854e-005, 1, -1.29006968e-005, 0.923802472, -1.06590093e-005, 0.382869419, 0.382869419, -1.1790966e-005, -0.923802472, 1.43612194e-005, 1, -6.81151481e-006, 0, 0, 0, 0, 0, 0, 0, 0.135796973, -0.162314551, -0.128029395, -0.270360604, 0.806826345, -0.525037555, -0.461791992, 0.369750977, 0.806152344, 0.844685383, 0.460508868, 0.27299499, 0, 0, 0, 0, 0, 0, 0, 0.20599917, -0.117799756, -0.0940640137, -0.373604758, 0.33757827, -0.863884139, 0.506835938, -0.705688477, -0.494995117, -0.776828386, -0.622788247, 0.0924569841, 5, 1, 
289.195703, 0.1, 0.1, 0.109817299, 0.196432078, -0.0199632982, 0.923802337, 2.70018336e-005, 0.382869744, 0.382869744, 1.23284737e-006, -0.923802338, -2.54163769e-005, 1, -9.19927782e-006, 0.923802336, 2.05456624e-005, 0.382869748, 0.382869748, 2.19690144e-005, -0.923802336, -2.73914019e-005, 1, 1.24287143e-005, 0, 0, 0, 0, 0, 0, 0, 0.135796973, -0.162314551, -0.128029395, -0.270360604, 0.806826345, -0.525037555, -0.461791992, 0.369750977, 0.806152344, 0.844685383, 0.460508868, 0.27299499, 0, 0, 0, 0, 0, 0, 0, 0.20599917, -0.117799756, -0.0940640137, -0.373604758, 0.33757827, -0.863884139, 0.506835938, -0.705688477, -0.494995117, -0.776828386, -0.622788247, 0.0924569841, 5, 1, 
289.196567, 0.1, 0.1, 0.109817303, 0.196432079, -0.0199634456, 0.923802495, -1.74737854e-005, 0.382869364, 0.382869364, 3.71605001e-006, -0.923802495, 1.47195649e-005, 1, 1.01230734e-005, 0.923802452, -3.5193317e-005, 0.382869466, 0.382869466, 4.81656933e-006, -0.923802453, 3.06675552e-005, 0.999999999, 1.7924005e-005, 0, 0, 0, 0, 0, 0, 0, 0.135355005, -0.16264751, -0.128068066, -0.270397674, 0.809217476, -0.521332166, -0.458007812, 0.368164062, 0.809082031, 0.846792317, 0.457658312, 0.271419379, 0, 0, 0, 0, 0, 0, 0, 0.20599917, -0.117799756, -0.0940640137, -0.373604758, 0.33757827, -0.863884139, 0.506835938, -0.705688477, -0.494995117, -0.776828386, -0.622788247, 0.0924569841, 5, 1, 
289.197431, 0.1, 0.1, 0.109817299, 0.196432078, -0.0199629908, 0.923802675, -1.81201006e-005, 0.382868929, 0.382868929, 6.42055893e-006, -0.923802675, 1.42811649e-005, 1, 1.2868953e-005, 0.923802658, 1.07428389e-005, 0.382868971, 0.382868971, 1.23341211e-005, -0.923802658, -1.46466154e-005, 1, 7.28119421e-006, 0, 0, 0, 0, 0, 0, 0, 0.135355005, -0.16264751, -0.128068066, -0.270397674, 0.809217476, -0.521332166, -0.458007812, 0.368164062, 0.809082031, 0.846792317, 0.457658312, 0.271419379, 0, 0, 0, 0, 0, 0, 0, 0.205311719, -0.118430078, -0.094141748, -0.378223848, 0.335833439, -0.862586634, 0.508056641, -0.703491211, -0.496704102, -0.773754334, -0.626040204, 0.095293697, 5, 1, 
289.198276, 0.1, 0.1, 0.109817299, 0.196432079, -0.0199626354, 0.923802609, 2.66317045e-005, 0.382869089, 0.382869088, 1.8245065e-005, -0.923802609, -3.15879095e-005, 0.999999999, 6.65838221e-006, 0.923802646, 2.28557822e-005, 0.382869, 0.382869001, -6.57892902e-006, -0.923802646, -1.85953641e-005, 1, -1.48284025e-005, 0, 0, 0, 0, 0, 0, 0, 0.135355005, -0.16264751, -0.128068066, -0.270397674, 0.809217476, -0.521332166, -0.458007812, 0.368164062, 0.809082031, 0.846792317, 0.457658312, 0.271419379, 0, 0, 0, 0, 0, 0, 0, 0.205311719, -0.118430078, -0.094141748, -0.378223848, 0.335833439, -0.862586634, 0.508056641, -0.703491211, -0.496704102, -0.773754334, -0.626040204, 0.095293697, 5, 1, 
289.199159, 0.1, 0.1, 0.1098173, 0.196432081, -0.0199622709, 0.923802393, -2.47141417e-005, 0.38286961, 0.38286961, -2.39994221e-005, -0.923802393, 3.20196326e-005, 0.999999999, -1.27084297e-005, 0.923802433, -2.25998207e-005, 0.382869513, 0.382869513, -3.26209088e-005, -0.923802433, 3.33673209e-005, 0.999999999, -2.14824926e-005, 0, 0, 0, 0, 0, 0, 0, 0.134608154, -0.163223853, -0.127982495, -0.267711868, 0.811322167, -0.519574951, -0.454223633, 0.369262695, 0.810791016, 0.849703909, 0.452999244, 0.270028736, 0, 0, 0, 0, 0, 0, 0, 0.205311719, -0.118430078, -0.094141748, -0.381322321, 0.33431865, -0.861781299, 0.509765625, -0.701538086, -0.497802734, -0.771134171, -0.62914524, 0.0969739963, 5, 1, 
289.200001, 0.1, 0.1, 0.109817297, 0.19643208, -0.0199618542, 0.923802357, 1.81588578e-005, 0.382869696, 0.382869696, -1.53356491e-005, -0.923802357, -1.09036403e-005, 1, -2.11195852e-005, 0.923802343, 3.02738313e-005, 0.382869731, 0.382869731, -3.0420065e-006, -0.923802343, -2.68023441e-005, 1, -1.44011464e-005, 0, 0, 0, 0, 0, 0, 0, 0.134608154, -0.163223853, -0.127982495, -0.267711868, 0.811322167, -0.519574951, -0.454223633, 0.369262695, 0.810791016, 0.849703909, 0.452999244, 0.270028736, 0, 0, 0, 0, 0, 0, 0, 0.204715332, -0.11904209, -0.094053125, -0.381322321, 0.33431865, -0.861781299, 0.509765625, -0.701538086, -0.497802734, -0.771134171, -0.62914524, 0.0969739963, 5, 1, 
289.200841, 0.1, 0.1, 0.109817301, 0.19643208, -0.0199619818, 0.923802556, 2.08372553e-005, 0.382869216, 0.382869216, -4.63582347e-006, -0.923802556, -1.74745956e-005, 1, -1.22605292e-005, 0.923802508, -1.5635302e-005, 0.382869333, 0.382869334, 3.26009062e-006, -0.923802508, 1.31957424e-005, 1, 8.99795753e-006, 0, 0, 0, 0, 0, 0, 0, 0.134608154, -0.163223853, -0.127982495, -0.267711868, 0.811322167, -0.519574951, -0.454223633, 0.369262695, 0.810791016, 0.849703909, 0.452999244, 0.270028736, 0, 0, 0, 0, 0, 0, 0, 0.204715332, -0.11904209, -0.094053125, -0.381322321, 0.33431865, -0.861781299, 0.509765625, -0.701538086, -0.497802734, -0.771134171, -0.62914524, 0.0969739963, 5, 1, 
289.201685, 0.1, 0.1, 0.109817299, 0.196432079, -0.0199625458, 0.923802701, -2.72319371e-005, 0.382868865, 0.382868865, -2.72177815e-006, -0.923802702, 2.61990212e-005, 1, 7.91187486e-006, 0.923802694, -1.77843199e-005, 0.382868885, 0.382868885, 1.00729594e-005, -0.923802694, 1.25725799e-005, 1, 1.61144898e-005, 0, 0, 0, 0, 0, 0, 0, 0.134608154, -0.163223853, -0.127982495, -0.267711868, 0.811322167, -0.519574951, -0.454223633, 0.369262695, 0.810791016, 0.849703909, 0.452999244, 0.270028736, 0, 0, 0, 0, 0, 0, 0, 0.204715332, -0.11904209, -0.094053125, -0.381322321, 0.33431865, -0.861781299, 0.509765625, -0.701538086, -0.497802734, -0.771134171, -0.62914524, 0.0969739963, 5, 1, 
289.202538, 0.1, 0.1, 0.109817296, 0.196432079, -0.0199631661, 0.923802592, 2.27139236e-005, 0.382869131, 0.38286913, 2.46985519e-005, -0.923802592, -3.04394946e-005, 0.999999999, 1.41201261e-005, 0.923802631, 2.71504371e-005, 0.382869037, 0.382869036, 1.92391096e-005, -0.923802631, -3.24477046e-005, 0.999999999, 7.37807838e-006, 0, 0, 0, 0, 0, 0, 0, 0.134608154, -0.163223853, -0.127982495, -0.267711868, 0.811322167, -0.519574951, -0.454223633, 0.369262695, 0.810791016, 0.849703909, 0.452999244, 0.270028736, 0, 0, 0, 0, 0, 0, 0, 0.204715332, -0.11904209, -0.094053125, -0.381322321, 0.33431865, -0.861781299, 0.509765625, -0.701538086, -0.497802734, -0.771134171, -0.62914524, 0.0969739963, 5, 1, 
289.203383, 0.1, 0.1, 0.109817299, 0.196432081, -0.0199637108, 0.923802394, -1.64095439e-005, 0.382869608, 0.382869608, 1.71387564e-006, -0.923802394, 1.4502985e-005, 1, 7.86599806e-006, 0.923802426, -2.23497841e-005, 0.382869529, 0.382869529, -2.27918749e-005, -0.923802427, 2.93730992e-005, 0.999999999, -1.24981381e-005, 0, 0, 0, 0, 0, 0, 0, 0.134608154, -0.163223853, -0.127982495, -0.267711868, 0.811322167, -0.519574951, -0.454223633, 0.369262695, 0.810791016, 0.849703909, 0.452999244, 0.270028736, 0, 0, 0, 0, 0, 0, 0, 0.204715332, -0.11904209, -0.094053125, -0.381322321, 0.33431865, -0.861781299, 0.509765625, -0.701538086, -0.497802734, -0.771134171, -0.62914524, 0.0969739963, 5, 1, 
289.204262, 0.1, 0.1, 0.109817295, 0.196432081, -0.0199636306, 0.923802413, -9.79295679e-006, 0.382869561, 0.382869561, -2.13275626e-005, -0.923802413, 1.72124317e-005, 1, -1.59530287e-005, 0.923802391, 1.90221657e-005, 0.382869615, 0.382869616, -1.82210589e-005, -0.923802391, -1.05964323e-005, 1, -2.41156671e-005, 0, 0, 0, 0, 0, 0, 0, 0.133906104, -0.163849756, -0.127103687, -0.264118811, 0.812418134, -0.519810094, -0.452026367, 0.371826172, 0.810791016, 0.852101031, 0.448994309, 0.269324427, 0, 0, 0, 0, 0, 0, 0, 0.204191943, -0.11991543, -0.093582959, -0.383315419, 0.332171335, -0.861774736, 0.512207031, -0.699829102, -0.497680664, -0.768520572, -0.632071272, 0.0980793706, 5, 1, 
289.205102, 0.1, 0.1, 0.109817296, 0.196432081, -0.0199632941, 0.923802624, 3.60233756e-005, 0.382869051, 0.382869051, -7.24723776e-006, -0.923802625, -3.05037459e-005, 0.999999999, -2.04872529e-005, 0.923802583, 2.09528688e-005, 0.382869152, 0.382869152, -7.12480604e-006, -0.923802583, -1.66284459e-005, 1, -1.46041214e-005, 0, 0, 0, 0, 0, 0, 0, 0.133906104, -0.163849756, -0.127103687, -0.264118811, 0.812418134, -0.519810094, -0.452026367, 0.371826172, 0.810791016, 0.852101031, 0.448994309, 0.269324427, 0, 0, 0, 0, 0, 0, 0, 0.204191943, -0.11991543, -0.093582959, -0.383315419, 0.332171335, -0.861774736, 0.512207031, -0.699829102, -0.497680664, -0.768520572, -0.632071272, 0.0980793706, 5, 1, 
289.205944, 0.1, 0.1, 0.109817298, 0.196432081, -0.0199629751, 0.923802722, -1.90559681e-005, 0.382868817, 0.382868817, -2.24853092e-005, -0.923802722, 2.62128789e-005, 1, -1.34760538e-005, 0.923802722, -2.86829817e-005, 0.382868815, 0.382868815, -3.9878561e-006, -0.923802723, 2.80242424e-005, 1, 7.29782689e-006, 0, 0, 0, 0, 0, 0, 0, 0.133906104, -0.163849756, -0.127103687, -0.264118811, 0.812418134, -0.519810094, -0.452026367, 0.371826172, 0.810791016, 0.852101031, 0.448994309, 0.269324427, 0, 0, 0, 0, 0, 0, 0, 0.204191943, -0.11991543, -0.093582959, -0.383315419, 0.332171335, -0.861774736, 0.512207031, -0.699829102, -0.497680664, -0.768520572, -0.632071272, 0.0980793706, 5, 1, 
289.206784, 0.1, 0.1, 0.109817294, 0.196432079, -0.019962804, 0.923802575, 8.15544004e-006, 0.382869172, 0.382869172, 1.55204383e-005, -0.923802575, -1.34763139e-005, 1, 1.12153543e-005, 0.923802617, 2.06131857e-005, 0.38286907, 0.38286907, 2.81377465e-005, -0.923802617, -2.98155878e-005, 0.999999999, 1.81015726e-005, 0, 0, 0, 0, 0, 0, 0, 0.133906104, -0.163849756, -0.127103687, -0.264118811, 0.812418134, -0.519810094, -0.452026367, 0.371826172, 0.810791016, 0.852101031, 0.448994309, 0.269324427, 0, 0, 0, 0, 0, 0, 0, 0.204191943, -0.11991543, -0.093582959, -0.383315419, 0.332171335, -0.861774736, 0.512207031, -0.699829102, -0.497680664, -0.768520572, -0.632071272, 0.0980793706, 5, 1, 
289.207632, 0.1, 0.1, 0.109817298, 0.19643208, -0.0199627363, 0.923802404, 5.6000973e-006, 0.382869585, 0.382869584, 2.38976282e-005, -0.923802404, -1.43230583e-005, 1, 1.99325795e-005, 0.923802419, -1.86379903e-005, 0.382869547, 0.382869547, 7.07867206e-006, -0.923802419, 1.45076126e-005, 1, 1.36752133e-005, 0, 0, 0, 0, 0, 0, 0, 0.133906104, -0.163849756, -0.127103687, -0.264118811, 0.812418134, -0.519810094, -0.452026367, 0.371826172, 0.810791016, 0.852101031, 0.448994309, 0.269324427, 0, 0, 0, 0, 0, 0, 0, 0.204191943, -0.11991543, -0.093582959, -0.383315419, 0.332171335, -0.861774736, 0.512207031, -0.699829102, -0.497680664, -0.768520572, -0.632071272, 0.0980793706, 5, 1, 
289.208499, 0.1, 0.1, 0.109817297, 0.196432079, -0.0199627124, 0.923802486, -3.55844009e-005, 0.382869385, 0.382869385, 2.27439097e-006, -0.923802486, 3.20021634e-005, 0.999999999, 1.57252657e-005, 0.923802441, -1.28335778e-005, 0.382869496, 0.382869495, -1.42720225e-005, -0.923802441, 1.73200125e-005, 1, -8.27094373e-006, 0, 0, 0, 0, 0, 0, 0, 0.133906104, -0.163849756, -0.127103687, -0.260037493, 0.811052579, -0.523834124, -0.451171875, 0.377563477, 0.80859375, 0.853679269, 0.446615162, 0.268107892, 0, 0, 0, 0, 0, 0, 0, 0.204191943, -0.11991543, -0.093582959, -0.383315419, 0.332171335, -0.861774736, 0.512207031, -0.699829102, -0.497680664, -0.768520572, -0.632071272, 0.0980793706, 5, 1, 
289.20936, 0.1, 0.1, 0.109817296, 0.196432077, -0.0199623011, 0.923802715, 3.06644574e-005, 0.382868832, 0.382868832, 5.22768354e-006, -0.923802716, -3.03294261e-005, 1, -6.91111672e-006, 0.923802675, 3.42296108e-005, 0.382868929, 0.382868929, -6.68154746e-007, -0.923802675, -3.13655904e-005, 0.999999999, -1.37226976e-005, 0, 0, 0, 0, 0, 0, 0, 0.13389624, -0.165042993, -0.125750342, -0.260037493, 0.811052579, -0.523834124, -0.451171875, 0.377563477, 0.80859375, 0.853679269, 0.446615162, 0.268107892, 0, 0, 0, 0, 0, 0, 0, 0.20375791, -0.120869824, -0.0929642578, -0.383775139, 0.328612042, -0.862860787, 0.514892578, -0.699462891, -0.495483398, -0.766482264, -0.634409252, 0.0990699064, 5, 1, 
289.210203, 0.1, 0.1, 0.109817299, 0.196432078, -0.0199622546, 0.923802773, -3.25118754e-006, 0.382868693, 0.382868693, -2.33553211e-005, -0.923802773, 1.19454773e-005, 1, -2.03309325e-005, 0.923802784, -2.06586568e-005, 0.382868667, 0.382868666, -2.24424095e-005, -0.923802784, 2.76770201e-005, 1, -1.2822808e-005, 0, 0, 0, 0, 0, 0, 0, 0.13389624, -0.165042993, -0.125750342, -0.260037493, 0.811052579, -0.523834124, -0.451171875, 0.377563477, 0.80859375, 0.853679269, 0.446615162, 0.268107892, 0, 0, 0, 0, 0, 0, 0, 0.20375791, -0.120869824, -0.0929642578, -0.383775139, 0.328612042, -0.862860787, 0.514892578, -0.699462891, -0.495483398, -0.766482264, -0.634409252, 0.0990699064, 5, 1, 
289.211047, 0.1, 0.1, 0.109817296, 0.196432076, -0.0199625635, 0.923802594, -1.0398667e-005, 0.382869126, 0.382869126, -2.16070898e-005, -0.923802594, 1.78790031e-005, 1, -1.5979357e-005, 0.923802638, 8.99662801e-006, 0.38286902, 0.38286902, 9.8566443e-006, -0.923802638, -1.20849124e-005, 1, 5.66106385e-006, 0, 0, 0, 0, 0, 0, 0, 0.13389624, -0.165042993, -0.125750342, -0.260037493, 0.811052579, -0.523834124, -0.451171875, 0.377563477, 0.80859375, 0.853679269, 0.446615162, 0.268107892, 0, 0, 0, 0, 0, 0, 0, 0.20375791, -0.120869824, -0.0929642578, -0.383775139, 0.328612042, -0.862860787, 0.514892578, -0.699462891, -0.495483398, -0.766482264, -0.634409252, 0.0990699064, 5, 1, 
289.211901, 0.1, 0.1, 0.109817297, 0.196432077, -0.0199629992, 0.923802464, 2.44267832e-005, 0.382869439, 0.382869439, 1.19554816e-005, -0.923802464, -2.7142911e-005, 1, 1.69223459e-006, 0.92380247, 8.37669289e-006, 0.382869426, 0.382869426, 1.44139487e-005, -0.92380247, -1.32570699e-005, 1, 1.01084619e-005, 0, 0, 0, 0, 0, 0, 0, 0.13389624, -0.165042993, -0.125750342, -0.260037493, 0.811052579, -0.523834124, -0.451171875, 0.377563477, 0.80859375, 0.853679269, 0.446615162, 0.268107892, 0, 0, 0, 0, 0, 0, 0, 0.20375791, -0.120869824, -0.0929642578, -0.383775139, 0.328612042, -0.862860787, 0.514892578, -0.699462891, -0.495483398, -0.766482264, -0.634409252, 0.0990699064, 5, 1, 
289.21274, 0.1, 0.1, 0.109817298, 0.19643208, -0.0199633949, 0.923802583, -3.1847002e-005, 0.382869152, 0.382869152, -1.66251283e-006, -0.923802583, 3.00568676e-005, 0.999999999, 1.0657401e-005, 0.923802542, -3.02033084e-005, 0.38286925, 0.38286925, -9.01998351e-006, -0.923802542, 3.13553674e-005, 1, 3.23123436e-006, 0, 0, 0, 0, 0, 0, 0, 0.13389624, -0.165042993, -0.125750342, -0.260037493, 0.811052579, -0.523834124, -0.451171875, 0.377563477, 0.80859375, 0.853679269, 0.446615162, 0.268107892, 0, 0, 0, 0, 0, 0, 0, 0.20375791, -0.120869824, -0.0929642578, -0.383775139, 0.328612042, -0.862860787, 0.514892578, -0.699462891, -0.495483398, -0.766482264, -0.634409252, 0.0990699064, 5, 1, 
289.213624, 0.1, 0.1, 0.109817295, 0.196432079, -0.019963482, 0.923802796, 4.66933711e-006, 0.382868639, 0.382868639, 1.6242469e-005, -0.923802795, -1.05322787e-005, 1, 1.32170955e-005, 0.923802759, 2.94017421e-005, 0.382868726, 0.382868727, 5.7759994e-007, -0.923802759, -2.73825554e-005, 1, -1.07234191e-005, 0, 0, 0, 0, 0, 0, 0, 0.134281567, -0.165941333, -0.125283838, -0.261312438, 0.810976195, -0.523245514, -0.448120117, 0.378173828, 0.810058594, 0.854993528, 0.446132892, 0.264801275, 0, 0, 0, 0, 0, 0, 0, 0.20375791, -0.120869824, -0.0929642578, -0.385723395, 0.324720261, -0.863525031, 0.518554688, -0.697753906, -0.494018555, -0.763127496, -0.63825509, 0.100718489, 5, 1, 
289.214467, 0.1, 0.1, 0.109817298, 0.19643208, -0.0199630534, 0.92380278, 1.74184604e-005, 0.382868676, 0.382868676, -2.76812013e-007, -0.92380278, -1.59852395e-005, 1, -6.92470257e-006, 0.923802802, -5.95355516e-006, 0.382868624, 0.382868624, -1.87858857e-005, -0.923802802, 1.26924371e-005, 1, -1.50750244e-005, 0, 0, 0, 0, 0, 0, 0, 0.134281567, -0.165941333, -0.125283838, -0.261312438, 0.810976195, -0.523245514, -0.448120117, 0.378173828, 0.810058594, 0.854993528, 0.446132892, 0.264801275, 0, 0, 0, 0, 0, 0, 0, 0.203699561, -0.121654688, -0.0925270508, -0.385723395, 0.324720261, -0.863525031, 0.518554688, -0.697753906, -0.494018555, -0.763127496, -0.63825509, 0.100718489, 5, 1, 
289.215308, 0.1, 0.1, 0.109817298, 0.196432078, -0.019962755, 0.923802573, -2.24582224e-005, 0.382869175, 0.382869175, -2.42530207e-005, -0.923802573, 3.00326976e-005, 0.999999999, -1.38064419e-005, 0.923802614, -1.25454844e-005, 0.382869077, 0.382869076, -1.28502497e-005, -0.923802614, 1.65095146e-005, 1, -7.06781619e-006, 0, 0, 0, 0, 0, 0, 0, 0.134281567, -0.165941333, -0.125283838, -0.261312438, 0.810976195, -0.523245514, -0.448120117, 0.378173828, 0.810058594, 0.854993528, 0.446132892, 0.264801275, 0, 0, 0, 0, 0, 0, 0, 0.203699561, -0.121654688, -0.0925270508, -0.385723395, 0.324720261, -0.863525031, 0.518554688, -0.697753906, -0.494018555, -0.763127496, -0.63825509, 0.100718489, 5, 1, 
289.216194, 0.1, 0.1, 0.109817296, 0.196432075, -0.0199622733, 0.923802482, 3.46550157e-005, 0.382869395, 0.382869396, 1.14161797e-006, -0.923802482, -3.24514801e-005, 0.999999999, -1.22137154e-005, 0.923802477, 2.85109511e-005, 0.382869406, 0.382869406, 2.24440792e-005, -0.923802478, -3.49316385e-005, 0.999999999, 9.81792502e-006, 0, 0, 0, 0, 0, 0, 0, 0.134632349, -0.166841748, -0.125035815, -0.263247508, 0.810836531, -0.522555432, -0.444824219, 0.378662109, 0.811645508, 0.856041564, 0.44603142, 0.261354995, 0, 0, 0, 0, 0, 0, 0, 0.203844434, -0.122576367, -0.0920551758, -0.387888934, 0.322016977, -0.863531228, 0.521484375, -0.695922852, -0.493652344, -0.76004105, -0.641730527, 0.101945265, 5, 1, 
289.217035, 0.1, 0.1, 0.109817299, 0.196432076, -0.0199618959, 0.923802652, -1.42047133e-005, 0.382868985, 0.382868985, 3.19595573e-006, -0.923802652, 1.18987195e-005, 1, 8.39097653e-006, 0.923802606, -3.18129958e-005, 0.382869094, 0.382869095, 4.37292752e-006, -0.923802607, 2.77146696e-005, 0.999999999, 1.62199347e-005, 0, 0, 0, 0, 0, 0, 0, 0.134632349, -0.166841748, -0.125035815, -0.263247508, 0.810836531, -0.522555432, -0.444824219, 0.378662109, 0.811645508, 0.856041564, 0.44603142, 0.261354995, 0, 0, 0, 0, 0, 0, 0, 0.203844434, -0.122576367, -0.0920551758, -0.387888934, 0.322016977, -0.863531228, 0.521484375, -0.695922852, -0.493652344, -0.76004105, -0.641730527, 0.101945265, 5, 1, 
289.217874, 0.1, 0.1, 0.109817295, 0.196432075, -0.0199620624, 0.923802839, -2.13332062e-005, 0.382868533, 0.382868534, 6.67232419e-006, -0.923802839, 1.71530535e-005, 1, 1.43317254e-005, 0.92380282, 8.80945796e-006, 0.38286858, 0.38286858, 1.27408055e-005, -0.92380282, -1.30162562e-005, 1, 8.3971274e-006, 0, 0, 0, 0, 0, 0, 0, 0.134632349, -0.166841748, -0.125035815, -0.263247508, 0.810836531, -0.522555432, -0.444824219, 0.378662109, 0.811645508, 0.856041564, 0.44603142, 0.261354995, 0, 0, 0, 0, 0, 0, 0, 0.203844434, -0.122576367, -0.0920551758, -0.387888934, 0.322016977, -0.863531228, 0.521484375, -0.695922852, -0.493652344, -0.76004105, -0.641730527, 0.101945265, 5, 1, 
289.21872, 0.1, 0.1, 0.109817296, 0.196432077, -0.0199625894, 0.92380278, 2.27459568e-005, 0.382868676, 0.382868676, 1.79953039e-005, -0.92380278, -2.79026163e-005, 1, 7.91539741e-006, 0.923802816, 1.88363705e-005, 0.38286859, 0.38286859, -7.13709842e-006, -0.923802816, -1.46685213e-005, 1, -1.38051262e-005, 0, 0, 0, 0, 0, 0, 0, 0.134632349, -0.166841748, -0.125035815, -0.263247508, 0.810836531, -0.522555432, -0.444824219, 0.378662109, 0.811645508, 0.856041564, 0.44603142, 0.261354995, 0, 0, 0, 0, 0, 0, 0, 0.203844434, -0.122576367, -0.0920551758, -0.387888934, 0.322016977, -0.863531228, 0.521484375, -0.695922852, -0.493652344, -0.76004105, -0.641730527, 0.101945265, 5, 1, 
289.219563, 0.1, 0.1, 0.109817298, 0.196432078, -0.0199632396, 0.923802578, -2.54448095e-005, 0.382869164, 0.382869163, -2.26583197e-005, -0.923802578, 3.21811525e-005, 0.999999999, -1.11897812e-005, 0.923802614, -2.36303856e-005, 0.382869078, 0.382869077, -2.99684602e-005, -0.923802614, 3.33038087e-005, 0.999999999, -1.86375979e-005, 0, 0, 0, 0, 0, 0, 0, 0.134632349, -0.166841748, -0.125035815, -0.263247508, 0.810836531, -0.522555432, -0.444824219, 0.378662109, 0.811645508, 0.856041564, 0.44603142, 0.261354995, 0, 0, 0, 0, 0, 0, 0, 0.203844434, -0.122576367, -0.0920551758, -0.387888934, 0.322016977, -0.863531228, 0.521484375, -0.695922852, -0.493652344, -0.76004105, -0.641730527, 0.101945265, 5, 1, 
289.220403, 0.1, 0.1, 0.109817296, 0.196432076, -0.0199638789, 0.923802539, 1.67336556e-005, 0.382869259, 0.382869259, -1.38445048e-005, -0.923802539, -1.01579582e-005, 1, -1.9196391e-005, 0.923802526, 2.79475344e-005, 0.38286929, 0.38286929, -2.15297191e-006, -0.923802526, -2.49936961e-005, 1, -1.26891735e-005, 0, 0, 0, 0, 0, 0, 0, 0.134632349, -0.166841748, -0.125035815, -0.263247508, 0.810836531, -0.522555432, -0.444824219, 0.378662109, 0.811645508, 0.856041564, 0.44603142, 0.261354995, 0, 0, 0, 0, 0, 0, 0, 0.203844434, -0.122576367, -0.0920551758, -0.387888934, 0.322016977, -0.863531228, 0.521484375, -0.695922852, -0.493652344, -0.76004105, -0.641730527, 0.101945265, 5, 1, 
289.221287, 0.1, 0.1, 0.1098173, 0.196432076, -0.0199636855, 0.923802741, 1.72296175e-005, 0.38286877, 0.38286877, -2.26966043e-006, -0.923802741, -1.50477858e-005, 1, -8.69340098e-006, 0.923802694, -1.8119792e-005, 0.382868884, 0.382868885, 5.21454396e-006, -0.923802694, 1.4742626e-005, 1, 1.17547143e-005, 0, 0, 0, 0, 0, 0, 0, 0.134991187, -0.167662695, -0.124884937, -0.265068002, 0.812333515, -0.519396713, -0.440307617, 0.377319336, 0.814697266, 0.857813005, 0.444558402, 0.257888496, 0, 0, 0, 0, 0, 0, 0, 0.203947803, -0.123223291, -0.091994873, -0.390661481, 0.320029342, -0.863064578, 0.523681641, -0.693725586, -0.494384766, -0.757018403, -0.645008004, 0.103344482, 5, 1, 
289.222129, 0.1, 0.1, 0.109817299, 0.196432075, -0.0199633023, 0.923802885, -2.65503268e-005, 0.382868424, 0.382868424, -6.47377078e-007, -0.923802885, 2.47751287e-005, 1, 9.56723294e-006, 0.923802876, -1.80936684e-005, 0.382868444, 0.382868444, 1.20035523e-005, -0.923802876, 1.21192015e-005, 1, 1.80164108e-005, 0, 0, 0, 0, 0, 0, 0, 0.134991187, -0.167662695, -0.124884937, -0.265068002, 0.812333515, -0.519396713, -0.440307617, 0.377319336, 0.814697266, 0.857813005, 0.444558402, 0.257888496, 0, 0, 0, 0, 0, 0, 0, 0.203947803, -0.123223291, -0.091994873, -0.390661481, 0.320029342, -0.863064578, 0.523681641, -0.693725586, -0.494384766, -0.757018403, -0.645008004, 0.103344482, 5, 1, 
289.223013, 0.1, 0.1, 0.109817295, 0.196432073, -0.0199627297, 0.923802766, 2.49009792e-005, 0.382868709, 0.382868708, 3.0326198e-005, -0.923802767, -3.46145457e-005, 0.999999999, 1.84816199e-005, 0.923802812, 2.97476579e-005, 0.382868598, 0.382868598, 2.47350118e-005, -0.923802812, -3.69512293e-005, 0.999999999, 1.14608294e-005, 0, 0, 0, 0, 0, 0, 0, 0.134991187, -0.167662695, -0.124884937, -0.265068002, 0.812333515, -0.519396713, -0.440307617, 0.377319336, 0.814697266, 0.857813005, 0.444558402, 0.257888496, 0, 0, 0, 0, 0, 0, 0, 0.203947803, -0.123223291, -0.091994873, -0.390661481, 0.320029342, -0.863064578, 0.523681641, -0.693725586, -0.494384766, -0.757018403, -0.645008004, 0.103344482, 5, 1, 
289.223866, 0.1, 0.1, 0.109817298, 0.196432075, -0.0199618498, 0.923802563, -1.45683221e-005, 0.3828692, 0.3828692, 5.48421733e-006, -0.923802563, 1.13585154e-005, 1, 1.06440959e-005, 0.923802597, -2.10493845e-005, 0.382869118, 0.382869118, -2.04727296e-005, -0.923802597, 2.7283852e-005, 1, -1.08536015e-005, 0, 0, 0, 0, 0, 0, 0, 0.134991187, -0.167662695, -0.124884937, -0.265068002, 0.812333515, -0.519396713, -0.440307617, 0.377319336, 0.814697266, 0.857813005, 0.444558402, 0.257888496, 0, 0, 0, 0, 0, 0, 0, 0.203947803, -0.123223291, -0.091994873, -0.390661481, 0.320029342, -0.863064578, 0.523681641, -0.693725586, -0.494384766, -0.757018403, -0.645008004, 0.103344482, 5, 1, 
