time, realDorsalTactorPos, realVentralTactorPos, boxPosX, boxPosY, boxPosZ, boxLocalRot_11, boxLocalRot_12, boxLocalRot_13, boxLocalRot_21, boxLocalRot_22, boxLocalRot_23, boxLocalRot_31, boxLocalRot_32, boxLocalRot_33, boxGlobalRot_11, boxGlobalRot_12, boxGlobalRot_13, boxGlobalRot_21, boxGlobalRot_22, boxGlobalRot_23, boxGlobalRot_31, boxGlobalRot_32, boxGlobalRot_33, indexForceX, indexForceY, indexForceZ, indexForceGlobalX, indexForceGlobalY, indexForceGlobalZ, indexContact, indexPosX, indexPosY, indexPosZ, indexRot_11, indexRot_12, indexRot_13, indexRot_21, indexRot_22, indexRot_23, indexRot_31, indexRot_32, indexRot_33, thumbForceX, thumbForceY, thumbForceZ, thumbForceGlobalX, thumbForceGlobalY, thumbForceGlobalZ, thumbContact, thumbPosX, thumbPosY, thumbPosZ, thumbRot_11, thumbRot_12, thumbRot_13, thumbRot_21, thumbRot_22, thumbRot_23, thumbRot_31, thumbRot_32, thumbRot_33, mapping, trialSuccess, 
83.6921772, 0.1, 0.1, 0.126540811, 0.201224617, -0.0199531507, 0.996317107, -0.0857450844, 5.6121548e-005, -0.0857450845, -0.996317108, -1.1767255e-006, 5.60157569e-005, -3.63975513e-006, -0.999999998, 0.996317201, -0.0857439779, 6.87264475e-005, -0.0857439762, -0.996317203, -2.7628066e-005, 7.08422822e-005, 2.16334385e-005, -0.999999997, 0, 0, 0, 0, 0, 0, 0, 0.110585693, 0.0451081299, -0.200485229, -0.149650558, 0.986710494, -0.0610822754, -0.440795898, -0.0112304688, 0.897583008, 0.88501451, 0.16122809, 0.436808207, 0, 0, 0, 0, 0, 0, 0, 0.191396533, 0.0695834961, -0.184233594, -0.235526769, 0.612268283, -0.75462141, 0.398071289, -0.647583008, -0.649658203, -0.886531427, -0.453376761, -0.0910972063, 1, 1, 
83.7085037, 0.1, 0.1, 0.126540042, 0.201215494, -0.0199609287, 0.996314675, -0.0857733437, -4.73904828e-005, -0.0857733435, -0.996314676, 6.27402321e-006, -4.77539774e-005, -2.18606124e-006, -0.999999999, 0.996314671, -0.0857733995, -1.95696478e-005, -0.0857733993, -0.996314671, 7.3335916e-006, -2.01265543e-005, -5.62800968e-006, -1, 0, 0, 0, 0, 0, 0, 0, 0.117683936, 0.0276654541, -0.204662744, -0.146982727, 0.986033516, -0.0765980205, -0.431396484, 0.00573730468, 0.902099609, 0.890153604, 0.165537438, 0.424681811, 0, 0, 0, 0, 0, 0, 0, 0.197887402, 0.0551481445, -0.186448535, -0.238982517, 0.589813718, -0.771335085, 0.409301758, -0.659057617, -0.630859375, -0.88051202, -0.466292704, -0.0838936665, 1, 1, 
83.7093604, 0.1, 0.1, 0.126540008, 0.201215101, -0.0199553664, 0.996314712, -0.0857729154, 5.02612814e-005, -0.0857729171, -0.996314712, 3.44371299e-005, 4.71222811e-005, -3.86212759e-005, -0.999999998, 0.996314705, -0.0857729988, 2.58448057e-005, -0.0857729994, -0.996314705, 2.49364644e-005, 2.36106846e-005, -2.70613527e-005, -0.999999999, 0, 0, 0, 0, 0, 0, 0, 0.117683936, 0.0276654541, -0.204662744, -0.146982727, 0.986033516, -0.0765980205, -0.431396484, 0.00573730468, 0.902099609, 0.890153604, 0.165537438, 0.424681811, 0, 0, 0, 0, 0, 0, 0, 0.198884717, 0.0524224609, -0.186750635, -0.238982517, 0.589813718, -0.771335085, 0.409301758, -0.659057617, -0.630859375, -0.88051202, -0.466292704, -0.0838936665, 1, 1, 
83.7102091, 0.1, 0.1, 0.126539975, 0.201214711, -0.0199530005, 0.996314722, -0.0857727733, -7.44403194e-005, -0.0857727764, -0.996314724, -3.95182545e-005, -7.0776396e-005, 4.57575716e-005, -0.999999996, 0.996314728, -0.0857727223, -4.66400218e-005, -0.0857727243, -0.996314728, -4.29039164e-005, -4.27881549e-005, 4.67462455e-005, -0.999999998, 0, 0, 0, 0, 0, 0, 0, 0.117683936, 0.0276654541, -0.204662744, -0.146982727, 0.986033516, -0.0765980205, -0.431396484, 0.00573730468, 0.902099609, 0.890153604, 0.165537438, 0.424681811, 0, 0, 0, 0, 0, 0, 0, 0.198884717, 0.0524224609, -0.186750635, -0.238982517, 0.589813718, -0.771335085, 0.409301758, -0.659057617, -0.630859375, -0.88051202, -0.466292704, -0.0838936665, 1, 1, 
83.7110594, 0.1, 0.1, 0.126539938, 0.201214331, -0.0199543418, 0.99631465, -0.0857736411, 4.0931951e-005, -0.085773641, -0.99631465, -3.2794764e-006, 4.10623951e-005, -2.43492091e-007, -0.999999999, 0.996314674, -0.0857733696, 1.45969154e-005, -0.0857733699, -0.996314674, 1.87609306e-005, 1.29339327e-005, -1.99438171e-005, -1, 0, 0, 0, 0, 0, 0, 0, 0.117683936, 0.0276654541, -0.204662744, -0.146982727, 0.986033516, -0.0765980205, -0.431396484, 0.00573730468, 0.902099609, 0.890153604, 0.165537438, 0.424681811, 0, 0, 0, 0, 0, 0, 0, 0.198884717, 0.0524224609, -0.186750635, -0.238982517, 0.589813718, -0.771335085, 0.409301758, -0.659057617, -0.630859375, -0.88051202, -0.466292704, -0.0838936665, 1, 1, 
83.7119027, 0.1, 0.1, 0.126539909, 0.201213948, -0.0199586424, 0.996314499, -0.0857753841, -4.32900848e-005, -0.0857753839, -0.9963145, 5.29597158e-006, -4.35848032e-005, -1.56322963e-006, -0.999999999, 0.996314536, -0.085774968, -2.45129233e-005, -0.0857749688, -0.996314536, -3.01833764e-005, -2.18336036e-005, 3.21747319e-005, -0.999999999, 0, 0, 0, 0, 0, 0, 0, 0.117683936, 0.0276654541, -0.204662744, -0.146982727, 0.986033516, -0.0765980205, -0.431396484, 0.00573730468, 0.902099609, 0.890153604, 0.165537438, 0.424681811, 0, 0, 0, 0, 0, 0, 0, 0.198884717, 0.0524224609, -0.186750635, -0.238982517, 0.589813718, -0.771335085, 0.409301758, -0.659057617, -0.630859375, -0.88051202, -0.466292704, -0.0838936665, 1, 1, 
83.7127598, 0.1, 0.1, 0.126539878, 0.201213577, -0.0199641886, 0.996314312, -0.0857775568, 4.64340872e-005, -0.0857775555, -0.996314313, -3.04404688e-005, 4.88740547e-005, 2.63452722e-005, -0.999999998, 0.996314349, -0.0857771364, 2.45781762e-005, -0.085777136, -0.996314349, -1.73573243e-005, 2.59764512e-005, 1.51851057e-005, -1, 0, 0, 0, 0, 0, 0, 0, 0.117683936, 0.0276654541, -0.204662744, -0.146982727, 0.986033516, -0.0765980205, -0.431396484, 0.00573730468, 0.902099609, 0.890153604, 0.165537438, 0.424681811, 0, 0, 0, 0, 0, 0, 0, 0.198884717, 0.0524224609, -0.186750635, -0.238982517, 0.589813718, -0.771335085, 0.409301758, -0.659057617, -0.630859375, -0.88051202, -0.466292704, -0.0838936665, 1, 1, 
83.7136493, 0.1, 0.1, 0.126539852, 0.20121319, -0.0199685149, 0.996314163, -0.085779298, -1.93746498e-005, -0.0857792974, -0.996314163, 3.25381216e-005, -2.20943352e-005, -3.07562475e-005, -0.999999999, 0.996314185, -0.0857790476, -1.03762791e-006, -0.0857790476, -0.996314184, 3.17671597e-005, -3.75876011e-006, -3.15610651e-005, -0.999999999, 0, 0, 0, 0, 0, 0, 0, 0.119202563, 0.0249809326, -0.205217627, -0.147845795, 0.985818591, -0.0786798673, -0.431030273, 0.00744628905, 0.90222168, 0.890166709, 0.167301766, 0.424022808, 0, 0, 0, 0, 0, 0, 0, 0.200166797, 0.0496601562, -0.187099609, -0.24038793, 0.586235102, -0.77351375, 0.411987305, -0.659912109, -0.628173828, -0.878818594, -0.469614656, -0.0830179691, 1, 1, 
83.7144965, 0.1, 0.1, 0.126539823, 0.201212826, -0.0199701562, 0.996314091, -0.0857801302, 3.77066017e-005, -0.08578013, -0.996314092, -7.92252186e-006, 3.82472136e-005, 4.65884297e-006, -0.999999999, 0.9963141, -0.0857800342, 2.20647088e-005, -0.0857800338, -0.9963141, -1.82816508e-005, 2.35515811e-005, 1.6321555e-005, -1, 0, 0, 0, 0, 0, 0, 0, 0.119202563, 0.0249809326, -0.205217627, -0.147845795, 0.985818591, -0.0786798673, -0.431030273, 0.00744628905, 0.90222168, 0.890166709, 0.167301766, 0.424022808, 0, 0, 0, 0, 0, 0, 0, 0.200166797, 0.0496601562, -0.187099609, -0.24038793, 0.586235102, -0.77351375, 0.411987305, -0.659912109, -0.628173828, -0.878818594, -0.469614656, -0.0830179691, 1, 1, 
83.7153431, 0.1, 0.1, 0.126539795, 0.201212472, -0.0199691542, 0.996314091, -0.0857801329, -4.21563405e-005, -0.0857801334, -0.996314091, -8.82175561e-006, -4.12442247e-005, 1.24054159e-005, -0.999999999, 0.996314085, -0.0857802014, -2.21502497e-005, -0.0857802011, -0.996314085, 1.38184909e-005, -2.32539587e-005, -1.18675042e-005, -1, 0, 0, 0, 0, 0, 0, 0, 0.119202563, 0.0249809326, -0.205217627, -0.147845795, 0.985818591, -0.0786798673, -0.431030273, 0.00744628905, 0.90222168, 0.890166709, 0.167301766, 0.424022808, 0, 0, 0, 0, 0, 0, 0, 0.200166797, 0.0496601562, -0.187099609, -0.24038793, 0.586235102, -0.77351375, 0.411987305, -0.659912109, -0.628173828, -0.878818594, -0.469614656, -0.0830179691, 1, 1, 
83.7161834, 0.1, 0.1, 0.126539764, 0.20121212, -0.0199661988, 0.996314124, -0.0857797474, 3.59582717e-005, -0.0857797481, -0.996314124, 1.91134739e-005, 3.41861851e-005, -2.21275155e-005, -0.999999999, 0.996314118, -0.0857798233, 1.67576079e-005, -0.0857798234, -0.996314118, 1.02010645e-005, 1.58207959e-005, -1.16009293e-005, -1, 0, 0, 0, 0, 0, 0, 0, 0.119202563, 0.0249809326, -0.205217627, -0.147845795, 0.985818591, -0.0786798673, -0.431030273, 0.00744628905, 0.90222168, 0.890166709, 0.167301766, 0.424022808, 0, 0, 0, 0, 0, 0, 0, 0.200166797, 0.0496601562, -0.187099609, -0.24038793, 0.586235102, -0.77351375, 0.411987305, -0.659912109, -0.628173828, -0.878818594, -0.469614656, -0.0830179691, 1, 1, 
83.717033, 0.1, 0.1, 0.126539734, 0.201211766, -0.0199623598, 0.99631414, -0.0857795554, -5.63512513e-005, -0.0857795571, -0.996314141, -2.85341368e-005, -5.3695903e-005, 3.32627494e-005, -0.999999998, 0.996314142, -0.0857795323, -3.59649578e-005, -0.0857795335, -0.996314142, -3.34157566e-005, -3.29660082e-005, 3.63776482e-005, -0.999999999, 0, 0, 0, 0, 0, 0, 0, 0.119202563, 0.0249809326, -0.205217627, -0.147845795, 0.985818591, -0.0786798673, -0.431030273, 0.00744628905, 0.90222168, 0.890166709, 0.167301766, 0.424022808, 0, 0, 0, 0, 0, 0, 0, 0.200166797, 0.0496601562, -0.187099609, -0.24038793, 0.586235102, -0.77351375, 0.411987305, -0.659912109, -0.628173828, -0.878818594, -0.469614656, -0.0830179691, 1, 1, 
83.7178965, 0.1, 0.1, 0.126539704, 0.201211417, -0.0199589774, 0.996314082, -0.0857802282, 4.92584727e-005, -0.0857802283, -0.996314083, 1.84458256e-006, 4.89186813e-005, -6.06318662e-006, -0.999999999, 0.996314104, -0.0857799845, 2.47774815e-005, -0.0857799851, -0.996314104, 2.39934372e-005, 2.26279976e-005, -2.60304119e-005, -0.999999999, 0, 0, 0, 0, 0, 0, 0, 0.119202563, 0.0249809326, -0.205217627, -0.146823967, 0.985672936, -0.0823863787, -0.430908203, 0.0112304687, 0.90234375, 0.890375643, 0.167942795, 0.42325035, 0, 0, 0, 0, 0, 0, 0, 0.200166797, 0.0496601562, -0.187099609, -0.24038793, 0.586235102, -0.77351375, 0.411987305, -0.659912109, -0.628173828, -0.878818594, -0.469614656, -0.0830179691, 1, 1, 
83.7187659, 0.1, 0.1, 0.126539677, 0.201211061, -0.0199567713, 0.996313948, -0.0857817895, -4.54716957e-005, -0.0857817888, -0.996313949, 1.67425684e-005, -4.67402922e-005, -1.2780211e-005, -0.999999999, 0.996313981, -0.0857814098, -2.59218882e-005, -0.0857814104, -0.996313981, -2.03835083e-005, -2.40778135e-005, 2.25319905e-005, -0.999999999, 0, 0, 0, 0, 0, 0, 0, 0.120594873, 0.022073291, -0.205186157, -0.146823967, 0.985672936, -0.0823863787, -0.430908203, 0.0112304687, 0.90234375, 0.890375643, 0.167942795, 0.42325035, 0, 0, 0, 0, 0, 0, 0, 0.20146377, 0.0471477051, -0.18722876, -0.241537781, 0.583007932, -0.775666896, 0.414794922, -0.660522461, -0.625610352, -0.87722105, -0.472776928, -0.0823850749, 1, 1, 
83.7196108, 0.1, 0.1, 0.12653965, 0.201210726, -0.0199570243, 0.996313776, -0.0857837745, 5.9378631e-005, -0.0857837724, -0.996313777, -3.58900796e-005, 6.22385346e-005, 3.06640577e-005, -0.999999998, 0.99631381, -0.085783389, 3.49501654e-005, -0.0857833884, -0.996313811, -1.91387214e-005, 3.64631169e-005, 1.60700289e-005, -0.999999999, 0, 0, 0, 0, 0, 0, 0, 0.120594873, 0.022073291, -0.205186157, -0.146823967, 0.985672936, -0.0823863787, -0.430908203, 0.0112304687, 0.90234375, 0.890375643, 0.167942795, 0.42325035, 0, 0, 0, 0, 0, 0, 0, 0.20146377, 0.0471477051, -0.18722876, -0.241537781, 0.583007932, -0.775666896, 0.414794922, -0.660522461, -0.625610352, -0.87722105, -0.472776928, -0.0823850749, 1, 1, 
83.7204674, 0.1, 0.1, 0.126539629, 0.201210391, -0.0199592921, 0.996313649, -0.0857852701, -3.21524781e-005, -0.085785269, -0.996313649, 3.44345255e-005, -3.49879278e-005, -3.15493788e-005, -0.999999999, 0.996313667, -0.0857850612, -6.90826524e-006, -0.0857850609, -0.996313667, 3.42906475e-005, -9.82442437e-006, -3.35716148e-005, -0.999999999, 0, 0, 0, 0, 0, 0, 0, 0.120594873, 0.022073291, -0.205186157, -0.146823967, 0.985672936, -0.0823863787, -0.430908203, 0.0112304687, 0.90234375, 0.890375643, 0.167942795, 0.42325035, 0, 0, 0, 0, 0, 0, 0, 0.20146377, 0.0471477051, -0.18722876, -0.241537781, 0.583007932, -0.775666896, 0.414794922, -0.660522461, -0.625610352, -0.87722105, -0.472776928, -0.0823850749, 1, 1, 
83.7213105, 0.1, 0.1, 0.126539601, 0.201210061, -0.0199626705, 0.996313604, -0.085785784, 4.23965911e-005, -0.0857857833, -0.996313605, -1.69266864e-005, 4.36923696e-005, 1.32272631e-005, -0.999999999, 0.996313606, -0.0857857669, 2.11919746e-005, -0.0857857663, -0.996313606, -3.0538891e-005, 2.37336548e-005, 2.86083429e-005, -0.999999999, 0, 0, 0, 0, 0, 0, 0, 0.120594873, 0.022073291, -0.205186157, -0.146823967, 0.985672936, -0.0823863787, -0.430908203, 0.0112304687, 0.90234375, 0.890375643, 0.167942795, 0.42325035, 0, 0, 0, 0, 0, 0, 0, 0.20146377, 0.0471477051, -0.18722876, -0.241537781, 0.583007932, -0.775666896, 0.414794922, -0.660522461, -0.625610352, -0.87722105, -0.472776928, -0.0823850749, 1, 1, 
83.7221562, 0.1, 0.1, 0.126539577, 0.20120974, -0.0199659683, 0.996313643, -0.0857853348, -4.11394086e-005, -0.0857853351, -0.996313644, -6.76467216e-006, -4.04074444e-005, 1.02688931e-005, -0.999999999, 0.996313629, -0.085785496, -1.89422957e-005, -0.0857854957, -0.99631363, 1.68327627e-005, -2.03164742e-005, -1.51457367e-005, -1, 0, 0, 0, 0, 0, 0, 0, 0.120594873, 0.022073291, -0.205186157, -0.146823967, 0.985672936, -0.0823863787, -0.430908203, 0.0112304687, 0.90234375, 0.890375643, 0.167942795, 0.42325035, 0, 0, 0, 0, 0, 0, 0, 0.20146377, 0.0471477051, -0.18722876, -0.241537781, 0.583007932, -0.775666896, 0.414794922, -0.660522461, -0.625610352, -0.87722105, -0.472776928, -0.0823850749, 1, 1, 
83.7230414, 0.1, 0.1, 0.126539547, 0.201209405, -0.0199678721, 0.996313716, -0.0857844857, 3.92685189e-005, -0.0857844867, -0.996313716, 2.51103682e-005, 3.6969684e-005, -2.8386434e-005, -0.999999999, 0.996313702, -0.0857846593, 1.82039737e-005, -0.0857846596, -0.996313702, 1.4744385e-005, 1.68720264e-005, -1.62516545e-005, -1, 0, 0, 0, 0, 0, 0, 0, 0.121559497, 0.019171875, -0.205731885, -0.145534796, 0.985717119, -0.0841016536, -0.427490234, 0.0140380859, 0.903930664, 0.892272521, 0.16744143, 0.419443489, 0, 0, 0, 0, 0, 0, 0, 0.20146377, 0.0471477051, -0.18722876, -0.24413169, 0.580119447, -0.777014707, 0.416137695, -0.661010742, -0.624267578, -0.875898026, -0.475658117, -0.0800718813, 1, 1, 
83.7238831, 0.1, 0.1, 0.126539523, 0.20120909, -0.019967526, 0.996313766, -0.085783908, -4.12278734e-005, -0.0857839087, -0.996313766, -1.56753996e-005, -3.97312008e-005, 1.91543045e-005, -0.999999999, 0.996313761, -0.0857839656, -2.259258e-005, -0.085783966, -0.996313761, -1.91853879e-005, -2.08634997e-005, 2.10527471e-005, -1, 0, 0, 0, 0, 0, 0, 0, 0.121559497, 0.019171875, -0.205731885, -0.145534796, 0.985717119, -0.0841016536, -0.427490234, 0.0140380859, 0.903930664, 0.892272521, 0.16744143, 0.419443489, 0, 0, 0, 0, 0, 0, 0, 0.202212939, 0.044440332, -0.187492529, -0.24413169, 0.580119447, -0.777014707, 0.416137695, -0.661010742, -0.624267578, -0.875898026, -0.475658117, -0.0800718813, 1, 1, 
83.7247477, 0.1, 0.1, 0.126539495, 0.201208775, -0.0199654729, 0.996313749, -0.0857841044, 4.03046676e-005, -0.0857841048, -0.996313749, 1.01145721e-005, 3.9288425e-005, -1.3534787e-005, -0.999999999, 0.996313759, -0.0857839905, 2.30493007e-005, -0.0857839911, -0.996313759, 2.78445104e-005, 2.05757222e-005, -2.97191298e-005, -0.999999999, 0, 0, 0, 0, 0, 0, 0, 0.121559497, 0.019171875, -0.205731885, -0.145534796, 0.985717119, -0.0841016536, -0.427490234, 0.0140380859, 0.903930664, 0.892272521, 0.16744143, 0.419443489, 0, 0, 0, 0, 0, 0, 0, 0.202212939, 0.044440332, -0.187492529, -0.24413169, 0.580119447, -0.777014707, 0.416137695, -0.661010742, -0.624267578, -0.875898026, -0.475658117, -0.0800718813, 1, 1, 
83.7256494, 0.1, 0.1, 0.126539468, 0.201208442, -0.0199618399, 0.996313658, -0.0857851483, -5.02755155e-005, -0.0857851474, -0.996313659, 2.02586614e-005, -5.18280751e-005, -1.58710885e-005, -0.999999999, 0.996313682, -0.0857848829, -3.32630046e-005, -0.0857848833, -0.996313682, -1.10478494e-005, -3.21926481e-005, 1.38605865e-005, -0.999999999, 0, 0, 0, 0, 0, 0, 0, 0.122724414, 0.0160396484, -0.206125049, -0.144639527, 0.985552368, -0.0872948165, -0.42578125, 0.0177001953, 0.904663086, 0.893243052, 0.167961891, 0.417230214, 0, 0, 0, 0, 0, 0, 0, 0.203278125, 0.0414652832, -0.187834424, -0.245217741, 0.576279072, -0.779429612, 0.417480469, -0.662841797, -0.621459961, -0.87490749, -0.477657412, -0.0781163293, 1, 1, 
83.7264974, 0.1, 0.1, 0.126539442, 0.201208137, -0.0199589015, 0.996313534, -0.0857865969, 5.13798891e-005, -0.0857865951, -0.996313534, -3.61025105e-005, 5.42875904e-005, 3.1561714e-005, -0.999999998, 0.996313559, -0.0857863154, 2.77443129e-005, -0.0857863149, -0.996313559, -1.97226382e-005, 2.93339676e-005, 1.72698495e-005, -0.999999999, 0, 0, 0, 0, 0, 0, 0, 0.122724414, 0.0160396484, -0.206125049, -0.144639527, 0.985552368, -0.0872948165, -0.42578125, 0.0177001953, 0.904663086, 0.893243052, 0.167961891, 0.417230214, 0, 0, 0, 0, 0, 0, 0, 0.203278125, 0.0414652832, -0.187834424, -0.245217741, 0.576279072, -0.779429612, 0.417480469, -0.662841797, -0.621459961, -0.87490749, -0.477657412, -0.0781163293, 1, 1, 
83.727348, 0.1, 0.1, 0.126539421, 0.201207836, -0.0199576363, 0.996313447, -0.0857876025, -4.005141e-005, -0.0857876012, -0.996313448, 3.28297196e-005, -4.27201413e-005, -2.92727768e-005, -0.999999999, 0.996313458, -0.0857874853, -1.56161388e-005, -0.0857874847, -0.996313458, 3.37417159e-005, -1.84531862e-005, -3.22776564e-005, -0.999999999, 0, 0, 0, 0, 0, 0, 0, 0.122724414, 0.0160396484, -0.206125049, -0.144639527, 0.985552368, -0.0872948165, -0.42578125, 0.0177001953, 0.904663086, 0.893243052, 0.167961891, 0.417230214, 0, 0, 0, 0, 0, 0, 0, 0.203278125, 0.0414652832, -0.187834424, -0.245217741, 0.576279072, -0.779429612, 0.417480469, -0.662841797, -0.621459961, -0.87490749, -0.477657412, -0.0781163293, 1, 1, 
83.7281955, 0.1, 0.1, 0.126539396, 0.201207533, -0.0199583491, 0.996313442, -0.085787659, 5.22155063e-005, -0.0857876579, -0.996313443, -2.35585339e-005, 5.40440423e-005, 1.8992238e-005, -0.999999998, 0.996313436, -0.0857877387, 2.76354245e-005, -0.0857877376, -0.996313436, -3.90820445e-005, 3.0886305e-005, 3.65671855e-005, -0.999999999, 0, 0, 0, 0, 0, 0, 0, 0.122724414, 0.0160396484, -0.206125049, -0.144639527, 0.985552368, -0.0872948165, -0.42578125, 0.0177001953, 0.904663086, 0.893243052, 0.167961891, 0.417230214, 0, 0, 0, 0, 0, 0, 0, 0.203278125, 0.0414652832, -0.187834424, -0.245217741, 0.576279072, -0.779429612, 0.417480469, -0.662841797, -0.621459961, -0.87490749, -0.477657412, -0.0781163293, 1, 1, 
83.7290473, 0.1, 0.1, 0.126539375, 0.20120724, -0.0199606738, 0.996313527, -0.0857866806, -4.33317045e-005, -0.0857866813, -0.996313528, -1.33550703e-005, -4.20262762e-005, 1.70231204e-005, -0.999999999, 0.996313504, -0.0857869551, -1.77277348e-005, -0.0857869549, -0.996313504, 1.42157053e-005, -1.88819037e-005, -1.26424907e-005, -1, 0, 0, 0, 0, 0, 0, 0, 0.122724414, 0.0160396484, -0.206125049, -0.144639527, 0.985552368, -0.0872948165, -0.42578125, 0.0177001953, 0.904663086, 0.893243052, 0.167961891, 0.417230214, 0, 0, 0, 0, 0, 0, 0, 0.203278125, 0.0414652832, -0.187834424, -0.245217741, 0.576279072, -0.779429612, 0.417480469, -0.662841797, -0.621459961, -0.87490749, -0.477657412, -0.0781163293, 1, 1, 
83.7298909, 0.1, 0.1, 0.12653935, 0.201206948, -0.0199636095, 0.996313642, -0.0857853465, 4.35720896e-005, -0.0857853475, -0.996313642, 2.10631061e-005, 4.16045615e-005, -2.47233068e-005, -0.999999999, 0.99631362, -0.0857856049, 2.10102507e-005, -0.0857856051, -0.99631362, 9.53488217e-006, 2.01148433e-005, -1.130211e-005, -1, 0, 0, 0, 0, 0, 0, 0, 0.122724414, 0.0160396484, -0.206125049, -0.144639527, 0.985552368, -0.0872948165, -0.42578125, 0.0177001953, 0.904663086, 0.893243052, 0.167961891, 0.417230214, 0, 0, 0, 0, 0, 0, 0, 0.203278125, 0.0414652832, -0.187834424, -0.245217741, 0.576279072, -0.779429612, 0.417480469, -0.662841797, -0.621459961, -0.87490749, -0.477657412, -0.0781163293, 1, 1, 
83.7307859, 0.1, 0.1, 0.126539327, 0.201206644, -0.0199656906, 0.996313735, -0.0857842641, -4.07540182e-005, -0.085784265, -0.996313735, -2.0788583e-005, -3.88204548e-005, 2.42080043e-005, -0.999999999, 0.996313723, -0.0857844063, -1.99844824e-005, -0.0857844068, -0.996313723, -2.52039426e-005, -1.77487088e-005, 2.68253909e-005, -0.999999999, 0, 0, 0, 0, 0, 0, 0, 0.123881885, 0.0131306641, -0.206275317, -0.143883922, 0.985387618, -0.0901071811, -0.424194336, 0.0208740234, 0.905273438, 0.894112111, 0.168482353, 0.415080218, 0, 0, 0, 0, 0, 0, 0, 0.204323535, 0.038726416, -0.187941602, -0.246706277, 0.57289222, -0.781563435, 0.419433594, -0.663818359, -0.619018555, -0.873591029, -0.480468238, -0.0764994625, 1, 1, 
83.7316268, 0.1, 0.1, 0.126539303, 0.201206365, -0.0199664499, 0.996313749, -0.0857841054, 3.74607151e-005, -0.0857841059, -0.996313749, 1.07138548e-005, 3.6403547e-005, -1.38878948e-005, -0.999999999, 0.996313753, -0.0857840602, 2.0057033e-005, -0.0857840607, -0.996313753, 2.6540638e-005, 1.77063341e-005, -2.81633763e-005, -0.999999999, 0, 0, 0, 0, 0, 0, 0, 0.123881885, 0.0131306641, -0.206275317, -0.143883922, 0.985387618, -0.0901071811, -0.424194336, 0.0208740234, 0.905273438, 0.894112111, 0.168482353, 0.415080218, 0, 0, 0, 0, 0, 0, 0, 0.204323535, 0.038726416, -0.187941602, -0.246706277, 0.57289222, -0.781563435, 0.419433594, -0.663818359, -0.619018555, -0.873591029, -0.480468238, -0.0764994625, 1, 1, 
83.7324701, 0.1, 0.1, 0.126539281, 0.201206084, -0.019966046, 0.996313696, -0.0857847129, -4.04795749e-005, -0.0857847121, -0.996313697, 1.93701079e-005, -4.19920141e-005, -1.58261752e-005, -0.999999999, 0.996313713, -0.0857845289, -2.43406519e-005, -0.0857845291, -0.996313713, -7.63032718e-006, -2.35963612e-005, 9.69025096e-006, -1, 0, 0, 0, 0, 0, 0, 0, 0.123881885, 0.0131306641, -0.206275317, -0.143883922, 0.985387618, -0.0901071811, -0.424194336, 0.0208740234, 0.905273438, 0.894112111, 0.168482353, 0.415080218, 0, 0, 0, 0, 0, 0, 0, 0.204323535, 0.038726416, -0.187941602, -0.246706277, 0.57289222, -0.781563435, 0.419433594, -0.663818359, -0.619018555, -0.873591029, -0.480468238, -0.0764994625, 1, 1, 
83.7333145, 0.1, 0.1, 0.126539257, 0.201205809, -0.0199646482, 0.996313608, -0.0857857393, 4.04691065e-005, -0.0857857381, -0.996313608, -3.0418922e-005, 4.29294312e-005, 2.68351137e-005, -0.999999999, 0.996313626, -0.0857855407, 2.15756304e-005, -0.0857855403, -0.996313626, -1.59657296e-005, 2.28657233e-005, 1.40559968e-005, -1, 0, 0, 0, 0, 0, 0, 0, 0.123881885, 0.0131306641, -0.206275317, -0.143883922, 0.985387618, -0.0901071811, -0.424194336, 0.0208740234, 0.905273438, 0.894112111, 0.168482353, 0.415080218, 0, 0, 0, 0, 0, 0, 0, 0.204323535, 0.038726416, -0.187941602, -0.246706277, 0.57289222, -0.781563435, 0.419433594, -0.663818359, -0.619018555, -0.873591029, -0.480468238, -0.0764994625, 1, 1, 
83.7341595, 0.1, 0.1, 0.126539236, 0.201205537, -0.0199628622, 0.996313549, -0.0857864239, -4.2064165e-005, -0.0857864229, -0.99631355, 2.61509731e-005, -4.4152496e-005, -2.24460346e-005, -0.999999999, 0.996313555, -0.0857863565, -2.06100735e-005, -0.0857863559, -0.996313555, 2.76460854e-005, -2.29057525e-005, -2.57761065e-005, -0.999999999, 0, 0, 0, 0, 0, 0, 0, 0.123881885, 0.0131306641, -0.206275317, -0.143883922, 0.985387618, -0.0901071811, -0.424194336, 0.0208740234, 0.905273438, 0.894112111, 0.168482353, 0.415080218, 0, 0, 0, 0, 0, 0, 0, 0.204323535, 0.038726416, -0.187941602, -0.246706277, 0.57289222, -0.781563435, 0.419433594, -0.663818359, -0.619018555, -0.873591029, -0.480468238, -0.0764994625, 1, 1, 
83.735049, 0.1, 0.1, 0.126539212, 0.201205247, -0.0199609663, 0.996313562, -0.0857862614, 5.05934871e-005, -0.0857862604, -0.996313564, -2.21133034e-005, 5.2303995e-005, 1.7691558e-005, -0.999999998, 0.996313552, -0.0857863929, 2.530884e-005, -0.0857863919, -0.996313552, -3.90733708e-005, 2.85675038e-005, 3.67581748e-005, -0.999999999, 0, 0, 0, 0, 0, 0, 0, 0.124872998, 0.010229248, -0.206433643, -0.142049201, 0.985431801, -0.0930341217, -0.42175293, 0.0247802734, 0.90637207, 0.895551807, 0.167980987, 0.412206818, 0, 0, 0, 0, 0, 0, 0, 0.204323535, 0.038726416, -0.187941602, -0.247147041, 0.569850617, -0.783524817, 0.420654297, -0.665405273, -0.616577148, -0.872900899, -0.481892608, -0.0753554423, 1, 1, 
83.7358996, 0.1, 0.1, 0.126539193, 0.201204982, -0.0199596128, 0.99631366, -0.0857851326, -4.84590483e-005, -0.0857851335, -0.996313661, -1.66185589e-005, -4.68547865e-005, 2.07143631e-005, -0.999999999, 0.996313634, -0.0857854411, -2.21835523e-005, -0.0857854409, -0.996313634, 1.24942023e-005, -2.31735963e-005, -1.05451183e-005, -1, 0, 0, 0, 0, 0, 0, 0, 0.124872998, 0.010229248, -0.206433643, -0.142049201, 0.985431801, -0.0930341217, -0.42175293, 0.0247802734, 0.90637207, 0.895551807, 0.167980987, 0.412206818, 0, 0, 0, 0, 0, 0, 0, 0.205201855, 0.0358163086, -0.188047314, -0.247147041, 0.569850617, -0.783524817, 0.420654297, -0.665405273, -0.616577148, -0.872900899, -0.481892608, -0.0753554423, 1, 1, 
83.7367468, 0.1, 0.1, 0.126539169, 0.201204717, -0.0199595513, 0.996313789, -0.0857836359, 4.98678078e-005, -0.0857836372, -0.996313789, 2.42850767e-005, 4.76007223e-005, -2.84733987e-005, -0.999999998, 0.996313765, -0.0857839221, 2.57496564e-005, -0.0857839224, -0.996313765, 1.12671213e-005, 2.46881992e-005, -1.34344946e-005, -1, 0, 0, 0, 0, 0, 0, 0, 0.124872998, 0.010229248, -0.206433643, -0.142049201, 0.985431801, -0.0930341217, -0.42175293, 0.0247802734, 0.90637207, 0.895551807, 0.167980987, 0.412206818, 0, 0, 0, 0, 0, 0, 0, 0.205201855, 0.0358163086, -0.188047314, -0.247147041, 0.569850617, -0.783524817, 0.420654297, -0.665405273, -0.616577148, -0.872900899, -0.481892608, -0.0753554423, 1, 1, 
83.7376147, 0.1, 0.1, 0.126539149, 0.201204448, -0.0199606355, 0.996313889, -0.0857824673, -5.16266189e-005, -0.0857824685, -0.99631389, -2.08520096e-005, -4.96475807e-005, 2.52038056e-005, -0.999999998, 0.996313876, -0.0857826325, -2.58550291e-005, -0.0857826332, -0.996313876, -2.64104969e-005, -2.34941623e-005, 2.8531057e-005, -0.999999999, 0, 0, 0, 0, 0, 0, 0, 0.124872998, 0.010229248, -0.206433643, -0.142049201, 0.985431801, -0.0930341217, -0.42175293, 0.0247802734, 0.90637207, 0.895551807, 0.167980987, 0.412206818, 0, 0, 0, 0, 0, 0, 0, 0.205201855, 0.0358163086, -0.188047314, -0.246980796, 0.566432049, -0.786080448, 0.422119141, -0.667236328, -0.613525391, -0.87214697, -0.483233856, -0.0743966227, 1, 1, 
83.7384536, 0.1, 0.1, 0.126539125, 0.201204198, -0.0199622875, 0.996313904, -0.0857823076, 3.67584186e-005, -0.0857823082, -0.996313904, 1.62813027e-005, 3.52262758e-005, -1.93745103e-005, -0.999999999, 0.996313909, -0.0857822535, 1.69870917e-005, -0.085782254, -0.996313908, 3.37645292e-005, 1.40280783e-005, -3.50972611e-005, -0.999999999, 0, 0, 0, 0, 0, 0, 0, 0.124872998, 0.010229248, -0.206433643, -0.142049201, 0.985431801, -0.0930341217, -0.42175293, 0.0247802734, 0.90637207, 0.895551807, 0.167980987, 0.412206818, 0, 0, 0, 0, 0, 0, 0, 0.206344922, 0.0328830078, -0.187972998, -0.246980796, 0.566432049, -0.786080448, 0.422119141, -0.667236328, -0.613525391, -0.87214697, -0.483233856, -0.0743966227, 1, 1, 
83.7392949, 0.1, 0.1, 0.126539105, 0.201203943, -0.0199642, 0.996313843, -0.0857830044, -4.37574516e-005, -0.0857830036, -0.996313844, 2.10086302e-005, -4.53983383e-005, -1.71775434e-005, -0.999999999, 0.996313861, -0.0857827994, -2.66727333e-005, -0.0857827996, -0.996313862, -7.02507893e-006, -2.5971783e-005, 9.28724526e-006, -1, 0, 0, 0, 0, 0, 0, 0, 0.124872998, 0.010229248, -0.206433643, -0.142049201, 0.985431801, -0.0930341217, -0.42175293, 0.0247802734, 0.90637207, 0.895551807, 0.167980987, 0.412206818, 0, 0, 0, 0, 0, 0, 0, 0.206344922, 0.0328830078, -0.187972998, -0.246980796, 0.566432049, -0.786080448, 0.422119141, -0.667236328, -0.613525391, -0.87214697, -0.483233856, -0.0743966227, 1, 1, 
83.7401582, 0.1, 0.1, 0.126539082, 0.201203689, -0.0199654619, 0.996313744, -0.0857841565, 3.97048505e-005, -0.0857841554, -0.996313745, -2.80451671e-005, 4.19643193e-005, 2.45357383e-005, -0.999999999, 0.996313764, -0.0857839374, 2.00518354e-005, -0.0857839371, -0.996313764, -1.38283882e-005, 2.11641732e-005, 1.20572881e-005, -1, 0, 0, 0, 0, 0, 0, 0, 0.126044751, 0.00709433594, -0.206600269, -0.140989182, 0.985228858, -0.0962141799, -0.421020508, 0.0283203125, 0.906616211, 0.896001876, 0.168260314, 0.410856611, 0, 0, 0, 0, 0, 0, 0, 0.206344922, 0.0328830078, -0.187972998, -0.246980796, 0.566432049, -0.786080448, 0.422119141, -0.667236328, -0.613525391, -0.87214697, -0.483233856, -0.0743966227, 1, 1, 
83.741048, 0.1, 0.1, 0.126539063, 0.20120343, -0.0199652233, 0.996313675, -0.085784961, -3.63517108e-005, -0.08578496, -0.996313675, 2.76416213e-005, -3.8588942e-005, -2.44212952e-005, -0.999999999, 0.996313683, -0.0857848772, -1.66954314e-005, -0.0857848767, -0.996313683, 2.91106549e-005, -1.91311407e-005, -2.75711283e-005, -0.999999999, 0, 0, 0, 0, 0, 0, 0, 0.126044751, 0.00709433594, -0.206600269, -0.140989182, 0.985228858, -0.0962141799, -0.421020508, 0.0283203125, 0.906616211, 0.896001876, 0.168260314, 0.410856611, 0, 0, 0, 0, 0, 0, 0, 0.206344922, 0.0328830078, -0.187972998, -0.246980796, 0.566432049, -0.786080448, 0.422119141, -0.667236328, -0.613525391, -0.87214697, -0.483233856, -0.0743966227, 1, 1, 
83.7418938, 0.1, 0.1, 0.126539042, 0.201203181, -0.0199640579, 0.996313677, -0.0857849372, 4.45909829e-005, -0.0857849364, -0.996313678, -1.95452776e-005, 4.61032966e-005, 1.56479928e-005, -0.999999999, 0.99631367, -0.085785021, 2.29372088e-005, -0.0857850202, -0.99631367, -3.32371313e-005, 2.57039027e-005, 3.11469394e-005, -0.999999999, 0, 0, 0, 0, 0, 0, 0, 0.126044751, 0.00709433594, -0.206600269, -0.140989182, 0.985228858, -0.0962141799, -0.421020508, 0.0283203125, 0.906616211, 0.896001876, 0.168260314, 0.410856611, 0, 0, 0, 0, 0, 0, 0, 0.206344922, 0.0328830078, -0.187972998, -0.246980796, 0.566432049, -0.786080448, 0.422119141, -0.667236328, -0.613525391, -0.87214697, -0.483233856, -0.0743966227, 1, 1, 
83.742785, 0.1, 0.1, 0.126539023, 0.201202929, -0.0199621244, 0.996313761, -0.085783962, -4.77455019e-005, -0.0857839628, -0.996313762, -1.63464174e-005, -4.61672402e-005, 2.0381959e-005, -0.999999999, 0.996313739, -0.0857842286, -2.41551617e-005, -0.0857842284, -0.996313739, 1.16258408e-005, -2.50634332e-005, -9.51085302e-006, -1, 0, 0, 0, 0, 0, 0, 0, 0.12715144, 0.00440786133, -0.20648811, -0.141192125, 0.985019924, -0.0983342187, -0.420288086, 0.0302734375, 0.906860352, 0.896281203, 0.169282142, 0.409956473, 0, 0, 0, 0, 0, 0, 0, 0.207643604, 0.0303754395, -0.187867432, -0.248143406, 0.5633518, -0.787952511, 0.425292969, -0.667480469, -0.611206055, -0.870428024, -0.486626171, -0.0741024137, 1, 1, 
83.743628, 0.1, 0.1, 0.126539003, 0.201202689, -0.0199605359, 0.996313873, -0.085782652, 5.21836406e-005, -0.0857826533, -0.996313874, 2.23068597e-005, 5.00777436e-005, -2.67010849e-005, -0.999999998, 0.996313853, -0.0857829014, 2.84706085e-005, -0.0857829017, -0.996313853, 1.00882001e-005, 2.75002666e-005, -1.2493305e-005, -1, 0, 0, 0, 0, 0, 0, 0, 0.12715144, 0.00440786133, -0.20648811, -0.141192125, 0.985019924, -0.0983342187, -0.420288086, 0.0302734375, 0.906860352, 0.896281203, 0.169282142, 0.409956473, 0, 0, 0, 0, 0, 0, 0, 0.207643604, 0.0303754395, -0.187867432, -0.248143406, 0.5633518, -0.787952511, 0.425292969, -0.667480469, -0.611206055, -0.870428024, -0.486626171, -0.0741024137, 1, 1, 
83.7444724, 0.1, 0.1, 0.126538986, 0.201202452, -0.0199600185, 0.996313958, -0.0857816675, -4.60390586e-005, -0.0857816687, -0.996313959, -2.37569082e-005, -4.38314496e-005, 2.76186466e-005, -0.999999999, 0.996313949, -0.0857817896, -2.27863034e-005, -0.0857817903, -0.996313948, -2.90353481e-005, -2.02116078e-005, 3.08829722e-005, -0.999999999, 0, 0, 0, 0, 0, 0, 0, 0.12715144, 0.00440786133, -0.20648811, -0.141192125, 0.985019924, -0.0983342187, -0.420288086, 0.0302734375, 0.906860352, 0.896281203, 0.169282142, 0.409956473, 0, 0, 0, 0, 0, 0, 0, 0.207643604, 0.0303754395, -0.187867432, -0.248143406, 0.5633518, -0.787952511, 0.425292969, -0.667480469, -0.611206055, -0.870428024, -0.486626171, -0.0741024137, 1, 1, 
83.7453174, 0.1, 0.1, 0.126538966, 0.201202224, -0.0199606359, 0.99631396, -0.0857816446, 4.64703049e-005, -0.0857816454, -0.996313961, 1.48384336e-005, 4.50261484e-005, -1.87700377e-005, -0.999999999, 0.996313968, -0.0857815609, 2.60428686e-005, -0.0857815617, -0.996313968, 3.32863006e-005, 2.3091523e-005, -3.53976041e-005, -0.999999999, 0, 0, 0, 0, 0, 0, 0, 0.12715144, 0.00440786133, -0.20648811, -0.141192125, 0.985019924, -0.0983342187, -0.420288086, 0.0302734375, 0.906860352, 0.896281203, 0.169282142, 0.409956473, 0, 0, 0, 0, 0, 0, 0, 0.207643604, 0.0303754395, -0.187867432, -0.248143406, 0.5633518, -0.787952511, 0.425292969, -0.667480469, -0.611206055, -0.870428024, -0.486626171, -0.0741024137, 1, 1, 
83.7461633, 0.1, 0.1, 0.126538948, 0.201201991, -0.0199621302, 0.996313885, -0.085782516, -4.34076948e-005, -0.0857825151, -0.996313886, 2.22858276e-005, -4.51594235e-005, -1.84800582e-005, -0.999999999, 0.996313907, -0.085782267, -2.41443279e-005, -0.0857822672, -0.996313908, -8.2163915e-006, -2.3350509e-005, 1.02572603e-005, -1, 0, 0, 0, 0, 0, 0, 0, 0.12715144, 0.00440786133, -0.20648811, -0.141192125, 0.985019924, -0.0983342187, -0.420288086, 0.0302734375, 0.906860352, 0.896281203, 0.169282142, 0.409956473, 0, 0, 0, 0, 0, 0, 0, 0.207643604, 0.0303754395, -0.187867432, -0.248143406, 0.5633518, -0.787952511, 0.425292969, -0.667480469, -0.611206055, -0.870428024, -0.486626171, -0.0741024137, 1, 1, 
83.7470301, 0.1, 0.1, 0.126538928, 0.20120176, -0.01996378, 0.996313771, -0.0857838467, 4.16750421e-005, -0.0857838455, -0.996313771, -2.92706578e-005, 4.4032368e-005, 2.55877141e-005, -0.999999999, 0.996313795, -0.0857835682, 1.9132095e-005, -0.0857835679, -0.996313796, -1.26598288e-005, 2.01475755e-005, 1.09719428e-005, -1, 0, 0, 0, 0, 0, 0, 0, 0.12715144, 0.00440786133, -0.20648811, -0.141420155, 0.984874269, -0.0995601108, -0.418334961, 0.0317382812, 0.907714844, 0.897182463, 0.169923171, 0.407678796, 0, 0, 0, 0, 0, 0, 0, 0.207643604, 0.0303754395, -0.187867432, -0.248143406, 0.5633518, -0.787952511, 0.425292969, -0.667480469, -0.611206055, -0.870428024, -0.486626171, -0.0741024137, 1, 1, 
83.7478928, 0.1, 0.1, 0.126538912, 0.201201532, -0.0199645387, 0.99631369, -0.085784784, -3.4466707e-005, -0.0857847831, -0.996313691, 2.65274196e-005, -3.6615301e-005, -2.34729124e-005, -0.999999999, 0.996313701, -0.0857846715, -1.37985098e-005, -0.0857846711, -0.9963137, 2.74391364e-005, -1.61015017e-005, -2.61542869e-005, -1, 0, 0, 0, 0, 0, 0, 0, 0.12825874, 0.00172346191, -0.206780933, -0.141420155, 0.984874269, -0.0995601108, -0.418334961, 0.0317382812, 0.907714844, 0.897182463, 0.169923171, 0.407678796, 0, 0, 0, 0, 0, 0, 0, 0.208780322, 0.0276915039, -0.187542041, -0.248296524, 0.560655079, -0.789799054, 0.427856445, -0.66796875, -0.608764648, -0.868971205, -0.488996234, -0.0740510078, 1, 1, 
83.7487354, 0.1, 0.1, 0.126538893, 0.201201307, -0.0199647973, 0.996313681, -0.0857848953, 4.08968643e-005, -0.0857848946, -0.996313681, -1.94274923e-005, 4.24126908e-005, 1.58475432e-005, -0.999999999, 0.996313676, -0.0857849509, 2.01018423e-005, -0.0857849502, -0.996313676, -3.28583313e-005, 2.28464907e-005, 3.10127694e-005, -0.999999999, 0, 0, 0, 0, 0, 0, 0, 0.12825874, 0.00172346191, -0.206780933, -0.141420155, 0.984874269, -0.0995601108, -0.418334961, 0.0317382812, 0.907714844, 0.897182463, 0.169923171, 0.407678796, 0, 0, 0, 0, 0, 0, 0, 0.208780322, 0.0276915039, -0.187542041, -0.248296524, 0.560655079, -0.789799054, 0.427856445, -0.66796875, -0.608764648, -0.868971205, -0.488996234, -0.0740510078, 1, 1, 
83.7495809, 0.1, 0.1, 0.126538877, 0.20120109, -0.0199644368, 0.996313746, -0.085784137, -4.36117909e-005, -0.0857841377, -0.996313747, -1.38837684e-005, -4.22600197e-005, 1.75737892e-005, -0.999999999, 0.996313728, -0.0857843564, -2.1493079e-005, -0.0857843562, -0.996313728, 1.11467602e-005, -2.23700673e-005, -9.26190024e-006, -1, 0, 0, 0, 0, 0, 0, 0, 0.12825874, 0.00172346191, -0.206780933, -0.141420155, 0.984874269, -0.0995601108, -0.418334961, 0.0317382812, 0.907714844, 0.897182463, 0.169923171, 0.407678796, 0, 0, 0, 0, 0, 0, 0, 0.208780322, 0.0276915039, -0.187542041, -0.248296524, 0.560655079, -0.789799054, 0.427856445, -0.66796875, -0.608764648, -0.868971205, -0.488996234, -0.0740510078, 1, 1, 
83.7504217, 0.1, 0.1, 0.126538857, 0.201200873, -0.0199636874, 0.996313841, -0.0857830294, 4.44675362e-005, -0.0857830304, -0.996313842, 2.16978552e-005, 4.24423141e-005, -2.54324335e-005, -0.999999999, 0.996313823, -0.0857832432, 2.28579636e-005, -0.0857832435, -0.996313824, 1.02740133e-005, 2.18923669e-005, -1.21969717e-005, -1, 0, 0, 0, 0, 0, 0, 0, 0.12825874, 0.00172346191, -0.206780933, -0.141420155, 0.984874269, -0.0995601108, -0.418334961, 0.0317382812, 0.907714844, 0.897182463, 0.169923171, 0.407678796, 0, 0, 0, 0, 0, 0, 0, 0.208780322, 0.0276915039, -0.187542041, -0.248296524, 0.560655079, -0.789799054, 0.427856445, -0.66796875, -0.608764648, -0.868971205, -0.488996234, -0.0740510078, 1, 1, 
83.7512662, 0.1, 0.1, 0.126538841, 0.201200657, -0.0199628532, 0.996313912, -0.0857822071, -4.64834728e-005, -0.0857822081, -0.996313913, -1.99468812e-005, -4.46010432e-005, 2.38608102e-005, -0.999999999, 0.996313904, -0.0857823033, -2.56784738e-005, -0.085782304, -0.996313904, -2.53044946e-005, -2.34131427e-005, 2.74139784e-005, -0.999999999, 0, 0, 0, 0, 0, 0, 0, 0.12825874, 0.00172346191, -0.206780933, -0.141420155, 0.984874269, -0.0995601108, -0.418334961, 0.0317382812, 0.907714844, 0.897182463, 0.169923171, 0.407678796, 0, 0, 0, 0, 0, 0, 0, 0.208780322, 0.0276915039, -0.187542041, -0.248296524, 0.560655079, -0.789799054, 0.427856445, -0.66796875, -0.608764648, -0.868971205, -0.488996234, -0.0740510078, 1, 1, 
83.7521623, 0.1, 0.1, 0.126538823, 0.201200439, -0.0199617021, 0.996313902, -0.0857823168, 5.38230292e-005, -0.0857823178, -0.996313903, 1.62287459e-005, 5.22324929e-005, -2.07859893e-005, -0.999999998, 0.996313912, -0.0857822062, 3.41808799e-005, -0.0857822074, -0.996313912, 3.47838233e-005, 3.10710531e-005, -3.75877184e-005, -0.999999999, 0, 0, 0, 0, 0, 0, 0, 0.129711694, -0.00074465332, -0.206599805, -0.143521098, 0.984494593, -0.10042917, -0.419311523, 0.0314941406, 0.907226563, 0.896402892, 0.172207961, 0.408434401, 0, 0, 0, 0, 0, 0, 0, 0.210332275, 0.0254418457, -0.187213721, -0.249133209, 0.558232877, -0.791300716, 0.431884766, -0.667236328, -0.606689453, -0.866849776, -0.492810356, -0.0749452951, 1, 1, 
83.753012, 0.1, 0.1, 0.126538808, 0.201200228, -0.0199608123, 0.996313816, -0.0857833247, -4.17915124e-005, -0.0857833237, -0.996313816, 2.59422807e-005, -4.38628763e-005, -2.22616378e-005, -0.999999999, 0.99631384, -0.0857830488, -2.17522482e-005, -0.0857830489, -0.99631384, -5.47679749e-006, -2.12022495e-005, 7.3225833e-006, -1, 0, 0, 0, 0, 0, 0, 0, 0.129711694, -0.00074465332, -0.206599805, -0.143521098, 0.984494593, -0.10042917, -0.419311523, 0.0314941406, 0.907226563, 0.896402892, 0.172207961, 0.408434401, 0, 0, 0, 0, 0, 0, 0, 0.210332275, 0.0254418457, -0.187213721, -0.249133209, 0.558232877, -0.791300716, 0.431884766, -0.667236328, -0.606689453, -0.866849776, -0.492810356, -0.0749452951, 1, 1, 
