time, realDorsalTactorPos, realVentralTactorPos, boxPosX, boxPosY, boxPosZ, boxLocalRot_11, boxLocalRot_12, boxLocalRot_13, boxLocalRot_21, boxLocalRot_22, boxLocalRot_23, boxLocalRot_31, boxLocalRot_32, boxLocalRot_33, boxGlobalRot_11, boxGlobalRot_12, boxGlobalRot_13, boxGlobalRot_21, boxGlobalRot_22, boxGlobalRot_23, boxGlobalRot_31, boxGlobalRot_32, boxGlobalRot_33, indexForceX, indexForceY, indexForceZ, indexForceGlobalX, indexForceGlobalY, indexForceGlobalZ, indexContact, indexPosX, indexPosY, indexPosZ, indexRot_11, indexRot_12, indexRot_13, indexRot_21, indexRot_22, indexRot_23, indexRot_31, indexRot_32, indexRot_33, thumbForceX, thumbForceY, thumbForceZ, thumbForceGlobalX, thumbForceGlobalY, thumbForceGlobalZ, thumbContact, thumbPosX, thumbPosY, thumbPosZ, thumbRot_11, thumbRot_12, thumbRot_13, thumbRot_21, thumbRot_22, thumbRot_23, thumbRot_31, thumbRot_32, thumbRot_33, mapping, trialSuccess, 
129.767775, 0.1, 0.1, 0.133925829, 0.209589252, -0.0199580545, 0.849293066, 6.01366033e-006, -0.527921668, 0.527921668, 2.41561369e-006, 0.849293066, 6.38261483e-006, -1, -1.12317763e-006, 0.849292868, -3.12647386e-005, -0.527921986, 0.527921986, -9.17014992e-006, 0.849292869, -3.13940433e-005, -0.999999999, 8.71719997e-006, 0, 0, 0, 0, 0, 0, 0, 0.161027637, -0.124713037, -0.160024829, -0.044733265, 0.887736163, -0.45803855, -0.600585937, 0.342529297, 0.722412109, 0.798320617, 0.307293575, 0.518095103, 0, 0, 0, 0, 0, 0, 0, 0.231700635, -0.0947380371, -0.125463037, -0.121102559, 0.234204608, -0.964587438, 0.647338867, -0.718017578, -0.255493164, -0.752498704, -0.655255974, -0.0646821547, 2, 1, 
129.811473, 0.1, 0.1, 0.13392581, 0.209589263, -0.0199412915, 0.849296769, -3.37261179e-005, -0.52791571, 0.52791571, -3.16103034e-005, 0.849296769, -4.53310588e-005, -0.999999999, -9.04198112e-006, 0.849297446, -4.0917394e-005, -0.527914621, 0.527914622, 2.84062308e-005, 0.849297446, -1.97549736e-005, -0.999999999, 4.57262298e-005, 0, 0, 0, 0, 0, 0, 0, 0.160673877, -0.130531128, -0.157597974, -0.0519590754, 0.88733739, -0.458043037, -0.593017578, 0.341674805, 0.729003906, 0.803420014, 0.309457797, 0.508702826, 0, 0, 0, 0, 0, 0, 0, 0.231644043, -0.0997695313, -0.12385918, -0.132264943, 0.225744776, -0.965096364, 0.645019531, -0.719604492, -0.256713867, -0.752567234, -0.656513366, -0.0504974907, 2, 1, 
129.81232, 0.1, 0.1, 0.133925811, 0.209589264, -0.0199409649, 0.849293715, 1.02620524e-005, -0.527920625, 0.527920623, 6.42370014e-005, 0.849293713, 4.26275345e-005, -0.999999998, 4.91385324e-005, 0.849294333, 2.33704538e-005, -0.527919629, 0.527919628, 4.96565196e-005, 0.849294333, 4.60630454e-005, -0.999999998, 2.98352794e-005, 0, 0, 0, 0, 0, 0, 0, 0.160673877, -0.130531128, -0.157597974, -0.0519590754, 0.88733739, -0.458043037, -0.593017578, 0.341674805, 0.729003906, 0.803420014, 0.309457797, 0.508702826, 0, 0, 0, 0, 0, 0, 0, 0.231630371, -0.100458789, -0.123635693, -0.132264943, 0.225744776, -0.965096364, 0.645019531, -0.719604492, -0.256713867, -0.752567234, -0.656513366, -0.0504974907, 2, 1, 
129.813165, 0.1, 0.1, 0.133925807, 0.209589257, -0.019948416, 0.849290584, 5.36655577e-006, -0.527925661, 0.527925661, -5.99774666e-005, 0.849290582, -2.71058785e-005, -0.999999998, -5.37714401e-005, 0.849291211, -1.2444168e-005, -0.527924652, 0.52792465, -6.85305632e-005, 0.84929121, -4.67476962e-005, -0.999999998, -5.1632822e-005, 0, 0, 0, 0, 0, 0, 0, 0.160673877, -0.130531128, -0.157597974, -0.0519590754, 0.88733739, -0.458043037, -0.593017578, 0.341674805, 0.729003906, 0.803420014, 0.309457797, 0.508702826, 0, 0, 0, 0, 0, 0, 0, 0.231630371, -0.100458789, -0.123635693, -0.132264943, 0.225744776, -0.965096364, 0.645019531, -0.719604492, -0.256713867, -0.752567234, -0.656513366, -0.0504974907, 2, 1, 
129.814012, 0.1, 0.1, 0.133925805, 0.209589266, -0.0199601717, 0.849287307, -6.21288187e-005, -0.527930929, 0.527930933, 6.8588704e-005, 0.849287305, -1.65551187e-005, -0.999999996, 9.10512409e-005, 0.849287977, -3.14009901e-005, -0.527929854, 0.527929855, 7.35141846e-005, 0.849287974, 1.21418495e-005, -0.999999997, 7.90122333e-005, 0, 0, 0, 0, 0, 0, 0, 0.160673877, -0.130531128, -0.157597974, -0.0519590754, 0.88733739, -0.458043037, -0.593017578, 0.341674805, 0.729003906, 0.803420014, 0.309457797, 0.508702826, 0, 0, 0, 0, 0, 0, 0, 0.231630371, -0.100458789, -0.123635693, -0.132264943, 0.225744776, -0.965096364, 0.645019531, -0.719604492, -0.256713867, -0.752567234, -0.656513366, -0.0504974907, 2, 1, 
129.814852, 0.1, 0.1, 0.133925798, 0.209589269, -0.0199716924, 0.849284057, 2.79609649e-005, -0.527936161, 0.527936162, -2.46516014e-005, 0.849284056, 1.07323299e-005, -0.999999999, -3.56978166e-005, 0.849284681, 3.05267626e-006, -0.527935158, 0.527935158, -4.6312137e-006, 0.849284681, 1.47610645e-007, -1, -5.54483398e-006, 0, 0, 0, 0, 0, 0, 0, 0.160673877, -0.130531128, -0.157597974, -0.0519590754, 0.88733739, -0.458043037, -0.593017578, 0.341674805, 0.729003906, 0.803420014, 0.309457797, 0.508702826, 0, 0, 0, 0, 0, 0, 0, 0.231630371, -0.100458789, -0.123635693, -0.132264943, 0.225744776, -0.965096364, 0.645019531, -0.719604492, -0.256713867, -0.752567234, -0.656513366, -0.0504974907, 2, 1, 
129.815697, 0.1, 0.1, 0.133925803, 0.209589258, -0.0199791299, 0.849281324, -2.64329996e-006, -0.527940558, 0.527940558, -3.04737831e-005, 0.849281323, -1.83332514e-005, -1, -2.44853096e-005, 0.849281815, 7.53850286e-006, -0.527939768, 0.527939768, -4.84962735e-005, 0.849281814, -1.9200798e-005, -0.999999999, -4.51668786e-005, 0, 0, 0, 0, 0, 0, 0, 0.160673877, -0.130531128, -0.157597974, -0.0519590754, 0.88733739, -0.458043037, -0.593017578, 0.341674805, 0.729003906, 0.803420014, 0.309457797, 0.508702826, 0, 0, 0, 0, 0, 0, 0, 0.231630371, -0.100458789, -0.123635693, -0.132264943, 0.225744776, -0.965096364, 0.645019531, -0.719604492, -0.256713867, -0.752567234, -0.656513366, -0.0504974907, 2, 1, 
129.816578, 0.1, 0.1, 0.133925801, 0.209589264, -0.0199799998, 0.8492791, -9.86925492e-006, -0.527944135, 0.527944135, 3.18775891e-005, 0.8492791, 8.4478343e-006, -0.999999999, 3.22833855e-005, 0.849279497, -7.31827979e-006, -0.527943497, 0.527943497, 4.12845189e-005, 0.849279496, 1.55806283e-005, -0.999999999, 3.89257337e-005, 0, 0, 0, 0, 0, 0, 0, 0.160631152, -0.131232837, -0.157434302, -0.0528030474, 0.886646186, -0.459160345, -0.592773437, 0.342285156, 0.729003906, 0.803553686, 0.310556008, 0.507891055, 0, 0, 0, 0, 0, 0, 0, 0.231668457, -0.101246191, -0.12320874, -0.131632415, 0.223872713, -0.965684049, 0.644897461, -0.720458984, -0.254882812, -0.752746238, -0.656219157, -0.0495773172, 2, 1, 
129.817422, 0.1, 0.1, 0.133925801, 0.209589261, -0.0199747283, 0.849277141, 1.20758809e-005, -0.527947286, 0.527947286, -9.56563873e-006, 0.849277141, 5.20561661e-006, -1, -1.44993069e-005, 0.849277526, 1.40967091e-005, -0.527946668, 0.527946668, -1.63898546e-005, 0.849277526, 3.31904908e-006, -1, -2.13618458e-005, 0, 0, 0, 0, 0, 0, 0, 0.160631152, -0.131232837, -0.157434302, -0.0528030474, 0.886646186, -0.459160345, -0.592773437, 0.342285156, 0.729003906, 0.803553686, 0.310556008, 0.507891055, 0, 0, 0, 0, 0, 0, 0, 0.231668457, -0.101246191, -0.12320874, -0.131632415, 0.223872713, -0.965684049, 0.644897461, -0.720458984, -0.254882812, -0.752746238, -0.656219157, -0.0495773172, 2, 1, 
129.818262, 0.1, 0.1, 0.133925803, 0.20958926, -0.0199659626, 0.849275397, 1.27321338e-005, -0.527950093, 0.527950093, -1.49923198e-005, 0.849275397, 2.89789136e-006, -1, -1.94545395e-005, 0.849275706, 2.06170581e-005, -0.527949595, 0.527949595, -5.66150951e-006, 0.849275706, 1.4520575e-005, -1, -1.569295e-005, 0, 0, 0, 0, 0, 0, 0, 0.160631152, -0.131232837, -0.157434302, -0.0528030474, 0.886646186, -0.459160345, -0.592773437, 0.342285156, 0.729003906, 0.803553686, 0.310556008, 0.507891055, 0, 0, 0, 0, 0, 0, 0, 0.231668457, -0.101246191, -0.12320874, -0.131632415, 0.223872713, -0.965684049, 0.644897461, -0.720458984, -0.254882812, -0.752746238, -0.656219157, -0.0495773172, 2, 1, 
129.819114, 0.1, 0.1, 0.133925799, 0.209589259, -0.0199570681, 0.849274127, 9.9775481e-006, -0.527952135, 0.527952136, -4.42551824e-006, 0.849274127, 6.13721164e-006, -1, -9.02614596e-006, 0.849274335, -7.41981467e-006, -0.5279518, 0.5279518, 1.25566139e-005, 0.849274335, 3.27828755e-007, -1, 1.45813144e-005, 0, 0, 0, 0, 0, 0, 0, 0.160631152, -0.131232837, -0.157434302, -0.0528030474, 0.886646186, -0.459160345, -0.592773437, 0.342285156, 0.729003906, 0.803553686, 0.310556008, 0.507891055, 0, 0, 0, 0, 0, 0, 0, 0.231668457, -0.101246191, -0.12320874, -0.131632415, 0.223872713, -0.965684049, 0.644897461, -0.720458984, -0.254882812, -0.752746238, -0.656219157, -0.0495773172, 2, 1, 
129.819957, 0.1, 0.1, 0.133925798, 0.209589262, -0.0199511405, 0.84927322, 5.42573916e-006, -0.527953595, 0.527953594, 3.20352409e-005, 0.84927322, 2.15210556e-005, -0.999999999, 2.43421337e-005, 0.849273382, -2.07807085e-005, -0.527953334, 0.527953334, 2.80289626e-005, 0.849273381, -2.8505183e-006, -0.999999999, 3.47754962e-005, 0, 0, 0, 0, 0, 0, 0, 0.160631152, -0.131232837, -0.157434302, -0.0528030474, 0.886646186, -0.459160345, -0.592773437, 0.342285156, 0.729003906, 0.803553686, 0.310556008, 0.507891055, 0, 0, 0, 0, 0, 0, 0, 0.231668457, -0.101246191, -0.12320874, -0.131632415, 0.223872713, -0.965684049, 0.644897461, -0.720458984, -0.254882812, -0.752746238, -0.656219157, -0.0495773172, 2, 1, 
129.820822, 0.1, 0.1, 0.133925795, 0.209589262, -0.0199498414, 0.849272724, -3.73951392e-005, -0.527954391, 0.527954392, 1.70062793e-005, 0.849272724, -2.27801319e-005, -0.999999999, 3.41858971e-005, 0.84927279, -4.02322626e-005, -0.527954284, 0.527954284, 4.03970124e-006, 0.849272791, -3.20353884e-005, -0.999999999, 2.46716038e-005, 0, 0, 0, 0, 0, 0, 0, 0.160631152, -0.131232837, -0.157434302, -0.0549421822, 0.886387077, -0.459382384, -0.593994141, 0.340820312, 0.728637695, 0.802532981, 0.312821702, 0.508049814, 0, 0, 0, 0, 0, 0, 0, 0.231668457, -0.101246191, -0.12320874, -0.131632415, 0.223872713, -0.965684049, 0.644897461, -0.720458984, -0.254882812, -0.752746238, -0.656219157, -0.0495773172, 2, 1, 
129.821684, 0.1, 0.1, 0.133925794, 0.20958926, -0.0199527724, 0.849272669, -3.98533589e-005, -0.527954479, 0.52795448, -6.38907517e-006, 0.84927267, -3.72195093e-005, -0.999999999, 1.56146924e-005, 0.849272643, -1.84046921e-005, -0.527954522, 0.527954521, -2.29346539e-005, 0.849272644, -2.77390557e-005, -1, -9.76093377e-006, 0, 0, 0, 0, 0, 0, 0, 0.16096521, -0.131685669, -0.157221924, -0.0549421822, 0.886387077, -0.459382384, -0.593994141, 0.340820312, 0.728637695, 0.802532981, 0.312821702, 0.508049814, 0, 0, 0, 0, 0, 0, 0, 0.232147168, -0.101571484, -0.122770557, -0.131689651, 0.222984255, -0.965805451, 0.646850586, -0.71887207, -0.254272461, -0.751033856, -0.658276421, -0.049590077, 2, 1, 
129.822536, 0.1, 0.1, 0.133925799, 0.209589263, -0.0199590066, 0.849272885, 6.39419097e-005, -0.527954129, 0.527954129, 2.09505198e-005, 0.849272888, 6.53650437e-005, -0.999999998, -1.59656868e-005, 0.849272849, 6.2947112e-005, -0.527954187, 0.527954187, 1.37465201e-005, 0.849272851, 6.07168061e-005, -0.999999998, -2.1558645e-005, 0, 0, 0, 0, 0, 0, 0, 0.16096521, -0.131685669, -0.157221924, -0.0549421822, 0.886387077, -0.459382384, -0.593994141, 0.340820312, 0.728637695, 0.802532981, 0.312821702, 0.508049814, 0, 0, 0, 0, 0, 0, 0, 0.232147168, -0.101571484, -0.122770557, -0.131689651, 0.222984255, -0.965805451, 0.646850586, -0.71887207, -0.254272461, -0.751033856, -0.658276421, -0.049590077, 2, 1, 
129.823385, 0.1, 0.1, 0.1339258, 0.20958926, -0.0199661533, 0.849272845, -2.39923092e-005, -0.527954197, 0.527954196, -4.87534215e-005, 0.849272845, -4.61155902e-005, -0.999999999, -2.87381167e-005, 0.849272881, -2.01955266e-005, -0.52795414, 0.527954139, -3.71256185e-005, 0.849272881, -3.67521371e-005, -0.999999999, -2.08674691e-005, 0, 0, 0, 0, 0, 0, 0, 0.16096521, -0.131685669, -0.157221924, -0.0549421822, 0.886387077, -0.459382384, -0.593994141, 0.340820312, 0.728637695, 0.802532981, 0.312821702, 0.508049814, 0, 0, 0, 0, 0, 0, 0, 0.232147168, -0.101571484, -0.122770557, -0.131689651, 0.222984255, -0.965805451, 0.646850586, -0.71887207, -0.254272461, -0.751033856, -0.658276421, -0.049590077, 2, 1, 
129.824222, 0.1, 0.1, 0.133925798, 0.209589261, -0.0199717036, 0.849272679, 2.47869601e-006, -0.527954465, 0.527954464, 3.96893432e-005, 0.849272678, 2.30592547e-005, -0.999999999, 3.23984362e-005, 0.849272708, -6.66211665e-007, -0.527954417, 0.527954417, 3.54236454e-005, 0.849272708, 1.81362747e-005, -0.999999999, 3.04360647e-005, 0, 0, 0, 0, 0, 0, 0, 0.16096521, -0.131685669, -0.157221924, -0.0549421822, 0.886387077, -0.459382384, -0.593994141, 0.340820312, 0.728637695, 0.802532981, 0.312821702, 0.508049814, 0, 0, 0, 0, 0, 0, 0, 0.232147168, -0.101571484, -0.122770557, -0.131689651, 0.222984255, -0.965805451, 0.646850586, -0.71887207, -0.254272461, -0.751033856, -0.658276421, -0.049590077, 2, 1, 
129.825062, 0.1, 0.1, 0.133925797, 0.209589255, -0.0199739253, 0.849272565, -8.42515126e-006, -0.527954648, 0.527954646, -6.01273945e-005, 0.849272564, -3.88997872e-005, -0.999999998, -4.66164488e-005, 0.849272587, -8.22261424e-006, -0.527954612, 0.527954611, -5.36925322e-005, 0.849272586, -3.53304609e-005, -0.999999999, -4.12584287e-005, 0, 0, 0, 0, 0, 0, 0, 0.16096521, -0.131685669, -0.157221924, -0.0549421822, 0.886387077, -0.459382384, -0.593994141, 0.340820312, 0.728637695, 0.802532981, 0.312821702, 0.508049814, 0, 0, 0, 0, 0, 0, 0, 0.232147168, -0.101571484, -0.122770557, -0.131689651, 0.222984255, -0.965805451, 0.646850586, -0.71887207, -0.254272461, -0.751033856, -0.658276421, -0.049590077, 2, 1, 
129.825939, 0.1, 0.1, 0.133925798, 0.209589254, -0.0199719802, 0.849272459, 8.6211131e-006, -0.527954818, 0.527954818, 3.26749069e-005, 0.849272459, 2.45725485e-005, -0.999999999, 2.31983404e-005, 0.849272483, 9.21097901e-006, -0.527954781, 0.52795478, 2.7466857e-005, 0.849272482, 2.23238895e-005, -1, 1.84638654e-005, 0, 0, 0, 0, 0, 0, 0, 0.161166113, -0.132156689, -0.156611157, -0.0553611725, 0.885835537, -0.460524778, -0.594482422, 0.341308594, 0.728027344, 0.802228567, 0.314021385, 0.507859976, 0, 0, 0, 0, 0, 0, 0, 0.232147168, -0.101571484, -0.122770557, -0.131702411, 0.221904401, -0.966112053, 0.647094727, -0.718994141, -0.253417969, -0.750912454, -0.658512661, -0.0490085887, 2, 1, 
129.826782, 0.1, 0.1, 0.133925797, 0.209589255, -0.0199668635, 0.849272356, -1.23698769e-006, -0.527954984, 0.527954984, 1.97695445e-005, 0.849272356, 9.38689012e-006, -1, 1.74428015e-005, 0.849272375, -6.21402316e-006, -0.527954954, 0.527954954, -5.0894943e-006, 0.849272375, -7.96442193e-006, -1, -1.0416426e-006, 0, 0, 0, 0, 0, 0, 0, 0.161166113, -0.132156689, -0.156611157, -0.0553611725, 0.885835537, -0.460524778, -0.594482422, 0.341308594, 0.728027344, 0.802228567, 0.314021385, 0.507859976, 0, 0, 0, 0, 0, 0, 0, 0.232148877, -0.102317627, -0.122332129, -0.131702411, 0.221904401, -0.966112053, 0.647094727, -0.718994141, -0.253417969, -0.750912454, -0.658512661, -0.0490085887, 2, 1, 
129.827624, 0.1, 0.1, 0.133925796, 0.209589253, -0.0199608429, 0.849272269, -8.73682305e-006, -0.527955123, 0.527955123, -2.0814818e-005, 0.849272269, -1.84092314e-005, -1, -1.30647973e-005, 0.849272287, -1.22451895e-005, -0.527955095, 0.527955095, -3.05585854e-005, 0.849272287, -2.65330609e-005, -0.999999999, -1.94876495e-005, 0, 0, 0, 0, 0, 0, 0, 0.161166113, -0.132156689, -0.156611157, -0.0553611725, 0.885835537, -0.460524778, -0.594482422, 0.341308594, 0.728027344, 0.802228567, 0.314021385, 0.507859976, 0, 0, 0, 0, 0, 0, 0, 0.232148877, -0.102317627, -0.122332129, -0.131702411, 0.221904401, -0.966112053, 0.647094727, -0.718994141, -0.253417969, -0.750912454, -0.658512661, -0.0490085887, 2, 1, 
129.828506, 0.1, 0.1, 0.133925795, 0.209589249, -0.0199556047, 0.849272192, -7.48321051e-006, -0.527955248, 0.527955247, -5.03333292e-005, 0.849272191, -3.29290279e-005, -0.999999999, -3.87958965e-005, 0.849272205, -5.78937975e-006, -0.527955228, 0.527955227, -3.89693229e-005, 0.849272204, -2.54908171e-005, -0.999999999, -3.00390295e-005, 0, 0, 0, 0, 0, 0, 0, 0.161154639, -0.132858398, -0.156005151, -0.0555581239, 0.885144333, -0.461768645, -0.594970703, 0.342041016, 0.727294922, 0.801765393, 0.315119596, 0.507809801, 0, 0, 0, 0, 0, 0, 0, 0.23190415, -0.102840527, -0.121880273, -0.132092135, 0.220824546, -0.966335533, 0.647216797, -0.718994141, -0.252685547, -0.75070793, -0.658748901, -0.0480501357, 2, 1, 
129.829361, 0.1, 0.1, 0.133925791, 0.209589254, -0.0199531489, 0.849271985, -5.53903844e-005, -0.527955579, 0.527955581, 4.42193329e-005, 0.849271984, -2.36956581e-005, -0.999999997, 6.67979032e-005, 0.849272063, -3.20737839e-005, -0.527955455, 0.527955456, 5.5928418e-005, 0.849272061, 2.28834481e-006, -0.999999998, 6.44319721e-005, 0, 0, 0, 0, 0, 0, 0, 0.161154639, -0.132858398, -0.156005151, -0.0555581239, 0.885144333, -0.461768645, -0.594970703, 0.342041016, 0.727294922, 0.801765393, 0.315119596, 0.507809801, 0, 0, 0, 0, 0, 0, 0, 0.23190415, -0.102840527, -0.121880273, -0.132092135, 0.220824546, -0.966335533, 0.647216797, -0.718994141, -0.252685547, -0.75070793, -0.658748901, -0.0480501357, 2, 1, 
129.830199, 0.1, 0.1, 0.133925793, 0.209589248, -0.0199544847, 0.849271491, 4.67965008e-005, -0.527956374, 0.527956376, -5.82659207e-005, 0.849271489, 8.98106968e-006, -0.999999997, -7.41900963e-005, 0.849271576, 4.72481487e-005, -0.527956237, 0.527956238, -4.5985947e-005, 0.849271575, 1.58479422e-005, -0.999999998, -6.39995126e-005, 0, 0, 0, 0, 0, 0, 0, 0.161154639, -0.132858398, -0.156005151, -0.0555581239, 0.885144333, -0.461768645, -0.594970703, 0.342041016, 0.727294922, 0.801765393, 0.315119596, 0.507809801, 0, 0, 0, 0, 0, 0, 0, 0.23190415, -0.102840527, -0.121880273, -0.132092135, 0.220824546, -0.966335533, 0.647216797, -0.718994141, -0.252685547, -0.75070793, -0.658748901, -0.0480501357, 2, 1, 
129.831035, 0.1, 0.1, 0.133925794, 0.209589246, -0.0199588924, 0.849271329, 5.4203396e-006, -0.527956636, 0.527956635, 4.1063496e-005, 0.849271329, 2.62830842e-005, -0.999999999, 3.20123456e-005, 0.849271329, 1.1878181e-006, -0.527956637, 0.527956636, 3.01331115e-005, 0.849271328, 1.69177561e-005, -1, 2.49640712e-005, 0, 0, 0, 0, 0, 0, 0, 0.161154639, -0.132858398, -0.156005151, -0.0555581239, 0.885144333, -0.461768645, -0.594970703, 0.342041016, 0.727294922, 0.801765393, 0.315119596, 0.507809801, 0, 0, 0, 0, 0, 0, 0, 0.23190415, -0.102840527, -0.121880273, -0.132092135, 0.220824546, -0.966335533, 0.647216797, -0.718994141, -0.252685547, -0.75070793, -0.658748901, -0.0480501357, 2, 1, 
129.831874, 0.1, 0.1, 0.133925789, 0.209589244, -0.0199645554, 0.849271462, -5.01213974e-005, -0.52795642, 0.52795642, -1.395716e-005, 0.849271464, -4.99354447e-005, -0.999999999, 1.46084959e-005, 0.849271408, -3.90997074e-005, -0.527956508, 0.527956507, -2.80307443e-005, 0.849271409, -4.80052775e-005, -0.999999999, -3.16276471e-006, 0, 0, 0, 0, 0, 0, 0, 0.161154639, -0.132858398, -0.156005151, -0.0555581239, 0.885144333, -0.461768645, -0.594970703, 0.342041016, 0.727294922, 0.801765393, 0.315119596, 0.507809801, 0, 0, 0, 0, 0, 0, 0, 0.23190415, -0.102840527, -0.121880273, -0.132092135, 0.220824546, -0.966335533, 0.647216797, -0.718994141, -0.252685547, -0.75070793, -0.658748901, -0.0480501357, 2, 1, 
129.832712, 0.1, 0.1, 0.133925792, 0.209589245, -0.0199693765, 0.849271803, 5.15401381e-005, -0.527955871, 0.52795587, 1.70817066e-005, 0.849271805, 5.27899734e-005, -0.999999999, -1.27039067e-005, 0.849271745, 4.6116071e-005, -0.527955965, 0.527955965, 9.45235252e-006, 0.849271746, 4.4155502e-005, -0.999999999, -1.63196388e-005, 0, 0, 0, 0, 0, 0, 0, 0.161154639, -0.132858398, -0.156005151, -0.0555581239, 0.885144333, -0.461768645, -0.594970703, 0.342041016, 0.727294922, 0.801765393, 0.315119596, 0.507809801, 0, 0, 0, 0, 0, 0, 0, 0.23190415, -0.102840527, -0.121880273, -0.132092135, 0.220824546, -0.966335533, 0.647216797, -0.718994141, -0.252685547, -0.75070793, -0.658748901, -0.0480501357, 2, 1, 
129.833592, 0.1, 0.1, 0.133925793, 0.209589245, -0.0199713892, 0.849271991, -4.34629952e-005, -0.52795557, 0.527955569, -3.42347606e-005, 0.849271992, -5.49863371e-005, -0.999999998, -6.12809291e-006, 0.849271968, -2.78885741e-005, -0.527955607, 0.527955607, -1.64263647e-005, 0.849271969, -3.23573756e-005, -0.999999999, 7.73478019e-007, 0, 0, 0, 0, 0, 0, 0, 0.160934082, -0.133320508, -0.155377417, -0.0555199319, 0.884820823, -0.462568433, -0.594726562, 0.342773437, 0.727050781, 0.802006528, 0.315418019, 0.507442108, 0, 0, 0, 0, 0, 0, 0, 0.231632812, -0.103353418, -0.121408398, -0.132833305, 0.219853333, -0.96634173, 0.647094727, -0.719238281, -0.252563477, -0.750663088, -0.65885098, -0.0468233599, 2, 1, 
129.83444, 0.1, 0.1, 0.133925785, 0.20958924, -0.0199701869, 0.849272233, 2.06181372e-005, -0.527955182, 0.527955182, -4.42737798e-006, 0.849272233, 1.51729542e-005, -1, -1.46455015e-005, 0.849272165, -2.09488483e-005, -0.52795529, 0.52795529, -7.36857469e-006, 0.849272166, -2.16815518e-005, -1, 4.80212991e-006, 0, 0, 0, 0, 0, 0, 0, 0.160934082, -0.133320508, -0.155377417, -0.0555199319, 0.884820823, -0.462568433, -0.594726562, 0.342773437, 0.727050781, 0.802006528, 0.315418019, 0.507442108, 0, 0, 0, 0, 0, 0, 0, 0.231632812, -0.103353418, -0.121408398, -0.132833305, 0.219853333, -0.96634173, 0.647094727, -0.719238281, -0.252563477, -0.750663088, -0.65885098, -0.0468233599, 2, 1, 
129.835285, 0.1, 0.1, 0.133925791, 0.209589245, -0.0199666017, 0.8492724, -2.08274536e-005, -0.527954913, 0.527954913, 3.08316877e-005, 0.8492724, -1.41044045e-006, -0.999999999, 3.71804579e-005, 0.849272398, 1.05689208e-005, -0.527954916, 0.527954916, 3.52620021e-005, 0.849272398, 2.75926401e-005, -0.999999999, 2.43671314e-005, 0, 0, 0, 0, 0, 0, 0, 0.160934082, -0.133320508, -0.155377417, -0.0555199319, 0.884820823, -0.462568433, -0.594726562, 0.342773437, 0.727050781, 0.802006528, 0.315418019, 0.507442108, 0, 0, 0, 0, 0, 0, 0, 0.231632812, -0.103353418, -0.121408398, -0.132833305, 0.219853333, -0.96634173, 0.647094727, -0.719238281, -0.252563477, -0.750663088, -0.65885098, -0.0468233599, 2, 1, 
129.836127, 0.1, 0.1, 0.133925791, 0.209589245, -0.0199621705, 0.849272233, 3.2832283e-005, -0.52795518, 0.527955181, -2.68081219e-007, 0.849272234, 2.77420114e-005, -0.999999999, -1.75616478e-005, 0.849272291, 2.58491297e-005, -0.527955088, 0.527955088, -7.26775507e-006, 0.849272292, 1.81159014e-005, -1, -1.98194826e-005, 0, 0, 0, 0, 0, 0, 0, 0.160934082, -0.133320508, -0.155377417, -0.0555199319, 0.884820823, -0.462568433, -0.594726562, 0.342773437, 0.727050781, 0.802006528, 0.315418019, 0.507442108, 0, 0, 0, 0, 0, 0, 0, 0.231632812, -0.103353418, -0.121408398, -0.132833305, 0.219853333, -0.96634173, 0.647094727, -0.719238281, -0.252563477, -0.750663088, -0.65885098, -0.0468233599, 2, 1, 
129.836973, 0.1, 0.1, 0.133925784, 0.209589247, -0.0199584215, 0.849271786, -5.40835971e-005, -0.527955899, 0.527955899, -1.06914937e-005, 0.849271787, -5.15763103e-005, -0.999999998, 1.94737702e-005, 0.849271901, -6.39865533e-005, -0.527955712, 0.527955714, 5.38086187e-006, 0.849271902, -5.15011251e-005, -0.999999998, 3.83518812e-005, 0, 0, 0, 0, 0, 0, 0, 0.160934082, -0.133320508, -0.155377417, -0.0555199319, 0.884820823, -0.462568433, -0.594726562, 0.342773437, 0.727050781, 0.802006528, 0.315418019, 0.507442108, 0, 0, 0, 0, 0, 0, 0, 0.231632812, -0.103353418, -0.121408398, -0.132833305, 0.219853333, -0.96634173, 0.647094727, -0.719238281, -0.252563477, -0.750663088, -0.65885098, -0.0468233599, 2, 1, 
129.83783, 0.1, 0.1, 0.133925792, 0.209589248, -0.0199565966, 0.849270908, 5.60589236e-005, -0.527957311, 0.527957307, 6.23264782e-005, 0.849270909, 8.05149328e-005, -0.999999996, 2.33353464e-005, 0.849271145, 6.69171638e-005, -0.527956928, 0.527956927, 2.83113655e-005, 0.849271148, 7.17779981e-005, -0.999999997, -1.12853544e-005, 0, 0, 0, 0, 0, 0, 0, 0.160934082, -0.133320508, -0.155377417, -0.0555199319, 0.884820823, -0.462568433, -0.594726562, 0.342773437, 0.727050781, 0.802006528, 0.315418019, 0.507442108, 0, 0, 0, 0, 0, 0, 0, 0.231632812, -0.103353418, -0.121408398, -0.132833305, 0.219853333, -0.96634173, 0.647094727, -0.719238281, -0.252563477, -0.750663088, -0.65885098, -0.0468233599, 2, 1, 
129.838718, 0.1, 0.1, 0.133925793, 0.209589251, -0.0199565036, 0.849269561, -1.6556264e-005, -0.527959479, 0.527959478, -4.99205693e-005, 0.849269561, -4.04167688e-005, -0.999999999, -3.36549834e-005, 0.84926984, -1.90839641e-005, -0.527959032, 0.527959031, -3.20175771e-005, 0.84926984, -3.31114041e-005, -0.999999999, -1.71160114e-005, 0, 0, 0, 0, 0, 0, 0, 0.160890747, -0.133775903, -0.154713794, -0.0563388165, 0.884592792, -0.462689001, -0.595214844, 0.342285156, 0.726928711, 0.801518267, 0.316319279, 0.507461204, 0, 0, 0, 0, 0, 0, 0, 0.231608398, -0.103645264, -0.120953369, -0.133567911, 0.219265282, -0.966405529, 0.64831543, -0.718139648, -0.252563477, -0.749512871, -0.660262956, -0.0462163519, 2, 1, 
129.839568, 0.1, 0.1, 0.133925797, 0.209589255, -0.0199585185, 0.849268202, 3.5343636e-005, -0.527961665, 0.527961662, 5.93084834e-005, 0.849268202, 6.13288318e-005, -0.999999998, 3.17087243e-005, 0.849268453, 3.19163045e-005, -0.527961261, 0.527961259, 5.69683483e-005, 0.849268453, 5.71825916e-005, -0.999999998, 3.15308488e-005, 0, 0, 0, 0, 0, 0, 0, 0.160890747, -0.133775903, -0.154713794, -0.0563388165, 0.884592792, -0.462689001, -0.595214844, 0.342285156, 0.726928711, 0.801518267, 0.316319279, 0.507461204, 0, 0, 0, 0, 0, 0, 0, 0.231608398, -0.103645264, -0.120953369, -0.133567911, 0.219265282, -0.966405529, 0.64831543, -0.718139648, -0.252563477, -0.749512871, -0.660262956, -0.0462163519, 2, 1, 
129.840409, 0.1, 0.1, 0.133925796, 0.209589251, -0.0199620658, 0.849267192, -4.46463832e-005, -0.52796329, 0.527963289, -3.4590903e-005, 0.849267193, -5.61794355e-005, -0.999999998, -5.8052677e-006, 0.849267346, -2.83481565e-005, -0.527963043, 0.527963042, -4.34602108e-005, 0.849267346, -4.70205488e-005, -0.999999999, -2.19425589e-005, 0, 0, 0, 0, 0, 0, 0, 0.160890747, -0.133775903, -0.154713794, -0.0563388165, 0.884592792, -0.462689001, -0.595214844, 0.342285156, 0.726928711, 0.801518267, 0.316319279, 0.507461204, 0, 0, 0, 0, 0, 0, 0, 0.231608398, -0.103645264, -0.120953369, -0.133567911, 0.219265282, -0.966405529, 0.64831543, -0.718139648, -0.252563477, -0.749512871, -0.660262956, -0.0462163519, 2, 1, 
129.841295, 0.1, 0.1, 0.133925792, 0.209589256, -0.0199654053, 0.849266737, 2.67732643e-005, -0.527964022, 0.527964022, 1.40759055e-005, 0.849266737, 3.01692145e-005, -1, -2.18112203e-006, 0.849266777, 9.5058688e-006, -0.527963959, 0.527963959, 3.49311968e-005, 0.849266776, 2.65154315e-005, -0.999999999, 2.46471488e-005, 0, 0, 0, 0, 0, 0, 0, 0.16039458, -0.133926392, -0.155236914, -0.0574168101, 0.88613396, -0.459726112, -0.592651367, 0.340209961, 0.729980469, 0.803295699, 0.314344895, 0.505879601, 0, 0, 0, 0, 0, 0, 0, 0.23111001, -0.103551025, -0.121524463, -0.137931805, 0.220945581, -0.965491552, 0.648071289, -0.716918945, -0.256591797, -0.74886685, -0.661068291, -0.0444018911, 2, 1, 
129.842142, 0.1, 0.1, 0.133925792, 0.209589256, -0.019967397, 0.849266758, -8.37665767e-006, -0.527963988, 0.527963988, 3.08858092e-005, 0.849266758, 9.19257812e-006, -0.999999999, 3.06528647e-005, 0.849266726, -1.63984523e-005, -0.527964041, 0.527964041, 1.39378682e-005, 0.849266725, -6.56796666e-006, -1, 2.04947608e-005, 0, 0, 0, 0, 0, 0, 0, 0.16039458, -0.133926392, -0.155236914, -0.0574168101, 0.88613396, -0.459726112, -0.592651367, 0.340209961, 0.729980469, 0.803295699, 0.314344895, 0.505879601, 0, 0, 0, 0, 0, 0, 0, 0.23111001, -0.103551025, -0.121524463, -0.137931805, 0.220945581, -0.965491552, 0.648071289, -0.716918945, -0.256591797, -0.74886685, -0.661068291, -0.0444018911, 2, 1, 
129.842997, 0.1, 0.1, 0.133925791, 0.209589253, -0.0199676897, 0.849266947, -4.50462111e-007, -0.527963685, 0.527963685, -3.54975458e-005, 0.849266946, -1.91239777e-005, -0.999999999, -2.99090647e-005, 0.849266915, -4.9825157e-006, -0.527963737, 0.527963736, -3.77130024e-005, 0.849266914, -2.41425834e-005, -0.999999999, -2.93978176e-005, 0, 0, 0, 0, 0, 0, 0, 0.16039458, -0.133926392, -0.155236914, -0.0574168101, 0.88613396, -0.459726112, -0.592651367, 0.340209961, 0.729980469, 0.803295699, 0.314344895, 0.505879601, 0, 0, 0, 0, 0, 0, 0, 0.23111001, -0.103551025, -0.121524463, -0.137931805, 0.220945581, -0.965491552, 0.648071289, -0.716918945, -0.256591797, -0.74886685, -0.661068291, -0.0444018911, 2, 1, 
129.843843, 0.1, 0.1, 0.133925796, 0.209589257, -0.0199662581, 0.84926708, 2.05542838e-005, -0.52796347, 0.52796347, 1.71297018e-005, 0.849267081, 2.64999334e-005, -1, 3.69578086e-006, 0.849267054, 2.49117339e-005, -0.527963513, 0.527963512, 3.60955233e-005, 0.849267054, 4.02138341e-005, -0.999999999, 1.75022522e-005, 0, 0, 0, 0, 0, 0, 0, 0.16039458, -0.133926392, -0.155236914, -0.0574168101, 0.88613396, -0.459726112, -0.592651367, 0.340209961, 0.729980469, 0.803295699, 0.314344895, 0.505879601, 0, 0, 0, 0, 0, 0, 0, 0.23111001, -0.103551025, -0.121524463, -0.137931805, 0.220945581, -0.965491552, 0.648071289, -0.716918945, -0.256591797, -0.74886685, -0.661068291, -0.0444018911, 2, 1, 
129.844685, 0.1, 0.1, 0.133925797, 0.209589252, -0.0199638752, 0.849267192, -6.8472611e-006, -0.527963291, 0.527963291, 1.46601506e-005, 0.849267192, 1.92486714e-006, -1, 1.60654874e-005, 0.849267184, 8.91308078e-006, -0.527963303, 0.527963303, -1.04493205e-005, 0.849267184, 2.05272925e-006, -1, -1.35800446e-005, 0, 0, 0, 0, 0, 0, 0, 0.16039458, -0.133926392, -0.155236914, -0.0574168101, 0.88613396, -0.459726112, -0.592651367, 0.340209961, 0.729980469, 0.803295699, 0.314344895, 0.505879601, 0, 0, 0, 0, 0, 0, 0, 0.23111001, -0.103551025, -0.121524463, -0.137931805, 0.220945581, -0.965491552, 0.648071289, -0.716918945, -0.256591797, -0.74886685, -0.661068291, -0.0444018911, 2, 1, 
129.845528, 0.1, 0.1, 0.133925796, 0.209589253, -0.0199614574, 0.849267193, 5.28033095e-006, -0.527963289, 0.527963289, -2.90386405e-005, 0.849267193, -1.08469243e-005, -1, -2.74493856e-005, 0.849267169, 1.04000666e-005, -0.527963328, 0.527963328, -1.06642088e-005, 0.849267169, 3.20212395e-006, -1, -1.45476161e-005, 0, 0, 0, 0, 0, 0, 0, 0.16039458, -0.133926392, -0.155236914, -0.0574168101, 0.88613396, -0.459726112, -0.592651367, 0.340209961, 0.729980469, 0.803295699, 0.314344895, 0.505879601, 0, 0, 0, 0, 0, 0, 0, 0.23111001, -0.103551025, -0.121524463, -0.137931805, 0.220945581, -0.965491552, 0.648071289, -0.716918945, -0.256591797, -0.74886685, -0.661068291, -0.0444018911, 2, 1, 
129.846412, 0.1, 0.1, 0.133925793, 0.209589255, -0.0199592248, 0.849267232, -2.79689853e-005, -0.527963226, 0.527963226, 2.90537884e-005, 0.849267232, -8.4138109e-006, -0.999999999, 3.94410262e-005, 0.849267246, -2.93348727e-005, -0.527963204, 0.527963205, 3.07665933e-005, 0.849267245, -8.66951735e-006, -0.999999999, 4.16167934e-005, 0, 0, 0, 0, 0, 0, 0, 0.160110181, -0.134322583, -0.155795312, -0.0586917552, 0.887186866, -0.457467531, -0.590820312, 0.338500977, 0.732299805, 0.804609958, 0.313189396, 0.504533141, 0, 0, 0, 0, 0, 0, 0, 0.230879541, -0.103708105, -0.1223271, -0.141529011, 0.222101995, -0.964698977, 0.647705078, -0.716064453, -0.259887695, -0.748508476, -0.661560461, -0.0426001902, 2, 1, 
129.847257, 0.1, 0.1, 0.133925795, 0.209589252, -0.019958604, 0.849267299, 1.04171915e-005, -0.527963118, 0.527963118, -5.66783982e-006, 0.849267299, 5.85456973e-006, -1, -1.03134039e-005, 0.849267273, 6.31561314e-006, -0.52796316, 0.52796316, -2.81439023e-005, 0.849267273, -9.49530007e-006, -1, -2.72361063e-005, 0, 0, 0, 0, 0, 0, 0, 0.160110181, -0.134322583, -0.155795312, -0.0586917552, 0.887186866, -0.457467531, -0.590820312, 0.338500977, 0.732299805, 0.804609958, 0.313189396, 0.504533141, 0, 0, 0, 0, 0, 0, 0, 0.230879541, -0.103708105, -0.1223271, -0.141529011, 0.222101995, -0.964698977, 0.647705078, -0.716064453, -0.259887695, -0.748508476, -0.661560461, -0.0426001902, 2, 1, 
129.848101, 0.1, 0.1, 0.133925792, 0.209589255, -0.0199596185, 0.849267265, 1.14493105e-005, -0.527963173, 0.527963173, -1.26480348e-005, 0.849267265, 3.04582799e-006, -1, -1.67863762e-005, 0.849267261, -4.92821393e-006, -0.52796318, 0.52796318, 1.53326907e-005, 0.849267261, 3.90972537e-006, -1, 1.56234677e-005, 0, 0, 0, 0, 0, 0, 0, 0.160110181, -0.134322583, -0.155795312, -0.0586917552, 0.887186866, -0.457467531, -0.590820312, 0.338500977, 0.732299805, 0.804609958, 0.313189396, 0.504533141, 0, 0, 0, 0, 0, 0, 0, 0.230879541, -0.103708105, -0.1223271, -0.141529011, 0.222101995, -0.964698977, 0.647705078, -0.716064453, -0.259887695, -0.748508476, -0.661560461, -0.0426001902, 2, 1, 
129.848968, 0.1, 0.1, 0.133925792, 0.209589252, -0.0199616846, 0.849267331, -2.59078231e-005, -0.527963066, 0.527963067, 1.7844196e-005, 0.849267331, -1.25815914e-005, -1, 2.88328665e-005, 0.849267344, -6.22042164e-006, -0.527963046, 0.527963046, 1.41639576e-005, 0.849267344, 2.19524524e-006, -1, 1.53131394e-005, 0, 0, 0, 0, 0, 0, 0, 0.160110181, -0.134322583, -0.155795312, -0.0586917552, 0.887186866, -0.457467531, -0.590820312, 0.338500977, 0.732299805, 0.804609958, 0.313189396, 0.504533141, 0, 0, 0, 0, 0, 0, 0, 0.230463916, -0.103855176, -0.122698389, -0.144493688, 0.22336705, -0.963976764, 0.647338867, -0.715332031, -0.262695312, -0.748329105, -0.661918469, -0.0412968554, 2, 1, 
129.849889, 0.1, 0.1, 0.133925792, 0.209589249, -0.0199637416, 0.849267351, 4.86491657e-006, -0.527963035, 0.527963035, -3.40029312e-005, 0.849267351, -1.38206759e-005, -0.999999999, -3.14460754e-005, 0.849267324, 5.56728044e-006, -0.527963078, 0.527963078, -3.48094803e-005, 0.849267324, -1.3650011e-005, -0.999999999, -3.25018727e-005, 0, 0, 0, 0, 0, 0, 0, 0.160110181, -0.134322583, -0.155795312, -0.0586917552, 0.887186866, -0.457467531, -0.590820312, 0.338500977, 0.732299805, 0.804609958, 0.313189396, 0.504533141, 0, 0, 0, 0, 0, 0, 0, 0.230463916, -0.103855176, -0.122698389, -0.144493688, 0.22336705, -0.963976764, 0.647338867, -0.715332031, -0.262695312, -0.748329105, -0.661918469, -0.0412968554, 2, 1, 
129.851012, 0.1, 0.1, 0.133925787, 0.209589256, -0.0199605719, 0.849267283, -1.16311232e-005, -0.527963144, 0.527963144, 1.9868354e-005, 0.849267283, 6.11826258e-007, -1, 2.30143474e-005, 0.849267319, -3.71883897e-005, -0.527963085, 0.527963086, 3.10933511e-005, 0.849267319, -1.51667425e-005, -0.999999999, 4.60406639e-005, 0, 0, 0, 0, 0, 0, 0, 0.160110181, -0.134322583, -0.155795312, -0.0600048922, 0.888277964, -0.455151663, -0.589355469, 0.336547852, 0.734375, 0.805683082, 0.312275031, 0.503548384, 0, 0, 0, 0, 0, 0, 0, 0.230463916, -0.103855176, -0.122698389, -0.144493688, 0.22336705, -0.963976764, 0.647338867, -0.715332031, -0.262695312, -0.748329105, -0.661918469, -0.0412968554, 2, 1, 
129.851879, 0.1, 0.1, 0.13392579, 0.209589252, -0.0199579139, 0.849267185, -1.46915038e-005, -0.527963303, 0.527963303, 7.72647708e-006, 0.849267185, -8.39771572e-006, -1, 1.43184183e-005, 0.849267189, 2.7561617e-006, -0.527963296, 0.527963296, -1.82390325e-005, 0.849267189, -7.28882202e-006, -1, -1.69449641e-005, 0, 0, 0, 0, 0, 0, 0, 0.160046338, -0.134269604, -0.156349683, -0.0600048922, 0.888277964, -0.455151663, -0.589355469, 0.336547852, 0.734375, 0.805683082, 0.312275031, 0.503548384, 0, 0, 0, 0, 0, 0, 0, 0.230463916, -0.103855176, -0.122698389, -0.144493688, 0.22336705, -0.963976764, 0.647338867, -0.715332031, -0.262695312, -0.748329105, -0.661918469, -0.0412968554, 2, 1, 
129.852731, 0.1, 0.1, 0.13392579, 0.20958925, -0.019957193, 0.849267197, 2.70644889e-005, -0.527963283, 0.527963283, -4.02080093e-005, 0.849267196, 1.75663002e-006, -0.999999999, -4.84363998e-005, 0.849267223, 5.28782787e-006, -0.52796324, 0.52796324, -3.41328688e-005, 0.849267223, -1.35301211e-005, -0.999999999, -3.17797054e-005, 0, 0, 0, 0, 0, 0, 0, 0.160046338, -0.134269604, -0.156349683, -0.0600048922, 0.888277964, -0.455151663, -0.589355469, 0.336547852, 0.734375, 0.805683082, 0.312275031, 0.503548384, 0, 0, 0, 0, 0, 0, 0, 0.230463916, -0.103855176, -0.122698389, -0.144493688, 0.22336705, -0.963976764, 0.647338867, -0.715332031, -0.262695312, -0.748329105, -0.661918469, -0.0412968554, 2, 1, 
129.853635, 0.1, 0.1, 0.13392579, 0.209589248, -0.0199582365, 0.849267174, -1.06553917e-005, -0.52796332, 0.52796332, 1.96447769e-005, 0.849267174, 1.32244723e-006, -1, 2.23093201e-005, 0.849267154, -1.08316758e-005, -0.527963351, 0.527963351, 2.01863861e-005, 0.849267154, 1.45868559e-006, -1, 2.28623625e-005, 0, 0, 0, 0, 0, 0, 0, 0.159995557, -0.134494312, -0.156129858, -0.0609634402, 0.888189597, -0.455234038, -0.58996582, 0.33581543, 0.73425293, 0.80509335, 0.313277762, 0.503808615, 0, 0, 0, 0, 0, 0, 0, 0.230463916, -0.103855176, -0.122698389, -0.144301924, 0.223053885, -0.963964004, 0.647949219, -0.71496582, -0.262451172, -0.747817979, -0.662442355, -0.041418257, 2, 1, 
129.854489, 0.1, 0.1, 0.133925792, 0.209589242, -0.0199603082, 0.849267124, 4.29379205e-007, -0.5279634, 0.5279634, -2.08703944e-005, 0.849267124, -1.06541467e-005, -1, -1.79512364e-005, 0.849267148, 2.19071326e-005, -0.527963361, 0.527963361, -2.89745378e-005, 0.849267148, 3.30751366e-006, -0.999999999, -3.61732865e-005, 0, 0, 0, 0, 0, 0, 0, 0.159995557, -0.134494312, -0.156129858, -0.0609634402, 0.888189597, -0.455234038, -0.58996582, 0.33581543, 0.73425293, 0.80509335, 0.313277762, 0.503808615, 0, 0, 0, 0, 0, 0, 0, 0.230264111, -0.103886914, -0.122476855, -0.144301924, 0.223053885, -0.963964004, 0.647949219, -0.71496582, -0.262451172, -0.747817979, -0.662442355, -0.041418257, 2, 1, 
129.855342, 0.1, 0.1, 0.133925789, 0.209589245, -0.0199631032, 0.849267172, 1.24771912e-006, -0.527963324, 0.527963324, -1.09717798e-005, 0.849267171, -4.73305045e-006, -1, -9.97672234e-006, 0.849267172, -1.45566295e-005, -0.527963324, 0.527963324, 1.19694672e-005, 0.849267172, -6.0430279e-006, -1, 1.78506421e-005, 0, 0, 0, 0, 0, 0, 0, 0.159995557, -0.134494312, -0.156129858, -0.0609634402, 0.888189597, -0.455234038, -0.58996582, 0.33581543, 0.73425293, 0.80509335, 0.313277762, 0.503808615, 0, 0, 0, 0, 0, 0, 0, 0.230264111, -0.103886914, -0.122476855, -0.144301924, 0.223053885, -0.963964004, 0.647949219, -0.71496582, -0.262451172, -0.747817979, -0.662442355, -0.041418257, 2, 1, 
129.856203, 0.1, 0.1, 0.133925791, 0.209589246, -0.0199654747, 0.849267124, -7.81082811e-006, -0.527963401, 0.527963401, 3.76121323e-005, 0.849267123, 1.32243498e-005, -0.999999999, 3.60665788e-005, 0.84926711, -1.24449611e-005, -0.527963423, 0.527963423, 1.922933e-005, 0.84926711, -4.16713206e-007, -1, 2.29013218e-005, 0, 0, 0, 0, 0, 0, 0, 0.159995557, -0.134494312, -0.156129858, -0.0609634402, 0.888189597, -0.455234038, -0.58996582, 0.33581543, 0.73425293, 0.80509335, 0.313277762, 0.503808615, 0, 0, 0, 0, 0, 0, 0, 0.230264111, -0.103886914, -0.122476855, -0.144301924, 0.223053885, -0.963964004, 0.647949219, -0.71496582, -0.262451172, -0.747817979, -0.662442355, -0.041418257, 2, 1, 
129.857058, 0.1, 0.1, 0.133925788, 0.209589244, -0.0199666771, 0.8492672, -1.34937573e-005, -0.527963279, 0.527963278, -3.24731275e-005, 0.849267199, -2.86044243e-005, -0.999999999, -2.04541537e-005, 0.849267188, -1.69179709e-005, -0.527963298, 0.527963297, -3.39807912e-005, 0.849267187, -3.23084882e-005, -0.999999999, -1.99267033e-005, 0, 0, 0, 0, 0, 0, 0, 0.159995557, -0.134494312, -0.156129858, -0.0609634402, 0.888189597, -0.455234038, -0.58996582, 0.33581543, 0.73425293, 0.80509335, 0.313277762, 0.503808615, 0, 0, 0, 0, 0, 0, 0, 0.230264111, -0.103886914, -0.122476855, -0.144301924, 0.223053885, -0.963964004, 0.647949219, -0.71496582, -0.262451172, -0.747817979, -0.662442355, -0.041418257, 2, 1, 
