time, realDorsalTactorPos, realVentralTactorPos, boxPosX, boxPosY, boxPosZ, boxLocalRot_11, boxLocalRot_12, boxLocalRot_13, boxLocalRot_21, boxLocalRot_22, boxLocalRot_23, boxLocalRot_31, boxLocalRot_32, boxLocalRot_33, boxGlobalRot_11, boxGlobalRot_12, boxGlobalRot_13, boxGlobalRot_21, boxGlobalRot_22, boxGlobalRot_23, boxGlobalRot_31, boxGlobalRot_32, boxGlobalRot_33, indexForceX, indexForceY, indexForceZ, indexForceGlobalX, indexForceGlobalY, indexForceGlobalZ, indexContact, indexPosX, indexPosY, indexPosZ, indexRot_11, indexRot_12, indexRot_13, indexRot_21, indexRot_22, indexRot_23, indexRot_31, indexRot_32, indexRot_33, thumbForceX, thumbForceY, thumbForceZ, thumbForceGlobalX, thumbForceGlobalY, thumbForceGlobalZ, thumbContact, thumbPosX, thumbPosY, thumbPosZ, thumbRot_11, thumbRot_12, thumbRot_13, thumbRot_21, thumbRot_22, thumbRot_23, thumbRot_31, thumbRot_32, thumbRot_33, mapping, trialSuccess, 
257.872126, 0.1, 0.1, 0.0993034218, 0.191277785, -0.0199558767, 0.725944273, -0.687753526, -2.61916963e-005, 0.687753526, 0.725944273, -5.35580007e-006, 2.26971823e-005, -1.41254191e-005, 1, 0.725943681, -0.687754151, -2.05634885e-006, 0.687754151, 0.725943681, -1.82610858e-005, 1.4051931e-005, 1.18422574e-005, 1, 0, 0, 0, 0, 0, 0, 0, 0.158671118, -0.238891455, -0.115189307, -0.363318394, 0.674978665, -0.642210327, -0.548828125, 0.401977539, 0.732910156, 0.752501427, 0.619072904, 0.224566506, 0, 0, 0, 0, 0, 0, 0, 0.225843652, -0.186888525, -0.0849637207, -0.358820382, 0.174441176, -0.916939098, 0.509399414, -0.786376953, -0.348999023, -0.782025335, -0.592310475, 0.19317587, 4, 1, 
257.916813, 0.1, 0.1, 0.0993034242, 0.191277817, -0.0199586598, 0.726013928, -0.687679993, -5.33363719e-005, 0.687679994, 0.726013929, 2.41580328e-006, 3.70616493e-005, -3.84322627e-005, 0.999999999, 0.726013926, -0.687679995, -5.67502817e-005, 0.687679996, 0.726013928, 6.56466966e-007, 4.07500557e-005, -3.95026377e-005, 0.999999998, 0, 0, 0, 0, 0, 0, 0, 0.168715527, -0.242071069, -0.109803442, -0.36678451, 0.668702785, -0.646742097, -0.567504883, 0.390014648, 0.725097656, 0.736859863, 0.633291243, 0.236531134, 0, 0, 0, 0, 0, 0, 0, 0.233430664, -0.190132715, -0.0809527344, -0.348392971, 0.169476471, -0.921802458, 0.515014648, -0.786987305, -0.339355469, -0.783138738, -0.59295503, 0.186895803, 4, 1, 
257.917666, 0.1, 0.1, 0.0993034193, 0.191277817, -0.0199575576, 0.726013947, -0.687679975, 2.01937294e-005, 0.687679975, 0.726013948, -5.00275893e-008, -1.46265262e-005, 1.39231441e-005, 1, 0.726013942, -0.68767998, 4.44092007e-005, 0.68767998, 0.726013942, 6.06389929e-007, -3.26587011e-005, 3.00990707e-005, 0.999999999, 0, 0, 0, 0, 0, 0, 0, 0.168715527, -0.242071069, -0.109803442, -0.36678451, 0.668702785, -0.646742097, -0.567504883, 0.390014648, 0.725097656, 0.736859863, 0.633291243, 0.236531134, 0, 0, 0, 0, 0, 0, 0, 0.233430664, -0.190132715, -0.0809527344, -0.348392971, 0.169476471, -0.921802458, 0.515014648, -0.786987305, -0.339355469, -0.783138738, -0.59295503, 0.186895803, 4, 1, 
257.918517, 0.1, 0.1, 0.0993034251, 0.191277818, -0.0199584321, 0.726013977, -0.687679943, 2.59918251e-005, 0.687679944, 0.726013977, -1.8399887e-006, -1.7605105e-005, 1.92099143e-005, 1, 0.726013971, -0.68767995, -2.04804598e-005, 0.68767995, 0.726013971, -1.35111722e-006, 1.57982361e-005, -1.31030716e-005, 1, 0, 0, 0, 0, 0, 0, 0, 0.168715527, -0.242071069, -0.109803442, -0.36678451, 0.668702785, -0.646742097, -0.567504883, 0.390014648, 0.725097656, 0.736859863, 0.633291243, 0.236531134, 0, 0, 0, 0, 0, 0, 0, 0.233430664, -0.190132715, -0.0809527344, -0.348392971, 0.169476471, -0.921802458, 0.515014648, -0.786987305, -0.339355469, -0.783138738, -0.59295503, 0.186895803, 4, 1, 
257.919364, 0.1, 0.1, 0.0993034218, 0.191277818, -0.0199607846, 0.726014, -0.687679919, -3.67655005e-005, 0.687679919, 0.726014, 1.24867656e-006, 2.58335783e-005, -2.61894531e-005, 0.999999999, 0.726013996, -0.687679924, -1.67294091e-005, 0.687679924, 0.726013996, 4.48186598e-007, 1.18375762e-005, -1.18298685e-005, 1, 0, 0, 0, 0, 0, 0, 0, 0.168715527, -0.242071069, -0.109803442, -0.36678451, 0.668702785, -0.646742097, -0.567504883, 0.390014648, 0.725097656, 0.736859863, 0.633291243, 0.236531134, 0, 0, 0, 0, 0, 0, 0, 0.233430664, -0.190132715, -0.0809527344, -0.348392971, 0.169476471, -0.921802458, 0.515014648, -0.786987305, -0.339355469, -0.783138738, -0.59295503, 0.186895803, 4, 1, 
257.920216, 0.1, 0.1, 0.0993034185, 0.191277819, -0.0199637377, 0.726014022, -0.687679895, 4.59102214e-005, 0.687679896, 0.726014022, -1.10043012e-006, -3.25747208e-005, 3.2370464e-005, 0.999999999, 0.726014017, -0.6876799, 4.7003618e-005, 0.6876799, 0.726014018, -1.46224476e-006, -3.31197292e-005, 3.33850535e-005, 0.999999999, 0, 0, 0, 0, 0, 0, 0, 0.168715527, -0.242071069, -0.109803442, -0.36678451, 0.668702785, -0.646742097, -0.567504883, 0.390014648, 0.725097656, 0.736859863, 0.633291243, 0.236531134, 0, 0, 0, 0, 0, 0, 0, 0.233430664, -0.190132715, -0.0809527344, -0.348392971, 0.169476471, -0.921802458, 0.515014648, -0.786987305, -0.339355469, -0.783138738, -0.59295503, 0.186895803, 4, 1, 
257.921063, 0.1, 0.1, 0.0993034218, 0.191277819, -0.0199661213, 0.726014044, -0.687679873, -1.21976877e-005, 0.687679873, 0.726014044, 3.32025687e-007, 8.62736522e-006, -8.62915966e-006, 1, 0.72601404, -0.687679877, -3.11579309e-005, 0.687679877, 0.72601404, 6.2784918e-007, 2.2189336e-005, -2.18825094e-005, 1, 0, 0, 0, 0, 0, 0, 0, 0.168715527, -0.242071069, -0.109803442, -0.36678451, 0.668702785, -0.646742097, -0.567504883, 0.390014648, 0.725097656, 0.736859863, 0.633291243, 0.236531134, 0, 0, 0, 0, 0, 0, 0, 0.233430664, -0.190132715, -0.0809527344, -0.348392971, 0.169476471, -0.921802458, 0.515014648, -0.786987305, -0.339355469, -0.783138738, -0.59295503, 0.186895803, 4, 1, 
257.922003, 0.1, 0.1, 0.0993034155, 0.19127782, -0.0199663015, 0.726014064, -0.687679852, -1.97731145e-005, 0.687679852, 0.726014064, 2.27542952e-006, 1.27907922e-005, -1.52495663e-005, 1, 0.726014062, -0.687679854, 1.87153605e-005, 0.687679854, 0.726014062, 6.11161657e-007, -1.40078985e-005, 1.24264644e-005, 1, 0, 0, 0, 0, 0, 0, 0, 0.168112061, -0.241339209, -0.109430664, -0.369692355, 0.669789014, -0.643973916, -0.569213867, 0.384643555, 0.72668457, 0.73410703, 0.635467448, 0.239182495, 0, 0, 0, 0, 0, 0, 0, 0.233527344, -0.189784863, -0.0805714355, -0.347281033, 0.168562494, -0.922416029, 0.517333984, -0.785888672, -0.338378906, -0.782039927, -0.59476949, 0.18572663, 4, 1, 
257.922893, 0.1, 0.1, 0.0993034178, 0.19127782, -0.0199642429, 0.726014068, -0.687679847, 3.89043884e-005, 0.687679848, 0.726014068, -2.47144635e-006, -2.65455695e-005, 2.85480687e-005, 0.999999999, 0.726014068, -0.687679848, 1.94511741e-005, 0.687679848, 0.726014068, -1.02705872e-006, -1.34155385e-005, 1.41218396e-005, 1, 0, 0, 0, 0, 0, 0, 0, 0.168112061, -0.241339209, -0.109430664, -0.369692355, 0.669789014, -0.643973916, -0.569213867, 0.384643555, 0.72668457, 0.73410703, 0.635467448, 0.239182495, 0, 0, 0, 0, 0, 0, 0, 0.233527344, -0.189784863, -0.0805714355, -0.347281033, 0.168562494, -0.922416029, 0.517333984, -0.785888672, -0.338378906, -0.782039927, -0.59476949, 0.18572663, 4, 1, 
257.923769, 0.1, 0.1, 0.0993034219, 0.191277821, -0.0199615452, 0.726014068, -0.687679846, -4.55418576e-005, 0.687679847, 0.726014069, 1.74561542e-006, 3.18636048e-005, -3.2585559e-005, 0.999999999, 0.726014067, -0.687679847, -4.80757222e-005, 0.687679848, 0.726014068, 1.595594e-006, 3.38063928e-005, -3.4219129e-005, 0.999999999, 0, 0, 0, 0, 0, 0, 0, 0.168112061, -0.241339209, -0.109430664, -0.374326335, 0.671535367, -0.639435415, -0.569702148, 0.377685547, 0.729980469, 0.731380406, 0.637909875, 0.241306282, 0, 0, 0, 0, 0, 0, 0, 0.233527344, -0.189784863, -0.0805714355, -0.347281033, 0.168562494, -0.922416029, 0.517333984, -0.785888672, -0.338378906, -0.782039927, -0.59476949, 0.18572663, 4, 1, 
257.924643, 0.1, 0.1, 0.0993034166, 0.191277821, -0.0199588677, 0.726014065, -0.687679851, 1.84345121e-005, 0.687679851, 0.726014065, 4.75765628e-007, -1.37108895e-005, 1.233163e-005, 1, 0.726014066, -0.687679848, 4.34574633e-005, 0.687679849, 0.726014067, -3.70149197e-007, -3.12961855e-005, 3.01535553e-005, 0.999999999, 0, 0, 0, 0, 0, 0, 0, 0.167197217, -0.240796045, -0.109415503, -0.374326335, 0.671535367, -0.639435415, -0.569702148, 0.377685547, 0.729980469, 0.731380406, 0.637909875, 0.241306282, 0, 0, 0, 0, 0, 0, 0, 0.233847266, -0.189890088, -0.0801918457, -0.346169096, 0.167514356, -0.923016841, 0.519775391, -0.784790039, -0.337402344, -0.780941116, -0.596475309, 0.184436055, 4, 1, 
257.925493, 0.1, 0.1, 0.0993034231, 0.191277822, -0.0199578554, 0.726014051, -0.687679866, 2.27272649e-005, 0.687679866, 0.726014051, -2.15217768e-006, -1.50203044e-005, 1.71915937e-005, 1, 0.726014054, -0.687679862, -2.38940267e-005, 0.687679862, 0.726014055, -8.11702844e-007, 1.79055909e-005, -1.58421333e-005, 1, 0, 0, 0, 0, 0, 0, 0, 0.167197217, -0.240796045, -0.109415503, -0.374326335, 0.671535367, -0.639435415, -0.569702148, 0.377685547, 0.729980469, 0.731380406, 0.637909875, 0.241306282, 0, 0, 0, 0, 0, 0, 0, 0.233847266, -0.189890088, -0.0801918457, -0.346169096, 0.167514356, -0.923016841, 0.519775391, -0.784790039, -0.337402344, -0.780941116, -0.596475309, 0.184436055, 4, 1, 
257.926345, 0.1, 0.1, 0.0993034215, 0.191277822, -0.0199586454, 0.726014019, -0.687679898, -4.72840888e-005, 0.687679899, 0.72601402, 4.39673956e-006, 3.13053619e-005, -3.57084119e-005, 0.999999999, 0.726014026, -0.687679891, -2.58028789e-005, 0.687679892, 0.726014027, 3.13667894e-006, 1.6576221e-005, -2.00213939e-005, 1, 0, 0, 0, 0, 0, 0, 0, 0.167197217, -0.240796045, -0.109415503, -0.374326335, 0.671535367, -0.639435415, -0.569702148, 0.377685547, 0.729980469, 0.731380406, 0.637909875, 0.241306282, 0, 0, 0, 0, 0, 0, 0, 0.233847266, -0.189890088, -0.0801918457, -0.346169096, 0.167514356, -0.923016841, 0.519775391, -0.784790039, -0.337402344, -0.780941116, -0.596475309, 0.184436055, 4, 1, 
257.927194, 0.1, 0.1, 0.0993034198, 0.191277822, -0.0199608785, 0.726013982, -0.687679937, 4.21027725e-005, 0.687679938, 0.726013983, -2.14891457e-006, -2.90894361e-005, 3.0513374e-005, 0.999999999, 0.726013988, -0.687679931, 4.30526339e-005, 0.687679931, 0.726013989, -1.48482235e-006, -3.0235732e-005, 3.06844341e-005, 0.999999999, 0, 0, 0, 0, 0, 0, 0, 0.167197217, -0.240796045, -0.109415503, -0.374326335, 0.671535367, -0.639435415, -0.569702148, 0.377685547, 0.729980469, 0.731380406, 0.637909875, 0.241306282, 0, 0, 0, 0, 0, 0, 0, 0.233847266, -0.189890088, -0.0801918457, -0.346169096, 0.167514356, -0.923016841, 0.519775391, -0.784790039, -0.337402344, -0.780941116, -0.596475309, 0.184436055, 4, 1, 
257.928057, 0.1, 0.1, 0.0993034251, 0.191277822, -0.0199635547, 0.726013958, -0.687679964, -1.94044016e-005, 0.687679964, 0.726013958, 2.11571065e-006, 1.26329346e-005, -1.48800537e-005, 1, 0.726013961, -0.68767996, -4.05242687e-005, 0.687679961, 0.726013961, 2.18256123e-006, 2.79202812e-005, -2.94522974e-005, 0.999999999, 0, 0, 0, 0, 0, 0, 0, 0.167197217, -0.240796045, -0.109415503, -0.374326335, 0.671535367, -0.639435415, -0.569702148, 0.377685547, 0.729980469, 0.731380406, 0.637909875, 0.241306282, 0, 0, 0, 0, 0, 0, 0, 0.233847266, -0.189890088, -0.0801918457, -0.346169096, 0.167514356, -0.923016841, 0.519775391, -0.784790039, -0.337402344, -0.780941116, -0.596475309, 0.184436055, 4, 1, 
257.928942, 0.1, 0.1, 0.0993034206, 0.191277823, -0.0199654231, 0.726013953, -0.687679969, -2.13123675e-005, 0.687679969, 0.726013953, -1.09828637e-006, 1.62283457e-005, -1.3858717e-005, 1, 0.726013952, -0.68767997, 1.61910769e-005, 0.687679971, 0.726013952, -1.13584051e-006, -1.0973853e-005, 1.19589153e-005, 1, 0, 0, 0, 0, 0, 0, 0, 0.166100269, -0.240061353, -0.110318799, -0.378273981, 0.677221132, -0.631139107, -0.567993164, 0.368652344, 0.735839844, 0.73064614, 0.63713293, 0.245306729, 0, 0, 0, 0, 0, 0, 0, 0.2335896, -0.189809521, -0.080842041, -0.347012344, 0.169296733, -0.922429156, 0.520751953, -0.783081055, -0.33972168, -0.779925061, -0.598251857, 0.183515881, 4, 1, 
257.929791, 0.1, 0.1, 0.0993034224, 0.191277824, -0.0199659275, 0.726013959, -0.687679962, 3.87531733e-005, 0.687679962, 0.72601396, -6.24075095e-007, -2.77061809e-005, 2.7102868e-005, 0.999999999, 0.726013958, -0.687679963, 2.07663757e-005, 0.687679963, 0.726013958, -1.27981528e-006, -1.41965753e-005, 1.52097843e-005, 1, 0, 0, 0, 0, 0, 0, 0, 0.166100269, -0.240061353, -0.110318799, -0.378273981, 0.677221132, -0.631139107, -0.567993164, 0.368652344, 0.735839844, 0.73064614, 0.63713293, 0.245306729, 0, 0, 0, 0, 0, 0, 0, 0.2335896, -0.189809521, -0.080842041, -0.347012344, 0.169296733, -0.922429156, 0.520751953, -0.783081055, -0.33972168, -0.779925061, -0.598251857, 0.183515881, 4, 1, 
257.93064, 0.1, 0.1, 0.0993034245, 0.191277824, -0.019965318, 0.726013961, -0.68767996, -3.57231818e-005, 0.68767996, 0.726013962, 8.08465777e-007, 2.5379563e-005, -2.51530737e-005, 0.999999999, 0.726013961, -0.68767996, -3.77519636e-005, 0.68767996, 0.726013962, 9.01879283e-007, 2.67882484e-005, -2.66160458e-005, 0.999999999, 0, 0, 0, 0, 0, 0, 0, 0.166100269, -0.240061353, -0.110318799, -0.378273981, 0.677221132, -0.631139107, -0.567993164, 0.368652344, 0.735839844, 0.73064614, 0.63713293, 0.245306729, 0, 0, 0, 0, 0, 0, 0, 0.2335896, -0.189809521, -0.080842041, -0.347012344, 0.169296733, -0.922429156, 0.520751953, -0.783081055, -0.33972168, -0.779925061, -0.598251857, 0.183515881, 4, 1, 
257.931518, 0.1, 0.1, 0.0993034185, 0.191277824, -0.0199634209, 0.726013969, -0.687679952, 2.1408734e-005, 0.687679952, 0.726013969, -1.01877665e-006, -1.48424477e-005, 1.54620033e-005, 1, 0.726013966, -0.687679954, 4.38188951e-005, 0.687679954, 0.726013967, -1.48600501e-006, -3.0791234e-005, 3.12122362e-005, 0.999999999, 0, 0, 0, 0, 0, 0, 0, 0.166100269, -0.240061353, -0.110318799, -0.378273981, 0.677221132, -0.631139107, -0.567993164, 0.368652344, 0.735839844, 0.73064614, 0.63713293, 0.245306729, 0, 0, 0, 0, 0, 0, 0, 0.2335896, -0.189809521, -0.080842041, -0.347012344, 0.169296733, -0.922429156, 0.520751953, -0.783081055, -0.33972168, -0.779925061, -0.598251857, 0.183515881, 4, 1, 
257.932375, 0.1, 0.1, 0.0993034231, 0.191277825, -0.019961415, 0.726013978, -0.687679942, 2.62472641e-005, 0.687679942, 0.726013979, -1.72458059e-006, -1.78699212e-005, 1.93017867e-005, 1, 0.726013978, -0.687679943, -1.65517546e-005, 0.687679943, 0.726013978, -1.43024981e-007, 1.21151606e-005, -1.12784715e-005, 1, 0, 0, 0, 0, 0, 0, 0, 0.166100269, -0.240061353, -0.110318799, -0.378273981, 0.677221132, -0.631139107, -0.567993164, 0.368652344, 0.735839844, 0.73064614, 0.63713293, 0.245306729, 0, 0, 0, 0, 0, 0, 0, 0.2335896, -0.189809521, -0.080842041, -0.347012344, 0.169296733, -0.922429156, 0.520751953, -0.783081055, -0.33972168, -0.779925061, -0.598251857, 0.183515881, 4, 1, 
257.933225, 0.1, 0.1, 0.0993034215, 0.191277825, -0.0199600589, 0.726013973, -0.687679947, -4.61573493e-005, 0.687679948, 0.726013973, 3.7142124e-006, 3.09566912e-005, -3.44380537e-005, 0.999999999, 0.726013975, -0.687679945, -2.51508322e-005, 0.687679946, 0.726013975, 2.6545984e-006, 1.64343416e-005, -1.92229985e-005, 1, 0, 0, 0, 0, 0, 0, 0, 0.166100269, -0.240061353, -0.110318799, -0.378273981, 0.677221132, -0.631139107, -0.567993164, 0.368652344, 0.735839844, 0.73064614, 0.63713293, 0.245306729, 0, 0, 0, 0, 0, 0, 0, 0.2335896, -0.189809521, -0.080842041, -0.347012344, 0.169296733, -0.922429156, 0.520751953, -0.783081055, -0.33972168, -0.779925061, -0.598251857, 0.183515881, 4, 1, 
257.934113, 0.1, 0.1, 0.0993034194, 0.191277825, -0.0199592177, 0.726013957, -0.687679964, 4.44975801e-005, 0.687679965, 0.726013957, -3.35893953e-006, -2.99959888e-005, 3.30387313e-005, 0.999999999, 0.726013959, -0.687679962, 4.68379314e-005, 0.687679962, 0.726013959, -2.7424964e-006, -3.21190322e-005, 3.42005976e-005, 0.999999999, 0, 0, 0, 0, 0, 0, 0, 0.167743872, -0.240769873, -0.111584131, -0.381041041, 0.680857251, -0.625458212, -0.56652832, 0.362792969, 0.739868164, 0.730342848, 0.636680618, 0.247620354, 0, 0, 0, 0, 0, 0, 0, 0.23467749, -0.190139795, -0.0814954102, -0.347351029, 0.170996356, -0.922001152, 0.520141602, -0.782836914, -0.341186523, -0.780206144, -0.59807322, 0.182947153, 4, 1, 
257.934953, 0.1, 0.1, 0.0993034252, 0.191277826, -0.019959793, 0.726013953, -0.687679969, -2.19316049e-005, 0.687679969, 0.726013953, 1.57934739e-006, 1.48365656e-005, -1.62285536e-005, 1, 0.726013951, -0.68767997, -4.4695481e-005, 0.68767997, 0.726013952, 1.56033974e-006, 3.13765284e-005, -3.18690155e-005, 0.999999999, 0, 0, 0, 0, 0, 0, 0, 0.167743872, -0.240769873, -0.111584131, -0.381041041, 0.680857251, -0.625458212, -0.56652832, 0.362792969, 0.739868164, 0.730342848, 0.636680618, 0.247620354, 0, 0, 0, 0, 0, 0, 0, 0.23467749, -0.190139795, -0.0814954102, -0.347351029, 0.170996356, -0.922001152, 0.520141602, -0.782836914, -0.341186523, -0.780206144, -0.59807322, 0.182947153, 4, 1, 
257.935802, 0.1, 0.1, 0.0993034205, 0.191277826, -0.0199614538, 0.726013965, -0.687679956, -2.36060595e-005, 0.687679956, 0.726013966, -1.15408217e-006, 1.7931968e-005, -1.53955342e-005, 1, 0.726013961, -0.687679961, 1.83864144e-005, 0.687679961, 0.726013961, -1.35903017e-006, -1.24142157e-005, 1.36306436e-005, 1, 0, 0, 0, 0, 0, 0, 0, 0.167743872, -0.240769873, -0.111584131, -0.381041041, 0.680857251, -0.625458212, -0.56652832, 0.362792969, 0.739868164, 0.730342848, 0.636680618, 0.247620354, 0, 0, 0, 0, 0, 0, 0, 0.23467749, -0.190139795, -0.0814954102, -0.347351029, 0.170996356, -0.922001152, 0.520141602, -0.782836914, -0.341186523, -0.780206144, -0.59807322, 0.182947153, 4, 1, 
257.93667, 0.1, 0.1, 0.0993034235, 0.191277827, -0.0199632823, 0.726013989, -0.68767993, 3.7692778e-005, 0.687679931, 0.726013989, 2.00921513e-007, -2.75036538e-005, 2.57746951e-005, 0.999999999, 0.726013985, -0.687679935, 1.83042488e-005, 0.687679935, 0.726013985, -6.29459636e-007, -1.28562739e-005, 1.30444611e-005, 1, 0, 0, 0, 0, 0, 0, 0, 0.167743872, -0.240769873, -0.111584131, -0.381041041, 0.680857251, -0.625458212, -0.56652832, 0.362792969, 0.739868164, 0.730342848, 0.636680618, 0.247620354, 0, 0, 0, 0, 0, 0, 0, 0.234796729, -0.190765674, -0.0820984863, -0.348041526, 0.173770003, -0.92121514, 0.51550293, -0.78527832, -0.342773437, -0.782979057, -0.594099416, 0.183643479, 4, 1, 
257.937517, 0.1, 0.1, 0.0993034262, 0.191277827, -0.0199647423, 0.726014003, -0.687679915, -4.02739492e-005, 0.687679916, 0.726014004, 1.36465138e-006, 2.83010077e-005, -2.8686342e-005, 0.999999999, 0.726014002, -0.687679917, -4.17145362e-005, 0.687679917, 0.726014002, 2.51073756e-006, 2.85587536e-005, -3.05090794e-005, 0.999999999, 0, 0, 0, 0, 0, 0, 0, 0.167743872, -0.240769873, -0.111584131, -0.381041041, 0.680857251, -0.625458212, -0.56652832, 0.362792969, 0.739868164, 0.730342848, 0.636680618, 0.247620354, 0, 0, 0, 0, 0, 0, 0, 0.234796729, -0.190765674, -0.0820984863, -0.348041526, 0.173770003, -0.92121514, 0.51550293, -0.78527832, -0.342773437, -0.782979057, -0.594099416, 0.183643479, 4, 1, 
257.938442, 0.1, 0.1, 0.0993034217, 0.191277828, -0.0199650346, 0.726013996, -0.687679924, 1.1044776e-005, 0.687679924, 0.726013996, -3.33485396e-006, -5.72534983e-006, 1.00164214e-005, 1, 0.726013998, -0.687679921, 3.85590276e-005, 0.687679921, 0.726013998, -4.74737949e-006, -2.47297162e-005, 2.9962933e-005, 0.999999999, 0, 0, 0, 0, 0, 0, 0, 0.167743872, -0.240769873, -0.111584131, -0.381177339, 0.687961372, -0.617513866, -0.557250977, 0.362060547, 0.747314453, 0.737285584, 0.629252247, 0.24549695, 0, 0, 0, 0, 0, 0, 0, 0.234796729, -0.190765674, -0.0820984863, -0.348041526, 0.173770003, -0.92121514, 0.51550293, -0.78527832, -0.342773437, -0.782979057, -0.594099416, 0.183643479, 4, 1, 
257.939295, 0.1, 0.1, 0.0993034277, 0.191277828, -0.019963725, 0.726013997, -0.687679923, 1.90865479e-005, 0.687679923, 0.726013997, 1.54355459e-006, -1.49185724e-005, 1.20047935e-005, 1, 0.726013994, -0.687679925, -2.13337773e-005, 0.687679925, 0.726013995, 2.05471831e-006, 1.40756323e-005, -1.61625646e-005, 1, 0, 0, 0, 0, 0, 0, 0, 0.16753479, -0.24154563, -0.112970532, -0.381177339, 0.687961372, -0.617513866, -0.557250977, 0.362060547, 0.747314453, 0.737285584, 0.629252247, 0.24549695, 0, 0, 0, 0, 0, 0, 0, 0.234796729, -0.190765674, -0.0820984863, -0.348041526, 0.173770003, -0.92121514, 0.51550293, -0.78527832, -0.342773437, -0.782979057, -0.594099416, 0.183643479, 4, 1, 
257.940147, 0.1, 0.1, 0.0993034268, 0.191277829, -0.0199622017, 0.726014014, -0.687679904, -4.41978548e-005, 0.687679904, 0.726014015, 3.61544475e-007, 3.18396351e-005, -3.06564629e-005, 0.999999999, 0.72601401, -0.687679908, -2.54956341e-005, 0.687679908, 0.726014011, 5.42474506e-007, 1.81371387e-005, -1.79266794e-005, 1, 0, 0, 0, 0, 0, 0, 0, 0.16753479, -0.24154563, -0.112970532, -0.381177339, 0.687961372, -0.617513866, -0.557250977, 0.362060547, 0.747314453, 0.737285584, 0.629252247, 0.24549695, 0, 0, 0, 0, 0, 0, 0, 0.234796729, -0.190765674, -0.0820984863, -0.348041526, 0.173770003, -0.92121514, 0.51550293, -0.78527832, -0.342773437, -0.782979057, -0.594099416, 0.183643479, 4, 1, 
257.941094, 0.1, 0.1, 0.0993034225, 0.191277829, -0.0199603352, 0.72601404, -0.687679876, 4.80997682e-005, 0.687679877, 0.726014041, -5.62818027e-007, -3.45340685e-005, 3.34858565e-005, 0.999999999, 0.726014033, -0.687679883, 5.08135436e-005, 0.687679884, 0.726014034, -1.76595104e-007, -3.67699049e-005, 3.50716623e-005, 0.999999999, 0, 0, 0, 0, 0, 0, 0, 0.167066211, -0.24173335, -0.111802319, -0.381829229, 0.688804222, -0.616234051, -0.552001953, 0.364868164, 0.749755859, 0.740972999, 0.626770506, 0.241092121, 0, 0, 0, 0, 0, 0, 0, 0.234796729, -0.190765674, -0.0820984863, -0.347434884, 0.172914361, -0.921502419, 0.512329102, -0.788085938, -0.340942383, -0.785247408, -0.590629809, 0.18520894, 4, 1, 
257.941943, 0.1, 0.1, 0.0993034271, 0.191277829, -0.019958677, 0.726014073, -0.687679842, -1.4445955e-005, 0.687679842, 0.726014074, 4.35153314e-007, 1.01887205e-005, -1.02501195e-005, 1, 0.726014066, -0.687679849, -3.93017825e-005, 0.68767985, 0.726014066, 1.69732268e-007, 2.84169255e-005, -2.71502719e-005, 0.999999999, 0, 0, 0, 0, 0, 0, 0, 0.167066211, -0.24173335, -0.111802319, -0.381829229, 0.688804222, -0.616234051, -0.552001953, 0.364868164, 0.749755859, 0.740972999, 0.626770506, 0.241092121, 0, 0, 0, 0, 0, 0, 0, 0.234565918, -0.191419043, -0.0816380859, -0.347434884, 0.172914361, -0.921502419, 0.512329102, -0.788085938, -0.340942383, -0.785247408, -0.590629809, 0.18520894, 4, 1, 
257.9428, 0.1, 0.1, 0.0993034203, 0.19127783, -0.0199585475, 0.726014117, -0.687679795, -2.08482452e-005, 0.687679796, 0.726014117, -1.57036854e-006, 1.62160311e-005, -1.31968073e-005, 1, 0.726014107, -0.687679806, 2.60245596e-005, 0.687679807, 0.726014107, -1.91900854e-006, -1.7574534e-005, 1.92897914e-005, 1, 0, 0, 0, 0, 0, 0, 0, 0.167066211, -0.24173335, -0.111802319, -0.381829229, 0.688804222, -0.616234051, -0.552001953, 0.364868164, 0.749755859, 0.740972999, 0.626770506, 0.241092121, 0, 0, 0, 0, 0, 0, 0, 0.234565918, -0.191419043, -0.0816380859, -0.347434884, 0.172914361, -0.921502419, 0.512329102, -0.788085938, -0.340942383, -0.785247408, -0.590629809, 0.18520894, 4, 1, 
257.943673, 0.1, 0.1, 0.0993034219, 0.191277831, -0.0199598412, 0.726014168, -0.687679741, 4.78277746e-005, 0.687679742, 0.726014169, -2.55946752e-007, -3.45476326e-005, 3.30760126e-005, 0.999999999, 0.726014158, -0.687679752, 2.49859599e-005, 0.687679752, 0.726014158, -1.20261852e-006, -1.73131442e-005, 1.80554568e-005, 1, 0, 0, 0, 0, 0, 0, 0, 0.167066211, -0.24173335, -0.111802319, -0.381829229, 0.688804222, -0.616234051, -0.552001953, 0.364868164, 0.749755859, 0.740972999, 0.626770506, 0.241092121, 0, 0, 0, 0, 0, 0, 0, 0.234565918, -0.191419043, -0.0816380859, -0.347434884, 0.172914361, -0.921502419, 0.512329102, -0.788085938, -0.340942383, -0.785247408, -0.590629809, 0.18520894, 4, 1, 
257.944529, 0.1, 0.1, 0.0993034238, 0.191277831, -0.0199617333, 0.726014206, -0.6876797, -4.15780743e-005, 0.687679701, 0.726014207, 1.05417839e-007, 3.0113779e-005, -2.86689326e-005, 0.999999999, 0.726014201, -0.687679706, -4.22050974e-005, 0.687679707, 0.726014201, 1.49051093e-006, 2.9616506e-005, -3.01057211e-005, 0.999999999, 0, 0, 0, 0, 0, 0, 0, 0.167066211, -0.24173335, -0.111802319, -0.381829229, 0.688804222, -0.616234051, -0.552001953, 0.364868164, 0.749755859, 0.740972999, 0.626770506, 0.241092121, 0, 0, 0, 0, 0, 0, 0, 0.234565918, -0.191419043, -0.0816380859, -0.347434884, 0.172914361, -0.921502419, 0.512329102, -0.788085938, -0.340942383, -0.785247408, -0.590629809, 0.18520894, 4, 1, 
257.945382, 0.1, 0.1, 0.0993034195, 0.191277832, -0.0199637948, 0.726014225, -0.687679682, 1.62690289e-005, 0.687679682, 0.726014225, -6.09091233e-007, -1.13926867e-005, 1.16300895e-005, 1, 0.726014223, -0.687679683, 3.7774949e-005, 0.687679684, 0.726014223, -2.387309e-006, -2.57834463e-005, 2.77102852e-005, 0.999999999, 0, 0, 0, 0, 0, 0, 0, 0.167066211, -0.24173335, -0.111802319, -0.381829229, 0.688804222, -0.616234051, -0.552001953, 0.364868164, 0.749755859, 0.740972999, 0.626770506, 0.241092121, 0, 0, 0, 0, 0, 0, 0, 0.234565918, -0.191419043, -0.0816380859, -0.347434884, 0.172914361, -0.921502419, 0.512329102, -0.788085938, -0.340942383, -0.785247408, -0.590629809, 0.18520894, 4, 1, 
257.946276, 0.1, 0.1, 0.0993034269, 0.191277831, -0.0199648124, 0.726014226, -0.687679681, 1.28922695e-005, 0.687679681, 0.726014226, 1.46900137e-007, -9.46099133e-006, 8.75910022e-006, 1, 0.726014227, -0.68767968, -2.6747324e-005, 0.68767968, 0.726014227, 2.32788993e-006, 1.78180952e-005, -2.00836724e-005, 1, 0, 0, 0, 0, 0, 0, 0, 0.166114526, -0.241300879, -0.111067505, -0.383204524, 0.693130423, -0.610479016, -0.545776367, 0.36340332, 0.755004883, 0.74477499, 0.622871912, 0.239191877, 0, 0, 0, 0, 0, 0, 0, 0.234370508, -0.191513037, -0.0809944824, -0.346725798, 0.171048861, -0.922224266, 0.51159668, -0.789550781, -0.338745117, -0.786154822, -0.589230226, 0.186237756, 4, 1, 
257.947131, 0.1, 0.1, 0.0993034269, 0.191277832, -0.0199648587, 0.726014231, -0.687679675, -4.47000741e-005, 0.687679675, 0.726014231, 8.42920443e-008, 3.2394924e-005, -3.08005297e-005, 0.999999999, 0.726014229, -0.687679677, -2.70428534e-005, 0.687679677, 0.72601423, -8.42257617e-007, 2.02126998e-005, -1.79853296e-005, 1, 0, 0, 0, 0, 0, 0, 0, 0.166114526, -0.241300879, -0.111067505, -0.383204524, 0.693130423, -0.610479016, -0.545776367, 0.36340332, 0.755004883, 0.74477499, 0.622871912, 0.239191877, 0, 0, 0, 0, 0, 0, 0, 0.234370508, -0.191513037, -0.0809944824, -0.346725798, 0.171048861, -0.922224266, 0.51159668, -0.789550781, -0.338745117, -0.786154822, -0.589230226, 0.186237756, 4, 1, 
257.947988, 0.1, 0.1, 0.0993034253, 0.191277832, -0.0199641044, 0.726014254, -0.68767965, 3.81969499e-005, 0.68767965, 0.726014255, 2.86314206e-006, -2.97004547e-005, 2.41885832e-005, 0.999999999, 0.72601425, -0.687679655, 3.93128088e-005, 0.687679655, 0.72601425, 2.6693829e-006, -3.03773397e-005, 2.50966088e-005, 0.999999999, 0, 0, 0, 0, 0, 0, 0, 0.166114526, -0.241300879, -0.111067505, -0.383204524, 0.693130423, -0.610479016, -0.545776367, 0.36340332, 0.755004883, 0.74477499, 0.622871912, 0.239191877, 0, 0, 0, 0, 0, 0, 0, 0.234370508, -0.191513037, -0.0809944824, -0.346725798, 0.171048861, -0.922224266, 0.51159668, -0.789550781, -0.338745117, -0.786154822, -0.589230226, 0.186237756, 4, 1, 
257.948833, 0.1, 0.1, 0.0993034301, 0.191277832, -0.0199629714, 0.726014273, -0.687679631, -1.45959393e-005, 0.687679631, 0.726014273, -1.64024568e-006, 1.17248238e-005, -8.84648837e-006, 1, 0.726014273, -0.687679631, -3.72664085e-005, 0.687679631, 0.726014273, 1.05639304e-006, 2.63294845e-005, -2.63943065e-005, 0.999999999, 0, 0, 0, 0, 0, 0, 0, 0.166114526, -0.241300879, -0.111067505, -0.383204524, 0.693130423, -0.610479016, -0.545776367, 0.36340332, 0.755004883, 0.74477499, 0.622871912, 0.239191877, 0, 0, 0, 0, 0, 0, 0, 0.234370508, -0.191513037, -0.0809944824, -0.346725798, 0.171048861, -0.922224266, 0.51159668, -0.789550781, -0.338745117, -0.786154822, -0.589230226, 0.186237756, 4, 1, 
257.949681, 0.1, 0.1, 0.0993034241, 0.191277833, -0.0199619037, 0.726014267, -0.687679637, -1.83239109e-005, 0.687679637, 0.726014267, -3.45181469e-006, 1.56771635e-005, -1.00949137e-005, 1, 0.726014269, -0.687679635, 2.34345854e-005, 0.687679635, 0.726014269, -5.42584247e-006, -1.3282602e-005, 2.00547262e-005, 1, 0, 0, 0, 0, 0, 0, 0, 0.166114526, -0.241300879, -0.111067505, -0.383204524, 0.693130423, -0.610479016, -0.545776367, 0.36340332, 0.755004883, 0.74477499, 0.622871912, 0.239191877, 0, 0, 0, 0, 0, 0, 0, 0.234370508, -0.191513037, -0.0809944824, -0.346725798, 0.171048861, -0.922224266, 0.51159668, -0.789550781, -0.338745117, -0.786154822, -0.589230226, 0.186237756, 4, 1, 
257.950568, 0.1, 0.1, 0.0993034239, 0.191277833, -0.0199610525, 0.726014283, -0.687679618, 5.47004591e-005, 0.687679619, 0.726014284, 2.75645681e-006, -4.16088739e-005, 3.56151639e-005, 0.999999999, 0.726014279, -0.687679624, 3.28512524e-005, 0.687679625, 0.726014279, 2.06407765e-006, -2.52699025e-005, 2.10925871e-005, 0.999999999, 0, 0, 0, 0, 0, 0, 0, 0.168108643, -0.240190894, -0.110361133, -0.391794385, 0.692569144, -0.605634979, -0.549804687, 0.35168457, 0.75769043, 0.737360463, 0.630252734, 0.243244743, 0, 0, 0, 0, 0, 0, 0, 0.234370508, -0.191513037, -0.0809944824, -0.343824553, 0.167316762, -0.923949774, 0.517578125, -0.787109375, -0.335083008, -0.783395035, -0.59342751, 0.183969771, 4, 1, 
257.951412, 0.1, 0.1, 0.0993034245, 0.191277833, -0.0199605961, 0.726014305, -0.687679597, -3.66569039e-005, 0.687679597, 0.726014305, 8.20206669e-007, 2.60493972e-005, -2.58036867e-005, 0.999999999, 0.726014303, -0.687679599, -3.7333134e-005, 0.687679599, 0.726014303, 2.57400924e-006, 2.53342956e-005, -2.75420021e-005, 0.999999999, 0, 0, 0, 0, 0, 0, 0, 0.168108643, -0.240190894, -0.110361133, -0.391794385, 0.692569144, -0.605634979, -0.549804687, 0.35168457, 0.75769043, 0.737360463, 0.630252734, 0.243244743, 0, 0, 0, 0, 0, 0, 0, 0.235736719, -0.190955273, -0.0802633789, -0.343824553, 0.167316762, -0.923949774, 0.517578125, -0.787109375, -0.335083008, -0.783395035, -0.59342751, 0.183969771, 4, 1, 
257.952264, 0.1, 0.1, 0.0993034186, 0.191277834, -0.0199609876, 0.726014304, -0.687679599, 2.07538161e-005, 0.687679599, 0.726014304, -1.59657804e-006, -1.39696332e-005, 1.54311144e-005, 1, 0.726014305, -0.687679596, 4.47972231e-005, 0.687679597, 0.726014306, -3.33215353e-006, -3.02319708e-005, 3.32253275e-005, 0.999999999, 0, 0, 0, 0, 0, 0, 0, 0.168108643, -0.240190894, -0.110361133, -0.391794385, 0.692569144, -0.605634979, -0.549804687, 0.35168457, 0.75769043, 0.737360463, 0.630252734, 0.243244743, 0, 0, 0, 0, 0, 0, 0, 0.235736719, -0.190955273, -0.0802633789, -0.343824553, 0.167316762, -0.923949774, 0.517578125, -0.787109375, -0.335083008, -0.783395035, -0.59342751, 0.183969771, 4, 1, 
257.953174, 0.1, 0.1, 0.0993034249, 0.191277834, -0.0199615161, 0.72601429, -0.687679613, 2.11069335e-005, 0.687679613, 0.72601429, -4.93670227e-007, -1.49844484e-005, 1.48732195e-005, 1, 0.726014294, -0.687679609, -2.00852643e-005, 0.68767961, 0.726014294, 1.41417502e-006, 1.36096897e-005, -1.4838938e-005, 1, 0, 0, 0, 0, 0, 0, 0, 0.170322363, -0.239287671, -0.108651343, -0.396113091, 0.692444828, -0.60313789, -0.555908203, 0.342041016, 0.757568359, 0.730381779, 0.635710469, 0.249646799, 0, 0, 0, 0, 0, 0, 0, 0.237321045, -0.190322803, -0.0795308105, -0.340885028, 0.164677276, -0.925502842, 0.523193359, -0.784667969, -0.332275391, -0.780999452, -0.597509955, 0.18122894, 4, 1, 
257.954028, 0.1, 0.1, 0.0993034241, 0.191277834, -0.0199619643, 0.726014281, -0.687679621, -4.82979805e-005, 0.687679622, 0.726014282, 1.37402274e-006, 3.41201362e-005, -3.42110971e-005, 0.999999999, 0.726014283, -0.68767962, -2.78898272e-005, 0.687679621, 0.726014283, -3.9875732e-009, 2.0251155e-005, -1.91763707e-005, 1, 0, 0, 0, 0, 0, 0, 0, 0.170322363, -0.239287671, -0.108651343, -0.396113091, 0.692444828, -0.60313789, -0.555908203, 0.342041016, 0.757568359, 0.730381779, 0.635710469, 0.249646799, 0, 0, 0, 0, 0, 0, 0, 0.237321045, -0.190322803, -0.0795308105, -0.340885028, 0.164677276, -0.925502842, 0.523193359, -0.784667969, -0.332275391, -0.780999452, -0.597509955, 0.18122894, 4, 1, 
257.954876, 0.1, 0.1, 0.0993034239, 0.191277835, -0.0199627025, 0.726014273, -0.687679631, 3.28475037e-005, 0.687679631, 0.726014273, -1.00023623e-006, -2.31599145e-005, 2.3314745e-005, 0.999999999, 0.726014275, -0.687679628, 3.43861254e-005, 0.687679628, 0.726014276, -1.59380429e-006, -2.38687912e-005, 2.48037626e-005, 0.999999999, 0, 0, 0, 0, 0, 0, 0, 0.170322363, -0.239287671, -0.108651343, -0.396113091, 0.692444828, -0.60313789, -0.555908203, 0.342041016, 0.757568359, 0.730381779, 0.635710469, 0.249646799, 0, 0, 0, 0, 0, 0, 0, 0.237321045, -0.190322803, -0.0795308105, -0.340885028, 0.164677276, -0.925502842, 0.523193359, -0.784667969, -0.332275391, -0.780999452, -0.597509955, 0.18122894, 4, 1, 
257.955777, 0.1, 0.1, 0.0993034322, 0.191277834, -0.0199627311, 0.726014247, -0.687679658, -2.93997465e-005, 0.687679658, 0.726014247, 1.00054157e-006, 2.06565827e-005, -2.09440151e-005, 1, 0.726014253, -0.68767965, -5.26210175e-005, 0.687679652, 0.726014254, 3.04265578e-006, 3.61112363e-005, -3.83954145e-005, 0.999999999, 0, 0, 0, 0, 0, 0, 0, 0.170322363, -0.239287671, -0.108651343, -0.396113091, 0.692444828, -0.60313789, -0.555908203, 0.342041016, 0.757568359, 0.730381779, 0.635710469, 0.249646799, 0, 0, 0, 0, 0, 0, 0, 0.237321045, -0.190322803, -0.0795308105, -0.340885028, 0.164677276, -0.925502842, 0.523193359, -0.784667969, -0.332275391, -0.780999452, -0.597509955, 0.18122894, 4, 1, 
257.956622, 0.1, 0.1, 0.0993034289, 0.191277836, -0.0199627355, 0.726014216, -0.687679691, -2.56993499e-005, 0.687679691, 0.726014216, -3.24853545e-006, 2.08920452e-005, -1.53144381e-005, 1, 0.726014221, -0.687679686, 1.35998421e-005, 0.687679686, 0.726014221, -4.37853682e-006, -6.86264794e-006, 1.25312151e-005, 1, 0, 0, 0, 0, 0, 0, 0, 0.170322363, -0.239287671, -0.108651343, -0.396113091, 0.692444828, -0.60313789, -0.555908203, 0.342041016, 0.757568359, 0.730381779, 0.635710469, 0.249646799, 0, 0, 0, 0, 0, 0, 0, 0.237321045, -0.190322803, -0.0795308105, -0.340885028, 0.164677276, -0.925502842, 0.523193359, -0.784667969, -0.332275391, -0.780999452, -0.597509955, 0.18122894, 4, 1, 
257.9575, 0.1, 0.1, 0.0993034305, 0.191277836, -0.0199626411, 0.726014208, -0.687679699, 4.66907377e-005, 0.687679699, 0.726014209, 1.82190363e-006, -3.51510251e-005, 3.07855446e-005, 0.999999999, 0.726014209, -0.687679699, 2.38145686e-005, 0.687679699, 0.726014209, 8.13685172e-007, -1.784927e-005, 1.57860484e-005, 1, 0, 0, 0, 0, 0, 0, 0, 0.170322363, -0.239287671, -0.108651343, -0.400418691, 0.694198295, -0.598139963, -0.560668945, 0.330810547, 0.759033203, 0.724266163, 0.639758465, 0.257012273, 0, 0, 0, 0, 0, 0, 0, 0.237321045, -0.190322803, -0.0795308105, -0.340885028, 0.164677276, -0.925502842, 0.523193359, -0.784667969, -0.332275391, -0.780999452, -0.597509955, 0.18122894, 4, 1, 
257.958371, 0.1, 0.1, 0.0993034311, 0.191277836, -0.0199620612, 0.726014201, -0.687679707, -3.33341921e-005, 0.687679707, 0.726014201, 2.05784689e-006, 2.27859573e-005, -2.44172735e-005, 0.999999999, 0.726014204, -0.687679704, -3.56613618e-005, 0.687679704, 0.726014204, 3.4082509e-006, 2.35468702e-005, -2.69980333e-005, 0.999999999, 0, 0, 0, 0, 0, 0, 0, 0.171869653, -0.238292773, -0.1072573, -0.400418691, 0.694198295, -0.598139963, -0.560668945, 0.330810547, 0.759033203, 0.724266163, 0.639758465, 0.257012273, 0, 0, 0, 0, 0, 0, 0, 0.238478662, -0.18991333, -0.078804834, -0.337543019, 0.16185259, -0.927190071, 0.528442383, -0.782470703, -0.328979492, -0.778929795, -0.600998152, 0.178596751, 4, 1, 
257.959228, 0.1, 0.1, 0.0993034237, 0.191277837, -0.0199617469, 0.726014174, -0.687679736, 2.82312879e-005, 0.687679736, 0.726014174, -3.03717235e-006, -1.84077133e-005, 2.16191148e-005, 1, 0.726014179, -0.687679729, 5.06761415e-005, 0.68767973, 0.726014179, -4.4056033e-006, -3.37619532e-005, 3.80474858e-005, 0.999999999, 0, 0, 0, 0, 0, 0, 0, 0.171869653, -0.238292773, -0.1072573, -0.400418691, 0.694198295, -0.598139963, -0.560668945, 0.330810547, 0.759033203, 0.724266163, 0.639758465, 0.257012273, 0, 0, 0, 0, 0, 0, 0, 0.238478662, -0.18991333, -0.078804834, -0.337543019, 0.16185259, -0.927190071, 0.528442383, -0.782470703, -0.328979492, -0.778929795, -0.600998152, 0.178596751, 4, 1, 
257.960078, 0.1, 0.1, 0.0993034272, 0.191277837, -0.0199617934, 0.726014149, -0.687679762, 2.8488493e-005, 0.687679762, 0.726014149, 4.5068707e-007, -2.09929774e-005, 1.92637549e-005, 1, 0.726014153, -0.687679758, -1.23224257e-005, 0.687679758, 0.726014153, 1.56660462e-006, 7.86893314e-006, -9.61125982e-006, 1, 0, 0, 0, 0, 0, 0, 0, 0.171869653, -0.238292773, -0.1072573, -0.400418691, 0.694198295, -0.598139963, -0.560668945, 0.330810547, 0.759033203, 0.724266163, 0.639758465, 0.257012273, 0, 0, 0, 0, 0, 0, 0, 0.238478662, -0.18991333, -0.078804834, -0.337543019, 0.16185259, -0.927190071, 0.528442383, -0.782470703, -0.328979492, -0.778929795, -0.600998152, 0.178596751, 4, 1, 
257.960925, 0.1, 0.1, 0.0993034246, 0.191277837, -0.0199622528, 0.72601414, -0.687679771, -3.986224e-005, 0.687679771, 0.72601414, 5.53566513e-007, 2.85598734e-005, -2.78143532e-005, 0.999999999, 0.726014141, -0.68767977, -1.92813069e-005, 0.68767977, 0.726014141, -2.68919634e-007, 1.4183432e-005, -1.30641252e-005, 1, 0, 0, 0, 0, 0, 0, 0, 0.171869653, -0.238292773, -0.1072573, -0.400418691, 0.694198295, -0.598139963, -0.560668945, 0.330810547, 0.759033203, 0.724266163, 0.639758465, 0.257012273, 0, 0, 0, 0, 0, 0, 0, 0.238478662, -0.18991333, -0.078804834, -0.337543019, 0.16185259, -0.927190071, 0.528442383, -0.782470703, -0.328979492, -0.778929795, -0.600998152, 0.178596751, 4, 1, 
257.961771, 0.1, 0.1, 0.0993034226, 0.191277837, -0.0199629594, 0.726014143, -0.687679767, 3.83717515e-005, 0.687679768, 0.726014144, -1.89450688e-006, -2.65556203e-005, 2.77629159e-005, 0.999999999, 0.726014141, -0.687679769, 4.06458307e-005, 0.68767977, 0.726014142, -9.95580902e-007, -2.8824807e-005, 2.86741213e-005, 0.999999999, 0, 0, 0, 0, 0, 0, 0, 0.171869653, -0.238292773, -0.1072573, -0.400418691, 0.694198295, -0.598139963, -0.560668945, 0.330810547, 0.759033203, 0.724266163, 0.639758465, 0.257012273, 0, 0, 0, 0, 0, 0, 0, 0.238478662, -0.18991333, -0.078804834, -0.337543019, 0.16185259, -0.927190071, 0.528442383, -0.782470703, -0.328979492, -0.778929795, -0.600998152, 0.178596751, 4, 1, 
257.962658, 0.1, 0.1, 0.0993034287, 0.191277838, -0.0199634276, 0.726014159, -0.687679751, -1.95854568e-005, 0.687679752, 0.726014159, 1.00661715e-006, 1.35270887e-005, -1.41993404e-005, 1, 0.726014154, -0.687679756, -4.32581204e-005, 0.687679756, 0.726014155, 1.31514553e-006, 3.05016088e-005, -3.0702548e-005, 0.999999999, 0, 0, 0, 0, 0, 0, 0, 0.171600269, -0.23738147, -0.105806616, -0.401345039, 0.699052071, -0.591830022, -0.559448242, 0.324707031, 0.762573242, 0.724660066, 0.637630191, 0.260956554, 0, 0, 0, 0, 0, 0, 0, 0.238478662, -0.18991333, -0.078804834, -0.335805117, 0.160248849, -0.928110244, 0.529296875, -0.782958984, -0.326660156, -0.779115362, -0.600921226, 0.178009066, 4, 1, 
257.963512, 0.1, 0.1, 0.0993034245, 0.191277838, -0.0199631539, 0.726014183, -0.687679726, -2.50345241e-005, 0.687679726, 0.726014183, -4.12294557e-007, 1.84589461e-005, -1.6916403e-005, 1, 0.726014178, -0.687679732, 1.56784955e-005, 0.687679732, 0.726014178, -1.49272494e-006, -1.03562934e-005, 1.18655231e-005, 1, 0, 0, 0, 0, 0, 0, 0, 0.171600269, -0.23738147, -0.105806616, -0.401345039, 0.699052071, -0.591830022, -0.559448242, 0.324707031, 0.762573242, 0.724660066, 0.637630191, 0.260956554, 0, 0, 0, 0, 0, 0, 0, 0.238589746, -0.18979458, -0.0782083496, -0.335805117, 0.160248849, -0.928110244, 0.529296875, -0.782958984, -0.326660156, -0.779115362, -0.600921226, 0.178009066, 4, 1, 
