time, realDorsalTactorPos, realVentralTactorPos, boxPosX, boxPosY, boxPosZ, boxLocalRot_11, boxLocalRot_12, boxLocalRot_13, boxLocalRot_21, boxLocalRot_22, boxLocalRot_23, boxLocalRot_31, boxLocalRot_32, boxLocalRot_33, boxGlobalRot_11, boxGlobalRot_12, boxGlobalRot_13, boxGlobalRot_21, boxGlobalRot_22, boxGlobalRot_23, boxGlobalRot_31, boxGlobalRot_32, boxGlobalRot_33, indexForceX, indexForceY, indexForceZ, indexForceGlobalX, indexForceGlobalY, indexForceGlobalZ, indexContact, indexPosX, indexPosY, indexPosZ, indexRot_11, indexRot_12, indexRot_13, indexRot_21, indexRot_22, indexRot_23, indexRot_31, indexRot_32, indexRot_33, thumbForceX, thumbForceY, thumbForceZ, thumbForceGlobalX, thumbForceGlobalY, thumbForceGlobalZ, thumbContact, thumbPosX, thumbPosY, thumbPosZ, thumbRot_11, thumbRot_12, thumbRot_13, thumbRot_21, thumbRot_22, thumbRot_23, thumbRot_31, thumbRot_32, thumbRot_33, mapping, trialSuccess, 
247.429356, 0.1, 0.1, 0.109178632, 0.188463474, -0.0199533088, 0.921051865, -1.62948436e-005, 0.389439933, 0.389439934, 5.86131473e-005, -0.921051863, -7.81790413e-006, 0.999999998, 6.03316114e-005, 0.921051342, -6.17838354e-005, 0.389441165, 0.389441169, 5.31768051e-005, -0.921051341, 3.61968475e-005, 0.999999997, 7.30397367e-005, 0, 0, 0, 0, 0, 0, 0, 0.186201123, -0.193964526, -0.147252246, 0.0311455088, 0.619429103, -0.784312919, -0.43359375, 0.715454102, 0.547851563, 0.900501547, 0.322969788, 0.291072074, 0, 0, 0, 0, 0, 0, 0, 0.25880293, -0.157847852, -0.116860449, -0.117510591, 0.0871576, -0.989216531, 0.401733398, -0.906738281, -0.127563477, -0.908127158, -0.412337833, 0.0715512282, 4, 1, 
247.461834, 0.1, 0.1, 0.109178629, 0.188463473, -0.0199767593, 0.921078079, 1.48805179e-005, 0.38937793, 0.38937793, 7.02433769e-006, -0.921078079, -1.64412409e-005, 1, 6.75818208e-007, 0.921078203, -1.75112417e-006, 0.389377636, 0.389377636, 5.07145363e-006, -0.921078203, -3.61788319e-007, 1, 5.35305399e-006, 0, 0, 0, 0, 0, 0, 0, 0.19120332, -0.20353811, -0.147541309, 0.039178221, 0.613788643, -0.788383759, -0.439575195, 0.719238281, 0.538085938, 0.897375411, 0.325593436, 0.298143612, 0, 0, 0, 0, 0, 0, 0, 0.26267793, -0.166627295, -0.115894141, -0.111171455, 0.072747623, -0.991031358, 0.414672852, -0.902832031, -0.112792969, -0.90304215, -0.423549057, 0.070133055, 4, 1, 
247.462699, 0.1, 0.1, 0.109178628, 0.188463473, -0.019971492, 0.921077707, -1.01230432e-005, 0.389378809, 0.389378809, 1.25032484e-005, -0.921077707, 4.45560944e-006, 1, 1.54581618e-005, 0.921077761, -1.25935451e-005, 0.389378683, 0.389378683, 4.5031945e-006, -0.921077761, 9.84618641e-006, 1, 9.05145032e-006, 0, 0, 0, 0, 0, 0, 0, 0.191066968, -0.203397729, -0.149224707, 0.039178221, 0.613788643, -0.788383759, -0.439575195, 0.719238281, 0.538085938, 0.897375411, 0.325593436, 0.298143612, 0, 0, 0, 0, 0, 0, 0, 0.262509229, -0.166841504, -0.116939795, -0.11412957, 0.0735970676, -0.990641267, 0.416625977, -0.901733398, -0.114990234, -0.901757405, -0.425791888, 0.0722606813, 4, 1, 
247.463547, 0.1, 0.1, 0.109178628, 0.188463472, -0.0199637914, 0.921077562, -2.91618206e-005, 0.389379152, 0.389379152, 1.06860473e-005, -0.921077562, 2.26993746e-005, 1, 2.11976834e-005, 0.921077571, -1.40705075e-005, 0.389379132, 0.389379132, -7.31445233e-006, -0.921077571, 1.5808124e-005, 1, -1.258416e-006, 0, 0, 0, 0, 0, 0, 0, 0.191066968, -0.203397729, -0.149224707, 0.039178221, 0.613788643, -0.788383759, -0.439575195, 0.719238281, 0.538085938, 0.897375411, 0.325593436, 0.298143612, 0, 0, 0, 0, 0, 0, 0, 0.262509229, -0.166841504, -0.116939795, -0.11412957, 0.0735970676, -0.990641267, 0.416625977, -0.901733398, -0.114990234, -0.901757405, -0.425791888, 0.0722606813, 4, 1, 
247.464451, 0.1, 0.1, 0.109178629, 0.188463471, -0.0199554422, 0.921077662, -1.93664771e-005, 0.389378917, 0.389378917, -1.30529771e-005, -0.921077662, 2.29205835e-005, 1, -4.48190777e-006, 0.921077625, 1.00609706e-005, 0.389379005, 0.389379005, -1.24016319e-005, -0.921077625, -4.4379998e-006, 1, -1.53403963e-005, 0, 0, 0, 0, 0, 0, 0, 0.191066968, -0.203397729, -0.149224707, 0.039178221, 0.613788643, -0.788383759, -0.439575195, 0.719238281, 0.538085938, 0.897375411, 0.325593436, 0.298143612, 0, 0, 0, 0, 0, 0, 0, 0.262509229, -0.166841504, -0.116939795, -0.11412957, 0.0735970676, -0.990641267, 0.416625977, -0.901733398, -0.114990234, -0.901757405, -0.425791888, 0.0722606813, 4, 1, 
247.465293, 0.1, 0.1, 0.109178631, 0.188463469, -0.0199505805, 0.921078007, 1.2013045e-005, 0.389378101, 0.389378101, -1.37680425e-005, -0.921078007, -5.70397731e-006, 1, -1.73590578e-005, 0.92107792, 1.79995649e-005, 0.389378307, 0.389378307, -1.22327505e-006, -0.92107792, -1.6102685e-005, 1, -8.13537172e-006, 0, 0, 0, 0, 0, 0, 0, 0.191066968, -0.203397729, -0.149224707, 0.039178221, 0.613788643, -0.788383759, -0.439575195, 0.719238281, 0.538085938, 0.897375411, 0.325593436, 0.298143612, 0, 0, 0, 0, 0, 0, 0, 0.262509229, -0.166841504, -0.116939795, -0.11412957, 0.0735970676, -0.990641267, 0.416625977, -0.901733398, -0.114990234, -0.901757405, -0.425791888, 0.0722606813, 4, 1, 
247.466141, 0.1, 0.1, 0.109178634, 0.188463467, -0.0199504977, 0.921078581, 2.32996694e-005, 0.389376742, 0.389376742, -3.28014615e-006, -0.921078581, -2.01836138e-005, 1, -1.20936217e-005, 0.921078447, 2.73750243e-006, 0.38937706, 0.38937706, 2.01943769e-005, -0.921078447, -1.03846816e-005, 1, 1.75346846e-005, 0, 0, 0, 0, 0, 0, 0, 0.191066968, -0.203397729, -0.149224707, 0.039178221, 0.613788643, -0.788383759, -0.439575195, 0.719238281, 0.538085938, 0.897375411, 0.325593436, 0.298143612, 0, 0, 0, 0, 0, 0, 0, 0.262509229, -0.166841504, -0.116939795, -0.11412957, 0.0735970676, -0.990641267, 0.416625977, -0.901733398, -0.114990234, -0.901757405, -0.425791888, 0.0722606813, 4, 1, 
247.467088, 0.1, 0.1, 0.109178636, 0.188463466, -0.0199541596, 0.92107946, 6.42914652e-006, 0.389374662, 0.389374662, 1.88398378e-005, -0.92107946, -1.32575103e-005, 1, 1.48496409e-005, 0.921079291, -2.33225314e-005, 0.389375062, 0.389375062, 1.81313564e-005, -0.921079291, 1.44220027e-005, 1, 2.5781629e-005, 0, 0, 0, 0, 0, 0, 0, 0.191965771, -0.202958667, -0.150857568, 0.0350396147, 0.617769612, -0.785463931, -0.443725586, 0.713867187, 0.541748047, 0.895435471, 0.329659406, 0.299411444, 0, 0, 0, 0, 0, 0, 0, 0.263133545, -0.166438721, -0.117814453, -0.115624302, 0.074656866, -0.990411224, 0.42175293, -0.899047852, -0.11706543, -0.899214168, -0.431203921, 0.0724076026, 4, 1, 
247.467942, 0.1, 0.1, 0.109178635, 0.188463467, -0.019959784, 0.921080419, -8.65067139e-006, 0.389372395, 0.389372395, 1.07659917e-005, -0.921080419, 3.77598404e-006, 1, 1.32846768e-005, 0.92108021, -1.4705935e-005, 0.389372889, 0.389372889, 7.36806418e-007, -0.92108021, 1.32584532e-005, 1, 6.4047502e-006, 0, 0, 0, 0, 0, 0, 0, 0.191965771, -0.202958667, -0.150857568, 0.0350396147, 0.617769612, -0.785463931, -0.443725586, 0.713867187, 0.541748047, 0.895435471, 0.329659406, 0.299411444, 0, 0, 0, 0, 0, 0, 0, 0.263133545, -0.166438721, -0.117814453, -0.115624302, 0.074656866, -0.990411224, 0.42175293, -0.899047852, -0.11706543, -0.899214168, -0.431203921, 0.0724076026, 4, 1, 
247.468801, 0.1, 0.1, 0.109178632, 0.188463468, -0.0199660068, 0.921081472, -3.19070484e-005, 0.389369903, 0.389369903, -1.03469304e-005, -0.921081472, 3.34177744e-005, 0.999999999, 2.89327848e-006, 0.921081247, 7.36588716e-006, 0.389370437, 0.389370437, -1.65862267e-005, -0.921081246, -3.26394209e-007, 1, -1.8145321e-005, 0, 0, 0, 0, 0, 0, 0, 0.191965771, -0.202958667, -0.150857568, 0.0350396147, 0.617769612, -0.785463931, -0.443725586, 0.713867187, 0.541748047, 0.895435471, 0.329659406, 0.299411444, 0, 0, 0, 0, 0, 0, 0, 0.263133545, -0.166438721, -0.117814453, -0.115624302, 0.074656866, -0.990411224, 0.42175293, -0.899047852, -0.11706543, -0.899214168, -0.431203921, 0.0724076026, 4, 1, 
247.469706, 0.1, 0.1, 0.10917864, 0.188463472, -0.0199701173, 0.921082416, 1.28298943e-005, 0.38936767, 0.389367671, -3.09469034e-006, -0.921082416, -1.06124177e-005, 1, -7.84601092e-006, 0.92108227, -1.37939162e-005, 0.389368016, 0.389368016, -2.25143375e-005, -0.92108227, 2.14716946e-005, 1, -1.53666473e-005, 0, 0, 0, 0, 0, 0, 0, 0.191965771, -0.202958667, -0.150857568, 0.0350396147, 0.617769612, -0.785463931, -0.443725586, 0.713867187, 0.541748047, 0.895435471, 0.329659406, 0.299411444, 0, 0, 0, 0, 0, 0, 0, 0.264228174, -0.166343652, -0.117891846, -0.113279025, 0.0743302075, -0.990750276, 0.427124023, -0.896606445, -0.116088867, -0.897003786, -0.436270705, 0.0697943699, 4, 1, 
247.470549, 0.1, 0.1, 0.109178636, 0.188463468, -0.0199709175, 0.921083019, -7.32459216e-006, 0.389366243, 0.389366243, -9.14155374e-006, -0.921083019, 1.03059699e-005, 1, -5.56818099e-006, 0.921082896, 1.57744366e-005, 0.389366535, 0.389366535, 4.27571975e-006, -0.921082896, -1.61943859e-005, 1, -2.2037454e-006, 0, 0, 0, 0, 0, 0, 0, 0.191965771, -0.202958667, -0.150857568, 0.0350396147, 0.617769612, -0.785463931, -0.443725586, 0.713867187, 0.541748047, 0.895435471, 0.329659406, 0.299411444, 0, 0, 0, 0, 0, 0, 0, 0.264228174, -0.166343652, -0.117891846, -0.113279025, 0.0743302075, -0.990750276, 0.427124023, -0.896606445, -0.116088867, -0.897003786, -0.436270705, 0.0697943699, 4, 1, 
247.471407, 0.1, 0.1, 0.109178638, 0.188463469, -0.0199688959, 0.921083668, 1.71253477e-005, 0.389364709, 0.389364709, -9.14366314e-006, -0.921083668, -1.22136584e-005, 1, -1.50900848e-005, 0.921083524, 2.57634404e-006, 0.389365049, 0.389365049, 2.67686112e-006, -0.921083524, -3.41530421e-006, 1, 1.46247436e-006, 0, 0, 0, 0, 0, 0, 0, 0.191965771, -0.202958667, -0.150857568, 0.0350396147, 0.617769612, -0.785463931, -0.443725586, 0.713867187, 0.541748047, 0.895435471, 0.329659406, 0.299411444, 0, 0, 0, 0, 0, 0, 0, 0.264228174, -0.166343652, -0.117891846, -0.113279025, 0.0743302075, -0.990750276, 0.427124023, -0.896606445, -0.116088867, -0.897003786, -0.436270705, 0.0697943699, 4, 1, 
247.472307, 0.1, 0.1, 0.109178638, 0.188463467, -0.0199638278, 0.921084416, 1.32382837e-005, 0.389362939, 0.389362939, 2.47795088e-005, -0.921084416, -2.18417992e-005, 1, 1.76695224e-005, 0.921084268, -1.06644164e-005, 0.389363289, 0.38936329, 2.14472956e-005, -0.921084268, 1.47203663e-006, 1, 2.39070988e-005, 0, 0, 0, 0, 0, 0, 0, 0.193739868, -0.203350098, -0.150815332, 0.0350062923, 0.618552548, -0.784897043, -0.450439453, 0.7109375, 0.540161133, 0.892103767, 0.334602671, 0.303770967, 0, 0, 0, 0, 0, 0, 0, 0.264228174, -0.166343652, -0.117891846, -0.113279025, 0.0743302075, -0.990750276, 0.427124023, -0.896606445, -0.116088867, -0.897003786, -0.436270705, 0.0697943699, 4, 1, 
247.473152, 0.1, 0.1, 0.109178639, 0.188463467, -0.0199591798, 0.921085191, -5.15045711e-005, 0.389361103, 0.389361103, -1.44703272e-005, -0.921085192, 5.30742803e-005, 0.999999999, 6.72547247e-006, 0.921085042, -3.13594811e-005, 0.389361458, 0.389361458, -1.60107342e-005, -0.921085042, 3.51187118e-005, 0.999999999, -2.53707453e-006, 0, 0, 0, 0, 0, 0, 0, 0.193739868, -0.203350098, -0.150815332, 0.0350062923, 0.618552548, -0.784897043, -0.450439453, 0.7109375, 0.540161133, 0.892103767, 0.334602671, 0.303770967, 0, 0, 0, 0, 0, 0, 0, 0.264228174, -0.166343652, -0.117891846, -0.113279025, 0.0743302075, -0.990750276, 0.427124023, -0.896606445, -0.116088867, -0.897003786, -0.436270705, 0.0697943699, 4, 1, 
247.474065, 0.1, 0.1, 0.109178636, 0.188463467, -0.0199558011, 0.921085781, 6.46402789e-005, 0.389359704, 0.389359701, 5.37769549e-005, -0.921085783, -8.04778212e-005, 0.999999996, 2.43648689e-005, 0.921085705, 4.77021245e-005, 0.389359888, 0.389359888, 8.54964897e-006, -0.921085706, -4.72666354e-005, 0.999999999, -1.06983344e-005, 0, 0, 0, 0, 0, 0, 0, 0.193739868, -0.203350098, -0.150815332, 0.0349407693, 0.618860328, -0.784716943, -0.458740234, 0.707397461, 0.537597656, 0.887788427, 0.341227888, 0.308809712, 0, 0, 0, 0, 0, 0, 0, 0.264228174, -0.166343652, -0.117891846, -0.113279025, 0.0743302075, -0.990750276, 0.427124023, -0.896606445, -0.116088867, -0.897003786, -0.436270705, 0.0697943699, 4, 1, 
247.474928, 0.1, 0.1, 0.109178628, 0.188463463, -0.0199544486, 0.921086042, -8.20628162e-006, 0.389359092, 0.389359091, -5.74225787e-005, -0.921086041, 2.99166946e-005, 0.999999998, -4.96959454e-005, 0.921085996, 1.07738393e-005, 0.389359202, 0.389359202, -2.81552553e-005, -0.921085995, 1.03887528e-006, 1, -3.01283049e-005, 0, 0, 0, 0, 0, 0, 0, 0.195286084, -0.203090967, -0.150567554, 0.0349407693, 0.618860328, -0.784716943, -0.458740234, 0.707397461, 0.537597656, 0.887788427, 0.341227888, 0.308809712, 0, 0, 0, 0, 0, 0, 0, 0.265384082, -0.166319629, -0.117534473, -0.109924257, 0.0727002143, -0.991185209, 0.432006836, -0.89465332, -0.113525391, -0.895055531, -0.440615276, 0.0669255742, 4, 1, 
247.475775, 0.1, 0.1, 0.109178627, 0.188463465, -0.0199563676, 0.921086372, 3.96205431e-005, 0.389358309, 0.389358308, 3.23799073e-005, -0.921086373, -4.91013284e-005, 0.999999999, 1.43981037e-005, 0.921086284, 2.01823332e-005, 0.38935852, 0.389358519, 2.55859398e-005, -0.921086284, -2.8551774e-005, 0.999999999, 1.57086948e-005, 0, 0, 0, 0, 0, 0, 0, 0.195286084, -0.203090967, -0.150567554, 0.0349407693, 0.618860328, -0.784716943, -0.458740234, 0.707397461, 0.537597656, 0.887788427, 0.341227888, 0.308809712, 0, 0, 0, 0, 0, 0, 0, 0.265384082, -0.166319629, -0.117534473, -0.109924257, 0.0727002143, -0.991185209, 0.432006836, -0.89465332, -0.113525391, -0.895055531, -0.440615276, 0.0669255742, 4, 1, 
247.47668, 0.1, 0.1, 0.109178629, 0.188463464, -0.0199601864, 0.921086848, -6.42803827e-005, 0.389357181, 0.38935718, -3.27026011e-005, -0.92108685, 7.19408078e-005, 0.999999997, -5.09390726e-006, 0.921086789, -4.71291192e-005, 0.389357323, 0.389357323, -8.06080998e-006, -0.92108679, 4.65485445e-005, 0.999999999, 1.09253621e-005, 0, 0, 0, 0, 0, 0, 0, 0.195286084, -0.203090967, -0.150567554, 0.0349407693, 0.618860328, -0.784716943, -0.458740234, 0.707397461, 0.537597656, 0.887788427, 0.341227888, 0.308809712, 0, 0, 0, 0, 0, 0, 0, 0.265384082, -0.166319629, -0.117534473, -0.109924257, 0.0727002143, -0.991185209, 0.432006836, -0.89465332, -0.113525391, -0.895055531, -0.440615276, 0.0669255742, 4, 1, 
247.47766, 0.1, 0.1, 0.109178638, 0.188463467, -0.0199627714, 0.921087227, 4.33793461e-005, 0.389356286, 0.389356286, 1.07131412e-005, -0.921087228, -4.41273905e-005, 0.999999999, -7.02228357e-006, 0.921087175, -2.31520861e-006, 0.389356413, 0.389356413, -7.65732981e-006, -0.921087175, 5.11393943e-006, 1, -6.15162696e-006, 0, 0, 0, 0, 0, 0, 0, 0.195286084, -0.203090967, -0.150567554, 0.0349407693, 0.618860328, -0.784716943, -0.458740234, 0.707397461, 0.537597656, 0.887788427, 0.341227888, 0.308809712, 0, 0, 0, 0, 0, 0, 0, 0.265384082, -0.166319629, -0.117534473, -0.109924257, 0.0727002143, -0.991185209, 0.432006836, -0.89465332, -0.113525391, -0.895055531, -0.440615276, 0.0669255742, 4, 1, 
247.478528, 0.1, 0.1, 0.109178621, 0.18846346, -0.0199645726, 0.921087452, 3.87582183e-005, 0.389355756, 0.389355756, 2.07496311e-005, -0.921087452, -4.37786968e-005, 0.999999999, 4.02148948e-006, 0.921087387, 7.46604236e-005, 0.389355905, 0.389355905, 2.1066132e-005, -0.921087389, -7.69709976e-005, 0.999999997, -9.66572834e-006, 0, 0, 0, 0, 0, 0, 0, 0.195286084, -0.203090967, -0.150567554, 0.0349407693, 0.618860328, -0.784716943, -0.458740234, 0.707397461, 0.537597656, 0.887788427, 0.341227888, 0.308809712, 0, 0, 0, 0, 0, 0, 0, 0.265384082, -0.166319629, -0.117534473, -0.109924257, 0.0727002143, -0.991185209, 0.432006836, -0.89465332, -0.113525391, -0.895055531, -0.440615276, 0.0669255742, 4, 1, 
247.479463, 0.1, 0.1, 0.109178629, 0.188463464, -0.0199644369, 0.921087554, -3.76069207e-005, 0.389355514, 0.389355514, 7.73567888e-006, -0.921087555, 3.16273374e-005, 0.999999999, 2.17676995e-005, 0.921087534, -4.42593089e-005, 0.389355561, 0.389355561, -2.16820105e-005, -0.921087535, 4.92087091e-005, 0.999999999, -2.73842152e-006, 0, 0, 0, 0, 0, 0, 0, 0.195256079, -0.204565918, -0.149762231, 0.0387356475, 0.616258019, -0.786537438, -0.458984375, 0.710083008, 0.533935547, 0.887558153, 0.340404134, 0.310581153, 0, 0, 0, 0, 0, 0, 0, 0.265301709, -0.16756499, -0.116919922, -0.107675229, 0.0705470683, -0.991690139, 0.431762695, -0.895141602, -0.110595703, -0.895432862, -0.439982382, 0.0658905623, 4, 1, 
247.480307, 0.1, 0.1, 0.109178618, 0.188463458, -0.0199636077, 0.921087906, 7.8840337e-005, 0.389354675, 0.389354676, -3.14860127e-006, -0.921087909, -7.13929585e-005, 0.999999997, -3.35969924e-005, 0.92108781, 7.87379999e-005, 0.389354904, 0.389354904, 1.29416368e-005, -0.921087813, -7.75635019e-005, 0.999999997, -1.87366424e-005, 0, 0, 0, 0, 0, 0, 0, 0.195256079, -0.204565918, -0.149762231, 0.0387356475, 0.616258019, -0.786537438, -0.458984375, 0.710083008, 0.533935547, 0.887558153, 0.340404134, 0.310581153, 0, 0, 0, 0, 0, 0, 0, 0.265301709, -0.16756499, -0.116919922, -0.107675229, 0.0705470683, -0.991690139, 0.431762695, -0.895141602, -0.110595703, -0.895432862, -0.439982382, 0.0658905623, 4, 1, 
247.481219, 0.1, 0.1, 0.109178625, 0.18846346, -0.0199624678, 0.921088476, -8.2506533e-005, 0.389353326, 0.389353326, -1.70852294e-005, -0.92108848, 8.26480079e-005, 0.999999996, 1.6387185e-005, 0.921088356, -6.71843091e-005, 0.389353612, 0.389353612, -8.36936971e-006, -0.921088359, 6.51413293e-005, 0.999999998, 1.84495244e-005, 0, 0, 0, 0, 0, 0, 0, 0.195256079, -0.204565918, -0.149762231, 0.0387356475, 0.616258019, -0.786537438, -0.458984375, 0.710083008, 0.533935547, 0.887558153, 0.340404134, 0.310581153, 0, 0, 0, 0, 0, 0, 0, 0.265301709, -0.16756499, -0.116919922, -0.107675229, 0.0705470683, -0.991690139, 0.431762695, -0.895141602, -0.110595703, -0.895432862, -0.439982382, 0.0658905623, 4, 1, 
247.482118, 0.1, 0.1, 0.109178629, 0.188463461, -0.0199606585, 0.92108892, 5.56139488e-005, 0.38935228, 0.38935228, 1.60647974e-005, -0.921088922, -5.74802577e-005, 0.999999998, -6.85631087e-006, 0.921088805, 1.90145358e-005, 0.389352555, 0.389352555, 1.96180293e-005, -0.921088805, -2.51524059e-005, 1, 1.06665891e-005, 0, 0, 0, 0, 0, 0, 0, 0.195256079, -0.204565918, -0.149762231, 0.0387356475, 0.616258019, -0.786537438, -0.458984375, 0.710083008, 0.533935547, 0.887558153, 0.340404134, 0.310581153, 0, 0, 0, 0, 0, 0, 0, 0.265301709, -0.16756499, -0.116919922, -0.107675229, 0.0705470683, -0.991690139, 0.431762695, -0.895141602, -0.110595703, -0.895432862, -0.439982382, 0.0658905623, 4, 1, 
247.483039, 0.1, 0.1, 0.109178621, 0.188463458, -0.0199583082, 0.921089382, -3.90944876e-005, 0.389351189, 0.389351188, -2.99381681e-005, -0.921089383, 4.76659788e-005, 0.999999999, -1.23542435e-005, 0.921089297, 7.28041991e-006, 0.389351393, 0.389351393, -1.00842643e-005, -0.921089297, -2.77959452e-006, 1, -1.21231495e-005, 0, 0, 0, 0, 0, 0, 0, 0.195256079, -0.204565918, -0.149762231, 0.0387356475, 0.616258019, -0.786537438, -0.458984375, 0.710083008, 0.533935547, 0.887558153, 0.340404134, 0.310581153, 0, 0, 0, 0, 0, 0, 0, 0.265301709, -0.16756499, -0.116919922, -0.107675229, 0.0705470683, -0.991690139, 0.431762695, -0.895141602, -0.110595703, -0.895432862, -0.439982382, 0.0658905623, 4, 1, 
247.483993, 0.1, 0.1, 0.109178637, 0.188463467, -0.0199567538, 0.921089858, -1.45553865e-005, 0.389350065, 0.389350065, -7.90996007e-006, -0.921089858, 1.64865623e-005, 1, -1.61864334e-006, 0.921089797, -4.51728307e-005, 0.389350207, 0.389350205, -3.90561728e-005, -0.921089798, 5.68147624e-005, 0.999999998, -1.83861914e-005, 0, 0, 0, 0, 0, 0, 0, 0.194939722, -0.205516992, -0.149792139, 0.041261572, 0.615229079, -0.787165362, -0.458007813, 0.711914062, 0.532348633, 0.887899638, 0.338589631, 0.311298566, 0, 0, 0, 0, 0, 0, 0, 0.264994385, -0.168570508, -0.116522021, -0.105413441, 0.0686367256, -0.992060907, 0.431396484, -0.895629883, -0.107788086, -0.895931595, -0.439323968, 0.0647469086, 4, 1, 
247.484838, 0.1, 0.1, 0.109178624, 0.188463453, -0.0199570084, 0.921090151, 6.03318718e-005, 0.389349367, 0.389349366, 2.10422796e-005, -0.921090153, -6.37638913e-005, 0.999999998, -4.10833952e-006, 0.921090083, 6.80760037e-005, 0.389349528, 0.389349524, 5.88970776e-005, -0.921090085, -8.56356814e-005, 0.999999996, 2.77441544e-005, 0, 0, 0, 0, 0, 0, 0, 0.194939722, -0.205516992, -0.149792139, 0.041261572, 0.615229079, -0.787165362, -0.458007813, 0.711914062, 0.532348633, 0.887899638, 0.338589631, 0.311298566, 0, 0, 0, 0, 0, 0, 0, 0.264994385, -0.168570508, -0.116522021, -0.105413441, 0.0686367256, -0.992060907, 0.431396484, -0.895629883, -0.107788086, -0.895931595, -0.439323968, 0.0647469086, 4, 1, 
247.485694, 0.1, 0.1, 0.109178635, 0.188463455, -0.0199594692, 0.921090798, -8.51032769e-005, 0.389347831, 0.389347834, 1.3607388e-005, -0.921090801, 7.30898385e-005, 0.999999996, 4.56684164e-005, 0.921090634, -8.1124913e-005, 0.389348222, 0.389348223, -1.64632608e-006, -0.921090637, 7.53643919e-005, 0.999999997, 3.00694252e-005, 0, 0, 0, 0, 0, 0, 0, 0.194939722, -0.205516992, -0.149792139, 0.041261572, 0.615229079, -0.787165362, -0.458007813, 0.711914062, 0.532348633, 0.887899638, 0.338589631, 0.311298566, 0, 0, 0, 0, 0, 0, 0, 0.264994385, -0.168570508, -0.116522021, -0.105413441, 0.0686367256, -0.992060907, 0.431396484, -0.895629883, -0.107788086, -0.895931595, -0.439323968, 0.0647469086, 4, 1, 
247.486618, 0.1, 0.1, 0.109178629, 0.188463451, -0.0199620835, 0.921091677, 8.53797503e-005, 0.389345753, 0.389345753, 1.05892556e-005, -0.921091681, -8.27654594e-005, 0.999999996, -2.3488568e-005, 0.92109153, 7.40910299e-005, 0.389346103, 0.389346103, 6.50704762e-006, -0.921091533, -7.0778114e-005, 0.999999997, -2.28534674e-005, 0, 0, 0, 0, 0, 0, 0, 0.194832324, -0.206628198, -0.149999878, 0.0434830822, 0.615469092, -0.786911123, -0.456542969, 0.712768555, 0.532470703, 0.888660112, 0.33620337, 0.312123442, 0, 0, 0, 0, 0, 0, 0, 0.265257422, -0.169484961, -0.116535449, -0.104793673, 0.0682470012, -0.992144029, 0.431396484, -0.895751953, -0.107177734, -0.895989197, -0.439119444, 0.064369944, 4, 1, 
247.487464, 0.1, 0.1, 0.109178626, 0.188463447, -0.019964436, 0.921092219, -4.81093e-005, 0.389344478, 0.389344478, -1.54222331e-005, -0.92109222, 5.03176632e-005, 0.999999999, 4.52579136e-006, 0.921092156, -2.7496102e-005, 0.389344627, 0.389344627, 1.19574251e-005, -0.921092157, 2.06708847e-005, 1, 2.17193501e-005, 0, 0, 0, 0, 0, 0, 0, 0.194832324, -0.206628198, -0.149999878, 0.0434830822, 0.615469092, -0.786911123, -0.456542969, 0.712768555, 0.532470703, 0.888660112, 0.33620337, 0.312123442, 0, 0, 0, 0, 0, 0, 0, 0.265257422, -0.169484961, -0.116535449, -0.104793673, 0.0682470012, -0.992144029, 0.431396484, -0.895751953, -0.107177734, -0.895989197, -0.439119444, 0.064369944, 4, 1, 
247.488366, 0.1, 0.1, 0.109178631, 0.188463456, -0.0199659358, 0.921092343, 2.75569851e-005, 0.389344186, 0.389344186, 1.00846491e-005, -0.921092343, -2.93089275e-005, 1, -1.44025883e-006, 0.921092336, -4.57978916e-006, 0.389344203, 0.389344202, -3.47525286e-005, -0.921092336, 1.77491042e-005, 0.999999999, -3.02271734e-005, 0, 0, 0, 0, 0, 0, 0, 0.194832324, -0.206628198, -0.149999878, 0.0434830822, 0.615469092, -0.786911123, -0.456542969, 0.712768555, 0.532470703, 0.888660112, 0.33620337, 0.312123442, 0, 0, 0, 0, 0, 0, 0, 0.265257422, -0.169484961, -0.116535449, -0.104793673, 0.0682470012, -0.992144029, 0.431396484, -0.895751953, -0.107177734, -0.895989197, -0.439119444, 0.064369944, 4, 1, 
247.489222, 0.1, 0.1, 0.109178626, 0.18846344, -0.0199655265, 0.921092173, -4.30370102e-006, 0.389344589, 0.389344589, 3.74917153e-005, -0.921092172, -1.06330912e-005, 0.999999999, 3.62089482e-005, 0.921092214, 1.4801097e-005, 0.389344493, 0.389344491, 6.90101155e-005, -0.921092212, -4.05018835e-005, 0.999999998, 5.78019545e-005, 0, 0, 0, 0, 0, 0, 0, 0.194832324, -0.206628198, -0.149999878, 0.0434830822, 0.615469092, -0.786911123, -0.456542969, 0.712768555, 0.532470703, 0.888660112, 0.33620337, 0.312123442, 0, 0, 0, 0, 0, 0, 0, 0.265257422, -0.169484961, -0.116535449, -0.104793673, 0.0682470012, -0.992144029, 0.431396484, -0.895751953, -0.107177734, -0.895989197, -0.439119444, 0.064369944, 4, 1, 
247.490066, 0.1, 0.1, 0.109178632, 0.188463458, -0.0199643223, 0.921091791, -1.05518871e-005, 0.389345491, 0.389345488, -9.82166705e-005, -0.921091787, 4.79594744e-005, 0.999999995, -8.63582393e-005, 0.921091882, -2.4305851e-005, 0.389345276, 0.389345271, -0.000106699835, -0.921091878, 6.39309986e-005, 0.999999994, -8.88169836e-005, 0, 0, 0, 0, 0, 0, 0, 0.194832324, -0.206628198, -0.149999878, 0.0434830822, 0.615469092, -0.786911123, -0.456542969, 0.712768555, 0.532470703, 0.888660112, 0.33620337, 0.312123442, 0, 0, 0, 0, 0, 0, 0, 0.265257422, -0.169484961, -0.116535449, -0.104793673, 0.0682470012, -0.992144029, 0.431396484, -0.895751953, -0.107177734, -0.895989197, -0.439119444, 0.064369944, 4, 1, 
247.491004, 0.1, 0.1, 0.109178625, 0.188463451, -0.0199620817, 0.921091116, 1.93484333e-005, 0.389347088, 0.389347085, 8.00031752e-005, -0.921091114, -4.89706732e-005, 0.999999997, 6.61569579e-005, 0.921091304, 3.49927343e-005, 0.389346643, 0.38934664, 6.67705372e-005, -0.921091304, -5.82283878e-005, 0.999999997, 4.78774577e-005, 0, 0, 0, 0, 0, 0, 0, 0.194832324, -0.206628198, -0.149999878, 0.0439020725, 0.616724941, -0.785851103, -0.455688477, 0.712402344, 0.533691406, 0.888964527, 0.334768544, 0.312573511, 0, 0, 0, 0, 0, 0, 0, 0.265257422, -0.169484961, -0.116535449, -0.104161146, 0.0678445169, -0.992227151, 0.431152344, -0.895874023, -0.106567383, -0.896168201, -0.438793519, 0.0639929794, 4, 1, 
247.49185, 0.1, 0.1, 0.109178627, 0.188463451, -0.0199596593, 0.921090248, 1.28226221e-005, 0.389349142, 0.389349142, -6.39595117e-005, -0.921090246, 1.30917889e-005, 0.999999998, -6.39049595e-005, 0.92109045, -1.0378322e-005, 0.389348664, 0.389348664, -4.30654186e-005, -0.92109045, 2.63268365e-005, 0.999999999, -3.562636e-005, 0, 0, 0, 0, 0, 0, 0, 0.194854663, -0.207907837, -0.150614062, 0.0439020725, 0.616724941, -0.785851103, -0.455688477, 0.712402344, 0.533691406, 0.888964527, 0.334768544, 0.312573511, 0, 0, 0, 0, 0, 0, 0, 0.26551875, -0.170844189, -0.116772119, -0.104161146, 0.0678445169, -0.992227151, 0.431152344, -0.895874023, -0.106567383, -0.896168201, -0.438793519, 0.0639929794, 4, 1, 
247.492689, 0.1, 0.1, 0.109178623, 0.188463457, -0.0199587649, 0.921089146, -4.72773468e-005, 0.389351746, 0.389351747, 3.01730877e-005, -0.921089147, 3.17987066e-005, 0.999999998, 4.61996211e-005, 0.921089372, 4.16015141e-006, 0.389351216, 0.389351216, -4.63377318e-006, -0.921089372, -2.02770602e-006, 1, -5.88787923e-006, 0, 0, 0, 0, 0, 0, 0, 0.194854663, -0.207907837, -0.150614062, 0.0439020725, 0.616724941, -0.785851103, -0.455688477, 0.712402344, 0.533691406, 0.888964527, 0.334768544, 0.312573511, 0, 0, 0, 0, 0, 0, 0, 0.26551875, -0.170844189, -0.116772119, -0.104161146, 0.0678445169, -0.992227151, 0.431152344, -0.895874023, -0.106567383, -0.896168201, -0.438793519, 0.0639929794, 4, 1, 
247.493588, 0.1, 0.1, 0.109178637, 0.188463441, -0.0199589561, 0.921088121, 1.43109979e-005, 0.389354175, 0.389354174, 4.408172e-005, -0.92108812, -3.03450918e-005, 0.999999999, 3.50311019e-005, 0.921088296, -3.77566001e-005, 0.389353758, 0.38935376, 6.26018039e-005, -0.921088294, 1.04029148e-005, 0.999999997, 7.23624631e-005, 0, 0, 0, 0, 0, 0, 0, 0.194854663, -0.207907837, -0.150614062, 0.0439020725, 0.616724941, -0.785851103, -0.455688477, 0.712402344, 0.533691406, 0.888964527, 0.334768544, 0.312573511, 0, 0, 0, 0, 0, 0, 0, 0.26551875, -0.170844189, -0.116772119, -0.104161146, 0.0678445169, -0.992227151, 0.431152344, -0.895874023, -0.106567383, -0.896168201, -0.438793519, 0.0639929794, 4, 1, 
247.494434, 0.1, 0.1, 0.109178624, 0.188463449, -0.0199603568, 0.921087596, 1.06758399e-005, 0.389355416, 0.389355416, -5.44001158e-005, -0.921087595, 1.1347596e-005, 0.999999998, -5.42639679e-005, 0.921087671, 5.13185094e-005, 0.389355236, 0.389355239, -5.48974772e-005, -0.92108767, -2.5894226e-005, 0.999999997, -7.05465199e-005, 0, 0, 0, 0, 0, 0, 0, 0.194854663, -0.207907837, -0.150614062, 0.0439020725, 0.616724941, -0.785851103, -0.455688477, 0.712402344, 0.533691406, 0.888964527, 0.334768544, 0.312573511, 0, 0, 0, 0, 0, 0, 0, 0.26551875, -0.170844189, -0.116772119, -0.104161146, 0.0678445169, -0.992227151, 0.431152344, -0.895874023, -0.106567383, -0.896168201, -0.438793519, 0.0639929794, 4, 1, 
247.495286, 0.1, 0.1, 0.10917863, 0.188463443, -0.0199626774, 0.921087548, 8.57723141e-006, 0.389355531, 0.38935553, 6.27862847e-005, -0.921087546, -3.23465682e-005, 0.999999998, 5.44920725e-005, 0.921087523, -2.77844818e-005, 0.389355588, 0.389355589, 5.29305878e-005, -0.921087522, 4.98311934e-006, 0.999999998, 5.95717473e-005, 0, 0, 0, 0, 0, 0, 0, 0.194854663, -0.207907837, -0.150614062, 0.0439020725, 0.616724941, -0.785851103, -0.455688477, 0.712402344, 0.533691406, 0.888964527, 0.334768544, 0.312573511, 0, 0, 0, 0, 0, 0, 0, 0.26551875, -0.170844189, -0.116772119, -0.104161146, 0.0678445169, -0.992227151, 0.431152344, -0.895874023, -0.106567383, -0.896168201, -0.438793519, 0.0639929794, 4, 1, 
247.496206, 0.1, 0.1, 0.109178621, 0.188463441, -0.0199640911, 0.921087938, -5.93341807e-006, 0.389354607, 0.389354607, -2.04290754e-005, -0.921087938, 1.34193545e-005, 1, -1.65067713e-005, 0.921087844, 3.20664439e-005, 0.389354829, 0.38935483, -1.69402347e-005, -0.921087844, -2.29402495e-005, 0.999999999, -2.80886691e-005, 0, 0, 0, 0, 0, 0, 0, 0.194820728, -0.208737695, -0.151237646, 0.04321686, 0.617993894, -0.784924756, -0.455200195, 0.711547852, 0.53527832, 0.889320237, 0.334196785, 0.312179608, 0, 0, 0, 0, 0, 0, 0, 0.265517041, -0.171966992, -0.116993652, -0.104148386, 0.0677103555, -0.992239911, 0.430908203, -0.895996094, -0.106445312, -0.896289603, -0.438684877, 0.064114381, 4, 1, 
247.49705, 0.1, 0.1, 0.109178626, 0.188463442, -0.0199647315, 0.921088503, 3.00710006e-005, 0.389353271, 0.389353271, -1.77458478e-005, -0.921088503, -2.0788649e-005, 0.999999999, -2.80537389e-005, 0.92108839, -1.24309756e-005, 0.389353537, 0.389353537, -4.82895311e-006, -0.92108839, 1.33301973e-005, 1, 3.92151674e-007, 0, 0, 0, 0, 0, 0, 0, 0.194820728, -0.208737695, -0.151237646, 0.04321686, 0.617993894, -0.784924756, -0.455200195, 0.711547852, 0.53527832, 0.889320237, 0.334196785, 0.312179608, 0, 0, 0, 0, 0, 0, 0, 0.265517041, -0.171966992, -0.116993652, -0.104148386, 0.0677103555, -0.992239911, 0.430908203, -0.895996094, -0.106445312, -0.896289603, -0.438684877, 0.064114381, 4, 1, 
247.497955, 0.1, 0.1, 0.10917862, 0.188463444, -0.0199644348, 0.921088979, -3.62749124e-005, 0.389352144, 0.389352145, 5.1135346e-006, -0.921088979, 3.14214564e-005, 0.999999999, 1.88337353e-005, 0.921088905, 9.02387801e-006, 0.389352321, 0.389352321, 8.20306392e-006, -0.921088905, -1.15056759e-005, 1, 4.04228331e-006, 0, 0, 0, 0, 0, 0, 0, 0.194820728, -0.208737695, -0.151237646, 0.04321686, 0.617993894, -0.784924756, -0.455200195, 0.711547852, 0.53527832, 0.889320237, 0.334196785, 0.312179608, 0, 0, 0, 0, 0, 0, 0, 0.265517041, -0.171966992, -0.116993652, -0.104148386, 0.0677103555, -0.992239911, 0.430908203, -0.895996094, -0.106445312, -0.896289603, -0.438684877, 0.064114381, 4, 1, 
247.49881, 0.1, 0.1, 0.109178626, 0.188463449, -0.0199629174, 0.921089111, 3.03143503e-005, 0.389351832, 0.389351833, -2.2399298e-005, -0.921089111, -1.92010102e-005, 0.999999999, -3.24346973e-005, 0.921089115, -3.58055786e-006, 0.389351824, 0.389351824, -4.04122601e-005, -0.921089114, 1.90326001e-005, 0.999999999, -3.58291962e-005, 0, 0, 0, 0, 0, 0, 0, 0.194820728, -0.208737695, -0.151237646, 0.04321686, 0.617993894, -0.784924756, -0.455200195, 0.711547852, 0.53527832, 0.889320237, 0.334196785, 0.312179608, 0, 0, 0, 0, 0, 0, 0, 0.265517041, -0.171966992, -0.116993652, -0.104148386, 0.0677103555, -0.992239911, 0.430908203, -0.895996094, -0.106445312, -0.896289603, -0.438684877, 0.064114381, 4, 1, 
247.499646, 0.1, 0.1, 0.109178622, 0.188463443, -0.0199617529, 0.921088877, -2.53754454e-005, 0.389352385, 0.389352385, 7.05452643e-006, -0.921088877, 2.06263439e-005, 1, 1.6377836e-005, 0.921088944, 2.38491667e-006, 0.389352228, 0.389352228, 3.47953258e-005, -0.921088943, -1.5744358e-005, 0.999999999, 3.11210173e-005, 0, 0, 0, 0, 0, 0, 0, 0.194820728, -0.208737695, -0.151237646, 0.04321686, 0.617993894, -0.784924756, -0.455200195, 0.711547852, 0.53527832, 0.889320237, 0.334196785, 0.312179608, 0, 0, 0, 0, 0, 0, 0, 0.265517041, -0.171966992, -0.116993652, -0.104148386, 0.0677103555, -0.992239911, 0.430908203, -0.895996094, -0.106445312, -0.896289603, -0.438684877, 0.064114381, 4, 1, 
247.500562, 0.1, 0.1, 0.109178624, 0.188463446, -0.0199607399, 0.921088374, 2.91834936e-005, 0.389353576, 0.389353574, 4.72596686e-005, -0.921088374, -4.52812976e-005, 0.999999998, 3.21676338e-005, 0.921088491, -5.27230956e-007, 0.389353299, 0.389353299, -4.96158383e-006, -0.921088491, 2.4174354e-006, 1, -4.36477865e-006, 0, 0, 0, 0, 0, 0, 0, 0.194820728, -0.208737695, -0.151237646, 0.0418131125, 0.617691724, -0.785202961, -0.460449219, 0.709350586, 0.533569336, 0.886699955, 0.339311914, 0.314324735, 0, 0, 0, 0, 0, 0, 0, 0.265517041, -0.171966992, -0.116993652, -0.104148386, 0.0677103555, -0.992239911, 0.430908203, -0.895996094, -0.106445312, -0.896289603, -0.438684877, 0.064114381, 4, 1, 
247.50144, 0.1, 0.1, 0.109178616, 0.188463437, -0.0199595406, 0.921087937, 5.48820599e-006, 0.38935461, 0.38935461, -4.18262813e-005, -0.921087936, 1.12301351e-005, 0.999999999, -4.06625415e-005, 0.921088013, 2.82698832e-005, 0.389354428, 0.389354428, 1.36642362e-005, -0.921088014, -3.13592814e-005, 1, 1.57896e-006, 0, 0, 0, 0, 0, 0, 0, 0.196080469, -0.208960815, -0.151245337, 0.0418131125, 0.617691724, -0.785202961, -0.460449219, 0.709350586, 0.533569336, 0.886699955, 0.339311914, 0.314324735, 0, 0, 0, 0, 0, 0, 0, 0.266271729, -0.172948584, -0.116798975, -0.10313233, 0.0669050204, -0.992393395, 0.432861328, -0.895141602, -0.10534668, -0.895446355, -0.440365177, 0.0632390501, 4, 1, 
247.502277, 0.1, 0.1, 0.109178618, 0.18846345, -0.0199597368, 0.921087605, 5.6006823e-006, 0.389355394, 0.389355394, 4.63674638e-006, -0.921087605, -6.96406127e-006, 1, 2.09019375e-006, 0.921087661, -8.92946544e-006, 0.389355262, 0.389355261, -4.53571674e-005, -0.921087661, 2.58848722e-005, 0.999999999, -3.83011929e-005, 0, 0, 0, 0, 0, 0, 0, 0.196080469, -0.208960815, -0.151245337, 0.0418131125, 0.617691724, -0.785202961, -0.460449219, 0.709350586, 0.533569336, 0.886699955, 0.339311914, 0.314324735, 0, 0, 0, 0, 0, 0, 0, 0.266271729, -0.172948584, -0.116798975, -0.10313233, 0.0669050204, -0.992393395, 0.432861328, -0.895141602, -0.10534668, -0.895446355, -0.440365177, 0.0632390501, 4, 1, 
247.503222, 0.1, 0.1, 0.10917862, 0.188463446, -0.019960338, 0.921087266, -2.6701924e-005, 0.389356197, 0.389356196, -2.23925167e-005, -0.921087266, 3.33134673e-005, 0.999999999, -1.02289024e-005, 0.921087325, -2.00077911e-005, 0.389356058, 0.389356057, -1.12569633e-005, -0.921087325, 2.28118896e-005, 1, -2.57849154e-006, 0, 0, 0, 0, 0, 0, 0, 0.19732666, -0.208506763, -0.151249609, 0.0401491342, 0.617529217, -0.785398791, -0.465698242, 0.70703125, 0.532104492, 0.883997297, 0.344528514, 0.31620963, 0, 0, 0, 0, 0, 0, 0, 0.267541504, -0.172643457, -0.116847803, -0.101528223, 0.0663100391, -0.992578963, 0.437988281, -0.892822266, -0.104492187, -0.893191131, -0.445214677, 0.0615011483, 4, 1, 
247.504061, 0.1, 0.1, 0.109178617, 0.188463442, -0.0199612143, 0.921087086, 4.37433859e-005, 0.389356621, 0.389356621, 8.7587537e-006, -0.921087087, -4.37017466e-005, 0.999999999, -8.96420199e-006, 0.921087097, 3.41607303e-005, 0.389356596, 0.389356595, 2.95728031e-005, -0.921087098, -4.29793739e-005, 0.999999999, 1.39384217e-005, 0, 0, 0, 0, 0, 0, 0, 0.19732666, -0.208506763, -0.151249609, 0.0401491342, 0.617529217, -0.785398791, -0.465698242, 0.70703125, 0.532104492, 0.883997297, 0.344528514, 0.31620963, 0, 0, 0, 0, 0, 0, 0, 0.267541504, -0.172643457, -0.116847803, -0.101528223, 0.0663100391, -0.992578963, 0.437988281, -0.892822266, -0.104492187, -0.893191131, -0.445214677, 0.0615011483, 4, 1, 
247.504911, 0.1, 0.1, 0.109178624, 0.188463444, -0.0199628119, 0.921087127, -7.07896038e-005, 0.389356519, 0.389356519, -1.90624388e-005, -0.92108713, 7.26254778e-005, 0.999999997, 1.00042267e-005, 0.921087124, -6.59615323e-005, 0.389356527, 0.389356527, -9.36859535e-006, -0.921087126, 6.4404042e-005, 0.999999998, 1.70532606e-005, 0, 0, 0, 0, 0, 0, 0, 0.19732666, -0.208506763, -0.151249609, 0.0401491342, 0.617529217, -0.785398791, -0.465698242, 0.70703125, 0.532104492, 0.883997297, 0.344528514, 0.31620963, 0, 0, 0, 0, 0, 0, 0, 0.267541504, -0.172643457, -0.116847803, -0.101528223, 0.0663100391, -0.992578963, 0.437988281, -0.892822266, -0.104492187, -0.893191131, -0.445214677, 0.0615011483, 4, 1, 
247.505802, 0.1, 0.1, 0.109178624, 0.188463445, -0.0199637096, 0.921087004, 6.22162752e-005, 0.389356812, 0.38935681, 4.5393216e-005, -0.921087006, -7.49807605e-005, 0.999999997, 1.75867709e-005, 0.921087035, 3.69066197e-005, 0.389356743, 0.389356742, 2.56966038e-005, -0.921087035, -4.39993548e-005, 0.999999999, 9.29896739e-006, 0, 0, 0, 0, 0, 0, 0, 0.19732666, -0.208506763, -0.151249609, 0.0401491342, 0.617529217, -0.785398791, -0.465698242, 0.70703125, 0.532104492, 0.883997297, 0.344528514, 0.31620963, 0, 0, 0, 0, 0, 0, 0, 0.267541504, -0.172643457, -0.116847803, -0.101528223, 0.0663100391, -0.992578963, 0.437988281, -0.892822266, -0.104492187, -0.893191131, -0.445214677, 0.0615011483, 4, 1, 
247.506657, 0.1, 0.1, 0.109178611, 0.18846344, -0.019964171, 0.921086971, -1.80970365e-006, 0.389356894, 0.389356894, -5.08140379e-006, -0.921086971, 3.64537405e-006, 1, -3.97579423e-006, 0.921086981, 3.74345508e-005, 0.38935687, 0.38935687, 1.62290513e-005, -0.921086982, -4.07993701e-005, 0.999999999, 3.72968309e-007, 0, 0, 0, 0, 0, 0, 0, 0.19732666, -0.208506763, -0.151249609, 0.0401491342, 0.617529217, -0.785398791, -0.465698242, 0.70703125, 0.532104492, 0.883997297, 0.344528514, 0.31620963, 0, 0, 0, 0, 0, 0, 0, 0.267541504, -0.172643457, -0.116847803, -0.101528223, 0.0663100391, -0.992578963, 0.437988281, -0.892822266, -0.104492187, -0.893191131, -0.445214677, 0.0615011483, 4, 1, 
247.50756, 0.1, 0.1, 0.109178617, 0.188463444, -0.0199638821, 0.921086922, 8.91402175e-006, 0.389357011, 0.389357011, -4.19763421e-006, -0.921086922, -6.57621055e-006, 1, -7.33712284e-006, 0.921086952, -1.74981312e-005, 0.389356939, 0.389356938, -2.86734502e-005, -0.921086952, 2.72815071e-005, 0.999999999, -1.95977221e-005, 0, 0, 0, 0, 0, 0, 0, 0.19732666, -0.208506763, -0.151249609, 0.0401491342, 0.617529217, -0.785398791, -0.465698242, 0.70703125, 0.532104492, 0.883997297, 0.344528514, 0.31620963, 0, 0, 0, 0, 0, 0, 0, 0.267541504, -0.172643457, -0.116847803, -0.101528223, 0.0663100391, -0.992578963, 0.437988281, -0.892822266, -0.104492187, -0.893191131, -0.445214677, 0.0615011483, 4, 1, 
247.508459, 0.1, 0.1, 0.109178618, 0.188463441, -0.0199620294, 0.921086626, -1.6858397e-005, 0.389357712, 0.389357711, -3.9381217e-005, -0.921086625, 3.08614246e-005, 0.999999999, -2.97095654e-005, 0.921086699, -1.92277083e-005, 0.389357537, 0.389357537, -4.09729388e-006, -0.9210867, 1.93056986e-005, 1, 3.71249025e-006, 0, 0, 0, 0, 0, 0, 0, 0.198311523, -0.207949438, -0.151844873, 0.0376733845, 0.619510714, -0.784002156, -0.468994141, 0.703735352, 0.533691406, 0.882411946, 0.347675249, 0.317224344, 0, 0, 0, 0, 0, 0, 0, 0.268162402, -0.171947363, -0.11772417, -0.102997436, 0.0681303299, -0.992336159, 0.442138672, -0.89050293, -0.107055664, -0.890890697, -0.44968758, 0.0615266679, 4, 1, 
