time, realDorsalTactorPos, realVentralTactorPos, boxPosX, boxPosY, boxPosZ, boxLocalRot_11, boxLocalRot_12, boxLocalRot_13, boxLocalRot_21, boxLocalRot_22, boxLocalRot_23, boxLocalRot_31, boxLocalRot_32, boxLocalRot_33, boxGlobalRot_11, boxGlobalRot_12, boxGlobalRot_13, boxGlobalRot_21, boxGlobalRot_22, boxGlobalRot_23, boxGlobalRot_31, boxGlobalRot_32, boxGlobalRot_33, indexForceX, indexForceY, indexForceZ, indexForceGlobalX, indexForceGlobalY, indexForceGlobalZ, indexContact, indexPosX, indexPosY, indexPosZ, indexRot_11, indexRot_12, indexRot_13, indexRot_21, indexRot_22, indexRot_23, indexRot_31, indexRot_32, indexRot_33, thumbForceX, thumbForceY, thumbForceZ, thumbForceGlobalX, thumbForceGlobalY, thumbForceGlobalZ, thumbContact, thumbPosX, thumbPosY, thumbPosZ, thumbRot_11, thumbRot_12, thumbRot_13, thumbRot_21, thumbRot_22, thumbRot_23, thumbRot_31, thumbRot_32, thumbRot_33, mapping, trialSuccess, 
166.212996, 0.1, 0.1, 0.109422051, 0.182138395, -0.0199564484, 0.999968957, 1.35540308e-005, 0.00787943253, -0.00787943229, -1.73222922e-005, 0.999968957, 1.36900999e-005, -1, -1.72149564e-005, 0.999968965, -5.01450803e-006, 0.00787843628, -0.00787843638, -1.88917415e-005, 0.999968964, -4.86551502e-006, -1, -1.89306616e-005, 0, 0, 0, 0, 0, 0, 0, 0.175734351, -0.206109644, -0.159262476, -0.035259021, 0.777487719, -0.627712763, -0.525024414, 0.520019531, 0.673706055, 0.850335351, 0.353304949, 0.390231756, 0, 0, 0, 0, 0, 0, 0, 0.248356689, -0.173304053, -0.121787061, -0.0890259528, 0.0853101474, -0.992304845, 0.615234375, -0.778808594, -0.122070312, -0.783249791, -0.621317358, 0.0168516128, 3, 1, 
166.225355, 0.1, 0.1, 0.109422056, 0.182138441, -0.0199625573, 0.999968722, 2.82198577e-006, 0.00790915751, -0.00790915765, 5.3717855e-005, 0.999968721, 2.39703452e-006, -0.999999999, 5.37384944e-005, 0.999968722, -1.90689018e-005, 0.00790910381, -0.0079091024, 7.28314746e-005, 0.99996872, -1.9644337e-005, -0.999999997, 7.26783787e-005, 0, 0, 0, 0, 0, 0, 0, 0.176958154, -0.204875708, -0.162537183, -0.0459546951, 0.788246673, -0.613557704, -0.532348633, 0.500366211, 0.682739258, 0.845231823, 0.358027679, 0.396888434, 0, 0, 0, 0, 0, 0, 0, 0.249849561, -0.17215791, -0.124245654, -0.0925389362, 0.092222009, -0.991366081, 0.624389648, -0.770141602, -0.129882812, -0.775518001, -0.631024022, 0.0137589704, 3, 1, 
166.226221, 0.1, 0.1, 0.109422056, 0.182138433, -0.0199680354, 0.999968718, 2.35594455e-007, 0.00790970587, -0.00790970584, -6.13143175e-005, 0.999968716, 7.20565301e-007, -0.999999998, -6.13105359e-005, 0.999968719, -3.83456221e-006, 0.00790960013, -0.00790960036, -6.25758193e-005, 0.999968717, -3.33949254e-006, -0.999999998, -6.26041917e-005, 0, 0, 0, 0, 0, 0, 0, 0.176958154, -0.204875708, -0.162537183, -0.0459546951, 0.788246673, -0.613557704, -0.532348633, 0.500366211, 0.682739258, 0.845231823, 0.358027679, 0.396888434, 0, 0, 0, 0, 0, 0, 0, 0.249849561, -0.17215791, -0.124245654, -0.0925389362, 0.092222009, -0.991366081, 0.624389648, -0.770141602, -0.129882812, -0.775518001, -0.631024022, 0.0137589704, 3, 1, 
166.227063, 0.1, 0.1, 0.109422058, 0.182138436, -0.0199712935, 0.999968713, 9.90029253e-006, 0.0079102548, -0.00791025526, 4.76432005e-005, 0.999968712, 9.52311291e-006, -0.999999999, 4.77200238e-005, 0.999968714, 1.65291669e-005, 0.00791016574, -0.00791016635, 3.69736892e-005, 0.999968713, 1.62361818e-005, -0.999999999, 3.71032809e-005, 0, 0, 0, 0, 0, 0, 0, 0.176958154, -0.204875708, -0.162537183, -0.0459546951, 0.788246673, -0.613557704, -0.532348633, 0.500366211, 0.682739258, 0.845231823, 0.358027679, 0.396888434, 0, 0, 0, 0, 0, 0, 0, 0.249849561, -0.17215791, -0.124245654, -0.0925389362, 0.092222009, -0.991366081, 0.624389648, -0.770141602, -0.129882812, -0.775518001, -0.631024022, 0.0137589704, 3, 1, 
166.228015, 0.1, 0.1, 0.109422058, 0.182138435, -0.0199706347, 0.999968712, 1.86889537e-005, 0.00791039229, -0.00791039114, -6.07975009e-005, 0.999968711, 1.9169301e-005, -0.999999998, -6.06477617e-005, 0.999968712, 1.34451034e-005, 0.00791037684, -0.00791037634, -3.69463822e-005, 0.999968712, 1.37369425e-005, -0.999999999, -3.68388704e-005, 0, 0, 0, 0, 0, 0, 0, 0.176584424, -0.205607324, -0.161728564, -0.0444135278, 0.786927544, -0.615365093, -0.535644531, 0.501098633, 0.6796875, 0.843257439, 0.359843304, 0.399522943, 0, 0, 0, 0, 0, 0, 0, 0.249849561, -0.17215791, -0.124245654, -0.0904302664, 0.0911100716, -0.99172409, 0.625854492, -0.769287109, -0.127807617, -0.774559915, -0.632122833, 0.0124939151, 3, 1, 
166.228869, 0.1, 0.1, 0.109422059, 0.182138429, -0.0199664881, 0.999968709, 1.80418461e-005, 0.00791074482, -0.00791074547, 3.61348942e-005, 0.999968709, 1.77554276e-005, -0.999999999, 3.62764879e-005, 0.999968711, -2.36923773e-006, 0.00791062218, -0.0079106222, -7.54098005e-006, 0.999968711, -2.30950975e-006, -1, -7.55948624e-006, 0, 0, 0, 0, 0, 0, 0, 0.176584424, -0.205607324, -0.161728564, -0.0444135278, 0.786927544, -0.615365093, -0.535644531, 0.501098633, 0.6796875, 0.843257439, 0.359843304, 0.399522943, 0, 0, 0, 0, 0, 0, 0, 0.249785986, -0.172477832, -0.123849463, -0.0904302664, 0.0911100716, -0.99172409, 0.625854492, -0.769287109, -0.127807617, -0.774559915, -0.632122833, 0.0124939151, 3, 1, 
166.229715, 0.1, 0.1, 0.10942206, 0.182138443, -0.0199614989, 0.999968708, 2.62032957e-006, 0.00791096343, -0.00791096348, 1.67073242e-005, 0.999968708, 2.48807654e-006, -1, 1.67275307e-005, 0.999968708, -6.48006512e-006, 0.00791097618, -0.00791097584, 5.09455112e-005, 0.999968706, -6.88289106e-006, -0.999999999, 5.08926533e-005, 0, 0, 0, 0, 0, 0, 0, 0.176584424, -0.205607324, -0.161728564, -0.0444135278, 0.786927544, -0.615365093, -0.535644531, 0.501098633, 0.6796875, 0.843257439, 0.359843304, 0.399522943, 0, 0, 0, 0, 0, 0, 0, 0.249785986, -0.172477832, -0.123849463, -0.0904302664, 0.0911100716, -0.99172409, 0.625854492, -0.769287109, -0.127807617, -0.774559915, -0.632122833, 0.0124939151, 3, 1, 
166.230665, 0.1, 0.1, 0.109422061, 0.182138427, -0.0199559663, 0.999968708, 1.00884389e-006, 0.00791100269, -0.00791100263, -4.78433388e-005, 0.999968706, 1.3873011e-006, -0.999999999, -4.78338607e-005, 0.999968707, 7.98628304e-006, 0.00791101473, -0.00791101412, -7.28743434e-005, 0.999968705, 8.56254311e-006, -0.999999997, -7.28088833e-005, 0, 0, 0, 0, 0, 0, 0, 0.177946094, -0.206278296, -0.160020776, -0.0436923669, 0.782114204, -0.621474718, -0.543212891, 0.503417969, 0.671875, 0.838446725, 0.366908851, 0.403086043, 0, 0, 0, 0, 0, 0, 0, 0.250761377, -0.172732227, -0.122801855, -0.0861108481, 0.0876915039, -0.992312141, 0.627685547, -0.768676758, -0.122314453, -0.773614955, -0.633464081, 0.0110819386, 3, 1, 
166.231515, 0.1, 0.1, 0.10942206, 0.182138444, -0.0199533932, 0.999968704, 2.47730226e-005, 0.00791140419, -0.0079114065, 9.44410526e-005, 0.9999687, 2.40250858e-005, -0.999999995, 9.46340865e-005, 0.999968706, 1.45552854e-005, 0.00791124441, -0.00791124583, 0.000100443971, 0.999968701, 1.3760193e-005, -0.999999995, 0.000100555978, 0, 0, 0, 0, 0, 0, 0, 0.177946094, -0.206278296, -0.160020776, -0.0436923669, 0.782114204, -0.621474718, -0.543212891, 0.503417969, 0.671875, 0.838446725, 0.366908851, 0.403086043, 0, 0, 0, 0, 0, 0, 0, 0.250761377, -0.172732227, -0.122801855, -0.0861108481, 0.0876915039, -0.992312141, 0.627685547, -0.768676758, -0.122314453, -0.773614955, -0.633464081, 0.0110819386, 3, 1, 
166.232373, 0.1, 0.1, 0.109422061, 0.18213844, -0.0199544697, 0.9999687, 2.65056991e-005, 0.00791194387, -0.00791194149, -8.89681938e-005, 0.999968696, 2.72087807e-005, -0.999999996, -8.87556975e-005, 0.9999687, -2.23401106e-006, 0.00791194766, -0.0079119478, -6.98366917e-005, 0.999968698, -1.68139688e-006, -0.999999998, -6.98521812e-005, 0, 0, 0, 0, 0, 0, 0, 0.177946094, -0.206278296, -0.160020776, -0.0436923669, 0.782114204, -0.621474718, -0.543212891, 0.503417969, 0.671875, 0.838446725, 0.366908851, 0.403086043, 0, 0, 0, 0, 0, 0, 0, 0.250761377, -0.172732227, -0.122801855, -0.0861108481, 0.0876915039, -0.992312141, 0.627685547, -0.768676758, -0.122314453, -0.773614955, -0.633464081, 0.0110819386, 3, 1, 
166.233261, 0.1, 0.1, 0.10942206, 0.182138435, -0.0199579096, 0.999968701, -5.05062023e-005, 0.00791170136, -0.0079116983, 6.05867627e-005, 0.9999687, -5.09839658e-005, -0.999999997, 6.01852765e-005, 0.999968701, -3.07580207e-005, 0.00791175144, -0.00791175064, 2.60238923e-005, 0.999968701, -3.09629526e-005, -0.999999999, 2.5779728e-005, 0, 0, 0, 0, 0, 0, 0, 0.177946094, -0.206278296, -0.160020776, -0.0436923669, 0.782114204, -0.621474718, -0.543212891, 0.503417969, 0.671875, 0.838446725, 0.366908851, 0.403086043, 0, 0, 0, 0, 0, 0, 0, 0.250761377, -0.172732227, -0.122801855, -0.0861108481, 0.0876915039, -0.992312141, 0.627685547, -0.768676758, -0.122314453, -0.773614955, -0.633464081, 0.0110819386, 3, 1, 
166.234113, 0.1, 0.1, 0.109422057, 0.182138446, -0.0199626615, 0.999968701, 3.94534095e-005, 0.00791168165, -0.00791168075, -2.28842987e-005, 0.999968702, 3.9633228e-005, -0.999999999, -2.25714397e-005, 0.999968703, 1.83931148e-005, 0.00791161227, -0.00791161269, 2.26789673e-005, 0.999968702, 1.8213112e-005, -1, 2.28237767e-005, 0, 0, 0, 0, 0, 0, 0, 0.177946094, -0.206278296, -0.160020776, -0.0436923669, 0.782114204, -0.621474718, -0.543212891, 0.503417969, 0.671875, 0.838446725, 0.366908851, 0.403086043, 0, 0, 0, 0, 0, 0, 0, 0.250761377, -0.172732227, -0.122801855, -0.0861108481, 0.0876915039, -0.992312141, 0.627685547, -0.768676758, -0.122314453, -0.773614955, -0.633464081, 0.0110819386, 3, 1, 
166.235029, 0.1, 0.1, 0.109422059, 0.182138434, -0.0199671234, 0.999968695, -3.39724983e-005, 0.00791248587, -0.00791248638, -1.50300469e-005, 0.999968696, -3.38525098e-005, -0.999999999, -1.52983833e-005, 0.999968698, -1.31438537e-005, 0.00791220721, -0.00791220787, -5.035879e-005, 0.999968697, -1.27449931e-005, -0.999999999, -5.04612106e-005, 0, 0, 0, 0, 0, 0, 0, 0.177946094, -0.206278296, -0.160020776, -0.0463852858, 0.778919537, -0.625344859, -0.549804687, 0.502685547, 0.666992188, 0.833929564, 0.374830352, 0.405182117, 0, 0, 0, 0, 0, 0, 0, 0.250761377, -0.172732227, -0.122801855, -0.0861108481, 0.0876915039, -0.992312141, 0.627685547, -0.768676758, -0.122314453, -0.773614955, -0.633464081, 0.0110819386, 3, 1, 
166.235904, 0.1, 0.1, 0.109422059, 0.182138447, -0.0199684346, 0.999968681, 4.5199991e-005, 0.00791417347, -0.00791417535, 4.14693851e-005, 0.999968682, 4.48703795e-005, -0.999999998, 4.1825807e-005, 0.999968685, 2.67204626e-005, 0.00791378684, -0.0079137884, 5.88001773e-005, 0.999968684, 2.62542937e-005, -0.999999998, 5.90097961e-005, 0, 0, 0, 0, 0, 0, 0, 0.179580664, -0.206194214, -0.158872729, -0.0463852858, 0.778919537, -0.625344859, -0.549804687, 0.502685547, 0.666992188, 0.833929564, 0.374830352, 0.405182117, 0, 0, 0, 0, 0, 0, 0, 0.251667432, -0.172990283, -0.121957227, -0.0831075244, 0.0844836564, -0.99286811, 0.630249023, -0.767211914, -0.118041992, -0.77182638, -0.63564238, 0.0105325331, 3, 1, 
166.236752, 0.1, 0.1, 0.109422062, 0.18213844, -0.0199677379, 0.999968663, -3.10414916e-005, 0.00791655876, -0.00791656045, -5.49393629e-005, 0.999968662, -3.06055882e-005, -0.999999998, -5.51833831e-005, 0.999968668, -1.25712105e-005, 0.00791602862, -0.00791602935, -5.87107542e-005, 0.999968666, -1.21060605e-005, -0.999999998, -5.88084287e-005, 0, 0, 0, 0, 0, 0, 0, 0.179580664, -0.206194214, -0.158872729, -0.0463852858, 0.778919537, -0.625344859, -0.549804687, 0.502685547, 0.666992188, 0.833929564, 0.374830352, 0.405182117, 0, 0, 0, 0, 0, 0, 0, 0.251667432, -0.172990283, -0.121957227, -0.0831075244, 0.0844836564, -0.99286811, 0.630249023, -0.767211914, -0.118041992, -0.77182638, -0.63564238, 0.0105325331, 3, 1, 
166.237653, 0.1, 0.1, 0.109422062, 0.182138448, -0.0199648015, 0.999968638, 4.76492573e-005, 0.00791968006, -0.00791968359, 7.44785293e-005, 0.999968636, 4.70579167e-005, -0.999999996, 7.48535605e-005, 0.999968643, 3.01473047e-005, 0.00791905541, -0.00791905738, 6.58278619e-005, 0.999968642, 2.96250648e-005, -0.999999997, 6.6064536e-005, 0, 0, 0, 0, 0, 0, 0, 0.179580664, -0.206194214, -0.158872729, -0.0463852858, 0.778919537, -0.625344859, -0.549804687, 0.502685547, 0.666992188, 0.833929564, 0.374830352, 0.405182117, 0, 0, 0, 0, 0, 0, 0, 0.251667432, -0.172990283, -0.121957227, -0.0831075244, 0.0844836564, -0.99286811, 0.630249023, -0.767211914, -0.118041992, -0.77182638, -0.63564238, 0.0105325331, 3, 1, 
166.238526, 0.1, 0.1, 0.109422064, 0.182138448, -0.0199609029, 0.999968613, -4.77021719e-005, 0.00792282835, -0.00792283197, -7.60161044e-005, 0.999968611, -4.7098412e-005, -0.999999996, -7.63916548e-005, 0.999968618, -2.5759071e-005, 0.00792225185, -0.00792225301, -4.52457056e-005, 0.999968617, -2.53998147e-005, -0.999999999, -4.54483556e-005, 0, 0, 0, 0, 0, 0, 0, 0.179580664, -0.206194214, -0.158872729, -0.0463852858, 0.778919537, -0.625344859, -0.549804687, 0.502685547, 0.666992188, 0.833929564, 0.374830352, 0.405182117, 0, 0, 0, 0, 0, 0, 0, 0.251667432, -0.172990283, -0.121957227, -0.0831075244, 0.0844836564, -0.99286811, 0.630249023, -0.767211914, -0.118041992, -0.77182638, -0.63564238, 0.0105325331, 3, 1, 
166.239398, 0.1, 0.1, 0.10942206, 0.182138437, -0.019957659, 0.999968592, 3.72888621e-005, 0.00792546934, -0.00792547044, 2.94008948e-005, 0.999968593, 3.70546751e-005, -0.999999999, 2.96955031e-005, 0.999968596, 1.72016559e-005, 0.00792506222, -0.00792506183, -2.28387881e-005, 0.999968596, 1.73821145e-005, -1, -2.27017467e-005, 0, 0, 0, 0, 0, 0, 0, 0.179580664, -0.206194214, -0.158872729, -0.0463852858, 0.778919537, -0.625344859, -0.549804687, 0.502685547, 0.666992188, 0.833929564, 0.374830352, 0.405182117, 0, 0, 0, 0, 0, 0, 0, 0.251667432, -0.172990283, -0.121957227, -0.0831075244, 0.0844836564, -0.99286811, 0.630249023, -0.767211914, -0.118041992, -0.77182638, -0.63564238, 0.0105325331, 3, 1, 
166.240337, 0.1, 0.1, 0.109422061, 0.182138455, -0.0199552973, 0.999968581, -1.6142412e-005, 0.0079269526, -0.00792695227, 2.03749076e-005, 0.999968581, -1.63034158e-005, -1, 2.02463074e-005, 0.999968582, -2.18154908e-005, 0.00792678639, -0.00792678508, 5.92802393e-005, 0.999968581, -2.22847072e-005, -0.999999998, 5.91054502e-005, 0, 0, 0, 0, 0, 0, 0, 0.180736646, -0.205755664, -0.159101465, -0.0498386795, 0.77850279, -0.625490513, -0.553100586, 0.5, 0.666381836, 0.831633913, 0.379222076, 0.405823146, 0, 0, 0, 0, 0, 0, 0, 0.252432373, -0.173145313, -0.121748877, -0.0821680279, 0.0827071085, -0.993123673, 0.632324219, -0.765869141, -0.116088867, -0.770254723, -0.637424758, 0.010628415, 3, 1, 
166.241187, 0.1, 0.1, 0.109422059, 0.18213844, -0.0199558223, 0.999968573, -3.32340877e-005, 0.00792786229, -0.00792786425, -5.93468105e-005, 0.999968572, -3.27625499e-005, -0.999999998, -5.96084208e-005, 0.999968576, -2.47409018e-005, 0.00792762602, -0.00792762801, -8.17079118e-005, 0.999968573, -2.40923745e-005, -0.999999996, -8.19014809e-005, 0, 0, 0, 0, 0, 0, 0, 0.180736646, -0.205755664, -0.159101465, -0.0498386795, 0.77850279, -0.625490513, -0.553100586, 0.5, 0.666381836, 0.831633913, 0.379222076, 0.405823146, 0, 0, 0, 0, 0, 0, 0, 0.252432373, -0.173145313, -0.121748877, -0.0821680279, 0.0827071085, -0.993123673, 0.632324219, -0.765869141, -0.116088867, -0.770254723, -0.637424758, 0.010628415, 3, 1, 
166.24206, 0.1, 0.1, 0.109422057, 0.182138453, -0.0199588994, 0.999968564, -2.07660643e-005, 0.00792911313, -0.00792911143, 8.03898544e-005, 0.999968561, -2.14028317e-005, -0.999999997, 8.02226708e-005, 0.999968566, 2.04332122e-006, 0.00792890433, -0.00792890448, 8.26987742e-005, 0.999968562, 1.38754632e-006, -0.999999997, 8.27123759e-005, 0, 0, 0, 0, 0, 0, 0, 0.180736646, -0.205755664, -0.159101465, -0.0498386795, 0.77850279, -0.625490513, -0.553100586, 0.5, 0.666381836, 0.831633913, 0.379222076, 0.405823146, 0, 0, 0, 0, 0, 0, 0, 0.252432373, -0.173145313, -0.121748877, -0.0821680279, 0.0827071085, -0.993123673, 0.632324219, -0.765869141, -0.116088867, -0.770254723, -0.637424758, 0.010628415, 3, 1, 
166.242995, 0.1, 0.1, 0.109422056, 0.182138449, -0.0199625599, 0.999968559, 8.99523579e-006, 0.00792978441, -0.00792978369, -7.69464621e-005, 0.999968556, 9.6051218e-006, -0.999999997, -7.68727125e-005, 0.99996856, 1.54759265e-005, 0.00792961206, -0.00792961113, -5.91330324e-005, 0.999968558, 1.59443419e-005, -0.999999998, -5.90084552e-005, 0, 0, 0, 0, 0, 0, 0, 0.180736646, -0.205755664, -0.159101465, -0.0498386795, 0.77850279, -0.625490513, -0.553100586, 0.5, 0.666381836, 0.831633913, 0.379222076, 0.405823146, 0, 0, 0, 0, 0, 0, 0, 0.252432373, -0.173145313, -0.121748877, -0.0821680279, 0.0827071085, -0.993123673, 0.632324219, -0.765869141, -0.116088867, -0.770254723, -0.637424758, 0.010628415, 3, 1, 
166.243851, 0.1, 0.1, 0.109422057, 0.182138445, -0.0199651084, 0.999968551, 2.7943791e-005, 0.00793068895, -0.00793069026, 4.73955727e-005, 0.99996855, 2.75670327e-005, -0.999999998, 4.76156957e-005, 0.999968553, 1.92245903e-005, 0.00793050049, -0.00793050082, 1.71605195e-005, 0.999968553, 1.90878942e-005, -1, 1.73124405e-005, 0, 0, 0, 0, 0, 0, 0, 0.180736646, -0.205755664, -0.159101465, -0.0498386795, 0.77850279, -0.625490513, -0.553100586, 0.5, 0.666381836, 0.831633913, 0.379222076, 0.405823146, 0, 0, 0, 0, 0, 0, 0, 0.252432373, -0.173145313, -0.121748877, -0.0821680279, 0.0827071085, -0.993123673, 0.632324219, -0.765869141, -0.116088867, -0.770254723, -0.637424758, 0.010628415, 3, 1, 
166.244829, 0.1, 0.1, 0.109422052, 0.182138452, -0.019965671, 0.999968547, -4.43867287e-005, 0.00793113655, -0.00793113837, -4.09445124e-005, 0.999968547, -4.40605961e-005, -0.999999998, -4.12952618e-005, 0.999968547, -4.48842889e-005, 0.00793115978, -0.00793115948, 6.72819699e-006, 0.999968548, -4.49362396e-005, -0.999999999, 6.37200091e-006, 0, 0, 0, 0, 0, 0, 0, 0.181265381, -0.205428052, -0.160080713, -0.0525866429, 0.780527349, -0.622799838, -0.552978516, 0.496582031, 0.669067383, 0.831451188, 0.379519377, 0.405644169, 0, 0, 0, 0, 0, 0, 0, 0.252432373, -0.173145313, -0.121748877, -0.0832923585, 0.0832499508, -0.993027791, 0.633789063, -0.764526367, -0.1171875, -0.768899982, -0.6390861, 0.010883978, 3, 1, 
166.245675, 0.1, 0.1, 0.109422058, 0.18213844, -0.0199642312, 0.999968552, 6.38204109e-005, 0.0079304127, -0.0079304118, -1.42568762e-005, 0.999968554, 6.39314669e-005, -0.999999998, -1.37503057e-005, 0.99996855, 5.69357685e-005, 0.0079306429, -0.0079306402, -4.74648718e-005, 0.999968551, 5.73104049e-005, -0.999999997, -4.70118419e-005, 0, 0, 0, 0, 0, 0, 0, 0.181265381, -0.205428052, -0.160080713, -0.0525866429, 0.780527349, -0.622799838, -0.552978516, 0.496582031, 0.669067383, 0.831451188, 0.379519377, 0.405644169, 0, 0, 0, 0, 0, 0, 0, 0.252832959, -0.173144336, -0.122183643, -0.0832923585, 0.0832499508, -0.993027791, 0.633789063, -0.764526367, -0.1171875, -0.768899982, -0.6390861, 0.010883978, 3, 1, 
166.246548, 0.1, 0.1, 0.109422059, 0.182138456, -0.0199620912, 0.999968568, -3.1740178e-005, 0.00792857583, -0.00792857406, 5.56879348e-005, 0.999968567, -3.21807063e-005, -0.999999998, 5.54345301e-005, 0.999968565, -2.59235146e-005, 0.00792898821, -0.00792898623, 7.53898556e-005, 0.999968562, -2.65204649e-005, -0.999999997, 7.51819385e-005, 0, 0, 0, 0, 0, 0, 0, 0.181265381, -0.205428052, -0.160080713, -0.0525866429, 0.780527349, -0.622799838, -0.552978516, 0.496582031, 0.669067383, 0.831451188, 0.379519377, 0.405644169, 0, 0, 0, 0, 0, 0, 0, 0.252832959, -0.173144336, -0.122183643, -0.0832923585, 0.0832499508, -0.993027791, 0.633789063, -0.764526367, -0.1171875, -0.768899982, -0.6390861, 0.010883978, 3, 1, 
166.247435, 0.1, 0.1, 0.109422058, 0.182138446, -0.0199601598, 0.999968585, -1.63403134e-005, 0.00792644284, -0.00792644398, -7.0945312e-005, 0.999968583, -1.57774561e-005, -0.999999997, -7.10726039e-005, 0.999968583, 3.17907938e-006, 0.00792678771, -0.00792678745, -7.56597693e-005, 0.99996858, 3.77871842e-006, -0.999999997, -7.56321924e-005, 0, 0, 0, 0, 0, 0, 0, 0.182102295, -0.205267529, -0.161646924, -0.0580443776, 0.78358684, -0.618459411, -0.552734375, 0.490600586, 0.673583984, 0.831326873, 0.38088868, 0.404956712, 0, 0, 0, 0, 0, 0, 0, 0.253422119, -0.172926953, -0.122594971, -0.0850747365, 0.0838438324, -0.992740145, 0.635742188, -0.762695313, -0.118896484, -0.767123434, -0.64123305, 0.0116506671, 3, 1, 
166.248275, 0.1, 0.1, 0.109422059, 0.182138452, -0.0199593159, 0.999968596, 2.14707107e-005, 0.00792511412, -0.00792511582, 8.02211574e-005, 0.999968593, 2.08342745e-005, -0.999999997, 8.03887959e-005, 0.999968593, 2.65067328e-005, 0.0079253796, -0.00792538135, 6.67665077e-005, 0.999968591, 2.59767503e-005, -0.999999997, 6.69744868e-005, 0, 0, 0, 0, 0, 0, 0, 0.182102295, -0.205267529, -0.161646924, -0.0580443776, 0.78358684, -0.618459411, -0.552734375, 0.490600586, 0.673583984, 0.831326873, 0.38088868, 0.404956712, 0, 0, 0, 0, 0, 0, 0, 0.253422119, -0.172926953, -0.122594971, -0.0850747365, 0.0838438324, -0.992740145, 0.635742188, -0.762695313, -0.118896484, -0.767123434, -0.64123305, 0.0116506671, 3, 1, 
166.249122, 0.1, 0.1, 0.109422051, 0.182138455, -0.0199599286, 0.999968609, -3.29295351e-005, 0.00792337853, -0.00792338056, -6.19510835e-005, 0.999968608, -3.24376395e-005, -0.999999998, -6.2210052e-005, 0.999968605, -4.88436863e-005, 0.00792380557, -0.00792380707, -3.05491913e-005, 0.999968606, -4.8600087e-005, -0.999999998, -3.09352601e-005, 0, 0, 0, 0, 0, 0, 0, 0.182102295, -0.205267529, -0.161646924, -0.0580443776, 0.78358684, -0.618459411, -0.552734375, 0.490600586, 0.673583984, 0.831326873, 0.38088868, 0.404956712, 0, 0, 0, 0, 0, 0, 0, 0.253422119, -0.172926953, -0.122594971, -0.0850747365, 0.0838438324, -0.992740145, 0.635742188, -0.762695313, -0.118896484, -0.767123434, -0.64123305, 0.0116506671, 3, 1, 
166.249965, 0.1, 0.1, 0.109422063, 0.182138446, -0.0199616839, 0.999968629, 6.74605717e-005, 0.00792064371, -0.00792064526, 2.27370802e-005, 0.999968631, 6.72783632e-005, -0.999999997, 2.32706982e-005, 0.999968624, 7.51326482e-005, 0.00792125538, -0.00792125376, -2.18671039e-005, 0.999968626, 7.5303506e-005, -0.999999997, -2.1271273e-005, 0, 0, 0, 0, 0, 0, 0, 0.182102295, -0.205267529, -0.161646924, -0.0580443776, 0.78358684, -0.618459411, -0.552734375, 0.490600586, 0.673583984, 0.831326873, 0.38088868, 0.404956712, 0, 0, 0, 0, 0, 0, 0, 0.253422119, -0.172926953, -0.122594971, -0.0850747365, 0.0838438324, -0.992740145, 0.635742188, -0.762695313, -0.118896484, -0.767123434, -0.64123305, 0.0116506671, 3, 1, 
166.250807, 0.1, 0.1, 0.109422056, 0.182138458, -0.0199638832, 0.999968657, -8.40700295e-005, 0.00791699576, -0.00791699487, 1.09415712e-005, 0.99996866, -8.41540191e-005, -0.999999996, 1.02756463e-005, 0.999968651, -6.92925776e-005, 0.00791779684, -0.00791779397, 4.16482253e-005, 0.999968653, -6.96201676e-005, -0.999999997, 4.10982753e-005, 0, 0, 0, 0, 0, 0, 0, 0.182102295, -0.205267529, -0.161646924, -0.0580443776, 0.78358684, -0.618459411, -0.552734375, 0.490600586, 0.673583984, 0.831326873, 0.38088868, 0.404956712, 0, 0, 0, 0, 0, 0, 0, 0.253422119, -0.172926953, -0.122594971, -0.0850747365, 0.0838438324, -0.992740145, 0.635742188, -0.762695313, -0.118896484, -0.767123434, -0.64123305, 0.0116506671, 3, 1, 
166.251642, 0.1, 0.1, 0.109422049, 0.182138445, -0.0199657813, 0.999968694, 3.01941231e-005, 0.00791262506, -0.00791262343, -5.3472756e-005, 0.999968693, 3.06162877e-005, -0.999999998, -5.32321673e-005, 0.999968687, 3.45943327e-006, 0.00791354312, -0.00791354286, -6.93924447e-005, 0.999968685, 4.00846504e-006, -0.999999998, -6.93628955e-005, 0, 0, 0, 0, 0, 0, 0, 0.182102295, -0.205267529, -0.161646924, -0.0580443776, 0.78358684, -0.618459411, -0.552734375, 0.490600586, 0.673583984, 0.831326873, 0.38088868, 0.404956712, 0, 0, 0, 0, 0, 0, 0, 0.253422119, -0.172926953, -0.122594971, -0.0850747365, 0.0838438324, -0.992740145, 0.635742188, -0.762695313, -0.118896484, -0.767123434, -0.64123305, 0.0116506671, 3, 1, 
166.252523, 0.1, 0.1, 0.109422053, 0.182138454, -0.0199662453, 0.999968736, -3.33920421e-005, 0.00790737417, -0.00790737226, 5.70471839e-005, 0.999968735, -3.38420915e-005, -0.999999998, 5.6781357e-005, 0.999968728, 3.55682294e-006, 0.00790840536, -0.00790840556, 6.07909178e-005, 0.999968726, 3.07595249e-006, -0.999999998, 6.08171456e-005, 0, 0, 0, 0, 0, 0, 0, 0.182459302, -0.20512373, -0.162563916, -0.0597896096, 0.786442266, -0.614613236, -0.552734375, 0.486694336, 0.676513672, 0.831232515, 0.380189241, 0.405830641, 0, 0, 0, 0, 0, 0, 0, 0.253531348, -0.172832959, -0.123246387, -0.0871575201, 0.0857093325, -0.992510102, 0.63684082, -0.761230469, -0.121704102, -0.765992174, -0.642632633, 0.0117975883, 3, 1, 
166.253365, 0.1, 0.1, 0.109422043, 0.18213845, -0.0199655698, 0.999968779, -5.30597565e-006, 0.00790191834, -0.00790191867, -6.49333865e-005, 0.999968777, -4.79271167e-006, -0.999999998, -6.49732866e-005, 0.99996877, -3.70500184e-005, 0.00790303121, -0.00790303324, -5.5012151e-005, 0.999968769, -3.66140986e-005, -0.999999998, -5.53032405e-005, 0, 0, 0, 0, 0, 0, 0, 0.182459302, -0.20512373, -0.162563916, -0.0597896096, 0.786442266, -0.614613236, -0.552734375, 0.486694336, 0.676513672, 0.831232515, 0.380189241, 0.405830641, 0, 0, 0, 0, 0, 0, 0, 0.253531348, -0.172832959, -0.123246387, -0.0871575201, 0.0857093325, -0.992510102, 0.63684082, -0.761230469, -0.121704102, -0.765992174, -0.642632633, 0.0117975883, 3, 1, 
166.254205, 0.1, 0.1, 0.109422058, 0.182138449, -0.0199642117, 0.999968824, 5.65535619e-005, 0.00789601168, -0.00789601501, 5.88875603e-005, 0.999968824, 5.6086822e-005, -0.999999997, 5.93322722e-005, 0.999968814, 7.48072052e-005, 0.00789722358, -0.00789722598, 3.18280133e-005, 0.999968816, 7.45535194e-005, -0.999999997, 3.24177901e-005, 0, 0, 0, 0, 0, 0, 0, 0.182459302, -0.20512373, -0.162563916, -0.0597896096, 0.786442266, -0.614613236, -0.552734375, 0.486694336, 0.676513672, 0.831232515, 0.380189241, 0.405830641, 0, 0, 0, 0, 0, 0, 0, 0.253531348, -0.172832959, -0.123246387, -0.0871575201, 0.0857093325, -0.992510102, 0.63684082, -0.761230469, -0.121704102, -0.765992174, -0.642632633, 0.0117975883, 3, 1, 
166.255054, 0.1, 0.1, 0.109422051, 0.182138457, -0.0199626193, 0.999968875, -5.0935012e-005, 0.00788960608, -0.00788960777, -3.30915265e-005, 0.999968876, -5.06723476e-005, -0.999999998, -3.34923538e-005, 0.999968865, -5.58550562e-005, 0.00789090372, -0.0078909031, 1.13223132e-005, 0.999968866, -5.59426605e-005, -0.999999998, 1.08812139e-005, 0, 0, 0, 0, 0, 0, 0, 0.182459302, -0.20512373, -0.162563916, -0.0597896096, 0.786442266, -0.614613236, -0.552734375, 0.486694336, 0.676513672, 0.831232515, 0.380189241, 0.405830641, 0, 0, 0, 0, 0, 0, 0, 0.253531348, -0.172832959, -0.123246387, -0.0871575201, 0.0857093325, -0.992510102, 0.63684082, -0.761230469, -0.121704102, -0.765992174, -0.642632633, 0.0117975883, 3, 1, 
166.255904, 0.1, 0.1, 0.109422052, 0.182138445, -0.0199613215, 0.999968929, 1.10667142e-005, 0.00788289858, -0.00788289843, -1.30013451e-005, 0.999968929, 1.11688587e-005, -1, -1.29137033e-005, 0.999968919, 2.2577825e-005, 0.00788422861, -0.00788422751, -4.83938903e-005, 0.999968918, 2.29586717e-005, -0.999999999, -4.82143774e-005, 0, 0, 0, 0, 0, 0, 0, 0.182459302, -0.20512373, -0.162563916, -0.0597896096, 0.786442266, -0.614613236, -0.552734375, 0.486694336, 0.676513672, 0.831232515, 0.380189241, 0.405830641, 0, 0, 0, 0, 0, 0, 0, 0.253531348, -0.172832959, -0.123246387, -0.0871575201, 0.0857093325, -0.992510102, 0.63684082, -0.761230469, -0.121704102, -0.765992174, -0.642632633, 0.0117975883, 3, 1, 
166.256764, 0.1, 0.1, 0.10942205, 0.182138461, -0.0199607239, 0.999968977, 3.06258079e-005, 0.0078767635, -0.00787676512, 5.3194529e-005, 0.999968976, 3.0205857e-005, -0.999999998, 5.3434111e-005, 0.999968968, -3.42111808e-006, 0.0078779869, -0.00787798662, 7.57528429e-005, 0.999968965, -4.01779181e-006, -0.999999997, 7.57235406e-005, 0, 0, 0, 0, 0, 0, 0, 0.182459302, -0.20512373, -0.162563916, -0.0623035513, 0.787991669, -0.612480093, -0.555053711, 0.482666016, 0.677368164, 0.829406029, 0.382168495, 0.407593848, 0, 0, 0, 0, 0, 0, 0, 0.253531348, -0.172832959, -0.123246387, -0.0871575201, 0.0857093325, -0.992510102, 0.63684082, -0.761230469, -0.121704102, -0.765992174, -0.642632633, 0.0117975883, 3, 1, 
166.257622, 0.1, 0.1, 0.109422055, 0.182138451, -0.0199606133, 0.999969012, -1.87706587e-005, 0.0078723882, -0.00787238953, -7.19710779e-005, 0.99996901, -1.82034928e-005, -0.999999997, -7.21166176e-005, 0.999969007, -3.47097135e-006, 0.00787311201, -0.00787311225, -7.59447783e-005, 0.999969004, -2.87294202e-006, -0.999999997, -7.59697518e-005, 0, 0, 0, 0, 0, 0, 0, 0.183441479, -0.204815283, -0.162896021, -0.0623035513, 0.787991669, -0.612480093, -0.555053711, 0.482666016, 0.677368164, 0.829406029, 0.382168495, 0.407593848, 0, 0, 0, 0, 0, 0, 0, 0.254155176, -0.17259043, -0.12367627, -0.0882818507, 0.0864822182, -0.992267299, 0.638305664, -0.759887695, -0.122924805, -0.764637433, -0.644147055, 0.011823108, 3, 1, 
166.25847, 0.1, 0.1, 0.109422058, 0.182138456, -0.0199614276, 0.999969036, 3.48662843e-005, 0.00786925086, -0.00786925345, 7.4724658e-005, 0.999969034, 3.42771775e-005, -0.999999997, 7.49967159e-005, 0.999969032, 3.64868096e-005, 0.00786984896, -0.00786985119, 6.13738594e-005, 0.99996903, 3.60026766e-005, -0.999999997, 6.16591045e-005, 0, 0, 0, 0, 0, 0, 0, 0.183441479, -0.204815283, -0.162896021, -0.0623035513, 0.787991669, -0.612480093, -0.555053711, 0.482666016, 0.677368164, 0.829406029, 0.382168495, 0.407593848, 0, 0, 0, 0, 0, 0, 0, 0.254155176, -0.17259043, -0.12367627, -0.0882818507, 0.0864822182, -0.992267299, 0.638305664, -0.759887695, -0.122924805, -0.764637433, -0.644147055, 0.011823108, 3, 1, 
166.259308, 0.1, 0.1, 0.109422056, 0.182138459, -0.0199628827, 0.999969062, -5.99487152e-006, 0.00786607146, -0.00786607177, -5.36544254e-005, 0.999969061, -5.5726365e-006, -0.999999999, -5.36999216e-005, 0.999969056, -2.0991076e-005, 0.00786676452, -0.00786676505, -2.50585753e-005, 0.999969056, -2.07932966e-005, -0.999999999, -2.52229318e-005, 0, 0, 0, 0, 0, 0, 0, 0.183441479, -0.204815283, -0.162896021, -0.0623035513, 0.787991669, -0.612480093, -0.555053711, 0.482666016, 0.677368164, 0.829406029, 0.382168495, 0.407593848, 0, 0, 0, 0, 0, 0, 0, 0.254155176, -0.17259043, -0.12367627, -0.0882818507, 0.0864822182, -0.992267299, 0.638305664, -0.759887695, -0.122924805, -0.764637433, -0.644147055, 0.011823108, 3, 1, 
166.260166, 0.1, 0.1, 0.109422062, 0.182138452, -0.0199641969, 0.999969091, -3.63978672e-006, 0.00786232216, -0.00786232205, 2.90421471e-005, 0.999969091, -3.86801294e-006, -1, 2.90126323e-005, 0.999969085, 2.3600479e-005, 0.00786305641, -0.00786305607, -1.48309869e-005, 0.999969086, 2.37163663e-005, -1, -1.46449565e-005, 0, 0, 0, 0, 0, 0, 0, 0.183441479, -0.204815283, -0.162896021, -0.0623035513, 0.787991669, -0.612480093, -0.555053711, 0.482666016, 0.677368164, 0.829406029, 0.382168495, 0.407593848, 0, 0, 0, 0, 0, 0, 0, 0.253912891, -0.173419434, -0.123899512, -0.087956292, 0.0867381478, -0.992267299, 0.636108398, -0.76171875, -0.122924805, -0.766567099, -0.641910787, 0.011823108, 3, 1, 
166.26101, 0.1, 0.1, 0.109422062, 0.182138465, -0.0199651177, 0.999969116, 2.93050188e-005, 0.00785914775, -0.00785914828, 1.7901672e-005, 0.999969116, 2.91634219e-005, -0.999999999, 1.81314316e-005, 0.999969112, 1.94436248e-005, 0.00785969157, -0.0078596925, 4.83234765e-005, 0.999969111, 1.90632166e-005, -0.999999999, 4.84748048e-005, 0, 0, 0, 0, 0, 0, 0, 0.183441479, -0.204815283, -0.162896021, -0.0623035513, 0.787991669, -0.612480093, -0.555053711, 0.482666016, 0.677368164, 0.829406029, 0.382168495, 0.407593848, 0, 0, 0, 0, 0, 0, 0, 0.253912891, -0.173419434, -0.123899512, -0.087956292, 0.0867381478, -0.992267299, 0.636108398, -0.76171875, -0.122924805, -0.766567099, -0.641910787, 0.011823108, 3, 1, 
166.261873, 0.1, 0.1, 0.109422059, 0.182138454, -0.019965182, 0.999969131, -3.93246365e-005, 0.00785720569, -0.0078572073, -4.10347727e-005, 0.999969131, -3.90010039e-005, -0.999999998, -4.13424878e-005, 0.999969129, -3.80216584e-005, 0.00785750678, -0.00785750901, -5.87699798e-005, 0.999969128, -3.7558699e-005, -0.999999998, -5.9066921e-005, 0, 0, 0, 0, 0, 0, 0, 0.183543555, -0.206476611, -0.162140137, -0.05598874, 0.786251306, -0.615240039, -0.55456543, 0.487915039, 0.674072266, 0.830259741, 0.378983567, 0.408896124, 0, 0, 0, 0, 0, 0, 0, 0.253912891, -0.173419434, -0.123899512, -0.087956292, 0.0867381478, -0.992267299, 0.636108398, -0.76171875, -0.122924805, -0.766567099, -0.641910787, 0.011823108, 3, 1, 
166.262708, 0.1, 0.1, 0.109422065, 0.182138464, -0.0199644472, 0.999969137, 6.38669147e-005, 0.00785628456, -0.0078562886, 6.3151609e-005, 0.999969137, 6.33688065e-005, -0.999999996, 6.36514169e-005, 0.999969136, 5.61116998e-005, 0.00785640454, -0.00785640834, 6.78753323e-005, 0.999969136, 5.55767119e-005, -0.999999996, 6.83140738e-005, 0, 0, 0, 0, 0, 0, 0, 0.183543555, -0.206476611, -0.162140137, -0.05598874, 0.786251306, -0.615240039, -0.55456543, 0.487915039, 0.674072266, 0.830259741, 0.378983567, 0.408896124, 0, 0, 0, 0, 0, 0, 0, 0.253912891, -0.173419434, -0.123899512, -0.087956292, 0.0867381478, -0.992267299, 0.636108398, -0.76171875, -0.122924805, -0.766567099, -0.641910787, 0.011823108, 3, 1, 
166.263549, 0.1, 0.1, 0.109422063, 0.18213846, -0.0199634078, 0.999969138, -7.29424256e-005, 0.00785607774, -0.00785608281, -6.94193287e-005, 0.999969138, -7.23948108e-005, -0.999999995, -6.9990228e-005, 0.99996914, -4.29371257e-005, 0.00785604106, -0.00785604357, -5.85758924e-005, 0.999969139, -4.2475626e-005, -0.999999997, -5.89114007e-005, 0, 0, 0, 0, 0, 0, 0, 0.183543555, -0.206476611, -0.162140137, -0.05598874, 0.786251306, -0.615240039, -0.55456543, 0.487915039, 0.674072266, 0.830259741, 0.378983567, 0.408896124, 0, 0, 0, 0, 0, 0, 0, 0.253912891, -0.173419434, -0.123899512, -0.087956292, 0.0867381478, -0.992267299, 0.636108398, -0.76171875, -0.122924805, -0.766567099, -0.641910787, 0.011823108, 3, 1, 
166.264431, 0.1, 0.1, 0.109422052, 0.182138457, -0.0199619996, 0.999969136, 2.46689533e-005, 0.0078565593, -0.00785656056, 5.13439424e-005, 0.999969135, 2.42648052e-005, -0.999999998, 5.15361708e-005, 0.999969138, -2.16093381e-005, 0.00785639411, -0.00785639351, 2.7619712e-005, 0.999969138, -2.18256625e-005, -0.999999999, 2.74490882e-005, 0, 0, 0, 0, 0, 0, 0, 0.183568701, -0.207723193, -0.161426733, -0.0554622869, 0.78358684, -0.618705415, -0.555297852, 0.490844727, 0.671264648, 0.829681991, 0.38088868, 0.408085474, 0, 0, 0, 0, 0, 0, 0, 0.253896045, -0.174224902, -0.123652344, -0.0880138945, 0.0844508404, -0.992445936, 0.635253906, -0.762573242, -0.12121582, -0.767186867, -0.641169251, 0.0135227304, 3, 1, 
166.265275, 0.1, 0.1, 0.109422064, 0.182138463, -0.0199609426, 0.999969127, 1.6203071e-005, 0.00785773836, -0.00785773796, -2.46857016e-005, 0.999969127, 1.63965446e-005, -1, -2.455762e-005, 0.999969129, 4.92143182e-005, 0.00785743928, -0.007857439, -5.89424575e-006, 0.99996913, 4.92591126e-005, -0.999999999, -5.50736528e-006, 0, 0, 0, 0, 0, 0, 0, 0.183568701, -0.207723193, -0.161426733, -0.0554622869, 0.78358684, -0.618705415, -0.555297852, 0.490844727, 0.671264648, 0.829681991, 0.38088868, 0.408085474, 0, 0, 0, 0, 0, 0, 0, 0.253896045, -0.174224902, -0.123652344, -0.0880138945, 0.0844508404, -0.992445936, 0.635253906, -0.762573242, -0.12121582, -0.767186867, -0.641169251, 0.0135227304, 3, 1, 
166.266116, 0.1, 0.1, 0.109422052, 0.182138464, -0.0199607852, 0.999969111, -4.1625562e-005, 0.00785975747, -0.00785975685, 1.49638923e-005, 0.999969112, -4.17418888e-005, -0.999999999, 1.46362633e-005, 0.999969113, -6.2878488e-005, 0.00785932643, -0.00785932519, 1.9962924e-005, 0.999969115, -6.30334412e-005, -0.999999998, 1.94681249e-005, 0, 0, 0, 0, 0, 0, 0, 0.183568701, -0.207723193, -0.161426733, -0.0554622869, 0.78358684, -0.618705415, -0.555297852, 0.490844727, 0.671264648, 0.829681991, 0.38088868, 0.408085474, 0, 0, 0, 0, 0, 0, 0, 0.253896045, -0.174224902, -0.123652344, -0.0880138945, 0.0844508404, -0.992445936, 0.635253906, -0.762573242, -0.12121582, -0.767186867, -0.641169251, 0.0135227304, 3, 1, 
166.266965, 0.1, 0.1, 0.109422065, 0.182138464, -0.0199614828, 0.999969094, 8.55607524e-005, 0.00786153477, -0.0078615355, 8.14365362e-006, 0.999969098, 8.54940867e-005, -0.999999996, 8.81604082e-006, 0.999969096, 8.88857368e-005, 0.00786122618, -0.00786122601, -2.21260141e-006, 0.9999691, 8.8900384e-005, -0.999999996, -1.51378217e-006, 0, 0, 0, 0, 0, 0, 0, 0.183568701, -0.207723193, -0.161426733, -0.0554622869, 0.78358684, -0.618705415, -0.555297852, 0.490844727, 0.671264648, 0.829681991, 0.38088868, 0.408085474, 0, 0, 0, 0, 0, 0, 0, 0.253896045, -0.174224902, -0.123652344, -0.0880138945, 0.0844508404, -0.992445936, 0.635253906, -0.762573242, -0.12121582, -0.767186867, -0.641169251, 0.0135227304, 3, 1, 
166.267803, 0.1, 0.1, 0.109422064, 0.182138464, -0.0199628491, 0.999969084, -5.89591912e-005, 0.00786308818, -0.00786308695, 2.0974837e-005, 0.999969085, -5.91222955e-005, -0.999999998, 2.05105873e-005, 0.999969087, -4.45360797e-005, 0.00786270683, -0.00786270699, -3.26997261e-006, 0.999969088, -4.45089921e-005, -0.999999999, -3.62004567e-006, 0, 0, 0, 0, 0, 0, 0, 0.183568701, -0.207723193, -0.161426733, -0.0554622869, 0.78358684, -0.618705415, -0.555297852, 0.490844727, 0.671264648, 0.829681991, 0.38088868, 0.408085474, 0, 0, 0, 0, 0, 0, 0, 0.253896045, -0.174224902, -0.123652344, -0.0880138945, 0.0844508404, -0.992445936, 0.635253906, -0.762573242, -0.12121582, -0.767186867, -0.641169251, 0.0135227304, 3, 1, 
166.268644, 0.1, 0.1, 0.109422063, 0.182138465, -0.0199643171, 0.999969069, 5.52114266e-005, 0.00786502436, -0.00786502234, -3.68757664e-005, 0.99996907, 5.54997477e-005, -0.999999998, -3.64403867e-005, 0.999969073, 2.91427751e-005, 0.00786465239, -0.00786465178, -2.0999704e-005, 0.999969073, 2.93070291e-005, -0.999999999, -2.07698568e-005, 0, 0, 0, 0, 0, 0, 0, 0.183568701, -0.207723193, -0.161426733, -0.0554622869, 0.78358684, -0.618705415, -0.555297852, 0.490844727, 0.671264648, 0.829681991, 0.38088868, 0.408085474, 0, 0, 0, 0, 0, 0, 0, 0.253896045, -0.174224902, -0.123652344, -0.0880138945, 0.0844508404, -0.992445936, 0.635253906, -0.762573242, -0.12121582, -0.767186867, -0.641169251, 0.0135227304, 3, 1, 
166.269522, 0.1, 0.1, 0.10942207, 0.182138465, -0.0199648314, 0.999969057, -3.21784483e-005, 0.00786664638, -0.00786664478, 4.95716861e-005, 0.999969056, -3.25674155e-005, -0.999999998, 4.93170158e-005, 0.999969059, 1.10642289e-005, 0.00786641945, -0.00786641978, 3.01436927e-005, 0.999969059, 1.08267637e-005, -0.999999999, 3.02297959e-005, 0, 0, 0, 0, 0, 0, 0, 0.183362427, -0.208704419, -0.16065437, -0.0551196806, 0.781791433, -0.621028397, -0.555664062, 0.492675781, 0.669677734, 0.829504135, 0.382038188, 0.407464663, 0, 0, 0, 0, 0, 0, 0, 0.253695996, -0.174840576, -0.123418604, -0.0876369299, 0.0818631274, -0.992707696, 0.635253906, -0.762939453, -0.119018555, -0.767269989, -0.641073002, 0.0148453881, 3, 1, 
166.270371, 0.1, 0.1, 0.109422057, 0.18213847, -0.0199646571, 0.999969052, -2.30062784e-005, 0.00786730581, -0.00786730645, -2.74879787e-005, 0.999969052, -2.27893101e-005, -0.999999999, -2.76681254e-005, 0.999969051, -5.38878337e-005, 0.00786725446, -0.00786725495, -9.01308629e-006, 0.999969053, -5.38152577e-005, -0.999999999, -9.43675667e-006, 0, 0, 0, 0, 0, 0, 0, 0.183362427, -0.208704419, -0.16065437, -0.0551196806, 0.781791433, -0.621028397, -0.555664062, 0.492675781, 0.669677734, 0.829504135, 0.382038188, 0.407464663, 0, 0, 0, 0, 0, 0, 0, 0.253695996, -0.174840576, -0.123418604, -0.0876369299, 0.0818631274, -0.992707696, 0.635253906, -0.762939453, -0.119018555, -0.767269989, -0.641073002, 0.0148453881, 3, 1, 
