time, realDorsalTactorPos, realVentralTactorPos, boxPosX, boxPosY, boxPosZ, boxLocalRot_11, boxLocalRot_12, boxLocalRot_13, boxLocalRot_21, boxLocalRot_22, boxLocalRot_23, boxLocalRot_31, boxLocalRot_32, boxLocalRot_33, boxGlobalRot_11, boxGlobalRot_12, boxGlobalRot_13, boxGlobalRot_21, boxGlobalRot_22, boxGlobalRot_23, boxGlobalRot_31, boxGlobalRot_32, boxGlobalRot_33, indexForceX, indexForceY, indexForceZ, indexForceGlobalX, indexForceGlobalY, indexForceGlobalZ, indexContact, indexPosX, indexPosY, indexPosZ, indexRot_11, indexRot_12, indexRot_13, indexRot_21, indexRot_22, indexRot_23, indexRot_31, indexRot_32, indexRot_33, thumbForceX, thumbForceY, thumbForceZ, thumbForceGlobalX, thumbForceGlobalY, thumbForceGlobalZ, thumbContact, thumbPosX, thumbPosY, thumbPosZ, thumbRot_11, thumbRot_12, thumbRot_13, thumbRot_21, thumbRot_22, thumbRot_23, thumbRot_31, thumbRot_32, thumbRot_33, mapping, trialSuccess, 
160.944683, 0.1, 0.1, 0.109330961, 0.202895027, -0.0199552681, 0.998589315, 0.0530978355, 5.19177192e-006, -0.0530978354, 0.998589315, -1.77889389e-005, -6.12900212e-006, 1.74881724e-005, 1, 0.9985893, 0.0530981098, -2.06058489e-005, -0.05309811, 0.9985893, -1.08105335e-005, 2.00027614e-005, 1.18894147e-005, 1, 0, 0, 0, 0, 0, 0, 0, 0.172731372, -0.0618259766, -0.147675659, -0.0480083448, 0.839736025, -0.540786046, -0.745727539, 0.330078125, 0.578735352, 0.664494906, 0.431072468, 0.61054704, 0, 0, 0, 0, 0, 0, 0, 0.248805518, -0.0308041992, -0.106369238, 0.0537677765, 0.334578718, -0.940766246, 0.52355957, -0.811645508, -0.258666992, -0.850233695, -0.478635343, -0.218920887, 3, 1, 
160.972319, 0.1, 0.1, 0.109330923, 0.202894987, -0.0199576492, 0.998594713, 0.0529961739, 6.71340537e-005, -0.052996176, 0.998594715, 2.96373342e-005, -6.54690459e-005, -3.31535334e-005, 0.999999997, 0.998594692, 0.052996555, 7.37389743e-005, -0.052996556, 0.998594695, 1.20795955e-005, -7.29951716e-005, -1.59705316e-005, 0.999999997, 0, 0, 0, 0, 0, 0, 0, 0.18393689, -0.085024707, -0.145098584, -0.054990012, 0.820782209, -0.568610529, -0.758422852, 0.33605957, 0.558349609, 0.649286558, 0.462006234, 0.604201507, 0, 0, 0, 0, 0, 0, 0, 0.259307715, -0.0510470215, -0.102115869, 0.0542118394, 0.291041085, -0.955108391, 0.555175781, -0.803833008, -0.213500977, -0.829934475, -0.518683976, -0.205085469, 3, 1, 
160.973223, 0.1, 0.1, 0.109330926, 0.202894986, -0.0199568204, 0.998594845, 0.0529937306, -2.57134172e-005, -0.0529937313, 0.998594845, -2.65815183e-005, 2.4268632e-005, 2.7906817e-005, 0.999999999, 0.998594819, 0.0529942145, -3.86562742e-005, -0.0529942157, 0.998594819, -2.91215384e-005, 3.70586821e-005, 3.11291763e-005, 0.999999999, 0, 0, 0, 0, 0, 0, 0, 0.18393689, -0.085024707, -0.145098584, -0.054990012, 0.820782209, -0.568610529, -0.758422852, 0.33605957, 0.558349609, 0.649286558, 0.462006234, 0.604201507, 0, 0, 0, 0, 0, 0, 0, 0.259307715, -0.0510470215, -0.102115869, 0.0542118394, 0.291041085, -0.955108391, 0.555175781, -0.803833008, -0.213500977, -0.829934475, -0.518683976, -0.205085469, 3, 1, 
160.974069, 0.1, 0.1, 0.109330926, 0.202894979, -0.019958102, 0.998594985, 0.0529910979, -1.30779065e-005, -0.0529910975, 0.998594984, 2.70382072e-005, 1.44923161e-005, -2.63072054e-005, 1, 0.998594955, 0.0529916484, -8.10458438e-006, -0.052991648, 0.998594955, 4.39444291e-005, 1.04218848e-005, -4.34532099e-005, 0.999999999, 0, 0, 0, 0, 0, 0, 0, 0.18393689, -0.085024707, -0.145098584, -0.054990012, 0.820782209, -0.568610529, -0.758422852, 0.33605957, 0.558349609, 0.649286558, 0.462006234, 0.604201507, 0, 0, 0, 0, 0, 0, 0, 0.259307715, -0.0510470215, -0.102115869, 0.0542118394, 0.291041085, -0.955108391, 0.555175781, -0.803833008, -0.213500977, -0.829934475, -0.518683976, -0.205085469, 3, 1, 
160.974926, 0.1, 0.1, 0.109330922, 0.202894979, -0.0199610735, 0.998595142, 0.0529881404, 2.96881097e-006, -0.0529881405, 0.998595141, 2.31309277e-005, -1.73897536e-006, -2.32557438e-005, 1, 0.998595108, 0.0529887676, 2.48651147e-005, -0.0529887674, 0.998595108, -8.7649082e-006, -2.52946236e-005, 7.43502267e-006, 1, 0, 0, 0, 0, 0, 0, 0, 0.18393689, -0.085024707, -0.145098584, -0.054990012, 0.820782209, -0.568610529, -0.758422852, 0.33605957, 0.558349609, 0.649286558, 0.462006234, 0.604201507, 0, 0, 0, 0, 0, 0, 0, 0.259307715, -0.0510470215, -0.102115869, 0.0542118394, 0.291041085, -0.955108391, 0.555175781, -0.803833008, -0.213500977, -0.829934475, -0.518683976, -0.205085469, 3, 1, 
160.975859, 0.1, 0.1, 0.109330934, 0.202894974, -0.0199635341, 0.99859533, 0.0529845921, -1.88649467e-005, -0.0529845926, 0.99859533, -2.47054894e-005, 1.75294374e-005, 2.56703379e-005, 1, 0.998595291, 0.0529853024, -4.73771175e-005, -0.0529853028, 0.998595292, -8.84419556e-006, 4.68419541e-005, 1.1342063e-005, 0.999999999, 0, 0, 0, 0, 0, 0, 0, 0.184999878, -0.0875696045, -0.144564478, -0.0558482104, 0.818804078, -0.571282109, -0.760986328, 0.335449219, 0.555175781, 0.646209093, 0.465903706, 0.604501052, 0, 0, 0, 0, 0, 0, 0, 0.26042832, -0.0531833008, -0.101711865, 0.0534455169, 0.287238622, -0.956258242, 0.559082031, -0.802001953, -0.209594727, -0.827314679, -0.523379626, -0.203487925, 3, 1, 
160.976703, 0.1, 0.1, 0.109330924, 0.202894971, -0.0199651168, 0.998595526, 0.0529808889, 3.3000724e-005, -0.0529808898, 0.998595526, 2.85629218e-005, -3.14410863e-005, -3.02712137e-005, 0.999999999, 0.998595485, 0.0529816368, 5.23892297e-005, -0.0529816384, 0.998595486, 2.80075341e-005, -5.08317633e-005, -3.07438643e-005, 0.999999998, 0, 0, 0, 0, 0, 0, 0, 0.184999878, -0.0875696045, -0.144564478, -0.0558482104, 0.818804078, -0.571282109, -0.760986328, 0.335449219, 0.555175781, 0.646209093, 0.465903706, 0.604501052, 0, 0, 0, 0, 0, 0, 0, 0.26042832, -0.0531833008, -0.101711865, 0.0534455169, 0.287238622, -0.956258242, 0.559082031, -0.802001953, -0.209594727, -0.827314679, -0.523379626, -0.203487925, 3, 1, 
160.977589, 0.1, 0.1, 0.109330926, 0.202894972, -0.0199657257, 0.998595741, 0.0529768446, 1.07140447e-005, -0.0529768446, 0.998595741, -3.49410593e-006, -1.08841061e-005, 2.92160302e-006, 1, 0.998595694, 0.0529777284, -1.52452211e-005, -0.0529777287, 0.998595694, -1.90596834e-005, 1.42140734e-005, 1.98405749e-005, 1, 0, 0, 0, 0, 0, 0, 0, 0.184999878, -0.0875696045, -0.144564478, -0.0558482104, 0.818804078, -0.571282109, -0.760986328, 0.335449219, 0.555175781, 0.646209093, 0.465903706, 0.604501052, 0, 0, 0, 0, 0, 0, 0, 0.26042832, -0.0531833008, -0.101711865, 0.0534455169, 0.287238622, -0.956258242, 0.559082031, -0.802001953, -0.209594727, -0.827314679, -0.523379626, -0.203487925, 3, 1, 
160.978453, 0.1, 0.1, 0.109330925, 0.202894965, -0.0199646108, 0.998595954, 0.052972837, -9.18860125e-007, -0.052972837, 0.998595954, -1.05688418e-005, 3.57708471e-007, 1.06026772e-005, 1, 0.998595912, 0.0529736248, -8.34822026e-006, -0.0529736246, 0.998595912, 1.94716081e-005, 9.36798028e-006, -1.90020328e-005, 1, 0, 0, 0, 0, 0, 0, 0, 0.184999878, -0.0875696045, -0.144564478, -0.0558482104, 0.818804078, -0.571282109, -0.760986328, 0.335449219, 0.555175781, 0.646209093, 0.465903706, 0.604501052, 0, 0, 0, 0, 0, 0, 0, 0.26042832, -0.0531833008, -0.101711865, 0.0534455169, 0.287238622, -0.956258242, 0.559082031, -0.802001953, -0.209594727, -0.827314679, -0.523379626, -0.203487925, 3, 1, 
160.979295, 0.1, 0.1, 0.109330922, 0.202894965, -0.0199631101, 0.998596159, 0.0529689588, -5.47887811e-006, -0.0529689587, 0.998596159, 2.63713593e-005, 6.86805008e-006, -2.60441276e-005, 1, 0.998596121, 0.0529696877, 7.50747956e-007, -0.0529696877, 0.998596121, 1.47974362e-005, 3.4121578e-008, -1.48164293e-005, 1, 0, 0, 0, 0, 0, 0, 0, 0.184999878, -0.0875696045, -0.144564478, -0.0558482104, 0.818804078, -0.571282109, -0.760986328, 0.335449219, 0.555175781, 0.646209093, 0.465903706, 0.604501052, 0, 0, 0, 0, 0, 0, 0, 0.26042832, -0.0531833008, -0.101711865, 0.0534455169, 0.287238622, -0.956258242, 0.559082031, -0.802001953, -0.209594727, -0.827314679, -0.523379626, -0.203487925, 3, 1, 
160.980233, 0.1, 0.1, 0.109330923, 0.20289497, -0.0199610016, 0.998596357, 0.0529652375, -8.08393738e-007, -0.0529652374, 0.998596356, -4.5442901e-005, -1.599635e-006, 4.54219322e-005, 0.999999999, 0.998596318, 0.0529659611, -9.95786902e-006, -0.0529659615, 0.998596317, -4.71285449e-005, 7.44768266e-006, 4.75898195e-005, 0.999999999, 0, 0, 0, 0, 0, 0, 0, 0.186273169, -0.0898769775, -0.144237988, -0.0569917271, 0.81713036, -0.573630178, -0.763061523, 0.334838867, 0.552734375, 0.643671185, 0.469382187, 0.604502174, 0, 0, 0, 0, 0, 0, 0, 0.26042832, -0.0531833008, -0.101711865, 0.0537718088, 0.283314759, -0.957452935, 0.563110352, -0.800415039, -0.205200195, -0.824580045, -0.528088035, -0.20263155, 3, 1, 
160.981077, 0.1, 0.1, 0.109330923, 0.202894968, -0.0199591532, 0.998596511, 0.0529623245, -2.77032817e-006, -0.0529623245, 0.998596511, 2.80032829e-006, 2.91475194e-006, -2.64967504e-006, 1, 0.998596482, 0.0529628656, 5.2466404e-006, -0.0529628657, 0.998596482, 1.87042619e-005, -4.24864534e-006, -1.89558873e-005, 1, 0, 0, 0, 0, 0, 0, 0, 0.186273169, -0.0898769775, -0.144237988, -0.0569917271, 0.81713036, -0.573630178, -0.763061523, 0.334838867, 0.552734375, 0.643671185, 0.469382187, 0.604502174, 0, 0, 0, 0, 0, 0, 0, 0.261177148, -0.0553278809, -0.101103174, 0.0537718088, 0.283314759, -0.957452935, 0.563110352, -0.800415039, -0.205200195, -0.824580045, -0.528088035, -0.20263155, 3, 1, 
160.981952, 0.1, 0.1, 0.109330924, 0.202894971, -0.0199587575, 0.998596654, 0.052959636, -2.37964309e-005, -0.0529596355, 0.998596654, 2.27427007e-005, 2.49674814e-005, -2.14505345e-005, 0.999999999, 0.998596622, 0.0529602423, 2.83380836e-008, -0.0529602423, 0.998596621, -1.92552695e-005, -1.04806205e-006, 1.92267462e-005, 1, 0, 0, 0, 0, 0, 0, 0, 0.186273169, -0.0898769775, -0.144237988, -0.0569917271, 0.81713036, -0.573630178, -0.763061523, 0.334838867, 0.552734375, 0.643671185, 0.469382187, 0.604502174, 0, 0, 0, 0, 0, 0, 0, 0.261177148, -0.0553278809, -0.101103174, 0.0537718088, 0.283314759, -0.957452935, 0.563110352, -0.800415039, -0.205200195, -0.824580045, -0.528088035, -0.20263155, 3, 1, 
160.982959, 0.1, 0.1, 0.109330924, 0.202894965, -0.0199574409, 0.998596784, 0.0529571711, 1.4510557e-005, -0.0529571707, 0.998596784, -2.76269597e-005, -1.59532412e-005, 2.68197551e-005, 1, 0.998596767, 0.0529574933, 2.37322704e-005, -0.052957493, 0.998596767, -1.30744018e-005, -2.43913561e-005, 1.17992538e-005, 1, 0, 0, 0, 0, 0, 0, 0, 0.187713062, -0.0922103516, -0.143495654, -0.0590758175, 0.814816735, -0.576650355, -0.767333984, 0.332397461, 0.548217773, 0.638316044, 0.475063082, 0.605722074, 0, 0, 0, 0, 0, 0, 0, 0.262635986, -0.0572763184, -0.100278076, 0.0543474671, 0.279409851, -0.958596588, 0.568603516, -0.797729492, -0.200317383, -0.820714517, -0.534144622, -0.202260782, 3, 1, 
160.983806, 0.1, 0.1, 0.109330923, 0.20289496, -0.0199578799, 0.998596841, 0.0529561017, 3.01060979e-005, -0.0529561029, 0.99859684, 3.9127052e-005, -2.79918381e-005, -4.06664521e-005, 0.999999999, 0.998596833, 0.0529562485, 2.20474297e-005, -0.0529562494, 0.998596833, 4.16151302e-005, -1.98127123e-005, -4.27242865e-005, 0.999999999, 0, 0, 0, 0, 0, 0, 0, 0.187713062, -0.0922103516, -0.143495654, -0.0590758175, 0.814816735, -0.576650355, -0.767333984, 0.332397461, 0.548217773, 0.638316044, 0.475063082, 0.605722074, 0, 0, 0, 0, 0, 0, 0, 0.262635986, -0.0572763184, -0.100278076, 0.0543474671, 0.279409851, -0.958596588, 0.568603516, -0.797729492, -0.200317383, -0.820714517, -0.534144622, -0.202260782, 3, 1, 
160.984689, 0.1, 0.1, 0.109330921, 0.202894962, -0.0199600824, 0.998596876, 0.0529554489, 2.56171007e-005, -0.0529554486, 0.998596876, -1.13671428e-005, -2.61831089e-005, 9.99462818e-006, 1, 0.998596867, 0.0529556132, -2.67480073e-006, -0.0529556132, 0.998596867, -2.84427909e-005, 1.16484219e-006, 2.85445276e-005, 1, 0, 0, 0, 0, 0, 0, 0, 0.187713062, -0.0922103516, -0.143495654, -0.0590758175, 0.814816735, -0.576650355, -0.767333984, 0.332397461, 0.548217773, 0.638316044, 0.475063082, 0.605722074, 0, 0, 0, 0, 0, 0, 0, 0.262635986, -0.0572763184, -0.100278076, 0.0543474671, 0.279409851, -0.958596588, 0.568603516, -0.797729492, -0.200317383, -0.820714517, -0.534144622, -0.202260782, 3, 1, 
160.985554, 0.1, 0.1, 0.109330919, 0.202894956, -0.0199623667, 0.998596936, 0.05295432, -3.38536963e-006, -0.05295432, 0.998596936, -1.57246547e-005, 2.54793134e-006, 1.58818619e-005, 1, 0.998596922, 0.0529545863, -7.89354927e-006, -0.0529545861, 0.998596921, 1.56408934e-005, 8.71073104e-006, -1.52009484e-005, 1, 0, 0, 0, 0, 0, 0, 0, 0.187713062, -0.0922103516, -0.143495654, -0.0590758175, 0.814816735, -0.576650355, -0.767333984, 0.332397461, 0.548217773, 0.638316044, 0.475063082, 0.605722074, 0, 0, 0, 0, 0, 0, 0, 0.262635986, -0.0572763184, -0.100278076, 0.0543474671, 0.279409851, -0.958596588, 0.568603516, -0.797729492, -0.200317383, -0.820714517, -0.534144622, -0.202260782, 3, 1, 
160.986401, 0.1, 0.1, 0.109330917, 0.202894958, -0.0199646501, 0.998597014, 0.0529528401, -1.42636678e-005, -0.0529528397, 0.998597014, 2.21983835e-005, 1.54191235e-005, -2.14119378e-005, 1, 0.998596999, 0.0529531176, -7.40617502e-006, -0.0529531175, 0.998596999, 9.39005804e-006, 7.893017e-006, -8.98470372e-006, 1, 0, 0, 0, 0, 0, 0, 0, 0.187713062, -0.0922103516, -0.143495654, -0.0590758175, 0.814816735, -0.576650355, -0.767333984, 0.332397461, 0.548217773, 0.638316044, 0.475063082, 0.605722074, 0, 0, 0, 0, 0, 0, 0, 0.262635986, -0.0572763184, -0.100278076, 0.0543474671, 0.279409851, -0.958596588, 0.568603516, -0.797729492, -0.200317383, -0.820714517, -0.534144622, -0.202260782, 3, 1, 
160.987346, 0.1, 0.1, 0.109330918, 0.202894961, -0.0199656619, 0.998597075, 0.0529516816, -2.40814492e-005, -0.0529516824, 0.998597075, -3.56563114e-005, 2.2159603e-005, 3.68814416e-005, 0.999999999, 0.998597066, 0.0529518539, 1.13344936e-007, -0.0529518539, 0.998597066, -3.98207727e-005, -2.22176966e-006, 3.9758905e-005, 0.999999999, 0, 0, 0, 0, 0, 0, 0, 0.187713062, -0.0922103516, -0.143495654, -0.0601178627, 0.811969544, -0.580598001, -0.76953125, 0.332763672, 0.544921875, 0.635638473, 0.479716159, 0.604987809, 0, 0, 0, 0, 0, 0, 0, 0.262635986, -0.0572763184, -0.100278076, 0.0543474671, 0.279409851, -0.958596588, 0.568603516, -0.797729492, -0.200317383, -0.820714517, -0.534144622, -0.202260782, 3, 1, 
160.988209, 0.1, 0.1, 0.109330917, 0.202894958, -0.0199644205, 0.998597086, 0.0529514728, 4.80729654e-005, -0.0529514731, 0.998597087, 5.76983422e-006, -4.7700002e-005, -8.30727397e-006, 0.999999999, 0.998597088, 0.0529514372, 3.20702459e-005, -0.0529514378, 0.998597088, 2.02311211e-005, -3.09539873e-005, -2.19009042e-005, 0.999999999, 0, 0, 0, 0, 0, 0, 0, 0.188767871, -0.0950206055, -0.142583423, -0.0601178627, 0.811969544, -0.580598001, -0.76953125, 0.332763672, 0.544921875, 0.635638473, 0.479716159, 0.604987809, 0, 0, 0, 0, 0, 0, 0, 0.263646387, -0.0596741699, -0.0992246094, 0.0551210859, 0.275160062, -0.959778521, 0.573120117, -0.795776367, -0.1953125, -0.817564638, -0.539255516, -0.20152581, 3, 1, 
160.989053, 0.1, 0.1, 0.109330917, 0.202894961, -0.0199628688, 0.998597052, 0.0529521063, -5.14668143e-005, -0.0529521052, 0.998597053, 2.23610031e-005, 5.25786713e-005, -1.96043556e-005, 0.999999998, 0.998597063, 0.0529519047, -3.05389581e-005, -0.052951905, 0.998597064, -8.22922132e-006, 3.00603609e-005, 9.83477225e-006, 0.999999999, 0, 0, 0, 0, 0, 0, 0, 0.188767871, -0.0950206055, -0.142583423, -0.0601178627, 0.811969544, -0.580598001, -0.76953125, 0.332763672, 0.544921875, 0.635638473, 0.479716159, 0.604987809, 0, 0, 0, 0, 0, 0, 0, 0.263646387, -0.0596741699, -0.0992246094, 0.0551210859, 0.275160062, -0.959778521, 0.573120117, -0.795776367, -0.1953125, -0.817564638, -0.539255516, -0.20152581, 3, 1, 
160.989963, 0.1, 0.1, 0.10933092, 0.202894957, -0.0199608312, 0.99859699, 0.0529532785, 4.1122162e-005, -0.0529532774, 0.998596991, -2.66879338e-005, -4.24776808e-005, 2.44729371e-005, 0.999999999, 0.998597002, 0.0529530618, 1.99705993e-005, -0.0529530616, 0.998597002, -1.29644921e-005, -2.06290901e-005, 1.18887986e-005, 1, 0, 0, 0, 0, 0, 0, 0, 0.188767871, -0.0950206055, -0.142583423, -0.0601178627, 0.811969544, -0.580598001, -0.76953125, 0.332763672, 0.544921875, 0.635638473, 0.479716159, 0.604987809, 0, 0, 0, 0, 0, 0, 0, 0.263646387, -0.0596741699, -0.0992246094, 0.0551210859, 0.275160062, -0.959778521, 0.573120117, -0.795776367, -0.1953125, -0.817564638, -0.539255516, -0.20152581, 3, 1, 
160.990802, 0.1, 0.1, 0.10933092, 0.202894952, -0.0199595572, 0.99859695, 0.0529540206, -5.20928478e-005, -0.0529540185, 0.998596951, 3.9909068e-005, 5.41331046e-005, -3.7094548e-005, 0.999999998, 0.998596955, 0.0529539457, -2.85144669e-005, -0.0529539445, 0.998596955, 4.13414037e-005, 3.06636503e-005, -3.97734463e-005, 0.999999999, 0, 0, 0, 0, 0, 0, 0, 0.188767871, -0.0950206055, -0.142583423, -0.0601178627, 0.811969544, -0.580598001, -0.76953125, 0.332763672, 0.544921875, 0.635638473, 0.479716159, 0.604987809, 0, 0, 0, 0, 0, 0, 0, 0.263646387, -0.0596741699, -0.0992246094, 0.0551210859, 0.275160062, -0.959778521, 0.573120117, -0.795776367, -0.1953125, -0.817564638, -0.539255516, -0.20152581, 3, 1, 
160.991643, 0.1, 0.1, 0.109330924, 0.202894953, -0.0199597105, 0.998596959, 0.0529538612, 4.03895405e-005, -0.0529538608, 0.99859696, -9.73459261e-006, -4.08483566e-005, 7.58215247e-006, 0.999999999, 0.998596954, 0.052953981, 1.62974744e-005, -0.0529539805, 0.998596953, -2.54083457e-005, -1.76200814e-005, 2.45096805e-005, 1, 0, 0, 0, 0, 0, 0, 0, 0.188767871, -0.0950206055, -0.142583423, -0.0601178627, 0.811969544, -0.580598001, -0.76953125, 0.332763672, 0.544921875, 0.635638473, 0.479716159, 0.604987809, 0, 0, 0, 0, 0, 0, 0, 0.263646387, -0.0596741699, -0.0992246094, 0.0551210859, 0.275160062, -0.959778521, 0.573120117, -0.795776367, -0.1953125, -0.817564638, -0.539255516, -0.20152581, 3, 1, 
160.992586, 0.1, 0.1, 0.109330922, 0.202894945, -0.0199599259, 0.998597024, 0.0529526216, -5.09030967e-005, -0.052952622, 0.998597026, -5.71334123e-006, 5.05291446e-005, 8.40077799e-006, 0.999999999, 0.99859701, 0.0529529156, -2.93816668e-005, -0.0529529148, 0.99859701, 2.53746612e-005, 3.06841069e-005, -2.37832159e-005, 0.999999999, 0, 0, 0, 0, 0, 0, 0, 0.189691821, -0.0978323242, -0.142329932, -0.0637300158, 0.809033986, -0.584254337, -0.771240234, 0.331542969, 0.543212891, 0.633120784, 0.485371967, 0.602971485, 0, 0, 0, 0, 0, 0, 0, 0.264633594, -0.0618670898, -0.0983892578, 0.0555177401, 0.27068023, -0.960998734, 0.577636719, -0.793701172, -0.190185547, -0.814331638, -0.544513331, -0.200426632, 3, 1, 
160.993439, 0.1, 0.1, 0.109330923, 0.202894945, -0.0199608387, 0.998597109, 0.0529510318, 5.51850991e-005, -0.0529510333, 0.99859711, 2.56705192e-005, -5.37483999e-005, -2.85566143e-005, 0.999999998, 0.998597093, 0.0529513419, 2.9679389e-005, -0.0529513423, 0.998597094, 1.39806185e-005, -2.88974591e-005, -1.55325685e-005, 0.999999999, 0, 0, 0, 0, 0, 0, 0, 0.189691821, -0.0978323242, -0.142329932, -0.0637300158, 0.809033986, -0.584254337, -0.771240234, 0.331542969, 0.543212891, 0.633120784, 0.485371967, 0.602971485, 0, 0, 0, 0, 0, 0, 0, 0.264633594, -0.0618670898, -0.0983892578, 0.0555177401, 0.27068023, -0.960998734, 0.577636719, -0.793701172, -0.190185547, -0.814331638, -0.544513331, -0.200426632, 3, 1, 
160.994326, 0.1, 0.1, 0.109330919, 0.202894947, -0.0199623167, 0.998597172, 0.0529498422, -3.70674708e-005, -0.0529498433, 0.998597173, -2.85734299e-005, 3.55025129e-005, 3.0496063e-005, 0.999999999, 0.998597164, 0.052950013, -1.22939705e-005, -0.0529500133, 0.998597164, -3.18821148e-005, 1.05885657e-005, 3.24883553e-005, 0.999999999, 0, 0, 0, 0, 0, 0, 0, 0.189691821, -0.0978323242, -0.142329932, -0.0637300158, 0.809033986, -0.584254337, -0.771240234, 0.331542969, 0.543212891, 0.633120784, 0.485371967, 0.602971485, 0, 0, 0, 0, 0, 0, 0, 0.264633594, -0.0618670898, -0.0983892578, 0.0555177401, 0.27068023, -0.960998734, 0.577636719, -0.793701172, -0.190185547, -0.814331638, -0.544513331, -0.200426632, 3, 1, 
160.995208, 0.1, 0.1, 0.109330919, 0.202894942, -0.0199631358, 0.998597184, 0.0529496217, 5.13078043e-005, -0.0529496222, 0.998597185, 9.61403419e-006, -5.07267695e-005, -1.23172763e-005, 0.999999999, 0.998597187, 0.0529495783, 3.25773993e-005, -0.0529495791, 0.998597187, 2.62927387e-005, -3.11395098e-005, -2.79808145e-005, 0.999999999, 0, 0, 0, 0, 0, 0, 0, 0.189691821, -0.0978323242, -0.142329932, -0.0637300158, 0.809033986, -0.584254337, -0.771240234, 0.331542969, 0.543212891, 0.633120784, 0.485371967, 0.602971485, 0, 0, 0, 0, 0, 0, 0, 0.265754443, -0.0642368652, -0.0975270508, 0.0545662169, 0.266954327, -0.962052702, 0.58215332, -0.791259766, -0.186523437, -0.811117594, -0.549937391, -0.198573525, 3, 1, 
160.996053, 0.1, 0.1, 0.109330917, 0.202894945, -0.0199636678, 0.998597147, 0.0529503103, -4.11442135e-005, -0.0529503097, 0.998597148, 1.63881925e-005, 4.19542541e-005, -1.41866034e-005, 0.999999999, 0.998597159, 0.0529501007, -2.10455396e-005, -0.052950101, 0.998597159, -1.22149944e-005, 2.03692309e-005, 1.33122222e-005, 1, 0, 0, 0, 0, 0, 0, 0, 0.189691821, -0.0978323242, -0.142329932, -0.0637300158, 0.809033986, -0.584254337, -0.771240234, 0.331542969, 0.543212891, 0.633120784, 0.485371967, 0.602971485, 0, 0, 0, 0, 0, 0, 0, 0.265754443, -0.0642368652, -0.0975270508, 0.0545662169, 0.266954327, -0.962052702, 0.58215332, -0.791259766, -0.186523437, -0.811117594, -0.549937391, -0.198573525, 3, 1, 
160.996946, 0.1, 0.1, 0.109330918, 0.202894943, -0.0199637954, 0.998597086, 0.0529514627, 4.29352876e-005, -0.0529514614, 0.998597087, -3.29029901e-005, -4.46173146e-005, 3.05833438e-005, 0.999999999, 0.998597101, 0.0529512083, 1.97834472e-005, -0.052951208, 0.998597101, -1.67640636e-005, -2.06433705e-005, 1.56929879e-005, 1, 0, 0, 0, 0, 0, 0, 0, 0.189691821, -0.0978323242, -0.142329932, -0.0637300158, 0.809033986, -0.584254337, -0.771240234, 0.331542969, 0.543212891, 0.633120784, 0.485371967, 0.602971485, 0, 0, 0, 0, 0, 0, 0, 0.265754443, -0.0642368652, -0.0975270508, 0.0545662169, 0.266954327, -0.962052702, 0.58215332, -0.791259766, -0.186523437, -0.811117594, -0.549937391, -0.198573525, 3, 1, 
160.997827, 0.1, 0.1, 0.109330916, 0.202894942, -0.0199625902, 0.998597044, 0.0529522598, -4.5453393e-005, -0.0529522587, 0.998597045, 2.59610632e-005, 4.67643209e-005, -2.35177811e-005, 0.999999999, 0.998597049, 0.0529521777, -2.2824578e-005, -0.0529521771, 0.998597049, 2.75954952e-005, 2.42537978e-005, -2.63481689e-005, 0.999999999, 0, 0, 0, 0, 0, 0, 0, 0.190780176, -0.100182056, -0.141825488, -0.068415293, 0.806352668, -0.5874153, -0.773925781, 0.328613281, 0.541137695, 0.629289957, 0.491852651, 0.601741845, 0, 0, 0, 0, 0, 0, 0, 0.265754443, -0.0642368652, -0.0975270508, 0.0545662169, 0.266954327, -0.962052702, 0.58215332, -0.791259766, -0.186523437, -0.811117594, -0.549937391, -0.198573525, 3, 1, 
160.998668, 0.1, 0.1, 0.10933092, 0.202894945, -0.019961716, 0.998597049, 0.0529521604, 3.83368053e-005, -0.0529521597, 0.99859705, -1.88810402e-005, -3.92828125e-005, 1.68245344e-005, 0.999999999, 0.998597045, 0.052952263, 1.62234054e-005, -0.0529522624, 0.998597044, -3.45712845e-005, -1.80312725e-005, 3.36637165e-005, 0.999999999, 0, 0, 0, 0, 0, 0, 0, 0.190780176, -0.100182056, -0.141825488, -0.068415293, 0.806352668, -0.5874153, -0.773925781, 0.328613281, 0.541137695, 0.629289957, 0.491852651, 0.601741845, 0, 0, 0, 0, 0, 0, 0, 0.265754443, -0.0642368652, -0.0975270508, 0.0545662169, 0.266954327, -0.962052702, 0.58215332, -0.791259766, -0.186523437, -0.811117594, -0.549937391, -0.198573525, 3, 1, 
160.99961, 0.1, 0.1, 0.109330922, 0.202894942, -0.019960722, 0.998597109, 0.0529510022, -6.68963181e-005, -0.0529510038, 0.998597111, -2.25768999e-005, 6.56070005e-005, 2.60874542e-005, 0.999999998, 0.998597093, 0.0529513447, -4.08594069e-005, -0.0529513443, 0.998597093, 1.06085408e-005, 4.13638215e-005, -8.43009744e-006, 0.999999999, 0, 0, 0, 0, 0, 0, 0, 0.192265088, -0.102525806, -0.141300171, -0.0739456639, 0.803722646, -0.590245638, -0.778442383, 0.323364258, 0.537963867, 0.623244734, 0.499437537, 0.601819351, 0, 0, 0, 0, 0, 0, 0, 0.265754443, -0.0642368652, -0.0975270508, 0.0536722962, 0.263547785, -0.963055631, 0.587524414, -0.788085938, -0.182861328, -0.807283782, -0.55606434, -0.197206025, 3, 1, 
161.000457, 0.1, 0.1, 0.109330926, 0.202894944, -0.0199598409, 0.998597191, 0.0529494953, 4.42346815e-005, -0.0529494963, 0.998597191, 2.18050687e-005, -4.30180613e-005, -2.41166845e-005, 0.999999999, 0.998597176, 0.0529497829, 1.74697613e-005, -0.0529497831, 0.998597176, 8.46833127e-006, -1.6996858e-005, -9.38147176e-006, 1, 0, 0, 0, 0, 0, 0, 0, 0.192265088, -0.102525806, -0.141300171, -0.0739456639, 0.803722646, -0.590245638, -0.778442383, 0.323364258, 0.537963867, 0.623244734, 0.499437537, 0.601819351, 0, 0, 0, 0, 0, 0, 0, 0.266892139, -0.0659305664, -0.0966716797, 0.0536722962, 0.263547785, -0.963055631, 0.587524414, -0.788085938, -0.182861328, -0.807283782, -0.55606434, -0.197206025, 3, 1, 
161.001298, 0.1, 0.1, 0.109330923, 0.202894946, -0.019960256, 0.998597248, 0.0529484096, -3.8107057e-005, -0.0529484107, 0.998597249, -2.74463592e-005, 3.66003612e-005, 2.94255669e-005, 0.999999999, 0.998597241, 0.0529485519, -1.72891245e-005, -0.0529485525, 0.998597241, -3.18245454e-005, 1.55798085e-005, 3.26953374e-005, 0.999999999, 0, 0, 0, 0, 0, 0, 0, 0.192265088, -0.102525806, -0.141300171, -0.0739456639, 0.803722646, -0.590245638, -0.778442383, 0.323364258, 0.537963867, 0.623244734, 0.499437537, 0.601819351, 0, 0, 0, 0, 0, 0, 0, 0.266892139, -0.0659305664, -0.0966716797, 0.0536722962, 0.263547785, -0.963055631, 0.587524414, -0.788085938, -0.182861328, -0.807283782, -0.55606434, -0.197206025, 3, 1, 
161.002203, 0.1, 0.1, 0.109330925, 0.202894938, -0.0199610751, 0.998597262, 0.0529481707, 1.04636367e-005, -0.0529481709, 0.998597261, 2.35223411e-005, -9.203494e-006, -2.40433758e-005, 1, 0.998597262, 0.0529481634, 1.54602699e-005, -0.052948164, 0.998597261, 3.98502462e-005, -1.33285858e-005, -4.06129397e-005, 0.999999999, 0, 0, 0, 0, 0, 0, 0, 0.192265088, -0.102525806, -0.141300171, -0.0739456639, 0.803722646, -0.590245638, -0.778442383, 0.323364258, 0.537963867, 0.623244734, 0.499437537, 0.601819351, 0, 0, 0, 0, 0, 0, 0, 0.266892139, -0.0659305664, -0.0966716797, 0.0536722962, 0.263547785, -0.963055631, 0.587524414, -0.788085938, -0.182861328, -0.807283782, -0.55606434, -0.197206025, 3, 1, 
161.003049, 0.1, 0.1, 0.109330924, 0.202894939, -0.0199622149, 0.998597264, 0.0529481179, 3.27074434e-005, -0.0529481186, 0.998597264, 1.93717946e-005, -3.16358635e-005, -2.10764187e-005, 0.999999999, 0.998597261, 0.0529481779, 2.26060889e-005, -0.0529481777, 0.998597261, -8.14565605e-006, -2.30056762e-005, 6.93727861e-006, 1, 0, 0, 0, 0, 0, 0, 0, 0.192265088, -0.102525806, -0.141300171, -0.0739456639, 0.803722646, -0.590245638, -0.778442383, 0.323364258, 0.537963867, 0.623244734, 0.499437537, 0.601819351, 0, 0, 0, 0, 0, 0, 0, 0.266892139, -0.0659305664, -0.0966716797, 0.0536722962, 0.263547785, -0.963055631, 0.587524414, -0.788085938, -0.182861328, -0.807283782, -0.55606434, -0.197206025, 3, 1, 
161.0039, 0.1, 0.1, 0.109330928, 0.202894937, -0.0199636109, 0.998597298, 0.0529474705, -4.54367153e-005, -0.0529474718, 0.998597298, -2.75778504e-005, 4.39128037e-005, 2.99449261e-005, 0.999999999, 0.998597288, 0.052947659, -4.33002007e-005, -0.0529476596, 0.998597289, -1.20267135e-005, 4.26026767e-005, 1.43024878e-005, 0.999999999, 0, 0, 0, 0, 0, 0, 0, 0.192265088, -0.102525806, -0.141300171, -0.0739456639, 0.803722646, -0.590245638, -0.778442383, 0.323364258, 0.537963867, 0.623244734, 0.499437537, 0.601819351, 0, 0, 0, 0, 0, 0, 0, 0.266892139, -0.0659305664, -0.0966716797, 0.0536722962, 0.263547785, -0.963055631, 0.587524414, -0.788085938, -0.182861328, -0.807283782, -0.55606434, -0.197206025, 3, 1, 
161.004831, 0.1, 0.1, 0.109330928, 0.202894935, -0.0199635991, 0.998597367, 0.0529461813, -5.99813833e-007, -0.0529461812, 0.998597367, 2.47808957e-005, 1.91102631e-006, -2.47143794e-005, 1, 0.998597353, 0.0529464492, 1.5521839e-005, -0.0529464496, 0.998597353, 2.74420546e-005, -1.4047108e-005, -2.82253893e-005, 1, 0, 0, 0, 0, 0, 0, 0, 0.193327686, -0.104792651, -0.141114893, -0.0791323068, 0.80276035, -0.590988139, -0.781005859, 0.318481445, 0.537231445, 0.619369724, 0.504286444, 0.601813359, 0, 0, 0, 0, 0, 0, 0, 0.267460303, -0.0677376465, -0.0964508789, 0.0511297924, 0.261521505, -0.963770915, 0.592163086, -0.78503418, -0.181640625, -0.804114214, -0.561309762, -0.195071835, 3, 1, 
161.005675, 0.1, 0.1, 0.109330928, 0.20289494, -0.0199631182, 0.998597437, 0.0529448599, -1.04749141e-005, -0.0529448601, 0.998597437, -2.16633958e-005, 9.31325688e-006, 2.21876044e-005, 1, 0.998597426, 0.0529450815, -1.04183096e-005, -0.0529450818, 0.998597425, -3.67514562e-005, 8.45788829e-006, 3.72515078e-005, 0.999999999, 0, 0, 0, 0, 0, 0, 0, 0.193327686, -0.104792651, -0.141114893, -0.0791323068, 0.80276035, -0.590988139, -0.781005859, 0.318481445, 0.537231445, 0.619369724, 0.504286444, 0.601813359, 0, 0, 0, 0, 0, 0, 0, 0.267460303, -0.0677376465, -0.0964508789, 0.0511297924, 0.261521505, -0.963770915, 0.592163086, -0.78503418, -0.181640625, -0.804114214, -0.561309762, -0.195071835, 3, 1, 
161.006557, 0.1, 0.1, 0.109330929, 0.202894938, -0.0199625243, 0.998597498, 0.0529437106, 2.36052953e-006, -0.0529437105, 0.998597498, -3.15028813e-005, -4.02509831e-006, 3.13337233e-005, 1, 0.998597483, 0.0529439902, -1.20363205e-005, -0.0529439902, 0.998597483, 2.09763822e-006, 1.21304967e-005, -1.45744541e-006, 1, 0, 0, 0, 0, 0, 0, 0, 0.193327686, -0.104792651, -0.141114893, -0.0791323068, 0.80276035, -0.590988139, -0.781005859, 0.318481445, 0.537231445, 0.619369724, 0.504286444, 0.601813359, 0, 0, 0, 0, 0, 0, 0, 0.267460303, -0.0677376465, -0.0964508789, 0.0511297924, 0.261521505, -0.963770915, 0.592163086, -0.78503418, -0.181640625, -0.804114214, -0.561309762, -0.195071835, 3, 1, 
161.007438, 0.1, 0.1, 0.109330929, 0.202894941, -0.0199613444, 0.998597549, 0.0529427539, 7.87467908e-006, -0.0529427541, 0.998597549, 2.55309734e-005, -6.51195519e-006, -2.59120747e-005, 1, 0.99859754, 0.0529429168, 6.69930604e-006, -0.0529429169, 0.99859754, 9.67656221e-006, -6.17760511e-006, -1.0017672e-005, 1, 0, 0, 0, 0, 0, 0, 0, 0.193327686, -0.104792651, -0.141114893, -0.0791323068, 0.80276035, -0.590988139, -0.781005859, 0.318481445, 0.537231445, 0.619369724, 0.504286444, 0.601813359, 0, 0, 0, 0, 0, 0, 0, 0.267460303, -0.0677376465, -0.0964508789, 0.0511297924, 0.261521505, -0.963770915, 0.592163086, -0.78503418, -0.181640625, -0.804114214, -0.561309762, -0.195071835, 3, 1, 
161.008297, 0.1, 0.1, 0.109330929, 0.202894943, -0.0199606569, 0.998597598, 0.0529418296, -4.09324838e-006, -0.0529418296, 0.998597598, -2.90300292e-005, 2.55060514e-006, 2.92060214e-005, 1, 0.998597589, 0.0529419912, 9.29349196e-006, -0.0529419908, 0.998597589, -3.31132696e-005, -1.10335411e-005, 3.25748153e-005, 0.999999999, 0, 0, 0, 0, 0, 0, 0, 0.193327686, -0.104792651, -0.141114893, -0.0791323068, 0.80276035, -0.590988139, -0.781005859, 0.318481445, 0.537231445, 0.619369724, 0.504286444, 0.601813359, 0, 0, 0, 0, 0, 0, 0, 0.267460303, -0.0677376465, -0.0964508789, 0.0511297924, 0.261521505, -0.963770915, 0.592163086, -0.78503418, -0.181640625, -0.804114214, -0.561309762, -0.195071835, 3, 1, 
161.009238, 0.1, 0.1, 0.109330927, 0.202894936, -0.019960169, 0.998597639, 0.0529410511, 1.22072419e-006, -0.0529410511, 0.998597639, 1.99496111e-005, -1.62858919e-007, -1.9986261e-005, 1, 0.998597629, 0.0529412351, 1.71516256e-007, -0.0529412351, 0.998597629, 3.83807525e-005, 1.86064872e-006, -3.83360088e-005, 0.999999999, 0, 0, 0, 0, 0, 0, 0, 0.194625122, -0.107111133, -0.140772778, -0.0840527274, 0.800726052, -0.593012698, -0.784057617, 0.314086914, 0.53515625, 0.614834588, 0.510170282, 0.601516058, 0, 0, 0, 0, 0, 0, 0, 0.267460303, -0.0677376465, -0.0964508789, 0.0489770131, 0.259239661, -0.964486198, 0.596435547, -0.782104492, -0.179931641, -0.80114917, -0.566459302, -0.192937646, 3, 1, 
161.010077, 0.1, 0.1, 0.109330928, 0.202894937, -0.0199599973, 0.998597684, 0.0529402132, -4.63734181e-006, -0.0529402131, 0.998597683, 2.43427374e-005, 5.9195485e-006, -2.40630994e-005, 1, 0.998597673, 0.0529404117, 7.41407432e-006, -0.0529404116, 0.998597673, -7.15314961e-006, -7.78236805e-006, 6.75061441e-006, 1, 0, 0, 0, 0, 0, 0, 0, 0.194625122, -0.107111133, -0.140772778, -0.0840527274, 0.800726052, -0.593012698, -0.784057617, 0.314086914, 0.53515625, 0.614834588, 0.510170282, 0.601516058, 0, 0, 0, 0, 0, 0, 0, 0.268049951, -0.0695596191, -0.0960068359, 0.0489770131, 0.259239661, -0.964486198, 0.596435547, -0.782104492, -0.179931641, -0.80114917, -0.566459302, -0.192937646, 3, 1, 
161.01092, 0.1, 0.1, 0.109330927, 0.202894933, -0.0199610035, 0.99859772, 0.0529395222, -3.67157365e-006, -0.0529395223, 0.99859772, -2.7621131e-005, 2.2041756e-006, 2.77767698e-005, 1, 0.998597714, 0.0529396462, -3.38560783e-006, -0.0529396463, 0.998597714, -1.18991022e-005, 2.75092597e-006, 1.20616491e-005, 1, 0, 0, 0, 0, 0, 0, 0, 0.194625122, -0.107111133, -0.140772778, -0.0840527274, 0.800726052, -0.593012698, -0.784057617, 0.314086914, 0.53515625, 0.614834588, 0.510170282, 0.601516058, 0, 0, 0, 0, 0, 0, 0, 0.268049951, -0.0695596191, -0.0960068359, 0.0489770131, 0.259239661, -0.964486198, 0.596435547, -0.782104492, -0.179931641, -0.80114917, -0.566459302, -0.192937646, 3, 1, 
161.011857, 0.1, 0.1, 0.109330926, 0.20289493, -0.0199620599, 0.998597763, 0.0529387186, 1.24966399e-005, -0.0529387189, 0.998597762, 3.10290709e-005, -1.08364773e-005, -3.16471169e-005, 0.999999999, 0.998597755, 0.0529388613, -2.30116949e-006, -0.0529388612, 0.998597755, 3.51117425e-005, 4.15671835e-006, -3.49406859e-005, 0.999999999, 0, 0, 0, 0, 0, 0, 0, 0.195397119, -0.10946001, -0.140044482, -0.08621208, 0.798158188, -0.596198747, -0.786499023, 0.312744141, 0.532470703, 0.611345246, 0.515026301, 0.600908352, 0, 0, 0, 0, 0, 0, 0, 0.268049951, -0.0695596191, -0.0960068359, 0.0472011984, 0.257015419, -0.965163202, 0.600341797, -0.779541016, -0.178100586, -0.798267248, -0.570989074, -0.191167661, 3, 1, 
161.0127, 0.1, 0.1, 0.109330925, 0.202894933, -0.01996264, 0.99859779, 0.0529382092, 3.23008798e-006, -0.0529382091, 0.99859779, -1.81608981e-005, -4.18696414e-006, 1.79644376e-005, 1, 0.998597784, 0.0529383293, 4.03797252e-006, -0.0529383291, 0.998597783, -3.27439084e-005, -5.76571821e-006, 3.24842308e-005, 0.999999999, 0, 0, 0, 0, 0, 0, 0, 0.195397119, -0.10946001, -0.140044482, -0.08621208, 0.798158188, -0.596198747, -0.786499023, 0.312744141, 0.532470703, 0.611345246, 0.515026301, 0.600908352, 0, 0, 0, 0, 0, 0, 0, 0.268662793, -0.0713647461, -0.0955679199, 0.0472011984, 0.257015419, -0.965163202, 0.600341797, -0.779541016, -0.178100586, -0.798267248, -0.570989074, -0.191167661, 3, 1, 
161.013542, 0.1, 0.1, 0.109330926, 0.202894931, -0.0199633835, 0.998597818, 0.0529376857, 1.03988561e-005, -0.0529376854, 0.998597817, -2.25930024e-005, -1.15802963e-005, 2.20108315e-005, 1, 0.998597813, 0.0529377811, -4.41031586e-007, -0.0529377811, 0.998597813, 6.54596353e-006, 7.86941962e-007, -6.51343763e-006, 1, 0, 0, 0, 0, 0, 0, 0, 0.195397119, -0.10946001, -0.140044482, -0.08621208, 0.798158188, -0.596198747, -0.786499023, 0.312744141, 0.532470703, 0.611345246, 0.515026301, 0.600908352, 0, 0, 0, 0, 0, 0, 0, 0.268662793, -0.0713647461, -0.0955679199, 0.0472011984, 0.257015419, -0.965163202, 0.600341797, -0.779541016, -0.178100586, -0.798267248, -0.570989074, -0.191167661, 3, 1, 
161.014494, 0.1, 0.1, 0.109330927, 0.202894933, -0.0199626093, 0.998597829, 0.0529374658, 2.90126871e-006, -0.0529374659, 0.998597829, 2.72026942e-005, -1.45715894e-006, -2.73181372e-005, 1, 0.998597828, 0.0529374913, 2.6665174e-006, -0.0529374913, 0.998597828, 1.28130259e-005, -1.98448903e-006, -1.29362186e-005, 1, 0, 0, 0, 0, 0, 0, 0, 0.195397119, -0.10946001, -0.140044482, -0.08621208, 0.798158188, -0.596198747, -0.786499023, 0.312744141, 0.532470703, 0.611345246, 0.515026301, 0.600908352, 0, 0, 0, 0, 0, 0, 0, 0.268662793, -0.0713647461, -0.0955679199, 0.0472011984, 0.257015419, -0.965163202, 0.600341797, -0.779541016, -0.178100586, -0.798267248, -0.570989074, -0.191167661, 3, 1, 
161.015343, 0.1, 0.1, 0.109330928, 0.202894934, -0.0199618259, 0.998597844, 0.0529371959, -1.19252653e-005, -0.0529371963, 0.998597843, -2.81030009e-005, 1.04208502e-005, 2.86948862e-005, 1, 0.998597841, 0.0529372378, 1.38745936e-006, -0.0529372377, 0.998597841, -3.13261754e-005, -3.04383511e-006, 3.12088028e-005, 1, 0, 0, 0, 0, 0, 0, 0, 0.195397119, -0.10946001, -0.140044482, -0.08621208, 0.798158188, -0.596198747, -0.786499023, 0.312744141, 0.532470703, 0.611345246, 0.515026301, 0.600908352, 0, 0, 0, 0, 0, 0, 0, 0.268662793, -0.0713647461, -0.0955679199, 0.0472011984, 0.257015419, -0.965163202, 0.600341797, -0.779541016, -0.178100586, -0.798267248, -0.570989074, -0.191167661, 3, 1, 
161.01623, 0.1, 0.1, 0.109330928, 0.202894929, -0.0199613519, 0.998597851, 0.052937057, -3.77290968e-006, -0.0529370569, 0.998597851, 1.5185143e-005, 4.57147628e-006, -1.49641244e-005, 1, 0.998597848, 0.052937118, -4.84635123e-006, -0.0529371178, 0.998597847, 3.37772039e-005, 6.62762373e-006, -3.34732912e-005, 0.999999999, 0, 0, 0, 0, 0, 0, 0, 0.195397119, -0.10946001, -0.140044482, -0.08621208, 0.798158188, -0.596198747, -0.786499023, 0.312744141, 0.532470703, 0.611345246, 0.515026301, 0.600908352, 0, 0, 0, 0, 0, 0, 0, 0.268662793, -0.0713647461, -0.0955679199, 0.0472011984, 0.257015419, -0.965163202, 0.600341797, -0.779541016, -0.178100586, -0.798267248, -0.570989074, -0.191167661, 3, 1, 
161.017133, 0.1, 0.1, 0.10933093, 0.202894933, -0.0199602507, 0.99859786, 0.0529368702, -3.42806534e-005, -0.0529368696, 0.998597861, 1.89463711e-005, 3.52355487e-005, -1.71050952e-005, 0.999999999, 0.998597862, 0.0529368457, -2.56054406e-005, -0.052936846, 0.998597862, -1.34877869e-005, 2.48555373e-005, 1.48243465e-005, 1, 0, 0, 0, 0, 0, 0, 0, 0.195696631, -0.111742236, -0.139884839, -0.08901134, 0.797010923, -0.597373343, -0.787231445, 0.311157227, 0.532348633, 0.610058318, 0.517927033, 0.599734878, 0, 0, 0, 0, 0, 0, 0, 0.268985986, -0.073173291, -0.0953402832, 0.0444541708, 0.254816698, -0.965929524, 0.604248047, -0.776733398, -0.177124023, -0.795487404, -0.575761649, -0.188547865, 3, 1, 
161.017982, 0.1, 0.1, 0.109330926, 0.20289493, -0.0199601793, 0.998597833, 0.0529373826, 3.96684858e-005, -0.0529373814, 0.998597833, -3.08794631e-005, -4.12475419e-005, 2.87362192e-005, 0.999999999, 0.998597841, 0.0529372256, 4.02762839e-005, -0.0529372249, 0.998597842, -1.65123605e-005, -4.10939287e-005, 1.43570928e-005, 0.999999999, 0, 0, 0, 0, 0, 0, 0, 0.195696631, -0.111742236, -0.139884839, -0.08901134, 0.797010923, -0.597373343, -0.787231445, 0.311157227, 0.532348633, 0.610058318, 0.517927033, 0.599734878, 0, 0, 0, 0, 0, 0, 0, 0.268985986, -0.073173291, -0.0953402832, 0.0444541708, 0.254816698, -0.965929524, 0.604248047, -0.776733398, -0.177124023, -0.795487404, -0.575761649, -0.188547865, 3, 1, 
161.018887, 0.1, 0.1, 0.109330927, 0.202894926, -0.0199608028, 0.998597772, 0.052938556, 2.72651889e-006, -0.052938556, 0.998597771, 3.49245349e-005, -8.7384124e-007, -3.50199007e-005, 0.999999999, 0.998597786, 0.0529382728, -1.44603867e-005, -0.0529382722, 0.998597786, 3.84728142e-005, 1.64767945e-005, -3.76533592e-005, 0.999999999, 0, 0, 0, 0, 0, 0, 0, 0.195696631, -0.111742236, -0.139884839, -0.08901134, 0.797010923, -0.597373343, -0.787231445, 0.311157227, 0.532348633, 0.610058318, 0.517927033, 0.599734878, 0, 0, 0, 0, 0, 0, 0, 0.268985986, -0.073173291, -0.0953402832, 0.0444541708, 0.254816698, -0.965929524, 0.604248047, -0.776733398, -0.177124023, -0.795487404, -0.575761649, -0.188547865, 3, 1, 
