time, realDorsalTactorPos, realVentralTactorPos, boxPosX, boxPosY, boxPosZ, boxLocalRot_11, boxLocalRot_12, boxLocalRot_13, boxLocalRot_21, boxLocalRot_22, boxLocalRot_23, boxLocalRot_31, boxLocalRot_32, boxLocalRot_33, boxGlobalRot_11, boxGlobalRot_12, boxGlobalRot_13, boxGlobalRot_21, boxGlobalRot_22, boxGlobalRot_23, boxGlobalRot_31, boxGlobalRot_32, boxGlobalRot_33, indexForceX, indexForceY, indexForceZ, indexForceGlobalX, indexForceGlobalY, indexForceGlobalZ, indexContact, indexPosX, indexPosY, indexPosZ, indexRot_11, indexRot_12, indexRot_13, indexRot_21, indexRot_22, indexRot_23, indexRot_31, indexRot_32, indexRot_33, thumbForceX, thumbForceY, thumbForceZ, thumbForceGlobalX, thumbForceGlobalY, thumbForceGlobalZ, thumbContact, thumbPosX, thumbPosY, thumbPosZ, thumbRot_11, thumbRot_12, thumbRot_13, thumbRot_21, thumbRot_22, thumbRot_23, thumbRot_31, thumbRot_32, thumbRot_33, mapping, trialSuccess, 
858.147346, 0.1, 0.1, 0.0825690418, 0.187055554, -0.0199680804, 0.966180043, 4.23808896e-005, -0.257868423, 0.257868422, 3.00488738e-005, 0.966180043, 4.86962254e-005, -0.999999999, 1.81039291e-005, 0.966180108, 1.73510926e-005, -0.25786818, 0.25786818, -3.122183e-006, 0.966180108, 1.59591689e-005, -1, -7.49088579e-006, 0, 0, 0, 0, 0, 0, 0, 0.123396606, 0.0696793945, -0.117388403, -0.329510105, 0.877447395, -0.348453954, -0.545288086, 0.124511719, 0.828979492, 0.770876372, 0.463165889, 0.437459537, 0, 0, 0, 0, 0, 0, 0, 0.197137549, 0.108102002, -0.112382324, -0.311997052, 0.749218662, -0.584027759, -0.165039062, -0.648193359, -0.743286133, -0.935564843, -0.135439974, 0.325992202, 3, 1, 
858.197566, 0.1, 0.1, 0.0825691305, 0.187055819, -0.0199630113, 0.966184267, -5.11267076e-005, -0.257852595, 0.257852591, -6.7080999e-005, 0.966184266, -6.66948301e-005, -0.999999996, -5.16294518e-005, 0.966184394, -5.89073202e-005, -0.257852116, 0.257852112, -6.1673444e-005, 0.966184395, -7.28179615e-005, -0.999999996, -4.43985422e-005, 0, 0, 0, 0, 0, 0, 0, 0.138909521, 0.0371771484, -0.108379761, -0.336298951, 0.865200432, -0.371748911, -0.536499023, 0.14831543, 0.830688477, 0.774052682, 0.478700731, 0.414453238, 0, 0, 0, 0, 0, 0, 0, 0.211268408, 0.0756638184, -0.10411626, -0.336218669, 0.708496621, -0.620401563, -0.14465332, -0.689819336, -0.709228516, -0.930500589, -0.148557508, 0.334566174, 3, 1, 
858.198423, 0.1, 0.1, 0.0825691379, 0.187055824, -0.0199633536, 0.96618362, 7.31080804e-005, -0.25785501, 0.257855006, 5.58338698e-005, 0.966183623, 8.5032873e-005, -0.999999996, 3.5094486e-005, 0.966183739, 6.09693755e-005, -0.25785457, 0.257854568, 4.73053712e-005, 0.96618374, 7.11055255e-005, -0.999999997, 2.99844485e-005, 0, 0, 0, 0, 0, 0, 0, 0.138909521, 0.0371771484, -0.108379761, -0.336298951, 0.865200432, -0.371748911, -0.536499023, 0.14831543, 0.830688477, 0.774052682, 0.478700731, 0.414453238, 0, 0, 0, 0, 0, 0, 0, 0.211268408, 0.0756638184, -0.10411626, -0.336218669, 0.708496621, -0.620401563, -0.14465332, -0.689819336, -0.709228516, -0.930500589, -0.148557508, 0.334566174, 3, 1, 
858.199298, 0.1, 0.1, 0.0825691454, 0.187055823, -0.0199634557, 0.966183122, -3.22192241e-005, -0.257856886, 0.257856883, -6.06260542e-005, 0.966183121, -4.6762516e-005, -0.999999998, -5.02679216e-005, 0.966183203, -1.3511199e-006, -0.257856584, 0.257856583, -4.93007289e-005, 0.966183202, -1.40179469e-005, -0.999999999, -4.7285141e-005, 0, 0, 0, 0, 0, 0, 0, 0.138909521, 0.0371771484, -0.108379761, -0.337301683, 0.864306285, -0.372841131, -0.535888672, 0.149169922, 0.830932617, 0.773964315, 0.480078269, 0.413019534, 0, 0, 0, 0, 0, 0, 0, 0.211268408, 0.0756638184, -0.10411626, -0.336218669, 0.708496621, -0.620401563, -0.14465332, -0.689819336, -0.709228516, -0.930500589, -0.148557508, 0.334566174, 3, 1, 
858.200179, 0.1, 0.1, 0.0825691379, 0.187055827, -0.0199627515, 0.966182918, 1.68883624e-005, -0.257857652, 0.257857651, 6.09968353e-005, 0.966182917, 3.2045748e-005, -0.999999998, 5.45793069e-005, 0.966182929, -2.32793302e-005, -0.257857612, 0.257857613, 4.47280919e-005, 0.966182928, -1.09586125e-005, -0.999999999, 4.92182713e-005, 0, 0, 0, 0, 0, 0, 0, 0.139974219, 0.0349032227, -0.10732373, -0.337301683, 0.864306285, -0.372841131, -0.535888672, 0.149169922, 0.830932617, 0.773964315, 0.480078269, 0.413019534, 0, 0, 0, 0, 0, 0, 0, 0.212359717, 0.0730570312, -0.10292793, -0.336582874, 0.706324152, -0.622574032, -0.143188477, -0.691894531, -0.707519531, -0.930538869, -0.148908587, 0.334215096, 3, 1, 
858.201034, 0.1, 0.1, 0.0825691502, 0.187055831, -0.0199621105, 0.966183031, 1.46908651e-005, -0.257857228, 0.257857229, -3.68372069e-005, 0.96618303, 4.6953245e-006, -0.999999999, -3.937963e-005, 0.966182983, 4.94793933e-005, -0.257857405, 0.257857407, -2.20821597e-005, 0.966182983, 4.21120995e-005, -0.999999999, -3.40940349e-005, 0, 0, 0, 0, 0, 0, 0, 0.139974219, 0.0349032227, -0.10732373, -0.337301683, 0.864306285, -0.372841131, -0.535888672, 0.149169922, 0.830932617, 0.773964315, 0.480078269, 0.413019534, 0, 0, 0, 0, 0, 0, 0, 0.212359717, 0.0730570312, -0.10292793, -0.336582874, 0.706324152, -0.622574032, -0.143188477, -0.691894531, -0.707519531, -0.930538869, -0.148908587, 0.334215096, 3, 1, 
858.201897, 0.1, 0.1, 0.0825691332, 0.187055834, -0.0199617127, 0.966183429, -7.30884125e-005, -0.257855726, 0.25785573, 4.04961575e-005, 0.96618343, -6.01746471e-005, -0.999999997, 5.79729823e-005, 0.966183326, -9.27358106e-005, -0.257856108, 0.257856112, 2.90083794e-005, 0.966183329, -8.21198063e-005, -0.999999995, 5.1939908e-005, 0, 0, 0, 0, 0, 0, 0, 0.139974219, 0.0349032227, -0.10732373, -0.337301683, 0.864306285, -0.372841131, -0.535888672, 0.149169922, 0.830932617, 0.773964315, 0.480078269, 0.413019534, 0, 0, 0, 0, 0, 0, 0, 0.212359717, 0.0730570312, -0.10292793, -0.336582874, 0.706324152, -0.622574032, -0.143188477, -0.691894531, -0.707519531, -0.930538869, -0.148908587, 0.334215096, 3, 1, 
858.202743, 0.1, 0.1, 0.082569143, 0.187055838, -0.0199616536, 0.966184003, 7.39640875e-005, -0.257853576, 0.257853578, -2.30185731e-005, 0.966184005, 6.55274969e-005, -0.999999997, -4.13120817e-005, 0.966183882, 7.49793114e-005, -0.25785403, 0.257854031, -1.57872385e-005, 0.966183884, 6.83729993e-005, -0.999999997, -3.45870931e-005, 0, 0, 0, 0, 0, 0, 0, 0.139974219, 0.0349032227, -0.10732373, -0.337301683, 0.864306285, -0.372841131, -0.535888672, 0.149169922, 0.830932617, 0.773964315, 0.480078269, 0.413019534, 0, 0, 0, 0, 0, 0, 0, 0.212359717, 0.0730570312, -0.10292793, -0.336582874, 0.706324152, -0.622574032, -0.143188477, -0.691894531, -0.707519531, -0.930538869, -0.148908587, 0.334215096, 3, 1, 
858.203609, 0.1, 0.1, 0.0825691376, 0.187055842, -0.0199618266, 0.966184614, -8.69865245e-005, -0.257851282, 0.257851285, 2.73494615e-005, 0.966184617, -7.69929482e-005, -0.999999996, 4.8854216e-005, 0.966184504, -7.40680151e-005, -0.257851697, 0.2578517, 2.57513296e-005, 0.966184506, -6.49233446e-005, -0.999999997, 4.39790992e-005, 0, 0, 0, 0, 0, 0, 0, 0.139974219, 0.0349032227, -0.10732373, -0.337301683, 0.864306285, -0.372841131, -0.535888672, 0.149169922, 0.830932617, 0.773964315, 0.480078269, 0.413019534, 0, 0, 0, 0, 0, 0, 0, 0.212359717, 0.0730570312, -0.10292793, -0.336582874, 0.706324152, -0.622574032, -0.143188477, -0.691894531, -0.707519531, -0.930538869, -0.148908587, 0.334215096, 3, 1, 
858.20451, 0.1, 0.1, 0.0825691384, 0.18705584, -0.0199619527, 0.966185095, 8.21734356e-005, -0.257849481, 0.257849484, -2.83887341e-005, 0.966185098, 7.20747286e-005, -0.999999996, -4.86171497e-005, 0.966185033, 5.19540161e-005, -0.257849722, 0.257849724, -3.36691041e-005, 0.966185033, 4.15156237e-005, -0.999999998, -4.59269132e-005, 0, 0, 0, 0, 0, 0, 0, 0.14118562, 0.0328422852, -0.106455054, -0.339764328, 0.863165012, -0.37325413, -0.535522461, 0.14855957, 0.831298828, 0.773242032, 0.4822365, 0.411972619, 0, 0, 0, 0, 0, 0, 0, 0.213571484, 0.0710577148, -0.101708105, -0.338563579, 0.703882993, -0.624248134, -0.140258789, -0.693847656, -0.706176758, -0.930378821, -0.151374532, 0.333793655, 3, 1, 
858.20537, 0.1, 0.1, 0.0825691493, 0.187055849, -0.0199620156, 0.966185274, -3.37376474e-005, -0.257848823, 0.257848824, 4.5008864e-005, 0.966185273, -2.09913354e-005, -0.999999998, 5.21861143e-005, 0.966185268, 1.26516975e-005, -0.257848847, 0.257848846, 5.28469429e-005, 0.966185267, 2.5850407e-005, -0.999999999, 4.77977121e-005, 0, 0, 0, 0, 0, 0, 0, 0.14118562, 0.0328422852, -0.106455054, -0.339764328, 0.863165012, -0.37325413, -0.535522461, 0.14855957, 0.831298828, 0.773242032, 0.4822365, 0.411972619, 0, 0, 0, 0, 0, 0, 0, 0.213571484, 0.0710577148, -0.101708105, -0.338563579, 0.703882993, -0.624248134, -0.140258789, -0.693847656, -0.706176758, -0.930378821, -0.151374532, 0.333793655, 3, 1, 
858.206221, 0.1, 0.1, 0.0825691398, 0.187055846, -0.0199623626, 0.966185129, 1.60342225e-006, -0.257849367, 0.257849366, -4.90833502e-005, 0.966185128, -1.1106908e-005, -0.999999999, -4.78370445e-005, 0.966185179, -3.12908734e-005, -0.257849178, 0.257849176, -5.16902186e-005, 0.966185179, -4.35610585e-005, -0.999999998, -4.18739972e-005, 0, 0, 0, 0, 0, 0, 0, 0.14118562, 0.0328422852, -0.106455054, -0.339764328, 0.863165012, -0.37325413, -0.535522461, 0.14855957, 0.831298828, 0.773242032, 0.4822365, 0.411972619, 0, 0, 0, 0, 0, 0, 0, 0.213571484, 0.0710577148, -0.101708105, -0.338563579, 0.703882993, -0.624248134, -0.140258789, -0.693847656, -0.706176758, -0.930378821, -0.151374532, 0.333793655, 3, 1, 
858.207102, 0.1, 0.1, 0.0825691536, 0.187055855, -0.0199627136, 0.966184694, 3.33966687e-005, -0.257850995, 0.257850992, 6.36172644e-005, 0.966184693, 4.8671125e-005, -0.999999997, 5.28546629e-005, 0.966184794, 5.43082956e-005, -0.257850617, 0.257850614, 6.28031433e-005, 0.966184794, 6.86656787e-005, -0.999999997, 4.66760147e-005, 0, 0, 0, 0, 0, 0, 0, 0.14118562, 0.0328422852, -0.106455054, -0.339764328, 0.863165012, -0.37325413, -0.535522461, 0.14855957, 0.831298828, 0.773242032, 0.4822365, 0.411972619, 0, 0, 0, 0, 0, 0, 0, 0.213571484, 0.0710577148, -0.101708105, -0.338563579, 0.703882993, -0.624248134, -0.140258789, -0.693847656, -0.706176758, -0.930378821, -0.151374532, 0.333793655, 3, 1, 
858.208041, 0.1, 0.1, 0.0825691446, 0.187055851, -0.0199624926, 0.966184048, -4.65858367e-005, -0.257853415, 0.257853411, -6.38519252e-005, 0.966184048, -6.14749292e-005, -0.999999997, -4.96803946e-005, 0.966184234, -5.5692145e-005, -0.257852714, 0.257852711, -5.5722783e-005, 0.966184235, -6.81771433e-005, -0.999999997, -3.94781039e-005, 0, 0, 0, 0, 0, 0, 0, 0.14118562, 0.0328422852, -0.106455054, -0.339764328, 0.863165012, -0.37325413, -0.535522461, 0.14855957, 0.831298828, 0.773242032, 0.4822365, 0.411972619, 0, 0, 0, 0, 0, 0, 0, 0.213571484, 0.0710577148, -0.101708105, -0.338563579, 0.703882993, -0.624248134, -0.140258789, -0.693847656, -0.706176758, -0.930378821, -0.151374532, 0.333793655, 3, 1, 
858.209492, 0.1, 0.1, 0.082569155, 0.187055855, -0.0199521314, 0.966183037, 7.78694471e-006, -0.257857208, 0.257857208, 7.72550468e-006, 0.966183037, 9.51569095e-006, -1, 5.45633175e-006, 0.966183201, 4.50097499e-005, -0.257856589, 0.257856589, 3.43491636e-006, 0.966183202, 4.43733801e-005, -0.999999999, -8.28730213e-006, 0, 0, 0, 0, 0, 0, 0, 0.142435596, 0.0305853271, -0.105327856, -0.34150956, 0.862613471, -0.372962821, -0.534667969, 0.148071289, 0.83203125, 0.773147674, 0.483436182, 0.410690561, 0, 0, 0, 0, 0, 0, 0, 0.214537061, 0.0688866699, -0.100832959, -0.34110645, 0.702157485, -0.624848579, -0.138916016, -0.69519043, -0.705078125, -0.929541403, -0.153642516, 0.33483523, 3, 1, 
858.210889, 0.1, 0.1, 0.082569145, 0.187055857, -0.0199358288, 0.966182176, 5.89018505e-005, -0.257860426, 0.257860421, 7.52054063e-005, 0.966182176, 7.63024162e-005, -0.999999995, 5.74736671e-005, 0.966182365, -1.48148536e-005, -0.257859723, 0.257859723, -4.24525238e-006, 0.966182365, -1.54085299e-005, -1, -2.81533933e-007, 0, 0, 0, 0, 0, 0, 0, 0.142435596, 0.0305853271, -0.105327856, -0.34150956, 0.862613471, -0.372962821, -0.534667969, 0.148071289, 0.83203125, 0.773147674, 0.483436182, 0.410690561, 0, 0, 0, 0, 0, 0, 0, 0.214537061, 0.0688866699, -0.100832959, -0.34110645, 0.702157485, -0.624848579, -0.138916016, -0.69519043, -0.705078125, -0.929541403, -0.153642516, 0.33483523, 3, 1, 
858.212342, 0.1, 0.1, 0.0825691548, 0.18705586, -0.0199222365, 0.966181595, -9.45001188e-005, -0.257862592, 0.257862588, -5.75483566e-005, 0.966181599, -0.000106143844, -0.999999994, -3.12341178e-005, 0.966181629, -4.56904865e-005, -0.257862477, 0.257862473, -7.41012324e-005, 0.966181629, -6.3253236e-005, -0.999999996, -5.98133876e-005, 0, 0, 0, 0, 0, 0, 0, 0.14348064, 0.0283222656, -0.10423728, -0.342893089, 0.861941363, -0.373394915, -0.533935547, 0.148193359, 0.832397461, 0.772996028, 0.484654961, 0.409523078, 0, 0, 0, 0, 0, 0, 0, 0.21545625, 0.066713916, -0.0999143555, -0.344403249, 0.700444736, -0.625039977, -0.138061523, -0.696411133, -0.704101562, -0.928537741, -0.156031902, 0.336656254, 3, 1, 
858.213727, 0.1, 0.1, 0.0825691689, 0.187055868, -0.01991979, 0.966182001, 0.000128357207, -0.257861056, 0.257861062, -3.79885281e-005, 0.966182007, 0.000114220662, -0.999999991, -6.98021578e-005, 0.966181852, 0.000129250504, -0.257861614, 0.257861617, -1.15479129e-005, 0.96618186, 0.000121901729, -0.999999992, -4.44861278e-005, 0, 0, 0, 0, 0, 0, 0, 0.14348064, 0.0283222656, -0.10423728, -0.342893089, 0.861941363, -0.373394915, -0.533935547, 0.148193359, 0.832397461, 0.772996028, 0.484654961, 0.409523078, 0, 0, 0, 0, 0, 0, 0, 0.21545625, 0.066713916, -0.0999143555, -0.344403249, 0.700444736, -0.625039977, -0.138061523, -0.696411133, -0.704101562, -0.928537741, -0.156031902, 0.336656254, 3, 1, 
858.215124, 0.1, 0.1, 0.0825691505, 0.187055864, -0.0199284253, 0.966182786, -3.93695619e-005, -0.257858142, 0.25785814, -5.90727715e-005, 0.966182786, -5.32705881e-005, -0.999999997, -4.69233329e-005, 0.966182648, -0.000104171444, -0.257858642, 0.257858643, -7.19950192e-006, 0.966182654, -0.000102505096, -0.999999995, 1.99054735e-005, 0, 0, 0, 0, 0, 0, 0, 0.14348064, 0.0283222656, -0.10423728, -0.342893089, 0.861941363, -0.373394915, -0.533935547, 0.148193359, 0.832397461, 0.772996028, 0.484654961, 0.409523078, 0, 0, 0, 0, 0, 0, 0, 0.21545625, 0.066713916, -0.0999143555, -0.344403249, 0.700444736, -0.625039977, -0.138061523, -0.696411133, -0.704101562, -0.928537741, -0.156031902, 0.336656254, 3, 1, 
858.216584, 0.1, 0.1, 0.0825691643, 0.18705587, -0.0199418442, 0.966182799, -5.35715163e-005, -0.257858093, 0.257858094, 1.03785223e-005, 0.9661828, -4.90836917e-005, -0.999999999, 2.38413988e-005, 0.966182865, 1.79626202e-005, -0.257857851, 0.257857849, 5.06894387e-005, 0.966182864, 3.04258455e-005, -0.999999999, 4.43434645e-005, 0, 0, 0, 0, 0, 0, 0, 0.144503345, 0.0260510254, -0.103133154, -0.344695609, 0.861085409, -0.373566779, -0.533325195, 0.147827148, 0.832885742, 0.772539968, 0.486273634, 0.408437972, 0, 0, 0, 0, 0, 0, 0, 0.21545625, 0.066713916, -0.0999143555, -0.348089773, 0.698565743, -0.624975811, -0.13671875, -0.697509766, -0.70324707, -0.927329555, -0.159175217, 0.338381396, 3, 1, 
858.217956, 0.1, 0.1, 0.0825691585, 0.187055867, -0.0199505049, 0.966182253, 5.49109983e-005, -0.257860139, 0.257860136, 5.12170528e-005, 0.966182254, 6.62608685e-005, -0.999999997, 3.532565e-005, 0.966182358, 2.67296658e-005, -0.257859748, 0.257859748, 2.87990587e-005, 0.966182358, 3.32518496e-005, -0.999999999, 2.09326376e-005, 0, 0, 0, 0, 0, 0, 0, 0.144503345, 0.0260510254, -0.103133154, -0.344695609, 0.861085409, -0.373566779, -0.533325195, 0.147827148, 0.832885742, 0.772539968, 0.486273634, 0.408437972, 0, 0, 0, 0, 0, 0, 0, 0.216353955, 0.0647375488, -0.0989808594, -0.348089773, 0.698565743, -0.624975811, -0.13671875, -0.697509766, -0.70324707, -0.927329555, -0.159175217, 0.338381396, 3, 1, 
858.218802, 0.1, 0.1, 0.0825691614, 0.187055862, -0.0199566715, 0.966182025, -5.32487322e-005, -0.257860994, 0.257860989, -8.27903379e-005, 0.966182024, -7.27963667e-005, -0.999999995, -6.62597655e-005, 0.966182047, -2.27814333e-005, -0.257860915, 0.257860913, -7.13139205e-005, 0.966182045, -4.04000846e-005, -0.999999997, -6.30277885e-005, 0, 0, 0, 0, 0, 0, 0, 0.144503345, 0.0260510254, -0.103133154, -0.344695609, 0.861085409, -0.373566779, -0.533325195, 0.147827148, 0.832885742, 0.772539968, 0.486273634, 0.408437972, 0, 0, 0, 0, 0, 0, 0, 0.216353955, 0.0647375488, -0.0989808594, -0.348089773, 0.698565743, -0.624975811, -0.13671875, -0.697509766, -0.70324707, -0.927329555, -0.159175217, 0.338381396, 3, 1, 
858.219653, 0.1, 0.1, 0.0825691503, 0.18705586, -0.0199645004, 0.966182061, 5.52331898e-006, -0.257860865, 0.257860864, 4.47438883e-005, 0.96618206, 1.68742295e-005, -0.999999999, 4.18064944e-005, 0.966182027, -3.62798587e-005, -0.25786099, 0.257860991, 2.55201049e-005, 0.966182027, -2.84723079e-005, -0.999999999, 3.4012227e-005, 0, 0, 0, 0, 0, 0, 0, 0.144503345, 0.0260510254, -0.103133154, -0.344695609, 0.861085409, -0.373566779, -0.533325195, 0.147827148, 0.832885742, 0.772539968, 0.486273634, 0.408437972, 0, 0, 0, 0, 0, 0, 0, 0.216353955, 0.0647375488, -0.0989808594, -0.348089773, 0.698565743, -0.624975811, -0.13671875, -0.697509766, -0.70324707, -0.927329555, -0.159175217, 0.338381396, 3, 1, 
858.220511, 0.1, 0.1, 0.0825691642, 0.187055865, -0.0199712007, 0.966182369, 4.37674403e-005, -0.257859706, 0.257859707, -1.85612428e-005, 0.966182369, 3.75011326e-005, -0.999999999, -2.92194049e-005, 0.966182294, 6.35412153e-005, -0.257859984, 0.257859985, -9.01493664e-006, 0.966182295, 5.90678059e-005, -0.999999998, -2.5094809e-005, 0, 0, 0, 0, 0, 0, 0, 0.144503345, 0.0260510254, -0.103133154, -0.344695609, 0.861085409, -0.373566779, -0.533325195, 0.147827148, 0.832885742, 0.772539968, 0.486273634, 0.408437972, 0, 0, 0, 0, 0, 0, 0, 0.216353955, 0.0647375488, -0.0989808594, -0.348089773, 0.698565743, -0.624975811, -0.13671875, -0.697509766, -0.70324707, -0.927329555, -0.159175217, 0.338381396, 3, 1, 
858.221405, 0.1, 0.1, 0.08256915, 0.187055867, -0.0199741539, 0.966182862, -9.63049103e-005, -0.257857846, 0.257857849, 2.16226047e-005, 0.966182865, -8.74725959e-005, -0.999999995, 4.57243671e-005, 0.966182765, -9.24546062e-005, -0.257858208, 0.257858211, 1.75357985e-005, 0.966182769, -8.48062978e-005, -0.999999996, 4.07829655e-005, 0, 0, 0, 0, 0, 0, 0, 0.145730981, 0.0239982666, -0.102031714, -0.346859832, 0.860127982, -0.373776836, -0.532592773, 0.147460937, 0.833374023, 0.772141195, 0.488031971, 0.40711173, 0, 0, 0, 0, 0, 0, 0, 0.21750127, 0.0627179687, -0.097910791, -0.351239652, 0.696092502, -0.625914941, -0.134155273, -0.69921875, -0.702148437, -0.926555936, -0.162503733, 0.339141889, 3, 1, 
858.222278, 0.1, 0.1, 0.0825691463, 0.187055867, -0.0199722539, 0.966183357, 5.83825301e-005, -0.257856002, 0.257856004, -3.70758038e-005, 0.966183357, 4.68480104e-005, -0.999999998, -5.08763105e-005, 0.966183267, 2.5948621e-005, -0.257856344, 0.257856344, -2.53903974e-005, 0.966183267, 1.85240484e-005, -0.999999999, -3.12227937e-005, 0, 0, 0, 0, 0, 0, 0, 0.145730981, 0.0239982666, -0.102031714, -0.346859832, 0.860127982, -0.373776836, -0.532592773, 0.147460937, 0.833374023, 0.772141195, 0.488031971, 0.40711173, 0, 0, 0, 0, 0, 0, 0, 0.21750127, 0.0627179687, -0.097910791, -0.351239652, 0.696092502, -0.625914941, -0.134155273, -0.69921875, -0.702148437, -0.926555936, -0.162503733, 0.339141889, 3, 1, 
858.223137, 0.1, 0.1, 0.0825691585, 0.187055865, -0.0199670053, 0.966183754, -1.17675914e-005, -0.257854519, 0.257854519, 2.57832579e-005, 0.966183754, -4.72132605e-006, -1, 2.79456915e-005, 0.966183683, 3.20099648e-005, -0.257854784, 0.257854785, -1.12206473e-006, 0.966183683, 3.06381759e-005, -0.999999999, -9.3380432e-006, 0, 0, 0, 0, 0, 0, 0, 0.145730981, 0.0239982666, -0.102031714, -0.346859832, 0.860127982, -0.373776836, -0.532592773, 0.147460937, 0.833374023, 0.772141195, 0.488031971, 0.40711173, 0, 0, 0, 0, 0, 0, 0, 0.21750127, 0.0627179687, -0.097910791, -0.351239652, 0.696092502, -0.625914941, -0.134155273, -0.69921875, -0.702148437, -0.926555936, -0.162503733, 0.339141889, 3, 1, 
858.224012, 0.1, 0.1, 0.082569154, 0.187055873, -0.019960446, 0.966184089, 3.32596177e-005, -0.257853263, 0.257853264, -8.34922816e-006, 0.966184089, 2.99820377e-005, -0.999999999, -1.66429924e-005, 0.966184026, -1.21398561e-005, -0.2578535, 0.257853501, 2.14359461e-005, 0.966184026, -6.20200134e-006, -1, 2.38413731e-005, 0, 0, 0, 0, 0, 0, 0, 0.145730981, 0.0239982666, -0.102031714, -0.346859832, 0.860127982, -0.373776836, -0.532592773, 0.147460937, 0.833374023, 0.772141195, 0.488031971, 0.40711173, 0, 0, 0, 0, 0, 0, 0, 0.218501514, 0.0602807129, -0.0964591797, -0.353124475, 0.693587544, -0.627652843, -0.131958008, -0.701293945, -0.700439453, -0.926140326, -0.16436267, 0.339327456, 3, 1, 
858.224864, 0.1, 0.1, 0.0825691597, 0.187055872, -0.0199552625, 0.966184402, -3.12122991e-005, -0.257852091, 0.257852092, 3.33100005e-005, 0.966184401, -2.15677832e-005, -0.999999999, 4.02317595e-005, 0.966184326, -5.37409405e-006, -0.257852375, 0.257852375, -4.55833774e-006, 0.966184326, -6.36774365e-006, -1, -3.01847157e-006, 0, 0, 0, 0, 0, 0, 0, 0.145730981, 0.0239982666, -0.102031714, -0.346859832, 0.860127982, -0.373776836, -0.532592773, 0.147460937, 0.833374023, 0.772141195, 0.488031971, 0.40711173, 0, 0, 0, 0, 0, 0, 0, 0.218501514, 0.0602807129, -0.0964591797, -0.353124475, 0.693587544, -0.627652843, -0.131958008, -0.701293945, -0.700439453, -0.926140326, -0.16436267, 0.339327456, 3, 1, 
858.225702, 0.1, 0.1, 0.0825691625, 0.187055883, -0.019953168, 0.966184877, 4.95178596e-005, -0.257850308, 0.257850309, -1.5669623e-005, 0.966184878, 4.380299e-005, -0.999999999, -2.79079482e-005, 0.966184765, 4.10597914e-005, -0.257850728, 0.257850727, 3.21809849e-005, 0.966184766, 4.79692353e-005, -0.999999999, 2.05054802e-005, 0, 0, 0, 0, 0, 0, 0, 0.145730981, 0.0239982666, -0.102031714, -0.346859832, 0.860127982, -0.373776836, -0.532592773, 0.147460937, 0.833374023, 0.772141195, 0.488031971, 0.40711173, 0, 0, 0, 0, 0, 0, 0, 0.218501514, 0.0602807129, -0.0964591797, -0.353124475, 0.693587544, -0.627652843, -0.131958008, -0.701293945, -0.700439453, -0.926140326, -0.16436267, 0.339327456, 3, 1, 
858.226578, 0.1, 0.1, 0.082569161, 0.187055872, -0.019954326, 0.966185621, -2.61119704e-005, -0.257847522, 0.257847522, 4.60976388e-006, 0.966185622, -2.40403941e-005, -1, 1.11867944e-005, 0.966185467, -3.12831162e-005, -0.2578481, 0.257848099, -4.25553316e-005, 0.966185467, -4.11981037e-005, -0.999999999, -3.30500509e-005, 0, 0, 0, 0, 0, 0, 0, 0.146794336, 0.0214902344, -0.100554956, -0.347881659, 0.859011797, -0.375370421, -0.532348633, 0.148681641, 0.833374023, 0.771932261, 0.489568269, 0.405633842, 0, 0, 0, 0, 0, 0, 0, 0.218501514, 0.0602807129, -0.0964591797, -0.353124475, 0.693587544, -0.627652843, -0.131958008, -0.701293945, -0.700439453, -0.926140326, -0.16436267, 0.339327456, 3, 1, 
858.227433, 0.1, 0.1, 0.0825691626, 0.187055879, -0.0199584421, 0.966186463, -1.33629182e-005, -0.25784437, 0.25784437, -3.70908002e-005, 0.966186462, -2.24747247e-005, -0.999999999, -3.23910759e-005, 0.9661863, 6.90338262e-006, -0.257844981, 0.257844981, 1.0704229e-005, 0.9661863, 9.42998544e-006, -1, 8.56227688e-006, 0, 0, 0, 0, 0, 0, 0, 0.146794336, 0.0214902344, -0.100554956, -0.347881659, 0.859011797, -0.375370421, -0.532348633, 0.148681641, 0.833374023, 0.771932261, 0.489568269, 0.405633842, 0, 0, 0, 0, 0, 0, 0, 0.218501514, 0.0602807129, -0.0964591797, -0.353124475, 0.693587544, -0.627652843, -0.131958008, -0.701293945, -0.700439453, -0.926140326, -0.16436267, 0.339327456, 3, 1, 
858.22831, 0.1, 0.1, 0.0825691614, 0.18705587, -0.0199638349, 0.966187199, 1.07610591e-005, -0.257841611, 0.257841611, 1.87635941e-005, 0.966187199, 1.52352329e-005, -1, 1.53544957e-005, 0.966187066, 8.8510162e-006, -0.257842111, 0.257842111, -2.47867189e-005, 0.966187065, 2.16067745e-006, -1, -2.62307719e-005, 0, 0, 0, 0, 0, 0, 0, 0.146794336, 0.0214902344, -0.100554956, -0.350261929, 0.85756611, -0.376424449, -0.532104492, 0.14855957, 0.833496094, 0.770949747, 0.49214549, 0.404441272, 0, 0, 0, 0, 0, 0, 0, 0.218501514, 0.0602807129, -0.0964591797, -0.353124475, 0.693587544, -0.627652843, -0.131958008, -0.701293945, -0.700439453, -0.926140326, -0.16436267, 0.339327456, 3, 1, 
858.229208, 0.1, 0.1, 0.0825691618, 0.187055879, -0.0199677654, 0.966187712, 1.23155054e-005, -0.257839688, 0.257839689, -9.26629043e-006, 0.966187712, 9.50987254e-006, -1, -1.2128402e-005, 0.966187618, 6.12326356e-006, -0.257840042, 0.257840041, 2.08067975e-005, 0.966187618, 1.1281047e-005, -1, 1.85244476e-005, 0, 0, 0, 0, 0, 0, 0, 0.147785913, 0.0191917725, -0.099272998, -0.350261929, 0.85756611, -0.376424449, -0.532104492, 0.14855957, 0.833496094, 0.770949747, 0.49214549, 0.404441272, 0, 0, 0, 0, 0, 0, 0, 0.219448779, 0.0582413574, -0.0952208008, -0.355897388, 0.690711819, -0.629282103, -0.12902832, -0.703369141, -0.698852539, -0.925449829, -0.16736526, 0.339647185, 3, 1, 
858.230063, 0.1, 0.1, 0.0825691625, 0.187055877, -0.0199692247, 0.966188177, -1.68711622e-005, -0.257837947, 0.257837948, 2.30746431e-005, 0.966188176, -1.03511988e-005, -1, 2.66444732e-005, 0.966188098, 3.99097369e-006, -0.257838243, 0.257838243, -3.29101775e-006, 0.966188098, 3.00748104e-006, -1, -4.20876782e-006, 0, 0, 0, 0, 0, 0, 0, 0.147785913, 0.0191917725, -0.099272998, -0.350261929, 0.85756611, -0.376424449, -0.532104492, 0.14855957, 0.833496094, 0.770949747, 0.49214549, 0.404441272, 0, 0, 0, 0, 0, 0, 0, 0.219448779, 0.0582413574, -0.0952208008, -0.355897388, 0.690711819, -0.629282103, -0.12902832, -0.703369141, -0.698852539, -0.925449829, -0.16736526, 0.339647185, 3, 1, 
858.230927, 0.1, 0.1, 0.0825691637, 0.187055885, -0.0199682449, 0.966188623, 2.36469623e-005, -0.257836274, 0.257836274, -1.10431371e-005, 0.966188623, 2.00001047e-005, -1, -1.67667981e-005, 0.966188517, 2.01957766e-005, -0.257836673, 0.257836672, 2.40407491e-005, 0.966188517, 2.57115142e-005, -1, 1.80206839e-005, 0, 0, 0, 0, 0, 0, 0, 0.147785913, 0.0191917725, -0.099272998, -0.350261929, 0.85756611, -0.376424449, -0.532104492, 0.14855957, 0.833496094, 0.770949747, 0.49214549, 0.404441272, 0, 0, 0, 0, 0, 0, 0, 0.219448779, 0.0582413574, -0.0952208008, -0.355897388, 0.690711819, -0.629282103, -0.12902832, -0.703369141, -0.698852539, -0.925449829, -0.16736526, 0.339647185, 3, 1, 
858.231765, 0.1, 0.1, 0.0825691592, 0.18705588, -0.0199654463, 0.966189199, -3.18626902e-005, -0.257834114, 0.257834114, 1.53479014e-005, 0.966189199, -2.68281746e-005, -0.999999999, 2.30442651e-005, 0.966189077, -3.6729916e-005, -0.25783457, 0.257834569, -1.96634536e-005, 0.966189078, -4.05579618e-005, -0.999999999, -9.52837204e-006, 0, 0, 0, 0, 0, 0, 0, 0.147785913, 0.0191917725, -0.099272998, -0.350261929, 0.85756611, -0.376424449, -0.532104492, 0.14855957, 0.833496094, 0.770949747, 0.49214549, 0.404441272, 0, 0, 0, 0, 0, 0, 0, 0.219448779, 0.0582413574, -0.0952208008, -0.355897388, 0.690711819, -0.629282103, -0.12902832, -0.703369141, -0.698852539, -0.925449829, -0.16736526, 0.339647185, 3, 1, 
858.232619, 0.1, 0.1, 0.0825691596, 0.187055886, -0.0199619368, 0.96618986, 5.82477995e-006, -0.257831639, 0.257831639, -3.04852164e-005, 0.96618986, -2.23220999e-006, -1, -3.09563196e-005, 0.966189743, -3.98391236e-006, -0.257832077, 0.257832077, 7.14776536e-006, 0.966189743, -2.00629207e-006, -1, 7.93327797e-006, 0, 0, 0, 0, 0, 0, 0, 0.147785913, 0.0191917725, -0.099272998, -0.350261929, 0.85756611, -0.376424449, -0.532104492, 0.14855957, 0.833496094, 0.770949747, 0.49214549, 0.404441272, 0, 0, 0, 0, 0, 0, 0, 0.219448779, 0.0582413574, -0.0952208008, -0.355897388, 0.690711819, -0.629282103, -0.12902832, -0.703369141, -0.698852539, -0.925449829, -0.16736526, 0.339647185, 3, 1, 
858.233506, 0.1, 0.1, 0.0825691628, 0.18705588, -0.0199587143, 0.966190413, 2.07905403e-006, -0.257829569, 0.257829568, 2.59119271e-005, 0.966190412, 8.68962305e-006, -1, 2.44998139e-005, 0.966190302, -2.35490329e-006, -0.257829984, 0.257829984, -1.75784413e-005, 0.966190302, -6.80753396e-006, -1, -1.63769548e-005, 0, 0, 0, 0, 0, 0, 0, 0.148807886, 0.0171471924, -0.0981633789, -0.352108632, 0.85679253, -0.376450658, -0.530883789, 0.1484375, 0.834228516, 0.770995052, 0.493503932, 0.402715136, 0, 0, 0, 0, 0, 0, 0, 0.220159619, 0.0562552246, -0.0939040527, -0.358938625, 0.688538983, -0.630029469, -0.127319336, -0.704833984, -0.697631836, -0.924542049, -0.170048489, 0.340918803, 3, 1, 
858.234365, 0.1, 0.1, 0.0825691624, 0.187055888, -0.01995701, 0.966190874, 1.74702865e-005, -0.25782784, 0.25782784, -2.63826557e-005, 0.966190874, 1.00774482e-005, -0.999999999, -2.99950074e-005, 0.966190783, 6.89683548e-006, -0.25782818, 0.25782818, 1.49821171e-005, 0.966190783, 1.05264708e-005, -1, 1.26973849e-005, 0, 0, 0, 0, 0, 0, 0, 0.148807886, 0.0171471924, -0.0981633789, -0.352108632, 0.85679253, -0.376450658, -0.530883789, 0.1484375, 0.834228516, 0.770995052, 0.493503932, 0.402715136, 0, 0, 0, 0, 0, 0, 0, 0.220159619, 0.0562552246, -0.0939040527, -0.358938625, 0.688538983, -0.630029469, -0.127319336, -0.704833984, -0.697631836, -0.924542049, -0.170048489, 0.340918803, 3, 1, 
858.235219, 0.1, 0.1, 0.082569165, 0.187055881, -0.0199574706, 0.966191325, -1.18739192e-005, -0.257826148, 0.257826149, 1.98515191e-005, 0.966191325, -6.35423699e-006, -1, 2.22417724e-005, 0.966191255, 1.48586361e-005, -0.257826413, 0.257826413, -1.6893848e-005, 0.966191255, 1.00006041e-005, -1, -2.0153637e-005, 0, 0, 0, 0, 0, 0, 0, 0.148807886, 0.0171471924, -0.0981633789, -0.352108632, 0.85679253, -0.376450658, -0.530883789, 0.1484375, 0.834228516, 0.770995052, 0.493503932, 0.402715136, 0, 0, 0, 0, 0, 0, 0, 0.220159619, 0.0562552246, -0.0939040527, -0.358938625, 0.688538983, -0.630029469, -0.127319336, -0.704833984, -0.697631836, -0.924542049, -0.170048489, 0.340918803, 3, 1, 
858.236077, 0.1, 0.1, 0.0825691629, 0.187055889, -0.0199598596, 0.966191726, -5.39291849e-006, -0.257824647, 0.257824647, -2.41378234e-005, 0.966191726, -1.1433919e-005, -1, -2.1931338e-005, 0.966191657, -1.54066459e-005, -0.257824906, 0.257824906, 1.40945739e-005, 0.966191657, -1.12518405e-005, -1, 1.75902768e-005, 0, 0, 0, 0, 0, 0, 0, 0.148807886, 0.0171471924, -0.0981633789, -0.352108632, 0.85679253, -0.376450658, -0.530883789, 0.1484375, 0.834228516, 0.770995052, 0.493503932, 0.402715136, 0, 0, 0, 0, 0, 0, 0, 0.220159619, 0.0562552246, -0.0939040527, -0.358938625, 0.688538983, -0.630029469, -0.127319336, -0.704833984, -0.697631836, -0.924542049, -0.170048489, 0.340918803, 3, 1, 
858.236951, 0.1, 0.1, 0.0825691642, 0.187055884, -0.0199630738, 0.966192034, -2.45178948e-006, -0.257823491, 0.257823491, 2.71824801e-005, 0.966192034, 4.63938244e-006, -1, 2.68956246e-005, 0.966191955, -7.14758701e-006, -0.257823789, 0.257823789, -1.88393961e-005, 0.966191955, -1.17631856e-005, -1, -1.6359655e-005, 0, 0, 0, 0, 0, 0, 0, 0.148807886, 0.0171471924, -0.0981633789, -0.352108632, 0.85679253, -0.376450658, -0.530883789, 0.1484375, 0.834228516, 0.770995052, 0.493503932, 0.402715136, 0, 0, 0, 0, 0, 0, 0, 0.220159619, 0.0562552246, -0.0939040527, -0.358938625, 0.688538983, -0.630029469, -0.127319336, -0.704833984, -0.697631836, -0.924542049, -0.170048489, 0.340918803, 3, 1, 
858.23779, 0.1, 0.1, 0.0825691628, 0.187055893, -0.019965672, 0.966192293, 8.91713827e-006, -0.257822521, 0.257822522, -8.05450401e-006, 0.966192293, 6.53903774e-006, -1, -1.00812388e-005, 0.96619224, 6.82089673e-008, -0.257822722, 0.257822721, 2.49460041e-005, 0.966192239, 6.49754963e-006, -1, 2.40850497e-005, 0, 0, 0, 0, 0, 0, 0, 0.148807886, 0.0171471924, -0.0981633789, -0.352108632, 0.85679253, -0.376450658, -0.530883789, 0.1484375, 0.834228516, 0.770995052, 0.493503932, 0.402715136, 0, 0, 0, 0, 0, 0, 0, 0.220159619, 0.0562552246, -0.0939040527, -0.358938625, 0.688538983, -0.630029469, -0.127319336, -0.704833984, -0.697631836, -0.924542049, -0.170048489, 0.340918803, 3, 1, 
858.238707, 0.1, 0.1, 0.0825691636, 0.187055888, -0.0199662973, 0.966192602, -1.36383615e-005, -0.257821365, 0.257821365, 1.64330108e-005, 0.966192602, -8.94050268e-006, -1, 1.93937144e-005, 0.966192559, 6.85931714e-006, -0.257821524, 0.257821524, -1.18462185e-005, 0.966192559, 3.57321106e-006, -1, -1.32142078e-005, 0, 0, 0, 0, 0, 0, 0, 0.150099243, 0.0146391602, -0.0969132812, -0.353028988, 0.855676345, -0.37812662, -0.530761719, 0.149658203, 0.834228516, 0.770646455, 0.49504023, 0.401497479, 0, 0, 0, 0, 0, 0, 0, 0.221169873, 0.053853125, -0.0926239258, -0.360714806, 0.686321672, -0.631236922, -0.126342773, -0.706787109, -0.695922852, -0.923992277, -0.171140737, 0.341896579, 3, 1, 
858.239564, 0.1, 0.1, 0.0825691617, 0.187055894, -0.0199654987, 0.966192856, -3.1186777e-006, -0.257820412, 0.257820412, -2.51763693e-005, 0.966192856, -9.50422602e-006, -1, -2.35211694e-005, 0.966192813, -1.24698965e-005, -0.257820572, 0.257820572, 8.02516033e-006, 0.966192813, -9.97927297e-006, -1, 1.09688481e-005, 0, 0, 0, 0, 0, 0, 0, 0.150099243, 0.0146391602, -0.0969132812, -0.353028988, 0.855676345, -0.37812662, -0.530761719, 0.149658203, 0.834228516, 0.770646455, 0.49504023, 0.401497479, 0, 0, 0, 0, 0, 0, 0, 0.221169873, 0.053853125, -0.0926239258, -0.360714806, 0.686321672, -0.631236922, -0.126342773, -0.706787109, -0.695922852, -0.923992277, -0.171140737, 0.341896579, 3, 1, 
858.240461, 0.1, 0.1, 0.0825691636, 0.187055889, -0.019963381, 0.966193047, 5.19915747e-008, -0.257819696, 0.257819696, 2.67279045e-005, 0.966193047, 6.94121411e-006, -1, 2.5810911e-005, 0.966192997, -5.01739509e-006, -0.257819883, 0.257819883, -1.67962813e-005, 0.966192997, -9.1781873e-006, -1, -1.49348652e-005, 0, 0, 0, 0, 0, 0, 0, 0.150099243, 0.0146391602, -0.0969132812, -0.354069911, 0.854579255, -0.379599638, -0.530395508, 0.150756836, 0.834228516, 0.770316953, 0.496697095, 0.400000496, 0, 0, 0, 0, 0, 0, 0, 0.221169873, 0.053853125, -0.0926239258, -0.360714806, 0.686321672, -0.631236922, -0.126342773, -0.706787109, -0.695922852, -0.923992277, -0.171140737, 0.341896579, 3, 1, 
858.24133, 0.1, 0.1, 0.0825691633, 0.187055897, -0.0199607781, 0.966193203, 1.69721779e-005, -0.257819112, 0.257819112, -2.08994654e-005, 0.966193203, 1.10101213e-005, -1, -2.45686733e-005, 0.966193169, 6.77422044e-006, -0.25781924, 0.257819239, 1.74725821e-005, 0.966193169, 1.10499733e-005, -1, 1.51353651e-005, 0, 0, 0, 0, 0, 0, 0, 0.151161255, 0.0121324707, -0.0954304199, -0.354069911, 0.854579255, -0.379599638, -0.530395508, 0.150756836, 0.834228516, 0.770316953, 0.496697095, 0.400000496, 0, 0, 0, 0, 0, 0, 0, 0.221941992, 0.0514527344, -0.0915802246, -0.362746551, 0.6840916, -0.632712697, -0.125610352, -0.708740234, -0.694091797, -0.923346623, -0.172111583, 0.343091639, 3, 1, 
858.242179, 0.1, 0.1, 0.082569166, 0.187055892, -0.0199592602, 0.96619338, -1.04752042e-005, -0.257818449, 0.257818449, 2.40631242e-005, 0.96619338, -3.9171556e-006, -1, 2.59503322e-005, 0.966193359, 1.52219473e-005, -0.257818529, 0.257818529, -1.11014516e-005, 0.966193359, 1.18451844e-005, -1, -1.46506489e-005, 0, 0, 0, 0, 0, 0, 0, 0.151161255, 0.0121324707, -0.0954304199, -0.354069911, 0.854579255, -0.379599638, -0.530395508, 0.150756836, 0.834228516, 0.770316953, 0.496697095, 0.400000496, 0, 0, 0, 0, 0, 0, 0, 0.221941992, 0.0514527344, -0.0915802246, -0.362746551, 0.6840916, -0.632712697, -0.125610352, -0.708740234, -0.694091797, -0.923346623, -0.172111583, 0.343091639, 3, 1, 
858.243033, 0.1, 0.1, 0.0825691648, 0.187055899, -0.0199592163, 0.966193538, 2.43065586e-007, -0.257817858, 0.257817858, -2.77068885e-005, 0.966193537, -6.90848225e-006, -1, -2.68328833e-005, 0.966193513, -1.1024959e-005, -0.257817951, 0.257817951, 1.45019043e-005, 0.966193513, -6.91339267e-006, -1, 1.68540782e-005, 0, 0, 0, 0, 0, 0, 0, 0.151161255, 0.0121324707, -0.0954304199, -0.354069911, 0.854579255, -0.379599638, -0.530395508, 0.150756836, 0.834228516, 0.770316953, 0.496697095, 0.400000496, 0, 0, 0, 0, 0, 0, 0, 0.221941992, 0.0514527344, -0.0915802246, -0.362746551, 0.6840916, -0.632712697, -0.125610352, -0.708740234, -0.694091797, -0.923346623, -0.172111583, 0.343091639, 3, 1, 
858.243886, 0.1, 0.1, 0.0825691675, 0.187055894, -0.0199604409, 0.966193625, 2.47136389e-006, -0.257817532, 0.257817532, 2.30566117e-005, 0.966193624, 8.33221476e-006, -1, 2.16399903e-005, 0.966193595, -2.03208755e-006, -0.257817644, 0.257817643, -2.13792321e-005, 0.966193595, -7.47533323e-006, -1, -2.01325691e-005, 0, 0, 0, 0, 0, 0, 0, 0.151161255, 0.0121324707, -0.0954304199, -0.354069911, 0.854579255, -0.379599638, -0.530395508, 0.150756836, 0.834228516, 0.770316953, 0.496697095, 0.400000496, 0, 0, 0, 0, 0, 0, 0, 0.221941992, 0.0514527344, -0.0915802246, -0.362746551, 0.6840916, -0.632712697, -0.125610352, -0.708740234, -0.694091797, -0.923346623, -0.172111583, 0.343091639, 3, 1, 
858.244726, 0.1, 0.1, 0.082569167, 0.187055901, -0.0199624522, 0.966193696, 1.42478655e-005, -0.257817264, 0.257817265, -1.56219714e-005, 0.966193696, 9.7385839e-006, -1, -1.8767196e-005, 0.966193677, 4.85730521e-006, -0.257817334, 0.257817334, 2.0240887e-005, 0.966193677, 9.91154911e-006, -1, 1.83043195e-005, 0, 0, 0, 0, 0, 0, 0, 0.151161255, 0.0121324707, -0.0954304199, -0.354069911, 0.854579255, -0.379599638, -0.530395508, 0.150756836, 0.834228516, 0.770316953, 0.496697095, 0.400000496, 0, 0, 0, 0, 0, 0, 0, 0.221941992, 0.0514527344, -0.0915802246, -0.362746551, 0.6840916, -0.632712697, -0.125610352, -0.708740234, -0.694091797, -0.923346623, -0.172111583, 0.343091639, 3, 1, 
858.245622, 0.1, 0.1, 0.0825691693, 0.187055897, -0.0199642366, 0.966193811, -1.04102476e-005, -0.257816835, 0.257816835, 2.2276284e-005, 0.96619381, -4.31511577e-006, -1, 2.42071448e-005, 0.966193801, 1.23694369e-005, -0.257816871, 0.257816871, -8.51765745e-006, 0.966193801, 9.75527743e-006, -1, -1.14187573e-005, 0, 0, 0, 0, 0, 0, 0, 0.152213745, 0.00984768066, -0.0941673828, -0.355313778, 0.853463069, -0.380990281, -0.529785156, 0.151977539, 0.834350586, 0.770266778, 0.498233393, 0.398243281, 0, 0, 0, 0, 0, 0, 0, 0.223018408, 0.0490557617, -0.0899371094, -0.363366318, 0.681836009, -0.634763765, -0.123779297, -0.710693359, -0.692382812, -0.92328902, -0.172839626, 0.34275332, 3, 1, 
858.246479, 0.1, 0.1, 0.0825691679, 0.187055904, -0.0199649503, 0.966193909, -2.10178668e-006, -0.257816468, 0.257816467, -1.85624921e-005, 0.966193908, -6.81644963e-006, -1, -1.73930916e-005, 0.966193895, -1.08953797e-005, -0.257816517, 0.257816517, 1.52190639e-005, 0.966193895, -6.60332335e-006, -1, 1.75135755e-005, 0, 0, 0, 0, 0, 0, 0, 0.152213745, 0.00984768066, -0.0941673828, -0.355313778, 0.853463069, -0.380990281, -0.529785156, 0.151977539, 0.834350586, 0.770266778, 0.498233393, 0.398243281, 0, 0, 0, 0, 0, 0, 0, 0.223018408, 0.0490557617, -0.0899371094, -0.363366318, 0.681836009, -0.634763765, -0.123779297, -0.710693359, -0.692382812, -0.92328902, -0.172839626, 0.34275332, 3, 1, 
858.247328, 0.1, 0.1, 0.0825691695, 0.1870559, -0.019964934, 0.966193952, -1.27725048e-006, -0.257816303, 0.257816303, 2.23234667e-005, 0.966193952, 4.52128198e-006, -1, 2.18980946e-005, 0.966193934, -5.25886014e-006, -0.257816372, 0.257816372, -1.41950869e-005, 0.966193934, -8.74080456e-006, -1, -1.23593866e-005, 0, 0, 0, 0, 0, 0, 0, 0.152213745, 0.00984768066, -0.0941673828, -0.355313778, 0.853463069, -0.380990281, -0.529785156, 0.151977539, 0.834350586, 0.770266778, 0.498233393, 0.398243281, 0, 0, 0, 0, 0, 0, 0, 0.223018408, 0.0490557617, -0.0899371094, -0.363366318, 0.681836009, -0.634763765, -0.123779297, -0.710693359, -0.692382812, -0.92328902, -0.172839626, 0.34275332, 3, 1, 
