time, realDorsalTactorPos, realVentralTactorPos, boxPosX, boxPosY, boxPosZ, boxLocalRot_11, boxLocalRot_12, boxLocalRot_13, boxLocalRot_21, boxLocalRot_22, boxLocalRot_23, boxLocalRot_31, boxLocalRot_32, boxLocalRot_33, boxGlobalRot_11, boxGlobalRot_12, boxGlobalRot_13, boxGlobalRot_21, boxGlobalRot_22, boxGlobalRot_23, boxGlobalRot_31, boxGlobalRot_32, boxGlobalRot_33, indexForceX, indexForceY, indexForceZ, indexForceGlobalX, indexForceGlobalY, indexForceGlobalZ, indexContact, indexPosX, indexPosY, indexPosZ, indexRot_11, indexRot_12, indexRot_13, indexRot_21, indexRot_22, indexRot_23, indexRot_31, indexRot_32, indexRot_33, thumbForceX, thumbForceY, thumbForceZ, thumbForceGlobalX, thumbForceGlobalY, thumbForceGlobalZ, thumbContact, thumbPosX, thumbPosY, thumbPosZ, thumbRot_11, thumbRot_12, thumbRot_13, thumbRot_21, thumbRot_22, thumbRot_23, thumbRot_31, thumbRot_32, thumbRot_33, mapping, trialSuccess, 
142.069173, 0.1, 0.1, 0.123942736, 0.197278032, -0.0199597942, 0.949857345, 5.21100593e-005, 0.312683581, 0.312683582, -2.63502753e-006, -0.949857346, -4.86731928e-005, 0.999999999, -1.87968603e-005, 0.949857341, 5.43763721e-005, 0.312683593, 0.312683594, 5.36491432e-006, -0.949857342, -5.3327317e-005, 0.999999999, -1.19066962e-005, 0, 0, 0, 0, 0, 0, 0, 0.159312891, -0.157025562, -0.169715112, -0.108259601, 0.815708332, -0.568113499, -0.49609375, 0.450927734, 0.741943359, 0.861526731, 0.362082431, 0.356073773, 0, 0, 0, 0, 0, 0, 0, 0.239933887, -0.115067773, -0.128072656, -0.0831242814, 0.322426757, -0.942883241, 0.648681641, -0.700683594, -0.296875, -0.756485303, -0.636286778, -0.150898446, 2, 1, 
142.102217, 0.1, 0.1, 0.123942759, 0.197278019, -0.0199669309, 0.94988475, -3.14056193e-005, 0.312600321, 0.312600321, -1.02869578e-006, -0.94988475, 3.01532895e-005, 1, 8.84026425e-006, 0.949884704, -1.46118848e-005, 0.312600463, 0.312600463, -1.58718607e-005, -0.949884704, 1.88411569e-005, 1, -1.05087558e-005, 0, 0, 0, 0, 0, 0, 0, 0.161110986, -0.163656763, -0.171786304, -0.116631171, 0.798512113, -0.590407229, -0.497802734, 0.467407227, 0.73046875, 0.859392084, 0.379142709, 0.343290618, 0, 0, 0, 0, 0, 0, 0, 0.241072949, -0.121945947, -0.130082959, -0.0785434701, 0.302587624, -0.949826819, 0.645996094, -0.710205078, -0.279541016, -0.759195151, -0.635548873, -0.139722202, 2, 1, 
142.103064, 0.1, 0.1, 0.123942757, 0.19727802, -0.0199640144, 0.949884998, 2.84836342e-005, 0.312599568, 0.312599568, 1.10895936e-006, -0.949884998, -2.74028371e-005, 1, -7.8505879e-006, 0.949884953, 3.23492939e-005, 0.312599704, 0.312599704, -6.04411205e-006, -0.949884953, -2.88387199e-005, 0.999999999, -1.58535908e-005, 0, 0, 0, 0, 0, 0, 0, 0.161110986, -0.163656763, -0.171786304, -0.116631171, 0.798512113, -0.590407229, -0.497802734, 0.467407227, 0.73046875, 0.859392084, 0.379142709, 0.343290618, 0, 0, 0, 0, 0, 0, 0, 0.241072949, -0.121945947, -0.130082959, -0.0785434701, 0.302587624, -0.949826819, 0.645996094, -0.710205078, -0.279541016, -0.759195151, -0.635548873, -0.139722202, 2, 1, 
142.103926, 0.1, 0.1, 0.12394276, 0.19727802, -0.0199609156, 0.949885098, -1.13882766e-006, 0.312599265, 0.312599265, -2.08440561e-005, -0.949885098, 7.59759202e-006, 1, -1.94434615e-005, 0.949885097, -2.26142561e-005, 0.312599266, 0.312599266, -1.94195624e-005, -0.949885098, 2.75514858e-005, 1, -1.1377153e-005, 0, 0, 0, 0, 0, 0, 0, 0.161110986, -0.163656763, -0.171786304, -0.120618131, 0.795970458, -0.593122992, -0.502563477, 0.466308594, 0.728027344, 0.856068614, 0.385724864, 0.344091528, 0, 0, 0, 0, 0, 0, 0, 0.241072949, -0.121945947, -0.130082959, -0.0785434701, 0.302587624, -0.949826819, 0.645996094, -0.710205078, -0.279541016, -0.759195151, -0.635548873, -0.139722202, 2, 1, 
142.104797, 0.1, 0.1, 0.123942755, 0.197278018, -0.0199583166, 0.949884979, -1.19898455e-005, 0.312599628, 0.312599628, -1.81689617e-005, -0.949884979, 1.70685848e-005, 1, -1.35104025e-005, 0.949885013, 1.47572512e-005, 0.312599524, 0.312599524, 1.72967034e-005, -0.949885013, -1.9424633e-005, 1, 1.18167697e-005, 0, 0, 0, 0, 0, 0, 0, 0.161790088, -0.163766626, -0.171476172, -0.120618131, 0.795970458, -0.593122992, -0.502563477, 0.466308594, 0.728027344, 0.856068614, 0.385724864, 0.344091528, 0, 0, 0, 0, 0, 0, 0, 0.241904541, -0.122202539, -0.129712891, -0.0768179615, 0.299552217, -0.950906674, 0.648925781, -0.708984375, -0.275756836, -0.756927166, -0.638200019, -0.139958442, 2, 1, 
142.105633, 0.1, 0.1, 0.123942757, 0.197278018, -0.0199576213, 0.949884903, 2.68124228e-005, 0.312599856, 0.312599856, 1.75205528e-005, -0.949884903, -3.09456379e-005, 0.999999999, 8.26094905e-006, 0.9498849, 9.55234571e-006, 0.312599867, 0.312599866, 2.17019057e-005, -0.9498849, -1.58576418e-005, 1, 1.76282505e-005, 0, 0, 0, 0, 0, 0, 0, 0.161790088, -0.163766626, -0.171476172, -0.120618131, 0.795970458, -0.593122992, -0.502563477, 0.466308594, 0.728027344, 0.856068614, 0.385724864, 0.344091528, 0, 0, 0, 0, 0, 0, 0, 0.241904541, -0.122202539, -0.129712891, -0.0768179615, 0.299552217, -0.950906674, 0.648925781, -0.708984375, -0.275756836, -0.756927166, -0.638200019, -0.139958442, 2, 1, 
142.106502, 0.1, 0.1, 0.123942758, 0.197278021, -0.0199587233, 0.949885062, -3.90012439e-005, 0.312599371, 0.312599371, 4.11927523e-006, -0.949885063, 3.57590161e-005, 0.999999999, 1.61046023e-005, 0.949885016, -3.83753466e-005, 0.312599512, 0.312599512, -3.55492584e-006, -0.949885017, 3.75634348e-005, 0.999999999, 8.61934382e-006, 0, 0, 0, 0, 0, 0, 0, 0.162155396, -0.164362036, -0.170781079, -0.122110246, 0.792805748, -0.59695007, -0.504882812, 0.468261719, 0.725219727, 0.854451063, 0.389933863, 0.343338167, 0, 0, 0, 0, 0, 0, 0, 0.241904541, -0.122202539, -0.129712891, -0.0768179615, 0.299552217, -0.950906674, 0.648925781, -0.708984375, -0.275756836, -0.756927166, -0.638200019, -0.139958442, 2, 1, 
142.107366, 0.1, 0.1, 0.123942754, 0.197278022, -0.0199608378, 0.949885304, 1.44011378e-005, 0.312598638, 0.312598638, 1.11939503e-005, -0.949885304, -1.71786428e-005, 1, 6.13119282e-006, 0.949885264, 3.62707153e-005, 0.312598759, 0.312598759, -4.43386962e-006, -0.949885265, -3.30669959e-005, 0.999999999, -1.5549848e-005, 0, 0, 0, 0, 0, 0, 0, 0.162155396, -0.164362036, -0.170781079, -0.122110246, 0.792805748, -0.59695007, -0.504882812, 0.468261719, 0.725219727, 0.854451063, 0.389933863, 0.343338167, 0, 0, 0, 0, 0, 0, 0, 0.24222251, -0.123116406, -0.129322314, -0.0755080635, 0.296057091, -0.952139646, 0.649414063, -0.709960938, -0.272216797, -0.756544005, -0.638812857, -0.138737863, 2, 1, 
142.108235, 0.1, 0.1, 0.123942756, 0.197278025, -0.0199634495, 0.949885349, 2.19777302e-005, 0.312598501, 0.312598501, -1.02368904e-005, -0.949885349, -1.76762874e-005, 1, -1.65940777e-005, 0.949885357, -1.8013274e-006, 0.312598479, 0.312598479, -2.69232656e-005, -0.949885356, 1.01272264e-005, 1, -2.50109235e-005, 0, 0, 0, 0, 0, 0, 0, 0.162155396, -0.164362036, -0.170781079, -0.122110246, 0.792805748, -0.59695007, -0.504882812, 0.468261719, 0.725219727, 0.854451063, 0.389933863, 0.343338167, 0, 0, 0, 0, 0, 0, 0, 0.24222251, -0.123116406, -0.129322314, -0.0755080635, 0.296057091, -0.952139646, 0.649414063, -0.709960938, -0.272216797, -0.756544005, -0.638812857, -0.138737863, 2, 1, 
142.109088, 0.1, 0.1, 0.123942754, 0.197278025, -0.0199655473, 0.949885227, -2.18876611e-005, 0.312598874, 0.312598873, -2.74870818e-005, -0.949885227, 2.93831967e-005, 0.999999999, -1.92675148e-005, 0.949885252, -1.06752779e-005, 0.312598798, 0.312598798, -1.82536635e-005, -0.949885252, 1.58463623e-005, 1, -1.40018067e-005, 0, 0, 0, 0, 0, 0, 0, 0.162155396, -0.164362036, -0.170781079, -0.122110246, 0.792805748, -0.59695007, -0.504882812, 0.468261719, 0.725219727, 0.854451063, 0.389933863, 0.343338167, 0, 0, 0, 0, 0, 0, 0, 0.24222251, -0.123116406, -0.129322314, -0.0755080635, 0.296057091, -0.952139646, 0.649414063, -0.709960938, -0.272216797, -0.756544005, -0.638812857, -0.138737863, 2, 1, 
142.109933, 0.1, 0.1, 0.123942753, 0.197278025, -0.0199665563, 0.949885189, 2.4767208e-005, 0.312598987, 0.312598987, -5.0794866e-006, -0.949885189, -2.19381617e-005, 1, -1.25671332e-005, 0.949885181, 1.96701807e-005, 0.312599012, 0.312599012, 1.41433688e-005, -0.949885181, -2.31056163e-005, 1, 7.28569737e-006, 0, 0, 0, 0, 0, 0, 0, 0.162155396, -0.164362036, -0.170781079, -0.122110246, 0.792805748, -0.59695007, -0.504882812, 0.468261719, 0.725219727, 0.854451063, 0.389933863, 0.343338167, 0, 0, 0, 0, 0, 0, 0, 0.24222251, -0.123116406, -0.129322314, -0.0755080635, 0.296057091, -0.952139646, 0.649414063, -0.709960938, -0.272216797, -0.756544005, -0.638812857, -0.138737863, 2, 1, 
142.110801, 0.1, 0.1, 0.123942756, 0.197278026, -0.0199661568, 0.949885333, -1.10207397e-005, 0.312598551, 0.312598551, 5.38968111e-006, -0.949885333, 8.7836325e-006, 1, 8.5646463e-006, 0.94988529, -2.99059258e-005, 0.31259868, 0.31259868, 6.80847133e-006, -0.94988529, 2.62788799e-005, 1, 1.58158197e-005, 0, 0, 0, 0, 0, 0, 0, 0.162155396, -0.164362036, -0.170781079, -0.122110246, 0.792805748, -0.59695007, -0.504882812, 0.468261719, 0.725219727, 0.854451063, 0.389933863, 0.343338167, 0, 0, 0, 0, 0, 0, 0, 0.24222251, -0.123116406, -0.129322314, -0.0755080635, 0.296057091, -0.952139646, 0.649414063, -0.709960938, -0.272216797, -0.756544005, -0.638812857, -0.138737863, 2, 1, 
142.111677, 0.1, 0.1, 0.123942752, 0.197278025, -0.0199639978, 0.949885492, -1.64415218e-005, 0.312598069, 0.312598069, 1.3365167e-005, -0.949885491, 1.14396376e-005, 1, 1.78349662e-005, 0.949885476, 1.22676488e-005, 0.312598116, 0.312598116, 1.65873497e-005, -0.949885476, -1.68380357e-005, 1, 1.19212387e-005, 0, 0, 0, 0, 0, 0, 0, 0.162355566, -0.16509353, -0.171087573, -0.122573419, 0.79155589, -0.598505464, -0.504394531, 0.469604492, 0.724487305, 0.854648014, 0.390626189, 0.342101414, 0, 0, 0, 0, 0, 0, 0, 0.242020508, -0.123865479, -0.129556787, -0.0749331384, 0.294632354, -0.95260593, 0.64855957, -0.711181641, -0.270996094, -0.757342777, -0.638103403, -0.13780493, 2, 1, 
142.112524, 0.1, 0.1, 0.123942752, 0.197278026, -0.0199615746, 0.949885443, 2.73300372e-005, 0.312598215, 0.312598215, 2.18316152e-005, -0.949885443, -3.27849285e-005, 0.999999999, 1.21942127e-005, 0.949885472, 2.20048371e-005, 0.312598128, 0.312598128, -3.08660146e-006, -0.949885472, -1.99372092e-005, 1, -9.81058876e-006, 0, 0, 0, 0, 0, 0, 0, 0.162355566, -0.16509353, -0.171087573, -0.122573419, 0.79155589, -0.598505464, -0.504394531, 0.469604492, 0.724487305, 0.854648014, 0.390626189, 0.342101414, 0, 0, 0, 0, 0, 0, 0, 0.242020508, -0.123865479, -0.129556787, -0.0749331384, 0.294632354, -0.95260593, 0.64855957, -0.711181641, -0.270996094, -0.757342777, -0.638103403, -0.13780493, 2, 1, 
142.113376, 0.1, 0.1, 0.123942754, 0.197278027, -0.0199598289, 0.949885273, -3.04677803e-005, 0.312598733, 0.312598732, -2.10173063e-005, -0.949885273, 3.55108791e-005, 0.999999999, -1.04398402e-005, 0.949885302, -2.89805435e-005, 0.312598643, 0.312598642, -2.90050539e-005, -0.949885303, 3.65951329e-005, 0.999999999, -1.84921958e-005, 0, 0, 0, 0, 0, 0, 0, 0.162355566, -0.16509353, -0.171087573, -0.122573419, 0.79155589, -0.598505464, -0.504394531, 0.469604492, 0.724487305, 0.854648014, 0.390626189, 0.342101414, 0, 0, 0, 0, 0, 0, 0, 0.242020508, -0.123865479, -0.129556787, -0.0749331384, 0.294632354, -0.95260593, 0.64855957, -0.711181641, -0.270996094, -0.757342777, -0.638103403, -0.13780493, 2, 1, 
142.114228, 0.1, 0.1, 0.123942751, 0.197278026, -0.0199593438, 0.949885251, 1.64639964e-005, 0.312598801, 0.312598801, -1.80221507e-005, -0.94988525, -1.00052046e-005, 1, -2.22656006e-005, 0.949885236, 3.04020091e-005, 0.312598846, 0.312598846, -5.52988424e-006, -0.949885236, -2.71497841e-005, 1, -1.47563883e-005, 0, 0, 0, 0, 0, 0, 0, 0.162355566, -0.16509353, -0.171087573, -0.122573419, 0.79155589, -0.598505464, -0.504394531, 0.469604492, 0.724487305, 0.854648014, 0.390626189, 0.342101414, 0, 0, 0, 0, 0, 0, 0, 0.242020508, -0.123865479, -0.129556787, -0.0749331384, 0.294632354, -0.95260593, 0.64855957, -0.711181641, -0.270996094, -0.757342777, -0.638103403, -0.13780493, 2, 1, 
142.115077, 0.1, 0.1, 0.123942754, 0.197278027, -0.0199601636, 0.949885434, 2.09955144e-005, 0.312598243, 0.312598243, -8.06762765e-006, -0.949885434, -1.74214071e-005, 1, -1.42264829e-005, 0.949885391, -1.61061607e-005, 0.312598375, 0.312598375, 3.04453157e-006, -0.949885391, 1.43472911e-005, 1, 7.92671572e-006, 0, 0, 0, 0, 0, 0, 0, 0.162355566, -0.16509353, -0.171087573, -0.122573419, 0.79155589, -0.598505464, -0.504394531, 0.469604492, 0.724487305, 0.854648014, 0.390626189, 0.342101414, 0, 0, 0, 0, 0, 0, 0, 0.242020508, -0.123865479, -0.129556787, -0.0749331384, 0.294632354, -0.95260593, 0.64855957, -0.711181641, -0.270996094, -0.757342777, -0.638103403, -0.13780493, 2, 1, 
142.115922, 0.1, 0.1, 0.123942752, 0.197278027, -0.0199619665, 0.949885569, -2.73192738e-005, 0.312597833, 0.312597833, -3.25986933e-006, -0.949885569, 2.6969212e-005, 1, 5.44344298e-006, 0.949885559, -1.59439779e-005, 0.312597863, 0.312597863, 9.63619133e-006, -0.949885559, 1.21327016e-005, 1, 1.41373324e-005, 0, 0, 0, 0, 0, 0, 0, 0.162355566, -0.16509353, -0.171087573, -0.122573419, 0.79155589, -0.598505464, -0.504394531, 0.469604492, 0.724487305, 0.854648014, 0.390626189, 0.342101414, 0, 0, 0, 0, 0, 0, 0, 0.242020508, -0.123865479, -0.129556787, -0.0749331384, 0.294632354, -0.95260593, 0.64855957, -0.711181641, -0.270996094, -0.757342777, -0.638103403, -0.13780493, 2, 1, 
142.11682, 0.1, 0.1, 0.123942749, 0.197278029, -0.0199635019, 0.949885483, 2.54198278e-005, 0.312598095, 0.312598095, 1.96472924e-005, -0.949885483, -3.02876315e-005, 0.999999999, 1.0716488e-005, 0.949885517, 2.98438743e-005, 0.312597992, 0.312597992, 1.30116483e-005, -0.949885517, -3.24156791e-005, 0.999999999, 3.03044107e-006, 0, 0, 0, 0, 0, 0, 0, 0.162293921, -0.165327759, -0.171544189, -0.123754006, 0.791264581, -0.59868332, -0.504882812, 0.469238281, 0.724487305, 0.854217041, 0.391908247, 0.341758807, 0, 0, 0, 0, 0, 0, 0, 0.242223975, -0.124343701, -0.129774902, -0.0753356226, 0.294319189, -0.952644209, 0.648925781, -0.71081543, -0.270874023, -0.757016852, -0.638627289, -0.137440725, 2, 1, 
142.117651, 0.1, 0.1, 0.123942752, 0.197278031, -0.0199645493, 0.94988533, -1.61809227e-005, 0.31259856, 0.31259856, 2.41615313e-006, -0.94988533, 1.46147351e-005, 1, 7.35320155e-006, 0.949885354, -2.30341967e-005, 0.312598485, 0.312598485, -2.13004962e-005, -0.949885355, 2.8538349e-005, 1, -1.30325744e-005, 0, 0, 0, 0, 0, 0, 0, 0.162293921, -0.165327759, -0.171544189, -0.123754006, 0.791264581, -0.59868332, -0.504882812, 0.469238281, 0.724487305, 0.854217041, 0.391908247, 0.341758807, 0, 0, 0, 0, 0, 0, 0, 0.242223975, -0.124343701, -0.129774902, -0.0753356226, 0.294319189, -0.952644209, 0.648925781, -0.71081543, -0.270874023, -0.757016852, -0.638627289, -0.137440725, 2, 1, 
142.118497, 0.1, 0.1, 0.123942749, 0.197278031, -0.0199650426, 0.949885346, -1.39955198e-005, 0.312598513, 0.312598512, -1.47366948e-005, -0.949885346, 1.79008081e-005, 1, -9.62319179e-006, 0.949885328, 1.44706843e-005, 0.312598565, 0.312598566, -1.38598004e-005, -0.949885328, -9.41293694e-006, 1, -1.76887362e-005, 0, 0, 0, 0, 0, 0, 0, 0.162293921, -0.165327759, -0.171544189, -0.123754006, 0.791264581, -0.59868332, -0.504882812, 0.469238281, 0.724487305, 0.854217041, 0.391908247, 0.341758807, 0, 0, 0, 0, 0, 0, 0, 0.242223975, -0.124343701, -0.129774902, -0.0753356226, 0.294319189, -0.952644209, 0.648925781, -0.71081543, -0.270874023, -0.757016852, -0.638627289, -0.137440725, 2, 1, 
142.119349, 0.1, 0.1, 0.12394275, 0.197278031, -0.0199647638, 0.949885512, 2.99514418e-005, 0.312598005, 0.312598006, -4.18243019e-006, -0.949885513, -2.71430213e-005, 1, -1.33355908e-005, 0.94988548, 1.57041766e-005, 0.312598104, 0.312598104, -2.97210566e-006, -0.94988548, -1.39880947e-005, 1, -7.73225583e-006, 0, 0, 0, 0, 0, 0, 0, 0.162293921, -0.165327759, -0.171544189, -0.123754006, 0.791264581, -0.59868332, -0.504882812, 0.469238281, 0.724487305, 0.854217041, 0.391908247, 0.341758807, 0, 0, 0, 0, 0, 0, 0, 0.242223975, -0.124343701, -0.129774902, -0.0753356226, 0.294319189, -0.952644209, 0.648925781, -0.71081543, -0.270874023, -0.757016852, -0.638627289, -0.137440725, 2, 1, 
142.120196, 0.1, 0.1, 0.123942752, 0.19727803, -0.019963929, 0.949885585, -2.30682557e-005, 0.312597784, 0.312597784, -1.79772539e-005, -0.949885585, 2.75318533e-005, 1, -9.86524874e-006, 0.949885587, -3.18083125e-005, 0.312597777, 0.312597777, 1.64227867e-006, -0.949885588, 2.9700885e-005, 0.999999999, 1.15031846e-005, 0, 0, 0, 0, 0, 0, 0, 0.162293921, -0.165327759, -0.171544189, -0.123754006, 0.791264581, -0.59868332, -0.504882812, 0.469238281, 0.724487305, 0.854217041, 0.391908247, 0.341758807, 0, 0, 0, 0, 0, 0, 0, 0.242223975, -0.124343701, -0.129774902, -0.0753356226, 0.294319189, -0.952644209, 0.648925781, -0.71081543, -0.270874023, -0.757016852, -0.638627289, -0.137440725, 2, 1, 
142.121106, 0.1, 0.1, 0.123942749, 0.197278028, -0.019962378, 0.949885444, 6.44352525e-006, 0.312598213, 0.312598213, 1.22348421e-005, -0.949885444, -9.94520063e-006, 1, 9.60746396e-006, 0.949885484, 2.09794609e-005, 0.312598092, 0.312598091, 2.67222492e-005, -0.949885484, -2.82814095e-005, 0.999999999, 1.88249372e-005, 0, 0, 0, 0, 0, 0, 0, 0.162065186, -0.166253931, -0.172038647, -0.123899661, 0.790623552, -0.599534405, -0.50378418, 0.470336914, 0.724487305, 0.85485807, 0.391762592, 0.340286911, 0, 0, 0, 0, 0, 0, 0, 0.242223975, -0.124343701, -0.129774902, -0.0754059849, 0.293648382, -0.95284217, 0.64831543, -0.711547852, -0.270507812, -0.757515218, -0.63808408, -0.136725075, 2, 1, 
142.12196, 0.1, 0.1, 0.123942752, 0.19727803, -0.0199606159, 0.949885296, 1.14640525e-005, 0.312598662, 0.312598662, 2.09068819e-005, -0.949885296, -1.74249982e-005, 1, 1.62754922e-005, 0.949885311, -1.67041094e-005, 0.312598619, 0.312598619, 5.56425439e-006, -0.949885311, 1.41276099e-005, 1, 1.05070851e-005, 0, 0, 0, 0, 0, 0, 0, 0.162065186, -0.166253931, -0.172038647, -0.123899661, 0.790623552, -0.599534405, -0.50378418, 0.470336914, 0.724487305, 0.85485807, 0.391762592, 0.340286911, 0, 0, 0, 0, 0, 0, 0, 0.241985596, -0.125046387, -0.129996191, -0.0754059849, 0.293648382, -0.95284217, 0.64831543, -0.711547852, -0.270507812, -0.757515218, -0.63808408, -0.136725075, 2, 1, 
142.122829, 0.1, 0.1, 0.123942751, 0.197278031, -0.0199597671, 0.949885368, -3.63157653e-005, 0.312598442, 0.312598443, 1.85439785e-006, -0.949885369, 3.39161322e-005, 0.999999999, 1.31137171e-005, 0.949885326, -1.18325073e-005, 0.312598573, 0.312598572, -1.88572726e-005, -0.949885326, 1.71342815e-005, 1, -1.42134217e-005, 0, 0, 0, 0, 0, 0, 0, 0.162065186, -0.166253931, -0.172038647, -0.123899661, 0.790623552, -0.599534405, -0.50378418, 0.470336914, 0.724487305, 0.85485807, 0.391762592, 0.340286911, 0, 0, 0, 0, 0, 0, 0, 0.241985596, -0.125046387, -0.129996191, -0.0754059849, 0.293648382, -0.95284217, 0.64831543, -0.711547852, -0.270507812, -0.757515218, -0.63808408, -0.136725075, 2, 1, 
142.123712, 0.1, 0.1, 0.123942747, 0.197278031, -0.0199594645, 0.949885576, 4.10160257e-005, 0.312597809, 0.312597809, -9.34787079e-007, -0.949885577, -3.86683188e-005, 0.999999999, -1.37094606e-005, 0.949885541, 4.47277076e-005, 0.312597917, 0.312597918, -8.05968159e-006, -0.949885541, -3.99667631e-005, 0.999999999, -2.16375633e-005, 0, 0, 0, 0, 0, 0, 0, 0.161378369, -0.166911328, -0.172462549, -0.124311538, 0.790933957, -0.598976873, -0.501342773, 0.470825195, 0.725830078, 0.856159225, 0.390601102, 0.338344727, 0, 0, 0, 0, 0, 0, 0, 0.24169082, -0.125522656, -0.130425586, -0.0763389183, 0.293137256, -0.952969768, 0.647705078, -0.712036133, -0.270874023, -0.757981501, -0.637892316, -0.135511059, 2, 1, 
142.124562, 0.1, 0.1, 0.123942749, 0.197278032, -0.0199600965, 0.949885629, -2.06710295e-006, 0.312597652, 0.312597651, -2.48760405e-005, -0.949885629, 9.73970322e-006, 1, -2.29832218e-005, 0.949885638, -1.97181989e-005, 0.312597624, 0.312597624, -2.27634325e-005, -0.949885638, 2.58458289e-005, 1, -1.54587954e-005, 0, 0, 0, 0, 0, 0, 0, 0.161378369, -0.166911328, -0.172462549, -0.124311538, 0.790933957, -0.598976873, -0.501342773, 0.470825195, 0.725830078, 0.856159225, 0.390601102, 0.338344727, 0, 0, 0, 0, 0, 0, 0, 0.24169082, -0.125522656, -0.130425586, -0.0763389183, 0.293137256, -0.952969768, 0.647705078, -0.712036133, -0.270874023, -0.757981501, -0.637892316, -0.135511059, 2, 1, 
142.125412, 0.1, 0.1, 0.123942745, 0.19727803, -0.0199617086, 0.949885473, -1.1238032e-005, 0.312598126, 0.312598126, -1.79003946e-005, -0.949885473, 1.62704732e-005, 1, -1.34903371e-005, 0.949885511, 1.15849628e-005, 0.31259801, 0.312598009, 1.22388722e-005, -0.949885511, -1.48302354e-005, 1, 8.00409105e-006, 0, 0, 0, 0, 0, 0, 0, 0.161378369, -0.166911328, -0.172462549, -0.124311538, 0.790933957, -0.598976873, -0.501342773, 0.470825195, 0.725830078, 0.856159225, 0.390601102, 0.338344727, 0, 0, 0, 0, 0, 0, 0, 0.24169082, -0.125522656, -0.130425586, -0.0763389183, 0.293137256, -0.952969768, 0.647705078, -0.712036133, -0.270874023, -0.757981501, -0.637892316, -0.135511059, 2, 1, 
142.126263, 0.1, 0.1, 0.123942747, 0.197278031, -0.019963622, 0.949885358, 2.06275814e-005, 0.312598476, 0.312598475, 1.33496677e-005, -0.949885358, -2.37669233e-005, 1, 6.23250339e-006, 0.949885364, 5.82961417e-006, 0.312598457, 0.312598457, 1.69468871e-005, -0.949885364, -1.08350359e-005, 1, 1.42752717e-005, 0, 0, 0, 0, 0, 0, 0, 0.161378369, -0.166911328, -0.172462549, -0.124311538, 0.790933957, -0.598976873, -0.501342773, 0.470825195, 0.725830078, 0.856159225, 0.390601102, 0.338344727, 0, 0, 0, 0, 0, 0, 0, 0.24169082, -0.125522656, -0.130425586, -0.0763389183, 0.293137256, -0.952969768, 0.647705078, -0.712036133, -0.270874023, -0.757981501, -0.637892316, -0.135511059, 2, 1, 
142.127111, 0.1, 0.1, 0.123942749, 0.197278034, -0.0199651441, 0.949885443, -3.39577768e-005, 0.312598214, 0.312598214, 1.4338005e-006, -0.949885444, 3.18077944e-005, 0.999999999, 1.19770866e-005, 0.949885413, -3.36328665e-005, 0.312598306, 0.312598306, -4.99607291e-006, -0.949885414, 3.35091332e-005, 0.999999999, 5.76788031e-006, 0, 0, 0, 0, 0, 0, 0, 0.161378369, -0.166911328, -0.172462549, -0.124311538, 0.790933957, -0.598976873, -0.501342773, 0.470825195, 0.725830078, 0.856159225, 0.390601102, 0.338344727, 0, 0, 0, 0, 0, 0, 0, 0.24169082, -0.125522656, -0.130425586, -0.0763389183, 0.293137256, -0.952969768, 0.647705078, -0.712036133, -0.270874023, -0.757981501, -0.637892316, -0.135511059, 2, 1, 
142.127972, 0.1, 0.1, 0.123942746, 0.197278034, -0.0199657169, 0.949885598, 8.59698805e-006, 0.312597745, 0.312597745, 1.11371436e-005, -0.949885598, -1.16476011e-005, 1, 7.89161322e-006, 0.949885573, 2.77021998e-005, 0.312597819, 0.312597819, -3.28950886e-006, -0.949885574, -2.52856267e-005, 1, -1.17843043e-005, 0, 0, 0, 0, 0, 0, 0, 0.161378369, -0.166911328, -0.172462549, -0.124311538, 0.790933957, -0.598976873, -0.501342773, 0.470825195, 0.725830078, 0.856159225, 0.390601102, 0.338344727, 0, 0, 0, 0, 0, 0, 0, 0.24169082, -0.125522656, -0.130425586, -0.0763389183, 0.293137256, -0.952969768, 0.647705078, -0.712036133, -0.270874023, -0.757981501, -0.637892316, -0.135511059, 2, 1, 
142.128859, 0.1, 0.1, 0.123942749, 0.197278036, -0.0199646733, 0.949885578, 2.15081844e-005, 0.312597805, 0.312597805, -2.44326017e-006, -0.949885578, -1.96665564e-005, 1, -9.04422885e-006, 0.949885598, -4.38180961e-006, 0.312597745, 0.312597744, -2.03796515e-005, -0.949885598, 1.05328509e-005, 1, -1.79885936e-005, 0, 0, 0, 0, 0, 0, 0, 0.160550098, -0.168257129, -0.173371997, -0.123256388, 0.79104629, -0.599042396, -0.495727539, 0.473876953, 0.727783203, 0.859699863, 0.386628368, 0.334029387, 0, 0, 0, 0, 0, 0, 0, 0.241345996, -0.126418555, -0.131053076, -0.0778150605, 0.292792374, -0.952918362, 0.646240234, -0.713012695, -0.271850586, -0.759118592, -0.636946623, -0.133664516, 2, 1, 
142.129701, 0.1, 0.1, 0.123942747, 0.197278034, -0.0199630803, 0.949885404, -2.01185851e-005, 0.312598335, 0.312598334, -2.07117591e-005, -0.949885404, 2.55848117e-005, 1, -1.33847615e-005, 0.949885438, -9.07059748e-006, 0.312598231, 0.312598231, -1.10226684e-005, -0.949885438, 1.20616951e-005, 1, -7.63481951e-006, 0, 0, 0, 0, 0, 0, 0, 0.160550098, -0.168257129, -0.173371997, -0.123256388, 0.79104629, -0.599042396, -0.495727539, 0.473876953, 0.727783203, 0.859699863, 0.386628368, 0.334029387, 0, 0, 0, 0, 0, 0, 0, 0.241345996, -0.126418555, -0.131053076, -0.0778150605, 0.292792374, -0.952918362, 0.646240234, -0.713012695, -0.271850586, -0.759118592, -0.636946623, -0.133664516, 2, 1, 
142.13055, 0.1, 0.1, 0.123942745, 0.197278032, -0.0199615376, 0.949885325, 3.32745735e-005, 0.312598574, 0.312598574, 2.1170769e-006, -0.949885325, -3.22688243e-005, 0.999999999, -8.39060397e-006, 0.949885323, 2.84096854e-005, 0.312598581, 0.31259858, 2.39964235e-005, -0.949885323, -3.44871911e-005, 0.999999999, 1.39130232e-005, 0, 0, 0, 0, 0, 0, 0, 0.160550098, -0.168257129, -0.173371997, -0.123256388, 0.79104629, -0.599042396, -0.495727539, 0.473876953, 0.727783203, 0.859699863, 0.386628368, 0.334029387, 0, 0, 0, 0, 0, 0, 0, 0.241345996, -0.126418555, -0.131053076, -0.0778150605, 0.292792374, -0.952918362, 0.646240234, -0.713012695, -0.271850586, -0.759118592, -0.636946623, -0.133664516, 2, 1, 
142.131399, 0.1, 0.1, 0.123942749, 0.197278032, -0.0199606523, 0.949885461, -1.65256768e-005, 0.312598161, 0.312598162, 8.06901922e-006, -0.949885461, 1.31751395e-005, 1, 1.28305402e-005, 0.949885424, -3.5177881e-005, 0.312598273, 0.312598274, 1.0644726e-005, -0.949885424, 3.00874335e-005, 0.999999999, 2.1107815e-005, 0, 0, 0, 0, 0, 0, 0, 0.160550098, -0.168257129, -0.173371997, -0.123256388, 0.79104629, -0.599042396, -0.495727539, 0.473876953, 0.727783203, 0.859699863, 0.386628368, 0.334029387, 0, 0, 0, 0, 0, 0, 0, 0.241345996, -0.126418555, -0.131053076, -0.0778150605, 0.292792374, -0.952918362, 0.646240234, -0.713012695, -0.271850586, -0.759118592, -0.636946623, -0.133664516, 2, 1, 
142.132272, 0.1, 0.1, 0.123942744, 0.197278031, -0.0199604302, 0.949885618, -2.06865715e-005, 0.312597684, 0.312597685, 1.31217472e-005, -0.949885618, 1.5548049e-005, 1, 1.89307333e-005, 0.949885603, 1.00833681e-005, 0.312597729, 0.312597729, 1.72002442e-005, -0.949885603, -1.49548034e-005, 1, 1.31862264e-005, 0, 0, 0, 0, 0, 0, 0, 0.160550098, -0.168257129, -0.173371997, -0.123256388, 0.79104629, -0.599042396, -0.495727539, 0.473876953, 0.727783203, 0.859699863, 0.386628368, 0.334029387, 0, 0, 0, 0, 0, 0, 0, 0.241345996, -0.126418555, -0.131053076, -0.0778150605, 0.292792374, -0.952918362, 0.646240234, -0.713012695, -0.271850586, -0.759118592, -0.636946623, -0.133664516, 2, 1, 
142.133159, 0.1, 0.1, 0.123942744, 0.197278032, -0.0199608188, 0.949885546, 3.06901278e-005, 0.312597903, 0.312597902, 2.18045132e-005, -0.949885546, -3.59681539e-005, 0.999999999, 1.11181224e-005, 0.949885584, 2.42608646e-005, 0.312597787, 0.312597787, -5.42099286e-006, -0.949885584, -2.13504551e-005, 1, -1.27332155e-005, 0, 0, 0, 0, 0, 0, 0, 0.160092627, -0.168909766, -0.174465625, -0.123547698, 0.791458167, -0.598484864, -0.493286133, 0.474365234, 0.729125977, 0.860981922, 0.385327214, 0.332087204, 0, 0, 0, 0, 0, 0, 0, 0.241345996, -0.126418555, -0.131053076, -0.0788117929, 0.292817894, -0.952860759, 0.646240234, -0.712646484, -0.272460937, -0.758977867, -0.637189427, -0.133044748, 2, 1, 
142.134005, 0.1, 0.1, 0.123942745, 0.197278033, -0.0199615661, 0.949885354, -2.61227327e-005, 0.312598486, 0.312598486, -2.24171497e-005, -0.949885354, 3.18211682e-005, 0.999999999, -1.31277955e-005, 0.949885388, -2.40674532e-005, 0.312598384, 0.312598384, -2.92070716e-005, -0.949885388, 3.19914055e-005, 0.999999999, -2.02199236e-005, 0, 0, 0, 0, 0, 0, 0, 0.160092627, -0.168909766, -0.174465625, -0.123547698, 0.791458167, -0.598484864, -0.493286133, 0.474365234, 0.729125977, 0.860981922, 0.385327214, 0.332087204, 0, 0, 0, 0, 0, 0, 0, 0.241283008, -0.126645215, -0.131482715, -0.0788117929, 0.292817894, -0.952860759, 0.646240234, -0.712646484, -0.272460937, -0.758977867, -0.637189427, -0.133044748, 2, 1, 
142.13486, 0.1, 0.1, 0.123942743, 0.197278033, -0.0199627775, 0.949885304, 1.37469886e-005, 0.312598638, 0.312598638, -2.07119922e-005, -0.949885304, -6.58352192e-006, 1, -2.39713069e-005, 0.949885295, 2.77942124e-005, 0.312598665, 0.312598666, -7.89138401e-006, -0.949885295, -2.39344776e-005, 1, -1.61843433e-005, 0, 0, 0, 0, 0, 0, 0, 0.160092627, -0.168909766, -0.174465625, -0.123547698, 0.791458167, -0.598484864, -0.493286133, 0.474365234, 0.729125977, 0.860981922, 0.385327214, 0.332087204, 0, 0, 0, 0, 0, 0, 0, 0.241283008, -0.126645215, -0.131482715, -0.0788117929, 0.292817894, -0.952860759, 0.646240234, -0.712646484, -0.272460937, -0.758977867, -0.637189427, -0.133044748, 2, 1, 
142.135737, 0.1, 0.1, 0.123942746, 0.197278036, -0.0199637906, 0.949885452, 2.13930607e-005, 0.312598188, 0.312598188, -1.37955887e-005, -0.949885452, -1.60084812e-005, 1, -1.9791661e-005, 0.949885413, -1.61798361e-005, 0.312598308, 0.312598308, -2.53880439e-006, -0.949885413, 1.61626163e-005, 1, 2.64621615e-006, 0, 0, 0, 0, 0, 0, 0, 0.15987207, -0.169639185, -0.174546191, -0.123509506, 0.790271589, -0.600002066, -0.492919922, 0.475952148, 0.728393555, 0.861223057, 0.385638741, 0.331091586, 0, 0, 0, 0, 0, 0, 0, 0.241283008, -0.126645215, -0.131482715, -0.0793356788, 0.292383327, -0.952911799, 0.646606445, -0.712402344, -0.272338867, -0.758664702, -0.637726072, -0.132559141, 2, 1, 
142.136578, 0.1, 0.1, 0.123942744, 0.197278036, -0.0199640952, 0.949885552, -2.3392697e-005, 0.312597886, 0.312597886, -5.26756864e-006, -0.949885552, 2.38670157e-005, 1, 2.30892028e-006, 0.949885548, -1.35250022e-005, 0.312597897, 0.312597897, 5.21504142e-006, -0.949885548, 1.12169931e-005, 1, 9.18157971e-006, 0, 0, 0, 0, 0, 0, 0, 0.15987207, -0.169639185, -0.174546191, -0.123509506, 0.790271589, -0.600002066, -0.492919922, 0.475952148, 0.728393555, 0.861223057, 0.385638741, 0.331091586, 0, 0, 0, 0, 0, 0, 0, 0.241254932, -0.126908496, -0.131699121, -0.0793356788, 0.292383327, -0.952911799, 0.646606445, -0.712402344, -0.272338867, -0.758664702, -0.637726072, -0.132559141, 2, 1, 
142.137438, 0.1, 0.1, 0.12394274, 0.197278037, -0.0199638455, 0.949885454, 2.71753716e-005, 0.312598183, 0.312598182, 2.38258163e-005, -0.949885454, -3.32613971e-005, 0.999999999, 1.41368246e-005, 0.949885487, 3.14981098e-005, 0.312598082, 0.312598082, 1.73700757e-005, -0.949885487, -3.53494497e-005, 0.999999999, 6.65333415e-006, 0, 0, 0, 0, 0, 0, 0, 0.15987207, -0.169639185, -0.174546191, -0.123509506, 0.790271589, -0.600002066, -0.492919922, 0.475952148, 0.728393555, 0.861223057, 0.385638741, 0.331091586, 0, 0, 0, 0, 0, 0, 0, 0.241254932, -0.126908496, -0.131699121, -0.0793356788, 0.292383327, -0.952911799, 0.646606445, -0.712402344, -0.272338867, -0.758664702, -0.637726072, -0.132559141, 2, 1, 
142.138301, 0.1, 0.1, 0.123942743, 0.197278039, -0.0199630962, 0.949885279, -1.68941873e-005, 0.312598716, 0.312598716, 5.74480031e-006, -0.949885279, 1.42517226e-005, 1, 1.07380025e-005, 0.949885306, -2.4697841e-005, 0.312598632, 0.312598631, -1.94449043e-005, -0.949885306, 2.95385668e-005, 1, -1.07499176e-005, 0, 0, 0, 0, 0, 0, 0, 0.15987207, -0.169639185, -0.174546191, -0.123509506, 0.790271589, -0.600002066, -0.492919922, 0.475952148, 0.728393555, 0.861223057, 0.385638741, 0.331091586, 0, 0, 0, 0, 0, 0, 0, 0.241254932, -0.126908496, -0.131699121, -0.0793356788, 0.292383327, -0.952911799, 0.646606445, -0.712402344, -0.272338867, -0.758664702, -0.637726072, -0.132559141, 2, 1, 
142.139162, 0.1, 0.1, 0.12394274, 0.197278039, -0.0199622268, 0.949885289, -1.48270896e-005, 0.312598685, 0.312598685, -1.51232715e-005, -0.949885289, 1.88115491e-005, 1, -9.73044441e-006, 0.949885271, 1.55214564e-005, 0.312598738, 0.312598738, -1.44910535e-005, -0.949885271, -1.02137178e-005, 1, -1.8616826e-005, 0, 0, 0, 0, 0, 0, 0, 0.15987207, -0.169639185, -0.174546191, -0.123509506, 0.790271589, -0.600002066, -0.492919922, 0.475952148, 0.728393555, 0.861223057, 0.385638741, 0.331091586, 0, 0, 0, 0, 0, 0, 0, 0.241254932, -0.126908496, -0.131699121, -0.0793356788, 0.292383327, -0.952911799, 0.646606445, -0.712402344, -0.272338867, -0.758664702, -0.637726072, -0.132559141, 2, 1, 
142.140011, 0.1, 0.1, 0.123942741, 0.197278038, -0.0199616689, 0.949885463, 3.70790594e-005, 0.312598154, 0.312598155, -3.93781177e-006, -0.949885463, -3.39899068e-005, 0.999999999, -1.53313157e-005, 0.949885428, 2.09629029e-005, 0.312598261, 0.312598261, -2.704729e-006, -0.949885429, -1.90668624e-005, 1, -9.12214964e-006, 0, 0, 0, 0, 0, 0, 0, 0.15987207, -0.169639185, -0.174546191, -0.123509506, 0.790271589, -0.600002066, -0.492919922, 0.475952148, 0.728393555, 0.861223057, 0.385638741, 0.331091586, 0, 0, 0, 0, 0, 0, 0, 0.241254932, -0.126908496, -0.131699121, -0.0793356788, 0.292383327, -0.952911799, 0.646606445, -0.712402344, -0.272338867, -0.758664702, -0.637726072, -0.132559141, 2, 1, 
142.140903, 0.1, 0.1, 0.123942743, 0.197278037, -0.0199611682, 0.949885538, -2.41217346e-005, 0.312597928, 0.312597928, -1.85430354e-005, -0.949885538, 2.87094013e-005, 1, -1.00733569e-005, 0.949885542, -3.39919852e-005, 0.312597913, 0.312597914, 3.87552824e-006, -0.949885543, 3.10770133e-005, 0.999999999, 1.43071319e-005, 0, 0, 0, 0, 0, 0, 0, 0.160229321, -0.16948894, -0.174191382, -0.125116196, 0.78859188, -0.601879848, -0.496704102, 0.475341797, 0.726074219, 0.858882101, 0.389859723, 0.332501325, 0, 0, 0, 0, 0, 0, 0, 0.241333545, -0.127032031, -0.1315125, -0.0786389854, 0.291105145, -0.953371886, 0.64855957, -0.711303711, -0.270629883, -0.757118564, -0.639578812, -0.132852984, 2, 1, 
142.141771, 0.1, 0.1, 0.123942739, 0.197278035, -0.0199611238, 0.949885391, 1.13104146e-005, 0.312598375, 0.312598375, 1.39219637e-005, -0.949885391, -1.50955809e-005, 1, 9.68865275e-006, 0.94988543, 2.47181002e-005, 0.312598256, 0.312598255, 2.6995235e-005, -0.94988543, -3.19180266e-005, 0.999999999, 1.79155454e-005, 0, 0, 0, 0, 0, 0, 0, 0.160229321, -0.16948894, -0.174191382, -0.125116196, 0.78859188, -0.601879848, -0.496704102, 0.475341797, 0.726074219, 0.858882101, 0.389859723, 0.332501325, 0, 0, 0, 0, 0, 0, 0, 0.241333545, -0.127032031, -0.1315125, -0.0786389854, 0.291105145, -0.953371886, 0.64855957, -0.711303711, -0.270629883, -0.757118564, -0.639578812, -0.132852984, 2, 1, 
142.142607, 0.1, 0.1, 0.123942743, 0.197278038, -0.019961427, 0.94988522, 8.31568958e-006, 0.312598894, 0.312598894, 1.34770843e-005, -0.94988522, -1.21118723e-005, 1, 1.02022079e-005, 0.949885238, -1.85034396e-005, 0.31259884, 0.31259884, -1.63945769e-006, -0.949885238, 1.80886367e-005, 1, 4.22685711e-006, 0, 0, 0, 0, 0, 0, 0, 0.160229321, -0.16948894, -0.174191382, -0.125116196, 0.78859188, -0.601879848, -0.496704102, 0.475341797, 0.726074219, 0.858882101, 0.389859723, 0.332501325, 0, 0, 0, 0, 0, 0, 0, 0.241333545, -0.127032031, -0.1315125, -0.0786389854, 0.291105145, -0.953371886, 0.64855957, -0.711303711, -0.270629883, -0.757118564, -0.639578812, -0.132852984, 2, 1, 
142.143463, 0.1, 0.1, 0.123942741, 0.197278041, -0.0199622317, 0.949885262, -3.04255396e-005, 0.312598766, 0.312598766, -6.0980367e-006, -0.949885262, 3.08070104e-005, 1, 3.71855093e-006, 0.949885234, -1.07773008e-005, 0.312598851, 0.31259885, -2.31372202e-005, -0.949885234, 1.74698674e-005, 1, -1.8608732e-005, 0, 0, 0, 0, 0, 0, 0, 0.160229321, -0.16948894, -0.174191382, -0.125116196, 0.78859188, -0.601879848, -0.496704102, 0.475341797, 0.726074219, 0.858882101, 0.389859723, 0.332501325, 0, 0, 0, 0, 0, 0, 0, 0.241333545, -0.127032031, -0.1315125, -0.0786389854, 0.291105145, -0.953371886, 0.64855957, -0.711303711, -0.270629883, -0.757118564, -0.639578812, -0.132852984, 2, 1, 
142.144313, 0.1, 0.1, 0.123942739, 0.197278042, -0.0199632392, 0.949885427, 3.21294793e-005, 0.312598263, 0.312598263, -1.93857818e-006, -0.949885428, -2.9913328e-005, 0.999999999, -1.18850466e-005, 0.949885398, 3.5738734e-005, 0.312598351, 0.312598352, -9.4356421e-006, -0.949885399, -3.09981354e-005, 0.999999999, -2.0134648e-005, 0, 0, 0, 0, 0, 0, 0, 0.160229321, -0.16948894, -0.174191382, -0.125116196, 0.78859188, -0.601879848, -0.496704102, 0.475341797, 0.726074219, 0.858882101, 0.389859723, 0.332501325, 0, 0, 0, 0, 0, 0, 0, 0.241333545, -0.127032031, -0.1315125, -0.0786389854, 0.291105145, -0.953371886, 0.64855957, -0.711303711, -0.270629883, -0.757118564, -0.639578812, -0.132852984, 2, 1, 
142.145185, 0.1, 0.1, 0.123942742, 0.197278042, -0.0199639797, 0.949885455, -5.03701591e-006, 0.312598181, 0.312598181, -1.98431961e-005, -0.949885455, 1.09875352e-005, 1, -1.72742014e-005, 0.949885467, -2.27770289e-005, 0.312598142, 0.312598141, -1.88709891e-005, -0.949885468, 2.75346049e-005, 1, -1.08052214e-005, 0, 0, 0, 0, 0, 0, 0, 0.160229321, -0.16948894, -0.174191382, -0.124279338, 0.786022894, -0.605382295, -0.499755859, 0.477539062, 0.72265625, 0.85714286, 0.392367673, 0.333797609, 0, 0, 0, 0, 0, 0, 0, 0.241333545, -0.127032031, -0.1315125, -0.0786389854, 0.291105145, -0.953371886, 0.64855957, -0.711303711, -0.270629883, -0.757118564, -0.639578812, -0.132852984, 2, 1, 
142.146055, 0.1, 0.1, 0.123942739, 0.19727804, -0.0199637904, 0.949885291, -1.40380532e-005, 0.312598678, 0.312598678, -1.31581702e-005, -0.949885291, 1.74477669e-005, 1, -8.11047545e-006, 0.94988533, 7.45108491e-006, 0.312598559, 0.312598559, 1.55369788e-005, -0.94988533, -1.19345135e-005, 1, 1.24291499e-005, 0, 0, 0, 0, 0, 0, 0, 0.160490039, -0.170282324, -0.173473462, -0.124279338, 0.786022894, -0.605382295, -0.499755859, 0.477539062, 0.72265625, 0.85714286, 0.392367673, 0.333797609, 0, 0, 0, 0, 0, 0, 0, 0.24142998, -0.127591553, -0.131330762, -0.0773418473, 0.289565204, -0.953978894, 0.649291992, -0.711547852, -0.268554687, -0.756614001, -0.640108895, -0.132916783, 2, 1, 
142.146907, 0.1, 0.1, 0.123942741, 0.197278039, -0.0199632875, 0.949885173, 2.23959193e-005, 0.312599037, 0.312599037, 1.78022202e-005, -0.949885173, -2.68385086e-005, 1, 9.90912221e-006, 0.94988518, 5.96953004e-006, 0.312599016, 0.312599016, 2.18263661e-005, -0.94988518, -1.24932687e-005, 1, 1.88664725e-005, 0, 0, 0, 0, 0, 0, 0, 0.160490039, -0.170282324, -0.173473462, -0.124279338, 0.786022894, -0.605382295, -0.499755859, 0.477539062, 0.72265625, 0.85714286, 0.392367673, 0.333797609, 0, 0, 0, 0, 0, 0, 0, 0.24142998, -0.127591553, -0.131330762, -0.0773418473, 0.289565204, -0.953978894, 0.649291992, -0.711547852, -0.268554687, -0.756614001, -0.640108895, -0.132916783, 2, 1, 
142.147753, 0.1, 0.1, 0.123942743, 0.19727804, -0.019962758, 0.94988526, -3.32876305e-005, 0.312598771, 0.312598772, 6.9434095e-006, -0.94988526, 2.94489282e-005, 0.999999999, 1.70011147e-005, 0.949885229, -3.33111755e-005, 0.312598866, 0.312598866, 2.42653692e-007, -0.949885229, 3.15659403e-005, 0.999999999, 1.06435289e-005, 0, 0, 0, 0, 0, 0, 0, 0.160490039, -0.170282324, -0.173473462, -0.124279338, 0.786022894, -0.605382295, -0.499755859, 0.477539062, 0.72265625, 0.85714286, 0.392367673, 0.333797609, 0, 0, 0, 0, 0, 0, 0, 0.24142998, -0.127591553, -0.131330762, -0.0773418473, 0.289565204, -0.953978894, 0.649291992, -0.711547852, -0.268554687, -0.756614001, -0.640108895, -0.132916783, 2, 1, 
142.148594, 0.1, 0.1, 0.123942738, 0.19727804, -0.0199623186, 0.949885421, 1.23883955e-005, 0.312598282, 0.312598282, 1.35971852e-005, -0.949885422, -1.6018013e-005, 1, 9.04317685e-006, 0.949885395, 3.37149207e-005, 0.312598362, 0.312598362, -1.1741311e-006, -0.949885395, -3.16582793e-005, 0.999999999, -1.1654519e-005, 0, 0, 0, 0, 0, 0, 0, 0.160490039, -0.170282324, -0.173473462, -0.124279338, 0.786022894, -0.605382295, -0.499755859, 0.477539062, 0.72265625, 0.85714286, 0.392367673, 0.333797609, 0, 0, 0, 0, 0, 0, 0, 0.24142998, -0.127591553, -0.131330762, -0.0773418473, 0.289565204, -0.953978894, 0.649291992, -0.711547852, -0.268554687, -0.756614001, -0.640108895, -0.132916783, 2, 1, 
