time, realDorsalTactorPos, realVentralTactorPos, boxPosX, boxPosY, boxPosZ, boxLocalRot_11, boxLocalRot_12, boxLocalRot_13, boxLocalRot_21, boxLocalRot_22, boxLocalRot_23, boxLocalRot_31, boxLocalRot_32, boxLocalRot_33, boxGlobalRot_11, boxGlobalRot_12, boxGlobalRot_13, boxGlobalRot_21, boxGlobalRot_22, boxGlobalRot_23, boxGlobalRot_31, boxGlobalRot_32, boxGlobalRot_33, indexForceX, indexForceY, indexForceZ, indexForceGlobalX, indexForceGlobalY, indexForceGlobalZ, indexContact, indexPosX, indexPosY, indexPosZ, indexRot_11, indexRot_12, indexRot_13, indexRot_21, indexRot_22, indexRot_23, indexRot_31, indexRot_32, indexRot_33, thumbForceX, thumbForceY, thumbForceZ, thumbForceGlobalX, thumbForceGlobalY, thumbForceGlobalZ, thumbContact, thumbPosX, thumbPosY, thumbPosZ, thumbRot_11, thumbRot_12, thumbRot_13, thumbRot_21, thumbRot_22, thumbRot_23, thumbRot_31, thumbRot_32, thumbRot_33, mapping, trialSuccess, 
119.096961, 0.1, 0.1, 0.111457219, 0.193021269, -0.0199608909, 0.961716818, -0.274045181, -3.1617941e-005, 0.274045181, 0.961716818, 4.40323268e-006, 2.92008209e-005, -1.28994073e-005, 0.999999999, 0.961716784, -0.274045297, -4.1147849e-005, 0.274045297, 0.961716785, -2.44290414e-005, 4.6267241e-005, 1.22174446e-005, 0.999999999, 0, 0, 0, 0, 0, 0, 0, 0.137448291, 0.000467944336, -0.209025635, 0.124653437, 0.940136335, -0.317025985, -0.524047852, 0.333740234, 0.783569336, 0.842434169, 0.0684952452, 0.534445182, 0, 0, 0, 0, 0, 0, 0, 0.22029707, 0.0152243652, -0.168957227, -0.00970237631, 0.568973664, -0.822194395, 0.295410156, -0.783813477, -0.546020508, -0.955221588, -0.248159917, -0.16055271, 2, 1, 
119.1023, 0.1, 0.1, 0.111457226, 0.193021249, -0.0199795178, 0.96171904, -0.274037379, -5.90042855e-005, 0.274037379, 0.961719042, -6.63134528e-006, 5.85627814e-005, -9.7918887e-006, 0.999999998, 0.961718955, -0.27403766, -0.000109656957, 0.27403766, 0.961718961, -9.93396808e-006, 0.000108181456, -2.04964505e-005, 0.999999994, 0, 0, 0, 0, 0, 0, 0, 0.138339673, -0.00446364746, -0.207971436, 0.124495799, 0.939780624, -0.318042943, -0.520629883, 0.334716797, 0.785400391, 0.844560199, 0.0678100326, 0.531145678, 0, 0, 0, 0, 0, 0, 0, 0.220952588, 0.0104491699, -0.167870703, -0.0170819876, 0.560320968, -0.828007812, 0.299316406, -0.787231445, -0.5390625, -0.95391059, -0.256924886, -0.154290133, 2, 1, 
119.103157, 0.1, 0.1, 0.111457202, 0.193021244, -0.0199814339, 0.961719291, -0.274036453, 0.000166322623, 0.27403645, 0.961719305, 4.0349154e-005, -0.000171012817, 6.77390157e-006, 0.999999985, 0.961719273, -0.274036529, 0.000144648485, 0.274036528, 0.961719284, 2.47335851e-005, -0.000145889143, 1.58522032e-005, 0.999999989, 0, 0, 0, 0, 0, 0, 0, 0.138339673, -0.00446364746, -0.207971436, 0.124495799, 0.939780624, -0.318042943, -0.520629883, 0.334716797, 0.785400391, 0.844560199, 0.0678100326, 0.531145678, 0, 0, 0, 0, 0, 0, 0, 0.220952588, 0.0104491699, -0.167870703, -0.0170819876, 0.560320968, -0.828007812, 0.299316406, -0.787231445, -0.5390625, -0.95391059, -0.256924886, -0.154290133, 2, 1, 
119.104102, 0.1, 0.1, 0.111457161, 0.193021228, -0.0199753506, 0.961719314, -0.274036403, 0.00010954638, 0.274036401, 0.96171932, 2.6411918e-005, -0.000112590697, 4.61884425e-006, 0.999999994, 0.961719319, -0.274036371, 0.000139062442, 0.274036366, 0.961719329, 5.10453871e-005, -0.000147727331, -1.09831685e-005, 0.999999989, 0, 0, 0, 0, 0, 0, 0, 0.138727808, -0.00578552246, -0.207496387, 0.123328317, 0.940098143, -0.317434115, -0.520141602, 0.333618164, 0.786132813, 0.844992294, 0.0682541103, 0.530307697, 0, 0, 0, 0, 0, 0, 0, 0.221246729, 0.00931914062, -0.167498193, -0.0196120982, 0.557873247, -0.829656029, 0.301391602, -0.787841797, -0.536987305, -0.953194574, -0.260496205, -0.152622227, 2, 1, 
119.104951, 0.1, 0.1, 0.111457172, 0.193021229, -0.0199658216, 0.961719418, -0.274036028, -0.000131538299, 0.274036026, 0.961719427, -2.81185518e-005, 0.000134208434, -9.0040756e-006, 0.999999991, 0.96171941, -0.274036065, -0.000103641335, 0.274036065, 0.961719416, -1.25169308e-005, 0.000103103974, -1.63636883e-005, 0.999999995, 0, 0, 0, 0, 0, 0, 0, 0.138727808, -0.00578552246, -0.207496387, 0.123328317, 0.940098143, -0.317434115, -0.520141602, 0.333618164, 0.786132813, 0.844992294, 0.0682541103, 0.530307697, 0, 0, 0, 0, 0, 0, 0, 0.221246729, 0.00931914062, -0.167498193, -0.0196120982, 0.557873247, -0.829656029, 0.301391602, -0.787841797, -0.536987305, -0.953194574, -0.260496205, -0.152622227, 2, 1, 
119.105845, 0.1, 0.1, 0.111457195, 0.193021233, -0.0199559105, 0.961719409, -0.274036091, -1.58382977e-005, 0.274036091, 0.961719408, 2.28117031e-005, 8.98076836e-006, -2.62787228e-005, 1, 0.961719395, -0.274036129, -7.67568099e-005, 0.274036129, 0.961719398, -1.8562477e-006, 7.43271919e-005, -1.92489497e-005, 0.999999997, 0, 0, 0, 0, 0, 0, 0, 0.138727808, -0.00578552246, -0.207496387, 0.123328317, 0.940098143, -0.317434115, -0.520141602, 0.333618164, 0.786132813, 0.844992294, 0.0682541103, 0.530307697, 0, 0, 0, 0, 0, 0, 0, 0.221246729, 0.00931914062, -0.167498193, -0.0196120982, 0.557873247, -0.829656029, 0.301391602, -0.787841797, -0.536987305, -0.953194574, -0.260496205, -0.152622227, 2, 1, 
119.106709, 0.1, 0.1, 0.111457166, 0.193021226, -0.0199491182, 0.961719627, -0.2740353, 0.000117063918, 0.274035297, 0.961719634, 3.98581868e-005, -0.000123505219, -6.25275496e-006, 0.999999992, 0.961719581, -0.274035446, 0.000144023714, 0.274035446, 0.961719592, 2.11400014e-005, -0.000144303537, 1.91368495e-005, 0.999999989, 0, 0, 0, 0, 0, 0, 0, 0.138727808, -0.00578552246, -0.207496387, 0.123328317, 0.940098143, -0.317434115, -0.520141602, 0.333618164, 0.786132813, 0.844992294, 0.0682541103, 0.530307697, 0, 0, 0, 0, 0, 0, 0, 0.221246729, 0.00931914062, -0.167498193, -0.0196120982, 0.557873247, -0.829656029, 0.301391602, -0.787841797, -0.536987305, -0.953194574, -0.260496205, -0.152622227, 2, 1, 
119.107557, 0.1, 0.1, 0.111457175, 0.193021227, -0.0199480439, 0.961719719, -0.274034967, -0.000134941014, 0.274034964, 0.961719729, -3.83648554e-005, 0.000140288748, -8.23180392e-008, 0.99999999, 0.961719703, -0.274035038, -0.000105281985, 0.274035036, 0.961719709, -3.68224454e-005, 0.0001113424, 6.56191865e-006, 0.999999994, 0, 0, 0, 0, 0, 0, 0, 0.138727808, -0.00578552246, -0.207496387, 0.123328317, 0.940098143, -0.317434115, -0.520141602, 0.333618164, 0.786132813, 0.844992294, 0.0682541103, 0.530307697, 0, 0, 0, 0, 0, 0, 0, 0.221246729, 0.00931914062, -0.167498193, -0.0196120982, 0.557873247, -0.829656029, 0.301391602, -0.787841797, -0.536987305, -0.953194574, -0.260496205, -0.152622227, 2, 1, 
119.108479, 0.1, 0.1, 0.111457191, 0.193021228, -0.0199525406, 0.961719849, -0.274034542, 5.28102669e-005, 0.274034541, 0.96171985, 2.65400488e-005, -5.80615721e-005, -1.10522544e-005, 0.999999998, 0.961719791, -0.274034746, -3.19392769e-005, 0.274034746, 0.961719792, 1.97868933e-005, 2.52943385e-005, -2.77819185e-005, 0.999999999, 0, 0, 0, 0, 0, 0, 0, 0.138727808, -0.00578552246, -0.207496387, 0.121621277, 0.940511142, -0.316970941, -0.520507813, 0.332397461, 0.786499023, 0.845139071, 0.0693010251, 0.530110746, 0, 0, 0, 0, 0, 0, 0, 0.221246729, 0.00931914062, -0.167498193, -0.0196120982, 0.557873247, -0.829656029, 0.301391602, -0.787841797, -0.536987305, -0.953194574, -0.260496205, -0.152622227, 2, 1, 
119.109358, 0.1, 0.1, 0.111457158, 0.193021222, -0.0199591172, 0.961720195, -0.274033316, 9.20416758e-005, 0.274033313, 0.961720199, 4.43227442e-005, -0.000100664247, -1.74035929e-005, 0.999999995, 0.96172013, -0.274033527, 0.000131013658, 0.274033526, 0.961720139, 2.25528375e-005, -0.000132178707, 1.42126169e-005, 0.999999991, 0, 0, 0, 0, 0, 0, 0, 0.1390875, -0.00687744141, -0.206803589, 0.121621277, 0.940511142, -0.316970941, -0.520507813, 0.332397461, 0.786499023, 0.845139071, 0.0693010251, 0.530110746, 0, 0, 0, 0, 0, 0, 0, 0.221565771, 0.00793925781, -0.166917578, -0.0217780039, 0.55507408, -0.831374608, 0.303833008, -0.788574219, -0.534545898, -0.952440278, -0.264227205, -0.151452687, 2, 1, 
119.110208, 0.1, 0.1, 0.111457167, 0.19302122, -0.0199664059, 0.96172021, -0.274033264, -8.32688472e-005, 0.274033262, 0.961720214, -3.94238822e-005, 9.08847887e-005, 1.50963105e-005, 0.999999996, 0.96172023, -0.274033197, -7.50896112e-005, 0.274033196, 0.961720233, -2.48278798e-005, 7.90188616e-005, 3.30042814e-006, 0.999999997, 0, 0, 0, 0, 0, 0, 0, 0.1390875, -0.00687744141, -0.206803589, 0.121621277, 0.940511142, -0.316970941, -0.520507813, 0.332397461, 0.786499023, 0.845139071, 0.0693010251, 0.530110746, 0, 0, 0, 0, 0, 0, 0, 0.221565771, 0.00793925781, -0.166917578, -0.0217780039, 0.55507408, -0.831374608, 0.303833008, -0.788574219, -0.534545898, -0.952440278, -0.264227205, -0.151452687, 2, 1, 
119.111131, 0.1, 0.1, 0.111457174, 0.193021218, -0.019971827, 0.961720151, -0.274033483, 4.54189369e-005, 0.274033481, 0.961720151, 4.00063221e-005, -5.46433787e-005, -2.60285768e-005, 0.999999998, 0.961720139, -0.274033528, -9.58224755e-006, 0.274033528, 0.961720138, 2.77262214e-005, 1.61752617e-006, -2.92907226e-005, 1, 0, 0, 0, 0, 0, 0, 0, 0.1390875, -0.00687744141, -0.206803589, 0.121621277, 0.940511142, -0.316970941, -0.520507813, 0.332397461, 0.786499023, 0.845139071, 0.0693010251, 0.530110746, 0, 0, 0, 0, 0, 0, 0, 0.221565771, 0.00793925781, -0.166917578, -0.0236179843, 0.55207039, -0.833272191, 0.307006836, -0.78918457, -0.531616211, -0.951283498, -0.26834793, -0.150915675, 2, 1, 
119.111985, 0.1, 0.1, 0.11145715, 0.193021212, -0.0199727993, 0.961720336, -0.274032823, 8.3549944e-005, 0.274032822, 0.96172034, 1.26421074e-005, -8.38160329e-005, 1.07372552e-005, 0.999999996, 0.961720291, -0.274032975, 0.000105175444, 0.274032976, 0.961720296, 9.67014585e-006, -0.000103799298, 1.95215645e-005, 0.999999994, 0, 0, 0, 0, 0, 0, 0, 0.1390875, -0.00687744141, -0.206803589, 0.121621277, 0.940511142, -0.316970941, -0.520507813, 0.332397461, 0.786499023, 0.845139071, 0.0693010251, 0.530110746, 0, 0, 0, 0, 0, 0, 0, 0.221914844, 0.00676088867, -0.166362109, -0.0236179843, 0.55207039, -0.833272191, 0.307006836, -0.78918457, -0.531616211, -0.951283498, -0.26834793, -0.150915675, 2, 1, 
119.112841, 0.1, 0.1, 0.111457157, 0.193021212, -0.019970243, 0.961720427, -0.274032503, -9.01830287e-005, 0.274032501, 0.961720431, -3.43669149e-005, 9.6148513e-005, 8.33828315e-006, 0.999999995, 0.961720425, -0.274032515, -6.98529855e-005, 0.274032514, 0.961720428, -2.46194102e-005, 7.3925562e-005, 4.5350004e-006, 0.999999997, 0, 0, 0, 0, 0, 0, 0, 0.1390875, -0.00687744141, -0.206803589, 0.121621277, 0.940511142, -0.316970941, -0.520507813, 0.332397461, 0.786499023, 0.845139071, 0.0693010251, 0.530110746, 0, 0, 0, 0, 0, 0, 0, 0.221914844, 0.00676088867, -0.166362109, -0.0236179843, 0.55207039, -0.833272191, 0.307006836, -0.78918457, -0.531616211, -0.951283498, -0.26834793, -0.150915675, 2, 1, 
119.113771, 0.1, 0.1, 0.111457172, 0.193021211, -0.019964033, 0.961720549, -0.274032089, 1.89155345e-005, 0.274032089, 0.961720549, 1.62017158e-006, -1.86354372e-005, 3.62531113e-006, 1, 0.961720509, -0.274032228, -3.49786344e-005, 0.274032228, 0.961720509, 9.10393075e-006, 3.11448996e-005, -1.834071e-005, 0.999999999, 0, 0, 0, 0, 0, 0, 0, 0.139682642, -0.0082034668, -0.206136548, 0.120155372, 0.940702102, -0.317009133, -0.520751953, 0.331665039, 0.786621094, 0.845247655, 0.0705066994, 0.529869611, 0, 0, 0, 0, 0, 0, 0, 0.221914844, 0.00676088867, -0.166362109, -0.0236179843, 0.55207039, -0.833272191, 0.307006836, -0.78918457, -0.531616211, -0.951283498, -0.26834793, -0.150915675, 2, 1, 
119.11462, 0.1, 0.1, 0.111457161, 0.193021205, -0.0199581177, 0.96172062, -0.274031841, 6.37187263e-006, 0.274031841, 0.961720619, 1.45817338e-005, -1.01238207e-005, -1.22774581e-005, 1, 0.961720621, -0.274031835, 3.7236389e-005, 0.274031834, 0.961720621, 3.44871218e-005, -4.52615724e-005, -2.29630202e-005, 0.999999999, 0, 0, 0, 0, 0, 0, 0, 0.139682642, -0.0082034668, -0.206136548, 0.120155372, 0.940702102, -0.317009133, -0.520751953, 0.331665039, 0.786621094, 0.845247655, 0.0705066994, 0.529869611, 0, 0, 0, 0, 0, 0, 0, 0.221914844, 0.00676088867, -0.166362109, -0.0236179843, 0.55207039, -0.833272191, 0.307006836, -0.78918457, -0.531616211, -0.951283498, -0.26834793, -0.150915675, 2, 1, 
119.115489, 0.1, 0.1, 0.111457175, 0.19302121, -0.0199542279, 0.961720635, -0.274031783, -4.31321072e-005, 0.274031783, 0.961720636, -2.41847251e-006, 4.21437759e-005, -9.49367331e-006, 0.999999999, 0.961720613, -0.274031854, -7.0421083e-005, 0.274031853, 0.961720616, -1.60227663e-005, 7.21161557e-005, -3.88819519e-006, 0.999999997, 0, 0, 0, 0, 0, 0, 0, 0.139682642, -0.0082034668, -0.206136548, 0.120155372, 0.940702102, -0.317009133, -0.520751953, 0.331665039, 0.786621094, 0.845247655, 0.0705066994, 0.529869611, 0, 0, 0, 0, 0, 0, 0, 0.221914844, 0.00676088867, -0.166362109, -0.0236179843, 0.55207039, -0.833272191, 0.307006836, -0.78918457, -0.531616211, -0.951283498, -0.26834793, -0.150915675, 2, 1, 
119.116422, 0.1, 0.1, 0.111457167, 0.193021205, -0.0199522452, 0.961720712, -0.274031516, -1.63281727e-006, 0.274031516, 0.961720712, 1.11739665e-005, -1.4917048e-006, -1.11936784e-005, 1, 0.961720714, -0.274031508, 2.59783709e-005, 0.274031507, 0.961720714, 3.3945125e-005, -3.42859712e-005, -2.55268378e-005, 0.999999999, 0, 0, 0, 0, 0, 0, 0, 0.140074194, -0.00954304199, -0.205274707, 0.119070265, 0.940632831, -0.317586883, -0.520629883, 0.331542969, 0.786743164, 0.845419519, 0.0716299982, 0.529343158, 0, 0, 0, 0, 0, 0, 0, 0.222077051, 0.00537783203, -0.165593408, -0.0248126773, 0.549111542, -0.835278415, 0.309692383, -0.790161133, -0.528686523, -0.950427123, -0.271727485, -0.150512824, 2, 1, 
119.117271, 0.1, 0.1, 0.111457181, 0.193021211, -0.0199543638, 0.961720708, -0.274031525, -4.80770533e-005, 0.274031526, 0.961720709, 1.33423499e-005, 4.25804733e-005, -2.60062424e-005, 0.999999999, 0.961720702, -0.274031543, -6.71622329e-005, 0.274031542, 0.961720704, -2.96388243e-005, 7.27132827e-005, 1.00997007e-005, 0.999999997, 0, 0, 0, 0, 0, 0, 0, 0.140074194, -0.00954304199, -0.205274707, 0.119070265, 0.940632831, -0.317586883, -0.520629883, 0.331542969, 0.786743164, 0.845419519, 0.0716299982, 0.529343158, 0, 0, 0, 0, 0, 0, 0, 0.222077051, 0.00537783203, -0.165593408, -0.0248126773, 0.549111542, -0.835278415, 0.309692383, -0.790161133, -0.528686523, -0.950427123, -0.271727485, -0.150512824, 2, 1, 
119.118188, 0.1, 0.1, 0.111457175, 0.193021205, -0.0199593728, 0.961720954, -0.274030668, 2.01932365e-005, 0.274030669, 0.961720953, -2.41767068e-005, -1.27950995e-005, 2.87848116e-005, 1, 0.961720883, -0.274030915, 3.85501287e-005, 0.274030915, 0.961720883, -2.38940895e-006, -3.64196919e-005, 1.28618715e-005, 0.999999999, 0, 0, 0, 0, 0, 0, 0, 0.140074194, -0.00954304199, -0.205274707, 0.119070265, 0.940632831, -0.317586883, -0.520629883, 0.331542969, 0.786743164, 0.845419519, 0.0716299982, 0.529343158, 0, 0, 0, 0, 0, 0, 0, 0.222077051, 0.00537783203, -0.165593408, -0.0248126773, 0.549111542, -0.835278415, 0.309692383, -0.790161133, -0.528686523, -0.950427123, -0.271727485, -0.150512824, 2, 1, 
119.119049, 0.1, 0.1, 0.111457182, 0.193021204, -0.019964255, 0.961721413, -0.274029056, -1.70828399e-005, 0.274029057, 0.961721412, 3.04401005e-005, 8.0874609e-006, -3.3956091e-005, 0.999999999, 0.961721308, -0.274029421, -4.07140709e-005, 0.274029422, 0.961721308, 2.42184425e-005, 3.25190238e-005, -3.44482455e-005, 0.999999999, 0, 0, 0, 0, 0, 0, 0, 0.140074194, -0.00954304199, -0.205274707, 0.119070265, 0.940632831, -0.317586883, -0.520629883, 0.331542969, 0.786743164, 0.845419519, 0.0716299982, 0.529343158, 0, 0, 0, 0, 0, 0, 0, 0.222077051, 0.00537783203, -0.165593408, -0.0248126773, 0.549111542, -0.835278415, 0.309692383, -0.790161133, -0.528686523, -0.950427123, -0.271727485, -0.150512824, 2, 1, 
119.119902, 0.1, 0.1, 0.111457171, 0.193021201, -0.0199681494, 0.961722001, -0.274026992, 2.85178401e-005, 0.274026992, 0.961722001, -5.9183136e-007, -2.72640565e-005, 8.38383519e-006, 1, 0.961721877, -0.274027423, 5.16595692e-005, 0.274027424, 0.961721878, -6.11794815e-006, -4.80056523e-005, 2.00399032e-005, 0.999999999, 0, 0, 0, 0, 0, 0, 0, 0.140074194, -0.00954304199, -0.205274707, 0.119070265, 0.940632831, -0.317586883, -0.520629883, 0.331542969, 0.786743164, 0.845419519, 0.0716299982, 0.529343158, 0, 0, 0, 0, 0, 0, 0, 0.222077051, 0.00537783203, -0.165593408, -0.0248126773, 0.549111542, -0.835278415, 0.309692383, -0.790161133, -0.528686523, -0.950427123, -0.271727485, -0.150512824, 2, 1, 
119.120861, 0.1, 0.1, 0.111457176, 0.193021199, -0.0199690687, 0.9617226, -0.27402489, 4.50822972e-006, 0.27402489, 0.9617226, -2.09163706e-005, 1.39593976e-006, 2.13511135e-005, 1, 0.961722489, -0.274025278, -2.4134546e-005, 0.274025279, 0.961722489, -9.75058189e-008, 2.32374547e-005, -6.51970216e-006, 1, 0, 0, 0, 0, 0, 0, 0, 0.140137793, -0.0111266113, -0.204643433, 0.120244861, 0.940302208, -0.318235025, -0.518310547, 0.332885742, 0.787719727, 0.846592993, 0.0703228525, 0.527591935, 0, 0, 0, 0, 0, 0, 0, 0.222077051, 0.00537783203, -0.165593408, -0.026563339, 0.546874908, -0.836683829, 0.310668945, -0.791015625, -0.526977539, -0.950120154, -0.273803705, -0.148819398, 2, 1, 
119.121709, 0.1, 0.1, 0.111457167, 0.193021198, -0.0199668256, 0.961722918, -0.274023773, 5.37801355e-006, 0.274023773, 0.961722918, 2.39930147e-005, -1.17468153e-005, -2.16009285e-005, 1, 0.961722874, -0.274023927, 3.13073508e-005, 0.274023927, 0.961722874, 1.9201265e-005, -3.53706014e-005, -9.88733257e-006, 0.999999999, 0, 0, 0, 0, 0, 0, 0, 0.140137793, -0.0111266113, -0.204643433, 0.120244861, 0.940302208, -0.318235025, -0.518310547, 0.332885742, 0.787719727, 0.846592993, 0.0703228525, 0.527591935, 0, 0, 0, 0, 0, 0, 0, 0.222190918, 0.00384672852, -0.165204297, -0.026563339, 0.546874908, -0.836683829, 0.310668945, -0.791015625, -0.526977539, -0.950120154, -0.273803705, -0.148819398, 2, 1, 
119.122569, 0.1, 0.1, 0.111457174, 0.193021202, -0.0199634239, 0.961722977, -0.274023568, -6.04107125e-006, 0.274023568, 0.961722976, -3.43632519e-005, 1.52261779e-005, 3.1392533e-005, 0.999999999, 0.961722982, -0.274023549, -2.87673856e-005, 0.274023548, 0.961722982, -4.30252333e-005, 3.9456183e-005, 3.34954146e-005, 0.999999999, 0, 0, 0, 0, 0, 0, 0, 0.140137793, -0.0111266113, -0.204643433, 0.120244861, 0.940302208, -0.318235025, -0.518310547, 0.332885742, 0.787719727, 0.846592993, 0.0703228525, 0.527591935, 0, 0, 0, 0, 0, 0, 0, 0.222190918, 0.00384672852, -0.165204297, -0.026563339, 0.546874908, -0.836683829, 0.310668945, -0.791015625, -0.526977539, -0.950120154, -0.273803705, -0.148819398, 2, 1, 
119.123458, 0.1, 0.1, 0.111457166, 0.193021194, -0.0199593085, 0.961722814, -0.27402414, 3.89570877e-006, 0.27402414, 0.961722814, 2.09903207e-005, -9.49844658e-006, -1.9119352e-005, 1, 0.961722853, -0.274024, 2.71279293e-005, 0.274023999, 0.961722853, 4.48018352e-005, -3.83663276e-005, -3.56532451e-005, 0.999999999, 0, 0, 0, 0, 0, 0, 0, 0.140137793, -0.0111266113, -0.204643433, 0.120244861, 0.940302208, -0.318235025, -0.518310547, 0.332885742, 0.787719727, 0.846592993, 0.0703228525, 0.527591935, 0, 0, 0, 0, 0, 0, 0, 0.222190918, 0.00384672852, -0.165204297, -0.026563339, 0.546874908, -0.836683829, 0.310668945, -0.791015625, -0.526977539, -0.950120154, -0.273803705, -0.148819398, 2, 1, 
119.124316, 0.1, 0.1, 0.111457177, 0.193021199, -0.0199567453, 0.961722631, -0.27402478, -3.01524067e-005, 0.27402478, 0.961722631, 1.22960945e-005, 2.56288174e-005, -2.0087939e-005, 0.999999999, 0.961722661, -0.274024672, -4.92168496e-005, 0.274024671, 0.961722662, -2.62434647e-005, 5.45243164e-005, 1.17523037e-005, 0.999999998, 0, 0, 0, 0, 0, 0, 0, 0.140137793, -0.0111266113, -0.204643433, 0.120244861, 0.940302208, -0.318235025, -0.518310547, 0.332885742, 0.787719727, 0.846592993, 0.0703228525, 0.527591935, 0, 0, 0, 0, 0, 0, 0, 0.222190918, 0.00384672852, -0.165204297, -0.026563339, 0.546874908, -0.836683829, 0.310668945, -0.791015625, -0.526977539, -0.950120154, -0.273803705, -0.148819398, 2, 1, 
119.125213, 0.1, 0.1, 0.111457168, 0.193021196, -0.0199564359, 0.961722681, -0.274024604, 2.23375698e-005, 0.274024605, 0.96172268, -4.01089083e-005, -1.04917198e-005, 4.46946906e-005, 0.999999999, 0.961722645, -0.274024729, 4.65874538e-005, 0.27402473, 0.961722646, -1.41431581e-005, -4.09286343e-005, 2.63679099e-005, 0.999999999, 0, 0, 0, 0, 0, 0, 0, 0.140137793, -0.0111266113, -0.204643433, 0.120244861, 0.940302208, -0.318235025, -0.518310547, 0.332885742, 0.787719727, 0.846592993, 0.0703228525, 0.527591935, 0, 0, 0, 0, 0, 0, 0, 0.222190918, 0.00384672852, -0.165204297, -0.026563339, 0.546874908, -0.836683829, 0.310668945, -0.791015625, -0.526977539, -0.950120154, -0.273803705, -0.148819398, 2, 1, 
119.126119, 0.1, 0.1, 0.11145718, 0.193021199, -0.019957107, 0.961723048, -0.274023317, -3.0228873e-005, 0.274023318, 0.961723048, 1.73183826e-005, 2.43261632e-005, -2.49389038e-005, 0.999999999, 0.96172296, -0.274023621, -6.07005442e-005, 0.274023622, 0.961722961, 9.92206816e-006, 5.56582261e-005, -2.61756637e-005, 0.999999998, 0, 0, 0, 0, 0, 0, 0, 0.140660815, -0.0129619873, -0.204077344, 0.121704774, 0.939362756, -0.320215401, -0.517089844, 0.335449219, 0.787475586, 0.847226909, 0.0698536874, 0.526793268, 0, 0, 0, 0, 0, 0, 0, 0.222121338, 0.00228925781, -0.164851807, -0.0276942328, 0.544101627, -0.838549329, 0.311157227, -0.792358398, -0.524536133, -0.949870788, -0.275445358, -0.147419815, 2, 1, 
119.126973, 0.1, 0.1, 0.111457168, 0.193021201, -0.0199597128, 0.961723585, -0.274021432, 3.26186764e-005, 0.274021433, 0.961723585, -1.75534527e-005, -2.65601281e-005, 2.58197859e-005, 0.999999999, 0.961723473, -0.274021819, 5.99858271e-005, 0.274021821, 0.961723474, -2.56172565e-005, -5.06700908e-005, 4.10741425e-005, 0.999999998, 0, 0, 0, 0, 0, 0, 0, 0.140660815, -0.0129619873, -0.204077344, 0.121704774, 0.939362756, -0.320215401, -0.517089844, 0.335449219, 0.787475586, 0.847226909, 0.0698536874, 0.526793268, 0, 0, 0, 0, 0, 0, 0, 0.222121338, 0.00228925781, -0.164851807, -0.0276942328, 0.544101627, -0.838549329, 0.311157227, -0.792358398, -0.524536133, -0.949870788, -0.275445358, -0.147419815, 2, 1, 
119.127899, 0.1, 0.1, 0.111457174, 0.193021202, -0.0199630534, 0.961724123, -0.274019545, 9.89428447e-006, 0.274019545, 0.961724123, -3.33069842e-005, -3.88807391e-007, 3.47433575e-005, 0.999999999, 0.961724005, -0.274019959, -2.94772685e-005, 0.274019959, 0.961724005, -7.2295679e-006, 3.03300426e-005, -1.12451089e-006, 1, 0, 0, 0, 0, 0, 0, 0, 0.140660815, -0.0129619873, -0.204077344, 0.121959014, 0.93886139, -0.321669323, -0.51574707, 0.336791992, 0.787719727, 0.848051785, 0.069809504, 0.525416851, 0, 0, 0, 0, 0, 0, 0, 0.222121338, 0.00228925781, -0.164851807, -0.0276942328, 0.544101627, -0.838549329, 0.311157227, -0.792358398, -0.524536133, -0.949870788, -0.275445358, -0.147419815, 2, 1, 
119.128769, 0.1, 0.1, 0.111457172, 0.193021206, -0.0199648269, 0.961724585, -0.274017924, -9.33424358e-006, 0.274017924, 0.961724585, 1.74910125e-005, 4.18412058e-006, -1.93792868e-005, 1, 0.961724486, -0.274018271, -1.46644391e-005, 0.274018271, 0.961724486, -7.71379812e-007, 1.43145223e-005, -3.27646939e-006, 1, 0, 0, 0, 0, 0, 0, 0, 0.141122803, -0.0145504395, -0.203486108, 0.121959014, 0.93886139, -0.321669323, -0.51574707, 0.336791992, 0.787719727, 0.848051785, 0.069809504, 0.525416851, 0, 0, 0, 0, 0, 0, 0, 0.222468457, 0.000946484375, -0.164704248, -0.0293362527, 0.541392146, -0.840184785, 0.31237793, -0.793334961, -0.522216797, -0.949429658, -0.27769402, -0.14587331, 2, 1, 
119.129615, 0.1, 0.1, 0.111457169, 0.193021205, -0.019965749, 0.961725146, -0.274015955, -2.0142251e-005, 0.274015954, 0.961725146, -2.64647671e-005, 2.66230777e-005, 1.99325339e-005, 0.999999999, 0.961725025, -0.274016381, 9.85453029e-006, 0.274016381, 0.961725024, -2.20925805e-005, -3.42361942e-006, 2.39472903e-005, 1, 0, 0, 0, 0, 0, 0, 0, 0.141122803, -0.0145504395, -0.203486108, 0.121959014, 0.93886139, -0.321669323, -0.51574707, 0.336791992, 0.787719727, 0.848051785, 0.069809504, 0.525416851, 0, 0, 0, 0, 0, 0, 0, 0.222468457, 0.000946484375, -0.164704248, -0.0293362527, 0.541392146, -0.840184785, 0.31237793, -0.793334961, -0.522216797, -0.949429658, -0.27769402, -0.14587331, 2, 1, 
119.130533, 0.1, 0.1, 0.111457175, 0.193021198, -0.019964883, 0.961725913, -0.274013261, 2.70034513e-005, 0.27401326, 0.961725913, 3.62194741e-005, -3.58945351e-005, -2.7433903e-005, 0.999999999, 0.961725762, -0.274013791, -1.29912375e-005, 0.274013791, 0.961725762, 4.10655556e-005, 1.24147925e-006, -4.3053581e-005, 0.999999999, 0, 0, 0, 0, 0, 0, 0, 0.141122803, -0.0145504395, -0.203486108, 0.121959014, 0.93886139, -0.321669323, -0.51574707, 0.336791992, 0.787719727, 0.848051785, 0.069809504, 0.525416851, 0, 0, 0, 0, 0, 0, 0, 0.222468457, 0.000946484375, -0.164704248, -0.0293362527, 0.541392146, -0.840184785, 0.31237793, -0.793334961, -0.522216797, -0.949429658, -0.27769402, -0.14587331, 2, 1, 
119.131386, 0.1, 0.1, 0.111457166, 0.193021195, -0.0199630875, 0.961726721, -0.274010426, -1.54322002e-005, 0.274010426, 0.961726721, 2.24202655e-005, 8.69817282e-006, -2.57907522e-005, 1, 0.961726563, -0.274010981, 2.79927977e-005, 0.274010981, 0.961726563, 6.99653315e-006, -2.8838544e-005, 9.41582173e-007, 1, 0, 0, 0, 0, 0, 0, 0, 0.141122803, -0.0145504395, -0.203486108, 0.121959014, 0.93886139, -0.321669323, -0.51574707, 0.336791992, 0.787719727, 0.848051785, 0.069809504, 0.525416851, 0, 0, 0, 0, 0, 0, 0, 0.222468457, 0.000946484375, -0.164704248, -0.0293362527, 0.541392146, -0.840184785, 0.31237793, -0.793334961, -0.522216797, -0.949429658, -0.27769402, -0.14587331, 2, 1, 
119.132237, 0.1, 0.1, 0.111457169, 0.193021193, -0.0199613906, 0.961727392, -0.27400807, 3.68250037e-005, 0.274008071, 0.961727392, -2.25734368e-005, -2.92303109e-005, 3.17998407e-005, 0.999999999, 0.961727284, -0.274008451, -1.88056519e-006, 0.274008451, 0.961727284, -1.81187771e-005, 6.7732889e-006, 1.69100315e-005, 1, 0, 0, 0, 0, 0, 0, 0, 0.141122803, -0.0145504395, -0.203486108, 0.121959014, 0.93886139, -0.321669323, -0.51574707, 0.336791992, 0.787719727, 0.848051785, 0.069809504, 0.525416851, 0, 0, 0, 0, 0, 0, 0, 0.222468457, 0.000946484375, -0.164704248, -0.0293362527, 0.541392146, -0.840184785, 0.31237793, -0.793334961, -0.522216797, -0.949429658, -0.27769402, -0.14587331, 2, 1, 
119.133182, 0.1, 0.1, 0.111457163, 0.193021188, -0.0199590822, 0.961727823, -0.274006557, -4.20726585e-005, 0.274006558, 0.961727823, 2.26085937e-005, 3.42675433e-005, -3.32714979e-005, 0.999999999, 0.961727774, -0.274006731, -3.05485008e-006, 0.274006731, 0.961727773, 3.84856283e-005, -7.60738706e-006, -3.78497471e-005, 0.999999999, 0, 0, 0, 0, 0, 0, 0, 0.141385962, -0.0161415771, -0.20289353, 0.122695523, 0.938321832, -0.323104149, -0.514160156, 0.338623047, 0.787963867, 0.848800277, 0.0695241858, 0.524161002, 0, 0, 0, 0, 0, 0, 0, 0.222891992, -0.000647851563, -0.164150488, -0.029898418, 0.53834398, -0.842069608, 0.314453125, -0.794555664, -0.519165039, -0.948752287, -0.280223764, -0.1454577, 2, 1, 
119.134032, 0.1, 0.1, 0.11145717, 0.193021194, -0.0199581433, 0.961727882, -0.27400635, 2.20350753e-005, 0.27400635, 0.961727882, -1.53967312e-005, -1.69729442e-005, 2.08452162e-005, 1, 0.96172789, -0.274006324, -1.35336334e-005, 0.274006324, 0.961727889, -4.25593054e-005, 2.46771916e-005, 3.72221698e-005, 0.999999999, 0, 0, 0, 0, 0, 0, 0, 0.141385962, -0.0161415771, -0.20289353, 0.122695523, 0.938321832, -0.323104149, -0.514160156, 0.338623047, 0.787963867, 0.848800277, 0.0695241858, 0.524161002, 0, 0, 0, 0, 0, 0, 0, 0.222891992, -0.000647851563, -0.164150488, -0.029898418, 0.53834398, -0.842069608, 0.314453125, -0.794555664, -0.519165039, -0.948752287, -0.280223764, -0.1454577, 2, 1, 
119.134943, 0.1, 0.1, 0.111457166, 0.193021191, -0.0199588554, 0.961727718, -0.274006925, -3.06757949e-005, 0.274006924, 0.961727718, -4.21825595e-005, 4.10600756e-005, 3.21627565e-005, 0.999999999, 0.961727766, -0.274006759, 9.51384341e-006, 0.274006759, 0.961727766, 1.18702234e-005, -1.24022488e-005, -8.80906604e-006, 1, 0, 0, 0, 0, 0, 0, 0, 0.141385962, -0.0161415771, -0.20289353, 0.122695523, 0.938321832, -0.323104149, -0.514160156, 0.338623047, 0.787963867, 0.848800277, 0.0695241858, 0.524161002, 0, 0, 0, 0, 0, 0, 0, 0.222891992, -0.000647851563, -0.164150488, -0.029898418, 0.53834398, -0.842069608, 0.314453125, -0.794555664, -0.519165039, -0.948752287, -0.280223764, -0.1454577, 2, 1, 
119.135807, 0.1, 0.1, 0.111457174, 0.193021197, -0.0199599402, 0.961727572, -0.274007439, 3.08851183e-006, 0.274007438, 0.961727572, 4.50067404e-005, -1.53024886e-005, -4.2437948e-005, 0.999999999, 0.961727599, -0.274007345, -2.76498149e-005, 0.274007345, 0.961727599, -1.03982856e-005, 2.94407967e-005, 2.4240659e-006, 1, 0, 0, 0, 0, 0, 0, 0, 0.141385962, -0.0161415771, -0.20289353, 0.122695523, 0.938321832, -0.323104149, -0.514160156, 0.338623047, 0.787963867, 0.848800277, 0.0695241858, 0.524161002, 0, 0, 0, 0, 0, 0, 0, 0.222891992, -0.000647851563, -0.164150488, -0.029898418, 0.53834398, -0.842069608, 0.314453125, -0.794555664, -0.519165039, -0.948752287, -0.280223764, -0.1454577, 2, 1, 
119.136657, 0.1, 0.1, 0.111457169, 0.193021181, -0.0199619747, 0.961727471, -0.274007794, 1.71428008e-006, 0.274007794, 0.961727471, 7.1219006e-006, -3.60012652e-006, -6.37960135e-006, 1, 0.961727485, -0.274007743, 2.06403354e-005, 0.274007742, 0.961727485, 5.25681031e-005, -3.42544451e-005, -4.49005779e-005, 0.999999998, 0, 0, 0, 0, 0, 0, 0, 0.141385962, -0.0161415771, -0.20289353, 0.122695523, 0.938321832, -0.323104149, -0.514160156, 0.338623047, 0.787963867, 0.848800277, 0.0695241858, 0.524161002, 0, 0, 0, 0, 0, 0, 0, 0.222891992, -0.000647851563, -0.164150488, -0.029898418, 0.53834398, -0.842069608, 0.314453125, -0.794555664, -0.519165039, -0.948752287, -0.280223764, -0.1454577, 2, 1, 
119.137587, 0.1, 0.1, 0.11145718, 0.193021206, -0.0199638093, 0.961727399, -0.274008043, -4.24173267e-005, 0.274008038, 0.961727397, -9.2013747e-005, 6.60064119e-005, 7.68694532e-005, 0.999999995, 0.961727414, -0.274007991, -5.33647224e-005, 0.274007983, 0.96172741, -0.000116716036, 8.33034427e-005, 9.76266512e-005, 0.999999992, 0, 0, 0, 0, 0, 0, 0, 0.141385962, -0.0161415771, -0.20289353, 0.12307033, 0.937985217, -0.323796475, -0.512695313, 0.339599609, 0.788574219, 0.849606057, 0.0689595407, 0.522911145, 0, 0, 0, 0, 0, 0, 0, 0.222891992, -0.000647851563, -0.164150488, -0.029898418, 0.53834398, -0.842069608, 0.314453125, -0.794555664, -0.519165039, -0.948752287, -0.280223764, -0.1454577, 2, 1, 
119.138479, 0.1, 0.1, 0.111457177, 0.193021199, -0.0199636619, 0.961727351, -0.274008216, 2.34915283e-005, 0.274008214, 0.96172735, 5.9559235e-005, -3.89121649e-005, -5.08428736e-005, 0.999999998, 0.961727361, -0.27400818, 2.68326885e-005, 0.274008178, 0.96172736, 6.28265769e-005, -4.30207267e-005, -5.30696619e-005, 0.999999998, 0, 0, 0, 0, 0, 0, 0, 0.141854053, -0.0174999512, -0.20248623, 0.12307033, 0.937985217, -0.323796475, -0.512695313, 0.339599609, 0.788574219, 0.849606057, 0.0689595407, 0.522911145, 0, 0, 0, 0, 0, 0, 0, 0.223297461, -0.00179448242, -0.163372021, -0.0308758274, 0.535653455, -0.843781991, 0.317504883, -0.795166016, -0.516479492, -0.94762759, -0.283820602, -0.145514936, 2, 1, 
119.139324, 0.1, 0.1, 0.111457177, 0.193021205, -0.0199632617, 0.961727227, -0.274008651, 8.63783174e-006, 0.274008651, 0.961727224, -7.66696475e-005, 1.27009088e-005, 7.61021281e-005, 0.999999997, 0.961727268, -0.274008507, -5.80297607e-006, 0.274008506, 0.961727266, -7.08924023e-005, 2.50060016e-005, 6.65890916e-005, 0.999999997, 0, 0, 0, 0, 0, 0, 0, 0.141854053, -0.0174999512, -0.20248623, 0.12307033, 0.937985217, -0.323796475, -0.512695313, 0.339599609, 0.788574219, 0.849606057, 0.0689595407, 0.522911145, 0, 0, 0, 0, 0, 0, 0, 0.223297461, -0.00179448242, -0.163372021, -0.0308758274, 0.535653455, -0.843781991, 0.317504883, -0.795166016, -0.516479492, -0.94762759, -0.283820602, -0.145514936, 2, 1, 
119.140271, 0.1, 0.1, 0.111457173, 0.193021206, -0.0199617171, 0.961726855, -0.274009958, -1.11022076e-005, 0.274009958, 0.961726854, 2.53628418e-005, 3.72762e-006, -2.74342415e-005, 1, 0.961726933, -0.274009683, -6.6981805e-006, 0.274009683, 0.961726933, 2.28354411e-005, 1.84688609e-007, -2.3796825e-005, 1, 0, 0, 0, 0, 0, 0, 0, 0.141854053, -0.0174999512, -0.20248623, 0.12307033, 0.937985217, -0.323796475, -0.512695313, 0.339599609, 0.788574219, 0.849606057, 0.0689595407, 0.522911145, 0, 0, 0, 0, 0, 0, 0, 0.223297461, -0.00179448242, -0.163372021, -0.0308758274, 0.535653455, -0.843781991, 0.317504883, -0.795166016, -0.516479492, -0.94762759, -0.283820602, -0.145514936, 2, 1, 
119.141126, 0.1, 0.1, 0.111457173, 0.193021206, -0.0199603166, 0.961726552, -0.274011022, -7.67152297e-006, 0.274011022, 0.961726552, 4.34579371e-006, 6.18711195e-006, -6.28154705e-006, 1, 0.961726599, -0.274010854, -1.42025497e-005, 0.274010854, 0.961726599, -1.87004317e-005, 1.87830911e-005, 1.40930498e-005, 1, 0, 0, 0, 0, 0, 0, 0, 0.141854053, -0.0174999512, -0.20248623, 0.12307033, 0.937985217, -0.323796475, -0.512695313, 0.339599609, 0.788574219, 0.849606057, 0.0689595407, 0.522911145, 0, 0, 0, 0, 0, 0, 0, 0.223297461, -0.00179448242, -0.163372021, -0.0308758274, 0.535653455, -0.843781991, 0.317504883, -0.795166016, -0.516479492, -0.94762759, -0.283820602, -0.145514936, 2, 1, 
119.14199, 0.1, 0.1, 0.11145717, 0.193021208, -0.0199598855, 0.961726452, -0.274011371, -2.66645587e-005, 0.27401137, 0.961726452, -3.33595539e-005, 3.47849085e-005, 2.47763732e-005, 0.999999999, 0.961726454, -0.274011365, 1.17390003e-005, 0.274011365, 0.961726453, -3.10898517e-005, -2.77073446e-006, 3.31165523e-005, 0.999999999, 0, 0, 0, 0, 0, 0, 0, 0.141854053, -0.0174999512, -0.20248623, 0.12307033, 0.937985217, -0.323796475, -0.512695313, 0.339599609, 0.788574219, 0.849606057, 0.0689595407, 0.522911145, 0, 0, 0, 0, 0, 0, 0, 0.223297461, -0.00179448242, -0.163372021, -0.0308758274, 0.535653455, -0.843781991, 0.317504883, -0.795166016, -0.516479492, -0.94762759, -0.283820602, -0.145514936, 2, 1, 
119.142925, 0.1, 0.1, 0.111457179, 0.193021197, -0.0199593307, 0.96172665, -0.274010675, 2.52991626e-005, 0.274010674, 0.961726649, 5.76578297e-005, -4.01297397e-005, -4.85188308e-005, 0.999999998, 0.961726593, -0.274010876, -2.264268e-005, 0.274010877, 0.961726591, 6.15918957e-005, 4.8992182e-006, -6.54389046e-005, 0.999999998, 0, 0, 0, 0, 0, 0, 0, 0.142115869, -0.0188583252, -0.201628418, 0.123787743, 0.937648603, -0.324431513, -0.511474609, 0.340454102, 0.78894043, 0.850233981, 0.0683948955, 0.522022989, 0, 0, 0, 0, 0, 0, 0, 0.223684619, -0.00317924805, -0.162586719, -0.0320832802, 0.532707367, -0.845545412, 0.3203125, -0.795776367, -0.513671875, -0.946649814, -0.287321559, -0.145086565, 2, 1, 
119.143769, 0.1, 0.1, 0.111457164, 0.193021202, -0.0199598934, 0.961727133, -0.27400898, 1.94914695e-005, 0.274008981, 0.961727131, -5.90380949e-005, -2.5685069e-006, 6.21193754e-005, 0.999999998, 0.961727018, -0.27400938, 5.78383646e-005, 0.274009383, 0.961727017, -5.41053456e-005, -4.07993456e-005, 6.78828272e-005, 0.999999997, 0, 0, 0, 0, 0, 0, 0, 0.142115869, -0.0188583252, -0.201628418, 0.123787743, 0.937648603, -0.324431513, -0.511474609, 0.340454102, 0.78894043, 0.850233981, 0.0683948955, 0.522022989, 0, 0, 0, 0, 0, 0, 0, 0.223684619, -0.00317924805, -0.162586719, -0.0320832802, 0.532707367, -0.845545412, 0.3203125, -0.795776367, -0.513671875, -0.946649814, -0.287321559, -0.145086565, 2, 1, 
119.14465, 0.1, 0.1, 0.111457185, 0.193021198, -0.0199615192, 0.961727921, -0.274006199, -9.35427959e-005, 0.274006206, 0.961727921, 7.00225876e-005, 7.07760956e-005, -9.29739842e-005, 0.999999993, 0.961727722, -0.274006893, -0.00011002348, 0.2740069, 0.961727725, 4.70698732e-005, 9.2915161e-005, -7.54155945e-005, 0.999999993, 0, 0, 0, 0, 0, 0, 0, 0.142115869, -0.0188583252, -0.201628418, 0.123787743, 0.937648603, -0.324431513, -0.511474609, 0.340454102, 0.78894043, 0.850233981, 0.0683948955, 0.522022989, 0, 0, 0, 0, 0, 0, 0, 0.223684619, -0.00317924805, -0.162586719, -0.0320832802, 0.532707367, -0.845545412, 0.3203125, -0.795776367, -0.513671875, -0.946649814, -0.287321559, -0.145086565, 2, 1, 
119.14555, 0.1, 0.1, 0.11145718, 0.193021187, -0.0199624055, 0.961728976, -0.274002506, 6.27477559e-005, 0.274002508, 0.961728977, -2.30187454e-005, -5.40391411e-005, 3.93308369e-005, 0.999999998, 0.96172876, -0.274003263, 5.86395525e-005, 0.274003263, 0.961728762, 6.63556776e-006, -5.82135115e-005, 9.6858124e-006, 0.999999998, 0, 0, 0, 0, 0, 0, 0, 0.142596167, -0.0202132812, -0.20099043, 0.124403685, 0.937394363, -0.324984175, -0.510131836, 0.341308594, 0.789428711, 0.851001569, 0.0675700196, 0.520874603, 0, 0, 0, 0, 0, 0, 0, 0.224005371, -0.00454741211, -0.162217627, -0.0342619458, 0.530004083, -0.847168109, 0.322631836, -0.796386719, -0.511352539, -0.945774117, -0.290796996, -0.143661462, 2, 1, 
119.146395, 0.1, 0.1, 0.111457185, 0.193021193, -0.019963429, 0.961730147, -0.273998391, -8.34981226e-005, 0.273998393, 0.96173015, 1.09539448e-005, 7.73012987e-005, -3.34130904e-005, 0.999999996, 0.961729896, -0.273999276, -6.26288299e-005, 0.273999275, 0.961729898, -2.5499889e-005, 6.72189693e-005, 7.3637516e-006, 0.999999998, 0, 0, 0, 0, 0, 0, 0, 0.142596167, -0.0202132812, -0.20099043, 0.124403685, 0.937394363, -0.324984175, -0.510131836, 0.341308594, 0.789428711, 0.851001569, 0.0675700196, 0.520874603, 0, 0, 0, 0, 0, 0, 0, 0.224005371, -0.00454741211, -0.162217627, -0.0342619458, 0.530004083, -0.847168109, 0.322631836, -0.796386719, -0.511352539, -0.945774117, -0.290796996, -0.143661462, 2, 1, 
119.147296, 0.1, 0.1, 0.111457189, 0.193021181, -0.019963956, 0.961731551, -0.273993468, 6.16619501e-005, 0.273993467, 0.961731553, 2.38956188e-005, -6.58494864e-005, -6.08619899e-006, 0.999999998, 0.961731252, -0.273994521, 2.22781567e-005, 0.27399452, 0.961731252, 5.00237387e-005, -3.51318298e-005, -4.20053e-005, 0.999999999, 0, 0, 0, 0, 0, 0, 0, 0.142596167, -0.0202132812, -0.20099043, 0.124403685, 0.937394363, -0.324984175, -0.510131836, 0.341308594, 0.789428711, 0.851001569, 0.0675700196, 0.520874603, 0, 0, 0, 0, 0, 0, 0, 0.224005371, -0.00454741211, -0.162217627, -0.0342619458, 0.530004083, -0.847168109, 0.322631836, -0.796386719, -0.511352539, -0.945774117, -0.290796996, -0.143661462, 2, 1, 
119.148139, 0.1, 0.1, 0.111457174, 0.193021193, -0.0199636815, 0.961733018, -0.273988325, -1.08877801e-006, 0.273988324, 0.961733016, -6.52511843e-005, 1.89251764e-005, 6.24559059e-005, 0.999999998, 0.961732723, -0.273989357, 4.49074845e-005, 0.273989359, 0.961732721, -7.05692785e-005, -2.3853766e-005, 8.01729573e-005, 0.999999997, 0, 0, 0, 0, 0, 0, 0, 0.142596167, -0.0202132812, -0.20099043, 0.124403685, 0.937394363, -0.324984175, -0.510131836, 0.341308594, 0.789428711, 0.851001569, 0.0675700196, 0.520874603, 0, 0, 0, 0, 0, 0, 0, 0.224005371, -0.00454741211, -0.162217627, -0.0342619458, 0.530004083, -0.847168109, 0.322631836, -0.796386719, -0.511352539, -0.945774117, -0.290796996, -0.143661462, 2, 1, 
119.148983, 0.1, 0.1, 0.111457184, 0.193021189, -0.019963308, 0.961734604, -0.273982756, -1.7720229e-005, 0.273982756, 0.961734603, 4.83070009e-005, 3.80687222e-006, -5.13135516e-005, 0.999999999, 0.961734282, -0.273983883, -4.84588709e-005, 0.273983885, 0.961734282, 4.22605776e-005, 3.50258403e-005, -5.39203959e-005, 0.999999998, 0, 0, 0, 0, 0, 0, 0, 0.142596167, -0.0202132812, -0.20099043, 0.124403685, 0.937394363, -0.324984175, -0.510131836, 0.341308594, 0.789428711, 0.851001569, 0.0675700196, 0.520874603, 0, 0, 0, 0, 0, 0, 0, 0.224005371, -0.00454741211, -0.162217627, -0.0342619458, 0.530004083, -0.847168109, 0.322631836, -0.796386719, -0.511352539, -0.945774117, -0.290796996, -0.143661462, 2, 1, 
