time, realDorsalTactorPos, realVentralTactorPos, boxPosX, boxPosY, boxPosZ, boxLocalRot_11, boxLocalRot_12, boxLocalRot_13, boxLocalRot_21, boxLocalRot_22, boxLocalRot_23, boxLocalRot_31, boxLocalRot_32, boxLocalRot_33, boxGlobalRot_11, boxGlobalRot_12, boxGlobalRot_13, boxGlobalRot_21, boxGlobalRot_22, boxGlobalRot_23, boxGlobalRot_31, boxGlobalRot_32, boxGlobalRot_33, indexForceX, indexForceY, indexForceZ, indexForceGlobalX, indexForceGlobalY, indexForceGlobalZ, indexContact, indexPosX, indexPosY, indexPosZ, indexRot_11, indexRot_12, indexRot_13, indexRot_21, indexRot_22, indexRot_23, indexRot_31, indexRot_32, indexRot_33, thumbForceX, thumbForceY, thumbForceZ, thumbForceGlobalX, thumbForceGlobalY, thumbForceGlobalZ, thumbContact, thumbPosX, thumbPosY, thumbPosZ, thumbRot_11, thumbRot_12, thumbRot_13, thumbRot_21, thumbRot_22, thumbRot_23, thumbRot_31, thumbRot_32, thumbRot_33, mapping, trialSuccess, 
304.531579, 0.1, 0.1, 0.0929856594, 0.188432035, -0.0199556132, 0.898363926, -0.439251927, 2.94100214e-005, 0.439251928, 0.898363926, -5.20123957e-006, -2.41362478e-005, 1.75910146e-005, 1, 0.898363947, -0.439251886, 2.08195194e-006, 0.439251886, 0.898363946, -3.01767381e-005, 1.13848385e-005, 2.80241948e-005, 1, 0, 0, 0, 0, 0, 0, 0, 0.106868848, -0.150769409, -0.164594653, -0.419085302, 0.734868092, -0.533258984, -0.536376953, 0.273803711, 0.798339844, 0.732042749, 0.621081401, 0.27961159, 0, 0, 0, 0, 0, 0, 0, 0.199562158, -0.101319238, -0.126904102, -0.251627606, 0.375038633, -0.892118974, 0.396484375, -0.80090332, -0.448608398, -0.882823014, -0.466527302, 0.0527893131, 5, 1, 
304.580465, 0.1, 0.1, 0.092985648, 0.188432015, -0.0199646248, 0.898373915, -0.439231497, -2.05450711e-005, 0.439231496, 0.898373915, -3.62288317e-005, 3.437e-005, 2.35229951e-005, 0.999999999, 0.898373884, -0.439231559, -2.87114997e-005, 0.439231559, 0.898373885, -5.91380475e-006, 2.83911913e-005, -7.29818906e-006, 1, 0, 0, 0, 0, 0, 0, 0, 0.118512354, -0.167150049, -0.156071973, -0.439122696, 0.714255167, -0.545092183, -0.545654297, 0.270263672, 0.793212891, 0.713216996, 0.646221939, 0.271227654, 0, 0, 0, 0, 0, 0, 0, 0.207967187, -0.115383936, -0.119895508, -0.263114083, 0.336929091, -0.903929909, 0.413574219, -0.807006836, -0.421264648, -0.871633278, -0.484648187, 0.0729051653, 5, 1, 
304.581331, 0.1, 0.1, 0.0929856423, 0.188432017, -0.0199654004, 0.898373853, -0.439231625, 2.65322866e-005, 0.439231623, 0.898373853, 5.07588686e-005, -4.61308129e-005, -3.39466211e-005, 0.999999998, 0.898373905, -0.439231517, 4.11617041e-005, 0.439231517, 0.898373906, 1.42685043e-005, -4.32457777e-005, 5.26106584e-006, 0.999999999, 0, 0, 0, 0, 0, 0, 0, 0.118512354, -0.167150049, -0.156071973, -0.439122696, 0.714255167, -0.545092183, -0.545654297, 0.270263672, 0.793212891, 0.713216996, 0.646221939, 0.271227654, 0, 0, 0, 0, 0, 0, 0, 0.207967187, -0.115383936, -0.119895508, -0.263114083, 0.336929091, -0.903929909, 0.413574219, -0.807006836, -0.421264648, -0.871633278, -0.484648187, 0.0729051653, 5, 1, 
304.58224, 0.1, 0.1, 0.0929856511, 0.188432009, -0.0199641082, 0.898373319, -0.439232714, -4.93844802e-005, 0.439232714, 0.89837332, -2.31271247e-005, 5.45238892e-005, -9.14487428e-007, 0.999999999, 0.898373451, -0.439232443, -6.10731764e-005, 0.439232445, 0.898373452, 1.00866497e-005, 5.04361365e-005, -3.58868989e-005, 0.999999998, 0, 0, 0, 0, 0, 0, 0, 0.119541284, -0.168166675, -0.15528728, -0.440735377, 0.711686181, -0.547104759, -0.546386719, 0.271240234, 0.792358398, 0.711618541, 0.64872989, 0.269445352, 0, 0, 0, 0, 0, 0, 0, 0.208557812, -0.116258496, -0.119661523, -0.26472402, 0.334424134, -0.90437687, 0.415039063, -0.807006836, -0.419799805, -0.870329576, -0.486507124, 0.0748220712, 5, 1, 
304.58309, 0.1, 0.1, 0.0929856416, 0.188432024, -0.0199625605, 0.898372387, -0.439234619, 6.75915545e-005, 0.439234622, 0.898372387, -3.93433767e-005, -4.34414131e-005, 6.50335541e-005, 0.999999997, 0.898372596, -0.439234191, 7.0665896e-005, 0.439234195, 0.898372595, -5.95769875e-005, -3.73160545e-005, 8.45612108e-005, 0.999999996, 0, 0, 0, 0, 0, 0, 0, 0.119541284, -0.168166675, -0.15528728, -0.440735377, 0.711686181, -0.547104759, -0.546386719, 0.271240234, 0.792358398, 0.711618541, 0.64872989, 0.269445352, 0, 0, 0, 0, 0, 0, 0, 0.208557812, -0.116258496, -0.119661523, -0.26472402, 0.334424134, -0.90437687, 0.415039063, -0.807006836, -0.419799805, -0.870329576, -0.486507124, 0.0748220712, 5, 1, 
304.583992, 0.1, 0.1, 0.0929856491, 0.188432019, -0.0199609169, 0.898371111, -0.439237227, -7.41397803e-005, 0.43923723, 0.898371112, 2.86525721e-005, 5.40197606e-005, -5.83055948e-005, 0.999999997, 0.898371381, -0.439236675, -7.11891246e-005, 0.439236678, 0.898371382, 3.45679885e-005, 4.8770744e-005, -6.23237662e-005, 0.999999997, 0, 0, 0, 0, 0, 0, 0, 0.119541284, -0.168166675, -0.15528728, -0.440735377, 0.711686181, -0.547104759, -0.546386719, 0.271240234, 0.792358398, 0.711618541, 0.64872989, 0.269445352, 0, 0, 0, 0, 0, 0, 0, 0.208557812, -0.116258496, -0.119661523, -0.26472402, 0.334424134, -0.90437687, 0.415039063, -0.807006836, -0.419799805, -0.870329576, -0.486507124, 0.0748220712, 5, 1, 
304.584837, 0.1, 0.1, 0.0929856429, 0.188432024, -0.019959703, 0.898369922, -0.439239657, 8.43816182e-005, 0.439239662, 0.898369922, -5.04553949e-005, -5.36438974e-005, 8.23913627e-005, 0.999999995, 0.898370148, -0.439239196, 7.21293042e-005, 0.4392392, 0.898370148, -4.40195772e-005, -4.546369e-005, 7.1227892e-005, 0.999999996, 0, 0, 0, 0, 0, 0, 0, 0.119541284, -0.168166675, -0.15528728, -0.440735377, 0.711686181, -0.547104759, -0.546386719, 0.271240234, 0.792358398, 0.711618541, 0.64872989, 0.269445352, 0, 0, 0, 0, 0, 0, 0, 0.208557812, -0.116258496, -0.119661523, -0.26472402, 0.334424134, -0.90437687, 0.415039063, -0.807006836, -0.419799805, -0.870329576, -0.486507124, 0.0748220712, 5, 1, 
304.585682, 0.1, 0.1, 0.092985642, 0.188432026, -0.0199597818, 0.89836897, -0.439241609, -6.05669475e-005, 0.439241612, 0.898368969, 5.04756361e-005, 3.22404666e-005, -7.19492688e-005, 0.999999997, 0.898369115, -0.439241312, -4.28618113e-005, 0.439241314, 0.898369116, 2.16177712e-005, 2.90103093e-005, -3.82474162e-005, 0.999999999, 0, 0, 0, 0, 0, 0, 0, 0.119541284, -0.168166675, -0.15528728, -0.440735377, 0.711686181, -0.547104759, -0.546386719, 0.271240234, 0.792358398, 0.711618541, 0.64872989, 0.269445352, 0, 0, 0, 0, 0, 0, 0, 0.208557812, -0.116258496, -0.119661523, -0.26472402, 0.334424134, -0.90437687, 0.415039063, -0.807006836, -0.419799805, -0.870329576, -0.486507124, 0.0748220712, 5, 1, 
304.586638, 0.1, 0.1, 0.0929856467, 0.188432016, -0.0199603228, 0.898368467, -0.43924264, 2.37685123e-006, 0.43924264, 0.898368467, -3.48879777e-005, 1.31889992e-005, 3.23862734e-005, 0.999999999, 0.898368526, -0.439242521, -3.87633947e-007, 0.439242521, 0.898368525, 2.26882259e-005, -9.61739541e-006, -2.05526534e-005, 1, 0, 0, 0, 0, 0, 0, 0, 0.120457324, -0.169362964, -0.154521631, -0.440272204, 0.710074621, -0.549523221, -0.547119141, 0.2734375, 0.791137695, 0.711421589, 0.649479504, 0.268221703, 0, 0, 0, 0, 0, 0, 0, 0.208557812, -0.116258496, -0.119661523, -0.264679177, 0.331733976, -0.905411882, 0.416748047, -0.807250977, -0.417602539, -0.869588407, -0.487771813, 0.0753270007, 5, 1, 
304.587487, 0.1, 0.1, 0.0929856397, 0.188432027, -0.019960863, 0.898368051, -0.439243491, 1.84104888e-005, 0.439243491, 0.898368051, -4.89219272e-006, -1.43905311e-005, 1.2481677e-005, 1, 0.898368157, -0.439243274, 4.06995547e-005, 0.439243275, 0.898368156, -3.39483786e-005, -2.1651587e-005, 4.8375148e-005, 0.999999999, 0, 0, 0, 0, 0, 0, 0, 0.120457324, -0.169362964, -0.154521631, -0.440272204, 0.710074621, -0.549523221, -0.547119141, 0.2734375, 0.791137695, 0.711421589, 0.649479504, 0.268221703, 0, 0, 0, 0, 0, 0, 0, 0.209246094, -0.117132813, -0.119049658, -0.264679177, 0.331733976, -0.905411882, 0.416748047, -0.807250977, -0.417602539, -0.869588407, -0.487771813, 0.0753270007, 5, 1, 
304.588341, 0.1, 0.1, 0.0929856467, 0.188432013, -0.0199620996, 0.898367603, -0.439244409, -1.18891375e-005, 0.439244409, 0.898367601, 6.24169324e-005, -1.67354727e-005, -6.12955871e-005, 0.999999998, 0.898367664, -0.439244282, -2.50817952e-005, 0.439244283, 0.898367661, 7.68599342e-005, -1.12276129e-005, -8.00655147e-005, 0.999999997, 0, 0, 0, 0, 0, 0, 0, 0.120457324, -0.169362964, -0.154521631, -0.440272204, 0.710074621, -0.549523221, -0.547119141, 0.2734375, 0.791137695, 0.711421589, 0.649479504, 0.268221703, 0, 0, 0, 0, 0, 0, 0, 0.209246094, -0.117132813, -0.119049658, -0.264679177, 0.331733976, -0.905411882, 0.416748047, -0.807250977, -0.417602539, -0.869588407, -0.487771813, 0.0753270007, 5, 1, 
304.589277, 0.1, 0.1, 0.0929856446, 0.188432026, -0.0199625923, 0.898367369, -0.439244886, 2.86123553e-005, 0.439244887, 0.898367366, -6.9526125e-005, 4.83458864e-006, 7.50278327e-005, 0.999999997, 0.898367423, -0.439244775, 1.32036136e-005, 0.439244775, 0.89836742, -8.2166756e-005, 2.4229622e-005, 7.96155552e-005, 0.999999997, 0, 0, 0, 0, 0, 0, 0, 0.120748193, -0.17073147, -0.153721313, -0.43904032, 0.709560151, -0.551212287, -0.546020508, 0.276855469, 0.790649414, 0.712956765, 0.648572252, 0.266140978, 0, 0, 0, 0, 0, 0, 0, 0.209960742, -0.11823501, -0.118219434, -0.264097689, 0.328711695, -0.906593815, 0.417724609, -0.808227539, -0.414794922, -0.869281805, -0.48821221, 0.0760619734, 5, 1, 
304.590121, 0.1, 0.1, 0.0929856395, 0.18843202, -0.0199629194, 0.898366851, -0.439245945, -2.74496776e-005, 0.439245945, 0.898366849, 6.35403749e-005, -3.24997167e-006, -6.91397261e-005, 0.999999998, 0.898366993, -0.439245655, 2.32090136e-006, 0.439245654, 0.898366992, 6.32949293e-005, -2.98870438e-005, -5.58426295e-005, 0.999999998, 0, 0, 0, 0, 0, 0, 0, 0.120748193, -0.17073147, -0.153721313, -0.43904032, 0.709560151, -0.551212287, -0.546020508, 0.276855469, 0.790649414, 0.712956765, 0.648572252, 0.266140978, 0, 0, 0, 0, 0, 0, 0, 0.209960742, -0.11823501, -0.118219434, -0.264097689, 0.328711695, -0.906593815, 0.417724609, -0.808227539, -0.414794922, -0.869281805, -0.48821221, 0.0760619734, 5, 1, 
304.591006, 0.1, 0.1, 0.0929856511, 0.188432024, -0.01996325, 0.898365855, -0.439247983, -2.90814833e-006, 0.439247982, 0.898365853, -6.24486994e-005, 3.00430464e-005, 5.48243809e-005, 0.999999998, 0.898366121, -0.439247438, -4.09978938e-005, 0.439247436, 0.898366121, -4.64806077e-005, 5.72476067e-005, 2.37483835e-005, 0.999999998, 0, 0, 0, 0, 0, 0, 0, 0.120748193, -0.17073147, -0.153721313, -0.43904032, 0.709560151, -0.551212287, -0.546020508, 0.276855469, 0.790649414, 0.712956765, 0.648572252, 0.266140978, 0, 0, 0, 0, 0, 0, 0, 0.209960742, -0.11823501, -0.118219434, -0.264097689, 0.328711695, -0.906593815, 0.417724609, -0.808227539, -0.414794922, -0.869281805, -0.48821221, 0.0760619734, 5, 1, 
304.591886, 0.1, 0.1, 0.0929856419, 0.188432028, -0.0199624995, 0.898364466, -0.439250824, -1.21121772e-005, 0.439250824, 0.898364465, 3.80371281e-005, -5.82669025e-006, -3.94914881e-005, 0.999999999, 0.898364744, -0.439250253, 3.08494515e-005, 0.439250253, 0.898364745, 6.925203e-006, -3.07559568e-005, 7.32927116e-006, 1, 0, 0, 0, 0, 0, 0, 0, 0.120748193, -0.17073147, -0.153721313, -0.43904032, 0.709560151, -0.551212287, -0.546020508, 0.276855469, 0.790649414, 0.712956765, 0.648572252, 0.266140978, 0, 0, 0, 0, 0, 0, 0, 0.209960742, -0.11823501, -0.118219434, -0.264097689, 0.328711695, -0.906593815, 0.417724609, -0.808227539, -0.414794922, -0.869281805, -0.48821221, 0.0760619734, 5, 1, 
304.59273, 0.1, 0.1, 0.0929856578, 0.18843202, -0.0199620417, 0.898362973, -0.439253875, -3.65838481e-005, 0.439253876, 0.898362974, 4.55127917e-006, 3.08664075e-005, -2.01582977e-005, 0.999999999, 0.898363266, -0.439253273, -7.15461644e-005, 0.439253276, 0.898363267, 2.69405517e-005, 5.24407204e-005, -5.5629289e-005, 0.999999997, 0, 0, 0, 0, 0, 0, 0, 0.120748193, -0.17073147, -0.153721313, -0.43904032, 0.709560151, -0.551212287, -0.546020508, 0.276855469, 0.790649414, 0.712956765, 0.648572252, 0.266140978, 0, 0, 0, 0, 0, 0, 0, 0.209960742, -0.11823501, -0.118219434, -0.264097689, 0.328711695, -0.906593815, 0.417724609, -0.808227539, -0.414794922, -0.869281805, -0.48821221, 0.0760619734, 5, 1, 
304.59366, 0.1, 0.1, 0.0929856458, 0.188432032, -0.0199613983, 0.898361492, -0.439256906, 2.25138762e-005, 0.439256907, 0.898361491, -4.73837119e-005, 5.88023259e-007, 5.24570777e-005, 0.999999999, 0.898361789, -0.439256295, 5.5960342e-005, 0.439256298, 0.898361788, -5.62981931e-005, -2.55432972e-005, 7.51570782e-005, 0.999999997, 0, 0, 0, 0, 0, 0, 0, 0.120748193, -0.17073147, -0.153721313, -0.437967196, 0.709083872, -0.552761689, -0.545043945, 0.279785156, 0.790283203, 0.714269902, 0.647906136, 0.264161725, 0, 0, 0, 0, 0, 0, 0, 0.209960742, -0.11823501, -0.118219434, -0.264097689, 0.328711695, -0.906593815, 0.417724609, -0.808227539, -0.414794922, -0.869281805, -0.48821221, 0.0760619734, 5, 1, 
304.594524, 0.1, 0.1, 0.0929856508, 0.188432023, -0.0199604544, 0.898360477, -0.439258982, -3.25834734e-005, 0.439258983, 0.898360475, 6.0501956e-005, 2.69567706e-006, -6.86651494e-005, 0.999999998, 0.898360657, -0.439258613, -2.94926068e-005, 0.439258614, 0.898360654, 6.75938134e-005, -3.19616723e-006, -7.36785042e-005, 0.999999997, 0, 0, 0, 0, 0, 0, 0, 0.121030273, -0.172320532, -0.153136792, -0.437967196, 0.709083872, -0.552761689, -0.545043945, 0.279785156, 0.790283203, 0.714269902, 0.647906136, 0.264161725, 0, 0, 0, 0, 0, 0, 0, 0.210198877, -0.119541895, -0.117602197, -0.263842126, 0.325734258, -0.907852307, 0.417724609, -0.809692383, -0.411987305, -0.869377687, -0.487911438, 0.0775253558, 5, 1, 
304.59537, 0.1, 0.1, 0.0929856477, 0.188432029, -0.0199606702, 0.898359649, -0.439260675, 2.09079882e-005, 0.439260675, 0.898359645, -8.11111687e-005, 1.68460538e-005, 8.2051058e-005, 0.999999996, 0.898359785, -0.439260397, 3.23413843e-005, 0.439260398, 0.898359783, -6.04585229e-005, -2.49716428e-006, 6.85197949e-005, 0.999999998, 0, 0, 0, 0, 0, 0, 0, 0.121030273, -0.172320532, -0.153136792, -0.437967196, 0.709083872, -0.552761689, -0.545043945, 0.279785156, 0.790283203, 0.714269902, 0.647906136, 0.264161725, 0, 0, 0, 0, 0, 0, 0, 0.210198877, -0.119541895, -0.117602197, -0.263842126, 0.325734258, -0.907852307, 0.417724609, -0.809692383, -0.411987305, -0.869377687, -0.487911438, 0.0775253558, 5, 1, 
304.596269, 0.1, 0.1, 0.0929856447, 0.188432031, -0.0199613181, 0.898358966, -0.439262073, -1.12912388e-005, 0.439262073, 0.898358964, 6.48916467e-005, -1.83608537e-005, -6.32558056e-005, 0.999999998, 0.898359118, -0.439261761, 7.81253043e-006, 0.439261761, 0.898359117, 4.07927538e-005, -2.49371549e-005, -3.32147965e-005, 0.999999999, 0, 0, 0, 0, 0, 0, 0, 0.121030273, -0.172320532, -0.153136792, -0.437967196, 0.709083872, -0.552761689, -0.545043945, 0.279785156, 0.790283203, 0.714269902, 0.647906136, 0.264161725, 0, 0, 0, 0, 0, 0, 0, 0.210198877, -0.119541895, -0.117602197, -0.263842126, 0.325734258, -0.907852307, 0.417724609, -0.809692383, -0.411987305, -0.869377687, -0.487911438, 0.0775253558, 5, 1, 
304.597112, 0.1, 0.1, 0.0929856488, 0.188432024, -0.0199622615, 0.898358156, -0.439263728, 1.54927724e-005, 0.439263728, 0.898358156, -2.23843304e-005, -4.08543401e-006, 2.69145587e-005, 1, 0.898358318, -0.439263398, -1.24414514e-005, 0.439263398, 0.898358318, 1.51070573e-005, 4.54090403e-006, -1.90366248e-005, 1, 0, 0, 0, 0, 0, 0, 0, 0.121030273, -0.172320532, -0.153136792, -0.437967196, 0.709083872, -0.552761689, -0.545043945, 0.279785156, 0.790283203, 0.714269902, 0.647906136, 0.264161725, 0, 0, 0, 0, 0, 0, 0, 0.210198877, -0.119541895, -0.117602197, -0.263842126, 0.325734258, -0.907852307, 0.417724609, -0.809692383, -0.411987305, -0.869377687, -0.487911438, 0.0775253558, 5, 1, 
304.597959, 0.1, 0.1, 0.092985644, 0.188432036, -0.0199635161, 0.898357468, -0.439265136, -9.81840154e-006, 0.439265135, 0.898357468, -2.58091505e-005, 2.01574944e-005, 1.88729616e-005, 1, 0.898357584, -0.439264898, 7.39981567e-006, 0.439264898, 0.898357583, -5.23076477e-005, 1.6329233e-005, 5.02414513e-005, 0.999999999, 0, 0, 0, 0, 0, 0, 0, 0.121030273, -0.172320532, -0.153136792, -0.437967196, 0.709083872, -0.552761689, -0.545043945, 0.279785156, 0.790283203, 0.714269902, 0.647906136, 0.264161725, 0, 0, 0, 0, 0, 0, 0, 0.210198877, -0.119541895, -0.117602197, -0.263842126, 0.325734258, -0.907852307, 0.417724609, -0.809692383, -0.411987305, -0.869377687, -0.487911438, 0.0775253558, 5, 1, 
304.598894, 0.1, 0.1, 0.0929856468, 0.18843202, -0.0199634991, 0.898357115, -0.439265857, -1.46220379e-005, 0.439265858, 0.898357114, 4.82702297e-005, -8.06765211e-006, -4.97868663e-005, 0.999999999, 0.898357168, -0.439265749, -7.52550619e-006, 0.439265749, 0.898357165, 7.4938503e-005, -2.61573253e-005, -7.06272384e-005, 0.999999997, 0, 0, 0, 0, 0, 0, 0, 0.1215323, -0.174202783, -0.15218916, -0.436907177, 0.70717389, -0.555935756, -0.545410156, 0.283447266, 0.788818359, 0.714719972, 0.648332239, 0.262069017, 0, 0, 0, 0, 0, 0, 0, 0.210723242, -0.120878564, -0.116573633, -0.26258983, 0.322245694, -0.909398445, 0.41809082, -0.811401367, -0.408203125, -0.869614293, -0.487418902, 0.0782220491, 5, 1, 
304.599741, 0.1, 0.1, 0.0929856468, 0.188432033, -0.0199630302, 0.898356676, -0.439266754, 3.49218523e-005, 0.439266755, 0.898356674, -6.41252288e-005, -3.20419801e-006, 7.29473361e-005, 0.999999997, 0.898356791, -0.439266521, 1.22027323e-005, 0.43926652, 0.898356788, -7.82704321e-005, 2.3419173e-005, 7.56750259e-005, 0.999999997, 0, 0, 0, 0, 0, 0, 0, 0.1215323, -0.174202783, -0.15218916, -0.436907177, 0.70717389, -0.555935756, -0.545410156, 0.283447266, 0.788818359, 0.714719972, 0.648332239, 0.262069017, 0, 0, 0, 0, 0, 0, 0, 0.210723242, -0.120878564, -0.116573633, -0.26258983, 0.322245694, -0.909398445, 0.41809082, -0.811401367, -0.408203125, -0.869614293, -0.487418902, 0.0782220491, 5, 1, 
304.600628, 0.1, 0.1, 0.0929856468, 0.188432029, -0.0199624979, 0.898355984, -0.43926817, -2.16455281e-005, 0.43926817, 0.898355982, 6.29178435e-005, -8.19241627e-006, -6.60308127e-005, 0.999999998, 0.898356117, -0.439267897, -2.74574319e-005, 0.439267898, 0.898356116, 4.45597759e-005, 5.09287286e-006, -5.20917157e-005, 0.999999999, 0, 0, 0, 0, 0, 0, 0, 0.1215323, -0.174202783, -0.15218916, -0.436907177, 0.70717389, -0.555935756, -0.545410156, 0.283447266, 0.788818359, 0.714719972, 0.648332239, 0.262069017, 0, 0, 0, 0, 0, 0, 0, 0.210723242, -0.120878564, -0.116573633, -0.26258983, 0.322245694, -0.909398445, 0.41809082, -0.811401367, -0.408203125, -0.869614293, -0.487418902, 0.0782220491, 5, 1, 
304.601489, 0.1, 0.1, 0.0929856475, 0.188432029, -0.0199615846, 0.898355386, -0.439269393, 2.92305377e-005, 0.439269394, 0.898355384, -5.98006679e-005, 9.19217646e-009, 6.65623327e-005, 0.999999998, 0.898355501, -0.439269158, 1.72563405e-005, 0.439269159, 0.8983555, -3.34816187e-005, -7.94885931e-007, 3.76585745e-005, 0.999999999, 0, 0, 0, 0, 0, 0, 0, 0.1215323, -0.174202783, -0.15218916, -0.436907177, 0.70717389, -0.555935756, -0.545410156, 0.283447266, 0.788818359, 0.714719972, 0.648332239, 0.262069017, 0, 0, 0, 0, 0, 0, 0, 0.210723242, -0.120878564, -0.116573633, -0.26258983, 0.322245694, -0.909398445, 0.41809082, -0.811401367, -0.408203125, -0.869614293, -0.487418902, 0.0782220491, 5, 1, 
304.602328, 0.1, 0.1, 0.092985642, 0.188432037, -0.019961417, 0.898354833, -0.439270524, -4.14320794e-006, 0.439270524, 0.898354833, 3.04120561e-005, -9.63704892e-006, -2.91408067e-005, 1, 0.898354913, -0.43927036, 4.42074691e-006, 0.43927036, 0.898354913, -1.86553936e-005, 4.22336178e-006, 1.87010676e-005, 1, 0, 0, 0, 0, 0, 0, 0, 0.1215323, -0.174202783, -0.15218916, -0.436907177, 0.70717389, -0.555935756, -0.545410156, 0.283447266, 0.788818359, 0.714719972, 0.648332239, 0.262069017, 0, 0, 0, 0, 0, 0, 0, 0.210723242, -0.120878564, -0.116573633, -0.26258983, 0.322245694, -0.909398445, 0.41809082, -0.811401367, -0.408203125, -0.869614293, -0.487418902, 0.0782220491, 5, 1, 
304.603268, 0.1, 0.1, 0.0929856467, 0.188432024, -0.0199614126, 0.898354283, -0.43927165, 4.9548502e-006, 0.43927165, 0.898354283, 1.37396964e-005, -1.048667e-005, -1.01665899e-005, 1, 0.898354384, -0.439271443, -1.16292557e-005, 0.439271443, 0.898354383, 5.03124428e-005, -1.16536266e-005, -5.03068035e-005, 0.999999999, 0, 0, 0, 0, 0, 0, 0, 0.1215323, -0.174202783, -0.15218916, -0.438178374, 0.703869516, -0.559216164, -0.549682617, 0.282592773, 0.786010742, 0.710595592, 0.652439767, 0.263206542, 0, 0, 0, 0, 0, 0, 0, 0.210723242, -0.120878564, -0.116573633, -0.26258983, 0.322245694, -0.909398445, 0.41809082, -0.811401367, -0.408203125, -0.869614293, -0.487418902, 0.0782220491, 5, 1, 
304.604138, 0.1, 0.1, 0.0929856406, 0.188432039, -0.0199607985, 0.898353879, -0.439272475, 1.03557654e-005, 0.439272475, 0.898353878, -5.29487356e-005, 1.39557801e-005, 5.21157047e-005, 0.999999999, 0.898353966, -0.439272297, 3.44861568e-005, 0.439272298, 0.898353963, -6.60721357e-005, -1.95711685e-006, 7.45049785e-005, 0.999999997, 0, 0, 0, 0, 0, 0, 0, 0.122794238, -0.175028882, -0.150790649, -0.438178374, 0.703869516, -0.559216164, -0.549682617, 0.282592773, 0.786010742, 0.710595592, 0.652439767, 0.263206542, 0, 0, 0, 0, 0, 0, 0, 0.211716309, -0.12184126, -0.115567041, -0.261503412, 0.318565, -0.910963906, 0.421386719, -0.811401367, -0.404785156, -0.868272679, -0.489769642, 0.0779347699, 5, 1, 
304.604976, 0.1, 0.1, 0.0929856418, 0.188432027, -0.0199611776, 0.898353737, -0.439272767, -2.07957782e-006, 0.439272766, 0.898353733, 8.74710367e-005, -3.65554478e-005, -7.94934346e-005, 0.999999996, 0.898353748, -0.439272743, -9.35798038e-007, 0.439272741, 0.898353745, 9.04271906e-005, -3.88815224e-005, -8.16466762e-005, 0.999999996, 0, 0, 0, 0, 0, 0, 0, 0.122794238, -0.175028882, -0.150790649, -0.438178374, 0.703869516, -0.559216164, -0.549682617, 0.282592773, 0.786010742, 0.710595592, 0.652439767, 0.263206542, 0, 0, 0, 0, 0, 0, 0, 0.211716309, -0.12184126, -0.115567041, -0.261503412, 0.318565, -0.910963906, 0.421386719, -0.811401367, -0.404785156, -0.868272679, -0.489769642, 0.0779347699, 5, 1, 
304.605913, 0.1, 0.1, 0.0929856427, 0.188432034, -0.0199614537, 0.898353513, -0.439273225, 2.16605346e-005, 0.439273225, 0.898353509, -7.71606831e-005, 1.44358049e-005, 7.88324636e-005, 0.999999997, 0.898353588, -0.439273071, 3.19733591e-006, 0.43927307, 0.898353586, -7.35260048e-005, 2.94256557e-005, 6.74568538e-005, 0.999999997, 0, 0, 0, 0, 0, 0, 0, 0.123880786, -0.176261914, -0.149363452, -0.438667757, 0.701465281, -0.561818472, -0.551391602, 0.283813477, 0.784423828, 0.709066407, 0.654427255, 0.262382788, 0, 0, 0, 0, 0, 0, 0, 0.212657617, -0.122998389, -0.114528467, -0.260947444, 0.31485259, -0.912401402, 0.422973633, -0.812255859, -0.401367187, -0.867723274, -0.490650802, 0.0787656246, 5, 1, 
304.606773, 0.1, 0.1, 0.0929856391, 0.188432035, -0.0199615584, 0.898352915, -0.439274445, -4.79762866e-005, 0.439274447, 0.898352914, 4.74490086e-005, 2.22565e-005, -6.37007119e-005, 0.999999998, 0.898353071, -0.439274127, -7.47875416e-006, 0.439274127, 0.898353071, 3.33572549e-005, -7.93441728e-006, -3.32518156e-005, 0.999999999, 0, 0, 0, 0, 0, 0, 0, 0.123880786, -0.176261914, -0.149363452, -0.438667757, 0.701465281, -0.561818472, -0.551391602, 0.283813477, 0.784423828, 0.709066407, 0.654427255, 0.262382788, 0, 0, 0, 0, 0, 0, 0, 0.212657617, -0.122998389, -0.114528467, -0.260947444, 0.31485259, -0.912401402, 0.422973633, -0.812255859, -0.401367187, -0.867723274, -0.490650802, 0.0787656246, 5, 1, 
304.607628, 0.1, 0.1, 0.0929856468, 0.188432028, -0.0199622153, 0.898352185, -0.439275939, 2.38424037e-005, 0.43927594, 0.898352185, -1.88260979e-005, -1.31490236e-005, 2.73858605e-005, 1, 0.898352307, -0.43927569, -8.52322696e-006, 0.439275691, 0.898352307, 2.02886927e-005, -1.25546887e-006, -2.19704403e-005, 1, 0, 0, 0, 0, 0, 0, 0, 0.123880786, -0.176261914, -0.149363452, -0.438667757, 0.701465281, -0.561818472, -0.551391602, 0.283813477, 0.784423828, 0.709066407, 0.654427255, 0.262382788, 0, 0, 0, 0, 0, 0, 0, 0.212657617, -0.122998389, -0.114528467, -0.260947444, 0.31485259, -0.912401402, 0.422973633, -0.812255859, -0.401367187, -0.867723274, -0.490650802, 0.0787656246, 5, 1, 
304.608522, 0.1, 0.1, 0.0929856405, 0.188432042, -0.0199624135, 0.898351791, -0.439276745, 7.58386927e-006, 0.439276746, 0.898351791, -1.76260172e-005, 9.29716911e-007, 1.91657815e-005, 1, 0.898351868, -0.439276588, 2.46907036e-005, 0.439276588, 0.898351867, -4.67754226e-005, -1.6335917e-006, 5.28668363e-005, 0.999999999, 0, 0, 0, 0, 0, 0, 0, 0.123880786, -0.176261914, -0.149363452, -0.438667757, 0.701465281, -0.561818472, -0.551391602, 0.283813477, 0.784423828, 0.709066407, 0.654427255, 0.262382788, 0, 0, 0, 0, 0, 0, 0, 0.212657617, -0.122998389, -0.114528467, -0.260947444, 0.31485259, -0.912401402, 0.422973633, -0.812255859, -0.401367187, -0.867723274, -0.490650802, 0.0787656246, 5, 1, 
304.609365, 0.1, 0.1, 0.0929856456, 0.18843203, -0.0199628009, 0.898351413, -0.439277518, -1.83234172e-005, 0.439277518, 0.898351412, 4.55111809e-005, -3.53117083e-006, -4.89340989e-005, 0.999999999, 0.898351497, -0.439277346, -3.69325248e-005, 0.439277347, 0.898351495, 5.66265167e-005, 8.30364297e-006, -6.70941375e-005, 0.999999998, 0, 0, 0, 0, 0, 0, 0, 0.123880786, -0.176261914, -0.149363452, -0.438667757, 0.701465281, -0.561818472, -0.551391602, 0.283813477, 0.784423828, 0.709066407, 0.654427255, 0.262382788, 0, 0, 0, 0, 0, 0, 0, 0.212657617, -0.122998389, -0.114528467, -0.260947444, 0.31485259, -0.912401402, 0.422973633, -0.812255859, -0.401367187, -0.867723274, -0.490650802, 0.0787656246, 5, 1, 
304.610246, 0.1, 0.1, 0.0929856411, 0.188432039, -0.0199632655, 0.898351059, -0.43927824, 4.92627218e-005, 0.439278242, 0.898351058, -4.8432267e-005, -2.29799773e-005, 6.51492202e-005, 0.999999998, 0.898351156, -0.439278045, 2.66093212e-005, 0.439278045, 0.898351153, -6.43524914e-005, 4.36412219e-006, 6.95000256e-005, 0.999999998, 0, 0, 0, 0, 0, 0, 0, 0.123880786, -0.176261914, -0.149363452, -0.438667757, 0.701465281, -0.561818472, -0.551391602, 0.283813477, 0.784423828, 0.709066407, 0.654427255, 0.262382788, 0, 0, 0, 0, 0, 0, 0, 0.212657617, -0.122998389, -0.114528467, -0.260947444, 0.31485259, -0.912401402, 0.422973633, -0.812255859, -0.401367187, -0.867723274, -0.490650802, 0.0787656246, 5, 1, 
304.611146, 0.1, 0.1, 0.0929856428, 0.188432034, -0.0199624499, 0.89835039, -0.439279606, -7.12031867e-005, 0.439279609, 0.898350389, 5.1745606e-005, 4.12346211e-005, -7.77637933e-005, 0.999999996, 0.89835054, -0.439279301, -5.09285277e-005, 0.439279303, 0.898350539, 4.94983205e-005, 2.40080827e-005, -6.68386911e-005, 0.999999997, 0, 0, 0, 0, 0, 0, 0, 0.124573926, -0.177212744, -0.149069531, -0.442488844, 0.70020344, -0.560340584, -0.550170898, 0.281738281, 0.786132813, 0.707570545, 0.656604582, 0.260789202, 0, 0, 0, 0, 0, 0, 0, 0.213205029, -0.124130859, -0.114055859, -0.263151629, 0.311689585, -0.912963201, 0.423828125, -0.812744141, -0.399658203, -0.866604773, -0.492087932, 0.0817751449, 5, 1, 
304.61199, 0.1, 0.1, 0.0929856434, 0.188432032, -0.0199619326, 0.898349636, -0.439281147, 7.63162226e-005, 0.43928115, 0.898349637, -3.53186946e-005, -5.30438142e-005, 6.52528145e-005, 0.999999996, 0.898349781, -0.439280854, 4.24267983e-005, 0.439280855, 0.898349782, -1.69370661e-005, -3.06739761e-005, 3.38526899e-005, 0.999999999, 0, 0, 0, 0, 0, 0, 0, 0.124573926, -0.177212744, -0.149069531, -0.442488844, 0.70020344, -0.560340584, -0.550170898, 0.281738281, 0.786132813, 0.707570545, 0.656604582, 0.260789202, 0, 0, 0, 0, 0, 0, 0, 0.213205029, -0.124130859, -0.114055859, -0.263151629, 0.311689585, -0.912963201, 0.423828125, -0.812744141, -0.399658203, -0.866604773, -0.492087932, 0.0817751449, 5, 1, 
304.612898, 0.1, 0.1, 0.0929856342, 0.188432039, -0.0199614556, 0.898348989, -0.439282474, -3.92331898e-005, 0.439282475, 0.89834899, 1.96390358e-005, 2.66180122e-005, -3.48771607e-005, 0.999999999, 0.898349083, -0.439282284, 9.42794167e-007, 0.439282284, 0.898349083, -1.84865062e-005, 7.27383638e-006, 1.70214886e-005, 1, 0, 0, 0, 0, 0, 0, 0, 0.124573926, -0.177212744, -0.149069531, -0.442488844, 0.70020344, -0.560340584, -0.550170898, 0.281738281, 0.786132813, 0.707570545, 0.656604582, 0.260789202, 0, 0, 0, 0, 0, 0, 0, 0.213205029, -0.124130859, -0.114055859, -0.263151629, 0.311689585, -0.912963201, 0.423828125, -0.812744141, -0.399658203, -0.866604773, -0.492087932, 0.0817751449, 5, 1, 
304.613739, 0.1, 0.1, 0.0929856404, 0.188432027, -0.019961093, 0.898348795, -0.439282874, 3.82121097e-006, 0.439282874, 0.898348794, 1.89370921e-005, -1.17515205e-005, -1.53335213e-005, 1, 0.898348802, -0.439282858, -7.00506939e-006, 0.439282857, 0.898348801, 5.26407209e-005, -1.68311706e-005, -5.03669355e-005, 0.999999999, 0, 0, 0, 0, 0, 0, 0, 0.124573926, -0.177212744, -0.149069531, -0.442488844, 0.70020344, -0.560340584, -0.550170898, 0.281738281, 0.786132813, 0.707570545, 0.656604582, 0.260789202, 0, 0, 0, 0, 0, 0, 0, 0.213205029, -0.124130859, -0.114055859, -0.263151629, 0.311689585, -0.912963201, 0.423828125, -0.812744141, -0.399658203, -0.866604773, -0.492087932, 0.0817751449, 5, 1, 
304.614591, 0.1, 0.1, 0.0929856326, 0.188432041, -0.0199614965, 0.89834871, -0.439283044, 4.91259405e-005, 0.439283046, 0.898348709, -4.11131995e-005, -2.60718938e-005, 5.85141825e-005, 0.999999998, 0.898348751, -0.439282961, 5.06835863e-005, 0.439282963, 0.898348749, -6.13109092e-005, -1.85986987e-005, 7.73430147e-005, 0.999999997, 0, 0, 0, 0, 0, 0, 0, 0.124573926, -0.177212744, -0.149069531, -0.442488844, 0.70020344, -0.560340584, -0.550170898, 0.281738281, 0.786132813, 0.707570545, 0.656604582, 0.260789202, 0, 0, 0, 0, 0, 0, 0, 0.213205029, -0.124130859, -0.114055859, -0.263151629, 0.311689585, -0.912963201, 0.423828125, -0.812744141, -0.399658203, -0.866604773, -0.492087932, 0.0817751449, 5, 1, 
304.615525, 0.1, 0.1, 0.0929856376, 0.18843203, -0.0199616397, 0.898348444, -0.43928359, -1.86752605e-005, 0.43928359, 0.898348441, 7.50170423e-005, -1.61768645e-005, -7.55951787e-005, 0.999999997, 0.898348473, -0.439283531, -3.93433106e-005, 0.439283532, 0.89834847, 6.97023489e-005, 4.72490894e-006, -7.98998672e-005, 0.999999997, 0, 0, 0, 0, 0, 0, 0, 0.125084351, -0.178382666, -0.148803931, -0.44559851, 0.699068159, -0.559332983, -0.547973633, 0.281494141, 0.787719727, 0.707445108, 0.658020312, 0.257787, 0, 0, 0, 0, 0, 0, 0, 0.213949072, -0.125458252, -0.113778174, -0.265707259, 0.308865266, -0.913186314, 0.424194336, -0.813110352, -0.3984375, -0.865645953, -0.493243979, 0.0850657479, 5, 1, 
304.616366, 0.1, 0.1, 0.0929856357, 0.188432033, -0.0199618171, 0.898348437, -0.439283605, 2.18405785e-005, 0.439283605, 0.898348434, -6.8107975e-005, 1.02982673e-005, 7.0778901e-005, 0.999999997, 0.898348446, -0.439283587, 1.02549951e-005, 0.439283587, 0.898348444, -5.83589007e-005, 1.64235484e-005, 5.69314788e-005, 0.999999998, 0, 0, 0, 0, 0, 0, 0, 0.125084351, -0.178382666, -0.148803931, -0.44559851, 0.699068159, -0.559332983, -0.547973633, 0.281494141, 0.787719727, 0.707445108, 0.658020312, 0.257787, 0, 0, 0, 0, 0, 0, 0, 0.213949072, -0.125458252, -0.113778174, -0.265707259, 0.308865266, -0.913186314, 0.424194336, -0.813110352, -0.3984375, -0.865645953, -0.493243979, 0.0850657479, 5, 1, 
304.617227, 0.1, 0.1, 0.0929856353, 0.188432036, -0.0199625236, 0.898348257, -0.439283971, -4.90645259e-005, 0.439283973, 0.898348256, 3.92486893e-005, 2.68357112e-005, -5.68122515e-005, 0.999999998, 0.898348297, -0.439283891, -2.88885397e-005, 0.439283891, 0.898348297, 1.71898666e-005, 1.8400739e-005, -2.81327575e-005, 0.999999999, 0, 0, 0, 0, 0, 0, 0, 0.125084351, -0.178382666, -0.148803931, -0.44559851, 0.699068159, -0.559332983, -0.547973633, 0.281494141, 0.787719727, 0.707445108, 0.658020312, 0.257787, 0, 0, 0, 0, 0, 0, 0, 0.213949072, -0.125458252, -0.113778174, -0.265707259, 0.308865266, -0.913186314, 0.424194336, -0.813110352, -0.3984375, -0.865645953, -0.493243979, 0.0850657479, 5, 1, 
304.618141, 0.1, 0.1, 0.0929856339, 0.188432026, -0.0199624792, 0.898348251, -0.439283982, 6.08804676e-005, 0.439283983, 0.898348252, -1.24999274e-005, -4.92008438e-005, 3.79731022e-005, 0.999999998, 0.898348211, -0.439284066, 4.13397446e-005, 0.439284065, 0.898348211, 2.87242743e-005, -4.97556016e-005, -7.64450936e-006, 0.999999999, 0, 0, 0, 0, 0, 0, 0, 0.125084351, -0.178382666, -0.148803931, -0.44559851, 0.699068159, -0.559332983, -0.547973633, 0.281494141, 0.787719727, 0.707445108, 0.658020312, 0.257787, 0, 0, 0, 0, 0, 0, 0, 0.21455459, -0.126356006, -0.113330957, -0.267061633, 0.305983344, -0.913741916, 0.42578125, -0.813110352, -0.396728516, -0.864438134, -0.495019794, 0.0868484924, 5, 1, 
304.618986, 0.1, 0.1, 0.0929856327, 0.188432042, -0.0199623785, 0.898348754, -0.439282954, -5.00530738e-005, 0.439282951, 0.898348755, -5.06381649e-005, 6.72095991e-005, 2.35032703e-005, 0.999999997, 0.898348618, -0.439283233, -2.90476271e-005, 0.43928323, 0.898348617, -7.64293218e-005, 5.96690152e-005, 5.59000401e-005, 0.999999997, 0, 0, 0, 0, 0, 0, 0, 0.125084351, -0.178382666, -0.148803931, -0.44559851, 0.699068159, -0.559332983, -0.547973633, 0.281494141, 0.787719727, 0.707445108, 0.658020312, 0.257787, 0, 0, 0, 0, 0, 0, 0, 0.21455459, -0.126356006, -0.113330957, -0.267061633, 0.305983344, -0.913741916, 0.42578125, -0.813110352, -0.396728516, -0.864438134, -0.495019794, 0.0868484924, 5, 1, 
304.619845, 0.1, 0.1, 0.0929856393, 0.188432033, -0.0199625818, 0.898349716, -0.43928099, 7.70041725e-006, 0.439280989, 0.898349715, 4.67267878e-005, -2.74438573e-005, -3.85943496e-005, 0.999999999, 0.898349484, -0.439281464, -7.19089192e-006, 0.439281464, 0.898349482, 6.20750374e-005, -2.08084793e-005, -5.89239033e-005, 0.999999998, 0, 0, 0, 0, 0, 0, 0, 0.125084351, -0.178382666, -0.148803931, -0.44559851, 0.699068159, -0.559332983, -0.547973633, 0.281494141, 0.787719727, 0.707445108, 0.658020312, 0.257787, 0, 0, 0, 0, 0, 0, 0, 0.21455459, -0.126356006, -0.113330957, -0.267061633, 0.305983344, -0.913741916, 0.42578125, -0.813110352, -0.396728516, -0.864438134, -0.495019794, 0.0868484924, 5, 1, 
304.620746, 0.1, 0.1, 0.092985633, 0.188432047, -0.0199620108, 0.898350846, -0.439278676, 4.38650505e-005, 0.439278678, 0.898350843, -7.24293876e-005, -7.58951967e-006, 8.4335983e-005, 0.999999996, 0.89835066, -0.439279058, 2.9682992e-005, 0.439279059, 0.898350656, -8.65724569e-005, 1.13637321e-005, 9.08115406e-005, 0.999999996, 0, 0, 0, 0, 0, 0, 0, 0.126083496, -0.179391846, -0.148428491, -0.447769846, 0.696638836, -0.560647242, -0.548706055, 0.28125, 0.787231445, 0.705440767, 0.660629734, 0.256512055, 0, 0, 0, 0, 0, 0, 0, 0.21455459, -0.126356006, -0.113330957, -0.267061633, 0.305983344, -0.913741916, 0.42578125, -0.813110352, -0.396728516, -0.864438134, -0.495019794, 0.0868484924, 5, 1, 
304.621591, 0.1, 0.1, 0.0929856369, 0.188432045, -0.0199619069, 0.898351584, -0.439277166, -5.37620046e-005, 0.439277169, 0.898351583, 5.45161905e-005, 2.43494642e-005, -7.25911273e-005, 0.999999997, 0.898351437, -0.439277466, -5.18449557e-005, 0.439277468, 0.898351437, 3.82452617e-005, 2.97747088e-005, -5.71320067e-005, 0.999999998, 0, 0, 0, 0, 0, 0, 0, 0.126083496, -0.179391846, -0.148428491, -0.447769846, 0.696638836, -0.560647242, -0.548706055, 0.28125, 0.787231445, 0.705440767, 0.660629734, 0.256512055, 0, 0, 0, 0, 0, 0, 0, 0.21455459, -0.126356006, -0.113330957, -0.267061633, 0.305983344, -0.913741916, 0.42578125, -0.813110352, -0.396728516, -0.864438134, -0.495019794, 0.0868484924, 5, 1, 
304.622483, 0.1, 0.1, 0.092985632, 0.18843204, -0.0199620797, 0.898352541, -0.43927521, 4.76086373e-005, 0.439275212, 0.89835254, -4.00746863e-005, -2.51655241e-005, 5.69144905e-005, 0.999999998, 0.898352288, -0.439275727, 4.91709805e-005, 0.439275728, 0.898352289, -3.76746088e-006, -4.25179087e-005, 2.49841253e-005, 0.999999999, 0, 0, 0, 0, 0, 0, 0, 0.126083496, -0.179391846, -0.148428491, -0.447769846, 0.696638836, -0.560647242, -0.548706055, 0.28125, 0.787231445, 0.705440767, 0.660629734, 0.256512055, 0, 0, 0, 0, 0, 0, 0, 0.21455459, -0.126356006, -0.113330957, -0.267061633, 0.305983344, -0.913741916, 0.42578125, -0.813110352, -0.396728516, -0.864438134, -0.495019794, 0.0868484924, 5, 1, 
304.623379, 0.1, 0.1, 0.09298563, 0.188432047, -0.0199613739, 0.898353831, -0.439272575, 4.25649545e-006, 0.439272574, 0.89835383, 4.86078671e-005, -2.51759419e-005, -4.17973019e-005, 0.999999999, 0.898353582, -0.439273082, -1.39124777e-006, 0.439273082, 0.898353582, -7.98826439e-006, 4.75886194e-006, 6.56514823e-006, 1, 0, 0, 0, 0, 0, 0, 0, 0.126728198, -0.180108447, -0.147578857, -0.448227028, 0.695668305, -0.561466127, -0.549194336, 0.281616211, 0.786865234, 0.704895218, 0.661525003, 0.256023793, 0, 0, 0, 0, 0, 0, 0, 0.214627197, -0.126890869, -0.113035449, -0.269604503, 0.304992808, -0.913364585, 0.426025391, -0.812744141, -0.397216797, -0.863600716, -0.496105845, 0.0890975203, 5, 1, 
304.624232, 0.1, 0.1, 0.092985633, 0.188432031, -0.0199613056, 0.898354881, -0.439270426, -2.37148341e-005, 0.439270426, 0.898354881, 1.93461631e-005, 1.28061397e-005, -2.77969453e-005, 1, 0.89835471, -0.439270776, -2.84413292e-005, 0.439270777, 0.898354708, 5.59898546e-005, 9.55695116e-007, -6.27921943e-005, 0.999999998, 0, 0, 0, 0, 0, 0, 0, 0.126728198, -0.180108447, -0.147578857, -0.448227028, 0.695668305, -0.561466127, -0.549194336, 0.281616211, 0.786865234, 0.704895218, 0.661525003, 0.256023793, 0, 0, 0, 0, 0, 0, 0, 0.214627197, -0.126890869, -0.113035449, -0.269604503, 0.304992808, -0.913364585, 0.426025391, -0.812744141, -0.397216797, -0.863600716, -0.496105845, 0.0890975203, 5, 1, 
304.625129, 0.1, 0.1, 0.0929856268, 0.188432043, -0.0199614923, 0.898355532, -0.439269095, 2.09839e-005, 0.439269095, 0.898355531, -4.21330796e-005, -3.43242895e-007, 4.70680639e-005, 0.999999999, 0.898355407, -0.43926935, 2.62792339e-005, 0.43926935, 0.898355405, -5.992888e-005, 2.71682832e-006, 6.53810955e-005, 0.999999998, 0, 0, 0, 0, 0, 0, 0, 0.126728198, -0.180108447, -0.147578857, -0.448227028, 0.695668305, -0.561466127, -0.549194336, 0.281616211, 0.786865234, 0.704895218, 0.661525003, 0.256023793, 0, 0, 0, 0, 0, 0, 0, 0.214627197, -0.126890869, -0.113035449, -0.269604503, 0.304992808, -0.913364585, 0.426025391, -0.812744141, -0.397216797, -0.863600716, -0.496105845, 0.0890975203, 5, 1, 
304.625972, 0.1, 0.1, 0.092985631, 0.188432033, -0.0199618996, 0.898356188, -0.439267754, -2.73150103e-005, 0.439267755, 0.898356186, 6.08725488e-005, -2.20073933e-006, -6.66838341e-005, 0.999999998, 0.898356056, -0.439268023, -1.97035042e-005, 0.439268023, 0.898356054, 6.98597348e-005, -1.29863853e-005, -7.14140352e-005, 0.999999997, 0, 0, 0, 0, 0, 0, 0, 0.126728198, -0.180108447, -0.147578857, -0.448227028, 0.695668305, -0.561466127, -0.549194336, 0.281616211, 0.786865234, 0.704895218, 0.661525003, 0.256023793, 0, 0, 0, 0, 0, 0, 0, 0.214627197, -0.126890869, -0.113035449, -0.269604503, 0.304992808, -0.913364585, 0.426025391, -0.812744141, -0.397216797, -0.863600716, -0.496105845, 0.0890975203, 5, 1, 
304.626842, 0.1, 0.1, 0.0929856314, 0.18843204, -0.019962455, 0.898356583, -0.439266941, 5.77667884e-005, 0.439266945, 0.898356582, -5.92984689e-005, -2.58473175e-005, 7.86462106e-005, 0.999999997, 0.898356559, -0.439266994, 2.28406043e-005, 0.439266995, 0.898356557, -6.26495439e-005, 7.00087018e-006, 6.63147523e-005, 0.999999998, 0, 0, 0, 0, 0, 0, 0, 0.126728198, -0.180108447, -0.147578857, -0.448227028, 0.695668305, -0.561466127, -0.549194336, 0.281616211, 0.786865234, 0.704895218, 0.661525003, 0.256023793, 0, 0, 0, 0, 0, 0, 0, 0.214627197, -0.126890869, -0.113035449, -0.269604503, 0.304992808, -0.913364585, 0.426025391, -0.812744141, -0.397216797, -0.863600716, -0.496105845, 0.0890975203, 5, 1, 
