time, realDorsalTactorPos, realVentralTactorPos, boxPosX, boxPosY, boxPosZ, boxLocalRot_11, boxLocalRot_12, boxLocalRot_13, boxLocalRot_21, boxLocalRot_22, boxLocalRot_23, boxLocalRot_31, boxLocalRot_32, boxLocalRot_33, boxGlobalRot_11, boxGlobalRot_12, boxGlobalRot_13, boxGlobalRot_21, boxGlobalRot_22, boxGlobalRot_23, boxGlobalRot_31, boxGlobalRot_32, boxGlobalRot_33, indexForceX, indexForceY, indexForceZ, indexForceGlobalX, indexForceGlobalY, indexForceGlobalZ, indexContact, indexPosX, indexPosY, indexPosZ, indexRot_11, indexRot_12, indexRot_13, indexRot_21, indexRot_22, indexRot_23, indexRot_31, indexRot_32, indexRot_33, thumbForceX, thumbForceY, thumbForceZ, thumbForceGlobalX, thumbForceGlobalY, thumbForceGlobalZ, thumbContact, thumbPosX, thumbPosY, thumbPosZ, thumbRot_11, thumbRot_12, thumbRot_13, thumbRot_21, thumbRot_22, thumbRot_23, thumbRot_31, thumbRot_32, thumbRot_33, mapping, trialSuccess, 
1333.88475, 0.1, 0.1, 0.1078855, 0.186548715, -0.0199413416, 0.762527141, -0.646956225, -5.52806435e-005, 0.646956223, 0.762527143, -4.95206979e-005, 7.41907149e-005, 1.99671986e-006, 0.999999997, 0.762526308, -0.646957208, 2.65108032e-005, 0.646957208, 0.762526305, -6.8428134e-005, 2.40548897e-005, 6.93296076e-005, 0.999999997, 0, 0, 0, 0, 0, 0, 0, 0.170805151, -0.024028418, -0.114706348, -0.51586436, 0.496250423, -0.69825929, -0.789428711, 0.0408935547, 0.612304688, 0.332472923, 0.867127136, 0.37087802, 0, 0, 0, 0, 0, 0, 0, 0.234771533, 0.0503915527, -0.0966120605, -0.311145041, 0.595680078, -0.74037134, 0.232666016, -0.707641602, -0.666992187, -0.921482624, -0.379633485, 0.0816266167, 5, 1, 
1333.93101, 0.1, 0.1, 0.107885487, 0.186548708, -0.0199565461, 0.762599095, -0.646871408, 3.48616416e-005, 0.646871409, 0.762599096, -5.79730779e-006, -2.28353437e-005, 2.69720209e-005, 0.999999999, 0.762599103, -0.646871395, 8.39049155e-005, 0.646871397, 0.762599105, -6.88341877e-006, -5.95331268e-005, 5.95249789e-005, 0.999999996, 0, 0, 0, 0, 0, 0, 0, 0.183896948, -0.0580460449, -0.0744251953, -0.564175184, 0.453875831, -0.68967876, -0.764892578, 0.0268554687, 0.643554688, 0.310709725, 0.890647115, 0.332194234, 0, 0, 0, 0, 0, 0, 0, 0.243974219, 0.0184367187, -0.0614390625, -0.376153564, 0.548346545, -0.746847499, 0.239746094, -0.721069336, -0.649902344, -0.895052021, -0.423272393, 0.139739703, 5, 1, 
1333.9324, 0.1, 0.1, 0.107885497, 0.186548709, -0.0199424476, 0.762599089, -0.646871411, 8.47399916e-005, 0.646871413, 0.762599092, -3.68820468e-006, -6.22368465e-005, 5.76284997e-005, 0.999999996, 0.762599083, -0.646871423, -1.98904725e-005, 0.646871423, 0.762599083, 2.07448988e-006, 1.38265279e-005, -1.44485823e-005, 1, 0, 0, 0, 0, 0, 0, 0, 0.183896948, -0.0580460449, -0.0744251953, -0.564175184, 0.453875831, -0.68967876, -0.764892578, 0.0268554687, 0.643554688, 0.310709725, 0.890647115, 0.332194234, 0, 0, 0, 0, 0, 0, 0, 0.243974219, 0.0184367187, -0.0614390625, -0.376153564, 0.548346545, -0.746847499, 0.239746094, -0.721069336, -0.649902344, -0.895052021, -0.423272393, 0.139739703, 5, 1, 
1333.93377, 0.1, 0.1, 0.10788549, 0.186548711, -0.0199290246, 0.762599171, -0.646871304, -0.000141670796, 0.646871311, 0.762599179, 2.87888388e-006, 0.000106175765, -9.38382077e-005, 0.99999999, 0.762599153, -0.646871336, -8.17390373e-005, 0.646871338, 0.762599156, -7.57096178e-007, 6.28238647e-005, -5.22972795e-005, 0.999999997, 0, 0, 0, 0, 0, 0, 0, 0.183896948, -0.0580460449, -0.0744251953, -0.564175184, 0.453875831, -0.68967876, -0.764892578, 0.0268554687, 0.643554688, 0.310709725, 0.890647115, 0.332194234, 0, 0, 0, 0, 0, 0, 0, 0.243974219, 0.0184367187, -0.0614390625, -0.376153564, 0.548346545, -0.746847499, 0.239746094, -0.721069336, -0.649902344, -0.895052021, -0.423272393, 0.139739703, 5, 1, 
1333.93463, 0.1, 0.1, 0.107885488, 0.186548711, -0.0199294885, 0.762599278, -0.646871168, 0.000180660706, 0.64687118, 0.76259929, -7.18179831e-006, -0.000133126028, 0.000122341038, 0.999999984, 0.762599262, -0.646871204, 0.000107163364, 0.646871208, 0.762599266, -3.5133745e-006, -7.9450002e-005, 7.20001915e-005, 0.999999994, 0, 0, 0, 0, 0, 0, 0, 0.183896948, -0.0580460449, -0.0744251953, -0.564175184, 0.453875831, -0.68967876, -0.764892578, 0.0268554687, 0.643554688, 0.310709725, 0.890647115, 0.332194234, 0, 0, 0, 0, 0, 0, 0, 0.243974219, 0.0184367187, -0.0614390625, -0.376153564, 0.548346545, -0.746847499, 0.239746094, -0.721069336, -0.649902344, -0.895052021, -0.423272393, 0.139739703, 5, 1, 
1333.93553, 0.1, 0.1, 0.107885454, 0.186548715, -0.0199417301, 0.762599464, -0.646870974, -2.44244556e-005, 0.646870974, 0.762599464, -8.56497297e-006, 2.41665092e-005, -9.26782762e-006, 1, 0.762599422, -0.646871019, 8.09190572e-005, 0.646871022, 0.762599424, -1.49396542e-005, -5.20447971e-005, 6.37371648e-005, 0.999999997, 0, 0, 0, 0, 0, 0, 0, 0.184743628, -0.060682251, -0.0709874512, -0.569291434, 0.450227729, -0.687769899, -0.762207031, 0.0242919922, 0.646850586, 0.308059485, 0.892584429, 0.329420061, 0, 0, 0, 0, 0, 0, 0, 0.244521729, 0.0161693359, -0.0584832031, -0.382376395, 0.542588898, -0.747798656, 0.241455078, -0.72253418, -0.647705078, -0.891901043, -0.428050798, 0.145285897, 5, 1, 
1333.9364, 0.1, 0.1, 0.107885485, 0.186548715, -0.0199592709, 0.762599663, -0.646870732, -0.00010141501, 0.646870736, 0.762599666, 9.30825428e-006, 7.13178151e-005, -7.27008734e-005, 0.999999995, 0.762599613, -0.646870784, -0.000138484383, 0.646870791, 0.762599619, 5.98575453e-006, 0.000101736128, -9.41462366e-005, 0.99999999, 0, 0, 0, 0, 0, 0, 0, 0.184743628, -0.060682251, -0.0709874512, -0.569291434, 0.450227729, -0.687769899, -0.762207031, 0.0242919922, 0.646850586, 0.308059485, 0.892584429, 0.329420061, 0, 0, 0, 0, 0, 0, 0, 0.244521729, 0.0161693359, -0.0584832031, -0.382376395, 0.542588898, -0.747798656, 0.241455078, -0.72253418, -0.647705078, -0.891901043, -0.428050798, 0.145285897, 5, 1, 
1333.93725, 0.1, 0.1, 0.107885468, 0.186548714, -0.0199758787, 0.762599907, -0.646870437, 0.00014117195, 0.646870443, 0.762599915, 1.0429206e-006, -0.000108332351, 9.05246304e-005, 0.99999999, 0.762599864, -0.646870491, 0.000121549164, 0.646870496, 0.76259987, 3.45330611e-006, -9.49272188e-005, 7.59930775e-005, 0.999999993, 0, 0, 0, 0, 0, 0, 0, 0.184743628, -0.060682251, -0.0709874512, -0.569291434, 0.450227729, -0.687769899, -0.762207031, 0.0242919922, 0.646850586, 0.308059485, 0.892584429, 0.329420061, 0, 0, 0, 0, 0, 0, 0, 0.244521729, 0.0161693359, -0.0584832031, -0.382376395, 0.542588898, -0.747798656, 0.241455078, -0.72253418, -0.647705078, -0.891901043, -0.428050798, 0.145285897, 5, 1, 
1333.93811, 0.1, 0.1, 0.107885441, 0.186548717, -0.0199860792, 0.762600201, -0.646870103, 6.14070384e-005, 0.646870105, 0.762600202, -1.55168266e-005, -3.67916486e-005, 5.15555125e-005, 0.999999998, 0.762600136, -0.646870176, 9.50831662e-005, 0.64687018, 0.762600138, -1.53253527e-005, -6.25969221e-005, 7.31935809e-005, 0.999999995, 0, 0, 0, 0, 0, 0, 0, 0.184743628, -0.060682251, -0.0709874512, -0.569291434, 0.450227729, -0.687769899, -0.762207031, 0.0242919922, 0.646850586, 0.308059485, 0.892584429, 0.329420061, 0, 0, 0, 0, 0, 0, 0, 0.244521729, 0.0161693359, -0.0584832031, -0.382376395, 0.542588898, -0.747798656, 0.241455078, -0.72253418, -0.647705078, -0.891901043, -0.428050798, 0.145285897, 5, 1, 
1333.93896, 0.1, 0.1, 0.107885454, 0.186548719, -0.019987063, 0.76260051, -0.646869732, -0.000107729937, 0.646869735, 0.762600515, -2.31234834e-006, 8.36506936e-005, -6.79238378e-005, 0.999999994, 0.762600448, -0.646869809, -8.84165267e-005, 0.646869811, 0.762600451, -6.04824887e-006, 7.13389127e-005, -5.25815846e-005, 0.999999996, 0, 0, 0, 0, 0, 0, 0, 0.184743628, -0.060682251, -0.0709874512, -0.569291434, 0.450227729, -0.687769899, -0.762207031, 0.0242919922, 0.646850586, 0.308059485, 0.892584429, 0.329420061, 0, 0, 0, 0, 0, 0, 0, 0.244521729, 0.0161693359, -0.0584832031, -0.382376395, 0.542588898, -0.747798656, 0.241455078, -0.72253418, -0.647705078, -0.891901043, -0.428050798, 0.145285897, 5, 1, 
1333.93985, 0.1, 0.1, 0.107885477, 0.186548716, -0.0199788473, 0.762600892, -0.64686929, -3.63007244e-005, 0.646869291, 0.762600892, 1.60934592e-005, 1.72726003e-005, -3.57547102e-005, 0.999999999, 0.76260079, -0.646869407, -8.02077615e-005, 0.646869409, 0.762600791, 1.56663225e-005, 5.10324376e-005, -6.38310972e-005, 0.999999997, 0, 0, 0, 0, 0, 0, 0, 0.184743628, -0.060682251, -0.0709874512, -0.574153445, 0.446801666, -0.686038893, -0.759277344, 0.0227050781, 0.650390625, 0.306234122, 0.894362983, 0.326303282, 0, 0, 0, 0, 0, 0, 0, 0.244521729, 0.0161693359, -0.0584832031, -0.382376395, 0.542588898, -0.747798656, 0.241455078, -0.72253418, -0.647705078, -0.891901043, -0.428050798, 0.145285897, 5, 1, 
1333.94074, 0.1, 0.1, 0.107885467, 0.186548713, -0.0199647967, 0.762601279, -0.646868834, 2.76754203e-005, 0.646868834, 0.76260128, 1.36058702e-005, -2.99065244e-005, 7.52651281e-006, 1, 0.762601208, -0.646868916, 5.34107417e-005, 0.646868916, 0.76260121, 1.30306814e-005, -4.9160239e-005, 2.46125352e-005, 0.999999998, 0, 0, 0, 0, 0, 0, 0, 0.185605811, -0.0633075928, -0.0677830811, -0.574153445, 0.446801666, -0.686038893, -0.759277344, 0.0227050781, 0.650390625, 0.306234122, 0.894362983, 0.326303282, 0, 0, 0, 0, 0, 0, 0, 0.245125391, 0.0134908691, -0.0553390137, -0.387551454, 0.536933695, -0.749222659, 0.242553711, -0.724731445, -0.644775391, -0.889376396, -0.431468266, 0.15065965, 5, 1, 
1333.94161, 0.1, 0.1, 0.107885472, 0.186548712, -0.0199515797, 0.762601594, -0.646868463, 3.66281537e-005, 0.646868463, 0.762601594, -3.04446893e-006, -2.59633175e-005, 2.60153144e-005, 0.999999999, 0.762601545, -0.646868521, -1.59081195e-005, 0.646868522, 0.762601545, 5.19322e-006, 8.77222593e-006, -1.42508193e-005, 1, 0, 0, 0, 0, 0, 0, 0, 0.185605811, -0.0633075928, -0.0677830811, -0.574153445, 0.446801666, -0.686038893, -0.759277344, 0.0227050781, 0.650390625, 0.306234122, 0.894362983, 0.326303282, 0, 0, 0, 0, 0, 0, 0, 0.245125391, 0.0134908691, -0.0553390137, -0.387551454, 0.536933695, -0.749222659, 0.242553711, -0.724731445, -0.644775391, -0.889376396, -0.431468266, 0.15065965, 5, 1, 
1333.94251, 0.1, 0.1, 0.107885473, 0.186548714, -0.0199434304, 0.762601865, -0.646868138, -8.40087346e-005, 0.64686814, 0.762601868, 6.15786975e-008, 6.40253846e-005, -5.43895339e-005, 0.999999996, 0.762601811, -0.646868206, -5.10346818e-005, 0.646868206, 0.762601812, -2.95457094e-006, 4.08303588e-005, -3.07595519e-005, 0.999999999, 0, 0, 0, 0, 0, 0, 0, 0.186198853, -0.0655264893, -0.0641146484, -0.579803262, 0.442569824, -0.683990369, -0.756347656, 0.0192871094, 0.653808594, 0.302556063, 0.896516344, 0.323630581, 0, 0, 0, 0, 0, 0, 0, 0.245125391, 0.0134908691, -0.0553390137, -0.393787045, 0.530786323, -0.750429379, 0.244506836, -0.7265625, -0.641967773, -0.886104016, -0.436042148, 0.156301726, 5, 1, 
1333.94337, 0.1, 0.1, 0.107885474, 0.186548714, -0.0199425355, 0.762602127, -0.646867833, 5.1459137e-005, 0.646867833, 0.762602128, 1.34325387e-006, -4.01117551e-005, 3.22628922e-005, 0.999999999, 0.762602081, -0.646867887, 5.25530538e-005, 0.646867888, 0.762602082, -5.04388771e-007, -3.97507953e-005, 3.43795309e-005, 0.999999999, 0, 0, 0, 0, 0, 0, 0, 0.186198853, -0.0655264893, -0.0641146484, -0.579803262, 0.442569824, -0.683990369, -0.756347656, 0.0192871094, 0.653808594, 0.302556063, 0.896516344, 0.323630581, 0, 0, 0, 0, 0, 0, 0, 0.245451367, 0.0114252441, -0.0521748047, -0.393787045, 0.530786323, -0.750429379, 0.244506836, -0.7265625, -0.641967773, -0.886104016, -0.436042148, 0.156301726, 5, 1, 
1333.94422, 0.1, 0.1, 0.107885484, 0.186548712, -0.0199488897, 0.762602335, -0.646867588, -4.01758041e-005, 0.646867589, 0.762602336, 6.03827528e-006, 2.67321975e-005, -3.05932284e-005, 0.999999999, 0.762602299, -0.646867628, -6.87502952e-005, 0.64686763, 0.762602301, 1.07828208e-005, 4.54540755e-005, -5.26953445e-005, 0.999999998, 0, 0, 0, 0, 0, 0, 0, 0.186198853, -0.0655264893, -0.0641146484, -0.579803262, 0.442569824, -0.683990369, -0.756347656, 0.0192871094, 0.653808594, 0.302556063, 0.896516344, 0.323630581, 0, 0, 0, 0, 0, 0, 0, 0.245451367, 0.0114252441, -0.0521748047, -0.393787045, 0.530786323, -0.750429379, 0.244506836, -0.7265625, -0.641967773, -0.886104016, -0.436042148, 0.156301726, 5, 1, 
1333.94509, 0.1, 0.1, 0.107885479, 0.186548714, -0.0199594325, 0.762602506, -0.646867388, -2.01255064e-005, 0.646867388, 0.762602506, -4.32816779e-006, 1.81475122e-005, -9.71786214e-006, 1, 0.762602472, -0.646867428, 2.14660557e-005, 0.646867428, 0.762602472, -7.29260954e-006, -1.16527155e-005, 1.94470543e-005, 1, 0, 0, 0, 0, 0, 0, 0, 0.186198853, -0.0655264893, -0.0641146484, -0.579803262, 0.442569824, -0.683990369, -0.756347656, 0.0192871094, 0.653808594, 0.302556063, 0.896516344, 0.323630581, 0, 0, 0, 0, 0, 0, 0, 0.245451367, 0.0114252441, -0.0521748047, -0.393787045, 0.530786323, -0.750429379, 0.244506836, -0.7265625, -0.641967773, -0.886104016, -0.436042148, 0.156301726, 5, 1, 
1333.94595, 0.1, 0.1, 0.107885482, 0.186548715, -0.0199699034, 0.762602674, -0.646867189, 3.48338515e-005, 0.646867189, 0.762602675, -3.54662723e-006, -2.42701916e-005, 2.5237543e-005, 0.999999999, 0.762602639, -0.646867231, 1.43278917e-005, 0.646867231, 0.762602639, -3.80615937e-006, -8.46440823e-006, 1.21708308e-005, 1, 0, 0, 0, 0, 0, 0, 0, 0.186198853, -0.0655264893, -0.0641146484, -0.579803262, 0.442569824, -0.683990369, -0.756347656, 0.0192871094, 0.653808594, 0.302556063, 0.896516344, 0.323630581, 0, 0, 0, 0, 0, 0, 0, 0.245451367, 0.0114252441, -0.0521748047, -0.393787045, 0.530786323, -0.750429379, 0.244506836, -0.7265625, -0.641967773, -0.886104016, -0.436042148, 0.156301726, 5, 1, 
1333.94683, 0.1, 0.1, 0.107885482, 0.186548716, -0.0199763836, 0.762602737, -0.646867114, -3.81447193e-005, 0.646867114, 0.762602738, -1.54673035e-005, 3.90945574e-005, -1.28791565e-005, 0.999999999, 0.762602752, -0.646867097, -2.65984322e-005, 0.646867097, 0.762602753, -5.59822678e-006, 2.39053463e-005, -1.29364275e-005, 1, 0, 0, 0, 0, 0, 0, 0, 0.186198853, -0.0655264893, -0.0641146484, -0.579803262, 0.442569824, -0.683990369, -0.756347656, 0.0192871094, 0.653808594, 0.302556063, 0.896516344, 0.323630581, 0, 0, 0, 0, 0, 0, 0, 0.245451367, 0.0114252441, -0.0521748047, -0.393787045, 0.530786323, -0.750429379, 0.244506836, -0.7265625, -0.641967773, -0.886104016, -0.436042148, 0.156301726, 5, 1, 
1333.94772, 0.1, 0.1, 0.107885485, 0.186548722, -0.0199768258, 0.762602473, -0.646867427, 2.48294848e-005, 0.646867427, 0.762602473, 9.37959283e-006, -2.50023796e-005, 8.90848427e-006, 1, 0.762602549, -0.646867338, 9.63056632e-006, 0.646867338, 0.762602549, -1.80700931e-005, 4.34465862e-006, 2.00099979e-005, 1, 0, 0, 0, 0, 0, 0, 0, 0.187054321, -0.0678837891, -0.0606397949, -0.584760752, 0.440051012, -0.681452461, -0.753662109, 0.0159912109, 0.656982422, 0.300127862, 0.897780428, 0.322487065, 0, 0, 0, 0, 0, 0, 0, 0.245820312, 0.0092328125, -0.0492042969, -0.399243187, 0.525936089, -0.750939772, 0.24597168, -0.727661133, -0.640258789, -0.883240684, -0.440111467, 0.16115779, 5, 1, 
1333.94857, 0.1, 0.1, 0.107885479, 0.186548714, -0.0199720698, 0.762601934, -0.646868062, 1.32375177e-005, 0.646868062, 0.762601934, 1.72933799e-007, -1.02068219e-005, 8.43104775e-006, 1, 0.76260204, -0.646867938, 1.94822896e-005, 0.646867937, 0.76260204, 3.12144725e-005, -3.50488753e-005, -1.12017519e-005, 0.999999999, 0, 0, 0, 0, 0, 0, 0, 0.187054321, -0.0678837891, -0.0606397949, -0.584760752, 0.440051012, -0.681452461, -0.753662109, 0.0159912109, 0.656982422, 0.300127862, 0.897780428, 0.322487065, 0, 0, 0, 0, 0, 0, 0, 0.245820312, 0.0092328125, -0.0492042969, -0.399243187, 0.525936089, -0.750939772, 0.24597168, -0.727661133, -0.640258789, -0.883240684, -0.440111467, 0.16115779, 5, 1, 
1333.94943, 0.1, 0.1, 0.107885487, 0.186548722, -0.0199643714, 0.762601748, -0.646868282, -1.71708008e-005, 0.646868281, 0.762601748, -2.16671208e-005, 2.71102559e-005, 5.41613782e-006, 1, 0.762601759, -0.646868267, -4.01485045e-005, 0.646868267, 0.76260176, -2.71495458e-005, 4.81794998e-005, -5.2665021e-006, 0.999999999, 0, 0, 0, 0, 0, 0, 0, 0.187054321, -0.0678837891, -0.0606397949, -0.584760752, 0.440051012, -0.681452461, -0.753662109, 0.0159912109, 0.656982422, 0.300127862, 0.897780428, 0.322487065, 0, 0, 0, 0, 0, 0, 0, 0.245820312, 0.0092328125, -0.0492042969, -0.399243187, 0.525936089, -0.750939772, 0.24597168, -0.727661133, -0.640258789, -0.883240684, -0.440111467, 0.16115779, 5, 1, 
1333.95031, 0.1, 0.1, 0.107885485, 0.18654872, -0.0199564397, 0.762601456, -0.646868626, 4.09647182e-006, 0.646868626, 0.762601455, -3.03384017e-005, 1.65009848e-005, 2.57859884e-005, 1, 0.762601515, -0.646868556, 8.34868555e-006, 0.646868556, 0.762601515, 1.18918952e-005, -1.40592133e-005, -3.66827512e-006, 1, 0, 0, 0, 0, 0, 0, 0, 0.187054321, -0.0678837891, -0.0606397949, -0.584760752, 0.440051012, -0.681452461, -0.753662109, 0.0159912109, 0.656982422, 0.300127862, 0.897780428, 0.322487065, 0, 0, 0, 0, 0, 0, 0, 0.245820312, 0.0092328125, -0.0492042969, -0.399243187, 0.525936089, -0.750939772, 0.24597168, -0.727661133, -0.640258789, -0.883240684, -0.440111467, 0.16115779, 5, 1, 
1333.95118, 0.1, 0.1, 0.107885485, 0.186548718, -0.0199510524, 0.7626012, -0.646868928, 3.66295191e-006, 0.646868925, 0.762601198, 8.60297364e-005, -5.84433349e-005, -6.32369305e-005, 0.999999996, 0.762601244, -0.646868875, 2.71960677e-006, 0.646868874, 0.762601243, 5.6975321e-005, -3.89295373e-005, -4.16902217e-005, 0.999999998, 0, 0, 0, 0, 0, 0, 0, 0.187054321, -0.0678837891, -0.0606397949, -0.584760752, 0.440051012, -0.681452461, -0.753662109, 0.0159912109, 0.656982422, 0.300127862, 0.897780428, 0.322487065, 0, 0, 0, 0, 0, 0, 0, 0.245820312, 0.0092328125, -0.0492042969, -0.399243187, 0.525936089, -0.750939772, 0.24597168, -0.727661133, -0.640258789, -0.883240684, -0.440111467, 0.16115779, 5, 1, 
1333.95207, 0.1, 0.1, 0.107885485, 0.186548723, -0.0199501434, 0.762600997, -0.646869168, -7.71992052e-006, 0.646869161, 0.762600991, -0.00013294295, 9.18839143e-005, 9.63886475e-005, 0.999999991, 0.762601036, -0.646869121, -4.30574881e-006, 0.646869119, 0.762601034, -8.07801683e-005, 5.55377649e-005, 5.88177841e-005, 0.999999997, 0, 0, 0, 0, 0, 0, 0, 0.188033569, -0.070664502, -0.0570255615, -0.587451428, 0.437995375, -0.68044486, -0.751464844, 0.0167236328, 0.659545898, 0.300306839, 0.898847561, 0.319484862, 0, 0, 0, 0, 0, 0, 0, 0.245820312, 0.0092328125, -0.0492042969, -0.403574999, 0.522102278, -0.75129668, 0.244506836, -0.729736328, -0.638305664, -0.881732092, -0.441005387, 0.166889185, 5, 1, 
1333.95293, 0.1, 0.1, 0.107885487, 0.18654874, -0.0199533012, 0.762600857, -0.646869332, 3.39855348e-006, 0.646869331, 0.762600856, 5.8466178e-005, -4.04117173e-005, -4.23879375e-005, 0.999999998, 0.762600885, -0.646869299, -5.1484444e-006, 0.646869299, 0.762600885, -3.41312394e-005, 2.60046592e-005, 2.26981428e-005, 0.999999999, 0, 0, 0, 0, 0, 0, 0, 0.188033569, -0.070664502, -0.0570255615, -0.587451428, 0.437995375, -0.68044486, -0.751464844, 0.0167236328, 0.659545898, 0.300306839, 0.898847561, 0.319484862, 0, 0, 0, 0, 0, 0, 0, 0.246235156, 0.0065046875, -0.0459819824, -0.403574999, 0.522102278, -0.75129668, 0.244506836, -0.729736328, -0.638305664, -0.881732092, -0.441005387, 0.166889185, 5, 1, 
1333.95377, 0.1, 0.1, 0.107885485, 0.186548709, -0.0199593812, 0.762600743, -0.646869467, 7.71787004e-006, 0.646869464, 0.76260074, 9.28376204e-005, -6.59394754e-005, -6.58055838e-005, 0.999999996, 0.762600763, -0.646869443, 9.06381976e-006, 0.646869436, 0.762600757, 0.000134205516, -9.37255235e-005, -9.64821212e-005, 0.999999991, 0, 0, 0, 0, 0, 0, 0, 0.188033569, -0.070664502, -0.0570255615, -0.587451428, 0.437995375, -0.68044486, -0.751464844, 0.0167236328, 0.659545898, 0.300306839, 0.898847561, 0.319484862, 0, 0, 0, 0, 0, 0, 0, 0.246235156, 0.0065046875, -0.0459819824, -0.403574999, 0.522102278, -0.75129668, 0.244506836, -0.729736328, -0.638305664, -0.881732092, -0.441005387, 0.166889185, 5, 1, 
1333.95465, 0.1, 0.1, 0.107885488, 0.186548732, -0.0199662936, 0.762600654, -0.646869571, -1.501522e-005, 0.646869561, 0.762600646, -0.00016031709, 0.000115154864, 0.000112545029, 0.999999987, 0.76260067, -0.646869553, -1.38485463e-005, 0.646869544, 0.762600663, -0.000145420665, 0.000104629111, 0.000101939694, 0.999999989, 0, 0, 0, 0, 0, 0, 0, 0.188033569, -0.070664502, -0.0570255615, -0.587451428, 0.437995375, -0.68044486, -0.751464844, 0.0167236328, 0.659545898, 0.300306839, 0.898847561, 0.319484862, 0, 0, 0, 0, 0, 0, 0, 0.246235156, 0.0065046875, -0.0459819824, -0.408443456, 0.517846658, -0.751449065, 0.243286133, -0.731811523, -0.636474609, -0.879788933, -0.442557355, 0.173010304, 5, 1, 
1333.95551, 0.1, 0.1, 0.107885489, 0.186548749, -0.0199710094, 0.762600581, -0.646869658, 1.97320013e-006, 0.646869657, 0.76260058, 4.47011263e-005, -3.04205659e-005, -3.28127016e-005, 0.999999999, 0.762600594, -0.646869643, -4.0440753e-006, 0.646869642, 0.762600593, -2.86496402e-005, 2.16165967e-005, 1.92322431e-005, 1, 0, 0, 0, 0, 0, 0, 0, 0.188033569, -0.070664502, -0.0570255615, -0.587451428, 0.437995375, -0.68044486, -0.751464844, 0.0167236328, 0.659545898, 0.300306839, 0.898847561, 0.319484862, 0, 0, 0, 0, 0, 0, 0, 0.246846875, 0.00418129883, -0.0427379395, -0.408443456, 0.517846658, -0.751449065, 0.243286133, -0.731811523, -0.636474609, -0.879788933, -0.442557355, 0.173010304, 5, 1, 
1333.95638, 0.1, 0.1, 0.107885487, 0.186548717, -0.019972152, 0.762600529, -0.646869719, 9.62480418e-006, 0.646869712, 0.762600524, 0.000128584501, -9.05173009e-005, -9.18326144e-005, 0.999999992, 0.762600539, -0.646869707, 1.10149217e-005, 0.646869699, 0.762600532, 0.000146941783, -0.000103452173, -0.000104932664, 0.999999989, 0, 0, 0, 0, 0, 0, 0, 0.188033569, -0.070664502, -0.0570255615, -0.587451428, 0.437995375, -0.68044486, -0.751464844, 0.0167236328, 0.659545898, 0.300306839, 0.898847561, 0.319484862, 0, 0, 0, 0, 0, 0, 0, 0.246846875, 0.00418129883, -0.0427379395, -0.408443456, 0.517846658, -0.751449065, 0.243286133, -0.731811523, -0.636474609, -0.879788933, -0.442557355, 0.173010304, 5, 1, 
1333.95725, 0.1, 0.1, 0.107885487, 0.18654872, -0.0199695756, 0.762600496, -0.646869758, -8.94240146e-006, 0.646869754, 0.762600493, -9.7779104e-005, 7.00698251e-005, 6.87818242e-005, 0.999999995, 0.7626005, -0.646869753, -5.16946271e-006, 0.646869751, 0.762600498, -7.2030595e-005, 5.0536648e-005, 5.15865987e-005, 0.999999997, 0, 0, 0, 0, 0, 0, 0, 0.188563525, -0.0734295898, -0.0531724609, -0.590249566, 0.436263247, -0.679113749, -0.748779297, 0.0180664062, 0.662475586, 0.301367981, 0.899616271, 0.316184236, 0, 0, 0, 0, 0, 0, 0, 0.246846875, 0.00418129883, -0.0427379395, -0.408443456, 0.517846658, -0.751449065, 0.243286133, -0.731811523, -0.636474609, -0.879788933, -0.442557355, 0.173010304, 5, 1, 
1333.9581, 0.1, 0.1, 0.107885489, 0.186548731, -0.0199646749, 0.762600473, -0.646869784, 3.01775416e-006, 0.646869783, 0.762600473, 5.22782642e-005, -3.61185703e-005, -3.79153351e-005, 0.999999999, 0.762600477, -0.646869781, -1.44442745e-006, 0.646869781, 0.762600477, -1.04939109e-005, 7.88971493e-006, 7.06830502e-006, 1, 0, 0, 0, 0, 0, 0, 0, 0.188563525, -0.0734295898, -0.0531724609, -0.590249566, 0.436263247, -0.679113749, -0.748779297, 0.0180664062, 0.662475586, 0.301367981, 0.899616271, 0.316184236, 0, 0, 0, 0, 0, 0, 0, 0.246846875, 0.00418129883, -0.0427379395, -0.408443456, 0.517846658, -0.751449065, 0.243286133, -0.731811523, -0.636474609, -0.879788933, -0.442557355, 0.173010304, 5, 1, 
1333.95903, 0.1, 0.1, 0.107885487, 0.186548711, -0.0199588725, 0.762600458, -0.646869802, -8.30702327e-007, 0.646869802, 0.762600458, 1.93830359e-005, -1.19048066e-005, -1.53188683e-005, 1, 0.762600464, -0.646869795, 5.36996183e-006, 0.646869793, 0.762600462, 8.66094696e-005, -6.01201852e-005, -6.25747556e-005, 0.999999996, 0, 0, 0, 0, 0, 0, 0, 0.188563525, -0.0734295898, -0.0531724609, -0.590249566, 0.436263247, -0.679113749, -0.748779297, 0.0180664062, 0.662475586, 0.301367981, 0.899616271, 0.316184236, 0, 0, 0, 0, 0, 0, 0, 0.246846875, 0.00418129883, -0.0427379395, -0.408443456, 0.517846658, -0.751449065, 0.243286133, -0.731811523, -0.636474609, -0.879788933, -0.442557355, 0.173010304, 5, 1, 
1333.96019, 0.1, 0.1, 0.107885491, 0.186548756, -0.0199478878, 0.762600403, -0.646869867, -4.9305456e-006, 0.646869864, 0.7626004, -9.76954105e-005, 6.69562532e-005, 7.1313138e-005, 0.999999995, 0.762600412, -0.646869856, -7.50599376e-006, 0.646869848, 0.762600405, -0.000148019262, 0.000101473273, 0.000108024149, 0.999999989, 0, 0, 0, 0, 0, 0, 0, 0.189254224, -0.0763487061, -0.0496635498, -0.594341745, 0.435920641, -0.675821358, -0.744628906, 0.0189208984, 0.667114258, 0.303622813, 0.899794126, 0.31356171, 0, 0, 0, 0, 0, 0, 0, 0.247456885, 0.00148125, -0.0396856445, -0.413299153, 0.514536732, -0.751103083, 0.241455078, -0.733520508, -0.635131836, -0.877967176, -0.443764442, 0.179061061, 5, 1, 
1333.96105, 0.1, 0.1, 0.107885489, 0.186548727, -0.0199449793, 0.762600387, -0.646869886, 1.55234199e-005, 0.646869872, 0.762600376, 0.000188681818, -0.000133890752, -0.000133847195, 0.999999982, 0.762600387, -0.646869887, 1.15044556e-005, 0.646869874, 0.762600375, 0.000186524109, -0.000129430131, -0.000134801472, 0.999999983, 0, 0, 0, 0, 0, 0, 0, 0.189254224, -0.0763487061, -0.0496635498, -0.594341745, 0.435920641, -0.675821358, -0.744628906, 0.0189208984, 0.667114258, 0.303622813, 0.899794126, 0.31356171, 0, 0, 0, 0, 0, 0, 0, 0.247456885, 0.00148125, -0.0396856445, -0.413299153, 0.514536732, -0.751103083, 0.241455078, -0.733520508, -0.635131836, -0.877967176, -0.443764442, 0.179061061, 5, 1, 
1333.96192, 0.1, 0.1, 0.10788549, 0.186548729, -0.0199485293, 0.762600385, -0.646869889, -1.510956e-005, 0.646869876, 0.762600373, -0.000186135338, 0.000131927901, 0.000132172961, 0.999999983, 0.762600388, -0.646869885, -9.29565408e-006, 0.646869881, 0.762600385, -9.50165452e-005, 6.85522111e-005, 6.64465756e-005, 0.999999995, 0, 0, 0, 0, 0, 0, 0, 0.189254224, -0.0763487061, -0.0496635498, -0.594341745, 0.435920641, -0.675821358, -0.744628906, 0.0189208984, 0.667114258, 0.303622813, 0.899794126, 0.31356171, 0, 0, 0, 0, 0, 0, 0, 0.247456885, 0.00148125, -0.0396856445, -0.413299153, 0.514536732, -0.751103083, 0.241455078, -0.733520508, -0.635131836, -0.877967176, -0.443764442, 0.179061061, 5, 1, 
1333.96276, 0.1, 0.1, 0.107885494, 0.186548778, -0.0199563812, 0.762600375, -0.646869901, -1.06816218e-005, 0.646869894, 0.762600369, -0.000130308483, 9.24384438e-005, 9.2463678e-005, 0.999999991, 0.762600376, -0.646869899, -1.48673176e-005, 0.646869884, 0.762600364, -0.000194257044, 0.000136996856, 0.000138523275, 0.999999981, 0, 0, 0, 0, 0, 0, 0, 0.189254224, -0.0763487061, -0.0496635498, -0.594341745, 0.435920641, -0.675821358, -0.744628906, 0.0189208984, 0.667114258, 0.303622813, 0.899794126, 0.31356171, 0, 0, 0, 0, 0, 0, 0, 0.247456885, 0.00148125, -0.0396856445, -0.413299153, 0.514536732, -0.751103083, 0.241455078, -0.733520508, -0.635131836, -0.877967176, -0.443764442, 0.179061061, 5, 1, 
1333.96361, 0.1, 0.1, 0.107885493, 0.186548749, -0.0199655968, 0.762600394, -0.646869878, 1.79688678e-005, 0.646869858, 0.762600376, 0.000230465296, -0.000162784123, -0.000164129407, 0.999999973, 0.762600386, -0.646869887, 1.13055349e-005, 0.646869872, 0.762600373, 0.000199941492, -0.000137957736, -0.000145162249, 0.99999998, 0, 0, 0, 0, 0, 0, 0, 0.189254224, -0.0763487061, -0.0496635498, -0.594341745, 0.435920641, -0.675821358, -0.744628906, 0.0189208984, 0.667114258, 0.303622813, 0.899794126, 0.31356171, 0, 0, 0, 0, 0, 0, 0, 0.247456885, 0.00148125, -0.0396856445, -0.413299153, 0.514536732, -0.751103083, 0.241455078, -0.733520508, -0.635131836, -0.877967176, -0.443764442, 0.179061061, 5, 1, 
1333.9645, 0.1, 0.1, 0.107885488, 0.186548704, -0.0199728766, 0.762600477, -0.646869781, 7.90227226e-006, 0.646869778, 0.762600474, 8.88626574e-005, -6.35088442e-005, -6.26549637e-005, 0.999999996, 0.762600468, -0.646869791, 1.79978021e-005, 0.646869782, 0.762600461, 0.000146816106, -0.000108696036, -0.000100319797, 0.999999989, 0, 0, 0, 0, 0, 0, 0, 0.189802368, -0.0793200684, -0.046032959, -0.596847452, 0.43453112, -0.674446064, -0.741821289, 0.0213623047, 0.670288086, 0.305749965, 0.900384981, 0.309759718, 0, 0, 0, 0, 0, 0, 0, 0.247907861, -0.00134975586, -0.036426709, -0.416800477, 0.511821421, -0.750999905, 0.237792969, -0.736083984, -0.633544922, -0.877353238, -0.442454177, 0.185086298, 5, 1, 
1333.96536, 0.1, 0.1, 0.107885494, 0.186548733, -0.0199754154, 0.762600472, -0.646869785, -3.42798686e-005, 0.646869766, 0.76260046, -0.000212179455, 0.000163394322, 0.000139633542, 0.999999977, 0.762600472, -0.646869785, -3.29830141e-005, 0.646869771, 0.762600463, -0.000181838707, 0.000142778827, 0.000117334569, 0.999999983, 0, 0, 0, 0, 0, 0, 0, 0.189802368, -0.0793200684, -0.046032959, -0.596847452, 0.43453112, -0.674446064, -0.741821289, 0.0213623047, 0.670288086, 0.305749965, 0.900384981, 0.309759718, 0, 0, 0, 0, 0, 0, 0, 0.247907861, -0.00134975586, -0.036426709, -0.416800477, 0.511821421, -0.750999905, 0.237792969, -0.736083984, -0.633544922, -0.877353238, -0.442454177, 0.185086298, 5, 1, 
1333.96621, 0.1, 0.1, 0.107885497, 0.186548779, -0.0199733853, 0.762600367, -0.64686991, 8.05137275e-006, 0.646869906, 0.762600361, -0.000116476629, 6.92052464e-005, 9.40333104e-005, 0.999999993, 0.762600401, -0.64686987, -1.68788003e-008, 0.646869861, 0.76260039, -0.0001664474, 0.00010768268, 0.000126921936, 0.999999986, 0, 0, 0, 0, 0, 0, 0, 0.189802368, -0.0793200684, -0.046032959, -0.596847452, 0.43453112, -0.674446064, -0.741821289, 0.0213623047, 0.670288086, 0.305749965, 0.900384981, 0.309759718, 0, 0, 0, 0, 0, 0, 0, 0.247907861, -0.00134975586, -0.036426709, -0.416800477, 0.511821421, -0.750999905, 0.237792969, -0.736083984, -0.633544922, -0.877353238, -0.442454177, 0.185086298, 5, 1, 
1333.96707, 0.1, 0.1, 0.107885491, 0.186548762, -0.0199676165, 0.762600179, -0.646870131, 2.66284575e-005, 0.646870121, 0.762600174, 0.000147047774, -0.000115427679, -9.49135052e-005, 0.999999989, 0.762600221, -0.646870081, 2.88741733e-005, 0.646870073, 0.762600218, 0.000126619738, -0.000103925971, -7.78824015e-005, 0.999999992, 0, 0, 0, 0, 0, 0, 0, 0.189802368, -0.0793200684, -0.046032959, -0.596847452, 0.43453112, -0.674446064, -0.741821289, 0.0213623047, 0.670288086, 0.305749965, 0.900384981, 0.309759718, 0, 0, 0, 0, 0, 0, 0, 0.247907861, -0.00134975586, -0.036426709, -0.416800477, 0.511821421, -0.750999905, 0.237792969, -0.736083984, -0.633544922, -0.877353238, -0.442454177, 0.185086298, 5, 1, 
1333.96793, 0.1, 0.1, 0.107885492, 0.186548748, -0.0199604996, 0.762599879, -0.646870485, -2.80331063e-005, 0.646870482, 0.762599879, -6.63375493e-005, 6.42898462e-005, 3.24552181e-005, 0.999999997, 0.762599957, -0.646870393, -1.40562204e-005, 0.646870393, 0.762599957, 1.97402385e-005, -2.05010275e-006, -2.41464578e-005, 1, 0, 0, 0, 0, 0, 0, 0, 0.189802368, -0.0793200684, -0.046032959, -0.596847452, 0.43453112, -0.674446064, -0.741821289, 0.0213623047, 0.670288086, 0.305749965, 0.900384981, 0.309759718, 0, 0, 0, 0, 0, 0, 0, 0.247907861, -0.00134975586, -0.036426709, -0.416800477, 0.511821421, -0.750999905, 0.237792969, -0.736083984, -0.633544922, -0.877353238, -0.442454177, 0.185086298, 5, 1, 
1333.96877, 0.1, 0.1, 0.107885501, 0.186548779, -0.0199548912, 0.762599564, -0.646870856, -2.74394526e-005, 0.646870852, 0.762599563, -8.438677e-005, 7.55126566e-005, 4.66035319e-005, 0.999999996, 0.76259963, -0.646870778, -3.67309472e-005, 0.646870769, 0.762599627, -0.000131536798, 0.000113098317, 7.65497372e-005, 0.999999991, 0, 0, 0, 0, 0, 0, 0, 0.189802368, -0.0793200684, -0.046032959, -0.596847452, 0.43453112, -0.674446064, -0.741821289, 0.0213623047, 0.670288086, 0.305749965, 0.900384981, 0.309759718, 0, 0, 0, 0, 0, 0, 0, 0.247907861, -0.00134975586, -0.036426709, -0.416800477, 0.511821421, -0.750999905, 0.237792969, -0.736083984, -0.633544922, -0.877353238, -0.442454177, 0.185086298, 5, 1, 
1333.96966, 0.1, 0.1, 0.107885489, 0.186548761, -0.0199518375, 0.762599668, -0.646870725, 0.000101855457, 0.646870718, 0.762599675, 9.56043396e-005, -0.000139518587, -7.02052507e-006, 0.99999999, 0.762599587, -0.646870824, 8.35141983e-005, 0.646870815, 0.762599591, 0.000114466159, -0.000137732712, -3.32689483e-005, 0.99999999, 0, 0, 0, 0, 0, 0, 0, 0.191106396, -0.0813048584, -0.0423821045, -0.601741663, 0.430521316, -0.672715058, -0.739013672, 0.0192871094, 0.673339844, 0.302940966, 0.902379582, 0.30664294, 0, 0, 0, 0, 0, 0, 0, 0.248683496, -0.00327719727, -0.033376123, -0.422876387, 0.507392995, -0.750641164, 0.237915039, -0.737182617, -0.632202148, -0.874432304, -0.445865449, 0.191015654, 5, 1, 
1333.97053, 0.1, 0.1, 0.107885479, 0.186548768, -0.0199529186, 0.76260066, -0.646869561, -6.61067103e-005, 0.646869556, 0.762600663, -7.9466145e-005, 0.000101817251, 1.78385163e-005, 0.999999995, 0.76260038, -0.646869894, -8.67743936e-006, 0.646869892, 0.762600379, -7.28148757e-005, 5.37191695e-005, 4.99154776e-005, 0.999999997, 0, 0, 0, 0, 0, 0, 0, 0.191106396, -0.0813048584, -0.0423821045, -0.601741663, 0.430521316, -0.672715058, -0.739013672, 0.0192871094, 0.673339844, 0.302940966, 0.902379582, 0.30664294, 0, 0, 0, 0, 0, 0, 0, 0.248683496, -0.00327719727, -0.033376123, -0.422876387, 0.507392995, -0.750641164, 0.237915039, -0.737182617, -0.632202148, -0.874432304, -0.445865449, 0.191015654, 5, 1, 
1333.9714, 0.1, 0.1, 0.107885507, 0.186548774, -0.019957524, 0.76260252, -0.646867369, -5.4104741e-005, 0.646867371, 0.762602521, 1.24300792e-005, 3.32197992e-005, -4.44778013e-005, 0.999999998, 0.762602089, -0.646867871, -0.000110759178, 0.646867874, 0.762602094, -5.69854958e-006, 8.81513898e-005, -6.73008283e-005, 0.999999994, 0, 0, 0, 0, 0, 0, 0, 0.191106396, -0.0813048584, -0.0423821045, -0.607872628, 0.428465679, -0.668546495, -0.73449707, 0.0163574219, 0.678344727, 0.301687361, 0.903446715, 0.304870377, 0, 0, 0, 0, 0, 0, 0, 0.248683496, -0.00327719727, -0.033376123, -0.422876387, 0.507392995, -0.750641164, 0.237915039, -0.737182617, -0.632202148, -0.874432304, -0.445865449, 0.191015654, 5, 1, 
1333.97227, 0.1, 0.1, 0.107885481, 0.186548772, -0.0199631689, 0.762604753, -0.646864723, 0.000142199774, 0.646864731, 0.76260476, -9.07170909e-006, -0.000102574056, 9.8902147e-005, 0.99999999, 0.762604315, -0.646865238, 0.000147673658, 0.646865245, 0.762604324, -4.36233367e-007, -0.000112334386, 9.58576307e-005, 0.999999989, 0, 0, 0, 0, 0, 0, 0, 0.191905469, -0.0834158447, -0.0390490723, -0.607872628, 0.428465679, -0.668546495, -0.73449707, 0.0163574219, 0.678344727, 0.301687361, 0.903446715, 0.304870377, 0, 0, 0, 0, 0, 0, 0, 0.249404443, -0.0048949707, -0.030438916, -0.429827628, 0.504153064, -0.748902162, 0.236694336, -0.737548828, -0.632324219, -0.871357884, -0.448906319, 0.197826536, 5, 1, 
1333.97313, 0.1, 0.1, 0.10788548, 0.186548775, -0.0199682263, 0.762607116, -0.646861947, -9.06635019e-005, 0.64686195, 0.762607119, 8.00536175e-006, 6.3962268e-005, -6.47517154e-005, 0.999999996, 0.762606621, -0.646862535, -5.29746621e-005, 0.646862535, 0.762606622, -6.6048105e-006, 4.46712326e-005, -2.9230452e-005, 0.999999999, 0, 0, 0, 0, 0, 0, 0, 0.191905469, -0.0834158447, -0.0390490723, -0.607872628, 0.428465679, -0.668546495, -0.73449707, 0.0163574219, 0.678344727, 0.301687361, 0.903446715, 0.304870377, 0, 0, 0, 0, 0, 0, 0, 0.249404443, -0.0048949707, -0.030438916, -0.429827628, 0.504153064, -0.748902162, 0.236694336, -0.737548828, -0.632324219, -0.871357884, -0.448906319, 0.197826536, 5, 1, 
1333.97398, 0.1, 0.1, 0.107885498, 0.186548769, -0.0199709018, 0.762609506, -0.646859135, -1.03374488e-005, 0.646859135, 0.762609506, 2.71889365e-005, -9.70397526e-006, -2.74214147e-005, 1, 0.762609022, -0.646859704, -6.0763241e-005, 0.646859706, 0.762609022, 2.98043579e-005, 2.70593577e-005, -6.20343644e-005, 0.999999998, 0, 0, 0, 0, 0, 0, 0, 0.191905469, -0.0834158447, -0.0390490723, -0.607872628, 0.428465679, -0.668546495, -0.73449707, 0.0163574219, 0.678344727, 0.301687361, 0.903446715, 0.304870377, 0, 0, 0, 0, 0, 0, 0, 0.249404443, -0.0048949707, -0.030438916, -0.429827628, 0.504153064, -0.748902162, 0.236694336, -0.737548828, -0.632324219, -0.871357884, -0.448906319, 0.197826536, 5, 1, 
1333.97482, 0.1, 0.1, 0.107885485, 0.186548774, -0.0199706001, 0.762611966, -0.646856234, 4.07546964e-005, 0.646856235, 0.762611965, -3.68308219e-005, -7.25577237e-006, 5.4450055e-005, 0.999999998, 0.762611479, -0.646856806, 6.35750058e-005, 0.646856809, 0.762611479, -3.01735315e-005, -2.8965075e-005, 6.41346069e-005, 0.999999998, 0, 0, 0, 0, 0, 0, 0, 0.191905469, -0.0834158447, -0.0390490723, -0.607872628, 0.428465679, -0.668546495, -0.73449707, 0.0163574219, 0.678344727, 0.301687361, 0.903446715, 0.304870377, 0, 0, 0, 0, 0, 0, 0, 0.249404443, -0.0048949707, -0.030438916, -0.429827628, 0.504153064, -0.748902162, 0.236694336, -0.737548828, -0.632324219, -0.871357884, -0.448906319, 0.197826536, 5, 1, 
1333.97569, 0.1, 0.1, 0.107885495, 0.186548779, -0.0199674442, 0.762614535, -0.646853205, -3.4691505e-005, 0.646853206, 0.762614536, 4.17491674e-006, 2.37556877e-005, -2.56241634e-005, 0.999999999, 0.762614035, -0.646853794, -5.36109052e-005, 0.646853794, 0.762614037, -5.44986462e-006, 4.44096945e-005, -3.05222742e-005, 0.999999999, 0, 0, 0, 0, 0, 0, 0, 0.191905469, -0.0834158447, -0.0390490723, -0.607872628, 0.428465679, -0.668546495, -0.73449707, 0.0163574219, 0.678344727, 0.301687361, 0.903446715, 0.304870377, 0, 0, 0, 0, 0, 0, 0, 0.249404443, -0.0048949707, -0.030438916, -0.429827628, 0.504153064, -0.748902162, 0.236694336, -0.737548828, -0.632324219, -0.871357884, -0.448906319, 0.197826536, 5, 1, 
1333.97658, 0.1, 0.1, 0.107885487, 0.186548781, -0.0199622782, 0.762617295, -0.646849953, 1.40803589e-005, 0.646849953, 0.762617294, -2.2462273e-005, 3.79179499e-006, 2.62379974e-005, 1, 0.76261679, -0.646850547, 4.22530593e-005, 0.646850548, 0.76261679, -1.8766424e-005, -2.00838208e-005, 4.16430046e-005, 0.999999999, 0, 0, 0, 0, 0, 0, 0, 0.192724927, -0.0853327637, -0.035747168, -0.61357861, 0.4258263, -0.664955681, -0.73034668, 0.0139160156, 0.682861328, 0.299995669, 0.904729895, 0.302571361, 0, 0, 0, 0, 0, 0, 0, 0.249430762, -0.00692919922, -0.0276866211, -0.437143073, 0.501239059, -0.746715833, 0.234619141, -0.737915039, -0.632568359, -0.868321745, -0.451544704, 0.205052663, 5, 1, 
1333.97746, 0.1, 0.1, 0.107885487, 0.186548779, -0.0199572362, 0.762620051, -0.646846703, 9.00348704e-006, 0.646846703, 0.762620051, 3.80877887e-006, -9.3299358e-006, 2.91922477e-006, 1, 0.762619525, -0.646847323, 1.70586216e-005, 0.646847323, 0.762619526, 1.29290988e-005, -2.13723908e-005, 1.17434053e-006, 1, 0, 0, 0, 0, 0, 0, 0, 0.192724927, -0.0853327637, -0.035747168, -0.61357861, 0.4258263, -0.664955681, -0.73034668, 0.0139160156, 0.682861328, 0.299995669, 0.904729895, 0.302571361, 0, 0, 0, 0, 0, 0, 0, 0.249430762, -0.00692919922, -0.0276866211, -0.437143073, 0.501239059, -0.746715833, 0.234619141, -0.737915039, -0.632568359, -0.868321745, -0.451544704, 0.205052663, 5, 1, 
1333.97832, 0.1, 0.1, 0.10788549, 0.186548781, -0.019954561, 0.762622479, -0.646843841, 5.66981114e-006, 0.646843841, 0.762622479, 1.10067148e-005, -1.14435511e-005, -4.7264857e-006, 1, 0.762622062, -0.646844333, 1.09360559e-005, 0.646844333, 0.762622062, -5.69127763e-006, -4.65870684e-006, 1.14142197e-005, 1, 0, 0, 0, 0, 0, 0, 0, 0.192724927, -0.0853327637, -0.035747168, -0.61357861, 0.4258263, -0.664955681, -0.73034668, 0.0139160156, 0.682861328, 0.299995669, 0.904729895, 0.302571361, 0, 0, 0, 0, 0, 0, 0, 0.249430762, -0.00692919922, -0.0276866211, -0.437143073, 0.501239059, -0.746715833, 0.234619141, -0.737915039, -0.632568359, -0.868321745, -0.451544704, 0.205052663, 5, 1, 
