time, realDorsalTactorPos, realVentralTactorPos, boxPosX, boxPosY, boxPosZ, boxLocalRot_11, boxLocalRot_12, boxLocalRot_13, boxLocalRot_21, boxLocalRot_22, boxLocalRot_23, boxLocalRot_31, boxLocalRot_32, boxLocalRot_33, boxGlobalRot_11, boxGlobalRot_12, boxGlobalRot_13, boxGlobalRot_21, boxGlobalRot_22, boxGlobalRot_23, boxGlobalRot_31, boxGlobalRot_32, boxGlobalRot_33, indexForceX, indexForceY, indexForceZ, indexForceGlobalX, indexForceGlobalY, indexForceGlobalZ, indexContact, indexPosX, indexPosY, indexPosZ, indexRot_11, indexRot_12, indexRot_13, indexRot_21, indexRot_22, indexRot_23, indexRot_31, indexRot_32, indexRot_33, thumbForceX, thumbForceY, thumbForceZ, thumbForceGlobalX, thumbForceGlobalY, thumbForceGlobalZ, thumbContact, thumbPosX, thumbPosY, thumbPosZ, thumbRot_11, thumbRot_12, thumbRot_13, thumbRot_21, thumbRot_22, thumbRot_23, thumbRot_31, thumbRot_32, thumbRot_33, mapping, trialSuccess, 
263.092171, 0.1, 0.1, 0.100309762, 0.177913149, -0.0199621184, 0.745116119, -0.666934757, 1.63070092e-005, 0.666934756, 0.745116119, 4.089159e-005, -3.9422638e-005, -1.95932716e-005, 0.999999999, 0.745115847, -0.666935059, 3.97701002e-005, 0.66693506, 0.745115847, 1.19737457e-005, -3.76190427e-005, 1.76022465e-005, 0.999999999, 0, 0, 0, 0, 0, 0, 0, 0.143470605, -0.104133789, -0.151545264, 0.17197234, 0.827807599, -0.533832654, -0.294799805, 0.560424805, 0.773925781, 0.939869143, 0.0241196261, 0.340756866, 0, 0, 0, 0, 0, 0, 0, 0.207089014, -0.0817666504, -0.12754668, -0.285449079, 0.280201432, -0.916376968, 0.339477539, -0.864624023, -0.370117187, -0.896197211, -0.416719393, 0.151625174, 4, 1, 
263.119567, 0.1, 0.1, 0.100309784, 0.177913148, -0.0199572828, 0.745101678, -0.666950887, -6.45332517e-005, 0.666950888, 0.74510168, -1.22805031e-005, 5.62743267e-005, -3.3890286e-005, 0.999999998, 0.745101754, -0.666950804, -2.71667835e-005, 0.666950802, 0.745101755, -4.94958527e-005, 5.32533168e-005, 1.87605386e-005, 0.999999998, 0, 0, 0, 0, 0, 0, 0, 0.152812817, -0.127891113, -0.146187598, 0.205353786, 0.804984433, -0.556540887, -0.266967773, 0.593261719, 0.759399414, 0.94150319, -0.00761283266, 0.337061573, 0, 0, 0, 0, 0, 0, 0, 0.211620215, -0.102107764, -0.122057959, -0.312052786, 0.239715998, -0.919220942, 0.348999023, -0.87097168, -0.345581055, -0.883650535, -0.428584632, 0.18802633, 4, 1, 
263.120414, 0.1, 0.1, 0.100309791, 0.177913133, -0.0199577607, 0.74510185, -0.666950697, 3.14230515e-005, 0.666950694, 0.745101851, 6.01404251e-005, -6.35240722e-005, -2.3853116e-005, 0.999999998, 0.74510175, -0.66695081, 9.33180454e-007, 0.666950807, 0.745101747, 8.20723181e-005, -5.54335134e-005, -6.05298423e-005, 0.999999997, 0, 0, 0, 0, 0, 0, 0, 0.152812817, -0.127891113, -0.146187598, 0.205353786, 0.804984433, -0.556540887, -0.266967773, 0.593261719, 0.759399414, 0.94150319, -0.00761283266, 0.337061573, 0, 0, 0, 0, 0, 0, 0, 0.211620215, -0.102107764, -0.122057959, -0.312052786, 0.239715998, -0.919220942, 0.348999023, -0.87097168, -0.345581055, -0.883650535, -0.428584632, 0.18802633, 4, 1, 
263.121264, 0.1, 0.1, 0.100309782, 0.177913144, -0.0199601109, 0.745102859, -0.66694957, 3.88165211e-006, 0.666949569, 0.745102857, -6.81245199e-005, 4.25433892e-005, 5.33486407e-005, 0.999999998, 0.745102617, -0.66694984, 2.16869194e-005, 0.66694984, 0.745102614, -7.7567406e-005, 3.55745887e-005, 7.22597647e-005, 0.999999997, 0, 0, 0, 0, 0, 0, 0, 0.152812817, -0.127891113, -0.146187598, 0.205353786, 0.804984433, -0.556540887, -0.266967773, 0.593261719, 0.759399414, 0.94150319, -0.00761283266, 0.337061573, 0, 0, 0, 0, 0, 0, 0, 0.211620215, -0.102107764, -0.122057959, -0.312052786, 0.239715998, -0.919220942, 0.348999023, -0.87097168, -0.345581055, -0.883650535, -0.428584632, 0.18802633, 4, 1, 
263.122109, 0.1, 0.1, 0.100309786, 0.177913134, -0.0199633346, 0.745104332, -0.666947925, -7.51511798e-006, 0.666947923, 0.745104329, 8.43220514e-005, -5.06388702e-005, -6.78409181e-005, 0.999999996, 0.745104023, -0.66694827, -1.38871448e-005, 0.666948268, 0.74510402, 8.21286955e-005, -4.44282239e-005, -7.04564286e-005, 0.999999997, 0, 0, 0, 0, 0, 0, 0, 0.152812817, -0.127891113, -0.146187598, 0.205353786, 0.804984433, -0.556540887, -0.266967773, 0.593261719, 0.759399414, 0.94150319, -0.00761283266, 0.337061573, 0, 0, 0, 0, 0, 0, 0, 0.211620215, -0.102107764, -0.122057959, -0.312052786, 0.239715998, -0.919220942, 0.348999023, -0.87097168, -0.345581055, -0.883650535, -0.428584632, 0.18802633, 4, 1, 
263.122954, 0.1, 0.1, 0.100309784, 0.177913137, -0.0199662467, 0.745105846, -0.666946233, 1.71644917e-005, 0.666946232, 0.745105844, -7.20702877e-005, 3.52776438e-005, 6.51477858e-005, 0.999999997, 0.745105564, -0.666946548, 1.31770741e-005, 0.666946548, 0.745105562, -5.83837883e-005, 2.91205549e-005, 5.22904896e-005, 0.999999998, 0, 0, 0, 0, 0, 0, 0, 0.152812817, -0.127891113, -0.146187598, 0.205353786, 0.804984433, -0.556540887, -0.266967773, 0.593261719, 0.759399414, 0.94150319, -0.00761283266, 0.337061573, 0, 0, 0, 0, 0, 0, 0, 0.211620215, -0.102107764, -0.122057959, -0.312052786, 0.239715998, -0.919220942, 0.348999023, -0.87097168, -0.345581055, -0.883650535, -0.428584632, 0.18802633, 4, 1, 
263.12385, 0.1, 0.1, 0.10030978, 0.177913138, -0.0199673738, 0.745107088, -0.666944846, -4.97517783e-006, 0.666944845, 0.745107086, 6.00097312e-005, -3.63161406e-005, -4.80318452e-005, 0.999999998, 0.745106894, -0.666945063, 1.20817387e-005, 0.666945062, 0.745106894, 3.87882006e-005, -3.48717857e-005, -2.08434998e-005, 0.999999999, 0, 0, 0, 0, 0, 0, 0, 0.154135205, -0.130305054, -0.144565967, 0.209433982, 0.801525048, -0.559890566, -0.266723633, 0.597900391, 0.755859375, 0.940733358, -0.00916598277, 0.339322397, 0, 0, 0, 0, 0, 0, 0, 0.212464355, -0.104368066, -0.120519189, -0.313521999, 0.23372211, -0.920325949, 0.353515625, -0.870727539, -0.341552734, -0.881350101, -0.432283183, 0.190365043, 4, 1, 
263.124687, 0.1, 0.1, 0.100309787, 0.177913137, -0.01996668, 0.745107628, -0.666944243, -1.77902798e-005, 0.666944241, 0.745107627, -5.75822669e-005, 5.16598345e-005, 3.10398616e-005, 0.999999998, 0.745107584, -0.66694429, -4.08102789e-005, 0.66694429, 0.745107585, -2.56277078e-005, 4.75003018e-005, -8.12278299e-006, 0.999999999, 0, 0, 0, 0, 0, 0, 0, 0.154135205, -0.130305054, -0.144565967, 0.209433982, 0.801525048, -0.559890566, -0.266723633, 0.597900391, 0.755859375, 0.940733358, -0.00916598277, 0.339322397, 0, 0, 0, 0, 0, 0, 0, 0.212464355, -0.104368066, -0.120519189, -0.313521999, 0.23372211, -0.920325949, 0.353515625, -0.870727539, -0.341552734, -0.881350101, -0.432283183, 0.190365043, 4, 1, 
263.125537, 0.1, 0.1, 0.100309778, 0.177913146, -0.0199647763, 0.745107442, -0.66694445, 3.57177212e-005, 0.66694445, 0.745107442, 1.28775929e-005, -3.5202179e-005, 1.42265456e-005, 0.999999999, 0.745107531, -0.666944349, 5.35296764e-005, 0.666944351, 0.745107531, -1.3743774e-005, -3.07190326e-005, 4.59419048e-005, 0.999999998, 0, 0, 0, 0, 0, 0, 0, 0.154135205, -0.130305054, -0.144565967, 0.209433982, 0.801525048, -0.559890566, -0.266723633, 0.597900391, 0.755859375, 0.940733358, -0.00916598277, 0.339322397, 0, 0, 0, 0, 0, 0, 0, 0.212464355, -0.104368066, -0.120519189, -0.313521999, 0.23372211, -0.920325949, 0.353515625, -0.870727539, -0.341552734, -0.881350101, -0.432283183, 0.190365043, 4, 1, 
263.126421, 0.1, 0.1, 0.100309787, 0.177913135, -0.0199619902, 0.745106689, -0.666945291, -2.13564794e-005, 0.666945291, 0.745106688, 4.41313091e-005, -1.35203132e-005, -4.71261369e-005, 0.999999999, 0.745106832, -0.66694513, -4.89540948e-005, 0.666945131, 0.745106831, 4.69659829e-005, 5.15229687e-006, -6.76443699e-005, 0.999999998, 0, 0, 0, 0, 0, 0, 0, 0.154995361, -0.132396997, -0.143925171, 0.213121398, 0.800246738, -0.560335765, -0.261474609, 0.599487305, 0.756469727, 0.941385248, -0.0148959311, 0.337291846, 0, 0, 0, 0, 0, 0, 0, 0.21254707, -0.106381055, -0.120291162, -0.319974873, 0.231383031, -0.918727673, 0.354980469, -0.869750977, -0.342651367, -0.878346044, -0.43572034, 0.196179194, 4, 1, 
263.127277, 0.1, 0.1, 0.100309781, 0.177913146, -0.0199597238, 0.74510641, -0.666945603, 3.07760096e-005, 0.666945603, 0.745106407, -7.32778609e-005, 2.59409452e-005, 7.51257282e-005, 0.999999997, 0.745106439, -0.66694557, 3.03652002e-005, 0.66694557, 0.745106435, -8.07185457e-005, 3.12095704e-005, 8.03958439e-005, 0.999999996, 0, 0, 0, 0, 0, 0, 0, 0.154995361, -0.132396997, -0.143925171, 0.213121398, 0.800246738, -0.560335765, -0.261474609, 0.599487305, 0.756469727, 0.941385248, -0.0148959311, 0.337291846, 0, 0, 0, 0, 0, 0, 0, 0.21254707, -0.106381055, -0.120291162, -0.319974873, 0.231383031, -0.918727673, 0.354980469, -0.869750977, -0.342651367, -0.878346044, -0.43572034, 0.196179194, 4, 1, 
263.128134, 0.1, 0.1, 0.10030978, 0.177913136, -0.0199586735, 0.745106048, -0.666946007, -3.64748103e-005, 0.666946008, 0.745106043, 8.37928915e-005, -2.87077328e-005, -8.67613193e-005, 0.999999996, 0.74510617, -0.666945871, -1.55980764e-005, 0.66694587, 0.745106167, 8.39052358e-005, -4.43380277e-005, -7.29213815e-005, 0.999999996, 0, 0, 0, 0, 0, 0, 0, 0.154995361, -0.132396997, -0.143925171, 0.213121398, 0.800246738, -0.560335765, -0.261474609, 0.599487305, 0.756469727, 0.941385248, -0.0148959311, 0.337291846, 0, 0, 0, 0, 0, 0, 0, 0.21254707, -0.106381055, -0.120291162, -0.319974873, 0.231383031, -0.918727673, 0.354980469, -0.869750977, -0.342651367, -0.878346044, -0.43572034, 0.196179194, 4, 1, 
263.129005, 0.1, 0.1, 0.100309782, 0.177913134, -0.0199591752, 0.745105116, -0.666947047, 5.05124469e-005, 0.666947049, 0.745105115, -4.32656225e-005, -8.7812034e-006, 6.59265641e-005, 0.999999998, 0.745105303, -0.666946839, 2.72063679e-005, 0.66694684, 0.745105303, -2.00863293e-005, -6.87509519e-006, 3.31116316e-005, 0.999999999, 0, 0, 0, 0, 0, 0, 0, 0.154995361, -0.132396997, -0.143925171, 0.213121398, 0.800246738, -0.560335765, -0.261474609, 0.599487305, 0.756469727, 0.941385248, -0.0148959311, 0.337291846, 0, 0, 0, 0, 0, 0, 0, 0.21254707, -0.106381055, -0.120291162, -0.319974873, 0.231383031, -0.918727673, 0.354980469, -0.869750977, -0.342651367, -0.878346044, -0.43572034, 0.196179194, 4, 1, 
263.129852, 0.1, 0.1, 0.100309774, 0.177913141, -0.0199608923, 0.745104288, -0.666947973, -1.72773224e-005, 0.666947974, 0.745104288, 2.1193327e-005, -1.26143947e-006, -2.7314314e-005, 1, 0.745104495, -0.666947742, 2.75495415e-005, 0.666947742, 0.745104495, -7.1993373e-006, -1.57257055e-005, 2.37383631e-005, 1, 0, 0, 0, 0, 0, 0, 0, 0.154995361, -0.132396997, -0.143925171, 0.213121398, 0.800246738, -0.560335765, -0.261474609, 0.599487305, 0.756469727, 0.941385248, -0.0148959311, 0.337291846, 0, 0, 0, 0, 0, 0, 0, 0.21254707, -0.106381055, -0.120291162, -0.319974873, 0.231383031, -0.918727673, 0.354980469, -0.869750977, -0.342651367, -0.878346044, -0.43572034, 0.196179194, 4, 1, 
263.130706, 0.1, 0.1, 0.100309787, 0.177913135, -0.0199632343, 0.745103154, -0.666949241, -1.70995451e-006, 0.666949241, 0.745103154, 1.99806637e-005, -1.2051996e-005, -1.60281084e-005, 1, 0.745103389, -0.666948976, -4.87241181e-005, 0.666948978, 0.745103389, 2.53874815e-005, 1.93723507e-005, -5.14127992e-005, 0.999999998, 0, 0, 0, 0, 0, 0, 0, 0.154995361, -0.132396997, -0.143925171, 0.216770621, 0.798683109, -0.561066283, -0.256835938, 0.601318359, 0.756591797, 0.941796004, -0.0200863218, 0.335800854, 0, 0, 0, 0, 0, 0, 0, 0.21254707, -0.106381055, -0.120291162, -0.319974873, 0.231383031, -0.918727673, 0.354980469, -0.869750977, -0.342651367, -0.878346044, -0.43572034, 0.196179194, 4, 1, 
263.131573, 0.1, 0.1, 0.100309775, 0.177913144, -0.0199649198, 0.74510258, -0.666949882, 1.95444825e-005, 0.666949882, 0.745102578, -5.38420552e-005, 2.13473081e-005, 5.31530446e-005, 0.999999998, 0.745102643, -0.666949811, 3.95013935e-005, 0.666949812, 0.745102641, -5.97860669e-005, 1.04417134e-005, 7.08922034e-005, 0.999999997, 0, 0, 0, 0, 0, 0, 0, 0.155852832, -0.13450188, -0.143520557, 0.216770621, 0.798683109, -0.561066283, -0.256835938, 0.601318359, 0.756591797, 0.941796004, -0.0200863218, 0.335800854, 0, 0, 0, 0, 0, 0, 0, 0.21272915, -0.108501709, -0.119916553, -0.324785728, 0.227280529, -0.918024049, 0.357055664, -0.869262695, -0.341552734, -0.875783117, -0.438729127, 0.201162856, 4, 1, 
263.132426, 0.1, 0.1, 0.100309778, 0.177913135, -0.0199657381, 0.745102616, -0.666949841, -1.33068504e-005, 0.66694984, 0.745102614, 7.12977051e-005, -3.76370241e-005, -6.19991084e-005, 0.999999997, 0.745102585, -0.666949876, -1.5100335e-005, 0.666949875, 0.745102583, 7.29830098e-005, -3.74247107e-005, -6.44509959e-005, 0.999999997, 0, 0, 0, 0, 0, 0, 0, 0.155852832, -0.13450188, -0.143520557, 0.216770621, 0.798683109, -0.561066283, -0.256835938, 0.601318359, 0.756591797, 0.941796004, -0.0200863218, 0.335800854, 0, 0, 0, 0, 0, 0, 0, 0.21272915, -0.108501709, -0.119916553, -0.324785728, 0.227280529, -0.918024049, 0.357055664, -0.869262695, -0.341552734, -0.875783117, -0.438729127, 0.201162856, 4, 1, 
263.133274, 0.1, 0.1, 0.10030978, 0.177913143, -0.0199655314, 0.745102792, -0.666949645, -1.52245949e-006, 0.666949642, 0.745102789, -9.37104911e-005, 6.36345676e-005, 6.88085448e-005, 0.999999996, 0.745102765, -0.666949676, -6.16814547e-006, 0.666949673, 0.745102763, -8.01152559e-005, 5.80287462e-005, 5.5580256e-005, 0.999999997, 0, 0, 0, 0, 0, 0, 0, 0.155852832, -0.13450188, -0.143520557, 0.216770621, 0.798683109, -0.561066283, -0.256835938, 0.601318359, 0.756591797, 0.941796004, -0.0200863218, 0.335800854, 0, 0, 0, 0, 0, 0, 0, 0.21272915, -0.108501709, -0.119916553, -0.324785728, 0.227280529, -0.918024049, 0.357055664, -0.869262695, -0.341552734, -0.875783117, -0.438729127, 0.201162856, 4, 1, 
263.134123, 0.1, 0.1, 0.100309778, 0.177913145, -0.0199644188, 0.745102887, -0.666949539, 1.55144537e-005, 0.666949536, 0.745102885, 8.4545107e-005, -6.79471844e-005, -5.26474456e-005, 0.999999996, 0.745102871, -0.666949557, 1.36542581e-005, 0.666949556, 0.745102871, 4.5337361e-005, -4.04115597e-005, -2.46742965e-005, 0.999999999, 0, 0, 0, 0, 0, 0, 0, 0.155852832, -0.13450188, -0.143520557, 0.216770621, 0.798683109, -0.561066283, -0.256835938, 0.601318359, 0.756591797, 0.941796004, -0.0200863218, 0.335800854, 0, 0, 0, 0, 0, 0, 0, 0.21272915, -0.108501709, -0.119916553, -0.324785728, 0.227280529, -0.918024049, 0.357055664, -0.869262695, -0.341552734, -0.875783117, -0.438729127, 0.201162856, 4, 1, 
263.134971, 0.1, 0.1, 0.100309777, 0.177913131, -0.0199629223, 0.745102906, -0.666949518, -1.07990957e-005, 0.666949517, 0.745102906, -3.07895164e-005, 2.85814907e-005, 1.57389065e-005, 0.999999999, 0.745102913, -0.66694951, -2.64418894e-006, 0.666949509, 0.745102913, 3.12033482e-005, -1.88408649e-005, -2.50132461e-005, 1, 0, 0, 0, 0, 0, 0, 0, 0.155852832, -0.13450188, -0.143520557, 0.216770621, 0.798683109, -0.561066283, -0.256835938, 0.601318359, 0.756591797, 0.941796004, -0.0200863218, 0.335800854, 0, 0, 0, 0, 0, 0, 0, 0.21272915, -0.108501709, -0.119916553, -0.324785728, 0.227280529, -0.918024049, 0.357055664, -0.869262695, -0.341552734, -0.875783117, -0.438729127, 0.201162856, 4, 1, 
263.135845, 0.1, 0.1, 0.100309781, 0.177913146, -0.019961386, 0.7451029, -0.666949525, -1.35291344e-005, 0.666949525, 0.7451029, -2.43071654e-006, 1.17017625e-005, -7.21211583e-006, 1, 0.745102903, -0.666949522, -1.8185131e-005, 0.66694952, 0.745102902, -5.2853362e-005, 4.88003184e-005, 2.7252629e-005, 0.999999998, 0, 0, 0, 0, 0, 0, 0, 0.156882031, -0.136116333, -0.1430875, 0.219417113, 0.797913277, -0.561257243, -0.253295898, 0.602294922, 0.757080078, 0.942118392, -0.0241665182, 0.33459518, 0, 0, 0, 0, 0, 0, 0, 0.21272915, -0.108501709, -0.119916553, -0.324785728, 0.227280529, -0.918024049, 0.357055664, -0.869262695, -0.341552734, -0.875783117, -0.438729127, 0.201162856, 4, 1, 
263.136697, 0.1, 0.1, 0.10030977, 0.177913135, -0.0199601382, 0.74510335, -0.666949019, 5.73017179e-005, 0.66694902, 0.745103352, 1.44070494e-005, -5.23044696e-005, 2.74825838e-005, 0.999999998, 0.745103221, -0.666949162, 6.59622084e-005, 0.666949161, 0.745103224, 3.76582564e-005, -7.42647967e-005, 1.59341515e-005, 0.999999997, 0, 0, 0, 0, 0, 0, 0, 0.156882031, -0.136116333, -0.1430875, 0.219417113, 0.797913277, -0.561257243, -0.253295898, 0.602294922, 0.757080078, 0.942118392, -0.0241665182, 0.33459518, 0, 0, 0, 0, 0, 0, 0, 0.212949805, -0.11, -0.119563916, -0.329334457, 0.223164902, -0.917339749, 0.361572266, -0.867675781, -0.340820312, -0.872210699, -0.443948663, 0.205162545, 4, 1, 
263.137543, 0.1, 0.1, 0.100309782, 0.17791314, -0.0199601131, 0.745104326, -0.666947926, -8.99186553e-005, 0.666947927, 0.74510433, -1.81140517e-005, 7.90799086e-005, -4.64742025e-005, 0.999999996, 0.745104113, -0.666948163, -9.13144295e-005, 0.666948164, 0.745104118, -2.15283021e-005, 8.23970189e-005, -4.48611647e-005, 0.999999996, 0, 0, 0, 0, 0, 0, 0, 0.156882031, -0.136116333, -0.1430875, 0.219417113, 0.797913277, -0.561257243, -0.253295898, 0.602294922, 0.757080078, 0.942118392, -0.0241665182, 0.33459518, 0, 0, 0, 0, 0, 0, 0, 0.212949805, -0.11, -0.119563916, -0.329334457, 0.223164902, -0.917339749, 0.361572266, -0.867675781, -0.340820312, -0.872210699, -0.443948663, 0.205162545, 4, 1, 
263.138411, 0.1, 0.1, 0.100309774, 0.177913142, -0.0199611028, 0.745105399, -0.666946726, 0.000102108554, 0.666946729, 0.745105402, 1.8306952e-007, -7.62037325e-005, 6.79645597e-005, 0.999999995, 0.745105189, -0.666946962, 8.39272951e-005, 0.666946965, 0.745105192, -4.09740457e-006, -5.98019118e-005, 5.90280521e-005, 0.999999996, 0, 0, 0, 0, 0, 0, 0, 0.156882031, -0.136116333, -0.1430875, 0.223231087, 0.796584792, -0.56153657, -0.250244141, 0.603759766, 0.756835938, 0.942008686, -0.0286526003, 0.334392237, 0, 0, 0, 0, 0, 0, 0, 0.212949805, -0.11, -0.119563916, -0.329334457, 0.223164902, -0.917339749, 0.361572266, -0.867675781, -0.340820312, -0.872210699, -0.443948663, 0.205162545, 4, 1, 
263.139277, 0.1, 0.1, 0.100309772, 0.177913139, -0.0199621778, 0.745106286, -0.666945736, -8.87232405e-005, 0.666945739, 0.745106288, 1.3859924e-005, 5.68644272e-005, -6.95007038e-005, 0.999999996, 0.745106128, -0.666945916, -4.65758961e-005, 0.666945917, 0.745106129, 1.26913588e-005, 2.62395357e-005, -4.0520013e-005, 0.999999999, 0, 0, 0, 0, 0, 0, 0, 0.157746338, -0.137983813, -0.142432666, 0.223231087, 0.796584792, -0.56153657, -0.250244141, 0.603759766, 0.756835938, 0.942008686, -0.0286526003, 0.334392237, 0, 0, 0, 0, 0, 0, 0, 0.213737793, -0.111746191, -0.118638477, -0.331851441, 0.218499868, -0.917582186, 0.366455078, -0.866455078, -0.338867187, -0.869283934, -0.44861223, 0.207469176, 4, 1, 
263.140145, 0.1, 0.1, 0.100309787, 0.177913139, -0.0199632674, 0.745106991, -0.666944954, 2.12151429e-005, 0.666944955, 0.745106991, -1.21106975e-005, -7.73038266e-006, 2.31730979e-005, 1, 0.745106872, -0.666945086, -3.82729478e-005, 0.666945086, 0.745106873, -5.84520499e-006, 3.24158672e-005, -2.11706521e-005, 0.999999999, 0, 0, 0, 0, 0, 0, 0, 0.157746338, -0.137983813, -0.142432666, 0.223231087, 0.796584792, -0.56153657, -0.250244141, 0.603759766, 0.756835938, 0.942008686, -0.0286526003, 0.334392237, 0, 0, 0, 0, 0, 0, 0, 0.213737793, -0.111746191, -0.118638477, -0.331851441, 0.218499868, -0.917582186, 0.366455078, -0.866455078, -0.338867187, -0.869283934, -0.44861223, 0.207469176, 4, 1, 
263.140995, 0.1, 0.1, 0.100309774, 0.177913143, -0.0199640583, 0.745107556, -0.666944323, 7.40479827e-006, 0.666944323, 0.745107556, -1.06091596e-005, 1.55834763e-006, 1.28435532e-005, 1, 0.745107453, -0.666944437, 4.93976779e-005, 0.666944438, 0.745107453, -1.53229063e-005, -2.65870509e-005, 4.43627182e-005, 0.999999999, 0, 0, 0, 0, 0, 0, 0, 0.157746338, -0.137983813, -0.142432666, 0.223231087, 0.796584792, -0.56153657, -0.250244141, 0.603759766, 0.756835938, 0.942008686, -0.0286526003, 0.334392237, 0, 0, 0, 0, 0, 0, 0, 0.213737793, -0.111746191, -0.118638477, -0.331851441, 0.218499868, -0.917582186, 0.366455078, -0.866455078, -0.338867187, -0.869283934, -0.44861223, 0.207469176, 4, 1, 
263.141842, 0.1, 0.1, 0.100309782, 0.177913133, -0.0199644626, 0.745108446, -0.666943329, -5.34322183e-006, 0.666943328, 0.745108445, 5.69304406e-005, -3.39880978e-005, -4.59829782e-005, 0.999999998, 0.745108228, -0.666943572, -2.66301614e-005, 0.666943572, 0.745108225, 6.37338085e-005, -2.26645016e-005, -6.52494001e-005, 0.999999998, 0, 0, 0, 0, 0, 0, 0, 0.157746338, -0.137983813, -0.142432666, 0.223231087, 0.796584792, -0.56153657, -0.250244141, 0.603759766, 0.756835938, 0.942008686, -0.0286526003, 0.334392237, 0, 0, 0, 0, 0, 0, 0, 0.213737793, -0.111746191, -0.118638477, -0.331851441, 0.218499868, -0.917582186, 0.366455078, -0.866455078, -0.338867187, -0.869283934, -0.44861223, 0.207469176, 4, 1, 
263.142679, 0.1, 0.1, 0.100309776, 0.177913141, -0.0199643846, 0.745109728, -0.666941897, 2.00309236e-005, 0.666941896, 0.745109725, -6.84595709e-005, 3.07333201e-005, 6.43693544e-005, 0.999999997, 0.745109459, -0.666942196, 2.35177818e-005, 0.666942196, 0.745109457, -7.02879353e-005, 2.93546683e-005, 6.80572065e-005, 0.999999997, 0, 0, 0, 0, 0, 0, 0, 0.157746338, -0.137983813, -0.142432666, 0.223231087, 0.796584792, -0.56153657, -0.250244141, 0.603759766, 0.756835938, 0.942008686, -0.0286526003, 0.334392237, 0, 0, 0, 0, 0, 0, 0, 0.213737793, -0.111746191, -0.118638477, -0.331851441, 0.218499868, -0.917582186, 0.366455078, -0.866455078, -0.338867187, -0.869283934, -0.44861223, 0.207469176, 4, 1, 
263.143569, 0.1, 0.1, 0.100309779, 0.177913136, -0.0199634461, 0.745110895, -0.666940591, -5.23467101e-005, 0.666940593, 0.745110893, 5.12603488e-005, 4.81649661e-006, -7.31067902e-005, 0.999999997, 0.745110719, -0.666940789, -3.02767151e-005, 0.666940789, 0.745110717, 5.42146218e-005, -1.35984376e-005, -6.05886721e-005, 0.999999998, 0, 0, 0, 0, 0, 0, 0, 0.157746338, -0.137983813, -0.142432666, 0.227146533, 0.79507246, -0.562221783, -0.247680664, 0.605712891, 0.756225586, 0.941759316, -0.0327387881, 0.334747948, 0, 0, 0, 0, 0, 0, 0, 0.213737793, -0.111746191, -0.118638477, -0.331851441, 0.218499868, -0.917582186, 0.366455078, -0.866455078, -0.338867187, -0.869283934, -0.44861223, 0.207469176, 4, 1, 
263.144442, 0.1, 0.1, 0.100309781, 0.177913136, -0.019961975, 0.745111684, -0.666939711, 2.78426161e-005, 0.666939711, 0.745111682, -5.9732504e-005, 1.90921204e-005, 6.3076733e-005, 0.999999998, 0.745111536, -0.666939877, 1.08351622e-005, 0.666939877, 0.745111535, -3.61549989e-005, 1.60398062e-005, 3.41659085e-005, 0.999999999, 0, 0, 0, 0, 0, 0, 0, 0.158838647, -0.13963623, -0.141350391, 0.227146533, 0.79507246, -0.562221783, -0.247680664, 0.605712891, 0.756225586, 0.941759316, -0.0327387881, 0.334747948, 0, 0, 0, 0, 0, 0, 0, 0.214593652, -0.113770068, -0.117534717, -0.333224771, 0.212774304, -0.918406111, 0.37109375, -0.865844727, -0.335327148, -0.866727937, -0.452528064, 0.209469204, 4, 1, 
263.145292, 0.1, 0.1, 0.100309773, 0.177913141, -0.0199609519, 0.745112097, -0.666939249, -2.20256445e-005, 0.666939249, 0.745112097, 2.28992621e-005, 1.13915749e-006, -3.1752284e-005, 0.999999999, 0.745112064, -0.666939287, 2.51551451e-005, 0.666939287, 0.745112064, 1.52893954e-006, -1.97631119e-005, 1.56377232e-005, 1, 0, 0, 0, 0, 0, 0, 0, 0.158838647, -0.13963623, -0.141350391, 0.227146533, 0.79507246, -0.562221783, -0.247680664, 0.605712891, 0.756225586, 0.941759316, -0.0327387881, 0.334747948, 0, 0, 0, 0, 0, 0, 0, 0.214593652, -0.113770068, -0.117534717, -0.333224771, 0.212774304, -0.918406111, 0.37109375, -0.865844727, -0.335327148, -0.866727937, -0.452528064, 0.209469204, 4, 1, 
263.146142, 0.1, 0.1, 0.100309783, 0.177913131, -0.019960823, 0.74511241, -0.666938899, -1.55963485e-005, 0.6669389, 0.74511241, 1.06922386e-005, 4.48996298e-006, -1.83687312e-005, 1, 0.745112337, -0.66693898, -3.3485358e-005, 0.666938981, 0.745112336, 4.04780654e-005, -2.04604635e-006, -5.24933964e-005, 0.999999999, 0, 0, 0, 0, 0, 0, 0, 0.158838647, -0.13963623, -0.141350391, 0.227146533, 0.79507246, -0.562221783, -0.247680664, 0.605712891, 0.756225586, 0.941759316, -0.0327387881, 0.334747948, 0, 0, 0, 0, 0, 0, 0, 0.214593652, -0.113770068, -0.117534717, -0.333224771, 0.212774304, -0.918406111, 0.37109375, -0.865844727, -0.335327148, -0.866727937, -0.452528064, 0.209469204, 4, 1, 
263.14702, 0.1, 0.1, 0.100309774, 0.177913143, -0.0199613143, 0.745112667, -0.666938612, 1.97745713e-005, 0.666938612, 0.745112666, -5.0773801e-005, 1.91287249e-005, 5.10206274e-005, 0.999999999, 0.745112621, -0.666938663, 4.75058886e-005, 0.666938664, 0.745112619, -5.21220424e-005, -6.35031834e-007, 7.05203056e-005, 0.999999998, 0, 0, 0, 0, 0, 0, 0, 0.158838647, -0.13963623, -0.141350391, 0.227146533, 0.79507246, -0.562221783, -0.247680664, 0.605712891, 0.756225586, 0.941759316, -0.0327387881, 0.334747948, 0, 0, 0, 0, 0, 0, 0, 0.214986182, -0.116193311, -0.116412402, -0.334655704, 0.207247066, -0.919185193, 0.374145508, -0.865966797, -0.331542969, -0.864791708, -0.454827398, 0.212210401, 4, 1, 
263.147869, 0.1, 0.1, 0.10030978, 0.177913135, -0.0199622238, 0.745113254, -0.666937957, -3.32129249e-005, 0.666937957, 0.745113251, 5.99417636e-005, -1.52300469e-005, -6.68143628e-005, 0.999999998, 0.745113115, -0.666938111, -3.21672891e-005, 0.666938112, 0.745113113, 6.60719854e-005, -2.00976563e-005, -7.06846939e-005, 0.999999997, 0, 0, 0, 0, 0, 0, 0, 0.158838647, -0.13963623, -0.141350391, 0.227146533, 0.79507246, -0.562221783, -0.247680664, 0.605712891, 0.756225586, 0.941759316, -0.0327387881, 0.334747948, 0, 0, 0, 0, 0, 0, 0, 0.214986182, -0.116193311, -0.116412402, -0.334655704, 0.207247066, -0.919185193, 0.374145508, -0.865966797, -0.331542969, -0.864791708, -0.454827398, 0.212210401, 4, 1, 
263.148707, 0.1, 0.1, 0.100309777, 0.177913139, -0.0199633805, 0.745113738, -0.666937415, 3.73124319e-005, 0.666937416, 0.745113736, -6.29662285e-005, 1.41925281e-005, 7.18020588e-005, 0.999999997, 0.745113632, -0.666937534, 4.05178772e-005, 0.666937535, 0.74511363, -4.32720109e-005, -1.33069437e-006, 5.92654583e-005, 0.999999998, 0, 0, 0, 0, 0, 0, 0, 0.158838647, -0.13963623, -0.141350391, 0.227146533, 0.79507246, -0.562221783, -0.247680664, 0.605712891, 0.756225586, 0.941759316, -0.0327387881, 0.334747948, 0, 0, 0, 0, 0, 0, 0, 0.214986182, -0.116193311, -0.116412402, -0.334655704, 0.207247066, -0.919185193, 0.374145508, -0.865966797, -0.331542969, -0.864791708, -0.454827398, 0.212210401, 4, 1, 
263.14957, 0.1, 0.1, 0.100309773, 0.17791314, -0.0199641745, 0.745114206, -0.666936894, -1.82026061e-005, 0.666936894, 0.745114204, 5.37352111e-005, -2.22749744e-005, -5.21788587e-005, 0.999999998, 0.745114163, -0.666936942, 4.43189361e-006, 0.666936941, 0.745114163, 3.58308873e-005, -2.71992091e-005, -2.3742308e-005, 0.999999999, 0, 0, 0, 0, 0, 0, 0, 0.159818921, -0.142042236, -0.14010188, 0.233251288, 0.792029822, -0.564055381, -0.244018555, 0.60925293, 0.754516602, 0.941286785, -0.0386836621, 0.335656321, 0, 0, 0, 0, 0, 0, 0, 0.214986182, -0.116193311, -0.116412402, -0.334655704, 0.207247066, -0.919185193, 0.374145508, -0.865966797, -0.331542969, -0.864791708, -0.454827398, 0.212210401, 4, 1, 
263.150421, 0.1, 0.1, 0.100309783, 0.177913139, -0.0199645084, 0.745114058, -0.666937059, -3.84952593e-006, 0.666937058, 0.745114058, -3.987658e-005, 2.94635048e-005, 2.71452088e-005, 0.999999999, 0.745114132, -0.666936975, -4.14625113e-005, 0.666936975, 0.745114133, -1.78258454e-005, 4.27830185e-005, -1.43705925e-005, 0.999999999, 0, 0, 0, 0, 0, 0, 0, 0.159818921, -0.142042236, -0.14010188, 0.233251288, 0.792029822, -0.564055381, -0.244018555, 0.60925293, 0.754516602, 0.941286785, -0.0386836621, 0.335656321, 0, 0, 0, 0, 0, 0, 0, 0.214986182, -0.116193311, -0.116412402, -0.334655704, 0.207247066, -0.919185193, 0.374145508, -0.865966797, -0.331542969, -0.864791708, -0.454827398, 0.212210401, 4, 1, 
263.151288, 0.1, 0.1, 0.100309767, 0.17791314, -0.0199641268, 0.745113205, -0.666938009, 5.49509033e-005, 0.666938009, 0.745113207, 2.88575497e-005, -6.01908405e-005, 1.51467047e-005, 0.999999998, 0.745113399, -0.66693779, 8.05562689e-005, 0.666937792, 0.745113402, 1.31421114e-005, -6.87885263e-005, 4.39336568e-005, 0.999999997, 0, 0, 0, 0, 0, 0, 0, 0.159818921, -0.142042236, -0.14010188, 0.233251288, 0.792029822, -0.564055381, -0.244018555, 0.60925293, 0.754516602, 0.941286785, -0.0386836621, 0.335656321, 0, 0, 0, 0, 0, 0, 0, 0.214986182, -0.116193311, -0.116412402, -0.334655704, 0.207247066, -0.919185193, 0.374145508, -0.865966797, -0.331542969, -0.864791708, -0.454827398, 0.212210401, 4, 1, 
263.152182, 0.1, 0.1, 0.100309778, 0.177913133, -0.0199627158, 0.745111894, -0.666939475, -4.78020533e-005, 0.666939476, 0.745111894, 1.09753714e-005, 2.82979701e-005, -4.00589562e-005, 0.999999999, 0.745112156, -0.66693918, -6.70844156e-005, 0.666939183, 0.745112157, 2.21672435e-005, 3.52012104e-005, -6.12583079e-005, 0.999999998, 0, 0, 0, 0, 0, 0, 0, 0.160817505, -0.144672095, -0.139276782, 0.239717745, 0.789012271, -0.565425806, -0.239746094, 0.612670898, 0.753051758, 0.940756967, -0.0452504693, 0.336367743, 0, 0, 0, 0, 0, 0, 0, 0.215380176, -0.118536719, -0.115278613, -0.335914196, 0.202774163, -0.919683193, 0.376464844, -0.866088867, -0.328491211, -0.863328326, -0.456647689, 0.214612914, 4, 1, 
263.153026, 0.1, 0.1, 0.100309763, 0.177913138, -0.0199615135, 0.74511062, -0.666940895, 8.46926636e-005, 0.666940899, 0.74511062, -3.53716471e-005, -3.95146051e-005, 8.28407911e-005, 0.999999996, 0.74511085, -0.666940636, 9.47214467e-005, 0.666940641, 0.745110851, -3.17410815e-005, -4.94085607e-005, 8.68242066e-005, 0.999999995, 0, 0, 0, 0, 0, 0, 0, 0.160817505, -0.144672095, -0.139276782, 0.239717745, 0.789012271, -0.565425806, -0.239746094, 0.612670898, 0.753051758, 0.940756967, -0.0452504693, 0.336367743, 0, 0, 0, 0, 0, 0, 0, 0.215380176, -0.118536719, -0.115278613, -0.335914196, 0.202774163, -0.919683193, 0.376464844, -0.866088867, -0.328491211, -0.863328326, -0.456647689, 0.214612914, 4, 1, 
263.153883, 0.1, 0.1, 0.10030977, 0.17791314, -0.0199609486, 0.745109785, -0.666941829, -7.16345338e-005, 0.666941832, 0.745109785, 2.9205631e-005, 3.38971352e-005, -6.95374686e-005, 0.999999997, 0.745109897, -0.666941704, -6.93529733e-005, 0.666941706, 0.745109898, 1.00217011e-005, 4.49916964e-005, -5.3721659e-005, 0.999999998, 0, 0, 0, 0, 0, 0, 0, 0.160817505, -0.144672095, -0.139276782, 0.239717745, 0.789012271, -0.565425806, -0.239746094, 0.612670898, 0.753051758, 0.940756967, -0.0452504693, 0.336367743, 0, 0, 0, 0, 0, 0, 0, 0.215380176, -0.118536719, -0.115278613, -0.335914196, 0.202774163, -0.919683193, 0.376464844, -0.866088867, -0.328491211, -0.863328326, -0.456647689, 0.214612914, 4, 1, 
263.154721, 0.1, 0.1, 0.100309766, 0.177913133, -0.0199611146, 0.745109675, -0.666941952, 6.85519075e-005, 0.666941955, 0.745109676, -1.73007289e-005, -3.95401076e-005, 5.86110837e-005, 0.999999998, 0.745109626, -0.666942008, 5.78645228e-005, 0.666942008, 0.745109628, 1.22009416e-005, -5.12527336e-005, 2.9501242e-005, 0.999999998, 0, 0, 0, 0, 0, 0, 0, 0.160817505, -0.144672095, -0.139276782, 0.239717745, 0.789012271, -0.565425806, -0.239746094, 0.612670898, 0.753051758, 0.940756967, -0.0452504693, 0.336367743, 0, 0, 0, 0, 0, 0, 0, 0.215380176, -0.118536719, -0.115278613, -0.335914196, 0.202774163, -0.919683193, 0.376464844, -0.866088867, -0.328491211, -0.863328326, -0.456647689, 0.214612914, 4, 1, 
263.155568, 0.1, 0.1, 0.100309766, 0.177913144, -0.0199619878, 0.745110331, -0.666941221, -5.24643828e-005, 0.666941222, 0.745110332, -3.48666899e-006, 4.14171569e-005, -3.23927064e-005, 0.999999999, 0.74511015, -0.666941425, -3.00980212e-005, 0.666941423, 0.74511015, -4.4183314e-005, 5.18940235e-005, 1.28478186e-005, 0.999999999, 0, 0, 0, 0, 0, 0, 0, 0.160817505, -0.144672095, -0.139276782, 0.239717745, 0.789012271, -0.565425806, -0.239746094, 0.612670898, 0.753051758, 0.940756967, -0.0452504693, 0.336367743, 0, 0, 0, 0, 0, 0, 0, 0.215380176, -0.118536719, -0.115278613, -0.335914196, 0.202774163, -0.919683193, 0.376464844, -0.866088867, -0.328491211, -0.863328326, -0.456647689, 0.214612914, 4, 1, 
263.156424, 0.1, 0.1, 0.100309769, 0.177913129, -0.0199631101, 0.745111685, -0.66693971, 2.06702263e-005, 0.666939709, 0.745111685, 4.57227987e-005, -4.58959773e-005, -2.02827968e-005, 0.999999999, 0.745111393, -0.666940037, 3.97291903e-006, 0.666940035, 0.745111391, 7.47109644e-005, -5.27880005e-005, -5.30182919e-005, 0.999999997, 0, 0, 0, 0, 0, 0, 0, 0.160817505, -0.144672095, -0.139276782, 0.239717745, 0.789012271, -0.565425806, -0.239746094, 0.612670898, 0.753051758, 0.940756967, -0.0452504693, 0.336367743, 0, 0, 0, 0, 0, 0, 0, 0.215380176, -0.118536719, -0.115278613, -0.335914196, 0.202774163, -0.919683193, 0.376464844, -0.866088867, -0.328491211, -0.863328326, -0.456647689, 0.214612914, 4, 1, 
263.157316, 0.1, 0.1, 0.100309764, 0.177913144, -0.0199635458, 0.745113516, -0.666937664, 1.030441e-005, 0.666937663, 0.745113514, -6.16312384e-005, 3.3426239e-005, 5.27946679e-005, 0.999999998, 0.745113164, -0.666938058, 1.6629479e-005, 0.666938057, 0.74511316, -8.17118547e-005, 4.21059021e-005, 7.1975411e-005, 0.999999997, 0, 0, 0, 0, 0, 0, 0, 0.162179932, -0.146774414, -0.13793623, 0.244603722, 0.787417563, -0.565545252, -0.238891602, 0.614501953, 0.751953125, 0.939612328, -0.0490764262, 0.338734908, 0, 0, 0, 0, 0, 0, 0, 0.215988135, -0.12050127, -0.11437002, -0.337836932, 0.198256051, -0.919983232, 0.381835938, -0.864501953, -0.326538086, -0.86021636, -0.461541299, 0.216299776, 4, 1, 
263.158182, 0.1, 0.1, 0.100309765, 0.177913131, -0.0199635088, 0.745115222, -0.666935758, -1.49964944e-005, 0.666935757, 0.745115219, 8.10194243e-005, -4.2860635e-005, -7.03705047e-005, 0.999999997, 0.745114921, -0.666936095, -1.10418176e-005, 0.666936093, 0.745114917, 8.8558145e-005, -5.08352004e-005, -7.33501819e-005, 0.999999996, 0, 0, 0, 0, 0, 0, 0, 0.162179932, -0.146774414, -0.13793623, 0.244603722, 0.787417563, -0.565545252, -0.238891602, 0.614501953, 0.751953125, 0.939612328, -0.0490764262, 0.338734908, 0, 0, 0, 0, 0, 0, 0, 0.215988135, -0.12050127, -0.11437002, -0.337836932, 0.198256051, -0.919983232, 0.381835938, -0.864501953, -0.326538086, -0.86021636, -0.461541299, 0.216299776, 4, 1, 
263.159033, 0.1, 0.1, 0.100309765, 0.177913137, -0.0199632209, 0.745116418, -0.666934421, 2.87080773e-005, 0.666934422, 0.745116416, -6.65483302e-005, 2.29925124e-005, 6.87326583e-005, 0.999999997, 0.745116241, -0.66693462, 1.25899178e-005, 0.666934619, 0.745116239, -6.3846021e-005, 3.32001696e-005, 5.59693592e-005, 0.999999998, 0, 0, 0, 0, 0, 0, 0, 0.162179932, -0.146774414, -0.13793623, 0.244603722, 0.787417563, -0.565545252, -0.238891602, 0.614501953, 0.751953125, 0.939612328, -0.0490764262, 0.338734908, 0, 0, 0, 0, 0, 0, 0, 0.215988135, -0.12050127, -0.11437002, -0.337836932, 0.198256051, -0.919983232, 0.381835938, -0.864501953, -0.326538086, -0.86021636, -0.461541299, 0.216299776, 4, 1, 
263.159922, 0.1, 0.1, 0.100309764, 0.177913138, -0.019962369, 0.745117013, -0.666933755, -5.49107911e-005, 0.666933757, 0.745117013, 3.34796854e-005, 1.85862323e-005, -6.15681434e-005, 0.999999998, 0.745116911, -0.666933871, -3.07892881e-005, 0.666933872, 0.745116911, 1.47714273e-005, 1.3090054e-005, -3.15408594e-005, 0.999999999, 0, 0, 0, 0, 0, 0, 0, 0.163513184, -0.14862981, -0.136803296, 0.248905957, 0.786260942, -0.565341187, -0.23828125, 0.615722656, 0.751098633, 0.938683737, -0.0524774015, 0.34080365, 0, 0, 0, 0, 0, 0, 0, 0.216814453, -0.122482666, -0.113236475, -0.339906589, 0.193680337, -0.920296031, 0.387573242, -0.862670898, -0.324707031, -0.856874351, -0.467054677, 0.21810804, 4, 1, 
263.160783, 0.1, 0.1, 0.100309769, 0.177913132, -0.0199618019, 0.745117707, -0.666932982, 1.45661904e-005, 0.666932982, 0.745117706, -3.12509307e-005, 9.98875005e-006, 3.30002946e-005, 0.999999999, 0.745117537, -0.666933172, -9.79278995e-007, 0.666933172, 0.745117537, 1.79855042e-005, -1.12654514e-005, -1.40544282e-005, 1, 0, 0, 0, 0, 0, 0, 0, 0.163513184, -0.14862981, -0.136803296, 0.248905957, 0.786260942, -0.565341187, -0.23828125, 0.615722656, 0.751098633, 0.938683737, -0.0524774015, 0.34080365, 0, 0, 0, 0, 0, 0, 0, 0.216814453, -0.122482666, -0.113236475, -0.339906589, 0.193680337, -0.920296031, 0.387573242, -0.862670898, -0.324707031, -0.856874351, -0.467054677, 0.21810804, 4, 1, 
263.161627, 0.1, 0.1, 0.100309759, 0.177913143, -0.0199614821, 0.745118262, -0.666932362, 2.14844509e-005, 0.666932362, 0.745118262, -1.49174858e-005, -6.05950266e-006, 2.54439666e-005, 1, 0.745118198, -0.666932431, 5.07582187e-005, 0.666932433, 0.745118198, -3.46227711e-005, -1.47298236e-005, 5.96503591e-005, 0.999999998, 0, 0, 0, 0, 0, 0, 0, 0.163513184, -0.14862981, -0.136803296, 0.248905957, 0.786260942, -0.565341187, -0.23828125, 0.615722656, 0.751098633, 0.938683737, -0.0524774015, 0.34080365, 0, 0, 0, 0, 0, 0, 0, 0.216814453, -0.122482666, -0.113236475, -0.339906589, 0.193680337, -0.920296031, 0.387573242, -0.862670898, -0.324707031, -0.856874351, -0.467054677, 0.21810804, 4, 1, 
263.162482, 0.1, 0.1, 0.10030977, 0.177913136, -0.0199617491, 0.745118619, -0.666931963, -2.76205047e-005, 0.666931963, 0.745118618, 3.92956823e-005, -5.62699427e-006, -4.7700942e-005, 0.999999999, 0.745118519, -0.666932074, -4.39084436e-005, 0.666932075, 0.745118517, 4.96412991e-005, -3.90380175e-007, -6.62726007e-005, 0.999999998, 0, 0, 0, 0, 0, 0, 0, 0.163513184, -0.14862981, -0.136803296, 0.248905957, 0.786260942, -0.565341187, -0.23828125, 0.615722656, 0.751098633, 0.938683737, -0.0524774015, 0.34080365, 0, 0, 0, 0, 0, 0, 0, 0.216814453, -0.122482666, -0.113236475, -0.339906589, 0.193680337, -0.920296031, 0.387573242, -0.862670898, -0.324707031, -0.856874351, -0.467054677, 0.21810804, 4, 1, 
263.163334, 0.1, 0.1, 0.100309763, 0.177913144, -0.0199624241, 0.745119107, -0.666931417, 4.15493099e-005, 0.666931418, 0.745119105, -5.77620678e-005, 7.56415312e-006, 7.07501605e-005, 0.999999997, 0.745119018, -0.666931515, 5.00781457e-005, 0.666931517, 0.745119016, -5.56928842e-005, -1.70838991e-007, 7.48965209e-005, 0.999999997, 0, 0, 0, 0, 0, 0, 0, 0.163513184, -0.14862981, -0.136803296, 0.248905957, 0.786260942, -0.565341187, -0.23828125, 0.615722656, 0.751098633, 0.938683737, -0.0524774015, 0.34080365, 0, 0, 0, 0, 0, 0, 0, 0.216814453, -0.122482666, -0.113236475, -0.339906589, 0.193680337, -0.920296031, 0.387573242, -0.862670898, -0.324707031, -0.856874351, -0.467054677, 0.21810804, 4, 1, 
263.164223, 0.1, 0.1, 0.100309765, 0.177913138, -0.0199630392, 0.7451194, -0.666931087, -6.06815695e-005, 0.66693109, 0.745119399, 5.37887138e-005, 9.34164915e-006, -8.05494395e-005, 0.999999997, 0.745119406, -0.666931083, -3.6529164e-005, 0.666931084, 0.745119403, 5.93019529e-005, -1.23317268e-005, -6.85494709e-005, 0.999999998, 0, 0, 0, 0, 0, 0, 0, 0.164499658, -0.149941675, -0.136267822, 0.250708477, 0.787058487, -0.563501597, -0.234863281, 0.614257812, 0.753295898, 0.939139798, -0.056805846, 0.339152776, 0, 0, 0, 0, 0, 0, 0, 0.217281787, -0.124417676, -0.112659131, -0.344263554, 0.189858552, -0.91943929, 0.392578125, -0.860351563, -0.324707031, -0.852790807, -0.4727343, 0.221634883, 4, 1, 
263.16508, 0.1, 0.1, 0.100309768, 0.177913136, -0.0199632658, 0.745119374, -0.666931119, 3.85015341e-005, 0.66693112, 0.745119373, -3.78941819e-005, -3.41542977e-006, 5.39135604e-005, 0.999999999, 0.745119335, -0.666931162, 2.57848318e-005, 0.666931163, 0.745119335, -1.02503195e-005, -1.23765193e-005, 2.48344191e-005, 1, 0, 0, 0, 0, 0, 0, 0, 0.164499658, -0.149941675, -0.136267822, 0.250708477, 0.787058487, -0.563501597, -0.234863281, 0.614257812, 0.753295898, 0.939139798, -0.056805846, 0.339152776, 0, 0, 0, 0, 0, 0, 0, 0.217281787, -0.124417676, -0.112659131, -0.344263554, 0.189858552, -0.91943929, 0.392578125, -0.860351563, -0.324707031, -0.852790807, -0.4727343, 0.221634883, 4, 1, 
