time, realDorsalTactorPos, realVentralTactorPos, boxPosX, boxPosY, boxPosZ, boxLocalRot_11, boxLocalRot_12, boxLocalRot_13, boxLocalRot_21, boxLocalRot_22, boxLocalRot_23, boxLocalRot_31, boxLocalRot_32, boxLocalRot_33, boxGlobalRot_11, boxGlobalRot_12, boxGlobalRot_13, boxGlobalRot_21, boxGlobalRot_22, boxGlobalRot_23, boxGlobalRot_31, boxGlobalRot_32, boxGlobalRot_33, indexForceX, indexForceY, indexForceZ, indexForceGlobalX, indexForceGlobalY, indexForceGlobalZ, indexContact, indexPosX, indexPosY, indexPosZ, indexRot_11, indexRot_12, indexRot_13, indexRot_21, indexRot_22, indexRot_23, indexRot_31, indexRot_32, indexRot_33, thumbForceX, thumbForceY, thumbForceZ, thumbForceGlobalX, thumbForceGlobalY, thumbForceGlobalZ, thumbContact, thumbPosX, thumbPosY, thumbPosZ, thumbRot_11, thumbRot_12, thumbRot_13, thumbRot_21, thumbRot_22, thumbRot_23, thumbRot_31, thumbRot_32, thumbRot_33, mapping, trialSuccess, 
310.256309, 0.1, 0.1, 0.108787285, 0.182228302, -0.0199572814, 0.898224425, -1.76819086e-005, 0.439537122, 0.439537122, -5.16197814e-006, -0.898224425, 1.81512032e-005, 1, 3.13524038e-006, 0.898224351, -2.48690568e-005, 0.439537272, 0.439537272, -9.12523859e-006, -0.898224352, 2.63488749e-005, 1, 2.73436587e-006, 0, 0, 0, 0, 0, 0, 0, 0.169993677, -0.217423218, -0.147243945, -0.348001054, 0.651290136, -0.674332967, -0.629272461, 0.37097168, 0.682861328, 0.694706212, 0.662250625, 0.280821293, 0, 0, 0, 0, 0, 0, 0, 0.239302881, -0.16429248, -0.112388477, -0.268207782, 0.139217223, -0.953239677, 0.538574219, -0.798583984, -0.268188477, -0.798645764, -0.585334046, 0.139158757, 5, 1, 
310.292193, 0.1, 0.1, 0.108787253, 0.182228294, -0.0199588138, 0.898203925, -5.45098632e-007, 0.439579013, 0.439579013, -4.45966956e-005, -0.898203924, 2.00933812e-005, 0.999999999, -3.98173131e-005, 0.898203939, -1.62389667e-006, 0.439578986, 0.439578986, -2.49240479e-005, -0.898203938, 1.24146781e-005, 1, -2.16730471e-005, 0, 0, 0, 0, 0, 0, 0, 0.170538452, -0.224525513, -0.144296997, -0.364497451, 0.664322279, -0.652517376, -0.611328125, 0.358032227, 0.705688477, 0.70213907, 0.656355187, 0.275759348, 0, 0, 0, 0, 0, 0, 0, 0.238551807, -0.16997876, -0.108062549, -0.298293123, 0.143303665, -0.943665708, 0.54699707, -0.784423828, -0.291992187, -0.782169027, -0.603193208, 0.15550786, 5, 1, 
310.293074, 0.1, 0.1, 0.108787253, 0.182228292, -0.0199573722, 0.898203737, -2.43085677e-005, 0.439579397, 0.439579397, 2.43181735e-005, -0.898203737, 1.11442783e-005, 0.999999999, 3.25282198e-005, 0.8982038, -2.63167639e-006, 0.439579269, 0.439579269, 3.58051739e-005, -0.898203799, -1.33754305e-005, 0.999999999, 3.33171737e-005, 0, 0, 0, 0, 0, 0, 0, 0.170735938, -0.224811865, -0.142572583, -0.364497451, 0.664322279, -0.652517376, -0.611328125, 0.358032227, 0.705688477, 0.70213907, 0.656355187, 0.275759348, 0, 0, 0, 0, 0, 0, 0, 0.238450977, -0.170778125, -0.107095605, -0.300107584, 0.14152092, -0.943301137, 0.547241211, -0.784301758, -0.291870117, -0.78125505, -0.60374881, 0.15787829, 5, 1, 
310.293916, 0.1, 0.1, 0.108787251, 0.182228294, -0.0199581325, 0.898203269, 1.6976091e-005, 0.439580354, 0.439580354, -2.55800834e-006, -0.898203269, -1.41235302e-005, 1, -9.75996756e-006, 0.898203376, 3.25387563e-005, 0.439580135, 0.439580136, -1.58686541e-005, -0.898203376, -2.22508756e-005, 0.999999999, -2.85566696e-005, 0, 0, 0, 0, 0, 0, 0, 0.170735938, -0.224811865, -0.142572583, -0.364497451, 0.664322279, -0.652517376, -0.611328125, 0.358032227, 0.705688477, 0.70213907, 0.656355187, 0.275759348, 0, 0, 0, 0, 0, 0, 0, 0.238450977, -0.170778125, -0.107095605, -0.300107584, 0.14152092, -0.943301137, 0.547241211, -0.784301758, -0.291870117, -0.78125505, -0.60374881, 0.15787829, 5, 1, 
310.294856, 0.1, 0.1, 0.108787255, 0.182228288, -0.019959973, 0.898202764, 2.14399769e-005, 0.439581386, 0.439581386, -2.83489143e-006, -0.898202764, -1.8011281e-005, 1, -1.19709221e-005, 0.89820284, -1.71846979e-006, 0.43958123, 0.43958123, 2.80793366e-005, -0.89820284, -1.07996149e-005, 1, 2.59763469e-005, 0, 0, 0, 0, 0, 0, 0, 0.170735938, -0.224811865, -0.142572583, -0.364497451, 0.664322279, -0.652517376, -0.611328125, 0.358032227, 0.705688477, 0.70213907, 0.656355187, 0.275759348, 0, 0, 0, 0, 0, 0, 0, 0.238450977, -0.170778125, -0.107095605, -0.303985872, 0.142166208, -0.941990872, 0.546142578, -0.784057617, -0.294555664, -0.78055799, -0.604049216, 0.160593601, 5, 1, 
310.2957, 0.1, 0.1, 0.108787257, 0.18222829, -0.019961968, 0.898202656, -8.05371401e-006, 0.439581605, 0.439581605, 3.10175867e-005, -0.898202656, -6.40089323e-006, 0.999999999, 3.14003433e-005, 0.898202648, -2.12110322e-005, 0.439581622, 0.439581622, 1.00970338e-005, -0.898202648, 1.46133348e-005, 1, 1.83931624e-005, 0, 0, 0, 0, 0, 0, 0, 0.170735938, -0.224811865, -0.142572583, -0.364497451, 0.664322279, -0.652517376, -0.611328125, 0.358032227, 0.705688477, 0.70213907, 0.656355187, 0.275759348, 0, 0, 0, 0, 0, 0, 0, 0.237985791, -0.171411475, -0.106951807, -0.303985872, 0.142166208, -0.941990872, 0.546142578, -0.784057617, -0.294555664, -0.78055799, -0.604049216, 0.160593601, 5, 1, 
310.296577, 0.1, 0.1, 0.108787259, 0.182228293, -0.0199639628, 0.898202743, -9.43406067e-007, 0.439581429, 0.439581429, -3.90675239e-005, -0.898202742, 1.80207279e-005, 0.999999999, -3.46758534e-005, 0.898202729, -6.84747271e-006, 0.439581457, 0.439581456, -4.27952007e-005, -0.898202728, 2.49623954e-005, 0.999999999, -3.5428744e-005, 0, 0, 0, 0, 0, 0, 0, 0.170735938, -0.224811865, -0.142572583, -0.364497451, 0.664322279, -0.652517376, -0.611328125, 0.358032227, 0.705688477, 0.70213907, 0.656355187, 0.275759348, 0, 0, 0, 0, 0, 0, 0, 0.237985791, -0.171411475, -0.106951807, -0.303985872, 0.142166208, -0.941990872, 0.546142578, -0.784057617, -0.294555664, -0.78055799, -0.604049216, 0.160593601, 5, 1, 
310.297505, 0.1, 0.1, 0.108787262, 0.18222829, -0.0199643345, 0.89820264, -2.81230182e-005, 0.439581637, 0.439581637, -4.73884762e-007, -0.898202641, 2.54684803e-005, 1, 1.19367179e-005, 0.898202683, -2.95352018e-005, 0.439581551, 0.439581552, 1.62245533e-005, -0.898202683, 1.93965831e-005, 0.999999999, 2.75560672e-005, 0, 0, 0, 0, 0, 0, 0, 0.170699805, -0.225174121, -0.142238745, -0.365315214, 0.666060398, -0.650302979, -0.608642578, 0.357788086, 0.708129883, 0.703998878, 0.654843976, 0.274914254, 0, 0, 0, 0, 0, 0, 0, 0.237985791, -0.171411475, -0.106951807, -0.303985872, 0.142166208, -0.941990872, 0.546142578, -0.784057617, -0.294555664, -0.78055799, -0.604049216, 0.160593601, 5, 1, 
310.298361, 0.1, 0.1, 0.108787261, 0.182228293, -0.0199637395, 0.89820229, -1.74628221e-005, 0.439582354, 0.439582354, 6.58101782e-006, -0.89820229, 1.27922475e-005, 1, 1.35874337e-005, 0.898202366, 1.18740945e-005, 0.4395822, 0.4395822, -9.89401019e-006, -0.898202366, -6.31610897e-006, 1, -1.41064639e-005, 0, 0, 0, 0, 0, 0, 0, 0.170699805, -0.225174121, -0.142238745, -0.365315214, 0.666060398, -0.650302979, -0.608642578, 0.357788086, 0.708129883, 0.703998878, 0.654843976, 0.274914254, 0, 0, 0, 0, 0, 0, 0, 0.237985791, -0.171411475, -0.106951807, -0.303985872, 0.142166208, -0.941990872, 0.546142578, -0.784057617, -0.294555664, -0.78055799, -0.604049216, 0.160593601, 5, 1, 
310.29922, 0.1, 0.1, 0.108787261, 0.182228293, -0.0199629062, 0.898202019, 2.35396744e-005, 0.439582907, 0.439582907, -2.55032344e-005, -0.898202019, -9.93259717e-006, 0.999999999, -3.32546952e-005, 0.89820205, 2.46946182e-005, 0.439582844, 0.439582845, -9.44077127e-006, -0.89820205, -1.80307556e-005, 1, -1.93350506e-005, 0, 0, 0, 0, 0, 0, 0, 0.170699805, -0.225174121, -0.142238745, -0.365315214, 0.666060398, -0.650302979, -0.608642578, 0.357788086, 0.708129883, 0.703998878, 0.654843976, 0.274914254, 0, 0, 0, 0, 0, 0, 0, 0.237985791, -0.171411475, -0.106951807, -0.303985872, 0.142166208, -0.941990872, 0.546142578, -0.784057617, -0.294555664, -0.78055799, -0.604049216, 0.160593601, 5, 1, 
310.300145, 0.1, 0.1, 0.108787264, 0.182228292, -0.0199608284, 0.898202073, 1.68118493e-006, 0.439582799, 0.439582798, 3.75648154e-005, -0.898202072, -1.80228905e-005, 0.999999999, 3.30017751e-005, 0.898202038, -6.40408138e-006, 0.439582868, 0.439582868, 3.58695654e-005, -0.898202038, -1.00154875e-005, 0.999999999, 3.50332412e-005, 0, 0, 0, 0, 0, 0, 0, 0.170035083, -0.225677344, -0.142272046, -0.365446643, 0.669542627, -0.646521205, -0.604125977, 0.357910156, 0.711914063, 0.707851044, 0.651079055, 0.273820912, 0, 0, 0, 0, 0, 0, 0, 0.237537207, -0.172041406, -0.10703125, -0.307621357, 0.142785976, -0.940680608, 0.545043945, -0.783813477, -0.297241211, -0.779835411, -0.604106818, 0.163308912, 5, 1, 
310.300992, 0.1, 0.1, 0.108787263, 0.182228295, -0.0199597189, 0.898202252, 2.00078105e-005, 0.439582431, 0.439582431, -5.76807306e-006, -0.898202252, -1.54355169e-005, 1, -1.39759782e-005, 0.898202225, 6.56261833e-006, 0.439582488, 0.439582488, -3.10807603e-005, -0.898202224, 7.76799954e-006, 0.999999999, -3.08016201e-005, 0, 0, 0, 0, 0, 0, 0, 0.170035083, -0.225677344, -0.142272046, -0.365446643, 0.669542627, -0.646521205, -0.604125977, 0.357910156, 0.711914063, 0.707851044, 0.651079055, 0.273820912, 0, 0, 0, 0, 0, 0, 0, 0.237537207, -0.172041406, -0.10703125, -0.307621357, 0.142785976, -0.940680608, 0.545043945, -0.783813477, -0.297241211, -0.779835411, -0.604106818, 0.163308912, 5, 1, 
310.30189, 0.1, 0.1, 0.108787265, 0.182228292, -0.0199596148, 0.898202153, 2.65848913e-006, 0.439582635, 0.439582635, -2.67433246e-005, -0.898202152, 9.36804044e-006, 1, -2.51895374e-005, 0.898202203, -2.23147352e-005, 0.439582533, 0.439582533, 1.27926383e-006, -0.898202203, 1.94808023e-005, 1, 1.09582054e-005, 0, 0, 0, 0, 0, 0, 0, 0.170035083, -0.225677344, -0.142272046, -0.365446643, 0.669542627, -0.646521205, -0.604125977, 0.357910156, 0.711914063, 0.707851044, 0.651079055, 0.273820912, 0, 0, 0, 0, 0, 0, 0, 0.237537207, -0.172041406, -0.10703125, -0.307621357, 0.142785976, -0.940680608, 0.545043945, -0.783813477, -0.297241211, -0.779835411, -0.604106818, 0.163308912, 5, 1, 
310.302736, 0.1, 0.1, 0.108787263, 0.182228294, -0.0199601993, 0.898201815, -2.71737049e-005, 0.439583324, 0.439583324, 1.92985069e-005, -0.898201815, 1.59241693e-005, 0.999999999, 2.92790614e-005, 0.898201881, -1.37730203e-005, 0.439583189, 0.439583189, 7.85398582e-006, -0.898201881, 8.91847258e-006, 1, 1.3108853e-005, 0, 0, 0, 0, 0, 0, 0, 0.170035083, -0.225677344, -0.142272046, -0.365446643, 0.669542627, -0.646521205, -0.604125977, 0.357910156, 0.711914063, 0.707851044, 0.651079055, 0.273820912, 0, 0, 0, 0, 0, 0, 0, 0.237537207, -0.172041406, -0.10703125, -0.307621357, 0.142785976, -0.940680608, 0.545043945, -0.783813477, -0.297241211, -0.779835411, -0.604106818, 0.163308912, 5, 1, 
310.30359, 0.1, 0.1, 0.108787262, 0.182228294, -0.0199616747, 0.898201629, 5.59919514e-007, 0.439583705, 0.439583705, -2.88735518e-005, -0.898201629, 1.21894223e-005, 1, -2.61804028e-005, 0.89820164, 2.20830823e-005, 0.439583682, 0.439583682, -2.09617678e-005, -0.89820164, -1.06206097e-005, 1, -2.85352569e-005, 0, 0, 0, 0, 0, 0, 0, 0.170035083, -0.225677344, -0.142272046, -0.365446643, 0.669542627, -0.646521205, -0.604125977, 0.357910156, 0.711914063, 0.707851044, 0.651079055, 0.273820912, 0, 0, 0, 0, 0, 0, 0, 0.237537207, -0.172041406, -0.10703125, -0.307621357, 0.142785976, -0.940680608, 0.545043945, -0.783813477, -0.297241211, -0.779835411, -0.604106818, 0.163308912, 5, 1, 
310.304535, 0.1, 0.1, 0.108787265, 0.182228289, -0.0199628984, 0.898201781, 1.46677153e-007, 0.439583395, 0.439583395, 2.02095313e-005, -0.89820178, -9.01552008e-006, 1, 1.80877602e-005, 0.898201733, 3.13859579e-007, 0.439583492, 0.439583491, 4.03504467e-005, -0.898201733, -1.80192995e-005, 0.999999999, 3.61048737e-005, 0, 0, 0, 0, 0, 0, 0, 0.169746655, -0.225546362, -0.142318408, -0.366778876, 0.672182005, -0.643094021, -0.602050781, 0.35559082, 0.71484375, 0.708803601, 0.649795875, 0.274390427, 0, 0, 0, 0, 0, 0, 0, 0.237537207, -0.172041406, -0.10703125, -0.31066879, 0.142907011, -0.93960695, 0.546386719, -0.781982422, -0.299560547, -0.777700855, -0.606426208, 0.164771928, 5, 1, 
310.305383, 0.1, 0.1, 0.108787265, 0.182228291, -0.0199631196, 0.898201945, 5.50310754e-006, 0.43958306, 0.43958306, 2.20447321e-005, -0.898201945, -1.46333927e-005, 1, 1.73815484e-005, 0.898201932, 1.26163529e-005, 0.439583085, 0.439583085, -5.89114101e-006, -0.898201932, -8.74238663e-006, 1, -1.08373696e-005, 0, 0, 0, 0, 0, 0, 0, 0.169746655, -0.225546362, -0.142318408, -0.366778876, 0.672182005, -0.643094021, -0.602050781, 0.35559082, 0.71484375, 0.708803601, 0.649795875, 0.274390427, 0, 0, 0, 0, 0, 0, 0, 0.237603711, -0.172082178, -0.106929443, -0.31066879, 0.142907011, -0.93960695, 0.546386719, -0.781982422, -0.299560547, -0.777700855, -0.606426208, 0.164771928, 5, 1, 
310.306229, 0.1, 0.1, 0.108787267, 0.182228291, -0.0199632792, 0.898201838, 2.17539779e-005, 0.439583278, 0.439583278, -2.42194916e-005, -0.898201838, -8.89297943e-006, 0.999999999, -3.13166768e-005, 0.898201886, -3.20992168e-006, 0.43958318, 0.43958318, -2.13310567e-005, -0.898201886, 1.22599314e-005, 1, -1.77485677e-005, 0, 0, 0, 0, 0, 0, 0, 0.169746655, -0.225546362, -0.142318408, -0.366778876, 0.672182005, -0.643094021, -0.602050781, 0.35559082, 0.71484375, 0.708803601, 0.649795875, 0.274390427, 0, 0, 0, 0, 0, 0, 0, 0.237603711, -0.172082178, -0.106929443, -0.31066879, 0.142907011, -0.93960695, 0.546386719, -0.781982422, -0.299560547, -0.777700855, -0.606426208, 0.164771928, 5, 1, 
310.307157, 0.1, 0.1, 0.10878727, 0.182228289, -0.0199625139, 0.898201544, -2.3391708e-005, 0.439583878, 0.439583878, 2.26264281e-005, -0.898201544, 1.10642552e-005, 0.999999999, 3.06057104e-005, 0.898201598, -3.24329149e-005, 0.439583767, 0.439583768, 2.07847718e-005, -0.898201598, 1.99946477e-005, 0.999999999, 3.29258982e-005, 0, 0, 0, 0, 0, 0, 0, 0.169746655, -0.225546362, -0.142318408, -0.366778876, 0.672182005, -0.643094021, -0.602050781, 0.35559082, 0.71484375, 0.708803601, 0.649795875, 0.274390427, 0, 0, 0, 0, 0, 0, 0, 0.237603711, -0.172082178, -0.106929443, -0.31066879, 0.142907011, -0.93960695, 0.546386719, -0.781982422, -0.299560547, -0.777700855, -0.606426208, 0.164771928, 5, 1, 
310.308009, 0.1, 0.1, 0.108787268, 0.182228293, -0.019961549, 0.898201475, -1.16734911e-005, 0.439584019, 0.439584019, -2.23542787e-005, -0.898201475, 2.03117306e-005, 1, -1.4947166e-005, 0.898201463, 1.53225268e-006, 0.439584044, 0.439584044, -3.37098158e-005, -0.898201462, 1.34420255e-005, 0.999999999, -3.09517597e-005, 0, 0, 0, 0, 0, 0, 0, 0.169746655, -0.225546362, -0.142318408, -0.366778876, 0.672182005, -0.643094021, -0.602050781, 0.35559082, 0.71484375, 0.708803601, 0.649795875, 0.274390427, 0, 0, 0, 0, 0, 0, 0, 0.237603711, -0.172082178, -0.106929443, -0.31066879, 0.142907011, -0.93960695, 0.546386719, -0.781982422, -0.299560547, -0.777700855, -0.606426208, 0.164771928, 5, 1, 
310.308889, 0.1, 0.1, 0.108787269, 0.182228291, -0.0199610343, 0.898201696, -2.32153232e-006, 0.439583568, 0.439583568, -3.32278775e-005, -0.898201696, 1.66916332e-005, 0.999999999, -2.88248284e-005, 0.898201633, 5.22664657e-006, 0.439583698, 0.439583698, 1.19361582e-005, -0.898201633, -9.94152302e-006, 1, 8.42352812e-006, 0, 0, 0, 0, 0, 0, 0, 0.169746655, -0.225546362, -0.142318408, -0.366778876, 0.672182005, -0.643094021, -0.602050781, 0.35559082, 0.71484375, 0.708803601, 0.649795875, 0.274390427, 0, 0, 0, 0, 0, 0, 0, 0.237603711, -0.172082178, -0.106929443, -0.31066879, 0.142907011, -0.93960695, 0.546386719, -0.781982422, -0.299560547, -0.777700855, -0.606426208, 0.164771928, 5, 1, 
310.309808, 0.1, 0.1, 0.108787269, 0.182228296, -0.0199597921, 0.898201863, -7.4009608e-006, 0.439583226, 0.439583226, 2.1687291e-005, -0.898201863, -2.88581257e-006, 1, 2.27329034e-005, 0.89820186, 8.05237367e-006, 0.439583233, 0.439583233, 1.08208764e-005, -0.89820186, -1.19893328e-005, 1, 6.17964288e-006, 0, 0, 0, 0, 0, 0, 0, 0.169923633, -0.225838062, -0.142564331, -0.367774494, 0.675328741, -0.63922875, -0.599853516, 0.353149414, 0.717895508, 0.710320803, 0.647814378, 0.275384923, 0, 0, 0, 0, 0, 0, 0, 0.237660205, -0.172089746, -0.106827637, -0.313824865, 0.143513652, -0.938533292, 0.547485352, -0.780151367, -0.302368164, -0.77570046, -0.608694559, 0.166234944, 5, 1, 
310.310651, 0.1, 0.1, 0.10878727, 0.182228299, -0.0199598479, 0.8982017, 2.40889143e-005, 0.439583559, 0.439583559, -2.26796431e-005, -0.8982017, -1.16671055e-005, 0.999999999, -3.09599847e-005, 0.898201754, 1.89251322e-005, 0.439583449, 0.43958345, -2.92642892e-005, -0.898201753, -4.13448971e-006, 0.999999999, -3.46044107e-005, 0, 0, 0, 0, 0, 0, 0, 0.169923633, -0.225838062, -0.142564331, -0.367774494, 0.675328741, -0.63922875, -0.599853516, 0.353149414, 0.717895508, 0.710320803, 0.647814378, 0.275384923, 0, 0, 0, 0, 0, 0, 0, 0.237660205, -0.172089746, -0.106827637, -0.313824865, 0.143513652, -0.938533292, 0.547485352, -0.780151367, -0.302368164, -0.77570046, -0.608694559, 0.166234944, 5, 1, 
310.311566, 0.1, 0.1, 0.108787275, 0.182228295, -0.0199608127, 0.898201414, 3.01391891e-007, 0.439584144, 0.439584144, 2.2838883e-005, -0.898201414, -1.03103215e-005, 1, 2.03814299e-005, 0.898201469, -3.28894768e-005, 0.439584031, 0.439584032, 2.81383248e-005, -0.898201468, 1.71722181e-005, 0.999999999, 3.97315735e-005, 0, 0, 0, 0, 0, 0, 0, 0.169923633, -0.225838062, -0.142564331, -0.36920932, 0.67525947, -0.638530433, -0.600463867, 0.351318359, 0.718383789, 0.709064954, 0.648937677, 0.27589228, 0, 0, 0, 0, 0, 0, 0, 0.237660205, -0.172089746, -0.106827637, -0.313824865, 0.143513652, -0.938533292, 0.547485352, -0.780151367, -0.302368164, -0.77570046, -0.608694559, 0.166234944, 5, 1, 
310.312457, 0.1, 0.1, 0.108787275, 0.182228298, -0.0199610709, 0.898201434, -2.12697501e-005, 0.439584103, 0.439584103, 1.19762698e-005, -0.898201434, 1.38399422e-005, 1, 2.01069467e-005, 0.898201405, -1.52155516e-005, 0.439584162, 0.439584161, -1.92868225e-005, -0.898201405, 2.21448115e-005, 1, -1.06349356e-005, 0, 0, 0, 0, 0, 0, 0, 0.170962695, -0.225838184, -0.1425271, -0.36920932, 0.67525947, -0.638530433, -0.600463867, 0.351318359, 0.718383789, 0.709064954, 0.648937677, 0.27589228, 0, 0, 0, 0, 0, 0, 0, 0.237518359, -0.172122217, -0.106737549, -0.316616735, 0.143756089, -0.937555516, 0.548828125, -0.778320313, -0.3046875, -0.773661786, -0.611001189, 0.167442397, 5, 1, 
310.313303, 0.1, 0.1, 0.108787276, 0.182228296, -0.0199619167, 0.898201695, -5.14575254e-006, 0.439583569, 0.439583569, -3.34017887e-005, -0.898201695, 1.93048012e-005, 0.999999999, -2.7739555e-005, 0.898201645, -6.13144437e-006, 0.439583673, 0.439583673, -1.74628128e-005, -0.898201645, 1.31836408e-005, 1, -1.29898444e-005, 0, 0, 0, 0, 0, 0, 0, 0.170962695, -0.225838184, -0.1425271, -0.36920932, 0.67525947, -0.638530433, -0.600463867, 0.351318359, 0.718383789, 0.709064954, 0.648937677, 0.27589228, 0, 0, 0, 0, 0, 0, 0, 0.237518359, -0.172122217, -0.106737549, -0.316616735, 0.143756089, -0.937555516, 0.548828125, -0.778320313, -0.3046875, -0.773661786, -0.611001189, 0.167442397, 5, 1, 
310.314146, 0.1, 0.1, 0.108787276, 0.182228294, -0.0199631383, 0.898201816, -2.20949403e-005, 0.439583323, 0.439583323, 2.00635928e-005, -0.898201816, 1.10260947e-005, 1, 2.77337227e-005, 0.898201815, -4.74386586e-006, 0.439583324, 0.439583324, 3.08571965e-005, -0.898201815, -9.30336008e-006, 1, 2.98013142e-005, 0, 0, 0, 0, 0, 0, 0, 0.170962695, -0.225838184, -0.1425271, -0.36920932, 0.67525947, -0.638530433, -0.600463867, 0.351318359, 0.718383789, 0.709064954, 0.648937677, 0.27589228, 0, 0, 0, 0, 0, 0, 0, 0.237518359, -0.172122217, -0.106737549, -0.316616735, 0.143756089, -0.937555516, 0.548828125, -0.778320313, -0.3046875, -0.773661786, -0.611001189, 0.167442397, 5, 1, 
310.314986, 0.1, 0.1, 0.108787274, 0.182228297, -0.0199643284, 0.898201658, 1.74440756e-005, 0.439583645, 0.439583645, -7.30480448e-006, -0.898201658, -1.2457225e-005, 1, -1.42293178e-005, 0.898201703, 2.98738645e-005, 0.439583552, 0.439583553, -1.78955057e-005, -0.898201703, -1.8966186e-005, 0.999999999, -2.92058332e-005, 0, 0, 0, 0, 0, 0, 0, 0.170962695, -0.225838184, -0.1425271, -0.36920932, 0.67525947, -0.638530433, -0.600463867, 0.351318359, 0.718383789, 0.709064954, 0.648937677, 0.27589228, 0, 0, 0, 0, 0, 0, 0, 0.237518359, -0.172122217, -0.106737549, -0.316616735, 0.143756089, -0.937555516, 0.548828125, -0.778320313, -0.3046875, -0.773661786, -0.611001189, 0.167442397, 5, 1, 
310.315828, 0.1, 0.1, 0.108787276, 0.182228294, -0.0199650385, 0.898201475, 2.41691409e-005, 0.439584019, 0.439584019, -5.01516881e-006, -0.898201475, -1.950417e-005, 1, -1.51290001e-005, 0.898201492, 7.40761652e-006, 0.439583984, 0.439583984, 1.66802237e-005, -0.898201492, -1.39858914e-005, 1, 1.17259323e-005, 0, 0, 0, 0, 0, 0, 0, 0.170962695, -0.225838184, -0.1425271, -0.36920932, 0.67525947, -0.638530433, -0.600463867, 0.351318359, 0.718383789, 0.709064954, 0.648937677, 0.27589228, 0, 0, 0, 0, 0, 0, 0, 0.237518359, -0.172122217, -0.106737549, -0.316616735, 0.143756089, -0.937555516, 0.548828125, -0.778320313, -0.3046875, -0.773661786, -0.611001189, 0.167442397, 5, 1, 
310.316703, 0.1, 0.1, 0.108787276, 0.182228294, -0.0199649139, 0.898201565, -1.16653375e-006, 0.439583835, 0.439583835, 3.49485755e-005, -0.898201565, -1.43150464e-005, 0.999999999, 3.19036546e-005, 0.898201517, -1.46562135e-005, 0.439583933, 0.439583934, 1.3379276e-005, -0.898201517, 7.28291846e-006, 1, 1.8459922e-005, 0, 0, 0, 0, 0, 0, 0, 0.170977344, -0.225791187, -0.142038379, -0.369068535, 0.676299272, -0.637592103, -0.59753418, 0.352905273, 0.719970703, 0.711514494, 0.646919109, 0.274013376, 0, 0, 0, 0, 0, 0, 0, 0.237518359, -0.172122217, -0.106737549, -0.31956209, 0.144222372, -0.936398736, 0.548706055, -0.77746582, -0.307006836, -0.772498443, -0.611934123, 0.169282377, 5, 1, 
310.317542, 0.1, 0.1, 0.108787276, 0.182228295, -0.019963902, 0.898201805, 5.53981552e-006, 0.439583346, 0.439583346, -2.83116479e-005, -0.898201804, 7.46945662e-006, 1, -2.78647839e-005, 0.898201762, -3.17518976e-007, 0.439583434, 0.439583434, -3.19861543e-005, -0.898201761, 1.43457796e-005, 0.999999999, -2.8590444e-005, 0, 0, 0, 0, 0, 0, 0, 0.170977344, -0.225791187, -0.142038379, -0.369068535, 0.676299272, -0.637592103, -0.59753418, 0.352905273, 0.719970703, 0.711514494, 0.646919109, 0.274013376, 0, 0, 0, 0, 0, 0, 0, 0.237347949, -0.172334229, -0.106399072, -0.31956209, 0.144222372, -0.936398736, 0.548706055, -0.77746582, -0.307006836, -0.772498443, -0.611934123, 0.169282377, 5, 1, 
310.318382, 0.1, 0.1, 0.108787277, 0.182228292, -0.0199627434, 0.898201857, -2.24942373e-005, 0.439583238, 0.439583238, 8.78846154e-007, -0.898201857, 1.98180397e-005, 1, 1.06774709e-005, 0.898201871, -2.31365873e-005, 0.43958321, 0.43958321, 1.83777714e-005, -0.898201871, 1.27027662e-005, 1, 2.6677404e-005, 0, 0, 0, 0, 0, 0, 0, 0.170977344, -0.225791187, -0.142038379, -0.369068535, 0.676299272, -0.637592103, -0.59753418, 0.352905273, 0.719970703, 0.711514494, 0.646919109, 0.274013376, 0, 0, 0, 0, 0, 0, 0, 0.237347949, -0.172334229, -0.106399072, -0.31956209, 0.144222372, -0.936398736, 0.548706055, -0.77746582, -0.307006836, -0.772498443, -0.611934123, 0.169282377, 5, 1, 
310.319234, 0.1, 0.1, 0.108787276, 0.182228295, -0.019961801, 0.89820164, -2.08537743e-005, 0.439583683, 0.439583683, 8.48560021e-006, -0.89820164, 1.50007629e-005, 1, 1.67887589e-005, 0.898201692, 1.24495774e-005, 0.439583576, 0.439583576, -9.26400289e-006, -0.898201692, -7.10992797e-006, 1, -1.37935728e-005, 0, 0, 0, 0, 0, 0, 0, 0.170977344, -0.225791187, -0.142038379, -0.369068535, 0.676299272, -0.637592103, -0.59753418, 0.352905273, 0.719970703, 0.711514494, 0.646919109, 0.274013376, 0, 0, 0, 0, 0, 0, 0, 0.237347949, -0.172334229, -0.106399072, -0.31956209, 0.144222372, -0.936398736, 0.548706055, -0.77746582, -0.307006836, -0.772498443, -0.611934123, 0.169282377, 5, 1, 
310.320072, 0.1, 0.1, 0.108787277, 0.182228294, -0.0199614023, 0.898201486, 1.66783101e-005, 0.439583997, 0.439583997, -2.50707815e-005, -0.898201486, -3.9597686e-006, 1, -2.98501315e-005, 0.898201493, 1.81043244e-005, 0.439583983, 0.439583983, -9.0988969e-006, -0.898201493, -1.22616018e-005, 1, -1.61310138e-005, 0, 0, 0, 0, 0, 0, 0, 0.170977344, -0.225791187, -0.142038379, -0.369068535, 0.676299272, -0.637592103, -0.59753418, 0.352905273, 0.719970703, 0.711514494, 0.646919109, 0.274013376, 0, 0, 0, 0, 0, 0, 0, 0.237347949, -0.172334229, -0.106399072, -0.31956209, 0.144222372, -0.936398736, 0.548706055, -0.77746582, -0.307006836, -0.772498443, -0.611934123, 0.169282377, 5, 1, 
310.320908, 0.1, 0.1, 0.10878728, 0.182228293, -0.0199617739, 0.898201624, -1.74149817e-006, 0.439583716, 0.439583716, 3.23083946e-005, -0.898201623, -1.26380277e-005, 0.999999999, 2.97849867e-005, 0.898201576, -8.9486099e-006, 0.439583813, 0.439583814, 3.06687061e-005, -0.898201575, -5.44381128e-006, 0.999999999, 3.14803442e-005, 0, 0, 0, 0, 0, 0, 0, 0.170977344, -0.225791187, -0.142038379, -0.369068535, 0.676299272, -0.637592103, -0.59753418, 0.352905273, 0.719970703, 0.711514494, 0.646919109, 0.274013376, 0, 0, 0, 0, 0, 0, 0, 0.237347949, -0.172334229, -0.106399072, -0.31956209, 0.144222372, -0.936398736, 0.548706055, -0.77746582, -0.307006836, -0.772498443, -0.611934123, 0.169282377, 5, 1, 
310.321791, 0.1, 0.1, 0.10878728, 0.182228297, -0.0199623395, 0.898201874, 1.36925632e-005, 0.439583204, 0.439583204, -1.10576567e-005, -0.898201874, -7.43792574e-006, 1, -1.59510287e-005, 0.898201835, 1.66853572e-006, 0.439583284, 0.439583284, -3.45486527e-005, -0.898201834, 1.36883284e-005, 0.999999999, -3.17651236e-005, 0, 0, 0, 0, 0, 0, 0, 0.171093896, -0.225506787, -0.142351685, -0.371294915, 0.677574217, -0.634820174, -0.593383789, 0.352783203, 0.723388672, 0.713844589, 0.645604851, 0.271226099, 0, 0, 0, 0, 0, 0, 0, 0.236903027, -0.172582861, -0.106488525, -0.323408295, 0.144228569, -0.935197113, 0.548706055, -0.776489258, -0.309570312, -0.770938812, -0.613160899, 0.171863527, 5, 1, 
310.322635, 0.1, 0.1, 0.108787283, 0.182228295, -0.0199628055, 0.89820186, -2.80728817e-006, 0.439583233, 0.439583233, -2.02844627e-005, -0.89820186, 1.14382212e-005, 1, -1.69855053e-005, 0.898201884, -2.30376676e-005, 0.439583183, 0.439583184, 1.66141778e-006, -0.898201884, 1.99621451e-005, 1, 1.16192598e-005, 0, 0, 0, 0, 0, 0, 0, 0.171093896, -0.225506787, -0.142351685, -0.371294915, 0.677574217, -0.634820174, -0.593383789, 0.352783203, 0.723388672, 0.713844589, 0.645604851, 0.271226099, 0, 0, 0, 0, 0, 0, 0, 0.236903027, -0.172582861, -0.106488525, -0.323408295, 0.144228569, -0.935197113, 0.548706055, -0.776489258, -0.309570312, -0.770938812, -0.613160899, 0.171863527, 5, 1, 
310.323473, 0.1, 0.1, 0.108787282, 0.182228296, -0.0199634621, 0.898201624, -2.65468008e-005, 0.439583715, 0.439583716, 2.05777863e-005, -0.898201624, 1.47987198e-005, 0.999999999, 3.01525424e-005, 0.898201671, -1.50604083e-005, 0.439583619, 0.43958362, 1.05586078e-005, -0.898201671, 8.88589288e-006, 1, 1.6104068e-005, 0, 0, 0, 0, 0, 0, 0, 0.171093896, -0.225506787, -0.142351685, -0.371294915, 0.677574217, -0.634820174, -0.593383789, 0.352783203, 0.723388672, 0.713844589, 0.645604851, 0.271226099, 0, 0, 0, 0, 0, 0, 0, 0.236903027, -0.172582861, -0.106488525, -0.323408295, 0.144228569, -0.935197113, 0.548706055, -0.776489258, -0.309570312, -0.770938812, -0.613160899, 0.171863527, 5, 1, 
310.324354, 0.1, 0.1, 0.10878728, 0.182228296, -0.0199637197, 0.898201523, 4.16494604e-006, 0.439583922, 0.439583922, -3.05402248e-005, -0.898201522, 9.68403093e-006, 1, -2.92621198e-005, 0.898201518, 2.36452576e-005, 0.439583932, 0.439583933, -2.29831582e-005, -0.898201517, -1.11351792e-005, 0.999999999, -3.1037583e-005, 0, 0, 0, 0, 0, 0, 0, 0.16970769, -0.225235669, -0.143345801, -0.372567616, 0.683219546, -0.627916752, -0.585205078, 0.352294922, 0.73034668, 0.719854986, 0.639890633, 0.268773193, 0, 0, 0, 0, 0, 0, 0, 0.23644126, -0.17300957, -0.106324707, -0.327312102, 0.144631053, -0.933669565, 0.547607422, -0.776123047, -0.312255859, -0.769998949, -0.613486824, 0.174847161, 5, 1, 
310.325195, 0.1, 0.1, 0.108787281, 0.182228293, -0.0199635039, 0.898201709, 5.60052567e-006, 0.439583541, 0.439583541, 1.4726028e-005, -0.898201709, -1.15037213e-005, 1, 1.07650446e-005, 0.898201659, 5.32360685e-006, 0.439583644, 0.439583644, 3.20408454e-005, -0.898201658, -1.88663041e-005, 0.999999999, 2.643897e-005, 0, 0, 0, 0, 0, 0, 0, 0.16970769, -0.225235669, -0.143345801, -0.372567616, 0.683219546, -0.627916752, -0.585205078, 0.352294922, 0.73034668, 0.719854986, 0.639890633, 0.268773193, 0, 0, 0, 0, 0, 0, 0, 0.23644126, -0.17300957, -0.106324707, -0.327312102, 0.144631053, -0.933669565, 0.547607422, -0.776123047, -0.312255859, -0.769998949, -0.613486824, 0.174847161, 5, 1, 
310.326036, 0.1, 0.1, 0.10878728, 0.182228296, -0.019963214, 0.898201918, 7.81084925e-006, 0.439583114, 0.439583114, 2.02990829e-005, -0.898201918, -1.59388538e-005, 1, 1.47991577e-005, 0.898201896, 1.56035787e-005, 0.439583158, 0.439583159, -7.77399301e-006, -0.898201896, -1.05978476e-005, 1, -1.38416857e-005, 0, 0, 0, 0, 0, 0, 0, 0.16970769, -0.225235669, -0.143345801, -0.372567616, 0.683219546, -0.627916752, -0.585205078, 0.352294922, 0.73034668, 0.719854986, 0.639890633, 0.268773193, 0, 0, 0, 0, 0, 0, 0, 0.23644126, -0.17300957, -0.106324707, -0.327312102, 0.144631053, -0.933669565, 0.547607422, -0.776123047, -0.312255859, -0.769998949, -0.613486824, 0.174847161, 5, 1, 
310.326873, 0.1, 0.1, 0.108787282, 0.182228296, -0.0199630339, 0.89820185, 1.8205334e-005, 0.439583253, 0.439583253, -2.14578138e-005, -0.89820185, -6.91956912e-006, 1, -2.7276208e-005, 0.89820189, -5.98078028e-006, 0.439583171, 0.439583171, -1.92964511e-005, -0.89820189, 1.38543433e-005, 1, -1.47030585e-005, 0, 0, 0, 0, 0, 0, 0, 0.16970769, -0.225235669, -0.143345801, -0.372567616, 0.683219546, -0.627916752, -0.585205078, 0.352294922, 0.73034668, 0.719854986, 0.639890633, 0.268773193, 0, 0, 0, 0, 0, 0, 0, 0.23644126, -0.17300957, -0.106324707, -0.327312102, 0.144631053, -0.933669565, 0.547607422, -0.776123047, -0.312255859, -0.769998949, -0.613486824, 0.174847161, 5, 1, 
310.327707, 0.1, 0.1, 0.108787285, 0.182228294, -0.0199630542, 0.898201626, -2.78951077e-005, 0.43958371, 0.439583711, 2.36139327e-005, -0.898201626, 1.46751309e-005, 0.999999999, 3.34723077e-005, 0.898201666, -3.4744888e-005, 0.439583627, 0.439583628, 2.1428636e-005, -0.898201666, 2.17882388e-005, 0.999999999, 3.45205205e-005, 0, 0, 0, 0, 0, 0, 0, 0.16970769, -0.225235669, -0.143345801, -0.372567616, 0.683219546, -0.627916752, -0.585205078, 0.352294922, 0.73034668, 0.719854986, 0.639890633, 0.268773193, 0, 0, 0, 0, 0, 0, 0, 0.23644126, -0.17300957, -0.106324707, -0.327312102, 0.144631053, -0.933669565, 0.547607422, -0.776123047, -0.312255859, -0.769998949, -0.613486824, 0.174847161, 5, 1, 
310.328544, 0.1, 0.1, 0.108787285, 0.182228296, -0.0199632179, 0.898201585, -1.83870729e-005, 0.439583795, 0.439583794, -1.83785275e-005, -0.898201585, 2.45942009e-005, 1, -8.42496328e-006, 0.898201569, -5.72124522e-006, 0.439583827, 0.439583826, -2.8971638e-005, -0.898201569, 1.78742949e-005, 1, -2.35074039e-005, 0, 0, 0, 0, 0, 0, 0, 0.16970769, -0.225235669, -0.143345801, -0.372567616, 0.683219546, -0.627916752, -0.585205078, 0.352294922, 0.73034668, 0.719854986, 0.639890633, 0.268773193, 0, 0, 0, 0, 0, 0, 0, 0.23644126, -0.17300957, -0.106324707, -0.327312102, 0.144631053, -0.933669565, 0.547607422, -0.776123047, -0.312255859, -0.769998949, -0.613486824, 0.174847161, 5, 1, 
310.329443, 0.1, 0.1, 0.108787287, 0.182228292, -0.0199627294, 0.898201835, -4.52005438e-006, 0.439583284, 0.439583284, -1.98852469e-005, -0.898201835, 1.28011433e-005, 1, -1.58740249e-005, 0.898201778, 1.00646158e-006, 0.4395834, 0.4395834, 1.66762796e-005, -0.898201778, -8.23462129e-006, 1, 1.45362402e-005, 0, 0, 0, 0, 0, 0, 0, 0.169194434, -0.225918799, -0.144177222, -0.374057487, 0.68752066, -0.622313362, -0.580444336, 0.349853516, 0.735229492, 0.722933573, 0.636613973, 0.268256479, 0, 0, 0, 0, 0, 0, 0, 0.235853906, -0.173431152, -0.106236084, -0.32956113, 0.144995258, -0.93286423, 0.54675293, -0.776123047, -0.313720703, -0.769621618, -0.613448544, 0.176527461, 5, 1, 
310.330283, 0.1, 0.1, 0.108787287, 0.182228293, -0.0199622862, 0.89820201, -5.98214014e-006, 0.439582927, 0.439582927, 2.57584956e-005, -0.898202009, -5.94982459e-006, 1, 2.57659792e-005, 0.898201998, 7.53769882e-006, 0.43958295, 0.43958295, 1.75596131e-005, -0.898201998, -1.44892827e-005, 1, 1.24586357e-005, 0, 0, 0, 0, 0, 0, 0, 0.169194434, -0.225918799, -0.144177222, -0.374057487, 0.68752066, -0.622313362, -0.580444336, 0.349853516, 0.735229492, 0.722933573, 0.636613973, 0.268256479, 0, 0, 0, 0, 0, 0, 0, 0.235853906, -0.173431152, -0.106236084, -0.32956113, 0.144995258, -0.93286423, 0.54675293, -0.776123047, -0.313720703, -0.769621618, -0.613448544, 0.176527461, 5, 1, 
310.331124, 0.1, 0.1, 0.108787287, 0.182228296, -0.0199622482, 0.898201892, 2.65052063e-005, 0.439583167, 0.439583167, -2.40720545e-005, -0.898201892, -1.32253565e-005, 0.999999999, -3.32728074e-005, 0.898201936, 2.12805228e-005, 0.439583078, 0.439583079, -2.87332419e-005, -0.898201935, -6.48355987e-006, 0.999999999, -3.51628112e-005, 0, 0, 0, 0, 0, 0, 0, 0.169194434, -0.225918799, -0.144177222, -0.374057487, 0.68752066, -0.622313362, -0.580444336, 0.349853516, 0.735229492, 0.722933573, 0.636613973, 0.268256479, 0, 0, 0, 0, 0, 0, 0, 0.235853906, -0.173431152, -0.106236084, -0.32956113, 0.144995258, -0.93286423, 0.54675293, -0.776123047, -0.313720703, -0.769621618, -0.613448544, 0.176527461, 5, 1, 
310.331965, 0.1, 0.1, 0.10878729, 0.182228294, -0.0199625842, 0.898201674, 1.54180793e-006, 0.439583613, 0.439583613, 1.5633267e-005, -0.898201674, -8.25698248e-006, 1, 1.33640731e-005, 0.898201709, -2.42203526e-005, 0.439583541, 0.439583542, 1.96278476e-005, -0.898201709, 1.31266833e-005, 1, 2.82766346e-005, 0, 0, 0, 0, 0, 0, 0, 0.169194434, -0.225918799, -0.144177222, -0.374057487, 0.68752066, -0.622313362, -0.580444336, 0.349853516, 0.735229492, 0.722933573, 0.636613973, 0.268256479, 0, 0, 0, 0, 0, 0, 0, 0.235853906, -0.173431152, -0.106236084, -0.32956113, 0.144995258, -0.93286423, 0.54675293, -0.776123047, -0.313720703, -0.769621618, -0.613448544, 0.176527461, 5, 1, 
310.332809, 0.1, 0.1, 0.10878729, 0.182228297, -0.0199631569, 0.8982017, -1.77507152e-005, 0.439583559, 0.439583559, 1.45691719e-005, -0.8982017, 9.53935417e-006, 1, 2.08889775e-005, 0.898201673, -1.24919083e-005, 0.439583615, 0.439583615, -1.65549048e-005, -0.898201673, 1.84975178e-005, 1, -9.37840498e-006, 0, 0, 0, 0, 0, 0, 0, 0.169194434, -0.225918799, -0.144177222, -0.374057487, 0.68752066, -0.622313362, -0.580444336, 0.349853516, 0.735229492, 0.722933573, 0.636613973, 0.268256479, 0, 0, 0, 0, 0, 0, 0, 0.235853906, -0.173431152, -0.106236084, -0.32956113, 0.144995258, -0.93286423, 0.54675293, -0.776123047, -0.313720703, -0.769621618, -0.613448544, 0.176527461, 5, 1, 
310.333669, 0.1, 0.1, 0.10878729, 0.182228294, -0.0199635972, 0.898201954, -1.57520752e-007, 0.439583042, 0.439583041, -2.97118007e-005, -0.898201953, 1.32022892e-005, 1, -2.6617954e-005, 0.8982019, -1.24925538e-006, 0.439583151, 0.439583151, -1.31348284e-005, -0.8982019, 6.89593283e-006, 1, -1.12485762e-005, 0, 0, 0, 0, 0, 0, 0, 0.169194434, -0.225918799, -0.144177222, -0.371828863, 0.68965156, -0.621335718, -0.578979492, 0.351074219, 0.735839844, 0.725299616, 0.633681041, 0.268966779, 0, 0, 0, 0, 0, 0, 0, 0.235853906, -0.173431152, -0.106236084, -0.32956113, 0.144995258, -0.93286423, 0.54675293, -0.776123047, -0.313720703, -0.769621618, -0.613448544, 0.176527461, 5, 1, 
310.334532, 0.1, 0.1, 0.108787289, 0.182228292, -0.0199633354, 0.89820207, -1.87458586e-005, 0.439582803, 0.439582803, 2.14324871e-005, -0.89820207, 7.41621627e-006, 1, 2.74910613e-005, 0.898202072, -3.78835163e-007, 0.4395828, 0.4395828, 3.27981431e-005, -0.898202071, -1.40772291e-005, 0.999999999, 2.96258895e-005, 0, 0, 0, 0, 0, 0, 0, 0.168645801, -0.226935034, -0.143232129, -0.371828863, 0.68965156, -0.621335718, -0.578979492, 0.351074219, 0.735839844, 0.725299616, 0.633681041, 0.268966779, 0, 0, 0, 0, 0, 0, 0, 0.235539355, -0.174045947, -0.105737842, -0.330896548, 0.145685388, -0.932333781, 0.545776367, -0.776367188, -0.314941406, -0.769761976, -0.613007781, 0.177319669, 5, 1, 
310.335377, 0.1, 0.1, 0.108787287, 0.182228294, -0.0199630534, 0.898201898, 1.67670322e-005, 0.439583154, 0.439583154, -7.39030146e-006, -0.898201899, -1.18115281e-005, 1, -1.40084877e-005, 0.898201946, 3.07478674e-005, 0.439583057, 0.439583058, -1.82281316e-005, -0.898201946, -1.96050165e-005, 0.999999999, -2.98887848e-005, 0, 0, 0, 0, 0, 0, 0, 0.168645801, -0.226935034, -0.143232129, -0.371828863, 0.68965156, -0.621335718, -0.578979492, 0.351074219, 0.735839844, 0.725299616, 0.633681041, 0.268966779, 0, 0, 0, 0, 0, 0, 0, 0.235539355, -0.174045947, -0.105737842, -0.330896548, 0.145685388, -0.932333781, 0.545776367, -0.776367188, -0.314941406, -0.769761976, -0.613007781, 0.177319669, 5, 1, 
310.33622, 0.1, 0.1, 0.108787289, 0.182228291, -0.0199628219, 0.898201704, 2.14076197e-005, 0.439583552, 0.439583552, -6.91143313e-006, -0.898201704, -1.61902082e-005, 1, -1.56182985e-005, 0.898201723, 3.81419762e-006, 0.439583514, 0.439583514, 1.65024682e-005, -0.898201722, -1.06801319e-005, 1, 1.3145887e-005, 0, 0, 0, 0, 0, 0, 0, 0.168645801, -0.226935034, -0.143232129, -0.371828863, 0.68965156, -0.621335718, -0.578979492, 0.351074219, 0.735839844, 0.725299616, 0.633681041, 0.268966779, 0, 0, 0, 0, 0, 0, 0, 0.235539355, -0.174045947, -0.105737842, -0.330896548, 0.145685388, -0.932333781, 0.545776367, -0.776367188, -0.314941406, -0.769761976, -0.613007781, 0.177319669, 5, 1, 
310.337085, 0.1, 0.1, 0.108787291, 0.182228293, -0.0199624844, 0.898201795, -8.86972971e-006, 0.439583367, 0.439583367, 2.90221008e-005, -0.898201794, -4.79082563e-006, 1, 2.99666887e-005, 0.89820175, -2.2115603e-005, 0.439583458, 0.439583458, 8.22909465e-006, -0.89820175, 1.62468995e-005, 1, 1.71130405e-005, 0, 0, 0, 0, 0, 0, 0, 0.168645801, -0.226935034, -0.143232129, -0.371828863, 0.68965156, -0.621335718, -0.578979492, 0.351074219, 0.735839844, 0.725299616, 0.633681041, 0.268966779, 0, 0, 0, 0, 0, 0, 0, 0.235600879, -0.174628662, -0.105096191, -0.330072256, 0.143768482, -0.932857667, 0.54675293, -0.776367188, -0.313110352, -0.769429854, -0.613454741, 0.177632835, 5, 1, 
310.337929, 0.1, 0.1, 0.108787292, 0.182228296, -0.0199623922, 0.898202046, -2.59721721e-007, 0.439582853, 0.439582853, -3.52119397e-005, -0.898202045, 1.57118475e-005, 0.999999999, -3.1513267e-005, 0.898202, -6.72165806e-006, 0.439582947, 0.439582947, -3.96648651e-005, -0.898201999, 2.3473405e-005, 0.999999999, -3.26723349e-005, 0, 0, 0, 0, 0, 0, 0, 0.168645801, -0.226935034, -0.143232129, -0.371828863, 0.68965156, -0.621335718, -0.578979492, 0.351074219, 0.735839844, 0.725299616, 0.633681041, 0.268966779, 0, 0, 0, 0, 0, 0, 0, 0.235600879, -0.174628662, -0.105096191, -0.330072256, 0.143768482, -0.932857667, 0.54675293, -0.776367188, -0.313110352, -0.769429854, -0.613454741, 0.177632835, 5, 1, 
310.338786, 0.1, 0.1, 0.108787294, 0.182228294, -0.019962558, 0.898202103, -2.52459648e-005, 0.439582737, 0.439582737, -3.72397369e-006, -0.898202103, 2.43129732e-005, 1, 7.75280931e-006, 0.898202118, -2.67562414e-005, 0.439582706, 0.439582706, 1.52480899e-005, -0.898202118, 1.73297161e-005, 1, 2.54574477e-005, 0, 0, 0, 0, 0, 0, 0, 0.168645801, -0.226935034, -0.143232129, -0.370579006, 0.688744308, -0.623207509, -0.580688477, 0.351928711, 0.734130859, 0.72460729, 0.634195511, 0.269634018, 0, 0, 0, 0, 0, 0, 0, 0.235600879, -0.174628662, -0.105096191, -0.330072256, 0.143768482, -0.932857667, 0.54675293, -0.776367188, -0.313110352, -0.769429854, -0.613454741, 0.177632835, 5, 1, 
