time, realDorsalTactorPos, realVentralTactorPos, boxPosX, boxPosY, boxPosZ, boxLocalRot_11, boxLocalRot_12, boxLocalRot_13, boxLocalRot_21, boxLocalRot_22, boxLocalRot_23, boxLocalRot_31, boxLocalRot_32, boxLocalRot_33, boxGlobalRot_11, boxGlobalRot_12, boxGlobalRot_13, boxGlobalRot_21, boxGlobalRot_22, boxGlobalRot_23, boxGlobalRot_31, boxGlobalRot_32, boxGlobalRot_33, indexForceX, indexForceY, indexForceZ, indexForceGlobalX, indexForceGlobalY, indexForceGlobalZ, indexContact, indexPosX, indexPosY, indexPosZ, indexRot_11, indexRot_12, indexRot_13, indexRot_21, indexRot_22, indexRot_23, indexRot_31, indexRot_32, indexRot_33, thumbForceX, thumbForceY, thumbForceZ, thumbForceGlobalX, thumbForceGlobalY, thumbForceGlobalZ, thumbContact, thumbPosX, thumbPosY, thumbPosZ, thumbRot_11, thumbRot_12, thumbRot_13, thumbRot_21, thumbRot_22, thumbRot_23, thumbRot_31, thumbRot_32, thumbRot_33, mapping, trialSuccess, 
114.561375, 0.1, 0.1, 0.14278073, 0.182525249, -0.0199544826, 0.939127132, -0.343569831, -3.88496906e-005, 0.343569831, 0.939127132, -1.23175362e-005, 4.07167324e-005, -1.77984917e-006, 0.999999999, 0.939127087, -0.343569956, 1.16856965e-005, 0.343569956, 0.939127087, -9.71193119e-006, -7.63762632e-006, 1.31355919e-005, 1, 0, 0, 0, 0, 0, 0, 0, 0.122345337, 0.0707421387, -0.196281787, 0.433456925, 0.877355762, -0.205407499, -0.379882813, 0.384765625, 0.841186523, 0.817130561, -0.286528271, 0.500205231, 0, 0, 0, 0, 0, 0, 0, 0.18589126, 0.0691578613, -0.171524707, -0.00251966099, 0.603018356, -0.797582983, 0.142822266, -0.7890625, -0.597290039, -0.989693812, -0.115456345, -0.0840748349, 2, 1, 
114.563318, 0.1, 0.1, 0.14278077, 0.182525261, -0.0199367016, 0.939127412, -0.343569063, -4.47723289e-005, 0.343569065, 0.939127412, 4.40247006e-005, 2.69213962e-005, -5.67271904e-005, 0.999999998, 0.939127382, -0.343569147, 3.94924528e-005, 0.343569144, 0.939127382, 5.69633458e-005, -5.66592919e-005, -3.99274496e-005, 0.999999998, 0, 0, 0, 0, 0, 0, 0, 0.122230591, 0.0676080811, -0.198178711, 0.431115969, 0.876894832, -0.211950341, -0.37890625, 0.389282227, 0.839599609, 0.818737251, -0.281635181, 0.50025278, 0, 0, 0, 0, 0, 0, 0, 0.186180273, 0.0659994629, -0.172914111, -0.00501149207, 0.597062748, -0.802144838, 0.145263672, -0.79309082, -0.591430664, -0.989342, -0.119519101, -0.0827131645, 2, 1, 
114.564775, 0.1, 0.1, 0.142780772, 0.182525258, -0.019942782, 0.939126914, -0.343570423, 5.72545334e-005, 0.343570419, 0.939126915, 6.72609939e-005, -7.68781614e-005, -4.34956456e-005, 0.999999996, 0.939127141, -0.343569806, 4.52073101e-005, 0.343569806, 0.939127142, -5.48374219e-006, -4.05713637e-005, 2.06817979e-005, 0.999999999, 0, 0, 0, 0, 0, 0, 0, 0.122230591, 0.0676080811, -0.198178711, 0.430227814, 0.876654819, -0.214983622, -0.37878418, 0.391601562, 0.838623047, 0.819372289, -0.27924892, 0.500609613, 0, 0, 0, 0, 0, 0, 0, 0.186180273, 0.0659994629, -0.172914111, -0.00615514575, 0.594474669, -0.804016901, 0.146972656, -0.794555664, -0.588867187, -0.988971232, -0.121755002, -0.0824189554, 2, 1, 
114.565804, 0.1, 0.1, 0.142780771, 0.182525259, -0.0199485834, 0.939126072, -0.343572731, -1.69704557e-005, 0.343572727, 0.939126067, -0.000106813384, 5.26355632e-005, 9.44806477e-005, 0.999999994, 0.939126301, -0.343572105, -2.45237168e-005, 0.343572102, 0.939126299, -6.98797201e-005, 4.70395899e-005, 5.72002181e-005, 0.999999997, 0, 0, 0, 0, 0, 0, 0, 0.122410376, 0.0658171387, -0.19922561, 0.430227814, 0.876654819, -0.214983622, -0.37878418, 0.391601562, 0.838623047, 0.819372289, -0.27924892, 0.500609613, 0, 0, 0, 0, 0, 0, 0, 0.186335645, 0.0646649902, -0.173478271, -0.00615514575, 0.594474669, -0.804016901, 0.146972656, -0.794555664, -0.588867187, -0.988971232, -0.121755002, -0.0824189554, 2, 1, 
114.566773, 0.1, 0.1, 0.142780758, 0.182525262, -0.0199564378, 0.939125021, -0.343575598, 6.37167592e-005, 0.343575593, 0.939125021, 7.83921393e-005, -8.6771629e-005, -5.17284961e-005, 0.999999995, 0.939125267, -0.343574925, 6.913161e-005, 0.343574923, 0.939125269, 4.04050462e-005, -7.88054025e-005, -1.41935122e-005, 0.999999997, 0, 0, 0, 0, 0, 0, 0, 0.122410376, 0.0658171387, -0.19922561, 0.430227814, 0.876654819, -0.214983622, -0.37878418, 0.391601562, 0.838623047, 0.819372289, -0.27924892, 0.500609613, 0, 0, 0, 0, 0, 0, 0, 0.186335645, 0.0646649902, -0.173478271, -0.00615514575, 0.594474669, -0.804016901, 0.146972656, -0.794555664, -0.588867187, -0.988971232, -0.121755002, -0.0824189554, 2, 1, 
114.567789, 0.1, 0.1, 0.14278076, 0.18252525, -0.0199639161, 0.939123616, -0.343579441, -3.06671277e-005, 0.343579439, 0.939123616, -5.32327929e-005, 4.70899171e-005, 3.94555785e-005, 0.999999998, 0.939123947, -0.343578537, -3.90024892e-005, 0.343578537, 0.939123947, 5.95897325e-008, 3.66076979e-005, -1.34563803e-005, 0.999999999, 0, 0, 0, 0, 0, 0, 0, 0.122373022, 0.0640126465, -0.200075024, 0.429460226, 0.876154575, -0.21851827, -0.378295898, 0.39440918, 0.837402344, 0.81998823, -0.276945034, 0.500922262, 0, 0, 0, 0, 0, 0, 0, 0.186504199, 0.0628825684, -0.174049023, -0.00703047658, 0.591714148, -0.806023126, 0.148193359, -0.796386719, -0.586181641, -0.988817748, -0.123518057, -0.0820161046, 2, 1, 
114.568729, 0.1, 0.1, 0.142780753, 0.182525264, -0.0199677764, 0.939122036, -0.34358376, 4.01291199e-005, 0.34358376, 0.939122036, -1.47913163e-005, -3.26040848e-005, 2.7678565e-005, 0.999999999, 0.939122356, -0.343582883, 4.82373995e-005, 0.343582885, 0.939122356, -4.63433029e-005, -2.93780546e-005, 6.00955767e-005, 0.999999998, 0, 0, 0, 0, 0, 0, 0, 0.122373022, 0.0640126465, -0.200075024, 0.429460226, 0.876154575, -0.21851827, -0.378295898, 0.39440918, 0.837402344, 0.81998823, -0.276945034, 0.500922262, 0, 0, 0, 0, 0, 0, 0, 0.186504199, 0.0628825684, -0.174049023, -0.00703047658, 0.591714148, -0.806023126, 0.148193359, -0.796386719, -0.586181641, -0.988817748, -0.123518057, -0.0820161046, 2, 1, 
114.569681, 0.1, 0.1, 0.142780757, 0.18252525, -0.0199678184, 0.939120345, -0.343588383, -1.04934831e-005, 0.343588383, 0.939120344, 4.23070882e-005, -4.68158053e-006, -4.33368861e-005, 0.999999999, 0.939120667, -0.343587503, -3.09083367e-005, 0.343587504, 0.939120665, 5.26630907e-005, 1.09322779e-005, -6.00767151e-005, 0.999999998, 0, 0, 0, 0, 0, 0, 0, 0.122373022, 0.0640126465, -0.200075024, 0.429460226, 0.876154575, -0.21851827, -0.378295898, 0.39440918, 0.837402344, 0.81998823, -0.276945034, 0.500922262, 0, 0, 0, 0, 0, 0, 0, 0.186504199, 0.0628825684, -0.174049023, -0.00703047658, 0.591714148, -0.806023126, 0.148193359, -0.796386719, -0.586181641, -0.988817748, -0.123518057, -0.0820161046, 2, 1, 
114.570619, 0.1, 0.1, 0.142780753, 0.182525257, -0.019964432, 0.939118934, -0.343592238, 2.89596846e-005, 0.343592239, 0.939118933, -4.96827234e-005, -1.01259899e-005, 5.66083091e-005, 0.999999998, 0.939119216, -0.343591469, 3.15762238e-005, 0.34359147, 0.939119214, -5.71909023e-005, -1.00035324e-005, 6.45583965e-005, 0.999999998, 0, 0, 0, 0, 0, 0, 0, 0.122373022, 0.0640126465, -0.200075024, 0.429460226, 0.876154575, -0.21851827, -0.378295898, 0.39440918, 0.837402344, 0.81998823, -0.276945034, 0.500922262, 0, 0, 0, 0, 0, 0, 0, 0.186504199, 0.0628825684, -0.174049023, -0.00703047658, 0.591714148, -0.806023126, 0.148193359, -0.796386719, -0.586181641, -0.988817748, -0.123518057, -0.0820161046, 2, 1, 
114.571561, 0.1, 0.1, 0.142780753, 0.182525252, -0.0199591451, 0.939117743, -0.343595496, -8.52006252e-006, 0.343595496, 0.939117743, 1.58982867e-005, 2.53876218e-006, -1.78578182e-005, 1, 0.939117943, -0.343594949, 1.08114315e-006, 0.343594949, 0.939117942, 3.47313705e-005, -1.29488444e-005, -3.22453779e-005, 0.999999999, 0, 0, 0, 0, 0, 0, 0, 0.122373022, 0.0640126465, -0.200075024, 0.429460226, 0.876154575, -0.21851827, -0.378295898, 0.39440918, 0.837402344, 0.81998823, -0.276945034, 0.500922262, 0, 0, 0, 0, 0, 0, 0, 0.186504199, 0.0628825684, -0.174049023, -0.00703047658, 0.591714148, -0.806023126, 0.148193359, -0.796386719, -0.586181641, -0.988817748, -0.123518057, -0.0820161046, 2, 1, 
114.57257, 0.1, 0.1, 0.142780751, 0.182525252, -0.0199532516, 0.939116501, -0.343598887, -3.82629237e-005, 0.343598887, 0.939116502, -3.09678732e-006, 3.69973957e-005, -1.02388539e-005, 0.999999999, 0.939116747, -0.343598219, -3.82808355e-008, 0.343598219, 0.939116747, 5.28036596e-006, -1.77837417e-006, -4.97203333e-006, 1, 0, 0, 0, 0, 0, 0, 0, 0.12228269, 0.0624611816, -0.200927002, 0.42760154, 0.876212984, -0.222021838, -0.376953125, 0.396118164, 0.837280273, 0.821518537, -0.274235263, 0.499870478, 0, 0, 0, 0, 0, 0, 0, 0.186601465, 0.0615046387, -0.174397998, -0.00902394145, 0.588717021, -0.808201791, 0.150146484, -0.798217773, -0.583251953, -0.988536298, -0.126533407, -0.0811404072, 2, 1, 
114.57351, 0.1, 0.1, 0.142780752, 0.18252525, -0.0199502055, 0.939115294, -0.343602186, 4.13110861e-005, 0.343602184, 0.939115295, 3.87474979e-005, -5.21095978e-005, -2.21937885e-005, 0.999999998, 0.939115548, -0.343601494, 2.88702088e-005, 0.343601494, 0.939115548, 6.04761175e-006, -2.91904304e-005, 4.24044063e-006, 1, 0, 0, 0, 0, 0, 0, 0, 0.12228269, 0.0624611816, -0.200927002, 0.42760154, 0.876212984, -0.222021838, -0.376953125, 0.396118164, 0.837280273, 0.821518537, -0.274235263, 0.499870478, 0, 0, 0, 0, 0, 0, 0, 0.186601465, 0.0615046387, -0.174397998, -0.00902394145, 0.588717021, -0.808201791, 0.150146484, -0.798217773, -0.583251953, -0.988536298, -0.126533407, -0.0811404072, 2, 1, 
114.574449, 0.1, 0.1, 0.142780751, 0.182525249, -0.0199507334, 0.939114096, -0.343605463, -1.88009898e-005, 0.343605462, 0.939114096, -3.42390208e-005, 2.94209891e-005, 2.56942243e-005, 0.999999999, 0.939114322, -0.343604846, -1.65759304e-005, 0.343604845, 0.939114321, -4.29859464e-005, 3.03368732e-005, 3.46731479e-005, 0.999999999, 0, 0, 0, 0, 0, 0, 0, 0.12228269, 0.0624611816, -0.200927002, 0.42760154, 0.876212984, -0.222021838, -0.376953125, 0.396118164, 0.837280273, 0.821518537, -0.274235263, 0.499870478, 0, 0, 0, 0, 0, 0, 0, 0.186601465, 0.0615046387, -0.174397998, -0.00902394145, 0.588717021, -0.808201791, 0.150146484, -0.798217773, -0.583251953, -0.988536298, -0.126533407, -0.0811404072, 2, 1, 
114.575387, 0.1, 0.1, 0.142780743, 0.182525243, -0.0199542835, 0.939113208, -0.343607889, 2.9734638e-005, 0.343607889, 0.939113209, 5.07021255e-006, -2.96663563e-005, 5.45555261e-006, 1, 0.939113355, -0.343607487, 4.57304289e-005, 0.343607486, 0.939113356, 2.24236612e-005, -5.06509944e-005, -5.34504194e-006, 0.999999999, 0, 0, 0, 0, 0, 0, 0, 0.12228269, 0.0624611816, -0.200927002, 0.42760154, 0.876212984, -0.222021838, -0.376953125, 0.396118164, 0.837280273, 0.821518537, -0.274235263, 0.499870478, 0, 0, 0, 0, 0, 0, 0, 0.186601465, 0.0615046387, -0.174397998, -0.00902394145, 0.588717021, -0.808201791, 0.150146484, -0.798217773, -0.583251953, -0.988536298, -0.126533407, -0.0811404072, 2, 1, 
114.576348, 0.1, 0.1, 0.142780748, 0.182525241, -0.0199594042, 0.939112491, -0.34360985, 3.79479076e-006, 0.34360985, 0.939112491, 2.88335909e-005, -1.34712412e-005, -2.57740578e-005, 1, 0.939112609, -0.343609528, -2.51285979e-005, 0.343609528, 0.939112609, 1.32230411e-005, 1.90550202e-005, -2.10523503e-005, 1, 0, 0, 0, 0, 0, 0, 0, 0.12228269, 0.0624611816, -0.200927002, 0.42760154, 0.876212984, -0.222021838, -0.376953125, 0.396118164, 0.837280273, 0.821518537, -0.274235263, 0.499870478, 0, 0, 0, 0, 0, 0, 0, 0.186601465, 0.0615046387, -0.174397998, -0.00902394145, 0.588717021, -0.808201791, 0.150146484, -0.798217773, -0.583251953, -0.988536298, -0.126533407, -0.0811404072, 2, 1, 
114.577379, 0.1, 0.1, 0.142780748, 0.182525243, -0.0199630008, 0.939112113, -0.343610882, -4.48907654e-005, 0.343610881, 0.939112114, -1.76760151e-005, 4.82311327e-005, 1.1748044e-006, 0.999999999, 0.939112148, -0.343610786, -2.34296627e-005, 0.343610785, 0.939112148, -3.26460211e-005, 3.32206058e-005, 2.26075902e-005, 0.999999999, 0, 0, 0, 0, 0, 0, 0, 0.12217002, 0.0609354736, -0.201703784, 0.425323863, 0.87677276, -0.224084589, -0.376831055, 0.396850586, 0.836914063, 0.822744429, -0.271481308, 0.499332042, 0, 0, 0, 0, 0, 0, 0, 0.186678955, 0.0601442871, -0.174948975, -0.0114198906, 0.586505539, -0.809805532, 0.153930664, -0.799072266, -0.581054687, -0.987928924, -0.131184581, -0.0810634817, 2, 1, 
114.578344, 0.1, 0.1, 0.142780752, 0.182525231, -0.0199636197, 0.939112181, -0.343610697, 1.74493261e-005, 0.343610696, 0.939112181, 1.3276093e-005, -2.09486822e-005, -6.47196554e-006, 1, 0.939112137, -0.343610818, 6.30476658e-006, 0.343610817, 0.939112136, 4.34967525e-005, -2.08668375e-005, -3.86819422e-005, 0.999999999, 0, 0, 0, 0, 0, 0, 0, 0.12217002, 0.0609354736, -0.201703784, 0.425323863, 0.87677276, -0.224084589, -0.376831055, 0.396850586, 0.836914063, 0.822744429, -0.271481308, 0.499332042, 0, 0, 0, 0, 0, 0, 0, 0.186678955, 0.0601442871, -0.174948975, -0.0114198906, 0.586505539, -0.809805532, 0.153930664, -0.799072266, -0.581054687, -0.987928924, -0.131184581, -0.0810634817, 2, 1, 
114.579316, 0.1, 0.1, 0.142780753, 0.182525246, -0.0199618273, 0.939112574, -0.343609624, -6.58720283e-006, 0.343609624, 0.939112573, -4.1900758e-005, 2.05836287e-005, 3.70861024e-005, 0.999999999, 0.939112492, -0.343609847, -1.4008589e-005, 0.343609846, 0.93911249, -7.33686841e-005, 3.83658432e-005, 6.40879587e-005, 0.999999997, 0, 0, 0, 0, 0, 0, 0, 0.12217002, 0.0609354736, -0.201703784, 0.425323863, 0.87677276, -0.224084589, -0.376831055, 0.396850586, 0.836914063, 0.822744429, -0.271481308, 0.499332042, 0, 0, 0, 0, 0, 0, 0, 0.186678955, 0.0601442871, -0.174948975, -0.0114198906, 0.586505539, -0.809805532, 0.153930664, -0.799072266, -0.581054687, -0.987928924, -0.131184581, -0.0810634817, 2, 1, 
114.580327, 0.1, 0.1, 0.142780752, 0.182525236, -0.0199580499, 0.939112975, -0.343608528, -2.48481142e-005, 0.343608528, 0.939112975, -9.84095245e-006, 2.67166216e-005, 7.03742186e-007, 1, 0.939112906, -0.343608716, -7.25287536e-007, 0.343608715, 0.939112906, 3.34250913e-005, -1.08040258e-005, -3.16391497e-005, 0.999999999, 0, 0, 0, 0, 0, 0, 0, 0.12217002, 0.0609354736, -0.201703784, 0.425323863, 0.87677276, -0.224084589, -0.376831055, 0.396850586, 0.836914063, 0.822744429, -0.271481308, 0.499332042, 0, 0, 0, 0, 0, 0, 0, 0.186678955, 0.0601442871, -0.174948975, -0.0114198906, 0.586505539, -0.809805532, 0.153930664, -0.799072266, -0.581054687, -0.987928924, -0.131184581, -0.0810634817, 2, 1, 
114.581305, 0.1, 0.1, 0.142780753, 0.182525231, -0.0199542625, 0.93911335, -0.343607498, 4.50912124e-005, 0.343607497, 0.939113351, 2.92531162e-005, -5.23973497e-005, -1.19783133e-005, 0.999999999, 0.939113255, -0.34360776, 2.18906862e-005, 0.343607759, 0.939113255, 3.70307863e-005, -3.32818991e-005, -2.72542926e-005, 0.999999999, 0, 0, 0, 0, 0, 0, 0, 0.12217002, 0.0609354736, -0.201703784, 0.425323863, 0.87677276, -0.224084589, -0.376831055, 0.396850586, 0.836914063, 0.822744429, -0.271481308, 0.499332042, 0, 0, 0, 0, 0, 0, 0, 0.186678955, 0.0601442871, -0.174948975, -0.0114198906, 0.586505539, -0.809805532, 0.153930664, -0.799072266, -0.581054687, -0.987928924, -0.131184581, -0.0810634817, 2, 1, 
114.582326, 0.1, 0.1, 0.142780753, 0.182525233, -0.0199513484, 0.939114075, -0.343605518, -4.2596336e-005, 0.343605518, 0.939114076, -3.46173825e-007, 4.0121766e-005, -1.43112394e-005, 0.999999999, 0.939113911, -0.343605967, -4.19709472e-005, 0.343605967, 0.939113912, -9.73209585e-006, 4.27595066e-005, -5.28192126e-006, 0.999999999, 0, 0, 0, 0, 0, 0, 0, 0.122056006, 0.0596377686, -0.20245481, 0.423027091, 0.877434007, -0.225645974, -0.376953125, 0.396972656, 0.836791992, 0.823849753, -0.268867017, 0.498837789, 0, 0, 0, 0, 0, 0, 0, 0.186749854, 0.0590352539, -0.175246924, -0.0139500011, 0.584817944, -0.810898146, 0.158081055, -0.799438477, -0.579467773, -0.987212907, -0.13614892, -0.0811783201, 2, 1, 
114.583327, 0.1, 0.1, 0.142780743, 0.182525233, -0.0199507134, 0.939114851, -0.343603399, 2.32117584e-005, 0.343603399, 0.939114851, 1.14068029e-005, -2.57179233e-005, -2.73665887e-006, 1, 0.93911471, -0.34360378, 5.86110077e-005, 0.343603781, 0.939114712, -1.08509404e-005, -5.13140355e-005, 3.03292416e-005, 0.999999998, 0, 0, 0, 0, 0, 0, 0, 0.122056006, 0.0596377686, -0.20245481, 0.423027091, 0.877434007, -0.225645974, -0.376953125, 0.396972656, 0.836791992, 0.823849753, -0.268867017, 0.498837789, 0, 0, 0, 0, 0, 0, 0, 0.186749854, 0.0590352539, -0.175246924, -0.0139500011, 0.584817944, -0.810898146, 0.158081055, -0.799438477, -0.579467773, -0.987212907, -0.13614892, -0.0811783201, 2, 1, 
114.584338, 0.1, 0.1, 0.142780746, 0.182525239, -0.019952206, 0.939115215, -0.343602404, 3.34314178e-005, 0.343602404, 0.939115215, -2.20950223e-005, -2.38040504e-005, 3.22368872e-005, 0.999999999, 0.939115182, -0.343602495, 1.35511543e-006, 0.343602495, 0.939115181, -4.71832366e-005, 1.49396683e-005, 4.47761148e-005, 0.999999999, 0, 0, 0, 0, 0, 0, 0, 0.121741699, 0.0580999756, -0.203251733, 0.421124221, 0.877821918, -0.227995165, -0.37487793, 0.397338867, 0.837646484, 0.825881425, -0.267198169, 0.496490842, 0, 0, 0, 0, 0, 0, 0, 0.186744336, 0.057954541, -0.175722705, -0.0175599662, 0.583469033, -0.811779674, 0.161010742, -0.799560547, -0.578369141, -0.986733131, -0.140832177, -0.0797980598, 2, 1, 
114.585297, 0.1, 0.1, 0.142780743, 0.182525237, -0.0199555546, 0.939115208, -0.343602423, -2.89265413e-005, 0.343602422, 0.939115208, -3.84745141e-005, 4.03852911e-005, 2.61927717e-005, 0.999999999, 0.939115213, -0.34360241, -1.37569554e-005, 0.343602409, 0.939115213, -2.65260939e-005, 2.20337959e-005, 2.01841353e-005, 1, 0, 0, 0, 0, 0, 0, 0, 0.121741699, 0.0580999756, -0.203251733, 0.421124221, 0.877821918, -0.227995165, -0.37487793, 0.397338867, 0.837646484, 0.825881425, -0.267198169, 0.496490842, 0, 0, 0, 0, 0, 0, 0, 0.186744336, 0.057954541, -0.175722705, -0.0175599662, 0.583469033, -0.811779674, 0.161010742, -0.799560547, -0.578369141, -0.986733131, -0.140832177, -0.0797980598, 2, 1, 
114.586246, 0.1, 0.1, 0.142780742, 0.182525233, -0.0199598049, 0.939115327, -0.343602098, 3.7061789e-005, 0.343602098, 0.939115327, 4.14682318e-006, -3.62301513e-005, 8.84016326e-006, 0.999999999, 0.939115278, -0.343602232, 2.93374792e-005, 0.343602231, 0.939115278, 2.74125625e-005, -3.69702925e-005, -1.5663133e-005, 0.999999999, 0, 0, 0, 0, 0, 0, 0, 0.121741699, 0.0580999756, -0.203251733, 0.421124221, 0.877821918, -0.227995165, -0.37487793, 0.397338867, 0.837646484, 0.825881425, -0.267198169, 0.496490842, 0, 0, 0, 0, 0, 0, 0, 0.186744336, 0.057954541, -0.175722705, -0.0175599662, 0.583469033, -0.811779674, 0.161010742, -0.799560547, -0.578369141, -0.986733131, -0.140832177, -0.0797980598, 2, 1, 
114.587198, 0.1, 0.1, 0.142780747, 0.18252523, -0.0199630761, 0.939115712, -0.343601045, -1.86446369e-005, 0.343601046, 0.939115712, 1.53241641e-005, 1.22440727e-005, -2.079748e-005, 1, 0.939115624, -0.343601286, -3.78392145e-005, 0.343601287, 0.939115624, 1.62859178e-005, 2.99395352e-005, -2.82959627e-005, 0.999999999, 0, 0, 0, 0, 0, 0, 0, 0.121741699, 0.0580999756, -0.203251733, 0.421124221, 0.877821918, -0.227995165, -0.37487793, 0.397338867, 0.837646484, 0.825881425, -0.267198169, 0.496490842, 0, 0, 0, 0, 0, 0, 0, 0.186744336, 0.057954541, -0.175722705, -0.0175599662, 0.583469033, -0.811779674, 0.161010742, -0.799560547, -0.578369141, -0.986733131, -0.140832177, -0.0797980598, 2, 1, 
114.588246, 0.1, 0.1, 0.142780743, 0.182525223, -0.0199633966, 0.939116137, -0.343599885, -3.11782852e-005, 0.343599886, 0.939116137, 2.41323014e-005, 2.09881748e-005, -3.33758889e-005, 0.999999999, 0.939116083, -0.343600034, -5.30627877e-007, 0.343600034, 0.939116082, 3.04361233e-005, -9.95953184e-006, -2.87653767e-005, 1, 0, 0, 0, 0, 0, 0, 0, 0.121741699, 0.0580999756, -0.203251733, 0.421124221, 0.877821918, -0.227995165, -0.37487793, 0.397338867, 0.837646484, 0.825881425, -0.267198169, 0.496490842, 0, 0, 0, 0, 0, 0, 0, 0.186744336, 0.057954541, -0.175722705, -0.0175599662, 0.583469033, -0.811779674, 0.161010742, -0.799560547, -0.578369141, -0.986733131, -0.140832177, -0.0797980598, 2, 1, 
114.589298, 0.1, 0.1, 0.142780743, 0.18252522, -0.0199597545, 0.939116197, -0.343599718, 3.77615465e-005, 0.343599717, 0.939116198, 3.46805453e-005, -4.73787056e-005, -1.95942052e-005, 0.999999999, 0.939116222, -0.343599652, 3.15224977e-005, 0.343599652, 0.939116222, 3.8180421e-006, -3.09151669e-005, 7.24553397e-006, 0.999999999, 0, 0, 0, 0, 0, 0, 0, 0.121645996, 0.0567887207, -0.20402583, 0.419189151, 0.878222934, -0.230019724, -0.374755859, 0.39831543, 0.837280273, 0.826929462, -0.264666253, 0.496193541, 0, 0, 0, 0, 0, 0, 0, 0.186744336, 0.057954541, -0.175722705, -0.0198345138, 0.581302394, -0.813300292, 0.16394043, -0.800415039, -0.576416016, -0.986112997, -0.144742181, -0.0793441697, 2, 1, 
114.590239, 0.1, 0.1, 0.142780744, 0.18252522, -0.0199555816, 0.939116054, -0.343600111, -3.05783909e-005, 0.34360011, 0.939116054, -2.85079164e-005, 3.8511981e-005, 1.62655035e-005, 0.999999999, 0.939116079, -0.343600043, -2.84413395e-005, 0.343600042, 0.939116079, -3.72993821e-005, 3.95257885e-005, 2.52560041e-005, 0.999999999, 0, 0, 0, 0, 0, 0, 0, 0.121645996, 0.0567887207, -0.20402583, 0.419189151, 0.878222934, -0.230019724, -0.374755859, 0.39831543, 0.837280273, 0.826929462, -0.264666253, 0.496193541, 0, 0, 0, 0, 0, 0, 0, 0.186606885, 0.0568359863, -0.176260254, -0.0198345138, 0.581302394, -0.813300292, 0.16394043, -0.800415039, -0.576416016, -0.986112997, -0.144742181, -0.0793441697, 2, 1, 
114.591199, 0.1, 0.1, 0.142780739, 0.182525218, -0.0199528271, 0.939116118, -0.343599937, 2.04536366e-005, 0.343599938, 0.939116117, -3.0408589e-005, -8.75995046e-006, 3.55850643e-005, 0.999999999, 0.939116072, -0.343600062, 4.15155614e-005, 0.343600063, 0.939116072, -1.12209365e-005, -3.51324165e-005, 2.48025113e-005, 0.999999999, 0, 0, 0, 0, 0, 0, 0, 0.121645996, 0.0567887207, -0.20402583, 0.419189151, 0.878222934, -0.230019724, -0.374755859, 0.39831543, 0.837280273, 0.826929462, -0.264666253, 0.496193541, 0, 0, 0, 0, 0, 0, 0, 0.186606885, 0.0568359863, -0.176260254, -0.0198345138, 0.581302394, -0.813300292, 0.16394043, -0.800415039, -0.576416016, -0.986112997, -0.144742181, -0.0793441697, 2, 1, 
114.592199, 0.1, 0.1, 0.142780749, 0.182525219, -0.0199516151, 0.939116536, -0.343598794, 1.72901206e-005, 0.343598794, 0.939116536, -1.52090644e-005, -1.1011622e-005, 2.02239484e-005, 1, 0.93911645, -0.34359903, -3.1987496e-005, 0.34359903, 0.93911645, -2.54205135e-006, 3.091343e-005, -8.60359034e-006, 0.999999999, 0, 0, 0, 0, 0, 0, 0, 0.121645996, 0.0567887207, -0.20402583, 0.419189151, 0.878222934, -0.230019724, -0.374755859, 0.39831543, 0.837280273, 0.826929462, -0.264666253, 0.496193541, 0, 0, 0, 0, 0, 0, 0, 0.186606885, 0.0568359863, -0.176260254, -0.0198345138, 0.581302394, -0.813300292, 0.16394043, -0.800415039, -0.576416016, -0.986112997, -0.144742181, -0.0793441697, 2, 1, 
114.593192, 0.1, 0.1, 0.142780748, 0.182525217, -0.0199528853, 0.939116845, -0.343597946, -4.6343638e-005, 0.343597946, 0.939116847, -4.42652745e-006, 4.50430369e-005, -1.17665523e-005, 0.999999999, 0.939116816, -0.343598027, -3.3123076e-005, 0.343598028, 0.939116816, 1.24776349e-005, 2.68191469e-005, -2.30989803e-005, 0.999999999, 0, 0, 0, 0, 0, 0, 0, 0.121645996, 0.0567887207, -0.20402583, 0.419189151, 0.878222934, -0.230019724, -0.374755859, 0.39831543, 0.837280273, 0.826929462, -0.264666253, 0.496193541, 0, 0, 0, 0, 0, 0, 0, 0.186606885, 0.0568359863, -0.176260254, -0.0198345138, 0.581302394, -0.813300292, 0.16394043, -0.800415039, -0.576416016, -0.986112997, -0.144742181, -0.0793441697, 2, 1, 
114.59423, 0.1, 0.1, 0.142780743, 0.182525213, -0.0199555067, 0.939116742, -0.34359823, 3.70196809e-005, 0.343598228, 0.939116742, 4.77975388e-005, -5.11889519e-005, -3.21675721e-005, 0.999999998, 0.939116797, -0.343598078, 4.19909057e-005, 0.343598077, 0.939116798, 3.72307745e-005, -5.22267875e-005, -2.05360512e-005, 0.999999998, 0, 0, 0, 0, 0, 0, 0, 0.121356226, 0.0550025391, -0.204607202, 0.417837822, 0.878084393, -0.23264712, -0.374389648, 0.399902344, 0.836669922, 0.827761451, -0.262419656, 0.49599172, 0, 0, 0, 0, 0, 0, 0, 0.186606885, 0.0568359863, -0.176260254, -0.0218407385, 0.579084716, -0.814955072, 0.166381836, -0.801513672, -0.57421875, -0.985710146, -0.148166579, -0.0787816378, 2, 1, 
114.595202, 0.1, 0.1, 0.142780745, 0.18252521, -0.0199577374, 0.939116505, -0.343598878, -1.56889601e-005, 0.343598879, 0.939116505, 2.15914952e-005, 7.31494786e-006, -2.56676386e-005, 1, 0.939116544, -0.343598772, -2.47160921e-005, 0.343598772, 0.939116544, -1.12921577e-005, 2.70912625e-005, 2.11223322e-006, 1, 0, 0, 0, 0, 0, 0, 0, 0.121356226, 0.0550025391, -0.204607202, 0.417837822, 0.878084393, -0.23264712, -0.374389648, 0.399902344, 0.836669922, 0.827761451, -0.262419656, 0.49599172, 0, 0, 0, 0, 0, 0, 0, 0.186482617, 0.0552777832, -0.176804395, -0.0218407385, 0.579084716, -0.814955072, 0.166381836, -0.801513672, -0.57421875, -0.985710146, -0.148166579, -0.0787816378, 2, 1, 
114.596181, 0.1, 0.1, 0.14278074, 0.182525205, -0.0199598294, 0.939116551, -0.343598754, -1.42679197e-005, 0.343598754, 0.939116551, -1.28498243e-005, 1.78144232e-005, 7.16504328e-006, 1, 0.939116515, -0.343598852, 2.4354387e-005, 0.343598853, 0.939116515, -7.60184618e-006, -2.02596214e-005, 1.55071587e-005, 1, 0, 0, 0, 0, 0, 0, 0, 0.121356226, 0.0550025391, -0.204607202, 0.417837822, 0.878084393, -0.23264712, -0.374389648, 0.399902344, 0.836669922, 0.827761451, -0.262419656, 0.49599172, 0, 0, 0, 0, 0, 0, 0, 0.186482617, 0.0552777832, -0.176804395, -0.0218407385, 0.579084716, -0.814955072, 0.166381836, -0.801513672, -0.57421875, -0.985710146, -0.148166579, -0.0787816378, 2, 1, 
114.597224, 0.1, 0.1, 0.142780744, 0.182525202, -0.0199595184, 0.93911689, -0.343597825, 3.93326207e-005, 0.343597825, 0.939116891, -6.24996712e-006, -3.47904533e-005, 1.93840526e-005, 0.999999999, 0.93911683, -0.343597989, 2.04046406e-005, 0.34359799, 0.939116831, -2.98540695e-006, -1.81365616e-005, 9.81463941e-006, 1, 0, 0, 0, 0, 0, 0, 0, 0.121052173, 0.0534504639, -0.20519187, 0.416182078, 0.87816789, -0.23528762, -0.373291016, 0.401123047, 0.836547852, 0.829012431, -0.260331817, 0.494926831, 0, 0, 0, 0, 0, 0, 0, 0.18636665, 0.0539379395, -0.177116992, -0.0237255615, 0.576720117, -0.81648845, 0.168823242, -0.802612305, -0.572021484, -0.985294535, -0.151360933, -0.0782063461, 2, 1, 
114.598178, 0.1, 0.1, 0.142780747, 0.182525201, -0.019958567, 0.939117052, -0.343597383, -2.79236601e-005, 0.343597382, 0.939117052, -3.42043114e-005, 3.79760973e-005, 2.25273556e-005, 0.999999999, 0.939117046, -0.343597398, -4.0701528e-005, 0.343597398, 0.939117047, -8.43587868e-006, 4.11220447e-005, -6.06266164e-006, 0.999999999, 0, 0, 0, 0, 0, 0, 0, 0.121052173, 0.0534504639, -0.20519187, 0.416182078, 0.87816789, -0.23528762, -0.373291016, 0.401123047, 0.836547852, 0.829012431, -0.260331817, 0.494926831, 0, 0, 0, 0, 0, 0, 0, 0.18636665, 0.0539379395, -0.177116992, -0.0237255615, 0.576720117, -0.81648845, 0.168823242, -0.802612305, -0.572021484, -0.985294535, -0.151360933, -0.0782063461, 2, 1, 
114.599361, 0.1, 0.1, 0.14278074, 0.182525197, -0.0199552795, 0.939116811, -0.343598042, 5.27310487e-006, 0.343598042, 0.939116811, 4.79088363e-006, -6.59819967e-006, -2.68737085e-006, 1, 0.939116892, -0.343597821, 2.99323353e-005, 0.34359782, 0.939116892, 3.16949211e-005, -3.90002675e-005, -1.94805506e-005, 0.999999999, 0, 0, 0, 0, 0, 0, 0, 0.121052173, 0.0534504639, -0.20519187, 0.416182078, 0.87816789, -0.23528762, -0.373291016, 0.401123047, 0.836547852, 0.829012431, -0.260331817, 0.494926831, 0, 0, 0, 0, 0, 0, 0, 0.18636665, 0.0539379395, -0.177116992, -0.0237255615, 0.576720117, -0.81648845, 0.168823242, -0.802612305, -0.572021484, -0.985294535, -0.151360933, -0.0782063461, 2, 1, 
114.60074, 0.1, 0.1, 0.142780749, 0.182525207, -0.0199444983, 0.939116494, -0.343598906, 4.39387864e-005, 0.343598905, 0.939116495, 4.04603671e-005, -5.5165777e-005, -2.28996792e-005, 0.999999998, 0.939116503, -0.343598885, -2.32506413e-005, 0.343598885, 0.939116503, 3.7076375e-006, 2.05611209e-005, -1.1470798e-005, 1, 0, 0, 0, 0, 0, 0, 0, 0.121052173, 0.0534504639, -0.20519187, 0.416182078, 0.87816789, -0.23528762, -0.373291016, 0.401123047, 0.836547852, 0.829012431, -0.260331817, 0.494926831, 0, 0, 0, 0, 0, 0, 0, 0.18636665, 0.0539379395, -0.177116992, -0.0237255615, 0.576720117, -0.81648845, 0.168823242, -0.802612305, -0.572021484, -0.985294535, -0.151360933, -0.0782063461, 2, 1, 
114.602183, 0.1, 0.1, 0.142780745, 0.182525203, -0.0199309009, 0.939116628, -0.343598533, -8.4498445e-005, 0.34359853, 0.939116632, -5.0840514e-005, 9.6822621e-005, 1.87116306e-005, 0.999999995, 0.939116618, -0.343598566, -5.78964527e-005, 0.343598566, 0.93911662, -1.61923303e-005, 5.99351824e-005, -4.68665166e-006, 0.999999998, 0, 0, 0, 0, 0, 0, 0, 0.120959888, 0.0519220703, -0.205726489, 0.414329384, 0.878689474, -0.237013756, -0.373657227, 0.401733398, 0.83605957, 0.829800236, -0.257818997, 0.49495304, 0, 0, 0, 0, 0, 0, 0, 0.186502246, 0.0528193848, -0.177451562, -0.0252716995, 0.574553478, -0.818041151, 0.172241211, -0.803344727, -0.569824219, -0.984597842, -0.155270937, -0.078615027, 2, 1, 
114.603559, 0.1, 0.1, 0.142780735, 0.182525188, -0.0199240869, 0.939116489, -0.343598916, 7.40436279e-005, 0.343598907, 0.939116489, 0.00010832602, -0.000106756295, -7.62894414e-005, 0.999999991, 0.939116585, -0.343598649, 8.64697557e-005, 0.343598641, 0.939116587, 9.65544765e-005, -0.00011438117, -6.09650197e-005, 0.999999992, 0, 0, 0, 0, 0, 0, 0, 0.120959888, 0.0519220703, -0.205726489, 0.414329384, 0.878689474, -0.237013756, -0.373657227, 0.401733398, 0.83605957, 0.829800236, -0.257818997, 0.49495304, 0, 0, 0, 0, 0, 0, 0, 0.186502246, 0.0528193848, -0.177451562, -0.0252716995, 0.574553478, -0.818041151, 0.172241211, -0.803344727, -0.569824219, -0.984597842, -0.155270937, -0.078615027, 2, 1, 
114.60493, 0.1, 0.1, 0.142780751, 0.182525197, -0.0199267, 0.939115965, -0.34360035, -5.2397521e-005, 0.343600351, 0.939115967, 3.06623201e-006, 4.81537902e-005, -2.0883354e-005, 0.999999999, 0.939116048, -0.343600119, -7.91207091e-005, 0.343600114, 0.939116051, -7.07442689e-005, 9.86112671e-005, 3.92511936e-005, 0.999999994, 0, 0, 0, 0, 0, 0, 0, 0.120959888, 0.0519220703, -0.205726489, 0.414329384, 0.878689474, -0.237013756, -0.373657227, 0.401733398, 0.83605957, 0.829800236, -0.257818997, 0.49495304, 0, 0, 0, 0, 0, 0, 0, 0.186502246, 0.0528193848, -0.177451562, -0.0252716995, 0.574553478, -0.818041151, 0.172241211, -0.803344727, -0.569824219, -0.984597842, -0.155270937, -0.078615027, 2, 1, 
114.606374, 0.1, 0.1, 0.142780733, 0.182525203, -0.0199361547, 0.939116378, -0.343599225, -3.56359204e-005, 0.343599222, 0.939116377, -7.60039742e-005, 5.95811831e-005, 5.91321024e-005, 0.999999996, 0.939116198, -0.343599714, 5.6681279e-005, 0.343599717, 0.939116196, -6.75715171e-005, -3.00127532e-005, 8.29331776e-005, 0.999999996, 0, 0, 0, 0, 0, 0, 0, 0.120838428, 0.050625708, -0.206238037, 0.411892948, 0.879369817, -0.238276718, -0.374267578, 0.401733398, 0.83581543, 0.83080409, -0.255084139, 0.494782298, 0, 0, 0, 0, 0, 0, 0, 0.186502246, 0.0528193848, -0.177451562, -0.0273034438, 0.572437878, -0.819376568, 0.176025391, -0.804077148, -0.567749023, -0.983952188, -0.159666548, -0.078755385, 2, 1, 
114.607753, 0.1, 0.1, 0.142780755, 0.182525171, -0.0199449422, 0.939117922, -0.343595005, 2.77995688e-005, 0.343595, 0.939117917, 0.000119645364, -6.72166227e-005, -0.000102809313, 0.999999992, 0.939117537, -0.343596058, -1.83677339e-005, 0.343596057, 0.939117527, 0.000137972611, -3.01573845e-005, -0.00013588358, 0.99999999, 0, 0, 0, 0, 0, 0, 0, 0.120838428, 0.050625708, -0.206238037, 0.411892948, 0.879369817, -0.238276718, -0.374267578, 0.401733398, 0.83581543, 0.83080409, -0.255084139, 0.494782298, 0, 0, 0, 0, 0, 0, 0, 0.186381396, 0.051470752, -0.177766113, -0.0273034438, 0.572437878, -0.819376568, 0.176025391, -0.804077148, -0.567749023, -0.983952188, -0.159666548, -0.078755385, 2, 1, 
114.609166, 0.1, 0.1, 0.142780745, 0.182525199, -0.0199496775, 0.939120408, -0.343588213, -5.52784743e-006, 0.343588209, 0.939120401, -0.000123871002, 4.77519305e-005, 0.000114430483, 0.999999992, 0.939119911, -0.343589569, -2.68652843e-006, 0.343589565, 0.939119902, -0.000143114097, 5.16954833e-005, 0.000133478235, 0.99999999, 0, 0, 0, 0, 0, 0, 0, 0.120838428, 0.050625708, -0.206238037, 0.411892948, 0.879369817, -0.238276718, -0.374267578, 0.401733398, 0.83581543, 0.83080409, -0.255084139, 0.494782298, 0, 0, 0, 0, 0, 0, 0, 0.186508691, 0.0501389648, -0.178082373, -0.0289709834, 0.570379881, -0.820699226, 0.179321289, -0.8046875, -0.565795898, -0.983268254, -0.163442391, -0.0790171447, 2, 1, 
114.610541, 0.1, 0.1, 0.142780735, 0.182525179, -0.0199480432, 0.939122731, -0.343581863, 2.69501285e-006, 0.343581862, 0.939122729, 6.61292454e-005, -2.52517572e-005, -6.117752e-005, 0.999999998, 0.939122318, -0.343582989, 3.19081883e-005, 0.343582985, 0.939122315, 9.96588881e-005, -6.42067903e-005, -8.26287754e-005, 0.999999995, 0, 0, 0, 0, 0, 0, 0, 0.120838428, 0.050625708, -0.206238037, 0.411892948, 0.879369817, -0.238276718, -0.374267578, 0.401733398, 0.83581543, 0.83080409, -0.255084139, 0.494782298, 0, 0, 0, 0, 0, 0, 0, 0.186508691, 0.0501389648, -0.178082373, -0.0289709834, 0.570379881, -0.820699226, 0.179321289, -0.8046875, -0.565795898, -0.983268254, -0.163442391, -0.0790171447, 2, 1, 
114.61195, 0.1, 0.1, 0.142780738, 0.182525213, -0.0199414597, 0.939124145, -0.343577992, 6.36661975e-005, 0.343577996, 0.939124143, -6.24040235e-005, -3.83498141e-005, 8.04794298e-005, 0.999999996, 0.939123941, -0.343578555, 1.16449908e-005, 0.343578553, 0.939123933, -0.000127269769, 3.27910736e-005, 0.000123523056, 0.999999992, 0, 0, 0, 0, 0, 0, 0, 0.120765796, 0.0490844971, -0.20700127, 0.410421051, 0.879675353, -0.240079238, -0.373901367, 0.40246582, 0.835571289, 0.831655175, -0.25315506, 0.494326237, 0, 0, 0, 0, 0, 0, 0, 0.186508691, 0.0501389648, -0.178082373, -0.0289709834, 0.570379881, -0.820699226, 0.179321289, -0.8046875, -0.565795898, -0.983268254, -0.163442391, -0.0790171447, 2, 1, 
114.613361, 0.1, 0.1, 0.142780759, 0.182525168, -0.0199345551, 0.939124081, -0.343578137, -0.00015574838, 0.343578153, 0.939124084, 9.03758946e-005, 0.000115215873, -0.00013838592, 0.999999984, 0.939124227, -0.343577748, -0.000130359013, 0.343577765, 0.93912422, 0.000141110666, 7.39408213e-005, -0.000177308903, 0.999999982, 0, 0, 0, 0, 0, 0, 0, 0.120765796, 0.0490844971, -0.20700127, 0.408809491, 0.879898513, -0.241703903, -0.374145508, 0.403320312, 0.835083008, 0.832404789, -0.25096575, 0.494212783, 0, 0, 0, 0, 0, 0, 0, 0.186508691, 0.0501389648, -0.178082373, -0.0289709834, 0.570379881, -0.820699226, 0.179321289, -0.8046875, -0.565795898, -0.983268254, -0.163442391, -0.0790171447, 2, 1, 
114.614767, 0.1, 0.1, 0.142780749, 0.182525193, -0.0199301758, 0.939122726, -0.34358186, 0.000101526672, 0.343581868, 0.939122726, -7.066469e-005, -7.10668997e-005, 0.00010124554, 0.999999992, 0.939123055, -0.343580958, 0.000114602504, 0.34358097, 0.939123052, -0.000103633335, -7.20194123e-005, 0.000136699694, 0.999999988, 0, 0, 0, 0, 0, 0, 0, 0.120685718, 0.0475398682, -0.207531128, 0.408809491, 0.879898513, -0.241703903, -0.374145508, 0.403320312, 0.835083008, 0.832404789, -0.25096575, 0.494212783, 0, 0, 0, 0, 0, 0, 0, 0.186394434, 0.0490387207, -0.178390088, -0.0308685663, 0.568443286, -0.822085683, 0.182250977, -0.805297852, -0.563964844, -0.982731242, -0.167205474, -0.0786718963, 2, 1, 
114.616147, 0.1, 0.1, 0.142780784, 0.182525158, -0.0199317273, 0.939121087, -0.343586343, -9.53844835e-005, 0.343586353, 0.939121081, 0.000113315685, 5.06438575e-005, -0.000139189956, 0.999999989, 0.939121374, -0.34358554, -0.000147605243, 0.343585559, 0.939121369, 0.000132404357, 9.31270158e-005, -0.000175058792, 0.99999998, 0, 0, 0, 0, 0, 0, 0, 0.120685718, 0.0475398682, -0.207531128, 0.408809491, 0.879898513, -0.241703903, -0.374145508, 0.403320312, 0.835083008, 0.832404789, -0.25096575, 0.494212783, 0, 0, 0, 0, 0, 0, 0, 0.186394434, 0.0490387207, -0.178390088, -0.0308685663, 0.568443286, -0.822085683, 0.182250977, -0.805297852, -0.563964844, -0.982731242, -0.167205474, -0.0786718963, 2, 1, 
114.617521, 0.1, 0.1, 0.142780765, 0.182525183, -0.0199376224, 0.939120403, -0.343588226, -1.63909333e-005, 0.343588221, 0.939120394, -0.000142538612, 6.43676486e-005, 0.000128229187, 0.99999999, 0.939120437, -0.343588127, 6.26035709e-005, 0.343588133, 0.939120427, -0.000137159354, -1.16659665e-005, 0.000150318997, 0.999999989, 0, 0, 0, 0, 0, 0, 0, 0.120685718, 0.0475398682, -0.207531128, 0.408809491, 0.879898513, -0.241703903, -0.374145508, 0.403320312, 0.835083008, 0.832404789, -0.25096575, 0.494212783, 0, 0, 0, 0, 0, 0, 0, 0.186394434, 0.0490387207, -0.178390088, -0.0308685663, 0.568443286, -0.822085683, 0.182250977, -0.805297852, -0.563964844, -0.982731242, -0.167205474, -0.0786718963, 2, 1, 
114.618969, 0.1, 0.1, 0.142780781, 0.182525167, -0.0199433209, 0.939121194, -0.343586061, 4.20036525e-005, 0.343586056, 0.939121192, 9.24641575e-005, -7.12159159e-005, -7.24031806e-005, 0.999999995, 0.939120944, -0.343586748, -1.6901048e-006, 0.343586746, 0.939120938, 0.000106227916, -3.49112914e-005, -0.000100341558, 0.999999994, 0, 0, 0, 0, 0, 0, 0, 0.120616504, 0.0459938965, -0.207849951, 0.40741997, 0.880102578, -0.243569702, -0.374145508, 0.404174805, 0.834594727, 0.832995643, -0.248897008, 0.494137521, 0, 0, 0, 0, 0, 0, 0, 0.186503418, 0.0474905273, -0.178687793, -0.0327661492, 0.566334249, -0.823363498, 0.184814453, -0.806152344, -0.562011719, -0.98219423, -0.17049571, -0.0781924865, 2, 1, 
114.620345, 0.1, 0.1, 0.142780771, 0.182525199, -0.0199456073, 0.939122937, -0.343581298, -1.69495803e-005, 0.343581294, 0.939122931, -0.000122077782, 5.78613825e-005, 0.000108822487, 0.999999992, 0.939122553, -0.34358235, -9.82303242e-006, 0.343582344, 0.939122542, -0.000151010531, 6.11095843e-005, 0.000138442375, 0.999999989, 0, 0, 0, 0, 0, 0, 0, 0.120616504, 0.0459938965, -0.207849951, 0.40741997, 0.880102578, -0.243569702, -0.374145508, 0.404174805, 0.834594727, 0.832995643, -0.248897008, 0.494137521, 0, 0, 0, 0, 0, 0, 0, 0.186503418, 0.0474905273, -0.178687793, -0.0327661492, 0.566334249, -0.823363498, 0.184814453, -0.806152344, -0.562011719, -0.98219423, -0.17049571, -0.0781924865, 2, 1, 
114.621715, 0.1, 0.1, 0.142780765, 0.182525168, -0.0199446654, 0.939124781, -0.343576258, 1.44715971e-007, 0.343576256, 0.939124776, 0.000102533265, -3.5363902e-005, -9.62418094e-005, 0.999999995, 0.939124448, -0.343577167, 2.50034633e-005, 0.343577161, 0.939124441, 0.000137855109, -7.08452314e-005, -0.000120872485, 0.99999999, 0, 0, 0, 0, 0, 0, 0, 0.120616504, 0.0459938965, -0.207849951, 0.40741997, 0.880102578, -0.243569702, -0.374145508, 0.404174805, 0.834594727, 0.832995643, -0.248897008, 0.494137521, 0, 0, 0, 0, 0, 0, 0, 0.186503418, 0.0474905273, -0.178687793, -0.0327661492, 0.566334249, -0.823363498, 0.184814453, -0.806152344, -0.562011719, -0.98219423, -0.17049571, -0.0781924865, 2, 1, 
114.623125, 0.1, 0.1, 0.142780759, 0.182525192, -0.0199410205, 0.939125771, -0.343573537, 0.000100282741, 0.343573543, 0.939125773, -5.06379987e-005, -7.67802299e-005, 8.20099461e-005, 0.999999994, 0.939125656, -0.343573866, 3.4272399e-005, 0.343573868, 0.939125649, -0.000112464102, 6.4536375e-006, 0.000117393024, 0.999999993, 0, 0, 0, 0, 0, 0, 0, 0.120616504, 0.0459938965, -0.207849951, 0.405021726, 0.880744729, -0.244947241, -0.374023438, 0.404174805, 0.834716797, 0.834240631, -0.246403284, 0.493243374, 0, 0, 0, 0, 0, 0, 0, 0.186503418, 0.0474905273, -0.178687793, -0.0327661492, 0.566334249, -0.823363498, 0.184814453, -0.806152344, -0.562011719, -0.98219423, -0.17049571, -0.0781924865, 2, 1, 
