time, realDorsalTactorPos, realVentralTactorPos, boxPosX, boxPosY, boxPosZ, boxLocalRot_11, boxLocalRot_12, boxLocalRot_13, boxLocalRot_21, boxLocalRot_22, boxLocalRot_23, boxLocalRot_31, boxLocalRot_32, boxLocalRot_33, boxGlobalRot_11, boxGlobalRot_12, boxGlobalRot_13, boxGlobalRot_21, boxGlobalRot_22, boxGlobalRot_23, boxGlobalRot_31, boxGlobalRot_32, boxGlobalRot_33, indexForceX, indexForceY, indexForceZ, indexForceGlobalX, indexForceGlobalY, indexForceGlobalZ, indexContact, indexPosX, indexPosY, indexPosZ, indexRot_11, indexRot_12, indexRot_13, indexRot_21, indexRot_22, indexRot_23, indexRot_31, indexRot_32, indexRot_33, thumbForceX, thumbForceY, thumbForceZ, thumbForceGlobalX, thumbForceGlobalY, thumbForceGlobalZ, thumbContact, thumbPosX, thumbPosY, thumbPosZ, thumbRot_11, thumbRot_12, thumbRot_13, thumbRot_21, thumbRot_22, thumbRot_23, thumbRot_31, thumbRot_32, thumbRot_33, mapping, trialSuccess, 
272.916478, 0.1, 0.1, 0.087212664, 0.190889485, -0.0199554798, 0.650175769, -0.75978383, 2.16853498e-005, 0.759783828, 0.650175769, 5.98317871e-005, -5.95585134e-005, -2.24250001e-005, 0.999999998, 0.650175868, -0.759783745, 4.11497412e-005, 0.759783743, 0.650175869, 5.97545092e-005, -7.21550735e-005, -7.58603549e-006, 0.999999997, 0, 0, 0, 0, 0, 0, 0, 0.154996045, -0.166598608, -0.141987964, -0.139961338, 0.883357901, -0.447207624, -0.498168945, 0.327392578, 0.802856445, 0.855671703, 0.335053657, 0.394518005, 0, 0, 0, 0, 0, 0, 0, 0.222197998, -0.143570215, -0.119424463, -0.274210834, 0.198482062, -0.940906654, 0.428955078, -0.850341797, -0.304443359, -0.860648065, -0.487048028, 0.147942315, 4, 1, 
272.962032, 0.1, 0.1, 0.0872126585, 0.190889496, -0.0199595442, 0.650154658, -0.759801896, -5.91020998e-006, 0.759801895, 0.650154658, -4.7181923e-005, 3.96914651e-005, 2.61849583e-005, 0.999999999, 0.65015505, -0.75980156, -2.18662767e-005, 0.75980156, 0.65015505, -2.3899206e-005, 3.23751243e-005, -1.07584164e-006, 0.999999999, 0, 0, 0, 0, 0, 0, 0, 0.166092749, -0.178314868, -0.135097998, -0.135825715, 0.880577354, -0.4537883, -0.528442383, 0.322998047, 0.78515625, 0.83808459, 0.346370142, 0.42163818, 0, 0, 0, 0, 0, 0, 0, 0.230175391, -0.156522852, -0.112972412, -0.275418287, 0.17040731, -0.946060558, 0.430053711, -0.858276367, -0.279785156, -0.859670289, -0.483861668, 0.163111685, 4, 1, 
272.96288, 0.1, 0.1, 0.0872126557, 0.190889492, -0.019961291, 0.650152723, -0.759803552, -3.35200053e-006, 0.75980355, 0.650152721, 7.45624283e-005, -5.44734856e-005, -5.10238276e-005, 0.999999997, 0.65015314, -0.759803194, 9.57491675e-006, 0.759803193, 0.650153139, 5.86718595e-005, -5.08042284e-005, -3.08706414e-005, 0.999999998, 0, 0, 0, 0, 0, 0, 0, 0.166092749, -0.178314868, -0.135097998, -0.135825715, 0.880577354, -0.4537883, -0.528442383, 0.322998047, 0.78515625, 0.83808459, 0.346370142, 0.42163818, 0, 0, 0, 0, 0, 0, 0, 0.230175391, -0.156522852, -0.112972412, -0.275418287, 0.17040731, -0.946060558, 0.430053711, -0.858276367, -0.279785156, -0.859670289, -0.483861668, 0.163111685, 4, 1, 
272.963726, 0.1, 0.1, 0.0872126593, 0.190889492, -0.0199635066, 0.650150531, -0.759805427, -5.98633703e-007, 0.759805426, 0.650150529, -6.48587733e-005, 4.966925e-005, 4.17131207e-005, 0.999999998, 0.650150993, -0.759805032, -1.38211923e-005, 0.75980503, 0.650150993, -4.52404123e-005, 4.33597548e-005, 1.89116875e-005, 0.999999999, 0, 0, 0, 0, 0, 0, 0, 0.166092749, -0.178314868, -0.135097998, -0.135825715, 0.880577354, -0.4537883, -0.528442383, 0.322998047, 0.78515625, 0.83808459, 0.346370142, 0.42163818, 0, 0, 0, 0, 0, 0, 0, 0.230175391, -0.156522852, -0.112972412, -0.275418287, 0.17040731, -0.946060558, 0.430053711, -0.858276367, -0.279785156, -0.859670289, -0.483861668, 0.163111685, 4, 1, 
272.964668, 0.1, 0.1, 0.0872126554, 0.190889491, -0.0199647756, 0.65014781, -0.759807755, -1.16931182e-006, 0.759807754, 0.650147809, 5.94958117e-005, -4.44451536e-005, -3.95695239e-005, 0.999999998, 0.650148388, -0.759807261, 1.20955839e-005, 0.75980726, 0.650148388, 4.392882e-005, -4.12413608e-005, -1.93699391e-005, 0.999999999, 0, 0, 0, 0, 0, 0, 0, 0.166081396, -0.178513086, -0.134818115, -0.135953395, 0.881034536, -0.452847726, -0.531005859, 0.321044922, 0.784179688, 0.836498117, 0.346915691, 0.424455414, 0, 0, 0, 0, 0, 0, 0, 0.230175391, -0.156522852, -0.112972412, -0.276670583, 0.17042007, -0.94568979, 0.42980957, -0.858154297, -0.280395508, -0.859433683, -0.48398307, 0.164255339, 4, 1, 
272.965513, 0.1, 0.1, 0.0872126581, 0.190889494, -0.0199644777, 0.650145187, -0.75981, 2.55026723e-006, 0.759809998, 0.650145185, -7.09291813e-005, 5.22346573e-005, 4.80519844e-005, 0.999999997, 0.650145729, -0.759809536, -1.02698445e-005, 0.759809535, 0.650145728, -5.33194654e-005, 4.71895338e-005, 2.68622969e-005, 0.999999999, 0, 0, 0, 0, 0, 0, 0, 0.166081396, -0.178513086, -0.134818115, -0.135953395, 0.881034536, -0.452847726, -0.531005859, 0.321044922, 0.784179688, 0.836498117, 0.346915691, 0.424455414, 0, 0, 0, 0, 0, 0, 0, 0.229874268, -0.156747803, -0.11314707, -0.276670583, 0.17042007, -0.94568979, 0.42980957, -0.858154297, -0.280395508, -0.859433683, -0.48398307, 0.164255339, 4, 1, 
272.966365, 0.1, 0.1, 0.087212654, 0.190889495, -0.0199636539, 0.650142381, -0.7598124, 1.61913581e-006, 0.759812399, 0.650142381, 5.05586944e-005, -3.94677918e-005, -3.16401105e-005, 0.999999999, 0.650142954, -0.75981191, 1.42583109e-005, 0.75981191, 0.650142954, 3.39360539e-005, -3.50549583e-005, -1.12296519e-005, 0.999999999, 0, 0, 0, 0, 0, 0, 0, 0.166081396, -0.178513086, -0.134818115, -0.135953395, 0.881034536, -0.452847726, -0.531005859, 0.321044922, 0.784179688, 0.836498117, 0.346915691, 0.424455414, 0, 0, 0, 0, 0, 0, 0, 0.229874268, -0.156747803, -0.11314707, -0.276670583, 0.17042007, -0.94568979, 0.42980957, -0.858154297, -0.280395508, -0.859433683, -0.48398307, 0.164255339, 4, 1, 
272.967265, 0.1, 0.1, 0.0872126572, 0.1908895, -0.0199619464, 0.650139267, -0.759815065, 2.08462315e-006, 0.759815063, 0.650139265, -8.11746991e-005, 6.03224639e-005, 5.43587874e-005, 0.999999997, 0.650139865, -0.759814554, -1.13517272e-005, 0.759814552, 0.650139864, -6.58912309e-005, 5.74453266e-005, 3.42133084e-005, 0.999999998, 0, 0, 0, 0, 0, 0, 0, 0.166081396, -0.178513086, -0.134818115, -0.135953395, 0.881034536, -0.452847726, -0.531005859, 0.321044922, 0.784179688, 0.836498117, 0.346915691, 0.424455414, 0, 0, 0, 0, 0, 0, 0, 0.229874268, -0.156747803, -0.11314707, -0.276670583, 0.17042007, -0.94568979, 0.42980957, -0.858154297, -0.280395508, -0.859433683, -0.48398307, 0.164255339, 4, 1, 
272.968348, 0.1, 0.1, 0.0872126552, 0.190889492, -0.0199587338, 0.650135225, -0.759818523, -1.99839271e-005, 0.759818521, 0.650135221, 9.99939735e-005, -6.29850184e-005, -8.01937624e-005, 0.999999995, 0.650136395, -0.759817523, 4.05355594e-006, 0.759817521, 0.650136393, 6.86185985e-005, -5.47729778e-005, -4.15314854e-005, 0.999999998, 0, 0, 0, 0, 0, 0, 0, 0.166081396, -0.178513086, -0.134818115, -0.135953395, 0.881034536, -0.452847726, -0.531005859, 0.321044922, 0.784179688, 0.836498117, 0.346915691, 0.424455414, 0, 0, 0, 0, 0, 0, 0, 0.229874268, -0.156747803, -0.11314707, -0.276670583, 0.17042007, -0.94568979, 0.42980957, -0.858154297, -0.280395508, -0.859433683, -0.48398307, 0.164255339, 4, 1, 
272.969888, 0.1, 0.1, 0.087212657, 0.190889488, -0.0199426698, 0.650128767, -0.759824049, 1.30352711e-005, 0.75982405, 0.650128767, -2.06803618e-005, 7.23883153e-006, 2.33494105e-005, 1, 0.650129964, -0.759823025, 3.46069995e-005, 0.759823026, 0.650129963, -2.15613963e-005, -6.116202e-006, 4.03129049e-005, 0.999999999, 0, 0, 0, 0, 0, 0, 0, 0.166105322, -0.179611719, -0.134338062, -0.135376767, 0.881352055, -0.452370326, -0.533813477, 0.319702148, 0.782836914, 0.834676501, 0.347359769, 0.4274696, 0, 0, 0, 0, 0, 0, 0, 0.230047949, -0.157436084, -0.113338574, -0.277584193, 0.170375227, -0.945376624, 0.430297852, -0.857788086, -0.280883789, -0.858915993, -0.484724239, 0.164779225, 4, 1, 
272.971279, 0.1, 0.1, 0.0872126573, 0.190889497, -0.0199274063, 0.650123002, -0.75982898, 5.28148212e-005, 0.759828982, 0.650122999, -6.81798388e-005, 1.74688874e-005, 8.44555133e-005, 0.999999996, 0.65012431, -0.759827863, 1.08235187e-005, 0.759827861, 0.650124307, -8.3919614e-005, 5.67278284e-005, 6.27821922e-005, 0.999999996, 0, 0, 0, 0, 0, 0, 0, 0.166105322, -0.179611719, -0.134338062, -0.135376767, 0.881352055, -0.452370326, -0.533813477, 0.319702148, 0.782836914, 0.834676501, 0.347359769, 0.4274696, 0, 0, 0, 0, 0, 0, 0, 0.230047949, -0.157436084, -0.113338574, -0.277584193, 0.170375227, -0.945376624, 0.430297852, -0.857788086, -0.280883789, -0.858915993, -0.484724239, 0.164779225, 4, 1, 
272.972732, 0.1, 0.1, 0.0872126463, 0.190889485, -0.0199188866, 0.650115596, -0.759835318, 1.60674965e-005, 0.759835318, 0.650115594, -6.14537333e-005, 3.6248987e-005, 5.21606818e-005, 0.999999998, 0.650117127, -0.759834008, -2.52766558e-005, 0.759834009, 0.650117127, 4.99495775e-006, 1.26374481e-005, -2.24533703e-005, 1, 0, 0, 0, 0, 0, 0, 0, 0.166105322, -0.179611719, -0.134338062, -0.135376767, 0.881352055, -0.452370326, -0.533813477, 0.319702148, 0.782836914, 0.834676501, 0.347359769, 0.4274696, 0, 0, 0, 0, 0, 0, 0, 0.230602344, -0.158435498, -0.112738916, -0.276005972, 0.168969447, -0.946137116, 0.431518555, -0.857666016, -0.279052734, -0.858750116, -0.485362963, 0.163840095, 4, 1, 
272.974213, 0.1, 0.1, 0.0872126441, 0.190889474, -0.0199223492, 0.650106717, -0.759842912, -6.66607186e-005, 0.759842914, 0.650106719, -1.05607389e-005, 5.13610837e-005, -4.37860673e-005, 0.999999998, 0.650108721, -0.759841201, -3.1007089e-005, 0.7598412, 0.650108718, 7.67570851e-005, -3.81652169e-005, -7.34609142e-005, 0.999999997, 0, 0, 0, 0, 0, 0, 0, 0.166105322, -0.179611719, -0.134338062, -0.135376767, 0.881352055, -0.452370326, -0.533813477, 0.319702148, 0.782836914, 0.834676501, 0.347359769, 0.4274696, 0, 0, 0, 0, 0, 0, 0, 0.230602344, -0.158435498, -0.112738916, -0.276005972, 0.168969447, -0.946137116, 0.431518555, -0.857666016, -0.279052734, -0.858750116, -0.485362963, 0.163840095, 4, 1, 
272.975625, 0.1, 0.1, 0.0872126459, 0.190889481, -0.0199322394, 0.650097107, -0.759851137, -3.30463398e-005, 0.759851137, 0.650097106, 4.61828451e-005, -1.36087575e-005, -5.51336329e-005, 0.999999998, 0.650099007, -0.759849512, -3.68187357e-006, 0.759849511, 0.650099006, 4.82653785e-005, -3.4280842e-005, -3.41749445e-005, 0.999999999, 0, 0, 0, 0, 0, 0, 0, 0.166555469, -0.180745752, -0.133706665, -0.13515585, 0.880895995, -0.453320639, -0.537841797, 0.318969727, 0.780395508, 0.832169673, 0.349162289, 0.430833505, 0, 0, 0, 0, 0, 0, 0, 0.230602344, -0.158435498, -0.112738916, -0.276005972, 0.168969447, -0.946137116, 0.431518555, -0.857666016, -0.279052734, -0.858750116, -0.485362963, 0.163840095, 4, 1, 
272.97713, 0.1, 0.1, 0.0872126455, 0.190889484, -0.0199441819, 0.650086397, -0.7598603, 1.15942265e-005, 0.759860298, 0.650086396, 6.31727283e-005, -5.55396972e-005, -3.2257739e-005, 0.999999998, 0.650088383, -0.7598586, 3.93464825e-005, 0.7598586, 0.650088384, 1.74249896e-005, -3.88192194e-005, 1.85699798e-005, 0.999999999, 0, 0, 0, 0, 0, 0, 0, 0.167127441, -0.182775195, -0.133103589, -0.132662126, 0.880540284, -0.454741239, -0.539428711, 0.320678711, 0.778564453, 0.831527522, 0.348477077, 0.432788793, 0, 0, 0, 0, 0, 0, 0, 0.230870264, -0.159354834, -0.112322461, -0.275239283, 0.168432802, -0.946463042, 0.431518555, -0.858032227, -0.278198242, -0.859037761, -0.484928396, 0.16343761, 4, 1, 
272.978536, 0.1, 0.1, 0.0872126434, 0.190889482, -0.019949736, 0.65007624, -0.759868989, 4.09272573e-005, 0.759868989, 0.650076241, 1.84333585e-005, -4.0612775e-005, 1.91162652e-005, 0.999999999, 0.650078312, -0.759867217, 2.30328137e-005, 0.759867217, 0.650078311, -2.95555325e-005, 7.48514761e-006, 3.67152907e-005, 0.999999999, 0, 0, 0, 0, 0, 0, 0, 0.167127441, -0.182775195, -0.133103589, -0.132662126, 0.880540284, -0.454741239, -0.539428711, 0.320678711, 0.778564453, 0.831527522, 0.348477077, 0.432788793, 0, 0, 0, 0, 0, 0, 0, 0.230870264, -0.159354834, -0.112322461, -0.275239283, 0.168432802, -0.946463042, 0.431518555, -0.858032227, -0.278198242, -0.859037761, -0.484928396, 0.16343761, 4, 1, 
272.979935, 0.1, 0.1, 0.0872126461, 0.190889478, -0.0199470654, 0.650066067, -0.759877693, 1.42020579e-005, 0.759877693, 0.650066066, -4.72489565e-005, 2.66711522e-005, 4.15067703e-005, 0.999999999, 0.650067566, -0.75987641, -5.13763675e-006, 0.759876409, 0.650067566, -4.83912511e-005, 4.01111812e-005, 2.75536138e-005, 0.999999999, 0, 0, 0, 0, 0, 0, 0, 0.167127441, -0.182775195, -0.133103589, -0.132662126, 0.880540284, -0.454741239, -0.539428711, 0.320678711, 0.778564453, 0.831527522, 0.348477077, 0.432788793, 0, 0, 0, 0, 0, 0, 0, 0.230870264, -0.159354834, -0.112322461, -0.275239283, 0.168432802, -0.946463042, 0.431518555, -0.858032227, -0.278198242, -0.859037761, -0.484928396, 0.16343761, 4, 1, 
272.980791, 0.1, 0.1, 0.0872126534, 0.190889474, -0.0199484391, 0.650059888, -0.759882975, -8.22100839e-005, 0.759882978, 0.650059889, 2.03361117e-005, 3.79884129e-005, -7.56897339e-005, 0.999999996, 0.650061135, -0.759881909, -7.30650107e-005, 0.759881912, 0.650061135, 2.59345507e-005, 2.77895279e-005, -7.23798235e-005, 0.999999997, 0, 0, 0, 0, 0, 0, 0, 0.167127441, -0.182775195, -0.133103589, -0.132662126, 0.880540284, -0.454741239, -0.539428711, 0.320678711, 0.778564453, 0.831527522, 0.348477077, 0.432788793, 0, 0, 0, 0, 0, 0, 0, 0.230870264, -0.159354834, -0.112322461, -0.275239283, 0.168432802, -0.946463042, 0.431518555, -0.858032227, -0.278198242, -0.859037761, -0.484928396, 0.16343761, 4, 1, 
272.98167, 0.1, 0.1, 0.0872126431, 0.190889471, -0.0199547783, 0.650054049, -0.759887966, 0.00011478872, 0.759887971, 0.650054053, 1.49901432e-006, -7.57579553e-005, 8.62521269e-005, 0.999999993, 0.650055209, -0.759886976, 9.92664896e-005, 0.759886979, 0.650055212, 6.43125459e-006, -6.94157255e-005, 7.12506423e-005, 0.999999995, 0, 0, 0, 0, 0, 0, 0, 0.168048584, -0.183176514, -0.13341665, -0.136381742, 0.881283906, -0.45220221, -0.541015625, 0.316162109, 0.779296875, 0.829891996, 0.350831137, 0.433993345, 0, 0, 0, 0, 0, 0, 0, 0.230870264, -0.159354834, -0.112322461, -0.276254972, 0.167595384, -0.946271278, 0.433959961, -0.856811523, -0.278442383, -0.857548859, -0.487471267, 0.163948736, 4, 1, 
272.982532, 0.1, 0.1, 0.0872126389, 0.190889471, -0.0199628353, 0.650049277, -0.759892053, -7.18778623e-005, 0.759892056, 0.650049278, 1.97256749e-005, 3.17347689e-005, -6.74420773e-005, 0.999999997, 0.650050097, -0.759891354, -4.0207813e-005, 0.759891354, 0.650050098, 3.79195378e-006, 2.32556199e-005, -3.30185294e-005, 0.999999999, 0, 0, 0, 0, 0, 0, 0, 0.168048584, -0.183176514, -0.13341665, -0.136381742, 0.881283906, -0.45220221, -0.541015625, 0.316162109, 0.779296875, 0.829891996, 0.350831137, 0.433993345, 0, 0, 0, 0, 0, 0, 0, 0.231727344, -0.159686963, -0.112075781, -0.276254972, 0.167595384, -0.946271278, 0.433959961, -0.856811523, -0.278442383, -0.857548859, -0.487471267, 0.163948736, 4, 1, 
272.983396, 0.1, 0.1, 0.0872126494, 0.190889459, -0.0199701812, 0.650045715, -0.759895104, 9.35713901e-006, 0.759895103, 0.650045715, 3.79728752e-005, -3.49379701e-005, -1.75736607e-005, 0.999999999, 0.650046306, -0.759894597, -1.8932625e-005, 0.759894597, 0.650046304, 5.87535889e-005, -3.23394519e-005, -5.25793529e-005, 0.999999998, 0, 0, 0, 0, 0, 0, 0, 0.168048584, -0.183176514, -0.13341665, -0.136381742, 0.881283906, -0.45220221, -0.541015625, 0.316162109, 0.779296875, 0.829891996, 0.350831137, 0.433993345, 0, 0, 0, 0, 0, 0, 0, 0.231727344, -0.159686963, -0.112075781, -0.276254972, 0.167595384, -0.946271278, 0.433959961, -0.856811523, -0.278442383, -0.857548859, -0.487471267, 0.163948736, 4, 1, 
272.984254, 0.1, 0.1, 0.0872126394, 0.190889472, -0.0199742599, 0.6500434, -0.759897083, 2.89104128e-005, 0.759897082, 0.650043397, -8.4705165e-005, 4.55741849e-005, 7.70309719e-005, 0.999999996, 0.65004379, -0.759896749, 3.78126336e-005, 0.759896749, 0.650043786, -8.34879423e-005, 3.88623485e-005, 8.30045158e-005, 0.999999996, 0, 0, 0, 0, 0, 0, 0, 0.168048584, -0.183176514, -0.13341665, -0.136381742, 0.881283906, -0.45220221, -0.541015625, 0.316162109, 0.779296875, 0.829891996, 0.350831137, 0.433993345, 0, 0, 0, 0, 0, 0, 0, 0.231727344, -0.159686963, -0.112075781, -0.276254972, 0.167595384, -0.946271278, 0.433959961, -0.856811523, -0.278442383, -0.857548859, -0.487471267, 0.163948736, 4, 1, 
272.985137, 0.1, 0.1, 0.0872126395, 0.190889472, -0.0199736812, 0.650041829, -0.759898428, -6.43402053e-006, 0.759898426, 0.650041827, 6.59122118e-005, -4.59042037e-005, -4.77348968e-005, 0.999999998, 0.650042064, -0.759898227, -8.5330468e-006, 0.759898226, 0.650042063, 4.3412849e-005, -2.74425076e-005, -3.47044251e-005, 0.999999999, 0, 0, 0, 0, 0, 0, 0, 0.168048584, -0.183176514, -0.13341665, -0.136381742, 0.881283906, -0.45220221, -0.541015625, 0.316162109, 0.779296875, 0.829891996, 0.350831137, 0.433993345, 0, 0, 0, 0, 0, 0, 0, 0.231727344, -0.159686963, -0.112075781, -0.276254972, 0.167595384, -0.946271278, 0.433959961, -0.856811523, -0.278442383, -0.857548859, -0.487471267, 0.163948736, 4, 1, 
272.986, 0.1, 0.1, 0.0872126386, 0.190889466, -0.0199689213, 0.65004082, -0.759899291, -1.65502376e-006, 0.75989929, 0.650040819, -4.48739883e-005, 3.51755449e-005, 2.79122728e-005, 0.999999999, 0.650040964, -0.759899168, 1.06644825e-005, 0.759899168, 0.650040964, -5.61828614e-006, -2.6630195e-006, 1.17560475e-005, 1, 0, 0, 0, 0, 0, 0, 0, 0.168048584, -0.183176514, -0.13341665, -0.136381742, 0.881283906, -0.45220221, -0.541015625, 0.316162109, 0.779296875, 0.829891996, 0.350831137, 0.433993345, 0, 0, 0, 0, 0, 0, 0, 0.231727344, -0.159686963, -0.112075781, -0.276254972, 0.167595384, -0.946271278, 0.433959961, -0.856811523, -0.278442383, -0.857548859, -0.487471267, 0.163948736, 4, 1, 
272.9869, 0.1, 0.1, 0.087212644, 0.190889476, -0.0199615939, 0.650040401, -0.759899649, 2.28169235e-006, 0.759899649, 0.650040401, 5.25042933e-007, -1.88217215e-006, 1.3925581e-006, 1, 0.65004043, -0.759899624, -3.01332515e-005, 0.759899624, 0.650040431, -2.42044453e-005, 3.79807807e-005, -7.1643785e-006, 0.999999999, 0, 0, 0, 0, 0, 0, 0, 0.16896167, -0.183380469, -0.133341577, -0.140215934, 0.881456892, -0.450830663, -0.543579102, 0.312133789, 0.779174805, 0.827533066, 0.354264313, 0.435629993, 0, 0, 0, 0, 0, 0, 0, 0.232674023, -0.160077197, -0.111667627, -0.275922483, 0.165908155, -0.946718605, 0.436889648, -0.85559082, -0.27734375, -0.856041001, -0.490103456, 0.163533492, 4, 1, 
272.987741, 0.1, 0.1, 0.0872126437, 0.190889475, -0.0199555305, 0.650040194, -0.759899826, -2.18981754e-005, 0.759899826, 0.650040194, -1.92013362e-005, 2.88257862e-005, -4.1587794e-006, 1, 0.650040226, -0.759899799, -8.93448516e-006, 0.759899799, 0.650040226, -1.59185645e-005, 1.79042887e-005, 3.55839382e-006, 1, 0, 0, 0, 0, 0, 0, 0, 0.16896167, -0.183380469, -0.133341577, -0.140215934, 0.881456892, -0.450830663, -0.543579102, 0.312133789, 0.779174805, 0.827533066, 0.354264313, 0.435629993, 0, 0, 0, 0, 0, 0, 0, 0.232674023, -0.160077197, -0.111667627, -0.275922483, 0.165908155, -0.946718605, 0.436889648, -0.85559082, -0.27734375, -0.856041001, -0.490103456, 0.163533492, 4, 1, 
272.98859, 0.1, 0.1, 0.0872126434, 0.190889476, -0.0199525086, 0.65004002, -0.759899976, 7.1103659e-006, 0.759899976, 0.65004002, -2.63216565e-006, -2.62183978e-006, 7.11417988e-006, 1, 0.65004005, -0.75989995, -3.73373485e-006, 0.75989995, 0.65004005, -1.16487646e-006, 3.31226675e-006, -2.08004858e-006, 1, 0, 0, 0, 0, 0, 0, 0, 0.16896167, -0.183380469, -0.133341577, -0.140215934, 0.881456892, -0.450830663, -0.543579102, 0.312133789, 0.779174805, 0.827533066, 0.354264313, 0.435629993, 0, 0, 0, 0, 0, 0, 0, 0.232674023, -0.160077197, -0.111667627, -0.275922483, 0.165908155, -0.946718605, 0.436889648, -0.85559082, -0.27734375, -0.856041001, -0.490103456, 0.163533492, 4, 1, 
272.989501, 0.1, 0.1, 0.0872126406, 0.190889474, -0.0199527178, 0.650039851, -0.75990012, 9.2350553e-006, 0.75990012, 0.650039851, 1.36672884e-005, -1.63889281e-005, -1.86656251e-006, 1, 0.650039876, -0.759900098, 2.53321022e-005, 0.759900098, 0.650039876, 1.81114569e-005, -3.02297745e-005, 7.47669775e-006, 1, 0, 0, 0, 0, 0, 0, 0, 0.170706055, -0.182276831, -0.132589697, -0.149351345, 0.880636503, -0.449527265, -0.551635742, 0.303100586, 0.776977539, 0.820575722, 0.363910829, 0.440738008, 0, 0, 0, 0, 0, 0, 0, 0.23414458, -0.159729248, -0.110860107, -0.275250943, 0.163542822, -0.947364259, 0.44543457, -0.85144043, -0.276489258, -0.85191991, -0.49796211, 0.161501748, 4, 1, 
272.990357, 0.1, 0.1, 0.0872126419, 0.190889476, -0.0199561961, 0.650039694, -0.759900254, 7.46721788e-006, 0.759900254, 0.650039694, 1.7549291e-006, -6.1875591e-006, 4.53356719e-006, 1, 0.650039718, -0.759900234, -2.04487133e-006, 0.759900234, 0.650039718, 2.63400043e-006, -6.72329964e-007, -3.26610309e-006, 1, 0, 0, 0, 0, 0, 0, 0, 0.170706055, -0.182276831, -0.132589697, -0.149351345, 0.880636503, -0.449527265, -0.551635742, 0.303100586, 0.776977539, 0.820575722, 0.363910829, 0.440738008, 0, 0, 0, 0, 0, 0, 0, 0.23414458, -0.159729248, -0.110860107, -0.275250943, 0.163542822, -0.947364259, 0.44543457, -0.85144043, -0.276489258, -0.85191991, -0.49796211, 0.161501748, 4, 1, 
272.991213, 0.1, 0.1, 0.0872126422, 0.190889476, -0.0199617384, 0.650039576, -0.759900355, 5.3047516e-006, 0.759900355, 0.650039576, 1.51043847e-005, -1.49261258e-005, -5.78736522e-006, 1, 0.650039607, -0.759900328, -1.56939632e-006, 0.759900328, 0.650039607, -4.59916565e-006, 4.51507725e-006, 1.79705505e-006, 1, 0, 0, 0, 0, 0, 0, 0, 0.170706055, -0.182276831, -0.132589697, -0.149351345, 0.880636503, -0.449527265, -0.551635742, 0.303100586, 0.776977539, 0.820575722, 0.363910829, 0.440738008, 0, 0, 0, 0, 0, 0, 0, 0.23414458, -0.159729248, -0.110860107, -0.275250943, 0.163542822, -0.947364259, 0.44543457, -0.85144043, -0.276489258, -0.85191991, -0.49796211, 0.161501748, 4, 1, 
272.992079, 0.1, 0.1, 0.0872126412, 0.190889478, -0.0199671646, 0.650039377, -0.759900525, 8.54372321e-006, 0.759900525, 0.650039376, -2.88167902e-005, 1.63441375e-005, 2.52244281e-005, 1, 0.650039441, -0.75990047, 1.61092601e-006, 0.75990047, 0.650039441, -2.91570113e-005, 2.11092612e-005, 2.01773508e-005, 1, 0, 0, 0, 0, 0, 0, 0, 0.170706055, -0.182276831, -0.132589697, -0.149351345, 0.880636503, -0.449527265, -0.551635742, 0.303100586, 0.776977539, 0.820575722, 0.363910829, 0.440738008, 0, 0, 0, 0, 0, 0, 0, 0.23414458, -0.159729248, -0.110860107, -0.275250943, 0.163542822, -0.947364259, 0.44543457, -0.85144043, -0.276489258, -0.85191991, -0.49796211, 0.161501748, 4, 1, 
272.992931, 0.1, 0.1, 0.0872126406, 0.190889478, -0.0199704701, 0.650038924, -0.759900912, 4.91115191e-006, 0.759900912, 0.650038924, -1.36126206e-005, 7.15180288e-006, 1.2580722e-005, 1, 0.650039019, -0.759900832, -2.60679323e-006, 0.759900832, 0.650039019, 3.03092428e-006, -6.08684563e-007, -3.95112339e-006, 1, 0, 0, 0, 0, 0, 0, 0, 0.170706055, -0.182276831, -0.132589697, -0.149351345, 0.880636503, -0.449527265, -0.551635742, 0.303100586, 0.776977539, 0.820575722, 0.363910829, 0.440738008, 0, 0, 0, 0, 0, 0, 0, 0.23414458, -0.159729248, -0.110860107, -0.275250943, 0.163542822, -0.947364259, 0.44543457, -0.85144043, -0.276489258, -0.85191991, -0.49796211, 0.161501748, 4, 1, 
272.99378, 0.1, 0.1, 0.0872126405, 0.190889477, -0.0199708299, 0.650038374, -0.759901383, -1.746162e-005, 0.759901383, 0.650038374, -3.48130205e-006, 1.39961693e-005, -1.10061293e-005, 1, 0.650038504, -0.759901272, -9.06619964e-006, 0.759901272, 0.650038504, 1.41168171e-005, -4.83400838e-006, -1.60658913e-005, 1, 0, 0, 0, 0, 0, 0, 0, 0.170706055, -0.182276831, -0.132589697, -0.149351345, 0.880636503, -0.449527265, -0.551635742, 0.303100586, 0.776977539, 0.820575722, 0.363910829, 0.440738008, 0, 0, 0, 0, 0, 0, 0, 0.23414458, -0.159729248, -0.110860107, -0.275250943, 0.163542822, -0.947364259, 0.44543457, -0.85144043, -0.276489258, -0.85191991, -0.49796211, 0.161501748, 4, 1, 
272.994663, 0.1, 0.1, 0.0872126419, 0.190889478, -0.0199677122, 0.650037499, -0.759902132, -1.71219623e-005, 0.759902132, 0.650037499, 1.24039748e-005, 1.70411067e-006, -2.10740644e-005, 1, 0.650037682, -0.759901976, -7.77025159e-006, 0.759901976, 0.650037682, 1.42282504e-005, -5.76111925e-006, -1.51535284e-005, 1, 0, 0, 0, 0, 0, 0, 0, 0.171645752, -0.182767261, -0.131296021, -0.152570717, 0.879471265, -0.450617242, -0.556640625, 0.300292969, 0.774536133, 0.81663631, 0.369039062, 0.444000442, 0, 0, 0, 0, 0, 0, 0, 0.234937598, -0.160574268, -0.109819092, -0.273787561, 0.161734191, -0.948086472, 0.448852539, -0.850219727, -0.274658203, -0.850661418, -0.500607059, 0.160198413, 4, 1, 
272.995507, 0.1, 0.1, 0.0872126423, 0.190889478, -0.0199632889, 0.65003666, -0.759902849, -1.40638373e-005, 0.75990285, 0.65003666, 1.07846726e-005, 9.46706361e-007, -1.76975826e-005, 1, 0.650036807, -0.759902724, -1.98695784e-006, 0.759902724, 0.650036807, -7.49269885e-006, 6.985318e-006, 3.36063536e-006, 1, 0, 0, 0, 0, 0, 0, 0, 0.171645752, -0.182767261, -0.131296021, -0.152570717, 0.879471265, -0.450617242, -0.556640625, 0.300292969, 0.774536133, 0.81663631, 0.369039062, 0.444000442, 0, 0, 0, 0, 0, 0, 0, 0.234937598, -0.160574268, -0.109819092, -0.273787561, 0.161734191, -0.948086472, 0.448852539, -0.850219727, -0.274658203, -0.850661418, -0.500607059, 0.160198413, 4, 1, 
272.996365, 0.1, 0.1, 0.0872126416, 0.190889477, -0.0199589805, 0.650036231, -0.759903216, -8.57734055e-006, 0.759903216, 0.650036231, -2.29532159e-005, 2.30178047e-005, 8.40247326e-006, 1, 0.650036272, -0.759903181, 4.07236052e-006, 0.759903181, 0.650036272, -2.13812233e-005, 1.36004776e-005, 1.69931704e-005, 1, 0, 0, 0, 0, 0, 0, 0, 0.171645752, -0.182767261, -0.131296021, -0.152570717, 0.879471265, -0.450617242, -0.556640625, 0.300292969, 0.774536133, 0.81663631, 0.369039062, 0.444000442, 0, 0, 0, 0, 0, 0, 0, 0.234937598, -0.160574268, -0.109819092, -0.273787561, 0.161734191, -0.948086472, 0.448852539, -0.850219727, -0.274658203, -0.850661418, -0.500607059, 0.160198413, 4, 1, 
272.997217, 0.1, 0.1, 0.0872126425, 0.190889477, -0.0199563829, 0.650036317, -0.759903143, 7.63733522e-007, 0.759903143, 0.650036317, -3.16810309e-005, 2.35780604e-005, 2.11741842e-005, 0.999999999, 0.650036258, -0.759903193, 1.18592877e-005, 0.759903193, 0.650036258, -7.06293043e-006, -2.34182359e-006, 1.36030714e-005, 1, 0, 0, 0, 0, 0, 0, 0, 0.171645752, -0.182767261, -0.131296021, -0.152570717, 0.879471265, -0.450617242, -0.556640625, 0.300292969, 0.774536133, 0.81663631, 0.369039062, 0.444000442, 0, 0, 0, 0, 0, 0, 0, 0.234937598, -0.160574268, -0.109819092, -0.273787561, 0.161734191, -0.948086472, 0.448852539, -0.850219727, -0.274658203, -0.850661418, -0.500607059, 0.160198413, 4, 1, 
272.998089, 0.1, 0.1, 0.0872126436, 0.190889477, -0.0199562299, 0.650036879, -0.759902662, 1.65006761e-005, 0.759902662, 0.650036879, -9.4321274e-006, -3.5585493e-006, 1.86701384e-005, 1, 0.650036736, -0.759902785, 2.5607344e-006, 0.759902784, 0.650036736, 1.43125442e-005, -1.25407136e-005, -7.35777031e-006, 1, 0, 0, 0, 0, 0, 0, 0, 0.171645752, -0.182767261, -0.131296021, -0.152570717, 0.879471265, -0.450617242, -0.556640625, 0.300292969, 0.774536133, 0.81663631, 0.369039062, 0.444000442, 0, 0, 0, 0, 0, 0, 0, 0.234937598, -0.160574268, -0.109819092, -0.273787561, 0.161734191, -0.948086472, 0.448852539, -0.850219727, -0.274658203, -0.850661418, -0.500607059, 0.160198413, 4, 1, 
272.999, 0.1, 0.1, 0.0872126439, 0.190889478, -0.0199580031, 0.65003794, -0.759901755, 9.67077273e-006, 0.759901754, 0.65003794, 2.25490741e-005, -2.34214501e-005, -7.3089165e-006, 1, 0.650037681, -0.759901976, -3.96434164e-006, 0.759901976, 0.65003768, 2.15241028e-005, -1.37792368e-005, -1.70039889e-005, 1, 0, 0, 0, 0, 0, 0, 0, 0.172193262, -0.182762378, -0.131195068, -0.159171969, 0.879270566, -0.448675058, -0.55859375, 0.294433594, 0.775390625, 0.813974088, 0.374014527, 0.444557973, 0, 0, 0, 0, 0, 0, 0, 0.234937598, -0.160574268, -0.109819092, -0.275876541, 0.160500486, -0.947607062, 0.451782227, -0.848510742, -0.275268555, -0.848303382, -0.50405078, 0.161476228, 4, 1, 
272.99985, 0.1, 0.1, 0.0872126425, 0.190889478, -0.0199606511, 0.65003927, -0.759900617, -1.07316586e-006, 0.759900617, 0.65003927, 2.62422455e-005, -1.92438986e-005, -1.78739895e-005, 1, 0.650038963, -0.75990088, -1.06650321e-005, 0.75990088, 0.650038963, 2.7947195e-006, 4.80897659e-006, -9.92104383e-006, 1, 0, 0, 0, 0, 0, 0, 0, 0.172193262, -0.182762378, -0.131195068, -0.159171969, 0.879270566, -0.448675058, -0.55859375, 0.294433594, 0.775390625, 0.813974088, 0.374014527, 0.444557973, 0, 0, 0, 0, 0, 0, 0, 0.235295459, -0.161174805, -0.109760498, -0.275876541, 0.160500486, -0.947607062, 0.451782227, -0.848510742, -0.275268555, -0.848303382, -0.50405078, 0.161476228, 4, 1, 
273.000687, 0.1, 0.1, 0.0872126413, 0.190889477, -0.0199638845, 0.650040818, -0.759899292, -1.37350845e-005, 0.759899292, 0.650040818, 5.71075425e-006, 4.58876744e-006, -1.41495043e-005, 1, 0.650040493, -0.759899571, -1.89360439e-006, 0.75989957, 0.650040493, -1.30416902e-005, 1.11412943e-005, 7.03867756e-006, 1, 0, 0, 0, 0, 0, 0, 0, 0.172193262, -0.182762378, -0.131195068, -0.159171969, 0.879270566, -0.448675058, -0.55859375, 0.294433594, 0.775390625, 0.813974088, 0.374014527, 0.444557973, 0, 0, 0, 0, 0, 0, 0, 0.235295459, -0.161174805, -0.109760498, -0.275876541, 0.160500486, -0.947607062, 0.451782227, -0.848510742, -0.275268555, -0.848303382, -0.50405078, 0.161476228, 4, 1, 
273.001581, 0.1, 0.1, 0.0872126405, 0.190889476, -0.0199661641, 0.650042686, -0.759897695, -4.85561037e-006, 0.759897695, 0.650042686, -1.55821854e-005, 1.49972208e-005, 6.43931851e-006, 1, 0.650042326, -0.759898003, 5.34920557e-006, 0.759898003, 0.650042326, -1.4739765e-005, 7.72350798e-006, 1.36463218e-005, 1, 0, 0, 0, 0, 0, 0, 0, 0.172957324, -0.18408291, -0.13178728, -0.161748068, 0.87960718, -0.44703242, -0.556518555, 0.292724609, 0.77746582, 0.81487647, 0.374579172, 0.442443926, 0, 0, 0, 0, 0, 0, 0, 0.235827979, -0.16236792, -0.10967334, -0.278336289, 0.159791032, -0.946974168, 0.452636719, -0.84777832, -0.276123047, -0.847088999, -0.505475516, 0.163629374, 4, 1, 
273.002427, 0.1, 0.1, 0.0872126409, 0.190889474, -0.0199668625, 0.650044592, -0.759896064, 1.16969803e-006, 0.759896064, 0.650044592, -1.89253886e-005, 1.36209725e-005, 1.31911955e-005, 1, 0.650044207, -0.759896394, 9.64597908e-006, 0.759896394, 0.650044207, -2.32239824e-007, -6.09383461e-006, 7.48091087e-006, 1, 0, 0, 0, 0, 0, 0, 0, 0.172957324, -0.18408291, -0.13178728, -0.161748068, 0.87960718, -0.44703242, -0.556518555, 0.292724609, 0.77746582, 0.81487647, 0.374579172, 0.442443926, 0, 0, 0, 0, 0, 0, 0, 0.235827979, -0.16236792, -0.10967334, -0.278336289, 0.159791032, -0.946974168, 0.452636719, -0.84777832, -0.276123047, -0.847088999, -0.505475516, 0.163629374, 4, 1, 
273.003277, 0.1, 0.1, 0.0872126419, 0.190889474, -0.019966169, 0.650046619, -0.75989433, 1.10945445e-005, 0.75989433, 0.650046619, -3.34875191e-006, -4.66727356e-006, 1.06075263e-005, 1, 0.650046208, -0.759894682, 6.8031856e-007, 0.759894682, 0.650046208, 1.54407572e-005, -1.21755878e-005, -9.5202352e-006, 1, 0, 0, 0, 0, 0, 0, 0, 0.172957324, -0.18408291, -0.13178728, -0.161748068, 0.87960718, -0.44703242, -0.556518555, 0.292724609, 0.77746582, 0.81487647, 0.374579172, 0.442443926, 0, 0, 0, 0, 0, 0, 0, 0.235827979, -0.16236792, -0.10967334, -0.278336289, 0.159791032, -0.946974168, 0.452636719, -0.84777832, -0.276123047, -0.847088999, -0.505475516, 0.163629374, 4, 1, 
273.004135, 0.1, 0.1, 0.087212643, 0.190889474, -0.0199642819, 0.650048786, -0.759892476, 2.59896277e-006, 0.759892476, 0.650048786, 1.77009096e-005, -1.51402406e-005, -9.53152251e-006, 1, 0.650048352, -0.759892848, -7.90314604e-006, 0.759892848, 0.650048352, 1.78585984e-005, -8.43319415e-006, -1.76144966e-005, 1, 0, 0, 0, 0, 0, 0, 0, 0.172957324, -0.18408291, -0.13178728, -0.161748068, 0.87960718, -0.44703242, -0.556518555, 0.292724609, 0.77746582, 0.81487647, 0.374579172, 0.442443926, 0, 0, 0, 0, 0, 0, 0, 0.235827979, -0.16236792, -0.10967334, -0.278336289, 0.159791032, -0.946974168, 0.452636719, -0.84777832, -0.276123047, -0.847088999, -0.505475516, 0.163629374, 4, 1, 
273.005013, 0.1, 0.1, 0.0872126436, 0.190889475, -0.0199617737, 0.650051128, -0.759890473, -7.9658151e-006, 0.759890473, 0.650051128, 2.61951843e-005, -1.47272839e-005, -2.30813561e-005, 1, 0.650050668, -0.759890866, -1.79849794e-005, 0.759890867, 0.650050668, 5.38236667e-006, 7.60113663e-006, -1.71654327e-005, 1, 0, 0, 0, 0, 0, 0, 0, 0.172957324, -0.18408291, -0.13178728, -0.161748068, 0.87960718, -0.44703242, -0.556518555, 0.292724609, 0.77746582, 0.81487647, 0.374579172, 0.442443926, 0, 0, 0, 0, 0, 0, 0, 0.235827979, -0.16236792, -0.10967334, -0.278336289, 0.159791032, -0.946974168, 0.452636719, -0.84777832, -0.276123047, -0.847088999, -0.505475516, 0.163629374, 4, 1, 
273.005887, 0.1, 0.1, 0.0872126434, 0.190889474, -0.0199595686, 0.650053595, -0.759888363, -1.78480494e-005, 0.759888363, 0.650053595, 7.24894364e-006, 6.09380074e-006, -1.82747269e-005, 1, 0.65005302, -0.759888855, -4.20184361e-006, 0.759888855, 0.65005302, -1.80763502e-005, 1.64674382e-005, 8.55765194e-006, 1, 0, 0, 0, 0, 0, 0, 0, 0.172957324, -0.18408291, -0.13178728, -0.164743157, 0.879880516, -0.44545306, -0.554931641, 0.290649414, 0.779418945, 0.815474437, 0.375524615, 0.440710677, 0, 0, 0, 0, 0, 0, 0, 0.235827979, -0.16236792, -0.10967334, -0.278336289, 0.159791032, -0.946974168, 0.452636719, -0.84777832, -0.276123047, -0.847088999, -0.505475516, 0.163629374, 4, 1, 
273.006747, 0.1, 0.1, 0.0872126418, 0.190889472, -0.0199581392, 0.650056191, -0.759886142, -1.46658296e-006, 0.759886142, 0.650056191, -1.90176037e-005, 1.54045748e-005, 1.1248075e-005, 1, 0.650055676, -0.759886582, 9.83010935e-006, 0.759886582, 0.650055676, -1.75571196e-005, 6.95130121e-006, 1.88828734e-005, 1, 0, 0, 0, 0, 0, 0, 0, 0.173252563, -0.184512549, -0.132381567, -0.164743157, 0.879880516, -0.44545306, -0.554931641, 0.290649414, 0.779418945, 0.815474437, 0.375524615, 0.440710677, 0, 0, 0, 0, 0, 0, 0, 0.235950635, -0.162686621, -0.109611328, -0.280335951, 0.159036737, -0.946520278, 0.454223633, -0.846679688, -0.276855469, -0.845580774, -0.507641422, 0.165149993, 4, 1, 
273.007599, 0.1, 0.1, 0.0872126407, 0.190889471, -0.0199585272, 0.650058882, -0.759883839, 1.06449379e-005, 0.759883839, 0.650058882, -2.55345848e-005, 1.24834819e-005, 2.46878999e-005, 1, 0.650058335, -0.759884307, 2.05164976e-005, 0.759884307, 0.650058336, -1.39844211e-006, -1.2274266e-005, 1.64992335e-005, 1, 0, 0, 0, 0, 0, 0, 0, 0.173252563, -0.184512549, -0.132381567, -0.164743157, 0.879880516, -0.44545306, -0.554931641, 0.290649414, 0.779418945, 0.815474437, 0.375524615, 0.440710677, 0, 0, 0, 0, 0, 0, 0, 0.235950635, -0.162686621, -0.109611328, -0.280335951, 0.159036737, -0.946520278, 0.454223633, -0.846679688, -0.276855469, -0.845580774, -0.507641422, 0.165149993, 4, 1, 
273.008477, 0.1, 0.1, 0.0872126401, 0.190889471, -0.019960194, 0.650061772, -0.759881368, 2.00277399e-005, 0.759881368, 0.650061772, -2.86106208e-006, -1.08452003e-005, 1.70785735e-005, 1, 0.650061224, -0.759881836, 8.44128593e-006, 0.759881836, 0.650061224, 1.87569205e-005, -1.97403958e-005, -5.77876683e-006, 1, 0, 0, 0, 0, 0, 0, 0, 0.173252563, -0.184512549, -0.132381567, -0.164743157, 0.879880516, -0.44545306, -0.554931641, 0.290649414, 0.779418945, 0.815474437, 0.375524615, 0.440710677, 0, 0, 0, 0, 0, 0, 0, 0.235950635, -0.162686621, -0.109611328, -0.280335951, 0.159036737, -0.946520278, 0.454223633, -0.846679688, -0.276855469, -0.845580774, -0.507641422, 0.165149993, 4, 1, 
273.009324, 0.1, 0.1, 0.08721264, 0.190889472, -0.019962493, 0.650064645, -0.75987891, 5.74485176e-006, 0.75987891, 0.650064645, 1.50087537e-005, -1.51393604e-005, -5.39126842e-006, 1, 0.650064078, -0.759879395, -4.25690124e-006, 0.759879395, 0.650064078, 1.48474351e-005, -8.51500145e-006, -1.28865158e-005, 1, 0, 0, 0, 0, 0, 0, 0, 0.173252563, -0.184512549, -0.132381567, -0.164743157, 0.879880516, -0.44545306, -0.554931641, 0.290649414, 0.779418945, 0.815474437, 0.375524615, 0.440710677, 0, 0, 0, 0, 0, 0, 0, 0.235950635, -0.162686621, -0.109611328, -0.280335951, 0.159036737, -0.946520278, 0.454223633, -0.846679688, -0.276855469, -0.845580774, -0.507641422, 0.165149993, 4, 1, 
273.010196, 0.1, 0.1, 0.08721264, 0.190889474, -0.019964633, 0.650067634, -0.759876353, -7.38995491e-006, 0.759876353, 0.650067634, 1.58709875e-005, -7.25601756e-006, -1.59326672e-005, 1, 0.650067061, -0.759876843, -1.55443048e-005, 0.759876843, 0.650067061, -3.88574802e-006, 1.30575305e-005, -9.28576043e-006, 1, 0, 0, 0, 0, 0, 0, 0, 0.173252563, -0.184512549, -0.132381567, -0.164743157, 0.879880516, -0.44545306, -0.554931641, 0.290649414, 0.779418945, 0.815474437, 0.375524615, 0.440710677, 0, 0, 0, 0, 0, 0, 0, 0.235950635, -0.162686621, -0.109611328, -0.280335951, 0.159036737, -0.946520278, 0.454223633, -0.846679688, -0.276855469, -0.845580774, -0.507641422, 0.165149993, 4, 1, 
273.01109, 0.1, 0.1, 0.0872126403, 0.190889475, -0.0199655076, 0.650070712, -0.759873719, -1.85786749e-005, 0.75987372, 0.650070712, 1.01529716e-008, 1.20697375e-005, -1.4124047e-005, 1, 0.650070139, -0.75987421, -8.49265372e-006, 0.759874209, 0.650070139, -1.93496791e-005, 2.02241427e-005, 6.12530002e-006, 1, 0, 0, 0, 0, 0, 0, 0, 0.173243042, -0.184938647, -0.132118286, -0.1649461, 0.880305498, -0.44464728, -0.554321289, 0.290161133, 0.780029297, 0.815753764, 0.375086529, 0.44033587, 0, 0, 0, 0, 0, 0, 0, 0.236030078, -0.162677344, -0.109749365, -0.28292986, 0.159700981, -0.945689423, 0.455078125, -0.845581055, -0.278930664, -0.84425775, -0.509290005, 0.166587489, 4, 1, 
273.011938, 0.1, 0.1, 0.0872126403, 0.190889475, -0.0199650737, 0.65007365, -0.759871206, -7.53712333e-006, 0.759871206, 0.65007365, -1.56598509e-005, 1.67991551e-005, 4.45281342e-006, 1, 0.650073034, -0.759871733, 2.42820079e-006, 0.759871733, 0.650073034, -1.62557281e-005, 1.07737604e-005, 1.24125316e-005, 1, 0, 0, 0, 0, 0, 0, 0, 0.173243042, -0.184938647, -0.132118286, -0.1649461, 0.880305498, -0.44464728, -0.554321289, 0.290161133, 0.780029297, 0.815753764, 0.375086529, 0.44033587, 0, 0, 0, 0, 0, 0, 0, 0.236030078, -0.162677344, -0.109749365, -0.28292986, 0.159700981, -0.945689423, 0.455078125, -0.845581055, -0.278930664, -0.84425775, -0.509290005, 0.166587489, 4, 1, 
273.012797, 0.1, 0.1, 0.0872126404, 0.190889473, -0.019963976, 0.650076549, -0.759868726, 4.62231459e-006, 0.759868726, 0.650076549, -1.68081829e-005, 9.7671542e-006, 1.44389578e-005, 1, 0.650075965, -0.759869225, 1.29442805e-005, 0.759869225, 0.650075965, 3.19307943e-006, -1.08410884e-005, 7.76021619e-006, 1, 0, 0, 0, 0, 0, 0, 0, 0.173243042, -0.184938647, -0.132118286, -0.1649461, 0.880305498, -0.44464728, -0.554321289, 0.290161133, 0.780029297, 0.815753764, 0.375086529, 0.44033587, 0, 0, 0, 0, 0, 0, 0, 0.236030078, -0.162677344, -0.109749365, -0.28292986, 0.159700981, -0.945689423, 0.455078125, -0.845581055, -0.278930664, -0.84425775, -0.509290005, 0.166587489, 4, 1, 
273.013658, 0.1, 0.1, 0.0872126405, 0.190889471, -0.0199621448, 0.650079628, -0.759866091, 1.70639e-005, 0.759866091, 0.650079628, 2.07541736e-006, -1.26699331e-005, 1.16170924e-005, 1, 0.650079049, -0.759866587, 5.43260372e-006, 0.759866586, 0.650079049, 2.3206421e-005, -2.11654058e-005, -1.09579541e-005, 1, 0, 0, 0, 0, 0, 0, 0, 0.173243042, -0.184938647, -0.132118286, -0.1649461, 0.880305498, -0.44464728, -0.554321289, 0.290161133, 0.780029297, 0.815753764, 0.375086529, 0.44033587, 0, 0, 0, 0, 0, 0, 0, 0.236030078, -0.162677344, -0.109749365, -0.28292986, 0.159700981, -0.945689423, 0.455078125, -0.845581055, -0.278930664, -0.84425775, -0.509290005, 0.166587489, 4, 1, 
