time, realDorsalTactorPos, realVentralTactorPos, boxPosX, boxPosY, boxPosZ, boxLocalRot_11, boxLocalRot_12, boxLocalRot_13, boxLocalRot_21, boxLocalRot_22, boxLocalRot_23, boxLocalRot_31, boxLocalRot_32, boxLocalRot_33, boxGlobalRot_11, boxGlobalRot_12, boxGlobalRot_13, boxGlobalRot_21, boxGlobalRot_22, boxGlobalRot_23, boxGlobalRot_31, boxGlobalRot_32, boxGlobalRot_33, indexForceX, indexForceY, indexForceZ, indexForceGlobalX, indexForceGlobalY, indexForceGlobalZ, indexContact, indexPosX, indexPosY, indexPosZ, indexRot_11, indexRot_12, indexRot_13, indexRot_21, indexRot_22, indexRot_23, indexRot_31, indexRot_32, indexRot_33, thumbForceX, thumbForceY, thumbForceZ, thumbForceGlobalX, thumbForceGlobalY, thumbForceGlobalZ, thumbContact, thumbPosX, thumbPosY, thumbPosZ, thumbRot_11, thumbRot_12, thumbRot_13, thumbRot_21, thumbRot_22, thumbRot_23, thumbRot_31, thumbRot_32, thumbRot_33, mapping, trialSuccess, 
69.4137763, 0.1, 0.1, 0.130902872, 0.188808095, -0.0199528524, 0.85661574, 4.68872379e-005, -0.515954912, 0.515954912, 1.08907631e-005, 0.856615741, 4.57834887e-005, -0.999999999, -1.48625016e-005, 0.856615698, 5.05511331e-005, -0.515954981, 0.515954981, 1.22373186e-005, 0.8566157, 4.96167998e-005, -0.999999999, -1.55994298e-005, 0, 0, 0, 0, 0, 0, 0, 0.0817320313, 0.0506289551, -0.160052246, -0.512847802, 0.846731129, -0.140764621, -0.464111328, -0.135498047, 0.875366211, 0.722174883, 0.514254251, 0.46277658, 0, 0, 0, 0, 0, 0, 0, 0.178485937, 0.0919196289, -0.149951123, -0.172770574, 0.688473577, -0.704249242, 0.313842773, -0.639160156, -0.701904297, -0.93357405, -0.342263385, -0.105564454, 1, 1, 
69.4286647, 0.1, 0.1, 0.130903178, 0.188807364, -0.0199715009, 0.856615763, 1.55526372e-005, -0.515954877, 0.515954877, -1.26805187e-005, 0.856615763, 6.78005874e-006, -1, -1.88867912e-005, 0.856615573, 9.07816429e-006, -0.515955192, 0.515955191, -5.45756408e-005, 0.856615572, -2.03820883e-005, -0.999999998, -5.14342698e-005, 0, 0, 0, 0, 0, 0, 0, 0.0846824219, 0.039618335, -0.163150537, -0.508108984, 0.84986476, -0.139501276, -0.453979492, -0.126708984, 0.881958008, 0.731806051, 0.511409686, 0.450464476, 0, 0, 0, 0, 0, 0, 0, 0.181371533, 0.0808992676, -0.151653467, -0.184884115, 0.681979491, -0.707424274, 0.322875977, -0.637817383, -0.69909668, -0.928096385, -0.357552324, -0.102215882, 1, 1, 
69.4295077, 0.1, 0.1, 0.13090319, 0.188807343, -0.019966966, 0.856616327, -3.46478311e-005, -0.515953939, 0.51595394, 4.09526916e-005, 0.856616326, -8.55019527e-006, -0.999999999, 5.29574292e-005, 0.856616248, -3.62042604e-005, -0.51595407, 0.515954071, 5.59795078e-005, 0.856616246, -2.13030279e-006, -0.999999998, 6.66326914e-005, 0, 0, 0, 0, 0, 0, 0, 0.0846824219, 0.039618335, -0.163150537, -0.508108984, 0.84986476, -0.139501276, -0.453979492, -0.126708984, 0.881958008, 0.731806051, 0.511409686, 0.450464476, 0, 0, 0, 0, 0, 0, 0, 0.181371533, 0.0808992676, -0.151653467, -0.184884115, 0.681979491, -0.707424274, 0.322875977, -0.637817383, -0.69909668, -0.928096385, -0.357552324, -0.102215882, 1, 1, 
69.4303656, 0.1, 0.1, 0.13090321, 0.188807305, -0.0199614401, 0.856616662, 9.34511655e-006, -0.515953384, 0.515953383, -3.97824618e-005, 0.856616661, -1.25207132e-005, -0.999999999, -3.88999641e-005, 0.856616577, 3.46717013e-005, -0.515953523, 0.515953524, -3.40725617e-005, 0.856616577, 1.21204958e-005, -0.999999999, -4.70761077e-005, 0, 0, 0, 0, 0, 0, 0, 0.0846824219, 0.039618335, -0.163150537, -0.508108984, 0.84986476, -0.139501276, -0.453979492, -0.126708984, 0.881958008, 0.731806051, 0.511409686, 0.450464476, 0, 0, 0, 0, 0, 0, 0, 0.181371533, 0.0808992676, -0.151653467, -0.184884115, 0.681979491, -0.707424274, 0.322875977, -0.637817383, -0.69909668, -0.928096385, -0.357552324, -0.102215882, 1, 1, 
69.4312979, 0.1, 0.1, 0.130903223, 0.188807277, -0.0199553045, 0.85661737, -3.64570409e-006, -0.515952208, 0.515952208, 3.85412258e-005, 0.85661737, 1.67624571e-005, -0.999999999, 3.48960926e-005, 0.856617225, -4.81174061e-006, -0.515952449, 0.515952448, 5.89781125e-005, 0.856617224, 2.63080817e-005, -0.999999998, 5.30042964e-005, 0, 0, 0, 0, 0, 0, 0, 0.0854421143, 0.0372000244, -0.163653052, -0.506458111, 0.850632348, -0.140466937, -0.45300293, -0.123779297, 0.8828125, 0.733645641, 0.510793744, 0.448269175, 0, 0, 0, 0, 0, 0, 0, 0.182243262, 0.078293457, -0.151756494, -0.18545904, 0.680349864, -0.708855573, 0.324829102, -0.638427734, -0.697631836, -0.927297613, -0.359564745, -0.102611803, 1, 1, 
69.4321463, 0.1, 0.1, 0.130903239, 0.188807243, -0.0199526306, 0.856618029, 2.02026448e-005, -0.515951113, 0.515951113, 1.98086918e-005, 0.85661803, 2.75262664e-005, -1, 6.54490545e-006, 0.856617909, 1.4475951e-005, -0.515951313, 0.515951313, 1.4293951e-005, 0.856617909, 1.97753417e-005, -1, 4.77556846e-006, 0, 0, 0, 0, 0, 0, 0, 0.0854421143, 0.0372000244, -0.163653052, -0.506458111, 0.850632348, -0.140466937, -0.45300293, -0.123779297, 0.8828125, 0.733645641, 0.510793744, 0.448269175, 0, 0, 0, 0, 0, 0, 0, 0.182243262, 0.078293457, -0.151756494, -0.18545904, 0.680349864, -0.708855573, 0.324829102, -0.638427734, -0.697631836, -0.927297613, -0.359564745, -0.102611803, 1, 1, 
69.4330469, 0.1, 0.1, 0.130903255, 0.18880721, -0.0199537305, 0.856618777, 1.83234859e-005, -0.515949873, 0.515949873, 6.40379458e-006, 0.856618777, 1.9000279e-005, -1, -3.96838952e-006, 0.8566186, -1.66205871e-005, -0.515950167, 0.515950167, 7.01241314e-006, 0.8566186, -1.06194483e-005, -1, 1.45823582e-005, 0, 0, 0, 0, 0, 0, 0, 0.0854421143, 0.0372000244, -0.163653052, -0.506458111, 0.850632348, -0.140466937, -0.45300293, -0.123779297, 0.8828125, 0.733645641, 0.510793744, 0.448269175, 0, 0, 0, 0, 0, 0, 0, 0.182243262, 0.078293457, -0.151756494, -0.18545904, 0.680349864, -0.708855573, 0.324829102, -0.638427734, -0.697631836, -0.927297613, -0.359564745, -0.102611803, 1, 1, 
69.4338992, 0.1, 0.1, 0.130903269, 0.188807179, -0.0199572732, 0.85661937, -1.14115254e-005, -0.515948887, 0.515948887, -6.69414237e-006, 0.85661937, -1.3229169e-005, -1, 1.53431809e-007, 0.856619281, -1.74034184e-005, -0.515949035, 0.515949035, -1.06979221e-005, 0.856619281, -2.04276864e-005, -1, -1.84769393e-007, 0, 0, 0, 0, 0, 0, 0, 0.0854421143, 0.0372000244, -0.163653052, -0.506458111, 0.850632348, -0.140466937, -0.45300293, -0.123779297, 0.8828125, 0.733645641, 0.510793744, 0.448269175, 0, 0, 0, 0, 0, 0, 0, 0.182243262, 0.078293457, -0.151756494, -0.18545904, 0.680349864, -0.708855573, 0.324829102, -0.638427734, -0.697631836, -0.927297613, -0.359564745, -0.102611803, 1, 1, 
69.4347405, 0.1, 0.1, 0.130903284, 0.188807146, -0.0199625051, 0.856619731, -1.33889429e-005, -0.515948288, 0.515948288, -2.16476732e-005, 0.856619731, -2.26383126e-005, -1, -1.16358218e-005, 0.856619684, -1.37175876e-005, -0.515948366, 0.515948366, -6.53064645e-006, 0.856619684, -1.51202319e-005, -1, 1.48328661e-006, 0, 0, 0, 0, 0, 0, 0, 0.0854421143, 0.0372000244, -0.163653052, -0.506458111, 0.850632348, -0.140466937, -0.45300293, -0.123779297, 0.8828125, 0.733645641, 0.510793744, 0.448269175, 0, 0, 0, 0, 0, 0, 0, 0.182243262, 0.078293457, -0.151756494, -0.18545904, 0.680349864, -0.708855573, 0.324829102, -0.638427734, -0.697631836, -0.927297613, -0.359564745, -0.102611803, 1, 1, 
69.4356751, 0.1, 0.1, 0.1309033, 0.18880711, -0.0199673836, 0.85661997, -1.04369655e-005, -0.515947892, 0.515947891, -1.68886388e-005, 0.85661997, -1.76541706e-005, -1, -9.0822149e-006, 0.85661991, 8.11256419e-006, -0.515947991, 0.515947991, -7.63743061e-006, 0.85661991, 3.00886703e-006, -1, -1.07280363e-005, 0, 0, 0, 0, 0, 0, 0, 0.0859514648, 0.0347721924, -0.164150806, -0.505327699, 0.851196993, -0.141331127, -0.451538086, -0.121337891, 0.883911133, 0.73532048, 0.51045713, 0.44593421, 0, 0, 0, 0, 0, 0, 0, 0.182243262, 0.078293457, -0.151756494, -0.186934815, 0.678835076, -0.71003131, 0.327636719, -0.638305664, -0.696411133, -0.926102553, -0.362669781, -0.103103606, 1, 1, 
69.436525, 0.1, 0.1, 0.130903313, 0.188807079, -0.0199691416, 0.856620293, 5.43742039e-007, -0.515947356, 0.515947356, 9.89737533e-006, 0.856620292, 5.5723051e-006, -1, 8.19775028e-006, 0.856620236, 1.14650002e-005, -0.51594745, 0.51594745, 1.92291725e-006, 0.856620236, 1.08132754e-005, -1, -4.26812777e-006, 0, 0, 0, 0, 0, 0, 0, 0.0859514648, 0.0347721924, -0.164150806, -0.505327699, 0.851196993, -0.141331127, -0.451538086, -0.121337891, 0.883911133, 0.73532048, 0.51045713, 0.44593421, 0, 0, 0, 0, 0, 0, 0, 0.182840479, 0.07611875, -0.152067871, -0.186934815, 0.678835076, -0.71003131, 0.327636719, -0.638305664, -0.696411133, -0.926102553, -0.362669781, -0.103103606, 1, 1, 
69.4373685, 0.1, 0.1, 0.130903327, 0.18880705, -0.0199686296, 0.856620453, 1.08038229e-005, -0.51594709, 0.51594709, 1.91179923e-005, 0.856620453, 1.91186482e-005, -1, 1.08026622e-005, 0.856620426, 5.30082084e-006, -0.515947135, 0.515947135, 1.54566203e-005, 0.856620426, 1.25155904e-005, -1, 1.05055134e-005, 0, 0, 0, 0, 0, 0, 0, 0.0859514648, 0.0347721924, -0.164150806, -0.505327699, 0.851196993, -0.141331127, -0.451538086, -0.121337891, 0.883911133, 0.73532048, 0.51045713, 0.44593421, 0, 0, 0, 0, 0, 0, 0, 0.182840479, 0.07611875, -0.152067871, -0.186934815, 0.678835076, -0.71003131, 0.327636719, -0.638305664, -0.696411133, -0.926102553, -0.362669781, -0.103103606, 1, 1, 
69.4382696, 0.1, 0.1, 0.130903341, 0.188807019, -0.0199654246, 0.856620704, 1.32768703e-005, -0.515946673, 0.515946673, 8.57734218e-006, 0.856620704, 1.57986931e-005, -1, 4.97371862e-007, 0.856620646, -1.13619711e-005, -0.51594677, 0.51594677, 9.63849973e-006, 0.856620646, -4.75994623e-006, -1, 1.41187102e-005, 0, 0, 0, 0, 0, 0, 0, 0.0859514648, 0.0347721924, -0.164150806, -0.505327699, 0.851196993, -0.141331127, -0.451538086, -0.121337891, 0.883911133, 0.73532048, 0.51045713, 0.44593421, 0, 0, 0, 0, 0, 0, 0, 0.182840479, 0.07611875, -0.152067871, -0.186934815, 0.678835076, -0.71003131, 0.327636719, -0.638305664, -0.696411133, -0.926102553, -0.362669781, -0.103103606, 1, 1, 
69.4391178, 0.1, 0.1, 0.130903357, 0.188806987, -0.0199615926, 0.856621185, -1.32535574e-005, -0.515945874, 0.515945874, 1.58829596e-005, 0.856621185, -3.15853057e-006, -1, 2.04437979e-005, 0.856621067, -3.95266958e-006, -0.515946071, 0.515946071, -1.69684428e-005, 0.856621067, -1.21407414e-005, -1, -1.24961612e-005, 0, 0, 0, 0, 0, 0, 0, 0.0859514648, 0.0347721924, -0.164150806, -0.505327699, 0.851196993, -0.141331127, -0.451538086, -0.121337891, 0.883911133, 0.73532048, 0.51045713, 0.44593421, 0, 0, 0, 0, 0, 0, 0, 0.182840479, 0.07611875, -0.152067871, -0.186934815, 0.678835076, -0.71003131, 0.327636719, -0.638305664, -0.696411133, -0.926102553, -0.362669781, -0.103103606, 1, 1, 
69.4399762, 0.1, 0.1, 0.130903371, 0.188806961, -0.0199585177, 0.856621891, 3.2561631e-006, -0.515944702, 0.515944702, -2.91161986e-005, 0.856621891, -1.22330478e-005, -1, -2.66215732e-005, 0.856621748, 1.7364603e-006, -0.515944939, 0.515944939, -1.21001235e-005, 0.856621748, -4.75550784e-006, -1, -1.12611469e-005, 0, 0, 0, 0, 0, 0, 0, 0.0859514648, 0.0347721924, -0.164150806, -0.505327699, 0.851196993, -0.141331127, -0.451538086, -0.121337891, 0.883911133, 0.73532048, 0.51045713, 0.44593421, 0, 0, 0, 0, 0, 0, 0, 0.182840479, 0.07611875, -0.152067871, -0.186934815, 0.678835076, -0.71003131, 0.327636719, -0.638305664, -0.696411133, -0.926102553, -0.362669781, -0.103103606, 1, 1, 
69.4409099, 0.1, 0.1, 0.130903387, 0.188806936, -0.0199558877, 0.856622405, -2.75934335e-005, -0.515943848, 0.515943849, 3.97522764e-005, 0.856622404, -3.12721092e-006, -0.999999999, 4.82893529e-005, 0.856622349, -6.53637091e-006, -0.515943941, 0.515943941, 5.69050793e-005, 0.856622348, 2.37606295e-005, -0.999999998, 5.21185637e-005, 0, 0, 0, 0, 0, 0, 0, 0.0867300781, 0.0323681641, -0.164634277, -0.50334021, 0.852268995, -0.141890903, -0.449951172, -0.118286133, 0.885131836, 0.737724716, 0.509422198, 0.443180256, 0, 0, 0, 0, 0, 0, 0, 0.183692432, 0.0737359375, -0.152151123, -0.187912225, 0.67739065, -0.711060125, 0.330200195, -0.638183594, -0.6953125, -0.924977856, -0.36527645, -0.103825453, 1, 1, 
69.441756, 0.1, 0.1, 0.130903403, 0.188806906, -0.0199559359, 0.856622409, 2.16571935e-005, -0.515943841, 0.515943842, -1.31027329e-006, 0.856622409, 1.78760098e-005, -1, -1.22963051e-005, 0.856622428, 3.8555387e-005, -0.51594381, 0.51594381, -1.04732251e-005, 0.856622428, 2.76238136e-005, -0.999999999, -2.88640128e-005, 0, 0, 0, 0, 0, 0, 0, 0.0867300781, 0.0323681641, -0.164634277, -0.50334021, 0.852268995, -0.141890903, -0.449951172, -0.118286133, 0.885131836, 0.737724716, 0.509422198, 0.443180256, 0, 0, 0, 0, 0, 0, 0, 0.183692432, 0.0737359375, -0.152151123, -0.187912225, 0.67739065, -0.711060125, 0.330200195, -0.638183594, -0.6953125, -0.924977856, -0.36527645, -0.103825453, 1, 1, 
69.4426616, 0.1, 0.1, 0.130903414, 0.18880688, -0.0199580691, 0.856622344, 2.73211705e-005, -0.51594395, 0.51594395, -1.24691758e-005, 0.856622344, 1.69705293e-005, -1, -2.47775672e-005, 0.856622331, 3.23780808e-006, -0.515943972, 0.515943972, 1.62200973e-005, 0.856622331, 1.11422401e-005, -1, 1.222397e-005, 0, 0, 0, 0, 0, 0, 0, 0.0867300781, 0.0323681641, -0.164634277, -0.50334021, 0.852268995, -0.141890903, -0.449951172, -0.118286133, 0.885131836, 0.737724716, 0.509422198, 0.443180256, 0, 0, 0, 0, 0, 0, 0, 0.183692432, 0.0737359375, -0.152151123, -0.187912225, 0.67739065, -0.711060125, 0.330200195, -0.638183594, -0.6953125, -0.924977856, -0.36527645, -0.103825453, 1, 1, 
69.4435418, 0.1, 0.1, 0.130903427, 0.188806845, -0.0199609356, 0.85662265, -7.02323868e-006, -0.515943443, 0.515943443, 1.44390164e-005, 0.856622649, 1.43345053e-006, -1, 1.59923825e-005, 0.856622558, -1.90228124e-005, -0.515943595, 0.515943595, -9.05827911e-006, 0.856622558, -2.09689313e-005, -1, 2.05517202e-006, 0, 0, 0, 0, 0, 0, 0, 0.0867300781, 0.0323681641, -0.164634277, -0.50334021, 0.852268995, -0.141890903, -0.449951172, -0.118286133, 0.885131836, 0.737724716, 0.509422198, 0.443180256, 0, 0, 0, 0, 0, 0, 0, 0.18456416, 0.0711367187, -0.15224585, -0.18848715, 0.675895185, -0.712370023, 0.332275391, -0.638671875, -0.693847656, -0.924179084, -0.367397513, -0.104208614, 1, 1, 
69.4443858, 0.1, 0.1, 0.130903437, 0.188806817, -0.019964187, 0.85662318, -1.80411316e-005, -0.515942561, 0.515942561, 1.51541093e-008, 0.856623181, -1.54466329e-005, -1, 9.32116901e-006, 0.856623063, -2.60827319e-005, -0.515942755, 0.515942755, -3.23355726e-006, 0.856623064, -2.40114002e-005, -1, 1.06872568e-005, 0, 0, 0, 0, 0, 0, 0, 0.0867300781, 0.0323681641, -0.164634277, -0.50334021, 0.852268995, -0.141890903, -0.449951172, -0.118286133, 0.885131836, 0.737724716, 0.509422198, 0.443180256, 0, 0, 0, 0, 0, 0, 0, 0.18456416, 0.0711367187, -0.15224585, -0.18848715, 0.675895185, -0.712370023, 0.332275391, -0.638671875, -0.693847656, -0.924179084, -0.367397513, -0.104208614, 1, 1, 
69.4453039, 0.1, 0.1, 0.130903451, 0.188806787, -0.019966546, 0.856623714, -7.86466757e-006, -0.515941675, 0.515941675, -1.94599979e-005, 0.856623714, -1.67772847e-005, -1, -1.2612186e-005, 0.856623621, -1.19732895e-005, -0.515941829, 0.515941829, -1.91945289e-006, 0.856623621, -1.12469286e-005, -1, 4.5332722e-006, 0, 0, 0, 0, 0, 0, 0, 0.0867300781, 0.0323681641, -0.164634277, -0.501486394, 0.853036583, -0.143560872, -0.44934082, -0.114990234, 0.885864258, 0.739284979, 0.508806256, 0.441220098, 0, 0, 0, 0, 0, 0, 0, 0.18456416, 0.0711367187, -0.15224585, -0.18848715, 0.675895185, -0.712370023, 0.332275391, -0.638671875, -0.693847656, -0.924179084, -0.367397513, -0.104208614, 1, 1, 
69.4461505, 0.1, 0.1, 0.130903463, 0.188806764, -0.0199666088, 0.856623927, -1.78192092e-005, -0.515941321, 0.515941321, 2.22338127e-005, 0.856623927, -3.79301826e-006, -1, 2.82396823e-005, 0.856623909, -4.88129331e-006, -0.515941352, 0.515941352, 3.48122201e-005, 0.856623908, 1.37796313e-005, -0.999999999, 3.23394411e-005, 0, 0, 0, 0, 0, 0, 0, 0.087499292, 0.0299498535, -0.164948828, -0.501486394, 0.853036583, -0.143560872, -0.44934082, -0.114990234, 0.885864258, 0.739284979, 0.508806256, 0.441220098, 0, 0, 0, 0, 0, 0, 0, 0.18456416, 0.0711367187, -0.15224585, -0.18848715, 0.675895185, -0.712370023, 0.332275391, -0.638671875, -0.693847656, -0.924179084, -0.367397513, -0.104208614, 1, 1, 
69.44699, 0.1, 0.1, 0.13090348, 0.188806736, -0.0199655129, 0.856623831, 2.73365986e-005, -0.51594148, 0.51594148, -5.89133369e-006, 0.856623831, 2.03775984e-005, -1, -1.9150742e-005, 0.856623866, 3.95269885e-005, -0.515941422, 0.515941423, -1.39245396e-005, 0.856623866, 2.66755149e-005, -0.999999999, -3.23217036e-005, 0, 0, 0, 0, 0, 0, 0, 0.087499292, 0.0299498535, -0.164948828, -0.501486394, 0.853036583, -0.143560872, -0.44934082, -0.114990234, 0.885864258, 0.739284979, 0.508806256, 0.441220098, 0, 0, 0, 0, 0, 0, 0, 0.18456416, 0.0711367187, -0.15224585, -0.18848715, 0.675895185, -0.712370023, 0.332275391, -0.638671875, -0.693847656, -0.924179084, -0.367397513, -0.104208614, 1, 1, 
69.4479443, 0.1, 0.1, 0.130903484, 0.188806703, -0.0199625505, 0.856623416, -2.81802357e-005, -0.515942169, 0.515942169, -2.18975246e-005, 0.856623417, -3.54377062e-005, -0.999999999, -4.21856045e-006, 0.856623526, -4.37492407e-005, -0.515941985, 0.515941984, -2.96175345e-005, 0.856623528, -5.27575585e-005, -0.999999999, -2.79900681e-006, 0, 0, 0, 0, 0, 0, 0, 0.088427417, 0.0277357422, -0.165212598, -0.500851356, 0.853398286, -0.144272294, -0.448608398, -0.11340332, 0.886474609, 0.740173134, 0.508748968, 0.439849673, 0, 0, 0, 0, 0, 0, 0, 0.18456416, 0.0711367187, -0.15224585, -0.189867044, 0.674648719, -0.713130515, 0.335449219, -0.638061523, -0.692871094, -0.922728462, -0.370719833, -0.105147744, 1, 1, 
69.4487922, 0.1, 0.1, 0.130903505, 0.188806683, -0.019959448, 0.856623085, 4.95264106e-005, -0.515942718, 0.515942717, 3.14775748e-005, 0.856623086, 5.86660922e-005, -0.999999998, 1.41162644e-006, 0.856623135, 6.46843687e-005, -0.515942633, 0.515942633, 2.53016417e-005, 0.856623137, 6.84643225e-005, -0.999999998, -1.16994518e-005, 0, 0, 0, 0, 0, 0, 0, 0.088427417, 0.0277357422, -0.165212598, -0.500851356, 0.853398286, -0.144272294, -0.448608398, -0.11340332, 0.886474609, 0.740173134, 0.508748968, 0.439849673, 0, 0, 0, 0, 0, 0, 0, 0.185396338, 0.0689751953, -0.152315918, -0.189867044, 0.674648719, -0.713130515, 0.335449219, -0.638061523, -0.692871094, -0.922728462, -0.370719833, -0.105147744, 1, 1, 
69.4496317, 0.1, 0.1, 0.130903514, 0.188806656, -0.0199579987, 0.856622761, -1.69356075e-005, -0.515943257, 0.515943257, -2.29328181e-005, 0.856622761, -2.63394597e-005, -1, -1.09069615e-005, 0.85662284, -2.69554685e-005, -0.515943126, 0.515943125, -2.68072412e-005, 0.85662284, -3.69216818e-005, -0.999999999, -9.05620642e-006, 0, 0, 0, 0, 0, 0, 0, 0.088427417, 0.0277357422, -0.165212598, -0.500851356, 0.853398286, -0.144272294, -0.448608398, -0.11340332, 0.886474609, 0.740173134, 0.508748968, 0.439849673, 0, 0, 0, 0, 0, 0, 0, 0.185396338, 0.0689751953, -0.152315918, -0.189867044, 0.674648719, -0.713130515, 0.335449219, -0.638061523, -0.692871094, -0.922728462, -0.370719833, -0.105147744, 1, 1, 
69.4505314, 0.1, 0.1, 0.130903526, 0.188806627, -0.0199578041, 0.856622421, -1.65187901e-005, -0.515943822, 0.515943822, -1.38167021e-005, 0.856622421, -2.12790081e-005, -1, -3.3129291e-006, 0.856622457, -3.98816982e-006, -0.515943762, 0.515943762, -2.40635748e-005, 0.856622457, -1.58318071e-005, -1, -1.85557272e-005, 0, 0, 0, 0, 0, 0, 0, 0.088427417, 0.0277357422, -0.165212598, -0.500851356, 0.853398286, -0.144272294, -0.448608398, -0.11340332, 0.886474609, 0.740173134, 0.508748968, 0.439849673, 0, 0, 0, 0, 0, 0, 0, 0.185396338, 0.0689751953, -0.152315918, -0.189867044, 0.674648719, -0.713130515, 0.335449219, -0.638061523, -0.692871094, -0.922728462, -0.370719833, -0.105147744, 1, 1, 
69.4513847, 0.1, 0.1, 0.130903538, 0.188806608, -0.0199592533, 0.856622453, 8.01975514e-006, -0.515943769, 0.515943769, -1.78880641e-005, 0.856622453, -2.35933286e-006, -1, -1.946106e-005, 0.856622428, 8.92293217e-006, -0.515943811, 0.515943811, 2.31881441e-005, 0.856622428, 1.96073632e-005, -1, 1.52597526e-005, 0, 0, 0, 0, 0, 0, 0, 0.088427417, 0.0277357422, -0.165212598, -0.500851356, 0.853398286, -0.144272294, -0.448608398, -0.11340332, 0.886474609, 0.740173134, 0.508748968, 0.439849673, 0, 0, 0, 0, 0, 0, 0, 0.185396338, 0.0689751953, -0.152315918, -0.189867044, 0.674648719, -0.713130515, 0.335449219, -0.638061523, -0.692871094, -0.922728462, -0.370719833, -0.105147744, 1, 1, 
69.4522532, 0.1, 0.1, 0.130903553, 0.188806581, -0.0199619475, 0.856622444, 7.97695035e-006, -0.515943784, 0.515943783, 2.5462479e-005, 0.856622444, 1.99704425e-005, -1, 1.76960731e-005, 0.856622475, 2.2645733e-005, -0.515943732, 0.515943732, 1.79513019e-005, 0.856622475, 2.86607056e-005, -1, 3.69356468e-006, 0, 0, 0, 0, 0, 0, 0, 0.088427417, 0.0277357422, -0.165212598, -0.500851356, 0.853398286, -0.144272294, -0.448608398, -0.11340332, 0.886474609, 0.740173134, 0.508748968, 0.439849673, 0, 0, 0, 0, 0, 0, 0, 0.185396338, 0.0689751953, -0.152315918, -0.189867044, 0.674648719, -0.713130515, 0.335449219, -0.638061523, -0.692871094, -0.922728462, -0.370719833, -0.105147744, 1, 1, 
69.4531611, 0.1, 0.1, 0.130903564, 0.188806556, -0.0199637343, 0.85662213, 1.01808852e-005, -0.515944305, 0.515944305, 1.54670612e-005, 0.85662213, 1.67013137e-005, -1, 7.99665721e-006, 0.85662219, 4.21480573e-006, -0.515944206, 0.515944206, 1.36057304e-005, 0.85662219, 1.06302939e-005, -1, 9.48036601e-006, 0, 0, 0, 0, 0, 0, 0, 0.0891640381, 0.0255366455, -0.165865112, -0.499663656, 0.854108586, -0.143791146, -0.446533203, -0.111694336, 0.887695313, 0.742209676, 0.507771324, 0.43742522, 0, 0, 0, 0, 0, 0, 0, 0.186201904, 0.0666021484, -0.152594092, -0.191598382, 0.673498136, -0.713820645, 0.338012695, -0.637451172, -0.692138672, -0.92143752, -0.373786589, -0.105588508, 1, 1, 
69.4541639, 0.1, 0.1, 0.130903578, 0.188806527, -0.0199641563, 0.85662196, 2.93847904e-005, -0.515944587, 0.515944587, -5.47713124e-006, 0.85662196, 2.23457606e-005, -1, -1.98527545e-005, 0.856621983, -1.04622312e-005, -0.515944549, 0.515944549, -2.45632434e-006, 0.856621983, -1.02295044e-005, -1, 3.29378973e-006, 0, 0, 0, 0, 0, 0, 0, 0.0891640381, 0.0255366455, -0.165865112, -0.499663656, 0.854108586, -0.143791146, -0.446533203, -0.111694336, 0.887695313, 0.742209676, 0.507771324, 0.43742522, 0, 0, 0, 0, 0, 0, 0, 0.186201904, 0.0666021484, -0.152594092, -0.191598382, 0.673498136, -0.713820645, 0.338012695, -0.637451172, -0.692138672, -0.92143752, -0.373786589, -0.105588508, 1, 1, 
69.4555095, 0.1, 0.1, 0.130903594, 0.188806484, -0.0199544039, 0.85662162, -9.89080911e-006, -0.515945152, 0.515945152, -3.11182254e-005, 0.85662162, -2.45279785e-005, -0.999999999, -2.15534297e-005, 0.856621723, -2.37552144e-005, -0.51594498, 0.515944979, -3.96059717e-005, 0.856621723, -4.0783735e-005, -0.999999999, -2.16709521e-005, 0, 0, 0, 0, 0, 0, 0, 0.0891640381, 0.0255366455, -0.165865112, -0.499663656, 0.854108586, -0.143791146, -0.446533203, -0.111694336, 0.887695313, 0.742209676, 0.507771324, 0.43742522, 0, 0, 0, 0, 0, 0, 0, 0.186201904, 0.0666021484, -0.152594092, -0.191598382, 0.673498136, -0.713820645, 0.338012695, -0.637451172, -0.692138672, -0.92143752, -0.373786589, -0.105588508, 1, 1, 
69.4567221, 0.1, 0.1, 0.130903609, 0.188806449, -0.0199424146, 0.856621265, -4.2142315e-005, -0.515945739, 0.515945739, -1.57133193e-005, 0.856621266, -4.42072234e-005, -0.999999999, 8.28278439e-006, 0.856621272, -1.60520424e-005, -0.515945729, 0.515945728, -3.78180712e-005, 0.856621272, -3.32625933e-005, -0.999999999, -2.41137816e-005, 0, 0, 0, 0, 0, 0, 0, 0.0891640381, 0.0255366455, -0.165865112, -0.499663656, 0.854108586, -0.143791146, -0.446533203, -0.111694336, 0.887695313, 0.742209676, 0.507771324, 0.43742522, 0, 0, 0, 0, 0, 0, 0, 0.186201904, 0.0666021484, -0.152594092, -0.191598382, 0.673498136, -0.713820645, 0.338012695, -0.637451172, -0.692138672, -0.92143752, -0.373786589, -0.105588508, 1, 1, 
69.4576671, 0.1, 0.1, 0.13090362, 0.188806425, -0.0199384864, 0.856621263, -2.55121319e-005, -0.515945744, 0.515945744, 7.17286042e-007, 0.856621263, -2.14841539e-005, -1, 1.37773183e-005, 0.856621294, 6.57821859e-006, -0.515945694, 0.515945694, 2.03521347e-005, 0.856621294, 1.61356384e-005, -1, 1.40400684e-005, 0, 0, 0, 0, 0, 0, 0, 0.0899054199, 0.0231169922, -0.166318799, -0.498374484, 0.854857078, -0.143792268, -0.444824219, -0.109741211, 0.888916016, 0.744106554, 0.507034815, 0.435077151, 0, 0, 0, 0, 0, 0, 0, 0.186201904, 0.0666021484, -0.152594092, -0.19319556, 0.672309273, -0.714440413, 0.340087891, -0.637207031, -0.69152832, -0.920255221, -0.37648914, -0.105530905, 1, 1, 
69.4585139, 0.1, 0.1, 0.130903632, 0.188806404, -0.019943045, 0.856621007, 2.50053098e-005, -0.515946169, 0.515946169, 8.57907987e-006, 0.856621008, 2.58464171e-005, -1, -5.55237376e-006, 0.85662105, 2.26410467e-005, -0.515946098, 0.515946097, 3.05807165e-005, 0.85662105, 3.51727986e-005, -0.999999999, 1.45145257e-005, 0, 0, 0, 0, 0, 0, 0, 0.0899054199, 0.0231169922, -0.166318799, -0.498374484, 0.854857078, -0.143792268, -0.444824219, -0.109741211, 0.888916016, 0.744106554, 0.507034815, 0.435077151, 0, 0, 0, 0, 0, 0, 0, 0.18679082, 0.0642342285, -0.152857129, -0.19319556, 0.672309273, -0.714440413, 0.340087891, -0.637207031, -0.69152832, -0.920255221, -0.37648914, -0.105530905, 1, 1, 
69.4593875, 0.1, 0.1, 0.130903642, 0.188806384, -0.0199540641, 0.856620996, 2.79634566e-005, -0.515946188, 0.515946187, 1.52516664e-005, 0.856620996, 3.18231232e-005, -0.999999999, -1.3627411e-006, 0.856620992, 1.99110659e-005, -0.515946194, 0.515946194, 1.14973496e-005, 0.856620992, 2.29882508e-005, -1, -4.24167653e-007, 0, 0, 0, 0, 0, 0, 0, 0.0899054199, 0.0231169922, -0.166318799, -0.498374484, 0.854857078, -0.143792268, -0.444824219, -0.109741211, 0.888916016, 0.744106554, 0.507034815, 0.435077151, 0, 0, 0, 0, 0, 0, 0, 0.18679082, 0.0642342285, -0.152857129, -0.19319556, 0.672309273, -0.714440413, 0.340087891, -0.637207031, -0.69152832, -0.920255221, -0.37648914, -0.105530905, 1, 1, 
69.4603322, 0.1, 0.1, 0.130903652, 0.188806362, -0.0199668394, 0.856620856, 6.24917689e-006, -0.515946421, 0.515946421, 9.53538052e-006, 0.856620856, 1.02729207e-005, -1, 4.94396537e-006, 0.856620895, -3.14149861e-006, -0.515946356, 0.515946356, -9.08484402e-006, 0.856620895, -7.37836551e-006, -1, -6.16142246e-006, 0, 0, 0, 0, 0, 0, 0, 0.0906183594, 0.0209097168, -0.166531665, -0.497624871, 0.855383531, -0.143475871, -0.442993164, -0.108398438, 0.889892578, 0.745718114, 0.506457065, 0.433173159, 0, 0, 0, 0, 0, 0, 0, 0.187528516, 0.0620624512, -0.153105273, -0.196070552, 0.671139366, -0.714804618, 0.343017578, -0.635986328, -0.691162109, -0.918593511, -0.380539869, -0.105569185, 1, 1, 
69.4611861, 0.1, 0.1, 0.130903661, 0.188806342, -0.0199752311, 0.856620752, -8.66878818e-006, -0.515946593, 0.515946593, -4.59969175e-006, 0.856620752, -9.79905914e-006, -1, 5.32440323e-007, 0.856620759, -1.23749816e-005, -0.515946581, 0.515946581, -6.18708184e-006, 0.856620759, -1.37928699e-005, -1, 1.08484673e-006, 0, 0, 0, 0, 0, 0, 0, 0.0906183594, 0.0209097168, -0.166531665, -0.497624871, 0.855383531, -0.143475871, -0.442993164, -0.108398438, 0.889892578, 0.745718114, 0.506457065, 0.433173159, 0, 0, 0, 0, 0, 0, 0, 0.187528516, 0.0620624512, -0.153105273, -0.196070552, 0.671139366, -0.714804618, 0.343017578, -0.635986328, -0.691162109, -0.918593511, -0.380539869, -0.105569185, 1, 1, 
69.4620858, 0.1, 0.1, 0.130903669, 0.188806322, -0.0199783495, 0.85662071, -2.53310872e-005, -0.515946663, 0.515946664, 1.25247821e-005, 0.85662071, -1.52370143e-005, -1, 2.37984777e-005, 0.85662072, -1.65403647e-005, -0.515946646, 0.515946646, 7.79139855e-006, 0.85662072, -1.01488732e-005, -1, 1.52082191e-005, 0, 0, 0, 0, 0, 0, 0, 0.0906183594, 0.0209097168, -0.166531665, -0.497624871, 0.855383531, -0.143475871, -0.442993164, -0.108398438, 0.889892578, 0.745718114, 0.506457065, 0.433173159, 0, 0, 0, 0, 0, 0, 0, 0.187528516, 0.0620624512, -0.153105273, -0.196070552, 0.671139366, -0.714804618, 0.343017578, -0.635986328, -0.691162109, -0.918593511, -0.380539869, -0.105569185, 1, 1, 
69.4629651, 0.1, 0.1, 0.130903678, 0.188806302, -0.0199746929, 0.856620738, 1.24128771e-005, -0.515946616, 0.515946616, -1.43590012e-005, 0.856620738, 3.22464986e-006, -1, -1.87046001e-005, 0.856620723, 9.76698561e-006, -0.515946642, 0.515946642, -1.7082358e-005, 0.856620722, -4.46982978e-007, -1, -1.96723453e-005, 0, 0, 0, 0, 0, 0, 0, 0.0906183594, 0.0209097168, -0.166531665, -0.497624871, 0.855383531, -0.143475871, -0.442993164, -0.108398438, 0.889892578, 0.745718114, 0.506457065, 0.433173159, 0, 0, 0, 0, 0, 0, 0, 0.187528516, 0.0620624512, -0.153105273, -0.196070552, 0.671139366, -0.714804618, 0.343017578, -0.635986328, -0.691162109, -0.918593511, -0.380539869, -0.105569185, 1, 1, 
69.4638076, 0.1, 0.1, 0.130903686, 0.188806285, -0.0199673375, 0.85662081, 1.29567725e-005, -0.515946497, 0.515946496, 1.17325754e-005, 0.85662081, 1.71524222e-005, -1, 3.3653669e-006, 0.856620797, -1.00868282e-005, -0.515946518, 0.515946519, 1.66959074e-005, 0.856620797, -2.6391505e-008, -1, 1.95063253e-005, 0, 0, 0, 0, 0, 0, 0, 0.0906183594, 0.0209097168, -0.166531665, -0.497624871, 0.855383531, -0.143475871, -0.442993164, -0.108398438, 0.889892578, 0.745718114, 0.506457065, 0.433173159, 0, 0, 0, 0, 0, 0, 0, 0.187528516, 0.0620624512, -0.153105273, -0.196070552, 0.671139366, -0.714804618, 0.343017578, -0.635986328, -0.691162109, -0.918593511, -0.380539869, -0.105569185, 1, 1, 
69.4647321, 0.1, 0.1, 0.130903695, 0.188806262, -0.0199579771, 0.856621147, -2.60124972e-005, -0.515945938, 0.515945938, 1.87419962e-005, 0.856621146, -1.26129983e-005, -0.999999999, 2.94758325e-005, 0.856621034, -1.44613231e-005, -0.515946125, 0.515946125, -2.21556771e-005, 0.856621034, -2.38190093e-005, -1, -1.15177554e-005, 0, 0, 0, 0, 0, 0, 0, 0.0906183594, 0.0209097168, -0.166531665, -0.496037276, 0.856398245, -0.142994723, -0.441040039, -0.106567383, 0.891113281, 0.747938503, 0.505060431, 0.430748706, 0, 0, 0, 0, 0, 0, 0, 0.187528516, 0.0620624512, -0.153105273, -0.196070552, 0.671139366, -0.714804618, 0.343017578, -0.635986328, -0.691162109, -0.918593511, -0.380539869, -0.105569185, 1, 1, 
69.4655979, 0.1, 0.1, 0.130903703, 0.188806245, -0.0199506766, 0.856621767, -1.32008357e-006, -0.515944908, 0.515944908, -4.93109074e-005, 0.856621766, -2.65725239e-005, -0.999999999, -4.15597062e-005, 0.856621651, -3.50330058e-006, -0.515945102, 0.515945101, -2.78774762e-005, 0.85662165, -1.73842504e-005, -1, -2.20729389e-005, 0, 0, 0, 0, 0, 0, 0, 0.0913759766, 0.0187249023, -0.166960937, -0.496037276, 0.856398245, -0.142994723, -0.441040039, -0.106567383, 0.891113281, 0.747938503, 0.505060431, 0.430748706, 0, 0, 0, 0, 0, 0, 0, 0.188124268, 0.0598940918, -0.152947217, -0.197718768, 0.66994394, -0.715418189, 0.346679688, -0.634887695, -0.690307617, -0.916925605, -0.384347795, -0.106738358, 1, 1, 
69.4664422, 0.1, 0.1, 0.13090371, 0.188806229, -0.01994854, 0.856622134, -3.73192141e-005, -0.515944298, 0.515944299, 1.76282101e-005, 0.856622134, -2.28732903e-005, -0.999999999, 3.43553507e-005, 0.856622102, -1.34626227e-005, -0.515944352, 0.515944353, 3.55977137e-005, 0.856622101, 6.83405922e-006, -0.999999999, 3.74397525e-005, 0, 0, 0, 0, 0, 0, 0, 0.0913759766, 0.0187249023, -0.166960937, -0.496037276, 0.856398245, -0.142994723, -0.441040039, -0.106567383, 0.891113281, 0.747938503, 0.505060431, 0.430748706, 0, 0, 0, 0, 0, 0, 0, 0.188124268, 0.0598940918, -0.152947217, -0.197718768, 0.66994394, -0.715418189, 0.346679688, -0.634887695, -0.690307617, -0.916925605, -0.384347795, -0.106738358, 1, 1, 
69.4673366, 0.1, 0.1, 0.130903722, 0.188806204, -0.0199514331, 0.856621989, 2.51946459e-005, -0.51594454, 0.51594454, -1.96299196e-005, 0.856621988, 1.14543379e-005, -0.999999999, -2.98144607e-005, 0.856622041, 4.39693394e-005, -0.515944451, 0.515944452, -3.27794085e-005, 0.856622041, 2.07527514e-005, -0.999999998, -5.07653006e-005, 0, 0, 0, 0, 0, 0, 0, 0.0913759766, 0.0187249023, -0.166960937, -0.496037276, 0.856398245, -0.142994723, -0.441040039, -0.106567383, 0.891113281, 0.747938503, 0.505060431, 0.430748706, 0, 0, 0, 0, 0, 0, 0, 0.188124268, 0.0598940918, -0.152947217, -0.197718768, 0.66994394, -0.715418189, 0.346679688, -0.634887695, -0.690307617, -0.916925605, -0.384347795, -0.106738358, 1, 1, 
69.468184, 0.1, 0.1, 0.130903727, 0.188806188, -0.0199577151, 0.856621788, 2.45697232e-005, -0.515944873, 0.515944873, -5.41799581e-006, 0.856621788, 1.82515731e-005, -1, -1.7317796e-005, 0.856621799, 2.0339148e-006, -0.515944854, 0.515944854, 1.70695704e-005, 0.856621799, 1.05492528e-005, -1, 1.35727783e-005, 0, 0, 0, 0, 0, 0, 0, 0.0913759766, 0.0187249023, -0.166960937, -0.496037276, 0.856398245, -0.142994723, -0.441040039, -0.106567383, 0.891113281, 0.747938503, 0.505060431, 0.430748706, 0, 0, 0, 0, 0, 0, 0, 0.188124268, 0.0598940918, -0.152947217, -0.197718768, 0.66994394, -0.715418189, 0.346679688, -0.634887695, -0.690307617, -0.916925605, -0.384347795, -0.106738358, 1, 1, 
69.4690284, 0.1, 0.1, 0.130903735, 0.18880617, -0.0199653792, 0.856621938, -6.96114324e-006, -0.515944624, 0.515944624, 2.81712937e-005, 0.856621938, 8.57175951e-006, -1, 2.77237126e-005, 0.856621877, -1.6565734e-005, -0.515944725, 0.515944725, 6.23045635e-006, 0.856621877, -1.09759991e-005, -1, 1.38841483e-005, 0, 0, 0, 0, 0, 0, 0, 0.0913759766, 0.0187249023, -0.166960937, -0.496037276, 0.856398245, -0.142994723, -0.441040039, -0.106567383, 0.891113281, 0.747938503, 0.505060431, 0.430748706, 0, 0, 0, 0, 0, 0, 0, 0.188124268, 0.0598940918, -0.152947217, -0.197718768, 0.66994394, -0.715418189, 0.346679688, -0.634887695, -0.690307617, -0.916925605, -0.384347795, -0.106738358, 1, 1, 
69.4699724, 0.1, 0.1, 0.130903743, 0.18880615, -0.0199711538, 0.856622299, 4.39865024e-006, -0.515944025, 0.515944025, -2.55316684e-005, 0.856622299, -9.40492989e-006, -1, -2.41404538e-005, 0.856622241, -6.43755384e-008, -0.515944122, 0.515944121, -2.95581567e-005, 0.85662224, -1.53055027e-005, -1, -2.52869602e-005, 0, 0, 0, 0, 0, 0, 0, 0.0921356689, 0.0163100098, -0.16722666, -0.494386402, 0.857248208, -0.143700153, -0.439819336, -0.104125977, 0.892089844, 0.749778093, 0.504184258, 0.428635781, 0, 0, 0, 0, 0, 0, 0, 0.18898623, 0.0575029785, -0.152822119, -0.198587536, 0.668378113, -0.716702567, 0.349243164, -0.635009766, -0.688964844, -0.915666746, -0.386967224, -0.107364323, 1, 1, 
69.4708195, 0.1, 0.1, 0.13090375, 0.188806135, -0.0199725565, 0.856622438, -1.72055514e-005, -0.515943794, 0.515943794, 1.70065772e-006, 0.856622438, -1.38612176e-005, -1, 1.0333919e-005, 0.856622433, -1.88956375e-005, -0.515943803, 0.515943803, 1.34945957e-005, 0.856622433, -9.22397392e-006, -1, 2.13088605e-005, 0, 0, 0, 0, 0, 0, 0, 0.0921356689, 0.0163100098, -0.16722666, -0.494386402, 0.857248208, -0.143700153, -0.439819336, -0.104125977, 0.892089844, 0.749778093, 0.504184258, 0.428635781, 0, 0, 0, 0, 0, 0, 0, 0.18898623, 0.0575029785, -0.152822119, -0.198587536, 0.668378113, -0.716702567, 0.349243164, -0.635009766, -0.688964844, -0.915666746, -0.386967224, -0.107364323, 1, 1, 
69.4716803, 0.1, 0.1, 0.130903758, 0.188806118, -0.0199704634, 0.856622332, -2.15211808e-005, -0.51594397, 0.515943971, 1.38983263e-005, 0.856622332, -1.12647665e-005, -1, 2.30093402e-005, 0.856622367, 8.48779386e-006, -0.515943913, 0.515943913, 8.68976783e-007, 0.856622367, 7.71917735e-006, -1, -3.63484063e-006, 0, 0, 0, 0, 0, 0, 0, 0.0921356689, 0.0163100098, -0.16722666, -0.494386402, 0.857248208, -0.143700153, -0.439819336, -0.104125977, 0.892089844, 0.749778093, 0.504184258, 0.428635781, 0, 0, 0, 0, 0, 0, 0, 0.18898623, 0.0575029785, -0.152822119, -0.198587536, 0.668378113, -0.716702567, 0.349243164, -0.635009766, -0.688964844, -0.915666746, -0.386967224, -0.107364323, 1, 1, 
69.4725774, 0.1, 0.1, 0.130903765, 0.188806103, -0.0199648959, 0.856622271, 2.06679316e-005, -0.515944072, 0.515944072, -1.82194417e-005, 0.856622271, 8.30439756e-006, -1, -2.62706763e-005, 0.856622257, 2.13405563e-005, -0.515944095, 0.515944095, -2.51140719e-006, 0.856622257, 1.69850498e-005, -1, -1.31618613e-005, 0, 0, 0, 0, 0, 0, 0, 0.0921356689, 0.0163100098, -0.16722666, -0.494386402, 0.857248208, -0.143700153, -0.439819336, -0.104125977, 0.892089844, 0.749778093, 0.504184258, 0.428635781, 0, 0, 0, 0, 0, 0, 0, 0.189811816, 0.0553214355, -0.152898779, -0.200101591, 0.666914364, -0.717597221, 0.352539063, -0.634277344, -0.687866211, -0.914107482, -0.390557866, -0.108194811, 1, 1, 
69.4734229, 0.1, 0.1, 0.13090377, 0.188806089, -0.0199592261, 0.856622536, -3.97886815e-007, -0.515943632, 0.515943632, 3.50506595e-005, 0.856622535, 1.77433258e-005, -0.999999999, 3.0230472e-005, 0.85662246, -8.06937145e-006, -0.515943758, 0.515943758, 3.47356221e-005, 0.856622459, 1.10092226e-005, -0.999999999, 3.39186559e-005, 0, 0, 0, 0, 0, 0, 0, 0.0921356689, 0.0163100098, -0.16722666, -0.494386402, 0.857248208, -0.143700153, -0.439819336, -0.104125977, 0.892089844, 0.749778093, 0.504184258, 0.428635781, 0, 0, 0, 0, 0, 0, 0, 0.189811816, 0.0553214355, -0.152898779, -0.200101591, 0.666914364, -0.717597221, 0.352539063, -0.634277344, -0.687866211, -0.914107482, -0.390557866, -0.108194811, 1, 1, 
69.4743056, 0.1, 0.1, 0.130903779, 0.188806067, -0.0199551517, 0.856622926, 2.1027476e-005, -0.515942983, 0.515942983, -1.04568994e-005, 0.856622926, 1.26174542e-005, -1, -1.98065985e-005, 0.856622856, 8.52860064e-006, -0.5159431, 0.5159431, -4.22826437e-005, 0.856622855, -1.4509644e-005, -0.999999999, -4.06205517e-005, 0, 0, 0, 0, 0, 0, 0, 0.0921356689, 0.0163100098, -0.16722666, -0.494386402, 0.857248208, -0.143700153, -0.439819336, -0.104125977, 0.892089844, 0.749778093, 0.504184258, 0.428635781, 0, 0, 0, 0, 0, 0, 0, 0.189811816, 0.0553214355, -0.152898779, -0.200101591, 0.666914364, -0.717597221, 0.352539063, -0.634277344, -0.687866211, -0.914107482, -0.390557866, -0.108194811, 1, 1, 
69.4751912, 0.1, 0.1, 0.130903783, 0.188806055, -0.0199531033, 0.856622916, -2.63758137e-006, -0.515943001, 0.515943, -2.56861972e-005, 0.856622916, -1.55120263e-005, -1, -2.06425435e-005, 0.856622953, -3.08013497e-005, -0.515942938, 0.515942938, 1.46454465e-006, 0.856622953, -2.56295217e-005, -1, 1.71463014e-005, 0, 0, 0, 0, 0, 0, 0, 0.0928804688, 0.0138890137, -0.167471387, -0.493014856, 0.857977604, -0.144005689, -0.438476562, -0.102050781, 0.892944336, 0.75141474, 0.503327182, 0.426706702, 0, 0, 0, 0, 0, 0, 0, 0.189811816, 0.0553214355, -0.152898779, -0.200101591, 0.666914364, -0.717597221, 0.352539063, -0.634277344, -0.687866211, -0.914107482, -0.390557866, -0.108194811, 1, 1, 
69.4760365, 0.1, 0.1, 0.130903792, 0.188806038, -0.0199549014, 0.856622561, -3.67148575e-005, -0.515943588, 0.515943589, 1.72711014e-005, 0.856622561, -2.25398613e-005, -0.999999999, 3.37376105e-005, 0.856622632, -2.10499642e-005, -0.515943472, 0.515943472, 6.81403861e-006, 0.856622632, -1.4516217e-005, -1, 1.66976513e-005, 0, 0, 0, 0, 0, 0, 0, 0.0928804688, 0.0138890137, -0.167471387, -0.493014856, 0.857977604, -0.144005689, -0.438476562, -0.102050781, 0.892944336, 0.75141474, 0.503327182, 0.426706702, 0, 0, 0, 0, 0, 0, 0, 0.189811816, 0.0553214355, -0.152898779, -0.200101591, 0.666914364, -0.717597221, 0.352539063, -0.634277344, -0.687866211, -0.914107482, -0.390557866, -0.108194811, 1, 1, 
69.4769553, 0.1, 0.1, 0.130903801, 0.188806019, -0.0199593924, 0.8566224, 3.46644764e-006, -0.515943857, 0.515943857, -4.18567649e-005, 0.856622399, -1.8626304e-005, -0.999999999, -3.76439348e-005, 0.856622395, 2.75840856e-005, -0.515943865, 0.515943865, -2.90982236e-005, 0.856622395, 8.6160955e-006, -0.999999999, -3.91580298e-005, 0, 0, 0, 0, 0, 0, 0, 0.0928804688, 0.0138890137, -0.167471387, -0.491547829, 0.858890847, -0.143283407, -0.436157227, -0.100341797, 0.894165039, 0.753654225, 0.502070211, 0.424244057, 0, 0, 0, 0, 0, 0, 0, 0.189811816, 0.0553214355, -0.152898779, -0.200101591, 0.666914364, -0.717597221, 0.352539063, -0.634277344, -0.687866211, -0.914107482, -0.390557866, -0.108194811, 1, 1, 
