time, realDorsalTactorPos, realVentralTactorPos, boxPosX, boxPosY, boxPosZ, boxLocalRot_11, boxLocalRot_12, boxLocalRot_13, boxLocalRot_21, boxLocalRot_22, boxLocalRot_23, boxLocalRot_31, boxLocalRot_32, boxLocalRot_33, boxGlobalRot_11, boxGlobalRot_12, boxGlobalRot_13, boxGlobalRot_21, boxGlobalRot_22, boxGlobalRot_23, boxGlobalRot_31, boxGlobalRot_32, boxGlobalRot_33, indexForceX, indexForceY, indexForceZ, indexForceGlobalX, indexForceGlobalY, indexForceGlobalZ, indexContact, indexPosX, indexPosY, indexPosZ, indexRot_11, indexRot_12, indexRot_13, indexRot_21, indexRot_22, indexRot_23, indexRot_31, indexRot_32, indexRot_33, thumbForceX, thumbForceY, thumbForceZ, thumbForceGlobalX, thumbForceGlobalY, thumbForceGlobalZ, thumbContact, thumbPosX, thumbPosY, thumbPosZ, thumbRot_11, thumbRot_12, thumbRot_13, thumbRot_21, thumbRot_22, thumbRot_23, thumbRot_31, thumbRot_32, thumbRot_33, mapping, trialSuccess, 
94.0420224, 0.1, 0.1, 0.112567678, 0.1913795, -0.0199585324, 0.768786605, 5.46263963e-005, -0.639505398, 0.639505399, -8.03454615e-006, 0.768786605, 3.68579062e-005, -0.999999998, -4.11107268e-005, 0.768786604, 3.24118058e-005, -0.639505399, 0.6395054, -5.57303359e-006, 0.768786605, 2.13537771e-005, -0.999999999, -2.50119984e-005, 0, 0, 0, 0, 0, 0, 0, 0.119828223, 0.00268671875, -0.206883325, -0.0830213382, 0.958518291, -0.272512947, -0.453369141, 0.20715332, 0.866943359, 0.887438631, 0.195478952, 0.41752178, 0, 0, 0, 0, 0, 0, 0, 0.207033594, 0.0287244629, -0.188937598, -0.116129598, 0.464824445, -0.877683985, 0.414428711, -0.780273438, -0.468139648, -0.90258133, -0.418058251, -0.102067721, 2, 1, 
94.0608696, 0.1, 0.1, 0.112571109, 0.191375387, -0.0199525521, 0.768772359, -3.62577358e-006, -0.639522525, 0.639522525, 3.91240859e-006, 0.768772359, -2.85321089e-007, -1, 5.32651545e-006, 0.768772478, -9.91278788e-006, -0.639522381, 0.639522381, -1.14110739e-005, 0.768772479, -1.49183157e-005, -1, -2.43306988e-006, 0, 0, 0, 0, 0, 0, 0, 0.127510254, -0.00784162598, -0.204329468, -0.0385207405, 0.97009692, -0.239302982, -0.42590332, 0.200805664, 0.882202148, 0.903872897, 0.135927644, 0.405587873, 0, 0, 0, 0, 0, 0, 0, 0.212456445, 0.013860791, -0.18634248, -0.123851525, 0.45522822, -0.881602018, 0.450683594, -0.765625, -0.458740234, -0.883999589, -0.454048527, -0.110335056, 2, 1, 
94.0617229, 0.1, 0.1, 0.112571228, 0.191375251, -0.0199545024, 0.76877187, -3.82633965e-005, -0.639523112, 0.639523113, -1.78240605e-006, 0.76877187, -3.05557127e-005, -0.999999999, 2.31000628e-005, 0.768771949, 9.13808556e-006, -0.639523018, 0.639523018, 6.0399299e-006, 0.768771949, 1.0887778e-005, -1, -1.20068738e-006, 0, 0, 0, 0, 0, 0, 0, 0.127510254, -0.00784162598, -0.204329468, -0.0385207405, 0.97009692, -0.239302982, -0.42590332, 0.200805664, 0.882202148, 0.903872897, 0.135927644, 0.405587873, 0, 0, 0, 0, 0, 0, 0, 0.212456445, 0.013860791, -0.18634248, -0.123851525, 0.45522822, -0.881602018, 0.450683594, -0.765625, -0.458740234, -0.883999589, -0.454048527, -0.110335056, 2, 1, 
94.0625698, 0.1, 0.1, 0.112571337, 0.191375111, -0.0199591997, 0.768771333, 2.88940776e-005, -0.639523758, 0.639523758, 1.61541048e-005, 0.768771333, 3.25438724e-005, -0.999999999, -6.05963643e-006, 0.768771474, 7.08873309e-007, -0.639523589, 0.639523589, -1.72309165e-005, 0.768771474, -1.0474616e-005, -1, -1.36999783e-005, 0, 0, 0, 0, 0, 0, 0, 0.127510254, -0.00784162598, -0.204329468, -0.0385207405, 0.97009692, -0.239302982, -0.42590332, 0.200805664, 0.882202148, 0.903872897, 0.135927644, 0.405587873, 0, 0, 0, 0, 0, 0, 0, 0.212456445, 0.013860791, -0.18634248, -0.123851525, 0.45522822, -0.881602018, 0.450683594, -0.765625, -0.458740234, -0.883999589, -0.454048527, -0.110335056, 2, 1, 
94.0634691, 0.1, 0.1, 0.112571464, 0.191374979, -0.0199644745, 0.768770432, 1.24283348e-005, -0.639524841, 0.639524842, 1.51686315e-006, 0.768770432, 1.0524608e-005, -1, -6.78210933e-006, 0.768770567, 3.49518676e-005, -0.639524679, 0.639524678, 2.80895689e-005, 0.768770568, 4.48339396e-005, -0.999999999, -7.58148088e-007, 0, 0, 0, 0, 0, 0, 0, 0.128954858, -0.0102341797, -0.203082617, -0.0278392928, 0.972108756, -0.232379342, -0.422729492, 0.19921875, 0.884033203, 0.905765288, 0.122879032, 0.405603604, 0, 0, 0, 0, 0, 0, 0, 0.213159619, 0.0115894043, -0.185773584, -0.124834764, 0.45388514, -0.882132834, 0.459472656, -0.76159668, -0.45690918, -0.879315966, -0.462290709, -0.113459415, 2, 1, 
94.0643175, 0.1, 0.1, 0.112571563, 0.191374835, -0.0199685177, 0.768769874, -5.76032424e-005, -0.639525509, 0.639525508, -4.25485521e-005, 0.768769876, -7.1494522e-005, -0.999999997, 4.12869785e-006, 0.768769981, -6.3075406e-005, -0.63952538, 0.639525378, -5.5644756e-005, 0.768769984, -8.40767126e-005, -0.999999996, -2.43969516e-006, 0, 0, 0, 0, 0, 0, 0, 0.128954858, -0.0102341797, -0.203082617, -0.0278392928, 0.972108756, -0.232379342, -0.422729492, 0.19921875, 0.884033203, 0.905765288, 0.122879032, 0.405603604, 0, 0, 0, 0, 0, 0, 0, 0.213159619, 0.0115894043, -0.185773584, -0.124834764, 0.45388514, -0.882132834, 0.459472656, -0.76159668, -0.45690918, -0.879315966, -0.462290709, -0.113459415, 2, 1, 
94.0651633, 0.1, 0.1, 0.112571678, 0.191374707, -0.0199703939, 0.768769528, 7.75233431e-005, -0.639525923, 0.639525923, 3.94677137e-005, 0.768769532, 8.48382102e-005, -0.999999996, -1.92366119e-005, 0.768769574, 6.12953803e-005, -0.63952587, 0.63952587, 3.15538283e-005, 0.768769576, 6.73015131e-005, -0.999999998, -1.49423583e-005, 0, 0, 0, 0, 0, 0, 0, 0.128954858, -0.0102341797, -0.203082617, -0.0278392928, 0.972108756, -0.232379342, -0.422729492, 0.19921875, 0.884033203, 0.905765288, 0.122879032, 0.405603604, 0, 0, 0, 0, 0, 0, 0, 0.213159619, 0.0115894043, -0.185773584, -0.124834764, 0.45388514, -0.882132834, 0.459472656, -0.76159668, -0.45690918, -0.879315966, -0.462290709, -0.113459415, 2, 1, 
94.0660055, 0.1, 0.1, 0.112571794, 0.191374584, -0.0199696971, 0.768769132, -4.70964581e-006, -0.639526405, 0.639526404, -2.34974066e-005, 0.768769131, -1.86478423e-005, -1, -1.5052138e-005, 0.768769247, 1.76228066e-005, -0.639526265, 0.639526265, 1.75235351e-005, 0.768769248, 2.47546328e-005, -1, 2.2013072e-006, 0, 0, 0, 0, 0, 0, 0, 0.128954858, -0.0102341797, -0.203082617, -0.0278392928, 0.972108756, -0.232379342, -0.422729492, 0.19921875, 0.884033203, 0.905765288, 0.122879032, 0.405603604, 0, 0, 0, 0, 0, 0, 0, 0.213159619, 0.0115894043, -0.185773584, -0.124834764, 0.45388514, -0.882132834, 0.459472656, -0.76159668, -0.45690918, -0.879315966, -0.462290709, -0.113459415, 2, 1, 
94.0668582, 0.1, 0.1, 0.112571893, 0.191374446, -0.0199667435, 0.768768844, -2.07843065e-005, -0.63952675, 0.63952675, -1.76661918e-005, 0.768768844, -2.72763296e-005, -1, -2.89097861e-007, 0.768768867, -4.56972168e-005, -0.639526721, 0.639526721, -2.82054921e-005, 0.768768868, -5.31687635e-005, -0.999999999, 7.54108699e-006, 0, 0, 0, 0, 0, 0, 0, 0.128954858, -0.0102341797, -0.203082617, -0.0278392928, 0.972108756, -0.232379342, -0.422729492, 0.19921875, 0.884033203, 0.905765288, 0.122879032, 0.405603604, 0, 0, 0, 0, 0, 0, 0, 0.213159619, 0.0115894043, -0.185773584, -0.124834764, 0.45388514, -0.882132834, 0.459472656, -0.76159668, -0.45690918, -0.879315966, -0.462290709, -0.113459415, 2, 1, 
94.0677443, 0.1, 0.1, 0.112572008, 0.191374317, -0.0199623868, 0.768768678, 4.97779559e-006, -0.639526949, 0.639526949, 6.25642009e-006, 0.768768678, 7.8279226e-006, -1, 1.62630538e-006, 0.768768702, 2.81931804e-005, -0.639526921, 0.639526921, 1.6309211e-005, 0.768768702, 3.21042142e-005, -0.999999999, -5.49228686e-006, 0, 0, 0, 0, 0, 0, 0, 0.131013989, -0.0123925049, -0.202681494, -0.0225021255, 0.974040461, -0.224648801, -0.422851562, 0.194335937, 0.885131836, 0.905908699, 0.114786788, 0.407592597, 0, 0, 0, 0, 0, 0, 0, 0.213159619, 0.0115894043, -0.185773584, -0.126412252, 0.452867984, -0.882484645, 0.467407227, -0.757446289, -0.455688477, -0.874817544, -0.470130407, -0.115951246, 2, 1, 
94.0685888, 0.1, 0.1, 0.112572105, 0.191374189, -0.0199583919, 0.768768648, -1.00385034e-005, -0.639526986, 0.639526986, 8.28531006e-006, 0.768768648, -2.41860729e-006, -1, 1.27893804e-005, 0.76876862, -4.06420018e-005, -0.639527019, 0.639527019, -2.53393006e-006, 0.76876862, -3.28648123e-005, -0.999999999, 2.40436523e-005, 0, 0, 0, 0, 0, 0, 0, 0.131013989, -0.0123925049, -0.202681494, -0.0225021255, 0.974040461, -0.224648801, -0.422851562, 0.194335937, 0.885131836, 0.905908699, 0.114786788, 0.407592597, 0, 0, 0, 0, 0, 0, 0, 0.21381958, 0.00934804687, -0.184956299, -0.126412252, 0.452867984, -0.882484645, 0.467407227, -0.757446289, -0.455688477, -0.874817544, -0.470130407, -0.115951246, 2, 1, 
94.0694367, 0.1, 0.1, 0.112572221, 0.191374072, -0.019956353, 0.768768728, 2.60882603e-005, -0.639526889, 0.639526889, 2.81913624e-005, 0.768768729, 3.8084973e-005, -0.999999999, 4.98849386e-006, 0.768768745, 5.02451704e-005, -0.639526868, 0.639526866, 4.29159959e-005, 0.768768746, 6.6072849e-005, -0.999999998, 8.59339921e-007, 0, 0, 0, 0, 0, 0, 0, 0.131013989, -0.0123925049, -0.202681494, -0.0225021255, 0.974040461, -0.224648801, -0.422851562, 0.194335937, 0.885131836, 0.905908699, 0.114786788, 0.407592597, 0, 0, 0, 0, 0, 0, 0, 0.21381958, 0.00934804687, -0.184956299, -0.126412252, 0.452867984, -0.882484645, 0.467407227, -0.757446289, -0.455688477, -0.874817544, -0.470130407, -0.115951246, 2, 1, 
94.070296, 0.1, 0.1, 0.112572319, 0.191373946, -0.0199568487, 0.768768714, -7.41001932e-006, -0.639526907, 0.639526907, 2.9698236e-006, 0.768768714, -3.79730892e-006, -1, 7.0220142e-006, 0.768768686, -3.57741313e-005, -0.639526939, 0.639526939, -3.66017974e-006, 0.768768687, -2.98428155e-005, -0.999999999, 2.00646891e-005, 0, 0, 0, 0, 0, 0, 0, 0.131013989, -0.0123925049, -0.202681494, -0.0225021255, 0.974040461, -0.224648801, -0.422851562, 0.194335937, 0.885131836, 0.905908699, 0.114786788, 0.407592597, 0, 0, 0, 0, 0, 0, 0, 0.21381958, 0.00934804687, -0.184956299, -0.126412252, 0.452867984, -0.882484645, 0.467407227, -0.757446289, -0.455688477, -0.874817544, -0.470130407, -0.115951246, 2, 1, 
94.071147, 0.1, 0.1, 0.112572431, 0.191373829, -0.0199593334, 0.768768819, 4.26562418e-006, -0.639526781, 0.639526781, 3.04282661e-005, 0.768768818, 2.27389699e-005, -1, 2.06643213e-005, 0.768768809, 4.70678826e-005, -0.639526791, 0.639526791, 2.38101313e-005, 0.76876881, 5.1411537e-005, -0.999999999, -1.17966856e-005, 0, 0, 0, 0, 0, 0, 0, 0.131013989, -0.0123925049, -0.202681494, -0.0225021255, 0.974040461, -0.224648801, -0.422851562, 0.194335937, 0.885131836, 0.905908699, 0.114786788, 0.407592597, 0, 0, 0, 0, 0, 0, 0, 0.21381958, 0.00934804687, -0.184956299, -0.126412252, 0.452867984, -0.882484645, 0.467407227, -0.757446289, -0.455688477, -0.874817544, -0.470130407, -0.115951246, 2, 1, 
94.0720007, 0.1, 0.1, 0.112572521, 0.191373705, -0.0199629018, 0.768768457, -1.04812004e-005, -0.639527216, 0.639527215, -3.18313357e-005, 0.768768456, -2.84146218e-005, -0.999999999, -1.77679139e-005, 0.768768563, -3.45524732e-005, -0.639527087, 0.639527086, -3.57886729e-005, 0.768768564, -4.94506809e-005, -0.999999999, -5.41596414e-006, 0, 0, 0, 0, 0, 0, 0, 0.131013989, -0.0123925049, -0.202681494, -0.0225021255, 0.974040461, -0.224648801, -0.422851562, 0.194335937, 0.885131836, 0.905908699, 0.114786788, 0.407592597, 0, 0, 0, 0, 0, 0, 0, 0.21381958, 0.00934804687, -0.184956299, -0.126412252, 0.452867984, -0.882484645, 0.467407227, -0.757446289, -0.455688477, -0.874817544, -0.470130407, -0.115951246, 2, 1, 
94.0728916, 0.1, 0.1, 0.112572629, 0.191373583, -0.0199658694, 0.768767712, 4.81476843e-006, -0.639528111, 0.639528111, -3.57733525e-006, 0.768767712, 1.41363205e-006, -1, -5.8293196e-006, 0.768767843, 2.3552665e-005, -0.639527953, 0.639527953, 9.12371669e-006, 0.768767843, 2.39414034e-005, -1, -8.04856765e-006, 0, 0, 0, 0, 0, 0, 0, 0.132032837, -0.0148093506, -0.201769946, -0.0156799571, 0.975267857, -0.220027925, -0.422729492, 0.192993164, 0.885375977, 0.906064093, 0.106929687, 0.409456153, 0, 0, 0, 0, 0, 0, 0, 0.214522266, 0.00660454102, -0.184398389, -0.12702509, 0.450432656, -0.883666945, 0.473754883, -0.755004883, -0.45300293, -0.871322417, -0.476155278, -0.117548423, 2, 1, 
94.0737804, 0.1, 0.1, 0.112572721, 0.191373455, -0.0199671185, 0.768767062, 2.20393057e-006, -0.639528893, 0.639528892, -3.73987238e-005, 0.768767061, -2.22232552e-005, -0.999999999, -3.01603843e-005, 0.768767209, -2.00029858e-005, -0.639528716, 0.639528714, -4.55124969e-005, 0.768767209, -4.44841883e-005, -0.999999999, -2.21960314e-005, 0, 0, 0, 0, 0, 0, 0, 0.132032837, -0.0148093506, -0.201769946, -0.0156799571, 0.975267857, -0.220027925, -0.422729492, 0.192993164, 0.885375977, 0.906064093, 0.106929687, 0.409456153, 0, 0, 0, 0, 0, 0, 0, 0.214522266, 0.00660454102, -0.184398389, -0.12702509, 0.450432656, -0.883666945, 0.473754883, -0.755004883, -0.45300293, -0.871322417, -0.476155278, -0.117548423, 2, 1, 
94.074894, 0.1, 0.1, 0.112572858, 0.191373309, -0.019962984, 0.768765789, 2.93318193e-006, -0.639530422, 0.639530422, 6.23985355e-006, 0.768765789, 6.24550609e-006, -1, 2.92112686e-006, 0.76876602, 3.31472567e-005, -0.639530144, 0.639530144, 2.22914298e-005, 0.768766021, 3.9738526e-005, -0.999999999, -4.06177605e-006, 0, 0, 0, 0, 0, 0, 0, 0.132032837, -0.0148093506, -0.201769946, -0.0156799571, 0.975267857, -0.220027925, -0.422729492, 0.192993164, 0.885375977, 0.906064093, 0.106929687, 0.409456153, 0, 0, 0, 0, 0, 0, 0, 0.214522266, 0.00660454102, -0.184398389, -0.12702509, 0.450432656, -0.883666945, 0.473754883, -0.755004883, -0.45300293, -0.871322417, -0.476155278, -0.117548423, 2, 1, 
94.0759987, 0.1, 0.1, 0.112572967, 0.191373154, -0.019954383, 0.768764847, -1.1929916e-005, -0.639531555, 0.639531555, 1.16987135e-007, 0.768764847, -9.09648306e-006, -1, 7.7194933e-006, 0.768764968, -5.76584596e-005, -0.639531407, 0.639531408, -1.35114957e-005, 0.768764969, -5.29668298e-005, -0.999999998, 2.64872313e-005, 0, 0, 0, 0, 0, 0, 0, 0.132032837, -0.0148093506, -0.201769946, -0.0156799571, 0.975267857, -0.220027925, -0.422729492, 0.192993164, 0.885375977, 0.906064093, 0.106929687, 0.409456153, 0, 0, 0, 0, 0, 0, 0, 0.214522266, 0.00660454102, -0.184398389, -0.12702509, 0.450432656, -0.883666945, 0.473754883, -0.755004883, -0.45300293, -0.871322417, -0.476155278, -0.117548423, 2, 1, 
94.0770926, 0.1, 0.1, 0.112573106, 0.19137302, -0.0199456658, 0.76876426, -1.37091573e-005, -0.63953226, 0.63953226, 5.40575761e-005, 0.768764259, 2.40324537e-005, -0.999999998, 5.03249808e-005, 0.76876439, 6.079678e-005, -0.639532101, 0.6395321, 4.23558174e-005, 0.768764393, 7.38263046e-005, -0.999999997, -6.31984822e-006, 0, 0, 0, 0, 0, 0, 0, 0.132032837, -0.0148093506, -0.201769946, -0.0156799571, 0.975267857, -0.220027925, -0.422729492, 0.192993164, 0.885375977, 0.906064093, 0.106929687, 0.409456153, 0, 0, 0, 0, 0, 0, 0, 0.214522266, 0.00660454102, -0.184398389, -0.12702509, 0.450432656, -0.883666945, 0.473754883, -0.755004883, -0.45300293, -0.871322417, -0.476155278, -0.117548423, 2, 1, 
94.0782492, 0.1, 0.1, 0.112573203, 0.19137286, -0.0199394201, 0.768762556, 4.25378976e-006, -0.639534309, 0.639534308, -5.98710803e-005, 0.768762555, -3.50194557e-005, -0.999999998, -4.87470892e-005, 0.768762974, -5.70658282e-005, -0.639533804, 0.6395338, -7.40548528e-005, 0.768762976, -9.12306776e-005, -0.999999996, -2.04351029e-005, 0, 0, 0, 0, 0, 0, 0, 0.132974414, -0.0172181396, -0.201248608, -0.0103618858, 0.97660983, -0.214302846, -0.422973633, 0.189941406, 0.885986328, 0.906086937, 0.0997959915, 0.411268412, 0, 0, 0, 0, 0, 0, 0, 0.215179053, 0.00452490234, -0.183814111, -0.128762259, 0.448591209, -0.884312599, 0.482055664, -0.750854492, -0.451171875, -0.86647255, -0.484327098, -0.119580168, 2, 1, 
94.0793474, 0.1, 0.1, 0.112573331, 0.191372742, -0.0199398241, 0.768759625, -2.44937544e-005, -0.639537832, 0.639537832, 7.55111617e-005, 0.768759621, 2.94624353e-005, -0.999999997, 7.3714615e-005, 0.768760299, 1.42513183e-005, -0.639537022, 0.639537017, 0.000111451509, 0.768760295, 8.22332141e-005, -0.999999994, 7.656525e-005, 0, 0, 0, 0, 0, 0, 0, 0.132974414, -0.0172181396, -0.201248608, -0.0103618858, 0.97660983, -0.214302846, -0.422973633, 0.189941406, 0.885986328, 0.906086937, 0.0997959915, 0.411268412, 0, 0, 0, 0, 0, 0, 0, 0.215179053, 0.00452490234, -0.183814111, -0.128762259, 0.448591209, -0.884312599, 0.482055664, -0.750854492, -0.451171875, -0.86647255, -0.484327098, -0.119580168, 2, 1, 
94.0805698, 0.1, 0.1, 0.112573444, 0.191372565, -0.0199448435, 0.768755367, -3.53649394e-006, -0.63954295, 0.63954295, -3.95429151e-005, 0.768755367, -2.80080913e-005, -0.999999999, -2.81370884e-005, 0.768756399, -3.26150879e-005, -0.639541709, 0.639541703, -0.000106966198, 0.768756397, -9.34824023e-005, -0.999999994, -6.13722401e-005, 0, 0, 0, 0, 0, 0, 0, 0.134243555, -0.0189375488, -0.200461548, -0.0116319613, 0.977961159, -0.207872337, -0.426513672, 0.183227539, 0.885742188, 0.904310626, 0.0989640023, 0.415193597, 0, 0, 0, 0, 0, 0, 0, 0.215925439, 0.00243037109, -0.182831934, -0.12915125, 0.4464942, -0.885329021, 0.490844727, -0.746948242, -0.448364258, -0.861603726, -0.492403036, -0.122755566, 2, 1, 
94.0818774, 0.1, 0.1, 0.112573596, 0.191372435, -0.0199488781, 0.768751092, 5.42019392e-005, -0.639548087, 0.639548087, 1.47101752e-005, 0.768751093, 5.10756644e-005, -0.999999998, -2.33562834e-005, 0.76875181, 5.89355084e-005, -0.639547223, 0.639547218, 8.75330398e-005, 0.768751812, 0.000101288291, -0.999999994, 2.95991423e-005, 0, 0, 0, 0, 0, 0, 0, 0.134243555, -0.0189375488, -0.200461548, -0.0116319613, 0.977961159, -0.207872337, -0.426513672, 0.183227539, 0.885742188, 0.904310626, 0.0989640023, 0.415193597, 0, 0, 0, 0, 0, 0, 0, 0.215925439, 0.00243037109, -0.182831934, -0.12915125, 0.4464942, -0.885329021, 0.490844727, -0.746948242, -0.448364258, -0.861603726, -0.492403036, -0.122755566, 2, 1, 
94.0827526, 0.1, 0.1, 0.112573679, 0.191372323, -0.0199533839, 0.768749236, -4.00861099e-005, -0.639550319, 0.63955032, 1.85951369e-005, 0.768749236, -1.89236406e-005, -0.999999999, 3.99320817e-005, 0.768749512, -4.81132974e-005, -0.639549986, 0.639549987, -1.15946461e-005, 0.768749513, -4.44024298e-005, -0.999999999, 2.18574802e-005, 0, 0, 0, 0, 0, 0, 0, 0.134243555, -0.0189375488, -0.200461548, -0.0116319613, 0.977961159, -0.207872337, -0.426513672, 0.183227539, 0.885742188, 0.904310626, 0.0989640023, 0.415193597, 0, 0, 0, 0, 0, 0, 0, 0.215925439, 0.00243037109, -0.182831934, -0.12915125, 0.4464942, -0.885329021, 0.490844727, -0.746948242, -0.448364258, -0.861603726, -0.492403036, -0.122755566, 2, 1, 
94.0835952, 0.1, 0.1, 0.11257377, 0.191372227, -0.0199607267, 0.768748348, 2.73404555e-005, -0.639551387, 0.639551387, -1.11416101e-005, 0.768748348, 1.38922978e-005, -1, -2.60507206e-005, 0.768748469, 4.74257688e-005, -0.63955124, 0.63955124, 6.23460924e-006, 0.768748471, 4.04458393e-005, -0.999999999, -2.5538363e-005, 0, 0, 0, 0, 0, 0, 0, 0.134243555, -0.0189375488, -0.200461548, -0.0116319613, 0.977961159, -0.207872337, -0.426513672, 0.183227539, 0.885742188, 0.904310626, 0.0989640023, 0.415193597, 0, 0, 0, 0, 0, 0, 0, 0.215925439, 0.00243037109, -0.182831934, -0.12915125, 0.4464942, -0.885329021, 0.490844727, -0.746948242, -0.448364258, -0.861603726, -0.492403036, -0.122755566, 2, 1, 
94.0844682, 0.1, 0.1, 0.112573844, 0.191372119, -0.0199683344, 0.76874805, -3.72915436e-005, -0.639551745, 0.639551745, -7.4344454e-006, 0.768748051, -3.3422514e-005, -0.999999999, 1.81346564e-005, 0.768748084, -5.87506314e-005, -0.639551702, 0.639551702, -1.06514161e-005, 0.768748086, -5.19765667e-005, -0.999999998, 2.93858107e-005, 0, 0, 0, 0, 0, 0, 0, 0.135966748, -0.0209115723, -0.199179199, -0.0126931025, 0.978596196, -0.204969362, -0.432495117, 0.179443359, 0.883544922, 0.901512488, 0.0998521577, 0.421036999, 0, 0, 0, 0, 0, 0, 0, 0.215925439, 0.00243037109, -0.182831934, -0.12915125, 0.4464942, -0.885329021, 0.490844727, -0.746948242, -0.448364258, -0.861603726, -0.492403036, -0.122755566, 2, 1, 
94.0853395, 0.1, 0.1, 0.112573933, 0.191372018, -0.019972856, 0.768747861, -5.77416964e-006, -0.639551974, 0.639551974, 1.34910704e-005, 0.76874786, 4.18936015e-006, -1, 1.40641131e-005, 0.768747905, 1.90785589e-005, -0.639551919, 0.639551919, 7.96773889e-006, 0.768747906, 1.97623849e-005, -1, -6.07654641e-006, 0, 0, 0, 0, 0, 0, 0, 0.135966748, -0.0209115723, -0.199179199, -0.0126931025, 0.978596196, -0.204969362, -0.432495117, 0.179443359, 0.883544922, 0.901512488, 0.0998521577, 0.421036999, 0, 0, 0, 0, 0, 0, 0, 0.21687334, -0.000121875, -0.181840967, -0.129744765, 0.443930906, -0.886594443, 0.498413086, -0.743652344, -0.44543457, -0.857124627, -0.499546041, -0.124729707, 2, 1, 
94.0861847, 0.1, 0.1, 0.112574008, 0.191371918, -0.0199734566, 0.768747418, 5.07844956e-006, -0.639552505, 0.639552505, -2.13854073e-005, 0.768747418, -9.77304584e-006, -1, -1.96879118e-005, 0.768747529, -1.52075095e-005, -0.639552372, 0.639552372, -2.59072895e-005, 0.768747529, -2.82598038e-005, -1, -1.01901661e-005, 0, 0, 0, 0, 0, 0, 0, 0.135966748, -0.0209115723, -0.199179199, -0.0126931025, 0.978596196, -0.204969362, -0.432495117, 0.179443359, 0.883544922, 0.901512488, 0.0998521577, 0.421036999, 0, 0, 0, 0, 0, 0, 0, 0.21687334, -0.000121875, -0.181840967, -0.129744765, 0.443930906, -0.886594443, 0.498413086, -0.743652344, -0.44543457, -0.857124627, -0.499546041, -0.124729707, 2, 1, 
94.0870316, 0.1, 0.1, 0.112574092, 0.191371827, -0.0199703612, 0.768746632, -7.37397669e-006, -0.63955345, 0.63955345, 2.27510216e-005, 0.768746632, 8.88177465e-006, -1, 2.22058235e-005, 0.768746812, 6.43093296e-006, -0.639553234, 0.639553234, 3.68091093e-005, 0.768746811, 2.84851441e-005, -0.999999999, 2.41839615e-005, 0, 0, 0, 0, 0, 0, 0, 0.135966748, -0.0209115723, -0.199179199, -0.0126931025, 0.978596196, -0.204969362, -0.432495117, 0.179443359, 0.883544922, 0.901512488, 0.0998521577, 0.421036999, 0, 0, 0, 0, 0, 0, 0, 0.21687334, -0.000121875, -0.181840967, -0.129744765, 0.443930906, -0.886594443, 0.498413086, -0.743652344, -0.44543457, -0.857124627, -0.499546041, -0.124729707, 2, 1, 
94.0878968, 0.1, 0.1, 0.112574171, 0.191371722, -0.0199647427, 0.768745554, 5.78810858e-006, -0.639554746, 0.639554746, -1.04130352e-005, 0.768745554, -2.21012332e-006, -1, -1.17067868e-005, 0.768745779, -4.28782874e-006, -0.639554475, 0.639554475, -3.84804801e-005, 0.768745779, -2.79066135e-005, -0.999999999, -2.68394066e-005, 0, 0, 0, 0, 0, 0, 0, 0.135966748, -0.0209115723, -0.199179199, -0.0126931025, 0.978596196, -0.204969362, -0.432495117, 0.179443359, 0.883544922, 0.901512488, 0.0998521577, 0.421036999, 0, 0, 0, 0, 0, 0, 0, 0.21687334, -0.000121875, -0.181840967, -0.129744765, 0.443930906, -0.886594443, 0.498413086, -0.743652344, -0.44543457, -0.857124627, -0.499546041, -0.124729707, 2, 1, 
94.0887453, 0.1, 0.1, 0.112574255, 0.191371638, -0.0199588924, 0.768744551, 2.66073611e-005, -0.639555952, 0.639555952, -2.56475497e-006, 0.768744551, 1.88139596e-005, -1, -1.89885376e-005, 0.768744735, 2.90755286e-005, -0.639555729, 0.639555728, 3.9517295e-005, 0.768744736, 4.7625172e-005, -0.999999999, 1.17832916e-005, 0, 0, 0, 0, 0, 0, 0, 0.135966748, -0.0209115723, -0.199179199, -0.0126931025, 0.978596196, -0.204969362, -0.432495117, 0.179443359, 0.883544922, 0.901512488, 0.0998521577, 0.421036999, 0, 0, 0, 0, 0, 0, 0, 0.21687334, -0.000121875, -0.181840967, -0.129744765, 0.443930906, -0.886594443, 0.498413086, -0.743652344, -0.44543457, -0.857124627, -0.499546041, -0.124729707, 2, 1, 
94.0896311, 0.1, 0.1, 0.112574328, 0.191371534, -0.0199544443, 0.768744112, -4.29833051e-005, -0.639556478, 0.639556479, 3.01336393e-005, 0.768744112, -1.37709985e-005, -0.999999999, 5.06553091e-005, 0.768744135, -5.5210233e-005, -0.63955645, 0.639556451, -1.81484376e-006, 0.768744136, -4.36032379e-005, -0.999999998, 3.39149101e-005, 0, 0, 0, 0, 0, 0, 0, 0.137262866, -0.0233605225, -0.198254492, -0.0135119871, 0.978691676, -0.2044167, -0.43359375, 0.178466797, 0.883178711, 0.901024227, 0.100454995, 0.422185385, 0, 0, 0, 0, 0, 0, 0, 0.217766553, -0.0024809082, -0.180831445, -0.131213611, 0.441041688, -0.887815022, 0.505859375, -0.740356445, -0.442504883, -0.852492043, -0.50709153, -0.12596268, 2, 1, 
94.0904806, 0.1, 0.1, 0.112574413, 0.191371449, -0.0199532607, 0.768744461, 3.26304366e-005, -0.639556059, 0.639556059, -9.22914229e-006, 0.768744462, 1.91819135e-005, -0.999999999, -2.79638454e-005, 0.768744342, 5.68503238e-005, -0.6395562, 0.639556201, 1.07866776e-005, 0.768744344, 5.06020514e-005, -0.999999998, -2.80667797e-005, 0, 0, 0, 0, 0, 0, 0, 0.137262866, -0.0233605225, -0.198254492, -0.0135119871, 0.978691676, -0.2044167, -0.43359375, 0.178466797, 0.883178711, 0.901024227, 0.100454995, 0.422185385, 0, 0, 0, 0, 0, 0, 0, 0.217766553, -0.0024809082, -0.180831445, -0.131213611, 0.441041688, -0.887815022, 0.505859375, -0.740356445, -0.442504883, -0.852492043, -0.50709153, -0.12596268, 2, 1, 
94.0913282, 0.1, 0.1, 0.112574477, 0.191371356, -0.0199555839, 0.768745344, -3.2834603e-005, -0.639554998, 0.639554999, 2.43912972e-006, 0.768745344, -2.36814905e-005, -0.999999999, 2.28746041e-005, 0.768745153, -6.59827772e-005, -0.639555225, 0.639555226, -2.22088593e-006, 0.768745155, -5.21443195e-005, -0.999999998, 4.04923347e-005, 0, 0, 0, 0, 0, 0, 0, 0.137262866, -0.0233605225, -0.198254492, -0.0135119871, 0.978691676, -0.2044167, -0.43359375, 0.178466797, 0.883178711, 0.901024227, 0.100454995, 0.422185385, 0, 0, 0, 0, 0, 0, 0, 0.217766553, -0.0024809082, -0.180831445, -0.131213611, 0.441041688, -0.887815022, 0.505859375, -0.740356445, -0.442504883, -0.852492043, -0.50709153, -0.12596268, 2, 1, 
94.0922124, 0.1, 0.1, 0.112574564, 0.191371266, -0.0199602453, 0.768746241, 7.90246844e-006, -0.63955392, 0.63955392, 2.72267387e-005, 0.768746241, 2.34879604e-005, -1, 1.58763983e-005, 0.768746092, 4.39186305e-005, -0.639554098, 0.639554098, 2.11212496e-005, 0.768746093, 4.72704574e-005, -0.999999999, -1.1851462e-005, 0, 0, 0, 0, 0, 0, 0, 0.138158521, -0.026027832, -0.197514209, -0.0134737951, 0.978957899, -0.203008083, -0.433105469, 0.177246094, 0.883789063, 0.901265362, 0.0997948696, 0.421715098, 0, 0, 0, 0, 0, 0, 0, 0.218509277, -0.00502119141, -0.179830469, -0.131391882, 0.438389076, -0.888971802, 0.512573242, -0.737548828, -0.439575195, -0.848460271, -0.513384723, -0.12780266, 2, 1, 
94.0930642, 0.1, 0.1, 0.112574633, 0.191371173, -0.0199650907, 0.76874658, 1.13117348e-005, -0.639553513, 0.639553513, -3.43211477e-005, 0.768746579, -1.32543532e-005, -0.999999999, -3.36187247e-005, 0.768746556, -1.41743311e-005, -0.639553542, 0.639553541, -3.73541305e-005, 0.768746556, -3.47864346e-005, -0.999999999, -1.96506155e-005, 0, 0, 0, 0, 0, 0, 0, 0.138158521, -0.026027832, -0.197514209, -0.0134737951, 0.978957899, -0.203008083, -0.433105469, 0.177246094, 0.883789063, 0.901265362, 0.0997948696, 0.421715098, 0, 0, 0, 0, 0, 0, 0, 0.218509277, -0.00502119141, -0.179830469, -0.131391882, 0.438389076, -0.888971802, 0.512573242, -0.737548828, -0.439575195, -0.848460271, -0.513384723, -0.12780266, 2, 1, 
94.0939148, 0.1, 0.1, 0.112574712, 0.191371089, -0.0199687322, 0.768746356, 2.88345347e-006, -0.639553782, 0.639553782, 2.25516671e-005, 0.768746356, 1.66396483e-005, -1, 1.54923883e-005, 0.768746436, 1.84160823e-005, -0.639553685, 0.639553685, 3.58803715e-005, 0.768746436, 3.71047215e-005, -0.999999999, 1.58048344e-005, 0, 0, 0, 0, 0, 0, 0, 0.138158521, -0.026027832, -0.197514209, -0.0134737951, 0.978957899, -0.203008083, -0.433105469, 0.177246094, 0.883789063, 0.901265362, 0.0997948696, 0.421715098, 0, 0, 0, 0, 0, 0, 0, 0.218509277, -0.00502119141, -0.179830469, -0.131391882, 0.438389076, -0.888971802, 0.512573242, -0.737548828, -0.439575195, -0.848460271, -0.513384723, -0.12780266, 2, 1, 
94.0947587, 0.1, 0.1, 0.112574782, 0.191370997, -0.019970144, 0.768745788, 1.03309241e-006, -0.639554465, 0.639554464, -1.90256415e-005, 0.768745788, -1.13737485e-005, -1, -1.52866007e-005, 0.768745908, -5.54926883e-006, -0.639554321, 0.63955432, -4.03636115e-005, 0.768745907, -3.00806998e-005, -0.999999999, -2.74803023e-005, 0, 0, 0, 0, 0, 0, 0, 0.138158521, -0.026027832, -0.197514209, -0.0134737951, 0.978957899, -0.203008083, -0.433105469, 0.177246094, 0.883789063, 0.901265362, 0.0997948696, 0.421715098, 0, 0, 0, 0, 0, 0, 0, 0.218509277, -0.00502119141, -0.179830469, -0.131391882, 0.438389076, -0.888971802, 0.512573242, -0.737548828, -0.439575195, -0.848460271, -0.513384723, -0.12780266, 2, 1, 
94.0956041, 0.1, 0.1, 0.112574857, 0.191370917, -0.0199689097, 0.768745225, 1.51286612e-005, -0.639555141, 0.639555142, -3.92843723e-006, 0.768745225, 9.11763381e-006, -1, -1.26955804e-005, 0.768745328, 1.70966626e-005, -0.639555018, 0.639555018, 2.66649734e-005, 0.768745328, 3.0196697e-005, -0.999999999, 9.56431737e-006, 0, 0, 0, 0, 0, 0, 0, 0.138158521, -0.026027832, -0.197514209, -0.0134737951, 0.978957899, -0.203008083, -0.433105469, 0.177246094, 0.883789063, 0.901265362, 0.0997948696, 0.421715098, 0, 0, 0, 0, 0, 0, 0, 0.218509277, -0.00502119141, -0.179830469, -0.131391882, 0.438389076, -0.888971802, 0.512573242, -0.737548828, -0.439575195, -0.848460271, -0.513384723, -0.12780266, 2, 1, 
94.0964446, 0.1, 0.1, 0.11257492, 0.191370829, -0.0199658148, 0.768745053, -3.06943133e-005, -0.639555348, 0.639555349, 1.87334738e-005, 0.768745053, -1.16150082e-005, -0.999999999, 3.40319775e-005, 0.768745046, -4.04857932e-005, -0.639555356, 0.639555356, -5.25402931e-006, 0.768745046, -3.44834956e-005, -0.999999999, 2.18538969e-005, 0, 0, 0, 0, 0, 0, 0, 0.138158521, -0.026027832, -0.197514209, -0.0134737951, 0.978957899, -0.203008083, -0.433105469, 0.177246094, 0.883789063, 0.901265362, 0.0997948696, 0.421715098, 0, 0, 0, 0, 0, 0, 0, 0.218509277, -0.00502119141, -0.179830469, -0.131391882, 0.438389076, -0.888971802, 0.512573242, -0.737548828, -0.439575195, -0.848460271, -0.513384723, -0.12780266, 2, 1, 
94.097335, 0.1, 0.1, 0.112575001, 0.191370746, -0.0199612728, 0.768745476, 3.03180716e-005, -0.639554839, 0.63955484, -1.2097032e-005, 0.768745476, 1.5570165e-005, -0.999999999, -2.8689608e-005, 0.768745358, 5.15375817e-005, -0.63955498, 0.639554981, 3.73620108e-006, 0.768745359, 4.20087827e-005, -0.999999999, -3.00889298e-005, 0, 0, 0, 0, 0, 0, 0, 0.139071143, -0.028932666, -0.196870239, -0.0130929968, 0.978919707, -0.203509448, -0.432861328, 0.177978516, 0.883666992, 0.901328641, 0.0995537348, 0.421670915, 0, 0, 0, 0, 0, 0, 0, 0.219115771, -0.00749824219, -0.178990723, -0.133487059, 0.436547996, -0.889674692, 0.517944336, -0.73449707, -0.438232422, -0.844875459, -0.519224393, -0.128122022, 2, 1, 
94.0981831, 0.1, 0.1, 0.11257506, 0.191370662, -0.0199578297, 0.768746319, -2.05250943e-005, -0.639553826, 0.639553826, 3.33023022e-006, 0.768746319, -1.36487292e-005, -1, 1.56870048e-005, 0.768746136, -5.31989685e-005, -0.639554044, 0.639554045, -1.49795213e-006, 0.768746137, -4.18545229e-005, -0.999999999, 3.28720706e-005, 0, 0, 0, 0, 0, 0, 0, 0.139071143, -0.028932666, -0.196870239, -0.0130929968, 0.978919707, -0.203509448, -0.432861328, 0.177978516, 0.883666992, 0.901328641, 0.0995537348, 0.421670915, 0, 0, 0, 0, 0, 0, 0, 0.219115771, -0.00749824219, -0.178990723, -0.133487059, 0.436547996, -0.889674692, 0.517944336, -0.73449707, -0.438232422, -0.844875459, -0.519224393, -0.128122022, 2, 1, 
94.0990453, 0.1, 0.1, 0.11257514, 0.191370582, -0.0199563145, 0.768747164, 5.76907348e-006, -0.63955281, 0.63955281, 2.40964038e-005, 0.768747164, 1.98458816e-005, -1, 1.4834415e-005, 0.768747017, 4.8483436e-005, -0.639552986, 0.639552986, 1.83739375e-005, 0.768747018, 4.90226035e-005, -0.999999999, -1.68828167e-005, 0, 0, 0, 0, 0, 0, 0, 0.139071143, -0.028932666, -0.196870239, -0.0130929968, 0.978919707, -0.203509448, -0.432861328, 0.177978516, 0.883666992, 0.901328641, 0.0995537348, 0.421670915, 0, 0, 0, 0, 0, 0, 0, 0.219115771, -0.00749824219, -0.178990723, -0.133487059, 0.436547996, -0.889674692, 0.517944336, -0.73449707, -0.438232422, -0.844875459, -0.519224393, -0.128122022, 2, 1, 
94.0998929, 0.1, 0.1, 0.1125752, 0.191370495, -0.0199573145, 0.768747422, 1.06850721e-005, -0.6395525, 0.6395525, -4.68631876e-005, 0.768747421, -2.17573472e-005, -0.999999999, -4.28596193e-005, 0.768747421, -2.11431389e-005, -0.639552501, 0.6395525, -5.15549853e-005, 0.768747421, -4.92258533e-005, -0.999999998, -2.61106147e-005, 0, 0, 0, 0, 0, 0, 0, 0.139071143, -0.028932666, -0.196870239, -0.0130929968, 0.978919707, -0.203509448, -0.432861328, 0.177978516, 0.883666992, 0.901328641, 0.0995537348, 0.421670915, 0, 0, 0, 0, 0, 0, 0, 0.219115771, -0.00749824219, -0.178990723, -0.133487059, 0.436547996, -0.889674692, 0.517944336, -0.73449707, -0.438232422, -0.844875459, -0.519224393, -0.128122022, 2, 1, 
94.1007368, 0.1, 0.1, 0.112575272, 0.191370421, -0.01996026, 0.768747015, -5.33110092e-006, -0.63955299, 0.63955299, 2.63307385e-005, 0.768747015, 1.27416346e-005, -1, 2.36511981e-005, 0.768747139, 1.43747276e-005, -0.639552841, 0.63955284, 4.25094047e-005, 0.768747138, 3.82375412e-005, -0.999999999, 2.34855854e-005, 0, 0, 0, 0, 0, 0, 0, 0.139071143, -0.028932666, -0.196870239, -0.0130929968, 0.978919707, -0.203509448, -0.432861328, 0.177978516, 0.883666992, 0.901328641, 0.0995537348, 0.421670915, 0, 0, 0, 0, 0, 0, 0, 0.219115771, -0.00749824219, -0.178990723, -0.133487059, 0.436547996, -0.889674692, 0.517944336, -0.73449707, -0.438232422, -0.844875459, -0.519224393, -0.128122022, 2, 1, 
94.1016221, 0.1, 0.1, 0.112575336, 0.191370329, -0.0199639433, 0.768746129, -3.66184325e-006, -0.639554054, 0.639554054, -2.34369684e-005, 0.768746129, -1.7804236e-005, -1, -1.5675132e-005, 0.768746346, -1.47531785e-005, -0.639553794, 0.639553793, -5.48815748e-005, 0.768746345, -4.64411715e-005, -0.999999998, -3.27545587e-005, 0, 0, 0, 0, 0, 0, 0, 0.139071143, -0.028932666, -0.196870239, -0.0152823064, 0.979129763, -0.202056648, -0.432250977, 0.17578125, 0.884399414, 0.901551802, 0.100879976, 0.420699262, 0, 0, 0, 0, 0, 0, 0, 0.219115771, -0.00749824219, -0.178990723, -0.133487059, 0.436547996, -0.889674692, 0.517944336, -0.73449707, -0.438232422, -0.844875459, -0.519224393, -0.128122022, 2, 1, 
94.102491, 0.1, 0.1, 0.112575406, 0.191370258, -0.019966158, 0.768745285, 2.27643484e-005, -0.639555069, 0.639555069, 6.67327415e-006, 0.768745285, 2.17679118e-005, -1, -9.42900638e-006, 0.768745432, 2.35874533e-005, -0.639554893, 0.639554892, 3.91053365e-005, 0.768745432, 4.31427563e-005, -0.999999999, 1.49765777e-005, 0, 0, 0, 0, 0, 0, 0, 0.14029939, -0.0311503174, -0.196352466, -0.0152823064, 0.979129763, -0.202056648, -0.432250977, 0.17578125, 0.884399414, 0.901551802, 0.100879976, 0.420699262, 0, 0, 0, 0, 0, 0, 0, 0.219894482, -0.0097659668, -0.178341016, -0.136668287, 0.434994195, -0.889891976, 0.524536133, -0.730224609, -0.4375, -0.840300111, -0.526629524, -0.128390345, 2, 1, 
94.1033328, 0.1, 0.1, 0.112575465, 0.191370178, -0.0199671089, 0.768744922, -2.81815363e-005, -0.639555505, 0.639555505, 1.86138222e-005, 0.768744922, -9.75984046e-006, -0.999999999, 3.23329379e-005, 0.768744951, -3.60706772e-005, -0.639555469, 0.63955547, -3.23759157e-006, 0.768744952, -2.97997704e-005, -0.999999999, 2.05803167e-005, 0, 0, 0, 0, 0, 0, 0, 0.14029939, -0.0311503174, -0.196352466, -0.0152823064, 0.979129763, -0.202056648, -0.432250977, 0.17578125, 0.884399414, 0.901551802, 0.100879976, 0.420699262, 0, 0, 0, 0, 0, 0, 0, 0.219894482, -0.0097659668, -0.178341016, -0.136668287, 0.434994195, -0.889891976, 0.524536133, -0.730224609, -0.4375, -0.840300111, -0.526629524, -0.128390345, 2, 1, 
94.1041763, 0.1, 0.1, 0.112575533, 0.191370107, -0.0199666786, 0.768745096, 2.25109696e-005, -0.639555296, 0.639555296, -9.90176845e-006, 0.768745096, 1.09724691e-005, -1, -2.20089458e-005, 0.768745027, 3.99591474e-005, -0.639555378, 0.639555378, 3.96363947e-006, 0.768745028, 3.32533629e-005, -0.999999999, -2.25090595e-005, 0, 0, 0, 0, 0, 0, 0, 0.14029939, -0.0311503174, -0.196352466, -0.0152823064, 0.979129763, -0.202056648, -0.432250977, 0.17578125, 0.884399414, 0.901551802, 0.100879976, 0.420699262, 0, 0, 0, 0, 0, 0, 0, 0.219894482, -0.0097659668, -0.178341016, -0.136668287, 0.434994195, -0.889891976, 0.524536133, -0.730224609, -0.4375, -0.840300111, -0.526629524, -0.128390345, 2, 1, 
94.1050468, 0.1, 0.1, 0.112575588, 0.191370028, -0.0199646835, 0.768745681, -2.06955315e-005, -0.639554593, 0.639554594, 9.14556614e-007, 0.768745681, -1.53246916e-005, -1, 1.39389837e-005, 0.768745553, -4.84636884e-005, -0.639554746, 0.639554746, -3.06621166e-006, 0.768745554, -3.92172552e-005, -0.999999999, 2.86380454e-005, 0, 0, 0, 0, 0, 0, 0, 0.14029939, -0.0311503174, -0.196352466, -0.0152823064, 0.979129763, -0.202056648, -0.432250977, 0.17578125, 0.884399414, 0.901551802, 0.100879976, 0.420699262, 0, 0, 0, 0, 0, 0, 0, 0.220496582, -0.0120769043, -0.177283154, -0.139280786, 0.432846146, -0.890556586, 0.531738281, -0.725952148, -0.436035156, -0.835296759, -0.534219856, -0.129073912, 2, 1, 
94.105891, 0.1, 0.1, 0.112575657, 0.191369957, -0.0199623164, 0.768746256, -5.80529947e-008, -0.639553902, 0.639553902, 2.12127339e-005, 0.768746256, 1.35220587e-005, -1, 1.63443378e-005, 0.768746153, 3.72433353e-005, -0.639554024, 0.639554024, 1.55031444e-005, 0.768746154, 3.85457691e-005, -0.999999999, -1.19011424e-005, 0, 0, 0, 0, 0, 0, 0, 0.14029939, -0.0311503174, -0.196352466, -0.0152823064, 0.979129763, -0.202056648, -0.432250977, 0.17578125, 0.884399414, 0.901551802, 0.100879976, 0.420699262, 0, 0, 0, 0, 0, 0, 0, 0.220496582, -0.0120769043, -0.177283154, -0.139280786, 0.432846146, -0.890556586, 0.531738281, -0.725952148, -0.436035156, -0.835296759, -0.534219856, -0.129073912, 2, 1, 
94.1067558, 0.1, 0.1, 0.112575712, 0.191369877, -0.0199602708, 0.768746359, 1.90476744e-005, -0.639553779, 0.639553779, -4.0281074e-005, 0.768746358, -1.11190827e-005, -0.999999999, -4.31479411e-005, 0.768746383, -1.05492085e-005, -0.639553749, 0.639553748, -4.57233723e-005, 0.768746383, -3.73522201e-005, -0.999999999, -2.84028912e-005, 0, 0, 0, 0, 0, 0, 0, 0.141287427, -0.0333618652, -0.195600586, -0.0178142224, 0.979460386, -0.200381809, -0.431396484, 0.173339844, 0.885375977, 0.901952818, 0.102187122, 0.41956885, 0, 0, 0, 0, 0, 0, 0, 0.220496582, -0.0120769043, -0.177283154, -0.139280786, 0.432846146, -0.890556586, 0.531738281, -0.725952148, -0.436035156, -0.835296759, -0.534219856, -0.129073912, 2, 1, 
94.107595, 0.1, 0.1, 0.11257578, 0.191369812, -0.0199592873, 0.768745841, 1.86773799e-006, -0.639554401, 0.6395544, 3.02353276e-005, 0.768745841, 2.07729526e-005, -1, 2.20487623e-005, 0.768745985, 2.20528378e-005, -0.639554228, 0.639554226, 4.76153016e-005, 0.768745985, 4.74055979e-005, -0.999999999, 2.25000863e-005, 0, 0, 0, 0, 0, 0, 0, 0.141287427, -0.0333618652, -0.195600586, -0.0178142224, 0.979460386, -0.200381809, -0.431396484, 0.173339844, 0.885375977, 0.901952818, 0.102187122, 0.41956885, 0, 0, 0, 0, 0, 0, 0, 0.220496582, -0.0120769043, -0.177283154, -0.139280786, 0.432846146, -0.890556586, 0.531738281, -0.725952148, -0.436035156, -0.835296759, -0.534219856, -0.129073912, 2, 1, 
94.1084559, 0.1, 0.1, 0.112575838, 0.191369729, -0.0199595582, 0.768744856, 4.09969052e-006, -0.639555585, 0.639555584, -2.74549474e-005, 0.768744856, -1.4407349e-005, -1, -2.37278296e-005, 0.768745059, -5.81616825e-006, -0.639555342, 0.63955534, -5.73221523e-005, 0.768745058, -4.11318393e-005, -0.999999998, -4.03463599e-005, 0, 0, 0, 0, 0, 0, 0, 0.141287427, -0.0333618652, -0.195600586, -0.0178142224, 0.979460386, -0.200381809, -0.431396484, 0.173339844, 0.885375977, 0.901952818, 0.102187122, 0.41956885, 0, 0, 0, 0, 0, 0, 0, 0.220496582, -0.0120769043, -0.177283154, -0.139280786, 0.432846146, -0.890556586, 0.531738281, -0.725952148, -0.436035156, -0.835296759, -0.534219856, -0.129073912, 2, 1, 
