time, realDorsalTactorPos, realVentralTactorPos, boxPosX, boxPosY, boxPosZ, boxLocalRot_11, boxLocalRot_12, boxLocalRot_13, boxLocalRot_21, boxLocalRot_22, boxLocalRot_23, boxLocalRot_31, boxLocalRot_32, boxLocalRot_33, boxGlobalRot_11, boxGlobalRot_12, boxGlobalRot_13, boxGlobalRot_21, boxGlobalRot_22, boxGlobalRot_23, boxGlobalRot_31, boxGlobalRot_32, boxGlobalRot_33, indexForceX, indexForceY, indexForceZ, indexForceGlobalX, indexForceGlobalY, indexForceGlobalZ, indexContact, indexPosX, indexPosY, indexPosZ, indexRot_11, indexRot_12, indexRot_13, indexRot_21, indexRot_22, indexRot_23, indexRot_31, indexRot_32, indexRot_33, thumbForceX, thumbForceY, thumbForceZ, thumbForceGlobalX, thumbForceGlobalY, thumbForceGlobalZ, thumbContact, thumbPosX, thumbPosY, thumbPosZ, thumbRot_11, thumbRot_12, thumbRot_13, thumbRot_21, thumbRot_22, thumbRot_23, thumbRot_31, thumbRot_32, thumbRot_33, mapping, trialSuccess, 
80.6078715, 0.1, 0.1, 0.125391888, 0.17188063, -0.0199566241, 0.993279042, -1.56303155e-005, -0.115744304, 0.115744305, 1.60920342e-005, 0.993279042, -1.36627035e-005, -1, 1.77930003e-005, 0.993279065, -2.35639295e-005, -0.115744104, 0.115744104, 1.52555517e-005, 0.993279066, -2.16398177e-005, -1, 1.7880406e-005, 0, 0, 0, 0, 0, 0, 0, 0.111001245, -0.00957717285, -0.189771387, -0.372804289, 0.905091804, -0.204383785, -0.519042969, -0.0207519531, 0.854492188, 0.769082061, 0.424676071, 0.477796543, 0, 0, 0, 0, 0, 0, 0, 0.200201123, 0.030396875, -0.159889258, -0.239376972, 0.637816189, -0.731830027, 0.431518555, -0.60534668, -0.668701172, -0.86975212, -0.47573108, -0.130434257, 1, 1, 
80.64774, 0.1, 0.1, 0.125391988, 0.171880629, -0.0199615595, 0.993268795, -6.17015059e-005, -0.115832195, 0.11583219, -8.78510608e-005, 0.993268793, -7.14621616e-005, -0.999999994, -8.01126968e-005, 0.993268796, -4.36461251e-005, -0.115832192, 0.115832188, -7.43384557e-005, 0.993268795, -5.19631203e-005, -0.999999996, -6.87824422e-005, 0, 0, 0, 0, 0, 0, 0, 0.115873267, -0.0344264404, -0.18470144, -0.39400993, 0.894415583, -0.211449689, -0.493041992, -0.0113525391, 0.869873047, 0.775654095, 0.447006871, 0.445669442, 0, 0, 0, 0, 0, 0, 0, 0.204471777, 0.0060027832, -0.153306689, -0.265734943, 0.616077605, -0.741377011, 0.475830078, -0.585083008, -0.656616211, -0.838522724, -0.526990239, -0.137697563, 1, 1, 
80.6488236, 0.1, 0.1, 0.12539198, 0.171880626, -0.0199585586, 0.993268818, 3.66529129e-005, -0.115832006, 0.115832003, 8.10507146e-005, 0.993268816, 4.57944622e-005, -0.999999996, 7.62595672e-005, 0.993268815, 1.31337252e-005, -0.11583204, 0.115832039, 4.87855891e-005, 0.993268814, 1.86962539e-005, -0.999999999, 4.69358981e-005, 0, 0, 0, 0, 0, 0, 0, 0.115873267, -0.0344264404, -0.18470144, -0.39400993, 0.894415583, -0.211449689, -0.493041992, -0.0113525391, 0.869873047, 0.775654095, 0.447006871, 0.445669442, 0, 0, 0, 0, 0, 0, 0, 0.204471777, 0.0060027832, -0.153306689, -0.265734943, 0.616077605, -0.741377011, 0.475830078, -0.585083008, -0.656616211, -0.838522724, -0.526990239, -0.137697563, 1, 1, 
80.6497517, 0.1, 0.1, 0.125391985, 0.171880638, -0.0199562035, 0.993268835, -1.97895489e-005, -0.115831865, 0.115831864, -5.06984039e-005, 0.993268834, -2.55288328e-005, -0.999999999, -4.80648842e-005, 0.99326884, -8.22745106e-006, -0.115831823, 0.115831823, 7.7411281e-006, 0.99326884, -7.27540178e-006, -1, 8.64202198e-006, 0, 0, 0, 0, 0, 0, 0, 0.116285693, -0.0364322021, -0.184594751, -0.394764413, 0.894497959, -0.209223309, -0.489868164, -0.0122070313, 0.871704102, 0.777133105, 0.446746641, 0.443339347, 0, 0, 0, 0, 0, 0, 0, 0.204471777, 0.0060027832, -0.153306689, -0.265734943, 0.616077605, -0.741377011, 0.475830078, -0.585083008, -0.656616211, -0.838522724, -0.526990239, -0.137697563, 1, 1, 
80.6508797, 0.1, 0.1, 0.125391992, 0.171880605, -0.0199522072, 0.993268692, 3.67198617e-005, -0.115833085, 0.115833087, -4.26571034e-005, 0.993268692, 3.15315851e-005, -0.999999998, -4.66233403e-005, 0.993268729, 5.02546905e-005, -0.115832762, 0.115832766, -9.50547601e-005, 0.993268726, 3.89059569e-005, -0.999999994, -0.000100236061, 0, 0, 0, 0, 0, 0, 0, 0.116285693, -0.0364322021, -0.184594751, -0.394764413, 0.894497959, -0.209223309, -0.489868164, -0.0122070313, 0.871704102, 0.777133105, 0.446746641, 0.443339347, 0, 0, 0, 0, 0, 0, 0, 0.204471777, 0.0060027832, -0.153306689, -0.265734943, 0.616077605, -0.741377011, 0.475830078, -0.585083008, -0.656616211, -0.838522724, -0.526990239, -0.137697563, 1, 1, 
80.6518831, 0.1, 0.1, 0.125391979, 0.171880622, -0.0199517744, 0.993268429, -4.572529e-005, -0.115835337, 0.115835339, 4.94538542e-005, 0.993268429, -3.96889831e-005, -0.999999998, 5.44175565e-005, 0.993268492, -7.10032431e-005, -0.115834782, 0.115834788, 7.61801462e-005, 0.993268491, -6.17009735e-005, -0.999999995, 8.38919846e-005, 0, 0, 0, 0, 0, 0, 0, 0.11686936, -0.0384706787, -0.184144116, -0.396427269, 0.893844947, -0.20909675, -0.489135742, -0.0129394531, 0.872070313, 0.776778516, 0.448085987, 0.44257775, 0, 0, 0, 0, 0, 0, 0, 0.204471777, 0.0060027832, -0.153306689, -0.267887722, 0.614933218, -0.741600857, 0.479614258, -0.582397461, -0.65612793, -0.83555768, -0.531283771, -0.139071261, 1, 1, 
80.6528854, 0.1, 0.1, 0.125391982, 0.171880622, -0.0199518434, 0.99326819, -1.24822025e-005, -0.115837398, 0.115837398, 3.13911853e-005, 0.993268189, -8.76190147e-006, -0.999999999, 3.26257717e-005, 0.993268226, -3.07640026e-006, -0.115837093, 0.115837093, -8.57083715e-006, 0.993268226, -4.04851149e-006, -1, -8.15677895e-006, 0, 0, 0, 0, 0, 0, 0, 0.11686936, -0.0384706787, -0.184144116, -0.396427269, 0.893844947, -0.20909675, -0.489135742, -0.0129394531, 0.872070313, 0.776778516, 0.448085987, 0.44257775, 0, 0, 0, 0, 0, 0, 0, 0.204838184, 0.00405083008, -0.152903906, -0.267887722, 0.614933218, -0.741600857, 0.479614258, -0.582397461, -0.65612793, -0.83555768, -0.531283771, -0.139071261, 1, 1, 
80.6537512, 0.1, 0.1, 0.12539198, 0.171880626, -0.019955484, 0.993268044, -4.51798123e-006, -0.115838652, 0.115838652, -3.4699166e-005, 0.993268043, -8.50707098e-006, -0.999999999, -3.39422158e-005, 0.993268081, -2.1962115e-005, -0.11583833, 0.11583833, -1.53258325e-005, 0.993268081, -2.35895867e-005, -1, -1.26786055e-005, 0, 0, 0, 0, 0, 0, 0, 0.11686936, -0.0384706787, -0.184144116, -0.396427269, 0.893844947, -0.20909675, -0.489135742, -0.0129394531, 0.872070313, 0.776778516, 0.448085987, 0.44257775, 0, 0, 0, 0, 0, 0, 0, 0.204838184, 0.00405083008, -0.152903906, -0.267887722, 0.614933218, -0.741600857, 0.479614258, -0.582397461, -0.65612793, -0.83555768, -0.531283771, -0.139071261, 1, 1, 
80.6548776, 0.1, 0.1, 0.125391993, 0.171880627, -0.0199579298, 0.993267732, -1.49157873e-005, -0.115841324, 0.115841325, 2.32218843e-005, 0.993267732, -1.21253163e-005, -1, 2.47934129e-005, 0.993267787, 2.43479104e-005, -0.115840852, 0.115840851, 3.31409283e-005, 0.993267787, 2.80230684e-005, -0.999999999, 3.00973338e-005, 0, 0, 0, 0, 0, 0, 0, 0.11686936, -0.0384706787, -0.184144116, -0.396427269, 0.893844947, -0.20909675, -0.489135742, -0.0129394531, 0.872070313, 0.776778516, 0.448085987, 0.44257775, 0, 0, 0, 0, 0, 0, 0, 0.204838184, 0.00405083008, -0.152903906, -0.267887722, 0.614933218, -0.741600857, 0.479614258, -0.582397461, -0.65612793, -0.83555768, -0.531283771, -0.139071261, 1, 1, 
80.6562331, 0.1, 0.1, 0.125391989, 0.171880629, -0.0199559625, 0.993267287, 3.18135182e-005, -0.115845136, 0.115845135, 1.92431145e-005, 0.993267287, 3.38285482e-005, -0.999999999, 1.54281148e-005, 0.99326738, 1.78746512e-005, -0.11584434, 0.11584434, -9.27115626e-007, 0.99326738, 1.76469069e-005, -1, -2.99155088e-006, 0, 0, 0, 0, 0, 0, 0, 0.11686936, -0.0384706787, -0.184144116, -0.396427269, 0.893844947, -0.20909675, -0.489135742, -0.0129394531, 0.872070313, 0.776778516, 0.448085987, 0.44257775, 0, 0, 0, 0, 0, 0, 0, 0.204838184, 0.00405083008, -0.152903906, -0.267887722, 0.614933218, -0.741600857, 0.479614258, -0.582397461, -0.65612793, -0.83555768, -0.531283771, -0.139071261, 1, 1, 
80.6573736, 0.1, 0.1, 0.125391989, 0.171880626, -0.0199487844, 0.993266952, 1.88505479e-005, -0.115848013, 0.115848012, 2.68665954e-005, 0.993266952, 2.18360679e-005, -0.999999999, 2.45019029e-005, 0.993267005, -1.19188835e-005, -0.115847557, 0.115847557, -1.76969954e-005, 0.993267005, -1.38887875e-005, -1, -1.61970681e-005, 0, 0, 0, 0, 0, 0, 0, 0.117477441, -0.0405043945, -0.183491968, -0.397607856, 0.893293406, -0.209414269, -0.488891602, -0.0130615234, 0.872192383, 0.776347543, 0.44928567, 0.442133672, 0, 0, 0, 0, 0, 0, 0, 0.204968164, 0.0023152832, -0.15248623, -0.270308825, 0.613839871, -0.741569141, 0.484008789, -0.579223633, -0.655761719, -0.832375352, -0.536062909, -0.14054084, 1, 1, 
80.6585637, 0.1, 0.1, 0.125391988, 0.171880629, -0.0199441869, 0.993266659, -7.38216342e-006, -0.115850525, 0.115850525, 1.08925777e-006, 0.993266659, -7.20626571e-006, -1, 1.93715094e-006, 0.993266727, -2.92964403e-005, -0.115849936, 0.115849935, -2.52262115e-005, 0.993266727, -3.20216344e-005, -0.999999999, -2.16623658e-005, 0, 0, 0, 0, 0, 0, 0, 0.117477441, -0.0405043945, -0.183491968, -0.397607856, 0.893293406, -0.209414269, -0.488891602, -0.0130615234, 0.872192383, 0.776347543, 0.44928567, 0.442133672, 0, 0, 0, 0, 0, 0, 0, 0.204968164, 0.0023152832, -0.15248623, -0.270308825, 0.613839871, -0.741569141, 0.484008789, -0.579223633, -0.655761719, -0.832375352, -0.536062909, -0.14054084, 1, 1, 
80.6599619, 0.1, 0.1, 0.125391996, 0.171880631, -0.0199380827, 0.99326638, -3.41908694e-005, -0.115852915, 0.115852914, -6.81675113e-006, 0.99326638, -3.47503816e-005, -0.999999999, -2.80973784e-006, 0.993266443, -1.65878013e-005, -0.115852375, 0.115852375, 1.29182462e-005, 0.993266443, -1.49794969e-005, -1, 1.47529966e-005, 0, 0, 0, 0, 0, 0, 0, 0.117477441, -0.0405043945, -0.183491968, -0.397607856, 0.893293406, -0.209414269, -0.488891602, -0.0130615234, 0.872192383, 0.776347543, 0.44928567, 0.442133672, 0, 0, 0, 0, 0, 0, 0, 0.204968164, 0.0023152832, -0.15248623, -0.270308825, 0.613839871, -0.741569141, 0.484008789, -0.579223633, -0.655761719, -0.832375352, -0.536062909, -0.14054084, 1, 1, 
80.6612934, 0.1, 0.1, 0.125392008, 0.171880625, -0.0199323234, 0.993266221, -6.80028642e-006, -0.115854276, 0.115854276, -4.05044511e-005, 0.993266221, -1.14471087e-005, -0.999999999, -3.94438608e-005, 0.993266228, 4.95080319e-005, -0.115854211, 0.115854214, -5.90203652e-005, 0.993266227, 4.23368982e-005, -0.999999997, -6.43586497e-005, 0, 0, 0, 0, 0, 0, 0, 0.117477441, -0.0405043945, -0.183491968, -0.398134309, 0.893172839, -0.208602498, -0.487426758, -0.0134277344, 0.873046875, 0.776925292, 0.449304766, 0.441016365, 0, 0, 0, 0, 0, 0, 0, 0.204968164, 0.0023152832, -0.15248623, -0.270308825, 0.613839871, -0.741569141, 0.484008789, -0.579223633, -0.655761719, -0.832375352, -0.536062909, -0.14054084, 1, 1, 
80.6624401, 0.1, 0.1, 0.125392011, 0.171880622, -0.01993718, 0.993266329, 1.82403496e-005, -0.115853354, 0.115853355, -4.92289694e-005, 0.993266328, 1.24141838e-005, -0.999999999, -5.10106834e-005, 0.993266287, 4.04253654e-005, -0.115853704, 0.115853705, -3.78302628e-005, 0.993266287, 3.57703766e-005, -0.999999998, -4.2258953e-005, 0, 0, 0, 0, 0, 0, 0, 0.117898779, -0.0422964355, -0.18323064, -0.398134309, 0.893172839, -0.208602498, -0.487426758, -0.0134277344, 0.873046875, 0.776925292, 0.449304766, 0.441016365, 0, 0, 0, 0, 0, 0, 0, 0.205324805, 0.000581445312, -0.151855322, -0.272755446, 0.612733763, -0.741646067, 0.48828125, -0.576049805, -0.655395508, -0.828950221, -0.540720646, -0.14214458, 1, 1, 
80.6634231, 0.1, 0.1, 0.125392006, 0.171880626, -0.0199466685, 0.99326655, 1.55344442e-005, -0.11585146, 0.11585146, 4.41522867e-006, 0.99326655, 1.59413545e-005, -1, 2.5858109e-006, 0.993266496, 1.2358363e-006, -0.115851926, 0.115851926, 3.25318035e-005, 0.993266495, 4.99638689e-006, -0.999999999, 3.21695765e-005, 0, 0, 0, 0, 0, 0, 0, 0.117898779, -0.0422964355, -0.18323064, -0.398134309, 0.893172839, -0.208602498, -0.487426758, -0.0134277344, 0.873046875, 0.776925292, 0.449304766, 0.441016365, 0, 0, 0, 0, 0, 0, 0, 0.205324805, 0.000581445312, -0.151855322, -0.272755446, 0.612733763, -0.741646067, 0.48828125, -0.576049805, -0.655395508, -0.828950221, -0.540720646, -0.14214458, 1, 1, 
80.6646928, 0.1, 0.1, 0.125391998, 0.171880606, -0.0199586497, 0.993266976, -9.92032583e-006, -0.115847809, 0.115847809, -1.37720048e-005, 0.993266976, -1.14489886e-005, -1, -1.25300296e-005, 0.993266897, -3.38995054e-005, -0.115848477, 0.115848475, -5.97381826e-005, 0.993266896, -4.05918341e-005, -0.999999998, -5.54087532e-005, 0, 0, 0, 0, 0, 0, 0, 0.118160474, -0.0445193359, -0.182827246, -0.397486167, 0.893375782, -0.209282841, -0.485351562, -0.0111083984, 0.874267578, 0.778676516, 0.449025439, 0.438281506, 0, 0, 0, 0, 0, 0, 0, 0.20551582, -0.00161328125, -0.151487207, -0.273981856, 0.611001691, -0.742527961, 0.491699219, -0.574584961, -0.654174805, -0.826624268, -0.544094005, -0.14309647, 1, 1, 
80.6657841, 0.1, 0.1, 0.125392011, 0.171880632, -0.0199635636, 0.993267321, 2.18097156e-005, -0.115844845, 0.115844844, 6.18618065e-005, 0.99326732, 2.88292492e-005, -0.999999998, 5.89187678e-005, 0.993267255, 4.6063249e-005, -0.115845403, 0.115845399, 9.36337745e-005, 0.993267252, 5.66001591e-005, -0.999999995, 8.76671467e-005, 0, 0, 0, 0, 0, 0, 0, 0.118160474, -0.0445193359, -0.182827246, -0.397486167, 0.893375782, -0.209282841, -0.485351562, -0.0111083984, 0.874267578, 0.778676516, 0.449025439, 0.438281506, 0, 0, 0, 0, 0, 0, 0, 0.20551582, -0.00161328125, -0.151487207, -0.273981856, 0.611001691, -0.742527961, 0.491699219, -0.574584961, -0.654174805, -0.826624268, -0.544094005, -0.14309647, 1, 1, 
80.6670269, 0.1, 0.1, 0.125392001, 0.171880626, -0.0199608699, 0.993267647, 1.03130299e-005, -0.115842054, 0.115842053, 1.06953218e-005, 0.993267647, 1.1482567e-005, -1, 9.42863453e-006, 0.99326758, -3.29688738e-005, -0.115842622, 0.115842621, -3.1900572e-005, 0.99326758, -3.64423594e-005, -0.999999999, -2.78666032e-005, 0, 0, 0, 0, 0, 0, 0, 0.118160474, -0.0445193359, -0.182827246, -0.397486167, 0.893375782, -0.209282841, -0.485351562, -0.0111083984, 0.874267578, 0.778676516, 0.449025439, 0.438281506, 0, 0, 0, 0, 0, 0, 0, 0.20551582, -0.00161328125, -0.151487207, -0.273981856, 0.611001691, -0.742527961, 0.491699219, -0.574584961, -0.654174805, -0.826624268, -0.544094005, -0.14309647, 1, 1, 
80.6681859, 0.1, 0.1, 0.125392003, 0.171880623, -0.0199527857, 0.993267905, 6.03701464e-006, -0.115839844, 0.115839844, -2.14598955e-005, 0.993267904, 3.51046192e-006, -1, -2.20147523e-005, 0.993267863, -8.69146682e-006, -0.115840203, 0.115840203, -3.83773142e-005, 0.993267862, -1.30785905e-005, -0.999999999, -3.71121316e-005, 0, 0, 0, 0, 0, 0, 0, 0.118160474, -0.0445193359, -0.182827246, -0.397486167, 0.893375782, -0.209282841, -0.485351562, -0.0111083984, 0.874267578, 0.778676516, 0.449025439, 0.438281506, 0, 0, 0, 0, 0, 0, 0, 0.20551582, -0.00161328125, -0.151487207, -0.273981856, 0.611001691, -0.742527961, 0.491699219, -0.574584961, -0.654174805, -0.826624268, -0.544094005, -0.14309647, 1, 1, 
80.6691023, 0.1, 0.1, 0.125392003, 0.171880625, -0.019947596, 0.993268079, -1.90394686e-005, -0.115838349, 0.115838348, -2.66624286e-005, 0.993268079, -2.19998281e-005, -0.999999999, -2.42774387e-005, 0.993268048, -1.6070413e-005, -0.115838615, 0.115838615, -1.7756173e-005, 0.993268048, -1.80190782e-005, -1, -1.57750649e-005, 0, 0, 0, 0, 0, 0, 0, 0.118534326, -0.0463216309, -0.182773413, -0.398958064, 0.893008088, -0.208078288, -0.482543945, -0.0115966797, 0.875732422, 0.779527601, 0.449825227, 0.435742477, 0, 0, 0, 0, 0, 0, 0, 0.205844385, -0.00319052734, -0.151095898, -0.276952363, 0.609109572, -0.74303289, 0.49621582, -0.571533203, -0.653442383, -0.822885971, -0.549448068, -0.144131482, 1, 1, 
80.6700688, 0.1, 0.1, 0.125392006, 0.171880628, -0.0199481826, 0.993268237, -9.07665653e-006, -0.115836993, 0.115836993, -2.39779719e-005, 0.993268237, -1.17930908e-005, -1, -2.27651453e-005, 0.993268193, 3.11866405e-005, -0.115837367, 0.115837366, 2.62066411e-005, 0.993268193, 3.40124064e-005, -0.999999999, 2.24176448e-005, 0, 0, 0, 0, 0, 0, 0, 0.118534326, -0.0463216309, -0.182773413, -0.398958064, 0.893008088, -0.208078288, -0.482543945, -0.0115966797, 0.875732422, 0.779527601, 0.449825227, 0.435742477, 0, 0, 0, 0, 0, 0, 0, 0.205844385, -0.00319052734, -0.151095898, -0.276952363, 0.609109572, -0.74303289, 0.49621582, -0.571533203, -0.653442383, -0.822885971, -0.549448068, -0.144131482, 1, 1, 
80.6711966, 0.1, 0.1, 0.125392012, 0.171880634, -0.0199504601, 0.993268399, 2.74757899e-005, -0.115835601, 0.1158356, 4.03142845e-005, 0.993268399, 3.19606632e-005, -0.999999999, 3.68602302e-005, 0.993268369, 4.09872978e-005, -0.115835853, 0.115835851, 5.12900037e-005, 0.993268369, 4.66526077e-005, -0.999999998, 4.61969398e-005, 0, 0, 0, 0, 0, 0, 0, 0.118534326, -0.0463216309, -0.182773413, -0.398958064, 0.893008088, -0.208078288, -0.482543945, -0.0115966797, 0.875732422, 0.779527601, 0.449825227, 0.435742477, 0, 0, 0, 0, 0, 0, 0, 0.205844385, -0.00319052734, -0.151095898, -0.276952363, 0.609109572, -0.74303289, 0.49621582, -0.571533203, -0.653442383, -0.822885971, -0.549448068, -0.144131482, 1, 1, 
80.672565, 0.1, 0.1, 0.125392024, 0.171880613, -0.0199498484, 0.993268424, 7.21021517e-005, -0.115835369, 0.115835373, -4.75657159e-005, 0.993268425, 6.61069984e-005, -0.999999996, -5.55975033e-005, 0.993268437, 6.84425098e-005, -0.115835261, 0.115835267, -7.81934863e-005, 0.993268435, 5.89242217e-005, -0.999999995, -8.55951783e-005, 0, 0, 0, 0, 0, 0, 0, 0.118534326, -0.0463216309, -0.182773413, -0.398958064, 0.893008088, -0.208078288, -0.482543945, -0.0115966797, 0.875732422, 0.779527601, 0.449825227, 0.435742477, 0, 0, 0, 0, 0, 0, 0, 0.205844385, -0.00319052734, -0.151095898, -0.276952363, 0.609109572, -0.74303289, 0.49621582, -0.571533203, -0.653442383, -0.822885971, -0.549448068, -0.144131482, 1, 1, 
80.6737313, 0.1, 0.1, 0.125392022, 0.171880642, -0.0199472772, 0.993268346, 3.56592791e-006, -0.115836063, 0.115836062, 0.000105886816, 0.99326834, 1.58074351e-005, -0.999999994, 0.000104760959, 0.993268357, -3.0519774e-005, -0.115835961, 0.115835964, 0.000122236156, 0.99326835, -1.61549829e-005, -0.999999992, 0.000124948593, 0, 0, 0, 0, 0, 0, 0, 0.119011816, -0.0480946289, -0.18254248, -0.398449585, 0.893293406, -0.207800083, -0.48046875, -0.0102539063, 0.876953125, 0.781177353, 0.44928567, 0.433597351, 0, 0, 0, 0, 0, 0, 0, 0.205844385, -0.00319052734, -0.151095898, -0.27904754, 0.607409216, -0.743595422, 0.500854492, -0.568603516, -0.65234375, -0.819301159, -0.554291006, -0.145786261, 1, 1, 
80.6750292, 0.1, 0.1, 0.125392024, 0.171880622, -0.0199421823, 0.993268375, 1.98750485e-005, -0.115835811, 0.115835812, -7.99432402e-005, 0.993268372, 1.0480967e-005, -0.999999997, -8.17073346e-005, 0.993268379, 2.2910522e-005, -0.115835778, 0.11583578, -0.000106082074, 0.993268373, 1.04681973e-005, -0.999999994, -0.000108021828, 0, 0, 0, 0, 0, 0, 0, 0.119011816, -0.0480946289, -0.18254248, -0.398449585, 0.893293406, -0.207800083, -0.48046875, -0.0102539063, 0.876953125, 0.781177353, 0.44928567, 0.433597351, 0, 0, 0, 0, 0, 0, 0, 0.206450879, -0.00496757813, -0.150498193, -0.27904754, 0.607409216, -0.743595422, 0.500854492, -0.568603516, -0.65234375, -0.819301159, -0.554291006, -0.145786261, 1, 1, 
80.6764554, 0.1, 0.1, 0.125392019, 0.171880657, -0.0199393803, 0.99326844, -3.27431142e-005, -0.115835247, 0.11583525, 9.78717955e-005, 0.993268436, -2.11856982e-005, -0.999999995, 0.000101005772, 0.993268422, 2.08052018e-006, -0.115835406, 0.115835404, 0.000131436052, 0.993268414, 1.72914634e-005, -0.999999991, 0.000130310282, 0, 0, 0, 0, 0, 0, 0, 0.119011816, -0.0480946289, -0.18254248, -0.398449585, 0.893293406, -0.207800083, -0.48046875, -0.0102539063, 0.876953125, 0.781177353, 0.44928567, 0.433597351, 0, 0, 0, 0, 0, 0, 0, 0.206450879, -0.00496757813, -0.150498193, -0.279922504, 0.6053257, -0.744975682, 0.504516602, -0.567382813, -0.650634766, -0.816815525, -0.557824046, -0.146667789, 1, 1, 
80.6775309, 0.1, 0.1, 0.12539202, 0.171880645, -0.0199394128, 0.993268462, 6.99955616e-008, -0.115835065, 0.115835065, -6.78447877e-005, 0.99326846, -7.78928102e-006, -0.999999998, -6.73961959e-005, 0.99326845, -8.96451025e-007, -0.115835165, 0.115835164, -8.80496922e-005, 0.993268447, -1.10896671e-005, -0.999999996, -8.73531408e-005, 0, 0, 0, 0, 0, 0, 0, 0.119011816, -0.0480946289, -0.18254248, -0.398449585, 0.893293406, -0.207800083, -0.48046875, -0.0102539063, 0.876953125, 0.781177353, 0.44928567, 0.433597351, 0, 0, 0, 0, 0, 0, 0, 0.206891748, -0.00696567383, -0.150161572, -0.279922504, 0.6053257, -0.744975682, 0.504516602, -0.567382813, -0.650634766, -0.816815525, -0.557824046, -0.146667789, 1, 1, 
80.6789408, 0.1, 0.1, 0.125392015, 0.171880695, -0.0199412351, 0.993268368, -6.85721838e-006, -0.115835869, 0.115835868, 0.000143882403, 0.993268358, 9.85568511e-006, -0.99999999, 0.000143708152, 0.993268393, -3.72854619e-005, -0.11583565, 0.115835655, 0.000171861074, 0.993268378, -1.7126831e-005, -0.999999985, 0.000175023159, 0, 0, 0, 0, 0, 0, 0, 0.119932495, -0.0503352295, -0.182403101, -0.39795421, 0.893109559, -0.20933039, -0.479492187, -0.00793457032, 0.877441406, 0.781964037, 0.449685564, 0.431738665, 0, 0, 0, 0, 0, 0, 0, 0.206891748, -0.00696567383, -0.150161572, -0.279922504, 0.6053257, -0.744975682, 0.504516602, -0.567382813, -0.650634766, -0.816815525, -0.557824046, -0.146667789, 1, 1, 
80.6802644, 0.1, 0.1, 0.125392018, 0.171880679, -0.0199453238, 0.993268272, 2.14613051e-005, -0.115836691, 0.115836692, -8.77727544e-005, 0.993268268, 1.1149528e-005, -0.999999996, -8.96678987e-005, 0.993268313, 2.43849931e-005, -0.115836344, 0.115836346, -9.62767228e-005, 0.993268308, 1.30684972e-005, -0.999999995, -9.84532865e-005, 0, 0, 0, 0, 0, 0, 0, 0.119932495, -0.0503352295, -0.182403101, -0.39795421, 0.893109559, -0.20933039, -0.479492187, -0.00793457032, 0.877441406, 0.781964037, 0.449685564, 0.431738665, 0, 0, 0, 0, 0, 0, 0, 0.206891748, -0.00696567383, -0.150161572, -0.279922504, 0.6053257, -0.744975682, 0.504516602, -0.567382813, -0.650634766, -0.816815525, -0.557824046, -0.146667789, 1, 1, 
80.6814426, 0.1, 0.1, 0.125392016, 0.171880684, -0.0199476716, 0.993268233, -1.34094252e-005, -0.115837029, 0.115837029, 1.9650033e-005, 0.993268233, -1.10429546e-005, -1, 2.10710615e-005, 0.993268233, 8.12891273e-006, -0.115837027, 0.115837027, 4.73551582e-005, 0.993268232, 1.35596715e-005, -0.999999999, 4.60947453e-005, 0, 0, 0, 0, 0, 0, 0, 0.120542065, -0.0527650146, -0.181692749, -0.394925798, 0.893680196, -0.212670329, -0.477661133, -0.0018310547, 0.878540039, 0.784697774, 0.448606449, 0.42781835, 0, 0, 0, 0, 0, 0, 0, 0.20714209, -0.0096112793, -0.149383105, -0.279941461, 0.603076305, -0.746688064, 0.506713867, -0.567871094, -0.64855957, -0.815467347, -0.559778864, -0.146725025, 1, 1, 
80.6827832, 0.1, 0.1, 0.12539202, 0.171880676, -0.0199478369, 0.993268131, -8.05204201e-006, -0.1158379, 0.115837901, 4.65556852e-005, 0.99326813, -2.60492388e-006, -0.999999999, 4.71750101e-005, 0.993268142, -2.78635454e-006, -0.11583781, 0.11583781, -9.10271847e-006, 0.993268142, -3.82203617e-006, -1, -8.71867506e-006, 0, 0, 0, 0, 0, 0, 0, 0.120542065, -0.0527650146, -0.181692749, -0.394925798, 0.893680196, -0.212670329, -0.477661133, -0.0018310547, 0.878540039, 0.784697774, 0.448606449, 0.42781835, 0, 0, 0, 0, 0, 0, 0, 0.20714209, -0.0096112793, -0.149383105, -0.279941461, 0.603076305, -0.746688064, 0.506713867, -0.567871094, -0.64855957, -0.815467347, -0.559778864, -0.146725025, 1, 1, 
80.6841136, 0.1, 0.1, 0.125392012, 0.171880684, -0.0199463997, 0.993268137, -7.21388499e-005, -0.115837826, 0.115837821, -6.12262522e-005, 0.993268139, -7.87455371e-005, -0.999999996, -5.24576783e-005, 0.993268138, -4.50204145e-005, -0.115837837, 0.115837836, -1.34335193e-005, 0.993268139, -4.62734531e-005, -0.999999999, -8.12801926e-006, 0, 0, 0, 0, 0, 0, 0, 0.120542065, -0.0527650146, -0.181692749, -0.394925798, 0.893680196, -0.212670329, -0.477661133, -0.0018310547, 0.878540039, 0.784697774, 0.448606449, 0.42781835, 0, 0, 0, 0, 0, 0, 0, 0.20714209, -0.0096112793, -0.149383105, -0.279941461, 0.603076305, -0.746688064, 0.506713867, -0.567871094, -0.64855957, -0.815467347, -0.559778864, -0.146725025, 1, 1, 
80.6852887, 0.1, 0.1, 0.125392015, 0.171880686, -0.0199433938, 0.993268119, 6.69547446e-005, -0.115837989, 0.115837985, 5.40356093e-005, 0.99326812, 7.27633896e-005, -0.999999996, 4.59159453e-005, 0.993268122, 6.49277732e-005, -0.115837965, 0.115837962, 5.83667202e-005, 0.993268123, 7.12517695e-005, -0.999999996, 5.04527016e-005, 0, 0, 0, 0, 0, 0, 0, 0.120542065, -0.0527650146, -0.181692749, -0.394925798, 0.893680196, -0.212670329, -0.477661133, -0.0018310547, 0.878540039, 0.784697774, 0.448606449, 0.42781835, 0, 0, 0, 0, 0, 0, 0, 0.20714209, -0.0096112793, -0.149383105, -0.279941461, 0.603076305, -0.746688064, 0.506713867, -0.567871094, -0.64855957, -0.815467347, -0.559778864, -0.146725025, 1, 1, 
80.686697, 0.1, 0.1, 0.125392004, 0.17188066, -0.0199403686, 0.993268114, -2.5040351e-005, -0.115838045, 0.115838043, -5.03307026e-005, 0.993268113, -3.07019924e-005, -0.999999998, -4.70912568e-005, 0.993268112, -5.28252406e-005, -0.115838056, 0.11583805, -9.39389544e-005, 0.993268109, -6.33513327e-005, -0.999999994, -8.7187395e-005, 0, 0, 0, 0, 0, 0, 0, 0.120655713, -0.0549940186, -0.180751709, -0.392836838, 0.893762571, -0.215870605, -0.475585937, 0.00341796874, 0.879638672, 0.786962346, 0.448346218, 0.423999506, 0, 0, 0, 0, 0, 0, 0, 0.207424414, -0.0121603516, -0.148484424, -0.279832453, 0.599389048, -0.749831746, 0.510742188, -0.568359375, -0.644897461, -0.813001036, -0.563234978, -0.147178182, 1, 1, 
80.6878624, 0.1, 0.1, 0.125392012, 0.171880673, -0.0199410419, 0.993268116, -2.77778337e-005, -0.115838026, 0.115838026, -1.91353285e-005, 0.993268117, -2.98074352e-005, -0.999999999, -1.57887823e-005, 0.993268117, 2.36730549e-005, -0.115838018, 0.115838017, 4.38638081e-005, 0.993268117, 2.85947872e-005, -0.999999999, 4.08262823e-005, 0, 0, 0, 0, 0, 0, 0, 0.120655713, -0.0549940186, -0.180751709, -0.392836838, 0.893762571, -0.215870605, -0.475585937, 0.00341796874, 0.879638672, 0.786962346, 0.448346218, 0.423999506, 0, 0, 0, 0, 0, 0, 0, 0.207424414, -0.0121603516, -0.148484424, -0.279832453, 0.599389048, -0.749831746, 0.510742188, -0.568359375, -0.644897461, -0.813001036, -0.563234978, -0.147178182, 1, 1, 
80.6891826, 0.1, 0.1, 0.125392, 0.171880662, -0.019940886, 0.993268104, 5.89134729e-005, -0.115838122, 0.115838118, 6.66946334e-005, 0.993268104, 6.62426546e-005, -0.999999996, 5.94212263e-005, 0.993268107, 2.67396543e-005, -0.115838104, 0.115838103, 3.41575383e-005, 0.993268107, 3.05163903e-005, -0.999999999, 3.08301226e-005, 0, 0, 0, 0, 0, 0, 0, 0.120655713, -0.0549940186, -0.180751709, -0.392836838, 0.893762571, -0.215870605, -0.475585937, 0.00341796874, 0.879638672, 0.786962346, 0.448346218, 0.423999506, 0, 0, 0, 0, 0, 0, 0, 0.207424414, -0.0121603516, -0.148484424, -0.279832453, 0.599389048, -0.749831746, 0.510742188, -0.568359375, -0.644897461, -0.813001036, -0.563234978, -0.147178182, 1, 1, 
80.6906164, 0.1, 0.1, 0.125391992, 0.171880649, -0.0199433868, 0.993268101, -5.69435624e-005, -0.115838151, 0.115838146, -7.57583775e-005, 0.9932681, -6.53359343e-005, -0.999999996, -6.8652143e-005, 0.993268099, -6.17234805e-005, -0.115838158, 0.115838152, -8.79745864e-005, 0.993268098, -7.14987781e-005, -0.999999994, -8.02324163e-005, 0, 0, 0, 0, 0, 0, 0, 0.120655713, -0.0549940186, -0.180751709, -0.391008109, 0.893946418, -0.218550419, -0.473510742, 0.00830078124, 0.880737305, 0.789144542, 0.447946323, 0.420345413, 0, 0, 0, 0, 0, 0, 0, 0.207424414, -0.0121603516, -0.148484424, -0.279832453, 0.599389048, -0.749831746, 0.510742188, -0.568359375, -0.644897461, -0.813001036, -0.563234978, -0.147178182, 1, 1, 
80.6917196, 0.1, 0.1, 0.125392, 0.171880663, -0.0199451506, 0.993268113, 2.96216397e-005, -0.115838051, 0.11583805, 5.01991153e-005, 0.993268113, 3.52371978e-005, -0.999999998, 4.64298676e-005, 0.99326811, 5.03371437e-005, -0.115838072, 0.115838068, 7.87961608e-005, 0.993268109, 5.91258748e-005, -0.999999996, 7.24347563e-005, 0, 0, 0, 0, 0, 0, 0, 0.120979053, -0.0574415039, -0.180006812, -0.391008109, 0.893946418, -0.218550419, -0.473510742, 0.00830078124, 0.880737305, 0.789144542, 0.447946323, 0.420345413, 0, 0, 0, 0, 0, 0, 0, 0.207466895, -0.0147177246, -0.14734248, -0.279966247, 0.595580389, -0.752758144, 0.514526367, -0.568847656, -0.641479492, -0.810560244, -0.566703852, -0.147363016, 1, 1, 
80.6930972, 0.1, 0.1, 0.125391988, 0.171880649, -0.0199458439, 0.993268127, 3.46652153e-005, -0.115837932, 0.11583793, 4.21139272e-005, 0.993268127, 3.93102437e-005, -0.999999999, 3.78148748e-005, 0.993268125, -2.21825167e-005, -0.11583795, 0.115837949, -3.1767647e-005, 0.993268125, -2.57130859e-005, -0.999999999, -2.89842139e-005, 0, 0, 0, 0, 0, 0, 0, 0.120979053, -0.0574415039, -0.180006812, -0.390671494, 0.8936611, -0.220543899, -0.472900391, 0.0107421875, 0.880981445, 0.789709187, 0.448485881, 0.418683678, 0, 0, 0, 0, 0, 0, 0, 0.207466895, -0.0147177246, -0.14734248, -0.279966247, 0.595580389, -0.752758144, 0.514526367, -0.568847656, -0.641479492, -0.810560244, -0.566703852, -0.147363016, 1, 1, 
80.6944572, 0.1, 0.1, 0.12539199, 0.171880652, -0.0199456524, 0.993268136, -6.29767466e-005, -0.115837846, 0.115837841, -8.04621428e-005, 0.993268135, -7.1873357e-005, -0.999999995, -7.26253922e-005, 0.993268135, -3.79933663e-005, -0.115837867, 0.115837865, -5.03950374e-005, 0.993268134, -4.35752537e-005, -0.999999998, -4.56547144e-005, 0, 0, 0, 0, 0, 0, 0, 0.1216677, -0.0590171387, -0.178997534, -0.390671494, 0.8936611, -0.220543899, -0.472900391, 0.0107421875, 0.880981445, 0.789709187, 0.448485881, 0.418683678, 0, 0, 0, 0, 0, 0, 0, 0.207901904, -0.0164229004, -0.146405957, -0.281530975, 0.591892765, -0.755084098, 0.520385742, -0.567016602, -0.638427734, -0.806183223, -0.572492116, -0.148589425, 1, 1, 
80.6955866, 0.1, 0.1, 0.125391994, 0.171880658, -0.0199450264, 0.993268151, 6.05388454e-005, -0.115837719, 0.115837714, 7.41638718e-005, 0.99326815, 6.87222807e-005, -0.999999995, 6.66519303e-005, 0.993268147, 5.73530717e-005, -0.115837749, 0.115837745, 7.48115126e-005, 0.993268147, 6.56329764e-005, -0.999999996, 6.7664242e-005, 0, 0, 0, 0, 0, 0, 0, 0.1216677, -0.0590171387, -0.178997534, -0.390671494, 0.8936611, -0.220543899, -0.472900391, 0.0107421875, 0.880981445, 0.789709187, 0.448485881, 0.418683678, 0, 0, 0, 0, 0, 0, 0, 0.207901904, -0.0164229004, -0.146405957, -0.281530975, 0.591892765, -0.755084098, 0.520385742, -0.567016602, -0.638427734, -0.806183223, -0.572492116, -0.148589425, 1, 1, 
80.6968838, 0.1, 0.1, 0.125391983, 0.171880645, -0.0199440563, 0.993268173, -2.48813687e-005, -0.115837537, 0.115837536, -3.04052563e-005, 0.993268173, -2.82359416e-005, -0.999999999, -2.73183769e-005, 0.993268168, -5.45446181e-005, -0.11583757, 0.115837566, -6.98008266e-005, 0.993268168, -6.2262991e-005, -0.999999996, -6.30126234e-005, 0, 0, 0, 0, 0, 0, 0, 0.1216677, -0.0590171387, -0.178997534, -0.390671494, 0.8936611, -0.220543899, -0.472900391, 0.0107421875, 0.880981445, 0.789709187, 0.448485881, 0.418683678, 0, 0, 0, 0, 0, 0, 0, 0.207901904, -0.0164229004, -0.146405957, -0.281530975, 0.591892765, -0.755084098, 0.520385742, -0.567016602, -0.638427734, -0.806183223, -0.572492116, -0.148589425, 1, 1, 
80.6983139, 0.1, 0.1, 0.125391986, 0.171880649, -0.0199434727, 0.993268196, -6.48543922e-005, -0.115837326, 0.11583732, -8.38435536e-005, 0.993268196, -7.41300182e-005, -0.999999994, -7.57665763e-005, 0.99326819, 3.15778462e-005, -0.115837391, 0.11583739, 3.59636721e-005, 0.99326819, 3.55312081e-005, -0.999999999, 3.20636762e-005, 0, 0, 0, 0, 0, 0, 0, 0.12206416, -0.0609629639, -0.17855752, -0.387465227, 0.895068595, -0.220500838, -0.470214844, 0.0137939453, 0.882446289, 0.79278553, 0.445667525, 0.415834243, 0, 0, 0, 0, 0, 0, 0, 0.207901904, -0.0164229004, -0.146405957, -0.284437684, 0.589789926, -0.755595224, 0.523681641, -0.564575195, -0.637817383, -0.803051935, -0.577009129, -0.148397661, 1, 1, 
80.6994357, 0.1, 0.1, 0.125391978, 0.171880639, -0.0199420788, 0.993268215, 5.07938158e-005, -0.115837168, 0.115837165, 5.94321751e-005, 0.993268215, 5.73363377e-005, -0.999999997, 5.31482789e-005, 0.993268214, 1.99735471e-005, -0.115837192, 0.115837192, 2.13125861e-005, 0.993268214, 2.23078796e-005, -1, 1.88554348e-005, 0, 0, 0, 0, 0, 0, 0, 0.12206416, -0.0609629639, -0.17855752, -0.387465227, 0.895068595, -0.220500838, -0.470214844, 0.0137939453, 0.882446289, 0.79278553, 0.445667525, 0.415834243, 0, 0, 0, 0, 0, 0, 0, 0.207998682, -0.0182197266, -0.145989258, -0.284437684, 0.589789926, -0.755595224, 0.523681641, -0.564575195, -0.637817383, -0.803051935, -0.577009129, -0.148397661, 1, 1, 
80.7008205, 0.1, 0.1, 0.125391966, 0.171880626, -0.0199410386, 0.993268221, -6.82602493e-005, -0.115837108, 0.115837103, -8.43357506e-005, 0.993268221, -7.75699458e-005, -0.999999994, -7.58609515e-005, 0.99326822, -8.14419227e-005, -0.115837109, 0.115837101, -9.64137545e-005, 0.99326822, -9.20619642e-005, -0.999999992, -8.63307221e-005, 0, 0, 0, 0, 0, 0, 0, 0.12206416, -0.0609629639, -0.17855752, -0.387465227, 0.895068595, -0.220500838, -0.470214844, 0.0137939453, 0.882446289, 0.79278553, 0.445667525, 0.415834243, 0, 0, 0, 0, 0, 0, 0, 0.207998682, -0.0182197266, -0.145989258, -0.284437684, 0.589789926, -0.755595224, 0.523681641, -0.564575195, -0.637817383, -0.803051935, -0.577009129, -0.148397661, 1, 1, 
80.7020351, 0.1, 0.1, 0.12539198, 0.171880641, -0.019942972, 0.993268213, 4.61311256e-005, -0.11583719, 0.115837188, 4.8134002e-005, 0.993268213, 5.13962882e-005, -0.999999998, 4.24662744e-005, 0.993268214, 7.6102181e-005, -0.115837165, 0.115837158, 8.10172106e-005, 0.993268215, 8.49746814e-005, -0.999999994, 7.16563597e-005, 0, 0, 0, 0, 0, 0, 0, 0.12206416, -0.0609629639, -0.17855752, -0.387465227, 0.895068595, -0.220500838, -0.470214844, 0.0137939453, 0.882446289, 0.79278553, 0.445667525, 0.415834243, 0, 0, 0, 0, 0, 0, 0, 0.207998682, -0.0182197266, -0.145989258, -0.284437684, 0.589789926, -0.755595224, 0.523681641, -0.564575195, -0.637817383, -0.803051935, -0.577009129, -0.148397661, 1, 1, 
80.7031463, 0.1, 0.1, 0.125391974, 0.171880636, -0.0199452369, 0.993268202, 3.31543176e-005, -0.115837292, 0.11583729, 5.24129274e-005, 0.993268201, 3.90025009e-005, -0.999999998, 4.82195879e-005, 0.993268203, -9.20305928e-006, -0.115837282, 0.115837282, -2.06065505e-006, 0.993268204, -9.37980684e-006, -1, -9.80725766e-007, 0, 0, 0, 0, 0, 0, 0, 0.122470142, -0.062927832, -0.17799729, -0.384056016, 0.896070205, -0.222463239, -0.468383789, 0.0184326172, 0.883300781, 0.795582547, 0.443407823, 0.412808075, 0, 0, 0, 0, 0, 0, 0, 0.20798623, -0.020488916, -0.145671924, -0.285261609, 0.586780039, -0.75774837, 0.526245117, -0.564819336, -0.635498047, -0.801051907, -0.579903077, -0.147764767, 1, 1, 
80.7040981, 0.1, 0.1, 0.125391981, 0.171880644, -0.0199529303, 0.993268205, -3.9504518e-005, -0.115837265, 0.115837262, -6.54486577e-005, 0.993268204, -4.68199752e-005, -0.999999997, -6.04319755e-005, 0.993268202, 1.90477784e-005, -0.11583729, 0.11583729, 1.69683238e-005, 0.993268202, 2.08851172e-005, -1, 1.46476535e-005, 0, 0, 0, 0, 0, 0, 0, 0.122470142, -0.062927832, -0.17799729, -0.384056016, 0.896070205, -0.222463239, -0.468383789, 0.0184326172, 0.883300781, 0.795582547, 0.443407823, 0.412808075, 0, 0, 0, 0, 0, 0, 0, 0.20798623, -0.020488916, -0.145671924, -0.285261609, 0.586780039, -0.75774837, 0.526245117, -0.564819336, -0.635498047, -0.801051907, -0.579903077, -0.147764767, 1, 1, 
80.7050694, 0.1, 0.1, 0.125391962, 0.171880618, -0.019961303, 0.993268219, -3.56530727e-005, -0.115837144, 0.115837143, -4.16349389e-005, 0.993268219, -4.02359365e-005, -0.999999998, -3.72247115e-005, 0.993268213, -6.27708039e-005, -0.115837182, 0.115837177, -8.55570443e-005, 0.993268212, -7.22589311e-005, -0.999999994, -7.77098998e-005, 0, 0, 0, 0, 0, 0, 0, 0.122470142, -0.062927832, -0.17799729, -0.384056016, 0.896070205, -0.222463239, -0.468383789, 0.0184326172, 0.883300781, 0.795582547, 0.443407823, 0.412808075, 0, 0, 0, 0, 0, 0, 0, 0.20798623, -0.020488916, -0.145671924, -0.285261609, 0.586780039, -0.75774837, 0.526245117, -0.564819336, -0.635498047, -0.801051907, -0.579903077, -0.147764767, 1, 1, 
80.7060338, 0.1, 0.1, 0.125391974, 0.171880638, -0.0199678136, 0.993268242, 4.53509046e-005, -0.115836945, 0.115836941, 7.85021316e-005, 0.99326824, 5.41390603e-005, -0.999999996, 7.27203642e-005, 0.993268236, 5.56120795e-005, -0.115836993, 0.115836988, 9.43997698e-005, 0.993268233, 6.61726975e-005, -0.999999994, 8.7322357e-005, 0, 0, 0, 0, 0, 0, 0, 0.122470142, -0.062927832, -0.17799729, -0.384056016, 0.896070205, -0.222463239, -0.468383789, 0.0184326172, 0.883300781, 0.795582547, 0.443407823, 0.412808075, 0, 0, 0, 0, 0, 0, 0, 0.20813623, -0.022138916, -0.145106689, -0.287465427, 0.583597344, -0.75935211, 0.530273438, -0.563110352, -0.633544922, -0.797601256, -0.58465633, -0.147687841, 1, 1, 
80.7069762, 0.1, 0.1, 0.125391973, 0.171880632, -0.0199694827, 0.993268233, -1.036697e-005, -0.115837029, 0.115837027, -8.99443067e-005, 0.993268229, -2.07160632e-005, -0.999999996, -8.81379436e-005, 0.993268243, -1.82055773e-005, -0.115836943, 0.115836941, -7.54157452e-005, 0.99326824, -2.68189511e-005, -0.999999997, -7.27991863e-005, 0, 0, 0, 0, 0, 0, 0, 0.122470142, -0.062927832, -0.17799729, -0.384056016, 0.896070205, -0.222463239, -0.468383789, 0.0184326172, 0.883300781, 0.795582547, 0.443407823, 0.412808075, 0, 0, 0, 0, 0, 0, 0, 0.20813623, -0.022138916, -0.145106689, -0.287465427, 0.583597344, -0.75935211, 0.530273438, -0.563110352, -0.633544922, -0.797601256, -0.58465633, -0.147687841, 1, 1, 
80.7079691, 0.1, 0.1, 0.125391982, 0.171880625, -0.0199673488, 0.993268121, 2.15090627e-005, -0.115837991, 0.11583799, 4.98219263e-005, 0.99326812, 2.71355381e-005, -0.999999999, 4.69949645e-005, 0.993268154, 4.3802871e-005, -0.115837699, 0.1158377, -1.56504203e-006, 0.993268155, 4.33267059e-005, -0.999999999, -6.62853021e-006, 0, 0, 0, 0, 0, 0, 0, 0.122840967, -0.0649056396, -0.177417529, -0.381281844, 0.896786496, -0.224114113, -0.467407227, 0.0220947266, 0.883666992, 0.797491408, 0.441687678, 0.410968485, 0, 0, 0, 0, 0, 0, 0, 0.20813623, -0.022138916, -0.145106689, -0.287465427, 0.583597344, -0.75935211, 0.530273438, -0.563110352, -0.633544922, -0.797601256, -0.58465633, -0.147687841, 1, 1, 
80.7089005, 0.1, 0.1, 0.125391977, 0.171880649, -0.0199610409, 0.993267902, 1.86304644e-005, -0.115839863, 0.115839862, 4.65019426e-005, 0.993267902, 2.38918209e-005, -0.999999999, 4.40307365e-005, 0.99326794, -1.53161192e-005, -0.115839538, 0.115839539, 7.97158689e-005, 0.993267937, -5.97876063e-006, -0.999999997, 8.09534291e-005, 0, 0, 0, 0, 0, 0, 0, 0.122840967, -0.0649056396, -0.177417529, -0.381281844, 0.896786496, -0.224114113, -0.467407227, 0.0220947266, 0.883666992, 0.797491408, 0.441687678, 0.410968485, 0, 0, 0, 0, 0, 0, 0, 0.20813623, -0.022138916, -0.145106689, -0.287465427, 0.583597344, -0.75935211, 0.530273438, -0.563110352, -0.633544922, -0.797601256, -0.58465633, -0.147687841, 1, 1, 
80.7098146, 0.1, 0.1, 0.125391979, 0.171880641, -0.0199560002, 0.99326782, -3.82786617e-005, -0.115840568, 0.115840567, -3.02132823e-005, 0.99326782, -4.15208867e-005, -0.999999999, -2.55756592e-005, 0.993267826, -1.67076999e-005, -0.115840521, 0.11584052, -5.30876302e-005, 0.993267824, -2.27449195e-005, -0.999999998, -5.07948063e-005, 0, 0, 0, 0, 0, 0, 0, 0.122840967, -0.0649056396, -0.177417529, -0.381281844, 0.896786496, -0.224114113, -0.467407227, 0.0220947266, 0.883666992, 0.797491408, 0.441687678, 0.410968485, 0, 0, 0, 0, 0, 0, 0, 0.20813623, -0.022138916, -0.145106689, -0.287465427, 0.583597344, -0.75935211, 0.530273438, -0.563110352, -0.633544922, -0.797601256, -0.58465633, -0.147687841, 1, 1, 
