time, realDorsalTactorPos, realVentralTactorPos, boxPosX, boxPosY, boxPosZ, boxLocalRot_11, boxLocalRot_12, boxLocalRot_13, boxLocalRot_21, boxLocalRot_22, boxLocalRot_23, boxLocalRot_31, boxLocalRot_32, boxLocalRot_33, boxGlobalRot_11, boxGlobalRot_12, boxGlobalRot_13, boxGlobalRot_21, boxGlobalRot_22, boxGlobalRot_23, boxGlobalRot_31, boxGlobalRot_32, boxGlobalRot_33, indexForceX, indexForceY, indexForceZ, indexForceGlobalX, indexForceGlobalY, indexForceGlobalZ, indexContact, indexPosX, indexPosY, indexPosZ, indexRot_11, indexRot_12, indexRot_13, indexRot_21, indexRot_22, indexRot_23, indexRot_31, indexRot_32, indexRot_33, thumbForceX, thumbForceY, thumbForceZ, thumbForceGlobalX, thumbForceGlobalY, thumbForceGlobalZ, thumbContact, thumbPosX, thumbPosY, thumbPosZ, thumbRot_11, thumbRot_12, thumbRot_13, thumbRot_21, thumbRot_22, thumbRot_23, thumbRot_31, thumbRot_32, thumbRot_33, mapping, trialSuccess, 
1322.59662, 0.1, 0.1, 0.0784000682, 0.197400959, -0.019967359, 0.971177735, -1.70203045e-005, -0.238356472, 0.238356472, 1.55892576e-005, 0.971177734, -1.28139403e-005, -1, 1.91968396e-005, 0.971177684, -6.61894238e-006, -0.238356679, 0.238356679, 1.25922932e-005, 0.971177684, -3.42671192e-006, -1, 1.38070233e-005, 0, 0, 0, 0, 0, 0, 0, 0.145600635, 0.0467227051, -0.0836141602, -0.446958788, 0.694594416, -0.563544276, -0.614868164, 0.21887207, 0.757568359, 0.649695938, 0.685177557, 0.329519365, 0, 0, 0, 0, 0, 0, 0, 0.217328467, 0.0968919922, -0.0761931641, -0.348331843, 0.711263704, -0.610347451, -0.164794922, -0.6875, -0.70715332, -0.922690775, -0.145689079, 0.356857393, 5, 1, 
1322.61267, 0.1, 0.1, 0.0784000523, 0.197401009, -0.0199426171, 0.971195864, -2.46121971e-005, -0.238282592, 0.238282593, 2.5668888e-005, 0.971195863, -1.77868149e-005, -0.999999999, 3.0794176e-005, 0.971195408, -3.08681298e-005, -0.238284448, 0.238284448, -2.7160612e-005, 0.971195408, -3.64509373e-005, -0.999999999, -1.90228664e-005, 0, 0, 0, 0, 0, 0, 0, 0.155113354, 0.0319408691, -0.0745193115, -0.452717189, 0.693441161, -0.560452585, -0.616210937, 0.21105957, 0.758789063, 0.644551974, 0.688820789, 0.331872304, 0, 0, 0, 0, 0, 0, 1, 0.225993555, 0.0823902832, -0.0672936523, -0.363544589, 0.700092191, -0.614506821, -0.150146484, -0.695068359, -0.70300293, -0.919257248, -0.163188033, 0.357893138, 5, 1, 
1322.61389, 0.1, 0.1, 0.0784000539, 0.197401017, -0.0199489167, 0.971198216, -2.58897417e-005, -0.238273006, 0.238273006, -1.36893462e-005, 0.971198216, -2.84058726e-005, -1, -7.12624203e-006, 0.971197738, -8.29142436e-006, -0.238274954, 0.238274953, -2.58649738e-005, 0.971197738, -1.4215588e-005, -1, -2.31443653e-005, 0, 0, 0, 0, 0, 0, 0, 0.155113354, 0.0319408691, -0.0745193115, -0.452717189, 0.693441161, -0.560452585, -0.616210937, 0.21105957, 0.758789063, 0.644551974, 0.688820789, 0.331872304, 0, 0, 0, 0, 0, 0, 1, 0.225993555, 0.0823902832, -0.0672936523, -0.363544589, 0.700092191, -0.614506821, -0.150146484, -0.695068359, -0.70300293, -0.919257248, -0.163188033, 0.357893138, 5, 1, 
1322.61515, 0.1, 0.1, 0.0784000537, 0.197401027, -0.0199532521, 0.971200645, -1.69747979e-005, -0.238263102, 0.238263102, -3.25038337e-005, 0.971200645, -2.42303989e-005, -0.999999999, -2.75232763e-005, 0.971200129, 2.18843064e-005, -0.238265208, 0.238265208, -8.85574835e-006, 0.971200129, 1.91440244e-005, -1, -1.38149728e-005, 0, 0, 0, 0, 0, 0, 0, 0.156567041, 0.0294667725, -0.0728963135, -0.454773949, 0.693010187, -0.559291094, -0.615966797, 0.208740234, 0.759643555, 0.643271038, 0.690001376, 0.332182709, 0, 0, 0, 0, 0, 0, 1, 0.225993555, 0.0823902832, -0.0672936523, -0.368592051, 0.696743253, -0.615228668, -0.146118164, -0.697021484, -0.701782227, -0.917946617, -0.168695214, 0.358921953, 5, 1, 
1322.61636, 0.1, 0.1, 0.0784000506, 0.197401033, -0.019953315, 0.971202988, 1.56356671e-005, -0.238253555, 0.238253556, -1.96131674e-005, 0.971202987, 1.05124997e-005, -1, -2.277362e-005, 0.971202524, 2.08110079e-005, -0.238255444, 0.238255444, 2.23663239e-005, 0.971202524, 2.55406019e-005, -1, 1.67638943e-005, 0, 0, 0, 0, 0, 0, 0, 0.156567041, 0.0294667725, -0.0728963135, -0.454773949, 0.693010187, -0.559291094, -0.615966797, 0.208740234, 0.759643555, 0.643271038, 0.690001376, 0.332182709, 0, 0, 0, 0, 0, 0, 1, 0.227026611, 0.0800437012, -0.0655338379, -0.368592051, 0.696743253, -0.615228668, -0.146118164, -0.697021484, -0.701782227, -0.917946617, -0.168695214, 0.358921953, 5, 1, 
1322.6176, 0.1, 0.1, 0.0784000462, 0.197401038, -0.0199500756, 0.971205372, 2.87118686e-005, -0.238243834, 0.238243834, 2.25346857e-005, 0.971205372, 3.3253871e-005, -0.999999999, 1.50453822e-005, 0.971204865, 1.03542899e-005, -0.238245902, 0.238245902, 3.63182404e-005, 0.971204865, 1.87088087e-005, -0.999999999, 3.28055846e-005, 0, 0, 0, 0, 0, 0, 0, 0.156567041, 0.0294667725, -0.0728963135, -0.454773949, 0.693010187, -0.559291094, -0.615966797, 0.208740234, 0.759643555, 0.643271038, 0.690001376, 0.332182709, 0, 0, 0, 0, 0, 0, 1, 0.227026611, 0.0800437012, -0.0655338379, -0.373409469, 0.693451917, -0.615976034, -0.142700195, -0.69909668, -0.700439453, -0.916489064, -0.173582628, 0.360193572, 5, 1, 
1322.61882, 0.1, 0.1, 0.0784000429, 0.19740104, -0.0199452072, 0.971207753, 2.00035197e-005, -0.23823413, 0.238234129, 4.46790675e-005, 0.971207752, 3.00716521e-005, -0.999999999, 3.86271357e-005, 0.971207268, -2.2749172e-005, -0.238236107, 0.238236107, 2.04698616e-005, 0.971207268, -1.7217501e-005, -1, 2.53001526e-005, 0, 0, 0, 0, 0, 0, 0, 0.156567041, 0.0294667725, -0.0728963135, -0.454773949, 0.693010187, -0.559291094, -0.615966797, 0.208740234, 0.759643555, 0.643271038, 0.690001376, 0.332182709, 0, 0, 0, 0, 0, 0, 1, 0.228301221, 0.0777139648, -0.0637706055, -0.373409469, 0.693451917, -0.615976034, -0.142700195, -0.69909668, -0.700439453, -0.916489064, -0.173582628, 0.360193572, 5, 1, 
1322.62005, 0.1, 0.1, 0.0784000413, 0.197401042, -0.0199414865, 0.9712102, -2.46608367e-005, -0.238224152, 0.238224152, 2.41704678e-005, 0.9712102, -1.81928669e-005, -0.999999999, 2.93494117e-005, 0.971209717, -3.13255503e-005, -0.238226119, 0.238226118, -2.7462559e-005, 0.971209718, -3.69659778e-005, -0.999999999, -1.92093399e-005, 0, 0, 0, 0, 0, 0, 0, 0.158066138, 0.0267606445, -0.0710954834, -0.455948544, 0.692420455, -0.559011767, -0.616333008, 0.207397461, 0.759643555, 0.642097564, 0.690959924, 0.332385652, 0, 0, 0, 0, 0, 0, 1, 0.228301221, 0.0777139648, -0.0637706055, -0.373409469, 0.693451917, -0.615976034, -0.142700195, -0.69909668, -0.700439453, -0.916489064, -0.173582628, 0.360193572, 5, 1, 
1322.62127, 0.1, 0.1, 0.0784000425, 0.197401045, -0.0199406366, 0.971212676, -3.33776011e-005, -0.238214058, 0.238214057, -3.22616566e-005, 0.971212676, -4.01019294e-005, -0.999999999, -2.33819161e-005, 0.971212179, -1.37199369e-005, -0.238216087, 0.238216086, -4.6915765e-005, 0.971212178, -2.45010598e-005, -0.999999999, -4.22968527e-005, 0, 0, 0, 0, 0, 0, 0, 0.158066138, 0.0267606445, -0.0710954834, -0.455948544, 0.692420455, -0.559011767, -0.616333008, 0.207397461, 0.759643555, 0.642097564, 0.690959924, 0.332385652, 0, 0, 0, 0, 0, 0, 1, 0.228301221, 0.0777139648, -0.0637706055, -0.373409469, 0.693451917, -0.615976034, -0.142700195, -0.69909668, -0.700439453, -0.916489064, -0.173582628, 0.360193572, 5, 1, 
1322.62252, 0.1, 0.1, 0.0784000432, 0.19740105, -0.0199427495, 0.971215293, -1.84479243e-005, -0.238203389, 0.238203388, -5.14511514e-005, 0.971215292, -3.01727449e-005, -0.999999999, -4.5575787e-005, 0.971214737, 2.77137136e-005, -0.238205656, 0.238205657, -2.52310831e-005, 0.971214737, 2.09057804e-005, -0.999999999, -3.11063631e-005, 0, 0, 0, 0, 0, 0, 0, 0.159302075, 0.0244880615, -0.0688407227, -0.457859649, 0.691545404, -0.558592777, -0.616821289, 0.205322266, 0.759765625, 0.640175598, 0.69245803, 0.332690067, 0, 0, 0, 0, 0, 0, 1, 0.228301221, 0.0777139648, -0.0637706055, -0.378603851, 0.690115738, -0.616589238, -0.138793945, -0.700927734, -0.69934082, -0.91494839, -0.179211211, 0.361356548, 5, 1, 
1322.62374, 0.1, 0.1, 0.078400041, 0.197401055, -0.0199459776, 0.971217875, 2.32198492e-005, -0.238192858, 0.238192859, -2.04269244e-005, 0.971217875, 1.76859851e-005, -1, -2.53697964e-005, 0.97121735, 2.82674381e-005, -0.238195, 0.238195, 2.65408815e-005, 0.97121735, 3.37757317e-005, -0.999999999, 1.90438022e-005, 0, 0, 0, 0, 0, 0, 0, 0.159302075, 0.0244880615, -0.0688407227, -0.457859649, 0.691545404, -0.558592777, -0.616821289, 0.205322266, 0.759765625, 0.640175598, 0.69245803, 0.332690067, 0, 0, 0, 0, 0, 0, 1, 0.229106152, 0.0753656738, -0.0620007812, -0.378603851, 0.690115738, -0.616589238, -0.138793945, -0.700927734, -0.69934082, -0.91494839, -0.179211211, 0.361356548, 5, 1, 
1322.62496, 0.1, 0.1, 0.0784000376, 0.197401061, -0.0199491922, 0.971220462, 3.0808133e-005, -0.238182309, 0.238182308, 3.15718437e-005, 0.971220463, 3.74413438e-005, -0.999999999, 2.33252684e-005, 0.971219946, 1.3469789e-005, -0.238184416, 0.238184416, 4.32081456e-005, 0.971219945, 2.33736347e-005, -0.999999999, 3.8756319e-005, 0, 0, 0, 0, 0, 0, 0, 0.159302075, 0.0244880615, -0.0688407227, -0.457859649, 0.691545404, -0.558592777, -0.616821289, 0.205322266, 0.759765625, 0.640175598, 0.69245803, 0.332690067, 0, 0, 0, 0, 0, 0, 1, 0.229106152, 0.0753656738, -0.0620007812, -0.378603851, 0.690115738, -0.616589238, -0.138793945, -0.700927734, -0.69934082, -0.91494839, -0.179211211, 0.361356548, 5, 1, 
1322.62617, 0.1, 0.1, 0.0784000347, 0.197401065, -0.0199509007, 0.971223013, 1.41732729e-005, -0.238171909, 0.238171909, 4.22130496e-005, 0.971223013, 2.38193714e-005, -0.999999999, 3.76226098e-005, 0.971222511, -2.14822276e-005, -0.238173958, 0.238173958, 2.22565773e-005, 0.971222511, -1.55630859e-005, -1, 2.6732596e-005, 0, 0, 0, 0, 0, 0, 0, 0.159302075, 0.0244880615, -0.0688407227, -0.457859649, 0.691545404, -0.558592777, -0.616821289, 0.205322266, 0.759765625, 0.640175598, 0.69245803, 0.332690067, 0, 0, 0, 0, 0, 0, 1, 0.229106152, 0.0753656738, -0.0620007812, -0.378603851, 0.690115738, -0.616589238, -0.138793945, -0.700927734, -0.69934082, -0.91494839, -0.179211211, 0.361356548, 5, 1, 
1322.62742, 0.1, 0.1, 0.0784000315, 0.197401067, -0.0199500628, 0.971225629, -2.65016096e-005, -0.238161243, 0.238161244, 1.98233474e-005, 0.971225629, -2.10178894e-005, -0.999999999, 2.55645993e-005, 0.971225131, -3.26698091e-005, -0.238163273, 0.238163272, -2.38817843e-005, 0.971225131, -3.74175036e-005, -0.999999999, -1.54138404e-005, 0, 0, 0, 0, 0, 0, 0, 0.160736108, 0.0220031006, -0.0669910645, -0.460297207, 0.690892392, -0.557348911, -0.616455078, 0.202880859, 0.760742188, 0.638831383, 0.693797376, 0.332740241, 0, 0, 0, 0, 0, 0, 1, 0.230140918, 0.0732257324, -0.0600294434, -0.383664072, 0.686523996, -0.617406967, -0.134399414, -0.70300293, -0.698242187, -0.913516357, -0.184743912, 0.362129801, 5, 1, 
1322.62863, 0.1, 0.1, 0.0784000308, 0.197401069, -0.0199474986, 0.971228151, -3.30412399e-005, -0.238150957, 0.238150956, -2.806452e-005, 0.971228151, -3.87741746e-005, -0.999999999, -1.9388249e-005, 0.971227647, -1.66295085e-005, -0.238153011, 0.23815301, -4.17018008e-005, 0.971227647, -2.60824478e-005, -0.999999999, -3.65415744e-005, 0, 0, 0, 0, 0, 0, 0, 0.160736108, 0.0220031006, -0.0669910645, -0.460297207, 0.690892392, -0.557348911, -0.616455078, 0.202880859, 0.760742188, 0.638831383, 0.693797376, 0.332740241, 0, 0, 0, 0, 0, 0, 1, 0.230140918, 0.0732257324, -0.0600294434, -0.383664072, 0.686523996, -0.617406967, -0.134399414, -0.70300293, -0.698242187, -0.913516357, -0.184743912, 0.362129801, 5, 1, 
1322.62984, 0.1, 0.1, 0.0784000315, 0.197401074, -0.0199449089, 0.971230684, -1.52435907e-005, -0.238140628, 0.238140627, -4.46082666e-005, 0.971230683, -2.54280836e-005, -0.999999999, -3.9694799e-005, 0.971230172, 2.58118239e-005, -0.238142716, 0.238142716, -2.10579537e-005, 0.971230172, 2.00544238e-005, -0.999999999, -2.65990179e-005, 0, 0, 0, 0, 0, 0, 0, 0.160736108, 0.0220031006, -0.0669910645, -0.460297207, 0.690892392, -0.557348911, -0.616455078, 0.202880859, 0.760742188, 0.638831383, 0.693797376, 0.332740241, 0, 0, 0, 0, 0, 0, 1, 0.230140918, 0.0732257324, -0.0600294434, -0.383664072, 0.686523996, -0.617406967, -0.134399414, -0.70300293, -0.698242187, -0.913516357, -0.184743912, 0.362129801, 5, 1, 
1322.63105, 0.1, 0.1, 0.0784000314, 0.19740108, -0.0199436864, 0.971233224, 2.78737784e-005, -0.238130267, 0.238130268, -2.22187998e-005, 0.971233224, 2.1780971e-005, -0.999999999, -2.82172269e-005, 0.971232719, 3.41336943e-005, -0.238132325, 0.238132324, 2.7548672e-005, 0.97123272, 3.971199e-005, -0.999999999, 1.86278357e-005, 0, 0, 0, 0, 0, 0, 0, 0.160736108, 0.0220031006, -0.0669910645, -0.460297207, 0.690892392, -0.557348911, -0.616455078, 0.202880859, 0.760742188, 0.638831383, 0.693797376, 0.332740241, 0, 0, 0, 0, 0, 0, 1, 0.230140918, 0.0732257324, -0.0600294434, -0.383664072, 0.686523996, -0.617406967, -0.134399414, -0.70300293, -0.698242187, -0.913516357, -0.184743912, 0.362129801, 5, 1, 
1322.63231, 0.1, 0.1, 0.0784000294, 0.197401086, -0.0199438197, 0.97123589, 3.85823308e-005, -0.238119391, 0.23811939, 3.24598804e-005, 0.971235891, 4.52018714e-005, -0.999999999, 2.23389997e-005, 0.971235372, 2.05536174e-005, -0.238121507, 0.238121506, 4.73874704e-005, 0.971235371, 3.12463761e-005, -0.999999999, 4.11301291e-005, 0, 0, 0, 0, 0, 0, 0, 0.162266333, 0.0192942871, -0.0647823242, -0.460894052, 0.690264468, -0.557786997, -0.616699219, 0.202880859, 0.760620117, 0.638184362, 0.694514789, 0.33231526, 0, 0, 0, 0, 0, 0, 1, 0.231103076, 0.0705034668, -0.0579347168, -0.386181423, 0.683379948, -0.619496313, -0.131225586, -0.705444336, -0.696289062, -0.912921742, -0.187529219, 0.362155687, 5, 1, 
1322.63352, 0.1, 0.1, 0.0784000268, 0.197401087, -0.0199450119, 0.971238502, 1.50910595e-005, -0.238108739, 0.238108738, 3.93474387e-005, 0.971238502, 2.4025987e-005, -0.999999999, 3.46224343e-005, 0.971237977, -2.4635299e-005, -0.23811088, 0.238110881, 1.73083688e-005, 0.971237977, -1.9805427e-005, -1, 2.26764778e-005, 0, 0, 0, 0, 0, 0, 0, 0.162266333, 0.0192942871, -0.0647823242, -0.460894052, 0.690264468, -0.557786997, -0.616699219, 0.202880859, 0.760620117, 0.638184362, 0.694514789, 0.33231526, 0, 0, 0, 0, 0, 0, 1, 0.231103076, 0.0705034668, -0.0579347168, -0.386181423, 0.683379948, -0.619496313, -0.131225586, -0.705444336, -0.696289062, -0.912921742, -0.187529219, 0.362155687, 5, 1, 
1322.63477, 0.1, 0.1, 0.0784000229, 0.197401085, -0.0199465644, 0.971241198, -3.2420509e-005, -0.238097741, 0.238097741, 1.11994771e-005, 0.971241198, -2.88215639e-005, -0.999999999, 1.85966435e-005, 0.971240679, -3.81369374e-005, -0.238099859, 0.238099858, -3.55486575e-005, 0.971240679, -4.55042754e-005, -0.999999999, -2.54459029e-005, 0, 0, 0, 0, 0, 0, 0, 0.163507642, 0.0167679443, -0.0627812012, -0.462728773, 0.68878658, -0.557901573, -0.616699219, 0.201782227, 0.760864258, 0.636744666, 0.696108375, 0.331591855, 0, 0, 0, 0, 0, 0, 1, 0.232235498, 0.0681610352, -0.0556082031, -0.389586864, 0.679449887, -0.621649459, -0.127563477, -0.708374023, -0.694091797, -0.912052242, -0.191010853, 0.362788581, 5, 1, 
1322.63599, 0.1, 0.1, 0.0784000219, 0.197401086, -0.0199476484, 0.971243827, -3.37239366e-005, -0.238087018, 0.238087017, -2.998822e-005, 0.971243827, -3.98939711e-005, -0.999999999, -2.10966421e-005, 0.971243309, -1.76422221e-005, -0.23808913, 0.238089129, -4.44713837e-005, 0.971243309, -2.77230432e-005, -0.999999999, -3.89921126e-005, 0, 0, 0, 0, 0, 0, 0, 0.163507642, 0.0167679443, -0.0627812012, -0.462728773, 0.68878658, -0.557901573, -0.616699219, 0.201782227, 0.760864258, 0.636744666, 0.696108375, 0.331591855, 0, 0, 0, 0, 0, 0, 1, 0.232235498, 0.0681610352, -0.0556082031, -0.389586864, 0.679449887, -0.621649459, -0.127563477, -0.708374023, -0.694091797, -0.912052242, -0.191010853, 0.362788581, 5, 1, 
1322.6372, 0.1, 0.1, 0.0784000224, 0.197401092, -0.0199483372, 0.971246429, -1.41654886e-005, -0.238076405, 0.238076404, -3.7503646e-005, 0.971246428, -2.26869134e-005, -0.999999999, -3.30528136e-005, 0.971245894, 2.44175183e-005, -0.238078583, 0.238078584, -1.6061803e-005, 0.971245895, 1.98914431e-005, -1, -2.14132484e-005, 0, 0, 0, 0, 0, 0, 0, 0.163507642, 0.0167679443, -0.0627812012, -0.462728773, 0.68878658, -0.557901573, -0.616699219, 0.201782227, 0.760864258, 0.636744666, 0.696108375, 0.331591855, 0, 0, 0, 0, 0, 0, 1, 0.232235498, 0.0681610352, -0.0556082031, -0.389586864, 0.679449887, -0.621649459, -0.127563477, -0.708374023, -0.694091797, -0.912052242, -0.191010853, 0.362788581, 5, 1, 
1322.63841, 0.1, 0.1, 0.0784000227, 0.197401099, -0.0199482457, 0.971249015, 2.67115724e-005, -0.238065854, 0.238065855, -1.3856828e-005, 0.971249015, 2.26447508e-005, -1, -1.98175439e-005, 0.9712485, 3.23262742e-005, -0.238067953, 0.238067952, 3.19235592e-005, 0.9712485, 3.89968217e-005, -0.999999999, 2.33098591e-005, 0, 0, 0, 0, 0, 0, 0, 0.163507642, 0.0167679443, -0.0627812012, -0.462728773, 0.68878658, -0.557901573, -0.616699219, 0.201782227, 0.760864258, 0.636744666, 0.696108375, 0.331591855, 0, 0, 0, 0, 0, 0, 1, 0.232235498, 0.0681610352, -0.0556082031, -0.389586864, 0.679449887, -0.621649459, -0.127563477, -0.708374023, -0.694091797, -0.912052242, -0.191010853, 0.362788581, 5, 1, 
1322.63967, 0.1, 0.1, 0.0784000199, 0.197401106, -0.0199468066, 0.9712517, 3.21932694e-005, -0.238054897, 0.238054896, 3.23232685e-005, 0.9712517, 3.896248e-005, -0.999999999, 2.37302641e-005, 0.971251187, 1.5359439e-005, -0.238056993, 0.238056992, 4.79005751e-005, 0.971251186, 2.63209402e-005, -0.999999999, 4.28670685e-005, 0, 0, 0, 0, 0, 0, 0, 0.164978174, 0.0140896484, -0.0607001221, -0.464512197, 0.688761492, -0.55647386, -0.615722656, 0.200317383, 0.761962891, 0.636409173, 0.696730308, 0.331242136, 0, 0, 0, 0, 0, 0, 1, 0.233407715, 0.065491748, -0.0536336914, -0.392372538, 0.67719393, -0.622307507, -0.125, -0.709594727, -0.693359375, -0.911240343, -0.194071046, 0.363210388, 5, 1, 
1322.64088, 0.1, 0.1, 0.0784000165, 0.197401107, -0.0199453769, 0.97125428, 1.41857212e-005, -0.238044371, 0.238044371, 3.96381233e-005, 0.97125428, 2.32135746e-005, -0.999999999, 3.51218659e-005, 0.971253763, -2.62487461e-005, -0.23804648, 0.23804648, 1.79469724e-005, 0.971253763, -2.12219798e-005, -0.999999999, 2.36794861e-005, 0, 0, 0, 0, 0, 0, 0, 0.164978174, 0.0140896484, -0.0607001221, -0.464512197, 0.688761492, -0.55647386, -0.615722656, 0.200317383, 0.761962891, 0.636409173, 0.696730308, 0.331242136, 0, 0, 0, 0, 0, 0, 1, 0.233407715, 0.065491748, -0.0536336914, -0.392372538, 0.67719393, -0.622307507, -0.125, -0.709594727, -0.693359375, -0.911240343, -0.194071046, 0.363210388, 5, 1, 
1322.6421, 0.1, 0.1, 0.0784000141, 0.197401105, -0.0199448051, 0.971256888, -2.75459235e-005, -0.238033732, 0.238033732, 1.23788759e-005, 0.971256888, -2.38075779e-005, -1, 1.85799275e-005, 0.971256373, -3.39303797e-005, -0.238035831, 0.23803583, -3.61828521e-005, 0.971256373, -4.15679128e-005, -0.999999999, -2.70661796e-005, 0, 0, 0, 0, 0, 0, 0, 0.164978174, 0.0140896484, -0.0607001221, -0.464512197, 0.688761492, -0.55647386, -0.615722656, 0.200317383, 0.761962891, 0.636409173, 0.696730308, 0.331242136, 0, 0, 0, 0, 0, 0, 1, 0.233407715, 0.065491748, -0.0536336914, -0.392372538, 0.67719393, -0.622307507, -0.125, -0.709594727, -0.693359375, -0.911240343, -0.194071046, 0.363210388, 5, 1, 
1322.64332, 0.1, 0.1, 0.0784000151, 0.197401105, -0.0199453012, 0.971259517, -3.03873073e-005, -0.238023003, 0.238023002, -2.9666408e-005, 0.971259517, -3.65752489e-005, -0.999999999, -2.1580903e-005, 0.971258977, -1.26433767e-005, -0.238025209, 0.238025208, -4.54017505e-005, 0.971258976, -2.30867543e-005, -0.999999999, -4.10874153e-005, 0, 0, 0, 0, 0, 0, 0, 0.164978174, 0.0140896484, -0.0607001221, -0.464512197, 0.688761492, -0.55647386, -0.615722656, 0.200317383, 0.761962891, 0.636409173, 0.696730308, 0.331242136, 0, 0, 0, 0, 0, 0, 1, 0.233407715, 0.065491748, -0.0536336914, -0.392372538, 0.67719393, -0.622307507, -0.125, -0.709594727, -0.693359375, -0.911240343, -0.194071046, 0.363210388, 5, 1, 
1322.64454, 0.1, 0.1, 0.0784000173, 0.197401111, -0.0199463813, 0.971262138, -1.1317443e-005, -0.238012311, 0.23801231, -3.90758718e-005, 0.971262137, -2.02927424e-005, -0.999999999, -3.5259224e-005, 0.971261613, 2.89450636e-005, -0.238014451, 0.238014452, -1.60215773e-005, 0.971261613, 2.42998623e-005, -0.999999999, -2.24504864e-005, 0, 0, 0, 0, 0, 0, 0, 0.164978174, 0.0140896484, -0.0607001221, -0.464512197, 0.688761492, -0.55647386, -0.615722656, 0.200317383, 0.761962891, 0.636409173, 0.696730308, 0.331242136, 0, 0, 0, 0, 0, 0, 1, 0.233407715, 0.065491748, -0.0536336914, -0.392372538, 0.67719393, -0.622307507, -0.125, -0.709594727, -0.693359375, -0.911240343, -0.194071046, 0.363210388, 5, 1, 
1322.64575, 0.1, 0.1, 0.0784000176, 0.197401118, -0.0199475764, 0.971264748, 2.49201e-005, -0.238001658, 0.238001658, -1.82238853e-005, 0.971264748, 1.98666997e-005, -1, -2.36312425e-005, 0.971264229, 3.13940482e-005, -0.238003773, 0.238003772, 2.87435483e-005, 0.971264229, 3.7332989e-005, -0.999999999, 2.04456784e-005, 0, 0, 0, 0, 0, 0, 0, 0.164978174, 0.0140896484, -0.0607001221, -0.464512197, 0.688761492, -0.55647386, -0.615722656, 0.200317383, 0.761962891, 0.636409173, 0.696730308, 0.331242136, 0, 0, 0, 0, 0, 0, 1, 0.233407715, 0.065491748, -0.0536336914, -0.392372538, 0.67719393, -0.622307507, -0.125, -0.709594727, -0.693359375, -0.911240343, -0.194071046, 0.363210388, 5, 1, 
1322.647, 0.1, 0.1, 0.0784000138, 0.197401122, -0.0199477522, 0.971267433, 2.78160345e-005, -0.237990697, 0.237990696, 2.71531295e-005, 0.971267434, 3.34790007e-005, -0.999999999, 1.9752993e-005, 0.971266912, 1.10655279e-005, -0.237992828, 0.237992828, 4.14351514e-005, 0.971266911, 2.06088499e-005, -0.999999999, 3.76110752e-005, 0, 0, 0, 0, 0, 0, 0, 0.164978174, 0.0140896484, -0.0607001221, -0.464512197, 0.688761492, -0.55647386, -0.615722656, 0.200317383, 0.761962891, 0.636409173, 0.696730308, 0.331242136, 0, 0, 0, 0, 0, 0, 1, 0.233407715, 0.065491748, -0.0536336914, -0.392372538, 0.67719393, -0.622307507, -0.125, -0.709594727, -0.693359375, -0.911240343, -0.194071046, 0.363210388, 5, 1, 
1322.64826, 0.1, 0.1, 0.0784000086, 0.197401122, -0.0199466409, 0.971270127, 1.01378944e-005, -0.237979704, 0.237979704, 4.04374146e-005, 0.971270127, 1.9469918e-005, -0.999999999, 3.68630397e-005, 0.9712696, -3.13654819e-005, -0.237981855, 0.237981855, 1.68733184e-005, 0.9712696, -2.64487955e-005, -0.999999999, 2.38529568e-005, 0, 0, 0, 0, 0, 0, 0, 0.167720532, 0.00866518555, -0.0561992676, -0.467527504, 0.687340893, -0.555725368, -0.615478516, 0.198120117, 0.762817383, 0.634538504, 0.698685596, 0.330505627, 0, 0, 0, 0, 0, 0, 1, 0.235793652, 0.0602017578, -0.0492296387, -0.397336877, 0.673052782, -0.6236874, -0.12109375, -0.712158203, -0.69128418, -0.909552748, -0.199047778, 0.364661011, 5, 1, 
1322.64947, 0.1, 0.1, 0.0784000066, 0.197401122, -0.0199456159, 0.971272722, -2.37510218e-005, -0.237969114, 0.237969115, 2.29757961e-005, 0.971272722, -1.76011897e-005, -0.999999999, 2.79677736e-005, 0.971272206, -3.11572062e-005, -0.237971217, 0.237971216, -2.59627884e-005, 0.971272207, -3.64405247e-005, -0.999999999, -1.78024165e-005, 0, 0, 0, 0, 0, 0, 0, 0.167720532, 0.00866518555, -0.0561992676, -0.467527504, 0.687340893, -0.555725368, -0.615478516, 0.198120117, 0.762817383, 0.634538504, 0.698685596, 0.330505627, 0, 0, 0, 0, 0, 0, 1, 0.235793652, 0.0602017578, -0.0492296387, -0.397336877, 0.673052782, -0.6236874, -0.12109375, -0.712158203, -0.69128418, -0.909552748, -0.199047778, 0.364661011, 5, 1, 
1322.65069, 0.1, 0.1, 0.0784000091, 0.197401125, -0.0199453016, 0.971275346, -2.78175862e-005, -0.237958403, 0.237958402, -2.71676179e-005, 0.971275346, -3.34832987e-005, -0.999999999, -1.97678091e-005, 0.97127483, -1.01673673e-005, -0.237960512, 0.237960511, -4.02517255e-005, 0.971274829, -1.94536291e-005, -0.999999999, -3.66760559e-005, 0, 0, 0, 0, 0, 0, 0, 0.167720532, 0.00866518555, -0.0561992676, -0.467527504, 0.687340893, -0.555725368, -0.615478516, 0.198120117, 0.762817383, 0.634538504, 0.698685596, 0.330505627, 0, 0, 0, 0, 0, 0, 1, 0.235793652, 0.0602017578, -0.0492296387, -0.397336877, 0.673052782, -0.6236874, -0.12109375, -0.712158203, -0.69128418, -0.909552748, -0.199047778, 0.364661011, 5, 1, 
1322.6519, 0.1, 0.1, 0.0784000116, 0.197401129, -0.0199457558, 0.971277968, -1.17924701e-005, -0.237947702, 0.237947702, -4.38587601e-005, 0.971277967, -2.18898576e-005, -0.999999999, -3.97930562e-005, 0.971277442, 2.89876169e-005, -0.237949846, 0.237949847, -2.03129538e-005, 0.971277442, 2.33215542e-005, -0.999999999, -2.66271128e-005, 0, 0, 0, 0, 0, 0, 0, 0.167720532, 0.00866518555, -0.0561992676, -0.467527504, 0.687340893, -0.555725368, -0.615478516, 0.198120117, 0.762817383, 0.634538504, 0.698685596, 0.330505627, 0, 0, 0, 0, 0, 0, 1, 0.235793652, 0.0602017578, -0.0492296387, -0.397336877, 0.673052782, -0.6236874, -0.12109375, -0.712158203, -0.69128418, -0.909552748, -0.199047778, 0.364661011, 5, 1, 
1322.65316, 0.1, 0.1, 0.0784000129, 0.197401136, -0.0199460028, 0.971280693, 2.89077976e-005, -0.237936579, 0.237936579, -1.85795699e-005, 0.971280693, 2.36568264e-005, -0.999999999, -2.49242e-005, 0.97128017, 3.59858668e-005, -0.237938709, 0.237938708, 3.0389583e-005, 0.971280171, 4.2183217e-005, -0.999999999, 2.09543687e-005, 0, 0, 0, 0, 0, 0, 0, 0.169109766, 0.00595698242, -0.0543189697, -0.470872313, 0.686687881, -0.553809394, -0.613647461, 0.195922852, 0.764770508, 0.633708759, 0.700024942, 0.329337022, 0, 0, 0, 0, 0, 0, 1, 0.236952686, 0.0575407715, -0.0472250977, -0.400390873, 0.670918226, -0.624019522, -0.118896484, -0.713256836, -0.690551758, -0.908523566, -0.202095212, 0.365485303, 5, 1, 
1322.65438, 0.1, 0.1, 0.0784000105, 0.197401139, -0.0199463766, 0.971283321, 3.05331243e-005, -0.237925847, 0.237925846, 2.49710644e-005, 0.971283322, 3.5597576e-005, -0.999999999, 1.6989359e-005, 0.971282796, 1.3913187e-005, -0.237927992, 0.237927992, 3.93525246e-005, 0.971282796, 2.28767063e-005, -0.999999999, 3.49120935e-005, 0, 0, 0, 0, 0, 0, 0, 0.169109766, 0.00595698242, -0.0543189697, -0.470872313, 0.686687881, -0.553809394, -0.613647461, 0.195922852, 0.764770508, 0.633708759, 0.700024942, 0.329337022, 0, 0, 0, 0, 0, 0, 1, 0.236952686, 0.0575407715, -0.0472250977, -0.400390873, 0.670918226, -0.624019522, -0.118896484, -0.713256836, -0.690551758, -0.908523566, -0.202095212, 0.365485303, 5, 1, 
1322.65563, 0.1, 0.1, 0.0784000059, 0.197401138, -0.019946468, 0.971286027, 1.00302513e-005, -0.237914805, 0.237914805, 3.98406115e-005, 0.971286026, 1.92209143e-005, -0.999999999, 3.6310284e-005, 0.971285499, -3.05442057e-005, -0.237916957, 0.237916957, 1.63143277e-005, 0.971285499, -2.57856889e-005, -0.999999999, 2.31128544e-005, 0, 0, 0, 0, 0, 0, 0, 0.17052146, 0.00321142578, -0.0520532227, -0.473728861, 0.685267281, -0.553099094, -0.61328125, 0.194091797, 0.765625, 0.632060128, 0.70198023, 0.328359378, 0, 0, 0, 0, 0, 0, 1, 0.238245605, 0.0550124512, -0.0449724121, -0.404978248, 0.668176296, -0.623987439, -0.115112305, -0.714355469, -0.690063477, -0.906919092, -0.207538594, 0.366347874, 5, 1, 
1322.65684, 0.1, 0.1, 0.0784000036, 0.197401138, -0.0199465196, 0.971288634, -2.55105458e-005, -0.237904158, 0.237904158, 2.10895366e-005, 0.971288634, -1.97608148e-005, -0.999999999, 2.65530921e-005, 0.971288122, -3.2264401e-005, -0.237906248, 0.237906247, -2.64269414e-005, 0.971288122, -3.7625164e-005, -0.999999999, -1.79922717e-005, 0, 0, 0, 0, 0, 0, 0, 0.17052146, 0.00321142578, -0.0520532227, -0.473728861, 0.685267281, -0.553099094, -0.61328125, 0.194091797, 0.765625, 0.632060128, 0.70198023, 0.328359378, 0, 0, 0, 0, 0, 0, 1, 0.238245605, 0.0550124512, -0.0449724121, -0.404978248, 0.668176296, -0.623987439, -0.115112305, -0.714355469, -0.690063477, -0.906919092, -0.207538594, 0.366347874, 5, 1, 
1322.65805, 0.1, 0.1, 0.0784000052, 0.19740114, -0.0199468415, 0.971291257, -2.95973694e-005, -0.23789345, 0.237893449, -2.53572893e-005, 0.971291257, -3.47799992e-005, -0.999999999, -1.75882931e-005, 0.971290733, -1.2180765e-005, -0.237895592, 0.237895591, -3.82662738e-005, 0.971290732, -2.0934442e-005, -0.999999999, -3.42699268e-005, 0, 0, 0, 0, 0, 0, 0, 0.17052146, 0.00321142578, -0.0520532227, -0.473728861, 0.685267281, -0.553099094, -0.61328125, 0.194091797, 0.765625, 0.632060128, 0.70198023, 0.328359378, 0, 0, 0, 0, 0, 0, 1, 0.238245605, 0.0550124512, -0.0449724121, -0.404978248, 0.668176296, -0.623987439, -0.115112305, -0.714355469, -0.690063477, -0.906919092, -0.207538594, 0.366347874, 5, 1, 
1322.65926, 0.1, 0.1, 0.0784000068, 0.197401145, -0.0199471993, 0.971293859, -1.4127709e-005, -0.237882825, 0.237882824, -4.16900056e-005, 0.971293859, -2.36394933e-005, -0.999999999, -3.71325071e-005, 0.971293336, 2.53772498e-005, -0.237884962, 0.237884962, -1.86277307e-005, 0.971293336, 2.02174966e-005, -1, -2.41298568e-005, 0, 0, 0, 0, 0, 0, 0, 0.17052146, 0.00321142578, -0.0520532227, -0.473728861, 0.685267281, -0.553099094, -0.61328125, 0.194091797, 0.765625, 0.632060128, 0.70198023, 0.328359378, 0, 0, 0, 0, 0, 0, 1, 0.238245605, 0.0550124512, -0.0449724121, -0.404978248, 0.668176296, -0.623987439, -0.115112305, -0.714355469, -0.690063477, -0.906919092, -0.207538594, 0.366347874, 5, 1, 
1322.66052, 0.1, 0.1, 0.0784000075, 0.197401151, -0.0199467781, 0.971296558, 2.6885619e-005, -0.237871805, 0.237871805, -1.98704775e-005, 0.971296558, 2.13872829e-005, -0.999999999, -2.56954572e-005, 0.971296038, 3.35966365e-005, -0.237873928, 0.237873927, 2.86939615e-005, 0.971296038, 3.94578253e-005, -0.999999999, 1.98785672e-005, 0, 0, 0, 0, 0, 0, 0, 0.17183916, 0.00108933106, -0.0495534912, -0.478293571, 0.682851063, -0.552236026, -0.613647461, 0.189819336, 0.766357422, 0.628210206, 0.70545272, 0.328346274, 0, 0, 0, 0, 0, 0, 1, 0.239424268, 0.0532547852, -0.0424850098, -0.411463205, 0.664513825, -0.623674274, -0.109008789, -0.715209961, -0.690185547, -0.904777606, -0.215901811, 0.366871759, 5, 1, 
1322.66174, 0.1, 0.1, 0.078400005, 0.197401154, -0.0199461042, 0.97129918, 3.0950977e-005, -0.237861097, 0.237861096, 2.50280571e-005, 0.971299181, 3.60158597e-005, -0.999999999, 1.6947698e-005, 0.971298663, 1.40516062e-005, -0.23786321, 0.237863209, 3.95488152e-005, 0.971298663, 2.30555144e-005, -0.999999999, 3.50713512e-005, 0, 0, 0, 0, 0, 0, 0, 0.17183916, 0.00108933106, -0.0495534912, -0.478293571, 0.682851063, -0.552236026, -0.613647461, 0.189819336, 0.766357422, 0.628210206, 0.70545272, 0.328346274, 0, 0, 0, 0, 0, 0, 1, 0.239424268, 0.0532547852, -0.0424850098, -0.411463205, 0.664513825, -0.623674274, -0.109008789, -0.715209961, -0.690185547, -0.904777606, -0.215901811, 0.366871759, 5, 1, 
1322.66294, 0.1, 0.1, 0.0784000017, 0.197401152, -0.0199459378, 0.97130178, 1.31870718e-005, -0.237850481, 0.23785048, 3.8263519e-005, 0.97130178, 2.19096227e-005, -0.999999999, 3.40288727e-005, 0.971301259, -2.74389358e-005, -0.237852609, 0.23785261, 1.44725903e-005, 0.971301259, -2.32091296e-005, -1, 2.05836677e-005, 0, 0, 0, 0, 0, 0, 0, 0.17183916, 0.00108933106, -0.0495534912, -0.478293571, 0.682851063, -0.552236026, -0.613647461, 0.189819336, 0.766357422, 0.628210206, 0.70545272, 0.328346274, 0, 0, 0, 0, 0, 0, 1, 0.239424268, 0.0532547852, -0.0424850098, -0.411463205, 0.664513825, -0.623674274, -0.109008789, -0.715209961, -0.690185547, -0.904777606, -0.215901811, 0.366871759, 5, 1, 
1322.66416, 0.1, 0.1, 0.0784000004, 0.197401151, -0.0199462915, 0.971304388, -2.38394417e-005, -0.23783983, 0.23783983, 2.0509135e-005, 0.971304388, -1.82774652e-005, -1, 2.55905816e-005, 0.971303874, -3.03767772e-005, -0.23784193, 0.23784193, -2.78844719e-005, 0.971303874, -3.61371781e-005, -0.999999999, -1.98594243e-005, 0, 0, 0, 0, 0, 0, 0, 0.17183916, 0.00108933106, -0.0495534912, -0.478293571, 0.682851063, -0.552236026, -0.613647461, 0.189819336, 0.766357422, 0.628210206, 0.70545272, 0.328346274, 0, 0, 0, 0, 0, 0, 1, 0.239424268, 0.0532547852, -0.0424850098, -0.411463205, 0.664513825, -0.623674274, -0.109008789, -0.715209961, -0.690185547, -0.904777606, -0.215901811, 0.366871759, 5, 1, 
1322.66541, 0.1, 0.1, 0.0784000029, 0.197401153, -0.0199463637, 0.971307084, -2.80005612e-005, -0.237828819, 0.237828818, -2.58546099e-005, 0.971307085, -3.33461148e-005, -0.999999999, -1.84534254e-005, 0.971306562, -1.06892181e-005, -0.237830955, 0.237830954, -4.07020408e-005, 0.971306561, -2.00627129e-005, -0.999999999, -3.69919324e-005, 0, 0, 0, 0, 0, 0, 0, 0.173345435, -0.00142626953, -0.0476095947, -0.483587677, 0.681525943, -0.549145456, -0.612548828, 0.184570312, 0.768554688, 0.62521736, 0.708010845, 0.328351143, 0, 0, 0, 0, 0, 0, 1, 0.240555078, 0.0512970703, -0.0405572266, -0.418874533, 0.661228319, -0.622166049, -0.104248047, -0.715698242, -0.690429687, -0.90199703, -0.224348151, 0.368871421, 5, 1, 
1322.66662, 0.1, 0.1, 0.0784000053, 0.197401158, -0.0199464998, 0.971309691, -1.26856041e-005, -0.237818173, 0.237818173, -3.75497108e-005, 0.971309691, -2.12516538e-005, -0.999999999, -3.34555309e-005, 0.971309166, 2.81743249e-005, -0.237820317, 0.237820318, -1.41839233e-005, 0.971309166, 2.39927549e-005, -1, -2.04774016e-005, 0, 0, 0, 0, 0, 0, 0, 0.173345435, -0.00142626953, -0.0476095947, -0.483587677, 0.681525943, -0.549145456, -0.612548828, 0.184570312, 0.768554688, 0.62521736, 0.708010845, 0.328351143, 0, 0, 0, 0, 0, 0, 1, 0.240555078, 0.0512970703, -0.0405572266, -0.418874533, 0.661228319, -0.622166049, -0.104248047, -0.715698242, -0.690429687, -0.90199703, -0.224348151, 0.368871421, 5, 1, 
1322.66784, 0.1, 0.1, 0.0784000054, 0.197401164, -0.0199466954, 0.971312316, 2.33982733e-005, -0.237807452, 0.237807453, -1.87432406e-005, 0.971312316, 1.82697487e-005, -1, -2.37698242e-005, 0.971311802, 3.02639804e-005, -0.237809552, 0.237809552, 2.92155399e-005, 0.971311802, 3.63434958e-005, -0.999999999, 2.11803351e-005, 0, 0, 0, 0, 0, 0, 0, 0.173345435, -0.00142626953, -0.0476095947, -0.483587677, 0.681525943, -0.549145456, -0.612548828, 0.184570312, 0.768554688, 0.62521736, 0.708010845, 0.328351143, 0, 0, 0, 0, 0, 0, 1, 0.240555078, 0.0512970703, -0.0405572266, -0.418874533, 0.661228319, -0.622166049, -0.104248047, -0.715698242, -0.690429687, -0.90199703, -0.224348151, 0.368871421, 5, 1, 
1322.66905, 0.1, 0.1, 0.0784000016, 0.197401167, -0.0199469992, 0.971314909, 2.69184616e-005, -0.237796859, 0.237796858, 2.59551059e-005, 0.97131491, 3.23183458e-005, -0.999999999, 1.88094558e-005, 0.971314395, 9.60184802e-006, -0.237798962, 0.237798961, 3.89110645e-005, 0.971314394, 1.85794239e-005, -0.999999999, 3.55115675e-005, 0, 0, 0, 0, 0, 0, 0, 0.173345435, -0.00142626953, -0.0476095947, -0.483587677, 0.681525943, -0.549145456, -0.612548828, 0.184570312, 0.768554688, 0.62521736, 0.708010845, 0.328351143, 0, 0, 0, 0, 0, 0, 1, 0.240555078, 0.0512970703, -0.0405572266, -0.418874533, 0.661228319, -0.622166049, -0.104248047, -0.715698242, -0.690429687, -0.90199703, -0.224348151, 0.368871421, 5, 1, 
1322.6703, 0.1, 0.1, 0.0783999969, 0.197401166, -0.0199467634, 0.971317596, 1.06020281e-005, -0.237785888, 0.237785887, 4.18093816e-005, 0.971317595, 2.02396174e-005, -0.999999999, 3.80891754e-005, 0.971317069, -3.03176706e-005, -0.237788039, 0.237788039, 1.87032562e-005, 0.971317069, -2.50006603e-005, -0.999999999, 2.53759714e-005, 0, 0, 0, 0, 0, 0, 0, 0.174747729, -0.00396286621, -0.0451247559, -0.486577897, 0.679800929, -0.548561715, -0.612670898, 0.182006836, 0.769042969, 0.622724758, 0.710385124, 0.328135096, 0, 0, 0, 0, 0, 0, 1, 0.241553711, 0.0491849609, -0.0382295898, -0.424765242, 0.658345664, -0.621226552, -0.100463867, -0.716308594, -0.690429687, -0.899670343, -0.230788266, 0.370443078, 5, 1, 
1322.6716, 0.1, 0.1, 0.0783999942, 0.197401167, -0.0199457509, 0.971320367, -2.53760784e-005, -0.237774565, 0.237774565, 3.1575588e-005, 0.971320367, -1.71404301e-005, -0.999999999, 3.67037978e-005, 0.971319777, -3.404155e-005, -0.237776974, 0.237776973, -2.32622571e-005, 0.971319778, -3.85964599e-005, -0.999999999, -1.45007936e-005, 0, 0, 0, 0, 0, 0, 0, 0.174747729, -0.00396286621, -0.0451247559, -0.486577897, 0.679800929, -0.548561715, -0.612670898, 0.182006836, 0.769042969, 0.622724758, 0.710385124, 0.328135096, 0, 0, 0, 0, 0, 0, 1, 0.241553711, 0.0491849609, -0.0382295898, -0.424765242, 0.658345664, -0.621226552, -0.100463867, -0.716308594, -0.690429687, -0.899670343, -0.230788266, 0.370443078, 5, 1, 
1322.67289, 0.1, 0.1, 0.0783999998, 0.197401171, -0.0199426476, 0.9713232, -2.52776721e-005, -0.237762994, 0.237762993, -2.65491076e-005, 0.9713232, -3.08651846e-005, -0.999999999, -1.97776691e-005, 0.971322664, -5.45460402e-006, -0.237765183, 0.237765183, -3.89239211e-005, 0.971322663, -1.45529337e-005, -0.999999999, -3.65107718e-005, 0, 0, 0, 0, 0, 0, 0, 0.175911279, -0.00627963867, -0.0426440674, -0.489822356, 0.677993539, -0.548104533, -0.613525391, 0.178588867, 0.769165039, 0.61940728, 0.713019633, 0.328680645, 0, 0, 0, 0, 0, 0, 1, 0.242122461, 0.0470826172, -0.0358921875, -0.430413148, 0.655756851, -0.619993213, -0.0961914062, -0.716430664, -0.690795898, -0.897318137, -0.237688467, 0.371554649, 5, 1, 
1322.67418, 0.1, 0.1, 0.0784000028, 0.197401173, -0.0199414947, 0.971325994, -1.99614773e-005, -0.237751577, 0.237751575, -5.92758709e-005, 0.971325993, -3.34820335e-005, -0.999999998, -5.28303215e-005, 0.971325379, 3.0961899e-005, -0.237754088, 0.237754089, -2.96131746e-005, 0.971325379, 2.3033425e-005, -0.999999999, -3.61253462e-005, 0, 0, 0, 0, 0, 0, 0, 0.175911279, -0.00627963867, -0.0426440674, -0.489822356, 0.677993539, -0.548104533, -0.613525391, 0.178588867, 0.769165039, 0.61940728, 0.713019633, 0.328680645, 0, 0, 0, 0, 0, 0, 1, 0.242122461, 0.0470826172, -0.0358921875, -0.430413148, 0.655756851, -0.619993213, -0.0961914062, -0.716430664, -0.690795898, -0.897318137, -0.237688467, 0.371554649, 5, 1, 
1322.6754, 0.1, 0.1, 0.0784000008, 0.197401173, -0.0199419745, 0.971328756, 2.19448888e-005, -0.237740294, 0.237740295, -3.13173027e-005, 0.971328755, 1.38703167e-005, -0.999999999, -3.5636581e-005, 0.971328212, 2.79603353e-005, -0.237742515, 0.237742514, 1.92308246e-005, 0.971328213, 3.17306471e-005, -0.999999999, 1.20320821e-005, 0, 0, 0, 0, 0, 0, 0, 0.175911279, -0.00627963867, -0.0426440674, -0.489822356, 0.677993539, -0.548104533, -0.613525391, 0.178588867, 0.769165039, 0.61940728, 0.713019633, 0.328680645, 0, 0, 0, 0, 0, 0, 1, 0.242122461, 0.0470826172, -0.0358921875, -0.430413148, 0.655756851, -0.619993213, -0.0961914062, -0.716430664, -0.690795898, -0.897318137, -0.237688467, 0.371554649, 5, 1, 
1322.67672, 0.1, 0.1, 0.0783999987, 0.197401176, -0.019944031, 0.971331719, 4.12049132e-005, -0.237728184, 0.237728182, 3.12835565e-005, 0.97133172, 4.74606222e-005, -0.999999999, 2.05911416e-005, 0.971331084, 1.92776825e-005, -0.237730783, 0.237730782, 4.50762487e-005, 0.971331083, 2.94410241e-005, -0.999999999, 3.9201063e-005, 0, 0, 0, 0, 0, 0, 0, 0.175911279, -0.00627963867, -0.0426440674, -0.493675644, 0.677055209, -0.545699176, -0.612915039, 0.174194336, 0.770629883, 0.616927782, 0.714898537, 0.329041226, 0, 0, 0, 0, 0, 0, 1, 0.242122461, 0.0470826172, -0.0358921875, -0.430413148, 0.655756851, -0.619993213, -0.0961914062, -0.716430664, -0.690795898, -0.897318137, -0.237688467, 0.371554649, 5, 1, 
1322.67796, 0.1, 0.1, 0.0783999983, 0.197401176, -0.0199453065, 0.971334542, 1.99185238e-005, -0.237716655, 0.237716654, 4.63404417e-005, 0.971334541, 3.0363445e-005, -0.999999999, 4.02771069e-005, 0.971333984, -2.03112634e-005, -0.237718931, 0.237718932, 2.20917343e-005, 0.971333984, -1.4477397e-005, -1, 2.62868241e-005, 0, 0, 0, 0, 0, 0, 0, 0.177046265, -0.00877753906, -0.0402876221, -0.493675644, 0.677055209, -0.545699176, -0.612915039, 0.174194336, 0.770629883, 0.616927782, 0.714898537, 0.329041226, 0, 0, 0, 0, 0, 0, 1, 0.242919336, 0.0452035156, -0.0335765137, -0.435914133, 0.653168038, -0.618964398, -0.0915527344, -0.716430664, -0.69140625, -0.895195974, -0.244588669, 0.372276496, 5, 1, 
