time, realDorsalTactorPos, realVentralTactorPos, boxPosX, boxPosY, boxPosZ, boxLocalRot_11, boxLocalRot_12, boxLocalRot_13, boxLocalRot_21, boxLocalRot_22, boxLocalRot_23, boxLocalRot_31, boxLocalRot_32, boxLocalRot_33, boxGlobalRot_11, boxGlobalRot_12, boxGlobalRot_13, boxGlobalRot_21, boxGlobalRot_22, boxGlobalRot_23, boxGlobalRot_31, boxGlobalRot_32, boxGlobalRot_33, indexForceX, indexForceY, indexForceZ, indexForceGlobalX, indexForceGlobalY, indexForceGlobalZ, indexContact, indexPosX, indexPosY, indexPosZ, indexRot_11, indexRot_12, indexRot_13, indexRot_21, indexRot_22, indexRot_23, indexRot_31, indexRot_32, indexRot_33, thumbForceX, thumbForceY, thumbForceZ, thumbForceGlobalX, thumbForceGlobalY, thumbForceGlobalZ, thumbContact, thumbPosX, thumbPosY, thumbPosZ, thumbRot_11, thumbRot_12, thumbRot_13, thumbRot_21, thumbRot_22, thumbRot_23, thumbRot_31, thumbRot_32, thumbRot_33, mapping, trialSuccess, 
314.911444, 0.1, 0.1, 0.107536751, 0.190171789, -0.0199410982, 0.916489422, -8.50783227e-006, 0.40005892, 0.40005892, -1.08778487e-005, -0.916489422, 1.21491187e-005, 1, -6.5657991e-006, 0.916489168, -6.71190279e-006, 0.400059503, 0.400059502, -3.3522295e-005, -0.916489167, 1.95622989e-005, 0.999999999, -2.80376597e-005, 0, 0, 0, 0, 0, 0, 0, 0.138414136, -0.168850122, -0.0604695557, -0.411227055, 0.502338428, -0.760628037, -0.588623047, 0.490722656, 0.642333984, 0.695821608, 0.712043748, 0.0941465639, 0, 0, 0, 0, 0, 0, 0, 0.214956299, -0.117257617, -0.034402002, -0.236732319, 0.277545014, -0.930978448, 0.56237793, -0.7421875, -0.364257812, -0.792146249, -0.609827391, 0.0196149956, 5, 1, 
314.932822, 0.1, 0.1, 0.107536848, 0.190171737, -0.0199686284, 0.91652791, -8.36579103e-006, 0.399970736, 0.399970736, 3.6579616e-005, -0.91652791, -6.96329493e-006, 0.999999999, 3.68723106e-005, 0.916527536, 1.04913629e-006, 0.399971594, 0.399971594, 3.25005075e-005, -0.916527535, -1.39608421e-005, 0.999999999, 2.93679854e-005, 0, 0, 0, 0, 0, 0, 0, 0.141703516, -0.175570923, -0.0602297607, -0.399843925, 0.528852782, -0.748572059, -0.585205078, 0.481323242, 0.652587891, 0.705265563, 0.699192852, 0.117202655, 0, 0, 0, 0, 0, 0, 0, 0.215902148, -0.121201416, -0.0341877441, -0.251700429, 0.277835924, -0.926971828, 0.576904297, -0.725830078, -0.374267578, -0.777026452, -0.628944678, 0.0223682197, 5, 1, 
314.933661, 0.1, 0.1, 0.107536851, 0.190171734, -0.0199729241, 0.91652933, 2.19383183e-005, 0.399967482, 0.399967482, -2.29391971e-005, -0.91652933, -1.09321793e-005, 0.999999999, -2.97990609e-005, 0.916529078, 1.58154491e-005, 0.39996806, 0.39996806, -2.18824509e-005, -0.916529078, -5.74303751e-006, 1, -2.6381577e-005, 0, 0, 0, 0, 0, 0, 0, 0.141703516, -0.175570923, -0.0602297607, -0.399843925, 0.528852782, -0.748572059, -0.585205078, 0.481323242, 0.652587891, 0.705265563, 0.699192852, 0.117202655, 0, 0, 0, 0, 0, 0, 0, 0.216516357, -0.123221484, -0.032962793, -0.251700429, 0.277835924, -0.926971828, 0.576904297, -0.725830078, -0.374267578, -0.777026452, -0.628944678, 0.0223682197, 5, 1, 
314.934503, 0.1, 0.1, 0.107536855, 0.190171728, -0.0199735461, 0.916530558, -6.46800481e-006, 0.399964669, 0.399964669, 3.92845465e-005, -0.916530557, -9.78430661e-006, 0.999999999, 3.85924607e-005, 0.916530309, -1.92080544e-005, 0.399965238, 0.399965238, 3.02901395e-005, -0.916530309, 5.48976123e-006, 0.999999999, 3.5444385e-005, 0, 0, 0, 0, 0, 0, 0, 0.141703516, -0.175570923, -0.0602297607, -0.399843925, 0.528852782, -0.748572059, -0.585205078, 0.481323242, 0.652587891, 0.705265563, 0.699192852, 0.117202655, 0, 0, 0, 0, 0, 0, 0, 0.216516357, -0.123221484, -0.032962793, -0.251700429, 0.277835924, -0.926971828, 0.576904297, -0.725830078, -0.374267578, -0.777026452, -0.628944678, 0.0223682197, 5, 1, 
314.935382, 0.1, 0.1, 0.107536857, 0.190171726, -0.0199701087, 0.916531821, 9.8166834e-006, 0.399961775, 0.399961776, -3.81299516e-005, -0.91653182, 6.25322044e-006, 0.999999999, -3.88736121e-005, 0.916531598, 2.64169032e-006, 0.399962286, 0.399962286, -3.81333093e-005, -0.916531597, 1.28306929e-005, 0.999999999, -3.60069594e-005, 0, 0, 0, 0, 0, 0, 0, 0.142661914, -0.176614038, -0.0588170898, -0.39837315, 0.525738247, -0.751617324, -0.590087891, 0.48046875, 0.648803711, 0.702066409, 0.702157984, 0.119044489, 0, 0, 0, 0, 0, 0, 0, 0.217345264, -0.124289648, -0.0315180176, -0.250505003, 0.273292292, -0.928658691, 0.582397461, -0.723632813, -0.370117187, -0.773218527, -0.633595485, 0.0220681806, 5, 1, 
314.936224, 0.1, 0.1, 0.10753686, 0.190171719, -0.0199644172, 0.916532722, -3.5750714e-005, 0.399959709, 0.39995971, 3.53758847e-005, -0.916532721, 1.86177707e-005, 0.999999999, 4.67220011e-005, 0.916532573, -2.86777066e-005, 0.399960051, 0.399960052, 3.52768996e-005, -0.916532572, 1.21747016e-005, 0.999999999, 4.38023645e-005, 0, 0, 0, 0, 0, 0, 0, 0.142661914, -0.176614038, -0.0588170898, -0.39837315, 0.525738247, -0.751617324, -0.590087891, 0.48046875, 0.648803711, 0.702066409, 0.702157984, 0.119044489, 0, 0, 0, 0, 0, 0, 0, 0.217345264, -0.124289648, -0.0315180176, -0.250505003, 0.273292292, -0.928658691, 0.582397461, -0.723632813, -0.370117187, -0.773218527, -0.633595485, 0.0220681806, 5, 1, 
314.937065, 0.1, 0.1, 0.107536861, 0.190171719, -0.0199588116, 0.916533499, 5.48210929e-006, 0.399957929, 0.399957929, -6.0315856e-005, -0.916533497, 1.90992681e-005, 0.999999998, -5.74741157e-005, 0.916533326, 2.56527238e-005, 0.399958325, 0.399958326, -4.6773571e-005, -0.916533325, -4.8040971e-006, 0.999999999, -5.3129557e-005, 0, 0, 0, 0, 0, 0, 0, 0.142661914, -0.176614038, -0.0588170898, -0.39837315, 0.525738247, -0.751617324, -0.590087891, 0.48046875, 0.648803711, 0.702066409, 0.702157984, 0.119044489, 0, 0, 0, 0, 0, 0, 0, 0.217345264, -0.124289648, -0.0315180176, -0.250505003, 0.273292292, -0.928658691, 0.582397461, -0.723632813, -0.370117187, -0.773218527, -0.633595485, 0.0220681806, 5, 1, 
314.937906, 0.1, 0.1, 0.107536865, 0.190171712, -0.0199553064, 0.91653439, -1.81380949e-005, 0.399955887, 0.399955888, 5.57986618e-005, -0.916534388, -5.69281556e-006, 0.999999998, 5.83958303e-005, 0.91653422, -7.5943539e-006, 0.399956277, 0.399956277, 5.34320097e-005, -0.916534219, -1.44099824e-005, 0.999999999, 5.20096749e-005, 0, 0, 0, 0, 0, 0, 0, 0.142661914, -0.176614038, -0.0588170898, -0.39837315, 0.525738247, -0.751617324, -0.590087891, 0.48046875, 0.648803711, 0.702066409, 0.702157984, 0.119044489, 0, 0, 0, 0, 0, 0, 0, 0.217345264, -0.124289648, -0.0315180176, -0.250505003, 0.273292292, -0.928658691, 0.582397461, -0.723632813, -0.370117187, -0.773218527, -0.633595485, 0.0220681806, 5, 1, 
314.938749, 0.1, 0.1, 0.107536867, 0.190171712, -0.0199547969, 0.916534957, 4.51940432e-005, 0.399954586, 0.399954588, -4.51683216e-005, -0.916534956, -2.3356643e-005, 0.999999998, -5.94739106e-005, 0.916534878, 3.38971584e-005, 0.399954769, 0.39995477, -4.3647797e-005, -0.916534877, -1.36107833e-005, 0.999999998, -5.35620585e-005, 0, 0, 0, 0, 0, 0, 0, 0.142661914, -0.176614038, -0.0588170898, -0.39837315, 0.525738247, -0.751617324, -0.590087891, 0.48046875, 0.648803711, 0.702066409, 0.702157984, 0.119044489, 0, 0, 0, 0, 0, 0, 0, 0.217345264, -0.124289648, -0.0315180176, -0.250505003, 0.273292292, -0.928658691, 0.582397461, -0.723632813, -0.370117187, -0.773218527, -0.633595485, 0.0220681806, 5, 1, 
314.939588, 0.1, 0.1, 0.10753687, 0.190171705, -0.0199573345, 0.91653542, -2.5306669e-006, 0.399953528, 0.399953527, 6.40637208e-005, -0.916535418, -2.33030653e-005, 0.999999998, 5.97288184e-005, 0.916535301, -2.24376871e-005, 0.399953798, 0.399953799, 4.71857135e-005, -0.9165353, 1.69282688e-006, 0.999999999, 5.22214104e-005, 0, 0, 0, 0, 0, 0, 0, 0.142661914, -0.176614038, -0.0588170898, -0.39837315, 0.525738247, -0.751617324, -0.590087891, 0.48046875, 0.648803711, 0.702066409, 0.702157984, 0.119044489, 0, 0, 0, 0, 0, 0, 0, 0.217345264, -0.124289648, -0.0315180176, -0.250505003, 0.273292292, -0.928658691, 0.582397461, -0.723632813, -0.370117187, -0.773218527, -0.633595485, 0.0220681806, 5, 1, 
314.940473, 0.1, 0.1, 0.107536872, 0.190171703, -0.0199613607, 0.916536171, -2.8461755e-005, 0.399951806, 0.399951803, -6.39211225e-005, -0.91653617, 5.16515963e-005, 0.999999998, -4.72026906e-005, 0.91653601, -1.28741896e-005, 0.399952175, 0.399952174, -5.08020103e-005, -0.916536009, 3.21180329e-005, 0.999999999, -4.14128117e-005, 0, 0, 0, 0, 0, 0, 0, 0.143176392, -0.176945923, -0.057369751, -0.396933454, 0.523517859, -0.753933192, -0.593261719, 0.48046875, 0.645874023, 0.700231688, 0.703745579, 0.120029246, 0, 0, 0, 0, 0, 0, 0, 0.217667627, -0.125319238, -0.030036377, -0.249961427, 0.269010787, -0.930070667, 0.586669922, -0.721923828, -0.366455078, -0.770215569, -0.6372368, 0.0226562322, 5, 1, 
314.941314, 0.1, 0.1, 0.107536877, 0.190171699, -0.0199654557, 0.916537035, 2.49092579e-005, 0.399949825, 0.399949823, 5.36583488e-005, -0.916537035, -4.42909045e-005, 0.999999998, 3.92174106e-005, 0.916536849, 5.15701857e-006, 0.399950252, 0.399950251, 4.02017821e-005, -0.916536849, -2.08053104e-005, 0.999999999, 3.47838638e-005, 0, 0, 0, 0, 0, 0, 0, 0.143176392, -0.176945923, -0.057369751, -0.396933454, 0.523517859, -0.753933192, -0.593261719, 0.48046875, 0.645874023, 0.700231688, 0.703745579, 0.120029246, 0, 0, 0, 0, 0, 0, 0, 0.217667627, -0.125319238, -0.030036377, -0.249961427, 0.269010787, -0.930070667, 0.586669922, -0.721923828, -0.366455078, -0.770215569, -0.6372368, 0.0226562322, 5, 1, 
314.942151, 0.1, 0.1, 0.107536874, 0.190171696, -0.019968532, 0.916538048, -1.97234862e-005, 0.399947505, 0.399947504, -5.15168845e-005, -0.916538047, 3.86813749e-005, 0.999999998, -3.93288257e-005, 0.916537824, 1.48925776e-005, 0.399948019, 0.399948019, -3.23653905e-005, -0.916537823, -7.05136837e-007, 0.999999999, -3.56203615e-005, 0, 0, 0, 0, 0, 0, 0, 0.143176392, -0.176945923, -0.057369751, -0.396933454, 0.523517859, -0.753933192, -0.593261719, 0.48046875, 0.645874023, 0.700231688, 0.703745579, 0.120029246, 0, 0, 0, 0, 0, 0, 0, 0.217667627, -0.125319238, -0.030036377, -0.249961427, 0.269010787, -0.930070667, 0.586669922, -0.721923828, -0.366455078, -0.770215569, -0.6372368, 0.0226562322, 5, 1, 
314.943001, 0.1, 0.1, 0.107536891, 0.190171696, -0.0199695859, 0.916539323, -4.64526332e-005, 0.399944581, 0.399944582, 2.35188564e-005, -0.916539323, 3.31694258e-005, 0.999999999, 4.01344357e-005, 0.916539044, -6.97291537e-005, 0.399945217, 0.399945218, 7.87920833e-006, -0.916539046, 6.07582403e-005, 0.999999998, 3.51094437e-005, 0, 0, 0, 0, 0, 0, 0, 0.143176392, -0.176945923, -0.057369751, -0.396933454, 0.523517859, -0.753933192, -0.593261719, 0.48046875, 0.645874023, 0.700231688, 0.703745579, 0.120029246, 0, 0, 0, 0, 0, 0, 0, 0.217667627, -0.125319238, -0.030036377, -0.249961427, 0.269010787, -0.930070667, 0.586669922, -0.721923828, -0.366455078, -0.770215569, -0.6372368, 0.0226562322, 5, 1, 
314.94384, 0.1, 0.1, 0.107536887, 0.190171692, -0.0199683252, 0.916540782, 3.34090843e-005, 0.399941238, 0.399941239, -2.69888033e-005, -0.916540782, -1.98268528e-005, 0.999999999, -3.80980095e-005, 0.916540481, 4.54984811e-005, 0.399941927, 0.399941928, -1.69340246e-005, -0.916540481, -3.49285733e-005, 0.999999999, -3.37174693e-005, 0, 0, 0, 0, 0, 0, 0, 0.143176392, -0.176945923, -0.057369751, -0.396933454, 0.523517859, -0.753933192, -0.593261719, 0.48046875, 0.645874023, 0.700231688, 0.703745579, 0.120029246, 0, 0, 0, 0, 0, 0, 0, 0.217667627, -0.125319238, -0.030036377, -0.249961427, 0.269010787, -0.930070667, 0.586669922, -0.721923828, -0.366455078, -0.770215569, -0.6372368, 0.0226562322, 5, 1, 
314.944703, 0.1, 0.1, 0.107536891, 0.190171685, -0.0199652024, 0.916542403, 5.68710022e-007, 0.399937524, 0.399937523, 5.0474421e-005, -0.916542402, -2.07078618e-005, 0.999999999, 4.60344987e-005, 0.916542074, -2.14013516e-005, 0.399938278, 0.399938279, 3.81531386e-005, -0.916542073, 4.3563386e-006, 0.999999999, 4.35281765e-005, 0, 0, 0, 0, 0, 0, 0, 0.143501318, -0.177236401, -0.0568491699, -0.394947087, 0.52661442, -0.75274437, -0.594360352, 0.478149414, 0.646484375, 0.700287854, 0.703007948, 0.124413857, 0, 0, 0, 0, 0, 0, 0, 0.217667627, -0.125319238, -0.030036377, -0.251992805, 0.26766844, -0.929904423, 0.58972168, -0.719360352, -0.366821289, -0.767237765, -0.640814682, 0.0234101614, 5, 1, 
314.945565, 0.1, 0.1, 0.107536891, 0.190171685, -0.0199611333, 0.916544129, -1.3655164e-005, 0.399933569, 0.399933567, -6.51176884e-005, -0.916544127, 3.85583099e-005, 0.999999998, -5.42220766e-005, 0.916543791, -5.47045197e-007, 0.399934343, 0.399934342, -5.49673278e-005, -0.91654379, 2.2484713e-005, 0.999999998, -5.01611808e-005, 0, 0, 0, 0, 0, 0, 0, 0.143501318, -0.177236401, -0.0568491699, -0.394947087, 0.52661442, -0.75274437, -0.594360352, 0.478149414, 0.646484375, 0.700287854, 0.703007948, 0.124413857, 0, 0, 0, 0, 0, 0, 0, 0.217819092, -0.125929785, -0.0293397949, -0.251992805, 0.26766844, -0.929904423, 0.58972168, -0.719360352, -0.366821289, -0.767237765, -0.640814682, 0.0234101614, 5, 1, 
314.946402, 0.1, 0.1, 0.107536896, 0.190171679, -0.0199583122, 0.916545763, -9.58384243e-006, 0.399929824, 0.399929824, 5.74380412e-005, -0.916545761, -1.41871555e-005, 0.999999998, 5.64774577e-005, 0.916545458, -4.90687449e-006, 0.399930523, 0.399930522, 5.28247778e-005, -0.916545457, -1.66288675e-005, 0.999999999, 5.0378719e-005, 0, 0, 0, 0, 0, 0, 0, 0.143501318, -0.177236401, -0.0568491699, -0.394947087, 0.52661442, -0.75274437, -0.594360352, 0.478149414, 0.646484375, 0.700287854, 0.703007948, 0.124413857, 0, 0, 0, 0, 0, 0, 0, 0.217819092, -0.125929785, -0.0293397949, -0.251992805, 0.26766844, -0.929904423, 0.58972168, -0.719360352, -0.366821289, -0.767237765, -0.640814682, 0.0234101614, 5, 1, 
314.947264, 0.1, 0.1, 0.107536896, 0.190171679, -0.0199574172, 0.916547146, 1.25397875e-005, 0.399926655, 0.399926655, -5.37250089e-005, -0.916547144, 9.99275665e-006, 0.999999998, -5.42564989e-005, 0.916546854, 2.68694726e-005, 0.399927324, 0.399927325, -4.0588146e-005, -0.916546853, -8.39482192e-006, 0.999999999, -4.79467738e-005, 0, 0, 0, 0, 0, 0, 0, 0.143501318, -0.177236401, -0.0568491699, -0.392547722, 0.530383089, -0.751371702, -0.594726562, 0.476806641, 0.647216797, 0.701390935, 0.701051538, 0.128398573, 0, 0, 0, 0, 0, 0, 0, 0.217819092, -0.125929785, -0.0293397949, -0.251992805, 0.26766844, -0.929904423, 0.58972168, -0.719360352, -0.366821289, -0.767237765, -0.640814682, 0.0234101614, 5, 1, 
314.948128, 0.1, 0.1, 0.107536901, 0.190171672, -0.0199581202, 0.916548358, -3.57822198e-005, 0.399923875, 0.399923877, 4.88168009e-005, -0.916548357, 1.32731306e-005, 0.999999998, 5.90531228e-005, 0.916548152, -3.28178304e-005, 0.399924347, 0.399924348, 4.33609178e-005, -0.916548152, 1.2738035e-005, 0.999999999, 5.28670185e-005, 0, 0, 0, 0, 0, 0, 0, 0.144297021, -0.177942725, -0.0565436523, -0.392547722, 0.530383089, -0.751371702, -0.594726562, 0.476806641, 0.647216797, 0.701390935, 0.701051538, 0.128398573, 0, 0, 0, 0, 0, 0, 0, 0.217963232, -0.126884766, -0.0288564453, -0.253602742, 0.26721455, -0.929629537, 0.590698242, -0.718261719, -0.367553711, -0.765934064, -0.642335301, 0.0242982521, 5, 1, 
314.948968, 0.1, 0.1, 0.107536904, 0.190171671, -0.0199606106, 0.916549367, 1.64860604e-005, 0.399921563, 0.399921564, -4.64205636e-005, -0.916549366, 3.45429616e-006, 0.999999999, -4.91398692e-005, 0.916549185, 1.61634708e-006, 0.399921983, 0.399921982, -4.54748346e-005, -0.916549184, 1.67049244e-005, 0.999999999, -4.23263353e-005, 0, 0, 0, 0, 0, 0, 0, 0.144297021, -0.177942725, -0.0565436523, -0.392547722, 0.530383089, -0.751371702, -0.594726562, 0.476806641, 0.647216797, 0.701390935, 0.701051538, 0.128398573, 0, 0, 0, 0, 0, 0, 0, 0.217963232, -0.126884766, -0.0288564453, -0.253602742, 0.26721455, -0.929629537, 0.590698242, -0.718261719, -0.367553711, -0.765934064, -0.642335301, 0.0242982521, 5, 1, 
314.949818, 0.1, 0.1, 0.107536903, 0.190171664, -0.019963855, 0.916550019, -3.51146865e-005, 0.399920069, 0.399920071, 3.48620902e-005, -0.916550018, 1.8242317e-005, 0.999999999, 4.59959173e-005, 0.916549929, -4.50454816e-006, 0.399920277, 0.399920277, 4.23033813e-005, -0.916549928, -1.27893367e-005, 0.999999999, 4.05746213e-005, 0, 0, 0, 0, 0, 0, 0, 0.144297021, -0.177942725, -0.0565436523, -0.392547722, 0.530383089, -0.751371702, -0.594726562, 0.476806641, 0.647216797, 0.701390935, 0.701051538, 0.128398573, 0, 0, 0, 0, 0, 0, 0, 0.217963232, -0.126884766, -0.0288564453, -0.253602742, 0.26721455, -0.929629537, 0.590698242, -0.718261719, -0.367553711, -0.765934064, -0.642335301, 0.0242982521, 5, 1, 
314.950654, 0.1, 0.1, 0.107536906, 0.190171664, -0.0199665774, 0.916550231, 4.82648323e-005, 0.399919581, 0.399919583, -2.68386987e-005, -0.916550231, -3.3503822e-005, 0.999999998, -4.39010671e-005, 0.916550226, 1.44881753e-005, 0.399919596, 0.399919596, -3.5739331e-005, -0.916550225, 1.01371848e-006, 0.999999999, -3.85509971e-005, 0, 0, 0, 0, 0, 0, 0, 0.144297021, -0.177942725, -0.0565436523, -0.392547722, 0.530383089, -0.751371702, -0.594726562, 0.476806641, 0.647216797, 0.701390935, 0.701051538, 0.128398573, 0, 0, 0, 0, 0, 0, 0, 0.217963232, -0.126884766, -0.0288564453, -0.253602742, 0.26721455, -0.929629537, 0.590698242, -0.718261719, -0.367553711, -0.765934064, -0.642335301, 0.0242982521, 5, 1, 
314.951496, 0.1, 0.1, 0.107536899, 0.190171656, -0.0199679906, 0.916550063, -1.10145573e-005, 0.399919969, 0.399919969, 3.3106773e-005, -0.916550063, -3.14466643e-006, 0.999999999, 3.47489563e-005, 0.916550125, 1.94831815e-005, 0.399919826, 0.399919825, 4.18741199e-005, -0.916550125, -3.46036033e-005, 0.999999999, 3.05880193e-005, 0, 0, 0, 0, 0, 0, 0, 0.144297021, -0.177942725, -0.0565436523, -0.392547722, 0.530383089, -0.751371702, -0.594726562, 0.476806641, 0.647216797, 0.701390935, 0.701051538, 0.128398573, 0, 0, 0, 0, 0, 0, 0, 0.217963232, -0.126884766, -0.0288564453, -0.253602742, 0.26721455, -0.929629537, 0.590698242, -0.718261719, -0.367553711, -0.765934064, -0.642335301, 0.0242982521, 5, 1, 
314.952375, 0.1, 0.1, 0.107536914, 0.190171664, -0.0199673557, 0.916549491, -3.5571554e-005, 0.399921278, 0.399921275, -7.08872276e-005, -0.916549491, 6.09524003e-005, 0.999999997, -5.07458312e-005, 0.91654962, -5.20494616e-005, 0.399920982, 0.399920978, -7.33719834e-005, -0.91654962, 7.70489099e-005, 0.999999996, -4.64333919e-005, 0, 0, 0, 0, 0, 0, 0, 0.145090771, -0.178677612, -0.0560339355, -0.390142364, 0.533542929, -0.750404919, -0.595947266, 0.474853516, 0.647583008, 0.701751516, 0.699933109, 0.132941944, 0, 0, 0, 0, 0, 0, 0, 0.218597559, -0.127465283, -0.0283982422, -0.254988833, 0.266198128, -0.929533655, 0.593505859, -0.715698242, -0.367797852, -0.763256666, -0.645510699, 0.0245538151, 5, 1, 
314.953222, 0.1, 0.1, 0.107536912, 0.190171658, -0.0199650609, 0.916548707, 2.42446776e-005, 0.399923077, 0.399923076, 5.22985862e-005, -0.916548706, -4.31368394e-005, 0.999999998, 3.82381955e-005, 0.916548873, 2.9697491e-005, 0.399922696, 0.399922694, 4.85162877e-005, -0.916548873, -4.66219664e-005, 0.999999998, 3.25908482e-005, 0, 0, 0, 0, 0, 0, 0, 0.145090771, -0.178677612, -0.0560339355, -0.390142364, 0.533542929, -0.750404919, -0.595947266, 0.474853516, 0.647583008, 0.701751516, 0.699933109, 0.132941944, 0, 0, 0, 0, 0, 0, 0, 0.218597559, -0.127465283, -0.0283982422, -0.254988833, 0.266198128, -0.929533655, 0.593505859, -0.715698242, -0.367797852, -0.763256666, -0.645510699, 0.0245538151, 5, 1, 
314.954064, 0.1, 0.1, 0.107536913, 0.190171659, -0.0199623078, 0.916547809, 1.1181716e-005, 0.399925134, 0.399925134, -4.56946522e-005, -0.916547808, 8.02586261e-006, 0.999999999, -4.63531826e-005, 0.916547999, -1.4945976e-006, 0.399924699, 0.399924699, -4.8644618e-005, -0.916547998, 2.08240547e-005, 0.999999999, -4.39874008e-005, 0, 0, 0, 0, 0, 0, 0, 0.145090771, -0.178677612, -0.0560339355, -0.390142364, 0.533542929, -0.750404919, -0.595947266, 0.474853516, 0.647583008, 0.701751516, 0.699933109, 0.132941944, 0, 0, 0, 0, 0, 0, 0, 0.218597559, -0.127465283, -0.0283982422, -0.254988833, 0.266198128, -0.929533655, 0.593505859, -0.715698242, -0.367797852, -0.763256666, -0.645510699, 0.0245538151, 5, 1, 
314.954902, 0.1, 0.1, 0.107536915, 0.19017165, -0.0199601404, 0.916546731, -5.06192472e-005, 0.399927602, 0.399927604, 4.62494316e-005, -0.916546731, 2.78984813e-005, 0.999999998, 6.26337996e-005, 0.916546971, -1.85885373e-005, 0.399927055, 0.399927055, 5.4115682e-005, -0.91654697, -4.60505777e-006, 0.999999998, 5.70336234e-005, 0, 0, 0, 0, 0, 0, 0, 0.145090771, -0.178677612, -0.0560339355, -0.390142364, 0.533542929, -0.750404919, -0.595947266, 0.474853516, 0.647583008, 0.701751516, 0.699933109, 0.132941944, 0, 0, 0, 0, 0, 0, 0, 0.218597559, -0.127465283, -0.0283982422, -0.254988833, 0.266198128, -0.929533655, 0.593505859, -0.715698242, -0.367797852, -0.763256666, -0.645510699, 0.0245538151, 5, 1, 
314.955738, 0.1, 0.1, 0.10753692, 0.190171649, -0.0199593572, 0.916545427, 3.12752349e-005, 0.399930594, 0.399930595, -3.46524475e-005, -0.916545426, -1.48065996e-005, 0.999999999, -4.42684656e-005, 0.916545697, 1.57032043e-005, 0.399929975, 0.399929975, -3.44253833e-005, -0.916545697, -6.24961693e-007, 0.999999999, -3.78326191e-005, 0, 0, 0, 0, 0, 0, 0, 0.145090771, -0.178677612, -0.0560339355, -0.390142364, 0.533542929, -0.750404919, -0.595947266, 0.474853516, 0.647583008, 0.701751516, 0.699933109, 0.132941944, 0, 0, 0, 0, 0, 0, 0, 0.218597559, -0.127465283, -0.0283982422, -0.254988833, 0.266198128, -0.929533655, 0.593505859, -0.715698242, -0.367797852, -0.763256666, -0.645510699, 0.0245538151, 5, 1, 
314.956573, 0.1, 0.1, 0.107536922, 0.190171642, -0.0199600879, 0.916544219, -1.20098919e-005, 0.399933362, 0.399933362, 5.50426711e-005, -0.916544217, -1.10058036e-005, 0.999999998, 5.52521985e-005, 0.916544432, -9.40171667e-006, 0.399932875, 0.399932875, 5.09564333e-005, -0.916544431, -1.17620618e-005, 0.999999999, 5.04638908e-005, 0, 0, 0, 0, 0, 0, 0, 0.145090771, -0.178677612, -0.0560339355, -0.390142364, 0.533542929, -0.750404919, -0.595947266, 0.474853516, 0.647583008, 0.701751516, 0.699933109, 0.132941944, 0, 0, 0, 0, 0, 0, 0, 0.218597559, -0.127465283, -0.0283982422, -0.254988833, 0.266198128, -0.929533655, 0.593505859, -0.715698242, -0.367797852, -0.763256666, -0.645510699, 0.0245538151, 5, 1, 
314.957453, 0.1, 0.1, 0.107536922, 0.190171642, -0.0199614694, 0.916543109, 1.81701097e-005, 0.399935906, 0.399935907, -5.29111055e-005, -0.916543107, 4.50736214e-006, 0.999999998, -5.57621884e-005, 0.9165433, 2.80198823e-005, 0.399935467, 0.399935468, -4.16678232e-005, -0.9165433, -9.01699509e-006, 0.999999999, -4.93965089e-005, 0, 0, 0, 0, 0, 0, 0, 0.145807861, -0.178858838, -0.0562958496, -0.389266192, 0.538834791, -0.74707097, -0.595458984, 0.471557617, 0.650390625, 0.702601479, 0.698229817, 0.137604759, 0, 0, 0, 0, 0, 0, 0, 0.218854346, -0.127979395, -0.0287446289, -0.258707073, 0.266152918, -0.928447237, 0.595458984, -0.712890625, -0.370361328, -0.760578901, -0.648584018, 0.0258954293, 5, 1, 
314.958293, 0.1, 0.1, 0.107536924, 0.190171638, -0.0199633522, 0.916542173, -1.90878918e-005, 0.399938051, 0.399938051, 3.64335091e-005, -0.916542173, 2.92371118e-006, 0.999999999, 4.10268219e-005, 0.916542363, -1.69448665e-005, 0.399937616, 0.399937616, 3.10167899e-005, -0.916542362, 3.12590703e-006, 0.999999999, 3.52050914e-005, 0, 0, 0, 0, 0, 0, 0, 0.145807861, -0.178858838, -0.0562958496, -0.389266192, 0.538834791, -0.74707097, -0.595458984, 0.471557617, 0.650390625, 0.702601479, 0.698229817, 0.137604759, 0, 0, 0, 0, 0, 0, 0, 0.218854346, -0.127979395, -0.0287446289, -0.258707073, 0.266152918, -0.928447237, 0.595458984, -0.712890625, -0.370361328, -0.760578901, -0.648584018, 0.0258954293, 5, 1, 
314.959136, 0.1, 0.1, 0.107536923, 0.190171638, -0.0199650802, 0.916541344, 2.55644194e-005, 0.399939951, 0.399939952, -4.15942715e-005, -0.916541343, -6.79563637e-006, 0.999999999, -4.83471022e-005, 0.916541506, 1.30506801e-005, 0.39993958, 0.39993958, -4.21846368e-005, -0.916541505, 4.90981597e-006, 0.999999999, -4.3883454e-005, 0, 0, 0, 0, 0, 0, 0, 0.145807861, -0.178858838, -0.0562958496, -0.389266192, 0.538834791, -0.74707097, -0.595458984, 0.471557617, 0.650390625, 0.702601479, 0.698229817, 0.137604759, 0, 0, 0, 0, 0, 0, 0, 0.218854346, -0.127979395, -0.0287446289, -0.258707073, 0.266152918, -0.928447237, 0.595458984, -0.712890625, -0.370361328, -0.760578901, -0.648584018, 0.0258954293, 5, 1, 
314.95997, 0.1, 0.1, 0.107536926, 0.190171633, -0.0199661331, 0.916540642, -1.54511453e-005, 0.399941559, 0.399941559, 4.07958371e-005, -0.916540641, -2.15434805e-006, 0.999999999, 4.35705979e-005, 0.916540763, -1.24020657e-005, 0.399941283, 0.399941283, 3.59108178e-005, -0.916540762, -2.99521981e-006, 0.999999999, 3.78738265e-005, 0, 0, 0, 0, 0, 0, 0, 0.145807861, -0.178858838, -0.0562958496, -0.389266192, 0.538834791, -0.74707097, -0.595458984, 0.471557617, 0.650390625, 0.702601479, 0.698229817, 0.137604759, 0, 0, 0, 0, 0, 0, 0, 0.218854346, -0.127979395, -0.0287446289, -0.258707073, 0.266152918, -0.928447237, 0.595458984, -0.712890625, -0.370361328, -0.760578901, -0.648584018, 0.0258954293, 5, 1, 
314.960816, 0.1, 0.1, 0.107536928, 0.190171633, -0.019966169, 0.916540027, 6.4396278e-006, 0.39994297, 0.39994297, -4.17627404e-005, -0.916540026, 1.08005378e-005, 0.999999999, -4.08527071e-005, 0.916540139, 1.6126629e-005, 0.399942713, 0.399942714, -3.29008075e-005, -0.916540138, -1.62226455e-006, 0.999999999, -3.66046384e-005, 0, 0, 0, 0, 0, 0, 0, 0.145807861, -0.178858838, -0.0562958496, -0.389266192, 0.538834791, -0.74707097, -0.595458984, 0.471557617, 0.650390625, 0.702601479, 0.698229817, 0.137604759, 0, 0, 0, 0, 0, 0, 0, 0.218854346, -0.127979395, -0.0287446289, -0.258707073, 0.266152918, -0.928447237, 0.595458984, -0.712890625, -0.370361328, -0.760578901, -0.648584018, 0.0258954293, 5, 1, 
314.961674, 0.1, 0.1, 0.107536932, 0.190171627, -0.0199650995, 0.91653947, -2.8069275e-005, 0.399944244, 0.399944245, 4.14283096e-005, -0.916539469, 9.15758441e-006, 0.999999999, 4.91968259e-005, 0.916539598, -2.66486838e-005, 0.399943952, 0.399943952, 3.66987854e-005, -0.916539597, 9.74711665e-006, 0.999999999, 4.42938699e-005, 0, 0, 0, 0, 0, 0, 0, 0.145807861, -0.178858838, -0.0562958496, -0.38771679, 0.544557626, -0.743673743, -0.594116211, 0.469238281, 0.653320313, 0.704580733, 0.695345938, 0.141886777, 0, 0, 0, 0, 0, 0, 0, 0.218854346, -0.127979395, -0.0287446289, -0.258707073, 0.266152918, -0.928447237, 0.595458984, -0.712890625, -0.370361328, -0.760578901, -0.648584018, 0.0258954293, 5, 1, 
314.962533, 0.1, 0.1, 0.107536932, 0.190171627, -0.0199630162, 0.91653898, 2.29668013e-005, 0.399945369, 0.399945369, -4.11268151e-005, -0.916538979, -4.60148937e-006, 0.999999999, -4.6879795e-005, 0.916539076, 8.98767501e-006, 0.399945148, 0.399945148, -4.19255515e-005, -0.916539075, 8.53036558e-006, 0.999999999, -4.20209833e-005, 0, 0, 0, 0, 0, 0, 0, 0.146339551, -0.179468115, -0.0567789307, -0.38771679, 0.544557626, -0.743673743, -0.594116211, 0.469238281, 0.653320313, 0.704580733, 0.695345938, 0.141886777, 0, 0, 0, 0, 0, 0, 0, 0.21913042, -0.128882861, -0.028880957, -0.261652428, 0.266414678, -0.927629142, 0.595581055, -0.711547852, -0.372436523, -0.759415557, -0.649906676, 0.0274543271, 5, 1, 
314.963373, 0.1, 0.1, 0.107536936, 0.190171621, -0.0199612837, 0.916538576, -1.82142412e-005, 0.399946294, 0.399946295, 4.82703929e-005, -0.916538575, -2.61151007e-006, 0.999999999, 5.15263955e-005, 0.916538638, -1.5931525e-005, 0.399946153, 0.399946153, 4.4120802e-005, -0.916538637, -3.0440868e-006, 0.999999999, 4.68101719e-005, 0, 0, 0, 0, 0, 0, 0, 0.146339551, -0.179468115, -0.0567789307, -0.38771679, 0.544557626, -0.743673743, -0.594116211, 0.469238281, 0.653320313, 0.704580733, 0.695345938, 0.141886777, 0, 0, 0, 0, 0, 0, 0, 0.21913042, -0.128882861, -0.028880957, -0.261652428, 0.266414678, -0.927629142, 0.595581055, -0.711547852, -0.372436523, -0.759415557, -0.649906676, 0.0274543271, 5, 1, 
314.964255, 0.1, 0.1, 0.107536936, 0.190171623, -0.0199601762, 0.91653822, 1.25984183e-005, 0.39994711, 0.39994711, -5.6468691e-005, -0.916538218, 1.10375579e-005, 0.999999998, -5.67944146e-005, 0.916538283, 2.42066794e-005, 0.399946966, 0.399946967, -4.4548346e-005, -0.916538282, -4.36937254e-006, 0.999999999, -5.05116526e-005, 0, 0, 0, 0, 0, 0, 0, 0.146725269, -0.179870386, -0.0570896729, -0.38466329, 0.549982039, -0.741304334, -0.593505859, 0.467651367, 0.654907227, 0.706692537, 0.692138548, 0.146702361, 0, 0, 0, 0, 0, 0, 0, 0.21913042, -0.128882861, -0.028880957, -0.264406018, 0.266484674, -0.926772768, 0.596557617, -0.709838867, -0.374267578, -0.757741088, -0.65174046, 0.02864902, 5, 1, 
314.965091, 0.1, 0.1, 0.107536939, 0.190171618, -0.0199599761, 0.916537915, -2.62740158e-005, 0.399947809, 0.399947809, 4.14542764e-005, -0.916537914, 7.50158465e-006, 0.999999999, 4.85026511e-005, 0.916537987, -2.46453864e-005, 0.399947645, 0.399947645, 3.55937857e-005, -0.916537986, 8.35278206e-006, 0.999999999, 4.24799209e-005, 0, 0, 0, 0, 0, 0, 0, 0.146725269, -0.179870386, -0.0570896729, -0.38466329, 0.549982039, -0.741304334, -0.593505859, 0.467651367, 0.654907227, 0.706692537, 0.692138548, 0.146702361, 0, 0, 0, 0, 0, 0, 0, 0.219206689, -0.129140039, -0.0287991699, -0.264406018, 0.266484674, -0.926772768, 0.596557617, -0.709838867, -0.374267578, -0.757741088, -0.65174046, 0.02864902, 5, 1, 
314.965929, 0.1, 0.1, 0.107536939, 0.190171619, -0.0199610361, 0.91653764, 2.77737757e-005, 0.399948439, 0.399948439, -4.48441753e-005, -0.916537639, -7.52035288e-006, 0.999999999, -5.22094529e-005, 0.9165377, 1.26318522e-005, 0.399948302, 0.399948303, -4.53531353e-005, -0.916537699, 6.56134073e-006, 0.999999999, -4.66199461e-005, 0, 0, 0, 0, 0, 0, 0, 0.146725269, -0.179870386, -0.0570896729, -0.38466329, 0.549982039, -0.741304334, -0.593505859, 0.467651367, 0.654907227, 0.706692537, 0.692138548, 0.146702361, 0, 0, 0, 0, 0, 0, 0, 0.219206689, -0.129140039, -0.0287991699, -0.264406018, 0.266484674, -0.926772768, 0.596557617, -0.709838867, -0.374267578, -0.757741088, -0.65174046, 0.02864902, 5, 1, 
314.966769, 0.1, 0.1, 0.107536941, 0.190171614, -0.0199628639, 0.91653741, -1.40257814e-005, 0.399948966, 0.399948966, 4.66826388e-005, -0.916537409, -5.81551981e-006, 0.999999999, 4.83959816e-005, 0.91653744, -1.13702007e-005, 0.399948899, 0.399948899, 4.12041999e-005, -0.916537439, -6.05835971e-006, 0.999999999, 4.23126911e-005, 0, 0, 0, 0, 0, 0, 0, 0.146725269, -0.179870386, -0.0570896729, -0.38466329, 0.549982039, -0.741304334, -0.593505859, 0.467651367, 0.654907227, 0.706692537, 0.692138548, 0.146702361, 0, 0, 0, 0, 0, 0, 0, 0.219206689, -0.129140039, -0.0287991699, -0.264406018, 0.266484674, -0.926772768, 0.596557617, -0.709838867, -0.374267578, -0.757741088, -0.65174046, 0.02864902, 5, 1, 
314.967602, 0.1, 0.1, 0.107536942, 0.190171613, -0.0199647788, 0.916537221, 1.21261205e-005, 0.3999494, 0.3999494, -4.18608145e-005, -0.91653722, 5.62816684e-006, 0.999999999, -4.32168292e-005, 0.91653725, 2.10969588e-005, 0.399949332, 0.399949333, -3.22079925e-005, -0.91653725, -6.45458351e-006, 0.999999999, -3.79575395e-005, 0, 0, 0, 0, 0, 0, 0, 0.146725269, -0.179870386, -0.0570896729, -0.38466329, 0.549982039, -0.741304334, -0.593505859, 0.467651367, 0.654907227, 0.706692537, 0.692138548, 0.146702361, 0, 0, 0, 0, 0, 0, 0, 0.219206689, -0.129140039, -0.0287991699, -0.264406018, 0.266484674, -0.926772768, 0.596557617, -0.709838867, -0.374267578, -0.757741088, -0.65174046, 0.02864902, 5, 1, 
314.968449, 0.1, 0.1, 0.107536944, 0.190171608, -0.0199660639, 0.916537043, -2.0658747e-005, 0.399949807, 0.399949808, 4.07913071e-005, -0.916537042, 2.62003141e-006, 0.999999999, 4.56492059e-005, 0.916537089, -1.91956099e-005, 0.399949702, 0.399949702, 3.63051479e-005, -0.916537088, 3.07325533e-006, 0.999999999, 4.09522931e-005, 0, 0, 0, 0, 0, 0, 0, 0.146725269, -0.179870386, -0.0570896729, -0.38466329, 0.549982039, -0.741304334, -0.593505859, 0.467651367, 0.654907227, 0.706692537, 0.692138548, 0.146702361, 0, 0, 0, 0, 0, 0, 0, 0.219206689, -0.129140039, -0.0287991699, -0.264406018, 0.266484674, -0.926772768, 0.596557617, -0.709838867, -0.374267578, -0.757741088, -0.65174046, 0.02864902, 5, 1, 
314.969328, 0.1, 0.1, 0.107536943, 0.190171608, -0.0199659554, 0.916536877, 2.57983132e-005, 0.399950187, 0.399950188, -4.16732516e-005, -0.916536876, -6.97788064e-006, 0.999999999, -4.85131121e-005, 0.916536913, 1.31204624e-005, 0.399950106, 0.399950106, -4.23423607e-005, -0.916536912, 4.90944355e-006, 0.999999999, -4.40558669e-005, 0, 0, 0, 0, 0, 0, 0, 0.147218042, -0.18046123, -0.0569656494, -0.37954704, 0.556135847, -0.739270419, -0.59375, 0.466430664, 0.655639648, 0.709342776, 0.688074083, 0.153301368, 0, 0, 0, 0, 0, 0, 0, 0.219602393, -0.129605566, -0.0287776855, -0.26567727, 0.266810232, -0.926383044, 0.598022461, -0.708007813, -0.375488281, -0.756156304, -0.653670125, 0.0284444963, 5, 1, 
314.970174, 0.1, 0.1, 0.107536945, 0.190171603, -0.0199646778, 0.91653675, -1.24445384e-005, 0.399950478, 0.399950479, 4.161529e-005, -0.916536749, -5.23817834e-006, 0.999999999, 4.31191417e-005, 0.916536761, -9.9124092e-006, 0.399950453, 0.399950453, 3.73271407e-005, -0.916536761, -5.84391943e-006, 0.999999999, 3.81761692e-005, 0, 0, 0, 0, 0, 0, 0, 0.147218042, -0.18046123, -0.0569656494, -0.37954704, 0.556135847, -0.739270419, -0.59375, 0.466430664, 0.655639648, 0.709342776, 0.688074083, 0.153301368, 0, 0, 0, 0, 0, 0, 0, 0.219602393, -0.129605566, -0.0287776855, -0.26567727, 0.266810232, -0.926383044, 0.598022461, -0.708007813, -0.375488281, -0.756156304, -0.653670125, 0.0284444963, 5, 1, 
314.971017, 0.1, 0.1, 0.107536945, 0.190171604, -0.0199629869, 0.916536647, 1.36166462e-005, 0.399950715, 0.399950715, -4.85550662e-005, -0.916536646, 6.93947817e-006, 0.999999999, -4.99484849e-005, 0.91653666, 2.37953915e-005, 0.399950684, 0.399950685, -3.94839085e-005, -0.916536659, -6.01773243e-006, 0.999999999, -4.57054328e-005, 0, 0, 0, 0, 0, 0, 0, 0.147218042, -0.18046123, -0.0569656494, -0.37954704, 0.556135847, -0.739270419, -0.59375, 0.466430664, 0.655639648, 0.709342776, 0.688074083, 0.153301368, 0, 0, 0, 0, 0, 0, 0, 0.219602393, -0.129605566, -0.0287776855, -0.26567727, 0.266810232, -0.926383044, 0.598022461, -0.708007813, -0.375488281, -0.756156304, -0.653670125, 0.0284444963, 5, 1, 
314.971854, 0.1, 0.1, 0.107536948, 0.190171599, -0.019961588, 0.916536546, -2.4761216e-005, 0.399950946, 0.399950947, 4.49878578e-005, -0.916536545, 4.70162304e-006, 0.999999999, 5.11362875e-005, 0.916536579, -2.30417199e-005, 0.39995087, 0.399950871, 3.97491873e-005, -0.916536578, 5.22085711e-006, 0.999999999, 4.56471401e-005, 0, 0, 0, 0, 0, 0, 0, 0.147218042, -0.18046123, -0.0569656494, -0.37954704, 0.556135847, -0.739270419, -0.59375, 0.466430664, 0.655639648, 0.709342776, 0.688074083, 0.153301368, 0, 0, 0, 0, 0, 0, 0, 0.219602393, -0.129605566, -0.0287776855, -0.26567727, 0.266810232, -0.926383044, 0.598022461, -0.708007813, -0.375488281, -0.756156304, -0.653670125, 0.0284444963, 5, 1, 
314.972696, 0.1, 0.1, 0.107536947, 0.190171599, -0.0199609139, 0.91653645, 2.73682619e-005, 0.399951166, 0.399951167, -4.23737338e-005, -0.916536449, -8.13658537e-006, 0.999999999, -4.97830398e-005, 0.916536475, 1.27103456e-005, 0.39995111, 0.399951111, -4.29234485e-005, -0.916536474, 5.51778558e-006, 0.999999999, -4.4424423e-005, 0, 0, 0, 0, 0, 0, 0, 0.147218042, -0.18046123, -0.0569656494, -0.37954704, 0.556135847, -0.739270419, -0.59375, 0.466430664, 0.655639648, 0.709342776, 0.688074083, 0.153301368, 0, 0, 0, 0, 0, 0, 0, 0.219602393, -0.129605566, -0.0287776855, -0.26567727, 0.266810232, -0.926383044, 0.598022461, -0.708007813, -0.375488281, -0.756156304, -0.653670125, 0.0284444963, 5, 1, 
314.973535, 0.1, 0.1, 0.107536949, 0.190171593, -0.0199611791, 0.916536379, -1.60441968e-005, 0.399951329, 0.39995133, 4.9591234e-005, -0.916536378, -5.1289899e-006, 0.999999999, 5.18690679e-005, 0.916536378, -1.33179886e-005, 0.399951331, 0.399951332, 4.47417575e-005, -0.916536377, -5.68810445e-006, 0.999999999, 4.63339956e-005, 0, 0, 0, 0, 0, 0, 0, 0.147218042, -0.18046123, -0.0569656494, -0.37954704, 0.556135847, -0.739270419, -0.59375, 0.466430664, 0.655639648, 0.709342776, 0.688074083, 0.153301368, 0, 0, 0, 0, 0, 0, 0, 0.219602393, -0.129605566, -0.0287776855, -0.26567727, 0.266810232, -0.926383044, 0.598022461, -0.708007813, -0.375488281, -0.756156304, -0.653670125, 0.0284444963, 5, 1, 
314.974415, 0.1, 0.1, 0.107536949, 0.190171595, -0.0199618143, 0.916536311, 1.688457e-005, 0.399951486, 0.399951486, -5.28331098e-005, -0.916536309, 5.65535935e-006, 0.999999998, -5.51764724e-005, 0.916536317, 2.69576627e-005, 0.399951471, 0.399951472, -4.28684175e-005, -0.916536316, -7.56239026e-006, 0.999999999, -5.00722184e-005, 0, 0, 0, 0, 0, 0, 0, 0.147917212, -0.180870947, -0.0568721436, -0.374704125, 0.561420596, -0.73783934, -0.594726562, 0.46496582, 0.655761719, 0.711047573, 0.684765222, 0.159995856, 0, 0, 0, 0, 0, 0, 0, 0.220049365, -0.130102344, -0.0283329102, -0.266047672, 0.266452224, -0.926370284, 0.599243164, -0.70690918, -0.375366211, -0.754967808, -0.654935181, 0.0283230947, 5, 1, 
314.97525, 0.1, 0.1, 0.107536951, 0.190171591, -0.019962801, 0.916536241, -2.09380835e-005, 0.399951645, 0.399951645, 4.0192793e-005, -0.91653624, 3.11533869e-006, 0.999999999, 4.52123723e-005, 0.916536268, -1.87939817e-005, 0.399951584, 0.399951585, 3.42956862e-005, -0.916536267, 3.50875179e-006, 0.999999999, 3.89499229e-005, 0, 0, 0, 0, 0, 0, 0, 0.147917212, -0.180870947, -0.0568721436, -0.374704125, 0.561420596, -0.73783934, -0.594726562, 0.46496582, 0.655761719, 0.711047573, 0.684765222, 0.159995856, 0, 0, 0, 0, 0, 0, 0, 0.220049365, -0.130102344, -0.0283329102, -0.266047672, 0.266452224, -0.926370284, 0.599243164, -0.70690918, -0.375366211, -0.754967808, -0.654935181, 0.0283230947, 5, 1, 
314.976088, 0.1, 0.1, 0.10753695, 0.19017159, -0.0199640164, 0.916536171, 2.61889949e-005, 0.399951805, 0.399951805, -3.83751647e-005, -0.916536171, -8.6549447e-006, 0.999999999, -4.56465623e-005, 0.916536191, 1.28192191e-005, 0.399951761, 0.399951761, -3.89876023e-005, -0.91653619, 3.84388197e-006, 0.999999999, -4.08606178e-005, 0, 0, 0, 0, 0, 0, 0, 0.147917212, -0.180870947, -0.0568721436, -0.374704125, 0.561420596, -0.73783934, -0.594726562, 0.46496582, 0.655761719, 0.711047573, 0.684765222, 0.159995856, 0, 0, 0, 0, 0, 0, 0, 0.220049365, -0.130102344, -0.0283329102, -0.266047672, 0.266452224, -0.926370284, 0.599243164, -0.70690918, -0.375366211, -0.754967808, -0.654935181, 0.0283230947, 5, 1, 
314.976965, 0.1, 0.1, 0.107536953, 0.190171584, -0.0199645483, 0.916536121, -1.72560176e-005, 0.399951919, 0.39995192, 5.06766218e-005, -0.91653612, -4.45244878e-006, 0.999999999, 5.33485318e-005, 0.916536116, -1.49273794e-005, 0.399951931, 0.399951931, 4.66008302e-005, -0.916536115, -4.95660967e-006, 0.999999999, 4.86815781e-005, 0, 0, 0, 0, 0, 0, 0, 0.148658984, -0.181478027, -0.056545874, -0.369086509, 0.567275981, -0.736205319, -0.594970703, 0.464233398, 0.656005859, 0.713741996, 0.680377246, 0.166411017, 0, 0, 0, 0, 0, 0, 0, 0.220282861, -0.131023877, -0.0281130859, -0.266124231, 0.26629874, -0.926344764, 0.600097656, -0.706176758, -0.375366211, -0.754239398, -0.655810511, 0.0280802915, 5, 1, 
314.977802, 0.1, 0.1, 0.107536954, 0.190171584, -0.0199644982, 0.916536093, 9.96082002e-006, 0.399951985, 0.399951985, -4.15399532e-005, -0.916536092, 7.48453567e-006, 0.999999999, -4.20567162e-005, 0.916536092, 1.90920171e-005, 0.399951987, 0.399951987, -3.11836756e-005, -0.916536091, -5.02654971e-006, 0.999999999, -3.62168543e-005, 0, 0, 0, 0, 0, 0, 0, 0.148658984, -0.181478027, -0.056545874, -0.369086509, 0.567275981, -0.736205319, -0.594970703, 0.464233398, 0.656005859, 0.713741996, 0.680377246, 0.166411017, 0, 0, 0, 0, 0, 0, 0, 0.220282861, -0.131023877, -0.0281130859, -0.266124231, 0.26629874, -0.926344764, 0.600097656, -0.706176758, -0.375366211, -0.754239398, -0.655810511, 0.0280802915, 5, 1, 
