time, realDorsalTactorPos, realVentralTactorPos, boxPosX, boxPosY, boxPosZ, boxLocalRot_11, boxLocalRot_12, boxLocalRot_13, boxLocalRot_21, boxLocalRot_22, boxLocalRot_23, boxLocalRot_31, boxLocalRot_32, boxLocalRot_33, boxGlobalRot_11, boxGlobalRot_12, boxGlobalRot_13, boxGlobalRot_21, boxGlobalRot_22, boxGlobalRot_23, boxGlobalRot_31, boxGlobalRot_32, boxGlobalRot_33, indexForceX, indexForceY, indexForceZ, indexForceGlobalX, indexForceGlobalY, indexForceGlobalZ, indexContact, indexPosX, indexPosY, indexPosZ, indexRot_11, indexRot_12, indexRot_13, indexRot_21, indexRot_22, indexRot_23, indexRot_31, indexRot_32, indexRot_33, thumbForceX, thumbForceY, thumbForceZ, thumbForceGlobalX, thumbForceGlobalY, thumbForceGlobalZ, thumbContact, thumbPosX, thumbPosY, thumbPosZ, thumbRot_11, thumbRot_12, thumbRot_13, thumbRot_21, thumbRot_22, thumbRot_23, thumbRot_31, thumbRot_32, thumbRot_33, mapping, trialSuccess, 
277.051847, 0.1, 0.1, 0.0922570521, 0.20215735, -0.0199574014, 0.78457837, -0.620029661, 3.82551896e-005, 0.620029662, 0.78457837, -6.52007036e-006, -2.59715573e-005, 2.88348585e-005, 0.999999999, 0.784577889, -0.62003027, 2.32144409e-005, 0.620030269, 0.784577889, 4.3555898e-005, -4.52195122e-005, -1.97793385e-005, 0.999999999, 0, 0, 0, 0, 0, 0, 0, 0.171115845, -0.142652783, -0.13754978, 0.40487421, 0.629109476, -0.663526642, -0.409301758, 0.77355957, 0.483886719, 0.817702676, 0.0758593945, 0.570663112, 0, 0, 0, 0, 0, 0, 0, 0.224032422, -0.113423828, -0.116035254, -0.265154991, 0.124764849, -0.95609601, 0.256835938, -0.946533203, -0.194702148, -0.929291374, -0.297180257, 0.218886791, 4, 1, 
277.091959, 0.1, 0.1, 0.0922570528, 0.202157357, -0.0199642677, 0.784608563, -0.619991452, 5.31567902e-005, 0.619991454, 0.784608563, -3.20819245e-005, -2.18167538e-005, 5.81285083e-005, 0.999999998, 0.784608392, -0.619991669, 4.43968162e-005, 0.619991669, 0.784608393, -1.46527015e-006, -3.39256593e-005, 2.86753195e-005, 0.999999999, 0, 0, 0, 0, 0, 0, 0, 0.175965674, -0.153526685, -0.137899219, 0.454522927, 0.658300662, -0.599970807, -0.446533203, 0.751220703, 0.485961914, 0.770660449, 0.0471355376, 0.635617161, 0, 0, 0, 0, 0, 0, 0, 0.223728418, -0.121867188, -0.11424585, -0.281752361, 0.10699024, -0.953493337, 0.292114258, -0.936889648, -0.19152832, -0.913851849, -0.33243446, 0.232662041, 4, 1, 
277.09285, 0.1, 0.1, 0.0922570484, 0.202157361, -0.0199630723, 0.784609498, -0.61999027, -1.60177659e-005, 0.61999027, 0.784609498, 3.97514017e-005, -1.2077791e-005, -4.11201864e-005, 0.999999999, 0.784609332, -0.61999048, 1.30473347e-005, 0.61999048, 0.784609332, -2.48390732e-006, -8.69706168e-006, 1.00381202e-005, 1, 0, 0, 0, 0, 0, 0, 0, 0.175965674, -0.153526685, -0.137899219, 0.454522927, 0.658300662, -0.599970807, -0.446533203, 0.751220703, 0.485961914, 0.770660449, 0.0471355376, 0.635617161, 0, 0, 0, 0, 0, 0, 0, 0.223705469, -0.123154785, -0.114233887, -0.281752361, 0.10699024, -0.953493337, 0.292114258, -0.936889648, -0.19152832, -0.913851849, -0.33243446, 0.232662041, 4, 1, 
277.093703, 0.1, 0.1, 0.0922570606, 0.202157349, -0.0199618197, 0.78460989, -0.619989775, -1.65109987e-005, 0.619989775, 0.78460989, 1.4798051e-005, 3.78005257e-006, -2.18473476e-005, 1, 0.784609839, -0.619989837, -5.53157912e-005, 0.619989839, 0.784609839, 3.08468694e-005, 2.42765685e-005, -5.84979857e-005, 0.999999998, 0, 0, 0, 0, 0, 0, 0, 0.175965674, -0.153526685, -0.137899219, 0.454522927, 0.658300662, -0.599970807, -0.446533203, 0.751220703, 0.485961914, 0.770660449, 0.0471355376, 0.635617161, 0, 0, 0, 0, 0, 0, 0, 0.223705469, -0.123154785, -0.114233887, -0.281752361, 0.10699024, -0.953493337, 0.292114258, -0.936889648, -0.19152832, -0.913851849, -0.33243446, 0.232662041, 4, 1, 
277.094585, 0.1, 0.1, 0.092257043, 0.202157354, -0.0199604743, 0.784610148, -0.619989446, 4.66346597e-005, 0.619989447, 0.784610148, -3.69194559e-005, -1.37003542e-005, 5.78803766e-005, 0.999999998, 0.784610086, -0.619989521, 8.03474909e-005, 0.619989525, 0.784610086, -3.62380161e-005, -4.05742616e-005, 7.82473156e-005, 0.999999996, 0, 0, 0, 0, 0, 0, 0, 0.175965674, -0.153526685, -0.137899219, 0.454522927, 0.658300662, -0.599970807, -0.446533203, 0.751220703, 0.485961914, 0.770660449, 0.0471355376, 0.635617161, 0, 0, 0, 0, 0, 0, 0, 0.223705469, -0.123154785, -0.114233887, -0.281752361, 0.10699024, -0.953493337, 0.292114258, -0.936889648, -0.19152832, -0.913851849, -0.33243446, 0.232662041, 4, 1, 
277.09543, 0.1, 0.1, 0.0922570567, 0.20215735, -0.0199601878, 0.784610751, -0.619988682, -6.10885827e-005, 0.619988685, 0.78461075, 3.96094952e-005, 2.33733199e-005, -6.89522659e-005, 0.999999997, 0.784610597, -0.619988875, -8.15109235e-005, 0.619988878, 0.784610598, 2.82109025e-005, 4.64638887e-005, -7.26704391e-005, 0.999999996, 0, 0, 0, 0, 0, 0, 0, 0.175965674, -0.153526685, -0.137899219, 0.454522927, 0.658300662, -0.599970807, -0.446533203, 0.751220703, 0.485961914, 0.770660449, 0.0471355376, 0.635617161, 0, 0, 0, 0, 0, 0, 0, 0.223705469, -0.123154785, -0.114233887, -0.281752361, 0.10699024, -0.953493337, 0.292114258, -0.936889648, -0.19152832, -0.913851849, -0.33243446, 0.232662041, 4, 1, 
277.096326, 0.1, 0.1, 0.0922570483, 0.202157351, -0.0199607952, 0.784611968, -0.619987143, 4.75358672e-005, 0.619987145, 0.784611965, -6.8566157e-005, 5.21292562e-006, 8.3269454e-005, 0.999999997, 0.784611634, -0.619987565, 6.14979138e-005, 0.619987567, 0.784611633, -3.85351223e-005, -2.43606819e-005, 6.83630472e-005, 0.999999997, 0, 0, 0, 0, 0, 0, 0, 0.175965674, -0.153526685, -0.137899219, 0.454522927, 0.658300662, -0.599970807, -0.446533203, 0.751220703, 0.485961914, 0.770660449, 0.0471355376, 0.635617161, 0, 0, 0, 0, 0, 0, 0, 0.223705469, -0.123154785, -0.114233887, -0.281752361, 0.10699024, -0.953493337, 0.292114258, -0.936889648, -0.19152832, -0.913851849, -0.33243446, 0.232662041, 4, 1, 
277.097226, 0.1, 0.1, 0.0922570462, 0.202157353, -0.019960883, 0.784613424, -0.619985301, -3.71731579e-005, 0.619985302, 0.784613422, 4.55285594e-005, 9.39520962e-007, -5.87691304e-005, 0.999999998, 0.784613209, -0.619985574, -9.60532514e-006, 0.619985574, 0.784613209, 2.82459892e-005, -9.97564081e-006, -2.81173392e-005, 1, 0, 0, 0, 0, 0, 0, 0, 0.176263013, -0.15464021, -0.138054224, 0.45608319, 0.658338854, -0.598764011, -0.448120117, 0.751220703, 0.484619141, 0.768806632, 0.0473766725, 0.63777427, 0, 0, 0, 0, 0, 0, 0, 0.223938965, -0.124487305, -0.114008691, -0.28182892, 0.1042042, -0.953691298, 0.294189453, -0.936767578, -0.189208984, -0.913123439, -0.333954712, 0.233377691, 4, 1, 
277.098069, 0.1, 0.1, 0.0922570508, 0.202157343, -0.0199618029, 0.784614438, -0.619984018, 3.00374007e-005, 0.619984019, 0.784614438, -1.24829405e-005, -1.58285547e-005, 2.84170037e-005, 0.999999999, 0.784614229, -0.619984284, -6.78243102e-007, 0.619984284, 0.784614228, 2.24038895e-005, -1.33579002e-005, -1.79989106e-005, 1, 0, 0, 0, 0, 0, 0, 0, 0.176263013, -0.15464021, -0.138054224, 0.45608319, 0.658338854, -0.598764011, -0.448120117, 0.751220703, 0.484619141, 0.768806632, 0.0473766725, 0.63777427, 0, 0, 0, 0, 0, 0, 0, 0.223938965, -0.124487305, -0.114008691, -0.28182892, 0.1042042, -0.953691298, 0.294189453, -0.936767578, -0.189208984, -0.913123439, -0.333954712, 0.233377691, 4, 1, 
277.098973, 0.1, 0.1, 0.092257046, 0.202157354, -0.0199628537, 0.784615809, -0.619982284, 1.6044355e-006, 0.619982284, 0.784615808, -9.72840634e-006, 4.77257413e-006, 8.62778299e-006, 1, 0.784615511, -0.619982661, 8.45467327e-006, 0.619982661, 0.78461551, -5.08616126e-005, 2.48996502e-005, 4.5148561e-005, 0.999999999, 0, 0, 0, 0, 0, 0, 0, 0.176263013, -0.15464021, -0.138054224, 0.45608319, 0.658338854, -0.598764011, -0.448120117, 0.751220703, 0.484619141, 0.768806632, 0.0473766725, 0.63777427, 0, 0, 0, 0, 0, 0, 0, 0.223938965, -0.124487305, -0.114008691, -0.28182892, 0.1042042, -0.953691298, 0.294189453, -0.936767578, -0.189208984, -0.913123439, -0.333954712, 0.233377691, 4, 1, 
277.099818, 0.1, 0.1, 0.092257049, 0.202157335, -0.0199633108, 0.784617031, -0.619980736, -2.51592115e-005, 0.619980737, 0.78461703, 5.00769137e-005, -1.1306376e-005, -5.48894258e-005, 0.999999998, 0.784616811, -0.619981016, -1.85697195e-005, 0.619981015, 0.784616807, 8.05209106e-005, -3.5351322e-005, -7.46909336e-005, 0.999999997, 0, 0, 0, 0, 0, 0, 0, 0.176263013, -0.15464021, -0.138054224, 0.45608319, 0.658338854, -0.598764011, -0.448120117, 0.751220703, 0.484619141, 0.768806632, 0.0473766725, 0.63777427, 0, 0, 0, 0, 0, 0, 0, 0.223938965, -0.124487305, -0.114008691, -0.28182892, 0.1042042, -0.953691298, 0.294189453, -0.936767578, -0.189208984, -0.913123439, -0.333954712, 0.233377691, 4, 1, 
277.100663, 0.1, 0.1, 0.09225705, 0.202157346, -0.0199637057, 0.784617756, -0.619979819, 2.54593241e-005, 0.619979819, 0.784617754, -6.45328494e-005, 2.00332266e-005, 6.64178867e-005, 0.999999998, 0.784617658, -0.619979944, 9.97954228e-006, 0.619979943, 0.784617655, -7.98106347e-005, 4.16508678e-005, 6.88079493e-005, 0.999999997, 0, 0, 0, 0, 0, 0, 0, 0.176263013, -0.15464021, -0.138054224, 0.45608319, 0.658338854, -0.598764011, -0.448120117, 0.751220703, 0.484619141, 0.768806632, 0.0473766725, 0.63777427, 0, 0, 0, 0, 0, 0, 0, 0.223938965, -0.124487305, -0.114008691, -0.28182892, 0.1042042, -0.953691298, 0.294189453, -0.936767578, -0.189208984, -0.913123439, -0.333954712, 0.233377691, 4, 1, 
277.101579, 0.1, 0.1, 0.0922570479, 0.202157336, -0.0199631906, 0.784617813, -0.619979746, -4.28894094e-005, 0.619979748, 0.784617811, 5.70951666e-005, -1.74605239e-006, -7.138845e-005, 0.999999997, 0.784617872, -0.619979672, -1.46007385e-005, 0.619979672, 0.78461787, 6.45913222e-005, -2.85893064e-005, -5.97316669e-005, 0.999999998, 0, 0, 0, 0, 0, 0, 0, 0.176994629, -0.155957324, -0.138189575, 0.457402319, 0.658757844, -0.597176417, -0.449951172, 0.750732422, 0.483520508, 0.766991007, 0.0476810867, 0.639994659, 0, 0, 0, 0, 0, 0, 0, 0.223938965, -0.124487305, -0.114008691, -0.282295204, 0.101616121, -0.953889258, 0.29699707, -0.936157227, -0.18762207, -0.912190506, -0.336190614, 0.234093341, 4, 1, 
277.102428, 0.1, 0.1, 0.0922570571, 0.20215734, -0.0199622876, 0.784617165, -0.619980567, 2.0609144e-005, 0.619980567, 0.784617163, -6.34004285e-005, 2.31367455e-005, 6.25223332e-005, 0.999999998, 0.78461735, -0.619980333, -1.76743527e-005, 0.619980331, 0.78461735, -5.68188282e-005, 4.90941598e-005, 3.36232874e-005, 0.999999998, 0, 0, 0, 0, 0, 0, 0, 0.176994629, -0.155957324, -0.138189575, 0.457402319, 0.658757844, -0.597176417, -0.449951172, 0.750732422, 0.483520508, 0.766991007, 0.0476810867, 0.639994659, 0, 0, 0, 0, 0, 0, 0, 0.224150977, -0.125598535, -0.114006738, -0.282295204, 0.101616121, -0.953889258, 0.29699707, -0.936157227, -0.18762207, -0.912190506, -0.336190614, 0.234093341, 4, 1, 
277.103275, 0.1, 0.1, 0.0922570456, 0.20215734, -0.019961765, 0.784615923, -0.61998214, -5.11275078e-006, 0.619982139, 0.784615922, 3.57998682e-005, -1.81837332e-005, -3.12589608e-005, 0.999999999, 0.784616193, -0.619981796, 4.09167917e-005, 0.619981796, 0.784616194, 1.2708764e-005, -3.99831797e-005, 1.53961639e-005, 0.999999999, 0, 0, 0, 0, 0, 0, 0, 0.176994629, -0.155957324, -0.138189575, 0.457402319, 0.658757844, -0.597176417, -0.449951172, 0.750732422, 0.483520508, 0.766991007, 0.0476810867, 0.639994659, 0, 0, 0, 0, 0, 0, 0, 0.224150977, -0.125598535, -0.114006738, -0.282295204, 0.101616121, -0.953889258, 0.29699707, -0.936157227, -0.18762207, -0.912190506, -0.336190614, 0.234093341, 4, 1, 
277.104159, 0.1, 0.1, 0.0922570591, 0.202157332, -0.0199614529, 0.784614295, -0.619984199, -1.36140958e-005, 0.619984199, 0.784614295, 6.16716434e-006, 6.85826972e-006, -1.32793696e-005, 1, 0.784614598, -0.619983814, -5.2952613e-005, 0.619983815, 0.784614599, 1.83031789e-005, 3.01997185e-005, -4.71907045e-005, 0.999999998, 0, 0, 0, 0, 0, 0, 0, 0.177445264, -0.156795361, -0.138569043, 0.457528878, 0.659842951, -0.595919446, -0.451171875, 0.74987793, 0.483886719, 0.766229411, 0.0475092227, 0.640907901, 0, 0, 0, 0, 0, 0, 0, 0.224369824, -0.126508496, -0.113773242, -0.282812526, 0.099008718, -0.953965817, 0.300537109, -0.935302734, -0.186157227, -0.910771966, -0.339410488, 0.23482175, 4, 1, 
277.105007, 0.1, 0.1, 0.0922570413, 0.202157336, -0.0199614569, 0.784612872, -0.619985998, 5.58240125e-005, 0.619986, 0.784612872, -2.43856665e-005, -2.8681467e-005, 5.37434141e-005, 0.999999998, 0.784613131, -0.619985668, 8.53428905e-005, 0.619985671, 0.784613132, -2.67995354e-005, -5.03458247e-005, 7.39386367e-005, 0.999999996, 0, 0, 0, 0, 0, 0, 0, 0.177445264, -0.156795361, -0.138569043, 0.457528878, 0.659842951, -0.595919446, -0.451171875, 0.74987793, 0.483886719, 0.766229411, 0.0475092227, 0.640907901, 0, 0, 0, 0, 0, 0, 0, 0.224369824, -0.126508496, -0.113773242, -0.282812526, 0.099008718, -0.953965817, 0.300537109, -0.935302734, -0.186157227, -0.910771966, -0.339410488, 0.23482175, 4, 1, 
277.105858, 0.1, 0.1, 0.0922570508, 0.202157328, -0.0199620258, 0.784611952, -0.619987164, -4.12847733e-005, 0.619987165, 0.78461195, 5.77774004e-005, -3.42872013e-006, -7.09288685e-005, 0.999999997, 0.784612091, -0.619986987, -6.19078448e-005, 0.619986989, 0.78461209, 4.53982501e-005, 2.04273192e-005, -7.40020742e-005, 0.999999997, 0, 0, 0, 0, 0, 0, 0, 0.177445264, -0.156795361, -0.138569043, 0.457528878, 0.659842951, -0.595919446, -0.451171875, 0.74987793, 0.483886719, 0.766229411, 0.0475092227, 0.640907901, 0, 0, 0, 0, 0, 0, 0, 0.224369824, -0.126508496, -0.113773242, -0.282812526, 0.099008718, -0.953965817, 0.300537109, -0.935302734, -0.186157227, -0.910771966, -0.339410488, 0.23482175, 4, 1, 
277.106688, 0.1, 0.1, 0.0922570497, 0.20215733, -0.019963017, 0.784611519, -0.619987712, 3.14698082e-005, 0.619987713, 0.784611517, -5.79579763e-005, 1.12416591e-005, 6.49853902e-005, 0.999999998, 0.784611611, -0.619987596, 1.75446374e-005, 0.619987596, 0.78461161, -5.308572e-005, 1.91467617e-005, 5.25291298e-005, 0.999999998, 0, 0, 0, 0, 0, 0, 0, 0.177445264, -0.156795361, -0.138569043, 0.457528878, 0.659842951, -0.595919446, -0.451171875, 0.74987793, 0.483886719, 0.766229411, 0.0475092227, 0.640907901, 0, 0, 0, 0, 0, 0, 0, 0.224369824, -0.126508496, -0.113773242, -0.282812526, 0.099008718, -0.953965817, 0.300537109, -0.935302734, -0.186157227, -0.910771966, -0.339410488, 0.23482175, 4, 1, 
277.107536, 0.1, 0.1, 0.0922570481, 0.202157329, -0.0199640349, 0.784610878, -0.619988522, -4.91887839e-005, 0.619988524, 0.784610878, 3.55295938e-005, 1.65661146e-005, -5.83733873e-005, 0.999999998, 0.784611006, -0.619988362, -2.69692288e-005, 0.619988362, 0.784611006, 1.8027402e-005, 9.98357426e-006, -3.0865106e-005, 0.999999999, 0, 0, 0, 0, 0, 0, 0, 0.177445264, -0.156795361, -0.138569043, 0.457528878, 0.659842951, -0.595919446, -0.451171875, 0.74987793, 0.483886719, 0.766229411, 0.0475092227, 0.640907901, 0, 0, 0, 0, 0, 0, 0, 0.224369824, -0.126508496, -0.113773242, -0.282812526, 0.099008718, -0.953965817, 0.300537109, -0.935302734, -0.186157227, -0.910771966, -0.339410488, 0.23482175, 4, 1, 
277.10839, 0.1, 0.1, 0.0922570531, 0.20215732, -0.0199646112, 0.784610484, -0.619989022, 5.31606723e-006, 0.619989022, 0.784610484, -2.83897041e-005, 1.34302628e-005, 2.55707628e-005, 1, 0.784610524, -0.619988972, -4.97394457e-006, 0.619988972, 0.784610524, 1.83488963e-005, -7.47350408e-006, -1.74805279e-005, 1, 0, 0, 0, 0, 0, 0, 0, 0.177445264, -0.156795361, -0.138569043, 0.457528878, 0.659842951, -0.595919446, -0.451171875, 0.74987793, 0.483886719, 0.766229411, 0.0475092227, 0.640907901, 0, 0, 0, 0, 0, 0, 0, 0.224369824, -0.126508496, -0.113773242, -0.282812526, 0.099008718, -0.953965817, 0.300537109, -0.935302734, -0.186157227, -0.910771966, -0.339410488, 0.23482175, 4, 1, 
277.109277, 0.1, 0.1, 0.0922570462, 0.202157329, -0.0199643041, 0.784610069, -0.619989548, 8.33332155e-006, 0.619989548, 0.784610069, -9.4504691e-006, -6.79215931e-007, 1.25815055e-005, 1, 0.784610173, -0.619989415, 3.43726012e-005, 0.619989416, 0.784610173, -2.77680555e-005, -9.75319214e-006, 4.30977478e-005, 0.999999999, 0, 0, 0, 0, 0, 0, 0, 0.177473706, -0.157393555, -0.139572705, 0.458068435, 0.661434293, -0.59371104, -0.450073242, 0.748657227, 0.486816406, 0.766514729, 0.0442909725, 0.640805308, 0, 0, 0, 0, 0, 0, 0, 0.224191357, -0.127242432, -0.114550732, -0.286064483, 0.0989379892, -0.952994238, 0.302734375, -0.934204102, -0.187866211, -0.909027134, -0.342241004, 0.237255979, 4, 1, 
277.110121, 0.1, 0.1, 0.0922570562, 0.202157319, -0.0199633546, 0.784609619, -0.619990118, -8.54714671e-006, 0.619990117, 0.784609617, 4.92255429e-005, -2.38131767e-005, -4.3921981e-005, 0.999999999, 0.784609683, -0.619990034, -4.44985802e-005, 0.619990036, 0.784609682, 4.60211761e-005, 6.3813463e-006, -6.36973367e-005, 0.999999998, 0, 0, 0, 0, 0, 0, 0, 0.177473706, -0.157393555, -0.139572705, 0.458068435, 0.661434293, -0.59371104, -0.450073242, 0.748657227, 0.486816406, 0.766514729, 0.0442909725, 0.640805308, 0, 0, 0, 0, 0, 0, 0, 0.224191357, -0.127242432, -0.114550732, -0.286064483, 0.0989379892, -0.952994238, 0.302734375, -0.934204102, -0.187866211, -0.909027134, -0.342241004, 0.237255979, 4, 1, 
277.110975, 0.1, 0.1, 0.0922570458, 0.202157324, -0.0199624357, 0.784609789, -0.619989902, 3.19645152e-005, 0.619989903, 0.784609786, -6.85264455e-005, 1.74060328e-005, 7.35841966e-005, 0.999999997, 0.784609706, -0.619990006, 4.47586106e-005, 0.619990008, 0.784609703, -6.30967066e-005, 4.00128727e-006, 7.72561797e-005, 0.999999997, 0, 0, 0, 0, 0, 0, 0, 0.177473706, -0.157393555, -0.139572705, 0.458068435, 0.661434293, -0.59371104, -0.450073242, 0.748657227, 0.486816406, 0.766514729, 0.0442909725, 0.640805308, 0, 0, 0, 0, 0, 0, 0, 0.224191357, -0.127242432, -0.114550732, -0.286064483, 0.0989379892, -0.952994238, 0.302734375, -0.934204102, -0.187866211, -0.909027134, -0.342241004, 0.237255979, 4, 1, 
277.111824, 0.1, 0.1, 0.0922570446, 0.202157317, -0.0199617926, 0.784610274, -0.619989289, -1.26140324e-005, 0.619989288, 0.784610271, 7.89256454e-005, -3.90359553e-005, -6.97464372e-005, 0.999999997, 0.784610188, -0.619989397, -2.63152525e-006, 0.619989396, 0.784610186, 6.89986683e-005, -4.07137213e-005, -5.57685759e-005, 0.999999998, 0, 0, 0, 0, 0, 0, 0, 0.177473706, -0.157393555, -0.139572705, 0.458068435, 0.661434293, -0.59371104, -0.450073242, 0.748657227, 0.486816406, 0.766514729, 0.0442909725, 0.640805308, 0, 0, 0, 0, 0, 0, 0, 0.224191357, -0.127242432, -0.114550732, -0.286064483, 0.0989379892, -0.952994238, 0.302734375, -0.934204102, -0.187866211, -0.909027134, -0.342241004, 0.237255979, 4, 1, 
277.112658, 0.1, 0.1, 0.0922570463, 0.202157314, -0.019961683, 0.784610389, -0.619989143, 3.6385199e-005, 0.619989144, 0.784610387, -4.59482132e-005, -6.08117702e-008, 5.86098738e-005, 0.999999998, 0.784610426, -0.619989096, 6.54513111e-006, 0.619989096, 0.784610426, -3.36263395e-005, 1.57125857e-005, 3.04414865e-005, 0.999999999, 0, 0, 0, 0, 0, 0, 0, 0.177473706, -0.157393555, -0.139572705, 0.458068435, 0.661434293, -0.59371104, -0.450073242, 0.748657227, 0.486816406, 0.766514729, 0.0442909725, 0.640805308, 0, 0, 0, 0, 0, 0, 0, 0.224191357, -0.127242432, -0.114550732, -0.286064483, 0.0989379892, -0.952994238, 0.302734375, -0.934204102, -0.187866211, -0.909027134, -0.342241004, 0.237255979, 4, 1, 
277.113507, 0.1, 0.1, 0.0922570411, 0.202157319, -0.0199621616, 0.784610295, -0.619989262, -1.28705658e-005, 0.619989262, 0.784610295, 3.20666988e-005, -9.78263048e-006, -3.31394746e-005, 0.999999999, 0.784610327, -0.619989222, 1.49599521e-005, 0.619989222, 0.784610327, -5.10248829e-006, -8.57424519e-006, 1.32784741e-005, 1, 0, 0, 0, 0, 0, 0, 0, 0.177473706, -0.157393555, -0.139572705, 0.458068435, 0.661434293, -0.59371104, -0.450073242, 0.748657227, 0.486816406, 0.766514729, 0.0442909725, 0.640805308, 0, 0, 0, 0, 0, 0, 0, 0.224191357, -0.127242432, -0.114550732, -0.286064483, 0.0989379892, -0.952994238, 0.302734375, -0.934204102, -0.187866211, -0.909027134, -0.342241004, 0.237255979, 4, 1, 
277.114391, 0.1, 0.1, 0.0922570488, 0.202157305, -0.0199627149, 0.784610105, -0.619989503, -1.05493109e-005, 0.619989503, 0.784610105, 1.78657771e-005, -2.7994984e-006, -2.05581313e-005, 1, 0.784610112, -0.619989493, -2.02704532e-005, 0.619989493, 0.784610111, 5.12327757e-005, -1.58593801e-005, -5.27652219e-005, 0.999999998, 0, 0, 0, 0, 0, 0, 0, 0.177282324, -0.157986377, -0.140350439, 0.458690369, 0.663102019, -0.591464443, -0.449462891, 0.747314453, 0.489257813, 0.766539817, 0.0415549919, 0.64094385, 0, 0, 0, 0, 0, 0, 0, 0.22380625, -0.127773145, -0.115338232, -0.289073637, 0.0986499767, -0.9521313, 0.305175781, -0.933227539, -0.189331055, -0.907256783, -0.345339843, 0.239556046, 4, 1, 
277.115233, 0.1, 0.1, 0.092257045, 0.202157316, -0.0199631478, 0.784610033, -0.619989593, 3.5340165e-005, 0.619989594, 0.784610032, -2.94704934e-005, -9.45684878e-006, 4.50333793e-005, 0.999999999, 0.784610064, -0.619989554, 2.49917025e-005, 0.619989554, 0.784610062, -6.11851129e-005, 1.83253896e-005, 6.35010498e-005, 0.999999998, 0, 0, 0, 0, 0, 0, 0, 0.177282324, -0.157986377, -0.140350439, 0.458690369, 0.663102019, -0.591464443, -0.449462891, 0.747314453, 0.489257813, 0.766539817, 0.0415549919, 0.64094385, 0, 0, 0, 0, 0, 0, 0, 0.22380625, -0.127773145, -0.115338232, -0.289073637, 0.0986499767, -0.9521313, 0.305175781, -0.933227539, -0.189331055, -0.907256783, -0.345339843, 0.239556046, 4, 1, 
277.116079, 0.1, 0.1, 0.0922570516, 0.202157307, -0.0199636038, 0.784609445, -0.619990333, -6.84978444e-005, 0.619990336, 0.784609446, 3.00908117e-005, 3.50880433e-005, -6.60775367e-005, 0.999999997, 0.784609601, -0.619990137, -6.11128085e-005, 0.619990139, 0.784609601, 4.1293759e-005, 2.2347973e-005, -7.02888185e-005, 0.999999997, 0, 0, 0, 0, 0, 0, 0, 0.177282324, -0.157986377, -0.140350439, 0.458690369, 0.663102019, -0.591464443, -0.449462891, 0.747314453, 0.489257813, 0.766539817, 0.0415549919, 0.64094385, 0, 0, 0, 0, 0, 0, 0, 0.22380625, -0.127773145, -0.115338232, -0.289073637, 0.0986499767, -0.9521313, 0.305175781, -0.933227539, -0.189331055, -0.907256783, -0.345339843, 0.239556046, 4, 1, 
277.116962, 0.1, 0.1, 0.0922570469, 0.20215731, -0.0199634528, 0.78460855, -0.619991467, 7.09065331e-005, 0.61999147, 0.784608549, -4.5995112e-005, -2.71172951e-005, 8.00496039e-005, 0.999999996, 0.784608705, -0.619991271, 6.35472381e-005, 0.619991273, 0.784608705, -3.66979547e-005, -2.71073046e-005, 6.81922677e-005, 0.999999997, 0, 0, 0, 0, 0, 0, 0, 0.177363745, -0.159300439, -0.140909082, 0.460321024, 0.663767014, -0.589344404, -0.448730469, 0.746826172, 0.490722656, 0.76591077, 0.0387306445, 0.641843988, 0, 0, 0, 0, 0, 0, 0, 0.223543701, -0.128512207, -0.115764697, -0.290063806, 0.0986175273, -0.951914017, 0.308105469, -0.932006836, -0.190429687, -0.906010684, -0.348534564, 0.239824369, 4, 1, 
277.117808, 0.1, 0.1, 0.092257046, 0.202157313, -0.0199631096, 0.78460807, -0.619992077, -3.43965758e-005, 0.619992078, 0.784608069, 4.03259649e-005, 1.98605214e-006, -5.2965682e-005, 0.999999999, 0.784608101, -0.619992038, -2.88885898e-005, 0.619992038, 0.784608101, 5.63294096e-006, 1.9173843e-005, -2.23303468e-005, 1, 0, 0, 0, 0, 0, 0, 0, 0.177363745, -0.159300439, -0.140909082, 0.460321024, 0.663767014, -0.589344404, -0.448730469, 0.746826172, 0.490722656, 0.76591077, 0.0387306445, 0.641843988, 0, 0, 0, 0, 0, 0, 0, 0.223543701, -0.128512207, -0.115764697, -0.290063806, 0.0986175273, -0.951914017, 0.308105469, -0.932006836, -0.190429687, -0.906010684, -0.348534564, 0.239824369, 4, 1, 
277.118644, 0.1, 0.1, 0.0922570456, 0.202157302, -0.019962865, 0.784608202, -0.61999191, 1.82089152e-005, 0.61999191, 0.784608202, -2.44940939e-005, 8.9927581e-007, 3.05076471e-005, 1, 0.784608152, -0.619991974, 1.26923856e-005, 0.619991974, 0.784608152, 2.7680618e-005, -2.71203102e-005, -1.38492614e-005, 1, 0, 0, 0, 0, 0, 0, 0, 0.177363745, -0.159300439, -0.140909082, 0.460321024, 0.663767014, -0.589344404, -0.448730469, 0.746826172, 0.490722656, 0.76591077, 0.0387306445, 0.641843988, 0, 0, 0, 0, 0, 0, 0, 0.223543701, -0.128512207, -0.115764697, -0.290063806, 0.0986175273, -0.951914017, 0.308105469, -0.932006836, -0.190429687, -0.906010684, -0.348534564, 0.239824369, 4, 1, 
277.11949, 0.1, 0.1, 0.0922570366, 0.202157309, -0.0199627395, 0.78460829, -0.619991798, 3.76632387e-005, 0.619991798, 0.784608291, 1.09025619e-005, -3.63103883e-005, 1.47966586e-005, 0.999999999, 0.784608307, -0.619991776, 4.93526071e-005, 0.619991777, 0.784608307, -2.19354754e-005, -2.51226512e-005, 4.78089668e-005, 0.999999999, 0, 0, 0, 0, 0, 0, 0, 0.177363745, -0.159300439, -0.140909082, 0.460321024, 0.663767014, -0.589344404, -0.448730469, 0.746826172, 0.490722656, 0.76591077, 0.0387306445, 0.641843988, 0, 0, 0, 0, 0, 0, 0, 0.223543701, -0.128512207, -0.115764697, -0.290063806, 0.0986175273, -0.951914017, 0.308105469, -0.932006836, -0.190429687, -0.906010684, -0.348534564, 0.239824369, 4, 1, 
277.120335, 0.1, 0.1, 0.0922570467, 0.202157298, -0.0199628436, 0.784607788, -0.619992431, -6.02182152e-005, 0.619992433, 0.784607789, 2.006677e-005, 3.48064351e-005, -5.30793818e-005, 0.999999998, 0.784607922, -0.619992261, -7.02772578e-005, 0.619992264, 0.784607922, 3.54164147e-005, 3.31821902e-005, -7.13593557e-005, 0.999999997, 0, 0, 0, 0, 0, 0, 0, 0.177363745, -0.159300439, -0.140909082, 0.460321024, 0.663767014, -0.589344404, -0.448730469, 0.746826172, 0.490722656, 0.76591077, 0.0387306445, 0.641843988, 0, 0, 0, 0, 0, 0, 0, 0.223543701, -0.128512207, -0.115764697, -0.290063806, 0.0986175273, -0.951914017, 0.308105469, -0.932006836, -0.190429687, -0.906010684, -0.348534564, 0.239824369, 4, 1, 
277.121188, 0.1, 0.1, 0.0922570403, 0.202157304, -0.0199630091, 0.784607099, -0.619993306, 3.98580142e-005, 0.619993307, 0.784607097, -5.11580228e-005, 4.44750809e-007, 6.48506499e-005, 0.999999998, 0.78460721, -0.619993164, 5.36904704e-005, 0.619993166, 0.784607209, -4.46616312e-005, -1.44360241e-005, 6.83295626e-005, 0.999999998, 0, 0, 0, 0, 0, 0, 0, 0.177363745, -0.159300439, -0.140909082, 0.460321024, 0.663767014, -0.589344404, -0.448730469, 0.746826172, 0.490722656, 0.76591077, 0.0387306445, 0.641843988, 0, 0, 0, 0, 0, 0, 0, 0.223543701, -0.128512207, -0.115764697, -0.290063806, 0.0986175273, -0.951914017, 0.308105469, -0.932006836, -0.190429687, -0.906010684, -0.348534564, 0.239824369, 4, 1, 
277.122068, 0.1, 0.1, 0.0922570434, 0.202157298, -0.0199627504, 0.784606552, -0.619993997, -5.19688759e-005, 0.619993999, 0.78460655, 5.3221483e-005, 7.77812043e-006, -7.39783155e-005, 0.999999997, 0.784606674, -0.619993843, -4.38416839e-005, 0.619993845, 0.784606673, 4.55710993e-005, 6.14467677e-006, -6.29369628e-005, 0.999999998, 0, 0, 0, 0, 0, 0, 0, 0.177361182, -0.160151538, -0.140865869, 0.460352103, 0.664497532, -0.58859479, -0.451171875, 0.74621582, 0.489501953, 0.764546337, 0.040221637, 0.643455548, 0, 0, 0, 0, 0, 0, 0, 0.22384873, -0.129412402, -0.115584912, -0.289207432, 0.0963039672, -0.952323064, 0.31237793, -0.930908203, -0.188964844, -0.904815991, -0.352214525, 0.23904492, 4, 1, 
277.122924, 0.1, 0.1, 0.0922570452, 0.202157296, -0.0199626653, 0.784605987, -0.619994713, 3.80563199e-005, 0.619994714, 0.784605985, -5.04601894e-005, 1.42583425e-006, 6.31860838e-005, 0.999999998, 0.784606144, -0.619994515, 7.52789214e-006, 0.619994515, 0.784606144, -3.35592985e-005, 1.49001506e-005, 3.09980836e-005, 0.999999999, 0, 0, 0, 0, 0, 0, 0, 0.177361182, -0.160151538, -0.140865869, 0.460352103, 0.664497532, -0.58859479, -0.451171875, 0.74621582, 0.489501953, 0.764546337, 0.040221637, 0.643455548, 0, 0, 0, 0, 0, 0, 0, 0.22384873, -0.129412402, -0.115584912, -0.289207432, 0.0963039672, -0.952323064, 0.31237793, -0.930908203, -0.188964844, -0.904815991, -0.352214525, 0.23904492, 4, 1, 
277.123755, 0.1, 0.1, 0.0922570358, 0.2021573, -0.0199627257, 0.784605091, -0.619995848, -2.63480621e-005, 0.619995848, 0.784605091, 7.95734204e-006, 1.57393047e-005, -2.25790602e-005, 1, 0.784605279, -0.61999561, 2.45785635e-005, 0.61999561, 0.784605279, -8.78635945e-006, -1.38369664e-005, 2.21324255e-005, 1, 0, 0, 0, 0, 0, 0, 0, 0.177361182, -0.160151538, -0.140865869, 0.460352103, 0.664497532, -0.58859479, -0.451171875, 0.74621582, 0.489501953, 0.764546337, 0.040221637, 0.643455548, 0, 0, 0, 0, 0, 0, 0, 0.22384873, -0.129412402, -0.115584912, -0.289207432, 0.0963039672, -0.952323064, 0.31237793, -0.930908203, -0.188964844, -0.904815991, -0.352214525, 0.23904492, 4, 1, 
277.124595, 0.1, 0.1, 0.092257046, 0.202157292, -0.0199630653, 0.784604338, -0.619996801, 2.87300278e-007, 0.6199968, 0.784604338, 1.96776778e-005, -1.24255143e-005, -1.52610661e-005, 1, 0.784604447, -0.619996663, -2.69550934e-005, 0.619996663, 0.784604446, 3.80197755e-005, -2.42304779e-006, -4.65425529e-005, 0.999999999, 0, 0, 0, 0, 0, 0, 0, 0.177361182, -0.160151538, -0.140865869, 0.460352103, 0.664497532, -0.58859479, -0.451171875, 0.74621582, 0.489501953, 0.764546337, 0.040221637, 0.643455548, 0, 0, 0, 0, 0, 0, 0, 0.22384873, -0.129412402, -0.115584912, -0.289207432, 0.0963039672, -0.952323064, 0.31237793, -0.930908203, -0.188964844, -0.904815991, -0.352214525, 0.23904492, 4, 1, 
277.125436, 0.1, 0.1, 0.0922570378, 0.2021573, -0.0199635404, 0.784604073, -0.619997135, 4.43599664e-005, 0.619997136, 0.784604073, -2.4644991e-005, -1.95251865e-005, 4.68396125e-005, 0.999999999, 0.784604123, -0.619997072, 3.84330753e-005, 0.619997073, 0.784604121, -5.31565982e-005, 2.80218601e-006, 6.55352803e-005, 0.999999998, 0, 0, 0, 0, 0, 0, 0, 0.177361182, -0.160151538, -0.140865869, 0.460352103, 0.664497532, -0.58859479, -0.451171875, 0.74621582, 0.489501953, 0.764546337, 0.040221637, 0.643455548, 0, 0, 0, 0, 0, 0, 0, 0.22384873, -0.129412402, -0.115584912, -0.289207432, 0.0963039672, -0.952323064, 0.31237793, -0.930908203, -0.188964844, -0.904815991, -0.352214525, 0.23904492, 4, 1, 
277.126325, 0.1, 0.1, 0.0922570465, 0.202157292, -0.0199636804, 0.784603352, -0.619998043, -8.31986671e-005, 0.619998046, 0.784603353, 2.06302877e-005, 5.24872152e-005, -6.7769604e-005, 0.999999996, 0.784603554, -0.619997789, -7.16347789e-005, 0.619997792, 0.784603554, 3.55663989e-005, 3.41538135e-005, -7.23189277e-005, 0.999999997, 0, 0, 0, 0, 0, 0, 0, 0.17782146, -0.161052319, -0.140642871, 0.460750876, 0.664150056, -0.588733332, -0.454345703, 0.746337891, 0.486328125, 0.762382114, 0.0434900621, 0.645702146, 0, 0, 0, 0, 0, 0, 0, 0.22384873, -0.129412402, -0.115584912, -0.287424687, 0.0929364387, -0.953204958, 0.315429688, -0.930419922, -0.185791016, -0.904260389, -0.354041379, 0.23809303, 4, 1, 
277.127172, 0.1, 0.1, 0.0922570452, 0.202157295, -0.0199631638, 0.784602238, -0.619999452, 8.01110913e-005, 0.619999456, 0.78460224, -2.16438212e-005, -4.94361844e-005, 6.66506236e-005, 0.999999997, 0.78460249, -0.619999137, 5.47683772e-005, 0.619999139, 0.78460249, -2.78580083e-005, -2.56994641e-005, 5.58138094e-005, 0.999999998, 0, 0, 0, 0, 0, 0, 0, 0.17782146, -0.161052319, -0.140642871, 0.460750876, 0.664150056, -0.588733332, -0.454345703, 0.746337891, 0.486328125, 0.762382114, 0.0434900621, 0.645702146, 0, 0, 0, 0, 0, 0, 0, 0.223978369, -0.130566602, -0.115216797, -0.287424687, 0.0929364387, -0.953204958, 0.315429688, -0.930419922, -0.185791016, -0.904260389, -0.354041379, 0.23809303, 4, 1, 
277.128021, 0.1, 0.1, 0.0922570402, 0.20215729, -0.0199626767, 0.784600925, -0.620001118, -5.72111564e-005, 0.62000112, 0.784600924, 3.97824969e-005, 2.02227336e-005, -6.66843649e-005, 0.999999998, 0.784601177, -0.6200008, -2.45828636e-005, 0.620000801, 0.784601177, 2.92350362e-005, 1.16199788e-006, -3.81792389e-005, 0.999999999, 0, 0, 0, 0, 0, 0, 0, 0.17782146, -0.161052319, -0.140642871, 0.460750876, 0.664150056, -0.588733332, -0.454345703, 0.746337891, 0.486328125, 0.762382114, 0.0434900621, 0.645702146, 0, 0, 0, 0, 0, 0, 0, 0.223978369, -0.130566602, -0.115216797, -0.287424687, 0.0929364387, -0.953204958, 0.315429688, -0.930419922, -0.185791016, -0.904260389, -0.354041379, 0.23809303, 4, 1, 
277.128908, 0.1, 0.1, 0.0922570462, 0.202157282, -0.0199621839, 0.784599859, -0.620002469, 2.67707114e-005, 0.620002469, 0.784599858, -2.66879303e-005, -4.45771372e-006, 3.75372535e-005, 0.999999999, 0.784600027, -0.620002256, 1.94911214e-008, 0.620002256, 0.784600027, 2.12639577e-005, -1.31989945e-005, -1.66716173e-005, 1, 0, 0, 0, 0, 0, 0, 0, 0.178021143, -0.161712891, -0.140204687, 0.46038206, 0.664145186, -0.588986449, -0.45715332, 0.74609375, 0.484008789, 0.760833834, 0.0465806317, 0.647225339, 0, 0, 0, 0, 0, 0, 0, 0.223978369, -0.130566602, -0.115216797, -0.286517274, 0.0894602684, -0.953811966, 0.318359375, -0.930053711, -0.182983398, -0.903551303, -0.356002394, 0.238029231, 4, 1, 
277.129739, 0.1, 0.1, 0.0922570386, 0.202157293, -0.0199617993, 0.78459932, -0.62000315, 2.33108361e-005, 0.620003151, 0.78459932, -1.00405978e-005, -1.20644639e-005, 2.23306381e-005, 1, 0.784599447, -0.620002988, 3.94135374e-005, 0.62000299, 0.784599446, -4.03558418e-005, -5.90309712e-006, 5.60996822e-005, 0.999999998, 0, 0, 0, 0, 0, 0, 0, 0.178021143, -0.161712891, -0.140204687, 0.46038206, 0.664145186, -0.588986449, -0.45715332, 0.74609375, 0.484008789, 0.760833834, 0.0465806317, 0.647225339, 0, 0, 0, 0, 0, 0, 0, 0.22405332, -0.131284326, -0.114811816, -0.286517274, 0.0894602684, -0.953811966, 0.318359375, -0.930053711, -0.182983398, -0.903551303, -0.356002394, 0.238029231, 4, 1, 
277.130583, 0.1, 0.1, 0.0922570486, 0.202157284, -0.0199620277, 0.784598453, -0.620004247, -2.88582702e-005, 0.620004248, 0.784598452, 3.98164156e-005, -2.04419268e-006, -4.91321481e-005, 0.999999999, 0.784598618, -0.620004036, -5.63284233e-005, 0.620004038, 0.784598618, 4.17346987e-005, 1.83195214e-005, -6.76688369e-005, 0.999999998, 0, 0, 0, 0, 0, 0, 0, 0.178021143, -0.161712891, -0.140204687, 0.46038206, 0.664145186, -0.588986449, -0.45715332, 0.74609375, 0.484008789, 0.760833834, 0.0465806317, 0.647225339, 0, 0, 0, 0, 0, 0, 0, 0.22405332, -0.131284326, -0.114811816, -0.286517274, 0.0894602684, -0.953811966, 0.318359375, -0.930053711, -0.182983398, -0.903551303, -0.356002394, 0.238029231, 4, 1, 
277.131428, 0.1, 0.1, 0.0922570419, 0.20215729, -0.0199627039, 0.784597882, -0.620004969, 4.24294896e-005, 0.62000497, 0.78459788, -5.31906873e-005, -3.11597133e-007, 6.80397951e-005, 0.999999998, 0.784597985, -0.620004839, 4.07408518e-005, 0.62000484, 0.784597983, -5.92570633e-005, 4.77447586e-006, 7.17524977e-005, 0.999999997, 0, 0, 0, 0, 0, 0, 0, 0.178021143, -0.161712891, -0.140204687, 0.46038206, 0.664145186, -0.588986449, -0.45715332, 0.74609375, 0.484008789, 0.760833834, 0.0465806317, 0.647225339, 0, 0, 0, 0, 0, 0, 0, 0.22405332, -0.131284326, -0.114811816, -0.286517274, 0.0894602684, -0.953811966, 0.318359375, -0.930053711, -0.182983398, -0.903551303, -0.356002394, 0.238029231, 4, 1, 
277.132278, 0.1, 0.1, 0.0922570431, 0.202157284, -0.0199635486, 0.784597451, -0.620005515, -3.34997664e-005, 0.620005515, 0.784597449, 6.54492836e-005, -1.42950855e-005, -7.2121381e-005, 0.999999997, 0.784597543, -0.6200054, -1.93736882e-005, 0.6200054, 0.784597541, 6.08375369e-005, -2.25190532e-005, -5.97447733e-005, 0.999999998, 0, 0, 0, 0, 0, 0, 0, 0.178021143, -0.161712891, -0.140204687, 0.46038206, 0.664145186, -0.588986449, -0.45715332, 0.74609375, 0.484008789, 0.760833834, 0.0465806317, 0.647225339, 0, 0, 0, 0, 0, 0, 0, 0.22405332, -0.131284326, -0.114811816, -0.286517274, 0.0894602684, -0.953811966, 0.318359375, -0.930053711, -0.182983398, -0.903551303, -0.356002394, 0.238029231, 4, 1, 
277.133126, 0.1, 0.1, 0.0922570444, 0.20215728, -0.0199641585, 0.784596815, -0.620006319, 4.88328918e-005, 0.62000632, 0.784596815, -3.04544875e-005, -1.94321567e-005, 5.41711955e-005, 0.999999998, 0.784596944, -0.620006157, 2.65799598e-005, 0.620006158, 0.784596944, -1.21460999e-005, -1.33238985e-005, 2.60095316e-005, 1, 0, 0, 0, 0, 0, 0, 0, 0.178021143, -0.161712891, -0.140204687, 0.46038206, 0.664145186, -0.588986449, -0.45715332, 0.74609375, 0.484008789, 0.760833834, 0.0465806317, 0.647225339, 0, 0, 0, 0, 0, 0, 0, 0.22405332, -0.131284326, -0.114811816, -0.286517274, 0.0894602684, -0.953811966, 0.318359375, -0.930053711, -0.182983398, -0.903551303, -0.356002394, 0.238029231, 4, 1, 
277.13401, 0.1, 0.1, 0.0922570397, 0.202157286, -0.0199639795, 0.78459643, -0.620006807, -8.61754999e-006, 0.620006807, 0.78459643, 3.44649276e-005, -1.46071908e-005, -3.23839989e-005, 0.999999999, 0.784596466, -0.620006763, 1.68288607e-006, 0.620006763, 0.784596465, -1.294653e-005, 6.70654967e-006, 1.12012024e-005, 1, 0, 0, 0, 0, 0, 0, 0, 0.178489478, -0.162612817, -0.140185889, 0.460895409, 0.663911165, -0.588719105, -0.459106445, 0.74621582, 0.482055664, 0.759393016, 0.0482243922, 0.648913283, 0, 0, 0, 0, 0, 0, 0, 0.224071875, -0.132132275, -0.115048242, -0.286472431, 0.0873067559, -0.954080289, 0.320556641, -0.92956543, -0.181396484, -0.902810133, -0.35770165, 0.238246515, 4, 1, 
277.134856, 0.1, 0.1, 0.092257046, 0.202157274, -0.0199634072, 0.784596066, -0.620007269, -6.4864821e-006, 0.620007269, 0.784596065, 1.11446205e-005, -1.8204774e-006, -1.27656915e-005, 1, 0.784596171, -0.620007135, -3.50877137e-005, 0.620007136, 0.78459617, 3.24103322e-005, 7.43504856e-006, -4.71836554e-005, 0.999999999, 0, 0, 0, 0, 0, 0, 0, 0.178489478, -0.162612817, -0.140185889, 0.460895409, 0.663911165, -0.588719105, -0.459106445, 0.74621582, 0.482055664, 0.759393016, 0.0482243922, 0.648913283, 0, 0, 0, 0, 0, 0, 0, 0.224071875, -0.132132275, -0.115048242, -0.286472431, 0.0873067559, -0.954080289, 0.320556641, -0.92956543, -0.181396484, -0.902810133, -0.35770165, 0.238246515, 4, 1, 
277.135694, 0.1, 0.1, 0.092257037, 0.202157284, -0.019962823, 0.784595667, -0.620007772, 3.30228414e-005, 0.620007773, 0.784595666, -4.06072516e-005, -7.32766672e-007, 5.2334692e-005, 0.999999999, 0.784595752, -0.620007664, 4.911688e-005, 0.620007666, 0.78459575, -5.17106781e-005, -6.47587856e-006, 7.10248205e-005, 0.999999997, 0, 0, 0, 0, 0, 0, 0, 0.178489478, -0.162612817, -0.140185889, 0.460895409, 0.663911165, -0.588719105, -0.459106445, 0.74621582, 0.482055664, 0.759393016, 0.0482243922, 0.648913283, 0, 0, 0, 0, 0, 0, 0, 0.224071875, -0.132132275, -0.115048242, -0.286472431, 0.0873067559, -0.954080289, 0.320556641, -0.92956543, -0.181396484, -0.902810133, -0.35770165, 0.238246515, 4, 1, 
277.136539, 0.1, 0.1, 0.0922570437, 0.202157276, -0.0199624654, 0.784595493, -0.620007993, -2.4623394e-005, 0.620007993, 0.784595491, 6.0537035e-005, -1.82140416e-005, -6.27637859e-005, 0.999999998, 0.784595484, -0.620008004, -3.38419521e-005, 0.620008005, 0.784595482, 5.84851185e-005, -9.70899885e-006, -6.68694411e-005, 0.999999998, 0, 0, 0, 0, 0, 0, 0, 0.178489478, -0.162612817, -0.140185889, 0.460895409, 0.663911165, -0.588719105, -0.459106445, 0.74621582, 0.482055664, 0.759393016, 0.0482243922, 0.648913283, 0, 0, 0, 0, 0, 0, 0, 0.224071875, -0.132132275, -0.115048242, -0.286472431, 0.0873067559, -0.954080289, 0.320556641, -0.92956543, -0.181396484, -0.902810133, -0.35770165, 0.238246515, 4, 1, 
277.137384, 0.1, 0.1, 0.0922570393, 0.202157279, -0.0199624599, 0.78459544, -0.620008058, 6.44498931e-005, 0.620008061, 0.784595439, -4.80107965e-005, -2.08000115e-005, 7.76285052e-005, 0.999999997, 0.7845955, -0.620007984, 3.94293199e-005, 0.620007985, 0.784595498, -5.24138995e-005, 1.56096923e-006, 6.55702029e-005, 0.999999998, 0, 0, 0, 0, 0, 0, 0, 0.178489478, -0.162612817, -0.140185889, 0.460895409, 0.663911165, -0.588719105, -0.459106445, 0.74621582, 0.482055664, 0.759393016, 0.0482243922, 0.648913283, 0, 0, 0, 0, 0, 0, 0, 0.224071875, -0.132132275, -0.115048242, -0.286472431, 0.0873067559, -0.954080289, 0.320556641, -0.92956543, -0.181396484, -0.902810133, -0.35770165, 0.238246515, 4, 1, 
