time, realDorsalTactorPos, realVentralTactorPos, boxPosX, boxPosY, boxPosZ, boxLocalRot_11, boxLocalRot_12, boxLocalRot_13, boxLocalRot_21, boxLocalRot_22, boxLocalRot_23, boxLocalRot_31, boxLocalRot_32, boxLocalRot_33, boxGlobalRot_11, boxGlobalRot_12, boxGlobalRot_13, boxGlobalRot_21, boxGlobalRot_22, boxGlobalRot_23, boxGlobalRot_31, boxGlobalRot_32, boxGlobalRot_33, indexForceX, indexForceY, indexForceZ, indexForceGlobalX, indexForceGlobalY, indexForceGlobalZ, indexContact, indexPosX, indexPosY, indexPosZ, indexRot_11, indexRot_12, indexRot_13, indexRot_21, indexRot_22, indexRot_23, indexRot_31, indexRot_32, indexRot_33, thumbForceX, thumbForceY, thumbForceZ, thumbForceGlobalX, thumbForceGlobalY, thumbForceGlobalZ, thumbContact, thumbPosX, thumbPosY, thumbPosZ, thumbRot_11, thumbRot_12, thumbRot_13, thumbRot_21, thumbRot_22, thumbRot_23, thumbRot_31, thumbRot_32, thumbRot_33, mapping, trialSuccess, 
236.910994, 0.1, 0.1, 0.0958949239, 0.180735194, -0.0199599843, 0.984621573, -8.73837694e-006, -0.174700765, 0.174700765, 1.82193178e-005, 0.984621573, -5.4210657e-006, -1, 1.94657345e-005, 0.984621574, -5.04571921e-007, -0.174700762, 0.174700762, 1.22361927e-005, 0.984621574, 1.64085978e-006, -1, 1.21361684e-005, 0, 0, 0, 0, 0, 0, 0, 0.102135742, -0.0289261719, -0.171547192, 0.249141101, 0.86462268, -0.436179032, -0.235473633, 0.490966797, 0.838745117, 0.939388046, -0.10629198, 0.326031603, 0, 0, 0, 0, 0, 0, 0, 0.163049023, -0.0168025879, -0.152263428, -0.251332001, 0.448772222, -0.857512885, 0.167114258, -0.852416992, -0.495117187, -0.953369003, -0.26766719, 0.139277889, 4, 1, 
236.958101, 0.1, 0.1, 0.0958937578, 0.180734065, -0.0199613659, 0.984619713, -5.4423964e-005, -0.174711242, 0.174711243, 6.26194615e-006, 0.984619714, -5.24928754e-005, -0.999999998, 1.5674114e-005, 0.98461968, -6.70585723e-005, -0.174711424, 0.174711422, -3.21292265e-005, 0.984619682, -7.1640533e-005, -0.999999997, -1.99191702e-005, 0, 0, 0, 0, 0, 0, 0, 0.112470337, -0.0603982666, -0.165717212, 0.364830784, 0.817445352, -0.445439472, -0.101928711, 0.510742187, 0.853637695, 0.925390318, -0.266039712, 0.269904471, 0, 0, 0, 0, 0, 0, 0, 0.16606748, -0.0524635742, -0.151725049, -0.273373853, 0.375750059, -0.885423924, 0.193725586, -0.880004883, -0.433349609, -0.942183997, -0.289948511, 0.167766454, 4, 1, 
236.959031, 0.1, 0.1, 0.0958937554, 0.180734058, -0.0199627062, 0.984620049, 8.52563097e-005, -0.174709333, 0.174709336, -1.99273802e-005, 0.984620052, 8.04635729e-005, -0.999999996, -3.45159713e-005, 0.984619975, 8.34951638e-005, -0.174709754, 0.174709754, 1.66022736e-005, 0.984619978, 8.51115855e-005, -0.999999996, 1.75951077e-006, 0, 0, 0, 0, 0, 0, 0, 0.113002905, -0.063304834, -0.165176147, 0.370985714, 0.813431061, -0.44787703, -0.0958251953, 0.513305664, 0.852783203, 0.923673921, -0.273437387, 0.268560256, 0, 0, 0, 0, 0, 0, 0, 0.166431445, -0.0550636719, -0.151569189, -0.274958271, 0.370976751, -0.886937979, 0.196533203, -0.881225586, -0.42956543, -0.941123099, -0.292414089, 0.169325718, 4, 1, 
236.959901, 0.1, 0.1, 0.0958937411, 0.180734036, -0.0199631843, 0.984620533, -6.20415224e-005, -0.174706617, 0.174706617, 2.77401003e-006, 0.984620535, -6.06027191e-005, -0.999999998, 1.35704118e-005, 0.984620424, -4.30650914e-005, -0.174707237, 0.174707235, -3.28680139e-005, 0.984620425, -4.81450484e-005, -0.999999999, -2.48387347e-005, 0, 0, 0, 0, 0, 0, 0, 0.113002905, -0.063304834, -0.165176147, 0.370985714, 0.813431061, -0.44787703, -0.0958251953, 0.513305664, 0.852783203, 0.923673921, -0.273437387, 0.268560256, 0, 0, 0, 0, 0, 0, 0, 0.166431445, -0.0550636719, -0.151569189, -0.274958271, 0.370976751, -0.886937979, 0.196533203, -0.881225586, -0.42956543, -0.941123099, -0.292414089, 0.169325718, 4, 1, 
236.960755, 0.1, 0.1, 0.0958937263, 0.180734028, -0.0199635504, 0.984621122, 6.40117308e-005, -0.174703296, 0.174703297, -7.78790423e-006, 0.984621124, 6.16667297e-005, -0.999999998, -1.88511954e-005, 0.984620997, 3.24471284e-005, -0.174704013, 0.174704012, 2.0962248e-005, 0.984620997, 3.56103128e-005, -0.999999999, 1.4971226e-005, 0, 0, 0, 0, 0, 0, 0, 0.113002905, -0.063304834, -0.165176147, 0.370985714, 0.813431061, -0.44787703, -0.0958251953, 0.513305664, 0.852783203, 0.923673921, -0.273437387, 0.268560256, 0, 0, 0, 0, 0, 0, 0, 0.166431445, -0.0550636719, -0.151569189, -0.274958271, 0.370976751, -0.886937979, 0.196533203, -0.881225586, -0.42956543, -0.941123099, -0.292414089, 0.169325718, 4, 1, 
236.961681, 0.1, 0.1, 0.0958937221, 0.18073401, -0.0199624713, 0.984621799, -4.11452314e-005, -0.174699488, 0.174699489, 1.36550571e-005, 0.9846218, -3.81269603e-005, -0.999999999, 2.06331178e-005, 0.984621679, 1.23599538e-005, -0.174700167, 0.174700168, -1.38959526e-005, 0.984621679, 9.74225325e-006, -1, -1.58415422e-005, 0, 0, 0, 0, 0, 0, 0, 0.114120459, -0.0658242188, -0.165072168, 0.37100481, 0.812187195, -0.450180915, -0.0943603516, 0.515258789, 0.851806641, 0.923794489, -0.273487561, 0.268060012, 0, 0, 0, 0, 0, 0, 0, 0.166816895, -0.0576203125, -0.151191797, -0.276152964, 0.36661249, -0.888439274, 0.198730469, -0.882568359, -0.42590332, -0.940266724, -0.294100218, 0.170763581, 4, 1, 
236.962527, 0.1, 0.1, 0.0958936923, 0.180734002, -0.0199616832, 0.984622342, -2.4719168e-005, -0.174696429, 0.174696429, -1.75079538e-005, 0.984622343, -2.73976221e-005, -1, -1.29203721e-005, 0.984622239, -6.43529497e-005, -0.174696999, 0.174697, 9.99473356e-006, 0.984622241, -6.16172956e-005, -0.999999998, 2.10833042e-005, 0, 0, 0, 0, 0, 0, 0, 0.114120459, -0.0658242188, -0.165072168, 0.37100481, 0.812187195, -0.450180915, -0.0943603516, 0.515258789, 0.851806641, 0.923794489, -0.273487561, 0.268060012, 0, 0, 0, 0, 0, 0, 0, 0.166816895, -0.0576203125, -0.151191797, -0.276152964, 0.36661249, -0.888439274, 0.198730469, -0.882568359, -0.42590332, -0.940266724, -0.294100218, 0.170763581, 4, 1, 
236.963415, 0.1, 0.1, 0.0958936913, 0.180733989, -0.0199613073, 0.984622704, 3.80668665e-005, -0.174694386, 0.174694385, 2.41167088e-005, 0.984622705, 4.16945546e-005, -0.999999999, 1.70957912e-005, 0.984622643, 6.01069425e-005, -0.174694728, 0.174694727, 1.69681519e-005, 0.984622645, 6.21469033e-005, -0.999999998, 6.2068607e-006, 0, 0, 0, 0, 0, 0, 0, 0.114120459, -0.0658242188, -0.165072168, 0.37100481, 0.812187195, -0.450180915, -0.0943603516, 0.515258789, 0.851806641, 0.923794489, -0.273487561, 0.268060012, 0, 0, 0, 0, 0, 0, 0, 0.166816895, -0.0576203125, -0.151191797, -0.276152964, 0.36661249, -0.888439274, 0.198730469, -0.882568359, -0.42590332, -0.940266724, -0.294100218, 0.170763581, 4, 1, 
236.96426, 0.1, 0.1, 0.095893667, 0.180733975, -0.0199611697, 0.984622929, -7.28918656e-005, -0.174693108, 0.174693109, 5.4039642e-006, 0.984622932, -7.08269671e-005, -0.999999997, 1.80545737e-005, 0.98462288, -7.46833696e-005, -0.174693383, 0.174693382, -1.76196474e-005, 0.984622883, -7.66129905e-005, -0.999999997, -4.30201762e-006, 0, 0, 0, 0, 0, 0, 0, 0.114120459, -0.0658242188, -0.165072168, 0.37100481, 0.812187195, -0.450180915, -0.0943603516, 0.515258789, 0.851806641, 0.923794489, -0.273487561, 0.268060012, 0, 0, 0, 0, 0, 0, 0, 0.166816895, -0.0576203125, -0.151191797, -0.276152964, 0.36661249, -0.888439274, 0.198730469, -0.882568359, -0.42590332, -0.940266724, -0.294100218, 0.170763581, 4, 1, 
236.965102, 0.1, 0.1, 0.09589366, 0.180733966, -0.0199618032, 0.984623207, 8.05944496e-005, -0.17469154, 0.174691539, 8.76888328e-006, 0.98462321, 8.08870154e-005, -0.999999997, -5.4451225e-006, 0.984623159, 6.7809714e-005, -0.174691817, 0.174691817, 4.15447658e-008, 0.984623161, 6.67742725e-005, -0.999999998, -1.18048962e-005, 0, 0, 0, 0, 0, 0, 0, 0.114120459, -0.0658242188, -0.165072168, 0.37100481, 0.812187195, -0.450180915, -0.0943603516, 0.515258789, 0.851806641, 0.923794489, -0.273487561, 0.268060012, 0, 0, 0, 0, 0, 0, 0, 0.166816895, -0.0576203125, -0.151191797, -0.276152964, 0.36661249, -0.888439274, 0.198730469, -0.882568359, -0.42590332, -0.940266724, -0.294100218, 0.170763581, 4, 1, 
236.966044, 0.1, 0.1, 0.0958936484, 0.180733953, -0.0199623094, 0.984623394, -6.05942479e-005, -0.174690494, 0.174690492, -4.00353048e-005, 0.984623395, -6.66563013e-005, -0.999999997, -2.88344587e-005, 0.984623363, -3.09544548e-005, -0.174690677, 0.174690676, -2.56156242e-005, 0.984623363, -3.49532901e-005, -0.999999999, -1.98142874e-005, 0, 0, 0, 0, 0, 0, 0, 0.114380322, -0.0681976318, -0.16439209, 0.371728214, 0.809439232, -0.454356592, -0.0926513672, 0.51953125, 0.849487305, 0.923679913, -0.273670286, 0.268227006, 0, 0, 0, 0, 0, 0, 0, 0.166816895, -0.0576203125, -0.151191797, -0.27592292, 0.360695895, -0.890790381, 0.199707031, -0.885009766, -0.420288086, -0.940119803, -0.293862879, 0.172112125, 4, 1, 
236.966888, 0.1, 0.1, 0.0958936263, 0.180733944, -0.0199622448, 0.984623594, 2.13645863e-005, -0.174689377, 0.174689375, 4.88053779e-005, 0.984623593, 2.95618568e-005, -0.999999999, 4.43227603e-005, 0.98462354, -2.51449521e-005, -0.174689677, 0.174689678, 4.04335756e-005, 0.98462354, -1.76949835e-005, -0.999999999, 4.4204414e-005, 0, 0, 0, 0, 0, 0, 0, 0.114380322, -0.0681976318, -0.16439209, 0.371728214, 0.809439232, -0.454356592, -0.0926513672, 0.51953125, 0.849487305, 0.923679913, -0.273670286, 0.268227006, 0, 0, 0, 0, 0, 0, 0, 0.167504932, -0.0604624512, -0.15087251, -0.27592292, 0.360695895, -0.890790381, 0.199707031, -0.885009766, -0.420288086, -0.940119803, -0.293862879, 0.172112125, 4, 1, 
236.967729, 0.1, 0.1, 0.0958936287, 0.180733929, -0.0199625898, 0.984623963, 3.45428759e-005, -0.174687291, 0.174687292, -6.32343739e-005, 0.984623962, 2.29655019e-005, -0.999999997, -6.82962813e-005, 0.984623876, 6.36758853e-005, -0.174687776, 0.174687779, -5.08736729e-005, 0.984623876, 5.38097883e-005, -0.999999997, -6.1214832e-005, 0, 0, 0, 0, 0, 0, 0, 0.114380322, -0.0681976318, -0.16439209, 0.371728214, 0.809439232, -0.454356592, -0.0926513672, 0.51953125, 0.849487305, 0.923679913, -0.273670286, 0.268227006, 0, 0, 0, 0, 0, 0, 0, 0.167504932, -0.0604624512, -0.15087251, -0.27592292, 0.360695895, -0.890790381, 0.199707031, -0.885009766, -0.420288086, -0.940119803, -0.293862879, 0.172112125, 4, 1, 
236.968642, 0.1, 0.1, 0.0958936028, 0.180733913, -0.0199622915, 0.984624533, -4.73049419e-005, -0.174684076, 0.174684077, 2.74046736e-005, 0.984624534, -4.17904463e-005, -0.999999999, 3.52467341e-005, 0.984624418, -6.69568437e-005, -0.174684719, 0.17468472, 1.79188839e-005, 0.98462442, -6.27971882e-005, -0.999999998, 2.93397082e-005, 0, 0, 0, 0, 0, 0, 0, 0.114380322, -0.0681976318, -0.16439209, 0.371728214, 0.809439232, -0.454356592, -0.0926513672, 0.51953125, 0.849487305, 0.923679913, -0.273670286, 0.268227006, 0, 0, 0, 0, 0, 0, 0, 0.167504932, -0.0604624512, -0.15087251, -0.27592292, 0.360695895, -0.890790381, 0.199707031, -0.885009766, -0.420288086, -0.940119803, -0.293862879, 0.172112125, 4, 1, 
236.969484, 0.1, 0.1, 0.0958936046, 0.1807339, -0.0199621757, 0.984625148, 8.95113202e-005, -0.174680593, 0.174680597, -4.18816184e-005, 0.984625151, 8.08191913e-005, -0.999999995, -5.68735856e-005, 0.984625023, 9.21460875e-005, -0.174681296, 0.1746813, -3.58609635e-005, 0.984625026, 8.44651043e-005, -0.999999995, -5.14058003e-005, 0, 0, 0, 0, 0, 0, 0, 0.114380322, -0.0681976318, -0.16439209, 0.371728214, 0.809439232, -0.454356592, -0.0926513672, 0.51953125, 0.849487305, 0.923679913, -0.273670286, 0.268227006, 0, 0, 0, 0, 0, 0, 0, 0.167504932, -0.0604624512, -0.15087251, -0.27592292, 0.360695895, -0.890790381, 0.199707031, -0.885009766, -0.420288086, -0.940119803, -0.293862879, 0.172112125, 4, 1, 
236.970342, 0.1, 0.1, 0.0958935899, 0.180733889, -0.0199624239, 0.984625761, -7.36829667e-005, -0.174677149, 0.174677151, 2.3724053e-005, 0.984625763, -6.84060974e-005, -0.999999997, 3.62300444e-005, 0.984625641, -5.71615771e-005, -0.174677827, 0.174677829, 2.03228849e-005, 0.984625642, -5.27327972e-005, -0.999999998, 2.99952937e-005, 0, 0, 0, 0, 0, 0, 0, 0.114380322, -0.0681976318, -0.16439209, 0.371728214, 0.809439232, -0.454356592, -0.0926513672, 0.51953125, 0.849487305, 0.923679913, -0.273670286, 0.268227006, 0, 0, 0, 0, 0, 0, 0, 0.167504932, -0.0604624512, -0.15087251, -0.27592292, 0.360695895, -0.890790381, 0.199707031, -0.885009766, -0.420288086, -0.940119803, -0.293862879, 0.172112125, 4, 1, 
236.971271, 0.1, 0.1, 0.0958935758, 0.180733871, -0.0199616939, 0.984626289, 7.11387697e-005, -0.174674172, 0.174674176, -4.38964832e-005, 0.98462629, 6.2377521e-005, -0.999999997, -5.56477373e-005, 0.984626213, 4.32526185e-005, -0.17467461, 0.174674612, -4.77330763e-005, 0.984626212, 3.42499054e-005, -0.999999998, -5.45543725e-005, 0, 0, 0, 0, 0, 0, 0, 0.114604907, -0.0709864014, -0.163918286, 0.37174731, 0.807269018, -0.458189662, -0.0911865234, 0.523071289, 0.847412109, 0.92380048, -0.273326558, 0.268216145, 0, 0, 0, 0, 0, 0, 0, 0.168189795, -0.0630969727, -0.150125293, -0.275852558, 0.355079338, -0.89318633, 0.202514648, -0.88684082, -0.415039062, -0.939621437, -0.295312402, 0.1727195, 4, 1, 
236.972115, 0.1, 0.1, 0.0958935711, 0.180733865, -0.0199613548, 0.98462656, -4.82215379e-005, -0.174672653, 0.174672655, 4.41862954e-005, 0.98462656, -3.97620695e-005, -0.999999998, 5.19299841e-005, 0.984626529, 3.96556944e-007, -0.174672834, 0.174672834, 4.65981241e-005, 0.984626528, 8.52988691e-006, -0.999999999, 4.58124815e-005, 0, 0, 0, 0, 0, 0, 0, 0.114604907, -0.0709864014, -0.163918286, 0.37174731, 0.807269018, -0.458189662, -0.0911865234, 0.523071289, 0.847412109, 0.92380048, -0.273326558, 0.268216145, 0, 0, 0, 0, 0, 0, 0, 0.168189795, -0.0630969727, -0.150125293, -0.275852558, 0.355079338, -0.89318633, 0.202514648, -0.88684082, -0.415039062, -0.939621437, -0.295312402, 0.1727195, 4, 1, 
236.972994, 0.1, 0.1, 0.0958935436, 0.180733849, -0.0199615685, 0.984626591, -1.78016627e-005, -0.174672483, 0.174672482, -4.76270332e-005, 0.98462659, -2.58471226e-005, -0.999999999, -4.37853827e-005, 0.984626601, -5.41490604e-005, -0.174672419, 0.174672416, -4.89008959e-005, 0.984626602, -6.18582431e-005, -0.999999997, -3.86907757e-005, 0, 0, 0, 0, 0, 0, 0, 0.114604907, -0.0709864014, -0.163918286, 0.37174731, 0.807269018, -0.458189662, -0.0911865234, 0.523071289, 0.847412109, 0.92380048, -0.273326558, 0.268216145, 0, 0, 0, 0, 0, 0, 0, 0.168189795, -0.0630969727, -0.150125293, -0.275852558, 0.355079338, -0.89318633, 0.202514648, -0.88684082, -0.415039062, -0.939621437, -0.295312402, 0.1727195, 4, 1, 
236.973872, 0.1, 0.1, 0.0958935432, 0.180733847, -0.0199616448, 0.984626401, 3.07932825e-005, -0.17467355, 0.174673548, 7.19993297e-005, 0.984626399, 4.28962574e-005, -0.999999997, 6.5513669e-005, 0.984626449, 5.1335462e-005, -0.174673273, 0.174673269, 6.88770916e-005, 0.984626449, 6.25772407e-005, -0.999999996, 5.88512732e-005, 0, 0, 0, 0, 0, 0, 0, 0.114604907, -0.0709864014, -0.163918286, 0.37174731, 0.807269018, -0.458189662, -0.0911865234, 0.523071289, 0.847412109, 0.92380048, -0.273326558, 0.268216145, 0, 0, 0, 0, 0, 0, 0, 0.16852373, -0.0653185547, -0.15033584, -0.277762901, 0.351897377, -0.893831251, 0.202392578, -0.888061523, -0.412475586, -0.938963023, -0.295401354, 0.175352055, 4, 1, 
236.974718, 0.1, 0.1, 0.0958935211, 0.180733835, -0.0199620658, 0.984626087, -6.1053578e-005, -0.174675313, 0.174675311, -4.86489255e-005, 0.984626088, -6.8612712e-005, -0.999999997, -3.72364485e-005, 0.984626156, -6.7682995e-005, -0.174674922, 0.174674919, -4.19662286e-005, 0.984626158, -7.3972895e-005, -0.999999997, -2.94985246e-005, 0, 0, 0, 0, 0, 0, 0, 0.114604907, -0.0709864014, -0.163918286, 0.37174731, 0.807269018, -0.458189662, -0.0911865234, 0.523071289, 0.847412109, 0.92380048, -0.273326558, 0.268216145, 0, 0, 0, 0, 0, 0, 0, 0.16852373, -0.0653185547, -0.15033584, -0.277762901, 0.351897377, -0.893831251, 0.202392578, -0.888061523, -0.412475586, -0.938963023, -0.295401354, 0.175352055, 4, 1, 
236.975615, 0.1, 0.1, 0.095893516, 0.18073383, -0.0199625532, 0.98462572, 7.60177761e-005, -0.174677375, 0.174677371, 6.24370341e-005, 0.984625722, 8.57553949e-005, -0.999999995, 4.81985245e-005, 0.984625795, 6.10615312e-005, -0.174676958, 0.174676955, 5.48964556e-005, 0.984625796, 6.97119047e-005, -0.999999997, 4.3386424e-005, 0, 0, 0, 0, 0, 0, 0, 0.114604907, -0.0709864014, -0.163918286, 0.37174731, 0.807269018, -0.458189662, -0.0911865234, 0.523071289, 0.847412109, 0.92380048, -0.273326558, 0.268216145, 0, 0, 0, 0, 0, 0, 0, 0.16852373, -0.0653185547, -0.15033584, -0.277762901, 0.351897377, -0.893831251, 0.202392578, -0.888061523, -0.412475586, -0.938963023, -0.295401354, 0.175352055, 4, 1, 
236.976495, 0.1, 0.1, 0.0958935112, 0.180733819, -0.0199621867, 0.98462546, -3.94865363e-005, -0.174678853, 0.17467885, -5.34132677e-005, 0.98462546, -4.82096173e-005, -0.999999998, -4.56946005e-005, 0.984625495, -9.83644998e-006, -0.174678661, 0.17467866, -4.41300934e-005, 0.984625494, -1.7393805e-005, -0.999999999, -4.17333971e-005, 0, 0, 0, 0, 0, 0, 0, 0.114937378, -0.073476123, -0.164093579, 0.369450538, 0.806514535, -0.461459209, -0.0885009766, 0.525024414, 0.846435547, 0.924905805, -0.271847549, 0.2655206, 0, 0, 0, 0, 0, 0, 0, 0.16852373, -0.0653185547, -0.15033584, -0.277762901, 0.351897377, -0.893831251, 0.202392578, -0.888061523, -0.412475586, -0.938963023, -0.295401354, 0.175352055, 4, 1, 
236.97734, 0.1, 0.1, 0.0958934933, 0.180733811, -0.0199622266, 0.984625387, 2.50113748e-005, -0.17467927, 0.174679269, 5.30877637e-005, 0.984625386, 3.39001664e-005, -0.999999998, 4.79025912e-005, 0.984625384, -1.75791236e-005, -0.174679286, 0.174679286, 4.15973373e-005, 0.984625383, -1.00426582e-005, -0.999999999, 4.4028503e-005, 0, 0, 0, 0, 0, 0, 0, 0.114937378, -0.073476123, -0.164093579, 0.369450538, 0.806514535, -0.461459209, -0.0885009766, 0.525024414, 0.846435547, 0.924905805, -0.271847549, 0.2655206, 0, 0, 0, 0, 0, 0, 0, 0.16852373, -0.0653185547, -0.15033584, -0.277762901, 0.351897377, -0.893831251, 0.202392578, -0.888061523, -0.412475586, -0.938963023, -0.295401354, 0.175352055, 4, 1, 
236.978272, 0.1, 0.1, 0.0958934954, 0.180733797, -0.0199620622, 0.984625537, 1.42235765e-005, -0.174678426, 0.174678427, -5.6877032e-005, 0.984625535, 4.06970618e-006, -0.999999998, -5.84871301e-005, 0.984625484, 5.26714168e-005, -0.174678714, 0.174678717, -4.51629564e-005, 0.984625484, 4.39726121e-005, -0.999999998, -5.36691733e-005, 0, 0, 0, 0, 0, 0, 0, 0.114937378, -0.073476123, -0.164093579, 0.3673949, 0.804916079, -0.465858046, -0.0860595703, 0.528198242, 0.844726563, 0.925972937, -0.270234867, 0.263498285, 0, 0, 0, 0, 0, 0, 0, 0.16852373, -0.0653185547, -0.15033584, -0.279877767, 0.348613337, -0.894444089, 0.201171875, -0.889648438, -0.409667969, -0.938694334, -0.294519093, 0.178847182, 4, 1, 
236.97917, 0.1, 0.1, 0.0958934672, 0.180733786, -0.0199610191, 0.98462588, -6.00622432e-005, -0.174676481, 0.174676484, 4.01199071e-005, 0.98462588, -5.21308348e-005, -0.999999997, 4.99945603e-005, 0.984625792, -8.40986416e-005, -0.174676969, 0.174676972, 2.8157703e-005, 0.984625794, -7.78871896e-005, -0.999999996, 4.24148967e-005, 0, 0, 0, 0, 0, 0, 0, 0.115282056, -0.0760085693, -0.164101294, 0.3673949, 0.804916079, -0.465858046, -0.0860595703, 0.528198242, 0.844726563, 0.925972937, -0.270234867, 0.263498285, 0, 0, 0, 0, 0, 0, 0, 0.168835937, -0.0679729492, -0.150749365, -0.279877767, 0.348613337, -0.894444089, 0.201171875, -0.889648438, -0.409667969, -0.938694334, -0.294519093, 0.178847182, 4, 1, 
236.980017, 0.1, 0.1, 0.0958934695, 0.180733777, -0.0199605311, 0.984626333, 8.82909757e-005, -0.174673916, 0.174673919, -3.12472152e-005, 0.984626336, 8.14755465e-005, -0.999999996, -4.61889616e-005, 0.984626238, 8.98617416e-005, -0.17467445, 0.174674453, -2.50906701e-005, 0.984626241, 8.40975298e-005, -0.999999996, -4.04014826e-005, 0, 0, 0, 0, 0, 0, 0, 0.115282056, -0.0760085693, -0.164101294, 0.3673949, 0.804916079, -0.465858046, -0.0860595703, 0.528198242, 0.844726563, 0.925972937, -0.270234867, 0.263498285, 0, 0, 0, 0, 0, 0, 0, 0.168835937, -0.0679729492, -0.150749365, -0.279877767, 0.348613337, -0.894444089, 0.201171875, -0.889648438, -0.409667969, -0.938694334, -0.294519093, 0.178847182, 4, 1, 
236.980915, 0.1, 0.1, 0.0958934541, 0.180733771, -0.0199603435, 0.984626823, -8.36559655e-005, -0.174671153, 0.174671157, 4.2357846e-005, 0.984626825, -7.49712139e-005, -0.999999996, 5.63189557e-005, 0.984626737, -6.97899597e-005, -0.174671648, 0.174671651, 3.92213512e-005, 0.984626738, -6.18662023e-005, -0.999999997, 5.08087185e-005, 0, 0, 0, 0, 0, 0, 0, 0.115282056, -0.0760085693, -0.164101294, 0.3673949, 0.804916079, -0.465858046, -0.0860595703, 0.528198242, 0.844726563, 0.925972937, -0.270234867, 0.263498285, 0, 0, 0, 0, 0, 0, 0, 0.168835937, -0.0679729492, -0.150749365, -0.279877767, 0.348613337, -0.894444089, 0.201171875, -0.889648438, -0.409667969, -0.938694334, -0.294519093, 0.178847182, 4, 1, 
236.981756, 0.1, 0.1, 0.0958934427, 0.180733761, -0.0199610154, 0.984627178, 7.14438119e-005, -0.174669157, 0.174669159, -2.64643003e-005, 0.98462718, 6.5723022e-005, -0.999999997, -3.85364999e-005, 0.984627127, 3.99847219e-005, -0.17466946, 0.174669461, -2.67082047e-005, 0.984627127, 3.47049341e-005, -0.999999999, -3.32817327e-005, 0, 0, 0, 0, 0, 0, 0, 0.115282056, -0.0760085693, -0.164101294, 0.3673949, 0.804916079, -0.465858046, -0.0860595703, 0.528198242, 0.844726563, 0.925972937, -0.270234867, 0.263498285, 0, 0, 0, 0, 0, 0, 0, 0.168835937, -0.0679729492, -0.150749365, -0.279877767, 0.348613337, -0.894444089, 0.201171875, -0.889648438, -0.409667969, -0.938694334, -0.294519093, 0.178847182, 4, 1, 
236.982761, 0.1, 0.1, 0.0958934424, 0.18073375, -0.0199610032, 0.984627378, -3.23881614e-005, -0.174668044, 0.174668044, -3.02302536e-005, 0.984627378, -3.71705297e-005, -0.999999999, -2.41083586e-005, 0.984627356, 1.71565397e-005, -0.174668171, 0.174668171, 4.33044384e-006, 0.984627356, 1.76491891e-005, -1, 1.26717205e-006, 0, 0, 0, 0, 0, 0, 0, 0.115282056, -0.0760085693, -0.164101294, 0.3673949, 0.804916079, -0.465858046, -0.0860595703, 0.528198242, 0.844726563, 0.925972937, -0.270234867, 0.263498285, 0, 0, 0, 0, 0, 0, 0, 0.168835937, -0.0679729492, -0.150749365, -0.279877767, 0.348613337, -0.894444089, 0.201171875, -0.889648438, -0.409667969, -0.938694334, -0.294519093, 0.178847182, 4, 1, 
236.983661, 0.1, 0.1, 0.095893415, 0.180733738, -0.0199599131, 0.984627548, -2.90153206e-005, -0.174667086, 0.174667088, 4.7106116e-005, 0.984627547, -2.03413959e-005, -0.999999998, 5.14500011e-005, 0.984627504, -6.29518608e-005, -0.174667327, 0.174667329, 2.23803408e-005, 0.984627505, -5.80750194e-005, -0.999999998, 3.30319324e-005, 0, 0, 0, 0, 0, 0, 0, 0.115311206, -0.0782608887, -0.164313696, 0.363486568, 0.804396739, -0.469756639, -0.0825195313, 0.530151367, 0.84387207, 0.927827876, -0.268051549, 0.259172084, 0, 0, 0, 0, 0, 0, 0, 0.169108594, -0.0699915527, -0.151147998, -0.282797602, 0.345399293, -0.894801364, 0.201538086, -0.890625, -0.407470703, -0.937773794, -0.295470616, 0.182246427, 4, 1, 
236.984506, 0.1, 0.1, 0.0958934202, 0.180733732, -0.0199601244, 0.984627889, 6.8465142e-005, -0.174665155, 0.174665159, -4.54023144e-005, 0.984627889, 5.94824859e-005, -0.999999997, -5.66628599e-005, 0.984627805, 8.25902092e-005, -0.174665622, 0.174665624, -1.74074613e-005, 0.984627808, 7.82801316e-005, -0.999999996, -3.15655409e-005, 0, 0, 0, 0, 0, 0, 0, 0.115311206, -0.0782608887, -0.164313696, 0.363486568, 0.804396739, -0.469756639, -0.0825195313, 0.530151367, 0.84387207, 0.927827876, -0.268051549, 0.259172084, 0, 0, 0, 0, 0, 0, 0, 0.169108594, -0.0699915527, -0.151147998, -0.282797602, 0.345399293, -0.894801364, 0.201538086, -0.890625, -0.407470703, -0.937773794, -0.295470616, 0.182246427, 4, 1, 
236.985402, 0.1, 0.1, 0.0958934015, 0.180733716, -0.0199611713, 0.984628438, -6.86412559e-005, -0.174662055, 0.174662057, 1.86965183e-005, 0.98462844, -6.43205604e-005, -0.999999997, 3.03981465e-005, 0.984628313, -6.88204138e-005, -0.174662761, 0.174662761, -3.87725427e-006, 0.984628316, -6.84397401e-005, -0.999999998, 8.20270916e-006, 0, 0, 0, 0, 0, 0, 0, 0.115311206, -0.0782608887, -0.164313696, 0.363486568, 0.804396739, -0.469756639, -0.0825195313, 0.530151367, 0.84387207, 0.927827876, -0.268051549, 0.259172084, 0, 0, 0, 0, 0, 0, 0, 0.169108594, -0.0699915527, -0.151147998, -0.282797602, 0.345399293, -0.894801364, 0.201538086, -0.890625, -0.407470703, -0.937773794, -0.295470616, 0.182246427, 4, 1, 
236.986244, 0.1, 0.1, 0.095893398, 0.180733708, -0.0199623317, 0.984629055, 8.54567762e-005, -0.174658569, 0.174658573, -3.97695109e-005, 0.984629058, 7.71971391e-005, -0.999999996, -5.40839746e-005, 0.984628928, 6.96429377e-005, -0.174659293, 0.174659295, -2.13592197e-005, 0.98462893, 6.48418651e-005, -0.999999997, -3.3194692e-005, 0, 0, 0, 0, 0, 0, 0, 0.115311206, -0.0782608887, -0.164313696, 0.363486568, 0.804396739, -0.469756639, -0.0825195313, 0.530151367, 0.84387207, 0.927827876, -0.268051549, 0.259172084, 0, 0, 0, 0, 0, 0, 0, 0.169108594, -0.0699915527, -0.151147998, -0.282797602, 0.345399293, -0.894801364, 0.201538086, -0.890625, -0.407470703, -0.937773794, -0.295470616, 0.182246427, 4, 1, 
236.98709, 0.1, 0.1, 0.0958933927, 0.180733694, -0.0199637281, 0.984629685, -5.95814085e-005, -0.17465503, 0.174655031, 1.29022908e-005, 0.984629687, -5.64121736e-005, -0.999999998, 2.31101713e-005, 0.984629568, -2.69503936e-005, -0.174655699, 0.174655699, -1.52391573e-006, 0.984629568, -2.6802315e-005, -1, 3.20654734e-006, 0, 0, 0, 0, 0, 0, 0, 0.115311206, -0.0782608887, -0.164313696, 0.363486568, 0.804396739, -0.469756639, -0.0825195313, 0.530151367, 0.84387207, 0.927827876, -0.268051549, 0.259172084, 0, 0, 0, 0, 0, 0, 0, 0.169108594, -0.0699915527, -0.151147998, -0.282797602, 0.345399293, -0.894801364, 0.201538086, -0.890625, -0.407470703, -0.937773794, -0.295470616, 0.182246427, 4, 1, 
236.988039, 0.1, 0.1, 0.0958933734, 0.180733686, -0.0199640566, 0.984630261, 3.36314898e-005, -0.174651792, 0.174651792, 8.31003062e-006, 0.984630261, 3.45659443e-005, -0.999999999, 2.30850767e-006, 0.984630166, -1.11917278e-005, -0.174652327, 0.174652327, -9.29951172e-006, 0.984630166, -1.26438941e-005, -1, -7.20191848e-006, 0, 0, 0, 0, 0, 0, 0, 0.115309839, -0.0807399902, -0.164550635, 0.358975398, 0.803725753, -0.474206773, -0.0802001953, 0.532958984, 0.842407227, 0.929778294, -0.264484701, 0.256045566, 0, 0, 0, 0, 0, 0, 0, 0.169108594, -0.0699915527, -0.151147998, -0.283845374, 0.34141856, -0.895963974, 0.202636719, -0.891845703, -0.404052734, -0.937147463, -0.296134494, 0.183965372, 4, 1, 
236.988882, 0.1, 0.1, 0.0958933766, 0.180733678, -0.0199632755, 0.984630674, 1.39424596e-005, -0.174649467, 0.174649468, -1.88344775e-005, 0.984630673, 1.0438742e-005, -1, -2.09800474e-005, 0.98463059, 4.69287238e-005, -0.174649935, 0.174649935, -9.36991888e-006, 0.984630591, 4.45710013e-005, -0.999999999, -1.74220073e-005, 0, 0, 0, 0, 0, 0, 0, 0.115309839, -0.0807399902, -0.164550635, 0.358975398, 0.803725753, -0.474206773, -0.0802001953, 0.532958984, 0.842407227, 0.929778294, -0.264484701, 0.256045566, 0, 0, 0, 0, 0, 0, 0, 0.169498926, -0.0722780762, -0.150965527, -0.283845374, 0.34141856, -0.895963974, 0.202636719, -0.891845703, -0.404052734, -0.937147463, -0.296134494, 0.183965372, 4, 1, 
236.989726, 0.1, 0.1, 0.0958933525, 0.18073367, -0.0199625793, 0.984631131, -5.48517646e-005, -0.174646881, 0.174646881, -8.34699275e-006, 0.984631132, -5.54665314e-005, -0.999999998, 1.36098071e-006, 0.984631041, -7.66392822e-005, -0.174647378, 0.174647379, 5.59772112e-006, 0.984631044, -7.44837891e-005, -0.999999997, 1.88965397e-005, 0, 0, 0, 0, 0, 0, 0, 0.115309839, -0.0807399902, -0.164550635, 0.358975398, 0.803725753, -0.474206773, -0.0802001953, 0.532958984, 0.842407227, 0.929778294, -0.264484701, 0.256045566, 0, 0, 0, 0, 0, 0, 0, 0.169498926, -0.0722780762, -0.150965527, -0.283845374, 0.34141856, -0.895963974, 0.202636719, -0.891845703, -0.404052734, -0.937147463, -0.296134494, 0.183965372, 4, 1, 
236.99066, 0.1, 0.1, 0.0958933566, 0.180733655, -0.0199611396, 0.984631486, 7.37288666e-005, -0.174644874, 0.174644874, 1.40664556e-005, 0.984631488, 7.5052398e-005, -0.999999997, 9.73906448e-007, 0.984631438, 8.42363547e-005, -0.174645137, 0.174645139, -1.3511077e-005, 0.984631441, 8.05821195e-005, -0.999999996, -2.8014901e-005, 0, 0, 0, 0, 0, 0, 0, 0.115548682, -0.0832869629, -0.164220996, 0.354806835, 0.801684342, -0.48073164, -0.0783691406, 0.538085937, 0.839233398, 0.931550857, -0.260206431, 0.253865613, 0, 0, 0, 0, 0, 0, 0, 0.170155469, -0.0748388672, -0.150601318, -0.284113697, 0.336351776, -0.897733592, 0.20324707, -0.893920898, -0.399169922, -0.936930179, -0.295807835, 0.185620519, 4, 1, 
236.991503, 0.1, 0.1, 0.0958933429, 0.180733647, -0.0199602372, 0.984631636, -7.77326069e-005, -0.174644027, 0.174644028, -5.8419086e-006, 0.984631639, -7.75582385e-005, -0.999999997, 7.82340751e-006, 0.984631605, -6.17700464e-005, -0.174644208, 0.174644208, -1.56962548e-005, 0.984631606, -6.3562e-005, -0.999999998, -4.66724778e-006, 0, 0, 0, 0, 0, 0, 0, 0.115548682, -0.0832869629, -0.164220996, 0.354806835, 0.801684342, -0.48073164, -0.0783691406, 0.538085937, 0.839233398, 0.931550857, -0.260206431, 0.253865613, 0, 0, 0, 0, 0, 0, 0, 0.170155469, -0.0748388672, -0.150601318, -0.284113697, 0.336351776, -0.897733592, 0.20324707, -0.893920898, -0.399169922, -0.936930179, -0.295807835, 0.185620519, 4, 1, 
236.992365, 0.1, 0.1, 0.0958933315, 0.180733638, -0.0199605261, 0.984631764, 5.91017706e-005, -0.174643308, 0.174643308, 1.16763388e-005, 0.984631766, 6.02326752e-005, -0.999999998, 1.1751654e-006, 0.984631741, 2.58946057e-005, -0.174643448, 0.174643448, 6.67087937e-006, 0.984631741, 2.66616761e-005, -1, 2.04603634e-006, 0, 0, 0, 0, 0, 0, 0, 0.115548682, -0.0832869629, -0.164220996, 0.354806835, 0.801684342, -0.48073164, -0.0783691406, 0.538085937, 0.839233398, 0.931550857, -0.260206431, 0.253865613, 0, 0, 0, 0, 0, 0, 0, 0.170155469, -0.0748388672, -0.150601318, -0.284113697, 0.336351776, -0.897733592, 0.20324707, -0.893920898, -0.399169922, -0.936930179, -0.295807835, 0.185620519, 4, 1, 
236.993242, 0.1, 0.1, 0.0958933318, 0.180733633, -0.0199610656, 0.984631905, -3.66215792e-005, -0.174642524, 0.174642525, 3.17826988e-005, 0.984631904, -3.05081646e-005, -0.999999999, 3.76899444e-005, 0.984631888, 1.11923682e-005, -0.174642619, 0.174642619, 2.9044034e-005, 0.984631888, 1.60926888e-005, -1, 2.66430176e-005, 0, 0, 0, 0, 0, 0, 0, 0.115548682, -0.0832869629, -0.164220996, 0.354806835, 0.801684342, -0.48073164, -0.0783691406, 0.538085937, 0.839233398, 0.931550857, -0.260206431, 0.253865613, 0, 0, 0, 0, 0, 0, 0, 0.170155469, -0.0748388672, -0.150601318, -0.284113697, 0.336351776, -0.897733592, 0.20324707, -0.893920898, -0.399169922, -0.936930179, -0.295807835, 0.185620519, 4, 1, 
236.994088, 0.1, 0.1, 0.0958933101, 0.180733622, -0.0199622925, 0.984631885, -1.47292989e-005, -0.174642637, 0.174642636, -3.54699179e-005, 0.984631885, -2.06974973e-005, -0.999999999, -3.23524485e-005, 0.984631901, -4.72656488e-005, -0.17464254, 0.174642538, -4.03334865e-005, 0.984631902, -5.35832082e-005, -0.999999998, -3.14590446e-005, 0, 0, 0, 0, 0, 0, 0, 0.115548682, -0.0832869629, -0.164220996, 0.354806835, 0.801684342, -0.48073164, -0.0783691406, 0.538085937, 0.839233398, 0.931550857, -0.260206431, 0.253865613, 0, 0, 0, 0, 0, 0, 0, 0.170155469, -0.0748388672, -0.150601318, -0.284113697, 0.336351776, -0.897733592, 0.20324707, -0.893920898, -0.399169922, -0.936930179, -0.295807835, 0.185620519, 4, 1, 
236.994995, 0.1, 0.1, 0.0958933134, 0.180733618, -0.0199636055, 0.984631716, 3.95402881e-005, -0.174643586, 0.174643585, 8.85702512e-006, 0.984631717, 4.04794444e-005, -0.999999999, 1.81545016e-006, 0.984631757, 5.86459554e-005, -0.174643351, 0.174643349, 3.062567e-005, 0.984631758, 6.30932398e-005, -0.999999998, 1.99128812e-005, 0, 0, 0, 0, 0, 0, 0, 0.115548682, -0.0832869629, -0.164220996, 0.351323484, 0.799439988, -0.487090635, -0.0780029297, 0.543579102, 0.835693359, 0.932967709, -0.255648834, 0.253513268, 0, 0, 0, 0, 0, 0, 0, 0.170155469, -0.0748388672, -0.150601318, -0.284113697, 0.336351776, -0.897733592, 0.20324707, -0.893920898, -0.399169922, -0.936930179, -0.295807835, 0.185620519, 4, 1, 
236.995862, 0.1, 0.1, 0.0958932937, 0.180733602, -0.0199635657, 0.984631627, -7.40187395e-005, -0.174644075, 0.174644076, -5.48964287e-006, 0.98463163, -7.38399257e-005, -0.999999997, 7.52165834e-006, 0.98463163, -7.39725994e-005, -0.174644059, 0.174644057, -3.508759e-005, 0.984631633, -7.89636005e-005, -0.999999997, -2.16294761e-005, 0, 0, 0, 0, 0, 0, 0, 0.11582146, -0.0860666992, -0.163877319, 0.351323484, 0.799439988, -0.487090635, -0.0780029297, 0.543579102, 0.835693359, 0.932967709, -0.255648834, 0.253513268, 0, 0, 0, 0, 0, 0, 0, 0.170633447, -0.0773928223, -0.150270557, -0.283615331, 0.331233952, -0.899803616, 0.203735352, -0.896118164, -0.394042969, -0.937000541, -0.29499557, 0.186630377, 4, 1, 
236.996703, 0.1, 0.1, 0.0958932891, 0.180733596, -0.0199634553, 0.984631717, 7.16636096e-005, -0.17464357, 0.174643571, -1.85153641e-005, 0.984631719, 6.73286738e-005, -0.999999997, -3.07464035e-005, 0.98463169, 5.67099367e-005, -0.174643726, 0.174643727, -8.75291939e-006, 0.984631692, 5.43097584e-005, -0.999999998, -1.85224365e-005, 0, 0, 0, 0, 0, 0, 0, 0.11582146, -0.0860666992, -0.163877319, 0.351323484, 0.799439988, -0.487090635, -0.0780029297, 0.543579102, 0.835693359, 0.932967709, -0.255648834, 0.253513268, 0, 0, 0, 0, 0, 0, 0, 0.170633447, -0.0773928223, -0.150270557, -0.283615331, 0.331233952, -0.899803616, 0.203735352, -0.896118164, -0.394042969, -0.937000541, -0.29499557, 0.186630377, 4, 1, 
236.997597, 0.1, 0.1, 0.095893281, 0.18073359, -0.0199628471, 0.984631827, -6.95981549e-005, -0.174642953, 0.174642954, 1.62467056e-005, 0.984631829, -6.56911859e-005, -0.999999997, 2.81518508e-005, 0.984631821, -4.35634265e-005, -0.174642994, 0.174642995, 2.30920605e-005, 0.984631821, -3.88610694e-005, -0.999999999, 3.03452249e-005, 0, 0, 0, 0, 0, 0, 0, 0.11582146, -0.0860666992, -0.163877319, 0.351323484, 0.799439988, -0.487090635, -0.0780029297, 0.543579102, 0.835693359, 0.932967709, -0.255648834, 0.253513268, 0, 0, 0, 0, 0, 0, 0, 0.170633447, -0.0773928223, -0.150270557, -0.283615331, 0.331233952, -0.899803616, 0.203735352, -0.896118164, -0.394042969, -0.937000541, -0.29499557, 0.186630377, 4, 1, 
236.998451, 0.1, 0.1, 0.0958932655, 0.180733578, -0.01996197, 0.984631777, 3.75262425e-005, -0.174643241, 0.174643241, -6.02063036e-006, 0.984631778, 3.58980684e-005, -0.999999999, -1.24818086e-005, 0.984631801, -6.68719424e-006, -0.174643112, 0.174643112, -3.0787132e-005, 0.9846318, -1.19611847e-005, -1, -2.91461168e-005, 0, 0, 0, 0, 0, 0, 0, 0.11582146, -0.0860666992, -0.163877319, 0.351323484, 0.799439988, -0.487090635, -0.0780029297, 0.543579102, 0.835693359, 0.932967709, -0.255648834, 0.253513268, 0, 0, 0, 0, 0, 0, 0, 0.170633447, -0.0773928223, -0.150270557, -0.283615331, 0.331233952, -0.899803616, 0.203735352, -0.896118164, -0.394042969, -0.937000541, -0.29499557, 0.186630377, 4, 1, 
236.999319, 0.1, 0.1, 0.0958932714, 0.180733578, -0.019961439, 0.984631599, 2.31742069e-005, -0.174644248, 0.174644248, -6.84460068e-006, 0.984631599, 2.16226863e-005, -1, -1.07866521e-005, 0.984631633, 5.1973663e-005, -0.174644051, 0.17464405, 2.61308317e-005, 0.984631634, 5.57385071e-005, -0.999999998, 1.66523525e-005, 0, 0, 0, 0, 0, 0, 0, 0.11582146, -0.0860666992, -0.163877319, 0.351323484, 0.799439988, -0.487090635, -0.0780029297, 0.543579102, 0.835693359, 0.932967709, -0.255648834, 0.253513268, 0, 0, 0, 0, 0, 0, 0, 0.170633447, -0.0773928223, -0.150270557, -0.283615331, 0.331233952, -0.899803616, 0.203735352, -0.896118164, -0.394042969, -0.937000541, -0.29499557, 0.186630377, 4, 1, 
237.000262, 0.1, 0.1, 0.0958932474, 0.180733564, -0.0199602897, 0.984631551, -4.95565446e-005, -0.174644515, 0.174644514, -1.8478032e-005, 0.984631552, -5.20220243e-005, -0.999999999, -9.53927464e-006, 0.98463155, -7.23483667e-005, -0.17464451, 0.174644509, -9.92501142e-006, 0.984631553, -7.29698334e-005, -0.999999997, 2.86276563e-006, 0, 0, 0, 0, 0, 0, 0, 0.116040649, -0.0888288574, -0.163758105, 0.346774123, 0.797513153, -0.493399455, -0.0771484375, 0.548706055, 0.832519531, 0.934676993, -0.25064716, 0.251917056, 0, 0, 0, 0, 0, 0, 0, 0.171079932, -0.0801451172, -0.149908057, -0.283615331, 0.326480333, -0.901560474, 0.203857422, -0.898193359, -0.389404297, -0.937000541, -0.294145026, 0.188164122, 4, 1, 
237.001109, 0.1, 0.1, 0.0958932512, 0.180733559, -0.0199598951, 0.984631518, 7.86794556e-005, -0.174644688, 0.174644689, -1.04356217e-005, 0.984631521, 7.56477462e-005, -0.999999997, -2.40161911e-005, 0.984631516, 7.78627072e-005, -0.1746447, 0.1746447, 1.53488904e-005, 0.984631519, 7.93466781e-005, -0.999999997, 1.51469215e-006, 0, 0, 0, 0, 0, 0, 0, 0.116040649, -0.0888288574, -0.163758105, 0.346774123, 0.797513153, -0.493399455, -0.0771484375, 0.548706055, 0.832519531, 0.934676993, -0.25064716, 0.251917056, 0, 0, 0, 0, 0, 0, 0, 0.171079932, -0.0801451172, -0.149908057, -0.283615331, 0.326480333, -0.901560474, 0.203857422, -0.898193359, -0.389404297, -0.937000541, -0.294145026, 0.188164122, 4, 1, 
237.001968, 0.1, 0.1, 0.0958932393, 0.180733552, -0.0199606589, 0.984631629, -7.99474284e-005, -0.174644066, 0.174644069, 3.32821657e-005, 0.984631631, -7.29062341e-005, -0.999999996, 4.67330172e-005, 0.984631594, -6.23469798e-005, -0.174644267, 0.174644268, 1.61348512e-005, 0.984631596, -5.85709469e-005, -0.999999998, 2.67754269e-005, 0, 0, 0, 0, 0, 0, 0, 0.116040649, -0.0888288574, -0.163758105, 0.346774123, 0.797513153, -0.493399455, -0.0771484375, 0.548706055, 0.832519531, 0.934676993, -0.25064716, 0.251917056, 0, 0, 0, 0, 0, 0, 0, 0.171079932, -0.0801451172, -0.149908057, -0.283615331, 0.326480333, -0.901560474, 0.203857422, -0.898193359, -0.389404297, -0.937000541, -0.294145026, 0.188164122, 4, 1, 
237.002872, 0.1, 0.1, 0.0958932303, 0.180733546, -0.0199614732, 0.984631817, 8.06760207e-005, -0.174643003, 0.174643006, -4.12125091e-005, 0.984631819, 7.22387007e-005, -0.999999996, -5.46686505e-005, 0.984631784, 4.66981613e-005, -0.1746432, 0.174643201, -2.35041352e-005, 0.984631785, 4.18756565e-005, -0.999999999, -3.1298435e-005, 0, 0, 0, 0, 0, 0, 0, 0.116040649, -0.0888288574, -0.163758105, 0.346774123, 0.797513153, -0.493399455, -0.0771484375, 0.548706055, 0.832519531, 0.934676993, -0.25064716, 0.251917056, 0, 0, 0, 0, 0, 0, 0, 0.171998047, -0.0823099609, -0.149364307, -0.283436327, 0.321240742, -0.903553939, 0.206665039, -0.899536133, -0.384765625, -0.936368014, -0.295677671, 0.188445571, 4, 1, 
237.003718, 0.1, 0.1, 0.0958932347, 0.180733536, -0.0199624554, 0.984631975, -3.08881341e-005, -0.174642127, 0.174642128, 3.66738153e-005, 0.984631975, -2.40086513e-005, -0.999999999, 4.15045807e-005, 0.984631945, 2.49439689e-005, -0.174642298, 0.174642298, 3.03196577e-007, 0.984631945, 2.46135796e-005, -1, -4.05773503e-006, 0, 0, 0, 0, 0, 0, 0, 0.116040649, -0.0888288574, -0.163758105, 0.346774123, 0.797513153, -0.493399455, -0.0771484375, 0.548706055, 0.832519531, 0.934676993, -0.25064716, 0.251917056, 0, 0, 0, 0, 0, 0, 0, 0.171998047, -0.0823099609, -0.149364307, -0.283436327, 0.321240742, -0.903553939, 0.206665039, -0.899536133, -0.384765625, -0.936368014, -0.295677671, 0.188445571, 4, 1, 
237.004573, 0.1, 0.1, 0.0958932098, 0.180733542, -0.0199635801, 0.984632099, -4.07785389e-005, -0.174641428, 0.174641429, 2.06629807e-005, 0.984632099, -3.65432459e-005, -0.999999999, 2.74670564e-005, 0.984632074, -7.54858255e-005, -0.174641553, 0.174641557, 4.77280062e-005, 0.984632076, -6.59904719e-005, -0.999999996, 6.01774879e-005, 0, 0, 0, 0, 0, 0, 0, 0.116040649, -0.0888288574, -0.163758105, 0.346774123, 0.797513153, -0.493399455, -0.0771484375, 0.548706055, 0.832519531, 0.934676993, -0.25064716, 0.251917056, 0, 0, 0, 0, 0, 0, 0, 0.171998047, -0.0823099609, -0.149364307, -0.283436327, 0.321240742, -0.903553939, 0.206665039, -0.899536133, -0.384765625, -0.936368014, -0.295677671, 0.188445571, 4, 1, 
