time, realDorsalTactorPos, realVentralTactorPos, boxPosX, boxPosY, boxPosZ, boxLocalRot_11, boxLocalRot_12, boxLocalRot_13, boxLocalRot_21, boxLocalRot_22, boxLocalRot_23, boxLocalRot_31, boxLocalRot_32, boxLocalRot_33, boxGlobalRot_11, boxGlobalRot_12, boxGlobalRot_13, boxGlobalRot_21, boxGlobalRot_22, boxGlobalRot_23, boxGlobalRot_31, boxGlobalRot_32, boxGlobalRot_33, indexForceX, indexForceY, indexForceZ, indexForceGlobalX, indexForceGlobalY, indexForceGlobalZ, indexContact, indexPosX, indexPosY, indexPosZ, indexRot_11, indexRot_12, indexRot_13, indexRot_21, indexRot_22, indexRot_23, indexRot_31, indexRot_32, indexRot_33, thumbForceX, thumbForceY, thumbForceZ, thumbForceGlobalX, thumbForceGlobalY, thumbForceGlobalZ, thumbContact, thumbPosX, thumbPosY, thumbPosZ, thumbRot_11, thumbRot_12, thumbRot_13, thumbRot_21, thumbRot_22, thumbRot_23, thumbRot_31, thumbRot_32, thumbRot_33, mapping, trialSuccess, 
72.3841888, 0.1, 0.1, 0.131440391, 0.201161591, -0.0199571978, 0.848134839, -0.529780419, -5.64087456e-005, 0.529780421, 0.848134836, 7.62419171e-005, 7.45074746e-006, -9.45476751e-005, 0.999999996, 0.848134841, -0.529780415, -5.43408836e-005, 0.529780417, 0.848134838, 7.55915193e-005, 6.04149009e-006, -9.29005372e-005, 0.999999996, 0, 0, 0, 0, 0, 0, 0, 0.127274878, 0.0124185303, -0.130984155, -0.722590402, 0.63517673, -0.272828222, -0.473510742, -0.167114258, 0.864746094, 0.503638078, 0.754036115, 0.42177384, 0, 0, 0, 0, 0, 0, 0, 0.223096191, 0.0594208008, -0.113892529, -0.147909831, 0.696068971, -0.702404968, 0.416748047, -0.600341797, -0.682495117, -0.896838607, -0.393507986, -0.201355413, 1, 1, 
72.3859758, 0.1, 0.1, 0.131440356, 0.201161593, -0.0199540758, 0.848134612, -0.529780784, -3.28247679e-005, 0.529780784, 0.848134612, -2.7506804e-005, 4.2412398e-005, 5.93954128e-006, 0.999999999, 0.848134632, -0.529780748, -6.97674316e-005, 0.529780746, 0.848134635, -4.98411367e-005, 8.55770498e-005, 5.31055223e-006, 0.999999996, 0, 0, 0, 0, 0, 0, 0, 0.128159058, 0.00967297363, -0.130674268, -0.722749162, 0.63375613, -0.275311085, -0.473388672, -0.163818359, 0.865478516, 0.503416039, 0.755991403, 0.418582921, 0, 0, 0, 0, 0, 0, 0, 0.224130127, 0.0566365234, -0.113639893, -0.149679449, 0.692471032, -0.705542087, 0.419799805, -0.6015625, -0.679443359, -0.89518346, -0.397813912, -0.200703195, 1, 1, 
72.3868364, 0.1, 0.1, 0.131440332, 0.201161585, -0.0199584692, 0.848134533, -0.529780909, 4.80539197e-005, 0.529780908, 0.848134534, 4.19124169e-005, -6.29605872e-005, -1.0089319e-005, 0.999999998, 0.848134532, -0.529780908, 7.0730973e-005, 0.529780906, 0.848134535, 3.71294007e-005, -7.96598286e-005, 5.98119207e-006, 0.999999997, 0, 0, 0, 0, 0, 0, 0, 0.128159058, 0.00967297363, -0.130674268, -0.722749162, 0.63375613, -0.275311085, -0.473388672, -0.163818359, 0.865478516, 0.503416039, 0.755991403, 0.418582921, 0, 0, 0, 0, 0, 0, 0, 0.224130127, 0.0566365234, -0.113639893, -0.149679449, 0.692471032, -0.705542087, 0.419799805, -0.6015625, -0.679443359, -0.89518346, -0.397813912, -0.200703195, 1, 1, 
72.3877566, 0.1, 0.1, 0.131440326, 0.20116159, -0.0199639569, 0.848134446, -0.529781049, -4.68687177e-005, 0.529781048, 0.848134447, -2.43131795e-005, 5.26316356e-005, -4.20931338e-006, 0.999999999, 0.848134447, -0.529781046, -5.08406066e-005, 0.529781045, 0.848134449, -2.52467395e-005, 5.64949139e-005, -5.52176022e-006, 0.999999998, 0, 0, 0, 0, 0, 0, 0, 0.128159058, 0.00967297363, -0.130674268, -0.723662405, 0.632842887, -0.275059089, -0.470703125, -0.161132813, 0.867431641, 0.50467301, 0.757248374, 0.414711659, 0, 0, 0, 0, 0, 0, 0, 0.224130127, 0.0566365234, -0.113639893, -0.149679449, 0.692471032, -0.705542087, 0.419799805, -0.6015625, -0.679443359, -0.89518346, -0.397813912, -0.200703195, 1, 1, 
72.3886233, 0.1, 0.1, 0.131440308, 0.201161588, -0.0199674121, 0.848134371, -0.529781166, 6.95059939e-005, 0.529781165, 0.848134374, 3.14672484e-005, -7.56211781e-005, 1.01345115e-005, 0.999999997, 0.848134376, -0.529781159, 5.45660667e-005, 0.529781158, 0.848134378, 3.48779756e-005, -6.47570514e-005, -6.73135999e-007, 0.999999998, 0, 0, 0, 0, 0, 0, 0, 0.128785938, 0.00717446289, -0.130673169, -0.723662405, 0.632842887, -0.275059089, -0.470703125, -0.161132813, 0.867431641, 0.50467301, 0.757248374, 0.414711659, 0, 0, 0, 0, 0, 0, 0, 0.224621387, 0.05404375, -0.113583398, -0.152931406, 0.688559928, -0.708698162, 0.422363281, -0.602905273, -0.676757812, -0.893438629, -0.402643723, -0.198702801, 1, 1, 
72.3894689, 0.1, 0.1, 0.131440292, 0.201161587, -0.0199690159, 0.848134302, -0.529781281, -2.71293514e-005, 0.529781281, 0.848134302, -2.5687232e-005, 3.66179482e-005, 7.41360002e-006, 0.999999999, 0.848134319, -0.529781253, -5.02412592e-006, 0.529781253, 0.848134319, -1.22929017e-005, 1.07736825e-005, 7.76434405e-006, 1, 0, 0, 0, 0, 0, 0, 0, 0.128785938, 0.00717446289, -0.130673169, -0.723662405, 0.632842887, -0.275059089, -0.470703125, -0.161132813, 0.867431641, 0.50467301, 0.757248374, 0.414711659, 0, 0, 0, 0, 0, 0, 0, 0.224621387, 0.05404375, -0.113583398, -0.152931406, 0.688559928, -0.708698162, 0.422363281, -0.602905273, -0.676757812, -0.893438629, -0.402643723, -0.198702801, 1, 1, 
72.3903713, 0.1, 0.1, 0.131440284, 0.201161591, -0.019967944, 0.848134247, -0.529781369, 2.49718702e-005, 0.529781369, 0.848134247, 2.24177641e-005, -3.30560121e-005, -5.78364186e-006, 0.999999999, 0.84813428, -0.529781317, 5.68809225e-007, 0.529781317, 0.84813428, -8.69937897e-006, 4.12634184e-006, 7.67958602e-006, 1, 0, 0, 0, 0, 0, 0, 0, 0.128785938, 0.00717446289, -0.130673169, -0.723662405, 0.632842887, -0.275059089, -0.470703125, -0.161132813, 0.867431641, 0.50467301, 0.757248374, 0.414711659, 0, 0, 0, 0, 0, 0, 0, 0.224621387, 0.05404375, -0.113583398, -0.152931406, 0.688559928, -0.708698162, 0.422363281, -0.602905273, -0.676757812, -0.893438629, -0.402643723, -0.198702801, 1, 1, 
72.3912196, 0.1, 0.1, 0.131440266, 0.201161586, -0.0199649283, 0.848134205, -0.529781437, -6.16672586e-006, 0.529781437, 0.848134205, 9.39070364e-006, 2.55190662e-007, -1.12315938e-005, 1, 0.848134223, -0.529781407, 2.25093305e-005, 0.529781406, 0.848134223, 2.70135402e-005, -3.34022049e-005, -1.09860831e-005, 0.999999999, 0, 0, 0, 0, 0, 0, 0, 0.128785938, 0.00717446289, -0.130673169, -0.723662405, 0.632842887, -0.275059089, -0.470703125, -0.161132813, 0.867431641, 0.50467301, 0.757248374, 0.414711659, 0, 0, 0, 0, 0, 0, 0, 0.224621387, 0.05404375, -0.113583398, -0.152931406, 0.688559928, -0.708698162, 0.422363281, -0.602905273, -0.676757812, -0.893438629, -0.402643723, -0.198702801, 1, 1, 
72.3920717, 0.1, 0.1, 0.131440257, 0.201161586, -0.0199614756, 0.848134082, -0.529781633, 1.86160252e-005, 0.529781633, 0.848134082, 8.24895149e-006, -2.01590284e-005, 2.86621133e-006, 1, 0.848134082, -0.529781633, 3.36967101e-006, 0.529781633, 0.848134082, 1.67344399e-005, -1.17235317e-005, -1.2407859e-005, 1, 0, 0, 0, 0, 0, 0, 0, 0.128785938, 0.00717446289, -0.130673169, -0.723662405, 0.632842887, -0.275059089, -0.470703125, -0.161132813, 0.867431641, 0.50467301, 0.757248374, 0.414711659, 0, 0, 0, 0, 0, 0, 0, 0.224621387, 0.05404375, -0.113583398, -0.152931406, 0.688559928, -0.708698162, 0.422363281, -0.602905273, -0.676757812, -0.893438629, -0.402643723, -0.198702801, 1, 1, 
72.3930095, 0.1, 0.1, 0.131440246, 0.201161587, -0.0199575495, 0.848134087, -0.529781626, 1.91623431e-005, 0.529781626, 0.848134087, 4.54669765e-006, -1.86609932e-005, 6.29564802e-006, 1, 0.848134103, -0.529781599, -3.07848599e-006, 0.529781599, 0.848134103, -9.13973721e-006, 7.45303355e-006, 6.1207976e-006, 1, 0, 0, 0, 0, 0, 0, 0, 0.129438574, 0.00423825684, -0.130727612, -0.724074282, 0.632088404, -0.275867112, -0.46862793, -0.157348633, 0.869262695, 0.505974164, 0.758727383, 0.410390327, 0, 0, 0, 0, 0, 0, 0, 0.225193701, 0.0512199219, -0.113573291, -0.154771386, 0.684157021, -0.712608166, 0.424072266, -0.60546875, -0.673339844, -0.892281849, -0.406297797, -0.196536162, 1, 1, 
72.3938546, 0.1, 0.1, 0.131440235, 0.201161587, -0.0199557286, 0.848133917, -0.529781898, -7.28487728e-006, 0.529781898, 0.848133917, 3.9045093e-006, 4.11001315e-006, -7.17094288e-006, 1, 0.848133945, -0.529781852, -6.82252296e-006, 0.529781852, 0.848133945, -1.50581649e-005, 1.37639558e-005, 9.15689198e-006, 1, 0, 0, 0, 0, 0, 0, 0, 0.129438574, 0.00423825684, -0.130727612, -0.724074282, 0.632088404, -0.275867112, -0.46862793, -0.157348633, 0.869262695, 0.505974164, 0.758727383, 0.410390327, 0, 0, 0, 0, 0, 0, 0, 0.225193701, 0.0512199219, -0.113573291, -0.154771386, 0.684157021, -0.712608166, 0.424072266, -0.60546875, -0.673339844, -0.892281849, -0.406297797, -0.196536162, 1, 1, 
72.3947109, 0.1, 0.1, 0.131440223, 0.201161587, -0.0199566323, 0.848133943, -0.529781856, -1.58491488e-005, 0.529781856, 0.848133943, -5.95908404e-006, 1.65992156e-005, -3.34249e-006, 1, 0.848133933, -0.529781872, -8.1871098e-006, 0.529781872, 0.848133933, -3.00069503e-007, 7.10273702e-006, -4.08288323e-006, 1, 0, 0, 0, 0, 0, 0, 0, 0.129438574, 0.00423825684, -0.130727612, -0.724074282, 0.632088404, -0.275867112, -0.46862793, -0.157348633, 0.869262695, 0.505974164, 0.758727383, 0.410390327, 0, 0, 0, 0, 0, 0, 0, 0.225193701, 0.0512199219, -0.113573291, -0.154771386, 0.684157021, -0.712608166, 0.424072266, -0.60546875, -0.673339844, -0.892281849, -0.406297797, -0.196536162, 1, 1, 
72.3956003, 0.1, 0.1, 0.131440209, 0.201161589, -0.019958991, 0.848133837, -0.529782026, -2.28537983e-006, 0.529782026, 0.848133837, -1.8655592e-005, 1.18217053e-005, 1.46116856e-005, 1, 0.848133874, -0.529781966, 1.11108005e-005, 0.529781966, 0.848133874, 7.36740996e-006, -1.33265672e-005, -3.62248227e-007, 1, 0, 0, 0, 0, 0, 0, 0, 0.129438574, 0.00423825684, -0.130727612, -0.724074282, 0.632088404, -0.275867112, -0.46862793, -0.157348633, 0.869262695, 0.505974164, 0.758727383, 0.410390327, 0, 0, 0, 0, 0, 0, 0, 0.225193701, 0.0512199219, -0.113573291, -0.154771386, 0.684157021, -0.712608166, 0.424072266, -0.60546875, -0.673339844, -0.892281849, -0.406297797, -0.196536162, 1, 1, 
72.3964453, 0.1, 0.1, 0.131440199, 0.201161592, -0.0199624734, 0.848133782, -0.529782114, 7.89186444e-006, 0.529782114, 0.848133782, -7.74109118e-006, -2.59226518e-006, 1.07464496e-005, 1, 0.848133774, -0.529782125, 1.56645517e-005, 0.529782125, 0.848133775, -4.15841122e-006, -1.10825834e-005, 1.18256885e-005, 1, 0, 0, 0, 0, 0, 0, 0, 0.129438574, 0.00423825684, -0.130727612, -0.724074282, 0.632088404, -0.275867112, -0.46862793, -0.157348633, 0.869262695, 0.505974164, 0.758727383, 0.410390327, 0, 0, 0, 0, 0, 0, 0, 0.225193701, 0.0512199219, -0.113573291, -0.154771386, 0.684157021, -0.712608166, 0.424072266, -0.60546875, -0.673339844, -0.892281849, -0.406297797, -0.196536162, 1, 1, 
72.3973802, 0.1, 0.1, 0.131440191, 0.201161593, -0.0199656904, 0.848133762, -0.529782145, 3.1717573e-006, 0.529782145, 0.848133762, 1.65406413e-005, -1.14530109e-005, -1.2348336e-005, 1, 0.848133795, -0.529782092, 6.17784974e-006, 0.529782092, 0.848133795, -3.51631019e-006, -3.37676498e-006, 6.25521567e-006, 1, 0, 0, 0, 0, 0, 0, 0, 0.129438574, 0.00423825684, -0.130727612, -0.725299052, 0.630388477, -0.276420897, -0.466674805, -0.155151367, 0.870727539, 0.506044556, 0.760479729, 0.406893872, 0, 0, 0, 0, 0, 0, 0, 0.225193701, 0.0512199219, -0.113573291, -0.154771386, 0.684157021, -0.712608166, 0.424072266, -0.60546875, -0.673339844, -0.892281849, -0.406297797, -0.196536162, 1, 1, 
72.3982433, 0.1, 0.1, 0.13144018, 0.201161598, -0.0199663444, 0.848133518, -0.529782536, 2.1429223e-005, 0.529782537, 0.848133517, -2.10517873e-005, -7.02197299e-006, 2.92075546e-005, 1, 0.848133585, -0.529782429, 7.11204973e-006, 0.529782428, 0.848133585, -3.4717519e-005, 1.23607633e-005, 3.32129329e-005, 0.999999999, 0, 0, 0, 0, 0, 0, 0, 0.130045923, 0.00192429199, -0.130766553, -0.725299052, 0.630388477, -0.276420897, -0.466674805, -0.155151367, 0.870727539, 0.506044556, 0.760479729, 0.406893872, 0, 0, 0, 0, 0, 0, 0, 0.225915039, 0.0488169434, -0.113528516, -0.158074382, 0.679945512, -0.715860123, 0.427368164, -0.606445313, -0.670288086, -0.890051411, -0.411772896, -0.19479133, 1, 1, 
72.399085, 0.1, 0.1, 0.131440174, 0.201161596, -0.0199658638, 0.848133011, -0.529783347, -1.9063469e-005, 0.529783347, 0.848133011, 8.58870211e-006, 1.16182061e-005, -1.73838702e-005, 1, 0.848133122, -0.529783169, -3.19779164e-005, 0.529783169, 0.848133122, 1.59547134e-005, 1.86689915e-005, -3.04730828e-005, 0.999999999, 0, 0, 0, 0, 0, 0, 0, 0.130045923, 0.00192429199, -0.130766553, -0.725299052, 0.630388477, -0.276420897, -0.466674805, -0.155151367, 0.870727539, 0.506044556, 0.760479729, 0.406893872, 0, 0, 0, 0, 0, 0, 0, 0.225915039, 0.0488169434, -0.113528516, -0.158074382, 0.679945512, -0.715860123, 0.427368164, -0.606445313, -0.670288086, -0.890051411, -0.411772896, -0.19479133, 1, 1, 
72.3999936, 0.1, 0.1, 0.131440163, 0.201161598, -0.0199637305, 0.848132488, -0.529784183, -3.22673411e-005, 0.529784184, 0.848132489, 1.30138213e-005, 2.04724636e-005, -2.81321716e-005, 0.999999999, 0.84813256, -0.52978407, -1.22590697e-005, 0.52978407, 0.84813256, -9.02637866e-006, 1.51793478e-005, 1.16090583e-006, 1, 0, 0, 0, 0, 0, 0, 0, 0.130045923, 0.00192429199, -0.130766553, -0.725299052, 0.630388477, -0.276420897, -0.466674805, -0.155151367, 0.870727539, 0.506044556, 0.760479729, 0.406893872, 0, 0, 0, 0, 0, 0, 0, 0.225915039, 0.0488169434, -0.113528516, -0.158074382, 0.679945512, -0.715860123, 0.427368164, -0.606445313, -0.670288086, -0.890051411, -0.411772896, -0.19479133, 1, 1, 
72.4008383, 0.1, 0.1, 0.131440155, 0.201161595, -0.0199613112, 0.848132372, -0.52978437, 1.93218455e-006, 0.52978437, 0.848132372, -2.7759008e-005, 1.30675403e-005, 2.45669545e-005, 1, 0.848132358, -0.529784393, 1.24030932e-005, 0.529784393, 0.848132358, -3.41146149e-006, -8.7121256e-006, 9.46433605e-006, 1, 0, 0, 0, 0, 0, 0, 0, 0.130045923, 0.00192429199, -0.130766553, -0.725299052, 0.630388477, -0.276420897, -0.466674805, -0.155151367, 0.870727539, 0.506044556, 0.760479729, 0.406893872, 0, 0, 0, 0, 0, 0, 0, 0.225915039, 0.0488169434, -0.113528516, -0.158074382, 0.679945512, -0.715860123, 0.427368164, -0.606445313, -0.670288086, -0.890051411, -0.411772896, -0.19479133, 1, 1, 
72.4016825, 0.1, 0.1, 0.131440147, 0.201161593, -0.0199597359, 0.84813248, -0.529784198, -6.16064752e-006, 0.529784198, 0.848132479, 3.39782503e-005, -1.27760948e-005, -3.20818714e-005, 0.999999999, 0.848132461, -0.529784228, -1.55365704e-006, 0.529784228, 0.84813246, 4.05533881e-005, -2.01668385e-005, -3.52177479e-005, 0.999999999, 0, 0, 0, 0, 0, 0, 0, 0.130045923, 0.00192429199, -0.130766553, -0.725299052, 0.630388477, -0.276420897, -0.466674805, -0.155151367, 0.870727539, 0.506044556, 0.760479729, 0.406893872, 0, 0, 0, 0, 0, 0, 0, 0.225915039, 0.0488169434, -0.113528516, -0.158074382, 0.679945512, -0.715860123, 0.427368164, -0.606445313, -0.670288086, -0.890051411, -0.411772896, -0.19479133, 1, 1, 
72.4026167, 0.1, 0.1, 0.131440133, 0.2011616, -0.0199584136, 0.848132335, -0.529784428, 3.74903419e-005, 0.529784429, 0.848132336, -6.20388399e-006, -2.85100501e-005, 2.5123514e-005, 0.999999999, 0.848132395, -0.529784332, 4.05380564e-005, 0.529784334, 0.848132395, -2.53079042e-005, -2.09739077e-005, 4.29408806e-005, 0.999999999, 0, 0, 0, 0, 0, 0, 0, 0.130664014, -0.00057421875, -0.130743115, -0.726371054, 0.629475234, -0.27574991, -0.463745117, -0.152954102, 0.872558594, 0.507079488, 0.761736699, 0.403327024, 0, 0, 0, 0, 0, 0, 0, 0.226333301, 0.0466555176, -0.113650098, -0.162431714, 0.675964045, -0.71861991, 0.4296875, -0.607177734, -0.668212891, -0.888300016, -0.417101073, -0.191890085, 1, 1, 
72.4034736, 0.1, 0.1, 0.131440124, 0.201161598, -0.019958296, 0.848131841, -0.529785221, 2.60170273e-005, 0.529785221, 0.848131841, -1.23666748e-005, -1.55141877e-005, 2.42720073e-005, 1, 0.848131947, -0.529785051, -1.00493593e-005, 0.529785051, 0.848131947, 2.61578723e-006, 7.1373777e-006, -7.54253305e-006, 1, 0, 0, 0, 0, 0, 0, 0, 0.130664014, -0.00057421875, -0.130743115, -0.726371054, 0.629475234, -0.27574991, -0.463745117, -0.152954102, 0.872558594, 0.507079488, 0.761736699, 0.403327024, 0, 0, 0, 0, 0, 0, 0, 0.226333301, 0.0466555176, -0.113650098, -0.162431714, 0.675964045, -0.71861991, 0.4296875, -0.607177734, -0.668212891, -0.888300016, -0.417101073, -0.191890085, 1, 1, 
72.4043346, 0.1, 0.1, 0.131440114, 0.201161601, -0.0199599156, 0.848131452, -0.529785844, -2.24845561e-005, 0.529785844, 0.848131451, 2.25712227e-005, 7.11194497e-006, -3.10553634e-005, 0.999999999, 0.848131497, -0.529785772, -2.09327007e-005, 0.529785772, 0.848131497, 2.898101e-006, 1.62183101e-005, -1.35478177e-005, 1, 0, 0, 0, 0, 0, 0, 0, 0.130664014, -0.00057421875, -0.130743115, -0.726371054, 0.629475234, -0.27574991, -0.463745117, -0.152954102, 0.872558594, 0.507079488, 0.761736699, 0.403327024, 0, 0, 0, 0, 0, 0, 0, 0.226333301, 0.0466555176, -0.113650098, -0.162431714, 0.675964045, -0.71861991, 0.4296875, -0.607177734, -0.668212891, -0.888300016, -0.417101073, -0.191890085, 1, 1, 
72.4052587, 0.1, 0.1, 0.131440101, 0.201161601, -0.0199613537, 0.848131489, -0.529785784, 4.36347479e-006, 0.529785784, 0.848131489, -3.00731624e-005, 1.22315335e-005, 2.78177029e-005, 1, 0.848131453, -0.529785842, 1.26664536e-005, 0.529785842, 0.848131453, -2.76516287e-005, 3.90662373e-006, 3.01627238e-005, 1, 0, 0, 0, 0, 0, 0, 0, 0.131319336, -0.00328852539, -0.130794141, -0.726744739, 0.628701655, -0.276475559, -0.461669922, -0.149047852, 0.874389648, 0.508621778, 0.763095142, 0.398745462, 0, 0, 0, 0, 0, 0, 0, 0.226637451, 0.0438285156, -0.11382124, -0.164853182, 0.671401457, -0.722293308, 0.430297852, -0.610107422, -0.665161133, -0.887449838, -0.420403703, -0.188471151, 1, 1, 
72.4061, 0.1, 0.1, 0.131440094, 0.201161597, -0.0199630705, 0.848131685, -0.529785471, -1.89321717e-005, 0.529785471, 0.848131685, 1.08951085e-005, 1.02849045e-005, -1.92704763e-005, 1, 0.848131655, -0.529785518, -8.77894472e-006, 0.529785518, 0.848131655, 3.48445375e-005, -1.10144304e-005, -3.42037131e-005, 0.999999999, 0, 0, 0, 0, 0, 0, 0, 0.131319336, -0.00328852539, -0.130794141, -0.726744739, 0.628701655, -0.276475559, -0.461669922, -0.149047852, 0.874389648, 0.508621778, 0.763095142, 0.398745462, 0, 0, 0, 0, 0, 0, 0, 0.226637451, 0.0438285156, -0.11382124, -0.164853182, 0.671401457, -0.722293308, 0.430297852, -0.610107422, -0.665161133, -0.887449838, -0.420403703, -0.188471151, 1, 1, 
72.4070133, 0.1, 0.1, 0.131440084, 0.201161599, -0.0199644368, 0.848131572, -0.529785652, -8.19106438e-006, 0.529785652, 0.848131571, 2.6398418e-005, -7.03840278e-006, -2.67288401e-005, 1, 0.848131626, -0.529785565, 1.67088142e-005, 0.529785565, 0.848131626, 4.84069473e-006, -1.67358039e-005, 4.74654228e-006, 1, 0, 0, 0, 0, 0, 0, 0, 0.131319336, -0.00328852539, -0.130794141, -0.726744739, 0.628701655, -0.276475559, -0.461669922, -0.149047852, 0.874389648, 0.508621778, 0.763095142, 0.398745462, 0, 0, 0, 0, 0, 0, 0, 0.226637451, 0.0438285156, -0.11382124, -0.164853182, 0.671401457, -0.722293308, 0.430297852, -0.610107422, -0.665161133, -0.887449838, -0.420403703, -0.188471151, 1, 1, 
72.4078682, 0.1, 0.1, 0.131440078, 0.201161598, -0.0199643329, 0.848131199, -0.529786249, 2.23533344e-005, 0.529786249, 0.848131198, -1.66576004e-005, -1.01335927e-005, 2.59703198e-005, 1, 0.848131272, -0.529786132, 9.20504466e-006, 0.529786132, 0.848131272, -6.74737135e-006, -4.23242245e-006, 1.05993617e-005, 1, 0, 0, 0, 0, 0, 0, 0, 0.131319336, -0.00328852539, -0.130794141, -0.726744739, 0.628701655, -0.276475559, -0.461669922, -0.149047852, 0.874389648, 0.508621778, 0.763095142, 0.398745462, 0, 0, 0, 0, 0, 0, 0, 0.226637451, 0.0438285156, -0.11382124, -0.164853182, 0.671401457, -0.722293308, 0.430297852, -0.610107422, -0.665161133, -0.887449838, -0.420403703, -0.188471151, 1, 1, 
72.4087109, 0.1, 0.1, 0.131440072, 0.201161599, -0.0199638153, 0.848131, -0.529786568, -5.08065721e-006, 0.529786568, 0.848130999, 2.12871052e-005, -6.96855952e-006, -2.07459177e-005, 1, 0.848131011, -0.529786548, -2.51424867e-005, 0.529786549, 0.848131011, 1.26027443e-005, 1.46473582e-005, -2.40089295e-005, 1, 0, 0, 0, 0, 0, 0, 0, 0.131319336, -0.00328852539, -0.130794141, -0.726744739, 0.628701655, -0.276475559, -0.461669922, -0.149047852, 0.874389648, 0.508621778, 0.763095142, 0.398745462, 0, 0, 0, 0, 0, 0, 0, 0.226637451, 0.0438285156, -0.11382124, -0.164853182, 0.671401457, -0.722293308, 0.430297852, -0.610107422, -0.665161133, -0.887449838, -0.420403703, -0.188471151, 1, 1, 
72.4096507, 0.1, 0.1, 0.131440061, 0.201161607, -0.0199622304, 0.848131188, -0.529786267, 6.45384506e-007, 0.529786267, 0.848131187, -2.70199012e-005, 1.37674018e-005, 2.32583367e-005, 1, 0.84813113, -0.529786359, 2.43039041e-006, 0.529786359, 0.848131129, -4.79866257e-005, 2.336137e-005, 4.19865388e-005, 0.999999999, 0, 0, 0, 0, 0, 0, 0, 0.131731152, -0.00556721191, -0.130838452, -0.727474135, 0.627706037, -0.277105727, -0.459594727, -0.145874023, 0.875976563, 0.509478854, 0.764612343, 0.394766737, 0, 0, 0, 0, 0, 0, 0, 0.226637451, 0.0438285156, -0.11382124, -0.168846309, 0.667030267, -0.72544282, 0.432495117, -0.611206055, -0.662719727, -0.885660164, -0.425527357, -0.185365382, 1, 1, 
72.4104998, 0.1, 0.1, 0.131440054, 0.201161606, -0.0199604416, 0.848131392, -0.52978594, -4.13310339e-006, 0.52978594, 0.848131392, -2.871665e-005, 1.87190921e-005, 2.21658323e-005, 1, 0.848131377, -0.529785964, -1.50686282e-005, 0.529785964, 0.848131377, -7.04814205e-007, 1.31535771e-005, -7.38537269e-006, 1, 0, 0, 0, 0, 0, 0, 0, 0.131731152, -0.00556721191, -0.130838452, -0.727474135, 0.627706037, -0.277105727, -0.459594727, -0.145874023, 0.875976563, 0.509478854, 0.764612343, 0.394766737, 0, 0, 0, 0, 0, 0, 0, 0.227080615, 0.0416456055, -0.114187549, -0.168846309, 0.667030267, -0.72544282, 0.432495117, -0.611206055, -0.662719727, -0.885660164, -0.425527357, -0.185365382, 1, 1, 
72.4113695, 0.1, 0.1, 0.131440043, 0.201161607, -0.0199593691, 0.848131236, -0.529786189, -2.57191996e-005, 0.529786189, 0.848131236, 2.7665345e-005, 7.15653882e-006, -3.708952e-005, 0.999999999, 0.848131303, -0.529786082, 2.22360991e-006, 0.529786081, 0.848131303, 2.65423465e-005, -1.59476789e-005, -2.13333573e-005, 1, 0, 0, 0, 0, 0, 0, 0, 0.131731152, -0.00556721191, -0.130838452, -0.727474135, 0.627706037, -0.277105727, -0.459594727, -0.145874023, 0.875976563, 0.509478854, 0.764612343, 0.394766737, 0, 0, 0, 0, 0, 0, 0, 0.227080615, 0.0416456055, -0.114187549, -0.168846309, 0.667030267, -0.72544282, 0.432495117, -0.611206055, -0.662719727, -0.885660164, -0.425527357, -0.185365382, 1, 1, 
72.4122727, 0.1, 0.1, 0.131440032, 0.201161607, -0.0199589466, 0.848130843, -0.529786817, 3.04318611e-005, 0.529786818, 0.848130843, -1.74213254e-005, -1.65806115e-005, 3.08979623e-005, 0.999999999, 0.848130908, -0.529786712, 3.91233218e-005, 0.529786713, 0.848130909, -1.42037807e-005, -2.56567242e-005, 3.27736814e-005, 0.999999999, 0, 0, 0, 0, 0, 0, 0, 0.131731152, -0.00556721191, -0.130838452, -0.727474135, 0.627706037, -0.277105727, -0.459594727, -0.145874023, 0.875976563, 0.509478854, 0.764612343, 0.394766737, 0, 0, 0, 0, 0, 0, 0, 0.227080615, 0.0416456055, -0.114187549, -0.168846309, 0.667030267, -0.72544282, 0.432495117, -0.611206055, -0.662719727, -0.885660164, -0.425527357, -0.185365382, 1, 1, 
72.4131149, 0.1, 0.1, 0.131440026, 0.201161604, -0.0199598813, 0.848130737, -0.529786989, 8.86834471e-006, 0.529786988, 0.848130737, 2.53001094e-005, -2.09251845e-005, -1.67594668e-005, 1, 0.848130727, -0.529787004, -5.26291614e-006, 0.529787004, 0.848130726, 3.62080937e-005, -1.47189366e-005, -3.34974214e-005, 0.999999999, 0, 0, 0, 0, 0, 0, 0, 0.131731152, -0.00556721191, -0.130838452, -0.727474135, 0.627706037, -0.277105727, -0.459594727, -0.145874023, 0.875976563, 0.509478854, 0.764612343, 0.394766737, 0, 0, 0, 0, 0, 0, 0, 0.227080615, 0.0416456055, -0.114187549, -0.168846309, 0.667030267, -0.72544282, 0.432495117, -0.611206055, -0.662719727, -0.885660164, -0.425527357, -0.185365382, 1, 1, 
72.4139968, 0.1, 0.1, 0.131440018, 0.201161607, -0.0199618088, 0.84813099, -0.529786584, -3.88774219e-006, 0.529786584, 0.848130989, 2.59690359e-005, -1.04607322e-005, -2.40848178e-005, 1, 0.848130919, -0.529786697, -6.13358369e-006, 0.529786696, 0.848130919, -1.55435137e-005, 1.34368288e-005, 9.93344356e-006, 1, 0, 0, 0, 0, 0, 0, 0, 0.131731152, -0.00556721191, -0.130838452, -0.727474135, 0.627706037, -0.277105727, -0.459594727, -0.145874023, 0.875976563, 0.509478854, 0.764612343, 0.394766737, 0, 0, 0, 0, 0, 0, 0, 0.227080615, 0.0416456055, -0.114187549, -0.168846309, 0.667030267, -0.72544282, 0.432495117, -0.611206055, -0.662719727, -0.885660164, -0.425527357, -0.185365382, 1, 1, 
72.414914, 0.1, 0.1, 0.131440012, 0.201161604, -0.0199626286, 0.848131182, -0.529786275, 3.5386839e-006, 0.529786275, 0.848131182, -2.47921014e-005, 1.01332469e-005, 2.29017004e-005, 1, 0.848131178, -0.529786282, -1.14144994e-005, 0.529786282, 0.848131178, -1.61179801e-005, 1.82200776e-005, 7.6229163e-006, 1, 0, 0, 0, 0, 0, 0, 0, 0.132184229, -0.0082550293, -0.130652075, -0.727447926, 0.627478007, -0.277596231, -0.457641602, -0.142211914, 0.877685547, 0.51120499, 0.765513603, 0.390889483, 0, 0, 0, 0, 0, 0, 0, 0.227613379, 0.0394944336, -0.11391123, -0.171491258, 0.662972241, -0.728573375, 0.435302734, -0.612548828, -0.659667969, -0.883851533, -0.430127124, -0.18360779, 1, 1, 
72.4157568, 0.1, 0.1, 0.131440005, 0.201161603, -0.0199634356, 0.848131006, -0.529786557, -2.86194666e-005, 0.529786557, 0.848131006, 1.32587962e-005, 1.7248725e-005, -2.64074049e-005, 1, 0.848131064, -0.529786465, -2.46906061e-005, 0.529786465, 0.848131064, 1.93562322e-005, 1.06862001e-005, -2.94973707e-005, 1, 0, 0, 0, 0, 0, 0, 0, 0.132184229, -0.0082550293, -0.130652075, -0.727447926, 0.627478007, -0.277596231, -0.457641602, -0.142211914, 0.877685547, 0.51120499, 0.765513603, 0.390889483, 0, 0, 0, 0, 0, 0, 0, 0.227613379, 0.0394944336, -0.11391123, -0.171491258, 0.662972241, -0.728573375, 0.435302734, -0.612548828, -0.659667969, -0.883851533, -0.430127124, -0.18360779, 1, 1, 
72.4166438, 0.1, 0.1, 0.131439994, 0.201161608, -0.019963802, 0.8481307, -0.529787048, 2.42788299e-006, 0.529787048, 0.848130699, -2.33165328e-005, 1.0293635e-005, 2.10617283e-005, 1, 0.848130749, -0.529786969, 2.72854253e-005, 0.529786969, 0.848130748, -2.5362532e-005, -9.7048692e-006, 3.59662061e-005, 0.999999999, 0, 0, 0, 0, 0, 0, 0, 0.132184229, -0.0082550293, -0.130652075, -0.727447926, 0.627478007, -0.277596231, -0.457641602, -0.142211914, 0.877685547, 0.51120499, 0.765513603, 0.390889483, 0, 0, 0, 0, 0, 0, 0, 0.227613379, 0.0394944336, -0.11391123, -0.171491258, 0.662972241, -0.728573375, 0.435302734, -0.612548828, -0.659667969, -0.883851533, -0.430127124, -0.18360779, 1, 1, 
72.4175484, 0.1, 0.1, 0.131439986, 0.201161605, -0.0199627124, 0.848130725, -0.529787007, 2.45505401e-005, 0.529787007, 0.848130725, -1.00948087e-005, -1.54739689e-005, 2.15682745e-005, 1, 0.848130692, -0.529787061, 1.58297456e-005, 0.529787061, 0.848130692, 1.88946819e-005, -2.34358511e-005, -7.63876528e-006, 1, 0, 0, 0, 0, 0, 0, 0, 0.132184229, -0.0082550293, -0.130652075, -0.727447926, 0.627478007, -0.277596231, -0.457641602, -0.142211914, 0.877685547, 0.51120499, 0.765513603, 0.390889483, 0, 0, 0, 0, 0, 0, 0, 0.228177393, 0.0369072754, -0.113864502, -0.17345264, 0.658652457, -0.732023293, 0.436645508, -0.614746094, -0.656616211, -0.882707513, -0.433404234, -0.181147309, 1, 1, 
72.4183989, 0.1, 0.1, 0.131439977, 0.201161607, -0.0199617077, 0.848131031, -0.529786517, 3.30660924e-006, 0.529786517, 0.848131031, 3.71358003e-005, -2.24784842e-005, -2.97442276e-005, 0.999999999, 0.848130971, -0.529786613, 6.1538211e-006, 0.529786613, 0.848130971, 2.08461235e-005, -1.62632435e-005, -1.4420031e-005, 1, 0, 0, 0, 0, 0, 0, 0, 0.132184229, -0.0082550293, -0.130652075, -0.727447926, 0.627478007, -0.277596231, -0.457641602, -0.142211914, 0.877685547, 0.51120499, 0.765513603, 0.390889483, 0, 0, 0, 0, 0, 0, 0, 0.228177393, 0.0369072754, -0.113864502, -0.17345264, 0.658652457, -0.732023293, 0.436645508, -0.614746094, -0.656616211, -0.882707513, -0.433404234, -0.181147309, 1, 1, 
72.4193129, 0.1, 0.1, 0.131439968, 0.20116161, -0.0199608291, 0.848131153, -0.529786321, 3.27040528e-005, 0.529786321, 0.848131154, -1.42952382e-005, -2.01639044e-005, 2.94503967e-005, 0.999999999, 0.848131163, -0.529786306, 1.2636511e-005, 0.529786306, 0.848131163, -3.10008332e-005, 5.70639815e-006, 3.29874232e-005, 0.999999999, 0, 0, 0, 0, 0, 0, 0, 0.132184229, -0.0082550293, -0.130652075, -0.727015831, 0.626945562, -0.280009824, -0.45703125, -0.137329102, 0.87878418, 0.512372472, 0.766833854, 0.386575265, 0, 0, 0, 0, 0, 0, 0, 0.228177393, 0.0369072754, -0.113864502, -0.17345264, 0.658652457, -0.732023293, 0.436645508, -0.614746094, -0.656616211, -0.882707513, -0.433404234, -0.181147309, 1, 1, 
72.4201576, 0.1, 0.1, 0.131439963, 0.201161606, -0.0199601796, 0.8481309, -0.529786727, -1.66244427e-005, 0.529786727, 0.8481309, 1.05510936e-005, 8.50987424e-006, -1.77561176e-005, 1, 0.848130968, -0.529786617, -3.12475045e-005, 0.529786618, 0.848130968, 2.10630324e-005, 1.53430636e-005, -3.44187198e-005, 0.999999999, 0, 0, 0, 0, 0, 0, 0, 0.13287959, -0.0109571289, -0.130565308, -0.727015831, 0.626945562, -0.280009824, -0.45703125, -0.137329102, 0.87878418, 0.512372472, 0.766833854, 0.386575265, 0, 0, 0, 0, 0, 0, 0, 0.228177393, 0.0369072754, -0.113864502, -0.17345264, 0.658652457, -0.732023293, 0.436645508, -0.614746094, -0.656616211, -0.882707513, -0.433404234, -0.181147309, 1, 1, 
72.4210019, 0.1, 0.1, 0.131439954, 0.201161609, -0.0199606507, 0.848130617, -0.529787179, -2.76368061e-005, 0.529787179, 0.848130618, 6.21550719e-006, 2.01467254e-005, -1.99131875e-005, 1, 0.848130647, -0.529787133, -5.752093e-006, 0.529787133, 0.848130647, -1.58550929e-005, 1.32783506e-005, 1.03998054e-005, 1, 0, 0, 0, 0, 0, 0, 0, 0.13287959, -0.0109571289, -0.130565308, -0.727015831, 0.626945562, -0.280009824, -0.45703125, -0.137329102, 0.87878418, 0.512372472, 0.766833854, 0.386575265, 0, 0, 0, 0, 0, 0, 0, 0.228177393, 0.0369072754, -0.113864502, -0.17345264, 0.658652457, -0.732023293, 0.436645508, -0.614746094, -0.656616211, -0.882707513, -0.433404234, -0.181147309, 1, 1, 
72.4219402, 0.1, 0.1, 0.131439946, 0.201161608, -0.019961146, 0.848130727, -0.529787005, 9.52756784e-006, 0.529787005, 0.848130726, -3.82734445e-005, 1.21961505e-005, 3.75084659e-005, 0.999999999, 0.84813067, -0.529787095, 2.15114485e-005, 0.529787095, 0.84813067, -1.49189168e-005, -1.03406697e-005, 2.40496787e-005, 1, 0, 0, 0, 0, 0, 0, 0, 0.133543823, -0.0134699219, -0.130234302, -0.727161486, 0.625727905, -0.282023521, -0.455932617, -0.133178711, 0.880004883, 0.513013501, 0.768509815, 0.382444894, 0, 0, 0, 0, 0, 0, 0, 0.228680127, 0.0345064941, -0.114022461, -0.176423514, 0.654057786, -0.735428367, 0.438354492, -0.616821289, -0.653686523, -0.881301366, -0.437569435, -0.177945658, 1, 1, 
72.4227838, 0.1, 0.1, 0.131439939, 0.201161608, -0.0199616673, 0.848131043, -0.529786498, -8.99586403e-006, 0.529786498, 0.848131043, 2.87123849e-005, -7.58176229e-006, -2.91177522e-005, 1, 0.848130987, -0.529786588, -2.34253923e-006, 0.529786588, 0.848130986, 3.29923184e-005, -1.54921077e-005, -2.92228534e-005, 0.999999999, 0, 0, 0, 0, 0, 0, 0, 0.133543823, -0.0134699219, -0.130234302, -0.727161486, 0.625727905, -0.282023521, -0.455932617, -0.133178711, 0.880004883, 0.513013501, 0.768509815, 0.382444894, 0, 0, 0, 0, 0, 0, 0, 0.228680127, 0.0345064941, -0.114022461, -0.176423514, 0.654057786, -0.735428367, 0.438354492, -0.616821289, -0.653686523, -0.881301366, -0.437569435, -0.177945658, 1, 1, 
72.4236378, 0.1, 0.1, 0.131439932, 0.201161611, -0.0199626515, 0.84813112, -0.529786374, 1.934061e-005, 0.529786374, 0.84813112, 3.60782961e-006, -1.83147522e-005, 7.18647906e-006, 1, 0.848131136, -0.529786348, 2.21118865e-005, 0.529786349, 0.848131136, -1.52690246e-005, -1.06644586e-005, 2.46647108e-005, 1, 0, 0, 0, 0, 0, 0, 0, 0.133543823, -0.0134699219, -0.130234302, -0.727161486, 0.625727905, -0.282023521, -0.455932617, -0.133178711, 0.880004883, 0.513013501, 0.768509815, 0.382444894, 0, 0, 0, 0, 0, 0, 0, 0.228680127, 0.0345064941, -0.114022461, -0.176423514, 0.654057786, -0.735428367, 0.438354492, -0.616821289, -0.653686523, -0.881301366, -0.437569435, -0.177945658, 1, 1, 
72.424538, 0.1, 0.1, 0.131439929, 0.201161607, -0.0199628786, 0.848130836, -0.529786829, 1.23094618e-005, 0.529786829, 0.848130836, -5.01656913e-007, -1.01742629e-005, 6.94686145e-006, 1, 0.848130903, -0.529786723, -2.21748076e-005, 0.529786723, 0.848130903, 1.41619975e-005, 1.13043013e-005, -2.37591464e-005, 1, 0, 0, 0, 0, 0, 0, 0, 0.133543823, -0.0134699219, -0.130234302, -0.727161486, 0.625727905, -0.282023521, -0.455932617, -0.133178711, 0.880004883, 0.513013501, 0.768509815, 0.382444894, 0, 0, 0, 0, 0, 0, 0, 0.228680127, 0.0345064941, -0.114022461, -0.176423514, 0.654057786, -0.735428367, 0.438354492, -0.616821289, -0.653686523, -0.881301366, -0.437569435, -0.177945658, 1, 1, 
72.4253866, 0.1, 0.1, 0.131439923, 0.201161608, -0.0199629777, 0.848130641, -0.529787141, -2.34040468e-005, 0.529787142, 0.848130641, 2.00807608e-005, 9.21116035e-006, -2.94302716e-005, 1, 0.848130652, -0.529787124, -2.42559936e-005, 0.529787124, 0.848130652, 6.19826824e-006, 1.7288489e-005, -1.81074544e-005, 1, 0, 0, 0, 0, 0, 0, 0, 0.133543823, -0.0134699219, -0.130234302, -0.727161486, 0.625727905, -0.282023521, -0.455932617, -0.133178711, 0.880004883, 0.513013501, 0.768509815, 0.382444894, 0, 0, 0, 0, 0, 0, 0, 0.228680127, 0.0345064941, -0.114022461, -0.176423514, 0.654057786, -0.735428367, 0.438354492, -0.616821289, -0.653686523, -0.881301366, -0.437569435, -0.177945658, 1, 1, 
72.4262344, 0.1, 0.1, 0.131439914, 0.201161611, -0.0199631045, 0.848130792, -0.529786901, 5.30515429e-006, 0.529786901, 0.848130791, -3.98310167e-005, 1.66024862e-005, 3.6592513e-005, 0.999999999, 0.848130737, -0.529786988, 1.12175385e-005, 0.529786988, 0.848130737, -3.6798078e-005, 9.98120375e-006, 3.7152487e-005, 0.999999999, 0, 0, 0, 0, 0, 0, 0, 0.133543823, -0.0134699219, -0.130234302, -0.727161486, 0.625727905, -0.282023521, -0.455932617, -0.133178711, 0.880004883, 0.513013501, 0.768509815, 0.382444894, 0, 0, 0, 0, 0, 0, 0, 0.228680127, 0.0345064941, -0.114022461, -0.176423514, 0.654057786, -0.735428367, 0.438354492, -0.616821289, -0.653686523, -0.881301366, -0.437569435, -0.177945658, 1, 1, 
72.4271354, 0.1, 0.1, 0.131439908, 0.201161608, -0.0199625954, 0.848131079, -0.529786441, -1.29320198e-005, 0.529786441, 0.848131079, 3.09028208e-006, 9.33085833e-006, -9.472173e-006, 1, 0.848131035, -0.529786511, -3.12456349e-006, 0.52978651, 0.848131035, 2.81509764e-005, -1.22639683e-005, -2.55310684e-005, 1, 0, 0, 0, 0, 0, 0, 0, 0.134239795, -0.0161516357, -0.130096021, -0.726754478, 0.625620442, -0.283434382, -0.454589844, -0.12878418, 0.881347656, 0.514802917, 0.769391979, 0.378219043, 0, 0, 0, 0, 0, 0, 0, 0.229270752, 0.031917627, -0.113759326, -0.178033451, 0.649750761, -0.738827246, 0.440307617, -0.618896484, -0.650268555, -0.879997665, -0.440967947, -0.175970783, 1, 1, 
72.4279871, 0.1, 0.1, 0.131439898, 0.201161612, -0.0199620065, 0.848131044, -0.529786497, -2.71194625e-007, 0.529786497, 0.848131043, 1.73642505e-005, -8.96933685e-006, -1.48708351e-005, 1, 0.848131077, -0.529786443, 2.3533565e-005, 0.529786444, 0.848131077, -3.34866073e-006, -1.81854728e-005, 1.53078669e-005, 1, 0, 0, 0, 0, 0, 0, 0, 0.134239795, -0.0161516357, -0.130096021, -0.726754478, 0.625620442, -0.283434382, -0.454589844, -0.12878418, 0.881347656, 0.514802917, 0.769391979, 0.378219043, 0, 0, 0, 0, 0, 0, 0, 0.229270752, 0.031917627, -0.113759326, -0.178033451, 0.649750761, -0.738827246, 0.440307617, -0.618896484, -0.650268555, -0.879997665, -0.440967947, -0.175970783, 1, 1, 
72.4288358, 0.1, 0.1, 0.131439894, 0.201161612, -0.0199618196, 0.848130732, -0.529786995, 2.8899198e-005, 0.529786996, 0.848130732, -2.06927491e-005, -1.35475486e-005, 3.28605757e-005, 0.999999999, 0.848130796, -0.529786894, 1.5676138e-005, 0.529786894, 0.848130796, -1.20960462e-005, -6.88708863e-006, 1.85640417e-005, 1, 0, 0, 0, 0, 0, 0, 0, 0.134239795, -0.0161516357, -0.130096021, -0.726754478, 0.625620442, -0.283434382, -0.454589844, -0.12878418, 0.881347656, 0.514802917, 0.769391979, 0.378219043, 0, 0, 0, 0, 0, 0, 0, 0.229270752, 0.031917627, -0.113759326, -0.178033451, 0.649750761, -0.738827246, 0.440307617, -0.618896484, -0.650268555, -0.879997665, -0.440967947, -0.175970783, 1, 1, 
72.4297065, 0.1, 0.1, 0.13143989, 0.201161612, -0.019961862, 0.848130588, -0.529787226, -6.11701747e-006, 0.529787226, 0.848130588, 3.16227117e-005, -1.15652791e-005, -3.00609068e-005, 0.999999999, 0.848130585, -0.529787232, -2.62982983e-005, 0.529787232, 0.848130584, 2.07073712e-005, 1.13338903e-005, -3.14950575e-005, 0.999999999, 0, 0, 0, 0, 0, 0, 0, 0.134239795, -0.0161516357, -0.130096021, -0.726754478, 0.625620442, -0.283434382, -0.454589844, -0.12878418, 0.881347656, 0.514802917, 0.769391979, 0.378219043, 0, 0, 0, 0, 0, 0, 0, 0.230043359, 0.0295383301, -0.113483008, -0.180435597, 0.645545814, -0.741957801, 0.443115234, -0.620117188, -0.647216797, -0.878163515, -0.445337671, -0.174213192, 1, 1, 
72.430559, 0.1, 0.1, 0.131439882, 0.201161616, -0.0199620321, 0.848130813, -0.529786867, -9.69446988e-007, 0.529786867, 0.848130813, -1.33307148e-005, 7.8846555e-006, 1.07925897e-005, 1, 0.848130751, -0.529786966, 1.14755772e-006, 0.529786966, 0.84813075, -3.1958376e-005, 1.59578521e-005, 2.77128426e-005, 0.999999999, 0, 0, 0, 0, 0, 0, 0, 0.134239795, -0.0161516357, -0.130096021, -0.726754478, 0.625620442, -0.283434382, -0.454589844, -0.12878418, 0.881347656, 0.514802917, 0.769391979, 0.378219043, 0, 0, 0, 0, 0, 0, 0, 0.230043359, 0.0295383301, -0.113483008, -0.180435597, 0.645545814, -0.741957801, 0.443115234, -0.620117188, -0.647216797, -0.878163515, -0.445337671, -0.174213192, 1, 1, 
72.4314067, 0.1, 0.1, 0.131439877, 0.201161612, -0.0199625136, 0.848131065, -0.529786463, -4.11269272e-006, 0.529786463, 0.848131065, -1.6475177e-005, 1.22164282e-005, 1.17942605e-005, 1, 0.84813104, -0.529786504, -1.48755294e-005, 0.529786504, 0.84813104, 1.16121617e-005, 6.46443165e-006, -1.77294895e-005, 1, 0, 0, 0, 0, 0, 0, 0, 0.134239795, -0.0161516357, -0.130096021, -0.726754478, 0.625620442, -0.283434382, -0.454589844, -0.12878418, 0.881347656, 0.514802917, 0.769391979, 0.378219043, 0, 0, 0, 0, 0, 0, 0, 0.230043359, 0.0295383301, -0.113483008, -0.180435597, 0.645545814, -0.741957801, 0.443115234, -0.620117188, -0.647216797, -0.878163515, -0.445337671, -0.174213192, 1, 1, 
72.4322785, 0.1, 0.1, 0.131439868, 0.201161611, -0.0199628576, 0.848130966, -0.529786622, -1.92892078e-005, 0.529786622, 0.848130965, 2.60801808e-005, 2.54284358e-006, -3.23385732e-005, 0.999999999, 0.848131019, -0.529786537, 6.38706271e-006, 0.529786537, 0.848131018, 2.65618148e-005, -1.94891579e-005, -1.91441192e-005, 1, 0, 0, 0, 0, 0, 0, 0, 0.13514082, -0.0188720459, -0.129773193, -0.726639902, 0.624726295, -0.285631927, -0.454101562, -0.124633789, 0.882202148, 0.515526321, 0.770769517, 0.374488566, 0, 0, 0, 0, 0, 0, 0, 0.230043359, 0.0295383301, -0.113483008, -0.180435597, 0.645545814, -0.741957801, 0.443115234, -0.620117188, -0.647216797, -0.878163515, -0.445337671, -0.174213192, 1, 1, 
72.433142, 0.1, 0.1, 0.131439859, 0.201161612, -0.0199629936, 0.84813066, -0.529787111, 2.92851814e-005, 0.529787112, 0.84813066, -1.92178089e-005, -1.46563128e-005, 3.18141246e-005, 0.999999999, 0.848130712, -0.529787027, 3.71429882e-005, 0.529787028, 0.848130712, -1.52175652e-005, -2.34400404e-005, 3.25843577e-005, 0.999999999, 0, 0, 0, 0, 0, 0, 0, 0.13514082, -0.0188720459, -0.129773193, -0.726639902, 0.624726295, -0.285631927, -0.454101562, -0.124633789, 0.882202148, 0.515526321, 0.770769517, 0.374488566, 0, 0, 0, 0, 0, 0, 0, 0.230043359, 0.0295383301, -0.113483008, -0.180435597, 0.645545814, -0.741957801, 0.443115234, -0.620117188, -0.647216797, -0.878163515, -0.445337671, -0.174213192, 1, 1, 
