time, realDorsalTactorPos, realVentralTactorPos, boxPosX, boxPosY, boxPosZ, boxLocalRot_11, boxLocalRot_12, boxLocalRot_13, boxLocalRot_21, boxLocalRot_22, boxLocalRot_23, boxLocalRot_31, boxLocalRot_32, boxLocalRot_33, boxGlobalRot_11, boxGlobalRot_12, boxGlobalRot_13, boxGlobalRot_21, boxGlobalRot_22, boxGlobalRot_23, boxGlobalRot_31, boxGlobalRot_32, boxGlobalRot_33, indexForceX, indexForceY, indexForceZ, indexForceGlobalX, indexForceGlobalY, indexForceGlobalZ, indexContact, indexPosX, indexPosY, indexPosZ, indexRot_11, indexRot_12, indexRot_13, indexRot_21, indexRot_22, indexRot_23, indexRot_31, indexRot_32, indexRot_33, thumbForceX, thumbForceY, thumbForceZ, thumbForceGlobalX, thumbForceGlobalY, thumbForceGlobalZ, thumbContact, thumbPosX, thumbPosY, thumbPosZ, thumbRot_11, thumbRot_12, thumbRot_13, thumbRot_21, thumbRot_22, thumbRot_23, thumbRot_31, thumbRot_32, thumbRot_33, mapping, trialSuccess, 
300.378796, 0.1, 0.1, 0.101393889, 0.210156178, -0.0199584149, 0.992222493, -7.86995756e-006, 0.124477002, 0.124477002, 1.33824562e-005, -0.992222493, 6.14294088e-006, 1, 1.42580028e-005, 0.992222487, 1.2754623e-005, 0.124477049, 0.124477049, 1.59195786e-005, -0.992222487, -1.46370459e-005, 1, 1.4208106e-005, 0, 0, 0, 0, 0, 0, 0, 0.130324097, -0.0537014893, -0.170270801, -0.0866536584, 0.753547169, -0.651631923, -0.58984375, 0.48828125, 0.643188477, 0.802859092, 0.44015054, 0.402300838, 0, 0, 0, 0, 0, 0, 0, 0.208574023, -0.0169240234, -0.138262061, -0.0704330238, 0.31119712, -0.94761127, 0.413574219, -0.85534668, -0.311645508, -0.907597844, -0.413829843, -0.0685440523, 5, 1, 
300.398071, 0.1, 0.1, 0.101393573, 0.210156009, -0.0199541375, 0.992225008, -9.13885355e-006, 0.124456954, 0.124456954, -3.90496835e-006, -0.992225008, 9.5537995e-006, 1, -2.73721338e-006, 0.992224953, -1.52926297e-006, 0.124457393, 0.124457393, 1.23195596e-005, -0.992224953, -1.58873982e-008, 1, 1.24141025e-005, 0, 0, 0, 0, 0, 0, 0, 0.136448193, -0.0683014893, -0.167531763, -0.0849765755, 0.747448406, -0.658780967, -0.585205078, 0.497680664, 0.640136719, 0.806424818, 0.43988057, 0.39539966, 0, 0, 0, 0, 0, 0, 0, 0.213343848, -0.0314206543, -0.135439648, -0.079996031, 0.280114278, -0.956535187, 0.438964844, -0.85168457, -0.286132812, -0.894855773, -0.442750008, -0.0548756112, 5, 1, 
300.398998, 0.1, 0.1, 0.101393562, 0.210156, -0.0199570862, 0.992225257, -3.74353895e-006, 0.124454972, 0.124454972, 1.92978515e-005, -0.992225256, 1.31272033e-006, 1, 1.96137177e-005, 0.992225215, -1.10755548e-005, 0.124455307, 0.124455307, 1.56389974e-005, -0.992225214, 9.04308854e-006, 1, 1.68958191e-005, 0, 0, 0, 0, 0, 0, 0, 0.136448193, -0.0683014893, -0.167531763, -0.0849765755, 0.747448406, -0.658780967, -0.585205078, 0.497680664, 0.640136719, 0.806424818, 0.43988057, 0.39539966, 0, 0, 0, 0, 0, 0, 0, 0.213995752, -0.0342986816, -0.134821924, -0.0805964758, 0.274465639, -0.95816408, 0.440917969, -0.852294922, -0.28125, -0.893814198, -0.445062102, -0.0522237325, 5, 1, 
300.399845, 0.1, 0.1, 0.101393549, 0.210155997, -0.0199612523, 0.992225498, -1.34141366e-005, 0.124453044, 0.124453044, -1.17979608e-005, -0.992225498, 1.47781405e-005, 1, -1.00368074e-005, 0.992225445, -2.39423924e-006, 0.124453468, 0.124453467, -2.98085302e-005, -0.992225445, 6.08540004e-006, 1, -2.92788108e-005, 0, 0, 0, 0, 0, 0, 0, 0.136448193, -0.0683014893, -0.167531763, -0.0849765755, 0.747448406, -0.658780967, -0.585205078, 0.497680664, 0.640136719, 0.806424818, 0.43988057, 0.39539966, 0, 0, 0, 0, 0, 0, 0, 0.213995752, -0.0342986816, -0.134821924, -0.0805964758, 0.274465639, -0.95816408, 0.440917969, -0.852294922, -0.28125, -0.893814198, -0.445062102, -0.0522237325, 5, 1, 
300.400719, 0.1, 0.1, 0.101393538, 0.210155984, -0.0199656714, 0.992225796, -1.21973618e-005, 0.124450669, 0.124450669, -7.41223382e-007, -0.992225796, 1.21947828e-005, 1, 7.8250888e-007, 0.992225735, 5.94172399e-006, 0.124451161, 0.124451161, 2.94354393e-005, -0.992225734, -9.55880606e-006, 1, 2.8467146e-005, 0, 0, 0, 0, 0, 0, 0, 0.136448193, -0.0683014893, -0.167531763, -0.0849765755, 0.747448406, -0.658780967, -0.585205078, 0.497680664, 0.640136719, 0.806424818, 0.43988057, 0.39539966, 0, 0, 0, 0, 0, 0, 0, 0.213995752, -0.0342986816, -0.134821924, -0.0805964758, 0.274465639, -0.95816408, 0.440917969, -0.852294922, -0.28125, -0.893814198, -0.445062102, -0.0522237325, 5, 1, 
300.401632, 0.1, 0.1, 0.101393527, 0.210155992, -0.0199676696, 0.992226004, 8.18626407e-006, 0.12444901, 0.12444901, -4.69836091e-005, -0.992226003, -2.27556044e-006, 0.999999999, -4.76371312e-005, 0.992225974, 1.74736374e-005, 0.124449252, 0.124449253, -6.7024859e-005, -0.992225972, -8.99660329e-006, 0.999999998, -6.86783871e-005, 0, 0, 0, 0, 0, 0, 0, 0.137039453, -0.0712751709, -0.167181958, -0.0823098657, 0.746228505, -0.66052732, -0.581665039, 0.502075195, 0.639892578, 0.809215843, 0.436860393, 0.392957233, 0, 0, 0, 0, 0, 0, 0, 0.213995752, -0.0342986816, -0.134821924, -0.0805964758, 0.274465639, -0.95816408, 0.440917969, -0.852294922, -0.28125, -0.893814198, -0.445062102, -0.0522237325, 5, 1, 
300.402476, 0.1, 0.1, 0.10139352, 0.210155976, -0.0199677582, 0.992226187, 8.99942749e-007, 0.124447554, 0.124447554, 7.23109759e-005, -0.992226184, -9.89187085e-006, 0.999999997, 7.16368483e-005, 0.992226146, -4.92972335e-006, 0.124447884, 0.124447884, 7.17990845e-005, -0.992226143, -4.04384374e-006, 0.999999997, 7.18544225e-005, 0, 0, 0, 0, 0, 0, 0, 0.137039453, -0.0712751709, -0.167181958, -0.0823098657, 0.746228505, -0.66052732, -0.581665039, 0.502075195, 0.639892578, 0.809215843, 0.436860393, 0.392957233, 0, 0, 0, 0, 0, 0, 0, 0.213995752, -0.0342986816, -0.134821924, -0.0805964758, 0.274465639, -0.95816408, 0.440917969, -0.852294922, -0.28125, -0.893814198, -0.445062102, -0.0522237325, 5, 1, 
300.40339, 0.1, 0.1, 0.101393511, 0.21015597, -0.0199655098, 0.992226371, 1.63730381e-005, 0.124446085, 0.124446085, -4.77481685e-005, -0.99222637, -1.03036875e-005, 0.999999999, -4.94145524e-005, 0.992226346, -8.01756268e-006, 0.124446288, 0.124446288, -4.08037987e-005, -0.992226345, 1.30331182e-005, 0.999999999, -3.94888482e-005, 0, 0, 0, 0, 0, 0, 0, 0.137039453, -0.0712751709, -0.167181958, -0.0805073458, 0.7454729, -0.661510956, -0.581298828, 0.50402832, 0.638793945, 0.809671903, 0.435991333, 0.392989433, 0, 0, 0, 0, 0, 0, 0, 0.213995752, -0.0342986816, -0.134821924, -0.0805964758, 0.274465639, -0.95816408, 0.440917969, -0.852294922, -0.28125, -0.893814198, -0.445062102, -0.0522237325, 5, 1, 
300.404255, 0.1, 0.1, 0.101393501, 0.210155963, -0.0199620026, 0.99222646, -8.71779843e-006, 0.124445376, 0.124445376, 2.88167002e-005, -0.99222646, 5.06392519e-006, 1, 2.96775822e-005, 0.992226443, -1.71845379e-005, 0.124445515, 0.124445515, 2.58417747e-005, -0.992226442, 1.383506e-005, 1, 2.77794309e-005, 0, 0, 0, 0, 0, 0, 0, 0.138025928, -0.0737720947, -0.16633916, -0.0805073458, 0.7454729, -0.661510956, -0.581298828, 0.50402832, 0.638793945, 0.809671903, 0.435991333, 0.392989433, 0, 0, 0, 0, 0, 0, 0, 0.214671338, -0.0369859375, -0.133996338, -0.0811903574, 0.269059436, -0.959678135, 0.4453125, -0.8515625, -0.276367187, -0.891667248, -0.449680826, -0.0506644681, 5, 1, 
300.405125, 0.1, 0.1, 0.10139349, 0.210155958, -0.0199589185, 0.992226591, -1.75738414e-005, 0.124444336, 0.124444336, -4.09987612e-007, -0.992226591, 1.74882534e-005, 1, 1.78016442e-006, 0.992226559, -7.55155876e-006, 0.124444587, 0.124444587, -2.00285567e-005, -0.992226559, 9.98530263e-006, 1, -1.89331153e-005, 0, 0, 0, 0, 0, 0, 0, 0.138025928, -0.0737720947, -0.16633916, -0.0805073458, 0.7454729, -0.661510956, -0.581298828, 0.50402832, 0.638793945, 0.809671903, 0.435991333, 0.392989433, 0, 0, 0, 0, 0, 0, 0, 0.214671338, -0.0369859375, -0.133996338, -0.0811903574, 0.269059436, -0.959678135, 0.4453125, -0.8515625, -0.276367187, -0.891667248, -0.449680826, -0.0506644681, 5, 1, 
300.405967, 0.1, 0.1, 0.101393479, 0.21015595, -0.0199575168, 0.99222674, -1.51058579e-005, 0.124443147, 0.124443148, 1.97276743e-005, -0.99222674, 1.25334623e-005, 1, 2.14541465e-005, 0.992226716, 9.8073249e-006, 0.124443336, 0.124443336, 2.03186193e-005, -0.992226716, -1.22596066e-005, 1, 1.89402206e-005, 0, 0, 0, 0, 0, 0, 0, 0.138025928, -0.0737720947, -0.16633916, -0.0805073458, 0.7454729, -0.661510956, -0.581298828, 0.50402832, 0.638793945, 0.809671903, 0.435991333, 0.392989433, 0, 0, 0, 0, 0, 0, 0, 0.214671338, -0.0369859375, -0.133996338, -0.0811903574, 0.269059436, -0.959678135, 0.4453125, -0.8515625, -0.276367187, -0.891667248, -0.449680826, -0.0506644681, 5, 1, 
300.406814, 0.1, 0.1, 0.101393469, 0.210155947, -0.019958187, 0.992226802, 1.05673741e-005, 0.124442652, 0.124442652, -3.4886941e-006, -0.992226802, -1.00510894e-005, 1, -4.77660785e-006, 0.992226795, 2.18413819e-005, 0.124442702, 0.124442703, -2.40849917e-005, -0.992226795, -1.86744029e-005, 0.999999999, -2.66157747e-005, 0, 0, 0, 0, 0, 0, 0, 0.138025928, -0.0737720947, -0.16633916, -0.0805073458, 0.7454729, -0.661510956, -0.581298828, 0.50402832, 0.638793945, 0.809671903, 0.435991333, 0.392989433, 0, 0, 0, 0, 0, 0, 0, 0.214671338, -0.0369859375, -0.133996338, -0.0811903574, 0.269059436, -0.959678135, 0.4453125, -0.8515625, -0.276367187, -0.891667248, -0.449680826, -0.0506644681, 5, 1, 
300.407654, 0.1, 0.1, 0.101393463, 0.210155933, -0.0199605468, 0.992226839, 1.00269853e-005, 0.124442358, 0.124442358, 9.08433785e-006, -0.992226839, -1.10795204e-005, 1, 7.76594213e-006, 0.992226826, 5.07298774e-007, 0.124442459, 0.124442459, 3.78420903e-005, -0.992226825, -5.21251822e-006, 0.999999999, 3.74848076e-005, 0, 0, 0, 0, 0, 0, 0, 0.138025928, -0.0737720947, -0.16633916, -0.0805073458, 0.7454729, -0.661510956, -0.581298828, 0.50402832, 0.638793945, 0.809671903, 0.435991333, 0.392989433, 0, 0, 0, 0, 0, 0, 0, 0.214671338, -0.0369859375, -0.133996338, -0.0811903574, 0.269059436, -0.959678135, 0.4453125, -0.8515625, -0.276367187, -0.891667248, -0.449680826, -0.0506644681, 5, 1, 
300.408535, 0.1, 0.1, 0.101393455, 0.210155941, -0.0199635165, 0.992226953, 3.29135478e-007, 0.124441444, 0.124441444, -4.21617155e-005, -0.992226952, 4.92008767e-006, 0.999999999, -4.18749486e-005, 0.992226931, -1.53157232e-005, 0.124441622, 0.124441621, -6.57106892e-005, -0.992226929, 2.33738177e-005, 0.999999998, -6.32940021e-005, 0, 0, 0, 0, 0, 0, 0, 0.138986646, -0.0762602295, -0.165714844, -0.0792061915, 0.744876054, -0.66239312, -0.580932617, 0.505493164, 0.637939453, 0.81008378, 0.435344313, 0.39288197, 0, 0, 0, 0, 0, 0, 0, 0.215553809, -0.0394619141, -0.133375684, -0.0822122429, 0.263742552, -0.960962147, 0.450439453, -0.850341797, -0.271850586, -0.88895157, -0.455149362, -0.0489582826, 5, 1, 
300.40938, 0.1, 0.1, 0.101393441, 0.21015592, -0.0199657826, 0.992227002, -2.04540614e-006, 0.124441056, 0.124441056, 8.61036592e-005, -0.992226998, -8.68532311e-006, 0.999999996, 8.56889081e-005, 0.992227001, 2.09046927e-005, 0.124441062, 0.124441059, 8.96009178e-005, -0.992226998, -3.18922339e-005, 0.999999996, 8.63030479e-005, 0, 0, 0, 0, 0, 0, 0, 0.138986646, -0.0762602295, -0.165714844, -0.0792061915, 0.744876054, -0.66239312, -0.580932617, 0.505493164, 0.637939453, 0.81008378, 0.435344313, 0.39288197, 0, 0, 0, 0, 0, 0, 0, 0.215553809, -0.0394619141, -0.133375684, -0.0822122429, 0.263742552, -0.960962147, 0.450439453, -0.850341797, -0.271850586, -0.88895157, -0.455149362, -0.0489582826, 5, 1, 
300.41023, 0.1, 0.1, 0.101393441, 0.210155916, -0.0199669617, 0.992226923, -1.19477307e-005, 0.124441684, 0.124441682, -8.37072791e-005, -0.99222692, 2.22715348e-005, 0.999999996, -8.15698203e-005, 0.992226952, -3.6279874e-005, 0.124441452, 0.12444145, -5.29476616e-005, -0.992226951, 4.25867526e-005, 0.999999998, -4.80213767e-005, 0, 0, 0, 0, 0, 0, 0, 0.138986646, -0.0762602295, -0.165714844, -0.0792061915, 0.744876054, -0.66239312, -0.580932617, 0.505493164, 0.637939453, 0.81008378, 0.435344313, 0.39288197, 0, 0, 0, 0, 0, 0, 0, 0.215553809, -0.0394619141, -0.133375684, -0.0822122429, 0.263742552, -0.960962147, 0.450439453, -0.850341797, -0.271850586, -0.88895157, -0.455149362, -0.0489582826, 5, 1, 
300.411075, 0.1, 0.1, 0.101393425, 0.210155928, -0.0199667515, 0.99222673, 8.73155023e-006, 0.124443226, 0.124443226, -2.24771525e-005, -0.99222673, -5.86654817e-006, 1, -2.33890138e-005, 0.992226772, 3.23180401e-005, 0.124442889, 0.124442891, -5.8725933e-005, -0.99222677, -2.47587998e-005, 0.999999998, -6.22911933e-005, 0, 0, 0, 0, 0, 0, 0, 0.138986646, -0.0762602295, -0.165714844, -0.0792061915, 0.744876054, -0.66239312, -0.580932617, 0.505493164, 0.637939453, 0.81008378, 0.435344313, 0.39288197, 0, 0, 0, 0, 0, 0, 0, 0.215553809, -0.0394619141, -0.133375684, -0.0822122429, 0.263742552, -0.960962147, 0.450439453, -0.850341797, -0.271850586, -0.88895157, -0.455149362, -0.0489582826, 5, 1, 
300.411917, 0.1, 0.1, 0.101393426, 0.210155907, -0.0199653363, 0.992226542, -2.61352617e-005, 0.124444722, 0.124444723, 6.96112759e-005, -0.99222654, 1.72693444e-005, 0.999999997, 7.23225509e-005, 0.992226573, -4.81963896e-005, 0.124444464, 0.124444467, 7.9055429e-005, -0.992226571, 3.79837279e-005, 0.999999996, 8.44386715e-005, 0, 0, 0, 0, 0, 0, 0, 0.138986646, -0.0762602295, -0.165714844, -0.0792061915, 0.744876054, -0.66239312, -0.580932617, 0.505493164, 0.637939453, 0.81008378, 0.435344313, 0.39288197, 0, 0, 0, 0, 0, 0, 0, 0.215553809, -0.0394619141, -0.133375684, -0.0822122429, 0.263742552, -0.960962147, 0.450439453, -0.850341797, -0.271850586, -0.88895157, -0.455149362, -0.0489582826, 5, 1, 
300.41276, 0.1, 0.1, 0.101393411, 0.210155908, -0.0199633543, 0.992226471, 1.37141226e-005, 0.124445289, 0.124445289, -9.19354364e-005, -0.992226467, -2.16658349e-006, 0.999999996, -9.29274316e-005, 0.992226471, 3.46443771e-005, 0.124445287, 0.124445289, -7.31031541e-005, -0.992226468, -2.52777249e-005, 0.999999997, -7.68462141e-005, 0, 0, 0, 0, 0, 0, 0, 0.138986646, -0.0762602295, -0.165714844, -0.0792061915, 0.744876054, -0.66239312, -0.580932617, 0.505493164, 0.637939453, 0.81008378, 0.435344313, 0.39288197, 0, 0, 0, 0, 0, 0, 0, 0.215553809, -0.0394619141, -0.133375684, -0.0822122429, 0.263742552, -0.960962147, 0.450439453, -0.850341797, -0.271850586, -0.88895157, -0.455149362, -0.0489582826, 5, 1, 
300.413649, 0.1, 0.1, 0.101393413, 0.210155913, -0.0199608858, 0.992226557, -2.80092483e-005, 0.124444598, 0.124444599, 3.05593506e-005, -0.992226557, 2.39885739e-005, 0.999999999, 3.38073989e-005, 0.992226528, -5.11331041e-005, 0.124444829, 0.124444829, -8.17285282e-007, -0.992226529, 5.08373294e-005, 0.999999999, 5.55231827e-006, 0, 0, 0, 0, 0, 0, 0, 0.139947974, -0.078943042, -0.165278491, -0.0779301247, 0.744888037, -0.662570975, -0.579711914, 0.506835937, 0.638061523, 0.811117591, 0.433859312, 0.392539364, 0, 0, 0, 0, 0, 0, 0, 0.216379639, -0.0420661621, -0.132731592, -0.0839114987, 0.259550366, -0.962054395, 0.454345703, -0.849121094, -0.268798828, -0.886798058, -0.459640488, -0.0467409709, 5, 1, 
300.414491, 0.1, 0.1, 0.101393398, 0.210155903, -0.019959408, 0.992226767, 1.44621372e-005, 0.124442928, 0.124442929, -2.80718663e-005, -0.992226767, -1.08563744e-005, 1, -2.96533679e-005, 0.992226718, 3.7456992e-005, 0.124443314, 0.124443315, -8.38769237e-006, -0.992226719, -3.6122036e-005, 0.999999999, -1.29837647e-005, 0, 0, 0, 0, 0, 0, 0, 0.139947974, -0.078943042, -0.165278491, -0.0779301247, 0.744888037, -0.662570975, -0.579711914, 0.506835937, 0.638061523, 0.811117591, 0.433859312, 0.392539364, 0, 0, 0, 0, 0, 0, 0, 0.216379639, -0.0420661621, -0.132731592, -0.0839114987, 0.259550366, -0.962054395, 0.454345703, -0.849121094, -0.268798828, -0.886798058, -0.459640488, -0.0467409709, 5, 1, 
300.415352, 0.1, 0.1, 0.101393399, 0.210155897, -0.0199594039, 0.992227076, -1.66405733e-005, 0.124440464, 0.124440464, 2.45950215e-005, -0.992227076, 1.34506115e-005, 1, 2.6474607e-005, 0.992227002, -4.69526073e-005, 0.124441046, 0.124441047, 2.33929778e-005, -0.992227003, 4.36765982e-005, 0.999999999, 2.90539759e-005, 0, 0, 0, 0, 0, 0, 0, 0.139947974, -0.078943042, -0.165278491, -0.0769464893, 0.744792557, -0.662735726, -0.579711914, 0.507324219, 0.637451172, 0.81108539, 0.433256475, 0.393059826, 0, 0, 0, 0, 0, 0, 0, 0.216379639, -0.0420661621, -0.132731592, -0.0839114987, 0.259550366, -0.962054395, 0.454345703, -0.849121094, -0.268798828, -0.886798058, -0.459640488, -0.0467409709, 5, 1, 
300.416225, 0.1, 0.1, 0.101393378, 0.210155896, -0.019960122, 0.99222745, 2.68794573e-005, 0.124437483, 0.124437483, -2.45922436e-005, -0.99222745, -2.36103385e-005, 0.999999999, -2.77459112e-005, 0.992227376, 5.51829603e-005, 0.124438064, 0.124438066, -3.57617384e-005, -0.992227376, -5.03039225e-005, 0.999999998, -4.23506367e-005, 0, 0, 0, 0, 0, 0, 0, 0.141337598, -0.0814054199, -0.164615601, -0.0769464893, 0.744792557, -0.662735726, -0.579711914, 0.507324219, 0.637451172, 0.81108539, 0.433256475, 0.393059826, 0, 0, 0, 0, 0, 0, 0, 0.217195703, -0.0444491211, -0.132294141, -0.085904597, 0.25555614, -0.962903839, 0.458984375, -0.84765625, -0.265869141, -0.884184459, -0.464847263, -0.0444981397, 5, 1, 
300.417075, 0.1, 0.1, 0.101393378, 0.210155891, -0.0199617119, 0.992227787, -1.25103459e-005, 0.124434798, 0.124434797, -2.84777726e-005, -0.992227787, 1.59567387e-005, 1, -2.66997149e-005, 0.992227724, -3.97877746e-005, 0.124435291, 0.124435291, -3.3193477e-006, -0.992227725, 3.98915771e-005, 0.999999999, 1.65745451e-006, 0, 0, 0, 0, 0, 0, 0, 0.141337598, -0.0814054199, -0.164615601, -0.0769464893, 0.744792557, -0.662735726, -0.579711914, 0.507324219, 0.637451172, 0.81108539, 0.433256475, 0.393059826, 0, 0, 0, 0, 0, 0, 0, 0.217195703, -0.0444491211, -0.132294141, -0.085904597, 0.25555614, -0.962903839, 0.458984375, -0.84765625, -0.265869141, -0.884184459, -0.464847263, -0.0444981397, 5, 1, 
300.417933, 0.1, 0.1, 0.101393362, 0.210155887, -0.0199636403, 0.992228003, 8.18961907e-006, 0.124433071, 0.124433071, 2.77500866e-005, -0.992228003, -1.15789979e-005, 1, 2.65153535e-005, 0.992227969, 3.49720091e-005, 0.124433338, 0.124433337, 1.56603893e-005, -0.99222797, -3.66488801e-005, 0.999999999, 1.11869925e-005, 0, 0, 0, 0, 0, 0, 0, 0.141337598, -0.0814054199, -0.164615601, -0.0769464893, 0.744792557, -0.662735726, -0.579711914, 0.507324219, 0.637451172, 0.81108539, 0.433256475, 0.393059826, 0, 0, 0, 0, 0, 0, 0, 0.217195703, -0.0444491211, -0.132294141, -0.085904597, 0.25555614, -0.962903839, 0.458984375, -0.84765625, -0.265869141, -0.884184459, -0.464847263, -0.0444981397, 5, 1, 
300.41878, 0.1, 0.1, 0.101393363, 0.210155883, -0.0199650891, 0.992228082, -1.69883834e-005, 0.124432443, 0.124432443, -2.72266428e-005, -0.992228082, 2.02442287e-005, 0.999999999, -2.49011335e-005, 0.992228074, -3.92080375e-005, 0.124432503, 0.124432502, -3.13789956e-005, -0.992228074, 4.28078825e-005, 0.999999999, -2.62563662e-005, 0, 0, 0, 0, 0, 0, 0, 0.141337598, -0.0814054199, -0.164615601, -0.0769464893, 0.744792557, -0.662735726, -0.579711914, 0.507324219, 0.637451172, 0.81108539, 0.433256475, 0.393059826, 0, 0, 0, 0, 0, 0, 0, 0.217195703, -0.0444491211, -0.132294141, -0.085904597, 0.25555614, -0.962903839, 0.458984375, -0.84765625, -0.265869141, -0.884184459, -0.464847263, -0.0444981397, 5, 1, 
300.419629, 0.1, 0.1, 0.101393349, 0.210155873, -0.0199656446, 0.992228069, 6.54461912e-006, 0.124432547, 0.124432547, 1.78126312e-005, -0.992228069, -8.71022587e-006, 1, 1.68598291e-005, 0.992228075, 2.60026487e-005, 0.1244325, 0.124432499, 3.42327409e-005, -0.992228075, -3.00602236e-005, 0.999999999, 3.0731112e-005, 0, 0, 0, 0, 0, 0, 0, 0.141337598, -0.0814054199, -0.164615601, -0.0769464893, 0.744792557, -0.662735726, -0.579711914, 0.507324219, 0.637451172, 0.81108539, 0.433256475, 0.393059826, 0, 0, 0, 0, 0, 0, 0, 0.217195703, -0.0444491211, -0.132294141, -0.085904597, 0.25555614, -0.962903839, 0.458984375, -0.84765625, -0.265869141, -0.884184459, -0.464847263, -0.0444981397, 5, 1, 
300.420511, 0.1, 0.1, 0.101393349, 0.210155871, -0.0199649571, 0.992228041, -1.37063971e-005, 0.124432768, 0.124432768, 1.51730279e-005, -0.992228041, 1.17118496e-005, 1, 1.67606287e-005, 0.992228045, -3.45428914e-005, 0.124432734, 0.124432734, -1.29747365e-005, -0.992228046, 3.58889076e-005, 0.999999999, -8.57563103e-006, 0, 0, 0, 0, 0, 0, 0, 0.142537183, -0.0838752441, -0.163740332, -0.0753218247, 0.744557413, -0.663122516, -0.579833984, 0.508300781, 0.63671875, 0.811198844, 0.432552166, 0.393739047, 0, 0, 0, 0, 0, 0, 0, 0.218025195, -0.046607373, -0.131638574, -0.0878145731, 0.251734354, -0.963715004, 0.464233398, -0.845581055, -0.263183594, -0.881193895, -0.470526886, -0.0426195132, 5, 1, 
300.421361, 0.1, 0.1, 0.101393333, 0.210155865, -0.0199633767, 0.99222809, 2.21475409e-005, 0.124432381, 0.124432382, -3.50853087e-005, -0.992228089, -1.76096637e-005, 0.999999999, -3.75685001e-005, 0.992228071, 4.40860786e-005, 0.124432521, 0.124432522, -1.78367848e-005, -0.992228072, -4.15239687e-005, 0.999999999, -2.31839006e-005, 0, 0, 0, 0, 0, 0, 0, 0.142537183, -0.0838752441, -0.163740332, -0.0753218247, 0.744557413, -0.663122516, -0.579833984, 0.508300781, 0.63671875, 0.811198844, 0.432552166, 0.393739047, 0, 0, 0, 0, 0, 0, 0, 0.218025195, -0.046607373, -0.131638574, -0.0878145731, 0.251734354, -0.963715004, 0.464233398, -0.845581055, -0.263183594, -0.881193895, -0.470526886, -0.0426195132, 5, 1, 
300.422207, 0.1, 0.1, 0.101393332, 0.210155861, -0.0199618153, 0.992228242, -1.14065043e-005, 0.12443117, 0.12443117, 1.90769676e-005, -0.992228242, 8.94408626e-006, 1, 2.03480307e-005, 0.992228205, -3.65086839e-005, 0.124431462, 0.124431463, 1.72243372e-005, -0.992228205, 3.40816964e-005, 0.999999999, 2.16333022e-005, 0, 0, 0, 0, 0, 0, 0, 0.142537183, -0.0838752441, -0.163740332, -0.0753218247, 0.744557413, -0.663122516, -0.579833984, 0.508300781, 0.63671875, 0.811198844, 0.432552166, 0.393739047, 0, 0, 0, 0, 0, 0, 0, 0.218025195, -0.046607373, -0.131638574, -0.0878145731, 0.251734354, -0.963715004, 0.464233398, -0.845581055, -0.263183594, -0.881193895, -0.470526886, -0.0426195132, 5, 1, 
300.423048, 0.1, 0.1, 0.101393314, 0.21015586, -0.0199608814, 0.992228463, 2.06335227e-005, 0.124429405, 0.124429406, -2.03057988e-005, -0.992228463, -1.794653e-005, 1, -2.27154085e-005, 0.992228417, 4.85998801e-005, 0.124429766, 0.124429768, -3.23003517e-005, -0.992228417, -4.42030569e-005, 0.999999998, -3.80965987e-005, 0, 0, 0, 0, 0, 0, 0, 0.142537183, -0.0838752441, -0.163740332, -0.0753218247, 0.744557413, -0.663122516, -0.579833984, 0.508300781, 0.63671875, 0.811198844, 0.432552166, 0.393739047, 0, 0, 0, 0, 0, 0, 0, 0.218025195, -0.046607373, -0.131638574, -0.0878145731, 0.251734354, -0.963715004, 0.464233398, -0.845581055, -0.263183594, -0.881193895, -0.470526886, -0.0426195132, 5, 1, 
300.423889, 0.1, 0.1, 0.101393316, 0.210155854, -0.0199608976, 0.992228673, -1.55170267e-005, 0.124427727, 0.124427727, -2.21632242e-005, -0.992228673, 1.81541584e-005, 1, -2.00602382e-005, 0.992228634, -4.35652733e-005, 0.124428033, 0.124428033, 2.63725825e-006, -0.992228635, 4.28985628e-005, 0.999999999, 8.03750442e-006, 0, 0, 0, 0, 0, 0, 0, 0.142537183, -0.0838752441, -0.163740332, -0.0753218247, 0.744557413, -0.663122516, -0.579833984, 0.508300781, 0.63671875, 0.811198844, 0.432552166, 0.393739047, 0, 0, 0, 0, 0, 0, 0, 0.218025195, -0.046607373, -0.131638574, -0.0878145731, 0.251734354, -0.963715004, 0.464233398, -0.845581055, -0.263183594, -0.881193895, -0.470526886, -0.0426195132, 5, 1, 
300.424742, 0.1, 0.1, 0.101393301, 0.210155848, -0.0199616507, 0.99222878, 7.23735174e-006, 0.12442688, 0.124426879, 3.83918821e-005, -0.992228779, -1.19580908e-005, 0.999999999, 3.71930092e-005, 0.992228768, 3.39955294e-005, 0.124426968, 0.124426967, 2.63020005e-005, -0.992228769, -3.70040204e-005, 0.999999999, 2.1867641e-005, 0, 0, 0, 0, 0, 0, 0, 0.142537183, -0.0838752441, -0.163740332, -0.0753218247, 0.744557413, -0.663122516, -0.579833984, 0.508300781, 0.63671875, 0.811198844, 0.432552166, 0.393739047, 0, 0, 0, 0, 0, 0, 0, 0.218025195, -0.046607373, -0.131638574, -0.0878145731, 0.251734354, -0.963715004, 0.464233398, -0.845581055, -0.263183594, -0.881193895, -0.470526886, -0.0426195132, 5, 1, 
300.425623, 0.1, 0.1, 0.101393304, 0.210155844, -0.0199623437, 0.992228753, -2.19032136e-005, 0.124427092, 0.124427091, -2.43467347e-005, -0.992228753, 2.47623917e-005, 0.999999999, -2.14321771e-005, 0.992228765, -4.64239361e-005, 0.124426987, 0.124426985, -2.85041374e-005, -0.992228766, 4.96098487e-005, 0.999999999, -2.25062347e-005, 0, 0, 0, 0, 0, 0, 0, 0.143335181, -0.0860574951, -0.163459351, -0.0772127115, 0.745541049, -0.661929946, -0.578857422, 0.506958008, 0.638671875, 0.811745515, 0.432519966, 0.392685019, 0, 0, 0, 0, 0, 0, 0, 0.218288818, -0.0487907715, -0.131167432, -0.0915838527, 0.247733565, -0.964449244, 0.469726563, -0.843139648, -0.261230469, -0.878030523, -0.476839036, -0.0391371463, 5, 1, 
300.426476, 0.1, 0.1, 0.101393291, 0.210155833, -0.0199631153, 0.992228639, 1.02936829e-005, 0.124428005, 0.124428005, 2.09783453e-005, -0.992228639, -1.28239806e-005, 1, 1.95344925e-005, 0.992228663, 3.12682859e-005, 0.124427806, 0.124427805, 3.86794396e-005, -0.992228663, -3.58380874e-005, 0.999999999, 3.44882045e-005, 0, 0, 0, 0, 0, 0, 0, 0.143335181, -0.0860574951, -0.163459351, -0.0772127115, 0.745541049, -0.661929946, -0.578857422, 0.506958008, 0.638671875, 0.811745515, 0.432519966, 0.392685019, 0, 0, 0, 0, 0, 0, 0, 0.218288818, -0.0487907715, -0.131167432, -0.0915838527, 0.247733565, -0.964449244, 0.469726563, -0.843139648, -0.261230469, -0.878030523, -0.476839036, -0.0391371463, 5, 1, 
300.427327, 0.1, 0.1, 0.101393291, 0.210155832, -0.0199637345, 0.992228524, -1.51048021e-005, 0.124428922, 0.124428922, 1.33588926e-005, -0.992228524, 1.33251829e-005, 1, 1.51345485e-005, 0.992228544, -3.62165268e-005, 0.124428757, 0.124428757, -1.54453088e-005, -0.992228544, 3.78569122e-005, 0.999999999, -1.08188989e-005, 0, 0, 0, 0, 0, 0, 0, 0.143335181, -0.0860574951, -0.163459351, -0.0772127115, 0.745541049, -0.661929946, -0.578857422, 0.506958008, 0.638671875, 0.811745515, 0.432519966, 0.392685019, 0, 0, 0, 0, 0, 0, 0, 0.218288818, -0.0487907715, -0.131167432, -0.0915838527, 0.247733565, -0.964449244, 0.469726563, -0.843139648, -0.261230469, -0.878030523, -0.476839036, -0.0391371463, 5, 1, 
300.428174, 0.1, 0.1, 0.101393275, 0.210155826, -0.0199640725, 0.992228497, 2.39324069e-005, 0.124429137, 0.124429138, -3.46987053e-005, -0.992228496, -1.94288861e-005, 0.999999999, -3.74069329e-005, 0.992228493, 4.48436992e-005, 0.124429162, 0.124429163, -1.78148578e-005, -0.992228493, -4.22785083e-005, 0.999999999, -2.32562735e-005, 0, 0, 0, 0, 0, 0, 0, 0.143335181, -0.0860574951, -0.163459351, -0.0772127115, 0.745541049, -0.661929946, -0.578857422, 0.506958008, 0.638671875, 0.811745515, 0.432519966, 0.392685019, 0, 0, 0, 0, 0, 0, 0, 0.218288818, -0.0487907715, -0.131167432, -0.0915838527, 0.247733565, -0.964449244, 0.469726563, -0.843139648, -0.261230469, -0.878030523, -0.476839036, -0.0391371463, 5, 1, 
300.429019, 0.1, 0.1, 0.101393275, 0.210155823, -0.0199640594, 0.992228579, -9.38252087e-006, 0.124428478, 0.124428478, 1.67778915e-005, -0.992228579, 7.22195785e-006, 1, 1.78149563e-005, 0.992228556, -3.27145727e-005, 0.124428664, 0.124428664, 1.48127868e-005, -0.992228556, 3.0617198e-005, 0.999999999, 1.87683006e-005, 0, 0, 0, 0, 0, 0, 0, 0.143335181, -0.0860574951, -0.163459351, -0.0772127115, 0.745541049, -0.661929946, -0.578857422, 0.506958008, 0.638671875, 0.811745515, 0.432519966, 0.392685019, 0, 0, 0, 0, 0, 0, 0, 0.218288818, -0.0487907715, -0.131167432, -0.0915838527, 0.247733565, -0.964449244, 0.469726563, -0.843139648, -0.261230469, -0.878030523, -0.476839036, -0.0391371463, 5, 1, 
300.429887, 0.1, 0.1, 0.101393258, 0.210155822, -0.0199636194, 0.992228741, 1.62787576e-005, 0.124427191, 0.124427191, -1.75853476e-005, -0.992228741, -1.39641558e-005, 1, -1.94742074e-005, 0.992228702, 4.62887297e-005, 0.124427495, 0.124427496, -3.05289336e-005, -0.992228702, -4.21303675e-005, 0.999999998, -3.60512749e-005, 0, 0, 0, 0, 0, 0, 0, 0.143335181, -0.0860574951, -0.163459351, -0.0792563663, 0.746074615, -0.661003599, -0.579101562, 0.505249023, 0.639770508, 0.811327647, 0.433547784, 0.392291116, 0, 0, 0, 0, 0, 0, 0, 0.218288818, -0.0487907715, -0.131167432, -0.0915838527, 0.247733565, -0.964449244, 0.469726563, -0.843139648, -0.261230469, -0.878030523, -0.476839036, -0.0391371463, 5, 1, 
300.430755, 0.1, 0.1, 0.101393261, 0.210155816, -0.0199624564, 0.9922289, -1.78355888e-005, 0.124425922, 0.124425921, -1.81344952e-005, -0.9922289, 1.99533879e-005, 1, -1.57743606e-005, 0.992228871, -4.61806336e-005, 0.124426147, 0.124426147, 6.04363214e-006, -0.992228872, 4.50697721e-005, 0.999999999, 1.17427446e-005, 0, 0, 0, 0, 0, 0, 0, 0.143899194, -0.0878130371, -0.162966724, -0.0792563663, 0.746074615, -0.661003599, -0.579101562, 0.505249023, 0.639770508, 0.811327647, 0.433547784, 0.392291116, 0, 0, 0, 0, 0, 0, 0, 0.218774463, -0.0505350098, -0.130908057, -0.0957107739, 0.244154217, -0.964902401, 0.47668457, -0.83972168, -0.259765625, -0.873800057, -0.484825288, -0.0359934646, 5, 1, 
300.431599, 0.1, 0.1, 0.101393247, 0.21015581, -0.0199616307, 0.992228958, 8.5765919e-006, 0.124425462, 0.124425462, 3.85762772e-005, -0.992228957, -1.3309814e-005, 0.999999999, 3.72093529e-005, 0.992228955, 3.43681859e-005, 0.124425481, 0.12442548, 2.7273953e-005, -0.992228955, -3.74946839e-005, 0.999999999, 2.27857278e-005, 0, 0, 0, 0, 0, 0, 0, 0.143899194, -0.0878130371, -0.162966724, -0.0792563663, 0.746074615, -0.661003599, -0.579101562, 0.505249023, 0.639770508, 0.811327647, 0.433547784, 0.392291116, 0, 0, 0, 0, 0, 0, 0, 0.218774463, -0.0505350098, -0.130908057, -0.0957107739, 0.244154217, -0.964902401, 0.47668457, -0.83972168, -0.259765625, -0.873800057, -0.484825288, -0.0359934646, 5, 1, 
300.432489, 0.1, 0.1, 0.101393249, 0.210155807, -0.0199610296, 0.992228888, -8.72907885e-006, 0.124426016, 0.124426015, -3.00853894e-005, -0.992228888, 1.24046493e-005, 1, -2.87654679e-005, 0.992228909, -3.45377324e-005, 0.124425846, 0.124425845, -3.44917938e-005, -0.992228909, 3.85610072e-005, 0.999999999, -2.99263684e-005, 0, 0, 0, 0, 0, 0, 0, 0.144871118, -0.0897715576, -0.162449072, -0.0820174343, 0.746963892, -0.659620069, -0.580200195, 0.502319336, 0.641113281, 0.810281854, 0.435260816, 0.392442762, 0, 0, 0, 0, 0, 0, 0, 0.219296729, -0.0522577637, -0.130443994, -0.0993776084, 0.240964592, -0.965400401, 0.484130859, -0.83581543, -0.258422852, -0.869275749, -0.493016065, -0.0335909522, 5, 1, 
300.433346, 0.1, 0.1, 0.101393233, 0.210155797, -0.0199607713, 0.992228732, 1.6763735e-005, 0.124427258, 0.124427258, 1.99753719e-005, -0.992228732, -1.91189403e-005, 1, 1.77342724e-005, 0.992228765, 4.09658648e-005, 0.124426992, 0.124426991, 3.85150612e-005, -0.992228765, -4.54398226e-005, 0.999999998, 3.31184923e-005, 0, 0, 0, 0, 0, 0, 0, 0.144871118, -0.0897715576, -0.162449072, -0.0820174343, 0.746963892, -0.659620069, -0.580200195, 0.502319336, 0.641113281, 0.810281854, 0.435260816, 0.392442762, 0, 0, 0, 0, 0, 0, 0, 0.219296729, -0.0522577637, -0.130443994, -0.0993776084, 0.240964592, -0.965400401, 0.484130859, -0.83581543, -0.258422852, -0.869275749, -0.493016065, -0.0335909522, 5, 1, 
300.434194, 0.1, 0.1, 0.101393235, 0.210155796, -0.0199613258, 0.99222858, -2.02898971e-005, 0.124428468, 0.124428468, 1.67299966e-005, -0.992228581, 1.80505279e-005, 1, 1.91246216e-005, 0.992228607, -4.11560867e-005, 0.124428252, 0.124428252, -1.50701935e-005, -0.992228608, 4.27114044e-005, 0.999999999, -9.83209722e-006, 0, 0, 0, 0, 0, 0, 0, 0.144871118, -0.0897715576, -0.162449072, -0.0820174343, 0.746963892, -0.659620069, -0.580200195, 0.502319336, 0.641113281, 0.810281854, 0.435260816, 0.392442762, 0, 0, 0, 0, 0, 0, 0, 0.219296729, -0.0522577637, -0.130443994, -0.0993776084, 0.240964592, -0.965400401, 0.484130859, -0.83581543, -0.258422852, -0.869275749, -0.493016065, -0.0335909522, 5, 1, 
300.435048, 0.1, 0.1, 0.101393221, 0.21015579, -0.0199623583, 0.992228527, 1.58878192e-005, 0.124428894, 0.124428895, -3.17069064e-005, -0.992228527, -1.18190921e-005, 0.999999999, -3.34374008e-005, 0.992228528, 3.85583471e-005, 0.124428883, 0.124428883, -1.4246103e-005, -0.992228529, -3.64860654e-005, 0.999999999, -1.89331619e-005, 0, 0, 0, 0, 0, 0, 0, 0.144871118, -0.0897715576, -0.162449072, -0.0820174343, 0.746963892, -0.659620069, -0.580200195, 0.502319336, 0.641113281, 0.810281854, 0.435260816, 0.392442762, 0, 0, 0, 0, 0, 0, 0, 0.219296729, -0.0522577637, -0.130443994, -0.0993776084, 0.240964592, -0.965400401, 0.484130859, -0.83581543, -0.258422852, -0.869275749, -0.493016065, -0.0335909522, 5, 1, 
300.4359, 0.1, 0.1, 0.101393224, 0.210155786, -0.0199635413, 0.992228592, -2.18536266e-005, 0.124428372, 0.124428372, 2.13031968e-005, -0.992228592, 1.90330711e-005, 1, 2.38568521e-005, 0.992228571, -4.60529247e-005, 0.124428538, 0.124428539, 1.89729326e-005, -0.992228572, 4.33342534e-005, 0.999999999, 2.45557839e-005, 0, 0, 0, 0, 0, 0, 0, 0.144871118, -0.0897715576, -0.162449072, -0.0820174343, 0.746963892, -0.659620069, -0.580200195, 0.502319336, 0.641113281, 0.810281854, 0.435260816, 0.392442762, 0, 0, 0, 0, 0, 0, 0, 0.219296729, -0.0522577637, -0.130443994, -0.0993776084, 0.240964592, -0.965400401, 0.484130859, -0.83581543, -0.258422852, -0.869275749, -0.493016065, -0.0335909522, 5, 1, 
300.43675, 0.1, 0.1, 0.10139321, 0.210155785, -0.0199643363, 0.992228737, 1.22860468e-005, 0.124427224, 0.124427225, -1.59620318e-005, -0.992228736, -1.02044574e-005, 1, -1.73667054e-005, 0.992228705, 3.71228082e-005, 0.124427468, 0.124427469, -2.70303205e-005, -0.992228706, -3.34710016e-005, 0.999999999, -3.1439357e-005, 0, 0, 0, 0, 0, 0, 0, 0.144871118, -0.0897715576, -0.162449072, -0.0820174343, 0.746963892, -0.659620069, -0.580200195, 0.502319336, 0.641113281, 0.810281854, 0.435260816, 0.392442762, 0, 0, 0, 0, 0, 0, 0, 0.219296729, -0.0522577637, -0.130443994, -0.0993776084, 0.240964592, -0.965400401, 0.484130859, -0.83581543, -0.258422852, -0.869275749, -0.493016065, -0.0335909522, 5, 1, 
300.437634, 0.1, 0.1, 0.101393215, 0.210155778, -0.0199640467, 0.992228885, -2.07231713e-005, 0.124426039, 0.124426039, -1.37367322e-005, -0.992228885, 2.22713364e-005, 1, -1.10514803e-005, 0.992228859, -4.80116236e-005, 0.12442624, 0.124426241, 8.70059743e-006, -0.99222886, 4.65559359e-005, 0.999999999, 1.46068897e-005, 0, 0, 0, 0, 0, 0, 0, 0.145838281, -0.0917226318, -0.16214856, -0.0848799737, 0.747992833, -0.658115972, -0.581176758, 0.499389648, 0.642578125, 0.809375724, 0.437075318, 0.392575313, 0, 0, 0, 0, 0, 0, 0, 0.219941553, -0.0541568848, -0.129565674, -0.101025458, 0.238158496, -0.965841164, 0.490966797, -0.832397461, -0.256591797, -0.865275693, -0.500184589, -0.0329008221, 5, 1, 
300.438483, 0.1, 0.1, 0.101393201, 0.210155772, -0.0199634186, 0.992228934, 9.48795601e-006, 0.124425649, 0.124425648, 3.97594499e-005, -0.992228933, -1.43613198e-005, 0.999999999, 3.82699315e-005, 0.992228933, 3.32645033e-005, 0.124425657, 0.124425656, 2.9165864e-005, -0.992228933, -3.66349845e-005, 0.999999999, 2.48002564e-005, 0, 0, 0, 0, 0, 0, 0, 0.145838281, -0.0917226318, -0.16214856, -0.0848799737, 0.747992833, -0.658115972, -0.581176758, 0.499389648, 0.642578125, 0.809375724, 0.437075318, 0.392575313, 0, 0, 0, 0, 0, 0, 0, 0.219941553, -0.0541568848, -0.129565674, -0.101025458, 0.238158496, -0.965841164, 0.490966797, -0.832397461, -0.256591797, -0.865275693, -0.500184589, -0.0329008221, 5, 1, 
300.439331, 0.1, 0.1, 0.101393202, 0.210155769, -0.0199626784, 0.99222887, -4.86993924e-006, 0.124426164, 0.124426164, -2.3448436e-005, -0.992228869, 7.74969324e-006, 1, -2.26602673e-005, 0.992228889, -2.97008091e-005, 0.124426004, 0.124426003, -2.70863631e-005, -0.992228889, 3.28402488e-005, 0.999999999, -2.3180319e-005, 0, 0, 0, 0, 0, 0, 0, 0.145838281, -0.0917226318, -0.16214856, -0.0848799737, 0.747992833, -0.658115972, -0.581176758, 0.499389648, 0.642578125, 0.809375724, 0.437075318, 0.392575313, 0, 0, 0, 0, 0, 0, 0, 0.219941553, -0.0541568848, -0.129565674, -0.101025458, 0.238158496, -0.965841164, 0.490966797, -0.832397461, -0.256591797, -0.865275693, -0.500184589, -0.0329008221, 5, 1, 
300.44017, 0.1, 0.1, 0.101393187, 0.210155759, -0.0199622231, 0.992228724, 2.04066712e-005, 0.12442732, 0.12442732, 1.97633353e-005, -0.992228725, -2.27071842e-005, 1, 1.70706016e-005, 0.992228755, 4.31711088e-005, 0.124427073, 0.124427072, 3.78666931e-005, -0.992228755, -4.75472574e-005, 0.999999998, 3.22007671e-005, 0, 0, 0, 0, 0, 0, 0, 0.145838281, -0.0917226318, -0.16214856, -0.0848799737, 0.747992833, -0.658115972, -0.581176758, 0.499389648, 0.642578125, 0.809375724, 0.437075318, 0.392575313, 0, 0, 0, 0, 0, 0, 0, 0.219941553, -0.0541568848, -0.129565674, -0.101025458, 0.238158496, -0.965841164, 0.490966797, -0.832397461, -0.256591797, -0.865275693, -0.500184589, -0.0329008221, 5, 1, 
300.441014, 0.1, 0.1, 0.101393188, 0.210155759, -0.0199622011, 0.992228583, -1.51470906e-005, 0.124428452, 0.124428453, 1.5474595e-005, -0.992228582, 1.31038964e-005, 1, 1.72390645e-005, 0.992228607, -3.49576335e-005, 0.124428253, 0.124428253, -1.47966515e-005, -0.992228608, 3.65270855e-005, 0.999999999, -1.03319436e-005, 0, 0, 0, 0, 0, 0, 0, 0.145838281, -0.0917226318, -0.16214856, -0.0848799737, 0.747992833, -0.658115972, -0.581176758, 0.499389648, 0.642578125, 0.809375724, 0.437075318, 0.392575313, 0, 0, 0, 0, 0, 0, 0, 0.219941553, -0.0541568848, -0.129565674, -0.101025458, 0.238158496, -0.965841164, 0.490966797, -0.832397461, -0.256591797, -0.865275693, -0.500184589, -0.0329008221, 5, 1, 
300.441883, 0.1, 0.1, 0.101393174, 0.210155753, -0.0199624065, 0.992228536, 1.43846727e-005, 0.124428827, 0.124428827, -3.52496287e-005, -0.992228535, -9.88681273e-006, 0.999999999, -3.67655554e-005, 0.992228535, 4.06505482e-005, 0.124428828, 0.124428829, -1.55425628e-005, -0.992228535, -3.8400691e-005, 0.999999999, -2.04798744e-005, 0, 0, 0, 0, 0, 0, 0, 0.145838281, -0.0917226318, -0.16214856, -0.0875466834, 0.747398231, -0.658426378, -0.584594727, 0.496582031, 0.641601563, 0.806584699, 0.441124436, 0.393736803, 0, 0, 0, 0, 0, 0, 0, 0.219941553, -0.0541568848, -0.129565674, -0.101025458, 0.238158496, -0.965841164, 0.490966797, -0.832397461, -0.256591797, -0.865275693, -0.500184589, -0.0329008221, 5, 1, 
300.442742, 0.1, 0.1, 0.101393179, 0.210155751, -0.0199623333, 0.992228612, -2.77618747e-005, 0.124428219, 0.124428219, 1.95103035e-005, -0.992228612, 2.51184941e-005, 0.999999999, 2.2813042e-005, 0.992228589, -5.19904416e-005, 0.124428394, 0.124428395, 1.70483734e-005, -0.99222859, 4.94651008e-005, 0.999999999, 2.33849706e-005, 0, 0, 0, 0, 0, 0, 0, 0.146809717, -0.0937498779, -0.161491162, -0.0875466834, 0.747398231, -0.658426378, -0.584594727, 0.496582031, 0.641601563, 0.806584699, 0.441124436, 0.393736803, 0, 0, 0, 0, 0, 0, 0, 0.220871387, -0.0558730469, -0.128497559, -0.102034217, 0.235103033, -0.966582334, 0.499389648, -0.82824707, -0.254150391, -0.860349266, -0.508484007, -0.0328559795, 5, 1, 
300.443586, 0.1, 0.1, 0.101393166, 0.21015575, -0.0199626272, 0.992228767, 1.23216836e-005, 0.124426981, 0.124426981, -1.37790383e-005, -0.992228767, -1.05114448e-005, 1, -1.52051081e-005, 0.992228734, 3.72915299e-005, 0.12442724, 0.124427241, -2.62668775e-005, -0.992228734, -3.37334124e-005, 0.999999999, -3.07028328e-005, 0, 0, 0, 0, 0, 0, 0, 0.146809717, -0.0937498779, -0.161491162, -0.0875466834, 0.747398231, -0.658426378, -0.584594727, 0.496582031, 0.641601563, 0.806584699, 0.441124436, 0.393736803, 0, 0, 0, 0, 0, 0, 0, 0.220871387, -0.0558730469, -0.128497559, -0.102034217, 0.235103033, -0.966582334, 0.499389648, -0.82824707, -0.254150391, -0.860349266, -0.508484007, -0.0328559795, 5, 1, 
