time, realDorsalTactorPos, realVentralTactorPos, boxPosX, boxPosY, boxPosZ, boxLocalRot_11, boxLocalRot_12, boxLocalRot_13, boxLocalRot_21, boxLocalRot_22, boxLocalRot_23, boxLocalRot_31, boxLocalRot_32, boxLocalRot_33, boxGlobalRot_11, boxGlobalRot_12, boxGlobalRot_13, boxGlobalRot_21, boxGlobalRot_22, boxGlobalRot_23, boxGlobalRot_31, boxGlobalRot_32, boxGlobalRot_33, indexForceX, indexForceY, indexForceZ, indexForceGlobalX, indexForceGlobalY, indexForceGlobalZ, indexContact, indexPosX, indexPosY, indexPosZ, indexRot_11, indexRot_12, indexRot_13, indexRot_21, indexRot_22, indexRot_23, indexRot_31, indexRot_32, indexRot_33, thumbForceX, thumbForceY, thumbForceZ, thumbForceGlobalX, thumbForceGlobalY, thumbForceGlobalZ, thumbContact, thumbPosX, thumbPosY, thumbPosZ, thumbRot_11, thumbRot_12, thumbRot_13, thumbRot_21, thumbRot_22, thumbRot_23, thumbRot_31, thumbRot_32, thumbRot_33, mapping, trialSuccess, 
324.264023, 0.1, 0.1, 0.0843329735, 0.197982065, -0.0199586159, 0.835282974, -0.54982029, 3.76985044e-005, 0.549820291, 0.835282975, -1.08948713e-006, -3.08898968e-005, 2.16374327e-005, 0.999999999, 0.835283015, -0.549820229, 2.39680453e-005, 0.549820229, 0.835283015, 2.25365196e-005, -3.24111355e-005, -5.64625589e-006, 0.999999999, 0, 0, 0, 0, 0, 0, 0, 0.155277197, -0.170905273, -0.148225269, -0.409284922, 0.803406963, -0.432460895, -0.479492187, 0.213867187, 0.851074219, 0.775972353, 0.555969051, 0.298005299, 0, 0, 0, 0, 0, 0, 0, 0.223212207, -0.125625439, -0.116175049, -0.409505278, 0.232699612, -0.882114033, 0.603637695, -0.655761719, -0.45324707, -0.68400317, -0.718012937, 0.128100214, 5, 1, 
324.265781, 0.1, 0.1, 0.0843329745, 0.197982079, -0.0199339597, 0.835284564, -0.549817877, -8.9024543e-006, 0.549817877, 0.835284563, 4.44951346e-005, -1.70281378e-005, -4.20608276e-005, 0.999999999, 0.835284437, -0.549818066, 5.09506911e-005, 0.549818063, 0.835284438, 6.89103187e-005, -8.04464576e-005, -2.95461065e-005, 0.999999996, 0, 0, 0, 0, 0, 0, 0, 0.156163574, -0.17235752, -0.147100049, -0.409311131, 0.801060015, -0.436655667, -0.482299805, 0.216308594, 0.848876953, 0.774246217, 0.558318242, 0.298051726, 0, 0, 0, 0, 0, 0, 0, 0.224025244, -0.126830908, -0.11539292, -0.407824612, 0.228431233, -0.884037136, 0.606567383, -0.655761719, -0.44921875, -0.682476355, -0.719443504, 0.12888003, 5, 1, 
324.266731, 0.1, 0.1, 0.0843330067, 0.197982104, -0.0199445505, 0.835284622, -0.549817771, -0.000135128117, 0.549817765, 0.835284633, -8.35114835e-005, 0.000158786538, -4.53998142e-006, 0.999999987, 0.835284617, -0.549817777, -0.000141491431, 0.549817764, 0.835284629, -0.000121221611, 0.000184835415, 2.34600449e-005, 0.999999983, 0, 0, 0, 0, 0, 0, 0, 0.1569323, -0.173947314, -0.146572778, -0.407362957, 0.800539554, -0.439491997, -0.48425293, 0.21875, 0.847167969, 0.774061249, 0.558153491, 0.298871732, 0, 0, 0, 0, 0, 0, 0, 0.224659473, -0.127919922, -0.114852832, -0.405192056, 0.225677276, -0.88581988, 0.609008789, -0.656005859, -0.445678711, -0.681831434, -0.720101185, 0.128324428, 5, 1, 
324.267588, 0.1, 0.1, 0.0843329977, 0.197982103, -0.0199594272, 0.835284979, -0.54981723, 0.000135056987, 0.549817229, 0.835284989, 4.93537498e-005, -0.000139946615, 3.30322122e-005, 0.99999999, 0.835284938, -0.549817299, 0.000103568473, 0.549817299, 0.835284944, 2.41885464e-005, -9.98084669e-005, 3.67394094e-005, 0.999999994, 0, 0, 0, 0, 0, 0, 0, 0.1569323, -0.173947314, -0.146572778, -0.407362957, 0.800539554, -0.439491997, -0.48425293, 0.21875, 0.847167969, 0.774061249, 0.558153491, 0.298871732, 0, 0, 0, 0, 0, 0, 0, 0.224659473, -0.127919922, -0.114852832, -0.405192056, 0.225677276, -0.88581988, 0.609008789, -0.656005859, -0.445678711, -0.681831434, -0.720101185, 0.128324428, 5, 1, 
324.26849, 0.1, 0.1, 0.08433297, 0.19798208, -0.0199744393, 0.835284863, -0.549817419, 5.50898728e-005, 0.549817416, 0.835284864, 6.81354448e-005, -8.34777914e-005, -2.66231341e-005, 0.999999996, 0.835284936, -0.549817304, 8.77420701e-005, 0.549817297, 0.83528494, 9.58602839e-005, -0.000125995273, -3.18285434e-005, 0.999999992, 0, 0, 0, 0, 0, 0, 0, 0.1569323, -0.173947314, -0.146572778, -0.407362957, 0.800539554, -0.439491997, -0.48425293, 0.21875, 0.847167969, 0.774061249, 0.558153491, 0.298871732, 0, 0, 0, 0, 0, 0, 0, 0.224659473, -0.127919922, -0.114852832, -0.405192056, 0.225677276, -0.88581988, 0.609008789, -0.656005859, -0.445678711, -0.681831434, -0.720101185, 0.128324428, 5, 1, 
324.269395, 0.1, 0.1, 0.0843329793, 0.197982091, -0.0199824427, 0.83528441, -0.549818104, -8.47829702e-005, 0.549818097, 0.835284414, -9.10627339e-005, 0.000120885833, 2.94480706e-005, 0.999999992, 0.835284466, -0.549818021, -6.8210237e-005, 0.549818016, 0.835284468, -8.07599027e-005, 0.000101378201, 2.99542751e-005, 0.999999994, 0, 0, 0, 0, 0, 0, 0, 0.157238916, -0.175259546, -0.146370044, -0.405738292, 0.801129286, -0.43998625, -0.485473633, 0.218994141, 0.846313477, 0.774174703, 0.557194943, 0.300433117, 0, 0, 0, 0, 0, 0, 0, 0.225209473, -0.128956201, -0.1144896, -0.404131158, 0.22399661, -0.886848695, 0.611450195, -0.654785156, -0.443969727, -0.680247017, -0.721627999, 0.127602581, 5, 1, 
324.270238, 0.1, 0.1, 0.0843330016, 0.197982107, -0.0199825029, 0.835284297, -0.549818276, -7.43286115e-005, 0.549818276, 0.835284301, -2.97512791e-005, 7.84433193e-005, -1.60164528e-005, 0.999999997, 0.835284288, -0.549818288, -9.38731698e-005, 0.549818286, 0.835284293, -4.62625249e-005, 0.000103846766, -1.29708252e-005, 0.999999995, 0, 0, 0, 0, 0, 0, 0, 0.157238916, -0.175259546, -0.146370044, -0.405738292, 0.801129286, -0.43998625, -0.485473633, 0.218994141, 0.846313477, 0.774174703, 0.557194943, 0.300433117, 0, 0, 0, 0, 0, 0, 0, 0.225209473, -0.128956201, -0.1144896, -0.404131158, 0.22399661, -0.886848695, 0.611450195, -0.654785156, -0.443969727, -0.680247017, -0.721627999, 0.127602581, 5, 1, 
324.271135, 0.1, 0.1, 0.0843329905, 0.197982104, -0.0199750424, 0.835284523, -0.549817928, 0.000107142099, 0.549817928, 0.83528453, 3.37319424e-005, -0.000108040564, 3.07328772e-005, 0.999999994, 0.835284495, -0.549817975, 8.88797946e-005, 0.549817975, 0.835284499, 2.21551346e-005, -8.64212059e-005, 3.03618683e-005, 0.999999996, 0, 0, 0, 0, 0, 0, 0, 0.157238916, -0.175259546, -0.146370044, -0.405738292, 0.801129286, -0.43998625, -0.485473633, 0.218994141, 0.846313477, 0.774174703, 0.557194943, 0.300433117, 0, 0, 0, 0, 0, 0, 0, 0.225209473, -0.128956201, -0.1144896, -0.404131158, 0.22399661, -0.886848695, 0.611450195, -0.654785156, -0.443969727, -0.680247017, -0.721627999, 0.127602581, 5, 1, 
324.271979, 0.1, 0.1, 0.0843329781, 0.197982091, -0.0199644045, 0.835284478, -0.549818007, -1.76406963e-005, 0.549818007, 0.835284477, 3.92503584e-005, -6.84555405e-006, -4.24843876e-005, 0.999999999, 0.835284535, -0.549817919, 2.21518657e-005, 0.549817917, 0.835284535, 6.41974241e-005, -5.3800005e-005, -4.14436229e-005, 0.999999998, 0, 0, 0, 0, 0, 0, 0, 0.157238916, -0.175259546, -0.146370044, -0.405738292, 0.801129286, -0.43998625, -0.485473633, 0.218994141, 0.846313477, 0.774174703, 0.557194943, 0.300433117, 0, 0, 0, 0, 0, 0, 0, 0.225209473, -0.128956201, -0.1144896, -0.404131158, 0.22399661, -0.886848695, 0.611450195, -0.654785156, -0.443969727, -0.680247017, -0.721627999, 0.127602581, 5, 1, 
324.27283, 0.1, 0.1, 0.0843329975, 0.197982103, -0.0199545992, 0.835283913, -0.549818859, -8.50181617e-005, 0.549818857, 0.835283917, -4.23431215e-005, 9.42953499e-005, -1.13760603e-005, 0.999999995, 0.835284024, -0.54981869, -9.00275226e-005, 0.549818685, 0.835284029, -6.95310519e-005, 0.000113428024, 8.57936266e-006, 0.999999994, 0, 0, 0, 0, 0, 0, 0, 0.157238916, -0.175259546, -0.146370044, -0.405738292, 0.801129286, -0.43998625, -0.485473633, 0.218994141, 0.846313477, 0.774174703, 0.557194943, 0.300433117, 0, 0, 0, 0, 0, 0, 0, 0.225209473, -0.128956201, -0.1144896, -0.404131158, 0.22399661, -0.886848695, 0.611450195, -0.654785156, -0.443969727, -0.680247017, -0.721627999, 0.127602581, 5, 1, 
324.273806, 0.1, 0.1, 0.0843329907, 0.197982097, -0.0199464718, 0.835283469, -0.549819539, 3.86351653e-005, 0.549819537, 0.83528347, 4.92310358e-005, -5.93395003e-005, -1.98795017e-005, 0.999999998, 0.835283572, -0.549819381, 4.92056664e-005, 0.549819378, 0.835283573, 5.51755298e-005, -7.14372605e-005, -1.90329847e-005, 0.999999997, 0, 0, 0, 0, 0, 0, 0, 0.156647339, -0.177434595, -0.145612695, -0.400000109, 0.802485485, -0.442657829, -0.485961914, 0.223876953, 0.844848633, 0.77685003, 0.553272384, 0.300732662, 0, 0, 0, 0, 0, 0, 0, 0.225502295, -0.130596777, -0.113864551, -0.403000265, 0.222744314, -0.887615384, 0.611816406, -0.655639648, -0.442382812, -0.680496383, -0.721391393, 0.127890227, 5, 1, 
324.274649, 0.1, 0.1, 0.0843329963, 0.197982102, -0.0199451605, 0.835283012, -0.549820233, -4.20112403e-005, 0.549820233, 0.835283013, -1.6238131e-005, 4.40193284e-005, -9.53519496e-006, 0.999999999, 0.835283095, -0.549820106, -4.3333205e-005, 0.549820104, 0.835283096, -4.40531805e-005, 6.0416818e-005, 1.29714097e-005, 0.999999998, 0, 0, 0, 0, 0, 0, 0, 0.156647339, -0.177434595, -0.145612695, -0.400000109, 0.802485485, -0.442657829, -0.485961914, 0.223876953, 0.844848633, 0.77685003, 0.553272384, 0.300732662, 0, 0, 0, 0, 0, 0, 0, 0.225502295, -0.130596777, -0.113864551, -0.403000265, 0.222744314, -0.887615384, 0.611816406, -0.655639648, -0.442382812, -0.680496383, -0.721391393, 0.127890227, 5, 1, 
324.275509, 0.1, 0.1, 0.0843329846, 0.197982094, -0.019950395, 0.835282719, -0.549820676, 5.85545944e-005, 0.549820673, 0.835282721, 5.31874675e-005, -7.81532103e-005, -1.2232046e-005, 0.999999997, 0.835282799, -0.549820553, 6.87702359e-005, 0.54982055, 0.835282802, 5.95213768e-005, -9.01686716e-005, -1.19058934e-005, 0.999999996, 0, 0, 0, 0, 0, 0, 0, 0.156647339, -0.177434595, -0.145612695, -0.400000109, 0.802485485, -0.442657829, -0.485961914, 0.223876953, 0.844848633, 0.77685003, 0.553272384, 0.300732662, 0, 0, 0, 0, 0, 0, 0, 0.225502295, -0.130596777, -0.113864551, -0.403000265, 0.222744314, -0.887615384, 0.611816406, -0.655639648, -0.442382812, -0.680496383, -0.721391393, 0.127890227, 5, 1, 
324.276392, 0.1, 0.1, 0.0843329874, 0.197982096, -0.0199591948, 0.835282499, -0.549821012, -2.97847929e-005, 0.549821012, 0.8352825, -2.35817424e-005, 3.78444537e-005, 3.32111181e-006, 0.999999999, 0.835282527, -0.54982097, -4.31815314e-005, 0.549820969, 0.835282528, -1.55871477e-005, 4.46389194e-005, -1.07224393e-005, 0.999999999, 0, 0, 0, 0, 0, 0, 0, 0.156647339, -0.177434595, -0.145612695, -0.400000109, 0.802485485, -0.442657829, -0.485961914, 0.223876953, 0.844848633, 0.77685003, 0.553272384, 0.300732662, 0, 0, 0, 0, 0, 0, 0, 0.225502295, -0.130596777, -0.113864551, -0.403000265, 0.222744314, -0.887615384, 0.611816406, -0.655639648, -0.442382812, -0.680496383, -0.721391393, 0.127890227, 5, 1, 
324.277237, 0.1, 0.1, 0.0843329823, 0.197982093, -0.0199680881, 0.835282319, -0.549821285, 4.08222046e-005, 0.549821285, 0.83528232, 3.20373617e-006, -3.58595481e-005, 1.97688928e-005, 0.999999999, 0.835282337, -0.549821258, 3.5278197e-005, 0.549821257, 0.835282338, 2.56660827e-005, -4.35790127e-005, -2.0417229e-006, 0.999999999, 0, 0, 0, 0, 0, 0, 0, 0.156647339, -0.177434595, -0.145612695, -0.400000109, 0.802485485, -0.442657829, -0.485961914, 0.223876953, 0.844848633, 0.77685003, 0.553272384, 0.300732662, 0, 0, 0, 0, 0, 0, 0, 0.225502295, -0.130596777, -0.113864551, -0.403000265, 0.222744314, -0.887615384, 0.611816406, -0.655639648, -0.442382812, -0.680496383, -0.721391393, 0.127890227, 5, 1, 
324.278148, 0.1, 0.1, 0.0843329854, 0.197982097, -0.0199744774, 0.835282531, -0.549820963, -3.8727942e-005, 0.549820964, 0.835282532, 3.23348466e-006, 3.05709358e-005, -2.39943076e-005, 0.999999999, 0.83528244, -0.549821101, -3.52904067e-005, 0.549821101, 0.835282441, -1.2559734e-005, 3.63830638e-005, -8.91248506e-006, 0.999999999, 0, 0, 0, 0, 0, 0, 0, 0.156647339, -0.177434595, -0.145612695, -0.398577265, 0.804134115, -0.440976998, -0.482788086, 0.224975586, 0.846313477, 0.77959088, 0.550415836, 0.298859749, 0, 0, 0, 0, 0, 0, 0, 0.225502295, -0.130596777, -0.113864551, -0.403000265, 0.222744314, -0.887615384, 0.611816406, -0.655639648, -0.442382812, -0.680496383, -0.721391393, 0.127890227, 5, 1, 
324.279025, 0.1, 0.1, 0.0843329824, 0.197982097, -0.0199750401, 0.83528307, -0.549820144, 3.54812215e-005, 0.549820145, 0.83528307, -2.58682111e-005, -1.54140001e-005, 4.11155692e-005, 0.999999999, 0.835282939, -0.549820344, 3.36485671e-005, 0.549820344, 0.835282939, -1.00410894e-005, -2.25852788e-005, 2.68878174e-005, 0.999999999, 0, 0, 0, 0, 0, 0, 0, 0.155835425, -0.178921729, -0.146202222, -0.398577265, 0.804134115, -0.440976998, -0.482788086, 0.224975586, 0.846313477, 0.77959088, 0.550415836, 0.298859749, 0, 0, 0, 0, 0, 0, 0, 0.22492666, -0.131772803, -0.114217285, -0.40515341, 0.221907263, -0.886848329, 0.611206055, -0.655639648, -0.443237305, -0.679863489, -0.721602113, 0.129934731, 5, 1, 
324.279873, 0.1, 0.1, 0.0843329798, 0.197982099, -0.0199712132, 0.835283806, -0.549819027, -1.93057114e-006, 0.549819027, 0.835283806, 3.03122338e-005, -1.50536681e-005, -2.63807828e-005, 1, 0.835283663, -0.549819245, 4.56684014e-006, 0.549819244, 0.835283663, 1.5098192e-005, -1.21158835e-005, -1.01003365e-005, 1, 0, 0, 0, 0, 0, 0, 0, 0.155835425, -0.178921729, -0.146202222, -0.398577265, 0.804134115, -0.440976998, -0.482788086, 0.224975586, 0.846313477, 0.77959088, 0.550415836, 0.298859749, 0, 0, 0, 0, 0, 0, 0, 0.22492666, -0.131772803, -0.114217285, -0.40515341, 0.221907263, -0.886848329, 0.611206055, -0.655639648, -0.443237305, -0.679863489, -0.721602113, 0.129934731, 5, 1, 
324.280778, 0.1, 0.1, 0.0843329817, 0.197982099, -0.0199638755, 0.835284341, -0.549818215, 9.99831857e-006, 0.549818215, 0.835284341, -4.14520174e-007, -8.1235282e-006, 5.84349988e-006, 1, 0.83528427, -0.549818324, -3.60625883e-006, 0.549818323, 0.83528427, -1.7614272e-005, 1.26969008e-005, 1.27301371e-005, 1, 0, 0, 0, 0, 0, 0, 0, 0.155835425, -0.178921729, -0.146202222, -0.398577265, 0.804134115, -0.440976998, -0.482788086, 0.224975586, 0.846313477, 0.77959088, 0.550415836, 0.298859749, 0, 0, 0, 0, 0, 0, 0, 0.22492666, -0.131772803, -0.114217285, -0.40515341, 0.221907263, -0.886848329, 0.611206055, -0.655639648, -0.443237305, -0.679863489, -0.721602113, 0.129934731, 5, 1, 
324.281622, 0.1, 0.1, 0.0843329832, 0.197982101, -0.019956898, 0.835284473, -0.549818014, 1.46018384e-006, 0.549818014, 0.835284473, -3.1217182e-005, 1.59441001e-005, 2.68780628e-005, 1, 0.835284476, -0.549818009, -1.20706131e-005, 0.549818009, 0.835284476, -2.9290491e-005, 2.61868352e-005, 1.78292519e-005, 0.999999999, 0, 0, 0, 0, 0, 0, 0, 0.155835425, -0.178921729, -0.146202222, -0.398577265, 0.804134115, -0.440976998, -0.482788086, 0.224975586, 0.846313477, 0.77959088, 0.550415836, 0.298859749, 0, 0, 0, 0, 0, 0, 0, 0.22492666, -0.131772803, -0.114217285, -0.40515341, 0.221907263, -0.886848329, 0.611206055, -0.655639648, -0.443237305, -0.679863489, -0.721602113, 0.129934731, 5, 1, 
324.282464, 0.1, 0.1, 0.0843329826, 0.197982102, -0.0199527008, 0.835284245, -0.549818361, -7.29640361e-006, 0.54981836, 0.835284245, -3.41647109e-005, 2.48789563e-005, 2.45255481e-005, 0.999999999, 0.835284321, -0.549818245, -1.64748777e-005, 0.549818245, 0.835284321, -7.04612591e-006, 1.76352956e-005, -3.17266984e-006, 1, 0, 0, 0, 0, 0, 0, 0, 0.155835425, -0.178921729, -0.146202222, -0.398577265, 0.804134115, -0.440976998, -0.482788086, 0.224975586, 0.846313477, 0.77959088, 0.550415836, 0.298859749, 0, 0, 0, 0, 0, 0, 0, 0.22492666, -0.131772803, -0.114217285, -0.40515341, 0.221907263, -0.886848329, 0.611206055, -0.655639648, -0.443237305, -0.679863489, -0.721602113, 0.129934731, 5, 1, 
324.283409, 0.1, 0.1, 0.0843329799, 0.197982101, -0.019951441, 0.835283577, -0.549819375, -1.52275286e-005, 0.549819376, 0.835283577, 5.74293652e-006, 9.56172679e-006, -1.31693708e-005, 1, 0.835283722, -0.549819155, 2.13101774e-006, 0.549819155, 0.835283722, 2.96311349e-005, -1.807177e-005, -2.35787303e-005, 1, 0, 0, 0, 0, 0, 0, 0, 0.157248706, -0.179964355, -0.146144507, -0.401276176, 0.800925222, -0.444276502, -0.486572266, 0.224731445, 0.844238281, 0.77581622, 0.555126201, 0.299876707, 0, 0, 0, 0, 0, 0, 0, 0.225570508, -0.132845459, -0.114418311, -0.406060458, 0.21958131, -0.887014207, 0.612304688, -0.655029297, -0.442504883, -0.678240426, -0.722828522, 0.131512952, 5, 1, 
324.284265, 0.1, 0.1, 0.0843329774, 0.197982101, -0.0199537846, 0.83528264, -0.549820799, 4.10015443e-006, 0.549820799, 0.83528264, 2.72853454e-005, -1.84268382e-005, -2.05366251e-005, 1, 0.835282845, -0.549820487, 1.71800042e-005, 0.549820486, 0.835282846, 2.58740532e-005, -2.85762473e-005, -1.21662345e-005, 1, 0, 0, 0, 0, 0, 0, 0, 0.157248706, -0.179964355, -0.146144507, -0.401276176, 0.800925222, -0.444276502, -0.486572266, 0.224731445, 0.844238281, 0.77581622, 0.555126201, 0.299876707, 0, 0, 0, 0, 0, 0, 0, 0.225570508, -0.132845459, -0.114418311, -0.406060458, 0.21958131, -0.887014207, 0.612304688, -0.655029297, -0.442504883, -0.678240426, -0.722828522, 0.131512952, 5, 1, 
324.285121, 0.1, 0.1, 0.0843329762, 0.197982102, -0.0199591538, 0.835281485, -0.549822554, 1.30843174e-005, 0.549822554, 0.835281485, 1.84781686e-005, -2.1088802e-005, -8.24041928e-006, 1, 0.835281733, -0.549822176, 2.02489453e-005, 0.549822176, 0.835281734, -4.05890253e-006, -1.46818995e-005, 1.45236463e-005, 1, 0, 0, 0, 0, 0, 0, 0, 0.157248706, -0.179964355, -0.146144507, -0.401276176, 0.800925222, -0.444276502, -0.486572266, 0.224731445, 0.844238281, 0.77581622, 0.555126201, 0.299876707, 0, 0, 0, 0, 0, 0, 0, 0.225570508, -0.132845459, -0.114418311, -0.406060458, 0.21958131, -0.887014207, 0.612304688, -0.655029297, -0.442504883, -0.678240426, -0.722828522, 0.131512952, 5, 1, 
324.286047, 0.1, 0.1, 0.0843329773, 0.197982105, -0.0199647767, 0.835280005, -0.549824802, 1.05125984e-005, 0.549824802, 0.835280005, -1.10656445e-005, -2.69679748e-006, 1.50229989e-005, 1, 0.835280279, -0.549824386, -2.01460801e-006, 0.549824386, 0.835280278, -2.81411345e-005, 1.71554443e-005, 2.2398054e-005, 1, 0, 0, 0, 0, 0, 0, 0, 0.159537842, -0.179030029, -0.146170508, -0.408507595, 0.796886583, -0.444916409, -0.490966797, 0.219116211, 0.843139648, 0.769175272, 0.563181374, 0.302079121, 0, 0, 0, 0, 0, 0, 0, 0.226462012, -0.132700977, -0.114409766, -0.407516544, 0.216334816, -0.887078006, 0.616455078, -0.651489258, -0.442016602, -0.673729244, -0.726974767, 0.13211996, 5, 1, 
324.286905, 0.1, 0.1, 0.0843329784, 0.197982106, -0.0199685511, 0.835278541, -0.549827027, -1.67069848e-006, 0.549827027, 0.835278541, -2.12368804e-005, 1.30721094e-005, 1.68201153e-005, 1, 0.835278851, -0.549826556, -1.10364295e-005, 0.549826555, 0.835278851, -2.08959815e-005, 2.07076617e-005, 1.13858494e-005, 1, 0, 0, 0, 0, 0, 0, 0, 0.159537842, -0.179030029, -0.146170508, -0.408507595, 0.796886583, -0.444916409, -0.490966797, 0.219116211, 0.843139648, 0.769175272, 0.563181374, 0.302079121, 0, 0, 0, 0, 0, 0, 0, 0.226462012, -0.132700977, -0.114409766, -0.407516544, 0.216334816, -0.887078006, 0.616455078, -0.651489258, -0.442016602, -0.673729244, -0.726974767, 0.13211996, 5, 1, 
324.287791, 0.1, 0.1, 0.0843329788, 0.197982106, -0.0199697882, 0.835276963, -0.549829423, -8.0858017e-006, 0.549829423, 0.835276963, -1.80725299e-005, 1.66906926e-005, 1.06497562e-005, 1, 0.835277319, -0.549828883, -1.46576842e-005, 0.549828883, 0.835277319, 4.1862215e-007, 1.20130606e-005, -8.40888372e-006, 1, 0, 0, 0, 0, 0, 0, 0, 0.159537842, -0.179030029, -0.146170508, -0.408507595, 0.796886583, -0.444916409, -0.490966797, 0.219116211, 0.843139648, 0.769175272, 0.563181374, 0.302079121, 0, 0, 0, 0, 0, 0, 0, 0.226462012, -0.132700977, -0.114409766, -0.407516544, 0.216334816, -0.887078006, 0.616455078, -0.651489258, -0.442016602, -0.673729244, -0.726974767, 0.13211996, 5, 1, 
324.288649, 0.1, 0.1, 0.0843329781, 0.197982105, -0.0199678963, 0.835275383, -0.549831823, -1.22824656e-005, 0.549831823, 0.835275383, 4.58972171e-006, 7.73566607e-006, -1.0586972e-005, 1, 0.835275694, -0.549831352, -9.39376569e-007, 0.549831351, 0.835275694, 1.98204707e-005, -1.01132778e-005, -1.70720561e-005, 1, 0, 0, 0, 0, 0, 0, 0, 0.159537842, -0.179030029, -0.146170508, -0.408507595, 0.796886583, -0.444916409, -0.490966797, 0.219116211, 0.843139648, 0.769175272, 0.563181374, 0.302079121, 0, 0, 0, 0, 0, 0, 0, 0.226462012, -0.132700977, -0.114409766, -0.407516544, 0.216334816, -0.887078006, 0.616455078, -0.651489258, -0.442016602, -0.673729244, -0.726974767, 0.13211996, 5, 1, 
324.28952, 0.1, 0.1, 0.0843329768, 0.197982104, -0.0199642104, 0.835273709, -0.549834366, -1.83183978e-006, 0.549834366, 0.835273709, 2.7423078e-005, -1.35480631e-005, -2.39129846e-005, 1, 0.835274041, -0.549833862, 8.59292252e-006, 0.549833861, 0.835274041, 2.68875791e-005, -2.19611466e-005, -1.77338171e-005, 1, 0, 0, 0, 0, 0, 0, 0, 0.159537842, -0.179030029, -0.146170508, -0.408507595, 0.796886583, -0.444916409, -0.490966797, 0.219116211, 0.843139648, 0.769175272, 0.563181374, 0.302079121, 0, 0, 0, 0, 0, 0, 0, 0.226462012, -0.132700977, -0.114409766, -0.407516544, 0.216334816, -0.887078006, 0.616455078, -0.651489258, -0.442016602, -0.673729244, -0.726974767, 0.13211996, 5, 1, 
324.290455, 0.1, 0.1, 0.0843329756, 0.197982103, -0.0199592344, 0.83527181, -0.549837251, 1.23548743e-005, 0.54983725, 0.83527181, 3.40096479e-005, -2.90194495e-005, -2.16141301e-005, 0.999999999, 0.835272211, -0.549836642, 2.14030856e-005, 0.549836642, 0.835272212, 8.86519948e-006, -2.27518142e-005, 4.36334595e-006, 1, 0, 0, 0, 0, 0, 0, 0, 0.161238428, -0.178000488, -0.146306592, -0.4142469, 0.794877372, -0.443372999, -0.494018555, 0.212768555, 0.843017578, 0.764151876, 0.568443279, 0.304800876, 0, 0, 0, 0, 0, 0, 0, 0.226462012, -0.132700977, -0.114409766, -0.410078004, 0.214302339, -0.886413395, 0.619628906, -0.647705078, -0.443237305, -0.669211498, -0.730993413, 0.132803527, 5, 1, 
324.291303, 0.1, 0.1, 0.0843329757, 0.197982102, -0.0199555929, 0.835269971, -0.549840044, 1.78611472e-005, 0.549840045, 0.835269972, 4.90776523e-007, -1.51887285e-005, 9.41084306e-006, 1, 0.835270341, -0.549839483, 2.36090565e-006, 0.549839483, 0.835270341, -1.98654687e-005, 8.95082456e-006, 1.7891156e-005, 1, 0, 0, 0, 0, 0, 0, 0, 0.161238428, -0.178000488, -0.146306592, -0.4142469, 0.794877372, -0.443372999, -0.494018555, 0.212768555, 0.843017578, 0.764151876, 0.568443279, 0.304800876, 0, 0, 0, 0, 0, 0, 0, 0.227057275, -0.132250244, -0.1147979, -0.410078004, 0.214302339, -0.886413395, 0.619628906, -0.647705078, -0.443237305, -0.669211498, -0.730993413, 0.132803527, 5, 1, 
324.292148, 0.1, 0.1, 0.0843329769, 0.197982103, -0.0199549151, 0.835268018, -0.549843012, -7.54658353e-007, 0.549843012, 0.835268018, -3.08846292e-005, 1.76120396e-005, 2.53819994e-005, 1, 0.83526842, -0.549842401, -1.32286387e-005, 0.5498424, 0.83526842, -2.80379154e-005, 2.64658989e-005, 1.61455189e-005, 1, 0, 0, 0, 0, 0, 0, 0, 0.161238428, -0.178000488, -0.146306592, -0.4142469, 0.794877372, -0.443372999, -0.494018555, 0.212768555, 0.843017578, 0.764151876, 0.568443279, 0.304800876, 0, 0, 0, 0, 0, 0, 0, 0.227057275, -0.132250244, -0.1147979, -0.410078004, 0.214302339, -0.886413395, 0.619628906, -0.647705078, -0.443237305, -0.669211498, -0.730993413, 0.132803527, 5, 1, 
324.29305, 0.1, 0.1, 0.0843329776, 0.197982103, -0.0199565359, 0.835265813, -0.549846361, -1.50867297e-005, 0.549846361, 0.835265813, -2.6969222e-005, 2.74303582e-005, 1.42310857e-005, 1, 0.835266238, -0.549845715, -2.25437837e-005, 0.549845716, 0.835266238, -1.48877874e-006, 1.964866e-005, -1.11520762e-005, 1, 0, 0, 0, 0, 0, 0, 0, 0.161238428, -0.178000488, -0.146306592, -0.4142469, 0.794877372, -0.443372999, -0.494018555, 0.212768555, 0.843017578, 0.764151876, 0.568443279, 0.304800876, 0, 0, 0, 0, 0, 0, 0, 0.227057275, -0.132250244, -0.1147979, -0.410078004, 0.214302339, -0.886413395, 0.619628906, -0.647705078, -0.443237305, -0.669211498, -0.730993413, 0.132803527, 5, 1, 
324.293917, 0.1, 0.1, 0.0843329775, 0.197982104, -0.019959766, 0.835263613, -0.549849704, -1.79481355e-005, 0.549849704, 0.835263613, -2.20402171e-006, 1.62033051e-005, -8.02783783e-006, 1, 0.835264044, -0.549849049, -3.44777806e-006, 0.549849049, 0.835264044, 1.71798675e-005, -6.56652878e-006, -1.62454831e-005, 1, 0, 0, 0, 0, 0, 0, 0, 0.161238428, -0.178000488, -0.146306592, -0.4142469, 0.794877372, -0.443372999, -0.494018555, 0.212768555, 0.843017578, 0.764151876, 0.568443279, 0.304800876, 0, 0, 0, 0, 0, 0, 0, 0.227057275, -0.132250244, -0.1147979, -0.410078004, 0.214302339, -0.886413395, 0.619628906, -0.647705078, -0.443237305, -0.669211498, -0.730993413, 0.132803527, 5, 1, 
324.294788, 0.1, 0.1, 0.0843329769, 0.197982105, -0.0199638402, 0.835261373, -0.549853106, -2.27944323e-006, 0.549853106, 0.835261373, 1.77301115e-005, -7.84502603e-006, -1.60626363e-005, 1, 0.835261861, -0.549852366, 8.32534527e-006, 0.549852365, 0.835261861, 1.49864888e-005, -1.51941997e-005, -7.93993173e-006, 1, 0, 0, 0, 0, 0, 0, 0, 0.161238428, -0.178000488, -0.146306592, -0.4142469, 0.794877372, -0.443372999, -0.494018555, 0.212768555, 0.843017578, 0.764151876, 0.568443279, 0.304800876, 0, 0, 0, 0, 0, 0, 0, 0.227057275, -0.132250244, -0.1147979, -0.410078004, 0.214302339, -0.886413395, 0.619628906, -0.647705078, -0.443237305, -0.669211498, -0.730993413, 0.132803527, 5, 1, 
324.29572, 0.1, 0.1, 0.0843329774, 0.197982108, -0.0199660562, 0.835258938, -0.549856805, 7.26984302e-006, 0.549856805, 0.835258938, 1.56635218e-005, -1.46848954e-005, -9.0857239e-006, 1, 0.835259396, -0.54985611, 1.26434876e-005, 0.54985611, 0.835259396, -6.31062831e-006, -7.09065432e-006, 1.22231105e-005, 1, 0, 0, 0, 0, 0, 0, 0, 0.161414063, -0.177931885, -0.147246411, -0.415261614, 0.79629198, -0.439851456, -0.490966797, 0.2109375, 0.845214844, 0.76554851, 0.567230492, 0.303625158, 0, 0, 0, 0, 0, 0, 0, 0.227130371, -0.132360352, -0.115358984, -0.412991276, 0.213107279, -0.885390777, 0.619873047, -0.646362305, -0.444702148, -0.667185584, -0.732469188, 0.134752149, 5, 1, 
324.296565, 0.1, 0.1, 0.0843329774, 0.197982108, -0.0199665966, 0.835256751, -0.549860127, 1.53068566e-005, 0.549860127, 0.835256751, 3.80886807e-006, -1.48795e-005, 5.23524734e-006, 1, 0.835257182, -0.549859473, 2.74995706e-006, 0.549859473, 0.835257182, -1.38280684e-005, 5.30657305e-006, 1.30620834e-005, 1, 0, 0, 0, 0, 0, 0, 0, 0.161414063, -0.177931885, -0.147246411, -0.415261614, 0.79629198, -0.439851456, -0.490966797, 0.2109375, 0.845214844, 0.76554851, 0.567230492, 0.303625158, 0, 0, 0, 0, 0, 0, 0, 0.227130371, -0.132360352, -0.115358984, -0.412991276, 0.213107279, -0.885390777, 0.619873047, -0.646362305, -0.444702148, -0.667185584, -0.732469188, 0.134752149, 5, 1, 
324.297462, 0.1, 0.1, 0.0843329771, 0.197982107, -0.0199655171, 0.835254442, -0.549863634, 6.40609536e-006, 0.549863634, 0.835254442, -1.33204007e-005, 1.97368435e-006, 1.46484028e-005, 1, 0.835254939, -0.54986288, -4.78623512e-006, 0.54986288, 0.835254939, -1.27076804e-005, 1.09852082e-005, 7.98237976e-006, 1, 0, 0, 0, 0, 0, 0, 0, 0.161414063, -0.177931885, -0.147246411, -0.415261614, 0.79629198, -0.439851456, -0.490966797, 0.2109375, 0.845214844, 0.76554851, 0.567230492, 0.303625158, 0, 0, 0, 0, 0, 0, 0, 0.227130371, -0.132360352, -0.115358984, -0.412991276, 0.213107279, -0.885390777, 0.619873047, -0.646362305, -0.444702148, -0.667185584, -0.732469188, 0.134752149, 5, 1, 
324.298356, 0.1, 0.1, 0.0843329759, 0.197982103, -0.0199624689, 0.835252123, -0.549867158, -5.81975721e-006, 0.549867158, 0.835252123, -1.21144122e-005, 1.1522282e-005, 6.91849514e-006, 1, 0.835252563, -0.549866489, -1.22499454e-005, 0.549866489, 0.835252563, 1.05207454e-005, 4.44679298e-006, -1.5523314e-005, 1, 0, 0, 0, 0, 0, 0, 0, 0.161414063, -0.177931885, -0.147246411, -0.415261614, 0.79629198, -0.439851456, -0.490966797, 0.2109375, 0.845214844, 0.76554851, 0.567230492, 0.303625158, 0, 0, 0, 0, 0, 0, 0, 0.227075684, -0.13283833, -0.115541943, -0.413866606, 0.212608913, -0.88514141, 0.619506836, -0.646606445, -0.444946289, -0.667032099, -0.732398826, 0.135883043, 5, 1, 
324.299203, 0.1, 0.1, 0.0843329749, 0.197982102, -0.0199598728, 0.83524991, -0.549870518, -1.5970529e-005, 0.549870518, 0.835249911, 3.61116959e-006, 1.13537072e-005, -1.17979521e-005, 1, 0.83525035, -0.549869851, -8.85612601e-007, 0.54986985, 0.83525035, 2.52716858e-005, -1.31564299e-005, -2.15951561e-005, 1, 0, 0, 0, 0, 0, 0, 0, 0.161414063, -0.177931885, -0.147246411, -0.415261614, 0.79629198, -0.439851456, -0.490966797, 0.2109375, 0.845214844, 0.76554851, 0.567230492, 0.303625158, 0, 0, 0, 0, 0, 0, 0, 0.227075684, -0.13283833, -0.115541943, -0.413866606, 0.212608913, -0.88514141, 0.619506836, -0.646606445, -0.444946289, -0.667032099, -0.732398826, 0.135883043, 5, 1, 
324.300136, 0.1, 0.1, 0.0843329741, 0.197982101, -0.0199579548, 0.835247418, -0.549874305, -6.90015641e-006, 0.549874305, 0.835247417, 2.31714117e-005, -6.9780261e-006, -2.31480805e-005, 1, 0.835247972, -0.549873463, 7.94234093e-006, 0.549873463, 0.835247972, 2.35750601e-005, -1.95971241e-005, -1.53237386e-005, 1, 0, 0, 0, 0, 0, 0, 0, 0.161414063, -0.177931885, -0.147246411, -0.411737828, 0.798251016, -0.439598338, -0.48840332, 0.213989258, 0.845947266, 0.769068931, 0.563212453, 0.302101965, 0, 0, 0, 0, 0, 0, 0, 0.227075684, -0.13283833, -0.115541943, -0.413866606, 0.212608913, -0.88514141, 0.619506836, -0.646606445, -0.444946289, -0.667032099, -0.732398826, 0.135883043, 5, 1, 
324.30099, 0.1, 0.1, 0.0843329751, 0.197982104, -0.0199572121, 0.835245078, -0.549877858, 5.39773344e-006, 0.549877858, 0.835245078, 1.78734567e-005, -1.43366484e-005, -1.19606226e-005, 1, 0.835245549, -0.549877143, 1.26786493e-005, 0.549877143, 0.835245549, -6.39693242e-006, -7.07225844e-006, 1.23147088e-005, 1, 0, 0, 0, 0, 0, 0, 0, 0.160935132, -0.178960205, -0.147684595, -0.411737828, 0.798251016, -0.439598338, -0.48840332, 0.213989258, 0.845947266, 0.769068931, 0.563212453, 0.302101965, 0, 0, 0, 0, 0, 0, 0, 0.227075684, -0.13283833, -0.115541943, -0.413866606, 0.212608913, -0.88514141, 0.619506836, -0.646606445, -0.444946289, -0.667032099, -0.732398826, 0.135883043, 5, 1, 
324.301839, 0.1, 0.1, 0.0843329763, 0.197982106, -0.0199585194, 0.835242729, -0.549881426, 1.36840516e-005, 0.549881426, 0.835242729, -7.11865485e-006, -7.51508851e-006, 1.34704105e-005, 1, 0.835243201, -0.549880711, -1.97073488e-006, 0.54988071, 0.8352432, -2.77730439e-005, 1.6917904e-005, 2.2113577e-005, 1, 0, 0, 0, 0, 0, 0, 0, 0.160935132, -0.178960205, -0.147684595, -0.411737828, 0.798251016, -0.439598338, -0.48840332, 0.213989258, 0.845947266, 0.769068931, 0.563212453, 0.302101965, 0, 0, 0, 0, 0, 0, 0, 0.227075684, -0.13283833, -0.115541943, -0.413866606, 0.212608913, -0.88514141, 0.619506836, -0.646606445, -0.444946289, -0.667032099, -0.732398826, 0.135883043, 5, 1, 
324.302779, 0.1, 0.1, 0.0843329779, 0.197982108, -0.0199606242, 0.835240065, -0.549885473, -6.53883917e-007, 0.549885473, 0.835240065, -2.93107011e-005, 1.66636788e-005, 2.41219106e-005, 1, 0.83524055, -0.549884736, -1.27312098e-005, 0.549884736, 0.83524055, -2.90880759e-005, 2.66287116e-005, 1.72948426e-005, 0.999999999, 0, 0, 0, 0, 0, 0, 0, 0.160689087, -0.180299414, -0.147181494, -0.407941828, 0.798389558, -0.442778396, -0.48828125, 0.219116211, 0.844726563, 0.771186727, 0.560965855, 0.300751758, 0, 0, 0, 0, 0, 0, 0, 0.227199951, -0.133617432, -0.115185059, -0.411860382, 0.210858251, -0.886489588, 0.620361328, -0.647583008, -0.442260742, -0.66743495, -0.732091857, 0.135864087, 5, 1, 
324.303627, 0.1, 0.1, 0.0843329775, 0.197982107, -0.019962561, 0.835237655, -0.549889133, -6.61968818e-006, 0.549889133, 0.835237655, -1.83624134e-005, 1.56263044e-005, 1.16968845e-005, 1, 0.835238133, -0.549888408, -1.3674245e-005, 0.549888408, 0.835238133, 1.47620885e-006, 1.06095007e-005, -8.75229472e-006, 1, 0, 0, 0, 0, 0, 0, 0, 0.160689087, -0.180299414, -0.147181494, -0.407941828, 0.798389558, -0.442778396, -0.48828125, 0.219116211, 0.844726563, 0.771186727, 0.560965855, 0.300751758, 0, 0, 0, 0, 0, 0, 0, 0.227199951, -0.133617432, -0.115185059, -0.411860382, 0.210858251, -0.886489588, 0.620361328, -0.647583008, -0.442260742, -0.66743495, -0.732091857, 0.135864087, 5, 1, 
324.304486, 0.1, 0.1, 0.0843329759, 0.197982106, -0.0199645035, 0.835235244, -0.549892795, -1.02216735e-005, 0.549892795, 0.835235244, 7.46952173e-006, 4.43006579e-006, -1.18596324e-005, 1, 0.835235747, -0.549892032, 3.16513184e-006, 0.549892032, 0.835235747, 2.51859811e-005, -1.64932016e-005, -1.92957509e-005, 1, 0, 0, 0, 0, 0, 0, 0, 0.160689087, -0.180299414, -0.147181494, -0.407941828, 0.798389558, -0.442778396, -0.48828125, 0.219116211, 0.844726563, 0.771186727, 0.560965855, 0.300751758, 0, 0, 0, 0, 0, 0, 0, 0.227199951, -0.133617432, -0.115185059, -0.411860382, 0.210858251, -0.886489588, 0.620361328, -0.647583008, -0.442260742, -0.66743495, -0.732091857, 0.135864087, 5, 1, 
324.305384, 0.1, 0.1, 0.0843329734, 0.197982105, -0.0199649691, 0.835232722, -0.549896626, 4.68632925e-006, 0.549896626, 0.835232722, 2.41730034e-005, -1.72068286e-005, -1.76130868e-005, 1, 0.835233197, -0.549895906, 1.50127378e-005, 0.549895905, 0.835233197, 2.30646917e-005, -2.52223165e-005, -1.10089532e-005, 1, 0, 0, 0, 0, 0, 0, 0, 0.160689087, -0.180299414, -0.147181494, -0.407941828, 0.798389558, -0.442778396, -0.48828125, 0.219116211, 0.844726563, 0.771186727, 0.560965855, 0.300751758, 0, 0, 0, 0, 0, 0, 0, 0.227199951, -0.133617432, -0.115185059, -0.411860382, 0.210858251, -0.886489588, 0.620361328, -0.647583008, -0.442260742, -0.66743495, -0.732091857, 0.135864087, 5, 1, 
324.306235, 0.1, 0.1, 0.084332972, 0.197982105, -0.0199645102, 0.835230369, -0.5499002, 1.16674139e-005, 0.549900199, 0.835230369, 2.17703357e-005, -2.17164904e-005, -1.17673323e-005, 1, 0.835230839, -0.549899486, 1.86223035e-005, 0.549899486, 0.835230839, 1.84938327e-006, -1.65708971e-005, 8.69573321e-006, 1, 0, 0, 0, 0, 0, 0, 0, 0.160689087, -0.180299414, -0.147181494, -0.407941828, 0.798389558, -0.442778396, -0.48828125, 0.219116211, 0.844726563, 0.771186727, 0.560965855, 0.300751758, 0, 0, 0, 0, 0, 0, 0, 0.227199951, -0.133617432, -0.115185059, -0.411860382, 0.210858251, -0.886489588, 0.620361328, -0.647583008, -0.442260742, -0.66743495, -0.732091857, 0.135864087, 5, 1, 
324.307119, 0.1, 0.1, 0.0843329716, 0.197982106, -0.0199633456, 0.835227949, -0.549903876, 1.72856103e-005, 0.549903876, 0.835227949, 4.37602405e-007, -1.46780641e-005, 9.13992636e-006, 1, 0.835228478, -0.549903073, 2.92607189e-006, 0.549903073, 0.835228478, -1.97198307e-005, 8.40005693e-006, 1.80796201e-005, 1, 0, 0, 0, 0, 0, 0, 0, 0.160689087, -0.180299414, -0.147181494, -0.407941828, 0.798389558, -0.442778396, -0.48828125, 0.219116211, 0.844726563, 0.771186727, 0.560965855, 0.300751758, 0, 0, 0, 0, 0, 0, 0, 0.227199951, -0.133617432, -0.115185059, -0.411860382, 0.210858251, -0.886489588, 0.620361328, -0.647583008, -0.442260742, -0.66743495, -0.732091857, 0.135864087, 5, 1, 
324.308021, 0.1, 0.1, 0.084332973, 0.197982105, -0.0199608709, 0.835225453, -0.549907667, -2.64727001e-006, 0.549907667, 0.835225453, -2.19197537e-005, 1.42649079e-005, 1.68521821e-005, 1, 0.835225917, -0.549906962, -1.32273896e-005, 0.549906962, 0.835225917, -1.98815158e-005, 2.19808426e-005, 9.33172366e-006, 1, 0, 0, 0, 0, 0, 0, 0, 0.161405811, -0.180635449, -0.146331152, -0.406902027, 0.796042611, -0.448045171, -0.49230957, 0.222167969, 0.841552734, 0.769168159, 0.563315046, 0.301833117, 0, 0, 0, 0, 0, 0, 0, 0.227382568, -0.134229932, -0.11442002, -0.409189547, 0.208430219, -0.888285092, 0.622436523, -0.648071289, -0.438720703, -0.667154234, -0.732347054, 0.135429886, 5, 1, 
324.308865, 0.1, 0.1, 0.0843329741, 0.197982105, -0.019959477, 0.835223112, -0.549911223, -1.46529477e-005, 0.549911223, 0.835223112, -2.51917098e-005, 2.60916845e-005, 1.29828778e-005, 1, 0.835223591, -0.549910495, -2.19283147e-005, 0.549910495, 0.835223591, -1.23246438e-006, 1.89927908e-005, -1.1029227e-005, 1, 0, 0, 0, 0, 0, 0, 0, 0.161405811, -0.180635449, -0.146331152, -0.406902027, 0.796042611, -0.448045171, -0.49230957, 0.222167969, 0.841552734, 0.769168159, 0.563315046, 0.301833117, 0, 0, 0, 0, 0, 0, 0, 0.227382568, -0.134229932, -0.11442002, -0.409189547, 0.208430219, -0.888285092, 0.622436523, -0.648071289, -0.438720703, -0.667154234, -0.732347054, 0.135429886, 5, 1, 
324.309765, 0.1, 0.1, 0.084332975, 0.197982105, -0.0199590923, 0.835220598, -0.549915041, -2.36177982e-005, 0.549915041, 0.835220598, -1.31580327e-006, 2.04496516e-005, -1.18887965e-005, 1, 0.835221108, -0.549914267, -8.12462096e-006, 0.549914267, 0.835221108, 2.05157558e-005, -4.4960519e-006, -2.16030373e-005, 1, 0, 0, 0, 0, 0, 0, 0, 0.161405811, -0.180635449, -0.146331152, -0.406902027, 0.796042611, -0.448045171, -0.49230957, 0.222167969, 0.841552734, 0.769168159, 0.563315046, 0.301833117, 0, 0, 0, 0, 0, 0, 0, 0.227382568, -0.134229932, -0.11442002, -0.409189547, 0.208430219, -0.888285092, 0.622436523, -0.648071289, -0.438720703, -0.667154234, -0.732347054, 0.135429886, 5, 1, 
324.31061, 0.1, 0.1, 0.084332975, 0.197982106, -0.019959648, 0.835218196, -0.549918689, -4.33164602e-006, 0.549918689, 0.835218196, 2.1644135e-005, -8.28464477e-006, -2.04596285e-005, 1, 0.835218676, -0.549917961, 6.05189656e-006, 0.549917961, 0.835218675, 1.95001888e-005, -1.57781611e-005, -1.29588753e-005, 1, 0, 0, 0, 0, 0, 0, 0, 0.161405811, -0.180635449, -0.146331152, -0.406902027, 0.796042611, -0.448045171, -0.49230957, 0.222167969, 0.841552734, 0.769168159, 0.563315046, 0.301833117, 0, 0, 0, 0, 0, 0, 0, 0.227382568, -0.134229932, -0.11442002, -0.409189547, 0.208430219, -0.888285092, 0.622436523, -0.648071289, -0.438720703, -0.667154234, -0.732347054, 0.135429886, 5, 1, 
324.311478, 0.1, 0.1, 0.0843329746, 0.197982107, -0.0199611705, 0.835215733, -0.54992243, 1.19269167e-005, 0.54992243, 0.835215733, 2.29433204e-005, -2.2578595e-005, -1.26037431e-005, 1, 0.835216214, -0.5499217, 1.7847504e-005, 0.5499217, 0.835216214, 2.16042816e-007, -1.50253313e-005, 9.63428726e-006, 1, 0, 0, 0, 0, 0, 0, 0, 0.161405811, -0.180635449, -0.146331152, -0.406902027, 0.796042611, -0.448045171, -0.49230957, 0.222167969, 0.841552734, 0.769168159, 0.563315046, 0.301833117, 0, 0, 0, 0, 0, 0, 0, 0.227382568, -0.134229932, -0.11442002, -0.409189547, 0.208430219, -0.888285092, 0.622436523, -0.648071289, -0.438720703, -0.667154234, -0.732347054, 0.135429886, 5, 1, 
324.312418, 0.1, 0.1, 0.0843329738, 0.197982108, -0.0199622698, 0.835213052, -0.549926501, 2.16232829e-005, 0.549926501, 0.835213052, -4.41112781e-006, -1.5634252e-005, 1.55754478e-005, 1, 0.835213536, -0.549925767, 7.58316187e-006, 0.549925767, 0.835213536, -2.37921268e-005, 6.75034412e-006, 2.40416824e-005, 1, 0, 0, 0, 0, 0, 0, 0, 0.162742554, -0.180555151, -0.145964136, -0.411060851, 0.792929197, -0.449681818, -0.495727539, 0.219604492, 0.840209961, 0.764759583, 0.568628248, 0.303204664, 0, 0, 0, 0, 0, 0, 0, 0.228128223, -0.134521436, -0.114024805, -0.409022936, 0.204921966, -0.889185942, 0.625854492, -0.645996094, -0.436767578, -0.664068155, -0.73517064, 0.135826174, 5, 1, 
324.3133, 0.1, 0.1, 0.0843329731, 0.197982109, -0.0199627388, 0.835210546, -0.549930308, 6.30465817e-006, 0.549930308, 0.835210546, -2.14219045e-005, 6.51483753e-006, 2.13589231e-005, 1, 0.835211089, -0.549929484, -4.60847165e-006, 0.549929484, 0.835211089, -2.07208543e-005, 1.52440553e-005, 1.47719528e-005, 1, 0, 0, 0, 0, 0, 0, 0, 0.162742554, -0.180555151, -0.145964136, -0.411060851, 0.792929197, -0.449681818, -0.495727539, 0.219604492, 0.840209961, 0.764759583, 0.568628248, 0.303204664, 0, 0, 0, 0, 0, 0, 0, 0.228128223, -0.134521436, -0.114024805, -0.409022936, 0.204921966, -0.889185942, 0.625854492, -0.645996094, -0.436767578, -0.664068155, -0.73517064, 0.135826174, 5, 1, 
