time, realDorsalTactorPos, realVentralTactorPos, boxPosX, boxPosY, boxPosZ, boxLocalRot_11, boxLocalRot_12, boxLocalRot_13, boxLocalRot_21, boxLocalRot_22, boxLocalRot_23, boxLocalRot_31, boxLocalRot_32, boxLocalRot_33, boxGlobalRot_11, boxGlobalRot_12, boxGlobalRot_13, boxGlobalRot_21, boxGlobalRot_22, boxGlobalRot_23, boxGlobalRot_31, boxGlobalRot_32, boxGlobalRot_33, indexForceX, indexForceY, indexForceZ, indexForceGlobalX, indexForceGlobalY, indexForceGlobalZ, indexContact, indexPosX, indexPosY, indexPosZ, indexRot_11, indexRot_12, indexRot_13, indexRot_21, indexRot_22, indexRot_23, indexRot_31, indexRot_32, indexRot_33, thumbForceX, thumbForceY, thumbForceZ, thumbForceGlobalX, thumbForceGlobalY, thumbForceGlobalZ, thumbContact, thumbPosX, thumbPosY, thumbPosZ, thumbRot_11, thumbRot_12, thumbRot_13, thumbRot_21, thumbRot_22, thumbRot_23, thumbRot_31, thumbRot_32, thumbRot_33, mapping, trialSuccess, 
154.019773, 0.1, 0.1, 0.106755095, 0.185053541, -0.0199444471, 0.897466204, -0.441083226, -9.35115302e-006, 0.441083226, 0.897466204, -1.58544963e-005, 1.53854962e-005, 1.01042379e-005, 1, 0.89746587, -0.441083905, 9.96393853e-006, 0.441083905, 0.89746587, -8.82631913e-006, -5.04914745e-006, 1.23162531e-005, 1, 0, 0, 0, 0, 0, 0, 0, 0.141419971, -0.158257056, -0.188600977, -0.268144601, 0.724303846, -0.635260223, -0.68762207, 0.317993164, 0.652587891, 0.674519085, 0.612125706, 0.412808561, 0, 0, 0, 0, 0, 0, 0, 0.23509375, -0.114816162, -0.148387891, 0.0124566192, 0.133389248, -0.990978993, 0.556152344, -0.824462891, -0.104003906, -0.83088633, -0.549737492, -0.0845172557, 3, 1, 
154.036476, 0.1, 0.1, 0.10675509, 0.185053525, -0.019959722, 0.897475427, -0.44106446, 9.45175469e-007, 0.44106446, 0.897475427, 1.24303984e-005, -6.33087874e-006, -1.07390938e-005, 1, 0.897475473, -0.441064366, -2.3810767e-005, 0.441064367, 0.897475472, 2.46612647e-005, 1.04923743e-005, -3.26349611e-005, 0.999999999, 0, 0, 0, 0, 0, 0, 0, 0.143213989, -0.161244653, -0.188559619, -0.263537951, 0.722615902, -0.63892742, -0.690795898, 0.321166992, 0.647827148, 0.673171503, 0.61239305, 0.414625307, 0, 0, 0, 0, 0, 0, 0, 0.236151514, -0.117542334, -0.148189307, 0.0163859465, 0.12854631, -0.991560482, 0.554443359, -0.826416016, -0.0979003906, -0.832068996, -0.548037136, -0.084823858, 3, 1, 
154.037321, 0.1, 0.1, 0.106755088, 0.185053529, -0.019953691, 0.897475376, -0.441064563, -4.6513994e-006, 0.441064563, 0.897475376, 1.69923972e-005, -3.32022784e-006, -1.73018255e-005, 1, 0.897475396, -0.441064524, 1.24316824e-005, 0.441064524, 0.897475396, -1.48620321e-005, -4.602014e-006, 1.88214822e-005, 1, 0, 0, 0, 0, 0, 0, 0, 0.143213989, -0.161244653, -0.188559619, -0.263537951, 0.722615902, -0.63892742, -0.690795898, 0.321166992, 0.647827148, 0.673171503, 0.61239305, 0.414625307, 0, 0, 0, 0, 0, 0, 0, 0.236445068, -0.117333252, -0.14820957, 0.0163859465, 0.12854631, -0.991560482, 0.554443359, -0.826416016, -0.0979003906, -0.832068996, -0.548037136, -0.084823858, 3, 1, 
154.038164, 0.1, 0.1, 0.10675509, 0.185053529, -0.0199514835, 0.897475243, -0.441064834, 5.01277409e-006, 0.441064834, 0.897475242, -4.83292223e-005, 1.68174797e-005, 4.55852389e-005, 0.999999999, 0.897475242, -0.441064836, 1.37527592e-005, 0.441064836, 0.897475242, -2.45442411e-005, -1.51715922e-006, 2.80937072e-005, 1, 0, 0, 0, 0, 0, 0, 0, 0.143213989, -0.161244653, -0.188559619, -0.263537951, 0.722615902, -0.63892742, -0.690795898, 0.321166992, 0.647827148, 0.673171503, 0.61239305, 0.414625307, 0, 0, 0, 0, 0, 0, 0, 0.236445068, -0.117333252, -0.14820957, 0.0163859465, 0.12854631, -0.991560482, 0.554443359, -0.826416016, -0.0979003906, -0.832068996, -0.548037136, -0.084823858, 3, 1, 
154.03909, 0.1, 0.1, 0.106755093, 0.185053528, -0.019953016, 0.897475155, -0.441065012, -3.19650098e-005, 0.441065013, 0.897475155, 2.61878404e-005, 1.7137262e-005, -3.76015835e-005, 0.999999999, 0.897475197, -0.441064928, -3.22653467e-005, 0.441064928, 0.897475196, 2.74565131e-005, 1.68472435e-005, -3.88726523e-005, 0.999999999, 0, 0, 0, 0, 0, 0, 0, 0.143213989, -0.161244653, -0.188559619, -0.263537951, 0.722615902, -0.63892742, -0.690795898, 0.321166992, 0.647827148, 0.673171503, 0.61239305, 0.414625307, 0, 0, 0, 0, 0, 0, 0, 0.236445068, -0.117333252, -0.14820957, 0.0163859465, 0.12854631, -0.991560482, 0.554443359, -0.826416016, -0.0979003906, -0.832068996, -0.548037136, -0.084823858, 3, 1, 
154.039939, 0.1, 0.1, 0.10675509, 0.18505353, -0.0199573025, 0.897475001, -0.441065326, 3.45133719e-006, 0.441065326, 0.897475001, -1.59375537e-005, 3.93201345e-006, 1.58258212e-005, 1, 0.897475034, -0.441065259, 2.66186077e-005, 0.44106526, 0.897475034, -2.42916053e-005, -1.31753526e-005, 3.35416524e-005, 0.999999999, 0, 0, 0, 0, 0, 0, 0, 0.143213989, -0.161244653, -0.188559619, -0.263537951, 0.722615902, -0.63892742, -0.690795898, 0.321166992, 0.647827148, 0.673171503, 0.61239305, 0.414625307, 0, 0, 0, 0, 0, 0, 0, 0.236445068, -0.117333252, -0.14820957, 0.0163859465, 0.12854631, -0.991560482, 0.554443359, -0.826416016, -0.0979003906, -0.832068996, -0.548037136, -0.084823858, 3, 1, 
154.040815, 0.1, 0.1, 0.106755091, 0.185053526, -0.0199633024, 0.897474976, -0.441065379, 5.61886583e-007, 0.441065379, 0.897474975, -1.7037492e-005, 7.0103687e-006, 1.55385514e-005, 1, 0.897474993, -0.441065342, -1.34412063e-005, 0.441065342, 0.897474993, 1.27443815e-005, 6.44204156e-006, -1.73662139e-005, 1, 0, 0, 0, 0, 0, 0, 0, 0.143213989, -0.161244653, -0.188559619, -0.263537951, 0.722615902, -0.63892742, -0.690795898, 0.321166992, 0.647827148, 0.673171503, 0.61239305, 0.414625307, 0, 0, 0, 0, 0, 0, 0, 0.236445068, -0.117333252, -0.14820957, 0.0163859465, 0.12854631, -0.991560482, 0.554443359, -0.826416016, -0.0979003906, -0.832068996, -0.548037136, -0.084823858, 3, 1, 
154.041722, 0.1, 0.1, 0.106755089, 0.185053528, -0.0199676619, 0.897474847, -0.44106564, -3.86229856e-006, 0.44106564, 0.897474847, 2.09865424e-005, -5.79012694e-006, -2.05384211e-005, 1, 0.897474851, -0.441065632, -8.68594847e-006, 0.441065632, 0.897474851, 4.69695488e-006, 5.72375493e-006, -8.04647224e-006, 1, 0, 0, 0, 0, 0, 0, 0, 0.143238403, -0.161898755, -0.188554248, -0.263055682, 0.722939412, -0.638851036, -0.690917969, 0.321044922, 0.647583008, 0.673095119, 0.612094628, 0.415107577, 0, 0, 0, 0, 0, 0, 0, 0.236690039, -0.117811475, -0.14820957, 0.0165904702, 0.128233145, -0.991560482, 0.554931641, -0.826049805, -0.0975341797, -0.831679272, -0.548561022, -0.084823858, 3, 1, 
154.042568, 0.1, 0.1, 0.106755089, 0.185053529, -0.0199697044, 0.89747477, -0.441065797, 1.40782718e-005, 0.441065797, 0.89747477, -1.98040261e-005, -3.90001521e-006, 2.39830579e-005, 1, 0.897474797, -0.441065742, 1.52260125e-005, 0.441065742, 0.897474797, -2.11728949e-005, -4.32632392e-006, 2.5717812e-005, 1, 0, 0, 0, 0, 0, 0, 0, 0.143238403, -0.161898755, -0.188554248, -0.263055682, 0.722939412, -0.638851036, -0.690917969, 0.321044922, 0.647583008, 0.673095119, 0.612094628, 0.415107577, 0, 0, 0, 0, 0, 0, 0, 0.236690039, -0.117811475, -0.14820957, 0.0165904702, 0.128233145, -0.991560482, 0.554931641, -0.826049805, -0.0975341797, -0.831679272, -0.548561022, -0.084823858, 3, 1, 
154.043494, 0.1, 0.1, 0.106755091, 0.185053525, -0.0199686417, 0.89747473, -0.441065878, -1.28233954e-005, 0.441065878, 0.89747473, 4.02473432e-006, 9.73350037e-006, -9.26805951e-006, 1, 0.897474728, -0.441065881, -7.11431423e-006, 0.441065881, 0.897474728, 2.46923566e-005, -4.50603881e-006, -2.52986473e-005, 1, 0, 0, 0, 0, 0, 0, 0, 0.143238403, -0.161898755, -0.188554248, -0.263048569, 0.725064321, -0.636426583, -0.689331055, 0.3203125, 0.649658203, 0.674700688, 0.609904196, 0.415588725, 0, 0, 0, 0, 0, 0, 0, 0.236690039, -0.117811475, -0.14820957, 0.0165904702, 0.128233145, -0.991560482, 0.554931641, -0.826049805, -0.0975341797, -0.831679272, -0.548561022, -0.084823858, 3, 1, 
154.044368, 0.1, 0.1, 0.10675509, 0.185053528, -0.0199646275, 0.897474623, -0.441066096, -1.39872327e-005, 0.441066096, 0.897474623, 1.42884729e-005, 6.25102546e-006, -1.8992836e-005, 1, 0.897474635, -0.441066071, -2.32972364e-006, 0.441066071, 0.897474635, -1.22628117e-005, 7.49957804e-006, 9.97800037e-006, 1, 0, 0, 0, 0, 0, 0, 0, 0.14302041, -0.162466553, -0.189098608, -0.263048569, 0.725064321, -0.636426583, -0.689331055, 0.3203125, 0.649658203, 0.674700688, 0.609904196, 0.415588725, 0, 0, 0, 0, 0, 0, 0, 0.236575537, -0.118193262, -0.148852441, 0.014878088, 0.129217118, -0.991394237, 0.55480957, -0.825927734, -0.0993652344, -0.831736508, -0.548580345, -0.0840699287, 3, 1, 
154.045217, 0.1, 0.1, 0.10675509, 0.185053525, -0.0199604063, 0.8974746, -0.441066142, 2.30464847e-005, 0.441066143, 0.8974746, -2.17308496e-005, -1.10988927e-005, 2.96679096e-005, 0.999999999, 0.897474625, -0.441066092, 3.07540397e-006, 0.441066092, 0.897474625, -1.63680441e-005, 4.45929223e-006, 1.60463607e-005, 1, 0, 0, 0, 0, 0, 0, 0, 0.14302041, -0.162466553, -0.189098608, -0.263048569, 0.725064321, -0.636426583, -0.689331055, 0.3203125, 0.649658203, 0.674700688, 0.609904196, 0.415588725, 0, 0, 0, 0, 0, 0, 0, 0.236575537, -0.118193262, -0.148852441, 0.014878088, 0.129217118, -0.991394237, 0.55480957, -0.825927734, -0.0993652344, -0.831736508, -0.548580345, -0.0840699287, 3, 1, 
154.046106, 0.1, 0.1, 0.106755091, 0.18505352, -0.019956837, 0.897474554, -0.441066237, -7.31026643e-006, 0.441066236, 0.897474553, 4.47747535e-005, -1.31878539e-005, -4.34085136e-005, 0.999999999, 0.897474543, -0.441066258, -8.84105925e-006, 0.441066258, 0.897474542, 4.7152563e-005, -1.28627789e-005, -4.62177179e-005, 0.999999999, 0, 0, 0, 0, 0, 0, 0, 0.14302041, -0.162466553, -0.189098608, -0.263048569, 0.725064321, -0.636426583, -0.689331055, 0.3203125, 0.649658203, 0.674700688, 0.609904196, 0.415588725, 0, 0, 0, 0, 0, 0, 0, 0.236575537, -0.118193262, -0.148852441, 0.014878088, 0.129217118, -0.991394237, 0.55480957, -0.825927734, -0.0993652344, -0.831736508, -0.548580345, -0.0840699287, 3, 1, 
154.046951, 0.1, 0.1, 0.106755088, 0.185053522, -0.0199557546, 0.897474489, -0.441066368, 5.37156829e-006, 0.441066368, 0.897474489, -1.03549967e-005, -2.53604736e-007, 1.16625635e-005, 1, 0.897474514, -0.441066318, 2.75901667e-005, 0.441066318, 0.897474514, -1.9212232e-005, -1.6287603e-005, 2.94115818e-005, 0.999999999, 0, 0, 0, 0, 0, 0, 0, 0.14302041, -0.162466553, -0.189098608, -0.263048569, 0.725064321, -0.636426583, -0.689331055, 0.3203125, 0.649658203, 0.674700688, 0.609904196, 0.415588725, 0, 0, 0, 0, 0, 0, 0, 0.236575537, -0.118193262, -0.148852441, 0.014878088, 0.129217118, -0.991394237, 0.55480957, -0.825927734, -0.0993652344, -0.831736508, -0.548580345, -0.0840699287, 3, 1, 
154.047818, 0.1, 0.1, 0.106755095, 0.185053519, -0.0199573168, 0.897474389, -0.441066572, 2.65847726e-005, 0.441066572, 0.897474389, -4.051089e-006, -2.20723526e-005, 1.53614032e-005, 1, 0.897474404, -0.44106654, -2.60701477e-005, 0.44106654, 0.897474405, 1.05505048e-005, 1.87438156e-005, -2.09674779e-005, 1, 0, 0, 0, 0, 0, 0, 0, 0.14302041, -0.162466553, -0.189098608, -0.263048569, 0.725064321, -0.636426583, -0.689331055, 0.3203125, 0.649658203, 0.674700688, 0.609904196, 0.415588725, 0, 0, 0, 0, 0, 0, 0, 0.236575537, -0.118193262, -0.148852441, 0.014878088, 0.129217118, -0.991394237, 0.55480957, -0.825927734, -0.0993652344, -0.831736508, -0.548580345, -0.0840699287, 3, 1, 
154.048744, 0.1, 0.1, 0.106755089, 0.185053518, -0.0199596633, 0.897474302, -0.441066747, -2.82407023e-005, 0.441066748, 0.897474302, 1.80456811e-005, 1.73859547e-005, -2.86515698e-005, 0.999999999, 0.897474318, -0.441066716, -9.35808041e-006, 0.441066716, 0.897474318, 1.2295996e-005, 2.97528225e-006, -1.51628784e-005, 1, 0, 0, 0, 0, 0, 0, 0, 0.142820728, -0.16310564, -0.189743188, -0.262679753, 0.725736429, -0.63590013, -0.688110352, 0.321166992, 0.650634766, 0.676248968, 0.608685417, 0.415010975, 0, 0, 0, 0, 0, 0, 0, 0.236733838, -0.118859326, -0.149286963, 0.0140793161, 0.129006397, -0.991483556, 0.553955078, -0.826416016, -0.099609375, -0.832311433, -0.547743294, -0.0832201176, 3, 1, 
154.049588, 0.1, 0.1, 0.106755084, 0.185053519, -0.0199625809, 0.897474222, -0.441066908, 5.21144432e-005, 0.44106691, 0.897474223, -1.97611106e-005, -3.80553975e-005, 4.07210438e-005, 0.999999998, 0.897474235, -0.441066882, 5.37170099e-005, 0.441066883, 0.897474236, -1.72081133e-005, -4.06197035e-005, 3.91366324e-005, 0.999999998, 0, 0, 0, 0, 0, 0, 0, 0.142820728, -0.16310564, -0.189743188, -0.262679753, 0.725736429, -0.63590013, -0.688110352, 0.321166992, 0.650634766, 0.676248968, 0.608685417, 0.415010975, 0, 0, 0, 0, 0, 0, 0, 0.236733838, -0.118859326, -0.149286963, 0.0140793161, 0.129006397, -0.991483556, 0.553955078, -0.826416016, -0.099609375, -0.832311433, -0.547743294, -0.0832201176, 3, 1, 
154.050484, 0.1, 0.1, 0.106755086, 0.185053519, -0.0199653034, 0.897474168, -0.441067022, -3.88546638e-006, 0.441067022, 0.897474168, -5.98788981e-006, 6.12816644e-006, 3.66022534e-006, 1, 0.89747418, -0.441066997, -2.49686131e-005, 0.441066997, 0.89747418, 1.29418494e-006, 2.18378633e-005, -1.21743288e-005, 1, 0, 0, 0, 0, 0, 0, 0, 0.142820728, -0.16310564, -0.189743188, -0.262679753, 0.725736429, -0.63590013, -0.688110352, 0.321166992, 0.650634766, 0.676248968, 0.608685417, 0.415010975, 0, 0, 0, 0, 0, 0, 0, 0.236733838, -0.118859326, -0.149286963, 0.0140793161, 0.129006397, -0.991483556, 0.553955078, -0.826416016, -0.099609375, -0.832311433, -0.547743294, -0.0832201176, 3, 1, 
154.051344, 0.1, 0.1, 0.106755082, 0.185053517, -0.019966203, 0.897474006, -0.441067351, -1.02559121e-005, 0.441067351, 0.897474006, -9.46368603e-006, 1.33785375e-005, 3.96986422e-006, 1, 0.897474028, -0.441067306, 1.50235482e-005, 0.441067306, 0.897474028, 2.66174632e-006, -1.46572536e-005, 4.23754775e-006, 1, 0, 0, 0, 0, 0, 0, 0, 0.142820728, -0.16310564, -0.189743188, -0.262679753, 0.725736429, -0.63590013, -0.688110352, 0.321166992, 0.650634766, 0.676248968, 0.608685417, 0.415010975, 0, 0, 0, 0, 0, 0, 0, 0.236733838, -0.118859326, -0.149286963, 0.0140793161, 0.129006397, -0.991483556, 0.553955078, -0.826416016, -0.099609375, -0.832311433, -0.547743294, -0.0832201176, 3, 1, 
154.052194, 0.1, 0.1, 0.106755084, 0.185053516, -0.0199658929, 0.897473931, -0.441067503, 1.64108765e-005, 0.441067503, 0.897473931, 1.7766486e-005, -2.25645535e-005, -8.70665367e-006, 1, 0.897473964, -0.441067438, 1.20048386e-005, 0.441067438, 0.897473964, 1.29151811e-006, -1.13436767e-005, 4.13583954e-006, 1, 0, 0, 0, 0, 0, 0, 0, 0.142820728, -0.16310564, -0.189743188, -0.262679753, 0.725736429, -0.63590013, -0.688110352, 0.321166992, 0.650634766, 0.676248968, 0.608685417, 0.415010975, 0, 0, 0, 0, 0, 0, 0, 0.236733838, -0.118859326, -0.149286963, 0.0140793161, 0.129006397, -0.991483556, 0.553955078, -0.826416016, -0.099609375, -0.832311433, -0.547743294, -0.0832201176, 3, 1, 
154.053115, 0.1, 0.1, 0.106755089, 0.185053517, -0.0199639963, 0.897473846, -0.441067675, -3.8980877e-005, 0.441067675, 0.897473847, -6.5247939e-006, 3.78621933e-005, -1.13373729e-005, 0.999999999, 0.897473845, -0.441067677, -4.15158869e-005, 0.441067677, 0.897473846, -7.37913346e-006, 4.05141199e-005, -1.16887365e-005, 0.999999999, 0, 0, 0, 0, 0, 0, 0, 0.142820728, -0.16310564, -0.189743188, -0.263504629, 0.72664368, -0.634497504, -0.68737793, 0.320068359, 0.651855469, 0.676503208, 0.608170947, 0.415283189, 0, 0, 0, 0, 0, 0, 0, 0.236733838, -0.118859326, -0.149286963, 0.0140793161, 0.129006397, -0.991483556, 0.553955078, -0.826416016, -0.099609375, -0.832311433, -0.547743294, -0.0832201176, 3, 1, 
154.05398, 0.1, 0.1, 0.106755087, 0.185053515, -0.019961037, 0.897473754, -0.441067865, 8.55092861e-006, 0.441067865, 0.897473754, -1.02632777e-007, -7.62896598e-006, 3.86365005e-006, 1, 0.897473782, -0.441067807, 1.6753635e-005, 0.441067807, 0.897473782, 2.02414104e-005, -2.39637826e-005, -1.07766461e-005, 1, 0, 0, 0, 0, 0, 0, 0, 0.143002588, -0.163284082, -0.190340405, -0.263504629, 0.72664368, -0.634497504, -0.68737793, 0.320068359, 0.651855469, 0.676503208, 0.608170947, 0.415283189, 0, 0, 0, 0, 0, 0, 0, 0.236707227, -0.119305811, -0.14972832, 0.0137278711, 0.129006397, -0.991521836, 0.553833008, -0.826538086, -0.0998535156, -0.832471114, -0.547743294, -0.0828559128, 3, 1, 
154.054854, 0.1, 0.1, 0.106755091, 0.185053515, -0.0199590689, 0.897473746, -0.44106788, 1.87772308e-005, 0.44106788, 0.897473746, 6.84735348e-006, -1.98722194e-005, 2.1367134e-006, 1, 0.897473758, -0.441067856, -1.19965219e-005, 0.441067856, 0.897473758, -9.34914789e-006, 1.48901722e-005, 3.09933469e-006, 1, 0, 0, 0, 0, 0, 0, 0, 0.143002588, -0.163284082, -0.190340405, -0.263504629, 0.72664368, -0.634497504, -0.68737793, 0.320068359, 0.651855469, 0.676503208, 0.608170947, 0.415283189, 0, 0, 0, 0, 0, 0, 0, 0.236707227, -0.119305811, -0.14972832, 0.0137278711, 0.129006397, -0.991521836, 0.553833008, -0.826538086, -0.0998535156, -0.832471114, -0.547743294, -0.0828559128, 3, 1, 
154.05576, 0.1, 0.1, 0.106755089, 0.185053512, -0.0199574559, 0.897473632, -0.441068111, -3.47654033e-005, 0.441068111, 0.897473633, -3.16925662e-008, 3.12150114e-005, -1.53054675e-005, 0.999999999, 0.897473629, -0.441068119, -1.40047922e-005, 0.441068119, 0.897473629, -7.83668591e-006, 1.6025444e-005, 8.56151593e-007, 1, 0, 0, 0, 0, 0, 0, 0, 0.143002588, -0.163284082, -0.190340405, -0.263504629, 0.72664368, -0.634497504, -0.68737793, 0.320068359, 0.651855469, 0.676503208, 0.608170947, 0.415283189, 0, 0, 0, 0, 0, 0, 0, 0.236707227, -0.119305811, -0.14972832, 0.0137278711, 0.129006397, -0.991521836, 0.553833008, -0.826538086, -0.0998535156, -0.832471114, -0.547743294, -0.0828559128, 3, 1, 
154.056608, 0.1, 0.1, 0.106755088, 0.185053508, -0.0199578562, 0.897473576, -0.441068225, 2.64295365e-005, 0.441068224, 0.897473577, 3.06683755e-005, -3.72466566e-005, -1.58668279e-005, 0.999999999, 0.897473604, -0.441068168, 2.77541955e-005, 0.441068168, 0.897473604, 3.14634306e-005, -3.87861756e-005, -1.59961063e-005, 0.999999999, 0, 0, 0, 0, 0, 0, 0, 0.143002588, -0.163284082, -0.190340405, -0.263504629, 0.72664368, -0.634497504, -0.68737793, 0.320068359, 0.651855469, 0.676503208, 0.608170947, 0.415283189, 0, 0, 0, 0, 0, 0, 0, 0.236707227, -0.119305811, -0.14972832, 0.0137278711, 0.129006397, -0.991521836, 0.553833008, -0.826538086, -0.0998535156, -0.832471114, -0.547743294, -0.0828559128, 3, 1, 
154.057469, 0.1, 0.1, 0.106755088, 0.185053515, -0.0199600558, 0.897473445, -0.441068493, -6.77798981e-006, 0.441068493, 0.897473445, -2.37980868e-005, 1.65796522e-005, 1.83685932e-005, 1, 0.897473466, -0.441068449, -1.1000198e-005, 0.441068448, 0.897473466, -4.93461413e-005, 3.16374119e-005, 3.94350123e-005, 0.999999999, 0, 0, 0, 0, 0, 0, 0, 0.143002588, -0.163284082, -0.190340405, -0.263504629, 0.72664368, -0.634497504, -0.68737793, 0.320068359, 0.651855469, 0.676503208, 0.608170947, 0.415283189, 0, 0, 0, 0, 0, 0, 0, 0.236707227, -0.119305811, -0.14972832, 0.0137278711, 0.129006397, -0.991521836, 0.553833008, -0.826538086, -0.0998535156, -0.832471114, -0.547743294, -0.0828559128, 3, 1, 
154.058399, 0.1, 0.1, 0.106755088, 0.185053506, -0.0199619908, 0.897473341, -0.441068704, -1.51562805e-005, 0.441068704, 0.897473341, -7.16791781e-006, 1.67639019e-005, -2.51945834e-007, 1, 0.897473361, -0.441068663, -1.27862659e-006, 0.441068663, 0.897473361, 3.17479667e-005, -1.28554999e-005, -2.90569165e-005, 0.999999999, 0, 0, 0, 0, 0, 0, 0, 0.143147949, -0.163504028, -0.190531787, -0.264983639, 0.726656785, -0.633875571, -0.68762207, 0.318481445, 0.65246582, 0.675748724, 0.609034015, 0.415308276, 0, 0, 0, 0, 0, 0, 0, 0.236943896, -0.119593994, -0.149723193, 0.0138109933, 0.128207625, -0.991560115, 0.554443359, -0.826171875, -0.0991210937, -0.832094149, -0.548318219, -0.082491708, 3, 1, 
154.059272, 0.1, 0.1, 0.106755083, 0.185053519, -0.0199636266, 0.897472974, -0.44106945, 4.06243923e-005, 0.441069451, 0.897472974, -2.77055598e-005, -2.42392182e-005, 4.27831696e-005, 0.999999999, 0.897473069, -0.441069257, 4.01866451e-005, 0.441069259, 0.897473067, -5.29456058e-005, -1.27137526e-005, 6.52423491e-005, 0.999999998, 0, 0, 0, 0, 0, 0, 0, 0.143147949, -0.163504028, -0.190531787, -0.264983639, 0.726656785, -0.633875571, -0.68762207, 0.318481445, 0.65246582, 0.675748724, 0.609034015, 0.415308276, 0, 0, 0, 0, 0, 0, 0, 0.236943896, -0.119593994, -0.149723193, 0.0138109933, 0.128207625, -0.991560115, 0.554443359, -0.826171875, -0.0991210937, -0.832094149, -0.548318219, -0.082491708, 3, 1, 
154.060194, 0.1, 0.1, 0.106755094, 0.185053507, -0.0199643929, 0.897472231, -0.441070957, -7.51162925e-005, 0.441070962, 0.89747223, 6.05645595e-005, 4.07015183e-005, -8.74866256e-005, 0.999999995, 0.897472414, -0.441070585, -7.49833889e-005, 0.441070589, 0.897472413, 6.2696107e-005, 3.96421144e-005, -8.9340994e-005, 0.999999995, 0, 0, 0, 0, 0, 0, 0, 0.143147949, -0.163504028, -0.190531787, -0.266519936, 0.72612434, -0.633894667, -0.688232422, 0.317138672, 0.65246582, 0.674632539, 0.610354265, 0.415187709, 0, 0, 0, 0, 0, 0, 0, 0.236943896, -0.119593994, -0.149723193, 0.0138109933, 0.128207625, -0.991560115, 0.554443359, -0.826171875, -0.0991210937, -0.832094149, -0.548318219, -0.082491708, 3, 1, 
154.061064, 0.1, 0.1, 0.106755089, 0.185053503, -0.0199635164, 0.897471514, -0.441072414, 7.85337399e-005, 0.441072417, 0.897471516, -1.8690896e-005, -6.2237756e-005, 5.14136132e-005, 0.999999997, 0.897471642, -0.441072156, 6.72779134e-005, 0.441072158, 0.897471644, -8.0879794e-006, -5.6812637e-005, 3.69331466e-005, 0.999999998, 0, 0, 0, 0, 0, 0, 0, 0.143512524, -0.163527222, -0.19053313, -0.266519936, 0.72612434, -0.633894667, -0.688232422, 0.317138672, 0.65246582, 0.674632539, 0.610354265, 0.415187709, 0, 0, 0, 0, 0, 0, 0, 0.237169092, -0.11964917, -0.149728076, 0.0136130327, 0.127702696, -0.991707036, 0.555419922, -0.825561523, -0.0986328125, -0.831378499, -0.549353231, -0.0822616646, 3, 1, 
154.061914, 0.1, 0.1, 0.106755089, 0.185053504, -0.0199625365, 0.897471067, -0.441073328, -5.85543611e-005, 0.44107333, 0.897471067, 3.29920286e-005, 3.79989411e-005, -5.54361581e-005, 0.999999998, 0.897471122, -0.441073218, -4.22326629e-005, 0.441073219, 0.897471122, 1.31567544e-005, 3.20995034e-005, -3.04355037e-005, 0.999999999, 0, 0, 0, 0, 0, 0, 0, 0.143512524, -0.163527222, -0.19053313, -0.266519936, 0.72612434, -0.633894667, -0.688232422, 0.317138672, 0.65246582, 0.674632539, 0.610354265, 0.415187709, 0, 0, 0, 0, 0, 0, 0, 0.237169092, -0.11964917, -0.149728076, 0.0136130327, 0.127702696, -0.991707036, 0.555419922, -0.825561523, -0.0986328125, -0.831378499, -0.549353231, -0.0822616646, 3, 1, 
154.062828, 0.1, 0.1, 0.106755086, 0.185053496, -0.0199611258, 0.897470973, -0.441073518, 6.33848382e-005, 0.441073519, 0.897470975, -7.32830845e-006, -5.36537297e-005, 3.45343177e-005, 0.999999998, 0.897470958, -0.441073551, 5.31244441e-005, 0.441073551, 0.897470959, 1.14626477e-005, -5.27335166e-005, 1.31443938e-005, 0.999999999, 0, 0, 0, 0, 0, 0, 0, 0.143512524, -0.163527222, -0.19053313, -0.266519936, 0.72612434, -0.633894667, -0.688232422, 0.317138672, 0.65246582, 0.674632539, 0.610354265, 0.415187709, 0, 0, 0, 0, 0, 0, 0, 0.237169092, -0.11964917, -0.149728076, 0.0136130327, 0.127702696, -0.991707036, 0.555419922, -0.825561523, -0.0986328125, -0.831378499, -0.549353231, -0.0822616646, 3, 1, 
154.063672, 0.1, 0.1, 0.106755091, 0.185053497, -0.0199601435, 0.897471228, -0.441072997, -8.40719552e-005, 0.441073, 0.89747123, 2.5287895e-005, 6.42983534e-005, -5.97770277e-005, 0.999999996, 0.897471149, -0.441073161, -6.74365357e-005, 0.441073162, 0.89747115, 7.94693953e-006, 5.70171636e-005, -3.6876595e-005, 0.999999998, 0, 0, 0, 0, 0, 0, 0, 0.143512524, -0.163527222, -0.19053313, -0.266519936, 0.72612434, -0.633894667, -0.688232422, 0.317138672, 0.65246582, 0.674632539, 0.610354265, 0.415187709, 0, 0, 0, 0, 0, 0, 0, 0.237169092, -0.11964917, -0.149728076, 0.0136130327, 0.127702696, -0.991707036, 0.555419922, -0.825561523, -0.0986328125, -0.831378499, -0.549353231, -0.0822616646, 3, 1, 
154.064516, 0.1, 0.1, 0.106755095, 0.185053493, -0.0199602713, 0.897471759, -0.441071921, 4.29728605e-005, 0.441071922, 0.89747176, -1.48615101e-005, -3.20119339e-005, 3.22919078e-005, 0.999999999, 0.89747163, -0.441072185, 2.84683224e-005, 0.441072185, 0.897471631, 4.10145946e-006, -2.73585514e-005, 8.87564164e-006, 1, 0, 0, 0, 0, 0, 0, 0, 0.143512524, -0.163527222, -0.19053313, -0.266519936, 0.72612434, -0.633894667, -0.688232422, 0.317138672, 0.65246582, 0.674632539, 0.610354265, 0.415187709, 0, 0, 0, 0, 0, 0, 0, 0.237169092, -0.11964917, -0.149728076, 0.0136130327, 0.127702696, -0.991707036, 0.555419922, -0.825561523, -0.0986328125, -0.831378499, -0.549353231, -0.0822616646, 3, 1, 
154.065456, 0.1, 0.1, 0.106755095, 0.185053491, -0.01996046, 0.897472646, -0.441070118, -1.47657092e-005, 0.441070118, 0.897472644, 5.97879986e-005, -1.31188795e-005, -6.01708064e-005, 0.999999998, 0.89747246, -0.441070496, -2.51788746e-005, 0.441070497, 0.897472459, 3.31294292e-005, 7.98493279e-006, -4.0838409e-005, 0.999999999, 0, 0, 0, 0, 0, 0, 0, 0.143879175, -0.163553833, -0.190530444, -0.267992955, 0.72550952, -0.633856475, -0.689086914, 0.315551758, 0.65234375, 0.673135555, 0.611934746, 0.415428844, 0, 0, 0, 0, 0, 0, 0, 0.237401123, -0.119699707, -0.149726367, 0.0133640329, 0.127529888, -0.991719796, 0.557250977, -0.82434082, -0.0985107422, -0.830177243, -0.551212534, -0.082140263, 3, 1, 
154.06631, 0.1, 0.1, 0.106755097, 0.185053488, -0.0199609895, 0.89747349, -0.441068402, 1.07362588e-005, 0.441068402, 0.897473489, -4.70540727e-005, 1.1118557e-005, 4.69652073e-005, 0.999999999, 0.897473361, -0.441068664, -7.15046583e-006, 0.441068663, 0.897473361, -2.80928299e-005, 1.88082195e-005, 2.20587201e-005, 1, 0, 0, 0, 0, 0, 0, 0, 0.143879175, -0.163553833, -0.190530444, -0.267992955, 0.72550952, -0.633856475, -0.689086914, 0.315551758, 0.65234375, 0.673135555, 0.611934746, 0.415428844, 0, 0, 0, 0, 0, 0, 0, 0.237401123, -0.119699707, -0.149726367, 0.0133640329, 0.127529888, -0.991719796, 0.557250977, -0.82434082, -0.0985107422, -0.830177243, -0.551212534, -0.082140263, 3, 1, 
154.067173, 0.1, 0.1, 0.106755095, 0.185053492, -0.0199622778, 0.897473967, -0.44106743, -3.27709688e-005, 0.441067431, 0.897473967, 2.10362502e-005, 2.01326865e-005, -3.33336939e-005, 0.999999999, 0.897473868, -0.441067631, -1.562888e-005, 0.441067631, 0.897473868, 3.28056998e-006, 1.25795582e-005, -9.83761891e-006, 1, 0, 0, 0, 0, 0, 0, 0, 0.143879175, -0.163553833, -0.190530444, -0.267992955, 0.72550952, -0.633856475, -0.689086914, 0.315551758, 0.65234375, 0.673135555, 0.611934746, 0.415428844, 0, 0, 0, 0, 0, 0, 0, 0.237401123, -0.119699707, -0.149726367, 0.0133640329, 0.127529888, -0.991719796, 0.557250977, -0.82434082, -0.0985107422, -0.830177243, -0.551212534, -0.082140263, 3, 1, 
154.068037, 0.1, 0.1, 0.106755095, 0.185053492, -0.0199631805, 0.897474527, -0.441066292, 9.83924992e-006, 0.441066291, 0.897474525, -5.32295206e-005, 1.46472711e-005, 5.21119003e-005, 0.999999999, 0.897474391, -0.441066567, 1.99666431e-005, 0.441066568, 0.897474391, -2.57950676e-005, -6.54220891e-006, 3.19570314e-005, 0.999999999, 0, 0, 0, 0, 0, 0, 0, 0.143879175, -0.163553833, -0.190530444, -0.267992955, 0.72550952, -0.633856475, -0.689086914, 0.315551758, 0.65234375, 0.673135555, 0.611934746, 0.415428844, 0, 0, 0, 0, 0, 0, 0, 0.237401123, -0.119699707, -0.149726367, 0.0133640329, 0.127529888, -0.991719796, 0.557250977, -0.82434082, -0.0985107422, -0.830177243, -0.551212534, -0.082140263, 3, 1, 
154.068878, 0.1, 0.1, 0.106755094, 0.185053495, -0.0199640596, 0.897475124, -0.441065076, -1.58387813e-005, 0.441065076, 0.897475123, 3.20996625e-005, 5.68721319e-008, -3.57945818e-005, 0.999999999, 0.897475035, -0.441065257, 1.14254681e-006, 0.441065257, 0.897475035, 1.62458085e-005, -8.19086893e-006, -1.40762698e-005, 1, 0, 0, 0, 0, 0, 0, 0, 0.143879175, -0.163553833, -0.190530444, -0.267992955, 0.72550952, -0.633856475, -0.689086914, 0.315551758, 0.65234375, 0.673135555, 0.611934746, 0.415428844, 0, 0, 0, 0, 0, 0, 0, 0.237401123, -0.119699707, -0.149726367, 0.0133640329, 0.127529888, -0.991719796, 0.557250977, -0.82434082, -0.0985107422, -0.830177243, -0.551212534, -0.082140263, 3, 1, 
154.06979, 0.1, 0.1, 0.106755095, 0.185053495, -0.0199643121, 0.897475585, -0.441064139, 2.00704012e-005, 0.441064139, 0.897475584, -4.31772469e-005, 1.03124016e-006, 4.76028591e-005, 0.999999999, 0.897475491, -0.44106433, 4.34063111e-006, 0.44106433, 0.897475491, -2.52940117e-005, 7.2606763e-006, 2.46152531e-005, 1, 0, 0, 0, 0, 0, 0, 0, 0.143879175, -0.163553833, -0.190530444, -0.268507425, 0.725243298, -0.634059418, -0.689819336, 0.314819336, 0.651977539, 0.672228304, 0.612594871, 0.41570817, 0, 0, 0, 0, 0, 0, 0, 0.237401123, -0.119699707, -0.149726367, 0.0133640329, 0.127529888, -0.991719796, 0.557250977, -0.82434082, -0.0985107422, -0.830177243, -0.551212534, -0.082140263, 3, 1, 
154.070653, 0.1, 0.1, 0.106755093, 0.185053496, -0.0199631218, 0.897475813, -0.441063674, -3.95784973e-005, 0.441063675, 0.897475812, 3.42574168e-005, 2.0411042e-005, -4.82018404e-005, 0.999999999, 0.897475775, -0.441063751, -2.15234744e-005, 0.441063751, 0.897475775, 1.80211363e-005, 1.13683269e-005, -2.56667577e-005, 1, 0, 0, 0, 0, 0, 0, 0, 0.144296606, -0.16356543, -0.190539966, -0.268507425, 0.725243298, -0.634059418, -0.689819336, 0.314819336, 0.651977539, 0.672228304, 0.612594871, 0.41570817, 0, 0, 0, 0, 0, 0, 0, 0.237904492, -0.119515283, -0.149733203, 0.0138562025, 0.127452963, -0.991668757, 0.558837891, -0.823364258, -0.0980224609, -0.82902083, -0.552816275, -0.0826258694, 3, 1, 
154.071505, 0.1, 0.1, 0.106755095, 0.185053493, -0.0199619994, 0.897476093, -0.441063105, 1.43765153e-005, 0.441063106, 0.897476092, -3.16291439e-005, 1.04786964e-006, 3.4727351e-005, 0.999999999, 0.897476036, -0.441063222, 2.10460723e-006, 0.441063222, 0.897476035, -1.45608959e-005, 4.53344111e-006, 1.399632e-005, 1, 0, 0, 0, 0, 0, 0, 0, 0.144296606, -0.16356543, -0.190539966, -0.268507425, 0.725243298, -0.634059418, -0.689819336, 0.314819336, 0.651977539, 0.672228304, 0.612594871, 0.41570817, 0, 0, 0, 0, 0, 0, 0, 0.237904492, -0.119515283, -0.149733203, 0.0138562025, 0.127452963, -0.991668757, 0.558837891, -0.823364258, -0.0980224609, -0.82902083, -0.552816275, -0.0826258694, 3, 1, 
154.072419, 0.1, 0.1, 0.106755094, 0.185053495, -0.0199606612, 0.89747621, -0.441062865, -3.20038283e-005, 0.441062865, 0.897476211, -9.31433046e-006, 3.28308799e-005, -5.75631021e-006, 0.999999999, 0.897476213, -0.44106286, -2.51149952e-005, 0.44106286, 0.897476213, 5.47210431e-007, 2.22987566e-005, -1.15683999e-005, 1, 0, 0, 0, 0, 0, 0, 0, 0.144296606, -0.16356543, -0.190539966, -0.268507425, 0.725243298, -0.634059418, -0.689819336, 0.314819336, 0.651977539, 0.672228304, 0.612594871, 0.41570817, 0, 0, 0, 0, 0, 0, 0, 0.237904492, -0.119515283, -0.149733203, 0.0138562025, 0.127452963, -0.991668757, 0.558837891, -0.823364258, -0.0980224609, -0.82902083, -0.552816275, -0.0826258694, 3, 1, 
154.073286, 0.1, 0.1, 0.10675509, 0.185053493, -0.0199596059, 0.897476022, -0.441063247, 3.19445101e-005, 0.441063246, 0.897476023, 4.66521314e-005, -4.92459725e-005, -2.777962e-005, 0.999999998, 0.897476083, -0.441063123, 3.57150095e-005, 0.441063122, 0.897476084, 3.72047113e-005, -4.8462993e-005, -1.76377649e-005, 0.999999999, 0, 0, 0, 0, 0, 0, 0, 0.144296606, -0.16356543, -0.190539966, -0.268507425, 0.725243298, -0.634059418, -0.689819336, 0.314819336, 0.651977539, 0.672228304, 0.612594871, 0.41570817, 0, 0, 0, 0, 0, 0, 0, 0.238157764, -0.119573633, -0.149518262, 0.0141821278, 0.126788352, -0.991790159, 0.559570312, -0.822998047, -0.0971679687, -0.828618345, -0.553499842, -0.0826386292, 3, 1, 
154.074132, 0.1, 0.1, 0.106755094, 0.185053501, -0.0199598549, 0.897475691, -0.441063921, -4.57691646e-005, 0.441063917, 0.89747569, -8.21140554e-005, 7.72942598e-005, 5.35082416e-005, 0.999999996, 0.897475751, -0.441063799, -3.93079378e-005, 0.441063795, 0.897475751, -7.58609216e-005, 6.87374272e-005, 5.07460294e-005, 0.999999996, 0, 0, 0, 0, 0, 0, 0, 0.144296606, -0.16356543, -0.190539966, -0.268507425, 0.725243298, -0.634059418, -0.689819336, 0.314819336, 0.651977539, 0.672228304, 0.612594871, 0.41570817, 0, 0, 0, 0, 0, 0, 0, 0.238157764, -0.119573633, -0.149518262, 0.0141821278, 0.126788352, -0.991790159, 0.559570312, -0.822998047, -0.0971679687, -0.828618345, -0.553499842, -0.0826386292, 3, 1, 
154.075057, 0.1, 0.1, 0.106755098, 0.185053496, -0.0199606337, 0.897475401, -0.441064513, 8.13627166e-006, 0.441064512, 0.897475398, 7.59801765e-005, -4.08142632e-005, -6.46017186e-005, 0.999999997, 0.89747545, -0.441064413, 3.17532742e-006, 0.441064412, 0.897475448, 6.76611225e-005, -3.26926917e-005, -5.93236724e-005, 0.999999998, 0, 0, 0, 0, 0, 0, 0, 0.144725513, -0.163573608, -0.190761865, -0.268824944, 0.725059451, -0.634040322, -0.690063477, 0.314331055, 0.651855469, 0.671784226, 0.612994766, 0.415828738, 0, 0, 0, 0, 0, 0, 0, 0.238157764, -0.119573633, -0.149518262, 0.0141821278, 0.126788352, -0.991790159, 0.559570312, -0.822998047, -0.0971679687, -0.828618345, -0.553499842, -0.0826386292, 3, 1, 
154.076026, 0.1, 0.1, 0.1067551, 0.1850535, -0.0199611951, 0.897475171, -0.441064981, -1.45959416e-005, 0.441064979, 0.897475169, -6.71729913e-005, 4.27271493e-005, 5.38483331e-005, 0.999999998, 0.897475241, -0.441064839, -1.82826749e-005, 0.441064837, 0.89747524, -5.24899855e-005, 3.9559735e-005, 3.90446174e-005, 0.999999998, 0, 0, 0, 0, 0, 0, 0, 0.144725513, -0.163573608, -0.190761865, -0.268824944, 0.725059451, -0.634040322, -0.690063477, 0.314331055, 0.651855469, 0.671784226, 0.612994766, 0.415828738, 0, 0, 0, 0, 0, 0, 0, 0.238157764, -0.119573633, -0.149518262, 0.0141821278, 0.126788352, -0.991790159, 0.559570312, -0.822998047, -0.0971679687, -0.828618345, -0.553499842, -0.0826386292, 3, 1, 
154.077451, 0.1, 0.1, 0.106755104, 0.185053486, -0.0199525558, 0.897474479, -0.441066386, -5.43783483e-005, 0.441066389, 0.897474477, 5.72393789e-005, 2.35568137e-005, -7.53553435e-005, 0.999999997, 0.897474714, -0.441065911, -1.54398591e-005, 0.44106591, 0.89747471, 8.49569262e-005, -2.3614721e-005, -8.30566886e-005, 0.999999996, 0, 0, 0, 0, 0, 0, 0, 0.144725513, -0.163573608, -0.190761865, -0.266311002, 0.724265654, -0.63599561, -0.689208984, 0.318359375, 0.650878906, 0.673610711, 0.611884572, 0.414408138, 0, 0, 0, 0, 0, 0, 0, 0.238157764, -0.119573633, -0.149518262, 0.0145780489, 0.125089097, -0.992000879, 0.557250977, -0.824707031, -0.0958251953, -0.830049645, -0.551346329, -0.0818015778, 3, 1, 
154.078304, 0.1, 0.1, 0.106755098, 0.185053493, -0.0199473681, 0.897473776, -0.441067814, 6.81457837e-005, 0.441067819, 0.897473773, -8.04842401e-005, -2.56600458e-005, 0.000102289407, 0.999999994, 0.897473898, -0.441067565, 6.82996875e-005, 0.441067569, 0.897473897, -6.61767749e-005, -3.21087577e-005, 8.95167054e-005, 0.999999995, 0, 0, 0, 0, 0, 0, 0, 0.144636304, -0.164733765, -0.190419629, -0.266311002, 0.724265654, -0.63599561, -0.689208984, 0.318359375, 0.650878906, 0.673610711, 0.611884572, 0.414408138, 0, 0, 0, 0, 0, 0, 0, 0.237930615, -0.12053374, -0.149291357, 0.0145780489, 0.125089097, -0.992000879, 0.557250977, -0.824707031, -0.0958251953, -0.830049645, -0.551346329, -0.0818015778, 3, 1, 
154.079146, 0.1, 0.1, 0.106755107, 0.185053498, -0.0199483234, 0.897473475, -0.441068424, -8.2411106e-005, 0.44106843, 0.897473473, 7.24298978e-005, 4.20152406e-005, -0.000101352849, 0.999999994, 0.897473466, -0.441068443, -8.17981507e-005, 0.441068446, 0.897473468, 2.2945031e-005, 6.32913409e-005, -5.66711397e-005, 0.999999996, 0, 0, 0, 0, 0, 0, 0, 0.144636304, -0.164733765, -0.190419629, -0.266311002, 0.724265654, -0.63599561, -0.689208984, 0.318359375, 0.650878906, 0.673610711, 0.611884572, 0.414408138, 0, 0, 0, 0, 0, 0, 0, 0.237930615, -0.12053374, -0.149291357, 0.0145780489, 0.125089097, -0.992000879, 0.557250977, -0.824707031, -0.0958251953, -0.830049645, -0.551346329, -0.0818015778, 3, 1, 
154.07999, 0.1, 0.1, 0.106755102, 0.185053473, -0.0199544887, 0.897473935, -0.441067489, 8.27666504e-005, 0.441067487, 0.897473938, 4.51650761e-005, -9.42017584e-005, -4.02880009e-006, 0.999999996, 0.897473794, -0.441067779, 6.36506181e-005, 0.441067772, 0.897473794, 9.67153542e-005, -9.97827882e-005, -5.87252596e-005, 0.999999993, 0, 0, 0, 0, 0, 0, 0, 0.144636304, -0.164733765, -0.190419629, -0.266311002, 0.724265654, -0.63599561, -0.689208984, 0.318359375, 0.650878906, 0.673610711, 0.611884572, 0.414408138, 0, 0, 0, 0, 0, 0, 0, 0.237930615, -0.12053374, -0.149291357, 0.0145780489, 0.125089097, -0.992000879, 0.557250977, -0.824707031, -0.0958251953, -0.830049645, -0.551346329, -0.0818015778, 3, 1, 
154.080833, 0.1, 0.1, 0.106755091, 0.185053501, -0.0199632095, 0.897475054, -0.441065219, -7.92793063e-006, 0.441065212, 0.897475042, -0.000166781767, 8.06767566e-005, 0.000146185741, 0.999999986, 0.897474799, -0.441065738, 1.46503216e-005, 0.441065734, 0.897474786, -0.000163651066, 5.90325841e-005, 0.000153334463, 0.999999987, 0, 0, 0, 0, 0, 0, 0, 0.144636304, -0.164733765, -0.190419629, -0.266311002, 0.724265654, -0.63599561, -0.689208984, 0.318359375, 0.650878906, 0.673610711, 0.611884572, 0.414408138, 0, 0, 0, 0, 0, 0, 0, 0.237930615, -0.12053374, -0.149291357, 0.0145780489, 0.125089097, -0.992000879, 0.557250977, -0.824707031, -0.0958251953, -0.830049645, -0.551346329, -0.0818015778, 3, 1, 
154.081675, 0.1, 0.1, 0.106755099, 0.185053512, -0.0199710964, 0.897476508, -0.441062261, -2.26422752e-005, 0.441062261, 0.897476506, 5.87268167e-005, -5.58127245e-006, -6.26925914e-005, 0.999999998, 0.897476176, -0.441062934, -4.02493119e-005, 0.441062934, 0.897476177, 1.54336892e-006, 3.54420757e-005, -1.91376164e-005, 0.999999999, 0, 0, 0, 0, 0, 0, 0, 0.144636304, -0.164733765, -0.190419629, -0.266311002, 0.724265654, -0.63599561, -0.689208984, 0.318359375, 0.650878906, 0.673610711, 0.611884572, 0.414408138, 0, 0, 0, 0, 0, 0, 0, 0.237930615, -0.12053374, -0.149291357, 0.0145780489, 0.125089097, -0.992000879, 0.557250977, -0.824707031, -0.0958251953, -0.830049645, -0.551346329, -0.0818015778, 3, 1, 
154.08255, 0.1, 0.1, 0.106755098, 0.185053481, -0.019975456, 0.897478111, -0.441058999, 1.24653789e-005, 0.441058996, 0.897478107, 0.000102768075, -5.65141889e-005, -8.67341301e-005, 0.999999995, 0.897477815, -0.4410596, 1.1838512e-005, 0.441059595, 0.897477809, 0.000124744924, -6.56447481e-005, -0.000106734313, 0.999999992, 0, 0, 0, 0, 0, 0, 0, 0.144517432, -0.165744775, -0.189709521, -0.264286443, 0.721911593, -0.639474091, -0.689575195, 0.322143555, 0.64855957, 0.673908012, 0.612628194, 0.41273442, 0, 0, 0, 0, 0, 0, 0, 0.237788184, -0.121350439, -0.148854639, 0.0161752261, 0.122335506, -0.992294721, 0.555541992, -0.826171875, -0.0928955078, -0.831231945, -0.54967186, -0.0813414911, 3, 1, 
154.083397, 0.1, 0.1, 0.106755099, 0.185053487, -0.0199748547, 0.897479569, -0.441056032, -1.33168489e-005, 0.441056028, 0.897479564, -0.000108090368, 5.96255088e-005, 9.11354208e-005, 0.999999994, 0.897479299, -0.441056581, -1.10856714e-005, 0.441056578, 0.897479297, -8.15653842e-005, 4.592411e-005, 6.83138356e-005, 0.999999997, 0, 0, 0, 0, 0, 0, 0, 0.144517432, -0.165744775, -0.189709521, -0.264286443, 0.721911593, -0.639474091, -0.689575195, 0.322143555, 0.64855957, 0.673908012, 0.612628194, 0.41273442, 0, 0, 0, 0, 0, 0, 0, 0.237788184, -0.121350439, -0.148854639, 0.0161752261, 0.122335506, -0.992294721, 0.555541992, -0.826171875, -0.0928955078, -0.831231945, -0.54967186, -0.0813414911, 3, 1, 
