time, realDorsalTactorPos, realVentralTactorPos, boxPosX, boxPosY, boxPosZ, boxLocalRot_11, boxLocalRot_12, boxLocalRot_13, boxLocalRot_21, boxLocalRot_22, boxLocalRot_23, boxLocalRot_31, boxLocalRot_32, boxLocalRot_33, boxGlobalRot_11, boxGlobalRot_12, boxGlobalRot_13, boxGlobalRot_21, boxGlobalRot_22, boxGlobalRot_23, boxGlobalRot_31, boxGlobalRot_32, boxGlobalRot_33, indexForceX, indexForceY, indexForceZ, indexForceGlobalX, indexForceGlobalY, indexForceGlobalZ, indexContact, indexPosX, indexPosY, indexPosZ, indexRot_11, indexRot_12, indexRot_13, indexRot_21, indexRot_22, indexRot_23, indexRot_31, indexRot_32, indexRot_33, thumbForceX, thumbForceY, thumbForceZ, thumbForceGlobalX, thumbForceGlobalY, thumbForceGlobalZ, thumbContact, thumbPosX, thumbPosY, thumbPosZ, thumbRot_11, thumbRot_12, thumbRot_13, thumbRot_21, thumbRot_22, thumbRot_23, thumbRot_31, thumbRot_32, thumbRot_33, mapping, trialSuccess, 
320.122221, 0.1, 0.1, 0.0896127279, 0.217040288, -0.0199560938, 0.798153416, -0.60245425, -6.74295875e-006, 0.60245425, 0.798153416, -1.97779877e-005, 1.72972483e-005, 1.17235443e-005, 1, 0.798153336, -0.602454356, -2.72690848e-006, 0.602454356, 0.798153336, -1.69789495e-005, 1.24055332e-005, 1.19089673e-005, 1, 0, 0, 0, 0, 0, 0, 0, 0.174041895, -0.190325317, -0.141979614, -0.375033958, 0.678073314, -0.6320614, -0.665527344, 0.277832031, 0.692626953, 0.644978128, 0.680749503, 0.347168968, 0, 0, 0, 0, 0, 0, 0, 0.244238281, -0.136333789, -0.111597705, -0.203164541, 0.0966354412, -0.974301624, 0.656738281, -0.724487305, -0.208740234, -0.726142094, -0.682357575, 0.0837974638, 5, 1, 
320.13542, 0.1, 0.1, 0.0896127215, 0.21704026, -0.0199675678, 0.798149589, -0.60245932, 2.71570577e-005, 0.602459319, 0.79814959, 2.75957703e-005, -3.83007235e-005, -5.66453025e-006, 0.999999999, 0.798149749, -0.602459109, 2.97750798e-007, 0.602459109, 0.798149749, -3.94898164e-006, 2.14145023e-006, 3.33126139e-006, 1, 0, 0, 0, 0, 0, 0, 0, 0.175546509, -0.192086987, -0.140298682, -0.371570826, 0.673994239, -0.638552945, -0.671142578, 0.280273437, 0.686157227, 0.64109264, 0.683867403, 0.348320719, 0, 0, 0, 0, 0, 0, 0, 0.24455332, -0.138324951, -0.111141699, -0.202199525, 0.0904822392, -0.975106226, 0.658569336, -0.724365234, -0.203735352, -0.72481324, -0.683372531, 0.0867814645, 5, 1, 
320.136264, 0.1, 0.1, 0.0896127081, 0.217040252, -0.019971578, 0.798149036, -0.602460054, 2.18105971e-005, 0.602460053, 0.798149036, 3.50573135e-005, -3.85287381e-005, -1.48409475e-005, 0.999999999, 0.798149128, -0.60245993, 5.25270304e-005, 0.602459929, 0.79814913, 3.54306291e-005, -6.3269938e-005, 3.36650525e-006, 0.999999998, 0, 0, 0, 0, 0, 0, 0, 0.175546509, -0.192086987, -0.140298682, -0.371570826, 0.673994239, -0.638552945, -0.671142578, 0.280273437, 0.686157227, 0.64109264, 0.683867403, 0.348320719, 0, 0, 0, 0, 0, 0, 0, 0.24455332, -0.138324951, -0.111141699, -0.202199525, 0.0904822392, -0.975106226, 0.658569336, -0.724365234, -0.203735352, -0.72481324, -0.683372531, 0.0867814645, 5, 1, 
320.137135, 0.1, 0.1, 0.0896127182, 0.217040262, -0.019972277, 0.798148165, -0.602461206, -5.25470933e-005, 0.602461201, 0.798148166, -8.09062588e-005, 9.06832483e-005, 3.29175971e-005, 0.999999995, 0.798148392, -0.602460904, -5.74596283e-005, 0.602460901, 0.798148394, -6.7486449e-005, 8.65192571e-005, 1.92470213e-005, 0.999999996, 0, 0, 0, 0, 0, 0, 0, 0.175546509, -0.192086987, -0.140298682, -0.371570826, 0.673994239, -0.638552945, -0.671142578, 0.280273437, 0.686157227, 0.64109264, 0.683867403, 0.348320719, 0, 0, 0, 0, 0, 0, 0, 0.24455332, -0.138324951, -0.111141699, -0.202199525, 0.0904822392, -0.975106226, 0.658569336, -0.724365234, -0.203735352, -0.72481324, -0.683372531, 0.0867814645, 5, 1, 
320.138069, 0.1, 0.1, 0.0896127212, 0.217040265, -0.019968125, 0.798147015, -0.602462731, 1.71390668e-005, 0.602462729, 0.798147013, 7.25350404e-005, -5.73791536e-005, -4.7567977e-005, 0.999999997, 0.798147215, -0.602462467, 3.66171528e-006, 0.602462466, 0.798147214, 4.15418094e-005, -2.79499688e-005, -3.09504334e-005, 0.999999999, 0, 0, 0, 0, 0, 0, 0, 0.175261426, -0.193735498, -0.138810107, -0.364277248, 0.672469924, -0.64423384, -0.671386719, 0.289916992, 0.682006836, 0.64500472, 0.681266217, 0.346007095, 0, 0, 0, 0, 0, 0, 0, 0.244370605, -0.139238428, -0.110711572, -0.200851714, 0.0893517119, -0.97553423, 0.65637207, -0.726806641, -0.201782227, -0.727126433, -0.680791014, 0.087350193, 5, 1, 
320.138913, 0.1, 0.1, 0.0896127146, 0.217040257, -0.0199626267, 0.798146206, -0.602463803, 3.20047356e-006, 0.602463803, 0.798146205, -3.49900642e-005, 1.85258013e-005, 2.98553564e-005, 0.999999999, 0.79814632, -0.602463651, 2.70940589e-005, 0.602463651, 0.79814632, 5.78294632e-006, -2.51090383e-005, 1.17075483e-005, 1, 0, 0, 0, 0, 0, 0, 0, 0.175261426, -0.193735498, -0.138810107, -0.364277248, 0.672469924, -0.64423384, -0.671386719, 0.289916992, 0.682006836, 0.64500472, 0.681266217, 0.346007095, 0, 0, 0, 0, 0, 0, 0, 0.244370605, -0.139238428, -0.110711572, -0.200851714, 0.0893517119, -0.97553423, 0.65637207, -0.726806641, -0.201782227, -0.727126433, -0.680791014, 0.087350193, 5, 1, 
320.139825, 0.1, 0.1, 0.0896127197, 0.217040263, -0.0199568087, 0.798145943, -0.602464151, 1.06339343e-005, 0.60246415, 0.798145943, 2.0703861e-005, -2.09607656e-005, -1.01181385e-005, 1, 0.798145943, -0.602464151, -3.07218056e-005, 0.602464151, 0.798145943, -8.01007671e-007, 2.50030629e-005, -1.78694655e-005, 1, 0, 0, 0, 0, 0, 0, 0, 0.175261426, -0.193735498, -0.138810107, -0.364277248, 0.672469924, -0.64423384, -0.671386719, 0.289916992, 0.682006836, 0.64500472, 0.681266217, 0.346007095, 0, 0, 0, 0, 0, 0, 0, 0.244370605, -0.139238428, -0.110711572, -0.200851714, 0.0893517119, -0.97553423, 0.65637207, -0.726806641, -0.201782227, -0.727126433, -0.680791014, 0.087350193, 5, 1, 
320.14071, 0.1, 0.1, 0.0896127151, 0.217040261, -0.0199528877, 0.798146135, -0.602463896, -3.49485325e-005, 0.602463896, 0.798146135, 1.32244138e-005, 1.99268043e-005, -3.16102438e-005, 0.999999999, 0.7981461, -0.602463943, -1.71012156e-005, 0.602463943, 0.7981461, 1.43404561e-005, 5.0096608e-006, -2.17486449e-005, 1, 0, 0, 0, 0, 0, 0, 0, 0.175261426, -0.193735498, -0.138810107, -0.364277248, 0.672469924, -0.64423384, -0.671386719, 0.289916992, 0.682006836, 0.64500472, 0.681266217, 0.346007095, 0, 0, 0, 0, 0, 0, 0, 0.244370605, -0.139238428, -0.110711572, -0.200851714, 0.0893517119, -0.97553423, 0.65637207, -0.726806641, -0.201782227, -0.727126433, -0.680791014, 0.087350193, 5, 1, 
320.141565, 0.1, 0.1, 0.0896127159, 0.217040261, -0.019952817, 0.798146299, -0.60246368, -1.96567815e-005, 0.60246368, 0.798146298, 1.6787456e-005, 5.57515488e-006, -2.52413428e-005, 1, 0.798146251, -0.602463743, -5.60052535e-006, 0.602463743, 0.798146251, -7.0835476e-006, 8.73761891e-006, 2.27959349e-006, 1, 0, 0, 0, 0, 0, 0, 0, 0.175261426, -0.193735498, -0.138810107, -0.364277248, 0.672469924, -0.64423384, -0.671386719, 0.289916992, 0.682006836, 0.64500472, 0.681266217, 0.346007095, 0, 0, 0, 0, 0, 0, 0, 0.244370605, -0.139238428, -0.110711572, -0.200851714, 0.0893517119, -0.97553423, 0.65637207, -0.726806641, -0.201782227, -0.727126433, -0.680791014, 0.087350193, 5, 1, 
320.142504, 0.1, 0.1, 0.0896127146, 0.217040261, -0.0199560704, 0.798146704, -0.602463143, -4.55323817e-006, 0.602463143, 0.798146704, -1.60940579e-005, 1.33302287e-005, 1.01022611e-005, 1, 0.798146623, -0.60246325, 1.35556347e-005, 0.602463251, 0.798146623, -1.3850386e-005, -2.4750355e-006, 1.92214106e-005, 1, 0, 0, 0, 0, 0, 0, 0, 0.17439104, -0.194636401, -0.139280518, -0.364091158, 0.672424619, -0.644439027, -0.667358398, 0.294433594, 0.683959961, 0.649300964, 0.679419513, 0.341590283, 0, 0, 0, 0, 0, 0, 0, 0.244370605, -0.139238428, -0.110711572, -0.202410978, 0.0881635821, -0.97530382, 0.654174805, -0.728759766, -0.201660156, -0.728640488, -0.678829266, 0.0898292642, 5, 1, 
320.143359, 0.1, 0.1, 0.0896127139, 0.217040261, -0.019960354, 0.79814722, -0.60246246, 1.29335262e-005, 0.60246246, 0.79814722, -1.79961099e-005, 5.19122628e-007, 2.21555091e-005, 1, 0.798147117, -0.602462595, 6.57311076e-006, 0.602462595, 0.798147117, -1.25105816e-005, 2.29084807e-006, 1.3945338e-005, 1, 0, 0, 0, 0, 0, 0, 0, 0.17439104, -0.194636401, -0.139280518, -0.364091158, 0.672424619, -0.644439027, -0.667358398, 0.294433594, 0.683959961, 0.649300964, 0.679419513, 0.341590283, 0, 0, 0, 0, 0, 0, 0, 0.243789111, -0.139945508, -0.110867432, -0.202410978, 0.0881635821, -0.97530382, 0.654174805, -0.728759766, -0.201660156, -0.728640488, -0.678829266, 0.0898292642, 5, 1, 
320.144201, 0.1, 0.1, 0.0896127136, 0.217040262, -0.0199651756, 0.798147516, -0.602462068, -1.7243865e-005, 0.602462067, 0.798147516, -3.35534698e-005, 3.39778408e-005, 1.6391844e-005, 0.999999999, 0.798147494, -0.602462096, -2.0475405e-005, 0.602462096, 0.798147494, -1.09302161e-005, 2.29274341e-005, -3.61173084e-006, 1, 0, 0, 0, 0, 0, 0, 0, 0.17439104, -0.194636401, -0.139280518, -0.364091158, 0.672424619, -0.644439027, -0.667358398, 0.294433594, 0.683959961, 0.649300964, 0.679419513, 0.341590283, 0, 0, 0, 0, 0, 0, 0, 0.243789111, -0.139945508, -0.110867432, -0.202410978, 0.0881635821, -0.97530382, 0.654174805, -0.728759766, -0.201660156, -0.728640488, -0.678829266, 0.0898292642, 5, 1, 
320.145105, 0.1, 0.1, 0.0896127108, 0.217040263, -0.0199684075, 0.798147546, -0.602462027, 2.28223109e-005, 0.602462027, 0.798147546, 2.05035973e-005, -3.05682103e-005, -2.61532021e-006, 1, 0.798147538, -0.602462038, 1.8898377e-005, 0.602462037, 0.798147538, 2.50137883e-005, -3.0153551e-005, -8.57913885e-006, 1, 0, 0, 0, 0, 0, 0, 0, 0.17439104, -0.194636401, -0.139280518, -0.364091158, 0.672424619, -0.644439027, -0.667358398, 0.294433594, 0.683959961, 0.649300964, 0.679419513, 0.341590283, 0, 0, 0, 0, 0, 0, 0, 0.243789111, -0.139945508, -0.110867432, -0.202410978, 0.0881635821, -0.97530382, 0.654174805, -0.728759766, -0.201660156, -0.728640488, -0.678829266, 0.0898292642, 5, 1, 
320.145953, 0.1, 0.1, 0.0896127098, 0.217040266, -0.0199691098, 0.798147755, -0.602461751, -7.8131321e-006, 0.602461751, 0.798147755, 9.17722409e-006, 7.07107351e-007, -1.2031894e-005, 1, 0.798147687, -0.60246184, -1.48287377e-005, 0.60246184, 0.798147688, -3.66026994e-006, 1.40406957e-005, -6.01231264e-006, 1, 0, 0, 0, 0, 0, 0, 0, 0.17439104, -0.194636401, -0.139280518, -0.364091158, 0.672424619, -0.644439027, -0.667358398, 0.294433594, 0.683959961, 0.649300964, 0.679419513, 0.341590283, 0, 0, 0, 0, 0, 0, 0, 0.243789111, -0.139945508, -0.110867432, -0.202410978, 0.0881635821, -0.97530382, 0.654174805, -0.728759766, -0.201660156, -0.728640488, -0.678829266, 0.0898292642, 5, 1, 
320.146814, 0.1, 0.1, 0.0896127049, 0.217040264, -0.0199675364, 0.798148244, -0.602461103, -1.61751607e-005, 0.602461103, 0.798148244, 1.90126928e-006, 1.17647353e-005, -1.12623999e-005, 1, 0.798148129, -0.602461255, 1.96172045e-005, 0.602461255, 0.798148129, 3.05213092e-006, -1.74962257e-005, 9.38255307e-006, 1, 0, 0, 0, 0, 0, 0, 0, 0.17439104, -0.194636401, -0.139280518, -0.364091158, 0.672424619, -0.644439027, -0.667358398, 0.294433594, 0.683959961, 0.649300964, 0.679419513, 0.341590283, 0, 0, 0, 0, 0, 0, 0, 0.243789111, -0.139945508, -0.110867432, -0.202410978, 0.0881635821, -0.97530382, 0.654174805, -0.728759766, -0.201660156, -0.728640488, -0.678829266, 0.0898292642, 5, 1, 
320.147735, 0.1, 0.1, 0.0896127052, 0.217040266, -0.0199631053, 0.79814865, -0.602460565, 2.75104033e-005, 0.602460565, 0.79814865, 1.20644666e-005, -2.92257566e-005, 6.94469539e-006, 1, 0.79814861, -0.602460618, 2.32697678e-005, 0.602460618, 0.79814861, -2.24780615e-006, -1.72185181e-005, 1.5813202e-005, 1, 0, 0, 0, 0, 0, 0, 0, 0.17281687, -0.195161963, -0.140228271, -0.364659551, 0.675487858, -0.640962789, -0.661376953, 0.296875, 0.688720703, 0.655076217, 0.675350178, 0.338567863, 0, 0, 0, 0, 0, 0, 0, 0.242898437, -0.140353418, -0.111436572, -0.20552914, 0.0884257083, -0.974587804, 0.65246582, -0.729736328, -0.203735352, -0.729336448, -0.677819774, 0.0923593748, 5, 1, 
320.148575, 0.1, 0.1, 0.0896127078, 0.217040267, -0.0199592574, 0.798148597, -0.602460636, -1.94128246e-005, 0.602460635, 0.798148597, -3.46668768e-005, 3.63797474e-005, 1.59738565e-005, 0.999999999, 0.798148638, -0.602460581, -2.51993741e-005, 0.60246058, 0.798148638, -3.01679761e-005, 3.82878625e-005, 8.89689947e-006, 0.999999999, 0, 0, 0, 0, 0, 0, 0, 0.17281687, -0.195161963, -0.140228271, -0.364659551, 0.675487858, -0.640962789, -0.661376953, 0.296875, 0.688720703, 0.655076217, 0.675350178, 0.338567863, 0, 0, 0, 0, 0, 0, 0, 0.242898437, -0.140353418, -0.111436572, -0.20552914, 0.0884257083, -0.974587804, 0.65246582, -0.729736328, -0.203735352, -0.729336448, -0.677819774, 0.0923593748, 5, 1, 
320.149493, 0.1, 0.1, 0.089612705, 0.217040265, -0.0199566323, 0.79814837, -0.602460936, 1.68108894e-005, 0.602460936, 0.79814837, -1.25036497e-005, -5.88462354e-006, 2.01076718e-005, 1, 0.79814841, -0.602460883, 1.61939437e-005, 0.602460882, 0.79814841, 2.85421949e-005, -3.01207264e-005, -1.30246899e-005, 0.999999999, 0, 0, 0, 0, 0, 0, 0, 0.17281687, -0.195161963, -0.140228271, -0.369660103, 0.677696263, -0.635721102, -0.658081055, 0.292114258, 0.693847656, 0.655497451, 0.675247585, 0.338108437, 0, 0, 0, 0, 0, 0, 0, 0.242898437, -0.140353418, -0.111436572, -0.20552914, 0.0884257083, -0.974587804, 0.65246582, -0.729736328, -0.203735352, -0.729336448, -0.677819774, 0.0923593748, 5, 1, 
320.150363, 0.1, 0.1, 0.0896127088, 0.21704027, -0.019955399, 0.798148563, -0.60246068, 8.8837905e-006, 0.60246068, 0.798148563, 1.56632513e-005, -1.65270776e-005, -7.14946703e-006, 1, 0.798148487, -0.60246078, -2.66033001e-005, 0.60246078, 0.798148488, 1.93716406e-007, 2.11166772e-005, -1.61820594e-005, 1, 0, 0, 0, 0, 0, 0, 0, 0.172116113, -0.194826172, -0.141970972, -0.369660103, 0.677696263, -0.635721102, -0.658081055, 0.292114258, 0.693847656, 0.655497451, 0.675247585, 0.338108437, 0, 0, 0, 0, 0, 0, 0, 0.24272998, -0.140154102, -0.112250928, -0.208672456, 0.0886043458, -0.973891111, 0.653564453, -0.728149414, -0.206298828, -0.727457455, -0.679519396, 0.0939055127, 5, 1, 
320.151208, 0.1, 0.1, 0.0896127051, 0.217040271, -0.0199569865, 0.798149103, -0.602459964, -3.24755101e-005, 0.602459964, 0.798149104, -3.37068246e-006, 2.79510005e-005, -1.68748875e-005, 0.999999999, 0.798149001, -0.6024601, -1.58169173e-005, 0.6024601, 0.798149001, -9.1110397e-007, 1.31731605e-005, -8.80186484e-006, 1, 0, 0, 0, 0, 0, 0, 0, 0.172116113, -0.194826172, -0.141970972, -0.369660103, 0.677696263, -0.635721102, -0.658081055, 0.292114258, 0.693847656, 0.655497451, 0.675247585, 0.338108437, 0, 0, 0, 0, 0, 0, 0, 0.24272998, -0.140154102, -0.112250928, -0.208672456, 0.0886043458, -0.973891111, 0.653564453, -0.728149414, -0.206298828, -0.727457455, -0.679519396, 0.0939055127, 5, 1, 
320.15212, 0.1, 0.1, 0.0896126994, 0.21704027, -0.0199602234, 0.798149432, -0.602459529, 3.00831209e-005, 0.602459528, 0.798149432, 3.63659709e-005, -4.59198516e-005, -1.09016162e-005, 0.999999999, 0.798149411, -0.602459556, 4.5613755e-005, 0.602459556, 0.798149412, 1.89821538e-005, -4.78425716e-005, 1.23298477e-005, 0.999999999, 0, 0, 0, 0, 0, 0, 0, 0.172116113, -0.194826172, -0.141970972, -0.369660103, 0.677696263, -0.635721102, -0.658081055, 0.292114258, 0.693847656, 0.655497451, 0.675247585, 0.338108437, 0, 0, 0, 0, 0, 0, 0, 0.24272998, -0.140154102, -0.112250928, -0.208672456, 0.0886043458, -0.973891111, 0.653564453, -0.728149414, -0.206298828, -0.727457455, -0.679519396, 0.0939055127, 5, 1, 
320.152976, 0.1, 0.1, 0.0896126995, 0.217040271, -0.0199635671, 0.798149281, -0.602459729, -7.72700195e-007, 0.602459729, 0.798149281, -1.01777562e-005, 6.74841836e-006, 7.65784806e-006, 1, 0.798149329, -0.602459665, -6.7119652e-006, 0.602459665, 0.798149329, -2.43690163e-005, 2.00384999e-005, 1.54064257e-005, 1, 0, 0, 0, 0, 0, 0, 0, 0.172116113, -0.194826172, -0.141970972, -0.369660103, 0.677696263, -0.635721102, -0.658081055, 0.292114258, 0.693847656, 0.655497451, 0.675247585, 0.338108437, 0, 0, 0, 0, 0, 0, 0, 0.24272998, -0.140154102, -0.112250928, -0.208672456, 0.0886043458, -0.973891111, 0.653564453, -0.728149414, -0.206298828, -0.727457455, -0.679519396, 0.0939055127, 5, 1, 
320.15382, 0.1, 0.1, 0.0896126972, 0.217040268, -0.0199663225, 0.798149088, -0.602459985, -8.27293574e-006, 0.602459985, 0.798149088, -1.68527551e-005, 1.67561467e-005, 8.46689838e-006, 1, 0.798149103, -0.602459965, 1.11569492e-005, 0.602459965, 0.798149103, 3.92476888e-006, -1.12694251e-005, 3.58906447e-006, 1, 0, 0, 0, 0, 0, 0, 0, 0.172116113, -0.194826172, -0.141970972, -0.369660103, 0.677696263, -0.635721102, -0.658081055, 0.292114258, 0.693847656, 0.655497451, 0.675247585, 0.338108437, 0, 0, 0, 0, 0, 0, 0, 0.24272998, -0.140154102, -0.112250928, -0.208672456, 0.0886043458, -0.973891111, 0.653564453, -0.728149414, -0.206298828, -0.727457455, -0.679519396, 0.0939055127, 5, 1, 
320.154742, 0.1, 0.1, 0.0896127016, 0.217040268, -0.0199669625, 0.798149262, -0.602459755, 1.33899206e-005, 0.602459755, 0.798149262, 1.10963984e-005, -1.73722887e-005, -7.89693915e-007, 1, 0.798149196, -0.602459841, -7.11991384e-006, 0.602459841, 0.798149196, 2.05332325e-005, -6.68769448e-006, -2.06780452e-005, 1, 0, 0, 0, 0, 0, 0, 0, 0.171713574, -0.194949561, -0.14210083, -0.368866306, 0.679757892, -0.633987853, -0.657592773, 0.291381836, 0.694702148, 0.656607645, 0.673437951, 0.339687796, 0, 0, 0, 0, 0, 0, 0, 0.242745361, -0.140187793, -0.112252637, -0.208787294, 0.0884891409, -0.973878351, 0.654785156, -0.727050781, -0.206420898, -0.726364841, -0.680758932, 0.0937841111, 5, 1, 
320.155583, 0.1, 0.1, 0.0896126991, 0.217040278, -0.0199658563, 0.798149849, -0.602458976, -2.03450247e-005, 0.602458975, 0.798149849, -3.27291193e-005, 3.59563301e-005, 1.38656989e-005, 0.999999999, 0.798149705, -0.602459168, -7.85416248e-006, 0.602459167, 0.798149704, -5.28369677e-005, 3.81009131e-005, 3.7439998e-005, 0.999999999, 0, 0, 0, 0, 0, 0, 0, 0.171713574, -0.194949561, -0.14210083, -0.368866306, 0.679757892, -0.633987853, -0.657592773, 0.291381836, 0.694702148, 0.656607645, 0.673437951, 0.339687796, 0, 0, 0, 0, 0, 0, 0, 0.242745361, -0.140187793, -0.112252637, -0.208787294, 0.0884891409, -0.973878351, 0.654785156, -0.727050781, -0.206420898, -0.726364841, -0.680758932, 0.0937841111, 5, 1, 
320.15646, 0.1, 0.1, 0.0896127016, 0.21704027, -0.0199637644, 0.798150793, -0.602457727, -1.02131537e-006, 0.602457727, 0.798150792, 1.48329893e-005, -8.12108537e-006, -1.24542615e-005, 1, 0.798150583, -0.602458005, -4.84182203e-006, 0.602458004, 0.798150582, 4.39248874e-005, -2.25983969e-005, -3.79756689e-005, 0.999999999, 0, 0, 0, 0, 0, 0, 0, 0.171713574, -0.194949561, -0.14210083, -0.368866306, 0.679757892, -0.633987853, -0.657592773, 0.291381836, 0.694702148, 0.656607645, 0.673437951, 0.339687796, 0, 0, 0, 0, 0, 0, 0, 0.242745361, -0.140187793, -0.112252637, -0.208787294, 0.0884891409, -0.973878351, 0.654785156, -0.727050781, -0.206420898, -0.726364841, -0.680758932, 0.0937841111, 5, 1, 
320.157333, 0.1, 0.1, 0.0896126988, 0.217040282, -0.0199607881, 0.798151722, -0.602456495, 2.12662567e-005, 0.602456495, 0.798151722, -3.30780563e-006, -1.49808904e-005, 1.54521252e-005, 1, 0.798151563, -0.602456706, 1.35041224e-005, 0.602456706, 0.798151562, -4.35837546e-005, 1.54789889e-005, 4.29220909e-005, 0.999999999, 0, 0, 0, 0, 0, 0, 0, 0.171713574, -0.194949561, -0.14210083, -0.368866306, 0.679757892, -0.633987853, -0.657592773, 0.291381836, 0.694702148, 0.656607645, 0.673437951, 0.339687796, 0, 0, 0, 0, 0, 0, 0, 0.242745361, -0.140187793, -0.112252637, -0.208787294, 0.0884891409, -0.973878351, 0.654785156, -0.727050781, -0.206420898, -0.726364841, -0.680758932, 0.0937841111, 5, 1, 
320.158187, 0.1, 0.1, 0.0896127038, 0.217040274, -0.0199588781, 0.798152093, -0.602456002, -4.08656514e-005, 0.602456003, 0.798152094, -3.10162393e-006, 3.44855971e-005, -2.21441893e-005, 0.999999999, 0.798152066, -0.602456037, -4.53470913e-005, 0.602456039, 0.798152066, 2.59186774e-005, 2.05790109e-005, -4.80066749e-005, 0.999999999, 0, 0, 0, 0, 0, 0, 0, 0.171713574, -0.194949561, -0.14210083, -0.368866306, 0.679757892, -0.633987853, -0.657592773, 0.291381836, 0.694702148, 0.656607645, 0.673437951, 0.339687796, 0, 0, 0, 0, 0, 0, 0, 0.242745361, -0.140187793, -0.112252637, -0.208787294, 0.0884891409, -0.973878351, 0.654785156, -0.727050781, -0.206420898, -0.726364841, -0.680758932, 0.0937841111, 5, 1, 
320.159104, 0.1, 0.1, 0.0896126963, 0.217040278, -0.0199582226, 0.79815179, -0.602456404, 2.97640917e-005, 0.602456404, 0.798151791, 2.35692356e-005, -3.79557e-005, -8.80259897e-007, 0.999999999, 0.798151914, -0.602456238, 5.0964722e-005, 0.602456239, 0.798151915, -1.89319713e-006, -3.95370221e-005, 3.22150737e-005, 0.999999999, 0, 0, 0, 0, 0, 0, 0, 0.171713574, -0.194949561, -0.14210083, -0.368258599, 0.677208002, -0.637084414, -0.661010742, 0.291381836, 0.69152832, 0.653421596, 0.676066469, 0.340425427, 0, 0, 0, 0, 0, 0, 0, 0.242745361, -0.140187793, -0.112252637, -0.208787294, 0.0884891409, -0.973878351, 0.654785156, -0.727050781, -0.206420898, -0.726364841, -0.680758932, 0.0937841111, 5, 1, 
320.159967, 0.1, 0.1, 0.0896126973, 0.217040281, -0.0199582902, 0.798151052, -0.602457383, -1.38916174e-006, 0.602457383, 0.798151052, -1.41698974e-005, 9.64552019e-006, 1.04728078e-005, 1, 0.79815121, -0.602457174, -9.3670925e-006, 0.602457174, 0.798151209, -3.33332614e-005, 2.75582187e-005, 2.09617108e-005, 0.999999999, 0, 0, 0, 0, 0, 0, 0, 0.172627905, -0.194848633, -0.141363867, -0.368258599, 0.677208002, -0.637084414, -0.661010742, 0.291381836, 0.69152832, 0.653421596, 0.676066469, 0.340425427, 0, 0, 0, 0, 0, 0, 0, 0.243334912, -0.140340869, -0.111852783, -0.206921427, 0.0865146324, -0.974447079, 0.65637207, -0.726318359, -0.203857422, -0.725432274, -0.68182566, 0.0933561072, 5, 1, 
320.160832, 0.1, 0.1, 0.0896126931, 0.217040277, -0.0199598548, 0.798150311, -0.602458365, 1.17242363e-005, 0.602458365, 0.79815031, -3.3352556e-005, 1.07358235e-005, 3.36837172e-005, 0.999999999, 0.798150443, -0.60245819, 1.68487611e-005, 0.60245819, 0.798150443, 1.35004223e-005, -2.15812862e-005, -6.24693897e-007, 1, 0, 0, 0, 0, 0, 0, 0, 0.172627905, -0.194848633, -0.141363867, -0.368258599, 0.677208002, -0.637084414, -0.661010742, 0.291381836, 0.69152832, 0.653421596, 0.676066469, 0.340425427, 0, 0, 0, 0, 0, 0, 0, 0.243334912, -0.140340869, -0.111852783, -0.206921427, 0.0865146324, -0.974447079, 0.65637207, -0.726318359, -0.203857422, -0.725432274, -0.68182566, 0.0933561072, 5, 1, 
320.161741, 0.1, 0.1, 0.0896126909, 0.217040282, -0.0199620155, 0.79814962, -0.60245928, -5.8800564e-006, 0.60245928, 0.798149619, 4.72743201e-005, -2.37876881e-005, -4.12744751e-005, 0.999999999, 0.798149791, -0.602459054, 1.29904558e-005, 0.602459054, 0.798149791, 2.92060284e-006, -1.21278732e-005, 5.49513915e-006, 1, 0, 0, 0, 0, 0, 0, 0, 0.172627905, -0.194848633, -0.141363867, -0.368258599, 0.677208002, -0.637084414, -0.661010742, 0.291381836, 0.69152832, 0.653421596, 0.676066469, 0.340425427, 0, 0, 0, 0, 0, 0, 0, 0.243334912, -0.140340869, -0.111852783, -0.206921427, 0.0865146324, -0.974447079, 0.65637207, -0.726318359, -0.203857422, -0.725432274, -0.68182566, 0.0933561072, 5, 1, 
320.162614, 0.1, 0.1, 0.0896127019, 0.217040274, -0.019963425, 0.798148581, -0.602460656, -3.90915091e-005, 0.602460655, 0.798148582, -1.61637707e-005, 4.09388684e-005, -1.06500055e-005, 0.999999999, 0.798148814, -0.602460344, -6.10491653e-005, 0.602460346, 0.798148815, 1.27663502e-005, 4.10350992e-005, -4.69691485e-005, 0.999999998, 0, 0, 0, 0, 0, 0, 0, 0.172627905, -0.194848633, -0.141363867, -0.368258599, 0.677208002, -0.637084414, -0.661010742, 0.291381836, 0.69152832, 0.653421596, 0.676066469, 0.340425427, 0, 0, 0, 0, 0, 0, 0, 0.243258643, -0.140644678, -0.111011328, -0.204167837, 0.0847322545, -0.975162729, 0.655395508, -0.728149414, -0.200439453, -0.727106744, -0.680049112, 0.0931581467, 5, 1, 
320.16346, 0.1, 0.1, 0.0896126909, 0.217040288, -0.0199646176, 0.798147202, -0.602462482, 4.30018035e-005, 0.602462483, 0.7981472, -5.40646161e-005, -1.74986623e-006, 6.90584954e-005, 0.999999998, 0.798147478, -0.602462115, 6.26318454e-005, 0.602462118, 0.798147476, -5.89808822e-005, -1.44557023e-005, 8.48087566e-005, 0.999999996, 0, 0, 0, 0, 0, 0, 0, 0.172627905, -0.194848633, -0.141363867, -0.368258599, 0.677208002, -0.637084414, -0.661010742, 0.291381836, 0.69152832, 0.653421596, 0.676066469, 0.340425427, 0, 0, 0, 0, 0, 0, 0, 0.243258643, -0.140644678, -0.111011328, -0.204167837, 0.0847322545, -0.975162729, 0.655395508, -0.728149414, -0.200439453, -0.727106744, -0.680049112, 0.0931581467, 5, 1, 
320.164379, 0.1, 0.1, 0.0896126975, 0.217040286, -0.0199646082, 0.798146132, -0.602463901, -1.56142764e-005, 0.602463901, 0.79814613, 4.8660583e-005, -1.68537704e-005, -4.82452939e-005, 0.999999999, 0.798146271, -0.602463716, -4.01995766e-005, 0.602463717, 0.79814627, 3.4515775e-005, 1.129064e-005, -5.17674235e-005, 0.999999999, 0, 0, 0, 0, 0, 0, 0, 0.172886694, -0.195400098, -0.140049829, -0.363295117, 0.675208531, -0.641870041, -0.662109375, 0.297729492, 0.68762207, 0.655107296, 0.675147235, 0.339082333, 0, 0, 0, 0, 0, 0, 0, 0.243258643, -0.140644678, -0.111011328, -0.204167837, 0.0847322545, -0.975162729, 0.655395508, -0.728149414, -0.200439453, -0.727106744, -0.680049112, 0.0931581467, 5, 1, 
320.165222, 0.1, 0.1, 0.0896126912, 0.217040291, -0.0199636245, 0.798145806, -0.602464332, 2.42028977e-005, 0.602464332, 0.798145803, -7.57362666e-005, 2.6310958e-005, 7.50299662e-005, 0.999999997, 0.798145831, -0.602464299, 2.93604511e-005, 0.6024643, 0.798145829, -6.05835699e-005, 1.30655164e-005, 6.60431473e-005, 0.999999998, 0, 0, 0, 0, 0, 0, 0, 0.172886694, -0.195400098, -0.140049829, -0.363295117, 0.675208531, -0.641870041, -0.662109375, 0.297729492, 0.68762207, 0.655107296, 0.675147235, 0.339082333, 0, 0, 0, 0, 0, 0, 0, 0.243258643, -0.140644678, -0.111011328, -0.204167837, 0.0847322545, -0.975162729, 0.655395508, -0.728149414, -0.200439453, -0.727106744, -0.680049112, 0.0931581467, 5, 1, 
320.166069, 0.1, 0.1, 0.0896126891, 0.217040292, -0.0199625756, 0.798145649, -0.60246454, -2.22372609e-005, 0.60246454, 0.798145647, 6.82102253e-005, -2.3345669e-005, -6.78388557e-005, 0.999999997, 0.798145719, -0.602464448, -1.7567147e-006, 0.602464448, 0.798145718, 4.58204254e-005, -2.6203063e-005, -3.76297345e-005, 0.999999999, 0, 0, 0, 0, 0, 0, 0, 0.172886694, -0.195400098, -0.140049829, -0.363295117, 0.675208531, -0.641870041, -0.662109375, 0.297729492, 0.68762207, 0.655107296, 0.675147235, 0.339082333, 0, 0, 0, 0, 0, 0, 0, 0.243258643, -0.140644678, -0.111011328, -0.204167837, 0.0847322545, -0.975162729, 0.655395508, -0.728149414, -0.200439453, -0.727106744, -0.680049112, 0.0931581467, 5, 1, 
320.167009, 0.1, 0.1, 0.089612702, 0.217040287, -0.0199605574, 0.798144913, -0.602465516, -5.80155692e-006, 0.602465516, 0.798144912, -3.76967848e-005, 2.73414961e-005, 2.65922591e-005, 0.999999999, 0.798145084, -0.602465287, -4.86971479e-005, 0.602465287, 0.798145085, -1.08737268e-005, 4.54184322e-005, -2.06595296e-005, 0.999999999, 0, 0, 0, 0, 0, 0, 0, 0.172807617, -0.195885767, -0.139731274, -0.36060332, 0.674516205, -0.644263415, -0.661376953, 0.302246094, 0.686401367, 0.657276388, 0.673897377, 0.337236751, 0, 0, 0, 0, 0, 0, 0, 0.242823145, -0.141123633, -0.110796143, -0.203516353, 0.083691046, -0.975469331, 0.653930664, -0.729858398, -0.19909668, -0.728633925, -0.678317407, 0.093739635, 5, 1, 
320.167869, 0.1, 0.1, 0.0896126915, 0.217040296, -0.0199592139, 0.79814381, -0.602466977, -6.32890456e-006, 0.602466977, 0.79814381, -1.70958772e-005, 1.53510774e-005, 9.83201255e-006, 1, 0.798144026, -0.60246669, 3.85769965e-005, 0.602466691, 0.798144026, -2.95078283e-005, -1.30125157e-005, 4.67928523e-005, 0.999999999, 0, 0, 0, 0, 0, 0, 0, 0.172807617, -0.195885767, -0.139731274, -0.36060332, 0.674516205, -0.644263415, -0.661376953, 0.302246094, 0.686401367, 0.657276388, 0.673897377, 0.337236751, 0, 0, 0, 0, 0, 0, 0, 0.242823145, -0.141123633, -0.110796143, -0.203516353, 0.083691046, -0.975469331, 0.653930664, -0.729858398, -0.19909668, -0.728633925, -0.678317407, 0.093739635, 5, 1, 
320.168757, 0.1, 0.1, 0.0896126998, 0.217040282, -0.0199592538, 0.798143248, -0.602467721, 4.85192744e-006, 0.602467719, 0.798143246, 7.38326525e-005, -4.8354323e-005, -5.60059034e-005, 0.999999997, 0.798143308, -0.602467641, -2.45502711e-005, 0.602467641, 0.798143305, 8.27237075e-005, -3.02437225e-005, -8.08161174e-005, 0.999999996, 0, 0, 0, 0, 0, 0, 0, 0.172807617, -0.195885767, -0.139731274, -0.36060332, 0.674516205, -0.644263415, -0.661376953, 0.302246094, 0.686401367, 0.657276388, 0.673897377, 0.337236751, 0, 0, 0, 0, 0, 0, 0, 0.242823145, -0.141123633, -0.110796143, -0.203516353, 0.083691046, -0.975469331, 0.653930664, -0.729858398, -0.19909668, -0.728633925, -0.678317407, 0.093739635, 5, 1, 
320.169621, 0.1, 0.1, 0.0896126932, 0.217040293, -0.0199599485, 0.798143474, -0.602467422, -9.41393992e-006, 0.602467418, 0.79814347, -0.000104054823, 7.02033156e-005, 7.73790859e-005, 0.999999995, 0.798143368, -0.602467563, 1.4207268e-005, 0.602467561, 0.798143364, -9.12050714e-005, 4.36086604e-005, 8.1354141e-005, 0.999999996, 0, 0, 0, 0, 0, 0, 0, 0.172807617, -0.195885767, -0.139731274, -0.36060332, 0.674516205, -0.644263415, -0.661376953, 0.302246094, 0.686401367, 0.657276388, 0.673897377, 0.337236751, 0, 0, 0, 0, 0, 0, 0, 0.242823145, -0.141123633, -0.110796143, -0.203516353, 0.083691046, -0.975469331, 0.653930664, -0.729858398, -0.19909668, -0.728633925, -0.678317407, 0.093739635, 5, 1, 
320.170469, 0.1, 0.1, 0.0896127017, 0.217040296, -0.0199616878, 0.798144351, -0.60246626, -1.26992954e-005, 0.60246626, 0.798144348, 7.45742729e-005, -3.47926125e-005, -6.71719316e-005, 0.999999997, 0.798144109, -0.602466579, -4.43312163e-005, 0.602466581, 0.798144109, 3.4640785e-005, 1.45127839e-005, -5.43564148e-005, 0.999999998, 0, 0, 0, 0, 0, 0, 0, 0.172807617, -0.195885767, -0.139731274, -0.36060332, 0.674516205, -0.644263415, -0.661376953, 0.302246094, 0.686401367, 0.657276388, 0.673897377, 0.337236751, 0, 0, 0, 0, 0, 0, 0, 0.242823145, -0.141123633, -0.110796143, -0.203516353, 0.083691046, -0.975469331, 0.653930664, -0.729858398, -0.19909668, -0.728633925, -0.678317407, 0.093739635, 5, 1, 
320.171391, 0.1, 0.1, 0.0896126884, 0.217040286, -0.0199635254, 0.798145968, -0.602464116, 5.80420935e-005, 0.602464118, 0.798145968, -3.45291985e-005, -2.55234598e-005, 6.25276192e-005, 0.999999998, 0.798145554, -0.602464663, 6.93143504e-005, 0.602464663, 0.798145556, 1.21089336e-005, -6.26181453e-005, 3.20947552e-005, 0.999999998, 0, 0, 0, 0, 0, 0, 0, 0.172807617, -0.195885767, -0.139731274, -0.357472315, 0.676354673, -0.644048489, -0.658203125, 0.307006836, 0.68737793, 0.662218531, 0.669898435, 0.335472423, 0, 0, 0, 0, 0, 0, 0, 0.242823145, -0.141123633, -0.110796143, -0.203516353, 0.083691046, -0.975469331, 0.653930664, -0.729858398, -0.19909668, -0.728633925, -0.678317407, 0.093739635, 5, 1, 
320.172263, 0.1, 0.1, 0.0896126922, 0.217040299, -0.0199638801, 0.798148036, -0.602461376, -5.37852717e-005, 0.602461377, 0.798148037, 3.49232985e-006, 4.08246152e-005, -3.51909451e-005, 0.999999999, 0.798147619, -0.602461929, -4.14199994e-005, 0.602461928, 0.79814762, -4.30188282e-005, 5.89764802e-005, 9.38140266e-006, 0.999999998, 0, 0, 0, 0, 0, 0, 0, 0.172089697, -0.196473706, -0.139948901, -0.357472315, 0.676354673, -0.644048489, -0.658203125, 0.307006836, 0.68737793, 0.662218531, 0.669898435, 0.335472423, 0, 0, 0, 0, 0, 0, 0, 0.242524463, -0.141739404, -0.11099082, -0.204053365, 0.0838383338, -0.975315847, 0.651611328, -0.731811523, -0.19921875, -0.730531508, -0.6762153, 0.0946149659, 5, 1, 
320.173114, 0.1, 0.1, 0.0896126913, 0.217040281, -0.0199638782, 0.798150497, -0.602458117, 4.22087528e-005, 0.602458114, 0.798150497, 6.49609605e-005, -7.2825195e-005, -2.64196173e-005, 0.999999997, 0.798149989, -0.602458791, 2.63377211e-005, 0.602458787, 0.798149987, 9.10536694e-005, -7.58775354e-005, -5.68070937e-005, 0.999999996, 0, 0, 0, 0, 0, 0, 0, 0.172089697, -0.196473706, -0.139948901, -0.357472315, 0.676354673, -0.644048489, -0.658203125, 0.307006836, 0.68737793, 0.662218531, 0.669898435, 0.335472423, 0, 0, 0, 0, 0, 0, 0, 0.242524463, -0.141739404, -0.11099082, -0.204053365, 0.0838383338, -0.975315847, 0.651611328, -0.731811523, -0.19921875, -0.730531508, -0.6762153, 0.0946149659, 5, 1, 
320.174009, 0.1, 0.1, 0.0896126882, 0.217040293, -0.0199630863, 0.798153461, -0.60245419, -3.65824781e-005, 0.602454187, 0.798153461, -6.90238244e-005, 7.07821237e-005, 3.30523372e-005, 0.999999997, 0.798152876, -0.602454967, -1.6764727e-005, 0.602454964, 0.798152874, -7.68501166e-005, 5.96795495e-005, 5.12381486e-005, 0.999999997, 0, 0, 0, 0, 0, 0, 0, 0.172089697, -0.196473706, -0.139948901, -0.357472315, 0.676354673, -0.644048489, -0.658203125, 0.307006836, 0.68737793, 0.662218531, 0.669898435, 0.335472423, 0, 0, 0, 0, 0, 0, 0, 0.242524463, -0.141739404, -0.11099082, -0.204053365, 0.0838383338, -0.975315847, 0.651611328, -0.731811523, -0.19921875, -0.730531508, -0.6762153, 0.0946149659, 5, 1, 
320.174855, 0.1, 0.1, 0.0896126956, 0.217040284, -0.0199621359, 0.798156553, -0.602450095, 1.03420727e-005, 0.602450092, 0.79815655, 9.60180026e-005, -6.61006479e-005, -7.04068153e-005, 0.999999995, 0.798155901, -0.602450958, -1.79845141e-005, 0.602450957, 0.798155898, 8.2952561e-005, -3.56204038e-005, -7.70438639e-005, 0.999999996, 0, 0, 0, 0, 0, 0, 0, 0.172089697, -0.196473706, -0.139948901, -0.357472315, 0.676354673, -0.644048489, -0.658203125, 0.307006836, 0.68737793, 0.662218531, 0.669898435, 0.335472423, 0, 0, 0, 0, 0, 0, 0, 0.242524463, -0.141739404, -0.11099082, -0.204053365, 0.0838383338, -0.975315847, 0.651611328, -0.731811523, -0.19921875, -0.730531508, -0.6762153, 0.0946149659, 5, 1, 
320.175698, 0.1, 0.1, 0.0896126832, 0.217040282, -0.0199616517, 0.798159948, -0.602445596, 3.21806438e-005, 0.602445596, 0.798159945, -7.26394427e-005, 1.80760114e-005, 7.7364981e-005, 0.999999997, 0.798159235, -0.602446538, 6.03660387e-005, 0.602446541, 0.798159235, -3.50509942e-005, -2.70653612e-005, 6.43435859e-005, 0.999999998, 0, 0, 0, 0, 0, 0, 0, 0.172089697, -0.196473706, -0.139948901, -0.357472315, 0.676354673, -0.644048489, -0.658203125, 0.307006836, 0.68737793, 0.662218531, 0.669898435, 0.335472423, 0, 0, 0, 0, 0, 0, 0, 0.242524463, -0.141739404, -0.11099082, -0.204053365, 0.0838383338, -0.975315847, 0.651611328, -0.731811523, -0.19921875, -0.730531508, -0.6762153, 0.0946149659, 5, 1, 
320.176634, 0.1, 0.1, 0.0896126912, 0.217040293, -0.0199605717, 0.798164039, -0.602440175, -4.52932085e-005, 0.602440177, 0.798164038, 4.11786376e-005, 1.13437445e-005, -6.01537562e-005, 0.999999998, 0.798163286, -0.602441173, -5.57623657e-005, 0.602441173, 0.798163287, -1.82205422e-006, 4.56051536e-005, -3.21392482e-005, 0.999999998, 0, 0, 0, 0, 0, 0, 0, 0.172296582, -0.196642627, -0.140546118, -0.357840009, 0.677464868, -0.642645864, -0.657226562, 0.306274414, 0.688598633, 0.663018319, 0.669104637, 0.335744637, 0, 0, 0, 0, 0, 0, 0, 0.242444873, -0.141729395, -0.111400439, -0.2052929, 0.0839469756, -0.975040961, 0.651367188, -0.731811523, -0.200073242, -0.730416303, -0.676081139, 0.0955030565, 5, 1, 
320.177481, 0.1, 0.1, 0.0896126832, 0.217040279, -0.0199603121, 0.79816798, -0.602434952, 6.34316104e-005, 0.602434953, 0.798167982, 2.46217594e-006, -5.21123813e-005, 3.62481892e-005, 0.999999998, 0.798167196, -0.602435991, 5.28099235e-005, 0.602435989, 0.798167198, 5.29233305e-005, -7.40340678e-005, -1.04270678e-005, 0.999999997, 0, 0, 0, 0, 0, 0, 0, 0.172296582, -0.196642627, -0.140546118, -0.357840009, 0.677464868, -0.642645864, -0.657226562, 0.306274414, 0.688598633, 0.663018319, 0.669104637, 0.335744637, 0, 0, 0, 0, 0, 0, 0, 0.242444873, -0.141729395, -0.111400439, -0.2052929, 0.0839469756, -0.975040961, 0.651367188, -0.731811523, -0.200073242, -0.730416303, -0.676081139, 0.0955030565, 5, 1, 
320.178366, 0.1, 0.1, 0.0896126849, 0.217040298, -0.0199609377, 0.798172346, -0.602429168, -5.92626852e-005, 0.602429165, 0.798172348, -5.91019806e-005, 8.29065936e-005, 1.14719966e-005, 0.999999996, 0.798171391, -0.602430435, -3.72599954e-005, 0.602430431, 0.79817139, -9.09948335e-005, 8.45579195e-005, 5.01829177e-005, 0.999999995, 0, 0, 0, 0, 0, 0, 0, 0.172296582, -0.196642627, -0.140546118, -0.357840009, 0.677464868, -0.642645864, -0.657226562, 0.306274414, 0.688598633, 0.663018319, 0.669104637, 0.335744637, 0, 0, 0, 0, 0, 0, 0, 0.242444873, -0.141729395, -0.111400439, -0.2052929, 0.0839469756, -0.975040961, 0.651367188, -0.731811523, -0.200073242, -0.730416303, -0.676081139, 0.0955030565, 5, 1, 
320.179264, 0.1, 0.1, 0.0896126936, 0.217040283, -0.0199611522, 0.798177023, -0.602422974, 1.34070365e-005, 0.60242297, 0.798177021, 8.84360417e-005, -6.39770917e-005, -6.25109098e-005, 0.999999996, 0.798176137, -0.602424149, -1.02591664e-005, 0.602424147, 0.798176132, 9.74350736e-005, -5.05086195e-005, -8.39507202e-005, 0.999999995, 0, 0, 0, 0, 0, 0, 0, 0.172553027, -0.19685769, -0.140554297, -0.357198979, 0.677648715, -0.642829711, -0.657348633, 0.306640625, 0.688354492, 0.663163974, 0.668704743, 0.336144531, 0, 0, 0, 0, 0, 0, 0, 0.242658105, -0.14196582, -0.111395312, -0.205401542, 0.0836786527, -0.97507924, 0.651123047, -0.732055664, -0.200073242, -0.730550464, -0.675863855, 0.0958672613, 5, 1, 
320.180104, 0.1, 0.1, 0.0896126883, 0.217040289, -0.0199620608, 0.798181541, -0.602416988, -1.69053037e-005, 0.602416984, 0.798181539, -8.91987718e-005, 6.72283568e-005, 6.10127711e-005, 0.999999996, 0.79818062, -0.602418208, 8.07342403e-006, 0.602418207, 0.798180618, -7.32394846e-005, 3.76767485e-005, 6.33219148e-005, 0.999999997, 0, 0, 0, 0, 0, 0, 0, 0.172553027, -0.19685769, -0.140554297, -0.357198979, 0.677648715, -0.642829711, -0.657348633, 0.306640625, 0.688354492, 0.663163974, 0.668704743, 0.336144531, 0, 0, 0, 0, 0, 0, 0, 0.242658105, -0.14196582, -0.111395312, -0.205401542, 0.0836786527, -0.97507924, 0.651123047, -0.732055664, -0.200073242, -0.730550464, -0.675863855, 0.0958672613, 5, 1, 
320.181023, 0.1, 0.1, 0.0896126985, 0.217040292, -0.0199626912, 0.79818656, -0.602410338, -1.39908586e-005, 0.602410337, 0.798186557, 7.34029057e-005, -3.30513539e-005, -6.70174507e-005, 0.999999997, 0.798185554, -0.602411669, -4.78094131e-005, 0.602411671, 0.798185553, 3.70559014e-005, 1.58378754e-005, -5.83784336e-005, 0.999999998, 0, 0, 0, 0, 0, 0, 0, 0.172553027, -0.19685769, -0.140554297, -0.357198979, 0.677648715, -0.642829711, -0.657348633, 0.306640625, 0.688354492, 0.663163974, 0.668704743, 0.336144531, 0, 0, 0, 0, 0, 0, 0, 0.242658105, -0.14196582, -0.111395312, -0.205401542, 0.0836786527, -0.97507924, 0.651123047, -0.732055664, -0.200073242, -0.730550464, -0.675863855, 0.0958672613, 5, 1, 
320.181881, 0.1, 0.1, 0.0896126865, 0.217040284, -0.0199628989, 0.79819136, -0.602403975, 5.74484658e-005, 0.602403977, 0.798191359, -4.45600132e-005, -1.90117399e-005, 7.01746018e-005, 0.999999997, 0.798190349, -0.602405314, 6.70392244e-005, 0.602405315, 0.798190351, 1.05636116e-006, -5.41464196e-005, 3.95416079e-005, 0.999999998, 0, 0, 0, 0, 0, 0, 0, 0.172553027, -0.19685769, -0.140554297, -0.357198979, 0.677648715, -0.642829711, -0.657348633, 0.306640625, 0.688354492, 0.663163974, 0.668704743, 0.336144531, 0, 0, 0, 0, 0, 0, 0, 0.242658105, -0.14196582, -0.111395312, -0.205401542, 0.0836786527, -0.97507924, 0.651123047, -0.732055664, -0.200073242, -0.730550464, -0.675863855, 0.0958672613, 5, 1, 
