time, realDorsalTactorPos, realVentralTactorPos, boxPosX, boxPosY, boxPosZ, boxLocalRot_11, boxLocalRot_12, boxLocalRot_13, boxLocalRot_21, boxLocalRot_22, boxLocalRot_23, boxLocalRot_31, boxLocalRot_32, boxLocalRot_33, boxGlobalRot_11, boxGlobalRot_12, boxGlobalRot_13, boxGlobalRot_21, boxGlobalRot_22, boxGlobalRot_23, boxGlobalRot_31, boxGlobalRot_32, boxGlobalRot_33, indexForceX, indexForceY, indexForceZ, indexForceGlobalX, indexForceGlobalY, indexForceGlobalZ, indexContact, indexPosX, indexPosY, indexPosZ, indexRot_11, indexRot_12, indexRot_13, indexRot_21, indexRot_22, indexRot_23, indexRot_31, indexRot_32, indexRot_33, thumbForceX, thumbForceY, thumbForceZ, thumbForceGlobalX, thumbForceGlobalY, thumbForceGlobalZ, thumbContact, thumbPosX, thumbPosY, thumbPosZ, thumbRot_11, thumbRot_12, thumbRot_13, thumbRot_21, thumbRot_22, thumbRot_23, thumbRot_31, thumbRot_32, thumbRot_33, mapping, trialSuccess, 
212.278909, 0.1, 0.1, 0.105283793, 0.210106657, -0.0199634531, -9.13720054e-006, 0.991864246, -0.127300106, -1.76509362e-005, -0.127300107, -0.991864246, -1, -6.81589646e-006, 1.86704991e-005, -1.82003536e-005, 0.991864257, -0.127300021, -3.14990322e-005, -0.127300022, -0.991864257, -0.999999999, -1.40424528e-005, 3.35596696e-005, 0, 0, 0, 0, 0, 0, 0, 0.153070264, -0.155379907, -0.102119409, -0.438033917, 0.798112118, -0.413391687, -0.352539062, 0.270385742, 0.895874023, 0.826996314, 0.53814529, 0.163236031, 0, 0, 0, 0, 0, 0, 0, 0.22444126, -0.117207471, -0.0826458496, -0.382304355, 0.258076875, -0.887237757, 0.669433594, -0.584472656, -0.458496094, -0.63683412, -0.769106987, 0.0507247528, 3, 1, 
212.32709, 0.1, 0.1, 0.105283763, 0.210106664, -0.0199625771, -2.42398523e-005, 0.991854505, -0.12737598, 1.27271627e-005, -0.127375979, -0.991854505, -1, -2.56635416e-005, -9.53591873e-006, -9.45026881e-006, 0.99185451, -0.127375947, 2.00830056e-005, -0.127375947, -0.991854509, -1, -1.19313836e-005, -1.87156827e-005, 0, 0, 0, 0, 0, 0, 0, 0.153752515, -0.163125049, -0.0993439453, -0.446569117, 0.794896111, -0.41060028, -0.33984375, 0.273803711, 0.899780273, 0.827730197, 0.541250086, 0.148086475, 0, 0, 0, 0, 0, 0, 0, 0.224365479, -0.124408301, -0.0802026855, -0.402211285, 0.233878211, -0.885176461, 0.673339844, -0.579467773, -0.458984375, -0.62026953, -0.780610586, 0.0754899457, 3, 1, 
212.327994, 0.1, 0.1, 0.105283766, 0.210106662, -0.0199634279, 3.72839058e-005, 0.99185454, -0.127375703, 1.12311423e-005, -0.127375703, -0.991854541, -0.999999999, 3.55496366e-005, -1.58887232e-005, 3.88905762e-005, 0.991854526, -0.127375811, 4.56437618e-006, -0.127375811, -0.991854527, -0.999999999, 3.7992403e-005, -9.48091586e-006, 0, 0, 0, 0, 0, 0, 0, 0.153752515, -0.163125049, -0.0993439453, -0.446569117, 0.794896111, -0.41060028, -0.33984375, 0.273803711, 0.899780273, 0.827730197, 0.541250086, 0.148086475, 0, 0, 0, 0, 0, 0, 0, 0.224365479, -0.124408301, -0.0802026855, -0.402211285, 0.233878211, -0.885176461, 0.673339844, -0.579467773, -0.458984375, -0.62026953, -0.780610586, 0.0754899457, 3, 1, 
212.328841, 0.1, 0.1, 0.105283762, 0.210106661, -0.0199635507, -1.10396889e-005, 0.991854604, -0.127375211, 9.41799238e-006, -0.127375211, -0.991854604, -1, -1.2149385e-005, -7.93509639e-006, -2.78062056e-005, 0.991854593, -0.127375291, -9.09892753e-006, -0.127375291, -0.991854594, -1, -2.64207343e-005, 1.25666366e-005, 0, 0, 0, 0, 0, 0, 0, 0.153752515, -0.163125049, -0.0993439453, -0.446569117, 0.794896111, -0.41060028, -0.33984375, 0.273803711, 0.899780273, 0.827730197, 0.541250086, 0.148086475, 0, 0, 0, 0, 0, 0, 0, 0.224365479, -0.124408301, -0.0802026855, -0.402211285, 0.233878211, -0.885176461, 0.673339844, -0.579467773, -0.458984375, -0.62026953, -0.780610586, 0.0754899457, 3, 1, 
212.329688, 0.1, 0.1, 0.105283764, 0.210106659, -0.0199634821, -2.35035815e-005, 0.991854597, -0.127375264, -9.79371828e-006, -0.127375264, -0.991854597, -1, -2.20646579e-005, 1.27077194e-005, 5.06234441e-006, 0.991854605, -0.127375204, -2.18930365e-005, -0.127375204, -0.991854605, -1, 7.80973961e-006, 2.10698919e-005, 0, 0, 0, 0, 0, 0, 0, 0.153752515, -0.163125049, -0.0993439453, -0.446569117, 0.794896111, -0.41060028, -0.33984375, 0.273803711, 0.899780273, 0.827730197, 0.541250086, 0.148086475, 0, 0, 0, 0, 0, 0, 0, 0.224365479, -0.124408301, -0.0802026855, -0.402211285, 0.233878211, -0.885176461, 0.673339844, -0.579467773, -0.458984375, -0.62026953, -0.780610586, 0.0754899457, 3, 1, 
212.330641, 0.1, 0.1, 0.105283762, 0.210106658, -0.0199620758, 2.93464344e-005, 0.991854513, -0.127375913, -2.62861737e-005, -0.127375912, -0.991854514, -0.999999999, 3.24556188e-005, 2.23340312e-005, 1.66631779e-005, 0.991854529, -0.127375797, -1.84637285e-005, -0.127375796, -0.991854529, -1, 1.88792806e-005, 1.61908472e-005, 0, 0, 0, 0, 0, 0, 0, 0.153534033, -0.163582397, -0.09869729, -0.446467645, 0.794674072, -0.411063453, -0.340209961, 0.274047852, 0.899536133, 0.827590534, 0.541408845, 0.148283427, 0, 0, 0, 0, 0, 0, 0, 0.224122705, -0.124737988, -0.0799557617, -0.40279897, 0.232472431, -0.885169898, 0.673828125, -0.579101563, -0.458618164, -0.619349357, -0.781249311, 0.0765953199, 3, 1, 
212.331496, 0.1, 0.1, 0.105283759, 0.210106658, -0.0199605411, -3.36645545e-005, 0.991854478, -0.127376184, -1.09112357e-005, -0.127376185, -0.991854479, -0.999999999, -3.20005076e-005, 1.51104205e-005, -3.23998048e-005, 0.991854478, -0.127376189, 1.13134511e-005, -0.127376189, -0.991854478, -0.999999999, -3.35769558e-005, -7.0943335e-006, 0, 0, 0, 0, 0, 0, 0, 0.153534033, -0.163582397, -0.09869729, -0.446467645, 0.794674072, -0.411063453, -0.340209961, 0.274047852, 0.899536133, 0.827590534, 0.541408845, 0.148283427, 0, 0, 0, 0, 0, 0, 0, 0.224122705, -0.124737988, -0.0799557617, -0.40279897, 0.232472431, -0.885169898, 0.673828125, -0.579101563, -0.458618164, -0.619349357, -0.781249311, 0.0765953199, 3, 1, 
212.332368, 0.1, 0.1, 0.105283762, 0.210106658, -0.0199598117, 1.07072011e-005, 0.991854535, -0.127375747, 1.00887217e-005, -0.127375747, -0.991854535, -1, 9.33492748e-006, -1.13703821e-005, 3.09211443e-005, 0.991854518, -0.127375878, 1.56719052e-005, -0.127375879, -0.991854518, -0.999999999, 2.8673054e-005, -1.94828579e-005, 0, 0, 0, 0, 0, 0, 0, 0.153534033, -0.163582397, -0.09869729, -0.446467645, 0.794674072, -0.411063453, -0.340209961, 0.274047852, 0.899536133, 0.827590534, 0.541408845, 0.148283427, 0, 0, 0, 0, 0, 0, 0, 0.224122705, -0.124737988, -0.0799557617, -0.40279897, 0.232472431, -0.885169898, 0.673828125, -0.579101563, -0.458618164, -0.619349357, -0.781249311, 0.0765953199, 3, 1, 
212.333272, 0.1, 0.1, 0.105283755, 0.210106657, -0.019959308, 1.14793321e-005, 0.991854604, -0.127375208, 1.4383653e-005, -0.127375208, -0.991854604, -1, 9.55370764e-006, -1.57286748e-005, -2.28151757e-005, 0.991854598, -0.127375256, 1.18490299e-005, -0.127375256, -0.991854598, -1, -2.41386102e-005, -8.84642598e-006, 0, 0, 0, 0, 0, 0, 0, 0.153534033, -0.163582397, -0.09869729, -0.446467645, 0.794674072, -0.411063453, -0.340209961, 0.274047852, 0.899536133, 0.827590534, 0.541408845, 0.148283427, 0, 0, 0, 0, 0, 0, 0, 0.224122705, -0.124737988, -0.0799557617, -0.40279897, 0.232472431, -0.885169898, 0.673828125, -0.579101563, -0.458618164, -0.619349357, -0.781249311, 0.0765953199, 3, 1, 
212.334127, 0.1, 0.1, 0.105283755, 0.210106654, -0.0199600006, -3.08665257e-005, 0.991854577, -0.127375418, 1.20105749e-005, -0.127375418, -0.991854577, -0.999999999, -3.21449568e-005, -7.98110713e-006, -2.09478023e-005, 0.991854591, -0.127375311, -1.29278624e-005, -0.127375311, -0.991854591, -1, -1.91304834e-005, 1.54907925e-005, 0, 0, 0, 0, 0, 0, 0, 0.153534033, -0.163582397, -0.09869729, -0.446467645, 0.794674072, -0.411063453, -0.340209961, 0.274047852, 0.899536133, 0.827590534, 0.541408845, 0.148283427, 0, 0, 0, 0, 0, 0, 0, 0.224122705, -0.124737988, -0.0799557617, -0.40279897, 0.232472431, -0.885169898, 0.673828125, -0.579101563, -0.458618164, -0.619349357, -0.781249311, 0.0765953199, 3, 1, 
212.335083, 0.1, 0.1, 0.105283759, 0.210106652, -0.0199612057, 3.91355686e-005, 0.991854491, -0.127376084, -1.57915302e-005, -0.127376084, -0.991854492, -0.999999999, 4.08282528e-005, 1.06779647e-005, 3.81882515e-005, 0.99185451, -0.127375941, -2.66724185e-005, -0.12737594, -0.99185451, -0.999999999, 4.12746139e-005, 2.15908942e-005, 0, 0, 0, 0, 0, 0, 0, 0.153534033, -0.163582397, -0.09869729, -0.448270165, 0.79434457, -0.409788508, -0.338867187, 0.273193359, 0.900268555, 0.827134473, 0.542449769, 0.146969168, 0, 0, 0, 0, 0, 0, 0, 0.224122705, -0.124737988, -0.0799557617, -0.40279897, 0.232472431, -0.885169898, 0.673828125, -0.579101563, -0.458618164, -0.619349357, -0.781249311, 0.0765953199, 3, 1, 
212.335954, 0.1, 0.1, 0.105283757, 0.210106653, -0.0199613769, -5.9608264e-006, 0.991854476, -0.12737621, -1.79102229e-005, -0.12737621, -0.991854476, -1, -3.63093603e-006, 1.85236022e-005, -2.12605577e-005, 0.991854471, -0.127376246, -8.43395914e-006, -0.127376246, -0.991854471, -1, -2.00130931e-005, 1.10733501e-005, 0, 0, 0, 0, 0, 0, 0, 0.153440527, -0.163819312, -0.0986361328, -0.448270165, 0.79434457, -0.409788508, -0.338867187, 0.273193359, 0.900268555, 0.827134473, 0.542449769, 0.146969168, 0, 0, 0, 0, 0, 0, 0, 0.224091699, -0.125110889, -0.0797103027, -0.403667737, 0.230472403, -0.885335775, 0.674438477, -0.578857422, -0.458129883, -0.618090498, -0.782073236, 0.0781735407, 3, 1, 
212.33681, 0.1, 0.1, 0.105283762, 0.210106652, -0.019962037, -1.34473189e-005, 0.991854543, -0.127375687, -1.04868255e-005, -0.127375687, -0.991854543, -1, -1.20020177e-005, 1.2114267e-005, 2.10098052e-005, 0.991854526, -0.127375816, 7.32225157e-006, -0.127375816, -0.991854526, -1, 1.99059926e-005, -9.93874945e-006, 0, 0, 0, 0, 0, 0, 0, 0.153440527, -0.163819312, -0.0986361328, -0.448270165, 0.79434457, -0.409788508, -0.338867187, 0.273193359, 0.900268555, 0.827134473, 0.542449769, 0.146969168, 0, 0, 0, 0, 0, 0, 0, 0.224091699, -0.125110889, -0.0797103027, -0.403667737, 0.230472403, -0.885335775, 0.674438477, -0.578857422, -0.458129883, -0.618090498, -0.782073236, 0.0781735407, 3, 1, 
212.337758, 0.1, 0.1, 0.105283761, 0.210106654, -0.01996207, 3.56766374e-005, 0.991854592, -0.127375302, 8.97794155e-006, -0.127375303, -0.991854592, -0.999999999, 3.42424686e-005, -1.3449135e-005, 2.50394596e-005, 0.991854591, -0.127375313, 1.99644893e-005, -0.127375313, -0.991854591, -0.999999999, 2.22925199e-005, -2.29912794e-005, 0, 0, 0, 0, 0, 0, 0, 0.153397803, -0.164304492, -0.0984492676, -0.449114137, 0.793557886, -0.410373371, -0.337646484, 0.274536133, 0.900390625, 0.827268145, 0.542945143, 0.144837146, 0, 0, 0, 0, 0, 0, 0, 0.224071924, -0.125713379, -0.0792513672, -0.404070222, 0.228153013, -0.885795495, 0.674560547, -0.579589844, -0.45703125, -0.617764573, -0.782194271, 0.0802118483, 3, 1, 
212.33862, 0.1, 0.1, 0.105283759, 0.210106653, -0.0199615198, -3.286786e-005, 0.991854544, -0.127375674, 1.97127259e-005, -0.127375674, -0.991854544, -0.999999999, -3.51110581e-005, -1.53655909e-005, -3.41319521e-005, 0.991854559, -0.127375554, 1.35952279e-005, -0.127375554, -0.99185456, -0.999999999, -3.55856321e-005, -9.13691253e-006, 0, 0, 0, 0, 0, 0, 0, 0.153397803, -0.164304492, -0.0984492676, -0.449114137, 0.793557886, -0.410373371, -0.337646484, 0.274536133, 0.900390625, 0.827268145, 0.542945143, 0.144837146, 0, 0, 0, 0, 0, 0, 0, 0.224071924, -0.125713379, -0.0792513672, -0.404070222, 0.228153013, -0.885795495, 0.674560547, -0.579589844, -0.45703125, -0.617764573, -0.782194271, 0.0802118483, 3, 1, 
212.339489, 0.1, 0.1, 0.10528376, 0.21010665, -0.0199614152, 6.69146219e-006, 0.991854468, -0.127376271, 8.65856715e-006, -0.127376271, -0.991854468, -1, 5.53406068e-006, -9.44037201e-006, 2.15329586e-005, 0.991854482, -0.127376163, -1.7267039e-005, -0.127376163, -0.991854482, -1, 2.35569707e-005, 1.43836044e-005, 0, 0, 0, 0, 0, 0, 0, 0.153397803, -0.164304492, -0.0984492676, -0.449114137, 0.793557886, -0.410373371, -0.337646484, 0.274536133, 0.900390625, 0.827268145, 0.542945143, 0.144837146, 0, 0, 0, 0, 0, 0, 0, 0.224071924, -0.125713379, -0.0792513672, -0.404070222, 0.228153013, -0.885795495, 0.674560547, -0.579589844, -0.45703125, -0.617764573, -0.782194271, 0.0802118483, 3, 1, 
212.34042, 0.1, 0.1, 0.105283753, 0.210106649, -0.0199606648, 9.49554877e-006, 0.991854475, -0.127376217, -1.71666257e-005, -0.127376217, -0.991854475, -1, 1.16048224e-005, 1.58172874e-005, -2.5042833e-005, 0.991854465, -0.127376288, -2.2355481e-005, -0.127376289, -0.991854465, -0.999999999, -2.19912876e-005, 2.53632467e-005, 0, 0, 0, 0, 0, 0, 0, 0.153397803, -0.164304492, -0.0984492676, -0.449114137, 0.793557886, -0.410373371, -0.337646484, 0.274536133, 0.900390625, 0.827268145, 0.542945143, 0.144837146, 0, 0, 0, 0, 0, 0, 0, 0.224071924, -0.125713379, -0.0792513672, -0.404070222, 0.228153013, -0.885795495, 0.674560547, -0.579589844, -0.45703125, -0.617764573, -0.782194271, 0.0802118483, 3, 1, 
212.341283, 0.1, 0.1, 0.105283753, 0.210106649, -0.0199603364, -3.36573562e-005, 0.991854557, -0.127375575, -1.40276479e-005, -0.127375575, -0.991854557, -0.999999999, -3.15964224e-005, 1.82005117e-005, -1.94515789e-005, 0.991854541, -0.127375699, -9.65721593e-006, -0.1273757, -0.991854541, -1, -1.80630423e-005, 1.2056212e-005, 0, 0, 0, 0, 0, 0, 0, 0.153397803, -0.164304492, -0.0984492676, -0.449114137, 0.793557886, -0.410373371, -0.337646484, 0.274536133, 0.900390625, 0.827268145, 0.542945143, 0.144837146, 0, 0, 0, 0, 0, 0, 0, 0.224071924, -0.125713379, -0.0792513672, -0.404070222, 0.228153013, -0.885795495, 0.674560547, -0.579589844, -0.45703125, -0.617764573, -0.782194271, 0.0802118483, 3, 1, 
212.342183, 0.1, 0.1, 0.105283756, 0.210106649, -0.0199607512, 3.28742834e-005, 0.991854595, -0.127375279, -2.01117057e-005, -0.127375278, -0.991854595, -0.999999999, 3.51682431e-005, 1.57605168e-005, 3.8029653e-005, 0.991854595, -0.127375272, 6.68996126e-006, -0.127375273, -0.991854596, -0.999999999, 3.68677505e-005, -1.14795062e-005, 0, 0, 0, 0, 0, 0, 0, 0.153397803, -0.164304492, -0.0984492676, -0.449374368, 0.792530068, -0.412049332, -0.337646484, 0.276367187, 0.899780273, 0.82718577, 0.543478709, 0.143619489, 0, 0, 0, 0, 0, 0, 0, 0.224071924, -0.125713379, -0.0792513672, -0.404070222, 0.228153013, -0.885795495, 0.674560547, -0.579589844, -0.45703125, -0.617764573, -0.782194271, 0.0802118483, 3, 1, 
212.34306, 0.1, 0.1, 0.105283753, 0.210106649, -0.0199608209, -8.22860323e-006, 0.991854539, -0.127375721, 1.17507826e-005, -0.127375721, -0.991854539, -1, -9.65834185e-006, -1.06069428e-005, -2.43515853e-005, 0.991854554, -0.1273756, 2.07945411e-005, -0.127375599, -0.991854554, -0.999999999, -2.68019479e-005, -1.75233625e-005, 0, 0, 0, 0, 0, 0, 0, 0.153161011, -0.16480188, -0.0983153809, -0.449374368, 0.792530068, -0.412049332, -0.337646484, 0.276367187, 0.899780273, 0.82718577, 0.543478709, 0.143619489, 0, 0, 0, 0, 0, 0, 0, 0.22406875, -0.126305859, -0.0790173828, -0.404229903, 0.225942264, -0.886242456, 0.674804688, -0.580444336, -0.455688477, -0.617413128, -0.782181144, 0.0821287542, 3, 1, 
212.343908, 0.1, 0.1, 0.105283757, 0.210106648, -0.0199616975, -9.87104113e-006, 0.991854474, -0.12737622, 2.01771455e-005, -0.12737622, -0.991854474, -1, -1.23607248e-005, -1.87554562e-005, 1.99244193e-005, 0.991854481, -0.127376169, 9.703151e-006, -0.12737617, -0.991854481, -1, 1.85261743e-005, -1.216201e-005, 0, 0, 0, 0, 0, 0, 0, 0.153161011, -0.16480188, -0.0983153809, -0.449374368, 0.792530068, -0.412049332, -0.337646484, 0.276367187, 0.899780273, 0.82718577, 0.543478709, 0.143619489, 0, 0, 0, 0, 0, 0, 0, 0.22406875, -0.126305859, -0.0790173828, -0.404229903, 0.225942264, -0.886242456, 0.674804688, -0.580444336, -0.455688477, -0.617413128, -0.782181144, 0.0821287542, 3, 1, 
212.344814, 0.1, 0.1, 0.105283756, 0.210106646, -0.0199624888, 3.62548624e-005, 0.991854499, -0.127376022, 6.56516857e-006, -0.127376022, -0.9918545, -0.999999999, 3.51233033e-005, -1.11296921e-005, 2.10419656e-005, 0.991854487, -0.127376124, -1.35812286e-005, -0.127376124, -0.991854487, -1, 2.26004922e-005, 1.07903585e-005, 0, 0, 0, 0, 0, 0, 0, 0.153161011, -0.16480188, -0.0983153809, -0.449374368, 0.792530068, -0.412049332, -0.337646484, 0.276367187, 0.899780273, 0.82718577, 0.543478709, 0.143619489, 0, 0, 0, 0, 0, 0, 0, 0.22406875, -0.126305859, -0.0790173828, -0.404229903, 0.225942264, -0.886242456, 0.674804688, -0.580444336, -0.455688477, -0.617413128, -0.782181144, 0.0821287542, 3, 1, 
212.345661, 0.1, 0.1, 0.105283754, 0.210106646, -0.0199629324, -3.24286853e-005, 0.991854573, -0.127375448, -4.84348396e-006, -0.127375448, -0.991854574, -0.999999999, -3.15475989e-005, 8.93465005e-006, -3.32739898e-005, 0.99185456, -0.12737555, -1.22374606e-005, -0.12737555, -0.99185456, -0.999999999, -3.14442053e-005, 1.63760738e-005, 0, 0, 0, 0, 0, 0, 0, 0.153161011, -0.16480188, -0.0983153809, -0.449374368, 0.792530068, -0.412049332, -0.337646484, 0.276367187, 0.899780273, 0.82718577, 0.543478709, 0.143619489, 0, 0, 0, 0, 0, 0, 0, 0.22406875, -0.126305859, -0.0790173828, -0.404229903, 0.225942264, -0.886242456, 0.674804688, -0.580444336, -0.455688477, -0.617413128, -0.782181144, 0.0821287542, 3, 1, 
212.346504, 0.1, 0.1, 0.105283756, 0.210106646, -0.019963416, 3.49718247e-006, 0.991854591, -0.12737531, -1.87991496e-005, -0.12737531, -0.991854591, -1, 5.86324399e-006, 1.82005682e-005, 1.99978068e-005, 0.991854595, -0.127375283, -1.41096341e-005, -0.127375283, -0.991854595, -1, 2.16321352e-005, 1.14474791e-005, 0, 0, 0, 0, 0, 0, 0, 0.153161011, -0.16480188, -0.0983153809, -0.449374368, 0.792530068, -0.412049332, -0.337646484, 0.276367187, 0.899780273, 0.82718577, 0.543478709, 0.143619489, 0, 0, 0, 0, 0, 0, 0, 0.22406875, -0.126305859, -0.0790173828, -0.404229903, 0.225942264, -0.886242456, 0.674804688, -0.580444336, -0.455688477, -0.617413128, -0.782181144, 0.0821287542, 3, 1, 
212.347445, 0.1, 0.1, 0.10528375, 0.210106648, -0.0199627615, 1.11348424e-005, 0.991854521, -0.12737586, -1.109087e-005, -0.12737586, -0.991854521, -1, 1.24568529e-005, 9.58221946e-006, -1.66127526e-005, 0.991854537, -0.127375736, 1.4339513e-005, -0.127375736, -0.991854537, -1, -1.83039401e-005, -1.21066494e-005, 0, 0, 0, 0, 0, 0, 0, 0.153294556, -0.165756494, -0.0970137939, -0.446766068, 0.791349481, -0.417214636, -0.340820312, 0.280639648, 0.897338867, 0.827267024, 0.543047736, 0.144561185, 0, 0, 0, 0, 0, 0, 0, 0.223943164, -0.126811914, -0.0784123535, -0.402575123, 0.224920012, -0.887226428, 0.675170898, -0.581420898, -0.453735352, -0.61797566, -0.781797617, 0.0821480772, 3, 1, 
212.348292, 0.1, 0.1, 0.105283751, 0.210106648, -0.0199618098, -2.88522587e-005, 0.991854473, -0.127376226, 1.20543387e-005, -0.127376226, -0.991854474, -1, -3.0152678e-005, -8.2810579e-006, -1.48004252e-005, 0.991854476, -0.127376207, 1.96619447e-005, -0.127376207, -0.991854476, -1, -1.71843319e-005, -1.76165658e-005, 0, 0, 0, 0, 0, 0, 0, 0.153294556, -0.165756494, -0.0970137939, -0.446766068, 0.791349481, -0.417214636, -0.340820312, 0.280639648, 0.897338867, 0.827267024, 0.543047736, 0.144561185, 0, 0, 0, 0, 0, 0, 0, 0.223943164, -0.126811914, -0.0784123535, -0.402575123, 0.224920012, -0.887226428, 0.675170898, -0.581420898, -0.453735352, -0.61797566, -0.781797617, 0.0821480772, 3, 1, 
212.349166, 0.1, 0.1, 0.105283753, 0.210106646, -0.0199612077, 3.60422541e-005, 0.991854516, -0.127375894, 9.52667925e-006, -0.127375894, -0.991854516, -0.999999999, 3.45352032e-005, -1.40399942e-005, 3.68734161e-005, 0.9918545, -0.127376016, 2.30598038e-006, -0.127376017, -0.991854501, -0.999999999, 3.62793371e-005, -6.98398587e-006, 0, 0, 0, 0, 0, 0, 0, 0.153294556, -0.165756494, -0.0970137939, -0.446766068, 0.791349481, -0.417214636, -0.340820312, 0.280639648, 0.897338867, 0.827267024, 0.543047736, 0.144561185, 0, 0, 0, 0, 0, 0, 0, 0.223943164, -0.126811914, -0.0784123535, -0.402575123, 0.224920012, -0.887226428, 0.675170898, -0.581420898, -0.453735352, -0.61797566, -0.781797617, 0.0821480772, 3, 1, 
212.350074, 0.1, 0.1, 0.105283748, 0.210106644, -0.019960357, -1.27908696e-005, 0.991854592, -0.127375302, 8.72648689e-006, -0.127375302, -0.991854592, -1, -1.37982217e-005, -7.02616521e-006, -3.26881591e-005, 0.99185458, -0.127375394, -1.18768425e-005, -0.127375394, -0.99185458, -0.999999999, -3.09090828e-005, 1.59437678e-005, 0, 0, 0, 0, 0, 0, 0, 0.153294556, -0.165756494, -0.0970137939, -0.446766068, 0.791349481, -0.417214636, -0.340820312, 0.280639648, 0.897338867, 0.827267024, 0.543047736, 0.144561185, 0, 0, 0, 0, 0, 0, 0, 0.224051074, -0.127126465, -0.0775940918, -0.400996902, 0.223584595, -0.888319043, 0.676269531, -0.581665039, -0.451782227, -0.617809782, -0.781937975, 0.0820332388, 3, 1, 
212.350928, 0.1, 0.1, 0.105283751, 0.210106642, -0.019960188, -2.06616914e-005, 0.991854585, -0.127375357, -1.22337177e-005, -0.127375357, -0.991854585, -1, -1.89351192e-005, 1.47658593e-005, 9.18455362e-006, 0.991854593, -0.127375294, -2.54442059e-005, -0.127375294, -0.991854593, -1, 1.23507049e-005, 2.40670673e-005, 0, 0, 0, 0, 0, 0, 0, 0.153294556, -0.165756494, -0.0970137939, -0.446766068, 0.791349481, -0.417214636, -0.340820312, 0.280639648, 0.897338867, 0.827267024, 0.543047736, 0.144561185, 0, 0, 0, 0, 0, 0, 0, 0.224051074, -0.127126465, -0.0775940918, -0.400996902, 0.223584595, -0.888319043, 0.676269531, -0.581665039, -0.451782227, -0.617809782, -0.781937975, 0.0820332388, 3, 1, 
212.351788, 0.1, 0.1, 0.10528375, 0.210106642, -0.0199609868, 2.95322232e-005, 0.991854507, -0.127375967, -2.23087556e-005, -0.127375966, -0.991854507, -0.999999999, 3.2133268e-005, 1.83653443e-005, 1.41654295e-005, 0.991854524, -0.127375837, -1.34615854e-005, -0.127375837, -0.991854524, -1, 1.5764726e-005, 1.15476009e-005, 0, 0, 0, 0, 0, 0, 0, 0.153294556, -0.165756494, -0.0970137939, -0.446766068, 0.791349481, -0.417214636, -0.340820312, 0.280639648, 0.897338867, 0.827267024, 0.543047736, 0.144561185, 0, 0, 0, 0, 0, 0, 0, 0.224051074, -0.127126465, -0.0775940918, -0.400996902, 0.223584595, -0.888319043, 0.676269531, -0.581665039, -0.451782227, -0.617809782, -0.781937975, 0.0820332388, 3, 1, 
212.352693, 0.1, 0.1, 0.105283749, 0.210106643, -0.0199613909, -2.89414991e-005, 0.991854469, -0.127376263, -6.28696936e-006, -0.127376263, -0.991854469, -1, -2.79049446e-005, 9.92221867e-006, -2.78179402e-005, 0.991854468, -0.127376269, 1.64334323e-005, -0.127376268, -0.991854468, -0.999999999, -2.96845775e-005, -1.27562279e-005, 0, 0, 0, 0, 0, 0, 0, 0.153555273, -0.166108765, -0.0955209473, -0.44592921, 0.788704111, -0.423071143, -0.346069336, 0.283935547, 0.894165039, 0.825527783, 0.545073417, 0.146601092, 0, 0, 0, 0, 0, 0, 0, 0.224051074, -0.127126465, -0.0775940918, -0.400996902, 0.223584595, -0.888319043, 0.676269531, -0.581665039, -0.451782227, -0.617809782, -0.781937975, 0.0820332388, 3, 1, 
212.35355, 0.1, 0.1, 0.105283753, 0.210106643, -0.0199621893, 1.6502618e-005, 0.991854523, -0.127375841, 8.28814332e-006, -0.127375841, -0.991854523, -1, 1.53124871e-005, -1.03226673e-005, 3.38943462e-005, 0.991854508, -0.127375956, 1.39025813e-005, -0.127375956, -0.991854508, -0.999999999, 3.18474055e-005, -1.81066627e-005, 0, 0, 0, 0, 0, 0, 0, 0.153555273, -0.166108765, -0.0955209473, -0.44592921, 0.788704111, -0.423071143, -0.346069336, 0.283935547, 0.894165039, 0.825527783, 0.545073417, 0.146601092, 0, 0, 0, 0, 0, 0, 0, 0.224051074, -0.127126465, -0.0775940918, -0.400996902, 0.223584595, -0.888319043, 0.676269531, -0.581665039, -0.451782227, -0.617809782, -0.781937975, 0.0820332388, 3, 1, 
212.354467, 0.1, 0.1, 0.105283749, 0.210106643, -0.0199628884, 2.48066728e-005, 0.991854585, -0.127375354, 1.52144782e-005, -0.127375354, -0.991854586, -1, 2.26666626e-005, -1.82503087e-005, -1.12623969e-005, 0.99185458, -0.127375401, 1.29707686e-005, -0.127375401, -0.99185458, -1, -1.28228168e-005, -1.14305639e-005, 0, 0, 0, 0, 0, 0, 0, 0.153555273, -0.166108765, -0.0955209473, -0.445739371, 0.786724857, -0.426866021, -0.348754883, 0.286499023, 0.892333984, 0.824385388, 0.546622819, 0.146831366, 0, 0, 0, 0, 0, 0, 0, 0.224051074, -0.127126465, -0.0775940918, -0.400996902, 0.223584595, -0.888319043, 0.676269531, -0.581665039, -0.451782227, -0.617809782, -0.781937975, 0.0820332388, 3, 1, 
212.355336, 0.1, 0.1, 0.105283751, 0.210106641, -0.0199624983, -2.71794191e-005, 0.991854557, -0.127375577, 1.3626195e-005, -0.127375577, -0.991854557, -1, -2.86936751e-005, -1.00532094e-005, -1.54302088e-005, 0.991854571, -0.127375468, -9.58347665e-006, -0.127375469, -0.991854571, -1, -1.40838233e-005, 1.14708452e-005, 0, 0, 0, 0, 0, 0, 0, 0.153784741, -0.166428442, -0.0941514893, -0.445739371, 0.786724857, -0.426866021, -0.348754883, 0.286499023, 0.892333984, 0.824385388, 0.546622819, 0.146831366, 0, 0, 0, 0, 0, 0, 0, 0.22407793, -0.127462744, -0.0771622559, -0.400830658, 0.222044653, -0.888759806, 0.677124023, -0.581542969, -0.450683594, -0.617055853, -0.782468057, 0.0827233689, 3, 1, 
212.356187, 0.1, 0.1, 0.105283752, 0.21010664, -0.0199622849, 2.6066011e-005, 0.991854481, -0.127376166, -1.42307663e-005, -0.127376166, -0.991854481, -1, 2.76663503e-005, 1.07946607e-005, 2.72088897e-005, 0.991854495, -0.12737606, -2.21608837e-005, -0.127376059, -0.991854495, -0.999999999, 2.98100256e-005, 1.8514611e-005, 0, 0, 0, 0, 0, 0, 0, 0.153784741, -0.166428442, -0.0941514893, -0.445739371, 0.786724857, -0.426866021, -0.348754883, 0.286499023, 0.892333984, 0.824385388, 0.546622819, 0.146831366, 0, 0, 0, 0, 0, 0, 0, 0.22407793, -0.127462744, -0.0771622559, -0.400830658, 0.222044653, -0.888759806, 0.677124023, -0.581542969, -0.450683594, -0.617055853, -0.782468057, 0.0827233689, 3, 1, 
212.357091, 0.1, 0.1, 0.105283747, 0.21010664, -0.0199617485, -2.12723858e-005, 0.991854464, -0.127376297, -2.03792048e-005, -0.127376297, -0.991854464, -1, -1.85032832e-005, 2.2922803e-005, -3.72904938e-005, 0.991854459, -0.127376332, -1.16249727e-005, -0.127376333, -0.99185446, -0.999999999, -3.55059962e-005, 1.62802074e-005, 0, 0, 0, 0, 0, 0, 0, 0.153784741, -0.166428442, -0.0941514893, -0.445739371, 0.786724857, -0.426866021, -0.348754883, 0.286499023, 0.892333984, 0.824385388, 0.546622819, 0.146831366, 0, 0, 0, 0, 0, 0, 0, 0.22407793, -0.127462744, -0.0771622559, -0.400830658, 0.222044653, -0.888759806, 0.677124023, -0.581542969, -0.450683594, -0.617055853, -0.782468057, 0.0827233689, 3, 1, 
212.357937, 0.1, 0.1, 0.105283749, 0.21010664, -0.0199614172, -2.12687463e-005, 0.991854531, -0.127375779, -9.45580933e-006, -0.127375779, -0.991854531, -1, -1.98910613e-005, 1.20879105e-005, 1.11626918e-005, 0.991854515, -0.127375905, 7.82923837e-006, -0.127375905, -0.991854515, -1, 1.00745099e-005, -9.18732339e-006, 0, 0, 0, 0, 0, 0, 0, 0.153784741, -0.166428442, -0.0941514893, -0.445739371, 0.786724857, -0.426866021, -0.348754883, 0.286499023, 0.892333984, 0.824385388, 0.546622819, 0.146831366, 0, 0, 0, 0, 0, 0, 0, 0.22407793, -0.127462744, -0.0771622559, -0.400830658, 0.222044653, -0.888759806, 0.677124023, -0.581542969, -0.450683594, -0.617055853, -0.782468057, 0.0827233689, 3, 1, 
212.358785, 0.1, 0.1, 0.105283747, 0.210106641, -0.019961687, 3.28858557e-005, 0.991854579, -0.127375403, 6.1933102e-006, -0.127375403, -0.991854579, -0.999999999, 3.18291111e-005, -1.03317122e-005, 1.85817628e-005, 0.991854577, -0.127375421, 1.6426399e-005, -0.127375421, -0.991854577, -1, 1.6338087e-005, -1.86594589e-005, 0, 0, 0, 0, 0, 0, 0, 0.153784741, -0.166428442, -0.0941514893, -0.445739371, 0.786724857, -0.426866021, -0.348754883, 0.286499023, 0.892333984, 0.824385388, 0.546622819, 0.146831366, 0, 0, 0, 0, 0, 0, 0, 0.22407793, -0.127462744, -0.0771622559, -0.400830658, 0.222044653, -0.888759806, 0.677124023, -0.581542969, -0.450683594, -0.617055853, -0.782468057, 0.0827233689, 3, 1, 
212.359735, 0.1, 0.1, 0.105283745, 0.210106639, -0.0199611418, -2.86734876e-005, 0.99185453, -0.127375787, 2.20933868e-005, -0.127375786, -0.99185453, -0.999999999, -3.12540911e-005, -1.82611178e-005, -3.30501478e-005, 0.991854545, -0.127375666, 1.51548509e-005, -0.127375666, -0.991854546, -0.999999999, -3.47112985e-005, -1.08216232e-005, 0, 0, 0, 0, 0, 0, 0, 0.153860278, -0.166472021, -0.0943155273, -0.448582815, 0.785767431, -0.425585085, -0.347045898, 0.285644531, 0.893310547, 0.823599826, 0.548381156, 0.144774606, 0, 0, 0, 0, 0, 0, 0, 0.224013721, -0.127809033, -0.0771134277, -0.402185032, 0.22039607, -0.888574239, 0.677368164, -0.581298828, -0.450683594, -0.615848034, -0.783132301, 0.0844612708, 3, 1, 
212.360624, 0.1, 0.1, 0.105283751, 0.210106637, -0.0199603838, 2.65143789e-005, 0.991854445, -0.127376447, 5.87323265e-006, -0.127376447, -0.991854445, -1, 2.55502931e-005, -9.20269928e-006, 4.00656176e-005, 0.991854458, -0.127376342, -1.85269536e-005, -0.127376341, -0.991854459, -0.999999999, 4.2099157e-005, 1.32726297e-005, 0, 0, 0, 0, 0, 0, 0, 0.153860278, -0.166472021, -0.0943155273, -0.448582815, 0.785767431, -0.425585085, -0.347045898, 0.285644531, 0.893310547, 0.823599826, 0.548381156, 0.144774606, 0, 0, 0, 0, 0, 0, 0, 0.224013721, -0.127809033, -0.0771134277, -0.402185032, 0.22039607, -0.888574239, 0.677368164, -0.581298828, -0.450683594, -0.615848034, -0.783132301, 0.0844612708, 3, 1, 
212.361508, 0.1, 0.1, 0.105283749, 0.210106635, -0.0199603968, 2.92656523e-005, 0.991854446, -0.12737644, -1.64609983e-005, -0.12737644, -0.991854446, -0.999999999, 3.11240107e-005, 1.25991597e-005, -5.44116122e-006, 0.991854438, -0.127376502, -2.20196084e-005, -0.127376503, -0.991854438, -1, -2.5920592e-006, 2.25333224e-005, 0, 0, 0, 0, 0, 0, 0, 0.153860278, -0.166472021, -0.0943155273, -0.448582815, 0.785767431, -0.425585085, -0.347045898, 0.285644531, 0.893310547, 0.823599826, 0.548381156, 0.144774606, 0, 0, 0, 0, 0, 0, 0, 0.224013721, -0.127809033, -0.0771134277, -0.402185032, 0.22039607, -0.888574239, 0.677368164, -0.581298828, -0.450683594, -0.615848034, -0.783132301, 0.0844612708, 3, 1, 
212.362378, 0.1, 0.1, 0.105283753, 0.210106636, -0.0199605812, -2.8850144e-005, 0.991854524, -0.127375834, -1.18914558e-005, -0.127375835, -0.991854524, -1, -2.71004618e-005, 1.54694054e-005, -1.09241802e-005, 0.991854509, -0.127375951, -7.36932115e-006, -0.127375951, -0.991854509, -1, -9.8965231e-006, 8.70077226e-006, 0, 0, 0, 0, 0, 0, 0, 0.153860278, -0.166472021, -0.0943155273, -0.448582815, 0.785767431, -0.425585085, -0.347045898, 0.285644531, 0.893310547, 0.823599826, 0.548381156, 0.144774606, 0, 0, 0, 0, 0, 0, 0, 0.224013721, -0.127809033, -0.0771134277, -0.402185032, 0.22039607, -0.888574239, 0.677368164, -0.581298828, -0.450683594, -0.615848034, -0.783132301, 0.0844612708, 3, 1, 
212.363225, 0.1, 0.1, 0.105283754, 0.210106637, -0.0199616419, 2.11688194e-005, 0.991854558, -0.127375568, -1.42086001e-005, -0.127375568, -0.991854558, -1, 2.28062185e-005, 1.13964744e-005, 2.74314759e-005, 0.991854558, -0.127375567, 7.84462465e-006, -0.127375567, -0.991854558, -1, 2.62088209e-005, -1.12748265e-005, 0, 0, 0, 0, 0, 0, 0, 0.153860278, -0.166472021, -0.0943155273, -0.448582815, 0.785767431, -0.425585085, -0.347045898, 0.285644531, 0.893310547, 0.823599826, 0.548381156, 0.144774606, 0, 0, 0, 0, 0, 0, 0, 0.224013721, -0.127809033, -0.0771134277, -0.402185032, 0.22039607, -0.888574239, 0.677368164, -0.581298828, -0.450683594, -0.615848034, -0.783132301, 0.0844612708, 3, 1, 
212.364144, 0.1, 0.1, 0.105283747, 0.210106638, -0.0199627821, -2.12673124e-005, 0.991854498, -0.127376032, 1.13319547e-005, -0.127376031, -0.991854499, -1, -2.25374989e-005, -8.53070438e-006, -3.83462228e-005, 0.991854516, -0.127375893, 2.29601089e-005, -0.127375892, -0.991854516, -0.999999999, -4.09584386e-005, -1.78887034e-005, 0, 0, 0, 0, 0, 0, 0, 0.153860278, -0.166472021, -0.0943155273, -0.449597529, 0.786820337, -0.422749876, -0.342651367, 0.28515625, 0.895141602, 0.82499646, 0.547225656, 0.141606531, 0, 0, 0, 0, 0, 0, 0, 0.224013721, -0.127809033, -0.0771134277, -0.402185032, 0.22039607, -0.888574239, 0.677368164, -0.581298828, -0.450683594, -0.615848034, -0.783132301, 0.0844612708, 3, 1, 
212.365012, 0.1, 0.1, 0.105283749, 0.210106636, -0.0199628195, -1.87249325e-005, 0.991854435, -0.127376523, 1.56922709e-005, -0.127376523, -0.991854435, -1, -2.05712342e-005, -1.31793318e-005, 8.91396922e-006, 0.991854442, -0.127376476, 5.86651102e-006, -0.127376476, -0.991854442, -1, 8.09410447e-006, -6.95415499e-006, 0, 0, 0, 0, 0, 0, 0, 0.154035913, -0.167314697, -0.0950732422, -0.449597529, 0.786820337, -0.422749876, -0.342651367, 0.28515625, 0.895141602, 0.82499646, 0.547225656, 0.141606531, 0, 0, 0, 0, 0, 0, 0, 0.224047998, -0.128473877, -0.077204834, -0.405175229, 0.220542991, -0.887174656, 0.676025391, -0.581054688, -0.453125, -0.61542586, -0.783362344, 0.0863267708, 3, 1, 
212.365858, 0.1, 0.1, 0.105283747, 0.210106635, -0.0199629553, 2.92095916e-005, 0.991854455, -0.12737637, 5.83041923e-006, -0.12737637, -0.991854455, -1, 2.8229006e-005, -9.50353904e-006, 1.25166659e-005, 0.991854443, -0.127376464, -1.43122212e-005, -0.127376464, -0.991854443, -1, 1.42377508e-005, 1.26013116e-005, 0, 0, 0, 0, 0, 0, 0, 0.154035913, -0.167314697, -0.0950732422, -0.449597529, 0.786820337, -0.422749876, -0.342651367, 0.28515625, 0.895141602, 0.82499646, 0.547225656, 0.141606531, 0, 0, 0, 0, 0, 0, 0, 0.224047998, -0.128473877, -0.077204834, -0.405175229, 0.220542991, -0.887174656, 0.676025391, -0.581054688, -0.453125, -0.61542586, -0.783362344, 0.0863267708, 3, 1, 
212.366795, 0.1, 0.1, 0.105283742, 0.210106633, -0.0199621777, -3.99050779e-005, 0.991854531, -0.127375776, -9.47410645e-006, -0.127375776, -0.991854531, -0.999999999, -3.83732607e-005, 1.44798757e-005, -4.38700259e-005, 0.991854518, -0.127375873, -1.75035541e-005, -0.127375874, -0.991854519, -0.999999999, -4.1283153e-005, 2.29489621e-005, 0, 0, 0, 0, 0, 0, 0, 0.15377251, -0.167930713, -0.095815332, -0.45047258, 0.787955619, -0.419591158, -0.337646484, 0.284667969, 0.897216797, 0.826494566, 0.545809926, 0.138140033, 0, 0, 0, 0, 0, 0, 0, 0.22409375, -0.128902051, -0.0775294922, -0.407884344, 0.220773035, -0.885883714, 0.674438477, -0.581054688, -0.455322266, -0.615342371, -0.783215423, 0.0880581095, 3, 1, 
212.367635, 0.1, 0.1, 0.105283745, 0.210106633, -0.0199613327, 9.91453895e-006, 0.991854544, -0.127375682, -2.28471596e-005, -0.127375682, -0.991854543, -1, 1.2743953e-005, 2.13981879e-005, 2.52262072e-005, 0.991854548, -0.127375645, -1.83920373e-005, -0.127375644, -0.991854548, -1, 2.7363426e-005, 1.50290215e-005, 0, 0, 0, 0, 0, 0, 0, 0.15377251, -0.167930713, -0.095815332, -0.45047258, 0.787955619, -0.419591158, -0.337646484, 0.284667969, 0.897216797, 0.826494566, 0.545809926, 0.138140033, 0, 0, 0, 0, 0, 0, 0, 0.22409375, -0.128902051, -0.0775294922, -0.407884344, 0.220773035, -0.885883714, 0.674438477, -0.581054688, -0.455322266, -0.615342371, -0.783215423, 0.0880581095, 3, 1, 
212.3685, 0.1, 0.1, 0.105283742, 0.210106633, -0.019961069, 2.50860475e-005, 0.991854474, -0.12737622, -1.60516512e-005, -0.12737622, -0.991854474, -1, 2.69263071e-005, 1.27255362e-005, -6.06739367e-006, 0.991854493, -0.127376079, 1.16929823e-005, -0.127376079, -0.991854493, -1, -7.50737791e-006, -1.08248962e-005, 0, 0, 0, 0, 0, 0, 0, 0.15377251, -0.167930713, -0.095815332, -0.45047258, 0.787955619, -0.419591158, -0.337646484, 0.284667969, 0.897216797, 0.826494566, 0.545809926, 0.138140033, 0, 0, 0, 0, 0, 0, 0, 0.22409375, -0.128902051, -0.0775294922, -0.407884344, 0.220773035, -0.885883714, 0.674438477, -0.581054688, -0.455322266, -0.615342371, -0.783215423, 0.0880581095, 3, 1, 
212.369384, 0.1, 0.1, 0.105283747, 0.210106633, -0.0199608415, -1.71585848e-005, 0.991854422, -0.127376629, 9.53856315e-006, -0.127376629, -0.991854422, -1, -1.82338082e-005, -7.27526336e-006, -1.25786235e-006, 0.991854424, -0.12737661, 1.63191357e-005, -0.12737661, -0.991854424, -1, -3.32629252e-006, -1.60259847e-005, 0, 0, 0, 0, 0, 0, 0, 0.15377251, -0.167930713, -0.095815332, -0.45047258, 0.787955619, -0.419591158, -0.337646484, 0.284667969, 0.897216797, 0.826494566, 0.545809926, 0.138140033, 0, 0, 0, 0, 0, 0, 0, 0.22409375, -0.128902051, -0.0775294922, -0.407884344, 0.220773035, -0.885883714, 0.674438477, -0.581054688, -0.455322266, -0.615342371, -0.783215423, 0.0880581095, 3, 1, 
212.370234, 0.1, 0.1, 0.10528375, 0.21010663, -0.0199613894, 3.85024591e-005, 0.991854461, -0.127376321, 9.81111148e-006, -0.127376321, -0.991854461, -0.999999999, 3.69391326e-005, -1.46354963e-005, 4.07884193e-005, 0.991854447, -0.127376429, 2.46561532e-006, -0.127376429, -0.991854448, -0.999999999, 4.01421138e-005, -7.64101474e-006, 0, 0, 0, 0, 0, 0, 0, 0.15377251, -0.167930713, -0.095815332, -0.45047258, 0.787955619, -0.419591158, -0.337646484, 0.284667969, 0.897216797, 0.826494566, 0.545809926, 0.138140033, 0, 0, 0, 0, 0, 0, 0, 0.22409375, -0.128902051, -0.0775294922, -0.407884344, 0.220773035, -0.885883714, 0.674438477, -0.581054688, -0.455322266, -0.615342371, -0.783215423, 0.0880581095, 3, 1, 
212.371128, 0.1, 0.1, 0.105283746, 0.21010663, -0.0199622818, -1.31751964e-005, 0.991854534, -0.12737576, 1.50066717e-005, -0.12737576, -0.991854534, -1, -1.49793645e-005, -1.32062347e-005, -3.22924533e-005, 0.991854521, -0.127375856, -7.4990883e-006, -0.127375856, -0.991854521, -0.999999999, -3.1074213e-005, 1.15512835e-005, 0, 0, 0, 0, 0, 0, 0, 0.15377251, -0.167930713, -0.095815332, -0.45047258, 0.787955619, -0.419591158, -0.337646484, 0.284667969, 0.897216797, 0.826494566, 0.545809926, 0.138140033, 0, 0, 0, 0, 0, 0, 0, 0.22409375, -0.128902051, -0.0775294922, -0.407884344, 0.220773035, -0.885883714, 0.674438477, -0.581054688, -0.455322266, -0.615342371, -0.783215423, 0.0880581095, 3, 1, 
212.37203, 0.1, 0.1, 0.10528375, 0.210106629, -0.0199620309, -2.1622799e-005, 0.991854521, -0.127375853, -6.94437013e-006, -0.127375853, -0.991854522, -1, -2.05621259e-005, 9.64202738e-006, 8.05202632e-006, 0.991854531, -0.127375781, -1.89043077e-005, -0.12737578, -0.991854531, -1, 1.03943897e-005, 1.77246901e-005, 0, 0, 0, 0, 0, 0, 0, 0.153578931, -0.168562964, -0.095761499, -0.449983197, 0.788792477, -0.418386605, -0.334472656, 0.285522461, 0.898071289, 0.828023751, 0.544070685, 0.135601003, 0, 0, 0, 0, 0, 0, 0, 0.223724512, -0.129330225, -0.0776509277, -0.410095092, 0.221003078, -0.884810056, 0.673095703, -0.581176758, -0.45715332, -0.615329245, -0.783068502, 0.0895211253, 3, 1, 
212.372879, 0.1, 0.1, 0.105283747, 0.21010663, -0.0199620945, 2.18461361e-005, 0.991854442, -0.127376472, -1.93126902e-005, -0.127376472, -0.991854442, -1, 2.41281694e-005, 1.63726938e-005, 8.34338274e-006, 0.991854458, -0.12737635, -1.11173617e-005, -0.12737635, -0.991854458, -1, 9.69151032e-006, 9.96405512e-006, 0, 0, 0, 0, 0, 0, 0, 0.153578931, -0.168562964, -0.095761499, -0.449983197, 0.788792477, -0.418386605, -0.334472656, 0.285522461, 0.898071289, 0.828023751, 0.544070685, 0.135601003, 0, 0, 0, 0, 0, 0, 0, 0.223724512, -0.129330225, -0.0776509277, -0.410095092, 0.221003078, -0.884810056, 0.673095703, -0.581176758, -0.45715332, -0.615329245, -0.783068502, 0.0895211253, 3, 1, 
212.373777, 0.1, 0.1, 0.105283743, 0.210106632, -0.019962107, -3.63358481e-005, 0.991854404, -0.127376764, -8.13432063e-006, -0.127376764, -0.991854405, -0.999999999, -3.50037475e-005, 1.26964045e-005, -3.65617733e-005, 0.991854404, -0.127376765, 1.53540406e-005, -0.127376765, -0.991854404, -0.999999999, -3.82197039e-005, -1.05718524e-005, 0, 0, 0, 0, 0, 0, 0, 0.153578931, -0.168562964, -0.095761499, -0.449983197, 0.788792477, -0.418386605, -0.334472656, 0.285522461, 0.898071289, 0.828023751, 0.544070685, 0.135601003, 0, 0, 0, 0, 0, 0, 0, 0.223724512, -0.129330225, -0.0776509277, -0.410095092, 0.221003078, -0.884810056, 0.673095703, -0.581176758, -0.45715332, -0.615329245, -0.783068502, 0.0895211253, 3, 1, 
