time, realDorsalTactorPos, realVentralTactorPos, boxPosX, boxPosY, boxPosZ, boxLocalRot_11, boxLocalRot_12, boxLocalRot_13, boxLocalRot_21, boxLocalRot_22, boxLocalRot_23, boxLocalRot_31, boxLocalRot_32, boxLocalRot_33, boxGlobalRot_11, boxGlobalRot_12, boxGlobalRot_13, boxGlobalRot_21, boxGlobalRot_22, boxGlobalRot_23, boxGlobalRot_31, boxGlobalRot_32, boxGlobalRot_33, indexForceX, indexForceY, indexForceZ, indexForceGlobalX, indexForceGlobalY, indexForceGlobalZ, indexContact, indexPosX, indexPosY, indexPosZ, indexRot_11, indexRot_12, indexRot_13, indexRot_21, indexRot_22, indexRot_23, indexRot_31, indexRot_32, indexRot_33, thumbForceX, thumbForceY, thumbForceZ, thumbForceGlobalX, thumbForceGlobalY, thumbForceGlobalZ, thumbContact, thumbPosX, thumbPosY, thumbPosZ, thumbRot_11, thumbRot_12, thumbRot_13, thumbRot_21, thumbRot_22, thumbRot_23, thumbRot_31, thumbRot_32, thumbRot_33, mapping, trialSuccess, 
90.2154023, 0.1, 0.1, 0.115844036, 0.199948401, -0.0199597133, 0.936532699, -1.99825586e-006, 0.35058024, 0.35058024, 1.40242808e-005, -0.936532698, -3.04520377e-006, 1, 1.38347465e-005, 0.936532815, -4.0520057e-005, 0.350579926, 0.350579928, 6.32969709e-005, -0.936532813, 1.57577156e-005, 0.999999997, 7.3485209e-005, 0, 0, 0, 0, 0, 0, 0, 0.112439551, 0.0350587402, -0.148691968, -0.309268647, 0.941727882, -0.131157826, -0.526855469, -0.0548095703, 0.848144531, 0.791770867, 0.331370397, 0.513287217, 0, 0, 0, 0, 0, 0, 0, 0.186715234, 0.067776123, -0.133288037, -0.323604859, 0.593936938, -0.736394011, 0.430297852, -0.600830078, -0.673583984, -0.842641214, -0.534717996, -0.0613188344, 1, 1, 
90.2357769, 0.1, 0.1, 0.115843756, 0.199949432, -0.0199622753, 0.936534718, 1.5159877e-005, 0.350574845, 0.350574844, 3.8103683e-005, -0.936534717, -2.75559439e-005, 0.999999999, 3.03707504e-005, 0.936534777, 4.76301449e-005, 0.350574684, 0.350574685, -8.94435912e-006, -0.936534778, -4.14716213e-005, 0.999999999, -2.50746264e-005, 0, 0, 0, 0, 0, 0, 0, 0.116731055, 0.0204642822, -0.150788892, -0.291267413, 0.94475892, -0.14983229, -0.525634766, -0.0270996094, 0.850219727, 0.799301474, 0.326317426, 0.50462732, 0, 0, 0, 0, 0, 0, 0, 0.190683691, 0.0534743164, -0.134061182, -0.326732849, 0.565250412, -0.757345448, 0.461914063, -0.603637695, -0.649658203, -0.824558573, -0.561913385, -0.06401189, 1, 1, 
90.2366246, 0.1, 0.1, 0.115843755, 0.199949443, -0.0199656671, 0.93653434, -1.90370678e-005, 0.350575854, 0.350575854, 5.55839914e-005, -0.936534339, -1.65753757e-006, 0.999999998, 5.8730253e-005, 0.9365344, -2.79054406e-005, 0.350575693, 0.350575694, 7.87341092e-005, -0.936534397, -1.46785989e-006, 0.999999997, 8.35201709e-005, 0, 0, 0, 0, 0, 0, 0, 0.116731055, 0.0204642822, -0.150788892, -0.291267413, 0.94475892, -0.14983229, -0.525634766, -0.0270996094, 0.850219727, 0.799301474, 0.326317426, 0.50462732, 0, 0, 0, 0, 0, 0, 0, 0.190683691, 0.0534743164, -0.134061182, -0.326732849, 0.565250412, -0.757345448, 0.461914063, -0.603637695, -0.649658203, -0.824558573, -0.561913385, -0.06401189, 1, 1, 
90.2375061, 0.1, 0.1, 0.115843743, 0.199949485, -0.0199677207, 0.936533982, 2.54569299e-005, 0.350576809, 0.35057681, -8.47401938e-005, -0.936533979, 5.86666688e-006, 0.999999996, -8.82866804e-005, 0.936534049, 3.41553424e-005, 0.350576631, 0.350576633, -7.79284673e-005, -0.936534045, -4.66774148e-006, 0.999999996, -8.49567279e-005, 0, 0, 0, 0, 0, 0, 0, 0.117859741, 0.0173736816, -0.151194995, -0.286767105, 0.945557587, -0.153310771, -0.525268555, -0.0212402344, 0.850708008, 0.801184126, 0.324337051, 0.502953602, 0, 0, 0, 0, 0, 0, 0, 0.191414209, 0.0503342285, -0.134328027, -0.3266366, 0.559524848, -0.761587941, 0.466552734, -0.60534668, -0.644775391, -0.82197086, -0.56582922, -0.0633531096, 1, 1, 
90.2383684, 0.1, 0.1, 0.115843734, 0.199949516, -0.0199675814, 0.936533648, -2.43658644e-005, 0.350577703, 0.350577704, 5.71517973e-005, -0.936533646, 2.78330602e-006, 0.999999998, 6.206671e-005, 0.936533713, -1.32375367e-005, 0.350577529, 0.350577529, 2.75130598e-005, -0.936533713, 2.7519389e-006, 1, 3.0407691e-005, 0, 0, 0, 0, 0, 0, 0, 0.117859741, 0.0173736816, -0.151194995, -0.286767105, 0.945557587, -0.153310771, -0.525268555, -0.0212402344, 0.850708008, 0.801184126, 0.324337051, 0.502953602, 0, 0, 0, 0, 0, 0, 0, 0.191414209, 0.0503342285, -0.134328027, -0.3266366, 0.559524848, -0.761587941, 0.466552734, -0.60534668, -0.644775391, -0.82197086, -0.56582922, -0.0633531096, 1, 1, 
90.2392156, 0.1, 0.1, 0.11584373, 0.199949532, -0.0199658891, 0.936533369, 6.40853513e-006, 0.35057845, 0.35057845, 6.30017631e-006, -0.936533369, -8.21051303e-006, 1, 3.65363103e-006, 0.936533436, -1.87739048e-005, 0.350578271, 0.350578271, 3.73570952e-005, -0.936533435, 4.48580371e-006, 0.999999999, 4.15678918e-005, 0, 0, 0, 0, 0, 0, 0, 0.117859741, 0.0173736816, -0.151194995, -0.286767105, 0.945557587, -0.153310771, -0.525268555, -0.0212402344, 0.850708008, 0.801184126, 0.324337051, 0.502953602, 0, 0, 0, 0, 0, 0, 0, 0.191414209, 0.0503342285, -0.134328027, -0.3266366, 0.559524848, -0.761587941, 0.466552734, -0.60534668, -0.644775391, -0.82197086, -0.56582922, -0.0633531096, 1, 1, 
90.2400939, 0.1, 0.1, 0.115843715, 0.199949579, -0.0199629822, 0.93653319, 3.22533453e-005, 0.350578924, 0.350578926, -7.62881675e-005, -0.936533187, -3.46130457e-006, 0.999999997, -8.27537441e-005, 0.936533229, 3.90663554e-005, 0.350578819, 0.350578821, -9.11560589e-005, -0.936533225, -4.62955636e-006, 0.999999995, -9.9066515e-005, 0, 0, 0, 0, 0, 0, 0, 0.118805835, 0.0142926025, -0.151406299, -0.281486104, 0.946559197, -0.15732881, -0.524780273, -0.0145263672, 0.851074219, 0.803313904, 0.322077349, 0.500994566, 0, 0, 0, 0, 0, 0, 0, 0.192095166, 0.0471589844, -0.134576562, -0.327453962, 0.553511637, -0.765600391, 0.471557617, -0.606445313, -0.640014648, -0.818865457, -0.570511743, -0.0625474079, 1, 1, 
90.2409338, 0.1, 0.1, 0.115843711, 0.199949598, -0.0199604932, 0.93653305, -4.67687375e-005, 0.350579297, 0.3505793, 0.00010050518, -0.936533045, 8.56543285e-006, 0.999999994, 0.000110522574, 0.936533087, -2.7273687e-005, 0.3505792, 0.350579201, 8.5768878e-005, -0.936533084, -4.52607443e-006, 0.999999996, 8.98869795e-005, 0, 0, 0, 0, 0, 0, 0, 0.118805835, 0.0142926025, -0.151406299, -0.281486104, 0.946559197, -0.15732881, -0.524780273, -0.0145263672, 0.851074219, 0.803313904, 0.322077349, 0.500994566, 0, 0, 0, 0, 0, 0, 0, 0.192095166, 0.0471589844, -0.134576562, -0.327453962, 0.553511637, -0.765600391, 0.471557617, -0.606445313, -0.640014648, -0.818865457, -0.570511743, -0.0625474079, 1, 1, 
90.2417691, 0.1, 0.1, 0.115843708, 0.199949613, -0.0199593805, 0.936532928, 9.62721848e-006, 0.350579628, 0.350579628, -3.77659853e-005, -0.936532927, 4.22377798e-006, 0.999999999, -3.87441955e-005, 0.936532958, -1.29386588e-005, 0.350579546, 0.350579547, 1.83310167e-005, -0.936532958, 5.69100091e-006, 1, 2.17036304e-005, 0, 0, 0, 0, 0, 0, 0, 0.118805835, 0.0142926025, -0.151406299, -0.281486104, 0.946559197, -0.15732881, -0.524780273, -0.0145263672, 0.851074219, 0.803313904, 0.322077349, 0.500994566, 0, 0, 0, 0, 0, 0, 0, 0.192095166, 0.0471589844, -0.134576562, -0.327453962, 0.553511637, -0.765600391, 0.471557617, -0.606445313, -0.640014648, -0.818865457, -0.570511743, -0.0625474079, 1, 1, 
90.242605, 0.1, 0.1, 0.115843693, 0.199949659, -0.0199598987, 0.936532733, 1.02934453e-005, 0.350580148, 0.350580148, -6.35561099e-005, -0.936532731, 1.2641362e-005, 0.999999998, -6.31310548e-005, 0.936532768, 3.28905859e-005, 0.350580052, 0.350580054, -8.6762677e-005, -0.936532764, -3.85847502e-007, 0.999999996, -9.27868734e-005, 0, 0, 0, 0, 0, 0, 0, 0.118805835, 0.0142926025, -0.151406299, -0.281486104, 0.946559197, -0.15732881, -0.524780273, -0.0145263672, 0.851074219, 0.803313904, 0.322077349, 0.500994566, 0, 0, 0, 0, 0, 0, 0, 0.192095166, 0.0471589844, -0.134576562, -0.327453962, 0.553511637, -0.765600391, 0.471557617, -0.606445313, -0.640014648, -0.818865457, -0.570511743, -0.0625474079, 1, 1, 
90.243449, 0.1, 0.1, 0.115843691, 0.199949671, -0.0199616183, 0.936532656, -3.6203395e-005, 0.350580352, 0.350580354, 9.84898342e-005, -0.936532651, -6.2293923e-007, 0.999999994, 0.000104931145, 0.936532679, -3.72371312e-005, 0.350580291, 0.350580293, 9.39253668e-005, -0.936532674, 1.94540763e-006, 0.999999995, 0.00010101878, 0, 0, 0, 0, 0, 0, 0, 0.118805835, 0.0142926025, -0.151406299, -0.281486104, 0.946559197, -0.15732881, -0.524780273, -0.0145263672, 0.851074219, 0.803313904, 0.322077349, 0.500994566, 0, 0, 0, 0, 0, 0, 0, 0.192095166, 0.0471589844, -0.134576562, -0.327453962, 0.553511637, -0.765600391, 0.471557617, -0.606445313, -0.640014648, -0.818865457, -0.570511743, -0.0625474079, 1, 1, 
90.2443146, 0.1, 0.1, 0.115843684, 0.199949695, -0.019963889, 0.936532549, 2.44323124e-005, 0.350580639, 0.35058064, -6.82251389e-005, -0.936532546, 1.03675708e-006, 0.999999997, -7.24605589e-005, 0.936532543, 2.13517671e-005, 0.350580656, 0.350580656, -2.48807064e-005, -0.936532542, -1.12739303e-005, 0.999999999, -3.07871078e-005, 0, 0, 0, 0, 0, 0, 0, 0.118805835, 0.0142926025, -0.151406299, -0.2765537, 0.947484422, -0.160154279, -0.522949219, -0.00842285157, 0.852294922, 0.806364038, 0.319335377, 0.497981503, 0, 0, 0, 0, 0, 0, 0, 0.192095166, 0.0471589844, -0.134576562, -0.327453962, 0.553511637, -0.765600391, 0.471557617, -0.606445313, -0.640014648, -0.818865457, -0.570511743, -0.0625474079, 1, 1, 
90.2451852, 0.1, 0.1, 0.11584367, 0.199949738, -0.0199652545, 0.936532551, 1.75321549e-005, 0.350580635, 0.350580635, -1.83412179e-005, -0.93653255, -9.98935792e-006, 1, -2.33235816e-005, 0.936532558, 2.97002257e-005, 0.350580614, 0.350580615, -5.48773504e-005, -0.936532556, -8.57629309e-006, 0.999999998, -6.18067487e-005, 0, 0, 0, 0, 0, 0, 0, 0.119513672, 0.0112061523, -0.151783105, -0.2765537, 0.947484422, -0.160154279, -0.522949219, -0.00842285157, 0.852294922, 0.806364038, 0.319335377, 0.497981503, 0, 0, 0, 0, 0, 0, 0, 0.193072607, 0.04414375, -0.134451855, -0.32735115, 0.546686895, -0.770533013, 0.477783203, -0.607788086, -0.634155273, -0.81517237, -0.57564779, -0.0623293912, 1, 1, 
90.2460248, 0.1, 0.1, 0.115843668, 0.199949748, -0.0199658033, 0.936532531, -2.47042872e-005, 0.350580688, 0.350580689, 6.84250684e-005, -0.936532528, -8.52138985e-007, 0.999999997, 7.27431485e-005, 0.936532527, -1.76883427e-005, 0.350580697, 0.350580698, 8.30760639e-005, -0.936532523, -1.25591562e-005, 0.999999996, 8.40046276e-005, 0, 0, 0, 0, 0, 0, 0, 0.119513672, 0.0112061523, -0.151783105, -0.2765537, 0.947484422, -0.160154279, -0.522949219, -0.00842285157, 0.852294922, 0.806364038, 0.319335377, 0.497981503, 0, 0, 0, 0, 0, 0, 0, 0.193072607, 0.04414375, -0.134451855, -0.32735115, 0.546686895, -0.770533013, 0.477783203, -0.607788086, -0.634155273, -0.81517237, -0.57564779, -0.0623293912, 1, 1, 
90.2468674, 0.1, 0.1, 0.115843662, 0.199949781, -0.0199655152, 0.936532364, 4.63159741e-005, 0.350581131, 0.350581133, -7.55205593e-005, -0.936532361, -1.69003255e-005, 0.999999996, -8.69649546e-005, 0.936532434, 1.41983731e-005, 0.350580946, 0.350580946, -7.01428793e-005, -0.936532432, 1.129352e-005, 0.999999997, -7.06687606e-005, 0, 0, 0, 0, 0, 0, 0, 0.119513672, 0.0112061523, -0.151783105, -0.2765537, 0.947484422, -0.160154279, -0.522949219, -0.00842285157, 0.852294922, 0.806364038, 0.319335377, 0.497981503, 0, 0, 0, 0, 0, 0, 0, 0.193072607, 0.04414375, -0.134451855, -0.32735115, 0.546686895, -0.770533013, 0.477783203, -0.607788086, -0.634155273, -0.81517237, -0.57564779, -0.0623293912, 1, 1, 
90.2477087, 0.1, 0.1, 0.115843649, 0.199949811, -0.0199645365, 0.93653198, -2.91483507e-005, 0.350582158, 0.350582159, 4.12349434e-005, -0.936531979, 1.28421271e-005, 0.999999999, 4.88367349e-005, 0.93653204, -1.83401416e-006, 0.350581998, 0.350581998, -4.49514119e-006, -0.93653204, 3.29352861e-006, 1, -3.5668714e-006, 0, 0, 0, 0, 0, 0, 0, 0.119513672, 0.0112061523, -0.151783105, -0.2765537, 0.947484422, -0.160154279, -0.522949219, -0.00842285157, 0.852294922, 0.806364038, 0.319335377, 0.497981503, 0, 0, 0, 0, 0, 0, 0, 0.193072607, 0.04414375, -0.134451855, -0.32735115, 0.546686895, -0.770533013, 0.477783203, -0.607788086, -0.634155273, -0.81517237, -0.57564779, -0.0623293912, 1, 1, 
90.2490429, 0.1, 0.1, 0.115843648, 0.199949815, -0.0199561816, 0.936531842, -8.12010613e-006, 0.350582529, 0.350582529, 3.50312429e-005, -0.936531841, -4.67660378e-006, 0.999999999, 3.56546417e-005, 0.936531884, -3.32277173e-005, 0.350582414, 0.350582415, 8.66353396e-005, -0.93653188, 7.45990115e-007, 0.999999996, 9.27858112e-005, 0, 0, 0, 0, 0, 0, 0, 0.119513672, 0.0112061523, -0.151783105, -0.2765537, 0.947484422, -0.160154279, -0.522949219, -0.00842285157, 0.852294922, 0.806364038, 0.319335377, 0.497981503, 0, 0, 0, 0, 0, 0, 0, 0.193072607, 0.04414375, -0.134451855, -0.32735115, 0.546686895, -0.770533013, 0.477783203, -0.607788086, -0.634155273, -0.81517237, -0.57564779, -0.0623293912, 1, 1, 
90.2504707, 0.1, 0.1, 0.115843628, 0.199949887, -0.0199386042, 0.936531607, -6.59059658e-006, 0.350583157, 0.350583156, -2.29031852e-005, -0.936531606, 1.4201773e-005, 1, -1.91390047e-005, 0.936531701, 4.95715645e-005, 0.3505829, 0.350582903, -7.64214084e-005, -0.936531698, -1.96333025e-005, 0.999999996, -8.89500146e-005, 0, 0, 0, 0, 0, 0, 0, 0.120633569, 0.00810603027, -0.151979517, -0.272212151, 0.948080146, -0.163892991, -0.522583008, -0.00256347657, 0.852539063, 0.808024651, 0.317634328, 0.49622541, 0, 0, 0, 0, 0, 0, 0, 0.193761377, 0.0407259766, -0.134483008, -0.327676709, 0.539900798, -0.775235226, 0.480957031, -0.610839844, -0.628662109, -0.813242704, -0.578815891, -0.0596323032, 1, 1, 
90.2518961, 0.1, 0.1, 0.115843625, 0.199949887, -0.0199248899, 0.936531657, 8.47332399e-006, 0.350583023, 0.350583023, 6.60153423e-008, -0.936531657, -7.95868001e-006, 1, -2.90877808e-006, 0.936531696, -3.80088271e-005, 0.350582916, 0.350582918, 0.000100495052, -0.93653169, 3.64622819e-007, 0.999999994, 0.000107442047, 0, 0, 0, 0, 0, 0, 0, 0.120633569, 0.00810603027, -0.151979517, -0.269171756, 0.948409648, -0.166692251, -0.522216797, 0.00170898437, 0.852783203, 0.809273386, 0.316593405, 0.494938482, 0, 0, 0, 0, 0, 0, 0, 0.193761377, 0.0407259766, -0.134483008, -0.329688764, 0.533005694, -0.779132471, 0.486206055, -0.611572266, -0.624023437, -0.809280928, -0.584450304, -0.0575870659, 1, 1, 
90.2528202, 0.1, 0.1, 0.115843619, 0.199949915, -0.0199251514, 0.936531714, -6.2442147e-006, 0.35058287, 0.35058287, -8.84095049e-006, -0.936531714, 8.94739089e-006, 1, -6.0907158e-006, 0.936531705, 9.63143098e-006, 0.350582893, 0.350582893, 2.00450735e-005, -0.936531705, -1.60476004e-005, 1, 1.5396232e-005, 0, 0, 0, 0, 0, 0, 0, 0.121685718, 0.0054407959, -0.152126489, -0.269171756, 0.948409648, -0.166692251, -0.522216797, 0.00170898437, 0.852783203, 0.809273386, 0.316593405, 0.494938482, 0, 0, 0, 0, 0, 0, 0, 0.194381299, 0.0379188477, -0.134474609, -0.329688764, 0.533005694, -0.779132471, 0.486206055, -0.611572266, -0.624023437, -0.809280928, -0.584450304, -0.0575870659, 1, 1, 
90.2536589, 0.1, 0.1, 0.115843613, 0.199949936, -0.0199388078, 0.936531737, -4.24303171e-005, 0.350582805, 0.350582805, 7.45290331e-006, -0.936531738, 3.71244788e-005, 0.999999999, 2.18552201e-005, 0.936531752, -4.00683743e-007, 0.350582767, 0.350582767, 1.77953253e-005, -0.936531752, -5.86348132e-006, 1, 1.680636e-005, 0, 0, 0, 0, 0, 0, 0, 0.121685718, 0.0054407959, -0.152126489, -0.269171756, 0.948409648, -0.166692251, -0.522216797, 0.00170898437, 0.852783203, 0.809273386, 0.316593405, 0.494938482, 0, 0, 0, 0, 0, 0, 0, 0.194381299, 0.0379188477, -0.134474609, -0.329688764, 0.533005694, -0.779132471, 0.486206055, -0.611572266, -0.624023437, -0.809280928, -0.584450304, -0.0575870659, 1, 1, 
90.254505, 0.1, 0.1, 0.11584361, 0.199949964, -0.0199594858, 0.936531464, 3.18403804e-005, 0.350583537, 0.350583537, -9.5556852e-006, -0.936531464, -2.64694521e-005, 0.999999999, -2.0111913e-005, 0.936531546, 1.91830062e-005, 0.350583318, 0.350583319, -3.4651879e-005, -0.936531545, -5.81711975e-006, 0.999999999, -3.91778198e-005, 0, 0, 0, 0, 0, 0, 0, 0.121685718, 0.0054407959, -0.152126489, -0.269171756, 0.948409648, -0.166692251, -0.522216797, 0.00170898437, 0.852783203, 0.809273386, 0.316593405, 0.494938482, 0, 0, 0, 0, 0, 0, 0, 0.194381299, 0.0379188477, -0.134474609, -0.329688764, 0.533005694, -0.779132471, 0.486206055, -0.611572266, -0.624023437, -0.809280928, -0.584450304, -0.0575870659, 1, 1, 
90.2553484, 0.1, 0.1, 0.115843606, 0.199949977, -0.0199790766, 0.936530912, -3.68687742e-005, 0.350585011, 0.350585012, 7.60534744e-006, -0.936530912, 3.18624259e-005, 0.999999999, 2.00482826e-005, 0.936531037, -2.61850476e-005, 0.350584678, 0.350584678, 2.45209557e-005, -0.936531037, 1.59264384e-005, 0.999999999, 3.21447125e-005, 0, 0, 0, 0, 0, 0, 0, 0.121685718, 0.0054407959, -0.152126489, -0.269171756, 0.948409648, -0.166692251, -0.522216797, 0.00170898437, 0.852783203, 0.809273386, 0.316593405, 0.494938482, 0, 0, 0, 0, 0, 0, 0, 0.194381299, 0.0379188477, -0.134474609, -0.329688764, 0.533005694, -0.779132471, 0.486206055, -0.611572266, -0.624023437, -0.809280928, -0.584450304, -0.0575870659, 1, 1, 
90.2561892, 0.1, 0.1, 0.115843605, 0.199950005, -0.0199910074, 0.936530205, 2.14259741e-006, 0.350586902, 0.350586902, -5.56306234e-005, -0.936530203, 1.74967607e-005, 0.999999998, -5.28509257e-005, 0.936530353, -9.85168224e-006, 0.350586505, 0.350586504, -5.40117565e-005, -0.936530352, 2.81621924e-005, 0.999999998, -4.71297825e-005, 0, 0, 0, 0, 0, 0, 0, 0.121685718, 0.0054407959, -0.152126489, -0.269171756, 0.948409648, -0.166692251, -0.522216797, 0.00170898437, 0.852783203, 0.809273386, 0.316593405, 0.494938482, 0, 0, 0, 0, 0, 0, 0, 0.194381299, 0.0379188477, -0.134474609, -0.329688764, 0.533005694, -0.779132471, 0.486206055, -0.611572266, -0.624023437, -0.809280928, -0.584450304, -0.0575870659, 1, 1, 
90.2570701, 0.1, 0.1, 0.115843592, 0.199950031, -0.0199918354, 0.936529385, 4.19035096e-005, 0.350589089, 0.350589089, -7.29306716e-006, -0.936529386, -3.66869984e-005, 0.999999999, -2.1521085e-005, 0.936529547, 4.23360354e-005, 0.350588657, 0.350588658, -2.13993266e-005, -0.936529547, -3.21465869e-005, 0.999999999, -3.48836355e-005, 0, 0, 0, 0, 0, 0, 0, 0.122387451, 0.0025878418, -0.152424683, -0.26435992, 0.949582, -0.167994527, -0.519897461, 0.00634765624, 0.854125977, 0.812342616, 0.31307074, 0.492178536, 0, 0, 0, 0, 0, 0, 0, 0.195235937, 0.035141748, -0.134682861, -0.331419736, 0.526436514, -0.782895554, 0.490966797, -0.612304688, -0.619506836, -0.805657836, -0.589682233, -0.0556504704, 1, 1, 
90.2579116, 0.1, 0.1, 0.115843585, 0.199950042, -0.0199824494, 0.936528524, -2.64965691e-005, 0.350591389, 0.35059139, 2.51450887e-005, -0.936528524, 1.59991411e-005, 0.999999999, 3.28385618e-005, 0.936528705, -7.16471938e-006, 0.350590909, 0.350590909, 3.38463689e-005, -0.936528704, -5.1562639e-006, 0.999999999, 3.42099815e-005, 0, 0, 0, 0, 0, 0, 0, 0.122387451, 0.0025878418, -0.152424683, -0.26435992, 0.949582, -0.167994527, -0.519897461, 0.00634765624, 0.854125977, 0.812342616, 0.31307074, 0.492178536, 0, 0, 0, 0, 0, 0, 0, 0.195235937, 0.035141748, -0.134682861, -0.331419736, 0.526436514, -0.782895554, 0.490966797, -0.612304688, -0.619506836, -0.805657836, -0.589682233, -0.0556504704, 1, 1, 
90.2587562, 0.1, 0.1, 0.115843582, 0.199950063, -0.0199675984, 0.93652756, 3.71091866e-005, 0.350593964, 0.350593965, -2.40577851e-005, -0.93652756, -2.63192617e-005, 0.999999999, -3.55410357e-005, 0.936527765, 8.85181573e-006, 0.35059342, 0.35059342, -3.41044907e-005, -0.936527764, 3.66683884e-006, 0.999999999, -3.50431908e-005, 0, 0, 0, 0, 0, 0, 0, 0.122387451, 0.0025878418, -0.152424683, -0.26435992, 0.949582, -0.167994527, -0.519897461, 0.00634765624, 0.854125977, 0.812342616, 0.31307074, 0.492178536, 0, 0, 0, 0, 0, 0, 0, 0.195235937, 0.035141748, -0.134682861, -0.331419736, 0.526436514, -0.782895554, 0.490966797, -0.612304688, -0.619506836, -0.805657836, -0.589682233, -0.0556504704, 1, 1, 
90.2596024, 0.1, 0.1, 0.115843574, 0.199950078, -0.0199525557, 0.936526417, -1.74607822e-005, 0.35059702, 0.35059702, -2.14563045e-005, -0.936526417, 2.38750002e-005, 1, -1.39726978e-005, 0.936526657, -1.23598714e-005, 0.35059638, 0.35059638, 6.22203076e-006, -0.936526657, 9.39392759e-006, 1, 1.01604238e-005, 0, 0, 0, 0, 0, 0, 0, 0.122387451, 0.0025878418, -0.152424683, -0.26435992, 0.949582, -0.167994527, -0.519897461, 0.00634765624, 0.854125977, 0.812342616, 0.31307074, 0.492178536, 0, 0, 0, 0, 0, 0, 0, 0.195235937, 0.035141748, -0.134682861, -0.331419736, 0.526436514, -0.782895554, 0.490966797, -0.612304688, -0.619506836, -0.805657836, -0.589682233, -0.0556504704, 1, 1, 
90.2604396, 0.1, 0.1, 0.115843572, 0.199950089, -0.0199431003, 0.93652521, -1.58198837e-005, 0.350600242, 0.350600243, 2.852257e-005, -0.93652521, 4.81569991e-006, 0.999999999, 3.22585609e-005, 0.936525453, -2.33624841e-005, 0.350599594, 0.350599595, 3.70697898e-005, -0.936525452, 8.88290775e-006, 0.999999999, 4.29076792e-005, 0, 0, 0, 0, 0, 0, 0, 0.122387451, 0.0025878418, -0.152424683, -0.26435992, 0.949582, -0.167994527, -0.519897461, 0.00634765624, 0.854125977, 0.812342616, 0.31307074, 0.492178536, 0, 0, 0, 0, 0, 0, 0, 0.195235937, 0.035141748, -0.134682861, -0.331419736, 0.526436514, -0.782895554, 0.490966797, -0.612304688, -0.619506836, -0.805657836, -0.589682233, -0.0556504704, 1, 1, 
90.2613074, 0.1, 0.1, 0.11584357, 0.199950106, -0.0199414597, 0.936524037, -5.50931091e-005, 0.350603373, 0.350603373, -1.49569375e-005, -0.936524038, 5.68399737e-005, 0.999999998, 5.30829842e-006, 0.936524276, -3.28497421e-005, 0.350602737, 0.350602736, -2.06547367e-005, -0.936524277, 3.80061882e-005, 0.999999999, -7.82645282e-006, 0, 0, 0, 0, 0, 0, 0, 0.122387451, 0.0025878418, -0.152424683, -0.258875976, 0.950241003, -0.172977106, -0.51965332, 0.0140380859, 0.854248047, 0.814193068, 0.310988893, 0.490372268, 0, 0, 0, 0, 0, 0, 0, 0.195235937, 0.035141748, -0.134682861, -0.331419736, 0.526436514, -0.782895554, 0.490966797, -0.612304688, -0.619506836, -0.805657836, -0.589682233, -0.0556504704, 1, 1, 
90.2621716, 0.1, 0.1, 0.115843562, 0.19995012, -0.0199470401, 0.936523031, 5.50895546e-005, 0.35060606, 0.350606059, 1.66589055e-005, -0.936523033, -5.743335e-005, 0.999999998, -3.71328295e-006, 0.936523215, 4.86504704e-005, 0.350605571, 0.35060557, 2.41261688e-005, -0.936523216, -5.40210642e-005, 0.999999999, 5.53759124e-006, 0, 0, 0, 0, 0, 0, 0, 0.123789551, -0.000510205078, -0.152461572, -0.258875976, 0.950241003, -0.172977106, -0.51965332, 0.0140380859, 0.854248047, 0.814193068, 0.310988893, 0.490372268, 0, 0, 0, 0, 0, 0, 0, 0.195671924, 0.0319203613, -0.134679102, -0.332441621, 0.519484174, -0.78712492, 0.494750977, -0.614379883, -0.614379883, -0.802942158, -0.593604264, -0.0527809416, 1, 1, 
90.2630158, 0.1, 0.1, 0.115843566, 0.199950137, -0.0199576916, 0.936522173, -8.51090972e-005, 0.350608345, 0.350608344, -2.44685985e-005, -0.936522177, 8.82854518e-005, 0.999999996, 6.92457456e-006, 0.936522334, -7.08197077e-005, 0.350607918, 0.350607917, -2.77371881e-005, -0.936522337, 7.60491159e-005, 0.999999997, -1.14654592e-006, 0, 0, 0, 0, 0, 0, 0, 0.123789551, -0.000510205078, -0.152461572, -0.258875976, 0.950241003, -0.172977106, -0.51965332, 0.0140380859, 0.854248047, 0.814193068, 0.310988893, 0.490372268, 0, 0, 0, 0, 0, 0, 0, 0.195671924, 0.0319203613, -0.134679102, -0.332441621, 0.519484174, -0.78712492, 0.494750977, -0.614379883, -0.614379883, -0.802942158, -0.593604264, -0.0527809416, 1, 1, 
90.2638738, 0.1, 0.1, 0.115843565, 0.199950155, -0.0199692288, 0.936521324, 4.65939817e-005, 0.350610621, 0.350610621, 1.97700573e-005, -0.936521325, -5.05678495e-005, 0.999999999, 2.17873537e-006, 0.93652153, 2.17522792e-005, 0.350610073, 0.350610073, -1.02529637e-005, -0.93652153, -1.67766855e-005, 1, -1.72286894e-005, 0, 0, 0, 0, 0, 0, 0, 0.123789551, -0.000510205078, -0.152461572, -0.258875976, 0.950241003, -0.172977106, -0.51965332, 0.0140380859, 0.854248047, 0.814193068, 0.310988893, 0.490372268, 0, 0, 0, 0, 0, 0, 0, 0.195671924, 0.0319203613, -0.134679102, -0.332441621, 0.519484174, -0.78712492, 0.494750977, -0.614379883, -0.614379883, -0.802942158, -0.593604264, -0.0527809416, 1, 1, 
90.2647112, 0.1, 0.1, 0.115843548, 0.199950163, -0.0199772101, 0.936520505, 2.92254871e-005, 0.350612811, 0.350612811, 1.08419744e-005, -0.936520505, -3.11716031e-005, 1, -9.30988413e-008, 0.936520646, 5.3869282e-005, 0.350612431, 0.350612431, 1.36535759e-005, -0.936520648, -5.52368083e-005, 0.999999998, -6.10038417e-006, 0, 0, 0, 0, 0, 0, 0, 0.123789551, -0.000510205078, -0.152461572, -0.258875976, 0.950241003, -0.172977106, -0.51965332, 0.0140380859, 0.854248047, 0.814193068, 0.310988893, 0.490372268, 0, 0, 0, 0, 0, 0, 0, 0.195671924, 0.0319203613, -0.134679102, -0.332441621, 0.519484174, -0.78712492, 0.494750977, -0.614379883, -0.614379883, -0.802942158, -0.593604264, -0.0527809416, 1, 1, 
90.2655524, 0.1, 0.1, 0.115843551, 0.199950176, -0.0199797714, 0.936519818, -3.1778084e-005, 0.350614646, 0.350614645, -2.14792469e-005, -0.936519818, 3.7291744e-005, 0.999999999, -8.97387878e-006, 0.936519959, -4.15596627e-005, 0.350614268, 0.350614268, -7.75847325e-006, -0.93651996, 4.16416851e-005, 0.999999999, 7.30544568e-006, 0, 0, 0, 0, 0, 0, 0, 0.123789551, -0.000510205078, -0.152461572, -0.258875976, 0.950241003, -0.172977106, -0.51965332, 0.0140380859, 0.854248047, 0.814193068, 0.310988893, 0.490372268, 0, 0, 0, 0, 0, 0, 0, 0.195671924, 0.0319203613, -0.134679102, -0.332441621, 0.519484174, -0.78712492, 0.494750977, -0.614379883, -0.614379883, -0.802942158, -0.593604264, -0.0527809416, 1, 1, 
90.2664327, 0.1, 0.1, 0.115843542, 0.199950188, -0.0199758803, 0.936519, 4.10009334e-005, 0.350616829, 0.350616828, 3.46947885e-005, -0.936519001, -5.05627299e-005, 0.999999999, 1.81167114e-005, 0.93651916, 3.79821198e-005, 0.350616402, 0.350616402, 2.60474552e-005, -0.936519161, -4.4703648e-005, 0.999999999, 1.10767867e-005, 0, 0, 0, 0, 0, 0, 0, 0.124718677, -0.00317263184, -0.152489551, -0.253937582, 0.950677967, -0.177731654, -0.518554687, 0.0213623047, 0.854736328, 0.816500701, 0.309065806, 0.48766474, 0, 0, 0, 0, 0, 0, 0, 0.196290137, 0.0291083496, -0.134873926, -0.334440916, 0.512442148, -0.790804881, 0.499633789, -0.615112305, -0.609741211, -0.799101783, -0.599008634, -0.0504673814, 1, 1, 
90.2672739, 0.1, 0.1, 0.115843538, 0.199950203, -0.0199678426, 0.936518281, -4.30505883e-005, 0.350618748, 0.350618747, -4.30968634e-005, -0.936518282, 5.54282313e-005, 0.999999998, -2.52666571e-005, 0.936518398, -2.18261764e-005, 0.35061844, 0.350618439, -3.81677938e-005, -0.936518398, 3.38229481e-005, 0.999999999, -2.80921812e-005, 0, 0, 0, 0, 0, 0, 0, 0.124718677, -0.00317263184, -0.152489551, -0.253937582, 0.950677967, -0.177731654, -0.518554687, 0.0213623047, 0.854736328, 0.816500701, 0.309065806, 0.48766474, 0, 0, 0, 0, 0, 0, 0, 0.196290137, 0.0291083496, -0.134873926, -0.334440916, 0.512442148, -0.790804881, 0.499633789, -0.615112305, -0.609741211, -0.799101783, -0.599008634, -0.0504673814, 1, 1, 
90.2681287, 0.1, 0.1, 0.11584354, 0.199950213, -0.0199588841, 0.9365179, 2.48601954e-005, 0.350619769, 0.350619769, 1.70129523e-005, -0.9365179, -2.92470954e-005, 1, 7.21645839e-006, 0.936517942, -9.95009746e-007, 0.350619658, 0.350619658, 2.75134971e-005, -0.936517941, -8.71492849e-006, 1, 2.61157537e-005, 0, 0, 0, 0, 0, 0, 0, 0.124718677, -0.00317263184, -0.152489551, -0.253937582, 0.950677967, -0.177731654, -0.518554687, 0.0213623047, 0.854736328, 0.816500701, 0.309065806, 0.48766474, 0, 0, 0, 0, 0, 0, 0, 0.196290137, 0.0291083496, -0.134873926, -0.334440916, 0.512442148, -0.790804881, 0.499633789, -0.615112305, -0.609741211, -0.799101783, -0.599008634, -0.0504673814, 1, 1, 
90.2690173, 0.1, 0.1, 0.115843535, 0.199950231, -0.0199514734, 0.936517912, -2.81271465e-005, 0.350619737, 0.350619738, 1.21974001e-005, -0.936517912, 2.20649273e-005, 1, 2.12850164e-005, 0.936517883, -2.20534491e-005, 0.350619815, 0.350619815, -2.68154439e-005, -0.936517883, 3.00554755e-005, 0.999999999, -1.73807664e-005, 0, 0, 0, 0, 0, 0, 0, 0.125482056, -0.00604255371, -0.152683032, -0.247945159, 0.951507713, -0.181293632, -0.515869141, 0.0288085937, 0.856201172, 0.820000904, 0.305720997, 0.483903184, 0, 0, 0, 0, 0, 0, 0, 0.197212891, 0.0263014648, -0.134672314, -0.335213435, 0.505361843, -0.795028051, 0.505126953, -0.615966797, -0.604492187, -0.795255212, -0.604048799, -0.0488246284, 1, 1, 
90.269863, 0.1, 0.1, 0.115843531, 0.199950241, -0.0199488602, 0.93651815, 1.01864671e-005, 0.350619102, 0.350619102, -4.01324041e-005, -0.936518149, 4.53137616e-006, 0.999999999, -4.11562948e-005, 0.936518101, 1.45550617e-005, 0.350619234, 0.350619234, -1.8758392e-005, -0.9365181, -7.05402571e-006, 1, -2.26708583e-005, 0, 0, 0, 0, 0, 0, 0, 0.125482056, -0.00604255371, -0.152683032, -0.247945159, 0.951507713, -0.181293632, -0.515869141, 0.0288085937, 0.856201172, 0.820000904, 0.305720997, 0.483903184, 0, 0, 0, 0, 0, 0, 0, 0.197212891, 0.0263014648, -0.134672314, -0.335213435, 0.505361843, -0.795028051, 0.505126953, -0.615966797, -0.604492187, -0.795255212, -0.604048799, -0.0488246284, 1, 1, 
90.2707013, 0.1, 0.1, 0.115843526, 0.199950249, -0.0199515117, 0.936518426, 1.53268123e-005, 0.350618365, 0.350618364, 4.85737706e-005, -0.936518425, -3.13846981e-005, 0.999999999, 4.01163693e-005, 0.936518357, 9.11292784e-006, 0.35061855, 0.350618549, 4.70490391e-005, -0.936518356, -2.50306901e-005, 0.999999999, 4.08671273e-005, 0, 0, 0, 0, 0, 0, 0, 0.125482056, -0.00604255371, -0.152683032, -0.247945159, 0.951507713, -0.181293632, -0.515869141, 0.0288085937, 0.856201172, 0.820000904, 0.305720997, 0.483903184, 0, 0, 0, 0, 0, 0, 0, 0.197212891, 0.0263014648, -0.134672314, -0.335213435, 0.505361843, -0.795028051, 0.505126953, -0.615966797, -0.604492187, -0.795255212, -0.604048799, -0.0488246284, 1, 1, 
90.2715416, 0.1, 0.1, 0.115843521, 0.199950264, -0.0199581031, 0.936518763, 1.37023487e-005, 0.350617464, 0.350617464, -1.26018301e-005, -0.936518763, -8.41408499e-006, 1, -1.66061331e-005, 0.936518703, -1.76518579e-007, 0.350617626, 0.350617626, -3.52422052e-005, -0.936518702, 1.25218513e-005, 0.999999999, -3.29430938e-005, 0, 0, 0, 0, 0, 0, 0, 0.125482056, -0.00604255371, -0.152683032, -0.247945159, 0.951507713, -0.181293632, -0.515869141, 0.0288085937, 0.856201172, 0.820000904, 0.305720997, 0.483903184, 0, 0, 0, 0, 0, 0, 0, 0.197212891, 0.0263014648, -0.134672314, -0.335213435, 0.505361843, -0.795028051, 0.505126953, -0.615966797, -0.604492187, -0.795255212, -0.604048799, -0.0488246284, 1, 1, 
90.2723808, 0.1, 0.1, 0.115843521, 0.199950272, -0.0199659756, 0.936518879, -1.56404893e-005, 0.350617154, 0.350617154, -1.80433196e-005, -0.936518879, 2.09739109e-005, 1, -1.14140856e-005, 0.936518875, -2.97613213e-005, 0.350617165, 0.350617165, 4.0767779e-006, -0.936518875, 2.64426509e-005, 1, 1.42528096e-005, 0, 0, 0, 0, 0, 0, 0, 0.125482056, -0.00604255371, -0.152683032, -0.247945159, 0.951507713, -0.181293632, -0.515869141, 0.0288085937, 0.856201172, 0.820000904, 0.305720997, 0.483903184, 0, 0, 0, 0, 0, 0, 0, 0.197212891, 0.0263014648, -0.134672314, -0.335213435, 0.505361843, -0.795028051, 0.505126953, -0.615966797, -0.604492187, -0.795255212, -0.604048799, -0.0488246284, 1, 1, 
90.273222, 0.1, 0.1, 0.115843511, 0.199950283, -0.0199723249, 0.936518734, 2.58705904e-005, 0.35061754, 0.350617539, 2.73266396e-005, -0.936518735, -3.38094918e-005, 0.999999999, 1.65212272e-005, 0.93651878, 3.7218636e-005, 0.350617418, 0.350617418, 2.13193183e-005, -0.93651878, -4.23308759e-005, 0.999999999, 6.91643993e-006, 0, 0, 0, 0, 0, 0, 0, 0.125482056, -0.00604255371, -0.152683032, -0.247945159, 0.951507713, -0.181293632, -0.515869141, 0.0288085937, 0.856201172, 0.820000904, 0.305720997, 0.483903184, 0, 0, 0, 0, 0, 0, 0, 0.197212891, 0.0263014648, -0.134672314, -0.335213435, 0.505361843, -0.795028051, 0.505126953, -0.615966797, -0.604492187, -0.795255212, -0.604048799, -0.0488246284, 1, 1, 
90.2741129, 0.1, 0.1, 0.115843511, 0.199950298, -0.0199745779, 0.936518385, -2.31504403e-005, 0.350618474, 0.350618473, -3.61269941e-005, -0.936518385, 3.43476045e-005, 0.999999999, -2.57166221e-005, 0.936518457, -2.81249912e-005, 0.35061828, 0.350618278, -3.83593868e-005, -0.936518458, 3.97890756e-005, 0.999999999, -2.60631378e-005, 0, 0, 0, 0, 0, 0, 0, 0.126468066, -0.00892407227, -0.152734692, -0.241927649, 0.952071236, -0.186486266, -0.514160156, 0.0372314453, 0.856811523, 0.822879174, 0.303036313, 0.480770675, 0, 0, 0, 0, 0, 0, 0, 0.197887012, 0.0230651855, -0.134658545, -0.335979758, 0.498153939, -0.799148775, 0.508666992, -0.618041992, -0.599121094, -0.792635416, -0.607874948, -0.0458209381, 1, 1, 
90.2749547, 0.1, 0.1, 0.115843506, 0.199950308, -0.0199723873, 0.936518039, 1.51290837e-005, 0.3506194, 0.350619399, 3.98416195e-006, -0.936518039, -1.55655842e-005, 1, -1.57331069e-006, 0.936518101, 1.85264025e-005, 0.350619233, 0.350619233, 1.76935147e-005, -0.936518101, -2.35539978e-005, 1, 1.00745838e-005, 0, 0, 0, 0, 0, 0, 0, 0.126468066, -0.00892407227, -0.152734692, -0.241927649, 0.952071236, -0.186486266, -0.514160156, 0.0372314453, 0.856811523, 0.822879174, 0.303036313, 0.480770675, 0, 0, 0, 0, 0, 0, 0, 0.197887012, 0.0230651855, -0.134658545, -0.335979758, 0.498153939, -0.799148775, 0.508666992, -0.618041992, -0.599121094, -0.792635416, -0.607874948, -0.0458209381, 1, 1, 
90.2758206, 0.1, 0.1, 0.115843501, 0.199950318, -0.0199669835, 0.936517816, 1.78330689e-005, 0.350619994, 0.350619994, -1.55552257e-006, -0.936517816, -1.61555894e-005, 1, -7.70940512e-006, 0.936517859, 1.39700632e-005, 0.350619878, 0.350619878, -2.16611529e-006, -0.936517859, -1.23237306e-005, 1, -6.92678752e-006, 0, 0, 0, 0, 0, 0, 0, 0.126468066, -0.00892407227, -0.152734692, -0.241927649, 0.952071236, -0.186486266, -0.514160156, 0.0372314453, 0.856811523, 0.822879174, 0.303036313, 0.480770675, 0, 0, 0, 0, 0, 0, 0, 0.197887012, 0.0230651855, -0.134658545, -0.335979758, 0.498153939, -0.799148775, 0.508666992, -0.618041992, -0.599121094, -0.792635416, -0.607874948, -0.0458209381, 1, 1, 
90.2766679, 0.1, 0.1, 0.1158435, 0.19995033, -0.0199603799, 0.936517556, 4.29155869e-006, 0.350620689, 0.350620689, 3.49236501e-006, -0.936517556, -5.24361549e-006, 1, 1.76595188e-006, 0.936517615, -1.18098708e-005, 0.350620531, 0.350620531, -1.78311561e-005, -0.936517615, 1.73121215e-005, 1, -1.25584086e-005, 0, 0, 0, 0, 0, 0, 0, 0.126468066, -0.00892407227, -0.152734692, -0.241927649, 0.952071236, -0.186486266, -0.514160156, 0.0372314453, 0.856811523, 0.822879174, 0.303036313, 0.480770675, 0, 0, 0, 0, 0, 0, 0, 0.197887012, 0.0230651855, -0.134658545, -0.335979758, 0.498153939, -0.799148775, 0.508666992, -0.618041992, -0.599121094, -0.792635416, -0.607874948, -0.0458209381, 1, 1, 
90.2775152, 0.1, 0.1, 0.115843498, 0.199950343, -0.0199552171, 0.936517361, -1.86795863e-005, 0.350621209, 0.350621209, -7.64356116e-006, -0.936517361, 2.01737515e-005, 1, -6.08868605e-007, 0.936517383, -2.84967432e-005, 0.35062115, 0.350621149, -1.06485448e-005, -0.936517383, 3.04213004e-005, 1, 1.90135611e-008, 0, 0, 0, 0, 0, 0, 0, 0.126468066, -0.00892407227, -0.152734692, -0.241927649, 0.952071236, -0.186486266, -0.514160156, 0.0372314453, 0.856811523, 0.822879174, 0.303036313, 0.480770675, 0, 0, 0, 0, 0, 0, 0, 0.197887012, 0.0230651855, -0.134658545, -0.335979758, 0.498153939, -0.799148775, 0.508666992, -0.618041992, -0.599121094, -0.792635416, -0.607874948, -0.0458209381, 1, 1, 
90.2784028, 0.1, 0.1, 0.115843497, 0.199950352, -0.0199530504, 0.936517299, -3.2121746e-005, 0.350621373, 0.350621373, 1.67965772e-006, -0.9365173, 2.94936469e-005, 0.999999999, 1.28355992e-005, 0.936517291, -1.85109507e-005, 0.350621395, 0.350621395, -1.30028985e-005, -0.936517292, 2.18949198e-005, 1, -5.68710393e-006, 0, 0, 0, 0, 0, 0, 0, 0.127672559, -0.0118055908, -0.152554932, -0.23601161, 0.95263476, -0.191495054, -0.512084961, 0.0455322266, 0.857666016, 0.825897108, 0.300351629, 0.477238271, 0, 0, 0, 0, 0, 0, 0, 0.197887012, 0.0230651855, -0.134658545, -0.33769797, 0.490792551, -0.803039456, 0.512939453, -0.619384766, -0.594238281, -0.789133726, -0.612576428, -0.0426703266, 1, 1, 
90.2792451, 0.1, 0.1, 0.115843493, 0.199950362, -0.0199541818, 0.936517343, -1.23079118e-005, 0.350621258, 0.350621259, 1.42520964e-006, -0.936517343, 1.10268641e-005, 1, 5.65014908e-006, 0.936517345, 1.01112899e-005, 0.350621252, 0.350621252, 1.15578354e-005, -0.936517345, -1.35218211e-005, 1, 7.27888021e-006, 0, 0, 0, 0, 0, 0, 0, 0.127672559, -0.0118055908, -0.152554932, -0.23601161, 0.95263476, -0.191495054, -0.512084961, 0.0455322266, 0.857666016, 0.825897108, 0.300351629, 0.477238271, 0, 0, 0, 0, 0, 0, 0, 0.198516699, 0.0202468262, -0.134626465, -0.33769797, 0.490792551, -0.803039456, 0.512939453, -0.619384766, -0.594238281, -0.789133726, -0.612576428, -0.0426703266, 1, 1, 
90.2800945, 0.1, 0.1, 0.115843487, 0.199950373, -0.0199584171, 0.936517262, 2.32139335e-005, 0.350621473, 0.350621474, -6.27231933e-006, -0.936517262, -1.95410396e-005, 1, -1.40134389e-005, 0.936517275, 2.49893385e-005, 0.350621439, 0.350621439, 1.10021291e-005, -0.936517275, -2.72605295e-005, 1, 1.54188611e-006, 0, 0, 0, 0, 0, 0, 0, 0.127672559, -0.0118055908, -0.152554932, -0.23601161, 0.95263476, -0.191495054, -0.512084961, 0.0455322266, 0.857666016, 0.825897108, 0.300351629, 0.477238271, 0, 0, 0, 0, 0, 0, 0, 0.198516699, 0.0202468262, -0.134626465, -0.33769797, 0.490792551, -0.803039456, 0.512939453, -0.619384766, -0.594238281, -0.789133726, -0.612576428, -0.0426703266, 1, 1, 
90.2809595, 0.1, 0.1, 0.115843481, 0.199950384, -0.0199638799, 0.936517299, 2.97496824e-005, 0.350621374, 0.350621374, -3.70639805e-006, -0.936517299, -2.65615498e-005, 1, -1.39019804e-005, 0.936517289, 2.41551044e-005, 0.3506214, 0.3506214, -6.03304301e-006, -0.93651729, -2.05063589e-005, 1, -1.41193456e-005, 0, 0, 0, 0, 0, 0, 0, 0.127672559, -0.0118055908, -0.152554932, -0.23601161, 0.95263476, -0.191495054, -0.512084961, 0.0455322266, 0.857666016, 0.825897108, 0.300351629, 0.477238271, 0, 0, 0, 0, 0, 0, 0, 0.199474121, 0.0171837402, -0.13444292, -0.337812442, 0.483041439, -0.80767787, 0.518188477, -0.62097168, -0.588012695, -0.785708961, -0.617073384, -0.0405802466, 1, 1, 
90.2817982, 0.1, 0.1, 0.115843479, 0.199950388, -0.0199683752, 0.936517333, 3.14957418e-006, 0.350621283, 0.350621283, 2.09896469e-005, -0.936517333, -1.03090478e-005, 1, 1.85528604e-005, 0.936517326, -1.65917551e-005, 0.350621303, 0.350621303, 2.91195971e-005, -0.936517326, 5.32851502e-006, 0.999999999, 3.308843e-005, 0, 0, 0, 0, 0, 0, 0, 0.127672559, -0.0118055908, -0.152554932, -0.23601161, 0.95263476, -0.191495054, -0.512084961, 0.0455322266, 0.857666016, 0.825897108, 0.300351629, 0.477238271, 0, 0, 0, 0, 0, 0, 0, 0.199474121, 0.0171837402, -0.13444292, -0.337812442, 0.483041439, -0.80767787, 0.518188477, -0.62097168, -0.588012695, -0.785708961, -0.617073384, -0.0405802466, 1, 1, 
90.2826404, 0.1, 0.1, 0.115843477, 0.199950401, -0.0199707689, 0.936517505, -1.7163436e-005, 0.350620824, 0.350620825, 3.20455803e-006, -0.936517505, 1.49502735e-005, 1, 9.01898279e-006, 0.936517458, -1.45448529e-005, 0.350620949, 0.350620949, -1.76580952e-005, -0.936517458, 1.98128067e-005, 1, -1.14373843e-005, 0, 0, 0, 0, 0, 0, 0, 0.127672559, -0.0118055908, -0.152554932, -0.23601161, 0.95263476, -0.191495054, -0.512084961, 0.0455322266, 0.857666016, 0.825897108, 0.300351629, 0.477238271, 0, 0, 0, 0, 0, 0, 0, 0.199474121, 0.0171837402, -0.13444292, -0.337812442, 0.483041439, -0.80767787, 0.518188477, -0.62097168, -0.588012695, -0.785708961, -0.617073384, -0.0405802466, 1, 1, 
