time, trialNum, realDorsalTactorPos, realVentralTactorPos, boxPosX, boxPosY, boxPosZ, boxLocalRot_11, boxLocalRot_12, boxLocalRot_13, boxLocalRot_21, boxLocalRot_22, boxLocalRot_23, boxLocalRot_31, boxLocalRot_32, boxLocalRot_33, boxGlobalRot_11, boxGlobalRot_12, boxGlobalRot_13, boxGlobalRot_21, boxGlobalRot_22, boxGlobalRot_23, boxGlobalRot_31, boxGlobalRot_32, boxGlobalRot_33, indexForceX, indexForceY, indexForceZ, indexForceGlobalX, indexForceGlobalY, indexForceGlobalZ, indexContact, indexPosX, indexPosY, indexPosZ, indexRot_11, indexRot_12, indexRot_13, indexRot_21, indexRot_22, indexRot_23, indexRot_31, indexRot_32, indexRot_33, thumbForceX, thumbForceY, thumbForceZ, thumbForceGlobalX, thumbForceGlobalY, thumbForceGlobalZ, thumbContact, thumbPosX, thumbPosY, thumbPosZ, thumbRot_11, thumbRot_12, thumbRot_13, thumbRot_21, thumbRot_22, thumbRot_23, thumbRot_31, thumbRot_32, thumbRot_33, manipForceTooHigh, cceExpType, mapping, trialSuccess, 
802.847219, 53, 0.1, 0.1, 0.0135258832, 0.36466538, -0.0199632751, 0.904766815, -0.425907278, 2.21246699e-005, 0.425907278, 0.904766815, -2.37271676e-005, -9.91209374e-006, 3.08906119e-005, 0.999999999, 0.904766695, -0.425907534, 1.79960348e-006, 0.425907534, 0.904766694, -2.93071845e-005, 1.08539294e-005, 2.72826292e-005, 1, 0, 0, 0, 0, 0, 0, 0, 0.336285425, -0.122662598, -0.199725, 0.363990099, 0.361238975, -0.858359419, -0.805419922, 0.584838867, -0.0954589844, 0.467491761, 0.726358231, 0.504007556, 0, 0, -0, 0, 0, 0, 0, 0.382445605, -0.103358594, -0.165647705, 0.444788762, -0.283825016, -0.849434507, 0.0153808594, -0.945800781, 0.32409668, -0.895423859, -0.157238144, -0.416388486, 0, 2, 5, 1, 
802.849683, 53, 0.1, 0.1, 0.0135258825, 0.364665372, -0.0199495413, 0.904768054, -0.425904647, 2.56614813e-005, 0.425904648, 0.904768053, -2.58473948e-005, -1.22091629e-005, 3.43152412e-005, 0.999999999, 0.904768004, -0.425904753, 3.31851906e-005, 0.425904754, 0.904768003, -4.38235837e-005, -1.13602261e-005, 5.37839068e-005, 0.999999998, 0, 0, 0, 0, 0, 0, 0, 0.338626587, -0.123792944, -0.198338916, 0.362159126, 0.365124464, -0.857527429, -0.810302734, 0.57800293, -0.0961914062, 0.460613426, 0.729821363, 0.505358886, 0, 0, -0, 0, 0, 0, 0, 0.384529053, -0.104097998, -0.163599219, 0.451536579, -0.279653619, -0.847160692, 0.0202636719, -0.946044922, 0.323120117, -0.891891552, -0.163059591, -0.421672921, 0, 2, 5, 1, 
802.85047, 53, 0.1, 0.1, 0.0135258824, 0.36466537, -0.0199614856, 0.904768307, -0.42590411, 6.58037057e-006, 0.42590411, 0.904768306, -1.53795451e-005, 5.96500741e-007, 1.67175319e-005, 1, 0.904768246, -0.425904239, 7.60250505e-006, 0.425904239, 0.904768246, 1.30664865e-005, -1.24435771e-005, -8.58420294e-006, 1, 0, 0, 0, 0, 0, 0, 0, 0.338626587, -0.123792944, -0.198338916, 0.362159126, 0.365124464, -0.857527429, -0.810302734, 0.57800293, -0.0961914062, 0.460613426, 0.729821363, 0.505358886, 0, 0, -0, 0, 0, 0, 0, 0.384529053, -0.104097998, -0.163599219, 0.451536579, -0.279653619, -0.847160692, 0.0202636719, -0.946044922, 0.323120117, -0.891891552, -0.163059591, -0.421672921, 0, 2, 5, 1, 
802.851278, 53, 0.1, 0.1, 0.0135258807, 0.364665373, -0.0199734927, 0.904768529, -0.425903639, -8.50990534e-006, 0.425903639, 0.904768529, 1.31036412e-005, 2.11860606e-006, -1.54801618e-005, 1, 0.904768491, -0.42590372, -2.83993236e-006, 0.42590372, 0.904768491, 3.05317735e-006, 1.26912173e-006, -3.97195642e-006, 1, 0, 0, 0, 0, 0, 0, 0, 0.338626587, -0.123792944, -0.198338916, 0.362159126, 0.365124464, -0.857527429, -0.810302734, 0.57800293, -0.0961914062, 0.460613426, 0.729821363, 0.505358886, 0, 0, -0, 0, 0, 0, 0, 0.384529053, -0.104097998, -0.163599219, 0.451536579, -0.279653619, -0.847160692, 0.0202636719, -0.946044922, 0.323120117, -0.891891552, -0.163059591, -0.421672921, 0, 2, 5, 1, 
802.852074, 53, 0.1, 0.1, 0.0135258808, 0.364665372, -0.0199814125, 0.904768741, -0.425903187, 4.53782288e-006, 0.425903187, 0.904768741, -5.10682817e-006, -1.9306659e-006, 6.55317172e-006, 1, 0.904768703, -0.425903267, -1.68180405e-007, 0.425903267, 0.904768703, -8.39339746e-006, 3.72693977e-006, 7.52245475e-006, 1, 0, 0, 0, 0, 0, 0, 0, 0.338626587, -0.123792944, -0.198338916, 0.362159126, 0.365124464, -0.857527429, -0.810302734, 0.57800293, -0.0961914062, 0.460613426, 0.729821363, 0.505358886, 0, 0, -0, 0, 0, 0, 0, 0.384529053, -0.104097998, -0.163599219, 0.451536579, -0.279653619, -0.847160692, 0.0202636719, -0.946044922, 0.323120117, -0.891891552, -0.163059591, -0.421672921, 0, 2, 5, 1, 
802.852898, 53, 0.1, 0.1, 0.0135258812, 0.364665372, -0.0199831352, 0.904768879, -0.425902895, -1.86309516e-006, 0.425902895, 0.904768879, 4.02310666e-006, -2.77822578e-008, -4.43347933e-006, 1, 0.90476886, -0.425902936, 1.60363424e-006, 0.425902936, 0.90476886, -2.0468882e-006, -5.79142632e-007, 2.53495323e-006, 1, 0, 0, 0, 0, 0, 0, 0, 0.339024365, -0.124200854, -0.19812312, 0.361263857, 0.365841877, -0.857667093, -0.811157227, 0.576782227, -0.095703125, 0.459642895, 0.730449288, 0.505257414, 0, 0, -0, 0, 0, 0, 0, 0.38504707, -0.104496875, -0.16315957, 0.452469512, -0.278542048, -0.847109653, 0.0216064453, -0.946166992, 0.322631836, -0.891425269, -0.16429293, -0.422158527, 0, 2, 5, 1, 
802.853686, 53, 0.1, 0.1, 0.0135258819, 0.364665373, -0.0199786583, 0.904768942, -0.425902761, -5.12232885e-006, 0.425902761, 0.904768942, -6.46470796e-006, 7.38786102e-006, 3.66745298e-006, 1, 0.904768928, -0.42590279, 2.5986785e-006, 0.42590279, 0.904768928, -4.96731239e-006, -2.35611353e-007, 5.60105433e-006, 1, 0, 0, 0, 0, 0, 0, 0, 0.339024365, -0.124200854, -0.19812312, 0.361263857, 0.365841877, -0.857667093, -0.811157227, 0.576782227, -0.095703125, 0.459642895, 0.730449288, 0.505257414, 0, 0, -0, 0, 0, 0, 0, 0.38504707, -0.104496875, -0.16315957, 0.452469512, -0.278542048, -0.847109653, 0.0216064453, -0.946166992, 0.322631836, -0.891425269, -0.16429293, -0.422158527, 0, 2, 5, 1, 
802.854472, 53, 0.1, 0.1, 0.0135258826, 0.364665373, -0.0199703309, 0.904769061, -0.425902508, -1.85744607e-006, 0.425902508, 0.904769061, -1.0163579e-005, 6.00925352e-006, 8.4046009e-006, 1, 0.904769037, -0.425902559, -6.4736914e-006, 0.425902559, 0.904769037, -2.86150059e-006, 7.07591596e-006, -1.68164599e-007, 1, 0, 0, 0, 0, 0, 0, 0, 0.339024365, -0.124200854, -0.19812312, 0.361263857, 0.365841877, -0.857667093, -0.811157227, 0.576782227, -0.095703125, 0.459642895, 0.730449288, 0.505257414, 0, 0, -0, 0, 0, 0, 0, 0.38504707, -0.104496875, -0.16315957, 0.452469512, -0.278542048, -0.847109653, 0.0216064453, -0.946166992, 0.322631836, -0.891425269, -0.16429293, -0.422158527, 0, 2, 5, 1, 
802.855259, 53, 0.1, 0.1, 0.0135258825, 0.364665373, -0.0199613411, 0.904769094, -0.425902438, 7.31963613e-006, 0.425902438, 0.904769094, 4.04416409e-006, -8.3449999e-006, -5.41583802e-007, 1, 0.904769099, -0.425902426, -4.74810186e-006, 0.425902426, 0.904769099, -3.93639555e-006, 5.97245626e-006, 1.53930095e-006, 1, 0, 0, 0, 0, 0, 0, 0, 0.339024365, -0.124200854, -0.19812312, 0.361263857, 0.365841877, -0.857667093, -0.811157227, 0.576782227, -0.095703125, 0.459642895, 0.730449288, 0.505257414, 0, 0, -0, 0, 0, 0, 0, 0.38504707, -0.104496875, -0.16315957, 0.452469512, -0.278542048, -0.847109653, 0.0216064453, -0.946166992, 0.322631836, -0.891425269, -0.16429293, -0.422158527, 0, 2, 5, 1, 
802.856053, 53, 0.1, 0.1, 0.013525882, 0.364665372, -0.0199545576, 0.904769164, -0.42590229, 9.2979413e-006, 0.42590229, 0.904769164, 2.45611367e-006, -9.45855502e-006, 1.73779858e-006, 1, 0.904769135, -0.42590235, 3.64853545e-006, 0.42590235, 0.904769135, 1.55643281e-005, -9.92996619e-006, -1.25282039e-005, 1, 0, 0, 0, 0, 0, 0, 0, 0.339024365, -0.124200854, -0.19812312, 0.361263857, 0.365841877, -0.857667093, -0.811157227, 0.576782227, -0.095703125, 0.459642895, 0.730449288, 0.505257414, 0, 0, -0, 0, 0, 0, 0, 0.38504707, -0.104496875, -0.16315957, 0.452469512, -0.278542048, -0.847109653, 0.0216064453, -0.946166992, 0.322631836, -0.891425269, -0.16429293, -0.422158527, 0, 2, 5, 1, 
802.856853, 53, 0.1, 0.1, 0.0135258823, 0.364665372, -0.019951822, 0.904769256, -0.425902094, -1.36511921e-005, 0.425902094, 0.904769256, 9.31055401e-006, 8.38579448e-006, -1.42379743e-005, 1, 0.904769256, -0.425902095, 3.01799215e-006, 0.425902095, 0.904769255, 1.48391059e-005, -9.05059278e-006, -1.21405976e-005, 1, 0, 0, 0, 0, 0, 0, 0, 0.339024365, -0.124200854, -0.19812312, 0.361263857, 0.365841877, -0.857667093, -0.811157227, 0.576782227, -0.095703125, 0.459642895, 0.730449288, 0.505257414, 0, 0, -0, 0, 0, 0, 0, 0.38504707, -0.104496875, -0.16315957, 0.452469512, -0.278542048, -0.847109653, 0.0216064453, -0.946166992, 0.322631836, -0.891425269, -0.16429293, -0.422158527, 0, 2, 5, 1, 
802.857674, 53, 0.1, 0.1, 0.0135258824, 0.364665373, -0.0199536223, 0.90476924, -0.425902128, -1.20852515e-005, 0.425902128, 0.90476924, 5.70042081e-006, 8.50654249e-006, -1.03046998e-005, 1, 0.904769228, -0.425902153, -3.12747229e-006, 0.425902152, 0.904769228, -1.362075e-005, 8.63074743e-006, 1.09916383e-005, 1, 0, 0, 0, 0, 0, 0, 0, 0.339403223, -0.124352319, -0.198120435, 0.360031974, 0.367200319, -0.857628901, -0.81262207, 0.574951172, -0.0949707031, 0.458107719, 0.731222867, 0.505498549, 0, 0, -0, 0, 0, 0, 0, 0.38504707, -0.104496875, -0.16315957, 0.453159642, -0.277379438, -0.847096893, 0.0235595703, -0.946166992, 0.322509766, -0.890984505, -0.166011875, -0.422279929, 0, 2, 5, 1, 
802.858461, 53, 0.1, 0.1, 0.0135258821, 0.364665373, -0.01995883, 0.904769354, -0.425901886, 8.58538299e-006, 0.425901886, 0.904769354, -4.89054435e-006, -5.68489936e-006, 8.08134546e-006, 1, 0.904769337, -0.425901922, -2.98431408e-006, 0.425901922, 0.904769337, -1.32706425e-005, 8.35210801e-006, 1.07358453e-005, 1, 0, 0, 0, 0, 0, 0, 0, 0.339403223, -0.124352319, -0.198120435, 0.360031974, 0.367200319, -0.857628901, -0.81262207, 0.574951172, -0.0949707031, 0.458107719, 0.731222867, 0.505498549, 0, 0, -0, 0, 0, 0, 0, 0.385548486, -0.104679346, -0.162714795, 0.453159642, -0.277379438, -0.847096893, 0.0235595703, -0.946166992, 0.322509766, -0.890984505, -0.166011875, -0.422279929, 0, 2, 5, 1, 
802.859256, 53, 0.1, 0.1, 0.0135258815, 0.364665375, -0.0199658745, 0.904769348, -0.425901897, 1.83487025e-005, 0.425901897, 0.904769348, -2.6827586e-005, -5.1754238e-006, 3.20875247e-005, 0.999999999, 0.904769353, -0.425901888, 1.38923175e-005, 0.425901889, 0.904769352, -1.84085409e-005, -4.72911077e-006, 2.25722479e-005, 1, 0, 0, 0, 0, 0, 0, 0, 0.339403223, -0.124352319, -0.198120435, 0.360031974, 0.367200319, -0.857628901, -0.81262207, 0.574951172, -0.0949707031, 0.458107719, 0.731222867, 0.505498549, 0, 0, -0, 0, 0, 0, 0, 0.385548486, -0.104679346, -0.162714795, 0.453159642, -0.277379438, -0.847096893, 0.0235595703, -0.946166992, 0.322509766, -0.890984505, -0.166011875, -0.422279929, 0, 2, 5, 1, 
802.860078, 53, 0.1, 0.1, 0.013525882, 0.364665374, -0.0199722816, 0.904769373, -0.425901844, -1.39062697e-005, 0.425901844, 0.904769373, 2.2832288e-005, 2.85765338e-006, -2.65806608e-005, 1, 0.904769373, -0.425901844, -4.21833115e-006, 0.425901844, 0.904769373, 2.45391709e-005, -6.6346613e-006, -2.39988853e-005, 1, 0, 0, 0, 0, 0, 0, 0, 0.340231372, -0.124743384, -0.19767395, 0.358907553, 0.368191068, -0.857628901, -0.814453125, 0.572265625, -0.0950927734, 0.45569038, 0.732796235, 0.505498549, 0, 0, -0, 0, 0, 0, 0, 0.385548486, -0.104679346, -0.162714795, 0.453038241, -0.27627443, -0.847429015, 0.0263671875, -0.946044922, 0.322509766, -0.890997265, -0.168350588, -0.421455637, 0, 2, 5, 1, 
802.860876, 53, 0.1, 0.1, 0.0135258798, 0.364665377, -0.0199754536, 0.904769398, -0.425901791, 1.80497256e-005, 0.425901792, 0.904769397, -3.76040027e-005, -3.15227264e-007, 4.17103613e-005, 0.999999999, 0.904769385, -0.42590182, 1.58448155e-005, 0.42590182, 0.904769384, -3.3808327e-005, 6.31240381e-008, 3.7337075e-005, 0.999999999, 0, 0, 0, 0, 0, 0, 0, 0.340231372, -0.124743384, -0.19767395, 0.358907553, 0.368191068, -0.857628901, -0.814453125, 0.572265625, -0.0950927734, 0.45569038, 0.732796235, 0.505498549, 0, 0, -0, 0, 0, 0, 0, 0.38598667, -0.104878662, -0.162496191, 0.453038241, -0.27627443, -0.847429015, 0.0263671875, -0.946044922, 0.322509766, -0.890997265, -0.168350588, -0.421455637, 0, 2, 5, 1, 
802.861666, 53, 0.1, 0.1, 0.0135258799, 0.364665378, -0.0199750744, 0.904769491, -0.425901594, -1.16626722e-005, 0.425901594, 0.904769491, 1.26795969e-005, 5.15176949e-006, -1.64392631e-005, 1, 0.904769478, -0.425901622, -2.91533428e-006, 0.425901622, 0.904769478, 1.30626158e-005, -2.9256838e-006, -1.30603017e-005, 1, 0, 0, 0, 0, 0, 0, 0, 0.340231372, -0.124743384, -0.19767395, 0.358907553, 0.368191068, -0.857628901, -0.814453125, 0.572265625, -0.0950927734, 0.45569038, 0.732796235, 0.505498549, 0, 0, -0, 0, 0, 0, 0, 0.38598667, -0.104878662, -0.162496191, 0.453038241, -0.27627443, -0.847429015, 0.0263671875, -0.946044922, 0.322509766, -0.890997265, -0.168350588, -0.421455637, 0, 2, 5, 1, 
802.862455, 53, 0.1, 0.1, 0.0135258799, 0.364665378, -0.0199715994, 0.90476955, -0.42590147, -6.19521923e-006, 0.42590147, 0.90476955, 8.20891736e-006, 2.10905575e-006, -1.00657314e-005, 1, 0.904769532, -0.425901508, -8.5525558e-007, 0.425901508, 0.904769532, -5.54264343e-006, 3.13442939e-006, 4.65056026e-006, 1, 0, 0, 0, 0, 0, 0, 0, 0.340231372, -0.124743384, -0.19767395, 0.358907553, 0.368191068, -0.857628901, -0.814453125, 0.572265625, -0.0950927734, 0.45569038, 0.732796235, 0.505498549, 0, 0, -0, 0, 0, 0, 0, 0.38598667, -0.104878662, -0.162496191, 0.453038241, -0.27627443, -0.847429015, 0.0263671875, -0.946044922, 0.322509766, -0.890997265, -0.168350588, -0.421455637, 0, 2, 5, 1, 
802.863246, 53, 0.1, 0.1, 0.0135258785, 0.364665379, -0.019966375, 0.904769681, -0.42590119, 1.40583669e-005, 0.42590119, 0.904769681, -5.25872226e-006, -1.04798881e-005, 1.07454077e-005, 1, 0.904769658, -0.425901239, 6.00712389e-006, 0.425901239, 0.904769658, -1.64303599e-005, 1.5626472e-006, 1.74241326e-005, 1, 0, 0, 0, 0, 0, 0, 0, 0.340231372, -0.124743384, -0.19767395, 0.358907553, 0.368191068, -0.857628901, -0.814453125, 0.572265625, -0.0950927734, 0.45569038, 0.732796235, 0.505498549, 0, 0, -0, 0, 0, 0, 0, 0.38598667, -0.104878662, -0.162496191, 0.453038241, -0.27627443, -0.847429015, 0.0263671875, -0.946044922, 0.322509766, -0.890997265, -0.168350588, -0.421455637, 0, 2, 5, 1, 
802.864036, 53, 0.1, 0.1, 0.0135258775, 0.364665379, -0.019961247, 0.904769698, -0.425901155, 1.69897039e-005, 0.425901155, 0.904769698, -1.54047725e-005, -8.81085884e-006, 2.11737059e-005, 1, 0.904769698, -0.425901155, 1.49290092e-005, 0.425901155, 0.904769698, -9.45638177e-006, -9.4798312e-006, 1.49141299e-005, 1, 0, 0, 0, 0, 0, 0, 0, 0.340231372, -0.124743384, -0.19767395, 0.358907553, 0.368191068, -0.857628901, -0.814453125, 0.572265625, -0.0950927734, 0.45569038, 0.732796235, 0.505498549, 0, 0, -0, 0, 0, 0, 0, 0.38598667, -0.104878662, -0.162496191, 0.453038241, -0.27627443, -0.847429015, 0.0263671875, -0.946044922, 0.322509766, -0.890997265, -0.168350588, -0.421455637, 0, 2, 5, 1, 
802.864851, 53, 0.1, 0.1, 0.0135258777, 0.364665379, -0.0199577234, 0.904769798, -0.425900943, -1.45310718e-007, 0.425900943, 0.904769798, -1.96351653e-005, 8.49410818e-006, 1.77034166e-005, 1, 0.904769766, -0.425901011, 4.62317057e-006, 0.42590101, 0.904769766, 9.79742222e-006, -8.35563698e-006, -6.89539839e-006, 1, 0, 0, 0, 0, 0, 0, 0, 0.340566284, -0.124609961, -0.197214648, 0.356881873, 0.370730097, -0.857412853, -0.816772461, 0.569091797, -0.0938720703, 0.453045009, 0.734000788, 0.50608229, 0, 0, -0, 0, 0, 0, 0, 0.38598667, -0.104878662, -0.162496191, 0.453485568, -0.27393645, -0.84799118, 0.0306396484, -0.946166992, 0.322021484, -0.890582021, -0.171909881, -0.420778267, 0, 2, 5, 1, 
802.865647, 53, 0.1, 0.1, 0.0135258785, 0.364665379, -0.0199568207, 0.904769852, -0.425900828, -1.38375629e-005, 0.425900828, 0.904769852, 3.2654039e-006, 1.11290715e-005, -8.84786849e-006, 1, 0.904769856, -0.425900818, -1.71074033e-005, 0.425900818, 0.904769856, 1.07118334e-005, 1.09160842e-005, -1.6977801e-005, 1, 0, 0, 0, 0, 0, 0, 0, 0.340566284, -0.124609961, -0.197214648, 0.356881873, 0.370730097, -0.857412853, -0.816772461, 0.569091797, -0.0938720703, 0.453045009, 0.734000788, 0.50608229, 0, 0, -0, 0, 0, 0, 0, 0.386248242, -0.104798828, -0.162295898, 0.453485568, -0.27393645, -0.84799118, 0.0306396484, -0.946166992, 0.322021484, -0.890582021, -0.171909881, -0.420778267, 0, 2, 5, 1, 
802.866439, 53, 0.1, 0.1, 0.0135258786, 0.36466538, -0.0199587437, 0.904769865, -0.425900801, -4.72759121e-006, 0.425900801, 0.904769864, 1.97419846e-005, -4.13074502e-006, -1.98754377e-005, 1, 0.904769845, -0.425900841, -1.4608404e-005, 0.425900841, 0.904769845, 6.64509835e-006, 1.03870905e-005, -1.22340162e-005, 1, 0, 0, 0, 0, 0, 0, 0, 0.340566284, -0.124609961, -0.197214648, 0.356881873, 0.370730097, -0.857412853, -0.816772461, 0.569091797, -0.0938720703, 0.453045009, 0.734000788, 0.50608229, 0, 0, -0, 0, 0, 0, 0, 0.386248242, -0.104798828, -0.162295898, 0.453485568, -0.27393645, -0.84799118, 0.0306396484, -0.946166992, 0.322021484, -0.890582021, -0.171909881, -0.420778267, 0, 2, 5, 1, 
802.867233, 53, 0.1, 0.1, 0.0135258788, 0.36466538, -0.0199627067, 0.904769959, -0.4259006, -1.11882959e-006, 0.4259006, 0.904769959, 1.34894251e-005, -4.73287084e-006, -1.26813368e-005, 1, 0.904769951, -0.425900616, 7.32431893e-006, 0.425900616, 0.904769951, -4.55015808e-006, -4.68890856e-006, 7.23627825e-006, 1, 0, 0, 0, 0, 0, 0, 0, 0.340566284, -0.124609961, -0.197214648, 0.356881873, 0.370730097, -0.857412853, -0.816772461, 0.569091797, -0.0938720703, 0.453045009, 0.734000788, 0.50608229, 0, 0, -0, 0, 0, 0, 0, 0.386248242, -0.104798828, -0.162295898, 0.453485568, -0.27393645, -0.84799118, 0.0306396484, -0.946166992, 0.322021484, -0.890582021, -0.171909881, -0.420778267, 0, 2, 5, 1, 
802.868025, 53, 0.1, 0.1, 0.0135258794, 0.36466538, -0.0199672738, 0.904769939, -0.425900644, -2.55951087e-006, 0.425900644, 0.904769939, -8.25249398e-006, 5.83051099e-006, 6.37651114e-006, 1, 0.904769941, -0.425900639, 9.99103284e-006, 0.425900639, 0.904769941, -8.89778052e-006, -5.25001578e-006, 1.23056316e-005, 1, 0, 0, 0, 0, 0, 0, 0, 0.340566284, -0.124609961, -0.197214648, 0.356881873, 0.370730097, -0.857412853, -0.816772461, 0.569091797, -0.0938720703, 0.453045009, 0.734000788, 0.50608229, 0, 0, -0, 0, 0, 0, 0, 0.386248242, -0.104798828, -0.162295898, 0.453485568, -0.27393645, -0.84799118, 0.0306396484, -0.946166992, 0.322021484, -0.890582021, -0.171909881, -0.420778267, 0, 2, 5, 1, 
802.868815, 53, 0.1, 0.1, 0.0135258798, 0.364665379, -0.0199708935, 0.904770008, -0.425900497, 1.99017696e-006, 0.425900497, 0.904770008, -1.2776864e-005, 3.64102032e-006, 1.24077407e-005, 1, 0.904769992, -0.425900529, -6.02867891e-007, 0.425900529, 0.904769992, -8.05802623e-006, 3.97737442e-006, 7.03389858e-006, 1, 0, 0, 0, 0, 0, 0, 0, 0.340566284, -0.124609961, -0.197214648, 0.356881873, 0.370730097, -0.857412853, -0.816772461, 0.569091797, -0.0938720703, 0.453045009, 0.734000788, 0.50608229, 0, 0, -0, 0, 0, 0, 0, 0.386248242, -0.104798828, -0.162295898, 0.453485568, -0.27393645, -0.84799118, 0.0306396484, -0.946166992, 0.322021484, -0.890582021, -0.171909881, -0.420778267, 0, 2, 5, 1, 
802.869619, 53, 0.1, 0.1, 0.0135258794, 0.364665379, -0.019972396, 0.904770013, -0.425900486, 1.07351235e-005, 0.425900486, 0.904770013, -6.05169438e-006, -7.13539827e-006, 1.00474859e-005, 1, 0.90477002, -0.425900471, -4.83084893e-006, 0.425900471, 0.90477002, 3.62488592e-006, 2.82696666e-006, -5.33714894e-006, 1, 0, 0, 0, 0, 0, 0, 0, 0.340916211, -0.123985986, -0.19672019, 0.35520479, 0.374132194, -0.856561768, -0.819580078, 0.565307617, -0.0930175781, 0.449479283, 0.735192236, 0.507554187, 0, 0, -0, 0, 0, 0, 0, 0.386248242, -0.104798828, -0.162295898, 0.453485568, -0.27393645, -0.84799118, 0.0306396484, -0.946166992, 0.322021484, -0.890582021, -0.171909881, -0.420778267, 0, 2, 5, 1, 
802.870423, 53, 0.1, 0.1, 0.0135258785, 0.364665379, -0.0199711665, 0.904770037, -0.425900434, 5.59467742e-006, 0.425900434, 0.904770037, 6.8976021e-006, -7.99958823e-006, -3.85796817e-006, 1, 0.904770023, -0.425900464, 3.23604988e-006, 0.425900464, 0.904770023, 1.23292261e-005, -8.17890405e-006, -9.77687905e-006, 1, 0, 0, 0, 0, 0, 0, 0, 0.340916211, -0.123985986, -0.19672019, 0.35520479, 0.374132194, -0.856561768, -0.819580078, 0.565307617, -0.0930175781, 0.449479283, 0.735192236, 0.507554187, 0, 0, -0, 0, 0, 0, 0, 0.38680459, -0.103977979, -0.162109277, 0.454865828, -0.270480336, -0.848451267, 0.03515625, -0.946533203, 0.320556641, -0.889700493, -0.175597138, -0.421072109, 0, 2, 5, 1, 
802.871214, 53, 0.1, 0.1, 0.013525878, 0.36466538, -0.0199681563, 0.904770079, -0.425900346, -9.88393279e-006, 0.425900346, 0.904770079, 9.04683981e-006, 5.08963444e-006, -1.23948804e-005, 1, 0.904770083, -0.425900336, 3.33326765e-006, 0.425900336, 0.904770083, 9.08422855e-006, -6.88481684e-006, -6.79949841e-006, 1, 0, 0, 0, 0, 0, 0, 0, 0.340916211, -0.123985986, -0.19672019, 0.35520479, 0.374132194, -0.856561768, -0.819580078, 0.565307617, -0.0930175781, 0.449479283, 0.735192236, 0.507554187, 0, 0, -0, 0, 0, 0, 0, 0.38680459, -0.103977979, -0.162109277, 0.454865828, -0.270480336, -0.848451267, 0.03515625, -0.946533203, 0.320556641, -0.889700493, -0.175597138, -0.421072109, 0, 2, 5, 1, 
802.872007, 53, 0.1, 0.1, 0.0135258779, 0.364665381, -0.0199644595, 0.904770051, -0.425900405, -1.04366456e-005, 0.425900405, 0.904770051, 7.19750671e-006, 6.37734335e-006, -1.09570601e-005, 1, 0.904770047, -0.425900414, -2.26181331e-006, 0.425900414, 0.904770047, -1.09776726e-005, 6.72181623e-006, 8.9689621e-006, 1, 0, 0, 0, 0, 0, 0, 0, 0.340916211, -0.123985986, -0.19672019, 0.35520479, 0.374132194, -0.856561768, -0.819580078, 0.565307617, -0.0930175781, 0.449479283, 0.735192236, 0.507554187, 0, 0, -0, 0, 0, 0, 0, 0.38680459, -0.103977979, -0.162109277, 0.454865828, -0.270480336, -0.848451267, 0.03515625, -0.946533203, 0.320556641, -0.889700493, -0.175597138, -0.421072109, 0, 2, 5, 1, 
802.87283, 53, 0.1, 0.1, 0.0135258776, 0.364665381, -0.0199610086, 0.904770131, -0.425900235, 9.37810482e-006, 0.425900235, 0.904770131, -4.83201903e-006, -6.42707109e-006, 8.36600353e-006, 1, 0.904770118, -0.425900262, 4.55322291e-007, 0.425900262, 0.904770118, -1.8653118e-005, 7.53240584e-006, 1.70707056e-005, 1, 0, 0, 0, 0, 0, 0, 0, 0.340916211, -0.123985986, -0.19672019, 0.35520479, 0.374132194, -0.856561768, -0.819580078, 0.565307617, -0.0930175781, 0.449479283, 0.735192236, 0.507554187, 0, 0, -0, 0, 0, 0, 0, 0.386744775, -0.103290283, -0.162641455, 0.454028777, -0.266046446, -0.850195366, 0.0399169922, -0.947265625, 0.317749023, -0.889911214, -0.178076942, -0.419659766, 0, 2, 5, 1, 
802.873621, 53, 0.1, 0.1, 0.0135258782, 0.36466538, -0.0199591991, 0.904770087, -0.425900328, 1.10898386e-005, 0.425900328, 0.904770087, -1.2407574e-005, -4.74936442e-006, 1.59491677e-005, 1, 0.904770098, -0.425900304, 8.56342267e-006, 0.425900304, 0.904770098, -5.97038105e-006, -5.20514167e-006, 9.04898657e-006, 1, 0, 0, 0, 0, 0, 0, 0, 0.340916211, -0.123985986, -0.19672019, 0.35520479, 0.374132194, -0.856561768, -0.819580078, 0.565307617, -0.0930175781, 0.449479283, 0.735192236, 0.507554187, 0, 0, -0, 0, 0, 0, 0, 0.386744775, -0.103290283, -0.162641455, 0.454028777, -0.266046446, -0.850195366, 0.0399169922, -0.947265625, 0.317749023, -0.889911214, -0.178076942, -0.419659766, 0, 2, 5, 1, 
802.874407, 53, 0.1, 0.1, 0.0135258794, 0.364665379, -0.0199596306, 0.904770129, -0.42590024, -3.31247949e-006, 0.42590024, 0.904770129, -1.31610807e-005, 8.60233992e-006, 1.04969669e-005, 1, 0.904770109, -0.425900281, -1.52401306e-007, 0.425900281, 0.904770109, 1.30275715e-005, -5.4105582e-006, -1.1851865e-005, 1, 0, 0, 0, 0, 0, 0, 0, 0.340916211, -0.123985986, -0.19672019, 0.35520479, 0.374132194, -0.856561768, -0.819580078, 0.565307617, -0.0930175781, 0.449479283, 0.735192236, 0.507554187, 0, 0, -0, 0, 0, 0, 0, 0.386744775, -0.103290283, -0.162641455, 0.454028777, -0.266046446, -0.850195366, 0.0399169922, -0.947265625, 0.317749023, -0.889911214, -0.178076942, -0.419659766, 0, 2, 5, 1, 
802.875213, 53, 0.1, 0.1, 0.01352588, 0.364665379, -0.0199617685, 0.904770139, -0.425900219, -1.04242112e-005, 0.425900219, 0.904770139, 3.98046868e-006, 7.73623254e-006, -8.04108303e-006, 1, 0.90477015, -0.425900194, -1.38681802e-005, 0.425900195, 0.90477015, 1.0830292e-005, 7.93489198e-006, -1.57053856e-005, 1, 0, 0, 0, 0, 0, 0, 0, 0.340961963, -0.123078223, -0.197572021, 0.351802693, 0.378834323, -0.855875434, -0.821533203, 0.562988281, -0.0885009766, 0.448287835, 0.734447491, 0.509546545, 0, 0, -0, 0, 0, 0, 0, 0.386744775, -0.103290283, -0.162641455, 0.454028777, -0.266046446, -0.850195366, 0.0399169922, -0.947265625, 0.317749023, -0.889911214, -0.178076942, -0.419659766, 0, 2, 5, 1, 
802.876002, 53, 0.1, 0.1, 0.0135258794, 0.36466538, -0.0199649609, 0.904770115, -0.42590027, 5.25523072e-007, 0.42590027, 0.904770114, 1.35149072e-005, -6.23148019e-006, -1.20040637e-005, 1, 0.904770105, -0.42590029, -8.24343027e-006, 0.42590029, 0.904770105, 3.02634649e-006, 6.16948742e-006, -6.24902717e-006, 1, 0, 0, 0, 0, 0, 0, 0, 0.340961963, -0.123078223, -0.197572021, 0.351802693, 0.378834323, -0.855875434, -0.821533203, 0.562988281, -0.0885009766, 0.448287835, 0.734447491, 0.509546545, 0, 0, -0, 0, 0, 0, 0, 0.386744775, -0.103290283, -0.162641455, 0.454028777, -0.266046446, -0.850195366, 0.0399169922, -0.947265625, 0.317749023, -0.889911214, -0.178076942, -0.419659766, 0, 2, 5, 1, 
802.876795, 53, 0.1, 0.1, 0.0135258785, 0.364665381, -0.0199681036, 0.904770165, -0.425900163, 2.40380193e-006, 0.425900163, 0.904770165, 7.90063218e-006, -5.5397688e-006, -6.12447665e-006, 1, 0.904770164, -0.425900165, 1.02783705e-005, 0.425900165, 0.904770164, -7.83508421e-006, -5.96259932e-006, 1.14665101e-005, 1, 0, 0, 0, 0, 0, 0, 0, 0.340961963, -0.123078223, -0.197572021, 0.351802693, 0.378834323, -0.855875434, -0.821533203, 0.562988281, -0.0885009766, 0.448287835, 0.734447491, 0.509546545, 0, 0, -0, 0, 0, 0, 0, 0.386744775, -0.103290283, -0.162641455, 0.454028777, -0.266046446, -0.850195366, 0.0399169922, -0.947265625, 0.317749023, -0.889911214, -0.178076942, -0.419659766, 0, 2, 5, 1, 
802.877619, 53, 0.1, 0.1, 0.0135258789, 0.364665382, -0.019969763, 0.904770114, -0.425900272, -2.3363109e-006, 0.425900272, 0.904770114, -9.95901638e-006, 6.35537206e-006, 8.01558494e-006, 1, 0.904770122, -0.425900255, 9.85153283e-006, 0.425900255, 0.904770122, -1.13775752e-005, -4.0676604e-006, 1.44898604e-005, 1, 0, 0, 0, 0, 0, 0, 0, 0.34058833, -0.122646118, -0.198427881, 0.348921057, 0.382952712, -0.855246387, -0.823364258, 0.560913086, -0.0847167969, 0.447261138, 0.733918795, 0.511177201, 0, 0, -0, 0, 0, 0, 0, 0.386461719, -0.102602588, -0.163403467, 0.453191725, -0.261612556, -0.852073625, 0.0445556641, -0.947998047, 0.314819336, -0.890121934, -0.180556747, -0.418138781, 0, 2, 5, 1, 
802.878408, 53, 0.1, 0.1, 0.0135258794, 0.364665382, -0.0199697567, 0.904770154, -0.425900187, 7.27598081e-007, 0.425900187, 0.904770154, -1.28611973e-005, 4.8192773e-006, 1.19463116e-005, 1, 0.904770144, -0.425900208, -1.6675255e-006, 0.425900208, 0.904770144, -8.74285018e-006, 5.23230899e-006, 7.20007036e-006, 1, 0, 0, 0, 0, 0, 0, 0, 0.34058833, -0.122646118, -0.198427881, 0.348921057, 0.382952712, -0.855246387, -0.823364258, 0.560913086, -0.0847167969, 0.447261138, 0.733918795, 0.511177201, 0, 0, -0, 0, 0, 0, 0, 0.386461719, -0.102602588, -0.163403467, 0.453191725, -0.261612556, -0.852073625, 0.0445556641, -0.947998047, 0.314819336, -0.890121934, -0.180556747, -0.418138781, 0, 2, 5, 1, 
802.879202, 53, 0.1, 0.1, 0.0135258796, 0.36466538, -0.0199682994, 0.904770128, -0.425900241, 8.72038617e-006, 0.425900242, 0.904770128, -4.41233473e-006, -6.01073048e-006, 7.70616324e-006, 1, 0.904770141, -0.425900213, -8.73017425e-006, 0.425900213, 0.904770141, 6.55764366e-006, 5.10589917e-006, -9.65134325e-006, 1, 0, 0, 0, 0, 0, 0, 0, 0.34058833, -0.122646118, -0.198427881, 0.348921057, 0.382952712, -0.855246387, -0.823364258, 0.560913086, -0.0847167969, 0.447261138, 0.733918795, 0.511177201, 0, 0, -0, 0, 0, 0, 0, 0.386461719, -0.102602588, -0.163403467, 0.453191725, -0.261612556, -0.852073625, 0.0445556641, -0.947998047, 0.314819336, -0.890121934, -0.180556747, -0.418138781, 0, 2, 5, 1, 
802.879991, 53, 0.1, 0.1, 0.0135258796, 0.36466538, -0.0199660438, 0.90477013, -0.425900237, 2.04991972e-006, 0.425900237, 0.90477013, 1.04475965e-005, -6.30433996e-006, -8.57961195e-006, 1, 0.904770118, -0.425900262, -8.24114513e-007, 0.425900262, 0.904770118, 1.72017838e-005, -6.58061004e-006, -1.59146505e-005, 1, 0, 0, 0, 0, 0, 0, 0, 0.34058833, -0.122646118, -0.198427881, 0.348921057, 0.382952712, -0.855246387, -0.823364258, 0.560913086, -0.0847167969, 0.447261138, 0.733918795, 0.511177201, 0, 0, -0, 0, 0, 0, 0, 0.386461719, -0.102602588, -0.163403467, 0.453191725, -0.261612556, -0.852073625, 0.0445556641, -0.947998047, 0.314819336, -0.890121934, -0.180556747, -0.418138781, 0, 2, 5, 1, 
802.88079, 53, 0.1, 0.1, 0.0135258797, 0.36466538, -0.019963696, 0.904770154, -0.425900186, -1.32296113e-005, 0.425900186, 0.904770154, 1.109798e-005, 7.24312573e-006, -1.5675615e-005, 1, 0.904770164, -0.425900165, 9.19130504e-007, 0.425900165, 0.904770164, 1.16559824e-005, -5.79588671e-006, -1.01545273e-005, 1, 0, 0, 0, 0, 0, 0, 0, 0.34058833, -0.122646118, -0.198427881, 0.348921057, 0.382952712, -0.855246387, -0.823364258, 0.560913086, -0.0847167969, 0.447261138, 0.733918795, 0.511177201, 0, 0, -0, 0, 0, 0, 0, 0.386461719, -0.102602588, -0.163403467, 0.453191725, -0.261612556, -0.852073625, 0.0445556641, -0.947998047, 0.314819336, -0.890121934, -0.180556747, -0.418138781, 0, 2, 5, 1, 
802.881582, 53, 0.1, 0.1, 0.0135258797, 0.364665382, -0.019962082, 0.904770102, -0.425900296, -1.03634687e-005, 0.425900296, 0.904770102, 5.60948475e-006, 6.98747542e-006, -9.48909847e-006, 1, 0.904770102, -0.425900297, -1.99636077e-006, 0.425900297, 0.904770102, -1.35911684e-005, 7.59473021e-006, 1.14466322e-005, 1, 0, 0, 0, 0, 0, 0, 0, 0.34058833, -0.122646118, -0.198427881, 0.348921057, 0.382952712, -0.855246387, -0.823364258, 0.560913086, -0.0847167969, 0.447261138, 0.733918795, 0.511177201, 0, 0, -0, 0, 0, 0, 0, 0.386461719, -0.102602588, -0.163403467, 0.453191725, -0.261612556, -0.852073625, 0.0445556641, -0.947998047, 0.314819336, -0.890121934, -0.180556747, -0.418138781, 0, 2, 5, 1, 
802.882398, 53, 0.1, 0.1, 0.0135258788, 0.364665382, -0.0199612835, 0.904770171, -0.425900149, 1.15675258e-005, 0.425900149, 0.904770171, -7.60828342e-006, -7.22558321e-006, 1.18103588e-005, 1, 0.90477016, -0.425900172, 2.93975024e-006, 0.425900172, 0.90477016, -2.02839666e-005, 5.97914656e-006, 1.96043678e-005, 1, 0, 0, 0, 0, 0, 0, 0, 0.339974365, -0.122718115, -0.199318896, 0.345627545, 0.385947801, -0.855252379, -0.824584961, 0.559692383, -0.0806884766, 0.447535596, 0.733320827, 0.511919701, 0, 0, -0, 0, 0, 0, 0, 0.38613374, -0.102182813, -0.164158643, 0.451773185, -0.257945355, -0.854002925, 0.0487060547, -0.948608398, 0.31237793, -0.890639257, -0.182748905, -0.41613219, 0, 2, 5, 1, 
802.883193, 53, 0.1, 0.1, 0.013525879, 0.364665382, -0.019961896, 0.904770122, -0.425900254, 1.19735647e-005, 0.425900254, 0.904770122, -1.40960962e-005, -4.82979261e-006, 1.78532709e-005, 1, 0.904770134, -0.425900228, 9.5790483e-006, 0.425900228, 0.904770134, -8.08274923e-006, -5.22439208e-006, 1.1392749e-005, 1, 0, 0, 0, 0, 0, 0, 0, 0.339974365, -0.122718115, -0.199318896, 0.345627545, 0.385947801, -0.855252379, -0.824584961, 0.559692383, -0.0806884766, 0.447535596, 0.733320827, 0.511919701, 0, 0, -0, 0, 0, 0, 0, 0.38613374, -0.102182813, -0.164158643, 0.451773185, -0.257945355, -0.854002925, 0.0487060547, -0.948608398, 0.31237793, -0.890639257, -0.182748905, -0.41613219, 0, 2, 5, 1, 
802.883982, 53, 0.1, 0.1, 0.01352588, 0.364665381, -0.0199636257, 0.904770152, -0.42590019, -3.05340826e-006, 0.42590019, 0.904770152, -1.24858536e-005, 8.0803601e-006, 9.99638053e-006, 1, 0.904770136, -0.425900223, 1.25144765e-007, 0.425900223, 0.904770136, 1.03395707e-005, -4.51685272e-006, -9.30163562e-006, 1, 0, 0, 0, 0, 0, 0, 0, 0.339974365, -0.122718115, -0.199318896, 0.345627545, 0.385947801, -0.855252379, -0.824584961, 0.559692383, -0.0806884766, 0.447535596, 0.733320827, 0.511919701, 0, 0, -0, 0, 0, 0, 0, 0.38613374, -0.102182813, -0.164158643, 0.451773185, -0.257945355, -0.854002925, 0.0487060547, -0.948608398, 0.31237793, -0.890639257, -0.182748905, -0.41613219, 0, 2, 5, 1, 
802.884775, 53, 0.1, 0.1, 0.0135258808, 0.364665381, -0.0199658581, 0.904770155, -0.425900183, -1.13909066e-005, 0.425900183, 0.904770155, 4.29591569e-006, 8.47652101e-006, -8.73820549e-006, 1, 0.904770166, -0.425900159, -1.42780237e-005, 0.42590016, 0.904770166, 1.03017794e-005, 8.53080038e-006, -1.54017552e-005, 1, 0, 0, 0, 0, 0, 0, 0, 0.339974365, -0.122718115, -0.199318896, 0.345627545, 0.385947801, -0.855252379, -0.824584961, 0.559692383, -0.0806884766, 0.447535596, 0.733320827, 0.511919701, 0, 0, -0, 0, 0, 0, 0, 0.38613374, -0.102182813, -0.164158643, 0.451773185, -0.257945355, -0.854002925, 0.0487060547, -0.948608398, 0.31237793, -0.890639257, -0.182748905, -0.41613219, 0, 2, 5, 1, 
802.885568, 53, 0.1, 0.1, 0.0135258807, 0.364665382, -0.0199677641, 0.904770131, -0.425900236, -1.88851947e-006, 0.425900236, 0.904770131, 1.37879259e-005, -4.16360488e-006, -1.32792244e-005, 1, 0.904770122, -0.425900253, -1.01013626e-005, 0.425900253, 0.904770122, 4.04197694e-006, 7.41793207e-006, -7.95923285e-006, 1, 0, 0, 0, 0, 0, 0, 0, 0.339974365, -0.122718115, -0.199318896, 0.345627545, 0.385947801, -0.855252379, -0.824584961, 0.559692383, -0.0806884766, 0.447535596, 0.733320827, 0.511919701, 0, 0, -0, 0, 0, 0, 0, 0.38613374, -0.102182813, -0.164158643, 0.451773185, -0.257945355, -0.854002925, 0.0487060547, -0.948608398, 0.31237793, -0.890639257, -0.182748905, -0.41613219, 0, 2, 5, 1, 
802.88636, 53, 0.1, 0.1, 0.0135258804, 0.364665383, -0.019968753, 0.904770175, -0.425900142, 3.05721913e-007, 0.425900142, 0.904770174, 8.64201512e-006, -3.95724354e-006, -7.68883052e-006, 1, 0.904770174, -0.425900142, 7.87585506e-006, 0.425900143, 0.904770174, -6.57122629e-006, -4.32715255e-006, 9.29977735e-006, 1, 0, 0, 0, 0, 0, 0, 0, 0.339974365, -0.122718115, -0.199318896, 0.345627545, 0.385947801, -0.855252379, -0.824584961, 0.559692383, -0.0806884766, 0.447535596, 0.733320827, 0.511919701, 0, 0, -0, 0, 0, 0, 0, 0.38613374, -0.102182813, -0.164158643, 0.451773185, -0.257945355, -0.854002925, 0.0487060547, -0.948608398, 0.31237793, -0.890639257, -0.182748905, -0.41613219, 0, 2, 5, 1, 
802.887179, 53, 0.1, 0.1, 0.0135258804, 0.364665384, -0.0199682487, 0.904770121, -0.425900255, -2.84933753e-007, 0.425900255, 0.904770121, -1.15986035e-005, 5.19764773e-006, 1.03727165e-005, 1, 0.90477013, -0.425900237, 1.22832968e-005, 0.425900238, 0.90477013, -1.31233139e-005, -5.52433751e-006, 1.71050414e-005, 1, 0, 0, 0, 0, 0, 0, 0, 0.339855957, -0.122616553, -0.199101758, 0.343437113, 0.387864897, -0.855372946, -0.826660156, 0.556884766, -0.0794677734, 0.445410687, 0.734500292, 0.511938797, 0, 0, -0, 0, 0, 0, 0, 0.386216992, -0.101843115, -0.163953711, 0.452802001, -0.255147288, -0.854232968, 0.052734375, -0.948730469, 0.311401367, -0.88991741, -0.186014355, -0.416279111, 0, 2, 5, 1, 
802.888088, 53, 0.1, 0.1, 0.0135258806, 0.364665385, -0.019965654, 0.904770179, -0.425900133, 1.21700269e-006, 0.425900133, 0.904770179, -2.72671152e-005, 1.05119602e-005, 2.51887943e-005, 1, 0.904770165, -0.425900162, -1.26252719e-006, 0.425900162, 0.904770165, -2.31322725e-005, 1.09943355e-005, 2.03916794e-005, 1, 0, 0, 0, 0, 0, 0, 0, 0.339855957, -0.122616553, -0.199101758, 0.343437113, 0.387864897, -0.855372946, -0.826660156, 0.556884766, -0.0794677734, 0.445410687, 0.734500292, 0.511938797, 0, 0, -0, 0, 0, 0, 0, 0.386216992, -0.101843115, -0.163953711, 0.452802001, -0.255147288, -0.854232968, 0.052734375, -0.948730469, 0.311401367, -0.88991741, -0.186014355, -0.416279111, 0, 2, 5, 1, 
802.888875, 53, 0.1, 0.1, 0.013525881, 0.364665386, -0.0199625869, 0.904770154, -0.425900185, 8.21766096e-006, 0.425900185, 0.904770154, -1.0461967e-005, -2.97934068e-006, 1.29655789e-005, 1, 0.904770168, -0.425900156, -1.20415554e-005, 0.425900156, 0.904770168, 6.16408594e-007, 1.06323116e-005, -5.68620842e-006, 1, 0, 0, 0, 0, 0, 0, 0, 0.339855957, -0.122616553, -0.199101758, 0.343437113, 0.387864897, -0.855372946, -0.826660156, 0.556884766, -0.0794677734, 0.445410687, 0.734500292, 0.511938797, 0, 0, -0, 0, 0, 0, 0, 0.386216992, -0.101843115, -0.163953711, 0.452802001, -0.255147288, -0.854232968, 0.052734375, -0.948730469, 0.311401367, -0.88991741, -0.186014355, -0.416279111, 0, 2, 5, 1, 
802.889695, 53, 0.1, 0.1, 0.0135258818, 0.364665385, -0.0199602844, 0.90477016, -0.425900173, -1.21158439e-006, 0.425900173, 0.90477016, 1.58244721e-005, -5.64344e-006, -1.48335242e-005, 1, 0.904770145, -0.425900205, -4.71601801e-006, 0.425900205, 0.904770145, 2.213695e-005, -5.16121923e-006, -2.20374045e-005, 1, 0, 0, 0, 0, 0, 0, 0, 0.340657739, -0.12253269, -0.198646484, 0.341836414, 0.389395204, -0.855214187, -0.829101563, 0.553344727, -0.0793457031, 0.442327231, 0.736358978, 0.512160836, 0, 0, -0, 0, 0, 0, 0, 0.386701807, -0.101542969, -0.163527002, 0.453249328, -0.25315419, -0.854635452, 0.0559082031, -0.948730469, 0.310791016, -0.889502166, -0.188627955, -0.415953186, 0, 2, 5, 1, 
802.890486, 53, 0.1, 0.1, 0.0135258823, 0.364665384, -0.019959902, 0.904770195, -0.425900098, -1.50841861e-005, 0.425900098, 0.904770195, 1.88696656e-005, 5.61112956e-006, -2.34970674e-005, 1, 0.904770205, -0.425900078, 1.07247037e-007, 0.425900078, 0.904770205, 1.88209548e-005, -8.11288004e-006, -1.69829626e-005, 1, 0, 0, 0, 0, 0, 0, 0, 0.340657739, -0.12253269, -0.198646484, 0.341836414, 0.389395204, -0.855214187, -0.829101563, 0.553344727, -0.0793457031, 0.442327231, 0.736358978, 0.512160836, 0, 0, -0, 0, 0, 0, 0, 0.386701807, -0.101542969, -0.163527002, 0.453249328, -0.25315419, -0.854635452, 0.0559082031, -0.948730469, 0.310791016, -0.889502166, -0.188627955, -0.415953186, 0, 2, 5, 1, 
802.891279, 53, 0.1, 0.1, 0.013525882, 0.364665384, -0.0199613576, 0.904770146, -0.425900203, -8.08623486e-006, 0.425900203, 0.904770146, 1.01811435e-005, 2.98003284e-006, -1.26555237e-005, 1, 0.904770145, -0.425900204, -9.22247591e-008, 0.425900204, 0.904770145, -8.24231698e-006, 3.59384669e-006, 7.41812379e-006, 1, 0, 0, 0, 0, 0, 0, 0, 0.340657739, -0.12253269, -0.198646484, 0.341836414, 0.389395204, -0.855214187, -0.829101563, 0.553344727, -0.0793457031, 0.442327231, 0.736358978, 0.512160836, 0, 0, -0, 0, 0, 0, 0, 0.386701807, -0.101542969, -0.163527002, 0.453249328, -0.25315419, -0.854635452, 0.0559082031, -0.948730469, 0.310791016, -0.889502166, -0.188627955, -0.415953186, 0, 2, 5, 1, 
802.892072, 53, 0.1, 0.1, 0.0135258807, 0.364665384, -0.0199640424, 0.904770211, -0.425900066, 1.33846315e-005, 0.425900066, 0.904770211, -5.60469026e-006, -9.72297789e-006, 1.07714722e-005, 1, 0.9047702, -0.425900087, 5.07124316e-006, 0.425900087, 0.9047702, -1.65404896e-005, 2.4562863e-006, 1.7125185e-005, 1, 0, 0, 0, 0, 0, 0, 0, 0.340657739, -0.12253269, -0.198646484, 0.341836414, 0.389395204, -0.855214187, -0.829101563, 0.553344727, -0.0793457031, 0.442327231, 0.736358978, 0.512160836, 0, 0, -0, 0, 0, 0, 0, 0.386701807, -0.101542969, -0.163527002, 0.453249328, -0.25315419, -0.854635452, 0.0559082031, -0.948730469, 0.310791016, -0.889502166, -0.188627955, -0.415953186, 0, 2, 5, 1, 
