time, trialNum, realDorsalTactorPos, realVentralTactorPos, boxPosX, boxPosY, boxPosZ, boxLocalRot_11, boxLocalRot_12, boxLocalRot_13, boxLocalRot_21, boxLocalRot_22, boxLocalRot_23, boxLocalRot_31, boxLocalRot_32, boxLocalRot_33, boxGlobalRot_11, boxGlobalRot_12, boxGlobalRot_13, boxGlobalRot_21, boxGlobalRot_22, boxGlobalRot_23, boxGlobalRot_31, boxGlobalRot_32, boxGlobalRot_33, indexForceX, indexForceY, indexForceZ, indexForceGlobalX, indexForceGlobalY, indexForceGlobalZ, indexContact, indexPosX, indexPosY, indexPosZ, indexRot_11, indexRot_12, indexRot_13, indexRot_21, indexRot_22, indexRot_23, indexRot_31, indexRot_32, indexRot_33, thumbForceX, thumbForceY, thumbForceZ, thumbForceGlobalX, thumbForceGlobalY, thumbForceGlobalZ, thumbContact, thumbPosX, thumbPosY, thumbPosZ, thumbRot_11, thumbRot_12, thumbRot_13, thumbRot_21, thumbRot_22, thumbRot_23, thumbRot_31, thumbRot_32, thumbRot_33, manipForceTooHigh, cceExpType, mapping, trialSuccess, 
841.93594, 59, 0.1, 0.1, 0.0139824585, 0.353767113, -0.0199636815, -0.0734214608, -0.997301002, 1.21418617e-005, -0.997301002, 0.0734214608, 5.5570673e-006, -6.43354201e-006, -1.17010829e-005, -1, -0.0734214159, -0.997301006, -9.9544808e-006, -0.997301006, 0.0734214159, -4.44725173e-006, 5.1661207e-006, 9.60109019e-006, -1, 0, 0, 0, 0, 0, 0, 0, 0.254188013, -0.102402368, -0.170267651, -0.329144275, 0.482312151, -0.811803515, -0.929077148, -0.0120849609, 0.369506836, 0.168431342, 0.875885114, 0.452264321, 0, 0, -0, 0, 0, 0, 0, 0.300778809, -0.0628774902, -0.139643799, 0.172821934, 0.116790412, -0.977925695, 0.556152344, -0.831054688, -0.000854492178, -0.812803829, -0.543626566, -0.208711091, 0, 2, 5, 1, 
841.969317, 59, 0.1, 0.1, 0.0139824524, 0.353767127, -0.01996417, -0.0734188972, -0.997301191, -2.71929583e-005, -0.997301191, 0.0734188974, -7.46634659e-006, 9.44267336e-006, 2.65713987e-005, -1, -0.0734189855, -0.997301184, -1.39413069e-005, -0.997301184, 0.0734189854, 1.08685096e-005, -9.81562094e-006, 1.47016368e-005, -1, 0, 0, 0, 0, 0, 0, 0, 0.258927539, -0.114055981, -0.163934473, -0.402847991, 0.463738776, -0.789084803, -0.909423828, -0.106201172, 0.401855469, 0.102612721, 0.879568399, 0.46460939, 0, 0, -0, 0, 0, 0, 0, 0.30270542, -0.0726879883, -0.134551074, 0.130826146, 0.135620349, -0.982030727, 0.637817383, -0.769775391, -0.0213623047, -0.758914977, -0.623516848, -0.187171602, 0, 2, 5, 1, 
841.970104, 59, 0.1, 0.1, 0.0139824541, 0.353767128, -0.0199620773, -0.0734184132, -0.997301226, 3.00703347e-005, -0.997301227, 0.0734184134, 8.38314544e-006, -1.05682375e-005, -2.93737045e-005, -1, -0.0734185004, -0.99730122, 3.19665163e-005, -0.99730122, 0.0734185009, 1.53221372e-005, -1.76277199e-005, -3.07553174e-005, -0.999999999, 0, 0, 0, 0, 0, 0, 0, 0.258927539, -0.114055981, -0.163934473, -0.402847991, 0.463738776, -0.789084803, -0.909423828, -0.106201172, 0.401855469, 0.102612721, 0.879568399, 0.46460939, 0, 0, -0, 0, 0, 0, 0, 0.30270542, -0.0726879883, -0.134551074, 0.130826146, 0.135620349, -0.982030727, 0.637817383, -0.769775391, -0.0213623047, -0.758914977, -0.623516848, -0.187171602, 0, 2, 5, 1, 
841.970896, 59, 0.1, 0.1, 0.0139824508, 0.353767128, -0.0199612813, -0.0734183166, -0.997301234, -1.02597369e-005, -0.997301234, 0.0734183163, 2.15701357e-005, -2.07586704e-005, 1.18156914e-005, -1, -0.0734182844, -0.997301236, -2.5954102e-005, -0.997301236, 0.073418284, 1.58166168e-005, -1.38684258e-005, 2.70452868e-005, -1, 0, 0, 0, 0, 0, 0, 0, 0.258927539, -0.114055981, -0.163934473, -0.402847991, 0.463738776, -0.789084803, -0.909423828, -0.106201172, 0.401855469, 0.102612721, 0.879568399, 0.46460939, 0, 0, -0, 0, 0, 0, 0, 0.30270542, -0.0726879883, -0.134551074, 0.130826146, 0.135620349, -0.982030727, 0.637817383, -0.769775391, -0.0213623047, -0.758914977, -0.623516848, -0.187171602, 0, 2, 5, 1, 
841.972084, 59, 0.1, 0.1, 0.013982455, 0.353767128, -0.019958031, -0.0734191829, -0.99730117, -3.69083276e-007, -0.99730117, 0.0734191828, 2.78267235e-005, -2.77245261e-005, 2.41110249e-006, -1, -0.0734189142, -0.99730119, -8.30503623e-007, -0.99730119, 0.0734189142, -9.33822834e-006, 9.3740009e-006, 1.42659667e-007, -1, 0, 0, 0, 0, 0, 0, 0, 0.258878442, -0.115653223, -0.163141455, -0.408071704, 0.463078651, -0.786723629, -0.907226562, -0.110595703, 0.405517578, 0.100844645, 0.879302177, 0.465471337, 0, 0, -0, 0, 0, 0, 0, 0.30275752, -0.0741373047, -0.133860352, 0.127152748, 0.135523734, -0.982554247, 0.642578125, -0.765869141, -0.0224609375, -0.755496043, -0.628436711, -0.184526287, 0, 2, 5, 1, 
841.973404, 59, 0.1, 0.1, 0.0139824548, 0.353767125, -0.0199470958, -0.0734208292, -0.997301049, 6.55772144e-006, -0.997301049, 0.073420829, -2.2575971e-005, 2.20335662e-005, -8.19756898e-006, -1, -0.0734205313, -0.99730107, -2.27083301e-005, -0.99730107, 0.0734205322, -3.98098662e-005, 4.13696799e-005, 1.97241804e-005, -0.999999999, 0, 0, 0, 0, 0, 0, 0, 0.258878442, -0.115653223, -0.163141455, -0.408071704, 0.463078651, -0.786723629, -0.907226562, -0.110595703, 0.405517578, 0.100844645, 0.879302177, 0.465471337, 0, 0, -0, 0, 0, 0, 0, 0.30275752, -0.0741373047, -0.133860352, 0.127152748, 0.135523734, -0.982554247, 0.642578125, -0.765869141, -0.0224609375, -0.755496043, -0.628436711, -0.184526287, 0, 2, 5, 1, 
841.974774, 59, 0.1, 0.1, 0.0139824531, 0.353767125, -0.0199338343, -0.0734210291, -0.997301032, 6.56304937e-005, -0.997301032, 0.0734210248, -6.52983092e-005, 6.03034131e-005, -7.02476282e-005, -0.999999996, -0.0734211872, -0.997301022, -5.21143831e-006, -0.997301021, 0.0734211874, -4.40446479e-005, 4.43084023e-005, 1.96356241e-006, -0.999999999, 0, 0, 0, 0, 0, 0, 0, 0.258826538, -0.117683398, -0.162568262, -0.41340288, 0.462678757, -0.78428008, -0.905029297, -0.114135742, 0.409667969, 0.0999587334, 0.87911833, 0.466073052, 0, 0, -0, 0, 0, 0, 0, 0.3025229, -0.0757944824, -0.133382617, 0.122853019, 0.13531228, -0.983154325, 0.646118164, -0.762695313, -0.0241699219, -0.75312488, -0.632263959, -0.181152562, 0, 2, 5, 1, 
841.976083, 59, 0.1, 0.1, 0.0139824511, 0.353767124, -0.0199269551, -0.0734186993, -0.997301197, -0.000133244968, -0.997301204, 0.0734187057, -4.39667909e-005, 5.36308062e-005, 0.000129657382, -0.99999999, -0.0734194549, -0.997301147, -8.10524052e-005, -0.99730115, 0.0734194536, 1.85452773e-005, -1.2544403e-005, 8.2195241e-005, -0.999999997, 0, 0, 0, 0, 0, 0, 0, 0.258826538, -0.117683398, -0.162568262, -0.41340288, 0.462678757, -0.78428008, -0.905029297, -0.114135742, 0.409667969, 0.0999587334, 0.87911833, 0.466073052, 0, 0, -0, 0, 0, 0, 0, 0.3025229, -0.0757944824, -0.133382617, 0.122853019, 0.13531228, -0.983154325, 0.646118164, -0.762695313, -0.0241699219, -0.75312488, -0.632263959, -0.181152562, 0, 2, 5, 1, 
841.977397, 59, 0.1, 0.1, 0.0139824434, 0.353767118, -0.0199291599, -0.0734148378, -0.997301488, 5.24357184e-005, -0.99730149, 0.0734148378, -2.35863934e-006, -1.49728523e-006, -5.24673792e-005, -0.999999999, -0.0734155297, -0.997301437, 5.51351547e-005, -0.997301439, 0.0734155309, 2.02999489e-005, -2.42929448e-005, -5.34960376e-005, -0.999999998, 0, 0, 0, 0, 0, 0, 0, 0.258826538, -0.117683398, -0.162568262, -0.41340288, 0.462678757, -0.78428008, -0.905029297, -0.114135742, 0.409667969, 0.0999587334, 0.87911833, 0.466073052, 0, 0, -0, 0, 0, 0, 0, 0.3025229, -0.0757944824, -0.133382617, 0.122853019, 0.13531228, -0.983154325, 0.646118164, -0.762695313, -0.0241699219, -0.75312488, -0.632263959, -0.181152562, 0, 2, 5, 1, 
841.978736, 59, 0.1, 0.1, 0.0139824199, 0.353767109, -0.0199382717, -0.073413097, -0.997301617, -4.31230535e-005, -0.997301617, 0.0734130955, 3.55531409e-005, -3.22914081e-005, 4.56167572e-005, -0.999999998, -0.0734131863, -0.997301607, -9.43149555e-005, -0.997301611, 0.0734131851, 1.57240685e-005, -8.75767747e-006, 9.52148111e-005, -0.999999995, 0, 0, 0, 0, 0, 0, 0, 0.258826538, -0.117683398, -0.162568262, -0.420177117, 0.461682017, -0.781112005, -0.90246582, -0.123657227, 0.412353516, 0.093863335, 0.878287462, 0.46890826, 0, 0, -0, 0, 0, 0, 0, 0.3025229, -0.0757944824, -0.133382617, 0.122853019, 0.13531228, -0.983154325, 0.646118164, -0.762695313, -0.0241699219, -0.75312488, -0.632263959, -0.181152562, 0, 2, 5, 1, 
841.980078, 59, 0.1, 0.1, 0.0139824375, 0.353767105, -0.0199474646, -0.0734140664, -0.997301547, -1.33559652e-005, -0.997301546, 0.073414066, 2.7678816e-005, -2.66236102e-005, 1.53519391e-005, -1, -0.0734138111, -0.997301564, 4.57105112e-005, -0.997301565, 0.07341381, -2.51396515e-005, 2.1716031e-005, -4.7432762e-005, -0.999999999, 0, 0, 0, 0, 0, 0, 0, 0.259801245, -0.11818335, -0.161951245, -0.420177117, 0.461682017, -0.781112005, -0.90246582, -0.123657227, 0.412353516, 0.093863335, 0.878287462, 0.46890826, 0, 0, -0, 0, 0, 0, 0, 0.303022217, -0.0765018066, -0.132908789, 0.11862402, 0.136876641, -0.983358482, 0.652954102, -0.756835938, -0.0264892578, -0.747923201, -0.63897313, -0.179210136, 0, 2, 5, 1, 
841.981392, 59, 0.1, 0.1, 0.013982438, 0.353767109, -0.0199528346, -0.0734146634, -0.9973015, 6.67049089e-005, -0.997301503, 0.0734146631, -7.08943885e-006, 2.17318959e-006, -6.70453747e-005, -0.999999998, -0.0734146973, -0.997301499, 4.07324751e-005, -0.9973015, 0.0734146965, -2.20975215e-005, 1.9047529e-005, -4.22448414e-005, -0.999999999, 0, 0, 0, 0, 0, 0, 0, 0.259801245, -0.11818335, -0.161951245, -0.420177117, 0.461682017, -0.781112005, -0.90246582, -0.123657227, 0.412353516, 0.093863335, 0.878287462, 0.46890826, 0, 0, -0, 0, 0, 0, 0, 0.303022217, -0.0765018066, -0.132908789, 0.11862402, 0.136876641, -0.983358482, 0.652954102, -0.756835938, -0.0264892578, -0.747923201, -0.63897313, -0.179210136, 0, 2, 5, 1, 
841.982706, 59, 0.1, 0.1, 0.0139824341, 0.353767117, -0.019952247, -0.0734133596, -0.997301597, -5.83272311e-005, -0.997301598, 0.0734133609, -2.03729997e-005, 2.46000232e-005, 5.66741905e-005, -0.999999998, -0.0734137577, -0.997301568, -6.01320575e-005, -0.997301569, 0.0734137582, -5.0593651e-006, 9.46023307e-006, 5.95983683e-005, -0.999999998, 0, 0, 0, 0, 0, 0, 0, 0.259801245, -0.11818335, -0.161951245, -0.420177117, 0.461682017, -0.781112005, -0.90246582, -0.123657227, 0.412353516, 0.093863335, 0.878287462, 0.46890826, 0, 0, -0, 0, 0, 0, 0, 0.303022217, -0.0765018066, -0.132908789, 0.11862402, 0.136876641, -0.983358482, 0.652954102, -0.756835938, -0.0264892578, -0.747923201, -0.63897313, -0.179210136, 0, 2, 5, 1, 
841.98407, 59, 0.1, 0.1, 0.0139824461, 0.35376712, -0.0199458705, -0.0734113203, -0.997301749, 1.20845725e-005, -0.997301748, 0.0734113199, -3.13282242e-005, 3.03565483e-005, -1.43518116e-005, -0.999999999, -0.0734116548, -0.997301723, 5.66082163e-005, -0.997301724, 0.0734116557, 1.48581544e-005, -1.89737659e-005, -5.53647101e-005, -0.999999998, 0, 0, 0, 0, 0, 0, 0, 0.260118799, -0.118740283, -0.1621271, -0.426873848, 0.464028964, -0.7761152, -0.899658203, -0.131958008, 0.416015625, 0.0905982753, 0.875938272, 0.473925665, 0, 0, -0, 0, 0, 0, 0, 0.303231641, -0.0768660156, -0.13266333, 0.113609008, 0.139929905, -0.98352436, 0.658935547, -0.751464844, -0.0307617187, -0.743417849, -0.644666612, -0.177631915, 0, 2, 5, 1, 
841.98538, 59, 0.1, 0.1, 0.0139824304, 0.353767123, -0.0199382792, -0.0734113973, -0.997301742, 4.49972023e-005, -0.997301743, 0.073411398, 1.38381502e-005, -1.71041189e-005, -4.38599103e-005, -0.999999999, -0.0734111899, -0.997301758, -3.0585493e-005, -0.997301757, 0.0734111885, 4.38842636e-005, -4.15205358e-005, 3.37245619e-005, -0.999999999, 0, 0, 0, 0, 0, 0, 0, 0.260118799, -0.118740283, -0.1621271, -0.426873848, 0.464028964, -0.7761152, -0.899658203, -0.131958008, 0.416015625, 0.0905982753, 0.875938272, 0.473925665, 0, 0, -0, 0, 0, 0, 0, 0.303231641, -0.0768660156, -0.13266333, 0.113609008, 0.139929905, -0.98352436, 0.658935547, -0.751464844, -0.0307617187, -0.743417849, -0.644666612, -0.177631915, 0, 2, 5, 1, 
841.986551, 59, 0.1, 0.1, 0.0139824373, 0.353767114, -0.0199347752, -0.0734133048, -0.997301601, -6.49988917e-005, -0.997301602, 0.0734133032, 2.59230013e-005, -2.10812673e-005, 6.67265921e-005, -0.999999998, -0.0734130178, -0.997301623, -4.0182021e-005, -0.997301624, 0.0734130174, 1.13253945e-005, -8.34495088e-006, 4.09050261e-005, -0.999999999, 0, 0, 0, 0, 0, 0, 0, 0.260118799, -0.118740283, -0.1621271, -0.426873848, 0.464028964, -0.7761152, -0.899658203, -0.131958008, 0.416015625, 0.0905982753, 0.875938272, 0.473925665, 0, 0, -0, 0, 0, 0, 0, 0.303255908, -0.0774981445, -0.132417871, 0.109226523, 0.142216479, -0.983690237, 0.664672852, -0.746337891, -0.0340576172, -0.739091501, -0.650072448, -0.176053694, 0, 2, 5, 1, 
841.987344, 59, 0.1, 0.1, 0.0139824354, 0.353767112, -0.0199412961, -0.073414134, -0.997301541, 3.23726043e-005, -0.997301542, 0.0734141344, 1.08501817e-005, -1.31975096e-005, -3.14886915e-005, -0.999999999, -0.0734140597, -0.997301547, 2.87623313e-005, -0.997301547, 0.0734140591, -2.12585932e-005, 1.90896684e-005, -3.02453971e-005, -0.999999999, 0, 0, 0, 0, 0, 0, 0, 0.260118799, -0.118740283, -0.1621271, -0.426873848, 0.464028964, -0.7761152, -0.899658203, -0.131958008, 0.416015625, 0.0905982753, 0.875938272, 0.473925665, 0, 0, -0, 0, 0, 0, 0, 0.303255908, -0.0774981445, -0.132417871, 0.109226523, 0.142216479, -0.983690237, 0.664672852, -0.746337891, -0.0340576172, -0.739091501, -0.650072448, -0.176053694, 0, 2, 5, 1, 
841.988134, 59, 0.1, 0.1, 0.0139824304, 0.353767113, -0.0199549985, -0.0734140284, -0.997301549, -2.18470908e-005, -0.997301549, 0.0734140286, -7.60028426e-006, 9.18365821e-006, 2.123017e-005, -1, -0.073414088, -0.997301544, -4.01293852e-005, -0.997301545, 0.0734140886, -1.4000173e-005, 1.69084564e-005, 3.89932879e-005, -0.999999999, 0, 0, 0, 0, 0, 0, 0, 0.260118799, -0.118740283, -0.1621271, -0.426873848, 0.464028964, -0.7761152, -0.899658203, -0.131958008, 0.416015625, 0.0905982753, 0.875938272, 0.473925665, 0, 0, -0, 0, 0, 0, 0, 0.303255908, -0.0774981445, -0.132417871, 0.109226523, 0.142216479, -0.983690237, 0.664672852, -0.746337891, -0.0340576172, -0.739091501, -0.650072448, -0.176053694, 0, 2, 5, 1, 
841.988937, 59, 0.1, 0.1, 0.0139824357, 0.353767115, -0.0199707225, -0.0734137844, -0.997301567, 6.22465999e-006, -0.997301567, 0.0734137843, -2.3637976e-005, 2.31172146e-005, -7.94321643e-006, -1, -0.0734138131, -0.997301565, 2.64550851e-005, -0.997301565, 0.0734138131, -5.20298607e-007, -1.42327406e-006, -2.64218949e-005, -1, 0, 0, 0, 0, 0, 0, 0, 0.260660327, -0.119099731, -0.162084473, -0.433526396, 0.465874546, -0.771219867, -0.896850586, -0.14074707, 0.419189453, 0.08683185, 0.873544897, 0.479082733, 0, 0, -0, 0, 0, 0, 0, 0.303255908, -0.0774981445, -0.132417871, 0.109226523, 0.142216479, -0.983690237, 0.664672852, -0.746337891, -0.0340576172, -0.739091501, -0.650072448, -0.176053694, 0, 2, 5, 1, 
841.989726, 59, 0.1, 0.1, 0.0139824268, 0.353767109, -0.0199828357, -0.0734140021, -0.99730155, -4.17418512e-005, -0.997301551, 0.0734140025, -8.45977349e-006, 1.15013816e-005, 4.10081472e-005, -0.999999999, -0.0734139359, -0.997301555, -4.88829139e-005, -0.997301556, 0.0734139371, -2.35460271e-005, 2.70711766e-005, 4.70223996e-005, -0.999999999, 0, 0, 0, 0, 0, 0, 0, 0.260660327, -0.119099731, -0.162084473, -0.433526396, 0.465874546, -0.771219867, -0.896850586, -0.14074707, 0.419189453, 0.08683185, 0.873544897, 0.479082733, 0, 0, -0, 0, 0, 0, 0, 0.303255908, -0.0774981445, -0.132417871, 0.109226523, 0.142216479, -0.983690237, 0.664672852, -0.746337891, -0.0340576172, -0.739091501, -0.650072448, -0.176053694, 0, 2, 5, 1, 
841.990518, 59, 0.1, 0.1, 0.013982429, 0.353767115, -0.0199881056, -0.0734146239, -0.997301505, 3.77591212e-005, -0.997301505, 0.0734146251, 3.0841291e-005, -3.35301377e-005, -3.53930266e-005, -0.999999999, -0.073414468, -0.997301517, 2.71646576e-005, -0.997301516, 0.0734144689, 3.33555156e-005, -3.52597852e-005, -2.46425768e-005, -0.999999999, 0, 0, 0, 0, 0, 0, 0, 0.260660327, -0.119099731, -0.162084473, -0.433526396, 0.465874546, -0.771219867, -0.896850586, -0.14074707, 0.419189453, 0.08683185, 0.873544897, 0.479082733, 0, 0, -0, 0, 0, 0, 0, 0.303255908, -0.0774981445, -0.132417871, 0.109226523, 0.142216479, -0.983690237, 0.664672852, -0.746337891, -0.0340576172, -0.739091501, -0.650072448, -0.176053694, 0, 2, 5, 1, 
841.991339, 59, 0.1, 0.1, 0.0139824362, 0.353767115, -0.019985135, -0.0734155535, -0.997301437, 4.80358118e-006, -0.997301437, 0.0734155534, -2.60988017e-005, 2.56757148e-005, -6.70667639e-006, -1, -0.0734153498, -0.997301452, 2.19341521e-005, -0.997301452, 0.0734153495, -1.60009685e-005, 1.43474856e-005, -2.30496785e-005, -1, 0, 0, 0, 0, 0, 0, 0, 0.260461597, -0.120525952, -0.161430225, -0.437466929, 0.468659579, -0.767353475, -0.894897461, -0.143676758, 0.422363281, 0.087703153, 0.871620688, 0.482425299, 0, 0, -0, 0, 0, 0, 0, 0.302839551, -0.0788090332, -0.131955762, 0.105533803, 0.143653608, -0.983990277, 0.66784668, -0.743286133, -0.0368652344, -0.736656539, -0.653235453, -0.174366832, 0, 2, 5, 1, 
841.992132, 59, 0.1, 0.1, 0.0139824306, 0.353767114, -0.0199759157, -0.0734168014, -0.997301345, -1.66971441e-005, -0.997301345, 0.073416801, 2.44003416e-005, -2.31086426e-005, 1.84434793e-005, -1, -0.0734165353, -0.997301364, -3.09083334e-005, -0.997301365, 0.0734165353, 1.12401675e-006, 1.14819931e-006, 3.09074445e-005, -1, 0, 0, 0, 0, 0, 0, 0, 0.260461597, -0.120525952, -0.161430225, -0.437466929, 0.468659579, -0.767353475, -0.894897461, -0.143676758, 0.422363281, 0.087703153, 0.871620688, 0.482425299, 0, 0, -0, 0, 0, 0, 0, 0.302839551, -0.0788090332, -0.131955762, 0.105533803, 0.143653608, -0.983990277, 0.66784668, -0.743286133, -0.0368652344, -0.736656539, -0.653235453, -0.174366832, 0, 2, 5, 1, 
841.992919, 59, 0.1, 0.1, 0.0139824326, 0.353767118, -0.0199643649, -0.0734182545, -0.997301238, -1.89298376e-006, -0.997301238, 0.0734182545, -2.69354202e-005, 2.70017075e-005, -8.9676495e-008, -1, -0.0734179971, -0.997301257, -1.69780775e-008, -0.997301257, 0.0734179971, 6.44395091e-006, -6.42531384e-006, 4.90034227e-007, -1, 0, 0, 0, 0, 0, 0, 0, 0.260461597, -0.120525952, -0.161430225, -0.437466929, 0.468659579, -0.767353475, -0.894897461, -0.143676758, 0.422363281, 0.087703153, 0.871620688, 0.482425299, 0, 0, -0, 0, 0, 0, 0, 0.302839551, -0.0788090332, -0.131955762, 0.105533803, 0.143653608, -0.983990277, 0.66784668, -0.743286133, -0.0368652344, -0.736656539, -0.653235453, -0.174366832, 0, 2, 5, 1, 
841.993709, 59, 0.1, 0.1, 0.0139824318, 0.353767114, -0.0199544715, -0.0734194869, -0.997301148, -7.07118127e-006, -0.997301147, 0.0734194866, 3.888757e-005, -3.82634557e-005, 9.90720263e-006, -0.999999999, -0.073419299, -0.997301161, 5.78233005e-006, -0.997301161, 0.073419299, -5.84867064e-006, 5.4083514e-006, -6.19612977e-006, -1, 0, 0, 0, 0, 0, 0, 0, 0.260461597, -0.120525952, -0.161430225, -0.437466929, 0.468659579, -0.767353475, -0.894897461, -0.143676758, 0.422363281, 0.087703153, 0.871620688, 0.482425299, 0, 0, -0, 0, 0, 0, 0, 0.302839551, -0.0788090332, -0.131955762, 0.105533803, 0.143653608, -0.983990277, 0.66784668, -0.743286133, -0.0368652344, -0.736656539, -0.653235453, -0.174366832, 0, 2, 5, 1, 
841.994498, 59, 0.1, 0.1, 0.0139824321, 0.353767123, -0.01994919, -0.0734205958, -0.997301066, -1.217065e-005, -0.997301066, 0.0734205961, -2.60772354e-005, 2.6900431e-005, 1.0223196e-005, -1, -0.0734204083, -0.99730108, -9.39832377e-006, -0.997301079, 0.0734204081, 2.26706121e-005, -2.19193971e-005, 1.1037444e-005, -1, 0, 0, 0, 0, 0, 0, 0, 0.260461597, -0.120525952, -0.161430225, -0.437466929, 0.468659579, -0.767353475, -0.894897461, -0.143676758, 0.422363281, 0.087703153, 0.871620688, 0.482425299, 0, 0, -0, 0, 0, 0, 0, 0.302839551, -0.0788090332, -0.131955762, 0.105533803, 0.143653608, -0.983990277, 0.66784668, -0.743286133, -0.0368652344, -0.736656539, -0.653235453, -0.174366832, 0, 2, 5, 1, 
841.995289, 59, 0.1, 0.1, 0.0139824325, 0.353767116, -0.0199497097, -0.0734213531, -0.99730101, 1.23921423e-005, -0.99730101, 0.0734213534, 2.5148645e-005, -2.59906169e-005, -1.05122485e-005, -1, -0.0734211597, -0.997301024, -9.51138565e-006, -0.997301024, 0.0734211599, -2.02886188e-005, 2.09321973e-005, 7.99610072e-006, -1, 0, 0, 0, 0, 0, 0, 0, 0.260461597, -0.120525952, -0.161430225, -0.437466929, 0.468659579, -0.767353475, -0.894897461, -0.143676758, 0.422363281, 0.087703153, 0.871620688, 0.482425299, 0, 0, -0, 0, 0, 0, 0, 0.302839551, -0.0788090332, -0.131955762, 0.105533803, 0.143653608, -0.983990277, 0.66784668, -0.743286133, -0.0368652344, -0.736656539, -0.653235453, -0.174366832, 0, 2, 5, 1, 
841.996108, 59, 0.1, 0.1, 0.0139824347, 0.353767124, -0.0199553086, -0.0734220104, -0.997300962, 1.14047542e-005, -0.997300962, 0.0734220102, -1.91168601e-005, 1.82279029e-005, -1.27775706e-005, -1, -0.0734218678, -0.997300972, 1.40081672e-005, -0.997300972, 0.0734218681, 2.27954604e-005, -2.37624407e-005, -1.22966735e-005, -1, 0, 0, 0, 0, 0, 0, 0, 0.260488428, -0.122095361, -0.160428247, -0.441205641, 0.468564099, -0.765296715, -0.893188477, -0.147583008, 0.424560547, 0.08594706, 0.871017851, 0.483706235, 0, 0, -0, 0, 0, 0, 0, 0.302934619, -0.0802097656, -0.131038867, 0.102639854, 0.143927761, -0.984168914, 0.671630859, -0.739868164, -0.0380859375, -0.733646652, -0.657011662, -0.172667209, 0, 2, 5, 1, 
841.9969, 59, 0.1, 0.1, 0.0139824355, 0.353767118, -0.0199634955, -0.0734227546, -0.997300907, 5.57689048e-007, -0.997300907, 0.0734227546, 9.90715184e-006, -9.92135859e-006, 1.71226586e-007, -1, -0.0734226521, -0.997300914, 1.06448743e-005, -0.997300914, 0.0734226519, -2.4280733e-005, 2.34336223e-005, -1.23988987e-005, -1, 0, 0, 0, 0, 0, 0, 0, 0.260488428, -0.122095361, -0.160428247, -0.441205641, 0.468564099, -0.765296715, -0.893188477, -0.147583008, 0.424560547, 0.08594706, 0.871017851, 0.483706235, 0, 0, -0, 0, 0, 0, 0, 0.302934619, -0.0802097656, -0.131038867, 0.102639854, 0.143927761, -0.984168914, 0.671630859, -0.739868164, -0.0380859375, -0.733646652, -0.657011662, -0.172667209, 0, 2, 5, 1, 
841.997689, 59, 0.1, 0.1, 0.013982437, 0.353767123, -0.0199715066, -0.0734234074, -0.997300859, -1.3224603e-006, -0.997300859, 0.0734234074, -9.71584086e-006, 9.78671598e-006, 6.0552065e-007, -1, -0.0734232978, -0.997300867, 7.40365549e-007, -0.997300867, 0.0734232978, 1.55670916e-005, -1.5579434e-005, 4.04619997e-007, -1, 0, 0, 0, 0, 0, 0, 0, 0.260488428, -0.122095361, -0.160428247, -0.441205641, 0.468564099, -0.765296715, -0.893188477, -0.147583008, 0.424560547, 0.08594706, 0.871017851, 0.483706235, 0, 0, -0, 0, 0, 0, 0, 0.302934619, -0.0802097656, -0.131038867, 0.102639854, 0.143927761, -0.984168914, 0.671630859, -0.739868164, -0.0380859375, -0.733646652, -0.657011662, -0.172667209, 0, 2, 5, 1, 
841.998476, 59, 0.1, 0.1, 0.0139824381, 0.35376712, -0.0199769322, -0.0734238643, -0.997300825, 8.06724247e-006, -0.997300825, 0.0734238644, 9.15753458e-006, -9.72514491e-006, -7.373086e-006, -1, -0.0734237557, -0.997300833, -1.26009169e-006, -0.997300833, 0.0734237558, -1.09118153e-005, 1.09748831e-005, 4.55504031e-007, -1, 0, 0, 0, 0, 0, 0, 0, 0.260488428, -0.122095361, -0.160428247, -0.441205641, 0.468564099, -0.765296715, -0.893188477, -0.147583008, 0.424560547, 0.08594706, 0.871017851, 0.483706235, 0, 0, -0, 0, 0, 0, 0, 0.302934619, -0.0802097656, -0.131038867, 0.102639854, 0.143927761, -0.984168914, 0.671630859, -0.739868164, -0.0380859375, -0.733646652, -0.657011662, -0.172667209, 0, 2, 5, 1, 
841.999264, 59, 0.1, 0.1, 0.0139824383, 0.353767123, -0.0199782686, -0.0734242369, -0.997300798, -7.09938044e-006, -0.997300798, 0.073424237, -1.13515152e-005, 1.18421418e-005, 6.24674144e-006, -1, -0.073424184, -0.997300802, -6.39521227e-006, -0.997300802, 0.0734241839, 8.51571052e-006, -8.02316169e-006, 7.00320942e-006, -1, 0, 0, 0, 0, 0, 0, 0, 0.260488428, -0.122095361, -0.160428247, -0.441205641, 0.468564099, -0.765296715, -0.893188477, -0.147583008, 0.424560547, 0.08594706, 0.871017851, 0.483706235, 0, 0, -0, 0, 0, 0, 0, 0.302934619, -0.0802097656, -0.131038867, 0.102639854, 0.143927761, -0.984168914, 0.671630859, -0.739868164, -0.0380859375, -0.733646652, -0.657011662, -0.172667209, 0, 2, 5, 1, 
842.000079, 59, 0.1, 0.1, 0.0139824386, 0.353767121, -0.0199751668, -0.0734244446, -0.997300783, 8.75231134e-006, -0.997300782, 0.0734244448, 2.24125206e-005, -2.29946579e-005, -7.08306007e-006, -1, -0.0734243735, -0.997300788, -4.5533361e-006, -0.997300788, 0.0734243735, -3.20960759e-006, 3.53527003e-006, 4.30538225e-006, -1, 0, 0, 0, 0, 0, 0, 0, 0.260488428, -0.122095361, -0.160428247, -0.441205641, 0.468564099, -0.765296715, -0.893188477, -0.147583008, 0.424560547, 0.08594706, 0.871017851, 0.483706235, 0, 0, -0, 0, 0, 0, 0, 0.302934619, -0.0802097656, -0.131038867, 0.102639854, 0.143927761, -0.984168914, 0.671630859, -0.739868164, -0.0380859375, -0.733646652, -0.657011662, -0.172667209, 0, 2, 5, 1, 
842.000897, 59, 0.1, 0.1, 0.0139824405, 0.353767126, -0.0199684173, -0.0734246101, -0.99730077, 9.67224567e-006, -0.99730077, 0.0734246099, -2.4061011e-005, 2.32858839e-005, -1.14128084e-005, -1, -0.0734245649, -0.997300774, 1.20633059e-005, -0.997300774, 0.073424565, 6.02892729e-006, -6.89839684e-006, -1.1588073e-005, -1, 0, 0, 0, 0, 0, 0, 0, 0.260542847, -0.12411333, -0.159441772, -0.44451825, 0.46840534, -0.763494195, -0.891601562, -0.149536133, 0.427368164, 0.0861009499, 0.870795812, 0.484162296, 0, 0, -0, 0, 0, 0, 0, 0.302540723, -0.0823373535, -0.130344727, 0.0998797001, 0.1426113, -0.984717953, 0.672729492, -0.738769531, -0.0386962891, -0.733077557, -0.658500198, -0.169779091, 0, 2, 5, 1, 
842.001704, 59, 0.1, 0.1, 0.0139824397, 0.353767122, -0.0199610588, -0.0734250342, -0.997300739, 8.30858758e-006, -0.997300739, 0.0734250344, 2.79134153e-005, -2.8448128e-005, -6.23661706e-006, -1, -0.0734249231, -0.997300747, -1.02827984e-005, -0.997300747, 0.0734249231, -7.15513256e-006, 7.89083273e-006, 9.72967748e-006, -1, 0, 0, 0, 0, 0, 0, 0, 0.260542847, -0.12411333, -0.159441772, -0.44451825, 0.46840534, -0.763494195, -0.891601562, -0.149536133, 0.427368164, 0.0861009499, 0.870795812, 0.484162296, 0, 0, -0, 0, 0, 0, 0, 0.302540723, -0.0823373535, -0.130344727, 0.0998797001, 0.1426113, -0.984717953, 0.672729492, -0.738769531, -0.0386962891, -0.733077557, -0.658500198, -0.169779091, 0, 2, 5, 1, 
842.002492, 59, 0.1, 0.1, 0.0139824419, 0.353767127, -0.0199558485, -0.0734253738, -0.997300714, 1.39829092e-005, -0.997300714, 0.0734253733, -3.01287699e-005, 2.90207434e-005, -1.61573816e-005, -0.999999999, -0.0734252867, -0.99730072, 1.64425975e-005, -0.997300721, 0.0734252868, 1.12916242e-005, -1.24684474e-005, -1.55691236e-005, -1, 0, 0, 0, 0, 0, 0, 0, 0.260542847, -0.12411333, -0.159441772, -0.44451825, 0.46840534, -0.763494195, -0.891601562, -0.149536133, 0.427368164, 0.0861009499, 0.870795812, 0.484162296, 0, 0, -0, 0, 0, 0, 0, 0.302540723, -0.0823373535, -0.130344727, 0.0998797001, 0.1426113, -0.984717953, 0.672729492, -0.738769531, -0.0386962891, -0.733077557, -0.658500198, -0.169779091, 0, 2, 5, 1, 
842.00331, 59, 0.1, 0.1, 0.0139824361, 0.353767122, -0.0199539807, -0.0734263296, -0.997300644, -1.26311038e-005, -0.997300643, 0.0734263292, 2.99452564e-005, -2.89369678e-005, 1.47957783e-005, -0.999999999, -0.0734260981, -0.99730066, -3.71553384e-005, -0.997300661, 0.0734260985, -1.16431192e-005, 1.4339862e-005, 3.62001347e-005, -0.999999999, 0, 0, 0, 0, 0, 0, 0, 0.261276733, -0.12352417, -0.15859541, -0.451610006, 0.466888138, -0.760205552, -0.888549805, -0.159423828, 0.430053711, 0.0795614737, 0.869800194, 0.486978408, 0, 0, -0, 0, 0, 0, 0, 0.303316504, -0.0821731934, -0.129877734, 0.0963535902, 0.143785937, -0.984871071, 0.679199219, -0.732666016, -0.0405273437, -0.727556516, -0.665004845, -0.168322272, 0, 2, 5, 1, 
842.004097, 59, 0.1, 0.1, 0.0139824429, 0.353767129, -0.0199559108, -0.0734278521, -0.997300532, -1.06382125e-006, -0.997300531, 0.0734278521, -2.00166506e-005, 2.00407304e-005, -4.08830163e-007, -1, -0.0734275362, -0.997300554, 3.07417151e-005, -0.997300555, 0.0734275368, 1.90613434e-005, -2.12671768e-005, -2.9259102e-005, -0.999999999, 0, 0, 0, 0, 0, 0, 0, 0.261276733, -0.12352417, -0.15859541, -0.451610006, 0.466888138, -0.760205552, -0.888549805, -0.159423828, 0.430053711, 0.0795614737, 0.869800194, 0.486978408, 0, 0, -0, 0, 0, 0, 0, 0.303316504, -0.0821731934, -0.129877734, 0.0963535902, 0.143785937, -0.984871071, 0.679199219, -0.732666016, -0.0405273437, -0.727556516, -0.665004845, -0.168322272, 0, 2, 5, 1, 
842.004888, 59, 0.1, 0.1, 0.013982429, 0.353767123, -0.0199608796, -0.0734298564, -0.997300383, -4.62554237e-005, -0.997300384, 0.073429856, 1.16187249e-005, -8.19082973e-006, 4.69837132e-005, -0.999999999, -0.0734294473, -0.997300412, -7.14766032e-005, -0.997300414, 0.0734294489, -1.96347346e-005, 2.48302165e-005, 6.98418783e-005, -0.999999997, 0, 0, 0, 0, 0, 0, 0, 0.261276733, -0.12352417, -0.15859541, -0.451610006, 0.466888138, -0.760205552, -0.888549805, -0.159423828, 0.430053711, 0.0795614737, 0.869800194, 0.486978408, 0, 0, -0, 0, 0, 0, 0, 0.303316504, -0.0821731934, -0.129877734, 0.0963535902, 0.143785937, -0.984871071, 0.679199219, -0.732666016, -0.0405273437, -0.727556516, -0.665004845, -0.168322272, 0, 2, 5, 1, 
842.005679, 59, 0.1, 0.1, 0.0139824412, 0.353767125, -0.0199670304, -0.0734324807, -0.997300187, 8.32693864e-005, -0.997300191, 0.0734324783, -3.18652129e-005, 2.56645054e-005, -8.53845165e-005, -0.999999996, -0.0734319052, -0.99730023, 8.32037678e-005, -0.997300233, 0.0734319052, -2.74229904e-006, -3.37491573e-006, -8.31805092e-005, -0.999999997, 0, 0, 0, 0, 0, 0, 0, 0.261276733, -0.12352417, -0.15859541, -0.451610006, 0.466888138, -0.760205552, -0.888549805, -0.159423828, 0.430053711, 0.0795614737, 0.869800194, 0.486978408, 0, 0, -0, 0, 0, 0, 0, 0.303316504, -0.0821731934, -0.129877734, 0.0963535902, 0.143785937, -0.984871071, 0.679199219, -0.732666016, -0.0405273437, -0.727556516, -0.665004845, -0.168322272, 0, 2, 5, 1, 
842.006468, 59, 0.1, 0.1, 0.0139824442, 0.353767118, -0.0199722695, -0.0734356166, -0.997299959, -5.16348163e-005, -0.99729996, 0.0734356167, -1.04820426e-009, 3.79287995e-006, 5.14953233e-005, -0.999999999, -0.0734349482, -0.997300009, -2.4202076e-005, -0.997300009, 0.0734349488, -2.68526904e-005, 2.85574666e-005, 2.21648047e-005, -0.999999999, 0, 0, 0, 0, 0, 0, 0, 0.261276733, -0.12352417, -0.15859541, -0.451610006, 0.466888138, -0.760205552, -0.888549805, -0.159423828, 0.430053711, 0.0795614737, 0.869800194, 0.486978408, 0, 0, -0, 0, 0, 0, 0, 0.303316504, -0.0821731934, -0.129877734, 0.0963535902, 0.143785937, -0.984871071, 0.679199219, -0.732666016, -0.0405273437, -0.727556516, -0.665004845, -0.168322272, 0, 2, 5, 1, 
842.00726, 59, 0.1, 0.1, 0.0139824317, 0.353767132, -0.0199749564, -0.0734392166, -0.997299694, -2.89588793e-005, -0.997299693, 0.0734392147, 6.32201716e-005, -6.09227404e-005, 3.35235213e-005, -0.999999998, -0.0734384992, -0.997299746, -5.13196906e-005, -0.997299745, 0.0734384954, 7.227294e-005, -6.83089438e-005, 5.64887306e-005, -0.999999996, 0, 0, 0, 0, 0, 0, 0, 0.261276733, -0.12352417, -0.15859541, -0.451610006, 0.466888138, -0.760205552, -0.888549805, -0.159423828, 0.430053711, 0.0795614737, 0.869800194, 0.486978408, 0, 0, -0, 0, 0, 0, 0, 0.303316504, -0.0821731934, -0.129877734, 0.0963535902, 0.143785937, -0.984871071, 0.679199219, -0.732666016, -0.0405273437, -0.727556516, -0.665004845, -0.168322272, 0, 2, 5, 1, 
842.008083, 59, 0.1, 0.1, 0.0139824439, 0.353767128, -0.0199740342, -0.0734430513, -0.997299409, 7.7978218e-005, -0.997299411, 0.0734430463, -6.51218211e-005, 5.92189958e-005, -8.25503761e-005, -0.999999995, -0.073442297, -0.997299465, 7.58228635e-005, -0.997299467, 0.0734422932, -5.10673206e-005, 4.53608065e-005, -7.93686026e-005, -0.999999996, 0, 0, 0, 0, 0, 0, 0, 0.261890039, -0.123181299, -0.158114478, -0.456904111, 0.469399836, -0.755494066, -0.886108398, -0.167114258, 0.432128906, 0.0765686277, 0.866930541, 0.492535371, 0, 0, -0, 0, 0, 0, 0, 0.304111816, -0.0820623535, -0.129428076, 0.0934151654, 0.146992685, -0.98471139, 0.684448242, -0.727661133, -0.0437011719, -0.722955649, -0.669822996, -0.168673717, 0, 2, 5, 1, 
842.008874, 59, 0.1, 0.1, 0.0139824486, 0.353767121, -0.0199701863, -0.0734467319, -0.997299141, -3.34430663e-005, -0.997299141, 0.073446731, 2.6230589e-005, -2.370346e-005, 3.52792924e-005, -0.999999999, -0.0734459664, -0.997299198, -1.13547159e-005, -0.997299198, 0.0734459665, -1.2302423e-005, 1.31031547e-005, 1.04204857e-005, -1, 0, 0, 0, 0, 0, 0, 0, 0.261890039, -0.123181299, -0.158114478, -0.456904111, 0.469399836, -0.755494066, -0.886108398, -0.167114258, 0.432128906, 0.0765686277, 0.866930541, 0.492535371, 0, 0, -0, 0, 0, 0, 0, 0.304111816, -0.0820623535, -0.129428076, 0.0934151654, 0.146992685, -0.98471139, 0.684448242, -0.727661133, -0.0437011719, -0.722955649, -0.669822996, -0.168673717, 0, 2, 5, 1, 
842.009663, 59, 0.1, 0.1, 0.0139824435, 0.353767131, -0.0199651182, -0.0734504176, -0.99729887, 1.72452978e-005, -0.99729887, 0.0734504178, 1.23978344e-005, -1.36310206e-005, -1.62880899e-005, -1, -0.0734497069, -0.997298922, -1.34856194e-005, -0.997298921, 0.0734497063, 4.30081906e-005, -4.19015073e-005, 1.66081326e-005, -0.999999999, 0, 0, 0, 0, 0, 0, 0, 0.261890039, -0.123181299, -0.158114478, -0.456904111, 0.469399836, -0.755494066, -0.886108398, -0.167114258, 0.432128906, 0.0765686277, 0.866930541, 0.492535371, 0, 0, -0, 0, 0, 0, 0, 0.304111816, -0.0820623535, -0.129428076, 0.0934151654, 0.146992685, -0.98471139, 0.684448242, -0.727661133, -0.0437011719, -0.722955649, -0.669822996, -0.168673717, 0, 2, 5, 1, 
842.010454, 59, 0.1, 0.1, 0.0139824467, 0.353767121, -0.0199605527, -0.0734542217, -0.997298589, -2.94362181e-005, -0.997298589, 0.0734542226, -3.08048096e-005, 3.28838077e-005, 2.70939555e-005, -0.999999999, -0.0734534729, -0.997298645, 3.30575667e-006, -0.997298644, 0.0734534726, -5.42561012e-005, 5.38667169e-005, -7.2821257e-006, -0.999999999, 0, 0, 0, 0, 0, 0, 0, 0.261890039, -0.123181299, -0.158114478, -0.456904111, 0.469399836, -0.755494066, -0.886108398, -0.167114258, 0.432128906, 0.0765686277, 0.866930541, 0.492535371, 0, 0, -0, 0, 0, 0, 0, 0.304111816, -0.0820623535, -0.129428076, 0.0934151654, 0.146992685, -0.98471139, 0.684448242, -0.727661133, -0.0437011719, -0.722955649, -0.669822996, -0.168673717, 0, 2, 5, 1, 
842.011247, 59, 0.1, 0.1, 0.0139824422, 0.353767125, -0.0199579542, -0.0734581911, -0.997298297, 3.10116009e-005, -0.997298297, 0.0734581908, -1.19470652e-005, 9.63673172e-006, -3.18054265e-005, -0.999999999, -0.073457404, -0.997298355, -8.08046259e-006, -0.997298355, 0.0734574038, 1.63842606e-005, -1.57464263e-005, 9.2621773e-006, -1, 0, 0, 0, 0, 0, 0, 0, 0.261890039, -0.123181299, -0.158114478, -0.456904111, 0.469399836, -0.755494066, -0.886108398, -0.167114258, 0.432128906, 0.0765686277, 0.866930541, 0.492535371, 0, 0, -0, 0, 0, 0, 0, 0.304111816, -0.0820623535, -0.129428076, 0.0934151654, 0.146992685, -0.98471139, 0.684448242, -0.727661133, -0.0437011719, -0.722955649, -0.669822996, -0.168673717, 0, 2, 5, 1, 
842.012034, 59, 0.1, 0.1, 0.0139824508, 0.353767123, -0.0199580918, -0.0734615573, -0.997298049, -1.07610455e-005, -0.99729805, 0.0734615573, -1.98977164e-006, 2.77491854e-006, 1.05857979e-005, -1, -0.0734609759, -0.997298092, 2.85399062e-005, -0.997298092, 0.0734609761, 6.05481376e-006, -8.13502357e-006, -2.80180015e-005, -1, 0, 0, 0, 0, 0, 0, 0, 0.261890039, -0.123181299, -0.158114478, -0.456904111, 0.469399836, -0.755494066, -0.886108398, -0.167114258, 0.432128906, 0.0765686277, 0.866930541, 0.492535371, 0, 0, -0, 0, 0, 0, 0, 0.304111816, -0.0820623535, -0.129428076, 0.0934151654, 0.146992685, -0.98471139, 0.684448242, -0.727661133, -0.0437011719, -0.722955649, -0.669822996, -0.168673717, 0, 2, 5, 1, 
842.012858, 59, 0.1, 0.1, 0.0139824472, 0.353767125, -0.0199605642, -0.0734644704, -0.997297834, 3.04421515e-005, -0.997297835, 0.0734644709, 1.41458741e-005, -1.63440661e-005, -2.93206726e-005, -0.999999999, -0.0734639182, -0.997297876, -4.93894597e-006, -0.997297876, 0.0734639181, 1.43095191e-005, -1.39080187e-005, 5.97683367e-006, -1, 0, 0, 0, 0, 0, 0, 0, 0.262531421, -0.123244263, -0.157843115, -0.461866472, 0.472692227, -0.750453078, -0.883544922, -0.171630859, 0.435668945, 0.0772309965, 0.864308015, 0.49705141, 0, 0, -0, 0, 0, 0, 0, 0.304607715, -0.0829177246, -0.128954492, 0.0904953304, 0.147995614, -0.984730346, 0.685913086, -0.726196289, -0.0460205078, -0.722035109, -0.671190496, -0.167325539, 0, 2, 5, 1, 
842.013647, 59, 0.1, 0.1, 0.013982454, 0.353767121, -0.0199641811, -0.0734674252, -0.997297617, -1.48070161e-005, -0.997297617, 0.0734674253, -5.48412625e-006, 6.55713939e-006, 1.43640973e-005, -1, -0.0734668275, -0.997297661, 1.82803833e-005, -0.997297661, 0.073466827, -2.46551076e-005, 2.32454793e-005, -2.0042316e-005, -1, 0, 0, 0, 0, 0, 0, 0, 0.262531421, -0.123244263, -0.157843115, -0.461866472, 0.472692227, -0.750453078, -0.883544922, -0.171630859, 0.435668945, 0.0772309965, 0.864308015, 0.49705141, 0, 0, -0, 0, 0, 0, 0, 0.304607715, -0.0829177246, -0.128954492, 0.0904953304, 0.147995614, -0.984730346, 0.685913086, -0.726196289, -0.0460205078, -0.722035109, -0.671190496, -0.167325539, 0, 2, 5, 1, 
842.014437, 59, 0.1, 0.1, 0.013982449, 0.353767128, -0.0199679778, -0.0734705565, -0.997297387, 8.79176207e-006, -0.997297387, 0.0734705566, 7.71967284e-006, -8.3447452e-006, -8.20083268e-006, -1, -0.0734699517, -0.997297431, -1.68719454e-005, -0.997297431, 0.0734699512, 3.09878368e-005, -2.9664509e-005, 1.91030226e-005, -0.999999999, 0, 0, 0, 0, 0, 0, 0, 0.262531421, -0.123244263, -0.157843115, -0.461866472, 0.472692227, -0.750453078, -0.883544922, -0.171630859, 0.435668945, 0.0772309965, 0.864308015, 0.49705141, 0, 0, -0, 0, 0, 0, 0, 0.304607715, -0.0829177246, -0.128954492, 0.0904953304, 0.147995614, -0.984730346, 0.685913086, -0.726196289, -0.0460205078, -0.722035109, -0.671190496, -0.167325539, 0, 2, 5, 1, 
842.015229, 59, 0.1, 0.1, 0.0139824511, 0.35376712, -0.019970667, -0.0734737656, -0.99729715, -2.25449649e-005, -0.99729715, 0.0734737662, -2.50527154e-005, 2.66414652e-005, 2.06433119e-005, -0.999999999, -0.0734731358, -0.997297197, 1.7717833e-006, -0.997297196, 0.0734731356, -4.3473868e-005, 4.32261882e-005, -4.96115592e-006, -0.999999999, 0, 0, 0, 0, 0, 0, 0, 0.262531421, -0.123244263, -0.157843115, -0.461866472, 0.472692227, -0.750453078, -0.883544922, -0.171630859, 0.435668945, 0.0772309965, 0.864308015, 0.49705141, 0, 0, -0, 0, 0, 0, 0, 0.304607715, -0.0829177246, -0.128954492, 0.0904953304, 0.147995614, -0.984730346, 0.685913086, -0.726196289, -0.0460205078, -0.722035109, -0.671190496, -0.167325539, 0, 2, 5, 1, 
842.016015, 59, 0.1, 0.1, 0.013982447, 0.353767123, -0.0199714963, -0.0734770152, -0.997296911, 1.48427671e-005, -0.997296911, 0.0734770152, -8.88515097e-007, -2.04488866e-007, -1.48679313e-005, -1, -0.073476378, -0.997296958, -1.09395185e-005, -0.997296958, 0.0734763778, 1.62338331e-005, -1.53861562e-005, 1.21027518e-005, -1, 0, 0, 0, 0, 0, 0, 0, 0.262531421, -0.123244263, -0.157843115, -0.461866472, 0.472692227, -0.750453078, -0.883544922, -0.171630859, 0.435668945, 0.0772309965, 0.864308015, 0.49705141, 0, 0, -0, 0, 0, 0, 0, 0.304607715, -0.0829177246, -0.128954492, 0.0904953304, 0.147995614, -0.984730346, 0.685913086, -0.726196289, -0.0460205078, -0.722035109, -0.671190496, -0.167325539, 0, 2, 5, 1, 
842.016813, 59, 0.1, 0.1, 0.0139824511, 0.353767117, -0.0199702329, -0.0734803265, -0.997296667, -1.26383071e-005, -0.997296667, 0.0734803266, -8.64134512e-006, 9.54665161e-006, 1.19691727e-005, -1, -0.0734796968, -0.997296713, 1.10969219e-005, -0.997296713, 0.0734796964, -3.09078558e-005, 3.00089045e-005, -1.33380236e-005, -0.999999999, 0, 0, 0, 0, 0, 0, 0, 0.262531421, -0.123244263, -0.157843115, -0.461866472, 0.472692227, -0.750453078, -0.883544922, -0.171630859, 0.435668945, 0.0772309965, 0.864308015, 0.49705141, 0, 0, -0, 0, 0, 0, 0, 0.304607715, -0.0829177246, -0.128954492, 0.0904953304, 0.147995614, -0.984730346, 0.685913086, -0.726196289, -0.0460205078, -0.722035109, -0.671190496, -0.167325539, 0, 2, 5, 1, 
