time, trialNum, realDorsalTactorPos, realVentralTactorPos, boxPosX, boxPosY, boxPosZ, boxLocalRot_11, boxLocalRot_12, boxLocalRot_13, boxLocalRot_21, boxLocalRot_22, boxLocalRot_23, boxLocalRot_31, boxLocalRot_32, boxLocalRot_33, boxGlobalRot_11, boxGlobalRot_12, boxGlobalRot_13, boxGlobalRot_21, boxGlobalRot_22, boxGlobalRot_23, boxGlobalRot_31, boxGlobalRot_32, boxGlobalRot_33, indexForceX, indexForceY, indexForceZ, indexForceGlobalX, indexForceGlobalY, indexForceGlobalZ, indexContact, indexPosX, indexPosY, indexPosZ, indexRot_11, indexRot_12, indexRot_13, indexRot_21, indexRot_22, indexRot_23, indexRot_31, indexRot_32, indexRot_33, thumbForceX, thumbForceY, thumbForceZ, thumbForceGlobalX, thumbForceGlobalY, thumbForceGlobalZ, thumbContact, thumbPosX, thumbPosY, thumbPosZ, thumbRot_11, thumbRot_12, thumbRot_13, thumbRot_21, thumbRot_22, thumbRot_23, thumbRot_31, thumbRot_32, thumbRot_33, manipForceTooHigh, cceExpType, mapping, trialSuccess, 
371.578264, 19, 0.1, 0.1, 0.0617143509, 0.348642568, -0.034970678, 0.685648461, -0.727932818, -1.23598832e-007, 0.727932818, 0.685648461, -5.32436994e-006, 3.96052896e-006, 3.56067441e-006, 1, 0.685648461, -0.727932819, 1.17579571e-007, 0.727932819, 0.685648461, -9.08628001e-006, 6.53358317e-006, 6.31558393e-006, 1, 0, 0, 0, 0, 0, 0, 0, 0.127962158, 0.220877417, 0.153310693, 0.232175563, 0.551114282, 0.801312723, -0.348632813, -0.721923828, 0.59765625, 0.907963749, -0.418143535, 0.0246082443, 0, -0, 0, 0, 0, 0, 0, 0.172783789, 0.219304834, 0.0855833496, -0.40090109, 0.914741406, -0.0467372199, -0.591674805, -0.297485352, -0.749145508, -0.699300871, -0.272698647, 0.660721436, 0, 1, 5, 1, 
371.605957, 19, 0.1, 0.1, 0.061714349, 0.34864252, -0.0349713728, 0.685651098, -0.727930334, 6.60480128e-006, 0.727930334, 0.685651098, -4.52712135e-008, -4.49563496e-006, 4.83887546e-006, 1, 0.685650967, -0.727930458, -7.6238784e-007, 0.727930458, 0.685650967, 3.83880385e-006, -2.27165029e-006, -3.1870449e-006, 1, 0, 0, 0, 0, 0, 0, 0, 0.128247534, 0.221344922, 0.146950488, 0.211613578, 0.577654464, 0.788206797, -0.364379883, -0.701660156, 0.612182617, 0.90689473, -0.41678545, 0.0620313123, 0, -0, 0, 0, 0, 0, 0, 0.17387373, 0.217552588, 0.0797463379, -0.404172737, 0.91228932, -0.064748766, -0.587524414, -0.313232422, -0.74597168, -0.700872162, -0.263382441, 0.662756113, 0, 1, 5, 1, 
371.606651, 19, 0.1, 0.1, 0.0617143493, 0.348642521, -0.0349723728, 0.685651778, -0.727929694, 8.72595759e-007, 0.727929694, 0.685651778, 2.9742999e-006, -2.76337805e-006, -1.40414565e-006, 1, 0.68565164, -0.727929824, -6.54212935e-006, 0.727929824, 0.68565164, -7.47226382e-007, 5.02955009e-006, -4.24987408e-006, 1, 0, 0, 0, 0, 0, 0, 0, 0.128247534, 0.221344922, 0.146950488, 0.211613578, 0.577654464, 0.788206797, -0.364379883, -0.701660156, 0.612182617, 0.90689473, -0.41678545, 0.0620313123, 0, -0, 0, 0, 0, 0, 0, 0.17387373, 0.217552588, 0.0797463379, -0.404172737, 0.91228932, -0.064748766, -0.587524414, -0.313232422, -0.74597168, -0.700872162, -0.263382441, 0.662756113, 0, 1, 5, 1, 
371.607344, 19, 0.1, 0.1, 0.0617143488, 0.348642522, -0.0349725283, 0.685652485, -0.727929028, -5.33143113e-006, 0.727929028, 0.685652485, 1.09367286e-006, 2.85939278e-006, -4.630783e-006, 1, 0.685652343, -0.727929162, -5.57429574e-006, 0.727929162, 0.685652343, -2.85051121e-006, 5.89699917e-006, -2.10323274e-006, 1, 0, 0, 0, 0, 0, 0, 0, 0.128247534, 0.221344922, 0.146950488, 0.211613578, 0.577654464, 0.788206797, -0.364379883, -0.701660156, 0.612182617, 0.90689473, -0.41678545, 0.0620313123, 0, -0, 0, 0, 0, 0, 0, 0.17387373, 0.217552588, 0.0797463379, -0.404172737, 0.91228932, -0.064748766, -0.587524414, -0.313232422, -0.74597168, -0.700872162, -0.263382441, 0.662756113, 0, 1, 5, 1, 
371.608046, 19, 0.1, 0.1, 0.0617143476, 0.348642522, -0.0349717691, 0.685653227, -0.727928329, -5.93009546e-006, 0.727928329, 0.685653227, -9.01997249e-007, 4.72257844e-006, -3.69822716e-006, 1, 0.685653077, -0.727928471, 1.4436374e-006, 0.727928471, 0.685653077, -4.83244423e-006, 2.52783932e-006, 4.36424502e-006, 1, 0, 0, 0, 0, 0, 0, 0, 0.128247534, 0.221344922, 0.146950488, 0.211613578, 0.577654464, 0.788206797, -0.364379883, -0.701660156, 0.612182617, 0.90689473, -0.41678545, 0.0620313123, 0, -0, 0, 0, 0, 0, 0, 0.17387373, 0.217552588, 0.0797463379, -0.404172737, 0.91228932, -0.064748766, -0.587524414, -0.313232422, -0.74597168, -0.700872162, -0.263382441, 0.662756113, 0, 1, 5, 1, 
371.60877, 19, 0.1, 0.1, 0.0617143466, 0.348642522, -0.034970185, 0.685654019, -0.727927583, -7.15385303e-008, 0.727927583, 0.685654019, -4.55653502e-006, 3.36587821e-006, 3.07213168e-006, 1, 0.685653864, -0.727927729, 8.16950829e-006, 0.727927729, 0.685653864, -8.84606663e-007, -4.95752521e-006, 6.55334559e-006, 1, 0, 0, 0, 0, 0, 0, 0, 0.128768115, 0.220932739, 0.14578728, 0.213173841, 0.578547489, 0.787166995, -0.368041992, -0.698730469, 0.61328125, 0.905040913, -0.420511057, 0.0640498797, 0, -0, 0, 0, 0, 0, 0, 0.174098926, 0.217156641, 0.0787785156, -0.403087052, 0.912462128, -0.0683911806, -0.584350586, -0.314208984, -0.748046875, -0.704194848, -0.261523137, 0.660041168, 0, 1, 5, 1, 
371.609459, 19, 0.1, 0.1, 0.0617143467, 0.348642521, -0.0349684697, 0.685654805, -0.727926843, 6.97063427e-006, 0.727926843, 0.685654805, -2.41757338e-007, -4.60346722e-006, 5.23987388e-006, 1, 0.685654647, -0.727926992, 7.38813333e-006, 0.727926992, 0.685654647, 3.79736214e-006, -7.82991035e-006, 2.77434267e-006, 1, 0, 0, 0, 0, 0, 0, 0, 0.128768115, 0.220932739, 0.14578728, 0.213173841, 0.578547489, 0.787166995, -0.368041992, -0.698730469, 0.61328125, 0.905040913, -0.420511057, 0.0640498797, 0, -0, 0, 0, 0, 0, 0, 0.174098926, 0.217156641, 0.0787785156, -0.403087052, 0.912462128, -0.0683911806, -0.584350586, -0.314208984, -0.748046875, -0.704194848, -0.261523137, 0.660041168, 0, 1, 5, 1, 
371.610153, 19, 0.1, 0.1, 0.0617143477, 0.34864252, -0.0349672375, 0.685655625, -0.727926071, 7.37144685e-006, 0.727926071, 0.685655625, 3.30426538e-006, -7.45953491e-006, 3.1002802e-006, 1, 0.685655458, -0.727926228, -1.02482406e-006, 0.727926228, 0.685655458, 7.71984142e-006, -4.91679884e-006, -6.03914772e-006, 1, 0, 0, 0, 0, 0, 0, 0, 0.128768115, 0.220932739, 0.14578728, 0.213173841, 0.578547489, 0.787166995, -0.368041992, -0.698730469, 0.61328125, 0.905040913, -0.420511057, 0.0640498797, 0, -0, 0, 0, 0, 0, 0, 0.174098926, 0.217156641, 0.0787785156, -0.403087052, 0.912462128, -0.0683911806, -0.584350586, -0.314208984, -0.748046875, -0.704194848, -0.261523137, 0.660041168, 0, 1, 5, 1, 
371.610845, 19, 0.1, 0.1, 0.0617143484, 0.34864252, -0.0349668239, 0.685656472, -0.727925272, -5.55039401e-008, 0.727925272, 0.685656472, 6.19363531e-006, -4.47044704e-006, -4.28710886e-006, 1, 0.685656303, -0.727925431, -8.73918552e-006, 0.727925431, 0.685656303, 2.18780523e-006, 4.39951857e-006, -7.86155783e-006, 1, 0, 0, 0, 0, 0, 0, 0, 0.128768115, 0.220932739, 0.14578728, 0.213173841, 0.578547489, 0.787166995, -0.368041992, -0.698730469, 0.61328125, 0.905040913, -0.420511057, 0.0640498797, 0, -0, 0, 0, 0, 0, 0, 0.174098926, 0.217156641, 0.0787785156, -0.403087052, 0.912462128, -0.0683911806, -0.584350586, -0.314208984, -0.748046875, -0.704194848, -0.261523137, 0.660041168, 0, 1, 5, 1, 
371.611561, 19, 0.1, 0.1, 0.061714348, 0.348642521, -0.0349670222, 0.685657385, -0.727924413, -7.4271097e-006, 0.727924413, 0.685657385, 1.54001765e-007, 4.98035097e-006, -5.51196691e-006, 1, 0.685657208, -0.727924579, -7.57427573e-006, 0.727924579, 0.685657208, -4.02935463e-006, 8.12642303e-006, -2.75074543e-006, 1, 0, 0, 0, 0, 0, 0, 0, 0.129298828, 0.220516406, 0.144619434, 0.21491196, 0.579313955, 0.786094993, -0.370605469, -0.696289063, 0.614501953, 0.903529703, -0.423475068, 0.0650848117, 0, -0, 0, 0, 0, 0, 0, 0.174625, 0.216612891, 0.0779243164, -0.400563872, 0.913171947, -0.0735990561, -0.581054687, -0.315185547, -0.75012207, -0.708348389, -0.257766251, 0.657038944, 0, 1, 5, 1, 
371.61225, 19, 0.1, 0.1, 0.0617143471, 0.348642522, -0.0349680066, 0.685658286, -0.727923564, -7.7106597e-006, 0.727923564, 0.685658286, -3.98921471e-006, 8.1907211e-006, -2.87753277e-006, 1, 0.685658103, -0.727923736, 5.62243815e-007, 0.727923736, 0.685658103, -7.97352234e-006, 5.41860914e-006, 5.87638082e-006, 1, 0, 0, 0, 0, 0, 0, 0, 0.129298828, 0.220516406, 0.144619434, 0.21491196, 0.579313955, 0.786094993, -0.370605469, -0.696289063, 0.614501953, 0.903529703, -0.423475068, 0.0650848117, 0, -0, 0, 0, 0, 0, 0, 0.174625, 0.216612891, 0.0779243164, -0.400563872, 0.913171947, -0.0735990561, -0.581054687, -0.315185547, -0.75012207, -0.708348389, -0.257766251, 0.657038944, 0, 1, 5, 1, 
371.61297, 19, 0.1, 0.1, 0.0617143463, 0.348642523, -0.0349692728, 0.685659245, -0.72792266, 2.74628065e-007, 0.72792266, 0.685659245, -7.46657086e-006, 5.24678485e-006, 5.31943133e-006, 1, 0.685659063, -0.727922832, 8.35103714e-006, 0.727922832, 0.685659063, -3.66146496e-006, -3.06070036e-006, 8.58942724e-006, 1, 0, 0, 0, 0, 0, 0, 0, 0.129298828, 0.220516406, 0.144619434, 0.21491196, 0.579313955, 0.786094993, -0.370605469, -0.696289063, 0.614501953, 0.903529703, -0.423475068, 0.0650848117, 0, -0, 0, 0, 0, 0, 0, 0.174625, 0.216612891, 0.0779243164, -0.400563872, 0.913171947, -0.0735990561, -0.581054687, -0.315185547, -0.75012207, -0.708348389, -0.257766251, 0.657038944, 0, 1, 5, 1, 
371.613659, 19, 0.1, 0.1, 0.0617143466, 0.348642523, -0.0349704634, 0.685660176, -0.727921783, 5.89169034e-006, 0.727921783, 0.685660176, -2.69740806e-006, -2.07619535e-006, 6.13819503e-006, 1, 0.68565999, -0.727921959, 6.29465335e-006, 0.727921959, 0.68565999, 9.80541643e-007, -5.02974974e-006, 3.90969823e-006, 1, 0, 0, 0, 0, 0, 0, 0, 0.129298828, 0.220516406, 0.144619434, 0.21491196, 0.579313955, 0.786094993, -0.370605469, -0.696289063, 0.614501953, 0.903529703, -0.423475068, 0.0650848117, 0, -0, 0, 0, 0, 0, 0, 0.174625, 0.216612891, 0.0779243164, -0.400563872, 0.913171947, -0.0735990561, -0.581054687, -0.315185547, -0.75012207, -0.708348389, -0.257766251, 0.657038944, 0, 1, 5, 1, 
371.61435, 19, 0.1, 0.1, 0.0617143478, 0.348642523, -0.0349713831, 0.685661111, -0.727920903, 5.07148148e-006, 0.727920903, 0.685661111, 1.80742473e-006, -4.79297986e-006, 2.45235653e-006, 1, 0.685660926, -0.727921077, -2.06542274e-006, 0.727921077, 0.685660926, 5.169565e-006, -2.34685566e-006, -5.04803347e-006, 1, 0, 0, 0, 0, 0, 0, 0, 0.129298828, 0.220516406, 0.144619434, 0.21491196, 0.579313955, 0.786094993, -0.370605469, -0.696289063, 0.614501953, 0.903529703, -0.423475068, 0.0650848117, 0, -0, 0, 0, 0, 0, 0, 0.174625, 0.216612891, 0.0779243164, -0.400563872, 0.913171947, -0.0735990561, -0.581054687, -0.315185547, -0.75012207, -0.708348389, -0.257766251, 0.657038944, 0, 1, 5, 1, 
371.615045, 19, 0.1, 0.1, 0.0617143489, 0.348642523, -0.0349717754, 0.685662048, -0.72792002, -1.34825381e-006, 0.72792002, 0.685662048, 5.94415137e-006, -3.40242031e-006, -5.05709994e-006, 1, 0.685661863, -0.727920195, -8.81875113e-006, 0.727920195, 0.685661863, 2.20435314e-006, 4.44208816e-006, -7.93078792e-006, 1, 0, 0, 0, 0, 0, 0, 0, 0.129298828, 0.220516406, 0.144619434, 0.21491196, 0.579313955, 0.786094993, -0.370605469, -0.696289063, 0.614501953, 0.903529703, -0.423475068, 0.0650848117, 0, -0, 0, 0, 0, 0, 0, 0.174625, 0.216612891, 0.0779243164, -0.400563872, 0.913171947, -0.0735990561, -0.581054687, -0.315185547, -0.75012207, -0.708348389, -0.257766251, 0.657038944, 0, 1, 5, 1, 
371.615738, 19, 0.1, 0.1, 0.061714349, 0.348642523, -0.0349715581, 0.685662985, -0.727919138, -6.85488799e-006, 0.727919138, 0.685662985, 2.87746707e-006, 2.60557961e-006, -6.96277682e-006, 1, 0.685662796, -0.727919316, -7.42741714e-006, 0.727919316, 0.685662796, -9.78948039e-007, 5.80529879e-006, -4.73533216e-006, 1, 0, 0, 0, 0, 0, 0, 0, 0.129298828, 0.220516406, 0.144619434, 0.21491196, 0.579313955, 0.786094993, -0.370605469, -0.696289063, 0.614501953, 0.903529703, -0.423475068, 0.0650848117, 0, -0, 0, 0, 0, 0, 0, 0.174625, 0.216612891, 0.0779243164, -0.400563872, 0.913171947, -0.0735990561, -0.581054687, -0.315185547, -0.75012207, -0.708348389, -0.257766251, 0.657038944, 0, 1, 5, 1, 
371.616454, 19, 0.1, 0.1, 0.0617143476, 0.348642523, -0.0349705014, 0.685663955, -0.727918224, -5.23239912e-006, 0.727918224, 0.685663955, -8.34358749e-007, 4.19501242e-006, -3.23666896e-006, 1, 0.68566377, -0.727918399, 2.10261573e-006, 0.727918399, 0.685663769, -4.50743769e-006, 1.8393594e-006, 4.62111939e-006, 1, 0, 0, 0, 0, 0, 0, 0, 0.129705908, 0.22034834, 0.142958594, 0.218573166, 0.580537603, 0.784260273, -0.37097168, -0.693847656, 0.61706543, 0.902455457, -0.42589353, 0.0636451158, 0, -0, 0, 0, 0, 0, 0, 0.175186963, 0.216084521, 0.0760381348, -0.398308647, 0.913766929, -0.0785189191, -0.580688477, -0.317504883, -0.749511719, -0.709952496, -0.25291675, 0.657135559, 0, 1, 5, 1, 
371.617142, 19, 0.1, 0.1, 0.0617143463, 0.348642522, -0.0349693465, 0.685664889, -0.727917344, 1.5324116e-006, 0.727917344, 0.685664889, -5.00073238e-006, 2.589399e-006, 4.54429559e-006, 1, 0.685664704, -0.727917518, 9.59050042e-006, 0.727917518, 0.685664704, -1.03967211e-006, -5.81907209e-006, 7.69395973e-006, 1, 0, 0, 0, 0, 0, 0, 0, 0.129705908, 0.22034834, 0.142958594, 0.218573166, 0.580537603, 0.784260273, -0.37097168, -0.693847656, 0.61706543, 0.902455457, -0.42589353, 0.0636451158, 0, -0, 0, 0, 0, 0, 0, 0.175186963, 0.216084521, 0.0760381348, -0.398308647, 0.913766929, -0.0785189191, -0.580688477, -0.317504883, -0.749511719, -0.709952496, -0.25291675, 0.657135559, 0, 1, 5, 1, 
371.617829, 19, 0.1, 0.1, 0.061714346, 0.348642522, -0.0349684575, 0.685665832, -0.727916456, 7.97809466e-006, 0.727916456, 0.685665832, -1.5865402e-006, -4.3154382e-006, 6.8952228e-006, 1, 0.685665648, -0.72791663, 8.57963704e-006, 0.72791663, 0.685665648, 2.56778921e-006, -7.75189886e-006, 4.48461563e-006, 1, 0, 0, 0, 0, 0, 0, 0, 0.129705908, 0.22034834, 0.142958594, 0.218573166, 0.580537603, 0.784260273, -0.37097168, -0.693847656, 0.61706543, 0.902455457, -0.42589353, 0.0636451158, 0, -0, 0, 0, 0, 0, 0, 0.175186963, 0.216084521, 0.0760381348, -0.398308647, 0.913766929, -0.0785189191, -0.580688477, -0.317504883, -0.749511719, -0.709952496, -0.25291675, 0.657135559, 0, 1, 5, 1, 
371.618519, 19, 0.1, 0.1, 0.0617143469, 0.348642522, -0.034968058, 0.685666788, -0.727915556, 6.92057472e-006, 0.727915556, 0.685666788, 1.9110547e-006, -6.13629468e-006, 3.72724726e-006, 1, 0.685666596, -0.727915736, -9.35579798e-007, 0.727915736, 0.685666596, 5.9973627e-006, -3.72407887e-006, -4.79321453e-006, 1, 0, 0, 0, 0, 0, 0, 0, 0.129705908, 0.22034834, 0.142958594, 0.218573166, 0.580537603, 0.784260273, -0.37097168, -0.693847656, 0.61706543, 0.902455457, -0.42589353, 0.0636451158, 0, -0, 0, 0, 0, 0, 0, 0.175186963, 0.216084521, 0.0760381348, -0.398308647, 0.913766929, -0.0785189191, -0.580688477, -0.317504883, -0.749511719, -0.709952496, -0.25291675, 0.657135559, 0, 1, 5, 1, 
371.619217, 19, 0.1, 0.1, 0.0617143479, 0.348642522, -0.034968166, 0.685667764, -0.727914636, -1.18791373e-006, 0.727914636, 0.685667764, 5.63189615e-006, -3.28502549e-006, -4.72630943e-006, 1, 0.685667573, -0.727914816, -9.32579488e-006, 0.727914816, 0.685667573, 1.65536872e-006, 5.18942773e-006, -7.92341692e-006, 1, 0, 0, 0, 0, 0, 0, 0, 0.129705908, 0.22034834, 0.142958594, 0.218573166, 0.580537603, 0.784260273, -0.37097168, -0.693847656, 0.61706543, 0.902455457, -0.42589353, 0.0636451158, 0, -0, 0, 0, 0, 0, 0, 0.175186963, 0.216084521, 0.0760381348, -0.398308647, 0.913766929, -0.0785189191, -0.580688477, -0.317504883, -0.749511719, -0.709952496, -0.25291675, 0.657135559, 0, 1, 5, 1, 
371.619916, 19, 0.1, 0.1, 0.0617143481, 0.348642523, -0.0349686549, 0.685668753, -0.727913704, -8.47201482e-006, 0.727913704, 0.685668753, 1.26438599e-006, 4.88863194e-006, -7.03384566e-006, 1, 0.685668558, -0.727913888, -8.90784805e-006, 0.727913888, 0.685668558, -2.82164328e-006, 8.16174465e-006, -4.54943423e-006, 1, 0, 0, 0, 0, 0, 0, 0, 0.129705908, 0.22034834, 0.142958594, 0.218573166, 0.580537603, 0.784260273, -0.37097168, -0.693847656, 0.61706543, 0.902455457, -0.42589353, 0.0636451158, 0, -0, 0, 0, 0, 0, 0, 0.175186963, 0.216084521, 0.0760381348, -0.398308647, 0.913766929, -0.0785189191, -0.580688477, -0.317504883, -0.749511719, -0.709952496, -0.25291675, 0.657135559, 0, 1, 5, 1, 
371.620615, 19, 0.1, 0.1, 0.0617143476, 0.348642523, -0.0349694269, 0.685669746, -0.727912769, -7.69699078e-006, 0.727912769, 0.685669746, -2.10138223e-006, 6.80721668e-006, -4.16188365e-006, 1, 0.685669528, -0.727912975, 5.73608786e-007, 0.727912975, 0.685669528, -6.33153811e-006, 4.21550267e-006, 4.75888002e-006, 1, 0, 0, 0, 0, 0, 0, 0, 0.129705908, 0.22034834, 0.142958594, 0.219137811, 0.581425759, 0.783372117, -0.371459961, -0.692626953, 0.618164062, 0.902118842, -0.426528568, 0.0642801535, 0, -0, 0, 0, 0, 0, 0, 0.175186963, 0.216084521, 0.0760381348, -0.398308647, 0.913766929, -0.0785189191, -0.580688477, -0.317504883, -0.749511719, -0.709952496, -0.25291675, 0.657135559, 0, 1, 5, 1, 
371.621316, 19, 0.1, 0.1, 0.0617143466, 0.348642523, -0.0349700192, 0.685670746, -0.727911827, 1.41985738e-006, 0.727911827, 0.685670746, -5.29698447e-006, 2.88218297e-006, 4.66551827e-006, 1, 0.685670556, -0.727912006, 8.84006125e-006, 0.727912006, 0.685670556, -1.55358201e-006, -4.93049872e-006, 7.50003216e-006, 1, 0, 0, 0, 0, 0, 0, 0, 0.130180225, 0.220168555, 0.141575684, 0.219137811, 0.581425759, 0.783372117, -0.371459961, -0.692626953, 0.618164062, 0.902118842, -0.426528568, 0.0642801535, 0, -0, 0, 0, 0, 0, 0, 0.175560937, 0.215647314, 0.0744929688, -0.398500778, 0.913147528, -0.0843017197, -0.576904297, -0.321044922, -0.750854492, -0.712795772, -0.250526998, 0.654932107, 0, 1, 5, 1, 
371.622006, 19, 0.1, 0.1, 0.0617143462, 0.348642522, -0.034970506, 0.685671731, -0.727910899, 8.22273558e-006, 0.727910899, 0.685671731, -1.45202672e-006, -4.58115126e-006, 6.98103253e-006, 1, 0.685671536, -0.727911083, 8.58534167e-006, 0.727911083, 0.685671536, 2.420908e-006, -7.64893017e-006, 4.58941765e-006, 1, 0, 0, 0, 0, 0, 0, 0, 0.130180225, 0.220168555, 0.141575684, 0.219137811, 0.581425759, 0.783372117, -0.371459961, -0.692626953, 0.618164062, 0.902118842, -0.426528568, 0.0642801535, 0, -0, 0, 0, 0, 0, 0, 0.175560937, 0.215647314, 0.0744929688, -0.398500778, 0.913147528, -0.0843017197, -0.576904297, -0.321044922, -0.750854492, -0.712795772, -0.250526998, 0.654932107, 0, 1, 5, 1, 
371.622708, 19, 0.1, 0.1, 0.0617143466, 0.348642522, -0.0349707419, 0.685672727, -0.727909961, 7.61496785e-006, 0.727909961, 0.685672727, 1.82431437e-006, -6.54931238e-006, 4.29212834e-006, 1, 0.685672519, -0.727910157, 1.71163418e-007, 0.727910157, 0.685672519, 5.75782222e-006, -4.30853933e-006, -3.82338888e-006, 1, 0, 0, 0, 0, 0, 0, 0, 0.130180225, 0.220168555, 0.141575684, 0.219137811, 0.581425759, 0.783372117, -0.371459961, -0.692626953, 0.618164062, 0.902118842, -0.426528568, 0.0642801535, 0, -0, 0, 0, 0, 0, 0, 0.175560937, 0.215647314, 0.0744929688, -0.398500778, 0.913147528, -0.0843017197, -0.576904297, -0.321044922, -0.750854492, -0.712795772, -0.250526998, 0.654932107, 0, 1, 5, 1, 
371.623413, 19, 0.1, 0.1, 0.0617143472, 0.348642522, -0.0349705542, 0.685673725, -0.727909021, 5.11626931e-008, 0.727909021, 0.685673725, 5.6561777e-006, -4.15226369e-006, -3.84105065e-006, 1, 0.685673511, -0.727909223, -8.11900212e-006, 0.727909223, 0.685673511, 1.54668212e-006, 4.4411405e-006, -6.97041548e-006, 1, 0, 0, 0, 0, 0, 0, 0, 0.130180225, 0.220168555, 0.141575684, 0.219137811, 0.581425759, 0.783372117, -0.371459961, -0.692626953, 0.618164062, 0.902118842, -0.426528568, 0.0642801535, 0, -0, 0, 0, 0, 0, 0, 0.175560937, 0.215647314, 0.0744929688, -0.396488723, 0.913391064, -0.0912857766, -0.573486328, -0.323974609, -0.752197266, -0.716757548, -0.245837178, 0.652479656, 0, 1, 5, 1, 
371.624105, 19, 0.1, 0.1, 0.0617143474, 0.348642523, -0.0349700118, 0.685674705, -0.727908098, -8.49435237e-006, 0.727908098, 0.685674705, 1.62867003e-006, 4.63884045e-006, -7.29984572e-006, 1, 0.685674512, -0.72790828, -8.62540161e-006, 0.72790828, 0.685674512, -2.25870638e-006, 7.55834911e-006, -4.72976386e-006, 1, 0, 0, 0, 0, 0, 0, 0, 0.130180225, 0.220168555, 0.141575684, 0.219137811, 0.581425759, 0.783372117, -0.371459961, -0.692626953, 0.618164062, 0.902118842, -0.426528568, 0.0642801535, 0, -0, 0, 0, 0, 0, 0, 0.176057227, 0.214869092, 0.0728630859, -0.396488723, 0.913391064, -0.0912857766, -0.573486328, -0.323974609, -0.752197266, -0.716757548, -0.245837178, 0.652479656, 0, 1, 5, 1, 
371.624799, 19, 0.1, 0.1, 0.0617143472, 0.348642523, -0.0349694364, 0.685675688, -0.727907172, -8.86122439e-006, 0.727907172, 0.685675688, -2.36233823e-006, 7.79548906e-006, -4.8303509e-006, 1, 0.685675491, -0.727907358, -1.25329128e-006, 0.727907358, 0.685675491, -6.23184823e-006, 5.39555929e-006, 3.36074565e-006, 1, 0, 0, 0, 0, 0, 0, 0, 0.130180225, 0.220168555, 0.141575684, 0.219137811, 0.581425759, 0.783372117, -0.371459961, -0.692626953, 0.618164062, 0.902118842, -0.426528568, 0.0642801535, 0, -0, 0, 0, 0, 0, 0, 0.176057227, 0.214869092, 0.0728630859, -0.396488723, 0.913391064, -0.0912857766, -0.573486328, -0.323974609, -0.752197266, -0.716757548, -0.245837178, 0.652479656, 0, 1, 5, 1, 
371.625535, 19, 0.1, 0.1, 0.0617143467, 0.348642523, -0.034968731, 0.685676733, -0.727906188, -1.04990337e-006, 0.727906188, 0.685676733, -7.35538016e-006, 6.07392105e-006, 4.27918188e-006, 1, 0.685676521, -0.727906387, 7.49559253e-006, 0.727906387, 0.685676521, -3.12836793e-006, -2.86239281e-006, 7.60113812e-006, 1, 0, 0, 0, 0, 0, 0, 0, 0.130180225, 0.220168555, 0.141575684, 0.219137811, 0.581425759, 0.783372117, -0.371459961, -0.692626953, 0.618164062, 0.902118842, -0.426528568, 0.0642801535, 0, -0, 0, 0, 0, 0, 0, 0.176057227, 0.214869092, 0.0728630859, -0.396488723, 0.913391064, -0.0912857766, -0.573486328, -0.323974609, -0.752197266, -0.716757548, -0.245837178, 0.652479656, 0, 1, 5, 1, 
371.626249, 19, 0.1, 0.1, 0.061714347, 0.348642523, -0.0349677888, 0.685677764, -0.727905217, 8.00983349e-006, 0.727905217, 0.685677764, -2.28580164e-006, -3.82831778e-006, 7.39772294e-006, 1, 0.685677562, -0.727905407, 7.88810216e-006, 0.727905407, 0.685677562, 1.87949633e-006, -6.7767902e-006, 4.45306375e-006, 1, 0, 0, 0, 0, 0, 0, 0, 0.130390039, 0.219570239, 0.140193872, 0.218946851, 0.58294783, 0.782364516, -0.374511719, -0.690063477, 0.619140625, 0.900913168, -0.428623519, 0.0672823563, 0, -0, 0, 0, 0, 0, 0, 0.176057227, 0.214869092, 0.0728630859, -0.396488723, 0.913391064, -0.0912857766, -0.573486328, -0.323974609, -0.752197266, -0.716757548, -0.245837178, 0.652479656, 0, 1, 5, 1, 
371.626949, 19, 0.1, 0.1, 0.0617143473, 0.348642523, -0.0349674136, 0.685678779, -0.72790426, 9.96959845e-006, 0.72790426, 0.685678779, 2.4445908e-006, -8.61537015e-006, 5.58070915e-006, 1, 0.685678577, -0.727904451, 1.49213936e-006, 0.727904451, 0.685678577, 6.44549414e-006, -5.71483187e-006, -3.33340237e-006, 1, 0, 0, 0, 0, 0, 0, 0, 0.130390039, 0.219570239, 0.140193872, 0.218946851, 0.58294783, 0.782364516, -0.374511719, -0.690063477, 0.619140625, 0.900913168, -0.428623519, 0.0672823563, 0, -0, 0, 0, 0, 0, 0, 0.176057227, 0.214869092, 0.0728630859, -0.396488723, 0.913391064, -0.0912857766, -0.573486328, -0.323974609, -0.752197266, -0.716757548, -0.245837178, 0.652479656, 0, 1, 5, 1, 
371.627652, 19, 0.1, 0.1, 0.0617143471, 0.348642523, -0.0349676593, 0.685679806, -0.727903292, 2.51382439e-006, 0.727903292, 0.685679806, 6.81711141e-006, -6.68587646e-006, -2.84453458e-006, 1, 0.6856796, -0.727903487, -6.04895802e-006, 0.727903487, 0.6856796, 2.49405917e-006, 2.33221275e-006, -6.11318313e-006, 1, 0, 0, 0, 0, 0, 0, 0, 0.130390039, 0.219570239, 0.140193872, 0.218946851, 0.58294783, 0.782364516, -0.374511719, -0.690063477, 0.619140625, 0.900913168, -0.428623519, 0.0672823563, 0, -0, 0, 0, 0, 0, 0, 0.176057227, 0.214869092, 0.0728630859, -0.396488723, 0.913391064, -0.0912857766, -0.573486328, -0.323974609, -0.752197266, -0.716757548, -0.245837178, 0.652479656, 0, 1, 5, 1, 
371.628355, 19, 0.1, 0.1, 0.0617143464, 0.348642523, -0.0349683968, 0.685680844, -0.727902315, -6.68710872e-006, 0.727902315, 0.685680844, 2.99588294e-006, 2.40451222e-006, -6.92178146e-006, 1, 0.685680641, -0.727902507, -6.67800681e-006, 0.727902507, 0.685680641, -1.1005399e-006, 5.38006574e-006, -4.10631899e-006, 1, 0, 0, 0, 0, 0, 0, 0, 0.131026465, 0.219313818, 0.137536182, 0.222728625, 0.586798874, 0.778410879, -0.37487793, -0.685424805, 0.624145508, 0.899819826, -0.43084016, 0.0672905913, 0, -0, 0, 0, 0, 0, 0, 0.176057227, 0.214869092, 0.0728630859, -0.396488723, 0.913391064, -0.0912857766, -0.573486328, -0.323974609, -0.752197266, -0.716757548, -0.245837178, 0.652479656, 0, 1, 5, 1, 
371.629071, 19, 0.1, 0.1, 0.0617143452, 0.348642523, -0.0349691472, 0.685681901, -0.727901319, -7.07573295e-006, 0.727901319, 0.685681901, -9.89901345e-007, 5.57225252e-006, -4.47167791e-006, 1, 0.685681695, -0.727901514, 1.14933097e-006, 0.727901514, 0.685681695, -4.76477306e-006, 2.68021032e-006, 4.10371742e-006, 1, 0, 0, 0, 0, 0, 0, 0, 0.131026465, 0.219313818, 0.137536182, 0.222728625, 0.586798874, 0.778410879, -0.37487793, -0.685424805, 0.624145508, 0.899819826, -0.43084016, 0.0672905913, 0, -0, 0, 0, 0, 0, 0, 0.176802393, 0.214094531, 0.0708257813, -0.394668065, 0.91342388, -0.0983781086, -0.572021484, -0.328125, -0.751586914, -0.718898301, -0.240310307, 0.652225192, 0, 1, 5, 1, 
371.629769, 19, 0.1, 0.1, 0.0617143449, 0.348642523, -0.0349699615, 0.685682931, -0.727900349, -1.69282244e-006, 0.727900349, 0.685682931, -5.33300166e-006, 5.04263322e-006, 2.42454217e-006, 1, 0.685682726, -0.727900542, 6.50569045e-006, 0.727900542, 0.685682726, -1.28701264e-006, -3.52402236e-006, 5.61797794e-006, 1, 0, 0, 0, 0, 0, 0, 0, 0.131026465, 0.219313818, 0.137536182, 0.222728625, 0.586798874, 0.778410879, -0.37487793, -0.685424805, 0.624145508, 0.899819826, -0.43084016, 0.0672905913, 0, -0, 0, 0, 0, 0, 0, 0.176802393, 0.214094531, 0.0708257813, -0.394668065, 0.91342388, -0.0983781086, -0.572021484, -0.328125, -0.751586914, -0.718898301, -0.240310307, 0.652225192, 0, 1, 5, 1, 
371.630467, 19, 0.1, 0.1, 0.0617143458, 0.348642522, -0.0349705537, 0.685683958, -0.727899381, 4.56674173e-006, 0.727899381, 0.685683958, -1.81091073e-006, -1.81318074e-006, 4.56584092e-006, 1, 0.685683756, -0.727899572, 4.81489303e-006, 0.727899572, 0.685683756, 2.12611951e-006, -4.84909542e-006, 2.04691296e-006, 1, 0, 0, 0, 0, 0, 0, 0, 0.131026465, 0.219313818, 0.137536182, 0.222728625, 0.586798874, 0.778410879, -0.37487793, -0.685424805, 0.624145508, 0.899819826, -0.43084016, 0.0672905913, 0, -0, 0, 0, 0, 0, 0, 0.176802393, 0.214094531, 0.0708257813, -0.394668065, 0.91342388, -0.0983781086, -0.572021484, -0.328125, -0.751586914, -0.718898301, -0.240310307, 0.652225192, 0, 1, 5, 1, 
371.63117, 19, 0.1, 0.1, 0.0617143473, 0.348642522, -0.0349707604, 0.685684985, -0.727898414, 4.90589054e-006, 0.727898414, 0.685684985, 1.34804188e-006, -4.34513302e-006, 2.64665787e-006, 1, 0.685684783, -0.727898605, -2.70947697e-006, 0.727898605, 0.685684783, 5.10095052e-006, -1.85512763e-006, -5.46986866e-006, 1, 0, 0, 0, 0, 0, 0, 0, 0.131026465, 0.219313818, 0.137536182, 0.222728625, 0.586798874, 0.778410879, -0.37487793, -0.685424805, 0.624145508, 0.899819826, -0.43084016, 0.0672905913, 0, -0, 0, 0, 0, 0, 0, 0.176802393, 0.214094531, 0.0708257813, -0.394668065, 0.91342388, -0.0983781086, -0.572021484, -0.328125, -0.751586914, -0.718898301, -0.240310307, 0.652225192, 0, 1, 5, 1, 
371.631869, 19, 0.1, 0.1, 0.0617143484, 0.348642523, -0.0349705991, 0.685685998, -0.72789746, -7.04124548e-007, 0.72789746, 0.685685998, 4.9967979e-006, -3.15434816e-006, -3.93876483e-006, 1, 0.685685799, -0.727897647, -8.70657998e-006, 0.727897647, 0.685685799, 1.2416818e-006, 5.06616099e-006, -7.18890266e-006, 1, 0, 0, 0, 0, 0, 0, 0, 0.131026465, 0.219313818, 0.137536182, 0.222728625, 0.586798874, 0.778410879, -0.37487793, -0.685424805, 0.624145508, 0.899819826, -0.43084016, 0.0672905913, 0, -0, 0, 0, 0, 0, 0, 0.176802393, 0.214094531, 0.0708257813, -0.394668065, 0.91342388, -0.0983781086, -0.572021484, -0.328125, -0.751586914, -0.718898301, -0.240310307, 0.652225192, 0, 1, 5, 1, 
371.632567, 19, 0.1, 0.1, 0.0617143481, 0.348642523, -0.0349701005, 0.685687011, -0.727896506, -6.16945231e-006, 0.727896506, 0.685687011, 1.22103521e-006, 3.34152604e-006, -5.32797076e-006, 1, 0.68568681, -0.727896695, -6.69550793e-006, 0.727896695, 0.68568681, -2.75926438e-006, 6.5994809e-006, -2.98164691e-006, 1, 0, 0, 0, 0, 0, 0, 0, 0.131026465, 0.219313818, 0.137536182, 0.222728625, 0.586798874, 0.778410879, -0.37487793, -0.685424805, 0.624145508, 0.899819826, -0.43084016, 0.0672905913, 0, -0, 0, 0, 0, 0, 0, 0.176802393, 0.214094531, 0.0708257813, -0.394668065, 0.91342388, -0.0983781086, -0.572021484, -0.328125, -0.751586914, -0.718898301, -0.240310307, 0.652225192, 0, 1, 5, 1, 
371.633289, 19, 0.1, 0.1, 0.0617143469, 0.348642524, -0.034969329, 0.685688055, -0.727895523, -6.60067737e-006, 0.727895523, 0.685688055, -2.3160733e-006, 6.21186501e-006, -3.21649971e-006, 1, 0.685687832, -0.727895732, 1.9301197e-006, 0.727895732, 0.685687832, -6.71124368e-006, 3.56162604e-006, 6.00674402e-006, 1, 0, 0, 0, 0, 0, 0, 0, 0.131430225, 0.219281006, 0.135623169, 0.221884653, 0.59048629, 0.775759517, -0.37512207, -0.682739258, 0.626953125, 0.899953498, -0.43018827, 0.0700587725, 0, -0, 0, 0, 0, 0, 0, 0.176802393, 0.214094531, 0.0708257813, -0.395128519, 0.912325435, -0.106058492, -0.568359375, -0.333496094, -0.751953125, -0.721524294, -0.236866219, 0.650558752, 0, 1, 5, 1, 
371.63399, 19, 0.1, 0.1, 0.0617143458, 0.348642524, -0.0349684715, 0.685689072, -0.727894564, 9.1885094e-007, 0.727894564, 0.685689072, -6.03256236e-006, 3.7610233e-006, 4.80528869e-006, 1, 0.685688872, -0.727894753, 9.23921021e-006, 0.727894753, 0.685688872, -2.04835036e-006, -4.84424014e-006, 8.12970368e-006, 1, 0, 0, 0, 0, 0, 0, 0, 0.131430225, 0.219281006, 0.135623169, 0.221884653, 0.59048629, 0.775759517, -0.37512207, -0.682739258, 0.626953125, 0.899953498, -0.43018827, 0.0700587725, 0, -0, 0, 0, 0, 0, 0, 0.177163184, 0.213647803, 0.068719873, -0.395128519, 0.912325435, -0.106058492, -0.568359375, -0.333496094, -0.751953125, -0.721524294, -0.236866219, 0.650558752, 0, 1, 5, 1, 
371.6347, 19, 0.1, 0.1, 0.0617143456, 0.348642523, -0.0349679529, 0.685690108, -0.727893588, 7.90832043e-006, 0.727893588, 0.685690108, -2.0696257e-006, -3.91618981e-006, 7.1755376e-006, 1, 0.685689886, -0.727893797, 8.50919423e-006, 0.727893797, 0.685689886, 2.49864821e-006, -7.65341896e-006, 4.48049189e-006, 1, 0, 0, 0, 0, 0, 0, 0, 0.131430225, 0.219281006, 0.135623169, 0.221884653, 0.59048629, 0.775759517, -0.37512207, -0.682739258, 0.626953125, 0.899953498, -0.43018827, 0.0700587725, 0, -0, 0, 0, 0, 0, 0, 0.177163184, 0.213647803, 0.068719873, -0.395128519, 0.912325435, -0.106058492, -0.568359375, -0.333496094, -0.751953125, -0.721524294, -0.236866219, 0.650558752, 0, 1, 5, 1, 
371.635397, 19, 0.1, 0.1, 0.0617143465, 0.348642523, -0.0349677882, 0.685691132, -0.727892623, 6.93473403e-006, 0.727892623, 0.685691132, 2.21869099e-006, -6.37005444e-006, 3.52640501e-006, 1, 0.685690927, -0.727892817, -1.18950206e-006, 0.727892817, 0.685690927, 6.24393856e-006, -3.72928726e-006, -5.14724202e-006, 1, 0, 0, 0, 0, 0, 0, 0, 0.131430225, 0.219281006, 0.135623169, 0.221884653, 0.59048629, 0.775759517, -0.37512207, -0.682739258, 0.626953125, 0.899953498, -0.43018827, 0.0700587725, 0, -0, 0, 0, 0, 0, 0, 0.177163184, 0.213647803, 0.068719873, -0.395128519, 0.912325435, -0.106058492, -0.568359375, -0.333496094, -0.751953125, -0.721524294, -0.236866219, 0.650558752, 0, 1, 5, 1, 
371.636093, 19, 0.1, 0.1, 0.0617143475, 0.348642523, -0.0349681849, 0.685692157, -0.727891658, -1.14878399e-006, 0.727891658, 0.685692157, 6.32670454e-006, -3.81744328e-006, -5.17436197e-006, 1, 0.685691955, -0.727891849, -9.40669457e-006, 0.727891849, 0.685691955, 2.21986231e-006, 4.83427511e-006, -8.36919802e-006, 1, 0, 0, 0, 0, 0, 0, 0, 0.131430225, 0.219281006, 0.135623169, 0.221884653, 0.59048629, 0.775759517, -0.37512207, -0.682739258, 0.626953125, 0.899953498, -0.43018827, 0.0700587725, 0, -0, 0, 0, 0, 0, 0, 0.177163184, 0.213647803, 0.068719873, -0.395128519, 0.912325435, -0.106058492, -0.568359375, -0.333496094, -0.751953125, -0.721524294, -0.236866219, 0.650558752, 0, 1, 5, 1, 
371.636792, 19, 0.1, 0.1, 0.0617143476, 0.348642524, -0.0349689634, 0.685693191, -0.727890684, -7.75140995e-006, 0.727890684, 0.685693191, 2.31454923e-006, 3.6303502e-006, -7.22924973e-006, 1, 0.685692984, -0.727890879, -8.20821785e-006, 0.727890879, 0.685692984, -1.82437869e-006, 6.956266e-006, -4.72372324e-006, 1, 0, 0, 0, 0, 0, 0, 0, 0.131430225, 0.219281006, 0.135623169, 0.221884653, 0.59048629, 0.775759517, -0.37512207, -0.682739258, 0.626953125, 0.899953498, -0.43018827, 0.0700587725, 0, -0, 0, 0, 0, 0, 0, 0.177163184, 0.213647803, 0.068719873, -0.395128519, 0.912325435, -0.106058492, -0.568359375, -0.333496094, -0.751953125, -0.721524294, -0.236866219, 0.650558752, 0, 1, 5, 1, 
371.63749, 19, 0.1, 0.1, 0.0617143467, 0.348642524, -0.0349698267, 0.685694222, -0.727889713, -6.66671743e-006, 0.727889713, 0.685694222, -1.61344328e-006, 5.74573838e-006, -3.7463063e-006, 1, 0.685694017, -0.727889906, 9.02704273e-007, 0.727889906, 0.685694017, -5.37219754e-006, 3.29138944e-006, 4.34075304e-006, 1, 0, 0, 0, 0, 0, 0, 0, 0.131430225, 0.219281006, 0.135623169, 0.221884653, 0.59048629, 0.775759517, -0.37512207, -0.682739258, 0.626953125, 0.899953498, -0.43018827, 0.0700587725, 0, -0, 0, 0, 0, 0, 0, 0.177163184, 0.213647803, 0.068719873, -0.395128519, 0.912325435, -0.106058492, -0.568359375, -0.333496094, -0.751953125, -0.721524294, -0.236866219, 0.650558752, 0, 1, 5, 1, 
371.638226, 19, 0.1, 0.1, 0.0617143453, 0.348642524, -0.0349702271, 0.685695307, -0.72788869, 2.212246e-006, 0.72788869, 0.685695307, -5.80499147e-006, 2.70846094e-006, 5.59072425e-006, 1, 0.685695104, -0.727888882, 1.01246519e-005, 0.727888882, 0.685695104, -1.93568813e-006, -5.53345836e-006, 8.69691342e-006, 1, 0, 0, 0, 0, 0, 0, 0, 0.131819214, 0.218584814, 0.133489355, 0.220830625, 0.594432814, 0.773007806, -0.378540039, -0.678222656, 0.629760742, 0.898760929, -0.431802073, 0.0753146862, 0, -0, 0, 0, 0, 0, 0, 0.177872949, 0.212626807, 0.0665541504, -0.393410307, 0.911981287, -0.114575927, -0.565063477, -0.338256836, -0.752319336, -0.725025984, -0.231256226, 0.648681592, 0, 1, 5, 1, 
371.638924, 19, 0.1, 0.1, 0.0617143448, 0.348642523, -0.0349702274, 0.685696335, -0.727887722, 8.1164051e-006, 0.727887722, 0.685696335, -2.0489385e-006, -4.07399205e-006, 7.31278124e-006, 1, 0.685696132, -0.727887913, 8.7274636e-006, 0.727887913, 0.685696132, 1.89200475e-006, -7.36155542e-006, 5.05527492e-006, 1, 0, 0, 0, 0, 0, 0, 0, 0.131819214, 0.218584814, 0.133489355, 0.220830625, 0.594432814, 0.773007806, -0.378540039, -0.678222656, 0.629760742, 0.898760929, -0.431802073, 0.0753146862, 0, -0, 0, 0, 0, 0, 0, 0.177872949, 0.212626807, 0.0665541504, -0.393410307, 0.911981287, -0.114575927, -0.565063477, -0.338256836, -0.752319336, -0.725025984, -0.231256226, 0.648681592, 0, 1, 5, 1, 
371.639621, 19, 0.1, 0.1, 0.0617143455, 0.348642523, -0.0349700231, 0.685697357, -0.72788676, 6.76778638e-006, 0.72788676, 0.685697357, 1.68231377e-006, -5.86518715e-006, 3.772624e-006, 1, 0.685697152, -0.727886953, -6.76877811e-007, 0.727886953, 0.685697152, 5.50702396e-006, -3.5443577e-006, -4.26884117e-006, 1, 0, 0, 0, 0, 0, 0, 0, 0.131819214, 0.218584814, 0.133489355, 0.220830625, 0.594432814, 0.773007806, -0.378540039, -0.678222656, 0.629760742, 0.898760929, -0.431802073, 0.0753146862, 0, -0, 0, 0, 0, 0, 0, 0.177872949, 0.212626807, 0.0665541504, -0.393410307, 0.911981287, -0.114575927, -0.565063477, -0.338256836, -0.752319336, -0.725025984, -0.231256226, 0.648681592, 0, 1, 5, 1, 
371.640341, 19, 0.1, 0.1, 0.0617143464, 0.348642523, -0.0349695895, 0.685698407, -0.72788577, -2.16895089e-007, 0.72788577, 0.685698407, 6.13124345e-006, -4.31412024e-006, -4.36205871e-006, 1, 0.685698188, -0.727885977, -8.77680594e-006, 0.727885977, 0.685698188, 1.89972843e-006, 4.63545424e-006, -7.6911543e-006, 1, 0, 0, 0, 0, 0, 0, 0, 0.132387158, 0.218244067, 0.130751343, 0.223267061, 0.600968542, 0.767304067, -0.379638672, -0.671386719, 0.636352539, 0.897757075, -0.43345519, 0.0783191326, 0, -0, 0, 0, 0, 0, 0, 0.177872949, 0.212626807, 0.0665541504, -0.392247696, 0.911279497, -0.123942807, -0.563720703, -0.344604492, -0.750488281, -0.726744929, -0.224579138, 0.649047263, 0, 1, 5, 1, 
371.641038, 19, 0.1, 0.1, 0.0617143464, 0.348642524, -0.0349689866, 0.685699426, -0.72788481, -7.79419679e-006, 0.72788481, 0.685699426, 1.99894337e-006, 3.88947575e-006, -7.04395177e-006, 1, 0.685699224, -0.727885001, -8.17305492e-006, 0.727885001, 0.685699224, -2.07747059e-006, 7.1164171e-006, -4.52452412e-006, 1, 0, 0, 0, 0, 0, 0, 0, 0.132387158, 0.218244067, 0.130751343, 0.223267061, 0.600968542, 0.767304067, -0.379638672, -0.671386719, 0.636352539, 0.897757075, -0.43345519, 0.0783191326, 0, -0, 0, 0, 0, 0, 0, 0.178583447, 0.21160459, 0.0639329102, -0.392247696, 0.911279497, -0.123942807, -0.563720703, -0.344604492, -0.750488281, -0.726744929, -0.224579138, 0.649047263, 0, 1, 5, 1, 
371.641739, 19, 0.1, 0.1, 0.0617143457, 0.348642524, -0.0349685731, 0.68570045, -0.727883845, -7.92770609e-006, 0.727883845, 0.68570045, -1.98107218e-006, 6.87802208e-006, -4.41202711e-006, 1, 0.685700242, -0.727884042, 2.39364892e-007, 0.727884042, 0.685700242, -6.02673222e-006, 4.22262964e-006, 4.30676163e-006, 1, 0, 0, 0, 0, 0, 0, 0, 0.132387158, 0.218244067, 0.130751343, 0.223267061, 0.600968542, 0.767304067, -0.379638672, -0.671386719, 0.636352539, 0.897757075, -0.43345519, 0.0783191326, 0, -0, 0, 0, 0, 0, 0, 0.178583447, 0.21160459, 0.0639329102, -0.392247696, 0.911279497, -0.123942807, -0.563720703, -0.344604492, -0.750488281, -0.726744929, -0.224579138, 0.649047263, 0, 1, 5, 1, 
371.642434, 19, 0.1, 0.1, 0.0617143451, 0.348642524, -0.0349684465, 0.685701469, -0.727882886, -1.16869962e-007, 0.727882886, 0.685701469, -5.90077862e-006, 4.37521368e-006, 3.96110493e-006, 1, 0.68570127, -0.727883073, 8.03402174e-006, 0.727883073, 0.68570127, -1.86718246e-006, -4.14984841e-006, 7.12815781e-006, 1, 0, 0, 0, 0, 0, 0, 0, 0.132387158, 0.218244067, 0.130751343, 0.223267061, 0.600968542, 0.767304067, -0.379638672, -0.671386719, 0.636352539, 0.897757075, -0.43345519, 0.0783191326, 0, -0, 0, 0, 0, 0, 0, 0.178583447, 0.21160459, 0.0639329102, -0.392247696, 0.911279497, -0.123942807, -0.563720703, -0.344604492, -0.750488281, -0.726744929, -0.224579138, 0.649047263, 0, 1, 5, 1, 
371.643136, 19, 0.1, 0.1, 0.0617143452, 0.348642523, -0.0349686431, 0.685702501, -0.727881914, 7.55047694e-006, 0.727881914, 0.685702501, -1.88214476e-006, -3.80740179e-006, 6.78644697e-006, 1, 0.685702298, -0.727882105, 7.87430683e-006, 0.727882105, 0.685702298, 2.2562827e-006, -7.04173809e-006, 4.1844288e-006, 1, 0, 0, 0, 0, 0, 0, 0, 0.132387158, 0.218244067, 0.130751343, 0.223267061, 0.600968542, 0.767304067, -0.379638672, -0.671386719, 0.636352539, 0.897757075, -0.43345519, 0.0783191326, 0, -0, 0, 0, 0, 0, 0, 0.178583447, 0.21160459, 0.0639329102, -0.392247696, 0.911279497, -0.123942807, -0.563720703, -0.344604492, -0.750488281, -0.726744929, -0.224579138, 0.649047263, 0, 1, 5, 1, 
371.643831, 19, 0.1, 0.1, 0.0617143459, 0.348642523, -0.0349690871, 0.685703525, -0.727880949, 7.40041801e-006, 0.727880949, 0.685703525, 2.00290685e-006, -6.53237045e-006, 4.013223e-006, 1, 0.685703321, -0.727881141, -4.18056638e-007, 0.727881141, 0.685703321, 5.8871261e-006, -3.99846524e-006, -4.34111746e-006, 1, 0, 0, 0, 0, 0, 0, 0, 0.132387158, 0.218244067, 0.130751343, 0.223267061, 0.600968542, 0.767304067, -0.379638672, -0.671386719, 0.636352539, 0.897757075, -0.43345519, 0.0783191326, 0, -0, 0, 0, 0, 0, 0, 0.178583447, 0.21160459, 0.0639329102, -0.392247696, 0.911279497, -0.123942807, -0.563720703, -0.344604492, -0.750488281, -0.726744929, -0.224579138, 0.649047263, 0, 1, 5, 1, 
