time, trialNum, realDorsalTactorPos, realVentralTactorPos, boxPosX, boxPosY, boxPosZ, boxLocalRot_11, boxLocalRot_12, boxLocalRot_13, boxLocalRot_21, boxLocalRot_22, boxLocalRot_23, boxLocalRot_31, boxLocalRot_32, boxLocalRot_33, boxGlobalRot_11, boxGlobalRot_12, boxGlobalRot_13, boxGlobalRot_21, boxGlobalRot_22, boxGlobalRot_23, boxGlobalRot_31, boxGlobalRot_32, boxGlobalRot_33, indexForceX, indexForceY, indexForceZ, indexForceGlobalX, indexForceGlobalY, indexForceGlobalZ, indexContact, indexPosX, indexPosY, indexPosZ, indexRot_11, indexRot_12, indexRot_13, indexRot_21, indexRot_22, indexRot_23, indexRot_31, indexRot_32, indexRot_33, thumbForceX, thumbForceY, thumbForceZ, thumbForceGlobalX, thumbForceGlobalY, thumbForceGlobalZ, thumbContact, thumbPosX, thumbPosY, thumbPosZ, thumbRot_11, thumbRot_12, thumbRot_13, thumbRot_21, thumbRot_22, thumbRot_23, thumbRot_31, thumbRot_32, thumbRot_33, manipForceTooHigh, cceExpType, mapping, trialSuccess, 
298.632577, 18, 0.1, 0.1, 0.0119181961, 0.377399079, -0.0349737725, 0.913356304, 1.55255099e-005, 0.407161224, 0.407161224, -1.18013469e-005, -0.913356304, -9.3752715e-006, 1, -1.71002202e-005, 0.913356377, 6.54331455e-006, 0.40716106, 0.40716106, -5.21813576e-006, -0.913356377, -3.85175639e-006, 1, -7.43020046e-006, 0, 0, 0, 0, 0, 0, 0, 0.282289673, -0.0834132568, -0.208723804, -0.153264344, 0.849709749, -0.50432382, -0.848022461, 0.148803711, 0.508422852, 0.507148375, 0.505749009, 0.697960309, 0, -0, 0, 0, 0, 0, 0, 0.369844775, -0.0825482422, -0.188665137, 0.133711191, 0.251580107, -0.958418177, -0.312011719, -0.907226563, -0.281738281, -0.940516442, 0.336735705, -0.0427992504, 0, 1, 5, 1, 
298.640305, 18, 0.1, 0.1, 0.0119181959, 0.377399092, -0.0349659963, 0.91335875, -9.49195487e-006, 0.407155737, 0.407155737, 3.60554061e-005, -0.913358749, -6.01060542e-006, 0.999999999, 3.67962245e-005, 0.913358655, -6.00731482e-006, 0.407155949, 0.407155949, 3.05379423e-005, -0.913358655, -6.94687191e-006, 1, 3.03380079e-005, 0, 0, 0, 0, 0, 0, 0, 0.282753345, -0.0841655029, -0.207927271, -0.156903828, 0.847827097, -0.506303074, -0.851318359, 0.143676758, 0.504394531, 0.50055648, 0.510249317, 0.699509712, 0, -0, 0, 0, 0, 0, 0, 0.370771826, -0.082164502, -0.186955371, 0.138758286, 0.254249109, -0.957115942, -0.298583984, -0.910644531, -0.28515625, -0.944159224, 0.325355671, -0.0505179135, 0, 1, 5, 1, 
298.641008, 18, 0.1, 0.1, 0.0119181971, 0.377399089, -0.0349610691, 0.913359187, 4.59811592e-006, 0.407154757, 0.407154757, -1.98855293e-005, -0.913359186, 3.89675645e-006, 1, -2.00347757e-005, 0.913359094, 6.34448179e-006, 0.407154965, 0.407154965, -4.8859136e-006, -0.913359094, -3.80546616e-006, 1, -7.04578088e-006, 0, 0, 0, 0, 0, 0, 0, 0.282753345, -0.0841655029, -0.207927271, -0.156903828, 0.847827097, -0.506303074, -0.851318359, 0.143676758, 0.504394531, 0.50055648, 0.510249317, 0.699509712, 0, -0, 0, 0, 0, 0, 0, 0.370771826, -0.082164502, -0.186955371, 0.138758286, 0.254249109, -0.957115942, -0.298583984, -0.910644531, -0.28515625, -0.944159224, 0.325355671, -0.0505179135, 0, 1, 5, 1, 
298.641721, 18, 0.1, 0.1, 0.011918197, 0.377399092, -0.0349589108, 0.913359591, -1.30689718e-005, 0.407153851, 0.407153851, 1.09267653e-005, -0.913359591, 7.48779615e-006, 1, 1.53011481e-005, 0.91335951, -8.55333517e-006, 0.407154031, 0.407154031, 1.88604963e-006, -0.91335951, 7.04435731e-006, 1, 5.20516626e-006, 0, 0, 0, 0, 0, 0, 0, 0.282753345, -0.0841655029, -0.207927271, -0.157316827, 0.847377028, -0.50706467, -0.851806641, 0.143310547, 0.50378418, 0.499509565, 0.511309337, 0.699383153, 0, -0, 0, 0, 0, 0, 0, 0.370771826, -0.082164502, -0.186955371, 0.138758286, 0.254249109, -0.957115942, -0.298583984, -0.910644531, -0.28515625, -0.944159224, 0.325355671, -0.0505179135, 0, 1, 5, 1, 
298.642417, 18, 0.1, 0.1, 0.0119181937, 0.377399089, -0.034959898, 0.913359991, 9.12471326e-006, 0.407152953, 0.407152953, -3.20223292e-006, -0.913359991, -7.03034943e-006, 1, -6.63994538e-006, 0.913359908, 1.82563447e-005, 0.407153137, 0.407153137, -9.29870909e-007, -0.913359909, -1.62960135e-005, 1, -8.28243483e-006, 0, 0, 0, 0, 0, 0, 0, 0.282952295, -0.0844085205, -0.207743335, -0.157316827, 0.847377028, -0.50706467, -0.851806641, 0.143310547, 0.50378418, 0.499509565, 0.511309337, 0.699383153, 0, -0, 0, 0, 0, 0, 0, 0.370798193, -0.0821815918, -0.186959033, 0.139294931, 0.254376707, -0.956905221, -0.29699707, -0.911132813, -0.285400391, -0.944593791, 0.324141655, -0.0513549648, 0, 1, 5, 1, 
298.643117, 18, 0.1, 0.1, 0.0119181975, 0.377399091, -0.0349636994, 0.913360377, 7.68285525e-007, 0.407152088, 0.407152088, -4.59719498e-006, -0.913360377, 1.17003598e-006, 1, -4.51170479e-006, 0.913360304, -1.2220264e-005, 0.40715225, 0.40715225, -5.14243572e-006, -0.913360304, 1.32552583e-005, 1, 2.78611323e-007, 0, 0, 0, 0, 0, 0, 0, 0.282952295, -0.0844085205, -0.207743335, -0.157316827, 0.847377028, -0.50706467, -0.851806641, 0.143310547, 0.50378418, 0.499509565, 0.511309337, 0.699383153, 0, -0, 0, 0, 0, 0, 0, 0.370798193, -0.0821815918, -0.186959033, 0.139294931, 0.254376707, -0.956905221, -0.29699707, -0.911132813, -0.285400391, -0.944593791, 0.324141655, -0.0513549648, 0, 1, 5, 1, 
298.643815, 18, 0.1, 0.1, 0.0119181896, 0.377399087, -0.0349689766, 0.913360658, 2.15455728e-005, 0.407151455, 0.407151455, 2.19571165e-006, -0.913360659, -2.05728658e-005, 1, -6.76683469e-006, 0.913360606, 2.55364018e-005, 0.407151573, 0.407151573, 1.3933455e-005, -0.913360606, -2.89969715e-005, 1, 2.32908278e-006, 0, 0, 0, 0, 0, 0, 0, 0.282952295, -0.0844085205, -0.207743335, -0.157316827, 0.847377028, -0.50706467, -0.851806641, 0.143310547, 0.50378418, 0.499509565, 0.511309337, 0.699383153, 0, -0, 0, 0, 0, 0, 0, 0.370798193, -0.0821815918, -0.186959033, 0.139294931, 0.254376707, -0.956905221, -0.29699707, -0.911132813, -0.285400391, -0.944593791, 0.324141655, -0.0513549648, 0, 1, 5, 1, 
298.644543, 18, 0.1, 0.1, 0.011918196, 0.377399089, -0.0349741167, 0.913361016, -3.62928818e-005, 0.407150652, 0.407150653, 1.82362088e-006, -0.913361016, 3.2406015e-005, 0.999999999, 1.64422947e-005, 0.913360933, -3.25690981e-005, 0.407150838, 0.407150838, -3.73502206e-006, -0.913360934, 3.12680592e-005, 0.999999999, 9.84911232e-006, 0, 0, 0, 0, 0, 0, 0, 0.283129517, -0.0846624023, -0.207562085, -0.158173904, 0.84670492, -0.507864459, -0.852050781, 0.142822266, 0.503417969, 0.498780169, 0.512528115, 0.699015459, 0, -0, 0, 0, 0, 0, 0, 0.370798193, -0.0821815918, -0.186959033, 0.138969006, 0.253922817, -0.957122505, -0.295654297, -0.911743164, -0.284912109, -0.944996275, 0.322621037, -0.0516232877, 0, 1, 5, 1, 
298.645244, 18, 0.1, 0.1, 0.0119181981, 0.377399088, -0.0349772082, 0.913361397, 2.41335647e-005, 0.407149798, 0.407149798, 2.08606653e-007, -0.913361397, -2.21276006e-005, 1, -9.63544276e-006, 0.913361323, 1.04905274e-005, 0.407149964, 0.407149964, 1.52979681e-006, -0.913361323, -1.02044987e-005, 1, -2.87396064e-006, 0, 0, 0, 0, 0, 0, 0, 0.283129517, -0.0846624023, -0.207562085, -0.158173904, 0.84670492, -0.507864459, -0.852050781, 0.142822266, 0.503417969, 0.498780169, 0.512528115, 0.699015459, 0, -0, 0, 0, 0, 0, 0, 0.370768164, -0.0824668457, -0.186755811, 0.138969006, 0.253922817, -0.957122505, -0.295654297, -0.911743164, -0.284912109, -0.944996275, 0.322621037, -0.0516232877, 0, 1, 5, 1, 
298.645942, 18, 0.1, 0.1, 0.0119181896, 0.377399086, -0.0349778403, 0.913361711, 7.17670663e-006, 0.407149094, 0.407149094, 1.07041617e-005, -0.913361711, -1.09131188e-005, 1, 6.85478185e-006, 0.913361657, 1.89076596e-005, 0.407149214, 0.407149214, 1.11605751e-005, -0.913361658, -2.18135507e-005, 1, 2.49540262e-006, 0, 0, 0, 0, 0, 0, 0, 0.283129517, -0.0846624023, -0.207562085, -0.158173904, 0.84670492, -0.507864459, -0.852050781, 0.142822266, 0.503417969, 0.498780169, 0.512528115, 0.699015459, 0, -0, 0, 0, 0, 0, 0, 0.370768164, -0.0824668457, -0.186755811, 0.138969006, 0.253922817, -0.957122505, -0.295654297, -0.911743164, -0.284912109, -0.944996275, 0.322621037, -0.0516232877, 0, 1, 5, 1, 
298.646637, 18, 0.1, 0.1, 0.0119181939, 0.377399088, -0.034976052, 0.91336189, -1.13344839e-005, 0.407148693, 0.407148693, -1.23348507e-005, -0.91336189, 1.5374604e-005, 1, -6.65136224e-006, 0.913361861, -1.46694868e-005, 0.407148758, 0.407148758, -1.49130652e-005, -0.913361861, 1.94703858e-005, 1, -7.64836167e-006, 0, 0, 0, 0, 0, 0, 0, 0.283129517, -0.0846624023, -0.207562085, -0.158173904, 0.84670492, -0.507864459, -0.852050781, 0.142822266, 0.503417969, 0.498780169, 0.512528115, 0.699015459, 0, -0, 0, 0, 0, 0, 0, 0.370768164, -0.0824668457, -0.186755811, 0.138969006, 0.253922817, -0.957122505, -0.295654297, -0.911743164, -0.284912109, -0.944996275, 0.322621037, -0.0516232877, 0, 1, 5, 1, 
298.647349, 18, 0.1, 0.1, 0.0119181919, 0.377399084, -0.0349722979, 0.913362023, 9.98600157e-006, 0.407148395, 0.407148395, 1.26723745e-005, -0.913362023, -1.42803715e-005, 1, 7.50868113e-006, 0.913361996, 1.06012614e-005, 0.407148455, 0.407148454, 1.88013847e-005, -0.913361996, -1.7337744e-005, 1, 1.2856183e-005, 0, 0, 0, 0, 0, 0, 0, 0.283129517, -0.0846624023, -0.207562085, -0.158173904, 0.84670492, -0.507864459, -0.852050781, 0.142822266, 0.503417969, 0.498780169, 0.512528115, 0.699015459, 0, -0, 0, 0, 0, 0, 0, 0.370768164, -0.0824668457, -0.186755811, 0.138969006, 0.253922817, -0.957122505, -0.295654297, -0.911743164, -0.284912109, -0.944996275, 0.322621037, -0.0516232877, 0, 1, 5, 1, 
298.648056, 18, 0.1, 0.1, 0.0119181942, 0.377399087, -0.0349678769, 0.913362195, -1.01539953e-005, 0.407148008, 0.407148008, -3.77427447e-006, -0.913362195, 1.08109638e-005, 1, 6.86899342e-007, 0.913362157, -1.44844892e-005, 0.407148094, 0.407148094, -6.32937398e-006, -0.913362157, 1.58065769e-005, 1, 1.16321507e-007, 0, 0, 0, 0, 0, 0, 0, 0.283129517, -0.0846624023, -0.207562085, -0.158173904, 0.84670492, -0.507864459, -0.852050781, 0.142822266, 0.503417969, 0.498780169, 0.512528115, 0.699015459, 0, -0, 0, 0, 0, 0, 0, 0.370768164, -0.0824668457, -0.186755811, 0.138969006, 0.253922817, -0.957122505, -0.295654297, -0.911743164, -0.284912109, -0.944996275, 0.322621037, -0.0516232877, 0, 1, 5, 1, 
298.648754, 18, 0.1, 0.1, 0.0119181942, 0.377399087, -0.0349642419, 0.913362362, -5.18610278e-006, 0.407147633, 0.407147633, -4.68392549e-006, -0.913362362, 6.64384027e-006, 1, -2.16661178e-006, 0.913362337, -6.41744234e-006, 0.407147691, 0.407147691, 1.12764659e-006, -0.913362337, 5.40233142e-006, 1, 3.64279675e-006, 0, 0, 0, 0, 0, 0, 0, 0.283129517, -0.0846624023, -0.207562085, -0.158173904, 0.84670492, -0.507864459, -0.852050781, 0.142822266, 0.503417969, 0.498780169, 0.512528115, 0.699015459, 0, -0, 0, 0, 0, 0, 0, 0.370768164, -0.0824668457, -0.186755811, 0.138969006, 0.253922817, -0.957122505, -0.295654297, -0.911743164, -0.284912109, -0.944996275, 0.322621037, -0.0516232877, 0, 1, 5, 1, 
298.64947, 18, 0.1, 0.1, 0.011918192, 0.377399085, -0.0349622637, 0.91336248, 1.81788569e-006, 0.407147368, 0.407147368, 1.3352923e-006, -0.91336248, -2.20404933e-006, 1, 4.79458515e-007, 0.913362455, 1.07906105e-005, 0.407147426, 0.407147426, 4.45021409e-006, -0.913362455, -1.16676317e-005, 1, -3.2871084e-007, 0, 0, 0, 0, 0, 0, 0, 0.283099609, -0.0851102295, -0.207994287, -0.158801828, 0.846685824, -0.507560045, -0.8515625, 0.142578125, 0.504394531, 0.499497583, 0.512407548, 0.698596469, 0, -0, 0, 0, 0, 0, 0, 0.370768164, -0.0824668457, -0.186755811, 0.138969006, 0.253922817, -0.957122505, -0.295654297, -0.911743164, -0.284912109, -0.944996275, 0.322621037, -0.0516232877, 0, 1, 5, 1, 
298.650188, 18, 0.1, 0.1, 0.0119181971, 0.377399088, -0.0349622541, 0.913362614, -2.48163331e-006, 0.407147069, 0.407147069, -5.10093102e-006, -0.913362614, 4.3434602e-006, 1, -3.64860996e-006, 0.913362583, -1.71475766e-005, 0.407147138, 0.407147138, -4.88161064e-006, -0.913362583, 1.76494886e-005, 1, 2.52290623e-006, 0, 0, 0, 0, 0, 0, 0, 0.283099609, -0.0851102295, -0.207994287, -0.158801828, 0.846685824, -0.507560045, -0.8515625, 0.142578125, 0.504394531, 0.499497583, 0.512407548, 0.698596469, 0, -0, 0, 0, 0, 0, 0, 0.370741553, -0.0826637207, -0.186965625, 0.138617561, 0.254459463, -0.957039383, -0.295288086, -0.911743164, -0.28527832, -0.945155956, 0.32218647, -0.0512463231, 0, 1, 5, 1, 
298.650884, 18, 0.1, 0.1, 0.0119181896, 0.377399085, -0.0349644179, 0.913362701, 1.70585112e-005, 0.407146873, 0.407146873, 7.4251494e-006, -0.913362701, -1.86037343e-005, 1, -1.63465002e-007, 0.913362681, 2.60423084e-005, 0.407146916, 0.407146916, 1.06486136e-005, -0.913362682, -2.81216229e-005, 1, -8.76999279e-007, 0, 0, 0, 0, 0, 0, 0, 0.283099609, -0.0851102295, -0.207994287, -0.158801828, 0.846685824, -0.507560045, -0.8515625, 0.142578125, 0.504394531, 0.499497583, 0.512407548, 0.698596469, 0, -0, 0, 0, 0, 0, 0, 0.370741553, -0.0826637207, -0.186965625, 0.138617561, 0.254459463, -0.957039383, -0.295288086, -0.911743164, -0.28527832, -0.945155956, 0.32218647, -0.0512463231, 0, 1, 5, 1, 
298.651583, 18, 0.1, 0.1, 0.0119181972, 0.377399089, -0.0349679769, 0.913362737, -2.97219667e-005, 0.407146792, 0.407146791, -2.85518985e-005, -0.913362737, 3.87717507e-005, 0.999999999, -1.39770368e-005, 0.91336274, -3.16104551e-005, 0.407146784, 0.407146783, -2.40336803e-005, -0.913362741, 3.86570476e-005, 0.999999999, -9.081373e-006, 0, 0, 0, 0, 0, 0, 0, 0.283099609, -0.0851102295, -0.207994287, -0.158801828, 0.846685824, -0.507560045, -0.8515625, 0.142578125, 0.504394531, 0.499497583, 0.512407548, 0.698596469, 0, -0, 0, 0, 0, 0, 0, 0.370741553, -0.0826637207, -0.186965625, 0.138617561, 0.254459463, -0.957039383, -0.295288086, -0.911743164, -0.28527832, -0.945155956, 0.32218647, -0.0512463231, 0, 1, 5, 1, 
298.652285, 18, 0.1, 0.1, 0.0119181975, 0.377399089, -0.0349717656, 0.913362719, 2.6515398e-005, 0.407146833, 0.407146832, 2.15368752e-005, -0.913362719, -3.29868465e-005, 0.999999999, 8.87531863e-006, 0.913362713, 1.29016845e-005, 0.407146847, 0.407146847, 1.53184654e-005, -0.913362713, -1.80207825e-005, 1, 8.73843494e-006, 0, 0, 0, 0, 0, 0, 0, 0.283099609, -0.0851102295, -0.207994287, -0.158801828, 0.846685824, -0.507560045, -0.8515625, 0.142578125, 0.504394531, 0.499497583, 0.512407548, 0.698596469, 0, -0, 0, 0, 0, 0, 0, 0.370741553, -0.0826637207, -0.186965625, 0.138617561, 0.254459463, -0.957039383, -0.295288086, -0.911743164, -0.28527832, -0.945155956, 0.32218647, -0.0512463231, 0, 1, 5, 1, 
298.652984, 18, 0.1, 0.1, 0.0119181849, 0.377399085, -0.0349746858, 0.913362809, 2.18048288e-005, 0.40714663, 0.40714663, 6.38405631e-006, -0.913362809, -2.25149667e-005, 1, -3.04680296e-006, 0.913362786, 3.51415704e-005, 0.407146682, 0.407146682, 7.06221844e-006, -0.913362786, -3.49723614e-005, 0.999999999, -7.85740628e-006, 0, 0, 0, 0, 0, 0, 0, 0.283099609, -0.0851102295, -0.207994287, -0.158801828, 0.846685824, -0.507560045, -0.8515625, 0.142578125, 0.504394531, 0.499497583, 0.512407548, 0.698596469, 0, -0, 0, 0, 0, 0, 0, 0.370741553, -0.0826637207, -0.186965625, 0.138617561, 0.254459463, -0.957039383, -0.295288086, -0.911743164, -0.28527832, -0.945155956, 0.32218647, -0.0512463231, 0, 1, 5, 1, 
298.653685, 18, 0.1, 0.1, 0.0119181936, 0.377399086, -0.0349759323, 0.913362861, -3.86489797e-005, 0.407146513, 0.407146513, -2.0136824e-005, -0.913362862, 4.34991804e-005, 0.999999999, -2.65642988e-006, 0.913362863, -3.827462e-005, 0.407146509, 0.407146509, -1.09843987e-005, -0.913362863, 3.94308761e-005, 0.999999999, 5.55063604e-006, 0, 0, 0, 0, 0, 0, 0, 0.283099609, -0.0851102295, -0.207994287, -0.158801828, 0.846685824, -0.507560045, -0.8515625, 0.142578125, 0.504394531, 0.499497583, 0.512407548, 0.698596469, 0, -0, 0, 0, 0, 0, 0, 0.370741553, -0.0826637207, -0.186965625, 0.138617561, 0.254459463, -0.957039383, -0.295288086, -0.911743164, -0.28527832, -0.945155956, 0.32218647, -0.0512463231, 0, 1, 5, 1, 
298.654432, 18, 0.1, 0.1, 0.0119182, 0.377399088, -0.0349749189, 0.913362828, 7.51223516e-006, 0.407146588, 0.407146588, 1.70017804e-005, -0.913362828, -1.37836132e-005, 1, 1.24702133e-005, 0.913362829, -1.02068714e-005, 0.407146585, 0.407146585, 4.78896076e-006, -0.913362829, 7.37276794e-006, 1, 8.52975159e-006, 0, 0, 0, 0, 0, 0, 0, 0.2826198, -0.0853178467, -0.208414282, -0.159512128, 0.847009334, -0.507014495, -0.850830078, 0.142333984, 0.505615234, 0.500475227, 0.512109125, 0.698139287, 0, -0, 0, 0, 0, 0, 0, 0.370741553, -0.0826637207, -0.186965625, 0.137282144, 0.255456195, -0.956949697, -0.295410156, -0.911499023, -0.285766602, -0.945296314, 0.322045745, -0.0497639842, 0, 1, 5, 1, 
298.655132, 18, 0.1, 0.1, 0.01191819, 0.377399084, -0.0349721285, 0.913362894, 2.47431122e-005, 0.407146439, 0.407146439, 2.30003323e-006, -0.913362895, -2.35358909e-005, 1, -7.973305e-006, 0.913362874, 3.32348719e-005, 0.407146484, 0.407146484, 5.68755788e-006, -0.913362874, -3.26711673e-005, 0.999999999, -8.33665702e-006, 0, 0, 0, 0, 0, 0, 0, 0.2826198, -0.0853178467, -0.208414282, -0.159512128, 0.847009334, -0.507014495, -0.850830078, 0.142333984, 0.505615234, 0.500475227, 0.512109125, 0.698139287, 0, -0, 0, 0, 0, 0, 0, 0.37020376, -0.0830472168, -0.187598242, 0.137282144, 0.255456195, -0.956949697, -0.295410156, -0.911499023, -0.285766602, -0.945296314, 0.322045745, -0.0497639842, 0, 1, 5, 1, 
298.655826, 18, 0.1, 0.1, 0.0119181959, 0.377399084, -0.0349688606, 0.913363001, -2.84289237e-005, 0.407146199, 0.407146199, -6.6029832e-006, -0.913363001, 2.86543066e-005, 1, 5.54380769e-006, 0.913362985, -3.08173351e-005, 0.407146235, 0.407146236, -1.10409077e-006, -0.913362985, 2.85969396e-005, 1, 1.15387263e-005, 0, 0, 0, 0, 0, 0, 0, 0.2826198, -0.0853178467, -0.208414282, -0.159512128, 0.847009334, -0.507014495, -0.850830078, 0.142333984, 0.505615234, 0.500475227, 0.512109125, 0.698139287, 0, -0, 0, 0, 0, 0, 0, 0.37020376, -0.0830472168, -0.187598242, 0.137282144, 0.255456195, -0.956949697, -0.295410156, -0.911499023, -0.285766602, -0.945296314, 0.322045745, -0.0497639842, 0, 1, 5, 1, 
298.656524, 18, 0.1, 0.1, 0.0119181945, 0.377399085, -0.0349660152, 0.913363, 1.51348563e-005, 0.407146201, 0.407146201, 1.78832e-005, -0.913363001, -2.11046948e-005, 1, 1.0171754e-005, 0.913363014, 1.68822285e-005, 0.40714617, 0.40714617, 4.67584484e-006, -0.913363014, -1.73233554e-005, 1, -2.60279095e-006, 0, 0, 0, 0, 0, 0, 0, 0.2826198, -0.0853178467, -0.208414282, -0.159512128, 0.847009334, -0.507014495, -0.850830078, 0.142333984, 0.505615234, 0.500475227, 0.512109125, 0.698139287, 0, -0, 0, 0, 0, 0, 0, 0.37020376, -0.0830472168, -0.187598242, 0.137282144, 0.255456195, -0.956949697, -0.295410156, -0.911499023, -0.285766602, -0.945296314, 0.322045745, -0.0497639842, 0, 1, 5, 1, 
298.65725, 18, 0.1, 0.1, 0.0119181962, 0.377399083, -0.0349640551, 0.91336287, -1.15483168e-005, 0.407146493, 0.407146493, -1.59326458e-005, -0.91336287, 1.70347247e-005, 1, -9.85043041e-006, 0.913362903, -1.30367744e-005, 0.40714642, 0.40714642, -9.83151584e-006, -0.913362903, 1.59101726e-005, 1, -3.67186584e-006, 0, 0, 0, 0, 0, 0, 0, 0.282534351, -0.0852961182, -0.209014185, -0.161200072, 0.847453412, -0.505650062, -0.850463867, 0.14074707, 0.506835938, 0.500742571, 0.511791606, 0.698170365, 0, -0, 0, 0, 0, 0, 0, 0.370345459, -0.0827316895, -0.188217676, 0.136240568, 0.257334455, -0.956591689, -0.294067383, -0.911499023, -0.287109375, -0.945896759, 0.320524761, -0.048498929, 0, 1, 5, 1, 
298.657947, 18, 0.1, 0.1, 0.0119181972, 0.377399082, -0.0349638571, 0.913362671, -8.91423007e-006, 0.40714694, 0.40714694, 1.20163635e-005, -0.913362671, 3.24949935e-006, 1, 1.46046994e-005, 0.913362716, -2.44573379e-006, 0.40714684, 0.40714684, 1.62278907e-005, -0.913362716, -4.37329236e-006, 1, 1.58177231e-005, 0, 0, 0, 0, 0, 0, 0, 0.282534351, -0.0852961182, -0.209014185, -0.161200072, 0.847453412, -0.505650062, -0.850463867, 0.14074707, 0.506835938, 0.500742571, 0.511791606, 0.698170365, 0, -0, 0, 0, 0, 0, 0, 0.370345459, -0.0827316895, -0.188217676, 0.136240568, 0.257334455, -0.956591689, -0.294067383, -0.911499023, -0.287109375, -0.945896759, 0.320524761, -0.048498929, 0, 1, 5, 1, 
298.658643, 18, 0.1, 0.1, 0.0119181971, 0.377399084, -0.0349653513, 0.913362451, -3.41752705e-006, 0.407147435, 0.407147435, -1.03139551e-005, -0.913362451, 7.32074125e-006, 1, -8.02894195e-006, 0.913362488, -3.39600964e-007, 0.407147351, 0.407147351, -1.56828509e-005, -0.913362488, 6.69540997e-006, 1, -1.418586e-005, 0, 0, 0, 0, 0, 0, 0, 0.282534351, -0.0852961182, -0.209014185, -0.161200072, 0.847453412, -0.505650062, -0.850463867, 0.14074707, 0.506835938, 0.500742571, 0.511791606, 0.698170365, 0, -0, 0, 0, 0, 0, 0, 0.370345459, -0.0827316895, -0.188217676, 0.136240568, 0.257334455, -0.956591689, -0.294067383, -0.911499023, -0.287109375, -0.945896759, 0.320524761, -0.048498929, 0, 1, 5, 1, 
298.659337, 18, 0.1, 0.1, 0.011918195, 0.377399082, -0.0349680151, 0.913362329, 8.40820169e-006, 0.407147708, 0.407147708, -5.65999697e-006, -0.913362329, -5.37527989e-006, 1, -8.59300806e-006, 0.913362347, 1.03266326e-005, 0.407147667, 0.407147667, 7.6693203e-006, -0.913362347, -1.25545032e-005, 1, 2.80040403e-006, 0, 0, 0, 0, 0, 0, 0, 0.282534351, -0.0852961182, -0.209014185, -0.161200072, 0.847453412, -0.505650062, -0.850463867, 0.14074707, 0.506835938, 0.500742571, 0.511791606, 0.698170365, 0, -0, 0, 0, 0, 0, 0, 0.370345459, -0.0827316895, -0.188217676, 0.136240568, 0.257334455, -0.956591689, -0.294067383, -0.911499023, -0.287109375, -0.945896759, 0.320524761, -0.048498929, 0, 1, 5, 1, 
298.660033, 18, 0.1, 0.1, 0.0119181971, 0.377399085, -0.034970982, 0.913362307, -2.92437665e-006, 0.407147758, 0.407147758, 7.17682078e-006, -0.913362307, -2.51011082e-007, 1, 7.74569098e-006, 0.913362303, -9.86818098e-006, 0.407147766, 0.407147766, -1.45185843e-006, -0.913362303, 9.60434542e-006, 1, 2.69173508e-006, 0, 0, 0, 0, 0, 0, 0, 0.282534351, -0.0852961182, -0.209014185, -0.161200072, 0.847453412, -0.505650062, -0.850463867, 0.14074707, 0.506835938, 0.500742571, 0.511791606, 0.698170365, 0, -0, 0, 0, 0, 0, 0, 0.370345459, -0.0827316895, -0.188217676, 0.136240568, 0.257334455, -0.956591689, -0.294067383, -0.911499023, -0.287109375, -0.945896759, 0.320524761, -0.048498929, 0, 1, 5, 1, 
298.660726, 18, 0.1, 0.1, 0.0119181958, 0.377399086, -0.0349733734, 0.913362341, 7.01880181e-006, 0.407147682, 0.407147682, -9.22707302e-006, -0.913362341, -2.65392785e-006, 1, -1.12853499e-005, 0.913362335, 3.57029194e-006, 0.407147694, 0.407147694, -1.13530578e-005, -0.913362335, 1.36140111e-006, 1, -1.18230915e-005, 0, 0, 0, 0, 0, 0, 0, 0.282534351, -0.0852961182, -0.209014185, -0.161200072, 0.847453412, -0.505650062, -0.850463867, 0.14074707, 0.506835938, 0.500742571, 0.511791606, 0.698170365, 0, -0, 0, 0, 0, 0, 0, 0.370345459, -0.0827316895, -0.188217676, 0.136240568, 0.257334455, -0.956591689, -0.294067383, -0.911499023, -0.287109375, -0.945896759, 0.320524761, -0.048498929, 0, 1, 5, 1, 
298.661419, 18, 0.1, 0.1, 0.0119181966, 0.377399085, -0.0349745759, 0.913362359, -2.07497373e-006, 0.40714764, 0.40714764, 3.33129487e-006, -0.913362359, 5.38874058e-007, 1, 3.8875e-006, 0.913362353, -3.35736573e-006, 0.407147654, 0.407147654, 7.84014034e-006, -0.913362353, -1.25603276e-007, 1, 8.52783261e-006, 0, 0, 0, 0, 0, 0, 0, 0.282534351, -0.0852961182, -0.209014185, -0.161200072, 0.847453412, -0.505650062, -0.850463867, 0.14074707, 0.506835938, 0.500742571, 0.511791606, 0.698170365, 0, -0, 0, 0, 0, 0, 0, 0.370345459, -0.0827316895, -0.188217676, 0.136240568, 0.257334455, -0.956591689, -0.294067383, -0.911499023, -0.287109375, -0.945896759, 0.320524761, -0.048498929, 0, 1, 5, 1, 
298.662149, 18, 0.1, 0.1, 0.011918196, 0.377399086, -0.0349740537, 0.9133624, -2.02599203e-006, 0.407147549, 0.407147549, 7.70446883e-006, -0.9133624, -1.28639066e-006, 1, 7.86184983e-006, 0.913362387, -2.00275854e-006, 0.407147578, 0.407147578, -3.96477839e-006, -0.913362387, 3.44349424e-006, 1, -2.80586116e-006, 0, 0, 0, 0, 0, 0, 0, 0.282474048, -0.0850606689, -0.208973535, -0.162361563, 0.847694547, -0.504869369, -0.850341797, 0.139282227, 0.507324219, 0.500432165, 0.511753414, 0.698417492, 0, -0, 0, 0, 0, 0, 0, 0.370345459, -0.0827316895, -0.188217676, 0.135441797, 0.259199955, -0.956195402, -0.292724609, -0.911499023, -0.288574219, -0.946471684, 0.319125177, -0.0475980785, 0, 1, 5, 1, 
298.662842, 18, 0.1, 0.1, 0.0119181968, 0.377399085, -0.0349720839, 0.913362429, 3.82165956e-006, 0.407147483, 0.407147483, -7.63910681e-006, -0.913362429, -3.80317146e-007, 1, -8.53325222e-006, 0.913362424, 2.05421442e-006, 0.407147494, 0.407147494, -3.13682116e-006, -0.913362424, -5.99093394e-007, 1, -3.70142283e-006, 0, 0, 0, 0, 0, 0, 0, 0.282474048, -0.0850606689, -0.208973535, -0.162361563, 0.847694547, -0.504869369, -0.850341797, 0.139282227, 0.507324219, 0.500432165, 0.511753414, 0.698417492, 0, -0, 0, 0, 0, 0, 0, 0.370057275, -0.0826376953, -0.188395752, 0.135441797, 0.259199955, -0.956195402, -0.292724609, -0.911499023, -0.288574219, -0.946471684, 0.319125177, -0.0475980785, 0, 1, 5, 1, 
298.663538, 18, 0.1, 0.1, 0.0119181981, 0.377399084, -0.0349695396, 0.913362469, -8.86645541e-006, 0.407147394, 0.407147394, 9.19864493e-006, -0.913362469, 4.35308329e-006, 1, 1.20116513e-005, 0.913362463, -4.58390777e-006, 0.407147408, 0.407147408, 1.22100193e-005, -0.913362462, -7.84508404e-007, 1, 1.30184994e-005, 0, 0, 0, 0, 0, 0, 0, 0.282474048, -0.0850606689, -0.208973535, -0.162361563, 0.847694547, -0.504869369, -0.850341797, 0.139282227, 0.507324219, 0.500432165, 0.511753414, 0.698417492, 0, -0, 0, 0, 0, 0, 0, 0.370057275, -0.0826376953, -0.188395752, 0.135441797, 0.259199955, -0.956195402, -0.292724609, -0.911499023, -0.288574219, -0.946471684, 0.319125177, -0.0475980785, 0, 1, 5, 1, 
298.664232, 18, 0.1, 0.1, 0.0119181974, 0.377399086, -0.0349672079, 0.91336249, 1.69387993e-007, 0.407147348, 0.407147348, -6.34219933e-006, -0.91336249, 2.427497e-006, 1, -5.86169284e-006, 0.913362482, 2.20554015e-006, 0.407147364, 0.407147364, -1.22988188e-005, -0.913362482, 2.99297401e-006, 1, -1.21312595e-005, 0, 0, 0, 0, 0, 0, 0, 0.282474048, -0.0850606689, -0.208973535, -0.162361563, 0.847694547, -0.504869369, -0.850341797, 0.139282227, 0.507324219, 0.500432165, 0.511753414, 0.698417492, 0, -0, 0, 0, 0, 0, 0, 0.370057275, -0.0826376953, -0.188395752, 0.135441797, 0.259199955, -0.956195402, -0.292724609, -0.911499023, -0.288574219, -0.946471684, 0.319125177, -0.0475980785, 0, 1, 5, 1, 
298.66493, 18, 0.1, 0.1, 0.0119181972, 0.377399084, -0.0349657477, 0.913362514, 9.25728095e-006, 0.407147293, 0.407147293, -5.50916169e-006, -0.913362514, -6.21221313e-006, 1, -8.80093865e-006, 0.913362514, -2.12262221e-006, 0.407147293, 0.407147293, 3.56895791e-006, -0.913362514, 4.85632005e-007, 1, 4.12397225e-006, 0, 0, 0, 0, 0, 0, 0, 0.282474048, -0.0850606689, -0.208973535, -0.162361563, 0.847694547, -0.504869369, -0.850341797, 0.139282227, 0.507324219, 0.500432165, 0.511753414, 0.698417492, 0, -0, 0, 0, 0, 0, 0, 0.370057275, -0.0826376953, -0.188395752, 0.135441797, 0.259199955, -0.956195402, -0.292724609, -0.911499023, -0.288574219, -0.946471684, 0.319125177, -0.0475980785, 0, 1, 5, 1, 
298.665637, 18, 0.1, 0.1, 0.0119181982, 0.377399086, -0.0349653392, 0.913362555, -1.59261515e-005, 0.407147201, 0.407147201, 4.58046773e-006, -0.913362555, 1.26814258e-005, 1, 1.06679157e-005, 0.913362539, -1.5203994e-005, 0.407147236, 0.407147236, -1.83714215e-006, -0.913362539, 1.46347459e-005, 1, 4.51228731e-006, 0, 0, 0, 0, 0, 0, 0, 0.282474048, -0.0850606689, -0.208973535, -0.162361563, 0.847694547, -0.504869369, -0.850341797, 0.139282227, 0.507324219, 0.500432165, 0.511753414, 0.698417492, 0, -0, 0, 0, 0, 0, 0, 0.370003809, -0.0820862305, -0.188574072, 0.134924107, 0.26171694, -0.955613913, -0.289672852, -0.911743164, -0.290649414, -0.947385294, 0.316198412, -0.0472914762, 0, 1, 5, 1, 
298.666332, 18, 0.1, 0.1, 0.0119181944, 0.377399086, -0.0349662649, 0.913362682, 1.56417257e-005, 0.407146916, 0.407146916, -7.48288297e-006, -0.913362682, -1.12399358e-005, 1, -1.32030664e-005, 0.913362651, 2.10901298e-005, 0.407146984, 0.407146984, -5.55158646e-006, -0.913362652, -1.70026252e-005, 1, -1.36573945e-005, 0, 0, 0, 0, 0, 0, 0, 0.282474048, -0.0850606689, -0.208973535, -0.162361563, 0.847694547, -0.504869369, -0.850341797, 0.139282227, 0.507324219, 0.500432165, 0.511753414, 0.698417492, 0, -0, 0, 0, 0, 0, 0, 0.370003809, -0.0820862305, -0.188574072, 0.134924107, 0.26171694, -0.955613913, -0.289672852, -0.911743164, -0.290649414, -0.947385294, 0.316198412, -0.0472914762, 0, 1, 5, 1, 
298.66703, 18, 0.1, 0.1, 0.0119181956, 0.377399084, -0.0349681139, 0.913362876, -3.79756707e-007, 0.40714648, 0.40714648, 5.66136846e-006, -0.913362876, -1.95815056e-006, 1, 5.32550039e-006, 0.913362834, -3.29500894e-006, 0.407146576, 0.407146576, 1.09756706e-005, -0.913362834, -1.45916799e-006, 1, 1.13663212e-005, 0, 0, 0, 0, 0, 0, 0, 0.282474048, -0.0850606689, -0.208973535, -0.162361563, 0.847694547, -0.504869369, -0.850341797, 0.139282227, 0.507324219, 0.500432165, 0.511753414, 0.698417492, 0, -0, 0, 0, 0, 0, 0, 0.370003809, -0.0820862305, -0.188574072, 0.134924107, 0.26171694, -0.955613913, -0.289672852, -0.911743164, -0.290649414, -0.947385294, 0.316198412, -0.0472914762, 0, 1, 5, 1, 
298.667738, 18, 0.1, 0.1, 0.0119181947, 0.377399086, -0.0349701712, 0.913363067, -3.57538589e-006, 0.407146052, 0.407146052, 3.88660224e-006, -0.913363067, 1.68321067e-006, 1, 5.00558319e-006, 0.913363037, 5.42436988e-006, 0.407146121, 0.407146121, -4.11122043e-006, -0.913363037, -3.2805515e-006, 1, -5.96354793e-006, 0, 0, 0, 0, 0, 0, 0, 0.28261062, -0.0848177734, -0.208915308, -0.163999332, 0.848075345, -0.503771158, -0.850585937, 0.136962891, 0.507568359, 0.499455643, 0.511816694, 0.699108696, 0, -0, 0, 0, 0, 0, 0, 0.370003809, -0.0820862305, -0.188574072, 0.134924107, 0.26171694, -0.955613913, -0.289672852, -0.911743164, -0.290649414, -0.947385294, 0.316198412, -0.0472914762, 0, 1, 5, 1, 
298.668433, 18, 0.1, 0.1, 0.0119181946, 0.377399086, -0.0349718822, 0.913363236, 3.22284086e-006, 0.407145674, 0.407145674, -9.52803941e-006, -0.913363236, 9.35675669e-007, 1, -1.00147266e-005, 0.913363203, 1.2002318e-006, 0.407145747, 0.407145747, -5.21543079e-006, -0.913363203, 1.0271929e-006, 1, -5.25225184e-006, 0, 0, 0, 0, 0, 0, 0, 0.28261062, -0.0848177734, -0.208915308, -0.163999332, 0.848075345, -0.503771158, -0.850585937, 0.136962891, 0.507568359, 0.499455643, 0.511816694, 0.699108696, 0, -0, 0, 0, 0, 0, 0, 0.370003809, -0.0820862305, -0.188574072, 0.134924107, 0.26171694, -0.955613913, -0.289672852, -0.911743164, -0.290649414, -0.947385294, 0.316198412, -0.0472914762, 0, 1, 5, 1, 
298.669128, 18, 0.1, 0.1, 0.0119181943, 0.377399084, -0.0349728438, 0.913363371, -1.05946923e-006, 0.40714537, 0.40714537, 1.0942487e-005, -0.913363371, -3.48750253e-006, 1, 1.04258248e-005, 0.913363345, -5.37386786e-006, 0.407145429, 0.40714543, 9.39619873e-006, -0.913363345, 1.08267455e-006, 1, 1.07700892e-005, 0, 0, 0, 0, 0, 0, 0, 0.28261062, -0.0848177734, -0.208915308, -0.163999332, 0.848075345, -0.503771158, -0.850585937, 0.136962891, 0.507568359, 0.499455643, 0.511816694, 0.699108696, 0, -0, 0, 0, 0, 0, 0, 0.370003809, -0.0820862305, -0.188574072, 0.134924107, 0.26171694, -0.955613913, -0.289672852, -0.911743164, -0.290649414, -0.947385294, 0.316198412, -0.0472914762, 0, 1, 5, 1, 
298.669821, 18, 0.1, 0.1, 0.0119181934, 0.377399086, -0.0349728438, 0.913363502, 3.38025182e-006, 0.407145076, 0.407145076, -2.32427196e-006, -0.913363502, -2.14108276e-006, 1, -3.49915806e-006, 0.91336348, 5.92287641e-006, 0.407145125, 0.407145125, -6.99879086e-006, -0.91336348, -2.56021543e-006, 1, -8.80391023e-006, 0, 0, 0, 0, 0, 0, 0, 0.28261062, -0.0848177734, -0.208915308, -0.163999332, 0.848075345, -0.503771158, -0.850585937, 0.136962891, 0.507568359, 0.499455643, 0.511816694, 0.699108696, 0, -0, 0, 0, 0, 0, 0, 0.370003809, -0.0820862305, -0.188574072, 0.134924107, 0.26171694, -0.955613913, -0.289672852, -0.911743164, -0.290649414, -0.947385294, 0.316198412, -0.0472914762, 0, 1, 5, 1, 
298.670848, 18, 0.1, 0.1, 0.0119181958, 0.377399083, -0.0349681184, 0.913363674, -1.59890327e-006, 0.407144691, 0.407144691, -1.57681978e-005, -0.913363674, 7.8803182e-006, 1, -1.37511141e-005, 0.913363632, -3.76867225e-007, 0.407144786, 0.407144786, 4.44732816e-006, -0.913363632, -1.46648966e-006, 1, 4.21546733e-006, 0, 0, 0, 0, 0, 0, 0, 0.282361621, -0.0850362549, -0.208895654, -0.164500698, 0.848176816, -0.50339036, -0.850585937, 0.136352539, 0.5078125, 0.499411459, 0.51167703, 0.699171975, 0, -0, 0, 0, 0, 0, 0, 0.369775439, -0.0822352539, -0.188537451, 0.134962387, 0.263179955, -0.955153827, -0.288574219, -0.911743164, -0.291992187, -0.947749499, 0.315124755, -0.0469976337, 0, 1, 5, 1, 
298.671668, 18, 0.1, 0.1, 0.0119181942, 0.377399087, -0.0349612803, 0.913363797, -6.27180137e-007, 0.407144415, 0.407144415, 1.21367759e-005, -0.913363797, -4.36857688e-006, 1, 1.13406446e-005, 0.91336378, 3.46175021e-006, 0.407144452, 0.407144452, 5.76321106e-006, -0.91336378, -5.50829667e-006, 1, 3.85447584e-006, 0, 0, 0, 0, 0, 0, 0, 0.282361621, -0.0850362549, -0.208895654, -0.164500698, 0.848176816, -0.50339036, -0.850585937, 0.136352539, 0.5078125, 0.499411459, 0.51167703, 0.699171975, 0, -0, 0, 0, 0, 0, 0, 0.369775439, -0.0822352539, -0.188537451, 0.134962387, 0.263179955, -0.955153827, -0.288574219, -0.911743164, -0.291992187, -0.947749499, 0.315124755, -0.0469976337, 0, 1, 5, 1, 
298.672381, 18, 0.1, 0.1, 0.0119181941, 0.377399089, -0.03495813, 0.913363847, 3.80167017e-008, 0.407144303, 0.407144302, -1.62385496e-005, -0.913363847, 6.57670989e-006, 1, -1.48471824e-005, 0.913363835, 8.45492414e-006, 0.407144329, 0.407144329, -1.45424631e-005, -0.913363835, -1.80154056e-006, 1, -1.67249343e-005, 0, 0, 0, 0, 0, 0, 0, 0.282361621, -0.0850362549, -0.208895654, -0.164500698, 0.848176816, -0.50339036, -0.850585937, 0.136352539, 0.5078125, 0.499411459, 0.51167703, 0.699171975, 0, -0, 0, 0, 0, 0, 0, 0.369775439, -0.0822352539, -0.188537451, 0.134962387, 0.263179955, -0.955153827, -0.288574219, -0.911743164, -0.291992187, -0.947749499, 0.315124755, -0.0469976337, 0, 1, 5, 1, 
298.673116, 18, 0.1, 0.1, 0.011918197, 0.377399085, -0.0349582399, 0.913363916, -1.06849751e-005, 0.407144147, 0.407144147, 8.59411779e-006, -0.913363916, 6.26022595e-006, 1, 1.21998822e-005, 0.913363908, -1.43517549e-005, 0.407144164, 0.407144165, 1.59710265e-005, -0.913363908, 6.60586469e-006, 1, 2.04305925e-005, 0, 0, 0, 0, 0, 0, 0, 0.282361621, -0.0850362549, -0.208895654, -0.164500698, 0.848176816, -0.50339036, -0.850585937, 0.136352539, 0.5078125, 0.499411459, 0.51167703, 0.699171975, 0, -0, 0, 0, 0, 0, 0, 0.369775439, -0.0822352539, -0.188537451, 0.134962387, 0.263179955, -0.955153827, -0.288574219, -0.911743164, -0.291992187, -0.947749499, 0.315124755, -0.0469976337, 0, 1, 5, 1, 
298.673812, 18, 0.1, 0.1, 0.0119181966, 0.377399086, -0.034961413, 0.913363962, -1.94571384e-006, 0.407144044, 0.407144044, 1.13143166e-005, -0.913363962, -2.8294117e-006, 1, 1.11262748e-005, 0.913363948, -2.93084881e-006, 0.407144075, 0.407144075, -4.25866387e-006, -0.913363948, 4.4108214e-006, 1, -2.69643232e-006, 0, 0, 0, 0, 0, 0, 0, 0.282361621, -0.0850362549, -0.208895654, -0.164500698, 0.848176816, -0.50339036, -0.850585937, 0.136352539, 0.5078125, 0.499411459, 0.51167703, 0.699171975, 0, -0, 0, 0, 0, 0, 0, 0.369775439, -0.0822352539, -0.188537451, 0.134962387, 0.263179955, -0.955153827, -0.288574219, -0.911743164, -0.291992187, -0.947749499, 0.315124755, -0.0469976337, 0, 1, 5, 1, 
298.674511, 18, 0.1, 0.1, 0.0119181969, 0.377399084, -0.0349667782, 0.913363998, 8.37100608e-006, 0.407143965, 0.407143965, -5.73457465e-006, -0.913363998, -5.31097812e-006, 1, -8.64595863e-006, 0.913363992, 5.24758089e-006, 0.407143977, 0.407143977, 6.03549559e-008, -0.913363992, -4.81752458e-006, 1, -2.08139491e-006, 0, 0, 0, 0, 0, 0, 0, 0.282361621, -0.0850362549, -0.208895654, -0.164500698, 0.848176816, -0.50339036, -0.850585937, 0.136352539, 0.5078125, 0.499411459, 0.51167703, 0.699171975, 0, -0, 0, 0, 0, 0, 0, 0.369775439, -0.0822352539, -0.188537451, 0.134962387, 0.263179955, -0.955153827, -0.288574219, -0.911743164, -0.291992187, -0.947749499, 0.315124755, -0.0469976337, 0, 1, 5, 1, 
298.675237, 18, 0.1, 0.1, 0.0119182004, 0.377399084, -0.0349726541, 0.913364072, -1.15468317e-005, 0.407143798, 0.407143798, 7.53054093e-006, -0.913364072, 7.48044818e-006, 1, 1.15793464e-005, 0.913364052, -1.72871649e-005, 0.407143842, 0.407143843, 5.38359726e-006, -0.913364052, 1.35975765e-005, 1, 1.1955547e-005, 0, 0, 0, 0, 0, 0, 0, 0.282516504, -0.0852792725, -0.208685962, -0.165776765, 0.847726747, -0.50365059, -0.850952148, 0.135131836, 0.507568359, 0.498377649, 0.51273705, 0.6990896, 0, -0, 0, 0, 0, 0, 0, 0.370046533, -0.0824975586, -0.187899951, 0.135888757, 0.263288231, -0.955096591, -0.286010742, -0.912475586, -0.292236328, -0.94838859, 0.312926766, -0.0487100159, 0, 1, 5, 1, 
298.675936, 18, 0.1, 0.1, 0.0119181982, 0.377399084, -0.0349768436, 0.913364206, 6.48103245e-007, 0.407143498, 0.407143498, -5.18251152e-006, -0.913364206, 1.51807156e-006, 1, -4.99739154e-006, 0.913364176, 8.98612834e-006, 0.407143564, 0.407143564, -5.58990263e-006, -0.913364176, -5.93171483e-006, 1, -8.76426113e-006, 0, 0, 0, 0, 0, 0, 0, 0.282516504, -0.0852792725, -0.208685962, -0.165776765, 0.847726747, -0.50365059, -0.850952148, 0.135131836, 0.507568359, 0.498377649, 0.51273705, 0.6990896, 0, -0, 0, 0, 0, 0, 0, 0.370046533, -0.0824975586, -0.187899951, 0.135888757, 0.263288231, -0.955096591, -0.286010742, -0.912475586, -0.292236328, -0.94838859, 0.312926766, -0.0487100159, 0, 1, 5, 1, 
298.676631, 18, 0.1, 0.1, 0.0119181988, 0.377399084, -0.0349786042, 0.91336438, 1.32997821e-006, 0.407143107, 0.407143107, -6.99439725e-006, -0.91336438, 1.6329659e-006, 1, -6.92992477e-006, 0.913364343, 9.10693418e-007, 0.407143189, 0.407143189, 1.59732458e-006, -0.913364343, -1.48213472e-006, 1, 1.0881567e-006, 0, 0, 0, 0, 0, 0, 0, 0.282516504, -0.0852792725, -0.208685962, -0.165776765, 0.847726747, -0.50365059, -0.850952148, 0.135131836, 0.507568359, 0.498377649, 0.51273705, 0.6990896, 0, -0, 0, 0, 0, 0, 0, 0.370046533, -0.0824975586, -0.187899951, 0.135888757, 0.263288231, -0.955096591, -0.286010742, -0.912475586, -0.292236328, -0.94838859, 0.312926766, -0.0487100159, 0, 1, 5, 1, 
298.67734, 18, 0.1, 0.1, 0.011918198, 0.377399085, -0.0349774909, 0.913364525, -8.4705878e-006, 0.407142782, 0.407142782, 2.42936902e-006, -0.913364525, 6.74763434e-006, 1, 5.66763816e-006, 0.913364504, -2.74241515e-007, 0.40714283, 0.40714283, 1.95836427e-006, -0.913364504, -5.46851505e-007, 1, 1.90035588e-006, 0, 0, 0, 0, 0, 0, 0, 0.282516504, -0.0852792725, -0.208685962, -0.165776765, 0.847726747, -0.50365059, -0.850952148, 0.135131836, 0.507568359, 0.498377649, 0.51273705, 0.6990896, 0, -0, 0, 0, 0, 0, 0, 0.370046533, -0.0824975586, -0.187899951, 0.135888757, 0.263288231, -0.955096591, -0.286010742, -0.912475586, -0.292236328, -0.94838859, 0.312926766, -0.0487100159, 0, 1, 5, 1, 
298.678068, 18, 0.1, 0.1, 0.0119181971, 0.377399087, -0.0349736537, 0.913364598, 1.72057817e-005, 0.407142618, 0.407142618, -4.0918897e-006, -0.913364598, -1.40491692e-005, 1, -1.07425942e-005, 0.913364591, 1.29645282e-005, 0.407142633, 0.407142633, -7.5193251e-006, -0.913364591, -8.77990318e-006, 1, -1.21462975e-005, 0, 0, 0, 0, 0, 0, 0, 0.282699219, -0.085541333, -0.208310645, -0.166488187, 0.846870792, -0.50503412, -0.8515625, 0.134765625, 0.506591797, 0.497007224, 0.514355723, 0.698937953, 0, -0, 0, 0, 0, 0, 0, 0.370374023, -0.0828130859, -0.187277832, 0.137677698, 0.262693616, -0.954924516, -0.282836914, -0.913452148, -0.292114258, -0.949059764, 0.310409415, -0.0515150125, 0, 1, 5, 1, 
