time, trialNum, realDorsalTactorPos, realVentralTactorPos, boxPosX, boxPosY, boxPosZ, boxLocalRot_11, boxLocalRot_12, boxLocalRot_13, boxLocalRot_21, boxLocalRot_22, boxLocalRot_23, boxLocalRot_31, boxLocalRot_32, boxLocalRot_33, boxGlobalRot_11, boxGlobalRot_12, boxGlobalRot_13, boxGlobalRot_21, boxGlobalRot_22, boxGlobalRot_23, boxGlobalRot_31, boxGlobalRot_32, boxGlobalRot_33, indexForceX, indexForceY, indexForceZ, indexForceGlobalX, indexForceGlobalY, indexForceGlobalZ, indexContact, indexPosX, indexPosY, indexPosZ, indexRot_11, indexRot_12, indexRot_13, indexRot_21, indexRot_22, indexRot_23, indexRot_31, indexRot_32, indexRot_33, thumbForceX, thumbForceY, thumbForceZ, thumbForceGlobalX, thumbForceGlobalY, thumbForceGlobalZ, thumbContact, thumbPosX, thumbPosY, thumbPosZ, thumbRot_11, thumbRot_12, thumbRot_13, thumbRot_21, thumbRot_22, thumbRot_23, thumbRot_31, thumbRot_32, thumbRot_33, manipForceTooHigh, cceExpType, mapping, trialSuccess, 
198.18257, 11, 0.1, 0.1, 0.0048290725, 0.374393936, -0.0349686161, 0.952385562, -9.71181515e-006, 0.30489628, 0.30489628, 6.87636825e-006, -0.952385562, 7.15281342e-006, 1, 9.51005015e-006, 0.952385431, -1.58127183e-005, 0.304896688, 0.304896688, 4.81680925e-006, -0.952385431, 1.35911734e-005, 1, 9.40870439e-006, 0, 0, 0, 0, 0, 0, 0, 0.306520972, -0.154578882, -0.214231836, -0.0816688388, 0.694239063, -0.715005617, -0.970825195, 0.106445312, 0.214233398, 0.224895241, 0.711806106, 0.665454527, 0, -0, 0, 0, 0, 0, 0, 0.389666211, -0.135212891, -0.178688281, 0.375442197, 0.0815025937, -0.923132503, -0.189331055, -0.968261719, -0.162475586, -0.907131214, 0.235885767, -0.34815672, 0, 1, 1, 1, 
198.22813, 11, 0.1, 0.1, 0.00482908435, 0.374393969, -0.0349702056, 0.952393981, -3.21650089e-006, 0.30486998, 0.30486998, -1.90505023e-005, -0.952393981, 8.87130236e-006, 1, -1.71629692e-005, 0.952393821, 1.08557838e-005, 0.30487048, 0.304870481, -1.83755162e-005, -0.952393821, -4.736829e-006, 1, -2.08103361e-005, 0, 0, 0, 0, 0, 0, 0, 0.306447388, -0.156100073, -0.212640088, -0.0788313869, 0.695133209, -0.714491147, -0.970825195, 0.10925293, 0.213378906, 0.226423303, 0.710428567, 0.666361778, 0, -0, 0, 0, 0, 0, 0, 0.389159424, -0.135754395, -0.177041846, 0.374975547, 0.0909649886, -0.922474089, -0.183837891, -0.968017578, -0.170166016, -0.908530431, 0.233443508, -0.346246377, 0, 1, 1, 1, 
198.228856, 11, 0.1, 0.1, 0.00482908886, 0.374393967, -0.0349697909, 0.952394804, 5.52733884e-006, 0.304867409, 0.304867409, 1.50104257e-005, -0.952394804, -9.84039839e-006, 1, 1.2610746e-005, 0.95239464, -9.68722851e-006, 0.304867922, 0.304867922, 1.44309144e-005, -0.95239464, 4.82654163e-006, 1, 1.66972507e-005, 0, 0, 0, 0, 0, 0, 0, 0.306447388, -0.156100073, -0.212640088, -0.0788313869, 0.695133209, -0.714491147, -0.970825195, 0.10925293, 0.213378906, 0.226423303, 0.710428567, 0.666361778, 0, -0, 0, 0, 0, 0, 0, 0.389159424, -0.135754395, -0.177041846, 0.374975547, 0.0909649886, -0.922474089, -0.183837891, -0.968017578, -0.170166016, -0.908530431, 0.233443508, -0.346246377, 0, 1, 1, 1, 
198.229584, 11, 0.1, 0.1, 0.00482908422, 0.374393971, -0.0349689611, 0.952395629, -1.85061187e-006, 0.304864833, 0.304864833, -1.94145637e-005, -0.952395629, 7.68133239e-006, 1, -1.79261592e-005, 0.952395466, 1.33699301e-005, 0.30486534, 0.30486534, -1.91177066e-005, -0.952395466, -6.90513471e-006, 1, -2.22836454e-005, 0, 0, 0, 0, 0, 0, 0, 0.306447388, -0.156100073, -0.212640088, -0.0788313869, 0.695133209, -0.714491147, -0.970825195, 0.10925293, 0.213378906, 0.226423303, 0.710428567, 0.666361778, 0, -0, 0, 0, 0, 0, 0, 0.389159424, -0.135754395, -0.177041846, 0.374975547, 0.0909649886, -0.922474089, -0.183837891, -0.968017578, -0.170166016, -0.908530431, 0.233443508, -0.346246377, 0, 1, 1, 1, 
198.230317, 11, 0.1, 0.1, 0.00482908846, 0.374393968, -0.0349679888, 0.95239647, 7.64034906e-006, 0.304862206, 0.304862205, 1.7747279e-005, -0.95239647, -1.26871161e-005, 1, 1.45731922e-005, 0.952396295, -8.97916805e-006, 0.30486275, 0.30486275, 1.69072691e-005, -0.952396295, 3.39732983e-006, 1, 1.88398344e-005, 0, 0, 0, 0, 0, 0, 0, 0.306814648, -0.155369922, -0.212792285, -0.0803294926, 0.696363971, -0.713176888, -0.970825195, 0.107299805, 0.213989258, 0.225548253, 0.709615674, 0.667636723, 0, -0, 0, 0, 0, 0, 0, 0.389159424, -0.135754395, -0.177041846, 0.376093681, 0.093648217, -0.921752243, -0.180541992, -0.968261719, -0.172119141, -0.908658395, 0.231270673, -0.347275193, 0, 1, 1, 1, 
198.231017, 11, 0.1, 0.1, 0.00482908357, 0.374393971, -0.0349673191, 0.952397274, -1.93848968e-006, 0.304859692, 0.304859692, -1.83232055e-005, -0.952397274, 7.4322191e-006, 1, -1.68600036e-005, 0.952397114, 1.41773207e-005, 0.304860192, 0.304860192, -1.73663075e-005, -0.952397114, -8.20814349e-006, 1, -2.08617219e-005, 0, 0, 0, 0, 0, 0, 0, 0.306814648, -0.155369922, -0.212792285, -0.0803294926, 0.696363971, -0.713176888, -0.970825195, 0.107299805, 0.213989258, 0.225548253, 0.709615674, 0.667636723, 0, -0, 0, 0, 0, 0, 0, 0.389677197, -0.134952832, -0.176569238, 0.376093681, 0.093648217, -0.921752243, -0.180541992, -0.968261719, -0.172119141, -0.908658395, 0.231270673, -0.347275193, 0, 1, 1, 1, 
198.231715, 11, 0.1, 0.1, 0.00482908861, 0.374393969, -0.0349673483, 0.952398082, 2.49279804e-006, 0.304857168, 0.304857168, 1.6590577e-005, -0.952398082, -7.4318924e-006, 1, 1.50408864e-005, 0.952397923, -1.23840646e-005, 0.304857665, 0.304857665, 1.61307594e-005, -0.952397923, 6.87697172e-006, 1, 1.91382788e-005, 0, 0, 0, 0, 0, 0, 0, 0.306814648, -0.155369922, -0.212792285, -0.0803294926, 0.696363971, -0.713176888, -0.970825195, 0.107299805, 0.213989258, 0.225548253, 0.709615674, 0.667636723, 0, -0, 0, 0, 0, 0, 0, 0.389677197, -0.134952832, -0.176569238, 0.376093681, 0.093648217, -0.921752243, -0.180541992, -0.968261719, -0.172119141, -0.908658395, 0.231270673, -0.347275193, 0, 1, 1, 1, 
198.232417, 11, 0.1, 0.1, 0.00482908538, 0.374393972, -0.0349680046, 0.952398897, -5.77886018e-006, 0.304854623, 0.304854623, -2.03667496e-005, -0.952398897, 1.17126778e-005, 1, -1.76355576e-005, 0.952398737, 9.54090764e-006, 0.304855123, 0.304855123, -1.95651617e-005, -0.952398737, -3.12220858e-006, 1, -2.15424299e-005, 0, 0, 0, 0, 0, 0, 0, 0.306814648, -0.155369922, -0.212792285, -0.0803294926, 0.696363971, -0.713176888, -0.970825195, 0.107299805, 0.213989258, 0.225548253, 0.709615674, 0.667636723, 0, -0, 0, 0, 0, 0, 0, 0.389677197, -0.134952832, -0.176569238, 0.376093681, 0.093648217, -0.921752243, -0.180541992, -0.968261719, -0.172119141, -0.908658395, 0.231270673, -0.347275193, 0, 1, 1, 1, 
198.23312, 11, 0.1, 0.1, 0.00482909134, 0.374393971, -0.0349690465, 0.952399716, 2.40447317e-007, 0.304852065, 0.304852065, 1.58718152e-005, -0.952399716, -5.06755759e-006, 1, 1.50430114e-005, 0.952399554, -1.45413554e-005, 0.30485257, 0.30485257, 1.4576135e-005, -0.952399554, 9.40560817e-006, 1, 1.8315274e-005, 0, 0, 0, 0, 0, 0, 0, 0.306814648, -0.155369922, -0.212792285, -0.0803294926, 0.696363971, -0.713176888, -0.970825195, 0.107299805, 0.213989258, 0.225548253, 0.709615674, 0.667636723, 0, -0, 0, 0, 0, 0, 0, 0.389677197, -0.134952832, -0.176569238, 0.376093681, 0.093648217, -0.921752243, -0.180541992, -0.968261719, -0.172119141, -0.908658395, 0.231270673, -0.347275193, 0, 1, 1, 1, 
198.233816, 11, 0.1, 0.1, 0.00482908839, 0.374393973, -0.0349701305, 0.952400523, -4.11320663e-006, 0.304849542, 0.304849542, -1.52394669e-005, -0.952400523, 8.56316465e-006, 1, -1.32601671e-005, 0.952400367, 9.42156458e-006, 0.304850031, 0.304850031, -1.49748044e-005, -0.952400367, -4.40803197e-006, 1, -1.71341735e-005, 0, 0, 0, 0, 0, 0, 0, 0.306814648, -0.155369922, -0.212792285, -0.0803294926, 0.696363971, -0.713176888, -0.970825195, 0.107299805, 0.213989258, 0.225548253, 0.709615674, 0.667636723, 0, -0, 0, 0, 0, 0, 0, 0.389677197, -0.134952832, -0.176569238, 0.376093681, 0.093648217, -0.921752243, -0.180541992, -0.968261719, -0.172119141, -0.908658395, 0.231270673, -0.347275193, 0, 1, 1, 1, 
198.234515, 11, 0.1, 0.1, 0.00482909315, 0.37439397, -0.0349709871, 0.952401327, 2.678134e-006, 0.304847032, 0.304847032, 1.88451904e-005, -0.952401327, -8.29555873e-006, 1, 1.71317631e-005, 0.952401169, -1.11141237e-005, 0.304847524, 0.304847524, 1.79919888e-005, -0.952401169, 5.10029113e-006, 1, 2.05237042e-005, 0, 0, 0, 0, 0, 0, 0, 0.306814648, -0.155369922, -0.212792285, -0.0803294926, 0.696363971, -0.713176888, -0.970825195, 0.107299805, 0.213989258, 0.225548253, 0.709615674, 0.667636723, 0, -0, 0, 0, 0, 0, 0, 0.389677197, -0.134952832, -0.176569238, 0.376093681, 0.093648217, -0.921752243, -0.180541992, -0.968261719, -0.172119141, -0.908658395, 0.231270673, -0.347275193, 0, 1, 1, 1, 
198.235249, 11, 0.1, 0.1, 0.00482908973, 0.374393972, -0.0349711848, 0.952402166, -4.55904179e-006, 0.30484441, 0.30484441, -1.43418213e-005, -0.952402166, 8.71406531e-006, 1, -1.22693832e-005, 0.952401993, 1.03445065e-005, 0.304844951, 0.304844951, -1.33783672e-005, -0.952401993, -5.77380094e-006, 1, -1.58950542e-005, 0, 0, 0, 0, 0, 0, 0, 0.306803052, -0.155568018, -0.212979639, -0.0805957148, 0.696890424, -0.712497667, -0.970703125, 0.107421875, 0.21484375, 0.226208378, 0.709037925, 0.668023513, 0, -0, 0, 0, 0, 0, 0, 0.389677197, -0.134952832, -0.176569238, 0.377052134, 0.0948046305, -0.921298719, -0.17956543, -0.968261719, -0.173217773, -0.908434915, 0.230778503, -0.348086724, 0, 1, 1, 1, 
198.235969, 11, 0.1, 0.1, 0.00482909439, 0.374393969, -0.0349705087, 0.952402981, 4.41336351e-006, 0.304841865, 0.304841865, 1.62153655e-005, -0.952402981, -9.14642281e-006, 1, 1.40981844e-005, 0.952402811, -1.08813396e-005, 0.304842395, 0.304842395, 1.60813622e-005, -0.952402811, 5.46113743e-006, 1, 1.86330281e-005, 0, 0, 0, 0, 0, 0, 0, 0.306803052, -0.155568018, -0.212979639, -0.0805957148, 0.696890424, -0.712497667, -0.970703125, 0.107421875, 0.21484375, 0.226208378, 0.709037925, 0.668023513, 0, -0, 0, 0, 0, 0, 0, 0.389968555, -0.135109912, -0.176109814, 0.377052134, 0.0948046305, -0.921298719, -0.17956543, -0.968261719, -0.173217773, -0.908434915, 0.230778503, -0.348086724, 0, 1, 1, 1, 
198.236669, 11, 0.1, 0.1, 0.00482909052, 0.374393972, -0.0349694275, 0.952403772, -3.09236871e-006, 0.304839392, 0.304839392, -1.8474542e-005, -0.952403772, 8.57695177e-006, 1, -1.66525477e-005, 0.952403617, 1.13526292e-005, 0.304839876, 0.304839876, -1.77807818e-005, -0.952403617, -5.39199379e-006, 1, -2.0395215e-005, 0, 0, 0, 0, 0, 0, 0, 0.306803052, -0.155568018, -0.212979639, -0.0805957148, 0.696890424, -0.712497667, -0.970703125, 0.107421875, 0.21484375, 0.226208378, 0.709037925, 0.668023513, 0, -0, 0, 0, 0, 0, 0, 0.389968555, -0.135109912, -0.176109814, 0.377052134, 0.0948046305, -0.921298719, -0.17956543, -0.968261719, -0.173217773, -0.908434915, 0.230778503, -0.348086724, 0, 1, 1, 1, 
198.237377, 11, 0.1, 0.1, 0.00482909529, 0.37439397, -0.0349683192, 0.952404574, 4.09096462e-006, 0.304836886, 0.304836885, 1.60150785e-005, -0.952404574, -8.77824007e-006, 1, 1.40057571e-005, 0.952404418, -1.09542683e-005, 0.304837372, 0.304837372, 1.56111715e-005, -0.952404418, 5.67402507e-006, 1, 1.82074191e-005, 0, 0, 0, 0, 0, 0, 0, 0.306803052, -0.155568018, -0.212979639, -0.0805957148, 0.696890424, -0.712497667, -0.970703125, 0.107421875, 0.21484375, 0.226208378, 0.709037925, 0.668023513, 0, -0, 0, 0, 0, 0, 0, 0.389968555, -0.135109912, -0.176109814, 0.377052134, 0.0948046305, -0.921298719, -0.17956543, -0.968261719, -0.173217773, -0.908434915, 0.230778503, -0.348086724, 0, 1, 1, 1, 
198.238113, 11, 0.1, 0.1, 0.00482909062, 0.374393974, -0.0349672328, 0.952405415, -3.04206375e-006, 0.304834259, 0.304834259, -2.19488837e-005, -0.952405415, 9.58804969e-006, 1, -1.99769104e-005, 0.952405257, 1.26174492e-005, 0.304834753, 0.304834753, -2.15976164e-005, -0.952405257, -5.43322089e-006, 1, -2.44159204e-005, 0, 0, 0, 0, 0, 0, 0, 0.306996509, -0.155800781, -0.212541943, -0.0811543685, 0.696687481, -0.712656426, -0.970703125, 0.106811523, 0.21484375, 0.225802492, 0.709317251, 0.667801474, 0, -0, 0, 0, 0, 0, 0, 0.390194971, -0.135092334, -0.175883398, 0.377211815, 0.095590276, -0.921139038, -0.177734375, -0.96862793, -0.173339844, -0.90878636, 0.22914268, -0.348438169, 0, 1, 1, 1, 
198.238824, 11, 0.1, 0.1, 0.00482909555, 0.374393972, -0.0349667742, 0.952406233, 4.34158225e-006, 0.304831702, 0.304831702, 1.68850218e-005, -0.952406233, -9.28203993e-006, 1, 1.47579481e-005, 0.952406072, -1.14617316e-005, 0.304832207, 0.304832207, 1.59101608e-005, -0.952406072, 6.06629337e-006, 1, 1.86468387e-005, 0, 0, 0, 0, 0, 0, 0, 0.306996509, -0.155800781, -0.212541943, -0.0811543685, 0.696687481, -0.712656426, -0.970703125, 0.106811523, 0.21484375, 0.225802492, 0.709317251, 0.667801474, 0, -0, 0, 0, 0, 0, 0, 0.390194971, -0.135092334, -0.175883398, 0.377211815, 0.095590276, -0.921139038, -0.177734375, -0.96862793, -0.173339844, -0.90878636, 0.22914268, -0.348438169, 0, 1, 1, 1, 
198.23953, 11, 0.1, 0.1, 0.00482909115, 0.374393975, -0.0349670147, 0.952407056, -3.02882182e-006, 0.304829132, 0.304829132, -1.88255426e-005, -0.952407056, 8.62324509e-006, 1, -1.70063065e-005, 0.952406895, 1.27396874e-005, 0.304829636, 0.304829636, -1.84521191e-005, -0.952406895, -6.5086134e-006, 1, -2.14573597e-005, 0, 0, 0, 0, 0, 0, 0, 0.306996509, -0.155800781, -0.212541943, -0.0811543685, 0.696687481, -0.712656426, -0.970703125, 0.106811523, 0.21484375, 0.225802492, 0.709317251, 0.667801474, 0, -0, 0, 0, 0, 0, 0, 0.390194971, -0.135092334, -0.175883398, 0.377211815, 0.095590276, -0.921139038, -0.177734375, -0.96862793, -0.173339844, -0.90878636, 0.22914268, -0.348438169, 0, 1, 1, 1, 
198.240236, 11, 0.1, 0.1, 0.00482909627, 0.374393972, -0.0349679221, 0.952407881, 2.69224308e-006, 0.304826553, 0.304826553, 1.93674133e-005, -0.952407881, -8.46781536e-006, 1, 1.76250099e-005, 0.95240772, -1.22503672e-005, 0.304827058, 0.304827058, 1.83749745e-005, -0.952407719, 6.0661549e-006, 1, 2.12347109e-005, 0, 0, 0, 0, 0, 0, 0, 0.306996509, -0.155800781, -0.212541943, -0.0811543685, 0.696687481, -0.712656426, -0.970703125, 0.106811523, 0.21484375, 0.225802492, 0.709317251, 0.667801474, 0, -0, 0, 0, 0, 0, 0, 0.390194971, -0.135092334, -0.175883398, 0.377211815, 0.095590276, -0.921139038, -0.177734375, -0.96862793, -0.173339844, -0.90878636, 0.22914268, -0.348438169, 0, 1, 1, 1, 
198.240941, 11, 0.1, 0.1, 0.00482909266, 0.374393974, -0.0349691702, 0.952408707, -4.21285138e-006, 0.304823974, 0.304823974, -1.6014292e-005, -0.952408707, 8.89389646e-006, 1, -1.3967973e-005, 0.952408544, 1.07069308e-005, 0.304824484, 0.304824484, -1.49006334e-005, -0.952408543, -5.65529448e-006, 1, -1.74552253e-005, 0, 0, 0, 0, 0, 0, 0, 0.306996509, -0.155800781, -0.212541943, -0.0811543685, 0.696687481, -0.712656426, -0.970703125, 0.106811523, 0.21484375, 0.225802492, 0.709317251, 0.667801474, 0, -0, 0, 0, 0, 0, 0, 0.390194971, -0.135092334, -0.175883398, 0.377211815, 0.095590276, -0.921139038, -0.177734375, -0.96862793, -0.173339844, -0.90878636, 0.22914268, -0.348438169, 0, 1, 1, 1, 
198.241642, 11, 0.1, 0.1, 0.00482909798, 0.374393972, -0.0349703912, 0.952409525, 5.44686253e-007, 0.304821419, 0.304821419, 1.57301789e-005, -0.952409524, -5.31365984e-006, 1, 1.48155402e-005, 0.952409364, -1.31732776e-005, 0.304821919, 0.304821919, 1.53459624e-005, -0.952409364, 7.86856727e-006, 1, 1.86311421e-005, 0, 0, 0, 0, 0, 0, 0, 0.306996509, -0.155800781, -0.212541943, -0.0811543685, 0.696687481, -0.712656426, -0.970703125, 0.106811523, 0.21484375, 0.225802492, 0.709317251, 0.667801474, 0, -0, 0, 0, 0, 0, 0, 0.390194971, -0.135092334, -0.175883398, 0.377211815, 0.095590276, -0.921139038, -0.177734375, -0.96862793, -0.173339844, -0.90878636, 0.22914268, -0.348438169, 0, 1, 1, 1, 
198.242359, 11, 0.1, 0.1, 0.00482909538, 0.374393975, -0.0349711621, 0.952410352, -6.16426976e-006, 0.304818833, 0.304818833, -1.8245595e-005, -0.952410352, 1.14325153e-005, 1, -1.54983081e-005, 0.952410193, 7.37580075e-006, 0.304819331, 0.304819331, -1.74507387e-005, -0.952410193, -1.70546533e-006, 1, -1.8868548e-005, 0, 0, 0, 0, 0, 0, 0, 0.306971606, -0.155606104, -0.211900659, -0.08154228, 0.696078653, -0.713195984, -0.971069336, 0.10534668, 0.213989258, 0.224133644, 0.710155232, 0.667516156, 0, -0, 0, 0, 0, 0, 0, 0.390194971, -0.135092334, -0.175883398, 0.377211815, 0.095590276, -0.921139038, -0.177734375, -0.96862793, -0.173339844, -0.90878636, 0.22914268, -0.348438169, 0, 1, 1, 1, 
198.243076, 11, 0.1, 0.1, 0.00482910115, 0.374393973, -0.034971039, 0.952411177, 6.57082737e-007, 0.304816257, 0.304816257, 1.46153091e-005, -0.952411177, -5.08079675e-006, 1, 1.37194942e-005, 0.952411019, -1.34937646e-005, 0.304816749, 0.304816749, 1.3717137e-005, -0.952411019, 8.67039694e-006, 1, 1.71774779e-005, 0, 0, 0, 0, 0, 0, 0, 0.306971606, -0.155606104, -0.211900659, -0.08154228, 0.696078653, -0.713195984, -0.971069336, 0.10534668, 0.213989258, 0.224133644, 0.710155232, 0.667516156, 0, -0, 0, 0, 0, 0, 0, 0.390429687, -0.134836865, -0.175427148, 0.377492897, 0.0968166852, -0.920845196, -0.175048828, -0.968994141, -0.173706055, -0.909125045, 0.226816727, -0.348898256, 0, 1, 1, 1, 
198.243779, 11, 0.1, 0.1, 0.00482909813, 0.374393976, -0.0349705039, 0.952411976, -4.27231673e-006, 0.30481376, 0.30481376, -1.56383886e-005, -0.952411976, 8.83580163e-006, 1, -1.35919276e-005, 0.952411814, 9.61607245e-006, 0.304814265, 0.304814265, -1.54436196e-005, -0.952411814, -4.45102544e-006, 1, -1.76398018e-005, 0, 0, 0, 0, 0, 0, 0, 0.306971606, -0.155606104, -0.211900659, -0.08154228, 0.696078653, -0.713195984, -0.971069336, 0.10534668, 0.213989258, 0.224133644, 0.710155232, 0.667516156, 0, -0, 0, 0, 0, 0, 0, 0.390429687, -0.134836865, -0.175427148, 0.377492897, 0.0968166852, -0.920845196, -0.175048828, -0.968994141, -0.173706055, -0.909125045, 0.226816727, -0.348898256, 0, 1, 1, 1, 
198.24448, 11, 0.1, 0.1, 0.00482910227, 0.374393973, -0.0349696705, 0.952412768, 5.89281932e-006, 0.304811284, 0.304811283, 1.85531583e-005, -0.952412768, -1.12676084e-005, 1, 1.5874067e-005, 0.952412608, -9.28741788e-006, 0.304811784, 0.304811784, 1.78438489e-005, -0.952412608, 3.40643849e-006, 1, 1.98256211e-005, 0, 0, 0, 0, 0, 0, 0, 0.306971606, -0.155606104, -0.211900659, -0.08154228, 0.696078653, -0.713195984, -0.971069336, 0.10534668, 0.213989258, 0.224133644, 0.710155232, 0.667516156, 0, -0, 0, 0, 0, 0, 0, 0.390429687, -0.134836865, -0.175427148, 0.377492897, 0.0968166852, -0.920845196, -0.175048828, -0.968994141, -0.173706055, -0.909125045, 0.226816727, -0.348898256, 0, 1, 1, 1, 
198.245182, 11, 0.1, 0.1, 0.00482909739, 0.374393975, -0.0349687799, 0.952413566, -7.78370541e-007, 0.304808793, 0.304808793, -1.62071776e-005, -0.952413565, 5.68142091e-006, 1, -1.51986817e-005, 0.952413408, 1.42183136e-005, 0.304809285, 0.304809285, -1.5264781e-005, -0.952413408, -8.88886554e-006, 1, -1.88722561e-005, 0, 0, 0, 0, 0, 0, 0, 0.306971606, -0.155606104, -0.211900659, -0.08154228, 0.696078653, -0.713195984, -0.971069336, 0.10534668, 0.213989258, 0.224133644, 0.710155232, 0.667516156, 0, -0, 0, 0, 0, 0, 0, 0.390429687, -0.134836865, -0.175427148, 0.377492897, 0.0968166852, -0.920845196, -0.175048828, -0.968994141, -0.173706055, -0.909125045, 0.226816727, -0.348898256, 0, 1, 1, 1, 
198.245893, 11, 0.1, 0.1, 0.00482910133, 0.374393972, -0.0349680795, 0.952414372, 6.19750003e-006, 0.304806273, 0.304806273, 1.71940911e-005, -0.952414372, -1.11434549e-005, 1, 1.44868625e-005, 0.952414214, -8.82766756e-006, 0.304806766, 0.304806766, 1.6958874e-005, -0.952414214, 3.23841654e-006, 1, 1.88426054e-005, 0, 0, 0, 0, 0, 0, 0, 0.306971606, -0.155606104, -0.211900659, -0.08154228, 0.696078653, -0.713195984, -0.971069336, 0.10534668, 0.213989258, 0.224133644, 0.710155232, 0.667516156, 0, -0, 0, 0, 0, 0, 0, 0.390429687, -0.134836865, -0.175427148, 0.377492897, 0.0968166852, -0.920845196, -0.175048828, -0.968994141, -0.173706055, -0.909125045, 0.226816727, -0.348898256, 0, 1, 1, 1, 
198.2466, 11, 0.1, 0.1, 0.00482909666, 0.374393976, -0.0349677297, 0.952415179, -2.47591479e-006, 0.304803751, 0.304803751, -2.02832023e-005, -0.952415179, 8.54049496e-006, 1, -1.85633616e-005, 0.952415022, 1.29424539e-005, 0.304804241, 0.304804241, -1.95175251e-005, -0.952415022, -6.37756312e-006, 1, -2.25336989e-005, 0, 0, 0, 0, 0, 0, 0, 0.306971606, -0.155606104, -0.211900659, -0.08154228, 0.696078653, -0.713195984, -0.971069336, 0.10534668, 0.213989258, 0.224133644, 0.710155232, 0.667516156, 0, -0, 0, 0, 0, 0, 0, 0.390429687, -0.134836865, -0.175427148, 0.377492897, 0.0968166852, -0.920845196, -0.175048828, -0.968994141, -0.173706055, -0.909125045, 0.226816727, -0.348898256, 0, 1, 1, 1, 
198.247325, 11, 0.1, 0.1, 0.00482910139, 0.374393974, -0.0349677823, 0.952416012, 4.78674264e-006, 0.304801147, 0.304801147, 1.61555433e-005, -0.952416012, -9.48319847e-006, 1, 1.39277935e-005, 0.952415838, -1.1604544e-005, 0.304801693, 0.304801693, 1.54626067e-005, -0.952415838, 6.33932277e-006, 1, 1.82639161e-005, 0, 0, 0, 0, 0, 0, 0, 0.307187646, -0.155401904, -0.211032104, -0.0815434018, 0.695672767, -0.713678254, -0.971557617, 0.103881836, 0.212280273, 0.221785575, 0.710713886, 0.66759254, 0, -0, 0, 0, 0, 0, 0, 0.390429687, -0.134836865, -0.175427148, 0.378719673, 0.0981134568, -0.920219231, -0.172607422, -0.969360352, -0.174438477, -0.909118849, 0.224989139, -0.350182635, 0, 1, 1, 1, 
198.248025, 11, 0.1, 0.1, 0.0048290973, 0.374393977, -0.0349681374, 0.95241682, -3.67639021e-006, 0.304798625, 0.304798625, -1.92523137e-005, -0.952416819, 9.36953461e-006, 1, -1.72156687e-005, 0.95241666, 1.1676468e-005, 0.304799124, 0.304799124, -1.86402456e-005, -0.95241666, -5.43933214e-006, 1, -2.13122576e-005, 0, 0, 0, 0, 0, 0, 0, 0.307187646, -0.155401904, -0.211032104, -0.0815434018, 0.695672767, -0.713678254, -0.971557617, 0.103881836, 0.212280273, 0.221785575, 0.710713886, 0.66759254, 0, -0, 0, 0, 0, 0, 0, 0.390510986, -0.13456626, -0.174743018, 0.378719673, 0.0981134568, -0.920219231, -0.172607422, -0.969360352, -0.174438477, -0.909118849, 0.224989139, -0.350182635, 0, 1, 1, 1, 
198.248721, 11, 0.1, 0.1, 0.00482910237, 0.374393975, -0.0349688959, 0.952417626, 2.0643346e-006, 0.304796106, 0.304796106, 1.72131674e-005, -0.952417625, -7.21261507e-006, 1, 1.57649229e-005, 0.952417466, -1.25404115e-005, 0.304796604, 0.304796604, 1.59004071e-005, -0.952417466, 7.09731681e-006, 1, 1.89661003e-005, 0, 0, 0, 0, 0, 0, 0, 0.307187646, -0.155401904, -0.211032104, -0.0815434018, 0.695672767, -0.713678254, -0.971557617, 0.103881836, 0.212280273, 0.221785575, 0.710713886, 0.66759254, 0, -0, 0, 0, 0, 0, 0, 0.390510986, -0.13456626, -0.174743018, 0.378719673, 0.0981134568, -0.920219231, -0.172607422, -0.969360352, -0.174438477, -0.909118849, 0.224989139, -0.350182635, 0, 1, 1, 1, 
198.249421, 11, 0.1, 0.1, 0.00482909879, 0.374393977, -0.0349697822, 0.952418433, -3.30470771e-006, 0.304793584, 0.304793584, -1.43207882e-005, -0.952418433, 7.51234888e-006, 1, -1.26321289e-005, 0.952418277, 1.06214375e-005, 0.304794072, 0.304794072, -1.40527315e-005, -0.952418276, -5.83286189e-006, 1, -1.66214295e-005, 0, 0, 0, 0, 0, 0, 0, 0.307187646, -0.155401904, -0.211032104, -0.0815434018, 0.695672767, -0.713678254, -0.971557617, 0.103881836, 0.212280273, 0.221785575, 0.710713886, 0.66759254, 0, -0, 0, 0, 0, 0, 0, 0.390510986, -0.13456626, -0.174743018, 0.378719673, 0.0981134568, -0.920219231, -0.172607422, -0.969360352, -0.174438477, -0.909118849, 0.224989139, -0.350182635, 0, 1, 1, 1, 
198.250121, 11, 0.1, 0.1, 0.0048291033, 0.374393973, -0.0349705467, 0.952419236, 3.07879252e-006, 0.304791076, 0.304791076, 2.00433412e-005, -0.952419235, -9.04133275e-006, 1, 1.81512752e-005, 0.952419078, -1.07442097e-005, 0.304791567, 0.304791567, 1.92527302e-005, -0.952419078, 4.36492045e-006, 1, 2.16114121e-005, 0, 0, 0, 0, 0, 0, 0, 0.307187646, -0.155401904, -0.211032104, -0.0815434018, 0.695672767, -0.713678254, -0.971557617, 0.103881836, 0.212280273, 0.221785575, 0.710713886, 0.66759254, 0, -0, 0, 0, 0, 0, 0, 0.390510986, -0.13456626, -0.174743018, 0.378719673, 0.0981134568, -0.920219231, -0.172607422, -0.969360352, -0.174438477, -0.909118849, 0.224989139, -0.350182635, 0, 1, 1, 1, 
198.250815, 11, 0.1, 0.1, 0.00482909981, 0.374393974, -0.0349709995, 0.952420027, -3.413202e-006, 0.304788602, 0.304788602, -1.28202836e-005, -0.952420027, 7.15827827e-006, 1, -1.11699898e-005, 0.95241987, 1.03891094e-005, 0.304789092, 0.304789092, -1.17046102e-005, -0.95241987, -6.32735675e-006, 1, -1.43141906e-005, 0, 0, 0, 0, 0, 0, 0, 0.307187646, -0.155401904, -0.211032104, -0.0815434018, 0.695672767, -0.713678254, -0.971557617, 0.103881836, 0.212280273, 0.221785575, 0.710713886, 0.66759254, 0, -0, 0, 0, 0, 0, 0, 0.390510986, -0.13456626, -0.174743018, 0.378719673, 0.0981134568, -0.920219231, -0.172607422, -0.969360352, -0.174438477, -0.909118849, 0.224989139, -0.350182635, 0, 1, 1, 1, 
198.25153, 11, 0.1, 0.1, 0.00482910455, 0.374393971, -0.0349708708, 0.952420835, 2.64057744e-006, 0.304786077, 0.304786077, 1.68284649e-005, -0.952420835, -7.64402276e-006, 1, 1.52229694e-005, 0.952420678, -1.12015527e-005, 0.304786568, 0.304786568, 1.68873692e-005, -0.952420678, 5.52154716e-006, 1, 1.94979624e-005, 0, 0, 0, 0, 0, 0, 0, 0.307187646, -0.155401904, -0.211032104, -0.0815434018, 0.695672767, -0.713678254, -0.971557617, 0.103881836, 0.212280273, 0.221785575, 0.710713886, 0.66759254, 0, -0, 0, 0, 0, 0, 0, 0.390510986, -0.13456626, -0.174743018, 0.378719673, 0.0981134568, -0.920219231, -0.172607422, -0.969360352, -0.174438477, -0.909118849, 0.224989139, -0.350182635, 0, 1, 1, 1, 
198.252277, 11, 0.1, 0.1, 0.00482910096, 0.374393975, -0.0349698352, 0.952421678, -5.34050025e-006, 0.304783443, 0.304783443, -2.08998296e-005, -0.952421678, 1.14563302e-005, 1, -1.82777547e-005, 0.952421524, 8.85179372e-006, 0.304783925, 0.304783926, -2.02228482e-005, -0.952421523, -2.26703979e-006, 1, -2.19585604e-005, 0, 0, 0, 0, 0, 0, 0, 0.307075952, -0.154728149, -0.211009766, -0.0836383532, 0.695730055, -0.713259263, -0.971801758, 0.101318359, 0.212646484, 0.220263504, 0.711075588, 0.667896954, 0, -0, 0, 0, 0, 0, 0, 0.390156152, -0.133837939, -0.175187305, 0.377134889, 0.0998765117, -0.920602392, -0.169677734, -0.969726563, -0.174804687, -0.910390101, 0.222228619, -0.348872737, 0, 1, 1, 1, 
198.252982, 11, 0.1, 0.1, 0.00482910595, 0.374393974, -0.0349685904, 0.952422475, 3.75840829e-006, 0.304780953, 0.304780953, 1.39429196e-005, -0.952422475, -7.82912885e-006, 1, 1.21340587e-005, 0.952422314, -1.18726156e-005, 0.304781455, 0.304781455, 1.29202528e-005, -0.952422314, 7.36989061e-006, 1, 1.59240901e-005, 0, 0, 0, 0, 0, 0, 0, 0.307075952, -0.154728149, -0.211009766, -0.0836383532, 0.695730055, -0.713259263, -0.971801758, 0.101318359, 0.212646484, 0.220263504, 0.711075588, 0.667896954, 0, -0, 0, 0, 0, 0, 0, 0.390156152, -0.133837939, -0.175187305, 0.377134889, 0.0998765117, -0.920602392, -0.169677734, -0.969726563, -0.174804687, -0.910390101, 0.222228619, -0.348872737, 0, 1, 1, 1, 
198.253676, 11, 0.1, 0.1, 0.00482910179, 0.374393977, -0.0349677019, 0.952423263, -2.71168402e-006, 0.30477849, 0.30477849, -1.86035217e-005, -0.952423263, 8.25262418e-006, 1, -1.68919639e-005, 0.952423109, 1.22162361e-005, 0.304778972, 0.304778973, -1.85712655e-005, -0.952423108, -5.97489432e-006, 1, -2.14109543e-005, 0, 0, 0, 0, 0, 0, 0, 0.307075952, -0.154728149, -0.211009766, -0.0836383532, 0.695730055, -0.713259263, -0.971801758, 0.101318359, 0.212646484, 0.220263504, 0.711075588, 0.667896954, 0, -0, 0, 0, 0, 0, 0, 0.390156152, -0.133837939, -0.175187305, 0.377134889, 0.0998765117, -0.920602392, -0.169677734, -0.969726563, -0.174804687, -0.910390101, 0.222228619, -0.348872737, 0, 1, 1, 1, 
198.254404, 11, 0.1, 0.1, 0.00482910593, 0.374393974, -0.0349673022, 0.952424093, 7.76935665e-006, 0.304775895, 0.304775895, 2.05627038e-005, -0.952424093, -1.36667389e-005, 1, 1.72165019e-005, 0.952423919, -9.27400795e-006, 0.30477644, 0.30477644, 1.94482339e-005, -0.952423919, 2.90542351e-006, 1, 2.13494623e-005, 0, 0, 0, 0, 0, 0, 0, 0.306993921, -0.154508325, -0.211230933, -0.0852439218, 0.69564768, -0.713195984, -0.971679687, 0.100219727, 0.213867188, 0.220270617, 0.711335819, 0.667516156, 0, -0, 0, 0, 0, 0, 0, 0.390156152, -0.133837939, -0.175187305, 0.375850511, 0.0997485469, -0.921202837, -0.168823242, -0.970092773, -0.173950195, -0.911016065, 0.221110485, -0.347831161, 0, 1, 1, 1, 
198.255109, 11, 0.1, 0.1, 0.00482910054, 0.374393976, -0.0349673194, 0.952424906, -9.48816165e-007, 0.304773356, 0.304773356, -1.57821296e-005, -0.952424906, 5.71364877e-006, 1, -1.47421195e-005, 0.952424744, 1.52036201e-005, 0.304773862, 0.304773862, -1.47412772e-005, -0.952424744, -9.98754794e-006, 1, -1.86736232e-005, 0, 0, 0, 0, 0, 0, 0, 0.306993921, -0.154508325, -0.211230933, -0.0852439218, 0.69564768, -0.713195984, -0.971679687, 0.100219727, 0.213867188, 0.220270617, 0.711335819, 0.667516156, 0, -0, 0, 0, 0, 0, 0, 0.389834766, -0.133869922, -0.175428369, 0.375850511, 0.0997485469, -0.921202837, -0.168823242, -0.970092773, -0.173950195, -0.911016065, 0.221110485, -0.347831161, 0, 1, 1, 1, 
198.255823, 11, 0.1, 0.1, 0.00482910512, 0.374393972, -0.0349678867, 0.952425733, 3.74472302e-006, 0.304770773, 0.304770772, 1.89082108e-005, -0.952425732, -9.32924057e-006, 1, 1.68673844e-005, 0.952425568, -1.13183476e-005, 0.304771287, 0.304771287, 1.8581185e-005, -0.952425568, 5.11687198e-006, 1, 2.1146703e-005, 0, 0, 0, 0, 0, 0, 0, 0.306993921, -0.154508325, -0.211230933, -0.0852439218, 0.69564768, -0.713195984, -0.971679687, 0.100219727, 0.213867188, 0.220270617, 0.711335819, 0.667516156, 0, -0, 0, 0, 0, 0, 0, 0.389834766, -0.133869922, -0.175428369, 0.375850511, 0.0997485469, -0.921202837, -0.168823242, -0.970092773, -0.173950195, -0.911016065, 0.221110485, -0.347831161, 0, 1, 1, 1, 
198.256536, 11, 0.1, 0.1, 0.00482910127, 0.374393975, -0.0349686847, 0.952426564, -4.79398246e-006, 0.304768174, 0.304768174, -1.89223907e-005, -0.952426564, 1.03328587e-005, 1, -1.65611343e-005, 0.952426402, 1.04516842e-005, 0.304768681, 0.304768681, -1.79134904e-005, -0.952426402, -4.49498912e-006, 1, -2.02466272e-005, 0, 0, 0, 0, 0, 0, 0, 0.306993921, -0.154508325, -0.211230933, -0.0852439218, 0.69564768, -0.713195984, -0.971679687, 0.100219727, 0.213867188, 0.220270617, 0.711335819, 0.667516156, 0, -0, 0, 0, 0, 0, 0, 0.389834766, -0.133869922, -0.175428369, 0.375850511, 0.0997485469, -0.921202837, -0.168823242, -0.970092773, -0.173950195, -0.911016065, 0.221110485, -0.347831161, 0, 1, 1, 1, 
198.257252, 11, 0.1, 0.1, 0.00482910694, 0.374393973, -0.034969483, 0.952427399, 8.26617335e-007, 0.304765565, 0.304765565, 1.5911625e-005, -0.952427399, -5.63660838e-006, 1, 1.49027431e-005, 0.952427232, -1.41135448e-005, 0.304766085, 0.304766086, 1.48927043e-005, -0.952427232, 8.90333321e-006, 1, 1.84855469e-005, 0, 0, 0, 0, 0, 0, 0, 0.306993921, -0.154508325, -0.211230933, -0.0852439218, 0.69564768, -0.713195984, -0.971679687, 0.100219727, 0.213867188, 0.220270617, 0.711335819, 0.667516156, 0, -0, 0, 0, 0, 0, 0, 0.389834766, -0.133869922, -0.175428369, 0.375850511, 0.0997485469, -0.921202837, -0.168823242, -0.970092773, -0.173950195, -0.911016065, 0.221110485, -0.347831161, 0, 1, 1, 1, 
198.257968, 11, 0.1, 0.1, 0.0048291038, 0.374393976, -0.0349700325, 0.95242823, -5.21606478e-006, 0.304762967, 0.304762966, -1.64717882e-005, -0.95242823, 9.98791838e-006, 1, -1.40985327e-005, 0.952428066, 9.10280673e-006, 0.304763479, 0.304763479, -1.61065651e-005, -0.952428066, -3.76107581e-006, 1, -1.81145477e-005, 0, 0, 0, 0, 0, 0, 0, 0.306993921, -0.154508325, -0.211230933, -0.0852439218, 0.69564768, -0.713195984, -0.971679687, 0.100219727, 0.213867188, 0.220270617, 0.711335819, 0.667516156, 0, -0, 0, 0, 0, 0, 0, 0.389834766, -0.133869922, -0.175428369, 0.375850511, 0.0997485469, -0.921202837, -0.168823242, -0.970092773, -0.173950195, -0.911016065, 0.221110485, -0.347831161, 0, 1, 1, 1, 
198.258684, 11, 0.1, 0.1, 0.00482910891, 0.374393973, -0.0349701496, 0.952429058, 2.57177057e-006, 0.304760381, 0.304760381, 1.83191041e-005, -0.952429058, -8.03236616e-006, 1, 1.66638733e-005, 0.952428897, -1.1896173e-005, 0.304760884, 0.304760884, 1.76190994e-005, -0.952428897, 5.9606466e-006, 1, 2.04064276e-005, 0, 0, 0, 0, 0, 0, 0, 0.306993921, -0.154508325, -0.211230933, -0.0852439218, 0.69564768, -0.713195984, -0.971679687, 0.100219727, 0.213867188, 0.220270617, 0.711335819, 0.667516156, 0, -0, 0, 0, 0, 0, 0, 0.389834766, -0.133869922, -0.175428369, 0.375850511, 0.0997485469, -0.921202837, -0.168823242, -0.970092773, -0.173950195, -0.911016065, 0.221110485, -0.347831161, 0, 1, 1, 1, 
198.25943, 11, 0.1, 0.1, 0.00482910513, 0.374393975, -0.0349696529, 0.952429916, -4.69469137e-006, 0.304757699, 0.304757699, -1.62518809e-005, -0.952429916, 9.42425035e-006, 1, -1.40480343e-005, 0.952429753, 9.75346416e-006, 0.304758207, 0.304758208, -1.58255692e-005, -0.952429753, -4.46651736e-006, 1, -1.80451912e-005, 0, 0, 0, 0, 0, 0, 0, 0.306270483, -0.154534814, -0.211255225, -0.0863792034, 0.695102131, -0.713608983, -0.971191406, 0.100585937, 0.215698242, 0.221686347, 0.711793001, 0.666469241, 0, -0, 0, 0, 0, 0, 0, 0.389235205, -0.133693799, -0.175890723, 0.373876002, 0.0995502198, -0.922001243, -0.16784668, -0.970458984, -0.172851562, -0.912082793, 0.219493985, -0.346073937, 0, 1, 1, 1, 
198.260149, 11, 0.1, 0.1, 0.00482910986, 0.374393972, -0.0349687419, 0.952430743, 4.75759729e-006, 0.304755115, 0.304755115, 1.88764826e-005, -0.952430743, -1.02839866e-005, 1, 1.65286403e-005, 0.95243058, -1.07364906e-005, 0.304755625, 0.304755625, 1.8375131e-005, -0.952430579, 4.62583739e-006, 1, 2.07730426e-005, 0, 0, 0, 0, 0, 0, 0, 0.306270483, -0.154534814, -0.211255225, -0.0863792034, 0.695102131, -0.713608983, -0.971191406, 0.100585937, 0.215698242, 0.221686347, 0.711793001, 0.666469241, 0, -0, 0, 0, 0, 0, 0, 0.389235205, -0.133693799, -0.175890723, 0.373876002, 0.0995502198, -0.922001243, -0.16784668, -0.970458984, -0.172851562, -0.912082793, 0.219493985, -0.346073937, 0, 1, 1, 1, 
198.260866, 11, 0.1, 0.1, 0.00482910529, 0.374393975, -0.034967901, 0.952431572, -2.89920256e-006, 0.304752523, 0.304752523, -1.72620021e-005, -0.952431572, 8.02193076e-006, 1, -1.55573365e-005, 0.952431405, 1.29472848e-005, 0.304753046, 0.304753047, -1.6637175e-005, -0.952431405, -7.2611709e-006, 1, -1.97914924e-005, 0, 0, 0, 0, 0, 0, 0, 0.306270483, -0.154534814, -0.211255225, -0.0863792034, 0.695102131, -0.713608983, -0.971191406, 0.100585937, 0.215698242, 0.221686347, 0.711793001, 0.666469241, 0, -0, 0, 0, 0, 0, 0, 0.389235205, -0.133693799, -0.175890723, 0.373876002, 0.0995502198, -0.922001243, -0.16784668, -0.970458984, -0.172851562, -0.912082793, 0.219493985, -0.346073937, 0, 1, 1, 1, 
198.261578, 11, 0.1, 0.1, 0.00482910977, 0.374393972, -0.0349673882, 0.952432398, 5.3283316e-006, 0.304749942, 0.304749942, 1.90591727e-005, -0.952432398, -1.08831574e-005, 1, 1.65287648e-005, 0.952432238, -1.01849835e-005, 0.304750443, 0.304750444, 1.8531814e-005, -0.952432237, 4.0529281e-006, 1, 2.07541753e-005, 0, 0, 0, 0, 0, 0, 0, 0.306270483, -0.154534814, -0.211255225, -0.0863792034, 0.695102131, -0.713608983, -0.971191406, 0.100585937, 0.215698242, 0.221686347, 0.711793001, 0.666469241, 0, -0, 0, 0, 0, 0, 0, 0.389235205, -0.133693799, -0.175890723, 0.373876002, 0.0995502198, -0.922001243, -0.16784668, -0.970458984, -0.172851562, -0.912082793, 0.219493985, -0.346073937, 0, 1, 1, 1, 
198.262305, 11, 0.1, 0.1, 0.00482910485, 0.374393975, -0.0349672991, 0.952433244, -2.5959487e-006, 0.304747297, 0.304747297, -1.89134518e-005, -0.952433244, 8.23629114e-006, 1, -1.72226919e-005, 0.952433076, 1.35736862e-005, 0.304747824, 0.304747824, -1.82170568e-005, -0.952433076, -7.37641927e-006, 1, -2.14870788e-005, 0, 0, 0, 0, 0, 0, 0, 0.306270483, -0.154534814, -0.211255225, -0.0863792034, 0.695102131, -0.713608983, -0.971191406, 0.100585937, 0.215698242, 0.221686347, 0.711793001, 0.666469241, 0, -0, 0, 0, 0, 0, 0, 0.389235205, -0.133693799, -0.175890723, 0.373876002, 0.0995502198, -0.922001243, -0.16784668, -0.970458984, -0.172851562, -0.912082793, 0.219493985, -0.346073937, 0, 1, 1, 1, 
198.26305, 11, 0.1, 0.1, 0.00482911003, 0.374393971, -0.0349673298, 0.952434126, 4.40606359e-006, 0.304744541, 0.304744541, 1.97814438e-005, -0.952434126, -1.02247724e-005, 1, 1.74977983e-005, 0.952433957, -1.15912847e-005, 0.304745071, 0.304745071, 1.92537397e-005, -0.952433956, 5.17245088e-006, 1, 2.18703024e-005, 0, 0, 0, 0, 0, 0, 0, 0.306270483, -0.154534814, -0.211255225, -0.0863792034, 0.695102131, -0.713608983, -0.971191406, 0.100585937, 0.215698242, 0.221686347, 0.711793001, 0.666469241, 0, -0, 0, 0, 0, 0, 0, 0.389235205, -0.133693799, -0.175890723, 0.373876002, 0.0995502198, -0.922001243, -0.16784668, -0.970458984, -0.172851562, -0.912082793, 0.219493985, -0.346073937, 0, 1, 1, 1, 
198.263774, 11, 0.1, 0.1, 0.00482910529, 0.374393974, -0.0349675769, 0.952434986, -2.87037174e-006, 0.304741854, 0.304741854, -1.84289305e-005, -0.952434986, 8.34990893e-006, 1, -1.66776358e-005, 0.952434818, 1.29139505e-005, 0.304742379, 0.304742379, -1.76290092e-005, -0.952434818, -6.92738986e-006, 1, -2.07259102e-005, 0, 0, 0, 0, 0, 0, 0, 0.306270483, -0.154534814, -0.211255225, -0.0863792034, 0.695102131, -0.713608983, -0.971191406, 0.100585937, 0.215698242, 0.221686347, 0.711793001, 0.666469241, 0, -0, 0, 0, 0, 0, 0, 0.389235205, -0.133693799, -0.175890723, 0.373876002, 0.0995502198, -0.922001243, -0.16784668, -0.970458984, -0.172851562, -0.912082793, 0.219493985, -0.346073937, 0, 1, 1, 1, 
198.264504, 11, 0.1, 0.1, 0.00482911076, 0.374393971, -0.0349679479, 0.952435858, 2.21080666e-006, 0.304739128, 0.304739128, 1.86247167e-005, -0.952435858, -7.78133146e-006, 1, 1.70651288e-005, 0.952435691, -1.31343595e-005, 0.30473965, 0.30473965, 1.81316175e-005, -0.952435691, 6.98421e-006, 1, 2.12717597e-005, 0, 0, 0, 0, 0, 0, 0, 0.305869897, -0.154999609, -0.211280249, -0.0855913976, 0.694740428, -0.714066165, -0.970825195, 0.102661133, 0.216186523, 0.223539042, 0.711850289, 0.665923692, 0, -0, 0, 0, 0, 0, 0, 0.388763818, -0.133460547, -0.175893896, 0.373511798, 0.0996588616, -0.922160924, -0.16796875, -0.970458984, -0.172973633, -0.912121073, 0.219628146, -0.345722492, 0, 1, 1, 1, 
198.265205, 11, 0.1, 0.1, 0.00482910704, 0.374393974, -0.0349686846, 0.952436694, -3.89384299e-006, 0.304736516, 0.304736516, -1.78062012e-005, -0.952436694, 9.13483866e-006, 1, -1.57726832e-005, 0.95243653, 1.06662673e-005, 0.304737027, 0.304737027, -1.69143579e-005, -0.95243653, -5.00451145e-006, 1, -1.93602589e-005, 0, 0, 0, 0, 0, 0, 0, 0.305869897, -0.154999609, -0.211280249, -0.0855913976, 0.694740428, -0.714066165, -0.970825195, 0.102661133, 0.216186523, 0.223539042, 0.711850289, 0.665923692, 0, -0, 0, 0, 0, 0, 0, 0.388763818, -0.133460547, -0.175893896, 0.373511798, 0.0996588616, -0.922160924, -0.16796875, -0.970458984, -0.172973633, -0.912121073, 0.219628146, -0.345722492, 0, 1, 1, 1, 
198.265906, 11, 0.1, 0.1, 0.00482911184, 0.374393972, -0.0349695926, 0.952437525, 2.47956538e-006, 0.304733917, 0.304733917, 1.58720434e-005, -0.952437525, -7.19838108e-006, 1, 1.43615221e-005, 0.952437362, -1.19480881e-005, 0.304734428, 0.304734428, 1.52923331e-005, -0.952437362, 6.71970508e-006, 1, 1.82059832e-005, 0, 0, 0, 0, 0, 0, 0, 0.305869897, -0.154999609, -0.211280249, -0.0855913976, 0.694740428, -0.714066165, -0.970825195, 0.102661133, 0.216186523, 0.223539042, 0.711850289, 0.665923692, 0, -0, 0, 0, 0, 0, 0, 0.388763818, -0.133460547, -0.175893896, 0.373511798, 0.0996588616, -0.922160924, -0.16796875, -0.970458984, -0.172973633, -0.912121073, 0.219628146, -0.345722492, 0, 1, 1, 1, 
