time, trialNum, realDorsalTactorPos, realVentralTactorPos, boxPosX, boxPosY, boxPosZ, boxLocalRot_11, boxLocalRot_12, boxLocalRot_13, boxLocalRot_21, boxLocalRot_22, boxLocalRot_23, boxLocalRot_31, boxLocalRot_32, boxLocalRot_33, boxGlobalRot_11, boxGlobalRot_12, boxGlobalRot_13, boxGlobalRot_21, boxGlobalRot_22, boxGlobalRot_23, boxGlobalRot_31, boxGlobalRot_32, boxGlobalRot_33, indexForceX, indexForceY, indexForceZ, indexForceGlobalX, indexForceGlobalY, indexForceGlobalZ, indexContact, indexPosX, indexPosY, indexPosZ, indexRot_11, indexRot_12, indexRot_13, indexRot_21, indexRot_22, indexRot_23, indexRot_31, indexRot_32, indexRot_33, thumbForceX, thumbForceY, thumbForceZ, thumbForceGlobalX, thumbForceGlobalY, thumbForceGlobalZ, thumbContact, thumbPosX, thumbPosY, thumbPosZ, thumbRot_11, thumbRot_12, thumbRot_13, thumbRot_21, thumbRot_22, thumbRot_23, thumbRot_31, thumbRot_32, thumbRot_33, manipForceTooHigh, cceExpType, mapping, trialSuccess, 
315.772815, 21, 0.1, 0.1, 0.0148187195, 0.358620848, -0.0349804138, 0.869383062, -0.494138737, -7.02472766e-006, 0.494138736, 0.869383062, -3.68939434e-005, 2.43379058e-005, 2.86037795e-005, 0.999999999, 0.869382959, -0.494138918, -8.94424346e-006, 0.494138918, 0.869382959, -3.74980277e-005, 2.63052077e-005, 2.81804475e-005, 0.999999999, 0, 0, 0, 0, 0, 0, 0, 0.275899585, -0.126701147, -0.205384595, -0.467542931, 0.634880933, -0.614961986, -0.868530273, -0.200927734, 0.452880859, 0.163902862, 0.745925897, 0.645530639, 0, 0, -0, 0, 0, 0, 0, 0.342394873, -0.0713291504, -0.180784863, -0.0241408056, 0.342454411, -0.939210471, 0.171508789, -0.924072266, -0.341308594, -0.984847208, -0.169355145, -0.0363617017, 0, 1, 5, 1, 
315.774953, 21, 0.1, 0.1, 0.0148187102, 0.35862083, -0.0349524264, 0.869385462, -0.494134514, -1.65908262e-005, 0.494134514, 0.869385462, -1.47242705e-005, 2.16995934e-005, 4.60296686e-006, 1, 0.869385307, -0.494134787, 7.69743039e-006, 0.494134787, 0.869385307, -1.08997459e-005, -1.30608925e-006, 1.32796471e-005, 1, 0, 0, 0, 0, 0, 0, 0, 0.276822974, -0.127351953, -0.204448682, -0.462517291, 0.635217548, -0.618471546, -0.871459961, -0.197631836, 0.448730469, 0.162859695, 0.746490542, 0.645221355, 0, 0, -0, 0, 0, 0, 0, 0.342813916, -0.071264209, -0.180391113, -0.0212016476, 0.343253183, -0.939000118, 0.172119141, -0.923828125, -0.341552734, -0.984783776, -0.16878022, -0.0395309031, 0, 1, 5, 1, 
315.775666, 21, 0.1, 0.1, 0.0148187207, 0.358620831, -0.0349576827, 0.869386289, -0.494133059, 3.50300176e-007, 0.494133059, 0.869386289, -2.80122341e-006, 1.07963092e-006, 2.60844012e-006, 1, 0.86938613, -0.494133338, -2.52027748e-005, 0.494133338, 0.869386131, 1.81152516e-007, 2.18214294e-005, -1.26110227e-005, 1, 0, 0, 0, 0, 0, 0, 0, 0.276822974, -0.127351953, -0.204448682, -0.462517291, 0.635217548, -0.618471546, -0.871459961, -0.197631836, 0.448730469, 0.162859695, 0.746490542, 0.645221355, 0, 0, -0, 0, 0, 0, 0, 0.343143359, -0.071487207, -0.180194971, -0.019610667, 0.343067982, -0.938981161, 0.172119141, -0.923950195, -0.341186523, -0.9847393, -0.168185971, -0.0408790805, 0, 1, 5, 1, 
315.776398, 21, 0.1, 0.1, 0.0148187052, 0.358620823, -0.0349660261, 0.869386889, -0.494132002, 4.05122421e-005, 0.494132001, 0.86938689, 3.8895209e-005, -5.44401797e-005, -1.37965895e-005, 0.999999998, 0.869386793, -0.494132171, 4.74819891e-005, 0.49413217, 0.869386794, 3.65810077e-005, -5.93560671e-005, -8.34066667e-006, 0.999999998, 0, 0, 0, 0, 0, 0, 0, 0.276822974, -0.127351953, -0.204448682, -0.462517291, 0.635217548, -0.618471546, -0.871459961, -0.197631836, 0.448730469, 0.162859695, 0.746490542, 0.645221355, 0, 0, -0, 0, 0, 0, 0, 0.343143359, -0.071487207, -0.180194971, -0.019610667, 0.343067982, -0.938981161, 0.172119141, -0.923950195, -0.341186523, -0.9847393, -0.168185971, -0.0408790805, 0, 1, 5, 1, 
315.777101, 21, 0.1, 0.1, 0.0148187055, 0.358620823, -0.0349741564, 0.869387307, -0.494131267, -3.30279083e-005, 0.494131266, 0.869387308, -2.79313368e-005, 4.25157911e-005, 7.96302759e-006, 0.999999999, 0.869387216, -0.494131428, -1.62110471e-005, 0.494131428, 0.869387216, -1.77870358e-005, 2.28828105e-005, 7.45343372e-006, 1, 0, 0, 0, 0, 0, 0, 0, 0.276822974, -0.127351953, -0.204448682, -0.462517291, 0.635217548, -0.618471546, -0.871459961, -0.197631836, 0.448730469, 0.162859695, 0.746490542, 0.645221355, 0, 0, -0, 0, 0, 0, 0, 0.343143359, -0.071487207, -0.180194971, -0.019610667, 0.343067982, -0.938981161, 0.172119141, -0.923950195, -0.341186523, -0.9847393, -0.168185971, -0.0408790805, 0, 1, 5, 1, 
315.777798, 21, 0.1, 0.1, 0.0148187252, 0.358620833, -0.0349802199, 0.869387807, -0.494130386, -5.21744466e-005, 0.494130385, 0.869387809, -2.68941187e-005, 5.8649029e-005, -2.3995605e-006, 0.999999998, 0.869387709, -0.494130558, -5.96927123e-005, 0.494130557, 0.869387711, -2.742773e-005, 6.544899e-005, -5.65066186e-006, 0.999999998, 0, 0, 0, 0, 0, 0, 0, 0.276822974, -0.127351953, -0.204448682, -0.462517291, 0.635217548, -0.618471546, -0.871459961, -0.197631836, 0.448730469, 0.162859695, 0.746490542, 0.645221355, 0, 0, -0, 0, 0, 0, 0, 0.343143359, -0.071487207, -0.180194971, -0.019610667, 0.343067982, -0.938981161, 0.172119141, -0.923950195, -0.341186523, -0.9847393, -0.168185971, -0.0408790805, 0, 1, 5, 1, 
315.778499, 21, 0.1, 0.1, 0.0148187289, 0.358620837, -0.0349828535, 0.869388194, -0.494129707, 1.71008176e-005, 0.494129707, 0.869388195, 1.31625576e-005, -2.13712596e-005, -2.99335019e-006, 1, 0.86938814, -0.494129802, 5.87358341e-006, 0.494129802, 0.86938814, -3.32003663e-007, -4.94237086e-006, 3.19095266e-006, 1, 0, 0, 0, 0, 0, 0, 0, 0.276822974, -0.127351953, -0.204448682, -0.462517291, 0.635217548, -0.618471546, -0.871459961, -0.197631836, 0.448730469, 0.162859695, 0.746490542, 0.645221355, 0, 0, -0, 0, 0, 0, 0, 0.343143359, -0.071487207, -0.180194971, -0.019610667, 0.343067982, -0.938981161, 0.172119141, -0.923950195, -0.341186523, -0.9847393, -0.168185971, -0.0408790805, 0, 1, 5, 1, 
315.7792, 21, 0.1, 0.1, 0.0148187168, 0.35862083, -0.0349814298, 0.869388497, -0.494129173, 3.73796802e-005, 0.494129172, 0.869388498, 1.64539436e-005, -4.06278376e-005, 4.16552118e-006, 0.999999999, 0.869388434, -0.494129283, 4.02123271e-005, 0.494129283, 0.869388435, 2.0612973e-005, -4.51456057e-005, 1.94940807e-006, 0.999999999, 0, 0, 0, 0, 0, 0, 0, 0.276822974, -0.127351953, -0.204448682, -0.462517291, 0.635217548, -0.618471546, -0.871459961, -0.197631836, 0.448730469, 0.162859695, 0.746490542, 0.645221355, 0, 0, -0, 0, 0, 0, 0, 0.343143359, -0.071487207, -0.180194971, -0.019610667, 0.343067982, -0.938981161, 0.172119141, -0.923950195, -0.341186523, -0.9847393, -0.168185971, -0.0408790805, 0, 1, 5, 1, 
315.779929, 21, 0.1, 0.1, 0.0148187169, 0.35862083, -0.0349762644, 0.869388801, -0.494128639, -2.78336488e-005, 0.494128639, 0.869388801, -1.73555013e-005, 3.27741128e-005, 1.33527549e-006, 0.999999999, 0.869388747, -0.494128734, -1.5441688e-005, 0.494128734, 0.869388748, -1.09085321e-005, 1.8815049e-005, 1.85357331e-006, 1, 0, 0, 0, 0, 0, 0, 0, 0.277241748, -0.127140918, -0.204664478, -0.463012665, 0.634976413, -0.618331882, -0.871337891, -0.198608398, 0.448608398, 0.162073011, 0.746528734, 0.645322826, 0, 0, -0, 0, 0, 0, 0, 0.343406396, -0.0717070313, -0.179988574, -0.0189908992, 0.343042462, -0.939038764, 0.172119141, -0.924072266, -0.341064453, -0.984796902, -0.167943168, -0.0414988483, 0, 1, 5, 1, 
315.780627, 21, 0.1, 0.1, 0.0148187279, 0.358620836, -0.0349695683, 0.86938906, -0.494128185, -1.66063169e-005, 0.494128185, 0.86938906, -3.34993244e-006, 1.60926463e-005, -5.2932546e-006, 1, 0.869389017, -0.49412826, -2.66588363e-005, 0.49412826, 0.869389017, -1.57675645e-005, 3.09680987e-005, 5.35262978e-007, 1, 0, 0, 0, 0, 0, 0, 0, 0.277241748, -0.127140918, -0.204664478, -0.463012665, 0.634976413, -0.618331882, -0.871337891, -0.198608398, 0.448608398, 0.162073011, 0.746528734, 0.645322826, 0, 0, -0, 0, 0, 0, 0, 0.343406396, -0.0717070313, -0.179988574, -0.0189908992, 0.343042462, -0.939038764, 0.172119141, -0.924072266, -0.341064453, -0.984796902, -0.167943168, -0.0414988483, 0, 1, 5, 1, 
315.78133, 21, 0.1, 0.1, 0.0148187232, 0.358620833, -0.0349632714, 0.869389324, -0.49412772, 1.14208107e-005, 0.49412772, 0.869389324, 1.23881699e-005, -1.6050469e-005, -5.12680349e-006, 1, 0.869389278, -0.4941278, 1.7816872e-005, 0.4941278, 0.869389278, 1.64681592e-005, -2.36271728e-005, -5.51342927e-006, 1, 0, 0, 0, 0, 0, 0, 0, 0.277241748, -0.127140918, -0.204664478, -0.463012665, 0.634976413, -0.618331882, -0.871337891, -0.198608398, 0.448608398, 0.162073011, 0.746528734, 0.645322826, 0, 0, -0, 0, 0, 0, 0, 0.343406396, -0.0717070313, -0.179988574, -0.0189908992, 0.343042462, -0.939038764, 0.172119141, -0.924072266, -0.341064453, -0.984796902, -0.167943168, -0.0414988483, 0, 1, 5, 1, 
315.782036, 21, 0.1, 0.1, 0.0148187306, 0.358620837, -0.0349591996, 0.869389581, -0.494127267, -2.61565657e-005, 0.494127267, 0.869389581, -1.76180567e-005, 3.14458079e-005, 2.3922826e-006, 1, 0.869389528, -0.494127359, -3.32951057e-005, 0.494127359, 0.869389529, -1.33319881e-005, 3.55341163e-005, -4.86133182e-006, 0.999999999, 0, 0, 0, 0, 0, 0, 0, 0.277241748, -0.127140918, -0.204664478, -0.463012665, 0.634976413, -0.618331882, -0.871337891, -0.198608398, 0.448608398, 0.162073011, 0.746528734, 0.645322826, 0, 0, -0, 0, 0, 0, 0, 0.343406396, -0.0717070313, -0.179988574, -0.0189908992, 0.343042462, -0.939038764, 0.172119141, -0.924072266, -0.341064453, -0.984796902, -0.167943168, -0.0414988483, 0, 1, 5, 1, 
315.782731, 21, 0.1, 0.1, 0.0148187253, 0.358620834, -0.0349584813, 0.869389823, -0.49412684, 4.31301863e-005, 0.49412684, 0.869389824, 2.18104891e-005, -4.82740931e-005, 2.34996539e-006, 0.999999999, 0.86938977, -0.494126933, 3.65073896e-005, 0.494126933, 0.869389771, 1.81434939e-005, -4.07043401e-005, 2.26551646e-006, 0.999999999, 0, 0, 0, 0, 0, 0, 0, 0.277241748, -0.127140918, -0.204664478, -0.463012665, 0.634976413, -0.618331882, -0.871337891, -0.198608398, 0.448608398, 0.162073011, 0.746528734, 0.645322826, 0, 0, -0, 0, 0, 0, 0, 0.343406396, -0.0717070313, -0.179988574, -0.0189908992, 0.343042462, -0.939038764, 0.172119141, -0.924072266, -0.341064453, -0.984796902, -0.167943168, -0.0414988483, 0, 1, 5, 1, 
315.783428, 21, 0.1, 0.1, 0.0148187199, 0.35862083, -0.0349611652, 0.869390063, -0.494126419, -1.49448777e-005, 0.494126419, 0.869390063, -4.30500482e-006, 1.51201448e-005, -3.64193052e-006, 1, 0.869390006, -0.49412652, 1.27572645e-006, 0.49412652, 0.869390006, -2.69794507e-006, 2.24022382e-007, 2.97593675e-006, 1, 0, 0, 0, 0, 0, 0, 0, 0.277241748, -0.127140918, -0.204664478, -0.463012665, 0.634976413, -0.618331882, -0.871337891, -0.198608398, 0.448608398, 0.162073011, 0.746528734, 0.645322826, 0, 0, -0, 0, 0, 0, 0, 0.343406396, -0.0717070313, -0.179988574, -0.0189908992, 0.343042462, -0.939038764, 0.172119141, -0.924072266, -0.341064453, -0.984796902, -0.167943168, -0.0414988483, 0, 1, 5, 1, 
315.784128, 21, 0.1, 0.1, 0.0148187235, 0.358620832, -0.0349662009, 0.869390295, -0.494126011, 1.07339046e-005, 0.494126011, 0.869390295, 9.92231095e-006, -1.42348244e-005, -3.32245938e-006, 1, 0.869390248, -0.494126094, -5.13463041e-006, 0.494126094, 0.869390248, 1.06000113e-006, 3.94022339e-006, -3.45870951e-006, 1, 0, 0, 0, 0, 0, 0, 0, 0.277241748, -0.127140918, -0.204664478, -0.463012665, 0.634976413, -0.618331882, -0.871337891, -0.198608398, 0.448608398, 0.162073011, 0.746528734, 0.645322826, 0, 0, -0, 0, 0, 0, 0, 0.343406396, -0.0717070313, -0.179988574, -0.0189908992, 0.343042462, -0.939038764, 0.172119141, -0.924072266, -0.341064453, -0.984796902, -0.167943168, -0.0414988483, 0, 1, 5, 1, 
315.784854, 21, 0.1, 0.1, 0.0148187159, 0.358620828, -0.0349718308, 0.869390539, -0.494125582, 1.08431029e-005, 0.494125582, 0.869390539, 3.39895077e-006, -1.11063996e-005, 2.40283887e-006, 1, 0.869390501, -0.494125649, 1.86643542e-005, 0.494125649, 0.869390501, 1.36358325e-005, -2.29644268e-005, -2.63232715e-006, 1, 0, 0, 0, 0, 0, 0, 0, 0.277182788, -0.126901318, -0.205042603, -0.46415506, 0.635344107, -0.617055815, -0.870727539, -0.200073242, 0.448974609, 0.161883172, 0.745728945, 0.646356636, 0, 0, -0, 0, 0, 0, 0, 0.343384912, -0.0716494141, -0.180190332, -0.0193806236, 0.344262675, -0.938649039, 0.173095703, -0.923461914, -0.342285156, -0.984592378, -0.169042346, -0.041703372, 0, 1, 5, 1, 
315.785556, 21, 0.1, 0.1, 0.0148187213, 0.358620832, -0.0349761435, 0.869390771, -0.494125173, -1.57631776e-005, 0.494125173, 0.869390771, -1.15454317e-005, 1.94092496e-005, 2.24850892e-006, 1, 0.86939073, -0.494125246, -1.91286415e-005, 0.494125246, 0.86939073, -1.34876135e-005, 2.32948339e-005, 2.27406147e-006, 1, 0, 0, 0, 0, 0, 0, 0, 0.277182788, -0.126901318, -0.205042603, -0.46415506, 0.635344107, -0.617055815, -0.870727539, -0.200073242, 0.448974609, 0.161883172, 0.745728945, 0.646356636, 0, 0, -0, 0, 0, 0, 0, 0.343384912, -0.0716494141, -0.180190332, -0.0193806236, 0.344262675, -0.938649039, 0.173095703, -0.923461914, -0.342285156, -0.984592378, -0.169042346, -0.041703372, 0, 1, 5, 1, 
315.786257, 21, 0.1, 0.1, 0.0148187203, 0.358620832, -0.0349782098, 0.869390987, -0.494124793, 8.73648471e-006, 0.494124793, 0.869390987, 6.46789166e-006, -1.07913667e-005, -1.30621302e-006, 1, 0.869390945, -0.494124867, 1.14205235e-005, 0.494124867, 0.869390945, 3.73296769e-006, -1.17734519e-005, 2.39775636e-006, 1, 0, 0, 0, 0, 0, 0, 0, 0.277182788, -0.126901318, -0.205042603, -0.46415506, 0.635344107, -0.617055815, -0.870727539, -0.200073242, 0.448974609, 0.161883172, 0.745728945, 0.646356636, 0, 0, -0, 0, 0, 0, 0, 0.343384912, -0.0716494141, -0.180190332, -0.0193806236, 0.344262675, -0.938649039, 0.173095703, -0.923461914, -0.342285156, -0.984592378, -0.169042346, -0.041703372, 0, 1, 5, 1, 
315.786961, 21, 0.1, 0.1, 0.0148187213, 0.358620833, -0.0349775477, 0.869391176, -0.49412446, -3.43863495e-006, 0.49412446, 0.869391176, -1.32802983e-006, 3.64573091e-006, -5.44536225e-007, 1, 0.869391136, -0.494124531, -7.05844155e-006, 0.494124531, 0.869391136, -3.09146286e-006, 7.66411415e-006, -8.00058708e-007, 1, 0, 0, 0, 0, 0, 0, 0, 0.277182788, -0.126901318, -0.205042603, -0.46415506, 0.635344107, -0.617055815, -0.870727539, -0.200073242, 0.448974609, 0.161883172, 0.745728945, 0.646356636, 0, 0, -0, 0, 0, 0, 0, 0.343384912, -0.0716494141, -0.180190332, -0.0193806236, 0.344262675, -0.938649039, 0.173095703, -0.923461914, -0.342285156, -0.984592378, -0.169042346, -0.041703372, 0, 1, 5, 1, 
315.787658, 21, 0.1, 0.1, 0.0148187208, 0.358620833, -0.0349745381, 0.869391351, -0.494124153, -1.0058378e-005, 0.494124153, 0.869391351, -9.46629301e-007, 9.21241927e-006, -4.1470962e-006, 1, 0.869391318, -0.494124211, 6.07032846e-007, 0.494124211, 0.869391318, 3.02037738e-007, -6.76993245e-007, 3.73606385e-008, 1, 0, 0, 0, 0, 0, 0, 0, 0.277182788, -0.126901318, -0.205042603, -0.46415506, 0.635344107, -0.617055815, -0.870727539, -0.200073242, 0.448974609, 0.161883172, 0.745728945, 0.646356636, 0, 0, -0, 0, 0, 0, 0, 0.343384912, -0.0716494141, -0.180190332, -0.0193806236, 0.344262675, -0.938649039, 0.173095703, -0.923461914, -0.342285156, -0.984592378, -0.169042346, -0.041703372, 0, 1, 5, 1, 
315.788359, 21, 0.1, 0.1, 0.0148187226, 0.358620834, -0.0349702348, 0.869391472, -0.494123941, 5.50577308e-006, 0.494123941, 0.869391472, 6.39130123e-006, -7.94476711e-006, -2.83600849e-006, 1, 0.86939145, -0.494123979, 9.04944709e-007, 0.494123979, 0.86939145, 4.30816057e-006, -2.91551664e-006, -3.29832309e-006, 1, 0, 0, 0, 0, 0, 0, 0, 0.277182788, -0.126901318, -0.205042603, -0.46415506, 0.635344107, -0.617055815, -0.870727539, -0.200073242, 0.448974609, 0.161883172, 0.745728945, 0.646356636, 0, 0, -0, 0, 0, 0, 0, 0.343384912, -0.0716494141, -0.180190332, -0.0193806236, 0.344262675, -0.938649039, 0.173095703, -0.923461914, -0.342285156, -0.984592378, -0.169042346, -0.041703372, 0, 1, 5, 1, 
315.789059, 21, 0.1, 0.1, 0.0148187248, 0.358620836, -0.0349659905, 0.869391598, -0.494123719, -1.16162216e-005, 0.494123719, 0.869391598, -1.05148107e-005, 1.52946628e-005, 3.40163745e-006, 1, 0.869391576, -0.494123758, -1.56543462e-005, 0.494123758, 0.869391576, -5.91014465e-006, 1.65300996e-005, -2.59695438e-006, 1, 0, 0, 0, 0, 0, 0, 0, 0.277182788, -0.126901318, -0.205042603, -0.46415506, 0.635344107, -0.617055815, -0.870727539, -0.200073242, 0.448974609, 0.161883172, 0.745728945, 0.646356636, 0, 0, -0, 0, 0, 0, 0, 0.343384912, -0.0716494141, -0.180190332, -0.0193806236, 0.344262675, -0.938649039, 0.173095703, -0.923461914, -0.342285156, -0.984592378, -0.169042346, -0.041703372, 0, 1, 5, 1, 
315.789786, 21, 0.1, 0.1, 0.0148187227, 0.358620835, -0.0349626391, 0.869391688, -0.494123561, 6.85982761e-006, 0.494123561, 0.869391688, 1.98297179e-006, -6.94371019e-006, 1.66562325e-006, 1, 0.869391666, -0.494123598, 1.34162522e-005, 0.494123598, 0.869391666, 5.21675008e-006, -1.42416972e-005, 2.09388778e-006, 1, 0, 0, 0, 0, 0, 0, 0, 0.27761438, -0.127089893, -0.205217139, -0.464434387, 0.636073503, -0.616160547, -0.870605469, -0.201049805, 0.448852539, 0.16168023, 0.744871869, 0.647327167, 0, 0, -0, 0, 0, 0, 0, 0.343608154, -0.0715898438, -0.180170557, -0.0193806236, 0.345284927, -0.938246555, 0.173583984, -0.922973633, -0.343261719, -0.984592378, -0.169425874, -0.0420292974, 0, 1, 5, 1, 
315.790486, 21, 0.1, 0.1, 0.0148187253, 0.358620835, -0.0349616085, 0.869391773, -0.49412341, 4.56302015e-006, 0.49412341, 0.869391773, 1.07547586e-005, -9.28123019e-006, -7.0954036e-006, 1, 0.869391764, -0.494123427, -4.35293153e-006, 0.494123427, 0.869391764, -2.63847659e-006, 5.08813591e-006, 1.4298437e-007, 1, 0, 0, 0, 0, 0, 0, 0, 0.27761438, -0.127089893, -0.205217139, -0.464434387, 0.636073503, -0.616160547, -0.870605469, -0.201049805, 0.448852539, 0.16168023, 0.744871869, 0.647327167, 0, 0, -0, 0, 0, 0, 0, 0.343608154, -0.0715898438, -0.180170557, -0.0193806236, 0.345284927, -0.938246555, 0.173583984, -0.922973633, -0.343261719, -0.984592378, -0.169425874, -0.0420292974, 0, 1, 5, 1, 
315.791187, 21, 0.1, 0.1, 0.0148187229, 0.358620837, -0.0349629714, 0.869391874, -0.494123233, -3.02792856e-006, 0.494123233, 0.869391874, -1.90963274e-005, 1.20683955e-005, 1.5106022e-005, 1, 0.869391845, -0.494123285, 3.63752134e-006, 0.494123285, 0.869391844, -1.73796675e-005, 5.42526702e-006, 1.69071252e-005, 1, 0, 0, 0, 0, 0, 0, 0, 0.27761438, -0.127089893, -0.205217139, -0.464434387, 0.636073503, -0.616160547, -0.870605469, -0.201049805, 0.448852539, 0.16168023, 0.744871869, 0.647327167, 0, 0, -0, 0, 0, 0, 0, 0.343608154, -0.0715898438, -0.180170557, -0.0193806236, 0.345284927, -0.938246555, 0.173583984, -0.922973633, -0.343261719, -0.984592378, -0.169425874, -0.0420292974, 0, 1, 5, 1, 
315.791931, 21, 0.1, 0.1, 0.0148187233, 0.358620833, -0.034966115, 0.869392098, -0.494122839, 7.45930069e-006, 0.494122839, 0.869392098, 1.60990106e-005, -1.44399459e-005, -1.03105418e-005, 1, 0.869392044, -0.494122934, 4.6041524e-006, 0.494122934, 0.869392044, 2.17592381e-005, -1.4754552e-005, -1.66422912e-005, 1, 0, 0, 0, 0, 0, 0, 0, 0.277550659, -0.126838086, -0.205581714, -0.465678253, 0.636682331, -0.614624249, -0.869995117, -0.202514648, 0.44934082, 0.161630055, 0.744033888, 0.648443353, 0, 0, -0, 0, 0, 0, 0, 0.343570068, -0.0717769531, -0.180143945, -0.0200131513, 0.346115415, -0.93789511, 0.174316406, -0.922485352, -0.344238281, -0.984413374, -0.170320527, -0.0418696163, 0, 1, 5, 1, 
315.792628, 21, 0.1, 0.1, 0.0148187243, 0.358620835, -0.0349695173, 0.869392385, -0.494122333, -4.67619395e-006, 0.494122333, 0.869392385, -1.11742272e-006, 4.61759094e-006, -1.33913306e-006, 1, 0.869392324, -0.494122441, -9.13400169e-006, 0.494122441, 0.869392324, -4.41671453e-006, 1.01234287e-005, -6.73457501e-007, 1, 0, 0, 0, 0, 0, 0, 0, 0.277550659, -0.126838086, -0.205581714, -0.465678253, 0.636682331, -0.614624249, -0.869995117, -0.202514648, 0.44934082, 0.161630055, 0.744033888, 0.648443353, 0, 0, -0, 0, 0, 0, 0, 0.343570068, -0.0717769531, -0.180143945, -0.0200131513, 0.346115415, -0.93789511, 0.174316406, -0.922485352, -0.344238281, -0.984413374, -0.170320527, -0.0418696163, 0, 1, 5, 1, 
315.793332, 21, 0.1, 0.1, 0.0148187226, 0.358620834, -0.0349726759, 0.869392661, -0.494121848, -3.63545069e-006, 0.494121848, 0.869392661, -3.55980875e-006, 4.91961343e-006, 1.29851599e-006, 1, 0.869392615, -0.494121929, 3.10246455e-006, 0.494121929, 0.869392615, 5.36492871e-006, -5.3481887e-006, -3.13123363e-006, 1, 0, 0, 0, 0, 0, 0, 0, 0.277550659, -0.126838086, -0.205581714, -0.465678253, 0.636682331, -0.614624249, -0.869995117, -0.202514648, 0.44934082, 0.161630055, 0.744033888, 0.648443353, 0, 0, -0, 0, 0, 0, 0, 0.343570068, -0.0717769531, -0.180143945, -0.0200131513, 0.346115415, -0.93789511, 0.174316406, -0.922485352, -0.344238281, -0.984413374, -0.170320527, -0.0418696163, 0, 1, 5, 1, 
315.794032, 21, 0.1, 0.1, 0.0148187238, 0.358620835, -0.0349746651, 0.869392907, -0.494121415, 7.11334748e-006, 0.494121415, 0.869392907, 4.07926135e-006, -8.19994423e-006, -3.16235658e-008, 1, 0.86939286, -0.494121498, 3.50135963e-006, 0.494121498, 0.86939286, 1.79042599e-006, -3.92874503e-006, 1.73513489e-007, 1, 0, 0, 0, 0, 0, 0, 0, 0.277550659, -0.126838086, -0.205581714, -0.465678253, 0.636682331, -0.614624249, -0.869995117, -0.202514648, 0.44934082, 0.161630055, 0.744033888, 0.648443353, 0, 0, -0, 0, 0, 0, 0, 0.343570068, -0.0717769531, -0.180143945, -0.0200131513, 0.346115415, -0.93789511, 0.174316406, -0.922485352, -0.344238281, -0.984413374, -0.170320527, -0.0418696163, 0, 1, 5, 1, 
315.794729, 21, 0.1, 0.1, 0.0148187247, 0.358620836, -0.0349750079, 0.869393145, -0.494120996, -7.59630612e-006, 0.494120996, 0.869393145, -7.16015047e-006, 1.01421572e-005, 2.47149139e-006, 1, 0.869393102, -0.494121073, -9.95956297e-006, 0.494121073, 0.869393102, -3.99530194e-006, 1.06329382e-005, -1.44774199e-006, 1, 0, 0, 0, 0, 0, 0, 0, 0.277550659, -0.126838086, -0.205581714, -0.465678253, 0.636682331, -0.614624249, -0.869995117, -0.202514648, 0.44934082, 0.161630055, 0.744033888, 0.648443353, 0, 0, -0, 0, 0, 0, 0, 0.343570068, -0.0717769531, -0.180143945, -0.0200131513, 0.346115415, -0.93789511, 0.174316406, -0.922485352, -0.344238281, -0.984413374, -0.170320527, -0.0418696163, 0, 1, 5, 1, 
315.795429, 21, 0.1, 0.1, 0.0148187238, 0.358620836, -0.0349737051, 0.869393342, -0.49412065, 2.68703745e-006, 0.49412065, 0.869393342, 1.7532995e-006, -3.20243396e-006, -1.96586225e-007, 1, 0.869393302, -0.494120721, 7.58166068e-006, 0.494120721, 0.869393302, 3.78739539e-006, -8.46287555e-006, 4.53519465e-007, 1, 0, 0, 0, 0, 0, 0, 0, 0.277550659, -0.126838086, -0.205581714, -0.465678253, 0.636682331, -0.614624249, -0.869995117, -0.202514648, 0.44934082, 0.161630055, 0.744033888, 0.648443353, 0, 0, -0, 0, 0, 0, 0, 0.343570068, -0.0717769531, -0.180143945, -0.0200131513, 0.346115415, -0.93789511, 0.174316406, -0.922485352, -0.344238281, -0.984413374, -0.170320527, -0.0418696163, 0, 1, 5, 1, 
315.796128, 21, 0.1, 0.1, 0.0148187254, 0.358620837, -0.0349712687, 0.869393541, -0.4941203, 6.49150475e-006, 0.4941203, 0.869393541, 1.52970251e-006, -6.39952937e-006, 1.87767079e-006, 1, 0.869393498, -0.494120375, -5.13225037e-006, 0.494120375, 0.869393498, 2.96707589e-007, 4.31533584e-006, -2.79390513e-006, 1, 0, 0, 0, 0, 0, 0, 0, 0.277550659, -0.126838086, -0.205581714, -0.465678253, 0.636682331, -0.614624249, -0.869995117, -0.202514648, 0.44934082, 0.161630055, 0.744033888, 0.648443353, 0, 0, -0, 0, 0, 0, 0, 0.343570068, -0.0717769531, -0.180143945, -0.0200131513, 0.346115415, -0.93789511, 0.174316406, -0.922485352, -0.344238281, -0.984413374, -0.170320527, -0.0418696163, 0, 1, 5, 1, 
315.796856, 21, 0.1, 0.1, 0.0148187253, 0.358620837, -0.0349681029, 0.869393712, -0.494119998, -1.05701601e-005, 0.494119998, 0.869393712, -6.44403552e-006, 1.23737575e-005, 3.79476486e-007, 1, 0.869393683, -0.494120051, -5.92176104e-006, 0.494120051, 0.869393683, -3.96475529e-006, 7.10740672e-006, 5.20872333e-007, 1, 0, 0, 0, 0, 0, 0, 0, 0.277277246, -0.126820386, -0.205963867, -0.466661888, 0.637069121, -0.61340547, -0.869506836, -0.203613281, 0.449829102, 0.161662255, 0.743354667, 0.649115461, 0, 0, -0, 0, 0, 0, 0, 0.343555176, -0.0717605957, -0.180358887, -0.0202687143, 0.346543419, -0.937773708, 0.174804688, -0.922241211, -0.344604492, -0.984317492, -0.170889256, -0.0418568565, 0, 1, 5, 1, 
315.797557, 21, 0.1, 0.1, 0.0148187247, 0.358620835, -0.0349655228, 0.869393876, -0.494119711, 9.44012984e-006, 0.494119711, 0.869393876, 1.05472474e-005, -1.34187939e-005, -4.5051581e-006, 1, 0.869393847, -0.494119762, 1.28475209e-005, 0.494119762, 0.869393847, 5.8924383e-006, -1.40811258e-005, 1.22536438e-006, 1, 0, 0, 0, 0, 0, 0, 0, 0.277277246, -0.126820386, -0.205963867, -0.466661888, 0.637069121, -0.61340547, -0.869506836, -0.203613281, 0.449829102, 0.161662255, 0.743354667, 0.649115461, 0, 0, -0, 0, 0, 0, 0, 0.343555176, -0.0717605957, -0.180358887, -0.0202687143, 0.346543419, -0.937773708, 0.174804688, -0.922241211, -0.344604492, -0.984317492, -0.170889256, -0.0418568565, 0, 1, 5, 1, 
315.798256, 21, 0.1, 0.1, 0.0148187268, 0.358620837, -0.0349643042, 0.869393999, -0.494119493, -5.60117099e-006, 0.494119493, 0.869393999, -9.27951398e-007, 5.32814333e-006, -1.9608924e-006, 1, 0.869393972, -0.494119542, -1.20058273e-005, 0.494119542, 0.869393972, -3.81027602e-006, 1.23205257e-005, -2.61968288e-006, 1, 0, 0, 0, 0, 0, 0, 0, 0.277277246, -0.126820386, -0.205963867, -0.466661888, 0.637069121, -0.61340547, -0.869506836, -0.203613281, 0.449829102, 0.161662255, 0.743354667, 0.649115461, 0, 0, -0, 0, 0, 0, 0, 0.343555176, -0.0717605957, -0.180358887, -0.0202687143, 0.346543419, -0.937773708, 0.174804688, -0.922241211, -0.344604492, -0.984317492, -0.170889256, -0.0418568565, 0, 1, 5, 1, 
315.798956, 21, 0.1, 0.1, 0.0148187245, 0.358620836, -0.0349647068, 0.869394124, -0.494119274, -8.10299718e-006, 0.494119274, 0.869394124, 1.1910421e-006, 6.45618128e-006, -5.03933209e-006, 1, 0.8693941, -0.494119316, 6.25380834e-006, 0.494119316, 0.8693941, 2.85313493e-006, -6.84681315e-006, 6.09628816e-007, 1, 0, 0, 0, 0, 0, 0, 0, 0.277277246, -0.126820386, -0.205963867, -0.466661888, 0.637069121, -0.61340547, -0.869506836, -0.203613281, 0.449829102, 0.161662255, 0.743354667, 0.649115461, 0, 0, -0, 0, 0, 0, 0, 0.343555176, -0.0717605957, -0.180358887, -0.0202687143, 0.346543419, -0.937773708, 0.174804688, -0.922241211, -0.344604492, -0.984317492, -0.170889256, -0.0418568565, 0, 1, 5, 1, 
315.799653, 21, 0.1, 0.1, 0.0148187256, 0.358620837, -0.0349665106, 0.869394189, -0.494119159, 9.71028029e-006, 0.494119159, 0.869394189, 8.16783889e-006, -1.24779469e-005, -2.30303614e-006, 1, 0.869394179, -0.494119178, 4.37538738e-006, 0.494119178, 0.869394179, 5.67229971e-006, -6.60672839e-006, -2.76950153e-006, 1, 0, 0, 0, 0, 0, 0, 0, 0.277277246, -0.126820386, -0.205963867, -0.466661888, 0.637069121, -0.61340547, -0.869506836, -0.203613281, 0.449829102, 0.161662255, 0.743354667, 0.649115461, 0, 0, -0, 0, 0, 0, 0, 0.343555176, -0.0717605957, -0.180358887, -0.0202687143, 0.346543419, -0.937773708, 0.174804688, -0.922241211, -0.344604492, -0.984317492, -0.170889256, -0.0418568565, 0, 1, 5, 1, 
315.800349, 21, 0.1, 0.1, 0.014818726, 0.358620838, -0.034969104, 0.869394266, -0.494119024, -7.80810681e-006, 0.494119024, 0.869394266, -9.46696262e-006, 1.14661296e-005, 4.37238891e-006, 1, 0.869394254, -0.494119046, -1.07275609e-005, 0.494119046, 0.869394254, -4.76813229e-006, 1.16825048e-005, -1.15530534e-006, 1, 0, 0, 0, 0, 0, 0, 0, 0.277277246, -0.126820386, -0.205963867, -0.466661888, 0.637069121, -0.61340547, -0.869506836, -0.203613281, 0.449829102, 0.161662255, 0.743354667, 0.649115461, 0, 0, -0, 0, 0, 0, 0, 0.343555176, -0.0717605957, -0.180358887, -0.0202687143, 0.346543419, -0.937773708, 0.174804688, -0.922241211, -0.344604492, -0.984317492, -0.170889256, -0.0418568565, 0, 1, 5, 1, 
315.801049, 21, 0.1, 0.1, 0.0148187243, 0.358620838, -0.0349716652, 0.869394315, -0.494118938, 6.0421926e-006, 0.494118938, 0.869394315, -1.08447769e-006, -4.71718694e-006, 3.92840052e-006, 1, 0.869394302, -0.494118961, 1.08609178e-005, 0.494118961, 0.869394302, 1.45077805e-006, -1.0159277e-005, 4.10528726e-006, 1, 0, 0, 0, 0, 0, 0, 0, 0.277277246, -0.126820386, -0.205963867, -0.466661888, 0.637069121, -0.61340547, -0.869506836, -0.203613281, 0.449829102, 0.161662255, 0.743354667, 0.649115461, 0, 0, -0, 0, 0, 0, 0, 0.343555176, -0.0717605957, -0.180358887, -0.0202687143, 0.346543419, -0.937773708, 0.174804688, -0.922241211, -0.344604492, -0.984317492, -0.170889256, -0.0418568565, 0, 1, 5, 1, 
315.801772, 21, 0.1, 0.1, 0.0148187264, 0.358620839, -0.0349732152, 0.86939437, -0.494118842, 2.44492653e-006, 0.494118842, 0.86939437, 4.03961975e-006, -4.12165759e-006, -2.3039384e-006, 1, 0.869394365, -0.494118851, -3.67064789e-006, 0.494118851, 0.869394365, -5.22799606e-006, 5.774492e-006, 2.73145399e-006, 1, 0, 0, 0, 0, 0, 0, 0, 0.277240015, -0.12635144, -0.206130957, -0.467360206, 0.637557382, -0.612370538, -0.869140625, -0.205200195, 0.449707031, 0.161154898, 0.742535782, 0.650187463, 0, 0, -0, 0, 0, 0, 0, 0.343543701, -0.0712750488, -0.180344238, -0.020549797, 0.347718789, -0.937332945, 0.176879883, -0.921386719, -0.345703125, -0.983978807, -0.172729603, -0.0425469866, 0, 1, 5, 1, 
315.802475, 21, 0.1, 0.1, 0.0148187265, 0.358620839, -0.0349734182, 0.869394421, -0.494118751, -1.10632463e-005, 0.494118751, 0.869394421, -1.7289731e-006, 1.04726426e-005, -3.96339786e-006, 1, 0.869394411, -0.49411877, -7.08351671e-006, 0.49411877, 0.869394411, 2.20065419e-007, 6.04963138e-006, -3.69142221e-006, 1, 0, 0, 0, 0, 0, 0, 0, 0.277240015, -0.12635144, -0.206130957, -0.467360206, 0.637557382, -0.612370538, -0.869140625, -0.205200195, 0.449707031, 0.161154898, 0.742535782, 0.650187463, 0, 0, -0, 0, 0, 0, 0, 0.343543701, -0.0712750488, -0.180344238, -0.020549797, 0.347718789, -0.937332945, 0.176879883, -0.921386719, -0.345703125, -0.983978807, -0.172729603, -0.0425469866, 0, 1, 5, 1, 
315.803175, 21, 0.1, 0.1, 0.0148187256, 0.358620839, -0.0349724438, 0.869394454, -0.494118693, 8.05606228e-006, 0.494118693, 0.869394454, 6.46736604e-006, -1.01995423e-005, -1.6420412e-006, 1, 0.869394451, -0.494118699, 1.11455038e-005, 0.494118699, 0.869394451, 2.0585298e-006, -1.07069972e-005, 3.71752746e-006, 1, 0, 0, 0, 0, 0, 0, 0, 0.277240015, -0.12635144, -0.206130957, -0.467360206, 0.637557382, -0.612370538, -0.869140625, -0.205200195, 0.449707031, 0.161154898, 0.742535782, 0.650187463, 0, 0, -0, 0, 0, 0, 0, 0.343543701, -0.0712750488, -0.180344238, -0.020549797, 0.347718789, -0.937332945, 0.176879883, -0.921386719, -0.345703125, -0.983978807, -0.172729603, -0.0425469866, 0, 1, 5, 1, 
315.803877, 21, 0.1, 0.1, 0.0148187274, 0.35862084, -0.0349706496, 0.86939446, -0.494118683, -4.92368207e-006, 0.494118683, 0.86939446, 9.24194251e-007, 3.82396027e-006, -3.23637266e-006, 1, 0.869394455, -0.494118693, -1.01705045e-005, 0.494118693, 0.869394455, -2.11983927e-006, 9.88963245e-006, -3.1824599e-006, 1, 0, 0, 0, 0, 0, 0, 0, 0.277240015, -0.12635144, -0.206130957, -0.467360206, 0.637557382, -0.612370538, -0.869140625, -0.205200195, 0.449707031, 0.161154898, 0.742535782, 0.650187463, 0, 0, -0, 0, 0, 0, 0, 0.343543701, -0.0712750488, -0.180344238, -0.020549797, 0.347718789, -0.937332945, 0.176879883, -0.921386719, -0.345703125, -0.983978807, -0.172729603, -0.0425469866, 0, 1, 5, 1, 
315.804587, 21, 0.1, 0.1, 0.0148187252, 0.35862084, -0.0349684285, 0.869394475, -0.494118656, -3.19886457e-006, 0.494118656, 0.869394475, -4.99310311e-006, 5.24826058e-006, 2.76035759e-006, 1, 0.869394478, -0.494118651, 4.24676631e-006, 0.494118651, 0.869394478, 5.77610881e-006, -6.54619827e-006, -2.92331067e-006, 1, 0, 0, 0, 0, 0, 0, 0, 0.277240015, -0.12635144, -0.206130957, -0.467360206, 0.637557382, -0.612370538, -0.869140625, -0.205200195, 0.449707031, 0.161154898, 0.742535782, 0.650187463, 0, 0, -0, 0, 0, 0, 0, 0.343515625, -0.0705479492, -0.180541113, -0.0210736828, 0.349124202, -0.936796299, 0.178466797, -0.920532227, -0.347167969, -0.983665642, -0.174423029, -0.0429815537, 0, 1, 5, 1, 
315.805286, 21, 0.1, 0.1, 0.0148187255, 0.35862084, -0.0349667393, 0.869394496, -0.494118619, 1.33197782e-005, 0.494118619, 0.869394496, 3.62693689e-006, -1.33722789e-005, 3.42831145e-006, 1, 0.869394491, -0.494118628, 8.44566181e-006, 0.494118628, 0.869394491, 9.84123427e-007, -7.82888557e-006, 3.31756734e-006, 1, 0, 0, 0, 0, 0, 0, 0, 0.277240015, -0.12635144, -0.206130957, -0.467360206, 0.637557382, -0.612370538, -0.869140625, -0.205200195, 0.449707031, 0.161154898, 0.742535782, 0.650187463, 0, 0, -0, 0, 0, 0, 0, 0.343515625, -0.0705479492, -0.180541113, -0.0210736828, 0.349124202, -0.936796299, 0.178466797, -0.920532227, -0.347167969, -0.983665642, -0.174423029, -0.0429815537, 0, 1, 5, 1, 
315.805986, 21, 0.1, 0.1, 0.0148187264, 0.358620841, -0.0349659614, 0.869394496, -0.494118619, -1.17753672e-005, 0.494118619, 0.869394496, -5.57960745e-006, 1.29944274e-005, -9.67548188e-007, 1, 0.869394494, -0.494118623, -9.36102849e-006, 0.494118623, 0.869394494, -1.06868547e-005, 1.34190006e-005, 4.66563414e-006, 1, 0, 0, 0, 0, 0, 0, 0, 0.277240015, -0.12635144, -0.206130957, -0.467360206, 0.637557382, -0.612370538, -0.869140625, -0.205200195, 0.449707031, 0.161154898, 0.742535782, 0.650187463, 0, 0, -0, 0, 0, 0, 0, 0.343515625, -0.0705479492, -0.180541113, -0.0210736828, 0.349124202, -0.936796299, 0.178466797, -0.920532227, -0.347167969, -0.983665642, -0.174423029, -0.0429815537, 0, 1, 5, 1, 
315.806696, 21, 0.1, 0.1, 0.0148187243, 0.358620841, -0.0349661547, 0.869394518, -0.494118581, 8.64707021e-008, 0.494118581, 0.869394518, 1.1209848e-005, -5.61417132e-006, -9.70305358e-006, 1, 0.869394517, -0.494118582, 1.15726701e-005, 0.494118582, 0.869394518, 4.90261564e-006, -1.24836894e-005, 1.45596416e-006, 1, 0, 0, 0, 0, 0, 0, 0, 0.277223169, -0.125887256, -0.206323804, -0.467633541, 0.637944172, -0.611836972, -0.869262695, -0.206420898, 0.44909668, 0.160209455, 0.741856561, 0.651215282, 0, 0, -0, 0, 0, 0, 0, 0.343515625, -0.0705479492, -0.180541113, -0.0210736828, 0.349124202, -0.936796299, 0.178466797, -0.920532227, -0.347167969, -0.983665642, -0.174423029, -0.0429815537, 0, 1, 5, 1, 
315.807401, 21, 0.1, 0.1, 0.0148187271, 0.358620842, -0.0349672482, 0.869394438, -0.494118721, 1.13434634e-005, 0.494118721, 0.869394438, -9.67304831e-006, -5.0823097e-006, 1.4014712e-005, 1, 0.869394465, -0.494118675, -2.07115162e-006, 0.494118675, 0.869394465, -1.00099448e-005, 6.74674841e-006, 7.67919589e-006, 1, 0, 0, 0, 0, 0, 0, 0, 0.277223169, -0.125887256, -0.206323804, -0.467633541, 0.637944172, -0.611836972, -0.869262695, -0.206420898, 0.44909668, 0.160209455, 0.741856561, 0.651215282, 0, 0, -0, 0, 0, 0, 0, 0.343515625, -0.0705479492, -0.180541113, -0.0210736828, 0.349124202, -0.936796299, 0.178466797, -0.920532227, -0.347167969, -0.983665642, -0.174423029, -0.0429815537, 0, 1, 5, 1, 
315.808116, 21, 0.1, 0.1, 0.0148187268, 0.358620842, -0.034968892, 0.869394261, -0.494119032, -1.49274412e-005, 0.494119032, 0.869394261, -9.57783142e-008, 1.30251576e-005, -7.29266368e-006, 1, 0.869394305, -0.494118956, -1.04611414e-005, 0.494118956, 0.869394305, 3.31942596e-006, 7.45466547e-006, -8.0549383e-006, 1, 0, 0, 0, 0, 0, 0, 0, 0.277223169, -0.125887256, -0.206323804, -0.467633541, 0.637944172, -0.611836972, -0.869262695, -0.206420898, 0.44909668, 0.160209455, 0.741856561, 0.651215282, 0, 0, -0, 0, 0, 0, 0, 0.343515625, -0.0705479492, -0.180541113, -0.0210736828, 0.349124202, -0.936796299, 0.178466797, -0.920532227, -0.347167969, -0.983665642, -0.174423029, -0.0429815537, 0, 1, 5, 1, 
315.80885, 21, 0.1, 0.1, 0.0148187246, 0.358620845, -0.034970302, 0.869393998, -0.494119495, 1.33692193e-005, 0.494119495, 0.869393998, -1.26229812e-006, -1.09993929e-005, 7.70342631e-006, 1, 0.86939406, -0.494119387, 1.67232593e-005, 0.494119387, 0.86939406, -7.21821386e-006, -1.09724429e-005, 1.45387589e-005, 1, 0, 0, 0, 0, 0, 0, 0, 0.27702373, -0.12589812, -0.206126318, -0.467126184, 0.637722133, -0.612338338, -0.869628906, -0.206542969, 0.448364258, 0.159511138, 0.742015321, 0.651171098, 0, 0, -0, 0, 0, 0, 0, 0.343515625, -0.0705479492, -0.180541113, -0.020965041, 0.349916411, -0.936502456, 0.179077148, -0.920166016, -0.347900391, -0.98353148, -0.174953478, -0.0434416405, 0, 1, 5, 1, 
315.809547, 21, 0.1, 0.1, 0.0148187267, 0.358620845, -0.0349710666, 0.869393685, -0.494120047, 1.61425518e-007, 0.494120047, 0.869393685, -7.03963977e-006, 3.3380848e-006, 6.19998194e-006, 1, 0.86939375, -0.494119933, -9.95844794e-006, 0.494119933, 0.86939375, -1.26613868e-006, 9.28343676e-006, -3.81989457e-006, 1, 0, 0, 0, 0, 0, 0, 0, 0.27702373, -0.12589812, -0.206126318, -0.467126184, 0.637722133, -0.612338338, -0.869628906, -0.206542969, 0.448364258, 0.159511138, 0.742015321, 0.651171098, 0, 0, -0, 0, 0, 0, 0, 0.343525635, -0.0702834473, -0.180531348, -0.020965041, 0.349916411, -0.936502456, 0.179077148, -0.920166016, -0.347900391, -0.98353148, -0.174953478, -0.0434416405, 0, 1, 5, 1, 
315.810248, 21, 0.1, 0.1, 0.0148187246, 0.358620844, -0.0349713152, 0.869393315, -0.494120697, -9.49110319e-006, 0.494120697, 0.869393315, 9.01478459e-006, 3.79711002e-006, -1.2527144e-005, 1, 0.869393394, -0.494120559, 2.03670403e-006, 0.494120559, 0.869393394, 9.7674767e-006, -6.59700807e-006, -7.48540239e-006, 1, 0, 0, 0, 0, 0, 0, 0, 0.27702373, -0.12589812, -0.206126318, -0.467126184, 0.637722133, -0.612338338, -0.869628906, -0.206542969, 0.448364258, 0.159511138, 0.742015321, 0.651171098, 0, 0, -0, 0, 0, 0, 0, 0.343525635, -0.0702834473, -0.180531348, -0.020965041, 0.349916411, -0.936502456, 0.179077148, -0.920166016, -0.347900391, -0.98353148, -0.174953478, -0.0434416405, 0, 1, 5, 1, 
315.810949, 21, 0.1, 0.1, 0.0148187248, 0.358620844, -0.0349709758, 0.869392901, -0.494121427, 1.43243133e-005, 0.494121427, 0.869392901, -1.29492855e-006, -1.18136044e-005, 8.20375183e-006, 1, 0.869392988, -0.494121273, 1.03780823e-005, 0.494121273, 0.869392988, -4.2460834e-006, -6.92455186e-006, 8.81954638e-006, 1, 0, 0, 0, 0, 0, 0, 0, 0.27702373, -0.12589812, -0.206126318, -0.467126184, 0.637722133, -0.612338338, -0.869628906, -0.206542969, 0.448364258, 0.159511138, 0.742015321, 0.651171098, 0, 0, -0, 0, 0, 0, 0, 0.343525635, -0.0702834473, -0.180531348, -0.020965041, 0.349916411, -0.936502456, 0.179077148, -0.920166016, -0.347900391, -0.98353148, -0.174953478, -0.0434416405, 0, 1, 5, 1, 
315.811647, 21, 0.1, 0.1, 0.0148187269, 0.358620843, -0.0349702303, 0.86939245, -0.49412222, -1.25105644e-005, 0.49412222, 0.86939245, -8.51608032e-007, 1.12973887e-005, -5.44136627e-006, 1, 0.869392542, -0.494122057, -1.57338195e-005, 0.494122058, 0.869392542, 4.61890131e-006, 1.13965643e-005, -1.17900656e-005, 1, 0, 0, 0, 0, 0, 0, 0, 0.27702373, -0.12589812, -0.206126318, -0.467126184, 0.637722133, -0.612338338, -0.869628906, -0.206542969, 0.448364258, 0.159511138, 0.742015321, 0.651171098, 0, 0, -0, 0, 0, 0, 0, 0.343525635, -0.0702834473, -0.180531348, -0.020965041, 0.349916411, -0.936502456, 0.179077148, -0.920166016, -0.347900391, -0.98353148, -0.174953478, -0.0434416405, 0, 1, 5, 1, 
315.81235, 21, 0.1, 0.1, 0.0148187247, 0.358620844, -0.0349692899, 0.869391956, -0.49412309, -7.16400242e-008, 0.49412309, 0.869391956, 6.76236203e-006, -3.27915596e-006, -5.91454214e-006, 1, 0.869392054, -0.494122915, 1.09098694e-005, 0.494122915, 0.869392055, 2.11109546e-007, -9.5892678e-006, 5.20727949e-006, 1, 0, 0, 0, 0, 0, 0, 0, 0.27702373, -0.12589812, -0.206126318, -0.467126184, 0.637722133, -0.612338338, -0.869628906, -0.206542969, 0.448364258, 0.159511138, 0.742015321, 0.651171098, 0, 0, -0, 0, 0, 0, 0, 0.343525635, -0.0702834473, -0.180531348, -0.020965041, 0.349916411, -0.936502456, 0.179077148, -0.920166016, -0.347900391, -0.98353148, -0.174953478, -0.0434416405, 0, 1, 5, 1, 
